{"sensorType":"Leap","data":[[0,{"currentFrameRate":53.4904,"devices":[],"gestures":[],"hands":[{"armBasis":[[0.941048,-0.29985,-0.156581],[0.288696,0.95316,-0.0902309],[0.176303,0.0397074,0.983535]],"armWidth":62.1429,"confidence":0.663865,"direction":[0.117863,0.453592,-0.883381],"elbow":[94.1291,291.229,315.207],"grabStrength":0,"id":990,"palmNormal":[-0.267786,-0.842109,-0.468128],"palmPosition":[45.6757,303.282,7.89605],"palmVelocity":[-77.7844,13.0568,175.097],"palmWidth":88.738,"pinchStrength":0.455421,"r":[[0.961621,0.0930314,0.258127],[-0.0901389,0.995663,-0.0230445],[-0.259151,-0.00110713,0.965836]],"s":1.10649,"sphereCenter":[45.5533,266.092,-30.0174],"sphereRadius":49.394,"stabilizedPalmPosition":[51.1998,302.119,-4.24736],"t":[59.3122,-38.6586,-46.7889],"timeVisible":3.47437,"type":"right","wrist":[47.7056,280.773,56.2252]}],"id":4975109,"interactionBox":{"center":[0,200,0],"size":[235.247,235.247,147.751]},"pointables":[{"bases":[[[0.647303,0.724323,0.237392],[-0.695818,0.434366,0.571982],[0.311185,-0.535427,0.785164]],[[0.574381,0.814662,0.0800774],[-0.757032,0.491424,0.430587],[0.311431,-0.307942,0.89899]],[[0.574381,0.814662,0.0800774],[-0.81856,0.572426,0.0478415],[-0.00686373,-0.0930273,0.99564]],[[0.574381,0.814662,0.0800774],[-0.776852,0.573319,-0.260396],[-0.258045,0.0873581,0.962175]]],"btipPosition":[8.86261,294.591,-43.9724],"carpPosition":[17.9058,278.501,54.8601],"dipPosition":[2.97291,296.585,-22.0114],"direction":[0.00686373,0.0930273,-0.99564],"extended":false,"handId":990,"id":9900,"length":50.8265,"mcpPosition":[17.9058,278.501,54.8601],"pipPosition":[2.74468,293.492,11.0954],"stabilizedTipPosition":[11.7852,294.89,-50.2474],"timeVisible":3.47437,"tipPosition":[7.55332,295.006,-38.9198],"tipVelocity":[-73.1386,-5.93118,170.846],"tool":false,"touchDistance":-0.0383452,"touchZone":"touching","type":0,"width":19.7488},{"bases":[[[0.962456,-0.211432,-0.170218],[0.258242,0.906389,0.334321],[0.0835979,-0.365727,0.92696]],[[0.966025,-0.245965,-0.0793514],[0.253671,0.961131,0.108986],[0.0494605,-0.125412,0.990871]],[[0.966025,-0.245965,-0.0793514],[0.236796,0.965362,-0.109562],[0.103551,0.0870496,0.990808]],[[0.966025,-0.245965,-0.0793514],[0.216902,0.938525,-0.26856],[0.14053,0.242224,0.959989]]],"btipPosition":[18.9109,322.405,-92.9827],"carpPosition":[31.7638,296.998,54.3937],"dipPosition":[21.2525,326.441,-76.9866],"direction":[-0.103551,-0.0870496,-0.990807],"extended":true,"handId":990,"id":9901,"length":57.352,"mcpPosition":[25.7658,323.238,-12.1145],"pipPosition":[23.6934,328.493,-53.6311],"stabilizedTipPosition":[22.9765,322.321,-100.327],"timeVisible":3.47437,"tipPosition":[19.5829,323.923,-89.3398],"tipVelocity":[-72.6639,-11.7168,168.438],"tool":false,"touchDistance":-0.0616879,"touchZone":"touching","type":1,"width":18.8641},{"bases":[[[0.906682,-0.410297,-0.0979004],[0.419012,0.849345,0.321001],[-0.0485544,-0.332067,0.942005]],[[0.905756,-0.415726,-0.0823275],[0.209599,0.608266,-0.765559],[0.36834,0.676154,0.638076]],[[0.905756,-0.415726,-0.0823275],[-0.261913,-0.396383,-0.879933],[0.333178,0.818567,-0.467911]],[[0.905756,-0.415726,-0.0823275],[-0.401174,-0.77844,-0.482795],[0.136623,0.470322,-0.871855]]],"btipPosition":[17.8231,255.691,-12.7407],"carpPosition":[43.5779,296.201,52.3941],"dipPosition":[20.327,264.31,-28.7191],"direction":[-0.333178,-0.818567,0.467911],"extended":false,"handId":990,"id":9902,"length":65.348,"mcpPosition":[46.8816,318.795,-11.7011],"pipPosition":[29.5669,287.011,-41.6955],"stabilizedTipPosition":[19.678,258.29,-28.9329],"timeVisible":3.47437,"tipPosition":[18.4228,257.809,-16.9142],"tipVelocity":[-54.9846,-4.4351,186.332],"tool":false,"touchDistance":0.333333,"touchZone":"none","type":2,"width":18.527},{"bases":[[[0.85547,-0.517544,0.0178725],[0.480958,0.806843,0.343051],[-0.191964,-0.284874,0.939147]],[[0.847116,-0.528513,0.055385],[0.379247,0.528258,-0.759681],[0.372244,0.664543,0.647933]],[[0.847116,-0.528513,0.055385],[-0.197129,-0.409319,-0.890841],[0.493492,0.743728,-0.450927]],[[0.847116,-0.528513,0.055385],[-0.431846,-0.745393,-0.507836],[0.309682,0.406278,-0.859671]]],"btipPosition":[31.3261,253.271,-7.003],"carpPosition":[54.7943,292.321,50.7551],"dipPosition":[36.9689,260.674,-22.6676],"direction":[-0.493492,-0.743728,0.450927],"extended":false,"handId":990,"id":9903,"length":62.8339,"mcpPosition":[66.5214,309.724,-6.61707],"pipPosition":[50.3013,280.767,-34.85],"stabilizedTipPosition":[34.517,254.693,-24.3879],"timeVisible":3.47437,"tipPosition":[32.7142,255.118,-10.8034],"tipVelocity":[-56.9676,0.605194,197.616],"tool":false,"touchDistance":0.333333,"touchZone":"none","type":3,"width":17.6296},{"bases":[[[0.736196,-0.673188,0.0695191],[0.589298,0.688165,0.42327],[-0.332781,-0.270642,0.903333]],[[0.746709,-0.663955,0.0398713],[0.474554,0.489781,-0.731378],[0.466074,0.565047,0.680806]],[[0.746709,-0.663955,0.0398713],[-0.249706,-0.335378,-0.908388],[0.616501,0.668345,-0.416223]],[[0.746709,-0.663955,0.0398713],[-0.538079,-0.638208,-0.550601],[0.39102,0.389684,-0.833816]]],"btipPosition":[48.0698,258.287,-3.50368],"carpPosition":[63.6558,281.767,49.1009],"dipPosition":[54.6429,264.838,-17.5203],"direction":[-0.616501,-0.668345,0.416223],"extended":false,"handId":990,"id":9904,"length":49.2606,"mcpPosition":[82.4746,297.071,-1.98266],"pipPosition":[66.4025,277.586,-25.4596],"stabilizedTipPosition":[51.5081,258.403,-21.1445],"timeVisible":3.47437,"tipPosition":[49.5917,259.944,-6.86009],"tipVelocity":[-57.4917,9.93783,185.823],"tool":false,"touchDistance":0.333333,"touchZone":"none","type":4,"width":15.66}],"r":[[0.961621,0.0930314,0.258127],[-0.0901389,0.995663,-0.0230445],[-0.259151,-0.00110713,0.965836]],"s":1.10649,"t":[59.3122,-38.6586,-46.7889],"timestamp":669585643806},true],[1,{"currentFrameRate":53.5113,"devices":[],"gestures":[],"hands":[{"armBasis":[[0.93376,-0.313605,-0.172464],[0.3074,0.94954,-0.062291],[0.183297,0.00514935,0.983044]],"armWidth":62.1429,"confidence":0.666774,"direction":[0.116177,0.440306,-0.8903],"elbow":[94.0402,281.43,320.129],"grabStrength":0,"id":990,"palmNormal":[-0.28844,-0.842782,-0.454445],"palmPosition":[43.6125,302.013,12.6915],"palmVelocity":[-93.8233,-26.3386,215.142],"palmWidth":88.738,"pinchStrength":0.451481,"r":[[0.96098,0.0960512,0.259405],[-0.0927088,0.995376,-0.0251181],[-0.260619,0.0000887891,0.965442]],"s":1.10826,"sphereCenter":[42.3716,264.372,-24.7418],"sphereRadius":49.4049,"stabilizedPalmPosition":[51.0843,302.118,-3.98929],"t":[57.5562,-39.1737,-42.7598],"timeVisible":3.49298,"type":"right","wrist":[45.775,280.074,61.2761]}],"id":4975110,"interactionBox":{"center":[0,200,0],"size":[235.247,235.247,147.751]},"pointables":[{"bases":[[[0.663106,0.715145,0.221036],[-0.681241,0.454228,0.574098],[0.310163,-0.531267,0.788388]],[[0.59013,0.804807,0.0634996],[-0.742658,0.510348,0.433594],[0.316553,-0.303035,0.898868]],[[0.59013,0.804807,0.0634996],[-0.8073,0.587928,0.0510701],[0.0037684,-0.0814012,0.996674]],[[0.59013,0.804807,0.0634996],[-0.769414,0.584502,-0.257603],[-0.244436,0.103162,0.964162]]],"btipPosition":[5.96837,293.44,-38.6369],"carpPosition":[15.925,278.336,60.2695],"dipPosition":[0.389267,295.795,-16.6305],"direction":[-0.0037684,0.0814012,-0.996674],"extended":false,"handId":990,"id":9900,"length":50.8265,"mcpPosition":[15.925,278.336,60.2695],"pipPosition":[0.514573,293.088,16.5107],"stabilizedTipPosition":[11.7123,294.881,-50.0762],"timeVisible":3.49298,"tipPosition":[4.76203,293.91,-33.5802],"tipVelocity":[-111.232,-30.8919,227.304],"tool":false,"touchDistance":0.100755,"touchZone":"hovering","type":0,"width":19.7488},{"bases":[[[0.956438,-0.231271,-0.178159],[0.278566,0.905557,0.319949],[0.0873386,-0.355641,0.930533]],[[0.960401,-0.264604,-0.0872669],[0.272364,0.957602,0.0938922],[0.0587228,-0.113942,0.99175]],[[0.960401,-0.264604,-0.0872669],[0.252896,0.959313,-0.125547],[0.116937,0.0985063,0.988242]],[[0.960401,-0.264604,-0.0872669],[0.230499,0.930501,-0.284672],[0.156527,0.253284,0.954645]]],"btipPosition":[16.0221,320.315,-88.1042],"carpPosition":[30.1136,296.567,59.4159],"dipPosition":[18.6302,324.536,-72.1972],"direction":[-0.116937,-0.0985063,-0.988242],"extended":true,"handId":990,"id":9901,"length":57.352,"mcpPosition":[23.8471,322.084,-7.34871],"pipPosition":[21.3867,326.858,-48.9022],"stabilizedTipPosition":[22.8087,322.294,-99.9076],"timeVisible":3.49298,"tipPosition":[16.7766,321.87,-84.4935],"tipVelocity":[-111.111,-59.3961,213.346],"tool":false,"touchDistance":0.0692794,"touchZone":"hovering","type":1,"width":18.8641},{"bases":[[[0.897848,-0.428157,-0.102719],[0.438103,0.845393,0.305575],[-0.0439964,-0.319361,0.946611]],[[0.896995,-0.43339,-0.0870181],[0.211324,0.593335,-0.776721],[0.388254,0.678327,0.623804]],[[0.896995,-0.43339,-0.0870181],[-0.279566,-0.403713,-0.871125],[0.342407,0.805722,-0.48329]],[[0.896995,-0.43339,-0.0870181],[-0.420895,-0.77722,-0.467736],[0.13508,0.456183,-0.879574]]],"btipPosition":[14.659,254.665,-6.91325],"carpPosition":[41.8877,295.527,57.296],"dipPosition":[17.1346,263.026,-23.0331],"direction":[-0.342407,-0.805722,0.48329],"extended":false,"handId":990,"id":9902,"length":65.348,"mcpPosition":[44.8813,317.257,-7.11257],"pipPosition":[26.6304,285.37,-36.436],"stabilizedTipPosition":[19.6744,258.288,-28.9181],"timeVisible":3.49298,"tipPosition":[15.2496,256.723,-11.1403],"tipVelocity":[-110.951,-30.5598,246.978],"tool":false,"touchDistance":0.333333,"touchZone":"none","type":2,"width":18.527},{"bases":[[[0.845989,-0.53299,0.0149612],[0.499504,0.802032,0.327476],[-0.186541,-0.269568,0.944741]],[[0.837997,-0.543181,0.0521116],[0.379087,0.510814,-0.771598],[0.392498,0.666351,0.633973]],[[0.837997,-0.543181,0.0521116],[-0.216075,-0.418005,-0.882374],[0.501072,0.728166,-0.467655]],[[0.837997,-0.543181,0.0521116],[-0.451785,-0.744196,-0.491998],[0.306025,0.38875,-0.869035]]],"btipPosition":[28.1916,252.097,-1.28665],"carpPosition":[53.012,291.42,55.5823],"dipPosition":[33.7679,259.18,-17.1218],"direction":[-0.501072,-0.728166,0.467655],"extended":false,"handId":990,"id":9903,"length":62.8339,"mcpPosition":[64.4077,307.888,-2.13158],"pipPosition":[47.305,278.853,-29.7562],"stabilizedTipPosition":[34.5104,254.692,-24.3622],"timeVisible":3.49298,"tipPosition":[29.5586,253.859,-5.16466],"tipVelocity":[-111.428,-32.2188,249.717],"tool":false,"touchDistance":0.333333,"touchZone":"none","type":3,"width":17.6296},{"bases":[[[0.724474,-0.68575,0.0698886],[0.60655,0.682381,0.407987],[-0.327468,-0.253185,0.910309]],[[0.735195,-0.67674,0.0388788],[0.472728,0.470765,-0.744922],[0.485816,0.566042,0.666017]],[[0.735195,-0.67674,0.0388788],[-0.268063,-0.34294,-0.900297],[0.6226,0.651472,-0.433537]],[[0.735195,-0.67674,0.0388788],[-0.55633,-0.635165,-0.535782],[0.38728,0.372275,-0.843461]]],"btipPosition":[45.0386,256.798,1.96723],"carpPosition":[61.6593,280.685,53.9639],"dipPosition":[51.5488,263.056,-12.2115],"direction":[-0.6226,-0.651472,0.433537],"extended":false,"handId":990,"id":9904,"length":49.2606,"mcpPosition":[80.1776,295.002,2.4859],"pipPosition":[63.4247,275.483,-20.4811],"stabilizedTipPosition":[51.5038,258.403,-21.1272],"timeVisible":3.49298,"tipPosition":[46.5555,258.395,-1.47007],"tipVelocity":[-108.986,-35.4529,237.299],"tool":false,"touchDistance":0.333333,"touchZone":"none","type":4,"width":15.66}],"r":[[0.96098,0.0960512,0.259405],[-0.0927088,0.995376,-0.0251181],[-0.260619,0.0000887891,0.965442]],"s":1.10826,"t":[57.5562,-39.1737,-42.7598],"timestamp":669585662419},true],[2,{"currentFrameRate":53.632,"devices":[],"gestures":[],"hands":[{"armBasis":[[0.928499,-0.329526,-0.171182],[0.321511,0.944055,-0.0734214],[0.185799,0.0131349,0.9825]],"armWidth":62.1429,"confidence":0.676318,"direction":[0.118764,0.434012,-0.893045],"elbow":[92.0141,281.894,324.56],"grabStrength":0,"id":990,"palmNormal":[-0.303609,-0.840459,-0.448832],"palmPosition":[41.0374,300.163,17.1661],"palmVelocity":[-116.539,-62.2883,229.714],"palmWidth":88.738,"pinchStrength":0.450741,"r":[[0.961004,0.0957491,0.25943],[-0.0916987,0.995401,-0.027699],[-0.260889,0.00282947,0.965365]],"s":1.10974,"sphereCenter":[38.9924,262.381,-20.0504],"sphereRadius":49.3863,"stabilizedPalmPosition":[50.9495,302.091,-3.70558],"t":[55.3906,-40.3564,-38.5079],"timeVisible":3.5112,"type":"right","wrist":[43.0899,278.435,65.8503]}],"id":4975111,"interactionBox":{"center":[0,200,0],"size":[235.247,235.247,147.751]},"pointables":[{"bases":[[[0.675144,0.705864,0.214328],[-0.671396,0.467595,0.574964],[0.305628,-0.532082,0.789608]],[[0.602817,0.795864,0.0566771],[-0.732529,0.52389,0.434672],[0.316247,-0.303545,0.898804]],[[0.602817,0.795864,0.0566771],[-0.797846,0.600614,0.0520158],[0.00735649,-0.0765756,0.997037]],[[0.602817,0.795864,0.0566771],[-0.761477,0.595072,-0.256984],[-0.238251,0.111756,0.964752]]],"btipPosition":[3.00995,291.928,-33.9371],"carpPosition":[13.2122,277.155,64.9916],"dipPosition":[-2.42799,294.479,-11.9173],"direction":[-0.00735649,0.0765756,-0.997037],"extended":false,"handId":990,"id":9900,"length":50.8265,"mcpPosition":[13.2122,277.155,64.9916],"pipPosition":[-2.18338,291.932,21.236],"stabilizedTipPosition":[11.6083,294.856,-49.8546],"timeVisible":3.5112,"tipPosition":[1.83835,292.44,-28.8792],"tipVelocity":[-134.833,-54.6219,242.053],"tool":false,"touchDistance":0.179135,"touchZone":"hovering","type":0,"width":19.7488},{"bases":[[[0.951886,-0.246965,-0.181444],[0.294072,0.902709,0.314068],[0.086227,-0.352315,0.931901]],[[0.955767,-0.279675,-0.0910602],[0.287403,0.95385,0.0870002],[0.062526,-0.109323,0.992038]],[[0.955767,-0.279675,-0.0910602],[0.266506,0.954448,-0.134177],[0.124438,0.103974,0.986765]],[[0.955767,-0.279675,-0.0910602],[0.242484,0.924465,-0.294222],[0.166469,0.259127,0.951389]]],"btipPosition":[13.1637,318.249,-83.5614],"carpPosition":[27.6772,295.159,63.9798],"dipPosition":[15.9375,322.567,-67.7086],"direction":[-0.124438,-0.103974,-0.986765],"extended":true,"handId":990,"id":9901,"length":57.352,"mcpPosition":[21.4906,320.437,-2.88296],"pipPosition":[18.8708,325.018,-44.4484],"stabilizedTipPosition":[22.5779,322.215,-99.3953],"timeVisible":3.5112,"tipPosition":[13.9898,319.839,-79.9723],"tipVelocity":[-131.998,-84.6198,230.238],"tool":false,"touchDistance":0.144784,"touchZone":"hovering","type":1,"width":18.8641},{"bases":[[[0.890611,-0.44254,-0.104737],[0.452588,0.840006,0.299255],[-0.0444527,-0.313923,0.948407]],[[0.889751,-0.447686,-0.0889933],[0.216603,0.585742,-0.781018],[0.401778,0.675636,0.618135]],[[0.889751,-0.447686,-0.0889933],[-0.289949,-0.403773,-0.867696],[0.352522,0.797837,-0.489064]],[[0.889751,-0.447686,-0.0889933],[-0.435062,-0.772818,-0.462032],[0.13807,0.449812,-0.882387]]],"btipPosition":[11.255,253.157,-2.04297],"carpPosition":[39.4237,293.927,61.8104],"dipPosition":[13.7854,261.4,-18.2144],"direction":[-0.352522,-0.797837,0.489064],"extended":false,"handId":990,"id":9902,"length":65.348,"mcpPosition":[42.4483,315.286,-2.72046],"pipPosition":[23.5618,283.526,-31.7774],"stabilizedTipPosition":[19.6613,258.283,-28.8795],"timeVisible":3.5112,"tipPosition":[11.8597,255.187,-6.27804],"tipVelocity":[-146.894,-56.2373,256.407],"tool":false,"touchDistance":0.333333,"touchZone":"none","type":2,"width":18.527},{"bases":[[[0.837693,-0.545969,0.0137115],[0.513414,0.795807,0.321088],[-0.186216,-0.261934,0.94695]],[[0.829848,-0.555709,0.0503962],[0.380658,0.497768,-0.779311],[0.407985,0.665894,0.624607]],[[0.829848,-0.555709,0.0503962],[-0.229713,-0.422545,-0.876749],[0.508512,0.715992,-0.478301]],[[0.829848,-0.555709,0.0503962],[-0.466769,-0.740836,-0.483],[0.305743,0.377293,-0.874169]]],"btipPosition":[24.7639,250.407,3.85097],"carpPosition":[50.4748,289.639,60.0656],"dipPosition":[30.335,257.282,-12.0778],"direction":[-0.508512,-0.715992,0.478301],"extended":false,"handId":990,"id":9903,"length":62.8339,"mcpPosition":[61.8506,305.641,2.21676],"pipPosition":[44.0732,276.625,-24.9997],"stabilizedTipPosition":[34.49,254.685,-24.3031],"timeVisible":3.5112,"tipPosition":[26.1353,252.12,-0.153524],"tipVelocity":[-148.128,-62.411,264.596],"tool":false,"touchDistance":0.333333,"touchZone":"none","type":3,"width":17.6296},{"bases":[[[0.714088,-0.69655,0.0699757],[0.618973,0.674913,0.401703],[-0.327034,-0.243538,0.913093]],[[0.725114,-0.687584,0.0379199],[0.474222,0.458662,-0.751494],[0.499322,0.562901,0.658649]],[[0.725114,-0.687584,0.0379199],[-0.279726,-0.344418,-0.896175],[0.629256,0.639222,-0.442077]],[[0.725114,-0.687584,0.0379199],[-0.569323,-0.629557,-0.528705],[0.387402,0.361783,-0.847958]]],"btipPosition":[41.7069,254.849,6.79968],"carpPosition":[58.947,278.763,58.4612],"dipPosition":[48.2192,260.931,-7.45466],"direction":[-0.629256,-0.639222,0.442077],"extended":false,"handId":990,"id":9904,"length":49.2606,"mcpPosition":[77.4408,292.535,6.82576],"pipPosition":[60.2221,273.124,-15.8872],"stabilizedTipPosition":[51.4881,258.399,-21.0806],"timeVisible":3.5112,"tipPosition":[43.2304,256.408,3.30318],"tipVelocity":[-144.288,-70.7033,250.215],"tool":false,"touchDistance":0.333333,"touchZone":"none","type":4,"width":15.66}],"r":[[0.961004,0.0957491,0.25943],[-0.0916987,0.995401,-0.027699],[-0.260889,0.00282947,0.965365]],"s":1.10974,"t":[55.3906,-40.3564,-38.5079],"timestamp":669585680635},false],[3,{"currentFrameRate":53.6874,"devices":[],"gestures":[],"hands":[{"armBasis":[[0.925421,-0.337724,-0.17187],[0.32621,0.940791,-0.0921954],[0.19283,0.0292539,0.980796]],"armWidth":62.1429,"confidence":0.685914,"direction":[0.113393,0.425259,-0.89794],"elbow":[91.1649,283.68,329.339],"grabStrength":0,"id":990,"palmNormal":[-0.312861,-0.842509,-0.438516],"palmPosition":[38.0326,297.282,22.2211],"palmVelocity":[-138.946,-107.606,251.193],"palmWidth":88.738,"pinchStrength":0.450081,"r":[[0.961606,0.0947635,0.257553],[-0.089694,0.995475,-0.031389],[-0.259362,0.00708295,0.965754]],"s":1.11096,"sphereCenter":[35.3639,259.199,-14.6078],"sphereRadius":49.3605,"stabilizedPalmPosition":[50.74,302.013,-3.28506],"t":[52.8053,-42.3885,-33.8544],"timeVisible":3.52963,"type":"right","wrist":[40.3894,275.977,71.0784]}],"id":4975112,"interactionBox":{"center":[0,200,0],"size":[235.247,235.247,147.751]},"pointables":[{"bases":[[[0.681421,0.703491,0.201908],[-0.663263,0.476927,0.576734],[0.309432,-0.526917,0.791587]],[[0.608216,0.792547,0.0440752],[-0.725313,0.532344,0.436498],[0.322482,-0.297453,0.898625]],[[0.608216,0.792547,0.0440752],[-0.793612,0.606039,0.0538277],[0.0159497,-0.0677174,0.997577]],[[0.608216,0.792547,0.0440752],[-0.760206,0.597574,-0.254935],[-0.228386,0.121549,0.965953]]],"btipPosition":[-0.518924,288.835,-28.4662],"carpPosition":[10.4978,274.877,70.4993],"dipPosition":[-5.7317,291.61,-6.4189],"direction":[-0.0159497,0.0677174,-0.997577],"extended":false,"handId":990,"id":9900,"length":50.8265,"mcpPosition":[10.4978,274.877,70.4993],"pipPosition":[-5.20134,289.358,26.7523],"stabilizedTipPosition":[11.4166,294.779,-49.4741],"timeVisible":3.52963,"tipPosition":[-1.63597,289.398,-23.4008],"tipVelocity":[-160.771,-107.803,268.624],"tool":false,"touchDistance":0.270423,"touchZone":"hovering","type":0,"width":19.7488},{"bases":[[[0.948658,-0.254559,-0.187746],[0.302494,0.903611,0.303289],[0.0924444,-0.344509,0.93422]],[[0.953149,-0.286138,-0.0981402],[0.293754,0.952975,0.0744783],[0.0722142,-0.099818,0.992382]],[[0.953149,-0.286138,-0.0981402],[0.270138,0.95114,-0.149527],[0.13613,0.11601,0.983875]],[[0.953149,-0.286138,-0.0981402],[0.243755,0.918628,-0.310975],[0.179136,0.272484,0.945337]]],"btipPosition":[9.21233,314.406,-78.3572],"carpPosition":[25.0646,292.78,69.1959],"dipPosition":[12.1972,318.946,-62.6053],"direction":[-0.13613,-0.11601,-0.983875],"extended":true,"handId":990,"id":9901,"length":57.352,"mcpPosition":[18.4318,317.499,2.16673],"pipPosition":[15.4061,321.681,-39.4132],"stabilizedTipPosition":[22.1225,321.972,-98.5097],"timeVisible":3.52963,"tipPosition":[10.1306,316.082,-74.8081],"tipVelocity":[-170.431,-142.987,254.758],"tool":false,"touchDistance":0.231135,"touchZone":"hovering","type":1,"width":18.8641},{"bases":[[[0.886865,-0.449052,-0.108737],[0.460477,0.839783,0.287619],[-0.03784,-0.30515,0.951552]],[[0.886114,-0.454054,-0.0929299],[0.213003,0.577056,-0.788439],[0.41162,0.678852,0.608053]],[[0.886114,-0.454054,-0.0929299],[-0.300303,-0.409772,-0.861339],[0.353015,0.791152,-0.499459]],[[0.886114,-0.454054,-0.0929299],[-0.443978,-0.774082,-0.451309],[0.132984,0.441171,-0.887516]]],"btipPosition":[7.78143,250.28,3.72124],"carpPosition":[36.7831,291.454,66.9324],"dipPosition":[10.2186,258.365,-12.5442],"direction":[-0.353015,-0.791152,0.499459],"extended":false,"handId":990,"id":9902,"length":65.348,"mcpPosition":[39.3578,312.217,2.18757],"pipPosition":[20.0086,280.306,-26.3955],"stabilizedTipPosition":[19.6173,258.259,-28.7671],"timeVisible":3.52963,"tipPosition":[8.3624,252.272,-0.532667],"tipVelocity":[-167.491,-105.289,283],"tool":false,"touchDistance":0.333333,"touchZone":"none","type":2,"width":18.527},{"bases":[[[0.834377,-0.551083,0.0111063],[0.521222,0.795399,0.309302],[-0.179285,-0.252285,0.950899]],[[0.826946,-0.560289,0.047303],[0.373538,0.484533,-0.791011],[0.420274,0.671792,0.609971]],[[0.826946,-0.560289,0.047303],[-0.243332,-0.43244,-0.868208],[0.506903,0.70645,-0.493941]],[[0.826946,-0.560289,0.047303],[-0.476697,-0.743206,-0.469474],[0.298197,0.36568,-0.881678]]],"btipPosition":[21.3023,247.473,9.86841],"carpPosition":[47.7911,287.082,65.1272],"dipPosition":[26.736,254.136,-6.19716],"direction":[-0.506903,-0.70645,0.493941],"extended":false,"handId":990,"id":9903,"length":62.8339,"mcpPosition":[58.7436,302.494,7.0371],"pipPosition":[40.4306,273.222,-19.5416],"stabilizedTipPosition":[34.4305,254.657,-24.1513],"timeVisible":3.52963,"tipPosition":[22.6485,249.142,5.72791],"tipVelocity":[-168.083,-110.313,293.606],"tool":false,"touchDistance":0.333333,"touchZone":"none","type":3,"width":17.6296},{"bases":[[[0.710351,-0.700375,0.0698286],[0.626752,0.674568,0.39005],[-0.320286,-0.233308,0.918142]],[[0.721385,-0.691554,0.0368437],[0.467428,0.446956,-0.762719],[0.510994,0.567436,0.645679]],[[0.721385,-0.691554,0.0368437],[-0.292768,-0.352746,-0.888739],[0.627607,0.630336,-0.456931]],[[0.721385,-0.691554,0.0368437],[-0.578927,-0.631387,-0.515939],[0.380062,0.350861,-0.855832]]],"btipPosition":[38.3115,251.843,12.4606],"carpPosition":[56.1809,276.139,63.5447],"dipPosition":[44.7005,257.741,-1.92609],"direction":[-0.627607,-0.630336,0.456931],"extended":false,"handId":990,"id":9904,"length":49.2606,"mcpPosition":[74.2931,289.332,11.6237],"pipPosition":[56.6719,269.765,-10.6419],"stabilizedTipPosition":[51.4352,258.376,-20.9441],"timeVisible":3.52963,"tipPosition":[39.8146,253.361,8.87157],"tipVelocity":[-164.278,-116.317,276.861],"tool":false,"touchDistance":0.333333,"touchZone":"none","type":4,"width":15.66}],"r":[[0.961606,0.0947635,0.257553],[-0.089694,0.995475,-0.031389],[-0.259362,0.00708295,0.965754]],"s":1.11096,"t":[52.8053,-42.3885,-33.8544],"timestamp":669585699064},false],[4,{"currentFrameRate":53.7247,"devices":[],"gestures":[],"hands":[{"armBasis":[[0.932541,-0.334006,-0.137136],[0.326682,0.942272,-0.0735072],[0.153771,0.0237488,0.987821]],"armWidth":62.1429,"confidence":0.705626,"direction":[0.106864,0.411876,-0.904952],"elbow":[78.0712,280.929,338.247],"grabStrength":0,"id":990,"palmNormal":[-0.314647,-0.849378,-0.423738],"palmPosition":[34.8712,295.241,28.9822],"palmVelocity":[-154.449,-108.952,306.537],"palmWidth":88.738,"pinchStrength":0.448968,"r":[[0.962402,0.0949753,0.254485],[-0.0883916,0.995391,-0.0372098],[-0.256846,0.0133165,0.966361]],"s":1.11186,"sphereCenter":[32.0121,256.583,-7.24085],"sphereRadius":49.3624,"stabilizedPalmPosition":[50.4641,301.896,-2.72395],"t":[49.932,-44.4246,-28.1471],"timeVisible":3.54811,"type":"right","wrist":[37.5806,274.676,78.1368]}],"id":4975113,"interactionBox":{"center":[0,200,0],"size":[235.247,235.247,147.751]},"pointables":[{"bases":[[[0.681813,0.707276,0.186794],[-0.660051,0.484714,0.573921],[0.315379,-0.5146,0.797323]],[[0.607441,0.793866,0.0281297],[-0.723111,0.537949,0.433269],[0.328826,-0.283527,0.900825]],[[0.607441,0.793866,0.0281297],[-0.794032,0.605782,0.0504048],[0.0229742,-0.0529539,0.998333]],[[0.607441,0.793866,0.0281297],[-0.762981,0.592932,-0.257471],[-0.221077,0.134936,0.965876]]],"btipPosition":[-4.03866,286.014,-21.3227],"carpPosition":[7.68728,273.53,77.7732],"dipPosition":[-9.0846,289.094,0.72283],"direction":[-0.0229742,0.0529539,-0.998333],"extended":false,"handId":990,"id":9900,"length":50.8265,"mcpPosition":[7.68728,273.53,77.7732],"pipPosition":[-8.32067,287.333,33.9191],"stabilizedTipPosition":[11.1219,294.636,-48.8848],"timeVisible":3.54811,"tipPosition":[-5.10842,286.64,-16.2545],"tipVelocity":[-174.096,-127.623,325.53],"tool":false,"touchDistance":0.38386,"touchZone":"hovering","type":0,"width":19.7488},{"bases":[[[0.947727,-0.256184,-0.190219],[0.303302,0.908431,0.287682],[0.0991018,-0.330338,0.938646]],[[0.952847,-0.286127,-0.101064],[0.292641,0.954545,0.0566132],[0.080272,-0.0835194,0.993268]],[[0.952847,-0.286127,-0.101064],[0.266825,0.948627,-0.170031],[0.144523,0.135047,0.980243]],[[0.952847,-0.286127,-0.101064],[0.238704,0.91238,-0.332541],[0.187358,0.292737,0.937658]]],"btipPosition":[5.219,310.569,-71.5896],"carpPosition":[22.2214,291.43,76.1045],"dipPosition":[8.34089,315.447,-55.9656],"direction":[-0.144523,-0.135047,-0.980243],"extended":true,"handId":990,"id":9901,"length":57.352,"mcpPosition":[15.1109,315.131,8.75787],"pipPosition":[11.7476,318.63,-32.8591],"stabilizedTipPosition":[21.3501,321.482,-97.0534],"timeVisible":3.54811,"tipPosition":[6.20102,312.359,-68.0903],"tipVelocity":[-191.643,-172.147,307.781],"tool":false,"touchDistance":0.342427,"touchZone":"hovering","type":1,"width":18.8641},{"bases":[[[0.886718,-0.449545,-0.107893],[0.461263,0.844569,0.27192],[-0.0311168,-0.290883,0.956252]],[[0.886079,-0.454313,-0.0919979],[0.206836,0.565132,-0.798652],[0.414829,0.68864,0.59472]],[[0.886079,-0.454313,-0.0919979],[-0.305501,-0.423104,-0.853025],[0.348616,0.783953,-0.513697]],[[0.886079,-0.454313,-0.0919979],[-0.445914,-0.781239,-0.436837],[0.126588,0.428095,-0.894824]]],"btipPosition":[4.55552,247.918,11.4078],"carpPosition":[33.9264,290.084,73.7832],"dipPosition":[6.87549,255.764,-4.99153],"direction":[-0.348616,-0.783953,0.513697],"extended":false,"handId":990,"id":9902,"length":65.348,"mcpPosition":[36.0436,309.876,8.71857],"pipPosition":[16.5435,277.505,-19.2377],"stabilizedTipPosition":[19.5305,258.208,-28.5498],"timeVisible":3.54811,"tipPosition":[5.10735,249.849,7.12514],"tipVelocity":[-171.604,-117.59,346.357],"tool":false,"touchDistance":0.333333,"touchZone":"none","type":2,"width":18.527},{"bases":[[[0.835162,-0.54983,0.0138138],[0.522209,0.80059,0.293861],[-0.172633,-0.238208,0.955748]],[[0.828035,-0.558447,0.0499554],[0.367051,0.472571,-0.801218],[0.42383,0.681772,0.596284]],[[0.828035,-0.558447,0.0499554],[-0.24913,-0.446283,-0.859515],[0.502288,0.699263,-0.508663]],[[0.828035,-0.558447,0.0499554],[-0.479048,-0.750963,-0.454497],[0.291327,0.352408,-0.889346]]],"btipPosition":[18.1277,245.231,17.5494],"carpPosition":[44.9279,285.699,71.9705],"dipPosition":[23.4361,251.652,1.34409],"direction":[-0.502288,-0.699263,0.508663],"extended":false,"handId":990,"id":9903,"length":62.8339,"mcpPosition":[55.474,300.251,13.5842],"pipPosition":[37.0061,270.544,-12.3982],"stabilizedTipPosition":[34.3245,254.601,-23.8843],"timeVisible":3.54811,"tipPosition":[19.4384,246.834,13.3696],"tipVelocity":[-170.619,-117.078,351.662],"tool":false,"touchDistance":0.333333,"touchZone":"none","type":3,"width":17.6296},{"bases":[[[0.711727,-0.698377,0.075593],[0.628433,0.681113,0.375708],[-0.313873,-0.219897,0.92365]],[[0.722932,-0.689695,0.0411116],[0.457076,0.432785,-0.777032],[0.518122,0.580533,0.628117]],[[0.722932,-0.689695,0.0411116],[-0.302754,-0.369707,-0.87844],[0.621055,0.622606,-0.476081]],[[0.722932,-0.689695,0.0411116],[-0.583007,-0.640871,-0.499387],[0.370772,0.337055,-0.865403]]],"btipPosition":[35.1249,249.617,20.2327],"carpPosition":[53.3215,274.743,70.4965],"dipPosition":[41.3576,255.283,5.68515],"direction":[-0.621055,-0.622606,0.476081],"extended":false,"handId":990,"id":9904,"length":49.2606,"mcpPosition":[71.071,287.178,18.2641],"pipPosition":[53.2041,267.159,-3.39597],"stabilizedTipPosition":[51.3364,258.326,-20.6928],"timeVisible":3.54811,"tipPosition":[36.6033,251.086,16.5082],"tipVelocity":[-169.151,-119.703,345.254],"tool":false,"touchDistance":0.333333,"touchZone":"none","type":4,"width":15.66}],"r":[[0.962402,0.0949753,0.254485],[-0.0883916,0.995391,-0.0372098],[-0.256846,0.0133165,0.966361]],"s":1.11186,"t":[49.932,-44.4246,-28.1471],"timestamp":669585717545},false],[5,{"currentFrameRate":53.7659,"devices":[],"gestures":[],"hands":[{"armBasis":[[0.923909,-0.34468,-0.166094],[0.324245,0.935802,-0.138349],[0.203117,0.0739667,0.976357]],"armWidth":62.1429,"confidence":0.706061,"direction":[0.103398,0.402482,-0.90957],"elbow":[87.4498,291.805,341.442],"grabStrength":0,"id":990,"palmNormal":[-0.31843,-0.852946,-0.413625],"palmPosition":[31.0642,292.402,35.0035],"palmVelocity":[-179.454,-130.603,316.069],"palmWidth":88.738,"pinchStrength":0.448719,"r":[[0.963312,0.0952334,0.250918],[-0.0869822,0.995247,-0.0437978],[-0.253896,0.0203656,0.967017]],"s":1.11235,"sphereCenter":[27.9503,253.367,-0.806001],"sphereRadius":49.3573,"stabilizedPalmPosition":[50.0384,301.687,-1.8962],"t":[46.5919,-46.8622,-22.2828],"timeVisible":3.56656,"type":"right","wrist":[33.9656,272.329,84.3502]}],"id":4975114,"interactionBox":{"center":[0,200,0],"size":[235.247,235.247,147.751]},"pointables":[{"bases":[[[0.684164,0.707677,0.176387],[-0.656296,0.49189,0.572119],[0.318112,-0.507185,0.800979]],[[0.609184,0.792844,0.0171515],[-0.719966,0.543861,0.43112],[0.332482,-0.274979,0.902132]],[[0.609184,0.792844,0.0171515],[-0.79255,0.607921,0.0479155],[0.0275628,-0.0427827,0.998704]],[[0.609184,0.792844,0.0171515],[-0.763036,0.591898,-0.259679],[-0.216036,0.145105,0.965543]]],"btipPosition":[-8.10304,282.74,-15.024],"carpPosition":[4.06853,271.243,84.1403],"dipPosition":[-13.0339,286.052,7.01394],"direction":[-0.0275628,0.0427827,-0.998704],"extended":false,"handId":990,"id":9900,"length":50.8265,"mcpPosition":[4.06853,271.243,84.1403],"pipPosition":[-12.1174,284.63,40.2226],"stabilizedTipPosition":[10.6232,294.363,-47.9313],"timeVisible":3.56656,"tipPosition":[-9.14859,283.425,-9.95554],"tipVelocity":[-195.663,-150.229,333.107],"tool":false,"touchDistance":0.473262,"touchZone":"hovering","type":0,"width":19.7488},{"bases":[[[0.946274,-0.260106,-0.19212],[0.306558,0.910645,0.277034],[0.102895,-0.321046,0.941457]],[[0.951748,-0.288948,-0.103371],[0.294648,0.954564,0.0446041],[0.0857857,-0.0729098,0.993642]],[[0.951748,-0.288948,-0.103371],[0.267163,0.945886,-0.184185],[0.150997,0.147681,0.977441]],[[0.951748,-0.288948,-0.103371],[0.237613,0.907024,-0.347631],[0.194207,0.306294,0.931916]]],"btipPosition":[0.859343,306.599,-65.5282],"carpPosition":[18.6316,289.094,82.2216],"dipPosition":[4.09536,311.702,-50],"direction":[-0.150997,-0.147681,-0.977441],"extended":true,"handId":990,"id":9901,"length":57.352,"mcpPosition":[11.249,312.129,14.6732],"pipPosition":[7.65468,315.183,-26.9595],"stabilizedTipPosition":[20.0507,320.58,-94.7439],"timeVisible":3.56656,"tipPosition":[1.88904,308.456,-62.0661],"tipVelocity":[-212.47,-191.54,317.184],"tool":false,"touchDistance":0.432108,"touchZone":"hovering","type":1,"width":18.8641},{"bases":[[[0.885257,-0.452495,-0.107553],[0.464308,0.846291,0.261168],[-0.0271556,-0.281139,0.959283]],[[0.884684,-0.457104,-0.0915985],[0.204041,0.556321,-0.805527],[0.419168,0.693947,0.585436]],[[0.884684,-0.457104,-0.0915985],[-0.310476,-0.431131,-0.84719],[0.347763,0.777934,-0.523335]],[[0.884684,-0.457104,-0.0915985],[-0.449595,-0.784598,-0.426931],[0.123284,0.418881,-0.899633]]],"btipPosition":[0.562462,244.958,18.0686],"carpPosition":[30.3226,287.7,79.8584],"dipPosition":[2.82188,252.635,1.58112],"direction":[-0.347763,-0.777934,0.523335],"extended":false,"handId":990,"id":9902,"length":65.348,"mcpPosition":[32.1703,306.829,14.5875],"pipPosition":[12.4663,274.209,-12.9323],"stabilizedTipPosition":[19.3478,258.094,-28.1255],"timeVisible":3.56656,"tipPosition":[1.09947,246.846,13.7684],"tipVelocity":[-193.564,-139.272,352.869],"tool":false,"touchDistance":0.333333,"touchZone":"none","type":2,"width":18.527},{"bases":[[[0.834075,-0.551436,0.0154054],[0.525267,0.802407,0.283263],[-0.168563,-0.228171,0.958919]],[[0.827158,-0.559614,0.0513992],[0.364556,0.464731,-0.806923],[0.427679,0.68619,0.588416]],[[0.827158,-0.559614,0.0513992],[-0.253202,-0.452775,-0.854917],[0.501696,0.694137,-0.516212]],[[0.827158,-0.559614,0.0513992],[-0.482166,-0.753702,-0.446598],[0.288662,0.344624,-0.893257]]],"btipPosition":[14.1542,242.28,24.0411],"carpPosition":[41.3063,283.274,78.0379],"dipPosition":[19.4141,248.559,7.76453],"direction":[-0.501696,-0.694137,0.516212],"extended":false,"handId":990,"id":9903,"length":62.8339,"mcpPosition":[51.6037,297.212,19.4579],"pipPosition":[32.9681,267.313,-6.18165],"stabilizedTipPosition":[34.1136,254.48,-23.3929],"timeVisible":3.56656,"tipPosition":[15.4498,243.851,19.9072],"tipVelocity":[-192.471,-138.585,351.299],"tool":false,"touchDistance":0.333333,"touchZone":"none","type":3,"width":17.6296},{"bases":[[[0.710628,-0.699088,0.0792698],[0.631632,0.683538,0.365809],[-0.309916,-0.209884,0.927308]],[[0.721851,-0.690642,0.0441095],[0.451545,0.421732,-0.786288],[0.524441,0.5875,0.616283]],[[0.721851,-0.690642,0.0441095],[-0.310434,-0.380109,-0.871291],[0.618516,0.615249,-0.48878]],[[0.721851,-0.690642,0.0441095],[-0.587652,-0.645375,-0.488013],[0.365509,0.326352,-0.871721]]],"btipPosition":[31.1685,246.673,26.9208],"carpPosition":[49.6699,272.286,76.6349],"dipPosition":[37.3128,252.159,12.267],"direction":[-0.618516,-0.615249,0.48878],"extended":false,"handId":990,"id":9904,"length":49.2606,"mcpPosition":[67.1957,284.155,24.1956],"pipPosition":[49.1108,263.895,2.94361],"stabilizedTipPosition":[51.1374,258.216,-20.2233],"timeVisible":3.56656,"tipPosition":[32.6314,248.096,23.1203],"tipVelocity":[-191.503,-139.991,352.901],"tool":false,"touchDistance":0.333333,"touchZone":"none","type":4,"width":15.66}],"r":[[0.963312,0.0952334,0.250918],[-0.0869822,0.995247,-0.0437978],[-0.253896,0.0203656,0.967017]],"s":1.11235,"t":[46.5919,-46.8622,-22.2828],"timestamp":669585735998},false],[6,{"currentFrameRate":53.8037,"devices":[],"gestures":[],"hands":[{"armBasis":[[0.912385,-0.366044,-0.183209],[0.351116,0.929921,-0.10938],[0.210408,0.0354685,0.97697]],"armWidth":62.1429,"confidence":0.716946,"direction":[0.104039,0.394229,-0.913104],"elbow":[86.1876,278.485,348.346],"grabStrength":0,"id":990,"palmNormal":[-0.345701,-0.846507,-0.404865],"palmPosition":[27.8733,289.001,41.6578],"palmVelocity":[-176.308,-156.522,337.554],"palmWidth":88.738,"pinchStrength":0.448034,"r":[[0.965073,0.0905514,0.245836],[-0.0806413,0.995483,-0.0501054],[-0.249263,0.0285308,0.968016]],"s":1.11275,"sphereCenter":[23.3398,249.832,6.1306],"sphereRadius":49.3677,"stabilizedPalmPosition":[49.444,301.347,-0.728076],"t":[43.3264,-49.7818,-16.0235],"timeVisible":3.58501,"type":"right","wrist":[30.7834,269.146,91.0924]}],"id":4975115,"interactionBox":{"center":[0,200,0],"size":[235.247,235.247,147.751]},"pointables":[{"bases":[[[0.704765,0.690095,0.164544],[-0.636518,0.512658,0.576217],[0.313289,-0.510833,0.800562]],[[0.630317,0.776318,0.00559232],[-0.700315,0.56547,0.435663],[0.335051,-0.278522,0.900092]],[[0.630317,0.776318,0.00559232],[-0.775424,0.629209,0.0530541],[0.0376681,-0.0377773,0.998576]],[[0.630317,0.776318,0.00559232],[-0.749881,0.610685,-0.254446],[-0.200946,0.156188,0.967071]]],"btipPosition":[-12.1095,280.112,-7.87976],"carpPosition":[0.867593,268.861,91.2159],"dipPosition":[-16.6959,283.677,14.193],"direction":[-0.0376681,0.0377773,-0.998576],"extended":false,"handId":990,"id":9900,"length":50.8265,"mcpPosition":[0.867593,268.861,91.2159],"pipPosition":[-15.4434,282.42,47.3974],"stabilizedTipPosition":[9.91395,293.963,-46.5857],"timeVisible":3.58501,"tipPosition":[-13.073,280.85,-2.80348],"tipVelocity":[-203.942,-144.965,359.389],"tool":false,"touchDistance":0.566553,"touchZone":"hovering","type":0,"width":19.7488},{"bases":[[[0.936789,-0.286512,-0.200843],[0.333864,0.903703,0.268059],[0.1047,-0.318169,0.942235]],[[0.942463,-0.314823,-0.112467],[0.320354,0.946666,0.0345866],[0.0955804,-0.0686261,0.993053]],[[0.942463,-0.314823,-0.112467],[0.289608,0.936913,-0.195759],[0.167002,0.151924,0.974181]],[[0.942463,-0.314823,-0.112467],[0.256708,0.897021,-0.359798],[0.214158,0.310225,0.926227]]],"btipPosition":[-3.141,303.257,-58.581],"carpPosition":[15.8809,286.304,89.0283],"dipPosition":[0.427466,308.426,-43.1475],"direction":[-0.167002,-0.151924,-0.974181],"extended":true,"handId":990,"id":9901,"length":57.352,"mcpPosition":[8.36879,309.132,21.4241],"pipPosition":[4.36406,312.007,-20.1839],"stabilizedTipPosition":[18.3166,319.329,-91.6655],"timeVisible":3.58501,"tipPosition":[-2.00449,305.134,-55.1534],"tipVelocity":[-212.558,-186.117,345.218],"tool":false,"touchDistance":0.526112,"touchZone":"hovering","type":1,"width":18.8641},{"bases":[[[0.871588,-0.476697,-0.114432],[0.48965,0.83505,0.250867],[-0.024031,-0.274684,0.961234]],[[0.871068,-0.481198,-0.0984349],[0.209757,0.545669,-0.811325],[0.444121,0.686071,0.576249]],[[0.871068,-0.481198,-0.0984349],[-0.3313,-0.427678,-0.84103],[0.362604,0.765206,-0.531957]],[[0.871068,-0.481198,-0.0984349],[-0.47511,-0.774685,-0.417292],[0.124544,0.410257,-0.903425]]],"btipPosition":[-4.0769,242.283,25.3641],"carpPosition":[27.5035,284.583,86.5461],"dipPosition":[-1.79439,249.801,8.80712],"direction":[-0.362604,-0.765206,0.531957],"extended":false,"handId":990,"id":9902,"length":65.348,"mcpPosition":[29.1386,303.273,21.1426],"pipPosition":[8.26156,271.022,-5.94544],"stabilizedTipPosition":[18.9858,257.871,-27.3401],"timeVisible":3.58501,"tipPosition":[-3.53568,244.133,21.051],"tipVelocity":[-221.327,-142.974,372.948],"tool":false,"touchDistance":0.333333,"touchZone":"none","type":2,"width":18.527},{"bases":[[[0.819143,-0.573508,0.00968501],[0.549655,0.789676,0.272564],[-0.163966,-0.217946,0.962089]],[[0.81243,-0.581265,0.045697],[0.367989,0.450384,-0.813473],[0.452262,0.677706,0.579805]],[[0.81243,-0.581265,0.045697],[-0.274556,-0.45053,-0.849495],[0.51437,0.677609,-0.525614]],[[0.81243,-0.581265,0.045697],[-0.507028,-0.743014,-0.436866],[0.287889,0.331754,-0.898365]]],"btipPosition":[9.51153,239.285,31.1649],"carpPosition":[38.3439,279.853,84.6331],"dipPosition":[14.7573,245.33,14.7953],"direction":[-0.51437,-0.677609,0.525614],"extended":false,"handId":990,"id":9903,"length":62.8339,"mcpPosition":[48.3605,293.167,25.8594],"pipPosition":[28.6537,263.637,0.595087],"stabilizedTipPosition":[33.6932,254.232,-22.4802],"timeVisible":3.58501,"tipPosition":[10.7994,240.795,27.0267],"tipVelocity":[-221.07,-151.429,367.507],"tool":false,"touchDistance":0.333333,"touchZone":"none","type":3,"width":17.6296},{"bases":[[[0.692506,-0.717419,0.0758017],[0.65371,0.668484,0.354673],[-0.305121,-0.196061,0.931913]],[[0.703937,-0.70918,0.0392026],[0.448547,0.401079,-0.798712],[0.550707,0.579827,0.600435]],[[0.703937,-0.70918,0.0392026],[-0.334498,-0.379704,-0.862517],[0.626565,0.594045,-0.504507]],[[0.703937,-0.70918,0.0392026],[-0.611132,-0.632891,-0.47536],[0.361927,0.310666,-0.878918]]],"btipPosition":[26.6229,243.175,34.1993],"carpPosition":[46.3945,268.636,83.2064],"dipPosition":[32.707,248.398,19.4246],"direction":[-0.626565,-0.594045,0.504507],"extended":false,"handId":990,"id":9904,"length":49.2606,"mcpPosition":[63.6491,279.724,30.5067],"pipPosition":[44.6585,259.729,9.80125],"stabilizedTipPosition":[50.7264,257.97,-19.3162],"timeVisible":3.58501,"tipPosition":[28.0905,244.547,30.2821],"tipVelocity":[-218.31,-165.489,372.213],"tool":false,"touchDistance":0.333333,"touchZone":"none","type":4,"width":15.66}],"r":[[0.965073,0.0905514,0.245836],[-0.0806413,0.995483,-0.0501054],[-0.249263,0.0285308,0.968016]],"s":1.11275,"t":[43.326