{"sensorType":"Leap","data":[[0,{"currentFrameRate":54.1349,"devices":[],"gestures":[],"hands":[{"armBasis":[[0.853058,-0.478436,-0.208304],[0.45884,0.87786,-0.137216],[0.248511,0.0214749,0.968391]],"armWidth":62.1429,"confidence":0.610981,"direction":[0.224401,0.414921,-0.881751],"elbow":[70.2313,296.168,339.978],"grabStrength":0.271518,"id":994,"palmNormal":[-0.404156,-0.783715,-0.471644],"palmPosition":[8.31692,312.499,36.4994],"palmVelocity":[-112.123,129.869,-254.903],"palmWidth":88.738,"pinchStrength":0.729706,"r":[[0.985814,0.0783959,0.148408],[-0.108444,0.972377,0.206696],[-0.128104,-0.219858,0.967084]],"s":0.916625,"sphereCenter":[0.966813,266.809,-2.16075],"sphereRadius":53.2408,"stabilizedPalmPosition":[36.1803,306.733,22.4215],"t":[22.0444,44.5368,-28.6887],"timeVisible":29.0646,"type":"right","wrist":[4.79399,290.514,84.9834]}],"id":4978431,"interactionBox":{"center":[0,200,0],"size":[235.247,235.247,147.751]},"pointables":[{"bases":[[[0.762097,0.595951,0.253082],[-0.620472,0.560537,0.548464],[0.184996,-0.575013,0.796955]],[[0.668907,0.74334,-0.00297431],[-0.703337,0.634195,0.321114],[0.240583,-0.212703,0.947036]],[[0.668907,0.74334,-0.00297431],[-0.74185,0.66781,0.0607395],[0.0471364,-0.0384226,0.998149]],[[0.668907,0.74334,-0.00297431],[-0.702194,0.630559,-0.330634],[-0.243898,0.223252,0.943754]]],"btipPosition":[-32.5779,300.262,-18.1035],"carpPosition":[-24.8652,293.725,82.7311],"dipPosition":[-38.1447,305.357,3.43712],"direction":[-0.0471364,0.0384226,-0.998149],"extended":false,"handId":994,"id":9940,"length":50.8265,"mcpPosition":[-24.8652,293.725,82.7311],"pipPosition":[-36.5773,304.08,36.6273],"stabilizedTipPosition":[-18.7177,295.15,-7.94623],"timeVisible":29.0646,"tipPosition":[-33.6417,302.335,-12.8365],"tipVelocity":[-108.617,78.1307,-253.81],"tool":false,"touchDistance":-0.126362,"touchZone":"hovering","type":0,"width":19.7488},{"bases":[[[0.911826,-0.385975,-0.13999],[0.410414,0.847232,0.33728],[-0.0115776,-0.364995,0.930938]],[[0.909118,-0.351281,-0.223845],[0.309111,0.929166,-0.202733],[0.279205,0.115115,0.953306]],[[0.909118,-0.351281,-0.223845],[0.250916,0.89079,-0.37886],[0.332485,0.288262,0.897975]],[[0.909118,-0.351281,-0.223845],[0.207826,0.848253,-0.48711],[0.360989,0.396319,0.844167]]],"btipPosition":[-32.5618,317.33,-59.382],"carpPosition":[-7.84163,309.364,82.5877],"dipPosition":[-26.5468,323.934,-45.3158],"direction":[-0.332485,-0.288262,-0.897975],"extended":true,"handId":994,"id":9941,"length":57.352,"mcpPosition":[-7.01095,335.552,15.7941],"pipPosition":[-18.7094,330.729,-24.1486],"stabilizedTipPosition":[-26.0742,314.515,-50.1789],"timeVisible":29.0646,"tipPosition":[-31.6416,318.46,-55.7868],"tipVelocity":[-121.32,131.908,-261.247],"tool":false,"touchDistance":0.00915143,"touchZone":"hovering","type":1,"width":18.8641},{"bases":[[[0.818463,-0.570478,-0.0683631],[0.558307,0.761562,0.329114],[-0.13569,-0.307535,0.941812]],[[0.822858,-0.55891,-0.102587],[0.406898,0.705553,-0.580197],[0.396659,0.435677,0.80799]],[[0.822858,-0.55891,-0.102587],[0.149102,0.38657,-0.910128],[0.548336,0.73361,0.401427]],[[0.822858,-0.55891,-0.102587],[-0.0157133,0.158084,-0.987301],[0.568029,0.814021,0.121299]]],"btipPosition":[-31.3521,271.577,-34.4694],"carpPosition":[3.67828,306.395,80.9498],"dipPosition":[-20.9419,286.495,-32.2464],"direction":[-0.548336,-0.73361,-0.401427],"extended":false,"handId":994,"id":9942,"length":65.348,"mcpPosition":[12.9108,327.32,16.8677],"pipPosition":[-5.73514,306.84,-21.1138],"stabilizedTipPosition":[-18.3879,264.874,-22.0541],"timeVisible":29.0646,"tipPosition":[-29.0011,274.523,-32.9871],"tipVelocity":[-93.601,95.2711,-245.184],"tool":false,"touchDistance":-0.217767,"touchZone":"hovering","type":2,"width":18.527},{"bases":[[[0.745142,-0.665292,0.0463633],[0.610746,0.708667,0.353244],[-0.267867,-0.234901,0.934382]],[[0.768183,-0.638484,-0.0472544],[0.487381,0.631052,-0.603517],[0.415156,0.440581,0.795948]],[[0.768183,-0.638484,-0.0472544],[0.208782,0.319598,-0.924266],[0.605231,0.700139,0.378814]],[[0.768183,-0.638484,-0.0472544],[0.0292661,0.108751,-0.993638],[0.639561,0.761913,0.102226]]],"btipPosition":[-15.696,262.862,-24.1902],"carpPosition":[14.035,300.509,79.6702],"dipPosition":[-4.04221,276.746,-22.3275],"direction":[-0.605231,-0.700139,-0.378814],"extended":false,"handId":994,"id":9943,"length":62.8339,"mcpPosition":[30.3989,314.859,22.5892],"pipPosition":[12.3089,295.661,-12.0933],"stabilizedTipPosition":[2.31569,254.296,-12.5286],"timeVisible":29.0646,"tipPosition":[-13.0434,266.003,-23.2987],"tipVelocity":[-89.131,97.2275,-228.961],"tool":false,"touchDistance":-0.264625,"touchZone":"hovering","type":3,"width":17.6296},{"bases":[[[0.597907,-0.795893,0.0951884],[0.693127,0.573007,0.437309],[-0.402595,-0.195492,0.89426]],[[0.643387,-0.765355,-0.0169105],[0.627944,0.540252,-0.560191],[0.437881,0.349801,0.828191]],[[0.643387,-0.765355,-0.0169105],[0.310961,0.281463,-0.90779],[0.699541,0.578801,0.419085]],[[0.643387,-0.765355,-0.0169105],[0.100398,0.106256,-0.989257],[0.75893,0.634777,0.145204]]],"btipPosition":[2.41937,265.774,-11.2258],"carpPosition":[20.8538,288.492,78.3388],"dipPosition":[15.1771,276.445,-8.78494],"direction":[-0.699541,-0.578801,-0.419085],"extended":false,"handId":994,"id":9944,"length":49.2606,"mcpPosition":[43.6206,299.548,27.7684],"pipPosition":[28.5207,287.485,-0.791008],"stabilizedTipPosition":[27.1304,255.934,-3.49285],"timeVisible":29.0646,"tipPosition":[4.88718,267.808,-9.46794],"tipVelocity":[-75.9976,132.112,-260.543],"tool":false,"touchDistance":-0.326496,"touchZone":"hovering","type":4,"width":15.66}],"r":[[0.985814,0.0783959,0.148408],[-0.108444,0.972377,0.206696],[-0.128104,-0.219858,0.967084]],"s":0.916625,"t":[22.0444,44.5368,-28.6887],"timestamp":669647842912},false],[1,{"currentFrameRate":54.1541,"devices":[],"gestures":[],"hands":[{"armBasis":[[0.843503,-0.489943,-0.220132],[0.473895,0.871754,-0.12437],[0.252836,0.000586968,0.967509]],"armWidth":62.1429,"confidence":0.621969,"direction":[0.230081,0.404328,-0.885201],"elbow":[68.5353,293.876,334.099],"grabStrength":0.261826,"id":994,"palmNormal":[-0.417266,-0.780762,-0.46508],"palmPosition":[5.78229,315.267,30.678],"palmVelocity":[-124.462,139.759,-284.502],"palmWidth":88.738,"pinchStrength":0.742362,"r":[[0.986571,0.0787006,0.143124],[-0.108254,0.971221,0.212159],[-0.122308,-0.224804,0.966698]],"s":0.920342,"sphereCenter":[-2.56627,269.998,-7.49703],"sphereRadius":52.7363,"stabilizedPalmPosition":[35.0473,307.051,22.7292],"t":[19.7295,47.1345,-33.994],"timeVisible":29.083,"type":"right","wrist":[1.95925,293.721,79.3364]}],"id":4978432,"interactionBox":{"center":[0,200,0],"size":[235.247,235.247,147.751]},"pointables":[{"bases":[[[0.771889,0.585542,0.247645],[-0.610741,0.574753,0.544659],[0.176586,-0.571664,0.80126]],[[0.68018,0.732966,-0.0107601],[-0.694077,0.648675,0.312214],[0.235822,-0.204893,0.949951]],[[0.68018,0.732966,-0.0107601],[-0.731728,0.679764,0.0499478],[0.0439244,-0.0261,0.998694]],[[0.68018,0.732966,-0.0107601],[-0.690868,0.636068,-0.343684],[-0.245065,0.241201,0.939024]]],"btipPosition":[-34.9943,302.73,-23.7983],"carpPosition":[-27.6468,297.393,77.0883],"dipPosition":[-40.5877,308.235,-2.36569],"direction":[-0.0439244,0.0261,-0.998694],"extended":false,"handId":994,"id":9940,"length":50.8265,"mcpPosition":[-27.6468,297.393,77.0883],"pipPosition":[-39.1272,307.367,30.8426],"stabilizedTipPosition":[-20.2982,295.946,-8.92914],"timeVisible":29.083,"tipPosition":[-36.1951,304.98,-18.582],"tipVelocity":[-119.712,107.556,-281.274],"tool":false,"touchDistance":-0.22169,"touchZone":"hovering","type":0,"width":19.7488},{"bases":[[[0.905327,-0.40172,-0.137856],[0.424398,0.843116,0.330215],[-0.016426,-0.357458,0.933785]],[[0.903137,-0.367956,-0.221249],[0.325842,0.922959,-0.204877],[0.27959,0.112939,0.953454]],[[0.903137,-0.367956,-0.221249],[0.268775,0.88637,-0.376971],[0.334818,0.280991,0.899412]],[[0.903137,-0.367956,-0.221249],[0.226224,0.84579,-0.483179],[0.364919,0.386325,0.847105]]],"btipPosition":[-34.8824,320.608,-65.4576],"carpPosition":[-10.3734,312.754,76.8054],"dipPosition":[-28.8018,327.045,-51.3425],"direction":[-0.334818,-0.280991,-0.899412],"extended":true,"handId":994,"id":9941,"length":57.352,"mcpPosition":[-9.19487,338.401,9.80748],"pipPosition":[-20.9094,333.669,-30.1414],"stabilizedTipPosition":[-26.0742,314.515,-50.1789],"timeVisible":29.083,"tipPosition":[-33.9736,321.554,-61.7993],"tipVelocity":[-123.24,153.168,-294.147],"tool":false,"touchDistance":-0.141921,"touchZone":"hovering","type":1,"width":18.8641},{"bases":[[[0.809081,-0.584126,-0.0646908],[0.570881,0.75501,0.322576],[-0.139583,-0.297921,0.94433]],[[0.813893,-0.572109,-0.101336],[0.41301,0.692356,-0.591663],[0.408656,0.439698,0.799791]],[[0.813893,-0.572109,-0.101336],[0.149331,0.374532,-0.91511],[0.561496,0.729669,0.390263]],[[0.813893,-0.572109,-0.101336],[-0.0181362,0.149311,-0.988624],[0.580731,0.806472,0.111147]]],"btipPosition":[-34.8319,274.173,-39.5301],"carpPosition":[1.09529,309.587,75.1795],"dipPosition":[-24.1889,288.953,-37.4931],"direction":[-0.561496,-0.729669,-0.390263],"extended":false,"handId":994,"id":9942,"length":65.348,"mcpPosition":[10.5927,329.857,10.9261],"pipPosition":[-8.6172,309.188,-26.6701],"stabilizedTipPosition":[-20.2139,266.53,-24.273],"timeVisible":29.083,"tipPosition":[-32.3446,277.242,-38.3309],"tipVelocity":[-138.173,116.488,-260.681],"tool":false,"touchDistance":-0.300875,"touchZone":"hovering","type":2,"width":18.527},{"bases":[[[0.734368,-0.676844,0.0508484],[0.622487,0.701465,0.347069],[-0.27058,-0.223224,0.93646]],[[0.757374,-0.651675,-0.0412824],[0.487971,0.606861,-0.627378],[0.4339,0.455016,0.777619]],[[0.757374,-0.651675,-0.0412824],[0.200488,0.292242,-0.935093],[0.621441,0.699939,0.35199]],[[0.757374,-0.651675,-0.0412824],[0.0192431,0.0854688,-0.996155],[0.652698,0.753668,0.0772721]]],"btipPosition":[-19.705,264.691,-28.0735],"carpPosition":[11.3543,303.524,73.9359],"dipPosition":[-7.81182,278.424,-26.6654],"direction":[-0.621441,-0.699939,-0.35199],"extended":false,"handId":994,"id":9943,"length":62.8339,"mcpPosition":[27.8839,317.16,16.7279],"pipPosition":[8.97727,297.334,-17.1559],"stabilizedTipPosition":[0.347018,255.68,-14.0824],"timeVisible":29.083,"tipPosition":[-16.7758,268.118,-27.8461],"tipVelocity":[-149.654,97.3647,-223.086],"tool":false,"touchDistance":-0.326313,"touchZone":"hovering","type":3,"width":17.6296},{"bases":[[[0.585101,-0.804666,0.100842],[0.702763,0.565156,0.432114],[-0.404699,-0.181962,0.896163]],[[0.630909,-0.775772,-0.0114476],[0.631222,0.521819,-0.573815],[0.451124,0.354799,0.818905]],[[0.630909,-0.775772,-0.0114476],[0.3087,0.264537,-0.913633],[0.711799,0.572885,0.40638]],[[0.630909,-0.775772,-0.0114476],[0.0968982,0.0934261,-0.9909],[0.769782,0.624058,0.134114]]],"btipPosition":[-1.21136,268.026,-16.2312],"carpPosition":[17.977,291.389,72.6921],"dipPosition":[11.7288,278.517,-13.9767],"direction":[-0.711799,-0.572885,-0.40638],"extended":false,"handId":994,"id":9944,"length":49.2606,"mcpPosition":[40.8628,301.679,22.014],"pipPosition":[25.3062,289.444,-6.22513],"stabilizedTipPosition":[25.6314,256.791,-4.21499],"timeVisible":29.083,"tipPosition":[1.45354,270.171,-14.7886],"tipVelocity":[-133.29,126.364,-267.206],"tool":false,"touchDistance":-0.397904,"touchZone":"hovering","type":4,"width":15.66}],"r":[[0.986571,0.0787006,0.143124],[-0.108254,0.971221,0.212159],[-0.122308,-0.224804,0.966698]],"s":0.920342,"t":[19.7295,47.1345,-33.994],"timestamp":669647861310},false],[2,{"currentFrameRate":54.1797,"devices":[],"gestures":[],"hands":[{"armBasis":[[0.850521,-0.481473,-0.211653],[0.460311,0.87612,-0.143275],[0.254417,0.0244321,0.966786]],"armWidth":62.1429,"confidence":0.636859,"direction":[0.215911,0.41823,-0.882307],"elbow":[68.3557,301.203,329.613],"grabStrength":0.251685,"id":994,"palmNormal":[-0.412576,-0.779913,-0.470656],"palmPosition":[4.41686,316.971,26.6243],"palmVelocity":[-100.374,117.186,-253.84],"palmWidth":88.738,"pinchStrength":0.763382,"r":[[0.987243,0.0810265,0.137065],[-0.110001,0.969457,0.219211],[-0.115116,-0.231492,0.966002]],"s":0.923755,"sphereCenter":[-4.22582,272.874,-11.8557],"sphereRadius":52.0632,"stabilizedPalmPosition":[34.0768,307.366,22.8526],"t":[17.8894,49.2854,-38.6735],"timeVisible":29.1014,"type":"right","wrist":[1.36335,294.77,75.0417]}],"id":4978433,"interactionBox":{"center":[0,200,0],"size":[235.247,235.247,147.751]},"pointables":[{"bases":[[[0.767258,0.591814,0.247127],[-0.611968,0.56031,0.558165],[0.191862,-0.57949,0.792074]],[[0.670214,0.742099,-0.0101338],[-0.701048,0.637504,0.319562],[0.243607,-0.207071,0.947511]],[[0.670214,0.742099,-0.0101338],[-0.740705,0.669687,0.0536194],[0.0465773,-0.0284303,0.99851]],[[0.670214,0.742099,-0.0101338],[-0.697965,0.625596,-0.348533],[-0.252306,0.240665,0.937242]]],"btipPosition":[-35.9563,303.638,-27.5765],"carpPosition":[-28.307,298.105,73.1446],"dipPosition":[-41.7151,309.131,-6.18452],"direction":[-0.0465773,0.0284303,-0.99851],"extended":false,"handId":994,"id":9940,"length":50.8265,"mcpPosition":[-28.307,298.105,73.1446],"pipPosition":[-40.1663,308.186,27.0177],"stabilizedTipPosition":[-21.2833,296.465,-9.72539],"timeVisible":29.1014,"tipPosition":[-37.4672,306.056,-22.3785],"tipVelocity":[-88.3458,79.5568,-245.199],"tool":false,"touchDistance":-0.284667,"touchZone":"hovering","type":0,"width":19.7488},{"bases":[[[0.908654,-0.388806,-0.152242],[0.417543,0.844042,0.336528],[-0.00234584,-0.369355,0.929285]],[[0.905202,-0.354108,-0.234983],[0.314296,0.929975,-0.190695],[0.286055,0.098763,0.95311]],[[0.905202,-0.354108,-0.234983],[0.257808,0.897114,-0.358779],[0.337853,0.264186,0.903361]],[[0.905202,-0.354108,-0.234983],[0.21598,0.859511,-0.463242],[0.366009,0.368575,0.854512]]],"btipPosition":[-37.1051,323.673,-69.2627],"carpPosition":[-11.2253,313.68,72.8795],"dipPosition":[-31.0064,329.815,-55.0242],"direction":[-0.337853,-0.264186,-0.903361],"extended":true,"handId":994,"id":9941,"length":57.352,"mcpPosition":[-11.057,340.18,6.20446],"pipPosition":[-23.0425,336.042,-33.73],"stabilizedTipPosition":[-27.8941,316.513,-53.1669],"timeVisible":29.1014,"tipPosition":[-36.1882,324.391,-65.5396],"tipVelocity":[-122.064,157.984,-251.602],"tool":false,"touchDistance":-0.204866,"touchZone":"hovering","type":1,"width":18.8641},{"bases":[[[0.815399,-0.573286,-0.0804166],[0.564998,0.757844,0.326266],[-0.126101,-0.311472,0.941851]],[[0.819843,-0.560179,-0.118557],[0.395154,0.703373,-0.590864],[0.41438,0.437568,0.798013]],[[0.819843,-0.560179,-0.118557],[0.131766,0.386075,-0.913008],[0.55722,0.732902,0.390334]],[[0.819843,-0.560179,-0.118557],[-0.0329364,0.160575,-0.986474],[0.57164,0.812659,0.113196]]],"btipPosition":[-36.565,276.079,-43.401],"carpPosition":[0.263416,310.674,71.0958],"dipPosition":[-26.0886,290.973,-41.3265],"direction":[-0.55722,-0.732902,-0.390334],"extended":false,"handId":994,"id":9942,"length":65.348,"mcpPosition":[8.84345,331.867,7.01107],"pipPosition":[-10.6355,311.298,-30.5015],"stabilizedTipPosition":[-21.6377,267.855,-26.1777],"timeVisible":29.1014,"tipPosition":[-34.0529,279.266,-42.3625],"tipVelocity":[-118.118,111.081,-236.46],"tool":false,"touchDistance":-0.357055,"touchZone":"hovering","type":2,"width":18.527},{"bases":[[[0.743028,-0.668361,0.0346961],[0.617503,0.704634,0.349545],[-0.25807,-0.238296,0.936277]],[[0.764502,-0.642183,-0.0560123],[0.466212,0.61083,-0.639948],[0.445177,0.463128,0.766374]],[[0.764502,-0.642183,-0.0560123],[0.174793,0.290152,-0.940882],[0.62047,0.709516,0.334071]],[[0.764502,-0.642183,-0.0560123],[-0.00404929,0.0821059,-0.996615],[0.644608,0.762142,0.0601698]]],"btipPosition":[-21.5595,266.075,-31.0425],"carpPosition":[10.5818,304.754,69.67],"dipPosition":[-9.81372,279.963,-29.9461],"direction":[-0.62047,-0.709516,-0.334071],"extended":false,"handId":994,"id":9943,"length":62.8339,"mcpPosition":[26.3472,319.311,12.4731],"pipPosition":[6.94914,299.131,-20.9207],"stabilizedTipPosition":[-1.35425,256.884,-15.5625],"timeVisible":29.1014,"tipPosition":[-18.5292,269.755,-31.3132],"tipVelocity":[-127.143,87.7236,-195.435],"tool":false,"touchDistance":-0.367626,"touchZone":"hovering","type":3,"width":17.6296},{"bases":[[[0.595853,-0.798626,0.0845918],[0.700312,0.568262,0.432021],[-0.393094,-0.198181,0.897887]],[[0.639846,-0.76803,-0.0269654],[0.61272,0.531007,-0.585325],[0.463866,0.357996,0.81035]],[[0.639846,-0.76803,-0.0269654],[0.287941,0.272121,-0.918172],[0.712522,0.579724,0.395263]],[[0.639846,-0.76803,-0.0269654],[0.0792151,0.100814,-0.991747],[0.76441,0.632429,0.125345]]],"btipPosition":[-2.86943,269.891,-20.1623],"carpPosition":[17.3381,292.718,68.2041],"dipPosition":[9.98044,280.522,-18.0552],"direction":[-0.712522,-0.579724,-0.395263],"extended":false,"handId":994,"id":9944,"length":49.2606,"mcpPosition":[39.5676,303.925,17.4285],"pipPosition":[23.5716,291.58,-10.5157],"stabilizedTipPosition":[24.3417,257.576,-4.99568],"timeVisible":29.1014,"tipPosition":[-0.0321717,272.223,-19.0863],"tipVelocity":[-113.16,115.276,-242.536],"tool":false,"touchDistance":-0.445921,"touchZone":"hovering","type":4,"width":15.66}],"r":[[0.987243,0.0810265,0.137065],[-0.110001,0.969457,0.219211],[-0.115116,-0.231492,0.966002]],"s":0.923755,"t":[17.8894,49.2854,-38.6735],"timestamp":669647879677},false],[3,{"currentFrameRate":54.1513,"devices":[],"gestures":[],"hands":[{"armBasis":[[0.858525,-0.461788,-0.222905],[0.443769,0.88692,-0.128227],[0.256912,0.0111683,0.96637]],"armWidth":62.1429,"confidence":0.642747,"direction":[0.20849,0.419132,-0.883663],"elbow":[67.968,298.926,326.946],"grabStrength":0.237666,"id":994,"palmNormal":[-0.396098,-0.789917,-0.468122],"palmPosition":[2.98173,318.057,23.985],"palmVelocity":[-89.1964,88.7735,-199.749],"palmWidth":88.738,"pinchStrength":0.773025,"r":[[0.987369,0.0870304,0.132396],[-0.115345,0.967721,0.224081],[-0.10862,-0.236522,0.965536]],"s":0.92902,"sphereCenter":[-5.11416,274.478,-14.1966],"sphereRadius":51.4183,"stabilizedPalmPosition":[33.2343,307.655,22.8833],"t":[16.2517,50.9042,-42.3329],"timeVisible":29.1199,"type":"right","wrist":[0.318438,295.985,72.4842]}],"id":4978434,"interactionBox":{"center":[0,200,0],"size":[235.247,235.247,147.751]},"pointables":[{"bases":[[[0.754797,0.60819,0.245735],[-0.623893,0.549928,0.555281],[0.20258,-0.572437,0.79453]],[[0.654738,0.755747,-0.0128224],[-0.715129,0.624864,0.313265],[0.244761,-0.195937,0.949579]],[[0.654738,0.755747,-0.0128224],[-0.754659,0.654561,0.045165],[0.0425264,-0.0198947,0.998897]],[[0.654738,0.755747,-0.0128224],[-0.708716,0.607919,-0.35799],[-0.262755,0.243477,0.933637]]],"btipPosition":[-36.7434,303.354,-30.2128],"carpPosition":[-29.411,298.711,70.5395],"dipPosition":[-42.7406,308.911,-8.90315],"direction":[-0.0425264,0.0198947,-0.998897],"extended":false,"handId":994,"id":9940,"length":50.8265,"mcpPosition":[-29.411,298.711,70.5395],"pipPosition":[-41.3265,308.25,24.3119],"stabilizedTipPosition":[-21.8524,296.741,-10.2521],"timeVisible":29.1199,"tipPosition":[-38.4096,305.777,-25.0605],"tipVelocity":[-67.5194,33.9959,-195.709],"tool":false,"touchDistance":-0.324363,"touchZone":"hovering","type":0,"width":19.7488},{"bases":[[[0.916536,-0.370888,-0.149677],[0.399932,0.853618,0.333753],[0.00398176,-0.365758,0.930702]],[[0.912454,-0.336446,-0.232875],[0.297826,0.936354,-0.185853],[0.280583,0.100226,0.954583]],[[0.912454,-0.336446,-0.232875],[0.24432,0.904518,-0.349507],[0.32823,0.262013,0.907532]],[[0.912454,-0.336446,-0.232875],[0.204817,0.868246,-0.451884],[0.354227,0.364627,0.861145]]],"btipPosition":[-38.3295,324.419,-72.2801],"carpPosition":[-12.6482,314.627,70.2343],"dipPosition":[-32.4272,330.494,-57.9311],"direction":[-0.32823,-0.262013,-0.907532],"extended":true,"handId":994,"id":9941,"length":57.352,"mcpPosition":[-12.9339,340.87,3.45758],"pipPosition":[-24.6901,336.671,-36.5386],"stabilizedTipPosition":[-29.1527,317.803,-55.3593],"timeVisible":29.1199,"tipPosition":[-37.4472,324.926,-68.4836],"tipVelocity":[-96.0631,100.516,-207.795],"tool":false,"touchDistance":-0.254733,"touchZone":"hovering","type":1,"width":18.8641},{"bases":[[[0.82695,-0.556944,-0.0772488],[0.549116,0.770388,0.323996],[-0.120936,-0.310347,0.942899]],[[0.831274,-0.543518,-0.116499],[0.373643,0.701531,-0.606832],[0.411552,0.460914,0.786246]],[[0.831274,-0.543518,-0.116499],[0.115442,0.373818,-0.92029],[0.543744,0.751564,0.37349]],[[0.831274,-0.543518,-0.116499],[-0.0429607,0.146136,-0.988331],[0.554201,0.826579,0.0981292]]],"btipPosition":[-37.4523,275.307,-44.7961],"carpPosition":[-1.09869,311.849,68.4756],"dipPosition":[-27.2955,290.456,-42.9977],"direction":[-0.543744,-0.751564,-0.37349],"extended":false,"handId":994,"id":9942,"length":65.348,"mcpPosition":[7.12996,332.965,4.31955],"pipPosition":[-12.2161,311.299,-32.6399],"stabilizedTipPosition":[-22.5997,268.636,-27.477],"timeVisible":29.1199,"tipPosition":[-34.8819,278.871,-44.2758],"tipVelocity":[-85.9733,38.6693,-159.989],"tool":false,"touchDistance":-0.371562,"touchZone":"hovering","type":2,"width":18.527},{"bases":[[[0.756376,-0.653023,0.0381456],[0.602659,0.718343,0.347542],[-0.254355,-0.239884,0.936888]],[[0.776942,-0.627574,-0.0501194],[0.448594,0.6077,-0.655335],[0.441729,0.486675,0.753673]],[[0.776942,-0.627574,-0.0501194],[0.162475,0.276783,-0.947097],[0.608245,0.727697,0.31701]],[[0.776942,-0.627574,-0.0501194],[-0.0103735,0.0668368,-0.99771],[0.629486,0.775683,0.0454182]]],"btipPosition":[-22.2729,265.788,-32.3819],"carpPosition":[9.33933,306.133,67.0847],"dipPosition":[-10.8026,279.922,-31.5543],"direction":[-0.608245,-0.727697,-0.31701],"extended":false,"handId":994,"id":9943,"length":62.8339,"mcpPosition":[24.8778,320.788,9.85051],"pipPosition":[5.62996,299.581,-22.9899],"stabilizedTipPosition":[-2.60026,257.712,-16.6959],"timeVisible":29.1199,"tipPosition":[-19.2371,269.672,-32.9781],"tipVelocity":[-85.8275,39.2152,-137.336],"tool":false,"touchDistance":-0.380216,"touchZone":"hovering","type":3,"width":17.6296},{"bases":[[[0.61181,-0.786053,0.0883721],[0.688112,0.583995,0.430641],[-0.390116,-0.202661,0.898186]],[[0.653848,-0.756387,-0.0190278],[0.595426,0.529898,-0.603884],[0.466853,0.383519,0.796845]],[[0.653848,-0.756387,-0.0190278],[0.271338,0.257882,-0.927293],[0.706299,0.601145,0.373852]],[[0.653848,-0.756387,-0.0190278],[0.0671182,0.0830317,-0.994284],[0.753644,0.648833,0.105057]]],"btipPosition":[-3.83929,270.093,-21.4949],"carpPosition":[16.34,294.231,65.6732],"dipPosition":[8.8296,281,-19.7289],"direction":[-0.706299,-0.601145,-0.373852],"extended":false,"handId":994,"id":9944,"length":49.2606,"mcpPosition":[38.4011,305.692,14.8807],"pipPosition":[22.3021,292.467,-12.5977],"stabilizedTipPosition":[23.2897,258.202,-5.66573],"timeVisible":29.1199,"tipPosition":[-0.827415,272.725,-20.9491],"tipVelocity":[-84.7397,66.3725,-161.881],"tool":false,"touchDistance":-0.450828,"touchZone":"hovering","type":4,"width":15.66}],"r":[[0.987369,0.0870304,0.132396],[-0.115345,0.967721,0.224081],[-0.10862,-0.236522,0.965536]],"s":0.92902,"t":[16.2517,50.9042,-42.3329],"timestamp":669647898244},false],[4,{"currentFrameRate":54.2094,"devices":[],"gestures":[],"hands":[{"armBasis":[[0.856937,-0.467093,-0.217907],[0.444283,0.883724,-0.147118],[0.261288,0.0292588,0.964817]],"armWidth":62.1429,"confidence":0.643544,"direction":[0.201088,0.424735,-0.882702],"elbow":[68.4875,305.296,323.54],"grabStrength":0.226714,"id":994,"palmNormal":[-0.40386,-0.785015,-0.469733],"palmPosition":[1.93984,320.004,21.123],"palmVelocity":[-73.8519,97.3621,-179.248],"palmWidth":88.738,"pinchStrength":0.77683,"r":[[0.987754,0.0909194,0.12679],[-0.118396,0.966053,0.229619],[-0.101609,-0.241818,0.964987]],"s":0.934437,"sphereCenter":[-7.04609,277.273,-17.2078],"sphereRadius":51.0437,"stabilizedPalmPosition":[32.4694,307.957,22.8403],"t":[14.912,52.687,-45.5936],"timeVisible":29.1382,"type":"right","wrist":[-0.314128,297.591,69.4866]}],"id":4978435,"interactionBox":{"center":[0,200,0],"size":[235.247,235.247,147.751]},"pointables":[{"bases":[[[0.75958,0.603559,0.242395],[-0.616102,0.548228,0.565566],[0.208464,-0.578932,0.788277]],[[0.657411,0.753399,-0.0141506],[-0.709486,0.6252,0.3252],[0.253852,-0.20375,0.945539]],[[0.657411,0.753399,-0.0141506],[-0.751795,0.657054,0.0555392],[0.0511409,-0.0258737,0.998356]],[[0.657411,0.753399,-0.0141506],[-0.708262,0.611395,-0.352932],[-0.257247,0.242043,0.935542]]],"btipPosition":[-38.2383,305.698,-32.716],"carpPosition":[-30.0512,300.443,67.8651],"dipPosition":[-44.1098,311.222,-11.3629],"direction":[-0.0511409,0.0258737,-0.998356],"extended":false,"handId":994,"id":9940,"length":50.8265,"mcpPosition":[-30.0512,300.443,67.8651],"pipPosition":[-42.4093,310.362,21.8342],"stabilizedTipPosition":[-22.3471,297.027,-10.7417],"timeVisible":29.1382,"tipPosition":[-39.8987,308.084,-27.5733],"tipVelocity":[-73.663,78.9939,-167.473],"tool":false,"touchDistance":-0.357658,"touchZone":"hovering","type":0,"width":19.7488},{"bases":[[[0.91354,-0.37323,-0.16169],[0.40657,0.849672,0.335795],[0.0120545,-0.372501,0.927954]],[[0.908724,-0.338086,-0.244783],[0.301304,0.937174,-0.175844],[0.288854,0.0860397,0.953499]],[[0.908724,-0.338086,-0.244783],[0.247859,0.908939,-0.335254],[0.335837,0.243982,0.909773]],[[0.908724,-0.338086,-0.244783],[0.208453,0.875673,-0.435596],[0.361619,0.344811,0.86622]]],"btipPosition":[-40.1412,327.923,-74.9057],"carpPosition":[-13.2316,316.298,67.5035],"dipPosition":[-34.1157,333.668,-60.4721],"direction":[-0.335837,-0.243982,-0.909773],"extended":true,"handId":994,"id":9941,"length":57.352,"mcpPosition":[-14.0965,343.024,0.923985],"pipPosition":[-26.1992,339.419,-39.0268],"stabilizedTipPosition":[-30.4306,319.326,-57.5188],"timeVisible":29.1382,"tipPosition":[-39.2262,328.235,-71.0704],"tipVelocity":[-96.8749,142.326,-176.739],"tool":false,"touchDistance":-0.296685,"touchZone":"hovering","type":1,"width":18.8641},{"bases":[[[0.823985,-0.559468,-0.0896934],[0.555327,0.765956,0.323917],[-0.11252,-0.316712,0.941824]],[[0.828075,-0.545268,-0.130283],[0.361935,0.697442,-0.618528],[0.428129,0.465034,0.774886]],[[0.828075,-0.545268,-0.130283],[0.0974434,0.368846,-0.924369],[0.552083,0.752752,0.358565]],[[0.828075,-0.545268,-0.130283],[-0.0610438,0.143313,-0.987793],[0.557284,0.82592,0.0853884]]],"btipPosition":[-39.7045,277.166,-46.4101],"carpPosition":[-1.71129,313.489,65.6071],"dipPosition":[-29.4912,292.302,-44.8452],"direction":[-0.552083,-0.752752,-0.358565],"extended":false,"handId":994,"id":9942,"length":65.348,"mcpPosition":[5.94471,335.038,1.5242],"pipPosition":[-14.1805,313.178,-34.9012],"stabilizedTipPosition":[-23.6768,269.513,-28.8327],"timeVisible":29.1382,"tipPosition":[-37.0275,280.971,-46.3241],"tipVelocity":[-103.565,68.8378,-127.192],"tool":false,"touchDistance":-0.387755,"touchZone":"hovering","type":2,"width":18.527},{"bases":[[[0.754222,-0.656115,0.0257201],[0.608908,0.713541,0.346539],[-0.245722,-0.245707,0.937683]],[[0.773895,-0.630265,-0.0620724],[0.443584,0.609393,-0.657171],[0.452018,0.481047,0.751182]],[[0.773895,-0.630265,-0.0620724],[0.15318,0.281383,-0.947291],[0.61451,0.723595,0.314305]],[[0.773895,-0.630265,-0.0620724],[-0.020705,0.0727804,-0.997133],[0.632976,0.772961,0.0432747]]],"btipPosition":[-24.1306,268.16,-35.2258],"carpPosition":[8.69009,307.745,64.0686],"dipPosition":[-12.5968,282.245,-34.4373],"direction":[-0.61451,-0.723595,-0.314305],"extended":false,"handId":994,"id":9943,"length":62.8339,"mcpPosition":[23.7012,322.755,6.78591],"pipPosition":[4.00503,301.794,-25.9459],"stabilizedTipPosition":[-3.78761,258.573,-17.85],"timeVisible":29.1382,"tipPosition":[-21.1004,272.017,-35.8156],"tipVelocity":[-93.103,82.3719,-146.45],"tool":false,"touchDistance":-0.413321,"touchZone":"hovering","type":3,"width":17.6296},{"bases":[[[0.609667,-0.788961,0.0764595],[0.694688,0.578275,0.427793],[-0.381727,-0.207696,0.900637]],[[0.650112,-0.759272,-0.0293516],[0.588084,0.527245,-0.613327],[0.481158,0.38147,0.789283]],[[0.650112,-0.759272,-0.0293516],[0.259987,0.258574,-0.930347],[0.713976,0.597199,0.365503]],[[0.650112,-0.759272,-0.0293516],[0.0562776,0.0866374,-0.994649],[0.757752,0.644981,0.099054]]],"btipPosition":[-5.73198,272.184,-24.2857],"carpPosition":[15.6305,295.827,62.5001],"dipPosition":[7.00598,283.026,-22.6206],"direction":[-0.713976,-0.597199,-0.365503],"extended":false,"handId":994,"id":9944,"length":49.2606,"mcpPosition":[37.2171,307.572,11.569],"pipPosition":[20.6249,294.418,-15.6487],"stabilizedTipPosition":[22.2162,258.88,-6.41603],"timeVisible":29.1382,"tipPosition":[-2.63895,274.868,-23.8963],"tipVelocity":[-93.4178,89.0646,-158.236],"tool":false,"touchDistance":-0.476289,"touchZone":"hovering","type":4,"width":15.66}],"r":[[0.987754,0.0909194,0.12679],[-0.118396,0.966053,0.229619],[-0.101609,-0.241818,0.964987]],"s":0.934437,"t":[14.912,52.687,-45.5936],"timestamp":669647916486},false],[5,{"currentFrameRate":54.2061,"devices":[],"gestures":[],"hands":[{"armBasis":[[0.852918,-0.476637,-0.212951],[0.451507,0.878274,-0.157406],[0.262054,0.0381052,0.964301]],"armWidth":62.1429,"confidence":0.566622,"direction":[0.201445,0.424923,-0.882531],"elbow":[67.8152,308.424,320.584],"grabStrength":0.217469,"id":994,"palmNormal":[-0.413722,-0.779772,-0.469882],"palmPosition":[1.07722,320.901,18.3488],"palmVelocity":[-60.7698,73.8288,-165.277],"palmWidth":88.738,"pinchStrength":0.778834,"r":[[0.988317,0.0920229,0.121494],[-0.118678,0.964811,0.234637],[-0.0956264,-0.246315,0.964461]],"s":0.939931,"sphereCenter":[-8.76511,278.805,-19.9895],"sphereRadius":50.7472,"stabilizedPalmPosition":[31.854,308.211,22.7522],"t":[13.8108,54.0268,-48.611],"timeVisible":29.1566,"type":"right","wrist":[-1.18828,298.39,66.6665]}],"id":4978436,"interactionBox":{"center":[0,200,0],"size":[235.247,235.247,147.751]},"pointables":[{"bases":[[[0.766616,0.595352,0.240532],[-0.60812,0.552919,0.569623],[0.206131,-0.582955,0.785922]],[[0.664888,0.746791,-0.0150682],[-0.701835,0.631513,0.329574],[0.255639,-0.208555,0.944009]],[[0.664888,0.746791,-0.0150682],[-0.744995,0.664475,0.0587858],[0.0539132,-0.0278603,0.998157]],[[0.664888,0.746791,-0.0150682],[-0.70245,0.618298,-0.352521],[-0.253943,0.244972,0.935682]]],"btipPosition":[-39.3439,307.03,-35.3202],"carpPosition":[-30.9022,301.542,65.183],"dipPosition":[-45.14,312.621,-13.9638],"direction":[-0.0539132,0.0278603,-0.998157],"extended":false,"handId":994,"id":9940,"length":50.8265,"mcpPosition":[-30.9022,301.542,65.183],"pipPosition":[-43.3473,311.695,19.2266],"stabilizedTipPosition":[-22.7925,297.301,-11.2196],"timeVisible":29.1566,"tipPosition":[-41.0027,309.403,-30.1921],"tipVelocity":[-66.5676,76.1042,-154.719],"tool":false,"touchDistance":-0.389277,"touchZone":"hovering","type":0,"width":19.7488},{"bases":[[[0.909056,-0.381906,-0.166632],[0.41649,0.844735,0.336093],[0.0124038,-0.374928,0.926971]],[[0.904206,-0.346423,-0.249804],[0.311393,0.935034,-0.169548],[0.292311,0.0755196,0.953337]],[[0.904206,-0.346423,-0.249804],[0.25898,0.909815,-0.324291],[0.339618,0.228532,0.912378]],[[0.904206,-0.346423,-0.249804],[0.220254,0.879337,-0.422202],[0.365923,0.326738,0.871403]]],"btipPosition":[-41.1674,330.135,-77.6933],"carpPosition":[-13.9271,317.23,64.7864],"dipPosition":[-35.0702,335.579,-63.1733],"direction":[-0.339618,-0.228532,-0.912378],"extended":true,"handId":994,"id":9941,"length":57.352,"mcpPosition":[-14.8171,344.13,-1.72262],"pipPosition":[-27.0646,340.966,-41.6666],"stabilizedTipPosition":[-31.5914,320.826,-59.6123],"timeVisible":29.1566,"tipPosition":[-40.2407,330.289,-73.8238],"tipVelocity":[-76.5313,129.663,-163.808],"tool":false,"touchDistance":-0.336866,"touchZone":"hovering","type":1,"width":18.8641},{"bases":[[[0.817963,-0.567422,-0.0947004],[0.564352,0.759572,0.323353],[-0.111546,-0.317936,0.941528]],[[0.822098,-0.552799,-0.136266],[0.359934,0.690057,-0.627908],[0.441139,0.467155,0.766265]],[[0.822098,-0.552799,-0.136266],[0.0899527,0.362442,-0.927655],[0.562196,0.750366,0.347689]],[[0.822098,-0.552799,-0.136266],[-0.0696791,0.13985,-0.987718],[0.565067,0.821496,0.0764522]]],"btipPosition":[-41.5379,278.119,-48.294],"carpPosition":[-2.44381,314.311,62.8324],"dipPosition":[-31.182,293.174,-46.8929],"direction":[-0.562196,-0.750366,-0.347689],"extended":false,"handId":994,"id":9942,"length":65.348,"mcpPosition":[5.14593,335.943,-1.23037],"pipPosition":[-15.5909,313.984,-37.2505],"stabilizedTipPosition":[-25.0834,270.609,-30.5719],"timeVisible":29.1566,"tipPosition":[-38.7813,282.04,-48.4678],"tipVelocity":[-100.659,60.038,-116.051],"tool":false,"touchDistance":-0.406136,"touchZone":"touching","type":2,"width":18.527},{"bases":[[[0.747747,-0.663659,0.0207808],[0.617506,0.706569,0.34561],[-0.24405,-0.245597,0.938148]],[[0.76725,-0.637859,-0.0668111],[0.446457,0.605982,-0.658378],[0.460438,0.475312,0.749717]],[[0.76725,-0.637859,-0.0668111],[0.151499,0.281478,-0.947532],[0.623198,0.716872,0.3126]],[[0.76725,-0.637859,-0.0668111],[-0.024549,0.0748882,-0.99689],[0.640878,0.766504,0.0417992]]],"btipPosition":[-25.7755,269.425,-37.9522],"carpPosition":[7.89293,308.467,61.2339],"dipPosition":[-14.0977,283.392,-37.1905],"direction":[-0.623198,-0.716872,-0.3126],"extended":false,"handId":994,"id":9943,"length":62.8339,"mcpPosition":[22.8019,323.47,3.92278],"pipPosition":[2.73884,302.759,-28.7452],"stabilizedTipPosition":[-4.89131,259.377,-18.9894],"timeVisible":29.1566,"tipPosition":[-22.717,273.242,-38.5394],"tipVelocity":[-90.3095,74.9813,-147.209],"tool":false,"touchDistance":-0.44131,"touchZone":"hovering","type":3,"width":17.6296},{"bases":[[[0.602097,-0.795185,0.0718291],[0.702288,0.570252,0.426152],[-0.37983,-0.20614,0.901796]],[[0.641569,-0.766409,-0.0317241],[0.586095,0.516467,-0.624303],[0.494856,0.38194,0.780538]],[[0.641569,-0.766409,-0.0317241],[0.252382,0.249965,-0.934784],[0.724357,0.591721,0.353797]],[[0.641569,-0.766409,-0.0317241],[0.0480265,0.0814113,-0.995523],[0.765561,0.637172,0.0890389]]],"btipPosition":[-7.56421,272.973,-26.5526],"carpPosition":[14.7072,296.485,59.6055],"dipPosition":[5.30501,283.684,-25.0558],"direction":[-0.724357,-0.591721,-0.353797],"extended":false,"handId":994,"id":9944,"length":49.2606,"mcpPosition":[36.1866,308.142,8.60886],"pipPosition":[19.1219,294.971,-18.3073],"stabilizedTipPosition":[21.1165,259.559,-7.22757],"timeVisible":29.1566,"tipPosition":[-4.35129,275.72,-26.398],"tipVelocity":[-95.444,65.9413,-142.157],"tool":false,"touchDistance":-0.491578,"touchZone":"hovering","type":4,"width":15.66}],"r":[[0.988317,0.0920229,0.121494],[-0.118678,0.964811,0.234637],[-0.0956264,-0.246315,0.964461]],"s":0.939931,"t":[13.8108,54.0268,-48.611],"timestamp":669647934946},false],[6,{"currentFrameRate":54.204,"devices":[],"gestures":[],"hands":[{"armBasis":[[0.846556,-0.482734,-0.224301],[0.461471,0.875595,-0.142749],[0.265307,0.0173372,0.964008]],"armWidth":62.1429,"confidence":0.569516,"direction":[0.196403,0.428926,-0.88173],"elbow":[67.8623,303.869,317.187],"grabStrength":0.209295,"id":994,"palmNormal":[-0.428331,-0.771375,-0.470652],"palmPosition":[-0.0158242,322.138,15.1685],"palmVelocity":[-60.0245,70.548,-168.672],"palmWidth":88.738,"pinchStrength":0.779247,"r":[[0.98923,0.090409,0.115113],[-0.116042,0.963738,0.240298],[-0.0892135,-0.251068,0.96385]],"s":0.945124,"sphereCenter":[-11.0698,280.79,-23.3159],"sphereRadius":50.5471,"stabilizedPalmPosition":[31.3632,308.426,22.6355],"t":[12.7137,55.3152,-51.7099],"timeVisible":29.1751,"type":"right","wrist":[-1.99752,299.304,63.3469]}],"id":4978437,"interactionBox":{"center":[0,200,0],"size":[235.247,235.247,147.751]},"pointables":[{"bases":[[[0.776357,0.584465,0.235944],[-0.594938,0.555917,0.580522],[0.20813,-0.591064,0.779311]],[[0.673745,0.738769,-0.0169805],[-0.690327,0.637433,0.34224],[0.263661,-0.218861,0.939459]],[[0.673745,0.738769,-0.0169805],[-0.736218,0.673043,0.0706801],[0.0636449,-0.035119,0.997354]],[[0.673745,0.738769,-0.0169805],[-0.697845,0.628528,-0.34346],[-0.243065,0.243254,0.939014]]],"btipPosition":[-41.0909,309.089,-38.103],"carpPosition":[-31.6868,302.818,62.2281],"dipPosition":[-46.6387,314.641,-16.6706],"direction":[-0.0636449,0.035119,-0.997355],"extended":false,"handId":994,"id":9940,"length":50.8265,"mcpPosition":[-31.6868,302.818,62.2281],"pipPosition":[-44.5224,313.473,16.4932],"stabilizedTipPosition":[-23.3001,297.64,-11.7889],"timeVisible":29.1751,"tipPosition":[-42.7022,311.416,-32.9637],"tipVelocity":[-78.6209,92.9603,-152.362],"tool":false,"touchDistance":-0.420162,"touchZone":"hovering","type":0,"width":19.7488},{"bases":[[[0.902475,-0.391419,-0.179808],[0.430344,0.837274,0.337308],[0.0185199,-0.381791,0.924063]],[[0.897074,-0.355171,-0.262891],[0.321936,0.932844,-0.161736],[0.30268,0.0604552,0.951173]],[[0.897074,-0.355171,-0.262891],[0.269188,0.911051,-0.312288],[0.350423,0.209378,0.912888]],[[0.897074,-0.355171,-0.262891],[0.230223,0.883479,-0.407998],[0.377168,0.305481,0.874314]]],"btipPosition":[-43.0872,333.141,-80.4926],"carpPosition":[-14.5315,318.306,61.7483],"dipPosition":[-36.8025,338.231,-65.9241],"direction":[-0.350423,-0.209378,-0.912888],"extended":true,"handId":994,"id":9941,"length":57.352,"mcpPosition":[-15.8602,345.699,-4.5521],"pipPosition":[-28.5423,343.166,-44.4054],"stabilizedTipPosition":[-32.8995,322.581,-61.8938],"timeVisible":29.1751,"tipPosition":[-42.1189,333.151,-76.6104],"tipVelocity":[-88.6602,143.552,-157.666],"tool":false,"touchDistance":-0.373335,"touchZone":"hovering","type":1,"width":18.8641},{"bases":[[[0.810005,-0.576362,-0.108161],[0.577025,0.750461,0.322259],[-0.104567,-0.323443,0.940452]],[[0.813916,-0.561088,-0.150734],[0.356822,0.687513,-0.632459],[0.458497,0.460983,0.759786]],[[0.813916,-0.561088,-0.150734],[0.0795061,0.364574,-0.927774],[0.575517,0.743146,0.341342]],[[0.813916,-0.561088,-0.150734],[-0.0823371,0.145429,-0.985937],[0.575119,0.81488,0.0721684]]],"btipPosition":[-44.0454,280.06,-50.8527],"carpPosition":[-3.10685,315.266,59.6414],"dipPosition":[-33.5053,294.994,-49.5301],"direction":[-0.575517,-0.743146,-0.341342],"extended":false,"handId":994,"id":9942,"length":65.348,"mcpPosition":[4.00805,337.273,-4.34816],"pipPosition":[-17.5447,315.604,-40.0638],"stabilizedTipPosition":[-27.1281,272.203,-33.0417],"timeVisible":29.1751,"tipPosition":[-41.2313,284.006,-51.1356],"tipVelocity":[-116.53,81.0909,-127.416],"tool":false,"touchDistance":-0.432507,"touchZone":"touching","type":2,"width":18.527},{"bases":[[[0.739969,-0.6726,0.0074297],[0.629794,0.696671,0.343523],[-0.23623,-0.249517,0.939115]],[[0.758754,-0.646438,-0.0800656],[0.446171,0.605333,-0.659169],[0.474578,0.464424,0.747721]],[[0.758754,-0.646438,-0.0800656],[0.144115,0.28647,-0.947188],[0.635235,0.707144,0.310522]],[[0.758754,-0.646438,-0.0800656],[-0.0349211,0.0823714,-0.99599],[0.650441,0.758507,0.0399253]]],"btipPosition":[-28.1212,271.393,-41.1855],"carpPosition":[7.14055,309.312,57.8824],"dipPosition":[-16.2692,285.214,-40.458],"direction":[-0.635235,-0.707144,-0.310522],"extended":false,"handId":994,"id":9943,"length":62.8339,"mcpPosition":[21.5717,324.555,0.512176],"pipPosition":[0.892577,304.318,-32.0688],"stabilizedTipPosition":[-6.05888,260.242,-20.2438],"timeVisible":29.1751,"tipPosition":[-25.0275,275.174,-41.7745],"tipVelocity":[-107.003,89.3591,-160.91],"tool":false,"touchDistance":-0.47413,"touchZone":"hovering","type":3,"width":17.6296},{"bases":[[[0.593355,-0.802761,0.0592093],[0.713859,0.558777,0.422107],[-0.371936,-0.208192,0.90461]],[[0.631388,-0.774284,-0.0428088],[0.583783,0.510931,-0.630989],[0.510437,0.373408,0.77461]],[[0.631388,-0.774284,-0.0428088],[0.242809,0.249823,-0.937354],[0.736473,0.58144,0.345738]],[[0.631388,-0.774284,-0.0428088],[0.0362367,0.0846027,-0.995756],[0.77462,0.627157,0.0814746]]],"btipPosition":[-9.84611,274.526,-29.7419],"carpPosition":[13.7924,297.262,56.09],"dipPosition":[3.1754,285.068,-28.3723],"direction":[-0.736473,-0.58144,-0.345738],"extended":false,"handId":994,"id":9944,"length":49.2606,"mcpPosition":[34.8254,309.036,4.93422],"pipPosition":[17.2234,296.159,-21.7775],"stabilizedTipPosition":[19.9517,260.283,-8.15211],"timeVisible":29.1751,"tipPosition":[-6.57962,277.255,-29.681],"tip