{"sensorType":"Leap","data":[[0,{"currentFrameRate":44.5099,"devices":[],"gestures":[],"hands":[{"armBasis":[[0.878817,-0.413653,-0.23785],[0.393092,0.910187,-0.13053],[0.270482,0.0212151,0.962491]],"armWidth":62.1429,"confidence":0.323141,"direction":[-0.0737949,0.492368,-0.867253],"elbow":[71.8733,318.603,331.655],"grabStrength":0,"id":990,"palmNormal":[-0.510763,-0.765572,-0.39118],"palmPosition":[-11.7552,338.8,33.1833],"palmVelocity":[-2.6917,-32.0438,-220.518],"palmWidth":88.738,"pinchStrength":0.938929,"r":[[0.999942,-0.00927302,-0.00551746],[0.00936835,0.999803,0.0175109],[0.00535399,-0.0175616,0.999831]],"s":1.00056,"sphereCenter":[-20.5374,299.587,-6.48427],"sphereRadius":51.5233,"stabilizedPalmPosition":[-12.1861,341.698,51.3961],"t":[0.487967,-2.29855,-14.0684],"timeVisible":0.09426,"type":"right","wrist":[0.650625,313.017,78.2144]}],"id":4974931,"interactionBox":{"center":[0,200,0],"size":[235.247,235.247,147.751]},"pointables":[{"bases":[[[0.787113,0.614195,0.0567226],[-0.432126,0.48348,0.761258],[0.440137,-0.623708,0.645963]],[[0.596514,0.786331,-0.160795],[-0.587223,0.56416,0.580424],[0.547119,-0.251809,0.798281]],[[0.596514,0.786331,-0.160795],[-0.767764,0.617438,0.171199],[0.233899,0.0213298,0.972027]],[[0.596514,0.786331,-0.160795],[-0.802206,0.590427,-0.0886609],[0.0252207,0.181878,0.982998]]],"btipPosition":[-63.2852,322.221,-8.06882],"carpPosition":[-28.297,314.823,85.5511],"dipPosition":[-62.7095,326.372,14.3675],"direction":[-0.233899,-0.0213298,-0.972027],"extended":false,"handId":990,"id":9900,"length":50.8265,"mcpPosition":[-28.297,314.823,85.5511],"pipPosition":[-54.9319,327.081,46.6891],"stabilizedTipPosition":[-63.0983,323.338,15.6623],"timeVisible":0.09426,"tipPosition":[-63.2551,323.152,-2.84365],"tipVelocity":[-5.8088,2.65797,-228.127],"tool":false,"touchDistance":1,"touchZone":"none","type":0,"width":19.7488},{"bases":[[[0.831999,-0.325545,-0.44922],[0.472987,0.839417,0.2677],[0.289934,-0.435201,0.852372]],[[0.872797,-0.404856,-0.272612],[0.413854,0.909961,-0.0263848],[0.258749,-0.0897931,0.961762]],[[0.872797,-0.404856,-0.272612],[0.375009,0.913739,-0.15636],[0.3124,0.0342386,0.949333]],[[0.872797,-0.404856,-0.272612],[0.342891,0.906093,-0.247835],[0.34735,0.122834,0.929656]]],"btipPosition":[-57.3853,363.436,-57.7842],"carpPosition":[-12.5898,331.303,81.5379],"dipPosition":[-51.5975,365.483,-42.2936],"direction":[-0.3124,-0.0342386,-0.949333],"extended":true,"handId":990,"id":9901,"length":57.352,"mcpPosition":[-33.3922,362.528,20.3812],"pipPosition":[-44.2336,366.29,-19.9157],"stabilizedTipPosition":[-55.8715,362.422,-37.4835],"timeVisible":0.09426,"tipPosition":[-55.9683,364.014,-54.245],"tipVelocity":[-5.51718,21.819,-204.064],"tool":false,"touchDistance":0.536128,"touchZone":"hovering","type":1,"width":18.8641},{"bases":[[[0.770616,-0.519648,-0.368942],[0.613087,0.762536,0.206549],[0.173999,-0.385363,0.906212]],[[0.770377,-0.519119,-0.370182],[0.156401,0.716719,-0.679597],[0.618109,0.465649,0.633335]],[[0.770377,-0.519119,-0.370182],[-0.522809,-0.181987,-0.832797],[0.364953,0.835102,-0.411599]],[[0.770377,-0.519119,-0.370182],[-0.637327,-0.643622,-0.423752],[-0.0182797,0.562376,-0.82668]]],"btipPosition":[-52.7684,299.945,11.2901],"carpPosition":[-2.08751,329.079,76.1562],"dipPosition":[-53.1034,310.251,-3.86038],"direction":[-0.364953,-0.835102,0.411599],"extended":false,"handId":990,"id":9902,"length":65.348,"mcpPosition":[-13.9266,355.3,14.4964],"pipPosition":[-42.9823,333.411,-15.2751],"stabilizedTipPosition":[-52.1488,303.244,27.1644],"timeVisible":0.09426,"tipPosition":[-52.8454,302.315,7.80549],"tipVelocity":[-15.1666,-7.4078,-236.738],"tool":false,"touchDistance":0.333333,"touchZone":"none","type":2,"width":18.527},{"bases":[[[0.739397,-0.626688,-0.246077],[0.671812,0.710788,0.208445],[0.0442793,-0.319441,0.946571]],[[0.740381,-0.635828,-0.218079],[0.260368,0.570375,-0.779026],[0.619713,0.519995,0.587844]],[[0.740381,-0.635828,-0.218079],[-0.479383,-0.272031,-0.834381],[0.471199,0.722303,-0.506212]],[[0.740381,-0.635828,-0.218079],[-0.661766,-0.63257,-0.402394],[0.117903,0.442242,-0.889113]]],"btipPosition":[-37.0877,293.146,17.6506],"carpPosition":[7.49907,323.862,71.2139],"dipPosition":[-34.9393,301.204,1.44956],"direction":[-0.471199,-0.722303,0.506212],"extended":false,"handId":990,"id":9903,"length":62.8339,"mcpPosition":[4.79407,343.376,13.3881],"pipPosition":[-22.2092,320.718,-12.2265],"stabilizedTipPosition":[-35.3605,297.385,32.8375],"timeVisible":0.09426,"tipPosition":[-36.4393,295.281,13.6458],"tipVelocity":[-18.6797,-18.9736,-237.687],"tool":false,"touchDistance":0.333333,"touchZone":"none","type":3,"width":17.6296},{"bases":[[[0.618318,-0.768218,-0.165904],[0.779892,0.573629,0.250436],[-0.097222,-0.284236,0.953812]],[[0.620039,-0.762728,-0.183841],[0.333088,0.468064,-0.818516],[0.710354,0.446277,0.544273]],[[0.620039,-0.762728,-0.183841],[-0.532807,-0.237349,-0.812269],[0.575906,0.601591,-0.553553]],[[0.620039,-0.762728,-0.183841],[-0.758431,-0.522714,-0.389298],[0.200832,0.380811,-0.902579]]],"btipPosition":[-19.4879,295.166,19.7963],"carpPosition":[13.8713,312.359,66.7718],"dipPosition":[-16.1119,301.568,4.6238],"direction":[-0.575906,-0.601591,0.553553],"extended":false,"handId":990,"id":9904,"length":49.2606,"mcpPosition":[19.3692,328.432,12.8337],"pipPosition":[-5.12666,313.043,-5.93507],"stabilizedTipPosition":[-17.9607,298.671,36.5069],"timeVisible":0.09426,"tipPosition":[-18.6983,296.616,16.4065],"tipVelocity":[-16.507,-21.535,-243.221],"tool":false,"touchDistance":0.333333,"touchZone":"none","type":4,"width":15.66}],"r":[[0.999942,-0.00927302,-0.00551746],[0.00936835,0.999803,0.0175109],[0.00535399,-0.0175616,0.999831]],"s":1.00056,"t":[0.487967,-2.29855,-14.0684],"timestamp":669582263698},false],[1,{"currentFrameRate":45.2621,"devices":[],"gestures":[],"hands":[{"armBasis":[[0.876823,-0.42681,-0.221393],[0.398744,0.902783,-0.161202],[0.268673,0.0530666,0.961769]],"armWidth":62.1429,"confidence":0.370552,"direction":[-0.0750639,0.496353,-0.864869],"elbow":[71.9923,325.88,328.336],"grabStrength":0,"id":990,"palmNormal":[-0.530766,-0.754137,-0.386737],"palmPosition":[-11.219,338.066,30.2883],"palmVelocity":[12.5371,-35.3442,-187.365],"palmWidth":88.738,"pinchStrength":0.936959,"r":[[0.999831,-0.0159754,-0.00914906],[0.0161806,0.999609,0.0228176],[0.00878096,-0.0229618,0.999698]],"s":0.99974,"sphereCenter":[-21.247,299.076,-9.40804],"sphereRadius":51.5562,"stabilizedPalmPosition":[-12.186,341.697,51.3925],"t":[0.728255,-2.96738,-17.6011],"timeVisible":0.113185,"type":"right","wrist":[1.24605,311.907,75.0854]}],"id":4974932,"interactionBox":{"center":[0,200,0],"size":[235.247,235.247,147.751]},"pointables":[{"bases":[[[0.799783,0.598339,0.048354],[-0.412736,0.489624,0.768061],[0.435885,-0.63424,0.638549]],[[0.611215,0.774073,-0.165005],[-0.568956,0.574651,0.588273],[0.550187,-0.265681,0.791649]],[[0.611215,0.774073,-0.165005],[-0.752397,0.632969,0.182342],[0.245589,0.0126987,0.969291]],[[0.611215,0.774073,-0.165005],[-0.790316,0.608146,-0.0745664],[0.042627,0.175982,0.98347]]],"btipPosition":[-63.4878,322.758,-10.4202],"carpPosition":[-27.5644,314.263,82.7966],"dipPosition":[-62.5149,326.774,12.0269],"direction":[-0.245589,-0.0126987,-0.969291],"extended":false,"handId":990,"id":9900,"length":50.8265,"mcpPosition":[-27.5644,314.263,82.7966],"pipPosition":[-54.3486,327.197,44.2575],"stabilizedTipPosition":[-63.0983,323.338,15.6613],"timeVisible":0.113185,"tipPosition":[-63.4003,323.618,-5.16701],"tipVelocity":[-5.84412,14.4683,-177.074],"tool":false,"touchDistance":0.930112,"touchZone":"hovering","type":0,"width":19.7488},{"bases":[[[0.8196,-0.34057,-0.460726],[0.492891,0.829087,0.263956],[0.292086,-0.443426,0.847384]],[[0.860989,-0.420984,-0.28543],[0.431073,0.901825,-0.0297986],[0.269953,-0.0973849,0.957936]],[[0.860989,-0.420984,-0.28543],[0.390561,0.906707,-0.159202],[0.325823,0.025593,0.945084]],[[0.860989,-0.420984,-0.28543],[0.357066,0.899933,-0.250247],[0.362218,0.113543,0.925152]]],"btipPosition":[-57.5697,363.841,-60.0001],"carpPosition":[-11.5862,330.441,78.6286],"dipPosition":[-51.5341,365.733,-44.5846],"direction":[-0.325823,-0.025593,-0.945084],"extended":true,"handId":990,"id":9901,"length":57.352,"mcpPosition":[-32.543,362.256,17.8298],"pipPosition":[-43.8538,366.336,-22.3068],"stabilizedTipPosition":[-55.8715,362.422,-37.4849],"timeVisible":0.113185,"tipPosition":[-56.0737,364.39,-56.4848],"tipVelocity":[-6.11286,20.6846,-161.82],"tool":false,"touchDistance":0.482352,"touchZone":"hovering","type":1,"width":18.8641},{"bases":[[[0.755411,-0.533663,-0.380207],[0.630651,0.749637,0.200805],[0.177856,-0.391468,0.90284]],[[0.755167,-0.533126,-0.381443],[0.161902,0.71554,-0.679551],[0.635225,0.451418,0.626666]],[[0.755167,-0.533126,-0.381443],[-0.536873,-0.169094,-0.826544],[0.376153,0.828965,-0.413915]],[[0.755167,-0.533126,-0.381443],[-0.655295,-0.62961,-0.417349],[-0.0176608,0.565126,-0.824816]]],"btipPosition":[-53.2692,300.096,8.81373],"carpPosition":[-1.19936,328.026,73.1068],"dipPosition":[-53.5929,310.453,-6.30259],"direction":[-0.376153,-0.828965,0.413915],"extended":false,"handId":990,"id":9902,"length":65.348,"mcpPosition":[-13.3009,354.662,11.6764],"pipPosition":[-43.1612,333.442,-17.7815],"stabilizedTipPosition":[-52.1489,303.244,27.1631],"timeVisible":0.113185,"tipPosition":[-53.3436,302.478,5.33698],"tipVelocity":[-20.6436,0.451019,-184.56],"tool":false,"touchDistance":0.333333,"touchZone":"none","type":2,"width":18.527},{"bases":[[[0.723646,-0.640436,-0.257251],[0.688359,0.696733,0.201806],[0.0499917,-0.323117,0.945038]],[[0.724784,-0.649467,-0.229957],[0.267023,0.572472,-0.775225],[0.635127,0.500467,0.588341]],[[0.724784,-0.649467,-0.229957],[-0.491984,-0.254218,-0.832661],[0.482327,0.716635,-0.503781]],[[0.724784,-0.649467,-0.229957],[-0.678879,-0.616277,-0.399157],[0.117522,0.445415,-0.887578]]],"btipPosition":[-37.6828,293.09,14.443],"carpPosition":[8.21829,322.635,68.0279],"dipPosition":[-35.5413,301.206,-1.7301],"direction":[-0.482327,-0.716635,0.503781],"extended":false,"handId":990,"id":9903,"length":62.8339,"mcpPosition":[5.16431,342.374,10.2958],"pipPosition":[-22.5106,320.567,-15.3404],"stabilizedTipPosition":[-35.3608,297.385,32.8344],"timeVisible":0.113185,"tipPosition":[-37.0356,295.164,10.6596],"tipVelocity":[-24.9869,-10.76,-204.046],"tool":false,"touchDistance":0.333333,"touchZone":"none","type":3,"width":17.6296},{"bases":[[[0.600817,-0.779787,-0.175929],[0.794227,0.557338,0.242031],[-0.0906808,-0.285143,0.954186]],[[0.602373,-0.774449,-0.193326],[0.333374,0.464153,-0.820624],[0.725265,0.429872,0.537774]],[[0.602373,-0.774449,-0.193326],[-0.546106,-0.223207,-0.807432],[0.582164,0.591952,-0.557386]],[[0.602373,-0.774449,-0.193326],[-0.773049,-0.505675,-0.382999],[0.198854,0.380159,-0.903292]]],"btipPosition":[-20.0251,294.641,16.7854],"carpPosition":[14.3044,311.022,63.4728],"dipPosition":[-16.6823,301.032,1.60089],"direction":[-0.582164,-0.591952,0.557386],"extended":false,"handId":990,"id":9904,"length":49.2606,"mcpPosition":[19.4324,327.147,9.51356],"pipPosition":[-5.5777,312.323,-9.03109],"stabilizedTipPosition":[-17.9608,298.67,36.5044],"timeVisible":0.113185,"tipPosition":[-19.2295,296.086,13.4234],"tipVelocity":[-22.5347,-24.6427,-202.001],"tool":false,"touchDistance":0.333333,"touchZone":"none","type":4,"width":15.66}],"r":[[0.999831,-0.0159754,-0.00914906],[0.0161806,0.999609,0.0228176],[0.00878096,-0.0229618,0.999698]],"s":0.99974,"t":[0.728255,-2.96738,-17.6011],"timestamp":669582282623},false],[2,{"currentFrameRate":45.9715,"devices":[],"gestures":[],"hands":[{"armBasis":[[0.875499,-0.427261,-0.22572],[0.399527,0.902787,-0.159227],[0.271809,0.049222,0.961092]],"armWidth":62.1429,"confidence":0.405194,"direction":[-0.0743564,0.509663,-0.857155],"elbow":[72.3257,324.794,324.439],"grabStrength":0,"id":990,"palmNormal":[-0.536154,-0.745168,-0.396566],"palmPosition":[-11.672,338.731,26.9986],"palmVelocity":[-5.35992,-0.780436,-181.268],"palmWidth":88.738,"pinchStrength":0.935866,"r":[[0.999668,-0.0224561,-0.0126562],[0.0228277,0.999289,0.0300213],[0.0119731,-0.0303002,0.999469]],"s":0.998488,"sphereCenter":[-22.045,300.36,-13.2497],"sphereRadius":51.5413,"stabilizedPalmPosition":[-12.1859,341.697,51.3906],"t":[0.621923,-2.96911,-21.0123],"timeVisible":0.131995,"type":"right","wrist":[0.753642,311.833,71.3668]}],"id":4974933,"interactionBox":{"center":[0,200,0],"size":[235.247,235.247,147.751]},"pointables":[{"bases":[[[0.803392,0.592887,0.055186],[-0.407908,0.480471,0.776375],[0.433788,-0.646245,0.627851]],[[0.616783,0.771982,-0.153694],[-0.564598,0.569945,0.596985],[0.548459,-0.281435,0.787392]],[[0.616783,0.771982,-0.153694],[-0.747564,0.635632,0.192665],[0.246427,-0.00393607,0.969153]],[[0.616783,0.771982,-0.153694],[-0.785776,0.615328,-0.0626675],[0.0461942,0.159422,0.986129]]],"btipPosition":[-63.9714,324.434,-13.8776],"carpPosition":[-28.0228,314.241,79.1882],"dipPosition":[-62.9171,328.072,8.63019],"direction":[-0.246427,0.00393607,-0.969153],"extended":false,"handId":990,"id":9900,"length":50.8265,"mcpPosition":[-28.0228,314.241,79.1882],"pipPosition":[-54.723,327.941,40.8562],"stabilizedTipPosition":[-63.0983,323.338,15.6599],"timeVisible":0.131995,"tipPosition":[-63.9175,325.176,-8.58545],"tipVelocity":[-15.0673,48.6884,-180.001],"tool":false,"touchDistance":0.818783,"touchZone":"hovering","type":0,"width":19.7488},{"bases":[[[0.816418,-0.338401,-0.467918],[0.498406,0.822166,0.275018],[0.29164,-0.457743,0.839892]],[[0.857675,-0.421346,-0.294721],[0.435729,0.899888,-0.018493],[0.273008,-0.112558,0.955404]],[[0.857675,-0.421346,-0.294721],[0.394586,0.906836,-0.148158],[0.32969,0.010779,0.944028]],[[0.857675,-0.421346,-0.294721],[0.360554,0.901462,-0.239514],[0.366598,0.0991627,0.92508]]],"btipPosition":[-58.2044,366.038,-62.7386],"carpPosition":[-11.9608,330.386,75.2203],"dipPosition":[-52.0959,367.691,-47.3243],"direction":[-0.32969,-0.0107791,-0.944028],"extended":true,"handId":990,"id":9901,"length":57.352,"mcpPosition":[-32.8856,363.229,14.9591],"pipPosition":[-44.3244,367.945,-25.0715],"stabilizedTipPosition":[-55.8717,362.423,-37.4884],"timeVisible":0.131995,"tipPosition":[-56.6581,366.556,-59.232],"tipVelocity":[-19.182,66.2336,-153.893],"tool":false,"touchDistance":0.426368,"touchZone":"hovering","type":1,"width":18.8641},{"bases":[[[0.751305,-0.5323,-0.390125],[0.635538,0.74287,0.210325],[0.177856,-0.405958,0.896418]],[[0.751061,-0.531743,-0.391353],[0.164359,0.724672,-0.669206],[0.639448,0.438292,0.631669]],[[0.751061,-0.531743,-0.391353],[-0.539954,-0.153586,-0.827563],[0.379945,0.832863,-0.402469]],[[0.751061,-0.531743,-0.391353],[-0.660028,-0.619475,-0.424986],[-0.01645,0.577494,-0.816229]]],"btipPosition":[-53.9982,301.332,5.0697],"carpPosition":[-1.60239,327.994,69.6358],"dipPosition":[-54.2997,311.916,-9.88925],"direction":[-0.379945,-0.832863,0.402469],"extended":false,"handId":990,"id":9902,"length":65.348,"mcpPosition":[-13.704,355.616,8.64238],"pipPosition":[-43.7628,335.013,-21.0508],"stabilizedTipPosition":[-52.149,303.244,27.1616],"timeVisible":0.131995,"tipPosition":[-54.0675,303.766,1.62914],"tipVelocity":[-29.3631,33.7021,-190.699],"tool":false,"touchDistance":0.333333,"touchZone":"none","type":2,"width":18.527},{"bases":[[[0.719228,-0.640714,-0.268696],[0.692937,0.689621,0.210383],[0.0505026,-0.337503,0.939969]],[[0.72035,-0.649814,-0.242563],[0.271333,0.585843,-0.763654],[0.638337,0.484283,0.598328]],[[0.72035,-0.649814,-0.242563],[-0.494463,-0.235854,-0.836588],[0.486417,0.722575,-0.491207]],[[0.72035,-0.649814,-0.242563],[-0.683585,-0.605868,-0.406983],[0.117502,0.458983,-0.880641]]],"btipPosition":[-38.4117,294.256,10.2756],"carpPosition":[7.77059,322.625,64.4521],"dipPosition":[-36.2706,302.62,-5.77108],"direction":[-0.486417,-0.722575,0.491207],"extended":false,"handId":990,"id":9903,"length":62.8339,"mcpPosition":[4.6854,343.243,7.02971],"pipPosition":[-23.1294,322.141,-19.0417],"stabilizedTipPosition":[-35.361,297.385,32.8319],"timeVisible":0.131995,"tipPosition":[-37.785,296.332,6.6336],"tipVelocity":[-31.7165,26.2774,-211.847],"tool":false,"touchDistance":0.333333,"touchZone":"none","type":3,"width":17.6296},{"bases":[[[0.595793,-0.780549,-0.189142],[0.798089,0.549027,0.248242],[-0.0899215,-0.298853,0.950053]],[[0.597265,-0.775238,-0.205623],[0.337217,0.475338,-0.812612],[0.727708,0.416006,0.545326]],[[0.597265,-0.775238,-0.205623],[-0.546986,-0.206213,-0.811346],[0.586584,0.597062,-0.547207]],[[0.597265,-0.775238,-0.205623],[-0.776404,-0.494542,-0.390673],[0.201175,0.392982,-0.89727]]],"btipPosition":[-20.803,295.606,12.6985],"carpPosition":[13.777,311.046,59.708],"dipPosition":[-17.4212,302.212,-2.38477],"direction":[-0.586584,-0.597062,0.547207],"extended":false,"handId":990,"id":9904,"length":49.2606,"mcpPosition":[18.862,327.946,5.98245],"pipPosition":[-6.23229,313.601,-12.8226],"stabilizedTipPosition":[-17.9609,298.67,36.5026],"timeVisible":0.131995,"tipPosition":[-19.9876,297.084,9.41634],"tipVelocity":[-31.5013,13.7496,-208.86],"tool":false,"touchDistance":0.333333,"touchZone":"none","type":4,"width":15.66}],"r":[[0.999668,-0.0224561,-0.0126562],[0.0228277,0.999289,0.0300213],[0.0119731,-0.0303002,0.999469]],"s":0.998488,"t":[0.621923,-2.96911,-21.0123],"timestamp":669582301433},false],[3,{"currentFrameRate":46.6047,"devices":[],"gestures":[],"hands":[{"armBasis":[[0.872661,-0.429188,-0.232938],[0.402884,0.902335,-0.153216],[0.275947,0.0398581,0.960346]],"armWidth":62.1429,"confidence":0.445753,"direction":[-0.0741204,0.500614,-0.862491],"elbow":[73.1272,322.751,321.996],"grabStrength":0,"id":990,"palmNormal":[-0.533263,-0.75073,-0.389917],"palmPosition":[-11.9492,338.662,24.4533],"palmVelocity":[-9.9316,-2.20461,-158.565],"palmWidth":88.738,"pinchStrength":0.931681,"r":[[0.99952,-0.0270754,-0.0150673],[0.027571,0.999051,0.0337189],[0.01414,-0.0341181,0.999318]],"s":0.996827,"sphereCenter":[-22.1633,299.766,-15.4235],"sphereRadius":51.5415,"stabilizedPalmPosition":[-12.1859,341.697,51.3896],"t":[0.430146,-3.00476,-23.9905],"timeVisible":0.150861,"type":"right","wrist":[0.46562,312.256,69.1196]}],"id":4974934,"interactionBox":{"center":[0,200,0],"size":[235.247,235.247,147.751]},"pointables":[{"bases":[[[0.8016,0.595712,0.0506379],[-0.410788,0.487258,0.770606],[0.434385,-0.638519,0.635297]],[[0.616728,0.771003,-0.158749],[-0.567354,0.575168,0.589314],[0.545671,-0.27338,0.792154]],[[0.616728,0.771003,-0.158749],[-0.748498,0.636814,0.184985],[0.243717,0.00473836,0.969835]],[[0.616728,0.771003,-0.158749],[-0.785822,0.614842,-0.0667291],[0.0461575,0.165902,0.985061]]],"btipPosition":[-64.0547,324.027,-16.4356],"carpPosition":[-28.3328,314.662,76.8603],"dipPosition":[-63.0012,327.813,6.04784],"direction":[-0.243717,-0.00473836,-0.969835],"extended":false,"handId":990,"id":9900,"length":50.8265,"mcpPosition":[-28.3328,314.662,76.8603],"pipPosition":[-54.8972,327.971,38.2965],"stabilizedTipPosition":[-63.0983,323.338,15.659],"timeVisible":0.150861,"tipPosition":[-64.0187,324.73,-11.1329],"tipVelocity":[-9.85512,15.1576,-158.393],"tool":false,"touchDistance":0.731785,"touchZone":"hovering","type":0,"width":19.7488},{"bases":[[[0.818288,-0.340861,-0.462838],[0.495535,0.826367,0.267512],[0.291289,-0.448255,0.845114]],[[0.859292,-0.421465,-0.289799],[0.432209,0.9013,-0.0292371],[0.273518,-0.10013,0.956641]],[[0.859292,-0.421465,-0.289799],[0.390405,0.9065,-0.160753],[0.330455,0.0249949,0.943491]],[[0.859292,-0.421465,-0.289799],[0.35583,0.89959,-0.253224],[0.367426,0.114475,0.922981]]],"btipPosition":[-58.5805,364.672,-65.5802],"carpPosition":[-12.3088,330.812,72.7576],"dipPosition":[-52.4582,366.58,-50.2008],"direction":[-0.330455,-0.0249949,-0.943491],"extended":true,"handId":990,"id":9901,"length":57.352,"mcpPosition":[-33.2085,362.974,12.1217],"pipPosition":[-44.6686,367.169,-27.9607],"stabilizedTipPosition":[-55.8718,362.423,-37.4904],"timeVisible":0.150861,"tipPosition":[-56.9707,365.321,-62.1009],"tipVelocity":[-19.4686,-0.148098,-152.499],"tool":false,"touchDistance":0.37432,"touchZone":"hovering","type":1,"width":18.8641},{"bases":[[[0.753572,-0.534135,-0.383182],[0.633018,0.746802,0.203902],[0.177249,-0.396216,0.900886]],[[0.753329,-0.533592,-0.384415],[0.163616,0.718223,-0.676303],[0.636966,0.446582,0.628362]],[[0.753329,-0.533592,-0.384415],[-0.537894,-0.163622,-0.826981],[0.378372,0.829764,-0.410277]],[[0.753329,-0.533592,-0.384415],[-0.657437,-0.62569,-0.419868],[-0.0164866,0.569027,-0.822153]]],"btipPosition":[-54.1263,300.918,2.82843],"carpPosition":[-1.93279,328.392,67.218],"dipPosition":[-54.4284,311.347,-12.2391],"direction":[-0.378372,-0.829764,0.410277],"extended":false,"handId":990,"id":9902,"length":65.348,"mcpPosition":[-13.993,355.351,5.92058],"pipPosition":[-43.9352,334.358,-23.6171],"stabilizedTipPosition":[-52.1491,303.244,27.1607],"timeVisible":0.150861,"tipPosition":[-54.1958,303.317,-0.637099],"tipVelocity":[-18.3107,5.53381,-156.133],"tool":false,"touchDistance":0.333333,"touchZone":"none","type":2,"width":18.527},{"bases":[[[0.721564,-0.641387,-0.260706],[0.690567,0.693721,0.204619],[0.0496169,-0.327681,0.943485]],[[0.722638,-0.649972,-0.235224],[0.272134,0.580338,-0.767562],[0.635403,0.490657,0.596254]],[[0.722638,-0.649972,-0.235224],[-0.491977,-0.244598,-0.835542],[0.485543,0.719519,-0.496528]],[[0.722638,-0.649972,-0.235224],[-0.681196,-0.611886,-0.401955],[0.117329,0.450702,-0.88493]]],"btipPosition":[-38.508,293.984,8.02886],"carpPosition":[7.4655,322.997,62.1079],"dipPosition":[-36.3701,302.196,-8.09597],"direction":[-0.485543,-0.719519,0.496528],"extended":false,"handId":990,"id":9903,"length":62.8339,"mcpPosition":[4.43442,343.015,4.47069],"pipPosition":[-23.2525,321.635,-21.5103],"stabilizedTipPosition":[-35.3612,297.384,32.8304],"timeVisible":0.150861,"tipPosition":[-37.8971,296.001,4.40676],"tipVelocity":[-18.7031,5.42738,-166.883],"tool":false,"touchDistance":0.333333,"touchZone":"none","type":3,"width":17.6296},{"bases":[[[0.59837,-0.780749,-0.179957],[0.796042,0.553823,0.244124],[-0.0909356,-0.28933,0.9529]],[[0.599774,-0.775924,-0.19548],[0.347178,0.472451,-0.810097],[0.720929,0.41801,0.552748]],[[0.599774,-0.775924,-0.19548],[-0.538086,-0.210295,-0.816235],[0.592228,0.594742,-0.543643]],[[0.599774,-0.775924,-0.19548],[-0.772938,-0.498618,-0.39236],[0.206972,0.386421,-0.8988]]],"btipPosition":[-20.98,295.493,10.026],"carpPosition":[13.5139,311.387,57.4947],"dipPosition":[-17.5008,301.989,-5.08303],"direction":[-0.592228,-0.594742,0.543643],"extended":false,"handId":990,"id":9904,"length":49.2606,"mcpPosition":[18.6564,327.748,3.60812],"pipPosition":[-6.20419,313.334,-15.4529],"stabilizedTipPosition":[-17.961,298.67,36.5015],"timeVisible":0.150861,"tipPosition":[-20.1263,296.907,6.92043],"tipVelocity":[-20.086,3.4392,-176.1],"tool":false,"touchDistance":0.333333,"touchZone":"none","type":4,"width":15.66}],"r":[[0.99952,-0.0270754,-0.0150673],[0.027571,0.999051,0.0337189],[0.01414,-0.0341181,0.999318]],"s":0.996827,"t":[0.430146,-3.00476,-23.9905],"timestamp":669582320299},false],[4,{"currentFrameRate":47.1834,"devices":[],"gestures":[],"hands":[{"armBasis":[[0.867487,-0.437907,-0.236015],[0.411223,0.898237,-0.155135],[0.279932,0.0375228,0.959286]],"armWidth":62.1429,"confidence":0.477087,"direction":[-0.0736446,0.500494,-0.862602],"elbow":[74.3045,322.051,319.586],"grabStrength":0,"id":990,"palmNormal":[-0.542488,-0.745892,-0.386462],"palmPosition":[-11.7915,338.653,22.3604],"palmVelocity":[-0.975804,-1.34512,-135.278],"palmWidth":88.738,"pinchStrength":0.924391,"r":[[0.999303,-0.0327042,-0.0180178],[0.0333441,0.998779,0.0364407],[0.016804,-0.0370161,0.999173]],"s":0.995523,"sphereCenter":[-22.5702,299.713,-17.46],"sphereRadius":51.6014,"stabilizedPalmPosition":[-12.1859,341.697,51.3892],"t":[0.413085,-3.02682,-26.5261],"timeVisible":0.169716,"type":"right","wrist":[0.59347,312.171,66.9894]}],"id":4974935,"interactionBox":{"center":[0,200,0],"size":[235.247,235.247,147.751]},"pointables":[{"bases":[[[0.807583,0.587959,0.045981],[-0.402127,0.491947,0.772193],[0.431398,-0.6421,0.633722]],[[0.625919,0.763239,-0.160289],[-0.558221,0.581977,0.591348],[0.544624,-0.280659,0.790326]],[[0.625919,0.763239,-0.160289],[-0.73933,0.646117,0.189537],[0.248227,-0.000127961,0.968702]],[[0.625919,0.763239,-0.160289],[-0.777829,0.625864,-0.0572327],[0.0566371,0.160501,0.985409]]],"btipPosition":[-64.2007,324.867,-18.3035],"carpPosition":[-28.1406,314.863,74.8736],"dipPosition":[-62.908,328.53,4.18783],"direction":[-0.248227,0.000127961,-0.968702],"extended":false,"handId":990,"id":9900,"length":50.8265,"mcpPosition":[-28.1406,314.863,74.8736],"pipPosition":[-54.654,328.526,36.3988],"stabilizedTipPosition":[-63.0983,323.338,15.6583],"timeVisible":0.169716,"tipPosition":[-64.1132,325.429,-12.9878],"tipVelocity":[-7.39292,28.8257,-129.303],"tool":false,"touchDistance":0.663947,"touchZone":"hovering","type":0,"width":19.7488},{"bases":[[[0.812585,-0.349217,-0.466641],[0.504874,0.821775,0.264175],[0.29122,-0.450259,0.844072]],[[0.853572,-0.429726,-0.294533],[0.440186,0.897283,-0.0334592],[0.278658,-0.10109,0.955055]],[[0.853572,-0.429726,-0.294533],[0.3973,0.902633,-0.165551],[0.336997,0.0242914,0.941192]],[[0.853572,-0.429726,-0.294533],[0.361807,0.895739,-0.258353],[0.374846,0.113959,0.920056]]],"btipPosition":[-58.7418,364.923,-67.42],"carpPosition":[-11.9819,330.853,70.6737],"dipPosition":[-52.4958,366.821,-52.0893],"direction":[-0.336997,-0.0242914,-0.941192],"extended":true,"handId":990,"id":9901,"length":57.352,"mcpPosition":[-32.8766,363.158,10.1126],"pipPosition":[-44.5521,367.394,-29.9034],"stabilizedTipPosition":[-55.8718,362.423,-37.4915],"timeVisible":0.169716,"tipPosition":[-57.0712,365.592,-63.9633],"tipVelocity":[-13.3866,6.37084,-125.9],"tool":false,"touchDistance":0.342457,"touchZone":"hovering","type":1,"width":18.8641},{"bases":[[[0.746404,-0.541779,-0.386466],[0.641253,0.74082,0.199948],[0.177974,-0.397064,0.900369]],[[0.74616,-0.541235,-0.387699],[0.167133,0.715963,-0.677837],[0.644447,0.440978,0.624681]],[[0.74616,-0.541235,-0.387699],[-0.543648,-0.159179,-0.82408],[0.384308,0.825667,-0.413015]],[[0.74616,-0.541235,-0.387699],[-0.665595,-0.619682,-0.415907],[-0.0151464,0.568383,-0.822625]]],"btipPosition":[-54.4417,301.3,0.987193],"carpPosition":[-1.65806,328.327,65.084],"dipPosition":[-54.7193,311.717,-14.089],"direction":[-0.384308,-0.825667,0.413015],"extended":false,"handId":990,"id":9902,"length":65.348,"mcpPosition":[-13.7676,355.344,3.82171],"pipPosition":[-44.0615,334.615,-25.5429],"stabilizedTipPosition":[-52.1491,303.244,27.1602],"timeVisible":0.169716,"tipPosition":[-54.5056,303.696,-2.48032],"tipVelocity":[-17.3908,12.6697,-127.554],"tool":false,"touchDistance":0.333333,"touchZone":"none","type":2,"width":18.527},{"bases":[[[0.713981,-0.6486,-0.263723],[0.698289,0.687185,0.200426],[0.0512301,-0.327255,0.943546]],[[0.715082,-0.656986,-0.238804],[0.274594,0.578153,-0.768334],[0.64285,0.483848,0.593831]],[[0.715082,-0.656986,-0.238804],[-0.498422,-0.239659,-0.83315],[0.490137,0.714795,-0.498832]],[[0.715082,-0.656986,-0.238804],[-0.689223,-0.60557,-0.397814],[0.116746,0.449059,-0.885842]]],"btipPosition":[-38.8487,294.251,6.03331],"carpPosition":[7.66142,322.836,59.9316],"dipPosition":[-36.7214,302.434,-10.1081],"direction":[-0.490137,-0.714795,0.498832],"extended":false,"handId":990,"id":9903,"length":62.8339,"mcpPosition":[4.53179,342.828,2.29069],"pipPosition":[-23.4796,321.745,-23.5848],"stabilizedTipPosition":[-35.3613,297.384,32.8296],"timeVisible":0.169716,"tipPosition":[-38.2494,296.243,2.43472],"tipVelocity":[-18.4543,9.54618,-137.095],"tool":false,"touchDistance":0.333333,"touchZone":"none","type":3,"width":17.6296},{"bases":[[[0.589854,-0.786684,-0.182212],[0.802602,0.546308,0.239535],[-0.0888945,-0.287534,0.953636]],[[0.59113,-0.782245,-0.196613],[0.352914,0.470035,-0.809023],[0.72527,0.408851,0.553918]],[[0.59113,-0.782245,-0.196613],[-0.541335,-0.204065,-0.815668],[0.597931,0.5886,-0.544086]],[[0.59113,-0.782245,-0.196613],[-0.779403,-0.491246,-0.388855],[0.207595,0.383105,-0.900075]]],"btipPosition":[-21.3048,295.658,7.77858],"carpPosition":[13.5735,311.164,55.2994],"dipPosition":[-17.8151,302.098,-7.35185],"direction":[-0.59793,-0.5886,0.544086],"extended":false,"handId":990,"id":9904,"length":49.2606,"mcpPosition":[18.6005,327.424,1.3712],"pipPosition":[-6.40972,313.325,-17.7301],"stabilizedTipPosition":[-17.9611,298.67,36.5009],"timeVisible":0.169716,"tipPosition":[-20.4542,297.03,4.73027],"tipVelocity":[-18.6226,5.68883,-148.368],"tool":false,"touchDistance":0.333333,"touchZone":"none","type":4,"width":15.66}],"r":[[0.999303,-0.0327042,-0.0180178],[0.0333441,0.998779,0.0364407],[0.016804,-0.0370161,0.999173]],"s":0.995523,"t":[0.413085,-3.02682,-26.5261],"timestamp":669582339154},false],[5,{"currentFrameRate":47.6811,"devices":[],"gestures":[],"hands":[{"armBasis":[[0.866218,-0.444204,-0.228799],[0.415105,0.894626,-0.165322],[0.278126,0.0482291,0.959333]],"armWidth":62.1429,"confidence":0.48585,"direction":[-0.0721455,0.500307,-0.862837],"elbow":[73.9833,324.04,317.82],"grabStrength":0,"id":990,"palmNormal":[-0.549955,-0.741654,-0.384056],"palmPosition":[-11.5542,337.885,20.5956],"palmVelocity":[5.65284,-20.5923,-114.464],"palmWidth":88.738,"pinchStrength":0.912581,"r":[[0.999023,-0.0388842,-0.0210113],[0.0396704,0.998475,0.0383954],[0.0194863,-0.0391915,0.999042]],"s":0.994912,"sphereCenter":[-22.717,298.824,-19.2417],"sphereRadius":51.7499,"stabilizedPalmPosition":[-12.1859,341.697,51.3888],"t":[0.523197,-3.422,-28.6763],"timeVisible":0.188699,"type":"right","wrist":[0.747903,311.34,65.2105]}],"id":4974936,"interactionBox":{"center":[0,200,0],"size":[235.247,235.247,147.751]},"pointables":[{"bases":[[[0.81264,0.581185,0.0428937],[-0.395544,0.496018,0.772988],[0.427973,-0.645128,0.632969]],[[0.634816,0.755874,-0.160196],[-0.550017,0.587687,0.593384],[0.542669,-0.28858,0.788817]],[[0.634816,0.755874,-0.160196],[-0.730255,0.65468,0.195246],[0.252459,-0.0069616,0.967583]],[[0.634816,0.755874,-0.160196],[-0.769713,0.636751,-0.0457142],[0.0674509,0.152325,0.986026]]],"btipPosition":[-64.2901,325.085,-19.8983],"carpPosition":[-27.9375,314.281,73.1823],"dipPosition":[-62.7505,328.561,2.60714],"direction":[-0.252459,0.0069616,-0.967583],"extended":false,"handId":990,"id":9900,"length":50.8265,"mcpPosition":[-27.9375,314.281,73.1823],"pipPosition":[-54.3558,328.33,34.7809],"stabilizedTipPosition":[-63.0984,323.338,15.6579],"timeVisible":0.188699,"tipPosition":[-64.1002,325.442,-14.5881],"tipVelocity":[-4.59955,19.1711,-106.939],"tool":false,"touchDistance":0.607013,"touchZone":"hovering","type":0,"width":19.7488},{"bases":[[[0.808147,-0.356468,-0.46886],[0.512596,0.817739,0.261816],[0.290076,-0.451922,0.843577]],[[0.848905,-0.436892,-0.297466],[0.447216,0.893689,-0.0363116],[0.281706,-0.102206,0.954042]],[[0.848905,-0.436892,-0.297466],[0.403683,0.899217,-0.168666],[0.341176,0.0230998,0.939716]],[[0.848905,-0.436892,-0.297466],[0.367613,0.892421,-0.261621],[0.379765,0.112739,0.918188]]],"btipPosition":[-58.6442,364.415,-69.0332],"carpPosition":[-11.6582,330.131,68.9166],"dipPosition":[-52.3163,366.293,-53.7336],"direction":[-0.341175,-0.0230998,-0.939716],"extended":true,"handId":990,"id":9901,"length":57.352,"mcpPosition":[-32.4708,362.555,8.39099],"pipPosition":[-44.2741,366.838,-31.5825],"stabilizedTipPosition":[-55.8719,362.423,-37.492],"timeVisible":0.188699,"tipPosition":[-56.934,365.085,-65.5911],"tipVelocity":[-3.78573,-10.0419,-105.957],"tool":false,"touchDistance":0.315451,"touchZone":"hovering","type":1,"width":18.8641},{"bases":[[[0.740602,-0.548393,-0.388296],[0.648087,0.735581,0.197238],[0.17746,-0.397725,0.90018]],[[0.740358,-0.547848,-0.389529],[0.171015,0.713912,-0.679032],[0.650095,0.436111,0.622241]],[[0.740358,-0.547848,-0.389529],[-0.547557,-0.155353,-0.82222],[0.389937,0.822027,-0.414995]],[[0.740358,-0.547848,-0.389529],[-0.672088,-0.61444,-0.413233],[-0.0129529,0.567738,-0.823107]]],"btipPosition":[-54.5841,300.873,-0.608496],"carpPosition":[-1.37364,327.513,63.2969],"dipPosition":[-54.8215,311.277,-15.6935],"direction":[-0.389937,-0.822027,0.414995],"extended":false,"handId":990,"id":9902,"length":65.348,"mcpPosition":[-13.4482,354.575,2.04755],"pipPosition":[-44.0075,334.074,-27.2024],"stabilizedTipPosition":[-52.1491,303.244,27.1599],"timeVisible":0.188699,"tipPosition":[-54.6387,303.266,-4.07805],"tipVelocity":[-12.2865,-4.71482,-106.211],"tool":false,"touchDistance":0.333333,"touchZone":"none","type":2,"width":18.527},{"bases":[[[0.707667,-0.654825,-0.265352],[0.704671,0.681468,0.197587],[0.0514436,-0.326811,0.943688]],[[0.708759,-0.66304,-0.240912],[0.277682,0.576145,-0.768733],[0.648501,0.477949,0.592462]],[[0.708759,-0.66304,-0.240912],[-0.502912,-0.23541,-0.831662],[0.494712,0.710606,-0.5003]],[[0.708759,-0.66304,-0.240912],[-0.695622,-0.60006,-0.395017],[0.11735,0.447556,-0.886523]]],"btipPosition":[-39.0209,293.725,4.32519],"carpPosition":[7.88307,321.939,58.1205],"dipPosition":[-36.8826,301.88,-11.8287],"direction":[-0.494712,-0.710606,0.5003],"extended":false,"handId":990,"id":9903,"length":62.8339,"mcpPosition":[4.7404,341.904,0.470886],"pipPosition":[-23.5172,321.078,-25.3449],"stabilizedTipPosition":[-35.3613,297.384,32.8291],"timeVisible":0.188699,"tipPosition":[-38.4271,295.694,0.745999],"tipVelocity":[-13.7737,-8.95678,-113.994],"tool":false,"touchDistance":0.333333,"touchZone":"none","type":3,"width":17.6296},{"bases":[[[0.58264,-0.791785,-0.183322],[0.807918,0.539755,0.236501],[-0.0883095,-0.285904,0.95418]],[[0.583824,-0.787688,-0.196717],[0.359998,0.468336,-0.806884],[0.727703,0.400261,0.556992]],[[0.583824,-0.787688,-0.196717],[-0.542543,-0.198264,-0.816296],[0.603984,0.5833,-0.543106]],[[0.583824,-0.787688,-0.196717],[-0.784439,-0.48482,-0.386787],[0.209295,0.380128,-0.900943]]],"btipPosition":[-21.4572,295.062,5.81902],"carpPosition":[13.6822,310.213,53.4807],"dipPosition":[-17.9389,301.452,-9.32601],"direction":[-0.603984,-0.5833,0.543106],"extended":false,"handId":990,"id":9904,"length":49.2606,"mcpPosition":[18.6761,326.381,-0.478252],"pipPosition":[-6.41802,312.579,-19.6856],"stabilizedTipPosition":[-17.9611,298.67,36.5005],"timeVisible":0.188699,"tipPosition":[-20.6082,296.394,2.83404],"tipVelocity":[-13.2401,-12.8373,-126.25],"tool":false,"touchDistance":0.333333,"touchZone":"none","type":4,"width":15.66}],"r":[[0.999023,-0.0388842,-0.0210113],[0.0396704,0.998475,0.0383954],[0.0194863,-0.0391915,0.999042]],"s":0.994912,"t":[0.523197,-3.422,-28.6763],"timestamp":669582358137},false],[6,{"currentFrameRate":48.1787,"devices":[],"gestures":[],"hands":[{"armBasis":[[0.876932,-0.423646,-0.226967],[0.393218,0.903963,-0.168019],[0.276351,0.0580936,0.959299]],"armWidth":62.1429,"confidence":0.520022,"direction":[-0.0739547,0.509361,-0.857369],"elbow":[73.2612,326.615,314.254],"grabStrength":0,"id":990,"palmNormal":[-0.532821,-0.74691,-0.397778],"palmPosition":[-11.9132,338.173,17.2541],"palmVelocity":[-6.43809,-3.0361,-145.429],"palmWidth":88.738,"pinchStrength":0.902607,"r":[[0.998959,-0.0400986,-0.0217446],[0.0409937,0.998259,0.0424126],[0.0200061,-0.0432598,0.998864]],"s":0.994335,"sphereCenter":[-21.9743,299.247,-23.2209],"sphereRadius":51.8597,"stabilizedPalmPosition":[-12.1859,341.697,51.3886],"t":[0.398775,-3.47532,-31.4221],"timeVisible":0.207485,"type":"right","wrist":[0.493203,311.318,61.6538]}],"id":4974937,"interactionBox":{"center":[0,200,0],"size":[235.247,235.247,147.751]},"pointables":[{"bases":[[[0.801356,0.595462,0.0570452],[-0.411286,0.479217,0.775367],[0.434365,-0.644807,0.628929]],[[0.62467,0.767664,-0.143106],[-0.564966,0.5708,0.595819],[0.539074,-0.29134,0.790266]],[[0.62467,0.767664,-0.143106],[-0.741379,0.640575,0.200053],[0.245244,-0.0188716,0.969278]],[[0.62467,0.767664,-0.143106],[-0.778422,0.626706,-0.0360384],[0.06202,0.133909,0.989051]]],"btipPosition":[-64.1229,325.388,-23.8698],"carpPosition":[-28.3093,313.634,69.4067],"dipPosition":[-62.7073,328.445,-1.29534],"direction":[-0.245244,0.0188716,-0.969278],"extended":false,"handId":990,"id":9900,"length":50.8265,"mcpPosition":[-28.3093,313.634,69.4067],"pipPosition":[-54.5525,327.817,30.9348],"stabilizedTipPosition":[-63.0984,323.338,15.6576],"timeVisible":0.207485,"tipPosition":[-63.9201,325.527,-18.5552],"tipVelocity":[1.25047,15.1934,-157.541],"tool":false,"touchDistance":0.52031,"touchZone":"hovering","type":0,"width":19.7488},{"bases":[[[0.818606,-0.335817,-0.465953],[0.495116,0.823778,0.276135],[0.291111,-0.456747,0.840617]],[[0.859284,-0.41731,-0.295776],[0.430563,0.902288,-0.0221732],[0.276129,-0.108297,0.955]],[[0.859284,-0.41731,-0.295776],[0.38785,0.908574,-0.15513],[0.333472,0.0185842,0.942577]],[[0.859284,-0.41731,-0.295776],[0.352533,0.902154,-0.248675],[0.37061,0.109411,0.922322]]],"btipPosition":[-58.7821,364.878,-72.4382],"carpPosition":[-12.2897,329.831,65.4756],"dipPosition":[-52.6068,366.702,-57.0698],"direction":[-0.333472,-0.0185842,-0.942577],"extended":true,"handId":990,"id":9901,"length":57.352,"mcpPosition":[-33.1766,362.602,5.1624],"pipPosition":[-44.7461,367.14,-34.8512],"stabilizedTipPosition":[-55.8719,362.423,-37.4923],"timeVisible":0.207485,"tipPosition":[-57.0952,365.547,-68.9805],"tipVelocity":[-6.43366,6.58206,-142.315],"tool":false,"touchDistance":0.258964,"touchZone":"hovering","type":1,"width":18.8641},{"bases":[[[0.75393,-0.529918,-0.3883],[0.632654,0.744917,0.211774],[0.177029,-0.405322,0.89687]],[[0.753687,-0.529362,-0.389528],[0.163624,0.725147,-0.668871],[0.63654,0.440383,0.63315]],[[0.753687,-0.529362,-0.389528],[-0.537494,-0.155374,-0.82883],[0.378229,0.834047,-0.401632]],[[0.753687,-0.529362,-0.389528],[-0.65703,-0.621617,-0.426502],[-0.0163632,0.577381,-0.816311]]],"btipPosition":[-54.0672,300.637,-4.77222],"carpPosition":[-1.91048,327.472,59.9159],"dipPosition":[-54.3671,311.219,-19.7327],"direction":[-0.378229,-0.834047,0.401632],"extended":false,"handId":990,"id":9902,"length":65.348,"mcpPosition":[-13.9557,355.05,-1.10822],"pipPosition":[-43.8779,334.349,-30.871],"stabilizedTipPosition":[-52.1491,303.244,27.1597],"timeVisible":0.207485,"tipPosition":[-54.1362,303.071,-8.21312],"tipVelocity":[6.77496,-7.47637,-161.832],"tool":false,"touchDistance":0.333333,"touchZone":"none","type":2,"width":18.527},{"bases":[[[0.721912,-0.638426,-0.266938],[0.690223,0.691853,0.211973],[0.0493532,-0.337272,0.940113]],[[0.722931,-0.646775,-0.243006],[0.274128,0.59135,-0.758393],[0.634211,0.481651,0.604805]],[[0.722931,-0.646775,-0.243006],[-0.491198,-0.233772,-0.839092],[0.485895,0.72597,-0.486696]],[[0.722931,-0.646775,-0.243006],[-0.681053,-0.607851,-0.408268],[0.116346,0.46065,-0.879923]]],"btipPosition":[-38.4052,293.742,0.152441],"carpPosition":[7.49193,322.132,54.7549],"dipPosition":[-36.2852,302.136,-15.8811],"direction":[-0.485895,-0.72597,0.486696],"extended":false,"handId":990,"id":9903,"length":62.8339,"mcpPosition":[4.47696,342.736,-2.67629],"pipPosition":[-23.158,321.749,-29.0299],"stabilizedTipPosition":[-35.3613,297.384,32.8289],"timeVisible":0.207485,"tipPosition":[-37.8264,295.753,-3.3788],"tipVelocity":[8.84707,-2.71203,-166.075],"tool":false,"touchDistance":0.333333,"touchZone":"none","type":3,"width":17.6296},{"bases":[[[0.598737,-0.77865,-0.187666],[0.795734,0.551598,0.250092],[-0.0912175,-0.299072,0.949861]],[[0.599781,-0.775034,-0.198962],[0.373513,0.49108,-0.786974],[0.707638,0.397697,0.584026]],[[0.599781,-0.775034,-0.198962],[-0.521396,-0.189933,-0.831908],[0.606968,0.602701,-0.518018]],[[0.599781,-0.775034,-0.198962],[-0.770174,-0.491732,-0.406241],[0.217014,0.396891,-0.891842]]],"btipPosition":[-20.923,295.602,1.0448],"carpPosition":[13.5466,310.572,50.026],"dipPosition":[-17.275,302.274,-13.9472],"direction":[-0.606968,-0.602701,0.518018],"extended":false,"handId":990,"id":9904,"length":49.2606,"mcpPosition":[18.705,327.485,-3.68871],"pipPosition":[-5.69725,313.771,-23.8283],"stabilizedTipPosition":[-17.9611,298.67,36.5003],"timeVisible":0.207485,"tipPosition":[-20.033,296.93,-1.67177],"tipVelocity":[7.88455,9.15786,-