{"sensorType":"Leap","data":[[0,{"currentFrameRate":52.6719,"devices":[],"gestures":[],"hands":[{"armBasis":[[0.977475,0.0838565,-0.193675],[-0.126435,0.967445,-0.219237],[0.168985,0.238786,0.956256]],"armWidth":62.1429,"confidence":0.579446,"direction":[0.00450461,0.0144068,-0.999886],"elbow":[12.6352,376.449,352.933],"grabStrength":0,"id":993,"palmNormal":[0.131077,-0.991278,-0.0136923],"palmPosition":[-38.442,309.181,48.372],"palmVelocity":[1.63342,-12.1386,-181.576],"palmWidth":88.738,"pinchStrength":0,"r":[[0.993163,0.109805,0.0396366],[-0.106821,0.99175,-0.0708603],[-0.0470904,0.0661418,0.996698]],"s":1.03544,"sphereCenter":[-10.7942,331.189,4.25451],"sphereRadius":65.6304,"stabilizedPalmPosition":[-45.0621,288.323,128.972],"t":[6.75703,21.5805,-78.9279],"timeVisible":0.221527,"type":"right","wrist":[-31.8616,313.572,101.134]}],"id":4976711,"interactionBox":{"center":[0,200,0],"size":[235.247,235.247,147.751]},"pointables":[{"bases":[[[0.282561,0.942151,-0.180307],[-0.85822,0.332262,0.39123],[0.428507,0.0441964,0.902457]],[[0.0894515,0.847365,-0.523422],[-0.938656,0.247455,0.24019],[0.333052,0.469828,0.81752]],[[0.0894515,0.847365,-0.523422],[-0.926889,0.26316,0.267626],[0.364521,0.461214,0.808953]],[[0.0894515,0.847365,-0.523422],[-0.885574,0.308169,0.34755],[0.455804,0.43244,0.777971]]],"btipPosition":[-96.7965,251.363,19.6961],"carpPosition":[-58.0584,299.441,104.15],"dipPosition":[-86.393,261.233,37.4527],"direction":[-0.364521,-0.461214,-0.808953],"extended":true,"handId":993,"id":9930,"length":50.8265,"mcpPosition":[-58.0584,299.441,104.15],"pipPosition":[-74.2721,276.569,64.3519],"stabilizedTipPosition":[-107.09,250.335,94.6538],"timeVisible":0.221527,"tipPosition":[-92.0726,252.394,23.9864],"tipVelocity":[37.3612,-37.4876,-244.427],"tool":false,"touchDistance":0.46975,"touchZone":"hovering","type":0,"width":19.7488},{"bases":[[[0.978045,0.13156,-0.161619],[-0.15366,0.979154,-0.132835],[0.140774,0.154753,0.977872]],[[0.988062,0.150749,-0.0317583],[-0.147106,0.984438,0.0961373],[0.0457567,-0.0903178,0.994861]],[[0.988062,0.150749,-0.0317583],[-0.152672,0.985733,-0.0708677],[0.0206219,0.0748702,0.99698]],[[0.988062,0.150749,-0.0317583],[-0.154052,0.964947,-0.212476],[-0.00138553,0.214832,0.97665]]],"btipPosition":[-65.1937,306.862,-57.5925],"carpPosition":[-52.7132,319.525,94.0271],"dipPosition":[-65.2168,310.441,-41.3188],"direction":[-0.0206219,-0.0748702,-0.99698],"extended":true,"handId":993,"id":9931,"length":57.352,"mcpPosition":[-62.8135,308.422,23.866],"pipPosition":[-64.7307,312.206,-17.8178],"stabilizedTipPosition":[-67.0742,326.222,-8.91325],"timeVisible":0.221527,"tipPosition":[-66.1746,310.587,-53.1109],"tipVelocity":[59.2963,-356.754,-201.037],"tool":false,"touchDistance":0.118637,"touchZone":"hovering","type":1,"width":18.8641},{"bases":[[[0.999841,-0.0176044,-0.00299013],[0.0170303,0.99046,-0.136745],[0.00536893,0.136673,0.990602]],[[0.985153,0.00674528,0.171548],[-0.0304229,0.990273,0.135773],[-0.168963,-0.138976,0.975775]],[[0.985153,0.00674528,0.171548],[0.0036234,0.998188,-0.0600572],[-0.171642,0.0597871,0.983344]],[[0.985153,0.00674528,0.171548],[0.0332545,0.972806,-0.229223],[-0.168429,0.231524,0.958138]]],"btipPosition":[-26.0065,313.957,-66.776],"carpPosition":[-41.4306,322.625,91.3249],"dipPosition":[-29.0933,318.2,-49.2163],"direction":[0.171642,-0.0597871,-0.983344],"extended":true,"handId":993,"id":9932,"length":65.348,"mcpPosition":[-41.7959,313.325,23.9231],"pipPosition":[-33.8534,319.858,-21.9456],"stabilizedTipPosition":[-33.187,311.56,6.67444],"timeVisible":0.221527,"tipPosition":[-27.1195,317.127,-62.119],"tipVelocity":[-32.3875,36.1431,-185.623],"tool":false,"touchDistance":-0.0817119,"touchZone":"hovering","type":2,"width":18.527},{"bases":[[[0.985585,-0.0719146,0.153135],[0.0885833,0.990523,-0.104962],[-0.144135,0.117014,0.982615]],[[0.967179,-0.0603403,0.246827],[0.0340064,0.993394,0.109597],[-0.25181,-0.097606,0.962842]],[[0.967179,-0.0603403,0.246827],[0.116004,0.969111,-0.217642],[-0.226071,0.239131,0.944303]],[[0.967179,-0.0603403,0.246827],[0.176027,0.85965,-0.479599],[-0.183246,0.507307,0.842057]]],"btipPosition":[-0.27546,304.575,-52.461],"carpPosition":[-29.4996,323.175,90.3766],"dipPosition":[-3.61449,313.819,-37.1174],"direction":[0.226071,-0.239131,-0.944303],"extended":true,"handId":993,"id":9933,"length":62.8339,"mcpPosition":[-20.6944,316.027,30.3489],"pipPosition":[-9.7221,320.28,-11.6058],"stabilizedTipPosition":[-13.3453,285.643,8.71165],"timeVisible":0.221527,"tipPosition":[-0.845712,304.103,-47.5103],"tipVelocity":[8.53636,405.706,-286.265],"tool":false,"touchDistance":0.110914,"touchZone":"hovering","type":3,"width":17.6296},{"bases":[[[0.934003,-0.220556,0.281056],[0.227715,0.9737,0.00736097],[-0.275288,0.0571255,0.959663]],[[0.749223,-0.180036,0.637379],[0.00669126,0.964354,0.264529],[-0.662284,-0.193927,0.723721]],[[0.749223,-0.180036,0.637379],[0.205998,0.977958,0.0340917],[-0.629468,0.105756,0.769796]],[[0.749223,-0.180036,0.637379],[0.367591,0.913556,-0.174048],[-0.550946,0.364696,0.750637]]],"btipPosition":[42.6092,312.744,-13.8962],"carpPosition":[-17.065,317.435,92.6317],"dipPosition":[33.3477,318.874,-1.27781],"direction":[0.629468,-0.105756,-0.769796],"extended":true,"handId":993,"id":9934,"length":49.2606,"mcpPosition":[-1.49748,314.204,38.3627],"pipPosition":[21.3408,320.892,13.4058],"stabilizedTipPosition":[39.4369,307.143,-4.89764],"timeVisible":0.221527,"tipPosition":[40.1353,311.596,-10.5906],"tipVelocity":[30.8461,345.975,-204.445],"tool":false,"touchDistance":0.332838,"touchZone":"hovering","type":4,"width":15.66}],"r":[[0.993163,0.109805,0.0396366],[-0.106821,0.99175,-0.0708603],[-0.0470904,0.0661418,0.996698]],"s":1.03544,"t":[6.75703,21.5805,-78.9279],"timestamp":669615695686},false],[1,{"currentFrameRate":52.7852,"devices":[],"gestures":[],"hands":[{"armBasis":[[0.980054,0.0840642,-0.180077],[-0.12525,0.964793,-0.231272],[0.154296,0.249213,0.956078]],"armWidth":62.1429,"confidence":0.619726,"direction":[-0.00767765,0.0458186,-0.99892],"elbow":[9.4228,376.88,351.816],"grabStrength":0,"id":993,"palmNormal":[0.128112,-0.990672,-0.046425],"palmPosition":[-38.4431,308.543,47.2741],"palmVelocity":[0.813779,-22.9262,-122.398],"palmWidth":88.738,"pinchStrength":0,"r":[[0.988176,0.14868,0.0374458],[-0.146086,0.987169,-0.0644637],[-0.0465498,0.0582312,0.997217]],"s":1.02342,"sphereCenter":[-7.34988,330.497,4.08678],"sphereRadius":65.9646,"stabilizedPalmPosition":[-45.061,288.327,128.958],"t":[6.76689,21.1274,-81.1043],"timeVisible":0.240062,"type":"right","wrist":[-31.2059,311.257,100.063]}],"id":4976712,"interactionBox":{"center":[0,200,0],"size":[235.247,235.247,147.751]},"pointables":[{"bases":[[[0.282984,0.946665,-0.154097],[-0.852436,0.321882,0.412002],[0.439629,0.0147673,0.898058]],[[0.0924829,0.868425,-0.487119],[-0.940301,0.237098,0.244171],[0.327539,0.435457,0.838508]],[[0.0924829,0.868425,-0.487119],[-0.93398,0.245238,0.259883],[0.345149,0.430925,0.833772]],[[0.0924829,0.868425,-0.487119],[-0.898053,0.284045,0.335887],[0.430056,0.406395,0.806161]]],"btipPosition":[-94.6414,252.298,16.0115],"carpPosition":[-57.4035,297.102,102.956],"dipPosition":[-84.8256,261.574,34.4116],"direction":[-0.345149,-0.430925,-0.833772],"extended":true,"handId":993,"id":9930,"length":50.8265,"mcpPosition":[-57.4035,297.102,102.956],"pipPosition":[-73.3488,275.903,62.136],"stabilizedTipPosition":[-107.075,250.339,94.578],"timeVisible":0.240062,"tipPosition":[-91.387,253.315,20.8618],"tipVelocity":[72.0038,1.49524,-218.488],"tool":false,"touchDistance":0.40306,"touchZone":"hovering","type":0,"width":19.7488},{"bases":[[[0.976362,0.134202,-0.169432],[-0.152518,0.983216,-0.100122],[0.153152,0.123597,0.980443]],[[0.988271,0.150947,-0.0231331],[-0.148658,0.985613,0.0804189],[0.0349393,-0.0760368,0.996493]],[[0.988271,0.150947,-0.0231331],[-0.152607,0.981758,-0.113411],[0.00559208,0.115611,0.993279]],[[0.988271,0.150947,-0.0231331],[-0.151471,0.949694,-0.274113],[-0.019407,0.274402,0.961419]]],"btipPosition":[-64.3868,304.502,-58.1277],"carpPosition":[-52.126,317.481,93.4036],"dipPosition":[-64.7102,309.074,-42.1078],"direction":[-0.00559208,-0.115611,-0.993279],"extended":true,"handId":993,"id":9931,"length":57.352,"mcpPosition":[-63.1144,308.613,23.0581],"pipPosition":[-64.5784,311.799,-18.6941],"stabilizedTipPosition":[-66.4447,321.242,-19.8826],"timeVisible":0.240062,"tipPosition":[-65.5479,308.52,-53.8795],"tipVelocity":[49.8695,-239.815,-119.283],"tool":false,"touchDistance":0.134333,"touchZone":"hovering","type":1,"width":18.8641},{"bases":[[[0.999676,-0.0199277,-0.0158454],[0.0181424,0.994225,-0.105775],[0.0178617,0.105454,0.994264]],[[0.987257,-0.0010853,0.159132],[-0.0259454,0.985499,0.167687],[-0.157006,-0.169679,0.972912]],[[0.987257,-0.0010853,0.159132],[0.0055348,0.999606,-0.0275206],[-0.159039,0.0280507,0.986874]],[[0.987257,-0.0010853,0.159132],[0.0328676,0.979806,-0.197229],[-0.155704,0.199946,0.967356]]],"btipPosition":[-27.4394,316.995,-67.8209],"carpPosition":[-40.8686,320.637,90.6614],"dipPosition":[-30.2929,320.66,-50.0922],"direction":[0.159039,-0.0280507,-0.986874],"extended":true,"handId":993,"id":9932,"length":65.348,"mcpPosition":[-42.084,313.462,23.0105],"pipPosition":[-34.7035,321.438,-22.7237],"stabilizedTipPosition":[-33.1411,311.617,6.03887],"timeVisible":0.240062,"tipPosition":[-28.4552,319.891,-63.0768],"tipVelocity":[-52.7153,94.48,-122.088],"tool":false,"touchDistance":-0.0984787,"touchZone":"hovering","type":2,"width":18.527},{"bases":[[[0.987177,-0.0790839,0.138661],[0.0900786,0.993115,-0.0748884],[-0.131783,0.0864185,0.987504]],[[0.973885,-0.0721,0.215288],[0.0370837,0.986017,0.162464],[-0.223992,-0.150237,0.962942]],[[0.973885,-0.0721,0.215288],[0.102368,0.985826,-0.132923],[-0.202653,0.151491,0.967462]],[[0.973885,-0.0721,0.215288],[0.151345,0.912992,-0.378867],[-0.16924,0.401556,0.900062]]],"btipPosition":[-2.57907,311.045,-55.2391],"carpPosition":[-28.9486,321.188,89.5841],"dipPosition":[-5.66289,318.362,-38.8385],"direction":[0.202653,-0.151491,-0.967462],"extended":true,"handId":993,"id":9933,"length":62.8339,"mcpPosition":[-20.898,315.909,29.2578],"pipPosition":[-11.1378,322.455,-12.7012],"stabilizedTipPosition":[-10.6675,292.855,-7.31182],"timeVisible":0.240062,"tipPosition":[-2.90265,309.875,-50.1893],"tipVelocity":[-54.1792,366.737,-213.949],"tool":false,"touchDistance":0.122326,"touchZone":"hovering","type":3,"width":17.6296},{"bases":[[[0.936745,-0.231547,0.262476],[0.230525,0.972432,0.03513],[-0.263375,0.0275996,0.964299]],[[0.763851,-0.203208,0.612567],[0.0202744,0.956225,0.29193],[-0.645074,-0.210571,0.734533]],[[0.763851,-0.203208,0.612567],[0.215232,0.97501,0.0550549],[-0.608446,0.0897903,0.788499]],[[0.763851,-0.203208,0.612567],[0.371672,0.914454,-0.160109],[-0.527628,0.349973,0.774033]]],"btipPosition":[41.1105,313.454,-16.4082],"carpPosition":[-16.5036,315.349,91.5047],"dipPosition":[32.241,319.337,-3.39654],"direction":[0.608446,-0.0897903,-0.788499],"extended":true,"handId":993,"id":9934,"length":49.2606,"mcpPosition":[-1.60975,313.789,36.9736],"pipPosition":[20.635,321.05,11.6439],"stabilizedTipPosition":[39.2518,311.014,-9.20015],"timeVisible":0.240062,"tipPosition":[39.0072,312.735,-12.9288],"tipVelocity":[-20.8338,195.669,-168.749],"tool":false,"touchDistance":0.292528,"touchZone":"hovering","type":4,"width":15.66}],"r":[[0.988176,0.14868,0.0374458],[-0.146086,0.987169,-0.0644637],[-0.0465498,0.0582312,0.997217]],"s":1.02342,"t":[6.76689,21.1274,-81.1043],"timestamp":669615714221},false],[2,{"currentFrameRate":52.8879,"devices":[],"gestures":[],"hands":[{"armBasis":[[0.983565,0.0541075,-0.172258],[-0.0970214,0.962983,-0.251495],[0.152274,0.264074,0.952406]],"armWidth":62.1429,"confidence":0.66191,"direction":[-0.020601,0.0957508,-0.995192],"elbow":[9.34077,375.745,349.652],"grabStrength":0,"id":993,"palmNormal":[0.0957877,-0.990635,-0.0972953],"palmPosition":[-38.8354,306.355,46.1304],"palmVelocity":[-9.81602,-68.93,-93.0335],"palmWidth":88.738,"pinchStrength":0,"r":[[0.984305,0.173131,0.0342024],[-0.17137,0.983985,-0.0490533],[-0.0421472,0.0424221,0.99821]],"s":1.00447,"sphereCenter":[-1.61697,331.893,4.32813],"sphereRadius":68.2698,"stabilizedPalmPosition":[-45.0558,288.342,128.889],"t":[6.5757,19.807,-82.7644],"timeVisible":0.258599,"type":"right","wrist":[-30.7557,306.209,98.8671]}],"id":4976713,"interactionBox":{"center":[0,200,0],"size":[235.247,235.247,147.751]},"pointables":[{"bases":[[[0.310766,0.943901,-0.111692],[-0.835719,0.327326,0.440943],[0.452766,-0.0436868,0.890558]],[[0.118182,0.891333,-0.437675],[-0.948822,0.231358,0.214963],[0.292864,0.389871,0.873059]],[[0.118182,0.891333,-0.437675],[-0.956393,0.220733,0.191281],[0.267104,0.395984,0.878551]],[[0.118182,0.891333,-0.437675],[-0.935246,0.248029,0.252578],[0.333687,0.379484,0.862928]]],"btipPosition":[-88.1019,251.941,10.0644],"carpPosition":[-57.3468,292.75,101.476],"dipPosition":[-80.4857,260.603,29.7602],"direction":[-0.267104,-0.395984,-0.878551],"extended":true,"handId":993,"id":9930,"length":50.8265,"mcpPosition":[-57.3468,292.75,101.476],"pipPosition":[-71.604,273.77,58.9736],"stabilizedTipPosition":[-107.006,250.351,94.3112],"timeVisible":0.258599,"tipPosition":[-87.9074,253.761,15.8271],"tipVelocity":[194.628,-12.2339,-260.216],"tool":false,"touchDistance":0.308909,"touchZone":"hovering","type":0,"width":19.7488},{"bases":[[[0.977602,0.112027,-0.178172],[-0.122527,0.991253,-0.0490328],[0.17112,0.0697654,0.982777]],[[0.992353,0.121622,-0.0210514],[-0.118432,0.98626,0.115176],[0.0347701,-0.111802,0.993122]],[[0.992353,0.121622,-0.0210514],[-0.123028,0.988386,-0.0892064],[0.00995746,0.0911141,0.995791]],[[0.992353,0.121622,-0.0210514],[-0.122914,0.958129,-0.258613],[-0.0112831,0.259223,0.965751]]],"btipPosition":[-65.3417,306.617,-58.8315],"carpPosition":[-51.5605,313.405,92.8575],"dipPosition":[-65.5297,310.936,-42.7394],"direction":[-0.00995746,-0.0911141,-0.995791],"extended":true,"handId":993,"id":9931,"length":57.352,"mcpPosition":[-63.8381,308.4,22.3444],"pipPosition":[-65.295,313.084,-19.2665],"stabilizedTipPosition":[-66.2245,318.41,-27.2055],"timeVisible":0.258599,"tipPosition":[-66.4242,310.305,-54.585],"tipVelocity":[1.63851,-70.1183,-79.5138],"tool":false,"touchDistance":0.12288,"touchZone":"hovering","type":1,"width":18.8641},{"bases":[[[0.998201,-0.0502148,-0.0327697],[0.0482984,0.997213,-0.0568604],[0.0355336,0.0551753,0.997844]],[[0.989682,-0.0400902,0.137559],[0.00732796,0.972964,0.230839],[-0.143094,-0.227449,0.963219]],[[0.989682,-0.0400902,0.137559],[0.0363621,0.998903,0.0295093],[-0.138591,-0.0242028,0.990054]],[[0.989682,-0.0400902,0.137559],[0.0606039,0.987077,-0.148347],[-0.129834,0.155153,0.979322]]],"btipPosition":[-29.7172,321.107,-68.4828],"carpPosition":[-40.2489,316.342,90.0949],"dipPosition":[-32.0967,323.951,-50.5349],"direction":[0.138591,0.0242028,-0.990054],"extended":true,"handId":993,"id":9932,"length":65.348,"mcpPosition":[-42.6667,312.587,22.2003],"pipPosition":[-35.9402,323.279,-23.0781],"stabilizedTipPosition":[-32.9966,312.126,2.50373],"timeVisible":0.258599,"tipPosition":[-30.3419,323.172,-63.707],"tipVelocity":[-83.8125,151.147,-78.9869],"tool":false,"touchDistance":-0.118055,"touchZone":"touching","type":2,"width":18.527},{"bases":[[[0.98605,-0.116578,0.118809],[0.1206,0.992328,-0.0272182],[-0.114724,0.0411669,0.992544]],[[0.976929,-0.113771,0.180734],[0.0731037,0.973309,0.217543],[-0.200661,-0.199312,0.959172]],[[0.976929,-0.113771,0.180734],[0.126256,0.990235,-0.0591088],[-0.172245,0.080564,0.981754]],[[0.976929,-0.113771,0.180734],[0.164236,0.941191,-0.295273],[-0.136512,0.318144,0.938163]]],"btipPosition":[-5.44128,314.771,-57.1913],"carpPosition":[-28.3342,316.574,88.8559],"dipPosition":[-7.92874,320.568,-40.0965],"direction":[0.172245,-0.080564,-0.981754],"extended":true,"handId":993,"id":9933,"length":62.8339,"mcpPosition":[-21.3257,314.06,28.2217],"pipPosition":[-12.5822,322.744,-13.573],"stabilizedTipPosition":[-9.01676,301.101,-23.6085],"timeVisible":0.258599,"tipPosition":[-5.4841,313.375,-52.2455],"tipVelocity":[-99.0842,277.43,-157.23],"tool":false,"touchDistance":0.128373,"touchZone":"hovering","type":3,"width":17.6296},{"bases":[[[0.932572,-0.273378,0.23574],[0.261886,0.961828,0.0793888],[-0.248444,-0.0122989,0.968568]],[[0.777121,-0.25894,0.573615],[0.0811938,0.94507,0.316622],[-0.624092,-0.19948,0.755458]],[[0.777121,-0.25894,0.573615],[0.271562,0.960187,0.0655394],[-0.567748,0.10484,0.816499]],[[0.777121,-0.25894,0.573615],[0.416974,0.894527,-0.161103],[-0.471398,0.364379,0.803127]]],"btipPosition":[38.2695,309.712,-19.612],"carpPosition":[-16.0552,310.263,90.2871],"dipPosition":[30.3452,315.838,-6.11127],"direction":[0.567748,-0.10484,-0.816499],"extended":true,"handId":993,"id":9934,"length":49.2606,"mcpPosition":[-2.00568,310.959,35.5145],"pipPosition":[19.5156,317.837,9.46323],"stabilizedTipPosition":[38.3172,311.05,-11.6349],"timeVisible":0.258599,"tipPosition":[36.7943,310.213,-15.7975],"tipVelocity":[-79.2227,4.82316,-167.789],"tool":false,"touchDistance":0.241006,"touchZone":"hovering","type":4,"width":15.66}],"r":[[0.984305,0.173131,0.0342024],[-0.17137,0.983985,-0.0490533],[-0.0421472,0.0424221,0.99821]],"s":1.00447,"t":[6.5757,19.807,-82.7644],"timestamp":669615732758},false],[3,{"currentFrameRate":53.0532,"devices":[],"gestures":[],"hands":[{"armBasis":[[0.990044,-0.0173687,-0.13968],[-0.0226828,0.9597,-0.280109],[0.138916,0.280489,0.949752]],"armWidth":62.1429,"confidence":0.701211,"direction":[-0.0366581,0.123057,-0.991722],"elbow":[7.0826,376.227,348.454],"grabStrength":0,"id":993,"palmNormal":[0.00886747,-0.99231,-0.123458],"palmPosition":[-38.8185,304.571,45.8821],"palmVelocity":[-4.67713,-82.7133,-55.0237],"palmWidth":88.738,"pinchStrength":0,"r":[[0.984021,0.175912,0.0275136],[-0.175054,0.98407,-0.0310169],[-0.0325316,0.0257049,0.99914]],"s":0.980184,"sphereCenter":[6.01692,333.822,4.55801],"sphereRadius":72.5257,"stabilizedPalmPosition":[-45.0257,288.42,128.489],"t":[6.48853,18.2548,-83.7186],"timeVisible":0.276853,"type":"right","wrist":[-29.4965,302.37,98.3675]}],"id":4976714,"interactionBox":{"center":[0,200,0],"size":[235.247,235.247,147.751]},"pointables":[{"bases":[[[0.387027,0.916921,-0.0972919],[-0.793881,0.38503,0.470643],[0.469003,-0.104913,0.876943]],[[0.183343,0.889537,-0.418461],[-0.949171,0.270974,0.160151],[0.255852,0.367829,0.894003]],[[0.183343,0.889537,-0.418461],[-0.965814,0.242353,0.0920192],[0.18327,0.387285,0.903561]],[[0.183343,0.889537,-0.418461],[-0.967385,0.238947,0.0840904],[0.174792,0.389396,0.904333]]],"btipPosition":[-79.6025,251.465,7.15006],"carpPosition":[-57.0635,291.137,101.358],"dipPosition":[-75.613,260.353,27.7909],"direction":[-0.18327,-0.387285,-0.903561],"extended":false,"handId":993,"id":9930,"length":50.8265,"mcpPosition":[-57.0635,291.137,101.358],"pipPosition":[-69.519,273.23,57.8359],"stabilizedTipPosition":[-106.449,250.413,92.6898],"timeVisible":0.276853,"tipPosition":[-80.2177,254.215,13.1061],"tipVelocity":[302.434,-17.5077,-206.399],"tool":false,"touchDistance":0.272405,"touchZone":"hovering","type":0,"width":19.7488},{"bases":[[[0.978947,0.0337922,-0.201296],[-0.039019,0.998995,-0.0220535],[0.200349,0.0294436,0.979282]],[[0.998517,0.0381428,-0.0388453],[-0.0324643,0.989961,0.137564],[0.0437024,-0.136099,0.989731]],[[0.998517,0.0381428,-0.0388453],[-0.0407995,0.996707,-0.0700694],[0.0360448,0.0715503,0.996785]],[[0.998517,0.0381428,-0.0388453],[-0.0464542,0.969008,-0.242621],[0.0283872,0.244065,0.969343]]],"btipPosition":[-67.2836,309.285,-58.2941],"carpPosition":[-49.755,311.449,93.0853],"dipPosition":[-66.8106,313.352,-42.1422],"direction":[-0.0360448,-0.0715503,-0.996786],"extended":true,"handId":993,"id":9931,"length":57.352,"mcpPosition":[-64.1298,309.336,22.823],"pipPosition":[-65.9609,315.039,-18.6458],"stabilizedTipPosition":[-66.4811,316.198,-34.5982],"timeVisible":0.276853,"tipPosition":[-68.0149,312.755,-54.0266],"tipVelocity":[-46.0648,31.8582,-27.0166],"tool":false,"touchDistance":0.132066,"touchZone":"hovering","type":1,"width":18.8641},{"bases":[[[0.989227,-0.133343,-0.0604121],[0.131454,0.99073,-0.0342622],[0.0644208,0.0259517,0.997585]],[[0.987058,-0.127608,0.0971232],[0.095621,0.954535,0.282346],[-0.128737,-0.269405,0.954383]],[[0.987058,-0.127608,0.0971232],[0.120218,0.989639,0.0784952],[-0.106134,-0.0658034,0.992172]],[[0.987058,-0.127608,0.0971232],[0.137658,0.984902,-0.104973],[-0.0822615,0.116984,0.989721]]],"btipPosition":[-32.1864,324.071,-68.2993],"carpPosition":[-38.3056,313.492,90.0949],"dipPosition":[-33.694,326.215,-50.1607],"direction":[0.106134,0.0658034,-0.992172],"extended":true,"handId":993,"id":9932,"length":65.348,"mcpPosition":[-42.6889,311.726,22.2179],"pipPosition":[-36.6373,324.39,-22.6452],"stabilizedTipPosition":[-32.922,314.127,-8.21335],"timeVisible":0.276853,"tipPosition":[-32.2047,324.818,-63.6383],"tipVelocity":[-103.177,152.303,-35.2289],"tool":false,"touchDistance":-0.127884,"touchZone":"touching","type":2,"width":18.527},{"bases":[[[0.975182,-0.202374,0.0898051],[0.20378,0.978994,-0.00667254],[-0.0865683,0.0248074,0.995937]],[[0.968447,-0.200576,0.14792],[0.161804,0.957457,0.238946],[-0.189554,-0.207472,0.9597]],[[0.968447,-0.200576,0.14792],[0.208833,0.977031,-0.042419],[-0.136014,0.0719712,0.988089]],[[0.968447,-0.200576,0.14792],[0.235838,0.929447,-0.283741],[-0.0805721,0.309673,0.947423]]],"btipPosition":[-7.75719,312.689,-58.071],"carpPosition":[-26.448,312.751,88.5464],"dipPosition":[-9.22534,318.332,-40.8075],"direction":[0.136014,-0.0719712,-0.988089],"extended":true,"handId":993,"id":9933,"length":62.8339,"mcpPosition":[-21.1595,311.236,27.7049],"pipPosition":[-12.9,320.276,-14.1129],"stabilizedTipPosition":[-8.66935,305.957,-35.0991],"timeVisible":0.276853,"tipPosition":[-7.66878,311.527,-53.2513],"tipVelocity":[-106.235,89.1712,-104.038],"tool":false,"touchDistance":0.114357,"touchZone":"hovering","type":3,"width":17.6296},{"bases":[[[0.911443,-0.357101,0.20433],[0.344522,0.933919,0.0953918],[-0.224892,-0.016548,0.974243]],[[0.776509,-0.3406,0.530119],[0.210438,0.93319,0.291327],[-0.593928,-0.114661,0.796306]],[[0.776509,-0.3406,0.530119],[0.391492,0.920012,0.0176554],[-0.493729,0.193828,0.84774]],[[0.776509,-0.3406,0.530119],[0.514199,0.828791,-0.220693],[-0.36419,0.443956,0.818699]]],"btipPosition":[34.0201,299.121,-22.9861],"carpPosition":[-14.7184,305.392,89.5002],"dipPosition":[27.898,306.584,-9.22356],"direction":[0.493729,-0.193828,-0.84774],"extended":true,"handId":993,"id":9934,"length":49.2606,"mcpPosition":[-2.00077,306.327,34.4067],"pipPosition":[18.4803,310.281,6.94684],"stabilizedTipPosition":[36.0454,306.983,-14.8945],"timeVisible":0.276853,"tipPosition":[33.4487,301.317,-18.8779],"tipVelocity":[-141.841,-267.059,-174.37],"tool":false,"touchDistance":0.207474,"touchZone":"hovering","type":4,"width":15.66}],"r":[[0.984021,0.175912,0.0275136],[-0.175054,0.98407,-0.0310169],[-0.0325316,0.0257049,0.99914]],"s":0.980184,"t":[6.48853,18.2548,-83.7186],"timestamp":669615751012},false],[4,{"currentFrameRate":53.1125,"devices":[],"gestures":[],"hands":[{"armBasis":[[0.990927,-0.0861111,-0.103192],[0.0522679,0.954256,-0.294387],[0.123821,0.286323,0.950099]],"armWidth":62.1429,"confidence":0.713394,"direction":[-0.0436991,0.123636,-0.991365],"elbow":[3.99886,376.559,348.753],"grabStrength":0,"id":993,"palmNormal":[-0.0767391,-0.989797,-0.120058],"palmPosition":[-38.6351,304.033,46.2524],"palmVelocity":[2.37216,-56.5996,-18.676],"palmWidth":88.738,"pinchStrength":0,"r":[[0.986669,0.16167,0.0186426],[-0.161369,0.986754,-0.0166428],[-0.0210863,0.0134126,0.999688]],"s":0.956343,"sphereCenter":[11.1422,336.771,4.50193],"sphereRadius":76.6383,"stabilizedPalmPosition":[-44.9194,288.68,127.121],"t":[6.53664,17.2097,-84.0105],"timeVisible":0.295468,"type":"right","wrist":[-28.6054,301.165,98.5749]}],"id":4976715,"interactionBox":{"center":[0,200,0],"size":[235.247,235.247,147.751]},"pointables":[{"bases":[[[0.460936,0.880924,-0.107287],[-0.750277,0.451404,0.483032],[0.473944,-0.142151,0.869005]],[[0.256592,0.872171,-0.416507],[-0.938151,0.32839,0.109698],[0.232452,0.362599,0.90249]],[[0.256592,0.872171,-0.416507],[-0.958627,0.284614,0.00541739],[0.123269,0.397885,0.909116]],[[0.256592,0.872171,-0.416507],[-0.964448,0.25925,-0.0512824],[0.0632524,0.414858,0.907685]]],"btipPosition":[-73.8206,251.945,7.20298],"carpPosition":[-56.9617,292.297,102.085],"dipPosition":[-72.3769,261.414,27.9203],"direction":[-0.123269,-0.397885,-0.909116],"extended":false,"handId":993,"id":9930,"length":50.8265,"mcpPosition":[-56.9617,292.297,102.085],"pipPosition":[-68.278,274.645,58.15],"stabilizedTipPosition":[-103.925,250.697,86.5083],"timeVisible":0.295468,"tipPosition":[-75.054,254.958,12.8882],"tipVelocity":[291.136,6.9978,-104.419],"tool":false,"touchDistance":0.283849,"touchZone":"hovering","type":0,"width":19.7488},{"bases":[[[0.974615,-0.0490658,-0.218444],[0.0446904,0.99869,-0.0249288],[0.219381,0.0145336,0.975531]],[[0.997467,-0.0459904,-0.0542713],[0.0529654,0.989428,0.135008],[0.0474885,-0.137541,0.989357]],[[0.997467,-0.0459904,-0.0542713],[0.0419131,0.996376,-0.0740132],[0.0574786,0.071551,0.995779]],[[0.997467,-0.0459904,-0.0542713],[0.0311743,0.968352,-0.247636],[0.0639426,0.245316,0.967332]]],"btipPosition":[-68.2698,310.85,-57.4232],"carpPosition":[-48.1194,311.905,93.6142],"dipPosition":[-67.2044,314.938,-41.3048],"direction":[-0.0574786,-0.071551,-0.995779],"extended":true,"handId":993,"id":9931,"length":57.352,"mcpPosition":[-63.8597,310.862,23.6211],"pipPosition":[-65.8495,316.625,-17.8321],"stabilizedTipPosition":[-67.069,314.52,-41.8788],"timeVisible":0.295468,"tipPosition":[-68.6589,314.23,-53.1956],"tipVelocity":[-45.8692,57.3214,8.59056],"tool":false,"touchDistance":0.146453,"touchZone":"hovering","type":1,"width":18.8641},{"bases":[[[0.973299,-0.21618,-0.0771663],[0.213623,0.976094,-0.0400769],[0.0839853,0.0225223,0.996212]],[[0.976007,-0.211475,0.0518451],[0.18461,0.929965,0.317938],[-0.11545,-0.300739,0.946693]],[[0.976007,-0.211475,0.0518451],[0.203455,0.970573,0.128815],[-0.0775605,-0.115176,0.990313]],[[0.976007,-0.211475,0.0518451],[0.213819,0.975847,-0.0447705],[-0.041125,0.0547818,0.997651]]],"btipPosition":[-33.9762,327.766,-67.6155],"carpPosition":[-36.5934,312.971,90.4174],"dipPosition":[-34.7299,328.77,-49.3317],"direction":[0.0775605,0.115176,-0.990313],"extended":true,"handId":993,"id":9932,"length":65.348,"mcpPosition":[-42.3079,311.439,22.6339],"pipPosition":[-36.8809,325.576,-21.8677],"stabilizedTipPosition":[-33.3619,319.097,-27.992],"timeVisible":0.295468,"tipPosition":[-33.4589,326.739,-63.1157],"tipVelocity":[-95.2493,167.883,0.555683],"tool":false,"touchDistance":-0.131503,"touchZone":"touching","type":2,"width":18.527},{"bases":[[[0.956158,-0.283472,0.0735179],[0.285183,0.958375,-0.0137101],[-0.0665712,0.0340751,0.9972]],[[0.950168,-0.280804,0.135387],[0.24832,0.944321,0.215858],[-0.188462,-0.171482,0.966993]],[[0.950168,-0.280804,0.135387],[0.293971,0.951626,-0.0893799],[-0.103739,0.124726,0.986753]],[[0.950168,-0.280804,0.135387],[0.310913,0.885196,-0.346066],[-0.0226668,0.370915,0.92839]]],"btipPosition":[-9.37464,306.495,-57.9642],"carpPosition":[-24.8692,311.233,88.6652],"dipPosition":[-9.78766,313.254,-41.0475],"direction":[0.103739,-0.124726,-0.986753],"extended":true,"handId":993,"id":9933,"length":62.8339,"mcpPosition":[-20.8023,309.151,27.7466],"pipPosition":[-12.5903,316.624,-14.389],"stabilizedTipPosition":[-9.0664,306.995,-44.5129],"timeVisible":0.295468,"tipPosition":[-9.14909,306.982,-53.4144],"tipVelocity":[-90.5236,-108.836,-52.8555],"tool":false,"touchDistance":0.121653,"touchZone":"hovering","type":3,"width":17.6296},{"bases":[[[0.881675,-0.432051,0.189687],[0.42342,0.901838,0.086046],[-0.208243,0.00445254,0.978067]],[[0.759615,-0.405184,0.508735],[0.337473,0.914234,0.22425],[-0.555965,0.00134108,0.831205]],[[0.759615,-0.405184,0.508735],[0.509269,0.857085,-0.0777835],[-0.404512,0.318168,0.857402]],[[0.759615,-0.405184,0.508735],[0.60556,0.725966,-0.32599],[-0.237238,0.555697,0.796818]]],"btipPosition":[28.8675,287.207,-24.2818],"carpPosition":[-13.7846,302.915,89.4407],"dipPosition":[24.8794,296.548,-10.8871],"direction":[0.404512,-0.318168,-0.857402],"extended":true,"handId":993,"id":9934,"length":49.2606,"mcpPosition":[-2.00846,302.664,34.1309],"pipPosition":[17.1635,302.617,5.46761],"stabilizedTipPosition":[31.6909,297.501,-18.2868],"timeVisible":0.295468,"tipPosition":[29.2928,290.99,-20.3159],"tipVelocity":[-194.529,-436.762,-125.745],"tool":false,"touchDistance":0.238252,"touchZone":"hovering","type":4,"width":15.66}],"r":[[0.986669,0.16167,0.0186426],[-0.161369,0.986754,-0.0166428],[-0.0210863,0.0134126,0.999688]],"s":0.956343,"t":[6.53664,17.2097,-84.0105],"timestamp":669615769627},false],[5,{"currentFrameRate":53.3994,"devices":[],"gestures":[],"hands":[{"armBasis":[[0.949074,-0.315028,-0.00408034],[0.297705,0.900973,-0.315627],[0.103108,0.298338,0.948875]],"armWidth":62.1429,"confidence":0.469985,"direction":[-0.0781128,0.158285,-0.984299],"elbow":[2.28693,374.01,344.661],"grabStrength":0,"id":993,"palmNormal":[-0.366958,-0.922564,-0.119236],"palmPosition":[-37.4139,302.517,43.4339],"palmVelocity":[22.9429,-19.0595,-90.4597],"palmWidth":88.738,"pinchStrength":0.463998,"r":[[0.999165,0.032676,-0.0245368],[-0.0323059,0.99936,0.0153324],[0.0250221,-0.0145269,0.999581]],"s":0.908296,"sphereCenter":[-10.8763,315.4,1.50048],"sphereRadius":60.7036,"stabilizedPalmPosition":[-44.1552,290.205,118.213],"t":[7.37267,14.977,-85.3963],"timeVisible":0.350718,"type":"right","wrist":[-24.8631,295.452,94.8054]}],"id":4976718,"interactionBox":{"center":[0,200,0],"size":[235.247,235.247,147.751]},"pointables":[{"bases":[[[0.685978,0.714456,-0.137792],[-0.551412,0.634003,0.542203],[0.474741,-0.295959,0.828872]],[[0.490876,0.7721,-0.403611],[-0.822055,0.563908,0.0789542],[0.28856,0.293034,0.911517]],[[0.490876,0.7721,-0.403611],[-0.860907,0.500971,-0.0886968],[0.133715,0.391011,0.910621]],[[0.490876,0.7721,-0.403611],[-0.870979,0.446016,-0.206073],[0.0209079,0.452693,0.891421]]],"btipPosition":[-73.2103,257.39,5.45235],"carpPosition":[-54.2391,294.99,100.453],"dipPosition":[-72.7331,267.722,25.7985],"direction":[-0.133715,-0.391011,-0.910621],"extended":false,"handId":993,"id":9930,"length":50.8265,"mcpPosition":[-54.2391,294.99,100.453],"pipPosition":[-68.2868,280.724,56.0782],"stabilizedTipPosition":[-86.8342,254.422,46.7243],"timeVisible":0.350718,"tipPosition":[-75.6731,261.095,10.7007],"tipVelocity":[-0.76874,114.469,-87.5042],"tool":false,"touchDistance":0.257034,"touchZone":"hovering","type":0,"width":19.7488},{"bases":[[[0.900678,-0.320311,-0.293566],[0.328388,0.944268,-0.0227803],[0.284502,-0.0758858,0.955667]],[[0.933517,-0.328135,-0.144478],[0.352508,0.913577,0.202769],[0.0654562,-0.240218,0.96851]],[[0.933517,-0.328135,-0.144478],[0.33309,0.942832,0.0108629],[0.132654,-0.0582649,0.989448]],[[0.933517,-0.328135,-0.144478],[0.306252,0.939318,-0.154565],[0.186429,0.100043,0.977362]]],"btipPosition":[-70.154,326.683,-57.3255],"carpPosition":[-40.7654,311.466,91.4311],"dipPosition":[-67.0476,328.35,-41.04],"direction":[-0.132654,0.0582649,-0.989448],"extended":true,"handId":993,"id":9931,"length":57.352,"mcpPosition":[-61.1781,316.911,22.8631],"pipPosition":[-63.9206,326.976,-17.7165],"stabilizedTipPosition":[-69.1698,323.243,-51.8697],"timeVisible":0.350718,"tipPosition":[-69.6406,326.688,-53.2724],"tipVelocity":[-17.9785,304.684,-31.6121],"tool":false,"touchDistance":0.193542,"touchZone":"hovering","type":1,"width":18.8641},{"bases":[[[0.861567,-0.483868,-0.153539],[0.482097,0.874627,-0.0510961],[0.159013,-0.029998,0.986821]],[[0.87295,-0.484491,-0.0568042],[0.472239,0.81015,0.347343],[-0.122265,-0.330038,0.936016]],[[0.87295,-0.484491,-0.0568042],[0.486514,0.856225,0.173732],[-0.0355347,-0.179296,0.983153]],[[0.87295,-0.484491,-0.0568042],[0.485811,0.873989,0.0114222],[0.0441123,-0.0375671,0.99832]]],"btipPosition":[-34.5793,332.489,-69.3489],"carpPosition":[-29.6842,309.273,87.3569],"dipPosition":[-33.7708,331.8,-51.0528],"direction":[0.0355347,0.179296,-0.983153],"extended":true,"handId":993,"id":9932,"length":65.348,"mcpPosition":[-40.5037,311.314,20.2124],"pipPosition":[-34.7563,326.828,-23.7874],"stabilizedTipPosition":[-34.4431,330.473,-60.8277],"timeVisible":0.350718,"tipPosition":[-34.1837,330.354,-65.1997],"tipVelocity":[-7.76062,94.1984,-70.2237],"tool":false,"touchDistance":-0.166604,"touchZone":"touching","type":2,"width":18.527},{"bases":[[[0.836766,-0.547556,-0.00235519],[0.547244,0.836419,-0.0304515],[0.0186438,0.0241919,0.999533]],[[0.835813,-0.544207,0.0724943],[0.537068,0.837862,0.0977013],[-0.11391,-0.0427256,0.992572]],[[0.835813,-0.544207,0.0724943],[0.542367,0.797976,-0.262815],[0.085177,0.258982,0.962119]],[[0.835813,-0.544207,0.0724943],[0.492145,0.68415,-0.538269],[0.243333,0.485569,0.83965]]],"btipPosition":[-22.0268,288.835,-60.9121],"carpPosition":[-19.1163,304.296,84.6919],"dipPosition":[-17.5929,297.683,-45.6123],"direction":[-0.085177,-0.258982,-0.962119],"extended":true,"handId":993,"id":9933,"length":62.8339,"mcpPosition":[-20.2553,302.818,23.6308],"pipPosition":[-15.2918,304.68,-19.6194],"stabilizedTipPosition":[-19.876,291.505,-56.2969],"timeVisible":0.350718,"tipPosition":[-20.0169,292.406,-57.2823],"tipVelocity":[-191.746,-185.519,-111.117],"tool":false,"touchDistance":0.183399,"touchZone":"hovering","type":3,"width":17.6296},{"bases":[[[0.7313,-0.671699,0.11841],[0.670212,0.739901,0.0579798],[-0.126557,0.0369591,0.991271]],[[0.694654,-0.65289,0.301977],[0.703507,0.528997,-0.474596],[0.150114,0.542123,0.826782]],[[0.694654,-0.65289,0.301977],[0.33183,-0.0816237,-0.939801],[0.638235,0.753042,0.159949]],[[0.694654,-0.65289,0.301977],[-0.0534954,-0.46552,-0.883419],[0.717352,0.597516,-0.358302]]],"btipPosition":[-33.1228,247.939,2.96513],"carpPosition":[-10.87,293.132,84.5602],"dipPosition":[-21.0639,257.983,-3.058],"direction":[-0.638235,-0.753042,-0.159949],"extended":false,"handId":993,"id":9934,"length":49.2606,"mcpPosition":[-3.71325,291.042,28.5038],"pipPosition":[-8.88978,272.347,-0.00702858],"stabilizedTipPosition":[-24.9946,252.395,-0.794077],"timeVisible":0.350718,"tipPosition":[-31.3932,251.927,8.27635],"tipVelocity":[-976.469,-541.525,392.121],"tool":false,"touchDistance":0.615798,"touchZone":"hovering","type":4,"width":15.66}],"r":[[0.999165,0.032676,-0.0245368],[-0.0323059,0.99936,0.0153324],[0.0250221,-0.0145269,0.999581]],"s":0.908296,"t":[7.37267,14.977,-85.3963],"timestamp":669615824877},false],[6,{"currentFrameRate":53.4243,"devices":[],"gestures":[],"hands":[{"armBasis":[[0.935351,-0.352854,0.0247369],[0.340803,0.880262,-0.33014],[0.0947165,0.317228,0.943608]],"armWidth":62.1429,"confidence":0.479557,"direction":[-0.0805836,0.166342,-0.98277],"elbow":[0.561075,377.696,341.467],"grabStrength":0,"id":993,"palmNormal":[-0.420091,-0.899797,-0.117852],"palmPosition":[-37.1128,302.132,41.8046],"palmVelocity":[19.6511,-19.8387,-89.0056],"palmWidth":88.738,"pinchStrength":0.585568,"r":[[0.998901,-0.0221323,-0.0413034],[0.0231408,0.999442,0.0241013],[0.0407469,-0.0250307,0.998856]],"s":0.910302,"sphereCenter":[-14.8826,317.534,0.26317],"sphereRadius":59.8218,"stabilizedPalmPosition":[-44.0537,290.377,117.112],"t":[7.73988,14.6203,-87.0733],"timeVisible":0.369347,"type":"right","wrist":[-24.3795,294.164,92.9987]}],"id":4976719,"interactionBox":{"center":[0,200,0],"size":[235.247,235.247,147.751]},"pointables":[{"bases":[[[0.723742,0.674952,-0.143657],[-0.508131,0.662103,0.550838],[0.466905,-0.325669,0.822156]],[[0.531573,0.744301,-0.404285],[-0.789504,0.608273,0.0817726],[0.306779,0.275716,0.91097]],[[0.531573,0.744301,-0.404285],[-0.833775,0.543867,-0.09501],[0.149161,0.387587,0.909685]],[[0.531573,0.744301,-0.404285],[-0.846546,0.482705,-0.224403],[0.028127,0.461532,0.886678]]],"btipPosition":[-74.2023,258.501,4.16141],"carpPosition":[-53.6658,295.346,98.9959],"dipPosition":[-73.5603,269.035,24.3993],"direction":[-0.149161,-0.387587,-0.909685],"extended":false,"handId":993,"id":9930,"length":50.8265,"mcpPosition":[-53.6658,295.346,98.9959],"pipPosition":[-68.6005,281.923,54.6479],"stabilizedTipPosition":[-84.0284,255.85,38.4014],"timeVisible":0.369347,"tipPosition":[-76.5056,262.318,9.3056],"tipVelocity":[-25.2593,89.0692,-79.3146],"tool":false,"touchDistance":0.235103,"touchZone":"hovering","type":0,"width":19.7488},{"bases":[[[0.877535,-0.369701,-0.305375],[0.381147,0.924213,-0.0236202],[0.290964,-0.0956652,0.951939]],[[0.910064,-0.379566,-0.166474],[0.410753,0.879615,0.239915],[0.0553696,-0.286718,0.956414]],[[0.910064,-0.379566,-0.166474],[0.394503,0.91644,0.0671207],[0.127087,-0.126759,0.983759]],[[0.910064,-0.379566,-0.166474],[0.37028,0.925033,-0.0848933],[0.186217,0.0156162,0.982385]]],"btipPosition":[-68.6809,332.673,-58.0644],"carpPosition":[-39.3861,311.068,89.8675],"dipPosition":[-65.578,332.933,-41.6952],"direction":[-0.127087,0.126759,-0.983759],"extended":true,"handId":993,"id":9931,"length":57.352,"mcpPosition":[-60.2624,317.932,21.567],"pipPosition":[-62.5823,329.945,-18.5059],"stabilizedTipPosition":[-68.2506,330.496,-53.7269],"timeVisible":0.369347,"tipPosition":[-68.3596,331.305,-54.1232],"tipVelocity":[29.1137,304.435,-35.0197],"tool":false,"touchDistance":0.212483,"touchZone":"hovering","type":1,"width":18.8641},{"bases":[[[0.830857,-0.531329,-0.165426],[0.530313,0.846081,-0.0540021],[0.168657,-0.0428596,0.984743]],[[0.843518,-0.532957,-0.0665897],[0.521719,0.783581,0.337358],[-0.127619,-0.319308,0.939018]],[[0.843518,-0.532957,-0.0665897],[0.536211,0.828493,0.161482],[-0.030894,-0.17192,0.984626]],[[0.843518,-0.532957,-0.0665897],[0.534012,0.845474,-0.0022875],[0.057519,-0.0336302,0.997778]]],"btipPosition":[-34.1699,331.575,-71.0827],"carpPosition":[-28.4959,308.265,85.6537],"dipPosition":[-33.1157,330.959,-52.7966],"direction":[0.030894,0.17192,-0.984626],"extended":true,"handId":993,"id":9932,"length":65.348,"mcpPosition":[-39.9715,311.181,18.6506],"pipPosition":[-33.9725,326.191,-25.4903],"stabilizedTipPosition":[-34.284,330.769,-62.6948],"timeVisible":0.369347,"tipPosition":[-33.7541,329.951,-66.8634],"tipVelocity":[8.14797,25.0996,-81.3752],"tool":false,"touchDistance":-0.19554,"touchZone":"touching","type":2,"width":18.527},{"bases":[[[0.804263,-0.594104,-0.0141654],[0.593425,0.80416,-0.0342641],[0.0317477,0.0191512,0.999312]],[[0.804381,-0.590999,0.0607574],[0.584668,0.805605,0.0957276],[-0.105521,-0.0414786,0.993552]],[[0.804381,-0.590999,0.0607574],[0.583963,0.76767,-0.263951],[0.109353,0.247797,0.962621]],[[0.804381,-0.590999,0.0607574],[0.524817,0.658902,-0.538902],[0.278458,0.465369,0.840174]]],"btipPosition":[-23.6293,288.171,-62.8102],"carpPosition":[-18.2595,302.708,82.8461],"dipPosition":[-18.5553,296.651,-47.5009],"direction":[-0.109353,-0.247797,-0.962621],"extended":true,"handId":993,"id":9933,"length":62.8339,"mcpPosition":[-20.199,301.538,21.7985],"pipPosition":[-15.601,303.345,-21.4943],"stabilizedTipPosition":[-21.8472,290.45,-58.5775],"timeVisible":0.369347,"tipPosition":[-21.4929,291.456,-59.1744],"tipVelocity":[-136.585,-114.975,-106.58],"tool":false,"touchDistance":0.159648,"touchZone":"hovering","type":3,"width":17.6296},{"bases":[[[0.693352,-0.712544,0.107447],[0.711751,0.700477,0.0523722],[-0.112582,0.0401629,0.99283]],[[0.663635,-0.695003,0.276693],[0.703902,0.454978,-0.545452],[0.253201,0.556746,0.791153]],[[0.663635,-0.695003,0.276693],[0.212344,-0.179648,-0.96054],[0.717286,0.696202,0.0283585]],[[0.663635,-0.695003,0.276693],[-0.216403,-0.532433,-0.818343],[0.716071,0.483204,-0.503742]]],"btipPosition":[-38.7463,248.222,7.0794],"carpPosition":[-10.6621,291.095,82.5792],"dipPosition":[-26.709,256.345,-1.38859],"direction":[-0.717286,-0.696202,-0.0283585],"extended":false,"handId":993,"id":9934,"length":49.2606,"mcpPosition":[-4.2956,288.823,26.4345],"pipPosition":[-13.027,269.625,-0.847661],"stabilizedTipPosition":[-33.9554,250.515,4.04062],"timeVisible":0.369347,"tipPosition":[-35.7954,