{"sensorType":"Leap","data":[[0,{"currentFrameRate":53.0075,"devices":[],"gestures":[{"center":[-33.4279,292.227,-2.94301],"duration":18850,"handIds":[987],"id":11,"normal":[-0.954628,0.168538,0.24552],"pointableIds":[9871],"progress":0.875792,"radius":43.0263,"state":"update","type":"circle"}],"hands":[{"armBasis":[[0.678357,-0.713608,-0.174915],[0.692149,0.700538,-0.173714],[0.246498,-0.00322641,0.969138]],"armWidth":62.1429,"confidence":0.544272,"direction":[0.313891,0.350507,-0.882393],"elbow":[56.4788,307.142,346.011],"grabStrength":0.0516397,"id":987,"palmNormal":[-0.633209,-0.61522,-0.469629],"palmPosition":[0.174911,329.108,42.5859],"palmVelocity":[21.571,125.825,-283.867],"palmWidth":88.738,"pinchStrength":0.87089,"r":[[0.892922,-0.13638,0.429059],[0.213977,0.967052,-0.137926],[-0.396112,0.214966,0.892684]],"s":1.06587,"sphereCenter":[-16.4929,291.371,4.45611],"sphereRadius":49.9996,"stabilizedPalmPosition":[-2.77096,295.416,90.6541],"t":[0.886647,26.5995,-41.7132],"timeVisible":19.3007,"type":"right","wrist":[-8.42852,307.992,90.8201]}],"id":4972851,"interactionBox":{"center":[0,200,0],"size":[235.247,235.247,147.751]},"pointables":[{"bases":[[[0.912295,0.334511,0.236264],[-0.408691,0.706651,0.577595],[0.0262561,-0.623496,0.781385]],[[0.847524,0.528662,-0.0470982],[-0.483993,0.806223,0.340228],[0.217837,-0.265556,0.939163]],[[0.847524,0.528662,-0.0470982],[-0.529523,0.848265,-0.00716733],[0.0361627,0.0310141,0.998865]],[[0.847524,0.528662,-0.0470982],[-0.525755,0.824072,-0.210921],[-0.0726938,0.203523,0.976368]]],"btipPosition":[-45.9631,327.226,-11.5994],"carpPosition":[-35.815,319.975,89.62],"dipPosition":[-47.6223,331.871,10.6855],"direction":[-0.0361627,-0.0310141,-0.998865],"extended":false,"handId":987,"id":9870,"length":50.8265,"mcpPosition":[-35.815,319.975,89.62],"pipPosition":[-46.4198,332.902,43.8995],"stabilizedTipPosition":[-47.403,308.852,29.0243],"timeVisible":19.3007,"tipPosition":[-45.68,329.261,-6.41338],"tipVelocity":[16.3909,101.422,-279.284],"tool":false,"touchDistance":-0.745175,"touchZone":"hovering","type":0,"width":19.7488},{"bases":[[[0.750133,-0.637276,-0.176578],[0.654484,0.677257,0.336115],[-0.0946092,-0.367699,0.92512]],[[0.745773,-0.651407,-0.139614],[0.646602,0.758218,-0.0837334],[0.160402,-0.0278286,0.986659]],[[0.745773,-0.651407,-0.139614],[0.613103,0.753079,-0.238697],[0.260629,0.0924157,0.961006]],[[0.745773,-0.651407,-0.139614],[0.581004,0.738499,-0.342131],[0.325971,0.174036,0.929222]]],"btipPosition":[-26.4074,352.279,-56.7123],"carpPosition":[-14.8996,329.81,89.1404],"dipPosition":[-20.9759,355.179,-41.2289],"direction":[-0.260629,-0.0924157,-0.961006],"extended":true,"handId":987,"id":9871,"length":57.352,"mcpPosition":[-8.11154,356.192,22.7642],"pipPosition":[-14.8323,357.358,-18.5759],"stabilizedTipPosition":[-27.6335,339.527,-31.3849],"timeVisible":19.3007,"tipPosition":[-25.968,352.13,-52.6502],"tipVelocity":[39.8548,128.513,-297.498],"tool":false,"touchDistance":-0.724535,"touchZone":"hovering","type":1,"width":18.8641},{"bases":[[[0.607816,-0.78715,-0.104663],[0.769645,0.551531,0.321653],[-0.195464,-0.276059,0.941055]],[[0.601406,-0.795398,-0.0751831],[0.555514,0.483942,-0.676169],[0.574208,0.364887,0.7329]],[[0.601406,-0.795398,-0.0751831],[-0.166951,-0.033089,-0.98541],[0.781305,0.605184,-0.152692]],[[0.601406,-0.795398,-0.0751831],[-0.527194,-0.324378,-0.785395],[0.600314,0.511978,-0.614412]]],"btipPosition":[-51.2095,299.04,4.08176],"carpPosition":[-4.84763,323.575,87.0693],"dipPosition":[-40.2076,308.423,-7.17852],"direction":[-0.781305,-0.605184,0.152692],"extended":false,"handId":987,"id":9872,"length":65.348,"mcpPosition":[8.45201,342.358,23.0387],"pipPosition":[-18.54,325.206,-11.4131],"stabilizedTipPosition":[-50.3727,277.293,44.3055],"timeVisible":19.3007,"tipPosition":[-48.8773,300.975,2.37396],"tipVelocity":[18.1617,114.302,-263.642],"tool":false,"touchDistance":0.333333,"touchZone":"none","type":2,"width":18.527},{"bases":[[[0.512667,-0.858517,0.0110145],[0.804481,0.484802,0.343188],[-0.299973,-0.16708,0.939202]],[[0.522673,-0.852268,-0.0212675],[0.622584,0.398618,-0.673418],[0.582411,0.338736,0.738956]],[[0.522673,-0.852268,-0.0212675],[-0.125191,-0.0520525,-0.990766],[0.843292,0.520509,-0.133902]],[[0.522673,-0.852268,-0.0212675],[-0.513493,-0.294801,-0.805864],[0.680543,0.432124,-0.591718]]],"btipPosition":[-39.0048,288.406,10.1759],"carpPosition":[3.23108,314.896,85.351],"dipPosition":[-26.6042,296.28,-0.606092],"direction":[-0.843292,-0.520509,0.133902],"extended":false,"handId":987,"id":9873,"length":62.8339,"mcpPosition":[21.5563,325.102,27.9755],"pipPosition":[-3.82152,310.342,-4.22365],"stabilizedTipPosition":[-37.598,261.416,60.0124],"timeVisible":19.3007,"tipPosition":[-36.3009,290.101,8.8411],"tipVelocity":[29.4933,125.652,-327.226],"tool":false,"touchDistance":0.333333,"touchZone":"none","type":3,"width":17.6296},{"bases":[[[0.334485,-0.940307,0.0627858],[0.844742,0.328691,0.422342],[-0.417769,-0.0882293,0.904259]],[[0.369048,-0.92929,-0.0149203],[0.687947,0.283928,-0.667918],[0.624926,0.23623,0.744086]],[[0.369048,-0.92929,-0.0149203],[-0.128548,-0.0351379,-0.991081],[0.920477,0.367675,-0.132426]],[[0.369048,-0.92929,-0.0149203],[-0.541029,-0.20175,-0.816447],[0.755706,0.309381,-0.577228]]],"btipPosition":[-22.088,286.057,19.0411],"carpPosition":[6.09856,301.427,83.6069],"dipPosition":[-9.38441,291.257,9.33782],"direction":[-0.920477,-0.367675,0.132426],"extended":false,"handId":987,"id":9874,"length":49.2606,"mcpPosition":[29.7234,306.417,32.4709],"pipPosition":[8.17344,298.271,6.81183],"stabilizedTipPosition":[-19.7371,256.662,67.9848],"timeVisible":19.3007,"tipPosition":[-19.2086,287.218,16.8146],"tipVelocity":[20.3839,120.11,-273.445],"tool":false,"touchDistance":0.333333,"touchZone":"none","type":4,"width":15.66}],"r":[[0.892922,-0.13638,0.429059],[0.213977,0.967052,-0.137926],[-0.396112,0.214966,0.892684]],"s":1.06587,"t":[0.886647,26.5995,-41.7132],"timestamp":669542549134},false],[1,{"currentFrameRate":53.0033,"devices":[],"gestures":[{"center":[-33.4279,292.227,-2.94301],"duration":18850,"handIds":[987],"id":11,"normal":[-0.954628,0.168538,0.24552],"pointableIds":[9871],"progress":0.875792,"radius":43.0263,"state":"update","type":"circle"}],"hands":[{"armBasis":[[0.670436,-0.719499,-0.181209],[0.695532,0.694489,-0.184175],[0.258361,-0.00255903,0.966045]],"armWidth":62.1429,"confidence":0.554303,"direction":[0.320412,0.358891,-0.876661],"elbow":[58.8674,309.009,341.546],"grabStrength":0.0433073,"id":987,"palmNormal":[-0.636598,-0.603741,-0.479833],"palmPosition":[-0.18666,331.332,39.2399],"palmVelocity":[1.61551,121.872,-231.596],"palmWidth":88.738,"pinchStrength":0.877802,"r":[[0.892658,-0.141747,0.427865],[0.217084,0.967118,-0.132508],[-0.395014,0.211167,0.894077]],"s":1.06491,"sphereCenter":[-17.1654,294.472,0.560253],"sphereRadius":49.8882,"stabilizedPalmPosition":[-2.73646,295.896,89.9677],"t":[0.909597,28.8939,-46.0658],"timeVisible":19.3196,"type":"right","wrist":[-9.16373,309.683,87.1691]}],"id":4972852,"interactionBox":{"center":[0,200,0],"size":[235.247,235.247,147.751]},"pointables":[{"bases":[[[0.914189,0.323597,0.244017],[-0.404899,0.702811,0.584904],[0.0177753,-0.633515,0.773526]],[[0.85155,0.522839,-0.0387501],[-0.479093,0.806055,0.347483],[0.212912,-0.277334,0.936885]],[[0.85155,0.522839,-0.0387501],[-0.523276,0.852162,-0.00134018],[0.0323206,0.0214182,0.999248]],[[0.85155,0.522839,-0.0387501],[-0.518073,0.827847,-0.215105],[-0.0803861,0.203248,0.975822]]],"btipPosition":[-46.0461,330.067,-15.0943],"carpPosition":[-36.4411,321.917,86.0146],"dipPosition":[-47.8809,334.706,7.17826],"direction":[-0.0323206,-0.0214182,-0.999248],"extended":false,"handId":987,"id":9870,"length":50.8265,"mcpPosition":[-36.4411,321.917,86.0146],"pipPosition":[-46.8062,335.418,40.405],"stabilizedTipPosition":[-47.3799,309.405,28.0576],"timeVisible":19.3196,"tipPosition":[-45.8747,332.155,-9.91018],"tipVelocity":[5.15516,125.414,-233.196],"tool":false,"touchDistance":-0.751456,"touchZone":"hovering","type":0,"width":19.7488},{"bases":[[[0.745323,-0.641461,-0.181719],[0.658939,0.667273,0.347198],[-0.101458,-0.378517,0.920017]],[[0.740585,-0.65631,-0.144191],[0.654453,0.753152,-0.066734],[0.152396,-0.044944,0.987297]],[[0.740585,-0.65631,-0.144191],[0.623144,0.751079,-0.21811],[0.251447,0.0716772,0.965213]],[[0.740585,-0.65631,-0.144191],[0.592805,0.739166,-0.31971],[0.31641,0.151295,0.93648]]],"btipPosition":[-25.7454,356.407,-59.9927],"carpPosition":[-15.4402,331.576,85.7407],"dipPosition":[-20.4731,358.928,-44.3884],"direction":[-0.251446,-0.0716772,-0.965213],"extended":true,"handId":987,"id":9871,"length":57.352,"mcpPosition":[-8.16072,358.734,19.7306],"pipPosition":[-14.546,360.617,-21.6362],"stabilizedTipPosition":[-27.3367,341.198,-33.7799],"timeVisible":19.3196,"tipPosition":[-25.3988,356.123,-55.9237],"tipVelocity":[36.5551,170.389,-236.123],"tool":false,"touchDistance":-0.729204,"touchZone":"hovering","type":1,"width":18.8641},{"bases":[[[0.601436,-0.790995,-0.112259],[0.773071,0.540747,0.331592],[-0.201584,-0.286216,0.93672]],[[0.594802,-0.799601,-0.0827564],[0.560733,0.48646,-0.670026],[0.576012,0.352128,0.73771]],[[0.594802,-0.799601,-0.0827564],[-0.166488,-0.0218184,-0.985802],[0.786443,0.600135,-0.146102]],[[0.594802,-0.799601,-0.0827564],[-0.529221,-0.312011,-0.789034],[0.605092,0.513115,-0.608751]]],"btipPosition":[-51.6944,302.156,0.424687],"carpPosition":[-5.43401,325.281,83.6299],"dipPosition":[-40.6049,311.56,-10.7318],"direction":[-0.786443,-0.600135,0.146102],"extended":false,"handId":987,"id":9872,"length":65.348,"mcpPosition":[8.28201,344.756,19.8943],"pipPosition":[-18.7948,328.203,-14.7836],"stabilizedTipPosition":[-50.3388,278.039,43.0244],"timeVisible":19.3196,"tipPosition":[-49.3193,304.123,-1.42487],"tipVelocity":[-2.80003,139.286,-228.737],"tool":false,"touchDistance":0.333333,"touchZone":"none","type":2,"width":18.527},{"bases":[[[0.505216,-0.86299,0.00213491],[0.807245,0.473453,0.352416],[-0.305143,-0.176323,0.935841]],[[0.51524,-0.856538,-0.0294944],[0.640215,0.407537,-0.651182],[0.569783,0.316633,0.758348]],[[0.51524,-0.856538,-0.0294944],[-0.101057,-0.0265436,-0.994526],[0.851067,0.5154,-0.100235]],[[0.51524,-0.856538,-0.0294944],[-0.497878,-0.271126,-0.823777],[0.6976,0.439127,-0.566146]]],"btipPosition":[-39.3141,291.603,4.64296],"carpPosition":[2.57655,316.554,81.8332],"dipPosition":[-26.6027,299.605,-5.67312],"direction":[-0.851067,-0.5154,0.100235],"extended":false,"handId":987,"id":9873,"length":62.8339,"mcpPosition":[21.2176,327.326,24.663],"pipPosition":[-3.60998,313.529,-8.38112],"stabilizedTipPosition":[-37.5765,261.984,58.988],"timeVisible":19.3196,"tipPosition":[-36.6003,293.268,3.6966],"tipVelocity":[8.86642,147.813,-307.686],"tool":false,"touchDistance":0.333333,"touchZone":"none","type":3,"width":17.6296},{"bases":[[[0.326132,-0.943883,0.0521751],[0.845846,0.316013,0.429744],[-0.422116,-0.096021,0.901442]],[[0.360686,-0.932371,-0.0243028],[0.700665,0.288065,-0.652754],[0.615609,0.218411,0.75718]],[[0.360686,-0.932371,-0.0243028],[-0.11187,-0.0173788,-0.993571],[0.925954,0.361086,-0.110573]],[[0.360686,-0.932371,-0.0243028],[-0.530309,-0.183575,-0.827691],[0.767253,0.311425,-0.560658]]],"btipPosition":[-22.583,288.861,14.3765],"carpPosition":[5.33501,303.085,79.9298],"dipPosition":[-9.68532,294.096,4.9517],"direction":[-0.925954,-0.361086,0.110573],"extended":false,"handId":987,"id":9874,"length":49.2606,"mcpPosition":[29.2057,308.515,28.9532],"pipPosition":[7.97699,300.983,2.84255],"stabilizedTipPosition":[-19.735,257.233,67.0315],"timeVisible":19.3196,"tipPosition":[-19.7037,290.004,12.453],"tipVelocity":[-1.2949,134.23,-258.844],"tool":false,"touchDistance":0.333333,"touchZone":"none","type":4,"width":15.66}],"r":[[0.892658,-0.141747,0.427865],[0.217084,0.967118,-0.132508],[-0.395014,0.211167,0.894077]],"s":1.06491,"t":[0.909597,28.8939,-46.0658],"timestamp":669542568016},false],[2,{"currentFrameRate":52.9574,"devices":[],"gestures":[{"center":[-33.4279,292.227,-2.94301],"duration":18850,"handIds":[987],"id":11,"normal":[-0.954628,0.168538,0.24552],"pointableIds":[9871],"progress":0.875792,"radius":43.0263,"state":"update","type":"circle"}],"hands":[{"armBasis":[[0.657339,-0.732906,-0.175367],[0.713434,0.680177,-0.168435],[0.242728,-0.0143939,0.969988]],"armWidth":62.1429,"confidence":0.523033,"direction":[0.323362,0.354131,-0.877513],"elbow":[55.1008,306.509,339.349],"grabStrength":0.035043,"id":987,"palmNormal":[-0.653617,-0.586983,-0.477741],"palmPosition":[0.37516,331.888,36.0185],"palmVelocity":[15.3622,76.1875,-200.791],"palmWidth":88.738,"pinchStrength":0.893256,"r":[[0.892269,-0.150514,0.425679],[0.223968,0.966176,-0.127835],[-0.39204,0.209401,0.895799]],"s":1.06361,"sphereCenter":[-17.8431,295.762,-2.71049],"sphereRadius":49.8493,"stabilizedPalmPosition":[-2.70839,296.22,89.4809],"t":[1.20198,30.3194,-49.8529],"timeVisible":19.3386,"type":"right","wrist":[-8.81358,310.299,83.9344]}],"id":4972853,"interactionBox":{"center":[0,200,0],"size":[235.247,235.247,147.751]},"pointables":[{"bases":[[[0.923058,0.301154,0.23931],[-0.384585,0.710224,0.58964],[0.00760875,-0.636308,0.771398]],[[0.862975,0.503374,-0.0434527],[-0.45804,0.815745,0.353212],[0.213244,-0.284911,0.934534]],[[0.862975,0.503374,-0.0434527],[-0.503699,0.86387,0.00390625],[0.0395038,0.0185161,0.999048]],[[0.862975,0.503374,-0.0434527],[-0.499976,0.83842,-0.216968],[-0.0727845,0.208963,0.975211]]],"btipPosition":[-45.8349,331.661,-17.9845],"carpPosition":[-35.8014,323.176,82.9892],"dipPosition":[-47.4962,336.43,4.27405],"direction":[-0.0395038,-0.0185161,-0.999048],"extended":false,"handId":987,"id":9870,"length":50.8265,"mcpPosition":[-35.8014,323.176,82.9892],"pipPosition":[-46.1826,337.046,37.4941],"stabilizedTipPosition":[-47.3552,309.899,27.191],"timeVisible":19.3386,"tipPosition":[-45.6348,333.768,-12.8195],"tipVelocity":[9.11277,105.619,-193.113],"tool":false,"touchDistance":-0.748046,"touchZone":"hovering","type":0,"width":19.7488},{"bases":[[[0.728847,-0.658245,-0.188403],[0.676629,0.650408,0.34517],[-0.104668,-0.379055,0.919436]],[[0.723931,-0.673262,-0.150471],[0.672518,0.737344,-0.0635899],[0.153761,-0.0551597,0.986567]],[[0.723931,-0.673262,-0.150471],[0.641684,0.737239,-0.211472],[0.253309,0.0565367,0.965732]],[[0.723931,-0.673262,-0.150471],[0.611758,0.727319,-0.31106],[0.318866,0.133135,0.938403]]],"btipPosition":[-24.7975,358.295,-63.091],"carpPosition":[-14.5806,332.339,82.6144],"dipPosition":[-19.4843,360.514,-47.4547],"direction":[-0.253309,-0.0565367,-0.965732],"extended":true,"handId":987,"id":9871,"length":57.352,"mcpPosition":[-7.07077,359.535,16.646],"pipPosition":[-13.5132,361.846,-24.6902],"stabilizedTipPosition":[-27.0205,342.678,-35.9416],"timeVisible":19.3386,"tipPosition":[-24.4945,357.917,-59.0216],"tipVelocity":[43.3118,133.462,-199.707],"tool":false,"touchDistance":-0.73098,"touchZone":"hovering","type":1,"width":18.8641},{"bases":[[[0.581905,-0.804575,-0.118515],[0.787646,0.52128,0.328452],[-0.202484,-0.284476,0.937056]],[[0.575236,-0.813139,-0.0889283],[0.574412,0.478952,-0.66382],[0.58237,0.330771,0.742587]],[[0.575236,-0.813139,-0.0889283],[-0.161602,-0.00639715,-0.986835],[0.801866,0.582034,-0.135085]],[[0.575236,-0.813139,-0.0889283],[-0.533167,-0.290269,-0.794655],[0.620352,0.504527,-0.600513]]],"btipPosition":[-51.9443,304.236,-3.49266],"carpPosition":[-4.73892,325.817,80.4211],"dipPosition":[-40.5752,313.483,-14.4982],"direction":[-0.801866,-0.582034,0.135085],"extended":false,"handId":987,"id":9872,"length":65.348,"mcpPosition":[9.03836,345.173,16.6627],"pipPosition":[-18.3374,329.624,-18.2445],"stabilizedTipPosition":[-50.314,278.735,41.8187],"timeVisible":19.3386,"tipPosition":[-49.5174,306.134,-5.07918],"tipVelocity":[-6.22438,123.523,-216.458],"tool":false,"touchDistance":0.333333,"touchZone":"none","type":2,"width":18.527},{"bases":[[[0.484723,-0.87466,-0.00374875],[0.820352,0.453131,0.348849],[-0.303425,-0.17217,0.937172]],[[0.494591,-0.868419,-0.0350616],[0.646865,0.394753,-0.652485],[0.580471,0.300033,0.75699]],[[0.494591,-0.868419,-0.0350616],[-0.107131,-0.0208812,-0.994026],[0.862498,0.495392,-0.103362]],[[0.494591,-0.868419,-0.0350616],[-0.509525,-0.257036,-0.821168],[0.704106,0.424007,-0.569608]]],"btipPosition":[-39.8363,293.244,1.48201],"carpPosition":[3.0523,316.91,78.5468],"dipPosition":[-27.0064,300.97,-8.89715],"direction":[-0.862498,-0.495392,0.103362],"extended":false,"handId":987,"id":9873,"length":62.8339,"mcpPosition":[21.5885,327.427,21.2953],"pipPosition":[-3.70484,314.354,-11.6896],"stabilizedTipPosition":[-37.5664,262.468,58.11],"timeVisible":19.3386,"tipPosition":[-37.0965,294.845,0.445264],"tipVelocity":[-8.31803,115.762,-238.173],"tool":false,"touchDistance":0.333333,"touchZone":"none","type":3,"width":17.6296},{"bases":[[[0.304093,-0.951475,0.0471558],[0.855706,0.29457,0.425436],[-0.418682,-0.0890206,0.903759]],[[0.337876,-0.940768,-0.0282074],[0.711882,0.275047,-0.646199],[0.615681,0.198255,0.762648]],[[0.337876,-0.940768,-0.0282074],[-0.102899,-0.00713266,-0.994666],[0.935549,0.338976,-0.0992142]],[[0.337876,-0.940768,-0.0282074],[-0.528297,-0.164764,-0.832919],[0.778936,0.296325,-0.552675]]],"btipPosition":[-23.0136,290.136,10.36],"carpPosition":[5.48046,303.385,76.5838],"dipPosition":[-9.91954,295.117,1.06943],"direction":[-0.935549,-0.338976,0.0992142],"extended":false,"handId":987,"id":9874,"length":49.2606,"mcpPosition":[29.157,308.419,25.4761],"pipPosition":[7.9258,301.583,-0.823057],"stabilizedTipPosition":[-19.7383,257.657,66.2994],"timeVisible":19.3386,"tipPosition":[-20.131,291.196,8.70914],"tipVelocity":[-10.6338,99.5354,-234.385],"tool":false,"touchDistance":0.333333,"touchZone":"none","type":4,"width":15.66}],"r":[[0.892269,-0.150514,0.425679],[0.223968,0.966176,-0.127835],[-0.39204,0.209401,0.895799]],"s":1.06361,"t":[1.20198,30.3194,-49.8529],"timestamp":669542587064},false],[3,{"currentFrameRate":52.9706,"devices":[],"gestures":[{"center":[-33.4279,292.227,-2.94301],"duration":18850,"handIds":[987],"id":11,"normal":[-0.954628,0.168538,0.24552],"pointableIds":[9871],"progress":0.875792,"radius":43.0263,"state":"update","type":"circle"}],"hands":[{"armBasis":[[0.645347,-0.745889,-0.164853],[0.721953,0.666067,-0.187451],[0.249621,0.00195551,0.968342]],"armWidth":62.1429,"confidence":0.539357,"direction":[0.32553,0.353145,-0.877108],"elbow":[57.203,311.393,335.368],"grabStrength":0.0276255,"id":987,"palmNormal":[-0.666868,-0.571874,-0.477752],"palmPosition":[0.824249,332.571,32.5493],"palmVelocity":[19.5131,56.666,-192.689],"palmWidth":88.738,"pinchStrength":0.920932,"r":[[0.891743,-0.161338,0.422806],[0.232956,0.964648,-0.123229],[-0.387977,0.208384,0.897803]],"s":1.06031,"sphereCenter":[-18.431,297.054,-6.41903],"sphereRadius":49.9511,"stabilizedPalmPosition":[-2.6893,296.417,89.1733],"t":[1.57272,31.3737,-53.481],"timeVisible":19.3575,"type":"right","wrist":[-8.52658,310.878,80.3869]}],"id":4972854,"interactionBox":{"center":[0,200,0],"size":[235.247,235.247,147.751]},"pointables":[{"bases":[[[0.929718,0.282459,0.236308],[-0.368272,0.71383,0.595669],[-0.000431422,-0.64083,0.767683]],[[0.871703,0.487895,-0.0457474],[-0.441022,0.821786,0.360786],[0.21362,-0.294322,0.931526]],[[0.871703,0.487895,-0.0457474],[-0.487934,0.87281,0.0110822],[0.0453357,0.0126613,0.998892]],[[0.871703,0.487895,-0.0457474],[-0.485389,0.846843,-0.217381],[-0.0673184,0.211697,0.975014]]],"btipPosition":[-45.6437,333.338,-21.1638],"carpPosition":[-35.2732,324.262,79.6538],"dipPosition":[-47.1802,338.17,1.09024],"direction":[-0.0453357,-0.0126613,-0.998892],"extended":false,"handId":987,"id":9870,"length":50.8265,"mcpPosition":[-35.2732,324.262,79.6538],"pipPosition":[-45.6727,338.591,34.3051],"stabilizedTipPosition":[-47.331,310.338,26.4193],"timeVisible":19.3575,"tipPosition":[-45.427,335.447,-16.0132],"tipVelocity":[10.368,97.8861,-181.264],"tool":false,"touchDistance":-0.74928,"touchZone":"hovering","type":0,"width":19.7488},{"bases":[[[0.715452,-0.670633,-0.195906],[0.690399,0.635631,0.345431],[-0.107133,-0.382393,0.917768]],[[0.710474,-0.685706,-0.15822],[0.686505,0.724776,-0.0583978],[0.154718,-0.0671289,0.985675]],[[0.710474,-0.685706,-0.15822],[0.655784,0.726687,-0.204629],[0.255292,0.0416254,0.965968]],[[0.710474,-0.685706,-0.15822],[0.625879,0.718491,-0.303392],[0.321718,0.116525,0.939638]]],"btipPosition":[-24.0612,360.355,-66.3515],"carpPosition":[-13.8868,333.029,79.223],"dipPosition":[-18.7005,362.297,-50.6946],"direction":[-0.255292,-0.0416254,-0.965968],"extended":true,"handId":987,"id":9871,"length":57.352,"mcpPosition":[-6.20015,360.465,13.3743],"pipPosition":[-12.6827,363.278,-27.9246],"stabilizedTipPosition":[-26.7215,343.971,-37.8538],"timeVisible":19.3575,"tipPosition":[-23.7678,359.898,-62.2959],"tipVelocity":[41.5354,120.029,-186.593],"tool":false,"touchDistance":-0.735053,"touchZone":"hovering","type":1,"width":18.8641},{"bases":[[[0.566151,-0.814598,-0.126109],[0.798896,0.504552,0.327404],[-0.203073,-0.286108,0.936431]],[[0.559277,-0.823437,-0.0957126],[0.595863,0.479584,-0.644163],[0.57633,0.303234,0.758876]],[[0.559277,-0.823437,-0.0957126],[-0.139614,0.0202476,-0.989999],[0.81714,0.567046,-0.103639]],[[0.559277,-0.823437,-0.0957126],[-0.523666,-0.261426,-0.810821],[0.642638,0.503595,-0.577416]]],"btipPosition":[-51.8934,306.595,-8.9904],"carpPosition":[-4.18,326.337,76.942],"dipPosition":[-40.1159,315.824,-19.5726],"direction":[-0.81714,-0.567046,0.103639],"extended":false,"handId":987,"id":9872,"length":65.348,"mcpPosition":[9.63736,345.804,13.226],"pipPosition":[-17.4545,331.55,-22.4468],"stabilizedTipPosition":[-50.2922,279.314,40.79],"timeVisible":19.3575,"tipPosition":[-49.4162,308.389,-9.99133],"tipVelocity":[0.582548,124.275,-250.856],"tool":false,"touchDistance":0.333333,"touchZone":"none","type":2,"width":18.527},{"bases":[[[0.468251,-0.883524,-0.0112512],[0.830422,0.435686,0.347241],[-0.301894,-0.171939,0.937708]],[[0.477698,-0.877551,-0.0413392],[0.661451,0.390234,-0.640469],[0.578176,0.278607,0.766871]],[[0.477698,-0.877551,-0.0413392],[-0.0922695,-0.003321,-0.995729],[0.873665,0.479472,-0.0825576]],[[0.477698,-0.877551,-0.0413392],[-0.50296,-0.234601,-0.831862],[0.720303,0.418171,-0.553441]]],"btipPosition":[-40.0453,295.088,-3.40808],"carpPosition":[3.43375,317.297,74.9767],"dipPosition":[-26.9202,302.707,-13.4927],"direction":[-0.873665,-0.479472,0.0825576],"extended":false,"handId":987,"id":9873,"length":62.8339,"mcpPosition":[21.8764,327.801,17.6924],"pipPosition":[-3.31694,315.661,-15.7231],"stabilizedTipPosition":[-37.5605,262.845,57.4099],"timeVisible":19.3575,"tipPosition":[-37.2727,296.624,-4.12655],"tipVelocity":[-7.91325,106.395,-246.935],"tool":false,"touchDistance":0.333333,"touchZone":"none","type":3,"width":17.6296},{"bases":[[[0.286473,-0.957247,0.0401353],[0.863187,0.276048,0.422735],[-0.415742,-0.086458,0.905364]],[[0.319106,-0.947141,-0.0330991],[0.719518,0.264852,-0.641987],[0.616818,0.181047,0.766001]],[[0.319106,-0.947141,-0.0330991],[-0.0994374,0.00127113,-0.995043],[0.942488,0.320816,-0.0937756]],[[0.319106,-0.947141,-0.0330991],[-0.530102,-0.149431,-0.834663],[0.785597,0.283892,-0.549765]]],"btipPosition":[-23.3453,291.496,6.34081],"carpPosition":[5.59862,303.742,72.9236],"dipPosition":[-10.1393,296.268,-2.90085],"direction":[-0.942488,-0.320816,0.0937756],"extended":false,"handId":987,"id":9874,"length":49.2606,"mcpPosition":[29.1088,308.631,21.7252],"pipPosition":[7.83844,302.388,-4.68959],"stabilizedTipPosition":[-19.7432,257.954,65.7721],"timeVisible":19.3575,"tipPosition":[-20.468,292.486,4.80338],"tipVelocity":[-13.3792,84.9365,-223.845],"tool":false,"touchDistance":0.333333,"touchZone":"none","type":4,"width":15.66}],"r":[[0.891743,-0.161338,0.422806],[0.232956,0.964648,-0.123229],[-0.387977,0.208384,0.897803]],"s":1.06031,"t":[1.57272,31.3737,-53.481],"timestamp":669542605895},false],[4,{"currentFrameRate":52.973,"devices":[],"gestures":[{"center":[-33.4279,292.227,-2.94301],"duration":18850,"handIds":[987],"id":11,"normal":[-0.954628,0.168538,0.24552],"pointableIds":[9871],"progress":0.875792,"radius":43.0263,"state":"update","type":"circle"}],"hands":[{"armBasis":[[0.633404,-0.757395,-0.158597],[0.732261,0.652925,-0.193604],[0.250186,0.00649513,0.968176]],"armWidth":62.1429,"confidence":0.56102,"direction":[0.324682,0.350845,-0.878344],"elbow":[57.993,312.993,332.602],"grabStrength":0.0213681,"id":987,"palmNormal":[-0.681586,-0.557068,-0.474465],"palmPosition":[1.46701,333.008,29.8418],"palmVelocity":[26.6408,40.2454,-168.589],"palmWidth":88.738,"pinchStrength":0.931095,"r":[[0.891313,-0.173711,0.418792],[0.243571,0.962538,-0.119138],[-0.382407,0.208195,0.900233]],"s":1.05674,"sphereCenter":[-18.9805,298.198,-9.18332],"sphereRadius":49.9641,"stabilizedPalmPosition":[-2.67582,296.535,88.9809],"t":[2.07947,32.1192,-56.6488],"timeVisible":19.3763,"type":"right","wrist":[-7.88534,311.282,77.6644]}],"id":4972855,"interactionBox":{"center":[0,200,0],"size":[235.247,235.247,147.751]},"pointables":[{"bases":[[[0.936861,0.263826,0.229536],[-0.34965,0.717988,0.601862],[-0.00601729,-0.644119,0.764902]],[[0.880231,0.471752,-0.0514067],[-0.421897,0.827562,0.370331],[0.217246,-0.304288,0.927477]],[[0.880231,0.471752,-0.0514067],[-0.471339,0.88171,0.0206478],[0.0550665,0.00605515,0.998464]],[[0.880231,0.471752,-0.0514067],[-0.470976,0.85521,-0.216326],[-0.058089,0.214629,0.974967]]],"btipPosition":[-45.4609,334.885,-23.3872],"carpPosition":[-34.3796,325.172,77.218],"dipPosition":[-46.7867,339.784,-1.13419],"direction":[-0.0550665,-0.00605515,-0.998464],"extended":false,"handId":987,"id":9870,"length":50.8265,"mcpPosition":[-34.3796,325.172,77.218],"pipPosition":[-44.9557,339.985,32.0665],"stabilizedTipPosition":[-47.3042,310.778,25.6533],"timeVisible":19.3763,"tipPosition":[-45.1837,336.946,-18.2619],"tipVelocity":[11.2936,90.4981,-150.199],"tool":false,"touchDistance":-0.736039,"touchZone":"hovering","type":0,"width":19.7488},{"bases":[[[0.700966,-0.683124,-0.20491],[0.705192,0.620958,0.342222],[-0.10654,-0.384387,0.917004]],[[0.696029,-0.698255,-0.16728],[0.700146,0.711683,-0.0574752],[0.159183,-0.077116,0.984233]],[[0.696029,-0.698255,-0.16728],[0.669061,0.715279,-0.201824],[0.260577,0.0285546,0.965031]],[[0.696029,-0.698255,-0.16728],[0.638883,0.708602,-0.299519],[0.327676,0.101602,0.939311]]],"btipPosition":[-23.4637,361.979,-68.7903],"carpPosition":[-12.8359,333.535,76.6415],"dipPosition":[-18.0038,363.672,-53.1388],"direction":[-0.260577,-0.0285546,-0.965031],"extended":true,"handId":987,"id":9871,"length":57.352,"mcpPosition":[-5.19179,361.114,10.8476],"pipPosition":[-11.8614,364.346,-30.3909],"stabilizedTipPosition":[-26.4418,345.111,-39.548],"timeVisible":19.3763,"tipPosition":[-23.1649,361.464,-64.7478],"tipVelocity":[37.2922,101.921,-158.535],"tool":false,"touchDistance":-0.72648,"touchZone":"hovering","type":1,"width":18.8641},{"bases":[[[0.54957,-0.824557,-0.134453],[0.811036,0.487938,0.322702],[-0.200482,-0.286394,0.936902]],[[0.542622,-0.833598,-0.103321],[0.607084,0.474207,-0.637634],[0.580526,0.28327,0.763379]],[[0.542622,-0.833598,-0.103321],[-0.133554,0.03582,-0.990394],[0.829291,0.551209,-0.0918935]],[[0.542622,-0.833598,-0.103321],[-0.525129,-0.240651,-0.816289],[0.655592,0.497193,-0.568329]]],"btipPosition":[-51.9383,308.444,-12.4198],"carpPosition":[-3.27692,326.672,74.2486],"dipPosition":[-39.9234,317.556,-22.8355],"direction":[-0.829291,-0.551209,0.0918935],"extended":false,"handId":987,"id":9872,"length":65.348,"mcpPosition":[10.3641,346.158,10.5006],"pipPosition":[-16.9249,332.843,-25.3839],"stabilizedTipPosition":[-50.2741,279.819,39.8912],"timeVisible":19.3763,"tipPosition":[-49.4099,310.189,-13.2822],"tipVelocity":[0.549424,110.701,-216.009],"tool":false,"touchDistance":0.333333,"touchZone":"none","type":2,"width":18.527},{"bases":[[[0.451364,-0.892136,-0.0190567],[0.841424,0.418402,0.341974],[-0.297114,-0.170389,0.939516]],[[0.460353,-0.886429,-0.0481573],[0.669043,0.38209,-0.637486],[0.583486,0.261249,0.768956]],[[0.460353,-0.886429,-0.0481573],[-0.091191,0.00674106,-0.995811],[0.88304,0.462816,-0.077731]],[[0.460353,-0.886429,-0.0481573],[-0.507764,-0.218426,-0.833346],[0.728183,0.408086,-0.55065]]],"btipPosition":[-40.2515,296.585,-6.58799],"carpPosition":[4.14774,317.499,72.1793],"dipPosition":[-26.9829,304.021,-16.6217],"direction":[-0.88304,-0.462816,0.077731],"extended":false,"handId":987,"id":9873,"length":62.8339,"mcpPosition":[22.2983,327.908,14.7846],"pipPosition":[-3.12637,316.524,-18.7217],"stabilizedTipPosition":[-37.5573,263.154,56.8318],"timeVisible":19.3763,"tipPosition":[-37.46,298.063,-7.28238],"tipVelocity":[-8.53465,92.0407,-208.224],"tool":false,"touchDistance":0.333333,"touchZone":"none","type":3,"width":17.6296},{"bases":[[[0.268669,-0.962647,0.0335699],[0.871807,0.257841,0.416498],[-0.409597,-0.0826338,0.908517]],[[0.297392,-0.954227,-0.0317658],[0.733464,0.249636,-0.632228],[0.611219,0.164721,0.774131]],[[0.297392,-0.954227,-0.0317658],[-0.0824308,0.0074851,-0.996569],[0.95119,0.29899,-0.0764317]],[[0.297392,-0.954227,-0.0317658],[-0.521141,-0.13436,-0.842828],[0.799981,0.267205,-0.537244]]],"btipPosition":[-23.4675,292.712,2.4669],"carpPosition":[6.03864,303.914,70.0497],"dipPosition":[-10.0197,297.204,-6.56428],"direction":[-0.95119,-0.29899,0.0764317],"extended":false,"handId":987,"id":9874,"length":49.2606,"mcpPosition":[29.2014,308.587,18.673],"pipPosition":[8.12404,302.907,-8.0222],"stabilizedTipPosition":[-19.7467,258.155,65.404],"timeVisible":19.3763,"tipPosition":[-20.5753,293.578,1.28812],"tipVelocity":[-8.5541,73.2216,-213.507],"tool":false,"touchDistance":0.333333,"touchZone":"none","type":4,"width":15.66}],"r":[[0.891313,-0.173711,0.418792],[0.243571,0.962538,-0.119138],[-0.382407,0.208195,0.900233]],"s":1.05674,"t":[2.07947,32.1192,-56.6488],"timestamp":669542624764},false],[5,{"currentFrameRate":52.9494,"devices":[],"gestures":[{"center":[-33.4279,292.227,-2.94301],"duration":18850,"handIds":[987],"id":11,"normal":[-0.954628,0.168538,0.24552],"pointableIds":[9871],"progress":0.875792,"radius":43.0263,"state":"update","type":"circle"}],"hands":[{"armBasis":[[0.63187,-0.758063,-0.161496],[0.730564,0.652105,-0.202571],[0.258874,0.0100153,0.965859]],"armWidth":62.1429,"confidence":0.550863,"direction":[0.325685,0.360346,-0.874116],"elbow":[60.6594,313.014,328.96],"grabStrength":0.0154639,"id":987,"palmNormal":[-0.682777,-0.549887,-0.481081],"palmPosition":[1.9064,332.639,27.0689],"palmVelocity":[24.9299,10.8904,-157.563],"palmWidth":88.738,"pinchStrength":0.94875,"r":[[0.890746,-0.184981,0.415154],[0.252514,0.960897,-0.113641],[-0.377899,0.206058,0.902626]],"s":1.05326,"sphereCenter":[-18.7807,298.456,-12.4446],"sphereRadius":50.0145,"stabilizedPalmPosition":[-2.66834,296.594,88.8799],"t":[2.55254,32.3074,-59.6191],"timeVisible":19.3953,"type":"right","wrist":[-7.50669,310.377,74.6321]}],"id":4972856,"interactionBox":{"center":[0,200,0],"size":[235.247,235.247,147.751]},"pointables":[{"bases":[[[0.937423,0.25894,0.232784],[-0.348108,0.711706,0.61016],[-0.00767899,-0.653013,0.757308]],[[0.881232,0.470442,-0.0459744],[-0.419789,0.823618,0.381355],[0.217271,-0.316763,0.923285]],[[0.881232,0.470442,-0.0459744],[-0.469404,0.882407,0.0319093],[0.0555796,-0.00653891,0.998433]],[[0.881232,0.470442,-0.0459744],[-0.468784,0.857351,-0.212581],[-0.0605908,0.208885,0.976061]]],"btipPosition":[-45.0109,335.202,-26.0816],"carpPosition":[-33.9685,324.332,74.3435],"dipPosition":[-46.3938,339.97,-3.80366],"direction":[-0.0555796,0.00653891,-0.998433],"extended":false,"handId":987,"id":9870,"length":50.8265,"mcpPosition":[-33.9685,324.332,74.3435],"pipPosition":[-44.5457,339.753,29.396],"stabilizedTipPosition":[-47.2822,311.061,25.135],"timeVisible":19.3953,"tipPosition":[-44.7582,337.205,-20.9576],"tipVelocity":[17.0627,53.4474,-146.034],"tool":false,"touchDistance":-0.731099,"touchZone":"hovering","type":0,"width":19.7488},{"bases":[[[0.69942,-0.682308,-0.212761],[0.70656,0.615266,0.3496],[-0.10763,-0.394846,0.912421]],[[0.694497,-0.697712,-0.175703],[0.702252,0.710473,-0.0454959],[0.156575,-0.091791,0.983391]],[[0.694497,-0.697712,-0.175703],[0.671882,0.716263,-0.188528],[0.257388,0.0128808,0.966222]],[[0.694497,-0.697712,-0.175703],[0.642278,0.711254,-0.285653],[0.324273,0.0855352,0.942088]]],"btipPosition":[-22.7138,363.098,-71.2732],"carpPosition":[-12.4053,332.651,73.8689],"dipPosition":[-17.3105,364.523,-55.5754],"direction":[-0.257388,-0.0128808,-0.966222],"extended":true,"handId":987,"id":9871,"length":57.352,"mcpPosition":[-4.68296,360.981,8.40375],"pipPosition":[-11.2433,364.827,-32.7994],"stabilizedTipPosition":[-26.1966,346.014,-40.9346],"timeVisible":19.3953,"tipPosition":[-22.4241,362.5,-67.2487],"tipVelocity":[38.055,79.2076,-144.661],"tool":false,"touchDistance":-0.71925,"touchZone":"hovering","type":1,"width":18.8641},{"bases":[[[0.54768,-0.824204,-0.143994],[0.812099,0.482238,0.328544],[-0.201348,-0.296874,0.933448]],[[0.540372,-0.833999,-0.111551],[0.622371,0.485384,-0.614049],[0.566262,0.262389,0.781345]],[[0.540372,-0.833999,-0.111551],[-0.107363,0.0631494,-0.992212],[0.834549,0.54814,-0.0554163]],[[0.540372,-0.833999,-0.111551],[-0.506329,-0.216414,-0.834743],[0.672034,0.507553,-0.539222]]],"btipPosition":[-51.2408,309.157,-17.4253],"carpPosition":[-2.86177,325.794,71.3976],"dipPosition":[-38.9245,318.458,-27.3076],"direction":[-0.834549,-0.54814,0.0554163],"extended":false,"handId":987,"id":9872,"length":65.348,"mcpPosition":[10.8382,345.994,7.88464],"pipPosition":[-15.7803,333.66,-28.8444],"stabilizedTipPosition":[-50.2556,280.131,39.2993],"timeVisible":19.3953,"tipPosition":[-48.6851,310.858,-17.8596],"tipVelocity":[20.1531,75.8676,-236.353],"tool":false,"touchDistance":0.333333,"touchZone":"none","type":2,"width":18.527},{"bases":[[[0.449293,-0.8929,-0.0294145],[0.842321,0.412411,0.347006],[-0.297711,-0.180683,0.937402]],[[0.458272,-0.886895,-0.0583482],[0.670064,0.387871,-0.632907],[0.583953,0.250946,0.772026]],[[0.458272,-0.886895,-0.0583482],[-0.0910055,0.0184811,-0.995679],[0.884141,0.461602,-0.072243]],[[0.458272,-0.886895,-0.0583482],[-0.508133,-0.207567,-0.835893],[0.729238,0.412715,-0.545782]]],"btipPosition":[-39.8902,296.741,-9.7864],"carpPosition":[4.54198,316.629,69.2225],"dipPosition":[-26.6023,304.261,-19.7314],"direction":[-0.884141,-0.461602,0.072243],"extended":false,"handId":987,"id":9873,"length":62.8339,"mcpPosition":[22.729,327.667,11.9569],"pipPosition":[-2.71604,316.732,-21.6832],"stabilizedTipPosition":[-37.5537,263.332,56.4853],"timeVisible":19.3953,"tipPosition":[-37.0922,298.223,-10.4805],"tipVelocity":[5.14194,51.3421,-188.21],"tool":false,"touchDistance":0.333333,"touchZone":"none","type":3,"width":17.6296},{"bases":[[[0.266423,-0.963597,0.022349],[0.872315,0.250918,0.419651],[-0.409982,-0.0923094,0.90741]],[[0.292648,-0.955504,-0.0370029],[0.740393,0.250914,-0.623587],[0.605124,0.155095,0.780878]],[[0.292648,-0.955504,-0.0370029],[-0.0712059,0.0168136,-0.99732],[0.953565,0.294498,-0.063117]],[[0.292648,-0.955504,-0.0370029],[-0.512876,-0.124186,-0.849433],[0.807041,0.267563,-0.526398]]],"btipPosition":[-23.0364,292.822,-1.2549],"carpPosition":[6.40174,303.066,66.9343],"dipPosition":[-9.46986,297.32,-10.1037],"direction":[-0.953565,-0.294498,0.063117],"extended":false,"handId":987,"id":9874,"length":49.2606,"mcpPosition":[29.5863,308.286,15.6202],"pipPosition":[8.71914,302.938,-11.3077],"stabilizedTipPosition":[-19.7472,258.26,65.2032],"timeVisible":19.3953,"tipPosition":[-20.1243,293.664,-2.33356],"tipVelocity":[7.53264,40.1175,-203.903],"tool":false,"touchDistance":0.333333,"touchZone":"none","type":4,"width":15.66}],"r":[[0.890746,-0.184981,0.415154],[0.252514,0.960897,-0.113641],[-0.377899,0.206058,0.902626]],"s":1.05326,"t":[2.55254,32.3074,-59.6191],"timestamp":669542643735},false],[6,{"currentFrameRate":53.0328,"devices":[],"gestures":[{"center":[-33.4279,292.227,-2.94301],"duration":18850,"handIds":[987],"id":11,"normal":[-0.954628,0.168538,0.24552],"pointableIds":[9871],"progress":0.875792,"radius":43.0263,"state":"update","type":"circle"}],"hands":[{"armBasis":[[0.630585,-0.758956,-0.162322],[0.738315,0.651082,-0.176023],[0.239279,-0.00884753,0.970911]],"armWidth":62.1429,"confidence":0.389991,"direction":[0.316266,0.384234,-0.867375],"elbow":[56.3576,306.986,326.086],"grabStrength":0.0100758,"id":987,"palmNormal":[-0.696212,-0.52706,-0.487335],"palmPosition":[2.2831,332.965,23.4458],"palmVelocity":[22.6888,14.1305,-175.81],"palmWidth":88.738,"pinchStrength":0.963906,"r":[[0.891048,-0.198497,0.408206],[0.261424,0.959602,-0.104024],[-0.371067,0.199405,0.906944]],"s":1.05018,"sphereCenter":[-19.5049,300.414,-16.8247],"sphereRadius":50.013,"stabilizedPalmPosition":[-2.66435,296.624,88.8272],"t":[2.97742,32.5646,-62.9158],"timeVisible":19.4139,"type":"right","wrist":[-6.64879,309.316,70.4285]}],"id":4972857,"interactionBox":{"center":[0,200,0],"size":[235.247,235.247,147.751]},"pointables":[{"bases":[[[0.943734,0.241374,0.226064],[-0.330689,0.695794,0.637586],[-0.00339748,-0.676468,0.736464]],[[0.885393,0.4626,-0.0456177],[-0.404508,0.815103,0.414706],[0.229026,-0.348724,0.908812]],[[0.885393,0.4626,-0.0456177],[-0.45937,0.885759,0.0664059],[0.0711257,-0.0378399,0.996749]],[[0.885393,0.4626,-0.0456177],[-0.462187,0.865605,-0.192645],[-0.0496308,0.19165,0.980208]]],"btipPosition":[-45.3352,337.417,-28.766],"carpPosition":[-32.9535,323.556,70.9932],"dipPosition":[-46.468,341.791,-6.39335],"direction":[-0.0711257,0.0378399,-0.996749],"extended":false,"handId":987,"id":9870,"length":50.8265,"mcpPosition":[-32.9535,323.556,70.9932],"pipPosition":[-44.1029,340.533,26.7503],"stabilizedTipPosition":[-47.2644,311.35,24.6215],"timeVisible":19.4139,"tipPosition":[-45.0713,339.347,-23.6209],"tipVelocity":[1.84275,82.9891,-144.801],"tool":false,"touchDistance":-0.726261,"touchZone":"hovering","type":0,"width":19.7488},{"bases":[[[0.688363,-0.682731,-0.24502],[0.718709,0.596297,0.357614],[-0.0980499,-0.422266,0.901153]],[[0.683843,-0.699222,-0.208437],[0.709944,0.703575,-0.0310174],[0.168339,-0.126768,0.977544]],[[0.683843,-0.699222,-0.208437],[0.678026,0.714521,-0.172454],[0.269516,-0.0233948,0.962712]],[[0.683843,-0.699222,-0.208437],[0.647335,0.71323,-0.268814],[0.336624,0.0488977,0.940369]]],"btipPosition":[-23.2884,367,-73.5354],"carpPosition":[-11.3079,331.655,70.4418],"dipPosition":[-17.6793,367.815,-57.8663],"direction":[-0.269516,0.0233948,-0.962712],"extended":true,"handId":987,"id":9871,"length":57.352,"mcpPosition":[-4.27295,361.952,5.78514],"pipPosition":[-11.3262,367.263,-35.1731],"stabilizedTipPosition":[-25.8824,347.599,-43.1048],"timeVisible":19.4139,"tipPosition":[-22.9523,366.255,-69.5478],"tipVelocity":[5.87702,138.985,-133.82],"tool":false,"touchDistance":-0.70969,"touchZone":"touching","type":1,"width":18.8641},{"bases":[[[0.536112,-0.825087,-0.178368],[0.822411,0.462873,0.33074],[-0.190328,-0.324006,0.926712]],[[0.52906,-0.836009,-0.145548],[0.627485,0.500884,-0.596136],[0.571278,0.224063,0.789581]],[[0.52906,-0.836009,-0.145548],[-0.104174,0.106235,-0.988869],[0.842166,0.538333,-0.0308862]],[[0.52906,-0.836009,-0.145548],[-0.508041,-0.174668,-0.843437],[0.679699,0.520173,-0.517136]]],"btipPosition":[-51.5975,311.827,-22.2297],"carpPosition":[-1.8811,324.777,67.6071],"dipPosition":[-39.1407,321.36,-31.7072],"direction":[-0.842166,-0.538333,0.0308862],"extended":false,"handId":987,"id":9872,"length":65.348,"mcpPosition":[11.069,346.822,4.55243],"pipPosition":[-15.7853,336.29,-32.5638],"stabilizedTipPosition":[-50.2434,280.403,38.7887],"timeVisible":19.4139,"tipPosition":[-49.0057,313.502,-22.4958],"tipVelocity":[1.93474,110.201,-244.846],"tool":false,"touchDistance":0.333333,"touchZone":"none","type":2,"width":18.527},{"bases":[[[0.438728,-0.896304,-0.0644725],[0.852126,0.392177,0.346525],[-0.285307,-0.206969,0.935823]],[[0.447312,-0.8895,-0.0932817],[0.664594,0.400372,-0.630887],[0.598521,0.220209,0.770247]],[[0.447312,-0.8895,-0.0932817],[-0.106037,0.0508184,-0.993063],[0.88807,