{"sensorType":"Leap","data":[[0,{"currentFrameRate":52.855,"devices":[],"gestures":[],"hands":[{"armBasis":[[0.525126,-0.844427,-0.105764],[0.797153,0.531586,-0.286294],[0.297977,0.0660306,0.952287]],"armWidth":62.1429,"confidence":0.299494,"direction":[0.539676,0.444067,-0.71523],"elbow":[61.7556,296.219,315.26],"grabStrength":0.543466,"id":987,"palmNormal":[-0.665836,-0.29475,-0.685409],"palmPosition":[5.07924,307.266,24.9677],"palmVelocity":[72.6632,209.116,-221.02],"palmWidth":88.738,"pinchStrength":1,"r":[[0.801782,-0.327198,0.500086],[0.374829,0.927077,0.00561185],[-0.465454,0.182948,0.865957]],"s":0.897464,"sphereCenter":[-15.3376,295.807,-17.8667],"sphereRadius":40.1866,"stabilizedPalmPosition":[-3.05215,284.237,51.213],"t":[4.80818,3.13216,-60.4771],"timeVisible":30.9234,"type":"right","wrist":[-16.7069,278.832,64.5063]}],"id":4973461,"interactionBox":{"center":[0,200,0],"size":[235.247,235.247,147.751]},"pointables":[{"bases":[[[0.908158,0.00980625,0.418514],[-0.327461,0.639468,0.695593],[-0.260805,-0.768755,0.583949]],[[0.932323,0.338228,0.127967],[-0.359658,0.830374,0.425587],[0.0376854,-0.442809,0.895824]],[[0.932323,0.338228,0.127967],[-0.306043,0.926476,-0.219042],[-0.192644,0.165054,0.967288]],[[0.932323,0.338228,0.127967],[-0.323435,0.938186,-0.123274],[-0.161752,0.0735422,0.984087]]],"btipPosition":[-31.5813,312.159,-34.7638],"carpPosition":[-39.8443,297.769,63.472],"dipPosition":[-35.2732,313.838,-12.3026],"direction":[0.192644,-0.165054,-0.967288],"extended":false,"handId":987,"id":9870,"length":50.8265,"mcpPosition":[-39.8443,297.769,63.472],"pipPosition":[-41.6789,319.326,19.8614],"stabilizedTipPosition":[-35.3204,303.563,-20.0542],"timeVisible":30.9234,"tipPosition":[-31.1414,314.445,-29.1065],"tipVelocity":[77.8993,234.185,-245.779],"tool":false,"touchDistance":-0.72051,"touchZone":"hovering","type":0,"width":19.7488},{"bases":[[[0.598481,-0.759553,-0.254755],[0.724557,0.377501,0.576637],[-0.341816,-0.529691,0.776266]],[[0.547114,-0.823849,-0.14812],[0.813179,0.565084,-0.139356],[0.198509,-0.0442044,0.979102]],[[0.547114,-0.823849,-0.14812],[0.407437,0.416681,-0.812633],[0.731205,0.384253,0.563639]],[[0.547114,-0.823849,-0.14812],[0.0122082,0.184788,-0.982703],[0.836969,0.535842,0.111158]]],"btipPosition":[-32.4379,323.239,-43.8541],"carpPosition":[-17.4631,301.369,68.004],"dipPosition":[-18.4917,332.168,-42.0019],"direction":[-0.731205,-0.384253,-0.563639],"extended":false,"handId":987,"id":9871,"length":57.352,"mcpPosition":[7.06176,339.374,12.3078],"pipPosition":[-1.25557,341.226,-28.7157],"stabilizedTipPosition":[-33.2909,315.074,-35.4361],"timeVisible":30.9234,"tipPosition":[-30.1542,324.366,-41.5559],"tipVelocity":[141.429,354.133,-264.505],"tool":false,"touchDistance":-0.628641,"touchZone":"hovering","type":1,"width":18.8641},{"bases":[[[0.414451,-0.877284,-0.242081],[0.807626,0.231934,0.542169],[-0.419489,-0.420214,0.804643]],[[0.41809,-0.873589,-0.249083],[0.880296,0.457308,-0.12629],[0.224233,-0.166466,0.960213]],[[0.41809,-0.873589,-0.249083],[0.509392,0.452491,-0.731964],[0.752144,0.179146,0.634181]],[[0.41809,-0.873589,-0.249083],[0.137131,0.331751,-0.933347],[0.897995,0.356066,0.258498]]],"btipPosition":[-28.2687,318.2,-56.722],"carpPosition":[-8.95427,293.277,65.489],"dipPosition":[-11.8113,324.726,-51.9846],"direction":[-0.752144,-0.179146,-0.634181],"extended":false,"handId":987,"id":9872,"length":65.348,"mcpPosition":[19.5883,321.869,10.7401],"pipPosition":[9.04765,329.694,-34.3971],"stabilizedTipPosition":[-30.4445,305.386,-43.6217],"timeVisible":30.9234,"tipPosition":[-25.5941,318.534,-53.4703],"tipVelocity":[167.413,393.331,-304.256],"tool":false,"touchDistance":-0.809067,"touchZone":"hovering","type":2,"width":18.527},{"bases":[[[0.286133,-0.944531,-0.161211],[0.821389,0.15515,0.548862],[-0.493405,-0.289464,0.820221]],[[0.297672,-0.937453,-0.18048],[0.736121,0.345765,-0.58187],[0.60788,0.0403514,0.793003]],[[0.297672,-0.937453,-0.18048],[-0.150866,0.140481,-0.978522],[0.942672,0.318507,-0.0996127]],[[0.297672,-0.937453,-0.18048],[-0.584699,-0.0295818,-0.810711],[0.754664,0.346852,-0.556934]]],"btipPosition":[-38.5327,284.358,-9.38669],"carpPosition":[-2.96831,283.358,62.4351],"dipPosition":[-24.7816,290.678,-19.5349],"direction":[-0.942672,-0.318507,0.0996127],"extended":false,"handId":987,"id":9873,"length":62.8339,"mcpPosition":[27.1736,301.041,12.3281],"pipPosition":[0.686028,299.283,-22.2261],"stabilizedTipPosition":[-37.9284,272.281,0.906515],"timeVisible":30.9234,"tipPosition":[-34.3551,286.404,-13.1608],"tipVelocity":[58.3845,289.934,-269.365],"tool":false,"touchDistance":0.333333,"touchZone":"none","type":3,"width":17.6296},{"bases":[[[0.0874267,-0.98425,-0.153653],[0.809054,-0.019835,0.5874],[-0.581196,-0.175668,0.794577]],[[0.0377037,-0.99562,-0.0855507],[0.794224,0.0818129,-0.602092],[0.606454,-0.0452453,0.79383]],[[0.0377037,-0.99562,-0.0855507],[-0.126955,0.0801453,-0.988665],[0.991192,0.0481375,-0.123377]],[[0.0377037,-0.99562,-0.0855507],[-0.57776,0.0481326,-0.814786],[0.815335,0.0801482,-0.573415]]],"btipPosition":[-23.7414,279.618,-2.82763],"carpPosition":[-3.08238,270.39,57.4876],"dipPosition":[-10.0354,280.966,-12.4668],"direction":[-0.991192,-0.0481375,0.123377],"extended":false,"handId":987,"id":9874,"length":49.2606,"mcpPosition":[29.7843,280.324,12.5543],"pipPosition":[8.87129,281.884,-14.8202],"stabilizedTipPosition":[-23.0795,262.371,12.1753],"timeVisible":30.9234,"tipPosition":[-19.5366,280.084,-6.45133],"tipVelocity":[37.0957,268.313,-232.654],"tool":false,"touchDistance":0.333333,"touchZone":"none","type":4,"width":15.66}],"r":[[0.801782,-0.327198,0.500086],[0.374829,0.927077,0.00561185],[-0.465454,0.182948,0.865957]],"s":0.897464,"t":[4.80818,3.13216,-60.4771],"timestamp":669554171819},false],[1,{"currentFrameRate":52.8761,"devices":[],"gestures":[],"hands":[{"armBasis":[[0.520667,-0.845137,-0.121031],[0.798154,0.532164,-0.282401],[0.303076,0.0504361,0.951631]],"armWidth":62.1429,"confidence":0.306108,"direction":[0.553606,0.456,-0.696839],"elbow":[63.1745,294.399,309.773],"grabStrength":0.537385,"id":987,"palmNormal":[-0.656584,-0.275719,-0.702052],"palmPosition":[5.94962,310.262,20.6269],"palmVelocity":[59.7205,184.628,-225.632],"palmWidth":88.738,"pinchStrength":1,"r":[[0.786564,-0.357003,0.50385],[0.392928,0.9188,0.037612],[-0.476365,0.168393,0.862972]],"s":0.91121,"sphereCenter":[-14.0236,300.233,-22.6825],"sphereRadius":40.1995,"stabilizedPalmPosition":[-1.74033,288.029,46.7557],"t":[5.9385,6.62549,-64.7543],"timeVisible":30.9422,"type":"right","wrist":[-16.6308,281.119,59.1917]}],"id":4973462,"interactionBox":{"center":[0,200,0],"size":[235.247,235.247,147.751]},"pointables":[{"bases":[[[0.901428,-0.00491552,0.432901],[-0.334689,0.626356,0.704033],[-0.274611,-0.779522,0.56297]],[[0.930735,0.336563,0.14303],[-0.364801,0.827182,0.427423],[0.0255427,-0.449995,0.892666]],[[0.930735,0.336563,0.14303],[-0.301749,0.927763,-0.219551],[-0.206591,0.161185,0.965059]],[[0.930735,0.336563,0.14303],[-0.318697,0.938321,-0.134111],[-0.179345,0.0792386,0.98059]]],"btipPosition":[-29.9167,314.957,-39.725],"carpPosition":[-39.6362,300.219,58.2031],"dipPosition":[-34.0102,316.766,-17.3437],"direction":[0.206591,-0.161185,-0.965059],"extended":false,"handId":987,"id":9870,"length":50.8265,"mcpPosition":[-39.6362,300.219,58.2031],"pipPosition":[-40.8797,322.126,14.7462],"stabilizedTipPosition":[-34.1659,306.619,-23.8116],"timeVisible":30.9422,"tipPosition":[-29.7349,317.42,-34.0466],"tipVelocity":[80.6242,193.064,-254.873],"tool":false,"touchDistance":-0.751486,"touchZone":"hovering","type":0,"width":19.7488},{"bases":[[[0.597946,-0.757617,-0.26168],[0.717517,0.360427,0.596038],[-0.357252,-0.544158,0.75912]],[[0.543979,-0.824408,-0.156325],[0.820385,0.561662,-0.107254],[0.176223,-0.069903,0.981865]],[[0.543979,-0.824408,-0.156325],[0.443165,0.440469,-0.780764],[0.712524,0.355441,0.604955]],[[0.543979,-0.824408,-0.156325],[0.0612564,0.224821,-0.972473],[0.83686,0.519429,0.172798]]],"btipPosition":[-29.8002,328.517,-49.5801],"carpPosition":[-17.3089,303.579,63.1644],"dipPosition":[-15.8559,337.173,-46.7008],"direction":[-0.712524,-0.355441,-0.604955],"extended":false,"handId":987,"id":9871,"length":57.352,"mcpPosition":[8.32347,342.622,8.69855],"pipPosition":[0.939884,345.551,-32.4407],"stabilizedTipPosition":[-30.3525,321.845,-41.3508],"timeVisible":30.9422,"tipPosition":[-27.5597,329.535,-47.0187],"tipVelocity":[140.734,316.333,-277.689],"tool":false,"touchDistance":-0.676457,"touchZone":"hovering","type":1,"width":18.8641},{"bases":[[[0.413043,-0.874439,-0.254464],[0.80026,0.215119,0.559739],[-0.434717,-0.434834,0.788632]],[[0.417401,-0.870015,-0.262394],[0.88503,0.454708,-0.0998145],[0.206153,-0.190564,0.959784]],[[0.417401,-0.870015,-0.262394],[0.535906,0.468865,-0.702118],[0.733881,0.152446,0.661951]],[[0.417401,-0.870015,-0.262394],[0.176571,0.360897,-0.915738],[0.891403,0.335899,0.304258]]],"btipPosition":[-25.6104,323.651,-62.101],"carpPosition":[-8.8093,295.49,60.6093],"dipPosition":[-9.27376,329.807,-56.5249],"direction":[-0.733881,-0.152446,-0.661951],"extended":false,"handId":987,"id":9872,"length":65.348,"mcpPosition":[20.7694,325.077,6.94974],"pipPosition":[11.0787,334.035,-38.1673],"stabilizedTipPosition":[-26.8732,313.567,-50.77],"timeVisible":30.9422,"tipPosition":[-22.9433,323.909,-58.8005],"tipVelocity":[153.833,340.278,-290.104],"tool":false,"touchDistance":-0.834285,"touchZone":"hovering","type":2,"width":18.527},{"bases":[[[0.283059,-0.942609,-0.177104],[0.81346,0.138124,0.564983],[-0.508096,-0.30399,0.805872]],[[0.294848,-0.935253,-0.195875],[0.743388,0.353306,-0.567935],[0.600367,0.0218434,0.799427]],[[0.294848,-0.935253,-0.195875],[-0.134073,0.162468,-0.977563],[0.946092,0.314493,-0.0774884]],[[0.294848,-0.935253,-0.195875],[-0.567701,-0.00656438,-0.823209],[0.768623,0.353919,-0.532879]]],"btipPosition":[-37.5207,288.275,-14.8251],"carpPosition":[-2.8344,285.602,57.436],"dipPosition":[-23.5152,294.724,-24.535],"direction":[-0.946092,-0.314493,0.0774884],"extended":false,"handId":987,"id":9873,"length":62.8339,"mcpPosition":[28.205,304.173,8.20556],"pipPosition":[2.04475,303.221,-26.6285],"stabilizedTipPosition":[-36.9024,277.223,-4.17291],"timeVisible":30.9422,"tipPosition":[-33.2406,290.364,-18.3877],"tipVelocity":[57.6252,250.619,-276.219],"tool":false,"touchDistance":0.333333,"touchZone":"none","type":3,"width":17.6296},{"bases":[[[0.0840261,-0.981235,-0.173543],[0.799477,-0.0375709,0.599521],[-0.594791,-0.189119,0.781318]],[[0.0340433,-0.993604,-0.107665],[0.794265,0.0922848,-0.600522],[0.606617,-0.0650707,0.792326]],[[0.0340433,-0.993604,-0.107665],[-0.120549,0.102858,-0.987364],[0.992124,0.046592,-0.116276]],[[0.0340433,-0.993604,-0.107665],[-0.566431,0.0695727,-0.821167],[0.823406,0.08894,-0.56044]]],"btipPosition":[-22.9958,283.3,-7.65963],"carpPosition":[-2.94659,272.745,52.2075],"dipPosition":[-9.15421,284.795,-17.0807],"direction":[-0.992123,-0.046592,0.116276],"extended":false,"handId":987,"id":9874,"length":49.2606,"mcpPosition":[30.6889,283.44,8.02397],"pipPosition":[9.77027,285.683,-19.2987],"stabilizedTipPosition":[-22.1239,268.593,5.7406],"timeVisible":30.9422,"tipPosition":[-18.7138,283.832,-11.2252],"tipVelocity":[39.1219,233.539,-243.032],"tool":false,"touchDistance":0.333333,"touchZone":"none","type":4,"width":15.66}],"r":[[0.786564,-0.357003,0.50385],[0.392928,0.9188,0.037612],[-0.476365,0.168393,0.862972]],"s":0.91121,"t":[5.9385,6.62549,-64.7543],"timestamp":669554190655},false],[2,{"currentFrameRate":53.0434,"devices":[],"gestures":[],"hands":[{"armBasis":[[0.582161,-0.80358,-0.123886],[0.765393,0.593033,-0.249969],[0.274339,0.0507006,0.960296]],"armWidth":62.1429,"confidence":0.346277,"direction":[0.445019,0.460304,-0.768166],"elbow":[61.4286,295.088,315.581],"grabStrength":0.19347,"id":987,"palmNormal":[-0.686781,-0.375067,-0.622621],"palmPosition":[5.46067,310.381,20.7505],"palmVelocity":[18.3298,99.4057,-114.44],"palmWidth":88.738,"pinchStrength":1,"r":[[0.789865,-0.361684,0.495275],[0.391715,0.918918,0.0463494],[-0.471881,0.157397,0.867499]],"s":0.962496,"sphereCenter":[-12.9363,285.812,-23.2505],"sphereRadius":46.4125,"stabilizedPalmPosition":[-0.831891,290.849,43.475],"t":[6.25919,8.43149,-66.831],"timeVisible":30.9605,"type":"right","wrist":[-10.8097,281.738,62.7187]}],"id":4973463,"interactionBox":{"center":[0,200,0],"size":[235.247,235.247,147.751]},"pointables":[{"bases":[[[0.932374,0.101506,0.34695],[-0.329059,0.635664,0.698321],[-0.14966,-0.765263,0.626078]],[[0.914159,0.39981,0.0668284],[-0.383359,0.799149,0.463029],[0.131718,-0.448902,0.88382]],[[0.914159,0.39981,0.0668284],[-0.393665,0.914954,-0.0888124],[-0.096653,0.0548806,0.993804]],[[0.914159,0.39981,0.0668284],[-0.383144,0.906067,-0.179565],[-0.132343,0.138546,0.981474]]],"btipPosition":[-35.6846,315.489,-35.6005],"carpPosition":[-35.5068,298.622,62.873],"dipPosition":[-38.7053,318.651,-13.199],"direction":[0.096653,-0.0548806,-0.993804],"extended":false,"handId":987,"id":9870,"length":50.8265,"mcpPosition":[-35.5068,298.622,62.873],"pipPosition":[-41.9191,320.476,19.8467],"stabilizedTipPosition":[-35.0695,310.537,-26.5208],"timeVisible":30.9605,"tipPosition":[-35.4963,315.594,-29.9916],"tipVelocity":[-102.692,122.785,-24.681],"tool":false,"touchDistance":-0.642733,"touchZone":"touching","type":0,"width":19.7488},{"bases":[[[0.641269,-0.71593,-0.276074],[0.729946,0.458271,0.507116],[-0.236543,-0.526717,0.816466]],[[0.579586,-0.808267,-0.103844],[0.813662,0.581033,0.0188515],[0.0450996,-0.0954199,0.994415]],[[0.579586,-0.808267,-0.103844],[0.75935,0.581914,-0.291143],[0.295749,0.0898883,0.951027]],[[0.579586,-0.808267,-0.103844],[0.68971,0.554411,-0.465756],[0.434028,0.198324,0.878799]]],"btipPosition":[-12.3673,340.615,-71.7505],"carpPosition":[-13.2458,304.249,65.556],"dipPosition":[-5.13518,343.92,-57.1073],"direction":[-0.295749,-0.0898883,-0.951027],"extended":true,"handId":987,"id":9871,"length":57.352,"mcpPosition":[3.72591,342.04,6.9756],"pipPosition":[1.83627,346.039,-34.6895],"stabilizedTipPosition":[-22.6543,329.497,-51.9416],"timeVisible":30.9605,"tipPosition":[0.0426947,345.477,-63.454],"tipVelocity":[489.95,449.875,-655.115],"tool":false,"touchDistance":-0.929115,"touchZone":"hovering","type":1,"width":18.8641},{"bases":[[[0.469519,-0.848074,-0.245607],[0.822481,0.318962,0.470944],[-0.321056,-0.423125,0.847283]],[[0.470446,-0.846846,-0.248057],[0.751962,0.531827,-0.389504],[0.461773,-0.00328871,0.886992]],[[0.470446,-0.846846,-0.248057],[0.00365068,0.282972,-0.959121],[0.882421,0.450309,0.136214]],[[0.470446,-0.846846,-0.248057],[-0.439331,0.0190165,-0.898124],[0.76529,0.531497,-0.3631]]],"btipPosition":[-42.6392,303.523,-33.8193],"carpPosition":[-4.28018,296.808,62.6493],"dipPosition":[-28.6138,313.264,-40.4738],"direction":[-0.882421,-0.450309,-0.136214],"extended":false,"handId":987,"id":9872,"length":65.348,"mcpPosition":[17.5649,325.598,4.99905],"pipPosition":[-4.14191,325.752,-36.6962],"stabilizedTipPosition":[-31.475,310.703,-45.1113],"timeVisible":30.9605,"tipPosition":[-36.5674,306.637,-32.5975],"tipVelocity":[-380.127,-328.583,516.379],"tool":false,"touchDistance":-0.397159,"touchZone":"touching","type":2,"width":18.527},{"bases":[[[0.353808,-0.922712,-0.153044],[0.84327,0.243905,0.478963],[-0.404616,-0.298518,0.864391]],[[0.357282,-0.920105,-0.160486],[0.668025,0.371826,-0.644584],[0.652758,0.123089,0.7475]],[[0.357282,-0.920105,-0.160486],[-0.263644,0.0654877,-0.962394],[0.896014,0.386157,-0.219183]],[[0.357282,-0.920105,-0.160486],[-0.669814,-0.132663,-0.730582],[0.650922,0.368519,-0.663697]]],"btipPosition":[-37.4965,283.041,-7.90495],"carpPosition":[2.2966,287.315,59.4567],"dipPosition":[-25.6357,289.756,-19.9986],"direction":[-0.896014,-0.386157,0.219183],"extended":false,"handId":987,"id":9873,"length":62.8339,"mcpPosition":[27.0145,305.552,6.6513],"pipPosition":[-1.42865,300.188,-25.9201],"stabilizedTipPosition":[-36.3918,278.984,-5.73137],"timeVisible":30.9605,"tipPosition":[-34.3556,284.975,-12.3305],"tipVelocity":[17.7578,-4.91289,22.9813],"tool":false,"touchDistance":0.333333,"touchZone":"none","type":3,"width":17.6296},{"bases":[[[0.160372,-0.978592,-0.128992],[0.848953,0.0700823,0.523801],[-0.503547,-0.193511,0.842018]],[[0.126934,-0.989193,-0.0733795],[0.740914,0.14374,-0.656037],[0.659495,0.0289056,0.751153]],[[0.126934,-0.989193,-0.0733795],[-0.211354,0.0453063,-0.976359],[0.969132,0.139442,-0.203319]],[[0.126934,-0.989193,-0.0733795],[-0.647853,-0.026659,-0.761299],[0.751116,0.144174,-0.644235]]],"btipPosition":[-22.443,279.069,-3.86946],"carpPosition":[2.93572,274.206,54.9415],"dipPosition":[-9.81665,281.492,-14.6992],"direction":[-0.969132,-0.139442,0.203319],"extended":false,"handId":987,"id":9874,"length":49.2606,"mcpPosition":[31.4114,285.149,7.32538],"pipPosition":[8.66928,284.152,-18.5774],"stabilizedTipPosition":[-21.471,271.38,2.68413],"timeVisible":30.9605,"tipPosition":[-18.9478,279.886,-7.43409],"tipVelocity":[27.5685,16.4877,-35.8863],"tool":false,"touchDistance":0.333333,"touchZone":"none","type":4,"width":15.66}],"r":[[0.789865,-0.361684,0.495275],[0.391715,0.918918,0.0463494],[-0.471881,0.157397,0.867499]],"s":0.962496,"t":[6.25919,8.43149,-66.831],"timestamp":669554208905},false],[3,{"currentFrameRate":53.0732,"devices":[],"gestures":[],"hands":[{"armBasis":[[0.599313,-0.792356,-0.113996],[0.760455,0.608004,-0.228121],[0.250063,0.0500276,0.966936]],"armWidth":62.1429,"confidence":0.388913,"direction":[0.389796,0.445731,-0.805843],"elbow":[57.7589,296.648,318.175],"grabStrength":0.0351698,"id":987,"palmNormal":[-0.708503,-0.41385,-0.571622],"palmPosition":[5.08256,311.106,19.8657],"palmVelocity":[-0.440516,69.8315,-81.682],"palmWidth":88.738,"pinchStrength":1,"r":[[0.799721,-0.35794,0.482],[0.386382,0.92133,0.0431186],[-0.459516,0.151753,0.875109]],"s":1.03384,"sphereCenter":[-12.543,280.282,-24.1815],"sphereRadius":50.5953,"stabilizedPalmPosition":[-0.142021,293.212,40.7212],"t":[6.23048,9.69726,-68.3118],"timeVisible":30.9792,"type":"right","wrist":[-8.08713,283.475,63.5641]}],"id":4973464,"interactionBox":{"center":[0,200,0],"size":[235.247,235.247,147.751]},"pointables":[{"bases":[[[0.946491,0.137729,0.291864],[-0.308722,0.649938,0.694458],[-0.0940467,-0.747403,0.657681]],[[0.916445,0.398691,0.0342747],[-0.361597,0.788394,0.497677],[0.171397,-0.468487,0.866685]],[[0.916445,0.398691,0.0342747],[-0.399335,0.916693,0.0143338],[-0.0257046,-0.0268232,0.99931]],[[0.916445,0.398691,0.0342747],[-0.385673,0.902856,-0.190018],[-0.106704,0.160923,0.981182]]],"btipPosition":[-38.2601,319.723,-33.288],"carpPosition":[-33.2063,299.697,64.5277],"dipPosition":[-40.6956,323.396,-10.8932],"direction":[0.0257046,0.0268232,-0.99931],"extended":false,"handId":987,"id":9870,"length":50.8265,"mcpPosition":[-33.2063,299.697,64.5277],"pipPosition":[-41.5503,322.504,22.3356],"stabilizedTipPosition":[-37.1569,316.119,-27.4204],"timeVisible":30.9792,"tipPosition":[-38.2956,318.606,-27.968],"tipVelocity":[-116.141,176.155,47.467],"tool":false,"touchDistance":-0.572129,"touchZone":"touching","type":0,"width":19.7488},{"bases":[[[0.645384,-0.70765,-0.287594],[0.743014,0.494222,0.451304],[-0.17723,-0.504951,0.844757]],[[0.589038,-0.803036,-0.0903716],[0.807989,0.587159,0.048982],[0.0137281,-0.101872,0.994703]],[[0.589038,-0.803036,-0.0903716],[0.797009,0.595775,-0.0991436],[0.133457,-0.0136276,0.990961]],[[0.589038,-0.803036,-0.0903716],[0.781253,0.594482,-0.190354],[0.206586,0.0415227,0.977547]]],"btipPosition":[-5.44781,346.124,-76.1315],"carpPosition":[-11.0005,305.997,65.8036],"dipPosition":[-2.00553,346.816,-59.8429],"direction":[-0.133457,0.0136276,-0.990961],"extended":true,"handId":987,"id":9871,"length":57.352,"mcpPosition":[1.71554,342.227,5.19334],"pipPosition":[1.14034,346.495,-36.4838],"stabilizedTipPosition":[-15.3508,336.309,-60.2374],"timeVisible":30.9792,"tipPosition":[0.956835,348.915,-70.6157],"tipVelocity":[408.487,358.305,-439.949],"tool":false,"touchDistance":-0.924576,"touchZone":"hovering","type":1,"width":18.8641},{"bases":[[[0.479321,-0.84318,-0.243515],[0.837355,0.356264,0.414623],[-0.262846,-0.402645,0.876806]],[[0.47967,-0.842643,-0.244681],[0.672447,0.532159,-0.514414],[0.563677,0.0822139,0.821894]],[[0.47967,-0.842643,-0.244681],[-0.207634,0.161932,-0.96471],[0.852528,0.513547,-0.0972874]],[[0.47967,-0.842643,-0.244681],[-0.641972,-0.146928,-0.752518],[0.598154,0.518039,-0.61143]]],"btipPosition":[-45.2162,298.497,-21.7394],"carpPosition":[-1.99841,298.701,62.6511],"dipPosition":[-34.2539,307.991,-32.945],"direction":[-0.852529,-0.513547,0.0972873],"extended":false,"handId":987,"id":9872,"length":65.348,"mcpPosition":[15.8859,326.098,2.99211],"pipPosition":[-10.6111,322.233,-35.643],"stabilizedTipPosition":[-34.8452,307.693,-38.865],"timeVisible":30.9792,"tipPosition":[-41.2243,301.166,-22.9583],"tipVelocity":[-280.228,-300.67,551.728],"tool":false,"touchDistance":0.333333,"touchZone":"none","type":2,"width":18.527},{"bases":[[[0.37092,-0.917684,-0.14239],[0.860655,0.282096,0.423904],[-0.348843,-0.279783,0.894444]],[[0.370026,-0.918397,-0.1401],[0.632415,0.359477,-0.686169],[0.680538,0.165299,0.713824]],[[0.370026,-0.918397,-0.1401],[-0.338514,0.00714928,-0.940934],[0.865152,0.395596,-0.308245]],[[0.370026,-0.918397,-0.1401],[-0.727879,-0.192886,-0.658018],[0.577298,0.34546,-0.739854]]],"btipPosition":[-37.5738,282.19,-4.52593],"carpPosition":[4.66172,289.284,59.4104],"dipPosition":[-27.0545,288.485,-18.0072],"direction":[-0.865152,-0.395596,0.308245],"extended":false,"handId":987,"id":9873,"length":62.8339,"mcpPosition":[25.9724,306.376,4.7691],"pipPosition":[-3.68121,299.173,-26.3349],"stabilizedTipPosition":[-36.2165,279.644,-5.99989],"timeVisible":30.9792,"tipPosition":[-35.1725,283.794,-9.30131],"tipVelocity":[-0.933656,-27.1548,91.3816],"tool":false,"touchDistance":0.333333,"touchZone":"none","type":3,"width":17.6296},{"bases":[[[0.180714,-0.977809,-0.105981],[0.873646,0.110094,0.473943],[-0.451757,-0.178238,0.874155]],[[0.157372,-0.985645,-0.0611336],[0.704405,0.155424,-0.692573],[0.692133,0.065929,0.718753]],[[0.157372,-0.985645,-0.0611336],[-0.256268,0.0190243,-0.966419],[0.953709,0.167754,-0.249595]],[[0.157372,-0.985645,-0.0611336],[-0.681271,-0.0635425,-0.729268],[0.714915,0.156415,-0.681491]]],"btipPosition":[-23.1044,278.027,-2.71017],"carpPosition":[5.42587,276.051,55.2919],"dipPosition":[-11.0865,280.657,-14.1662],"direction":[-0.953709,-0.167754,0.249595],"extended":false,"handId":987,"id":9874,"length":49.2606,"mcpPosition":[30.9728,286.13,5.85839],"pipPosition":[7.10523,283.857,-18.9271],"stabilizedTipPosition":[-21.0941,273.797,0.00801382],"timeVisible":30.9792,"tipPosition":[-19.9166,278.923,-6.14008],"tipVelocity":[-6.71322,-17.4067,8.01534],"tool":false,"touchDistance":0.333333,"touchZone":"none","type":4,"width":15.66}],"r":[[0.799721,-0.35794,0.482],[0.386382,0.92133,0.0431186],[-0.459516,0.151753,0.875109]],"s":1.03384,"t":[6.23048,9.69726,-68.3118],"timestamp":669554227640},false],[4,{"currentFrameRate":53.0142,"devices":[],"gestures":[],"hands":[{"armBasis":[[0.626913,-0.773056,-0.0967714],[0.745627,0.631352,-0.213153],[0.225876,0.0614732,0.972215]],"armWidth":62.1429,"confidence":0.443765,"direction":[0.344932,0.437973,-0.830182],"elbow":[53.9552,301.048,319.057],"grabStrength":0,"id":987,"palmNormal":[-0.711405,-0.454991,-0.535617],"palmPosition":[5.09414,311.773,18.2284],"palmVelocity":[0.0766274,52.6262,-83.7333],"palmWidth":88.738,"pinchStrength":0.996937,"r":[[0.813336,-0.346377,0.467448],[0.37541,0.926265,0.0331647],[-0.444468,0.14851,0.883398]],"s":1.09476,"sphereCenter":[-12.2873,278.707,-24.7616],"sphereRadius":51.4724,"stabilizedPalmPosition":[0.309103,294.811,38.7833],"t":[6.22191,10.6637,-69.8709],"timeVisible":30.9983,"type":"right","wrist":[-5.52199,284.861,63.0557]}],"id":4973465,"interactionBox":{"center":[0,200,0],"size":[235.247,235.247,147.751]},"pointables":[{"bases":[[[0.95,0.180422,0.25485],[-0.309249,0.656548,0.687975],[-0.0431956,-0.732389,0.679515]],[[0.906212,0.422807,0.00385499],[-0.367892,0.783952,0.500074],[0.208413,-0.454591,0.865974]],[[0.906212,0.422807,0.00385499],[-0.422727,0.905769,0.0297338],[0.00907993,-0.0285748,0.99955]],[[0.906212,0.422807,0.00385499],[-0.411979,0.884982,-0.21698],[-0.0951523,0.195042,0.976168]]],"btipPosition":[-39.466,318.793,-33.1907],"carpPosition":[-31.1899,300.164,64.484],"dipPosition":[-41.6378,323.244,-10.9103],"direction":[-0.00907993,0.0285748,-0.99955],"extended":false,"handId":987,"id":9870,"length":50.8265,"mcpPosition":[-31.1899,300.164,64.484],"pipPosition":[-41.3359,322.294,22.3265],"stabilizedTipPosition":[-39.0647,318.631,-27.8591],"timeVisible":30.9983,"tipPosition":[-39.7419,317.963,-28.0096],"tipVelocity":[-88.4515,69.7712,25.8755],"tool":false,"touchDistance":-0.542185,"touchZone":"touching","type":0,"width":19.7488},{"bases":[[[0.661534,-0.690803,-0.291829],[0.738724,0.533316,0.412142],[-0.129072,-0.488227,0.863119]],[[0.61477,-0.783822,-0.0876419],[0.78842,0.613736,0.0414943],[0.0212648,-0.0946081,0.995287]],[[0.61477,-0.783822,-0.0876419],[0.78275,0.619979,-0.0541128],[0.096751,-0.0353347,0.994681]],[[0.61477,-0.783822,-0.0876419],[0.775079,0.620973,-0.11681],[0.145982,0.00388215,0.98928]]],"btipPosition":[-5.55132,347.074,-78.7422],"carpPosition":[-9.208,307.312,64.8181],"dipPosition":[-3.11886,347.139,-62.2581],"direction":[-0.096751,0.0353347,-0.994681],"extended":true,"handId":987,"id":9871,"length":57.352,"mcpPosition":[0.0527478,342.342,2.89034],"pipPosition":[-0.838229,346.306,-38.8113],"stabilizedTipPosition":[-11.4839,340.333,-65.7299],"timeVisible":30.9983,"tipPosition":[-3.03276,347.883,-73.9564],"tipVelocity":[198.185,202.296,-289.194],"tool":false,"touchDistance":-0.898937,"touchZone":"hovering","type":1,"width":18.8641},{"bases":[[[0.502321,-0.831141,-0.238491],[0.836917,0.398001,0.375721],[-0.217357,-0.388329,0.89552]],[[0.502457,-0.830899,-0.239049],[0.617831,0.538466,-0.573009],[0.604832,0.14022,0.783911]],[[0.502457,-0.830899,-0.239049],[-0.276135,0.107786,-0.955056],[0.819321,0.545884,-0.175283]],[[0.502457,-0.830899,-0.239049],[-0.684094,-0.21298,-0.697607],[0.528728,0.514049,-0.675426]]],"btipPosition":[-46.103,295.543,-19.0027],"carpPosition":[-0.0488514,300.272,61.5397],"dipPosition":[-36.4131,304.964,-31.3812],"direction":[-0.819321,-0.545884,0.175283],"extended":false,"handId":987,"id":9872,"length":65.348,"mcpPosition":[14.7404,326.694,0.607405],"pipPosition":[-13.6912,320.103,-36.2423],"stabilizedTipPosition":[-37.2582,305.025,-34.3178],"timeVisible":30.9983,"tipPosition":[-42.832,298.3,-21.6088],"tipVelocity":[-172.436,-229.141,343.245],"tool":false,"touchDistance":0.333333,"touchZone":"none","type":2,"width":18.527},{"bases":[[[0.400331,-0.90685,-0.131749],[0.863311,0.325021,0.386077],[-0.307293,-0.268299,0.91301]],[[0.397597,-0.909188,-0.123666],[0.60091,0.359864,-0.713726],[0.693414,0.209463,0.689421]],[[0.397597,-0.909188,-0.123666],[-0.382001,-0.0414766,-0.923231],[0.834261,0.414314,-0.363802]],[[0.397597,-0.909188,-0.123666],[-0.753985,-0.246929,-0.608713],[0.522898,0.335265,-0.783693]]],"btipPosition":[-36.6603,280.984,-3.39765],"carpPosition":[6.84872,291.023,58.3098],"dipPosition":[-27.1323,287.093,-17.6778],"direction":[-0.834261,-0.414314,0.363802],"extended":false,"handId":987,"id":9873,"length":62.8339,"mcpPosition":[25.6212,307.413,2.53432],"pipPosition":[-4.59354,298.286,-27.5064],"stabilizedTipPosition":[-36.0088,279.97,-6.08096],"timeVisible":30.9983,"tipPosition":[-34.7114,282.392,-8.28826],"tipVelocity":[17.2645,-46.0829,70.7193],"tool":false,"touchDistance":0.333333,"touchZone":"none","type":3,"width":17.6296},{"bases":[[[0.213891,-0.972961,-0.0871601],[0.884505,0.155027,0.440021],[-0.414611,-0.17121,0.893748]],[[0.197598,-0.978886,-0.0523233],[0.675313,0.174621,-0.716562],[0.710569,0.106257,0.695559]],[[0.197598,-0.978886,-0.0523233],[-0.278519,-0.00488578,-0.960418],[0.939884,0.20435,-0.273603]],[[0.197598,-0.978886,-0.0523233],[-0.692281,-0.101556,-0.714446],[0.694047,0.177396,-0.697732]]],"btipPosition":[-22.6796,276.859,-3.07175],"carpPosition":[7.9725,277.721,54.5075],"dipPosition":[-11.0125,279.841,-14.8007],"direction":[-0.939884,-0.20435,0.273603],"extended":false,"handId":987,"id":9874,"length":49.2606,"mcpPosition":[31.4188,287.403,3.96603],"pipPosition":[6.9155,283.739,-20.0197],"stabilizedTipPosition":[-20.6163,275.428,-2.50654],"timeVisible":30.9983,"tipPosition":[-19.6213,277.876,-6.30399],"tipVelocity":[5.50352,-36.9529,-6.92106],"tool":false,"touchDistance":0.333333,"touchZone":"none","type":4,"width":15.66}],"r":[[0.813336,-0.346377,0.467448],[0.37541,0.926265,0.0331647],[-0.444468,0.14851,0.883398]],"s":1.09476,"t":[6.22191,10.6637,-69.8709],"timestamp":669554246715},false],[5,{"currentFrameRate":52.9853,"devices":[],"gestures":[],"hands":[{"armBasis":[[0.649337,-0.754568,-0.0948089],[0.730203,0.653442,-0.19954],[0.212519,0.0603392,0.975292]],"armWidth":62.1429,"confidence":0.474079,"direction":[0.318425,0.439089,-0.840123],"elbow":[52.4072,302.289,319.226],"grabStrength":0,"id":987,"palmNormal":[-0.703868,-0.48412,-0.519806],"palmPosition":[5.53081,313.112,17.1318],"palmVelocity":[11.3554,61.4241,-70.9719],"palmWidth":88.738,"pinchStrength":0.969071,"r":[[0.827433,-0.330608,0.453931],[0.360446,0.932517,0.0221456],[-0.43062,0.145294,0.890762]],"s":1.1389,"sphereCenter":[-11.3567,278.95,-25.3256],"sphereRadius":51.608,"stabilizedPalmPosition":[0.744534,296.337,36.9778],"t":[6.43597,11.816,-71.1988],"timeVisible":31.0173,"type":"right","wrist":[-3.55273,286.401,62.414]}],"id":4973466,"interactionBox":{"center":[0,200,0],"size":[235.247,235.247,147.751]},"pointables":[{"bases":[[[0.9472,0.214134,0.23866],[-0.320503,0.654256,0.685001],[-0.00946228,-0.725324,0.688342]],[[0.89364,0.448664,-0.0104039],[-0.384061,0.776547,0.499472],[0.232174,-0.442352,0.866268]],[[0.89364,0.448664,-0.0104039],[-0.448173,0.893392,0.0315062],[0.0234304,-0.0234924,0.999449]],[[0.89364,0.448664,-0.0104039],[-0.438976,0.869054,-0.228133],[-0.0933135,0.208436,0.973574]]],"btipPosition":[-39.6346,318.437,-33.5769],"carpPosition":[-29.6825,300.879,64.0495],"dipPosition":[-41.7644,323.195,-11.3557],"direction":[-0.0234304,0.0234924,-0.999449],"extended":false,"handId":987,"id":9870,"length":50.8265,"mcpPosition":[-29.6825,300.879,64.0495],"pipPosition":[-40.9853,322.413,21.8778],"stabilizedTipPosition":[-39.8956,319.337,-28.335],"timeVisible":31.0173,"tipPosition":[-39.9804,317.784,-28.4357],"tipVelocity":[-49.0693,28.0651,2.7894],"tool":false,"touchDistance":-0.522297,"touchZone":"touching","type":0,"width":19.7488},{"bases":[[[0.679411,-0.672386,-0.293764],[0.72683,0.561825,0.395058],[-0.100587,-0.481924,0.870421]],[[0.638984,-0.764051,-0.0890247],[0.768529,0.639025,0.0317872],[0.0326019,-0.0887295,0.995522]],[[0.638984,-0.764051,-0.0890247],[0.76267,0.644356,-0.0560258],[0.10017,-0.0320969,0.994452]],[[0.638984,-0.764051,-0.0890247],[0.755396,0.645126,-0.114843],[0.145178,0.0061342,0.989386]]],"btipPosition":[-6.87207,347.689,-80.1141],"carpPosition":[-7.94281,308.74,63.9763],"dipPosition":[-4.453,347.791,-63.6282],"direction":[-0.10017,0.0320969,-0.994452],"extended":true,"handId":987,"id":9871,"length":57.352,"mcpPosition":[-0.725781,343.317,1.52466],"pipPosition":[-2.09177,347.035,-40.1868],"stabilizedTipPosition":[-9.9415,342.535,-68.891],"timeVisible":31.0173,"tipPosition":[-5.04748,348.146,-75.5576],"tipVelocity":[66.412,118.973,-182.513],"tool":false,"touchDistance":-0.857949,"touchZone":"hovering","type":1,"width":18.8641},{"bases":[[[0.525647,-0.817173,-0.236481],[0.828844,0.429345,0.35872],[-0.191605,-0.384566,0.902993]],[[0.525711,-0.817044,-0.236785],[0.580494,0.548038,-0.60223],[0.621816,0.179147,0.762399]],[[0.525711,-0.817044,-0.236785],[-0.299656,0.082642,-0.950461],[0.796137,0.570622,-0.201386]],[[0.525711,-0.817044,-0.236785],[-0.686853,-0.243483,-0.684799],[0.501858,0.522643,-0.68919]]],"btipPosition":[-46.0768,294.304,-18.4212],"carpPosition":[1.3926,301.962,60.6423],"dipPosition":[-36.8793,303.882,-31.0519],"direction":[-0.796137,-0.570622,0.201386],"extended":false,"handId":987,"id":9872,"length":65.348,"mcpPosition":[14.4296,328.128,-0.798454],"pipPosition":[-14.8003,319.707,-36.6369],"stabilizedTipPosition":[-38.9504,302.875,-31.0381],"timeVisible":31.0173,"tipPosition":[-42.9486,297.2,-21.3855],"tipVelocity":[-89.8884,-147.634,188.008],"tool":false,"touchDistance":0.333333,"touchZone":"none","type":2,"width":18.527},{"bases":[[[0.427734,-0.894884,-0.127385],[0.857751,0.357386,0.369511],[-0.285143,-0.267317,0.920454]],[[0.422705,-0.899402,-0.111341],[0.612504,0.374072,-0.696354],[0.667952,0.226155,0.709009]],[[0.422705,-0.899402,-0.111341],[-0.360042,-0.0539146,-0.931377],[0.831679,0.433785,-0.346612]],[[0.422705,-0.899402,-0.111341],[-0.746533,-0.275908,-0.605444],[0.513818,0.339044,-0.788061]]],"btipPosition":[-34.9768,281.482,-5.98503],"carpPosition":[8.54057,292.904,57.4155],"dipPosition":[-25.6143,287.66,-20.3447],"direction":[-0.831679,-0.433785,0.346612],"extended":false,"handId":987,"id":9873,"length":62.8339,"mcpPosition":[25.9599,309.234,1.18525],"pipPosition":[-3.14531,299.38,-29.709],"stabilizedTipPosition":[-35.4492,280.485,-6.64435],"timeVisible":31.0173,"tipPosition":[-33.1481,282.64,-9.70781],"tipVelocity":[51.4145,-10.0829,-31.5864],"tool":false,"touchDistance":0.333333,"touchZone":"none","type":3,"width":17.6296},{"bases":[[[0.244212,-0.966475,-0.0792875],[0.885253,0.188818,0.425058],[-0.395837,-0.173994,0.901687]],[[0.232389,-0.971201,-0.0525649],[0.662241,0.19758,-0.722771],[0.712342,0.133154,0.689085]],[[0.232389,-0.971201,-0.0525649],[-0.314733,-0.0239526,-0.948878],[0.920293,0.237053,-0.311235]],[[0.232389,-0.971201,-0.0525649],[-0.725775,-0.137178,-0.674116],[0.647491,0.194808,-0.736753]]],"btipPosition":[-20.5764,277.053,-2.68325],"carpPosition":[10.0423,279.602,53.748],"dipPosition":[-9.69191,280.328,-15.0682],"direction":[-0.920293,-0.237053,0.311235],"extended":false,"handId":987,"id":9874,"length":49.2606,"mcpPosition":[32.4269,289.441,2.75754],"pipPosition":[7.86242,284.849,-21.0049],"stabilizedTipPosition":[-19.3147,276.645,-4.05479],"timeVisible":31.0173,"tipPosition":[-17.9832,278.102,-6.23525],"tipVelocity":[52.6376,-12.0104,2.64085],"tool":false,"touchDistance":0.333333,"touchZone":"none","type":4,"width":15.66}],"r":[[0.827433,-0.330608,0.453931],[0.360446,0.932517,0.0221456],[-0.43062,0.145294,0.890762]],"s":1.1389,"t":[6.43597,11.816,-71.1988],"timestamp":669554265692},false],[6,{"currentFrameRate":53.0266,"devices":[],"gestures":[],"hands":[{"armBasis":[[0.666653,-0.738611,-0.100138],[0.715375,0.671754,-0.192313],[0.209313,0.05657,0.976211]],"armWidth":62.1429,"confidence":0.497348,"direction":[0.304812,0.451592,-0.838543],"elbow":[52.553,301.973,317.107],"grabStrength":0,"id":987,"palmNormal":[-0.694229,-0.497404,-0.520227],"palmPosition":[5.71763,314.271,14.9051],"palmVelocity":[10.688,61.6813,-94.3628],"palmWidth":88.738,"pinchStrength":0.955788,"r":[[0.840156,-0.314487,0.441854],[0.343867,0.938908,0.0144217],[-0.419396,0.139823,0.896971]],"s":1.16784,"sphereCenter":[-10.5846,279.827,-27.8633],"sphereRadius":51.7405,"stabilizedPalmPosition":[1.07017,297.511,35.5325],"t":[6.6364,12.9717,-72.976],"timeVisible":31.036,"type":"right","wrist":[-2.56279,287.077,60.054]}],"id":4973467,"interactionBox":{"center":[0,200,0],"size":[235.247,235.247,147.751]},"pointables":[{"bases":[[[0.942789,0.234951,0.236533],[-0.333234,0.642326,0.690197],[0.0102314,-0.729531,0.683871]],[[0.884183,0.467076,-0.00778846],[-0.398749,0.763313,0.508284],[0.243352,-0.44631,0.861154]],[[0.884183,0.467076,-0.00778846],[-0.466384,0.883576,0.0421872],[0.0265863,-0.0336688,0.999079]],[[0.884183,0.467076,-0.00778846],[-0.456694,0.860783,-0.224686],[-0.0982412,0.20222,0.9744]]],"btipPosition":[-39.5087,319.156,-35.51],"carpPosition":[-29.0201,300.925,61.8741],"dipPosition":[-41.751,323.772,-13.2699],"direction":[-0.0265863,0.0336688,-0.999079],"extended":false,"handId":987,"id":9870,"length":50.8265,"mcpPosition":[-29.0201,300.925,61.8741],"pipPosition":[-40.867,322.652,19.9512],"stabilizedTipPosition":[-39.9756,319.884,-29.6144],"timeVisible":31.036,"tipPosition":[-39.9335,318.524,-30.4075],"tipVelocity":[-22.5741,32.2662,-48.7644],"tool":false,"touchDistance":-0.527331,"touchZone":"touching","type":0,"width":19.7488},{"bases":[[[0.693947,-0.654374,-0.300388],[0.714882,0.576387,0.39588],[-0.0859131,-0.489462,0.867782]],[[0.656703,-0.747888,-0.0969795],[0.753245,0.656766,0.0357904],[0.0369257,-0.096553,0.994643]],[[0.656703,-0.747888,-0.0969795],[0.747128,0.662694,-0.0513493],[0.102671,-0.0387349,0.993961]],[[0.656703,-0.747888,-0.0969795],[0.73973,0.663825,-0.110167],[0.14677,0.000608411,0.98917]]],"btipPosition":[-7.72073,349.363,-82.0787],"carpPosition":[-7.47196,309.297,61.7703],"dipPosition":[-5.27514,349.373,-65.5964],"direction":[-0.102671,0.0387349,-0.993961],"extended":true,"handId":987,"id":9871,"length":57.352,"mcpPosition":[-1.3078,344.415,-0.491966],"pipPosition":[-2.85495,348.46,-42.1666],"stabilizedTipPosition":[-9.27399,344.173,-71.1447],"timeVisible":31.036,"tipPosition":[-6.05925,349.705,-77.5907],"tipVelocity":[12.1466,104.061,-144.792],"tool":false,"touchDistance":-0.829969,"touchZone":"hovering","type":1,"width":18.8641},{"bases":[[[0.543854,-0.803093,-0.243443],[0.819851,0.446574,0.358352],[-0.179075,-0.394478,0.901288]],[[0.543895,-0.803002,-0.243651],[0.56211,0.56422,-0.604721],[0.623066,0.191946,0.758252]],[[0.543895,-0.803002,-0.243651],[-0.309003,0.0783004,-0.947832],[0.780189,0.59081,-0.205543]],[[0.543895,-0.803002,-0.243651],[-0.685764,-0.257985,-0.680567],[0.483638,0.537244,-0.690987]]],"btipPosition":[-45.5967,294.348,-20.2437],"carpPosition":[2.00785,302.761,58.3606],"dipPosition":[-36.7331,304.194,-32.9074],"direction":[-0.780189,-0.59081,0.205543],"extended":false,"handId":987,"id":9872,"length":65.348,"mcpPosition":[14.1923,329.602,-2.96413],"pipPosition":[-15.0964,320.579,-38.6076],"stabilizedTipPosition":[-40.4511,300.835,-28.4711],"timeVisible":31.036,"tipPosition":[-42.6402,297.309,-23.3261],"tipVelocity":[-35.6229,-72.9805,48.8327],"tool":false,"touchDistance":0.333333,"touchZone":"none","type":2,"width":18.527},{"bases":[[[0.448212,-0.883755,-0.134474],[0.850485,0.375253,0.368592],[-0.275283,-0.279576,0.919813]],[[0.441215,-0.890446,-0.111517],[0.636723,0.398193,-0.660323],[0.632387,0.220338,0.742656]],[[0.441215,-0.890446,-0.111517],[-0.296851,-0.0275465,-0.954526],[0.846882,0.454255,-0.276484]],[[0.441215,-0.890446,-0.111517],[-0.705768,-0.267554,-0.655977],[0.554275,0.368132,-0.746497]]],"btipPosition":[-34.363,282.392,-12.4277],"carpPosition":[9.35497,293.894,55.0518],"dipPosition":[-24.2633,289.1,-26.0301],"direction":[-0.846882,-0.454255,0.276484],"extended":false,"handId":987,"id":9873,"length":62.8339,"mcpPosition":[26.1719,310.973,-1.13932],"pipPosition":[-1.38358,301.372,-33.4997],"stabilizedTipPosition":[-35.1443,280.794,-7.44129],"timeVisible":31.036,"tipPosition":[-32.1355,283.594,-14.6518],"tipVelocity":[46.7664,21.6743,-179.344],"tool":false,"touchDistance":0.333333,"touchZone":"none","type":3,"width":17.6296},{"bases":[[[0.266611,-0.959946,-0.0861534],[0.882161,0.207044,0.422995],[-0.388214,-0.188776,0.902027]],[[0.257277,-0.964175,-0.0646171],[0.661325,0.224433,-0.715737],[0.704597,0.14141,0.695375]],[[0.257277,-0.964175,-0.0646171],[-0.327146,-0.0239846,-0.944669],[0.909277,0.264181,-0.321597]],[[0.257277,-0.964175,-0.0646171],[-0.73951,-0.153402,-0.655433],[0.62204,0.216413,-0.752484]]],"btipPosition":[-18.9889,277.776,-4.90864],"carpPosition":[11.1557,280.654,51.2967],"dipPosition":[-8.53229,281.413,-17.558],"direction":[-0.909277,-0.264181,0.321597],"extended":false,"handId":987,"id":9874,"length":49.2606,"mcpPosition":[33.1093,291.329,0.286944],"pipPosition":[8.81191,286.453,-23.6924],"stabilizedTipPosition":[-18.1833,277.46,-5.61381],"timeVisible":31.036,"tipPosition":[-16.7006,278.863,-8.46768],"tipVelocity":[65.7596,14.8206,-58.1437],"tool":false,"