{"sensorType":"Leap","data":[[0,{"currentFrameRate":53.039,"devices":[],"gestures":[{"center":[-34.4697,296.701,-5.91261],"duration":38025,"handIds":[987],"id":9,"normal":[-0.915838,0.31777,0.245486],"pointableIds":[9871],"progress":0.839273,"radius":24.5871,"state":"update","type":"circle"}],"hands":[{"armBasis":[[0.646332,-0.739602,-0.187733],[0.70946,0.673042,-0.209002],[0.280931,0.00189617,0.959726]],"armWidth":62.1429,"confidence":0.611849,"direction":[0.329218,0.319058,-0.888717],"elbow":[62.8197,304.602,345.016],"grabStrength":0,"id":987,"palmNormal":[-0.647516,-0.608752,-0.458415],"palmPosition":[-1.65378,323.741,43.6148],"palmVelocity":[11.6821,115.008,-269.543],"palmWidth":88.738,"pinchStrength":0.818213,"r":[[0.887517,-0.130689,0.441854],[0.226848,0.9586,-0.172122],[-0.401066,0.252995,0.88042]],"s":1.09711,"sphereCenter":[-21.1095,288.504,6.06841],"sphereRadius":49.0946,"stabilizedPalmPosition":[-7.75271,295.656,70.6247],"t":[-0.74987,21.4416,-40.9756],"timeVisible":16.565,"type":"right","wrist":[-11.1543,304.103,92.3031]}],"id":4972706,"interactionBox":{"center":[0,200,0],"size":[235.247,235.247,147.751]},"pointables":[{"bases":[[[0.919952,0.314451,0.234113],[-0.392014,0.732309,0.55682],[0.00364948,-0.604023,0.796958]],[[0.871989,0.488678,-0.0287913],[-0.44723,0.819184,0.359059],[0.19905,-0.30022,0.932871]],[[0.871989,0.488678,-0.0287913],[-0.489407,0.871563,-0.0292929],[0.0107786,0.0396338,0.999156]],[[0.871989,0.488678,-0.0287913],[-0.479465,0.840727,-0.251577],[-0.0987346,0.233177,0.967409]]],"btipPosition":[-45.9759,324.797,-10.1058],"carpPosition":[-38.1809,316.821,90.6126],"dipPosition":[-48.2295,330.119,11.9747],"direction":[-0.0107786,-0.0396338,-0.999156],"extended":false,"handId":987,"id":9870,"length":50.8265,"mcpPosition":[-38.1809,316.821,90.6126],"pipPosition":[-47.871,331.437,45.1984],"stabilizedTipPosition":[-47.3985,299.506,29.0016],"timeVisible":16.565,"tipPosition":[-45.5041,326.243,-4.86618],"tipVelocity":[-6.55046,133.876,-265.805],"tool":false,"touchDistance":-0.630356,"touchZone":"hovering","type":0,"width":19.7488},{"bases":[[[0.732789,-0.662494,-0.155312],[0.671377,0.666766,0.323536],[-0.110784,-0.341356,0.933382]],[[0.729406,-0.671776,-0.129165],[0.671352,0.739213,-0.0533961],[0.13135,-0.0477674,0.990185]],[[0.729406,-0.671776,-0.129165],[0.637669,0.736052,-0.22717],[0.247679,0.0833347,0.965252]],[[0.729406,-0.671776,-0.129165],[0.602056,0.720049,-0.345049],[0.3248,0.173917,0.929655]]],"btipPosition":[-25.7969,347.677,-56.6693],"carpPosition":[-16.9917,326.046,90.0313],"dipPosition":[-20.3849,350.575,-41.1787],"direction":[-0.247679,-0.0833347,-0.965252],"extended":true,"handId":987,"id":9871,"length":57.352,"mcpPosition":[-9.04307,350.538,23.0623],"pipPosition":[-14.5465,352.539,-18.4256],"stabilizedTipPosition":[-27.6965,326.417,-25.5041],"timeVisible":16.565,"tipPosition":[-24.5279,348.645,-52.9249],"tipVelocity":[23.7206,156.79,-268.614],"tool":false,"touchDistance":-0.594693,"touchZone":"hovering","type":1,"width":18.8641},{"bases":[[[0.585822,-0.806417,-0.080645],[0.783003,0.537508,0.313034],[-0.209089,-0.246528,0.946312]],[[0.577565,-0.815099,-0.0450835],[0.588749,0.454161,-0.668664],[0.565503,0.359654,0.742197]],[[0.577565,-0.815099,-0.0450835],[-0.157325,-0.0569469,-0.985904],[0.801042,0.576516,-0.161126]],[[0.577565,-0.815099,-0.0450835],[-0.538396,-0.338821,-0.771576],[0.613636,0.469908,-0.634537]]],"btipPosition":[-52.9255,294.746,5.0077],"carpPosition":[-7.10836,319.479,88.1872],"dipPosition":[-41.6795,303.358,-6.6214],"direction":[-0.801042,-0.576516,0.161126],"extended":false,"handId":987,"id":9872,"length":65.348,"mcpPosition":[7.11831,336.253,23.7989],"pipPosition":[-19.4645,319.347,-11.0898],"stabilizedTipPosition":[-53.5499,263.26,38.4571],"timeVisible":16.565,"tipPosition":[-50.6829,296.405,3.72486],"tipVelocity":[5.00559,152.715,-307.791],"tool":false,"touchDistance":0.333333,"touchZone":"none","type":2,"width":18.527},{"bases":[[[0.487963,-0.872116,0.0361248],[0.815793,0.470387,0.336479],[-0.310442,-0.134719,0.940998]],[[0.488892,-0.871708,0.0333033],[0.660048,0.344683,-0.667481],[0.570369,0.348308,0.743882]],[[0.488892,-0.871708,0.0333033],[-0.119788,-0.1049,-0.987242],[0.864081,0.478665,-0.155705]],[[0.488892,-0.871708,0.0333033],[-0.532179,-0.328284,-0.780394],[0.691209,0.363805,-0.624401]]],"btipPosition":[-41.0968,284.026,12.4286],"carpPosition":[0.730766,310.534,86.7434],"dipPosition":[-28.5019,290.655,1.05103],"direction":[-0.864081,-0.478665,0.155705],"extended":false,"handId":987,"id":9873,"length":62.8339,"mcpPosition":[19.6956,318.764,29.2582],"pipPosition":[-5.1576,303.587,-3.15556],"stabilizedTipPosition":[-41.7617,252.326,44.6945],"timeVisible":16.565,"tipPosition":[-38.6162,285.397,11.4098],"tipVelocity":[12.4107,144.558,-358.494],"tool":false,"touchDistance":0.333333,"touchZone":"none","type":3,"width":17.6296},{"bases":[[[0.307208,-0.9475,0.0886961],[0.851104,0.315252,0.419806],[-0.425728,-0.0534783,0.903269]],[[0.324439,-0.944503,0.051512],[0.719731,0.21116,-0.661361],[0.61378,0.251646,0.748297]],[[0.324439,-0.944503,0.051512],[-0.121179,-0.0955109,-0.988025],[0.938112,0.314312,-0.145441]],[[0.324439,-0.944503,0.051512],[-0.552697,-0.233484,-0.800007],[0.767636,0.231083,-0.597776]]],"btipPosition":[-24.6642,281.417,21.2967],"carpPosition":[3.22482,296.95,85.358],"dipPosition":[-11.7601,285.301,11.248],"direction":[-0.938112,-0.314312,0.145441],"extended":false,"handId":987,"id":9874,"length":49.2606,"mcpPosition":[27.2998,299.975,34.278],"pipPosition":[6.13413,291.297,8.4737],"stabilizedTipPosition":[-22.892,252.554,53.9647],"timeVisible":16.565,"tipPosition":[-21.7002,282.296,18.3416],"tipVelocity":[-2.87165,128.63,-285.841],"tool":false,"touchDistance":0.333333,"touchZone":"none","type":4,"width":15.66}],"r":[[0.887517,-0.130689,0.441854],[0.226848,0.9586,-0.172122],[-0.401066,0.252995,0.88042]],"s":1.09711,"t":[-0.74987,21.4416,-40.9756],"timestamp":669539813419},false],[1,{"currentFrameRate":53.0446,"devices":[],"gestures":[{"center":[-34.4697,296.701,-5.91261],"duration":38025,"handIds":[987],"id":9,"normal":[-0.915838,0.31777,0.245486],"pointableIds":[9871],"progress":0.839273,"radius":24.5871,"state":"update","type":"circle"}],"hands":[{"armBasis":[[0.648764,-0.741911,-0.169333],[0.714637,0.670446,-0.199489],[0.261532,0.00840993,0.965158]],"armWidth":62.1429,"confidence":0.542475,"direction":[0.323059,0.328172,-0.887658],"elbow":[58.5498,307.03,343.27],"grabStrength":0,"id":987,"palmNormal":[-0.657596,-0.596686,-0.459927],"palmPosition":[-1.13282,325.028,40.6133],"palmVelocity":[19.4995,92.1959,-215.658],"palmWidth":88.738,"pinchStrength":0.843477,"r":[[0.887781,-0.141654,0.437925],[0.234151,0.958138,-0.164756],[-0.396254,0.248807,0.883786]],"s":1.09312,"sphereCenter":[-21.3426,290.451,2.70055],"sphereRadius":49.1942,"stabilizedPalmPosition":[-7.70564,295.865,70.4114],"t":[-0.38174,23.1633,-45.0104],"timeVisible":16.5838,"type":"right","wrist":[-10.3162,304.816,89.1269]}],"id":4972707,"interactionBox":{"center":[0,200,0],"size":[235.247,235.247,147.751]},"pointables":[{"bases":[[[0.925078,0.303052,0.228889],[-0.379726,0.728126,0.57065],[0.00627646,-0.61481,0.78865]],[[0.87495,0.483012,-0.0340886],[-0.43735,0.818524,0.372482],[0.207816,-0.310995,0.927413]],[[0.87495,0.483012,-0.0340886],[-0.483626,0.875187,-0.0124181],[0.0238358,0.0273514,0.999342]],[[0.87495,0.483012,-0.0340886],[-0.476478,0.846304,-0.238197],[-0.0862029,0.224653,0.970618]]],"btipPosition":[-46.1846,326.898,-12.6466],"carpPosition":[-37.2426,317.796,87.8855],"dipPosition":[-48.1521,332.026,9.5072],"direction":[-0.0238358,-0.0273514,-0.999342],"extended":false,"handId":987,"id":9870,"length":50.8265,"mcpPosition":[-37.2426,317.796,87.8855],"pipPosition":[-47.3595,332.935,42.737],"stabilizedTipPosition":[-47.3743,300.413,27.8412],"timeVisible":16.5838,"tipPosition":[-45.6517,328.38,-7.40075],"tipVelocity":[-7.05812,121.818,-201.344],"tool":false,"touchDistance":-0.633512,"touchZone":"hovering","type":0,"width":19.7488},{"bases":[[[0.725169,-0.666807,-0.171752],[0.680612,0.656314,0.325606],[-0.104393,-0.353016,0.929775]],[[0.72192,-0.67654,-0.145344],[0.677876,0.73362,-0.0478227],[0.138981,-0.064001,0.988225]],[[0.72192,-0.67654,-0.145344],[0.644587,0.733871,-0.214339],[0.251673,0.0610491,0.965885]],[[0.72192,-0.67654,-0.145344],[0.610065,0.721395,-0.327736],[0.326577,0.14793,0.933523]]],"btipPosition":[-25.6853,350.945,-59.2274],"carpPosition":[-15.978,326.839,87.2115],"dipPosition":[-20.2436,353.41,-43.6724],"direction":[-0.251673,-0.0610491,-0.965885],"extended":true,"handId":987,"id":9871,"length":57.352,"mcpPosition":[-8.48793,352.167,20.5013],"pipPosition":[-14.3111,354.849,-20.9044],"stabilizedTipPosition":[-27.44,328.39,-27.8743],"timeVisible":16.5838,"tipPosition":[-24.535,351.645,-55.4311],"tipVelocity":[15.1947,162.384,-203.283],"tool":false,"touchDistance":-0.601708,"touchZone":"hovering","type":1,"width":18.8641},{"bases":[[[0.577673,-0.81042,-0.0975319],[0.790955,0.526224,0.312216],[-0.201702,-0.257502,0.944991]],[[0.569688,-0.819522,-0.0619598],[0.598341,0.465253,-0.652324],[0.563421,0.334548,0.755403]],[[0.569688,-0.819522,-0.0619598],[-0.147779,-0.027983,-0.988625],[0.808466,0.572364,-0.13705]],[[0.569688,-0.819522,-0.0619598],[-0.536264,-0.313533,-0.783657],[0.622798,0.479666,-0.618096]]],"btipPosition":[-52.7693,297.34,0.498189],"carpPosition":[-6.17357,320.21,85.1776],"dipPosition":[-41.3554,306.131,-10.8296],"direction":[-0.808466,-0.572363,0.13705],"extended":false,"handId":987,"id":9872,"length":65.348,"mcpPosition":[7.55052,337.731,20.8792],"pipPosition":[-18.9345,322.004,-14.6303],"stabilizedTipPosition":[-53.4773,264.03,37.5918],"timeVisible":16.5838,"tipPosition":[-50.4998,298.985,-0.43986],"tipVelocity":[7.61826,146.457,-272.567],"tool":false,"touchDistance":0.333333,"touchZone":"none","type":2,"width":18.527},{"bases":[[[0.480415,-0.876828,0.0193377],[0.823373,0.458502,0.334415],[-0.302091,-0.144736,0.942228]],[[0.481121,-0.876487,0.0171291],[0.660827,0.349764,-0.664058],[0.576047,0.330812,0.747485]],[[0.481121,-0.876487,0.0171291],[-0.125211,-0.0880436,-0.988216],[0.867666,0.473307,-0.152105]],[[0.481121,-0.876487,0.0171291],[-0.540411,-0.311914,-0.781451],[0.690274,0.366716,-0.623732]]],"btipPosition":[-41.0955,286.174,8.87652],"carpPosition":[1.56948,311.216,83.5329],"dipPosition":[-28.5176,292.856,-2.48886],"direction":[-0.867666,-0.473307,0.152105],"extended":false,"handId":987,"id":9873,"length":62.8339,"mcpPosition":[20.0241,320.058,25.9725],"pipPosition":[-5.07643,305.643,-6.5982],"stabilizedTipPosition":[-41.7204,252.736,44.2492],"timeVisible":16.5838,"tipPosition":[-38.6062,287.533,7.80478],"tipVelocity":[6.27301,129.952,-275.326],"tool":false,"touchDistance":0.333333,"touchZone":"none","type":3,"width":17.6296},{"bases":[[[0.299529,-0.951311,0.0727376],[0.858126,0.301941,0.415273],[-0.417016,-0.0619681,0.906784]],[[0.317802,-0.947607,0.0322841],[0.723896,0.220504,-0.653722],[0.612353,0.231125,0.756046]],[[0.317802,-0.947607,0.0322841],[-0.118131,-0.0733562,-0.990285],[0.940769,0.310901,-0.135255]],[[0.317802,-0.947607,0.0322841],[-0.554693,-0.213428,-0.804217],[0.768972,0.237674,-0.593459]]],"btipPosition":[-24.4789,283.239,17.1445],"carpPosition":[3.92669,297.631,81.9386],"dipPosition":[-11.5524,287.234,7.16833],"direction":[-0.940769,-0.310901,0.135255],"extended":false,"handId":987,"id":9874,"length":49.2606,"mcpPosition":[27.509,301.135,30.6599],"pipPosition":[6.39253,293.165,4.58838],"stabilizedTipPosition":[-22.8757,252.926,53.5032],"timeVisible":16.5838,"tipPosition":[-21.6076,284.15,14.579],"tipVelocity":[3.47942,113.706,-253.438],"tool":false,"touchDistance":0.333333,"touchZone":"none","type":4,"width":15.66}],"r":[[0.887781,-0.141654,0.437925],[0.234151,0.958138,-0.164756],[-0.396254,0.248807,0.883786]],"s":1.09312,"t":[-0.38174,23.1633,-45.0104],"timestamp":669539832251},false],[2,{"currentFrameRate":53.0155,"devices":[],"gestures":[{"center":[-34.4697,296.701,-5.91261],"duration":38025,"handIds":[987],"id":9,"normal":[-0.915838,0.31777,0.245486],"pointableIds":[9871],"progress":0.839273,"radius":24.5871,"state":"update","type":"circle"}],"hands":[{"armBasis":[[0.647627,-0.744743,-0.161051],[0.716655,0.667154,-0.203249],[0.258814,0.0162119,0.965791]],"armWidth":62.1429,"confidence":0.520427,"direction":[0.320185,0.336962,-0.885403],"elbow":[58.1578,309.984,341.021],"grabStrength":0,"id":987,"palmNormal":[-0.664279,-0.586491,-0.463424],"palmPosition":[-0.95037,326.465,38.3983],"palmVelocity":[14.6423,84.1174,-167.048],"palmWidth":88.738,"pinchStrength":0.862068,"r":[[0.888215,-0.152681,0.433316],[0.241122,0.957746,-0.156787],[-0.391068,0.243742,0.8875]],"s":1.08909,"sphereCenter":[-21.6488,292.386,0.0579042],"sphereRadius":49.3611,"stabilizedPalmPosition":[-7.66229,296.061,70.2059],"t":[-0.106451,24.7427,-48.1352],"timeVisible":16.6028,"type":"right","wrist":[-9.99251,305.715,86.7112]}],"id":4972708,"interactionBox":{"center":[0,200,0],"size":[235.247,235.247,147.751]},"pointables":[{"bases":[[[0.928421,0.293946,0.227221],[-0.37147,0.723542,0.581805],[0.00661479,-0.624566,0.780944]],[[0.877272,0.478701,-0.035201],[-0.43034,0.816888,0.38406],[0.212605,-0.321777,0.922637]],[[0.877272,0.478701,-0.035201],[-0.478921,0.877854,0.00241841],[0.032059,0.0147369,0.999377]],[[0.877272,0.478701,-0.035201],[-0.473639,0.851434,-0.225226],[-0.0778443,0.214257,0.973671]]],"btipPosition":[-46.4759,329.175,-14.5832],"carpPosition":[-36.8365,318.891,85.7872],"dipPosition":[-48.2526,334.066,7.64023],"direction":[-0.032059,-0.0147369,-0.999377],"extended":false,"handId":987,"id":9870,"length":50.8265,"mcpPosition":[-36.8365,318.891,85.7872],"pipPosition":[-47.1866,334.556,40.8713],"stabilizedTipPosition":[-47.3573,301.453,26.5428],"timeVisible":16.6028,"tipPosition":[-45.8969,330.619,-9.32759],"tipVelocity":[-10.0011,119.536,-152.142],"tool":false,"touchDistance":-0.627304,"touchZone":"hovering","type":0,"width":19.7488},{"bases":[[[0.719608,-0.669503,-0.1842],[0.686929,0.647623,0.329718],[-0.101455,-0.3638,0.925935]],[[0.716373,-0.679744,-0.157345],[0.68314,0.729195,-0.0399287],[0.141876,-0.0788847,0.986736]],[[0.716373,-0.679744,-0.157345],[0.650857,0.732297,-0.200313],[0.251385,0.0410899,0.967015]],[[0.716373,-0.679744,-0.157345],[0.617707,0.722743,-0.309969],[0.32442,0.124861,0.937636]]],"btipPosition":[-25.5116,354.156,-61.0952],"carpPosition":[-15.515,327.798,85.1011],"dipPosition":[-20.1059,356.237,-45.4716],"direction":[-0.251385,-0.0410899,-0.967015],"extended":true,"handId":987,"id":9871,"length":57.352,"mcpPosition":[-8.23571,353.9,18.6664],"pipPosition":[-14.1802,357.205,-22.6769],"stabilizedTipPosition":[-27.134,330.922,-30.7327],"timeVisible":16.6028,"tipPosition":[-24.4844,354.628,-57.2579],"tipVelocity":[12.0114,163.506,-151.349],"tool":false,"touchDistance":-0.59765,"touchZone":"hovering","type":1,"width":18.8641},{"bases":[[[0.571566,-0.813027,-0.110901],[0.796303,0.516967,0.314079],[-0.198022,-0.267828,0.942897]],[[0.56374,-0.822496,-0.0754734],[0.609061,0.475687,-0.634639],[0.55789,0.311804,0.769114]],[[0.56374,-0.822496,-0.0754734],[-0.133604,-0.000633741,-0.991035],[0.815075,0.56877,-0.110246]],[[0.56374,-0.822496,-0.0754734],[-0.529102,-0.289453,-0.797664],[0.63423,0.489609,-0.598361]]],"btipPosition":[-52.7467,299.949,-3.35812],"carpPosition":[-5.76782,321.129,82.9284],"dipPosition":[-41.1233,308.922,-14.3242],"direction":[-0.815075,-0.56877,0.110246],"extended":false,"handId":987,"id":9872,"length":65.348,"mcpPosition":[7.70587,339.352,18.7725],"pipPosition":[-18.5191,324.695,-17.3816],"stabilizedTipPosition":[-53.4069,264.815,36.6925],"timeVisible":16.6028,"tipPosition":[-50.4314,301.589,-4.02359],"tipVelocity":[5.7069,143.149,-236.367],"tool":false,"touchDistance":0.333333,"touchZone":"none","type":2,"width":18.527},{"bases":[[[0.47453,-0.880221,0.00570394],[0.828386,0.448758,0.33525],[-0.297654,-0.154361,0.942112]],[[0.475121,-0.879912,0.00383028],[0.666703,0.357148,-0.654181],[0.574254,0.313369,0.756328]],[[0.475121,-0.879912,0.00383028],[-0.119107,-0.0686251,-0.990507],[0.871822,0.470154,-0.137409]],[[0.475121,-0.879912,0.00383028],[-0.538835,-0.294387,-0.789299],[0.695641,0.372949,-0.613997]]],"btipPosition":[-41.1638,288.382,5.51847],"carpPosition":[1.90417,312.104,81.1276],"dipPosition":[-28.4881,295.177,-5.66953],"direction":[-0.871822,-0.470154,0.137409],"extended":false,"handId":987,"id":9873,"length":62.8339,"mcpPosition":[20.0878,321.534,23.5743],"pipPosition":[-4.93466,307.879,-9.38181],"stabilizedTipPosition":[-41.6816,253.152,43.7869],"timeVisible":16.6028,"tipPosition":[-38.6569,289.741,4.58516],"tipVelocity":[2.00148,123.971,-225.954],"tool":false,"touchDistance":0.333333,"touchZone":"none","type":3,"width":17.6296},{"bases":[[[0.29345,-0.954138,0.0592328],[0.862535,0.290976,0.413964],[-0.412214,-0.0703874,0.908364]],[[0.312357,-0.949816,0.0168002],[0.728626,0.228194,-0.64578],[0.609539,0.213955,0.763339]],[[0.312357,-0.949816,0.0168002],[-0.11441,-0.0551697,-0.9919],[0.94305,0.307905,-0.125901]],[[0.312357,-0.949816,0.0168002],[-0.555511,-0.196975,-0.807842],[0.77061,0.243003,-0.58916]]],"btipPosition":[-24.4917,285.168,13.9662],"carpPosition":[4.15952,298.524,79.3519],"dipPosition":[-11.5375,289.253,4.06233],"direction":[-0.94305,-0.307905,0.125901],"extended":false,"handId":987,"id":9874,"length":49.2606,"mcpPosition":[27.4702,302.504,27.9838],"pipPosition":[6.45087,295.126,1.6608],"stabilizedTipPosition":[-22.8616,253.268,53.0724],"timeVisible":16.6028,"tipPosition":[-21.6817,286.091,11.6591],"tipVelocity":[1.6035,108.344,-210.793],"tool":false,"touchDistance":0.333333,"touchZone":"none","type":4,"width":15.66}],"r":[[0.888215,-0.152681,0.433316],[0.241122,0.957746,-0.156787],[-0.391068,0.243742,0.8875]],"s":1.08909,"t":[-0.106451,24.7427,-48.1352],"timestamp":669539851218},false],[3,{"currentFrameRate":52.9451,"devices":[],"gestures":[{"center":[-34.4697,296.701,-5.91261],"duration":38025,"handIds":[987],"id":9,"normal":[-0.915838,0.31777,0.245486],"pointableIds":[9871],"progress":0.839273,"radius":24.5871,"state":"update","type":"circle"}],"hands":[{"armBasis":[[0.631323,-0.762209,-0.14307],[0.736951,0.647082,-0.195418],[0.241527,0.0179365,0.970228]],"armWidth":62.1429,"confidence":0.52776,"direction":[0.317012,0.335418,-0.887129],"elbow":[54.235,310.709,337.506],"grabStrength":0,"id":987,"palmNormal":[-0.689947,-0.560239,-0.458373],"palmPosition":[-0.41304,326.92,33.7774],"palmVelocity":[21.2868,54.2503,-203.84],"palmWidth":88.738,"pinchStrength":0.874693,"r":[[0.888788,-0.167999,0.426418],[0.252374,0.956031,-0.149371],[-0.382575,0.240376,0.892108]],"s":1.08582,"sphereCenter":[-22.86,293.992,-4.62333],"sphereRadius":49.4163,"stabilizedPalmPosition":[-7.63508,296.177,70.0692],"t":[0.299858,25.7597,-52.0081],"timeVisible":16.6219,"type":"right","wrist":[-9.36345,305.986,82.0278]}],"id":4972709,"interactionBox":{"center":[0,200,0],"size":[235.247,235.247,147.751]},"pointables":[{"bases":[[[0.940827,0.261775,0.215217],[-0.338885,0.729181,0.594519],[-0.00130157,-0.632273,0.774745]],[[0.890656,0.452243,-0.0469914],[-0.398592,0.826335,0.397863],[0.218761,-0.335629,0.916241]],[[0.890656,0.452243,-0.0469914],[-0.451816,0.891888,0.0199564],[0.0509362,0.00345719,0.998696]],[[0.890656,0.452243,-0.0469914],[-0.451316,0.866792,-0.212098],[-0.055188,0.210114,0.976118]]],"btipPosition":[-46.8648,331.451,-18.4354],"carpPosition":[-35.7809,320.022,81.6568],"dipPosition":[-48.1244,336.247,3.84388],"direction":[-0.0509362,-0.00345719,-0.998696],"extended":false,"handId":987,"id":9870,"length":50.8265,"mcpPosition":[-35.7809,320.022,81.6568],"pipPosition":[-46.4307,336.362,37.0523],"stabilizedTipPosition":[-47.3507,302.462,25.2502],"timeVisible":16.6219,"tipPosition":[-46.1474,332.874,-13.1898],"tipVelocity":[-12.0307,118.649,-176.108],"tool":false,"touchDistance":-0.650497,"touchZone":"hovering","type":0,"width":19.7488},{"bases":[[[0.694739,-0.690312,-0.202005],[0.712464,0.621954,0.324913],[-0.0986533,-0.369651,0.923919]],[[0.691566,-0.700802,-0.174968],[0.706246,0.706852,-0.0397052],[0.151502,-0.0961116,0.983773]],[[0.691566,-0.700802,-0.174968],[0.673515,0.713164,-0.194356],[0.260986,0.0165667,0.9652]],[[0.691566,-0.700802,-0.174968],[0.640335,0.706904,-0.300429],[0.334227,0.0957287,0.937619]]],"btipPosition":[-25.1879,356.812,-65.1677],"carpPosition":[-14.1972,328.249,80.7167],"dipPosition":[-19.6187,358.407,-49.5445],"direction":[-0.260986,-0.0165667,-0.9652],"extended":true,"handId":987,"id":9871,"length":57.352,"mcpPosition":[-7.11893,354.771,14.4266],"pipPosition":[-13.4667,358.798,-26.7926],"stabilizedTipPosition":[-26.8418,333.3,-33.5253],"timeVisible":16.6219,"tipPosition":[-24.2383,357.033,-61.3086],"tipVelocity":[15.4086,148.375,-181.737],"tool":false,"touchDistance":-0.627308,"touchZone":"hovering","type":1,"width":18.8641},{"bases":[[[0.543318,-0.829753,-0.127733],[0.817322,0.488028,0.30629],[-0.191807,-0.270812,0.94333]],[[0.535572,-0.839518,-0.0915033],[0.621208,0.465048,-0.630738],[0.572069,0.280963,0.770582]],[[0.535572,-0.839518,-0.0915033],[-0.13671,0.0207335,-0.990394],[0.83335,0.542937,-0.103667]],[[0.535572,-0.839518,-0.0915033],[-0.542133,-0.258716,-0.799474],[0.647499,0.477783,-0.593691]]],"btipPosition":[-53.523,302.699,-8.32741],"carpPosition":[-4.70465,321.293,78.3256],"dipPosition":[-41.6563,311.455,-19.2079],"direction":[-0.83335,-0.542937,0.103667],"extended":false,"handId":987,"id":9872,"length":65.348,"mcpPosition":[8.34614,339.72,14.1402],"pipPosition":[-18.5454,326.512,-22.0829],"stabilizedTipPosition":[-53.3564,265.585,35.7754],"timeVisible":16.6219,"tipPosition":[-51.1366,304.28,-8.95442],"tipVelocity":[-15.7354,142.128,-247.36],"tool":false,"touchDistance":0.333333,"touchZone":"none","type":2,"width":18.527},{"bases":[[[0.446001,-0.894974,-0.010246],[0.84752,0.418617,0.326296],[-0.287737,-0.154212,0.945212]],[[0.446614,-0.894643,-0.0122636],[0.672277,0.344588,-0.655212],[0.590407,0.284383,0.755345]],[[0.446614,-0.894643,-0.0122636],[-0.128365,-0.0505042,-0.99044],[0.885471,0.443919,-0.137397]],[[0.446614,-0.894643,-0.0122636],[-0.554607,-0.266058,-0.788432],[0.702102,0.358926,-0.615]]],"btipPosition":[-42.22,290.542,0.579175],"carpPosition":[2.64405,312.046,76.3169],"dipPosition":[-29.4266,297.082,-10.6271],"direction":[-0.885471,-0.443919,0.137397],"extended":false,"handId":987,"id":9873,"length":62.8339,"mcpPosition":[20.2218,321.467,18.5742],"pipPosition":[-5.50443,309.075,-14.3391],"stabilizedTipPosition":[-41.6581,253.533,43.3388],"timeVisible":16.6219,"tipPosition":[-39.6632,291.84,-0.344999],"tipVelocity":[-25.59,116.952,-241.941],"tool":false,"touchDistance":0.333333,"touchZone":"none","type":3,"width":17.6296},{"bases":[[[0.263494,-0.96359,0.0454491],[0.877799,0.25904,0.402947],[-0.400049,-0.066279,0.914094]],[[0.281806,-0.959467,0.00290811],[0.731534,0.212896,-0.647713],[0.620841,0.184657,0.761878]],[[0.281806,-0.959467,0.00290811],[-0.122614,-0.0390188,-0.991687],[0.951605,0.279106,-0.12864]],[[0.281806,-0.959467,0.00290811],[-0.568899,-0.169531,-0.804744],[0.772618,0.225127,-0.593615]]],"btipPosition":[-25.4923,286.691,8.84382],"carpPosition":[4.43344,298.419,74.376],"dipPosition":[-12.5045,290.476,-1.13496],"direction":[-0.951605,-0.279106,0.12864],"extended":false,"handId":987,"id":9874,"length":49.2606,"mcpPosition":[27.0562,302.167,22.6839],"pipPosition":[5.64712,295.8,-3.58873],"stabilizedTipPosition":[-22.859,253.521,52.7298],"timeVisible":16.6219,"tipPosition":[-22.7135,287.535,6.69835],"tipVelocity":[-24.8546,92.322,-239.351],"tool":false,"touchDistance":0.333333,"touchZone":"none","type":4,"width":15.66}],"r":[[0.888788,-0.167999,0.426418],[0.252374,0.956031,-0.149371],[-0.382575,0.240376,0.892108]],"s":1.08582,"t":[0.299858,25.7597,-52.0081],"timestamp":669539870359},false],[4,{"currentFrameRate":52.9232,"devices":[],"gestures":[{"center":[-34.4697,296.701,-5.91261],"duration":38025,"handIds":[987],"id":9,"normal":[-0.915838,0.31777,0.245486],"pointableIds":[9871],"progress":0.839273,"radius":24.5871,"state":"update","type":"circle"}],"hands":[{"armBasis":[[0.608841,-0.776456,-0.162569],[0.752607,0.630143,-0.191054],[0.250787,-0.00602867,0.968024]],"armWidth":62.1429,"confidence":0.530532,"direction":[0.31849,0.318364,-0.892865],"elbow":[56.5891,306.493,332.996],"grabStrength":0,"id":987,"palmNormal":[-0.704858,-0.550272,-0.447634],"palmPosition":[-0.356198,328.267,29.5562],"palmVelocity":[12.2924,62.4829,-213.004],"palmWidth":88.738,"pinchStrength":0.878854,"r":[[0.888825,-0.1831,0.420077],[0.265338,0.953035,-0.146016],[-0.373613,0.241245,0.895664]],"s":1.08334,"sphereCenter":[-23.8134,295.431,-8.41792],"sphereRadius":49.5212,"stabilizedPalmPosition":[-7.6181,296.252,69.9747],"t":[0.531434,26.9417,-56.0551],"timeVisible":16.6409,"type":"right","wrist":[-9.44744,308.081,78.0982]}],"id":4972710,"interactionBox":{"center":[0,200,0],"size":[235.247,235.247,147.751]},"pointables":[{"bases":[[[0.947643,0.243686,0.206373],[-0.319175,0.743072,0.588194],[-0.0100152,-0.623267,0.781945]],[[0.89933,0.433231,-0.059297],[-0.378106,0.838579,0.3922],[0.219638,-0.330296,0.917967]],[[0.89933,0.433231,-0.059297],[-0.433053,0.901218,0.0164818],[0.0605799,0.0108562,0.998104]],[[0.89933,0.433231,-0.059297],[-0.435001,0.872599,-0.222137],[-0.0444943,0.225569,0.973211]]],"btipPosition":[-47.2477,333.254,-22.3607],"carpPosition":[-35.5564,322.684,77.7295],"dipPosition":[-48.2633,338.402,-0.147826],"direction":[-0.0605799,-0.0108562,-0.998104],"extended":false,"handId":987,"id":9870,"length":50.8265,"mcpPosition":[-35.5564,322.684,77.7295],"pipPosition":[-46.2489,338.763,33.0409],"stabilizedTipPosition":[-47.3541,303.293,24.1454],"timeVisible":16.6409,"tipPosition":[-46.4573,334.694,-17.1652],"tipVelocity":[-14.5845,109.125,-191.636],"tool":false,"touchDistance":-0.67289,"touchZone":"hovering","type":0,"width":19.7488},{"bases":[[[0.678306,-0.707498,-0.198361],[0.727847,0.609965,0.313338],[-0.100692,-0.356916,0.928694]],[[0.675029,-0.717752,-0.170788],[0.721962,0.690298,-0.0475296],[0.152009,-0.0912189,0.984161]],[[0.675029,-0.717752,-0.170788],[0.690082,0.69612,-0.197998],[0.261003,0.0157962,0.965209]],[[0.675029,-0.717752,-0.170788],[0.657747,0.690312,-0.301392],[0.334222,0.091113,0.93808]]],"btipPosition":[-24.672,357.967,-69.6897],"carpPosition":[-13.806,330.428,76.5614],"dipPosition":[-19.1029,359.485,-54.0587],"direction":[-0.261003,-0.0157962,-0.965209],"extended":true,"handId":987,"id":9871,"length":57.352,"mcpPosition":[-6.58146,356.036,9.92879],"pipPosition":[-12.9505,359.858,-31.3067],"stabilizedTipPosition":[-26.636,334.792,-35.4676],"timeVisible":16.6409,"tipPosition":[-23.8339,358.06,-65.8107],"tipVelocity":[21.2009,104.888,-209.517],"tool":false,"touchDistance":-0.660713,"touchZone":"hovering","type":1,"width":18.8641},{"bases":[[[0.52438,-0.842763,-0.121558],[0.829657,0.473589,0.295605],[-0.191556,-0.255861,0.947545]],[[0.516548,-0.852061,-0.0846792],[0.631419,0.445841,-0.634457],[0.578349,0.27426,0.768306]],[[0.516548,-0.852061,-0.0846792],[-0.134941,0.0166531,-0.990714],[0.845558,0.523178,-0.106375]],[[0.516548,-0.852061,-0.0846792],[-0.54744,-0.252589,-0.797815],[0.658398,0.458467,-0.596926]]],"btipPosition":[-54.1509,304.846,-12.5067],"carpPosition":[-4.48199,323.241,74.1917],"dipPosition":[-42.0845,313.248,-23.4465],"direction":[-0.845558,-0.523178,0.106375],"extended":false,"handId":987,"id":9872,"length":65.348,"mcpPosition":[8.55172,340.65,9.71953],"pipPosition":[-18.635,327.757,-26.3966],"stabilizedTipPosition":[-53.3233,266.274,34.9257],"timeVisible":16.6409,"tipPosition":[-51.7119,306.38,-13.1672],"tipVelocity":[-23.0811,125.773,-234.389],"tool":false,"touchDistance":0.333333,"touchZone":"none","type":2,"width":18.527},{"bases":[[[0.426431,-0.904516,-0.0027301],[0.858473,0.403769,0.31622],[-0.284923,-0.13719,0.948682]],[[0.426965,-0.904257,-0.00451287],[0.683471,0.325976,-0.653151],[0.592087,0.275788,0.757214]],[[0.426965,-0.904257,-0.00451287],[-0.121472,-0.0524091,-0.99121],[0.896072,0.423761,-0.132219]],[[0.426965,-0.904257,-0.00451287],[-0.555497,-0.258346,-0.790367],[0.713529,0.339966,-0.612617]]],"btipPosition":[-42.9523,292.534,-3.97058],"carpPosition":[2.65156,313.814,72.2439],"dipPosition":[-29.9507,298.729,-15.1334],"direction":[-0.896072,-0.423761,0.132219],"extended":false,"handId":987,"id":9873,"length":62.8339,"mcpPosition":[20.0574,322.194,14.2892],"pipPosition":[-5.74205,310.177,-18.7055],"stabilizedTipPosition":[-41.6442,253.863,42.9318],"timeVisible":16.6409,"tipPosition":[-40.3545,293.771,-4.7791],"tipVelocity":[-30.7425,109.014,-240.624],"tool":false,"touchDistance":0.333333,"touchZone":"none","type":3,"width":17.6296},{"bases":[[[0.242842,-0.968512,0.054877],[0.88578,0.244452,0.394509],[-0.395501,-0.0471944,0.917252]],[[0.261083,-0.965243,0.0118968],[0.738356,0.191744,-0.646579],[0.621825,0.177595,0.762754]],[[0.261083,-0.965243,0.0118968],[-0.1193,-0.0444934,-0.991861],[0.957916,0.257538,-0.12677]],[[0.261083,-0.965243,0.0118968],[-0.571017,-0.164364,-0.804316],[0.778316,0.2032,-0.594083]]],"btipPosition":[-26.3003,288.346,4.67973],"carpPosition":[4.13276,300.13,70.4485],"dipPosition":[-13.2166,291.762,-5.30691],"direction":[-0.957916,-0.257538,0.12677],"extended":false,"handId":987,"id":9874,"length":49.2606,"mcpPosition":[26.4984,302.799,18.5779],"pipPosition":[5.05534,296.675,-7.72501],"stabilizedTipPosition":[-22.8614,253.716,52.4534],"timeVisible":16.6409,"tipPosition":[-23.5334,289.102,2.71566],"tipVelocity":[-33.001,87.619,-229.618],"tool":false,"touchDistance":0.333333,"touchZone":"none","type":4,"width":15.66}],"r":[[0.888825,-0.1831,0.420077],[0.265338,0.953035,-0.146016],[-0.373613,0.241245,0.895664]],"s":1.08334,"t":[0.531434,26.9417,-56.0551],"timestamp":669539889333},false],[5,{"currentFrameRate":52.9857,"devices":[],"gestures":[{"center":[-34.4697,296.701,-5.91261],"duration":38025,"handIds":[987],"id":9,"normal":[-0.915838,0.31777,0.245486],"pointableIds":[9871],"progress":0.839273,"radius":24.5871,"state":"stop","type":"circle"}],"hands":[{"armBasis":[[0.610971,-0.775108,-0.161001],[0.751477,0.631809,-0.189997],[0.24899,-0.00490626,0.968494]],"armWidth":62.1429,"confidence":0.558608,"direction":[0.32263,0.335548,-0.885053],"elbow":[55.7261,306.586,329.765],"grabStrength":0,"id":987,"palmNormal":[-0.703619,-0.540417,-0.461378],"palmPosition":[-0.517601,329.008,26.649],"palmVelocity":[2.11621,51.4339,-185.262],"palmWidth":88.738,"pinchStrength":0.885424,"r":[[0.888251,-0.19703,0.414957],[0.276071,0.950972,-0.139415],[-0.367144,0.238393,0.899096]],"s":1.08157,"sphereCenter":[-23.9164,297.058,-12.121],"sphereRadius":49.5639,"stabilizedPalmPosition":[-7.60793,296.299,69.9127],"t":[0.56652,27.9032,-59.5322],"timeVisible":16.6595,"type":"right","wrist":[-9.83739,307.878,74.7438]}],"id":4972711,"interactionBox":{"center":[0,200,0],"size":[235.247,235.247,147.751]},"pointables":[{"bases":[[[0.947054,0.238353,0.215121],[-0.320767,0.731704,0.60143],[-0.0140527,-0.63859,0.769419]],[[0.899743,0.433786,-0.0478775],[-0.378964,0.830981,0.407255],[0.216447,-0.348281,0.912059]],[[0.899743,0.433786,-0.0478775],[-0.432546,0.900958,0.0343297],[0.0580274,-0.0101787,0.998263]],[[0.899743,0.433786,-0.0478775],[-0.433654,0.876309,-0.209826],[-0.0490642,0.209552,0.976566]]],"btipPosition":[-47.274,335.029,-25.3299],"carpPosition":[-35.9272,322.518,74.5545],"dipPosition":[-48.3938,339.812,-3.04042],"direction":[-0.0580274,0.0101787,-0.998263],"extended":false,"handId":987,"id":9870,"length":50.8265,"mcpPosition":[-35.9272,322.518,74.5545],"pipPosition":[-46.4643,339.473,30.1536],"stabilizedTipPosition":[-47.3578,303.986,23.2091],"timeVisible":16.6595,"tipPosition":[-46.5206,336.383,-20.1189],"tipVelocity":[-8.80808,100.166,-175.431],"tool":false,"touchDistance":-0.678208,"touchZone":"hovering","type":0,"width":19.7488},{"bases":[[[0.678294,-0.704301,-0.209469],[0.727245,0.602725,0.328386],[-0.105031,-0.375078,0.921024]],[[0.674847,-0.715212,-0.181808],[0.723699,0.689605,-0.0265522],[0.144366,-0.113656,0.982976]],[[0.674847,-0.715212,-0.181808],[0.693919,0.698849,-0.173456],[0.251114,-0.00910385,0.967915]],[[0.674847,-0.715212,-0.181808],[0.663438,0.695886,-0.274941],[0.323159,0.0649249,0.944115]]],"btipPosition":[-23.9799,361.062,-72.1845],"carpPosition":[-14.1629,330.256,73.631],"dipPosition":[-18.5952,362.144,-56.453],"direction":[-0.251114,0.00910386,-0.967915],"extended":true,"handId":987,"id":9871,"length":57.352,"mcpPosition":[-6.62704,357.167,7.54867],"pipPosition":[-12.6758,361.929,-33.6371],"stabilizedTipPosition":[-26.4155,336.293,-37.3417],"timeVisible":16.6595,"tipPosition":[-23.2722,360.954,-68.2837],"tipVelocity":[27.8271,131.945,-172.124],"tool":false,"touchDistance":-0.66005,"touchZone":"hovering","type":1,"width":18.8641},{"bases":[[[0.523885,-0.840861,-0.136001],[0.828967,0.466596,0.308387],[-0.195853,-0.2743,0.941489]],[[0.51576,-0.851018,-0.0987906],[0.639834,0.459299,-0.616163],[0.56974,0.254582,0.781399]],[[0.51576,-0.851018,-0.0987906],[-0.12148,0.0415018,-0.991726],[0.848077,0.523493,-0.0819766]],[[0.51576,-0.851018,-0.0987906],[-0.537928,-0.231929,-0.810458],[0.666802,0.471144,-0.577407]]],"btipPosition":[-54.0333,306.649,-16.7774],"carpPosition":[-4.83749,323.105,71.1587],"dipPosition":[-41.8128,315.284,-27.3595],"direction":[-0.848077,-0.523493,0.0819766],"extended":false,"handId":987,"id":9872,"length":65.348,"mcpPosition":[8.48858,341.769,7.09862],"pipPosition":[-18.2935,329.802,-29.6329],"stabilizedTipPosition":[-53.2954,266.838,34.2056],"timeVisible":16.6595,"tipPosition":[-51.5714,308.198,-17.3557],"tipVelocity":[-7.88014,113.044,-229.637],"tool":false,"touchDistance":0.333333,"touchZone":"none","type":2,"width":18.527},{"bases":[[[0.425362,-0.904827,-0.018829],[0.857612,0.396346,0.327737],[-0.289083,-0.155555,0.944581]],[[0.425858,-0.904559,-0.0204508],[0.68944,0.339054,-0.64009],[0.585933,0.258488,0.768028]],[[0.425858,-0.904559,-0.0204508],[-0.111799,-0.0301777,-0.993272],[0.897856,0.42528,-0.113981]],[[0.425858,-0.904559,-0.0204508],[-0.548374,-0.240059,-0.801035],[0.719674,0.352342,-0.598267]]],"btipPosition":[-42.9488,294.039,-8.13455],"carpPosition":[2.29299,313.71,69.0548],"dipPosition":[-29.8352,300.46,-19.0359],"direction":[-0.897856,-0.42528,0.113981],"extended":false,"handId":987,"id":9873,"length":62.8339,"mcpPosition":[19.953,323.212,11.3506],"pipPosition":[-5.57834,311.949,-22.1153],"stabilizedTipPosition":[-41.6335,254.123,42.5975],"timeVisible":16.6595,"tipPosition":[-40.3184,295.301,-8.93278],"tipVelocity":[-15.0452,96.6236,-230.638],"tool":false,"touchDistance":0.333333,"touchZone":"none","type":3,"width":17.6296},{"bases":[[[0.241457,-0.969716,0.0367314],[0.884399,0.235477,0.402974],[-0.39942,-0.0648156,0.914474]],[[0.259967,-0.965597,-0.00630095],[0.745798,0.204927,-0.63387],[0.613354,0.160086,0.773414]],[[0.259967,-0.965597,-0.00630095],[-0.107571,-0.0224755,-0.993943],[0.959607,0.259071,-0.109713]],[[0.259967,-0.965597,-0.00630095],[-0.562854,-0.146229,-0.813518],[0.784609,0.215035,-0.581505]]],"btipPosition":[-26.2919,289.651,0.479365],"carpPosition":[3.76547,300.062,66.9954],"dipPosition":[-13.1025,293.266,-9.29585],"direction":[-0.959607,-0.259071,0.109713],"extended":false,"handId":987,"id":9874,"length":49.2606,"mcpPosition":[26.3527,303.728,15.2819],"pipPosition":[5.20178,298.207,-11.3886],"stabilizedTipPosition":[-22.8629,253.857,52.2467],"timeVisible":16.6595,"tipPosition":[-23.5203,290.438,-1.3276],"tipVelocity":[-16.1166,80.2292,-226.227],"tool":false,"touchDistance":0.333333,"touchZone":"none","type":4,"width":15.66}],"r":[[0.888251,-0.19703,0.414957],[0.276071,0.950972,-0.139415],[-0.367144,0.238393,0.899096]],"s":1.08157,"t":[0.56652,27.9032,-59.5322],"timestamp":669539907981},false],[6,{"currentFrameRate":52.9597,"devices":[],"gestures":[],"hands":[{"armBasis":[[0.606688,-0.779495,-0.155941],[0.754297,0.626406,-0.1966],[0.250931,0.00164911,0.968003]],"armWidth":62.1429,"confidence":0.569061,"direction":[0.327318,0.342688,-0.880584],"elbow":[55.7409,308.807,325.818],"grabStrength":0,"id":987,"palmNormal":[-0.707262,-0.529143,-0.468815],"palmPosition":[-0.734071,329.961,23.09],"palmVelocity":[-4.5344,50.8346,-186.389],"palmWidth":88.738,"pinchStrength":0.88984,"r":[[0.88713,-0.210585,0.410676],[0.286346,0.948999,-0.131932],[-0.361948,0.234637,0.902186]],"s":1.08082,"sphereCenter":[-24.3658,298.796,-16.1113],"sphereRadius":49.5628,"stabilizedPalmPosition":[-7.6015,296.33,69.8689],"t":[0.475828,28.8604,-63.0503],"timeVisible":16.6785,"type":"right","wrist":[-10.3337,308.372,70.9256]}],"id":4972712,"interactionBox":{"center":[0,200,0],"size":[235.247,235.247,147.751]},"pointables":[{"bases":[[[0.948612,0.227787,0.219655],[-0.315737,0.727627,0.608991],[-0.0211069,-0.647049,0.762156]],[[0.903358,0.42686,-0.0416617],[-0.372712,0.829385,0.416181],[0.212204,-0.360432,0.908327]],[[0.903358,0.42686,-0.0416617],[-0.425065,0.904012,0.045633],[0.0571415,-0.023514,0.998089]],[[0.903358,0.42686,-0.0416617],[-0.425923,0.881468,-0.203969],[-0.0503428,0.202002,0.97809]]],"btipPosition":[-47.3784,336.955,-28.8822],"carpPosition":[-36.2968,323.237,70.8496],"dipPosition":[-48.5275,341.566,-6.55789],"direction":[-0.0571415,0.023514,-0.998089],"extended":false,"handId":987,"id":9870,"length":50.8265,"mcpPosition":[-36.2968,323.237,70.8496],"pipPosition":[-46.6274,340.784,26.6303],"stabilizedTipPosition":[-47.3628,304.586,22.3817],"timeVisible":16.6785,"tipPosition":[-46.6456,338.249,-23.6694],"tipVelocity":[-7.35765,99.806,-181.01],"tool":false,"touchDistance":-0.691884,"touchZone":"hovering","type":0,"width":19.7488},{"bases":[[[0.672674,-0.707697,-0.216042],[0.731696,0.592736,0.336579],[-0.11014,-0.384485,0.916537]],[[0.669048,-0.718967,-0.188313],[0.73024,0.683058,-0.013437],[0.13829,-0.128524,0.982017]],[[0.669048,-0.718967,-0.188313],[0.702135,0.694514,-0.157027],[0.243683,-0.0271623,0.969474]],[[0.669048,-0.718967,-0.188313],[0.673113,0.693591,-0.256614],[0.315109,0.0449313,0.947991]]],"btipPosition":[-23.3518,363.661,-75.4987],"carpPosition":[-14.4652,330.798,70.0561],"dipPosition":[-18.1012,364.41,-59.7026],"direction":[-0.243683,0.0271623,-0.969474],"extended":true,"handId":987,"id":9871,"length":57.352,"mcpPosition":[-6.56283,358.384,4.29568],"pipPosition":[-12.357,363.769,-36.8499],"stabilizedTipPosition":[-26.1775,337.828,-39.2652],"timeVisible":16.6785,"tipPosition":[-22.7466,363.399,-71.5876],"tipVelocity":[29.6203,132.422,-172.982],"tool":false,"touchDistance":-0.671869,"touchZone":"hovering","type":1,"width":18.8641},{"bases":[[[0.516951,-0.843744,-0.14442],[0.83229,0.455973,0.31525],[-0.200138,-0.283168,0.937956]],[[0.508603,-0.854315,-0.107091],[0.64908,0.462162,-0.604236],[0.565701,0.237805,0.789576]],[[0.508603,-0.854315,-0.107091],[-0.113418,0.0568189,-0.991921],[0.853498,0.51664,-0.0679963]],[[0.508603,-0.854315,-0.107091],[-0.535168,-0.21624,-0.8166],[0.674477,0.472637,-0.567182]]],"btipPosition":[-54.2016,308.695,-21.1334],"carpPosition":[-5.1963,323.596,67.5219],"dipPosition":[-41.8405,317.357,-31.528],"direction":[-0.853498,-0.51664,0.0679963],"extended":false,"handId":987,"id":9872,"length":65.348,"mcpPosition":[8.42136,342.863,3.7022],"pipPosition":[-18.1708,331.684,-33.4138],"stabilizedTipPosition":[-53.2739,267.323,33.5672],"timeVisible":16.6785,"tipPosition":[-51.7305,310.229,-21.7146],"tipVelocity":[-7.52953,110.62,-228.477],"tool":false,"touchDistance":0.333333,"touchZone":"none","type":2,"width":18.527},{"bases":[[[0.417642,-0.908175,-0.0281694],[0.860293,0.385267,0.333865],[-0.292355,-0.16367,0.9422]],[[0.418039,-0.907952,-0.0294485],[0.693233,0.339792,-0.635586],[0.587088,0.245285,0.771468]],[[0.418039,-0.907952,-0.0294485],[-0.110805,-0.0187883,-0.993665],[0.901646,0.418653,-0.10846]],[[0.418039,-0.907952,-0.0294485],[-0.549306,-0.226826,-0.804247],[0.723538,0.352382,-0.593565]]],"btipPosition":[-43.4071,295.743,-12.1022],"carpPosition":[1.85785,314.164,65.3264],"dipPosition":[-30.2231,302.164,-22.9178],"direction":[-0.901646,-0.418653,0.10846],"extended":false,"