{"sensorType":"Leap","data":[[0,{"currentFrameRate":51.1828,"devices":[],"gestures":[],"hands":[{"armBasis":[[0.63577,-0.763103,-0.11606],[0.733756,0.644168,-0.215984],[0.239581,0.0521562,0.969475]],"armWidth":62.1429,"confidence":0.480765,"direction":[0.376163,0.454021,-0.807692],"elbow":[55.8798,317.96,331.65],"grabStrength":0.447815,"id":987,"palmNormal":[-0.678687,-0.458435,-0.573778],"palmPosition":[5.0554,331.885,32.4257],"palmVelocity":[28.1371,93.9262,-178.866],"palmWidth":88.738,"pinchStrength":0.780965,"r":[[0.860783,-0.31258,0.401679],[0.331024,0.943299,0.02469],[-0.386621,0.111713,0.915448]],"s":1.05413,"sphereCenter":[-13.6925,308.108,-6.91382],"sphereRadius":43.8044,"stabilizedPalmPosition":[-10.7038,279.228,129.399],"t":[5.6503,29.9876,-53.8983],"timeVisible":3.15072,"type":"right","wrist":[-7.20603,304.226,76.3702]}],"id":4971998,"interactionBox":{"center":[0,200,0],"size":[235.247,235.247,147.751]},"pointables":[{"bases":[[[0.934262,0.191198,0.300994],[-0.350935,0.642696,0.681019],[-0.0632383,-0.741879,0.667545]],[[0.859605,0.50955,-0.037915],[-0.439515,0.775217,0.453724],[0.260588,-0.373359,0.890335]],[[0.859605,0.50955,-0.037915],[-0.509646,0.860349,0.00781859],[0.0366041,0.0126023,0.99925]],[[0.859605,0.50955,-0.037915],[-0.469825,0.759057,-0.450663],[-0.200856,0.405206,0.891889]]],"btipPosition":[-42.4658,327.632,-20.1322],"carpPosition":[-33.1471,319.124,76.7948],"dipPosition":[-47.0502,336.881,0.224551],"direction":[-0.0366041,-0.0126023,-0.99925],"extended":false,"handId":987,"id":9870,"length":50.8265,"mcpPosition":[-33.1471,319.124,76.7948],"pipPosition":[-45.8331,337.3,33.4514],"stabilizedTipPosition":[-49.8073,287.962,48.7614],"timeVisible":3.15072,"tipPosition":[-42.8483,329.902,-15.1441],"tipVelocity":[9.47492,101.504,-167.685],"tool":false,"touchDistance":-0.821608,"touchZone":"hovering","type":0,"width":19.7488},{"bases":[[[0.684986,-0.676927,-0.269378],[0.710475,0.538786,0.452697],[-0.161306,-0.501478,0.85]],[[0.664871,-0.724713,-0.180936],[0.70042,0.689045,-0.186091],[0.259536,-0.00300484,0.965729]],[[0.664871,-0.724713,-0.180936],[0.639864,0.67756,-0.36261],[0.385383,0.125314,0.914208]],[[0.664871,-0.724713,-0.180936],[0.590405,0.658256,-0.467035],[0.457569,0.203692,0.865529]]],"btipPosition":[-27.3274,356.353,-59.1813],"carpPosition":[-11.3179,326.594,78.2403],"dipPosition":[-19.703,359.747,-44.7592],"direction":[-0.385383,-0.125314,-0.914208],"extended":true,"handId":987,"id":9871,"length":57.352,"mcpPosition":[0.255613,362.575,17.2539],"pipPosition":[-10.6187,362.701,-23.2093],"stabilizedTipPosition":[-34.8369,324.622,-11.699],"timeVisible":3.15072,"tipPosition":[-26.7253,355.504,-54.505],"tipVelocity":[53.9039,149.662,-201.876],"tool":false,"touchDistance":-1,"touchZone":"hovering","type":1,"width":18.8641},{"bases":[[[0.525673,-0.82032,-0.225264],[0.812338,0.405446,0.41919],[-0.252538,-0.403347,0.879509]],[[0.523696,-0.823427,-0.218427],[0.45782,0.488256,-0.742972],[0.718432,0.289091,0.632679]],[[0.523696,-0.823427,-0.218427],[-0.517681,-0.10397,-0.849233],[0.676572,0.557815,-0.480721]],[[0.523696,-0.823427,-0.218427],[-0.798352,-0.384895,-0.46313],[0.297283,0.416921,-0.858953]]],"btipPosition":[-42.7086,310.48,14.7936],"carpPosition":[-1.90853,319.736,75.3035],"dipPosition":[-37.2603,318.121,-0.948336],"direction":[-0.676572,-0.557815,0.480721],"extended":false,"handId":987,"id":9872,"length":65.348,"mcpPosition":[15.2745,347.18,15.4606],"pipPosition":[-18.4972,333.59,-14.28],"stabilizedTipPosition":[-49.4154,267.519,86.2228],"timeVisible":3.15072,"tipPosition":[-41.6385,311.976,11.7826],"tipVelocity":[17.2651,106.202,-175.425],"tool":false,"touchDistance":0.333333,"touchZone":"none","type":2,"width":18.527},{"bases":[[[0.420037,-0.898949,-0.124337],[0.839355,0.332737,0.429848],[-0.34504,-0.284915,0.894299]],[[0.417445,-0.901055,-0.117645],[0.556441,0.355824,-0.750841],[0.71841,0.247972,0.649921]],[[0.417445,-0.901055,-0.117645],[-0.488113,-0.113143,-0.865416],[0.766476,0.418687,-0.487047]],[[0.417445,-0.901055,-0.117645],[-0.822523,-0.319644,-0.470408],[0.386258,0.293135,-0.874572]]],"btipPosition":[-32.6971,300.582,18.4246],"carpPosition":[5.274,310.634,72.2823],"dipPosition":[-25.6589,305.923,2.48856],"direction":[-0.766476,-0.418687,0.487047],"extended":false,"handId":987,"id":9873,"length":62.8339,"mcpPosition":[26.3524,328.04,17.6498],"pipPosition":[-4.95145,317.234,-10.6697],"stabilizedTipPosition":[-38.4765,245.938,118.768],"timeVisible":3.15072,"tipPosition":[-30.7037,301.612,16.2777],"tipVelocity":[10.8028,105.966,-202.451],"tool":false,"touchDistance":0.333333,"touchZone":"none","type":3,"width":17.6296},{"bases":[[[0.232781,-0.968421,-0.0892985],[0.860665,0.16238,0.482586],[-0.452846,-0.189193,0.871285]],[[0.180056,-0.983607,0.00984373],[0.63394,0.108383,-0.76575],[0.75213,0.144118,0.643063]],[[0.180056,-0.983607,0.00984373],[-0.503462,-0.10075,-0.858124],[0.845048,0.149554,-0.513349]],[[0.180056,-0.983607,0.00984373],[-0.869417,-0.163817,-0.466131],[0.460103,0.0753712,-0.884661]]],"btipPosition":[-17.4024,299.012,21.5867],"carpPosition":[6.77908,297.402,68.3701],"dipPosition":[-9.66802,300.279,6.71542],"direction":[-0.845048,-0.149554,0.513349],"extended":false,"handId":987,"id":9874,"length":49.2606,"mcpPosition":[32.3876,308.101,19.0989],"pipPosition":[6.45104,303.131,-3.07657],"stabilizedTipPosition":[-24.4055,246.332,116.204],"timeVisible":3.15072,"tipPosition":[-15.6123,299.251,18.5718],"tipVelocity":[11.1125,99.1982,-213.416],"tool":false,"touchDistance":0.333333,"touchZone":"none","type":4,"width":15.66}],"r":[[0.860783,-0.31258,0.401679],[0.331024,0.943299,0.02469],[-0.386621,0.111713,0.915448]],"s":1.05413,"t":[5.6503,29.9876,-53.8983],"timestamp":669526399149},false],[1,{"currentFrameRate":51.305,"devices":[],"gestures":[],"hands":[{"armBasis":[[0.643202,-0.757854,-0.109308],[0.732,0.650482,-0.202605],[0.224649,0.0503024,0.973141]],"armWidth":62.1429,"confidence":0.481473,"direction":[0.373256,0.461471,-0.804813],"elbow":[52.5061,318.072,329.868],"grabStrength":0.432535,"id":987,"palmNormal":[-0.675722,-0.45918,-0.576675],"palmPosition":[5.43662,332.838,29.853],"palmVelocity":[24.1391,72.2966,-157.315],"palmWidth":88.738,"pinchStrength":0.784145,"r":[[0.860833,-0.317498,0.397696],[0.335006,0.941836,0.0267716],[-0.383064,0.110185,0.917127]],"s":1.05573,"sphereCenter":[-13.2283,309.231,-9.73905],"sphereRadius":43.8601,"stabilizedPalmPosition":[-10.4873,279.947,128.064],"t":[6.10306,31.3409,-56.8519],"timeVisible":3.16975,"type":"right","wrist":[-6.64781,304.826,73.6229]}],"id":4971999,"interactionBox":{"center":[0,200,0],"size":[235.247,235.247,147.751]},"pointables":[{"bases":[[[0.933011,0.195301,0.302238],[-0.355062,0.636156,0.685008],[-0.0584878,-0.746433,0.662885]],[[0.856205,0.515456,-0.0348962],[-0.444742,0.769746,0.457925],[0.262901,-0.376558,0.888306]],[[0.856205,0.515456,-0.0348962],[-0.515357,0.856885,0.0124516],[0.0363203,0.00732288,0.999313]],[[0.856205,0.515456,-0.0348962],[-0.475266,0.759361,-0.444402],[-0.202571,0.397085,0.895147]]],"btipPosition":[-42.0667,328.579,-22.7655],"carpPosition":[-32.6839,319.554,74.1393],"dipPosition":[-46.6903,337.642,-2.33429],"direction":[-0.0363203,-0.00732288,-0.999313],"extended":false,"handId":987,"id":9870,"length":50.8265,"mcpPosition":[-32.6839,319.554,74.1393],"pipPosition":[-45.4825,337.886,30.8946],"stabilizedTipPosition":[-49.5805,289.412,46.4917],"timeVisible":3.16975,"tipPosition":[-42.477,330.818,-17.7571],"tipVelocity":[14.9049,74.8888,-152.769],"tool":false,"touchDistance":-0.807022,"touchZone":"hovering","type":0,"width":19.7488},{"bases":[[[0.689319,-0.670819,-0.273571],[0.706996,0.540489,0.456101],[-0.158099,-0.507812,0.846836]],[[0.669774,-0.71878,-0.186438],[0.697862,0.695089,-0.172743],[0.253755,-0.0144097,0.967161]],[[0.669774,-0.71878,-0.186438],[0.642213,0.686747,-0.340501],[0.372781,0.108325,0.921575]],[[0.669774,-0.71878,-0.186438],[0.596825,0.670462,-0.440773],[0.441818,0.183947,0.878043]]],"btipPosition":[-26.341,358.576,-62.004],"carpPosition":[-10.9031,327.156,75.6327],"dipPosition":[-18.9791,361.641,-47.3734],"direction":[-0.372781,-0.108325,-0.921575],"extended":true,"handId":987,"id":9871,"length":57.352,"mcpPosition":[0.44027,363.59,14.8733],"pipPosition":[-10.1918,364.194,-25.6499],"stabilizedTipPosition":[-33.5871,328.873,-17.4567],"timeVisible":3.16975,"tipPosition":[-25.834,357.628,-57.3763],"tipVelocity":[51.3106,131.49,-174.217],"tool":false,"touchDistance":-0.981628,"touchZone":"hovering","type":1,"width":18.8641},{"bases":[[[0.530929,-0.815504,-0.230364],[0.809713,0.408018,0.421766],[-0.249959,-0.410456,0.876953]],[[0.52898,-0.818654,-0.223574],[0.456262,0.49649,-0.73846],[0.715546,0.288622,0.636154]],[[0.52898,-0.818654,-0.223574],[-0.515649,-0.100825,-0.850847],[0.674008,0.565367,-0.475473]],[[0.52898,-0.818654,-0.223574],[-0.795497,-0.386581,-0.466627],[0.295576,0.424689,-0.85573]]],"btipPosition":[-42.1873,311.274,11.9496],"carpPosition":[-1.44991,320.376,72.6536],"dipPosition":[-36.7703,319.057,-3.73329],"direction":[-0.674008,-0.565367,0.475473],"extended":false,"handId":987,"id":9872,"length":65.348,"mcpPosition":[15.5576,348.304,12.9846],"pipPosition":[-18.0784,334.736,-16.9194],"stabilizedTipPosition":[-49.1977,268.689,84.2224],"timeVisible":3.16975,"tipPosition":[-41.1141,312.798,8.96795],"tipVelocity":[22.0639,75.2633,-162.243],"tool":false,"touchDistance":0.333333,"touchZone":"none","type":2,"width":18.527},{"bases":[[[0.425798,-0.89544,-0.129937],[0.837195,0.335419,0.43197],[-0.34322,-0.292714,0.892479]],[[0.422693,-0.898037,-0.121902],[0.56415,0.366003,-0.740119],[0.709271,0.244072,0.661335]],[[0.422693,-0.898037,-0.121902],[-0.475171,-0.105072,-0.873598],[0.771714,0.427188,-0.471134]],[[0.422693,-0.898037,-0.121902],[-0.815644,-0.318334,-0.483103],[0.395039,0.303633,-0.867036]]],"btipPosition":[-32.1947,301.513,14.7648],"carpPosition":[5.79092,311.34,69.5758],"dipPosition":[-24.9965,307.045,-1.03393],"direction":[-0.771715,-0.427188,0.471134],"extended":false,"handId":987,"id":9873,"length":62.8339,"mcpPosition":[26.7581,329.221,15.0546],"pipPosition":[-4.14752,318.586,-13.7623],"stabilizedTipPosition":[-38.3858,246.587,117.539],"timeVisible":3.16975,"tipPosition":[-30.1893,302.561,12.7428],"tipVelocity":[19.4387,78.9783,-196.604],"tool":false,"touchDistance":0.333333,"touchZone":"none","type":3,"width":17.6296},{"bases":[[[0.238991,-0.96633,-0.0953443],[0.859597,0.164875,0.483641],[-0.451637,-0.197544,0.870058]],[[0.184828,-0.982749,0.00652001],[0.646275,0.116543,-0.754152],[0.740383,0.143602,0.656667]],[[0.184828,-0.982749,0.00652001],[-0.484721,-0.0969296,-0.869282],[0.854918,0.157507,-0.494274]],[[0.184828,-0.982749,0.00652001],[-0.860239,-0.164988,-0.48246],[0.475213,0.0835632,-0.875894]]],"btipPosition":[-16.9061,299.952,17.8867],"carpPosition":[7.38093,298.142,65.581],"dipPosition":[-8.9177,301.357,3.16275],"direction":[-0.854918,-0.157507,0.494274],"extended":false,"handId":987,"id":9874,"length":49.2606,"mcpPosition":[32.921,309.314,16.3792],"pipPosition":[7.38963,304.362,-6.26539],"stabilizedTipPosition":[-24.3197,246.828,115.269],"timeVisible":3.16975,"tipPosition":[-15.0275,300.206,15.1588],"tipVelocity":[19.998,75.4822,-203.147],"tool":false,"touchDistance":0.333333,"touchZone":"none","type":4,"width":15.66}],"r":[[0.860833,-0.317498,0.397696],[0.335006,0.941836,0.0267716],[-0.383064,0.110185,0.917127]],"s":1.05573,"t":[6.10306,31.3409,-56.8519],"timestamp":669526418186},false],[2,{"currentFrameRate":51.4775,"devices":[],"gestures":[],"hands":[{"armBasis":[[0.643541,-0.75789,-0.107035],[0.729493,0.649651,-0.213995],[0.23172,0.0596333,0.970953]],"armWidth":62.1429,"confidence":0.453715,"direction":[0.363159,0.477315,-0.800179],"elbow":[55.9548,319.666,323.739],"grabStrength":0.417767,"id":987,"palmNormal":[-0.688759,-0.440844,-0.575559],"palmPosition":[6.49744,332.894,24.7585],"palmVelocity":[39.9251,38.4535,-212.914],"palmWidth":88.738,"pinchStrength":0.787001,"r":[[0.861704,-0.324486,0.390097],[0.339658,0.940017,0.0316268],[-0.37696,0.105247,0.920231]],"s":1.05762,"sphereCenter":[-13.0599,310.418,-15.1027],"sphereRadius":43.9164,"stabilizedPalmPosition":[-10.3624,280.336,127.304],"t":[6.85985,32.0457,-60.8759],"timeVisible":3.18854,"type":"right","wrist":[-5.06127,303.963,68.0698]}],"id":4972000,"interactionBox":{"center":[0,200,0],"size":[235.247,235.247,147.751]},"pointables":[{"bases":[[[0.939404,0.18156,0.290787],[-0.338695,0.622636,0.705415],[-0.0529794,-0.761157,0.6464]],[[0.859211,0.510223,-0.037812],[-0.431649,0.762599,0.481791],[0.274656,-0.397638,0.87547]],[[0.859211,0.510223,-0.037812],[-0.508888,0.859913,0.039791],[0.0528173,-0.0149467,0.998492]],[[0.859211,0.510223,-0.037812],[-0.47756,0.773299,-0.417068],[-0.183558,0.376407,0.908088]]],"btipPosition":[-41.9107,330.125,-27.1807],"carpPosition":[-30.9731,318.861,69.3672],"dipPosition":[-46.1002,338.716,-6.4542],"direction":[-0.0528173,0.0149467,-0.998492],"extended":false,"handId":987,"id":9870,"length":50.8265,"mcpPosition":[-30.9731,318.861,69.3672],"pipPosition":[-44.344,338.219,26.7474],"stabilizedTipPosition":[-49.4308,290.365,44.9535],"timeVisible":3.18854,"tipPosition":[-42.2458,332.268,-22.1064],"tipVelocity":[14.2768,75.6675,-191.168],"tool":false,"touchDistance":-0.819864,"touchZone":"hovering","type":0,"width":19.7488},{"bases":[[[0.679544,-0.669216,-0.300616],[0.718617,0.524699,0.456378],[-0.147683,-0.526156,0.837466]],[[0.66132,-0.718582,-0.215164],[0.702049,0.693961,-0.159826],[0.264164,-0.0453596,0.96341]],[[0.66132,-0.718582,-0.215164],[0.64739,0.691661,-0.320142],[0.378869,0.0724211,0.922612]],[[0.66132,-0.718582,-0.215164],[0.603244,0.679977,-0.416806],[0.445816,0.145846,0.883163]]],"btipPosition":[-25.945,361.784,-66.2513],"carpPosition":[-9.11355,326.269,70.6657],"dipPosition":[-18.5165,364.214,-51.5354],"direction":[-0.378869,-0.0724211,-0.922612],"extended":true,"handId":987,"id":9871,"length":57.352,"mcpPosition":[1.4825,364.021,10.5786],"pipPosition":[-9.58574,365.921,-29.7874],"stabilizedTipPosition":[-32.4816,332.83,-22.8256],"timeVisible":3.18854,"tipPosition":[-25.4466,360.673,-61.7012],"tipVelocity":[36.9446,146.872,-199.032],"tool":false,"touchDistance":-0.975214,"touchZone":"hovering","type":1,"width":18.8641},{"bases":[[[0.520813,-0.813727,-0.258074],[0.81974,0.392327,0.41726],[-0.238286,-0.428869,0.871373]],[[0.518961,-0.817008,-0.25135],[0.448831,0.510696,-0.733308],[0.727482,0.267745,0.63173]],[[0.518961,-0.817008,-0.25135],[-0.529527,-0.0764414,-0.844842],[0.671029,0.571537,-0.472298]],[[0.518961,-0.817008,-0.25135],[-0.805834,-0.369515,-0.4627],[0.285152,0.442669,-0.850137]]],"btipPosition":[-41.5823,312.125,7.06424],"carpPosition":[0.236847,319.493,67.3712],"dipPosition":[-36.3563,320.238,-8.51613],"direction":[-0.671029,-0.571537,0.472298],"extended":false,"handId":987,"id":9872,"length":65.348,"mcpPosition":[16.4502,348.674,8.08182],"pipPosition":[-17.7469,336.088,-21.6142],"stabilizedTipPosition":[-49.0637,269.378,82.995],"timeVisible":3.18854,"tipPosition":[-40.537,313.713,4.11354],"tipVelocity":[25.8753,62.597,-209.388],"tool":false,"touchDistance":0.333333,"touchZone":"none","type":2,"width":18.527},{"bases":[[[0.416784,-0.895213,-0.157747],[0.846841,0.319316,0.425321],[-0.330382,-0.310854,0.891189]],[[0.413529,-0.898214,-0.149014],[0.558079,0.379367,-0.737989],[0.719404,0.222018,0.658154]],[[0.413529,-0.898214,-0.149014],[-0.485841,-0.0792693,-0.870445],[0.770034,0.432351,-0.46917]],[[0.413529,-0.898214,-0.149014],[-0.824103,-0.299663,-0.480683],[0.387102,0.321579,-0.86414]]],"btipPosition":[-31.6648,302.255,9.2641],"carpPosition":[7.35655,310.479,63.9635],"dipPosition":[-24.6112,308.114,-6.4819],"direction":[-0.770034,-0.432351,0.46917],"extended":false,"handId":987,"id":9873,"length":62.8339,"mcpPosition":[27.5395,329.469,9.52109],"pipPosition":[-3.80769,319.795,-19.1572],"stabilizedTipPosition":[-38.3312,246.961,116.806],"timeVisible":3.18854,"tipPosition":[-29.6888,303.342,7.21],"tipVelocity":[22.8546,61.6543,-243.262],"tool":false,"touchDistance":0.333333,"touchZone":"none","type":3,"width":17.6296},{"bases":[[[0.230054,-0.965547,-0.121634],[0.868819,0.147465,0.47266],[-0.438439,-0.214415,0.87281]],[[0.176834,-0.984076,-0.0180273],[0.639706,0.128834,-0.757746],[0.748002,0.122463,0.652301]],[[0.176834,-0.984076,-0.0180273],[-0.492022,-0.0725215,-0.867557],[0.852434,0.162284,-0.497011]],[[0.176834,-0.984076,-0.0180273],[-0.865704,-0.146797,-0.478548],[0.468281,0.10023,-0.877876]]],"btipPosition":[-16.3527,300.489,12.0253],"carpPosition":[8.77956,297.367,59.6392],"dipPosition":[-8.48078,302.174,-2.73196],"direction":[-0.852434,-0.162284,0.497011],"extended":false,"handId":987,"id":9874,"length":49.2606,"mcpPosition":[33.5733,309.492,10.2817],"pipPosition":[7.77916,305.269,-12.2123],"stabilizedTipPosition":[-24.2711,247.096,114.74],"timeVisible":3.18854,"tipPosition":[-14.4778,300.787,9.3598],"tipVelocity":[23.9212,54.2371,-256.499],"tool":false,"touchDistance":0.333333,"touchZone":"none","type":4,"width":15.66}],"r":[[0.861704,-0.324486,0.390097],[0.339658,0.940017,0.0316268],[-0.37696,0.105247,0.920231]],"s":1.05762,"t":[6.85985,32.0457,-60.8759],"timestamp":669526436973},false],[3,{"currentFrameRate":51.5425,"devices":[],"gestures":[],"hands":[{"armBasis":[[0.627841,-0.769883,-0.114433],[0.732269,0.634091,-0.248417],[0.263813,0.0721708,0.96187]],"armWidth":62.1429,"confidence":0.473397,"direction":[0.368932,0.471469,-0.801003],"elbow":[64.2261,322.783,317.55],"grabStrength":0.406381,"id":987,"palmNormal":[-0.701029,-0.424711,-0.572869],"palmPosition":[6.69847,332.564,20.9677],"palmVelocity":[25.3523,10.903,-205.452],"palmWidth":88.738,"pinchStrength":0.788278,"r":[[0.861348,-0.333878,0.38289],[0.347413,0.937038,0.0355524],[-0.370652,0.102398,0.92311]],"s":1.05958,"sphereCenter":[-13.5788,310.644,-18.8963],"sphereRadius":43.9749,"stabilizedPalmPosition":[-10.3027,280.519,126.932],"t":[7.33877,32.2334,-64.7833],"timeVisible":3.2077,"type":"right","wrist":[-5.24038,303.779,64.2727]}],"id":4972001,"interactionBox":{"center":[0,200,0],"size":[235.247,235.247,147.751]},"pointables":[{"bases":[[[0.944587,0.160869,0.286142],[-0.321625,0.627945,0.70869],[-0.0656751,-0.76145,0.644888]],[[0.869573,0.492068,-0.0413654],[-0.412986,0.770622,0.48537],[0.270712,-0.404982,0.87333]],[[0.869573,0.492068,-0.0413654],[-0.490387,0.870359,0.044677],[0.0579869,-0.0185648,0.998145]],[[0.869573,0.492068,-0.0413654],[-0.463908,0.785353,-0.40989],[-0.169208,0.375619,0.911196]]],"btipPosition":[-42.0678,330.979,-30.7584],"carpPosition":[-30.8228,319.22,65.7447],"dipPosition":[-45.9298,339.553,-9.96093],"direction":[-0.0579869,0.0185648,-0.998145],"extended":false,"handId":987,"id":9870,"length":50.8265,"mcpPosition":[-30.8228,319.22,65.7447],"pipPosition":[-44.0016,338.935,23.2291],"stabilizedTipPosition":[-49.3434,290.94,43.9953],"timeVisible":3.2077,"tipPosition":[-42.3319,333.094,-25.6651],"tipVelocity":[5.09537,60.1866,-188.542],"tool":false,"touchDistance":-0.819631,"touchZone":"hovering","type":0,"width":19.7488},{"bases":[[[0.663566,-0.682744,-0.305846],[0.732023,0.508207,0.453726],[-0.154345,-0.524963,0.837013]],[[0.644907,-0.731607,-0.221012],[0.71731,0.679223,-0.155314],[0.263745,-0.0583709,0.962825]],[[0.644907,-0.731607,-0.221012],[0.664795,0.679663,-0.310009],[0.377018,0.0529993,0.924688]],[[0.644907,-0.731607,-0.221012],[0.622311,0.670558,-0.403834],[0.443649,0.122897,0.887734]]],"btipPosition":[-25.0603,362.974,-70.0424],"carpPosition":[-8.80421,326.16,66.9427],"dipPosition":[-17.6679,365.022,-55.2503],"direction":[-0.377018,-0.0529993,-0.924688],"extended":true,"handId":987,"id":9871,"length":57.352,"mcpPosition":[2.26989,363.825,6.88808],"pipPosition":[-8.78079,366.271,-33.4534],"stabilizedTipPosition":[-31.6191,335.725,-26.9682],"timeVisible":3.2077,"tipPosition":[-24.6039,361.828,-65.5479],"tipVelocity":[41.2986,102.635,-197.996],"tool":false,"touchDistance":-0.962629,"touchZone":"hovering","type":1,"width":18.8641},{"bases":[[[0.502032,-0.823957,-0.262788],[0.830102,0.373816,0.413754],[-0.242681,-0.425859,0.871637]],[[0.500152,-0.827206,-0.256081],[0.456776,0.503264,-0.73354],[0.735665,0.24991,0.629557]],[[0.500152,-0.827206,-0.256081],[-0.534593,-0.0623184,-0.842809],[0.681218,0.558432,-0.473387]],[[0.500152,-0.827206,-0.256081],[-0.81571,-0.350816,-0.459941],[0.290629,0.438928,-0.850222]]],"btipPosition":[-41.9052,312.892,3.39094],"carpPosition":[0.382473,319.195,63.5819],"dipPosition":[-36.5789,320.936,-12.191],"direction":[-0.681218,-0.558432,0.473387],"extended":false,"handId":987,"id":9872,"length":65.348,"mcpPosition":[16.8948,348.171,4.27463],"pipPosition":[-17.687,336.423,-25.3192],"stabilizedTipPosition":[-48.9925,269.763,82.2891],"timeVisible":3.2077,"tipPosition":[-40.8327,314.468,0.446657],"tipVelocity":[5.31464,51.0213,-200.643],"tool":false,"touchDistance":0.333333,"touchZone":"none","type":2,"width":18.527},{"bases":[[[0.396833,-0.903465,-0.162093],[0.85569,0.300227,0.421496],[-0.332142,-0.305966,0.892226]],[[0.393392,-0.906568,-0.152897],[0.56442,0.369425,-0.73821],[0.725722,0.204108,0.657014]],[[0.393392,-0.906568,-0.152897],[-0.489022,-0.0655068,-0.869808],[0.778524,0.416946,-0.469102]],[[0.393392,-0.906568,-0.152897],[-0.831593,-0.279961,-0.47966],[0.392039,0.315843,-0.86403]]],"btipPosition":[-32.2176,302.818,5.39782],"carpPosition":[7.29088,310.04,60.1148],"dipPosition":[-25.074,308.573,-10.3462],"direction":[-0.778524,-0.416946,0.469102],"extended":false,"handId":987,"id":9873,"length":62.8339,"mcpPosition":[27.5813,328.731,5.609],"pipPosition":[-4.04112,319.838,-23.0196],"stabilizedTipPosition":[-38.304,247.161,116.403],"timeVisible":3.2077,"tipPosition":[-30.2344,303.874,3.30951],"tipVelocity":[-2.20995,45.0686,-222.711],"tool":false,"touchDistance":0.333333,"touchZone":"none","type":3,"width":17.6296},{"bases":[[[0.208848,-0.969909,-0.125139],[0.874267,0.127832,0.468313],[-0.438224,-0.207211,0.874656]],[[0.155044,-0.987708,-0.0198367],[0.644744,0.116381,-0.755487],[0.74851,0.104344,0.654863]],[[0.155044,-0.987708,-0.0198367],[-0.48887,-0.0592603,-0.870341],[0.858468,0.144639,-0.492049]],[[0.155044,-0.987708,-0.0198367],[-0.866982,-0.126412,-0.482039],[0.473607,0.0919355,-0.875925]]],"btipPosition":[-16.9545,300.727,7.81796],"carpPosition":[8.41205,296.911,55.752],"dipPosition":[-8.99305,302.272,-6.9065],"direction":[-0.858468,-0.144639,0.492049],"extended":false,"handId":987,"id":9874,"length":49.2606,"mcpPosition":[33.1936,308.629,6.29014],"pipPosition":[7.38199,305.031,-16.2922],"stabilizedTipPosition":[-24.2491,247.226,114.474],"timeVisible":3.2077,"tipPosition":[-15.0486,300.983,5.25096],"tipVelocity":[-2.94068,32.7006,-238.024],"tool":false,"touchDistance":0.333333,"touchZone":"none","type":4,"width":15.66}],"r":[[0.861348,-0.333878,0.38289],[0.347413,0.937038,0.0355524],[-0.370652,0.102398,0.92311]],"s":1.05958,"t":[7.33877,32.2334,-64.7833],"timestamp":669526456134},false],[4,{"currentFrameRate":51.7854,"devices":[],"gestures":[],"hands":[{"armBasis":[[0.625119,-0.77113,-0.120768],[0.740787,0.634888,-0.219437],[0.245888,0.0477106,0.968123]],"armWidth":62.1429,"confidence":0.485251,"direction":[0.36444,0.4634,-0.80774],"elbow":[60.3107,316.424,316.777],"grabStrength":0.393773,"id":987,"palmNormal":[-0.701279,-0.434121,-0.565462],"palmPosition":[7.24728,332.179,18.172],"palmVelocity":[27.4948,-4.4293,-179.626],"palmWidth":88.738,"pinchStrength":0.789989,"r":[[0.861506,-0.339794,0.377289],[0.352911,0.934956,0.0361995],[-0.36505,0.101963,0.925388]],"s":1.06183,"sphereCenter":[-13.1218,309.792,-21.3987],"sphereRadius":44.0189,"stabilizedPalmPosition":[-10.273,280.607,126.747],"t":[7.85262,32.1344,-68.1348],"timeVisible":3.22612,"type":"right","wrist":[-4.43606,303.86,61.853]}],"id":4972002,"interactionBox":{"center":[0,200,0],"size":[235.247,235.247,147.751]},"pointables":[{"bases":[[[0.944902,0.167851,0.281044],[-0.321698,0.635022,0.702323],[-0.0605829,-0.754038,0.654031]],[[0.867464,0.494961,-0.0501905],[-0.414652,0.775064,0.476801],[0.274899,-0.392797,0.877577]],[[0.867464,0.494961,-0.0501905],[-0.493725,0.868894,0.0354718],[0.0611674,-0.00599024,0.99811]],[[0.867464,0.494961,-0.0501905],[-0.468702,0.779256,-0.416028],[-0.166806,0.384414,0.907966]]],"btipPosition":[-41.6824,329.767,-33.4057],"carpPosition":[-30.073,319.22,63.2292],"dipPosition":[-45.4896,338.541,-12.682],"direction":[-0.0611674,0.00599024,-0.99811],"extended":false,"handId":987,"id":9870,"length":50.8265,"mcpPosition":[-30.073,319.22,63.2292],"pipPosition":[-43.4557,338.342,20.5069],"stabilizedTipPosition":[-49.3032,291.182,43.5653],"timeVisible":3.22612,"tipPosition":[-41.9553,331.943,-28.3286],"tipVelocity":[13.048,0.713814,-167.422],"tool":false,"touchDistance":-0.805965,"touchZone":"hovering","type":0,"width":19.7488},{"bases":[[[0.665185,-0.683755,-0.300015],[0.731553,0.516325,0.44524],[-0.149529,-0.515644,0.843654]],[[0.647175,-0.731317,-0.215268],[0.715837,0.680081,-0.158328],[0.262188,-0.051631,0.963635]],[[0.647175,-0.731317,-0.215268],[0.665497,0.679708,-0.308401],[0.371858,0.056329,0.926579]],[[0.647175,-0.731317,-0.215268],[0.624811,0.670621,-0.399849],[0.436779,0.12427,0.890944]]],"btipPosition":[-24.378,362.019,-73.3223],"carpPosition":[-8.07764,326.258,64.2713],"dipPosition":[-17.1,364.09,-58.4768],"direction":[-0.371858,-0.056329,-0.926579],"extended":true,"handId":987,"id":9871,"length":57.352,"mcpPosition":[2.65092,363.254,3.74012],"pipPosition":[-8.33451,365.418,-36.6353],"stabilizedTipPosition":[-31.176,337.055,-29.1028],"timeVisible":3.22612,"tipPosition":[-23.9524,360.897,-68.8559],"tipVelocity":[38.5671,28.3884,-188.1],"tool":false,"touchDistance":-0.943714,"touchZone":"hovering","type":1,"width":18.8641},{"bases":[[[0.504343,-0.825069,-0.254753],[0.830019,0.381848,0.406523],[-0.238132,-0.416477,0.877405]],[[0.502503,-0.828238,-0.248018],[0.453321,0.496674,-0.740145],[0.736201,0.259493,0.625038]],[[0.502503,-0.828238,-0.248018],[-0.536364,-0.0736489,-0.840767],[0.678089,0.555516,-0.481246]],[[0.502503,-0.828238,-0.248018],[-0.815666,-0.359033,-0.453635],[0.286671,0.430252,-0.855981]]],"btipPosition":[-41.3383,312.137,0.914268],"carpPosition":[1.12473,319.288,60.9618],"dipPosition":[-36.0845,320.022,-14.7732],"direction":[-0.678089,-0.555516,0.481246],"extended":false,"handId":987,"id":9872,"length":65.348,"mcpPosition":[17.3275,347.626,1.26202],"pipPosition":[-17.2794,335.428,-28.1194],"stabilizedTipPosition":[-48.9587,269.931,81.9648],"timeVisible":3.22612,"tipPosition":[-40.2737,313.685,-2.04722],"tipVelocity":[17.1427,5.7521,-169.426],"tool":false,"touchDistance":0.333333,"touchZone":"none","type":2,"width":18.527},{"bases":[[[0.399788,-0.903786,-0.152775],[0.855916,0.308454,0.415046],[-0.327988,-0.296693,0.896882]],[[0.396293,-0.906876,-0.143271],[0.561256,0.362785,-0.743895],[0.726597,0.214389,0.652759]],[[0.396293,-0.906876,-0.143271],[-0.490614,-0.0772715,-0.867944],[0.776047,0.414252,-0.475549]],[[0.396293,-0.906876,-0.143271],[-0.831633,-0.288444,-0.474538],[0.389022,0.307206,-0.868497]]],"btipPosition":[-31.6215,302.114,3.0191],"carpPosition":[8.05697,310.12,57.5795],"dipPosition":[-24.5329,307.712,-12.8063],"direction":[-0.776047,-0.414252,0.475549],"extended":false,"handId":987,"id":9873,"length":62.8339,"mcpPosition":[28.0937,328.245,2.78929],"pipPosition":[-3.56691,318.903,-25.6539],"stabilizedTipPosition":[-38.2911,247.249,116.221],"timeVisible":3.22612,"tipPosition":[-29.6534,303.158,0.878375],"tipVelocity":[14.1101,4.00891,-178.162],"tool":false,"touchDistance":0.333333,"touchZone":"none","type":3,"width":17.6296},{"bases":[[[0.212185,-0.970509,-0.114407],[0.875316,0.136695,0.463827],[-0.434509,-0.19856,0.878508]],[[0.158029,-0.987408,-0.00722597],[0.64605,0.108926,-0.755483],[0.746757,0.11472,0.655129]],[[0.158029,-0.987408,-0.00722597],[-0.485336,-0.0712983,-0.871416],[0.859928,0.141216,-0.490492]],[[0.158029,-0.987408,-0.00722597],[-0.865215,-0.134939,-0.482901],[0.475845,0.0825647,-0.875645]]],"btipPosition":[-16.3671,300.136,5.17254],"carpPosition":[9.21447,296.945,53.368],"dipPosition":[-8.36809,301.524,-9.54722],"direction":[-0.859928,-0.141216,0.490492],"extended":false,"handId":987,"id":9874,"length":49.2606,"mcpPosition":[33.786,308.174,3.68829],"pipPosition":[8.0348,304.218,-18.9032],"stabilizedTipPosition":[-24.2387,247.283,114.354],"timeVisible":3.22612,"tipPosition":[-14.4445,300.36,2.6492],"tipVelocity":[14.0586,0.573174,-192.557],"tool":false,"touchDistance":0.333333,"touchZone":"none","type":4,"width":15.66}],"r":[[0.861506,-0.339794,0.377289],[0.352911,0.934956,0.0361995],[-0.36505,0.101963,0.925388]],"s":1.06183,"t":[7.85262,32.1344,-68.1348],"timestamp":669526474549},false],[5,{"currentFrameRate":51.874,"devices":[],"gestures":[],"hands":[{"armBasis":[[0.62828,-0.769984,-0.111303],[0.74228,0.636123,-0.210638],[0.23299,0.0497212,0.971207]],"armWidth":62.1429,"confidence":0.488441,"direction":[0.363733,0.456061,-0.812223],"elbow":[57.0204,317.749,315.744],"grabStrength":0.381145,"id":987,"palmNormal":[-0.69824,-0.443664,-0.561804],"palmPosition":[7.30003,332.541,16.0347],"palmVelocity":[15.3533,7.12541,-146.778],"palmWidth":88.738,"pinchStrength":0.791252,"r":[[0.861784,-0.342869,0.373857],[0.356411,0.933684,0.0347257],[-0.36097,0.10332,0.926836]],"s":1.0643,"sphereCenter":[-12.9311,309.686,-23.359],"sphereRadius":44.0695,"stabilizedPalmPosition":[-10.2584,280.65,126.656],"t":[8.13593,32.2658,-70.8792],"timeVisible":3.24507,"type":"right","wrist":[-4.33004,304.657,60.0086]}],"id":4972003,"interactionBox":{"center":[0,200,0],"size":[235.247,235.247,147.751]},"pointables":[{"bases":[[[0.943607,0.175378,0.280799],[-0.325902,0.641305,0.694633],[-0.0582545,-0.746974,0.662296]],[[0.865301,0.498326,-0.0540944],[-0.419244,0.778657,0.466826],[0.274753,-0.381266,0.882693]],[[0.865301,0.498326,-0.0540944],[-0.497744,0.866972,0.0247036],[0.0592087,0.00554914,0.99823]],[[0.865301,0.498326,-0.0540944],[-0.471694,0.773006,-0.424224],[-0.169586,0.392597,0.90394]]],"btipPosition":[-41.5141,329.326,-35.6275],"carpPosition":[-30.0405,319.911,61.1687],"dipPosition":[-45.3848,338.287,-14.9956],"direction":[-0.0592087,-0.00554914,-0.99823],"extended":false,"handId":987,"id":9870,"length":50.8265,"mcpPosition":[-30.0405,319.911,61.1687],"pipPosition":[-43.416,338.472,18.1973],"stabilizedTipPosition":[-49.284,291.294,43.3579],"timeVisible":3.24507,"tipPosition":[-41.8237,331.55,-30.5694],"tipVelocity":[10.6208,-9.95111,-143.309],"tool":false,"touchDistance":-0.787346,"touchZone":"hovering","type":0,"width":19.7488},{"bases":[[[0.668889,-0.683948,-0.291209],[0.728348,0.524662,0.440725],[-0.148647,-0.506898,0.849093]],[[0.651048,-0.730441,-0.206376],[0.71473,0.681485,-0.157289],[0.255532,-0.0451008,0.965748]],[[0.651048,-0.730441,-0.206376],[0.667225,0.680362,-0.303181],[0.361866,0.0596862,0.930317]],[[0.651048,-0.730441,-0.206376],[0.628718,0.671288,-0.392539],[0.425264,0.125809,0.896282]]],"btipPosition":[-23.7373,361.818,-76.079],"carpPosition":[-8.0799,327.062,62.1704],"dipPosition":[-16.6512,363.914,-61.1445],"direction":[-0.361866,-0.0596862,-0.930317],"extended":true,"handId":987,"id":9871,"length":57.352,"mcpPosition":[2.58534,363.431,1.24907],"pipPosition":[-8.12123,365.321,-39.2149],"stabilizedTipPosition":[-30.9457,337.696,-30.2083],"timeVisible":3.24507,"tipPosition":[-23.3638,360.726,-71.637],"tipVelocity":[35.0835,9.37575,-166.617],"tool":false,"touchDistance":-0.91872,"touchZone":"hovering","type":1,"width":18.8641},{"bases":[[[0.508625,-0.825497,-0.244653],[0.827506,0.390223,0.403683],[-0.23777,-0.407775,0.881581]],[[0.506791,-0.828593,-0.237901],[0.453173,0.490823,-0.744128],[0.733346,0.269307,0.624241]],[[0.506791,-0.828593,-0.237901],[-0.533808,-0.0849347,-0.841329],[0.676913,0.553371,-0.485354]],[[0.506791,-0.828593,-0.237901],[-0.812993,-0.367598,-0.451569],[0.286715,0.422263,-0.859935]]],"btipPosition":[-41.1611,312.1,-1.15284],"carpPosition":[1.16064,320.1,58.9549],"dipPosition":[-35.9065,319.839,-16.9128],"direction":[-0.676913,-0.553371,0.485354],"extended":false,"handId":987,"id":9872,"length":65.348,"mcpPosition":[17.3388,347.845,-1.02894],"pipPosition":[-17.1339,335.186,-30.3729],"stabilizedTipPosition":[-48.9425,270.01,81.809],"timeVisible":3.24507,"tipPosition":[-40.091,313.624,-4.12708],"tipVelocity":[13.319,1.11095,-140.203],"tool":false,"touchDistance":0.333333,"touchZone":"none","type":2,"width":18.527},{"bases":[[[0.404254,-0.903559,-0.141985],[0.853729,0.31705,0.413069],[-0.328216,-0.288202,0.899563]],[[0.400678,-0.906625,-0.132243],[0.561488,0.357033,-0.746498],[0.724008,0.224853,0.652114]],[[0.400678,-0.906625,-0.132243],[-0.487849,-0.0889375,-0.868386],[0.775539,0.412458,-0.477931]],[[0.400678,-0.906625,-0.132243],[-0.829058,-0.297323,-0.473563],[0.390025,0.299383,-0.870776]]],"btipPosition":[-31.4149,302.137,1.09701],"carpPosition":[8.14144,310.927,55.6872],"dipPosition":[-24.308,307.592,-14.7699],"direction":[-0.775539,-0.412458,0.477931],"extended":false,"handId":987,"id":9873,"length":62.8339,"mcpPosition":[28.192,328.533,0.733218],"pipPosition":[-3.35576,318.735,-27.6819],"stabilizedTipPosition":[-38.2848,247.29,116.134],"timeVisible":3.24507,"tipPosition":[-29.4515,303.17,-1.08091],"tipVelocity":[12.6427,1.77989,-140.703],"tool":false,"touchDistance":0.333333,"touchZone":"none","type":3,"width":17.6296},{"bases":[[[0.216894,-0.970725,-0.103202],[0.873839,0.145938,0.463797],[-0.435158,-0.190777,0.87991]],[[0.161974,-0.986781,0.00532375],[0.651152,0.102826,-0.751949],[0.741462,0.125263,0.659199]],[[0.161974,-0.986781,0.00532375],[-0.477219,-0.0830528,-0.874851],[0.863728,0.139163,-0.484363]],[[0.161974,-0.986781,0.00532375],[-0.860807,-0.14393,-0.488155],[0.482468,0.0744859,-0.872741]]],"btipPosition":[-16.1785,300.273,3.04417],"carpPosition":[9.36765,297.711,51.625],"dipPosition":[-8.0681,301.526,-11.6268],"direction":[-0.863728,-0.139163,0.484363],"extended":false,"handId":987,"id":9874,"length":49.2606,"mcpPosition":[33.9759,308.5,1.866],"pipPosition":[8.40727,304.18,-20.8659],"stabilizedTipPosition":[-24.2337,247.31,114.297],"timeVisible":3.24507,"tipPosition":[-14.2282,300.473,0.573363],"tipVelocity":[12.7061,3.03836,-152.835],"tool":false,"touchDistance":0.333333,"touchZone":"none","type":4,"width":15.66}],"r":[[0.861784,-0.342869,0.373857],[0.356411,0.933684,0.0347257],[-0.36097,0.10332,0.926836]],"s":1.0643,"t":[8.13593,32.2658,-70.8792],"timestamp":669526493501},false],[6,{"currentFrameRate":51.9912,"devices":[],"gestures":[],"hands":[{"armBasis":[[0.623236,-0.776147,-0.0957705],[0.745948,0.626774,-0.225201],[0.234816,0.0689138,0.969594]],"armWidth":62.1429,"confidence":0.510706,"direction":[0.37095,0.44789,-0.813505],"elbow":[56.7722,322.63,312.538],"grabStrength":0.371585,"id":987,"palmNormal":[-0.701302,-0.439125,-0.561555],"palmPosition":[6.99651,332.011,13.1432],"palmVelocity":[-0.0362978,-10.1169,-150.195],"palmWidth":88.738,"pinchStrength":0.792183,"r":[[0.861032,-0.346778,0.371979],[0.361171,0.931924,0.0327745],[-0.358022,0.106128,0.927662]],"s":1.06658,"sphereCenter":[-13.3909,309.217,-26.2252],"sphereRadius":44.1051,"stabilizedPalmPosition":[-10.252,280.669,126.614],"t":[8.12583,32.0668,-73.6972],"timeVisible":3.26387,"type":"right","wrist":[-5.05893,304.484,57.227]}],"id":4972004,"interactionBox":{"center":[0,200,0],"size":[235.247,235.247,147.751]},"pointables":[{"bases":[[[0.944606,0.166767,0.282681],[-0.321051,0.648378,0.690313],[-0.0681631,-0.742829,0.666003]],[[0.870877,0.488543,-0.0538378],[-0.412372,0.785876,0.460811],[0.267436,-0.379109,0.885864]],[[0.870877,0.488543,-0.0538378],[-0.488309,0.872478,0.0183314],[0.055928,0.010325,0.998381]],[[0.870877,0.488543,-0.0538378],[-0.462114,0.776572,-0.428237],[-0.167404,0.397821,0.902061]]],"btipPosition":[-41.6663,329.05,-38.6814],"carpPosition":[-30.6081,320.017,58.2313],"dipPosition":[-45.4872,338.13,-18.0924],"direction":[-0.055928,-0.010325,-0.998381],"extended":false,"handId":987,"id":9870,"length":50.8265,"mcpPosition":[-30.6081,320.017,58.2313],"pipPosition":[-43.6275,338.473,15.1055],"stabilizedTipPosition":[-49.2755,291.344,43.2611],"timeVisible":3.26387,"tipPosition":[-41.9956,331.292,-33.6292],"tipVelocity":[1.77353,-11.5661,-152.897],"tool":false,"touchDistance":-0.7829,"touchZone":"hovering","type":0,"width":19.7488},{"bases":[[[0.662387,-0.692564,-0.285655],[0.732627,0.519161,0.440146],[-0.156528,-0.500826,0.851277]],[[0.643913,-0.738205,-0.201072],[0.723675,0.672943,-0.153108],[0.248334,-0.0469226,0.967537]],[[0.643913,-0.738205,-0.201072],[0.678553,0.672416,-0.295674],[0.353472,0.0539508,0.933888]],[[0.643913,-0.738205,-0.201072],[0.641748,0.664205,-0.383394],[0.416576,0.117835,0.901432]]],"btipPosition":[-23.0231,361.603,-79.3901],"carpPosition":[-8.57539,326.939,59.261],"dipPosition":[-16.0818,363.567,-64.3698],"direction":[-0.353472,-0.0539508,-0.933888],"extended":true,"handId":987,"id":9871,"length":57.352,"mcpPosition":[2.65532,362.873,-1.81709],"pipPosition":[-7.74967,364.839,-42.356],"stabilizedTipPosition":[-30.8246,338.006,-30.7901],"timeVisible":3.26387,"tipPosition":[-22.6924,360.532,-74.9824],"tipVelocity":[35.6345,-1.57333,-170.731],"tool":false,"touchDistance":-0.904551,"touchZone":"hovering","type":1,"width":18.8641},{"bases":[[[0.500484,-0.832149,-0.238839],[0.83045,0.383479,0.404099],[-0.244681,-0.400589,0.882983]],[[0.4986,-0.835184,-0.232089],[0.461279,0.482326,-0.744703],[0.733907,0.264252,0.625741]],[[0.4986,-0.835184,-0.232089],[-0.531625,-0.0831471,-0.842889],[0.68467,0.543649,-0.485462]],[[0.4986,-0.835184,-0.232089],[-0.815396,-0.361033,-0.452531],[0.294155,0.414877,-0.861017]]],"btipPosition":[-41.6298,312.016,-4.14169],"carpPosition":[0.599538,319.861,56.1092],"dipPosition":[-36.2388,319.619,-19.9215],"direction":[-0.68467,-0.543649,0.485462],"extended":false,"handId":987,"id":9872,"length":65.348,"mcpPosition":[17.2479,347.118,-3.97007],"pipPosition":[-17.2512,334.696,-33.3846],"stabilizedTipPosition":[-48.9358,270.044,81.7387],"timeVisible":3.26387,"tipPosition":[-40.5284,313.515,-7.11997],"tipVelocity":[-4.55343,-2.43786,-149.481],"tool":false,"touchDistance":0.333333,"touchZone":"none","type":2,"width":18.527},{"bases":[[[0.394985,-0.908554,-0.136076],[0.855862,0.310081,0.413944],[-0.333896,-0.279964,0.900074]],[[0.391257,-0.911604,-0.126082],[0.569576,0.347482,-0.744875],[0.722842,0.219624,0.655183]],[[0.391257,-0.911604,-0.126082],[-0.48357,-0.0870855,-0.870963],[0.782993,0.401739,-0.474897]],[[0.391257,-0.911604,-0.126082],[-0.829734,-0.290173,-0.476802],[0.398069,0.291166,-0.869921]]],"btipPosition":[-32.0151,301.972,-1.94259],"carpPosition":[7.49138,310.598,52.9101],"dipPosition":[-24.7617,307.277,-17.7939],"direction":[-0.782993,-0.401739,0.474897],"extended":false,"handId":987,"id":9873,"length":62.8339,"mcpPosition":[27.889,327.7,-2.07514],"pipPosition":[-3.60801,318.131,-30.6239],"stabilizedTipPosition":[-38.2822,247.309,116.093],"timeVisible":3.26387,"tipPosition":[-30.04,302.977,-4.13472],"tipVelocity":[-8.25666,-4.27942,-150.844],"tool":false,"touchDistance":0.333333,"touchZone":"none","type":3,"width":17.6296},{"bases":[[[0.206807,-0.973512,-0.0975003],[0.873994,0.139032,0.465622],[-0.439733,-0.181509,0.879596]],[[0.150912,-0.988476,0.0118842],[0.657087,0.0913225,-0.748262],[0.738554,0.120731,0.663296]],[[0.150912,-0.988476,0.0118842],[-0.471571,-0.0825511,-0.877955],[0.868819,0.12689,-0.478595]],[[0.150912,-0.988476,0.0118842],[-0.859008,-0.137077,-0.49327],[0.489214,0.0642319,-0.869795]]],"btipPosition":[-16.8096,299.949,0.0564756],"carpPosition":[8.58811,297.349,48.9204],"dipPosition":[-8.58577,301.029,-14.5649],"direction":[-0.868819,-0.12689,0.478595],"extended":false,"handId":987,"id":9874,"length":49.2606,"mcpPosition":[33.4551,307.613,-0.820855],"pipPosition":[7.98671,303.45,-23.694],"stabilizedTipPosition":[-24.2316,247.322,114.269],"timeVisible":3.26387,"tipPosition":[-14.8368,300.111,-2.39066],"tipVelocity":[-9.2242,-7.89633,-155.496],"tool":false,"touchDistance":0.333333,"touchZone":"none","type":4,"width":15.66}],"r":[[0.861032,-