{"sensorType":"Leap","data":[[0,{"currentFrameRate":51.9271,"devices":[],"gestures":[{"center":[-28.5965,289.006,-35.0928],"duration":37659,"handIds":[987],"id":4,"normal":[-0.966435,0.0174221,0.256321],"pointableIds":[9871],"progress":0.877312,"radius":30.3001,"state":"update","type":"circle"}],"hands":[{"armBasis":[[0.727916,-0.667648,-0.156155],[0.64461,0.74397,-0.176029],[0.2337,0.0274751,0.971921]],"armWidth":62.1429,"confidence":0.611046,"direction":[0.255958,0.317274,-0.913139],"elbow":[57.0156,300.452,348.318],"grabStrength":0,"id":987,"palmNormal":[-0.605373,-0.683839,-0.407292],"palmPosition":[0.804749,311.93,42.7158],"palmVelocity":[24.101,151.51,-232.114],"palmWidth":88.738,"pinchStrength":0.685916,"r":[[0.922796,-0.0357068,0.383631],[0.132279,0.964536,-0.228411],[-0.361871,0.261523,0.894793]],"s":1.1713,"sphereCenter":[-18.1079,276.498,6.80917],"sphereRadius":48.944,"stabilizedPalmPosition":[3.28795,283.295,83.1492],"t":[1.46351,8.93187,-42.5697],"timeVisible":8.73525,"type":"right","wrist":[-4.52162,293.217,92.3942]}],"id":4972293,"interactionBox":{"center":[0,200,0],"size":[235.247,235.247,147.751]},"pointables":[{"bases":[[[0.89468,0.409164,0.179256],[-0.435704,0.710783,0.552222],[0.0985375,-0.572165,0.814198]],[[0.841131,0.539925,-0.0313012],[-0.491502,0.78728,0.372312],[0.225663,-0.297779,0.92758]],[[0.841131,0.539925,-0.0313012],[-0.540235,0.841513,-0.00175139],[0.0253947,0.0183831,0.999508]],[[0.841131,0.539925,-0.0313012],[-0.536769,0.826334,-0.170444],[-0.0661618,0.160167,0.98487]]],"btipPosition":[-43.0259,313.453,-9.24567],"carpPosition":[-32.7058,303.223,91.6253],"dipPosition":[-44.536,317.108,13.2334],"direction":[-0.0253947,-0.0183831,-0.999508],"extended":false,"handId":987,"id":9870,"length":50.8265,"mcpPosition":[-32.7058,303.223,91.6253],"pipPosition":[-43.6915,317.72,46.4688],"stabilizedTipPosition":[-40.0587,282.502,37.5501],"timeVisible":8.73525,"tipPosition":[-42.7482,314.914,-3.90701],"tipVelocity":[13.3362,198.091,-228.097],"tool":false,"touchDistance":-0.487248,"touchZone":"hovering","type":0,"width":19.7488},{"bases":[[[0.78594,-0.594441,-0.170111],[0.617334,0.739035,0.269678],[-0.03459,-0.316966,0.947806]],[[0.78452,-0.603831,-0.141127],[0.610601,0.791916,0.00598761],[0.108145,-0.0908696,0.989973]],[[0.78452,-0.603831,-0.141127],[0.578105,0.794524,-0.185813],[0.224328,0.0641874,0.972397]],[[0.78452,-0.603831,-0.141127],[0.54041,0.777368,-0.321956],[0.304115,0.176314,0.936177]]],"btipPosition":[-24.9671,336.505,-58.2747],"carpPosition":[-12.5625,314.406,89.729],"dipPosition":[-19.8998,339.443,-42.6754],"direction":[-0.224328,-0.0641874,-0.972398],"extended":true,"handId":987,"id":9871,"length":57.352,"mcpPosition":[-10.0807,337.148,21.7251],"pipPosition":[-14.6119,340.956,-19.7539],"stabilizedTipPosition":[-24.8531,309.56,-24.7254],"timeVisible":8.73525,"tipPosition":[-23.3846,337.92,-54.6915],"tipVelocity":[34.0985,211.382,-221.634],"tool":false,"touchDistance":-0.441276,"touchZone":"hovering","type":1,"width":18.8641},{"bases":[[[0.657208,-0.749018,-0.0839592],[0.74041,0.62076,0.25778],[-0.140963,-0.231579,0.962549]],[[0.652258,-0.756177,-0.0525036],[0.519044,0.496045,-0.696084],[0.552407,0.426775,0.716038]],[[0.652258,-0.756177,-0.0525036],[-0.247062,-0.146603,-0.957846],[0.716603,0.637734,-0.282445]],[[0.652258,-0.756177,-0.0525036],[-0.598185,-0.470961,-0.64836],[0.465548,0.454305,-0.759521]]],"btipPosition":[-46.9625,278.437,10.2118],"carpPosition":[-2.18125,308.754,87.6114],"dipPosition":[-38.4304,286.763,-3.70784],"direction":[-0.716603,-0.637734,0.282445],"extended":false,"handId":987,"id":9872,"length":65.348,"mcpPosition":[7.41008,324.511,22.1183],"pipPosition":[-18.5572,304.449,-11.5408],"stabilizedTipPosition":[-40.5309,246.46,50.3076],"timeVisible":8.73525,"tipPosition":[-44.9255,280.427,6.85942],"tipVelocity":[-5.42018,201.475,-238.699],"tool":false,"touchDistance":0.333333,"touchZone":"none","type":2,"width":18.527},{"bases":[[[0.571603,-0.819583,0.0394108],[0.780602,0.557961,0.281675],[-0.252846,-0.130242,0.9587]],[[0.574977,-0.817743,0.0264132],[0.565833,0.37412,-0.734757],[0.59096,0.437414,0.677816]],[[0.574977,-0.817743,0.0264132],[-0.264393,-0.216259,-0.939855],[0.774272,0.533412,-0.34055]],[[0.574977,-0.817743,0.0264132],[-0.634483,-0.46604,-0.616635],[0.516558,0.337792,-0.786806]]],"btipPosition":[-34.2176,268.885,21.5022],"carpPosition":[6.41705,300.554,86.0666],"dipPosition":[-24.8051,275.04,7.16532],"direction":[-0.774272,-0.533412,0.34055],"extended":false,"handId":987,"id":9873,"length":62.8339,"mcpPosition":[21.8633,308.511,27.4999],"pipPosition":[-3.88704,289.451,-2.0351],"stabilizedTipPosition":[-26.2738,236.531,61.6338],"timeVisible":8.73525,"tipPosition":[-31.9756,270.333,17.9211],"tipVelocity":[-10.1949,187.639,-250.956],"tool":false,"touchDistance":0.333333,"touchZone":"none","type":3,"width":17.6296},{"bases":[[[0.401609,-0.909999,0.103019],[0.834578,0.40998,0.367961],[-0.37708,-0.0617992,0.924117]],[[0.432184,-0.901462,0.0241591],[0.652402,0.294059,-0.698499],[0.622566,0.317642,0.715203]],[[0.432184,-0.901462,0.0241591],[-0.249242,-0.145154,-0.957501],[0.866658,0.407795,-0.287415]],[[0.432184,-0.901462,0.0241591],[-0.662644,-0.335632,-0.669518],[0.611653,0.273346,-0.742403]]],"btipPosition":[-16.8031,267.399,26.024],"carpPosition":[10.1549,287.231,84.9837],"dipPosition":[-6.52105,271.994,13.5441],"direction":[-0.866658,-0.407795,0.287415],"extended":false,"handId":987,"id":9874,"length":49.2606,"mcpPosition":[31.4788,290.726,32.7248],"pipPosition":[10.0102,279.772,8.06174],"stabilizedTipPosition":[-8.81888,237.192,64.0373],"timeVisible":8.73525,"tipPosition":[-14.2066,268.594,22.5654],"tipVelocity":[-13.0672,170.267,-244.324],"tool":false,"touchDistance":0.333333,"touchZone":"none","type":4,"width":15.66}],"r":[[0.922796,-0.0357068,0.383631],[0.132279,0.964536,-0.228411],[-0.361871,0.261523,0.894793]],"s":1.1713,"t":[1.46351,8.93187,-42.5697],"timestamp":669531983679},false],[1,{"currentFrameRate":52.0324,"devices":[],"gestures":[{"center":[-28.5965,289.006,-35.0928],"duration":37659,"handIds":[987],"id":4,"normal":[-0.966435,0.0174221,0.256321],"pointableIds":[9871],"progress":0.877312,"radius":30.3001,"state":"update","type":"circle"}],"hands":[{"armBasis":[[0.725922,-0.667993,-0.163777],[0.650328,0.744155,-0.152667],[0.223856,0.00431572,0.974613]],"armWidth":62.1429,"confidence":0.605965,"direction":[0.259196,0.318648,-0.911746],"elbow":[54.3871,296.244,345.175],"grabStrength":0,"id":987,"palmNormal":[-0.607142,-0.680406,-0.410398],"palmPosition":[0.950129,313.928,38.9246],"palmVelocity":[16.0875,129.31,-217.044],"palmWidth":88.738,"pinchStrength":0.690586,"r":[[0.922025,-0.0467435,0.384297],[0.14136,0.96479,-0.221806],[-0.360398,0.258835,0.896168]],"s":1.17037,"sphereCenter":[-17.9958,278.63,2.8643],"sphereRadius":48.9562,"stabilizedPalmPosition":[3.25759,283.693,82.575],"t":[1.76642,11.3584,-46.6517],"timeVisible":8.75408,"type":"right","wrist":[-4.55814,295.108,88.5422]}],"id":4972294,"interactionBox":{"center":[0,200,0],"size":[235.247,235.247,147.751]},"pointables":[{"bases":[[[0.895874,0.405197,0.182277],[-0.434138,0.71104,0.553125],[0.0945187,-0.574663,0.812914]],[[0.842534,0.537804,-0.0300556],[-0.489876,0.788259,0.372383],[0.223961,-0.299022,0.927592]],[[0.842534,0.537804,-0.0300556],[-0.538054,0.84291,-0.000256922],[0.025196,0.016388,0.999548]],[[0.842534,0.537804,-0.0300556],[-0.534296,0.827356,-0.173231],[-0.0682976,0.162012,0.984423]]],"btipPosition":[-42.8831,315.54,-13.1248],"carpPosition":[-32.7013,305.226,87.7379],"dipPosition":[-44.442,319.238,9.34402],"direction":[-0.025196,-0.016388,-0.999548],"extended":false,"handId":987,"id":9870,"length":50.8265,"mcpPosition":[-32.7013,305.226,87.7379],"pipPosition":[-43.6042,319.783,42.5807],"stabilizedTipPosition":[-40.1833,283.829,35.7683],"timeVisible":8.75408,"tipPosition":[-42.6082,317.04,-7.79554],"tipVelocity":[10.2282,155.653,-217.337],"tool":false,"touchDistance":-0.525078,"touchZone":"hovering","type":0,"width":19.7488},{"bases":[[[0.783986,-0.597062,-0.169947],[0.61962,0.735912,0.272955],[-0.037905,-0.319295,0.946897]],[[0.782476,-0.606474,-0.141141],[0.613638,0.789532,0.00939106],[0.10574,-0.0939578,0.989945]],[[0.782476,-0.606474,-0.141141],[0.581862,0.792867,-0.181103],[0.221741,0.059584,0.973284]],[[0.782476,-0.606474,-0.141141],[0.544805,0.776557,-0.31646],[0.301529,0.170728,0.938047]]],"btipPosition":[-24.4724,338.931,-62.0745],"carpPosition":[-12.5104,316.335,85.9148],"dipPosition":[-19.4481,341.776,-46.4441],"direction":[-0.221741,-0.059584,-0.973284],"extended":true,"handId":987,"id":9871,"length":57.352,"mcpPosition":[-9.79076,339.244,17.9761],"pipPosition":[-14.2212,343.181,-23.5017],"stabilizedTipPosition":[-24.7074,312.408,-27.9279],"timeVisible":8.75408,"tipPosition":[-22.9228,340.274,-58.4752],"tipVelocity":[30.012,170.452,-211.728],"tool":false,"touchDistance":-0.482372,"touchZone":"hovering","type":1,"width":18.8641},{"bases":[[[0.654463,-0.751359,-0.0844807],[0.742259,0.617189,0.261016],[-0.143977,-0.233532,0.961631]],[[0.649432,-0.75856,-0.0531464],[0.522346,0.495808,-0.693779],[0.552623,0.422801,0.718225]],[[0.649432,-0.75856,-0.0531464],[-0.246141,-0.143573,-0.958541],[0.719481,0.635589,-0.279954]],[[0.649432,-0.75856,-0.0531464],[-0.599107,-0.467371,-0.650104],[0.468304,0.454039,-0.757984]]],"btipPosition":[-46.8634,280.715,6.26798],"carpPosition":[-2.1467,310.647,83.8051],"dipPosition":[-38.2808,289.036,-7.62353],"direction":[-0.719481,-0.635589,0.279954],"extended":false,"handId":987,"id":9872,"length":65.348,"mcpPosition":[7.64965,326.537,18.3745],"pipPosition":[-18.3278,306.662,-15.3874],"stabilizedTipPosition":[-40.6904,247.783,48.5797],"timeVisible":8.75408,"tipPosition":[-44.8199,282.7,2.91232],"tipVelocity":[0.106808,162.046,-224.204],"tool":false,"touchDistance":0.333333,"touchZone":"none","type":2,"width":18.527},{"bases":[[[0.568313,-0.82191,0.0385175],[0.782153,0.554171,0.284835],[-0.255454,-0.131749,0.957802]],[[0.571809,-0.82,0.0252015],[0.57614,0.379511,-0.723902],[0.584035,0.428454,0.689442]],[[0.571809,-0.82,0.0252015],[-0.255903,-0.207466,-0.944178],[0.779454,0.53344,-0.328471]],[[0.571809,-0.82,0.0252015],[-0.632759,-0.460376,-0.622632],[0.52216,0.34008,-0.782109]]],"btipPosition":[-33.9927,271.189,16.8296],"carpPosition":[6.42292,302.418,82.2577],"dipPosition":[-24.4781,277.386,2.57835],"direction":[-0.779454,-0.53344,0.328471],"extended":false,"handId":987,"id":9873,"length":62.8339,"mcpPosition":[22.0285,310.467,23.7458],"pipPosition":[-3.4201,291.797,-6.29575],"stabilizedTipPosition":[-26.4029,237.373,60.5119],"timeVisible":8.75408,"tipPosition":[-31.8047,272.605,13.5547],"tipVelocity":[1.24297,155.947,-249.05],"tool":false,"touchDistance":0.333333,"touchZone":"none","type":3,"width":17.6296},{"bases":[[[0.397829,-0.911826,0.101518],[0.835363,0.405757,0.370852],[-0.379344,-0.0627314,0.923127]],[[0.428764,-0.90314,0.0223308],[0.655733,0.294115,-0.695349],[0.62143,0.312784,0.718325]],[[0.428764,-0.90314,0.0223308],[-0.247138,-0.141032,-0.958662],[0.868956,0.405521,-0.28367]],[[0.428764,-0.90314,0.0223308],[-0.66243,-0.331103,-0.67198],[0.614286,0.273328,-0.740233]]],"btipPosition":[-16.7677,269.515,22.0289],"carpPosition":[10.1112,289.083,81.1482],"dipPosition":[-6.44146,274.109,9.58543],"direction":[-0.868956,-0.405521,0.28367],"extended":false,"handId":987,"id":9874,"length":49.2606,"mcpPosition":[31.5631,292.631,28.9453],"pipPosition":[10.1336,281.845,4.17451],"stabilizedTipPosition":[-8.915,237.768,63.2635],"timeVisible":8.75408,"tipPosition":[-14.177,270.704,18.6178],"tipVelocity":[-5.49276,141.944,-228.361],"tool":false,"touchDistance":0.333333,"touchZone":"none","type":4,"width":15.66}],"r":[[0.922025,-0.0467435,0.384297],[0.14136,0.96479,-0.221806],[-0.360398,0.258835,0.896168]],"s":1.17037,"t":[1.76642,11.3584,-46.6517],"timestamp":669532002512},false],[2,{"currentFrameRate":52.118,"devices":[],"gestures":[{"center":[-28.5965,289.006,-35.0928],"duration":37659,"handIds":[987],"id":4,"normal":[-0.966435,0.0174221,0.256321],"pointableIds":[9871],"progress":0.877312,"radius":30.3001,"state":"update","type":"circle"}],"hands":[{"armBasis":[[0.712639,-0.684055,-0.155609],[0.658849,0.728798,-0.18647],[0.240963,0.0303631,0.970059]],"armWidth":62.1429,"confidence":0.617066,"direction":[0.266877,0.318805,-0.909472],"elbow":[58.3574,304.468,339.765],"grabStrength":0,"id":987,"palmNormal":[-0.618299,-0.66724,-0.415328],"palmPosition":[0.861611,315.456,34.8275],"palmVelocity":[5.90825,105.612,-217.059],"palmWidth":88.738,"pinchStrength":0.695585,"r":[[0.920965,-0.0592781,0.385111],[0.152166,0.964594,-0.215418],[-0.358706,0.256993,0.897377]],"s":1.16884,"sphereCenter":[-18.6184,280.631,-1.50172],"sphereRadius":48.9963,"stabilizedPalmPosition":[3.23335,284.014,82.0919],"t":[1.87362,13.3355,-50.7413],"timeVisible":8.77295,"type":"right","wrist":[-5.09249,296.473,84.3317]}],"id":4972295,"interactionBox":{"center":[0,200,0],"size":[235.247,235.247,147.751]},"pointables":[{"bases":[[[0.90257,0.388126,0.186349],[-0.422581,0.715741,0.556003],[0.0824221,-0.580579,0.810021]],[[0.85142,0.52378,-0.0271536],[-0.476944,0.794746,0.375372],[0.218193,-0.306649,0.926476]],[[0.85142,0.52378,-0.0271536],[-0.523871,0.851787,0.00423007],[0.0253447,0.0106234,0.999622]],[[0.85142,0.52378,-0.0271536],[-0.520076,0.836435,-0.172907],[-0.0678533,0.161339,0.984564]]],"btipPosition":[-42.9645,317.99,-17.2922],"carpPosition":[-33.0484,307.097,83.5219],"dipPosition":[-44.5132,321.672,5.17986],"direction":[-0.0253447,-0.0106234,-0.999622],"extended":false,"handId":987,"id":9870,"length":50.8265,"mcpPosition":[-33.0484,307.097,83.5219],"pipPosition":[-43.6704,322.025,38.419],"stabilizedTipPosition":[-40.2913,285.035,34.1192],"timeVisible":8.77295,"tipPosition":[-42.6616,319.478,-11.9706],"tipVelocity":[3.1663,142.898,-219.014],"tool":false,"touchDistance":-0.563404,"touchZone":"hovering","type":0,"width":19.7488},{"bases":[[[0.77356,-0.610082,-0.171478],[0.632073,0.723245,0.278211],[-0.045711,-0.323599,0.945089]],[[0.771833,-0.619548,-0.142947],[0.627577,0.778414,0.014827],[0.102086,-0.101154,0.989619]],[[0.771833,-0.619548,-0.142947],[0.596579,0.783416,-0.174221],[0.219925,0.0491899,0.974276]],[[0.771833,-0.619548,-0.142947],[0.559966,0.768841,-0.308742],[0.301184,0.158251,0.940343]]],"btipPosition":[-23.8583,341.513,-66.1064],"carpPosition":[-12.658,317.853,81.8012],"dipPosition":[-18.8397,344.15,-50.4377],"direction":[-0.219925,-0.0491899,-0.974276],"extended":true,"handId":987,"id":9871,"length":57.352,"mcpPosition":[-9.37832,341.071,13.9922],"pipPosition":[-13.6556,345.309,-27.4719],"stabilizedTipPosition":[-24.5458,314.804,-30.7161],"timeVisible":8.77295,"tipPosition":[-22.3211,342.753,-62.4881],"tipVelocity":[31.2144,152.707,-212.427],"tool":false,"touchDistance":-0.522814,"touchZone":"hovering","type":1,"width":18.8641},{"bases":[[[0.641109,-0.76249,-0.087115],[0.752595,0.602411,0.265897],[-0.150265,-0.236031,0.960057]],[[0.635912,-0.769727,-0.0560092],[0.533717,0.491031,-0.688502],[0.55746,0.407933,0.723069]],[[0.635912,-0.769727,-0.0560092],[-0.245856,-0.133252,-0.960104],[0.731554,0.624311,-0.273978]],[[0.635912,-0.769727,-0.0560092],[-0.605995,-0.453068,-0.653834],[0.477898,0.449722,-0.754562]]],"btipPosition":[-47.4199,283.32,1.7969],"carpPosition":[-2.39304,311.992,79.6831],"dipPosition":[-38.6615,291.562,-12.0319],"direction":[-0.731554,-0.624311,0.273978],"extended":false,"handId":987,"id":9872,"length":65.348,"mcpPosition":[7.83115,328.052,14.3596],"pipPosition":[-18.3736,308.876,-19.63],"stabilizedTipPosition":[-40.8464,249.022,46.9266],"timeVisible":8.77295,"tipPosition":[-45.3547,285.267,-1.49913],"tipVelocity":[-13.3416,149.821,-230.045],"tool":false,"touchDistance":0.333333,"touchZone":"none","type":2,"width":18.527},{"bases":[[[0.553438,-0.832141,0.0353199],[0.791303,0.538564,0.289462],[-0.259896,-0.132251,0.956538]],[[0.557004,-0.830218,0.0219941],[0.593157,0.379141,-0.710223],[0.581301,0.408643,0.703633]],[[0.557004,-0.830218,0.0219941],[-0.250051,-0.192898,-0.948823],[0.791973,0.522999,-0.315042]],[[0.557004,-0.830218,0.0219941],[-0.638324,-0.444902,-0.628176],[0.531308,0.335857,-0.777761]]],"btipPosition":[-34.4986,273.643,11.6986],"carpPosition":[6.03147,303.619,78.1098],"dipPosition":[-24.8173,279.763,-2.47339],"direction":[-0.791973,-0.522999,0.315042],"extended":false,"handId":987,"id":9873,"length":62.8339,"mcpPosition":[21.9084,311.699,19.6753],"pipPosition":[-3.4211,293.892,-10.9847],"stabilizedTipPosition":[-26.5184,238.115,59.4867],"timeVisible":8.77295,"tipPosition":[-32.37,274.984,8.70804],"tipVelocity":[-11.503,142.787,-259.749],"tool":false,"touchDistance":0.333333,"touchZone":"none","type":3,"width":17.6296},{"bases":[[[0.381234,-0.919326,0.097475],[0.841659,0.388765,0.374795],[-0.382454,-0.0608438,0.921969]],[[0.412657,-0.910709,0.017971],[0.66521,0.287822,-0.688951],[0.622262,0.296255,0.724585]],[[0.412657,-0.910709,0.017971],[-0.244826,-0.129895,-0.960827],[0.877368,0.392092,-0.276567]],[[0.412657,-0.910709,0.017971],[-0.666143,-0.315179,-0.675955],[0.621262,0.266966,-0.736724]]],"btipPosition":[-17.5263,271.485,17.4726],"carpPosition":[9.48311,290.227,76.9367],"dipPosition":[-7.08277,275.972,5.0881],"direction":[-0.877368,-0.392092,0.276567],"extended":false,"handId":987,"id":9874,"length":49.2606,"mcpPosition":[31.1109,293.667,24.7993],"pipPosition":[9.65278,283.451,-0.187343],"stabilizedTipPosition":[-9.00403,238.266,62.5661],"timeVisible":8.77295,"tipPosition":[-14.9501,272.63,14.1814],"tipVelocity":[-21.7924,122.894,-234.4],"tool":false,"touchDistance":0.333333,"touchZone":"none","type":4,"width":15.66}],"r":[[0.920965,-0.0592781,0.385111],[0.152166,0.964594,-0.215418],[-0.358706,0.256993,0.897377]],"s":1.16884,"t":[1.87362,13.3355,-50.7413],"timestamp":669532021386},false],[3,{"currentFrameRate":52.17,"devices":[],"gestures":[{"center":[-28.5965,289.006,-35.0928],"duration":37659,"handIds":[987],"id":4,"normal":[-0.966435,0.0174221,0.256321],"pointableIds":[9871],"progress":0.877312,"radius":30.3001,"state":"update","type":"circle"}],"hands":[{"armBasis":[[0.699668,-0.700311,-0.141525],[0.677695,0.713236,-0.178952],[0.226263,0.0292963,0.973625]],"armWidth":62.1429,"confidence":0.626206,"direction":[0.260683,0.328687,-0.90775],"elbow":[55.1961,304.915,336.974],"grabStrength":0,"id":987,"palmNormal":[-0.644772,-0.640546,-0.417097],"palmPosition":[1.28722,316.971,31.3731],"palmVelocity":[14.0321,92.935,-199.827],"palmWidth":88.738,"pinchStrength":0.709165,"r":[[0.920926,-0.0761843,0.382218],[0.165728,0.964174,-0.20713],[-0.352744,0.254096,0.900559]],"s":1.16539,"sphereCenter":[-19.8212,283.267,-5.37567],"sphereRadius":49.1136,"stabilizedPalmPosition":[3.21811,284.272,81.6947],"t":[2.14003,15.0816,-54.5133],"timeVisible":8.79193,"type":"right","wrist":[-4.383,297.2,80.6015]}],"id":4972296,"interactionBox":{"center":[0,200,0],"size":[235.247,235.247,147.751]},"pointables":[{"bases":[[[0.916711,0.357787,0.177844],[-0.391669,0.716731,0.576968],[0.0789655,-0.59857,0.797169]],[[0.865033,0.500524,-0.0345494],[-0.447464,0.800812,0.398091],[0.226922,-0.328902,0.916695]],[[0.865033,0.500524,-0.0345494],[-0.49968,0.865675,0.0304375],[0.0451433,-0.00906576,0.998939]],[[0.865033,0.500524,-0.0345494],[-0.4994,0.852392,-0.155009],[-0.0481359,0.151342,0.987309]]],"btipPosition":[-43.4711,321.511,-19.8904],"carpPosition":[-32.0216,308.652,80.4874],"dipPosition":[-44.5698,324.965,2.64429],"direction":[-0.0451433,0.00906576,-0.998939],"extended":false,"handId":987,"id":9870,"length":50.8265,"mcpPosition":[-32.0216,308.652,80.4874],"pipPosition":[-43.0687,324.664,35.8608],"stabilizedTipPosition":[-40.436,286.605,32.0616],"timeVisible":8.79193,"tipPosition":[-43.0368,322.974,-14.5673],"tipVelocity":[-8.83702,162.517,-178.26],"tool":false,"touchDistance":-0.574154,"touchZone":"hovering","type":0,"width":19.7488},{"bases":[[[0.752118,-0.628982,-0.196723],[0.657862,0.698811,0.280858],[-0.0391818,-0.340655,0.939372]],[[0.750609,-0.638892,-0.168531],[0.650503,0.759269,0.0188873],[0.115893,-0.123807,0.985515]],[[0.750609,-0.638892,-0.168531],[0.617002,0.768996,-0.167194],[0.236418,0.0215135,0.971413]],[[0.750609,-0.638892,-0.168531],[0.578424,0.75865,-0.299794],[0.319392,0.127546,0.939]]],"btipPosition":[-24.2933,345.835,-68.6208],"carpPosition":[-11.3539,318.838,78.6147],"dipPosition":[-18.9714,347.96,-52.9745],"direction":[-0.236418,-0.0215135,-0.971413],"extended":true,"handId":987,"id":9871,"length":57.352,"mcpPosition":[-8.54268,343.28,11.216],"pipPosition":[-13.3985,348.467,-30.0762],"stabilizedTipPosition":[-24.4039,317.834,-34.0132],"timeVisible":8.79193,"tipPosition":[-22.7114,346.876,-64.9929],"tipVelocity":[6.39736,186.562,-173.247],"tool":false,"touchDistance":-0.53666,"touchZone":"hovering","type":1,"width":18.8641},{"bases":[[[0.616667,-0.779075,-0.11298],[0.774526,0.574765,0.264111],[-0.140826,-0.250374,0.957852]],[[0.611836,-0.7867,-0.0822191],[0.54071,0.491846,-0.682437],[0.577312,0.373082,0.726306]],[[0.611836,-0.7867,-0.0822191],[-0.260964,-0.10264,-0.959877],[0.746696,0.608743,-0.268099]],[[0.611836,-0.7867,-0.0822191],[-0.628289,-0.420208,-0.654736],[0.480532,0.452248,-0.751373]]],"btipPosition":[-48.3751,287.05,-1.90544],"carpPosition":[-1.30457,312.722,76.2044],"dipPosition":[-39.5684,295.338,-15.6758],"direction":[-0.746696,-0.608743,0.268099],"extended":false,"handId":987,"id":9872,"length":65.348,"mcpPosition":[8.27739,329.758,11.0309],"pipPosition":[-18.8606,312.22,-23.1109],"stabilizedTipPosition":[-41.0593,250.567,44.9144],"timeVisible":8.79193,"tipPosition":[-46.3425,288.956,-4.99615],"tipVelocity":[-31.2449,173.066,-212.504],"tool":false,"touchDistance":0.333333,"touchZone":"none","type":2,"width":18.527},{"bases":[[[0.529068,-0.848525,0.00962124],[0.811721,0.50936,0.285764],[-0.247379,-0.143379,0.958252]],[[0.532339,-0.846525,-0.00323403],[0.612453,0.387774,-0.688863],[0.584394,0.364728,0.724884]],[[0.532339,-0.846525,-0.00323403],[-0.248719,-0.152753,-0.956454],[0.809169,0.509962,-0.291864]],[[0.532339,-0.846525,-0.00323403],[-0.653465,-0.408498,-0.63727],[0.538144,0.341357,-0.770634]]],"btipPosition":[-35.1784,277.008,6.12501],"carpPosition":[6.84023,304.139,74.323],"dipPosition":[-25.3726,283.228,-7.91715],"direction":[-0.809169,-0.509962,0.291864],"extended":false,"handId":987,"id":9873,"length":62.8339,"mcpPosition":[21.9525,312.898,15.7837],"pipPosition":[-3.51176,297.005,-15.8023],"stabilizedTipPosition":[-26.6376,238.866,58.4332],"timeVisible":8.79193,"tipPosition":[-33.1457,278.286,3.76827],"tipVelocity":[-22.7197,160.358,-275.667],"tool":false,"touchDistance":0.333333,"touchZone":"none","type":3,"width":17.6296},{"bases":[[[0.35544,-0.931835,0.0731141],[0.859063,0.356501,0.367311],[-0.368339,-0.0677472,0.92722]],[[0.38605,-0.922447,-0.00758938],[0.66816,0.285283,-0.687151],[0.636025,0.260204,0.726475]],[[0.38605,-0.922447,-0.00758938],[-0.258773,-0.100394,-0.960707],[0.885439,0.372845,-0.277461]],[[0.38605,-0.922447,-0.00758938],[-0.685262,-0.281259,-0.671796],[0.617561,0.264547,-0.740697]]],"btipPosition":[-18.5008,273.976,13.0904],"carpPosition":[9.87319,290.677,72.8328],"dipPosition":[-8.11948,278.423,0.639148],"direction":[-0.885439,-0.372845,0.277461],"extended":false,"handId":987,"id":9874,"length":49.2606,"mcpPosition":[30.7028,294.508,20.3985],"pipPosition":[8.77003,285.535,-4.65335],"stabilizedTipPosition":[-9.09731,238.748,61.8793],"timeVisible":8.79193,"tipPosition":[-16.0254,275.08,9.98173],"tipVelocity":[-36.6992,126.77,-233.08],"tool":false,"touchDistance":0.333333,"touchZone":"none","type":4,"width":15.66}],"r":[[0.920926,-0.0761843,0.382218],[0.165728,0.964174,-0.20713],[-0.352744,0.254096,0.900559]],"s":1.16539,"t":[2.14003,15.0816,-54.5133],"timestamp":669532040364},false],[4,{"currentFrameRate":52.2131,"devices":[],"gestures":[{"center":[-28.5965,289.006,-35.0928],"duration":37659,"handIds":[987],"id":4,"normal":[-0.966435,0.0174221,0.256321],"pointableIds":[9871],"progress":0.877312,"radius":30.3001,"state":"update","type":"circle"}],"hands":[{"armBasis":[[0.697858,-0.704135,-0.131105],[0.679896,0.708823,-0.187913],[0.225246,0.0419982,0.973396]],"armWidth":62.1429,"confidence":0.626311,"direction":[0.256604,0.343852,-0.903283],"elbow":[55.2423,309.712,332.296],"grabStrength":0,"id":987,"palmNormal":[-0.654004,-0.626351,-0.424221],"palmPosition":[1.39884,319.323,27.1038],"palmVelocity":[10.0185,108.146,-212.098],"palmWidth":88.738,"pinchStrength":0.723035,"r":[[0.921139,-0.0928678,0.377993],[0.178061,0.964087,-0.197057],[-0.346117,0.248822,0.904594]],"s":1.16149,"sphereCenter":[-20.3189,286.406,-10.212],"sphereRadius":49.2222,"stabilizedPalmPosition":[3.20556,284.514,81.3182],"t":[2.32904,17.1308,-58.5339],"timeVisible":8.81093,"type":"right","wrist":[-4.06903,298.653,75.9842]}],"id":4972297,"interactionBox":{"center":[0,200,0],"size":[235.247,235.247,147.751]},"pointables":[{"bases":[[[0.921393,0.345802,0.177359],[-0.380389,0.708959,0.59387],[0.0796213,-0.614653,0.784769]],[[0.868621,0.494326,-0.0337501],[-0.437361,0.796968,0.416603],[0.232835,-0.347109,0.908462]],[[0.868621,0.494326,-0.0337501],[-0.49237,0.868786,0.0527564],[0.0554005,-0.0292078,0.998037]],[[0.868621,0.494326,-0.0337501],[-0.49393,0.858522,-0.137741],[-0.0391135,0.136315,0.989893]]],"btipPosition":[-43.8836,325.117,-23.6918],"carpPosition":[-31.5992,310.359,76.3142],"dipPosition":[-44.7763,328.228,-1.09816],"direction":[-0.0554005,0.0292078,-0.998037],"extended":false,"handId":987,"id":9870,"length":50.8265,"mcpPosition":[-31.5992,310.359,76.3142],"pipPosition":[-42.9342,327.257,32.0883],"stabilizedTipPosition":[-40.6204,288.586,29.5094],"timeVisible":8.81093,"tipPosition":[-43.3781,326.497,-18.3586],"tipVelocity":[-13.9475,173.911,-188.67],"tool":false,"touchDistance":-0.60189,"touchZone":"hovering","type":0,"width":19.7488},{"bases":[[[0.744623,-0.631942,-0.214909],[0.666568,0.687129,0.289035],[-0.0349829,-0.358473,0.932884]],[[0.743245,-0.642371,-0.186937],[0.65776,0.752678,0.028768],[0.122224,-0.144341,0.981951]],[[0.743245,-0.642371,-0.186937],[0.623537,0.766391,-0.15442],[0.242462,-0.00179065,0.970159]],[[0.743245,-0.642371,-0.186937],[0.584645,0.759475,-0.285286],[0.325234,0.102746,0.940035]]],"btipPosition":[-24.5981,350.487,-72.1356],"carpPosition":[-10.8524,320.389,74.4729],"dipPosition":[-19.1788,352.199,-56.472],"direction":[-0.242462,0.00179065,-0.970159],"extended":true,"handId":987,"id":9871,"length":57.352,"mcpPosition":[-8.34238,346.109,7.53957],"pipPosition":[-13.4634,352.156,-33.6033],"stabilizedTipPosition":[-24.2763,321.84,-38.1986],"timeVisible":8.81093,"tipPosition":[-23.0415,351.355,-68.4862],"tipVelocity":[-4.06626,212.803,-178.946],"tool":false,"touchDistance":-0.563989,"touchZone":"hovering","type":1,"width":18.8641},{"bases":[[[0.608434,-0.78238,-0.133],[0.781929,0.562363,0.268952],[-0.135628,-0.267636,0.953927]],[[0.603827,-0.790474,-0.102682],[0.546744,0.504455,-0.668278],[0.580055,0.347384,0.736791]],[[0.603827,-0.790474,-0.102682],[-0.261796,-0.074991,-0.962205],[0.752899,0.607887,-0.252224]],[[0.603827,-0.790474,-0.102682],[-0.634463,-0.39863,-0.662232],[0.482545,0.465021,-0.74223]]],"btipPosition":[-48.642,290.728,-7.07961],"carpPosition":[-0.880012,314.228,71.8638],"dipPosition":[-39.7985,299.251,-20.6824],"direction":[-0.752899,-0.607887,0.252224],"extended":false,"handId":987,"id":9872,"length":65.348,"mcpPosition":[8.3483,332.438,6.95743],"pipPosition":[-18.9186,316.109,-27.6772],"stabilizedTipPosition":[-41.2917,252.331,42.6062],"timeVisible":8.81093,"tipPosition":[-46.6566,292.611,-9.87977],"tipVelocity":[-22.5648,184.584,-240.979],"tool":false,"touchDistance":0.333333,"touchZone":"none","type":2,"width":18.527},{"bases":[[[0.521156,-0.85339,-0.0110664],[0.818679,0.49621,0.289034],[-0.241168,-0.159692,0.957255]],[[0.524322,-0.851187,-0.0238182],[0.620075,0.400831,-0.67442],[0.583604,0.338844,0.737964]],[[0.524322,-0.851187,-0.0238182],[-0.245661,-0.124424,-0.961337],[0.815314,0.509902,-0.274342]],[[0.524322,-0.851187,-0.0238182],[-0.657156,-0.386697,-0.647002],[0.541509,0.35489,-0.762116]]],"btipPosition":[-35.422,280.357,0.415463],"carpPosition":[7.16898,305.608,69.7511],"dipPosition":[-25.5548,286.823,-13.4715],"direction":[-0.815314,-0.509902,0.274342],"extended":false,"handId":987,"id":9873,"length":62.8339,"mcpPosition":[21.9018,315.364,11.2727],"pipPosition":[-3.52801,300.599,-20.8832],"stabilizedTipPosition":[-26.7562,239.648,57.3191],"timeVisible":8.81093,"tipPosition":[-33.4055,281.65,-1.72299],"tipVelocity":[-17.4846,169.675,-287.003],"tool":false,"touchDistance":0.333333,"touchZone":"none","type":3,"width":17.6296},{"bases":[[[0.347259,-0.936316,0.0521961],[0.865227,0.341365,0.367223],[-0.361654,-0.0823598,0.928667]],[[0.377579,-0.925514,-0.0292827],[0.672436,0.295798,-0.678478],[0.636603,0.236488,0.734036]],[[0.377579,-0.925514,-0.0292827],[-0.260569,-0.0758513,-0.962471],[0.88856,0.371039,-0.2698]],[[0.377579,-0.925514,-0.0292827],[-0.69161,-0.260844,-0.673525],[0.615719,0.274561,-0.738584]]],"btipPosition":[-18.7366,276.96,7.7095],"carpPosition":[10.0639,292.15,67.9762],"dipPosition":[-8.38624,281.575,-4.70624],"direction":[-0.88856,-0.371039,0.2698],"extended":false,"handId":987,"id":9874,"length":49.2606,"mcpPosition":[30.5155,296.808,15.46],"pipPosition":[8.56279,288.652,-9.8526],"stabilizedTipPosition":[-9.18716,239.234,61.1735],"timeVisible":8.81093,"tipPosition":[-16.3475,278.069,4.80015],"tipVelocity":[-24.9322,142.692,-257.573],"tool":false,"touchDistance":0.333333,"touchZone":"none","type":4,"width":15.66}],"r":[[0.921139,-0.0928678,0.377993],[0.178061,0.964087,-0.197057],[-0.346117,0.248822,0.904594]],"s":1.16149,"t":[2.32904,17.1308,-58.5339],"timestamp":669532059359},false],[5,{"currentFrameRate":52.2983,"devices":[],"gestures":[{"center":[-28.5965,289.006,-35.0928],"duration":37659,"handIds":[987],"id":4,"normal":[-0.966435,0.0174221,0.256321],"pointableIds":[9871],"progress":0.877312,"radius":30.3001,"state":"update","type":"circle"}],"hands":[{"armBasis":[[0.69405,-0.705147,-0.14513],[0.684306,0.708791,-0.171292],[0.223653,0.019572,0.974472]],"armWidth":62.1429,"confidence":0.635069,"direction":[0.258089,0.339084,-0.904661],"elbow":[54.847,305.916,327.209],"grabStrength":0,"id":987,"palmNormal":[-0.654263,-0.627643,-0.421906],"palmPosition":[1.50606,321.185,21.6384],"palmVelocity":[7.90773,103.652,-250.445],"palmWidth":88.738,"pinchStrength":0.735506,"r":[[0.92103,-0.106027,0.374782],[0.188218,0.963584,-0.189947],[-0.340995,0.245488,0.907446]],"s":1.15824,"sphereCenter":[-20.2518,288.203,-15.5745],"sphereRadius":49.2198,"stabilizedPalmPosition":[3.19679,284.703,81.0103],"t":[2.47715,19.0861,-63.277],"timeVisible":8.82974,"type":"right","wrist":[-4.04473,300.762,70.6135]}],"id":4972298,"interactionBox":{"center":[0,200,0],"size":[235.247,235.247,147.751]},"pointables":[{"bases":[[[0.921602,0.345557,0.176747],[-0.380228,0.712338,0.589916],[0.0779461,-0.610872,0.787883]],[[0.868488,0.494318,-0.0371201],[-0.437629,0.799749,0.410953],[0.232828,-0.340663,0.910901]],[[0.868488,0.494318,-0.0371201],[-0.492511,0.868955,0.0484854],[0.0562229,-0.023827,0.998134]],[[0.868488,0.494318,-0.0371201],[-0.494023,0.856932,-0.147002],[-0.0408564,0.146008,0.988439]]],"btipPosition":[-43.8326,326.547,-29.2416],"carpPosition":[-31.561,312.503,70.8532],"dipPosition":[-44.7651,329.879,-6.68113],"direction":[-0.0562229,0.023827,-0.998134],"extended":false,"handId":987,"id":9870,"length":50.8265,"mcpPosition":[-31.561,312.503,70.8532],"pipPosition":[-42.8956,329.087,26.5086],"stabilizedTipPosition":[-40.7443,289.986,27.5728],"timeVisible":8.82974,"tipPosition":[-43.336,328.01,-23.9237],"tipVelocity":[-6.0438,127.389,-240.86],"tool":false,"touchDistance":-0.653395,"touchZone":"hovering","type":0,"width":19.7488},{"bases":[[[0.744108,-0.633894,-0.210906],[0.667061,0.687739,0.286436],[-0.0365216,-0.353827,0.934598]],[[0.742702,-0.644084,-0.183166],[0.65879,0.751822,0.0275562],[0.11996,-0.141134,0.982696]],[[0.742702,-0.644084,-0.183166],[0.626068,0.764951,-0.151289],[0.237556,-0.00231177,0.971371]],[[0.742702,-0.644084,-0.183166],[0.588871,0.75845,-0.279256],[0.318787,0.0995427,0.942585]]],"btipPosition":[-24.1173,352.194,-77.8466],"carpPosition":[-10.7998,322.498,68.9871],"dipPosition":[-18.8054,353.853,-62.1406],"direction":[-0.237556,0.00231177,-0.971371],"extended":true,"handId":987,"id":9871,"length":57.352,"mcpPosition":[-8.17946,347.885,1.93084],"pipPosition":[-13.2057,353.798,-39.2432],"stabilizedTipPosition":[-24.1512,324.626,-41.4647],"timeVisible":8.82974,"tipPosition":[-22.6837,352.907,-74.1692],"tipVelocity":[9.7726,152.843,-239.624],"tool":false,"touchDistance":-0.621441,"touchZone":"hovering","type":1,"width":18.8641},{"bases":[[[0.607639,-0.783762,-0.128419],[0.782294,0.562735,0.267105],[-0.137081,-0.262765,0.955072]],[[0.603024,-0.791643,-0.0982992],[0.552968,0.503636,-0.66376],[0.574968,0.345907,0.741458]],[[0.603024,-0.791643,-0.0982992],[-0.255266,-0.0747475,-0.963977],[0.755779,0.606394,-0.247154]],[[0.603024,-0.791643,-0.0982992],[-0.632103,-0.399015,-0.664253],[0.486629,0.462696,-0.741016]]],"btipPosition":[-48.4106,292.635,-12.9834],"carpPosition":[-0.831907,316.313,66.4202],"dipPosition":[-39.4922,301.115,-26.5639],"direction":[-0.755779,-0.606394,0.247154],"extended":false,"handId":987,"id":9872,"length":65.348,"mcpPosition":[8.49526,334.192,1.43592],"pipPosition":[-18.5325,317.932,-33.4181],"stabilizedTipPosition":[-41.4494,253.646,40.7789],"timeVisible":8.82974,"tipPosition":[-46.4456,294.463,-15.6281],"tipVelocity":[-5.07669,143.658,-276.469],"tool":false,"touchDistance":0.333333,"touchZone":"none","type":2,"width":18.527},{"bases":[[[0.52013,-0.854064,-0.00624055],[0.818939,0.496638,0.287557],[-0.242493,-0.154678,0.957743]],[[0.523399,-0.851868,-0.0193401],[0.624876,0.399165,-0.670968],[0.579296,0.339098,0.741234]],[[0.523399,-0.851868,-0.0193401],[-0.239064,-0.125023,-0.962921],[0.817864,0.508615,-0.269088]],[[0.523399,-0.851868,-0.0193401],[-0.653853,-0.386974,-0.650175],[0.54638,0.352946,-0.759538]]],"btipPosition":[-35.2708,282.174,-5.33724],"carpPosition":[7.20909,307.673,64.3596],"dipPosition":[-25.3149,288.606,-19.1772],"direction":[-0.817864,-0.508615,0.269088],"extended":false,"handId":987,"id":9873,"length":62.8339,"mcpPosition":[22.0229,317.122,5.85139],"pipPosition":[-3.2192,302.346,-26.447],"stabilizedTipPosition":[-26.8406,240.244,56.4269],"timeVisible":8.82974,"tipPosition":[-33.232,283.469,-7.4225],"tipVelocity":[-4.48103,133.76,-295.925],"tool":false,"touchDistance":0.333333,"touchZone":"none","type":3,"width":17.6296},{"bases":[[[0.346058,-0.936466,0.0572233],[0.865207,0.342124,0.366563],[-0.362852,-0.0773423,0.928632]],[[0.376622,-0.926039,-0.0246496],[0.674575,0.292394,-0.67783],[0.634904,0.238658,0.734805]],[[0.376622,-0.926039,-0.0246496],[-0.259043,-0.0797312,-0.962569],[0.889411,0.36891,-0.269912]],[[0.376622,-0.926039,-0.0246496],[-0.691414,-0.263292,-0.672773],[0.616524,0.270424,-0.739438]]],"btipPosition":[-18.6142,278.764,2.37984],"carpPosition":[10.0897,294.203,62.6545],"dipPosition":[-8.25034,283.31,-10.0503],"direction":[-0.889411,-0.36891,0.269912],"extended":false,"handId":987,"id":9874,"length":49.2606,"mcpPosition":[30.609,298.576,10.1403],"pipPosition":[8.71493,290.347,-15.1988],"stabilizedTipPosition":[-9.25268,239.611,60.5999],"timeVisible":8.82974,"tipPosition":[-16.2384,279.849,-0.510879],"tipVelocity":[-9.48621,119.415,-270.253],"tool":false,"touchDistance":0.333333,"touchZone":"none","type":4,"width":15.66}],"r":[[0.92103,-0.106027,0.374782],[0.188218,0.963584,-0.189947],[-0.340995,0.245488,0.907446]],"s":1.15824,"t":[2.47715,19.0861,-63.277],"timestamp":669532078169},false],[6,{"currentFrameRate":52.3423,"devices":[],"gestures":[{"center":[-28.5965,289.006,-35.0928],"duration":37659,"handIds":[987],"id":4,"normal":[-0.966435,0.0174221,0.256321],"pointableIds":[9871],"progress":0.877312,"radius":30.3001,"state":"update","type":"circle"}],"hands":[{"armBasis":[[0.674728,-0.721861,-0.15381],[0.699536,0.691917,-0.178605],[0.235352,0.0129139,0.971824]],"armWidth":62.1429,"confidence":0.570279,"direction":[0.261314,0.344411,-0.901718],"elbow":[57.804,305.267,322.805],"grabStrength":0,"id":987,"palmNormal":[-0.673257,-0.60439,-0.425954],"palmPosition":[1.61471,322.799,18.1743],"palmVelocity":[6.84051,94.5882,-217.243],"palmWidth":88.738,"pinchStrength":0.756144,"r":[[0.920683,-0.122396,0.370625],[0.201199,0.962504,-0.181946],[-0.334458,0.242084,0.910787]],"s":1.15437,"sphereCenter":[-21.2619,290.77,-19.4689],"sphereRadius":49.3883,"stabilizedPalmPosition":[3.19018,284.862,80.7478],"t":[2.60553,20.8708,-67.3805],"timeVisible":8.84868,"type":"right","wrist":[-4.16842,301.867,66.9068]}],"id":4972299,"interactionBox":{"center":[0,200,0],"size":[235.247,235.247,147.751]},"pointables":[{"bases":[[[0.931506,0.318708,0.175276],[-0.357562,0.714041,0.601909],[0.0666787,-0.623354,0.779092]],[[0.880386,0.472747,-0.0378267],[-0.414008,0.804999,0.424939],[0.231339,-0.35845,0.904431]],[[0.880386,0.472747,-0.0378267],[-0.469876,0.88029,0.0656173],[0.0643189,-0.0399946,0.997128]],[[0.880386,0.472747,-0.0378267],[-0.473109,0.869906,-0.139394],[-0.0329924,0.140617,0.989514]]],"btipPosition":[-44.0103,329.895,-32.2855],"carpPosition":[-31.3625,314.325,67.4854],"dipPosition":[-44.7633,333.105,-9.70049],"direction":[-0.0643189,0.0399946,-0.997128],"extended":false,"handId":987,"id":9870,"length":50.8265,"mcpPosition":[-31.3625,314.325,67.4854],"pipPosition":[-42.6246,331.775,23.4557],"stabilizedTipPosition":[-40.8706,291.478,25.5656],"timeVisible":8.84868,"tipPosition":[-43.4471,331.309,-26.9766],"tipVelocity":[-6.61167,150.893,-201.323],"tool":false,"touchDistance":-0.661963,"touchZone":"hovering","type":0,"width":19.7488},{"bases":[[[0.725749,-0.65037,-0.224292],[0.686794,0.665961,0.29122],[-0.0400314,-0.365395,0.929991]],[[0.724231,-0.660983,-0.196444],[0.678873,0.733419,0.0350392],[0.120916,-0.158737,0.979889]],[[0.724231,-0.660983,-0.196444],[0.646626,0.749949,-0.139467],[0.239509,-0.0260192,0.970546]],[[0.724231,-0.660983,-0.196444],[0.609921,0.74695,-0.264692],[0.321691,0.0718826,0.944112]]],"btipPosition":[-23.5563,356.077,-80.7751],"carpPosition":[-10.3562,323.793,65.6165],"dipPosition":[-18.196,357.274,-65.0436],"direction":[-0.239509,0.0260192,-0.970546],"extended":true,"handId":987,"id":9871,"length":57.352,"mcpPosition":[-7.48404,350.01,-1.10924],"pipPosition":[-12.5503,356.661,-42.1657],"stabilizedTipPosition":[-23.983,327.544,-44.7479],"timeVisible":8.84868,"tipPosition":[-22.2034,356.563,-77.0719],"tipVelocity":[19.8061,175.684,-197.697],"tool":false,"touchDistance":-0.63147,"touchZone":"hovering","type":1,"width":18.8641},{"bases":[[[0.585881,-0.797694,-0.142922],[0.798558,0.538237,0.269456],[-0.138017,-0.272001,0.952348]],[[0.58137,-0.805665,-0.113631],[0.574218,0.505219,-0.644226],[0.576439,0.309285,0.756347]],[[0.58137,-0.805665,-0.113631],[-0.245383,-0.0404597,-0.968582],[0.775755,0.590988,-0.221218]],[[0.58137,-0.805665,-0.113631],[-0.637602,-0.364364,-0.67875],[0.505442,0.467057,-0.725525]]],"btipPosition":[-49.0546,296.402,-18.0201],"carpPosition":[-0.571629,317.383,62.9012],"dipPosition":[-39.7914,304.962,-31.3167],"direction":[-0.775755,-0.590988,0.221218],"extended":false,"handId":987,"id":9872,"length":65.348,"mcpPosition":[8.81924,335.89,-1.89773],"pipPosition":[-18.2777,321.351,-37.4517],"stabilizedTipPosition":[-41.612,254.975,38.9414],"timeVisible":8.84868,"tipPosition":[-47.0577,298.153,-20.1718],"tipVelocity":[-17.2242,171.246,-269.564],"tool":false,"touchDistance":0.333333,"touchZone":"none","type":2,"width":18.527},{"bases":[[[0.497308,-0.867317,-0.021122],[0.833569,0.470925,0.288778],[-0.240515,-0.161218,0.957163]],[[0.500666,-0.864946,-0.0346804],[0.639191,0.396413,-0.659007],[0.583753,0.307775,0.751336]],[[0.500666,-0.864946,-0.0346804],[-0.234034,-0.0966796,-0.96741],[0.833404,0.492465,-0.250831]],[[0.500666,-0.864946,-0.0346804],[-0.659648,-0.355276,-0.662302],[0.560534,0.354469,-0.748434]]],"btipPo