{"sensorType":"Leap","data":[[0,{"currentFrameRate":53.0596,"devices":[],"gestures":[],"hands":[{"armBasis":[[0.669698,-0.728823,-0.142556],[0.699682,0.683567,-0.207801],[0.248897,0.0394202,0.967727]],"armWidth":62.1429,"confidence":0.629673,"direction":[0.295947,0.376522,-0.877865],"elbow":[58.769,309.78,341.202],"grabStrength":0.12786,"id":987,"palmNormal":[-0.66646,-0.576981,-0.472149],"palmPosition":[0.920747,322.187,38.7582],"palmVelocity":[11.5789,73.7596,-176.45],"palmWidth":88.738,"pinchStrength":0.863672,"r":[[0.902315,-0.187401,0.388213],[0.254773,0.95828,-0.129574],[-0.347734,0.215823,0.912415]],"s":1.11021,"sphereCenter":[-18.2013,289.404,0.931109],"sphereRadius":47.6754,"stabilizedPalmPosition":[-6.72282,288.218,33.6546],"t":[1.81864,20.6698,-47.6296],"timeVisible":6.03724,"type":"right","wrist":[-6.76996,299.4,86.3828]}],"id":4972151,"interactionBox":{"center":[0,200,0],"size":[235.247,235.247,147.751]},"pointables":[{"bases":[[[0.929203,0.297885,0.218738],[-0.368156,0.694399,0.61828],[0.0322848,-0.655038,0.754906]],[[0.850734,0.51988,-0.077313],[-0.462374,0.810205,0.360247],[0.249925,-0.270727,0.929647]],[[0.850734,0.51988,-0.077313],[-0.51478,0.853851,0.0770755],[0.106084,-0.0257715,0.994023]],[[0.850734,0.51988,-0.077313],[-0.518086,0.804675,-0.289974],[-0.0885396,0.286745,0.953907]]],"btipPosition":[-47.4756,319.709,-13.5138],"carpPosition":[-33.8021,312.218,86.5687],"dipPosition":[-49.4964,326.254,8.25848],"direction":[-0.106084,0.0257715,-0.994023],"extended":false,"handId":987,"id":9870,"length":50.8265,"mcpPosition":[-33.8021,312.218,86.5687],"pipPosition":[-45.969,325.397,41.3115],"stabilizedTipPosition":[-50.294,282.807,13.4435],"timeVisible":6.03724,"tipPosition":[-47.6687,321.893,-8.25872],"tipVelocity":[9.994,97.9908,-175.107],"tool":false,"touchDistance":-0.810163,"touchZone":"hovering","type":0,"width":19.7488},{"bases":[[[0.724261,-0.651284,-0.226438],[0.685321,0.64371,0.340548],[-0.0760329,-0.401828,0.912553]],[[0.718828,-0.672887,-0.17467],[0.662468,0.739197,-0.121347],[0.210768,-0.0284856,0.977121]],[[0.718828,-0.672887,-0.17467],[0.631291,0.737039,-0.24134],[0.291133,0.0632144,0.954592]],[[0.718828,-0.672887,-0.17467],[0.604632,0.729134,-0.320599],[0.343084,0.124844,0.930971]]],"btipPosition":[-28.5774,347.902,-58.6488],"carpPosition":[-12.6223,321.449,85.7806],"dipPosition":[-22.8607,349.983,-43.1363],"direction":[-0.291133,-0.0632144,-0.954592],"extended":true,"handId":987,"id":9871,"length":57.352,"mcpPosition":[-7.16703,350.279,20.306],"pipPosition":[-15.998,351.473,-20.6345],"stabilizedTipPosition":[-31.7424,310.579,-33.2247],"timeVisible":6.03724,"tipPosition":[-27.7684,347.878,-54.7473],"tipVelocity":[24.9856,136.587,-171.297],"tool":false,"touchDistance":-0.865812,"touchZone":"hovering","type":1,"width":18.8641},{"bases":[[[0.579817,-0.799715,-0.155782],[0.796064,0.515357,0.317315],[-0.173478,-0.307997,0.935437]],[[0.574747,-0.808003,-0.129603],[0.538088,0.492474,-0.684055],[0.616544,0.32342,0.717825]],[[0.574747,-0.808003,-0.129603],[-0.423552,-0.158212,-0.891949],[0.700193,0.567539,-0.433163]],[[0.574747,-0.808003,-0.129603],[-0.761713,-0.470344,-0.445612],[0.299097,0.354835,-0.885795]]],"btipPosition":[-44.9153,298.522,13.9869],"carpPosition":[-2.83711,315.011,83.1317],"dipPosition":[-39.4338,305.025,-2.24698],"direction":[-0.700193,-0.567539,0.433163],"extended":false,"handId":987,"id":9872,"length":65.348,"mcpPosition":[8.96657,335.968,19.4834],"pipPosition":[-20.0156,320.765,-14.2597],"stabilizedTipPosition":[-43.7127,253.747,42.7194],"timeVisible":6.03724,"tipPosition":[-43.526,299.911,11.5566],"tipVelocity":[7.15776,95.9834,-193.313],"tool":false,"touchDistance":0.333333,"touchZone":"none","type":2,"width":18.527},{"bases":[[[0.486297,-0.872882,-0.0399012],[0.829519,0.446824,0.335033],[-0.274615,-0.196024,0.941361]],[[0.479184,-0.877568,-0.0160415],[0.623216,0.353055,-0.697821],[0.618048,0.324387,0.716093]],[[0.479184,-0.877568,-0.0160415],[-0.407101,-0.206026,-0.889844],[0.777593,0.43293,-0.455983]],[[0.479184,-0.877568,-0.0160415],[-0.794282,-0.425785,-0.433386],[0.373496,0.220413,-0.901066]]],"btipPosition":[-33.0546,288.304,20.8321],"carpPosition":[4.9134,306.176,80.8046],"dipPosition":[-26.2489,292.32,4.41331],"direction":[-0.777593,-0.43293,0.455983],"extended":false,"handId":987,"id":9873,"length":62.8339,"mcpPosition":[21.6895,318.151,23.2972],"pipPosition":[-5.24117,304.016,-7.9057],"stabilizedTipPosition":[-31.6609,248.323,24.6866],"timeVisible":6.03724,"tipPosition":[-31.3985,289.227,18.7389],"tipVelocity":[7.5208,90.1609,-228.306],"tool":false,"touchDistance":0.333333,"touchZone":"none","type":3,"width":17.6296},{"bases":[[[0.307455,-0.951452,0.0145144],[0.867516,0.286534,0.40659],[-0.39101,-0.112416,0.913495]],[[0.321727,-0.946635,-0.0193319],[0.672899,0.242962,-0.698696],[0.666107,0.211781,0.715158]],[[0.321727,-0.946635,-0.0193319],[-0.443608,-0.132666,-0.886347],[0.836483,0.293737,-0.462617]],[[0.321727,-0.946635,-0.0193319],[-0.849609,-0.279619,-0.447188],[0.417919,0.160297,-0.894231]]],"btipPosition":[-16.5287,283.467,25.9734],"carpPosition":[7.3107,292.711,78.4367],"dipPosition":[-9.50343,286.162,10.9412],"direction":[-0.836483,-0.293737,0.462617],"extended":false,"handId":987,"id":9874,"length":49.2606,"mcpPosition":[29.4223,299.068,26.7785],"pipPosition":[6.45225,291.765,2.11691],"stabilizedTipPosition":[-15.9588,247.94,20.6156],"timeVisible":6.03724,"tipPosition":[-14.7587,284.089,23.326],"tipVelocity":[2.54309,84.9772,-208.054],"tool":false,"touchDistance":0.333333,"touchZone":"none","type":4,"width":15.66}],"r":[[0.902315,-0.187401,0.388213],[0.254773,0.95828,-0.129574],[-0.347734,0.215823,0.912415]],"s":1.11021,"t":[1.81864,20.6698,-47.6296],"timestamp":669529285668},false],[1,{"currentFrameRate":53.0117,"devices":[],"gestures":[],"hands":[{"armBasis":[[0.66694,-0.731831,-0.140054],[0.705099,0.680643,-0.1989],[0.240888,0.0339024,0.969961]],"armWidth":62.1429,"confidence":0.633332,"direction":[0.299667,0.382105,-0.874183],"elbow":[56.4791,309.201,337.305],"grabStrength":0.117154,"id":987,"palmNormal":[-0.669839,-0.5682,-0.477979],"palmPosition":[0.958133,323.421,34.4826],"palmVelocity":[6.84009,69.3699,-200.184],"palmWidth":88.738,"pinchStrength":0.869401,"r":[[0.901972,-0.195328,0.385089],[0.259846,0.957811,-0.122793],[-0.344857,0.21082,0.914674]],"s":1.10858,"sphereCenter":[-18.5361,291.421,-3.66669],"sphereRadius":47.5576,"stabilizedPalmPosition":[-6.71202,288.268,33.6558],"t":[1.94799,21.9738,-51.4027],"timeVisible":6.05627,"type":"right","wrist":[-6.95094,300.274,81.897]}],"id":4972152,"interactionBox":{"center":[0,200,0],"size":[235.247,235.247,147.751]},"pointables":[{"bases":[[[0.930965,0.289509,0.222459],[-0.364124,0.691516,0.623875],[0.0267837,-0.661809,0.749194]],[[0.854505,0.514493,-0.0715436],[-0.457353,0.810492,0.365966],[0.246273,-0.279999,0.927874]],[[0.854505,0.514493,-0.0715436],[-0.509251,0.856904,0.079871],[0.102399,-0.0318166,0.994234]],[[0.854505,0.514493,-0.0715436],[-0.511992,0.810972,-0.283176],[-0.0876721,0.278605,0.956396]]],"btipPosition":[-47.2868,321.607,-17.898],"carpPosition":[-33.8938,313.277,82.162],"dipPosition":[-49.2879,327.965,3.93109],"direction":[-0.102399,0.0318166,-0.994234],"extended":false,"handId":987,"id":9870,"length":50.8265,"mcpPosition":[-33.8938,313.277,82.162],"pipPosition":[-45.8829,326.908,36.9911],"stabilizedTipPosition":[-50.2735,283.132,13.2311],"timeVisible":6.05627,"tipPosition":[-47.5255,323.754,-12.6254],"tipVelocity":[10.0735,97.7062,-201.976],"tool":false,"touchDistance":-0.823047,"touchZone":"hovering","type":0,"width":19.7488},{"bases":[[[0.72002,-0.654294,-0.231239],[0.689329,0.635943,0.346989],[-0.0799779,-0.409239,0.908915]],[[0.714532,-0.67581,-0.180902],[0.668624,0.735761,-0.107693],[0.205881,-0.0440053,0.977587]],[[0.714532,-0.67581,-0.180902],[0.638912,0.735698,-0.224812],[0.28502,0.0450547,0.957462]],[[0.714532,-0.67581,-0.180902],[0.613398,0.729529,-0.30254],[0.336433,0.105209,0.935812]]],"btipPosition":[-27.862,350.758,-62.856],"carpPosition":[-12.6496,322.367,81.4802],"dipPosition":[-22.2561,352.511,-47.2628],"direction":[-0.28502,-0.0450547,-0.957462],"extended":true,"handId":987,"id":9871,"length":57.352,"mcpPosition":[-6.9113,351.729,16.2667],"pipPosition":[-15.5375,353.573,-24.6933],"stabilizedTipPosition":[-31.5353,312.204,-34.268],"timeVisible":6.05627,"tipPosition":[-27.1482,350.527,-58.9318],"tipVelocity":[30.5339,141.251,-195.319],"tool":false,"touchDistance":-0.870394,"touchZone":"hovering","type":1,"width":18.8641},{"bases":[[[0.57446,-0.80233,-0.162058],[0.79921,0.507032,0.322771],[-0.1768,-0.314937,0.9325]],[[0.569315,-0.810787,-0.136032],[0.544108,0.49564,-0.67697],[0.616301,0.311393,0.723331]],[[0.569315,-0.810787,-0.136032],[-0.42184,-0.146074,-0.894826],[0.705642,0.566822,-0.425184]],[[0.569315,-0.810787,-0.136032],[-0.764034,-0.460707,-0.451666],[0.303534,0.361073,-0.881756]]],"btipPosition":[-44.9791,300.339,9.28806],"carpPosition":[-2.9059,315.885,78.7871],"dipPosition":[-39.4162,306.957,-6.8718],"direction":[-0.705642,-0.566822,0.425184],"extended":false,"handId":987,"id":9872,"length":65.348,"mcpPosition":[9.1238,337.314,15.3387],"pipPosition":[-19.8469,322.676,-18.6633],"stabilizedTipPosition":[-43.7126,253.96,42.5552],"timeVisible":6.05627,"tipPosition":[-43.5931,301.731,6.85513],"tipVelocity":[2.46284,96.4011,-219.253],"tool":false,"touchDistance":0.333333,"touchZone":"none","type":2,"width":18.527},{"bases":[[[0.480288,-0.875854,-0.0469338],[0.832167,0.438116,0.339929],[-0.277166,-0.202321,0.939279]],[[0.473119,-0.880695,-0.0231436],[0.632424,0.357799,-0.687037],[0.613351,0.310413,0.726254]],[[0.473119,-0.880695,-0.0231436],[-0.399266,-0.190925,-0.896735],[0.785331,0.433503,-0.441962]],[[0.473119,-0.880695,-0.0231436],[-0.793775,-0.414733,-0.444879],[0.382205,0.228851,-0.895291]]],"btipPosition":[-33.189,289.969,15.6203],"carpPosition":[4.78617,307.017,76.3924],"dipPosition":[-26.2247,294.139,-0.693296],"direction":[-0.785331,-0.433503,0.441962],"extended":false,"handId":987,"id":9873,"length":62.8339,"mcpPosition":[21.7182,319.376,19.0121],"pipPosition":[-5.00786,305.851,-12.6335],"stabilizedTipPosition":[-31.6607,248.403,24.6625],"timeVisible":6.05627,"tipPosition":[-31.5263,290.9,13.5544],"tipVelocity":[1.27853,89.7546,-250.095],"tool":false,"touchDistance":0.333333,"touchZone":"none","type":3,"width":17.6296},{"bases":[[[0.300837,-0.953653,0.00657628],[0.868961,0.276948,0.41013],[-0.392943,-0.117668,0.912003]],[[0.313231,-0.949409,-0.0225499],[0.683597,0.241889,-0.688611],[0.659228,0.200279,0.72478]],[[0.313231,-0.949409,-0.0225499],[-0.432476,-0.121463,-0.893427],[0.845488,0.289601,-0.448643]],[[0.313231,-0.949409,-0.0225499],[-0.846936,-0.268523,-0.458907],[0.429635,0.162842,-0.888198]]],"btipPosition":[-16.7685,285.043,20.8311],"carpPosition":[7.09315,293.557,73.9098],"dipPosition":[-9.54623,287.78,5.90035],"direction":[-0.845488,-0.289601,0.448643],"extended":false,"handId":987,"id":9874,"length":49.2606,"mcpPosition":[29.3141,300.211,22.336],"pipPosition":[6.58123,293.304,-2.65739],"stabilizedTipPosition":[-15.9574,248.001,20.6104],"timeVisible":6.05627,"tipPosition":[-14.9648,285.628,18.3007],"tipVelocity":[-3.74504,84.1406,-238.046],"tool":false,"touchDistance":0.333333,"touchZone":"none","type":4,"width":15.66}],"r":[[0.901972,-0.195328,0.385089],[0.259846,0.957811,-0.122793],[-0.344857,0.21082,0.914674]],"s":1.10858,"t":[1.94799,21.9738,-51.4027],"timestamp":669529304704},false],[2,{"currentFrameRate":52.9601,"devices":[],"gestures":[],"hands":[{"armBasis":[[0.663998,-0.734176,-0.141749],[0.703508,0.677626,-0.214242],[0.253344,0.0425345,0.966441]],"armWidth":62.1429,"confidence":0.633958,"direction":[0.301708,0.38794,-0.870905],"elbow":[59.7805,312.07,333.331],"grabStrength":0.107779,"id":987,"palmNormal":[-0.672038,-0.56141,-0.482892],"palmPosition":[1.10079,324.369,31.6296],"palmVelocity":[7.15648,59.6628,-175.236],"palmWidth":88.738,"pinchStrength":0.873526,"r":[[0.901454,-0.203048,0.382299],[0.264743,0.957342,-0.115792],[-0.34248,0.205592,0.916755]],"s":1.10693,"sphereCenter":[-18.713,293.083,-6.7968],"sphereRadius":47.4372,"stabilizedPalmPosition":[-6.70336,288.308,33.6535],"t":[2.08399,23.0996,-54.7157],"timeVisible":6.07534,"type":"right","wrist":[-6.92944,300.87,78.85]}],"id":4972153,"interactionBox":{"center":[0,200,0],"size":[235.247,235.247,147.751]},"pointables":[{"bases":[[[0.93209,0.283698,0.225219],[-0.361457,0.687953,0.62934],[0.0236022,-0.668008,0.743779]],[[0.856836,0.51125,-0.0667472],[-0.454124,0.809639,0.371828],[0.244138,-0.288284,0.925899]],[[0.856836,0.51125,-0.0667472],[-0.505743,0.85858,0.0840513],[0.100279,-0.0382613,0.994223]],[[0.856836,0.51125,-0.0667472],[-0.508216,0.815661,-0.276429],[-0.0868814,0.270777,0.958714]]],"btipPosition":[-47.0532,323.111,-20.807],"carpPosition":[-33.8166,313.985,79.2095],"dipPosition":[-49.0362,329.291,1.07505],"direction":[-0.100279,0.0382613,-0.994223],"extended":false,"handId":987,"id":9870,"length":50.8265,"mcpPosition":[-33.8166,313.985,79.2095],"pipPosition":[-45.7018,328.019,34.1347],"stabilizedTipPosition":[-50.2537,283.428,13.0236],"timeVisible":6.07534,"tipPosition":[-47.3245,325.211,-15.5201],"tipVelocity":[11.2545,87.3625,-177.276],"tool":false,"touchDistance":-0.812527,"touchZone":"hovering","type":0,"width":19.7488},{"bases":[[[0.717324,-0.65546,-0.236259],[0.691879,0.630135,0.352468],[-0.0821535,-0.416296,0.90551]],[[0.711853,-0.676947,-0.187105],[0.672609,0.733771,-0.0958033],[0.202146,-0.0576504,0.977657]],[[0.711853,-0.676947,-0.187105],[0.644006,0.735442,-0.21067],[0.280217,0.0294696,0.959484]],[[0.711853,-0.676947,-0.187105],[0.619364,0.730684,-0.28721],[0.33114,0.0885652,0.939416]]],"btipPosition":[-27.2317,353.103,-65.5914],"carpPosition":[-12.5334,322.989,78.6111],"dipPosition":[-21.714,354.579,-49.9382],"direction":[-0.280217,-0.0294696,-0.959484],"extended":true,"handId":987,"id":9871,"length":57.352,"mcpPosition":[-6.63899,352.858,13.6419],"pipPosition":[-15.1087,355.273,-27.3211],"stabilizedTipPosition":[-31.2964,313.972,-35.4566],"timeVisible":6.07534,"tipPosition":[-26.5859,352.717,-61.6592],"tipVelocity":[31.2514,130.589,-169.371],"tool":false,"touchDistance":-0.852512,"touchZone":"hovering","type":1,"width":18.8641},{"bases":[[[0.571101,-0.803431,-0.168351],[0.801219,0.500957,0.327246],[-0.178583,-0.321776,0.929822]],[[0.56592,-0.81206,-0.142457],[0.547943,0.499564,-0.670965],[0.61603,0.301654,0.727676]],[[0.56592,-0.81206,-0.142457],[-0.4207,-0.13583,-0.896974],[0.709046,0.567547,-0.418503]],[[0.56592,-0.81206,-0.142457],[-0.7655,-0.453377,-0.456573],[0.306178,0.367435,-0.878207]]],"btipPosition":[-44.8982,301.729,6.09802],"carpPosition":[-2.81623,316.488,75.8694],"dipPosition":[-39.2869,308.463,-9.99679],"direction":[-0.709046,-0.567547,0.418503],"extended":false,"handId":987,"id":9872,"length":65.348,"mcpPosition":[9.33476,338.382,12.6032],"pipPosition":[-19.6232,324.202,-21.603],"stabilizedTipPosition":[-43.7122,254.152,42.3985],"timeVisible":6.07534,"tipPosition":[-43.5179,303.129,3.65817],"tipVelocity":[3.62818,85.4826,-193.229],"tool":false,"touchDistance":0.333333,"touchZone":"none","type":2,"width":18.527},{"bases":[[[0.476561,-0.877489,-0.0538722],[0.833873,0.431763,0.343855],[-0.278469,-0.208791,0.937476]],[[0.469363,-0.882491,-0.030137],[0.639687,0.363356,-0.677328],[0.608686,0.298634,0.735064]],[[0.469363,-0.882491,-0.030137],[-0.392102,-0.177721,-0.902592],[0.791173,0.43546,-0.429442]],[[0.469363,-0.882491,-0.030137],[-0.792626,-0.406035,-0.454841],[0.389156,0.237373,-0.890063]]],"btipPosition":[-33.1378,291.259,11.9264],"carpPosition":[4.83898,307.607,73.4057],"dipPosition":[-26.0468,295.584,-4.29194],"direction":[-0.791173,-0.43546,0.429442],"extended":false,"handId":987,"id":9873,"length":62.8339,"mcpPosition":[21.8506,320.362,16.1356],"pipPosition":[-4.67216,307.349,-15.8939],"stabilizedTipPosition":[-31.6605,248.471,24.6369],"timeVisible":6.07534,"tipPosition":[-31.4712,292.2,9.89135],"tipVelocity":[2.72693,79.7806,-221.712],"tool":false,"touchDistance":0.333333,"touchZone":"none","type":3,"width":17.6296},{"bases":[[[0.296753,-0.954954,-0.00107687],[0.869944,0.269871,0.412754],[-0.393871,-0.123423,0.910842]],[[0.305729,-0.951864,-0.022015],[0.695524,0.239066,-0.677564],[0.650212,0.191839,0.735134]],[[0.305729,-0.951864,-0.022015],[-0.419262,-0.113831,-0.900701],[0.854839,0.284601,-0.433882]],[[0.305729,-0.951864,-0.022015],[-0.843264,-0.259967,-0.47045],[0.442082,0.162395,-0.882152]]],"btipPosition":[-16.7963,286.363,17.0611],"carpPosition":[7.08955,294.158,70.8144],"dipPosition":[-9.36481,289.093,2.232],"direction":[-0.854839,-0.284601,0.433882],"extended":false,"handId":987,"id":9874,"length":49.2606,"mcpPosition":[29.363,301.137,19.3062],"pipPosition":[6.941,294.522,-6.04418],"stabilizedTipPosition":[-15.9563,248.053,20.6011],"timeVisible":6.07534,"tipPosition":[-14.9586,286.879,14.6602],"tipVelocity":[-1.37122,76.7452,-217.539],"tool":false,"touchDistance":0.333333,"touchZone":"none","type":4,"width":15.66}],"r":[[0.901454,-0.203048,0.382299],[0.264743,0.957342,-0.115792],[-0.34248,0.205592,0.916755]],"s":1.10693,"t":[2.08399,23.0996,-54.7157],"timestamp":669529323772},false],[3,{"currentFrameRate":52.9705,"devices":[],"gestures":[],"hands":[{"armBasis":[[0.672568,-0.727794,-0.134042],[0.700461,0.684511,-0.201987],[0.238758,0.0419586,0.970172]],"armWidth":62.1429,"confidence":0.618289,"direction":[0.294868,0.392491,-0.871208],"elbow":[56.65,312.75,330.633],"grabStrength":0.0963474,"id":987,"palmNormal":[-0.669962,-0.56518,-0.481376],"palmPosition":[1.42184,325.385,27.9766],"palmVelocity":[11.9928,56.8482,-184.362],"palmWidth":88.738,"pinchStrength":0.876714,"r":[[0.901661,-0.208052,0.379106],[0.267125,0.957372,-0.109926],[-0.340076,0.200385,0.918801]],"s":1.10577,"sphereCenter":[-18.5022,294.363,-10.4529],"sphereRadius":47.3421,"stabilizedPalmPosition":[-6.69668,288.338,33.6489],"t":[2.31252,24.1704,-58.1988],"timeVisible":6.09418,"type":"right","wrist":[-6.21933,301.701,75.1696]}],"id":4972154,"interactionBox":{"center":[0,200,0],"size":[235.247,235.247,147.751]},"pointables":[{"bases":[[[0.930934,0.290113,0.221804],[-0.363787,0.683554,0.632782],[0.0319633,-0.669767,0.741883]],[[0.852734,0.51776,-0.0690654],[-0.458526,0.805309,0.375808],[0.250197,-0.288796,0.92412]],[[0.852734,0.51776,-0.0690654],[-0.511904,0.854656,0.0867068],[0.10392,-0.0385829,0.993837]],[[0.852734,0.51776,-0.0690654],[-0.51545,0.812676,-0.271788],[-0.0845932,0.267363,0.959876]]],"btipPosition":[-46.9073,323.852,-24.2592],"carpPosition":[-33.2024,314.613,75.6843],"dipPosition":[-48.8381,329.955,-2.3507],"direction":[-0.10392,0.0385829,-0.993837],"extended":false,"handId":987,"id":9870,"length":50.8265,"mcpPosition":[-33.2024,314.613,75.6843],"pipPosition":[-45.3826,328.672,30.6961],"stabilizedTipPosition":[-50.24,283.626,12.871],"timeVisible":6.09418,"tipPosition":[-47.1967,325.928,-18.9703],"tipVelocity":[9.84893,63.4062,-180.032],"tool":false,"touchDistance":-0.8113,"touchZone":"hovering","type":0,"width":19.7488},{"bases":[[[0.721162,-0.649417,-0.241211],[0.6887,0.634396,0.351048],[-0.0749537,-0.419284,0.904756]],[[0.716158,-0.670786,-0.192778],[0.667804,0.738865,-0.09009],[0.202868,-0.064219,0.977098]],[[0.716158,-0.670786,-0.192778],[0.639834,0.741332,-0.20258],[0.2788,0.0217339,0.960103]],[[0.716158,-0.670786,-0.192778],[0.615804,0.737297,-0.277811],[0.328486,0.0802431,0.941094]]],"btipPosition":[-27.158,354.703,-69.1528],"carpPosition":[-11.9904,323.779,75.0148],"dipPosition":[-21.6845,356.04,-53.4716],"direction":[-0.2788,-0.0217339,-0.960103],"extended":true,"handId":987,"id":9871,"length":57.352,"mcpPosition":[-6.61257,353.862,10.0997],"pipPosition":[-15.1126,356.553,-30.8399],"stabilizedTipPosition":[-31.1087,315.4,-36.503],"timeVisible":6.09418,"tipPosition":[-26.5784,354.183,-65.2087],"tipVelocity":[17.6113,107.418,-178.819],"tool":false,"touchDistance":-0.848918,"touchZone":"hovering","type":1,"width":18.8641},{"bases":[[[0.576361,-0.798663,-0.173044],[0.798893,0.506112,0.324993],[-0.17198,-0.325558,0.92975]],[[0.571371,-0.807383,-0.147199],[0.542305,0.506056,-0.670681],[0.615987,0.303381,0.726994]],[[0.571371,-0.807383,-0.147199],[-0.422601,-0.135694,-0.8961],[0.703522,0.574212,-0.418733]],[[0.571371,-0.807383,-0.147199],[-0.763885,-0.457629,-0.455034],[0.300024,0.372436,-0.878224]]],"btipPosition":[-44.5003,302.498,2.48453],"carpPosition":[-2.23706,317.358,72.2123],"dipPosition":[-39.0018,309.324,-13.6106],"direction":[-0.703522,-0.574212,0.418733],"extended":false,"handId":987,"id":9872,"length":65.348,"mcpPosition":[9.46471,339.509,8.95099],"pipPosition":[-19.4913,325.248,-25.2231],"stabilizedTipPosition":[-43.7109,254.286,42.2816],"timeVisible":6.09418,"tipPosition":[-43.1518,303.912,0.0224482],"tipVelocity":[11.5145,64.1903,-192.526],"tool":false,"touchDistance":0.333333,"touchZone":"none","type":2,"width":18.527},{"bases":[[[0.482896,-0.873732,-0.0583417],[0.832141,0.437122,0.341272],[-0.272678,-0.213348,0.938152]],[[0.475875,-0.878828,-0.0346945],[0.638001,0.372085,-0.674171],[0.60539,0.298686,0.73776]],[[0.475875,-0.878828,-0.0346945],[-0.388952,-0.174905,-0.904503],[0.788834,0.443925,-0.425055]],[[0.475875,-0.878828,-0.0346945],[-0.789457,-0.409428,-0.457303],[0.387686,0.245009,-0.888634]]],"btipPosition":[-32.6235,292.102,7.9081],"carpPosition":[5.47354,308.541,69.6908],"dipPosition":[-25.5592,296.566,-8.28421],"direction":[-0.788834,-0.443925,0.425055],"extended":false,"handId":987,"id":9873,"length":62.8339,"mcpPosition":[22.1314,321.574,12.3793],"pipPosition":[-4.24777,308.56,-19.7676],"stabilizedTipPosition":[-31.6598,248.52,24.6146],"timeVisible":6.09418,"tipPosition":[-30.9734,293.064,5.86618],"tipVelocity":[14.591,63.4609,-217.428],"tool":false,"touchDistance":0.333333,"touchZone":"none","type":3,"width":17.6296},{"bases":[[[0.303915,-0.952686,-0.00494936],[0.869737,0.275325,0.409577],[-0.388836,-0.128781,0.912262]],[[0.310262,-0.950442,-0.0199357],[0.697906,0.241963,-0.674078],[0.645496,0.195227,0.738391]],[[0.310262,-0.950442,-0.0199357],[-0.413126,-0.115914,-0.903267],[0.856192,0.288485,-0.428616]],[[0.310262,-0.950442,-0.0199357],[-0.840097,-0.264305,-0.473687],[0.444943,0.163715,-0.880467]]],"btipPosition":[-16.2683,287.412,12.9789],"carpPosition":[7.81347,295.116,67.0536],"dipPosition":[-8.78877,290.164,-1.82193],"direction":[-0.856192,-0.288485,0.428616],"extended":false,"handId":987,"id":9874,"length":49.2606,"mcpPosition":[29.8022,302.399,15.4651],"pipPosition":[7.54286,295.667,-9.99766],"stabilizedTipPosition":[-15.9549,248.092,20.5904],"timeVisible":6.09418,"tipPosition":[-14.4257,287.896,10.6299],"tipVelocity":[13.2981,66.5564,-216.944],"tool":false,"touchDistance":0.333333,"touchZone":"none","type":4,"width":15.66}],"r":[[0.901661,-0.208052,0.379106],[0.267125,0.957372,-0.109926],[-0.340076,0.200385,0.918801]],"s":1.10577,"t":[2.31252,24.1704,-58.1988],"timestamp":669529342613},false],[4,{"currentFrameRate":52.9261,"devices":[],"gestures":[],"hands":[{"armBasis":[[0.667496,-0.734156,-0.124353],[0.70844,0.67757,-0.197511],[0.229262,0.0437414,0.972381]],"armWidth":62.1429,"confidence":0.569337,"direction":[0.295593,0.387384,-0.873246],"elbow":[54.4757,314.07,326.359],"grabStrength":0.0825832,"id":987,"palmNormal":[-0.677336,-0.559623,-0.477534],"palmPosition":[1.81209,326.042,23.0349],"palmVelocity":[16.1793,45.8329,-221.344],"palmWidth":88.738,"pinchStrength":0.878729,"r":[[0.901661,-0.213657,0.375976],[0.270877,0.95677,-0.105907],[-0.337095,0.197336,0.920557]],"s":1.10585,"sphereCenter":[-18.6895,295.448,-15.2415],"sphereRadius":47.2681,"stabilizedPalmPosition":[-6.69248,288.357,33.6436],"t":[2.62191,25.0346,-62.4111],"timeVisible":6.11323,"type":"right","wrist":[-5.89304,302.552,70.3142]}],"id":4972155,"interactionBox":{"center":[0,200,0],"size":[235.247,235.247,147.751]},"pointables":[{"bases":[[[0.934593,0.281322,0.217701],[-0.354617,0.68871,0.632396],[0.0279741,-0.668234,0.743425]],[[0.857641,0.508986,-0.0733866],[-0.449014,0.810744,0.375607],[0.250676,-0.289184,0.923869]],[[0.857641,0.508986,-0.0733866],[-0.503025,0.859988,0.0859398],[0.106854,-0.0367902,0.993594]],[[0.857641,0.508986,-0.0733866],[-0.508237,0.817182,-0.271861],[-0.078403,0.270457,0.959534]]],"btipPosition":[-46.7106,324.863,-29.0208],"carpPosition":[-32.7436,315.734,70.8947],"dipPosition":[-48.5001,331.036,-7.12],"direction":[-0.106854,0.0367902,-0.993594],"extended":false,"handId":987,"id":9870,"length":50.8265,"mcpPosition":[-32.7436,315.734,70.8947],"pipPosition":[-44.9471,329.813,25.9187],"stabilizedTipPosition":[-50.2311,283.747,12.7662],"timeVisible":6.11323,"tipPosition":[-46.9663,326.945,-23.7398],"tipVelocity":[10.9233,58.7079,-214.534],"tool":false,"touchDistance":-0.829953,"touchZone":"hovering","type":0,"width":19.7488},{"bases":[[[0.713744,-0.657193,-0.242211],[0.696289,0.628328,0.346967],[-0.0758364,-0.416295,0.906061]],[[0.708752,-0.678233,-0.194091],[0.676374,0.731491,-0.0862477],[0.200472,-0.07015,0.977185]],[[0.708752,-0.678233,-0.194091],[0.649165,0.734722,-0.196895],[0.276144,0.0135528,0.961021]],[[0.708752,-0.678233,-0.194091],[0.625668,0.731431,-0.271198],[0.3259,0.0707758,0.942751]]],"btipPosition":[-26.3417,355.995,-74.1888],"carpPosition":[-11.4435,324.686,70.1253],"dipPosition":[-20.9113,357.174,-58.48],"direction":[-0.276144,-0.0135528,-0.961021],"extended":true,"handId":987,"id":9871,"length":57.352,"mcpPosition":[-6.00238,354.555,5.11655],"pipPosition":[-14.402,357.494,-35.8266],"stabilizedTipPosition":[-30.9736,316.317,-37.2681],"timeVisible":6.11323,"tipPosition":[-25.8543,355.352,-70.2281],"tipVelocity":[29.7979,86.9392,-220.813],"tool":false,"touchDistance":-0.867804,"touchZone":"hovering","type":1,"width":18.8641},{"bases":[[[0.567708,-0.804815,-0.173149],[0.805098,0.498884,0.320832],[-0.171829,-0.321541,0.931175]],[[0.562734,-0.813407,-0.147305],[0.545875,0.499475,-0.672715],[0.620767,0.298149,0.72509]],[[0.562734,-0.813407,-0.147305],[-0.426272,-0.132863,-0.894785],[0.708253,0.566318,-0.421499]],[[0.562734,-0.813407,-0.147305],[-0.769886,-0.450824,-0.451701],[0.301008,0.367596,-0.879925]]],"btipPosition":[-44.4127,303.582,-2.32385],"carpPosition":[-1.76521,318.161,67.3035],"dipPosition":[-38.8961,310.318,-18.4501],"direction":[-0.708253,-0.566318,0.421499],"extended":false,"handId":987,"id":9872,"length":65.348,"mcpPosition":[9.92625,340.039,3.94522],"pipPosition":[-19.2544,326.024,-30.1394],"stabilizedTipPosition":[-43.71,254.371,42.2004],"timeVisible":6.11323,"tipPosition":[-43.0678,304.973,-4.81462],"tipVelocity":[8.21101,60.0439,-222.219],"tool":false,"touchDistance":0.333333,"touchZone":"none","type":2,"width":18.527},{"bases":[[[0.473917,-0.878663,-0.0579214],[0.837713,0.429604,0.337161],[-0.271368,-0.208308,0.939663]],[[0.466858,-0.883679,-0.0339908],[0.639759,0.364029,-0.676898],[0.610534,0.294269,0.735292]],[[0.466858,-0.883679,-0.0339908],[-0.393166,-0.172978,-0.90305],[0.792126,0.43496,-0.428189]],[[0.466858,-0.883679,-0.0339908],[-0.794852,-0.402461,-0.454132],[0.387627,0.239033,-0.890286]]],"btipPosition":[-32.6415,293.058,3.12324],"carpPosition":[5.84756,309.261,64.7759],"dipPosition":[-25.5783,297.413,-13.0992],"direction":[-0.792126,-0.43496,0.428189],"extended":false,"handId":987,"id":9873,"length":62.8339,"mcpPosition":[22.4253,321.987,7.37216],"pipPosition":[-4.17795,309.164,-24.6673],"stabilizedTipPosition":[-31.6593,248.551,24.5972],"timeVisible":6.11323,"tipPosition":[-30.9869,293.999,1.02801],"tipVelocity":[6.92139,56.2554,-234.224],"tool":false,"touchDistance":0.333333,"touchZone":"none","type":3,"width":17.6296},{"bases":[[[0.294351,-0.95569,-0.00368357],[0.873938,0.267608,0.405732],[-0.386768,-0.122647,0.913985]],[[0.300097,-0.953751,-0.0173395],[0.698346,0.232044,-0.677103],[0.649811,0.191088,0.735684]],[[0.300097,-0.953751,-0.0173395],[-0.41704,-0.11483,-0.901605],[0.857916,0.2778,-0.432212]],[[0.300097,-0.953751,-0.0173395],[-0.844278,-0.257103,-0.470205],[0.444,0.155746,-0.882387]]],"btipPosition":[-16.3212,288.236,8.18574],"carpPosition":[8.04345,295.807,62.1636],"dipPosition":[-8.85743,290.855,-6.64736],"direction":[-0.857916,-0.2778,0.432212],"extended":false,"handId":987,"id":9874,"length":49.2606,"mcpPosition":[29.9152,302.743,10.4777],"pipPosition":[7.50708,296.154,-14.8917],"stabilizedTipPosition":[-15.9541,248.116,20.5808],"timeVisible":6.11323,"tipPosition":[-14.4804,288.688,5.80409],"tipVelocity":[5.27828,54.2776,-234.206],"tool":false,"touchDistance":0.333333,"touchZone":"none","type":4,"width":15.66}],"r":[[0.901661,-0.213657,0.375976],[0.270877,0.95677,-0.105907],[-0.337095,0.197336,0.920557]],"s":1.10585,"t":[2.62191,25.0346,-62.4111],"timestamp":669529361667},false],[5,{"currentFrameRate":53.0278,"devices":[],"gestures":[],"hands":[{"armBasis":[[0.678635,-0.722037,-0.134601],[0.696718,0.690848,-0.193166],[0.232462,0.0373108,0.97189]],"armWidth":62.1429,"confidence":0.570211,"direction":[0.288968,0.397166,-0.871066],"elbow":[56.3841,312.417,322.328],"grabStrength":0.0698835,"id":987,"palmNormal":[-0.667448,-0.568701,-0.480721],"palmPosition":[2.47684,326.467,19.2623],"palmVelocity":[25.726,34.7988,-212.976],"palmWidth":88.738,"pinchStrength":0.890979,"r":[[0.902372,-0.215405,0.373264],[0.27057,0.957318,-0.101655],[-0.335435,0.192724,0.922139]],"s":1.10623,"sphereCenter":[-17.6311,296.023,-19.2002],"sphereRadius":47.2097,"stabilizedPalmPosition":[-6.68984,288.368,33.6395],"t":[3.10898,25.6792,-66.4036],"timeVisible":6.13173,"type":"right","wrist":[-4.8272,302.592,66.412]}],"id":4972156,"interactionBox":{"center":[0,200,0],"size":[235.247,235.247,147.751]},"pointables":[{"bases":[[[0.929537,0.296313,0.219454],[-0.366614,0.679028,0.636015],[0.0394437,-0.671655,0.739814]],[[0.848731,0.524125,-0.0703428],[-0.463,0.800754,0.380032],[0.255512,-0.289977,0.922295]],[[0.848731,0.524125,-0.0703428],[-0.517909,0.850713,0.089769],[0.106892,-0.0397586,0.993475]],[[0.848731,0.524125,-0.0703428],[-0.522227,0.809748,-0.267558],[-0.0832742,0.26382,0.960971]]],"btipPosition":[-45.995,324.72,-32.8108],"carpPosition":[-31.9025,315.303,67.0568],"dipPosition":[-47.8957,330.742,-10.8772],"direction":[-0.106892,0.0397586,-0.993475],"extended":false,"handId":987,"id":9870,"length":50.8265,"mcpPosition":[-31.9025,315.303,67.0568],"pipPosition":[-44.3414,329.42,22.1576],"stabilizedTipPosition":[-50.2258,283.806,12.7094],"timeVisible":6.13173,"tipPosition":[-46.2961,326.759,-27.5232],"tipVelocity":[23.6691,25.7233,-209.711],"tool":false,"touchDistance":-0.832028,"touchZone":"hovering","type":0,"width":19.7488},{"bases":[[[0.725077,-0.643394,-0.245575],[0.685227,0.638429,0.350532],[-0.0687482,-0.422437,0.903781]],[[0.720488,-0.664611,-0.197961],[0.66498,0.743122,-0.0746431],[0.196717,-0.0778605,0.977364]],[[0.720488,-0.664611,-0.197961],[0.638686,0.747165,-0.183915],[0.270141,0.00607412,0.962801]],[[0.720488,-0.664611,-0.197961],[0.61595,0.744471,-0.257622],[0.318594,0.0636797,0.94575]]],"btipPosition":[-25.747,356.994,-77.9087],"carpPosition":[-10.7608,324.627,66.3413],"dipPosition":[-20.4383,358.055,-62.1499],"direction":[-0.270141,-0.00607412,-0.962801],"extended":true,"handId":987,"id":9871,"length":57.352,"mcpPosition":[-5.82824,354.936,1.49611],"pipPosition":[-14.0705,358.198,-39.4545],"stabilizedTipPosition":[-30.8867,316.869,-37.7671],"timeVisible":6.13173,"tipPosition":[-25.3254,356.239,-73.9426],"tipVelocity":[30.2065,70.3374,-211.023],"tool":false,"touchDistance":-0.864983,"touchZone":"hovering","type":1,"width":18.8641},{"bases":[[[0.581613,-0.793898,-0.177348],[0.79627,0.511035,0.323725],[-0.166374,-0.3295,0.929381]],[[0.576793,-0.802701,-0.151596],[0.543272,0.515521,-0.662641],[0.610053,0.29985,0.733434]],[[0.576793,-0.802701,-0.151596],[-0.417151,-0.129872,-0.89951],[0.702349,0.58207,-0.409756]],[[0.576793,-0.802701,-0.151596],[-0.760105,-0.459394,-0.459562],[0.299249,0.380301,-0.875112]]],"btipPosition":[-43.2893,303.499,-6.82467],"carpPosition":[-0.9703,318.286,63.4867],"dipPosition":[-37.805,310.468,-22.8628],"direction":[-0.702349,-0.58207,0.409756],"extended":false,"handId":987,"id":9872,"length":65.348,"mcpPosition":[10.35,340.706,0.250471],"pipPosition":[-18.3271,326.611,-34.2264],"stabilizedTipPosition":[-43.7085,254.417,42.1533],"timeVisible":6.13173,"tipPosition":[-41.979,304.901,-9.21263],"tipVelocity":[33.3878,30.2789,-231.915],"tool":false,"touchDistance":0.333333,"touchZone":"none","type":2,"width":18.527},{"bases":[[[0.489099,-0.869983,-0.0625443],[0.830079,0.442244,0.339689],[-0.267864,-0.218058,0.938456]],[[0.482064,-0.875292,-0.0384433],[0.632762,0.37817,-0.675722],[0.605992,0.301416,0.736154]],[[0.482064,-0.875292,-0.0384433],[-0.390685,-0.17548,-0.903644],[0.784206,0.450633,-0.426556]],[[0.482064,-0.875292,-0.0384433],[-0.787836,-0.413866,-0.456103],[0.383313,0.250158,-0.889096]]],"btipPosition":[-31.4165,292.988,-0.76919],"carpPosition":[6.79613,309.534,60.913],"dipPosition":[-24.4319,297.546,-16.9699],"direction":[-0.784206,-0.450633,0.426556],"extended":false,"handId":987,"id":9873,"length":62.8339,"mcpPosition":[23.1598,322.855,3.58307],"pipPosition":[-3.24552,309.721,-28.4939],"stabilizedTipPosition":[-31.6586,248.569,24.5856],"timeVisible":6.13173,"tipPosition":[-29.7717,293.975,-2.94461],"tipVelocity":[35.0983,28.4868,-222.633],"tool":false,"touchDistance":0.333333,"touchZone":"none","type":3,"width":17.6296},{"bases":[[[0.310888,-0.950406,-0.0087688],[0.869099,0.280532,0.407393],[-0.384729,-0.134274,0.913211]],[[0.315953,-0.948546,-0.0208554],[0.695782,0.246591,-0.674596],[0.645028,0.19863,0.737892]],[[0.315953,-0.948546,-0.0208554],[-0.413002,-0.117711,-0.903091],[0.854168,0.293947,-0.428942]],[[0.315953,-0.948546,-0.0208554],[-0.838972,-0.269054,-0.473008],[0.443058,0.166945,-0.880811]]],"btipPosition":[-15.0021,288.464,4.12958],"carpPosition":[9.22552,296.134,58.2287],"dipPosition":[-7.55425,291.271,-10.677],"direction":[-0.854168,-0.293947,0.428942],"extended":false,"handId":987,"id":9874,"length":49.2606,"mcpPosition":[30.982,303.727,6.58655],"pipPosition":[8.73877,296.878,-18.859],"stabilizedTipPosition":[-15.9531,248.132,20.5733],"timeVisible":6.13173,"tipPosition":[-13.1666,288.951,1.74113],"tipVelocity":[37.0805,35.1487,-226.871],"tool":false,"touchDistance":0.333333,"touchZone":"none","type":4,"width":15.66}],"r":[[0.902372,-0.215405,0.373264],[0.27057,0.957318,-0.101655],[-0.335435,0.192724,0.922139]],"s":1.10623,"t":[3.10898,25.6792,-66.4036],"timestamp":669529380159},false],[6,{"currentFrameRate":53.0207,"devices":[],"gestures":[],"hands":[{"armBasis":[[0.675229,-0.723206,-0.145046],[0.691906,0.689168,-0.215206],[0.255599,0.0449547,0.965737]],"armWidth":62.1429,"confidence":0.539083,"direction":[0.29719,0.402726,-0.865731],"elbow":[62.055,314.513,318.587],"grabStrength":0.059258,"id":987,"palmNormal":[-0.663604,-0.564801,-0.490541],"palmPosition":[2.50282,326.86,17.3709],"palmVelocity":[13.7909,27.9367,-157.674],"palmWidth":88.738,"pinchStrength":0.903593,"r":[[0.902223,-0.217471,0.372424],[0.270694,0.957819,-0.0964729],[-0.335735,0.187853,0.923035]],"s":1.10675,"sphereCenter":[-17.4416,297.019,-21.4647],"sphereRadius":47.1186,"stabilizedPalmPosition":[-6.68821,288.375,33.6366],"t":[3.3655,26.1979,-69.3455],"timeVisible":6.15061,"type":"right","wrist":[-5.24877,302.676,64.2911]}],"id":4972157,"interactionBox":{"center":[0,200,0],"size":[235.247,235.247,147.751]},"pointables":[{"bases":[[[0.92779,0.293917,0.229823],[-0.371716,0.675099,0.637235],[0.0321409,-0.676649,0.735604]],[[0.849928,0.523595,-0.0589207],[-0.465537,0.798609,0.381442],[0.246776,-0.296769,0.922513]],[[0.849928,0.523595,-0.0589207],[-0.517976,0.850786,0.0886827],[0.0965627,-0.0448544,0.994316]],[[0.849928,0.523595,-0.0589207],[-0.518647,0.811655,-0.26874],[-0.0928878,0.258969,0.961409]]],"btipPosition":[-45.4214,325.437,-35.1391],"carpPosition":[-32.3171,315.409,64.7771],"dipPosition":[-47.5415,331.348,-13.1956],"direction":[-0.0965627,0.0448544,-0.994316],"extended":false,"handId":987,"id":9870,"length":50.8265,"mcpPosition":[-32.3171,315.409,64.7771],"pipPosition":[-44.3306,329.856,19.8672],"stabilizedTipPosition":[-50.2221,283.843,12.6725],"timeVisible":6.15061,"tipPosition":[-45.8079,327.445,-29.8561],"tipVelocity":[25.6448,31.0496,-167.29],"tool":false,"touchDistance":-0.812049,"touchZone":"hovering","type":0,"width":19.7488},{"bases":[[[0.726672,-0.642442,-0.243344],[0.682622,0.635385,0.360989],[-0.0772974,-0.428433,0.900261]],[[0.721709,-0.663714,-0.196519],[0.667295,0.742583,-0.0573425],[0.183991,-0.0897518,0.978822]],[[0.721709,-0.663714,-0.196519],[0.642644,0.747959,-0.166032],[0.257186,-0.00646523,0.96634]],[[0.721709,-0.663714,-0.196519],[0.621023,0.746251,-0.239664],[0.305721,0.050925,0.950758]]],"btipPosition":[-24.4808,358.52,-79.9103],"carpPosition":[-11.1612,324.716,64.3151],"dipPosition":[-19.3867,359.369,-64.068],"direction":[-0.257186,0.00646523,-0.96634],"extended":true,"handId":987,"id":9871,"length":57.352,"mcpPosition":[-5.6152,355.456,-0.27753],"pipPosition":[-13.3243,359.216,-41.2893],"stabilizedTipPosition":[-30.7942,317.38,-38.2369],"timeVisible":6.15061,"tipPosition":[-24.1366,357.672,-75.9485],"tipVelocity":[46.9806,74.1981,-159.041],"tool":false,"touchDistance":-0.836554,"touchZone":"hovering","type":1,"width":18.8641},{"bases":[[[0.582459,-0.79326,-0.177429],[0.793785,0.508065,0.334329],[-0.175065,-0.335573,0.925604]],[[0.577461,-0.802127,-0.152088],[0.555048,0.522332,-0.647372],[0.598715,0.289416,0.746846]],[[0.577461,-0.802127,-0.152088],[-0.403116,-0.118142,-0.907491],[0.709955,0.58535,-0.391572]],[[0.577461,-0.802127,-0.152088],[-0.754699,-0.453409,-0.474184],[0.311397,0.388604,-0.86719]]],"btipPosition":[-42.9794,304.258,-9.8279],"carpPosition":[-1.35113,318.385,61.5064],"dipPosition":[-37.2725,311.38,-25.7208],"direction":[-0.709955,-0.58535,0.391572],"extended":false,"handId":987,"id":9872,"length":65.348,"mcpPosition":[10.5605,341.218,-1.47283],"pipPosition":[-17.5836,327.614,-36.5801],"stabilizedTipPosition":[-43.7073,254.445,42.1223],"timeVisible":6.15061,"tipPosition":[-41.6593,305.657,-12.135],"tipVelocity":[26.3947,36.0649,-195.319],"tool":false,"touchDistance":0.333333,"touchZone":"none","type":2,"width":18.527},{"bases":[[[0.488841,-0.870024,-0.0639796],[0.827385,0.439135,0.350135],[-0.27653,-0.224096,0.934512]],[[0.481458,-0.875576,-0.0395699],[0.637054,0.380594,-0.670306],[0.601964,0.297516,0.741029]],[[0.481458,-0.875576,-0.0395699],[-0.38559,-0.171051,-0.906676],[0.787095,0.451784,-0.419967]],[[0.481458,-0.875576,-0.0395699],[-0.785072,-0.410739,-0.463633],[0.389693,0.254285,-0.885143]]],"btipPosition":[-31.2719,293.53,-2.95968],"carpPosition":[6.43014,309.643,58.9441],"dipPosition":[-24.1711,298.163,-19.0884],"direction":[-0.787095,-0.451784,0.419967],"extended":false,"handId":987,"id":9873,"length":62.8339,"mcpPosition":[23.3232,323.333,1.85506],"pipPosition":[-2.9066,310.369,-30.4344],"stabilizedTipPosition":[-31.6581,248.581,24.5776],"timeVisible":6.15061,"tipPosition":[-29.599,294.539,-5.31015],"tipVelocity":[22.3423,29.0281,-169.931],"tool":false,"touchDistance":0.333333,"touchZone":"none","type":3,"width":17.6296},{"bases":[[[0.310077,-0.950631,-0.012357],[0.865642,0.276934,0.417098],[-0.393084,-0.140029,0.908777]],[[0.314832,-0.948859,-0.0234026],[0.701829,0.249326,-0.667288],[0.638997,0.193659,0.744432]],[[0.314832,-0.948859,-0.0234026],[-0.405175,-0.112059,-0.907346],[0.85832,0.295144,-0.419733]],[[0.314832,-0.948859,-0.0234026],[-0.834926,-0.265134,-0.482288],[0.451418,0.171379,-0.8757]]],"btipPosition":[-14.8956,288.989,1.85618],"carpPosition":[8.87132,296.259,56.1917],"dipPosition":[-7.30716,291.87,-12.8645],"direction":[-0.85832,-0.295144,0.419733],"extended":false,"handId":987,"id":9874,"length":49.2606,"mcpPosition":[31.1003,304.178,4.80025],"pipPosition":[9.06507,297.5,-20.8708],"stabilizedTipPosition":[-15.9524,248.142,20.5678],"timeVisible":6.15061,"tipPosition":[-13.0319,289.487,-0.551433],"tipVelocity":[22.5102,31.9783,-174.16],"tool":false,"touchDistance":0.333333,"touchZone":"none","type":4,"wi