{"sensorType":"Leap","data":[[0,{"currentFrameRate":53.0354,"devices":[],"gestures":[],"hands":[{"armBasis":[[0.611394,-0.779572,-0.135884],[0.749518,0.625567,-0.21654],[0.253813,0.0305437,0.966771]],"armWidth":62.1429,"confidence":0.529496,"direction":[0.400428,0.357375,-0.843766],"elbow":[58.1235,299.71,340.721],"grabStrength":0.354174,"id":987,"palmNormal":[-0.659291,-0.527141,-0.536151],"palmPosition":[4.86941,313.998,39.6408],"palmVelocity":[6.94133,190.16,-259.546],"palmWidth":88.738,"pinchStrength":0.926555,"r":[[0.855321,-0.223944,0.467199],[0.306357,0.945828,-0.107495],[-0.417817,0.235072,0.877593]],"s":1.05464,"sphereCenter":[-13.6031,284.49,1.31466],"sphereRadius":45.1815,"stabilizedPalmPosition":[3.77479,266.727,102.521],"t":[5.86247,10.2865,-45.1475],"timeVisible":11.3011,"type":"right","wrist":[-8.70991,291.667,86.1529]}],"id":4972428,"interactionBox":{"center":[0,200,0],"size":[235.247,235.247,147.751]},"pointables":[{"bases":[[[0.923906,0.230985,0.30503],[-0.373592,0.716752,0.588809],[-0.0826245,-0.657961,0.748506]],[[0.864703,0.498853,-0.0586064],[-0.461911,0.8356,0.297339],[0.1973,-0.230039,0.952971]],[[0.864703,0.498853,-0.0586064],[-0.501827,0.853038,-0.143163],[-0.0214238,0.153204,0.987962]],[[0.864703,0.498853,-0.0586064],[-0.501537,0.863881,-0.0465944],[0.0273852,0.0696836,0.997193]]],"btipPosition":[-44.2013,310.871,-18.0008],"carpPosition":[-34.6836,306.357,84.0037],"dipPosition":[-43.5762,312.462,4.75955],"direction":[0.0214239,-0.153204,-0.987962],"extended":false,"handId":987,"id":9870,"length":50.8265,"mcpPosition":[-34.6836,306.357,84.0037],"pipPosition":[-44.2886,317.556,37.611],"stabilizedTipPosition":[-44.9466,290.109,12.5524],"timeVisible":11.3011,"tipPosition":[-43.9667,312.462,-12.5985],"tipVelocity":[19.5959,219.672,-268.485],"tool":false,"touchDistance":-0.879091,"touchZone":"hovering","type":0,"width":19.7488},{"bases":[[[0.694588,-0.700028,-0.165854],[0.694703,0.592772,0.407442],[-0.186908,-0.398224,0.898044]],[[0.68556,-0.717095,-0.125631],[0.693576,0.695778,-0.186668],[0.22127,0.0408381,0.974357]],[[0.68556,-0.717095,-0.125631],[0.665336,0.687186,-0.291726],[0.295526,0.116409,0.948216]],[[0.68556,-0.717095,-0.125631],[0.643038,0.677362,-0.357328],[0.341335,0.164185,0.925491]]],"btipPosition":[-21.4413,335.456,-57.8014],"carpPosition":[-12.9269,314.075,85.2296],"dipPosition":[-15.7537,338.192,-42.3802],"direction":[-0.295526,-0.116409,-0.948216],"extended":true,"handId":987,"id":9871,"length":57.352,"mcpPosition":[0.483473,342.647,20.796],"pipPosition":[-8.78753,340.936,-20.0287],"stabilizedTipPosition":[-22.4719,321.023,-39.4567],"timeVisible":11.3011,"tipPosition":[-20.9429,335.171,-53.6946],"tipVelocity":[52.7835,277.11,-264.634],"tool":false,"touchDistance":-0.901122,"touchZone":"hovering","type":1,"width":18.8641},{"bases":[[[0.534275,-0.838121,-0.110012],[0.797858,0.457003,0.393154],[-0.279235,-0.297827,0.912867]],[[0.526905,-0.845515,-0.0864607],[0.579897,0.432009,-0.690715],[0.621362,0.313803,0.71794]],[[0.526905,-0.845515,-0.0864607],[-0.263203,-0.065598,-0.962508],[0.808143,0.529907,-0.257106]],[[0.526905,-0.845515,-0.0864607],[-0.634473,-0.323609,-0.701941],[0.565522,0.424713,-0.706968]]],"btipPosition":[-46.4003,290.006,7.64545],"carpPosition":[-3.41496,306.972,83.4199],"dipPosition":[-36.036,297.79,-5.31108],"direction":[-0.808143,-0.529907,0.257106],"extended":false,"handId":987,"id":9872,"length":65.348,"mcpPosition":[15.5845,327.236,21.3072],"pipPosition":[-13.6241,312.485,-12.4413],"stabilizedTipPosition":[-43.9754,262.12,44.7587],"timeVisible":11.3011,"tipPosition":[-44.1673,291.556,6.0485],"tipVelocity":[16.9241,226.388,-319.321],"tool":false,"touchDistance":0.333333,"touchZone":"none","type":2,"width":18.527},{"bases":[[[0.425684,-0.904864,-0.00379968],[0.824683,0.386228,0.41319],[-0.372413,-0.179022,0.910637]],[[0.41478,-0.909645,0.0224317],[0.649516,0.278722,-0.70742],[0.637249,0.307994,0.706437]],[[0.41478,-0.909645,0.0224317],[-0.250401,-0.137809,-0.958284],[0.87479,0.39186,-0.284936]],[[0.41478,-0.909645,0.0224317],[-0.652316,-0.31445,-0.689641],[0.634382,0.271417,-0.723804]]],"btipPosition":[-36.3311,279.603,16.1972],"carpPosition":[3.87878,297.619,81.7231],"dipPosition":[-24.7716,284.548,3.0084],"direction":[-0.87479,-0.39186,0.284936],"extended":false,"handId":987,"id":9873,"length":62.8339,"mcpPosition":[26.6294,308.556,26.0926],"pipPosition":[-1.138,295.135,-4.68955],"stabilizedTipPosition":[-30.8448,237.304,76.204],"timeVisible":11.3011,"tipPosition":[-33.833,280.7,14.9367],"tipVelocity":[12.9619,213.315,-322.177],"tool":false,"touchDistance":0.333333,"touchZone":"none","type":3,"width":17.6296},{"bases":[[[0.237568,-0.970796,0.0334039],[0.84469,0.223444,0.486387],[-0.479647,-0.087334,0.873105]],[[0.258598,-0.96597,-0.00533466],[0.69232,0.189185,-0.696349],[0.673662,0.176381,0.717683]],[[0.258598,-0.96597,-0.00533466],[-0.265274,-0.0657035,-0.961932],[0.928847,0.250168,-0.273238]],[[0.258598,-0.96597,-0.00533466],[-0.680651,-0.178291,-0.710582],[0.68545,0.187386,-0.703594]]],"btipPosition":[-19.8117,274.961,22.3725],"carpPosition":[5.53487,284.026,79.4558],"dipPosition":[-8.28916,278.111,10.5449],"direction":[-0.928847,-0.250168,0.273238],"extended":false,"handId":987,"id":9874,"length":49.2606,"mcpPosition":[32.6589,288.965,30.0816],"pipPosition":[9.42834,282.882,5.333],"stabilizedTipPosition":[-12.3488,229.656,86.6078],"timeVisible":11.3011,"tipPosition":[-17.1736,275.592,20.7842],"tipVelocity":[7.82651,206.885,-306.861],"tool":false,"touchDistance":0.333333,"touchZone":"none","type":4,"width":15.66}],"r":[[0.855321,-0.223944,0.467199],[0.306357,0.945828,-0.107495],[-0.417817,0.235072,0.877593]],"s":1.05464,"t":[5.86247,10.2865,-45.1475],"timestamp":669534549518},false],[1,{"currentFrameRate":53.0241,"devices":[],"gestures":[],"hands":[{"armBasis":[[0.60494,-0.785047,-0.133225],[0.753014,0.618408,-0.224812],[0.258875,0.0356777,0.965252]],"armWidth":62.1429,"confidence":0.542169,"direction":[0.404834,0.366287,-0.83782],"elbow":[59.1854,303.412,335.291],"grabStrength":0.343842,"id":987,"palmNormal":[-0.664941,-0.51102,-0.544712],"palmPosition":[4.87152,316.935,34.9786],"palmVelocity":[3.59225,173.109,-253.234],"palmWidth":88.738,"pinchStrength":0.94455,"r":[[0.852974,-0.236832,0.46513],[0.314665,0.944313,-0.0962259],[-0.416439,0.228438,0.879997]],"s":1.0512,"sphereCenter":[-13.9534,288.224,-3.92334],"sphereRadius":45.2677,"stabilizedPalmPosition":[3.836,269.529,98.7515],"t":[5.9266,13.5392,-49.9136],"timeVisible":11.32,"type":"right","wrist":[-8.98091,294.017,81.1234]}],"id":4972429,"interactionBox":{"center":[0,200,0],"size":[235.247,235.247,147.751]},"pointables":[{"bases":[[[0.926308,0.215632,0.308959],[-0.365762,0.71141,0.600095],[-0.0903966,-0.668879,0.737855]],[[0.870326,0.4899,-0.0503051],[-0.452136,0.835345,0.312686],[0.195207,-0.249394,0.948524]],[[0.870326,0.4899,-0.0503051],[-0.492072,0.860927,-0.12911],[-0.0199417,0.137121,0.990354]],[[0.870326,0.4899,-0.0503051],[-0.492,0.869428,-0.045068],[0.0216578,0.0639739,0.997717]]],"btipPosition":[-44.1205,315.154,-22.6774],"carpPosition":[-34.7862,309.032,79.202],"dipPosition":[-43.6262,316.614,0.0948082],"direction":[0.0199417,-0.137121,-0.990354],"extended":false,"handId":987,"id":9870,"length":50.8265,"mcpPosition":[-34.7862,309.032,79.202],"pipPosition":[-44.2893,321.173,33.0258],"stabilizedTipPosition":[-44.8012,294.038,7.90984],"timeVisible":11.32,"tipPosition":[-43.9265,316.684,-17.2665],"tipVelocity":[11.3013,222.279,-258.095],"tool":false,"touchDistance":-0.889624,"touchZone":"hovering","type":0,"width":19.7488},{"bases":[[[0.686726,-0.70508,-0.176832],[0.701152,0.578298,0.417081],[-0.191814,-0.410407,0.891501]],[[0.677561,-0.722557,-0.137192],[0.702697,0.69107,-0.169231],[0.217088,0.0182597,0.975981]],[[0.677561,-0.722557,-0.137192],[0.675396,0.685136,-0.272816],[0.291121,0.0921909,0.952234]],[[0.677561,-0.722557,-0.137192],[0.653719,0.67715,-0.337816],[0.336991,0.139206,0.93116]]],"btipPosition":[-20.7554,340.672,-62.2611],"carpPosition":[-12.9444,316.483,80.5576],"dipPosition":[-15.1402,342.991,-46.7455],"direction":[-0.291121,-0.0921909,-0.952234],"extended":true,"handId":987,"id":9871,"length":57.352,"mcpPosition":[0.817984,345.929,16.5935],"pipPosition":[-8.27781,345.164,-24.2992],"stabilizedTipPosition":[-21.6035,326.85,-45.0101],"timeVisible":11.32,"tipPosition":[-20.3265,340.248,-58.1538],"tipVelocity":[44.2652,274.059,-250.011],"tool":false,"touchDistance":-0.905914,"touchZone":"hovering","type":1,"width":18.8641},{"bases":[[[0.524839,-0.842231,-0.123255],[0.802776,0.44162,0.400653],[-0.28301,-0.309224,0.907902]],[[0.517157,-0.850127,-0.0991601],[0.591665,0.438811,-0.676297],[0.618451,0.291082,0.729925]],[[0.517157,-0.850127,-0.0991601],[-0.25204,-0.0405468,-0.966867],[0.817939,0.525015,-0.235235]],[[0.517157,-0.850127,-0.0991601],[-0.63033,-0.299927,-0.71605],[0.578993,0.432814,-0.69097]]],"btipPosition":[-46.6225,294.168,1.73755],"carpPosition":[-3.51235,309.303,78.6372],"dipPosition":[-36.0114,302.1,-10.9258],"direction":[-0.817939,-0.525015,0.235235],"extended":false,"handId":987,"id":9872,"length":65.348,"mcpPosition":[15.744,330.343,16.8624],"pipPosition":[-13.3278,316.66,-17.4495],"stabilizedTipPosition":[-43.9965,265.587,40.0574],"timeVisible":11.32,"tipPosition":[-44.3266,295.722,0.303068],"tipVelocity":[4.33167,224.245,-314.269],"tool":false,"touchDistance":0.333333,"touchZone":"none","type":2,"width":18.527},{"bases":[[[0.415451,-0.909434,-0.0181564],[0.828791,0.370235,0.419561],[-0.374841,-0.189355,0.907546]],[[0.404381,-0.914553,0.00822749],[0.661218,0.286127,-0.693486],[0.631876,0.285873,0.720423]],[[0.404381,-0.914553,0.00822749],[-0.239438,-0.114544,-0.964131],[0.882692,0.387907,-0.265299]],[[0.404381,-0.914553,0.00822749],[-0.648812,-0.293198,-0.702195],[0.644607,0.278616,-0.711937]]],"btipPosition":[-36.551,283.451,10.0999],"carpPosition":[3.67623,299.897,76.7931],"dipPosition":[-24.8052,288.528,-2.87272],"direction":[-0.882692,-0.387907,0.265299],"extended":false,"handId":987,"id":9873,"length":62.8339,"mcpPosition":[26.5751,311.465,21.3514],"pipPosition":[-0.958095,299.008,-10.0401],"stabilizedTipPosition":[-31.0353,240.304,71.8237],"timeVisible":11.32,"tipPosition":[-34.0415,284.539,8.94635],"tipVelocity":[2.01152,209.349,-321.099],"tool":false,"touchDistance":0.333333,"touchZone":"none","type":3,"width":17.6296},{"bases":[[[0.226586,-0.973826,0.0179319],[0.846926,0.206084,0.490149],[-0.481016,-0.0958738,0.871454]],[[0.246416,-0.96899,-0.0183659],[0.702069,0.191537,-0.685866],[0.668116,0.156114,0.727496]],[[0.246416,-0.96899,-0.0183659],[-0.255197,-0.0465921,-0.965766],[0.934962,0.242667,-0.258764]],[[0.246416,-0.96899,-0.0183659],[-0.676517,-0.158408,-0.719188],[0.693977,0.189644,-0.694573]]],"btipPosition":[-20.1579,278.546,16.553],"carpPosition":[5.17995,286.324,74.309],"dipPosition":[-8.49206,281.734,4.87706],"direction":[-0.934962,-0.242667,0.258764],"extended":false,"handId":987,"id":9874,"length":49.2606,"mcpPosition":[32.3814,291.746,25.0282],"pipPosition":[9.34208,286.362,-0.0587895],"stabilizedTipPosition":[-12.6354,232.431,82.5402],"timeVisible":11.32,"tipPosition":[-17.5174,279.149,15.0641],"tipVelocity":[-4.13982,198.675,-306.471],"tool":false,"touchDistance":0.333333,"touchZone":"none","type":4,"width":15.66}],"r":[[0.852974,-0.236832,0.46513],[0.314665,0.944313,-0.0962259],[-0.416439,0.228438,0.879997]],"s":1.0512,"t":[5.9266,13.5392,-49.9136],"timestamp":669534568418},false],[2,{"currentFrameRate":53.0295,"devices":[],"gestures":[],"hands":[{"armBasis":[[0.602454,-0.790941,-0.107058],[0.762379,0.609958,-0.216167],[0.236276,0.0486123,0.970469]],"armWidth":62.1429,"confidence":0.526111,"direction":[0.400904,0.365459,-0.840069],"elbow":[54.1545,308.834,332.643],"grabStrength":0.330157,"id":987,"palmNormal":[-0.678471,-0.497731,-0.540316],"palmPosition":[5.61698,319.03,30.944],"palmVelocity":[21.1959,142.818,-234.124],"palmWidth":88.738,"pinchStrength":0.960559,"r":[[0.851315,-0.250198,0.461155],[0.323891,0.942106,-0.0867828],[-0.412744,0.223243,0.883065]],"s":1.04788,"sphereCenter":[-14.1313,290.848,-8.04037],"sphereRadius":45.3737,"stabilizedPalmPosition":[3.91953,271.851,95.5711],"t":[6.3314,16.213,-54.314],"timeVisible":11.3388,"type":"right","wrist":[-8.06124,296.033,77.1014]}],"id":4972430,"interactionBox":{"center":[0,200,0],"size":[235.247,235.247,147.751]},"pointables":[{"bases":[[[0.932784,0.199981,0.299868],[-0.348462,0.712999,0.608447],[-0.0921281,-0.672042,0.73476]],[[0.87696,0.47718,-0.0569347],[-0.43556,0.839293,0.325383],[0.203051,-0.26055,0.943867]],[[0.87696,0.47718,-0.0569347],[-0.480525,0.869202,-0.116547],[-0.006126,0.129565,0.991552]],[[0.87696,0.47718,-0.0569347],[-0.479653,0.876425,-0.0425734],[0.0295839,0.064644,0.99747]]],"btipPosition":[-44.0168,318.34,-26.127],"carpPosition":[-33.6603,311.44,75.5599],"dipPosition":[-43.3416,319.816,-3.36037],"direction":[0.006126,-0.129565,-0.991552],"extended":false,"handId":987,"id":9870,"length":50.8265,"mcpPosition":[-33.6603,311.44,75.5599],"pipPosition":[-43.5453,324.124,29.6105],"stabilizedTipPosition":[-44.6572,297.814,3.49612],"timeVisible":11.3388,"tipPosition":[-43.7619,319.81,-20.7259],"tipVelocity":[9.54686,196.379,-221.444],"tool":false,"touchDistance":-0.880758,"touchZone":"hovering","type":0,"width":19.7488},{"bases":[[[0.674165,-0.714049,-0.188773],[0.714258,0.565258,0.412697],[-0.18798,-0.413058,0.891093]],[[0.665358,-0.731326,-0.149867],[0.712514,0.682022,-0.164835],[0.222761,0.00289193,0.974869]],[[0.665358,-0.731326,-0.149867],[0.685062,0.677917,-0.266682],[0.296629,0.0747707,0.952061]],[[0.665358,-0.731326,-0.149867],[0.663283,0.671255,-0.330866],[0.34257,0.12074,0.931702]]],"btipPosition":[-20.2429,344.299,-66.0318],"carpPosition":[-11.6965,318.558,76.716],"dipPosition":[-14.5348,346.311,-50.5071],"direction":[-0.296629,-0.0747707,-0.952061],"extended":true,"handId":987,"id":9871,"length":57.352,"mcpPosition":[1.79089,348.195,12.7812],"pipPosition":[-7.54259,348.073,-28.0649],"stabilizedTipPosition":[-20.8319,332.02,-50.047],"timeVisible":11.3388,"tipPosition":[-19.8568,343.747,-61.9204],"tipVelocity":[36.472,232.347,-225.568],"tool":false,"touchDistance":-0.900185,"touchZone":"hovering","type":1,"width":18.8641},{"bases":[[[0.510862,-0.84912,-0.134218],[0.813651,0.427196,0.394305],[-0.277475,-0.310642,0.909126]],[[0.503156,-0.857226,-0.109534],[0.597554,0.436669,-0.672495],[0.62431,0.272917,0.731951]],[[0.503156,-0.857226,-0.109534],[-0.251712,-0.0241196,-0.967502],[0.826725,0.514376,-0.22791]],[[0.503156,-0.857226,-0.109534],[-0.63528,-0.280965,-0.71936],[0.585878,0.431535,-0.685948]]],"btipPosition":[-46.5261,297.385,-2.72668],"carpPosition":[-2.39405,311.251,74.6467],"dipPosition":[-35.7888,305.294,-15.298],"direction":[-0.826725,-0.514376,0.22791],"extended":false,"handId":987,"id":9872,"length":65.348,"mcpPosition":[16.4857,332.388,12.7886],"pipPosition":[-12.8615,319.559,-21.6185],"stabilizedTipPosition":[-44.0023,268.803,35.6877],"timeVisible":11.3388,"tipPosition":[-44.1892,298.912,-4.05011],"tipVelocity":[5.46921,197.946,-275.905],"tool":false,"touchDistance":0.333333,"touchZone":"none","type":2,"width":18.527},{"bases":[[[0.401662,-0.91535,-0.0283093],[0.83881,0.355318,0.412488],[-0.367512,-0.189427,0.910523]],[[0.390459,-0.92062,-0.000987957],[0.666866,0.283574,-0.689112],[0.634691,0.268411,0.724654]],[[0.390459,-0.92062,-0.000987957],[-0.235727,-0.0989405,-0.96677],[0.88993,0.377716,-0.255647]],[[0.390459,-0.92062,-0.000987957],[-0.650459,-0.275117,-0.707965],[0.651495,0.277074,-0.706247]]],"btipPosition":[-36.4856,286.375,5.24149],"carpPosition":[4.63301,301.752,72.6654],"dipPosition":[-24.6143,291.423,-7.62744],"direction":[-0.88993,-0.377716,0.255647],"extended":false,"handId":987,"id":9873,"length":62.8339,"mcpPosition":[27.0842,313.324,17.0418],"pipPosition":[-0.571662,301.628,-14.5341],"stabilizedTipPosition":[-31.1892,242.977,67.8871],"timeVisible":11.3388,"tipPosition":[-33.9311,287.441,4.19673],"tipVelocity":[3.4754,182.68,-289.561],"tool":false,"touchDistance":0.333333,"touchZone":"none","type":3,"width":17.6296},{"bases":[[[0.212273,-0.977164,0.00950095],[0.855286,0.190482,0.481875],[-0.47268,-0.0941627,0.876189]],[[0.23031,-0.972815,-0.0242334],[0.70403,0.183764,-0.685983],[0.671788,0.140928,0.727214]],[[0.23031,-0.972815,-0.0242334],[-0.257022,-0.0367926,-0.965705],[0.938561,0.22864,-0.258509]],[[0.23031,-0.972815,-0.0242334],[-0.681472,-0.143459,-0.717646],[0.694661,0.181796,-0.695986]]],"btipPosition":[-20.1089,281.222,12.0873],"carpPosition":[5.90717,288.174,70.0825],"dipPosition":[-8.43151,284.278,0.38766],"direction":[-0.938561,-0.22864,0.258509],"extended":false,"handId":987,"id":9874,"length":49.2606,"mcpPosition":[32.6373,293.499,20.534],"pipPosition":[9.47128,288.639,-4.54332],"stabilizedTipPosition":[-12.873,234.887,78.9109],"timeVisible":11.3388,"tipPosition":[-17.479,281.769,10.6385],"tipVelocity":[-0.771724,170.184,-272.65],"tool":false,"touchDistance":0.333333,"touchZone":"none","type":4,"width":15.66}],"r":[[0.851315,-0.250198,0.461155],[0.323891,0.942106,-0.0867828],[-0.412744,0.223243,0.883065]],"s":1.04788,"t":[6.3314,16.213,-54.314],"timestamp":669534587256},false],[3,{"currentFrameRate":53.017,"devices":[],"gestures":[],"hands":[{"armBasis":[[0.594527,-0.794467,-0.123936],[0.76681,0.606577,-0.209921],[0.241953,0.0297682,0.969831]],"armWidth":62.1429,"confidence":0.507271,"direction":[0.396888,0.361663,-0.843612],"elbow":[56.5569,306.01,329.945],"grabStrength":0.311501,"id":987,"palmNormal":[-0.685031,-0.495018,-0.534499],"palmPosition":[6.32042,321.005,28.2728],"palmVelocity":[29.0487,124.009,-188.583],"palmWidth":88.738,"pinchStrength":0.971099,"r":[[0.850259,-0.261607,0.456751],[0.332182,0.939809,-0.0800866],[-0.408308,0.219819,0.885982]],"s":1.04512,"sphereCenter":[-13.9603,292.95,-10.6414],"sphereRadius":45.4704,"stabilizedPalmPosition":[4.02327,273.974,92.6633],"t":[6.88551,18.5375,-57.8498],"timeVisible":11.3577,"type":"right","wrist":[-7.15342,298.171,74.571]}],"id":4972431,"interactionBox":{"center":[0,200,0],"size":[235.247,235.247,147.751]},"pointables":[{"bases":[[[0.935985,0.195421,0.292818],[-0.340193,0.716051,0.60954],[-0.090556,-0.670135,0.736694]],[[0.879201,0.47214,-0.0639468],[-0.427884,0.841472,0.32991],[0.209573,-0.262696,0.941844]],[[0.879201,0.47214,-0.0639468],[-0.476444,0.871937,-0.112816],[0.00249276,0.129655,0.991556]],[[0.879201,0.47214,-0.0639468],[-0.475358,0.878334,-0.050643],[0.032256,0.074923,0.996667]]],"btipPosition":[-43.6996,320.483,-28.3878],"carpPosition":[-32.678,313.715,73.1824],"dipPosition":[-42.9634,322.193,-5.63954],"direction":[-0.00249276,-0.129655,-0.991556],"extended":false,"handId":987,"id":9870,"length":50.8265,"mcpPosition":[-32.678,313.715,73.1824],"pipPosition":[-42.8805,326.504,27.3314],"stabilizedTipPosition":[-44.4862,301.313,-0.547727],"timeVisible":11.3577,"tipPosition":[-43.4252,321.942,-23.0107],"tipVelocity":[13.4564,157.034,-171.586],"tool":false,"touchDistance":-0.854991,"touchZone":"hovering","type":0,"width":19.7488},{"bases":[[[0.668877,-0.718097,-0.1922],[0.720275,0.562106,0.406498],[-0.183868,-0.410334,0.893207]],[[0.660498,-0.734815,-0.154235],[0.717149,0.67825,-0.160228],[0.222348,-0.00477953,0.974956]],[[0.660498,-0.734815,-0.154235],[0.690516,0.675154,-0.259528],[0.294837,0.0649154,0.95334]],[[0.660498,-0.734815,-0.154235],[0.669339,0.669329,-0.322467],[0.340188,0.109753,0.933931]]],"btipPosition":[-19.4101,346.997,-68.8024],"carpPosition":[-10.6679,320.715,74.168],"dipPosition":[-13.7417,348.826,-53.2406],"direction":[-0.294837,-0.0649154,-0.95334],"extended":true,"handId":987,"id":9871,"length":57.352,"mcpPosition":[2.52448,350.156,10.0815],"pipPosition":[-6.79171,350.356,-30.7683],"stabilizedTipPosition":[-20.0481,336.448,-54.4113],"timeVisible":11.3577,"tipPosition":[-19.1226,346.307,-64.6646],"tipVelocity":[39.9508,187.287,-186.581],"tool":false,"touchDistance":-0.87993,"touchZone":"hovering","type":1,"width":18.8641},{"bases":[[[0.50523,-0.852166,-0.13622],[0.818776,0.423466,0.387664],[-0.272669,-0.307393,0.91168]],[[0.497541,-0.860297,-0.111097],[0.599782,0.433712,-0.672425],[0.626669,0.267925,0.73178]],[[0.497541,-0.860297,-0.111097],[-0.250949,-0.0201542,-0.96779],[0.830348,0.509395,-0.225918]],[[0.497541,-0.860297,-0.111097],[-0.63699,-0.275416,-0.719993],[0.58881,0.428994,-0.685031]]],"btipPosition":[-46.1448,299.685,-5.5647],"carpPosition":[-1.42062,313.353,72.0465],"dipPosition":[-35.3537,307.548,-18.1192],"direction":[-0.830348,-0.509395,0.225918],"extended":false,"handId":987,"id":9872,"length":65.348,"mcpPosition":[17.1321,334.269,10.0146],"pipPosition":[-12.326,321.674,-24.3845],"stabilizedTipPosition":[-43.9714,271.777,31.6723],"timeVisible":11.3577,"tipPosition":[-43.7864,301.202,-6.86658],"tipVelocity":[13.001,160.253,-214.097],"tool":false,"touchDistance":0.333333,"touchZone":"none","type":2,"width":18.527},{"bases":[[[0.396428,-0.917595,-0.0294075],[0.84367,0.351485,0.405806],[-0.362029,-0.185683,0.913486]],[[0.38522,-0.922824,-0.00157596],[0.673278,0.282218,-0.68341],[0.631112,0.262202,0.730033]],[[0.38522,-0.922824,-0.00157596],[-0.225998,-0.0926837,-0.969709],[0.894724,0.373907,-0.24426]],[[0.38522,-0.922824,-0.00157596],[-0.645929,-0.268413,-0.714654],[0.659077,0.276317,-0.699476]]],"btipPosition":[-36.0254,288.593,1.76312],"carpPosition":[5.53995,303.812,70.0334],"dipPosition":[-24.016,293.628,-10.9824],"direction":[-0.894724,-0.373907,0.24426],"extended":false,"handId":987,"id":9873,"length":62.8339,"mcpPosition":[27.6562,315.155,14.2288],"pipPosition":[0.15624,303.73,-17.5815],"stabilizedTipPosition":[-31.295,245.363,64.3651],"timeVisible":11.3577,"tipPosition":[-33.4389,289.655,0.828331],"tipVelocity":[14.5351,150.544,-237.032],"tool":false,"touchDistance":0.333333,"touchZone":"none","type":3,"width":17.6296},{"bases":[[[0.206978,-0.978296,0.0098723],[0.859738,0.186692,0.475391],[-0.466916,-0.089908,0.879719]],[[0.223169,-0.974556,-0.0208762],[0.71002,0.17719,-0.681525],[0.667883,0.137272,0.731497]],[[0.223169,-0.974556,-0.0208762],[-0.248763,-0.0362321,-0.967887],[0.942504,0.221195,-0.250519]],[[0.223169,-0.974556,-0.0208762],[-0.678136,-0.139834,-0.721511],[0.700234,0.175175,-0.692088]]],"btipPosition":[-19.655,283.409,8.90726],"carpPosition":[6.72121,290.222,67.4677],"dipPosition":[-7.88397,286.353,-2.72688],"direction":[-0.942504,-0.221195,0.250519],"extended":false,"handId":987,"id":9874,"length":49.2606,"mcpPosition":[33.1254,295.306,17.7195],"pipPosition":[10.094,290.573,-7.50546],"stabilizedTipPosition":[-13.0588,237.13,75.597],"timeVisible":11.3577,"tipPosition":[-17.0213,283.915,7.58108],"tipVelocity":[11.9406,142.78,-221.022],"tool":false,"touchDistance":0.333333,"touchZone":"none","type":4,"width":15.66}],"r":[[0.850259,-0.261607,0.456751],[0.332182,0.939809,-0.0800866],[-0.408308,0.219819,0.885982]],"s":1.04512,"t":[6.88551,18.5375,-57.8498],"timestamp":669534606163},false],[4,{"currentFrameRate":53.0152,"devices":[],"gestures":[],"hands":[{"armBasis":[[0.594271,-0.793424,-0.131605],[0.763733,0.608007,-0.216883],[0.252097,0.0283765,0.967286]],"armWidth":62.1429,"confidence":0.533769,"direction":[0.403736,0.365336,-0.838765],"elbow":[58.3862,307.155,325.911],"grabStrength":0.293126,"id":987,"palmNormal":[-0.678436,-0.495517,-0.542391],"palmPosition":[5.84567,322.694,25.1055],"palmVelocity":[2.49557,107.094,-178.431],"palmWidth":88.738,"pinchStrength":0.979007,"r":[[0.848637,-0.270445,0.454615],[0.338385,0.938126,-0.0735886],[-0.406585,0.216285,0.887643]],"s":1.04148,"sphereCenter":[-14.4137,295.569,-14.0906],"sphereRadius":45.1713,"stabilizedPalmPosition":[4.08827,275.712,90.2535],"t":[6.92519,20.5439,-61.2014],"timeVisible":11.3766,"type":"right","wrist":[-7.99533,299.683,71.2076]}],"id":4972432,"interactionBox":{"center":[0,200,0],"size":[235.247,235.247,147.751]},"pointables":[{"bases":[[[0.932575,0.197391,0.302225],[-0.348122,0.713227,0.608373],[-0.0954681,-0.672565,0.733854]],[[0.878433,0.474806,-0.0539846],[-0.432958,0.838599,0.330604],[0.202244,-0.26704,0.942224]],[[0.878433,0.474806,-0.0539846],[-0.477816,0.871092,-0.113536],[-0.00688219,0.125529,0.992066]],[[0.878433,0.474806,-0.0539846],[-0.477555,0.876312,-0.0633838],[0.0172123,0.0814591,0.996528]]],"btipPosition":[-43.5627,322.121,-31.9797],"carpPosition":[-33.553,315.154,69.6228],"dipPosition":[-43.1698,323.98,-9.2346],"direction":[0.00688219,-0.125529,-0.992066],"extended":false,"handId":987,"id":9870,"length":50.8265,"mcpPosition":[-33.553,315.154,69.6228],"pipPosition":[-43.3987,328.154,23.7533],"stabilizedTipPosition":[-44.3656,303.84,-3.66517],"timeVisible":11.3766,"tipPosition":[-43.3919,323.579,-26.6118],"tipVelocity":[8.36922,123.53,-180.8],"tool":false,"touchDistance":-0.851714,"touchZone":"hovering","type":0,"width":19.7488},{"bases":[[[0.672852,-0.715504,-0.18795],[0.714683,0.563086,0.414925],[-0.191048,-0.413508,0.890232]],[[0.664542,-0.731699,-0.151659],[0.718242,0.681451,-0.140544],[0.206184,-0.0155308,0.97839]],[[0.664542,-0.731699,-0.151659],[0.693681,0.679523,-0.238864],[0.277832,0.0535319,0.959137]],[[0.664542,-0.731699,-0.151659],[0.67384,0.674511,-0.301622],[0.322992,0.0982464,0.941288]]],"btipPosition":[-18.4371,349.638,-72.3232],"carpPosition":[-11.5746,322.217,70.8369],"dipPosition":[-13.0552,351.275,-56.6387],"direction":[-0.277832,-0.0535319,-0.959137],"extended":true,"handId":987,"id":9871,"length":57.352,"mcpPosition":[2.13286,351.886,6.96389],"pipPosition":[-6.50607,352.537,-34.0298],"stabilizedTipPosition":[-19.2891,340.062,-58.2222],"timeVisible":11.3766,"tipPosition":[-18.2694,348.817,-68.1769],"tipVelocity":[43.9299,162.95,-185.853],"tool":false,"touchDistance":-0.872659,"touchZone":"hovering","type":1,"width":18.8641},{"bases":[[[0.509094,-0.85023,-0.133911],[0.81378,0.4248,0.39662],[-0.280333,-0.310891,0.908163]],[[0.501114,-0.858534,-0.108645],[0.607789,0.438535,-0.662027],[0.616017,0.265718,0.741564]],[[0.501114,-0.858534,-0.108645],[-0.236601,-0.0151617,-0.971489],[0.832409,0.512532,-0.210727]],[[0.501114,-0.858534,-0.108645],[-0.626019,-0.272959,-0.730475],[0.597482,0.434065,-0.674243]]],"btipPosition":[-46.2034,301.384,-9.6692],"carpPosition":[-2.2853,314.89,68.7816],"dipPosition":[-35.2534,309.339,-22.026],"direction":[-0.832409,-0.512532,0.210727],"extended":false,"handId":987,"id":9872,"length":65.348,"mcpPosition":[16.7889,336.043,6.98902],"pipPosition":[-12.1685,323.553,-27.87],"stabilizedTipPosition":[-43.9513,273.985,28.5689],"timeVisible":11.3766,"tipPosition":[-43.8224,302.919,-10.9421],"tipVelocity":[6.06076,126.398,-214.596],"tool":false,"touchDistance":0.333333,"touchZone":"none","type":2,"width":18.527},{"bases":[[[0.399487,-0.916301,-0.0283231],[0.838721,0.352843,0.414787],[-0.370077,-0.189457,0.909477]],[[0.387962,-0.921675,-0.000448145],[0.684909,0.288625,-0.669025],[0.616754,0.25925,0.743239]],[[0.387962,-0.921675,-0.000448145],[-0.205182,-0.0858937,-0.974947],[0.898546,0.378335,-0.222435]],[[0.387962,-0.921675,-0.000448145],[-0.630693,-0.265124,-0.729339],[0.672095,0.283239,-0.684152]]],"btipPosition":[-36.0654,290.27,-2.663],"carpPosition":[4.72308,305.375,66.8067],"dipPosition":[-23.8188,295.431,-15.1293],"direction":[-0.898546,-0.378335,0.222435],"extended":false,"handId":987,"id":9873,"length":62.8339,"mcpPosition":[27.3309,316.949,11.247],"pipPosition":[0.456653,305.652,-21.1387],"stabilizedTipPosition":[-31.3701,247.136,61.6768],"timeVisible":11.3766,"tipPosition":[-33.4478,291.354,-3.54768],"tipVelocity":[7.79152,121.09,-234.159],"tool":false,"touchDistance":0.333333,"touchZone":"none","type":3,"width":17.6296},{"bases":[[[0.20986,-0.97769,0.00898646],[0.854633,0.187895,0.484043],[-0.474932,-0.0939012,0.874998]],[[0.195516,-0.980067,0.0352362],[0.741634,0.12425,-0.659197],[0.64168,0.155016,0.751144]],[[0.195516,-0.980067,0.0352362],[-0.19757,-0.0745557,-0.97745],[0.960593,0.184145,-0.208208]],[[0.195516,-0.980067,0.0352362],[-0.641427,-0.154974,-0.751368],[0.741852,0.124303,-0.658942]]],"btipPosition":[-20.094,286.159,3.87757],"carpPosition":[5.97,291.797,64.2128],"dipPosition":[-7.62334,288.249,-7.19937],"direction":[-0.960593,-0.184145,0.208208],"extended":false,"handId":987,"id":9874,"length":49.2606,"mcpPosition":[32.8274,297.107,14.7316],"pipPosition":[10.6997,291.761,-11.1709],"stabilizedTipPosition":[-13.2178,239.019,72.7625],"timeVisible":11.3766,"tipPosition":[-17.1739,286.086,2.87388],"tipVelocity":[-1.12675,139.14,-240],"tool":false,"touchDistance":0.333333,"touchZone":"none","type":4,"width":15.66}],"r":[[0.848637,-0.270445,0.454615],[0.338385,0.938126,-0.0735886],[-0.406585,0.216285,0.887643]],"s":1.04148,"t":[6.92519,20.5439,-61.2014],"timestamp":669534625032},false],[5,{"currentFrameRate":53.0019,"devices":[],"gestures":[],"hands":[{"armBasis":[[0.597154,-0.789217,-0.143331],[0.762411,0.613982,-0.204341],[0.249272,0.0127454,0.96835]],"armWidth":62.1429,"confidence":0.473363,"direction":[0.400116,0.37407,-0.836647],"elbow":[57.9957,304.684,322.114],"grabStrength":0.275064,"id":987,"palmNormal":[-0.677541,-0.493993,-0.544893],"palmPosition":[5.98714,324.782,21.1886],"palmVelocity":[4.94101,108.715,-192.487],"palmWidth":88.738,"pinchStrength":0.998253,"r":[[0.847753,-0.2775,0.452005],[0.342481,0.937133,-0.0670004],[-0.404996,0.211603,0.889496]],"s":1.03802,"sphereCenter":[-14.5416,298.407,-18.2497],"sphereRadius":45.0889,"stabilizedPalmPosition":[4.14312,277.129,88.2587],"t":[7.01577,22.5912,-64.8356],"timeVisible":11.3955,"type":"right","wrist":[-7.64207,301.328,67.1303]}],"id":4972433,"interactionBox":{"center":[0,200,0],"size":[235.247,235.247,147.751]},"pointables":[{"bases":[[[0.932417,0.198999,0.301659],[-0.349805,0.706604,0.6151],[-0.0907493,-0.679051,0.72846]],[[0.876399,0.47881,-0.0516344],[-0.435018,0.833087,0.34165],[0.206601,-0.276959,0.938408]],[[0.876399,0.47881,-0.0516344],[-0.481567,0.870377,-0.102645],[-0.00420626,0.114824,0.993377]],[[0.876399,0.47881,-0.0516344],[-0.481395,0.874019,-0.0659468],[0.0135535,0.0826522,0.996486]]],"btipPosition":[-43.4986,324.477,-35.725],"carpPosition":[-33.2714,316.699,65.7344],"dipPosition":[-43.1893,326.363,-12.9808],"direction":[0.00420626,-0.114824,-0.993377],"extended":false,"handId":987,"id":9870,"length":50.8265,"mcpPosition":[-33.2714,316.699,65.7344],"pipPosition":[-43.3292,330.182,20.0507],"stabilizedTipPosition":[-44.2777,305.814,-6.17849],"timeVisible":11.3955,"tipPosition":[-43.3629,325.871,-30.3657],"tipVelocity":[5.42655,124.2,-189.248],"tool":false,"touchDistance":-0.851059,"touchZone":"hovering","type":0,"width":19.7488},{"bases":[[[0.675546,-0.710934,-0.195476],[0.713186,0.562778,0.417908],[-0.187095,-0.421726,0.88721]],[[0.667767,-0.726781,-0.160862],[0.71649,0.686159,-0.125811],[0.201814,-0.0312434,0.978925]],[[0.667767,-0.726781,-0.160862],[0.692476,0.68581,-0.223922],[0.273063,0.0381347,0.96124]],[[0.667767,-0.726781,-0.160862],[0.672931,0.681794,-0.286915],[0.318199,0.0833435,0.944353]]],"btipPosition":[-18.0922,353.128,-76.111],"carpPosition":[-11.3214,323.849,66.9554],"dipPosition":[-12.7901,354.517,-60.3755],"direction":[-0.273063,-0.0381347,-0.96124],"extended":true,"handId":987,"id":9871,"length":57.352,"mcpPosition":[2.1024,354.107,3.29913],"pipPosition":[-6.35343,355.416,-37.717],"stabilizedTipPosition":[-18.6823,343.423,-61.8054],"timeVisible":11.3955,"tipPosition":[-17.9717,352.179,-71.9743],"tipVelocity":[30.8463,172.065,-192.615],"tool":false,"touchDistance":-0.870368,"touchZone":"hovering","type":1,"width":18.8641},{"bases":[[[0.512512,-0.846828,-0.142173],[0.812847,0.425089,0.398221],[-0.276788,-0.319658,0.906205]],[[0.504546,-0.855462,-0.116696],[0.612123,0.449751,-0.650407],[0.608883,0.256728,0.750568]],[[0.504546,-0.855462,-0.116696],[-0.222809,0.0015725,-0.974861],[0.83414,0.517863,-0.189811]],[[0.504546,-0.855462,-0.116696],[-0.615062,-0.261278,-0.743931],[0.605914,0.447123,-0.657989]]],"btipPosition":[-46.0313,303.706,-14.8014],"carpPosition":[-2.0049,316.58,64.8173],"dipPosition":[-34.9268,311.9,-26.8603],"direction":[-0.83414,-0.517863,0.189811],"extended":false,"handId":987,"id":9872,"length":65.348,"mcpPosition":[16.8281,338.33,3.15803],"pipPosition":[-11.7939,326.262,-32.1243],"stabilizedTipPosition":[-43.9268,275.617,26.1861],"timeVisible":11.3955,"tipPosition":[-43.5967,305.27,-15.8578],"tipVelocity":[8.47168,126.038,-240.656],"tool":false,"touchDistance":0.333333,"touchZone":"none","type":2,"width":18.527},{"bases":[[[0.403451,-0.914258,-0.0368806],[0.838148,0.353094,0.41573],[-0.367063,-0.198638,0.90874]],[[0.391826,-0.919999,-0.00856819],[0.685587,0.298176,-0.664124],[0.613549,0.254347,0.747573]],[[0.391826,-0.919999,-0.00856819],[-0.200493,-0.0762933,-0.97672],[0.897928,0.384422,-0.214347]],[[0.391826,-0.919999,-0.00856819],[-0.626772,-0.2601,-0.73451],[0.67352,0.29317,-0.678544]]],"btipPosition":[-35.8017,292.437,-7.18724],"carpPosition":[5.04058,307.113,62.7469],"dipPosition":[-23.5291,297.779,-19.5514],"direction":[-0.897928,-0.384422,0.214347],"extended":false,"handId":987,"id":9873,"length":62.8339,"mcpPosition":[27.4643,319.248,7.23232],"pipPosition":[0.72966,308.165,-25.3423],"stabilizedTipPosition":[-31.4177,248.512,59.5564],"timeVisible":11.3955,"tipPosition":[-33.1719,293.544,-8.09882],"tipVelocity":[10.965,118.962,-236.017],"tool":false,"touchDistance":0.333333,"touchZone":"none","type":3,"width":17.6296},{"bases":[[[0.214186,-0.976793,0.000363663],[0.854952,0.18765,0.483574],[-0.47242,-0.103264,0.875303]],[[0.18019,-0.981653,0.0623534],[0.753504,0.0970089,-0.650247],[0.632268,0.164152,0.75716]],[[0.18019,-0.981653,0.0623534],[-0.177603,-0.0948185,-0.979524],[0.967465,0.165427,-0.19143]],[[0.18019,-0.981653,0.0623534],[-0.627296,-0.16351,-0.761422],[0.757648,0.098087,-0.64525]]],"btipPosition":[-19.937,288.937,-1.07283],"carpPosition":[6.34109,293.562,60.0373],"dipPosition":[-7.20084,290.586,-11.9196],"direction":[-0.967465,-0.165427,0.19143],"extended":false,"handId":987,"id":9874,"length":49.2606,"mcpPosition":[33.0565,299.402,10.5389],"pipPosition":[11.2533,293.741,-15.5711],"stabilizedTipPosition":[-13.3395,240.634,70.3123],"timeVisible":11.3955,"tipPosition":[-16.9205,288.618,-2.02324],"tipVelocity":[5.08218,140.29,-249.283],"tool":false,"touchDistance":0.333333,"touchZone":"none","type":4,"width":15.66}],"r":[[0.847753,-0.2775,0.452005],[0.342481,0.937133,-0.0670004],[-0.404996,0.211603,0.889496]],"s":1.03802,"t":[7.01577,22.5912,-64.8356],"timestamp":669534643947},false],[6,{"currentFrameRate":52.9711,"devices":[],"gestures":[],"hands":[{"armBasis":[[0.603333,-0.787476,-0.125984],[0.760418,0.615668,-0.206684],[0.240323,0.0288992,0.970263]],"armWidth":62.1429,"confidence":0.487999,"direction":[0.394129,0.378651,-0.837428],"elbow":[56.6423,310.152,320.274],"grabStrength":0.253338,"id":987,"palmNormal":[-0.68078,-0.491844,-0.542796],"palmPosition":[6.65915,326.24,18.8737],"palmVelocity":[19.9218,93.0021,-157.761],"palmWidth":88.738,"pinchStrength":1,"r":[[0.847679,-0.283432,0.448448],[0.345506,0.936415,-0.0612528],[-0.402573,0.206864,0.891707]],"s":1.0358,"sphereCenter":[-14.3388,300.419,-20.6449],"sphereRadius":45.1109,"stabilizedPalmPosition":[4.20637,278.364,86.5145],"t":[7.39707,24.3438,-67.8101],"timeVisible":11.4145,"type":"right","wrist":[-6.63896,302.542,64.7872]}],"id":4972434,"interactionBox":{"center":[0,200,0],"size":[235.247,235.247,147.751]},"pointables":[{"bases":[[[0.934262,0.198312,0.296357],[-0.346251,0.703173,0.621014],[-0.0852361,-0.682803,0.725613]],[[0.876024,0.479215,-0.05418],[-0.432347,0.830149,0.352036],[0.213678,-0.284967,0.934417]],[[0.876024,0.479215,-0.05418],[-0.482258,0.871185,-0.0920023],[0.00311191,0.106725,0.994284]],[[0.876024,0.479215,-0.05418],[-0.482071,0.873335,-0.0699505],[0.013796,0.0873968,0.996078]]],"btipPosition":[-43.1111,326.226,-37.6438],"carpPosition":[-32.2904,317.896,63.6422],"dipPosition":[-42.7962,328.22,-14.9089],"direction":[-0.00311191,-0.106725,-0.994284],"extended":false,"handId":987,"id":9870,"length":50.8265,"mcpPosition":[-32.2904,317.896,63.6422],"pipPosition":[-42.6927,331.769,18.1527],"stabilizedTipPosition":[-44.1744,307.554,-8.36585],"timeVisible":11.4145,"tipPosition":[-43,327.555,-32.301],"tipVelocity":[12.8314,109.044,-145.908],"tool":false,"touchDistance":-0.8231,"touchZone":"hovering","type":0,"width":19.7488},{"bases":[[[0.674824,-0.709329,-0.203627],[0.715506,0.561302,0.415922],[-0.18073,-0.426371,0.88631]],[[0.667618,-0.724731,-0.170444],[0.717136,0.687499,-0.114285],[0.200006,-0.0459331,0.978717]],[[0.667618,-0.724731,-0.170444],[0.693448,0.688638,-0.211914],[0.270955,0.0232832,0.96231]],[[0.667618,-0.724731,-0.170444],[0.674039,0.685597,-0.275005],[0.316161,0.068712,0.946214]]],"btipPosition":[-17.407,355.882,-78.2982],"carpPosition":[-10.3389,325.06,64.751],"dipPosition":[-12.1389,357.027,-62.5317],"direction":[-0.270955,-0.0232832,-0.96231],"extended":true,"handId":987,"id":9871,"length":57.352,"mcpPosition":[2.62821,355.652,1.15941],"pipPosition":[-5.75186,357.576,-39.848],"stabilizedTipPosition":[-18.0348,346.736,-65.1555],"timeVisible":11.4145,"tipPosition":[-17.3526,354.796,-74.1598],"tipVelocity":[33.2214,157.306,-154.334],"tool":false,"touchDistance":-0.844366,"touchZone":"hovering","type":1,"width":18.8641},{"bases":[[[0.512273,-0.845638,-0.149912],[0.815151,0.423804,0.394867],[-0.270381,-0.32448,0.906425]],[[0.504406,-0.854492,-0.124169],[0.616261,0.456982,-0.641396],[0.604811,0.247004,0.757095]],[[0.504406,-0.854492,-0.124169],[-0.211026,0.0174505,-0.977325],[0.837283,0.519172,-0.171517]],[[0.504406,-0.854492,-0.124169],[-0.606574,-0.248311,-0.755255],[0.614526,0.456273,-0.643562]]],"btipPosition":[-45.5467,305.517,-18.1989],"carpPosition":[-1.03076,317.81,62.5134],"dipPosition":[-34.2844,313.879,-29.9934],"direction":[-0.837283,-0.519172,0.171517],"extended":false,"handId":987,"id":9872,"length":65.348,"mcpPosition":[17.3663,339.888,0.83908],"pipPosition":[-11.0643,328.277,-34.75],"stabilizedTipPosition":[-43.8878,276.895,24.295],"timeVisible":11.4145,"tipPosition":[-43.0579,307.096,-19.0571],"tipVelocity":[17.7994,111.968,-208.705],"tool":false,"touchDistance":0.333333,"touchZone":"none","type":2,"width":18.527},{"bases":[[[0.403984,-0.913696,-0.0442275],[0.840633,0.351744,0.411841],[-0.360741,-0.203556,0.910182]],[[0.392466,-0.919633,-0.0156479],[0.681507,0.302183,-0.666508],[0.617672,0.250918,0.745333]],[[0.392466,-0.919633,-0.0156479],[-0.203204,-0.0701024,-0.976624],[0.897039,0.386471,-0.214386]],[[0.392466,-0.919633,-0.0156479],[-0.627765,-0.255396,-0.735312],[0.672221,0.298408,-0.677548]]],"btipPosition":[-35.3517,293.983,-9.59418],"carpPosition":[6.00877,308.36,60.3476],"dipPosition":[-23.1028,299.421,-21.9402],"direction":[-0.897039,-0.386471,0.214386],"extended":false,"handId":987,"id":9873,"length":62.8339,"mcpPosition":[28.0463,320.795,4.74489],"pipPosition":[1.13199,309.862,-27.7321],"stabilizedTipPosition":[-31.4462,249.701,57.7233],"timeVisible":11.4145,"tipPosition":[-32.683,295.117,-10.5623],"tipVelocity":[17.0893,101.07,-182.151],"tool":false,"touchDistance":0.333333,"touchZone":"none","type":3,"width":17.6296},{"bases":[[[0.215029,-0.976589,-0.0060225],[0.858038,0.185974,0.478732],[-0.466404,-0.108109,0.877941]],[[0.170676,-0.982412,0.0757354],[0.756061,0.0812856,-0.649434],[0.631856,0.168103,0.756637]],[[0.170676,-0.982412,0.0757354],[-0.173901,-0.10569,-0.979075],[0.96986,0.153934,-0.188881]],[[0.170676,-0.982412,0.0757354],[-0.625567,-0.167424,-0.761994],[0.761272,0.0826762,-0.64314]]],"btipPosition":[-19.408,290.815,-3.76458],"carpPosition":[7.30267,294.825,57.5608],"dipPosition":[-6.6109,292.205,-14.5759],"direction":[-0.96986,-0.153934,0.188881],"extended":false,"handId":987,"id":9874,"length":49.2606,"mcpPosition":[33.6779,300.938,7.91319],"pipPosition":[11.8889,295.141,-18.1787],"stabilizedTipPosition":[-13.4307,242.109,68.0764],"timeVisible":11.4145,"tipPosition":[-16.3683,290.391,-4.75205],"tipVelocity":[16.6515,118.394,-196.166],"tool":false,"touchDistance":0.333333,"touchZone":"none","type":4,"width":15.66}],"r":[[0.847679,-0.283432,0