{"sensorType":"Leap","data":[[0,{"currentFrameRate":52.7271,"devices":[],"gestures":[],"hands":[{"armBasis":[[0.781048,-0.606632,-0.148191],[0.568441,0.788906,-0.233456],[0.258531,0.0981024,0.961009]],"armWidth":62.1429,"confidence":0.627045,"direction":[0.137353,0.496472,-0.857117],"elbow":[78.5568,311.134,332.351],"grabStrength":0.155497,"id":986,"palmNormal":[-0.641664,-0.614608,-0.458829],"palmPosition":[9.40162,313.415,33.9697],"palmVelocity":[-40.2824,46.6341,-203.56],"palmWidth":88.738,"pinchStrength":0.753109,"r":[[0.985792,-0.132422,-0.103336],[0.152587,0.963186,0.221335],[0.0702223,-0.233958,0.969707]],"s":1.02675,"sphereCenter":[-12.1496,278.461,-6.25691],"sphereRadius":50.3782,"stabilizedPalmPosition":[17.0932,267.191,129.439],"t":[-7.3394,50.8777,-101.759],"timeVisible":0.452898,"type":"right","wrist":[10.4812,285.301,79.3009]}],"id":4971663,"interactionBox":{"center":[0,200,0],"size":[235.247,235.247,147.751]},"pointables":[{"bases":[[[0.904368,0.399929,0.148916],[-0.37393,0.574447,0.72814],[0.20566,-0.71419,0.669057]],[[0.806232,0.589401,-0.0509597],[-0.518756,0.745742,0.418044],[0.284399,-0.310605,0.906996]],[[0.806232,0.589401,-0.0509597],[-0.536186,0.764397,0.358052],[0.24999,-0.261349,0.93231]],[[0.806232,0.589401,-0.0509597],[-0.574113,0.800281,0.173048],[0.142777,-0.11026,0.983594]]],"btipPosition":[-43.1316,320.542,-13.7668],"carpPosition":[-17.7151,294.214,83.8385],"dipPosition":[-39.8728,318.025,8.68308],"direction":[-0.24999,0.261349,-0.93231],"extended":false,"handId":986,"id":9860,"length":50.8265,"mcpPosition":[-17.7151,294.214,83.8385],"pipPosition":[-31.5602,309.335,39.684],"stabilizedTipPosition":[-33.0241,284.174,50.3912],"timeVisible":0.452898,"tipPosition":[-41.9912,320.47,-8.59419],"tipVelocity":[-25.2422,53.306,-221.137],"tool":false,"touchDistance":-0.217046,"touchZone":"hovering","type":0,"width":19.7488},{"bases":[[[0.766936,-0.520942,-0.374737],[0.635857,0.695677,0.334244],[0.0865745,-0.494623,0.864785]],[[0.771554,-0.56185,-0.298378],[0.550681,0.824696,-0.128949],[0.318521,-0.0648203,0.945697]],[[0.771554,-0.56185,-0.298378],[0.499925,0.825551,-0.261803],[0.39342,0.0528281,0.91784]],[[0.771554,-0.56185,-0.298378],[0.459936,0.816693,-0.348528],[0.439504,0.131673,0.888537]]],"btipPosition":[-34.2646,341.059,-56.3102],"carpPosition":[1.88983,306.294,81.8018],"dipPosition":[-26.9413,343.253,-41.5048],"direction":[-0.39342,-0.0528281,-0.91784],"extended":true,"handId":986,"id":9861,"length":57.352,"mcpPosition":[-4.32178,341.782,19.7546],"pipPosition":[-17.6675,344.498,-19.8693],"stabilizedTipPosition":[-28.4145,316.955,-19.7568],"timeVisible":0.452898,"tipPosition":[-33.0546,340.617,-52.6751],"tipVelocity":[2.96943,104.934,-213.716],"tool":false,"touchDistance":-0.368017,"touchZone":"hovering","type":1,"width":18.8641},{"bases":[[[0.651871,-0.69389,-0.30591],[0.758109,0.586563,0.284984],[-0.0183121,-0.417685,0.908407]],[[0.651919,-0.692746,-0.308392],[0.417716,0.667504,-0.616403],[0.632863,0.273024,0.724529]],[[0.651919,-0.692746,-0.308392],[-0.0847807,0.337557,-0.937479],[0.753534,0.637306,0.161328]],[[0.651919,-0.692746,-0.308392],[-0.354112,0.0815007,-0.931645],[0.670527,0.716562,-0.192178]]],"btipPosition":[-49.683,286.323,-19.4112],"carpPosition":[12.0064,301.544,77.4082],"dipPosition":[-37.3943,299.456,-22.9332],"direction":[-0.753534,-0.637306,-0.161328],"extended":false,"handId":986,"id":9862,"length":65.348,"mcpPosition":[13.2524,329.964,15.5991],"pipPosition":[-16.4969,317.13,-18.4592],"stabilizedTipPosition":[-35.8887,256.154,34.8151],"timeVisible":0.452898,"tipPosition":[-46.6453,290.102,-21.2434],"tipVelocity":[-16.3114,48.6265,-215.979],"tool":false,"touchDistance":-0.25324,"touchZone":"hovering","type":2,"width":18.527},{"bases":[[[0.583055,-0.790023,-0.189503],[0.801775,0.521874,0.291212],[-0.131168,-0.321731,0.937701]],[[0.586732,-0.78,-0.217591],[0.516506,0.567423,-0.64129],[0.623672,0.263878,0.7358]],[[0.586732,-0.78,-0.217591],[0.0068989,0.273508,-0.961845],[0.809752,0.562844,0.165857]],[[0.586732,-0.78,-0.217591],[-0.282865,0.0543621,-0.957618],[0.75877,0.623414,-0.188739]]],"btipPosition":[-34.4068,275.711,-17.1027],"carpPosition":[20.4585,294.121,73.2846],"dipPosition":[-20.5808,287.071,-20.5418],"direction":[-0.809752,-0.562844,-0.165857],"extended":false,"handId":986,"id":9863,"length":62.8339,"mcpPosition":[28.4715,313.775,16.0007],"pipPosition":[1.29576,302.277,-16.0609],"stabilizedTipPosition":[-18.2274,237.992,51.7265],"timeVisible":0.452898,"tipPosition":[-31.0661,278.476,-18.0971],"tipVelocity":[-14.0838,60.781,-232.184],"tool":false,"touchDistance":-0.317157,"touchZone":"hovering","type":3,"width":17.6296},{"bases":[[[0.42341,-0.897246,-0.125195],[0.867941,0.362156,0.339885],[-0.25962,-0.252572,0.932097]],[[0.380675,-0.924616,0.0130968],[0.69543,0.276924,-0.663092],[0.609478,0.26153,0.748424]],[[0.380675,-0.924616,0.0130968],[0.154332,0.049563,-0.986775],[0.911739,0.377662,0.161565]],[[0.380675,-0.924616,0.0130968],[-0.173365,-0.0852742,-0.981159],[0.908312,0.371232,-0.192758]]],"btipPosition":[-14.7827,273.224,-9.17841],"carpPosition":[24.2132,281.404,69.1819],"dipPosition":[0.486233,279.464,-12.4187],"direction":[-0.911739,-0.377662,-0.161565],"extended":false,"handId":986,"id":9864,"length":49.2606,"mcpPosition":[38.8947,295.687,16.4718],"pipPosition":[17.8774,286.668,-9.3369],"stabilizedTipPosition":[3.85902,230.884,69.1136],"timeVisible":0.452898,"tipPosition":[-10.8999,274.772,-10.5572],"tipVelocity":[-15.6405,63.173,-229.701],"tool":false,"touchDistance":-0.29392,"touchZone":"hovering","type":4,"width":15.66}],"r":[[0.985792,-0.132422,-0.103336],[0.152587,0.963186,0.221335],[0.0702223,-0.233958,0.969707]],"s":1.02675,"t":[-7.3394,50.8777,-101.759],"timestamp":669519927832},false],[1,{"currentFrameRate":52.7587,"devices":[],"gestures":[],"hands":[{"armBasis":[[0.788719,-0.60168,-0.12611],[0.563571,0.789624,-0.242655],[0.245581,0.120315,0.961881]],"armWidth":62.1429,"confidence":0.629559,"direction":[0.137371,0.494884,-0.858032],"elbow":[75.4865,317.485,330.212],"grabStrength":0.144843,"id":986,"palmNormal":[-0.639009,-0.617601,-0.458516],"palmPosition":[9.7367,313.809,31.5336],"palmVelocity":[-11.8695,34.0407,-167.227],"palmWidth":88.738,"pinchStrength":0.752663,"r":[[0.985792,-0.132231,-0.103584],[0.152909,0.961684,0.227558],[0.0695247,-0.240164,0.96824]],"s":1.03169,"sphereCenter":[-11.5217,278.827,-8.63224],"sphereRadius":50.2919,"stabilizedPalmPosition":[17.0925,267.196,129.429],"t":[-7.55092,51.5099,-104.887],"timeVisible":0.471738,"type":"right","wrist":[10.8208,285.804,76.9321]}],"id":4971664,"interactionBox":{"center":[0,200,0],"size":[235.247,235.247,147.751]},"pointables":[{"bases":[[[0.9029,0.40299,0.149567],[-0.376932,0.575016,0.726139],[0.206624,-0.712008,0.671082]],[[0.804374,0.591914,-0.051182],[-0.521429,0.744623,0.416712],[0.284769,-0.308505,0.907597]],[[0.804374,0.591914,-0.051182],[-0.539339,0.763621,0.354961],[0.24919,-0.257917,0.933479]],[[0.804374,0.591914,-0.051182],[-0.577538,0.799226,0.166398],[0.139399,-0.104287,0.984729]]],"btipPosition":[-42.7409,320.618,-16.2998],"carpPosition":[-17.41,294.643,81.3995],"dipPosition":[-39.5592,318.238,6.17598],"direction":[-0.24919,0.257917,-0.933479],"extended":false,"handId":986,"id":9860,"length":50.8265,"mcpPosition":[-17.41,294.643,81.3995],"pipPosition":[-31.2731,309.661,37.2158],"stabilizedTipPosition":[-33.0579,284.309,50.1598],"timeVisible":0.471738,"tipPosition":[-41.6218,320.577,-11.1257],"tipVelocity":[-3.20386,30.0085,-178.566],"tool":false,"touchDistance":-0.259163,"touchZone":"hovering","type":0,"width":19.7488},{"bases":[[[0.769154,-0.519507,-0.372175],[0.633177,0.698362,0.333733],[0.0865359,-0.492345,0.866088]],[[0.773752,-0.560041,-0.296078],[0.550298,0.82574,-0.123799],[0.313816,-0.0671409,0.947107]],[[0.773752,-0.560041,-0.296078],[0.499676,0.826842,-0.258177],[0.389399,0.0518215,0.91961]],[[0.773752,-0.560041,-0.296078],[0.459567,0.817922,-0.346124],[0.436012,0.131747,0.890245]]],"btipPosition":[-33.6395,341.498,-58.9658],"carpPosition":[2.16214,306.776,79.369],"dipPosition":[-26.3743,343.693,-44.1319],"direction":[-0.389399,-0.0518215,-0.91961],"extended":true,"handId":986,"id":9861,"length":57.352,"mcpPosition":[-4.04671,342.101,17.2282],"pipPosition":[-17.1953,344.915,-22.4547],"stabilizedTipPosition":[-28.508,317.613,-20.6981],"timeVisible":0.471738,"tipPosition":[-32.4708,341.009,-55.3135],"tipVelocity":[17.4057,64.995,-177.944],"tool":false,"touchDistance":-0.399285,"touchZone":"hovering","type":1,"width":18.8641},{"bases":[[[0.654487,-0.692639,-0.303145],[0.755843,0.5895,0.284942],[-0.0186577,-0.415621,0.909347]],[[0.654515,-0.692012,-0.304517],[0.415852,0.665886,-0.619406],[0.631409,0.278777,0.723606]],[[0.654515,-0.692012,-0.304517],[-0.0865395,0.331554,-0.939459],[0.75108,0.641242,0.157121]],[[0.654515,-0.692012,-0.304517],[-0.355145,0.0741619,-0.931865],[0.667445,0.718067,-0.197224]]],"btipPosition":[-49.1724,286.279,-21.6266],"carpPosition":[12.3007,302.047,75.0043],"dipPosition":[-36.9402,299.439,-25.2411],"direction":[-0.75108,-0.641242,-0.157121],"extended":false,"handId":986,"id":9862,"length":65.348,"mcpPosition":[13.5702,330.326,13.1312],"pipPosition":[-16.1108,317.222,-20.8837],"stabilizedTipPosition":[-35.9376,256.309,34.5477],"timeVisible":0.471738,"tipPosition":[-46.1635,290.051,-23.4841],"tipVelocity":[4.59425,23.8346,-168.389],"tool":false,"touchDistance":-0.289799,"touchZone":"hovering","type":2,"width":18.527},{"bases":[[[0.585755,-0.788707,-0.186635],[0.799691,0.524958,0.291398],[-0.131852,-0.319938,0.938219]],[[0.589422,-0.778829,-0.214495],[0.502205,0.561252,-0.657864],[0.632749,0.280039,0.721946]],[[0.589422,-0.778829,-0.214495],[-0.009127,0.259084,-0.965812],[0.807774,0.571228,0.145601]],[[0.589422,-0.778829,-0.214495],[-0.293807,0.0406585,-0.955],[0.752502,0.625918,-0.20486]]],"btipPosition":[-34.2692,275.144,-18.0614],"carpPosition":[20.7822,294.639,70.9127],"dipPosition":[-20.5574,286.549,-21.7943],"direction":[-0.807774,-0.571228,-0.145601],"extended":false,"handId":986,"id":9863,"length":62.8339,"mcpPosition":[28.837,314.184,13.5973],"pipPosition":[1.26574,301.982,-17.8607],"stabilizedTipPosition":[-18.2658,238.11,51.5164],"timeVisible":0.471738,"tipPosition":[-30.8178,278.148,-19.5513],"tipVelocity":[-4.30062,16.5822,-145.231],"tool":false,"touchDistance":-0.32917,"touchZone":"hovering","type":3,"width":17.6296},{"bases":[[[0.426319,-0.896259,-0.122357],[0.866251,0.365553,0.340559],[-0.260501,-0.251178,0.932228]],[[0.383305,-0.923479,0.0162736],[0.69181,0.275384,-0.667504],[0.611945,0.267116,0.744428]],[[0.383305,-0.923479,0.0162736],[0.149622,0.044697,-0.987733],[0.911422,0.381037,0.155305]],[[0.383305,-0.923479,0.0162736],[-0.176774,-0.0906437,-0.980069],[0.906548,0.372788,-0.197991]]],"btipPosition":[-14.4131,273.382,-11.1762],"carpPosition":[24.5822,281.924,66.8464],"dipPosition":[0.826119,279.649,-14.5044],"direction":[-0.911422,-0.381037,-0.155305],"extended":false,"handId":986,"id":9864,"length":49.2606,"mcpPosition":[39.3136,296.128,14.1289],"pipPosition":[18.2113,286.917,-11.542],"stabilizedTipPosition":[3.82551,230.984,68.9296],"timeVisible":0.471738,"tipPosition":[-10.5051,274.952,-12.6492],"tipVelocity":[1.43291,36.5355,-169.718],"tool":false,"touchDistance":-0.323131,"touchZone":"hovering","type":4,"width":15.66}],"r":[[0.985792,-0.132231,-0.103584],[0.152909,0.961684,0.227558],[0.0695247,-0.240164,0.96824]],"s":1.03169,"t":[-7.55092,51.5099,-104.887],"timestamp":669519946672},false],[2,{"currentFrameRate":52.7205,"devices":[],"gestures":[],"hands":[{"armBasis":[[0.785022,-0.606846,-0.124408],[0.569201,0.785872,-0.241691],[0.244438,0.11892,0.962345]],"armWidth":62.1429,"confidence":0.634881,"direction":[0.143004,0.495332,-0.856853],"elbow":[74.9044,317.436,328.346],"grabStrength":0.13054,"id":986,"palmNormal":[-0.642308,-0.612222,-0.461113],"palmPosition":[9.76687,314.211,29.5904],"palmVelocity":[-5.22428,27.6151,-134.851],"palmWidth":88.738,"pinchStrength":0.752132,"r":[[0.985651,-0.133458,-0.10335],[0.154429,0.960154,0.232931],[0.0681449,-0.245549,0.966986]],"s":1.03719,"sphereCenter":[-11.5396,279.55,-10.7077],"sphereRadius":50.2721,"stabilizedPalmPosition":[17.0915,267.202,129.416],"t":[-7.6416,52.0269,-107.423],"timeVisible":0.490844,"type":"right","wrist":[10.5396,286.123,74.9436]}],"id":4971665,"interactionBox":{"center":[0,200,0],"size":[235.247,235.247,147.751]},"pointables":[{"bases":[[[0.905403,0.396244,0.152437],[-0.37456,0.576482,0.726205],[0.199877,-0.714605,0.670365]],[[0.808603,0.58636,-0.0484099],[-0.516795,0.747174,0.417915],[0.281219,-0.312909,0.907195]],[[0.808603,0.58636,-0.0484099],[-0.534848,0.766857,0.354778],[0.245151,-0.260982,0.933696]],[[0.808603,0.58636,-0.0484099],[-0.572725,0.803292,0.163426],[0.134714,-0.104421,0.985367]]],"btipPosition":[-42.5546,321.451,-18.3438],"carpPosition":[-17.6378,295.156,79.3578],"dipPosition":[-39.4799,319.067,4.14657],"direction":[-0.245151,0.260982,-0.933696],"extended":false,"handId":986,"id":9860,"length":50.8265,"mcpPosition":[-17.6378,295.156,79.3578],"pipPosition":[-31.3282,310.389,35.1936],"stabilizedTipPosition":[-33.0768,284.388,50.0236],"timeVisible":0.490844,"tipPosition":[-41.4566,321.401,-13.1697],"tipVelocity":[2.55968,36.6966,-143.107],"tool":false,"touchDistance":-0.29219,"touchZone":"hovering","type":0,"width":19.7488},{"bases":[[[0.766309,-0.524388,-0.371198],[0.637359,0.693233,0.336453],[0.080895,-0.494414,0.865454]],[[0.770428,-0.565004,-0.295316],[0.559095,0.821381,-0.112899],[0.306355,-0.0781293,0.948706]],[[0.770428,-0.565004,-0.295316],[0.509336,0.82409,-0.247896],[0.383429,0.0405714,0.922679]],[[0.770428,-0.565004,-0.295316],[0.469541,0.816213,-0.336643],[0.431245,0.120696,0.894125]]],"btipPosition":[-32.8383,342.932,-61.098],"carpPosition":[2.02578,307.152,77.3953],"dipPosition":[-25.6526,344.943,-46.1994],"direction":[-0.383429,-0.0405714,-0.922679],"extended":true,"handId":986,"id":9861,"length":57.352,"mcpPosition":[-3.77834,342.626,15.3],"pipPosition":[-16.6143,345.899,-24.4499],"stabilizedTipPosition":[-28.5607,318.121,-21.4266],"timeVisible":0.490844,"tipPosition":[-31.755,342.325,-57.4107],"tipVelocity":[29.0515,68.8703,-144.776],"tool":false,"touchDistance":-0.419449,"touchZone":"hovering","type":1,"width":18.8641},{"bases":[[[0.650235,-0.696808,-0.302741],[0.759359,0.583576,0.287773],[-0.0238502,-0.41701,0.908589]],[[0.650251,-0.696522,-0.303365],[0.421478,0.662965,-0.618736],[0.632084,0.274472,0.724662]],[[0.650251,-0.696522,-0.303365],[-0.0835159,0.331356,-0.939802],[0.755115,0.636443,0.157294]],[[0.650251,-0.696522,-0.303365],[-0.354004,0.0755216,-0.93219],[0.672201,0.71355,-0.197464]]],"btipPosition":[-49.2098,287.102,-23.5823],"carpPosition":[12.1407,302.358,73.0471],"dipPosition":[-36.8905,300.179,-27.2012],"direction":[-0.755115,-0.636443,-0.157294],"extended":false,"handId":986,"id":9862,"length":65.348,"mcpPosition":[13.7635,330.731,11.2255],"pipPosition":[-15.9492,317.829,-22.839],"stabilizedTipPosition":[-35.9645,256.396,34.396],"timeVisible":0.490844,"tipPosition":[-46.1844,290.843,-25.4335],"tipVelocity":[1.87427,32.8549,-135.789],"tool":false,"touchDistance":-0.318503,"touchZone":"hovering","type":2,"width":18.527},{"bases":[[[0.580532,-0.792576,-0.186562],[0.802727,0.51871,0.294226],[-0.136425,-0.320566,0.937351]],[[0.584288,-0.78282,-0.214009],[0.500392,0.555126,-0.664412],[0.638917,0.281119,0.71607]],[[0.584288,-0.78282,-0.214009],[-0.0149509,0.253278,-0.967278],[0.811409,0.568369,0.136283]],[[0.584288,-0.78282,-0.214009],[-0.299192,0.0373463,-0.953462],[0.754382,0.621126,-0.212393]]],"btipPosition":[-34.5945,275.557,-19.3126],"carpPosition":[20.5788,294.896,68.9634],"dipPosition":[-20.8484,286.875,-23.1828],"direction":[-0.811409,-0.568369,-0.136283],"extended":false,"handId":986,"id":9863,"length":62.8339,"mcpPosition":[28.9129,314.479,11.701],"pipPosition":[1.07288,302.23,-19.5009],"stabilizedTipPosition":[-18.2865,238.173,51.4034],"timeVisible":0.490844,"tipPosition":[-31.0964,278.621,-21.0143],"tipVelocity":[-10.385,18.5384,-106.645],"tool":false,"touchDistance":-0.343828,"touchZone":"touching","type":3,"width":17.6296},{"bases":[[[0.420173,-0.899089,-0.122853],[0.868022,0.358748,0.343276],[-0.264562,-0.250874,0.931165]],[[0.376296,-0.926351,0.0165871],[0.689048,0.267842,-0.673404],[0.619366,0.264829,0.739088]],[[0.376296,-0.926351,0.0165871],[0.142181,0.0400465,-0.98903],[0.915525,0.374526,0.146779]],[[0.376296,-0.926351,0.0165871],[-0.183741,-0.0921616,-0.978645],[0.908097,0.365212,-0.204889]]],"btipPosition":[-14.8286,273.932,-12.6151],"carpPosition":[24.2973,282.161,64.8847],"dipPosition":[0.436688,280.071,-16.0594],"direction":[-0.915525,-0.374526,-0.146779],"extended":false,"handId":986,"id":9864,"length":49.2606,"mcpPosition":[39.2583,296.348,12.2272],"pipPosition":[17.9001,287.215,-13.2596],"stabilizedTipPosition":[3.8045,231.045,68.8154],"timeVisible":0.490844,"tipPosition":[-10.8563,275.499,-14.2404],"tipVelocity":[-9.86542,31.9445,-123.761],"tool":false,"touchDistance":-0.341136,"touchZone":"hovering","type":4,"width":15.66}],"r":[[0.985651,-0.133458,-0.10335],[0.154429,0.960154,0.232931],[0.0681449,-0.245549,0.966986]],"s":1.03719,"t":[-7.6416,52.0269,-107.423],"timestamp":669519965778},false],[3,{"currentFrameRate":52.7389,"devices":[],"gestures":[],"hands":[{"armBasis":[[0.780245,-0.609923,-0.138608],[0.574538,0.786479,-0.226622],[0.247234,0.0971847,0.96407]],"armWidth":62.1429,"confidence":0.547009,"direction":[0.14933,0.493417,-0.856878],"elbow":[75.45,312.114,327.019],"grabStrength":0.116553,"id":986,"palmNormal":[-0.638039,-0.613952,-0.464724],"palmPosition":[9.90946,314.503,27.7368],"palmVelocity":[1.03707,21.6518,-116.831],"palmWidth":88.738,"pinchStrength":0.75151,"r":[[0.985725,-0.134298,-0.101539],[0.155078,0.959051,0.237008],[0.0655509,-0.249371,0.966187]],"s":1.04271,"sphereCenter":[-11.0051,279.829,-12.666],"sphereRadius":50.2716,"stabilizedPalmPosition":[17.0908,267.207,129.406],"t":[-7.61565,52.4314,-109.617],"timeVisible":0.509739,"type":"right","wrist":[10.3489,286.524,73.1622]}],"id":4971666,"interactionBox":{"center":[0,200,0],"size":[235.247,235.247,147.751]},"pointables":[{"bases":[[[0.903784,0.397492,0.158667],[-0.380867,0.577854,0.721821],[0.195231,-0.712801,0.673647]],[[0.808288,0.587173,-0.0435701],[-0.5205,0.747175,0.413291],[0.275228,-0.31138,0.909556]],[[0.808288,0.587173,-0.0435701],[-0.538497,0.767148,0.348575],[0.238099,-0.258287,0.936268]],[[0.808288,0.587173,-0.0435701],[-0.575238,0.803306,0.154274],[0.125586,-0.0996346,0.987067]]],"btipPosition":[-42.0536,321.562,-20.6101],"carpPosition":[-17.8713,295.54,77.3308],"dipPosition":[-39.1872,319.288,1.91911],"direction":[-0.238099,0.258287,-0.936268],"extended":false,"handId":986,"id":9860,"length":50.8265,"mcpPosition":[-17.8713,295.54,77.3308],"pipPosition":[-31.27,310.699,33.0516],"stabilizedTipPosition":[-33.0862,284.43,49.9493],"timeVisible":0.509739,"tipPosition":[-41.0022,321.527,-15.4318],"tipVelocity":[13.0623,22.2419,-131.516],"tool":false,"touchDistance":-0.325164,"touchZone":"touching","type":0,"width":19.7488},{"bases":[[[0.769734,-0.524527,-0.363842],[0.634004,0.694659,0.339835],[0.0744931,-0.49226,0.867255]],[[0.773286,-0.564775,-0.288199],[0.561532,0.821095,-0.10239],[0.294466,-0.0826557,0.952081]],[[0.773286,-0.564775,-0.288199],[0.513234,0.824436,-0.238529],[0.372316,0.0365375,0.927386]],[[0.773286,-0.564775,-0.288199],[0.474207,0.816867,-0.328414],[0.4209,0.117292,0.899492]]],"btipPosition":[-31.6766,343.518,-63.4687],"carpPosition":[1.79575,307.551,75.4956],"dipPosition":[-24.6632,345.472,-48.4807],"direction":[-0.372316,-0.0365375,-0.927386],"extended":true,"handId":986,"id":9861,"length":57.352,"mcpPosition":[-3.54904,342.87,13.2711],"pipPosition":[-15.8869,346.333,-26.6202],"stabilizedTipPosition":[-28.5823,318.493,-21.9821],"timeVisible":0.509739,"tipPosition":[-30.6777,342.834,-59.7491],"tipVelocity":[43.9254,49.9674,-134.776],"tool":false,"touchDistance":-0.44109,"touchZone":"hovering","type":1,"width":18.8641},{"bases":[[[0.653285,-0.696897,-0.295894],[0.75649,0.585005,0.292389],[-0.0306653,-0.414855,0.909371]],[[0.653287,-0.696873,-0.295945],[0.425251,0.661145,-0.618101],[0.626401,0.277947,0.728263]],[[0.653287,-0.696873,-0.295945],[-0.0776328,0.327169,-0.941771],[0.75312,0.638222,0.159635]],[[0.653287,-0.696873,-0.295945],[-0.347952,0.0708111,-0.934834],[0.672417,0.71369,-0.196219]]],"btipPosition":[-48.6188,287.138,-25.7002],"carpPosition":[11.9494,302.756,71.2393],"dipPosition":[-36.2955,300.218,-29.2963],"direction":[-0.75312,-0.638222,-0.159635],"extended":false,"handId":986,"id":9862,"length":65.348,"mcpPosition":[14.0359,330.983,9.36458],"pipPosition":[-15.4095,317.918,-24.8692],"stabilizedTipPosition":[-35.9776,256.441,34.3144],"timeVisible":0.509739,"tipPosition":[-45.5944,290.865,-27.5371],"tipVelocity":[16.3145,17.7109,-124.034],"tool":false,"touchDistance":-0.346677,"touchZone":"touching","type":2,"width":18.527},{"bases":[[[0.582754,-0.792454,-0.180042],[0.799868,0.520197,0.299341],[-0.143557,-0.318452,0.937006]],[[0.586689,-0.782839,-0.207267],[0.501008,0.55196,-0.666582],[0.636229,0.287234,0.716037]],[[0.586689,-0.782839,-0.207267],[-0.0130688,0.246758,-0.968989],[0.809707,0.571204,0.134539]],[[0.586689,-0.782839,-0.207267],[-0.296084,0.0308623,-0.954663],[0.753744,0.621459,-0.21368]]],"btipPosition":[-34.1359,275.475,-20.9423],"carpPosition":[20.4269,295.293,67.2408],"dipPosition":[-20.4015,286.799,-24.8358],"direction":[-0.809707,-0.571204,-0.134539],"extended":false,"handId":986,"id":9863,"length":62.8339,"mcpPosition":[29.1967,314.747,9.99938],"pipPosition":[1.47381,302.231,-21.2011],"stabilizedTipPosition":[-18.2957,238.202,51.3505],"timeVisible":0.509739,"tipPosition":[-30.6272,278.566,-22.719],"tipVelocity":[6.53553,7.37599,-96.7834],"tool":false,"touchDistance":-0.362304,"touchZone":"touching","type":3,"width":17.6296},{"bases":[[[0.421996,-0.898971,-0.117352],[0.864924,0.360417,0.349293],[-0.271708,-0.2489,0.929636]],[[0.376794,-0.926024,0.0224933],[0.690566,0.264637,-0.673117],[0.61737,0.269159,0.739194]],[[0.376794,-0.926024,0.0224933],[0.144778,0.0348899,-0.988849],[0.914913,0.375849,0.147214]],[[0.376794,-0.926024,0.0224933],[-0.180021,-0.0970266,-0.978866],[0.908636,0.364781,-0.203263]]],"btipPosition":[-14.4605,274.044,-14.2303],"carpPosition":[24.1898,282.552,63.2223],"dipPosition":[0.813833,280.176,-17.6472],"direction":[-0.914913,-0.375849,-0.147214],"extended":false,"handId":986,"id":9864,"length":49.2606,"mcpPosition":[39.555,296.627,10.6513],"pipPosition":[18.2655,287.345,-14.8392],"stabilizedTipPosition":[3.79371,231.078,68.7541],"timeVisible":0.509739,"tipPosition":[-10.4646,275.617,-15.884],"tipVelocity":[4.57724,19.1427,-104.83],"tool":false,"touchDistance":-0.359489,"touchZone":"touching","type":4,"width":15.66}],"r":[[0.985725,-0.134298,-0.101539],[0.155078,0.959051,0.237008],[0.0655509,-0.249371,0.966187]],"s":1.04271,"t":[-7.61565,52.4314,-109.617],"timestamp":669519984673},false],[4,{"currentFrameRate":52.7241,"devices":[],"gestures":[],"hands":[{"armBasis":[[0.777169,-0.611065,-0.150358],[0.58099,0.788536,-0.201644],[0.241781,0.0693553,0.967849]],"armWidth":62.1429,"confidence":0.555511,"direction":[0.154935,0.498968,-0.852658],"elbow":[73.793,304.665,325.621],"grabStrength":0.0995048,"id":986,"palmNormal":[-0.634793,-0.611047,-0.472926],"palmPosition":[9.98537,314.674,25.5242],"palmVelocity":[2.49211,15.418,-116.586],"palmWidth":88.738,"pinchStrength":0.751518,"r":[[0.985918,-0.134811,-0.0989499],[0.155232,0.957851,0.241711],[0.0621941,-0.253668,0.96529]],"s":1.04828,"sphereCenter":[-10.6705,280.428,-15.2507],"sphereRadius":50.2561,"stabilizedPalmPosition":[17.0903,267.21,129.399],"t":[-7.56472,52.7192,-111.821],"timeVisible":0.528759,"type":"right","wrist":[10.1279,286.402,70.7698]}],"id":4971667,"interactionBox":{"center":[0,200,0],"size":[235.247,235.247,147.751]},"pointables":[{"bases":[[[0.902619,0.396615,0.167257],[-0.385798,0.573113,0.722981],[0.190888,-0.717104,0.670316]],[[0.808328,0.587718,-0.0345475],[-0.523118,0.743923,0.415844],[0.2701,-0.318066,0.908779]],[[0.808328,0.587718,-0.0345475],[-0.541142,0.764819,0.349594],[0.231885,-0.263892,0.936264]],[[0.808328,0.587718,-0.0345475],[-0.576983,0.802496,0.151956],[0.117031,-0.102897,0.987783]]],"btipPosition":[-41.6522,321.994,-23.1111],"carpPosition":[-18.1214,295.387,74.8082],"dipPosition":[-38.9811,319.646,-0.565569],"direction":[-0.231885,0.263892,-0.936264],"extended":false,"handId":986,"id":9860,"length":50.8265,"mcpPosition":[-18.1214,295.387,74.8082],"pipPosition":[-31.2705,310.871,30.5668],"stabilizedTipPosition":[-33.0914,284.453,49.9054],"timeVisible":0.528759,"tipPosition":[-40.6507,321.941,-17.9264],"tipVelocity":[15.859,22.0461,-131.408],"tool":false,"touchDistance":-0.35844,"touchZone":"touching","type":0,"width":19.7488},{"bases":[[[0.772257,-0.522032,-0.362079],[0.631572,0.692559,0.348537],[0.0688136,-0.497839,0.864535]],[[0.775311,-0.562396,-0.287408],[0.56466,0.821091,-0.0834741],[0.282934,-0.0975698,0.954164]],[[0.775311,-0.562396,-0.287408],[0.517807,0.82657,-0.220586],[0.36162,0.0222006,0.932061]],[[0.775311,-0.562396,-0.287408],[0.479513,0.820324,-0.311667],[0.411048,0.103823,0.905682]]],"btipPosition":[-30.6105,344.966,-65.8879],"carpPosition":[1.5548,307.412,73.1818],"dipPosition":[-23.7613,346.696,-50.7968],"direction":[-0.36162,-0.0222006,-0.932061],"extended":true,"handId":986,"id":9861,"length":57.352,"mcpPosition":[-3.38249,343.132,11.1525],"pipPosition":[-15.2372,347.22,-28.8261],"stabilizedTipPosition":[-28.589,318.889,-22.578],"timeVisible":0.528759,"tipPosition":[-29.7019,344.14,-62.1413],"tipVelocity":[48.9188,61.5412,-130.426],"tool":false,"touchDistance":-0.461247,"touchZone":"touching","type":1,"width":18.8641},{"bases":[[[0.655395,-0.694857,-0.296025],[0.754397,0.583235,0.301202],[-0.0366402,-0.420726,0.906447]],[[0.655378,-0.695052,-0.295605],[0.428819,0.664588,-0.611913],[0.621767,0.274273,0.733608]],[[0.655378,-0.695052,-0.295605],[-0.0724636,0.331707,-0.940595],[0.751817,0.637866,0.167028]],[[0.655378,-0.695052,-0.295605],[-0.342792,0.0750294,-0.93641],[0.673033,0.715034,-0.189085]]],"btipPosition":[-48.1814,287.587,-28.3651],"carpPosition":[11.7377,302.647,68.9625],"dipPosition":[-35.8468,300.691,-31.8304],"direction":[-0.751817,-0.637866,-0.167028],"extended":false,"handId":986,"id":9862,"length":65.348,"mcpPosition":[14.2307,331.273,7.2867],"pipPosition":[-14.9969,318.381,-27.1983],"stabilizedTipPosition":[-35.9849,256.468,34.2651],"timeVisible":0.528759,"tipPosition":[-45.156,291.312,-30.1545],"tipVelocity":[19.6753,20.7385,-131.173],"tool":false,"touchDistance":-0.379865,"touchZone":"touching","type":2,"width":18.527},{"bases":[[[0.584113,-0.791173,-0.181265],[0.797742,0.518391,0.308024],[-0.149735,-0.324523,0.933951]],[[0.588128,-0.781642,-0.207705],[0.504046,0.555085,-0.661679],[0.63249,0.284459,0.720444]],[[0.588128,-0.781642,-0.207705],[-0.0099777,0.249785,-0.96825],[0.808706,0.571528,0.139106]],[[0.588128,-0.781642,-0.207705],[-0.293275,0.0332233,-0.955451],[0.753721,0.622842,-0.209696]]],"btipPosition":[-33.7518,275.852,-23.4119],"carpPosition":[20.2432,295.211,64.9725],"dipPosition":[-20.0178,287.201,-27.2329],"direction":[-0.808706,-0.571528,-0.139106],"extended":false,"handId":986,"id":9863,"length":62.8339,"mcpPosition":[29.3904,315.036,7.91774],"pipPosition":[1.83047,302.641,-23.4747],"stabilizedTipPosition":[-18.3004,238.218,51.3213],"timeVisible":0.528759,"tipPosition":[-30.254,278.954,-25.1922],"tipVelocity":[13.2615,13.6301,-112.636],"tool":false,"touchDistance":-0.391201,"touchZone":"touching","type":3,"width":17.6296},{"bases":[[[0.422964,-0.898121,-0.120338],[0.862497,0.358303,0.357375],[-0.277849,-0.254948,0.926176]],[[0.376338,-0.926258,0.0203986],[0.690945,0.265927,-0.672219],[0.617223,0.267076,0.740072]],[[0.376338,-0.926258,0.0203986],[0.144912,0.0371029,-0.988749],[0.915079,0.37506,0.148189]],[[0.376338,-0.926258,0.0203986],[-0.17889,-0.0942506,-0.979344],[0.909048,0.364916,-0.201168]]],"btipPosition":[-14.2725,274.416,-16.444],"carpPosition":[24.0357,282.497,60.897],"dipPosition":[1.00879,280.55,-19.8257],"direction":[-0.915079,-0.37506,-0.148189],"extended":false,"handId":986,"id":9864,"length":49.2606,"mcpPosition":[39.748,296.914,8.52165],"pipPosition":[18.4637,287.704,-16.999],"stabilizedTipPosition":[3.7878,231.096,68.7191],"timeVisible":0.528759,"tipPosition":[-10.247,276.009,-18.1443],"tipVelocity":[7.23329,19.3512,-110.313],"tool":false,"touchDistance":-0.384958,"touchZone":"touching","type":4,"width":15.66}],"r":[[0.985918,-0.134811,-0.0989499],[0.155232,0.957851,0.241711],[0.0621941,-0.253668,0.96529]],"s":1.04828,"t":[-7.56472,52.7192,-111.821],"timestamp":669520003693},false],[5,{"currentFrameRate":52.8646,"devices":[],"gestures":[],"hands":[{"armBasis":[[0.771692,-0.61637,-0.156776],[0.587684,0.785308,-0.194728],[0.243142,0.0581356,0.968247]],"armWidth":62.1429,"confidence":0.564079,"direction":[0.157874,0.495195,-0.854317],"elbow":[74.5627,301.826,324.362],"grabStrength":0.0801076,"id":986,"palmNormal":[-0.637295,-0.609765,-0.471212],"palmPosition":[10.561,314.628,24.0593],"palmVelocity":[16.3455,6.79659,-98.769],"palmWidth":88.738,"pinchStrength":0.751152,"r":[[0.985954,-0.13622,-0.0966395],[0.156202,0.956906,0.244811],[0.0591268,-0.256468,0.964743]],"s":1.05411,"sphereCenter":[-10.2992,280.562,-16.6114],"sphereRadius":50.2337,"stabilizedPalmPosition":[17.09,267.212,129.394],"t":[-7.25143,52.8402,-113.655],"timeVisible":0.547168,"type":"right","wrist":[10.5392,286.518,69.4054]}],"id":4971668,"interactionBox":{"center":[0,200,0],"size":[235.247,235.247,147.751]},"pointables":[{"bases":[[[0.904339,0.392998,0.166506],[-0.383641,0.577481,0.720649],[0.18706,-0.71559,0.673008]],[[0.810985,0.583946,-0.0362041],[-0.519618,0.747322,0.414134],[0.268888,-0.317044,0.909496]],[[0.810985,0.583946,-0.0362041],[-0.537883,0.768497,0.346546],[0.230187,-0.26157,0.937334]],[[0.810985,0.583946,-0.0362041],[-0.573863,0.805982,0.145172],[0.113952,-0.0969559,0.988744]]],"btipPosition":[-41.0159,321.993,-24.6206],"carpPosition":[-17.6709,295.648,73.391],"dipPosition":[-38.415,319.78,-2.05318],"direction":[-0.230187,0.26157,-0.937334],"extended":false,"handId":986,"id":9860,"length":50.8265,"mcpPosition":[-17.6709,295.648,73.391],"pipPosition":[-30.7609,311.082,29.1148],"stabilizedTipPosition":[-33.0945,284.469,49.8762],"timeVisible":0.547168,"tipPosition":[-40.028,321.961,-19.4387],"tipVelocity":[24.4419,12.216,-107.492],"tool":false,"touchDistance":-0.373497,"touchZone":"touching","type":0,"width":19.7488},{"bases":[[[0.770074,-0.526915,-0.359647],[0.634545,0.690847,0.346531],[0.0658693,-0.495067,0.866355]],[[0.772886,-0.566667,-0.285546],[0.571516,0.817177,-0.0747693],[0.275711,-0.105406,0.955444]],[[0.772886,-0.566667,-0.285546],[0.525801,0.823837,-0.211721],[0.355219,0.0134959,0.934686]],[[0.772886,-0.566667,-0.285546],[0.488059,0.818455,-0.303199],[0.40552,0.094975,0.909139]]],"btipPosition":[-29.346,345.612,-67.6371],"carpPosition":[2.0624,307.576,71.7363],"dipPosition":[-22.589,347.195,-52.4884],"direction":[-0.355219,-0.0134959,-0.934686],"extended":true,"handId":986,"id":9861,"length":57.352,"mcpPosition":[-2.66364,343.096,9.57644],"pipPosition":[-14.2157,347.513,-30.4558],"stabilizedTipPosition":[-28.5765,319.314,-23.2304],"timeVisible":0.547168,"tipPosition":[-28.5288,344.652,-63.8539],"tipVelocity":[57.882,47.9121,-113.034],"tool":false,"touchDistance":-0.469494,"touchZone":"touching","type":1,"width":18.8641},{"bases":[[[0.65236,-0.698956,-0.293063],[0.756892,0.580783,0.299676],[-0.0392539,-0.417314,0.907914]],[[0.652325,-0.699326,-0.292258],[0.432021,0.659892,-0.614737],[0.62276,0.274747,0.732587]],[[0.652325,-0.699326,-0.292258],[-0.0711036,0.327431,-0.942196],[0.754597,0.635399,0.163867]],[[0.652325,-0.699326,-0.292258],[-0.342649,0.0718443,-0.936712],[0.676065,0.711183,-0.192758]]],"btipPosition":[-47.6946,287.572,-29.683],"carpPosition":[12.226,302.748,67.5415],"dipPosition":[-35.3044,300.606,-33.2156],"direction":[-0.754597,-0.635399,-0.163867],"extended":false,"handId":986,"id":9862,"length":65.348,"mcpPosition":[14.8969,331.142,5.76588],"pipPosition":[-14.3775,318.227,-28.6712],"stabilizedTipPosition":[-35.9892,256.484,34.2335],"timeVisible":0.547168,"tipPosition":[-44.6597,291.263,-31.4778],"tipVelocity":[23.2672,9.95734,-102.895],"tool":false,"touchDistance":-0.390212,"touchZone":"touching","type":2,"width":18.527},{"bases":[[[0.580547,-0.794529,-0.178013],[0.799929,0.515763,0.306761],[-0.151918,-0.320488,0.934991]],[[0.584555,-0.785289,-0.204001],[0.506203,0.549483,-0.664701],[0.634077,0.285289,0.718719]],[[0.584555,-0.785289,-0.204001],[-0.0104547,0.244121,-0.969688],[0.811287,0.568969,0.134492]],[[0.584555,-0.785289,-0.204001],[-0.294934,0.0285677,-0.955091],[0.75585,0.61847,-0.214909]]],"btipPosition":[-33.3397,275.765,-24.5688],"carpPosition":[20.6996,295.259,63.5843],"dipPosition":[-19.5669,287.034,-28.4848],"direction":[-0.811287,-0.568969,-0.134492],"extended":false,"handId":986,"id":9863,"length":62.8339,"mcpPosition":[29.9802,314.837,6.46596],"pipPosition":[2.35108,302.406,-24.8513],"stabilizedTipPosition":[-18.3032,238.227,51.3036],"timeVisible":0.547168,"tipPosition":[-29.8437,278.84,-26.3825],"tipVelocity":[17.8872,4.32745,-89.2392],"tool":false,"touchDistance":-0.398096,"touchZone":"touching","type":3,"width":17.6296},{"bases":[[[0.418857,-0.900506,-0.116824],[0.863902,0.355552,0.356731],[-0.279701,-0.250344,0.926874]],[[0.371563,-0.928066,0.0251784],[0.690568,0.258148,-0.675629],[0.620529,0.268426,0.736811]],[[0.371563,-0.928066,0.0251784],[0.142329,0.030142,-0.98936],[0.917433,0.371193,0.143291]],[[0.371563,-0.928066,0.0251784],[-0.18157,-0.0992364,-0.978358],[0.91048,0.35895,-0.205381]]],"btipPosition":[-13.9507,274.298,-17.5469],"carpPosition":[24.4357,282.512,59.5569],"dipPosition":[1.35461,280.332,-20.9994],"direction":[-0.917433,-0.371193,-0.143291],"extended":false,"handId":986,"id":9864,"length":49.2606,"mcpPosition":[40.2528,296.669,7.14208],"pipPosition":[18.8544,287.413,-18.2662],"stabilizedTipPosition":[3.78477,231.106,68.7006],"timeVisible":0.547168,"tipPosition":[-9.9189,275.867,-19.2763],"tipVelocity":[12.3097,6.36102,-86.4755],"tool":false,"touchDistance":-0.391583,"touchZone":"touching","type":4,"width":15.66}],"r":[[0.985954,-0.13622,-0.0966395],[0.156202,0.956906,0.244811],[0.0591268,-0.256468,0.964743]],"s":1.05411,"t":[-7.25143,52.8402,-113.655],"timestamp":669520022102},false],[6,{"currentFrameRate":52.7802,"devices":[],"gestures":[],"hands":[{"armBasis":[[0.764365,-0.62517,-0.157827],[0.593993,0.777957,-0.204832],[0.250837,0.0628181,0.965989]],"armWidth":62.1429,"confidence":0.567195,"direction":[0.167495,0.48759,-0.856855],"elbow":[76.3985,303.377,321.171],"grabStrength":0.0635931,"id":986,"palmNormal":[-0.640555,-0.606858,-0.470544],"palmPosition":[10.8997,314.624,21.2677],"palmVelocity":[16.9652,3.31209,-121.737],"palmWidth":88.738,"pinchStrength":0.749356,"r":[[0.985813,-0.139404,-0.0934817],[0.158553,0.956181,0.246127],[0.0550743,-0.257457,0.964719]],"s":1.0603,"sphereCenter":[-10.0852,280.643,-19.3048],"sphereRadius":50.2443,"stabilizedPalmPosition":[17.0898,267.214,129.39],"t":[-6.92544,52.8986,-115.968],"timeVisible":0.566419,"type":"right","wrist":[10.3488,286.836,66.809]}],"id":4971669,"interactionBox":{"center":[0,200,0],"size":[235.247,235.247,147.751]},"pointables":[{"bases":[[[0.907179,0.385359,0.168889],[-0.382033,0.586257,0.71439],[0.176285,-0.712601,0.679061]],[[0.816667,0.575988,-0.0359512],[-0.513927,0.754187,0.408755],[0.262552,-0.31534,0.911936]],[[0.816667,0.575988,-0.0359512],[-0.532219,0.77577,0.339004],[0.223152,-0.25772,0.940098]],[[0.816667,0.575988,-0.0359512],[-0.56748,0.812814,0.131528],[0.10498,-0.0870128,0.99066]]],"btipPosition":[-40.3907,322.175,-27.6962],"carpPosition":[-17.7928,296.268,70.5699],"dipPosition":[-37.9946,320.189,-5.08497],"direction":[-0.223152,0.25772,-0.940098],"extended":false,"handId":986,"id":9860,"length":50.8265,"mcpPosition":[-17.7928,296.268,70.5699],"pipPosition":[-30.5744,311.619,26.1749],"stabilizedTipPosition":[-33.0964,284.48,49.8557],"timeVisible":0.566419,"tipPosition":[-39.4298,322.152,-22.5259],"tipVelocity":[27.2183,12.1925,-133.195],"tool":false,"touchDistance":-0.410462,"touchZone":"touching","type":0,"width":19.7488},{"bases":[[[0.766906,-0.536899,-0.351559],[0.639297,0.68708,0.345284],[0.0561668,-0.489551,0.870164]],[[0.768921,-0.575719,-0.278043],[0.582193,0.810232,-0.0676346],[0.264218,-0.109869,0.958185]],[[0.768921,-0.575719,-0.278043],[0.538245,0.817613,-0.204455],[0.34504,0.00755462,0.938558]],[[0.768921,-0.575719,-0.278043],[0.501482,0.812857,-0.296275],[0.39658,0.0883791,0.913736]]],"btipPosition":[-27.7769,346.069,-70.9855],"carpPosition":[2.06489,307.992,68.9439],"dipPosition":[-21.1688,347.542,-55.7602],"direction":[-0.34504,-0.00755461,-0.938558],"extended":true,"handId":986,"id":9861,"length":57.352,"mcpPosition":[-1.965,343.116,6.51072],"pipPosition":[-13.0355,347.72,-33.6363],"stabilizedTipPosition":[-28.5422,319.715,-23.8847],"timeVisible":0.566419,"tipPosition":[-27.0416,345.032,-67.1752],"tipVelocity":[68.7335,35.2487,-142.831],"tool":false,"touchDistance":-0.50084,"touchZone":"touching","type":1,"width":18.8641},{"bases":[[[0.647147,-0.707314,-0.284442],[0.760826,0.575505,0.299898],[-0.0484247,-0.410489,0.910579]],[[0.647086,-0.707832,-0.283292],[0.441589,0.650857,-0.617563],[0.621514,0.274517,0.733731]],[[0.647086,-0.707832,-0.283292],[-0.063385,0.32034,-0.94518],[0.759778,0.629569,0.162421]],[[0.647086,-0.707832,-0.283292],[-0.33746,0.0672859,-0.938932],[0.683667,0.703169,-0.195325]]],"btipPosition":[-47.3167,287.715,-32.5315],"carpPosition":[12.2043,303.036,64.8409],"dipPosition":[-34.7872,300.602,-36.1112],"direction":[-0.759778,-0.629569,-0.162421],"extended":false,"handId":986,"id":9862,"length":65.348,"mcpPosition":[15.4992,330.966,2.88399],"pipPosition":[-13.7166,318.061,-31.6068],"stabilizedTipPosition":[-35.9917,256.494,34.2139],"timeVisible":0.566419,"tipPosition":[-44.2444,291.35,-34.3273],"tipVelocity":[22.2869,7.81901,-125.563],"tool":false,"touchDistance":-0.422414,"touchZone":"touching","type":2,"width":18.527},{"bases":[[[0.57376,-0.80137,-0.169135],[0.803186,0.510121,0.307684],[-0.160289,-0.312383,0.936335]],[[0.577847,-0.792716,-0.194152],[0.512214,0.537451,-0.669913],[0.635398,0.28766,0.716604]],[[0.577847,-0.792716,-0.194152],[-0.00821929,0.232224,-0.972628],[0.816104,0.563625,0.127674]],[[0.577847,-0.792716,-0.194152],[-0.294526,0.0193146,-0.955448],[0.761149,0.609285,-0.222314]]],"btipPosition":[-33.1856,275.656,-26.8394],"carpPosition":[20.6266,295.437,60.9845],"dipPosition":[-19.3163,286.758,-30.8903],"direction":[-0.816104,-0.563625,-0.127674],"extended":false,"handId":986,"id":9863,"length":62.8339,"mcpPosition":[30.4186,314.52,3.78412],"pipPosition":[2.73191,301.985,-27.441],"stabilizedTipPosition":[-18.3046,238.232,51.2939],"timeVisible":0.566419,"tipPosition":[-29.6564,278.709,-28.7598],"tipVelocity":[13.552,-1.62175,-104.3],"tool":false,"touchDistance":-0.421144,"touchZone":"touching","type":3,"width":17.6296},{"bases":[[[0.410702,-0.905336,-0.108125],[0.865311,0.349653,0.359138],[-0.287334,-0.241061,0.927]],[[0.361886,-0.931564,0.0350286],[0.696092,0.245036,-0.674843],[0.620076,0.268599,0.73713]],[[0.361886,-0.931564,0.0350286],[0.146378,0.0196741,-0.989033],[0.920658,0.363045,0.14348]],[[0.361886,-0.931564,0.0350286],[-0.178827,-0.106249,-0.978127],[0.91491,0.347706,-0.205039]]],"btipPosition":[-13.8144,274.226,-20.0633],"carpPosition":[24.2607,282.626,57.0679],"dipPosition":[1.56538,280.071,-23.5101],"direction":[-0.920658,-0.363045,-0.14348],"extended":false,"handId":986,"id":9864,"length":49.2606,"mcpPosition":[40.5094,296.258,4.64599],"pipPosition":[19.1267,286.996,-20.7732],"stabilizedTipPosition":[3.7833,231.11,68.6912],"timeVisible":0.566419,"tipPosition":[-9.76963,275.738,-21.7842],"tipVelocity":[10.1541,0.210973,-108.418],"to