{"sensorType":"Leap","data":[[0,{"currentFrameRate":52.9244,"devices":[],"gestures":[],"hands":[{"armBasis":[[0.640293,-0.760895,-0.105187],[0.716592,0.641019,-0.274937],[0.276625,0.100664,0.955691]],"armWidth":62.1429,"confidence":0.265007,"direction":[0.27903,0.421578,-0.862795],"elbow":[67.0192,318.707,306.538],"grabStrength":0.308769,"id":987,"palmNormal":[-0.734576,-0.484987,-0.474537],"palmPosition":[1.18083,318.055,8.74688],"palmVelocity":[215.894,246.637,-788.442],"palmWidth":88.738,"pinchStrength":1,"r":[[0.873843,-0.0606491,0.482411],[-0.0177424,0.987551,0.156295],[-0.485884,-0.145136,0.861889]],"s":0.86308,"sphereCenter":[-26.0616,295.681,-27.5032],"sphereRadius":43.0455,"stabilizedPalmPosition":[-6.58215,306.909,40.0935],"t":[-1.87496,13.1898,-65.724],"timeVisible":29.0364,"type":"right","wrist":[-5.82105,292.2,54.8878]}],"id":4973362,"interactionBox":{"center":[0,200,0],"size":[235.247,235.247,147.751]},"pointables":[{"bases":[[[0.960354,0.207733,0.18592],[-0.278147,0.668998,0.689258],[0.0188019,-0.713645,0.700255]],[[0.851966,0.503226,-0.144627],[-0.433287,0.832669,0.344855],[0.293967,-0.23114,0.927447]],[[0.851966,0.503226,-0.144627],[-0.512883,0.857657,-0.0370854],[0.105378,0.105772,0.988791]],[[0.851966,0.503226,-0.144627],[-0.512592,0.745276,-0.426395],[-0.106786,0.437409,0.8929]]],"btipPosition":[-47.0628,304.739,-40.7925],"carpPosition":[-31.6851,306.987,57.6165],"dipPosition":[-49.5001,314.723,-20.4126],"direction":[-0.105378,-0.105772,-0.988791],"extended":false,"handId":987,"id":9870,"length":50.8265,"mcpPosition":[-31.6851,306.987,57.6165],"pipPosition":[-45.9961,318.24,12.4664],"stabilizedTipPosition":[-41.6752,301.537,-26.507],"timeVisible":29.0364,"tipPosition":[-47.5355,307.441,-35.5575],"tipVelocity":[-223.134,172.913,-321.531],"tool":false,"touchDistance":-0.788009,"touchZone":"hovering","type":0,"width":19.7488},{"bases":[[[0.656568,-0.684537,-0.316745],[0.751848,0.560354,0.347459],[-0.0603596,-0.466274,0.882579]],[[0.654335,-0.698921,-0.288715],[0.671497,0.712601,-0.203203],[0.347761,-0.0609083,0.935603]],[[0.654335,-0.698921,-0.288715],[0.594151,0.711346,-0.375461],[0.467794,0.0741367,0.880723]],[[0.654335,-0.698921,-0.288715],[0.541045,0.699431,-0.466975],[0.528315,0.149351,0.83581]]],"btipPosition":[-39.9707,346.379,-80.9219],"carpPosition":[-9.90041,314.608,56.2904],"dipPosition":[-31.1675,348.868,-66.995],"direction":[-0.467794,-0.0741367,-0.880723],"extended":true,"handId":987,"id":9871,"length":57.352,"mcpPosition":[-5.56969,348.063,-7.03352],"pipPosition":[-20.1406,350.615,-46.2344],"stabilizedTipPosition":[-45.3083,324.179,-51.9979],"timeVisible":29.0364,"tipPosition":[-23.4238,349.709,-76.8927],"tipVelocity":[308.237,927.188,-1048.14],"tool":false,"touchDistance":-1,"touchZone":"hovering","type":1,"width":18.8641},{"bases":[[[0.504521,-0.826669,-0.249154],[0.850517,0.426185,0.3082],[-0.148594,-0.367403,0.918115]],[[0.501677,-0.833344,-0.232075],[0.495975,0.496894,-0.712114],[0.708752,0.242147,0.662597]],[[0.501677,-0.833344,-0.232075],[-0.0372562,0.247215,-0.968244],[0.864253,0.494392,0.0929748]],[[0.501677,-0.833344,-0.232075],[-0.256215,0.113099,-0.95998],[0.826241,0.541061,-0.156776]]],"btipPosition":[-63.1345,297.664,-40.7244],"carpPosition":[-0.817942,307.675,52.5975],"dipPosition":[-47.992,307.58,-43.5976],"direction":[-0.864253,-0.494392,-0.0929748],"extended":false,"handId":987,"id":9872,"length":65.348,"mcpPosition":[9.29256,332.673,-9.8722],"pipPosition":[-24.0241,321.291,-41.0192],"stabilizedTipPosition":[-46.4167,309.097,-47.5307],"timeVisible":29.0364,"tipPosition":[-52.0133,298.149,-25.311],"tipVelocity":[-1039.3,-664.788,440.056],"tool":false,"touchDistance":-0.513207,"touchZone":"touching","type":2,"width":18.527},{"bases":[[[0.411594,-0.901485,-0.13385],[0.879219,0.354105,0.318722],[-0.239926,-0.248868,0.93835]],[[0.412967,-0.900039,-0.139243],[0.513747,0.356455,-0.780387],[0.752012,0.250738,0.609597]],[[0.412967,-0.900039,-0.139243],[-0.110098,0.102432,-0.988628],[0.904067,0.423601,-0.0567912]],[[0.412967,-0.900039,-0.139243],[-0.398847,-0.0412782,-0.916088],[0.818767,0.43385,-0.376024]]],"btipPosition":[-51.3921,283.415,-26.3368],"carpPosition":[6.06277,298.487,49.1631],"dipPosition":[-36.4729,291.321,-33.1886],"direction":[-0.904067,-0.423601,0.0567912],"extended":false,"handId":987,"id":9873,"length":62.8339,"mcpPosition":[20.7198,313.69,-8.16043],"pipPosition":[-12.0482,302.765,-34.7229],"stabilizedTipPosition":[-30.0141,291.904,-37.4952],"timeVisible":29.0364,"tipPosition":[-41.2609,286.442,-20.8859],"tipVelocity":[-828.641,-329.718,480.748],"tool":false,"touchDistance":0.333333,"touchZone":"none","type":3,"width":17.6296},{"bases":[[[0.230091,-0.970263,-0.0751566],[0.907859,0.186193,0.375664],[-0.350499,-0.154668,0.923703]],[[0.183029,-0.982102,0.0444447],[0.557978,0.0665535,-0.827183],[0.80942,0.176198,0.560173]],[[0.183029,-0.982102,0.0444447],[-0.138117,-0.0704476,-0.987907],[0.973357,0.174677,-0.148539]],[[0.183029,-0.982102,0.0444447],[-0.431243,-0.120831,-0.894108],[0.883476,0.144481,-0.445641]]],"btipPosition":[-34.2695,282.02,-15.576],"carpPosition":[7.23973,285.11,45.6519],"dipPosition":[-19.4181,284.449,-23.0673],"direction":[-0.973357,-0.174677,0.148539],"extended":false,"handId":987,"id":9874,"length":49.2606,"mcpPosition":[27.0605,293.857,-6.58361],"pipPosition":[-0.851611,287.781,-25.9006],"stabilizedTipPosition":[-16.6086,281.308,-19.4892],"timeVisible":29.0364,"tipPosition":[-25.8244,282.38,-17.4123],"tipVelocity":[-627.651,-7.04566,196.248],"tool":false,"touchDistance":0.333333,"touchZone":"none","type":4,"width":15.66}],"r":[[0.873843,-0.0606491,0.482411],[-0.0177424,0.987551,0.156295],[-0.485884,-0.145136,0.861889]],"s":0.86308,"t":[-1.87496,13.1898,-65.724],"timestamp":669552284786},false],[1,{"currentFrameRate":53.0435,"devices":[],"gestures":[],"hands":[{"armBasis":[[0.533016,-0.840776,-0.0948144],[0.817637,0.540661,-0.197875],[0.217631,0.0279468,0.975631]],"armWidth":62.1429,"confidence":0.295603,"direction":[0.262398,0.322242,-0.909564],"elbow":[54.8513,305.435,309.493],"grabStrength":0.0100987,"id":987,"palmNormal":[-0.812632,-0.434506,-0.388372],"palmPosition":[4.07194,319.469,4.15435],"palmVelocity":[187.488,164.805,-528.74],"palmWidth":88.738,"pinchStrength":1,"r":[[0.890012,-0.113236,0.441651],[0.0746932,0.991793,0.103767],[-0.449777,-0.0593657,0.891166]],"s":0.94227,"sphereCenter":[-25.7762,296.776,-29.3041],"sphereRadius":44.6407,"stabilizedPalmPosition":[-5.62188,308.041,36.8543],"t":[1.65809,16.2576,-75.614],"timeVisible":29.0548,"type":"right","wrist":[-2.45477,298.076,52.5923]}],"id":4973363,"interactionBox":{"center":[0,200,0],"size":[235.247,235.247,147.751]},"pointables":[{"bases":[[[0.987435,0.113078,0.11039],[-0.157768,0.745429,0.647646],[-0.00905351,-0.656924,0.753903]],[[0.894158,0.386156,-0.22664],[-0.2771,0.874837,0.397335],[0.351707,-0.292478,0.889246]],[[0.894158,0.386156,-0.22664],[-0.420618,0.897947,-0.129506],[0.153501,0.211127,0.96533]],[[0.894158,0.386156,-0.22664],[-0.442387,0.683785,-0.580286],[-0.0691078,0.61913,0.782242]]],"btipPosition":[-47.0057,308.895,-37.5957],"carpPosition":[-26.357,315.808,55.6478],"dipPosition":[-48.583,323.026,-19.7415],"direction":[-0.153501,-0.211127,-0.96533],"extended":false,"handId":987,"id":9870,"length":50.8265,"mcpPosition":[-26.357,315.808,55.6478],"pipPosition":[-43.4789,330.046,12.3574],"stabilizedTipPosition":[-44.1052,306.065,-29.4872],"timeVisible":29.0548,"tipPosition":[-47.3783,312.092,-33.7237],"tipVelocity":[-108.995,223.208,-98.2719],"tool":false,"touchDistance":-0.698303,"touchZone":"hovering","type":0,"width":19.7488},{"bases":[[[0.557031,-0.775005,-0.298469],[0.829053,0.49777,0.254748],[-0.0488618,-0.38935,0.919793]],[[0.548171,-0.813419,-0.194573],[0.805231,0.576169,-0.140115],[0.22608,-0.0798694,0.970829]],[[0.548171,-0.813419,-0.194573],[0.754647,0.581337,-0.30423],[0.360579,0.0199356,0.932516]],[[0.548171,-0.813419,-0.194573],[0.709319,0.575409,-0.40715],[0.443143,0.0851732,0.892396]]],"btipPosition":[-25.8797,350.234,-91.1231],"carpPosition":[-4.02929,320.841,52.399],"dipPosition":[-18.4957,351.653,-76.2533],"direction":[-0.360579,-0.0199356,-0.932516],"extended":true,"handId":987,"id":9871,"length":57.352,"mcpPosition":[-0.523522,348.776,-13.595],"pipPosition":[-9.99605,352.123,-54.2719],"stabilizedTipPosition":[-38.2341,333.012,-63.9535],"timeVisible":29.0548,"tipPosition":[-16.5074,351.237,-88.2071],"tipVelocity":[519.624,574.934,-804.311],"tool":false,"touchDistance":-1,"touchZone":"hovering","type":1,"width":18.8641},{"bases":[[[0.395759,-0.893908,-0.210484],[0.910016,0.350911,0.220753],[-0.123472,-0.278909,0.952347]],[[0.395461,-0.894576,-0.208194],[0.398019,0.371193,-0.838926],[0.827763,0.248897,0.502851]],[[0.395461,-0.894576,-0.208194],[-0.351362,0.062086,-0.934179],[0.848619,0.442583,-0.289768]],[[0.395461,-0.894576,-0.208194],[-0.631795,-0.100418,-0.768604],[0.666668,0.435489,-0.604899]]],"btipPosition":[-62.2699,299.706,-20.5668],"carpPosition":[3.99231,312.684,48.7479],"dipPosition":[-50.052,307.688,-31.6528],"direction":[-0.84862,-0.442583,0.289768],"extended":false,"handId":987,"id":9872,"length":65.348,"mcpPosition":[12.3935,331.662,-16.051],"pipPosition":[-26.5176,319.962,-39.6888],"stabilizedTipPosition":[-53.4643,305.015,-34.3391],"timeVisible":29.0548,"tipPosition":[-55.2087,301.141,-15.2754],"tipVelocity":[-533.684,-302.815,705.702],"tool":false,"touchDistance":0.333333,"touchZone":"none","type":2,"width":18.527},{"bases":[[[0.303541,-0.949101,-0.0840823],[0.931566,0.277079,0.235397],[-0.200118,-0.149781,0.968255]],[[0.306343,-0.946887,-0.0977755],[0.443986,0.232983,-0.865214],[0.84204,0.221641,0.491777]],[[0.306343,-0.946887,-0.0977755],[-0.365543,-0.0221762,-0.93053],[0.878938,0.320802,-0.352922]],[[0.306343,-0.946887,-0.0977755],[-0.679898,-0.145754,-0.718676],[0.666253,0.286638,-0.688437]]],"btipPosition":[-50.7432,288.161,-12.8296],"carpPosition":[9.60849,302.558,45.6703],"dipPosition":[-38.603,293.384,-25.374],"direction":[-0.878938,-0.320802,0.352922],"extended":false,"handId":987,"id":9873,"length":62.8339,"mcpPosition":[21.8336,311.708,-13.4801],"pipPosition":[-14.8572,302.051,-34.9087],"stabilizedTipPosition":[-36.2979,291.013,-29.8649],"timeVisible":29.0548,"tipPosition":[-44.6327,289.818,-12.4086],"tipVelocity":[-429.257,-62.9713,568.082],"tool":false,"touchDistance":0.333333,"touchZone":"none","type":3,"width":17.6296},{"bases":[[[0.120217,-0.992705,-0.00918294],[0.946073,0.111757,0.304065],[-0.300821,-0.0452416,0.952607]],[[0.0874045,-0.99186,0.0926003],[0.493496,-0.0376361,-0.868933],[0.865345,0.121647,0.486189]],[[0.0874045,-0.99186,0.0926003],[-0.387448,-0.119485,-0.914116],[0.917739,0.04402,-0.394737]],[[0.0874045,-0.99186,0.0926003],[-0.713804,-0.127199,-0.688698],[0.69487,-0.00590316,-0.719111]]],"btipPosition":[-32.8986,286.532,-7.8168],"carpPosition":[9.11705,288.908,43.2011],"dipPosition":[-21.2177,286.432,-19.9052],"direction":[-0.917739,-0.04402,0.394737],"extended":false,"handId":987,"id":9874,"length":49.2606,"mcpPosition":[26.1285,291.467,-10.6689],"pipPosition":[-3.71211,287.272,-27.4347],"stabilizedTipPosition":[-22.1095,283.411,-15.8935],"timeVisible":29.0548,"tipPosition":[-27.8728,286.138,-11.1461],"tipVelocity":[-308.556,99.0922,276.932],"tool":false,"touchDistance":0.333333,"touchZone":"none","type":4,"width":15.66}],"r":[[0.890012,-0.113236,0.441651],[0.0746932,0.991793,0.103767],[-0.449777,-0.0593657,0.891166]],"s":0.94227,"t":[1.65809,16.2576,-75.614],"timestamp":669552303210},true],[2,{"currentFrameRate":53.035,"devices":[],"gestures":[],"hands":[{"armBasis":[[0.530633,-0.84319,-0.0863655],[0.821875,0.536763,-0.190806],[0.207244,0.0302663,0.977821]],"armWidth":62.1429,"confidence":0.328915,"direction":[0.276666,0.325752,-0.904069],"elbow":[51.9726,306.003,310.504],"grabStrength":0,"id":987,"palmNormal":[-0.810014,-0.427136,-0.401787],"palmPosition":[4.71556,319.66,4.80572],"palmVelocity":[112.297,88.9854,-252.68],"palmWidth":88.738,"pinchStrength":0.991075,"r":[[0.896593,-0.159201,0.413251],[0.147911,0.987215,0.059408],[-0.417426,0.00785943,0.908677]],"s":1.01294,"sphereCenter":[-24.4453,297.421,-29.5177],"sphereRadius":45.312,"stabilizedPalmPosition":[-4.83461,308.926,34.4135],"t":[3.74643,17.887,-80.2333],"timeVisible":29.0737,"type":"right","wrist":[-2.59826,298.034,53.0269]}],"id":4973364,"interactionBox":{"center":[0,200,0],"size":[235.247,235.247,147.751]},"pointables":[{"bases":[[[0.986541,0.106197,0.124331],[-0.161837,0.742711,0.649761],[-0.0233398,-0.661137,0.749902]],[[0.912569,0.36321,-0.187873],[-0.241557,0.849515,0.469014],[0.329952,-0.382626,0.862977]],[[0.912569,0.36321,-0.187873],[-0.390325,0.91067,-0.135375],[0.121921,0.196871,0.972819]],[[0.912569,0.36321,-0.187873],[-0.396772,0.6753,-0.621725],[-0.0989459,0.64191,0.76037]]],"btipPosition":[-44.2868,313.328,-35.8518],"carpPosition":[-26.4283,315.898,55.8626],"dipPosition":[-46.5452,327.979,-18.4969],"direction":[-0.121921,-0.196871,-0.972819],"extended":false,"handId":987,"id":9870,"length":50.8265,"mcpPosition":[-26.4283,315.898,55.8626],"pipPosition":[-42.4911,334.525,13.851],"stabilizedTipPosition":[-44.5212,312.374,-30.8954],"timeVisible":29.0737,"tipPosition":[-44.9,315.59,-32.4134],"tipVelocity":[10.925,231.958,-7.82686],"tool":false,"touchDistance":-0.63237,"touchZone":"touching","type":0,"width":19.7488},{"bases":[[[0.556156,-0.776801,-0.295416],[0.828632,0.491054,0.268765],[-0.0637114,-0.394266,0.916785]],[[0.541357,-0.825143,-0.161465],[0.827262,0.557045,-0.0730677],[0.150235,-0.0940179,0.98417]],[[0.541357,-0.825143,-0.161465],[0.790325,0.564923,-0.237166],[0.286911,0.000781819,0.957957]],[[0.541357,-0.825143,-0.161465],[0.751419,0.560968,-0.347396],[0.377228,0.0667377,0.923713]]],"btipPosition":[-18.8,351.905,-92.0428],"carpPosition":[-4.02771,320.808,52.944],"dipPosition":[-12.5143,353.017,-76.6512],"direction":[-0.286911,-0.000781819,-0.957957],"extended":true,"handId":987,"id":9871,"length":57.352,"mcpPosition":[0.543503,349.096,-12.8342],"pipPosition":[-5.75119,353.036,-54.07],"stabilizedTipPosition":[-30.5735,340.038,-72.9604],"timeVisible":29.0737,"tipPosition":[-14.3814,352.277,-88.3614],"tipVelocity":[442.116,334.687,-430.84],"tool":false,"touchDistance":-1,"touchZone":"hovering","type":1,"width":18.8641},{"bases":[[[0.39297,-0.895181,-0.210299],[0.909128,0.343882,0.235014],[-0.138062,-0.283542,0.948969]],[[0.393192,-0.894723,-0.211827],[0.385693,0.369633,-0.845348],[0.83465,0.250684,0.490425]],[[0.393192,-0.894723,-0.211827],[-0.436516,0.0211162,-0.899449],[0.809231,0.446122,-0.382258]],[[0.393192,-0.894723,-0.211827],[-0.728,-0.162222,-0.666108],[0.56162,0.416119,-0.715142]]],"btipPosition":[-58.5844,300.132,-14.5612],"carpPosition":[3.99133,312.622,49.3541],"dipPosition":[-48.2916,307.759,-27.6675],"direction":[-0.809231,-0.446122,0.382258],"extended":false,"handId":987,"id":9872,"length":65.348,"mcpPosition":[13.3853,331.915,-15.2149],"pipPosition":[-25.8495,320.131,-38.2685],"stabilizedTipPosition":[-54.4576,303.886,-28.29],"timeVisible":29.0737,"tipPosition":[-54.4505,301.804,-14.8112],"tipVelocity":[-187.947,-145.459,503.612],"tool":false,"touchDistance":0.333333,"touchZone":"none","type":2,"width":18.527},{"bases":[[[0.29871,-0.950509,-0.0854723],[0.930016,0.269833,0.24952],[-0.214108,-0.154025,0.96459]],[[0.302247,-0.947801,-0.101583],[0.446069,0.234812,-0.863647],[0.842418,0.215722,0.493757]],[[0.302247,-0.947801,-0.101583],[-0.408577,-0.0325312,-0.912144],[0.861227,0.317197,-0.397082]],[[0.302247,-0.947801,-0.101583],[-0.727492,-0.160496,-0.66708],[0.615956,0.275524,-0.738028]]],"btipPosition":[-48.5334,288.898,-9.97159],"carpPosition":[9.58515,302.478,46.294],"dipPosition":[-37.3097,293.918,-23.4196],"direction":[-0.861227,-0.317197,0.397082],"extended":false,"handId":987,"id":9873,"length":62.8339,"mcpPosition":[22.6649,311.888,-12.6325],"pipPosition":[-14.0424,302.488,-34.1473],"stabilizedTipPosition":[-38.5563,290.789,-25.9346],"timeVisible":29.0737,"tipPosition":[-44.2559,290.306,-11.8408],"tipVelocity":[-166.982,-14.1833,358.422],"tool":false,"touchDistance":0.333333,"touchZone":"none","type":3,"width":17.6296},{"bases":[[[0.114123,-0.993378,-0.0133022],[0.942561,0.104034,0.317421],[-0.313935,-0.0487631,0.948191]],[[0.080546,-0.99301,0.0862814],[0.511116,-0.0331681,-0.858872],[0.855729,0.113278,0.504871]],[[0.080546,-0.99301,0.0862814],[-0.397696,-0.111391,-0.910731],[0.913975,0.039042,-0.403888]],[[0.080546,-0.99301,0.0862814],[-0.734413,-0.117649,-0.668428],[0.673906,-0.00952694,-0.738755]]],"btipPosition":[-31.4765,287.113,-7.16814],"carpPosition":[9.04179,288.846,43.7395],"dipPosition":[-20.148,286.953,-19.5868],"direction":[-0.913975,-0.039042,0.403888],"extended":false,"handId":987,"id":9874,"length":49.2606,"mcpPosition":[26.7948,291.604,-9.88078],"pipPosition":[-2.71419,287.698,-27.2908],"stabilizedTipPosition":[-24.5192,284.717,-13.8018],"timeVisible":29.0737,"tipPosition":[-27.3257,286.766,-10.607],"tipVelocity":[-122.517,65.2473,156.06],"tool":false,"touchDistance":0.333333,"touchZone":"none","type":4,"width":15.66}],"r":[[0.896593,-0.159201,0.413251],[0.147911,0.987215,0.059408],[-0.417426,0.00785943,0.908677]],"s":1.01294,"t":[3.74643,17.887,-80.2333],"timestamp":669552322096},true],[3,{"currentFrameRate":53.0384,"devices":[],"gestures":[],"hands":[{"armBasis":[[0.552198,-0.82888,-0.0896378],[0.807264,0.558447,-0.190948],[0.208331,0.0330796,0.977499]],"armWidth":62.1429,"confidence":0.363166,"direction":[0.295339,0.34473,-0.891031],"elbow":[51.3779,306.739,309.669],"grabStrength":0,"id":987,"palmNormal":[-0.787973,-0.439491,-0.431214],"palmPosition":[4.73821,320.498,4.58884],"palmVelocity":[57.9337,67.2082,-134.666],"palmWidth":88.738,"pinchStrength":0.933924,"r":[[0.897106,-0.194003,0.396944],[0.200496,0.979362,0.0255258],[-0.393704,0.0566865,0.917488]],"s":1.06731,"sphereCenter":[-23.1436,298.224,-31.0185],"sphereRadius":45.5515,"stabilizedPalmPosition":[-4.13789,309.768,32.2428],"t":[4.80192,19.1207,-82.6514],"timeVisible":29.0925,"type":"right","wrist":[-3.4793,298.028,52.2759]}],"id":4973365,"interactionBox":{"center":[0,200,0],"size":[235.247,235.247,147.751]},"pointables":[{"bases":[[[0.979811,0.126587,0.154745],[-0.19766,0.729557,0.654734],[-0.0300142,-0.672103,0.739849]],[[0.917026,0.373637,-0.139492],[-0.256998,0.821054,0.509727],[0.304984,-0.431584,0.848952]],[[0.917026,0.373637,-0.139492],[-0.390504,0.912259,-0.123653],[0.0810516,0.167866,0.982472]],[[0.917026,0.373637,-0.139492],[-0.378455,0.704869,-0.599944],[-0.125838,0.602955,0.787788]]],"btipPosition":[-42.455,316.977,-37.3273],"carpPosition":[-27.7848,315.31,54.6512],"dipPosition":[-45.3272,330.739,-19.3465],"direction":[-0.0810516,-0.167866,-0.982472],"extended":false,"handId":987,"id":9870,"length":50.8265,"mcpPosition":[-27.7848,315.31,54.6512],"pipPosition":[-42.6321,336.32,13.3224],"stabilizedTipPosition":[-43.5266,317.871,-32.5203],"timeVisible":29.0925,"tipPosition":[-43.1438,318.447,-33.6585],"tipVelocity":[49.4847,207.905,-38.5776],"tool":false,"touchDistance":-0.61744,"touchZone":"touching","type":0,"width":19.7488},{"bases":[[[0.582171,-0.759807,-0.289432],[0.808988,0.505699,0.299677],[-0.0813309,-0.40861,0.909078]],[[0.56371,-0.811936,-0.151626],[0.81755,0.574628,-0.037596],[0.117654,-0.102769,0.987723]],[[0.56371,-0.811936,-0.151626],[0.785597,0.583736,-0.205157],[0.255084,-0.00346771,0.966913]],[[0.56371,-0.811936,-0.151626],[0.749521,0.579974,-0.319138],[0.347059,0.0662545,0.9355]]],"btipPosition":[-16.3171,353.365,-92.5301],"carpPosition":[-5.42708,320.764,52.4601],"dipPosition":[-10.5342,354.469,-76.9421],"direction":[-0.255084,0.00346771,-0.966913],"extended":true,"handId":987,"id":9871,"length":57.352,"mcpPosition":[0.408311,350.081,-12.7652],"pipPosition":[-4.52129,354.387,-54.1499],"stabilizedTipPosition":[-24.0929,345.685,-79.6064],"timeVisible":29.0925,"tipPosition":[-12.674,353.835,-88.7311],"tipVelocity":[287.25,208.775,-231.497],"tool":false,"touchDistance":-1,"touchZone":"hovering","type":1,"width":18.8641},{"bases":[[[0.419331,-0.883028,-0.210769],[0.893783,0.360871,0.266317],[-0.159104,-0.300057,0.940559]],[[0.419725,-0.882278,-0.213109],[0.402111,0.391244,-0.827789],[0.813718,0.261751,0.518988]],[[0.419725,-0.882278,-0.213109],[-0.424034,0.0169902,-0.905487],[0.802512,0.470422,-0.366984]],[[0.419725,-0.882278,-0.213109],[-0.720937,-0.181418,-0.668833],[0.551435,0.434365,-0.712213]]],"btipPosition":[-56.9085,299.918,-16.166],"carpPosition":[2.87851,312.812,48.997],"dipPosition":[-46.8024,307.878,-29.2187],"direction":[-0.802512,-0.470422,0.366984],"extended":false,"handId":987,"id":9872,"length":65.348,"mcpPosition":[13.7042,333.229,-14.9998],"pipPosition":[-24.5467,320.924,-39.3961],"stabilizedTipPosition":[-54.4868,303.393,-26.1861],"timeVisible":29.0925,"tipPosition":[-53.4486,301.668,-17.229],"tipVelocity":[-53.5694,-77.8582,215.817],"tool":false,"touchDistance":0.333333,"touchZone":"none","type":2,"width":18.527},{"bases":[[[0.322769,-0.942234,-0.0895332],[0.915931,0.287112,0.280425],[-0.23852,-0.172518,0.955691]],[[0.326853,-0.939103,-0.106079],[0.4682,0.258405,-0.844994],[0.820948,0.226523,0.524149]],[[0.326853,-0.939103,-0.106079],[-0.386802,-0.0305171,-0.921658],[0.862294,0.342278,-0.373221]],[[0.326853,-0.939103,-0.106079],[-0.711937,-0.170848,-0.681144],[0.621541,0.298155,-0.724424]]],"btipPosition":[-47.0323,288.83,-11.9733],"carpPosition":[8.78997,302.842,45.9655],"dipPosition":[-35.7068,294.263,-25.1734],"direction":[-0.862294,-0.342278,0.373221],"extended":false,"handId":987,"id":9873,"length":62.8339,"mcpPosition":[23.3611,313.381,-12.4174],"pipPosition":[-12.4108,303.51,-35.2565],"stabilizedTipPosition":[-39.3811,290.689,-24.4],"timeVisible":29.0925,"tipPosition":[-43.086,290.296,-13.9602],"tipVelocity":[-45.6802,-6.53543,132.529],"tool":false,"touchDistance":0.333333,"touchZone":"none","type":3,"width":17.6296},{"bases":[[[0.137188,-0.990268,-0.0234159],[0.930288,0.120688,0.346409],[-0.340212,-0.0693068,0.937791]],[[0.100857,-0.992086,0.0747866],[0.53715,-0.0089738,-0.843439],[0.837435,0.125238,0.531994]],[[0.100857,-0.992086,0.0747866],[-0.371655,-0.107297,-0.92215],[0.922876,0.0652102,-0.379535]],[[0.100857,-0.992086,0.0747866],[-0.716058,-0.124571,-0.686836],[0.690717,0.0157205,-0.722955]]],"btipPosition":[-30.2202,287.331,-8.77354],"carpPosition":[8.63366,289.238,43.2114],"dipPosition":[-18.6091,287.595,-20.9266],"direction":[-0.922876,-0.0652102,0.379535],"extended":false,"handId":987,"id":9874,"length":49.2606,"mcpPosition":[27.8727,293.158,-9.82077],"pipPosition":[-1.0055,288.839,-28.1661],"stabilizedTipPosition":[-25.6576,285.722,-12.9629],"timeVisible":29.0925,"tipPosition":[-26.1236,287.139,-12.1102],"tipVelocity":[-28.2495,41.5149,39.5871],"tool":false,"touchDistance":0.333333,"touchZone":"none","type":4,"width":15.66}],"r":[[0.897106,-0.194003,0.396944],[0.200496,0.979362,0.0255258],[-0.393704,0.0566865,0.917488]],"s":1.06731,"t":[4.80192,19.1207,-82.6514],"timestamp":669552340938},true],[4,{"currentFrameRate":53.0402,"devices":[],"gestures":[],"hands":[{"armBasis":[[0.566178,-0.819126,-0.0920614],[0.797379,0.572573,-0.190646],[0.208875,0.0345318,0.977332]],"armWidth":62.1429,"confidence":0.38555,"direction":[0.309205,0.360755,-0.879914],"elbow":[50.8863,306.986,309.09],"grabStrength":0,"id":987,"palmNormal":[-0.772281,-0.444681,-0.453697],"palmPosition":[4.79034,321.112,4.5391],"palmVelocity":[30.933,50.2767,-70.0485],"palmWidth":88.738,"pinchStrength":0.881445,"r":[[0.894778,-0.220653,0.388181],[0.238991,0.971021,0.00106726],[-0.377168,0.091817,0.921582]],"s":1.10991,"sphereCenter":[-22.2643,298.98,-32.0999],"sphereRadius":45.8165,"stabilizedPalmPosition":[-3.36082,310.756,29.8316],"t":[5.35573,20.0449,-83.8854],"timeVisible":29.1114,"type":"right","wrist":[-4.11422,297.893,51.7409]}],"id":4973366,"interactionBox":{"center":[0,200,0],"size":[235.247,235.247,147.751]},"pointables":[{"bases":[[[0.974397,0.138234,0.177318],[-0.221921,0.717869,0.65986],[-0.0360759,-0.682316,0.730166]],[[0.920349,0.377724,-0.101403],[-0.267598,0.797272,0.541062],[0.285218,-0.470831,0.834847]],[[0.920349,0.377724,-0.101403],[-0.387164,0.916618,-0.0995776],[0.0553349,0.130906,0.989849]],[[0.920349,0.377724,-0.101403],[-0.365348,0.737825,-0.56757],[-0.139567,0.55941,0.817057]]],"btipPosition":[-41.2489,320.598,-38.3833],"carpPosition":[-28.7095,314.798,53.8219],"dipPosition":[-44.4345,333.366,-19.7345],"direction":[-0.0553349,-0.130906,-0.989849],"extended":false,"handId":987,"id":9870,"length":50.8265,"mcpPosition":[-28.7095,314.798,53.8219],"pipPosition":[-42.5945,337.719,13.1797],"stabilizedTipPosition":[-42.3067,322.343,-33.7629],"timeVisible":29.1114,"tipPosition":[-41.9427,321.44,-34.4566],"tipVelocity":[54.7142,194.265,-43.1287],"tool":false,"touchDistance":-0.597564,"touchZone":"touching","type":0,"width":19.7488},{"bases":[[[0.598992,-0.747616,-0.286842],[0.795131,0.512936,0.323518],[-0.0947355,-0.421862,0.901697]],[[0.578184,-0.802138,-0.149256],[0.81012,0.586144,-0.0118546],[0.0969945,-0.114061,0.988728]],[[0.578184,-0.802138,-0.149256],[0.78167,0.597011,-0.18047],[0.233869,-0.0123243,0.97219]],[[0.578184,-0.802138,-0.149256],[0.747975,0.594179,-0.295778],[0.325939,0.0593742,0.943524]]],"btipPosition":[-14.6013,354.943,-92.5795],"carpPosition":[-6.39064,320.594,52.1812],"dipPosition":[-9.17027,355.932,-76.8578],"direction":[-0.233869,0.0123243,-0.97219],"extended":true,"handId":987,"id":9871,"length":57.352,"mcpPosition":[0.406516,350.862,-12.5144],"pipPosition":[-3.65747,355.641,-53.9412],"stabilizedTipPosition":[-18.7579,350.396,-84.2542],"timeVisible":29.1114,"tipPosition":[-11.1792,355.417,-88.7055],"tipVelocity":[189.117,146.877,-118.681],"tool":false,"touchDistance":-1,"touchZone":"hovering","type":1,"width":18.8641},{"bases":[[[0.4363,-0.874153,-0.213303],[0.882678,0.369771,0.290084],[-0.174705,-0.314842,0.932927]],[[0.436764,-0.873311,-0.215787],[0.416349,0.408883,-0.812077],[0.797428,0.264843,0.542188]],[[0.436764,-0.873311,-0.215787],[-0.404082,0.0238518,-0.914412],[0.803713,0.486578,-0.342472]],[[0.436764,-0.873311,-0.215787],[-0.704673,-0.183039,-0.685516],[0.559171,0.451468,-0.695344]]],"btipPosition":[-56.0354,300.012,-17.9304],"carpPosition":[2.09947,312.807,48.7928],"dipPosition":[-45.7875,308.286,-30.6739],"direction":[-0.803713,-0.486578,0.342472],"extended":false,"handId":987,"id":9872,"length":65.348,"mcpPosition":[13.9866,334.229,-14.6847],"pipPosition":[-23.4984,321.78,-40.1716],"stabilizedTipPosition":[-54.3535,303.149,-25.3084],"timeVisible":29.1114,"tipPosition":[-52.6651,301.806,-18.953],"tipVelocity":[-3.83052,-35.4443,66.2178],"tool":false,"touchDistance":0.333333,"touchZone":"none","type":2,"width":18.527},{"bases":[[[0.338046,-0.936328,-0.0949474],[0.905575,0.296147,0.303695],[-0.25624,-0.188645,0.948026]],[[0.342483,-0.93288,-0.111539],[0.483076,0.276673,-0.830716],[0.805818,0.230624,0.545408]],[[0.342483,-0.93288,-0.111539],[-0.368498,-0.0241715,-0.929314],[0.864242,0.359376,-0.352043]],[[0.342483,-0.93288,-0.111539],[-0.697328,-0.172837,-0.695601],[0.629634,0.316011,-0.709717]]],"btipPosition":[-46.0646,288.97,-13.479],"carpPosition":[8.21598,302.962,45.758],"dipPosition":[-34.5917,294.728,-26.4111],"direction":[-0.864242,-0.359376,0.352043],"extended":false,"handId":987,"id":9873,"length":62.8339,"mcpPosition":[23.8696,314.486,-12.1566],"pipPosition":[-11.243,304.437,-35.9221],"stabilizedTipPosition":[-39.6725,290.661,-23.8273],"timeVisible":29.1114,"tipPosition":[-42.2064,290.496,-15.4466],"tipVelocity":[2.68749,2.22333,30.1646],"tool":false,"touchDistance":0.333333,"touchZone":"none","type":3,"width":17.6296},{"bases":[[[0.151812,-0.987843,-0.0334509],[0.92091,0.129071,0.367785],[-0.358997,-0.0866393,0.929309]],[[0.113467,-0.991489,0.0638418],[0.555722,0.0100695,-0.831307],[0.823589,0.129804,0.552135]],[[0.113467,-0.991489,0.0638418],[-0.3508,-0.100098,-0.931085],[0.929551,0.0832515,-0.359172]],[[0.113467,-0.991489,0.0638418],[-0.700442,-0.1254,-0.702607],[0.704632,0.035005,-0.708709]]],"btipPosition":[-29.3625,287.643,-10.0045],"carpPosition":[8.3128,289.396,42.8232],"dipPosition":[-17.5175,288.231,-21.9181],"direction":[-0.929551,-0.0832515,0.359172],"extended":false,"handId":987,"id":9874,"length":49.2606,"mcpPosition":[28.6141,294.295,-9.72931],"pipPosition":[0.213402,289.819,-28.7692],"stabilizedTipPosition":[-26.1528,286.76,-12.8527],"timeVisible":29.1114,"tipPosition":[-25.2491,287.558,-13.2422],"tipVelocity":[9.24601,31.2293,-10.3245],"tool":false,"touchDistance":0.333333,"touchZone":"none","type":4,"width":15.66}],"r":[[0.894778,-0.220653,0.388181],[0.238991,0.971021,0.00106726],[-0.377168,0.091817,0.921582]],"s":1.10991,"t":[5.35573,20.0449,-83.8854],"timestamp":669552359785},true],[5,{"currentFrameRate":52.9825,"devices":[],"gestures":[],"hands":[{"armBasis":[[0.574026,-0.813549,-0.0929122],[0.791404,0.580336,-0.192068],[0.210177,0.0367209,0.976973]],"armWidth":62.1429,"confidence":0.414312,"direction":[0.32263,0.37168,-0.870496],"elbow":[50.6183,307.573,308.372],"grabStrength":0,"id":987,"palmNormal":[-0.760529,-0.445698,-0.472175],"palmPosition":[4.87273,321.654,4.31721],"palmVelocity":[17.7934,39.4585,-41.2068],"palmWidth":88.738,"pinchStrength":0.809804,"r":[[0.890948,-0.241472,0.384581],[0.26799,0.963289,-0.016013],[-0.366596,0.117331,0.922952]],"s":1.14563,"sphereCenter":[-21.4864,299.305,-33.3863],"sphereRadius":46.386,"stabilizedPalmPosition":[-2.36327,312.076,26.7404],"t":[5.67384,20.7777,-84.6133],"timeVisible":29.1304,"type":"right","wrist":[-4.72501,297.903,51.1175]}],"id":4973367,"interactionBox":{"center":[0,200,0],"size":[235.247,235.247,147.751]},"pointables":[{"bases":[[[0.969935,0.143469,0.19658],[-0.239275,0.709673,0.662655],[-0.0444373,-0.689768,0.722665]],[[0.924584,0.37492,-0.0676691],[-0.271583,0.773184,0.573088],[0.267183,-0.51149,0.816695]],[[0.924584,0.37492,-0.0676691],[-0.378486,0.924214,-0.0507745],[0.0435043,0.0725571,0.996415]],[[0.924584,0.37492,-0.0676691],[-0.35489,0.782981,-0.510875],[-0.138553,0.496362,0.856988]]],"btipPosition":[-40.7694,325.769,-39.5408],"carpPosition":[-29.4782,314.61,52.9104],"dipPosition":[-43.9318,337.098,-19.9806],"direction":[-0.0435043,-0.0725571,-0.996415],"extended":false,"handId":987,"id":9870,"length":50.8265,"mcpPosition":[-29.4782,314.61,52.9104],"pipPosition":[-42.4852,339.511,13.1519],"stabilizedTipPosition":[-41.6148,327.495,-34.8555],"timeVisible":29.1304,"tipPosition":[-41.2462,325.729,-35.248],"tipVelocity":[40.2461,223.569,-46.36],"tool":false,"touchDistance":-0.580359,"touchZone":"touching","type":0,"width":19.7488},{"bases":[[[0.609647,-0.740409,-0.283064],[0.78526,0.515403,0.343113],[-0.108152,-0.431457,0.895627]],[[0.586554,-0.796707,-0.145644],[0.806026,0.591816,0.00874734],[0.0792256,-0.122524,0.989298]],[[0.586554,-0.796707,-0.145644],[0.780523,0.604058,-0.160927],[0.216189,-0.0192867,0.976161]],[[0.586554,-0.796707,-0.145644],[0.748775,0.601979,-0.277412],[0.308691,0.053662,0.949648]]],"btipPosition":[-12.9757,356.233,-92.8068],"carpPosition":[-7.17635,320.583,51.738],"dipPosition":[-7.83211,357.127,-76.9831],"direction":[-0.216189,0.0192867,-0.976161],"extended":true,"handId":987,"id":9871,"length":57.352,"mcpPosition":[0.583422,351.539,-12.5222],"pipPosition":[-2.73606,356.673,-53.9729],"stabilizedTipPosition":[-14.5874,354.014,-87.196],"timeVisible":29.1304,"tipPosition":[-9.7114,356.715,-88.8772],"tipVelocity":[136.098,107.189,-65.3631],"tool":false,"touchDistance":-0.957453,"touchZone":"hovering","type":1,"width":18.8641},{"bases":[[[0.44657,-0.868835,-0.213776],[0.874458,0.37321,0.309898],[-0.189467,-0.32533,0.926425]],[[0.44714,-0.86785,-0.216569],[0.435485,0.422708,-0.794777],[0.781293,0.261064,0.566946]],[[0.44714,-0.86785,-0.216569],[-0.381788,0.0337816,-0.923632],[0.808891,0.495676,-0.31623]],[[0.44714,-0.86785,-0.216569],[-0.689378,-0.18009,-0.70166],[0.569934,0.463038,-0.678802]]],"btipPosition":[-55.2811,300.522,-20.0451],"carpPosition":[1.43166,312.89,48.4305],"dipPosition":[-44.836,309.008,-32.4855],"direction":[-0.808891,-0.495676,0.31623],"extended":false,"handId":987,"id":9872,"length":65.348,"mcpPosition":[14.3232,335.026,-14.6047],"pipPosition":[-22.4033,322.754,-41.2553],"stabilizedTipPosition":[-54.0832,303.025,-24.8681],"timeVisible":29.1304,"tipPosition":[-52.0375,302.302,-20.9844],"tipVelocity":[18.749,-3.47952,-19.3806],"tool":false,"touchDistance":0.333333,"touchZone":"none","type":2,"width":18.527},{"bases":[[[0.346622,-0.932886,-0.097864],[0.897644,0.299621,0.323208],[-0.272194,-0.199878,0.941254]],[[0.351275,-0.929291,-0.11412],[0.506431,0.291107,-0.811655],[0.787485,0.227321,0.572881]],[[0.351275,-0.929291,-0.11412],[-0.345017,-0.0151701,-0.938474],[0.870384,0.369036,-0.32595]],[[0.351275,-0.929291,-0.11412],[-0.682687,-0.170811,-0.710466],[0.640737,0.327477,-0.694417]]],"btipPosition":[-45.2002,289.488,-15.5915],"carpPosition":[7.6752,303.12,45.4127],"dipPosition":[-33.5249,295.455,-28.2448],"direction":[-0.870384,-0.369036,0.32595],"extended":false,"handId":987,"id":9873,"length":62.8339,"mcpPosition":[24.3034,315.33,-12.0883],"pipPosition":[-10.0103,305.425,-37.0508],"stabilizedTipPosition":[-39.9054,290.677,-23.3909],"timeVisible":29.1304,"tipPosition":[-41.5197,290.982,-17.3513],"tipVelocity":[24.9288,15.7845,-37.7226],"tool":false,"touchDistance":0.333333,"touchZone":"none","type":3,"width":17.6296},{"bases":[[[0.159675,-0.986346,-0.0403153],[0.913031,0.132032,0.385931],[-0.375338,-0.0984328,0.921646]],[[0.11938,-0.991229,0.056686],[0.574353,0.0223762,-0.818302],[0.809856,0.130247,0.571987]],[[0.11938,-0.991229,0.056686],[-0.331065,-0.093569,-0.938957],[0.936026,0.0933258,-0.339332]],[[0.11938,-0.991229,0.056686],[-0.686912,-0.123683,-0.716138],[0.716868,0.0465541,-0.695653]]],"btipPosition":[-28.681,288.097,-11.3294],"carpPosition":[7.92582,289.585,42.3474],"dipPosition":[-16.6303,288.88,-23.0235],"direction":[-0.936026,-0.0933258,0.339332],"extended":false,"handId":987,"id":9874,"length":49.2606,"mcpPosition":[29.1512,295.151,-9.77173],"pipPosition":[1.2241,290.66,-29.4962],"stabilizedTipPosition":[-26.0443,287.436,-13.3726],"timeVisible":29.1304,"tipPosition":[-24.6193,288.08,-14.4067],"tipVelocity":[23.5374,28.7253,-38.1997],"tool":false,"touchDistance":0.333333,"touchZone":"none","type":4,"width":15.66}],"r":[[0.890948,-0.241472,0.384581],[0.26799,0.963289,-0.016013],[-0.366596,0.117331,0.922952]],"s":1.14563,"t":[5.67384,20.7777,-84.6133],"timestamp":669552378867},true],[6,{"currentFrameRate":52.9398,"devices":[],"gestures":[],"hands":[{"armBasis":[[0.585925,-0.804401,-0.0981414],[0.78204,0.593022,-0.191671],[0.212381,0.0355544,0.97654]],"armWidth":62.1429,"confidence":0.43291,"direction":[0.331991,0.386676,-0.860386],"elbow":[51.0036,307.018,307.468],"grabStrength":0,"id":987,"palmNormal":[-0.746695,-0.449621,-0.490191],"palmPosition":[5.13305,322.112,3.9881],"palmVelocity":[15.7607,31.8591,-29.4124],"palmWidth":88.738,"pinchStrength":0.788518,"r":[[0.886768,-0.256692,0.384385],[0.288542,0.9571,-0.0265092],[-0.36109,0.134419,0.922792]],"s":1.17174,"sphereCenter":[-20.4218,299.766,-34.6153],"sphereRadius":46.6036,"stabilizedPalmPosition":[-1.10729,313.757,22.9283],"t":[5.96305,21.3729,-85.1418],"timeVisible":29.1495,"type":"right","wrist":[-4.91991,297.656,50.3275]}],"id":4973368,"interactionBox":{"center":[0,200,0],"size":[235.247,235.247,147.751]},"pointables":[{"bases":[[[0.964585,0.153602,0.214433],[-0.259509,0.698179,0.667234],[-0.0472241,-0.699252,0.713314]],[[0.923152,0.382249,-0.0409333],[-0.286415,0.754888,0.590009],[0.25643,-0.532944,0.806359]],[[0.923152,0.382249,-0.0409333],[-0.383408,0.92323,-0.0253976],[0.0280826,0.03914,0.998839]],[[0.923152,0.382249,-0.0409333],[-0.353628,0.802583,-0.480425],[-0.15079,0.457981,0.87608]]],"btipPosition":[-39.8934,328.207,-40.5513],"carpPosition":[-29.9177,314.016,51.9131],"dipPosition":[-43.3351,338.66,-20.5553],"direction":[-0.0280826,-0.03914,-0.998839],"extended":false,"handId":987,"id":9870,"length":50.8265,"mcpPosition":[-29.9177,314.016,51.9131],"pipPosition":[-42.4013,339.961,12.6579],"stabilizedTipPosition":[-40.7892,330.262,-35.8292],"timeVisible":29.1495,"tipPosition":[-40.4294,328.046,-36.1354],"tipVelocity":[41.4201,171.243,-47.0696],"tool":false,"touchDistance":-0.56431,"touchZone":"touching","type":0,"width":19.7488},{"bases":[[[0.623952,-0.728831,-0.28194],[0.772627,0.521246,0.362423],[-0.117185,-0.443969,0.888346]],[[0.599257,-0.78727,-0.145247],[0.797971,0.601978,0.0294052],[0.0642859,-0.133525,0.988958]],[[0.599257,-0.78727,-0.145247],[0.775106,0.615961,-0.140722],[0.200253,-0.0282536,0.979337]],[[0.599257,-0.78727,-0.145247],[0.745253,0.614866,-0.257949],[0.292383,0.046332,0.955178]]],"btipPosition":[-11.5584,357.635,-92.99],"carpPosition":[-7.6804,320.292,51.1852],"dipPosition":[-6.68644,358.407,-77.0742],"direction":[-0.200253,0.0282536,-0.979337],"extended":true,"handId":987,"id":9871,"length":57.352,"mcpPosition":[0.727473,352.146,-12.5526],"pipPosition":[-1.96605,357.741,-53.9891],"stabilizedTipPosition":[-11.6889,356.667,-88.6862],"timeVisible":29.1495,"tipPosition":[-8.42248,358.116,-89.0087],"tipVelocity":[104.079,89.9088,-37.3338],"tool":false,"touchDistance":-0.892471,"touchZone":"hovering","type":1,"width":18.8641},{"bases":[[[0.461466,-0.860221,-0.216955],[0.86423,0.380651,0.328956],[-0.200391,-0.3393,0.919086]],[[0.462116,-0.859111,-0.219948],[0.455916,0.442885,-0.772006],[0.760651,0.256479,0.596347]],[[0.462116,-0.859111,-0.219948],[-0.354644,0.0482942,-0.933753],[0.81282,0.509506,-0.282361]],[[0.462116,-0.859111,-0.219948],[-0.670347,-0.176025,-0.720868],[0.580589,0.480566,-0.657246]]],"btipPosition":[-54.2217,300.847,-22.7654],"carpPosition":[1.08175,312.755,47.9272],"dipPosition":[-43.5813,309.655,-34.8107],"direction":[-0.81282,-0.509506,0.282361],"extended":false,"handId":987,"id":9872,"length":65.348,"mcpPosition":[14.7166,335.841,-14.6085],"pipPosition":[-21.0397,323.785,-42.6413],"stabilizedTipPosition":[-53.7864,303.006,-24.9539],"timeVisible":29.1495,"tipPosition":[-51.12,302.603,-23.5131],"tipVelocity":[38.0954,8.57381,-77.896],"tool":false,"touchDistance":0.333333,"touchZone":"none","type":2,"width":18.527},{"bases":[[[0.360476,-0.927007,-0.103516],[0.888162,0.307209,0.341746],[-0.285,-0.21513,0.934074]],[[0.365123,-0.923336,-0.118894],[0.530217,0.311223,-0.788677],[0.765216,0.224924,0.603203]],[[0.365123,-0.923336,-0.118894],[-0.317043,-0.00324928,-0.948406],[0.875311,0.383979,-0.293924]],[[0.365123,-0.923336,-0.118894],[-0.664148,-0.168852,-0.728284],[0.652375,0.344876,-0.674883]]],"btipPosition":[-43.9652,289.788,-18.2138],"carpPosition":[7.50263,303.104,44.8941],"dipPosition":[-32.0779,296.072,-30.5112],"direction":[-0.875311,-0.383979,0.293924],"extended":false,"handId":987,"id":9873,"length":62.8339,"mcpPosition":[24.9132,316.247,-12.1682],"pipPosition":[-8.4302,306.446,-38.452],"stabilizedTipPosition":[-39.9981,290.716,-23.2268],"timeVisible":29.1495,"tipPosition":[-40.4715,291.254,-19.6792],"tipVelocity":[45.8723,17.6536,-84.8934],"tool":false,"touchDistance":0.333333,"touchZone":"none","type":3,"width":17.6296},{"bases":[[[0.173329,-0.983607,-0.0497447],[0.904726,0.139065,0.402656],[-0.389138,-0.114797,0.913998]],[[0.130823,-0.990241,0.0480527],[0.597952,0.0401501,-0.800526],[0.790784,0.13346,0.597368]],[[0.130823,-0.990241,0.0480527],[-0.305107,-0.0863305,-0.948397],[0.943289,0.109411,-0.313423]],[[0.130823,-0.990241,0.0480527],[-0.670237,-0.124053,-0.731706],[0.730526,0.063517,-0.679925]]],"btipPosition":[-27.5545,288.348,-13.2105],"carpPosition":[7.98242,289.613,41.6678],"dipPosition":[-15.2742,289.416,-24.6401],"direction":[-0.943289,-0.109411,0.313423],"extended":false,"handId":987,"id":9874,"length":49.2606,"mcpPosition":[29.9882,296.105,-10.0189],"pipPosition":[2.71875,291.503,-30.6186],"stabilizedTipPosition":[-25.6022,287.826,-14.2023],"timeVisible":29.1495,"tipPosition":[-23.626,288.427,-15.953],"tipVelocity":[42.4639,22.7552,-66.4894],"tool":false,"touchDistance":0.333333,"touch