{"sensorType":"Leap","data":[[0,{"currentFrameRate":50.2222,"devices":[],"gestures":[],"hands":[{"armBasis":[[0.723547,-0.665803,-0.182172],[0.639875,0.745931,-0.184789],[0.258921,0.0171362,0.965746]],"armWidth":62.1429,"confidence":0.468577,"direction":[0.168504,0.477451,-0.86235],"elbow":[74.8759,302.608,333.204],"grabStrength":0.0301442,"id":987,"palmNormal":[-0.683971,-0.573331,-0.451081],"palmPosition":[7.41314,325.774,33.3007],"palmVelocity":[18.552,78.5739,-232.179],"palmWidth":88.738,"pinchStrength":0.410407,"r":[[0.988754,-0.148953,-0.0133548],[0.149544,0.985591,0.0790415],[0.00138896,-0.0801497,0.996782]],"s":0.957345,"sphereCenter":[-8.80887,291.987,-5.42064],"sphereRadius":49.1666,"stabilizedPalmPosition":[-0.254645,302.575,84.8186],"t":[8.18619,24.1513,-51.9632],"timeVisible":0.188927,"type":"right","wrist":[6.69733,298.096,78.906]}],"id":4971845,"interactionBox":{"center":[0,200,0],"size":[235.247,235.247,147.751]},"pointables":[{"bases":[[[0.930257,0.338041,0.142654],[-0.331107,0.605926,0.72334],[0.158081,-0.720126,0.675595]],[[0.851735,0.521837,-0.047252],[-0.468757,0.799171,0.376288],[0.234124,-0.298348,0.925297]],[[0.851735,0.521837,-0.047252],[-0.485545,0.819953,0.303188],[0.196959,-0.235293,0.951759]],[[0.851735,0.521837,-0.047252],[-0.515477,0.850685,0.103049],[0.0939714,-0.0634132,0.993553]]],"btipPosition":[-40.8945,332.771,-15.9442],"carpPosition":[-20.8028,308.975,83.4261],"dipPosition":[-38.7497,331.323,6.73303],"direction":[-0.196959,0.235293,-0.951759],"extended":false,"handId":987,"id":9870,"length":50.8265,"mcpPosition":[-20.8028,308.975,83.4261],"pipPosition":[-32.2004,323.499,38.3807],"stabilizedTipPosition":[-44.7241,313.109,21.8936],"timeVisible":0.188927,"tipPosition":[-40.3962,333.134,-10.5457],"tipVelocity":[18.0205,73.8252,-230.199],"tool":false,"touchDistance":0.469709,"touchZone":"hovering","type":0,"width":19.7488},{"bases":[[[0.727997,-0.576214,-0.37148],[0.683367,0.653392,0.325713],[0.0550417,-0.490975,0.869433]],[[0.722313,-0.66997,-0.171477],[0.667616,0.740212,-0.0798475],[0.180425,-0.056806,0.981947]],[[0.722313,-0.66997,-0.171477],[0.652664,0.742384,-0.151312],[0.228677,-0.00262209,0.973499]],[[0.722313,-0.66997,-0.171477],[0.640209,0.741559,-0.200557],[0.261528,0.0350837,0.964558]]],"btipPosition":[-21.6754,356.738,-61.3231],"carpPosition":[-0.418456,319.654,81.22],"dipPosition":[-17.3177,357.322,-45.2509],"direction":[-0.228677,0.00262209,-0.973499],"extended":true,"handId":987,"id":9871,"length":57.352,"mcpPosition":[-4.36763,354.88,18.8393],"pipPosition":[-11.9273,357.261,-22.3034],"stabilizedTipPosition":[-23.6949,342.84,-35.593],"timeVisible":0.188927,"tipPosition":[-20.5936,356.648,-57.6534],"tipVelocity":[16.4267,94.0115,-228.665],"tool":false,"touchDistance":0.213192,"touchZone":"hovering","type":1,"width":18.8641},{"bases":[[[0.601505,-0.740137,-0.300648],[0.797648,0.535632,0.27723],[-0.0441515,-0.406566,0.912554]],[[0.602268,-0.731854,-0.318845],[0.242725,0.54838,-0.800227],[0.760498,0.404559,0.507911]],[[0.602268,-0.731854,-0.318845],[-0.697776,-0.288597,-0.655607],[0.387791,0.617334,-0.684483]],[[0.602268,-0.731854,-0.318845],[-0.791992,-0.597873,-0.123681],[-0.100113,0.327012,-0.939702]]],"btipPosition":[-32.3321,299.708,27.0857],"carpPosition":[9.33256,314.175,76.8483],"dipPosition":[-34.1669,305.701,9.8639],"direction":[-0.387791,-0.617334,0.684483],"extended":false,"handId":987,"id":9872,"length":65.348,"mcpPosition":[12.3367,341.839,14.757],"pipPosition":[-23.4124,322.821,-9.1186],"stabilizedTipPosition":[-35.2435,276.338,67.5422],"timeVisible":0.188927,"tipPosition":[-32.8393,301.055,23.043],"tipVelocity":[20.2575,77.6904,-234.667],"tool":false,"touchDistance":0.333333,"touchZone":"none","type":2,"width":18.527},{"bases":[[[0.526599,-0.830158,-0.183119],[0.836771,0.46815,0.28399],[-0.15003,-0.302777,0.941179]],[[0.527621,-0.828049,-0.189608],[0.435228,0.455189,-0.776775],[0.729515,0.32732,0.600558]],[[0.527621,-0.828049,-0.189608],[-0.636716,-0.237741,-0.733533],[0.562324,0.507754,-0.652669]],[[0.527621,-0.828049,-0.189608],[-0.848433,-0.502596,-0.166009],[0.0421674,0.24846,-0.967724]]],"btipPosition":[-21.3432,292.136,24.3786],"carpPosition":[17.2396,306.147,72.7772],"dipPosition":[-20.5749,296.663,6.74515],"direction":[-0.562324,-0.507754,0.652669],"extended":false,"handId":987,"id":9873,"length":62.8339,"mcpPosition":[26.4048,324.643,15.281],"pipPosition":[-5.3829,310.381,-10.8876],"stabilizedTipPosition":[-21.3828,266.052,78.9813],"timeVisible":0.188927,"tipPosition":[-20.8301,293.082,21.6793],"tipVelocity":[16.6011,80.7338,-258.764],"tool":false,"touchDistance":0.333333,"touchZone":"none","type":3,"width":17.6296},{"bases":[[[0.360149,-0.925485,-0.117346],[0.891925,0.30473,0.334079],[-0.273427,-0.224982,0.935212]],[[0.32098,-0.947061,0.00690791],[0.595167,0.196031,-0.779325],[0.736714,0.254259,0.626581]],[[0.32098,-0.947061,0.00690791],[-0.614885,-0.213935,-0.759044],[0.720339,0.23939,-0.651003]],[[0.32098,-0.947061,0.00690791],[-0.928168,-0.316011,-0.196574],[0.18835,0.0566846,-0.980465]]],"btipPosition":[-6.75361,291.597,23.1978],"carpPosition":[20.0955,293.162,68.7917],"dipPosition":[-3.5874,292.55,6.71599],"direction":[-0.720339,-0.23939,0.651003],"extended":false,"handId":987,"id":9874,"length":49.2606,"mcpPosition":[35.5578,305.884,15.9054],"pipPosition":[10.1529,297.117,-5.7017],"stabilizedTipPosition":[-6.69494,265.577,82.1701],"timeVisible":0.188927,"tipPosition":[-5.75017,291.686,20.9024],"tipVelocity":[18.2309,81.2742,-268.098],"tool":false,"touchDistance":0.333333,"touchZone":"none","type":4,"width":15.66}],"r":[[0.988754,-0.148953,-0.0133548],[0.149544,0.985591,0.0790415],[0.00138896,-0.0801497,0.996782]],"s":0.957345,"t":[8.18619,24.1513,-51.9632],"timestamp":669523437359},false],[1,{"currentFrameRate":50.5278,"devices":[],"gestures":[],"hands":[{"armBasis":[[0.73808,-0.651384,-0.175888],[0.624579,0.758223,-0.18708],[0.255223,0.0282239,0.96647]],"armWidth":62.1429,"confidence":0.499924,"direction":[0.163638,0.491882,-0.855146],"elbow":[74.8371,306.544,330.627],"grabStrength":0.0213455,"id":987,"palmNormal":[-0.674066,-0.577177,-0.46098],"palmPosition":[8.0553,327.431,30.9245],"palmVelocity":[26.275,83.5889,-181.348],"palmWidth":88.738,"pinchStrength":0.412255,"r":[[0.988024,-0.153526,-0.015441],[0.154288,0.984258,0.0862002],[0.00196395,-0.0875502,0.996158]],"s":0.953671,"sphereCenter":[-7.48022,293.722,-8.46942],"sphereRadius":49.3577,"stabilizedPalmPosition":[-0.218484,302.683,84.584],"t":[8.68035,25.7195,-55.3486],"timeVisible":0.207564,"type":"right","wrist":[7.63237,299.113,76.1389]}],"id":4971846,"interactionBox":{"center":[0,200,0],"size":[235.247,235.247,147.751]},"pointables":[{"bases":[[[0.924688,0.349918,0.150032],[-0.342118,0.590769,0.730717],[0.167057,-0.727014,0.66599]],[[0.843749,0.535404,-0.0378238],[-0.480999,0.785518,0.389362],[0.238177,-0.31033,0.920308]],[[0.843749,0.535404,-0.0378238],[-0.498861,0.808259,0.312818],[0.198055,-0.245071,0.94906]],[[0.843749,0.535404,-0.0378238],[-0.529821,0.842081,0.100942],[0.0858953,-0.0651296,0.994173]]],"btipPosition":[-40.1813,334.258,-18.3221],"carpPosition":[-20.0401,309.515,80.7297],"dipPosition":[-38.2208,332.772,4.36926],"direction":[-0.198055,0.245071,-0.94906],"extended":false,"handId":987,"id":9870,"length":50.8265,"mcpPosition":[-20.0401,309.515,80.7297],"pipPosition":[-31.6351,324.623,35.9272],"stabilizedTipPosition":[-44.6155,313.561,21.1326],"timeVisible":0.207564,"tipPosition":[-39.7291,334.611,-12.9233],"tipVelocity":[26.7488,76.4975,-180.288],"tool":false,"touchDistance":0.420452,"touchZone":"hovering","type":0,"width":19.7488},{"bases":[[[0.737567,-0.560017,-0.377327],[0.672597,0.658957,0.336733],[0.0600661,-0.502153,0.86269]],[[0.732972,-0.655837,-0.180637],[0.656942,0.751363,-0.0622898],[0.176576,-0.0730113,0.981575]],[[0.732972,-0.655837,-0.180637],[0.641336,0.754758,-0.137942],[0.226804,-0.0147414,0.973829]],[[0.732972,-0.655837,-0.180637],[0.628186,0.754456,-0.190205],[0.261026,0.0259418,0.964983]]],"btipPosition":[-21.2163,359.53,-63.3273],"carpPosition":[0.187415,320.527,78.7313],"dipPosition":[-16.8669,359.963,-47.2481],"direction":[-0.226804,0.0147414,-0.973829],"extended":true,"handId":987,"id":9871,"length":57.352,"mcpPosition":[-4.12225,356.556,16.8343],"pipPosition":[-11.5206,359.615,-24.2928],"stabilizedTipPosition":[-23.4874,343.841,-37.0267],"timeVisible":0.207564,"tipPosition":[-20.1536,359.326,-59.6581],"tipVelocity":[20.363,120.21,-169.806],"tool":false,"touchDistance":0.179815,"touchZone":"hovering","type":1,"width":18.8641},{"bases":[[[0.613361,-0.726786,-0.309145],[0.788764,0.543608,0.286952],[-0.0404995,-0.419848,0.906691]],[[0.614048,-0.718234,-0.327238],[0.236529,0.563011,-0.791879],[0.752993,0.408851,0.515599]],[[0.614048,-0.718234,-0.327238],[-0.69176,-0.290125,-0.661283],[0.380016,0.63243,-0.674997]],[[0.614048,-0.718234,-0.327238],[-0.782529,-0.608077,-0.133755],[-0.102919,0.338205,-0.935428]]],"btipPosition":[-31.2619,300.868,24.2458],"carpPosition":[10.0313,315.257,74.3123],"dipPosition":[-33.1481,307.066,7.10234],"direction":[-0.380016,-0.63243,0.674997],"extended":false,"handId":987,"id":9872,"length":65.348,"mcpPosition":[12.787,343.824,12.6199],"pipPosition":[-22.6093,324.605,-11.6171],"stabilizedTipPosition":[-35.2016,276.644,66.9847],"timeVisible":0.207564,"tipPosition":[-31.7838,302.261,20.217],"tipVelocity":[37.996,71.4152,-194.24],"tool":false,"touchDistance":0.333333,"touchZone":"none","type":2,"width":18.527},{"bases":[[[0.539498,-0.819546,-0.193095],[0.828877,0.476632,0.292889],[-0.148001,-0.318065,0.936446]],[[0.540484,-0.817383,-0.199404],[0.445153,0.47893,-0.756614],[0.713944,0.320173,0.622714]],[[0.540484,-0.817383,-0.199404],[-0.619477,-0.226239,-0.751708],[0.569321,0.529812,-0.628628]],[[0.540484,-0.817383,-0.199404],[-0.839727,-0.509337,-0.188239],[0.0522995,0.269185,-0.961667]]],"btipPosition":[-20.3329,293.666,20.3183],"carpPosition":[18.069,307.405,70.1531],"dipPosition":[-19.3799,298.571,2.79522],"direction":[-0.569321,-0.529812,0.628628],"extended":false,"handId":987,"id":9873,"length":62.8339,"mcpPosition":[27.1103,326.836,12.946],"pipPosition":[-3.99895,312.885,-14.188],"stabilizedTipPosition":[-21.3762,266.202,78.6552],"timeVisible":0.207564,"tipPosition":[-19.7683,294.644,17.8354],"tipVelocity":[35.9698,83.6667,-238.241],"tool":false,"touchDistance":0.333333,"touchZone":"none","type":3,"width":17.6296},{"bases":[[[0.374322,-0.918263,-0.129135],[0.886345,0.313375,0.340865],[-0.272536,-0.242051,0.931201]],[[0.334486,-0.942395,-0.00336447],[0.600878,0.216018,-0.769599],[0.725992,0.255398,0.638519]],[[0.334486,-0.942395,-0.00336447],[-0.60292,-0.211249,-0.769325],[0.724297,0.259357,-0.638848]],[[0.334486,-0.942395,-0.00336447],[-0.921719,-0.3264,-0.209515],[0.196347,0.0731808,-0.9778]]],"btipPosition":[-5.60935,293.225,19.9406],"carpPosition":[21.1303,294.521,65.996],"dipPosition":[-2.30872,294.455,3.50364],"direction":[-0.724297,-0.259357,0.638848],"extended":false,"handId":987,"id":9874,"length":49.2606,"mcpPosition":[36.5422,308.209,13.3365],"pipPosition":[11.5071,299.402,-8.68222],"stabilizedTipPosition":[-6.68871,265.671,81.947],"timeVisible":0.207564,"tipPosition":[-4.59026,293.361,17.6517],"tipVelocity":[39.9976,85.8704,-222.51],"tool":false,"touchDistance":0.333333,"touchZone":"none","type":4,"width":15.66}],"r":[[0.988024,-0.153526,-0.015441],[0.154288,0.984258,0.0862002],[0.00196395,-0.0875502,0.996158]],"s":0.953671,"t":[8.68035,25.7195,-55.3486],"timestamp":669523455996},false],[2,{"currentFrameRate":50.6994,"devices":[],"gestures":[],"hands":[{"armBasis":[[0.733199,-0.657867,-0.172135],[0.631404,0.752602,-0.186868],[0.252483,0.0283249,0.967187]],"armWidth":62.1429,"confidence":0.529944,"direction":[0.167378,0.489382,-0.855856],"elbow":[74.0015,307.678,327.388],"grabStrength":0.00827487,"id":987,"palmNormal":[-0.679213,-0.571985,-0.459895],"palmPosition":[8.15899,328.476,27.4604],"palmVelocity":[15.9874,69.3563,-181.455],"palmWidth":88.738,"pinchStrength":0.414014,"r":[[0.987151,-0.15886,-0.0172],[0.159771,0.98289,0.0916495],[0.00234625,-0.09322,0.995643]],"s":0.950429,"sphereCenter":[-7.67324,294.747,-12.0102],"sphereRadius":49.5084,"stabilizedPalmPosition":[-0.190991,302.768,84.3966],"t":[8.97927,27.026,-58.7733],"timeVisible":0.226643,"type":"right","wrist":[7.51828,300.219,72.711]}],"id":4971847,"interactionBox":{"center":[0,200,0],"size":[235.247,235.247,147.751]},"pointables":[{"bases":[[[0.927721,0.342201,0.149107],[-0.336675,0.594594,0.730142],[0.161197,-0.727569,0.666828]],[[0.848099,0.528385,-0.0392263],[-0.473317,0.788819,0.392092],[0.238118,-0.313966,0.919089]],[[0.848099,0.528385,-0.0392263],[-0.491947,0.81278,0.312052],[0.196766,-0.245354,0.949255]],[[0.848099,0.528385,-0.0392263],[-0.523828,0.847296,0.0877115],[0.0795817,-0.0538401,0.995373]]],"btipPosition":[-40.0132,335.535,-21.7234],"carpPosition":[-20.062,310.863,77.303],"dipPosition":[-38.1968,334.306,0.995361],"direction":[-0.196766,0.245354,-0.949255],"extended":false,"handId":987,"id":9870,"length":50.8265,"mcpPosition":[-20.062,310.863,77.303],"pipPosition":[-31.654,326.148,32.5597],"stabilizedTipPosition":[-44.5408,313.884,20.5723],"timeVisible":0.226643,"tipPosition":[-39.5783,335.945,-16.3344],"tipVelocity":[17.0341,73.3121,-179.131],"tool":false,"touchDistance":0.360815,"touchZone":"hovering","type":0,"width":19.7488},{"bases":[[[0.73256,-0.566771,-0.376997],[0.678376,0.653617,0.335546],[0.0562342,-0.501553,0.863297]],[[0.727571,-0.661161,-0.183046],[0.663775,0.745858,-0.0556651],[0.17333,-0.0810013,0.981527]],[[0.727571,-0.661161,-0.183046],[0.647364,0.749985,-0.135802],[0.227069,-0.0196924,0.97368]],[[0.727571,-0.661161,-0.183046],[0.633306,0.749883,-0.19131],[0.26375,0.0232669,0.96431]]],"btipPosition":[-20.7866,361.156,-66.8054],"carpPosition":[0.257782,321.7,75.28],"dipPosition":[-16.3918,361.544,-50.7373],"direction":[-0.227069,0.0196924,-0.97368],"extended":true,"handId":987,"id":9871,"length":57.352,"mcpPosition":[-3.77695,357.686,13.3395],"pipPosition":[-11.0393,361.08,-27.7856],"stabilizedTipPosition":[-23.3118,344.664,-38.2605],"timeVisible":0.226643,"tipPosition":[-19.7652,360.81,-63.1323],"tipVelocity":[21.6981,102.669,-176.039],"tool":false,"touchDistance":0.121804,"touchZone":"hovering","type":1,"width":18.8641},{"bases":[[[0.60697,-0.732388,-0.308538],[0.793528,0.537218,0.285851],[-0.0436018,-0.418337,0.907245]],[[0.607722,-0.723858,-0.326656],[0.240822,0.559937,-0.792764],[0.756755,0.403114,0.514607]],[[0.607722,-0.723858,-0.326656],[-0.694723,-0.285298,-0.660276],[0.384751,0.6282,-0.676263]],[[0.607722,-0.723858,-0.326656],[-0.787708,-0.601722,-0.132084],[-0.100946,0.33758,-0.935868]]],"btipPosition":[-31.3725,302.247,20.8483],"carpPosition":[10.054,316.34,70.8626],"dipPosition":[-33.2226,308.434,3.69674],"direction":[-0.384751,-0.6282,0.676263],"extended":false,"handId":987,"id":9872,"length":65.348,"mcpPosition":[13.0207,344.805,9.13256],"pipPosition":[-22.5524,325.855,-15.0578],"stabilizedTipPosition":[-35.1737,276.866,66.5743],"timeVisible":0.226643,"tipPosition":[-31.8897,303.637,16.8146],"tipVelocity":[16.5938,71.7711,-186.309],"tool":false,"touchDistance":0.333333,"touchZone":"none","type":2,"width":18.527},{"bases":[[[0.53238,-0.824367,-0.192332],[0.833071,0.46991,0.291852],[-0.150215,-0.315602,0.936926]],[[0.533384,-0.822212,-0.198667],[0.459023,0.478627,-0.748475],[0.710493,0.308032,0.632706]],[[0.533384,-0.822212,-0.198667],[-0.613332,-0.21419,-0.760228],[0.582516,0.527342,-0.618535]],[[0.533384,-0.822212,-0.198667],[-0.843583,-0.499788,-0.196419],[0.0622065,0.272359,-0.960183]]],"btipPosition":[-20.6311,295.063,16.11],"carpPosition":[18.0221,308.415,66.7093],"dipPosition":[-19.4976,300.026,-1.38603],"direction":[-0.582516,-0.527342,0.618535],"extended":false,"handId":987,"id":9873,"length":62.8339,"mcpPosition":[27.1987,327.695,9.47278],"pipPosition":[-3.76015,314.273,-18.0966],"stabilizedTipPosition":[-21.3725,266.311,78.413],"timeVisible":0.226643,"tipPosition":[-20.0373,296.032,13.6942],"tipVelocity":[11.5723,78.8588,-229.358],"tool":false,"touchDistance":0.333333,"touchZone":"none","type":3,"width":17.6296},{"bases":[[[0.366401,-0.921588,-0.128161],[0.889168,0.306229,0.340006],[-0.274099,-0.238535,0.931649]],[[0.325572,-0.945517,0.000165373],[0.610465,0.210069,-0.763678],[0.722036,0.248733,0.645597]],[[0.325572,-0.945517,0.000165373],[-0.596802,-0.205634,-0.775592],[0.733369,0.252412,-0.631235]],[[0.325572,-0.945517,0.000165373],[-0.92321,-0.317929,-0.215879],[0.20417,0.0701316,-0.97642]]],"btipPosition":[-5.84821,294.418,16.0737],"carpPosition":[20.9712,295.5,62.567],"dipPosition":[-2.41608,295.597,-0.340063],"direction":[-0.733369,-0.252412,0.631235],"extended":false,"handId":987,"id":9874,"length":49.2606,"mcpPosition":[36.4715,308.989,9.88212],"pipPosition":[11.5727,300.412,-12.3807],"stabilizedTipPosition":[-6.68464,265.744,81.7733],"timeVisible":0.226643,"tipPosition":[-4.8112,294.54,13.8067],"tipVelocity":[14.8557,74.0564,-212.582],"tool":false,"touchDistance":0.333333,"touchZone":"none","type":4,"width":15.66}],"r":[[0.987151,-0.15886,-0.0172],[0.159771,0.98289,0.0916495],[0.00234625,-0.09322,0.995643]],"s":0.950429,"t":[8.97927,27.026,-58.7733],"timestamp":669523475075},false],[3,{"currentFrameRate":50.9361,"devices":[],"gestures":[],"hands":[{"armBasis":[[0.73379,-0.666477,-0.131758],[0.64268,0.743852,-0.183429],[0.22026,0.0499204,0.974163]],"armWidth":62.1429,"confidence":0.549197,"direction":[0.16269,0.475825,-0.864362],"elbow":[65.9297,313.481,324.57],"grabStrength":0,"id":987,"palmNormal":[-0.68913,-0.572157,-0.444676],"palmPosition":[8.34641,327.95,22.4079],"palmVelocity":[13.0671,21.8688,-224.396],"palmWidth":88.738,"pinchStrength":0.415082,"r":[[0.986092,-0.16496,-0.0202465],[0.166136,0.981717,0.0928984],[0.00455183,-0.0949701,0.99547]],"s":0.948371,"sphereCenter":[-8.2436,293.863,-16.4986],"sphereRadius":49.6127,"stabilizedPalmPosition":[-0.178175,302.805,84.3035],"t":[9.22245,27.4164,-63.0119],"timeVisible":0.245389,"type":"right","wrist":[7.93143,300.336,68.0561]}],"id":4971848,"interactionBox":{"center":[0,200,0],"size":[235.247,235.247,147.751]},"pointables":[{"bases":[[[0.932271,0.335799,0.134574],[-0.3236,0.607783,0.725178],[0.161722,-0.71961,0.675283]],[[0.852193,0.52025,-0.0557504],[-0.461177,0.797183,0.389634],[0.24715,-0.306333,0.919281]],[[0.852193,0.52025,-0.0557504],[-0.48134,0.821279,0.30629],[0.205134,-0.234183,0.950304]],[[0.852193,0.52025,-0.0557504],[-0.516416,0.853447,0.0703066],[0.084157,-0.0311244,0.995966]]],"btipPosition":[-40.276,334.704,-26.2985],"carpPosition":[-19.5023,311.294,72.7856],"dipPosition":[-38.3552,333.994,-3.56621],"direction":[-0.205134,0.234183,-0.950304],"extended":false,"handId":987,"id":9870,"length":50.8265,"mcpPosition":[-19.5023,311.294,72.7856],"pipPosition":[-31.5342,326.207,28.0331],"stabilizedTipPosition":[-44.5097,314.021,20.2973],"timeVisible":0.245389,"tipPosition":[-39.789,335.212,-20.9388],"tipVelocity":[2.51802,19.0514,-210.707],"tool":false,"touchDistance":0.284615,"touchZone":"hovering","type":0,"width":19.7488},{"bases":[[[0.72343,-0.578627,-0.376616],[0.687709,0.652046,0.319206],[0.0608699,-0.489925,0.869637]],[[0.720024,-0.668832,-0.185012],[0.6705,0.739234,-0.0629566],[0.178874,-0.07872,0.980718]],[[0.720024,-0.668832,-0.185012],[0.652817,0.743253,-0.146302],[0.235362,-0.0154379,0.971785]],[[0.720024,-0.668832,-0.185012],[0.637568,0.742845,-0.204175],[0.273994,0.0290531,0.961293]]],"btipPosition":[-21.0845,360.245,-72.0133],"carpPosition":[0.891027,321.916,70.3981],"dipPosition":[-16.519,360.73,-55.9955],"direction":[-0.235362,0.0154379,-0.971785],"extended":true,"handId":987,"id":9871,"length":57.352,"mcpPosition":[-3.47631,357.067,8.00276],"pipPosition":[-10.971,360.366,-33.0884],"stabilizedTipPosition":[-23.2416,345.001,-38.9046],"timeVisible":0.245389,"tipPosition":[-20.1108,359.741,-68.3295],"tipVelocity":[4.39309,29.4962,-225.964],"tool":false,"touchDistance":0.034813,"touchZone":"hovering","type":1,"width":18.8641},{"bases":[[[0.597095,-0.742121,-0.304523],[0.801282,0.533921,0.269954],[-0.0377471,-0.405197,0.91345]],[[0.597732,-0.733846,-0.32278],[0.237347,0.546557,-0.803083],[0.765757,0.403417,0.500871]],[[0.597732,-0.733846,-0.32278],[-0.70434,-0.288397,-0.648639],[0.382913,0.615059,-0.689261]],[[0.597732,-0.733846,-0.32278],[-0.794361,-0.596479,-0.114911],[-0.108204,0.325089,-0.939473]]],"btipPosition":[-31.4724,301.998,16.5902],"carpPosition":[10.5917,316.406,65.9545],"dipPosition":[-33.4554,307.955,-0.627403],"direction":[-0.382913,-0.615059,0.689261],"extended":false,"handId":987,"id":9872,"length":65.348,"mcpPosition":[13.16,343.976,3.80225],"pipPosition":[-22.8363,325.013,-19.7424],"stabilizedTipPosition":[-35.1614,276.967,66.3686],"timeVisible":0.245389,"tipPosition":[-32.0244,303.333,12.54],"tipVelocity":[5.10979,28.9255,-206.616],"tool":false,"touchDistance":0.333333,"touchZone":"none","type":2,"width":18.527},{"bases":[[[0.522918,-0.831784,-0.186261],[0.840283,0.466347,0.276489],[-0.143117,-0.301092,0.942794]],[[0.523885,-0.829704,-0.192708],[0.459505,0.465783,-0.756242],[0.717217,0.307633,0.62527]],[[0.523885,-0.829704,-0.192708],[-0.619671,-0.216015,-0.754549],[0.584425,0.514713,-0.627311]],[[0.523885,-0.829704,-0.192708],[-0.849812,-0.493709,-0.184585],[0.0580092,0.260467,-0.963739]]],"btipPosition":[-20.9108,294.688,11.4983],"carpPosition":[18.4441,308.351,61.8301],"dipPosition":[-19.8538,299.435,-6.06258],"direction":[-0.584425,-0.514713,0.627311],"extended":false,"handId":987,"id":9873,"length":62.8339,"mcpPosition":[27.1871,326.745,4.23512],"pipPosition":[-4.06475,313.34,-23.0102],"stabilizedTipPosition":[-21.3713,266.36,78.2934],"timeVisible":0.245389,"tipPosition":[-20.3355,295.624,9.03768],"tipVelocity":[-1.80258,29.3614,-237.867],"tool":false,"touchDistance":0.333333,"touchZone":"none","type":3,"width":17.6296},{"bases":[[[0.356763,-0.926585,-0.118997],[0.895419,0.302852,0.326353],[-0.266355,-0.222983,0.937728]],[[0.316311,-0.948575,0.012399],[0.610162,0.193422,-0.768303],[0.726395,0.250588,0.639966]],[[0.316311,-0.948575,0.012399],[-0.600743,-0.210405,-0.771257],[0.734204,0.236509,-0.636403]],[[0.316311,-0.948575,0.012399],[-0.927285,-0.311917,-0.207005],[0.200227,0.0539804,-0.978261]]],"btipPosition":[-6.12373,293.903,11.3262],"carpPosition":[21.2335,295.353,57.8394],"dipPosition":[-2.75788,294.81,-5.11859],"direction":[-0.734204,-0.236509,0.636403],"extended":false,"handId":987,"id":9874,"length":49.2606,"mcpPosition":[36.2959,307.963,4.81083],"pipPosition":[11.2469,299.322,-17.2578],"stabilizedTipPosition":[-6.68313,265.776,81.6894],"timeVisible":0.245389,"tipPosition":[-5.09851,293.979,9.04055],"tipVelocity":[0.0495334,22.9205,-232.6],"tool":false,"touchDistance":0.333333,"touchZone":"none","type":4,"width":15.66}],"r":[[0.986092,-0.16496,-0.0202465],[0.166136,0.981717,0.0928984],[0.00455183,-0.0949701,0.99547]],"s":0.948371,"t":[9.22245,27.4164,-63.0119],"timestamp":669523493821},false],[4,{"currentFrameRate":51.0992,"devices":[],"gestures":[],"hands":[{"armBasis":[[0.738729,-0.659323,-0.139903],[0.635346,0.75048,-0.181977],[0.224976,0.0455449,0.973299]],"armWidth":62.1429,"confidence":0.561359,"direction":[0.160709,0.481153,-0.86178],"elbow":[67.012,311.985,320.845],"grabStrength":0,"id":987,"palmNormal":[-0.682787,-0.576298,-0.44909],"palmPosition":[8.06026,327.814,19.0353],"palmVelocity":[-0.772887,7.59963,-201.53],"palmWidth":88.738,"pinchStrength":0.416835,"r":[[0.985526,-0.168048,-0.0223064],[0.169418,0.980969,0.0948509],[0.00594245,-0.0972572,0.995242]],"s":0.947239,"sphereCenter":[-8.18622,293.869,-20.1153],"sphereRadius":49.6651,"stabilizedPalmPosition":[-0.172693,302.822,84.2601],"t":[9.20096,27.5437,-66.8175],"timeVisible":0.26435,"type":"right","wrist":[7.77185,299.992,64.5579]}],"id":4971849,"interactionBox":{"center":[0,200,0],"size":[235.247,235.247,147.751]},"pointables":[{"bases":[[[0.928861,0.343527,0.138588],[-0.330962,0.601587,0.72702],[0.166378,-0.721167,0.672485]],[[0.847571,0.528203,-0.0512307],[-0.46852,0.790133,0.395194],[0.249222,-0.310953,0.917168]],[[0.847571,0.528203,-0.0512307],[-0.489612,0.815564,0.30844],[0.204701,-0.236341,0.949863]],[[0.847571,0.528203,-0.0512307],[-0.525251,0.848755,0.0610418],[0.0757248,-0.0248283,0.99682]]],"btipPosition":[-40.4392,334.246,-29.7235],"carpPosition":[-19.7716,310.683,69.2626],"dipPosition":[-38.7109,333.679,-6.97168],"direction":[-0.204701,0.236341,-0.949863],"extended":false,"handId":987,"id":9870,"length":50.8265,"mcpPosition":[-19.7716,310.683,69.2626],"pipPosition":[-31.9042,325.82,24.6129],"stabilizedTipPosition":[-44.4967,314.079,20.167],"timeVisible":0.26435,"tipPosition":[-40.0044,334.782,-24.3705],"tipVelocity":[-4.09706,-1.33762,-195.809],"tool":false,"touchDistance":0.227608,"touchZone":"hovering","type":0,"width":19.7488},{"bases":[[[0.729588,-0.570421,-0.377254],[0.680983,0.656736,0.323975],[0.062954,-0.493272,0.867594]],[[0.726835,-0.660103,-0.189672],[0.664649,0.745616,-0.0479426],[0.17307,-0.0912191,0.980676]],[[0.726835,-0.660103,-0.189672],[0.646789,0.750757,-0.134271],[0.23103,-0.0250851,0.972623]],[[0.726835,-0.660103,-0.189672],[0.631184,0.750865,-0.194444],[0.270771,0.0216105,0.962401]]],"btipPosition":[-21.194,360.942,-75.3236],"carpPosition":[0.531985,321.497,66.9777],"dipPosition":[-16.6822,361.302,-59.2874],"direction":[-0.23103,0.0250851,-0.972623],"extended":true,"handId":987,"id":9871,"length":57.352,"mcpPosition":[-3.98489,356.889,4.72891],"pipPosition":[-11.2364,360.711,-36.3605],"stabilizedTipPosition":[-23.2416,345.001,-38.9046],"timeVisible":0.26435,"tipPosition":[-20.2987,360.255,-71.6274],"tipVelocity":[-0.926693,32.3223,-200.602],"tool":false,"touchDistance":-0.0702884,"touchZone":"hovering","type":1,"width":18.8641},{"bases":[[[0.604533,-0.735363,-0.306236],[0.795742,0.539856,0.274501],[-0.0365348,-0.40963,0.91152]],[[0.605145,-0.726995,-0.324465],[0.234491,0.552247,-0.800024],[0.760798,0.408046,0.504663]],[[0.605145,-0.726995,-0.324465],[-0.70014,-0.291987,-0.651573],[0.378951,0.621467,-0.685693]],[[0.605145,-0.726995,-0.324465],[-0.788619,-0.603199,-0.119291],[-0.108993,0.328068,-0.938345]]],"btipPosition":[-31.4957,301.538,13.0047],"carpPosition":[10.2934,316.095,62.5356],"dipPosition":[-33.4932,307.55,-4.19223],"direction":[-0.378951,-0.621467,0.685693],"extended":false,"handId":987,"id":9872,"length":65.348,"mcpPosition":[12.7793,343.966,0.514624],"pipPosition":[-22.9839,324.785,-23.2083],"stabilizedTipPosition":[-35.156,277.01,66.2725],"timeVisible":0.26435,"tipPosition":[-32.0532,302.885,8.95631],"tipVelocity":[1.90723,3.12055,-197.883],"tool":false,"touchDistance":0.333333,"touchZone":"none","type":2,"width":18.527},{"bases":[[[0.53085,-0.826219,-0.188576],[0.835329,0.472605,0.280838],[-0.142912,-0.306606,0.941047]],[[0.531822,-0.824086,-0.195059],[0.460009,0.474506,-0.75049],[0.711025,0.309398,0.63144]],[[0.531822,-0.824086,-0.195059],[-0.613376,-0.216028,-0.759672],[0.583897,0.523655,-0.620363]],[[0.531822,-0.824086,-0.195059],[-0.844691,-0.499739,-0.191726],[0.0605199,0.266729,-0.96187]]],"btipPosition":[-20.9004,294.371,7.68058],"carpPosition":[18.2287,308.129,58.3963],"dipPosition":[-19.7977,299.231,-9.8462],"direction":[-0.583897,-0.523655,0.620363],"extended":false,"handId":987,"id":9873,"length":62.8339,"mcpPosition":[26.9592,326.86,0.908065],"pipPosition":[-4.0229,313.378,-26.6062],"stabilizedTipPosition":[-21.3708,266.382,78.2377],"timeVisible":0.26435,"tipPosition":[-20.3307,295.327,5.19696],"tipVelocity":[-0.374998,7.37406,-219.712],"tool":false,"touchDistance":0.333333,"touchZone":"none","type":3,"width":17.6296},{"bases":[[[0.365375,-0.922807,-0.122186],[0.891797,0.309387,0.330117],[-0.266832,-0.229582,0.935998]],[[0.324185,-0.945933,0.0107611],[0.614189,0.201812,-0.762918],[0.719497,0.253936,0.646406]],[[0.324185,-0.945933,0.0107611],[-0.592902,-0.212034,-0.776858],[0.737137,0.245465,-0.629583]],[[0.324185,-0.945933,0.0107611],[-0.923263,-0.318853,-0.214285],[0.20613,0.0595324,-0.976712]]],"btipPosition":[-6.10248,293.718,7.56129],"carpPosition":[21.1451,295.175,54.3549],"dipPosition":[-2.63739,294.719,-8.85743],"direction":[-0.737137,-0.245465,0.629583],"extended":false,"handId":987,"id":9874,"length":49.2606,"mcpPosition":[36.2345,308.158,1.42414],"pipPosition":[11.4233,299.401,-20.8666],"stabilizedTipPosition":[-6.68244,265.79,81.6504],"timeVisible":0.26435,"tipPosition":[-5.06646,293.81,5.25467],"tipVelocity":[1.16769,7.42142,-215.714],"tool":false,"touchDistance":0.333333,"touchZone":"none","type":4,"width":15.66}],"r":[[0.985526,-0.168048,-0.0223064],[0.169418,0.980969,0.0948509],[0.00594245,-0.0972572,0.995242]],"s":0.947239,"t":[9.20096,27.5437,-66.8175],"timestamp":669523512782},false],[5,{"currentFrameRate":51.3385,"devices":[],"gestures":[],"hands":[{"armBasis":[[0.741558,-0.657273,-0.134476],[0.631892,0.751621,-0.189151],[0.225399,0.0552923,0.972696]],"armWidth":62.1429,"confidence":0.541933,"direction":[0.154696,0.488876,-0.858527],"elbow":[67.8431,314.265,317.5],"grabStrength":0,"id":987,"palmNormal":[-0.686932,-0.571332,-0.449114],"palmPosition":[8.46575,327.945,16.1066],"palmVelocity":[10.1749,7.32014,-180.213],"palmWidth":88.738,"pinchStrength":0.418675,"r":[[0.984985,-0.170703,-0.0257821],[0.172428,0.98014,0.0979506],[0.00854954,-0.100925,0.994857]],"s":0.947084,"sphereCenter":[-8.20469,294.568,-23.2576],"sphereRadius":49.6964,"stabilizedPalmPosition":[-0.170119,302.829,84.2398],"t":[9.39296,27.6726,-70.1846],"timeVisible":0.282939,"type":"right","wrist":[8.49168,299.705,61.3723]}],"id":4971850,"interactionBox":{"center":[0,200,0],"size":[235.247,235.247,147.751]},"pointables":[{"bases":[[[0.930325,0.34114,0.134604],[-0.324624,0.595258,0.735043],[0.170628,-0.727524,0.664526]],[[0.847729,0.527773,-0.053015],[-0.463627,0.785813,0.409327],[0.257691,-0.322419,0.910846]],[[0.847729,0.527773,-0.053015],[-0.486383,0.813319,0.319286],[0.211629,-0.244883,0.946174]],[[0.847729,0.527773,-0.053015],[-0.524757,0.849042,0.0613009],[0.077365,-0.0241466,0.99671]]],"btipPosition":[-40.3492,334.774,-32.1667],"carpPosition":[-19.0014,310.384,66.3865],"dipPosition":[-38.5834,334.223,-9.41738],"direction":[-0.211629,0.244883,-0.946174],"extended":false,"handId":987,"id":9870,"length":50.8265,"mcpPosition":[-19.0014,310.384,66.3865],"pipPosition":[-31.5464,326.08,22.0446],"stabilizedTipPosition":[-44.4908,314.106,20.1057],"timeVisible":0.282939,"tipPosition":[-39.9042,335.308,-26.8237],"tipVelocity":[0.459586,13.1808,-164.62],"tool":false,"touchDistance":0.186878,"touchZone":"hovering","type":0,"width":19.7488},{"bases":[[[0.725959,-0.567784,-0.388077],[0.684269,0.652921,0.324762],[0.0689891,-0.501313,0.862511]],[[0.724872,-0.657618,-0.205181],[0.666121,0.745041,-0.0345997],[0.175621,-0.111595,0.978112]],[[0.724872,-0.657618,-0.205181],[0.647413,0.752098,-0.12331],[0.235407,-0.0434525,0.970925]],[[0.724872,-0.657618,-0.205181],[0.630955,0.753336,-0.185423],[0.276507,0.00494807,0.960999]]],"btipPosition":[-21.1672,362.782,-77.7206],"carpPosition":[1.2975,321.196,64.0453],"dipPosition":[-16.5598,362.864,-61.7077],"direction":[-0.235407,0.0434525,-0.970925],"extended":true,"handId":987,"id":9871,"length":57.352,"mcpPosition":[-3.65239,357.164,2.16117],"pipPosition":[-11.0108,361.84,-38.8209],"stabilizedTipPosition":[-23.236,345.033,-38.968],"timeVisible":0.282939,"tipPosition":[-20.3411,361.862,-74.0227],"tipVelocity":[0.795651,62.9569,-166.008],"tool":false,"touchDistance":-0.110327,"touchZone":"hovering","type":1,"width":18.8641},{"bases":[[[0.601246,-0.733226,-0.317621],[0.798498,0.536366,0.273335],[-0.0300552,-0.417961,0.907968]],[[0.601729,-0.724686,-0.335788],[0.228969,0.559288,-0.796725],[0.765177,0.402527,0.50247]],[[0.601729,-0.724686,-0.335788],[-0.705609,-0.285353,-0.648606],[0.374218,0.62722,-0.683049]],[[0.601729,-0.724686,-0.335788],[-0.790214,-0.601289,-0.118376],[-0.11612,0.336575,-0.93447]]],"btipPosition":[-31.1562,301.777,10.1484],"carpPosition":[11.0178,315.823,59.4788],"dipPosition":[-33.2843,307.945,-6.97753],"direction":[-0.374218,-0.62722,0.683049],"extended":false,"handId":987,"id":9872,"length":65.348,"mcpPosition":[13.0628,344.261,-2.30044],"pipPosition":[-22.9062,325.34,-25.9203],"stabilizedTipPosition":[-35.1534,277.03,66.2275],"timeVisible":0.282939,"tipPosition":[-31.7469,303.16,6.11452],"tipVelocity":[9.05339,8.76926,-176.02],"tool":false,"touchDistance":0.333333,"touchZone":"none","type":2,"width":18.527},{"bases":[[[0.528354,-0.825074,-0.200239],[0.838049,0.469013,0.278749],[-0.136073,-0.315088,0.939257]],[[0.529284,-0.82287,-0.206745],[0.456872,0.481749,-0.747788],[0.714931,0.301336,0.630928]],[[0.529284,-0.82287,-0.206745],[-0.617708,-0.206683,-0.758762],[0.581632,0.529309,-0.617687]],[[0.529284,-0.82287,-0.206745],[-0.846647,-0.496388,-0.191803],[0.0552033,0.276558,-0.95941]]],"btipPosition":[-20.6479,294.665,4.50444],"carpPosition":[18.9112,307.886,55.2056],"dipPosition":[-19.642,299.705,-12.9775],"direction":[-0.581632,-0.529308,0.617687],"extended":false,"handId":987,"id":9873,"length":62.8339,"mcpPosition":[27.2239,327.135,-2.17327],"pipPosition":[-3.9284,314.005,-29.6652],"stabilizedTipPosition":[-21.3705,266.392,78.2117],"timeVisible":0.282939,"tipPosition":[-20.1006,295.649,1.9958],"tipVelocity":[5.81158,12.5564,-195.765],"tool":false,"touchDistance":0.333333,"touchZone":"none","type":3,"width":17.6296},{"bases":[[[0.363272,-0.922073,-0.133471],[0.894689,0.305282,0.326089],[-0.259932,-0.237874,0.935869]],[[0.322831,-0.946457,0.000314127],[0.609479,0.207636,-0.765129],[0.724097,0.247199,0.643876]],[[0.322831,-0.946457,0.000314127],[-0.598188,-0.204296,-0.774877],[0.733451,0.249966,-0.632112]],[[0.322831,-0.946457,0.000314127],[-0.925147,-0.315633,-0.2109],[0.199707,0.0677944,-0.977508]]],"btipPosition":[-5.8378,293.986,4.3855],"carpPosition":[21.7803,294.966,51.023],"dipPosition":[-2.48069,295.126,-12.0466],"direction":[-0.733451,-0.249966,0.632113],"extended":false,"handId":987,"id":9874,"length":49.2606,"mcpPosition":[36.4795,308.418,-1.90048],"pipPosition":[11.5097,299.894,-24.104],"stabilizedTipPosition":[-6.68208,265.796,81.6322],"timeVisible":0.282939,"tipPosition":[-4.82083,294.096,2.0408],"tipVelocity":[6.85561,11.6412,-194.044],"tool":false,"touchDistance":0.333333,"touchZone":"none","type":4,"width":15.66}],"r":[[0.984985,-0.170703,-0.0257821],[0.172428,0.98014,0.0979506],[0.00854954,-0.100925,0.994857]],"s":0.947084,"t":[9.39296,27.6726,-70.1846],"timestamp":669523531371},false],[6,{"currentFrameRate":51.4721,"devices":[],"gestures":[],"hands":[{"armBasis":[[0.737049,-0.659385,-0.148223],[0.631116,0.749974,-0.19807],[0.241768,0.0524411,0.968916]],"armWidth":62.1429,"confidence":0.542428,"direction":[0.160058,0.490312,-0.856724],"elbow":[71.4514,313.718,311.505],"grabStrength":0,"id":987,"palmNormal":[-0.687207,-0.567696,-0.453286],"palmPosition":[8.05573,328.256,11.1743],"palmVelocity":[-5.45419,11.783,-219.64],"palmWidth":88.738,"pinchStrength":0.548869,"r":[[0.984433,-0.173542,-0.0278403],[0.175492,0.979284,0.101027],[0.00973105,-0.10434,0.994494]],"s":0.941844,"sphereCenter":[-9.21154,295.29,-28.5501],"sphereRadius":49.6177,"stabilizedPalmPosition":[-0.168997,302.833,84.2298],"t":[9.28395,27.8925,-74.3344],"timeVisible":0.301872,"type":"right","wrist":[7.78965,299.91,56.3727]}],"id":4971851,"interactionBox":{"center":[0,200,0],"size":[235.247,235.247,147.751]},"pointables":[{"bases":[[[0.931032,0.337334,0.139234],[-0.325421,0.594739,0.73511],[0.165169,-0.72972,0.663496]],[[0.849856,0.52479,-0.0483626],[-0.461473,0.785347,0.412642],[0.254532,-0.328368,0.909609]],[[0.849856,0.52479,-0.0483626],[-0.484853,0.814534,0.318516],[0.206547,-0.247244,0.946683]],[[0.849856,0.52479,-0.0483626],[-0.522783,0.851081,0.0485722],[0.0666507,-0.0159963,0.997648]]],"btipPosition":[-40.4643,335.252,-37.2321],"carpPosition":[-19.6838,310.68,61.2992],"dipPosition":[-38.943,334.887,-14.4614],"direction":[-0.206547,0.247244,-0.946683],"extended":false,"handId":987,"id":9870,"length":50.8265,"mcpPosition":[-19.6838,310.68,61.2992],"pipPosition":[-32.0749,326.665,17.0175],"stabilizedTipPosition":[-44.4881,314.119,20.0738],"timeVisible":0.301872,"tipPosition":[-40.0813,335.828,-31.8969],"tipVelocity":[-4.20736,20.2043,-215.028],"tool":false,"touchDistance":0.102536,"touchZone":"hovering","type":0,"width":19.7488},{"bases":[[[0.725424,-0.569586,-0.386434],[0.685361,0.649586,0.329117],[0.0635615,-0.503596,0.861598]],[[0.723588,-0.658299,-0.207515],[0.669583,0.742454,-0.0205059],[0.167569,-0.12411,0.978017]],[[0.723588,-0.658299,-0.207515],[0.651168,0.750762,-0.111072],[0.228913,-0.0547566,0.971906]],[[0.723588,-0.658299,-0.207515],[0.63471,0.752738,-0.174727],[0.271227,-0.00528086,0.962501]]],"btipPosition":[-20.8319,364.132,-82.6774],"carpPosition":[0.664887,321.42,59.067],"dipPosition":[-16.3125,364.044,-66.6395],"direction":[-0.228913,0.0547566,-0.971906],"extended":true,"handId":987,"id":9871,"length":57.352,"mcpPosition":[-3.89557,357.553,-2.75158],"pipPosition":[-10.9166,362.753,-43.7296],"stabilizedTipPosition":[-23.2208,345.117,-39.144],"timeVisible":0.301872,"tipPosition":[-20.082,363.056,-78.9743],"tipVelocity":[8.57492,66.0365,-212.898],"tool":false,"touchDistance":-0.192846,"touchZone":"hovering","type":1,"width":18.8641},{"bases":[[[0.599805,-0.734724,-0.316883],[0.799365,0.532725,0.277884],[-0.035357,-0.419981,0.906844]],[[0.600392,-0.726173,-0.334965],[0.308404,0.596709,-0.740828],[0.737846,0.341483,0.582214]],[[0.600392,-0.726173,-0.334965],[-0.66241,-0.216917,-0.71705],[0.448043,0.652395,-0.61126]],[[0.600392,-0.726173,-0.334965],[-0.797568,-0.574333,-0.184463],[-0.0584294,0.377907,-0.923998]]],"btipPosition":[-33.2493,303.527,-0.657535],"carpPosition":[10.3838,316.022,54.5278],"dipPosition":[-34.3202,310.453,-17.5916],"direction":[-0.448043,-0.652395,0.61126],"extended":false,"handId":987,"id":9872,"length":65.348,"mcpPosition":[12.7895,344.598,-7.17499],"pipPosition":[-21.8948,328.546,-34.5434],"stabilizedTipPosition":[-35.1526,277.042,66.1965],"timeVisible":0.301872,"tipPosition":[-32.9647,304.823,-2.95318],"tipVelocity":[-43.3679,54.3774,-368.683],"tool":false,"touchDistance":0.333333,"touchZone":"none","type":2,"width":18.527},{"bases":[[[0.526087,-0.826574,-0.20002],[0.838641,0.465212,0.283301],[-0.141118,-0.316786,0.937941]],[[0.527056,-0.824349,-0.206545],[0.463414,0.482515,-0.743254],[0.712362,0.296021,0.636327]],[[0.527056,-0.824349,-0.206545],[-0.613896,-0.201252,-0.763302],[0.587659,0.5291,-0.612135]],[[0.527056,-0.824349,-0.206545],[-0.847594,-0.492288,-0.198082],[0.0616092,0.279467,-0.958177]]],"btipPosition":[-21.1535,295.133,-0.760191],"carpPosition":[18.265,308.066,50.2683],"dipPosition":[-20.0309,300.225,-18.2197],"direction":[-0.587659,-0.5291,0.612135],"extended":false,"handId":987,"id":9873,"length":62.8339,"mcpPosition":[26.8858,327.418,-7.03019],"pipPosition":[-4.15451,314.52,-34.7574],"stabilizedTipPosition":[-21.3704,266.397,78.1984],"timeVisible":0.301872,"tipPosition":[-20.5972,296.125,-3.29455],"tipVelocity":[-9.45935,18.8349,-236.04],"tool":false,"touchDistance":0.333333,"touchZone":"none","type":3,"width":17.6296},{"bases":[[[0.36037,-0.923111,-0.13416],[0.894473,0.301159,0.330486],[-0.264672,-0.2391,0.934227]],[[0.31921,-0.947684,-0.000368096],[0.613452,0.206926,-0.762141],[0.722345,0.243057,0.647411]],[[0.31921,-0.947684,-0.000368096],[-0.595694,-0.200347,-0.777824],[0.737057,0.248509,-0.628482]],[[0.31921,-0.947684,-0.000368096],[-0.925443,-0.311635,-0.215499],[0.20411,0.0691301,-0.976504]]],"btipPosition":[-6.32947,294.382,-0.685721],"carpPosition":[21.103,295.145,46.0669],"dipPosition":[-2.89834,295.545,-17.1009],"direction":[-0.737057,-0.248509,0.628482],"extended":false,"handId":987,"id":9874,"length":49.2606,"mcpPosition":[36.0702,308.666,-6.76369],"pipPosition":[11.1608,300.285,-29.0891],"stabilizedTipPosition":[-6.68196,265.799,81.623],"timeVisible":0.301872,"tipPosition":[-5.30317,294.493,-3.03985],"tipVelocity":[-8.8196,16.3406,-230.182],"tool":false,"touchDistance":0.33