{"sensorType":"Leap","data":[[0,{"currentFrameRate":53.033,"devices":[],"gestures":[],"hands":[{"armBasis":[[0.657272,-0.74266,-0.128255],[0.715759,0.668402,-0.202305],[0.23597,0.0411698,0.970888]],"armWidth":62.1429,"confidence":0.548989,"direction":[0.317597,0.389176,-0.864681],"elbow":[58.3542,310.965,340.38],"grabStrength":0.0799475,"id":987,"palmNormal":[-0.6746,-0.5481,-0.49447],"palmPosition":[5.14902,323.814,37.7656],"palmVelocity":[13.936,77.1806,-218.123],"palmWidth":88.738,"pinchStrength":0.908655,"r":[[0.880347,-0.153767,0.448714],[0.22758,0.966927,-0.115147],[-0.416168,0.203488,0.886226]],"s":1.18199,"sphereCenter":[-11.7258,286.98,-2.08175],"sphereRadius":50.149,"stabilizedPalmPosition":[-2.46595,287.024,86.8916],"t":[6.00687,22.2332,-47.7814],"timeVisible":33.564,"type":"right","wrist":[-3.78075,300.124,84.7284]}],"id":4973601,"interactionBox":{"center":[0,200,0],"size":[235.247,235.247,147.751]},"pointables":[{"bases":[[[0.933499,0.268259,0.237942],[-0.358545,0.689071,0.629783],[0.00498636,-0.673215,0.73943]],[[0.881238,0.472429,-0.0152008],[-0.436124,0.825076,0.359228],[0.182251,-0.309935,0.933126]],[[0.881238,0.472429,-0.0152008],[-0.472553,0.881283,-0.005821],[0.0106462,0.0123129,0.999868]],[[0.881238,0.472429,-0.0152008],[-0.472671,0.88087,-0.0254931],[0.0013463,0.0296505,0.999559]]],"btipPosition":[-39.7298,327.638,-16.6228],"carpPosition":[-30.4727,313.636,84.8654],"dipPosition":[-39.6991,328.315,6.19152],"direction":[-0.0106462,-0.0123129,-0.999867],"extended":false,"handId":987,"id":9870,"length":50.8265,"mcpPosition":[-30.4727,313.636,84.8654],"pipPosition":[-39.3451,328.724,39.4389],"stabilizedTipPosition":[-40.714,307.09,17.3493],"timeVisible":33.564,"tipPosition":[-38.7798,328.494,-11.1395],"tipVelocity":[-0.561575,104.673,-205.459],"tool":false,"touchDistance":-0.750927,"touchZone":"hovering","type":0,"width":19.7488},{"bases":[[[0.710233,-0.664503,-0.232389],[0.696983,0.617387,0.364756],[-0.098907,-0.421034,0.901636]],[[0.686554,-0.721378,-0.0908746],[0.71788,0.692371,-0.0726032],[0.115293,-0.0153911,0.993212]],[[0.686554,-0.721378,-0.0908746],[0.688154,0.685049,-0.239064],[0.234709,0.101595,0.966742]],[[0.686554,-0.721378,-0.0908746],[0.65641,0.668714,-0.34921],[0.312681,0.1801,0.932628]]],"btipPosition":[-17.5297,347.784,-60.059],"carpPosition":[-9.0527,322.326,84.5754],"dipPosition":[-12.3195,350.785,-44.5189],"direction":[-0.234709,-0.101595,-0.966742],"extended":true,"handId":987,"id":9871,"length":57.352,"mcpPosition":[-1.95625,352.534,19.8841],"pipPosition":[-6.78693,353.179,-21.7306],"stabilizedTipPosition":[-18.1755,338.868,-44.2641],"timeVisible":33.564,"tipPosition":[-17.3379,347.281,-55.8846],"tipVelocity":[29.9408,135.261,-219.189],"tool":false,"touchDistance":-0.763618,"touchZone":"hovering","type":1,"width":18.8641},{"bases":[[[0.561046,-0.810724,-0.167193],[0.804682,0.486764,0.339923],[-0.194201,-0.32525,0.925472]],[[0.562144,-0.808858,-0.172464],[0.585501,0.536498,-0.607748],[0.584109,0.240664,0.775176]],[[0.562144,-0.808858,-0.172464],[-0.297487,-0.00318395,-0.95472],[0.771684,0.587996,-0.242415]],[[0.562144,-0.808858,-0.172464],[-0.689689,-0.343395,-0.637502],[0.456425,0.477314,-0.750898]]],"btipPosition":[-43.4111,301.462,2.97735],"carpPosition":[0.598339,315.699,81.9023],"dipPosition":[-35.0462,310.21,-10.7843],"direction":[-0.771684,-0.587996,0.242415],"extended":false,"handId":987,"id":9872,"length":65.348,"mcpPosition":[13.812,337.829,18.932],"pipPosition":[-13.6454,326.516,-17.5071],"stabilizedTipPosition":[-42.2729,279.814,34.0662],"timeVisible":33.564,"tipPosition":[-41.2924,303.717,-0.67652],"tipVelocity":[-2.79846,110.169,-236.332],"tool":false,"touchDistance":0.333333,"touchZone":"none","type":2,"width":18.527},{"bases":[[[0.464085,-0.884123,-0.0543255],[0.836109,0.416981,0.356438],[-0.292483,-0.21084,0.932738]],[[0.463634,-0.884447,-0.0528878],[0.663866,0.386295,-0.640357],[0.586792,0.261781,0.766254]],[[0.463634,-0.884447,-0.0528878],[-0.280975,-0.0901544,-0.955471],[0.840296,0.457849,-0.290306]],[[0.463634,-0.884447,-0.0528878],[-0.713212,-0.337122,-0.614554],[0.525711,0.322648,-0.7871]]],"btipPosition":[-31.8329,289.946,11.2829],"carpPosition":[8.14921,306.721,79.467],"dipPosition":[-22.2536,295.825,-3.05925],"direction":[-0.840296,-0.457849,0.290306],"extended":false,"handId":987,"id":9873,"length":62.8339,"mcpPosition":[26.0169,319.601,22.4863],"pipPosition":[0.448105,308.194,-10.9023],"stabilizedTipPosition":[-30.613,263.614,50.1083],"timeVisible":33.564,"tipPosition":[-29.594,291.29,8.00487],"tipVelocity":[-3.61352,101.611,-250.288],"tool":false,"touchDistance":0.333333,"touchZone":"none","type":3,"width":17.6296},{"bases":[[[0.282543,-0.959246,-0.00414827],[0.868966,0.254115,0.424645],[-0.406285,-0.123585,0.90535]],[[0.21966,-0.966988,0.129164],[0.77219,0.091422,-0.62878],[0.596215,0.237857,0.76678]],[[0.21966,-0.966988,0.129164],[-0.252658,-0.184268,-0.949847],[0.942291,0.176009,-0.284794]],[[0.21966,-0.966988,0.129164],[-0.737387,-0.251255,-0.627002],[0.638756,0.0424839,-0.768235]]],"btipPosition":[-16.0659,287.972,17.5175],"carpPosition":[10.2301,293.257,76.8103],"dipPosition":[-5.32829,288.686,4.6033],"direction":[-0.942291,-0.176009,0.284794],"extended":false,"handId":987,"id":9874,"length":49.2606,"mcpPosition":[33.2056,300.246,25.6126],"pipPosition":[12.6457,292.044,-0.829064],"stabilizedTipPosition":[-14.1308,257.68,55.3586],"timeVisible":33.564,"tipPosition":[-13.3431,288.062,13.6094],"tipVelocity":[-3.17019,89.267,-233.96],"tool":false,"touchDistance":0.333333,"touchZone":"none","type":4,"width":15.66}],"r":[[0.880347,-0.153767,0.448714],[0.22758,0.966927,-0.115147],[-0.416168,0.203488,0.886226]],"s":1.18199,"t":[6.00687,22.2332,-47.7814],"timestamp":669556812397},false],[1,{"currentFrameRate":53.0454,"devices":[],"gestures":[],"hands":[{"armBasis":[[0.664412,-0.737432,-0.121455],[0.710262,0.673601,-0.204425],[0.232561,0.0495578,0.971318]],"armWidth":62.1429,"confidence":0.523472,"direction":[0.311481,0.408236,-0.858093],"elbow":[57.4814,312.958,336.246],"grabStrength":0.0710497,"id":987,"palmNormal":[-0.676303,-0.539109,-0.501972],"palmPosition":[4.83576,324.613,33.9799],"palmVelocity":[-1.01467,60.2317,-209.899],"palmWidth":88.738,"pinchStrength":0.918077,"r":[[0.880722,-0.164002,0.444333],[0.23306,0.966764,-0.105123],[-0.412324,0.19614,0.889673]],"s":1.18369,"sphereCenter":[-12.1929,288.596,-6.6117],"sphereRadius":50.2513,"stabilizedPalmPosition":[-2.41326,287.295,86.5098],"t":[5.98092,23.3516,-51.73],"timeVisible":33.5828,"type":"right","wrist":[-3.75612,299.909,80.4808]}],"id":4973602,"interactionBox":{"center":[0,200,0],"size":[235.247,235.247,147.751]},"pointables":[{"bases":[[[0.934295,0.265413,0.238009],[-0.35633,0.674657,0.646426],[0.0109958,-0.688763,0.724904]],[[0.879792,0.475231,-0.0110157],[-0.435685,0.815417,0.381147],[0.190115,-0.330531,0.924449]],[[0.879792,0.475231,-0.0110157],[-0.475024,0.879806,0.0171337],[0.0178342,-0.00984134,0.999793]],[[0.879792,0.475231,-0.0110157],[-0.475346,0.879701,-0.0131651],[0.00343411,0.0168188,0.999853]]],"btipPosition":[-40.4045,329.384,-20.0053],"carpPosition":[-30.4779,313.35,81.0647],"dipPosition":[-40.3261,329.768,2.81569],"direction":[-0.0178342,0.00984134,-0.999793],"extended":false,"handId":987,"id":9870,"length":50.8265,"mcpPosition":[-30.4779,313.35,81.0647],"pipPosition":[-39.7331,329.441,36.0605],"stabilizedTipPosition":[-40.6999,308.057,15.9635],"timeVisible":33.5828,"tipPosition":[-39.4645,330.162,-14.5299],"tipVelocity":[-17.5327,97.1428,-192.906],"tool":false,"touchDistance":-0.754883,"touchZone":"hovering","type":0,"width":19.7488},{"bases":[[[0.71035,-0.657684,-0.250709],[0.697744,0.611191,0.37363],[-0.0924991,-0.440339,0.893054]],[[0.687717,-0.717507,-0.110583],[0.716377,0.695395,-0.0568418],[0.117683,-0.040128,0.99224]],[[0.687717,-0.717507,-0.110583],[0.687526,0.692608,-0.218179],[0.233136,0.074017,0.969623]],[[0.687717,-0.717507,-0.110583],[0.657028,0.67993,-0.325593],[0.308804,0.15126,0.939021]]],"btipPosition":[-18.0152,351.106,-63.3209],"carpPosition":[-9.08008,322.096,80.8314],"dipPosition":[-12.8697,353.626,-47.6742],"direction":[-0.233136,-0.074017,-0.969623],"extended":true,"handId":987,"id":9871,"length":57.352,"mcpPosition":[-2.44338,353.69,16.7559],"pipPosition":[-7.3742,355.371,-24.8181],"stabilizedTipPosition":[-17.9412,341.103,-46.9601],"timeVisible":33.5828,"tipPosition":[-17.8633,350.461,-59.1598],"tipVelocity":[2.30509,152.622,-196.195],"tool":false,"touchDistance":-0.76415,"touchZone":"hovering","type":1,"width":18.8641},{"bases":[[[0.561896,-0.80562,-0.187746],[0.805592,0.481387,0.345382],[-0.187868,-0.345315,0.919491]],[[0.562891,-0.803765,-0.192652],[0.584377,0.551851,-0.594948],[0.584514,0.222309,0.780334]],[[0.562891,-0.803765,-0.192652],[-0.295998,0.0215956,-0.954944],[0.771712,0.594554,-0.225757]],[[0.562891,-0.803765,-0.192652],[-0.688596,-0.327118,-0.64717],[0.457153,0.496946,-0.737601]]],"btipPosition":[-43.9036,303,-1.50566],"carpPosition":[0.569933,315.551,77.9604],"dipPosition":[-35.5254,312.108,-15.0236],"direction":[-0.771712,-0.594554,0.225757],"extended":false,"handId":987,"id":9872,"length":65.348,"mcpPosition":[13.3527,339.047,15.3971],"pipPosition":[-14.1238,328.596,-21.2844],"stabilizedTipPosition":[-42.2638,280.595,32.8702],"timeVisible":33.5828,"tipPosition":[-41.8034,305.279,-4.86361],"tipVelocity":[-14.1484,98.4578,-235.871],"tool":false,"touchDistance":0.333333,"touchZone":"none","type":2,"width":18.527},{"bases":[[[0.465787,-0.881637,-0.0758875],[0.837279,0.411345,0.360221],[-0.286368,-0.231325,0.929775]],[[0.465252,-0.882067,-0.0741543],[0.659851,0.401441,-0.635171],[0.590032,0.246584,0.768804]],[[0.465252,-0.882067,-0.0741543],[-0.284631,-0.0697527,-0.956096],[0.838168,0.465932,-0.283516]],[[0.465252,-0.882067,-0.0741543],[-0.714854,-0.325003,-0.619159],[0.522039,0.341075,-0.781757]]],"btipPosition":[-32.2458,291.229,6.8947],"carpPosition":[8.12667,306.645,75.2896],"dipPosition":[-22.7334,297.444,-7.35014],"direction":[-0.838168,-0.465932,0.283516],"extended":false,"handId":987,"id":9873,"length":62.8339,"mcpPosition":[25.6208,320.777,18.49],"pipPosition":[-0.0891241,310.032,-15.0097],"stabilizedTipPosition":[-30.6039,264.093,49.3413],"timeVisible":33.5828,"tipPosition":[-30.019,292.649,3.67724],"tipVelocity":[-12.9751,87.319,-241.419],"tool":false,"touchDistance":0.333333,"touchZone":"none","type":3,"width":17.6296},{"bases":[[[0.284724,-0.958251,-0.0262348],[0.870922,0.247147,0.424751],[-0.400534,-0.143785,0.90493]],[[0.22266,-0.968977,0.107263],[0.768638,0.106807,-0.630704],[0.599681,0.222879,0.768575]],[[0.22266,-0.968977,0.107263],[-0.256275,-0.164332,-0.952532],[0.940609,0.184602,-0.284915]],[[0.22266,-0.968977,0.107263],[-0.739269,-0.239545,-0.629365],[0.635535,0.0608381,-0.769672]]],"btipPosition":[-16.432,289.147,13.0304],"carpPosition":[10.2226,293.246,72.3348],"dipPosition":[-5.7485,290.17,0.0920466],"direction":[-0.940609,-0.184602,0.284915],"extended":false,"handId":987,"id":9874,"length":49.2606,"mcpPosition":[32.8728,301.377,21.161],"pipPosition":[12.1934,293.691,-5.34262],"stabilizedTipPosition":[-14.1286,258.122,54.728],"timeVisible":33.5828,"tipPosition":[-13.7342,289.335,9.17975],"tipVelocity":[-11.4563,78.025,-236.365],"tool":false,"touchDistance":0.333333,"touchZone":"none","type":4,"width":15.66}],"r":[[0.880722,-0.164002,0.444333],[0.23306,0.966764,-0.105123],[-0.412324,0.19614,0.889673]],"s":1.18369,"t":[5.98092,23.3516,-51.73],"timestamp":669556831204},false],[2,{"currentFrameRate":53.0107,"devices":[],"gestures":[],"hands":[{"armBasis":[[0.664229,-0.739183,-0.111391],[0.713433,0.671345,-0.200772],[0.223189,0.0538889,0.973284]],"armWidth":62.1429,"confidence":0.53291,"direction":[0.309769,0.417554,-0.85422],"elbow":[55.2461,314.25,334.029],"grabStrength":0.062599,"id":987,"palmNormal":[-0.682632,-0.527715,-0.5055],"palmPosition":[4.9938,325.326,31.5342],"palmVelocity":[3.57929,49.0655,-169.993],"palmWidth":88.738,"pinchStrength":0.927893,"r":[[0.881198,-0.174539,0.439347],[0.238685,0.96646,-0.0947845],[-0.408068,0.188389,0.893303]],"s":1.18502,"sphereCenter":[-12.4684,289.861,-9.56121],"sphereRadius":50.4422,"stabilizedPalmPosition":[-2.38155,287.458,86.2745],"t":[6.04696,24.2672,-54.9271],"timeVisible":33.6018,"type":"right","wrist":[-3.52345,300.061,77.7464]}],"id":4973603,"interactionBox":{"center":[0,200,0],"size":[235.247,235.247,147.751]},"pointables":[{"bases":[[[0.937341,0.255825,0.236529],[-0.348269,0.668356,0.657274],[0.0100616,-0.698465,0.715573]],[[0.882803,0.469642,-0.00979067],[-0.427504,0.811883,0.3976],[0.194678,-0.346817,0.917507]],[[0.882803,0.469642,-0.00979067],[-0.469082,0.882473,0.034687],[0.0249304,-0.0260291,0.99935]],[[0.882803,0.469642,-0.00979067],[-0.469722,0.882772,-0.00865583],[0.00457779,0.0122403,0.999915]]],"btipPosition":[-40.5593,331.144,-22.066],"carpPosition":[-30.1485,313.674,78.6527],"dipPosition":[-40.4549,331.424,0.756412],"direction":[-0.0249304,0.0260291,-0.99935],"extended":false,"handId":987,"id":9870,"length":50.8265,"mcpPosition":[-30.1485,313.674,78.6527],"pipPosition":[-39.6259,330.558,33.9865],"stabilizedTipPosition":[-40.6938,308.915,14.748],"timeVisible":33.6018,"tipPosition":[-39.6187,331.831,-16.6176],"tipVelocity":[-12.7635,94.3291,-151.379],"tool":false,"touchDistance":-0.738633,"touchZone":"hovering","type":0,"width":19.7488},{"bases":[[[0.704473,-0.659097,-0.263265],[0.703894,0.601361,0.378019],[-0.0908335,-0.451615,0.887577]],[[0.682171,-0.720626,-0.123855],[0.721447,0.690916,-0.0463572],[0.11898,-0.0577313,0.991217]],[[0.682171,-0.720626,-0.123855],[0.693162,0.691262,-0.204165],[0.232743,0.0534238,0.97107]],[[0.682171,-0.720626,-0.123855],[0.663361,0.681194,-0.309722],[0.307563,0.129123,0.942726]]],"btipPosition":[-17.7715,353.688,-65.3905],"carpPosition":[-8.69249,322.277,78.4218],"dipPosition":[-12.6467,355.839,-49.6821],"direction":[-0.232743,-0.0534238,-0.97107],"extended":true,"handId":987,"id":9871,"length":57.352,"mcpPosition":[-2.1753,354.68,14.7392],"pipPosition":[-7.16043,357.099,-26.7919],"stabilizedTipPosition":[-17.7129,343.318,-49.4687],"timeVisible":33.6018,"tipPosition":[-17.6509,352.957,-61.2476],"tipVelocity":[7.36228,142.222,-152.922],"tool":false,"touchDistance":-0.7469,"touchZone":"hovering","type":1,"width":18.8641},{"bases":[[[0.555337,-0.806848,-0.201489],[0.810695,0.471215,0.347463],[-0.185405,-0.356306,0.91579]],[[0.556252,-0.805065,-0.206044],[0.590144,0.557253,-0.584123],[0.585075,0.203324,0.785077]],[[0.556252,-0.805065,-0.206044],[-0.290264,0.044101,-0.95593],[0.778672,0.591546,-0.20915]],[[0.556252,-0.805065,-0.206044],[-0.687862,-0.30693,-0.657753],[0.466292,0.507607,-0.724504]]],"btipPosition":[-44.131,304.683,-4.72575],"carpPosition":[0.896963,315.705,75.412],"dipPosition":[-35.5853,313.986,-18.0037],"direction":[-0.778672,-0.591546,0.20915],"extended":false,"handId":987,"id":9872,"length":65.348,"mcpPosition":[13.5122,339.948,13.1005],"pipPosition":[-13.9907,330.391,-23.8039],"stabilizedTipPosition":[-42.2616,281.186,31.9546],"timeVisible":33.6018,"tipPosition":[-42.0008,306.927,-7.73914],"tipVelocity":[-12.0824,94.7711,-201.823],"tool":false,"touchDistance":0.333333,"touchZone":"none","type":2,"width":18.527},{"bases":[[[0.459296,-0.883698,-0.0901434],[0.841976,0.400766,0.361196],[-0.283062,-0.241794,0.928123]],[[0.458626,-0.884266,-0.0879511],[0.662792,0.406317,-0.628978],[0.59192,0.230172,0.772432]],[[0.458626,-0.884266,-0.0879511],[-0.283253,-0.051659,-0.957653],[0.842277,0.464117,-0.274163]],[[0.458626,-0.884266,-0.0879511],[-0.716336,-0.30932,-0.625447],[0.525857,0.349849,-0.775294]]],"btipPosition":[-32.4593,292.612,3.7597],"carpPosition":[8.37801,306.784,72.5822],"dipPosition":[-22.8773,298.987,-10.3674],"direction":[-0.842277,-0.464117,0.274163],"extended":false,"handId":987,"id":9873,"length":62.8339,"mcpPosition":[25.6702,321.556,15.8835],"pipPosition":[-0.122062,311.526,-17.7743],"stabilizedTipPosition":[-30.5998,264.438,48.7802],"timeVisible":33.6018,"tipPosition":[-30.2233,294.048,0.721288],"tipVelocity":[-11.7088,81.1478,-203.165],"tool":false,"touchDistance":0.333333,"touchZone":"none","type":3,"width":17.6296},{"bases":[[[0.277973,-0.959733,-0.0405501],[0.874826,0.235493,0.423347],[-0.396751,-0.153153,0.905059]],[[0.216579,-0.971821,0.0930413],[0.766431,0.110222,-0.632798],[0.604712,0.208361,0.768706]],[[0.216579,-0.971821,0.0930413],[-0.260978,-0.149468,-0.953703],[0.940736,0.18227,-0.285996]],[[0.216579,-0.971821,0.0930413],[-0.743103,-0.225912,-0.62989],[0.63316,0.0672815,-0.771092]]],"btipPosition":[-16.6385,290.28,10.1658],"carpPosition":[10.366,293.412,69.4376],"dipPosition":[-5.99492,291.411,-2.79643],"direction":[-0.940736,-0.18227,0.285996],"extended":false,"handId":987,"id":9874,"length":49.2606,"mcpPosition":[32.8023,302.073,18.2564],"pipPosition":[11.9494,294.888,-8.25171],"stabilizedTipPosition":[-14.1292,258.416,54.2969],"timeVisible":33.6018,"tipPosition":[-13.9605,290.507,6.36073],"tipVelocity":[-11.4081,69.6293,-194.436],"tool":false,"touchDistance":0.333333,"touchZone":"none","type":4,"width":15.66}],"r":[[0.881198,-0.174539,0.439347],[0.238685,0.96646,-0.0947845],[-0.408068,0.188389,0.893303]],"s":1.18502,"t":[6.04696,24.2672,-54.9271],"timestamp":669556850193},false],[3,{"currentFrameRate":52.9382,"devices":[],"gestures":[],"hands":[{"armBasis":[[0.666208,-0.737201,-0.112698],[0.713291,0.673989,-0.192236],[0.217674,0.0476828,0.974856]],"armWidth":62.1429,"confidence":0.561534,"direction":[0.311003,0.410393,-0.857237],"elbow":[53.363,314.134,331.504],"grabStrength":0.0524916,"id":987,"palmNormal":[-0.677463,-0.536872,-0.502804],"palmPosition":[4.61465,326.409,28.3695],"palmVelocity":[-7.99084,52.7615,-167.646],"palmWidth":88.738,"pinchStrength":0.931084,"r":[[0.881372,-0.180996,0.436376],[0.242163,0.966204,-0.0883567],[-0.405636,0.183549,0.895416]],"s":1.18645,"sphereCenter":[-12.4388,290.333,-12.5296],"sphereRadius":50.6131,"stabilizedPalmPosition":[-2.3619,287.568,86.1118],"t":[5.89041,25.2664,-58.1079],"timeVisible":33.6209,"type":"right","wrist":[-3.95431,301.578,74.8074]}],"id":4973604,"interactionBox":{"center":[0,200,0],"size":[235.247,235.247,147.751]},"pointables":[{"bases":[[[0.934856,0.263659,0.237758],[-0.354857,0.673165,0.648788],[0.0110087,-0.690893,0.722873]],[[0.880131,0.474602,-0.0110427],[-0.433187,0.81241,0.390306],[0.194211,-0.338737,0.920619]],[[0.880131,0.474602,-0.0110427],[-0.474209,0.880016,0.026406],[0.0222501,-0.0180042,0.99959]],[[0.880131,0.474602,-0.0110427],[-0.474713,0.879665,-0.028916],[-0.00400965,0.030692,0.999521]]],"btipPosition":[-40.7631,331.436,-25.4093],"carpPosition":[-30.6601,315.048,75.46],"dipPosition":[-40.8546,332.137,-2.59584],"direction":[-0.0222501,0.0180042,-0.99959],"extended":false,"handId":987,"id":9870,"length":50.8265,"mcpPosition":[-30.6601,315.048,75.46],"pipPosition":[-40.1148,331.538,30.6423],"stabilizedTipPosition":[-40.6958,309.411,13.984],"timeVisible":33.6209,"tipPosition":[-39.8972,332.169,-19.994],"tipVelocity":[-12.8775,57.6884,-162.912],"tool":false,"touchDistance":-0.743283,"touchZone":"hovering","type":0,"width":19.7488},{"bases":[[[0.709329,-0.65775,-0.253412],[0.698845,0.609305,0.374649],[-0.0920203,-0.442845,0.891863]],[[0.686816,-0.7179,-0.113593],[0.718331,0.694275,-0.0445374],[0.110838,-0.0510083,0.992529]],[[0.686816,-0.7179,-0.113593],[0.692409,0.693775,-0.198109],[0.221031,0.0574118,0.973576]],[[0.686816,-0.7179,-0.113593],[0.664756,0.683636,-0.301231],[0.29391,0.131379,0.946761]]],"btipPosition":[-17.4019,354.139,-69.0723],"carpPosition":[-9.25272,323.77,75.2288],"dipPosition":[-12.5046,356.328,-53.2966],"direction":[-0.221031,-0.0574118,-0.973576],"extended":true,"handId":987,"id":9871,"length":57.352,"mcpPosition":[-2.65037,355.544,11.2387],"pipPosition":[-7.29439,357.681,-30.3473],"stabilizedTipPosition":[-17.5594,344.527,-51.1748],"timeVisible":33.6209,"tipPosition":[-17.3656,353.396,-64.9214],"tipVelocity":[11.9185,83.7081,-171.987],"tool":false,"touchDistance":-0.755538,"touchZone":"hovering","type":1,"width":18.8641},{"bases":[[[0.560776,-0.805702,-0.190719],[0.806515,0.479463,0.345903],[-0.187253,-0.347792,0.918682]],[[0.561689,-0.803985,-0.195227],[0.591368,0.555168,-0.584869],[0.57861,0.213064,0.787283]],[[0.561689,-0.803985,-0.195227],[-0.281452,0.0362105,-0.958892],[0.778004,0.593546,-0.205944]],[[0.561689,-0.803985,-0.195227],[-0.679967,-0.314168,-0.662528],[0.471329,0.504882,-0.723148]]],"btipPosition":[-44.2854,305.158,-8.22401],"carpPosition":[0.386714,317.223,72.328],"dipPosition":[-35.6474,314.411,-21.4771],"direction":[-0.778004,-0.593546,0.205944],"extended":false,"handId":987,"id":9872,"length":65.348,"mcpPosition":[13.1276,340.887,9.81973],"pipPosition":[-14.0714,330.871,-27.1884],"stabilizedTipPosition":[-42.262,281.525,31.3935],"timeVisible":33.6209,"tipPosition":[-42.1371,307.361,-11.1152],"tipVelocity":[-9.54394,59.8417,-192.194],"tool":false,"touchDistance":0.333333,"touchZone":"none","type":2,"width":18.527},{"bases":[[[0.464703,-0.881937,-0.0789776],[0.838139,0.409342,0.360503],[-0.285612,-0.233721,0.929409]],[[0.463901,-0.882589,-0.0763718],[0.666793,0.40463,-0.625829],[0.583252,0.239398,0.776213]],[[0.463901,-0.882589,-0.0763718],[-0.269778,-0.0586306,-0.961136],[0.84381,0.466475,-0.265302]],[[0.463901,-0.882589,-0.0763718],[-0.705837,-0.316144,-0.633915],[0.535342,0.34798,-0.769623]]],"btipPosition":[-32.5876,293.219,0.214387],"carpPosition":[7.93042,308.316,69.6229],"dipPosition":[-22.8328,299.56,-13.8094],"direction":[-0.84381,-0.466475,0.265302],"extended":false,"handId":987,"id":9873,"length":62.8339,"mcpPosition":[25.3783,322.594,12.8457],"pipPosition":[-0.036141,312.162,-20.9769],"stabilizedTipPosition":[-30.5981,264.641,48.4316],"timeVisible":33.6209,"tipPosition":[-30.3016,294.641,-2.62749],"tipVelocity":[-8.203,56.4636,-193.622],"tool":false,"touchDistance":0.333333,"touchZone":"none","type":3,"width":17.6296},{"bases":[[[0.283608,-0.958491,-0.0293504],[0.871666,0.244918,0.424515],[-0.399706,-0.14598,0.904945]],[[0.221957,-0.969536,0.103611],[0.769819,0.109029,-0.628881],[0.598426,0.219346,0.770567]],[[0.221957,-0.969536,0.103611],[-0.252362,-0.159762,-0.954353],[0.941833,0.185678,-0.280134]],[[0.221957,-0.969536,0.103611],[-0.736537,-0.236344,-0.633763],[0.638943,0.0643547,-0.766557]]],"btipPosition":[-16.7308,290.991,7.10911],"carpPosition":[10.0079,294.923,66.6266],"dipPosition":[-5.99008,292.073,-5.77687],"direction":[-0.941833,-0.185678,0.280134],"extended":false,"handId":987,"id":9874,"length":49.2606,"mcpPosition":[32.6113,303.179,15.4519],"pipPosition":[11.9751,295.615,-11.1203],"stabilizedTipPosition":[-14.1299,258.595,54.0231],"timeVisible":33.6209,"tipPosition":[-14.0414,291.21,3.43086],"tipVelocity":[-7.57155,53.2472,-176.746],"tool":false,"touchDistance":0.333333,"touchZone":"none","type":4,"width":15.66}],"r":[[0.881372,-0.180996,0.436376],[0.242163,0.966204,-0.0883567],[-0.405636,0.183549,0.895416]],"s":1.18645,"t":[5.89041,25.2664,-58.1079],"timestamp":669556869344},false],[4,{"currentFrameRate":53.014,"devices":[],"gestures":[],"hands":[{"armBasis":[[0.652636,-0.747784,-0.122008],[0.719387,0.662112,-0.209977],[0.237801,0.0492679,0.970064]],"armWidth":62.1429,"confidence":0.56777,"direction":[0.312188,0.39543,-0.863813],"elbow":[58.3621,316.22,327.06],"grabStrength":0.0414675,"id":987,"palmNormal":[-0.686383,-0.534759,-0.492861],"palmPosition":[4.41127,327.37,24.8335],"palmVelocity":[-9.42052,52.2469,-178.583],"palmWidth":88.738,"pinchStrength":0.938055,"r":[[0.88141,-0.18723,0.433661],[0.24729,0.965124,-0.0859265],[-0.402448,0.182976,0.89697]],"s":1.18751,"sphereCenter":[-13.2795,290.91,-15.649],"sphereRadius":50.7998,"stabilizedPalmPosition":[-2.34978,287.639,86.0022],"t":[5.71044,26.2465,-61.4664],"timeVisible":33.6395,"type":"right","wrist":[-4.25498,303.247,71.6248]}],"id":4973605,"interactionBox":{"center":[0,200,0],"size":[235.247,235.247,147.751]},"pointables":[{"bases":[[[0.939141,0.254965,0.230231],[-0.343484,0.685827,0.641608],[0.00568848,-0.681641,0.731664]],[[0.885901,0.463396,-0.0210671],[-0.420497,0.821406,0.385325],[0.195863,-0.332501,0.922541]],[[0.885901,0.463396,-0.0210671],[-0.46301,0.886109,0.0208228],[0.0283169,-0.00869267,0.999561]],[[0.885901,0.463396,-0.0210671],[-0.46385,0.884466,-0.0506214],[-0.00482467,0.0546175,0.998496]]],"btipPosition":[-41.1541,332.286,-28.7175],"carpPosition":[-30.7876,317.057,72.221],"dipPosition":[-41.2642,333.533,-5.92742],"direction":[-0.0283169,0.00869267,-0.999561],"extended":false,"handId":987,"id":9870,"length":50.8265,"mcpPosition":[-30.7876,317.057,72.221],"pipPosition":[-40.3227,333.243,27.3097],"stabilizedTipPosition":[-40.7019,309.705,13.5086],"timeVisible":33.6395,"tipPosition":[-40.3111,333.082,-23.3472],"tipVelocity":[-16.9426,55.1543,-170.344],"tool":false,"touchDistance":-0.746992,"touchZone":"hovering","type":0,"width":19.7488},{"bases":[[[0.699916,-0.669777,-0.248024],[0.708082,0.605267,0.363691],[-0.0934711,-0.430175,0.897894]],[[0.677409,-0.727652,-0.107887],[0.727295,0.684498,-0.0500449],[0.110264,-0.0445649,0.992903]],[[0.677409,-0.727652,-0.107887],[0.702266,0.683367,-0.199578],[0.21895,0.0594305,0.973925]],[[0.677409,-0.727652,-0.107887],[0.675534,0.673412,-0.300283],[0.291154,0.130533,0.947729]]],"btipPosition":[-17.2005,354.663,-72.9904],"carpPosition":[-9.27446,325.507,71.7834],"dipPosition":[-12.3491,356.838,-57.1986],"direction":[-0.21895,-0.0594305,-0.973925],"extended":true,"handId":987,"id":9871,"length":57.352,"mcpPosition":[-2.56802,356.371,7.36062],"pipPosition":[-7.18797,358.239,-34.2411],"stabilizedTipPosition":[-17.4779,345.115,-52.1797],"timeVisible":33.6395,"tipPosition":[-17.2168,353.91,-68.833],"tipVelocity":[11.117,56.7118,-190.687],"tool":false,"touchDistance":-0.767034,"touchZone":"hovering","type":1,"width":18.8641},{"bases":[[[0.549818,-0.815041,-0.182777],[0.813993,0.473729,0.336149],[-0.187388,-0.3336,0.923903]],[[0.55072,-0.813416,-0.187251],[0.599369,0.541508,-0.589513],[0.580917,0.212424,0.785755]],[[0.55072,-0.813416,-0.187251],[-0.276868,0.0336163,-0.96032],[0.787434,0.580711,-0.206695]],[[0.55072,-0.813416,-0.187251],[-0.681492,-0.308649,-0.663554],[0.481951,0.493042,-0.724315]]],"btipPosition":[-44.9582,306.375,-11.8683],"carpPosition":[0.269325,318.802,68.925],"dipPosition":[-36.1255,315.411,-25.1427],"direction":[-0.787434,-0.580711,0.206695],"extended":false,"handId":987,"id":9872,"length":65.348,"mcpPosition":[13.0195,341.501,6.06144],"pipPosition":[-14.288,331.515,-30.8749],"stabilizedTipPosition":[-42.2673,281.737,31.0286],"timeVisible":33.6395,"tipPosition":[-42.771,308.479,-14.5759],"tipVelocity":[-21.2927,61.2689,-194.184],"tool":false,"touchDistance":0.333333,"touchZone":"none","type":2,"width":18.527},{"bases":[[[0.453313,-0.888627,-0.0696417],[0.844807,0.403411,0.351512],[-0.284269,-0.218178,0.93359]],[[0.452329,-0.889374,-0.0664203],[0.674312,0.38979,-0.62719],[0.583697,0.238909,0.776029]],[[0.452329,-0.889374,-0.0664203],[-0.262156,-0.0614067,-0.96307],[0.852451,0.453037,-0.260931]],[[0.452329,-0.889374,-0.0664203],[-0.704281,-0.310514,-0.638411],[0.547162,0.335551,-0.766824]]],"btipPosition":[-33.3792,294.333,-3.52322],"carpPosition":[7.68906,309.768,66.3018],"dipPosition":[-23.4091,300.447,-17.496],"direction":[-0.852451,-0.453037,0.260931],"extended":false,"handId":987,"id":9873,"length":62.8339,"mcpPosition":[25.0549,323.096,9.26912],"pipPosition":[-0.378958,312.686,-24.5454],"stabilizedTipPosition":[-30.6002,264.771,48.2019],"timeVisible":33.6395,"tipPosition":[-31.0351,295.694,-6.13256],"tipVelocity":[-23.5767,56.7669,-196.919],"tool":false,"touchDistance":0.333333,"touchZone":"none","type":3,"width":17.6296},{"bases":[[[0.271505,-0.962264,-0.0182369],[0.876574,0.239415,0.417491],[-0.39737,-0.129337,0.908498]],[[0.210232,-0.970826,0.115323],[0.771403,0.0922551,-0.629624],[0.600616,0.221328,0.768293]],[[0.210232,-0.970826,0.115323],[-0.251137,-0.167628,-0.953326],[0.944845,0.171458,-0.279051]],[[0.210232,-0.970826,0.115323],[-0.737306,-0.234905,-0.633403],[0.642014,0.0481334,-0.765181]]],"btipPosition":[-17.4696,291.915,3.78547],"carpPosition":[9.58582,296.313,63.4693],"dipPosition":[-6.67721,292.724,-9.07736],"direction":[-0.944845,-0.171458,0.279051],"extended":false,"handId":987,"id":9874,"length":49.2606,"mcpPosition":[32.0571,303.627,12.0937],"pipPosition":[11.3454,295.995,-14.4002],"stabilizedTipPosition":[-14.1328,258.708,53.8429],"timeVisible":33.6395,"tipPosition":[-14.7935,292.075,0.290073],"tipVelocity":[-22.8544,49.898,-177.596],"tool":false,"touchDistance":0.333333,"touchZone":"none","type":4,"width":15.66}],"r":[[0.88141,-0.18723,0.433661],[0.24729,0.965124,-0.0859265],[-0.402448,0.182976,0.89697]],"s":1.18751,"t":[5.71044,26.2465,-61.4664],"timestamp":669556887934},false],[5,{"currentFrameRate":53.0357,"devices":[],"gestures":[],"hands":[{"armBasis":[[0.652151,-0.749447,-0.114139],[0.722826,0.660113,-0.204383],[0.228519,0.0507859,0.972214]],"armWidth":62.1429,"confidence":0.572487,"direction":[0.310308,0.394807,-0.864775],"elbow":[55.7688,316.777,325.326],"grabStrength":0.0311654,"id":987,"palmNormal":[-0.690192,-0.531986,-0.490537],"palmPosition":[4.16996,327.524,22.5145],"palmVelocity":[-11.0951,30.7406,-151.697],"palmWidth":88.738,"pinchStrength":0.947005,"r":[[0.881602,-0.192899,0.430776],[0.252023,0.964062,-0.0840735],[-0.399077,0.182685,0.898534]],"s":1.18753,"sphereCenter":[-13.7931,290.898,-18.1415],"sphereRadius":51.1488,"stabilizedPalmPosition":[-2.34318,287.679,85.9379],"t":[5.49981,26.8134,-64.3051],"timeVisible":33.6583,"type":"right","wrist":[-4.40436,303.404,69.3247]}],"id":4973606,"interactionBox":{"center":[0,200,0],"size":[235.247,235.247,147.751]},"pointables":[{"bases":[[[0.940931,0.251435,0.226781],[-0.338546,0.686686,0.643311],[0.00602364,-0.682087,0.731246]],[[0.887646,0.459912,-0.0237928],[-0.41426,0.819972,0.395011],[0.20118,-0.340774,0.918368]],[[0.887646,0.459912,-0.0237928],[-0.459163,0.887809,0.031064],[0.0354101,-0.016649,0.999234]],[[0.887646,0.459912,-0.0237928],[-0.46038,0.884877,-0.0710143],[-0.0116066,0.0739893,0.997191]]],"btipPosition":[-41.5909,332.764,-30.6643],"carpPosition":[-30.8845,317.31,70.0304],"dipPosition":[-41.8558,334.453,-7.90402],"direction":[-0.0354101,0.016649,-0.999234],"extended":false,"handId":987,"id":9870,"length":50.8265,"mcpPosition":[-30.8845,317.31,70.0304],"pipPosition":[-40.6783,333.899,25.3223],"stabilizedTipPosition":[-40.7095,309.894,13.1956],"timeVisible":33.6583,"tipPosition":[-40.8137,333.536,-25.356],"tipVelocity":[-20.9513,43.3098,-137.981],"tool":false,"touchDistance":-0.729931,"touchZone":"hovering","type":0,"width":19.7488},{"bases":[[[0.696537,-0.672155,-0.251085],[0.711652,0.602492,0.361325],[-0.0915897,-0.430362,0.897998]],[[0.674394,-0.72997,-0.11107],[0.730207,0.681656,-0.0462918],[0.109503,-0.049885,0.992734]],[[0.674394,-0.72997,-0.11107],[0.7061,0.681566,-0.192072],[0.215908,0.0511059,0.975075]],[[0.674394,-0.72997,-0.11107],[0.680363,0.672785,-0.290633],[0.286879,0.120433,0.950366]]],"btipPosition":[-17.2289,355.439,-75.33],"carpPosition":[-9.34269,325.682,69.5153],"dipPosition":[-12.4487,357.446,-59.4943],"direction":[-0.215908,-0.0511059,-0.975075],"extended":true,"handId":987,"id":9871,"length":57.352,"mcpPosition":[-2.77124,356.56,5.08504],"pipPosition":[-7.35932,358.651,-36.5096],"stabilizedTipPosition":[-17.437,345.442,-52.7712],"timeVisible":33.6583,"tipPosition":[-17.2874,354.642,-71.1782],"tipVelocity":[4.52534,48.2085,-158.162],"tool":false,"touchDistance":-0.753605,"touchZone":"hovering","type":1,"width":18.8641},{"bases":[[[0.546165,-0.816915,-0.185348],[0.816981,0.470587,0.333302],[-0.185057,-0.333464,0.924422]],[[0.547058,-0.815285,-0.189838],[0.605609,0.542027,-0.582619],[0.577897,0.203759,0.790264]],[[0.547058,-0.815285,-0.189838],[-0.26658,0.0452985,-0.962748],[0.793513,0.577286,-0.192557]],[[0.547058,-0.815285,-0.189838],[-0.676576,-0.297096,-0.67378],[0.492923,0.497036,-0.71413]]],"btipPosition":[-45.4481,306.937,-15.0027],"carpPosition":[0.165788,318.945,66.6165],"dipPosition":[-36.4144,316.047,-28.0905],"direction":[-0.793513,-0.577286,0.192557],"extended":false,"handId":987,"id":9872,"length":65.348,"mcpPosition":[12.7573,341.634,3.71768],"pipPosition":[-14.4082,332.056,-33.4306],"stabilizedTipPosition":[-42.2725,281.866,30.7978],"timeVisible":33.6583,"tipPosition":[-43.2286,308.982,-17.3842],"tipVelocity":[-22.4319,46.4274,-179.763],"tool":false,"touchDistance":0.333333,"touchZone":"none","type":2,"width":18.527},{"bases":[[[0.449828,-0.890218,-0.0718861],[0.847598,0.40015,0.348507],[-0.281482,-0.217699,0.934546]],[[0.448596,-0.891158,-0.0678106],[0.684472,0.391357,-0.615091],[0.574682,0.229513,0.785535]],[[0.448596,-0.891158,-0.0678106],[-0.242827,-0.0485128,-0.968856],[0.860114,0.451091,-0.23816]],[[0.448596,-0.891158,-0.0678106],[-0.693531,-0.299247,-0.655337],[0.563717,0.34101,-0.752287]]],"btipPosition":[-33.8117,294.784,-7.21794],"carpPosition":[7.54273,309.886,63.9598],"dipPosition":[-23.5399,300.997,-20.9258],"direction":[-0.860114,-0.451091,0.23816],"extended":false,"handId":987,"id":9873,"length":62.8339,"mcpPosition":[24.7383,323.185,6.86871],"pipPosition":[-0.302711,313.184,-27.36],"stabilizedTipPosition":[-30.6022,264.846,48.0623],"timeVisible":33.6583,"tipPosition":[-31.4161,296.127,-9.38075],"tipVelocity":[-21.5064,41.3721,-195.261],"tool":false,"touchDistance":0.333333,"touchZone":"none","type":3,"width":17.6296},{"bases":[[[0.267954,-0.963228,-0.0198281],[0.879024,0.236002,0.41427],[-0.394357,-0.128434,0.909938]],[[0.206457,-0.971622,0.115441],[0.773794,0.0899234,-0.627022],[0.598847,0.21878,0.7704]],[[0.206457,-0.971622,0.115441],[-0.24479,-0.165521,-0.955343],[0.94734,0.168979,-0.272016]],[[0.206457,-0.971622,0.115441],[-0.733479,-0.231773,-0.638976],[0.647599,0.0472478,-0.760515]]],"btipPosition":[-17.9263,292.127,1.06178],"carpPosition":[9.37999,296.426,61.1123],"dipPosition":[-7.04005,292.921,-11.7226],"direction":[-0.94734,-0.168979,0.272016],"extended":false,"handId":987,"id":9874,"length":49.2606,"mcpPosition":[31.6809,303.689,9.65527],"pipPosition":[11.0302,296.144,-16.9113],"stabilizedTipPosition":[-14.1353,258.774,53.7343],"timeVisible":33.6583,"tipPosition":[-15.2514,292.296,-2.20127],"tipVelocity":[-23.0099,30.9519,-161.242],"tool":false,"touchDistance":0.333333,"touchZone":"none","type":4,"width":15.66}],"r":[[0.881602,-0.192899,0.430776],[0.252023,0.964062,-0.0840735],[-0.399077,0.182685,0.898534]],"s":1.18753,"t":[5.49981,26.8134,-64.3051],"timestamp":669556906711},false],[6,{"currentFrameRate":53.0343,"devices":[],"gestures":[],"hands":[{"armBasis":[[0.652391,-0.748741,-0.117358],[0.721543,0.660993,-0.206068],[0.231864,0.0497584,0.971475]],"armWidth":62.1429,"confidence":0.55464,"direction":[0.307279,0.392867,-0.866738],"elbow":[56.7758,316.202,324.096],"grabStrength":0.017616,"id":987,"palmNormal":[-0.690489,-0.534699,-0.487158],"palmPosition":[4.12709,327.098,21.387],"palmVelocity":[-6.7751,4.64387,-106.686],"palmWidth":88.738,"pinchStrength":0.947025,"r":[[0.882031,-0.19685,0.428101],[0.255403,0.96324,-0.0832976],[-0.395967,0.18281,0.899884]],"s":1.18863,"sphereCenter":[-13.8762,290.114,-19.3505],"sphereRadius":51.5406,"stabilizedPalmPosition":[-2.34019,287.697,85.9081],"t":[5.37305,26.8842,-66.2883],"timeVisible":33.6771,"type":"right","wrist":[-4.27811,303.099,68.2897]}],"id":4973607,"interactionBox":{"center":[0,200,0],"size":[235.247,235.247,147.751]},"pointables":[{"bases":[[[0.941055,0.25385,0.223554],[-0.338129,0.687922,0.642209],[0.00923703,-0.679944,0.733206]],[[0.887214,0.46061,-0.0262708],[-0.411571,0.815916,0.406067],[0.208473,-0.349456,0.913466]],[[0.887214,0.46061,-0.0262708],[-0.459292,0.88719,0.0441014],[0.0436207,-0.0270614,0.998682]],[[0.887214,0.46061,-0.0262708],[-0.460808,0.881937,-0.0992093],[-0.0225276,0.100126,0.99472]]],"btipPosition":[-41.8675,332.584,-31.3561],"carpPosition":[-30.7823,316.957,69.0252],"dipPosition":[-42.3817,334.869,-8.65221],"direction":[-0.0436207,0.0270614,-0.998682],"extended":false,"handId":987,"id":9870,"length":50.8265,"mcpPosition":[-30.7823,316.957,69.0252],"pipPosition":[-40.9312,333.97,24.5557],"stabilizedTipPosition":[-40.716,310.011,12.9973],"timeVisible":33.6771,"tipPosition":[-41.167,333.239,-26.1511],"tipVelocity":[-19.3622,20.9879,-88.7111],"tool":false,"touchDistance":-0.695842,"touchZone":"touching","type":0,"width":19.7488},{"bases":[[[0.697129,-0.671582,-0.250977],[0.711475,0.604868,0.357685],[-0.0884064,-0.427917,0.899484]],[[0.67549,-0.728988,-0.110859],[0.729656,0.682516,-0.0421313],[0.106376,-0.0524294,0.992943]],[[0.67549,-0.728988,-0.110859],[0.706908,0.682991,-0.183863],[0.209749,0.0458307,0.97668]],[[0.67549,-0.728988,-0.110859],[0.682531,0.675042,-0.280126],[0.279043,0.113558,0.953541]]],"btipPosition":[-16.9656,355.295,-76.6227],"carpPosition":[-9.25768,325.369,68.4286],"dipPosition":[-12.3159,357.188,-60.7342],"direction":[-0.209749,-0.0458307,-0.97668],"extended":true,"handId":987,"id":9871,"length":57.352,"mcpPosition":[-2.91462,356.071,3.89174],"pipPosition":[-7.37169,358.268,-37.7117],"stabilizedTipPosition":[-17.4141,345.595,-53.0711],"timeVisible":33.6771,"tipPosition":[-17.0987,354.44,-72.4665],"tipVelocity":[8.36792,20.1866,-113.961],"tool":false,"touchDistance":-0.725788,"touchZone":"touching","type":1,"width":18.8641},{"bases":[[[0.547203,-0.81643,-0.184421],[0.816976,0.47308,0.329766],[-0.181985,-0.331117,0.925874]],[[0.548065,-0.814841,-0.188836],[0.609678,0.543733,-0.576756],[0.572641,0.200971,0.794792]],[[0.548065,-0.814841,-0.188836],[-0.255698,0.0517369,-0.965371],[0.796394,0.577371,-0.179998]],[[0.548065,-0.814841,-0.188836],[-0.669531,-0.292057,-0.682957],[0.50135,0.500737,-0.705628]]],"btipPosition":[-45.5544,306.534,-16.9107],"carpPosition":[0.255714,318.641,65.5242],"dipPosition":[-36.3662,315.711,-29.8427],"direction":[-0.796394,-0.577371,0.179998],"extended":false,"handId":987,"id":9872,"length":65.348,"mcpPosition":[12.6382,341.17,2.52658],"pipPosition":[-14.2802,331.723,-34.8345],"stabilizedTipPosition":[-42.2751,281.926,30.6841],"timeVisible":33.6771,"tipPosition":[-43.3221,308.525,-19.0245],"tipVelocity":[-13.2861,13.6284,-140.344],"tool":false,"touchDistance":0.333333,"touchZone":"none","type":2,"width":18.527},{"bases":[[[0.451304,-0.889582,-0.0704918],[0.847766,0.402744,0.345094],[-0.278599,-0.215503,0.935917]],[[0.449961,-0.890607,-0.0659952],[0.68363,0.391053,-0.61622],[0.574617,0.232158,0.784804]],[[0.449961,-0.890607,-0.0659952],[-0.240739,-0.0498009,-0.969311],[0.859989,0.452039,-0.236812]],[[0.449961,-0.890607,-0.0659952],[-0.691318,-0.300585,-0.657061],[0.565345,0.341275,-0.750943]]],"btipPosition":[-33.9114,294.205,-8.41628],"carpPosition":[7.64257,309.587,62.8743],"dipPosition":[-23.6099,300.424,-22.0997],"direction":[-0.859989,-0.452039,0.236812],"extended":false,"handId":987,"id":9873,"length":62.8339,"mcpPosition":[24.6621,322.752,5.69942],"pipPosition":[-0.376156,312.636,-28.4975],"stabilizedTipPosition":[-30.6032,264.88,47.9955],"timeVisible":33.6771,"tipPosition":[-31.4996,295.558,-10.576],"tipVelocity":[-13.3871,6.13067,-130.611],"tool":false,"touchDistance":0.333333,"touchZone":"none","type":3,"width":17.6296},{"bases":[[[0.269705,-0.96278,-0.0177398],[0.879673,0.238847,0.41125],[-0.391706,-0.126522,0.91135]],[[0.20716,-0.97083,0.120721],[0.779989,0.08942,-0.619371],[0.590509,0.22247,0.775761]],[[0.20716,-0.97083,0.120721],[-0.228569,-0.168013,-0.95892],[0.951231,0.171057,-0.256707]],[[0.20716,-0.97083,0.120721],[-0.722493,-0.235021,-0.650208],[0.659613,0.0474771,-0.750104]]],"btipPosition":[-17.9473,291.545,-0.721196],"carpPosition":[9.49751,296.123,60.0611],"dipPosition":[-6.8591,292.343,-13.3306],"direction":[-0.951231,-0.171057,0.256707],"extended":false,"handId":987,"id":9874,"length":49.2606,"mcpPosition":[31.6485,303.277,8.5242],"pipPosition":[11.2854,295.606,-18.2272],"stabilizedTipPosition":[-14.1365,258.803,53.6832],"timeVisible":33.6771,"tipPosition":[-15.2556,291.731,-3.62632],"tipVelocity":[-11.0821,0.707508,-127.53],"tool":f