{"sensorType":"Leap","data":[[0,{"currentFrameRate":53.0369,"devices":[],"gestures":[],"hands":[{"armBasis":[[0.643116,-0.756045,-0.121647],[0.72224,0.651653,-0.231771],[0.254501,0.0611973,0.965134]],"armWidth":62.1429,"confidence":0.600284,"direction":[0.351343,0.249794,-0.902309],"elbow":[61.5236,299.935,346.81],"grabStrength":0.0915006,"id":987,"palmNormal":[-0.644048,-0.635008,-0.426576],"palmPosition":[5.2469,299.735,42.8946],"palmVelocity":[35.362,247.618,-151.694],"palmWidth":88.738,"pinchStrength":0.757909,"r":[[0.895821,-0.0544334,0.441068],[0.197776,0.937604,-0.285977],[-0.397981,0.343417,0.850691]],"s":1.06546,"sphereCenter":[-13.2053,258.908,7.72767],"sphereRadius":50.4187,"stabilizedPalmPosition":[4.12949,293.491,46.4298],"t":[5.7044,-5.06045,-43.9136],"timeVisible":27.0738,"type":"right","wrist":[-5.49094,283.821,92.6731]}],"id":4973258,"interactionBox":{"center":[0,200,0],"size":[235.247,235.247,147.751]},"pointables":[{"bases":[[[0.918053,0.322557,0.230511],[-0.39597,0.774807,0.492831],[-0.0196354,-0.54372,0.839037]],[[0.885521,0.464236,-0.0183698],[-0.439383,0.849653,0.291603],[0.150981,-0.250149,0.956363]],[[0.885521,0.464236,-0.0183698],[-0.464059,0.881894,-0.0831436],[-0.022398,0.0821501,0.996368]],[[0.885521,0.464236,-0.0183698],[-0.453,0.853958,-0.25602],[-0.103166,0.235032,0.966497]]],"btipPosition":[-36.5902,300.705,-12.2871],"carpPosition":[-32.3396,296.623,89.4613],"dipPosition":[-38.9449,306.069,9.77256],"direction":[0.022398,-0.0821501,-0.996368],"extended":false,"handId":987,"id":9870,"length":50.8265,"mcpPosition":[-32.3396,296.623,89.4613],"pipPosition":[-39.6897,308.801,42.9035],"stabilizedTipPosition":[-37.3955,300.112,-5.93696],"timeVisible":27.0738,"tipPosition":[-36.4105,302.537,-7.08262],"tipVelocity":[39.6822,258.455,-170.275],"tool":false,"touchDistance":0.104181,"touchZone":"hovering","type":0,"width":19.7488},{"bases":[[[0.728873,-0.678686,-0.090157],[0.671377,0.682718,0.288358],[-0.134153,-0.270706,0.953269]],[[0.724821,-0.686017,-0.0633651],[0.671009,0.723813,-0.160754],[0.156145,0.0739993,0.984958]],[[0.724821,-0.686017,-0.0633651],[0.630972,0.69795,-0.338733],[0.276603,0.205539,0.938746]],[[0.724821,-0.686017,-0.0633651],[0.591213,0.66659,-0.45401],[0.353697,0.291614,0.888741]]],"btipPosition":[-20.3773,312.207,-57.9327],"carpPosition":[-11.0465,305.589,88.6692],"dipPosition":[-14.4837,317.066,-43.1238],"direction":[-0.276603,-0.205539,-0.938746],"extended":true,"handId":987,"id":9871,"length":57.352,"mcpPosition":[-1.42126,325.012,20.2733],"pipPosition":[-7.96357,321.911,-20.9955],"stabilizedTipPosition":[-19.2526,312.4,-54.0215],"timeVisible":27.0738,"tipPosition":[-18.4633,314.318,-54.6788],"tipVelocity":[85.8464,314.43,-160.295],"tool":false,"touchDistance":0.184815,"touchZone":"hovering","type":1,"width":18.8641},{"bases":[[[0.578843,-0.815396,-0.00836616],[0.781828,0.55204,0.289823],[-0.231702,-0.174303,0.957044]],[[0.568302,-0.82216,0.0329535],[0.628734,0.408069,-0.661946],[0.530778,0.396905,0.748826]],[[0.568302,-0.82216,0.0329535],[-0.0579823,-0.0799647,-0.99511],[0.820774,0.563612,-0.0931148]],[[0.568302,-0.82216,0.0329535],[-0.446629,-0.341864,-0.826832],[0.691054,0.455173,-0.561482]]],"btipPosition":[-45.8087,268.046,0.0829189],"carpPosition":[-1.19634,298.816,87.5293],"dipPosition":[-33.1438,276.387,-10.2073],"direction":[-0.820774,-0.563612,0.0931148],"extended":false,"handId":987,"id":9872,"length":65.348,"mcpPosition":[14.569,310.675,22.4108],"pipPosition":[-10.3816,292.018,-12.7896],"stabilizedTipPosition":[-43.5052,266.349,0.177626],"timeVisible":27.0738,"tipPosition":[-42.5811,270.117,-3.23801],"tipVelocity":[45.77,290.564,-199.575],"tool":false,"touchDistance":0.333333,"touchZone":"none","type":2,"width":18.527},{"bases":[[[0.477842,-0.871438,0.110738],[0.813401,0.486535,0.318846],[-0.331732,-0.0622836,0.941315]],[[0.480867,-0.87083,0.102092],[0.665479,0.286678,-0.689169],[0.570881,0.399339,0.717373]],[[0.480867,-0.87083,0.102092],[-0.0662952,-0.152216,-0.986121],[0.874284,0.467425,-0.130928]],[[0.480867,-0.87083,0.102092],[-0.465343,-0.352162,-0.812058],[0.743117,0.342984,-0.574578]]],"btipPosition":[-35.1941,257.245,12.1619],"carpPosition":[6.57665,289.718,86.9183],"dipPosition":[-21.6534,263.494,1.69217],"direction":[-0.874284,-0.467425,0.130928],"extended":false,"handId":987,"id":9873,"length":62.8339,"mcpPosition":[26.8421,293.523,29.4136],"pipPosition":[1.9666,276.123,-1.84502],"stabilizedTipPosition":[-32.9204,252.702,13.6981],"timeVisible":27.0738,"tipPosition":[-31.8052,258.716,8.87997],"tipVelocity":[37.2688,278.647,-199.331],"tool":false,"touchDistance":0.333333,"touchZone":"none","type":3,"width":17.6296},{"bases":[[[0.295226,-0.94112,0.164726],[0.845296,0.337645,0.41409],[-0.445327,0.0169918,0.895207]],[[0.297148,-0.941185,0.160856],[0.769665,0.1364,-0.623707],[0.565083,0.309138,0.764928]],[[0.297148,-0.941185,0.160856],[0.000975048,-0.168166,-0.985758],[0.954831,0.293072,-0.0490523]],[[0.297148,-0.941185,0.160856],[-0.437599,-0.283968,-0.853153],[0.848652,0.183122,-0.496242]]],"btipPosition":[-17.8264,255.758,18.8645],"carpPosition":[8.9558,276.048,86.5887],"dipPosition":[-3.56042,258.836,10.5225],"direction":[-0.954831,-0.293072,0.0490523],"extended":false,"handId":987,"id":9874,"length":49.2606,"mcpPosition":[34.1391,275.087,35.9647],"pipPosition":[14.6527,264.427,9.58687],"stabilizedTipPosition":[-15.366,249.691,20.795],"timeVisible":27.0738,"tipPosition":[-14.1235,256.417,16.0185],"tipVelocity":[28.7003,268.253,-178.966],"tool":false,"touchDistance":0.333333,"touchZone":"none","type":4,"width":15.66}],"r":[[0.895821,-0.0544334,0.441068],[0.197776,0.937604,-0.285977],[-0.397981,0.343417,0.850691]],"s":1.06546,"t":[5.7044,-5.06045,-43.9136],"timestamp":669550322197},false],[1,{"currentFrameRate":53.0343,"devices":[],"gestures":[],"hands":[{"armBasis":[[0.633227,-0.759967,-0.146541],[0.726974,0.648991,-0.22432],[0.265579,0.0355144,0.963435]],"armWidth":62.1429,"confidence":0.521986,"direction":[0.351514,0.275274,-0.894797],"elbow":[65.3317,296.385,344.291],"grabStrength":0.0897683,"id":987,"palmNormal":[-0.652089,-0.613805,-0.444998],"palmPosition":[6.17096,304.445,41.3338],"palmVelocity":[42.0329,248.624,-117.92],"palmWidth":88.738,"pinchStrength":0.76157,"r":[[0.892382,-0.0717911,0.445534],[0.209576,0.940274,-0.268259],[-0.399665,0.332763,0.854129]],"s":1.06423,"sphereCenter":[-12.7157,264.853,4.88169],"sphereRadius":50.5325,"stabilizedPalmPosition":[5.18966,299.18,43.7834],"t":[6.49728,-0.379289,-46.1191],"timeVisible":27.0926,"type":"right","wrist":[-4.60001,287.034,90.6014]}],"id":4973259,"interactionBox":{"center":[0,200,0],"size":[235.247,235.247,147.751]},"pointables":[{"bases":[[[0.922139,0.304981,0.238004],[-0.386163,0.762548,0.519037],[-0.0231932,-0.570532,0.820948]],[[0.889415,0.456998,-0.00967924],[-0.430277,0.844183,0.319714],[0.15428,-0.280194,0.947465]],[[0.889415,0.456998,-0.00967924],[-0.456895,0.88818,-0.0488235],[-0.0137153,0.0478468,0.998761]],[[0.889415,0.456998,-0.00967924],[-0.447498,0.866218,-0.222286],[-0.0931998,0.202036,0.974934]]],"btipPosition":[-36.2445,307.66,-13.6949],"carpPosition":[-31.3171,300.221,87.8924],"dipPosition":[-38.3717,312.271,8.55731],"direction":[0.0137153,-0.0478468,-0.998761],"extended":false,"handId":987,"id":9870,"length":50.8265,"mcpPosition":[-31.3171,300.221,87.8924],"pipPosition":[-38.8278,313.862,41.7678],"stabilizedTipPosition":[-36.89,306.687,-7.95349],"timeVisible":27.0926,"tipPosition":[-35.9231,309.254,-8.42655],"tipVelocity":[30.5821,307.937,-122.28],"tool":false,"touchDistance":0.127869,"touchZone":"hovering","type":0,"width":19.7488},{"bases":[[[0.721212,-0.683187,-0.114495],[0.679547,0.665698,0.308321],[-0.134422,-0.30017,0.944367]],[[0.716992,-0.691638,-0.0869487],[0.678869,0.721132,-0.138226],[0.158304,0.0400802,0.986577]],[[0.716992,-0.691638,-0.0869487],[0.63935,0.702178,-0.313334],[0.277767,0.169067,0.945654]],[[0.716992,-0.691638,-0.0869487],[0.600274,0.676011,-0.427411],[0.354392,0.254257,0.899867]]],"btipPosition":[-19.3711,320.615,-59.0535],"carpPosition":[-9.93023,308.979,87.3257],"dipPosition":[-13.466,324.851,-44.0592],"direction":[-0.277767,-0.169067,-0.945654],"extended":true,"handId":987,"id":9871,"length":57.352,"mcpPosition":[-0.285609,330.516,19.5686],"pipPosition":[-6.9184,328.837,-21.7681],"stabilizedTipPosition":[-18.1551,320.536,-55.4233],"timeVisible":27.0926,"tipPosition":[-17.5639,322.458,-55.6812],"tipVelocity":[69.9924,374.986,-109.78],"tool":false,"touchDistance":0.211019,"touchZone":"hovering","type":1,"width":18.8641},{"bases":[[[0.569936,-0.820868,-0.0367273],[0.788577,0.533861,0.305184],[-0.230909,-0.202898,0.951585]],[[0.559401,-0.828885,0.00451857],[0.632588,0.423388,-0.648517],[0.535633,0.365639,0.761186]],[[0.559401,-0.828885,0.00451857],[-0.0594711,-0.0455721,-0.997189],[0.826761,0.55756,-0.0747878]],[[0.559401,-0.828885,0.00451857],[-0.451147,-0.309036,-0.837236],[0.695368,0.466312,-0.546824]]],"btipPosition":[-45.2969,274.75,-2.4979],"carpPosition":[-0.157317,302.141,85.9349],"dipPosition":[-32.553,283.296,-12.5195],"direction":[-0.826761,-0.55756,0.0747878],"extended":false,"handId":987,"id":9872,"length":65.348,"mcpPosition":[15.554,315.946,21.1879],"pipPosition":[-9.62474,298.758,-14.5935],"stabilizedTipPosition":[-42.7623,273.109,-3.06992],"timeVisible":27.0926,"tipPosition":[-42.0921,276.871,-5.62594],"tipVelocity":[37.1112,323.528,-167.229],"tool":false,"touchDistance":0.333333,"touchZone":"none","type":2,"width":18.527},{"bases":[[[0.468665,-0.879673,0.0808057],[0.819519,0.46711,0.331959],[-0.329761,-0.0893559,0.939826]],[[0.471872,-0.878755,0.0715964],[0.667447,0.302983,-0.680232],[0.576065,0.368769,0.729492]],[[0.471872,-0.878755,0.0715964],[-0.0697119,-0.118138,-0.990547],[0.878907,0.46242,-0.117006]],[[0.471872,-0.878755,0.0715964],[-0.471043,-0.319916,-0.822053],[0.745289,0.354179,-0.564891]]],"btipPosition":[-34.7668,263.429,9.25754],"carpPosition":[7.51476,292.985,85.0037],"dipPosition":[-21.1865,269.882,-1.03566],"direction":[-0.878907,-0.46242,0.117006],"extended":false,"handId":987,"id":9873,"length":62.8339,"mcpPosition":[27.6597,298.444,27.59],"pipPosition":[2.55841,282.375,-4.19674],"stabilizedTipPosition":[-32.2093,259.501,9.90729],"timeVisible":27.0926,"tipPosition":[-31.403,264.964,6.10122],"tipVelocity":[30.3468,303.94,-176.053],"tool":false,"touchDistance":0.333333,"touchZone":"none","type":3,"width":17.6296},{"bases":[[[0.285455,-0.949109,0.13307],[0.850062,0.314861,0.422205],[-0.442617,-0.00740296,0.89668]],[[0.287446,-0.949066,0.129028],[0.769339,0.14854,-0.621333],[0.57052,0.277866,0.77285]],[[0.287446,-0.949066,0.129028],[-0.00370919,-0.135815,-0.990727],[0.95779,0.284302,-0.0425599]],[[0.287446,-0.949066,0.129028],[-0.443181,-0.251216,-0.860512],[0.849097,0.190168,-0.492819]]],"btipPosition":[-17.4424,261.525,15.9596],"carpPosition":[9.7445,279.308,84.2217],"dipPosition":[-3.16888,264.722,7.67519],"direction":[-0.95779,-0.284302,0.0425599],"extended":false,"handId":987,"id":9874,"length":49.2606,"mcpPosition":[34.7745,279.727,33.5144],"pipPosition":[15.1007,270.145,6.86337],"stabilizedTipPosition":[-14.7393,256.22,17.2935],"timeVisible":27.0926,"tipPosition":[-13.7452,262.237,13.1312],"tipVelocity":[24.6595,287.297,-166.387],"tool":false,"touchDistance":0.333333,"touchZone":"none","type":4,"width":15.66}],"r":[[0.892382,-0.0717911,0.445534],[0.209576,0.940274,-0.268259],[-0.399665,0.332763,0.854129]],"s":1.06423,"t":[6.49728,-0.379289,-46.1191],"timestamp":669550341062},false],[2,{"currentFrameRate":53.0406,"devices":[],"gestures":[],"hands":[{"armBasis":[[0.635526,-0.758746,-0.142869],[0.727127,0.650406,-0.219676],[0.259601,0.0357265,0.965055]],"armWidth":62.1429,"confidence":0.524897,"direction":[0.358202,0.290029,-0.887454],"elbow":[63.6965,298.759,341.898],"grabStrength":0.0875179,"id":987,"palmNormal":[-0.648938,-0.606043,-0.459991],"palmPosition":[6.47901,307.579,38.8935],"palmVelocity":[29.4746,208.406,-123.628],"palmWidth":88.738,"pinchStrength":0.768441,"r":[[0.8888,-0.087261,0.449911],[0.219395,0.94292,-0.250535],[-0.402368,0.321384,0.857212]],"s":1.06312,"sphereCenter":[-12.0467,268.456,1.61125],"sphereRadius":50.649,"stabilizedPalmPosition":[5.86064,303.551,41.2387],"t":[7.04775,3.52806,-48.442],"timeVisible":27.1115,"type":"right","wrist":[-4.66102,289.352,87.7826]}],"id":4973260,"interactionBox":{"center":[0,200,0],"size":[235.247,235.247,147.751]},"pointables":[{"bases":[[[0.920432,0.30061,0.249876],[-0.389794,0.753931,0.528818],[-0.0294211,-0.584142,0.811118]],[[0.888516,0.458844,0.000758952],[-0.433611,0.839111,0.328442],[0.150067,-0.292155,0.944524]],[[0.888516,0.458844,0.000758952],[-0.458549,0.888002,-0.0344259],[-0.0164701,0.0302399,0.999407]],[[0.888516,0.458844,0.000758952],[-0.448556,0.868941,-0.209137],[-0.096621,0.185482,0.977886]]],"btipPosition":[-35.9064,311.577,-16.4366],"carpPosition":[-31.3538,302.593,85.0965],"dipPosition":[-38.1117,315.81,5.88307],"direction":[0.0164701,-0.0302399,-0.999407],"extended":false,"handId":987,"id":9870,"length":50.8265,"mcpPosition":[-31.3538,302.593,85.0965],"pipPosition":[-38.6594,316.816,39.1151],"stabilizedTipPosition":[-36.5244,311.187,-10.5243],"timeVisible":27.1115,"tipPosition":[-35.542,313.089,-11.1317],"tipVelocity":[23.9375,256.811,-133.28],"tool":false,"touchDistance":0.112747,"touchZone":"hovering","type":0,"width":19.7488},{"bases":[[[0.721859,-0.681461,-0.120541],[0.677421,0.660198,0.324406],[-0.141489,-0.315833,0.938206]],[[0.717276,-0.690653,-0.092263],[0.68057,0.722814,-0.119851],[0.149465,0.0231752,0.988495]],[[0.717276,-0.690653,-0.092263],[0.643615,0.707439,-0.292044],[0.266972,0.150095,0.951944]],[[0.717276,-0.690653,-0.092263],[0.606695,0.684156,-0.404785],[0.342689,0.234367,0.909745]]],"btipPosition":[-18.075,325.597,-61.4962],"carpPosition":[-9.96106,311.351,84.8343],"dipPosition":[-12.3649,329.502,-46.3373],"direction":[-0.266972,-0.150095,-0.951944],"extended":true,"handId":987,"id":9871,"length":57.352,"mcpPosition":[0.190634,334.011,17.5192],"pipPosition":[-6.07181,333.04,-23.8979],"stabilizedTipPosition":[-16.9082,325.869,-57.7378],"timeVisible":27.1115,"tipPosition":[-16.4284,327.242,-58.0276],"tipVelocity":[68.257,319.007,-118.547],"tool":false,"touchDistance":0.204055,"touchZone":"hovering","type":1,"width":18.8641},{"bases":[[[0.569975,-0.820362,-0.0462028],[0.786437,0.52839,0.319876],[-0.238001,-0.218657,0.946332]],[[0.559075,-0.829102,-0.00496513],[0.639063,0.434728,-0.634516],[0.528237,0.351569,0.772894]],[[0.559075,-0.829102,-0.00496513],[-0.0491117,-0.0271375,-0.998425],[0.827661,0.558438,-0.0558905]],[[0.559075,-0.829102,-0.00496513],[-0.442729,-0.293464,-0.847272],[0.701018,0.475887,-0.531137]]],"btipPosition":[-44.6178,278.676,-6.03542],"carpPosition":[-0.179919,304.533,83.4019],"dipPosition":[-31.7703,287.397,-15.7695],"direction":[-0.827661,-0.558438,0.0558905],"extended":false,"handId":987,"id":9872,"length":65.348,"mcpPosition":[16.014,319.411,19.0123],"pipPosition":[-8.81709,302.884,-17.3195],"stabilizedTipPosition":[-42.0532,277.993,-6.42649],"timeVisible":27.1115,"tipPosition":[-41.4234,280.825,-8.95294],"tipVelocity":[37.2184,268.306,-175.601],"tool":false,"touchDistance":0.333333,"touchZone":"none","type":2,"width":18.527},{"bases":[[[0.467822,-0.88108,0.06958],[0.817162,0.461189,0.345762],[-0.336733,-0.104897,0.935739]],[[0.471531,-0.879861,0.0591862],[0.676345,0.317764,-0.664517],[0.565876,0.353371,0.744925]],[[0.471531,-0.879861,0.0591862],[-0.0564544,-0.0970968,-0.993673],[0.88004,0.465207,-0.0954562]],[[0.471531,-0.879861,0.0591862],[-0.461352,-0.303331,-0.833753],[0.75154,0.365835,-0.548956]]],"btipPosition":[-34.0597,267.167,5.3333],"carpPosition":[7.49643,295.391,82.3748],"dipPosition":[-20.3655,273.833,-4.66953],"direction":[-0.88004,-0.465207,0.0954562],"extended":false,"handId":987,"id":9873,"length":62.8339,"mcpPosition":[28.0674,301.799,25.2108],"pipPosition":[3.41002,286.402,-7.24841],"stabilizedTipPosition":[-31.5002,264.522,6.15497],"timeVisible":27.1115,"tipPosition":[-30.7512,268.741,2.50711],"tipVelocity":[34.5498,253.652,-190.137],"tool":false,"touchDistance":0.333333,"touchZone":"none","type":3,"width":17.6296},{"bases":[[[0.284211,-0.951308,0.119321],[0.846996,0.307443,0.433678],[-0.449246,-0.0221916,0.893133]],[[0.286438,-0.951186,0.114887],[0.774103,0.159103,-0.612741],[0.564551,0.264446,0.781889]],[[0.286438,-0.951186,0.114887],[0.00367763,-0.118819,-0.992909],[0.958092,0.284829,-0.030536]],[[0.286438,-0.951186,0.114887],[-0.43697,-0.236409,-0.867853],[0.852649,0.198384,-0.483356]]],"btipPosition":[-16.9434,265.096,12.6196],"carpPosition":[9.72829,281.728,81.3812],"dipPosition":[-2.6102,268.431,4.49427],"direction":[-0.958092,-0.284829,0.030536],"extended":false,"handId":987,"id":9874,"length":49.2606,"mcpPosition":[35.1332,282.983,30.8745],"pipPosition":[15.6651,273.864,3.91181],"stabilizedTipPosition":[-14.177,261.182,13.9266],"timeVisible":27.1115,"tipPosition":[-13.239,265.855,9.85363],"tipVelocity":[25.915,240.351,-170.807],"tool":false,"touchDistance":0.333333,"touchZone":"none","type":4,"width":15.66}],"r":[[0.8888,-0.087261,0.449911],[0.219395,0.94292,-0.250535],[-0.402368,0.321384,0.857212]],"s":1.06312,"t":[7.04775,3.52806,-48.442],"timestamp":669550359893},false],[3,{"currentFrameRate":52.9719,"devices":[],"gestures":[],"hands":[{"armBasis":[[0.61329,-0.773521,-0.159814],[0.735484,0.633032,-0.241525],[0.287992,0.0305841,0.957144]],"armWidth":62.1429,"confidence":0.525387,"direction":[0.366844,0.293518,-0.882764],"elbow":[70.6702,300.639,336.569],"grabStrength":0.0837116,"id":987,"palmNormal":[-0.659289,-0.587447,-0.469301],"palmPosition":[6.49949,311.175,35.9061],"palmVelocity":[15.4299,198.343,-139.737],"palmWidth":88.738,"pinchStrength":0.769046,"r":[[0.885128,-0.10428,0.453513],[0.231081,0.944413,-0.23385],[-0.403917,0.311785,0.860024]],"s":1.0629,"sphereCenter":[-12.5725,272.718,-1.96747],"sphereRadius":50.8122,"stabilizedPalmPosition":[6.1775,307.332,38.5938],"t":[7.33322,7.28,-51.0971],"timeVisible":27.1306,"type":"right","wrist":[-5.163,292.586,84.5362]}],"id":4973261,"interactionBox":{"center":[0,200,0],"size":[235.247,235.247,147.751]},"pointables":[{"bases":[[[0.925373,0.279232,0.256348],[-0.37653,0.755106,0.536694],[-0.0437079,-0.593164,0.803894]],[[0.896384,0.443248,0.00524582],[-0.418943,0.843245,0.336787],[0.144857,-0.304088,0.941566]],[[0.896384,0.443248,0.00524582],[-0.443088,0.896282,-0.0187599],[-0.013017,0.0144917,0.99981]],[[0.896384,0.443248,0.00524582],[-0.433955,0.879882,-0.193627],[-0.0904405,0.171288,0.981061]]],"btipPosition":[-36.1337,316.799,-19.5471],"carpPosition":[-31.5788,306.387,81.9279],"dipPosition":[-38.1979,320.708,2.84498],"direction":[0.013017,-0.0144917,-0.99981],"extended":false,"handId":987,"id":9870,"length":50.8265,"mcpPosition":[-31.5788,306.387,81.9279],"pipPosition":[-38.6308,321.19,36.0904],"stabilizedTipPosition":[-36.5887,316.169,-13.4871],"timeVisible":27.1306,"tipPosition":[-35.6401,318.125,-14.2156],"tipVelocity":[7.06411,262.91,-147.368],"tool":false,"touchDistance":0.093252,"touchZone":"hovering","type":0,"width":19.7488},{"bases":[[[0.708602,-0.694169,-0.126542],[0.689294,0.642653,0.334471],[-0.150857,-0.324231,0.933872]],[[0.703567,-0.703917,-0.0974375],[0.695811,0.710245,-0.106768],[0.144361,0.00732069,0.989498]],[[0.703567,-0.703917,-0.0974375],[0.6608,0.698494,-0.274682],[0.261413,0.12887,0.956586]],[[0.703567,-0.703917,-0.0974375],[0.62552,0.678522,-0.385141],[0.33722,0.210023,0.9177]]],"btipPosition":[-17.0217,331.139,-64.4655],"carpPosition":[-10.0159,314.72,81.8379],"dipPosition":[-11.4027,334.639,-49.1741],"direction":[-0.261413,-0.12887,-0.956586],"extended":true,"handId":987,"id":9871,"length":57.352,"mcpPosition":[0.807951,337.983,14.8338],"pipPosition":[-5.24063,337.676,-26.6253],"stabilizedTipPosition":[-15.8563,331.29,-60.6027],"timeVisible":27.1306,"tipPosition":[-15.5259,332.53,-60.9078],"tipVelocity":[61.1979,302.14,-135.912],"tool":false,"touchDistance":0.186573,"touchZone":"hovering","type":1,"width":18.8641},{"bases":[[[0.553746,-0.830909,-0.0543614],[0.795688,0.50877,0.328684],[-0.245449,-0.225262,0.942874]],[[0.542491,-0.839959,-0.0131077],[0.650534,0.42992,-0.626078],[0.531515,0.331115,0.77965]],[[0.542491,-0.839959,-0.0131077],[-0.0445906,-0.0132108,-0.998918],[0.838877,0.542489,-0.044621]],[[0.542491,-0.839959,-0.0131077],[-0.444266,-0.273618,-0.853089],[0.712974,0.468617,-0.521601]]],"btipPosition":[-44.9824,283.856,-9.65347],"carpPosition":[-0.367118,307.727,80.3535],"dipPosition":[-31.9158,292.444,-19.2128],"direction":[-0.838877,-0.542489,0.044621],"extended":false,"handId":987,"id":9872,"length":65.348,"mcpPosition":[16.3336,323.054,16.1991],"pipPosition":[-8.6516,307.489,-20.4502],"stabilizedTipPosition":[-42.0046,282.999,-9.89139],"timeVisible":27.1306,"tipPosition":[-41.7572,285.962,-12.446],"tipVelocity":[10.6898,268.779,-181.275],"tool":false,"touchDistance":0.333333,"touchZone":"none","type":2,"width":18.527},{"bases":[[[0.450022,-0.890975,0.0603609],[0.824988,0.440665,0.35385],[-0.34187,-0.109443,0.933353]],[[0.454196,-0.889561,0.0488668],[0.687814,0.315269,-0.653847],[0.566231,0.330586,0.755047]],[[0.454196,-0.889561,0.0488668],[-0.0500355,-0.0802349,-0.995519],[0.889496,0.449716,-0.080952]],[[0.454196,-0.889561,0.0488668],[-0.461309,-0.281754,-0.841314],[0.762168,0.359579,-0.538333]]],"btipPosition":[-34.5771,272.027,1.31745],"carpPosition":[7.12982,298.447,79.2396],"dipPosition":[-20.6892,278.579,-8.49183],"direction":[-0.889496,-0.449716,0.080952],"extended":false,"handId":987,"id":9873,"length":62.8339,"mcpPosition":[28.0146,305.133,22.2214],"pipPosition":[3.34175,290.728,-10.6789],"stabilizedTipPosition":[-31.4378,269.315,2.38223],"timeVisible":27.1306,"tipPosition":[-31.2904,273.557,-1.26132],"tipVelocity":[5.2412,253.184,-198.797],"tool":false,"touchDistance":0.333333,"touchZone":"none","type":3,"width":17.6296},{"bases":[[[0.26489,-0.958135,0.108679],[0.851473,0.285309,0.439991],[-0.452577,-0.0240117,0.891402]],[[0.267836,-0.957958,0.102864],[0.78072,0.153232,-0.605802],[0.564571,0.242563,0.788938]],[[0.267836,-0.957958,0.102864],[0.00721749,-0.104767,-0.994471],[0.963438,0.267097,-0.0211462]],[[0.267836,-0.957958,0.102864],[-0.437178,-0.215978,-0.873057],[0.858568,0.188866,-0.476645]]],"btipPosition":[-17.5918,269.479,8.88888],"carpPosition":[9.09359,284.755,78.0877],"dipPosition":[-3.15913,272.654,0.876393],"direction":[-0.963438,-0.267097,0.0211462],"extended":false,"handId":987,"id":9874,"length":49.2606,"mcpPosition":[34.6869,286.113,27.6788],"pipPosition":[15.2182,277.749,0.473035],"stabilizedTipPosition":[-14.2244,265.667,10.5086],"timeVisible":27.1306,"tipPosition":[-13.9168,270.206,6.26171],"tipVelocity":[-3.07225,233.879,-182.133],"tool":false,"touchDistance":0.333333,"touchZone":"none","type":4,"width":15.66}],"r":[[0.885128,-0.10428,0.453513],[0.231081,0.944413,-0.23385],[-0.403917,0.311785,0.860024]],"s":1.0629,"t":[7.33322,7.28,-51.0971],"timestamp":669550379018},false],[4,{"currentFrameRate":52.9355,"devices":[],"gestures":[],"hands":[{"armBasis":[[0.612995,-0.778289,-0.136028],[0.746996,0.62699,-0.22109],[0.25736,0.0339143,0.96572]],"armWidth":62.1429,"confidence":0.476803,"direction":[0.360867,0.305774,-0.881066],"elbow":[63.1494,303.008,334.138],"grabStrength":0.0788182,"id":987,"palmNormal":[-0.676088,-0.564969,-0.472984],"palmPosition":[6.76236,313.497,31.475],"palmVelocity":[14.6366,160.772,-185.652],"palmWidth":88.738,"pinchStrength":0.777463,"r":[[0.882793,-0.123097,0.453348],[0.243258,0.945378,-0.216994],[-0.401874,0.301841,0.864517]],"s":1.06291,"sphereCenter":[-13.4573,276.218,-6.97678],"sphereRadius":50.8454,"stabilizedPalmPosition":[6.1775,307.332,38.5938],"t":[7.60739,10.317,-54.6402],"timeVisible":27.1496,"type":"right","wrist":[-4.61806,294.077,79.8466]}],"id":4973262,"interactionBox":{"center":[0,200,0],"size":[235.247,235.247,147.751]},"pointables":[{"bases":[[[0.933629,0.256608,0.249978],[-0.355478,0.750094,0.557669],[-0.0444047,-0.609518,0.791528]],[[0.903489,0.42861,-0.000586049],[-0.400043,0.84376,0.35782],[0.15386,-0.323052,0.93379]],[[0.903489,0.42861,-0.000586049],[-0.428593,0.903464,0.00777485],[0.00386185,-0.00677332,0.99997]],[[0.903489,0.42861,-0.000586049],[-0.422442,0.890254,-0.170265],[-0.0724557,0.15408,0.985398]]],"btipPosition":[-36.7687,320.848,-23.3163],"carpPosition":[-30.8038,308.413,77.8844],"dipPosition":[-38.4224,324.365,-0.825259],"direction":[-0.00386185,0.00677332,-0.99997],"extended":false,"handId":987,"id":9870,"length":50.8265,"mcpPosition":[-30.8038,308.413,77.8844],"pipPosition":[-38.294,324.14,32.4255],"stabilizedTipPosition":[-36.9889,320.088,-16.8124],"timeVisible":27.1496,"tipPosition":[-36.1457,322.116,-17.9632],"tipVelocity":[-10.4142,235.926,-171.795],"tool":false,"touchDistance":0.049579,"touchZone":"hovering","type":0,"width":19.7488},{"bases":[[[0.693872,-0.704143,-0.150744],[0.705379,0.622521,0.33898],[-0.14485,-0.34154,0.928638]],[[0.688866,-0.714742,-0.120863],[0.708236,0.699153,-0.0979124],[0.154484,-0.018151,0.987829]],[[0.688866,-0.714742,-0.120863],[0.672526,0.692378,-0.261382],[0.270504,0.0987736,0.957639]],[[0.688866,-0.714742,-0.120863],[0.637118,0.676509,-0.369345],[0.345751,0.177425,0.921399]]],"btipPosition":[-17.3098,336.33,-68.2574],"carpPosition":[-9.09235,316.35,77.687],"dipPosition":[-11.5487,339.287,-52.9044],"direction":[-0.270503,-0.0987736,-0.957639],"extended":true,"handId":987,"id":9871,"length":57.352,"mcpPosition":[1.30043,340.855,11.0584],"pipPosition":[-5.1723,341.615,-30.3307],"stabilizedTipPosition":[-15.9663,336.188,-64.1332],"timeVisible":27.1496,"tipPosition":[-15.9123,337.442,-64.6329],"tipVelocity":[24.4368,284.509,-166.792],"tool":false,"touchDistance":0.151248,"touchZone":"hovering","type":1,"width":18.8641},{"bases":[[[0.537438,-0.839551,-0.0794596],[0.80918,0.486866,0.328921],[-0.23746,-0.241072,0.941009]],[[0.526492,-0.849328,-0.0380581],[0.651571,0.43185,-0.623667],[0.546134,0.303558,0.780763]],[[0.526492,-0.849328,-0.0380581],[-0.0556265,0.0102555,-0.998399],[0.848359,0.527766,-0.0418457]],[[0.526492,-0.849328,-0.0380581],[-0.458813,-0.246158,-0.853754],[0.715749,0.466956,-0.519283]]],"btipPosition":[-45.7553,288.154,-14.1262],"carpPosition":[0.404665,309.214,75.9255],"dipPosition":[-32.6378,296.711,-23.643],"direction":[-0.848359,-0.527766,0.0418457],"extended":false,"handId":987,"id":9872,"length":65.348,"mcpPosition":[16.5617,325.617,11.8981],"pipPosition":[-9.11063,311.348,-24.8035],"stabilizedTipPosition":[-42.4342,287.169,-13.6523],"timeVisible":27.1496,"tipPosition":[-42.5539,290.24,-16.8179],"tipVelocity":[-14.2871,247.486,-207.554],"tool":false,"touchDistance":0.333333,"touchZone":"none","type":2,"width":18.527},{"bases":[[[0.434097,-0.900173,0.0353158],[0.837528,0.417706,0.352233],[-0.331822,-0.123325,0.935246]],[[0.438194,-0.898569,0.0236709],[0.686159,0.317368,-0.654571],[0.580665,0.303071,0.75563]],[[0.438194,-0.898569,0.0236709],[-0.0627379,-0.056843,-0.99641],[0.896688,0.435136,-0.0812826]],[[0.438194,-0.898569,0.0236709],[-0.476295,-0.254441,-0.841666],[0.762318,0.357539,-0.539479]]],"btipPosition":[-35.4341,275.883,-3.51927],"carpPosition":[7.71264,299.826,74.5141],"dipPosition":[-21.5435,282.398,-13.3494],"direction":[-0.896688,-0.435136,0.0812826],"extended":false,"handId":987,"id":9873,"length":62.8339,"mcpPosition":[27.9836,307.359,17.3803],"pipPosition":[2.6818,294.153,-15.5454],"stabilizedTipPosition":[-31.8077,273.038,-1.38516],"timeVisible":27.1496,"tipPosition":[-32.1724,277.402,-6.03915],"tipVelocity":[-19.5177,228.103,-226.248],"tool":false,"touchDistance":0.333333,"touchZone":"none","type":3,"width":17.6296},{"bases":[[[0.248384,-0.964957,0.0846352],[0.862222,0.260064,0.434672],[-0.44145,-0.034991,0.896603]],[[0.251594,-0.964677,0.0781005],[0.776239,0.152932,-0.611608],[0.57806,0.214501,0.787297]],[[0.251594,-0.964677,0.0781005],[-0.00651557,-0.0823826,-0.996579],[0.967811,0.250224,-0.0270124]],[[0.251594,-0.964677,0.0781005],[-0.451781,-0.188425,-0.872004],[0.855918,0.184106,-0.483229]]],"btipPosition":[-18.4125,272.842,3.82986],"carpPosition":[9.40622,286.128,73.0436],"dipPosition":[-4.02433,275.937,-4.29331],"direction":[-0.967811,-0.250224,0.0270124],"extended":false,"handId":987,"id":9874,"length":49.2606,"mcpPosition":[34.3703,288.107,22.3406],"pipPosition":[14.4364,280.71,-4.80857],"stabilizedTipPosition":[-14.5826,268.881,7.02475],"timeVisible":27.1496,"tipPosition":[-14.785,273.561,1.22834],"tipVelocity":[-23.076,205.281,-224.084],"tool":false,"touchDistance":0.333333,"touchZone":"none","type":4,"width":15.66}],"r":[[0.882793,-0.123097,0.453348],[0.243258,0.945378,-0.216994],[-0.401874,0.301841,0.864517]],"s":1.06291,"t":[7.60739,10.317,-54.6402],"timestamp":669550398040},false],[5,{"currentFrameRate":52.9613,"devices":[],"gestures":[],"hands":[{"armBasis":[[0.588309,-0.792988,-0.158309],[0.75967,0.609081,-0.227863],[0.277116,0.0137915,0.960738]],"armWidth":62.1429,"confidence":0.495181,"direction":[0.365768,0.302283,-0.880249],"elbow":[68.4354,299.813,329.676],"grabStrength":0.0703427,"id":987,"palmNormal":[-0.69068,-0.545787,-0.474423],"palmPosition":[7.18096,315.611,28.409],"palmVelocity":[18.369,137.199,-174.679],"palmWidth":88.738,"pinchStrength":0.776225,"r":[[0.880336,-0.142882,0.452319],[0.257399,0.944849,-0.202502],[-0.398439,0.294696,0.868562]],"s":1.06424,"sphereCenter":[-13.9874,279.074,-10.273],"sphereRadius":50.9388,"stabilizedPalmPosition":[6.43559,309.462,35.9742],"t":[7.95378,12.8924,-57.9448],"timeVisible":27.1684,"type":"right","wrist":[-4.5341,296.182,76.6967]}],"id":4973263,"interactionBox":{"center":[0,200,0],"size":[235.247,235.247,147.751]},"pointables":[{"bases":[[[0.940167,0.232678,0.24889],[-0.335926,0.755059,0.563062],[-0.0569144,-0.612981,0.788045]],[[0.912584,0.408872,-0.0038404],[-0.379356,0.850135,0.365184],[0.152578,-0.331804,0.930928]],[[0.912584,0.408872,-0.0038404],[-0.408718,0.912432,0.0204548],[0.0118675,-0.0170971,0.999783]],[[0.912584,0.408872,-0.0038404],[-0.404099,0.900416,-0.161104],[-0.0624128,0.148572,0.98693]]],"btipPosition":[-36.7717,324.482,-26.1984],"carpPosition":[-30.3738,311.152,74.8918],"dipPosition":[-38.1962,327.873,-3.6723],"direction":[-0.0118675,0.0170971,-0.999783],"extended":false,"handId":987,"id":9870,"length":50.8265,"mcpPosition":[-30.3738,311.152,74.8918],"pipPosition":[-37.8016,327.305,29.5722],"stabilizedTipPosition":[-37.0621,323.517,-19.5989],"timeVisible":27.1684,"tipPosition":[-36.0233,325.596,-20.8583],"tipVelocity":[-4.03657,214.41,-162.596],"tool":false,"touchDistance":0.0148867,"touchZone":"hovering","type":0,"width":19.7488},{"bases":[[[0.676395,-0.719652,-0.156815],[0.720989,0.603417,0.340679],[-0.150545,-0.343496,0.927009]],[[0.67103,-0.730648,-0.125985],[0.725625,0.682074,-0.0907969],[0.152271,-0.0304902,0.987868]],[[0.67103,-0.730648,-0.125985],[0.691597,0.678071,-0.248823],[0.267229,0.0798373,0.96032]],[[0.67103,-0.730648,-0.125985],[0.657731,0.66505,-0.353691],[0.34221,0.154474,0.926839]]],"btipPosition":[-16.0588,340.034,-71.3023],"carpPosition":[-8.47893,318.567,74.6808],"dipPosition":[-10.3567,342.608,-55.8586],"direction":[-0.267229,-0.0798373,-0.96032],"extended":true,"handId":987,"id":9871,"length":57.352,"mcpPosition":[2.32251,343.213,8.16904],"pipPosition":[-4.05751,344.49,-33.2217],"stabilizedTipPosition":[-14.9885,339.748,-67.0345],"timeVisible":27.1684,"tipPosition":[-14.8529,340.862,-67.5986],"tipVelocity":[44.6662,239.545,-163.937],"tool":false,"touchDistance":0.119512,"touchZone":"hovering","type":1,"width":18.8641},{"bases":[[[0.516949,-0.851696,-0.0858956],[0.821482,0.465377,0.329533],[-0.240688,-0.240913,0.940229]],[[0.505871,-0.861461,-0.0444889],[0.66028,0.41989,-0.622674],[0.55509,0.285618,0.781216]],[[0.505871,-0.861461,-0.0444889],[-0.057693,0.0176707,-0.998178],[0.860677,0.507516,-0.0407611]],[[0.505871,-0.861461,-0.0444889],[-0.466629,-0.22991,-0.854048],[0.725501,0.452798,-0.518288]]],"btipPosition":[-46.042,291.81,-17.2173],"carpPosition":[0.839653,311.217,72.851],"dipPosition":[-32.7458,300.108,-26.7159],"direction":[-0.860677,-0.507516,0.0407611],"extended":false,"handId":987,"id":9872,"length":65.348,"mcpPosition":[17.2164,327.609,8.87664],"pipPosition":[-8.87699,314.183,-27.8463],"stabilizedTipPosition":[-42.7308,290.703,-16.7548],"timeVisible":27.1684,"tipPosition":[-42.8056,293.83,-19.8838],"tipVelocity":[-13.6935,220.107,-186.426],"tool":false,"touchDistance":0.333333,"touchZone":"none","type":2,"width":18.527},{"bases":[[[0.412488,-0.910507,0.0288075],[0.848225,0.395421,0.352358],[-0.332216,-0.120908,0.935422]],[[0.416634,-0.908915,0.0170398],[0.693826,0.305818,-0.651982],[0.587385,0.283461,0.758043]],[[0.416634,-0.908915,0.0170398],[-0.0637747,-0.0479212,-0.996813],[0.906835,0.414219,-0.0779314]],[[0.416634,-0.908915,0.0170398],[-0.482695,-0.237067,-0.843093],[0.770339,0.343036,-0.537498]]],"btipPosition":[-35.9191,279.258,-6.91191],"carpPosition":[7.91674,301.664,71.364],"dipPosition":[-21.8823,285.509,-16.706],"direction":[-0.906835,-0.414219,0.0779314],"extended":false,"handId":987,"id":9873,"length":62.8339,"mcpPosition":[28.2117,309.051,14.2194],"pipPosition":[2.61712,296.699,-18.8114],"stabilizedTipPosition":[-32.1587,276.083,-4.47825],"timeVisible":27.1684,"tipPosition":[-32.6583,280.703,-9.3235],"tipVelocity":[-21.7171,202.854,-203.722],"tool":false,"touchDistance":0.333333,"touchZone":"none","type":3,"width":17.6296},{"bases":[[[0.225406,-0.971117,0.0782603],[0.869351,0.236744,0.433798],[-0.439797,-0.029745,0.897605]],[[0.228833,-0.970855,0.0712487],[0.778314,0.138508,-0.612407],[0.58469,0.195593,0.787325]],[[0.228833,-0.970855,0.0712487],[-0.0107498,-0.0757065,-0.997072],[0.973406,0.227397,-0.0277607]],[[0.228833,-0.970855,0.0712487],[-0.458301,-0.172016,-0.871993],[0.858834,0.166888,-0.484306]]],"btipPosition":[-19.0189,275.734,0.569148],"carpPosition":[9.27763,287.939,69.8081],"dipPosition":[-4.58177,278.539,-7.57213],"direction":[-0.973406,-0.227397,0.0277607],"extended":false,"handId":987,"id":9874,"length":49.2606,"mcpPosition":[34.1482,289.621,19.0485],"pipPosition":[13.9857,282.876,-8.10166],"stabilizedTipPosition":[-14.9523,271.366,4.265],"timeVisible":27.1684,"tipPosition":[-15.3958,276.383,-2.00906],"tipVelocity":[-27.2769,178.456,-199.51],"tool":false,"touchDistance":0.333333,"touchZone":"none","type":4,"width":15.66}],"r":[[0.880336,-0.142882,0.452319],[0.257399,0.944849,-0.202502],[-0.398439,0.294696,0.868562]],"s":1.06424,"t":[7.95378,12.8924,-57.9448],"timestamp":669550416829},false],[6,{"currentFrameRate":52.9402,"devices":[],"gestures":[],"hands":[{"armBasis":[[0.579254,-0.797105,-0.170551],[0.763182,0.603833,-0.230086],[0.286387,0.00311662,0.958109]],"armWidth":62.1429,"confidence":0.519808,"direction":[0.367052,0.303932,-0.879146],"elbow":[70.8427,298.725,325.75],"grabStrength":0.058951,"id":987,"palmNormal":[-0.695363,-0.538107,-0.476352],"palmPosition":[7.23942,317.488,25.2598],"palmVelocity":[10.8544,118.412,-170.439],"palmWidth":88.738,"pinchStrength":0.779537,"r":[[0.878029,-0.160465,0.450907],[0.270084,0.943901,-0.190013],[-0.395121,0.28862,0.872111]],"s":1.06644,"sphereCenter":[-14.2588,281.466,-13.622],"sphereRadius":50.943,"stabilizedPalmPosition":[6.59355,311.039,33.8688],"t":[8.1562,15.1187,-61.1717],"timeVisible":27.1874,"type":"right","wrist":[-4.56805,297.905,73.4628]}],"id":4973264,"interactionBox":{"center":[0,200,0],"size":[235.247,235.247,147.751]},"pointables":[{"bases":[[[0.942198,0.224251,0.248947],[-0.329516,0.754741,0.567261],[-0.0606818,-0.616504,0.78501]],[[0.915087,0.403226,-0.00492807],[-0.37291,0.850814,0.370207],[0.15347,-0.336934,0.928936]],[[0.915087,0.403226,-0.00492807],[-0.402954,0.914806,0.0275283],[0.0156083,-0.023205,0.999609]],[[0.915087,0.403226,-0.00492807],[-0.398819,0.903144,-0.158979],[-0.0596537,0.147445,0.98727]]],"btipPosition":[-36.9236,326.889,-29.2312],"carpPosition":[-30.2949,313.08,71.764],"dipPosition":[-38.2852,330.255,-6.69738],"direction":[-0.0156083,0.023205,-0.999609],"extended":false,"handId":987,"id":9870,"length":50.8265,"mcpPosition":[-30.2949,313.08,71.764],"pipPosition":[-37.7662,329.483,26.5414],"stabilizedTipPosition":[-37.0621,323.517,-19.5989],"timeVisible":27.1874,"tipPosition":[-36.1561,327.987,-23.905],"tipVelocity":[-5.61492,171.25,-161.233],"tool":false,"touchDistance":-0.0856308,"touchZone":"hovering","type":0,"width":19.7488},{"bases":[[[0.670711,-0.72398,-0.161244],[0.725957,0.596179,0.342865],[-0.152097,-0.347019,0.925443]],[[0.665087,-0.735479,-0.129345],[0.732065,0.676339,-0.0815286],[0.147443,-0.0404652,0.988242]],[[0.665087,-0.735479,-0.129345],[0.700448,0.674458,-0.233407],[0.258904,0.0646368,0.963738]],[[0.665087,-0.735479,-0.129345],[0.66887,0.663729,-0.334778],[0.332072,0.136142,0.933377]]],"btipPosition":[-15.2456,343.131,-74.5114],"carpPosition":[-8.34446,320.33,71.5645],"dipPosition":[-9.71238,345.4,-58.9588],"direction":[-0.258904,-0.0646368,-0.963738],"extended":true,"handId":987,"id":9871,"length":57.352,"mcpPosition":[2.56829,345.228,5.1651],"pipPosition":[-3.60945,346.923,-36.2414],"stabilizedTipPosition":[-14.2486,342.593,-69.8759],"timeVisible":27.1874,"tipPosition":[-14.2847,343.678,-70.7235],"tipVelocity":[42.7812,200.245,-165.881],"tool":false,"touchDistance":0.0717951,"touchZone":"hovering","type":1,"width":18.8641},{"bases":[[[0.510344,-0.855163,-0.0908027],[0.825382,0.457436,0.330903],[-0.24144,-0.243821,0.939286]],[[0.499199,-0.865085,-0.0492869],[0.663534,0.418235,-0.620324],[0.557246,0.276961,0.782795]],[[0.499199,-0.865085,-0.0492869],[-0.0571755,0.0238708,-0.998079],[0.864599,0.501058,-0.0375454]],[[0.499199,-0.865085,-0.0492869],[-0.468152,-0.22141,-0.85546],[0.729132,0.450118,-0.515519]]],"btipPosition":[-46.1915,294.344,-20.5318],"carpPosition":[0.915729,312.918,69.6865],"dipPosition":[-32.8287,302.593,-29.9796],"direction":[-0.864599,-0.501058,0.0375454],"extended":false,"handId":987,"id":9872,"length":65.348,"mcpPosition":[17.3436,329.508,5.77635],"pipPosition":[-8.85115,316.489,-31.0209],"stabilizedTipPosition":[-42.9142,293.327,-19.5733],"timeVisible":27.1874,"tipPosition":[-42.9579,296.34,-23.1237],"tipVelocity":[-10.4399,177.299,-180.393],"tool":false,"touchDistance":0.333333,"touchZone":"none","type":2,"width":18.527},{"bases":[[[0.405569,-0.913756,0.0237259],[0.851618,0.387164,0.353344],[-0.332056,-0.1231,0.935193]],[[0.40969,-0.912145,0.0120286],[0.695567,0.303828,-0.651057],[0.590204,0.275098,0.758933]],[[0.40969,-0.912145,0.0120286],[-0.0651374,-0.0424037,-0.996975],[0.909896,0.407667,-0.0767871]],[[0.40969,-0.912145,0.0120286],[-0.485439,-0.229161,-0.843703],[0.772336,0.339818,-0.536676]]],"btipPosition":[-36.1694,281.647,-10.2036],"carpPosition":[7.91809,303.32,68.143],"dipPosition":[-22.0963,287.839,-19.9827],"direction":[-0.909896,-0.407667,0.0767871],"extended":false,"handId":987,"id":9873,"length":62.8339,"mcpPosition":[28.2033,310.84,11.0124],"pipPosition":[2.48584,298.853,-22.0572],"stabilizedTipPosition":[-32.4094,278.346,-7.06146],"timeVisible":27.1874,"tipPosition":[-32.9041,283.078,-12.6043],"tipVelocity":[-17.3148,164.71,-188.809],"tool":false,"touchDistance":0.333333,"touchZone":"none","type":3,"width":17.6296},{"bases":[[[0.218087,-0.973188,0.0730939],[0.871627,0.227921,0.433957],[-0.438982,-0.0309299,0.897964]],[[0.221845,-0.972887,0.0653876],[0.778813,0.136442,-0.612237],[0.586716,0.186746,0.787966]],[[0.221845,-0.972887,0.0653876],[-0.0121726,-0.0698166,-0.997486],[0.975006,0.220491,-0.0273311]],[[0.221845,-0.972887,0.0653876],[-0.460456,-0.163635,-0.87247],[0.859514,0.163445,-0.484273]]],"btipPosition":[-19.2819,277.948,-2.77379],"carpPosition":[9.17255,289.592,66.5163],"dipPosition":[-4.83332,280.696,-10.9145],"direction":[-0.975006,-0.220491,0.0273311],"extended":false,"handId":987,"id":9874,"length":49.2606,"mcpPosition":[33.997,291.342,15.7364],"pipPosition":[13.7646,284.902,-11.4358],"stabilizedTipPosition":[-15.2105,273.216,1.97923],"timeVisible":27.1874,"tipPosition":[-15.6694,278.587,-5.32635],"tipVelocity":[-20.6168,147