{"sensorType":"Leap","data":[[0,{"currentFrameRate":53.0108,"devices":[],"gestures":[],"hands":[{"armBasis":[[0.615876,-0.769522,-0.168917],[0.740834,0.638613,-0.208177],[0.268069,0.00307191,0.963395]],"armWidth":62.1429,"confidence":0.540456,"direction":[0.361145,0.346818,-0.865616],"elbow":[58.0635,302.097,339.646],"grabStrength":0.0781163,"id":987,"palmNormal":[-0.671748,-0.547082,-0.499455],"palmPosition":[-1.14303,322.911,38.5397],"palmVelocity":[-7.90609,127.775,-217.733],"palmWidth":88.738,"pinchStrength":0.859884,"r":[[0.869258,-0.203126,0.450699],[0.283023,0.951972,-0.116818],[-0.405325,0.229103,0.884999]],"s":1.09164,"sphereCenter":[-21.8157,291.835,-0.415285],"sphereRadius":47.8588,"stabilizedPalmPosition":[-3.44023,277.628,100.842],"t":[0.129475,20.3757,-47.0313],"timeVisible":13.9427,"type":"right","wrist":[-12.5238,301.288,85.9672]}],"id":4972567,"interactionBox":{"center":[0,200,0],"size":[235.247,235.247,147.751]},"pointables":[{"bases":[[[0.931565,0.250434,0.263572],[-0.361055,0.722446,0.589671],[-0.0427433,-0.644481,0.763425]],[[0.88401,0.466488,-0.0302482],[-0.420626,0.821995,0.383925],[0.20396,-0.32667,0.922869]],[[0.88401,0.466488,-0.0302482],[-0.467362,0.883337,-0.0359069],[0.00996919,0.0458789,0.998897]],[[0.88401,0.466488,-0.0302482],[-0.46492,0.870604,-0.160929],[-0.0487372,0.156326,0.986502]]],"btipPosition":[-47.9349,326.359,-16.0791],"carpPosition":[-38.7866,315.55,84.5795],"dipPosition":[-49.0473,329.927,6.43719],"direction":[-0.00996919,-0.0458789,-0.998897],"extended":false,"handId":987,"id":9870,"length":50.8265,"mcpPosition":[-38.7866,315.55,84.5795],"pipPosition":[-48.7158,331.453,39.6523],"stabilizedTipPosition":[-47.3783,302.471,19.5999],"timeVisible":13.9427,"tipPosition":[-47.6796,327.995,-11.0279],"tipVelocity":[-17.3905,159.557,-201.476],"tool":false,"touchDistance":-0.774187,"touchZone":"hovering","type":0,"width":19.7488},{"bases":[[[0.698239,-0.692805,-0.180234],[0.701019,0.610722,0.368228],[-0.145037,-0.383459,0.912098]],[[0.694551,-0.701822,-0.158258],[0.702093,0.709217,-0.0638471],[0.157049,-0.0667671,0.985331]],[[0.694551,-0.701822,-0.158258],[0.671883,0.7114,-0.206116],[0.257241,0.0368266,0.965645]],[[0.694551,-0.701822,-0.158258],[0.642958,0.704207,-0.301161],[0.322808,0.107418,0.940349]]],"btipPosition":[-24.7371,351.261,-60.3654],"carpPosition":[-17.1206,323.609,84.7921],"dipPosition":[-19.3583,353.051,-44.6967],"direction":[-0.257241,-0.0368266,-0.965645],"extended":true,"handId":987,"id":9871,"length":57.352,"mcpPosition":[-6.71431,351.122,19.3502],"pipPosition":[-13.2945,353.919,-21.9343],"stabilizedTipPosition":[-24.4067,335.683,-39.6524],"timeVisible":13.9427,"tipPosition":[-24.1152,351.031,-56.3822],"tipVelocity":[7.36516,196.727,-210.987],"tool":false,"touchDistance":-0.778512,"touchZone":"hovering","type":1,"width":18.8641},{"bases":[[[0.542418,-0.832136,-0.115465],[0.805618,0.476236,0.352392],[-0.23825,-0.284164,0.928702]],[[0.534209,-0.841112,-0.0845662],[0.598593,0.447012,-0.66473],[0.596915,0.304484,0.742282]],[[0.534209,-0.841112,-0.0845662],[-0.201841,-0.0297678,-0.978966],[0.820903,0.540041,-0.185674]],[[0.534209,-0.841112,-0.0845662],[-0.589457,-0.298926,-0.750455],[0.605938,0.450748,-0.655489]]],"btipPosition":[-53.2982,298.397,1.81783],"carpPosition":[-7.5788,316.613,82.7384],"dipPosition":[-42.1932,306.658,-10.1952],"direction":[-0.820903,-0.540041,0.185674],"extended":false,"handId":987,"id":9872,"length":65.348,"mcpPosition":[8.63199,335.948,19.5483],"pipPosition":[-19.4275,321.635,-15.3445],"stabilizedTipPosition":[-49.0388,267.205,44.8142],"timeVisible":13.9427,"tipPosition":[-51.0371,299.974,0.405652],"tipVelocity":[-25.6996,177.268,-250.907],"tool":false,"touchDistance":0.333333,"touchZone":"none","type":2,"width":18.527},{"bases":[[[0.439161,-0.8984,-0.00377416],[0.834307,0.406265,0.372667],[-0.333271,-0.16681,0.927957]],[[0.437716,-0.899113,0.000238139],[0.67597,0.328908,-0.659457],[0.592848,0.288816,0.751742]],[[0.437716,-0.899113,0.000238139],[-0.161484,-0.0788762,-0.983718],[0.884493,0.430551,-0.179718]],[[0.437716,-0.899113,0.000238139],[-0.586099,-0.285532,-0.758261],[0.68183,0.331763,-0.651951]]],"btipPosition":[-42.007,287.266,8.21822],"carpPosition":[-0.213958,307.338,80.9282],"dipPosition":[-29.583,293.311,-3.66136],"direction":[-0.884493,-0.430551,0.179718],"extended":false,"handId":987,"id":9873,"length":62.8339,"mcpPosition":[20.1455,317.528,24.2396],"pipPosition":[-5.68718,304.943,-8.5167],"stabilizedTipPosition":[-36.1452,241.119,76.1947],"timeVisible":13.9427,"tipPosition":[-39.496,288.54,7.6115],"tipVelocity":[-18.7118,167.736,-308.215],"tool":false,"touchDistance":0.333333,"touchZone":"none","type":3,"width":17.6296},{"bases":[[[0.253708,-0.966363,0.042129],[0.859713,0.245241,0.448053],[-0.443313,-0.0774558,0.893014]],[[0.243717,-0.967855,0.0621171],[0.736716,0.143097,-0.660887],[0.630755,0.206832,0.74791]],[[0.243717,-0.967855,0.0621171],[-0.171773,-0.106113,-0.979405],[0.954514,0.228027,-0.192113]],[[0.243717,-0.967855,0.0621171],[-0.616463,-0.20404,-0.760487],[0.748716,0.147051,-0.646375]]],"btipPosition":[-25.9133,284.155,17.0914],"carpPosition":[1.56141,293.729,78.8522],"dipPosition":[-13.3273,286.627,6.22576],"direction":[-0.954514,-0.228027,0.192113],"extended":false,"handId":987,"id":9874,"length":49.2606,"mcpPosition":[26.6308,298.109,28.3522],"pipPosition":[4.87983,290.977,2.56126],"stabilizedTipPosition":[-19.25,238.08,79.8591],"timeVisible":13.9427,"tipPosition":[-23.3434,284.719,15.5529],"tipVelocity":[-25.119,147.976,-265.759],"tool":false,"touchDistance":0.333333,"touchZone":"none","type":4,"width":15.66}],"r":[[0.869258,-0.203126,0.450699],[0.283023,0.951972,-0.116818],[-0.405325,0.229103,0.884999]],"s":1.09164,"t":[0.129475,20.3757,-47.0313],"timestamp":669537191094},false],[1,{"currentFrameRate":53.0578,"devices":[],"gestures":[],"hands":[{"armBasis":[[0.593683,-0.78681,-0.168731],[0.758308,0.617186,-0.209882],[0.269276,-0.00334648,0.963057]],"armWidth":62.1429,"confidence":0.551605,"direction":[0.359602,0.339415,-0.869185],"elbow":[58.3702,302.272,336.137],"grabStrength":0.0726468,"id":987,"palmNormal":[-0.695016,-0.524104,-0.492206],"palmPosition":[-1.15365,324.627,35.0514],"palmVelocity":[-4.3374,110.294,-202.669],"palmWidth":88.738,"pinchStrength":0.883504,"r":[[0.86878,-0.217502,0.444875],[0.294827,0.948989,-0.111791],[-0.397867,0.228283,0.888588]],"s":1.08527,"sphereCenter":[-23.4132,294.099,-3.96062],"sphereRadius":48.1345,"stabilizedPalmPosition":[-3.39154,278.629,99.4407],"t":[0.0475176,22.4295,-50.8191],"timeVisible":13.9613,"type":"right","wrist":[-12.5349,303.153,82.5469]}],"id":4972568,"interactionBox":{"center":[0,200,0],"size":[235.247,235.247,147.751]},"pointables":[{"bases":[[[0.942346,0.220693,0.251551],[-0.330589,0.730547,0.597505],[-0.0519044,-0.646217,0.761387]],[[0.897329,0.439468,-0.040844],[-0.389317,0.831718,0.395825],[0.207923,-0.339284,0.917417]],[[0.897329,0.439468,-0.040844],[-0.440571,0.897415,-0.0233282],[0.026402,0.0389278,0.998893]],[[0.897329,0.439468,-0.040844],[-0.44015,0.884173,-0.156544],[-0.0326828,0.158449,0.986826]]],"btipPosition":[-48.6195,329.823,-18.8185],"carpPosition":[-38.3654,318.217,81.582],"dipPosition":[-49.3654,333.439,3.70519],"direction":[-0.026402,-0.0389278,-0.998893],"extended":false,"handId":987,"id":9870,"length":50.8265,"mcpPosition":[-38.3654,318.217,81.582],"pipPosition":[-48.4875,334.734,36.9201],"stabilizedTipPosition":[-47.526,305.419,16.1228],"timeVisible":13.9613,"tipPosition":[-48.2586,331.372,-13.7866],"tipVelocity":[-24.5632,172.437,-174.774],"tool":false,"touchDistance":-0.766167,"touchZone":"hovering","type":0,"width":19.7488},{"bases":[[[0.674145,-0.713019,-0.192694],[0.724406,0.587395,0.360837],[-0.144096,-0.382846,0.912505]],[[0.670432,-0.722142,-0.170388],[0.723176,0.687346,-0.0676174],[0.165945,-0.0778874,0.983054]],[[0.670432,-0.722142,-0.170388],[0.692391,0.691449,-0.20614],[0.266677,0.0202279,0.963574]],[[0.670432,-0.722142,-0.170388],[0.663184,0.686206,-0.298845],[0.33273,0.087357,0.938967]]],"btipPosition":[-24.9065,354.409,-63.495],"carpPosition":[-16.4619,325.609,81.5245],"dipPosition":[-19.3623,355.864,-47.8492],"direction":[-0.266677,-0.0202279,-0.963574],"extended":true,"handId":987,"id":9871,"length":57.352,"mcpPosition":[-6.12321,353.078,16.0534],"pipPosition":[-13.0761,356.341,-25.1357],"stabilizedTipPosition":[-24.2515,339.499,-43.7051],"timeVisible":13.9613,"tipPosition":[-24.3091,354.082,-59.5143],"tipVelocity":[0.363632,181.008,-190.001],"tool":false,"touchDistance":-0.776017,"touchZone":"hovering","type":1,"width":18.8641},{"bases":[[[0.515042,-0.847807,-0.126312],[0.82461,0.449846,0.343011],[-0.233987,-0.280823,0.9308]],[[0.507029,-0.856623,-0.0954869],[0.617903,0.438481,-0.652634],[0.60093,0.271903,0.751633]],[[0.507029,-0.856623,-0.0954869],[-0.188561,-0.00213907,-0.982059],[0.84105,0.515938,-0.162611]],[[0.507029,-0.856623,-0.0954869],[-0.589705,-0.263962,-0.763264],[0.628625,0.443306,-0.638992]]],"btipPosition":[-54.3408,302.227,-3.13456],"carpPosition":[-7.1681,318.334,79.3102],"dipPosition":[-42.8201,310.352,-14.8453],"direction":[-0.84105,-0.515938,0.162611],"extended":false,"handId":987,"id":9872,"length":65.348,"mcpPosition":[8.75264,337.442,15.9774],"pipPosition":[-19.4956,324.66,-19.3549],"stabilizedTipPosition":[-49.216,269.669,41.4307],"timeVisible":13.9613,"tipPosition":[-51.969,303.737,-4.0897],"tipVelocity":[-37.8591,189.965,-256.021],"tool":false,"touchDistance":0.333333,"touchZone":"none","type":2,"width":18.527},{"bases":[[[0.411358,-0.911375,-0.0134559],[0.851421,0.378943,0.362607],[-0.325372,-0.160618,0.931845]],[[0.410121,-0.911977,-0.00992385],[0.695985,0.319983,-0.642819],[0.589412,0.256727,0.765954]],[[0.410121,-0.911977,-0.00992385],[-0.139601,-0.0520192,-0.98884],[0.901284,0.40693,-0.148647]],[[0.410121,-0.911977,-0.00992385],[-0.578272,-0.251607,-0.776077],[0.705267,0.324024,-0.63056]]],"btipPosition":[-43.1229,290.573,2.56488],"carpPosition":[-0.116372,308.846,77.3608],"dipPosition":[-30.2718,296.478,-8.92493],"direction":[-0.901284,-0.40693,0.148647],"extended":false,"handId":987,"id":9873,"length":62.8339,"mcpPosition":[19.7605,318.658,20.4347],"pipPosition":[-5.92238,307.471,-12.9408],"stabilizedTipPosition":[-36.2556,242.514,74.1006],"timeVisible":13.9613,"tipPosition":[-40.5112,291.793,2.33336],"tipVelocity":[-36.1096,171.434,-303.186],"tool":false,"touchDistance":0.333333,"touchZone":"none","type":3,"width":17.6296},{"bases":[[[0.224563,-0.97384,0.0347584],[0.872924,0.216889,0.436993],[-0.433099,-0.0677907,0.898793]],[[0.214213,-0.975175,0.056096],[0.750528,0.127566,-0.64841],[0.625157,0.180999,0.759222]],[[0.214213,-0.975175,0.056096],[-0.156285,-0.0909066,-0.98352],[0.964203,0.201915,-0.171879]],[[0.214213,-0.975175,0.056096],[-0.612264,-0.178797,-0.770172],[0.761082,0.130635,-0.635365]]],"btipPosition":[-27.0393,286.743,12.1576],"carpPosition":[1.21271,295.199,75.2064],"dipPosition":[-14.2454,288.939,1.47703],"direction":[-0.964203,-0.201915,0.171879],"extended":false,"handId":987,"id":9874,"length":49.2606,"mcpPosition":[25.7045,299.032,24.3796],"pipPosition":[4.14656,292.791,-1.80151],"stabilizedTipPosition":[-19.3727,239.325,78.0823],"timeVisible":13.9613,"tipPosition":[-24.4529,287.249,11.0211],"tipVelocity":[-40.9759,141.741,-263.868],"tool":false,"touchDistance":0.333333,"touchZone":"none","type":4,"width":15.66}],"r":[[0.86878,-0.217502,0.444875],[0.294827,0.948989,-0.111791],[-0.397867,0.228283,0.888588]],"s":1.08527,"t":[0.0475176,22.4295,-50.8191],"timestamp":669537209772},false],[2,{"currentFrameRate":53.0359,"devices":[],"gestures":[],"hands":[{"armBasis":[[0.593073,-0.789505,-0.157942],[0.763961,0.613739,-0.19922],[0.254221,-0.00250918,0.967143]],"armWidth":62.1429,"confidence":0.554629,"direction":[0.356724,0.342609,-0.869119],"elbow":[54.7445,303.813,333.646],"grabStrength":0.0651039,"id":987,"palmNormal":[-0.702123,-0.51537,-0.491342],"palmPosition":[-0.94939,326.184,31.5609],"palmVelocity":[3.08927,96.5372,-193.676],"palmWidth":88.738,"pinchStrength":0.909886,"r":[[0.868443,-0.230906,0.438736],[0.305578,0.946145,-0.106914],[-0.390421,0.226917,0.892233]],"s":1.07874,"sphereCenter":[-23.8622,296.074,-7.67972],"sphereRadius":48.3097,"stabilizedPalmPosition":[-3.35101,279.418,98.3142],"t":[0.108668,24.2353,-54.4583],"timeVisible":13.9803,"type":"right","wrist":[-12.1963,304.473,78.9802]}],"id":4972569,"interactionBox":{"center":[0,200,0],"size":[235.247,235.247,147.751]},"pointables":[{"bases":[[[0.945586,0.211731,0.247057],[-0.321177,0.72894,0.60456],[-0.0520851,-0.651012,0.757278]],[[0.900408,0.43286,-0.0435668],[-0.3797,0.830788,0.406964],[0.212353,-0.349891,0.912405]],[[0.900408,0.43286,-0.0435668],[-0.433752,0.900935,-0.0132057],[0.0335347,0.0307877,0.998963]],[[0.900408,0.43286,-0.0435668],[-0.434043,0.887015,-0.157516],[-0.029538,0.160739,0.986555]]],"btipPosition":[-48.6942,332.082,-21.8704],"carpPosition":[-37.9155,319.741,78.2822],"dipPosition":[-49.3684,335.75,0.647065],"direction":[-0.0335347,-0.0307877,-0.998963],"extended":false,"handId":987,"id":9870,"length":50.8265,"mcpPosition":[-37.9155,319.741,78.2822],"pipPosition":[-48.2533,336.774,33.8643],"stabilizedTipPosition":[-47.6634,308.274,12.7173],"timeVisible":13.9803,"tipPosition":[-48.3337,333.602,-16.8586],"tipVelocity":[-14.0123,146.655,-168.14],"tool":false,"touchDistance":-0.763684,"touchZone":"hovering","type":0,"width":19.7488},{"bases":[[[0.667402,-0.716826,-0.20183],[0.731171,0.579334,0.360223],[-0.14129,-0.387986,0.910771]],[[0.66372,-0.726163,-0.17934],[0.72885,0.68176,-0.0630999],[0.168088,-0.0888313,0.981761]],[[0.66372,-0.726163,-0.17934],[0.698782,0.687498,-0.197612],[0.266795,0.00583964,0.963736]],[[0.66372,-0.726163,-0.17934],[0.670399,0.68386,-0.287926],[0.331724,0.0708727,0.94071]]],"btipPosition":[-24.6782,357.206,-66.7379],"carpPosition":[-15.9565,326.965,78.1359],"dipPosition":[-19.1508,358.387,-51.0631],"direction":[-0.266795,-0.00583964,-0.963736],"extended":true,"handId":987,"id":9871,"length":57.352,"mcpPosition":[-5.81912,354.803,12.7892],"pipPosition":[-12.8618,358.525,-28.3457],"stabilizedTipPosition":[-24.0948,342.834,-47.3098],"timeVisible":13.9803,"tipPosition":[-24.1527,356.76,-62.7501],"tipVelocity":[6.00475,163.033,-180.632],"tool":false,"touchDistance":-0.775292,"touchZone":"hovering","type":1,"width":18.8641},{"bases":[[[0.507686,-0.850843,-0.135358],[0.830198,0.441147,0.340824],[-0.230274,-0.285406,0.930332]],[[0.499882,-0.859722,-0.104857],[0.634006,0.445718,-0.631958],[0.590045,0.249425,0.767876]],[[0.499882,-0.859722,-0.104857],[-0.161357,0.0265035,-0.98654],[0.85093,0.510074,-0.125474]],[[0.499882,-0.859722,-0.104857],[-0.572277,-0.236997,-0.785068],[0.650089,0.452449,-0.61047]]],"btipPosition":[-54.3141,304.891,-8.91604],"carpPosition":[-6.73316,319.634,75.8131],"dipPosition":[-42.4,313.183,-20.1041],"direction":[-0.85093,-0.510074,0.125474],"extended":false,"handId":987,"id":9872,"length":65.348,"mcpPosition":[8.93499,339.054,12.5121],"pipPosition":[-18.8015,327.329,-23.5838],"stabilizedTipPosition":[-49.3483,271.753,38.4604],"timeVisible":13.9803,"tipPosition":[-51.839,306.39,-9.40584],"tipVelocity":[-16.2316,166.772,-277.124],"tool":false,"touchDistance":0.333333,"touchZone":"none","type":2,"width":18.527},{"bases":[[[0.404228,-0.914387,-0.0222821],[0.856585,0.369908,0.359765],[-0.320722,-0.164514,0.932777]],[[0.402894,-0.915061,-0.0184139],[0.699999,0.321041,-0.637913],[0.589641,0.244122,0.769888]],[[0.402894,-0.915061,-0.0184139],[-0.13352,-0.0388602,-0.990284],[0.905455,0.401438,-0.137836]],[[0.402894,-0.915061,-0.0184139],[-0.575204,-0.237506,-0.782771],[0.71191,0.325966,-0.622037]]],"btipPosition":[-43.3015,292.734,-1.71744],"carpPosition":[0.232803,310.106,73.7542],"dipPosition":[-30.3294,298.674,-13.0519],"direction":[-0.905455,-0.401438,0.137836],"extended":false,"handId":987,"id":9873,"length":62.8339,"mcpPosition":[19.8256,320.156,16.7712],"pipPosition":[-5.86729,309.519,-16.7757],"stabilizedTipPosition":[-36.3539,243.763,72.2023],"timeVisible":13.9803,"tipPosition":[-40.6249,293.953,-2.03921],"tipVelocity":[-22.2904,143.495,-264.444],"tool":false,"touchDistance":0.333333,"touchZone":"none","type":3,"width":17.6296},{"bases":[[[0.217264,-0.975748,0.0266911],[0.877306,0.207187,0.432906],[-0.427937,-0.0706386,0.901044]],[[0.206472,-0.977212,0.0492628],[0.7628,0.129229,-0.63359],[0.612785,0.168396,0.772099]],[[0.206472,-0.977212,0.0492628],[-0.133439,-0.0779997,-0.987983],[0.969311,0.197417,-0.146503]],[[0.206472,-0.977212,0.0492628],[-0.597565,-0.165805,-0.78449],[0.774781,0.132537,-0.618181]]],"btipPosition":[-27.002,288.658,7.10545],"carpPosition":[1.44305,296.464,71.4984],"dipPosition":[-13.9777,290.886,-3.2863],"direction":[-0.969311,-0.197417,0.146503],"extended":false,"handId":987,"id":9874,"length":49.2606,"mcpPosition":[25.6429,300.459,20.5443],"pipPosition":[4.5116,294.652,-6.08079],"stabilizedTipPosition":[-19.4617,240.283,76.6726],"timeVisible":13.9803,"tipPosition":[-24.3705,289.166,6.26556],"tipVelocity":[-18.5147,121.997,-263.6],"tool":false,"touchDistance":0.333333,"touchZone":"none","type":4,"width":15.66}],"r":[[0.868443,-0.230906,0.438736],[0.305578,0.946145,-0.106914],[-0.390421,0.226917,0.892233]],"s":1.07874,"t":[0.108668,24.2353,-54.4583],"timestamp":669537228706},false],[3,{"currentFrameRate":52.9775,"devices":[],"gestures":[],"hands":[{"armBasis":[[0.586762,-0.788997,-0.182194],[0.762374,0.6141,-0.204126],[0.272939,-0.0191266,0.961841]],"armWidth":62.1429,"confidence":0.564427,"direction":[0.358075,0.336401,-0.870986],"elbow":[59.5774,300.914,329.557],"grabStrength":0.0541515,"id":987,"palmNormal":[-0.699318,-0.521464,-0.488906],"palmPosition":[-0.980213,327.299,28.7196],"palmVelocity":[0.766503,77.7016,-171.55],"palmWidth":88.738,"pinchStrength":0.931573,"r":[[0.867955,-0.240358,0.434606],[0.313671,0.943765,-0.104487],[-0.385052,0.227014,0.894539]],"s":1.07343,"sphereCenter":[-23.8605,296.894,-10.4639],"sphereRadius":48.4418,"stabilizedPalmPosition":[-3.32224,279.999,97.4699],"t":[0.123831,25.6954,-57.6986],"timeVisible":13.9994,"type":"right","wrist":[-12.2923,305.95,76.2878]}],"id":4972570,"interactionBox":{"center":[0,200,0],"size":[235.247,235.247,147.751]},"pointables":[{"bases":[[[0.944307,0.21651,0.247805],[-0.32489,0.733009,0.597616],[-0.052254,-0.644842,0.762527]],[[0.899287,0.435065,-0.04474],[-0.382476,0.831925,0.402011],[0.212121,-0.344411,0.914541]],[[0.899287,0.435065,-0.04474],[-0.436235,0.8996,-0.0204748],[0.0313402,0.0379298,0.998789]],[[0.899287,0.435065,-0.04474],[-0.435777,0.88264,-0.176195],[-0.0371671,0.177947,0.983338]]],"btipPosition":[-48.5735,332.581,-24.7831],"carpPosition":[-38.0532,321.137,75.3942],"dipPosition":[-49.4218,336.642,-2.33908],"direction":[-0.0313402,-0.0379298,-0.998789],"extended":false,"handId":987,"id":9870,"length":50.8265,"mcpPosition":[-38.0532,321.137,75.3942],"pipPosition":[-48.3797,337.903,30.8724],"stabilizedTipPosition":[-47.7429,310.09,10.3913],"timeVisible":13.9994,"tipPosition":[-48.2773,334.156,-19.8118],"tipVelocity":[-5.00707,89.4941,-160.909],"tool":false,"touchDistance":-0.759593,"touchZone":"hovering","type":0,"width":19.7488},{"bases":[[[0.669995,-0.716547,-0.194079],[0.728536,0.584419,0.357337],[-0.142625,-0.380808,0.913588]],[[0.666235,-0.72581,-0.171263],[0.728211,0.682688,-0.0603877],[0.160749,-0.0844832,0.983373]],[[0.666235,-0.72581,-0.171263],[0.700192,0.687854,-0.191278],[0.256636,0.00751911,0.966479]],[[0.666235,-0.72581,-0.171263],[0.673576,0.684237,-0.27949],[0.320041,0.070847,0.944751]]],"btipPosition":[-23.999,357.928,-70.029],"carpPosition":[-16.1147,328.423,75.2464],"dipPosition":[-18.6662,359.108,-54.2869],"direction":[-0.256636,-0.00751911,-0.966479],"extended":true,"handId":987,"id":9871,"length":57.352,"mcpPosition":[-5.8815,355.746,9.69755],"pipPosition":[-12.6167,359.286,-31.5049],"stabilizedTipPosition":[-23.9262,344.793,-49.7444],"timeVisible":13.9994,"tipPosition":[-23.6033,357.405,-66.0187],"tipVelocity":[19.4539,101.205,-176.186],"tool":false,"touchDistance":-0.775231,"touchZone":"hovering","type":1,"width":18.8641},{"bases":[[[0.510486,-0.850468,-0.126921],[0.82801,0.446362,0.339352],[-0.231956,-0.278326,0.932057]],[[0.502791,-0.858949,-0.0969895],[0.649903,0.449615,-0.612758],[0.569936,0.245056,0.784296]],[[0.502791,-0.858949,-0.0969895],[-0.127492,0.0372873,-0.991138],[0.854954,0.510701,-0.0907617]],[[0.502791,-0.858949,-0.0969895],[-0.546415,-0.228878,-0.805634],[0.6698,0.458062,-0.58442]]],"btipPosition":[-53.8583,305.961,-14.0492],"carpPosition":[-6.86414,321.1,73.0092],"dipPosition":[-41.5829,314.355,-24.7599],"direction":[-0.854954,-0.510701,0.0907617],"extended":false,"handId":987,"id":9872,"length":65.348,"mcpPosition":[8.91841,340.038,9.59085],"pipPosition":[-17.8728,328.518,-27.2769],"stabilizedTipPosition":[-49.4091,273.056,36.4795],"timeVisible":13.9994,"tipPosition":[-51.3271,307.458,-14.209],"tipVelocity":[5.72533,112.7,-270.248],"tool":false,"touchDistance":0.333333,"touchZone":"none","type":2,"width":18.527},{"bases":[[[0.406907,-0.913369,-0.0135955],[0.85455,0.37536,0.358956],[-0.322756,-0.15768,0.933255]],[[0.405487,-0.914052,-0.0095004],[0.701297,0.317738,-0.638142],[0.586313,0.252095,0.76986]],[[0.405487,-0.914052,-0.0095004],[-0.129455,-0.0471333,-0.990465],[0.904888,0.40285,-0.13744]],[[0.405487,-0.914052,-0.0095004],[-0.571332,-0.245311,-0.7832],[0.713555,0.323005,-0.621697]]],"btipPosition":[-43.1451,293.454,-4.46828],"carpPosition":[0.134626,311.575,71.0483],"dipPosition":[-30.143,299.34,-15.7966],"direction":[-0.904888,-0.40285,0.13744],"extended":false,"handId":987,"id":9873,"length":62.8339,"mcpPosition":[19.8517,321.208,14.036],"pipPosition":[-5.69619,310.223,-19.5097],"stabilizedTipPosition":[-36.4204,244.656,70.8148],"timeVisible":13.9994,"tipPosition":[-40.4526,294.684,-4.88102],"tipVelocity":[-7.05851,90.952,-205],"tool":false,"touchDistance":0.333333,"touchZone":"none","type":3,"width":17.6296},{"bases":[[[0.219989,-0.97486,0.0353882],[0.875541,0.213313,0.433503],[-0.430154,-0.0643821,0.900457]],[[0.209056,-0.976175,0.0581174],[0.771916,0.128242,-0.622655],[0.600368,0.175031,0.780335]],[[0.209056,-0.976175,0.0581174],[-0.113262,-0.0832009,-0.990075],[0.971323,0.200398,-0.127957]],[[0.209056,-0.976175,0.0581174],[-0.58175,-0.171917,-0.794992],[0.786043,0.132388,-0.60383]]],"btipPosition":[-26.7291,289.476,3.67055],"carpPosition":[1.39005,297.919,68.9093],"dipPosition":[-13.5155,291.701,-6.47994],"direction":[-0.971323,-0.200398,0.127957],"extended":false,"handId":987,"id":9874,"length":49.2606,"mcpPosition":[25.7153,301.56,17.9884],"pipPosition":[5.01216,295.524,-8.92069],"stabilizedTipPosition":[-19.5145,240.904,75.732],"timeVisible":13.9994,"tipPosition":[-24.0503,289.999,2.93669],"tipVelocity":[-1.18692,82.8949,-220.871],"tool":false,"touchDistance":0.333333,"touchZone":"none","type":4,"width":15.66}],"r":[[0.867955,-0.240358,0.434606],[0.313671,0.943765,-0.104487],[-0.385052,0.227014,0.894539]],"s":1.07343,"t":[0.123831,25.6954,-57.6986],"timestamp":669537247792},false],[4,{"currentFrameRate":52.8967,"devices":[],"gestures":[],"hands":[{"armBasis":[[0.593011,-0.785199,-0.178327],[0.759971,0.618983,-0.198255],[0.266051,-0.0179565,0.963792]],"armWidth":62.1429,"confidence":0.51593,"direction":[0.363192,0.335515,-0.869207],"elbow":[57.3859,302.924,327.108],"grabStrength":0.0439176,"id":987,"palmNormal":[-0.69124,-0.528495,-0.492829],"palmPosition":[-1.09952,328.892,25.77],"palmVelocity":[-2.69453,80.3331,-162.679],"palmWidth":88.738,"pinchStrength":0.939414,"r":[[0.867106,-0.246282,0.43298],[0.318939,0.942184,-0.102801],[-0.382629,0.227233,0.895522]],"s":1.07015,"sphereCenter":[-23.5515,298.409,-13.5436],"sphereRadius":48.4512,"stabilizedPalmPosition":[-3.30023,280.483,96.7599],"t":[0.0717614,27.2222,-60.7935],"timeVisible":14.0186,"type":"right","wrist":[-12.67,307.652,73.3247]}],"id":4972571,"interactionBox":{"center":[0,200,0],"size":[235.247,235.247,147.751]},"pointables":[{"bases":[[[0.940521,0.224372,0.255103],[-0.335382,0.733007,0.591793],[-0.0542106,-0.642151,0.764659]],[[0.896403,0.441531,-0.0388776],[-0.391257,0.829441,0.398681],[0.208277,-0.342168,0.916265]],[[0.896403,0.441531,-0.0388776],[-0.442633,0.896313,-0.0264315],[0.0231762,0.0409018,0.998894]],[[0.896403,0.441531,-0.0388776],[-0.440148,0.876379,-0.195522],[-0.0522576,0.192379,0.979928]]],"btipPosition":[-48.2488,333.554,-28.0409],"carpPosition":[-38.5315,322.647,72.1461],"dipPosition":[-49.4415,337.945,-5.67467],"direction":[-0.0231762,-0.0409018,-0.998894],"extended":false,"handId":987,"id":9870,"length":50.8265,"mcpPosition":[-38.5315,322.647,72.1461],"pipPosition":[-48.6709,339.305,27.5403],"stabilizedTipPosition":[-47.7774,311.174,8.9166],"timeVisible":14.0186,"tipPosition":[-48.053,335.177,-23.108],"tipVelocity":[3.81514,72.2092,-165.735],"tool":false,"touchDistance":-0.761102,"touchZone":"hovering","type":0,"width":19.7488},{"bases":[[[0.676835,-0.712418,-0.18535],[0.721144,0.591135,0.361264],[-0.147804,-0.37818,0.913857]],[[0.672974,-0.721551,-0.162698],[0.724614,0.687281,-0.0507818],[0.148461,-0.0837183,0.985368]],[[0.672974,-0.721551,-0.162698],[0.699021,0.692328,-0.17903],[0.24182,0.00675342,0.970298]],[[0.672974,-0.721551,-0.162698],[0.674358,0.688897,-0.265826],[0.303889,0.0691774,0.950193]]],"btipPosition":[-23.0254,359.422,-73.4001],"carpPosition":[-16.646,330.093,72.1589],"dipPosition":[-17.9618,360.575,-57.5673],"direction":[-0.24182,-0.00675342,-0.970298],"extended":true,"handId":987,"id":9871,"length":57.352,"mcpPosition":[-6.04119,357.227,6.59078],"pipPosition":[-12.2616,360.734,-34.6953],"stabilizedTipPosition":[-23.7478,346.08,-51.4733],"timeVisible":14.0186,"tipPosition":[-22.7427,358.827,-69.3795],"tipVelocity":[33.3534,89.4648,-175.363],"tool":false,"touchDistance":-0.776294,"touchZone":"hovering","type":1,"width":18.8641},{"bases":[[[0.517722,-0.847228,-0.119033],[0.821769,0.453735,0.344703],[-0.238033,-0.276278,0.931134]],[[0.509855,-0.85562,-0.0892299],[0.657829,0.454616,-0.600487],[0.554354,0.247463,0.79464]],[[0.509855,-0.85562,-0.0892299],[-0.105945,0.0404825,-0.993548],[0.853712,0.516019,-0.0700084]],[[0.509855,-0.85562,-0.0892299],[-0.527376,-0.228929,-0.818209],[0.679649,0.464226,-0.567954]]],"btipPosition":[-53.3177,307.176,-18.3274],"carpPosition":[-7.32348,322.828,70.0318],"dipPosition":[-40.8619,315.683,-28.7363],"direction":[-0.853712,-0.516019,0.0700084],"extended":false,"handId":987,"id":9872,"length":65.348,"mcpPosition":[8.87256,341.627,6.67623],"pipPosition":[-17.1862,329.994,-30.6778],"stabilizedTipPosition":[-49.4322,273.854,35.213],"timeVisible":14.0186,"tipPosition":[-50.755,308.718,-18.4975],"tipVelocity":[17.9192,88.8789,-244.967],"tool":false,"touchDistance":0.333333,"touchZone":"none","type":2,"width":18.527},{"bases":[[[0.41362,-0.910428,-0.00635609],[0.848651,0.383007,0.364825],[-0.329712,-0.156293,0.931054]],[[0.412103,-0.911135,-0.00208459],[0.70423,0.31997,-0.633782],[0.578128,0.259715,0.773509]],[[0.412103,-0.911135,-0.00208459],[-0.120897,-0.0524132,-0.99128],[0.903081,0.408761,-0.131753]],[[0.412103,-0.911135,-0.00208459],[-0.562915,-0.252804,-0.786904],[0.716448,0.325459,-0.617072]]],"btipPosition":[-42.7411,294.604,-7.60871],"carpPosition":[-0.239051,313.347,68.1703],"dipPosition":[-29.6862,300.535,-18.8527],"direction":[-0.903081,-0.408761,0.131753],"extended":false,"handId":987,"id":9873,"length":62.8339,"mcpPosition":[19.903,322.895,11.2925],"pipPosition":[-5.28826,311.578,-22.4122],"stabilizedTipPosition":[-36.4612,245.287,69.8183],"timeVisible":14.0186,"tipPosition":[-40.0407,295.856,-8.0754],"tipVelocity":[7.18795,75.834,-183.975],"tool":false,"touchDistance":0.333333,"touchZone":"none","type":3,"width":17.6296},{"bases":[[[0.226734,-0.973083,0.0412544],[0.870167,0.221417,0.440209],[-0.437494,-0.0639119,0.896947]],[[0.21545,-0.974401,0.0642218],[0.778552,0.131704,-0.613605],[0.589439,0.182201,0.786997]],[[0.21545,-0.974401,0.0642218],[-0.0984614,-0.0871078,-0.991321],[0.971538,0.207257,-0.114708]],[[0.21545,-0.974401,0.0642218],[-0.568953,-0.178708,-0.802718],[0.793646,0.136406,-0.592891]]],"btipPosition":[-26.3252,290.776,0.39117],"carpPosition":[1.1339,299.691,66.0978],"dipPosition":[-12.9839,293.069,-9.57545],"direction":[-0.971538,-0.207257,0.114708],"extended":false,"handId":987,"id":9874,"length":49.2606,"mcpPosition":[25.8742,303.305,15.3754],"pipPosition":[5.54796,297.022,-11.7635],"stabilizedTipPosition":[-19.547,241.341,75.058],"timeVisible":14.0186,"tipPosition":[-23.6131,291.319,-0.3456],"tipVelocity":[10.591,75.781,-194.975],"tool":false,"touchDistance":0.333333,"touchZone":"none","type":4,"width":15.66}],"r":[[0.867106,-0.246282,0.43298],[0.318939,0.942184,-0.102801],[-0.382629,0.227233,0.895522]],"s":1.07015,"t":[0.0717614,27.2222,-60.7935],"timestamp":669537266988},false],[5,{"currentFrameRate":52.8858,"devices":[],"gestures":[],"hands":[{"armBasis":[[0.594878,-0.782613,-0.183404],[0.758097,0.622096,-0.195665],[0.267225,-0.0226409,0.963368]],"armWidth":62.1429,"confidence":0.530208,"direction":[0.357194,0.341539,-0.869346],"elbow":[58.4596,302.421,324.122],"grabStrength":0.0334472,"id":987,"palmNormal":[-0.693114,-0.526979,-0.491818],"palmPosition":[-0.668924,329.935,22.9559],"palmVelocity":[9.79314,67.9032,-155.722],"palmWidth":88.738,"pinchStrength":0.93884,"r":[[0.86703,-0.251172,0.430317],[0.322626,0.941154,-0.100704],[-0.3797,0.226145,0.897043]],"s":1.06892,"sphereCenter":[-23.4122,299.941,-16.4302],"sphereRadius":48.4178,"stabilizedPalmPosition":[-3.28093,280.846,96.2185],"t":[0.261022,28.507,-63.7479],"timeVisible":14.0375,"type":"right","wrist":[-11.9054,308.383,70.4503]}],"id":4972572,"interactionBox":{"center":[0,200,0],"size":[235.247,235.247,147.751]},"pointables":[{"bases":[[[0.941582,0.224832,0.250745],[-0.333314,0.728698,0.598249],[-0.0482121,-0.646877,0.761068]],[[0.895222,0.443671,-0.0416421],[-0.389412,0.82431,0.41094],[0.216648,-0.351666,0.910711]],[[0.895222,0.443671,-0.0416421],[-0.4446,0.895584,-0.0161107],[0.0301461,0.0329367,0.999003]],[[0.895222,0.443671,-0.0416421],[-0.442482,0.873956,-0.201025],[-0.0527957,0.198388,0.978701]]],"btipPosition":[-48.1493,334.826,-30.3726],"carpPosition":[-37.805,323.33,69.5196],"dipPosition":[-49.3543,339.354,-8.03434],"direction":[-0.0301461,-0.0329367,-0.999003],"extended":false,"handId":987,"id":9870,"length":50.8265,"mcpPosition":[-37.805,323.33,69.5196],"pipPosition":[-48.3519,340.449,25.1842],"stabilizedTipPosition":[-47.797,311.916,7.88965],"timeVisible":14.0375,"tipPosition":[-47.9736,336.422,-25.4773],"tipVelocity":[4.44718,70.5488,-144.935],"tool":false,"touchDistance":-0.748397,"touchZone":"hovering","type":0,"width":19.7488},{"bases":[[[0.677188,-0.709838,-0.193768],[0.722086,0.590477,0.360456],[-0.14145,-0.384014,0.912428]],[[0.673495,-0.719091,-0.171212],[0.723787,0.688566,-0.0448256],[0.150125,-0.0937313,0.984214]],[[0.673495,-0.719091,-0.171212],[0.698583,0.6949,-0.170574],[0.241633,-0.00472558,0.970356]],[[0.673495,-0.719091,-0.171212],[0.674389,0.692579,-0.255997],[0.302663,0.0569492,0.951395]]],"btipPosition":[-22.8157,361.464,-75.9848],"carpPosition":[-15.9354,330.822,69.4447],"dipPosition":[-17.7725,362.413,-60.132],"direction":[-0.241633,0.00472558,-0.970356],"extended":true,"handId":987,"id":9871,"length":57.352,"mcpPosition":[-5.78658,358.374,3.97909],"pipPosition":[-12.0767,362.301,-37.2586],"stabilizedTipPosition":[-23.6075,347.126,-52.873],"timeVisible":14.0375,"tipPosition":[-22.582,360.766,-71.9673],"tipVelocity":[22.284,97.2278,-156.108],"tool":false,"touchDistance":-0.7657,"touchZone":"hovering","type":1,"width":18.8641},{"bases":[[[0.518765,-0.845385,-0.127305],[0.822896,0.453395,0.342453],[-0.231785,-0.282412,0.93087]],[[0.5111,-0.853971,-0.09752],[0.653912,0.459962,-0.600694],[0.557831,0.243245,0.793509]],[[0.5111,-0.853971,-0.09752],[-0.109641,0.0477567,-0.992823],[0.8525,0.518124,-0.0692214]],[[0.5111,-0.853971,-0.09752],[-0.52959,-0.223515,-0.818276],[0.676987,0.469866,-0.566493]]],"btipPosition":[-53.1112,308.391,-21.1196],"carpPosition":[-6.61085,323.59,67.2171],"dipPosition":[-40.7041,317.002,-31.5016],"direction":[-0.8525,-0.518124,0.0692214],"extended":false,"handId":987,"id":9872,"length":65.348,"mcpPosition":[9.16011,342.806,3.87949],"pipPosition":[-17.0621,331.371,-33.4213],"stabilizedTipPosition":[-49.4443,274.389,34.3535],"timeVisible":14.0375,"tipPosition":[-50.5258,309.966,-21.3854],"tipVelocity":[14.1799,77.3522,-196.856],"tool":false,"touchDistance":0.333333,"touchZone":"none","type":2,"width":18.527},{"bases":[[[0.415482,-0.909488,-0.0143833],[0.850049,0.382604,0.361982],[-0.323715,-0.162624,0.932074]],[[0.413956,-0.910242,-0.0100012],[0.699789,0.325235,-0.636017],[0.582182,0.256284,0.77161]],[[0.413956,-0.910242,-0.0100012],[-0.126489,-0.0466371,-0.990871],[0.901466,0.411442,-0.134442]],[[0.413956,-0.910242,-0.0100012],[-0.566854,-0.249164,-0.785235],[0.712262,0.330722,-0.619117]]],"btipPosition":[-42.4431,295.761,-10.3934],"carpPosition":[0.481999,314.135,65.2552],"dipPosition":[-29.4646,301.787,-21.6747],"direction":[-0.901466,-0.411442,0.134442],"extended":false,"handId":987,"id":9873,"length":62.8339,"mcpPosition":[20.2577,324.07,8.31513],"pipPosition":[-5.11023,312.903,-25.3069],"stabilizedTipPosition":[-36.4881,245.752,69.0755],"timeVisible":14.0375,"tipPosition":[-39.7417,297.023,-10.8976],"tipVelocity":[10.9267,69.1338,-166.016],"tool":false,"touchDistance":0.333333,"touchZone":"none","type":3,"width":17.6296},{"bases":[[[0.229021,-0.972828,0.0339799],[0.872362,0.220607,0.436253],[-0.431896,-0.0702684,0.899182]],[[0.21786,-0.974311,0.0570473],[0.774676,0.137076,-0.617323],[0.593645,0.178683,0.784639]],[[0.21786,-0.974311,0.0570473],[-0.103563,-0.0811994,-0.991303],[0.97047,0.210058,-0.118593]],[[0.21786,-0.974311,0.0570473],[-0.572692,-0.174949,-0.800885],[0.790292,0.14181,-0.596095]]],"btipPosition":[-25.973,291.917,-2.53203],"carpPosition":[1.87096,300.495,63.0917],"dipPosition":[-12.688,294.301,-12.5525],"direction":[-0.97047,-0.210058,0.118593],"extended":false,"handId":987,"id":9874,"length":49.2606,"mcpPosition":[26.2947,304.469,12.2429],"pipPosition":[5.82342,298.307,-14.8146],"stabilizedTipPosition":[-19.5682,241.662,74.5569],"timeVisible":14.0375,"tipPosition":[-23.2536,292.471,-3.31171],"tipVelocity":[14.1838,68.6698,-175.301],"tool":false,"touchDistance":0.333333,"touchZone":"none","type":4,"width":15.66}],"r":[[0.86703,-0.251172,0.430317],[0.322626,0.941154,-0.100704],[-0.3797,0.226145,0.897043]],"s":1.06892,"t":[0.261022,28.507,-63.7479],"timestamp":669537285936},false],[6,{"currentFrameRate":53.0497,"devices":[],"gestures":[],"hands":[{"armBasis":[[0.604235,-0.779902,-0.163258],[0.7526,0.625901,-0.204552],[0.261714,0.000729314,0.965145]],"armWidth":62.1429,"confidence":0.491051,"direction":[0.350363,0.35459,-0.866898],"elbow":[57.8067,307.954,322.465],"grabStrength":0.0205202,"id":987,"palmNormal":[-0.695006,-0.52203,-0.49442],"palmPosition":[-0.251487,330.003,21.0608],"palmVelocity":[16.0476,37.1959,-130.864],"palmWidth":88.738,"pinchStrength":0.937333,"r":[[0.867664,-0.255788,0.4263],[0.324923,0.940768,-0.0968499],[-0.376276,0.222548,0.899382]],"s":1.06946,"sphereCenter":[-23.3298,300.917,-18.5849],"sphereRadius":48.3328,"stabilizedPalmPosition":[-3.2675,281.064,95.8852],"t":[0.564372,29.1836,-66.1728],"timeVisible":14.0558,"type":"right","wrist":[-11.1071,307.762,68.3253]}],"id":4972573,"interactionBox":{"center":[0,200,0],"size":[235.247,235.247,147.751]},"pointables":[{"bases":[[[0.94265,0.22396,0.247493],[-0.331218,0.719375,0.610569],[-0.041297,-0.657527,0.752298]],[[0.89374,0.446668,-0.0414345],[-0.387906,0.815931,0.428702],[0.225295,-0.367075,0.902495]],[[0.89374,0.446668,-0.0414345],[-0.447025,0.894521,0.000736815],[0.0373932,0.0178637,0.999141]],[[0.89374,0.446668,-0.0414345],[-0.445692,0.873705,-0.194928],[-0.0508667,0.192682,0.979942]]],"btipPosition":[-48.1031,335.526,-31.7477],"carpPosition":[-37.0528,322.647,67.7775],"dipPosition":[-49.2641,339.923,-9.38111],"direction":[-0.0373932,-0.0178637,-0.999141],"extended":false,"handId":987,"id":9870,"length":50.8265,"mcpPosition":[-37.0528,322.647,67.7775],"pipPosition":[-48.0207,340.517,23.8421],"stabilizedTipPosition":[-47.8093,312.447,7.14579],"timeVisible":14.0558,"tipPosition":[-47.935,337.041,-26.8655],"tipVelocity":[3.79576,54.3284,-111.438],"tool":false,"touchDistance":-0.722419,"touchZone":"touching","type":0,"width":19.7488},{"bases":[[[0.677777,-0.705177,-0.208194],[0.722914,0.587429,0.363762],[-0.134217,-0.397055,0.907928]],[[0.674364,-0.714493,-0.186367],[0.722612,0.690491,-0.0324511],[0.151871,-0.112787,0.981944]],[[0.674364,-0.714493,-0.186367],[0.697885,0.699182,-0.155246],[0.241226,-0.0253703,0.970137]],[[0.674364,-0.714493,-0.186367],[0.674248,0.698738,-0.239073],[0.301038,0.0355652,0.952949]]],"btipPosition":[-22.6403,363.42,-77.3729],"carpPosition":[-15.2046,330.201,67.6593],"dipPosition":[-17.6242,364.013,-61.4942],"direction":[-0.241226,0.0253703,-0.970137],"extended":true,"handId":987,"id":9871,"length":57.352,"mcpPosition":[-5.57471,358.689,2.51663],"pipPosition":[-11.9379,363.415,-38.6259],"stabilizedTipPosition":[-23.4546,348.31,-54.3752],"timeVisible":14.0558,"tipPosition":[-22.4639,362.555,-73.3635],"tipVelocity":[16.0522,99.8241,-117.619],"tool":false,"touchDistance":-0.738195,"touchZone":"touching","type":1,"width":18.8641},{"bases":[[[0.520175,-0.842078,-0.142557],[0.823971,0.450894,0.343172],[-0.2247,-0.295973,0.928391]],[[0.512751,-0.851081,-0.112901],[0.648502,0.470123,-0.59869],[0.562612,0.233762,0.792984]],[[0.512751,-0.851081,-0.112901],[-0.116362,0.0613983,-0.991307],[0.850615,0.521431,-0.0675516]],[[0.512751,-0.851081,-0.112901],[-0.534295,-0.213395,-0.817919],[0.672023,0.479711,-0.564147]]],"btipPosition":[-52.9398,308.925,-22.9642],"carpPosition":[-5.87581,323.027,65.2684],"dipPosition":[-40.6237,317.716,-33.3033],"direction":[-0.850615,-0.521431,0.0675516],"extended":false,"handId":987,"id":9872,"length":65.348,"mcpPosition":[9.41303,343.166,2.09951],"pipPosition":[-17.0339,332.177,-35.1766],"stabilizedTipPosition":[-49.4506,274.735,33.7882],"timeVisible":14.0558,"tipPosition":[-50.3534,310.519,-23.255],"tipVelocity":[11.3381,55.4,-150.727],"tool":false,"touchDistance":0.333333,"touchZone":"none","type":2,"width":18.527},{"bases":[[[0.417835,-0.908033,-0.0298443],[0.851446,0.379914,0.36153],[-0.316943,-0.176471,0.931883]],[[0.416252,-0.9089,-0.0252044],[0.694337,0.335641,-0.636586],[0.587052,0.24748,0.770794]],[[0.416252,-0.9089,-0.0252044],[-0.133398,-0.0336257,-0.990492],[0.899411,0.415656,-0.135242]],[[0.416252,-0.9089,-0.0252044],[-0.571617,-0.240027,-0.784628],[0.707099,0.34101,-0.619455]]],"btipPosition":[-42.1723,296.174,-12.4463],"carpPosition":[1.22913,313.62,63.1274],"dipPosition":[-29.2878,302.388,-23.7337],"direction":[-0.899411,-0.415656,0.135242],"extended":false,"handId":987,"id":9873,"length":62.8339,"mcpPosition":[20.5911,324.401,6.19895],"pipPosition":[-4.98902,313.617,-27.3875],"stabilizedTipPosition":[-36.5039,246.053,68.5878],"timeVisible":14.0558,"tipPosition":[-39.4654,297.457,-13.0182],"tipVelocity":[12.2286,48.0117,-140.402],"tool":false,"touchDistance":0.333333,"touchZone":"none","type":3,"width":17.6296},{"bases":[[[0.231878,-0.972561,0.0188893],[0.874701,0.216964,0.433387],[-0.425594,-0.0839705,0.90101]],[[0.220787,-0.974409,0.0421998],[0.77012,0.147622,-0.620582],[0.598471,0.169515,0.783005]],[[0.220787,-0.974409,0.0421998],[-0.109721,-0.0678075,-0.991647],[0.969131,0.214312,-0.121884]],[[0.220787,-0.974409,0.0421998],[-0.577226,-0.165422,-0.799653],[0.78617,0.152194,-0.598978]]],"btipPosition":[-25.6316,292.273,-4.79465],"carpPosition":[2.64029,300.016,60.7649],"dipPosition":[-12.416,294.831,-14.8636],"direction":[-0.969131,-0.214312,0.121884],"extended":false,"handId":987,"id":9874,"length":49.2606,"mcpPosition":[26.7077,304.765,9.81271],"pipPosition":[6.06994,298.919,-17.1885],"stabilizedTipPosition":[-19.5801,241.863,74.2357],"timeVisible":14.0558,"tipPosition":[-22.9105,292.846,-5.60