{"sensorType":"Leap","data":[[0,{"currentFrameRate":52.6083,"devices":[],"gestures":[],"hands":[{"armBasis":[[0.647531,-0.751614,-0.125618],[0.720971,0.657638,-0.218434],[0.246789,0.0508762,0.967733]],"armWidth":62.1429,"confidence":0.571732,"direction":[0.381136,0.325684,-0.865255],"elbow":[57.5446,306.873,342.335],"grabStrength":0.123836,"id":987,"palmNormal":[-0.629273,-0.59426,-0.500869],"palmPosition":[4.94624,313.591,39.6762],"palmVelocity":[38.7969,133.567,-265.221],"palmWidth":88.738,"pinchStrength":0.929432,"r":[[0.864955,-0.103747,0.491009],[0.211791,0.962464,-0.169727],[-0.454969,0.250797,0.854461]],"s":1.08162,"sphereCenter":[-13.3514,282.328,2.4622],"sphereRadius":45.8309,"stabilizedPalmPosition":[-3.16709,281.395,78.566],"t":[5.33401,10.9521,-45.0008],"timeVisible":24.904,"type":"right","wrist":[-7.43933,293.476,87.5139]}],"id":4973143,"interactionBox":{"center":[0,200,0],"size":[235.247,235.247,147.751]},"pointables":[{"bases":[[[0.909759,0.299159,0.287823],[-0.41242,0.730489,0.544331],[-0.0474102,-0.613914,0.787948]],[[0.853309,0.519004,-0.0499788],[-0.488595,0.829397,0.270879],[0.18204,-0.206724,0.961315]],[[0.853309,0.519004,-0.0499788],[-0.519791,0.854287,-0.00326531],[0.0410015,0.0287648,0.998745]],[[0.853309,0.519004,-0.0499788],[-0.461127,0.706446,-0.536933],[-0.243363,0.481216,0.842143]]],"btipPosition":[-38.841,304.7,-14.7034],"carpPosition":[-34.1702,306.576,84.5269],"dipPosition":[-44.3956,315.683,4.51798],"direction":[-0.0410015,-0.0287648,-0.998745],"extended":false,"handId":987,"id":9870,"length":50.8265,"mcpPosition":[-34.1702,306.576,84.5269],"pipPosition":[-43.0323,316.64,37.728],"stabilizedTipPosition":[-43.0045,290.173,15.7348],"timeVisible":24.904,"tipPosition":[-39.5139,308.566,-10.1757],"tipVelocity":[35.301,137.982,-259.272],"tool":false,"touchDistance":-0.866497,"touchZone":"hovering","type":0,"width":19.7488},{"bases":[[[0.73169,-0.670258,-0.124034],[0.661177,0.653628,0.368261],[-0.165758,-0.351461,0.921412]],[[0.728545,-0.676556,-0.10721],[0.669977,0.736384,-0.0941789],[0.142665,-0.00321466,0.989766]],[[0.728545,-0.676556,-0.10721],[0.625445,0.720837,-0.298685],[0.279358,0.150551,0.948311]],[[0.728545,-0.676556,-0.10721],[0.579475,0.69218,-0.430227],[0.365281,0.251314,0.896332]]],"btipPosition":[-19.6217,333.138,-59.6514],"carpPosition":[-12.8654,315.522,85.2182],"dipPosition":[-13.5351,337.325,-44.716],"direction":[-0.279358,-0.150551,-0.948311],"extended":true,"handId":987,"id":9871,"length":57.352,"mcpPosition":[-0.972469,340.739,19.108],"pipPosition":[-6.95001,340.874,-22.3623],"stabilizedTipPosition":[-21.6665,319.439,-39.2008],"timeVisible":24.904,"tipPosition":[-19.0973,333.023,-55.4172],"tipVelocity":[56.572,225.644,-269.108],"tool":false,"touchDistance":-0.904964,"touchZone":"hovering","type":1,"width":18.8641},{"bases":[[[0.579061,-0.813121,-0.0593574],[0.771559,0.523028,0.36213],[-0.263409,-0.255493,0.930236]],[[0.571668,-0.819781,-0.033985],[0.554141,0.416309,-0.720843],[0.605082,0.39325,0.692265]],[[0.571668,-0.819781,-0.033985],[-0.216271,-0.1106,-0.970049],[0.791469,0.561895,-0.240522]],[[0.571668,-0.819781,-0.033985],[-0.568255,-0.36571,-0.737118],[0.591847,0.440698,-0.674909]]],"btipPosition":[-46.2973,284.086,7.03003],"carpPosition":[-2.98048,308.847,83.8268],"dipPosition":[-35.4506,292.163,-5.33897],"direction":[-0.791469,-0.561895,0.240522],"extended":false,"handId":987,"id":9872,"length":65.348,"mcpPosition":[14.9422,326.231,20.5323],"pipPosition":[-13.5011,307.746,-12.0093],"stabilizedTipPosition":[-47.4057,267.221,35.8799],"timeVisible":24.904,"tipPosition":[-44.145,285.665,5.74742],"tipVelocity":[46.7084,182.889,-377.741],"tool":false,"touchDistance":0.333333,"touchZone":"none","type":2,"width":18.527},{"bases":[[[0.474164,-0.878955,0.0510526],[0.802169,0.455187,0.386433],[-0.362895,-0.14228,0.920904]],[[0.478367,-0.877235,0.0403029],[0.621446,0.305742,-0.721337],[0.62046,0.37011,0.69141]],[[0.478367,-0.877235,0.0403029],[-0.203505,-0.155385,-0.966665],[0.854255,0.454219,-0.252853]],[[0.478367,-0.877235,0.0403029],[-0.586052,-0.353087,-0.729296],[0.653994,0.325251,-0.68301]]],"btipPosition":[-35.0508,274.183,15.5844],"carpPosition":[4.81145,299.817,82.6928],"dipPosition":[-23.134,280.11,3.13888],"direction":[-0.854255,-0.454219,0.252853],"extended":false,"handId":987,"id":9873,"length":62.8339,"mcpPosition":[26.9806,308.509,26.4351],"pipPosition":[-0.0551737,292.381,-3.69228],"stabilizedTipPosition":[-36.2048,254.707,52.3703],"timeVisible":24.904,"tipPosition":[-32.5684,275.445,14.4775],"tipVelocity":[40.0065,162.471,-358.629],"tool":false,"touchDistance":0.333333,"touchZone":"none","type":3,"width":17.6296},{"bases":[[[0.289873,-0.952561,0.0927377],[0.83092,0.298565,0.4695],[-0.474916,-0.059038,0.878048]],[[0.276227,-0.953857,0.117712],[0.694953,0.11363,-0.71002],[0.663882,0.277931,0.694273]],[[0.276227,-0.953857,0.117712],[-0.199685,-0.176764,-0.963784],[0.940119,0.242718,-0.239298]],[[0.276227,-0.953857,0.117712],[-0.605983,-0.267918,-0.749003],[0.745978,0.135564,-0.652027]]],"btipPosition":[-19.3047,273.065,23.1959],"carpPosition":[7.20462,286.219,81.2657],"dipPosition":[-6.76468,275.344,12.2352],"direction":[-0.940119,-0.242718,0.239298],"extended":false,"handId":987,"id":9874,"length":49.2606,"mcpPosition":[34.0612,289.558,31.612],"pipPosition":[11.1678,279.974,7.67065],"stabilizedTipPosition":[-19.6882,255.042,54.2915],"timeVisible":24.904,"tipPosition":[-16.4506,273.639,20.8989],"tipVelocity":[38.0022,145.045,-334.22],"tool":false,"touchDistance":0.333333,"touchZone":"none","type":4,"width":15.66}],"r":[[0.864955,-0.103747,0.491009],[0.211791,0.962464,-0.169727],[-0.454969,0.250797,0.854461]],"s":1.08162,"t":[5.33401,10.9521,-45.0008],"timestamp":669548152467},false],[1,{"currentFrameRate":52.6358,"devices":[],"gestures":[],"hands":[{"armBasis":[[0.621141,-0.774247,-0.121348],[0.745504,0.631492,-0.213169],[0.241676,0.041943,0.96945]],"armWidth":62.1429,"confidence":0.572376,"direction":[0.378955,0.314402,-0.87037],"elbow":[56.9886,307.087,338.112],"grabStrength":0.114813,"id":987,"palmNormal":[-0.66123,-0.566006,-0.492354],"palmPosition":[5.70939,315.881,34.8788],"palmVelocity":[39.5734,127.48,-259.641],"palmWidth":88.738,"pinchStrength":0.968524,"r":[[0.865207,-0.123131,0.486061],[0.22823,0.959848,-0.163106],[-0.446461,0.252054,0.85857]],"s":1.07351,"sphereCenter":[-14.6785,285.862,-2.25649],"sphereRadius":45.7857,"stabilizedPalmPosition":[-2.86692,282.562,77.0886],"t":[6.0813,13.3449,-49.8902],"timeVisible":24.9229,"type":"right","wrist":[-6.64885,296.043,82.8389]}],"id":4973144,"interactionBox":{"center":[0,200,0],"size":[235.247,235.247,147.751]},"pointables":[{"bases":[[[0.925893,0.260936,0.273193],[-0.373231,0.743755,0.554551],[-0.0584857,-0.615419,0.786027]],[[0.87208,0.485188,-0.0637881],[-0.450598,0.846991,0.282077],[0.190888,-0.217251,0.957269]],[[0.87208,0.485188,-0.0637881],[-0.485863,0.874018,0.00551478],[0.0584276,0.026183,0.997948]],[[0.87208,0.485188,-0.0637881],[-0.442013,0.725041,-0.528148],[-0.210002,0.488783,0.846753]]],"btipPosition":[-39.3208,308.769,-18.7377],"carpPosition":[-32.8783,310.22,80.3743],"dipPosition":[-44.114,319.926,0.588885],"direction":[-0.0584276,-0.026183,-0.997948],"extended":false,"handId":987,"id":9870,"length":50.8265,"mcpPosition":[-32.8783,310.22,80.3743],"pipPosition":[-42.1711,320.796,33.7724],"stabilizedTipPosition":[-42.7704,292.093,13.011],"timeVisible":24.9229,"tipPosition":[-39.8179,312.636,-14.205],"tipVelocity":[10.0857,176.948,-236.183],"tool":false,"touchDistance":-0.868332,"touchZone":"hovering","type":0,"width":19.7488},{"bases":[[[0.701868,-0.698487,-0.139631],[0.693205,0.624702,0.359464],[-0.163853,-0.34909,0.922653]],[[0.698901,-0.704474,-0.123505],[0.697958,0.709497,-0.097312],[0.15618,-0.0181898,0.987561]],[[0.698901,-0.704474,-0.123505],[0.653364,0.699114,-0.290439],[0.290951,0.122294,0.94889]],[[0.698901,-0.704474,-0.123505],[0.608304,0.676318,-0.415403],[0.376169,0.215197,0.901214]]],"btipPosition":[-19.1358,337.64,-64.229],"carpPosition":[-11.2219,318.3,80.7323],"dipPosition":[-12.8678,341.226,-49.2123],"direction":[-0.290951,-0.122294,-0.94889],"extended":true,"handId":987,"id":9871,"length":57.352,"mcpPosition":[0.534377,343.347,14.533],"pipPosition":[-6.00943,344.109,-26.8449],"stabilizedTipPosition":[-20.8469,323.365,-43.6523],"timeVisible":24.9229,"tipPosition":[-18.6613,337.337,-59.975],"tipVelocity":[42.5207,228.235,-255.434],"tool":false,"touchDistance":-0.911184,"touchZone":"hovering","type":1,"width":18.8641},{"bases":[[[0.544751,-0.835422,-0.0729142],[0.798119,0.489805,0.350852],[-0.257396,-0.249321,0.933588]],[[0.537581,-0.841867,-0.0476079],[0.575104,0.407357,-0.709447],[0.616653,0.354006,0.703149]],[[0.537581,-0.841867,-0.0476079],[-0.216136,-0.0830013,-0.972829],[0.815041,0.533265,-0.226577]],[[0.537581,-0.841867,-0.0476079],[-0.584284,-0.331202,-0.740889],[0.607962,0.426105,-0.669938]]],"btipPosition":[-46.8582,288.965,1.12596],"carpPosition":[-1.63916,311.24,79.1402],"dipPosition":[-35.7161,296.774,-11.1519],"direction":[-0.815041,-0.533265,0.226577],"extended":false,"handId":987,"id":9872,"length":65.348,"mcpPosition":[15.8744,328.204,15.6177],"pipPosition":[-13.1129,311.563,-17.4355],"stabilizedTipPosition":[-47.1767,268.954,33.1134],"timeVisible":24.9229,"tipPosition":[-44.6577,290.448,0.108765],"tipVelocity":[11.0136,218.207,-345.156],"tool":false,"touchDistance":0.333333,"touchZone":"none","type":2,"width":18.527},{"bases":[[[0.439209,-0.897537,0.0390258],[0.826387,0.420669,0.374328],[-0.35239,-0.132158,0.926475]],[[0.443172,-0.895982,0.0285312],[0.628813,0.288025,-0.722244],[0.6389,0.338019,0.69105]],[[0.443172,-0.895982,0.0285312],[-0.221213,-0.140149,-0.965103],[0.868714,0.421395,-0.260313]],[[0.443172,-0.895982,0.0285312],[-0.612913,-0.326079,-0.719729],[0.654168,0.301477,-0.693668]]],"btipPosition":[-35.9391,278.376,10.7948],"carpPosition":[5.76223,301.909,77.832],"dipPosition":[-24.0192,283.87,-1.84494],"direction":[-0.868714,-0.421395,0.260313],"extended":false,"handId":987,"id":9873,"length":62.8339,"mcpPosition":[27.2896,309.983,21.234],"pipPosition":[-0.54967,295.254,-8.87765],"stabilizedTipPosition":[-36.0563,255.937,50.1744],"timeVisible":24.9229,"tipPosition":[-33.5046,279.504,9.61717],"tipVelocity":[-2.6416,189.004,-308.202],"tool":false,"touchDistance":0.333333,"touchZone":"none","type":3,"width":17.6296},{"bases":[[[0.252851,-0.963886,0.083603],[0.850239,0.262608,0.456213],[-0.461692,-0.0442713,0.885935]],[[0.238602,-0.96479,0.110679],[0.700151,0.0919281,-0.708052],[0.672946,0.246435,0.697433]],[[0.238602,-0.96479,0.110679],[-0.2053,-0.161508,-0.965281],[0.949169,0.207596,-0.236607]],[[0.238602,-0.96479,0.110679],[-0.619171,-0.238939,-0.748021],[0.748128,0.10995,-0.654381]]],"btipPosition":[-20.1974,276.431,17.6689],"carpPosition":[7.58115,288.234,76.3055],"dipPosition":[-7.6212,278.28,6.66865],"direction":[-0.949169,-0.207596,0.236607],"extended":false,"handId":987,"id":9874,"length":49.2606,"mcpPosition":[33.6899,290.738,26.2058],"pipPosition":[10.4839,282.24,2.15544],"stabilizedTipPosition":[-19.5848,255.988,52.593],"timeVisible":24.9229,"tipPosition":[-17.4023,276.903,15.6661],"tipVelocity":[-3.57932,158.699,-313.972],"tool":false,"touchDistance":0.333333,"touchZone":"none","type":4,"width":15.66}],"r":[[0.865207,-0.123131,0.486061],[0.22823,0.959848,-0.163106],[-0.446461,0.252054,0.85857]],"s":1.07351,"t":[6.0813,13.3449,-49.8902],"timestamp":669548171366},false],[2,{"currentFrameRate":52.658,"devices":[],"gestures":[],"hands":[{"armBasis":[[0.609436,-0.783052,-0.124168],[0.757745,0.621353,-0.199357],[0.233259,0.0274078,0.972028]],"armWidth":62.1429,"confidence":0.433828,"direction":[0.368206,0.328266,-0.869865],"elbow":[56.0815,305.006,332.114],"grabStrength":0.10555,"id":987,"palmNormal":[-0.684045,-0.538004,-0.492579],"palmPosition":[6.48833,318.581,28.4733],"palmVelocity":[40.3675,134.998,-298.444],"palmWidth":88.738,"pinchStrength":0.992458,"r":[[0.866486,-0.14501,0.477676],[0.245061,0.957207,-0.153948],[-0.434911,0.250454,0.864942]],"s":1.06723,"sphereCenter":[-15.4913,290.214,-9.07667],"sphereRadius":45.8059,"stabilizedPalmPosition":[-2.62936,283.476,75.8541],"t":[6.84442,15.8915,-55.5376],"timeVisible":24.9418,"type":"right","wrist":[-5.33961,297.789,76.1621]}],"id":4973145,"interactionBox":{"center":[0,200,0],"size":[235.247,235.247,147.751]},"pointables":[{"bases":[[[0.937062,0.232841,0.260193],[-0.344553,0.737332,0.581054],[-0.0565558,-0.634134,0.771152]],[[0.881415,0.467114,-0.0700866],[-0.425068,0.849122,0.313542],[0.205972,-0.246569,0.946984]],[[0.881415,0.467114,-0.0700866],[-0.465597,0.884197,0.0376127],[0.0795397,-0.00052025,0.996832]],[[0.881415,0.467114,-0.0700866],[-0.436107,0.747793,-0.500617],[-0.181435,0.471816,0.862827]]],"btipPosition":[-39.811,313.864,-24.3288],"carpPosition":[-31.2802,312.612,74.6123],"dipPosition":[-43.9521,324.633,-4.63533],"direction":[-0.0795397,0.00052025,-0.996832],"extended":false,"handId":987,"id":9870,"length":50.8265,"mcpPosition":[-31.2802,312.612,74.6123],"pipPosition":[-41.3073,324.616,28.5111],"stabilizedTipPosition":[-42.5656,294.566,9.66358],"timeVisible":24.9418,"tipPosition":[-40.1333,317.593,-19.7006],"tipVelocity":[-3.6892,220.004,-263.176],"tool":false,"touchDistance":-0.892433,"touchZone":"hovering","type":0,"width":19.7488},{"bases":[[[0.682572,-0.710259,-0.172128],[0.714638,0.599393,0.360584],[-0.152935,-0.369134,0.916707]],[[0.679797,-0.716596,-0.156096],[0.71296,0.695608,-0.0884163],[0.17194,-0.051185,0.983777]],[[0.679797,-0.716596,-0.156096],[0.667807,0.692796,-0.272152],[0.303166,0.0807662,0.949509]],[[0.679797,-0.716596,-0.156096],[0.623323,0.676678,-0.391886],[0.38645,0.169104,0.906675]]],"btipPosition":[-19.2572,344.098,-69.7618],"carpPosition":[-9.44041,320.19,74.7198],"dipPosition":[-12.8179,346.916,-54.6541],"direction":[-0.303166,-0.0807662,-0.949509],"extended":true,"handId":987,"id":9871,"length":57.352,"mcpPosition":[1.53252,346.675,8.94726],"pipPosition":[-5.67162,348.82,-32.2721],"stabilizedTipPosition":[-20.1684,328.089,-48.6532],"timeVisible":24.9418,"tipPosition":[-18.8106,343.573,-65.5143],"tipVelocity":[19.5329,279.225,-273.117],"tool":false,"touchDistance":-0.931077,"touchZone":"hovering","type":1,"width":18.8641},{"bases":[[[0.523738,-0.845306,-0.105627],[0.816215,0.462437,0.346331],[-0.24391,-0.267601,0.932147]],[[0.516949,-0.852234,-0.0803784],[0.581897,0.418723,-0.697185],[0.627821,0.313637,0.712371]],[[0.516949,-0.852234,-0.0803784],[-0.221061,-0.0421963,-0.974347],[0.82698,0.521456,-0.210209]],[[0.516949,-0.852234,-0.0803784],[-0.597127,-0.291732,-0.747216],[0.613354,0.434269,-0.659703]]],"btipPosition":[-47.1491,294.005,-6.24419],"carpPosition":[-0.0576249,312.96,72.747],"dipPosition":[-35.9083,301.963,-18.3345],"direction":[-0.82698,-0.521456,0.210209],"extended":false,"handId":987,"id":9872,"length":65.348,"mcpPosition":[16.5383,331.168,9.3226],"pipPosition":[-12.974,316.425,-24.1642],"stabilizedTipPosition":[-46.99,270.875,30.1026],"timeVisible":24.9418,"tipPosition":[-44.9011,295.465,-7.10032],"tipVelocity":[-1.34732,242.79,-365.913],"tool":false,"touchDistance":0.333333,"touchZone":"none","type":2,"width":18.527},{"bases":[[[0.419106,-0.907911,0.00689158],[0.843357,0.392095,0.367438],[-0.336303,-0.148183,0.930023]],[[0.422036,-0.906578,-0.00125724],[0.628595,0.293626,-0.720175],[0.653264,0.30315,0.693791]],[[0.422036,-0.906578,-0.00125724],[-0.233714,-0.10746,-0.966349],[0.875936,0.408128,-0.257232]],[[0.422036,-0.906578,-0.00125724],[-0.629286,-0.291951,-0.720253],[0.652598,0.304764,-0.693711]]],"btipPosition":[-36.3782,282.766,3.59011],"carpPosition":[7.09834,303.502,71.046],"dipPosition":[-24.4868,288.319,-9.0504],"direction":[-0.875936,-0.408128,0.257232],"extended":false,"handId":987,"id":9873,"length":62.8339,"mcpPosition":[27.643,312.555,14.2312],"pipPosition":[-0.822203,299.345,-15.9999],"stabilizedTipPosition":[-35.939,257.303,47.7691],"timeVisible":24.9418,"tipPosition":[-33.9241,283.854,2.451],"tipVelocity":[-12.9062,210.524,-343.919],"tool":false,"touchDistance":0.333333,"touchZone":"none","type":3,"width":17.6296},{"bases":[[[0.232219,-0.971181,0.0536785],[0.865229,0.231467,0.444749],[-0.444357,-0.0568349,0.894045]],[[0.217801,-0.972507,0.0824166],[0.694272,0.0950291,-0.713411],[0.685966,0.212602,0.695882]],[[0.217801,-0.972507,0.0824166],[-0.222031,-0.131601,-0.966118],[0.950403,0.192123,-0.244589]],[[0.217801,-0.972507,0.0824166],[-0.637412,-0.205684,-0.742563],[0.739099,0.109198,-0.664686]]],"btipPosition":[-20.5097,280.216,10.4174],"carpPosition":[8.56984,289.834,69.1336],"dipPosition":[-8.08531,282.052,-0.756113],"direction":[-0.950403,-0.192123,0.244589],"extended":false,"handId":987,"id":9874,"length":49.2606,"mcpPosition":[33.6982,293.048,18.5753],"pipPosition":[10.0434,285.716,-5.42158],"stabilizedTipPosition":[-19.5167,256.856,51.0175],"timeVisible":24.9418,"tipPosition":[-17.7846,280.659,8.46629],"tipVelocity":[-10.8317,178.953,-349.103],"tool":false,"touchDistance":0.333333,"touchZone":"none","type":4,"width":15.66}],"r":[[0.866486,-0.14501,0.477676],[0.245061,0.957207,-0.153948],[-0.434911,0.250454,0.864942]],"s":1.06723,"t":[6.84442,15.8915,-55.5376],"timestamp":669548190276},false],[3,{"currentFrameRate":52.676,"devices":[],"gestures":[],"hands":[{"armBasis":[[0.607341,-0.782111,-0.139422],[0.75486,0.62283,-0.205594],[0.247634,0.0196215,0.968655]],"armWidth":62.1429,"confidence":0.463119,"direction":[0.368101,0.332586,-0.868267],"elbow":[59.7828,305.318,327.602],"grabStrength":0.095659,"id":987,"palmNormal":[-0.682499,-0.537523,-0.495241],"palmPosition":[6.39252,321.163,24.9418],"palmVelocity":[18.0723,135.701,-243.588],"palmWidth":88.738,"pinchStrength":1,"r":[[0.86717,-0.162445,0.470774],[0.258136,0.955021,-0.145948],[-0.425891,0.248085,0.870098]],"s":1.0631,"sphereCenter":[-15.675,293.204,-12.8026],"sphereRadius":45.7898,"stabilizedPalmPosition":[-2.42287,284.339,74.6888],"t":[7.17807,18.4554,-60.1271],"timeVisible":24.9608,"type":"right","wrist":[-5.42351,300.151,72.5378]}],"id":4973146,"interactionBox":{"center":[0,200,0],"size":[235.247,235.247,147.751]},"pointables":[{"bases":[[[0.936358,0.23386,0.261809],[-0.3466,0.734219,0.583773],[-0.0557042,-0.637364,0.768547]],[[0.880389,0.469401,-0.0676627],[-0.427059,0.846715,0.317323],[0.206243,-0.250472,0.9459]],[[0.880389,0.469401,-0.0676627],[-0.467661,0.882976,0.0405745],[0.0787902,-0.00407815,0.996883]],[[0.880389,0.469401,-0.0676627],[-0.437375,0.748467,-0.498498],[-0.183352,0.468466,0.864246]]],"btipPosition":[-39.8711,316.561,-27.8934],"carpPosition":[-31.3957,314.924,71.029],"dipPosition":[-44.056,327.253,-8.16756],"direction":[-0.0787902,0.00407815,-0.996883],"extended":false,"handId":987,"id":9870,"length":50.8265,"mcpPosition":[-31.3957,314.924,71.029],"pipPosition":[-41.436,327.117,24.9805],"stabilizedTipPosition":[-42.385,297.116,6.22133],"timeVisible":24.9608,"tipPosition":[-40.2144,320.243,-23.261],"tipVelocity":[-3.69737,181.523,-226.295],"tool":false,"touchDistance":-0.884881,"touchZone":"hovering","type":0,"width":19.7488},{"bases":[[[0.684265,-0.708048,-0.174497],[0.713051,0.599512,0.363517],[-0.152774,-0.373167,0.915099]],[[0.681608,-0.714203,-0.159135],[0.712276,0.697417,-0.079205],[0.167552,-0.0593608,0.984075]],[[0.681608,-0.714203,-0.159135],[0.670444,0.696702,-0.255169],[0.293112,0.0672343,0.953711]],[[0.681608,-0.714203,-0.159135],[0.629271,0.68313,-0.37061],[0.373401,0.152472,0.915054]]],"btipPosition":[-18.7629,347.686,-73.4345],"carpPosition":[-9.57286,322.55,71.1829],"dipPosition":[-12.541,350.226,-58.1872],"direction":[-0.293112,-0.0672343,-0.953711],"extended":true,"handId":987,"id":9871,"length":57.352,"mcpPosition":[1.38852,349.324,5.52569],"pipPosition":[-5.63174,351.811,-35.7061],"stabilizedTipPosition":[-19.5161,332.73,-53.5458],"timeVisible":24.9608,"tipPosition":[-18.4056,347.039,-69.1845],"tipVelocity":[21.4723,233.597,-233.522],"tool":false,"touchDistance":-0.920912,"touchZone":"hovering","type":1,"width":18.8641},{"bases":[[[0.525683,-0.843713,-0.108656],[0.814941,0.462839,0.348785],[-0.243984,-0.271899,0.930883]],[[0.518847,-0.850802,-0.0832764],[0.591204,0.427477,-0.683917],[0.617476,0.305614,0.724792]],[[0.518847,-0.850802,-0.0832764],[-0.20676,-0.0303702,-0.97792],[0.829487,0.524609,-0.191669]],[[0.518847,-0.850802,-0.0832764],[-0.588171,-0.284589,-0.75701],[0.620366,0.441753,-0.648075]]],"btipPosition":[-46.9709,296.838,-11.0286],"carpPosition":[-0.172683,315.348,69.1878],"dipPosition":[-35.6015,304.934,-22.9058],"direction":[-0.829487,-0.524609,0.191669],"extended":false,"handId":987,"id":9872,"length":65.348,"mcpPosition":[16.4283,333.849,5.84936],"pipPosition":[-12.5977,319.482,-28.2213],"stabilizedTipPosition":[-46.8116,272.76,27.1312],"timeVisible":24.9608,"tipPosition":[-44.7018,298.307,-11.782],"tipVelocity":[4.70438,197.947,-309.176],"tool":false,"touchDistance":0.333333,"touchZone":"none","type":2,"width":18.527},{"bases":[[[0.421109,-0.907003,0.00353364],[0.842223,0.392473,0.369628],[-0.33664,-0.152678,0.929173]],[[0.423907,-0.905696,-0.00422862],[0.62843,0.29749,-0.718732],[0.65221,0.302018,0.695275]],[[0.423907,-0.905696,-0.00422862],[-0.233339,-0.1047,-0.966742],[0.875132,0.410795,-0.255717]],[[0.423907,-0.905696,-0.00422862],[-0.628674,-0.290881,-0.721219],[0.651975,0.308388,-0.692694]]],"btipPosition":[-36.3715,285.363,-0.074277],"carpPosition":[7.00542,305.913,67.4538],"dipPosition":[-24.4915,290.982,-12.6963],"direction":[-0.875132,-0.410795,0.255717],"extended":false,"handId":987,"id":9873,"length":62.8339,"mcpPosition":[27.5707,315.24,10.6909],"pipPosition":[-0.848616,302.08,-19.6048],"stabilizedTipPosition":[-35.8237,258.776,45.2232],"timeVisible":24.9608,"tipPosition":[-33.9164,286.46,-1.26176],"tipVelocity":[-6.46776,174.96,-270.084],"tool":false,"touchDistance":0.333333,"touchZone":"none","type":3,"width":17.6296},{"bases":[[[0.234329,-0.970874,0.0499295],[0.864396,0.231582,0.446306],[-0.44487,-0.0614238,0.893486]],[[0.219221,-0.972392,0.0799784],[0.703951,0.100877,-0.703048],[0.67557,0.210424,0.70663]],[[0.219221,-0.972392,0.0799784],[-0.209499,-0.126974,-0.96953],[0.952918,0.195786,-0.23155]],[[0.219221,-0.972392,0.0799784],[-0.630649,-0.203768,-0.748839],[0.744462,0.113723,-0.657908]]],"btipPosition":[-20.3216,282.827,6.06947],"carpPosition":[8.50854,292.256,65.4874],"dipPosition":[-7.80709,284.738,-4.9901],"direction":[-0.952918,-0.195786,0.23155],"extended":false,"handId":987,"id":9874,"length":49.2606,"mcpPosition":[33.666,295.729,14.9606],"pipPosition":[10.3696,288.473,-9.40685],"stabilizedTipPosition":[-19.4529,257.669,49.5559],"timeVisible":24.9608,"tipPosition":[-17.6246,283.277,4.30076],"tipVelocity":[-0.100212,159.304,-289.885],"tool":false,"touchDistance":0.333333,"touchZone":"none","type":4,"width":15.66}],"r":[[0.86717,-0.162445,0.470774],[0.258136,0.955021,-0.145948],[-0.425891,0.248085,0.870098]],"s":1.0631,"t":[7.17807,18.4554,-60.1271],"timestamp":669548209195},false],[4,{"currentFrameRate":52.6634,"devices":[],"gestures":[],"hands":[{"armBasis":[[0.614829,-0.781109,-0.108876],[0.755883,0.623019,-0.201215],[0.225003,0.0414155,0.973477]],"armWidth":62.1429,"confidence":0.470272,"direction":[0.364702,0.330971,-0.870317],"elbow":[54.3647,312.096,327.476],"grabStrength":0.0869162,"id":987,"palmNormal":[-0.684811,-0.53797,-0.49155],"palmPosition":[6.74868,322.117,23.4636],"palmVelocity":[18.3875,93.5423,-161.816],"palmWidth":88.738,"pinchStrength":1,"r":[[0.867874,-0.176285,0.464455],[0.268584,0.953005,-0.140157],[-0.41792,0.246384,0.874436]],"s":1.0596,"sphereCenter":[-15.5746,294.15,-14.2754],"sphereRadius":45.8976,"stabilizedPalmPosition":[-2.22748,285.144,73.5975],"t":[7.52298,20.2146,-63.1609],"timeVisible":24.9798,"type":"right","wrist":[-4.88252,301.19,71.1421]}],"id":4973147,"interactionBox":{"center":[0,200,0],"size":[235.247,235.247,147.751]},"pointables":[{"bases":[[[0.937548,0.233791,0.257574],[-0.343812,0.735356,0.583991],[-0.0528768,-0.636077,0.769812]],[[0.880368,0.468794,-0.0720035],[-0.424347,0.846343,0.321922],[0.211855,-0.252855,0.944024]],[[0.880368,0.468794,-0.0720035],[-0.466885,0.883299,0.0424313],[0.0834922,-0.00373778,0.996501]],[[0.880368,0.468794,-0.0720035],[-0.439344,0.748852,-0.496183],[-0.178688,0.468458,0.865227]]],"btipPosition":[-39.8643,317.715,-29.1249],"carpPosition":[-30.8529,315.974,69.7159],"dipPosition":[-43.9428,328.408,-9.37666],"direction":[-0.0834922,0.00373778,-0.996501],"extended":false,"handId":987,"id":9870,"length":50.8265,"mcpPosition":[-30.8529,315.974,69.7159],"pipPosition":[-41.1665,328.283,23.7588],"stabilizedTipPosition":[-42.221,299.506,3.02771],"timeVisible":24.9798,"tipPosition":[-40.1788,321.21,-24.5169],"tipVelocity":[-1.06645,121.966,-146.523],"tool":false,"touchDistance":-0.843121,"touchZone":"hovering","type":0,"width":19.7488},{"bases":[[[0.683171,-0.708695,-0.176149],[0.714853,0.599727,0.3596],[-0.149205,-0.371589,0.916329]],[[0.680655,-0.714642,-0.16123],[0.713049,0.696753,-0.0780789],[0.168136,-0.0618197,0.983824]],[[0.680655,-0.714642,-0.16123],[0.672822,0.696862,-0.248384],[0.28986,0.060585,0.955149]],[[0.680655,-0.714642,-0.16123],[0.633422,0.684651,-0.360595],[0.368082,0.143314,0.918682]]],"btipPosition":[-18.331,349.024,-75.0219],"carpPosition":[-9.02568,323.588,69.7676],"dipPosition":[-12.1978,351.412,-59.7142],"direction":[-0.28986,-0.060585,-0.955149],"extended":true,"handId":987,"id":9871,"length":57.352,"mcpPosition":[1.67962,350.25,4.02212],"pipPosition":[-5.36511,352.84,-37.1992],"stabilizedTipPosition":[-18.912,336.65,-57.7245],"timeVisible":24.9798,"tipPosition":[-18.0087,348.324,-70.7843],"tipVelocity":[21.5448,152.207,-159.177],"tool":false,"touchDistance":-0.880757,"touchZone":"hovering","type":1,"width":18.8641},{"bases":[[[0.52479,-0.844168,-0.109435],[0.816611,0.462976,0.344673],[-0.240296,-0.270247,0.932322]],[[0.518041,-0.851225,-0.0839657],[0.5947,0.428993,-0.679924],[0.614789,0.302294,0.728459]],[[0.518041,-0.851225,-0.0839657],[-0.201615,-0.0261186,-0.979116],[0.831255,0.524151,-0.185151]],[[0.518041,-0.851225,-0.0839657],[-0.58577,-0.281521,-0.760012],[0.623303,0.442902,-0.644462]]],"btipPosition":[-46.6632,297.904,-12.988],"carpPosition":[0.362445,316.379,67.7456],"dipPosition":[-35.24,306.021,-24.799],"direction":[-0.831255,-0.524151,0.185151],"extended":false,"handId":987,"id":9872,"length":65.348,"mcpPosition":[16.7125,334.767,4.30928],"pipPosition":[-12.1872,320.557,-29.9337],"stabilizedTipPosition":[-46.6352,274.476,24.4086],"timeVisible":24.9798,"tipPosition":[-44.3679,299.385,-13.7397],"tipVelocity":[10.6719,128.116,-207.146],"tool":false,"touchDistance":0.333333,"touchZone":"none","type":2,"width":18.527},{"bases":[[[0.420646,-0.907219,0.00328716],[0.843942,0.39263,0.365519],[-0.332896,-0.15098,0.930798]],[[0.422404,-0.906406,-0.00164599],[0.642956,0.30091,-0.704316],[0.638891,0.296447,0.709885]],[[0.422404,-0.906406,-0.00164599],[-0.213678,-0.0978133,-0.971995],[0.880861,0.410926,-0.234996]],[[0.422404,-0.906406,-0.00164599],[-0.618386,-0.286852,-0.731652],[0.662702,0.310071,-0.681676]]],"btipPosition":[-35.8471,286.491,-3.02696],"carpPosition":[7.52841,306.937,65.9976],"dipPosition":[-23.7717,292.141,-15.4482],"direction":[-0.880861,-0.410926,0.234996],"extended":false,"handId":987,"id":9873,"length":62.8339,"mcpPosition":[27.8649,316.16,9.13548],"pipPosition":[0.026026,303.243,-21.7969],"stabilizedTipPosition":[-35.7086,259.988,43.0876],"timeVisible":24.9798,"tipPosition":[-33.3745,287.569,-3.89664],"tipVelocity":[11.4612,118.142,-212.235],"tool":false,"touchDistance":0.333333,"touchZone":"none","type":3,"width":17.6296},{"bases":[[[0.234025,-0.970915,0.050555],[0.866345,0.231854,0.442369],[-0.441224,-0.0597271,0.895407]],[[0.218516,-0.972406,0.0817088],[0.705255,0.0995008,-0.701937],[0.674438,0.21101,0.707537]],[[0.218516,-0.972406,0.0817088],[-0.209282,-0.128484,-0.969378],[0.953127,0.194725,-0.231583]],[[0.218516,-0.972406,0.0817088],[-0.632239,-0.20486,-0.747199],[0.74332,0.111616,-0.659558]]],"btipPosition":[-19.9658,283.786,4.51795],"carpPosition":[9.01629,293.276,64.0474],"dipPosition":[-7.47046,285.662,-6.56935],"direction":[-0.953127,-0.194725,0.231583],"extended":false,"handId":987,"id":9874,"length":49.2606,"mcpPosition":[33.9675,296.653,13.412],"pipPosition":[10.7102,289.377,-10.9867],"stabilizedTipPosition":[-19.3885,258.394,48.2569],"timeVisible":24.9798,"tipPosition":[-17.2912,284.221,2.77098],"tipVelocity":[9.04785,105.425,-187.36],"tool":false,"touchDistance":0.333333,"touchZone":"none","type":4,"width":15.66}],"r":[[0.867874,-0.176285,0.464455],[0.268584,0.953005,-0.140157],[-0.41792,0.246384,0.874436]],"s":1.0596,"t":[7.52298,20.2146,-63.1609],"timestamp":669548228229},false],[5,{"currentFrameRate":52.5496,"devices":[],"gestures":[],"hands":[{"armBasis":[[0.617331,-0.780334,-0.0999065],[0.752354,0.622712,-0.214926],[0.229927,0.0575152,0.971507]],"armWidth":62.1429,"confidence":0.495636,"direction":[0.360264,0.342863,-0.867557],"elbow":[56.0212,316.089,323.976],"grabStrength":0.0793447,"id":987,"palmNormal":[-0.688671,-0.529569,-0.495268],"palmPosition":[6.87096,322.538,20.7232],"palmVelocity":[12.3367,57.5695,-151.38],"palmWidth":88.738,"pinchStrength":1,"r":[[0.868749,-0.188978,0.45778],[0.277149,0.951557,-0.133142],[-0.410443,0.24254,0.87904]],"s":1.05602,"sphereCenter":[-15.8206,295.122,-17.4432],"sphereRadius":46.0503,"stabilizedPalmPosition":[-2.09984,285.668,72.8558],"t":[7.75657,21.3044,-66.048],"timeVisible":24.9992,"type":"right","wrist":[-4.52257,300.944,68.1614]}],"id":4973148,"interactionBox":{"center":[0,200,0],"size":[235.247,235.247,147.751]},"pointables":[{"bases":[[[0.939469,0.228349,0.25545],[-0.339024,0.727453,0.596553],[-0.0496055,-0.647046,0.760835]],[[0.880995,0.467928,-0.069931],[-0.419377,0.840758,0.342415],[0.219021,-0.272339,0.936943]],[[0.880995,0.467928,-0.069931],[-0.464451,0.883517,0.0606778],[0.0901782,-0.0209773,0.995705]],[[0.880995,0.467928,-0.069931],[-0.44087,0.758277,-0.48026],[-0.1717,0.453937,0.874334]]],"btipPosition":[-40.2149,319.389,-31.5768],"carpPosition":[-30.4729,315.794,67.1006],"dipPosition":[-44.1339,329.749,-11.6207],"direction":[-0.0901782,0.0209773,-0.995705],"extended":false,"handId":987,"id":9870,"length":50.8265,"mcpPosition":[-30.4729,315.794,67.1006],"pipPosition":[-41.1353,329.052,21.4882],"stabilizedTipPosition":[-42.1163,301.616,0.183574],"timeVisible":24.9992,"tipPosition":[-40.489,322.56,-26.9437],"tipVelocity":[-8.60877,102.046,-135.086],"tool":false,"touchDistance":-0.823204,"touchZone":"hovering","type":0,"width":19.7488},{"bases":[[[0.680796,-0.707306,-0.190356],[0.718062,0.593173,0.364051],[-0.144581,-0.384532,0.911719]],[[0.678401,-0.713355,-0.175776],[0.714595,0.696257,-0.0676793],[0.170664,-0.0796946,0.982101]],[[0.678401,-0.713355,-0.175776],[0.67563,0.699731,-0.232163],[0.288611,0.0387406,0.956662]],[[0.678401,-0.713355,-0.175776],[0.637769,0.690572,-0.341117],[0.364723,0.11931,0.92344]]],"btipPosition":[-18.2889,351.395,-77.3666],"carpPosition":[-8.63131,323.367,67.135],"dipPosition":[-12.2117,353.383,-61.9795],"direction":[-0.288611,-0.0387406,-0.956662],"extended":true,"handId":987,"id":9871,"length":57.352,"mcpPosition":[1.7422,350.957,1.72024],"pipPosition":[-5.40847,354.296,-39.4289],"stabilizedTipPosition":[-18.4291,340.282,-61.5723],"timeVisible":24.9992,"tipPosition":[-17.9918,350.586,-73.1515],"tipVelocity":[11.5202,134.72,-139.413],"tool":false,"touchDistance":-0.855911,"touchZone":"hovering","type":1,"width":18.8641},{"bases":[[[0.522549,-0.843443,-0.124683],[0.819473,0.456468,0.346556],[-0.235386,-0.283267,0.929706]],[[0.515922,-0.850869,-0.0992308],[0.595211,0.43937,-0.672813],[0.616075,0.288056,0.733127]],[[0.515922,-0.850869,-0.0992308],[-0.201825,-0.00815714,-0.979388],[0.832521,0.525315,-0.175935]],[[0.515922,-0.850869,-0.0992308],[-0.587303,-0.267003,-0.764058],[0.623618,0.452473,-0.637471]]],"btipPosition":[-46.7298,299.043,-16.2045],"carpPosition":[0.731262,316.171,64.9543],"dipPosition":[-35.3008,307.336,-27.8874],"direction":[-0.832521,-0.525315,0.175935],"extended":false,"handId":987,"id":9872,"length":65.348,"mcpPosition":[16.7472,335.445,1.69589],"pipPosition":[-12.2129,321.904,-32.7666],"stabilizedTipPosition":[-46.506,275.826,22.2014],"timeVisible":24.9992,"tipPosition":[-44.4148,300.546,-16.9801],"tipVelocity":[3.655,94.3932,-185.53],"tool":false,"touchDistance":0.333333,"touchZone":"none","type":2,"width":18.527},{"bases":[[[0.418943,-0.90793,-0.0122781],[0.846791,0.385779,0.366223],[-0.327768,-0.163823,0.930446]],[[0.419081,-0.90786,-0.0126715],[0.661136,0.314696,-0.681077],[0.622311,0.277049,0.732102]],[[0.419081,-0.90786,-0.0126715],[-0.17914,-0.0689955,-0.981401],[0.890101,0.413557,-0.191549]],[[0.419081,-0.90786,-0.0126715],[-0.594148,-0.26366,-0.759916],[0.686556,0.325995,-0.649898]]],"btipPosition":[-35.7815,287.565,-8.69579],"carpPosition":[7.8691,306.743,63.0282],"dipPosition":[-23.2714,293.506,-20.538],"direction":[-0.890101,-0.413557,0.191549],"extended":false,"handId":987,"id":9873,"length":62.8339,"mcpPosition":[27.8923,316.75,6.18755],"pipPosition":[0.775899,304.678,-25.7129],"stabilizedTipPosition":[-35.6364,260.734,41.6843],"timeVisible":24.9992,"tipPosition":[-33.1557,288.683,-9.09433],"tipVelocity":[9.9879,88.4001,-248.492],"tool":false,"touchDistance":0.333333,"touchZone":"none","type":3,"width":17.6296},{"bases":[[[0.232479,-0.971966,0.0351528],[0.869337,0.223868,0.440609],[-0.436127,-0.0718729,0.897011]],[[0.215551,-0.97401,0.0695912],[0.711715,0.10791,-0.69413],[0.66858,0.19915,0.716478]],[[0.215551,-0.97401,0.0695912],[-0.201781,-0.114156,-0.972755],[0.955417,0.195636,-0.221143]],[[0.215551,-0.97401,0.0695912],[-0.629868,-0.193142,-0.752305],[0.746193,0.118327,-0.655129]]],"btipPosition":[-19.8405,284.584,0.670082],"carpPosition":[9.31981,293.108,60.8721],"dipPosition":[-7.29688,286.573,-10.3428],"direction":[-0.955417,-0.195636,0.221143],"extended":false,"handId":987,"id":9874,"length":49.2606,"mcpPosition":[33.9828,297.172,10.1461],"pipPosition":[10.9274,290.305,-14.561],"stabilizedTipPosition":[-19.3447,258.873,47.355],"timeVisible":24.9992,"tipPosition":[-17.1894,285.015,-0.903851],"tipVelocity":[8.0314,73.893,-192.199],"tool":false,"touchDistance":0.333333,"touchZone":"none","type":4,"width":15.66}],"r":[[0.868749,-0.188978,0.45778],[0.277149,0.951557,-0.133142],[-0.410443,0.24254,0.87904]],"s":1.05602,"t":[7.75657,21.3044,-66.048],"timestamp":669548247671},false],[6,{"currentFrameRate":52.6403,"devices":[],"gestures":[],"hands":[{"armBasis":[[0.61785,-0.78073,-0.0933892],[0.755984,0.622487,-0.20248],[0.216215,0.0545013,0.974823]],"armWidth":62.1429,"confidence":0.508455,"direction":[0.356217,0.34784,-0.867247],"elbow":[52.6188,315.33,321.938],"grabStrength":0.0722499,"id":987,"palmNormal":[-0.693819,-0.523214,-0.494835],"palmPosition":[6.86916,322.877,17.9011],"palmVelocity":[6.29225,38.4179,-151.281],"palmWidth":88.738,"pinchStrength":1,"r":[[0.869737,-0.200441,0.450978],[0.284606,0.950258,-0.126528],[-0.403184,0.238397,0.883521]],"s":1.05115,"sphereCenter":[-16.2617,295.661,-20.5225],"sphereRadius":46.2681,"stabilizedPalmPosition":[-2.03382,285.942,72.4513],"t":[7.87247,22.019,-68.9027],"timeVisible":25.0179,"type":"right","wrist":[-4.3145,300.979,65.2496]}],"id":4973149,"interactionBox":{"center":[0,200,0],"size":[235.247,235.247,147.751]},"pointables":[{"bases":[[[0.941932,0.222794,0.25125],[-0.332437,0.724354,0.603985],[-0.0474297,-0.652437,0.756357]],[[0.88278,0.464384,-0.0710447],[-0.412565,0.838669,0.355562],[0.2247,-0.284572,0.931949]],[[0.88278,0.464384,-0.0710447],[-0.459886,0.88512,0.0711912],[0.0959431,-0.0301737,0.994929]],[[0.88278,0.464384,-0.0710447],[-0.44019,0.76482,-0.470408],[-0.164113,0.446539,0.879585]]],"btipPosition":[-40.5955,320.602,-34.0685],"carpPosition":[-30.2121,315.937,64.4599],"dipPosition":[-44.3413,330.794,-13.9925],"direction":[-0.0959431,0.0301737,-0.994929],"extended":false,"handId":987,"id":9870,"length":50.8265,"mcpPosition":[-30.2121,315.937,64.4599],"pipPosition":[-41.151,329.791,19.0906],"stabilizedTipPosition":[-42.067,303.211,-2.0324],"timeVisible":25.0179,"tipPosition":[-40.8592,323.557,-29.4307],"tipVelocity":[-13.2969,83.0294,-133.583],"tool":false,"touchDistance":-0.806178,"touchZone":"touching","type":0,"width":19.7488},{"bases":[[[0.676803,-0.708534,-0.199792],[0.722646,0.587669,0.363908],[-0.140429,-0.390673,0.909755]],[[0.674425,-0.714806,-0.18494],[0.717743,0.693464,-0.0628752],[0.173193,-0.0903348,0.980736]],[[0.674425,-0.714806,-0.18494],[0.67964,0.698891,-0.222804],[0.288514,0.0245716,0.95716]],[[0.674425,-0.714806,-0.18494],[0.64284,0.691682,-0.329141],[0.363191,0.103094,0.925993]]],"btipPosition":[-18.3747,352.943,-79.9442],"carpPosition":[-8.34102,323.425,64.4135],"dipPosition":[-12.3229,354.661,-64.5146],"direction":[-0.288514,-0.0245716,-0.95716],"extended":true,"handId":987,"id":9871,"length":57.352,"mcpPosition":[1.73461,351.456,-0.860266],"pipPosition":[-5.52201,355.24,-41.9522],"stabilizedTipPosition":[-18.1355,342.933,-64.5814],"timeVisible":25.0179,"tipPosition":[-18.0997,352.08,-75.7484],"tipVelocity":[3.53367,107.93,-138.508],"tool":false,"touchDistance":-0.83717,"touchZone":"hovering","type":1,"width":18.8641},{"bases":[[[0.518432,-0.844533,-0.134135],[0.823405,0.450702,0.344777],[-0.230721,-0.289191,0.929052]],[[0.511973,-0.852078,-0.108847],[0.602388,0.446469,-0.66166],[0.612382,0.273184,0.741862]],[[0.511973,-0.852078,-0.108847],[-0.192157,0.00989798,-0.981314],[0.837233,0.523322,-0.158665]],[[0.511973,-0.852078,-0.108847],[-0.582751,-0.251431,-0.772777],[0.631098,0.459071,-0.625275]]],"btipPosition":[-46.8934,300.117,-20.1057],"carpPosition":[0.97935,316.208,62.1216],"dipPosition":[-35.3273,308.53,-31.5651],"direction":[-0.837233,-0.523322,0.158665],"extended":false,"handId":987,"id":9872,"length":65.348,"mcpPosition":[16.6779,335.885,-1.09222],"pipPosition":[-12.1087,323.044,-35.9652],"stabilizedTipPosition":[-46.4348,276.647,20.7942],"timeVisible":25.0179,"tipPosition":[-44.5405,301.617,-20.7124],"tipVelocity":[-1.56009,77.1963,-195.589],"tool":false,"touchDistance":0.333333,"touchZone":"none","type":2,"width":18.527},{"bases":[[[0.415272,-0.909442,-0.0215618],[0.850566,0.379764,0.363753],[-0.322624,-0.169396,0.931246]],[[0.414229,-0.909983,-0.018558],[0.681389,0.323561,-0.656519],[0.603426,0.259304,0.754081]],[[0.414229,-0.909983,-0.018558],[-0.140699,-0.043876,-0.98908],[0.899232,0.412317,-0.146209]],[[0.414229,-0.909983,-0.018558],[-0.566958,-0.242025,-0.78739],[0.71202,0.336682,-0.616176]]],"btipPosition":[-35.7849,288.542,-14.4881],"carpPosition":[8.06782,306.767,60.0818],"dipPosition":[-22.8107,294.677,-25.7158],"direction":[-0.899232,-0.412317,0.146209],"extended":false,"handId":987,"id":9873,"length":62.8339,"mcpPosition":[27.7768,317.115,3.19233],"pipPosition":[1.48324,305.816,-29.6658],"stabilizedTipPosition":[-35.5978,261.131,40.8842],"timeVisible":25.0179,"tipPosition":[-33.0472,289.684,-14.455],"tipVelocity":[7.82483,72.0234,-274.85],"tool":false,"touchDistance":0.333333,"touchZone":"none","type":3,"width":17.6296},{"bases":[[[0.228856,-0.973098,0.0265606],[0.872935,0.217222,0.436806],[-0.430824,-0.07678,0.899164]],[[0.210448,-0.975473,0.0645286],[0.721222,0.110358,-0.683857],[0.659963,0.190456,0.726757]],[[0.210448,-0.975473,0.0645286],[-0.186468,-0.104848,-0.97685],[0.959657,0.193544,-0.20396]],[[0.210448,-0.975473,0.0645286],[-0.621011,-0.184371,-0.761809],[0.755021,0.120248,-0.64458]]],"btipPosition":[-19.941,285.204,-3.36672],"carpPosition":[9.45129,293.143,57.8166],"dipPosition":[-7.24893,287.225,-14.2022],"direction":[-0.959657,-0.193544,0.20396],"extended":false,"handId":987,"id":9874,"length":49.2606,"mcpPosition":[33.8144,297.485,6.96883],"pipPosition":[11.0563,290.917,-18.0927],"stabilizedTipPosition":[-19.3223,259.132,46.8422],"timeVisible":25.0179,"tipPosition":[-17.2703,285.629,-4.67087],"tipVelocity":[2.39967,54.3039,-202.825],"tool":false,"touchDistance":0.333333,"touchZone":"none","type":4,"width":15.66}],"r":[[0.869737,-