{"sensorType":"Leap","data":[[0,{"currentFrameRate":53.0387,"devices":[],"gestures":[],"hands":[{"armBasis":[[0.921201,-0.163346,-0.353139],[0.0880445,0.971578,-0.219735],[0.378995,0.171328,0.9094]],"armWidth":62.1429,"confidence":0.640003,"direction":[0.0140159,0.524968,-0.851007],"elbow":[114.635,328.903,325.258],"grabStrength":0,"id":972,"palmNormal":[-0.109325,-0.845183,-0.523176],"palmPosition":[7.72735,308.621,39.1139],"palmVelocity":[-2.18973,148.534,-214.567],"palmWidth":88.738,"pinchStrength":0.778417,"r":[[0.963756,0.152449,0.218937],[-0.198757,0.95771,0.208058],[-0.17796,-0.244032,0.953299]],"s":0.811111,"sphereCenter":[2.46363,276.464,-0.556888],"sphereRadius":46.1225,"stabilizedPalmPosition":[8.05686,290.148,53.8159],"t":[5.3724,-34.7641,-72.8879],"timeVisible":25.4003,"type":"right","wrist":[14.8386,283.789,85.7964]}],"id":4962999,"interactionBox":{"center":[0,200,0],"size":[235.247,235.247,147.751]},"pointables":[{"bases":[[[0.500463,0.818005,0.283556],[-0.756469,0.253878,0.602744],[0.421059,-0.516153,0.745852]],[[0.290895,0.956016,-0.0375917],[-0.855601,0.277522,0.436953],[0.428166,-0.0949438,0.898699]],[[0.290895,0.956016,-0.0375917],[-0.956641,0.291243,0.00403025],[0.0148013,0.0347893,0.999285]],[[0.290895,0.956016,-0.0375917],[-0.948122,0.282781,-0.145257],[-0.128238,0.077896,0.98868]]],"btipPosition":[-32.402,277.613,-15.1522],"carpPosition":[-13.9928,275.926,84.3923],"dipPosition":[-35.329,279.391,7.41377],"direction":[-0.0148013,-0.0347893,-0.999285],"extended":false,"handId":972,"id":9720,"length":50.8265,"mcpPosition":[-13.9928,275.926,84.3923],"pipPosition":[-34.8368,280.548,40.6417],"stabilizedTipPosition":[-32.7066,262.412,7.02603],"timeVisible":25.4003,"tipPosition":[-33.7688,279.395,-9.67888],"tipVelocity":[7.43661,150.464,-229.591],"tool":false,"touchDistance":-0.487969,"touchZone":"hovering","type":0,"width":19.7488},{"bases":[[[0.982151,-0.0108008,-0.187785],[0.0854097,0.915101,0.394075],[0.167586,-0.40308,0.89969]],[[0.956345,0.03565,-0.290058],[-0.0198658,0.998166,0.0571821],[0.291564,-0.0489236,0.955299]],[[0.956345,0.03565,-0.290058],[-0.0600818,0.995314,-0.0757641],[0.285997,0.0898838,0.954005]],[[0.956345,0.03565,-0.290058],[-0.0877851,0.981738,-0.168773],[0.278744,0.186868,0.94201]]],"btipPosition":[-39.5705,322.47,-57.6323],"carpPosition":[-3.94393,296.732,85.1299],"dipPosition":[-34.9259,325.583,-41.9359],"direction":[-0.285997,-0.0898838,-0.954005],"extended":true,"handId":972,"id":9721,"length":57.352,"mcpPosition":[-15.968,325.652,20.5783],"pipPosition":[-28.1843,327.702,-19.4479],"stabilizedTipPosition":[-38.5239,317.993,-49.222],"timeVisible":25.4003,"tipPosition":[-38.316,321.464,-53.7522],"tipVelocity":[-6.48536,244.304,-215.574],"tool":false,"touchDistance":-0.165548,"touchZone":"hovering","type":1,"width":18.8641},{"bases":[[[0.966715,-0.221002,-0.128917],[0.253883,0.891029,0.376312],[0.0317035,-0.396516,0.91748]],[[0.964701,-0.205124,-0.165155],[0.0107975,0.657419,-0.753448],[0.263126,0.725069,0.636427]],[[0.964701,-0.205124,-0.165155],[-0.103932,0.279682,-0.954451],[0.241972,0.937924,0.248491]],[[0.964701,-0.205124,-0.165155],[-0.152283,0.0771426,-0.985322],[0.214853,0.975691,0.0431827]]],"btipPosition":[-17.4052,247.358,-16.9895],"carpPosition":[7.76891,298.354,83.0365],"dipPosition":[-13.4676,265.239,-16.1981],"direction":[-0.241972,-0.937924,-0.248491],"extended":false,"handId":972,"id":9722,"length":65.348,"mcpPosition":[5.61176,325.334,20.61],"pipPosition":[-6.75713,291.25,-9.3068],"stabilizedTipPosition":[-15.3279,239.638,-4.80621],"timeVisible":25.4003,"tipPosition":[-16.5281,251.895,-17.3577],"tipVelocity":[-1.38218,153.206,-200.529],"tool":false,"touchDistance":-0.569308,"touchZone":"hovering","type":2,"width":18.527},{"bases":[[[0.938936,-0.343481,-0.0204963],[0.323183,0.859868,0.395195],[-0.118118,-0.377687,0.918369]],[[0.945048,-0.315036,-0.0873844],[0.132826,0.61422,-0.777876],[0.298732,0.723523,0.622313]],[[0.945048,-0.315036,-0.0873844],[-0.00665879,0.248684,-0.968562],[0.326863,0.91592,0.23292]],[[0.945048,-0.315036,-0.0873844],[-0.0721767,0.0596442,-0.995607],[0.318864,0.947204,0.0336283]]],"btipPosition":[-0.950107,246.361,-9.02889],"carpPosition":[19.4919,296.819,81.0959],"dipPosition":[4.8601,263.62,-8.41613],"direction":[-0.326863,-0.91592,-0.23292],"extended":false,"handId":972,"id":9723,"length":62.8339,"mcpPosition":[26.7076,319.892,24.9931],"pipPosition":[13.6908,288.365,-2.12346],"stabilizedTipPosition":[2.48118,232.961,4.96463],"timeVisible":25.4003,"tipPosition":[0.409916,250.477,-8.98211],"tipVelocity":[-5.27824,156.9,-214.727],"tool":false,"touchDistance":-0.633346,"touchZone":"hovering","type":3,"width":17.6296},{"bases":[[[0.852562,-0.522207,0.0209186],[0.453574,0.759208,0.466769],[-0.259632,-0.388461,0.884132]],[[0.870769,-0.489075,-0.0506638],[0.283696,0.5839,-0.760642],[0.401594,0.647971,0.647191]],[[0.870769,-0.489075,-0.0506638],[0.084605,0.250538,-0.964403],[0.484358,0.835486,0.259539]],[[0.870769,-0.489075,-0.0506638],[-0.0124694,0.0810413,-0.996633],[0.491534,0.868469,0.0644698]]],"btipPosition":[13.5137,257.384,0.346243],"carpPosition":[30.1819,288.297,78.6961],"dipPosition":[21.7765,271.984,1.42999],"direction":[-0.484358,-0.835486,-0.259539],"extended":false,"handId":972,"id":9724,"length":49.2606,"mcpPosition":[44.8641,310.265,28.6984],"pipPosition":[31.0155,287.92,6.38062],"stabilizedTipPosition":[17.454,241.009,16.38],"timeVisible":25.4003,"tipPosition":[15.4725,260.844,0.671286],"tipVelocity":[-4.3088,161.279,-231.168],"tool":false,"touchDistance":-0.590932,"touchZone":"hovering","type":4,"width":15.66}],"r":[[0.963756,0.152449,0.218937],[-0.198757,0.95771,0.208058],[-0.17796,-0.244032,0.953299]],"s":0.811111,"t":[5.3724,-34.7641,-72.8879],"timestamp":669352942592},false],[1,{"currentFrameRate":53.0101,"devices":[],"gestures":[],"hands":[{"armBasis":[[0.921531,-0.151754,-0.357422],[0.0765457,0.973404,-0.215931],[0.380685,0.171628,0.908638]],"armWidth":62.1429,"confidence":0.644787,"direction":[0.0123891,0.53104,-0.847256],"elbow":[115.149,332.188,319.934],"grabStrength":0,"id":972,"palmNormal":[-0.0951339,-0.842851,-0.529671],"palmPosition":[7.75963,312.059,34.1206],"palmVelocity":[-0.276636,164.621,-238.505],"palmWidth":88.738,"pinchStrength":0.77242,"r":[[0.964026,0.149184,0.219996],[-0.197352,0.956146,0.216417],[-0.178063,-0.252049,0.951191]],"s":0.817266,"sphereCenter":[2.20504,280.63,-5.64118],"sphereRadius":45.9121,"stabilizedPalmPosition":[8.03559,291.715,52.4068],"t":[5.3696,-31.6529,-77.4008],"timeVisible":25.4192,"type":"right","wrist":[14.9078,286.996,80.6737]}],"id":4963000,"interactionBox":{"center":[0,200,0],"size":[235.247,235.247,147.751]},"pointables":[{"bases":[[[0.488049,0.822417,0.292297],[-0.763372,0.239839,0.599784],[0.423169,-0.515856,0.744863]],[[0.278025,0.960103,-0.0300669],[-0.862655,0.263329,0.431839],[0.422527,-0.0941245,0.90145]],[[0.278025,0.960103,-0.0300669],[-0.960539,0.278144,-0.000230533],[0.00814158,0.0289445,0.999548]],[[0.278025,0.960103,-0.0300669],[-0.950738,0.270575,-0.151283],[-0.137112,0.0706462,0.988033]]],"btipPosition":[-31.5206,280.777,-20.6358],"carpPosition":[-13.8098,278.769,79.0366],"dipPosition":[-34.6501,282.389,1.91541],"direction":[-0.00814158,-0.0289445,-0.999548],"extended":false,"handId":972,"id":9720,"length":50.8265,"mcpPosition":[-13.8098,278.769,79.0366],"pipPosition":[-34.3794,283.352,35.1521],"stabilizedTipPosition":[-32.6715,263.821,5.33635],"timeVisible":25.4192,"tipPosition":[-32.9471,282.477,-15.1656],"tipVelocity":[25.4195,157.505,-258.941],"tool":false,"touchDistance":-0.549811,"touchZone":"hovering","type":0,"width":19.7488},{"bases":[[[0.983337,0.00323515,-0.181765],[0.0711013,0.913354,0.400911],[0.167313,-0.407154,0.897904]],[[0.957298,0.0504314,-0.284669],[-0.0302853,0.996743,0.0747363],[0.287511,-0.0629237,0.955708]],[[0.957298,0.0504314,-0.284669],[-0.0686473,0.996158,-0.0543726],[0.280834,0.0715926,0.957083]],[[0.957298,0.0504314,-0.284669],[-0.095093,0.984805,-0.145317],[0.273015,0.166182,0.947548]]],"btipPosition":[-39.2569,327.091,-62.8359],"carpPosition":[-4.03696,299.698,79.9802],"dipPosition":[-34.7078,329.86,-47.0471],"direction":[-0.280834,-0.0715926,-0.957083],"extended":true,"handId":972,"id":9721,"length":57.352,"mcpPosition":[-16.0414,328.911,15.5567],"pipPosition":[-28.0879,331.547,-24.4866],"stabilizedTipPosition":[-38.3754,322.606,-53.9525],"timeVisible":25.4192,"tipPosition":[-37.9895,325.912,-58.969],"tipVelocity":[4.2611,241.923,-243.917],"tool":false,"touchDistance":-0.25192,"touchZone":"hovering","type":1,"width":18.8641},{"bases":[[[0.970275,-0.207555,-0.124448],[0.239979,0.891591,0.384025],[0.0312503,-0.402475,0.914897]],[[0.968438,-0.192418,-0.158443],[0.00438292,0.648708,-0.761024],[0.249218,0.73631,0.629077]],[[0.968438,-0.192418,-0.158443],[-0.105133,0.26102,-0.959591],[0.225999,0.945962,0.232552]],[[0.968438,-0.192418,-0.158443],[-0.15026,0.0564953,-0.987031],[0.198874,0.979685,0.0257995]]],"btipPosition":[-16.0873,250.071,-20.7735],"carpPosition":[7.66637,301.487,77.9707],"dipPosition":[-12.4426,268.026,-20.3006],"direction":[-0.225999,-0.945962,-0.232552],"extended":false,"handId":972,"id":9722,"length":65.348,"mcpPosition":[5.54006,328.872,15.7199],"pipPosition":[-6.17503,294.26,-13.8514],"stabilizedTipPosition":[-15.3178,241.498,-6.83102],"timeVisible":25.4192,"tipPosition":[-15.3165,254.835,-21.6502],"tipVelocity":[31.7106,148.656,-201.923],"tool":false,"touchDistance":-0.598569,"touchZone":"hovering","type":2,"width":18.527},{"bases":[[[0.943428,-0.331138,-0.0170497],[0.309561,0.8612,0.403122],[-0.118806,-0.385595,0.914987]],[[0.949576,-0.302171,-0.0836535],[0.129765,0.621643,-0.772478],[0.285423,0.722671,0.629508]],[[0.949576,-0.302171,-0.0836535],[-0.00399862,0.255114,-0.966903],[0.313511,0.918482,0.241042]],[[0.949576,-0.302171,-0.0836535],[-0.0670069,0.0650615,-0.995629],[0.306292,0.951031,0.0415333]]],"btipPosition":[0.189728,250.04,-14.503],"carpPosition":[19.4199,300.117,76.0922],"dipPosition":[5.77086,267.369,-13.7462],"direction":[-0.313511,-0.918482,-0.241042],"extended":false,"handId":972,"id":9723,"length":62.8339,"mcpPosition":[26.6777,323.673,20.1959],"pipPosition":[14.2408,292.184,-7.23412],"stabilizedTipPosition":[2.38517,234.968,3.12668],"timeVisible":25.4192,"tipPosition":[1.49405,254.167,-14.4196],"tipVelocity":[25.4946,175.549,-250.191],"tool":false,"touchDistance":-0.679959,"touchZone":"hovering","type":3,"width":17.6296},{"bases":[[[0.859133,-0.511253,0.0225932],[0.44081,0.761739,0.474805],[-0.259956,-0.397962,0.879801]],[[0.876346,-0.479662,-0.0440689],[0.283832,0.588141,-0.757317],[0.389175,0.651163,0.651559]],[[0.876346,-0.479662,-0.0440689],[0.0898313,0.252633,-0.963383],[0.473232,0.840298,0.264483]],[[0.876346,-0.479662,-0.0440689],[-0.00505312,0.0823298,-0.996592],[0.481656,0.873582,0.0697256]]],"btipPosition":[14.3909,261.088,-4.73832],"carpPosition":[30.2342,291.752,73.6999],"dipPosition":[22.4877,275.773,-3.56622],"direction":[-0.473232,-0.840298,-0.264483],"extended":false,"handId":972,"id":9724,"length":49.2606,"mcpPosition":[44.9348,314.256,23.9471],"pipPosition":[31.5144,291.802,1.47872],"stabilizedTipPosition":[17.3576,242.892,14.7066],"timeVisible":25.4192,"tipPosition":[16.3207,264.599,-4.47598],"tipVelocity":[19.5568,178.503,-248.785],"tool":false,"touchDistance":-0.636136,"touchZone":"hovering","type":4,"width":15.66}],"r":[[0.964026,0.149184,0.219996],[-0.197352,0.956146,0.216417],[-0.178063,-0.252049,0.951191]],"s":0.817266,"t":[5.3696,-31.6529,-77.4008],"timestamp":669352961559},false],[2,{"currentFrameRate":53.0067,"devices":[],"gestures":[],"hands":[{"armBasis":[[0.931965,-0.144428,-0.332538],[0.0754321,0.974399,-0.211796],[0.354614,0.172302,0.919]],"armWidth":62.1429,"confidence":0.646402,"direction":[0.00884838,0.527183,-0.849706],"elbow":[108.974,335.211,318.869],"grabStrength":0,"id":972,"palmNormal":[-0.0962784,-0.845342,-0.525478],"palmPosition":[8.25876,314.685,30.239],"palmVelocity":[12.8143,152.118,-222.389],"palmWidth":88.738,"pinchStrength":0.765819,"r":[[0.964372,0.146938,0.21999],[-0.196238,0.95501,0.222368],[-0.177419,-0.257616,0.949819]],"s":0.823516,"sphereCenter":[1.87185,283.441,-9.2519],"sphereRadius":45.7949,"stabilizedPalmPosition":[8.04908,293.104,51.0665],"t":[5.61776,-28.7843,-81.598],"timeVisible":25.4381,"type":"right","wrist":[15.5977,289.841,76.8797]}],"id":4963001,"interactionBox":{"center":[0,200,0],"size":[235.247,235.247,147.751]},"pointables":[{"bases":[[[0.488353,0.824177,0.286782],[-0.76142,0.241889,0.60144],[0.426323,-0.512076,0.745672]],[[0.277084,0.960194,-0.0353875],[-0.861371,0.264548,0.433653],[0.425753,-0.0896764,0.900385]],[[0.277084,0.960194,-0.0353875],[-0.960774,0.277326,0.00205156],[0.0117838,0.0334309,0.999372]],[[0.277084,0.960194,-0.0353875],[-0.951369,0.269005,-0.15011],[-0.134615,0.0752594,0.988036]]],"btipPosition":[-31.1641,283.118,-24.2309],"carpPosition":[-13.1182,281.581,75.3839],"dipPosition":[-34.2366,284.835,-1.67964],"direction":[-0.0117838,-0.0334309,-0.999372],"extended":false,"handId":972,"id":9720,"length":50.8265,"mcpPosition":[-13.1182,281.581,75.3839],"pipPosition":[-33.8447,285.947,31.5512],"stabilizedTipPosition":[-32.6235,265.003,3.87284],"timeVisible":25.4381,"tipPosition":[-32.5702,284.813,-18.7704],"tipVelocity":[22.5582,141.717,-225.375],"tool":false,"touchDistance":-0.577089,"touchZone":"hovering","type":0,"width":19.7488},{"bases":[[[0.982671,0.00328441,-0.185329],[0.0717172,0.915235,0.396486],[0.170922,-0.402906,0.89914]],[[0.956012,0.0502785,-0.288987],[-0.0285796,0.996479,0.0788236],[0.291932,-0.0670971,0.954083]],[[0.956012,0.0502785,-0.288987],[-0.0666938,0.996655,-0.0472331],[0.285645,0.0644291,0.956167]],[[0.956012,0.0502785,-0.288987],[-0.0931039,0.986268,-0.136409],[0.27816,0.157314,0.947565]]],"btipPosition":[-39.2243,330.102,-66.6185],"carpPosition":[-3.361,302.523,76.1968],"dipPosition":[-34.5894,332.723,-50.8295],"direction":[-0.285645,-0.0644291,-0.956167],"extended":true,"handId":972,"id":9721,"length":57.352,"mcpPosition":[-15.6244,331.431,11.6846],"pipPosition":[-27.8561,334.242,-28.2905],"stabilizedTipPosition":[-38.2878,325.875,-57.5987],"timeVisible":25.4381,"tipPosition":[-37.93,328.858,-62.7696],"tipVelocity":[3.53106,200.664,-222.58],"tool":false,"touchDistance":-0.3118,"touchZone":"hovering","type":1,"width":18.8641},{"bases":[[[0.970008,-0.207254,-0.127006],[0.240552,0.893547,0.37909],[0.0349179,-0.398272,0.916603]],[[0.968131,-0.19283,-0.159811],[-0.000467079,0.636715,-0.771099],[0.250446,0.746599,0.616334]],[[0.968131,-0.19283,-0.159811],[-0.110876,0.242162,-0.96388],[0.224566,0.950881,0.213064]],[[0.968131,-0.19283,-0.159811],[-0.155659,0.0365978,-0.987133],[0.196198,0.980549,0.00541576]]],"btipPosition":[-15.6388,251.975,-23.2103],"carpPosition":[8.33337,304.313,74.1369],"dipPosition":[-12.0431,269.946,-23.111],"direction":[-0.224566,-0.950881,-0.213064],"extended":false,"handId":972,"id":9722,"length":65.348,"mcpPosition":[5.95752,331.412,11.7701],"pipPosition":[-5.81529,296.316,-17.2022],"stabilizedTipPosition":[-15.2638,243.057,-8.57722],"timeVisible":25.4381,"tipPosition":[-14.8991,256.796,-24.3478],"tipVelocity":[27.5222,125.332,-168.462],"tool":false,"touchDistance":-0.604886,"touchZone":"hovering","type":2,"width":18.527},{"bases":[[[0.943661,-0.330369,-0.0189495],[0.310231,0.863305,0.398073],[-0.115152,-0.381525,0.917158]],[[0.949541,-0.301716,-0.0856714],[0.126548,0.618476,-0.775547],[0.286981,0.725572,0.62545]],[[0.949541,-0.301716,-0.0856714],[-0.00773767,0.250531,-0.968078],[0.313548,0.919892,0.235555]],[[0.949541,-0.301716,-0.0856714],[-0.0707642,0.0600177,-0.995686],[0.305557,0.951507,0.0356385]]],"btipPosition":[0.572414,252.446,-18.0731],"carpPosition":[20.0813,302.945,72.2222],"dipPosition":[6.14014,269.784,-17.4238],"direction":[-0.313548,-0.919892,-0.235555],"extended":false,"handId":972,"id":9723,"length":62.8339,"mcpPosition":[27.1159,326.252,16.1933],"pipPosition":[14.6111,294.636,-11.0599],"stabilizedTipPosition":[2.34267,236.682,1.44558],"timeVisible":25.4381,"tipPosition":[1.87198,256.57,-18.0134],"tipVelocity":[22.8553,152.037,-220.906],"tool":false,"touchDistance":-0.694219,"touchZone":"hovering","type":3,"width":17.6296},{"bases":[[[0.859674,-0.510377,0.0218179],[0.441827,0.764289,0.469734],[-0.256417,-0.394178,0.882538]],[[0.87557,-0.48141,-0.040266],[0.283986,0.580343,-0.763252],[0.390805,0.656846,0.644845]],[[0.87557,-0.48141,-0.040266],[0.0890671,0.242788,-0.965982],[0.474809,0.842198,0.255456]],[[0.87557,-0.48141,-0.040266],[-0.00603007,0.0724532,-0.997354],[0.483053,0.873496,0.0605349]]],"btipPosition":[14.7413,263.47,-8.20585],"carpPosition":[30.8945,294.578,69.829],"dipPosition":[22.8615,278.154,-7.18825],"direction":[-0.474809,-0.842198,-0.255456],"extended":false,"handId":972,"id":9724,"length":49.2606,"mcpPosition":[45.3949,316.869,19.9214],"pipPosition":[31.9184,294.219,-2.3155],"stabilizedTipPosition":[17.3057,244.554,13.1336],"timeVisible":25.4381,"tipPosition":[16.6858,267.005,-8.0513],"tipVelocity":[19.208,152.857,-217.807],"tool":false,"touchDistance":-0.653402,"touchZone":"hovering","type":4,"width":15.66}],"r":[[0.964372,0.146938,0.21999],[-0.196238,0.95501,0.222368],[-0.177419,-0.257616,0.949819]],"s":0.823516,"t":[5.61776,-28.7843,-81.598],"timestamp":669352980437},false],[3,{"currentFrameRate":52.9906,"devices":[],"gestures":[],"hands":[{"armBasis":[[0.931069,-0.124513,-0.342938],[0.0606397,0.979701,-0.191073],[0.359768,0.157106,0.91972]],"armWidth":62.1429,"confidence":0.654889,"direction":[0.00552023,0.533815,-0.845583],"elbow":[109.853,333.705,314.888],"grabStrength":0,"id":972,"palmNormal":[-0.0780328,-0.842788,-0.53256],"palmPosition":[7.66995,317.411,26.2101],"palmVelocity":[-8.74729,148.132,-217.703],"palmWidth":88.738,"pinchStrength":0.76454,"r":[[0.963834,0.148135,0.22154],[-0.198953,0.953045,0.228303],[-0.177318,-0.264122,0.948049]],"s":0.829125,"sphereCenter":[1.56574,286.618,-13.5006],"sphereRadius":45.7358,"stabilizedPalmPosition":[8.02925,294.376,49.7661],"t":[5.44744,-25.9871,-85.7111],"timeVisible":25.457,"type":"right","wrist":[15.1193,292.337,72.7101]}],"id":4963002,"interactionBox":{"center":[0,200,0],"size":[235.247,235.247,147.751]},"pointables":[{"bases":[[[0.472036,0.830242,0.296445],[-0.769585,0.224046,0.597949],[0.430025,-0.510393,0.7447]],[[0.260708,0.965066,-0.0260595],[-0.868819,0.246306,0.42952],[0.420933,-0.0893383,0.902681]],[[0.260708,0.965066,-0.0260595],[-0.965407,0.260734,-0.00245152],[0.00442875,0.0257972,0.999657]],[[0.260708,0.965066,-0.0260595],[-0.954688,0.253704,-0.155579],[-0.143532,0.0654394,0.98748]]],"btipPosition":[-30.8015,285.592,-28.7719],"carpPosition":[-13.4383,283.595,70.9515],"dipPosition":[-34.0775,287.086,-6.2333],"direction":[-0.00442875,-0.0257972,-0.999657],"extended":false,"handId":972,"id":9720,"length":50.8265,"mcpPosition":[-13.4383,283.595,70.9515],"pipPosition":[-33.9303,287.944,27.007],"stabilizedTipPosition":[-32.5736,265.98,2.59015],"timeVisible":25.457,"tipPosition":[-32.2718,287.193,-23.3147],"tipVelocity":[19.6732,134.992,-232.579],"tool":false,"touchDistance":-0.615872,"touchZone":"hovering","type":0,"width":19.7488},{"bases":[[[0.98371,0.0216839,-0.178452],[0.0531464,0.913242,0.403936],[0.171729,-0.40684,0.897213]],[[0.956836,0.0691704,-0.282277],[-0.0445421,0.994692,0.092759],[0.287195,-0.076182,0.954838]],[[0.956836,0.0691704,-0.282277],[-0.0811908,0.996213,-0.0310965],[0.279057,0.0526725,0.958829]],[[0.956836,0.0691704,-0.282277],[-0.106505,0.987151,-0.119124],[0.27041,0.144046,0.951908]]],"btipPosition":[-39.4894,333.435,-70.852],"carpPosition":[-4.05105,304.695,71.9919],"dipPosition":[-34.9836,335.835,-54.9906],"direction":[-0.279057,-0.0526725,-0.958829],"extended":true,"handId":972,"id":9721,"length":57.352,"mcpPosition":[-16.3724,333.885,7.61796],"pipPosition":[-28.4056,337.077,-32.3889],"stabilizedTipPosition":[-38.3442,328.642,-60.8758],"timeVisible":25.457,"tipPosition":[-38.1983,332.141,-67.0203],"tipVelocity":[-5.84624,187.271,-222.673],"tool":false,"touchDistance":-0.372205,"touchZone":"hovering","type":1,"width":18.8641},{"bases":[[[0.974297,-0.189486,-0.121824],[0.222447,0.894607,0.387551],[0.035549,-0.404689,0.913763]],[[0.972424,-0.175023,-0.154136],[-0.00636625,0.640739,-0.767732],[0.233132,0.747543,0.621956]],[[0.972424,-0.175023,-0.154136],[-0.108631,0.24491,-0.963441],[0.206374,0.953617,0.219144]],[[0.972424,-0.175023,-0.154136],[-0.149626,0.0387559,-0.987983],[0.178894,0.983801,0.0114991]]],"btipPosition":[-14.7552,254.621,-27.6712],"carpPosition":[7.62436,306.702,70.0271],"dipPosition":[-11.4766,272.651,-27.4605],"direction":[-0.206374,-0.953617,-0.219144],"extended":false,"handId":972,"id":9722,"length":65.348,"mcpPosition":[5.20556,334.238,7.85353],"pipPosition":[-5.75336,299.098,-21.3831],"stabilizedTipPosition":[-15.1552,244.408,-10.215],"timeVisible":25.457,"tipPosition":[-14.0908,259.44,-28.7536],"tipVelocity":[35.0345,132.785,-200.789],"tool":false,"touchDistance":-0.639261,"touchZone":"hovering","type":2,"width":18.527},{"bases":[[[0.949349,-0.313871,-0.0148947],[0.292507,0.865426,0.406788],[-0.114789,-0.390541,0.913401]],[[0.955185,-0.28462,-0.0813207],[0.121237,0.626786,-0.769701],[0.270043,0.725348,0.633203]],[[0.955185,-0.28462,-0.0813207],[-0.00547703,0.257682,-0.966214],[0.295959,0.923359,0.244575]],[[0.955185,-0.28462,-0.0813207],[-0.0650841,0.0660632,-0.995691],[0.288766,0.956361,0.0445783]]],"btipPosition":[1.39511,255.432,-22.6264],"carpPosition":[19.407,305.552,68.1839],"dipPosition":[6.65688,272.858,-21.8141],"direction":[-0.295959,-0.923359,-0.244575],"extended":false,"handId":972,"id":9723,"length":62.8339,"mcpPosition":[26.4194,329.41,12.3845],"pipPosition":[14.6526,297.804,-15.2065],"stabilizedTipPosition":[2.36081,238.253,-0.203475],"timeVisible":25.457,"tipPosition":[2.62148,259.572,-22.5264],"tipVelocity":[31.1465,155.356,-229.574],"tool":false,"touchDistance":-0.720867,"touchZone":"hovering","type":3,"width":17.6296},{"bases":[[[0.868215,-0.495612,0.0239145],[0.425306,0.768147,0.478607],[-0.255574,-0.405363,0.877703]],[[0.88296,-0.468284,-0.0330489],[0.282428,0.586118,-0.759408],[0.374989,0.661192,0.649775]],[[0.88296,-0.468284,-0.0330489],[0.0940638,0.245452,-0.964834],[0.459929,0.848801,0.260773]],[[0.88296,-0.468284,-0.0330489],[0.00182765,0.0738279,-0.997269],[0.469445,0.880488,0.0660429]]],"btipPosition":[15.2367,266.523,-12.3231],"carpPosition":[30.3796,297.392,65.8024],"dipPosition":[23.1282,281.324,-11.2129],"direction":[-0.459929,-0.848801,-0.260773],"extended":false,"handId":972,"id":9724,"length":49.2606,"mcpPosition":[44.8323,320.316,16.1682],"pipPosition":[31.9012,297.515,-6.2387],"stabilizedTipPosition":[17.2895,246.17,11.5283],"timeVisible":25.457,"tipPosition":[17.1378,270.115,-12.2281],"tipVelocity":[21.262,157.696,-217.108],"tool":false,"touchDistance":-0.677833,"touchZone":"hovering","type":4,"width":15.66}],"r":[[0.963834,0.148135,0.22154],[-0.198953,0.953045,0.228303],[-0.177318,-0.264122,0.948049]],"s":0.829125,"t":[5.44744,-25.9871,-85.7111],"timestamp":669352999366},false],[4,{"currentFrameRate":52.9738,"devices":[],"gestures":[],"hands":[{"armBasis":[[0.930737,-0.145232,-0.335614],[0.0880758,0.979766,-0.179724],[0.354925,0.137717,0.924696]],"armWidth":62.1429,"confidence":0.362712,"direction":[0.0198436,0.504639,-0.863102],"elbow":[108.132,331.217,314.282],"grabStrength":0,"id":972,"palmNormal":[-0.0990372,-0.858034,-0.503953],"palmPosition":[7.90564,318.625,23.4609],"palmVelocity":[1.66019,106.858,-182.083],"palmWidth":88.738,"pinchStrength":0.76598,"r":[[0.964076,0.145676,0.222119],[-0.196349,0.954005,0.226543],[-0.178901,-0.262017,0.948336]],"s":0.836952,"sphereCenter":[-1.10211,287.696,-14.9642],"sphereRadius":45.5549,"stabilizedPalmPosition":[8.02433,295.34,48.7199],"t":[5.48012,-23.9816,-89.1422],"timeVisible":25.476,"type":"right","wrist":[14.6739,294.954,70.7931]}],"id":4963003,"interactionBox":{"center":[0,200,0],"size":[235.247,235.247,147.751]},"pointables":[{"bases":[[[0.492793,0.8275,0.26907],[-0.764132,0.263623,0.588732],[0.416243,-0.495728,0.762231]],[[0.285864,0.956556,-0.0572978],[-0.86303,0.282979,0.418452],[0.416487,-0.0701704,0.90643]],[[0.285864,0.956556,-0.0572978],[-0.958267,0.285514,-0.014374],[0.00260982,0.0590156,0.998254]],[[0.285864,0.956556,-0.0572978],[-0.946776,0.272696,-0.171033],[-0.147978,0.10314,0.983598]]],"btipPosition":[-31.0805,285.986,-30.489],"carpPosition":[-14.0957,286.887,69.2817],"dipPosition":[-34.458,288.34,-8.03896],"direction":[-0.00260982,-0.0590156,-0.998254],"extended":false,"handId":972,"id":9720,"length":50.8265,"mcpPosition":[-14.0957,286.887,69.2817],"pipPosition":[-34.3712,290.303,25.1547],"stabilizedTipPosition":[-32.55,266.655,1.67355],"timeVisible":25.476,"tipPosition":[-32.5776,287.714,-25.1045],"tipVelocity":[2.17197,84.0454,-163.417],"tool":false,"touchDistance":-0.60868,"touchZone":"hovering","type":0,"width":19.7488},{"bases":[[[0.984094,-0.00939409,-0.1774],[0.076064,0.924715,0.372983],[0.160541,-0.380544,0.910721]],[[0.957601,0.0364979,-0.285775],[-0.0126082,0.996302,0.0849944],[0.28782,-0.0777876,0.95452]],[[0.957601,0.0364979,-0.285775],[-0.0480723,0.998279,-0.0335895],[0.284057,0.0459032,0.957708]],[[0.957601,0.0364979,-0.285775],[-0.0731422,0.990242,-0.118622],[0.278657,0.134495,0.950927]]],"btipPosition":[-39.0916,335.004,-74.1314],"carpPosition":[-4.17458,307.764,69.6255],"dipPosition":[-34.4484,337.245,-58.2864],"direction":[-0.284057,-0.0459032,-0.957708],"extended":true,"handId":972,"id":9721,"length":57.352,"mcpPosition":[-15.6932,335.068,4.28242],"pipPosition":[-27.7526,338.327,-35.7111],"stabilizedTipPosition":[-38.2595,330.459,-63.4149],"timeVisible":25.476,"tipPosition":[-37.7465,333.311,-70.262],"tipVelocity":[8.15833,135.036,-198.459],"tool":false,"touchDistance":-0.412566,"touchZone":"hovering","type":1,"width":18.8641},{"bases":[[[0.969253,-0.218223,-0.113695],[0.244848,0.901235,0.357526],[0.0244457,-0.374371,0.926957]],[[0.967786,-0.204872,-0.146346],[0.0105192,0.613656,-0.789504],[0.251553,0.762531,0.596043]],[[0.967786,-0.204872,-0.146346],[-0.101545,0.214273,-0.971481],[0.230387,0.955047,0.186566]],[[0.967786,-0.204872,-0.146346],[-0.147703,0.00873929,-0.988993],[0.203896,0.97875,-0.0218024]]],"btipPosition":[-16.0643,254.611,-28.25],"carpPosition":[7.54988,309.406,67.6141],"dipPosition":[-12.3276,272.548,-28.6496],"direction":[-0.230387,-0.955047,-0.186566],"extended":false,"handId":972,"id":9722,"length":65.348,"mcpPosition":[5.88656,334.879,4.54284],"pipPosition":[-5.93832,299.034,-23.4756],"stabilizedTipPosition":[-15.1582,245.266,-11.2998],"timeVisible":25.476,"tipPosition":[-15.2746,259.359,-29.4714],"tipVelocity":[-13.3848,66.7569,-120.834],"tool":false,"touchDistance":-0.614456,"touchZone":"hovering","type":2,"width":18.527},{"bases":[[[0.941052,-0.338251,-0.00267293],[0.314125,0.870948,0.377856],[-0.125482,-0.356422,0.92586]],[[0.947624,-0.311844,-0.069002],[0.137674,0.593776,-0.792765],[0.288191,0.741744,0.605609]],[[0.947624,-0.311844,-0.069002],[-0.0000313565,0.215954,-0.976404],[0.319387,0.925266,0.204634]],[[0.947624,-0.311844,-0.069002],[-0.0650889,0.0229526,-0.997615],[0.312685,0.949856,0.00145285]]],"btipPosition":[0.0827753,255.043,-22.6732],"carpPosition":[19.301,307.895,65.8309],"dipPosition":[5.78038,272.351,-22.6467],"direction":[-0.319387,-0.925266,-0.204634],"extended":false,"handId":972,"id":9723,"length":62.8339,"mcpPosition":[26.9666,329.669,9.27041],"pipPosition":[14.4091,297.349,-17.1183],"stabilizedTipPosition":[2.31253,239.29,-1.32435],"timeVisible":25.476,"tipPosition":[1.4161,259.208,-22.9479],"tipVelocity":[-15.5798,68.2815,-122.735],"tool":false,"touchDistance":-0.680527,"touchZone":"hovering","type":3,"width":17.6296},{"bases":[[[0.855279,-0.516454,0.0421075],[0.444341,0.772801,0.453144],[-0.266569,-0.368854,0.890442]],[[0.870554,-0.491849,-0.0148341],[0.298994,0.552671,-0.777918],[0.390816,0.672785,0.628191]],[[0.870554,-0.491849,-0.0148341],[0.10202,0.209898,-0.972386],[0.48138,0.845002,0.232906]],[[0.870554,-0.491849,-0.0148341],[0.00528212,0.0394851,-0.999206],[0.492044,0.869785,0.0369719]]],"btipPosition":[14.208,266.302,-13.3364],"carpPosition":[30.064,299.383,63.7448],"dipPosition":[22.4794,280.923,-12.7149],"direction":[-0.48138,-0.845002,-0.232906],"extended":false,"handId":972,"id":9724,"length":49.2606,"mcpPosition":[45.1385,320.242,13.3902],"pipPosition":[31.6616,297.041,-8.27232],"stabilizedTipPosition":[17.2374,247.209,10.4352],"timeVisible":25.476,"tipPosition":[16.1987,269.836,-13.3506],"tipVelocity":[-13.5883,73.4477,-139.683],"tool":false,"touchDistance":-0.65527,"touchZone":"hovering","type":4,"width":15.66}],"r":[[0.964076,0.145676,0.222119],[-0.196349,0.954005,0.226543],[-0.178901,-0.262017,0.948336]],"s":0.836952,"t":[5.48012,-23.9816,-89.1422],"timestamp":669353018304},false],[5,{"currentFrameRate":53.0424,"devices":[],"gestures":[],"hands":[{"armBasis":[[0.928129,-0.144229,-0.343182],[0.0818109,0.978383,-0.189929],[0.363157,0.148203,0.919866]],"armWidth":62.1429,"confidence":0.4043,"direction":[0.0176845,0.500045,-0.865819],"elbow":[110.005,336.721,310.009],"grabStrength":0,"id":972,"palmNormal":[-0.0929498,-0.861382,-0.499381],"palmPosition":[7.51806,321.065,20.3237],"palmVelocity":[-9.24857,118.652,-175.549],"palmWidth":88.738,"pinchStrength":0.75845,"r":[[0.964026,0.145181,0.222656],[-0.195533,0.954762,0.224047],[-0.180056,-0.259523,0.948803]],"s":0.845637,"sphereCenter":[-2.83168,290.654,-17.7302],"sphereRadius":45.4524,"stabilizedPalmPosition":[8.00668,296.237,47.7297],"t":[5.30267,-21.7586,-92.4264],"timeVisible":25.4946,"type":"right","wrist":[14.3791,297.696,67.7924]}],"id":4963004,"interactionBox":{"center":[0,200,0],"size":[235.247,235.247,147.751]},"pointables":[{"bases":[[[0.48718,0.832081,0.265137],[-0.766517,0.261948,0.586375],[0.418459,-0.488902,0.765419]],[[0.280548,0.957889,-0.0611763],[-0.865643,0.280036,0.415021],[0.414675,-0.0634763,0.907753]],[[0.280548,0.957889,-0.0611763],[-0.95984,0.27993,-0.0186218],[-0.000712551,0.0639438,0.997953]],[[0.280548,0.957889,-0.0611763],[-0.947235,0.266005,-0.178848],[-0.155043,0.108124,0.981973]]],"btipPosition":[-30.9616,287.934,-33.4972],"carpPosition":[-14.3367,289.438,66.2908],"dipPosition":[-34.5003,290.402,-11.0843],"direction":[0.000712551,-0.0639438,-0.997953],"extended":false,"handId":972,"id":9720,"length":50.8265,"mcpPosition":[-14.3367,289.438,66.2908],"pipPosition":[-34.524,292.528,22.0994],"stabilizedTipPosition":[-32.5298,267.227,0.887611],"timeVisible":25.4946,"tipPosition":[-32.5323,289.584,-28.138],"tipVelocity":[3.25202,94.7334,-162.797],"tool":false,"touchDistance":-0.621396,"touchZone":"hovering","type":0,"width":19.7488},{"bases":[[[0.98435,-0.00408269,-0.176175],[0.0697126,0.9272,0.368021],[0.161847,-0.374544,0.912975]],[[0.957048,0.0419124,-0.286884],[-0.0141848,0.99508,0.098056],[0.289583,-0.0897749,0.952934]],[[0.957048,0.0419124,-0.286884],[-0.0490497,0.998639,-0.0177338],[0.285751,0.0310437,0.957801]],[[0.957048,0.0419124,-0.286884],[-0.0738834,0.992084,-0.101537],[0.280358,0.118371,0.952569]]],"btipPosition":[-39.7021,338.31,-77.3492],"carpPosition":[-4.54924,310.38,66.5325],"dipPosition":[-35.0306,340.282,-61.4768],"direction":[-0.285751,-0.0310437,-0.957801],"extended":true,"handId":972,"id":9721,"length":57.352,"mcpPosition":[-16.1616,337.253,1.02773],"pipPosition":[-28.2948,341.014,-38.8993],"stabilizedTipPosition":[-38.341,332.297,-65.6912],"timeVisible":25.4946,"tipPosition":[-38.3183,336.481,-73.5094],"tipVelocity":[-11.5429,154.116,-185.919],"tool":false,"touchDistance":-0.447815,"touchZone":"hovering","type":1,"width":18.8641},{"bases":[[[0.970763,-0.212652,-0.111349],[0.238662,0.904714,0.352893],[0.0256955,-0.369151,0.929014]],[[0.969337,-0.200038,-0.142724],[0.00583028,0.599364,-0.800456],[0.245665,0.775079,0.582152]],[[0.969337,-0.200038,-0.142724],[-0.104742,0.189065,-0.976362],[0.222294,0.961374,0.162315]],[[0.969337,-0.200038,-0.142724],[-0.149463,-0.0189248,-0.988586],[0.195054,0.979605,-0.0482429]]],"btipPosition":[-15.869,256.154,-29.6679],"carpPosition":[7.16697,312.086,64.5262],"dipPosition":[-12.2943,274.107,-30.552],"direction":[-0.222294,-0.961374,-0.162315],"extended":false,"handId":972,"id":9722,"length":65.348,"mcpPosition":[5.41861,337.203,1.31486],"pipPosition":[-6.12948,300.769,-26.0506],"stabilizedTipPosition":[-15.1521,246.09,-12.3189],"timeVisible":25.4946,"tipPosition":[-15.1406,260.984,-31.2695],"tipVelocity":[-2.77215,74.6978,-102.093],"tool":false,"touchDistance":-0.604283,"touchZone":"touching","type":2,"width":18.527},{"bases":[[[0.943191,-0.33225,0.000292936],[0.308106,0.87498,0.373471],[-0.124342,-0.352165,0.927642]],[[0.949624,-0.306511,-0.0653162],[0.134747,0.587505,-0.797923],[0.282946,0.748925,0.59921]],[[0.949624,-0.306511,-0.0653162],[-0.00177817,0.203143,-0.979147],[0.313388,0.929938,0.192365]],[[0.949624,-0.306511,-0.0653162],[-0.0660723,0.0079201,-0.997783],[0.306349,0.951834,-0.0127308]]],"btipPosition":[0.147886,257.053,-24.979],"carpPosition":[18.9296,310.64,62.7652],"dipPosition":[5.73004,274.397,-25.211],"direction":[-0.313388,-0.929938,-0.192365],"extended":false,"handId":972,"id":9723,"length":62.8339,"mcpPosition":[26.5257,332.154,6.09587],"pipPosition":[14.1966,299.52,-20.014],"stabilizedTipPosition":[2.27402,240.241,-2.36079],"timeVisible":25.4946,"tipPosition":[1.45566,261.259,-25.4504],"tipVelocity":[-7.01818,87.7586,-124.864],"tool":false,"touchDistance":-0.676287,"touchZone":"hovering","type":3,"width":17.6296},{"bases":[[[0.858501,-0.51075,0.045943],[0.438852,0.778078,0.449448],[-0.265303,-0.36569,0.892124]],[[0.873547,-0.486627,-0.0105114],[0.29707,0.55013,-0.780453],[0.385572,0.678639,0.625126]],[[0.873547,-0.486627,-0.0105114],[0.102349,0.204755,-0.973448],[0.475858,0.849276,0.228669]],[[0.873547,-0.486627,-0.0105114],[0.00659556,0.0334278,-0.999419],[0.486695,0.87297,0.0324103]]],"btipPosition":[14.1978,268.588,-16.1748],"carpPosition":[29.7492,302.185,60.7384],"dipPosition":[22.3792,283.263,-15.63],"direction":[-0.475858,-0.849276,-0.228669],"extended":false,"handId":972,"id":9724,"length":49.2606,"mcpPosition":[44.7522,322.865,10.2887],"pipPosition":[31.4561,299.463,-11.2682],"stabilizedTipPosition":[17.1936,248.144,9.43422],"timeVisible":25.4946,"tipPosition":[16.166,272.132,-16.2072],"tipVelocity":[-7.80346,97.7426,-146.384],"tool":false,"touchDistance":-0.660916,"touchZone":"hovering","type":4,"width":15.66}],"r":[[0.964026,0.145181,0.222656],[-0.195533,0.954762,0.224047],[-0.180056,-0.259523,0.948803]],"s":0.845637,"t":[5.30267,-21.7586,-92.4264],"timestamp":669353036910},false],[6,{"currentFrameRate":53.0423,"devices":[],"gestures":[],"hands":[{"armBasis":[[0.928997,-0.13325,-0.345267],[0.0703882,0.979521,-0.188639],[0.363333,0.150943,0.919351]],"armWidth":62.1429,"confidence":0.439389,"direction":[0.0160451,0.511543,-0.859108],"elbow":[109.704,338.364,307.275],"grabStrength":0,"id":972,"palmNormal":[-0.0799062,-0.855814,-0.511074],"palmPosition":[7.13115,322.523,17.9988],"palmVelocity":[-14.7675,98.4267,-149.98],"palmWidth":88.738,"pinchStrength":0.752876,"r":[[0.963397,0.146535,0.224485],[-0.197426,0.954304,0.224337],[-0.181354,-0.260445,0.948303]],"s":0.853553,"sphereCenter":[-3.54013,292.915,-20.3805],"sphereRadius":45.4238,"stabilizedPalmPosition":[7.97971,297.047,46.8137],"t":[5.0205,-19.9181,-95.2309],"timeVisible":25.5134,"type":"right","wrist":[14.0322,298.618,65.1938]}],"id":4963005,"interactionBox":{"center":[0,200,0],"size":[235.247,235.247,147.751]},"pointables":[{"bases":[[[0.47566,0.834358,0.278556],[-0.772643,0.244942,0.585684],[0.42044,-0.493811,0.76117]],[[0.269724,0.961818,-0.0464228],[-0.871236,0.264287,0.413642],[0.410117,-0.0711239,0.909255]],[[0.269724,0.961818,-0.0464228],[-0.962911,0.269044,-0.0204357],[-0.00716567,0.050213,0.998713]],[[0.269724,0.961818,-0.0464228],[-0.948935,0.257301,-0.182535],[-0.16362,0.0932861,0.982103]]],"btipPosition":[-30.5656,289.697,-36.4568],"carpPosition":[-14.573,290.033,63.4326],"dipPosition":[-34.3001,291.826,-14.0409],"direction":[0.00716567,-0.050213,-0.998713],"extended":false,"handId":972,"id":9720,"length":50.8265,"mcpPosition":[-14.573,290.033,63.4326],"pipPosition":[-34.5384,293.496,19.1681],"stabilizedTipPosition":[-32.5055,267.731,0.181309],"timeVisible":25.5134,"tipPosition":[-32.1918,291.182,-31.0946],"tipVelocity":[10.7728,92.1139,-159.933],"tool":false,"touchDistance":-0.631974,"touchZone":"hovering","type":0,"width":19.7488},{"bases":[[[0.985218,0.0101318,-0.171004],[0.0565447,0.923065,0.380465],[0.161703,-0.38451,0.908848]],[[0.957586,0.057703,-0.282313],[-0.0240238,0.992321,0.121337],[0.287146,-0.109409,0.951618]],[[0.957586,0.057703,-0.282313],[-0.0582336,0.998282,0.0065185],[0.282204,0.010198,0.9593]],[[0.957586,0.057703,-0.282313],[-0.0826152,0.993591,-0.077141],[0.276052,0.0971924,0.956216]]],"btipPosition":[-39.9273,341.399,-79.627],"carpPosition":[-5.04225,311.087,63.9996],"dipPosition":[-35.3275,343.019,-63.6938],"direction":[-0.282204,-0.010198,-0.9593],"extended":true,"handId":972,"id":9721,"length":57.352,"mcpPosition":[-16.6442,338.675,-1.20908],"pipPosition":[-28.6754,343.259,-41.081],"stabilizedTipPosition":[-38.4564,334.366,-67.9341],"timeVisible":25.5134,"tipPosition":[-38.5399,339.54,-75.839],"tipVelocity":[-12.1688,156.781,-153.687],"tool":false,"touchDistance":-0.465324,"touchZone":"hovering","type":1,"width":18.8641},{"bases":[[[0.973835,-0.19942,-0.108981],[0.22583,0.902823,0.365939],[0.0254154,-0.380975,0.924236]],[[0.972421,-0.186437,-0.140137],[0.00117195,0.604747,-0.796417],[0.23323,0.774288,0.588287]],[[0.972421,-0.186437,-0.140137],[-0.104724,0.187851,-0.976599],[0.2084,0.964341,0.163146]],[[0.972421,-0.186437,-0.140137],[-0.146908,-0.0229372,-0.988884],[0.181151,0.982199,-0.0496937]]],"btipPosition":[-15.1297,257.741,-32.0761],"carpPosition":[6.66249,312.961,62.0777],"dipPosition":[-11.8098,275.742,-32.9868],"direction":[-0.2084,-0.964341,-0.163146],"extended":false,"handId":972,"id":9722,"length":65.348,"mcpPosition":[4.93319,338.883,-0.80848],"pipPosition":[-6.03034,302.485,-28.4624],"stabilizedTipPosition":[-15.1115,246.906,-13.3505],"timeVisible":25.5134,"tipPosition":[-14.4692,262.591,-33.7524],"tipVelocity":[16.2591,79.6211,-114.805],"tool":false,"touchDistance":-0.608403,"touchZone":"touching","type":2,"width":18.527},{"bases":[[[0.947147,-0.320797,0.000941737],[0.295524,0.873664,0.386493],[-0.124809,-0.365788,0.922292]],[[0.953502,-0.294794,-0.0626968],[0.132659,0.597304,-0.790967],[0.270621,0.745871,0.608638]],[[0.953502,-0.294794,-0.0626968],[0.00114881,0.211581,-0.97736],[0.301385,0.931842,0.202081]],[[0.953502,-0.294794,-0.0626968],[-0.0609127,0.0152404,-0.998027],[0.295168,0.955439,-0.00342495]]],"btipPosition":[0.762503,258.941,-27.9],"carpPosition":[18.4507,311.681,60.3602],"dipPosition":[6.14093,276.351,-27.9624],"direction":[-0.301385,-0.931842,-0.202081],"extended":false,"handId":972,"id":9723,"length":62.8339,"mcpPosition":[26.0753,334.026,4.01775],"pipPosition":[14.2833,301.526,-22.5029],"stabilizedTipPosition":[2.26218,241.22,-3.46317],"timeVisible":25.5134,"tipPosition":[2.02297,263.185,-28.3909],"tipVelocity":[11.16,94.2332,-138.572],"tool":false,"touchDistance":-0.680221,"touchZone":"touching","type":3,"width":17.6296},{"bases":[[[0.8644,-0.500892,0.0438077],[0.427047,0.777361,0.461889],[-0.265411,-0.380549,0.885855]],[[0.878928,-0.476849,-0.0100895],[0.296389,0.562634,-0.771749],[0.373684,0.675321,0.635847]],[[0.878928,-0.476849,-0.0100895],[0.105869,0.215677,-0.970708],[0.465057,0.852114,0.240049]],[[0.878928,-0.476849,-0.0100895],[0.0117371,0.0427716,-0.999016],[0.476811,0.877944,0.04319]]],"btipPosition":[14.6194,270.605,-19.0462],"carpPosition":[29.3826,303.385,58.2804],"dipPosition":[22.6346,285.363,-18.3202],"direction":[-0.465057,-0.852114,-0.240049],"extended":false,"handId":972,"id":9724,"length":49.2606,"mcpPosition":[44.3916,324.905,8.18525],"pipPosition":[31.5055,301.617,-13.7413],"stabilizedTipPosition":[17.1681,249.047,8.44558],"tim