{"sensorType":"Leap","data":[[0,{"currentFrameRate":53.0265,"devices":[],"gestures":[{"center":[-29.5295,260.423,-30.8412],"duration":56146,"handIds":[972],"id":4,"normal":[-0.983556,-0.0962561,0.152816],"pointableIds":[9721],"progress":0.78941,"radius":27.5982,"state":"update","type":"circle"}],"hands":[{"armBasis":[[0.916639,-0.195469,-0.348661],[0.129156,0.970322,-0.204436],[0.378275,0.142362,0.914681]],"armWidth":62.1429,"confidence":0.578625,"direction":[0.00504713,0.506591,-0.862172],"elbow":[118.323,320.422,325.926],"grabStrength":0.0242372,"id":972,"palmNormal":[-0.16912,-0.849331,-0.500035],"palmPosition":[10.9431,307.139,38.1678],"palmVelocity":[-43.2805,212.796,-185.062],"palmWidth":88.738,"pinchStrength":0.765136,"r":[[0.972326,0.146968,0.18161],[-0.180798,0.965675,0.186506],[-0.147966,-0.21418,0.965522]],"s":0.786314,"sphereCenter":[4.68976,273.307,-0.778903],"sphereRadius":46.2547,"stabilizedPalmPosition":[12.7258,290.885,39.2833],"t":[9.36622,-37.4643,-74.383],"timeVisible":21.7214,"type":"right","wrist":[18.7167,282.935,85.0745]}],"id":4962804,"interactionBox":{"center":[0,200,0],"size":[235.247,235.247,147.751]},"pointables":[{"bases":[[[0.548846,0.798827,0.246257],[-0.719528,0.301507,0.625599],[0.425497,-0.520546,0.740259]],[[0.332399,0.940466,-0.070951],[-0.820106,0.32537,0.470703],[0.465766,-0.098274,0.879434]],[[0.332399,0.940466,-0.070951],[-0.942077,0.334653,0.0223276],[0.0447423,0.0594196,0.99723]],[[0.332399,0.940466,-0.070951],[-0.939159,0.323155,-0.116405],[-0.086547,0.105327,0.990664]]],"btipPosition":[-32.6699,276.827,-13.6358],"carpPosition":[-10.4831,276.423,84.9478],"dipPosition":[-34.6453,279.232,8.97546],"direction":[-0.0447423,-0.0594196,-0.99723],"extended":false,"handId":972,"id":9720,"length":50.8265,"mcpPosition":[-10.4831,276.423,84.9478],"pipPosition":[-33.1576,281.207,42.1351],"stabilizedTipPosition":[-30.7667,266.032,-4.99983],"timeVisible":21.7214,"tipPosition":[-33.6069,278.975,-8.20803],"tipVelocity":[-56.404,229.829,-191.679],"tool":false,"touchDistance":-0.345039,"touchZone":"hovering","type":0,"width":19.7488},{"bases":[[[0.972438,-0.0611713,-0.224993],[0.14344,0.91771,0.370451],[0.183817,-0.392514,0.90119]],[[0.944264,-0.0148413,-0.328856],[0.011951,0.99987,-0.0108086],[0.328973,0.00627599,0.944318]],[[0.944264,-0.0148413,-0.328856],[-0.0416117,0.985589,-0.163962],[0.32655,0.168508,0.930038]],[[0.944264,-0.0148413,-0.328856],[-0.078117,0.960346,-0.267643],[0.319788,0.278415,0.905661]]],"btipPosition":[-39.4515,316.027,-56.3935],"carpPosition":[0.546936,296.739,84.8457],"dipPosition":[-34.1229,320.667,-41.3027],"direction":[-0.32655,-0.168508,-0.930038],"extended":true,"handId":972,"id":9721,"length":57.352,"mcpPosition":[-12.6417,324.902,20.1864],"pipPosition":[-26.4254,324.639,-19.3797],"stabilizedTipPosition":[-38.0037,315.651,-52.1372],"timeVisible":21.7214,"tipPosition":[-38.0449,315.483,-52.5208],"tipVelocity":[-57.0876,341.616,-185.677],"tool":false,"touchDistance":0.138829,"touchZone":"hovering","type":1,"width":18.8641},{"bases":[[[0.949535,-0.269184,-0.161004],[0.309778,0.885316,0.346776],[0.0491935,-0.379151,0.924026]],[[0.948239,-0.260863,-0.181089],[0.0175685,0.612478,-0.790293],[0.317071,0.746205,0.585358]],[[0.948239,-0.260863,-0.181089],[-0.106905,0.27474,-0.955557],[0.299022,0.925456,0.232631]],[[0.948239,-0.260863,-0.181089],[-0.16005,0.0999414,-0.982037],[0.274275,0.960189,0.0530174]]],"btipPosition":[-19.3398,245.22,-15.541],"carpPosition":[12.2314,297.762,82.2702],"dipPosition":[-14.3131,262.817,-14.5693],"direction":[-0.299022,-0.925456,-0.232631],"extended":false,"handId":972,"id":9722,"length":65.348,"mcpPosition":[8.88422,323.559,19.3983],"pipPosition":[-6.02049,288.482,-8.11786],"stabilizedTipPosition":[-14.6426,240.435,-12.4139],"timeVisible":21.7214,"tipPosition":[-18.1933,249.745,-16.0036],"tipVelocity":[-105.275,236.613,-159.521],"tool":false,"touchDistance":-0.453664,"touchZone":"hovering","type":2,"width":18.527},{"bases":[[[0.920353,-0.388013,-0.0489518],[0.378237,0.851284,0.363666],[-0.099435,-0.353216,0.930242]],[[0.92526,-0.359893,-0.119879],[0.119928,0.577348,-0.807642],[0.359877,0.732902,0.577358]],[[0.92526,-0.359893,-0.119879],[-0.0253221,0.256721,-0.966154],[0.378488,0.896979,0.22842]],[[0.92526,-0.359893,-0.119879],[-0.091555,0.094809,-0.991276],[0.368119,0.928164,0.0547729]]],"btipPosition":[-2.75518,244.13,-9.23915],"carpPosition":[23.7846,295.633,79.9159],"dipPosition":[3.95253,261.042,-8.2411],"direction":[-0.378488,-0.896979,-0.22842],"extended":false,"handId":972,"id":9723,"length":62.8339,"mcpPosition":[29.8591,317.211,23.0877],"pipPosition":[14.1779,285.276,-2.07001],"stabilizedTipPosition":[4.45729,233.381,-4.84977],"timeVisible":21.7214,"tipPosition":[-1.17441,248.016,-8.72028],"tipVelocity":[-107.733,238.043,-205.836],"tool":false,"touchDistance":-0.471464,"touchZone":"hovering","type":3,"width":17.6296},{"bases":[[[0.827427,-0.561573,-0.000368035],[0.5065,0.745998,0.432371],[-0.242534,-0.357942,0.901696]],[[0.815246,-0.577619,0.041586],[0.373183,0.469079,-0.800437],[0.44284,0.668072,0.597973]],[[0.815246,-0.577619,0.041586],[0.175889,0.178551,-0.968082],[0.551757,0.79654,0.24716]],[[0.815246,-0.577619,0.041586],[0.078149,0.0385771,-0.996195],[0.573817,0.815394,0.0765902]]],"btipPosition":[12.2365,254.87,-0.318632],"carpPosition":[33.9628,286.567,77.2949],"dipPosition":[21.8825,268.577,0.968864],"direction":[-0.551757,-0.79654,-0.24716],"extended":false,"handId":972,"id":9724,"length":49.2606,"mcpPosition":[47.6781,306.809,26.3039],"pipPosition":[32.4071,283.771,5.68338],"stabilizedTipPosition":[19.9082,243.537,2.69275],"timeVisible":21.7214,"tipPosition":[14.6571,258.286,-0.33655],"tipVelocity":[-98.1281,216.024,-194.373],"tool":false,"touchDistance":-0.411903,"touchZone":"hovering","type":4,"width":15.66}],"r":[[0.972326,0.146968,0.18161],[-0.180798,0.965675,0.186506],[-0.147966,-0.21418,0.965522]],"s":0.786314,"t":[9.36622,-37.4643,-74.383],"timestamp":669349263691},false],[1,{"currentFrameRate":53.0178,"devices":[],"gestures":[{"center":[-29.5295,260.423,-30.8412],"duration":56146,"handIds":[972],"id":4,"normal":[-0.983556,-0.0962561,0.152816],"pointableIds":[9721],"progress":0.78941,"radius":27.5982,"state":"update","type":"circle"}],"hands":[{"armBasis":[[0.913821,-0.196442,-0.355447],[0.13221,0.971451,-0.196986],[0.383995,0.133016,0.913704]],"armWidth":62.1429,"confidence":0.589893,"direction":[0.00362842,0.516491,-0.856285],"elbow":[119.742,318.943,323.587],"grabStrength":0.00864122,"id":972,"palmNormal":[-0.175006,-0.842748,-0.509067],"palmPosition":[10.7642,308.695,36.4026],"palmVelocity":[-26.7042,148.854,-140.139],"palmWidth":88.738,"pinchStrength":0.776988,"r":[[0.974561,0.133161,0.180273],[-0.16854,0.965633,0.197854],[-0.147732,-0.223204,0.963512]],"s":0.790011,"sphereCenter":[3.36479,275.823,-2.73825],"sphereRadius":46.0332,"stabilizedPalmPosition":[12.3336,294.446,38.7074],"t":[8.86878,-34.6851,-77.0073],"timeVisible":21.7402,"type":"right","wrist":[18.6297,283.918,82.9931]}],"id":4962805,"interactionBox":{"center":[0,200,0],"size":[235.247,235.247,147.751]},"pointables":[{"bases":[[[0.553423,0.793516,0.253093],[-0.715519,0.297409,0.632123],[0.426328,-0.530924,0.732369]],[[0.334091,0.940348,-0.0642592],[-0.819498,0.323481,0.473057],[0.465625,-0.105384,0.878685]],[[0.334091,0.940348,-0.0642592],[-0.941368,0.336299,0.027016],[0.0470148,0.0514657,0.997567]],[[0.334091,0.940348,-0.0642592],[-0.938499,0.325577,-0.114976],[-0.0871958,0.0987195,0.991288]]],"btipPosition":[-32.8397,278.701,-15.6557],"carpPosition":[-10.5989,277.535,82.9169],"dipPosition":[-34.8299,280.954,6.96979],"direction":[-0.0470148,-0.0514657,-0.997567],"extended":false,"handId":972,"id":9720,"length":50.8265,"mcpPosition":[-10.5989,277.535,82.9169],"pipPosition":[-33.2666,282.665,40.1406],"stabilizedTipPosition":[-31.4999,269.853,-6.57937],"timeVisible":21.7402,"tipPosition":[-33.8316,280.794,-10.1934],"tipVelocity":[-33.2445,164.867,-150.036],"tool":false,"touchDistance":-0.369117,"touchZone":"hovering","type":0,"width":19.7488},{"bases":[[[0.971193,-0.0628288,-0.229863],[0.149079,0.912731,0.380392],[0.185904,-0.403701,0.895804]],[[0.94251,-0.0148063,-0.33385],[0.0191125,0.999771,0.0096174],[0.333631,-0.0154452,0.942577]],[[0.94251,-0.0148063,-0.33385],[-0.0328474,0.990076,-0.136643],[0.33256,0.139754,0.93267]],[[0.94251,-0.0148063,-0.33385],[-0.0685347,0.969219,-0.236469],[0.327075,0.245755,0.912484]]],"btipPosition":[-40.0859,320.025,-57.9538],"carpPosition":[0.520488,297.802,83.0017],"dipPosition":[-34.6359,324.12,-42.7493],"direction":[-0.33256,-0.139754,-0.93267],"extended":true,"handId":972,"id":9721,"length":57.352,"mcpPosition":[-12.8179,326.768,18.7289],"pipPosition":[-26.7967,327.415,-20.7642],"stabilizedTipPosition":[-38.6786,319.981,-54.0265],"timeVisible":21.7402,"tipPosition":[-38.6506,319.244,-54.084],"tipVelocity":[-44.8374,274.635,-134.457],"tool":false,"touchDistance":0.144869,"touchZone":"hovering","type":1,"width":18.8641},{"bases":[[[0.94764,-0.271464,-0.168181],[0.315169,0.879884,0.355629],[0.0514388,-0.390014,0.919371]],[[0.946299,-0.262926,-0.188116],[0.015488,0.618077,-0.785965],[0.322921,0.740844,0.588958]],[[0.946299,-0.262926,-0.188116],[-0.111702,0.280133,-0.95344],[0.303382,0.923253,0.23572]],[[0.946299,-0.262926,-0.188116],[-0.165691,0.105216,-0.980549],[0.277605,0.959062,0.0560009]]],"btipPosition":[-19.9826,247.334,-17.4161],"carpPosition":[12.1983,298.803,80.388],"dipPosition":[-14.8949,264.911,-16.3897],"direction":[-0.303382,-0.923253,-0.23572],"extended":false,"handId":972,"id":9722,"length":65.348,"mcpPosition":[8.69837,325.34,17.8328],"pipPosition":[-6.48134,290.515,-9.8526],"stabilizedTipPosition":[-16.794,246.08,-14.8729],"timeVisible":21.7402,"tipPosition":[-18.8327,251.885,-17.946],"tipVelocity":[-69.9783,175.36,-129.645],"tool":false,"touchDistance":-0.464569,"touchZone":"touching","type":2,"width":18.527},{"bases":[[[0.918408,-0.391451,-0.0573816],[0.383548,0.84536,0.371831],[-0.0970456,-0.363501,0.926525]],[[0.923104,-0.363034,-0.126832],[0.120096,0.585476,-0.801745],[0.365318,0.724862,0.584054]],[[0.923104,-0.363034,-0.126832],[-0.0276756,0.266246,-0.963508],[0.383554,0.892928,0.235725]],[[0.923104,-0.363034,-0.126832],[-0.0949521,0.10443,-0.989989],[0.372645,0.925905,0.0619288]]],"btipPosition":[-3.41031,246.278,-11.5878],"carpPosition":[23.7319,296.652,77.9596],"dipPosition":[3.37986,263.149,-10.4594],"direction":[-0.383554,-0.892928,-0.235725],"extended":false,"handId":972,"id":9723,"length":62.8339,"mcpPosition":[29.6604,318.858,21.3585],"pipPosition":[13.7421,287.273,-4.09097],"stabilizedTipPosition":[2.67015,238.136,-6.68585],"timeVisible":21.7402,"tipPosition":[-1.81341,250.16,-11.0778],"tipVelocity":[-71.4234,176.827,-165.091],"tool":false,"touchDistance":-0.487432,"touchZone":"hovering","type":3,"width":17.6296},{"bases":[[[0.824921,-0.565152,-0.0104039],[0.511634,0.738726,0.438765],[-0.240284,-0.36727,0.898541]],[[0.812793,-0.581695,0.0315902],[0.37202,0.47656,-0.79655],[0.448295,0.659183,0.603747]],[[0.812793,-0.581695,0.0315902],[0.172724,0.188846,-0.966697],[0.556357,0.791181,0.253965]],[[0.812793,-0.581695,0.0315902],[0.074233,0.0496344,-0.996005],[0.577803,0.811891,0.0835235]]],"btipPosition":[11.6622,256.87,-2.69018],"carpPosition":[33.8585,287.572,75.1904],"dipPosition":[21.3752,270.518,-1.28613],"direction":[-0.556357,-0.791181,-0.253965],"extended":false,"handId":972,"id":9724,"length":49.2606,"mcpPosition":[47.4466,308.341,24.3778],"pipPosition":[31.9876,285.61,3.55819],"stabilizedTipPosition":[18.4611,247.502,1.47474],"timeVisible":21.7402,"tipPosition":[14.0971,260.273,-2.6774],"tipVelocity":[-64.5226,161.663,-159.923],"tool":false,"touchDistance":-0.434217,"touchZone":"hovering","type":4,"width":15.66}],"r":[[0.974561,0.133161,0.180273],[-0.16854,0.965633,0.197854],[-0.147732,-0.223204,0.963512]],"s":0.790011,"t":[8.86878,-34.6851,-77.0073],"timestamp":669349282584},false],[2,{"currentFrameRate":53.0615,"devices":[],"gestures":[{"center":[-29.5295,260.423,-30.8412],"duration":56146,"handIds":[972],"id":4,"normal":[-0.983556,-0.0962561,0.152816],"pointableIds":[9721],"progress":0.78941,"radius":27.5982,"state":"update","type":"circle"}],"hands":[{"armBasis":[[0.921172,-0.196336,-0.335998],[0.137764,0.972014,-0.190291],[0.363956,0.129003,0.922439]],"armWidth":62.1429,"confidence":0.603716,"direction":[0.00315308,0.521403,-0.853304],"elbow":[114.051,320.878,322.139],"grabStrength":0,"id":972,"palmNormal":[-0.182647,-0.838654,-0.513127],"palmPosition":[10.3024,312.006,32.8326],"palmVelocity":[-25.7342,162.627,-164.897],"palmWidth":88.738,"pinchStrength":0.784788,"r":[[0.97654,0.120654,0.17836],[-0.157293,0.965364,0.208164],[-0.147066,-0.231335,0.961694]],"s":0.793697,"sphereCenter":[1.83356,279.805,-6.32919],"sphereRadius":45.8761,"stabilizedPalmPosition":[11.9697,297.592,37.6549],"t":[8.38915,-31.6399,-80.1045],"timeVisible":21.7589,"type":"right","wrist":[18.2148,286.91,79.2441]}],"id":4962806,"interactionBox":{"center":[0,200,0],"size":[235.247,235.247,147.751]},"pointables":[{"bases":[[[0.559606,0.788492,0.25519],[-0.7108,0.298305,0.637006],[0.42615,-0.537862,0.727393]],[[0.338402,0.93895,-0.0620977],[-0.817117,0.325939,0.475482],[0.466694,-0.110163,0.877531]],[[0.338402,0.93895,-0.0620977],[-0.939665,0.340701,0.0308702],[0.0501423,0.0479045,0.997593]],[[0.338402,0.93895,-0.0620977],[-0.937038,0.330192,-0.113727],[-0.0862802,0.0966735,0.991569]]],"btipPosition":[-33.4719,282.278,-19.2624],"carpPosition":[-11.0542,280.714,79.2614],"dipPosition":[-35.4412,284.484,3.36959],"direction":[-0.0501423,-0.0479045,-0.997593],"extended":false,"handId":972,"id":9720,"length":50.8265,"mcpPosition":[-11.0542,280.714,79.2614],"pipPosition":[-33.7738,286.077,36.5413],"stabilizedTipPosition":[-32.1331,273.23,-8.53196],"timeVisible":21.7589,"tipPosition":[-34.4804,284.328,-13.787],"tipVelocity":[-33.4022,177.496,-170.892],"tool":false,"touchDistance":-0.414616,"touchZone":"hovering","type":0,"width":19.7488},{"bases":[[[0.969746,-0.0676912,-0.234545],[0.1566,0.909545,0.384973],[0.18727,-0.410056,0.892628]],[[0.940689,-0.0185786,-0.33876],[0.0279314,0.999351,0.0227543],[0.338118,-0.0308668,0.940598]],[[0.940689,-0.0185786,-0.33876],[-0.0228337,0.992769,-0.117852],[0.3385,0.118597,0.933463]],[[0.940689,-0.0185786,-0.33876],[-0.0579553,0.975024,-0.214407],[0.334283,0.221323,0.916117]]],"btipPosition":[-40.9574,325.14,-61.3105],"carpPosition":[0.195091,300.91,79.4134],"dipPosition":[-35.3873,328.828,-46.0455],"direction":[-0.3385,-0.118597,-0.933463],"extended":true,"handId":972,"id":9721,"length":57.352,"mcpPosition":[-13.2413,330.331,15.3684],"pipPosition":[-27.4081,331.624,-24.0418],"stabilizedTipPosition":[-39.4696,324.744,-57.0178],"timeVisible":21.7589,"tipPosition":[-39.5041,324.207,-57.4549],"tipVelocity":[-44.9924,271.736,-156.064],"tool":false,"touchDistance":0.120155,"touchZone":"hovering","type":1,"width":18.8641},{"bases":[[[0.94513,-0.276526,-0.173961],[0.322366,0.875783,0.359282],[0.0530012,-0.395647,0.916872]],[[0.943758,-0.267878,-0.193809],[0.0149986,0.620251,-0.78426],[0.330296,0.737245,0.589384]],[[0.943758,-0.267878,-0.193809],[-0.115441,0.282313,-0.952351],[0.309829,0.921163,0.235511]],[[0.943758,-0.267878,-0.193809],[-0.170639,0.107457,-0.979457],[0.283201,0.957442,0.0557033]]],"btipPosition":[-21.0478,251.022,-20.8894],"carpPosition":[11.8674,301.851,76.7534],"dipPosition":[-15.8576,268.569,-19.8685],"direction":[-0.309829,-0.921163,-0.235511],"extended":false,"handId":972,"id":9722,"length":65.348,"mcpPosition":[8.26118,328.771,14.3683],"pipPosition":[-7.26521,294.115,-13.3372],"stabilizedTipPosition":[-18.3924,250.77,-17.8929],"timeVisible":21.7589,"tipPosition":[-19.8805,255.577,-21.4596],"tipVelocity":[-63.0482,185.87,-157.023],"tool":false,"touchDistance":-0.498564,"touchZone":"touching","type":2,"width":18.527},{"bases":[[[0.91562,-0.396963,-0.0637253],[0.390593,0.84073,0.37498],[-0.0952773,-0.36823,0.92484]],[[0.92018,-0.368324,-0.132685],[0.120624,0.589171,-0.798954],[0.372448,0.719177,0.586572]],[[0.92018,-0.368324,-0.132685],[-0.0299241,0.271757,-0.961901],[0.390349,0.889093,0.239044]],[[0.92018,-0.368324,-0.132685],[-0.0983762,0.110504,-0.988995],[0.378933,0.923107,0.0654497]]],"btipPosition":[-4.48295,249.957,-15.4467],"carpPosition":[23.3762,299.64,74.2613],"dipPosition":[2.42181,266.777,-14.2541],"direction":[-0.390349,-0.889093,-0.239044],"extended":false,"handId":972,"id":9723,"length":62.8339,"mcpPosition":[29.1966,322.135,17.7631],"pipPosition":[12.9676,290.798,-7.79604],"stabilizedTipPosition":[1.19905,242.283,-8.92925],"timeVisible":21.7589,"tipPosition":[-2.85942,253.827,-14.9273],"tipVelocity":[-63.9114,186.278,-184.844],"tool":false,"touchDistance":-0.524684,"touchZone":"hovering","type":3,"width":17.6296},{"bases":[[[0.821231,-0.570333,-0.0173326],[0.518288,0.732896,0.440728],[-0.238659,-0.370923,0.897473]],[[0.808798,-0.587517,0.0258639],[0.372452,0.477704,-0.795663],[0.45511,0.653163,0.605188]],[[0.808798,-0.587517,0.0258639],[0.170208,0.191765,-0.966569],[0.562916,0.786161,0.255099]],[[0.808798,-0.587517,0.0258639],[0.0705099,0.0532164,-0.996091],[0.583844,0.80746,0.0844671]]],"btipPosition":[10.6822,260.395,-6.51255],"carpPosition":[33.4321,290.512,71.3948],"dipPosition":[20.4967,273.968,-5.09264],"direction":[-0.562916,-0.786161,-0.255099],"extended":false,"handId":972,"id":9724,"length":49.2606,"mcpPosition":[46.9283,311.488,20.6426],"pipPosition":[31.2342,288.964,-0.226695],"stabilizedTipPosition":[17.2494,251.016,-0.206314],"timeVisible":21.7589,"tipPosition":[13.1387,263.777,-6.50346],"tipVelocity":[-58.0343,174.314,-181.529],"tool":false,"touchDistance":-0.47641,"touchZone":"hovering","type":4,"width":15.66}],"r":[[0.97654,0.120654,0.17836],[-0.157293,0.965364,0.208164],[-0.147066,-0.231335,0.961694]],"s":0.793697,"t":[8.38915,-31.6399,-80.1045],"timestamp":669349301273},false],[3,{"currentFrameRate":53.044,"devices":[],"gestures":[{"center":[-29.5295,260.423,-30.8412],"duration":56146,"handIds":[972],"id":4,"normal":[-0.983556,-0.0962561,0.152816],"pointableIds":[9721],"progress":0.78941,"radius":27.5982,"state":"update","type":"circle"}],"hands":[{"armBasis":[[0.919009,-0.186975,-0.347076],[0.132628,0.975695,-0.17444],[0.371257,0.11428,0.921471]],"armWidth":62.1429,"confidence":0.61427,"direction":[0.00219128,0.532384,-0.8465],"elbow":[114.958,318.822,318.691],"grabStrength":0,"id":972,"palmNormal":[-0.176132,-0.833063,-0.524389],"palmPosition":[9.25472,314.375,29.9459],"palmVelocity":[-40.2836,144.277,-158.87],"palmWidth":88.738,"pinchStrength":0.789091,"r":[[0.977786,0.111385,0.17756],[-0.149572,0.964243,0.21878],[-0.146843,-0.240478,0.959483]],"s":0.798457,"sphereCenter":[0.370962,283.042,-9.50095],"sphereRadius":45.7264,"stabilizedPalmPosition":[11.5388,300.255,36.4314],"t":[7.62552,-28.933,-83.0964],"timeVisible":21.7778,"type":"right","wrist":[17.1992,288.73,76.0513]}],"id":4962807,"interactionBox":{"center":[0,200,0],"size":[235.247,235.247,147.751]},"pointables":[{"bases":[[[0.55407,0.788541,0.26685],[-0.714297,0.285703,0.638869],[0.427535,-0.544588,0.721552]],[[0.331995,0.941952,-0.0500498],[-0.821635,0.314837,0.475178],[0.463353,-0.116634,0.878465]],[[0.331995,0.941952,-0.0500498],[-0.94214,0.333736,0.0315171],[0.046391,0.0366903,0.998249]],[[0.331995,0.941952,-0.0500498],[-0.938871,0.324853,-0.11398],[-0.0911048,0.0848311,0.992222]]],"btipPosition":[-34.0512,284.878,-22.6965],"carpPosition":[-12.031,282.356,75.9094],"dipPosition":[-36.1306,286.814,-0.0497187],"direction":[-0.046391,-0.0366903,-0.998249],"extended":false,"handId":972,"id":9720,"length":50.8265,"mcpPosition":[-12.031,282.356,75.9094],"pipPosition":[-34.588,288.034,33.1438],"stabilizedTipPosition":[-32.662,275.899,-10.5086],"timeVisible":21.7778,"tipPosition":[-35.1052,286.813,-17.1998],"tipVelocity":[-32.6981,156.242,-176.037],"tool":false,"touchDistance":-0.452949,"touchZone":"hovering","type":0,"width":19.7488},{"bases":[[[0.970758,-0.0587235,-0.232768],[0.149986,0.905441,0.39709],[0.187439,-0.42039,0.887772]],[[0.9415,-0.00820363,-0.336912],[0.0242087,0.998767,0.0433316],[0.336141,-0.0489529,0.940538]],[[0.9415,-0.00820363,-0.336912],[-0.0246256,0.995357,-0.0930527],[0.336111,0.0959058,0.936927]],[[0.9415,-0.00820363,-0.336912],[-0.0584944,0.980552,-0.187339],[0.331897,0.196087,0.92271]]],"btipPosition":[-41.8924,329.302,-64.2124],"carpPosition":[-0.906673,302.616,76.3522],"dipPosition":[-36.3621,332.569,-48.8375],"direction":[-0.336111,-0.0959058,-0.936927],"extended":true,"handId":972,"id":9721,"length":57.352,"mcpPosition":[-14.3552,332.779,12.6556],"pipPosition":[-28.4392,334.83,-26.7521],"stabilizedTipPosition":[-40.3539,328.824,-59.8289],"timeVisible":21.7778,"tipPosition":[-40.4428,328.224,-60.3734],"tipVelocity":[-47.4079,243.845,-154.108],"tool":false,"touchDistance":0.0969742,"touchZone":"hovering","type":1,"width":18.8641},{"bases":[[[0.947269,-0.268469,-0.174947],[0.316024,0.873029,0.371415],[0.0530206,-0.407117,0.911836]],[[0.945897,-0.259586,-0.194662],[0.0125446,0.628756,-0.777501],[0.324223,0.732994,0.597995]],[[0.945897,-0.259586,-0.194662],[-0.115619,0.290905,-0.94974],[0.303167,0.920864,0.245153]],[[0.945897,-0.259586,-0.194662],[-0.169645,0.115746,-0.978684],[0.276584,0.958759,0.0654465]]],"btipPosition":[-21.5584,253.799,-24.4146],"carpPosition":[10.7666,303.663,73.7363],"dipPosition":[-16.4895,271.37,-23.2152],"direction":[-0.303167,-0.920864,-0.245153],"extended":false,"handId":972,"id":9722,"length":65.348,"mcpPosition":[7.15904,331.364,11.6938],"pipPosition":[-8.08187,296.908,-16.4164],"stabilizedTipPosition":[-19.3274,254.075,-20.8128],"timeVisible":21.7778,"tipPosition":[-20.4241,258.369,-24.9585],"tipVelocity":[-46.0824,166.846,-170.358],"tool":false,"touchDistance":-0.529303,"touchZone":"touching","type":2,"width":18.527},{"bases":[[[0.91821,-0.390497,-0.0663542],[0.384424,0.838194,0.386845],[-0.0954443,-0.380713,0.919754]],[[0.922566,-0.363806,-0.128517],[0.120304,0.587709,-0.800078],[0.366604,0.722664,0.585968]],[[0.922566,-0.363806,-0.128517],[-0.0316767,0.260543,-0.964942],[0.384536,0.894294,0.228844]],[[0.922566,-0.363806,-0.128517],[-0.100126,0.0959365,-0.990339],[0.372621,0.926521,0.0520814]]],"btipPosition":[-5.02692,252.28,-17.6048],"carpPosition":[22.2953,301.555,71.2471],"dipPosition":[1.76282,269.163,-16.6558],"direction":[-0.384536,-0.894294,-0.228844],"extended":false,"handId":972,"id":9723,"length":62.8339,"mcpPosition":[28.1259,324.813,15.0596],"pipPosition":[12.1516,293.323,-10.4733],"stabilizedTipPosition":[0.0454565,245.716,-11.0209],"timeVisible":21.7778,"tipPosition":[-3.44014,256.394,-17.6757],"tipVelocity":[-47.3494,155.511,-151.582],"tool":false,"touchDistance":-0.53376,"touchZone":"hovering","type":3,"width":17.6296},{"bases":[[[0.824767,-0.565026,-0.0224564],[0.512606,0.730304,0.451543],[-0.238734,-0.383929,0.891967]],[[0.811894,-0.583396,0.0218676],[0.372493,0.488817,-0.788864],[0.449531,0.648619,0.614178]],[[0.811894,-0.583396,0.0218676],[0.172087,0.203359,-0.963863],[0.557866,0.786317,0.265501]],[[0.811894,-0.583396,0.0218676],[0.0731483,0.0644936,-0.995234],[0.579205,0.809623,0.0950363]]],"btipPosition":[10.0358,263.262,-9.99164],"carpPosition":[32.4147,292.527,68.2904],"dipPosition":[19.7723,276.872,-8.39406],"direction":[-0.557866,-0.786317,-0.265501],"extended":false,"handId":972,"id":9724,"length":49.2606,"mcpPosition":[45.9151,314.238,17.8497],"pipPosition":[30.4134,291.871,-3.32971],"stabilizedTipPosition":[16.2767,254.023,-2.04805],"timeVisible":21.7778,"tipPosition":[12.4725,266.656,-9.9504],"tipVelocity":[-46.7936,163.387,-181.648],"tool":false,"touchDistance":-0.508675,"touchZone":"hovering","type":4,"width":15.66}],"r":[[0.977786,0.111385,0.17756],[-0.149572,0.964243,0.21878],[-0.146843,-0.240478,0.959483]],"s":0.798457,"t":[7.62552,-28.933,-83.0964],"timestamp":669349320188},false],[4,{"currentFrameRate":52.9003,"devices":[],"gestures":[{"center":[-29.5295,260.423,-30.8412],"duration":56146,"handIds":[972],"id":4,"normal":[-0.983556,-0.0962561,0.152816],"pointableIds":[9721],"progress":0.78941,"radius":27.5982,"state":"update","type":"circle"}],"hands":[{"armBasis":[[0.921341,-0.179854,-0.344649],[0.128892,0.977724,-0.165657],[0.366766,0.108204,0.923999]],"armWidth":62.1429,"confidence":0.545812,"direction":[-0.000469485,0.527335,-0.849658],"elbow":[112.977,320.895,316.7],"grabStrength":0,"id":972,"palmNormal":[-0.171236,-0.837151,-0.519478],"palmPosition":[8.33075,317.728,27.1344],"palmVelocity":[-43.9283,158.455,-151.822],"palmWidth":88.738,"pinchStrength":0.792122,"r":[[0.978603,0.105287,0.176781],[-0.144487,0.96333,0.226093],[-0.146494,-0.246798,0.95793]],"s":0.803143,"sphereCenter":[-1.17501,286.554,-11.9991],"sphereRadius":45.6128,"stabilizedPalmPosition":[11.0249,303.054,34.9421],"t":[6.78172,-25.9031,-85.9982],"timeVisible":21.7973,"type":"right","wrist":[16.4012,292.404,73.3947]}],"id":4962808,"interactionBox":{"center":[0,200,0],"size":[235.247,235.247,147.751]},"pointables":[{"bases":[[[0.54952,0.793223,0.262345],[-0.716145,0.28548,0.636897],[0.430307,-0.537865,0.72494]],[[0.326145,0.943645,-0.0562491],[-0.824503,0.313064,0.471365],[0.462411,-0.107356,0.880142]],[[0.326145,0.943645,-0.0562491],[-0.944221,0.328056,0.028727],[0.045561,0.0437425,0.998003]],[[0.326145,0.943645,-0.0562491],[-0.940641,0.318042,-0.118508],[-0.0939397,0.0915609,0.991359]]],"btipPosition":[-34.6747,287.546,-25.3795],"carpPosition":[-12.7927,285.864,73.2802],"dipPosition":[-36.8188,289.636,-2.7524],"direction":[-0.045561,-0.0437425,-0.998003],"extended":false,"handId":972,"id":9720,"length":50.8265,"mcpPosition":[-12.7927,285.864,73.2802],"pipPosition":[-35.3038,291.091,30.433],"stabilizedTipPosition":[-33.159,278.304,-12.4258],"timeVisible":21.7973,"tipPosition":[-35.7551,289.473,-19.8995],"tipVelocity":[-32.7848,147.73,-157.218],"tool":false,"touchDistance":-0.476301,"touchZone":"hovering","type":0,"width":19.7488},{"bases":[[[0.971165,-0.0546452,-0.232063],[0.144734,0.908621,0.39174],[0.189451,-0.414031,0.890329]],[[0.941388,-0.00453314,-0.337294],[0.0220699,0.998595,0.0481763],[0.336602,-0.0527967,0.940166]],[[0.941388,-0.00453314,-0.337294],[-0.0253279,0.996137,-0.0840781],[0.336373,0.0876931,0.937637]],[[0.941388,-0.00453314,-0.337294],[-0.0583355,0.982656,-0.176021],[0.332242,0.18538,0.924797]]],"btipPosition":[-42.9439,332.951,-67.1777],"carpPosition":[-1.78266,306.189,73.6062],"dipPosition":[-37.4079,336.04,-51.7681],"direction":[-0.336373,-0.0876931,-0.937637],"extended":true,"handId":972,"id":9721,"length":57.352,"mcpPosition":[-15.3755,335.895,9.7262],"pipPosition":[-29.4788,338.107,-29.6659],"stabilizedTipPosition":[-41.3217,332.38,-62.6252],"timeVisible":21.7973,"tipPosition":[-41.4819,331.745,-63.3413],"tipVelocity":[-50.7404,214.836,-153.192],"tool":false,"touchDistance":0.0645208,"touchZone":"hovering","type":1,"width":18.8641},{"bases":[[[0.948833,-0.264172,-0.173002],[0.310961,0.876991,0.366319],[0.05495,-0.401372,0.914265]],[[0.947421,-0.255422,-0.192751],[0.00877793,0.622886,-0.782264],[0.319869,0.739441,0.592377]],[[0.947421,-0.255422,-0.192751],[-0.117602,0.282276,-0.952098],[0.297596,0.924705,0.237396]],[[0.947421,-0.255422,-0.192751],[-0.17061,0.106392,-0.979578],[0.270713,0.960958,0.0572207]]],"btipPosition":[-22.1039,256.581,-26.6978],"carpPosition":[9.88559,307.286,70.9883],"dipPosition":[-17.1426,274.192,-25.6492],"direction":[-0.297596,-0.924705,-0.237396],"extended":false,"handId":972,"id":9722,"length":65.348,"mcpPosition":[6.14672,334.596,8.78059],"pipPosition":[-8.88951,299.837,-19.0656],"stabilizedTipPosition":[-20.0571,257,-23.331],"timeVisible":21.7973,"tipPosition":[-20.9998,261.151,-27.2897],"tipVelocity":[-37.7269,155.289,-144.866],"tool":false,"touchDistance":-0.539475,"touchZone":"touching","type":2,"width":18.527},{"bases":[[[0.920418,-0.385712,-0.0636937],[0.379549,0.842634,0.381981],[-0.0936642,-0.375757,0.921973]],[[0.924598,-0.360011,-0.124542],[0.121813,0.589171,-0.798773],[0.360944,0.723373,0.5886]],[[0.924598,-0.360011,-0.124542],[-0.0278241,0.262234,-0.964603],[0.379927,0.895335,0.232444]],[[0.924598,-0.360011,-0.124542],[-0.0957178,0.0968885,-0.990682],[0.368723,0.927903,0.0551234]]],"btipPosition":[-5.56189,255.566,-20.7389],"carpPosition":[21.4269,305.228,68.5159],"dipPosition":[1.15683,272.474,-19.7344],"direction":[-0.379927,-0.895335,-0.232444],"extended":false,"handId":972,"id":9723,"length":62.8339,"mcpPosition":[27.1488,328.183,12.1929],"pipPosition":[11.4211,296.663,-13.4546],"stabilizedTipPosition":[-0.916324,248.969,-13.2672],"timeVisible":21.7973,"tipPosition":[-3.99642,259.562,-20.5248],"tipVelocity":[-37.8725,162.498,-156.148],"tool":false,"touchDistance":-0.555537,"touchZone":"hovering","type":3,"width":17.6296},{"bases":[[[0.827942,-0.5605,-0.0187902],[0.508312,0.735854,0.447368],[-0.236922,-0.379945,0.894153]],[[0.814103,-0.579996,0.0290023],[0.371108,0.481187,-0.79419],[0.446671,0.657315,0.606977]],[[0.814103,-0.579996,0.0290023],[0.170114,0.190432,-0.966849],[0.555245,0.792048,0.253697]],[[0.814103,-0.579996,0.0290023],[0.0711167,0.0500069,-0.996214],[0.57635,0.813083,0.0819581]]],"btipPosition":[9.31332,266.282,-12.0956],"carpPosition":[31.5981,296.239,65.6168],"dipPosition":[19.0019,279.95,-10.7178],"direction":[-0.555245,-0.792048,-0.253697],"extended":false,"handId":972,"id":9724,"length":49.2606,"mcpPosition":[44.9961,317.725,15.0524],"pipPosition":[29.593,295.058,-5.87862],"stabilizedTipPosition":[15.3333,257.092,-3.98678],"timeVisible":21.7973,"tipPosition":[11.754,269.71,-12.2135],"tipVelocity":[-42.2824,159.787,-146.308],"tool":false,"touchDistance":-0.518458,"touchZone":"hovering","type":4,"width":15.66}],"r":[[0.978603,0.105287,0.176781],[-0.144487,0.96333,0.226093],[-0.146494,-0.246798,0.95793]],"s":0.803143,"t":[6.78172,-25.9031,-85.9982],"timestamp":669349339609},false],[5,{"currentFrameRate":52.9984,"devices":[],"gestures":[{"center":[-29.5295,260.423,-30.8412],"duration":56146,"handIds":[972],"id":4,"normal":[-0.983556,-0.0962561,0.152816],"pointableIds":[9721],"progress":0.78941,"radius":27.5982,"state":"update","type":"circle"}],"hands":[{"armBasis":[[0.923142,-0.178441,-0.34054],[0.129056,0.978196,-0.16272],[0.36215,0.106265,0.926043]],"armWidth":62.1429,"confidence":0.55889,"direction":[0.00397381,0.529896,-0.848053],"elbow":[110.455,323.114,314.363],"grabStrength":0,"id":972,"palmNormal":[-0.167696,-0.835697,-0.522961],"palmPosition":[7.26826,320.59,24.291],"palmVelocity":[-50.4325,156.595,-152.668],"palmWidth":88.738,"pinchStrength":0.794058,"r":[[0.979019,0.100439,0.177295],[-0.14081,0.962386,0.232349],[-0.147289,-0.252439,0.956337]],"s":0.808397,"sphereCenter":[-2.95889,290.055,-14.8233],"sphereRadius":45.4896,"stabilizedPalmPosition":[10.4568,305.706,33.3313],"t":[5.82857,-22.9569,-88.8707],"timeVisible":21.8158,"type":"right","wrist":[15.0943,295.132,70.5198]}],"id":4962809,"interactionBox":{"center":[0,200,0],"size":[235.247,235.247,147.751]},"pointables":[{"bases":[[[0.547463,0.792807,0.267847],[-0.719946,0.283062,0.633683],[0.426571,-0.539753,0.725744]],[[0.325343,0.944159,-0.0521182],[-0.82831,0.311143,0.465932],[0.45613,-0.108417,0.883284]],[[0.325343,0.944159,-0.0521182],[-0.94477,0.326868,0.0238202],[0.0395258,0.04149,0.998357]],[[0.325343,0.944159,-0.0521182],[-0.940073,0.317002,-0.125588],[-0.102053,0.0898539,0.990713]]],"btipPosition":[-35.2842,290.421,-28.5897],"carpPosition":[-14.0939,288.573,70.22],"dipPosition":[-37.6135,292.472,-5.97727],"direction":[-0.0395258,-0.04149,-0.998357],"extended":false,"handId":972,"id":9720,"length":50.8265,"mcpPosition":[-14.0939,288.573,70.22],"pipPosition":[-36.2992,293.851,27.2198],"stabilizedTipPosition":[-33.6087,280.432,-14.2785],"timeVisible":21.8158,"tipPosition":[-36.4202,292.295,-23.1141],"tipVelocity":[-33.9622,151.129,-165.118],"tool":false,"touchDistance":-0.505207,"touchZone":"hovering","type":0,"width":19.7488},{"bases":[[[0.972503,-0.053274,-0.226716],[0.141868,0.907534,0.395291],[0.184694,-0.416585,0.890138]],[[0.942967,-0.00241642,-0.332878],[0.0250117,0.997661,0.0636103],[0.331945,-0.0683083,0.940822]],[[0.942967,-0.00241642,-0.332878],[-0.0203526,0.997684,-0.0648968],[0.332264,0.0679704,0.940734]],[[0.942967,-0.00241642,-0.332878],[-0.0521515,0.986553,-0.154895],[0.328776,0.163421,0.930161]]],"btipPosition":[-43.5705,337.331,-70.2903],"carpPosition":[-3.10025,308.904,70.6698],"dipPosition":[-38.0922,340.054,-54.7913],"direction":[-0.332264,-0.0679704,-0.940734],"extended":true,"handId":972,"id":9721,"length":57.352,"mcpPosition":[-16.3518,338.794,6.80348],"pipPosition":[-30.26,341.656,-32.6161],"stabilizedTipPosition":[-41.9966,336.187,-65.424],"timeVisible":21.8158,"tipPosition":[-42.12,335.942,-66.4626],"tipVelocity":[-42.9183,223.124,-159.867],"tool":false,"touchDistance":0.0326747,"touchZone":"hovering","type":1,"width":18.8641},{"bases":[[[0.949985,-0.262993,-0.168414],[0.308259,0.876096,0.370718],[0.0500504,-0.404092,0.913348]],[[0.948688,-0.254236,-0.188031],[0.0117606,0.622588,-0.782461],[0.315995,0.7401,0.593632]],[[0.948688,-0.254236,-0.188031],[-0.113819,0.280234,-0.95316],[0.29502,0.925653,0.236918]],[[0.948688,-0.254236,-0.188031],[-0.166515,0.103855,-0.980554],[0.26882,0.96155,0.0561914]]],"btipPosition":[-22.7861,259.429,-29.5292],"carpPosition":[8.58188,310.017,68.1214],"dipPosition":[-17.8594,277.051,-28.4994],"direction":[-0.29502,-0.925653,-0.236918],"extended":false,"handId":972,"id":9722,"length":65.348,"mcpPosition":[5.17638,337.512,5.97603],"pipPosition":[-9.67776,302.722,-21.9291],"stabilizedTipPosition":[-20.7005,259.614,-25.7345],"timeVisible":21.8158,"tipPosition":[-21.6922,264.019,-30.1785],"tipVelocity":[-37.5075,154.65,-148.874],"tool":false,"touchDistance":-0.556397,"touchZone":"touching","type":2,"width":18.527},{"bases":[[[0.921037,-0.384883,-0.0596354],[0.376782,0.84174,0.386665],[-0.0986231,-0.378602,0.92029]],[[0.925509,-0.35936,-0.119554],[0.1271,0.592087,-0.795788],[0.356761,0.721314,0.593657]],[[0.925509,-0.35936,-0.119554],[-0.0218926,0.264383,-0.964169],[0.378092,0.894965,0.236822]],[[0.925509,-0.35936,-0.119554],[-0.0898461,0.0983292,-0.99109],[0.367914,0.928004,0.0587175]]],"btipPosition":[-6.30076,258.585,-23.8478],"carpPosition":[20.1384,307.975,65.7083],"dipPosition":[0.403209,275.494,-22.7779],"direction":[-0.378092,-0.894965,-0.236822],"extended":false,"handId":972,"id":9723,"length":62.8339,"mcpPosition":[26.1633,331.103,9.48806],"pipPosition":[10.6179,299.673,-16.3798],"stabilizedTipPosition":[-1.72947,251.827,-15.4542],"timeVisible":21.8158,"tipPosition":[-4.74246,262.569,-23.6153],"tipVelocity":[-38.9441,162.765,-161.442],"tool":false,"touchDistance":-0.574725,"touchZone":"hovering","type":3,"width":17.6296},{"bases":[[[0.828431,-0.559868,-0.015784],[0.505246,0.734852,0.452459],[-0.241718,-0.382806,0.891646]],[[0.813833,-0.580136,0.0334354],[0.37647,0.482544,-0.790836],[0.442659,0.656196,0.611114]],[[0.813833,-0.580136,0.0334354],[0.175793,0.19095,-0.96573],[0.553871,0.791821,0.257385]],[[0.813833,-0.580136,0.0334354],[0.0766027,0.0500687,-0.995804],[0.576028,0.812979,0.0851876]]],"btipPosition":[8.48873,269.251,-14.9981],"carpPosition":[30.3323,299.002,62.8398],"dipPosition":[18.1719,282.917,-13.5661],"direction":[-0.553871,-0.791821,-0.257385],"extended":false,"handId":972,"id":9724,"length":49.2606,"mcpPosition":[44.0015,320.649,12.4172],"pipPosition":[28.7368,298.021,-8.65651],"stabilizedTipPosition":[14.4704,259.952,-5.98292],"timeVisible":21.8158,"tipPosition":[10.9269,272.674,-15.1121],"tipVelocity":[-43.4042,160.052,-151.037],"tool":false,"touchDistance":-0.538297,"touchZone":"hovering","type":4,"width":15.66}],"r":[[0.979019,0.100439,0.177295],[-0.14081,0.962386,0.232349],[-0.147289,-0.252439,0.956337]],"s":0.808397,"t":[5.82857,-22.9569,-88.8707],"timestamp":669349358124},false],[6,{"currentFrameRate":53.016,"devices":[],"gestures":[{"center":[-29.5295,260.423,-30.8412],"duration":56146,"handIds":[972],"id":4,"normal":[-0.983556,-0.0962561,0.152816],"pointableIds":[9721],"progress":0.78941,"radius":27.5982,"state":"update","type":"circle"}],"hands":[{"armBasis":[[0.921879,-0.177067,-0.344653],[0.127884,0.978678,-0.160735],[0.365765,0.104103,0.924867]],"armWidth":62.1429,"confidence":0.575323,"direction":[0.00237807,0.529994,-0.847998],"elbow":[111.174,324.437,312.033],"grabStrength":0,"id":972,"palmNormal":[-0.167237,-0.835847,-0.522869],"palmPosition":[6.95318,322.478,22.2824],"palmVelocity":[-33.982,129.152,-130.281],"palmWidth":88.738,"pinchStrength":0.795129,"r":[[0.979355,0.096797,0.177467],[-0.138056,0.961551,0.237402],[-0.147663,-0.257001,0.955063]],"s":0.814017,"sphereCenter":[-4.18079,292.412,-16.6753],"sphereRadius":45.4102,"stabilizedPalmPosition":[9.85215,308.601,31.4245],"t":[5.19446,-20.5398,-91.3113],"timeVisible":21.8346,"type":"right","wrist":[14.8619,297.025,68.4997]}],"id":4962810,"interactionBox":{"center":[0,200,0],"size":[235.247,235.247,147.751]},"pointables":[{"bases":[[[0.546775,0.793456,0.26733],[-0.719595,0.282098,0.634511],[0.428043,-0.539303,0.725211]],[[0.323957,0.94461,-0.0525684],[-0.82845,0.310075,0.466395],[0.456862,-0.107542,0.883013]],[[0.323957,0.94461,-0.0525684],[-0.945193,0.325551,0.025045],[0.0407714,0.0415738,0.998303]],[[0.323957,0.94461,-0.0525684],[-0.940526,0.315553,-0.125842],[-0.102284,0.0902095,0.990657]]],"btipPosition":[-35.5806,292.224,-30.5619],"carpPosition":[-14.3184,290.43,68.2314],"dipPosition":[-37.9151,294.283,-7.95084],"direction":[-0.0407714,-0.0415738,-0.998303],"extended":false,"handId":972,"id":9720,"length":50.8265,"mcpPosition":[-14.3184,290.43,68.2314],"pipPosition":[-36.5594,295.665,25.2445],"stabilizedTipPosition":[-33.9865,282.279,-15.9475],"timeVisible":21.8346,"tipPosition":[-36.7116,294.065,-25.0917],"tipVelocity":[-25.1023,124.194,-135.713],"tool":false,"touchDistance":-0.512608,"touchZone":"hovering","type":0,"width":19.7488},{"bases":[[[0.972317,-0.0520423,-0.227797],[0.141179,0.907666,0.395236],[0.186195,-0.416454,0.889886]],[[0.942219,-0.000682222,-0.334996],[0.0273697,0.996812,0.0749508],[0.333877,-0.0797888,0.939234]],[[0.942219,-0.000682222,-0.334996],[-0.0171738,0.998585,-0.050337],[0.334556,0.0531817,0.940874]],[[0.942219,-0.000682222,-0.334996],[-0.0485761,0.989151,-0.138641],[0.331456,0.146903,0.931964]]],"btipPosition":[-44.1071,340.296,-72.2375],"carpPosition":[-3.34951,310.774,68.6713],"dipPosition":[-38.5841,342.744,-56.7084],"direction":[-0.334556,-0.0531817,-0.940874],"extended":true,"handId":972,"id":9721,"length":57.352,"mcpPosition":[-16.7088,340.654,4.82308],"pipPosition":[-30.6979,343.997,-34.53],"stabilizedTipPosition":[-42.5546,339.29,-67.5769],"timeVisible":21.8346,"tipPosition":[-42.6402,338.798,-68.4352],"tipVelocity":[-35.6289,189.535,-132.188],"tool":false,"touchDistance":0.0137985,"touchZone":"hovering","type":1,"width":18.8641},{"bases":[[[0.950124,-0.261796,-0.169494],[0.307582,0.876437,0.370475],[0.0515623,-0.40413,0.913247]],[[0.9488,-0.253073,-0.189031],[0.010165,0.622584,-0.782487],[0.315714,0.740502,0.59328]],[[0.9488,-0.253073,-0.189031],[-0.115354,0.279505,-0.95319],[0.294061,0.926192,0.236002]],[[0.9488,-0.253073,-0.189031],[-0.167917,0.102784,-0.980428],[0.267549,0.961972,0.0550261]]],"btipPosition":[-23.0793,261.275,-31.4703],"carpPosition":[8.32841,311.902,66.1101],"dipPosition":[-18.176,278.905,-30.4619],"direction":[-0.294061,-0.926192,-0.236002],"extended":false,"handId":972,"id":9722,"length":65.348,"mcpPosition":[4.82004,339.4,3.97167],"pipPosition":[-10.0209,304.591,-23.9169],"stabilizedTipPosition":[-21.1742,261.778,-27.8185],"timeVisible":21.8346,"tipPosition":[-21.9929,265.852,-32.1081],"tipVelocity":[-26.9428,127.109,-126.715],"tool":false,"touchDistance":-0.558281,"touchZone":"touching","type":2,"width":18.527},{"bases":[[[0.921447,-0.383733,-0.0606975],[0.376165,0.842164,0.386342],[-0.097135,-0.378826,0.920356]],[[0.925725,-0.359216,-0.118306],[0.127181,0.59028,-0.797117],[0.356171,0.722865,0.592122]],[[0.925725,-0.359216,-0.118306],[-0.0228222,0.259187