{"sensorType":"Leap","data":[[0,{"currentFrameRate":53.0205,"devices":[],"gestures":[],"hands":[{"armBasis":[[0.92962,-0.150439,-0.336415],[0.101757,0.982178,-0.158027],[0.354192,0.112672,0.92836]],"armWidth":62.1429,"confidence":0.631653,"direction":[0.00433382,0.546427,-0.837495],"elbow":[120.384,311.603,325.124],"grabStrength":0.157287,"id":972,"palmNormal":[-0.133079,-0.829739,-0.542055],"palmPosition":[19.4183,308.062,34.7949],"palmVelocity":[-38.4481,179.407,-191.858],"palmWidth":88.738,"pinchStrength":0.689352,"r":[[0.97261,0.128093,0.193964],[-0.17015,0.960853,0.218655],[-0.158363,-0.245669,0.95633]],"s":0.755879,"sphereCenter":[17.049,274.033,-6.06892],"sphereRadius":47.0034,"stabilizedPalmPosition":[20.0155,294.666,40.5295],"t":[17.7547,-35.9138,-77.6158],"timeVisible":18.3819,"type":"right","wrist":[27.1187,281.935,80.6702]}],"id":4962627,"interactionBox":{"center":[0,200,0],"size":[235.247,235.247,147.751]},"pointables":[{"bases":[[[0.518689,0.802973,0.293592],[-0.739805,0.249407,0.624888],[0.428545,-0.541323,0.723408]],[[0.310132,0.950615,-0.0122458],[-0.813031,0.271879,0.514842],[0.492746,-0.149713,0.857198]],[[0.310132,0.950615,-0.0122458],[-0.949157,0.310337,0.0528318],[0.054023,-0.00476167,0.998528]],[[0.310132,0.950615,-0.0122458],[-0.942757,0.305857,-0.132897],[-0.122588,0.0527603,0.991054]]],"btipPosition":[-24.8387,280.778,-17.8756],"carpPosition":[-1.85242,274.536,79.6776],"dipPosition":[-27.6367,281.982,4.74458],"direction":[-0.054023,0.00476167,-0.998528],"extended":false,"handId":972,"id":9720,"length":50.8265,"mcpPosition":[-1.85242,274.536,79.6776],"pipPosition":[-25.8403,281.824,37.9474],"stabilizedTipPosition":[-24.3073,268.996,-4.86736],"timeVisible":18.3819,"tipPosition":[-25.738,282.274,-12.5492],"tipVelocity":[-30.0467,178.527,-207.555],"tool":false,"touchDistance":-0.465444,"touchZone":"hovering","type":0,"width":19.7488},{"bases":[[[0.977754,-0.0204401,-0.208758],[0.107555,0.9033,0.415309],[0.180082,-0.428523,0.885403]],[[0.942514,0.0402939,-0.331728],[-0.0554407,0.997801,-0.03632],[0.329535,0.0526234,0.942676]],[[0.942514,0.0402939,-0.331728],[-0.115025,0.97116,-0.20885],[0.313746,0.235001,0.919966]],[[0.942514,0.0402939,-0.331728],[-0.152962,0.93462,-0.321073],[0.297103,0.353358,0.887056]]],"btipPosition":[-30.5479,312.279,-58.7595],"carpPosition":[8.52624,295.165,80.7308],"dipPosition":[-25.5973,318.167,-43.9787],"direction":[-0.313746,-0.235001,-0.919966],"extended":true,"handId":972,"id":9721,"length":57.352,"mcpPosition":[-4.39441,325.911,17.2042],"pipPosition":[-18.2016,323.707,-22.2931],"stabilizedTipPosition":[-28.8814,311.026,-53.4142],"timeVisible":18.3819,"tipPosition":[-29.396,312.711,-54.9766],"tipVelocity":[-50.0777,284.615,-198.59],"tool":false,"touchDistance":0.0378213,"touchZone":"hovering","type":1,"width":18.8641},{"bases":[[[0.960336,-0.231836,-0.154938],[0.275235,0.877213,0.393375],[0.0447149,-0.420417,0.906229]],[[0.957664,-0.214241,-0.192304],[-0.00305833,0.660372,-0.750933],[0.287873,0.719729,0.631759]],[[0.957664,-0.214241,-0.192304],[-0.128576,0.279367,-0.951537],[0.257582,0.935978,0.239993]],[[0.957664,-0.214241,-0.192304],[-0.17965,0.077235,-0.980694],[0.224958,0.973722,0.0354766]]],"btipPosition":[-7.6244,247.639,-20.2324],"carpPosition":[20.2164,296.668,78.4317],"dipPosition":[-3.50162,265.484,-19.5822],"direction":[-0.257582,-0.935978,-0.239993],"extended":false,"handId":972,"id":9722,"length":65.348,"mcpPosition":[17.174,325.274,16.7708],"pipPosition":[3.64179,291.441,-12.9266],"stabilizedTipPosition":[-5.26693,242.57,-15.0988],"timeVisible":18.3819,"tipPosition":[-6.73817,252.495,-21.1142],"tipVelocity":[-37.8553,174.898,-153.752],"tool":false,"touchDistance":-0.549231,"touchZone":"hovering","type":2,"width":18.527},{"bases":[[[0.93295,-0.356641,-0.0491006],[0.344429,0.844558,0.409988],[-0.10475,-0.39941,0.910768]],[[0.938198,-0.32544,-0.117782],[0.134627,0.656675,-0.742061],[0.318841,0.680343,0.659904]],[[0.938198,-0.32544,-0.117782],[-0.0166872,0.297384,-0.954612],[0.345696,0.897581,0.273575]],[[0.938198,-0.32544,-0.117782],[-0.0885147,0.103375,-0.990696],[0.334588,0.939895,0.0681796]]],"btipPosition":[8.94158,248.39,-16.8215],"carpPosition":[31.8717,295.011,76.2048],"dipPosition":[15.0383,265.516,-15.5792],"direction":[-0.345696,-0.897581,-0.273575],"extended":false,"handId":972,"id":9723,"length":62.8339,"mcpPosition":[38.2708,319.411,20.5663],"pipPosition":[24.3777,289.766,-8.18822],"stabilizedTipPosition":[11.874,237.566,-8.71097],"timeVisible":18.3819,"tipPosition":[10.3412,252.056,-15.689],"tipVelocity":[-43.2443,210.285,-226.081],"tool":false,"touchDistance":-0.610759,"touchZone":"hovering","type":3,"width":17.6296},{"bases":[[[0.844736,-0.535082,-0.0104215],[0.474727,0.740179,0.476203],[-0.247094,-0.407213,0.879274]],[[0.861066,-0.5026,-0.0771884],[0.321254,0.655365,-0.683588],[0.394158,0.563818,0.725775]],[[0.861066,-0.5026,-0.0771884],[0.125913,0.357817,-0.925264],[0.492657,0.786994,0.371388]],[[0.861066,-0.5026,-0.0771884],[0.0227327,0.189695,-0.98158],[0.507984,0.843451,0.174766]]],"btipPosition":[24.8224,260.792,-11.4092],"carpPosition":[42.3781,286.397,73.3634],"dipPosition":[33.3618,274.971,-8.4714],"direction":[-0.492657,-0.786994,-0.371388],"extended":false,"handId":972,"id":9724,"length":49.2606,"mcpPosition":[56.3512,309.425,23.6404],"pipPosition":[42.759,289.982,-1.38727],"stabilizedTipPosition":[27.776,247.805,-2.64561],"timeVisible":18.3819,"tipPosition":[26.5891,263.48,-9.40001],"tipVelocity":[-41.9401,207.632,-222.822],"tool":false,"touchDistance":-0.610477,"touchZone":"hovering","type":4,"width":15.66}],"r":[[0.97261,0.128093,0.193964],[-0.17015,0.960853,0.218655],[-0.158363,-0.245669,0.95633]],"s":0.755879,"t":[17.7547,-35.9138,-77.6158],"timestamp":669345924242},false],[1,{"currentFrameRate":52.9794,"devices":[],"gestures":[],"hands":[{"armBasis":[[0.931994,-0.160251,-0.325126],[0.115619,0.981539,-0.15236],[0.34354,0.104408,0.933316]],"armWidth":62.1429,"confidence":0.642462,"direction":[0.0116718,0.54429,-0.838816],"elbow":[116.69,312.381,323.606],"grabStrength":0.140283,"id":972,"palmNormal":[-0.144168,-0.829192,-0.540052],"palmPosition":[18.8813,311.005,31.9088],"palmVelocity":[-33.4148,167.247,-172.083],"palmWidth":88.738,"pinchStrength":0.700993,"r":[[0.973235,0.121186,0.195261],[-0.165405,0.959252,0.229077],[-0.159544,-0.255243,0.953623]],"s":0.761681,"sphereCenter":[15.4046,277.346,-8.74043],"sphereRadius":46.7602,"stabilizedPalmPosition":[19.8094,297.635,38.9629],"t":[17.1216,-32.7548,-80.8706],"timeVisible":18.4009,"type":"right","wrist":[26.2299,284.888,77.8477]}],"id":4962628,"interactionBox":{"center":[0,200,0],"size":[235.247,235.247,147.751]},"pointables":[{"bases":[[[0.529391,0.796662,0.291675],[-0.736412,0.260806,0.624241],[0.421239,-0.545261,0.72474]],[[0.319702,0.947335,-0.018643],[-0.811689,0.28397,0.510413],[0.488826,-0.148048,0.859727]],[[0.319702,0.947335,-0.018643],[-0.946116,0.320237,0.0480957],[0.0515329,0.00226218,0.998669]],[[0.319702,0.947335,-0.018643],[-0.938696,0.313986,-0.142349],[-0.128998,0.0630094,0.989641]]],"btipPosition":[-25.404,283.57,-20.7774],"carpPosition":[-2.83764,277.876,76.8714],"dipPosition":[-28.3483,285.008,1.81055],"direction":[-0.0515329,-0.00226218,-0.998669],"extended":false,"handId":972,"id":9720,"length":50.8265,"mcpPosition":[-2.83764,277.876,76.8714],"pipPosition":[-26.6347,285.083,35.018],"stabilizedTipPosition":[-24.6472,271.852,-6.92036],"timeVisible":18.4009,"tipPosition":[-26.3923,285.198,-15.439],"tipVelocity":[-30.7557,164.262,-180.646],"tool":false,"touchDistance":-0.490871,"touchZone":"hovering","type":0,"width":19.7488},{"bases":[[[0.977397,-0.03404,-0.208653],[0.119635,0.902781,0.413126],[0.174305,-0.428751,0.886448]],[[0.942957,0.0268902,-0.331827],[-0.0387275,0.998826,-0.0291107],[0.330655,0.040301,0.942891]],[[0.942957,0.0268902,-0.331827],[-0.0962862,0.976163,-0.194512],[0.318687,0.215367,0.923069]],[[0.942957,0.0268902,-0.331827],[-0.133497,0.943629,-0.302892],[0.304977,0.329912,0.893391]]],"btipPosition":[-31.1378,316.867,-61.8777],"carpPosition":[7.81638,298.367,77.8752],"dipPosition":[-26.0561,322.364,-46.9914],"direction":[-0.318687,-0.215367,-0.923069],"extended":true,"handId":972,"id":9721,"length":57.352,"mcpPosition":[-4.68982,329.129,14.2736],"pipPosition":[-18.5439,327.441,-25.2327],"stabilizedTipPosition":[-28.8814,311.026,-53.4142],"timeVisible":18.4009,"tipPosition":[-29.9258,316.972,-58.0467],"tipVelocity":[-39.905,260.885,-180.883],"tool":false,"touchDistance":-0.0637456,"touchZone":"hovering","type":1,"width":18.8641},{"bases":[[[0.957149,-0.245053,-0.154323],[0.286951,0.874397,0.391265],[0.0390588,-0.418782,0.907247]],[[0.954763,-0.227792,-0.191148],[0.00369053,0.651831,-0.758355],[0.297344,0.723344,0.623185]],[[0.954763,-0.227792,-0.191148],[-0.126594,0.270286,-0.954421],[0.269074,0.935445,0.229222]],[[0.954763,-0.227792,-0.191148],[-0.179844,0.0695923,-0.98123],[0.236819,0.97122,0.0254773]]],"btipPosition":[-8.91154,250.458,-22.2753],"carpPosition":[19.5257,299.708,75.5731],"dipPosition":[-4.57139,268.257,-21.8084],"direction":[-0.269074,-0.935445,-0.229222],"extended":false,"handId":972,"id":9722,"length":65.348,"mcpPosition":[16.8681,328.202,13.8429],"pipPosition":[2.89074,294.2,-15.4514],"stabilizedTipPosition":[-6.25356,247.037,-17.7343],"timeVisible":18.4009,"tipPosition":[-7.97449,255.326,-23.2837],"tipVelocity":[-51.2443,161.463,-132.004],"tool":false,"touchDistance":-0.553917,"touchZone":"touching","type":2,"width":18.527},{"bases":[[[0.928091,-0.369223,-0.048185],[0.3557,0.84086,0.407961],[-0.110112,-0.395764,0.911727]],[[0.933742,-0.338431,-0.116578],[0.138949,0.642846,-0.753288],[0.329878,0.687178,0.647277]],[[0.933742,-0.338431,-0.116578],[-0.0187212,0.279066,-0.960089],[0.357457,0.898658,0.25424]],[[0.933742,-0.338431,-0.116578],[-0.0928784,0.0854573,-0.992003],[0.345687,0.937103,0.0483621]]],"btipPosition":[7.55427,250.769,-18.3003],"carpPosition":[31.1578,297.889,73.3509],"dipPosition":[13.8532,267.845,-17.4191],"direction":[-0.357457,-0.898658,-0.25424],"extended":false,"handId":972,"id":9723,"length":62.8339,"mcpPosition":[37.8845,322.066,17.6538],"pipPosition":[23.5104,292.123,-10.5505],"stabilizedTipPosition":[11.2081,241.539,-10.8879],"timeVisible":18.4009,"tipPosition":[9.02512,254.69,-17.7927],"tipVelocity":[-56.6625,168.004,-155.154],"tool":false,"touchDistance":-0.601444,"touchZone":"hovering","type":3,"width":17.6296},{"bases":[[[0.837494,-0.546372,-0.00907885],[0.484587,0.734905,0.474436],[-0.252546,-0.401736,0.880243]],[[0.853286,-0.516526,-0.0714417],[0.33144,0.643023,-0.690412],[0.402554,0.565441,0.71988]],[[0.853286,-0.516526,-0.0714417],[0.131234,0.345323,-0.929263],[0.504658,0.783552,0.362445]],[[0.853286,-0.516526,-0.0714417],[0.0256942,0.178491,-0.983606],[0.520809,0.837462,0.165575]]],"btipPosition":[23.5666,263.324,-13.7682],"carpPosition":[41.5479,289.128,70.5309],"dipPosition":[32.3215,277.402,-10.9848],"direction":[-0.504658,-0.783552,-0.362445],"extended":false,"handId":972,"id":9724,"length":49.2606,"mcpPosition":[55.8294,311.847,20.7531],"pipPosition":[41.9477,292.348,-4.07129],"stabilizedTipPosition":[27.334,251.58,-4.75534],"timeVisible":18.4009,"tipPosition":[25.4199,266.142,-12.059],"tipVelocity":[-52.5178,170.313,-175.062],"tool":false,"touchDistance":-0.61368,"touchZone":"hovering","type":4,"width":15.66}],"r":[[0.973235,0.121186,0.195261],[-0.165405,0.959252,0.229077],[-0.159544,-0.255243,0.953623]],"s":0.761681,"t":[17.1216,-32.7548,-80.8706],"timestamp":669345943265},false],[2,{"currentFrameRate":53.0002,"devices":[],"gestures":[],"hands":[{"armBasis":[[0.930721,-0.167996,-0.324863],[0.121572,0.97986,-0.158414],[0.344933,0.107945,0.9324]],"armWidth":62.1429,"confidence":0.598603,"direction":[0.00923468,0.536634,-0.843765],"elbow":[117.259,317.383,321.228],"grabStrength":0.114506,"id":972,"palmNormal":[-0.153813,-0.832996,-0.531468],"palmPosition":[18.925,314.712,29.5928],"palmVelocity":[-15.9573,181.896,-148.225],"palmWidth":88.738,"pinchStrength":0.708842,"r":[[0.974158,0.114654,0.194606],[-0.159942,0.958522,0.235913],[-0.159485,-0.260942,0.952089]],"s":0.769057,"sphereCenter":[13.9879,281.229,-10.6192],"sphereRadius":46.5703,"stabilizedPalmPosition":[19.6402,300.904,37.1696],"t":[16.8269,-29.322,-83.656],"timeVisible":18.4197,"type":"right","wrist":[26.432,288.959,75.7111]}],"id":4962629,"interactionBox":{"center":[0,200,0],"size":[235.247,235.247,147.751]},"pointables":[{"bases":[[[0.536968,0.79557,0.280595],[-0.729999,0.271496,0.627209],[0.422809,-0.541625,0.72655]],[[0.323981,0.945515,-0.0322023],[-0.806688,0.293875,0.51273],[0.494257,-0.140138,0.857946]],[[0.323981,0.945515,-0.0322023],[-0.944177,0.325296,0.0520732],[0.0597113,0.013534,0.998124]],[[0.323981,0.945515,-0.0322023],[-0.937893,0.316533,-0.141999],[-0.124069,0.0762074,0.989343]]],"btipPosition":[-25.9045,286.772,-22.527],"carpPosition":[-2.68932,282.139,75.0101],"dipPosition":[-28.7363,288.511,0.0541394],"direction":[-0.0597113,-0.013534,-0.998124],"extended":false,"handId":972,"id":9720,"length":50.8265,"mcpPosition":[-2.68932,282.139,75.0101],"pipPosition":[-26.7508,288.961,33.2435],"stabilizedTipPosition":[-25.0342,274.958,-9.03159],"timeVisible":18.4197,"tipPosition":[-26.8335,288.479,-17.2054],"tipVelocity":[-28.0698,169.057,-137.924],"tool":false,"touchDistance":-0.496384,"touchZone":"hovering","type":0,"width":19.7488},{"bases":[[[0.975581,-0.0426759,-0.215456],[0.128852,0.905609,0.404065],[0.177875,-0.42196,0.888994]],[[0.940409,0.0177118,-0.339584],[-0.0271972,0.999361,-0.0231933],[0.338956,0.0310469,0.94029]],[[0.940409,0.0177118,-0.339584],[-0.0831203,0.980322,-0.179054],[0.32973,0.19661,0.923376]],[[0.940409,0.0177118,-0.339584],[-0.119801,0.95187,-0.282118],[0.318243,0.305988,0.89727]]],"btipPosition":[-31.9275,321.805,-64.1475],"carpPosition":[8.11196,302.564,75.751],"dipPosition":[-26.6247,326.904,-49.1965],"direction":[-0.32973,-0.19661,-0.923376],"extended":true,"handId":972,"id":9721,"length":57.352,"mcpPosition":[-4.65035,332.839,11.9668],"pipPosition":[-18.8523,331.539,-27.4305],"stabilizedTipPosition":[-30.0697,318.802,-58.16],"timeVisible":18.4197,"tipPosition":[-30.6102,321.502,-60.2626],"tipVelocity":[-39.6171,259.433,-151.138],"tool":false,"touchDistance":-0.122176,"touchZone":"hovering","type":1,"width":18.8641},{"bases":[[[0.954287,-0.253047,-0.159074],[0.295805,0.875873,0.381242],[0.0428564,-0.410869,0.910686]],[[0.95175,-0.236108,-0.196021],[0.00308173,0.646091,-0.763254],[0.306858,0.725824,0.615645]],[[0.95175,-0.236108,-0.196021],[-0.131082,0.26477,-0.955361],[0.277469,0.93496,0.221045]],[[0.95175,-0.236108,-0.196021],[-0.185937,0.0644733,-0.980444],[0.244129,0.969586,0.0174614]]],"btipPosition":[-9.69672,253.942,-24.0027],"carpPosition":[19.813,303.803,73.3516],"dipPosition":[-5.22259,271.711,-23.6827],"direction":[-0.277469,-0.93496,-0.221045],"extended":false,"handId":972,"id":9722,"length":65.348,"mcpPosition":[16.897,331.759,11.3873],"pipPosition":[2.47234,297.64,-17.5525],"stabilizedTipPosition":[-7.36663,252.105,-20.5905],"timeVisible":18.4197,"tipPosition":[-8.72254,258.733,-24.9389],"tipVelocity":[-45.8208,172.969,-113.303],"tool":false,"touchDistance":-0.553277,"touchZone":"touching","type":2,"width":18.527},{"bases":[[[0.92516,-0.376054,-0.0516091],[0.364444,0.842012,0.397739],[-0.106116,-0.386781,0.916046]],[[0.930506,-0.346059,-0.120007],[0.134382,0.62734,-0.767064],[0.340734,0.69763,0.630247]],[[0.930506,-0.346059,-0.120007],[-0.0284411,0.258388,-0.965623],[0.36517,0.901931,0.230589]],[[0.930506,-0.346059,-0.120007],[-0.103932,0.0647163,-0.992477],[0.351222,0.935978,0.0242525]]],"btipPosition":[6.78574,253.692,-19.0336],"carpPosition":[31.4156,301.884,71.0612],"dipPosition":[13.1856,270.747,-18.5917],"direction":[-0.36517,-0.901931,-0.230589],"extended":false,"handId":972,"id":9723,"length":62.8339,"mcpPosition":[37.8982,325.513,15.1003],"pipPosition":[23.0511,295.114,-12.362],"stabilizedTipPosition":[10.2443,246.79,-13.5157],"timeVisible":18.4197,"tipPosition":[8.29461,257.766,-18.9848],"tipVelocity":[-48.3578,161.792,-101.054],"tool":false,"touchDistance":-0.582148,"touchZone":"touching","type":3,"width":17.6296},{"bases":[[[0.83364,-0.552213,-0.0102437],[0.493087,0.73577,0.464228],[-0.248815,-0.39205,0.885657]],[[0.848004,-0.525664,-0.0675779],[0.33195,0.626197,-0.705469],[0.413157,0.575808,0.705512]],[[0.848004,-0.525664,-0.0675779],[0.126733,0.32493,-0.937208],[0.514615,0.786192,0.342161]],[[0.848004,-0.525664,-0.0675779],[0.0195591,0.158461,-0.987172],[0.529629,0.835803,0.144657]]],"btipPosition":[22.8284,266.295,-15.1263],"carpPosition":[41.7245,293.027,68.2449],"dipPosition":[31.7315,280.345,-12.6946],"direction":[-0.514615,-0.786192,-0.342161],"extended":false,"handId":972,"id":9724,"length":49.2606,"mcpPosition":[55.795,315.197,18.1609],"pipPosition":[41.5477,295.341,-6.16801],"stabilizedTipPosition":[26.785,255.589,-6.94702],"timeVisible":18.4197,"tipPosition":[24.7743,269.283,-13.8015],"tipVelocity":[-45.1655,164.17,-126.956],"tool":false,"touchDistance":-0.602231,"touchZone":"hovering","type":4,"width":15.66}],"r":[[0.974158,0.114654,0.194606],[-0.159942,0.958522,0.235913],[-0.159485,-0.260942,0.952089]],"s":0.769057,"t":[16.8269,-29.322,-83.656],"timestamp":669345962058},false],[3,{"currentFrameRate":53.0313,"devices":[],"gestures":[],"hands":[{"armBasis":[[0.92889,-0.166866,-0.330634],[0.115376,0.978702,-0.169795],[0.351925,0.119574,0.928359]],"armWidth":62.1429,"confidence":0.600123,"direction":[0.0113558,0.537929,-0.842914],"elbow":[117.647,322.431,316.315],"grabStrength":0.0905479,"id":972,"palmNormal":[-0.145315,-0.833132,-0.533643],"palmPosition":[17.6096,316.72,25.7335],"palmVelocity":[-42.3925,145.457,-176.337],"palmWidth":88.738,"pinchStrength":0.719799,"r":[[0.974486,0.110563,0.195326],[-0.157045,0.957623,0.241442],[-0.160355,-0.265957,0.950554]],"s":0.776707,"sphereCenter":[12.2418,283.768,-14.4467],"sphereRadius":46.3795,"stabilizedPalmPosition":[19.3157,303.431,35.3424],"t":[16.0218,-26.6012,-86.9784],"timeVisible":18.4385,"type":"right","wrist":[24.9785,290.946,71.8618]}],"id":4962630,"interactionBox":{"center":[0,200,0],"size":[235.247,235.247,147.751]},"pointables":[{"bases":[[[0.530289,0.798415,0.285177],[-0.735644,0.266108,0.622908],[0.421451,-0.54011,0.728464]],[[0.316744,0.948007,-0.0309226],[-0.813008,0.288142,0.505957],[0.488561,-0.135118,0.862004]],[[0.316744,0.948007,-0.0309226],[-0.947118,0.317877,0.043843],[0.0513931,0.0154004,0.99856]],[[0.316744,0.948007,-0.0309226],[-0.938602,0.308568,-0.154308],[-0.136744,0.0779002,0.987539]]],"btipPosition":[-26.4676,288.237,-26.7436],"carpPosition":[-4.09558,283.949,70.9644],"dipPosition":[-29.5887,290.015,-4.20367],"direction":[-0.0513931,-0.0154004,-0.99856],"extended":false,"handId":972,"id":9720,"length":50.8265,"mcpPosition":[-4.09558,283.949,70.9644],"pipPosition":[-27.8798,290.527,29.0002],"stabilizedTipPosition":[-25.358,277.019,-10.9175],"timeVisible":18.4385,"tipPosition":[-27.5234,289.958,-21.4263],"tipVelocity":[-30.7597,124.972,-180.6],"tool":false,"touchDistance":-0.538471,"touchZone":"hovering","type":0,"width":19.7488},{"bases":[[[0.977182,-0.0364038,-0.20926],[0.120727,0.90578,0.406188],[0.174756,-0.422183,0.889507]],[[0.942269,0.0241803,-0.333983],[-0.0285916,0.999557,-0.00829778],[0.333634,0.0173678,0.942543]],[[0.942269,0.0241803,-0.333983],[-0.0807242,0.984377,-0.156479],[0.324981,0.174406,0.9295]],[[0.942269,0.0241803,-0.333983],[-0.115173,0.959941,-0.255439],[0.314427,0.279158,0.907307]]],"btipPosition":[-32.8415,325.24,-68.5374],"carpPosition":[6.57573,304.439,71.8039],"dipPosition":[-27.6023,329.891,-53.4191],"direction":[-0.324981,-0.174406,-0.9295],"extended":true,"handId":972,"id":9721,"length":57.352,"mcpPosition":[-5.96283,334.73,7.98289],"pipPosition":[-19.9418,334.002,-31.5088],"stabilizedTipPosition":[-30.9974,323.247,-62.2454],"timeVisible":18.4385,"tipPosition":[-31.4964,324.617,-64.6138],"tipVelocity":[-44.4545,219.593,-190.63],"tool":false,"touchDistance":-0.19627,"touchZone":"hovering","type":1,"width":18.8641},{"bases":[[[0.956814,-0.246984,-0.153319],[0.288001,0.877096,0.384392],[0.0395364,-0.411948,0.910349]],[[0.954412,-0.230016,-0.190236],[0.00468332,0.648786,-0.760956],[0.298455,0.725375,0.620287]],[[0.954412,-0.230016,-0.190236],[-0.125686,0.268388,-0.955076],[0.27074,0.935447,0.227243]],[[0.954412,-0.230016,-0.190236],[-0.179201,0.0681509,-0.981449],[0.238714,0.970798,0.023825]]],"btipPosition":[-10.3189,255.95,-28.3567],"carpPosition":[18.2841,305.753,69.4813],"dipPosition":[-5.94398,273.742,-27.9201],"direction":[-0.27074,-0.935447,-0.227243],"extended":false,"handId":972,"id":9722,"length":65.348,"mcpPosition":[15.5939,333.782,7.54003],"pipPosition":[1.56435,299.684,-21.6181],"stabilizedTipPosition":[-8.12684,255.206,-23.5852],"timeVisible":18.4385,"tipPosition":[-9.35377,260.664,-29.1147],"tipVelocity":[-40.2561,141.005,-170.613],"tool":false,"touchDistance":-0.591191,"touchZone":"touching","type":2,"width":18.527},{"bases":[[[0.927752,-0.370325,-0.0462201],[0.356739,0.84363,0.40128],[-0.109612,-0.388777,0.914788]],[[0.933344,-0.340289,-0.114338],[0.133449,0.624571,-0.769482],[0.333258,0.702933,0.628351]],[[0.933344,-0.340289,-0.114338],[-0.0265236,0.252264,-0.967295],[0.358003,0.905851,0.226423]],[[0.933344,-0.340289,-0.114338],[-0.100526,0.0580096,-0.993242],[0.344622,0.93853,0.0199351]]],"btipPosition":[6.13596,255.454,-22.4815],"carpPosition":[29.9127,303.908,67.2626],"dipPosition":[12.4155,272.556,-22.1183],"direction":[-0.358003,-0.905851,-0.226423],"extended":false,"handId":972,"id":9723,"length":62.8339,"mcpPosition":[36.6088,327.658,11.3785],"pipPosition":[22.0875,297.029,-16.0011],"stabilizedTipPosition":[9.42601,250.66,-16.244],"timeVisible":18.4385,"tipPosition":[7.62179,259.614,-22.6379],"tipVelocity":[-42.4006,129.023,-141.936],"tool":false,"touchDistance":-0.604257,"touchZone":"touching","type":3,"width":17.6296},{"bases":[[[0.837048,-0.5471,-0.00569614],[0.4856,0.738077,0.468439],[-0.252079,-0.394872,0.883478]],[[0.850085,-0.52364,-0.0561754],[0.333609,0.617959,-0.711921],[0.407505,0.586453,0.700009]],[[0.850085,-0.52364,-0.0561754],[0.129243,0.310832,-0.941637],[0.51054,0.793211,0.331911]],[[0.850085,-0.52364,-0.0561754],[0.0229552,0.143407,-0.989398],[0.526144,0.839783,0.133928]]],"btipPosition":[21.9129,267.977,-18.1827],"carpPosition":[40.2932,295.118,64.4996],"dipPosition":[30.7575,282.094,-15.9314],"direction":[-0.51054,-0.793211,-0.331911],"extended":false,"handId":972,"id":9724,"length":49.2606,"mcpPosition":[54.5483,317.448,14.5389],"pipPosition":[40.4959,297.225,-9.60025],"stabilizedTipPosition":[26.2329,258.631,-9.03224],"timeVisible":18.4385,"tipPosition":[23.9117,271.18,-17.2804],"tipVelocity":[-47.3069,128.294,-145.633],"tool":false,"touchDistance":-0.616809,"touchZone":"hovering","type":4,"width":15.66}],"r":[[0.974486,0.110563,0.195326],[-0.157045,0.957623,0.241442],[-0.160355,-0.265957,0.950554]],"s":0.776707,"t":[16.0218,-26.6012,-86.9784],"timestamp":669345980803},false],[4,{"currentFrameRate":52.9061,"devices":[],"gestures":[],"hands":[{"armBasis":[[0.929729,-0.158283,-0.33249],[0.109572,0.980922,-0.16058],[0.351564,0.112865,0.929335]],"armWidth":62.1429,"confidence":0.577288,"direction":[0.00367936,0.534628,-0.84508],"elbow":[117.508,323.928,313.481],"grabStrength":0.0710703,"id":972,"palmNormal":[-0.142704,-0.836156,-0.529603],"palmPosition":[17.1699,319.752,22.5793],"palmVelocity":[-32.5845,151.046,-169.684],"palmWidth":88.738,"pinchStrength":0.72539,"r":[[0.974802,0.108677,0.194809],[-0.155694,0.956872,0.245265],[-0.159753,-0.269416,0.949681]],"s":0.784261,"sphereCenter":[11.1866,286.996,-17.3791],"sphereRadius":46.2611,"stabilizedPalmPosition":[19.0019,305.818,33.4757],"t":[15.3995,-23.7249,-90.2167],"timeVisible":18.4578,"type":"right","wrist":[24.9353,294.209,68.7711]}],"id":4962631,"interactionBox":{"center":[0,200,0],"size":[235.247,235.247,147.751]},"pointables":[{"bases":[[[0.526632,0.802892,0.279327],[-0.734168,0.263917,0.625575],[0.42855,-0.534521,0.728445]],[[0.30953,0.950147,-0.0375866],[-0.812977,0.284933,0.507821],[0.493214,-0.126629,0.860643]],[[0.30953,0.950147,-0.0375866],[-0.949238,0.31108,0.0466638],[0.0560299,0.0212348,0.998203]],[[0.30953,0.950147,-0.0375866],[-0.94141,0.300637,-0.152857],[-0.133937,0.0826983,0.987533]]],"btipPosition":[-26.9145,290.595,-29.5809],"carpPosition":[-4.09778,287.024,68.0488],"dipPosition":[-29.9716,292.483,-7.04109],"direction":[-0.0560299,-0.0212348,-0.998203],"extended":false,"handId":972,"id":9720,"length":50.8265,"mcpPosition":[-4.09778,287.024,68.0488],"pipPosition":[-28.1085,293.189,26.1509],"stabilizedTipPosition":[-25.6397,278.765,-12.5975],"timeVisible":18.4578,"tipPosition":[-27.9639,292.32,-24.2666],"tipVelocity":[-26.5597,124.076,-163.658],"tool":false,"touchDistance":-0.555517,"touchZone":"hovering","type":0,"width":19.7488},{"bases":[[[0.976325,-0.03104,-0.214068],[0.117012,0.908138,0.401988],[0.181926,-0.417519,0.89027]],[[0.940284,0.0289743,-0.339157],[-0.0311801,0.999513,-0.00105531],[0.338961,0.0115672,0.940729]],[[0.940284,0.0289743,-0.339157],[-0.0822571,0.986182,-0.143801],[0.330304,0.163112,0.929674]],[[0.940284,0.0289743,-0.339157],[-0.1162,0.96384,-0.239814],[0.319944,0.264904,0.909649]]],"btipPosition":[-33.9251,328.798,-71.61],"carpPosition":[6.44707,307.585,68.7532],"dipPosition":[-28.594,333.212,-56.4527],"direction":[-0.330304,-0.163112,-0.929674],"extended":true,"handId":972,"id":9721,"length":57.352,"mcpPosition":[-6.60586,337.541,4.87742],"pipPosition":[-20.808,337.057,-34.5383],"stabilizedTipPosition":[-31.9475,326.913,-65.5278],"timeVisible":18.4578,"tipPosition":[-32.5305,328.022,-67.6916],"tipVelocity":[-49.6633,200.368,-174.518],"tool":false,"touchDistance":-0.2477,"touchZone":"hovering","type":1,"width":18.8641},{"bases":[[[0.957579,-0.241521,-0.157193],[0.284352,0.880429,0.379458],[0.0467502,-0.408059,0.911758]],[[0.954886,-0.224724,-0.194146],[-0.00272847,0.64708,-0.762417],[0.296961,0.728551,0.617274]],[[0.954886,-0.224724,-0.194146],[-0.131471,0.266308,-0.95488],[0.266287,0.937325,0.224749]],[[0.954886,-0.224724,-0.194146],[-0.183886,0.0659277,-0.980734],[0.233194,0.97219,0.0216299]]],"btipPosition":[-10.664,258.669,-31.3168],"carpPosition":[18.1349,308.964,66.3661],"dipPosition":[-6.39023,276.487,-30.9204],"direction":[-0.266287,-0.937325,-0.224749],"extended":false,"handId":972,"id":9722,"length":65.348,"mcpPosition":[14.954,336.728,4.32898],"pipPosition":[0.994602,302.481,-24.6875],"stabilizedTipPosition":[-8.66725,257.835,-26.2419],"timeVisible":18.4578,"tipPosition":[-9.72009,263.317,-31.9619],"tipVelocity":[-29.6764,140.911,-162.05],"tool":false,"touchDistance":-0.604945,"touchZone":"touching","type":2,"width":18.527},{"bases":[[[0.929843,-0.364616,-0.0494616],[0.353386,0.847467,0.396129],[-0.102518,-0.385817,0.916862]],[[0.934889,-0.334952,-0.117425],[0.124449,0.619165,-0.775337],[0.332406,0.710241,0.620535]],[[0.934889,-0.334952,-0.117425],[-0.0344573,0.243622,-0.969258],[0.353262,0.910195,0.216218]],[[0.934889,-0.334952,-0.117425],[-0.107225,0.0488558,-0.993034],[0.338356,0.940968,0.00975973]]],"btipPosition":[5.83303,258.069,-24.9734],"carpPosition":[29.7637,307.184,64.0957],"dipPosition":[11.9984,275.215,-24.7955],"direction":[-0.353262,-0.910195,-0.216218],"extended":false,"handId":972,"id":9723,"length":62.8339,"mcpPosition":[36.0265,330.753,8.08495],"pipPosition":[21.5423,299.805,-18.9541],"stabilizedTipPosition":[8.75927,254.14,-18.9075],"timeVisible":18.4578,"tipPosition":[7.29119,262.276,-25.2756],"tipVelocity":[-29.7428,132.319,-136.468],"tool":false,"touchDistance":-0.610182,"touchZone":"touching","type":3,"width":17.6296},{"bases":[[[0.840471,-0.5418,-0.00777985],[0.483253,0.743002,0.463049],[-0.2451,-0.392939,0.886298]],[[0.851135,-0.522586,-0.0497391],[0.325213,0.599297,-0.731491],[0.412075,0.606422,0.680034]],[[0.851135,-0.522586,-0.0497391],[0.11717,0.281481,-0.952386],[0.511704,0.804781,0.300809]],[[0.851135,-0.522586,-0.0497391],[0.0110203,0.112517,-0.993589],[0.524832,0.84513,0.101526]]],"btipPosition":[21.2531,270.2,-19.7002],"carpPosition":[40.1859,298.449,61.3149],"dipPosition":[30.0757,284.407,-17.9935],"direction":[-0.511704,-0.804781,-0.300809],"extended":false,"handId":972,"id":9724,"length":49.2606,"mcpPosition":[54.0463,320.669,11.1947],"pipPosition":[39.8363,299.757,-12.2557],"stabilizedTipPosition":[25.5779,261.924,-11.3133],"timeVisible":18.4578,"tipPosition":[23.3507,273.694,-19.4452],"tipVelocity":[-40.8498,122.116,-115.35],"tool":false,"touchDistance":-0.608103,"touchZone":"touching","type":4,"width":15.66}],"r":[[0.974802,0.108677,0.194809],[-0.155694,0.956872,0.245265],[-0.159753,-0.269416,0.949681]],"s":0.784261,"t":[15.3995,-23.7249,-90.2167],"timestamp":669346000155},false],[5,{"currentFrameRate":53.0602,"devices":[],"gestures":[],"hands":[{"armBasis":[[0.933543,-0.156843,-0.322332],[0.113959,0.982403,-0.147977],[0.339869,0.10141,0.934989]],"armWidth":62.1429,"confidence":0.586386,"direction":[0.00626845,0.526782,-0.849977],"elbow":[113.959,323.134,312.333],"grabStrength":0.0524356,"id":972,"palmNormal":[-0.143685,-0.840699,-0.522091],"palmPosition":[16.8331,321.564,19.6947],"palmVelocity":[-25.7932,126.124,-163.938],"palmWidth":88.738,"pinchStrength":0.725995,"r":[[0.975035,0.1071,0.194517],[-0.154272,0.956785,0.246501],[-0.15971,-0.270356,0.949421]],"s":0.791847,"sphereCenter":[10.2178,288.829,-19.9011],"sphereRadius":46.1564,"stabilizedPalmPosition":[18.7568,307.597,31.9185],"t":[14.9199,-21.3809,-93.2781],"timeVisible":18.4761,"type":"right","wrist":[24.4651,296.431,66.1336]}],"id":4962632,"interactionBox":{"center":[0,200,0],"size":[235.247,235.247,147.751]},"pointables":[{"bases":[[[0.527952,0.804275,0.272777],[-0.734616,0.27131,0.621877],[0.426153,-0.528708,0.734072]],[[0.311148,0.94922,-0.0465673],[-0.813448,0.291339,0.503412],[0.491415,-0.118755,0.862791]],[[0.311148,0.94922,-0.0465673],[-0.948781,0.313082,0.04236],[0.0547884,0.0310019,0.998017]],[[0.311148,0.94922,-0.0465673],[-0.940495,0.300506,-0.158634],[-0.136585,0.0931549,0.986239]]],"btipPosition":[-27.2101,291.929,-32.2695],"carpPosition":[-4.58262,289.305,65.4291],"dipPosition":[-30.3276,294.055,-9.75923],"direction":[-0.0547884,-0.0310019,-0.998017],"extended":false,"handId":972,"id":9720,"length":50.8265,"mcpPosition":[-4.58262,289.305,65.4291],"pipPosition":[-28.5058,295.086,23.4266],"stabilizedTipPosition":[-25.8416,279.97,-13.8768],"timeVisible":18.4761,"tipPosition":[-28.2602,293.688,-26.9781],"tipVelocity":[-21.9398,100.997,-155.844],"tool":false,"touchDistance":-0.568729,"touchZone":"hovering","type":0,"width":19.7488},{"bases":[[[0.976607,-0.0351734,-0.212134],[0.118364,0.911555,0.393773],[0.179521,-0.409671,0.894395]],[[0.94079,0.0239124,-0.338146],[-0.0253265,0.999679,0.000229995],[0.338043,0.00834771,0.941093]],[[0.94079,0.0239124,-0.338146],[-0.074636,0.987643,-0.13781],[0.330672,0.154888,0.930949]],[[0.94079,0.0239124,-0.338146],[-0.107669,0.966935,-0.231179],[0.321438,0.253899,0.912257]]],"btipPosition":[-34.1881,331.009,-74.7868],"carpPosition":[6.00673,309.848,65.9611],"dipPosition":[-28.8321,335.24,-59.5861],"direction":[-0.330672,-0.154888,-0.930949],"extended":true,"handId":972,"id":9721,"length":57.352,"mcpPosition":[-6.8737,339.241,1.78936],"pipPosition":[-21.0374,338.891,-37.6416],"stabilizedTipPosition":[-32.4138,329.257,-68.1917],"timeVisible":18.4761,"tipPosition":[-32.7807,330.103,-70.8598],"tipVelocity":[-32.6033,161.188,-173.851],"tool":false,"touchDistance":-0.298766,"touchZone":"hovering","type":1,"width":18.8641},{"bases":[[[0.957299,-0.245077,-0.153347],[0.28568,0.88327,0.371781],[0.0443318,-0.399714,0.915567]],[[0.954764,-0.228915,-0.189798],[-0.000152461,0.637891,-0.770127],[0.297363,0.735318,0.609001]],[[0.954764,-0.228915,-0.189798],[-0.129468,0.254592,-0.958343],[0.2677,0.939564,0.213438]],[[0.954764,-0.228915,-0.189798],[-0.182204,0.0540663,-0.981773],[0.235004,0.971944,0.00991142]]],"btipPosition":[-11.024,259.941,-33.4438],"carpPosition":[17.7016,311.178,63.581],"dipPosition":[-6.71713,277.753,-33.2621],"direction":[-0.2677,-0.939564,-0.213438],"extended":false,"handId":972,"id":9722,"length":65.348,"mcpPosition":[14.6852,338.375,1.28462],"pipPosition":[0.70688,303.81,-27.343],"stabilizedTipPosition":[-9.04431,259.547,-28.2181],"timeVisible":18.4761,"tipPosition":[-10.0763,264.586,-34.1787],"tipVelocity":[-24.6881,106.663,-141.41],"tool":false,"touchDistance":-0.605429,"touchZone":"touching","type":2,"width":18.527},{"bases":[[[0.929111,-0.36711,-0.0445295],[0.354612,0.850311,0.388872],[-0.104895,-0.377096,0.920215]],[[0.934333,-0.338117,-0.112688],[0.126329,0.609846,-0.782387],[0.33326,0.716774,0.612513]],[[0.934333,-0.338117,-0.112688],[-0.0329818,0.232797,-0.971966],[0.354871,0.911857,0.206359]],[[0.934333,-0.338117,-0.112688],[-0.105944,0.0383972,-0.99363],[0.34029,0.940321,0.0000541995]]],"btipPosition":[5.4287,259.387,-27.1346],"carpPosition":[29.3301,309.352,61.3467],"dipPosition":[11.6293,276.521,-27.1336],"direction":[-0.354871,-0.911857,-0.206359],"extended":false,"handId":972,"id":9723,"length":62.8339,"mcpPosition":[35.7381,332.389,5.13101],"pipPosition":[21.2167,301.156,-21.5585],"stabilizedTipPosition":[8.28735,256.417,-20.9461],"timeVisible":18.4761,"tipPosition":[6.89748,263.603,-27.5189],"tipVelocity":[-25.8698,103.361,-128.755],"tool":false,"touchDistance":-0.610525,"touchZone":"touching","type":3,"width":17.6296},{"bases":[[[0.839277,-0.543703,-0.00136198],[0.484136,0.746182,0.456973],[-0.247441,-0.384186,0.88948]],[[0.848856,-0.527226,-0.0384153],[0.326563,0.580149,-0.74618],[0.415692,0.620854,0.664635]],[[0.848856,-0.527226,-0.0384153],[0.115171,0.255375,-0.959958],[0.515925,0.810442,0.277498]],[[0.848856,-0.527226,-0.0384153],[0.0082917,0.0859409,-0.996266],[0.528559,0.845368,0.0773231]]],"btipPosition":[20.6692,271.215,-21.1483],"carpPosition":[39.7374,300.569,58.6642],"dipPosition":[29.5544,285.426,-19.8485],"direction":[-0.515925,-0.810442,-0.277498],"extended":false,"handId":972,"id":9724,"length":49.2606,"mcpPosition":[53.7303,322.294,8.36401],"pipPosition":[39.3955,300.885,-14.5553],"stabilizedTipPosition":[25.0097,264.415,-13.2043],"timeVisible":18.4761,"tipPosition":[22.839,274.829,-21.275],"tipVelocity":[-36.1945,90.2185,-100.461],"tool":false,"touchDistance":-0.598751,"touchZone":"touching","type":4,"width":15.66}],"r":[[0.975035,0.1071,0.194517],[-0.154272,0.956785,0.246501],[-0.15971,-0.270356,0.949421]],"s":0.791847,"t":[14.9199,-21.3809,-93.2781],"timestamp":669346018447},false],[6,{"currentFrameRate":53.0457,"devices":[],"gestures":[],"hands":[{"armBasis":[[0.92969,-0.146924,-0.337771],[0.103418,0.984236,-0.143473],[0.353526,0.0984543,0.930229]],"armWidth":62.1429,"confidence":0.585248,"direction":[0.00867368,0.544672,-0.838605],"elbow":[115.582,324.396,305.721],"grabStrength":0.0347511,"id":972,"palmNormal":[-0.129661,-0.830943,-0.541037],"palmPosition":[15.0324,324.498,14.8039],"palmVelocity":[-59.8612,140.383,-210.425],"palmWidth":88.738,"pinchStrength":0.729627,"r":[[0.974614,0.107078,0.196626],[-0.155641,0.955337,0.251212],[-0.160945,-0.275438,0.94775]],"s":0.799212,"sphereCenter":[8.53815,292.914,-25.4558],"sphereRadius":46.0432,"stabilizedPalmPosition":[18.4037,309.199,30.2959],"t":[13.7797,-18.742,-97.2542],"timeVisible":18.495,"type":"right","wrist":[22.493,298.471,60.7758]}],"id":4962633,"interactionBox":{"center":[0,200,0],"size":[235.247,235.247,147.751]},"pointables":[{"bases":[[[0.51665,0.803859,0.294761],[-0.743368,0.250329,0.620273],[0.424825,-0.53958,0.726896]],[[0.300446,0.953478,-0.0247336],[-0.822271,0.272068,0.49985],[0.483325,-0.12984,0.865759]],[[0.300446,0.953478,-0.0247336],[-0.952802,0.301216,0.037905],[0.0435918,0.0121778,0.998975]],[[0.300446,0.953478,-0.0247336],[-0.942387,0.292752,-0.161874],[-0.147103,0.071943,0.986501]]],"btipPosition":[-28.0897,295.329,-38.242],"carpPosition":[-6.46841,291.055,59.639],"dipPosition":[-31.4472,296.971,-15.7257],"direction":[-0.0435918,-0.0121778,-0.998975],"extended":false,"handId":972,"id":9720,"length":50.8265,"mcpPosition":[-6.46841,291.055,59.639],"pipPosition":[-29.9977,297.376,17.492],"stabilizedTipPosition":[-26.047,281.04,-15.1819],"timeVisible":18.495,"tipPosition":[-29.2251,296.955,-32.9168],"tipVelocity":[-35.4318,136.771,-234.329],"tool":false,"touchDistance":-0.629756,"touchZone":"hovering","type":0,"width":19.7488},{"bases":[[[0.978901,-0.0203657,-0.203319],[0.1048,0.904225,0.413998],[0.175414,-0.42657,0.887281]],[[0.943374,0.0413596,-0.329142],[-0.0329282,0.998972,0.0311522],[0.330092,-0.0185502,0.943767]],[[0.943374,0.0413596,-0.329142],[-0.0795312,0.991459,-0.103364],[0.322055,0.123688,0.938606]],[[0.943374,0.0413596,-0.329142],[-0.110828,0.974482,-0.1952],[0.312669,0.220624,0.923885]]],"btipPosition":[-35.3241,336.483,-80.0177],"carpPosition":[3.8937,311.692,60.706],"dipPosition":[-30.1142,340.16,-64.6232],"direction":[-0.322055,-0.123688,-0.938606],"extended":true,"handId":972,"id":9721,"length":57.352,"mcpPosition":[-8.69207,342.298,-2.95527],"pipPosition":[-22.5226,343.075,-42.4982],"stabilizedTipPosition":[-33.1433,332.696,-71.7222],"timeVisible":18.495,"tipPosition":[-33.9165,335.386,-76.1131],"tipVelocity":[-46.957,220.845,-223.143],"tool":false,"touchDistance":-0.375017,"touchZone":"hovering","type":1,"width":18.8641},{"bases":[[[0.961295,-0.231658,-0.149152],[0.272612,0.87818,0.393044],[0.0399306,-0.418491,0.907343]],[[0.95899,-0.215067,-0.184621],[0.000208333,0.651892,-0.758312],[0.283441,0.727175,0.625202]],[[0.95899,-0.215067,-0.184621],[-0.123225,0.270238,-0.954875],[0.255254,0.938466,0.232654]],[[0.95899,-0.215067,-0.184621],[-0.173499,0.0696649,-0.982367],[0.224136,0.974111,0.0294941]]],"btipPosition":[-11.6317,263.61,-39.6502],"carpPosition":[15.5956,313.196,58.4683],"dipPosition":[-7.524,281.462,-39.1097],"direction":[-0.255254,-0.938466,-0.232654],"extended":false,"handId":972,"id":9722,"length":65.348,"mcpPosition":[12.8787,341.671,-3.26841],"pipPosition":[-0.445142,307.488,-32.6576],"stabilizedTipPosition":[-9.4068,261.35,-30.7134],"timeVisible":18.495,"tipPosition":[-10.7334,268.282,-40.3178],"tipVelocity":[-29.5347,149.784,-230.938],"tool":false,"touchDistance":-0.665078,"touchZone":"touching","type":2,"width":18.527},{"bases":[[[0.93339,-0.356255,-0.0432053],[0.341729,0.845597,0.410107],[-0.109568,-0.397554,0.911014]],[[0.938944,-0.325798,-0.110631],[0.126604,0.626126,-0.769375],[0.31993,0.708394,0.629145]],[[0.938944,-0.325798,-0.110631],[-0.0267543,0.251431,-0.967505],[0.343028,0.911394,0.227363]],[[0.938944,-0.325798,-0.110631],[-0.0972634,0.0570923,-0.99362],[0.330036,0.943714,0.0219182]]],"btipPosition":[4.73561,263.141,-33.3004],"carpPosition":[27.2638,311.54,56.3093],"dipPosition":[10.7494,280.337,-32.901],"direction":[-0.343028,-0.911394,-0.227363],"extended":false,"handId":972,"id":9723,"length":62.8339,"mcpPosition":[33.9573,335.827,0.655733],"pipPosition":[20.0167,304.959,-26.7585],"stabilizedTipPosition":[7.81688,258.734,-23.6064],"timeVisible":18.495,"tipPosition":[6.16297,267.39,-33.6133],"tipVelocity":[-32.2789,150.438,-223.201],"tool":false,"touchDistance":-0.668919,"touchZone":"touching","type":3,"width":17.6296},{"bases":[[[0.845055,-0.53466,-0.00463865],[0.471714,0.741425,0.477258],[-0.251732,-0.405498,0.878751]],[[0.853812,-0.519247,-0.0372375],[0.32322,0.584833,-0.743975],[0.408085,0.623179,0.667169]],[[0.853812,-0.519247,-0.0372375],[0.112481,0.253851,-0.960681],[0.508284,0.816053,0.275147]],[[0.853812,-0.519247,-0.0372375],[0.00703101,0.0830263,-0.996523],[0.520534,0.850581,0.0745398]]],"btipPosition":[19.5075,274.503,-25.6576],"carpPosition":[37.7901,302.926,53.5439],"dipPosition":[28.2578,288.801,-24.4046],"direction":[-0.508284,-0.816053,-0.275147],"extended":false,"handId":972,"id":9724,"length":49.2606,"mcpPosition":[52.0256,325.857,3.85047],"pipPosition":[37.9531,304.367,-19.1562],"stabilizedTipPosition":[24.327,267.032,-15.5842],"timeVisible":18.495,"tipPosition":[21.7256,278.302,-26.1427],"ti