{"sensorType":"Leap","data":[[0,{"currentFrameRate":53.0504,"devices":[],"gestures":[],"hands":[{"armBasis":[[0.909735,-0.339083,-0.239592],[0.288684,0.931344,-0.221945],[0.298401,0.132745,0.945164]],"armWidth":62.1429,"confidence":0.509778,"direction":[0.0754372,0.609035,-0.789548],"elbow":[89.9112,328.904,324.308],"grabStrength":0,"id":972,"palmNormal":[-0.358224,-0.722393,-0.59146],"palmPosition":[6.88267,325.415,32.5738],"palmVelocity":[23.6317,76.2742,-296.895],"palmWidth":88.738,"pinchStrength":0.795748,"r":[[0.982822,-0.119647,0.140517],[0.0638098,0.934726,0.349593],[-0.173173,-0.334621,0.926304]],"s":0.867286,"sphereCenter":[-7.80729,302.042,-7.40048],"sphereRadius":44.0846,"stabilizedPalmPosition":[-0.70927,286.286,85.0694],"t":[4.05111,-16.5978,-77.877],"timeVisible":37.475,"type":"right","wrist":[11.3371,293.95,75.4292]}],"id":4963638,"interactionBox":{"center":[0,200,0],"size":[235.247,235.247,147.751]},"pointables":[{"bases":[[[0.70959,0.633204,0.309088],[-0.618165,0.348912,0.704367],[0.338163,-0.690879,0.639009]],[[0.500308,0.865788,0.0102069],[-0.755099,0.430515,0.494452],[0.423696,-0.255085,0.869145]],[[0.500308,0.865788,0.0102069],[-0.859134,0.494929,0.130133],[0.107616,-0.0738756,0.991444]],[[0.500308,0.865788,0.0102069],[-0.85175,0.494246,-0.173906],[-0.15561,0.0783128,0.984709]]],"btipPosition":[-39.2134,306.5,-21.3694],"carpPosition":[-18.5602,293.413,76.3851],"dipPosition":[-42.7651,308.288,1.10601],"direction":[-0.107616,0.0738756,-0.991444],"extended":false,"handId":972,"id":9720,"length":50.8265,"mcpPosition":[-18.5602,293.413,76.3851],"pipPosition":[-39.1866,305.831,34.0733],"stabilizedTipPosition":[-45.3991,280.867,46.3567],"timeVisible":37.475,"tipPosition":[-40.744,309.436,-15.5663],"tipVelocity":[46.5265,4.1544,-295.895],"tool":false,"touchDistance":-0.795543,"touchZone":"hovering","type":0,"width":19.7488},{"bases":[[[0.930038,-0.220546,-0.293919],[0.342115,0.811618,0.473533],[0.134114,-0.540958,0.830288]],[[0.921514,-0.191239,-0.337992],[0.245076,0.961523,0.124146],[0.301246,-0.197236,0.932925]],[[0.921514,-0.191239,-0.337992],[0.188049,0.98124,-0.0424916],[0.339778,-0.0244024,0.940189]],[[0.921514,-0.191239,-0.337992],[0.14472,0.976762,-0.158091],[0.360371,0.0967693,0.927776]]],"btipPosition":[-39.8806,357.008,-58.1454],"carpPosition":[-3.62214,310.969,78.137],"dipPosition":[-33.8758,358.621,-42.6861],"direction":[-0.339778,0.0244024,-0.940189],"extended":true,"handId":972,"id":9721,"length":57.352,"mcpPosition":[-13.2446,349.782,18.5649],"pipPosition":[-25.8665,358.046,-20.5238],"stabilizedTipPosition":[-38.8422,347.24,-39.7527],"timeVisible":37.475,"tipPosition":[-38.8241,354.532,-54.1439],"tipVelocity":[16.3213,159.048,-294.115],"tool":false,"touchDistance":-0.771486,"touchZone":"hovering","type":1,"width":18.8641},{"bases":[[[0.867566,-0.426712,-0.255432],[0.497285,0.750574,0.43514],[0.00604127,-0.504535,0.86337]],[[0.867069,-0.447287,-0.219374],[0.200183,0.716042,-0.668738],[0.456199,0.535927,0.710397]],[[0.867069,-0.447287,-0.219374],[-0.335751,-0.199334,-0.920618],[0.368052,0.871895,-0.323014]],[[0.867069,-0.447287,-0.219374],[-0.479636,-0.630444,-0.61032],[0.134685,0.634409,-0.761173]]],"btipPosition":[-26.6142,283.337,5.7238],"carpPosition":[7.91703,310.007,74.9546],"dipPosition":[-24.1458,294.964,-8.22615],"direction":[-0.368052,-0.871895,0.323014],"extended":false,"handId":972,"id":9722,"length":65.348,"mcpPosition":[7.50598,344.336,16.2098],"pipPosition":[-13.9388,319.143,-17.1842],"stabilizedTipPosition":[-28.0407,253.13,69.4717],"timeVisible":37.475,"tipPosition":[-26.0139,286.575,1.48166],"tipVelocity":[20.5568,64.8924,-275.87],"tool":false,"touchDistance":0.333333,"touchZone":"none","type":2,"width":18.527},{"bases":[[[0.819027,-0.551667,-0.157667],[0.557937,0.701703,0.443079],[-0.133796,-0.450861,0.882509]],[[0.821421,-0.543,-0.174408],[0.298014,0.669396,-0.680512],[0.486266,0.507011,0.711678]],[[0.821421,-0.543,-0.174408],[-0.323303,-0.191414,-0.926734],[0.469832,0.817626,-0.332785]],[[0.821421,-0.543,-0.174408],[-0.522028,-0.592692,-0.613354],[0.229681,0.594868,-0.770311]]],"btipPosition":[-11.201,278.504,9.70481],"carpPosition":[18.6922,305.982,71.6006],"dipPosition":[-7.01585,289.344,-4.33147],"direction":[-0.469832,-0.817626,0.332785],"extended":false,"handId":972,"id":9723,"length":62.8339,"mcpPosition":[26.8658,333.525,17.6884],"pipPosition":[5.67732,311.433,-13.3221],"stabilizedTipPosition":[-13.0991,241.296,87.4701],"timeVisible":37.475,"tipPosition":[-10.1283,281.387,5.98129],"tipVelocity":[21.7307,70.3652,-287.276],"tool":false,"touchDistance":0.333333,"touchZone":"none","type":3,"width":17.6296},{"bases":[[[0.694515,-0.708449,-0.125494],[0.664506,0.564749,0.489377],[-0.275826,-0.423271,0.862996]],[[0.702777,-0.694908,-0.152339],[0.413551,0.573295,-0.707325],[0.578861,0.434092,0.690278]],[[0.702777,-0.694908,-0.152339],[-0.361216,-0.164076,-0.917934],[0.612884,0.70013,-0.366321]],[[0.702777,-0.694908,-0.152339],[-0.620823,-0.494497,-0.608318],[0.347394,0.522088,-0.778936]]],"btipPosition":[4.80001,282.368,14.6693],"carpPosition":[26.6939,295.532,67.1938],"dipPosition":[10.6398,291.144,1.57521],"direction":[-0.612884,-0.70013,0.366321],"extended":false,"handId":972,"id":9724,"length":49.2606,"mcpPosition":[42.2919,319.468,18.3913],"pipPosition":[22.3304,304.499,-5.41226],"stabilizedTipPosition":[2.28286,243.81,92.9636],"timeVisible":37.475,"tipPosition":[6.29385,284.94,10.6716],"tipVelocity":[22.2396,71.643,-285.626],"tool":false,"touchDistance":0.333333,"touchZone":"none","type":4,"width":15.66}],"r":[[0.982822,-0.119647,0.140517],[0.0638098,0.934726,0.349593],[-0.173173,-0.334621,0.926304]],"s":0.867286,"t":[4.05111,-16.5978,-77.877],"timestamp":669365017340},false],[1,{"currentFrameRate":53.0345,"devices":[],"gestures":[],"hands":[{"armBasis":[[0.906721,-0.348848,-0.236987],[0.299065,0.928073,-0.2219],[0.297351,0.130327,0.945832]],"armWidth":62.1429,"confidence":0.451363,"direction":[0.0780799,0.597282,-0.798221],"elbow":[89.974,330.072,320.297],"grabStrength":0,"id":972,"palmNormal":[-0.366077,-0.727556,-0.580215],"palmPosition":[7.35229,326.654,27.9647],"palmVelocity":[24.2198,70.9826,-270.797],"palmWidth":88.738,"pinchStrength":0.812295,"r":[[0.98356,-0.121441,0.133648],[0.0678176,0.93433,0.349896],[-0.167363,-0.33508,0.927206]],"s":0.872123,"sphereCenter":[-8.95303,303.963,-11.1739],"sphereRadius":43.7892,"stabilizedPalmPosition":[-0.694263,286.362,84.9631],"t":[4.50528,-15.2725,-82.9733],"timeVisible":37.4939,"type":"right","wrist":[11.6763,295.755,71.2431]}],"id":4963639,"interactionBox":{"center":[0,200,0],"size":[235.247,235.247,147.751]},"pointables":[{"bases":[[[0.715809,0.631481,0.298075],[-0.613045,0.363904,0.701249],[0.334354,-0.684694,0.647612]],[[0.504441,0.863417,-0.00706742],[-0.752602,0.443681,0.486556],[0.423236,-0.24012,0.873621]],[[0.504441,0.863417,-0.00706742],[-0.858063,0.502192,0.107379],[0.0962623,-0.0481022,0.994193]],[[0.504441,0.863417,-0.00706742],[-0.848551,0.494209,-0.188995],[-0.159689,0.101334,0.981953]]],"btipPosition":[-38.3816,306.458,-25.7054],"carpPosition":[-18.2214,295.482,72.2954],"dipPosition":[-42.0263,308.771,-3.29296],"direction":[-0.0962623,0.0481022,-0.994193],"extended":false,"handId":972,"id":9720,"length":50.8265,"mcpPosition":[-18.2214,295.482,72.2954],"pipPosition":[-38.8255,307.172,29.7657],"stabilizedTipPosition":[-45.3984,280.87,46.3499],"timeVisible":37.4939,"tipPosition":[-40.0134,309.42,-19.9837],"tipVelocity":[44.7219,4.16178,-263.579],"tool":false,"touchDistance":-0.809579,"touchZone":"hovering","type":0,"width":19.7488},{"bases":[[[0.927249,-0.232437,-0.293569],[0.350349,0.815257,0.461099],[0.132158,-0.530405,0.83738]],[[0.918395,-0.202377,-0.339991],[0.257101,0.958394,0.124014],[0.300748,-0.201306,0.932216]],[[0.918395,-0.202377,-0.339991],[0.202856,0.978599,-0.0345415],[0.339705,-0.0372465,0.939794]],[[0.918395,-0.202377,-0.339991],[0.16132,0.97615,-0.145282],[0.361284,0.078579,0.929139]]],"btipPosition":[-39.2426,358.993,-63.0182],"carpPosition":[-3.13181,312.934,73.7568],"dipPosition":[-33.2226,360.303,-47.5362],"direction":[-0.339705,0.0372465,-0.939794],"extended":true,"handId":972,"id":9721,"length":57.352,"mcpPosition":[-12.614,350.99,13.6759],"pipPosition":[-25.215,359.425,-25.3831],"stabilizedTipPosition":[-38.7206,348.729,-42.1864],"timeVisible":37.4939,"tipPosition":[-38.1905,356.501,-59.0561],"tipVelocity":[24.9557,130.698,-276.083],"tool":false,"touchDistance":-0.795683,"touchZone":"hovering","type":1,"width":18.8641},{"bases":[[[0.863176,-0.437513,-0.252013],[0.504884,0.752381,0.423102],[0.00449713,-0.492449,0.87033]],[[0.862615,-0.457624,-0.215582],[0.203216,0.703758,-0.680756],[0.463247,0.54342,0.700069]],[[0.862615,-0.457624,-0.215582],[-0.340797,-0.210783,-0.916203],[0.373835,0.8638,-0.337782]],[[0.862615,-0.457624,-0.215582],[-0.486863,-0.635358,-0.599403],[0.137329,0.622013,-0.77087]]],"btipPosition":[-26.5773,284.438,1.92227],"carpPosition":[8.38902,311.831,70.5538],"dipPosition":[-24.0605,295.838,-12.2054],"direction":[-0.373835,-0.8638,0.337782],"extended":false,"handId":972,"id":9722,"length":65.348,"mcpPosition":[8.08303,345.338,11.3355],"pipPosition":[-13.693,319.793,-21.5729],"stabilizedTipPosition":[-28.0342,253.239,69.2447],"timeVisible":37.4939,"tipPosition":[-25.9656,287.601,-2.35761],"tipVelocity":[11.7167,60.2732,-240.197],"tool":false,"touchDistance":0.333333,"touchZone":"none","type":2,"width":18.527},{"bases":[[[0.813896,-0.560676,-0.152363],[0.56515,0.703118,0.431544],[-0.134827,-0.43734,0.889132]],[[0.816307,-0.552283,-0.169195],[0.301555,0.657305,-0.690663],[0.492654,0.512771,0.703106]],[[0.816307,-0.552283,-0.169195],[-0.327021,-0.200432,-0.923517],[0.476131,0.809204,-0.344222]],[[0.816307,-0.552283,-0.169195],[-0.528347,-0.595544,-0.605126],[0.233438,0.583362,-0.777943]]],"btipPosition":[-11.2275,279.552,5.74569],"carpPosition":[19.1197,307.67,67.2245],"dipPosition":[-6.97385,290.182,-8.42966],"direction":[-0.476131,-0.809204,0.344222],"extended":false,"handId":972,"id":9723,"length":62.8339,"mcpPosition":[27.3563,334.387,12.9077],"pipPosition":[5.88949,312.043,-17.7293],"stabilizedTipPosition":[-13.0929,241.385,87.2836],"timeVisible":37.4939,"tipPosition":[-10.1298,282.374,2.02471],"tipVelocity":[10.791,61.772,-249.865],"tool":false,"touchDistance":0.333333,"touchZone":"none","type":3,"width":17.6296},{"bases":[[[0.688179,-0.715942,-0.117627],[0.670714,0.565934,0.479439],[-0.276681,-0.408834,0.869656]],[[0.69647,-0.702849,-0.144682],[0.416139,0.559857,-0.716511],[0.5846,0.438821,0.682407]],[[0.69647,-0.702849,-0.144682],[-0.365409,-0.173849,-0.914469],[0.61758,0.689769,-0.377907]],[[0.69647,-0.702849,-0.144682],[-0.626811,-0.497717,-0.599488],[0.349339,0.508214,-0.787198]]],"btipPosition":[4.85447,283.379,10.6708],"carpPosition":[27.0201,297.092,62.9406],"dipPosition":[10.7269,291.922,-2.56218],"direction":[-0.61758,-0.689768,0.377907],"extended":false,"handId":972,"id":9724,"length":49.2606,"mcpPosition":[42.6665,320.212,13.7615],"pipPosition":[22.5071,305.079,-9.77066],"stabilizedTipPosition":[2.2897,243.882,92.8148],"timeVisible":37.4939,"tipPosition":[6.35717,285.882,6.63488],"tipVelocity":[12.936,61.3414,-250.045],"tool":false,"touchDistance":0.333333,"touchZone":"none","type":4,"width":15.66}],"r":[[0.98356,-0.121441,0.133648],[0.0678176,0.93433,0.349896],[-0.167363,-0.33508,0.927206]],"s":0.872123,"t":[4.50528,-15.2725,-82.9733],"timestamp":669365036253},false],[2,{"currentFrameRate":53.0341,"devices":[],"gestures":[],"hands":[{"armBasis":[[0.910379,-0.35121,-0.218775],[0.299986,0.924383,-0.235635],[0.284989,0.148888,0.946897]],"armWidth":62.1429,"confidence":0.472421,"direction":[0.0695617,0.576967,-0.8138],"elbow":[88.215,336.488,318.441],"grabStrength":0,"id":972,"palmNormal":[-0.372525,-0.741738,-0.557719],"palmPosition":[8.38665,327.086,25.1135],"palmVelocity":[39.2181,47.4484,-212.241],"palmWidth":88.738,"pinchStrength":0.820515,"r":[[0.984383,-0.122299,0.126625],[0.0718458,0.935753,0.345259],[-0.160715,-0.33077,0.929926]],"s":0.875829,"sphereCenter":[-9.14312,304.102,-13.0026],"sphereRadius":43.6416,"stabilizedPalmPosition":[-0.683003,286.412,84.8889],"t":[5.24955,-14.3938,-86.947],"timeVisible":37.5128,"type":"right","wrist":[13.1724,297.283,69.1065]}],"id":4963640,"interactionBox":{"center":[0,200,0],"size":[235.247,235.247,147.751]},"pointables":[{"bases":[[[0.719153,0.638413,0.274313],[-0.605315,0.38175,0.69847],[0.341193,-0.668353,0.660977]],[[0.502604,0.863745,-0.0365105],[-0.748738,0.456018,0.481082],[0.432181,-0.214457,0.875915]],[[0.502604,0.863745,-0.0365105],[-0.858796,0.503683,0.0936652],[0.0992926,-0.0157215,0.994934]],[[0.502604,0.863745,-0.0365105],[-0.851003,0.486869,-0.196856],[-0.152257,0.130011,0.979752]]],"btipPosition":[-37.5782,305.048,-27.5977],"carpPosition":[-16.7122,297.053,70.4893],"dipPosition":[-41.0534,308.016,-5.23547],"direction":[-0.0992926,0.0157215,-0.994934],"extended":false,"handId":972,"id":9720,"length":50.8265,"mcpPosition":[-16.7122,297.053,70.4893],"pipPosition":[-37.7518,307.493,27.8478],"stabilizedTipPosition":[-45.3977,280.872,46.3428],"timeVisible":37.5128,"tipPosition":[-39.1834,308.052,-21.9732],"tipVelocity":[44.6962,-30.5744,-183.96],"tool":false,"touchDistance":-0.785513,"touchZone":"hovering","type":0,"width":19.7488},{"bases":[[[0.923954,-0.240228,-0.297658],[0.355527,0.826421,0.436611],[0.141104,-0.509234,0.848982]],[[0.914265,-0.210426,-0.346178],[0.260766,0.959635,0.105369],[0.310032,-0.186607,0.932233]],[[0.914265,-0.210426,-0.346178],[0.206706,0.97722,-0.0480919],[0.348412,-0.0275885,0.936935]],[[0.914265,-0.210426,-0.346178],[0.165303,0.973918,-0.155431],[0.369856,0.0848809,0.925204]]],"btipPosition":[-39.0932,358.12,-66.1278],"carpPosition":[-1.60345,314.529,71.3473],"dipPosition":[-32.9304,359.534,-50.7114],"direction":[-0.348412,0.0275885,-0.936935],"extended":true,"handId":972,"id":9721,"length":57.352,"mcpPosition":[-11.7275,351.065,10.4339],"pipPosition":[-24.7176,358.884,-28.6258],"stabilizedTipPosition":[-38.6504,349.382,-43.5568],"timeVisible":37.5128,"tipPosition":[-37.9815,355.779,-62.178],"tipVelocity":[17.4681,44.6569,-222.042],"tool":false,"touchDistance":-0.791319,"touchZone":"hovering","type":1,"width":18.8641},{"bases":[[[0.860285,-0.44416,-0.250262],[0.509626,0.762529,0.398536],[0.013818,-0.470395,0.882348]],[[0.860113,-0.463385,-0.213259],[0.195251,0.685303,-0.701596],[0.471256,0.561813,0.679915]],[[0.860113,-0.463385,-0.213259],[-0.351213,-0.23477,-0.906384],[0.369938,0.854493,-0.364676]],[[0.860113,-0.463385,-0.213259],[-0.493559,-0.650388,-0.577404],[0.12886,0.601889,-0.788115]]],"btipPosition":[-25.832,284.208,0.60843],"carpPosition":[9.88169,313.339,68.0485],"dipPosition":[-23.4704,295.239,-13.8353],"direction":[-0.369938,-0.854493,0.364676],"extended":false,"handId":972,"id":9722,"length":65.348,"mcpPosition":[8.9415,345.346,8.01239],"pipPosition":[-13.211,318.936,-23.9487],"stabilizedTipPosition":[-28.0294,253.297,69.121],"timeVisible":37.5128,"tipPosition":[-25.268,287.251,-3.74498],"tipVelocity":[24.4047,22.5816,-158.595],"tool":false,"touchDistance":0.333333,"touchZone":"none","type":2,"width":18.527},{"bases":[[[0.81206,-0.564752,-0.147016],[0.569968,0.713464,0.407562],[-0.125281,-0.414759,0.901266]],[[0.814284,-0.556809,-0.164031],[0.295756,0.641133,-0.70815],[0.49947,0.528122,0.686744]],[[0.814284,-0.556809,-0.164031],[-0.334038,-0.218388,-0.916911],[0.474721,0.801418,-0.363825]],[[0.814284,-0.556809,-0.164031],[-0.533415,-0.60633,-0.589773],[0.228934,0.567739,-0.790735]]],"btipPosition":[-10.5326,279.418,3.96438],"carpPosition":[20.5746,309.09,64.7088],"dipPosition":[-6.36102,289.764,-10.444],"direction":[-0.474721,-0.801418,0.363825],"extended":false,"handId":972,"id":9723,"length":62.8339,"mcpPosition":[28.228,334.427,9.65074],"pipPosition":[6.46424,311.415,-20.2733],"stabilizedTipPosition":[-13.0887,241.433,87.1814],"timeVisible":37.5128,"tipPosition":[-9.43884,282.143,0.330885],"tipVelocity":[23.06,26.3633,-175.171],"tool":false,"touchDistance":0.333333,"touchZone":"none","type":3,"width":17.6296},{"bases":[[[0.68669,-0.71903,-0.107022],[0.676012,0.577474,0.457747],[-0.267331,-0.386678,0.882618]],[[0.694605,-0.706767,-0.134182],[0.411115,0.543046,-0.732178],[0.590346,0.453411,0.667765]],[[0.694605,-0.706767,-0.134182],[-0.371995,-0.193226,-0.907901],[0.615747,0.680547,-0.397129]],[[0.694605,-0.706767,-0.134182],[-0.631807,-0.510139,-0.58359],[0.344011,0.490142,-0.800886]]],"btipPosition":[5.6575,283.414,8.70598],"carpPosition":[28.4256,298.404,60.6072],"dipPosition":[11.4404,291.654,-4.75706],"direction":[-0.615747,-0.680547,0.397129],"extended":false,"handId":972,"id":9724,"length":49.2606,"mcpPosition":[43.5431,320.27,10.6951],"pipPosition":[23.1856,304.635,-12.3322],"stabilizedTipPosition":[2.2944,243.923,92.7275],"timeVisible":37.5128,"tipPosition":[7.12967,285.778,4.75561],"tipVelocity":[26.9178,30.4068,-180.009],"tool":false,"touchDistance":0.333333,"touchZone":"none","type":4,"width":15.66}],"r":[[0.984383,-0.122299,0.126625],[0.0718458,0.935753,0.345259],[-0.160715,-0.33077,0.929926]],"s":0.875829,"t":[5.24955,-14.3938,-86.947],"timestamp":669365055110},false],[3,{"currentFrameRate":52.9981,"devices":[],"gestures":[],"hands":[{"armBasis":[[0.909926,-0.348042,-0.225614],[0.302547,0.929037,-0.212969],[0.283725,0.125527,0.950654]],"armWidth":62.1429,"confidence":0.477952,"direction":[0.0658326,0.568879,-0.819782],"elbow":[88.4879,329.425,315.692],"grabStrength":0,"id":972,"palmNormal":[-0.369046,-0.749428,-0.549694],"palmPosition":[8.79814,325.691,21.0732],"palmVelocity":[30.5763,-12.0244,-212.451],"palmWidth":88.738,"pinchStrength":0.826819,"r":[[0.985153,-0.121706,0.121084],[0.0741023,0.937657,0.339571],[-0.154863,-0.325557,0.932754]],"s":0.87818,"sphereCenter":[-9.41271,302.843,-16.5772],"sphereRadius":43.5347,"stabilizedPalmPosition":[-0.67704,286.437,84.8488],"t":[5.82743,-14.6515,-90.954],"timeVisible":37.5318,"type":"right","wrist":[13.778,296.372,65.3678]}],"id":4963641,"interactionBox":{"center":[0,200,0],"size":[235.247,235.247,147.751]},"pointables":[{"bases":[[[0.715984,0.645013,0.267068],[-0.606756,0.385745,0.695017],[0.345275,-0.659665,0.667553]],[[0.497206,0.86637,-0.046784],[-0.751486,0.456971,0.475864],[0.433653,-0.201444,0.878274]],[[0.497206,0.86637,-0.046784],[-0.862646,0.499402,0.0802454],[0.0928863,0.000459593,0.995677]],[[0.497206,0.86637,-0.046784],[-0.853311,0.478531,-0.207046],[-0.156991,0.142866,0.977212]]],"btipPosition":[-36.7204,302.528,-31.3894],"carpPosition":[-16.1039,295.997,66.7791],"dipPosition":[-40.3036,305.788,-9.08517],"direction":[-0.0928863,-0.000459593,-0.995677],"extended":false,"handId":972,"id":9720,"length":50.8265,"mcpPosition":[-16.1039,295.997,66.7791],"pipPosition":[-37.215,305.804,24.0228],"stabilizedTipPosition":[-45.3958,280.878,46.3248],"timeVisible":37.5318,"tipPosition":[-38.4022,305.474,-25.8337],"tipVelocity":[44.2771,-79.0797,-191.996],"tool":false,"touchDistance":-0.79237,"touchZone":"hovering","type":0,"width":19.7488},{"bases":[[[0.924969,-0.2384,-0.295969],[0.351499,0.832763,0.427732],[0.1445,-0.499671,0.854077]],[[0.914775,-0.208357,-0.346084],[0.258404,0.960329,0.10486],[0.310506,-0.185353,0.932325]],[[0.914775,-0.208357,-0.346084],[0.205756,0.977582,-0.0446862],[0.347636,-0.0303311,0.937139]],[[0.914775,-0.208357,-0.346084],[0.165368,0.974795,-0.149762],[0.368565,0.0797675,0.926173]]],"btipPosition":[-38.8007,356.563,-70.4224],"carpPosition":[-1.08723,313.56,67.4432],"dipPosition":[-32.6594,357.892,-54.9898],"direction":[-0.347636,0.0303311,-0.937139],"extended":true,"handId":972,"id":9721,"length":57.352,"mcpPosition":[-11.4549,349.411,6.16418],"pipPosition":[-24.4649,357.177,-32.8994],"stabilizedTipPosition":[-38.6072,349.638,-44.3559],"timeVisible":37.5318,"tipPosition":[-37.6731,354.265,-66.5026],"tipVelocity":[16.321,-18.1626,-223.921],"tool":false,"touchDistance":-0.804884,"touchZone":"hovering","type":1,"width":18.8641},{"bases":[[[0.862422,-0.442165,-0.246411],[0.505903,0.769297,0.390184],[0.0170372,-0.461163,0.887152]],[[0.862381,-0.461038,-0.209147],[0.19041,0.678168,-0.709812],[0.469087,0.572305,0.672625]],[[0.862381,-0.461038,-0.209147],[-0.351085,-0.246987,-0.903181],[0.364744,0.852315,-0.374861]],[[0.862381,-0.461038,-0.209147],[-0.490634,-0.659264,-0.56978],[0.124807,0.593982,-0.794738]]],"btipPosition":[-25.2111,282.351,-2.87365],"carpPosition":[10.4013,312.398,64.1467],"dipPosition":[-22.9238,293.237,-17.4387],"direction":[-0.364744,-0.852315,0.374861],"extended":false,"handId":972,"id":9722,"length":65.348,"mcpPosition":[9.24211,343.776,3.78378],"pipPosition":[-12.8085,316.874,-27.8346],"stabilizedTipPosition":[-28.0257,253.332,69.0364],"timeVisible":37.5318,"tipPosition":[-24.6686,285.341,-7.24648],"tipVelocity":[28.0352,-37.5126,-171.471],"tool":false,"touchDistance":0.333333,"touchZone":"none","type":2,"width":18.527},{"bases":[[[0.814922,-0.561936,-0.141881],[0.566512,0.720648,0.399664],[-0.122339,-0.406072,0.905615]],[[0.817099,-0.554121,-0.159059],[0.295804,0.639801,-0.709333],[0.494823,0.532545,0.686692]],[[0.817099,-0.554121,-0.159059],[-0.326274,-0.217028,-0.920024],[0.475284,0.803647,-0.358128]],[[0.817099,-0.554121,-0.159059],[-0.526825,-0.605672,-0.596336],[0.234105,0.571062,-0.786818]]],"btipPosition":[-10.0799,277.655,-0.391379],"carpPosition":[21.1139,308.171,60.8417],"dipPosition":[-5.81417,288.061,-14.7284],"direction":[-0.475284,-0.803647,0.358128],"extended":false,"handId":972,"id":9723,"length":62.8339,"mcpPosition":[28.5876,332.978,5.51802],"pipPosition":[7.02629,309.773,-24.4038],"stabilizedTipPosition":[-13.0861,241.459,87.1213],"timeVisible":37.5318,"tipPosition":[-8.92018,280.362,-3.69257],"tipVelocity":[23.9981,-31.9281,-201.374],"tool":false,"touchDistance":0.333333,"touchZone":"none","type":3,"width":17.6296},{"bases":[[[0.690404,-0.716453,-0.100185],[0.673316,0.585748,0.451159],[-0.264551,-0.378938,0.886802]],[[0.698124,-0.704608,-0.127086],[0.415151,0.542986,-0.729943],[0.583329,0.456831,0.67159]],[[0.698124,-0.704608,-0.127086],[-0.362128,-0.194368,-0.911638],[0.617646,0.682458,-0.390851]],[[0.698124,-0.704608,-0.127086],[-0.625044,-0.513209,-0.588164],[0.349204,0.490046,-0.798694]]],"btipPosition":[6.21123,281.905,4.41765],"carpPosition":[29.018,297.484,56.844],"dipPosition":[12.0814,290.142,-9.00855],"direction":[-0.617646,-0.682458,0.390851],"extended":false,"handId":972,"id":9724,"length":49.2606,"mcpPosition":[43.9784,318.913,6.69521],"pipPosition":[23.8628,303.16,-16.4639],"stabilizedTipPosition":[2.29728,243.945,92.6776],"timeVisible":37.5318,"tipPosition":[7.70898,284.181,0.817283],"tipVelocity":[28.5349,-23.6771,-202.29],"tool":false,"touchDistance":0.333333,"touchZone":"none","type":4,"width":15.66}],"r":[[0.985153,-0.121706,0.121084],[0.0741023,0.937657,0.339571],[-0.154863,-0.325557,0.932754]],"s":0.87818,"t":[5.82743,-14.6515,-90.954],"timestamp":669365074108},false],[4,{"currentFrameRate":53.0213,"devices":[],"gestures":[],"hands":[{"armBasis":[[0.908064,-0.349194,-0.231263],[0.298377,0.926843,-0.227889],[0.293922,0.137934,0.945824]],"armWidth":62.1429,"confidence":0.501838,"direction":[0.0648583,0.571055,-0.818346],"elbow":[91.6241,332.265,311.467],"grabStrength":0,"id":972,"palmNormal":[-0.369797,-0.74793,-0.551226],"palmPosition":[9.19666,325.382,18.2046],"palmVelocity":[26.011,-14.1918,-183.318],"palmWidth":88.738,"pinchStrength":0.835031,"r":[[0.98577,-0.121338,0.116335],[0.0759865,0.938976,0.335484],[-0.149943,-0.32187,0.934835]],"s":0.879622,"sphereCenter":[-10.0986,303.478,-19.1874],"sphereRadius":43.423,"stabilizedPalmPosition":[-0.673791,286.45,84.8269],"t":[6.31563,-14.935,-94.3918],"timeVisible":37.5505,"type":"right","wrist":[14.2292,295.944,62.4147]}],"id":4963642,"interactionBox":{"center":[0,200,0],"size":[235.247,235.247,147.751]},"pointables":[{"bases":[[[0.716373,0.64424,0.26789],[-0.605853,0.383944,0.696799],[0.346051,-0.66147,0.665362]],[[0.497034,0.866547,-0.045315],[-0.752434,0.456415,0.474899],[0.432204,-0.201944,0.878873]],[[0.497034,0.866547,-0.045315],[-0.863469,0.499087,0.0730328],[0.0859025,0.00282829,0.9963]],[[0.497034,0.866547,-0.045315],[-0.852064,0.477515,-0.214396],[-0.164145,0.145173,0.975695]]],"btipPosition":[-35.8013,301.992,-34.3214],"carpPosition":[-15.6508,295.568,63.8623],"dipPosition":[-39.5479,305.305,-12.0518],"direction":[-0.0859025,-0.00282829,-0.9963],"extended":false,"handId":972,"id":9720,"length":50.8265,"mcpPosition":[-15.6508,295.568,63.8623],"pipPosition":[-36.6915,305.399,21.0769],"stabilizedTipPosition":[-45.393,280.885,46.301],"timeVisible":37.5505,"tipPosition":[-37.6149,304.815,-28.7853],"tipVelocity":[45.5802,-54.0905,-174.704],"tool":false,"touchDistance":-0.785566,"touchZone":"hovering","type":0,"width":19.7488},{"bases":[[[0.924578,-0.237689,-0.297758],[0.352106,0.831591,0.429508],[0.145523,-0.501956,0.852563]],[[0.913975,-0.206616,-0.349227],[0.262279,0.957512,0.119921],[0.309612,-0.2012,0.929333]],[[0.913975,-0.206616,-0.349227],[0.211731,0.977035,-0.0239216],[0.34615,-0.0520785,0.936733]],[[0.913975,-0.206616,-0.349227],[0.172768,0.976895,-0.125811],[0.367153,0.0546527,0.928554]]],"btipPosition":[-38.3227,357.89,-73.1071],"carpPosition":[-0.631842,313.129,64.5544],"dipPosition":[-32.2049,358.801,-57.6349],"direction":[-0.34615,0.0520785,-0.936733],"extended":true,"handId":972,"id":9721,"length":57.352,"mcpPosition":[-11.073,349.143,3.38413],"pipPosition":[-24.0454,357.573,-35.5541],"stabilizedTipPosition":[-38.5764,349.792,-44.8141],"timeVisible":37.5505,"tipPosition":[-37.2093,355.492,-69.2441],"tipVelocity":[20.6405,22.7065,-184.173],"tool":false,"touchDistance":-0.792863,"touchZone":"hovering","type":1,"width":18.8641},{"bases":[[[0.862075,-0.44158,-0.248664],[0.506457,0.768213,0.391599],[0.018105,-0.463526,0.885899]],[[0.862078,-0.460579,-0.211398],[0.189045,0.679302,-0.709092],[0.470195,0.571329,0.672681]],[[0.862078,-0.460579,-0.211398],[-0.352554,-0.245405,-0.90304],[0.364043,0.85302,-0.373937]],[[0.862078,-0.460579,-0.211398],[-0.491451,-0.65799,-0.570548],[0.123684,0.595748,-0.793591]]],"btipPosition":[-24.8447,282.081,-5.74381],"carpPosition":[10.8525,311.974,61.2405],"dipPosition":[-22.5779,293,-20.2879],"direction":[-0.364043,-0.85302,0.373937],"extended":false,"handId":972,"id":9722,"length":65.348,"mcpPosition":[9.62062,343.513,0.962883],"pipPosition":[-12.4821,316.656,-30.6581],"stabilizedTipPosition":[-28.0233,253.353,68.9857],"timeVisible":37.5505,"tipPosition":[-24.3089,285.074,-10.0966],"tipVelocity":[23.7532,-26.0074,-162.258],"tool":false,"touchDistance":0.333333,"touchZone":"none","type":2,"width":18.527},{"bases":[[[0.814695,-0.561625,-0.144395],[0.567073,0.719533,0.400873],[-0.121243,-0.408472,0.904683]],[[0.81684,-0.553806,-0.161463],[0.30056,0.647487,-0.700303],[0.492378,0.523507,0.695345]],[[0.81684,-0.553806,-0.161463],[-0.318631,-0.199823,-0.926577],[0.48088,0.808313,-0.339683]],[[0.81684,-0.553806,-0.161463],[-0.523189,-0.593323,-0.611753],[0.242993,0.58418,-0.774395]]],"btipPosition":[-9.90681,277.415,-4.36693],"carpPosition":[21.5606,307.755,57.911],"dipPosition":[-5.4791,288.059,-18.4776],"direction":[-0.48088,-0.808313,0.339683],"extended":false,"handId":972,"id":9723,"length":62.8339,"mcpPosition":[28.9673,332.708,2.64419],"pipPosition":[7.51255,309.897,-27.6546],"stabilizedTipPosition":[-13.0847,241.471,87.0901],"timeVisible":37.5505,"tipPosition":[-8.67297,280.124,-7.28056],"tipVelocity":[17.7523,-21.1694,-205.073],"tool":false,"touchDistance":0.333333,"touchZone":"none","type":3,"width":17.6296},{"bases":[[[0.690216,-0.716242,-0.102955],[0.673931,0.584488,0.451876],[-0.263477,-0.381276,0.88612]],[[0.697662,-0.704726,-0.128955],[0.422853,0.550353,-0.719935],[0.578328,0.447742,0.681956]],[[0.697662,-0.704726,-0.128955],[-0.352298,-0.180736,-0.91827],[0.623822,0.686073,-0.374366]],[[0.697662,-0.704726,-0.128955],[-0.620569,-0.504499,-0.600313],[0.357998,0.498841,-0.7893]]],"btipPosition":[6.49799,281.727,0.657316],"carpPosition":[29.4587,297.078,53.8749],"dipPosition":[12.516,290.113,-12.611],"direction":[-0.623822,-0.686073,0.374366],"extended":false,"handId":972,"id":9724,"length":49.2606,"mcpPosition":[44.3583,318.64,3.7647],"pipPosition":[24.4152,303.2,-19.7519],"stabilizedTipPosition":[2.29882,243.956,92.6515],"timeVisible":37.5505,"tipPosition":[8.03864,283.958,-2.57133],"tipVelocity":[22.9444,-15.8412,-200.356],"tool":false,"touchDistance":0.333333,"touchZone":"none","type":4,"width":15.66}],"r":[[0.98577,-0.121338,0.116335],[0.0759865,0.938976,0.335484],[-0.149943,-0.32187,0.934835]],"s":0.879622,"t":[6.31563,-14.935,-94.3918],"timestamp":669365092885},false],[5,{"currentFrameRate":52.9951,"devices":[],"gestures":[],"hands":[{"armBasis":[[0.907438,-0.348582,-0.234619],[0.297728,0.927422,-0.226379],[0.296503,0.135572,0.94536]],"armWidth":62.1429,"confidence":0.508178,"direction":[0.0647011,0.568483,-0.820147],"elbow":[92.367,332.138,309.194],"grabStrength":0,"id":972,"palmNormal":[-0.367554,-0.750513,-0.549212],"palmPosition":[9.25448,325.721,15.9509],"palmVelocity":[14.7239,1.55097,-151.625],"palmWidth":88.738,"pinchStrength":0.839466,"r":[[0.986268,-0.120572,0.112858],[0.0770038,0.940272,0.331601],[-0.146099,-0.318357,0.936645]],"s":0.881648,"sphereCenter":[-11.1636,304.666,-21.0282],"sphereRadius":43.3711,"stabilizedPalmPosition":[-0.672231,286.456,84.816],"t":[6.58864,-14.9076,-97.2376],"timeVisible":37.5695,"type":"right","wrist":[14.2926,296.439,60.2642]}],"id":4963643,"interactionBox":{"center":[0,200,0],"size":[235.247,235.247,147.751]},"pointables":[{"bases":[[[0.714699,0.646607,0.266653],[-0.607522,0.384983,0.69477],[0.346587,-0.658549,0.667975]],[[0.49537,0.867384,-0.0474689],[-0.75576,0.457274,0.468752],[0.428294,-0.19633,0.882054]],[[0.49537,0.867384,-0.0474689],[-0.86505,0.497554,0.064256],[0.079353,0.00923247,0.996804]],[[0.49537,0.867384,-0.0474689],[-0.851983,0.474459,-0.221388],[-0.169507,0.150112,0.97403]]],"btipPosition":[-35.2084,301.831,-36.6415],"carpPosition":[-15.5884,296.006,61.6758],"dipPosition":[-39.0773,305.257,-14.4099],"direction":[-0.079353,-0.00923247,-0.996804],"extended":false,"handId":972,"id":9720,"length":50.8265,"mcpPosition":[-15.5884,296.006,61.6758],"pipPosition":[-36.4387,305.564,18.7355],"stabilizedTipPosition":[-45.3904,280.891,46.2791],"timeVisible":37.5695,"tipPosition":[-37.0996,304.543,-31.1274],"tipVelocity":[37.8146,-31.0128,-149.192],"tool":false,"touchDistance":-0.770276,"touchZone":"hovering","type":0,"width":19.7488},{"bases":[[[0.925442,-0.23675,-0.295817],[0.349842,0.833734,0.427197],[0.145494,-0.498835,0.854398]],[[0.914385,-0.204722,-0.349268],[0.264371,0.955322,0.132165],[0.306607,-0.213186,0.927655]],[[0.914385,-0.204722,-0.349268],[0.216488,0.97627,-0.00547013],[0.3421,-0.0706107,0.937007]],[[0.914385,-0.204722,-0.349268],[0.179391,0.978289,-0.103775],[0.362931,0.0322344,0.931258]]],"btipPosition":[-38.0037,359.45,-75.4459],"carpPosition":[-0.606744,313.6,62.3286],"dipPosition":[-31.9563,359.987,-59.9286],"direction":[-0.3421,0.0706107,-0.937007],"extended":true,"handId":972,"id":9721,"length":57.352,"mcpPosition":[-11.0457,349.39,1.02665],"pipPosition":[-23.8923,358.323,-37.8413],"stabilizedTipPosition":[-38.5529,349.909,-45.1382],"timeVisible":37.5695,"tipPosition":[-36.9103,356.943,-71.6288],"tipVelocity":[18.3421,49.7434,-153.993],"tool":false,"touchDistance":-0.776835,"touchZone":"hovering","type":1,"width":18.8641},{"bases":[[[0.8633,-0.440607,-0.246128],[0.504372,0.770552,0.38969],[0.0179542,-0.460559,0.887447]],[[0.863294,-0.459506,-0.208751],[0.188055,0.676694,-0.711843],[0.468357,0.575274,0.670598]],[[0.863294,-0.459506,-0.208751],[-0.351192,-0.249868,-0.902347],[0.362474,0.852303,-0.377085]],[[0.863294,-0.459506,-0.208751],[-0.489411,-0.661142,-0.568655],[0.123286,0.593082,-0.795647]]],"btipPosition":[-24.6656,282.247,-7.83397],"carpPosition":[10.8841,312.458,59.0329],"dipPosition":[-22.4061,293.116,-22.4157],"direction":[-0.362474,-0.852303,0.377085],"extended":false,"handId":972,"id":9722,"length":65.348,"mcpPosition":[9.66249,343.795,-1.35015],"pipPosition":[-12.3538,316.753,-32.8733],"stabilizedTipPosition":[-28.022,253.363,68.9593],"timeVisible":37.5695,"tipPosition":[-24.1319,285.217,-12.1829],"tipVelocity":[16.6764,-9.2286,-136.902],"tool":false,"touchDistance":0.333333,"touchZone":"none","type":2,"width":18.527},{"bases":[[[0.816038,-0.560405,-0.141521],[0.565077,0.722029,0.399201],[-0.121531,-0.405734,0.905875]],[[0.818192,-0.552625,-0.158642],[0.301782,0.647647,-0.699629],[0.489377,0.524555,0.696672]],[[0.818192,-0.552625,-0.158642],[-0.313449,-0.197432,-0.928854],[0.481987,0.809707,-0.334757]],[[0.818192,-0.552625,-0.158642],[-0.519121,-0.591466,-0.616994],[0.247135,0.587174,-0.770812]]],"btipPosition":[-9.81933,277.605,-6.87633],"carpPosition":[21.6051,308.25,55.7306],"dipPosition":[-5.31614,288.304,-20.9217],"direction":[-0.481987,-0.809707,0.334757],"extended":false,"handId":972,"id":9723,"length":62.8339,"mcpPosition":[29.0294,333.036,0.390991],"pipPosition":[7.70541,310.179,-29.9657],"stabilizedTipPosition":[-13.084,241.477,87.0752],"timeVisible":37.5695,"tipPosition":[-8.5596,280.31,-9.67514],"tipVelocity":[11.7436,-5.51538,-168.924],"tool":false,"touchDistance":0.333333,"touchZone":"none","type":3,"width":17.6296},{"bases":[[[0.691828,-0.715143,-0.0997262],[0.67215,0.587375,0.450783],[-0.263797,-0.378895,0.887046]],[[0.69893,-0.704273,-0.12448],[0.429463,0.552472,-0.714378],[0.571889,0.445841,0.688599]],[[0.69893,-0.704273,-0.12448],[-0.34206,-0.176327,-0.922986],[0.628085,0.687683,-0.364145]],[[0.69893,-0.704273,-0.12448],[-0.61458,-0.502424,-0.608162],[0.36577,0.501566,-0.783992]]],"btipPosition":[6.59787,282.08,-2.04349],"carpPosition":[29.5304,297.577,51.7397],"dipPosition":[12.7465,290.512,-15.2225],"direction":[-0.628085,-0.687683,0.364145],"extended":false,"handId":972,"id":9724,"length":49.2606,"mcpPosition":[44.4482,319.003,1.57719],"pipPosition":[24.7271,303.629,-22.1685],"stabilizedTipPosition":[2.29956,243.961,92.6388],"timeVisible":37.5695,"tipPosition":[8.17207,284.256,-5.02706],"tipVelocity":[15.0339,1.35971,-171.344],"tool":false,"touchDistance":0.333333,"touchZone":"none","type":4,"width":15.66}],"r":[[0.986268,-0.120572,0.112858],[0.0770038,0.940272,0.331601],[-0.146099,-0.318357,0.936645]],"s":0.881648,"t":[6.58864,-14.9076,-97.2376],"timestamp":669365111849},false],[6,{"currentFrameRate":53.0517,"devices":[],"gestures":[],"hands":[{"armBasis":[[0.906466,-0.347592,-0.239789],[0.291187,0.925761,-0.241197],[0.305825,0.148813,0.940386]],"armWidth":62.1429,"confidence":0.444667,"direction":[0.0687239,0.569206,-0.819318],"elbow":[94.0103,336.765,303.647],"grabStrength":0,"id":972,"palmNormal":[-0.359556,-0.751934,-0.552552],"palmPosition":[8.66743,326.861,11.6882],"palmVelocity":[-7.7218,30.5082,-189.021],"palmWidth":88.738,"pinchStrength":0.843864,"r":[[0.986587,-0.119059,0.11167],[0.0763931,0.941337,0.328706],[-0.144254,-0.315767,0.937807]],"s":0.884111,"sphereCenter":[-13.0915,307.08,-24.9511],"sphereRadius":43.3727,"stabilizedPalmPosition":[-0.671382,286.459,84.8094],"t":[6.43162,-14.3237,-100.792],"timeVisible":37.5882,"type":"right","wrist":[13.4811,297.58,56.027]}],"id":4963644,"interactionBox":{"center":[0,200,0],"size":[235.247,235.247,147.751]},"pointables":[{"bases":[[[0.709474,0.649798,0.272781],[-0.614955,0.38178,0.689982],[0.344206,-0.657272,0.670459]],[[0.492208,0.869445,-0.0423943],[-0.763444,0.454571,0.458823],[0.418192,-0.193471,0.887516]],[[0.492208,0.869445,-0.0423943],[-0.868088,0.49388,0.0500469],[0.0644507,0.0121686,0.997847]],[[0.492208,0.869445,-0.0423943],[-0.851374,0.470687,-0.23155],[-0.181365,0.150064,0.971899]]],"btipPosition":[-34.7701,302.596,-41.3745],"carpPosition":[-16.408,297.007,57.1948],"dipPosition":[-38.9096,306.021,-19.1915],"direction":[-0.0644507,-0.0121686,-0.997847],"extended":false,"handId":972,"id":9720,"length":50.8265,"mcpPosition":[-16.408,297.007,57.1948],"pipPosition":[-36.7665,306.425,13.9886],"stabilizedTipPosition":[-45.389,280.894,46.2671],"timeVisible":37.5882,"tipPosition":[-36.798,305.167,-35.8787],"tipVelocity":[29.2428,3.97965,-200.313],"tool":false,"touchDistance":-0.792744,"touchZone":"hovering","type":0,"width":19.7488},{"bases":[[[0.928917,-0.232272,-0.288379],[0.34245,0.835136,0.430437],[0.140857,-0.498596,0.855314]],[[0.916742,-0.19671,-0.347691],[0.262176,0.952955,0.152123],[0.301409,-0.230613,0.925186]],[[0.916742,-0.19671,-0.347691],[0.216263,0.976171,0.0179313],[0.335878,-0.0916309,0.937438]],[[0.916742,-0.19671,-0.347691],[0.180445,0.980415,-0.0789091],[0.356403,0.00960028,0.934283]]],"btipPosition":[-38.1057,362.106,-79.8191],"carpPosition":[-1.51458,314.67,57.9782],"dipPosition":[-32.1671,362.266,-64.2514],"direction":[-0.335878,0.0916309,-0.937438],"extended":true,"handId":972,"id":9721,"length":57.352,"mcpPosition":[-11.6209,350.444,-3.3895],"pipPosition":[-24.2497,360.106,-42.154],"stabilizedTipPosition":[-38.533,350.044,-45.4793],"timeVisible":37.5882,"tipPosition":[-36.9402,359.486,-76.0987],"tipVelocity":[6.12419,92.5142,-192.818],"tool":false,"touchDistance":-0.79291,"touchZone":"hovering","type":1,"width":18.8641},{"bases":[[[0.867326,-0.436443,-0.239297],[0.497574,0.772695,0.39416],[0.0128752,-0.460933,0.887341]],[[0.867103,-0.455382,-0.201889],[0.190283,0.677365,-0.710612],[0.460353,0.577758,0.673997]],[[0.867103,-0.455382,-0.201889],[-0.3429,-0.251688,-0.905027],[0.36132,0.853979,-0.374389]],[[0.867103,-0.455382,-0.201889],[-0.481705,-0.663342,-0.572659],[0.126857,0.593806,-0.794545]]],"btipPosition":[-24.8533,283.221,-12.3387],"carpPosition":[10.008,313.584,54.7757],"dipPosition":[-22.5284,294.104,-26.9002],"direction":[-0.36132,-0.853979,0.374389],"extended":false,"handId":972,"id":9722,"length":65.348,"mcpPosition":[9.13192,344.946,-5.60016],"pipPosition":[-12.5081,317.787,-37.283],"stabilizedTipPosition":[-28.0214,253.368,68.9457],"timeVisible":37.5882,"tipPosition":[-24.2994,286.187,-16.6688],"tipVelocity":[4.07691,20.7254,-187.634],"tool":false,"touchDistance":0.333333,"touchZone":"none","type":2,"width":18.527},{"bases":[[[0.819774,-0.556515,-0.135137],[0.558426,0.724451,0.404142],[-0.127011,-0.406769,0.904659]],[[0.822042,-0.548673,-0.15233],[0.306418,0.651713,-0.693815],[0.479952,0.523668,0.703859]],[[0.822042,-0.548673,-0.15233],[-0.301849,-0.193041,-0.933607],[0.482839,0.813445,-0.324305]],[[0.822042,-0.548673,-0.15233],[-0.509713,-0.589764,-0.626395],[0.253848,0.592568,-0.764477]]],"btipPosition":[-10.0493,278.685,-11.6847],"carpPosition":[20.775,309.428,51.5589],"dipPosition":[-5.42384,289.482,-25.6147],"direction":[-0.482839,-0.813445,0.324305],"extended":false,"handId":972,"id":9723,"length":62.8339,"mcpPosition":[28.5341,334.277,-3.70644],"pipPosition":[7.62073,311.459,-34.3762],"stabilizedTipPosition":[-13.0837,241.48,87.0673],"timeVisible":37.5882,"tipPosition":[-8.7683,281.383,-14.3634],"tipVelocity":[0.779676,25.8935,-211.442],"tool":false,"touchDistance":0.333333,"touchZone":"none","type":3,"width":17.6296},{"bases":[[[0.695951,-0.711853,-0.0944304],[0.665703,0.590272,0.456529],[-0.269242,-0.380585,0.884683]],[[0.702991,-0.70128,-0.118365],[0.43791,0.557958,-0.704924],[0.560392,0.443722,0.699337]],[[0.702991,-0.70128,-0.118365],[-0.326055,-0.169887,-0.929961],[0.632054,0.692347,-0.348085]],[[0.702991,-0.70128,-0.118365],[-0.603182,-0.499729,-0.621645],[0.376797,0.508406,-0.774305]]],"btipPosition":[6.29318,283.262,-6.86156],"carpPosition":[28.7824,298.794,47.6275],"dipPosition":[12.6272,291.808,-19.8778],"direction":[-0.632054,-0.692347,0.348085],"extended":false,"handId":972,"id":9724,"length":49.2606,"mcpPosition":[44.0081,320.316,-2.40141],"pipPosition":[24.6835,305.014,-26.5174],"stabilizedTipPosition":[2.29996,243.964,92.6312],"timeVisible":37.5882,"tipPosition":[7.91281,285.421,-9.63306],"tipVelocity":[0.904069,32.1673,-212.655],"tool":false,"touchDistance":0.333333,"touchZone":"none","type":4,"width":15.66}],"r":[[0.986587,-0.119059,0.11167],[0.0763931,0.941337,0.328706],[-0.144254,-0.315767,0.