{"sensorType":"Leap","data":[[0,{"currentFrameRate":52.8804,"devices":[],"gestures":[],"hands":[{"armBasis":[[0.886511,-0.369117,-0.27902],[0.319861,0.924601,-0.206888],[0.334348,0.0941609,0.937734]],"armWidth":62.1429,"confidence":0.631455,"direction":[0.0503389,0.461971,-0.885465],"elbow":[96.6805,317.877,331.733],"grabStrength":0,"id":972,"palmNormal":[-0.369898,-0.814916,-0.446193],"palmPosition":[2.83688,316.58,37.2645],"palmVelocity":[37.5509,105.503,-182.113],"palmWidth":88.738,"pinchStrength":0.810806,"r":[[0.989688,-0.0689465,0.125555],[0.0489808,0.986592,0.15568],[-0.134605,-0.147924,0.979796]],"s":0.858801,"sphereCenter":[-9.87859,285.463,0.890444],"sphereRadius":45.0858,"stabilizedPalmPosition":[-7.04135,280.886,85.6762],"t":[-0.273638,-26.0158,-75.3062],"timeVisible":34.8531,"type":"right","wrist":[8.64093,293.082,84.8106]}],"id":4963499,"interactionBox":{"center":[0,200,0],"size":[235.247,235.247,147.751]},"pointables":[{"bases":[[[0.713977,0.678192,0.174048],[-0.600835,0.465823,0.64962],[0.359492,-0.568388,0.740068]],[[0.569188,0.819905,-0.061485],[-0.73896,0.542915,0.398975],[0.360503,-0.181657,0.914898]],[[0.569188,0.819905,-0.061485],[-0.814631,0.572493,0.0928898],[0.111361,-0.00278422,0.993776]],[[0.569188,0.819905,-0.061485],[-0.810276,0.546665,-0.21121],[-0.13956,0.170038,0.975505]]],"btipPosition":[-39.2833,297.743,-13.1728],"carpPosition":[-21.2157,292.688,86.6765],"dipPosition":[-42.4687,301.624,9.09251],"direction":[-0.11136,0.00278422,-0.993776],"extended":false,"handId":972,"id":9720,"length":50.8265,"mcpPosition":[-21.2157,292.688,86.6765],"pipPosition":[-38.7657,301.531,42.1373],"stabilizedTipPosition":[-44.4073,279.674,16.3297],"timeVisible":34.8531,"tipPosition":[-40.8508,300.019,-7.92984],"tipVelocity":[30.2978,121.205,-179.722],"tool":false,"touchDistance":-0.789969,"touchZone":"hovering","type":0,"width":19.7488},{"bases":[[[0.92299,-0.267458,-0.276688],[0.350061,0.882173,0.315005],[0.159836,-0.387604,0.907863]],[[0.929517,-0.285493,-0.233437],[0.317263,0.941756,0.111537],[0.187997,-0.177736,0.965954]],[[0.929517,-0.285493,-0.233437],[0.251045,0.95354,-0.166547],[0.270139,0.0962048,0.958003]],[[0.929517,-0.285493,-0.233437],[0.187999,0.911405,-0.366057],[0.317262,0.29637,0.900838]]],"btipPosition":[-37.3387,338.347,-58.28],"carpPosition":[-6.33953,310.296,84.9233],"dipPosition":[-32.0523,343.285,-43.2696],"direction":[-0.270139,-0.0962048,-0.958003],"extended":true,"handId":972,"id":9721,"length":57.352,"mcpPosition":[-17.8076,338.106,19.7852],"pipPosition":[-25.6845,345.553,-20.6874],"stabilizedTipPosition":[-37.1035,332.71,-48.5956],"timeVisible":34.8531,"tipPosition":[-36.1639,337.688,-54.2322],"tipVelocity":[27.39,190.25,-174.969],"tool":false,"touchDistance":-0.883118,"touchZone":"hovering","type":1,"width":18.8641},{"bases":[[[0.862807,-0.46381,-0.201108],[0.504488,0.815532,0.283548],[0.0324977,-0.346104,0.937633]],[[0.862634,-0.462075,-0.20579],[0.214828,0.702998,-0.67797],[0.457943,0.54063,0.705696]],[[0.862634,-0.462075,-0.20579],[-0.403351,-0.382866,-0.831097],[0.305239,0.799938,-0.516651]],[[0.862634,-0.462075,-0.20579],[-0.504714,-0.813272,-0.289572],[-0.0335593,0.35366,-0.934772]]],"btipPosition":[-26.4736,278.276,16.1266],"carpPosition":[5.11433,308.806,81.6378],"dipPosition":[-27.0887,284.757,-1.00482],"direction":[-0.305239,-0.799938,0.516652],"extended":false,"handId":972,"id":9722,"length":65.348,"mcpPosition":[2.90314,332.355,17.8401],"pipPosition":[-18.6236,306.942,-15.3329],"stabilizedTipPosition":[-30.6984,240.955,71.1247],"timeVisible":34.8531,"tipPosition":[-26.3132,279.546,13.7496],"tipVelocity":[20.7172,123.618,-200.944],"tool":false,"touchDistance":0.333333,"touchZone":"none","type":2,"width":18.527},{"bases":[[[0.817683,-0.569836,-0.0817346],[0.565621,0.768862,0.2982],[-0.107083,-0.290064,0.950997]],[[0.817636,-0.569964,-0.0813164],[0.357667,0.613531,-0.704027],[0.45116,0.546553,0.705503]],[[0.817636,-0.569964,-0.0813164],[-0.365126,-0.404136,-0.838664],[0.445145,0.715412,-0.538545]],[[0.817636,-0.569964,-0.0813164],[-0.566226,-0.770506,-0.292759],[0.104207,0.285414,-0.952722]]],"btipPosition":[-11.2242,273.645,21.811],"carpPosition":[15.8179,304.269,78.7389],"dipPosition":[-9.32543,278.846,4.45093],"direction":[-0.445145,-0.715412,0.538545],"extended":false,"handId":972,"id":9723,"length":62.8339,"mcpPosition":[22.3595,321.989,20.6428],"pipPosition":[2.70078,298.174,-10.0986],"stabilizedTipPosition":[-16.7901,226.305,96.492],"timeVisible":34.8531,"tipPosition":[-10.6599,274.701,19.41],"tipVelocity":[20.8591,116,-207.403],"tool":false,"touchDistance":0.333333,"touchZone":"none","type":3,"width":17.6296},{"bases":[[[0.695021,-0.718731,-0.0192579],[0.674218,0.642205,0.364696],[-0.249751,-0.266456,0.930927]],[[0.650969,-0.749996,0.117239],[0.590598,0.403362,-0.698923],[0.4769,0.524218,0.705522]],[[0.650969,-0.749996,0.117239],[-0.340202,-0.426304,-0.838169],[0.678603,0.505737,-0.532661]],[[0.650969,-0.749996,0.117239],[-0.690495,-0.649191,-0.319012],[0.315368,0.126714,-0.940472]]],"btipPosition":[3.19084,278.433,24.9983],"carpPosition":[23.7584,293.219,76.0018],"dipPosition":[8.49224,280.563,9.18883],"direction":[-0.678603,-0.505737,0.532661],"extended":false,"handId":972,"id":9724,"length":49.2606,"mcpPosition":[37.8819,308.287,23.3578],"pipPosition":[21.4364,290.21,-0.971523],"stabilizedTipPosition":[-5.09601,227.309,106.343],"timeVisible":34.8531,"tipPosition":[4.20842,279.025,22.6128],"tipVelocity":[24.3948,109.995,-200.832],"tool":false,"touchDistance":0.333333,"touchZone":"none","type":4,"width":15.66}],"r":[[0.989688,-0.0689465,0.125555],[0.0489808,0.986592,0.15568],[-0.134605,-0.147924,0.979796]],"s":0.858801,"t":[-0.273638,-26.0158,-75.3062],"timestamp":669362395478},false],[1,{"currentFrameRate":53.0421,"devices":[],"gestures":[],"hands":[{"armBasis":[[0.88295,-0.377906,-0.278544],[0.327463,0.920911,-0.211402],[0.336404,0.0954444,0.936869]],"armWidth":62.1429,"confidence":0.578638,"direction":[0.0468978,0.464104,-0.884538],"elbow":[97.8204,319.776,328.993],"grabStrength":0,"id":972,"palmNormal":[-0.383535,-0.809273,-0.444948],"palmPosition":[3.23653,318.352,34.8823],"palmVelocity":[30.0441,101.433,-157.343],"palmWidth":88.738,"pinchStrength":0.818264,"r":[[0.989515,-0.0788124,0.121036],[0.0586054,0.985005,0.162264],[-0.132009,-0.15347,0.979296]],"s":0.859222,"sphereCenter":[-10.5171,287.727,-1.41885],"sphereRadius":45.0172,"stabilizedPalmPosition":[-6.50769,282.831,83.0388],"t":[0.285032,-24.1321,-78.2291],"timeVisible":34.8714,"type":"right","wrist":[9.23931,294.643,82.2986]}],"id":4963500,"interactionBox":{"center":[0,200,0],"size":[235.247,235.247,147.751]},"pointables":[{"bases":[[[0.72334,0.669487,0.169017],[-0.58907,0.470616,0.6569],[0.360244,-0.574725,0.73479]],[[0.577587,0.813735,-0.0650286],[-0.728864,0.549937,0.407832],[0.367629,-0.188162,0.910738]],[[0.577587,0.813735,-0.0650286],[-0.807594,0.581213,0.099915],[0.1191,-0.00519287,0.992869]],[[0.577587,0.813735,-0.0650286],[-0.805681,0.555417,-0.205891],[-0.131423,0.171312,0.976412]]],"btipPosition":[-39.4577,300.006,-15.1796],"carpPosition":[-20.6001,294.583,84.4577],"dipPosition":[-42.4573,303.916,7.10642],"direction":[-0.1191,0.00519287,-0.992869],"extended":false,"handId":972,"id":9720,"length":50.8265,"mcpPosition":[-20.6001,294.583,84.4577],"pipPosition":[-38.497,303.743,40.121],"stabilizedTipPosition":[-43.99,281.754,13.7452],"timeVisible":34.8714,"tipPosition":[-40.9594,302.264,-9.92914],"tipVelocity":[12.3398,122.636,-146.133],"tool":false,"touchDistance":-0.769336,"touchZone":"hovering","type":0,"width":19.7488},{"bases":[[[0.917115,-0.277082,-0.286574],[0.363177,0.877157,0.314163],[0.164322,-0.392201,0.905084]],[[0.923662,-0.294701,-0.244949],[0.329104,0.937498,0.113082],[0.196314,-0.185063,0.962919]],[[0.923662,-0.294701,-0.244949],[0.261775,0.952055,-0.15832],[0.279862,0.0821129,0.956522]],[[0.923662,-0.294701,-0.244949],[0.197888,0.914196,-0.353676],[0.32816,0.278205,0.902726]]],"btipPosition":[-37.6223,341.349,-60.2629],"carpPosition":[-5.54205,312.026,82.6103],"dipPosition":[-32.1542,345.984,-45.2211],"direction":[-0.279862,-0.0821129,-0.956522],"extended":true,"handId":972,"id":9721,"length":57.352,"mcpPosition":[-17.3319,340.166,17.6717],"pipPosition":[-25.5573,347.92,-22.6737],"stabilizedTipPosition":[-36.8382,336.195,-51.5433],"timeVisible":34.8714,"tipPosition":[-36.4134,340.647,-56.2493],"tipVelocity":[7.93784,175.99,-142.965],"tool":false,"touchDistance":-0.852775,"touchZone":"hovering","type":1,"width":18.8641},{"bases":[[[0.855444,-0.472969,-0.21099],[0.516518,0.808861,0.280986],[0.0377635,-0.349348,0.936232]],[[0.85526,-0.471351,-0.21531],[0.217896,0.704093,-0.67585],[0.470161,0.531113,0.704888]],[[0.85526,-0.471351,-0.21531],[-0.414519,-0.372951,-0.830109],[0.310973,0.79921,-0.514354]],[[0.85526,-0.471351,-0.21531],[-0.516878,-0.805609,-0.289537],[-0.0369825,0.358918,-0.932636]]],"btipPosition":[-26.7556,280.478,13.7269],"carpPosition":[5.86123,310.416,79.2076],"dipPosition":[-27.4334,287.055,-3.36543],"direction":[-0.310973,-0.79921,0.514354],"extended":false,"handId":972,"id":9722,"length":65.348,"mcpPosition":[3.29175,334.186,15.5052],"pipPosition":[-18.8093,309.22,-17.6298],"stabilizedTipPosition":[-30.4475,243.675,67.0604],"timeVisible":34.8714,"tipPosition":[-26.6037,281.764,11.3254],"tipVelocity":[3.02806,122.709,-167.38],"tool":false,"touchDistance":0.333333,"touchZone":"none","type":2,"width":18.527},{"bases":[[[0.810289,-0.578844,-0.0914933],[0.577256,0.761454,0.294896],[-0.101031,-0.291766,0.951139]],[[0.810181,-0.579154,-0.0904812],[0.3597,0.613076,-0.703387],[0.462842,0.537325,0.705024]],[[0.810181,-0.579154,-0.0904812],[-0.375881,-0.394848,-0.838337],[0.4498,0.713215,-0.537591]],[[0.810181,-0.579154,-0.0904812],[-0.577536,-0.762257,-0.292261],[0.100294,0.28904,-0.952049]]],"btipPosition":[-11.492,275.642,19.236],"carpPosition":[16.4833,305.767,76.1898],"dipPosition":[-9.66444,280.909,1.88821],"direction":[-0.4498,-0.713215,0.537591],"extended":false,"handId":972,"id":9723,"length":62.8339,"mcpPosition":[22.6553,323.591,18.085],"pipPosition":[2.48752,300.177,-12.6356],"stabilizedTipPosition":[-16.5575,228.361,93.1872],"timeVisible":34.8714,"tipPosition":[-10.9308,276.709,16.8074],"tipVelocity":[3.42538,113.182,-175.501],"tool":false,"touchDistance":0.333333,"touchZone":"none","type":3,"width":17.6296},{"bases":[[[0.686558,-0.726526,-0.0282535],[0.685049,0.633365,0.35994],[-0.243611,-0.266475,0.932548]],[[0.643225,-0.757835,0.10931],[0.591447,0.401104,-0.699504],[0.486264,0.51459,0.706219]],[[0.643225,-0.757835,0.10931],[-0.348627,-0.416978,-0.839398],[0.681705,0.501813,-0.532412]],[[0.643225,-0.757835,0.10931],[-0.699469,-0.639658,-0.318716],[0.311455,0.128547,-0.941526]]],"btipPosition":[3.03897,280.226,22.2355],"carpPosition":[24.2701,294.635,73.3415],"dipPosition":[8.2746,282.387,6.40822],"direction":[-0.681705,-0.501813,0.532412],"extended":false,"handId":972,"id":9724,"length":49.2606,"mcpPosition":[38.0463,309.704,20.6059],"pipPosition":[21.2779,291.959,-3.74739],"stabilizedTipPosition":[-4.80126,228.995,103.574],"timeVisible":34.8714,"tipPosition":[4.06447,280.821,19.8557],"tipVelocity":[8.33732,104.511,-177.182],"tool":false,"touchDistance":0.333333,"touchZone":"none","type":4,"width":15.66}],"r":[[0.989515,-0.0788124,0.121036],[0.0586054,0.985005,0.162264],[-0.132009,-0.15347,0.979296]],"s":0.859222,"t":[0.285032,-24.1321,-78.2291],"timestamp":669362413749},false],[2,{"currentFrameRate":52.8907,"devices":[],"gestures":[],"hands":[{"armBasis":[[0.886687,-0.385123,-0.255863],[0.337161,0.917225,-0.21218],[0.316399,0.10187,0.94314]],"armWidth":62.1429,"confidence":0.589453,"direction":[0.0389613,0.473032,-0.880183],"elbow":[93.8679,322.851,325.165],"grabStrength":0,"id":972,"palmNormal":[-0.403956,-0.798209,-0.446858],"palmPosition":[4.10996,320.348,29.7727],"palmVelocity":[37.4779,102.025,-210.044],"palmWidth":88.738,"pinchStrength":0.826486,"r":[[0.989422,-0.090043,0.113739],[0.0699905,0.983059,0.1694],[-0.127066,-0.159648,0.978962]],"s":0.859477,"sphereCenter":[-11.0941,290.612,-6.5476],"sphereRadius":44.94,"stabilizedPalmPosition":[-6.08933,284.309,80.9401],"t":[1.00108,-22.1923,-82.2453],"timeVisible":34.8909,"type":"right","wrist":[10.5544,296.027,76.8196]}],"id":4963501,"interactionBox":{"center":[0,200,0],"size":[235.247,235.247,147.751]},"pointables":[{"bases":[[[0.736682,0.656164,0.163552],[-0.570091,0.472523,0.6721],[0.363726,-0.588364,0.722172]],[[0.588966,0.805403,-0.0666677],[-0.712755,0.55655,0.426887],[0.38092,-0.203904,0.901844]],[[0.588966,0.805403,-0.0666677],[-0.797122,0.592529,0.116216],[0.133103,-0.0153051,0.990984]],[[0.588966,0.805403,-0.0666677],[-0.799581,0.568742,-0.192882],[-0.117431,0.166907,0.978955]]],"btipPosition":[-39.5301,303.036,-19.7014],"carpPosition":[-19.2404,296.411,79.4983],"dipPosition":[-42.2104,306.846,2.64266],"direction":[-0.133103,0.0153051,-0.990984],"extended":false,"handId":972,"id":9720,"length":50.8265,"mcpPosition":[-19.2404,296.411,79.4983],"pipPosition":[-37.7844,306.337,35.5946],"stabilizedTipPosition":[-43.6409,283.766,11.1744],"timeVisible":34.8909,"tipPosition":[-40.9411,305.248,-14.4248],"tipVelocity":[6.19306,138.641,-188.981],"tool":false,"touchDistance":-0.788363,"touchZone":"hovering","type":0,"width":19.7488},{"bases":[[[0.907516,-0.288247,-0.305498],[0.38242,0.867841,0.317186],[0.173696,-0.404679,0.897811]],[[0.914296,-0.305825,-0.265581],[0.346053,0.930536,0.119792],[0.210497,-0.20143,0.956617]],[[0.914296,-0.305825,-0.265581],[0.275844,0.95026,-0.144625],[0.296601,0.0589712,0.953179]],[[0.914296,-0.305825,-0.265581],[0.209609,0.918299,-0.335843],[0.346592,0.251392,0.903701]]],"btipPosition":[-37.9906,345.531,-64.4489],"carpPosition":[-3.94177,313.635,77.576],"dipPosition":[-32.2154,349.72,-49.3908],"direction":[-0.296601,-0.0589712,-0.953179],"extended":true,"handId":972,"id":9721,"length":57.352,"mcpPosition":[-16.4042,342.67,13.1591],"pipPosition":[-25.2239,351.11,-26.9223],"stabilizedTipPosition":[-36.7738,339.961,-54.996],"timeVisible":34.8909,"tipPosition":[-36.7295,344.738,-60.4833],"tipVelocity":[-3.68939,192.865,-179.008],"tool":false,"touchDistance":-0.858564,"touchZone":"hovering","type":1,"width":18.8641},{"bases":[[[0.844059,-0.483965,-0.230958],[0.534062,0.79752,0.280605],[0.0483904,-0.360194,0.931622]],[[0.843844,-0.482412,-0.234961],[0.218833,0.709202,-0.670183],[0.489939,0.514112,0.704023]],[[0.843844,-0.482412,-0.234961],[-0.433543,-0.354942,-0.828285],[0.316177,0.800809,-0.508662]],[[0.843844,-0.482412,-0.234961],[-0.534622,-0.793326,-0.291228],[-0.0459088,0.371366,-0.927351]]],"btipPosition":[-26.8764,283.21,8.57657],"carpPosition":[7.37402,311.884,73.9576],"dipPosition":[-27.7177,290.016,-8.4189],"direction":[-0.316177,-0.800809,0.508662],"extended":false,"handId":972,"id":9722,"length":65.348,"mcpPosition":[4.08148,336.392,10.5689],"pipPosition":[-18.9493,312.225,-22.5254],"stabilizedTipPosition":[-30.2538,246.032,63.4825],"timeVisible":34.8909,"tipPosition":[-26.7472,284.531,6.15677],"tipVelocity":[-2.55941,132.948,-215.535],"tool":false,"touchDistance":0.333333,"touchZone":"none","type":2,"width":18.527},{"bases":[[[0.799303,-0.59043,-0.111836],[0.594272,0.749017,0.292943],[-0.0891947,-0.300611,0.949567]],[[0.79919,-0.590808,-0.11064],[0.3571,0.614749,-0.703252],[0.483502,0.522522,0.702279]],[[0.79919,-0.590808,-0.11064],[-0.396578,-0.379957,-0.835679],[0.451687,0.711743,-0.537959]],[[0.79919,-0.590808,-0.11064],[-0.594531,-0.749883,-0.290189],[0.0884789,0.297695,-0.950552]]],"btipPosition":[-11.567,278.045,13.9497],"carpPosition":[17.8673,307.102,70.7051],"dipPosition":[-9.95479,283.469,-3.37087],"direction":[-0.451687,-0.711743,0.537959],"extended":false,"handId":972,"id":9723,"length":62.8339,"mcpPosition":[23.3162,325.466,12.6964],"pipPosition":[2.24816,302.698,-17.9046],"stabilizedTipPosition":[-16.3788,230.059,90.4137],"timeVisible":34.8909,"tipPosition":[-11.0321,279.134,11.4856],"tipVelocity":[-1.49269,119.294,-223.503],"tool":false,"touchDistance":0.333333,"touchZone":"none","type":3,"width":17.6296},{"bases":[[[0.674356,-0.736842,-0.0480377],[0.701128,0.618544,0.354715],[-0.231656,-0.272885,0.93374]],[[0.632487,-0.769192,0.0911297],[0.590071,0.402269,-0.699997],[0.501773,0.496512,0.708308]],[[0.632487,-0.769192,0.0911297],[-0.362893,-0.398208,-0.84246],[0.684302,0.499775,-0.530995]],[[0.632487,-0.769192,0.0911297],[-0.712709,-0.624004,-0.320413],[0.303324,0.137708,-0.942884]]],"btipPosition":[3.07126,282.344,16.3522],"carpPosition":[25.4261,295.882,67.6019],"dipPosition":[8.1702,284.659,0.502126],"direction":[-0.684302,-0.499775,0.530995],"extended":false,"handId":972,"id":9724,"length":49.2606,"mcpPosition":[38.5262,311.314,14.7989],"pipPosition":[21.2231,294.192,-9.62646],"stabilizedTipPosition":[-4.59158,230.244,101.467],"timeVisible":34.8909,"tipPosition":[4.10565,282.963,13.992],"tipVelocity":[4.18786,107.602,-239.992],"tool":false,"touchDistance":0.333333,"touchZone":"none","type":4,"width":15.66}],"r":[[0.989422,-0.090043,0.113739],[0.0699905,0.983059,0.1694],[-0.127066,-0.159648,0.978962]],"s":0.859477,"t":[1.00108,-22.1923,-82.2453],"timestamp":669362433201},false],[3,{"currentFrameRate":53.0101,"devices":[],"gestures":[],"hands":[{"armBasis":[[0.888621,-0.378954,-0.258355],[0.333811,0.920678,-0.202294],[0.314521,0.0935207,0.944632]],"armWidth":62.1429,"confidence":0.595115,"direction":[0.0342105,0.486689,-0.872905],"elbow":[93.9104,321.29,321.818],"grabStrength":0,"id":972,"palmNormal":[-0.40441,-0.791974,-0.457415],"palmPosition":[4.39493,321.699,26.4444],"palmVelocity":[26.868,88.1809,-195.832],"palmWidth":88.738,"pinchStrength":0.835219,"r":[[0.989357,-0.0989468,0.106691],[0.0788996,0.980859,0.178019],[-0.122263,-0.167707,0.978226]],"s":0.859585,"sphereCenter":[-11.2583,292.811,-10.174],"sphereRadius":44.8352,"stabilizedPalmPosition":[-5.81485,285.288,79.5133],"t":[1.50159,-20.5468,-85.9176],"timeVisible":34.9093,"type":"right","wrist":[11.0914,296.665,73.08]}],"id":4963502,"interactionBox":{"center":[0,200,0],"size":[235.247,235.247,147.751]},"pointables":[{"bases":[[[0.736157,0.654984,0.170494],[-0.568025,0.46094,0.681823],[0.367995,-0.598774,0.711372]],[[0.586924,0.807631,-0.0570273],[-0.712029,0.548409,0.438478],[0.385403,-0.216748,0.896931]],[[0.586924,0.807631,-0.0570273],[-0.79861,0.589076,0.123336],[0.133203,-0.0268461,0.990725]],[[0.586924,0.807631,-0.0570273],[-0.80059,0.568417,-0.189628],[-0.120734,0.156952,0.980199]]],"btipPosition":[-39.1278,304.811,-23.0861],"carpPosition":[-18.6921,296.949,75.8942],"dipPosition":[-41.8835,308.393,-0.713662],"direction":[-0.133203,0.0268461,-0.990725],"extended":false,"handId":972,"id":9720,"length":50.8265,"mcpPosition":[-18.6921,296.949,75.8942],"pipPosition":[-37.4543,307.5,32.2297],"stabilizedTipPosition":[-43.3762,285.259,9.18769],"timeVisible":34.9093,"tipPosition":[-40.5883,306.94,-17.79],"tipVelocity":[13.2696,116.848,-186.224],"tool":false,"touchDistance":-0.788532,"touchZone":"hovering","type":0,"width":19.7488},{"bases":[[[0.906707,-0.281711,-0.313881],[0.382176,0.863565,0.328933],[0.178393,-0.418204,0.890664]],[[0.913528,-0.299399,-0.275367],[0.345169,0.928736,0.135306],[0.215233,-0.218654,0.95177]],[[0.913528,-0.299399,-0.275367],[0.275199,0.953404,-0.12364],[0.299554,0.0371681,0.953355]],[[0.913528,-0.299399,-0.275367],[0.209608,0.926629,-0.312126],[0.348614,0.227417,0.909258]]],"btipPosition":[-38.1219,348.732,-67.2332],"carpPosition":[-3.4344,314.23,74.1725],"dipPosition":[-32.3131,352.521,-52.0825],"direction":[-0.299554,-0.0371681,-0.953355],"extended":true,"handId":972,"id":9721,"length":57.352,"mcpPosition":[-16.2339,344.236,10.2685],"pipPosition":[-25.2519,353.397,-29.6098],"stabilizedTipPosition":[-36.778,343.291,-58.0187],"timeVisible":34.9093,"tipPosition":[-36.8549,347.853,-63.3033],"tipVelocity":[-5.14268,181.201,-164.975],"tool":false,"touchDistance":-0.842486,"touchZone":"hovering","type":1,"width":18.8641},{"bases":[[[0.843947,-0.478683,-0.242109],[0.533787,0.794115,0.290607],[0.0531537,-0.374491,0.925706]],[[0.843722,-0.477145,-0.245899],[0.215446,0.7206,-0.659028],[0.491647,0.503059,0.710785]],[[0.843722,-0.477145,-0.245899],[-0.435777,-0.341385,-0.832799],[0.31342,0.809808,-0.495962]],[[0.843722,-0.477145,-0.245899],[-0.534483,-0.789115,-0.302697],[-0.0496121,0.386821,-0.920819]]],"btipPosition":[-26.6417,284.844,4.70989],"carpPosition":[7.86869,312.558,70.4782],"dipPosition":[-27.551,291.933,-12.1659],"direction":[-0.31342,-0.809808,0.495962],"extended":false,"handId":972,"id":9722,"length":65.348,"mcpPosition":[4.25204,338.038,7.49199],"pipPosition":[-18.859,314.391,-25.9202],"stabilizedTipPosition":[-30.1147,247.685,60.9215],"timeVisible":34.9093,"tipPosition":[-26.5274,286.214,2.28037],"tipVelocity":[4.39851,113.286,-212.032],"tool":false,"touchDistance":0.333333,"touchZone":"none","type":2,"width":18.527},{"bases":[[[0.799913,-0.587068,-0.124458],[0.594142,0.745543,0.301928],[-0.0844631,-0.315462,0.945172]],[[0.799763,-0.587624,-0.122788],[0.353963,0.626794,-0.694146],[0.48486,0.51169,0.709284]],[[0.799763,-0.587624,-0.122788],[-0.398473,-0.366655,-0.840704],[0.448997,0.721292,-0.52739]],[[0.799763,-0.587624,-0.122788],[-0.594276,-0.746035,-0.300447],[0.0849459,0.313256,-0.945862]]],"btipPosition":[-11.2889,279.628,9.94305],"carpPosition":[18.3566,307.847,67.1062],"dipPosition":[-9.74106,285.336,-7.29205],"direction":[-0.448997,-0.721292,0.52739],"extended":false,"handId":972,"id":9723,"length":62.8339,"mcpPosition":[23.5164,327.119,9.36599],"pipPosition":[2.38923,304.823,-21.5402],"stabilizedTipPosition":[-16.2522,231.242,88.4502],"timeVisible":34.9093,"tipPosition":[-10.7637,280.762,7.46678],"tipVelocity":[6.10921,104.894,-220.025],"tool":false,"touchDistance":0.333333,"touchZone":"none","type":3,"width":17.6296},{"bases":[[[0.675523,-0.734695,-0.0623934],[0.701513,0.614338,0.361204],[-0.227044,-0.287771,0.930397]],[[0.63432,-0.769281,0.0764525],[0.586146,0.414107,-0.696382],[0.504054,0.486542,0.713587]],[[0.63432,-0.769281,0.0764525],[-0.365823,-0.385815,-0.846947],[0.681037,0.509268,-0.526151]],[[0.63432,-0.769281,0.0764525],[-0.712877,-0.620321,-0.327121],[0.299073,0.152998,-0.941885]]],"btipPosition":[3.36222,283.901,12.4446],"carpPosition":[25.9228,296.692,63.7966],"dipPosition":[8.3897,286.473,-3.38867],"direction":[-0.681037,-0.509268,0.526151],"extended":false,"handId":972,"id":9724,"length":49.2606,"mcpPosition":[38.7621,312.965,11.1825],"pipPosition":[21.3803,296.187,-13.4249],"stabilizedTipPosition":[-4.44882,231.094,100.015],"timeVisible":34.9093,"tipPosition":[4.38974,284.559,10.0722],"tipVelocity":[9.34584,97.9972,-226.392],"tool":false,"touchDistance":0.333333,"touchZone":"none","type":4,"width":15.66}],"r":[[0.989357,-0.0989468,0.106691],[0.0788996,0.980859,0.178019],[-0.122263,-0.167707,0.978226]],"s":0.859585,"t":[1.50159,-20.5468,-85.9176],"timestamp":669362451635},false],[4,{"currentFrameRate":53.0492,"devices":[],"gestures":[],"hands":[{"armBasis":[[0.890576,-0.384689,-0.24267],[0.337456,0.916567,-0.214543],[0.304955,0.109177,0.946088]],"armWidth":62.1429,"confidence":0.563398,"direction":[0.0346596,0.481379,-0.875827],"elbow":[91.5271,326.217,319.523],"grabStrength":0,"id":972,"palmNormal":[-0.410639,-0.7921,-0.451611],"palmPosition":[4.54874,322.273,23.64],"palmVelocity":[17.788,60.1642,-173.462],"palmWidth":88.738,"pinchStrength":0.843905,"r":[[0.989151,-0.10712,0.100531],[0.0873653,0.979099,0.183665],[-0.118104,-0.172889,0.977835]],"s":0.859825,"sphereCenter":[-11.7396,293.611,-12.6727],"sphereRadius":44.7414,"stabilizedPalmPosition":[-5.64766,285.885,78.612],"t":[1.82875,-19.4374,-89.1559],"timeVisible":34.928,"type":"right","wrist":[11.227,297.469,70.4013]}],"id":4963503,"interactionBox":{"center":[0,200,0],"size":[235.247,235.247,147.751]},"pointables":[{"bases":[[[0.74069,0.651388,0.164535],[-0.563162,0.468413,0.680762],[0.36637,-0.596894,0.713786]],[[0.591419,0.803833,-0.0638419],[-0.707209,0.555104,0.437853],[0.3874,-0.213805,0.896777]],[[0.591419,0.803833,-0.0638419],[-0.795565,0.594581,0.116404],[0.131529,-0.0180535,0.991148]],[[0.591419,0.803833,-0.0638419],[-0.796657,0.570218,-0.200473],[-0.124743,0.169423,0.977617]]],"btipPosition":[-38.9316,305.096,-25.6279],"carpPosition":[-18.5458,297.954,73.3],"dipPosition":[-41.7788,308.963,-3.31438],"direction":[-0.131529,0.0180535,-0.991148],"extended":false,"handId":972,"id":9720,"length":50.8265,"mcpPosition":[-18.5458,297.954,73.3],"pipPosition":[-37.4052,308.362,29.643],"stabilizedTipPosition":[-43.2128,286.152,7.90801],"timeVisible":34.928,"tipPosition":[-40.4253,307.271,-20.3677],"tipVelocity":[11.3678,69.0695,-162.049],"tool":false,"touchDistance":-0.776343,"touchZone":"hovering","type":0,"width":19.7488},{"bases":[[[0.904024,-0.289149,-0.314856],[0.388471,0.863079,0.322778],[0.178414,-0.414111,0.892569]],[[0.910715,-0.306274,-0.277118],[0.351929,0.926604,0.13248],[0.216204,-0.218177,0.951659]],[[0.910715,-0.306274,-0.277118],[0.283328,0.951434,-0.120411],[0.300538,0.0311449,0.953261]],[[0.910715,-0.306274,-0.277118],[0.218919,0.92687,-0.304937],[0.350247,0.217044,0.911164]]],"btipPosition":[-37.9668,349.633,-70.134],"carpPosition":[-3.18665,315.13,71.4333],"dipPosition":[-32.1307,353.249,-54.9516],"direction":[-0.300538,-0.0311449,-0.953261],"extended":true,"handId":972,"id":9721,"length":57.352,"mcpPosition":[-15.9877,344.842,7.39254],"pipPosition":[-25.0464,353.983,-32.4811],"stabilizedTipPosition":[-36.7353,345.285,-60.4158],"timeVisible":34.928,"tipPosition":[-36.7286,348.71,-66.2123],"tipVelocity":[1.56089,115.387,-159.948],"tool":false,"touchDistance":-0.829974,"touchZone":"hovering","type":1,"width":18.8641},{"bases":[[[0.840257,-0.485307,-0.241753],[0.539537,0.792468,0.284419],[0.0535511,-0.36942,0.927718]],[[0.840041,-0.483854,-0.245391],[0.21873,0.715979,-0.662972],[0.496477,0.503249,0.707284]],[[0.840041,-0.483854,-0.245391],[-0.43969,-0.342222,-0.830396],[0.317812,0.805462,-0.500226]],[[0.840041,-0.483854,-0.245391],[-0.540306,-0.786989,-0.297854],[-0.0490025,0.382796,-0.922532]]],"btipPosition":[-26.8025,285.492,2.12506],"carpPosition":[8.09499,313.366,67.7161],"dipPosition":[-27.7006,292.508,-14.7821],"direction":[-0.317812,-0.805462,0.500226],"extended":false,"handId":972,"id":9722,"length":65.348,"mcpPosition":[4.45131,338.502,4.59297],"pipPosition":[-18.8868,314.845,-28.6547],"stabilizedTipPosition":[-30.0311,248.745,59.2354],"timeVisible":34.928,"tipPosition":[-26.6891,286.859,-0.34172],"tipVelocity":[-1.86018,74.5643,-176.246],"tool":false,"touchDistance":0.333333,"touchZone":"none","type":2,"width":18.527},{"bases":[[[0.7959,-0.592731,-0.123345],[0.599623,0.74359,0.295849],[-0.0836404,-0.309426,0.947238]],[[0.795735,-0.593332,-0.1215],[0.355915,0.620435,-0.698845],[0.49003,0.512852,0.704878]],[[0.795735,-0.593332,-0.1215],[-0.403028,-0.369015,-0.837494],[0.452077,0.715392,-0.532767]],[[0.795735,-0.593332,-0.1215],[-0.599733,-0.743991,-0.294615],[0.0844095,0.307303,-0.947861]]],"btipPosition":[-11.4508,280.2,7.42564],"carpPosition":[18.5436,308.571,64.3413],"dipPosition":[-9.91275,285.8,-9.84587],"direction":[-0.452077,-0.715392,0.532767],"extended":false,"handId":972,"id":9723,"length":62.8339,"mcpPosition":[23.6532,327.474,6.47488],"pipPosition":[2.30073,305.127,-24.2393],"stabilizedTipPosition":[-16.1744,232,87.1686],"timeVisible":34.928,"tipPosition":[-10.9245,281.32,4.92256],"tipVelocity":[-1.13789,68.0661,-178.622],"tool":false,"touchDistance":0.333333,"touchZone":"none","type":3,"width":17.6296},{"bases":[[[0.670781,-0.73922,-0.0600594],[0.706354,0.612068,0.355579],[-0.22609,-0.280939,0.932715]],[[0.629705,-0.772776,0.0792988],[0.58766,0.40711,-0.699226],[0.508062,0.486907,0.710489]],[[0.629705,-0.772776,0.0792988],[-0.369011,-0.387387,-0.844845],[0.683595,0.502741,-0.529102]],[[0.629705,-0.772776,0.0792988],[-0.717051,-0.617478,-0.323356],[0.298847,0.146758,-0.942949]]],"btipPosition":[3.23326,284.39,9.77295],"carpPosition":[26.031,297.35,61.075],"dipPosition":[8.25694,286.857,-6.0782],"direction":[-0.683595,-0.502741,0.529102],"extended":false,"handId":972,"id":9724,"length":49.2606,"mcpPosition":[38.8164,313.237,8.32986],"pipPosition":[21.2963,296.446,-16.1707],"stabilizedTipPosition":[-4.36283,231.618,99.1015],"timeVisible":34.928,"tipPosition":[4.27067,285.032,7.37722],"tipVelocity":[1.41607,62.3657,-185.792],"tool":false,"touchDistance":0.333333,"touchZone":"none","type":4,"width":15.66}],"r":[[0.989151,-0.10712,0.100531],[0.0873653,0.979099,0.183665],[-0.118104,-0.172889,0.977835]],"s":0.859825,"t":[1.82875,-19.4374,-89.1559],"timestamp":669362470345},false],[5,{"currentFrameRate":53.0506,"devices":[],"gestures":[],"hands":[{"armBasis":[[0.883271,-0.398892,-0.246409],[0.354227,0.912036,-0.206671],[0.307174,0.0952617,0.946874]],"armWidth":62.1429,"confidence":0.51933,"direction":[0.0313392,0.474924,-0.879468],"elbow":[92.33,323.713,317.158],"grabStrength":0,"id":972,"palmNormal":[-0.429087,-0.788301,-0.440983],"palmPosition":[4.57759,323.227,20.987],"palmVelocity":[9.83191,55.5047,-157.466],"palmWidth":88.738,"pinchStrength":0.854527,"r":[[0.988781,-0.116708,0.0932245],[0.0977929,0.977562,0.186574],[-0.112907,-0.175364,0.978008]],"s":0.860404,"sphereCenter":[-13.1508,295.112,-14.7468],"sphereRadius":44.5868,"stabilizedPalmPosition":[-5.54375,286.264,78.0264],"t":[2.00675,-18.4055,-92.1016],"timeVisible":34.9469,"type":"right","wrist":[11.4458,298.629,67.8295]}],"id":4963504,"interactionBox":{"center":[0,200,0],"size":[235.247,235.247,147.751]},"pointables":[{"bases":[[[0.753154,0.640337,0.150753],[-0.54684,0.482019,0.684561],[0.365684,-0.598018,0.713197]],[[0.603564,0.79362,-0.0766732],[-0.692544,0.569475,0.442811],[0.395087,-0.214165,0.893331]],[[0.603564,0.79362,-0.0766732],[-0.785444,0.608354,0.113941],[0.13707,-0.00854802,0.990524]],[[0.603564,0.79362,-0.0766732],[-0.788297,0.57955,-0.206663],[-0.119576,0.185176,0.975403]]],"btipPosition":[-39.3383,306.101,-27.5902],"carpPosition":[-18.2761,299.617,71.0987],"dipPosition":[-42.0676,310.327,-5.32726],"direction":[-0.13707,0.00854802,-0.990524],"extended":false,"handId":972,"id":9720,"length":50.8265,"mcpPosition":[-18.2761,299.617,71.0987],"pipPosition":[-37.5097,310.043,27.6094],"stabilizedTipPosition":[-43.1165,286.773,7.00627],"timeVisible":34.9469,"tipPosition":[-40.8464,308.346,-22.3484],"tipVelocity":[-4.05296,63.5236,-134.006],"tool":false,"touchDistance":-0.756651,"touchZone":"hovering","type":0,"width":19.7488},{"bases":[[[0.895166,-0.305895,-0.324201],[0.406439,0.858773,0.311955],[0.18299,-0.41102,0.893072]],[[0.901867,-0.322356,-0.287616],[0.369255,0.920764,0.125879],[0.224248,-0.219729,0.949438]],[[0.901867,-0.322356,-0.287616],[0.300139,0.946374,-0.11955],[0.31073,0.0214938,0.950255]],[[0.901867,-0.322356,-0.287616],[0.235203,0.924813,-0.299001],[0.362375,0.202011,0.909877]]],"btipPosition":[-38.5539,351.353,-72.4964],"carpPosition":[-2.66603,316.529,68.9215],"dipPosition":[-32.5157,354.719,-57.3354],"direction":[-0.31073,-0.0214938,-0.950255],"extended":true,"handId":972,"id":9721,"length":57.352,"mcpPosition":[-15.7953,346.019,4.84475],"pipPosition":[-25.1911,355.225,-34.9358],"stabilizedTipPosition":[-36.8334,346.846,-62.3766],"timeVisible":34.9469,"tipPosition":[-37.3146,350.359,-68.5931],"tipVelocity":[-13.2414,102.087,-143.149],"tool":false,"touchDistance":-0.81082,"touchZone":"hovering","type":1,"width":18.8641},{"bases":[[[0.829166,-0.5005,-0.248962],[0.555845,0.785462,0.272186],[0.0593213,-0.364072,0.92948]],[[0.828937,-0.499123,-0.252469],[0.222537,0.708396,-0.669815],[0.513168,0.499051,0.698289]],[[0.828937,-0.499123,-0.252469],[-0.455105,-0.339436,-0.823203],[0.325182,0.797283,-0.508524]],[[0.828937,-0.499123,-0.252469],[-0.55676,-0.779599,-0.286781],[-0.0536861,0.378288,-0.92413]]],"btipPosition":[-27.6557,286.826,0.0464633],"carpPosition":[8.5376,314.557,65.0751],"dipPosition":[-28.6396,293.759,-16.89],"direction":[-0.325182,-0.797283,0.508524],"extended":false,"handId":972,"id":9722,"length":65.348,"mcpPosition":[4.5013,339.329,1.8321],"pipPosition":[-19.6214,315.87,-30.9927],"stabilizedTipPosition":[-29.985,249.597,57.8799],"timeVisible":34.9469,"tipPosition":[-27.5543,288.184,-2.45847],"tipVelocity":[-23.6189,72.2164,-144.147],"tool":false,"touchDistance":0.333333,"touchZone":"none","type":2,"width":18.527},{"bases":[[[0.784582,-0.606399,-0.129274],[0.615273,0.73569,0.283194],[-0.0766234,-0.301727,0.95031]],[[0.7843,-0.607483,-0.125848],[0.353729,0.604545,-0.713724],[0.509656,0.515258,0.689028]],[[0.7843,-0.607483,-0.125848],[-0.421963,-0.373659,-0.82603],[0.454775,0.700959,-0.549396]],[[0.7843,-0.607483,-0.125848],[-0.615633,-0.737066,-0.278799],[0.0766072,0.296139,-0.952068]]],"btipPosition":[-12.3453,281.218,5.71537],"carpPosition":[18.8637,309.571,61.6022],"dipPosition":[-10.9494,286.614,-11.6328],"direction":[-0.454775,-0.700959,0.549396],"extended":false,"handId":972,"id":9723,"length":62.8339,"mcpPosition":[23.5446,328.003,3.54808],"pipPosition":[1.33699,305.551,-26.4755],"stabilizedTipPosition":[-16.125,232.601,86.1505],"timeVisible":34.9469,"tipPosition":[-11.8354,282.361,2.89085],"tipVelocity":[-24.6589,59.9628,-136.078],"tool":false,"touchDistance":0.333333,"touchZone":"none","type":3,"width":17.6296},{"bases":[[[0.657922,-0.750411,-0.0634195],[0.720611,0.602851,0.342478],[-0.218766,-0.271024,0.937383]],[[0.618014,-0.782401,0.0768615],[0.586889,0.394098,-0.707283],[0.523088,0.48222,0.70274]],[[0.618014,-0.782401,0.0768615],[-0.383091,-0.385083,-0.839615],[0.686513,0.489449,-0.537717]],[[0.618014,-0.782401,0.0768615],[-0.729951,-0.607378,-0.31347],[0.291943,0.137624,-0.946482]]],"btipPosition":[2.45695,285.255,7.24386],"carpPosition":[26.1266,298.207,58.3189],"dipPosition":[7.36457,287.569,-8.66669],"direction":[-0.686513,-0.489449,0.537717],"extended":false,"handId":972,"id":9724,"length":49.2606,"mcpPosition":[38.4978,313.534,5.30984],"pipPosition":[20.4596,296.905,-18.9235],"stabilizedTipPosition":[-4.31163,231.967,98.4862],"timeVisible":34.9469,"tipPosition":[3.49422,285.875,4.82203],"tipVelocity":[-20.1304,53.4076,-160.9],"tool":false,"touchDistance":0.333333,"touchZone":"none","type":4,"width":15.66}],"r":[[0.988781,-0.116708,0.0932245],[0.0977929,0.977562,0.186574],[-0.112907,-0.175364,0.978008]],"s":0.860404,"t":[2.00675,-18.4055,-92.1016],"timestamp":669362489190},false],[6,{"currentFrameRate":52.9863,"devices":[],"gestures":[],"hands":[{"armBasis":[[0.876489,-0.405819,-0.258994],[0.358562,0.909277,-0.211303],[0.321248,0.0923394,0.942483]],"armWidth":62.1429,"confidence":0.524234,"direction":[0.0325827,0.474743,-0.879521],"elbow":[95.8321,323.389,314.394],"grabStrength":0,"id":972,"palmNormal":[-0.43495,-0.785556,-0.440137],"palmPosition":[4.43572,323.717,19.3936],"palmVelocity":[1.30505,40.7472,-120.875],"palmWidth":88.738,"pinchStrength":0.865636,"r":[[0.988262,-0.125605,0.0869576],[0.107448,0.976119,0.188803],[-0.108595,-0.177243,0.978157]],"s":0.860667,"sphereCenter":[-13.99,296.16,-16.1599],"sphereRadius":44.4486,"stabilizedPalmPosition":[-5.47837,286.51,77.6423],"t":[2.02482,-17.6447,-94.3711],"timeVisible":34.966,"type":"right","wrist":[11.242,299.074,66.2218]}],"id":4963505,"interactionBox":{"center":[0,200,0],"size":[235.247,235.247,147.751]},"pointables":[{"bases":[[[0.757492,0.635554,0.149256],[-0.542406,0.485449,0.685663],[0.36332,-0.600342,0.712452]],[[0.608664,0.789628,-0.0775621],[-0.688488,0.574218,0.443011],[0.394351,-0.216244,0.893155]],[[0.608664,0.789628,-0.0775621],[-0.782404,0.613571,0.10665],[0.131804,-0.00422925,0.991267]],[[0.608664,0.789628,-0.0775621],[-0.783258,0.582382,-0.217573],[-0.126631,0.19318,0.972957]]],"btipPosition":[-39.1568,306.509,-29.0987],"carpPosition":[-18.4665,300.25,69.5505],"dipPosition":[-42.047,310.918,-6.89156],"direction":[-0.131804,0.00422925,-0.991267],"extended":false,"handId":972,"id":9720,"length":50.8265,"mcpPosition":[-18.4665,300.25,69.5505],"pipPosition":[-37.6643,310.778,26.0698],"stabilizedTipPosition":[-43.0521,287.179,6.40035],"timeVisible":34.966,"tipPosition":[-40.7678,308.775,-23.8677],"tipVelocity":[1.68678,43.7823,-107.141],"tool":false,"touchDistance":-0.732139,"touchZone":"touching","type":0,"width":19.7488},{"bases":[[[0.892561,-0.311543,-0.325999],[0.41249,0.856174,0.311156],[0.182173,-0.412197,0.892696]],[[0.899081,-0.32764,-0.290353],[0.375934,0.917686,0.128551],[0.224334,-0.224731,0.948246]],[[0.899081,-0.32764,-0.290353],[0.308517,0.94475,-0.110746],[0.310595,0.00999094,0.95049]],[[0.899081,-0.32764,-0.290353],[0.245064,0.926252,-0.286357],[0.362762,0.186303,0.913069]]],"btipPosition":[-38.5903,352.714,-74.0574],"carpPosition":[-2.75412,317.063,67.3424],"dipPosition":[-32.5457,355.818,-58.8432],"direction":[-0.310595,-0.00999094,-0.95049],"extended":true,"handId":972,"id":9721,"length":57.352,"mcpPosition":[-15.8248,346.638,3.29256],"pipPosition":[-25.2242,356.054,-36.4381],"stabilizedTipPosition":[-36.9029,348.095,-63.9286],"timeVisible":34.966,"tipPosition":[-37.3776,351.665,-70.1673],"tipVelocity":[-7.60188,85.2934,-112.476],"tool":false,"touchDistance":-0.781303,"touchZone":"touching","type":1,"width":18.8641},{"bases":[[[0.825482,-0.50573,-0.250631],[0.561349,0.781921,0.271086],[0.0588775,-0.364468,0.929353]],[[0.825262,-0.504398,-0.254017],[0.226267,0.707416,-0.669601],[0.517441,0.495121,0.697932]],[[0.825262,-0.504398,-0.254017],[-0.458405,-0.335565,-0.822959],[0.32986,0.795599,-0.508148]],[[0.825262,-0.504398,-0.254017],[-0.562311,-0.775646,-0.28667],[-0.0524318,0.379414,-0.92374]]],"btipPosition":[-28.0876,287.527,-1.54731],"carpPosition":[8.42907,315.02,63.4735],"dipPosition":[-29.0485,294.481,-18.4766],"direction":[-0.32986,-0.795599,0.508148],"extended":false,"handId":972,"id":9722,"length":65.348,"mcpPosition":[4.42297,339.819,0.239148],"pipPosition":[-19.9006,316.545,-32.5689],"stabilizedTipPosition":[-29.9559,250.284,56.7809],"timeVisible":34.966,"tipPosition":[-27.9857,288.893,-4.07883],"tipVelocity":[-22.983,54.7949,-114.103],"tool":false,"touchDistance":0.333333,"touchZone":"none","type":2,"width":18.527},{"bases":[[[0.780468,-0.611348,-0.130855],[0.620482,0.731774,0.281974],[-0.076628,-0.301265,0.950456]],[[0.780166,-0.612509,-0.127178],[0.356395,0.602267,-0.714323],[0.514124,0.511965,0.688163]],[[0.780166,-0.612509,-0.127178],[-0.425655,-0.370777,-0.825435],[0.458431,0.69811,-0.549985]],[[0.780166,-0.612509,-0.127178],[-0.620808,-0.733012,-0.278011],[0.077061,0.295848,-0.952122]]],"btipPosition":[-12.794,281.814,4.13868],"carpPosition":[18.7165,309.969,59.9799],"dipPosition":[-11.3899,287.205,-13.2105],"direction":[-0.458431,-0.69811,0.549985],"extended":false,"handId":972,"id":9723,"length":62.8339,"mcpPosition":[23.3976,328.373,1.91678],"pipPosition":[0.995289,306.065,-28.0691],"stabilizedTipPosition":[-16.0901,233.083,85.3291],"timeVisible":34.966,"tipPosition":[-12.2799,282.956,1.302],"tipVelocity":[-24.0321,45.7173,-109.628],"tool":false,"touchDistance":0.333333,"touchZone":"none","type":3,"width":17.6296},{"bases":[[[0.653032,-0.754558,-0.0647504],[0.725096,0.598268,0.341044],[-0.2186,-0.269663,0.937815]],[[0.613231,-0.786285,0.0755272],[0.587755,0.390325,-0.708654],[0.527724,0.47896,0.701502]],[[0.613231,-0.786285,0.0755272],[-0.387114,-0.3825,-0.83895],[0.688543,0.485232,-0.538943]],[[0.613231,-0.786285,0.0755272],[-0.734256,-0.60267,-0.312501],[0.291233,0.136179,-0.94691]]],"btipPosition":[2.03497,285.748,5.65561],"carpPosition":[25.9006,298.56,56.6818],"dipPosition":[6.93064,288.037,-10.2621],"direction":[-0.688543,-0.485232,0.538943],"extended":false,"handId":972,"id":9724,"length":49.2606,"mcpPosition":[38.2625,313.809,3.64833],"pipPosition":[20.0644,297.293,-20.5423],"stabilizedTipPosition":[-4.2777,232.214,98.0481],"timeVisible":34.966,"tipPosition":[3.0785,286.365,3.20962],"tipVelocity":[-21.169,39.6233,-122.521],"tool":false,"touchDistance":0.333333,"touchZone":"none","type":4,"width":15.66}],"r":[[0.988262,-0.125605,0.0869576],[0.107448,0.976119,0.188803],[-0.108595,-0.177243,0.978157]],"s":0.860667,"t":[2.02482,-17.6447,-94