{"sensorType":"Leap","data":[[0,{"currentFrameRate":50.963,"devices":[],"gestures":[],"hands":[{"armBasis":[[0.93522,-0.141098,-0.324737],[0.0606448,0.967446,-0.245703],[0.348834,0.210093,0.913332]],"armWidth":62.1429,"confidence":0.712807,"direction":[0.0275787,0.356567,-0.933863],"elbow":[106.751,318.337,304.764],"grabStrength":0,"id":972,"palmNormal":[-0.0547562,-0.932277,-0.357578],"palmPosition":[8.69863,278.32,13.5343],"palmVelocity":[-51.9031,-29.3746,205.191],"palmWidth":88.738,"pinchStrength":0.710727,"r":[[0.954325,0.194618,0.226688],[-0.211863,0.975797,0.0541671],[-0.21066,-0.0997199,0.97246]],"s":0.881848,"sphereCenter":[-5.5689,243.455,-18.6945],"sphereRadius":45.151,"stabilizedPalmPosition":[12.1267,279.005,-0.732382],"t":[7.2875,-61.7562,-106.406],"timeVisible":8.11655,"type":"right","wrist":[14.897,263.016,64.2673]}],"id":4962079,"interactionBox":{"center":[0,200,0],"size":[235.247,235.247,147.751]},"pointables":[{"bases":[[[0.455997,0.878886,0.14009],[-0.789555,0.326861,0.519388],[0.410693,-0.347449,0.842977]],[[0.260365,0.944822,-0.198798],[-0.875974,0.317751,0.36291],[0.406054,0.0796523,0.910371]],[[0.260365,0.944822,-0.198798],[-0.965344,0.250927,-0.0717337],[-0.0178919,0.210585,0.977412]],[[0.260365,0.944822,-0.198798],[-0.947615,0.210606,-0.240147],[-0.185029,0.25091,0.950163]]],"btipPosition":[-28.4714,237.096,-35.0608],"carpPosition":[-13.5219,253.702,63.4455],"dipPosition":[-32.6946,242.822,-13.3739],"direction":[0.0178919,-0.210585,-0.977412],"extended":false,"handId":972,"id":9720,"length":50.8265,"mcpPosition":[-13.5219,253.702,63.4455],"pipPosition":[-33.2895,249.825,19.1267],"stabilizedTipPosition":[-26.205,239.116,-44.9451],"timeVisible":8.11655,"tipPosition":[-29.3196,238.162,-29.9807],"tipVelocity":[-57.8015,-31.206,218.469],"tool":false,"touchDistance":0.157197,"touchZone":"hovering","type":0,"width":19.7488},{"bases":[[[0.98858,-0.000262148,-0.150698],[0.0333235,0.975624,0.216905],[0.146968,-0.21945,0.964491]],[[0.938751,0.0439228,-0.341784],[-0.0753754,0.993998,-0.0792887],[0.33625,0.100195,0.936428]],[[0.938751,0.0439228,-0.341784],[-0.123155,0.9691,-0.213722],[0.321836,0.242724,0.915154]],[[0.938751,0.0439228,-0.341784],[-0.155957,0.938603,-0.307736],[0.307283,0.342191,0.887965]]],"btipPosition":[-41.6789,274.845,-84.237],"carpPosition":[-4.33903,274.722,60.5676],"dipPosition":[-36.5588,280.547,-69.4411],"direction":[-0.321836,-0.242724,-0.915154],"extended":true,"handId":972,"id":9721,"length":57.352,"mcpPosition":[-14.8838,290.467,-8.63345],"pipPosition":[-28.9724,286.269,-47.8689],"stabilizedTipPosition":[-34.1606,278.09,-96.2278],"timeVisible":8.11655,"tipPosition":[-40.5775,276.062,-80.7506],"tipVelocity":[-83.5794,-56.5105,223.401],"tool":false,"touchDistance":0.0588558,"touchZone":"hovering","type":1,"width":18.8641},{"bases":[[[0.979084,-0.196224,-0.0537609],[0.203194,0.956479,0.209427],[0.0103264,-0.215971,0.976345]],[[0.978604,-0.191313,-0.0757259],[0.0234637,0.469403,-0.882672],[0.204413,0.862009,0.463848]],[[0.978604,-0.191313,-0.0757259],[-0.0890423,-0.0619829,-0.994097],[0.18549,0.97957,-0.0776916]],[[0.978604,-0.191313,-0.0757259],[-0.133721,-0.311643,-0.940743],[0.156377,0.930741,-0.330557]]],"btipPosition":[-10.946,206.415,-21.44],"carpPosition":[7.37555,276.464,58.5834],"dipPosition":[-8.0801,223.472,-27.4981],"direction":[-0.18549,-0.97957,0.0776916],"extended":false,"handId":972,"id":9722,"length":65.348,"mcpPosition":[6.67293,291.159,-7.84839],"pipPosition":[-2.93598,250.638,-29.6527],"stabilizedTipPosition":[-6.11337,213.091,-40.1479],"timeVisible":8.11655,"tipPosition":[-10.2513,210.674,-23.1585],"tipVelocity":[-50.1069,-44.3694,240.141],"tool":false,"touchDistance":0.333333,"touchZone":"none","type":2,"width":18.527},{"bases":[[[0.95181,-0.297409,0.0748688],[0.272851,0.932644,0.236068],[-0.140035,-0.204264,0.968848]],[[0.956344,-0.289638,0.0389284],[0.158063,0.4006,-0.902516],[0.245809,0.869269,0.428892]],[[0.956344,-0.289638,0.0389284],[0.00369541,-0.12121,-0.99262],[0.292219,0.94943,-0.114848]],[[0.956344,-0.289638,0.0389284],[-0.0683701,-0.351252,-0.933781],[0.284133,0.890355,-0.35572]]],"btipPosition":[3.99039,207.865,-10.9454],"carpPosition":[19.2186,275.137,57.3451],"dipPosition":[9.16774,224.088,-17.4272],"direction":[-0.292219,-0.94943,0.114848],"extended":false,"handId":972,"id":9723,"length":62.8339,"mcpPosition":[27.7733,287.616,-1.84146],"pipPosition":[17.0624,249.739,-20.5299],"stabilizedTipPosition":[9.61624,213.671,-30.1168],"timeVisible":8.11655,"tipPosition":[5.30393,211.931,-13.1019],"tipVelocity":[-49.7795,-38.7117,239.857],"tool":false,"touchDistance":0.333333,"touchZone":"none","type":3,"width":17.6296},{"bases":[[[0.870951,-0.469036,0.146458],[0.40412,0.853297,0.329501],[-0.27952,-0.227793,0.932727]],[[0.887267,-0.45325,0.0855671],[0.289314,0.402382,-0.868554],[0.359241,0.795395,0.488152]],[[0.887267,-0.45325,0.0855671],[0.0517908,-0.0864409,-0.99491],[0.458339,0.887182,-0.053222]],[[0.887267,-0.45325,0.0855671],[-0.0619962,-0.301011,-0.951603],[0.457071,0.839021,-0.295177]]],"btipPosition":[17.3168,221.248,-6.66098],"carpPosition":[30.3242,266.821,56.9411],"dipPosition":[25.0003,235.352,-11.623],"direction":[-0.458339,-0.887182,0.053222],"extended":false,"handId":972,"id":9724,"length":49.2606,"mcpPosition":[46.1311,279.703,4.19529],"pipPosition":[33.743,252.275,-12.6382],"stabilizedTipPosition":[23.8316,225.482,-23.1685],"timeVisible":8.11655,"tipPosition":[19.2127,224.76,-8.01326],"tipVelocity":[-52.4194,-34.2837,225.719],"tool":false,"touchDistance":0.333333,"touchZone":"none","type":4,"width":15.66}],"r":[[0.954325,0.194618,0.226688],[-0.211863,0.975797,0.0541671],[-0.21066,-0.0997199,0.97246]],"s":0.881848,"t":[7.2875,-61.7562,-106.406],"timestamp":669335658892},false],[1,{"currentFrameRate":51.3373,"devices":[],"gestures":[],"hands":[{"armBasis":[[0.930992,-0.136924,-0.338388],[0.0483515,0.965074,-0.257476],[0.361824,0.223347,0.905096]],"armWidth":62.1429,"confidence":0.724373,"direction":[0.0191049,0.356929,-0.933936],"elbow":[109.146,321.157,305.57],"grabStrength":0,"id":972,"palmNormal":[-0.0458515,-0.932811,-0.357437],"palmPosition":[7.25933,277.582,16.5412],"palmVelocity":[-65.0605,-34.8009,186.682],"palmWidth":88.738,"pinchStrength":0.701678,"r":[[0.954335,0.200023,0.22189],[-0.217013,0.97463,0.0547801],[-0.205303,-0.100432,0.973532]],"s":0.883738,"sphereCenter":[-6.39382,242.4,-15.6268],"sphereRadius":45.1116,"stabilizedPalmPosition":[12.1227,279.004,-0.718156],"t":[6.077,-62.3875,-102.949],"timeVisible":8.13464,"type":"right","wrist":[13.8713,262.346,67.2423]}],"id":4962080,"interactionBox":{"center":[0,200,0],"size":[235.247,235.247,147.751]},"pointables":[{"bases":[[[0.446639,0.884,0.138045],[-0.790751,0.317829,0.523161],[0.4186,-0.342824,0.840979]],[[0.250173,0.947807,-0.197675],[-0.878038,0.308132,0.366201],[0.407998,0.0819526,0.909297]],[[0.250173,0.947807,-0.197675],[-0.968064,0.24143,-0.0675557],[-0.0163051,0.208263,0.977937]],[[0.250173,0.947807,-0.197675],[-0.951792,0.203323,-0.229675],[-0.177496,0.245604,0.952982]]],"btipPosition":[-29.7124,236.19,-31.982],"carpPosition":[-14.4436,252.71,66.5538],"dipPosition":[-33.7637,241.795,-10.2308],"direction":[0.0163051,-0.208263,-0.977937],"extended":false,"handId":972,"id":9720,"length":50.8265,"mcpPosition":[-14.4436,252.71,66.5538],"pipPosition":[-34.3058,248.72,22.2873],"stabilizedTipPosition":[-26.2125,239.113,-44.915],"timeVisible":8.13464,"tipPosition":[-30.5223,237.161,-26.8581],"tipVelocity":[-61.9035,-40.9195,195.925],"tool":false,"touchDistance":0.208756,"touchZone":"hovering","type":0,"width":19.7488},{"bases":[[[0.987795,0.0109827,-0.155375],[0.0232621,0.975923,0.216872],[0.154016,-0.217839,0.963756]],[[0.936643,0.0545649,-0.346008],[-0.0881544,0.992719,-0.0820835],[0.33901,0.107385,0.934634]],[[0.936643,0.0545649,-0.346008],[-0.137315,0.965927,-0.219386],[0.322248,0.252998,0.912222]],[[0.936643,0.0545649,-0.346008],[-0.1708,0.933551,-0.315135],[0.305821,0.354268,0.883724]]],"btipPosition":[-43.4604,273.096,-80.9017],"carpPosition":[-5.51383,273.832,63.6352],"dipPosition":[-38.3646,278.999,-66.1765],"direction":[-0.322248,-0.252998,-0.912222],"extended":true,"handId":972,"id":9721,"length":57.352,"mcpPosition":[-16.5643,289.462,-5.51313],"pipPosition":[-30.7685,284.963,-44.6734],"stabilizedTipPosition":[-34.2332,278.057,-96.0608],"timeVisible":8.13464,"tipPosition":[-42.3807,274.521,-77.4638],"tipVelocity":[-90.8192,-74.4134,204.439],"tool":false,"touchDistance":0.114173,"touchZone":"hovering","type":1,"width":18.8641},{"bases":[[[0.980985,-0.185082,-0.058419],[0.193301,0.95871,0.208588],[0.0174009,-0.215914,0.976257]],[[0.980334,-0.180113,-0.080655],[0.0126939,0.4654,-0.885009],[0.196939,0.866581,0.458534]],[[0.980334,-0.180113,-0.080655],[-0.0938734,-0.0661005,-0.993387],[0.173591,0.981422,-0.0817084]],[[0.980334,-0.180113,-0.080655],[-0.13511,-0.314662,-0.939539],[0.143844,0.931959,-0.332809]]],"btipPosition":[-11.7212,205.366,-18.0192],"carpPosition":[6.17067,275.708,61.5958],"dipPosition":[-9.08501,222.446,-24.1185],"direction":[-0.173591,-0.981422,0.0817084],"extended":false,"handId":972,"id":9722,"length":65.348,"mcpPosition":[4.98669,290.399,-4.82999],"pipPosition":[-4.27089,249.664,-26.3845],"stabilizedTipPosition":[-6.11522,213.09,-40.1402],"timeVisible":8.13464,"tipPosition":[-11.0901,209.64,-19.8376],"tipVelocity":[-48.0517,-50.7013,215.649],"tool":false,"touchDistance":0.333333,"touchZone":"none","type":2,"width":18.527},{"bases":[[[0.955472,-0.28658,0.0703251],[0.263351,0.935666,0.234896],[-0.133117,-0.205916,0.969473]],[[0.959759,-0.278729,0.0342462],[0.147507,0.396591,-0.906067],[0.238966,0.874657,0.421746]],[[0.959759,-0.278729,0.0342462],[-0.000875546,-0.124918,-0.992167],[0.280824,0.952211,-0.120135]],[[0.959759,-0.278729,0.0342462],[-0.0694067,-0.353602,-0.932818],[0.272113,0.892903,-0.358718]]],"btipPosition":[3.1963,206.988,-7.51851],"carpPosition":[18.022,274.516,60.3014],"dipPosition":[8.15463,223.258,-14.0549],"direction":[-0.280824,-0.952211,0.120135],"extended":false,"handId":972,"id":9723,"length":62.8339,"mcpPosition":[26.1541,287.096,1.07656],"pipPosition":[15.7415,248.983,-17.3005],"stabilizedTipPosition":[9.61472,213.67,-30.1108],"timeVisible":8.13464,"tipPosition":[4.45732,211.073,-9.76909],"tipVelocity":[-48.3116,-43.0723,215.576],"tool":false,"touchDistance":0.333333,"touchZone":"none","type":3,"width":17.6296},{"bases":[[[0.876908,-0.45912,0.142274],[0.395953,0.857809,0.327696],[-0.272495,-0.231026,0.934009]],[[0.892583,-0.443352,0.0820587],[0.278758,0.399578,-0.873287],[0.354385,0.802356,0.480245]],[[0.892583,-0.443352,0.0820587],[0.0464927,-0.090524,-0.994808],[0.448479,0.891765,-0.0601876]],[[0.892583,-0.443352,0.0820587],[-0.0638078,-0.304371,-0.950414],[0.446345,0.843088,-0.299966]]],"btipPosition":[16.3506,220.54,-3.34493],"carpPosition":[29.2194,266.327,59.8436],"dipPosition":[23.8538,234.713,-8.38741],"direction":[-0.448479,-0.891765,0.0601876],"extended":false,"handId":972,"id":9724,"length":49.2606,"mcpPosition":[44.629,279.391,7.02534],"pipPosition":[32.4084,251.723,-9.53547],"stabilizedTipPosition":[23.8288,225.481,-23.1595],"timeVisible":8.13464,"tipPosition":[18.2197,224.078,-4.82476],"tipVelocity":[-53.9866,-36.1701,205.091],"tool":false,"touchDistance":0.333333,"touchZone":"none","type":4,"width":15.66}],"r":[[0.954335,0.200023,0.22189],[-0.217013,0.97463,0.0547801],[-0.205303,-0.100432,0.973532]],"s":0.883738,"t":[6.077,-62.3875,-102.949],"timestamp":669335676978},false],[2,{"currentFrameRate":51.6814,"devices":[],"gestures":[],"hands":[{"armBasis":[[0.932095,-0.144407,-0.332182],[0.0531309,0.961679,-0.268979],[0.358295,0.233065,0.904049]],"armWidth":62.1429,"confidence":0.706896,"direction":[0.0105613,0.357255,-0.933947],"elbow":[107.929,321.53,309.877],"grabStrength":0,"id":972,"palmNormal":[-0.058301,-0.932191,-0.357242],"palmPosition":[6.47339,275.48,21.2164],"palmVelocity":[-54.8039,-73.5221,220.87],"palmWidth":88.738,"pinchStrength":0.691489,"r":[[0.955194,0.202688,0.215691],[-0.219316,0.97405,0.0559145],[-0.19876,-0.100714,0.97486]],"s":0.885247,"sphereCenter":[-7.46129,240.255,-10.8051],"sphereRadius":45.0724,"stabilizedPalmPosition":[12.118,279.001,-0.699987],"t":[5.07878,-63.7541,-98.8836],"timeVisible":8.15272,"type":"right","wrist":[13.5838,260.16,71.8247]}],"id":4962081,"interactionBox":{"center":[0,200,0],"size":[235.247,235.247,147.751]},"pointables":[{"bases":[[[0.455897,0.88006,0.132864],[-0.781429,0.324322,0.533089],[0.42606,-0.346858,0.835562]],[[0.257424,0.945784,-0.198053],[-0.870874,0.315888,0.376555],[0.418702,0.0755449,0.904976]],[[0.257424,0.945784,-0.198053],[-0.966294,0.251318,-0.0558204],[-0.00301977,0.205747,0.978601]],[[0.257424,0.945784,-0.198053],[-0.953251,0.214989,-0.212351],[-0.158259,0.243459,0.956913]]],"btipPosition":[-31.4899,234.692,-26.9531],"carpPosition":[-14.8191,250.768,71.4842],"dipPosition":[-35.102,240.249,-5.11213],"direction":[0.00301977,-0.205747,-0.978601],"extended":false,"handId":972,"id":9720,"length":50.8265,"mcpPosition":[-14.8191,250.768,71.4842],"pipPosition":[-35.2025,247.091,27.428],"stabilizedTipPosition":[-26.2217,239.108,-44.8802],"timeVisible":8.15272,"tipPosition":[-32.2048,235.584,-21.7851],"tipVelocity":[-76.5575,-61.1301,235.564],"tool":false,"touchDistance":0.292916,"touchZone":"hovering","type":0,"width":19.7488},{"bases":[[[0.985845,0.00258732,-0.167639],[0.0343375,0.97557,0.216988],[0.164105,-0.219673,0.961672]],[[0.932889,0.0465997,-0.357137],[-0.0818572,0.993077,-0.0842436],[0.350739,0.107824,0.930245]],[[0.932889,0.0465997,-0.357137],[-0.133855,0.965428,-0.223677],[0.334367,0.256471,0.906875]],[[0.932889,0.0465997,-0.357137],[-0.1693,0.931951,-0.320631],[0.317893,0.359576,0.877296]]],"btipPosition":[-45.3939,271.021,-75.5065],"carpPosition":[-5.74523,271.815,68.4639],"dipPosition":[-40.0969,277.013,-60.8884],"direction":[-0.334367,-0.256471,-0.906875],"extended":true,"handId":972,"id":9721,"length":57.352,"mcpPosition":[-17.5195,287.576,-0.534922],"pipPosition":[-32.2152,283.058,-39.5113],"stabilizedTipPosition":[-34.3167,278.01,-95.8599],"timeVisible":8.15272,"tipPosition":[-44.2892,272.62,-72.1198],"tipVelocity":[-97.2733,-93.0595,248.471],"tool":false,"touchDistance":0.203683,"touchZone":"hovering","type":1,"width":18.8641},{"bases":[[[0.978557,-0.193464,-0.0706905],[0.204107,0.956903,0.206583],[0.0276775,-0.216582,0.975872]],[[0.977658,-0.188414,-0.0931946],[0.00414501,0.460551,-0.887624],[0.210162,0.867406,0.451042]],[[0.977658,-0.188414,-0.0931946],[-0.107846,-0.0690449,-0.991767],[0.180428,0.97966,-0.087822]],[[0.977658,-0.188414,-0.0931946],[-0.150125,-0.315534,-0.936964],[0.147131,0.930021,-0.33677]]],"btipPosition":[-13.5339,203.34,-12.7142],"carpPosition":[5.92871,273.591,66.2802],"dipPosition":[-10.8374,220.385,-18.8862],"direction":[-0.180428,-0.97966,0.087822],"extended":false,"handId":972,"id":9722,"length":65.348,"mcpPosition":[4.0455,288.328,-0.119367],"pipPosition":[-5.83366,247.553,-21.3217],"stabilizedTipPosition":[-6.11873,213.087,-40.1268],"timeVisible":8.15272,"tipPosition":[-12.8989,207.618,-14.6603],"tipVelocity":[-72.5037,-80.0794,252.189],"tool":false,"touchDistance":0.333333,"touchZone":"none","type":2,"width":18.527},{"bases":[[[0.953775,-0.294809,0.058317],[0.274277,0.933244,0.232008],[-0.122822,-0.205289,0.970964]],[[0.957689,-0.286956,0.0221039],[0.13836,0.391694,-0.909633],[0.252367,0.874203,0.414825]],[[0.957689,-0.286956,0.0221039],[-0.0153939,-0.127764,-0.991685],[0.287394,0.949385,-0.126776]],[[0.957689,-0.286956,0.0221039],[-0.0847612,-0.354609,-0.931165],[0.275042,0.889892,-0.363928]]],"btipPosition":[1.48292,204.883,-2.49698],"carpPosition":[17.7524,272.298,64.838],"dipPosition":[6.49461,221.098,-9.12832],"direction":[-0.287394,-0.949385,0.126776],"extended":false,"handId":972,"id":9723,"length":62.8339,"mcpPosition":[25.2555,284.839,5.52214],"pipPosition":[14.259,246.747,-12.5533],"stabilizedTipPosition":[9.6118,213.668,-30.0999],"timeVisible":8.15272,"tipPosition":[2.74959,208.949,-4.82332],"tipVelocity":[-70.0725,-78.2793,244.565],"tool":false,"touchDistance":0.333333,"touchZone":"none","type":3,"width":17.6296},{"bases":[[[0.874632,-0.466706,0.131162],[0.407349,0.854202,0.323119],[-0.262841,-0.229182,0.937225]],[[0.889447,-0.451349,0.0718867],[0.269273,0.390423,-0.880376],[0.369291,0.802405,0.468797]],[[0.889447,-0.451349,0.0718867],[0.031727,-0.0959331,-0.994882],[0.455935,0.887176,-0.0710075]],[[0.889447,-0.451349,0.0718867],[-0.0788763,-0.30652,-0.948591],[0.45018,0.838051,-0.308234]]],"btipPosition":[14.737,218.293,1.60733],"carpPosition":[28.8724,264.013,64.2376],"dipPosition":[22.3046,232.381,-3.57414],"direction":[-0.455935,-0.887176,0.0710075],"extended":false,"handId":972,"id":9724,"length":49.2606,"mcpPosition":[43.7361,276.974,11.2374],"pipPosition":[31.0015,249.303,-4.92859],"stabilizedTipPosition":[23.824,225.478,-23.1439],"timeVisible":8.15272,"tipPosition":[16.6391,221.821,-0.0218252],"tipVelocity":[-70.3612,-78.569,236.975],"tool":false,"touchDistance":0.333333,"touchZone":"none","type":4,"width":15.66}],"r":[[0.955194,0.202688,0.215691],[-0.219316,0.97405,0.0559145],[-0.19876,-0.100714,0.97486]],"s":0.885247,"t":[5.07878,-63.7541,-98.8836],"timestamp":669335695055},false],[3,{"currentFrameRate":51.9915,"devices":[],"gestures":[],"hands":[{"armBasis":[[0.923564,-0.14198,-0.356189],[0.0467261,0.963672,-0.262971],[0.380586,0.226227,0.896647]],"armWidth":62.1429,"confidence":0.716172,"direction":[0.00814028,0.345564,-0.93836],"elbow":[112.294,318.532,313.316],"grabStrength":0,"id":972,"palmNormal":[-0.0515692,-0.936997,-0.345509],"palmPosition":[4.86697,273.594,26.4154],"palmVelocity":[-70.9615,-88.1286,252.477],"palmWidth":88.738,"pinchStrength":0.684522,"r":[[0.955545,0.206731,0.210229],[-0.22256,0.973401,0.0543848],[-0.193394,-0.0987555,0.976138]],"s":0.886066,"sphereCenter":[-8.45928,237.717,-5.16438],"sphereRadius":45.0313,"stabilizedPalmPosition":[12.111,278.996,-0.673798],"t":[3.77646,-65.3805,-94.2512],"timeVisible":8.17081,"type":"right","wrist":[12.0795,258.962,77.2126]}],"id":4962082,"interactionBox":{"center":[0,200,0],"size":[235.247,235.247,147.751]},"pointables":[{"bases":[[[0.449562,0.884902,0.121827],[-0.783811,0.325385,0.528928],[0.42841,-0.333275,0.839877]],[[0.252155,0.945122,-0.207753],[-0.873804,0.31463,0.370775],[0.415793,0.0880428,0.905187]],[[0.252155,0.945122,-0.207753],[-0.96767,0.244996,-0.0599345],[-0.00574664,0.216149,0.976343]],[[0.252155,0.945122,-0.207753],[-0.955436,0.209103,-0.208371],[-0.153494,0.251037,0.95573]]],"btipPosition":[-32.8027,232.16,-21.3571],"carpPosition":[-16.2554,249.363,76.9884],"dipPosition":[-36.3061,237.89,0.456862],"direction":[0.00574664,-0.216149,-0.976343],"extended":false,"handId":972,"id":9720,"length":50.8265,"mcpPosition":[-16.2554,249.363,76.9884],"pipPosition":[-36.4971,245.077,32.922],"stabilizedTipPosition":[-26.2337,239.099,-44.8338],"timeVisible":8.17081,"tipPosition":[-33.5087,233.042,-16.1569],"tipVelocity":[-73.9957,-97.5596,270.452],"tool":false,"touchDistance":0.380804,"touchZone":"hovering","type":0,"width":19.7488},{"bases":[[[0.985826,0.00754467,-0.167601],[0.0273164,0.978439,0.20472],[0.165532,-0.206396,0.964365]],[[0.932778,0.048685,-0.357149],[-0.090125,0.990866,-0.100312],[0.349003,0.125757,0.928645]],[[0.932778,0.048685,-0.357149],[-0.142496,0.95993,-0.241308],[0.33109,0.275979,0.902339]],[[0.932778,0.048685,-0.357149],[-0.177978,0.923836,-0.338897],[0.313448,0.37968,0.870399]]],"btipPosition":[-46.8591,267.143,-70.1702],"carpPosition":[-7.33208,270.435,73.7046],"dipPosition":[-41.6362,273.469,-55.6669],"direction":[-0.33109,-0.275979,-0.902339],"extended":true,"handId":972,"id":9721,"length":57.352,"mcpPosition":[-19.2088,285.244,4.51255],"pipPosition":[-33.8317,279.974,-34.3968],"stabilizedTipPosition":[-34.4327,277.914,-95.5631],"timeVisible":8.17081,"tipPosition":[-45.7933,268.939,-66.8362],"tipVelocity":[-89.9709,-148.717,269.866],"tool":false,"touchDistance":0.292181,"touchZone":"hovering","type":1,"width":18.8641},{"bases":[[[0.979928,-0.187321,-0.0681982],[0.197216,0.96086,0.19456],[0.0290837,-0.204105,0.978517]],[[0.978984,-0.18251,-0.0910001],[0.0000651546,0.446493,-0.894787],[0.203938,0.875976,0.437122]],[[0.978984,-0.18251,-0.0910001],[-0.107741,-0.0839926,-0.990625],[0.173156,0.97961,-0.101891]],[[0.978984,-0.18251,-0.0910001],[-0.148008,-0.328868,-0.932706],[0.140301,0.926572,-0.348969]]],"btipPosition":[-14.6097,200.829,-6.40686],"carpPosition":[4.32916,272.267,71.4994],"dipPosition":[-12.0384,217.81,-12.8024],"direction":[-0.173156,-0.97961,0.101891],"extended":false,"handId":972,"id":9722,"length":65.348,"mcpPosition":[2.35027,286.155,4.91988],"pipPosition":[-7.23636,244.978,-15.6281],"stabilizedTipPosition":[-6.12434,213.081,-40.1039],"timeVisible":8.17081,"tipPosition":[-14.0092,205.086,-8.44548],"tipVelocity":[-67.0569,-108.374,296.678],"tool":false,"touchDistance":0.333333,"touchZone":"none","type":2,"width":18.527},{"bases":[[[0.955854,-0.287212,0.0620705],[0.26755,0.938025,0.220285],[-0.121492,-0.193953,0.973459]],[[0.959729,-0.279757,0.025619],[0.135621,0.381527,-0.914354],[0.246023,0.881007,0.404104]],[[0.959729,-0.279757,0.025619],[-0.0143006,-0.139727,-0.990087],[0.280564,0.949848,-0.138101]],[[0.959729,-0.279757,0.025619],[-0.0820183,-0.366251,-0.926894],[0.268688,0.887466,-0.374447]]],"btipPosition":[0.388021,202.668,3.55167],"carpPosition":[16.162,271.041,70.0743],"dipPosition":[5.28395,218.839,-3.27134],"direction":[-0.280564,-0.949848,0.138101],"extended":false,"handId":972,"id":9723,"length":62.8339,"mcpPosition":[23.5839,282.89,10.606],"pipPosition":[12.8638,244.501,-7.00233],"stabilizedTipPosition":[9.60724,213.664,-30.0818],"timeVisible":8.17081,"tipPosition":[1.62245,206.708,1.20914],"tipVelocity":[-66.2258,-99.5181,286.073],"tool":false,"touchDistance":0.333333,"touchZone":"none","type":3,"width":17.6296},{"bases":[[[0.877933,-0.458744,0.137064],[0.401172,0.861089,0.312389],[-0.261331,-0.21927,0.940014]],[[0.892438,-0.444278,0.0785608],[0.265573,0.376529,-0.887523],[0.364726,0.812923,0.454017]],[[0.892438,-0.444278,0.0785608],[0.0319728,-0.111411,-0.99326],[0.450036,0.888935,-0.0852228]],[[0.892438,-0.444278,0.0785608],[-0.0764696,-0.320557,-0.944137],[0.444642,0.836577,-0.320051]]],"btipPosition":[13.4834,216.177,7.77009],"carpPosition":[27.3412,262.829,69.5786],"dipPosition":[20.958,230.24,2.38996],"direction":[-0.450036,-0.888935,0.0852228],"extended":false,"handId":972,"id":9724,"length":49.2606,"mcpPosition":[42.1195,275.229,16.4207],"pipPosition":[29.5423,247.196,0.764363],"stabilizedTipPosition":[23.8169,225.473,-23.1195],"timeVisible":8.17081,"tipPosition":[15.3717,219.695,6.03689],"tipVelocity":[-70.4102,-96.9696,285.049],"tool":false,"touchDistance":0.333333,"touchZone":"none","type":4,"width":15.66}],"r":[[0.955545,0.206731,0.210229],[-0.22256,0.973401,0.0543848],[-0.193394,-0.0987555,0.976138]],"s":0.886066,"t":[3.77646,-65.3805,-94.2512],"timestamp":669335713149},false],[4,{"currentFrameRate":52.2883,"devices":[],"gestures":[],"hands":[{"armBasis":[[0.921924,-0.121401,-0.367855],[0.0341726,0.971408,-0.234945],[0.38586,0.204031,0.899713]],"armWidth":62.1429,"confidence":0.726015,"direction":[-0.00580626,0.337051,-0.941468],"elbow":[113.402,311.247,318.254],"grabStrength":0,"id":972,"palmNormal":[-0.0446739,-0.940632,-0.336476],"palmPosition":[3.87781,271.608,30.4982],"palmVelocity":[-63.3075,-98.5516,240.063],"palmWidth":88.738,"pinchStrength":0.677413,"r":[[0.955761,0.212475,0.203409],[-0.227232,0.972457,0.0519018],[-0.186778,-0.0958267,0.977717]],"s":0.886261,"sphereCenter":[-8.92112,235.096,-0.624429],"sphereRadius":44.9968,"stabilizedPalmPosition":[12.101,278.987,-0.63601],"t":[2.63072,-67.1868,-89.8936],"timeVisible":8.18885,"type":"right","wrist":[11.7983,257.522,81.3443]}],"id":4962083,"interactionBox":{"center":[0,200,0],"size":[235.247,235.247,147.751]},"pointables":[{"bases":[[[0.440813,0.890958,0.108985],[-0.781732,0.321401,0.534412],[0.441111,-0.320773,0.838168]],[[0.240752,0.946063,-0.216804],[-0.873395,0.308599,0.376761],[0.423345,0.0986494,0.900582]],[[0.240752,0.946063,-0.216804],[-0.970585,0.235099,-0.0518952],[0.00187432,0.22292,0.974835]],[[0.240752,0.946063,-0.216804],[-0.960614,0.200318,-0.192599],[-0.138781,0.254633,0.957028]]],"btipPosition":[-33.9312,229.578,-16.5881],"carpPosition":[-16.4271,247.605,81.5127],"dipPosition":[-37.0987,235.39,5.25545],"direction":[-0.00187432,-0.22292,-0.974835],"extended":false,"handId":972,"id":9720,"length":50.8265,"mcpPosition":[-16.4271,247.605,81.5127],"pipPosition":[-37.0364,242.803,37.6704],"stabilizedTipPosition":[-26.2507,239.083,-44.7669],"timeVisible":8.18885,"tipPosition":[-34.537,230.425,-11.3555],"tipVelocity":[-66.5356,-118.685,267.738],"tool":false,"touchDistance":0.447694,"touchZone":"hovering","type":0,"width":19.7488},{"bases":[[[0.983828,0.0170554,-0.178302],[0.0184492,0.980512,0.195589],[0.178163,-0.195716,0.964341]],[[0.92859,0.0557158,-0.366901],[-0.103761,0.988214,-0.112543],[0.356306,0.142577,0.923427]],[[0.92859,0.0557158,-0.366901],[-0.158117,0.953837,-0.255333],[0.335737,0.295113,0.894533]],[[0.92859,0.0557158,-0.366901],[-0.194641,0.914888,-0.353687],[0.315967,0.399844,0.860401]]],"btipPosition":[-48.6689,263.194,-65.3609],"carpPosition":[-7.77803,268.744,77.9429],"dipPosition":[-43.404,269.856,-51.0243],"direction":[-0.335737,-0.295113,-0.894533],"extended":true,"handId":972,"id":9721,"length":57.352,"mcpPosition":[-20.561,282.787,8.75258],"pipPosition":[-35.4899,276.813,-29.9382],"stabilizedTipPosition":[-34.6269,277.717,-95.0635],"timeVisible":8.18885,"tipPosition":[-47.6273,265.204,-62.0936],"tipVelocity":[-94.628,-179.981,267.303],"tool":false,"touchDistance":0.367861,"touchZone":"hovering","type":1,"width":18.8641},{"bases":[[[0.981196,-0.176948,-0.0770899],[0.188419,0.964745,0.183754],[0.0418572,-0.194824,0.979945]],[[0.979945,-0.172331,-0.100051],[-0.0149316,0.437177,-0.899252],[0.198708,0.882711,0.425836]],[[0.979945,-0.172331,-0.100051],[-0.117586,-0.0947226,-0.988535],[0.160878,0.980474,-0.113087]],[[0.979945,-0.172331,-0.100051],[-0.154363,-0.338974,-0.928046],[0.126016,0.924878,-0.358777]]],"btipPosition":[-15.1223,198.308,-1.38724],"carpPosition":[3.83749,270.687,75.5954],"dipPosition":[-12.8129,215.258,-7.96252],"direction":[-0.160878,-0.980474,0.113087],"extended":false,"handId":972,"id":9722,"length":65.348,"mcpPosition":[0.989474,283.943,8.91876],"pipPosition":[-8.3513,242.449,-11.0987],"stabilizedTipPosition":[-6.13256,213.07,-40.0678],"timeVisible":8.18885,"tipPosition":[-14.5931,202.548,-3.47294],"tipVelocity":[-50.3054,-123.458,286.846],"tool":false,"touchDistance":0.333333,"touchZone":"none","type":2,"width":18.527},{"bases":[[[0.959647,-0.275909,0.0543259],[0.259277,0.942935,0.208921],[-0.108869,-0.186405,0.976422]],[[0.963054,-0.268727,0.0176834],[0.121362,0.374441,-0.919274],[0.240413,0.887457,0.393221]],[[0.963054,-0.268727,0.0176834],[-0.0234054,-0.148931,-0.98857],[0.26829,0.951633,-0.149719]],[[0.963054,-0.268727,0.0176834],[-0.087833,-0.375487,-0.922656],[0.254583,0.887015,-0.385217]]],"btipPosition":[-0.0445234,200.426,8.33434],"carpPosition":[15.6675,269.58,74.0537],"dipPosition":[4.59438,216.588,1.31508],"direction":[-0.26829,-0.951633,0.149719],"extended":false,"handId":972,"id":9723,"length":62.8339,"mcpPosition":[22.3183,280.968,14.4043],"pipPosition":[11.8426,242.298,-2.72978],"stabilizedTipPosition":[9.60099,213.657,-30.055],"timeVisible":8.18885,"tipPosition":[1.11779,204.455,5.94999],"tipVelocity":[-47.7329,-111.338,274.941],"tool":false,"touchDistance":0.333333,"touchZone":"none","type":3,"width":17.6296},{"bases":[[[0.884477,-0.447611,0.131699],[0.394737,0.868345,0.300266],[-0.248763,-0.213592,0.94472]],[[0.898145,-0.433574,0.0731359],[0.251894,0.371029,-0.893805],[0.360395,0.821189,0.442452]],[[0.898145,-0.433574,0.0731359],[0.0228007,-0.120183,-0.99249],[0.439108,0.893068,-0.098056]],[[0.898145,-0.433574,0.0731359],[-0.0826889,-0.329914,-0.940382],[0.431854,0.838552,-0.332163]]],"btipPosition":[12.9371,214.12,12.2838],"carpPosition":[26.9328,261.49,73.5112],"dipPosition":[20.1967,228.216,6.70009],"direction":[-0.439108,-0.893068,0.098056],"extended":false,"handId":972,"id":9724,"length":49.2606,"mcpPosition":[41.0004,273.569,20.0873],"pipPosition":[28.5725,245.251,4.8297],"stabilizedTipPosition":[23.808,225.465,-23.0867],"timeVisible":8.18885,"tipPosition":[14.7666,217.639,10.5058],"tipVelocity":[-52.67,-104.871,267.284],"tool":false,"touchDistance":0.333333,"touchZone":"none","type":4,"width":15.66}],"r":[[0.955761,0.212475,0.203409],[-0.227232,0.972457,0.0519018],[-0.186778,-0.0958267,0.977717]],"s":0.886261,"t":[2.63072,-67.1868,-89.8936],"timestamp":669335731189},false],[5,{"currentFrameRate":52.552,"devices":[],"gestures":[],"hands":[{"armBasis":[[0.917484,-0.103904,-0.383963],[0.0148994,0.973581,-0.227857],[0.397495,0.203334,0.894792]],"armWidth":62.1429,"confidence":0.732475,"direction":[-0.0195924,0.340096,-0.940187],"elbow":[116.084,308.378,320.97],"grabStrength":0,"id":972,"palmNormal":[-0.0305081,-0.940133,-0.33944],"palmPosition":[2.82675,268.95,34.6263],"palmVelocity":[-60.865,-121.608,234.548],"palmWidth":88.738,"pinchStrength":0.672006,"r":[[0.955418,0.22035,0.196527],[-0.234389,0.970804,0.0510027],[-0.179551,-0.0947927,0.979171]],"s":0.885863,"sphereCenter":[-9.04047,232.103,3.45508],"sphereRadius":44.9675,"stabilizedPalmPosition":[12.0834,278.968,-0.569182],"t":[1.53232,-69.4188,-85.6508],"timeVisible":8.20692,"type":"right","wrist":[11.4163,254.836,85.3559]}],"id":4962084,"interactionBox":{"center":[0,200,0],"size":[235.247,235.247,147.751]},"pointables":[{"bases":[[[0.425597,0.898378,0.108557],[-0.782975,0.305445,0.541898],[0.453671,-0.315627,0.833404]],[[0.22319,0.951083,-0.213603],[-0.875437,0.291949,0.385195],[0.428714,0.101025,0.897774]],[[0.22319,0.951083,-0.213603],[-0.974763,0.218844,-0.0440926],[0.00481022,0.218054,0.975925]],[[0.22319,0.951083,-0.213603],[-0.966205,0.186858,-0.177572],[-0.128972,0.246017,0.960647]]],"btipPosition":[-34.7108,226.628,-12.364],"carpPosition":[-16.6239,244.412,85.7189],"dipPosition":[-37.6545,232.243,9.56212],"direction":[-0.00481022,-0.218054,-0.975925],"extended":false,"handId":972,"id":9720,"length":50.8265,"mcpPosition":[-16.6239,244.412,85.7189],"pipPosition":[-37.4946,239.494,42.0133],"stabilizedTipPosition":[-26.2781,239.049,-44.6545],"timeVisible":8.20692,"tipPosition":[-35.2365,227.39,-7.10591],"tipVelocity":[-54.0708,-141.059,252.096],"tool":false,"touchDistance":0.499904,"touchZone":"hovering","type":0,"width":19.7488},{"bases":[[[0.981866,0.0353826,-0.186245],[0.00241519,0.980014,0.198914],[0.189561,-0.195757,0.962157]],[[0.924748,0.0735128,-0.373412],[-0.12397,0.985839,-0.11293],[0.359823,0.150724,0.920766]],[[0.924748,0.0735128,-0.373412],[-0.179853,0.949106,-0.258555],[0.335401,0.306258,0.890905]],[[0.924748,0.0735128,-0.373412],[-0.216948,0.907963,-0.358519],[0.312689,0.412551,0.855586]]],"btipPosition":[-50.1794,259.352,-60.7159],"carpPosition":[-8.38601,265.715,82.1539],"dipPosition":[-44.9692,266.226,-46.4595],"direction":[-0.335401,-0.306258,-0.890905],"extended":true,"handId":972,"id":9721,"length":57.352,"mcpPosition":[-21.9868,279.761,13.1203],"pipPosition":[-37.063,273.446,-25.4589],"stabilizedTipPosition":[-34.9395,277.351,-94.2442],"timeVisible":8.20692,"tipPosition":[-49.194,261.549,-57.4917],"tipVelocity":[-89.7166,-194.197,261.949],"tool":false,"touchDistance":0.433806,"touchZone":"hovering","type":1,"width":18.8641},{"bases":[[[0.983555,-0.158981,-0.0857051],[0.172538,0.967351,0.185639],[0.053394,-0.197374,0.978873]],[[0.982028,-0.154298,-0.108685],[-0.0302217,0.439875,-0.89755],[0.186298,0.884705,0.427306]],[[0.982028,-0.154298,-0.108685],[-0.124,-0.0933472,-0.987882],[0.142283,0.983605,-0.110803]],[[0.982028,-0.154298,-0.108685],[-0.155872,-0.338368,-0.928015],[0.106415,0.928278,-0.356338]]],"btipPosition":[-15.1135,195.427,2.63194],"carpPosition":[3.17303,267.875,79.7189],"dipPosition":[-13.1632,212.439,-3.89862],"direction":[-0.142283,-0.983605,0.110803],"extended":false,"handId":972,"id":9722,"length":65.348,"mcpPosition":[-0.459957,281.305,13.1151],"pipPosition":[-9.21737,239.717,-6.97146],"stabilizedTipPosition":[-6.14591,213.049,-40.0034],"timeVisible":8.20692,"tipPosition":[-14.6774,199.681,0.564201],"tipVelocity":[-28.3464,-140.181,256.51],"tool":false,"touchDistance":0.333333,"touchZone":"none","type":2,"width":18.527},{"bases":[[[0.964868,-0.258761,0.0455295],[0.243982,0.946736,0.210151],[-0.0974833,-0.19166,0.976608]],[[0.967855,-0.251357,0.00871001],[0.10672,0.379074,-0.919192],[0.227744,0.890574,0.393714]],[[0.967855,-0.251357,0.00871001],[-0.0290631,-0.146173,-0.988832],[0.249823,0.956793,-0.148779]],[[0.967855,-0.251357,0.00871001],[-0.0887624,-0.373774,-0.923263],[0.235325,0.892812,-0.38407]]],"btipPosition":[0.00222976,197.772,12.2785],"carpPosition":[15.008,266.987,78.0769],"dipPosition":[4.29021,214.041,5.28011],"direction":[-0.249823,-0.956793,0.148779],"extended":false,"handId":972,"id":9723,"length":62.8339,"mcpPosition":[20.9632,278.696,18.4162],"pipPosition":[11.0395,239.89,1.26063],"stabilizedTipPosition":[9.59137,213.643,-30.0095],"timeVisible":8.20692,"tipPosition":[1.07037,201.826,9.90652],"tipVelocity":[-25.9487,-127.562,248.144],"tool":false,"touchDistance":0.333333,"touchZone":"none","type":3,"width":17.6296},{"bases":[[[0.893435,-0.432051,0.122902],[0.381506,0.874287,0.300124],[-0.237121,-0.221254,0.945949]],[[0.906344,-0.417603,0.0644046],[0.23788,0.378314,-0.89459],[0.349219,0.826127,0.442222]],[[0.906344,-0.417603,0.0644046],[0.0169272,-0.116416,-0.993056],[0.422201,0.901141,-0.0984438]],[[0.906344,-0.417603,0.0644046],[-0.0843022,-0.328072,-0.940883],[0.414045,0.847335,-0.332551]]],"btipPosition":[12.7653,211.694,16.1389],"carpPosition":[26.4122,259.103,77.414],"dipPosition":[19.7255,225.938,10.5487],"direction":[-0.422201,-0.901141,0.0984438],"extended":false,"handId":972,"id":9724,"length":49.2606,"mcpPosition":[39.8214,271.615,23.9205],"pipPosition":[27.7789,243.127,8.6709],"stabilizedTipPosition":[23.7959,225.452,-23.0378],"timeVisible":8.20692,"tipPosition":[14.5164,215.249,14.3629],"tipVelocity":[-33.9736,-117.935,241.619],"tool":false,"touchDistance":0.333333,"touchZone":"none","type":4,"width":15.66}],"r":[[0.955418,0.22035,0.196527],[-0.234389,0.970804,0.0510027],[-0.179551,-0.0947927,0.979171]],"s":0.885863,"t":[1.53232,-69.4188,-85.6508],"timestamp":669335749259},false],[6,{"currentFrameRate":52.7947,"devices":[],"gestures":[],"hands":[{"armBasis":[[0.912799,-0.114716,-0.391967],[0.000409646,0.959998,-0.280006],[0.408409,0.255429,0.876332]],"armWidth":62.1429,"confidence":0.72802,"direction":[-0.0299871,0.349212,-0.936564],"elbow":[118.846,319.364,320.619],"grabStrength":0,"id":972,"palmNormal":[-0.0228537,-0.93698,-0.348635],"palmPosition":[2.20027,266.629,39.3424],"palmVelocity":[-48.4298,-124.872,247.155],"palmWidth":88.738,"pinchStrength":0.666762,"r":[[0.954851,0.228304,0.1901],[-0.242117,0.96882,0.0526048],[-0.172162,-0.096256,0.980354]],"s":0.88492,"sphereCenter":[-8.83259,229.714,7.84509],"sphereRadius":44.9439,"stabilizedPalmPosition":[12.0594,278.938,-0.472219],"t":[0.669881,-71.6952,-81.1713],"timeVisible":8.22498,"type":"right","wrist":[11.3046,252.105,89.8658]}],"id":4962085,"interactionBox":{"center":[0,200,0],"size":[235.247,235.247,147.751]},"pointables":[{"bases":[[[0.416701,0.901797,0.114557],[-0.782298,0.291557,0.550458],[0.463001,-0.318994,0.826966]],[[0.21254,0.955601,-0.20409],[-0.875638,0.278958,0.394259],[0.433687,0.0949127,0.896051]],[[0.21254,0.955601,-0.20409],[-0.977103,0.209937,-0.0345824],[0.00979891,0.206767,0.978341]],[[0.21254,0.955601,-0.20409],[-0.970104,0.181312,-0.161321],[-0.117155,0.232275,0.965569]]],"btipPosition":[-35.3834,224.577,-7.86938],"carpPosition":[-16.6188,241.375,90.3223],"dipPosition":[-38.0574,229.879,14.1691],"direction":[-0.00979892,-0.206767,-0.978341],"extended":false,"handId":972,"id":9720,"length":50.8265,"mcpPosition":[-16.6188,241.375,90.3223],"pipPosition":[-37.7316,236.754,46.7007],"stabilizedTipPosition":[-26.3125,239.002,-44.5063],"timeVisible":8.22498,"tipPosition":[-35.8031,225.235,-2.58207],"tipVelocity":[-44.4442,-129.878,251.225],"tool":false,"touchDistance":0.551054,"touchZone":"hovering","type":0,"width":19.7488},{"bases":[[[0.980068,0.0478394,-0.192817],[-0.0066732,0.977953,0.208719],[0.198551,-0.203272,0.95878]],[[0.921639,0.0869993,-0.378169],[-0.137282,0.984621,-0.108056],[0.362952,0.151504,0.919409]],[[0.921639,0.0869993,-0.378169],[-0.194897,0.946489,-0.257243],[0.335553,0.310789,0.889277]],[[0.921639,0.0869993,-0.378169],[-0.232746,0.903723,-0.359323],[0.310499,0.419184,0.853156]]],"btipPosition":[-51.1724,256.726,-55.5786],"carpPosition":[-8.63578,262.801,86.9132],"dipPosition":[-45.9986,263.711,-41.3627],"direction":[-0.335553,-0.310789,-0.889277],"extended":true,"handId":972,"id":9721,"length":57.352,"mcpPosition":[-22.8815,277.385,18.1219],"pipPosition":[-38.0889,271.037,-20.4004],"stabilizedTipPosition":[-35.2928,276.905,-93.2593],"timeVisible":8.22498,"tipPosition":[-50.2441,259.104,-52.385],"tipVelocity":[-73.4357,-170.336,272.374],"tool":false,"touchDistance":0.500679,"touchZone":"hovering","type":1,"width":18.8641},{"bases":[[[0.984564,-0.147486,-0.0942467],[0.163476,0.967262,0.194115],[0.062532,-0.206526,0.976441]],[[0.982804,-0.142548,-0.117372],[-0.0414761,0.44898,-0.892579],[0.179933,0.882098,0.435347]],[[0.982804,-0.142548,-0.117372],[-0.130107,-0.0835426,-0.987974],[0.131028,0.986256,-0.100652]],[[0.982804,-0.142548,-0.117372],[-0.15892,-0.329317,-0.930749],[0.0940234,0.933397,-0.346308]]],"btipPosition":[-15.1882,193.239,6.65362],"carpPosition":[2.88166,265.109,84.4184],"dipPosition":[-13.465,210.345,0.306865],"direction":[-0.131028,-0.986256,0.100652],"extended":false,"handId":972,"id":9722,"length":65.348,"mcpPosition":[-1.3731,279.161,17.9801],"pipPosition":[-9.83128,237.696,-2.48449],"stabilizedTipPosition":[-6.16395,213.016,-39.909],"timeVisible":8.22498,"tipPosition":[-14.808,197.506,4.68497],"tipVelocity":[-18.2201,-130.569,241.539],"tool":false,"touchDistance":0.333333,"touchZone":"none","type":2,"width":18.527},{"bases":[[[0.967891,-0.248764,0.0361086],[0.235311,0.947176,0.217913],[-0.0884102,-0.20242,0.9753]],[[0.970543,-0.240925,-0.00082865],[0.0956784,0.388583,-0.916433],[0.221114,0.889358,0.400188]],[[0.970543,-0.240925,-0.00082865],[-0.0347052,-0.136401,-0.990046],[0.238414,0.960911,-0.140744]],[[0.970543,-0.240925,-0.00082865],[-0.0913344,-0.364745,-0.926617],[0.222943,0.899398,-0.376005]]],"btipPosition":[-0.0239043,195.63,16.3193],"carpPosition":[14.7134,264.365,82.6839],"dipPosition":[4.03847,212.018,9.46788],"direction":[-0.238414,-0.960911,0.140744],"extended":false,"handId":972,"id":9723,"length":62.8339,"mcpPosition":[20.1143,276.731,23.1032],"pipPosition":[10.4796,237.978,5.66547],"stabilizedTipPosition":[9.57848,213.622,-29.943],"timeVisible":8.22498,"tipPosition":[0.983187,199.72,13.9944],"tipVelocity":[-15.6759,-122.591,237.426],"tool":false,"touchDistance":0.333333,"touchZone":"none","type":3,"width":17.6296},{"bases":[[[0.898879,-0.423579,0.112241],[0.374247,0.875324,0.30618],[-0.227939,-0.233213,0.945334]],[[0.911167,-0.408477,0.054048],[0.227137,0.388501,-0.893015],[0.343778,0.825962,0.44677]],[[0.911167,-0.408477,0.054048],[0.010986,-0.107042,-0.994194],[0.411891,0.90647,-0.0930454]],[[0.911167,-0.408477,0.054048],[-0.087405,-0.319802,-0.943444],[0.40266,0.854911,-0.327096]]],"btipPosition":[12.606,209.656,20.2696],"carpPosition":[26.1965,256.612,81.8614],"dipPosition":[19.3748,224.027,14.771],"direction":[-0.411891,-0.90647,0.0930454],"extended":false,"handId":972,"id":9724,"length":49.2606,"mcpPosition":[39.0864,269.8,28.4027],"pipPosition":[27.2315,241.318,12.9962],"stabilizedTipPosition":[23.7811,225.433,-22.9732],"timeVisible":8.22498,"tipPosition":[14.3067,213.244,18.5112],"tipVelocity":[-23.1844,-114.742,236.028],"tool":false,"touchDistance":0.333333,"t