{"sensorType":"Leap","data":[[0,{"currentFrameRate":51.8802,"devices":[],"gestures":[{"center":[-36.6994,243.666,-19.7741],"duration":19215,"handIds":[972],"id":2,"normal":[-0.886134,0.268919,0.377425],"pointableIds":[9721],"progress":0.888166,"radius":26.6791,"state":"update","type":"circle"}],"hands":[{"armBasis":[[0.91185,-0.250841,-0.324975],[0.181996,0.956574,-0.227692],[0.367978,0.148477,0.917904]],"armWidth":62.1429,"confidence":0.634627,"direction":[0.0497774,0.482575,-0.874439],"elbow":[111.231,316.539,325.226],"grabStrength":0.0355621,"id":972,"palmNormal":[-0.200195,-0.852935,-0.482104],"palmPosition":[8.83968,300.742,35.8467],"palmVelocity":[-45.0328,267.483,-246.919],"palmWidth":88.738,"pinchStrength":0.833505,"r":[[0.977858,0.0698288,0.197278],[-0.10432,0.979862,0.170257],[-0.181416,-0.187068,0.96545]],"s":0.771317,"sphereCenter":[-2.40513,267.937,-1.52933],"sphereRadius":45.2497,"stabilizedPalmPosition":[10.9865,278.405,52.0438],"t":[7.29825,-44.8908,-75.5398],"timeVisible":12.137,"type":"right","wrist":[14.3359,277.442,83.5263]}],"id":4962297,"interactionBox":{"center":[0,200,0],"size":[235.247,235.247,147.751]},"pointables":[{"bases":[[[0.582515,0.776955,0.238785],[-0.71738,0.353311,0.600447],[0.382155,-0.521069,0.763181]],[[0.377777,0.92143,-0.0908361],[-0.83081,0.38065,0.40603],[0.408705,-0.0779212,0.909334]],[[0.377777,0.92143,-0.0908361],[-0.924748,0.380373,0.0125385],[0.0461049,0.0792638,0.995787]],[[0.377777,0.92143,-0.0908361],[-0.915275,0.356824,-0.186942],[-0.139842,0.153762,0.978162]]],"btipPosition":[-33.3813,270.03,-16.8337],"carpPosition":[-15.1434,272.382,82.8722],"dipPosition":[-36.5731,273.54,5.49226],"direction":[-0.0461049,-0.0792638,-0.995787],"extended":false,"handId":972,"id":9720,"length":50.8265,"mcpPosition":[-15.1434,272.382,82.8722],"pipPosition":[-35.04,276.175,38.6039],"stabilizedTipPosition":[-32.0732,256.273,0.870829],"timeVisible":12.137,"tipPosition":[-34.74,271.827,-11.5595],"tipVelocity":[-45.4687,267.117,-247.714],"tool":false,"touchDistance":-0.561348,"touchZone":"hovering","type":0,"width":19.7488},{"bases":[[[0.972958,-0.115205,-0.200203],[0.180888,0.919025,0.350246],[0.143642,-0.376988,0.915012]],[[0.937164,-0.05304,-0.344834],[0.043055,0.998404,-0.036556],[0.346222,0.0194122,0.937952]],[[0.937164,-0.05304,-0.344834],[-0.00380952,0.986762,-0.16213],[0.348868,0.153256,0.924556]],[[0.937164,-0.05304,-0.344834],[-0.0361868,0.968269,-0.247278],[0.347007,0.244219,0.905507]]],"btipPosition":[-41.928,310.671,-59.3179],"carpPosition":[-3.10976,292.117,82.5144],"dipPosition":[-36.1459,314.74,-44.2297],"direction":[-0.348868,-0.153256,-0.924556],"extended":true,"handId":972,"id":9721,"length":57.352,"mcpPosition":[-13.4159,319.166,16.8634],"pipPosition":[-27.9223,318.352,-22.4359],"stabilizedTipPosition":[-39.8136,307.436,-52.6825],"timeVisible":12.137,"tipPosition":[-40.5679,310.233,-55.5121],"tipVelocity":[-59.4949,337.122,-245.379],"tool":false,"touchDistance":-0.546567,"touchZone":"hovering","type":1,"width":18.8641},{"bases":[[[0.938231,-0.32005,-0.131496],[0.345884,0.877818,0.33136],[0.00937802,-0.356375,0.934296]],[[0.937862,-0.312938,-0.149952],[0.0869934,0.630357,-0.771415],[0.335928,0.710436,0.618411]],[[0.937862,-0.312938,-0.149952],[-0.0715251,0.248516,-0.965983],[0.339558,0.916684,0.210691]],[[0.937862,-0.312938,-0.149952],[-0.144066,0.0419873,-0.988677],[0.315691,0.948845,-0.00570561]]],"btipPosition":[-22.9656,240.532,-18.1871],"carpPosition":[8.66614,292.491,80.1919],"dipPosition":[-17.1799,257.921,-18.2917],"direction":[-0.339558,-0.916684,-0.210691],"extended":false,"handId":972,"id":9722,"length":65.348,"mcpPosition":[8.02805,316.739,16.6212],"pipPosition":[-7.76309,283.344,-12.4487],"stabilizedTipPosition":[-19.7528,235.506,-10.9247],"timeVisible":12.137,"tipPosition":[-21.5971,244.823,-18.5785],"tipVelocity":[-55.6038,261.875,-212.508],"tool":false,"touchDistance":-0.644019,"touchZone":"touching","type":2,"width":18.527},{"bases":[[[0.900623,-0.434262,-0.0171765],[0.412155,0.840901,0.350733],[-0.137866,-0.322958,0.936318]],[[0.907833,-0.411663,-0.0798324],[0.194211,0.581498,-0.790026],[0.371647,0.701708,0.607853]],[[0.907833,-0.411663,-0.0798324],[0.0121785,0.216183,-0.976277],[0.419155,0.885324,0.201272]],[[0.907833,-0.411663,-0.0798324],[-0.0763165,0.0250008,-0.99677],[0.412329,0.910993,-0.00872015]]],"btipPosition":[-6.46104,238.367,-10.7969],"carpPosition":[20.1482,289.731,78.1676],"dipPosition":[1.05225,254.966,-10.9558],"direction":[-0.419155,-0.885324,-0.201272],"extended":false,"handId":972,"id":9723,"length":62.8339,"mcpPosition":[28.5704,309.461,20.9683],"pipPosition":[12.3763,278.885,-5.51818],"stabilizedTipPosition":[-2.29023,229.897,0.313316],"timeVisible":12.137,"tipPosition":[-4.738,242.157,-10.4803],"tipVelocity":[-54.4109,279.664,-261.409],"tool":false,"touchDistance":-0.678453,"touchZone":"touching","type":3,"width":17.6296},{"bases":[[[0.79805,-0.601654,0.0335939],[0.533407,0.731262,0.425126],[-0.280345,-0.321353,0.90451]],[[0.813322,-0.58146,-0.0203034],[0.351412,0.518754,-0.779361],[0.4637,0.626736,0.626246]],[[0.813322,-0.58146,-0.0203034],[0.108892,0.186408,-0.976419],[0.571533,0.791932,0.214925]],[[0.813322,-0.58146,-0.0203034],[-0.0118584,0.0183227,-0.999762],[0.581693,0.813369,0.00800712]]],"btipPosition":[9.09858,247.887,-0.958927],"carpPosition":[29.9155,280.106,76.021],"dipPosition":[18.877,261.56,-0.824325],"direction":[-0.571533,-0.791932,-0.214925],"extended":false,"handId":972,"id":9724,"length":49.2606,"mcpPosition":[45.7691,298.279,24.8708],"pipPosition":[29.7788,276.666,3.27532],"stabilizedTipPosition":[14.1336,236.522,12.1542],"timeVisible":12.137,"tipPosition":[11.2753,250.878,-0.214669],"tipVelocity":[-52.2343,276.587,-262.708],"tool":false,"touchDistance":-0.67179,"touchZone":"touching","type":4,"width":15.66}],"r":[[0.977858,0.0698288,0.197278],[-0.10432,0.979862,0.170257],[-0.181416,-0.187068,0.96545]],"s":0.771317,"t":[7.29825,-44.8908,-75.5398],"timestamp":669339679319},false],[1,{"currentFrameRate":51.9696,"devices":[],"gestures":[{"center":[-36.6994,243.666,-19.7741],"duration":19215,"handIds":[972],"id":2,"normal":[-0.886134,0.268919,0.377425],"pointableIds":[9721],"progress":0.888166,"radius":26.6791,"state":"update","type":"circle"}],"hands":[{"armBasis":[[0.898363,-0.254685,-0.357883],[0.185002,0.958344,-0.217605],[0.398395,0.129279,0.908057]],"armWidth":62.1429,"confidence":0.639372,"direction":[0.0548521,0.488415,-0.870886],"elbow":[118.103,314.607,318.458],"grabStrength":0.018709,"id":972,"palmNormal":[-0.199321,-0.849288,-0.488856],"palmPosition":[7.97364,304.199,31.8047],"palmVelocity":[-45.4036,225.917,-230.624],"palmWidth":88.738,"pinchStrength":0.837604,"r":[[0.978337,0.0638597,0.196921],[-0.0997496,0.978941,0.178111],[-0.1814,-0.193896,0.964105]],"s":0.776158,"sphereCenter":[-4.09061,272.277,-5.69105],"sphereRadius":45.0772,"stabilizedPalmPosition":[10.3703,283.68,47.9045],"t":[6.43953,-40.6461,-79.8847],"timeVisible":12.1559,"type":"right","wrist":[13.1982,280.566,79.3508]}],"id":4962298,"interactionBox":{"center":[0,200,0],"size":[235.247,235.247,147.751]},"pointables":[{"bases":[[[0.582686,0.774291,0.24688],[-0.719676,0.350484,0.599355],[0.377548,-0.52691,0.761461]],[[0.378943,0.921608,-0.0839111],[-0.833215,0.379237,0.402408],[0.402684,-0.0825735,0.911607]],[[0.378943,0.921608,-0.0839111],[-0.924563,0.380933,0.00851085],[0.0398082,0.074356,0.996437]],[[0.378943,0.921608,-0.0839111],[-0.912961,0.357473,-0.19676],[-0.15134,0.151168,0.976854]]],"btipPosition":[-33.7592,273.659,-21.2887],"carpPosition":[-16.2862,275.562,78.5196],"dipPosition":[-37.2134,277.11,1.00735],"direction":[-0.0398082,-0.074356,-0.996437],"extended":false,"handId":972,"id":9720,"length":50.8265,"mcpPosition":[-16.2862,275.562,78.5196],"pipPosition":[-35.8897,279.582,34.1406],"stabilizedTipPosition":[-32.7589,261.299,-3.83754],"timeVisible":12.1559,"tipPosition":[-35.2146,275.449,-16.0232],"tipVelocity":[-34.5284,229.847,-241.92],"tool":false,"touchDistance":-0.600476,"touchZone":"hovering","type":0,"width":19.7488},{"bases":[[[0.973718,-0.11555,-0.196269],[0.180768,0.916307,0.357358],[0.13855,-0.383445,0.913112]],[[0.938496,-0.0520203,-0.341349],[0.0481005,0.998643,-0.0199432],[0.341923,0.00229758,0.939725]],[[0.938496,-0.0520203,-0.341349],[0.0029267,0.989749,-0.142787],[0.345278,0.133006,0.929028]],[[0.938496,-0.0520203,-0.341349],[-0.0284738,0.973559,-0.226652],[0.344114,0.222432,0.9122]]],"btipPosition":[-42.3569,315.852,-63.633],"carpPosition":[-4.217,295.278,78.3542],"dipPosition":[-36.623,319.559,-48.4333],"direction":[-0.345278,-0.133006,-0.929028],"extended":true,"handId":972,"id":9721,"length":57.352,"mcpPosition":[-14.1578,322.79,12.8396],"pipPosition":[-28.484,322.694,-26.5341],"stabilizedTipPosition":[-40.5207,312.789,-56.9874],"timeVisible":12.1559,"tipPosition":[-40.9985,315.202,-59.8162],"tipVelocity":[-41.7177,303.969,-236.258],"tool":false,"touchDistance":-0.584586,"touchZone":"hovering","type":1,"width":18.8641},{"bases":[[[0.938305,-0.320796,-0.129125],[0.345783,0.874939,0.338993],[0.00422934,-0.362728,0.931886]],[[0.938055,-0.313839,-0.146826],[0.0894658,0.628779,-0.77242],[0.334737,0.711437,0.617907]],[[0.938055,-0.313839,-0.146826],[-0.0700359,0.243265,-0.967428],[0.339334,0.917784,0.206216]],[[0.938055,-0.313839,-0.146826],[-0.142773,0.0359948,-0.989101],[0.315703,0.948794,-0.0110427]]],"btipPosition":[-23.6487,244.044,-21.878],"carpPosition":[7.57065,295.647,76.0914],"dipPosition":[-17.8629,261.432,-22.0804],"direction":[-0.339334,-0.917784,-0.206216],"extended":false,"handId":972,"id":9722,"length":65.348,"mcpPosition":[7.28288,320.328,12.6847],"pipPosition":[-8.45225,286.885,-16.3615],"stabilizedTipPosition":[-20.7192,240.229,-15.0687],"timeVisible":12.1559,"tipPosition":[-22.2878,248.43,-22.5303],"tipVelocity":[-46.0428,224.481,-204.571],"tool":false,"touchDistance":-0.663651,"touchZone":"touching","type":2,"width":18.527},{"bases":[[[0.899946,-0.435716,-0.0157682],[0.411895,0.837775,0.358435],[-0.142965,-0.329067,0.933422]],[[0.907208,-0.413943,-0.0750031],[0.199481,0.580262,-0.789622],[0.37038,0.70139,0.608992]],[[0.907208,-0.413943,-0.0750031],[0.0172413,0.214724,-0.976522],[0.420329,0.884616,0.201937]],[[0.907208,-0.413943,-0.0750031],[-0.071379,0.0242402,-0.997155],[0.414583,0.90998,-0.00755587]]],"btipPosition":[-7.2577,241.941,-14.7724],"carpPosition":[19.0576,292.881,74.104],"dipPosition":[0.29666,258.522,-14.9101],"direction":[-0.420329,-0.884616,-0.201937],"extended":false,"handId":972,"id":9723,"length":62.8339,"mcpPosition":[27.7913,312.984,17.0816],"pipPosition":[11.6524,282.421,-9.45453],"stabilizedTipPosition":[-3.26993,234.707,-4.272],"timeVisible":12.1559,"tipPosition":[-5.51206,245.82,-14.6817],"tipVelocity":[-48.1354,235.063,-236.152],"tool":false,"touchDistance":-0.698501,"touchZone":"touching","type":3,"width":17.6296},{"bases":[[[0.79684,-0.603268,0.0333656],[0.532596,0.727421,0.432667],[-0.285285,-0.326996,0.900936]],[[0.812371,-0.582791,-0.02018],[0.356204,0.523328,-0.77411],[0.461705,0.621677,0.632729]],[[0.812371,-0.582791,-0.02018],[0.114079,0.192764,-0.974591],[0.571873,0.789428,0.22308]],[[0.812371,-0.582791,-0.02018],[-0.0068501,0.0250661,-0.999662],[0.5831,0.812235,0.0163708]]],"btipPosition":[8.31973,251.595,-5.35826],"carpPosition":[28.8187,283.254,71.9392],"dipPosition":[18.1218,265.249,-5.08306],"direction":[-0.571873,-0.789428,-0.22308],"extended":false,"handId":972,"id":9724,"length":49.2606,"mcpPosition":[44.9516,301.745,20.9912],"pipPosition":[29.0301,280.307,-0.827864],"stabilizedTipPosition":[13.1689,241.458,7.42471],"timeVisible":12.1559,"tipPosition":[10.4987,254.577,-4.58763],"tipVelocity":[-46.6688,236.953,-247.095],"tool":false,"touchDistance":-0.69845,"touchZone":"touching","type":4,"width":15.66}],"r":[[0.978337,0.0638597,0.196921],[-0.0997496,0.978941,0.178111],[-0.1814,-0.193896,0.964105]],"s":0.776158,"t":[6.43953,-40.6461,-79.8847],"timestamp":669339698233},false],[2,{"currentFrameRate":52.0479,"devices":[],"gestures":[{"center":[-36.6994,243.666,-19.7741],"duration":19215,"handIds":[972],"id":2,"normal":[-0.886134,0.268919,0.377425],"pointableIds":[9721],"progress":0.888166,"radius":26.6791,"state":"update","type":"circle"}],"hands":[{"armBasis":[[0.903952,-0.235979,-0.35663],[0.183293,0.967276,-0.175446],[0.386361,0.0932268,0.917624]],"armWidth":62.1429,"confidence":0.638326,"direction":[0.0496421,0.506156,-0.861012],"elbow":[114.931,306.268,317.86],"grabStrength":0.00400015,"id":972,"palmNormal":[-0.198696,-0.839838,-0.505165],"palmPosition":[7.69612,306.295,29.1988],"palmVelocity":[-30.3143,169.385,-185.003],"palmWidth":88.738,"pinchStrength":0.834621,"r":[[0.978824,0.0589182,0.19604],[-0.0965682,0.977326,0.188437],[-0.180492,-0.203378,0.96232]],"s":0.78192,"sphereCenter":[-5.30131,275.674,-8.71168],"sphereRadius":44.9279,"stabilizedPalmPosition":[9.87507,287.868,44.4405],"t":[5.87141,-37.4758,-83.3601],"timeVisible":12.1748,"type":"right","wrist":[13.1954,281.719,76.2333]}],"id":4962299,"interactionBox":{"center":[0,200,0],"size":[235.247,235.247,147.751]},"pointables":[{"bases":[[[0.581273,0.771009,0.260129],[-0.718249,0.335919,0.609325],[0.382413,-0.541022,0.749037]],[[0.375434,0.924419,-0.0670817],[-0.833111,0.368296,0.412655],[0.406172,-0.0990383,0.908414]],[[0.375434,0.924419,-0.0670817],[-0.92583,0.37743,0.019615],[0.0434511,0.0547421,0.997555]],[[0.375434,0.924419,-0.0670817],[-0.914381,0.357581,-0.189849],[-0.151513,0.132614,0.979519]]],"btipPosition":[-34.0362,276.612,-24.3278],"carpPosition":[-16.2762,276.638,75.423],"dipPosition":[-37.4944,279.639,-1.97094],"direction":[-0.0434511,-0.0547421,-0.997555],"extended":false,"handId":972,"id":9720,"length":50.8265,"mcpPosition":[-16.2762,276.638,75.423],"pipPosition":[-36.0496,281.46,31.1995],"stabilizedTipPosition":[-33.2769,265.3,-7.67329],"timeVisible":12.1748,"tipPosition":[-35.498,278.275,-19.0327],"tipVelocity":[-24.7881,191.087,-201.63],"tool":false,"touchDistance":-0.614138,"touchZone":"hovering","type":0,"width":19.7488},{"bases":[[[0.973243,-0.108388,-0.202609],[0.179378,0.90945,0.375132],[0.143603,-0.401439,0.904558]],[[0.93673,-0.041381,-0.347597],[0.0473272,0.998842,0.00862988],[0.346838,-0.0245347,0.937604]],[[0.93673,-0.041381,-0.347597],[0.00230839,0.993697,-0.112078],[0.350044,0.104184,0.930921]],[[0.93673,-0.041381,-0.347597],[-0.0290862,0.980353,-0.195093],[0.348841,0.19286,0.917123]]],"btipPosition":[-43.1697,320.554,-65.8034],"carpPosition":[-4.27017,296.393,75.6079],"dipPosition":[-37.357,323.767,-50.5217],"direction":[-0.350044,-0.104184,-0.930921],"extended":true,"handId":972,"id":9721,"length":57.352,"mcpPosition":[-14.5735,325.195,10.707],"pipPosition":[-29.1057,326.223,-28.5778],"stabilizedTipPosition":[-41.2956,317.811,-60.1184],"timeVisible":12.1748,"tipPosition":[-41.7594,319.712,-62.0208],"tipVelocity":[-41.8507,273.761,-176.089],"tool":false,"touchDistance":-0.586734,"touchZone":"hovering","type":1,"width":18.8641},{"bases":[[[0.938761,-0.315067,-0.1395],[0.344443,0.868999,0.355247],[0.00929868,-0.381542,0.924305]],[[0.938425,-0.307902,-0.156701],[0.0805164,0.635994,-0.767482],[0.33597,0.707607,0.621623]],[[0.938425,-0.307902,-0.156701],[-0.0818204,0.242596,-0.966671],[0.335655,0.919969,0.202466]],[[0.938425,-0.307902,-0.156701],[-0.154405,0.0319698,-0.98749],[0.30906,0.950881,-0.0175403]]],"btipPosition":[-23.8919,246.603,-24.1011],"carpPosition":[7.50663,296.845,73.3041],"dipPosition":[-18.2278,264.03,-24.4226],"direction":[-0.335655,-0.919969,-0.202466],"extended":false,"handId":972,"id":9722,"length":65.348,"mcpPosition":[6.87394,322.806,10.4133],"pipPosition":[-8.91917,289.543,-18.8077],"stabilizedTipPosition":[-21.4154,244.095,-18.4592],"timeVisible":12.1748,"tipPosition":[-22.5791,251.144,-25.1256],"tipVelocity":[-30.4743,180.901,-162.522],"tool":false,"touchDistance":-0.659377,"touchZone":"touching","type":2,"width":18.527},{"bases":[[[0.901243,-0.432387,-0.0283408],[0.410754,0.831662,0.373656],[-0.137994,-0.348396,0.927134]],[[0.907818,-0.411063,-0.0830294],[0.194067,0.587303,-0.785757],[0.371759,0.697211,0.612938]],[[0.907818,-0.411063,-0.0830294],[0.0105573,0.220327,-0.975369],[0.419232,0.884581,0.204357]],[[0.907818,-0.411063,-0.0830294],[-0.0776866,0.0297191,-0.996535],[0.412106,0.911122,-0.00495458]]],"btipPosition":[-7.61053,244.56,-17.5637],"carpPosition":[18.9938,294.157,71.2134],"dipPosition":[-0.101304,261.163,-17.654],"direction":[-0.419232,-0.884581,-0.204357],"extended":false,"handId":972,"id":9723,"length":62.8339,"mcpPosition":[27.4238,315.441,14.575],"pipPosition":[11.2248,285.061,-12.133],"stabilizedTipPosition":[-4.03559,238.712,-8.17214],"timeVisible":12.1748,"tipPosition":[-5.85298,248.585,-17.8077],"tipVelocity":[-33.9276,187.738,-192.344],"tool":false,"touchDistance":-0.698689,"touchZone":"touching","type":3,"width":17.6296},{"bases":[[[0.798874,-0.601235,0.0178087],[0.532114,0.720217,0.445132],[-0.280455,-0.346128,0.895288]],[[0.813976,-0.579852,-0.0348415],[0.351384,0.539247,-0.765338],[0.462571,0.610724,0.642685]],[[0.813976,-0.579852,-0.0348415],[0.109428,0.211963,-0.971132],[0.570498,0.786666,0.235985]],[[0.813976,-0.579852,-0.0348415],[-0.0110361,0.0445316,-0.998947],[0.580793,0.813504,0.0298484]]],"btipPosition":[8.03907,254.44,-8.98092],"carpPosition":[28.776,284.607,68.8132],"dipPosition":[17.8023,268.115,-8.47917],"direction":[-0.570498,-0.786666,-0.235985],"extended":false,"handId":972,"id":9724,"length":49.2606,"mcpPosition":[44.6357,304.181,18.1846],"pipPosition":[28.6844,283.121,-3.97782],"stabilizedTipPosition":[12.4378,245.546,3.29577],"timeVisible":12.1748,"tipPosition":[10.2194,257.425,-8.19917],"tipVelocity":[-31.2713,194.553,-218.411],"tool":false,"touchDistance":-0.710496,"touchZone":"touching","type":4,"width":15.66}],"r":[[0.978824,0.0589182,0.19604],[-0.0965682,0.977326,0.188437],[-0.180492,-0.203378,0.96232]],"s":0.78192,"t":[5.87141,-37.4758,-83.3601],"timestamp":669339717159},false],[3,{"currentFrameRate":52.1257,"devices":[],"gestures":[{"center":[-36.6994,243.666,-19.7741],"duration":19215,"handIds":[972],"id":2,"normal":[-0.886134,0.268919,0.377425],"pointableIds":[9721],"progress":0.888166,"radius":26.6791,"state":"update","type":"circle"}],"hands":[{"armBasis":[[0.903151,-0.253679,-0.346359],[0.19383,0.96079,-0.198276],[0.383077,0.111939,0.916909]],"armWidth":62.1429,"confidence":0.617845,"direction":[0.0540758,0.500193,-0.864224],"elbow":[113.711,314.853,315.324],"grabStrength":0,"id":972,"palmNormal":[-0.210922,-0.84024,-0.499509],"palmPosition":[7.54323,309.735,26.7149],"palmVelocity":[-19.4153,175.576,-158.729],"palmWidth":88.738,"pinchStrength":0.833401,"r":[[0.97944,0.0526519,0.194746],[-0.091368,0.976432,0.195529],[-0.179861,-0.209303,0.961167]],"s":0.787863,"sphereCenter":[-6.74862,279.56,-10.8408],"sphereRadius":44.8465,"stabilizedPalmPosition":[9.43262,292.018,41.0772],"t":[5.5109,-34.1706,-86.3397],"timeVisible":12.1937,"type":"right","wrist":[12.8398,285.378,73.8859]}],"id":4962300,"interactionBox":{"center":[0,200,0],"size":[235.247,235.247,147.751]},"pointables":[{"bases":[[[0.591948,0.764917,0.253966],[-0.712261,0.348999,0.609003],[0.377203,-0.541389,0.751409]],[[0.387137,0.919056,-0.0739028],[-0.827538,0.381691,0.411694],[0.406578,-0.0982246,0.90832]],[[0.387137,0.919056,-0.0739028],[-0.920839,0.389455,0.0194888],[0.0466931,0.0605078,0.997075]],[[0.387137,0.919056,-0.0739028],[-0.909818,0.367785,-0.192261],[-0.149518,0.14167,0.978557]]],"btipPosition":[-34.6308,280.213,-26.5296],"carpPosition":[-16.6977,280.677,73.1788],"dipPosition":[-38.0434,283.447,-4.19466],"direction":[-0.0466931,-0.0605078,-0.997075],"extended":false,"handId":972,"id":9720,"length":50.8265,"mcpPosition":[-16.6977,280.677,73.1788],"pipPosition":[-36.4908,285.459,28.9598],"stabilizedTipPosition":[-33.8359,269.392,-11.2586],"timeVisible":12.1937,"tipPosition":[-36.066,281.912,-21.2474],"tipVelocity":[-27.7877,192.046,-160.012],"tool":false,"touchDistance":-0.61416,"touchZone":"hovering","type":0,"width":19.7488},{"bases":[[[0.97123,-0.12234,-0.204317],[0.192187,0.909302,0.369099],[0.14063,-0.397747,0.906653]],[[0.934732,-0.0550604,-0.351062],[0.0627236,0.997976,0.0104848],[0.349774,-0.0318203,0.936294]],[[0.934732,-0.0550604,-0.351062],[0.0179895,0.993988,-0.107998],[0.354898,0.0946337,0.930103]],[[0.934732,-0.0550604,-0.351062],[-0.0134522,0.981732,-0.189792],[0.355099,0.182127,0.916916]]],"btipPosition":[-43.4621,324.879,-68.271],"carpPosition":[-4.43423,300.274,73.213],"dipPosition":[-37.5452,327.914,-52.9927],"direction":[-0.354898,-0.0946337,-0.930103],"extended":true,"handId":972,"id":9721,"length":57.352,"mcpPosition":[-14.5243,328.811,8.16172],"pipPosition":[-29.1795,330.145,-31.0681],"stabilizedTipPosition":[-41.7849,322.528,-62.9356],"timeVisible":12.1937,"tipPosition":[-42.0232,323.937,-64.5017],"tipVelocity":[-28.2929,250.674,-153.783],"tool":false,"touchDistance":-0.593419,"touchZone":"hovering","type":1,"width":18.8641},{"bases":[[[0.934211,-0.328162,-0.139855],[0.356659,0.866575,0.349059],[0.00664694,-0.375976,0.926606]],[[0.933959,-0.321662,-0.155735],[0.0862606,0.625786,-0.775211],[0.346812,0.710582,0.612205]],[[0.933959,-0.321662,-0.155735],[-0.0824002,0.230209,-0.969646],[0.34775,0.918443,0.188501]],[[0.933959,-0.321662,-0.155735],[-0.15776,0.0199338,-0.987276],[0.320674,0.946645,-0.032128]]],"btipPosition":[-24.9344,249.918,-25.5867],"carpPosition":[7.34163,300.558,70.8777],"dipPosition":[-19.0574,267.267,-26.1755],"direction":[-0.34775,-0.918443,-0.188501],"extended":false,"handId":972,"id":9722,"length":65.348,"mcpPosition":[6.88936,326.14,7.83029],"pipPosition":[-9.41341,292.738,-20.9479],"stabilizedTipPosition":[-22.3159,248.172,-21.477],"timeVisible":12.1937,"tipPosition":[-23.5769,254.451,-26.7387],"tipVelocity":[-41.309,177.723,-122.964],"tool":false,"touchDistance":-0.644979,"touchZone":"touching","type":2,"width":18.527},{"bases":[[[0.895444,-0.444299,-0.027886],[0.422523,0.828488,0.367536],[-0.140192,-0.34089,0.929591]],[[0.901891,-0.424507,-0.0799133],[0.199397,0.573244,-0.794753],[0.383188,0.700846,0.601649]],[[0.901891,-0.424507,-0.0799133],[0.00944288,0.204331,-0.978856],[0.43186,0.882067,0.188293]],[[0.901891,-0.424507,-0.0799133],[-0.0814293,0.0146026,-0.996572],[0.424218,0.905307,-0.0213973]]],"btipPosition":[-8.74248,247.668,-18.9262],"carpPosition":[18.7874,297.708,68.7755],"dipPosition":[-1.01255,264.164,-19.3161],"direction":[-0.43186,-0.882067,-0.188293],"extended":false,"handId":972,"id":9723,"length":62.8339,"mcpPosition":[27.3517,318.533,11.987],"pipPosition":[10.6547,287.994,-14.2291],"stabilizedTipPosition":[-5.01213,242.963,-11.7875],"timeVisible":12.1937,"tipPosition":[-6.91803,251.739,-19.445],"tipVelocity":[-45.343,175.661,-135.161],"tool":false,"touchDistance":-0.678626,"touchZone":"touching","type":3,"width":17.6296},{"bases":[[[0.790996,-0.611509,0.0195498],[0.542597,0.715904,0.439398],[-0.282692,-0.336954,0.89808]],[[0.806041,-0.590966,-0.0325001],[0.356215,0.528243,-0.77076],[0.472661,0.609687,0.636297]],[[0.806041,-0.590966,-0.0325001],[0.109363,0.202681,-0.973119],[0.581667,0.78082,0.227999]],[[0.806041,-0.590966,-0.0325001],[-0.0132358,0.0368999,-0.999231],[0.591711,0.805852,0.021921]]],"btipPosition":[7.08298,257.606,-11.036],"carpPosition":[28.4379,288.016,66.4101],"dipPosition":[17.0298,271.152,-10.6675],"direction":[-0.581667,-0.78082,-0.227999],"extended":false,"handId":972,"id":9724,"length":49.2606,"mcpPosition":[44.4242,307.071,15.6236],"pipPosition":[28.1249,286.046,-6.31849],"stabilizedTipPosition":[11.6042,249.671,-0.576568],"timeVisible":12.1937,"tipPosition":[9.31912,260.591,-10.3561],"tipVelocity":[-39.6481,180.52,-165.421],"tool":false,"touchDistance":-0.699066,"touchZone":"touching","type":4,"width":15.66}],"r":[[0.97944,0.0526519,0.194746],[-0.091368,0.976432,0.195529],[-0.179861,-0.209303,0.961167]],"s":0.787863,"t":[5.5109,-34.1706,-86.3397],"timestamp":669339736059},false],[4,{"currentFrameRate":52.2009,"devices":[],"gestures":[{"center":[-36.6994,243.666,-19.7741],"duration":19215,"handIds":[972],"id":2,"normal":[-0.886134,0.268919,0.377425],"pointableIds":[9721],"progress":0.888166,"radius":26.6791,"state":"update","type":"circle"}],"hands":[{"armBasis":[[0.898374,-0.260951,-0.353312],[0.201151,0.959504,-0.197205],[0.390465,0.106094,0.914484]],"armWidth":62.1429,"confidence":0.585912,"direction":[0.0624466,0.496011,-0.866068],"elbow":[114.049,317.364,310.079],"grabStrength":0,"id":972,"palmNormal":[-0.21277,-0.841197,-0.497108],"palmPosition":[6.37575,313.606,21.9686],"palmVelocity":[-40.2016,189.996,-204.128],"palmWidth":88.738,"pinchStrength":0.83555,"r":[[0.97972,0.0466616,0.19486],[-0.0863032,0.975943,0.200215],[-0.18083,-0.212972,0.960179]],"s":0.793306,"sphereCenter":[-8.63848,283.843,-15.4247],"sphereRadius":44.7855,"stabilizedPalmPosition":[8.88489,295.886,37.6533],"t":[4.74691,-30.5826,-90.2027],"timeVisible":12.2126,"type":"right","wrist":[11.2325,289.428,69.2791]}],"id":4962301,"interactionBox":{"center":[0,200,0],"size":[235.247,235.247,147.751]},"pointables":[{"bases":[[[0.594872,0.762535,0.2543],[-0.713976,0.355904,0.602968],[0.369278,-0.540253,0.756149]],[[0.392879,0.916466,-0.0757386],[-0.828532,0.388507,0.403234],[0.398975,-0.0956703,0.911957]],[[0.392879,0.916466,-0.0757386],[-0.918726,0.394746,0.0108693],[0.0398589,0.0653127,0.997068]],[[0.392879,0.916466,-0.0757386],[-0.905739,0.371406,-0.204191],[-0.159004,0.148822,0.975997]]],"btipPosition":[-35.4464,283.988,-31.4196],"carpPosition":[-18.3273,284.899,68.4072],"dipPosition":[-39.0756,287.384,-9.14313],"direction":[-0.0398589,-0.0653127,-0.997068],"extended":false,"handId":972,"id":9720,"length":50.8265,"mcpPosition":[-18.3273,284.899,68.4072],"pipPosition":[-37.7502,289.556,24.0111],"stabilizedTipPosition":[-34.4203,273.067,-14.8525],"timeVisible":12.2126,"tipPosition":[-36.9501,285.706,-26.1604],"tipVelocity":[-36.6323,196.862,-208.861],"tool":false,"touchDistance":-0.654629,"touchZone":"hovering","type":0,"width":19.7488},{"bases":[[[0.971747,-0.128978,-0.197668],[0.195261,0.909787,0.36628],[0.132594,-0.394528,0.909267]],[[0.936058,-0.061421,-0.346444],[0.0708741,0.997377,0.0146699],[0.344635,-0.0382858,0.937956]],[[0.936058,-0.061421,-0.346444],[0.0273569,0.99437,-0.102376],[0.350782,0.0863522,0.932467]],[[0.936058,-0.061421,-0.346444],[-0.00341509,0.983013,-0.183505],[0.35183,0.172955,0.919947]]],"btipPosition":[-44.0328,329.416,-73.4156],"carpPosition":[-5.9483,304.422,68.4318],"dipPosition":[-38.1703,332.298,-58.0867],"direction":[-0.350782,-0.0863522,-0.932467],"extended":true,"handId":972,"id":9721,"length":57.352,"mcpPosition":[-15.4618,332.729,3.19305],"pipPosition":[-29.9016,334.333,-36.1064],"stabilizedTipPosition":[-42.2858,326.733,-66.8086],"timeVisible":12.2126,"tipPosition":[-42.5953,328.389,-69.6497],"tipVelocity":[-29.5637,244.664,-211.64],"tool":false,"touchDistance":-0.639405,"touchZone":"hovering","type":1,"width":18.8641},{"bases":[[[0.933106,-0.334288,-0.132532],[0.359599,0.866002,0.347462],[-0.00138001,-0.371877,0.928281]],[[0.933004,-0.328164,-0.147691],[0.0944623,0.619345,-0.779416],[0.347247,0.713247,0.60885]],[[0.933004,-0.328164,-0.147691],[-0.0757269,0.222179,-0.972061],[0.351809,0.91812,0.182443]],[[0.933004,-0.328164,-0.147691],[-0.152215,0.0120117,-0.988274],[0.32609,0.944545,-0.0387445]]],"btipPosition":[-26.1187,253.63,-29.9621],"carpPosition":[5.84342,304.627,66.1694],"dipPosition":[-20.1425,270.941,-30.6721],"direction":[-0.351809,-0.91812,-0.182443],"extended":false,"handId":972,"id":9722,"length":65.348,"mcpPosition":[5.93731,329.93,3.00798],"pipPosition":[-10.3859,296.402,-25.6125],"stabilizedTipPosition":[-23.2783,251.913,-24.9045],"timeVisible":12.2126,"tipPosition":[-24.7332,258.149,-31.1626],"tipVelocity":[-51.2102,186.745,-176.986],"tool":false,"touchDistance":-0.674863,"touchZone":"touching","type":2,"width":18.527},{"bases":[[[0.892952,-0.449695,-0.0202964],[0.425119,0.827609,0.36652],[-0.148025,-0.335913,0.930189]],[[0.899715,-0.430636,-0.0711771],[0.208924,0.568068,-0.796021],[0.383228,0.701321,0.601069]],[[0.899715,-0.430636,-0.0711771],[0.0171568,0.197837,-0.980085],[0.436141,0.880576,0.185386]],[[0.899715,-0.430636,-0.0711771],[-0.0751657,0.00776979,-0.997141],[0.429957,0.902492,-0.0253784]]],"btipPosition":[-9.9884,251.427,-23.4101],"carpPosition":[17.285,301.7,64.1517],"dipPosition":[-2.1539,267.871,-23.8726],"direction":[-0.436141,-0.880576,-0.185386],"extended":false,"handId":972,"id":9723,"length":62.8339,"mcpPosition":[26.3278,322.221,7.32677],"pipPosition":[9.62905,291.661,-18.8641],"stabilizedTipPosition":[-6.04409,246.944,-15.6005],"timeVisible":12.2126,"tipPosition":[-8.14024,255.473,-23.9541],"tipVelocity":[-54.8346,186.83,-185.732],"tool":false,"touchDistance":-0.706605,"touchZone":"touching","type":3,"width":17.6296},{"bases":[[[0.787219,-0.616073,0.0272204],[0.544071,0.71464,0.439632],[-0.290298,-0.331277,0.897766]],[[0.802122,-0.59673,-0.022666],[0.362479,0.516705,-0.775644],[0.474562,0.613945,0.630763]],[[0.802122,-0.59673,-0.022666],[0.113854,0.190082,-0.975144],[0.586206,0.779604,0.220409]],[[0.802122,-0.59673,-0.022666],[-0.00936978,0.025375,-0.999634],[0.597087,0.802041,0.0147627]]],"btipPosition":[5.72524,261.15,-15.0826],"carpPosition":[26.8925,291.941,61.8898],"dipPosition":[15.7624,274.633,-14.8344],"direction":[-0.586206,-0.779604,-0.220409],"extended":false,"handId":972,"id":9724,"length":49.2606,"mcpPosition":[43.3089,310.675,11.1211],"pipPosition":[26.9441,289.503,-10.6301],"stabilizedTipPosition":[10.6379,253.617,-4.48686],"timeVisible":12.2126,"tipPosition":[8.02597,264.204,-14.65],"tipVelocity":[-54.9176,183.659,-190.097],"tool":false,"touchDistance":-0.718606,"touchZone":"touching","type":4,"width":15.66}],"r":[[0.97972,0.0466616,0.19486],[-0.0863032,0.975943,0.200215],[-0.18083,-0.212972,0.960179]],"s":0.793306,"t":[4.74691,-30.5826,-90.2027],"timestamp":669339754941},false],[5,{"currentFrameRate":52.3102,"devices":[],"gestures":[{"center":[-36.6994,243.666,-19.7741],"duration":19215,"handIds":[972],"id":2,"normal":[-0.886134,0.268919,0.377425],"pointableIds":[9721],"progress":0.888166,"radius":26.6791,"state":"update","type":"circle"}],"hands":[{"armBasis":[[0.902796,-0.244996,-0.353462],[0.186963,0.963727,-0.19046],[0.387303,0.105862,0.915855]],"armWidth":62.1429,"confidence":0.553287,"direction":[0.0589715,0.510275,-0.857987],"elbow":[112.736,318.677,307.785],"grabStrength":0,"id":972,"palmNormal":[-0.198018,-0.836424,-0.511061],"palmPosition":[5.74978,315.637,19.6712],"palmVelocity":[-36.9092,150.309,-164.485],"palmWidth":88.738,"pinchStrength":0.834601,"r":[[0.97961,0.0441602,0.195997],[-0.0853311,0.974635,0.206896],[-0.181889,-0.219402,0.95853]],"s":0.798445,"sphereCenter":[-9.21601,286.583,-18.164],"sphereRadius":44.7625,"stabilizedPalmPosition":[8.37506,299.098,34.7291],"t":[4.05193,-27.773,-93.2829],"timeVisible":12.2313,"type":"right","wrist":[10.7521,290.801,66.6244]}],"id":4962302,"interactionBox":{"center":[0,200,0],"size":[235.247,235.247,147.751]},"pointables":[{"bases":[[[0.582335,0.767198,0.268874],[-0.721887,0.335905,0.605018],[0.373853,-0.54642,0.74944]],[[0.379578,0.923233,-0.059678],[-0.836111,0.369941,0.405046],[0.396029,-0.103849,0.912347]],[[0.379578,0.923233,-0.059678],[-0.924527,0.380913,0.0124178],[0.0341967,0.0504604,0.99814]],[[0.379578,0.923233,-0.059678],[-0.910197,0.361107,-0.202837],[-0.165716,0.131311,0.977392]]],"btipPosition":[-35.3673,286.231,-34.3704],"carpPosition":[-18.733,285.85,65.5428],"dipPosition":[-39.1496,289.228,-12.0621],"direction":[-0.0341967,-0.0504604,-0.99814],"extended":false,"handId":972,"id":9720,"length":50.8265,"mcpPosition":[-18.733,285.85,65.5428],"pipPosition":[-38.0125,290.906,21.1278],"stabilizedTipPosition":[-34.7843,275.842,-17.7349],"timeVisible":12.2313,"tipPosition":[-36.912,287.825,-29.0943],"tipVelocity":[-17.6462,156.951,-183.724],"tool":false,"touchDistance":-0.661652,"touchZone":"hovering","type":0,"width":19.7488},{"bases":[[[0.974434,-0.111519,-0.195042],[0.180082,0.906773,0.381227],[0.134344,-0.406604,0.903673]],[[0.938091,-0.0417321,-0.343867],[0.0578203,0.997654,0.036661],[0.34153,-0.0542738,0.938303]],[[0.938091,-0.0417321,-0.343867],[0.0150779,0.996695,-0.0798266],[0.346061,0.0696998,0.935619]],[[0.938091,-0.0417321,-0.343867],[-0.0151148,0.986839,-0.160998],[0.34606,0.156229,0.925114]]],"btipPosition":[-44.5181,332.753,-75.6929],"carpPosition":[-6.64549,305.552,65.928],"dipPosition":[-38.7518,335.356,-60.278],"direction":[-0.346061,-0.0696997,-0.935619],"extended":true,"handId":972,"id":9721,"length":57.352,"mcpPosition":[-16.2845,334.725,1.0906],"pipPosition":[-30.5943,336.999,-38.2234],"stabilizedTipPosition":[-42.7679,330.255,-69.6493],"timeVisible":12.2313,"tipPosition":[-43.0704,331.656,-71.9538],"tipVelocity":[-28.3675,210.66,-167.301],"tool":false,"touchDistance":-0.637661,"touchZone":"hovering","type":1,"width":18.8641},{"bases":[[[0.938553,-0.318365,-0.133272],[0.345135,0.865718,0.362512],[-0.0000351832,-0.386234,0.922401]],[[0.938437,-0.312228,-0.147817],[0.0885411,0.630998,-0.770715],[0.333911,0.71018,0.619797]],[[0.938437,-0.312228,-0.147817],[-0.0751343,0.233176,-0.969528],[0.337181,0.920947,0.195362]],[[0.938437,-0.312228,-0.147817],[-0.148416,0.0219856,-0.988681],[0.311944,0.949753,-0.0257077]]],"btipPosition":[-25.6099,255.916,-33.1183],"carpPosition":[5.15195,305.966,63.7248],"dipPosition":[-19.8929,273.322,-33.5895],"direction":[-0.337181,-0.920947,-0.195362],"extended":false,"handId":972,"id":9722,"length":65.348,"mcpPosition":[5.15434,332.246,0.963457],"pipPosition":[-10.542,298.862,-28.1716],"stabilizedTipPosition":[-23.6312,254.692,-27.7934],"timeVisible":12.2313,"tipPosition":[-24.2901,260.468,-34.2588],"tipVelocity":[-14.578,155.84,-171.482],"tool":false,"touchDistance":-0.68223,"touchZone":"touching","type":2,"width":18.527},{"bases":[[[0.899612,-0.436082,-0.0230266],[0.411131,0.828006,0.381284],[-0.147205,-0.352474,0.924171]],[[0.90605,-0.417164,-0.0710501],[0.205215,0.579981,-0.788358],[0.370083,0.699711,0.6111]],[[0.90605,-0.417164,-0.0710501],[0.0184569,0.206696,-0.978231],[0.422769,0.885014,0.194977]],[[0.90605,-0.417164,-0.0710501],[-0.0714605,0.0146564,-0.997336],[0.417094,0.908713,-0.0165314]]],"btipPosition":[-9.51034,253.815,-26.3354],"carpPosition":[16.6447,303.24,61.7162],"dipPosition":[-1.91023,270.373,-26.6366],"direction":[-0.422769,-0.885014,-0.194977],"extended":false,"handId":972,"id":9723,"length":62.8339,"mcpPosition":[25.6374,324.772,5.25886],"pipPosition":[9.51146,294.283,-21.3691],"stabilizedTipPosition":[-6.55626,250.127,-18.821],"timeVisible":12.2313,"tipPosition":[-7.71516,257.921,-26.9381],"tipVelocity":[-17.089,158.659,-170.423],"tool":false,"touchDistance":-0.707601,"touchZone":"touching","type":3,"width":17.6296},{"bases":[[[0.796149,-0.604722,0.0214105],[0.531417,0.715685,0.453201],[-0.289384,-0.349437,0.891151]],[[0.810618,-0.584963,-0.0267595],[0.357986,0.53121,-0.767894],[0.463405,0.61289,0.640017]],[[0.810618,-0.584963,-0.0267595],[0.113547,0.20185,-0.972812],[0.574461,0.785541,0.230044]],[[0.810618,-0.584963,-0.0267595],[-0.00759362,0.0351929,-0.999352],[0.585526,0.810296,0.0240861]]],"btipPosition":[5.99027,263.681,-17.9089],"carpPosition":[26.4062,293.66,59.3491],"dipPosition":[15.8331,277.302,-17.504],"direction":[-0.574461,-0.785541,-0.230044],"extended":false,"handId":972,"id":9724,"length":49.2606,"mcpPosition":[42.7708,313.421,8.95444],"pipPosition":[26.7907,292.286,-13.116],"stabilizedTipPosition":[10.019,257.043,-7.94733],"timeVisible":12.2313,"tipPosition":[8.26599,266.797,-17.5673],"tipVelocity":[-22.4353,160.882,-170.114],"tool":false,"touchDistance":-0.716933,"touchZone":"touching","type":4,"width":15.66}],"r":[[0.97961,0.0441602,0.195997],[-0.0853311,0.974635,0.206896],[-0.181889,-0.219402,0.95853]],"s":0.798445,"t":[4.05193,-27.773,-93.2829],"timestamp":669339773659},false],[6,{"currentFrameRate":52.38,"devices":[],"gestures":[{"center":[-36.6994,243.666,-19.7741],"duration":19215,"handIds":[972],"id":2,"normal":[-0.886134,0.268919,0.377425],"pointableIds":[9721],"progress":0.888166,"radius":26.6791,"state":"stop","type":"circle"}],"hands":[{"armBasis":[[0.907635,-0.23665,-0.346692],[0.181112,0.965876,-0.185152],[0.378677,0.10526,0.919524]],"armWidth":62.1429,"confidence":0.562171,"direction":[0.0531791,0.518148,-0.853636],"elbow":[110.774,319.59,306.568],"grabStrength":0,"id":972,"palmNormal":[-0.195666,-0.832868,-0.517732],"palmPosition":[5.7584,317.098,17.7293],"palmVelocity":[-18.6276,114.699,-134.447],"palmWidth":88.738,"pinchStrength":0.833517,"r":[[0.979619,0.0428071,0.196248],[-0.0853977,0.973088,0.214026],[-0.181805,-0.226423,0.956911]],"s":0.804121,"sphereCenter":[-9.80533,288.687,-20.2084],"sphereRadius":44.7464,"stabilizedPalmPosition":[8.01043,301.606,32.3602],"t":[3.70875,-25.638,-95.7939],"timeVisible":12.2502,"type":"right","wrist":[11.0618,291.873,64.4416]}],"id":4962303,"interactionBox":{"center":[0,200,0],"size":[235.247,235.247,147.751]},"pointables":[{"bases":[[[0.579425,0.767756,0.273527],[-0.721326,0.326836,0.610629],[0.379416,-0.551115,0.743179]],[[0.374673,0.925649,-0.0528538],[-0.836466,0.362064,0.411381],[0.399931,-0.109923,0.90993]],[[0.374673,0.925649,-0.0528538],[-0.92639,0.376072,0.019253],[0.0376984,0.0417497,0.998417]],[[0.374673,0.925649,-0.0528538],[-0.912753,0.358243,-0.196323],[-0.162792,0.1218,0.979114]]],"btipPosition":[-35.4089,287.963,-36.4195],"carpPosition":[-18.4015,286.78,63.4246],"dipPosition":[-39.1245,290.743,-14.0719],"direction":[-0.0376984,-0.0417497,-0.998417],"extended":false,"handId":972,"id":9720,"length":50.8265,"mcpPosition":[-18.4015,286.78,63.4246],"pipPosition":[-37.871,292.132,19.1272],"stabilizedTipPosition":[-35.0334,277.991,-20.0157],"timeVisible":12.2502,"tipPosition":[-36.9375,289.496,-31.1249],"tipVelocity":[-9.69612,123.871,-146.823],"tool":false,"touchDistance":-0.654421,"touchZone":"hovering","type":0,"width":19.7488},{"bases":[[[0.974255,-0.1048,-0.19961],[0.176889,0.90427,0.388595],[0.139776,-0.413899,0.899528]],[[0.936682,-0.0334316,-0.348582],[0.0548885,0.997145,0.0518585],[0.345853,-0.0677081,0.935842]],[[0.936682,-0.0334316,-0.348582],[0.0121364,0.997934,-0.0630972],[0.349972,0.0548715,0.935152]],[[0.936682,-0.0334316,-0.348582],[-0.0181072,0.989477,-0.143554],[0.349713,0.140776,0.926219]]],"btipPosition":[-45.0095,335.434,-77.2878],"carpPosition":[-6.41298,306.54,63.9401],"dipPosition":[-39.1823,337.78,-61.8544],"direction":[-0.349972,-0.0548715,-0.935152],"extended":true,"handId":972,"id":9721,"length":57.352,"mcpPosition":[-16.4418,336.236,-0.599901],"pipPosition":[-30.9327,339.073,-39.8108],"stabilizedTipPosition":[-43.2507,333.318,-71.8396],"timeVisible":12.2502,"tipPosition":[-43.5325,334.257,-73.5776],"tipVelocity":[-26.8888,175.691,-126.761],"tool":false,"touchDistance":-0.626087,"touchZone":"hovering","type":1,"width":18.8641},{"bases":[[[0.939656,-0.312366,-0.139547],[0.342077,0.864228,0.368909],[0.0053655,-0.394383,0.918931]],[[0.939463,-0.306275,-0.153637],[0.0822879,0.636922,-0.766524],[0.332622,0.707479,0.623567]],[[0.939463,-0.306275,-0.153637],[-0.0803061,0.239085,-0.967672],[0.333106,0.921431,0.200016]],[[0.939463,-0.306275,-0.153637],[-0.152579,0.0275471,-0.987907],[0.306803,0.951544,-0.0208516]]],"btipPosition":[-25.4875,257.619,-35.3051],"carpPosition":[5.3739,307.034,61.6972],"dipPosition":[-19.8648,275.057,-35.6872],"direction":[-0.333106,-0.921431,-0.200016],"extended":false,"handId":972,"id":9722,"length":65.348,"mcpPosition":[5.00883,333.868,-0.82796],"pipPosition":[-10.6269,300.611,-30.1403],"stabilizedTipPosition":[-23.8027,256.805,-30.1078],"timeVisible":12.2502,"tipPosition":[-24.198,262.18,-36.4163],"tipVelocity":[-4.83129,124.018,-143.849],"tool":false,"touchDistance":-0.674834,"touchZone":"touching","type":2,"width":18.527},{"bases":[[[0.901725,-0.431252,-0.0302075],[0.408334,0.82669,0.387101],[-0.141966,-0.361394,0.921542]],[[0.907454,-0.413587,-0.0739776],[0.196805,0.573988,-0.794862],[0.371207,0.706742,0.60226