{"sensorType":"Leap","data":[[0,{"currentFrameRate":53.0796,"devices":[],"gestures":[{"center":[-39.6411,252.76,-25.4397],"duration":56182,"handIds":[972],"id":3,"normal":[-0.922744,0.203252,0.327463],"pointableIds":[9721],"progress":0.845616,"radius":18.8224,"state":"update","type":"circle"}],"hands":[{"armBasis":[[0.903997,-0.252131,-0.345283],[0.184342,0.958538,-0.217307],[0.385756,0.132795,0.912994]],"armWidth":62.1429,"confidence":0.611417,"direction":[0.0672267,0.49819,-0.864458],"elbow":[113.393,319.696,324.904],"grabStrength":0.0136913,"id":972,"palmNormal":[-0.188745,-0.844424,-0.501322],"palmPosition":[7.27829,308.871,37.1364],"palmVelocity":[-27.1409,211.021,-174.712],"palmWidth":88.738,"pinchStrength":0.771222,"r":[[0.973006,0.0572748,0.223562],[-0.0968203,0.980649,0.170155],[-0.20949,-0.187207,0.959723]],"s":0.78692,"sphereCenter":[-3.70065,276.667,-1.18053],"sphereRadius":45.5765,"stabilizedPalmPosition":[8.70045,289.823,50.3395],"t":[5.39168,-35.6446,-75.6561],"timeVisible":15.1556,"type":"right","wrist":[11.8164,284.729,84.4969]}],"id":4962456,"interactionBox":{"center":[0,200,0],"size":[235.247,235.247,147.751]},"pointables":[{"bases":[[[0.576174,0.773271,0.264718],[-0.730301,0.341647,0.591555],[0.366992,-0.534162,0.761569]],[[0.38762,0.920296,-0.0529751],[-0.831832,0.373967,0.410127],[0.39725,-0.114907,0.910488]],[[0.38762,0.920296,-0.0529751],[-0.921045,0.389009,0.0186596],[0.0377802,0.0415596,0.998421]],[[0.38762,0.920296,-0.0529751],[-0.91505,0.377186,-0.142878],[-0.111508,0.103857,0.988322]]],"btipPosition":[-35.6848,281.487,-16.944],"carpPosition":[-17.6346,279.646,83.1376],"dipPosition":[-38.2299,283.858,5.61379],"direction":[-0.0377802,-0.0415596,-0.998421],"extended":false,"handId":972,"id":9720,"length":50.8265,"mcpPosition":[-17.6346,279.646,83.1376],"pipPosition":[-36.9736,285.24,38.813],"stabilizedTipPosition":[-34.8729,269.2,-2.2901],"timeVisible":15.1556,"tipPosition":[-36.6675,282.791,-11.4999],"tipVelocity":[-30.5625,223.35,-182.196],"tool":false,"touchDistance":-0.410881,"touchZone":"hovering","type":0,"width":19.7488},{"bases":[[[0.977101,-0.110423,-0.181878],[0.172086,0.912837,0.37029],[0.125137,-0.39311,0.910937]],[[0.942416,-0.0431291,-0.33165],[0.0441055,0.999016,-0.004586],[0.331522,-0.0103057,0.943391]],[[0.942416,-0.0431291,-0.33165],[-0.00168762,0.991024,-0.133672],[0.334438,0.126535,0.933884]],[[0.942416,-0.0431291,-0.33165],[-0.033512,0.974481,-0.221953],[0.332759,0.220286,0.916922]]],"btipPosition":[-41.9246,321.382,-58.7947],"carpPosition":[-5.6276,299.399,83.3832],"dipPosition":[-36.3799,325.053,-43.5163],"direction":[-0.334438,-0.126535,-0.933884],"extended":true,"handId":972,"id":9721,"length":57.352,"mcpPosition":[-14.606,327.604,18.0246],"pipPosition":[-28.4965,328.036,-21.5026],"stabilizedTipPosition":[-40.1996,320.28,-54.268],"timeVisible":15.1556,"tipPosition":[-40.6437,320.99,-55.0373],"tipVelocity":[-58.2991,302.13,-159.441],"tool":false,"touchDistance":0.0799478,"touchZone":"hovering","type":1,"width":18.8641},{"bases":[[[0.941276,-0.316506,-0.117578],[0.337505,0.872175,0.35412],[-0.00953257,-0.373008,0.927779]],[[0.941205,-0.306709,-0.141641],[0.100111,0.653641,-0.750154],[0.322661,0.691869,0.645915]],[[0.941205,-0.306709,-0.141641],[-0.0529143,0.280249,-0.958468],[0.333665,0.90961,0.247542]],[[0.941205,-0.306709,-0.141641],[-0.124623,0.0744815,-0.989405],[0.314009,0.948885,0.0318795]]],"btipPosition":[-23.3335,250.069,-19.6253],"carpPosition":[6.19354,299.828,81.314],"dipPosition":[-17.5787,267.459,-19.0411],"direction":[-0.333665,-0.90961,-0.247542],"extended":false,"handId":972,"id":9722,"length":65.348,"mcpPosition":[6.84215,325.208,18.1868],"pipPosition":[-8.32532,292.685,-12.1761],"stabilizedTipPosition":[-20.1304,241.272,-10.1864],"timeVisible":15.1556,"tipPosition":[-21.9587,254.245,-19.4775],"tipVelocity":[-24.7044,228.476,-186.176],"tool":false,"touchDistance":-0.512187,"touchZone":"hovering","type":2,"width":18.527},{"bases":[[[0.901475,-0.432789,-0.00612429],[0.403416,0.834998,0.37421],[-0.15684,-0.339811,0.927324]],[[0.911047,-0.404594,-0.0793561],[0.207274,0.615821,-0.760133],[0.356415,0.676069,0.644903]],[[0.911047,-0.404594,-0.0793561],[0.0270282,0.250663,-0.967697],[0.411416,0.879473,0.239301]],[[0.911047,-0.404594,-0.0793561],[-0.0629175,0.0537896,-0.996568],[0.407474,0.912913,0.0235488]]],"btipPosition":[-6.76919,248.024,-12.164],"carpPosition":[17.7196,297.119,79.4809],"dipPosition":[0.655629,264.659,-11.7349],"direction":[-0.411416,-0.879472,-0.239301],"extended":false,"handId":972,"id":9723,"length":62.8339,"mcpPosition":[27.3009,317.878,22.831],"pipPosition":[11.7706,288.419,-5.26989],"stabilizedTipPosition":[-2.59046,234.634,0.884667],"timeVisible":15.1556,"tipPosition":[-5.05595,251.817,-11.6814],"tipVelocity":[-18.9323,245.278,-224.74],"tool":false,"touchDistance":-0.559648,"touchZone":"hovering","type":3,"width":17.6296},{"bases":[[[0.798132,-0.601186,0.0394989],[0.523266,0.724195,0.449149],[-0.298627,-0.337812,0.892583]],[[0.814557,-0.579916,-0.0139322],[0.381113,0.553115,-0.740822],[0.43732,0.598132,0.671557]],[[0.814557,-0.579916,-0.0139322],[0.14282,0.22377,-0.964121],[0.562227,0.783342,0.265097]],[[0.814557,-0.579916,-0.0139322],[0.0188911,0.0505242,-0.998544],[0.579776,0.813108,0.05211]]],"btipPosition":[8.88126,257.412,-2.19922],"carpPosition":[27.5449,287.546,77.3671],"dipPosition":[18.6274,271.081,-1.32324],"direction":[-0.562227,-0.783342,-0.265097],"extended":false,"handId":972,"id":9724,"length":49.2606,"mcpPosition":[44.4323,306.649,26.8914],"pipPosition":[29.3517,286.023,3.73341],"stabilizedTipPosition":[13.8947,240.271,12.4823],"timeVisible":15.1556,"tipPosition":[11.0616,260.401,-1.33209],"tipVelocity":[-21.8115,237.304,-207.022],"tool":false,"touchDistance":-0.516865,"touchZone":"hovering","type":4,"width":15.66}],"r":[[0.973006,0.0572748,0.223562],[-0.0968203,0.980649,0.170155],[-0.20949,-0.187207,0.959723]],"s":0.78692,"t":[5.39168,-35.6446,-75.6561],"timestamp":669342697961},false],[1,{"currentFrameRate":53.0504,"devices":[],"gestures":[{"center":[-39.6411,252.76,-25.4397],"duration":56182,"handIds":[972],"id":3,"normal":[-0.922744,0.203252,0.327463],"pointableIds":[9721],"progress":0.845616,"radius":18.8224,"state":"update","type":"circle"}],"hands":[{"armBasis":[[0.913321,-0.235333,-0.33236],[0.175921,0.964043,-0.199179],[0.367283,0.123445,0.921881]],"armWidth":62.1429,"confidence":0.603803,"direction":[0.0628979,0.521001,-0.851235],"elbow":[108.134,319.613,321.805],"grabStrength":0,"id":972,"palmNormal":[-0.182017,-0.832631,-0.523064],"palmPosition":[6.67256,312.434,32.3407],"palmVelocity":[-29.5072,199.677,-213.184],"palmWidth":88.738,"pinchStrength":0.770686,"r":[[0.973471,0.0541306,0.222317],[-0.0966201,0.977986,0.184952],[-0.207411,-0.201525,0.957271]],"s":0.79226,"sphereCenter":[-4.85926,281.657,-6.68307],"sphereRadius":45.4617,"stabilizedPalmPosition":[8.33325,293.917,47.0804],"t":[4.8357,-31.9059,-79.6748],"timeVisible":15.1746,"type":"right","wrist":[11.4219,287.107,79.0578]}],"id":4962457,"interactionBox":{"center":[0,200,0],"size":[235.247,235.247,147.751]},"pointables":[{"bases":[[[0.56994,0.770806,0.284653],[-0.732876,0.320207,0.6003],[0.371567,-0.55075,0.747404]],[[0.379662,0.924648,-0.0297084],[-0.83491,0.356294,0.419501],[0.398475,-0.134465,0.907269]],[[0.379662,0.924648,-0.0297084],[-0.924293,0.380487,0.0301994],[0.0392275,0.0159937,0.999102]],[[0.379662,0.924648,-0.0297084],[-0.918217,0.372716,-0.134013],[-0.112842,0.0781584,0.990534]]],"btipPosition":[-36.1147,286.051,-22.4282],"carpPosition":[-17.9872,281.821,77.5698],"dipPosition":[-38.6902,287.835,0.180162],"direction":[-0.0392275,-0.0159937,-0.999102],"extended":false,"handId":972,"id":9720,"length":50.8265,"mcpPosition":[-17.9872,281.821,77.5698],"pipPosition":[-37.3858,288.367,33.4021],"stabilizedTipPosition":[-35.3791,273.964,-6.41275],"timeVisible":15.1746,"tipPosition":[-37.0809,287.204,-16.9624],"tipVelocity":[-26.871,228.426,-234.537],"tool":false,"touchDistance":-0.480214,"touchZone":"hovering","type":0,"width":19.7488},{"bases":[[[0.977912,-0.0976952,-0.184782],[0.164761,0.904286,0.393854],[0.128618,-0.4156,0.900408]],[[0.942168,-0.0261389,-0.334121],[0.0384399,0.998803,0.0302562],[0.332931,-0.04135,0.942044]],[[0.942168,-0.0261389,-0.334121],[-0.00642954,0.995361,-0.095999],[0.335081,0.0925954,0.937628]],[[0.942168,-0.0261389,-0.334121],[-0.0376634,0.98238,-0.183058],[0.333019,0.185055,0.924582]]],"btipPosition":[-42.7666,327.944,-63.2548],"carpPosition":[-6.14137,301.658,78.3272],"dipPosition":[-37.2176,331.027,-47.8487],"direction":[-0.335081,-0.0925954,-0.937628],"extended":true,"handId":972,"id":9721,"length":57.352,"mcpPosition":[-15.3695,331.477,13.724],"pipPosition":[-29.319,333.21,-25.7468],"stabilizedTipPosition":[-41.1551,326.478,-58.2977],"timeVisible":15.1746,"tipPosition":[-41.4398,327.285,-59.5131],"tipVelocity":[-51.4542,320.257,-195.955],"tool":false,"touchDistance":0.0579632,"touchZone":"hovering","type":1,"width":18.8641},{"bases":[[[0.943786,-0.305664,-0.125851],[0.3305,0.865407,0.376617],[-0.00620564,-0.39704,0.91778]],[[0.943631,-0.295308,-0.149511],[0.0936284,0.671389,-0.735167],[0.317481,0.679728,0.661192]],[[0.943631,-0.295308,-0.149511],[-0.0561578,0.302314,-0.951553],[0.326201,0.906311,0.268689]],[[0.943631,-0.295308,-0.149511],[-0.125908,0.0975017,-0.987239],[0.306117,0.950414,0.0548241]]],"btipPosition":[-23.4831,254.748,-25.7154],"carpPosition":[5.67524,302.238,76.2687],"dipPosition":[-17.8729,272.166,-24.7106],"direction":[-0.326201,-0.906311,-0.268689],"extended":false,"handId":972,"id":9722,"length":65.348,"mcpPosition":[6.09748,329.253,13.8218],"pipPosition":[-8.8265,297.301,-17.2592],"stabilizedTipPosition":[-20.7188,246.26,-14.5512],"timeVisible":15.1746,"tipPosition":[-22.1437,258.967,-25.5435],"tipVelocity":[-17.3043,237.671,-250.064],"tool":false,"touchDistance":-0.579202,"touchZone":"hovering","type":2,"width":18.527},{"bases":[[[0.904968,-0.425122,-0.0174513],[0.396719,0.828259,0.395728],[-0.153779,-0.365045,0.918202]],[[0.914076,-0.395966,-0.0876066],[0.198409,0.625051,-0.754947],[0.353692,0.672698,0.649907]],[[0.914076,-0.395966,-0.0876066],[0.0207522,0.261411,-0.965004],[0.405011,0.88027,0.247167]],[[0.914076,-0.395966,-0.0876066],[-0.066656,0.0663929,-0.995565],[0.400026,0.915862,0.0342947]]],"btipPosition":[-7.02601,252.19,-17.3494],"carpPosition":[17.2224,299.671,74.3647],"dipPosition":[0.263102,268.878,-16.7245],"direction":[-0.405011,-0.88027,-0.247167],"extended":false,"handId":972,"id":9723,"length":62.8339,"mcpPosition":[26.6167,321.972,18.272],"pipPosition":[11.205,292.66,-10.0469],"stabilizedTipPosition":[-3.22265,239.536,-3.26044],"timeVisible":15.1746,"tipPosition":[-5.29604,256.216,-17.2642],"tipVelocity":[-17.0961,233.051,-247.563],"tool":false,"touchDistance":-0.609121,"touchZone":"hovering","type":3,"width":17.6296},{"bases":[[[0.803014,-0.595484,0.0237936],[0.51749,0.716528,0.467753],[-0.295588,-0.363299,0.883539]],[[0.81923,-0.572731,-0.0290014],[0.375139,0.573474,-0.728284],[0.433743,0.585753,0.684661]],[[0.81923,-0.572731,-0.0290014],[0.138576,0.246784,-0.959111],[0.55647,0.781714,0.281539]],[[0.81923,-0.572731,-0.0290014],[0.0159382,0.0732923,-0.997183],[0.573243,0.81646,0.0691716]]],"btipPosition":[8.63221,261.946,-8.1052],"carpPosition":[27.1247,290.236,72.002],"dipPosition":[18.2685,275.671,-6.94241],"direction":[-0.55647,-0.781714,-0.281539],"extended":false,"handId":972,"id":9724,"length":49.2606,"mcpPosition":[43.8402,310.781,22.0378],"pipPosition":[28.883,290.582,-1.57212],"stabilizedTipPosition":[13.285,245.241,8.4152],"timeVisible":15.1746,"tipPosition":[10.8126,264.974,-7.29486],"tipVelocity":[-18.2047,238.559,-256.69],"tool":false,"touchDistance":-0.581112,"touchZone":"hovering","type":4,"width":15.66}],"r":[[0.973471,0.0541306,0.222317],[-0.0966201,0.977986,0.184952],[-0.207411,-0.201525,0.957271]],"s":0.79226,"t":[4.8357,-31.9059,-79.6748],"timestamp":669342716916},false],[2,{"currentFrameRate":53.0228,"devices":[],"gestures":[{"center":[-39.6411,252.76,-25.4397],"duration":56182,"handIds":[972],"id":3,"normal":[-0.922744,0.203252,0.327463],"pointableIds":[9721],"progress":0.845616,"radius":18.8224,"state":"update","type":"circle"}],"hands":[{"armBasis":[[0.911015,-0.231974,-0.34094],[0.172651,0.965385,-0.195507],[0.374491,0.119247,0.919531]],"armWidth":62.1429,"confidence":0.612288,"direction":[0.0675963,0.530903,-0.844732],"elbow":[108.898,319.74,318.071],"grabStrength":0,"id":972,"palmNormal":[-0.174004,-0.82742,-0.533946],"palmPosition":[5.81129,314.175,29.4772],"palmVelocity":[-37.3318,146.676,-182.642],"palmWidth":88.738,"pinchStrength":0.771492,"r":[[0.973428,0.0519722,0.223017],[-0.0976127,0.975165,0.198808],[-0.207146,-0.215295,0.954326]],"s":0.798554,"sphereCenter":[-5.92906,284.237,-9.88978],"sphereRadius":45.3739,"stabilizedPalmPosition":[7.95803,296.931,44.4613],"t":[4.12708,-29.166,-83.1159],"timeVisible":15.1935,"type":"right","wrist":[10.2879,288.34,75.9424]}],"id":4962458,"interactionBox":{"center":[0,200,0],"size":[235.247,235.247,147.751]},"pointables":[{"bases":[[[0.564149,0.769992,0.298074],[-0.739211,0.310183,0.597791],[0.367837,-0.557583,0.744176]],[[0.375509,0.926672,-0.0164905],[-0.840068,0.347823,0.4163],[0.391509,-0.142471,0.909078]],[[0.375509,0.926672,-0.0164905],[-0.926269,0.375839,0.0277703],[0.0319317,0.00484667,0.999478]],[[0.375509,0.926672,-0.0164905],[-0.91864,0.369778,-0.139158],[-0.122856,0.0674039,0.990133]]],"btipPosition":[-36.4014,288.18,-25.9385],"carpPosition":[-19.0842,282.944,74.1509],"dipPosition":[-39.2055,289.718,-3.33933],"direction":[-0.0319317,-0.00484667,-0.999478],"extended":false,"handId":972,"id":9720,"length":50.8265,"mcpPosition":[-19.0842,282.944,74.1509],"pipPosition":[-38.1437,289.88,29.8951],"stabilizedTipPosition":[-35.7465,277.174,-9.56965],"timeVisible":15.1935,"tipPosition":[-37.4124,289.266,-20.4773],"tipVelocity":[-22.4592,169.875,-210.321],"tool":false,"touchDistance":-0.513212,"touchZone":"hovering","type":0,"width":19.7488},{"bases":[[[0.979825,-0.0913413,-0.177764],[0.157495,0.900462,0.405417],[0.123038,-0.425235,0.896681]],[[0.944669,-0.0177565,-0.327544],[0.036029,0.998109,0.0498028],[0.32604,-0.0588482,0.943522]],[[0.944669,-0.0177565,-0.327544],[-0.00724388,0.997161,-0.0749491],[0.327945,0.0731748,0.941859]],[[0.944669,-0.0177565,-0.327544],[-0.0374521,0.986166,-0.161477],[0.32588,0.164809,0.930935]]],"btipPosition":[-42.9822,331.327,-66.3511],"carpPosition":[-7.33314,302.822,75.231],"dipPosition":[-37.5521,334.073,-50.8392],"direction":[-0.327945,-0.0731748,-0.941859],"extended":true,"handId":972,"id":9721,"length":57.352,"mcpPosition":[-16.161,333.333,10.8952],"pipPosition":[-29.8218,335.798,-28.6375],"stabilizedTipPosition":[-41.559,330.307,-61.4314],"timeVisible":15.1935,"tipPosition":[-41.6587,330.509,-62.6151],"tipVelocity":[-32.4638,248.563,-179.284],"tool":false,"touchDistance":0.0313208,"touchZone":"hovering","type":1,"width":18.8641},{"bases":[[[0.946138,-0.300112,-0.121476],[0.323542,0.862502,0.389116],[-0.0120048,-0.40746,0.913144]],[[0.946133,-0.289527,-0.144935],[0.0967027,0.679895,-0.726905],[0.308999,0.673734,0.671269]],[[0.946133,-0.289527,-0.144935],[-0.0495996,0.312748,-0.94854],[0.319956,0.904634,0.281541]],[[0.946133,-0.289527,-0.144935],[-0.11811,0.108165,-0.987092],[0.301466,0.951039,0.0681427]]],"btipPosition":[-23.6093,257.013,-29.4657],"carpPosition":[4.49734,303.477,73.2772],"dipPosition":[-18.0843,274.442,-28.2169],"direction":[-0.319956,-0.904634,-0.281541],"extended":false,"handId":972,"id":9722,"length":65.348,"mcpPosition":[5.31416,331.201,11.1457],"pipPosition":[-9.21111,299.53,-20.409],"stabilizedTipPosition":[-21.0888,249.632,-17.8927],"timeVisible":15.1935,"tipPosition":[-22.2908,261.234,-29.2377],"tipVelocity":[-12.5793,179.633,-222.928],"tool":false,"touchDistance":-0.605028,"touchZone":"hovering","type":2,"width":18.527},{"bases":[[[0.906958,-0.420961,-0.0147608],[0.389765,0.825428,0.408353],[-0.159717,-0.376113,0.912705]],[[0.916147,-0.392603,-0.0808539],[0.198125,0.618867,-0.760098],[0.348455,0.680343,0.644758]],[[0.916147,-0.392603,-0.0808539],[0.0217822,0.250173,-0.967956],[0.40025,0.885029,0.237747]],[[0.916147,-0.392603,-0.0808539],[-0.0641063,0.0556068,-0.996393],[0.395683,0.918026,0.0257757]]],"btipPosition":[-7.37858,253.675,-19.3042],"carpPosition":[16.0711,300.982,71.44],"dipPosition":[-0.168619,270.403,-18.8345],"direction":[-0.40025,-0.885029,-0.237747],"extended":false,"handId":972,"id":9723,"length":62.8339,"mcpPosition":[25.8282,323.959,15.6831],"pipPosition":[10.6447,294.313,-12.4114],"stabilizedTipPosition":[-3.7108,243.051,-6.37494],"timeVisible":15.1935,"tipPosition":[-5.61939,257.958,-19.7675],"tipVelocity":[-18.3054,157.262,-177.493],"tool":false,"touchDistance":-0.6064,"touchZone":"hovering","type":3,"width":17.6296},{"bases":[[[0.805426,-0.592222,0.0237065],[0.510433,0.713411,0.480107],[-0.301242,-0.37459,0.87689]],[[0.821815,-0.569059,-0.0281365],[0.375752,0.578446,-0.724024],[0.428288,0.584441,0.689201]],[[0.821815,-0.569059,-0.0281365],[0.141458,0.251627,-0.957431],[0.551915,0.782851,0.287289]],[[0.821815,-0.569059,-0.0281365],[0.0202066,0.0784629,-0.996712],[0.569396,0.818545,0.0759807]]],"btipPosition":[8.20118,263.954,-11.059],"carpPosition":[26.0343,291.618,69.0528],"dipPosition":[17.7728,277.714,-9.78178],"direction":[-0.551915,-0.782851,-0.287289],"extended":false,"handId":972,"id":9724,"length":49.2606,"mcpPosition":[43.0696,312.801,19.4646],"pipPosition":[28.3005,292.647,-4.30183],"stabilizedTipPosition":[12.7921,248.982,5.13502],"timeVisible":15.1935,"tipPosition":[10.4155,267.078,-10.4356],"tipVelocity":[-20.8166,173.582,-206.424],"tool":false,"touchDistance":-0.595246,"touchZone":"hovering","type":4,"width":15.66}],"r":[[0.973428,0.0519722,0.223017],[-0.0976127,0.975165,0.198808],[-0.207146,-0.215295,0.954326]],"s":0.798554,"t":[4.12708,-29.166,-83.1159],"timestamp":669342735875},false],[3,{"currentFrameRate":53.0362,"devices":[],"gestures":[{"center":[-39.6411,252.76,-25.4397],"duration":56182,"handIds":[972],"id":3,"normal":[-0.922744,0.203252,0.327463],"pointableIds":[9721],"progress":0.845616,"radius":18.8224,"state":"update","type":"circle"}],"hands":[{"armBasis":[[0.910266,-0.216772,-0.352739],[0.1681,0.972099,-0.1636],[0.378362,0.0896244,0.921309]],"armWidth":62.1429,"confidence":0.61777,"direction":[0.0674313,0.541975,-0.837685],"elbow":[108.863,314.751,313.622],"grabStrength":0,"id":972,"palmNormal":[-0.166171,-0.821769,-0.545053],"palmPosition":[4.77138,317.539,24.8711],"palmVelocity":[-46.1097,162.424,-213.075],"palmWidth":88.738,"pinchStrength":0.775212,"r":[[0.973141,0.0509917,0.224493],[-0.099897,0.9721,0.212233],[-0.207407,-0.228959,0.951084]],"s":0.805481,"sphereCenter":[-7.20339,288.467,-14.8345],"sphereRadius":45.2976,"stabilizedPalmPosition":[7.56138,299.496,42.0229],"t":[3.25281,-26.1137,-87.1395],"timeVisible":15.2123,"type":"right","wrist":[9.23387,291.151,71.0253]}],"id":4962459,"interactionBox":{"center":[0,200,0],"size":[235.247,235.247,147.751]},"pointables":[{"bases":[[[0.55766,0.769966,0.310109],[-0.743749,0.297598,0.598558],[0.368582,-0.564435,0.738621]],[[0.368558,0.929595,-0.00422909],[-0.844633,0.336766,0.416154],[0.388279,-0.149805,0.909284]],[[0.368558,0.929595,-0.00422909],[-0.929155,0.368517,0.0294409],[0.0289266,-0.00692119,0.999558]],[[0.368558,0.929595,-0.00422909],[-0.9202,0.36418,-0.143547],[-0.1319,0.056797,0.989634]]],"btipPosition":[-36.9467,291.805,-31.0475],"carpPosition":[-20.0932,285.579,69.0433],"dipPosition":[-39.9573,293.102,-8.45968],"direction":[-0.0289266,0.00692119,-0.999558],"extended":false,"handId":972,"id":9720,"length":50.8265,"mcpPosition":[-20.0932,285.579,69.0433],"pipPosition":[-38.9954,292.872,24.7773],"stabilizedTipPosition":[-36.077,279.781,-12.4133],"timeVisible":15.2123,"tipPosition":[-38.0149,292.845,-25.5913],"tipVelocity":[-26.8887,179.619,-240.362],"tool":false,"touchDistance":-0.566898,"touchZone":"hovering","type":0,"width":19.7488},{"bases":[[[0.981144,-0.082456,-0.174804],[0.14969,0.896315,0.417387],[0.122264,-0.435684,0.891757]],[[0.945814,-0.00678244,-0.324638],[0.031506,0.996981,0.0709616],[0.323177,-0.0773446,0.943173]],[[0.945814,-0.00678244,-0.324638],[-0.0108435,0.998564,-0.0524544],[0.324528,0.0531323,0.944383]],[[0.945814,-0.00678244,-0.324638],[-0.0404752,0.989522,-0.138595],[0.322177,0.144225,0.935629]]],"btipPosition":[-43.8138,336.366,-70.929],"carpPosition":[-8.4825,305.521,70.4228],"dipPosition":[-38.4454,338.769,-55.3389],"direction":[-0.324528,-0.0531323,-0.944383],"extended":true,"handId":972,"id":9721,"length":57.352,"mcpPosition":[-17.2548,336.781,6.44032],"pipPosition":[-30.7956,340.022,-33.0777],"stabilizedTipPosition":[-41.559,330.307,-61.4314],"timeVisible":15.2123,"tipPosition":[-42.4815,335.388,-67.2083],"tipVelocity":[-38.576,255.979,-210.158],"tool":false,"touchDistance":-0.0946781,"touchZone":"hovering","type":1,"width":18.8641},{"bases":[[[0.948652,-0.292144,-0.121294],[0.316057,0.859688,0.401303],[-0.0129635,-0.419032,0.907879]],[[0.948672,-0.281287,-0.144567],[0.0950405,0.68954,-0.717984],[0.301645,0.667392,0.680881]],[[0.948672,-0.281287,-0.144567],[-0.0478125,0.324297,-0.944746],[0.312628,0.903166,0.294202]],[[0.948672,-0.281287,-0.144567],[-0.114748,0.119826,-0.986141],[0.294712,0.952113,0.0813987]]],"btipPosition":[-24.0175,260.923,-34.9036],"carpPosition":[3.35114,306.28,68.5269],"dipPosition":[-18.6163,278.372,-33.4118],"direction":[-0.312628,-0.903166,-0.294202],"extended":false,"handId":972,"id":9722,"length":65.348,"mcpPosition":[4.2332,334.792,6.75365],"pipPosition":[-9.94635,303.419,-25.2528],"stabilizedTipPosition":[-21.3998,252.454,-20.9662],"timeVisible":15.2123,"tipPosition":[-22.7293,265.149,-34.6187],"tipVelocity":[-17.7793,193.569,-253.835],"tool":false,"touchDistance":-0.653589,"touchZone":"hovering","type":2,"width":18.527},{"bases":[[[0.909861,-0.414594,-0.0162742],[0.382452,0.822823,0.420348],[-0.160883,-0.388682,0.907217]],[[0.918815,-0.386694,-0.0790338],[0.194513,0.617882,-0.761831],[0.343429,0.684609,0.642936]],[[0.918815,-0.386694,-0.0790338],[0.0195518,0.244592,-0.969429],[0.394204,0.889181,0.232295]],[[0.918815,-0.386694,-0.0790338],[-0.0648154,0.0496942,-0.996659],[0.38933,0.920868,0.020596]]],"btipPosition":[-7.93132,256.999,-23.3811],"carpPosition":[14.9491,303.887,66.7068],"dipPosition":[-0.837114,273.778,-23.0058],"direction":[-0.394204,-0.889181,-0.232295],"extended":false,"handId":972,"id":9723,"length":62.8339,"mcpPosition":[24.7774,327.632,11.2852],"pipPosition":[9.81285,297.801,-16.73],"stabilizedTipPosition":[-4.14341,246.027,-9.20237],"timeVisible":15.2123,"tipPosition":[-6.17468,261.432,-24.1755],"tipVelocity":[-24.4143,167.077,-197.254],"tool":false,"touchDistance":-0.635572,"touchZone":"hovering","type":3,"width":17.6296},{"bases":[[[0.809342,-0.58701,0.0196072],[0.503587,0.710728,0.491188],[-0.302268,-0.387665,0.870833]],[[0.825055,-0.564289,-0.0293789],[0.367337,0.575144,-0.73094],[0.429358,0.592274,0.681809]],[[0.825055,-0.564289,-0.0293789],[0.131493,0.242304,-0.961248],[0.54954,0.789219,0.274114]],[[0.825055,-0.564289,-0.0293789],[0.0116558,0.0689782,-0.99755],[0.564933,0.822691,0.063488]]],"btipPosition":[7.29386,267.236,-14.8097],"carpPosition":[24.9856,294.621,64.2434],"dipPosition":[16.7905,281.066,-13.7424],"direction":[-0.54954,-0.789219,-0.274114],"extended":false,"handId":972,"id":9724,"length":49.2606,"mcpPosition":[42.0788,316.544,14.9978],"pipPosition":[27.2728,296.12,-8.51378],"stabilizedTipPosition":[12.2889,252.237,2.14415],"timeVisible":15.2123,"tipPosition":[9.62623,270.618,-14.7523],"tipVelocity":[-34.6686,174.454,-204.261],"tool":false,"touchDistance":-0.621039,"touchZone":"hovering","type":4,"width":15.66}],"r":[[0.973141,0.0509917,0.224493],[-0.099897,0.9721,0.212233],[-0.207407,-0.228959,0.951084]],"s":0.805481,"t":[3.25281,-26.1137,-87.1395],"timestamp":669342754682},false],[4,{"currentFrameRate":53.0468,"devices":[],"gestures":[{"center":[-39.6411,252.76,-25.4397],"duration":56182,"handIds":[972],"id":3,"normal":[-0.922744,0.203252,0.327463],"pointableIds":[9721],"progress":0.845616,"radius":18.8224,"state":"stop","type":"circle"}],"hands":[{"armBasis":[[0.915282,-0.205077,-0.346701],[0.157974,0.974496,-0.159379],[0.370543,0.0911069,0.924336]],"armWidth":62.1429,"confidence":0.620514,"direction":[0.0644195,0.540838,-0.838656],"elbow":[106.305,318.204,310.126],"grabStrength":0,"id":972,"palmNormal":[-0.154749,-0.824822,-0.543803],"palmPosition":[4.1461,320.446,20.5021],"palmVelocity":[-39.8172,158.559,-222.439],"palmWidth":88.738,"pinchStrength":0.753498,"r":[[0.972624,0.0525092,0.226374],[-0.104102,0.969376,0.222424],[-0.207762,-0.239901,0.948305]],"s":0.814845,"sphereCenter":[-8.75746,292.074,-18.8857],"sphereRadius":45.0785,"stabilizedPalmPosition":[7.21167,301.642,39.8192],"t":[2.50304,-23.1341,-91.3359],"timeVisible":15.2312,"type":"right","wrist":[8.73442,294.214,66.7326]}],"id":4962460,"interactionBox":{"center":[0,200,0],"size":[235.247,235.247,147.751]},"pointables":[{"bases":[[[0.547686,0.776958,0.310446],[-0.749342,0.290442,0.595088],[0.372192,-0.558551,0.741278]],[[0.357643,0.933843,-0.0054288],[-0.850076,0.327957,0.412087],[0.386605,-0.142765,0.911128]],[[0.357643,0.933843,-0.0054288],[-0.933487,0.357658,0.0261095],[0.0263238,-0.00427015,0.999644]],[[0.357643,0.933843,-0.0054288],[-0.923483,0.352799,-0.150702],[-0.138817,0.0589109,0.988564]]],"btipPosition":[-37.0473,294.051,-35.5056],"carpPosition":[-20.5196,288.303,64.6533],"dipPosition":[-40.2157,295.395,-12.9423],"direction":[-0.0263238,0.00427015,-0.999644],"extended":false,"handId":972,"id":9720,"length":50.8265,"mcpPosition":[-20.5196,288.303,64.6533],"pipPosition":[-39.3404,295.253,20.2976],"stabilizedTipPosition":[-36.2923,281.628,-14.6814],"timeVisible":15.2312,"tipPosition":[-38.1491,295.094,-30.0688],"tipVelocity":[-17.3012,150.446,-238.852],"tool":false,"touchDistance":-0.605499,"touchZone":"hovering","type":0,"width":19.7488},{"bases":[[[0.982672,-0.071665,-0.170937],[0.137903,0.898891,0.415907],[0.123848,-0.432273,0.893198]],[[0.945666,0.00533985,-0.325096],[0.0232631,0.996191,0.0840325],[0.324307,-0.0870295,0.94194]],[[0.945666,0.00533985,-0.325096],[-0.0199325,0.998937,-0.0415734],[0.324529,0.0457945,0.944767]],[[0.945666,0.00533985,-0.325096],[-0.0502507,0.990252,-0.129908],[0.321233,0.139186,0.936716]]],"btipPosition":[-44.6185,339.643,-75.3997],"carpPosition":[-9.14196,308.38,66.031],"dipPosition":[-39.2659,341.962,-59.7914],"direction":[-0.324529,-0.0457945,-0.944767],"extended":true,"handId":972,"id":9721,"length":57.352,"mcpPosition":[-18.0279,339.395,1.94521],"pipPosition":[-31.6161,343.041,-37.5212],"stabilizedTipPosition":[-42.558,335.699,-67.1016],"timeVisible":15.2312,"tipPosition":[-43.1832,338.505,-71.7172],"tipVelocity":[-40.7239,215.48,-223.481],"tool":false,"touchDistance":-0.169119,"touchZone":"hovering","type":1,"width":18.8641},{"bases":[[[0.952366,-0.28159,-0.117072],[0.304735,0.864125,0.400529],[-0.0116198,-0.417127,0.908774]],[[0.952375,-0.271658,-0.138506],[0.078101,0.656385,-0.750373],[0.294758,0.703819,0.646341]],[[0.952375,-0.271658,-0.138506],[-0.0609117,0.275582,-0.959346],[0.298784,0.922094,0.24591]],[[0.952375,-0.271658,-0.138506],[-0.123365,0.0721276,-0.989737],[0.27886,0.959687,0.0351793]]],"btipPosition":[-23.7725,261.406,-35.5037],"carpPosition":[2.68935,309.269,64.1777],"dipPosition":[-18.6619,278.994,-34.859],"direction":[-0.298784,-0.922094,-0.24591],"extended":false,"handId":972,"id":9722,"length":65.348,"mcpPosition":[3.47997,337.651,2.34361],"pipPosition":[-10.3758,304.566,-28.0392],"stabilizedTipPosition":[-21.5704,254.306,-23.0165],"timeVisible":15.2312,"tipPosition":[-22.5357,266.304,-36.4634],"tipVelocity":[-4.46022,112.334,-150.412],"tool":false,"touchDistance":-0.628487,"touchZone":"hovering","type":2,"width":18.527},{"bases":[[[0.914576,-0.404239,-0.0119209],[0.371473,0.828061,0.419907],[-0.159872,-0.388465,0.907489]],[[0.923276,-0.377119,-0.0730984],[0.189004,0.611636,-0.768231],[0.334424,0.695473,0.635986]],[[0.923276,-0.377119,-0.0730984],[0.0180001,0.232556,-0.972417],[0.383716,0.896493,0.221501]],[[0.923276,-0.377119,-0.0730984],[-0.0640009,0.0366168,-0.997278],[0.378769,0.925441,0.00967147]]],"btipPosition":[-7.75345,259.348,-26.9043],"carpPosition":[14.3206,307.004,62.4066],"dipPosition":[-0.851683,276.211,-26.7281],"direction":[-0.383716,-0.896493,-0.221501],"extended":false,"handId":972,"id":9723,"length":62.8339,"mcpPosition":[24.0871,330.736,6.96838],"pipPosition":[9.51494,300.431,-20.7439],"stabilizedTipPosition":[-4.41556,248.341,-11.5787],"timeVisible":15.2312,"tipPosition":[-6.0371,263.835,-27.8672],"tipVelocity":[-9.00887,146.953,-193.568],"tool":false,"touchDistance":-0.653884,"touchZone":"hovering","type":3,"width":17.6296},{"bases":[[[0.815891,-0.577708,0.0239753],[0.493607,0.717512,0.491455],[-0.30112,-0.389139,0.870573]],[[0.830985,-0.555813,-0.023152],[0.357434,0.565358,-0.743378],[0.426268,0.609461,0.668471]],[[0.830985,-0.555813,-0.023152],[0.122818,0.223897,-0.966843],[0.542567,0.800589,0.254319]],[[0.830985,-0.555813,-0.023152],[0.00534614,0.0495955,-0.998755],[0.556269,0.829827,0.0441845]]],"btipPosition":[7.0997,269.617,-17.8744],"carpPosition":[24.4711,297.848,60.002],"dipPosition":[16.4507,283.566,-17.1317],"direction":[-0.542567,-0.800589,-0.254319],"extended":false,"handId":972,"id":9724,"length":49.2606,"mcpPosition":[41.4995,319.854,10.771],"pipPosition":[26.8,298.837,-12.2806],"stabilizedTipPosition":[11.8915,254.929,-0.451679],"timeVisible":15.2312,"tipPosition":[9.47717,273.171,-18.2293],"tipVelocity":[-23.6375,151.744,-185.985],"tool":false,"touchDistance":-0.634359,"touchZone":"hovering","type":4,"width":15.66}],"r":[[0.972624,0.0525092,0.226374],[-0.104102,0.969376,0.222424],[-0.207762,-0.239901,0.948305]],"s":0.814845,"t":[2.50304,-23.1341,-91.3359],"timestamp":669342773495},false],[5,{"currentFrameRate":53.0024,"devices":[],"gestures":[],"hands":[{"armBasis":[[0.906997,-0.229424,-0.35316],[0.198874,0.972523,-0.121026],[0.371223,0.0395357,0.927702]],"armWidth":62.1429,"confidence":0.567174,"direction":[0.0763457,0.496916,-0.864434],"elbow":[106.218,309.728,310.734],"grabStrength":0,"id":972,"palmNormal":[-0.191594,-0.843497,-0.501802],"palmPosition":[4.4078,323.449,19.045],"palmVelocity":[-13.4229,158.192,-150.576],"palmWidth":88.738,"pinchStrength":0.740155,"r":[[0.97298,0.0484153,0.225756],[-0.099624,0.970099,0.221321],[-0.20829,-0.237832,0.94871]],"s":0.824975,"sphereCenter":[-12.33,295.138,-18.4702],"sphereRadius":45.0182,"stabilizedPalmPosition":[6.90215,304.049,37.526],"t":[2.259,-20.143,-94.1626],"timeVisible":15.2502,"type":"right","wrist":[8.46862,299.317,66.4542]}],"id":4962461,"interactionBox":{"center":[0,200,0],"size":[235.247,235.247,147.751]},"pointables":[{"bases":[[[0.58001,0.76935,0.267749],[-0.731603,0.347417,0.586565],[0.358253,-0.5361,0.764364]],[[0.392045,0.918305,-0.0549193],[-0.83313,0.37973,0.402118],[0.390122,-0.111893,0.913939]],[[0.392045,0.918305,-0.0549193],[-0.919217,0.393411,0.0163384],[0.0366095,0.0440774,0.998357]],[[0.392045,0.918305,-0.0549193],[-0.910602,0.378883,-0.165083],[-0.130789,0.11473,0.984749]]],"btipPosition":[-38.233,295.807,-35.2557],"carpPosition":[-21.0089,294.444,64.9103],"dipPosition":[-41.2182,298.426,-12.7794],"direction":[-0.0366095,-0.0440774,-0.998357],"extended":false,"handId":972,"id":9720,"length":50.8265,"mcpPosition":[-21.0089,294.444,64.9103],"pipPosition":[-40.0009,299.892,20.4177],"stabilizedTipPosition":[-36.6621,283.709,-16.8499],"timeVisible":15.2502,"tipPosition":[-39.2694,297.187,-29.8854],"tipVelocity":[-38.3903,129.395,-115.216],"tool":false,"touchDistance":-0.569833,"touchZone":"hovering","type":0,"width":19.7488},{"bases":[[[0.977428,-0.117602,-0.175511],[0.176267,0.91191,0.370607],[0.116466,-0.393179,0.912056]],[[0.939246,-0.0431618,-0.340519],[0.0676755,0.995875,0.060438],[0.336506,-0.079811,0.938293]],[[0.939246,-0.0431618,-0.340519],[0.0213351,0.997485,-0.0675861],[0.34258,0.056215,0.937805]],[[0.939246,-0.0431618,-0.340519],[-0.0120103,0.987322,-0.158274],[0.343033,0.152748,0.926821]]],"btipPosition":[-45.1088,341.795,-77.0859],"carpPosition":[-8.86201,314.111,65.2161],"dipPosition":[-39.393,344.34,-61.6426],"direction":[-0.34258,-0.056215,-0.937805],"extended":true,"handId":972,"id":9721,"length":57.352,"mcpPosition":[-17.2183,342.321,-0.222809],"pipPosition":[-31.3176,345.665,-39.5364],"stabilizedTipPosition":[-43.1716,339.016,-70.2947],"timeVisible":15.2502,"tipPosition":[-43.5165,340.434,-73.4177],"tipVelocity":[-31.1916,166.39,-158.019],"tool":false,"touchDistance":-0.197855,"touchZone":"hovering","type":1,"width":18.8641},{"bases":[[[0.93971,-0.323365,-0.111266],[0.34149,0.870046,0.355534],[-0.0181602,-0.372095,0.928017]],[[0.939881,-0.314949,-0.132025],[0.0870858,0.594861,-0.799097],[0.330212,0.739559,0.586526]],[[0.939881,-0.314949,-0.132025],[-0.0692433,0.202816,-0.976766],[0.334408,0.927185,0.168815]],[[0.939881,-0.314949,-0.132025],[-0.138333,0.00234555,-0.990383],[0.31223,0.949106,-0.0413633]]],"btipPosition":[-26.3081,261.899,-31.4157],"carpPosition":[2.97493,314.454,63.2224],"dipPosition":[-20.5858,279.293,-32.1738],"direction":[-0.334408,-0.927185,-0.168815],"extended":false,"handId":972,"id":9722,"length":65.348,"mcpPosition":[4.21057,339.772,0.0789619],"pipPosition":[-11.3118,305.007,-27.4921],"stabilizedTipPosition":[-22.4145,257.166,-25.1316],"timeVisible":15.2502,"tipPosition":[-24.9184,266.824,-33.1175],"tipVelocity":[-64.2764,68.6059,21.1966],"tool":false,"touchDistance":-0.537492,"touchZone":"touching","type":2,"width":18.527},{"bases":[[[0.898361,-0.439259,0.0000288299],[0.407002,0.832415,0.376078],[-0.165219,-0.337842,0.926588]],[[0.907604,-0.414957,-0.063764],[0.20722,0.574872,-0.791569],[0.365123,0.705218,0.607744]],[[0.907604,-0.414957,-0.063764],[0.0218677,0.198401,-0.979877],[0.419258,0.887946,0.189144]],[[0.907604,-0.414957,-0.063764],[-0.0676883,0.00526011,-0.997693],[0.414335,0.909826,-0.0233136]]],"btipPosition":[-10.2005,261.002,-26.3063],"carpPosition":[14.4928,311.66,61.4656],"dipPosition":[-2.65068,277.581,-26.7311],"direction":[-0.419258,-0.887946,-0.189144],"extended":false,"handId":972,"id":9723,"length":62.8339,"mcpPosition":[24.586,332.299,4.86058],"pipPosition":[8.67614,301.57,-21.6211],"stabilizedTipPosition":[-5.21205,251.582,-14.4954],"timeVisible":15.2502,"tipPosition":[-8.37149,265.182,-26.9335],"tipVelocity":[-64.0764,115.685,-86.2913],"tool":false,"touchDistance":-0.609932,"touchZone":"touching","type":3,"width":17.6296},{"bases":[[[0.79352,-0.606868,0.0451318],[0.525569,0.720821,0.451878],[-0.306763,-0.334855,0.890937]],[[0.808593,-0.588365,-0.00191635],[0.368541,0.509022,-0.777865],[0.458644,0.62827,0.628429]],[[0.808593,-0.588365,-0.00191635],[0.117578,0.164778,-0.979298],[0.5765,0.791628,0.202417]],[[0.808593,-0.588365,-0.00191635],[-0.00652469,-0.00570997,-0.999962],[0.588332,0.808576,-0.00845594]]],"btipPosition":[4.90733,270.593,-16.3492],"carpPosition":[24.2623,302.014,59.423],"dipPosition":[14.7973,284.185,-16.4914],"direction":[-0.5765,-0.791628,-0.202417],"extended":false,"handId":972,"id":9724,"length":49.2606,"mcpPosition":[41.6098,320.951,9.04045],"pipPosition":[25.7939,299.285,-12.6303],"stabilizedTipPosition":[10.9152,258.824,-3.75405],"timeVisible":15.2502,"tipPosition":[7.43418,274.057,-17.0266],"tipVelocity":[-65.5518,100.132,-60.127],"tool":false,"touchDistance":-0.579432,"touchZone":"touching","type":4,"width":15.66}],"r":[[0.97298,0.0484153,0.225756],[-0.099624,0.970099,0.221321],[-0.20829,-0.237832,0.94871]],"s":0.824975,"t":[2.259,-20.143,-94.1626],"timestamp":669342792522},false],[6,{"currentFrameRate":53.0661,"devices":[],"gestures":[],"hands":[{"armBasis":[[0.902465,-0.241096,-0.356973],[0.213653,0.97011,-0.115064],[0.374044,0.0275733,0.927001]],"armWidth":62.1429,"confidence":0.562547,"direction":[0.0797579,0.482939,-0.872014],"elbow":[107.214,308.102,310.035],"grabStrength":0,"id":972,"palmNormal":[-0.205979,-0.847936,-0.488444],"palmPosition":[4.80375,324.327,18.1953],"palmVelocity":[3.40987,104.331,-99.6653],"palmWidth":88.738,"pinchStrength":0.733908,"r":[[0.973569,0.0429747,0.224312],[-0.0930321,0.971585,0.217642],[-0.208585,-0.232758,0.949903]],"s":0.83363,"sphereCenter":[-13.8079,296.483,-18.6478],"sphereRadius":45.07,"stabilizedPalmPosition":[6.64889,306.496,35.1929],"t":[2.33496,-18.2083,-96.0008],"timeVisible":15.2688,"type":"right","wrist":[8.72169,300.841,65.9397]}],"id":4962462,"interactionBox":{"center":[0,200,0],"size":[235.247,235.247,147.751]},"pointables":[{"bases":[[[0.592255,0.7647,0.253904],[-0.723926,0.366642,0.584384],[0.353787,-0.529912,0.770732]],[[0.404584,0.911753,-0.0708396],[-0.825996,0.397576,0.399581],[0.392483,-0.103151,0.913957]],[[0.404584,0.911753,-0.0708396],[-0.913525,0.406515,0.0147302],[0.0422276,0.0587541,0.997379]],[[0.404584,0.911753,-0.0708396],[-0.90571,0.388777,-0.168942],[-0.126493,0.132511,0.983077]]],"btipPosition":[-38.4537,296.419,-35.5055],"carpPosition":[-20.8298,296.376,64.5906],"dipPosition":[-41.3409,299.444,-13.0674],"direction":[-0.0422276,-0.0587541,-0.997379],"extended":false,"handId":972,"id":9720,"length":50.8265,"mcpPosition":[-20.8298,296.376,64.5906],"pipPosition":[-39.9367,301.397,20.0972],"stabilizedTipPosition":[-37.0658,285.913,-19.0682],"timeVisible":15.2688,"tipPosition":[-39.4432,297.899,-30.1636],"tipVelocity":[-24.9284,84.9916,-66.0548],"tool":false,"touchDistance":-0.545062,"touchZone":"touching","type":0,"width":19.7488},{"bases":[[[0.974847,-0.134384,-0.177806],[0.191072,0.914621,0.356314],[0.114742,-0.381326,0.917292]],[[0.935573,-0.059868,-0.348022],[0.0855862,0.994583,0.058986],[0.342605,-0.0849716,0.935629]],[[0.935573,-0.059868,-0.348022],[0.0375563,0.996804,-0.0705129],[0.351131,0.0528996,0.934831]],[[0.935573,-0.059868,-0.348022],[0.00263339,0.98668,-0.162653],[0.353124,0.151257,0.923269]]],"btipPosition":[-45.1465,343.018,-77.8823],"carpPosition":[-8.39812,315.866,64.5544],"dipPosition":[-39.2625,345.539,-62.4982],"direction":[-0.351131,-0.0528996,-0.934831],"extended":true,"handId":972,"id":9721,"length":57.352,"mcpPosition":[-16.6307,343.225,-1.26016],"pipPosition":[-30.9856,346.786,-40.4622],"stabilizedTipPosition":[-43.4592,341.136,-72.1682],"timeVisible":15.2688,"tipPosition":[-43.4941,341.633,-74.2475],"tipVelocity":[-16.0324,117.403,-102.463],"tool":false,"touchDistance":-0.211356,"touchZone":"touching","type":1,"width":18.8641},{"bases":[[[0.934434,-0.338606,-0.110362],[0.355603,0.870141,0.341177],[-0.0194937,-0.358052,0.933498]],[[0.934636,-0.330683,-0.130779],[0.0886139,0.572747,-0.814929],[0.344387,0.750073,0.564613]],[[0.934636,-0.330683,-0.130779],[-0.0744689,0.177602,-0.981281],[0.34772,0.92688,0.141368]],[[0.934636,-0.330683,-0.130779],[-0.145915,-0.0212517,-0.989069],[0.324289,0.943502,-0.0681143]]],"btipPosition":[-27.015,262.114,-30.2228],"carpPosition":[3.43372,316.007,62.5068],"dipPosition":[-21.0718,279.405,-31.4711],"direction":[-0.34772,-0.92688,-0.141368],"extended":false,"handId":972,"id":9722,"length":65.348,"mcpPosition":[4.7601,340.369,-1.00962],"pipPosition":[-11.4286,305.11,-27.5506],"stabilizedTipPosition":[-23.2724,259.534,-26.5586],"timeVisible":15.2688,"tipPosition":[-25.5788,266.971,-32.0996],"tipVelocity":[-50.1926,40.2973,39.0662],"tool":false,"touchDistance":-0.495873,"touchZone":"touching","type":2,"width":18.527},{"bases":[[[0.891897,-0.45223,0.00280915],[0.420653,0.831868,0.362004],[-0.166046,-0.321689,0.932172]],[[0.901323,-0.428633,-0.0623697],[0.214989,0.567706,-0.794663],[0.376027,0.702839,0.603838]],[[0.901323,-0.428633,-0.0623697],[0.0249505,0.195131,-0.98046],[0.432428,0.882155,0.18657]],[[0.901323,-0.428633,-0.0623697],[-0.0675338,0.00316648,-0.997712],[0.42785,0.903473,-0.0260932]]],"btipPosition":[-10.8178,261.752,-27.0789],"carpPosition":[14.9021,313.02,60.7437],"dipPosition":[-3.02174,278.214,-27.5544],"direction":[-0.432428,-0.882155,-0.18657],"extended":false,"handId":972