{"sensorType":"Leap","data":[[0,{"currentFrameRate":55.3331,"devices":[],"gestures":[],"hands":[{"armBasis":[[0.914539,-0.297739,-0.273805],[0.236966,0.942946,-0.233879],[0.327818,0.149009,0.932916]],"armWidth":62.1429,"confidence":0.519015,"direction":[-0.0889739,0.446703,-0.890247],"elbow":[108.946,365.233,325.017],"grabStrength":0,"id":972,"palmNormal":[-0.366766,-0.845684,-0.387687],"palmPosition":[9.5102,348.129,32.6247],"palmVelocity":[-7.59355,10.4536,-190.759],"palmWidth":88.738,"pinchStrength":0.791844,"r":[[0.998392,-0.0517978,-0.0230121],[0.0546798,0.987106,0.15044],[0.0149229,-0.151457,0.988351]],"s":0.890303,"sphereCenter":[-10.2553,318.887,1.19268],"sphereRadius":43.257,"stabilizedPalmPosition":[2.56843,340.815,115.233],"t":[7.2562,7.32896,-79.9681],"timeVisible":0.307331,"type":"right","wrist":[22.6254,325.996,79.3643]}],"id":4961659,"interactionBox":{"center":[0,200,0],"size":[235.247,235.247,147.751]},"pointables":[{"bases":[[[0.683323,0.726061,0.0768366],[-0.546532,0.438884,0.71322],[0.48412,-0.529354,0.696716]],[[0.508211,0.850733,-0.134068],[-0.71511,0.50359,0.484784],[0.479937,-0.1505,0.864298]],[[0.508211,0.850733,-0.134068],[-0.858468,0.512866,0.000218748],[0.0689448,0.114982,0.990972]],[[0.508211,0.850733,-0.134068],[-0.853746,0.477171,-0.208389],[-0.11331,0.220365,0.968814]]],"btipPosition":[-29.7578,322.191,-12.2411],"carpPosition":[-6.68716,323.717,84.8989],"dipPosition":[-32.3441,327.22,9.87144],"direction":[-0.0689448,-0.114982,-0.990972],"extended":false,"handId":972,"id":9720,"length":50.8265,"mcpPosition":[-6.68716,323.717,84.8989],"pipPosition":[-30.0515,331.044,42.823],"stabilizedTipPosition":[-37.9945,300.877,77.9367],"timeVisible":0.307331,"tipPosition":[-30.405,321.652,-6.96659],"tipVelocity":[-18.7171,77.1276,-203.319],"tool":false,"touchDistance":0.101367,"touchZone":"hovering","type":0,"width":19.7488},{"bases":[[[0.897963,-0.212871,-0.38516],[0.326633,0.908924,0.259167],[0.294912,-0.358528,0.885711]],[[0.897937,-0.212838,-0.385239],[0.215704,0.975783,-0.0363302],[0.383642,-0.0504753,0.922101]],[[0.897937,-0.212838,-0.385239],[0.168787,0.974899,-0.145197],[0.406473,0.0653544,0.911322]],[[0.897937,-0.212838,-0.385239],[0.133524,0.96578,-0.222354],[0.419381,0.148221,0.895628]]],"btipPosition":[-47.1409,366.037,-57.4684],"carpPosition":[6.66241,342.208,81.121],"dipPosition":[-40.1529,368.507,-42.5448],"direction":[-0.406473,-0.0653544,-0.911322],"extended":true,"handId":972,"id":9721,"length":57.352,"mcpPosition":[-14.4971,367.932,17.5723],"pipPosition":[-30.5714,370.047,-21.0629],"stabilizedTipPosition":[-48.7623,351.546,14.6162],"timeVisible":0.307331,"tipPosition":[-45.2729,366.606,-54.1377],"tipVelocity":[-13.9145,39.1065,-185.916],"tool":false,"touchDistance":-0.128098,"touchZone":"hovering","type":1,"width":18.8641},{"bases":[[[0.860623,-0.411162,-0.300456],[0.480137,0.851759,0.209703],[0.169694,-0.324736,0.930457]],[[0.862539,-0.414911,-0.289613],[0.0533434,0.643742,-0.763381],[0.503171,0.642997,0.577385]],[[0.862539,-0.414911,-0.289613],[-0.494084,-0.567196,-0.658915],[0.109124,0.711433,-0.69423]],[[0.862539,-0.414911,-0.289613],[-0.440178,-0.89756,-0.025078],[-0.24954,0.149112,-0.956815]]],"btipPosition":[-15.9495,310.802,22.8043],"carpPosition":[17.7025,341.395,76.467],"dipPosition":[-20.5228,313.534,5.26887],"direction":[-0.109124,-0.711433,0.69423],"extended":false,"handId":972,"id":9722,"length":65.348,"mcpPosition":[6.15627,363.49,13.1575],"pipPosition":[-17.4965,333.264,-13.9839],"stabilizedTipPosition":[-17.691,305.006,119.489],"timeVisible":0.307331,"tipPosition":[-16.3527,311.609,20.4132],"tipVelocity":[-6.15032,7.75279,-228.438],"tool":false,"touchDistance":0.333333,"touchZone":"none","type":2,"width":18.527},{"bases":[[[0.837555,-0.517499,-0.175204],[0.545563,0.809421,0.217255],[0.0293848,-0.277548,0.960262]],[[0.836628,-0.510804,-0.19782],[0.168927,0.584129,-0.793887],[0.521073,0.630771,0.574987]],[[0.836628,-0.510804,-0.19782],[-0.494487,-0.548909,-0.67393],[0.235661,0.661648,-0.711819]],[[0.836628,-0.510804,-0.19782],[-0.527903,-0.84825,-0.0423057],[-0.146191,0.139824,-0.979325]]],"btipPosition":[0.04573,306.547,25.6837],"carpPosition":[28.2488,337.5,72.3245],"dipPosition":[-2.6181,309.095,7.83882],"direction":[-0.235661,-0.661648,0.711819],"extended":false,"handId":972,"id":9723,"length":62.8339,"mcpPosition":[26.4537,354.456,13.6624],"pipPosition":[3.7486,326.971,-11.3919],"stabilizedTipPosition":[-2.79279,299.919,122.74],"timeVisible":0.307331,"tipPosition":[-0.00353918,307.31,23.1906],"tipVelocity":[-4.64126,8.00687,-226.642],"tool":false,"touchDistance":0.333333,"touchZone":"none","type":3,"width":17.6296},{"bases":[[[0.733593,-0.672723,-0.0963593],[0.66963,0.691355,0.271337],[-0.115916,-0.263576,0.957649]],[[0.735158,-0.668931,-0.109881],[0.318557,0.483977,-0.815038],[0.598384,0.564178,0.568893]],[[0.735158,-0.668931,-0.109881],[-0.558231,-0.505416,-0.657976],[0.384605,0.545056,-0.744979]],[[0.735158,-0.668931,-0.109881],[-0.674967,-0.737353,-0.0270162],[-0.0629493,0.0940274,-0.993577]]],"btipPosition":[16.1531,310.405,25.8986],"carpPosition":[36.5108,326.932,68.759],"dipPosition":[15.0949,311.986,9.19638],"direction":[-0.384605,-0.545056,0.744979],"extended":false,"handId":972,"id":9724,"length":49.2606,"mcpPosition":[43.0659,341.838,14.6039],"pipPosition":[22.4312,322.382,-5.01389],"stabilizedTipPosition":[13.1487,304.973,118.571],"timeVisible":0.307331,"tipPosition":[16.4286,310.991,23.3814],"tipVelocity":[-3.93559,14.1664,-225.072],"tool":false,"touchDistance":0.333333,"touchZone":"none","type":4,"width":15.66}],"r":[[0.998392,-0.0517978,-0.0230121],[0.0546798,0.987106,0.15044],[0.0149229,-0.151457,0.988351]],"s":0.890303,"t":[7.2562,7.32896,-79.9681],"timestamp":669327849669},false],[1,{"currentFrameRate":55.3449,"devices":[],"gestures":[],"hands":[{"armBasis":[[0.911233,-0.289761,-0.292735],[0.223316,0.944739,-0.239997],[0.3461,0.15332,0.925585]],"armWidth":62.1429,"confidence":0.403491,"direction":[-0.0774302,0.463407,-0.882756],"elbow":[112.719,366.225,319.942],"grabStrength":0,"id":972,"palmNormal":[-0.351479,-0.841257,-0.410792],"palmPosition":[9.09074,348.783,29.6948],"palmVelocity":[-15.0277,22.7075,-177.365],"palmWidth":88.738,"pinchStrength":0.775308,"r":[[0.998687,-0.0476376,-0.0188567],[0.0500224,0.986193,0.157867],[0.0110759,-0.158603,0.98728]],"s":0.889671,"sphereCenter":[-9.86209,319.783,-2.77233],"sphereRadius":43.445,"stabilizedPalmPosition":[2.56845,340.815,115.233],"t":[6.97705,7.75581,-83.1538],"timeVisible":0.325359,"type":"right","wrist":[21.5852,325.853,76.2195]}],"id":4961660,"interactionBox":{"center":[0,200,0],"size":[235.247,235.247,147.751]},"pointables":[{"bases":[[[0.674695,0.730816,0.103415],[-0.563459,0.419476,0.711726],[0.476761,-0.538469,0.694803]],[[0.508312,0.855159,-0.101591],[-0.722167,0.487553,0.49068],[0.469141,-0.176053,0.865397]],[[0.508312,0.855159,-0.101591],[-0.85933,0.511396,0.00508917],[0.0563055,0.0847137,0.994813]],[[0.508312,0.855159,-0.101591],[-0.854982,0.487014,-0.178391],[-0.103076,0.177537,0.978701]]],"btipPosition":[-30.1562,324.889,-16.3688],"carpPosition":[-7.79782,323.188,81.1781],"dipPosition":[-32.5089,328.941,5.96946],"direction":[-0.0563055,-0.0847137,-0.994813],"extended":false,"handId":972,"id":9720,"length":50.8265,"mcpPosition":[-7.79782,323.188,81.1781],"pipPosition":[-30.6366,331.758,39.0487],"stabilizedTipPosition":[-37.9924,300.884,77.9109],"timeVisible":0.325359,"tipPosition":[-30.4098,324.025,-11.097],"tipVelocity":[-18.9076,105.629,-214.114],"tool":false,"touchDistance":0.0334378,"touchZone":"hovering","type":0,"width":19.7488},{"bases":[[[0.906743,-0.196703,-0.372996],[0.31303,0.906651,0.282836],[0.282542,-0.373219,0.883673]],[[0.905503,-0.195075,-0.376842],[0.206362,0.978418,-0.0106239],[0.370781,-0.0681458,0.926217]],[[0.905503,-0.195075,-0.376842],[0.1607,0.979566,-0.120938],[0.392733,0.0489513,0.918349]],[[0.905503,-0.195075,-0.376842],[0.126375,0.971742,-0.199365],[0.405084,0.132903,0.904568]]],"btipPosition":[-46.3796,368.14,-60.9241],"carpPosition":[5.43528,341.876,78.006],"dipPosition":[-39.6298,370.355,-45.8515],"direction":[-0.392733,-0.0489513,-0.918349],"extended":true,"handId":972,"id":9721,"length":57.352,"mcpPosition":[-14.8368,368.654,14.6036],"pipPosition":[-30.3722,371.509,-24.204],"stabilizedTipPosition":[-48.7618,351.548,14.608],"timeVisible":0.325359,"tipPosition":[-44.4948,368.581,-57.5825],"tipVelocity":[11.2728,74.3538,-187.751],"tool":false,"touchDistance":-0.185123,"touchZone":"hovering","type":1,"width":18.8641},{"bases":[[[0.86984,-0.396978,-0.292894],[0.467946,0.85193,0.235037],[0.156221,-0.341503,0.926807]],[[0.871606,-0.400942,-0.282043],[0.0628507,0.662008,-0.746857],[0.486161,0.633239,0.60221]],[[0.871606,-0.400942,-0.282043],[-0.476007,-0.554766,-0.682387],[0.11713,0.729027,-0.674389]],[[0.871606,-0.400942,-0.282043],[-0.431825,-0.9003,-0.0546488],[-0.232012,0.169425,-0.957844]]],"btipPosition":[-15.9147,311.405,18.4244],"carpPosition":[16.5642,341.258,73.537],"dipPosition":[-20.1668,314.51,0.870097],"direction":[-0.11713,-0.729027,0.674389],"extended":false,"handId":972,"id":9722,"length":65.348,"mcpPosition":[5.93472,364.495,10.4759],"pipPosition":[-16.9185,334.728,-17.8325],"stabilizedTipPosition":[-17.691,305.006,119.488],"timeVisible":0.325359,"tipPosition":[-16.2912,312.261,16.0096],"tipVelocity":[-0.373099,22.2015,-235.436],"tool":false,"touchDistance":0.333333,"touchZone":"none","type":2,"width":18.527},{"bases":[[[0.845581,-0.505991,-0.170194],[0.533638,0.81007,0.242936],[0.0149455,-0.296243,0.954996]],[[0.844999,-0.498909,-0.192527],[0.179135,0.603295,-0.77714],[0.503873,0.622193,0.599156]],[[0.844999,-0.498909,-0.192527],[-0.475794,-0.537046,-0.696565],[0.244127,0.680199,-0.691181]],[[0.844999,-0.498909,-0.192527],[-0.519261,-0.851548,-0.0723506],[-0.12785,0.161108,-0.978621]]],"btipPosition":[0.0860334,307.221,21.5673],"carpPosition":[27.2205,337.547,69.5099],"dipPosition":[-2.24359,310.156,3.73524],"direction":[-0.244127,-0.680199,0.691181],"extended":false,"handId":972,"id":9723,"length":62.8339,"mcpPosition":[26.3075,355.644,11.1695],"pipPosition":[4.35182,328.533,-14.938],"stabilizedTipPosition":[-2.79279,299.919,122.74],"timeVisible":0.325359,"tipPosition":[0.0715991,308.047,19.0529],"tipVelocity":[0.642669,24.2729,-227.367],"tool":false,"touchDistance":0.333333,"touchZone":"none","type":3,"width":17.6296},{"bases":[[[0.741754,-0.663722,-0.0963041],[0.65787,0.692132,0.296918],[-0.130416,-0.283595,0.950034]],[[0.743469,-0.659778,-0.1093],[0.32972,0.503811,-0.798411],[0.58184,0.557556,0.59211]],[[0.743469,-0.659778,-0.1093],[-0.540304,-0.496265,-0.679553],[0.394112,0.564282,-0.725438]],[[0.743469,-0.659778,-0.1093],[-0.66729,-0.742717,-0.0556434],[-0.0444667,0.114304,-0.99245]]],"btipPosition":[16.1887,311.256,22.2649],"carpPosition":[35.648,327.13,65.887],"dipPosition":[15.4412,313.177,5.58167],"direction":[-0.394112,-0.564282,0.725438],"extended":false,"handId":972,"id":9724,"length":49.2606,"mcpPosition":[43.023,343.168,12.1625],"pipPosition":[22.9588,323.941,-8.25587],"stabilizedTipPosition":[13.1488,304.973,118.571],"timeVisible":0.325359,"tipPosition":[16.4984,311.892,19.7372],"tipVelocity":[0.746909,31.8912,-213.804],"tool":false,"touchDistance":0.333333,"touchZone":"none","type":4,"width":15.66}],"r":[[0.998687,-0.0476376,-0.0188567],[0.0500224,0.986193,0.157867],[0.0110759,-0.158603,0.98728]],"s":0.889671,"t":[6.97705,7.75581,-83.1538],"timestamp":669327867697},false],[2,{"currentFrameRate":55.336,"devices":[],"gestures":[],"hands":[{"armBasis":[[0.91049,-0.288931,-0.295848],[0.221619,0.944935,-0.240796],[0.349131,0.153677,0.924387]],"armWidth":62.1429,"confidence":0.426216,"direction":[-0.0754043,0.463627,-0.882816],"elbow":[113.328,366.679,318.183],"grabStrength":0,"id":972,"palmNormal":[-0.348379,-0.841794,-0.412328],"palmPosition":[9.01087,349.138,28.2186],"palmVelocity":[-9.97805,21.2197,-131.787],"palmWidth":88.738,"pinchStrength":0.764812,"r":[[0.998925,-0.0439244,-0.0148391],[0.0457652,0.985414,0.163904],[0.00742329,-0.164407,0.986365]],"s":0.889961,"sphereCenter":[-9.88934,320.008,-4.38414],"sphereRadius":43.5661,"stabilizedPalmPosition":[2.56847,340.815,115.233],"t":[6.79754,8.14644,-85.4847],"timeVisible":0.343461,"type":"right","wrist":[21.3955,326.213,74.7754]}],"id":4961661,"interactionBox":{"center":[0,200,0],"size":[235.247,235.247,147.751]},"pointables":[{"bases":[[[0.672852,0.732145,0.105995],[-0.566704,0.418021,0.710003],[0.475517,-0.537795,0.696176]],[[0.511351,0.854134,-0.094733],[-0.720464,0.486175,0.494536],[0.468457,-0.18463,0.863979]],[[0.511351,0.854134,-0.094733],[-0.857556,0.514323,0.00831993],[0.0558297,0.0769845,0.995468]],[[0.511351,0.854134,-0.094733],[-0.855057,0.494651,-0.155556],[-0.0860056,0.160546,0.983274]]],"btipPosition":[-30.6975,326.25,-17.97],"carpPosition":[-7.99859,323.486,79.634],"dipPosition":[-32.6605,329.914,4.47258],"direction":[-0.0558297,-0.0769845,-0.995468],"extended":false,"handId":972,"id":9720,"length":50.8265,"mcpPosition":[-7.99859,323.486,79.634],"pipPosition":[-30.8041,332.474,37.5736],"stabilizedTipPosition":[-37.9877,300.902,77.8495],"timeVisible":0.343461,"tipPosition":[-30.7039,325.286,-12.6966],"tipVelocity":[-21.7821,88.786,-153.711],"tool":false,"touchDistance":0.00715016,"touchZone":"hovering","type":0,"width":19.7488},{"bases":[[[0.908392,-0.194694,-0.370025],[0.310227,0.907165,0.284272],[0.280328,-0.373022,0.884461]],[[0.906215,-0.191828,-0.376796],[0.204141,0.978914,-0.00739815],[0.37027,-0.0702152,0.926267]],[[0.906215,-0.191828,-0.376796],[0.158191,0.98026,-0.118596],[0.392109,0.0478681,0.918673]],[[0.906215,-0.191828,-0.376796],[0.123643,0.972433,-0.197701],[0.404334,0.132571,0.904952]]],"btipPosition":[-46.4004,368.57,-62.4884],"carpPosition":[5.20697,342.202,76.5144],"dipPosition":[-39.6631,370.779,-47.4095],"direction":[-0.392109,-0.0478681,-0.918673],"extended":true,"handId":972,"id":9721,"length":57.352,"mcpPosition":[-14.9062,368.966,13.0554],"pipPosition":[-30.4202,371.908,-25.7543],"stabilizedTipPosition":[-48.7612,351.551,14.5971],"timeVisible":0.343461,"tipPosition":[-44.4702,368.96,-59.1646],"tipVelocity":[5.28886,50.2482,-139.511],"tool":false,"touchDistance":-0.21117,"touchZone":"hovering","type":1,"width":18.8641},{"bases":[[[0.871628,-0.395079,-0.290133],[0.465414,0.85278,0.236971],[0.153797,-0.341583,0.927183]],[[0.873376,-0.399067,-0.279213],[0.0659858,0.664944,-0.743973],[0.482556,0.631344,0.607079]],[[0.873376,-0.399067,-0.279213],[-0.47199,-0.552048,-0.687364],[0.120165,0.732113,-0.670501]],[[0.873376,-0.399067,-0.279213],[-0.430612,-0.900552,-0.0598314],[-0.227569,0.172488,-0.958363]]],"btipPosition":[-15.9581,311.709,16.6172],"carpPosition":[16.3521,341.609,72.0825],"dipPosition":[-20.1287,314.87,-0.946655],"direction":[-0.120165,-0.732113,0.670501],"extended":false,"handId":972,"id":9722,"length":65.348,"mcpPosition":[5.88751,364.851,8.99584],"pipPosition":[-16.7962,335.173,-19.5414],"stabilizedTipPosition":[-17.691,305.006,119.488],"timeVisible":0.343461,"tipPosition":[-16.3374,312.567,14.1698],"tipVelocity":[-0.843537,19.9578,-170.991],"tool":false,"touchDistance":0.333333,"touchZone":"none","type":2,"width":18.527},{"bases":[[[0.847179,-0.504194,-0.167561],[0.531165,0.811051,0.245073],[0.0123361,-0.296623,0.954915]],[[0.846661,-0.497144,-0.189769],[0.181912,0.605538,-0.774746],[0.500073,0.621426,0.603122]],[[0.846661,-0.497144,-0.189769],[-0.471417,-0.535317,-0.700857],[0.246841,0.682849,-0.687595]],[[0.846661,-0.497144,-0.189769],[-0.517681,-0.852057,-0.0774895],[-0.12317,0.163847,-0.978766]]],"btipPosition":[0.0613668,307.53,19.8849],"carpPosition":[27.0294,337.921,68.0897],"dipPosition":[-2.18299,310.516,2.05028],"direction":[-0.246841,-0.682849,0.687595],"extended":false,"handId":972,"id":9723,"length":62.8339,"mcpPosition":[26.2758,356.042,9.75428],"pipPosition":[4.48576,328.964,-16.526],"stabilizedTipPosition":[-2.79278,299.919,122.74],"timeVisible":0.343461,"tipPosition":[0.0492335,308.367,17.3347],"tipVelocity":[0.204148,21.1585,-163.436],"tool":false,"touchDistance":0.333333,"touchZone":"none","type":3,"width":17.6296},{"bases":[[[0.743425,-0.662168,-0.0940879],[0.655455,0.693343,0.299423],[-0.133033,-0.284269,0.94947]],[[0.745108,-0.658379,-0.106545],[0.333576,0.506218,-0.79528],[0.577531,0.557029,0.596806]],[[0.745108,-0.658379,-0.106545],[-0.535213,-0.494941,-0.684529],[0.397946,0.567072,-0.721158]],[[0.745108,-0.658379,-0.106545],[-0.665817,-0.743579,-0.061462],[-0.0387591,0.116735,-0.992407]]],"btipPosition":[16.1586,311.611,20.6564],"carpPosition":[35.4903,327.523,64.4908],"dipPosition":[15.507,313.573,3.97381],"direction":[-0.397946,-0.567072,0.721158],"extended":false,"handId":972,"id":9724,"length":49.2606,"mcpPosition":[43.0133,343.599,10.7982],"pipPosition":[23.0977,324.39,-9.78207],"stabilizedTipPosition":[13.1488,304.973,118.571],"timeVisible":0.343461,"tipPosition":[16.4764,312.251,18.1111],"tipVelocity":[0.179265,26.3022,-154.367],"tool":false,"touchDistance":0.333333,"touchZone":"none","type":4,"width":15.66}],"r":[[0.998925,-0.0439244,-0.0148391],[0.0457652,0.985414,0.163904],[0.00742329,-0.164407,0.986365]],"s":0.889961,"t":[6.79754,8.14644,-85.4847],"timestamp":669327885799},false],[3,{"currentFrameRate":50.7314,"devices":[],"gestures":[],"hands":[{"armBasis":[[0.909305,-0.293858,-0.294638],[0.232081,0.94582,-0.227075],[0.345402,0.138101,0.928238]],"armWidth":62.1429,"confidence":0.466074,"direction":[-0.0776276,0.458398,-0.88535],"elbow":[113.054,362.58,316.364],"grabStrength":0,"id":972,"palmNormal":[-0.355582,-0.842359,-0.404961],"palmPosition":[9.59298,348.914,25.3083],"palmVelocity":[8.91031,1.3408,-94.3567],"palmWidth":88.738,"pinchStrength":0.751784,"r":[[0.99903,-0.0421649,-0.0126587],[0.0436905,0.984921,0.167397],[0.00540955,-0.167788,0.985808]],"s":0.890889,"sphereCenter":[-9.80328,319.581,-7.04357],"sphereRadius":43.6793,"stabilizedPalmPosition":[2.56848,340.815,115.232],"t":[6.99885,8.22988,-88.1053],"timeVisible":0.379741,"type":"right","wrist":[22.1034,326.215,71.9422]}],"id":4961662,"interactionBox":{"center":[0,200,0],"size":[235.247,235.247,147.751]},"pointables":[{"bases":[[[0.677694,0.728846,0.0975447],[-0.560281,0.425879,0.710431],[0.476252,-0.536107,0.696974]],[[0.521506,0.847728,-0.0968983],[-0.710892,0.494492,0.50011],[0.471873,-0.191926,0.860523]],[[0.521506,0.847728,-0.0968983],[-0.850832,0.525205,0.0156479],[0.0641566,0.0742837,0.995171]],[[0.521506,0.847728,-0.0968983],[-0.851213,0.509059,-0.127655],[-0.0588897,0.149054,0.987074]]],"btipPosition":[-31.0394,327.163,-20.5313],"carpPosition":[-7.27842,323.692,76.9813],"dipPosition":[-32.3835,330.565,1.99801],"direction":[-0.0641566,-0.0742837,-0.995171],"extended":false,"handId":972,"id":9720,"length":50.8265,"mcpPosition":[-7.27842,323.692,76.9813],"pipPosition":[-30.2502,333.035,35.0892],"stabilizedTipPosition":[-37.9877,300.902,77.8495],"timeVisible":0.379741,"tipPosition":[-30.8398,326.125,-15.2396],"tipVelocity":[-9.96444,41.4148,-92.9858],"tool":false,"touchDistance":-0.0852057,"touchZone":"hovering","type":0,"width":19.7488},{"bases":[[[0.905159,-0.20239,-0.373798],[0.317098,0.907131,0.2767],[0.283082,-0.368988,0.885275]],[[0.902017,-0.198352,-0.383435],[0.20948,0.977727,-0.012986],[0.37747,-0.0686084,0.923477]],[[0.902017,-0.198352,-0.383435],[0.162029,0.978814,-0.125175],[0.40014,0.0507821,0.915046]],[[0.902017,-0.198352,-0.383435],[0.126323,0.970593,-0.204919],[0.412805,0.136404,0.900547]]],"btipPosition":[-46.4186,368.189,-65.1174],"carpPosition":[6.01849,342.31,73.6681],"dipPosition":[-39.5402,370.462,-50.1118],"direction":[-0.40014,-0.0507821,-0.915046],"extended":true,"handId":972,"id":9721,"length":57.352,"mcpPosition":[-14.2923,368.784,10.1507],"pipPosition":[-30.108,371.659,-28.5422],"stabilizedTipPosition":[-48.761,351.552,14.5919],"timeVisible":0.379741,"tipPosition":[-44.415,368.562,-61.8318],"tipVelocity":[1.73388,6.44545,-91.1826],"tool":false,"touchDistance":-0.255267,"touchZone":"touching","type":1,"width":18.8641},{"bases":[[[0.867674,-0.402039,-0.292415],[0.471699,0.851534,0.228891],[0.156978,-0.336534,0.928495]],[[0.869488,-0.406033,-0.281296],[0.0674258,0.66171,-0.746722],[0.48933,0.630299,0.602726]],[[0.869488,-0.406033,-0.281296],[-0.478491,-0.550982,-0.683714],[0.122621,0.72908,-0.673355]],[[0.869488,-0.406033,-0.281296],[-0.436863,-0.897887,-0.054305],[-0.230523,0.170105,-0.958083]]],"btipPosition":[-15.724,311.556,13.9023],"carpPosition":[17.135,341.624,69.1783],"dipPosition":[-19.9487,314.674,-3.65635],"direction":[-0.122621,-0.729079,0.673355],"extended":false,"handId":972,"id":9722,"length":65.348,"mcpPosition":[6.45404,364.522,6.00239],"pipPosition":[-16.5481,334.893,-22.3302],"stabilizedTipPosition":[-17.691,305.006,119.488],"timeVisible":0.379741,"tipPosition":[-16.1278,312.399,11.4002],"tipVelocity":[4.20361,2.22444,-101.171],"tool":false,"touchDistance":0.333333,"touchZone":"none","type":2,"width":18.527},{"bases":[[[0.843273,-0.510221,-0.169009],[0.537248,0.809472,0.236896],[0.0159386,-0.290568,0.956722]],[[0.842678,-0.503354,-0.191125],[0.182619,0.601136,-0.778001],[0.506502,0.620701,0.598486]],[[0.842678,-0.503354,-0.191125],[-0.477433,-0.534471,-0.697423],[0.2489,0.678952,-0.690704]],[[0.842678,-0.503354,-0.191125],[-0.523509,-0.848941,-0.0723723],[-0.125825,0.161042,-0.978894]]],"btipPosition":[0.292666,307.275,17.1234],"carpPosition":[27.7682,337.847,65.1502],"dipPosition":[-2.00006,310.209,-0.713572],"direction":[-0.2489,-0.678952,0.690704],"extended":false,"handId":972,"id":9723,"length":62.8339,"mcpPosition":[26.7945,355.598,6.7044],"pipPosition":[4.72432,328.552,-19.3739],"stabilizedTipPosition":[-2.79278,299.919,122.74],"timeVisible":0.379741,"tipPosition":[0.263224,308.105,14.5209],"tipVelocity":[4.46089,0.450479,-100.068],"tool":false,"touchDistance":0.333333,"touchZone":"none","type":3,"width":17.6296},{"bases":[[[0.739012,-0.66711,-0.093946],[0.661151,0.691387,0.291312],[-0.129384,-0.277396,0.952004]],[[0.740521,-0.663711,-0.105437],[0.333559,0.499203,-0.799709],[0.58341,0.557032,0.591057]],[[0.740521,-0.663711,-0.105437],[-0.540642,-0.495172,-0.680081],[0.399168,0.560618,-0.725515]],[[0.740521,-0.663711,-0.105437],[-0.670763,-0.739611,-0.0552557],[-0.0413082,0.111641,-0.99289]]],"btipPosition":[16.4267,311.285,17.8832],"carpPosition":[36.148,327.377,61.5715],"dipPosition":[15.7323,313.162,1.19252],"direction":[-0.399168,-0.560618,0.725515],"extended":false,"handId":972,"id":9724,"length":49.2606,"mcpPosition":[43.4647,343.064,7.73556],"pipPosition":[23.3464,323.855,-12.6465],"stabilizedTipPosition":[13.1488,304.973,118.571],"timeVisible":0.379741,"tipPosition":[16.7371,311.905,15.2941],"tipVelocity":[5.21723,0.292843,-97.8411],"tool":false,"touchDistance":0.333333,"touchZone":"none","type":4,"width":15.66}],"r":[[0.99903,-0.0421649,-0.0126587],[0.0436905,0.984921,0.167397],[0.00540955,-0.167788,0.985808]],"s":0.890889,"t":[6.99885,8.22988,-88.1053],"timestamp":669327922079},false],[4,{"currentFrameRate":51.0394,"devices":[],"gestures":[],"hands":[{"armBasis":[[0.909944,-0.295331,-0.291172],[0.231841,0.944358,-0.233318],[0.343877,0.1448,0.927783]],"armWidth":62.1429,"confidence":0.471728,"direction":[-0.0709521,0.450699,-0.889852],"elbow":[112.067,365.217,313.109],"grabStrength":0,"id":972,"palmNormal":[-0.350139,-0.846586,-0.400868],"palmPosition":[9.36243,349.362,21.876],"palmVelocity":[-1.40999,12.3919,-138.586],"palmWidth":88.738,"pinchStrength":0.749876,"r":[[0.999145,-0.0403185,-0.0091021],[0.0412763,0.984822,0.16859],[0.00216663,-0.168822,0.985644]],"s":0.891605,"sphereCenter":[-9.83177,319.748,-10.3723],"sphereRadius":43.6901,"stabilizedPalmPosition":[2.56848,340.815,115.232],"t":[6.98422,8.49537,-91.1318],"timeVisible":0.398182,"type":"right","wrist":[21.5177,327.088,68.8079]}],"id":4961663,"interactionBox":{"center":[0,200,0],"size":[235.247,235.247,147.751]},"pointables":[{"bases":[[[0.67517,0.731225,0.097236],[-0.567406,0.430574,0.701895],[0.471376,-0.529071,0.705612]],[[0.521738,0.847448,-0.0980938],[-0.715543,0.497316,0.490586],[0.46453,-0.185767,0.865854]],[[0.521738,0.847448,-0.0980938],[-0.8513,0.524658,0.00474233],[0.0554846,0.081033,0.995166]],[[0.521738,0.847448,-0.0980938],[-0.85073,0.508257,-0.133919],[-0.0636328,0.153322,0.986125]]],"btipPosition":[-30.9081,327.388,-24.1375],"carpPosition":[-7.90118,324.539,73.6128],"dipPosition":[-32.3605,330.888,-1.62978],"direction":[-0.0554846,-0.081033,-0.995166],"extended":false,"handId":972,"id":9720,"length":50.8265,"mcpPosition":[-7.90118,324.539,73.6128],"pipPosition":[-30.5155,333.582,31.4612],"stabilizedTipPosition":[-37.9877,300.902,77.8495],"timeVisible":0.398182,"tipPosition":[-30.7401,326.416,-18.8365],"tipVelocity":[-2.38033,27.9247,-142.55],"tool":false,"touchDistance":-0.145391,"touchZone":"touching","type":0,"width":19.7488},{"bases":[[[0.908834,-0.203436,-0.364189],[0.312626,0.910179,0.271732],[0.276197,-0.360815,0.890802]],[[0.905357,-0.198969,-0.375152],[0.207332,0.978098,-0.0183965],[0.370596,-0.0611257,0.926781]],[[0.905357,-0.198969,-0.375152],[0.16045,0.978231,-0.131607],[0.393171,0.0589584,0.917573]],[[0.905357,-0.198969,-0.375152],[0.125144,0.969217,-0.212032],[0.405792,0.145016,0.902388]]],"btipPosition":[-45.992,367.802,-69.1534],"carpPosition":[5.38197,343.159,70.2572],"dipPosition":[-39.2304,370.218,-54.1172],"direction":[-0.393171,-0.0589584,-0.917573],"extended":true,"handId":972,"id":9721,"length":57.352,"mcpPosition":[-14.4348,369.047,6.34331],"pipPosition":[-29.9625,371.608,-32.488],"stabilizedTipPosition":[-48.7609,351.552,14.5905],"timeVisible":0.398182,"tipPosition":[-43.9985,368.189,-65.8629],"tipVelocity":[11.3472,-5.91583,-152.537],"tool":false,"touchDistance":-0.318509,"touchZone":"touching","type":1,"width":18.8641},{"bases":[[[0.871093,-0.402476,-0.281442],[0.467763,0.85454,0.225741],[0.149648,-0.32829,0.932647]],[[0.872831,-0.406396,-0.270202],[0.0731059,0.656298,-0.750951],[0.482517,0.6357,0.602547]],[[0.872831,-0.406396,-0.270202],[-0.471049,-0.556806,-0.684163],[0.127592,0.724437,-0.67743]],[[0.872831,-0.406396,-0.270202],[-0.434604,-0.899146,-0.0515381],[-0.222006,0.162415,-0.961423]]],"btipPosition":[-15.7952,311.848,10.4944],"carpPosition":[16.5387,342.461,65.8703],"dipPosition":[-19.8639,314.825,-7.12555],"direction":[-0.127592,-0.724437,0.67743],"extended":false,"handId":972,"id":9722,"length":65.348,"mcpPosition":[6.35643,364.798,2.41176],"pipPosition":[-16.3255,334.915,-25.9125],"stabilizedTipPosition":[-17.691,305.006,119.488],"timeVisible":0.398182,"tipPosition":[-16.1866,312.667,7.95762],"tipVelocity":[1.2533,7.93454,-141.849],"tool":false,"touchDistance":0.333333,"touchZone":"none","type":2,"width":18.527},{"bases":[[[0.845864,-0.509666,-0.157339],[0.533335,0.812701,0.234672],[0.008265,-0.282415,0.959257]],[[0.845448,-0.503019,-0.179414],[0.188404,0.595268,-0.781128],[0.499721,0.626601,0.598039]],[[0.845448,-0.503019,-0.179414],[-0.469948,-0.541129,-0.697373],[0.253706,0.673908,-0.693889]],[[0.845448,-0.503019,-0.179414],[-0.520993,-0.850685,-0.070015],[-0.117406,0.152667,-0.981279]]],"btipPosition":[0.220507,307.636,13.9342],"carpPosition":[27.2151,338.675,61.9669],"dipPosition":[-1.91881,310.418,-3.94626],"direction":[-0.253706,-0.673908,0.693889],"extended":false,"handId":972,"id":9723,"length":62.8339,"mcpPosition":[26.7101,355.928,3.36618],"pipPosition":[4.9354,328.625,-22.6926],"stabilizedTipPosition":[-2.79278,299.919,122.74],"timeVisible":0.398182,"tipPosition":[0.204622,308.44,11.3028],"tipVelocity":[1.34699,8.7685,-135.453],"tool":false,"touchDistance":0.333333,"touchZone":"none","type":3,"width":17.6296},{"bases":[[[0.741307,-0.666156,-0.0818552],[0.657026,0.695371,0.291163],[-0.13704,-0.269623,0.953165]],[[0.74276,-0.663172,-0.0922586],[0.341122,0.493373,-0.800137],[0.576146,0.562838,0.592679]],[[0.74276,-0.663172,-0.0922586],[-0.532161,-0.501087,-0.682434],[0.406341,0.555981,-0.725101]],[[0.74276,-0.663172,-0.0922586],[-0.668865,-0.741183,-0.0571682],[-0.0304681,0.104171,-0.994093]]],"btipPosition":[16.2925,311.677,14.7525],"carpPosition":[35.6494,328.195,58.5501],"dipPosition":[15.7803,313.428,-1.95839],"direction":[-0.406341,-0.555981,0.725101],"extended":false,"handId":972,"id":9724,"length":49.2606,"mcpPosition":[43.399,343.442,4.6485],"pipPosition":[23.5311,324.033,-15.7895],"stabilizedTipPosition":[13.1488,304.973,118.571],"timeVisible":0.398182,"tipPosition":[16.635,312.275,12.1463],"tipVelocity":[0.288631,9.63564,-132.63],"tool":false,"touchDistance":0.333333,"touchZone":"none","type":4,"width":15.66}],"r":[[0.999145,-0.0403185,-0.0091021],[0.0412763,0.984822,0.16859],[0.00216663,-0.168822,0.985644]],"s":0.891605,"t":[6.98422,8.49537,-91.1318],"timestamp":669327940520},false],[5,{"currentFrameRate":51.4761,"devices":[],"gestures":[],"hands":[{"armBasis":[[0.907586,-0.293397,-0.300343],[0.229053,0.945493,-0.231467],[0.351884,0.141281,0.92532]],"armWidth":62.1429,"confidence":0.478785,"direction":[-0.0698448,0.447903,-0.89135],"elbow":[113.915,365.207,309.64],"grabStrength":0,"id":972,"palmNormal":[-0.344446,-0.849405,-0.399835],"palmPosition":[9.16853,350.09,18.9492],"palmVelocity":[-5.86682,25.7982,-150.717],"palmWidth":88.738,"pinchStrength":0.754019,"r":[[0.999268,-0.0378595,-0.00548683],[0.0382421,0.98487,0.169025],[-0.000995396,-0.169111,0.985597]],"s":0.891907,"sphereCenter":[-10.0908,320.453,-13.2157],"sphereRadius":43.6677,"stabilizedPalmPosition":[2.56848,340.815,115.232],"t":[6.87996,8.9923,-94.1084],"timeVisible":0.415986,"type":"right","wrist":[21.2578,328.006,65.9874]}],"id":4961664,"interactionBox":{"center":[0,200,0],"size":[235.247,235.247,147.751]},"pointables":[{"bases":[[[0.671179,0.734824,0.0977382],[-0.572153,0.429679,0.698582],[0.471339,-0.524795,0.708823]],[[0.518632,0.8494,-0.0976735],[-0.719754,0.495398,0.48635],[0.461493,-0.181936,0.868288]],[[0.518632,0.8494,-0.0976735],[-0.853499,0.521094,-0.000360173],[0.0505911,0.0835511,0.995218]],[[0.518632,0.8494,-0.0976735],[-0.852381,0.50473,-0.136727],[-0.0668372,0.154166,0.985782]]],"btipPosition":[-30.7891,327.884,-27.1732],"carpPosition":[-8.16588,325.324,70.6895],"dipPosition":[-32.3146,331.403,-4.6734],"direction":[-0.0505911,-0.0835511,-0.995218],"extended":false,"handId":972,"id":9720,"length":50.8265,"mcpPosition":[-8.16588,325.324,70.6895],"pipPosition":[-30.6323,334.181,28.4193],"stabilizedTipPosition":[-37.9877,300.902,77.8495],"timeVisible":0.415986,"tipPosition":[-30.6673,326.968,-21.8659],"tipVelocity":[1.43667,27.9976,-155.741],"tool":false,"touchDistance":-0.196017,"touchZone":"touching","type":0,"width":19.7488},{"bases":[[[0.911187,-0.19993,-0.360232],[0.307104,0.912458,0.270386],[0.274638,-0.357,0.892818]],[[0.90705,-0.194658,-0.373322],[0.202717,0.979072,-0.0179744],[0.369008,-0.059375,0.927528]],[[0.90705,-0.194658,-0.373322],[0.155524,0.978899,-0.132546],[0.391246,0.0621654,0.918184]],[[0.90705,-0.194658,-0.373322],[0.119983,0.969444,-0.21397],[0.403566,0.149289,0.902689]]],"btipPosition":[-46.0755,368.15,-72.2739],"carpPosition":[5.03756,344,67.3321],"dipPosition":[-39.351,370.637,-57.2327],"direction":[-0.391246,-0.0621654,-0.918184],"extended":true,"handId":972,"id":9721,"length":57.352,"mcpPosition":[-14.6674,369.615,3.27352],"pipPosition":[-30.1285,372.103,-35.5891],"stabilizedTipPosition":[-48.7609,351.552,14.5899],"timeVisible":0.415986,"tipPosition":[-44.0677,368.512,-68.9901],"tipVelocity":[3.58209,6.47246,-163.193],"tool":false,"touchDistance":-0.361781,"touchZone":"touching","type":1,"width":18.8641},{"bases":[[[0.87412,-0.398926,-0.277078],[0.462685,0.857462,0.225128],[0.147774,-0.324988,0.934101]],[[0.875856,-0.402857,-0.265675],[0.074533,0.656861,-0.750319],[0.476782,0.63737,0.605342]],[[0.875856,-0.402857,-0.265675],[-0.464969,-0.557156,-0.688027],[0.129154,0.726143,-0.675304]],[[0.875856,-0.402857,-0.265675],[-0.431041,-0.900634,-0.0553415],[-0.216981,0.162988,-0.962473]]],"btipPosition":[-15.8583,312.372,7.34286],"carpPosition":[16.2139,343.345,62.9888],"dipPosition":[-19.8349,315.359,-10.2963],"direction":[-0.129154,-0.726143,0.675304],"extended":false,"handId":972,"id":9722,"length":65.348,"mcpPosition":[6.15921,365.458,-0.568669],"pipPosition":[-16.2531,335.497,-29.0242],"stabilizedTipPosition":[-17.691,305.006,119.488],"timeVisible":0.415986,"tipPosition":[-16.2387,313.205,4.78272],"tipVelocity":[-0.442436,18.0936,-158.494],"tool":false,"touchDistance":0.333333,"touchZone":"none","type":2,"width":18.527},{"bases":[[[0.848956,-0.505899,-0.152774],[0.528429,0.815972,0.234419],[0.00606721,-0.279742,0.960056]],[[0.848593,-0.499351,-0.17475],[0.188818,0.594424,-0.78167],[0.494204,0.630324,0.598711]],[[0.848593,-0.499351,-0.17475],[-0.464435,-0.54496,-0.698082],[0.253356,0.673548,-0.694366]],[[0.848593,-0.499351,-0.17475],[-0.516576,-0.853378,-0.0699708],[-0.114188,0.149648,-0.982123]]],"btipPosition":[0.254385,308.302,11.0532],"carpPosition":[26.9234,339.602,59.1357],"dipPosition":[-1.8263,311.029,-6.84264],"direction":[-0.253356,-0.673548,0.694366],"extended":false,"handId":972,"id":9723,"length":62.8339,"mcpPosition":[26.5528,356.691,0.486182],"pipPosition":[5.01847,329.226,-25.6019],"stabilizedTipPosition":[-2.79278,299.919,122.74],"timeVisible":0.415986,"tipPosition":[0.235819,309.093,8.39317],"tipVelocity":[1.96438,21.8966,-147.94],"tool":false,"touchDistance":0.333333,"touchZone":"none","type":3,"width":17.6296},{"bases":[[[0.744892,-0.662698,-0.0772501],[0.652486,0.699411,0.291695],[-0.139276,-0.267686,0.953387]],[[0.746223,-0.660039,-0.0866027],[0.343405,0.493122,-0.799314],[0.570284,0.566727,0.59464]],[[0.746223,-0.660039,-0.0866027],[-0.525413,-0.504082,-0.68545],[0.408769,0.557001,-0.722951]],[[0.746223,-0.660039,-0.0866027],[-0.665257,-0.744119,-0.0609979],[-0.0241817,0.103131,-0.994374]]],"btipPosition":[16.2419,312.39,11.8653],"carpPosition":[35.4222,329.154,55.7793],"dipPosition":[15.8354,314.124,-4.8503],"direction":[-0.408769,-0.557001,0.722951],"extended":false,"handId":972,"id":9724,"length":49.2606,"mcpPosition":[43.2982,344.292,1.86521],"pipPosition":[23.6325,324.749,-18.6404],"stabilizedTipPosition":[13.1488,304.973,118.571],"timeVisible":0.415986,"tipPosition":[16.6045,312.99,9.23388],"tipVelocity":[-0.54133,23.8456,-146.542],"tool":false,"touchDistance":0.333333,"touchZone":"none","type":4,"width":15.66}],"r":[[0.999268,-0.0378595,-0.00548683],[0.0382421,0.98487,0.169025],[-0.000995396,-0.169111,0.985597]],"s":0.891907,"t":[6.87996,8.9923,-94.1084],"timestamp":669327958324},false],[6,{"currentFrameRate":51.7478,"devices":[],"gestures":[],"hands":[{"armBasis":[[0.911067,-0.271314,-0.310395],[0.207655,0.952441,-0.223015],[0.35614,0.138727,0.924077]],"armWidth":62.1429,"confidence":0.490087,"direction":[-0.0741371,0.444836,-0.892538],"elbow":[114.894,365.285,307.151],"grabStrength":0,"id":972,"palmNormal":[-0.31806,-0.858808,-0.401606],"palmPosition":[8.84501,350.454,16.654],"palmVelocity":[-11.5237,22.9436,-138.508],"palmWidth":88.738,"pinchStrength":0.758872,"r":[[0.999534,-0.0305274,-0.000863254],[0.0302335,0.985126,0.169155],[-0.00431347,-0.169103,0.985589]],"s":0.89183,"sphereCenter":[-9.65218,320.395,-15.5798],"sphereRadius":43.6598,"stabilizedPalmPosition":[2.56848,340.815,115.232],"t":[6.66607,9.4226,-96.7443],"timeVisible":0.434308,"type":"right","wrist":[21.1158,328.756,63.8251]}],"id":4961665,"interactionBox":{"center":[0,200,0],"size":[235.247,235.247,147.751]},"pointables":[{"bases":[[[0.650348,0.752691,0.10249],[-0.589491,0.414971,0.693036],[0.479112,-0.511132,0.71358]],[[0.497206,0.862573,-0.0935648],[-0.736639,0.476655,0.479753],[0.45842,-0.169613,0.8724]],[[0.497206,0.862573,-0.0935648],[-0.86674,0.498689,-0.00847595],[0.0393486,0.0853107,0.995577]],[[0.497206,0.862573,-0.0935648],[-0.864071,0.482517,-0.143383],[-0.078532,0.152138,0.985234]]],"btipPosition":[-30.0977,327.239,-29.7849],"carpPosition":[-8.26484,325.291,68.2775],"dipPosition":[-31.8901,330.711,-7.2975],"direction":[-0.0393486,-0.0853107,-0.995577],"extended":false,"handId":972,"id":9720,"length":50.8265,"mcpPosition":[-8.26484,325.291,68.2775],"pipPosition":[-30.5817,333.548,25.8072],"stabilizedTipPosition":[-37.9877,300.902,77.8491],"timeVisible":0.434308,"tipPosition":[-30.0199,326.367,-24.4786],"tipVelocity":[17.2438,-2.60615,-149.483],"tool":false,"touchDistance":-0.239592,"touchZone":"touching","type":0,"width":19.7488},{"bases":[[[0.919302,-0.175811,-0.3521],[0.280158,0.920686,0.271752],[0.276397,-0.348466,0.895643]],[[0.914488,-0.169882,-0.367223],[0.176761,0.984138,-0.0150913],[0.363961,-0.0511097,0.930011]],[[0.914488,-0.169882,-0.367223],[0.129826,0.982798,-0.131352],[0.38322,0.0724451,0.920812]],[[0.914488,-0.169882,-0.367223],[0.0946605,0.972229,-0.214035],[0.393385,0.160971,0.905172]]],"btipPosition":[-46.2079,367.065,-75.0081],"carpPosition":[4.46114,344.311,65.008],"dipPosition":[-39.653,369.747,-59.9254],"direction":[-0.38322,-0.072445,-0.920812],"extended":true,"handId":972,"id":9721,"length":57.352,"mcpPosition":[-15.37,369.313,0.74671],"pipPosition":[-30.6197,371.455,-38.2199],"stabilizedTipPosition":[-48.7608,351.552,14.5894],"timeVisible":0.434308,"tipPosition":[-44.2158,367.442,-71.7179],"tipVelocity":[-2.62359,-23.8647,-156.244],"tool":false,"touchDistance":-0.394806,"touchZone":"touching","type":1,"width":18.8641},{"bases":[[[0.886872,-0.375634,-0.268992],[0.437544,0.869834,0.227911],[0.148367,-0.319824,0.935788]],[[0.888631,-0.379542,-0.257455],[0.0653739,0.660459,-0.748011],[0.45394,0.647875,0.611717]],[[0.888631,-0.379542,-0.257455],[-0.443024,-0.56523,-0.695877],[0.118594,0.732437,-0.670427]],[[0.888631,-0.379542,-0.257455],[-0.407646,-0.910881,-0.0642012],[-0.210143,0.162001,-0.964155]]],"btipPosition":[-15.1831,311.976,4.59707],"carpPosition":[15.6882,343.951,60.7619],"dipPosition":[-19.0344,314.945,-13.0729],"direction":[-0.118594,-0.732437,0.670427],"extended":false,"handId":972,"id":9722,"length":65.348,"mcpPosition":[5.59307,365.713,-2.91036],"pipPosition":[-15.7455,335.258,-31.6656],"stabilizedTipPosition":[-17.691,305.006,119.488],"timeVisible":0.434308,"tipPosition":[-15.5519,312.834,2.01459],"tipVelocity":[18.2051,-1.05316,-154.539],"tool":false,"touchDistance":0.333333,"touchZone":"none","type":2,"width":18.527},{"bases":[[[0.863515,-0.483101,-0.144762],[0.504296,0.830136,0.237825],[0.0052784,-0.278368,0.96046]],[[0.86317,-0.476626,-0.166629],[0.179971,0.598769,-0.78044],[0.47175,0.643664,0.602618]],[[0.86317,-0.476626,-0.166629],[-0.443301,-0.557402,-0.701988],[0.241707,0.679801,-0.692422]],[[0.86317,-0.476626,-0.166629],[-0.492978,-0.866882,-0.0740871],[-0.109135,0.146094,-0.983232]]],"btipPosition":[1.10733,308.423,8.69653],"carpPosition":[26.5272,340.493,57.0063],"dipPosition":[-0.881294,311.085,-9.21951],"direction":[-0.241707,-0.679801,0.692422],"extended":false,"handId":972,"id":9723,"length":62.8339,"mcpPosition":[26.2047,357.498,-1.6679],"pipPosition":[5.64875,329.451,-27.9262],"stabilizedTipPosition":[-2.79278,299.919,122.74],"timeVisible":0.434308,"tipPosition":[1.08489,309.21,6.00706],"tipVelocity":[23.9114,14.175,-138.795],"tool":false,"touchDistance":0.333333,"touchZone":"none","type":3,"width":17.6296},{"bases":[[[0.763048,-0.642549,-0.0699181],[0.630937,0.717014,0.296328],[-0.140273,-0.270226,0.952524]],[[0.764202,-0.640252,-0.0779324],[0.340416,0.503015,-0.794413],[0.547826,0.580563,0.602357]],[[0.764202,-0.640252,-0.0779324],[-0.502725,-0.515593,-0.693853],[0.404059,0.569422,-0.715888]],[[0.764202,-0.640252,-0.0779324],[-0.644831,-0.761005,-0.0711671],[-0.013742,0.104639,-0.994415]]],"btipPosition":[16.8968,312.913,9.47232],"carpPosition":[35.3319,330.273,53.7377],"dipPosition":[16.6658,314.672,-7.24399],"direction":[-0.404059,-0.569422,0.715888],"extended":false,"handId":972,"id":9724,"length":49.2606,"mcpPosition":[43.2643,345.554,-0.127632],"pipPosition":[24.3731,325.534,-20.8993],"stabilizedTipPosition":[13.1488,304.973,118.571],"timeVisible":0.434308,"tipPosition":[17.284,313.528,6.83904],"tipVelocity":[17.9246,26.251,-138.901],"tool":false,"touchDistance":0.3333