{"sensorType":"Leap","data":[[0,{"currentFrameRate":53.7973,"devices":[],"gestures":[],"hands":[{"armBasis":[[0.927337,-0.189936,-0.322443],[0.115141,0.964642,-0.237083],[0.356073,0.182729,0.916418]],"armWidth":62.1429,"confidence":0.630558,"direction":[-0.0493303,0.444613,-0.894363],"elbow":[122.311,338.665,326.767],"grabStrength":0,"id":972,"palmNormal":[-0.189663,-0.88333,-0.428667],"palmPosition":[17.8639,311.346,37.5027],"palmVelocity":[-14.9498,105.623,-111.283],"palmWidth":88.738,"pinchStrength":0.768842,"r":[[0.990174,0.0941747,0.103372],[-0.107085,0.986051,0.127421],[-0.0899306,-0.137239,0.986447]],"s":0.841775,"sphereCenter":[6.73908,277.217,2.8546],"sphereRadius":44.646,"stabilizedPalmPosition":[18.0259,287.156,35.4092],"t":[15.7381,-31.1678,-76.5406],"timeVisible":5.07093,"type":"right","wrist":[28.5508,290.549,85.4582]}],"id":4961916,"interactionBox":{"center":[0,200,0],"size":[235.247,235.247,147.751]},"pointables":[{"bases":[[[0.554608,0.817085,0.157425],[-0.685117,0.341018,0.643679],[0.472255,-0.464844,0.748929]],[[0.350782,0.928896,-0.11876],[-0.81542,0.365337,0.44902],[0.460481,-0.0606684,0.885594]],[[0.350782,0.928896,-0.11876],[-0.932683,0.357922,0.0446614],[0.0839928,0.0950994,0.991918]],[[0.350782,0.928896,-0.11876],[-0.932896,0.335578,-0.130736],[-0.0815866,0.156651,0.984278]]],"btipPosition":[-23.8935,280.105,-11.0773],"carpPosition":[-0.545612,283.889,87.4839],"dipPosition":[-25.7557,283.68,11.3882],"direction":[-0.0839928,-0.0950994,-0.991918],"extended":false,"handId":972,"id":9720,"length":50.8265,"mcpPosition":[-0.545612,283.889,87.4839],"pipPosition":[-22.9628,286.843,44.3712],"stabilizedTipPosition":[-22.9774,258.056,0.748948],"timeVisible":5.07093,"tipPosition":[-24.4412,281.174,-6.00179],"tipVelocity":[-8.13286,114.395,-119.059],"tool":false,"touchDistance":-0.327797,"touchZone":"touching","type":0,"width":19.7488},{"bases":[[[0.958406,-0.0717219,-0.276251],[0.155927,0.942273,0.296323],[0.239051,-0.327073,0.914264]],[[0.934569,-0.0436109,-0.353098],[0.026287,0.99821,-0.0537127],[0.354809,0.0409163,0.934043]],[[0.934569,-0.0436109,-0.353098],[-0.020376,0.984269,-0.175497],[0.355197,0.171209,0.918979]],[[0.934569,-0.0436109,-0.353098],[-0.0529885,0.964328,-0.259352],[0.351813,0.261093,0.898921]]],"btipPosition":[-35.9832,317.572,-56.0547],"carpPosition":[10.2696,304.206,85.319],"dipPosition":[-30.121,321.923,-41.0762],"direction":[-0.355197,-0.171209,-0.918979],"extended":true,"handId":972,"id":9721,"length":57.352,"mcpPosition":[-6.88207,327.673,19.7217],"pipPosition":[-21.7482,325.958,-19.4138],"stabilizedTipPosition":[-33.9229,312.985,-49.9994],"timeVisible":5.07093,"tipPosition":[-34.4813,317.347,-52.3937],"tipVelocity":[-30.9437,179.306,-106.923],"tool":false,"touchDistance":-0.316135,"touchZone":"touching","type":1,"width":18.8641},{"bases":[[[0.941172,-0.274828,-0.196632],[0.320923,0.909173,0.265354],[0.105846,-0.312848,0.943887]],[[0.942193,-0.277971,-0.187096],[0.0238899,0.612683,-0.789968],[0.334219,0.739832,0.583906]],[[0.942193,-0.277971,-0.187096],[-0.234597,-0.14857,-0.960672],[0.239243,0.94903,-0.205193]],[[0.942193,-0.277971,-0.187096],[-0.310725,-0.515882,-0.79832],[0.125391,0.810307,-0.572433]]],"btipPosition":[-10.0692,250.445,6.51428],"carpPosition":[21.7763,305.106,82.004],"dipPosition":[-7.77114,265.296,-3.97665],"direction":[-0.239243,-0.94903,0.205193],"extended":false,"handId":972,"id":9722,"length":65.348,"mcpPosition":[14.5745,326.392,17.7808],"pipPosition":[-1.13632,291.615,-9.66719],"stabilizedTipPosition":[-2.51286,227.844,0.296209],"timeVisible":5.07093,"tipPosition":[-9.52664,254.205,3.6602],"tipVelocity":[-10.5324,115.551,-133.842],"tool":false,"touchDistance":0.333333,"touchZone":"none","type":2,"width":18.527},{"bases":[[[0.919602,-0.385621,-0.0750284],[0.390556,0.876778,0.280582],[-0.0424148,-0.287326,0.956893]],[[0.920127,-0.381345,-0.0891193],[0.157485,0.568663,-0.807354],[0.35856,0.728833,0.583299]],[[0.920127,-0.381345,-0.0891193],[-0.160488,-0.1596,-0.974049],[0.357226,0.910551,-0.208053]],[[0.920127,-0.381345,-0.0891193],[-0.287268,-0.502572,-0.815413],[0.266165,0.775885,-0.571978]]],"btipPosition":[5.66073,249.935,11.3079],"carpPosition":[33.1943,302.878,79.1375],"dipPosition":[10.5107,264.073,0.885551],"direction":[-0.357226,-0.910551,0.208053],"extended":false,"handId":972,"id":9723,"length":62.8339,"mcpPosition":[35.7854,320.431,20.6812],"pipPosition":[20.1616,288.673,-4.7353],"stabilizedTipPosition":[13.9665,227.333,9.34705],"timeVisible":5.07093,"tipPosition":[6.92365,253.223,9.78612],"tipVelocity":[-12.565,125.11,-199.824],"tool":false,"touchDistance":0.333333,"touchZone":"none","type":3,"width":17.6296},{"bases":[[[0.831255,-0.555817,-0.00909609],[0.523541,0.777275,0.348926],[-0.186869,-0.294809,0.937106]],[[0.816385,-0.574829,0.0555677],[0.362222,0.434733,-0.824501],[0.44979,0.693238,0.563125]],[[0.816385,-0.574829,0.0555677],[-0.0956652,-0.229498,-0.968596],[0.56953,0.785431,-0.24235]],[[0.816385,-0.574829,0.0555677],[-0.302006,-0.506959,-0.807332],[0.492248,0.642312,-0.587475]]],"btipPosition":[19.2076,260.69,18.6572],"carpPosition":[43.2891,293.704,76.5711],"dipPosition":[27.4824,271.488,8.7816],"direction":[-0.56953,-0.785431,0.24235],"extended":false,"handId":972,"id":9724,"length":49.2606,"mcpPosition":[53.8566,310.375,23.5777],"pipPosition":[38.346,286.47,4.15884],"stabilizedTipPosition":[27.9903,237.903,10.0615],"timeVisible":5.07093,"tipPosition":[21.2694,263.37,16.2871],"tipVelocity":[-10.1435,115.054,-144.724],"tool":false,"touchDistance":0.333333,"touchZone":"none","type":4,"width":15.66}],"r":[[0.990174,0.0941747,0.103372],[-0.107085,0.986051,0.127421],[-0.0899306,-0.137239,0.986447]],"s":0.841775,"t":[15.7381,-31.1678,-76.5406],"timestamp":669332613273},false],[1,{"currentFrameRate":53.867,"devices":[],"gestures":[],"hands":[{"armBasis":[[0.926736,-0.191216,-0.323413],[0.114311,0.963493,-0.242104],[0.3579,0.187398,0.914762]],"armWidth":62.1429,"confidence":0.633472,"direction":[-0.0509316,0.453982,-0.889554],"elbow":[122.809,340.068,325.172],"grabStrength":0,"id":972,"palmNormal":[-0.193121,-0.878375,-0.43722],"palmPosition":[17.7873,312.043,36.5944],"palmVelocity":[-9.7859,73.2004,-81.6869],"palmWidth":88.738,"pinchStrength":0.798094,"r":[[0.990125,0.0956591,0.10248],[-0.109392,0.984365,0.138056],[-0.087671,-0.147903,0.985108]],"s":0.84111,"sphereCenter":[5.59188,278.699,1.70965],"sphereRadius":44.6058,"stabilizedPalmPosition":[18.0162,288.167,35.4573],"t":[15.5663,-29.863,-77.9902],"timeVisible":5.08925,"type":"right","wrist":[28.5674,290.723,84.2992]}],"id":4961917,"interactionBox":{"center":[0,200,0],"size":[235.247,235.247,147.751]},"pointables":[{"bases":[[[0.557084,0.814061,0.164199],[-0.682336,0.335984,0.649255],[0.473366,-0.473729,0.742635]],[[0.352253,0.929332,-0.11072],[-0.813563,0.362536,0.454624],[0.462637,-0.0700646,0.883775]],[[0.352253,0.929332,-0.11072],[-0.931949,0.359167,0.0497073],[0.0859617,0.0856763,0.992608]],[[0.352253,0.929332,-0.11072],[-0.931999,0.337523,-0.132124],[-0.0854164,0.149732,0.98503]]],"btipPosition":[-23.97,281.258,-12.1686],"carpPosition":[-0.539022,284.114,86.3441],"dipPosition":[-25.9195,284.676,10.3141],"direction":[-0.0859617,-0.0856763,-0.992608],"extended":false,"handId":972,"id":9720,"length":50.8265,"mcpPosition":[-0.539022,284.114,86.3441],"pipPosition":[-23.0612,287.525,43.32],"stabilizedTipPosition":[-23.0672,259.551,0.265907],"timeVisible":5.08925,"tipPosition":[-24.5991,282.327,-7.07923],"tipVelocity":[-6.75985,88.7692,-90.4235],"tool":false,"touchDistance":-0.339661,"touchZone":"touching","type":0,"width":19.7488},{"bases":[[[0.95739,-0.0711763,-0.279889],[0.159132,0.938769,0.305597],[0.241,-0.337115,0.910095]],[[0.933078,-0.0418792,-0.357227],[0.0331533,0.998984,-0.0305185],[0.358142,0.0166328,0.933519]],[[0.933078,-0.0418792,-0.357227],[-0.0134967,0.988422,-0.15113],[0.35942,0.145838,0.92171]],[[0.933078,-0.0418792,-0.357227],[-0.0463333,0.970927,-0.234848],[0.356677,0.235683,0.904011]]],"btipPosition":[-36.3934,320.551,-56.8447],"carpPosition":[10.3194,304.425,84.357],"dipPosition":[-30.4501,324.478,-41.7814],"direction":[-0.35942,-0.145838,-0.92171],"extended":true,"handId":972,"id":9721,"length":57.352,"mcpPosition":[-6.97199,328.613,19.0589],"pipPosition":[-21.9778,327.916,-20.0547],"stabilizedTipPosition":[-34.5838,318.057,-52.024],"timeVisible":5.08925,"tipPosition":[-34.8734,320.033,-53.1589],"tipVelocity":[-26.3544,168.759,-75.8131],"tool":false,"touchDistance":-0.324414,"touchZone":"touching","type":1,"width":18.8641},{"bases":[[[0.939898,-0.275055,-0.202327],[0.323951,0.905592,0.273786],[0.107919,-0.322875,0.940269]],[[0.941018,-0.278554,-0.192076],[0.0313082,0.63692,-0.770294],[0.336906,0.718846,0.608074]],[[0.941018,-0.278554,-0.192076],[-0.230083,-0.110567,-0.96687],[0.248088,0.954035,-0.168136]],[[0.941018,-0.278554,-0.192076],[-0.310349,-0.48442,-0.817937],[0.134794,0.829304,-0.542297]]],"btipPosition":[-10.7122,251.853,3.05703],"carpPosition":[21.8183,305.332,81.0166],"dipPosition":[-8.24183,267.052,-6.88159],"direction":[-0.248088,-0.954035,0.168136],"extended":false,"handId":972,"id":9722,"length":65.348,"mcpPosition":[14.4754,327.301,17.0396],"pipPosition":[-1.3617,293.51,-11.5444],"stabilizedTipPosition":[-2.59934,228.156,0.301591],"timeVisible":5.08925,"tipPosition":[-10.022,255.541,1.06791],"tipVelocity":[-21.2816,99.0876,-156.852],"tool":false,"touchDistance":0.333333,"touchZone":"none","type":2,"width":18.527},{"bases":[[[0.918422,-0.38705,-0.0818127],[0.39355,0.872872,0.288465],[-0.0402383,-0.29713,0.953989]],[[0.918894,-0.382864,-0.095124],[0.159136,0.580364,-0.798657],[0.360983,0.718744,0.59422]],[[0.918894,-0.382864,-0.095124],[-0.160801,-0.143308,-0.976527],[0.360245,0.912622,-0.19325]],[[0.918894,-0.382864,-0.095124],[-0.288926,-0.488942,-0.823078],[0.268617,0.783806,-0.559905]]],"btipPosition":[5.32374,251.001,9.34452],"carpPosition":[33.2221,303.106,78.0926],"dipPosition":[10.2184,265.284,-0.857825],"direction":[-0.360245,-0.912621,0.19325],"extended":false,"handId":972,"id":9723,"length":62.8339,"mcpPosition":[35.6803,321.258,19.8137],"pipPosition":[19.9509,289.939,-6.07874],"stabilizedTipPosition":[13.9215,227.494,9.33298],"timeVisible":5.08925,"tipPosition":[6.59362,254.286,7.93802],"tipVelocity":[-15.0939,93.8943,-154.063],"tool":false,"touchDistance":0.333333,"touchZone":"none","type":3,"width":17.6296},{"bases":[[[0.829857,-0.557706,-0.0173796],[0.526496,0.772343,0.35537],[-0.184769,-0.304057,0.934564]],[[0.814882,-0.577627,0.0481018],[0.365556,0.44775,-0.81602],[0.449818,0.682544,0.576019]],[[0.814882,-0.577627,0.0481018],[-0.0920847,-0.210947,-0.973151],[0.572265,0.788574,-0.225087]],[[0.814882,-0.577627,0.0481018],[-0.300091,-0.491435,-0.81758],[0.495895,0.651797,-0.573802]]],"btipPosition":[18.9719,261.594,16.6266],"carpPosition":[43.2866,293.935,75.4006],"dipPosition":[27.308,272.551,6.98092],"direction":[-0.572265,-0.788574,0.225087],"extended":false,"handId":972,"id":9724,"length":49.2606,"mcpPosition":[53.7353,311.129,22.5509],"pipPosition":[38.2238,287.592,2.68744],"stabilizedTipPosition":[27.9274,238.135,10.1],"timeVisible":5.08925,"tipPosition":[21.0225,264.283,14.5269],"tipVelocity":[-11.0805,84.4783,-127.093],"tool":false,"touchDistance":0.333333,"touchZone":"none","type":4,"width":15.66}],"r":[[0.990125,0.0956591,0.10248],[-0.109392,0.984365,0.138056],[-0.087671,-0.147903,0.985108]],"s":0.84111,"t":[15.5663,-29.863,-77.9902],"timestamp":669332631590},false],[2,{"currentFrameRate":54.0038,"devices":[],"gestures":[],"hands":[{"armBasis":[[0.9238,-0.18611,-0.334599],[0.110262,0.966206,-0.232998],[0.366655,0.17835,0.913102]],"armWidth":62.1429,"confidence":0.644029,"direction":[-0.0495246,0.46128,-0.885871],"elbow":[123.887,340.141,321.051],"grabStrength":0,"id":972,"palmNormal":[-0.186532,-0.875626,-0.445517],"palmPosition":[16.6516,314.847,33.0472],"palmVelocity":[-35.0202,112.24,-136.251],"palmWidth":88.738,"pinchStrength":0.812223,"r":[[0.989889,0.0977308,0.102803],[-0.112391,0.982561,0.148132],[-0.086533,-0.158188,0.98361]],"s":0.839417,"sphereCenter":[4.06433,282.061,-2.11221],"sphereRadius":44.5779,"stabilizedPalmPosition":[17.9476,289.508,35.3361],"t":[14.9125,-27.8086,-80.4886],"timeVisible":5.10729,"type":"right","wrist":[27.3399,293.179,80.6153]}],"id":4961918,"interactionBox":{"center":[0,200,0],"size":[235.247,235.247,147.751]},"pointables":[{"bases":[[[0.552008,0.815579,0.173547],[-0.686916,0.326801,0.649113],[0.472688,-0.477527,0.740631]],[[0.347159,0.932246,-0.101969],[-0.818151,0.354215,0.452947],[0.458377,-0.0738191,0.885687]],[[0.347159,0.932246,-0.101969],[-0.934437,0.353069,0.0465705],[0.0794172,0.0791161,0.993697]],[[0.347159,0.932246,-0.101969],[-0.932601,0.331746,-0.142123],[-0.0986662,0.144436,0.984583]]],"btipPosition":[-24.4429,284.064,-16.1547],"carpPosition":[-1.73933,286.397,82.4771],"dipPosition":[-26.6949,287.36,6.31776],"direction":[-0.0794172,-0.0791161,-0.993697],"extended":false,"handId":972,"id":9720,"length":50.8265,"mcpPosition":[-1.73933,286.397,82.4771],"pipPosition":[-24.0541,289.991,39.3599],"stabilizedTipPosition":[-23.194,261.244,-0.487698],"timeVisible":5.10729,"tipPosition":[-25.2192,285.149,-11.0547],"tipVelocity":[-17.8237,119.725,-152.451],"tool":false,"touchDistance":-0.393855,"touchZone":"touching","type":0,"width":19.7488},{"bases":[[[0.958955,-0.063697,-0.276311],[0.152788,0.936959,0.314266],[0.238874,-0.343584,0.908234]],[[0.93458,-0.0336101,-0.354162],[0.0319098,0.999434,-0.0106414],[0.354319,-0.00135601,0.935124]],[[0.93458,-0.0336101,-0.354162],[-0.0137727,0.991363,-0.130424],[0.355487,0.12677,0.926045]],[[0.93458,-0.0336101,-0.354162],[-0.0460651,0.975713,-0.214154],[0.352758,0.216459,0.910334]]],"btipPosition":[-37.2233,324.896,-60.6328],"carpPosition":[9.01876,306.782,80.7103],"dipPosition":[-31.3454,328.503,-45.4641],"direction":[-0.355487,-0.12677,-0.926045],"extended":true,"handId":972,"id":9721,"length":57.352,"mcpPosition":[-8.12018,331.434,15.5456],"pipPosition":[-22.9658,331.491,-23.6352],"stabilizedTipPosition":[-35.3404,322.563,-55.0323],"timeVisible":5.10729,"tipPosition":[-35.7156,324.179,-56.9291],"tipVelocity":[-36.0816,201.061,-138.861],"tool":false,"touchDistance":-0.376763,"touchZone":"touching","type":1,"width":18.8641},{"bases":[[[0.94222,-0.26832,-0.200564],[0.317918,0.904931,0.282892],[0.105591,-0.330309,0.937948]],[[0.943329,-0.271954,-0.190186],[0.0337166,0.648671,-0.760322],[0.330141,0.710821,0.62108]],[[0.943329,-0.271954,-0.190186],[-0.222499,-0.0930985,-0.970478],[0.246219,0.957796,-0.148332]],[[0.943329,-0.271954,-0.190186],[-0.302608,-0.469653,-0.82937],[0.136229,0.839921,-0.525333]]],"btipPosition":[-11.5016,254.884,-1.84535],"carpPosition":[20.527,307.779,77.4278],"dipPosition":[-9.00496,270.277,-11.4731],"direction":[-0.246219,-0.957796,0.148332],"extended":false,"handId":972,"id":9722,"length":65.348,"mcpPosition":[13.3424,330.253,13.6087],"pipPosition":[-2.17666,296.839,-15.5867],"stabilizedTipPosition":[-2.69742,228.512,0.250223],"timeVisible":5.10729,"tipPosition":[-10.7858,258.555,-3.56447],"tipVelocity":[-31.7938,132.992,-209.527],"tool":false,"touchDistance":0.333333,"touchZone":"none","type":2,"width":18.527},{"bases":[[[0.920824,-0.381452,-0.0811022],[0.387627,0.872458,0.297595],[-0.0427601,-0.30547,0.951241]],[[0.921345,-0.37701,-0.0948041],[0.169698,0.609457,-0.774445],[0.349752,0.697442,0.625498]],[[0.921345,-0.37701,-0.0948041],[-0.143367,-0.102845,-0.984311],[0.361345,0.920482,-0.148807]],[[0.921345,-0.37701,-0.0948041],[-0.274342,-0.457786,-0.845677],[0.275428,0.805168,-0.525208]]],"btipPosition":[4.5462,254.37,2.75863],"carpPosition":[31.955,305.639,74.5346],"dipPosition":[9.56494,269.041,-6.81149],"direction":[-0.361345,-0.920482,0.148807],"extended":false,"handId":972,"id":9723,"length":62.8339,"mcpPosition":[34.5672,324.3,16.4236],"pipPosition":[19.3272,293.909,-10.8317],"stabilizedTipPosition":[13.8688,227.688,9.2767],"timeVisible":5.10729,"tipPosition":[5.84722,257.637,2.08021],"tipVelocity":[-27.6369,140.32,-250.405],"tool":false,"touchDistance":0.333333,"touchZone":"none","type":3,"width":17.6296},{"bases":[[[0.832896,-0.55312,-0.0185103],[0.520819,0.772069,0.364221],[-0.187167,-0.312999,0.931129]],[[0.817527,-0.573923,0.0475648],[0.369809,0.459868,-0.807319],[0.441465,0.677594,0.588196]],[[0.817527,-0.573923,0.0475648],[-0.0823276,-0.198217,-0.976695],[0.569975,0.794558,-0.209297]],[[0.817527,-0.573923,0.0475648],[-0.290504,-0.482302,-0.826433],[0.49725,0.661814,-0.561022]]],"btipPosition":[18.2097,264.597,12.2929],"carpPosition":[42.0799,296.544,71.8085],"dipPosition":[26.5686,275.722,2.86206],"direction":[-0.569975,-0.794558,0.209297],"extended":false,"handId":972,"id":9724,"length":49.2606,"mcpPosition":[52.6642,314.244,19.1532],"pipPosition":[37.4407,290.878,-1.13023],"stabilizedTipPosition":[27.8495,238.426,10.1002],"timeVisible":5.10729,"tipPosition":[20.2453,267.301,10.3616],"tipVelocity":[-25.7369,124.423,-179.507],"tool":false,"touchDistance":0.333333,"touchZone":"none","type":4,"width":15.66}],"r":[[0.989889,0.0977308,0.102803],[-0.112391,0.982561,0.148132],[-0.086533,-0.158188,0.98361]],"s":0.839417,"t":[14.9125,-27.8086,-80.4886],"timestamp":669332649623},false],[3,{"currentFrameRate":54.1115,"devices":[],"gestures":[],"hands":[{"armBasis":[[0.923847,-0.187991,-0.333417],[0.116712,0.967951,-0.222371],[0.364535,0.166523,0.916179]],"armWidth":62.1429,"confidence":0.647869,"direction":[-0.0520146,0.453163,-0.889909],"elbow":[122.521,340.744,318.236],"grabStrength":0,"id":972,"palmNormal":[-0.192606,-0.878937,-0.436318],"palmPosition":[15.6968,318.163,29.275],"palmVelocity":[-43.4523,146.012,-170.574],"palmWidth":88.738,"pinchStrength":0.824499,"r":[[0.989885,0.0987087,0.101899],[-0.113764,0.981429,0.154448],[-0.0847615,-0.164478,0.982732]],"s":0.838122,"sphereCenter":[1.78283,285.624,-5.34636],"sphereRadius":44.5038,"stabilizedPalmPosition":[17.7887,291.53,34.9083],"t":[14.1082,-25.1231,-83.624],"timeVisible":5.12538,"type":"right","wrist":[26.5322,296.896,76.9902]}],"id":4961919,"interactionBox":{"center":[0,200,0],"size":[235.247,235.247,147.751]},"pointables":[{"bases":[[[0.55643,0.814732,0.163086],[-0.682179,0.335898,0.649465],[0.474359,-0.472636,0.742697]],[[0.349408,0.930011,-0.113986],[-0.815696,0.361783,0.45139],[0.461036,-0.0647412,0.885016]],[[0.349408,0.930011,-0.113986],[-0.933345,0.356163,0.0448978],[0.0823531,0.0907008,0.992467]],[[0.349408,0.930011,-0.113986],[-0.931643,0.331886,-0.147962],[-0.0997757,0.157893,0.982402]]],"btipPosition":[-25.4718,286.792,-19.4463],"carpPosition":[-2.56647,290.26,79.0622],"dipPosition":[-27.7491,290.396,2.9764],"direction":[-0.0823531,-0.0907008,-0.992467],"extended":false,"handId":972,"id":9720,"length":50.8265,"mcpPosition":[-2.56647,290.26,79.0622],"pipPosition":[-25.0107,293.412,35.9777],"stabilizedTipPosition":[-23.4194,263.365,-1.59779],"timeVisible":5.12538,"tipPosition":[-26.3286,288.03,-14.3405],"tipVelocity":[-36.5368,136.339,-166.738],"tool":false,"touchDistance":-0.432349,"touchZone":"touching","type":0,"width":19.7488},{"bases":[[[0.957252,-0.0705091,-0.280529],[0.158463,0.939184,0.304668],[0.241986,-0.336097,0.910209]],[[0.932257,-0.0406732,-0.359502],[0.0405616,0.999146,-0.00785707],[0.359515,-0.00725716,0.933111]],[[0.932257,-0.0406732,-0.359502],[-0.00497558,0.992125,-0.125149],[0.361762,0.11846,0.924714]],[[0.932257,-0.0406732,-0.359502],[-0.0374017,0.977502,-0.207582],[0.359857,0.206966,0.909763]]],"btipPosition":[-38.6781,328.758,-64.31],"carpPosition":[8.27122,310.58,77.0496],"dipPosition":[-32.6819,332.207,-49.1508],"direction":[-0.361762,-0.11846,-0.924714],"extended":true,"handId":972,"id":9721,"length":57.352,"mcpPosition":[-9.09101,334.695,11.7432],"pipPosition":[-24.1544,334.999,-27.3533],"stabilizedTipPosition":[-36.4303,326.452,-58.255],"timeVisible":5.12538,"tipPosition":[-37.1465,327.866,-60.59],"tipVelocity":[-56.433,205.96,-169.502],"tool":false,"touchDistance":-0.422611,"touchZone":"touching","type":1,"width":18.8641},{"bases":[[[0.940011,-0.274337,-0.202778],[0.323291,0.906136,0.272764],[0.108915,-0.321958,0.940468]],[[0.941176,-0.277938,-0.192195],[0.0337986,0.643337,-0.764837],[0.336223,0.71335,0.614887]],[[0.941176,-0.277938,-0.192195],[-0.226368,-0.0962942,-0.96927],[0.25089,0.95576,-0.153546]],[[0.941176,-0.277938,-0.192195],[-0.30795,-0.471306,-0.826461],[0.139123,0.837031,-0.529173]]],"btipPosition":[-12.9564,258.023,-5.23862],"carpPosition":[19.7668,311.495,73.7],"dipPosition":[-10.4067,273.363,-14.9367],"direction":[-0.25089,-0.95576,0.153546],"extended":false,"handId":972,"id":9722,"length":65.348,"mcpPosition":[12.3561,333.401,9.70932],"pipPosition":[-3.44888,299.869,-19.1949],"stabilizedTipPosition":[-2.85028,229.034,0.128233],"timeVisible":5.12538,"tipPosition":[-12.2174,261.663,-6.90583],"tipVelocity":[-54.5805,151.894,-199.463],"tool":false,"touchDistance":0.333333,"touchZone":"none","type":2,"width":18.527},{"bases":[[[0.918729,-0.386248,-0.0821512],[0.392932,0.873495,0.287421],[-0.0392571,-0.296342,0.954275]],[[0.91921,-0.381816,-0.0962777],[0.172351,0.609964,-0.773459],[0.354045,0.694378,0.626492]],[[0.91921,-0.381816,-0.0962777],[-0.144021,-0.0984341,-0.984667],[0.366485,0.918982,-0.145471]],[[0.91921,-0.381816,-0.0962777],[-0.277432,-0.454469,-0.846457],[0.279435,0.804782,-0.523681]]],"btipPosition":[3.14886,257.632,-1.3531],"carpPosition":[31.1706,309.277,70.7695],"dipPosition":[8.24062,272.297,-10.8954],"direction":[-0.366485,-0.918982,0.145471],"extended":false,"handId":972,"id":9723,"length":62.8339,"mcpPosition":[33.5688,327.381,12.4731],"pipPosition":[18.1417,297.124,-14.8255],"stabilizedTipPosition":[13.7842,227.983,9.16311],"timeVisible":5.12538,"tipPosition":[4.45569,260.87,-1.96696],"tipVelocity":[-50.7704,159.267,-239.184],"tool":false,"touchDistance":0.333333,"touchZone":"none","type":3,"width":17.6296},{"bases":[[[0.830374,-0.556932,-0.0175055],[0.526022,0.77315,0.354316],[-0.183795,-0.303423,0.934962]],[[0.814925,-0.577398,0.0500896],[0.374088,0.458022,-0.806395],[0.442669,0.675889,0.589252]],[[0.814925,-0.577398,0.0500896],[-0.0789204,-0.196175,-0.977388],[0.574168,0.792544,-0.205436]],[[0.814925,-0.577398,0.0500896],[-0.289637,-0.480592,-0.827733],[0.502005,0.660032,-0.558882]]],"btipPosition":[16.9795,267.752,8.19962],"carpPosition":[41.2418,300.113,68.078],"dipPosition":[25.4183,278.847,-1.19529],"direction":[-0.574168,-0.792544,0.205436],"extended":false,"handId":972,"id":9724,"length":49.2606,"mcpPosition":[51.6354,317.272,15.2059],"pipPosition":[36.3704,293.965,-5.11393],"stabilizedTipPosition":[27.7327,238.843,10.0471],"timeVisible":5.12538,"tipPosition":[19.006,270.42,6.51456],"tipVelocity":[-45.3401,147.968,-201.475],"tool":false,"touchDistance":0.333333,"touchZone":"none","type":4,"width":15.66}],"r":[[0.989885,0.0987087,0.101899],[-0.113764,0.981429,0.154448],[-0.0847615,-0.164478,0.982732]],"s":0.838122,"t":[14.1082,-25.1231,-83.624],"timestamp":669332667723},false],[4,{"currentFrameRate":54.2293,"devices":[],"gestures":[],"hands":[{"armBasis":[[0.926948,-0.192122,-0.322269],[0.123088,0.967127,-0.222518],[0.354426,0.166595,0.920124]],"armWidth":62.1429,"confidence":0.636097,"direction":[-0.052737,0.458267,-0.887249],"elbow":[119.327,341.817,316.749],"grabStrength":0,"id":972,"palmNormal":[-0.20244,-0.874943,-0.439878],"palmPosition":[15.1003,319.56,26.9182],"palmVelocity":[-38.5403,113.525,-151.689],"palmWidth":88.738,"pinchStrength":0.840994,"r":[[0.990156,0.0976882,0.100245],[-0.113001,0.980523,0.160639],[-0.0825998,-0.170385,0.981909]],"s":0.837316,"sphereCenter":[-0.496487,288.005,-7.54811],"sphereRadius":44.408,"stabilizedPalmPosition":[17.5893,293.609,34.3157],"t":[13.4078,-23.0817,-86.37],"timeVisible":5.14341,"type":"right","wrist":[26.0001,297.95,74.4643]}],"id":4961920,"interactionBox":{"center":[0,200,0],"size":[235.247,235.247,147.751]},"pointables":[{"bases":[[[0.564271,0.809054,0.16441],[-0.675871,0.338325,0.654778],[0.474127,-0.480592,0.737723]],[[0.355131,0.927972,-0.112913],[-0.81285,0.36619,0.452967],[0.461688,-0.0690815,0.884348]],[[0.355131,0.927972,-0.112913],[-0.931106,0.361882,0.0456272],[0.0832019,0.0889302,0.992557]],[[0.355131,0.927972,-0.112913],[-0.929213,0.337212,-0.151169],[-0.102205,0.158605,0.982038]]],"btipPosition":[-26.0533,288.34,-21.8163],"carpPosition":[-3.14349,291.554,76.6544],"dipPosition":[-28.3861,291.96,0.598142],"direction":[-0.0832019,-0.0889302,-0.992557],"extended":false,"handId":972,"id":9720,"length":50.8265,"mcpPosition":[-3.14349,291.554,76.6544],"pipPosition":[-25.6195,294.917,33.6024],"stabilizedTipPosition":[-23.6785,265.475,-2.82886],"timeVisible":5.14341,"tipPosition":[-27.0541,289.7,-16.6698],"tipVelocity":[-34.8451,112.494,-150.068],"tool":false,"touchDistance":-0.453025,"touchZone":"touching","type":0,"width":19.7488},{"bases":[[[0.955137,-0.0772524,-0.285912],[0.168133,0.936173,0.308725],[0.243814,-0.342946,0.907162]],[[0.929676,-0.0464544,-0.365437],[0.0540382,0.998483,0.0105465],[0.364393,-0.0295524,0.930776]],[[0.929676,-0.0464544,-0.365437],[0.00889477,0.994558,-0.1038],[0.368271,0.0932499,0.92503]],[[0.929676,-0.0464544,-0.365437],[-0.0235388,0.982498,-0.184778],[0.367625,0.180386,0.912312]]],"btipPosition":[-39.7094,332.431,-66.4021],"carpPosition":[7.85827,311.79,74.6909],"dipPosition":[-33.5837,335.436,-51.2005],"direction":[-0.368271,-0.0932499,-0.92503],"extended":true,"handId":972,"id":9721,"length":57.352,"mcpPosition":[-9.63505,336.396,9.60315],"pipPosition":[-24.9028,337.634,-29.3955],"stabilizedTipPosition":[-37.4695,330.158,-60.8393],"timeVisible":5.14341,"tipPosition":[-38.1665,331.293,-62.6796],"tipVelocity":[-56.0206,202.234,-143.905],"tool":false,"touchDistance":-0.439918,"touchZone":"touching","type":1,"width":18.8641},{"bases":[[[0.936544,-0.281331,-0.209135],[0.332502,0.901879,0.275785],[0.111028,-0.327823,0.938192]],[[0.937746,-0.285038,-0.198459],[0.0361242,0.648342,-0.760492],[0.345439,0.705979,0.618277]],[[0.937746,-0.285038,-0.198459],[-0.231226,-0.0859706,-0.969094],[0.259167,0.954653,-0.146527]],[[0.937746,-0.285038,-0.198459],[-0.315665,-0.461098,-0.829303],[0.144874,0.840322,-0.522369]]],"btipPosition":[-14.2914,259.867,-7.97658],"carpPosition":[19.3437,312.624,71.2858],"dipPosition":[-11.6363,275.268,-17.55],"direction":[-0.259167,-0.954653,0.146527],"extended":false,"handId":972,"id":9722,"length":65.348,"mcpPosition":[11.7893,334.929,7.45005],"pipPosition":[-4.44893,301.743,-21.6136],"stabilizedTipPosition":[-3.05417,229.682,-0.0657932],"timeVisible":5.14341,"tipPosition":[-13.5208,263.502,-9.57679],"tipVelocity":[-63.1825,128.762,-176.151],"tool":false,"touchDistance":0.333333,"touchZone":"none","type":2,"width":18.527},{"bases":[[[0.914927,-0.393688,-0.0889841],[0.401934,0.868564,0.289906],[-0.036844,-0.301008,0.952909]],[[0.915369,-0.389226,-0.102963],[0.175574,0.616043,-0.767896],[0.362315,0.684831,0.632246]],[[0.915369,-0.389226,-0.102963],[-0.147634,-0.0865707,-0.985246],[0.37457,0.917065,-0.136707]],[[0.915369,-0.389226,-0.102963],[-0.284167,-0.44342,-0.850075],[0.285216,0.807392,-0.516499]]],"btipPosition":[1.8593,259.384,-4.37351],"carpPosition":[30.7126,310.324,68.284],"dipPosition":[7.05638,274.096,-13.7849],"direction":[-0.37457,-0.917065,0.136707],"extended":false,"handId":972,"id":9723,"length":62.8339,"mcpPosition":[32.9634,328.712,10.0711],"pipPosition":[17.1759,298.872,-17.4783],"stabilizedTipPosition":[13.6705,228.352,8.9968],"timeVisible":5.14341,"tipPosition":[3.18657,262.608,-4.97758],"tipVelocity":[-59.9842,130.111,-204.429],"tool":false,"touchDistance":0.333333,"touchZone":"none","type":3,"width":17.6296},{"bases":[[[0.825441,-0.563944,-0.0247666],[0.534501,0.766729,0.355577],[-0.181536,-0.306746,0.934319]],[[0.809955,-0.584867,0.0436274],[0.379265,0.46558,-0.79962],[0.447359,0.664203,0.598919]],[[0.809955,-0.584867,0.0436274],[-0.0775723,-0.180565,-0.980499],[0.581339,0.790776,-0.191619]],[[0.809955,-0.584867,0.0436274],[-0.291698,-0.466258,-0.835174],[0.508807,0.663728,-0.548252]]],"btipPosition":[15.8874,269.289,4.87435],"carpPosition":[40.6903,301.088,65.492],"dipPosition":[24.4406,280.446,-4.34187],"direction":[-0.581339,-0.790776,0.191619],"extended":false,"handId":972,"id":9724,"length":49.2606,"mcpPosition":[50.9562,318.434,12.6562],"pipPosition":[35.5294,295.53,-7.99696],"stabilizedTipPosition":[27.6004,239.284,9.94946],"timeVisible":5.14341,"tipPosition":[17.9165,271.941,3.41041],"tipVelocity":[-51.879,118.611,-192.334],"tool":false,"touchDistance":0.333333,"touchZone":"none","type":4,"width":15.66}],"r":[[0.990156,0.0976882,0.100245],[-0.113001,0.980523,0.160639],[-0.0825998,-0.170385,0.981909]],"s":0.837316,"t":[13.4078,-23.0817,-86.37],"timestamp":669332685748},false],[5,{"currentFrameRate":54.4688,"devices":[],"gestures":[],"hands":[{"armBasis":[[0.925425,-0.190554,-0.327532],[0.127019,0.970347,-0.20565],[0.357007,0.148711,0.922188]],"armWidth":62.1429,"confidence":0.577794,"direction":[-0.0551321,0.463116,-0.884581],"elbow":[119.616,337.452,315.784],"grabStrength":0,"id":972,"palmNormal":[-0.206656,-0.872038,-0.443669],"palmPosition":[14.5734,320.187,25.5703],"palmVelocity":[-34.6089,77.3885,-116.957],"palmWidth":88.738,"pinchStrength":0.864534,"r":[[0.990503,0.0962328,0.0982],[-0.111708,0.979656,0.166718],[-0.0801585,-0.176104,0.981102]],"s":0.836621,"sphereCenter":[-2.27847,289.397,-8.81363],"sphereRadius":44.3997,"stabilizedPalmPosition":[17.3922,295.347,33.744],"t":[12.7942,-21.7479,-88.417],"timeVisible":5.16093,"type":"right","wrist":[25.6095,298.294,72.9558]}],"id":4961921,"interactionBox":{"center":[0,200,0],"size":[235.247,235.247,147.751]},"pointables":[{"bases":[[[0.567166,0.806626,0.166361],[-0.672235,0.336684,0.659352],[0.475839,-0.485796,0.733198]],[[0.356626,0.927733,-0.110134],[-0.811673,0.366048,0.455187],[0.462606,-0.0729383,0.883558]],[[0.356626,0.927733,-0.110134],[-0.930577,0.363187,0.0460621],[0.0827326,0.0860614,0.992849]],[[0.356626,0.927733,-0.110134],[-0.928195,0.338448,-0.154615],[-0.106167,0.157366,0.981817]]],"btipPosition":[-26.3908,289.063,-23.2044],"carpPosition":[-3.54227,291.966,75.2324],"dipPosition":[-28.8139,292.655,-0.795093],"direction":[-0.0827326,-0.0860614,-0.992849],"extended":false,"handId":972,"id":9720,"length":50.8265,"mcpPosition":[-3.54227,291.966,75.2324],"pipPosition":[-26.0629,295.517,32.2189],"stabilizedTipPosition":[-23.9101,267.204,-3.90726],"timeVisible":5.16093,"tipPosition":[-27.5171,290.458,-18.0299],"tipVelocity":[-28.1566,79.2504,-117.191],"tool":false,"touchDistance":-0.456896,"touchZone":"touching","type":0,"width":19.7488},{"bases":[[[0.953734,-0.078338,-0.290265],[0.171978,0.934058,0.312985],[0.246606,-0.348424,0.904316]],[[0.927802,-0.0468032,-0.370126],[0.0612962,0.997741,0.0274857],[0.368004,-0.0481886,0.928575]],[[0.927802,-0.0468032,-0.370126],[0.016654,0.996306,-0.0842382],[0.372702,0.0719922,0.925154]],[[0.927802,-0.0468032,-0.370126],[-0.0156275,0.986353,-0.1639],[0.372746,0.157851,0.914409]]],"btipPosition":[-40.6021,334.874,-67.5037],"carpPosition":[7.50692,312.183,73.3308],"dipPosition":[-34.3911,337.504,-52.2671],"direction":[-0.372702,-0.0719922,-0.925154],"extended":true,"handId":972,"id":9721,"length":57.352,"mcpPosition":[-10.1867,337.182,8.44724],"pipPosition":[-25.6057,339.201,-30.4592],"stabilizedTipPosition":[-38.4389,333.185,-62.6369],"timeVisible":5.16093,"tipPosition":[-39.0548,333.562,-63.7897],"tipVelocity":[-53.1493,170.771,-106.044],"tool":false,"touchDistance":-0.440663,"touchZone":"touching","type":1,"width":18.8641},{"bases":[[[0.934897,-0.28277,-0.214495],[0.336114,0.89949,0.279185],[0.113991,-0.333104,0.935974]],[[0.936185,-0.286704,-0.203368],[0.0399097,0.661515,-0.748869],[0.349235,0.692964,0.630743]],[[0.936185,-0.286704,-0.203368],[-0.230256,-0.063041,-0.971086],[0.265594,0.955943,-0.125033]],[[0.936185,-0.286704,-0.203368],[-0.317435,-0.441082,-0.839453],[0.150973,0.85044,-0.503944]]],"btipPosition":[-15.3247,260.997,-10.7486],"carpPosition":[18.9805,313.003,69.8827],"dipPosition":[-12.5578,276.583,-19.9843],"direction":[-0.265594,-0.955943,0.125033],"extended":false,"handId":972,"id":9722,"length":65.348,"mcpPosition":[11.2244,335.668,6.19781],"pipPosition":[-5.19223,303.093,-23.4518],"stabilizedTipPosition":[-3.26153,230.304,-0.294062],"timeVisible":5.16093,"tipPosition":[-14.4822,264.581,-11.9524],"tipVelocity":[-60.5504,100.013,-165.767],"tool":false,"touchDistance":0.333333,"touchZone":"none","type":2,"width":18.527},{"bases":[[[0.913467,-0.395704,-0.0948522],[0.405512,0.865912,0.292841],[-0.0337447,-0.305964,0.951445]],[[0.91386,-0.391221,-0.108653],[0.174608,0.620255,-0.764719],[0.366567,0.679875,0.635137]],[[0.91386,-0.391221,-0.108653],[-0.151217,-0.0795868,-0.985292],[0.376819,0.916849,-0.131891]],[[0.91386,-0.391221,-0.108653],[-0.288337,-0.436893,-0.852048],[0.285869,0.809982,-0.512062]]],"btipPosition":[1.02996,260.226,-6.08328],"carpPosition":[30.3305,310.688,66.8217],"dipPosition":[6.23895,274.985,-15.4139],"direction":[-0.376819,-0.916849,0.131891],"extended":false,"handId":972,"id":9723,"length":62.8339,"mcpPosition":[32.392,329.379,8.69825],"pipPosition":[16.4192,299.755,-18.9771],"stabilizedTipPosition":[13.5455,228.737,8.80859],"timeVisible":5.16093,"tipPosition":[2.36166,263.454,-6.71197],"tipVelocity":[-54.0376,92.2638,-154.299],"tool":false,"touchDistance":0.333333,"touchZone":"none","type":3,"width":17.6296},{"bases":[[[0.823778,-0.566055,-0.0311686],[0.538068,0.763369,0.357423],[-0.178528,-0.311208,0.933422]],[[0.808494,-0.587324,0.0372668],[0.380838,0.473872,-0.793982],[0.448665,0.656122,0.606797]],[[0.808494,-0.587324,0.0372668],[-0.0763219,-0.167431,-0.982925],[0.583535,0.791845,-0.180193]],[[0.808494,-0.587324,0.0372668],[-0.291757,-0.455009,-0.841335],[0.511093,0.669341,-0.539228]]],"btipPosition":[15.1729,270.057,2.73126],"carpPosition":[40.2712,301.44,63.9396],"dipPosition":[23.7644,281.309,-6.33327],"direction":[-0.583535,-0.791845,0.180193],"extended":false,"handId":972,"id":9724,"length":49.2606,"mcpPosition":[50.367,319.039,11.1545],"pipPosition":[34.8952,296.413,-9.77039],"stabilizedTipPosition":[27.4804,239.668,9.84262],"timeVisible":5.16093,"tipPosition":[17.1918,272.708,1.4134],"tipVelocity":[-46.4921,84.4502,-158.885],"tool":false,"touchDistance":0.333333,"touchZone":"none","type":4,"width":15.66}],"r":[[0.990503,0.0962328,0.0982],[-0.111708,0.979656,0.166718],[-0.0801585,-0.176104,0.981102]],"s":0.836621,"t":[12.7942,-21.7479,-88.417],"timestamp":669332703266},false],[6,{"currentFrameRate":54.5375,"devices":[],"gestures":[],"hands":[{"armBasis":[[0.921935,-0.208193,-0.326636],[0.139149,0.964992,-0.222324],[0.361488,0.159517,0.91863]],"armWidth":62.1429,"confidence":0.440446,"direction":[-0.0471489,0.473265,-0.879657],"elbow":[119.049,341.108,310.355],"grabStrength":0,"id":972,"palmNormal":[-0.2221,-0.863559,-0.4527],"palmPosition":[13.2038,321.684,21.3147],"palmVelocity":[-54.1441,79.9362,-173.18],"palmWidth":88.738,"pinchStrength":0.884372,"r":[[0.991112,0.0913764,0.0966776],[-0.107193,0.978959,0.173635],[-0.0787772,-0.182455,0.980053]],"s":0.836304,"sphereCenter":[-5.29596,292.176,-13.1531],"sphereRadius":44.3963,"stabilizedPalmPosition":[17.1685,296.753,33.0803],"t":[11.8026,-20.3324,-91.5683],"timeVisible":5.17902,"type":"right","wrist":[23.8625,299.105,68.4637]}],"id":4961922,"interactionBox":{"center":[0,200,0],"size":[235.247,235.247,147.751]},"pointables":[{"bases":[[[0.58134,0.794712,0.174577],[-0.666048,0.341554,0.663115],[0.467358,-0.501772,0.727875]],[[0.37291,0.922404,-0.100547],[-0.807134,0.375929,0.455207],[0.457683,-0.0885964,0.884691]],[[0.37291,0.922404,-0.100547],[-0.924559,0.378535,0.0436051],[0.078282,0.0767007,0.993976]],[[0.37291,0.922404,-0.100547],[-0.92122,0.35511,-0.158904],[-0.110868,0.151883,0.982161]]],"btipPosition":[-27.7494,291.564,-27.8517],"carpPosition":[-5.3959,293.268,70.6855],"dipPosition":[-30.2799,295.031,-5.43453],"direction":[-0.078282,-0.0767007,-0.993976],"extended":false,"handId":972,"id":9720,"length":50.8265,"mcpPosition":[-5.3959,293.268,70.6855],"pipPosition":[-27.6769,297.581,27.6169],"stabilizedTipPosition":[-24.203,268.871,-5.15186],"timeVisible":5.17902,"tipPosition":[-29.0154,292.956,-22.6339],"tipVelocity":[-51.1212,106.525,-183.547],"tool":false,"touchDistance":-0.509222,"touchZone":"touching","type":0,"width":19.7488},{"bases":[[[0.952141,-0.0920952,-0.291454],[0.188492,0.927547,0.322687],[0.24062,-0.362181,0.900515]],[[0.92628,-0.0587381,-0.372231],[0.083006,0.995319,0.0494951],[0.367581,-0.0767437,0.92682]],[[0.92628,-0.0587381,-0.372231],[0.0392348,0.997441,-0.0597623],[0.374789,0.0407522,0.926214]],[[0.92628,-0.0587381,-0.372231],[0.0072539,0.990374,-0.13823],[0.376767,0.12534,0.917789]]],"btipPosition":[-41.7703,339.458,-71.5781],"carpPosition":[6.0077,313.306,68.9914],"dipPosition":[-35.4924,341.546,-56.2852],"direction":[-0.374789,-0.0407522,-0.926214],"extended":true,"handId":972,"id":9721,"length":57.352,"mcpPosition":[-11.2565,339.292,4.3806],"pipPosition":[-26.6578,342.507,-34.4523],"stabilizedTipPosition":[-39.494,336.96,-65.6688],"timeVisible":5.17902,"tipPosition":[-40.2367,337.952,-67.8898],"tipVelocity":[-58.1706,206.768,-162.353],"tool":false,"touchDistance":-0.485851,"touchZone":"touching","type":1,"width":18.8641},{"bases":[[[0.929718,-0.296946,-0.217823],[0.351986,0.890447,0.28846],[0.108303,-0.344858,0.932386]],[[0.930987,-0.30119,-0.206271],[0.0555189,0.675292,-0.735458],[0.360806,0.67325,0.64541]],[[0.930987,-0.30119,-0.206271],[-0.227217,-0.0358445,-0.973184],[0.28572,0.95289,-0.101806]],[[0.930987,-0.30119,-0.206271],[-0.322794,-0.41531,-0.850483],[0.170491,0.858372,-0.48387]]],"btipPosition":[-17.8847,263.619,-16.5411],"carpPosition":[17.4932,313.959,65.5475],"dipPosition":[-14.7601,279.35,-25.4089],"direction":[-0.28572,-0.95289,0.101806],"extended":false,"handId":972,"id":9722,"length":65.348,"mcpPosition":[10.1242,337.424,2.1068],"pipPosition":[-6.83639,305.776,-28.2323],"stabilizedTipPosition":[-3.52091,230.993,-0.635191],"timeVisible":5.17902,"tipPosition":[-16.943,267.156,-17.4895],"tipVelocity":[-96.8723,122.243,-236.944],"tool":false,"touchDistance":0.333333,"touchZone":"none","type":2,"width":18.527},{"bases":[[[0.906325,-0.410733,-0.099362],[0.420784,0.855509,0.301736],[-0.038928,-0.315281,0.9482]],[[0.906792,-0.406151,-0.113004],[0.185723,0.625497,-0.7578],[0.378465,0.666179,0.642627]],[[0.906792,-0.406151,-0.113004],[-0.152285,-0.0656185,-0.986156],[0.393113,0.911447,-0.121353]],[[0.906792,-0.406151,-0.113004],[-0.295775,-0.421905,-0.857038],[0.30041,0.810578,-0.502709]]],"btipPosition":[-1.40754,262.315,-11.0303],"carpPosition":[28.8,311.477,62.4579],"dipPosition":[4.0664,277.085,-20.1905],"direction":[-0.393113,-0.911447,0.121353],"extended":false,"handId":972,"id":9723,"length":62.8339,"mcpPosition":[31.1781,330.737,4.53268],"pipPosition":[14.6869,301.709,-23.469],"stabilizedTipPosition":[13.3812,229.181,8.5452],"timeVisible":5.17902,"tipPosition":[-0.0207888,265.532,-11.6542],"tipVelocity":[-90.7977,103.378,-209.904],"tool":false,"touchDistance":0.333333,"touchZone":"none","type":3,"width":17.6296},{"bases":[[[0.81366,-0.580134,-0.0374309],[0.551525,0.749973,0.365186],[-0.183785,-0.317782,0.930182]],[[0.798168,-0.601677,0.0302092],[0.388496,0.475747,-0.789136],[0.460433,0.641599,0.613475]],[[0.798168,-0.601677,0.0302092],[-0.0794696,-0.154864,-0.984734],[0.597171,0.783583,-0.171422]],[[0.798168,-0.601677,0.0302092],[-0.29967,-0.440036,-0.846502],[0.522614,0.666598,-0.531527]]],"btipPosition":[12.9147,271.779,-2.07708],"carpPosition":[38.5754,302.086,59.475],"dipPosition":[21.7,282.985,-11.0122],"direction":[-0.597171,-0.783583,0.171422],"extended":false,"handId":972,"id":9724,"length":49.2606,"mcpPosition":[48.9684,320.056,6.87313],"pipPosition":[33.0908,297.931,-14.282],"stabilizedTipPosition":[27.3438,240.045,9.69048],"timeVisible":5.17902,"tipPosition":[14.9779,274.414,-3.37983],"tipVelocity":[-82.5574,89.2684,-208.911],"tool":false,"touchDistance":0.333333,"touchZone":"none","type":4,"width":15.66}],