{"sensorType":"Leap","data":[[0,{"currentFrameRate":52.949,"devices":[],"gestures":[],"hands":[{"armBasis":[[0.880398,-0.373685,-0.29199],[0.313701,0.920649,-0.232374],[0.355655,0.112984,0.927763]],"armWidth":62.1429,"confidence":0.500436,"direction":[0.0940911,0.47971,-0.872367],"elbow":[100.055,326.133,330.294],"grabStrength":0,"id":972,"palmNormal":[-0.338766,-0.808538,-0.481149],"palmPosition":[2.97341,320.772,38.6712],"palmVelocity":[13.6102,121.533,-239.475],"palmWidth":88.738,"pinchStrength":0.99735,"r":[[0.975822,-0.115047,0.185837],[0.0766737,0.976409,0.201858],[-0.204676,-0.182729,0.961623]],"s":0.75113,"sphereCenter":[-16.565,292.67,1.8435],"sphereRadius":45.129,"stabilizedPalmPosition":[1.6883,268.516,88.037],"t":[0.320403,-22.1271,-72.8281],"timeVisible":29.4757,"type":"right","wrist":[6.40494,296.382,85.9977]}],"id":4963215,"interactionBox":{"center":[0,200,0],"size":[235.247,235.247,147.751]},"pointables":[{"bases":[[[0.698067,0.679648,0.225345],[-0.638631,0.448649,0.625192],[0.323809,-0.580338,0.747232]],[[0.486976,0.8647,-0.12308],[-0.784883,0.495068,0.372647],[0.383161,-0.0848666,0.919775]],[[0.486976,0.8647,-0.12308],[-0.872702,0.487417,-0.0285635],[0.0352925,0.121322,0.991986]],[[0.486976,0.8647,-0.12308],[-0.871036,0.470409,-0.141466],[-0.0644275,0.176098,0.982262]]],"btipPosition":[-41.8607,291.818,-13.937],"carpPosition":[-23.5046,295.74,86.2443],"dipPosition":[-43.3312,295.837,8.48247],"direction":[-0.0352925,-0.121322,-0.991986],"extended":false,"handId":972,"id":9720,"length":50.8265,"mcpPosition":[-23.5046,295.74,86.2443],"pipPosition":[-42.1577,299.871,41.4677],"stabilizedTipPosition":[-40.8918,241.751,45.1354],"timeVisible":29.4757,"tipPosition":[-42.7469,293.84,-8.79533],"tipVelocity":[10.4212,88.4615,-216.22],"tool":false,"touchDistance":-0.810442,"touchZone":"hovering","type":0,"width":19.7488},{"bases":[[[0.938662,-0.255418,-0.231678],[0.325461,0.878231,0.350408],[0.113967,-0.404317,0.907491]],[[0.925794,-0.220602,-0.306985],[0.23956,0.97056,0.0250031],[0.292432,-0.096689,0.951386]],[[0.925794,-0.220602,-0.306985],[0.203856,0.975215,-0.0860152],[0.318352,0.0170515,0.947819]],[[0.925794,-0.220602,-0.306985],[0.176806,0.970457,-0.164174],[0.334133,0.0977147,0.937447]]],"btipPosition":[-42.2005,344.514,-57.3001],"carpPosition":[-8.69912,313.484,85.636],"dipPosition":[-36.6329,346.142,-41.6797],"direction":[-0.318352,-0.0170515,-0.947819],"extended":true,"handId":972,"id":9721,"length":57.352,"mcpPosition":[-16.8761,342.493,20.5247],"pipPosition":[-29.1287,346.544,-19.3375],"stabilizedTipPosition":[-39.7297,330.393,-34.2591],"timeVisible":29.4757,"tipPosition":[-41.0423,342.91,-53.47],"tipVelocity":[-25.1529,123.019,-229.273],"tool":false,"touchDistance":-0.821968,"touchZone":"hovering","type":1,"width":18.8641},{"bases":[[[0.876101,-0.453644,-0.163262],[0.48189,0.813316,0.326034],[-0.01512,-0.364313,0.931154]],[[0.874251,-0.471285,-0.11652],[0.263292,0.661929,-0.701803],[0.407877,0.582873,0.702777]],[[0.874251,-0.471285,-0.11652],[0.0257833,0.284747,-0.958256],[0.48479,0.834751,0.261091]],[[0.874251,-0.471285,-0.11652],[-0.101939,0.0564545,-0.993187],[0.474652,0.880173,0.0013133]]],"btipPosition":[-37.3614,270.248,-20.7132],"carpPosition":[2.92643,312.14,82.9442],"dipPosition":[-28.6625,286.379,-20.6892],"direction":[-0.48479,-0.834751,-0.261092],"extended":false,"handId":972,"id":9722,"length":65.348,"mcpPosition":[3.95522,336.928,19.5873],"pipPosition":[-15.218,309.529,-13.4484],"stabilizedTipPosition":[-28.6373,219.279,43.2655],"timeVisible":29.4757,"tipPosition":[-35.3703,274.046,-20.6252],"tipVelocity":[2.32455,82.4732,-189.994],"tool":false,"touchDistance":-0.841478,"touchZone":"hovering","type":2,"width":18.527},{"bases":[[[0.825491,-0.562323,-0.0485655],[0.542525,0.766799,0.343054],[-0.155667,-0.309536,0.938059]],[[0.826042,-0.561212,-0.0519212],[0.353805,0.588053,-0.727334],[0.438721,0.582439,0.684316]],[[0.826042,-0.561212,-0.0519212],[0.0876479,0.218915,-0.971799],[0.556751,0.798196,0.230022]],[[0.826042,-0.561212,-0.0519212],[-0.05814,0.00678191,-0.998285],[0.560602,0.827645,-0.0270267]]],"btipPosition":[-21.0568,264.622,-12.3069],"carpPosition":[13.8067,307.737,80.539],"dipPosition":[-10.8418,279.703,-12.7994],"direction":[-0.556751,-0.798196,-0.230022],"extended":false,"handId":972,"id":9723,"length":62.8339,"mcpPosition":[23.3164,326.646,23.2333],"pipPosition":[4.19966,301.267,-6.58498],"stabilizedTipPosition":[-12.6541,210.498,64.2386],"timeVisible":29.4757,"tipPosition":[-18.8327,267.978,-11.8682],"tipVelocity":[10.9314,102.736,-218.259],"tool":false,"touchDistance":-0.829393,"touchZone":"hovering","type":3,"width":17.6296},{"bases":[[[0.700861,-0.713284,0.00432068],[0.648416,0.639623,0.412843],[-0.297238,-0.286544,0.910792]],[[0.695253,-0.718454,0.0211398],[0.50593,0.468277,-0.724398],[0.510548,0.514335,0.689058]],[[0.695253,-0.718454,0.0211398],[0.177751,0.143364,-0.973577],[0.69644,0.680639,0.22738]],[[0.695253,-0.718454,0.0211398],[-0.00303143,-0.032342,-0.999472],[0.718759,0.694822,-0.0246638]]],"btipPosition":[-4.19154,270.604,-1.16903],"carpPosition":[21.9723,296.799,78.0205],"dipPosition":[7.89094,282.284,-1.58363],"direction":[-0.69644,-0.680639,-0.22738],"extended":false,"handId":972,"id":9724,"length":49.2606,"mcpPosition":[38.7811,313.003,26.5151],"pipPosition":[21.1753,295.267,2.75357],"stabilizedTipPosition":[4.57824,217.565,67.7549],"timeVisible":29.4757,"tipPosition":[-1.55889,273.296,-0.955405],"tipVelocity":[12.6805,110.458,-225.167],"tool":false,"touchDistance":-0.781709,"touchZone":"hovering","type":4,"width":15.66}],"r":[[0.975822,-0.115047,0.185837],[0.0766737,0.976409,0.201858],[-0.204676,-0.182729,0.961623]],"s":0.75113,"t":[0.320403,-22.1271,-72.8281],"timestamp":669357018085},false],[1,{"currentFrameRate":52.895,"devices":[],"gestures":[],"hands":[{"armBasis":[[0.890998,-0.378975,-0.250002],[0.31724,0.913613,-0.254304],[0.32478,0.147273,0.934253]],"armWidth":62.1429,"confidence":0.5191,"direction":[0.0841855,0.479551,-0.873466],"elbow":[93.1535,335.86,328.784],"grabStrength":0,"id":972,"palmNormal":[-0.356968,-0.803885,-0.475754],"palmPosition":[3.64668,321.564,35.5445],"palmVelocity":[24.3006,81.9676,-202.043],"palmWidth":88.738,"pinchStrength":0.999938,"r":[[0.977148,-0.115799,0.17825],[0.0786037,0.975988,0.203149],[-0.197494,-0.184496,0.962786]],"s":0.754815,"sphereCenter":[-17.2881,294.072,-0.878664],"sphereRadius":45.1206,"stabilizedPalmPosition":[1.70212,268.891,87.6665],"t":[0.787126,-20.5821,-76.6589],"timeVisible":29.4948,"type":"right","wrist":[7.63316,297.08,82.7792]}],"id":4963216,"interactionBox":{"center":[0,200,0],"size":[235.247,235.247,147.751]},"pointables":[{"bases":[[[0.710066,0.671009,0.213434],[-0.621925,0.455525,0.63695],[0.330175,-0.585017,0.74077]],[[0.494654,0.859097,-0.131411],[-0.772308,0.503859,0.386867],[0.398569,-0.0898762,0.912724]],[[0.494654,0.859097,-0.131411],[-0.86737,0.497506,-0.012496],[0.0546424,0.120163,0.991249]],[[0.494654,0.859097,-0.131411],[-0.867628,0.479379,-0.131974],[-0.0503828,0.179297,0.982504]]],"btipPosition":[-42.3429,293.082,-16.2581],"carpPosition":[-22.2727,296.795,83.561],"dipPosition":[-43.4929,297.175,6.16691],"direction":[-0.0546424,-0.120163,-0.991249],"extended":false,"handId":972,"id":9720,"length":50.8265,"mcpPosition":[-22.2727,296.795,83.561],"pipPosition":[-41.6759,301.17,39.1277],"stabilizedTipPosition":[-40.9034,242.105,44.7554],"timeVisible":29.4948,"tipPosition":[-43.1482,295.108,-11.1077],"tipVelocity":[-5.29226,77.898,-169.405],"tool":false,"touchDistance":-0.792528,"touchZone":"hovering","type":0,"width":19.7488},{"bases":[[[0.931243,-0.266339,-0.248696],[0.342159,0.873882,0.345338],[0.125354,-0.406687,0.904927]],[[0.917189,-0.230745,-0.324841],[0.25274,0.967168,0.0266],[0.308038,-0.106498,0.945395]],[[0.917189,-0.230745,-0.324841],[0.215057,0.972988,-0.0839317],[0.335433,0.00712182,0.942037]],[[0.917189,-0.230745,-0.324841],[0.186442,0.969032,-0.161916],[0.352142,0.087943,0.931806]]],"btipPosition":[-42.9445,346.37,-59.5668],"carpPosition":[-7.26941,314.361,82.704],"dipPosition":[-37.0768,347.835,-44.0404],"direction":[-0.335433,-0.00712182,-0.942037],"extended":true,"handId":972,"id":9721,"length":57.352,"mcpPosition":[-16.2634,343.541,17.7767],"pipPosition":[-29.1699,348.003,-21.8345],"stabilizedTipPosition":[-39.8763,331.676,-35.9685],"timeVisible":29.4948,"tipPosition":[-41.7253,344.779,-55.7833],"tipVelocity":[-30.1842,109.271,-175.194],"tool":false,"touchDistance":-0.802429,"touchZone":"hovering","type":1,"width":18.8641},{"bases":[[[0.867551,-0.463882,-0.179354],[0.49734,0.807132,0.318105],[-0.00280051,-0.365172,0.930936]],[[0.866313,-0.481659,-0.132313],[0.258591,0.659098,-0.706201],[0.427356,0.577576,0.695538]],[[0.866313,-0.481659,-0.132313],[0.0120411,0.284951,-0.958466],[0.499356,0.828739,0.252657]],[[0.866313,-0.481659,-0.132313],[-0.11897,0.0583014,-0.991185],[0.485127,0.874417,-0.00679588]]],"btipPosition":[-38.3485,271.57,-23.1167],"carpPosition":[4.28918,312.882,79.8031],"dipPosition":[-29.4576,287.595,-23.2412],"direction":[-0.499356,-0.828739,-0.252657],"extended":false,"handId":972,"id":9722,"length":65.348,"mcpPosition":[4.47973,337.729,16.4611],"pipPosition":[-15.6092,310.578,-16.2344],"stabilizedTipPosition":[-28.7261,219.927,42.4965],"timeVisible":29.4948,"tipPosition":[-36.3097,275.349,-23.0792],"tipVelocity":[-23.2118,75.2893,-159.182],"tool":false,"touchDistance":-0.822228,"touchZone":"hovering","type":2,"width":18.527},{"bases":[[[0.817707,-0.57208,-0.0638708],[0.557709,0.759875,0.333992],[-0.142536,-0.308729,0.940409]],[[0.818129,-0.571157,-0.0666772],[0.348214,0.584354,-0.732992],[0.457616,0.576464,0.676962]],[[0.818129,-0.571157,-0.0666772],[0.0733892,0.218715,-0.973025],[0.570333,0.791166,0.220853]],[[0.818129,-0.571157,-0.0666772],[-0.0754051,0.00839341,-0.997118],[0.57007,0.820798,-0.0362012]]],"btipPosition":[-21.9572,265.763,-15.0548],"carpPosition":[15.0713,308.352,77.1993],"dipPosition":[-11.5696,280.719,-15.7144],"direction":[-0.570333,-0.791166,-0.220853],"extended":false,"handId":972,"id":9723,"length":62.8339,"mcpPosition":[23.7788,327.212,19.75],"pipPosition":[3.8387,302.094,-9.74778],"stabilizedTipPosition":[-12.7229,211.083,63.448],"timeVisible":29.4948,"tipPosition":[-19.6854,269.093,-14.6568],"tipVelocity":[-16.7313,80.7531,-182.504],"tool":false,"touchDistance":-0.816583,"touchZone":"hovering","type":3,"width":17.6296},{"bases":[[[0.692249,-0.721604,-0.00890066],[0.663304,0.631365,0.401754],[-0.284288,-0.284017,0.915704]],[[0.686703,-0.726887,0.00855724],[0.498812,0.462608,-0.732926],[0.528796,0.507571,0.680255]],[[0.686703,-0.726887,0.00855724],[0.162405,0.141932,-0.976463],[0.708564,0.67193,0.215515]],[[0.686703,-0.726887,0.00855724],[-0.0209133,-0.0315212,-0.999284],[0.726637,0.686033,-0.0368474]]],"btipPosition":[-4.83006,271.529,-4.2079],"carpPosition":[23.059,297.321,74.5247],"dipPosition":[7.38485,283.062,-4.82731],"direction":[-0.708564,-0.67193,-0.215515],"extended":false,"handId":972,"id":9724,"length":49.2606,"mcpPosition":[39.1355,313.382,22.7415],"pipPosition":[20.9005,295.879,-0.716423],"stabilizedTipPosition":[4.52255,218.043,67.1464],"timeVisible":29.4948,"tipPosition":[-2.16074,274.189,-4.04038],"tipVelocity":[-9.31128,78.9548,-193.749],"tool":false,"touchDistance":-0.778161,"touchZone":"hovering","type":4,"width":15.66}],"r":[[0.977148,-0.115799,0.17825],[0.0786037,0.975988,0.203149],[-0.197494,-0.184496,0.962786]],"s":0.754815,"t":[0.787126,-20.5821,-76.6589],"timestamp":669357037185},false],[2,{"currentFrameRate":52.9554,"devices":[],"gestures":[],"hands":[{"armBasis":[[0.886463,-0.365839,-0.283453],[0.315121,0.925696,-0.209251],[0.338943,0.0961712,0.935878]],"armWidth":62.1429,"confidence":0.531981,"direction":[0.0850331,0.478848,-0.87377],"elbow":[96.3116,324.668,326.433],"grabStrength":0,"id":972,"palmNormal":[-0.342735,-0.809375,-0.476912],"palmPosition":[3.14083,323.68,32.6831],"palmVelocity":[-0.686357,97.2366,-178.346],"palmWidth":88.738,"pinchStrength":1,"r":[[0.978186,-0.113791,0.173792],[0.0773055,0.975937,0.203888],[-0.192811,-0.186006,0.963445]],"s":0.75799,"sphereCenter":[-17.4757,296.12,-3.79401],"sphereRadius":45.1154,"stabilizedPalmPosition":[1.71183,269.26,87.2954],"t":[0.767564,-18.7514,-80.005],"timeVisible":29.5135,"type":"right","wrist":[7.06182,299.344,79.9997]}],"id":4963217,"interactionBox":{"center":[0,200,0],"size":[235.247,235.247,147.751]},"pointables":[{"bases":[[[0.699618,0.68054,0.217716],[-0.632855,0.448736,0.630976],[0.331707,-0.579224,0.744627]],[[0.484505,0.865173,-0.129344],[-0.781884,0.4946,0.379512],[0.392317,-0.0827431,0.916101]],[[0.484505,0.865173,-0.129344],[-0.873608,0.486211,-0.0201837],[0.0454264,0.122775,0.991394]],[[0.484505,0.865173,-0.129344],[-0.872548,0.467377,-0.142194],[-0.0625697,0.181753,0.981352]]],"btipPosition":[-42.0245,294.472,-19.4201],"carpPosition":[-22.8432,298.675,80.542],"dipPosition":[-43.4526,298.621,2.97863],"direction":[-0.0454264,-0.122775,-0.991394],"extended":false,"handId":972,"id":9720,"length":50.8265,"mcpPosition":[-22.8432,298.675,80.542],"pipPosition":[-41.9421,302.703,35.9442],"stabilizedTipPosition":[-40.9112,242.39,44.4392],"timeVisible":29.5135,"tipPosition":[-42.9011,296.483,-14.2835],"tipVelocity":[3.9077,76.5631,-169.559],"tool":false,"touchDistance":-0.789129,"touchZone":"hovering","type":0,"width":19.7488},{"bases":[[[0.936571,-0.254799,-0.240649],[0.328076,0.878913,0.346234],[0.12329,-0.403224,0.906758]],[[0.922469,-0.219116,-0.317867],[0.240964,0.970051,0.0306054],[0.301642,-0.104827,0.947641]],[[0.922469,-0.219116,-0.317867],[0.20396,0.975652,-0.0806438],[0.327798,0.00955913,0.944699]],[[0.922469,-0.219116,-0.317867],[0.17586,0.971442,-0.159288],[0.343692,0.0910382,0.934659]]],"btipPosition":[-42.9993,348.013,-62.8382],"carpPosition":[-8.06111,316.432,79.7685],"dipPosition":[-37.2724,349.529,-47.2642],"direction":[-0.327798,-0.00955913,-0.944699],"extended":true,"handId":972,"id":9721,"length":57.352,"mcpPosition":[-16.907,345.363,14.7097],"pipPosition":[-29.5455,349.755,-24.9956],"stabilizedTipPosition":[-39.9801,332.635,-37.3069],"timeVisible":29.5135,"tipPosition":[-41.7805,346.479,-59.0613],"tipVelocity":[-17.7822,99.249,-174.941],"tool":false,"touchDistance":-0.799426,"touchZone":"hovering","type":1,"width":18.8641},{"bases":[[[0.874874,-0.453008,-0.171405],[0.484319,0.814117,0.320388],[-0.00559435,-0.363314,0.93165]],[[0.873473,-0.470791,-0.124101],[0.255774,0.660601,-0.705823],[0.414276,0.584775,0.697433]],[[0.873473,-0.470791,-0.124101],[0.0161095,0.282702,-0.959073],[0.486606,0.835725,0.254517]],[[0.873473,-0.470791,-0.124101],[-0.111675,0.0543664,-0.992257],[0.473892,0.880568,-0.00508804]]],"btipPosition":[-37.7347,273.012,-26.1767],"carpPosition":[3.53858,315.096,76.9636],"dipPosition":[-29.0497,289.15,-26.27],"direction":[-0.486606,-0.835725,-0.254517],"extended":false,"handId":972,"id":9722,"length":65.348,"mcpPosition":[3.91923,339.816,13.573],"pipPosition":[-15.5548,312.327,-19.2116],"stabilizedTipPosition":[-28.7894,220.44,41.876],"timeVisible":29.5135,"tipPosition":[-35.7441,276.823,-26.1457],"tipVelocity":[2.82418,76.9351,-161.307],"tool":false,"touchDistance":-0.814131,"touchZone":"hovering","type":2,"width":18.527},{"bases":[[[0.825499,-0.561609,-0.0560985],[0.545162,0.767675,0.336859],[-0.146118,-0.30866,0.939882]],[[0.825822,-0.560921,-0.0581905],[0.347196,0.587032,-0.731333],[0.44438,0.583747,0.679534]],[[0.825822,-0.560921,-0.0581905],[0.079151,0.217456,-0.972856],[0.558349,0.7988,0.223977]],[[0.825822,-0.560921,-0.0581905],[-0.0667555,0.00522673,-0.997756],[0.559966,0.827853,-0.0331282]]],"btipPosition":[-21.3263,267.455,-18.0184],"carpPosition":[14.3988,310.7,74.456],"dipPosition":[-11.1228,282.54,-18.622],"direction":[-0.558349,-0.7988,-0.223977],"extended":false,"handId":972,"id":9723,"length":62.8339,"mcpPosition":[23.3251,329.556,17.0389],"pipPosition":[3.96176,304.12,-12.571],"stabilizedTipPosition":[-12.7757,211.587,62.7596],"timeVisible":29.5135,"tipPosition":[-19.1006,270.815,-17.6125],"tipVelocity":[6.73102,86.3275,-170.63],"tool":false,"touchDistance":-0.807518,"touchZone":"hovering","type":3,"width":17.6296},{"bases":[[[0.701539,-0.712629,-0.00182292],[0.651855,0.640673,0.405737],[-0.287972,-0.285829,0.913988]],[[0.694068,-0.719597,0.0211827],[0.500998,0.461676,-0.732022],[0.516982,0.518686,0.680951]],[[0.694068,-0.719597,0.0211827],[0.170717,0.135933,-0.975899],[0.699375,0.680957,0.217194]],[[0.694068,-0.719597,0.0211827],[-0.0100155,-0.0390732,-0.999186],[0.719839,0.693291,-0.0343266]]],"btipPosition":[-4.43448,273.401,-6.86512],"carpPosition":[22.5493,299.767,71.8688],"dipPosition":[7.66616,285.056,-7.44215],"direction":[-0.699375,-0.680957,-0.217194],"extended":false,"handId":972,"id":9724,"length":49.2606,"mcpPosition":[38.8342,315.931,20.1827],"pipPosition":[21.0065,298.045,-3.29923],"stabilizedTipPosition":[4.47481,218.492,66.573],"timeVisible":29.5135,"tipPosition":[-1.76714,276.119,-6.76704],"tipVelocity":[4.83283,90.0513,-168.512],"tool":false,"touchDistance":-0.76839,"touchZone":"hovering","type":4,"width":15.66}],"r":[[0.978186,-0.113791,0.173792],[0.0773055,0.975937,0.203888],[-0.192811,-0.186006,0.963445]],"s":0.75799,"t":[0.767564,-18.7514,-80.005],"timestamp":669357055851},false],[3,{"currentFrameRate":53.0365,"devices":[],"gestures":[],"hands":[{"armBasis":[[0.885621,-0.358957,-0.294661],[0.311877,0.929823,-0.19535],[0.344105,0.0811082,0.935421]],"armWidth":62.1429,"confidence":0.549262,"direction":[0.0827169,0.479237,-0.873779],"elbow":[97.6239,322.303,323.879],"grabStrength":0,"id":972,"palmNormal":[-0.337538,-0.811489,-0.477026],"palmPosition":[2.97844,325.251,30.2439],"palmVelocity":[-4.59025,91.1274,-155.614],"palmWidth":88.738,"pinchStrength":1,"r":[[0.979112,-0.110994,0.170355],[0.0750653,0.975991,0.204468],[-0.18896,-0.187409,0.963936]],"s":0.760933,"sphereCenter":[-17.8288,297.857,-6.18316],"sphereRadius":45.1261,"stabilizedPalmPosition":[1.7207,269.652,86.8962],"t":[0.676585,-17.0507,-82.8977],"timeVisible":29.5321,"type":"right","wrist":[7.01507,300.945,77.5664]}],"id":4963218,"interactionBox":{"center":[0,200,0],"size":[235.247,235.247,147.751]},"pointables":[{"bases":[[[0.69536,0.684774,0.218081],[-0.635962,0.444996,0.630501],[0.334705,-0.577116,0.744922]],[[0.479297,0.868086,-0.129231],[-0.785084,0.489892,0.379011],[0.392324,-0.0802015,0.916324]],[[0.479297,0.868086,-0.129231],[-0.876533,0.480904,-0.0205269],[0.0443289,0.123114,0.991402]],[[0.479297,0.868086,-0.129231],[-0.87518,0.461692,-0.144567],[-0.0658319,0.182392,0.98102]]],"btipPosition":[-41.9564,295.744,-21.8765],"carpPosition":[-22.8857,300.096,78.0891],"dipPosition":[-43.4589,299.907,0.514686],"direction":[-0.0443289,-0.123114,-0.991402],"extended":false,"handId":972,"id":9720,"length":50.8265,"mcpPosition":[-22.8857,300.096,78.0891],"pipPosition":[-41.9849,304,33.4805],"stabilizedTipPosition":[-40.9177,242.644,44.153],"timeVisible":29.5321,"tipPosition":[-42.8493,297.739,-16.744],"tipVelocity":[3.34534,72.7405,-151.575],"tool":false,"touchDistance":-0.775421,"touchZone":"hovering","type":0,"width":19.7488},{"bases":[[[0.938248,-0.249179,-0.240002],[0.322545,0.88092,0.346329],[0.125125,-0.402354,0.906893]],[[0.923759,-0.213138,-0.318183],[0.236258,0.971043,0.0354497],[0.301414,-0.107921,0.947366]],[[0.923759,-0.213138,-0.318183],[0.199261,0.976999,-0.0759527],[0.327053,0.0067606,0.944982]],[[0.923759,-0.213138,-0.318183],[0.17114,0.972992,-0.154909],[0.342607,0.0886445,0.935287]]],"btipPosition":[-43.2351,349.695,-65.299],"carpPosition":[-8.21044,317.941,77.3229],"dipPosition":[-37.5263,351.172,-49.7146],"direction":[-0.327053,-0.0067606,-0.944982],"extended":true,"handId":972,"id":9721,"length":57.352,"mcpPosition":[-17.188,346.81,12.2545],"pipPosition":[-29.817,351.332,-27.4393],"stabilizedTipPosition":[-40.0708,333.447,-38.4465],"timeVisible":29.5321,"tipPosition":[-42.005,348.181,-61.5387],"tipVelocity":[-15.431,94.8435,-154.36],"tool":false,"touchDistance":-0.784694,"touchZone":"hovering","type":1,"width":18.8641},{"bases":[[[0.877701,-0.447748,-0.170772],[0.479192,0.817064,0.320595],[-0.00401406,-0.363219,0.931695]],[[0.876365,-0.465611,-0.123249],[0.252266,0.661705,-0.706051],[0.4103,0.587667,0.697353]],[[0.876365,-0.465611,-0.123249],[0.0150538,0.282244,-0.959225],[0.481412,0.838776,0.254358]],[[0.876365,-0.465611,-0.123249],[-0.111305,0.053185,-0.992362],[0.46861,0.88339,-0.00521547]]],"btipPosition":[-37.5541,274.313,-28.6071],"carpPosition":[3.39893,316.675,74.5258],"dipPosition":[-28.9659,290.503,-28.7027],"direction":[-0.481412,-0.838776,-0.254358],"extended":false,"handId":972,"id":9722,"length":65.348,"mcpPosition":[3.67205,341.389,11.1321],"pipPosition":[-15.6151,313.764,-21.6487],"stabilizedTipPosition":[-28.8421,220.886,41.3296],"timeVisible":29.5321,"tipPosition":[-35.5857,278.14,-28.5887],"tipVelocity":[5.5867,73.9138,-146.609],"tool":false,"touchDistance":-0.797515,"touchZone":"hovering","type":2,"width":18.527},{"bases":[[[0.828906,-0.55663,-0.0554825],[0.540303,0.770992,0.337112],[-0.14487,-0.309411,0.939828]],[[0.829014,-0.556399,-0.0561837],[0.345539,0.588638,-0.730827],[0.439703,0.586452,0.680246]],[[0.829014,-0.556399,-0.0561837],[0.0802582,0.217801,-0.972688],[0.553439,0.801862,0.225216]],[[0.829014,-0.556399,-0.0561837],[-0.064372,0.00485494,-0.997914],[0.555511,0.830901,-0.0317917]]],"btipPosition":[-21.0966,268.889,-20.534],"carpPosition":[14.2871,312.345,72.0259],"dipPosition":[-10.9743,284.029,-21.1133],"direction":[-0.553439,-0.801862,-0.225216],"extended":false,"handId":972,"id":9723,"length":62.8339,"mcpPosition":[23.1371,331.247,14.6121],"pipPosition":[3.97757,305.693,-15.0288],"stabilizedTipPosition":[-12.8225,212.062,62.1078],"timeVisible":29.5321,"tipPosition":[-18.8922,272.259,-20.1181],"tipVelocity":[8.97479,82.2699,-153.483],"tool":false,"touchDistance":-0.792751,"touchZone":"hovering","type":3,"width":17.6296},{"bases":[[[0.705823,-0.708387,-0.00126749],[0.647715,0.644645,0.406077],[-0.286842,-0.287439,0.913838]],[[0.697945,-0.715781,0.0230362],[0.49956,0.46356,-0.731814],[0.51314,0.522274,0.681115]],[[0.697945,-0.715781,0.0230362],[0.171483,0.135807,-0.975782],[0.695317,0.684992,0.21753]],[[0.697945,-0.715781,0.0230362],[-0.00821336,-0.040165,-0.999159],[0.716104,0.697169,-0.033912]]],"btipPosition":[-4.26996,274.92,-9.29894],"carpPosition":[22.5051,301.461,69.4455],"dipPosition":[7.76789,286.639,-9.86901],"direction":[-0.695317,-0.684992,-0.21753],"extended":false,"handId":972,"id":9724,"length":49.2606,"mcpPosition":[38.726,317.716,17.7679],"pipPosition":[21.0309,299.705,-5.71969],"stabilizedTipPosition":[4.42841,218.951,65.983],"timeVisible":29.5321,"tipPosition":[-1.61578,277.653,-9.20388],"tipVelocity":[6.40755,86.4502,-150.36],"tool":false,"touchDistance":-0.756368,"touchZone":"hovering","type":4,"width":15.66}],"r":[[0.979112,-0.110994,0.170355],[0.0750653,0.975991,0.204468],[-0.18896,-0.187409,0.963936]],"s":0.760933,"t":[0.676585,-17.0507,-82.8977],"timestamp":669357074414},false],[4,{"currentFrameRate":52.9505,"devices":[],"gestures":[],"hands":[{"armBasis":[[0.886159,-0.353223,-0.299928],[0.308789,0.932739,-0.18614],[0.345503,0.0723349,0.935626]],"armWidth":62.1429,"confidence":0.518194,"direction":[0.080578,0.484895,-0.870853],"elbow":[97.9451,321.609,321.089],"grabStrength":0,"id":972,"palmNormal":[-0.334567,-0.809847,-0.481884],"palmPosition":[2.82208,327.141,27.5513],"palmVelocity":[-6.35269,94.7788,-148.011],"palmWidth":88.738,"pinchStrength":1,"r":[[0.979932,-0.108205,0.167408],[0.0725385,0.975833,0.206129],[-0.185666,-0.189849,0.964098]],"s":0.764008,"sphereCenter":[-18.4046,300.296,-8.94712],"sphereRadius":45.1386,"stabilizedPalmPosition":[1.72972,270.123,86.4098],"t":[0.552918,-15.255,-85.6903],"timeVisible":29.5513,"type":"right","wrist":[6.96814,302.562,74.7227]}],"id":4963219,"interactionBox":{"center":[0,200,0],"size":[235.247,235.247,147.751]},"pointables":[{"bases":[[[0.692789,0.686101,0.222056],[-0.637461,0.438671,0.633412],[0.337175,-0.580373,0.741269]],[[0.475817,0.870735,-0.124171],[-0.786828,0.484487,0.382326],[0.393064,-0.0842159,0.915646]],[[0.475817,0.870735,-0.124171],[-0.878419,0.477588,-0.017022],[0.0444811,0.117174,0.992115]],[[0.475817,0.870735,-0.124171],[-0.876841,0.458542,-0.144532],[-0.0689116,0.177649,0.981678]]],"btipPosition":[-41.9704,297.743,-24.7218],"carpPosition":[-22.929,301.594,75.2496],"dipPosition":[-43.5433,301.798,-2.31561],"direction":[-0.0444811,-0.117174,-0.992115],"extended":false,"handId":972,"id":9720,"length":50.8265,"mcpPosition":[-22.929,301.594,75.2496],"pipPosition":[-42.0642,305.694,30.6739],"stabilizedTipPosition":[-40.9253,242.947,43.8089],"timeVisible":29.5513,"tipPosition":[-42.8791,299.692,-19.5822],"tipVelocity":[0.906151,87.6819,-149.829],"tool":false,"touchDistance":-0.76884,"touchZone":"hovering","type":0,"width":19.7488},{"bases":[[[0.939121,-0.244086,-0.241815],[0.319264,0.88002,0.351619],[0.126977,-0.407415,0.904373]],[[0.924179,-0.207033,-0.320983],[0.234169,0.971014,0.0479233],[0.301757,-0.119454,0.945872]],[[0.924179,-0.207033,-0.320983],[0.196865,0.978326,-0.0641997],[0.327318,-0.00385838,0.944906]],[[0.924179,-0.207033,-0.320983],[0.168436,0.975138,-0.143996],[0.342815,0.079013,0.936074]]],"btipPosition":[-43.5045,352.512,-67.8017],"carpPosition":[-8.32283,319.501,74.5881],"dipPosition":[-37.7922,353.828,-52.2042],"direction":[-0.327318,0.00385838,-0.944906],"extended":true,"handId":972,"id":9721,"length":57.352,"mcpPosition":[-17.4333,348.732,9.70052],"pipPosition":[-30.0766,353.737,-29.9306],"stabilizedTipPosition":[-40.1834,334.476,-39.8149],"timeVisible":29.5513,"tipPosition":[-42.2633,350.971,-64.071],"tipVelocity":[-14.7174,119.612,-142.395],"tool":false,"touchDistance":-0.772052,"touchZone":"hovering","type":1,"width":18.8641},{"bases":[[[0.879363,-0.443307,-0.173783],[0.476147,0.816927,0.325445],[-0.00230351,-0.368931,0.929454]],[[0.878101,-0.46154,-0.126168],[0.249496,0.666674,-0.702351],[0.408276,0.585257,0.70056]],[[0.878101,-0.46154,-0.126168],[0.0136668,0.287774,-0.957601],[0.478279,0.839146,0.259003]],[[0.878101,-0.46154,-0.126168],[-0.111797,0.0584808,-0.992009],[0.465231,0.88519,-0.000246512]]],"btipPosition":[-37.5351,276.393,-31.5714],"carpPosition":[3.2904,318.296,71.7797],"dipPosition":[-29.0088,292.616,-31.5759],"direction":[-0.478279,-0.839146,-0.259003],"extended":false,"handId":972,"id":9722,"length":65.348,"mcpPosition":[3.44713,343.399,8.53848],"pipPosition":[-15.7449,315.887,-24.3931],"stabilizedTipPosition":[-28.9,221.396,40.7026],"timeVisible":29.5513,"tipPosition":[-35.5806,280.231,-31.5423],"tipVelocity":[2.9405,91.1841,-149.945],"tool":false,"touchDistance":-0.790247,"touchZone":"hovering","type":2,"width":18.527},{"bases":[[[0.831026,-0.55308,-0.0591481],[0.537441,0.77099,0.34166],[-0.143363,-0.315717,0.93796]],[[0.830811,-0.553552,-0.0577435],[0.343912,0.592185,-0.728726],[0.437583,0.585575,0.682366]],[[0.830811,-0.553552,-0.0577435],[0.0794863,0.220703,-0.972097],[0.55085,0.803039,0.227362]],[[0.830811,-0.553552,-0.0577435],[-0.0645233,0.00725307,-0.99789],[0.552802,0.832783,-0.0296911]]],"btipPosition":[-21.0698,270.925,-23.3845],"carpPosition":[14.1943,314.023,69.2499],"dipPosition":[-10.9968,286.1,-23.9255],"direction":[-0.55085,-0.803038,-0.227362],"extended":false,"handId":972,"id":9723,"length":62.8339,"mcpPosition":[22.9523,333.311,11.9502],"pipPosition":[3.88516,307.795,-17.783],"stabilizedTipPosition":[-12.8754,212.618,61.3443],"timeVisible":29.5513,"tipPosition":[-18.8645,274.338,-23.0563],"tipVelocity":[4.92676,94.2726,-150.786],"tool":false,"touchDistance":-0.784434,"touchZone":"hovering","type":3,"width":17.6296},{"bases":[[[0.708547,-0.705639,-0.00582556],[0.645362,0.644638,0.409817],[-0.285427,-0.294134,0.912149]],[[0.700162,-0.713702,0.0200632],[0.498785,0.468828,-0.728981],[0.51087,0.520412,0.684239]],[[0.700162,-0.713702,0.0200632],[0.172054,0.141384,-0.974889],[0.692944,0.686032,0.221787]],[[0.700162,-0.713702,0.0200632],[-0.00703689,-0.0349969,-0.999363],[0.71395,0.699574,-0.0295257]]],"btipPosition":[-4.24194,277.029,-12.3112],"carpPosition":[22.4533,303.187,66.6004],"dipPosition":[7.75969,288.789,-12.8076],"direction":[-0.692944,-0.686032,-0.221787],"extended":false,"handId":972,"id":9724,"length":49.2606,"mcpPosition":[38.5943,319.821,15.0183],"pipPosition":[20.9774,301.875,-8.57706],"stabilizedTipPosition":[4.3747,219.503,65.2703],"timeVisible":29.5513,"tipPosition":[-1.59609,279.768,-12.1976],"tipVelocity":[3.7397,98.3005,-153.18],"tool":false,"touchDistance":-0.753995,"touchZone":"hovering","type":4,"width":15.66}],"r":[[0.979932,-0.108205,0.167408],[0.0725385,0.975833,0.206129],[-0.185666,-0.189849,0.964098]],"s":0.764008,"t":[0.552918,-15.255,-85.6903],"timestamp":669357093609},false],[5,{"currentFrameRate":53.0063,"devices":[],"gestures":[],"hands":[{"armBasis":[[0.882942,-0.350212,-0.312675],[0.305409,0.934273,-0.184009],[0.356566,0.0669757,0.931866]],"armWidth":62.1429,"confidence":0.532323,"direction":[0.0803215,0.483088,-0.87188],"elbow":[100.489,321.745,317.629],"grabStrength":0,"id":972,"palmNormal":[-0.329643,-0.812614,-0.480619],"palmPosition":[2.44745,328.55,25.0098],"palmVelocity":[-13.0215,85.4007,-142.251],"palmWidth":88.738,"pinchStrength":1,"r":[[0.980598,-0.104962,0.16556],[0.069506,0.975867,0.207007],[-0.183293,-0.191483,0.964229]],"s":0.767014,"sphereCenter":[-19.0242,301.87,-11.3956],"sphereRadius":45.1624,"stabilizedPalmPosition":[1.73553,270.596,85.9134],"t":[0.303767,-13.6527,-88.3574],"timeVisible":29.5699,"type":"right","wrist":[6.59936,304.109,72.2523]}],"id":4963220,"interactionBox":{"center":[0,200,0],"size":[235.247,235.247,147.751]},"pointables":[{"bases":[[[0.689043,0.689903,0.22193],[-0.640981,0.437253,0.630835],[0.338175,-0.576926,0.743502]],[[0.471961,0.872667,-0.125324],[-0.789941,0.481707,0.37941],[0.391468,-0.0800683,0.916702]],[[0.471961,0.872667,-0.125324],[-0.880633,0.473369,-0.0201963],[0.0416996,0.119896,0.99191]],[[0.471961,0.872667,-0.125324],[-0.878451,0.453448,-0.150692],[-0.0746757,0.181211,0.980605]]],"btipPosition":[-42.0337,298.777,-27.2789],"carpPosition":[-23.2941,303.002,72.7126],"dipPosition":[-43.7381,302.913,-4.8972],"direction":[-0.0416996,-0.119896,-0.99191],"extended":false,"handId":972,"id":9720,"length":50.8265,"mcpPosition":[-23.2941,303.002,72.7126],"pipPosition":[-42.3515,306.9,28.0855],"stabilizedTipPosition":[-40.9325,243.216,43.4961],"timeVisible":29.5699,"tipPosition":[-42.9749,300.721,-22.1516],"tipVelocity":[-1.97014,72.4721,-143.739],"tool":false,"touchDistance":-0.75873,"touchZone":"hovering","type":0,"width":19.7488},{"bases":[[[0.940815,-0.240273,-0.239032],[0.314313,0.882387,0.350143],[0.126789,-0.40455,0.905684]],[[0.925608,-0.202933,-0.319482],[0.231041,0.97154,0.0522579],[0.299785,-0.122184,0.94615]],[[0.925608,-0.202933,-0.319482],[0.193724,0.979176,-0.0607068],[0.325148,-0.00570075,0.945646]],[[0.925608,-0.202933,-0.319482],[0.16522,0.976079,-0.141321],[0.340518,0.0780232,0.936995]]],"btipPosition":[-43.7667,353.955,-70.4885],"carpPosition":[-8.77059,320.975,72.0399],"dipPosition":[-38.0927,355.255,-54.8756],"direction":[-0.325148,0.00570075,-0.945646],"extended":true,"handId":972,"id":9721,"length":57.352,"mcpPosition":[-17.8676,350.001,7.05816],"pipPosition":[-30.4283,355.12,-32.5847],"stabilizedTipPosition":[-40.2884,335.387,-41.0628],"timeVisible":29.5699,"tipPosition":[-42.5231,352.427,-66.7697],"tipVelocity":[-14.6217,98.9524,-143.059],"tool":false,"touchDistance":-0.76343,"touchZone":"hovering","type":1,"width":18.8641},{"bases":[[[0.881835,-0.439602,-0.170639],[0.471551,0.819967,0.32449],[-0.00272838,-0.366611,0.93037]],[[0.880539,-0.457789,-0.1228],[0.24801,0.665804,-0.703702],[0.403908,0.589181,0.699803]],[[0.880539,-0.457789,-0.1228],[0.014558,0.285087,-0.958391],[0.473749,0.842113,0.257695]],[[0.880539,-0.457789,-0.1228],[-0.109727,0.0551602,-0.99243],[0.461097,0.887348,-0.00166109]]],"btipPosition":[-37.5352,277.451,-34.0543],"carpPosition":[2.85465,319.818,69.2613],"dipPosition":[-29.0847,293.713,-34.0848],"direction":[-0.473749,-0.842113,-0.257695],"extended":false,"handId":972,"id":9722,"length":65.348,"mcpPosition":[3.04029,344.763,5.95773],"pipPosition":[-15.9464,317.067,-26.9382],"stabilizedTipPosition":[-28.9548,221.886,40.0898],"timeVisible":29.5699,"tipPosition":[-35.598,281.301,-34.0411],"tipVelocity":[1.05513,74.6445,-141.876],"tool":false,"touchDistance":-0.776889,"touchZone":"touching","type":2,"width":18.527},{"bases":[[[0.833748,-0.549314,-0.0558398],[0.533022,0.77436,0.340962],[-0.144055,-0.31404,0.938417]],[[0.833477,-0.549901,-0.0540842],[0.343113,0.591792,-0.729422],[0.433116,0.589399,0.681923]],[[0.833477,-0.549901,-0.0540842],[0.0809874,0.218399,-0.972493],[0.546586,0.806171,0.226565]],[[0.833477,-0.549901,-0.0540842],[-0.061999,0.00419147,-0.998067],[0.549064,0.83522,-0.0305998]]],"btipPosition":[-21.0595,272.094,-25.8375],"carpPosition":[13.7843,315.59,66.7674],"dipPosition":[-11.0547,287.313,-26.3951],"direction":[-0.546586,-0.806171,-0.226565],"extended":false,"handId":972,"id":9723,"length":62.8339,"mcpPosition":[22.5846,334.775,9.43985],"pipPosition":[3.71211,309.093,-20.2741],"stabilizedTipPosition":[-12.9231,213.129,60.6366],"timeVisible":29.5699,"tipPosition":[-18.8706,275.519,-25.5188],"tipVelocity":[2.3909,79.1516,-141.473],"tool":false,"touchDistance":-0.771176,"touchZone":"hovering","type":3,"width":17.6296},{"bases":[[[0.711863,-0.702314,-0.00241703],[0.641376,0.648687,0.409685],[-0.286159,-0.29319,0.912224]],[[0.703293,-0.710496,0.0239552],[0.498615,0.468981,-0.728999],[0.506716,0.524645,0.684096]],[[0.703293,-0.710496,0.0239552],[0.174002,0.139371,-0.974833],[0.689276,0.689762,0.221646]],[[0.703293,-0.710496,0.0239552],[-0.00423327,-0.037882,-0.999273],[0.710887,0.702681,-0.0296499]]],"btipPosition":[-4.28895,278.305,-14.7419],"carpPosition":[22.1003,304.786,64.1642],"dipPosition":[7.6612,290.117,-15.2404],"direction":[-0.689276,-0.689762,-0.221646],"extended":false,"handId":972,"id":9724,"length":49.2606,"mcpPosition":[38.2826,321.366,12.5779],"pipPosition":[20.8089,303.275,-11.0125],"stabilizedTipPosition":[4.32338,220.037,64.5752],"timeVisible":29.5699,"tipPosition":[-1.65526,281.057,-14.6305],"tipVelocity":[0.389016,84.0738,-142.035],"tool":false,"touchDistance":-0.743396,"touchZone":"hovering","type":4,"width":15.66}],"r":[[0.980598,-0.104962,0.16556],[0.069506,0.975867,0.207007],[-0.183293,-0.191483,0.964229]],"s":0.767014,"t":[0.303767,-13.6527,-88.3574],"timestamp":669357112274},false],[6,{"currentFrameRate":53.0378,"devices":[],"gestures":[],"hands":[{"armBasis":[[0.881407,-0.350206,-0.316983],[0.300397,0.933458,-0.196005],[0.364532,0.0775394,0.927957]],"armWidth":62.1429,"confidence":0.53287,"direction":[0.0774805,0.478356,-0.874741],"elbow":[102.546,326.369,312.958],"grabStrength":0,"id":972,"palmNormal":[-0.326734,-0.816743,-0.47558],"palmPosition":[2.25992,330.101,21.2313],"palmVelocity":[-11.5516,84.0972,-171.192],"palmWidth":88.738,"pinchStrength":1,"r":[[0.981237,-0.101361,0.164012],[0.0663112,0.976182,0.206569],[-0.181044,-0.191817,0.964588]],"s":0.770274,"sphereCenter":[-19.7642,303.617,-14.8902],"sphereRadius":45.1944,"stabilizedPalmPosition":[1.73906,270.996,85.4779],"t":[0.0854273,-12.0763,-91.5802],"timeVisible":29.5887,"type":"right","wrist":[6.55851,305.951,68.6104]}],"id":4963221,"interactionBox":{"center":[0,200,0],"size":[235.247,235.247,147.751]},"pointables":[{"bases":[[[0.686391,0.694024,0.217253],[-0.642182,0.438245,0.628923],[0.341278,-0.571203,0.746496]],[[0.468136,0.873901,-0.130944],[-0.791714,0.480613,0.377093],[0.392476,-0.0728604,0.916872]],[[0.468136,0.873901,-0.130944],[-0.882656,0.469491,-0.0222571],[0.0420268,0.125998,0.99114]],[[0.468136,0.873901,-0.130944],[-0.880095,0.447811,-0.157793],[-0.0792572,0.189112,0.978752]]],"btipPosition":[-42.0246,299.764,-30.8253],"carpPosition":[-23.3296,304.723,69.1065],"dipPosition":[-43.8336,304.08,-8.48591],"direction":[-0.0420268,-0.125998,-0.99114],"extended":false,"handId":972,"id":9720,"length":50.8265,"mcpPosition":[-23.3296,304.723,69.1065],"pipPosition":[-42.4362,308.27,24.4712],"stabilizedTipPosition":[-40.9376,243.412,43.2603],"timeVisible":29.5887,"tipPosition":[-43.0048,301.724,-25.7139],"tipVelocity":[-1.39952,63.8894,-166.17],"tool":false,"touchDistance":-0.764533,"touchZone":"hovering","type":0,"width":19.7488},{"bases":[[[0.941572,-0.237758,-0.238564],[0.310989,0.885695,0.344717],[0.129335,-0.398767,0.907886]],[[0.92581,-0.200316,-0.320545],[0.229027,0.971915,0.054111],[0.300703,-0.12351,0.945687]],[[0.92581,-0.200316,-0.320545],[0.191588,0.979707,-0.0588907],[0.325837,-0.00689095,0.945401]],[[0.92581,-0.200316,-0.320545],[0.162928,0.976686,-0.13978],[0.341072,0.0771842,0.936863]]],"btipPosition":[-44.1241,355.414,-74.3435],"carpPosition":[-8.88142,322.752,68.3154],"dipPosition":[-38.4409,356.7,-58.7328],"direction":[-0.325837,0.00689095,-0.945401],"extended":true,"handId":972,"id":9721,"length":57.352,"mcpPosition":[-18.1611,351.363,3.17573],"pipPosition":[-30.7602,356.538,-36.4477],"stabilizedTipPosition":[-40.3722,336.061,-42.0472],"timeVisible":29.5887,"tipPosition":[-42.8736,353.871,-70.633],"tipVelocity":[-16.7362,88.5904,-173.609],"tool":false,"touchDistance":-0.773253,"touchZone":"hovering","type":1,"width":18.8641},{"bases":[[[0.883485,-0.43693,-0.168959],[0.46846,0.823779,0.319271],[-0.000314571,-0.361222,0.93248]],[[0.882303,-0.454905,-0.120845],[0.244589,0.662475,-0.708028],[0.402142,0.595137,0.695768]],[[0.882303,-0.454905,-0.120845],[0.0124752,0.279256,-0.960136],[0.470517,0.845623,0.252063]],[[0.882303,-0.454905,-0.120845],[-0.11087,0.0486604,-0.992643],[0.457438,0.88921,-0.00750192]]],"btipPosition":[-37.5685,278.481,-37.4741],"carpPosition":[2.74585,321.627,65.5322],"dipPosition":[-29.1851,294.778,-37.6116],"direction":[-0.470517,-0.845623,-0.252063],"extended":false,"handId":972,"id":9722,"length":65.348,"mcpPosition":[2.76725,346.205,2.08506],"pipPosition":[-16.1364,318.229,-30.6212],"stabilizedTipPosition":[-28.9968,222.265,39.6018],"timeVisible":29.5887,"tipPosition":[-35.6467,282.342,-37.4949],"tipVelocity":[-0.728577,65.2683,-162.309],"tool":false,"touchDistance":-0.7792,"touchZone":"touching","type":2,"width":18.527},{"bases":[[[0.835964,-0.546173,-0.0534792],[0.530135,0.778522,0.335947],[-0.14185,-0.309191,0.940361]],[[0.835429,-0.547322,-0.0499722],[0.340378,0.586644,-0.734841],[0.43151,0.596898,0.676396]],[[0.835429,-0.547322,-0.0499722],[0.0792227,0.209901,-0.974508],[0.543859,0.810173,0.218718]],[[0.835429,-0.547322,-0.0499722],[-0.062934,-0.00494109,-0.998005],[0.545983,0.836908,-0.0385731]]],"btipPosition":[-21.0882,273.172,-29.0735],"carpPosition":[13.6905,317.43,63.0521],"dipPosition":[-11.1395,288.421,-29.7764],"direction":[-0.543859,-0.810173,-0.218718],"extended":false,"handId":972,"id":9723,"length":62.8339,"mcpPosition":[22.3561,336.318,5.6057],"pipPosition":[3.55359,310.309,-23.8674],"stabilizedTipPosition":[-12.9588,213.515,60.0908],"timeVisible":29.5887,"tipPosition":[-18.8962,276.644,-28.8838],"tipVelocity":[0.143563,68.7834,-157.55],"tool":false,"touchDistance":-0.771433,"touchZone":"hovering","type":3,"width":17.6296},{"bases":[[[0.714766,-0.699363,0.000948735],[0.639075,0.6537,0.405289],[-0.284065,-0.289081,0.914188]],[[0.705598,-0.708005,0.0293422],[0.497292,0.465253,-0.732285],[0.504809,0.53129,0.680366]],[[0.705598,-0.708005,0.0293422],[0.173692,0.13266,-0.975824],[0.686995,0.693636,0.21658]],[[0.705598,-0.708005,0.0293422],[-0.00400656,-0.0453933,-0.998961],[0.708601,0.704747,-0.0348661]]],"btipPosition":[-4.31129,279.594,-18.201],"carpPosition":[22.0487,306.646,60.5033],"dipPosition":[7.60044,291.441,-18.7871],"direction":[-0.686995,-0.693636,-0.21658],"extended":false,"handId":972,"id":9724,"length":49.2606,"mcpPosition":[38.1126,322.993,8.80587],"pipPosition":[20.7047,304.672,-14.6559],"stabilizedTipPosition":[4.283,220.464,64.0072],"timeVisible":29.5887,"tipPosition":[-1.68361,282.357,-18.1221],"tipVelocity":[-0.611412,76.8271,-