{"sensorType":"Leap","data":[[0,{"currentFrameRate":52.8712,"devices":[],"gestures":[],"hands":[{"armBasis":[[0.900592,-0.310512,-0.304164],[0.247471,0.941569,-0.228487],[0.357339,0.130502,0.924812]],"armWidth":62.1429,"confidence":0.639783,"direction":[0.0977844,0.529507,-0.842651],"elbow":[105.705,322.773,327.023],"grabStrength":0.103833,"id":972,"palmNormal":[-0.254038,-0.805378,-0.535565],"palmPosition":[8.53787,314.883,37.2848],"palmVelocity":[20.0822,138.275,-206.44],"palmWidth":88.738,"pinchStrength":0.905736,"r":[[0.973316,-0.0451981,0.224973],[-0.00543856,0.975591,0.21953],[-0.229403,-0.214896,0.949312]],"s":0.717666,"sphereCenter":[-1.415,283.455,-2.46894],"sphereRadius":45.5694,"stabilizedPalmPosition":[7.68226,274.977,89.7968],"t":[5.7581,-28.3487,-74.8232],"timeVisible":32.2495,"type":"right","wrist":[11.6118,288.409,83.5036]}],"id":4963361,"interactionBox":{"center":[0,200,0],"size":[235.247,235.247,147.751]},"pointables":[{"bases":[[[0.633502,0.716464,0.292157],[-0.698956,0.367954,0.613245],[0.331868,-0.592697,0.733876]],[[0.425544,0.903149,-0.0568792],[-0.825654,0.413221,0.384115],[0.370417,-0.116495,0.921531]],[[0.425544,0.903149,-0.0568792],[-0.90395,0.427174,0.0198973],[0.0422676,0.0429488,0.998183]],[[0.425544,0.903149,-0.0568792],[-0.896131,0.411821,-0.165386],[-0.125944,0.12135,0.984587]]],"btipPosition":[-34.7064,287.04,-18.3009],"carpPosition":[-18.1428,285.567,82.2251],"dipPosition":[-37.581,289.81,4.1717],"direction":[-0.0422676,-0.0429488,-0.998183],"extended":false,"handId":972,"id":9720,"length":50.8265,"mcpPosition":[-18.1428,285.567,82.2251],"pipPosition":[-36.1755,291.238,37.363],"stabilizedTipPosition":[-37.6791,258.513,28.1915],"timeVisible":32.2495,"tipPosition":[-36.2032,288.964,-12.9369],"tipVelocity":[22.4556,135.656,-208.035],"tool":false,"touchDistance":-0.812644,"touchZone":"hovering","type":0,"width":19.7488},{"bases":[[[0.964996,-0.173748,-0.196452],[0.241561,0.880536,0.407804],[0.102129,-0.440985,0.891685]],[[0.944065,-0.116034,-0.30867],[0.116086,0.993071,-0.0182634],[0.30865,-0.0185904,0.950994]],[[0.944065,-0.116034,-0.30867],[0.0758968,0.987374,-0.139041],[0.320906,0.107836,0.940952]],[[0.944065,-0.116034,-0.30867],[0.047829,0.974331,-0.219983],[0.326272,0.192915,0.925381]]],"btipPosition":[-37.9701,331.018,-58.2169],"carpPosition":[-4.70933,304.355,83.2059],"dipPosition":[-32.5335,334.232,-42.7975],"direction":[-0.320906,-0.107836,-0.940952],"extended":true,"handId":972,"id":9721,"length":57.352,"mcpPosition":[-12.0369,335.995,19.2285],"pipPosition":[-24.9691,336.774,-20.6172],"stabilizedTipPosition":[-36.7522,322.875,-46.0723],"timeVisible":32.2495,"tipPosition":[-36.8287,329.849,-54.2403],"tipVelocity":[2.71015,212.388,-200.907],"tool":false,"touchDistance":-0.75663,"touchZone":"hovering","type":1,"width":18.8641},{"bases":[[[0.914508,-0.379276,-0.140799],[0.403411,0.82859,0.388198],[-0.0305693,-0.411811,0.910757]],[[0.909514,-0.409575,-0.0709391],[0.242389,0.661223,-0.709952],[0.337685,0.628517,0.700668]],[[0.909514,-0.409575,-0.0709391],[0.0730349,0.325466,-0.942729],[0.409206,0.852244,0.325929]],[[0.909514,-0.409575,-0.0709391],[-0.017456,0.132876,-0.990979],[0.415306,0.902548,0.113703]]],"btipPosition":[-25.6568,262.306,-24.9915],"carpPosition":[7.09657,304.006,81.0369],"dipPosition":[-18.0455,278.846,-22.9076],"direction":[-0.409206,-0.852244,-0.325929],"extended":false,"handId":972,"id":9722,"length":65.348,"mcpPosition":[9.17655,332.026,19.0678],"pipPosition":[-6.69716,302.481,-13.8688],"stabilizedTipPosition":[-24.2252,241.048,8.02241],"timeVisible":32.2495,"tipPosition":[-23.8937,266.64,-25.03],"tipVelocity":[19.311,143.18,-205.02],"tool":false,"touchDistance":-0.874394,"touchZone":"hovering","type":2,"width":18.527},{"bases":[[[0.867012,-0.49712,-0.0341001],[0.466537,0.785825,0.405982],[-0.175025,-0.3679,0.913245]],[[0.876503,-0.472328,-0.0929945],[0.267798,0.638937,-0.721141],[0.400033,0.607179,0.686518]],[[0.876503,-0.472328,-0.0929945],[0.0662399,0.309674,-0.948533],[0.476817,0.825232,0.302717]],[[0.876503,-0.472328,-0.0929945],[-0.0379573,0.124766,-0.99146],[0.479897,0.872548,0.0914298]]],"btipPosition":[-9.98684,258.365,-16.5779],"carpPosition":[18.3782,300.542,78.9704],"dipPosition":[-1.24236,274.265,-14.912],"direction":[-0.476817,-0.825232,-0.302717],"extended":false,"handId":972,"id":9723,"length":62.8339,"mcpPosition":[29.0704,323.016,23.1806],"pipPosition":[11.6395,296.559,-6.73362],"stabilizedTipPosition":[-7.84575,230.074,25.999],"timeVisible":32.2495,"tipPosition":[-7.91369,262.424,-16.6734],"tipVelocity":[22.1813,143.88,-206],"tool":false,"touchDistance":-0.868256,"touchZone":"hovering","type":3,"width":17.6296},{"bases":[[[0.751844,-0.659321,0.00521911],[0.578402,0.663328,0.474813],[-0.316516,-0.353967,0.880071]],[[0.765613,-0.642333,-0.0352875],[0.428503,0.550121,-0.716765],[0.479814,0.533644,0.696422]],[[0.765613,-0.642333,-0.0352875],[0.171124,0.256231,-0.951347],[0.620123,0.722326,0.306093]],[[0.765613,-0.642333,-0.0352875],[0.0361585,0.0977357,-0.994555],[0.642284,0.760169,0.0980535]]],"btipPosition":[6.18273,265.433,-4.9276],"carpPosition":[27.4552,290.375,76.3429],"dipPosition":[16.9797,278.211,-3.2793],"direction":[-0.620123,-0.722326,-0.306093],"extended":false,"handId":972,"id":9724,"length":49.2606,"mcpPosition":[45.3543,310.392,26.5748],"pipPosition":[28.8083,291.99,2.55933],"stabilizedTipPosition":[9.44553,232.051,42.473],"timeVisible":32.2495,"tipPosition":[8.87353,268.71,-5.03421],"tipVelocity":[20.3299,146.904,-210.063],"tool":false,"touchDistance":-0.809083,"touchZone":"hovering","type":4,"width":15.66}],"r":[[0.973316,-0.0451981,0.224973],[-0.00543856,0.975591,0.21953],[-0.229403,-0.214896,0.949312]],"s":0.717666,"t":[5.7581,-28.3487,-74.8232],"timestamp":669359791842},false],[1,{"currentFrameRate":53.0409,"devices":[],"gestures":[],"hands":[{"armBasis":[[0.905389,-0.296802,-0.30361],[0.242639,0.948498,-0.203661],[0.34842,0.110725,0.930776]],"armWidth":62.1429,"confidence":0.637692,"direction":[0.0905361,0.52855,-0.84406],"elbow":[104.326,319.54,324.762],"grabStrength":0.0801681,"id":972,"palmNormal":[-0.249992,-0.808342,-0.532998],"palmPosition":[9.12931,316.741,33.414],"palmVelocity":[25.9843,120.862,-209.191],"palmWidth":88.738,"pinchStrength":0.905384,"r":[[0.97424,-0.0431241,0.221354],[-0.00847943,0.973847,0.227045],[-0.225356,-0.223073,0.948395]],"s":0.726042,"sphereCenter":[-1.93812,285.952,-6.07342],"sphereRadius":45.3414,"stabilizedPalmPosition":[7.73208,276.415,87.8555],"t":[6.24729,-26.1043,-78.7217],"timeVisible":32.2677,"type":"right","wrist":[12.5811,290.384,79.6726]}],"id":4963362,"interactionBox":{"center":[0,200,0],"size":[235.247,235.247,147.751]},"pointables":[{"bases":[[[0.629179,0.721813,0.288304],[-0.69936,0.363881,0.615213],[0.339161,-0.588707,0.733754]],[[0.418388,0.906257,-0.0604124],[-0.827151,0.407654,0.386834],[0.375198,-0.111876,0.920169]],[[0.418388,0.906257,-0.0604124],[-0.907109,0.420288,0.0226001],[0.0458721,0.045345,0.997918]],[[0.418388,0.906257,-0.0604124],[-0.899891,0.404598,-0.162778],[-0.123076,0.122469,0.984811]]],"btipPosition":[-34.1375,288.457,-21.9416],"carpPosition":[-17.1559,287.314,78.5144],"dipPosition":[-36.9467,291.253,0.536143],"direction":[-0.0458721,-0.045345,-0.997918],"extended":false,"handId":972,"id":9720,"length":50.8265,"mcpPosition":[-17.1559,287.314,78.5144],"pipPosition":[-35.4214,292.76,33.7186],"stabilizedTipPosition":[-37.5787,259.574,26.6314],"timeVisible":32.2677,"tipPosition":[-35.602,290.356,-16.5829],"tipVelocity":[27.0249,108.079,-203.958],"tool":false,"touchDistance":-0.814306,"touchZone":"hovering","type":0,"width":19.7488},{"bases":[[[0.965522,-0.166838,-0.199831],[0.236455,0.883149,0.405139],[0.108888,-0.438421,0.892149]],[[0.942989,-0.108069,-0.31479],[0.111632,0.993727,-0.00674534],[0.313545,-0.0287798,0.949137]],[[0.942989,-0.108069,-0.31479],[0.071613,0.989545,-0.12519],[0.325028,0.0955095,0.940869]],[[0.942989,-0.108069,-0.31479],[0.0435581,0.977754,-0.205183],[0.329961,0.179774,0.926718]]],"btipPosition":[-37.9708,333.62,-61.9922],"carpPosition":[-3.8613,306.205,79.4064],"dipPosition":[-32.4728,336.616,-46.5505],"direction":[-0.325028,-0.0955095,-0.940869],"extended":true,"handId":972,"id":9721,"length":57.352,"mcpPosition":[-11.6739,337.661,15.3958],"pipPosition":[-24.8111,338.867,-24.3722],"stabilizedTipPosition":[-36.7399,325.937,-49.3847],"timeVisible":32.2677,"tipPosition":[-36.749,332.293,-58.0437],"tipVelocity":[1.76627,177.721,-203.665],"tool":false,"touchDistance":-0.765852,"touchZone":"hovering","type":1,"width":18.8641},{"bases":[[[0.916805,-0.372631,-0.14358],[0.398617,0.832389,0.385011],[-0.0239525,-0.410213,0.911675]],[[0.912264,-0.403009,-0.0732021],[0.234906,0.661161,-0.71252],[0.335551,0.632811,0.697823]],[[0.912264,-0.403009,-0.0732021],[0.0672614,0.323681,-0.943773],[0.404043,0.856046,0.322389]],[[0.912264,-0.403009,-0.0732021],[-0.0219227,0.130419,-0.991217],[0.409016,0.905856,0.110141]]],"btipPosition":[-24.9063,263.764,-28.601],"carpPosition":[7.93848,305.941,77.1926],"dipPosition":[-17.4103,280.365,-26.5825],"direction":[-0.404043,-0.856046,-0.322389],"extended":false,"handId":972,"id":9722,"length":65.348,"mcpPosition":[9.56824,333.853,15.1611],"pipPosition":[-6.20514,304.106,-17.6418],"stabilizedTipPosition":[-24.1648,242.584,5.92927],"timeVisible":32.2677,"tipPosition":[-23.176,268.106,-28.6523],"tipVelocity":[29.0561,113.301,-201.994],"tool":false,"touchDistance":-0.869656,"touchZone":"hovering","type":2,"width":18.527},{"bases":[[[0.870612,-0.490618,-0.0364673],[0.462133,0.790138,0.402635],[-0.168726,-0.367391,0.914634]],[[0.878841,-0.468787,-0.088754],[0.260099,0.626688,-0.734582],[0.399984,0.622496,0.67269]],[[0.878841,-0.468787,-0.088754],[0.0586587,0.290774,-0.954992],[0.473495,0.83408,0.283043]],[[0.878841,-0.468787,-0.088754],[-0.0440959,0.10542,-0.99345],[0.475073,0.876998,0.0719757]]],"btipPosition":[-9.33209,259.363,-19.0552],"carpPosition":[19.238,302.558,75.0894],"dipPosition":[-0.675519,275.343,-17.7437],"direction":[-0.473495,-0.83408,-0.283043],"extended":false,"handId":972,"id":9723,"length":62.8339,"mcpPosition":[29.5454,325.002,19.2148],"pipPosition":[12.1166,297.877,-10.0969],"stabilizedTipPosition":[-7.81892,231.827,23.6197],"timeVisible":32.2677,"tipPosition":[-7.24762,263.616,-19.5467],"tipVelocity":[28.209,101.708,-174.561],"tool":false,"touchDistance":-0.848145,"touchZone":"hovering","type":3,"width":17.6296},{"bases":[[[0.756826,-0.653606,0.00361439],[0.575185,0.668627,0.471275],[-0.310445,-0.354594,0.881979]],[[0.769835,-0.637258,-0.035457],[0.421854,0.549734,-0.720994],[0.478951,0.540088,0.692034]],[[0.769835,-0.637258,-0.035457],[0.164997,0.252374,-0.953459],[0.616547,0.728155,0.299432]],[[0.769835,-0.637258,-0.035457],[0.0308221,0.0926088,-0.995225],[0.637499,0.765066,0.090935]]],"btipPosition":[6.94411,267.132,-8.53345],"carpPosition":[28.3815,292.455,72.4469],"dipPosition":[17.6606,279.993,-7.00481],"direction":[-0.616547,-0.728155,-0.299432],"extended":false,"handId":972,"id":9724,"length":49.2606,"mcpPosition":[45.9372,312.507,22.5709],"pipPosition":[29.421,293.883,-1.29323],"stabilizedTipPosition":[9.44375,233.899,40.0122],"timeVisible":32.2677,"tipPosition":[9.61443,270.433,-8.69488],"tipVelocity":[30.0839,121.701,-204.856],"tool":false,"touchDistance":-0.811009,"touchZone":"hovering","type":4,"width":15.66}],"r":[[0.97424,-0.0431241,0.221354],[-0.00847943,0.973847,0.227045],[-0.225356,-0.223073,0.948395]],"s":0.726042,"t":[6.24729,-26.1043,-78.7217],"timestamp":669359810084},false],[2,{"currentFrameRate":53.0263,"devices":[],"gestures":[],"hands":[{"armBasis":[[0.907523,-0.291084,-0.302774],[0.236415,0.949872,-0.204575],[0.347145,0.114077,0.930847]],"armWidth":62.1429,"confidence":0.532313,"direction":[0.0937254,0.538438,-0.837436],"elbow":[103.906,321.701,321.232],"grabStrength":0.0560097,"id":972,"palmNormal":[-0.240166,-0.804071,-0.543865],"palmPosition":[9.23743,318.505,30.1314],"palmVelocity":[16.0414,107.335,-191.721],"palmWidth":88.738,"pinchStrength":0.905039,"r":[[0.974664,-0.0406145,0.219957],[-0.0125759,0.971871,0.235179],[-0.223322,-0.231987,0.946736]],"s":0.734635,"sphereCenter":[-2.40309,288.796,-9.65124],"sphereRadius":45.1974,"stabilizedPalmPosition":[7.7753,277.624,86.1983],"t":[6.54595,-24.0999,-82.3122],"timeVisible":32.2867,"type":"right","wrist":[12.4962,291.663,76.124]}],"id":4963363,"interactionBox":{"center":[0,200,0],"size":[235.247,235.247,147.751]},"pointables":[{"bases":[[[0.621895,0.722806,0.301326],[-0.706761,0.352346,0.613467],[0.337247,-0.594478,0.729973]],[[0.412545,0.909713,-0.0472113],[-0.832846,0.397667,0.385004],[0.369018,-0.119512,0.921706]],[[0.412545,0.909713,-0.0472113],[-0.910158,0.413781,0.0199259],[0.037662,0.0347495,0.998686]],[[0.412545,0.909713,-0.0472113],[-0.901316,0.400127,-0.165913],[-0.132042,0.110999,0.98501]]],"btipPosition":[-33.412,290.535,-25.8705],"carpPosition":[-17.2089,288.406,74.6905],"dipPosition":[-36.4258,293.068,-3.38825],"direction":[-0.037662,-0.0347495,-0.998686],"extended":false,"handId":972,"id":9720,"length":50.8265,"mcpPosition":[-17.2089,288.406,74.6905],"pipPosition":[-35.1735,294.224,29.8198],"stabilizedTipPosition":[-37.4794,260.476,25.2786],"timeVisible":32.2867,"tipPosition":[-34.9035,292.338,-20.5126],"tipVelocity":[31.3667,107.385,-205.796],"tool":false,"touchDistance":-0.820127,"touchZone":"hovering","type":0,"width":19.7488},{"bases":[[[0.968217,-0.158114,-0.193794],[0.227151,0.880193,0.41673],[0.104685,-0.447505,0.888133]],[[0.945526,-0.0968597,-0.310805],[0.10815,0.993948,0.0192561],[0.307058,-0.0518206,0.950279]],[[0.945526,-0.0968597,-0.310805],[0.0697653,0.99282,-0.0971652],[0.317984,0.0701888,0.945494]],[[0.945526,-0.0968597,-0.310805],[0.0427201,0.983374,-0.176498],[0.322732,0.153606,0.933943]]],"btipPosition":[-37.3008,337.44,-65.4896],"carpPosition":[-4.05116,307.375,75.8981],"dipPosition":[-31.9232,339.999,-49.9276],"direction":[-0.317984,-0.0701888,-0.945494],"extended":true,"handId":972,"id":9721,"length":57.352,"mcpPosition":[-11.5622,339.483,12.1756],"pipPosition":[-24.4277,341.654,-27.6402],"stabilizedTipPosition":[-36.5587,329.179,-52.7434],"timeVisible":32.2867,"tipPosition":[-36.059,335.93,-61.5767],"tipVelocity":[17.5613,187.02,-193.761],"tool":false,"touchDistance":-0.769646,"touchZone":"hovering","type":1,"width":18.8641},{"bases":[[[0.920453,-0.36484,-0.140206],[0.389812,0.830751,0.397365],[-0.0284979,-0.42041,0.906887]],[[0.915508,-0.396202,-0.069787],[0.236373,0.670124,-0.703606],[0.325536,0.627661,0.707155]],[[0.915508,-0.396202,-0.069787],[0.0729579,0.334105,-0.939708],[0.39563,0.855218,0.334782]],[[0.915508,-0.396202,-0.069787],[-0.0144913,0.140879,-0.989921],[0.40204,0.907291,0.123235]]],"btipPosition":[-23.936,265.97,-32.7126],"carpPosition":[7.7676,307.215,73.7775],"dipPosition":[-16.5678,282.598,-30.4541],"direction":[-0.39563,-0.855218,-0.334782],"extended":false,"handId":972,"id":9722,"length":65.348,"mcpPosition":[9.70664,335.82,12.0718],"pipPosition":[-5.59597,306.315,-21.1697],"stabilizedTipPosition":[-24.0729,243.884,4.10805],"timeVisible":32.2867,"tipPosition":[-22.2346,270.318,-32.6992],"tipVelocity":[39.2115,115.103,-208.129],"tool":false,"touchDistance":-0.87187,"touchZone":"hovering","type":2,"width":18.527},{"bases":[[[0.874205,-0.48431,-0.0347755],[0.453471,0.788737,0.415039],[-0.173579,-0.378599,0.909139]],[[0.882502,-0.462518,-0.0852548],[0.262924,0.635486,-0.725967],[0.389951,0.618252,0.682424]],[[0.882502,-0.462518,-0.0852548],[0.0657941,0.300904,-0.951382],[0.465685,0.833987,0.295979]],[[0.882502,-0.462518,-0.0852548],[-0.0353329,0.11556,-0.992672],[0.46898,0.879047,0.0856401]]],"btipPosition":[-8.40788,261.571,-23.1023],"carpPosition":[19.1065,303.931,71.7293],"dipPosition":[0.137679,277.589,-21.5418],"direction":[-0.465685,-0.833987,-0.295979],"extended":false,"handId":972,"id":9723,"length":62.8339,"mcpPosition":[29.7104,327.059,16.1903],"pipPosition":[12.7188,300.12,-13.5455],"stabilizedTipPosition":[-7.75693,233.332,21.532],"timeVisible":32.2867,"tipPosition":[-6.35257,265.82,-23.4945],"tipVelocity":[37.6835,109.313,-192.428],"tool":false,"touchDistance":-0.851512,"touchZone":"hovering","type":3,"width":17.6296},{"bases":[[[0.761215,-0.648494,0.00258587],[0.566793,0.66724,0.483257],[-0.315114,-0.366397,0.875475]],[[0.77337,-0.6331,-0.032924],[0.422231,0.553128,-0.718172],[0.472886,0.54151,0.695087]],[[0.77337,-0.6331,-0.032924],[0.16721,0.253801,-0.952694],[0.611507,0.731279,0.302142]],[[0.77337,-0.6331,-0.032924],[0.0343833,0.0937458,-0.995002],[0.633022,0.768372,0.0942682]]],"btipPosition":[7.54697,269.1,-11.7752],"carpPosition":[28.3398,293.92,69.0503],"dipPosition":[18.1882,282.017,-10.1906],"direction":[-0.611507,-0.731279,-0.302142],"extended":false,"handId":972,"id":9724,"length":49.2606,"mcpPosition":[46.1595,314.639,19.5421],"pipPosition":[29.8525,295.966,-4.42727],"stabilizedTipPosition":[9.46727,235.529,37.8163],"timeVisible":32.2867,"tipPosition":[10.2423,272.482,-12.0598],"tipVelocity":[30.5156,113.381,-188.12],"tool":false,"touchDistance":-0.806674,"touchZone":"hovering","type":4,"width":15.66}],"r":[[0.974664,-0.0406145,0.219957],[-0.0125759,0.971871,0.235179],[-0.223322,-0.231987,0.946736]],"s":0.734635,"t":[6.54595,-24.0999,-82.3122],"timestamp":669359828995},false],[3,{"currentFrameRate":53.0143,"devices":[],"gestures":[],"hands":[{"armBasis":[[0.908895,-0.292335,-0.297406],[0.238823,0.94951,-0.203457],[0.341867,0.113894,0.932821]],"armWidth":62.1429,"confidence":0.403422,"direction":[0.0942889,0.528796,-0.843496],"elbow":[102.632,324.564,319.918],"grabStrength":0.0260637,"id":972,"palmNormal":[-0.241254,-0.809879,-0.534689],"palmPosition":[9.38083,320.897,27.9962],"palmVelocity":[11.8933,116.755,-153.079],"palmWidth":88.738,"pinchStrength":0.903088,"r":[[0.974987,-0.0383446,0.218929],[-0.0155947,0.970776,0.239478],[-0.221713,-0.236902,0.945897]],"s":0.744179,"sphereCenter":[-3.7328,291.666,-11.2683],"sphereRadius":45.0556,"stabilizedPalmPosition":[7.82564,278.981,84.3734],"t":[6.76697,-21.9016,-85.1751],"timeVisible":32.3056,"type":"right","wrist":[12.612,294.574,74.2896]}],"id":4963364,"interactionBox":{"center":[0,200,0],"size":[235.247,235.247,147.751]},"pointables":[{"bases":[[[0.622847,0.725389,0.29304],[-0.706232,0.360166,0.609521],[0.336598,-0.586593,0.736621]],[[0.413749,0.908575,-0.057479],[-0.831765,0.402928,0.38186],[0.370108,-0.110185,0.922431]],[[0.413749,0.908575,-0.057479],[-0.909574,0.415227,0.0161838],[0.038571,0.0455853,0.998216]],[[0.413749,0.908575,-0.057479],[-0.900698,0.399338,-0.17109],[-0.132495,0.12256,0.983577]]],"btipPosition":[-33.3734,292.389,-27.6512],"carpPosition":[-17.0973,291.338,72.8967],"dipPosition":[-36.3975,295.186,-5.20168],"direction":[-0.038571,-0.0455853,-0.998216],"extended":false,"handId":972,"id":9720,"length":50.8265,"mcpPosition":[-17.0973,291.338,72.8967],"pipPosition":[-35.115,296.702,27.9907],"stabilizedTipPosition":[-37.38,261.425,23.8857],"timeVisible":32.3056,"tipPosition":[-34.8074,294.19,-22.3321],"tipVelocity":[16.922,104.396,-151.248],"tool":false,"touchDistance":-0.793271,"touchZone":"hovering","type":0,"width":19.7488},{"bases":[[[0.96799,-0.161521,-0.192109],[0.228316,0.884571,0.406701],[0.104243,-0.437544,0.893134]],[[0.944455,-0.0998105,-0.313117],[0.113433,0.993217,0.0255447],[0.308444,-0.0596435,0.949371]],[[0.944455,-0.0998105,-0.313117],[0.0752916,0.993139,-0.089475],[0.319899,0.06093,0.94549]],[[0.944455,-0.0998105,-0.313117],[0.0481945,0.984529,-0.168463],[0.325087,0.144015,0.934654]]],"btipPosition":[-37.2759,340.359,-67.8326],"carpPosition":[-3.91551,310.303,73.8876],"dipPosition":[-31.8591,342.759,-52.2587],"direction":[-0.319899,-0.06093,-0.94549],"extended":true,"handId":972,"id":9721,"length":57.352,"mcpPosition":[-11.3948,341.696,9.80637],"pipPosition":[-24.3183,344.195,-29.9714],"stabilizedTipPosition":[-36.4122,332.429,-55.9305],"timeVisible":32.3056,"tipPosition":[-35.9859,338.703,-63.9365],"tipVelocity":[9.82897,170.079,-159.437],"tool":false,"touchDistance":-0.756119,"touchZone":"hovering","type":1,"width":18.8641},{"bases":[[[0.919974,-0.367565,-0.136176],[0.390913,0.834708,0.387878],[-0.0289033,-0.41007,0.911596]],[[0.914957,-0.398279,-0.0650254],[0.237348,0.661414,-0.711476],[0.326374,0.635536,0.699695]],[[0.914957,-0.398279,-0.0650254],[0.0735245,0.322956,-0.943554],[0.396798,0.85853,0.324774]],[[0.914957,-0.398279,-0.0650254],[-0.0141488,0.129374,-0.991495],[0.403304,0.908095,0.112736]]],"btipPosition":[-23.8682,267.679,-34.2224],"carpPosition":[7.90275,310.104,71.7676],"dipPosition":[-16.4769,284.322,-32.1563],"direction":[-0.396798,-0.85853,-0.324774],"extended":false,"handId":972,"id":9722,"length":65.348,"mcpPosition":[9.86937,338.006,9.74146],"pipPosition":[-5.47266,308.131,-23.1494],"stabilizedTipPosition":[-23.9849,245.161,2.35835],"timeVisible":32.3056,"tipPosition":[-22.1611,272.019,-34.2553],"tipVelocity":[21.8747,103.077,-146.359],"tool":false,"touchDistance":-0.836327,"touchZone":"hovering","type":2,"width":18.527},{"bases":[[[0.873589,-0.485775,-0.0293926],[0.454521,0.792817,0.406019],[-0.173931,-0.368054,0.913392]],[[0.881345,-0.466306,-0.0760921],[0.263688,0.619094,-0.739724],[0.392046,0.631888,0.668594]],[[0.881345,-0.466306,-0.0760921],[0.0648754,0.278963,-0.958108],[0.467998,0.839487,0.276114]],[[0.881345,-0.466306,-0.0760921],[-0.0365492,0.0932795,-0.994969],[0.471058,0.879692,0.0651683]]],"btipPosition":[-8.44728,263.024,-23.8238],"carpPosition":[19.2373,306.783,69.7553],"dipPosition":[0.136131,279.054,-22.6363],"direction":[-0.467998,-0.839487,-0.276114],"extended":false,"handId":972,"id":9723,"length":62.8339,"mcpPosition":[29.8627,329.267,13.9565],"pipPosition":[12.7797,301.734,-15.1767],"stabilizedTipPosition":[-7.69556,234.928,19.3769],"timeVisible":32.3056,"tipPosition":[-6.36165,267.34,-24.4675],"tipVelocity":[18.4033,93.4743,-118.985],"tool":false,"touchDistance":-0.806803,"touchZone":"hovering","type":3,"width":17.6296},{"bases":[[[0.760398,-0.649383,0.00984075],[0.567699,0.671958,0.475595],[-0.315456,-0.356055,0.879609]],[[0.77247,-0.634537,-0.0255434],[0.42309,0.544221,-0.724443],[0.473588,0.548803,0.688861]],[[0.77247,-0.634537,-0.0255434],[0.167719,0.242641,-0.955508],[0.612504,0.733817,0.293857]],[[0.77247,-0.634537,-0.0255434],[0.0346945,0.0823303,-0.996001],[0.634103,0.768495,0.0856126]]],"btipPosition":[7.62263,271.025,-13.3523],"carpPosition":[28.4575,296.731,67.1888],"dipPosition":[18.282,283.943,-11.9131],"direction":[-0.612504,-0.733817,-0.293857],"extended":false,"handId":972,"id":9724,"length":49.2606,"mcpPosition":[46.2966,316.865,17.4468],"pipPosition":[29.9654,297.94,-6.30789],"stabilizedTipPosition":[9.49474,237.27,35.5158],"timeVisible":32.3056,"tipPosition":[10.3184,274.392,-13.663],"tipVelocity":[17.6189,107.699,-137.631],"tool":false,"touchDistance":-0.778498,"touchZone":"hovering","type":4,"width":15.66}],"r":[[0.974987,-0.0383446,0.218929],[-0.0155947,0.970776,0.239478],[-0.221713,-0.236902,0.945897]],"s":0.744179,"t":[6.76697,-21.9016,-85.1751],"timestamp":669359847901},false],[4,{"currentFrameRate":53.0378,"devices":[],"gestures":[],"hands":[{"armBasis":[[0.910367,-0.294508,-0.290683],[0.243873,0.949361,-0.198089],[0.334302,0.109444,0.93609]],"armWidth":62.1429,"confidence":0.4331,"direction":[0.0915022,0.513831,-0.852998],"elbow":[101.239,326.088,318.507],"grabStrength":0.00353584,"id":972,"palmNormal":[-0.247577,-0.817957,-0.519281],"palmPosition":[9.81719,322.807,25.298],"palmVelocity":[17.4346,109.413,-148.527],"palmWidth":88.738,"pinchStrength":0.900153,"r":[[0.975458,-0.0365673,0.21713],[-0.0169419,0.970725,0.239594],[-0.219534,-0.237392,0.946282]],"s":0.75337,"sphereCenter":[-4.71916,293.687,-13.2251],"sphereRadius":44.9536,"stabilizedPalmPosition":[7.88917,280.379,82.489],"t":[7.09566,-19.8479,-87.9557],"timeVisible":32.3243,"type":"right","wrist":[13.2119,297.269,72.0183]}],"id":4963365,"interactionBox":{"center":[0,200,0],"size":[235.247,235.247,147.751]},"pointables":[{"bases":[[[0.627422,0.727768,0.276938],[-0.701244,0.37347,0.60727],[0.338523,-0.575216,0.744667]],[[0.417584,0.905561,-0.0747145],[-0.826909,0.412819,0.381841],[0.376624,-0.0976687,0.921203]],[[0.417584,0.905561,-0.0747145],[-0.907521,0.419734,0.0151119],[0.045045,0.0614945,0.99709]],[[0.417584,0.905561,-0.0747145],[-0.899556,0.400413,-0.174549],[-0.128148,0.140099,0.98181]]],"btipPosition":[-33.4255,293.644,-29.5588],"carpPosition":[-16.5177,294.132,70.8515],"dipPosition":[-36.3504,296.842,-7.14961],"direction":[-0.045045,-0.0614945,-0.99709],"extended":false,"handId":972,"id":9720,"length":50.8265,"mcpPosition":[-16.5177,294.132,70.8515],"pipPosition":[-34.8526,298.886,26.0054],"stabilizedTipPosition":[-37.2862,262.367,22.5055],"timeVisible":32.3243,"tipPosition":[-34.7655,295.432,-24.2882],"tipVelocity":[7.90231,88.4711,-127.274],"tool":false,"touchDistance":-0.77103,"touchZone":"hovering","type":0,"width":19.7488},{"bases":[[[0.966208,-0.168752,-0.194844],[0.234195,0.89049,0.390102],[0.107676,-0.422551,0.89992]],[[0.941557,-0.107822,-0.319132],[0.120754,0.992461,0.0209575],[0.314466,-0.0582692,0.947479]],[[0.941557,-0.107822,-0.319132],[0.0823494,0.99232,-0.0923034],[0.326633,0.0606286,0.943205]],[[0.941557,-0.107822,-0.319132],[0.0548847,0.983834,-0.170467],[0.332353,0.142989,0.932253]]],"btipPosition":[-37.3937,342.004,-70.5935],"carpPosition":[-3.25488,313.057,71.4404],"dipPosition":[-31.8558,344.387,-55.0596],"direction":[-0.326633,-0.0606286,-0.943205],"extended":true,"handId":972,"id":9721,"length":57.352,"mcpPosition":[-10.9805,343.375,6.87226],"pipPosition":[-24.1564,345.816,-32.8262],"stabilizedTipPosition":[-36.3401,334.926,-58.6667],"timeVisible":32.3243,"tipPosition":[-36.0631,340.33,-66.7114],"tipVelocity":[2.69236,129.737,-153.652],"tool":false,"touchDistance":-0.750392,"touchZone":"hovering","type":1,"width":18.8641},{"bases":[[[0.917696,-0.373607,-0.135099],[0.39648,0.839648,0.371208],[-0.02525,-0.39422,0.918669]],[[0.912885,-0.403388,-0.0625982],[0.230952,0.63681,-0.735618],[0.336602,0.657077,0.674498]],[[0.912885,-0.403388,-0.0625982],[0.0623972,0.289431,-0.955163],[0.403419,0.868048,0.289388]],[[0.912885,-0.403388,-0.0625982],[-0.0261049,0.0953445,-0.995102],[0.40738,0.910048,0.0765082]]],"btipPosition":[-24.2087,267.958,-34.3851],"carpPosition":[8.54999,312.773,69.2564],"dipPosition":[-16.7426,284.636,-32.9829],"direction":[-0.403419,-0.868048,-0.289388],"extended":false,"handId":972,"id":9722,"length":65.348,"mcpPosition":[10.268,339.597,6.74902],"pipPosition":[-5.55478,308.709,-24.9574],"stabilizedTipPosition":[-23.918,246.354,0.726999],"timeVisible":32.3243,"tipPosition":[-22.4082,272.474,-34.9445],"tipVelocity":[2.79393,60.2232,-83.1324],"tool":false,"touchDistance":-0.785758,"touchZone":"touching","type":2,"width":18.527},{"bases":[[[0.871461,-0.489773,-0.0260333],[0.460025,0.797815,0.389703],[-0.170097,-0.351587,0.920572]],[[0.879054,-0.471049,-0.0733288],[0.264189,0.609392,-0.74756],[0.396824,0.637773,0.660134]],[[0.879054,-0.471049,-0.0733288],[0.0644045,0.269754,-0.960773],[0.472352,0.839848,0.267466]],[[0.879054,-0.471049,-0.0733288],[-0.0377247,0.0846015,-0.9957],[0.475228,0.878041,0.0565991]]],"btipPosition":[-8.46129,264.371,-26.0226],"carpPosition":[19.8593,309.372,67.2367],"dipPosition":[0.198111,280.37,-24.9913],"direction":[-0.472352,-0.839849,-0.267466],"extended":false,"handId":972,"id":9723,"length":62.8339,"mcpPosition":[30.2505,330.85,10.9992],"pipPosition":[12.9594,303.06,-17.7654],"stabilizedTipPosition":[-7.63917,236.451,17.2994],"timeVisible":32.3243,"tipPosition":[-6.39828,268.521,-26.4093],"tipVelocity":[9.51232,82.6915,-119.023],"tool":false,"touchDistance":-0.787978,"touchZone":"touching","type":3,"width":17.6296},{"bases":[[[0.757848,-0.652218,0.016658],[0.573122,0.677708,0.460699],[-0.311766,-0.339593,0.8874]],[[0.769552,-0.638321,-0.0183461],[0.421025,0.528765,-0.736984],[0.480133,0.559423,0.675661]],[[0.769552,-0.638321,-0.0183461],[0.162885,0.223989,-0.960884],[0.617461,0.736461,0.276344]],[[0.769552,-0.638321,-0.0183461],[0.0289865,0.0636166,-0.997553],[0.637926,0.767137,0.067459]]],"btipPosition":[7.59629,272.208,-15.0965],"carpPosition":[29.0244,299.239,64.7908],"dipPosition":[18.3199,285.104,-13.9625],"direction":[-0.617461,-0.736461,-0.276344],"extended":false,"handId":972,"id":9724,"length":49.2606,"mcpPosition":[46.6548,318.443,14.6082],"pipPosition":[30.0978,299.152,-8.69132],"stabilizedTipPosition":[9.52075,239.006,33.2099],"timeVisible":32.3243,"tipPosition":[10.3037,275.555,-15.4876],"tipVelocity":[8.71987,85.7814,-117.639],"tool":false,"touchDistance":-0.756198,"touchZone":"touching","type":4,"width":15.66}],"r":[[0.975458,-0.0365673,0.21713],[-0.0169419,0.970725,0.239594],[-0.219534,-0.237392,0.946282]],"s":0.75337,"t":[7.09566,-19.8479,-87.9557],"timestamp":669359866671},false],[5,{"currentFrameRate":52.9884,"devices":[],"gestures":[],"hands":[{"armBasis":[[0.916368,-0.271561,-0.294149],[0.234012,0.959506,-0.156803],[0.324819,0.0748549,0.942809]],"armWidth":62.1429,"confidence":0.451186,"direction":[0.0866516,0.512499,-0.854305],"elbow":[98.2446,319.642,316.073],"grabStrength":0,"id":972,"palmNormal":[-0.23323,-0.823263,-0.517534],"palmPosition":[9.09448,325.268,21.0024],"palmVelocity":[-9.87006,119.164,-186.477],"palmWidth":88.738,"pinchStrength":0.891515,"r":[[0.975781,-0.0320255,0.216391],[-0.021153,0.970775,0.239059],[-0.217723,-0.237847,0.946586]],"s":0.763894,"sphereCenter":[-6.16042,296.775,-17.2123],"sphereRadius":44.7701,"stabilizedPalmPosition":[7.92398,281.675,80.7129],"t":[6.89866,-17.5905,-91.4938],"timeVisible":32.3434,"type":"right","wrist":[12.714,299.931,67.8153]}],"id":4963366,"interactionBox":{"center":[0,200,0],"size":[235.247,235.247,147.751]},"pointables":[{"bases":[[[0.615259,0.738131,0.276801],[-0.708999,0.364611,0.603638],[0.34464,-0.567645,0.747664]],[[0.404696,0.911358,-0.0751467],[-0.833361,0.401393,0.37999],[0.37647,-0.0911562,0.921933]],[[0.404696,0.911358,-0.0751467],[-0.913576,0.406536,0.0103607],[0.0399922,0.0644593,0.997119]],[[0.404696,0.911358,-0.0751467],[-0.90409,0.386422,-0.182481],[-0.137267,0.141789,0.980333]]],"btipPosition":[-33.4841,295.394,-33.8579],"carpPosition":[-16.9599,296.336,66.5552],"dipPosition":[-36.6171,298.631,-11.4825],"direction":[-0.0399922,-0.0644593,-0.997119],"extended":false,"handId":972,"id":9720,"length":50.8265,"mcpPosition":[-16.9599,296.336,66.5552],"pipPosition":[-35.2873,300.774,21.6735],"stabilizedTipPosition":[-37.2189,263.105,21.387],"timeVisible":32.3434,"tipPosition":[-34.8507,297.081,-28.6242],"tipVelocity":[1.25088,90.3849,-175.998],"tool":false,"touchDistance":-0.786864,"touchZone":"hovering","type":0,"width":19.7488},{"bases":[[[0.969352,-0.15458,-0.190948],[0.219198,0.89518,0.388079],[0.110944,-0.418041,0.901628]],[[0.943638,-0.0934101,-0.317524],[0.109312,0.993473,0.0325985],[0.312406,-0.0654704,0.94769]],[[0.943638,-0.0934101,-0.317524],[0.0720067,0.994309,-0.0785147],[0.323051,0.0512257,0.944994]],[[0.943638,-0.0934101,-0.317524],[0.0452741,0.98676,-0.15574],[0.327867,0.132586,0.935374]]],"btipPosition":[-38.1175,344.784,-75.1296],"carpPosition":[-3.9897,315.464,67.1299],"dipPosition":[-32.6543,346.993,-59.5437],"direction":[-0.323051,-0.0512257,-0.944994],"extended":true,"handId":972,"id":9721,"length":57.352,"mcpPosition":[-11.9498,345.458,2.43923],"pipPosition":[-25.0393,348.201,-37.2681],"stabilizedTipPosition":[-36.4424,336.961,-61.1949],"timeVisible":32.3434,"tipPosition":[-36.7675,343.017,-71.2614],"tipVelocity":[-17.8146,136.688,-194.992],"tool":false,"touchDistance":-0.771548,"touchZone":"hovering","type":1,"width":18.8641},{"bases":[[[0.923763,-0.359964,-0.130721],[0.382305,0.846764,0.369911],[-0.0224649,-0.391686,0.919825]],[[0.919423,-0.388538,-0.0608254],[0.205748,0.607039,-0.767575],[0.335156,0.693211,0.638066]],[[0.919423,-0.388538,-0.0608254],[0.0352964,0.235568,-0.971217],[0.391683,0.890812,0.2303]],[[0.919423,-0.388538,-0.0608254],[-0.050191,0.0374716,-0.998036],[0.390054,0.92067,0.0149511]]],"btipPosition":[-24.4114,267.841,-34.2529],"carpPosition":[7.82575,315.354,64.9879],"dipPosition":[-17.2629,284.714,-33.9789],"direction":[-0.391683,-0.890812,-0.2303],"extended":false,"handId":972,"id":9722,"length":65.348,"mcpPosition":[9.35429,342.005,2.40184],"pipPosition":[-6.40052,309.418,-27.592],"stabilizedTipPosition":[-23.8739,247.327,-0.612196],"timeVisible":32.3434,"tipPosition":[-22.4972,272.842,-36.0019],"tipVelocity":[-5.72232,28.666,-45.4335],"tool":false,"touchDistance":-0.737425,"touchZone":"touching","type":2,"width":18.527},{"bases":[[[0.878923,-0.476482,-0.0214473],[0.446416,0.805964,0.38876],[-0.167951,-0.351264,0.921089]],[[0.886425,-0.4577,-0.0690009],[0.259816,0.615375,-0.744183],[0.383074,0.641735,0.664402]],[[0.886425,-0.4577,-0.0690009],[0.0676562,0.275588,-0.958892],[0.4579,0.845318,0.275254]],[[0.886425,-0.4577,-0.0690009],[-0.0312524,0.0895497,-0.995492],[0.461815,0.884586,0.0650749]]],"btipPosition":[-8.02496,266.659,-30.8234],"carpPosition":[19.1927,312.119,63.0183],"dipPosition":[0.390036,282.777,-29.6377],"direction":[-0.4579,-0.845318,-0.275254],"extended":false,"handId":972,"id":9723,"length":62.8339,"mcpPosition":[29.4528,333.578,6.74922],"pipPosition":[12.7608,305.615,-22.2013],"stabilizedTipPosition":[-7.57759,237.799,15.3981],"timeVisible":32.3434,"tipPosition":[-6.05907,270.691,-30.8841],"tipVelocity":[14.6609,101.846,-183.681],"tool":false,"touchDistance":-0.808993,"touchZone":"touching","type":3,"width":17.6296},{"bases":[[[0.767653,-0.640509,0.0213653],[0.561082,0.687822,0.46053],[-0.309669,-0.34154,0.887387]],[[0.778732,-0.627243,-0.0119461],[0.414514,0.528732,-0.740689],[0.470908,0.571847,0.671742]],[[0.778732,-0.627243,-0.0119461],[0.160746,0.217903,-0.962642],[0.606413,0.74772,0.270515]],[[0.778732,-0.627243,-0.0119461],[0.0294162,0.0555285,-0.998024],[0.626667,0.776842,0.0616929]]],"btipPosition":[7.69144,274.393,-18.9068],"carpPosition":[28.52,302.12,60.6365],"dipPosition":[18.2258,287.452,-17.8697],"direction":[-0.606413,-0.74772,-0.270515],"extended":false,"handId":972,"id":9724,"length":49.2606,"mcpPosition":[46.0318,321.434,10.4547],"pipPosition":[29.793,301.714,-12.7097],"stabilizedTipPosition":[9.54653,240.673,30.9567],"timeVisible":32.3434,"tipPosition":[10.3673,277.797,-19.3802],"tipVelocity":[5.75621,101.002,-158.836],"tool":false,"touchDistance":-0.7664,"touchZone":"touching","type":4,"width":15.66}],"r":[[0.975781,-0.0320255,0.216391],[-0.021153,0.970775,0.239059],[-0.217723,-0.237847,0.946586]],"s":0.763894,"t":[6.89866,-17.5905,-91.4938],"timestamp":669359885721},false],[6,{"currentFrameRate":53.018,"devices":[],"gestures":[],"hands":[{"armBasis":[[0.916551,-0.265439,-0.299125],[0.228437,0.961429,-0.153201],[0.328253,0.0720855,0.941835]],"armWidth":62.1429,"confidence":0.487537,"direction":[0.0793551,0.506967,-0.858305],"elbow":[99.5444,320.331,313.029],"grabStrength":0,"id":972,"palmNormal":[-0.23077,-0.828287,-0.510573],"palmPosition":[9.10706,326.332,18.056],"palmVelocity":[-4.72878,88.7223,-172.15],"palmWidth":88.738,"pinchStrength":0.87483,"r":[[0.97627,-0.0269097,0.214877],[-0.0254602,0.971105,0.23729],[-0.215054,-0.23713,0.947376]],"s":0.775949,"sphereCenter":[-7.19731,298.264,-19.6707],"sphereRadius":44.6838,"stabilizedPalmPosition":[7.94905,282.621,79.3854],"t":[6.80644,-15.9296,-94.736],"timeVisible":32.3621,"type":"right","wrist":[13.1095,301.349,65.0273]}],"id":4963367,"interactionBox":{"center":[0,200,0],"size":[235.247,235.247,147.751]},"pointables":[{"bases":[[[0.612123,0.743762,0.268559],[-0.708229,0.364584,0.604558],[0.351735,-0.560265,0.749923]],[[0.399689,0.912946,-0.0823319],[-0.832299,0.399077,0.384729],[0.384093,-0.0852469,0.91935]],[[0.399689,0.912946,-0.0823319],[-0.915583,0.401944,0.0122101],[0.04424,0.0705015,0.99653]],[[0.399689,0.912946,-0.0823319],[-0.906554,0.380394,-0.182922],[-0.135679,0.14775,0.979674]]],"btipPosition":[-33.6206,296,-36.3135],"carpPosition":[-16.5479,297.567,63.9392],"dipPosition":[-36.7174,299.372,-13.9531],"direction":[-0.04424,-0.0705015,-0.99653],"extended":false,"handId":972,"id":9720,"length":50.8265,"mcpPosition":[-16.5479,297.567,63.9392],"pipPosition":[-35.2464,301.717,19.1833],"stabilizedTipPosition":[-37.1782,263.579,20.647],"timeVisible":32.3621,"tipPosition":[-34.91,297.586,-31.1155],"tipVelocity":[-2.6943,62.8621,-154.106],"tool":false,"touchDistance":-0.773396,"touchZone":"hovering","type":0,"width":19.7488},{"bases":[[[0.969324,-0.15008,-0.194647],[0.215668,0.899202,0.380688],[0.117894,-0.410989,0.903985]],[[0.942184,-0.0892313,-0.322998],[0.10704,0.993537,0.0377616],[0.317541,-0.0701521,0.945646]],[[0.942184,-0.0892313,-0.322998],[0.0697154,0.995,-0.0715187],[0.327765,0.0448657,0.943693]],[[0.942184,-0.0892313,-0.322998],[0.042873,0.988072,-0.147904],[0.332343,0.125505,0.934771]]],"btipPosition":[-38.7185,346.054,-77.9869],"carpPosition":[-3.69119,316.775,64.3154],"dipPosition":[-33.1807,348.145,-62.411],"direction":[-0.327765,-0.0448657,-0.943693],"extended":true,"handId":972,"id":9721,"length":57.352,"mcpPosition":[-12.1499,346.263,-0.544429],"pipPosition":[-25.4546,349.203,-40.1661],"stabilizedTipPosition":[-36.5792,338.268,-62.9972],"timeVisible":32.3621,"tipPosition":[-37.3432,344.249,-74.1382],"tipVelocity":[-24.3095,102.333,-174.253],"tool":false,"touchDistance":-0.765621,"touchZone":"hovering","type":1,"width":18.8641},{"bases":[[[0.925276,-0.355304,-0.132753],[0.378974,0.851643,0.362054],[-0.0155814,-0.38531,0.922656]],[[0.921718,-0.382275,-0.065587],[0.185227,0.582409,-0.791512],[0.340773,0.717402,0.607625]],[[0.921718,-0.382275,-0.065587],[0.0112085,0.195282,-0.980683],[0.387698,0.903178,0.184279]],[[0.921718,-0.382275,-0.065587],[-0.0729295,-0.00473166,-0.997326],[0.380942,0.924037,-0.0322404]]],"btipPosition":[-24.578,267.233,-33.7454],"carpPosition":[8.11407,316.721,62.1158],"dipPosition":[-17.5965,284.168,-34.3363],"direction":[-0.387698,-0.903178,-0.184279],"extended":false,"handId":972,"id":9722,"length":65.348,"mcpPosition":[9.17424,342.938,-0.662873],"pipPosition":[-6.84465,309.215,-29.2258],"stabilizedTipPosition":[-23.8486,247.995,-1.54639],"timeVisible":32.3621,"tipPosition":[-22.6825,272.28,-35.9811],"tipVelocity":[-8.26333,-0.756085,-15.25],"tool":false,"touchDistance":-0.687388,"touchZone":"touching","type":2,"width":18.527},{"bases":[[[0.881679,-0.471316,-0.0224424],[0.443423,0.811365,0.380872],[-0.161302,-0.345758,0.924355]],[[0.888589,-0.453603,-0.0682198],[0.246125,0.596984,-0.763565],[0.387082,0.661705,0.642117]],[[0.888589,-0.453603,-0.0682198],[0.0512487,0.245965,-0.967923],[0.455833,0.856589,0.241808]],[[0.888589,-0.453603,-0.0682198],[-0.0468006,0.0582941,-0.997202],[0.456311,0.889295,0.0305706]]],"btipPosition":[-8.15173,266.485,-31.4251],"carpPosition":[19.4907,313.542,60.1128],"dipPosition":[0.162972,282.689,-30.868],"direction":[-0.455833,-0.856589,-0.241808],"extended":false,"handId":972,"id":9723,"length":62.8339,"mcpPosition":[29.3445,334.664,3.64421],"pipPosition":[12.4779,305.831,-24.3353],"stabilizedTipPosition":[-7.54318,238.632,14.1975],"timeVisible":32.3621,"tipPosition":[-6.12269,270.774,-32.1527],"tipVelocity":[3.61337,48.148,-113.498],"tool":false,"touchDistance":-0.76762,"touchZone":"touching","type":3,"width":17.6296},{"bases":[[[0.771617,-0.635705,0.022072],[0.559154,0.694425,0.452903],[-0.30324,-0.337126,0.891286]],[[0.782439,-0.622624,-0.0113445],[0.407706,0.525956,-0.746422],[0.470707,0.579405,0.665376]],[[0.782439,-0.622624,-0.0113445],[0.154759,0.212064,-0.964924],[0.603191,0.753238,0.262284]],[[0.782439,-0.622624,-0.0113445],[0.0242485,0.0486661,-0.998521],[0.622255,0.781006,0.053176]]],"btipPosition":[7.81698,275.17,-21.4888],"carpPosition":[28.8666,303.582,57.7552],"dipPosition":[18.2772,288.299,-20.5949],"direction":[-0.603191,-0.753238,-0.262284],"extended":false,"handId":972,"id":9724,"length":49.2606,"mcpPosition":[46.0148,322.647,7.35293],"pipPosition":[29.7829,302.666,-15.5919],"stabilizedTipPosition":[9.56767,241.846,29.3239],"timeVisible":32.3621,"tipPosition":[10