{"sensorType":"Leap","data":[[0,{"currentFrameRate":55.3684,"devices":[],"gestures":[],"hands":[{"armBasis":[[0.951856,-0.0972249,-0.290718],[0.0500183,0.98492,-0.16562],[0.302436,0.143105,0.942366]],"armWidth":62.1429,"confidence":0.585214,"direction":[-0.0358514,0.31133,-0.949625],"elbow":[103.166,323.357,342.444],"grabStrength":0,"id":970,"palmNormal":[-0.0750841,-0.94839,-0.30809],"palmPosition":[13.9161,298.523,43.4202],"palmVelocity":[-50.0774,97.0102,-133.152],"palmWidth":88.738,"pinchStrength":0.91602,"r":[[0.99199,0.0607183,-0.110766],[-0.0775561,0.984917,-0.154671],[0.0997042,0.162023,0.981737]],"s":0.802594,"sphereCenter":[5.69858,260.558,12.3647],"sphereRadius":45.153,"stabilizedPalmPosition":[20.1103,283.858,51.961],"t":[14,-19.838,-6.81971],"timeVisible":4.88077,"type":"right","wrist":[23.5288,285.675,94.3023]}],"id":4960581,"interactionBox":{"center":[0,200,0],"size":[235.247,235.247,147.751]},"pointables":[{"bases":[[[0.461163,0.884769,0.0671733],[-0.754433,0.351126,0.554564],[0.467075,-0.306422,0.829425]],[[0.343193,0.931213,-0.122722],[-0.875101,0.36447,0.318371],[0.341199,-0.00186873,0.939989]],[[0.343193,0.931213,-0.122722],[-0.929136,0.317445,-0.189566],[-0.137569,0.179083,0.974168]],[[0.343193,0.931213,-0.122722],[-0.902015,0.290326,-0.319499],[-0.261892,0.220346,0.939606]]],"btipPosition":[-10.9068,265.429,-3.77777],"carpPosition":[-4.84848,276.322,95.8216],"dipPosition":[-16.8844,270.458,17.6681],"direction":[0.137569,-0.179083,-0.974168],"extended":false,"handId":970,"id":9700,"length":50.8265,"mcpPosition":[-4.84848,276.322,95.8216],"pipPosition":[-21.4588,276.413,50.0609],"stabilizedTipPosition":[-7.28854,255.065,9.88684],"timeVisible":4.88077,"tipPosition":[-12.1061,266.718,1.15824],"tipVelocity":[-38.9886,116.912,-157.517],"tool":false,"touchDistance":-0.0776285,"touchZone":"hovering","type":0,"width":19.7488},{"bases":[[[0.976366,-0.00712792,-0.216006],[0.0441904,0.984925,0.167243],[0.211558,-0.172836,0.961962]],[[0.980483,-0.0106564,-0.196314],[0.0142733,0.999753,0.0170184],[0.196084,-0.0194883,0.980393]],[[0.980483,-0.0106564,-0.196314],[-0.0249493,0.983713,-0.178007],[0.195014,0.17943,0.964248]],[[0.980483,-0.0106564,-0.196314],[-0.0542084,0.94517,-0.322048],[0.188982,0.326405,0.926146]]],"btipPosition":[-27.093,300.731,-56.9233],"carpPosition":[4.04766,297.182,91.3355],"dipPosition":[-23.944,306.17,-41.4911],"direction":[-0.195014,-0.17943,-0.964248],"extended":true,"handId":970,"id":9701,"length":57.352,"mcpPosition":[-11.1314,309.583,22.3159],"pipPosition":[-19.3471,310.4,-18.7617],"stabilizedTipPosition":[-24.1068,295.685,-49.264],"timeVisible":4.88077,"tipPosition":[-26.0689,302.372,-53.3767],"tipVelocity":[-61.8974,175.359,-130.478],"tool":false,"touchDistance":0.0761667,"touchZone":"hovering","type":1,"width":18.8641},{"bases":[[[0.974037,-0.198214,-0.10938],[0.213254,0.965507,0.149396],[0.0759953,-0.168843,0.982709]],[[0.975978,-0.203545,-0.0776945],[0.0818877,0.673173,-0.734937],[0.201895,0.71092,0.67367]],[[0.975978,-0.203545,-0.0776945],[-0.145592,-0.344027,-0.927603],[0.16208,0.916632,-0.365398]],[[0.975978,-0.203545,-0.0776945],[-0.212146,-0.806657,-0.551632],[0.0496094,0.554864,-0.830461]]],"btipPosition":[-4.46739,241.312,15.3154],"carpPosition":[15.5981,298.832,88.4945],"dipPosition":[-3.5582,251.481,0.095663],"direction":[-0.16208,-0.916632,0.365398],"extended":false,"handId":970,"id":9702,"length":65.348,"mcpPosition":[10.4273,310.32,21.6297],"pipPosition":[0.936703,276.902,-10.0378],"stabilizedTipPosition":[2.89102,231.031,23.4154],"timeVisible":4.88077,"tipPosition":[-4.14359,243.81,12.8369],"tipVelocity":[-37.8418,118.182,-215.818],"tool":false,"touchDistance":0.333333,"touchZone":"none","type":2,"width":18.527},{"bases":[[[0.955737,-0.293116,0.0254767],[0.284614,0.943004,0.17245],[-0.0745724,-0.157566,0.984689]],[[0.954042,-0.296229,0.0452993],[0.233603,0.64047,-0.731593],[0.187706,0.708552,0.680235]],[[0.954042,-0.296229,0.0452993],[-0.0617369,-0.342208,-0.937594],[0.293245,0.891707,-0.344769]],[[0.954042,-0.296229,0.0452993],[-0.215688,-0.78372,-0.582462],[0.208044,0.545923,-0.811595]]],"btipPosition":[12.0004,242.165,20.8435],"carpPosition":[27.3372,297.452,86.5353],"dipPosition":[15.7913,252.112,6.055],"direction":[-0.293245,-0.891707,0.344769],"extended":false,"handId":970,"id":9703,"length":62.8339,"mcpPosition":[31.8928,307.077,26.381],"pipPosition":[23.7137,276.203,-3.25941],"stabilizedTipPosition":[24.6019,227.924,33.0229],"timeVisible":4.88077,"tipPosition":[12.8315,244.621,19.3371],"tipVelocity":[-31.5777,113.678,-250.833],"tool":false,"touchDistance":0.333333,"touchZone":"none","type":3,"width":17.6296},{"bases":[[[0.880431,-0.461138,0.110426],[0.422087,0.868284,0.260626],[-0.216066,-0.182853,0.959104]],[[0.859001,-0.474951,0.191151],[0.458617,0.547878,-0.699643],[0.227569,0.688659,0.688448]],[[0.859001,-0.474951,0.191151],[-0.000316999,-0.373854,-0.927488],[0.511974,0.796652,-0.321291]],[[0.859001,-0.474951,0.191151],[-0.281583,-0.750101,-0.598381],[0.427584,0.460185,-0.778075]]],"btipPosition":[25.8385,252.791,27.0215],"carpPosition":[38.421,289.13,85.7913],"dipPosition":[33.0263,260.527,13.9419],"direction":[-0.511974,-0.796652,0.321291],"extended":false,"handId":970,"id":9704,"length":49.2606,"mcpPosition":[50.6396,299.47,31.5539],"pipPosition":[42.792,275.723,7.81337],"stabilizedTipPosition":[38.3972,238.161,37.48],"timeVisible":4.88077,"tipPosition":[27.3486,254.784,25.3077],"tipVelocity":[-27.2324,115.556,-214.408],"tool":false,"touchDistance":0.333333,"touchZone":"none","type":4,"width":15.66}],"r":[[0.99199,0.0607183,-0.110766],[-0.0775561,0.984917,-0.154671],[0.0997042,0.162023,0.981737]],"s":0.802594,"t":[14,-19.838,-6.81971],"timestamp":669308209071},false],[1,{"currentFrameRate":55.3638,"devices":[],"gestures":[],"hands":[{"armBasis":[[0.949907,-0.112545,-0.291565],[0.0699599,0.985809,-0.1526],[0.304601,0.124558,0.944301]],"armWidth":62.1429,"confidence":0.598553,"direction":[-0.0340856,0.289386,-0.956605],"elbow":[102.978,323.372,339.858],"grabStrength":0,"id":970,"palmNormal":[-0.0936258,-0.953877,-0.285225],"palmPosition":[13.1841,302.389,40.0704],"palmVelocity":[-45.5225,152.53,-157.933],"palmWidth":88.738,"pinchStrength":0.926172,"r":[[0.991959,0.0545667,-0.114193],[-0.0718718,0.985549,-0.153387],[0.104173,0.160361,0.981546]],"s":0.798161,"sphereCenter":[3.92964,263.821,9.893],"sphereRadius":45.2632,"stabilizedPalmPosition":[19.0726,286.635,50.1795],"t":[13.1745,-17.0554,-9.6998],"timeVisible":4.89885,"type":"right","wrist":[22.7707,290.574,91.2071]}],"id":4960582,"interactionBox":{"center":[0,200,0],"size":[235.247,235.247,147.751]},"pointables":[{"bases":[[[0.477485,0.877514,0.0444621],[-0.745616,0.377905,0.548857],[0.464828,-0.295223,0.834733]],[[0.35953,0.921618,-0.146146],[-0.867414,0.38782,0.31175],[0.343992,0.0146858,0.938858]],[[0.35953,0.921618,-0.146146],[-0.923973,0.329715,-0.193809],[-0.130432,0.204715,0.970092]],[[0.35953,0.921618,-0.146146],[-0.897944,0.299096,-0.32286],[-0.253842,0.247309,0.935095]]],"btipPosition":[-12.3813,268.614,-6.25317],"carpPosition":[-5.76584,281.781,93.0527],"dipPosition":[-18.175,274.259,15.0898],"direction":[0.130432,-0.204715,-0.970092],"extended":false,"handId":970,"id":9700,"length":50.8265,"mcpPosition":[-5.76584,281.781,93.0527],"pipPosition":[-22.5121,281.066,47.347],"stabilizedTipPosition":[-8.71176,258.354,7.39911],"timeVisible":4.89885,"tipPosition":[-13.5623,270.051,-1.33835],"tipVelocity":[-58.1082,148.805,-148.356],"tool":false,"touchDistance":-0.11928,"touchZone":"touching","type":0,"width":19.7488},{"bases":[[[0.975175,-0.030119,-0.219377],[0.0628228,0.98763,0.143665],[0.212336,-0.15388,0.965005]],[[0.979185,-0.0331571,-0.200245],[0.0329593,0.999447,-0.00432209],[0.200278,-0.00236782,0.979736]],[[0.979185,-0.0331571,-0.200245],[-0.00672367,0.980727,-0.195269],[0.20286,0.192551,0.960089]],[[0.979185,-0.0331571,-0.200245],[-0.0368486,0.941133,-0.336023],[0.199599,0.336407,0.920321]]],"btipPosition":[-28.2436,303.358,-60.2144],"carpPosition":[3.49044,302.363,88.0401],"dipPosition":[-24.9177,308.964,-44.8793],"direction":[-0.20286,-0.192551,-0.960089],"extended":true,"handId":970,"id":9701,"length":57.352,"mcpPosition":[-11.7444,313.403,18.8022],"pipPosition":[-20.1359,313.503,-22.2479],"stabilizedTipPosition":[-25.1223,298.384,-51.4996],"timeVisible":4.89885,"tipPosition":[-27.1805,304.867,-56.6737],"tipVelocity":[-61.66,162.092,-155.573],"tool":false,"touchDistance":0.0209431,"touchZone":"hovering","type":1,"width":18.8641},{"bases":[[[0.969803,-0.218555,-0.10824],[0.23143,0.964702,0.12566],[0.0769558,-0.146915,0.986151]],[[0.971796,-0.223226,-0.0760473],[0.0935795,0.661025,-0.744506],[0.216462,0.716391,0.66327]],[[0.971796,-0.223226,-0.0760473],[-0.153109,-0.351967,-0.923405],[0.179362,0.909005,-0.376218]],[[0.971796,-0.223226,-0.0760473],[-0.228287,-0.809602,-0.540767],[0.0591452,0.542876,-0.837728]]],"btipPosition":[-6.41242,244.895,12.627],"carpPosition":[15.0572,303.733,85.1181],"dipPosition":[-5.32847,254.844,-2.72596],"direction":[-0.179362,-0.909005,0.376218],"extended":false,"handId":970,"id":9702,"length":65.348,"mcpPosition":[9.82103,313.729,18.0192],"pipPosition":[-0.354303,280.054,-13.1595],"stabilizedTipPosition":[2.02412,232.578,22.0443],"timeVisible":4.89885,"tipPosition":[-6.03756,247.331,10.2502],"tipVelocity":[-69.9321,154.879,-184.733],"tool":false,"touchDistance":0.333333,"touchZone":"none","type":2,"width":18.527},{"bases":[[[0.950333,-0.309889,0.0288972],[0.302462,0.941447,0.148978],[-0.0733719,-0.132838,0.988418]],[[0.948664,-0.3125,0.048781],[0.244411,0.626425,-0.740172],[0.200746,0.714098,0.670646]],[[0.948664,-0.3125,0.048781],[-0.0668164,-0.348762,-0.934826],[0.309146,0.883577,-0.351738]],[[0.948664,-0.3125,0.048781],[-0.22886,-0.784686,-0.5761],[0.218309,0.535362,-0.815922]]],"btipPosition":[10.1661,245.465,17.9144],"carpPosition":[26.7611,302.092,83.149],"dipPosition":[14.1441,255.22,3.04698],"direction":[-0.309146,-0.883577,0.351738],"extended":false,"handId":970,"id":9703,"length":62.8339,"mcpPosition":[31.2433,310.207,22.7669],"pipPosition":[22.4961,279.091,-6.45572],"stabilizedTipPosition":[24.0591,228.719,32.2791],"timeVisible":4.89885,"tipPosition":[11.0483,247.915,16.401],"tipVelocity":[-63.6603,145.241,-209.107],"tool":false,"touchDistance":0.333333,"touchZone":"none","type":3,"width":17.6296},{"bases":[[[0.872328,-0.474447,0.118086],[0.438913,0.866328,0.238394],[-0.215407,-0.156128,0.963963]],[[0.850954,-0.485964,0.19929],[0.470673,0.537125,-0.699974],[0.233119,0.689446,0.685799]],[[0.850954,-0.485964,0.19929],[0.00345587,-0.374238,-0.927326],[0.525229,0.789801,-0.316779]],[[0.850954,-0.485964,0.19929],[-0.286828,-0.747803,-0.598765],[0.440008,0.45236,-0.775734]]],"btipPosition":[24.4154,255.938,23.4831],"carpPosition":[37.6882,293.553,82.5617],"dipPosition":[31.812,263.542,10.4429],"direction":[-0.525229,-0.789801,0.316779],"extended":false,"handId":970,"id":9704,"length":49.2606,"mcpPosition":[49.8695,302.382,28.0495],"pipPosition":[41.8306,278.607,4.40039],"stabilizedTipPosition":[37.9473,238.877,36.8572],"timeVisible":4.89885,"tipPosition":[25.9353,257.939,21.9731],"tipVelocity":[-50.4396,142.574,-205.293],"tool":false,"touchDistance":0.333333,"touchZone":"none","type":4,"width":15.66}],"r":[[0.991959,0.0545667,-0.114193],[-0.0718718,0.985549,-0.153387],[0.104173,0.160361,0.981546]],"s":0.798161,"t":[13.1745,-17.0554,-9.6998],"timestamp":669308227149},false],[2,{"currentFrameRate":55.2663,"devices":[],"gestures":[],"hands":[{"armBasis":[[0.946793,-0.121485,-0.298033],[0.0787643,0.985326,-0.151422],[0.312055,0.119891,0.942469]],"armWidth":62.1429,"confidence":0.603751,"direction":[-0.0464228,0.300989,-0.952497],"elbow":[105.968,323.604,336.061],"grabStrength":0,"id":970,"palmNormal":[-0.110139,-0.949254,-0.294596],"palmPosition":[13.509,304.565,37.0639],"palmVelocity":[-15.0969,135.921,-160.432],"palmWidth":88.738,"pinchStrength":0.935281,"r":[[0.99162,0.0475015,-0.120142],[-0.0654144,0.986541,-0.149857],[0.111407,0.15646,0.981381]],"s":0.794683,"sphereCenter":[3.14353,266.454,6.55383],"sphereRadius":45.3562,"stabilizedPalmPosition":[18.1862,289.491,48.09],"t":[12.9243,-14.5761,-12.6431],"timeVisible":4.91728,"type":"right","wrist":[23.7986,292.035,87.8929]}],"id":4960583,"interactionBox":{"center":[0,200,0],"size":[235.247,235.247,147.751]},"pointables":[{"bases":[[[0.488965,0.87106,0.0465598],[-0.731652,0.380476,0.565618],[0.474972,-0.310633,0.823352]],[[0.36842,0.918827,-0.141502],[-0.857377,0.39466,0.330375],[0.359403,-0.000396132,0.933182]],[[0.36842,0.918827,-0.141502],[-0.922823,0.343025,-0.175306],[-0.112537,0.195168,0.974292]],[[0.36842,0.918827,-0.141502],[-0.899492,0.313852,-0.30399],[-0.234904,0.239277,0.942108]]],"btipPosition":[-13.2027,271.637,-9.21366],"carpPosition":[-4.80975,283.568,90.1156],"dipPosition":[-18.5642,277.098,12.2893],"direction":[0.112537,-0.195168,-0.974292],"extended":false,"handId":970,"id":9700,"length":50.8265,"mcpPosition":[-4.80975,283.568,90.1156],"pipPosition":[-22.3063,283.588,44.6863],"stabilizedTipPosition":[-10.2247,262.197,4.3153],"timeVisible":4.91728,"tipPosition":[-14.3018,273.03,-4.26189],"tipVelocity":[-48.9857,155.015,-153.305],"tool":false,"touchDistance":-0.168008,"touchZone":"touching","type":0,"width":19.7488},{"bases":[[[0.970942,-0.039399,-0.236047],[0.0774035,0.985039,0.153972],[0.22645,-0.167769,0.959466]],[[0.975167,-0.0426575,-0.217325],[0.0457939,0.998907,0.00941385],[0.216686,-0.0191322,0.976054]],[[0.975167,-0.0426575,-0.217325],[0.00341819,0.984058,-0.177817],[0.221446,0.172658,0.959766]],[[0.975167,-0.0426575,-0.217325],[-0.0290483,0.948163,-0.316453],[0.219559,0.314907,0.923378]]],"btipPosition":[-29.5894,307.615,-62.56],"carpPosition":[4.61543,304.093,85.1861],"dipPosition":[-25.9309,312.862,-47.1739],"direction":[-0.221446,-0.172658,-0.959766],"extended":true,"handId":970,"id":9701,"length":57.352,"mcpPosition":[-11.632,316.131,16.3456],"pipPosition":[-20.711,316.932,-24.5502],"stabilizedTipPosition":[-25.1223,298.384,-51.4996],"timeVisible":4.91728,"tipPosition":[-28.4662,308.882,-58.9863],"tipVelocity":[-65.1324,193.117,-141.627],"tool":false,"touchDistance":-0.0679549,"touchZone":"hovering","type":1,"width":18.8641},{"bases":[[[0.965093,-0.229047,-0.127017],[0.245391,0.960274,0.132877],[0.0915359,-0.159407,0.98296]],[[0.967578,-0.234158,-0.0946696],[0.0919427,0.675651,-0.731465],[0.235242,0.699046,0.675275]],[[0.967578,-0.234158,-0.0946696],[-0.169458,-0.323912,-0.930787],[0.187287,0.916652,-0.35309]],[[0.967578,-0.234158,-0.0946696],[-0.246185,-0.790597,-0.56067],[0.0564399,0.565798,-0.82261]]],"btipPosition":[-7.36666,247.552,8.32962],"carpPosition":[16.148,305.357,82.0864],"dipPosition":[-6.33229,257.922,-6.74627],"direction":[-0.187287,-0.916652,0.35309],"extended":false,"handId":970,"id":9702,"length":65.348,"mcpPosition":[9.91979,316.203,15.2046],"pipPosition":[-1.13834,283.343,-16.5384],"stabilizedTipPosition":[1.23596,234.072,20.5648],"timeVisible":4.91728,"tipPosition":[-6.96548,250.075,6.17066],"tipVelocity":[-61.4815,152.247,-206.399],"tool":false,"touchDistance":0.333333,"touchZone":"none","type":2,"width":18.527},{"bases":[[[0.946781,-0.321742,0.00936538],[0.316509,0.935885,0.154729],[-0.0585478,-0.14353,0.987913]],[[0.945403,-0.32458,0.0293517],[0.24172,0.637938,-0.731168],[0.218598,0.698343,0.681566]],[[0.945403,-0.32458,0.0293517],[-0.0821305,-0.324436,-0.942335],[0.315386,0.888476,-0.333381]],[[0.945403,-0.32458,0.0293517],[-0.244885,-0.766915,-0.593188],[0.215047,0.553614,-0.804529]]],"btipPosition":[9.40874,247.845,13.5191],"carpPosition":[27.7963,303.597,79.9023],"dipPosition":[13.3272,257.932,-1.14065],"direction":[-0.315386,-0.888476,0.333381],"extended":false,"handId":970,"id":9703,"length":62.8339,"mcpPosition":[31.373,312.365,19.551],"pipPosition":[21.8478,281.936,-10.1474],"stabilizedTipPosition":[23.5601,229.497,31.476],"timeVisible":4.91728,"tipPosition":[10.3135,250.354,12.0638],"tipVelocity":[-53.1446,139.475,-222.006],"tool":false,"touchDistance":0.333333,"touchZone":"none","type":3,"width":17.6296},{"bases":[[[0.868243,-0.486375,0.0979472],[0.45349,0.858068,0.24097],[-0.201247,-0.164802,0.965577]],[[0.851886,-0.496787,0.165809],[0.457507,0.551804,-0.69728],[0.254906,0.669862,0.697358]],[[0.851886,-0.496787,0.165809],[-0.0220616,-0.350352,-0.936358],[0.523262,0.794013,-0.30942]],[[0.851886,-0.496787,0.165809],[-0.308223,-0.731522,-0.608172],[0.423425,0.466988,-0.776295]]],"btipPosition":[24.0972,258.158,19.3337],"carpPosition":[38.6058,294.934,79.0332],"dipPosition":[31.2151,266.008,6.28408],"direction":[-0.523262,-0.794013,0.30942],"extended":false,"handId":970,"id":9704,"length":49.2606,"mcpPosition":[49.9863,304.253,24.4297],"pipPosition":[41.1962,281.154,0.38198],"stabilizedTipPosition":[37.5581,239.549,36.2031],"timeVisible":4.91728,"tipPosition":[25.5225,260.18,17.8072],"tipVelocity":[-36.131,133.392,-214.907],"tool":false,"touchDistance":0.333333,"touchZone":"none","type":4,"width":15.66}],"r":[[0.99162,0.0475015,-0.120142],[-0.0654144,0.986541,-0.149857],[0.111407,0.15646,0.981381]],"s":0.794683,"t":[12.9243,-14.5761,-12.6431],"timestamp":669308245580},false],[3,{"currentFrameRate":55.3354,"devices":[],"gestures":[],"hands":[{"armBasis":[[0.954714,-0.112815,-0.275305],[0.0768756,0.987438,-0.138043],[0.28742,0.110627,0.951394]],"armWidth":62.1429,"confidence":0.577176,"direction":[-0.0559694,0.30646,-0.950237],"elbow":[99.5799,323.065,334.507],"grabStrength":0,"id":970,"palmNormal":[-0.111744,-0.947672,-0.299051],"palmPosition":[13.1029,306.746,33.3344],"palmVelocity":[-18.7088,129.53,-183.353],"palmWidth":88.738,"pinchStrength":0.944526,"r":[[0.991031,0.0422736,-0.126766],[-0.0607686,0.987448,-0.145785],[0.119012,0.152181,0.981161]],"s":0.791786,"sphereCenter":[2.16535,268.927,2.70948],"sphereRadius":45.3722,"stabilizedPalmPosition":[17.4747,291.906,46.0246],"t":[12.5961,-12.2456,-15.9795],"timeVisible":4.93511,"type":"right","wrist":[23.897,293.935,83.9883]}],"id":4960584,"interactionBox":{"center":[0,200,0],"size":[235.247,235.247,147.751]},"pointables":[{"bases":[[[0.488268,0.871431,0.046934],[-0.726668,0.376197,0.574831],[0.483269,-0.314777,0.816925]],[[0.365939,0.920114,-0.139568],[-0.855191,0.39162,0.339531],[0.367065,-0.00489028,0.930182]],[[0.365939,0.920114,-0.139568],[-0.924214,0.34171,-0.170477],[-0.109167,0.191375,0.975427]],[[0.365939,0.920114,-0.139568],[-0.901376,0.313112,-0.299134],[-0.231537,0.235268,0.943949]]],"btipPosition":[-13.6325,273.922,-12.8266],"carpPosition":[-4.67768,285.417,86.4364],"dipPosition":[-18.9172,279.292,8.71847],"direction":[0.109167,-0.191375,-0.975427],"extended":false,"handId":970,"id":9700,"length":50.8265,"mcpPosition":[-4.67768,285.417,86.4364],"pipPosition":[-22.5472,285.655,41.1531],"stabilizedTipPosition":[-11.3401,265.323,1.3752],"timeVisible":4.93511,"tipPosition":[-14.8561,275.329,-7.87712],"tipVelocity":[-36.8089,141.819,-176.248],"tool":false,"touchDistance":-0.228062,"touchZone":"touching","type":0,"width":19.7488},{"bases":[[[0.968677,-0.0367206,-0.245593],[0.0776118,0.98423,0.158959],[0.235883,-0.173041,0.956251]],[[0.973088,-0.0400838,-0.226922],[0.0453896,0.998803,0.0182099],[0.225921,-0.0280198,0.973743]],[[0.973088,-0.0400838,-0.226922],[0.00203501,0.986211,-0.165479],[0.230426,0.160564,0.959752]],[[0.973088,-0.0400838,-0.226922],[-0.0311773,0.952799,-0.301998],[0.228317,0.300945,0.925907]]],"btipPosition":[-30.953,310.773,-65.9241],"carpPosition":[4.6732,305.983,81.5362],"dipPosition":[-27.1486,315.788,-50.496],"direction":[-0.230426,-0.160564,-0.959752],"extended":true,"handId":970,"id":9701,"length":57.352,"mcpPosition":[-12.2511,318.399,12.9264],"pipPosition":[-21.717,319.573,-27.8725],"stabilizedTipPosition":[-26.5509,302.288,-54.6349],"timeVisible":4.93511,"tipPosition":[-29.8234,311.826,-62.3188],"tipVelocity":[-69.5809,184.17,-163.5],"tool":false,"touchDistance":-0.125405,"touchZone":"hovering","type":1,"width":18.8641},{"bases":[[[0.964121,-0.227007,-0.137618],[0.245421,0.959814,0.136106],[0.101191,-0.164997,0.981089]],[[0.966959,-0.232384,-0.10482],[0.0856714,0.683473,-0.724931],[0.240104,0.691999,0.680799]],[[0.966959,-0.232384,-0.10482],[-0.175617,-0.30916,-0.934654],[0.184792,0.922181,-0.339756]],[[0.966959,-0.232384,-0.10482],[-0.249727,-0.780803,-0.572698],[0.0512418,0.579952,-0.813038]]],"btipPosition":[-8.06191,249.775,3.89889],"carpPosition":[16.1738,307.281,78.3333],"dipPosition":[-7.1228,260.404,-11.0016],"direction":[-0.184792,-0.922181,0.339756],"extended":false,"handId":970,"id":9702,"length":65.348,"mcpPosition":[9.28864,318.507,11.5787],"pipPosition":[-1.99803,285.978,-20.4239],"stabilizedTipPosition":[0.630485,235.282,19.2252],"timeVisible":4.93511,"tipPosition":[-7.66233,252.363,1.82042],"tipVelocity":[-51.4731,140.819,-225.128],"tool":false,"touchDistance":0.333333,"touchZone":"none","type":2,"width":18.527},{"bases":[[[0.947241,-0.320518,-0.00160896],[0.316776,0.935394,0.157132],[-0.0488585,-0.149351,0.987576]],[[0.946054,-0.323483,0.0184332],[0.234833,0.645368,-0.726879],[0.223237,0.691996,0.686518]],[[0.946054,-0.323483,0.0184332],[-0.0876369,-0.310243,-0.946609],[0.311931,0.893928,-0.321856]],[[0.946054,-0.323483,0.0184332],[-0.247096,-0.757115,-0.604749],[0.209582,0.56757,-0.796203]]],"btipPosition":[8.81413,250.027,8.98567],"carpPosition":[27.8028,305.549,76.0271],"dipPosition":[12.633,260.369,-5.52241],"direction":[-0.311931,-0.893928,0.321856],"extended":false,"handId":970,"id":9703,"length":62.8339,"mcpPosition":[30.7876,314.673,15.6964],"pipPosition":[21.0603,284.52,-14.2178],"stabilizedTipPosition":[23.1587,230.16,30.7283],"timeVisible":4.93511,"tipPosition":[9.72234,252.605,7.53116],"tipVelocity":[-44.4301,132.973,-236.245],"tool":false,"touchDistance":0.333333,"touchZone":"none","type":3,"width":17.6296},{"bases":[[[0.869771,-0.485768,0.0867626],[0.454681,0.857261,0.241597],[-0.191738,-0.170685,0.96649]],[[0.856395,-0.49531,0.145794],[0.444285,0.56306,-0.696832],[0.263057,0.661537,0.702261]],[[0.856395,-0.49531,0.145794],[-0.0341211,-0.336044,-0.941228],[0.515193,0.801088,-0.304687]],[[0.856395,-0.49531,0.145794],[-0.313771,-0.723504,-0.61489],[0.410044,0.480843,-0.775019]]],"btipPosition":[23.6661,260.381,14.9719],"carpPosition":[38.6146,296.905,75.0037],"dipPosition":[30.559,268.464,1.94365],"direction":[-0.515193,-0.801088,0.304687],"extended":false,"handId":970,"id":9704,"length":49.2606,"mcpPosition":[49.4574,306.557,20.3486],"pipPosition":[40.3861,283.745,-3.86817],"stabilizedTipPosition":[37.2452,240.126,35.5872],"timeVisible":4.93511,"tipPosition":[25.0375,262.455,13.4297],"tipVelocity":[-31.8703,130.706,-228.749],"tool":false,"touchDistance":0.333333,"touchZone":"none","type":4,"width":15.66}],"r":[[0.991031,0.0422736,-0.126766],[-0.0607686,0.987448,-0.145785],[0.119012,0.152181,0.981161]],"s":0.791786,"t":[12.5961,-12.2456,-15.9795],"timestamp":669308263413},false],[4,{"currentFrameRate":55.3573,"devices":[],"gestures":[],"hands":[{"armBasis":[[0.949799,-0.125962,-0.286383],[0.0914581,0.987172,-0.130871],[0.299194,0.0981087,0.949135]],"armWidth":62.1429,"confidence":0.5645,"direction":[-0.0560467,0.305702,-0.950476],"elbow":[102.351,321.677,331.83],"grabStrength":0,"id":970,"palmNormal":[-0.126848,-0.946439,-0.296924],"palmPosition":[12.7194,308.728,31.2819],"palmVelocity":[-19.9435,120.344,-150.556],"palmWidth":88.738,"pinchStrength":0.949416,"r":[[0.990487,0.0352064,-0.133028],[-0.0543094,0.988257,-0.142825],[0.126438,0.148691,0.980767]],"s":0.79005,"sphereCenter":[0.68473,271.232,0.772766],"sphereRadius":45.3998,"stabilizedPalmPosition":[16.8367,294.163,44.0467],"t":[12.2403,-10.0897,-18.6739],"timeVisible":4.9531,"type":"right","wrist":[23.5677,295.843,81.9057]}],"id":4960585,"interactionBox":{"center":[0,200,0],"size":[235.247,235.247,147.751]},"pointables":[{"bases":[[[0.501029,0.864354,0.0431585],[-0.718416,0.387594,0.577624],[0.482543,-0.320412,0.815161]],[[0.378565,0.914493,-0.142799],[-0.848493,0.404523,0.341206],[0.369796,-0.00800457,0.929079]],[[0.378565,0.914493,-0.142799],[-0.919647,0.354205,-0.16967],[-0.104582,0.195556,0.9751]],[[0.378565,0.914493,-0.142799],[-0.898866,0.326443,-0.292362],[-0.220747,0.239035,0.945586]]],"btipPosition":[-14.6016,276.175,-14.7326],"carpPosition":[-5.11514,287.744,84.5032],"dipPosition":[-19.6401,281.631,6.84985],"direction":[0.104582,-0.195556,-0.9751],"extended":false,"handId":970,"id":9700,"length":50.8265,"mcpPosition":[-5.11514,287.744,84.5032],"pipPosition":[-23.1176,288.133,39.2736],"stabilizedTipPosition":[-12.4294,268.307,-1.37081],"timeVisible":4.9531,"tipPosition":[-15.8111,277.613,-9.76101],"tipVelocity":[-43.3989,134.488,-142.733],"tool":false,"touchDistance":-0.259685,"touchZone":"touching","type":0,"width":19.7488},{"bases":[[[0.966868,-0.0511211,-0.250106],[0.0925827,0.98326,0.156933],[0.237896,-0.174889,0.955416]],[[0.971295,-0.0544998,-0.231549],[0.0612331,0.997881,0.0219873],[0.22986,-0.0355346,0.972575]],[[0.971295,-0.0544998,-0.231549],[0.018012,0.987456,-0.156862],[0.237193,0.148189,0.960093]],[[0.971295,-0.0544998,-0.231549],[-0.0155182,0.95681,-0.2903],[0.237369,0.285561,0.928499]]],"btipPosition":[-31.7375,313.95,-67.8785],"carpPosition":[4.50863,308.164,79.5243],"dipPosition":[-27.7822,318.708,-52.4071],"direction":[-0.237193,-0.148189,-0.960093],"extended":true,"handId":970,"id":9701,"length":57.352,"mcpPosition":[-12.5601,320.712,10.9744],"pipPosition":[-22.1911,322.201,-29.7756],"stabilizedTipPosition":[-28.2094,307.235,-58.3906],"timeVisible":4.9531,"tipPosition":[-30.6059,314.713,-64.2302],"tipVelocity":[-56.3668,179.024,-137.261],"tool":false,"touchDistance":-0.161328,"touchZone":"touching","type":1,"width":18.8641},{"bases":[[[0.960075,-0.241147,-0.14179],[0.259911,0.956384,0.133328],[0.103454,-0.164858,0.980877]],[[0.963035,-0.246607,-0.108393],[0.0937913,0.68417,-0.723267],[0.252522,0.686365,0.682009]],[[0.963035,-0.246607,-0.108393],[-0.181915,-0.298611,-0.936877],[0.198673,0.921963,-0.332434]],[[0.963035,-0.246607,-0.108393],[-0.262726,-0.77099,-0.580128],[0.059494,0.587161,-0.807281]]],"btipPosition":[-9.49822,251.914,1.47946],"carpPosition":[16.0114,309.29,76.2648],"dipPosition":[-8.40788,262.674,-13.3155],"direction":[-0.198673,-0.921963,0.332434],"extended":false,"handId":970,"id":9702,"length":65.348,"mcpPosition":[8.97228,320.507,9.52473],"pipPosition":[-2.89814,288.243,-22.5348],"stabilizedTipPosition":[0.020346,236.462,17.9189],"timeVisible":4.9531,"tipPosition":[-9.04648,254.547,-0.534824],"tipVelocity":[-63.9926,131.234,-181.569],"tool":false,"touchDistance":0.333333,"touchZone":"none","type":2,"width":18.527},{"bases":[[[0.942491,-0.334184,-0.00554544],[0.331005,0.930968,0.154057],[-0.046321,-0.147033,0.988046]],[[0.941365,-0.337082,0.0143859],[0.241556,0.643595,-0.726248],[0.235547,0.68714,0.687282]],[[0.941365,-0.337082,0.0143859],[-0.0936189,-0.301937,-0.94872],[0.32414,0.891745,-0.315791]],[[0.941365,-0.337082,0.0143859],[-0.258488,-0.747967,-0.611334],[0.21683,0.57177,-0.791242]]],"btipPosition":[7.4611,251.917,6.54891],"carpPosition":[27.6031,307.387,73.9066],"dipPosition":[11.4121,262.336,-7.86875],"direction":[-0.32414,-0.891745,0.315791],"extended":false,"handId":970,"id":9703,"length":62.8339,"mcpPosition":[30.4328,316.369,13.5472],"pipPosition":[20.1692,286.428,-16.4003],"stabilizedTipPosition":[22.7475,230.832,29.9638],"timeVisible":4.9531,"tipPosition":[8.41751,254.531,5.0879],"tipVelocity":[-58.2087,120.224,-187.969],"tool":false,"touchDistance":0.333333,"touchZone":"none","type":3,"width":17.6296},{"bases":[[[0.863062,-0.498154,0.0834694],[0.468166,0.850985,0.238002],[-0.189593,-0.166333,0.967671]],[[0.851816,-0.50626,0.134572],[0.444036,0.561517,-0.698234],[0.277923,0.654522,0.703107]],[[0.851816,-0.50626,0.134572],[-0.0452875,-0.327104,-0.943902],[0.521879,0.797937,-0.30156]],[[0.851816,-0.50626,0.134572],[-0.326282,-0.713737,-0.619773],[0.409816,0.484025,-0.773157]]],"btipPosition":[22.5777,262.064,12.6279],"carpPosition":[38.2839,298.586,72.8467],"dipPosition":[29.4667,270.201,-0.369012],"direction":[-0.521879,-0.797937,0.30156],"extended":false,"handId":970,"id":9704,"length":49.2606,"mcpPosition":[49.0054,307.992,18.1248],"pipPosition":[39.4214,285.421,-6.12118],"stabilizedTipPosition":[36.9405,240.68,34.9829],"timeVisible":4.9531,"tipPosition":[23.9542,264.177,11.0825],"tipVelocity":[-45.4536,113.438,-181.938],"tool":false,"touchDistance":0.333333,"touchZone":"none","type":4,"width":15.66}],"r":[[0.990487,0.0352064,-0.133028],[-0.0543094,0.988257,-0.142825],[0.126438,0.148691,0.980767]],"s":0.79005,"t":[12.2403,-10.0897,-18.6739],"timestamp":669308281402},false],[5,{"currentFrameRate":55.3487,"devices":[],"gestures":[],"hands":[{"armBasis":[[0.950648,-0.129503,-0.281952],[0.0883398,0.98409,-0.15415],[0.297429,0.121635,0.946964]],"armWidth":62.1429,"confidence":0.569684,"direction":[-0.0663782,0.314857,-0.946815],"elbow":[102.71,328.689,329.565],"grabStrength":0,"id":970,"palmNormal":[-0.13236,-0.943301,-0.304409],"palmPosition":[12.9859,310.049,29.8429],"palmVelocity":[-3.45683,97.8454,-116.77],"palmWidth":88.738,"pinchStrength":0.951765,"r":[[0.989675,0.0294092,-0.140279],[-0.0490226,0.989151,-0.138483],[0.134685,0.14393,0.98038]],"s":0.789435,"sphereCenter":[0.17087,273.083,-0.881009],"sphereRadius":45.4306,"stabilizedPalmPosition":[16.3576,296.14,42.2795],"t":[12.1956,-8.35092,-20.7406],"timeVisible":4.9712,"type":"right","wrist":[24.3914,296.661,80.2127]}],"id":4960586,"interactionBox":{"center":[0,200,0],"size":[235.247,235.247,147.751]},"pointables":[{"bases":[[[0.503396,0.862855,0.0455517],[-0.710824,0.383575,0.589576],[0.491246,-0.329169,0.806428]],[[0.379058,0.914984,-0.138272],[-0.843634,0.403097,0.354675],[0.380259,-0.0177915,0.924709]],[[0.379058,0.914984,-0.138272],[-0.920611,0.357734,-0.156532],[-0.0937601,0.186629,0.977946]],[[0.379058,0.914984,-0.138272],[-0.901391,0.331291,-0.27882],[-0.209308,0.230326,0.950337]]],"btipPosition":[-14.8941,278,-16.1603],"carpPosition":[-4.27725,288.597,83.0658],"dipPosition":[-19.6714,283.257,5.53053],"direction":[0.0937601,-0.186629,-0.977946],"extended":false,"handId":970,"id":9700,"length":50.8265,"mcpPosition":[-4.27725,288.597,83.0658],"pipPosition":[-22.7891,289.463,38.0489],"stabilizedTipPosition":[-13.3228,271.04,-3.82797],"timeVisible":4.9712,"tipPosition":[-16.0584,279.384,-11.161],"tipVelocity":[-28.8654,117.291,-111.717],"tool":false,"touchDistance":-0.283065,"touchZone":"touching","type":0,"width":19.7488},{"bases":[[[0.963792,-0.0507571,-0.261781],[0.0965569,0.981525,0.165182],[0.24856,-0.184477,0.950887]],[[0.968403,-0.0543028,-0.243407],[0.0651121,0.997207,0.0365789],[0.240741,-0.0512719,0.969234]],[[0.968403,-0.0543028,-0.243407],[0.0210634,0.990328,-0.137135],[0.2485,0.127675,0.960181]],[[0.968403,-0.0543028,-0.243407],[-0.0132094,0.963468,-0.267498],[0.249041,0.262261,0.932308]]],"btipPosition":[-32.595,317.049,-68.8336],"carpPosition":[5.33311,309.044,78.1697],"dipPosition":[-28.4453,321.419,-53.2988],"direction":[-0.2485,-0.127675,-0.960181],"extended":true,"handId":970,"id":9701,"length":57.352,"mcpPosition":[-12.5008,322.28,9.94478],"pipPosition":[-22.5876,324.428,-30.6652],"stabilizedTipPosition":[-29.9286,312.656,-61.8328],"timeVisible":4.9712,"tipPosition":[-31.4483,317.517,-65.1504],"tipVelocity":[-50.9205,172.966,-96.6981],"tool":false,"touchDistance":-0.182552,"touchZone":"touching","type":1,"width":18.8641},{"bases":[[[0.957835,-0.241791,-0.155204],[0.263541,0.954525,0.139383],[0.114444,-0.174408,0.978]],[[0.961206,-0.247648,-0.121466],[0.0881526,0.693068,-0.715462],[0.261367,0.676999,0.688011]],[[0.961206,-0.247648,-0.121466],[-0.191559,-0.282477,-0.939953],[0.198467,0.926756,-0.318957]],[[0.961206,-0.247648,-0.121466],[-0.270462,-0.759713,-0.591343],[0.0541659,0.601254,-0.79722]]],"btipPosition":[-9.77,253.499,-0.64203],"carpPosition":[16.7998,310.176,74.7879],"dipPosition":[-8.7773,264.518,-15.2526],"direction":[-0.198467,-0.926756,0.318957],"extended":false,"handId":970,"id":9702,"length":65.348,"mcpPosition":[9.01291,322.043,8.24355],"pipPosition":[-3.27331,290.219,-24.0981],"stabilizedTipPosition":[-0.510624,237.549,16.7016],"timeVisible":4.9712,"tipPosition":[-9.32218,256.184,-2.60858],"tipVelocity":[-41.2912,112.043,-149.855],"tool":false,"touchDistance":0.333333,"touchZone":"none","type":2,"width":18.527},{"bases":[[[0.941626,-0.336085,-0.019654],[0.334814,0.928765,0.159044],[-0.0351983,-0.15634,0.987076]],[[0.94073,-0.339157,0.000172557],[0.235206,0.652031,-0.720787],[0.244347,0.678106,0.693157]],[[0.94073,-0.339157,0.000172557],[-0.103099,-0.286454,-0.952531],[0.323107,0.896056,-0.304443]],[[0.94073,-0.339157,0.000172557],[-0.265501,-0.736745,-0.621865],[0.211037,0.584961,-0.783124]]],"btipPosition":[7.28771,253.407,4.26852],"carpPosition":[28.3592,308.271,72.2774],"dipPosition":[11.1331,264.066,-10.0012],"direction":[-0.323107,-0.896056,0.304443],"extended":false,"handId":970,"id":9703,"length":62.8339,"mcpPosition":[30.5095,317.822,11.9773],"pipPosition":[19.8623,288.274,-18.2262],"stabilizedTipPosition":[22.3755,231.47,29.2244],"timeVisible":4.9712,"tipPosition":[8.24412,256.065,2.80098],"tipVelocity":[-35.7201,103.659,-157.608],"tool":false,"touchDistance":0.333333,"touchZone":"none","type":3,"width":17.6296},{"bases":[[[0.862872,-0.500729,0.0687148],[0.472762,0.8477,0.240627],[-0.178739,-0.175145,0.968182]],[[0.853524,-0.508403,0.114117],[0.4334,0.571131,-0.697118],[0.289242,0.644465,0.707817]],[[0.853524,-0.508403,0.114117],[-0.0580719,-0.310463,-0.94881],[0.517807,0.803205,-0.294512]],[[0.853524,-0.508403,0.114117],[-0.334038,-0.70198,-0.629001],[0.399894,0.498748,-0.768983]]],"btipPosition":[22.5417,263.434,10.3954],"carpPosition":[39.0076,299.459,71.0101],"dipPosition":[29.264,271.819,-2.53134],"direction":[-0.517807,-0.803205,0.294512],"extended":false,"handId":970,"id":9704,"length":49.2606,"mcpPosition":[49.1153,309.363,16.2593],"pipPosition":[39.1411,287.139,-8.14907],"stabilizedTipPosition":[36.6776,241.185,34.4192],"timeVisible":4.9712,"tipPosition":[23.9046,265.609,8.84567],"tipVelocity":[-25.7884,96.99,-153.656],"tool":false,"touchDistance":0.333333,"touchZone":"none","type":4,"width":15.66}],"r":[[0.989675,0.0294092,-0.140279],[-0.0490226,0.989151,-0.138483],[0.134685,0.14393,0.98038]],"s":0.789435,"t":[12.1956,-8.35092,-20.7406],"timestamp":669308299499},false],[6,{"currentFrameRate":55.3358,"devices":[],"gestures":[],"hands":[{"armBasis":[[0.9459,-0.150755,-0.287308],[0.110972,0.982417,-0.150138],[0.30489,0.110132,0.945998]],"armWidth":62.1429,"confidence":0.576733,"direction":[-0.0650416,0.296537,-0.952804],"elbow":[104.509,328.643,327.287],"grabStrength":0,"id":970,"palmNormal":[-0.15346,-0.94644,-0.28408],"palmPosition":[12.8239,312.223,27.6097],"palmVelocity":[-6.06766,108.373,-119.866],"palmWidth":88.738,"pinchStrength":0.958165,"r":[[0.9889,0.0201131,-0.147213],[-0.040831,0.989436,-0.139099],[0.14286,0.143566,0.979275]],"s":0.789569,"sphereCenter":[-1.60241,275.311,-2.24067],"sphereRadius":45.4511,"stabilizedPalmPosition":[15.9143,298.157,40.4393],"t":[12.0922,-6.39487,-22.8906],"timeVisible":4.98932,"type":"right","wrist":[24.2258,299.644,78.1886]}],"id":4960587,"interactionBox":{"center":[0,200,0],"size":[235.247,235.247,147.751]},"pointables":[{"bases":[[[0.521336,0.852983,0.0250837],[-0.699523,0.410338,0.585055],[0.488749,-0.322557,0.810605]],[[0.396992,0.903893,-0.159295],[-0.833986,0.427723,0.348597],[0.383229,-0.00553998,0.923637]],[[0.396992,0.903893,-0.159295],[-0.913653,0.372668,-0.162345],[-0.0873779,0.20999,0.973791]],[[0.396992,0.903893,-0.159295],[-0.895225,0.343065,-0.284392],[-0.202411,0.255507,0.945381]]],"btipPosition":[-15.7181,279.692,-17.5697],"carpPosition":[-4.58706,292.237,81.3529],"dipPosition":[-20.338,285.524,4.00803],"direction":[0.0873779,-0.20999,-0.973791],"extended":false,"handId":970,"id":9700,"length":50.8265,"mcpPosition":[-4.58706,292.237,81.3529],"pipPosition":[-23.2435,292.507,36.3883],"stabilizedTipPosition":[-14.236,273.679,-6.14638],"timeVisible":4.98932,"tipPosition":[-16.9235,281.243,-12.5995],"tipVelocity":[-35.8245,109.401,-96.2568],"tool":false,"touchDistance":-0.304623,"touchZone":"touching","type":0,"width":19.7488},{"bases":[[[0.961094,-0.0761379,-0.265522],[0.117693,0.982514,0.144271],[0.249895,-0.169908,0.953249]],[[0.965576,-0.0792858,-0.247742],[0.087906,0.995842,0.0239113],[0.244816,-0.0448661,0.968531]],[[0.965576,-0.0792858,-0.247742],[0.0445346,0.988741,-0.142857],[0.256279,0.126906,0.958236]],[[0.965576,-0.0792858,-0.247742],[0.0102566,0.963279,-0.268307],[0.259917,0.25653,0.930933]]],"btipPosition":[-33.1429,319.179,-71.0897],"carpPosition":[5.41629,312.375,75.9849],"dipPosition":[-28.812,323.454,-55.5778],"direction":[-0.256279,-0.126906,-0.958236],"extended":true,"handId":970,"id":9701,"length":57.352,"mcpPosition":[-12.5134,324.566,7.59046],"pipPosition":[-22.7709,326.445,-32.9901],"stabilizedTipPosition":[-31.0815,316.558,-64.7899],"timeVisible":4.98932,"tipPosition":[-31.9888,319.361,-67.3661],"tipVelocity":[-39.984,146.05,-110.086],"tool":false,"touchDistance":-0.220492,"touchZone":"touching","type":1,"width":18.8641},{"bases":[[[0.951779,-0.264765,-0.154972],[0.283941,0.951529,0.118198],[0.116166,-0.156501,0.980823]],[[0.955245,-0.270051,-0.120743],[0.0999939,0.678921,-0.727371],[0.278402,0.682744,0.675539]],[[0.955245,-0.270051,-0.120743],[-0.199982,-0.288774,-0.936278],[0.217976,0.918522,-0.329856]],[[0.955245,-0.270051,-0.120743],[-0.288358,-0.759001,-0.583753],[0.0659995,0.592445,-0.802903]]],"btipPosition":[-11.3603,255.423,-2.10675],"carpPosition":[16.8853,313.199,72.5225],"dipPosition":[-10.1508,266.281,-16.8215],"direction":[-0.217976,-0.918522,0.329856],"extended":false,"handId":970,"id":9702,"length":65.348,"mcpPosition":[8.98124,323.848,5.78614],"pipPosition":[-4.10572,291.754,-25.9692],"stabilizedTipPosition":[-1.1639,238.808,15.3302],"timeVisible":4.98932,"tipPosition":[-10.8426,258.111,-4.06957],"tipVelocity":[-62.1092,108.291,-117.643],"tool":false,"touchDistance":0.333333,"touchZone":"none","type":2,"width":18.527},{"bases":[[[0.934369,-0.355881,-0.017413],[0.354774,0.924707,0.13803],[-0.0330204,-0.135149,0.990275]],[[0.933515,-0.358529,0.00251977],[0.244853,0.632368,-0.734954],[0.261909,0.686708,0.678112]],[[0.933515,-0.358529,0.00251977],[-0.113549,-0.302304,-0.946424],[0.340082,0.883215,-0.322916]],[[0.933515,-0.358529,0.00251977],[-0.283524,-0.742488,-0.606898],[0.219462,0.565834,-0.794776]]],"btipPosition":[5.80711,255.165,3.15655],"carpPosition":[28.389,311.003,69.994],"dipPosition":[9.80605,265.476,-11.3255],"direction":[-0.340082,-0.883215,0.322916],"extended":false,"handId":970,"id":9703,"length":62.8339,"mcpPosition":[30.4062,319.259,9.4984],"pipPosition":[18.9938,289.337,-20.0495],"stabilizedTipPosition":[21.8773,232.3,28.2884],"timeVisible":4.98932,"tipPosition":[6.81231,257.776,1.58118],"tipVelocity":[-56.69,98.4021,-113.092],"tool":false,"touchDistance":0.333333,"touchZone":"none","type":3,"width":17.6296},{"bases":[[[0.852718,-0.516995,0.074752],[0.491463,0.8425,0.220584],[-0.177019,-0.151358,0.972499]],[[0.845141,-0.52252,0.112735],[0.438097,0.556236,-0.706168],[0.306279,0.6462,0.699012]],[[0.845141,-0.52252,0.112735],[-0.0659671,-0.31124,-0.948039],[0.530457,0.79379,-0.297511]],[[0.845141,-0.52252,0.112735],[-0.346415,-0.696001,-0.628951],[0.407103,0.492499,-0.769228]]],"btipPosition":[21.3331,264.803,8.36242],"carpPosition":[38.8462,301.947,68.8563],"dipPosition":[28.1766,273.082,-4.56845],"direction":[-0.530457,-0.79379,0.297511],"extended":false,"handId":970,"id":9704,"length":49.2606,"mcpPosition":[48.8566,310.507,13.8614],"pipPosition":[38.2949,288.223,-10.2434],"stabilizedTipPosition":[36.4066,241.687,33.8478],"timeVisible":4.98932,"tipPosition":[22.7432,267.028,6.87509],"tipVelocity":[-44.5363,86.1396,-133.96],"tool":false,"touchDistance":0.333333,"touchZone":"none","type":4,"width":15.66}],"r":[[0.9889,0.0201131,-0.147213],[-0.040831,0.989436,-0.139099],[0.14286,0.143566,0.979275]],"s":