{"sensorType":"Leap","data":[[0,{"currentFrameRate":55.261,"devices":[],"gestures":[],"hands":[{"armBasis":[[0.966353,-0.0459153,-0.253088],[0.00619861,0.98781,-0.155541],[0.257145,0.148738,0.954858]],"armWidth":63.72,"confidence":0.232172,"direction":[0.163135,0.625636,-0.762867],"elbow":[59.7381,328.977,334.24],"grabStrength":1,"id":968,"palmNormal":[0.169061,-0.779516,-0.603136],"palmPosition":[-7.56075,319.002,30.8523],"palmVelocity":[76.0761,177.693,-284.048],"palmWidth":90.99,"pinchStrength":0.89041,"r":[[0.998725,-0.0420312,0.0279762],[0.0399411,0.996641,0.0714875],[-0.030887,-0.0702789,0.997049]],"s":0.626393,"sphereCenter":[1.78207,303.675,-6.10606],"sphereRadius":42.4087,"stabilizedPalmPosition":[-17.971,293.317,83.6579],"t":[10.3642,48.0254,-110.466],"timeVisible":1.69926,"type":"right","wrist":[-9.69099,288.818,76.4283]}],"id":4960275,"interactionBox":{"center":[0,200,0],"size":[235.247,235.247,147.751]},"pointables":[{"bases":[[[0.271754,0.831607,0.484335],[-0.921541,0.079837,0.379985],[0.27733,-0.549597,0.788056]],[[0.146047,0.978038,0.148702],[-0.97312,0.114973,0.199547],[0.178067,-0.173848,0.968539]],[[0.146047,0.978038,0.148702],[-0.886738,0.196063,-0.418635],[-0.438595,-0.0707197,0.895898]],[[0.146047,0.978038,0.148702],[-0.618557,0.207587,-0.757823],[-0.772048,0.0186969,0.635289]]],"btipPosition":[-11.9993,288.038,-27.877],"carpPosition":[-36.1335,277.387,65.8844],"dipPosition":[-30.068,288.476,-13.009],"direction":[0.438595,0.0707197,-0.895898],"extended":false,"handId":968,"id":9680,"length":52.1164,"mcpPosition":[-36.1335,277.387,65.8844],"pipPosition":[-45.0222,286.065,17.5372],"stabilizedTipPosition":[-39.7977,271.337,13.3886],"timeVisible":1.69926,"tipPosition":[-15.0447,289.86,-24.3939],"tipVelocity":[348.374,483.203,-609.875],"tool":false,"touchDistance":-0.657203,"touchZone":"hovering","type":0,"width":20.25},{"bases":[[[0.985603,0.13519,0.101543],[-0.167545,0.861619,0.479104],[-0.0227216,-0.48922,0.871865]],[[0.957595,0.0266876,0.28688],[-0.235208,0.647471,0.724885],[-0.166401,-0.761623,0.626292]],[[0.957595,0.0266876,0.28688],[0.07795,0.93457,-0.347135],[-0.277373,0.354777,0.892859]],[[0.957595,0.0266876,0.28688],[0.28227,0.112696,-0.952693],[-0.0577553,0.993271,0.100384]]],"btipPosition":[-13.3424,342.737,-42.9522],"carpPosition":[-29.854,299.57,71.3934],"dipPosition":[-14.3292,359.708,-41.2371],"direction":[0.277373,-0.354777,-0.892859],"extended":false,"handId":968,"id":9681,"length":58.8075,"mcpPosition":[-28.1824,335.562,7.25066],"pipPosition":[-21.0334,368.283,-19.6564],"stabilizedTipPosition":[-14.4045,345.522,-42.3286],"timeVisible":1.69926,"tipPosition":[-13.7141,348.676,-42.6533],"tipVelocity":[472.156,635.246,-150.626],"tool":false,"touchDistance":0.277029,"touchZone":"hovering","type":1,"width":19.3428},{"bases":[[[0.987496,-0.0810272,0.135229],[0.00103708,0.861121,0.508399],[-0.157642,-0.501902,0.850437]],[[0.984689,-0.0895015,0.149588],[0.167592,0.722149,-0.671129],[-0.0479576,0.685923,0.726092]],[[0.984689,-0.0895015,0.149588],[0.133244,-0.166855,-0.976937],[0.112397,0.981911,-0.152375]],[[0.984689,-0.0895015,0.149588],[0.0704416,-0.580643,-0.811105],[0.159452,0.809224,-0.565448]]],"btipPosition":[-11.003,261.798,-6.44007],"carpPosition":[-18.1204,302.972,72.9323],"dipPosition":[-8.00657,277.005,-17.066],"direction":[-0.112397,-0.981911,0.152375],"extended":false,"handId":968,"id":9682,"length":67.0064,"mcpPosition":[-7.12199,337.988,13.599],"pipPosition":[-4.81041,304.927,-21.399],"stabilizedTipPosition":[-15.3481,257.122,2.90495],"timeVisible":1.69926,"tipPosition":[-10.4859,265.331,-7.63878],"tipVelocity":[240.526,316.221,-474.76],"tool":false,"touchDistance":0.333333,"touchZone":"none","type":2,"width":18.9972},{"bases":[[[0.950627,-0.218686,0.220191],[0.0665607,0.836693,0.543613],[-0.303113,-0.502117,0.809939]],[[0.958234,-0.205471,0.198919],[0.285243,0.736714,-0.613098],[-0.0205729,0.644232,0.764554]],[[0.958234,-0.205471,0.198919],[0.177009,-0.120196,-0.976842],[0.224622,0.971254,-0.0788054]],[[0.958234,-0.205471,0.198919],[0.0601103,-0.535316,-0.84251],[0.279596,0.819279,-0.500607]]],"btipPosition":[2.54155,263.624,0.98733],"carpPosition":[-5.91818,303.168,74.3454],"dipPosition":[7.76551,278.931,-8.36602],"direction":[-0.224622,-0.971254,0.0788054],"extended":false,"handId":968,"id":9683,"length":64.4285,"mcpPosition":[13.0688,334.621,23.6109],"pipPosition":[13.988,305.837,-10.5491],"stabilizedTipPosition":[-5.61135,255.091,12.4993],"timeVisible":1.69926,"tipPosition":[3.65426,267.459,0.137572],"tipVelocity":[224.261,348.112,-483.197],"tool":false,"touchDistance":0.333333,"touchZone":"none","type":3,"width":18.077},{"bases":[[[0.885003,-0.41055,0.219585],[0.186565,0.744824,0.640649],[-0.426571,-0.52601,0.735766]],[[0.857968,-0.441211,0.263103],[0.512442,0.770942,-0.378222],[-0.035962,0.459328,0.887539]],[[0.857968,-0.441211,0.263103],[0.295016,0.00390612,-0.955484],[0.420542,0.897395,0.133516]],[[0.857968,-0.441211,0.263103],[0.0510146,-0.43646,-0.898276],[0.511163,0.784115,-0.351961]]],"btipPosition":[15.485,279.433,3.7994],"carpPosition":[6.51477,296.242,74.3903],"dipPosition":[24.2959,292.949,-2.26728],"direction":[-0.420542,-0.897395,-0.133516],"extended":false,"handId":968,"id":9684,"length":50.5107,"mcpPosition":[31.2496,326.742,31.7268],"pipPosition":[32.5211,310.501,0.344128],"stabilizedTipPosition":[10.7081,271.804,15.4217],"timeVisible":1.69926,"tipPosition":[16.6162,282.289,6.17419],"tipVelocity":[243.215,388.689,-506.541],"tool":false,"touchDistance":0.0943376,"touchZone":"hovering","type":4,"width":16.0574}],"r":[[0.998725,-0.0420312,0.0279762],[0.0399411,0.996641,0.0714875],[-0.030887,-0.0702789,0.997049]],"s":0.626393,"t":[10.3642,48.0254,-110.466],"timestamp":669302659560},false],[1,{"currentFrameRate":55.321,"devices":[],"gestures":[],"hands":[{"armBasis":[[0.918731,-0.282458,-0.275955],[0.240028,0.954358,-0.177729],[0.313561,0.0970478,0.944596]],"armWidth":62.1429,"confidence":0.483773,"direction":[0.0736273,0.187518,-0.979498],"elbow":[88.7053,344.075,348.575],"grabStrength":0,"id":970,"palmNormal":[-0.229054,-0.952728,-0.19961],"palmPosition":[1.8359,326.159,47.2192],"palmVelocity":[-10.8412,22.1811,-73.4121],"palmWidth":88.738,"pinchStrength":1,"r":[[0.984774,-0.171323,-0.0294714],[0.159239,0.957015,-0.242417],[0.0697363,0.234033,0.969724]],"s":0.7745,"sphereCenter":[-24.0118,295.164,17.9817],"sphereRadius":47.1512,"stabilizedPalmPosition":[1.34256,317.54,53.3886],"t":[1.19573,9.12359,-4.11314],"timeVisible":1.15693,"type":"right","wrist":[6.13916,318.52,99.8462]}],"id":4960376,"interactionBox":{"center":[0,200,0],"size":[235.247,235.247,147.751]},"pointables":[{"bases":[[[0.609816,0.792541,-0.00165178],[-0.707451,0.545281,0.449645],[0.357263,-0.273032,0.893206]],[[0.509071,0.834462,-0.210996],[-0.82946,0.541081,0.138665],[0.229876,0.104422,0.967602]],[[0.509071,0.834462,-0.210996],[-0.836329,0.421601,-0.350437],[-0.203471,0.35486,0.91251]],[[0.509071,0.834462,-0.210996],[-0.82689,0.406083,-0.389035],[-0.238953,0.372517,0.896734]]],"btipPosition":[-22.4761,289.12,2.34164],"carpPosition":[-23.5049,314.506,100.256],"dipPosition":[-27.93,297.623,22.809],"direction":[0.203471,-0.35486,-0.91251],"extended":false,"handId":970,"id":9700,"length":50.8265,"mcpPosition":[-23.5049,314.506,100.256],"pipPosition":[-34.6958,309.422,53.1516],"stabilizedTipPosition":[-23.1641,277.011,9.1328],"timeVisible":1.15693,"tipPosition":[-23.4478,290.089,7.50671],"tipVelocity":[-18.2624,29.5404,-80.1515],"tool":false,"touchDistance":0.176559,"touchZone":"hovering","type":0,"width":19.7488},{"bases":[[[0.969208,-0.204176,-0.13765],[0.213111,0.975563,0.053488],[0.123366,-0.0811759,0.989036]],[[0.968119,-0.203475,-0.146095],[0.207129,0.978262,0.0100868],[0.140867,-0.0400258,0.989219]],[[0.968119,-0.203475,-0.146095],[0.189616,0.976401,-0.103375],[0.163682,0.0723774,0.983855]],[[0.968119,-0.203475,-0.146095],[0.173996,0.965819,-0.192145],[0.180199,0.160599,0.970431]]],"btipPosition":[-32.3485,335.87,-57.7159],"carpPosition":[-10.734,332.75,94.0552],"dipPosition":[-29.3459,338.546,-41.5459],"direction":[-0.163682,-0.0723774,-0.983854],"extended":true,"handId":970,"id":9701,"length":57.352,"mcpPosition":[-19.5853,338.575,23.0931],"pipPosition":[-25.4875,340.252,-18.3543],"stabilizedTipPosition":[-26.3141,329.095,-46.2623],"timeVisible":1.15693,"tipPosition":[-31.9202,335.417,-53.8594],"tipVelocity":[-40.7091,11.5734,-65.0783],"tool":false,"touchDistance":0.192517,"touchZone":"hovering","type":1,"width":18.8641},{"bases":[[[0.926338,-0.376564,-0.0098506],[0.376556,0.924981,0.0511476],[-0.0101487,-0.0510893,0.998643]],[[0.926059,-0.377329,0.00603742],[0.290741,0.703168,-0.648864],[0.24059,0.602642,0.76088]],[[0.926059,-0.377329,0.00603742],[-0.151,-0.385159,-0.910413],[0.345851,0.842185,-0.413657]],[[0.926059,-0.377329,0.00603742],[-0.350381,-0.865643,-0.357624],[0.140168,0.329066,-0.933846]]],"btipPosition":[-21.7167,277.752,16.8109],"carpPosition":[1.06253,331.991,91.9406],"dipPosition":[-19.1478,283.783,-0.303572],"direction":[-0.345851,-0.842185,0.413657],"extended":false,"handId":970,"id":9702,"length":65.348,"mcpPosition":[1.75306,335.467,23.9917],"pipPosition":[-9.55647,307.139,-11.7754],"stabilizedTipPosition":[-13.8351,278.639,46.1329],"timeVisible":1.15693,"tipPosition":[-20.9617,279.57,14.1917],"tipVelocity":[4.99965,6.10345,-69.0029],"tool":false,"touchDistance":0.333333,"touchZone":"none","type":2,"width":18.527},{"bases":[[[0.883708,-0.448628,0.133388],[0.441261,0.893613,0.0821216],[-0.156039,-0.0137127,0.987656]],[[0.879663,-0.448829,0.157306],[0.433092,0.619282,-0.65492],[0.196531,0.644237,0.739144]],[[0.879663,-0.448829,0.157306],[-0.0640498,-0.43954,-0.895936],[0.471265,0.778047,-0.415395]],[[0.879663,-0.448829,0.157306],[-0.36955,-0.853248,-0.367968],[0.299376,0.265556,-0.916436]]],"btipPosition":[-4.77285,275.262,26.4475],"carpPosition":[12.4453,328.355,91.069],"dipPosition":[0.682246,280.101,9.74863],"direction":[-0.471265,-0.778047,0.415395],"extended":false,"handId":970,"id":9703,"length":62.8339,"mcpPosition":[21.9777,329.192,30.7335],"pipPosition":[13.4141,301.121,-1.47383],"stabilizedTipPosition":[1.80343,278.315,53.9175],"timeVisible":1.15693,"tipPosition":[-3.37173,276.99,23.7171],"tipVelocity":[7.17033,13.1679,-73.6607],"tool":false,"touchDistance":0.333333,"touchZone":"none","type":3,"width":17.6296},{"bases":[[[0.774571,-0.588643,0.231387],[0.557808,0.808211,0.188801],[-0.298146,-0.0171703,0.954366]],[[0.781827,-0.588024,0.207302],[0.574836,0.551035,-0.604916],[0.241475,0.592104,0.768832]],[[0.781827,-0.588024,0.207302],[-0.06539,-0.40798,-0.910646],[0.620057,0.698412,-0.357421]],[[0.781827,-0.588024,0.207302],[-0.464917,-0.771354,-0.434585],[0.41545,0.243392,-0.876448]]],"btipPosition":[11.5787,281.351,33.2331],"carpPosition":[21.8567,318.212,92.164],"dipPosition":[18.5625,285.443,18.4998],"direction":[-0.620057,-0.698412,0.357421],"extended":false,"handId":970,"id":9704,"length":49.2606,"mcpPosition":[38.7169,319.183,38.1946],"pipPosition":[30.3899,298.765,11.6821],"stabilizedTipPosition":[16.4455,282.394,53.0343],"timeVisible":1.15693,"tipPosition":[13.3449,282.851,30.5972],"tipVelocity":[4.96166,23.4383,-77.29],"tool":false,"touchDistance":0.333333,"touchZone":"none","type":4,"width":15.66}],"r":[[0.984774,-0.171323,-0.0294714],[0.159239,0.957015,-0.242417],[0.0697363,0.234033,0.969724]],"s":0.7745,"t":[1.19573,9.12359,-4.11314],"timestamp":669304485225},false],[2,{"currentFrameRate":55.3285,"devices":[],"gestures":[],"hands":[{"armBasis":[[0.92124,-0.275619,-0.274502],[0.234678,0.956577,-0.172878],[0.310231,0.0948422,0.945918]],"armWidth":62.1429,"confidence":0.510442,"direction":[0.0638145,0.190572,-0.979597],"elbow":[88.0436,344.417,346.684],"grabStrength":0,"id":970,"palmNormal":[-0.227095,-0.953072,-0.200206],"palmPosition":[1.53396,327.213,45.0444],"palmVelocity":[-13.6364,39.3664,-95.7652],"palmWidth":88.738,"pinchStrength":1,"r":[[0.98594,-0.163401,-0.0349709],[0.150295,0.958612,-0.241813],[0.0730361,0.233157,0.969692]],"s":0.775422,"sphereCenter":[-24.5563,296.256,15.964],"sphereRadius":47.1802,"stabilizedPalmPosition":[1.34292,317.558,53.3731],"t":[0.947357,9.83737,-5.85953],"timeVisible":1.17498,"type":"right","wrist":[6.35433,319.443,97.6073]}],"id":4960377,"interactionBox":{"center":[0,200,0],"size":[235.247,235.247,147.751]},"pointables":[{"bases":[[[0.606614,0.794981,-0.00502312],[-0.705427,0.541171,0.457719],[0.366596,-0.274115,0.889083]],[[0.503897,0.837067,-0.213087],[-0.830346,0.537387,0.14745],[0.237936,0.102637,0.965843]],[[0.503897,0.837067,-0.213087],[-0.841038,0.41926,-0.34187],[-0.19683,0.351482,0.91527]],[[0.503897,0.837067,-0.213087],[-0.831941,0.403987,-0.380354],[-0.232297,0.368935,0.899958]]],"btipPosition":[-23.0047,290.204,0.285455],"carpPosition":[-23.2685,315.309,98.28],"dipPosition":[-28.3068,298.625,20.8264],"direction":[0.19683,-0.351482,-0.91527],"extended":false,"handId":970,"id":9700,"length":50.8265,"mcpPosition":[-23.2685,315.309,98.28],"pipPosition":[-34.8517,310.312,51.2607],"stabilizedTipPosition":[-23.1673,277.056,9.12036],"timeVisible":1.17498,"tipPosition":[-23.956,291.18,5.45138],"tipVelocity":[-22.5782,43.528,-95.7393],"tool":false,"touchDistance":0.142571,"touchZone":"hovering","type":0,"width":19.7488},{"bases":[[[0.968698,-0.199901,-0.147184],[0.209711,0.976254,0.0543027],[0.132833,-0.083469,0.987617]],[[0.967521,-0.199176,-0.155665],[0.203507,0.978997,0.0122348],[0.149958,-0.0435163,0.987734]],[[0.967521,-0.199176,-0.155665],[0.184858,0.977484,-0.101745],[0.172425,0.0696643,0.982556]],[[0.967521,-0.199176,-0.155665],[0.168355,0.967051,-0.190967],[0.188572,0.158558,0.969175]]],"btipPosition":[-33.6485,337.15,-59.5425],"carpPosition":[-10.6282,333.622,92.0131],"dipPosition":[-30.5064,339.792,-43.3934],"direction":[-0.172425,-0.0696643,-0.982556],"extended":true,"handId":970,"id":9701,"length":57.352,"mcpPosition":[-20.1588,339.61,21.1528],"pipPosition":[-26.4419,341.434,-20.2324],"stabilizedTipPosition":[-26.4081,329.218,-46.3983],"timeVisible":1.17498,"tipPosition":[-33.1766,336.702,-55.6961],"tipVelocity":[-54.7328,39.5381,-82.3536],"tool":false,"touchDistance":0.161994,"touchZone":"hovering","type":1,"width":18.8641},{"bases":[[[0.927699,-0.372819,-0.0194859],[0.373327,0.926335,0.0503076],[-0.000705185,-0.053945,0.998544]],[[0.927568,-0.373637,-0.00344612],[0.281476,0.70478,-0.651196],[0.24574,0.603059,0.758902]],[[0.927568,-0.373637,-0.00344612],[-0.157804,-0.38336,-0.910018],[0.338696,0.844648,-0.414554]],[[0.927568,-0.373637,-0.00344612],[-0.349942,-0.865436,-0.358555],[0.130987,0.33379,-0.933502]]],"btipPosition":[-22.146,278.696,14.7761],"carpPosition":[1.15117,332.916,89.7874],"dipPosition":[-19.7454,284.814,-2.3321],"direction":[-0.338696,-0.844648,0.414554],"extended":false,"handId":970,"id":9702,"length":65.348,"mcpPosition":[1.19915,336.586,21.8453],"pipPosition":[-10.3525,308.238,-13.8288],"stabilizedTipPosition":[-13.8363,278.639,46.1277],"timeVisible":1.17498,"tipPosition":[-21.4139,280.547,12.0675],"tipVelocity":[-9.68175,28.5664,-89.7279],"tool":false,"touchDistance":0.333333,"touchZone":"none","type":2,"width":18.527},{"bases":[[[0.886684,-0.445457,0.123934],[0.43844,0.89514,0.0805926],[-0.146839,-0.0171226,0.989012]],[[0.882854,-0.445742,0.147932],[0.4241,0.62133,-0.658854],[0.201764,0.644409,0.737582]],[[0.882854,-0.445742,0.147932],[-0.0706614,-0.437468,-0.896453],[0.464302,0.780984,-0.417717]],[[0.882854,-0.445742,0.147932],[-0.369014,-0.853211,-0.368592],[0.290514,0.270824,-0.917745]]],"btipPosition":[-5.11889,276.26,24.2506],"carpPosition":[12.5398,329.327,88.8004],"dipPosition":[0.174727,281.195,7.52787],"direction":[-0.464302,-0.780984,0.417717],"extended":false,"handId":970,"id":9703,"length":62.8339,"mcpPosition":[21.5101,330.373,28.3819],"pipPosition":[12.7185,302.294,-3.75733],"stabilizedTipPosition":[1.80241,278.315,53.9115],"timeVisible":1.17498,"tipPosition":[-3.73451,278.01,21.436],"tipVelocity":[-6.31102,33.7481,-96.6199],"tool":false,"touchDistance":0.333333,"touchZone":"none","type":3,"width":17.6296},{"bases":[[[0.779016,-0.586184,0.222537],[0.556308,0.809905,0.185946],[-0.289232,-0.0210558,0.957027]],[[0.785838,-0.585496,0.199131],[0.567981,0.55591,-0.606928],[0.244655,0.59005,0.769406]],[[0.785838,-0.585496,0.199131],[-0.0675784,-0.401363,-0.913423],[0.614729,0.704346,-0.354973]],[[0.785838,-0.585496,0.199131],[-0.462141,-0.769933,-0.440034],[0.410955,0.253769,-0.875624]]],"btipPosition":[11.2867,282.361,30.6176],"carpPosition":[22.0013,319.219,89.7794],"dipPosition":[18.1949,286.627,15.8982],"direction":[-0.614729,-0.704346,0.354973],"extended":false,"handId":970,"id":9704,"length":49.2606,"mcpPosition":[38.3574,320.41,35.6594],"pipPosition":[29.9207,300.062,9.12715],"stabilizedTipPosition":[16.4441,282.394,53.0241],"timeVisible":1.17498,"tipPosition":[13.0394,283.9,28.008],"tipVelocity":[-5.53064,39.9398,-109.307],"tool":false,"touchDistance":0.333333,"touchZone":"none","type":4,"width":15.66}],"r":[[0.98594,-0.163401,-0.0349709],[0.150295,0.958612,-0.241813],[0.0730361,0.233157,0.969692]],"s":0.775422,"t":[0.947357,9.83737,-5.85953],"timestamp":669304503273},false],[3,{"currentFrameRate":55.3139,"devices":[],"gestures":[],"hands":[{"armBasis":[[0.922353,-0.272351,-0.274027],[0.231808,0.957536,-0.171433],[0.309081,0.0945997,0.946319]],"armWidth":62.1429,"confidence":0.536359,"direction":[0.058627,0.192885,-0.979468],"elbow":[87.8256,344.782,345.576],"grabStrength":0,"id":970,"palmNormal":[-0.22604,-0.953108,-0.201223],"palmPosition":[1.34594,327.748,43.8726],"palmVelocity":[-12.0817,34.6973,-80.9404],"palmWidth":88.738,"pinchStrength":1,"r":[[0.986833,-0.156613,-0.0404001],[0.142489,0.960006,-0.241007],[0.0765292,0.232078,0.969682]],"s":0.776229,"sphereCenter":[-24.9003,296.846,14.8518],"sphereRadius":47.2115,"stabilizedPalmPosition":[1.34292,317.572,53.3601],"t":[0.72916,10.4622,-7.31858],"timeVisible":1.1931,"type":"right","wrist":[6.4393,319.872,96.3939]}],"id":4960378,"interactionBox":{"center":[0,200,0],"size":[235.247,235.247,147.751]},"pointables":[{"bases":[[[0.604888,0.796286,-0.00620573],[-0.704335,0.538642,0.46236],[0.371514,-0.275305,0.88667]],[[0.501184,0.838596,-0.213474],[-0.830773,0.535321,0.152469],[0.242137,0.100934,0.964978]],[[0.501184,0.838596,-0.213474],[-0.843531,0.418417,-0.336724],[-0.193054,0.348832,0.917086]],[[0.501184,0.838596,-0.213474],[-0.834991,0.403899,-0.373704],[-0.227164,0.365543,0.902649]]],"btipPosition":[-23.3545,290.817,-0.872374],"carpPosition":[-23.171,315.673,97.2019],"dipPosition":[-28.5393,299.16,19.73],"direction":[0.193054,-0.348832,-0.917086],"extended":false,"handId":970,"id":9700,"length":50.8265,"mcpPosition":[-23.171,315.673,97.2019],"pipPosition":[-34.9587,310.76,50.2247],"stabilizedTipPosition":[-23.1706,277.095,9.10762],"timeVisible":1.1931,"tipPosition":[-24.2761,291.79,4.3009],"tipVelocity":[-20.3053,38.4351,-80.1908],"tool":false,"touchDistance":0.123509,"touchZone":"hovering","type":0,"width":19.7488},{"bases":[[[0.968392,-0.1975,-0.152351],[0.207895,0.976578,0.0554592],[0.137829,-0.0853791,0.986769]],[[0.967151,-0.196747,-0.160968],[0.201689,0.979338,0.0147993],[0.15473,-0.0467785,0.986849]],[[0.967151,-0.196747,-0.160968],[0.182359,0.978146,-0.0998819],[0.177101,0.0672469,0.981893]],[[0.967151,-0.196747,-0.160968],[0.16531,0.967824,-0.189707],[0.193113,0.156866,0.968556]]],"btipPosition":[-34.365,337.914,-60.5174],"carpPosition":[-10.6005,334.027,90.9143],"dipPosition":[-31.1472,340.528,-44.3786],"direction":[-0.177101,-0.0672469,-0.981893],"extended":true,"handId":970,"id":9701,"length":57.352,"mcpPosition":[-20.4895,340.153,20.1148],"pipPosition":[-26.9726,342.113,-21.2332],"stabilizedTipPosition":[-26.5064,329.344,-46.54],"timeVisible":1.1931,"tipPosition":[-33.8644,337.472,-56.6798],"tipVelocity":[-47.0342,40.6183,-68.807],"tool":false,"touchDistance":0.145706,"touchZone":"hovering","type":1,"width":18.8641},{"bases":[[[0.928385,-0.370789,-0.0248411],[0.371595,0.927017,0.0505549],[0.00428293,-0.0561652,0.998412]],[[0.928332,-0.371653,-0.00860835],[0.276379,0.705469,-0.652631],[0.248625,0.603479,0.757627]],[[0.928332,-0.371653,-0.00860835],[-0.161024,-0.381126,-0.910392],[0.335069,0.846532,-0.413657]],[[0.928332,-0.371653,-0.00860835],[-0.349388,-0.864339,-0.361727],[0.126997,0.338811,-0.932244]]],"btipPosition":[-22.4291,279.119,13.6393],"carpPosition":[1.16937,333.351,88.6297],"dipPosition":[-20.1016,285.328,-3.44589],"direction":[-0.335069,-0.846532,0.413657],"extended":false,"handId":970,"id":9702,"length":65.348,"mcpPosition":[0.877955,337.173,20.6964],"pipPosition":[-10.8093,308.805,-14.9177],"stabilizedTipPosition":[-13.8373,278.64,46.1229],"timeVisible":1.1931,"tipPosition":[-21.7008,281.011,10.8594],"tipVelocity":[-12.9497,26.6216,-76.7227],"tool":false,"touchDistance":0.333333,"touchZone":"none","type":2,"width":18.527},{"bases":[[[0.888225,-0.443833,0.118614],[0.436922,0.895894,0.0804524],[-0.141973,-0.0196345,0.989676]],[[0.884495,-0.44418,0.142733],[0.419589,0.62356,-0.659634],[0.203994,0.643333,0.737909]],[[0.884495,-0.44418,0.142733],[-0.0734403,-0.434674,-0.897589],[0.460733,0.78343,-0.417087]],[[0.884495,-0.44418,0.142733],[-0.368347,-0.8526,-0.370667],[0.286337,0.275278,-0.917733]]],"btipPosition":[-5.31989,276.775,22.9573],"carpPosition":[12.5607,329.79,87.5791],"dipPosition":[-0.102368,281.791,6.2348],"direction":[-0.460733,-0.78343,0.417087],"extended":false,"handId":970,"id":9703,"length":62.8339,"mcpPosition":[21.2338,330.989,27.1201],"pipPosition":[12.345,302.957,-5.03338],"stabilizedTipPosition":[1.80146,278.315,53.9059],"timeVisible":1.1931,"tipPosition":[-3.94874,278.538,20.1209],"tipVelocity":[-9.04494,31.7042,-84.5799],"tool":false,"touchDistance":0.333333,"touchZone":"none","type":3,"width":17.6296},{"bases":[[[0.781339,-0.585008,0.217427],[0.555483,0.810678,0.185039],[-0.284513,-0.0238014,0.958377]],[[0.787852,-0.584281,0.194692],[0.564583,0.558916,-0.607337],[0.246039,0.588411,0.770218]],[[0.787852,-0.584281,0.194692],[-0.0682911,-0.39706,-0.915248],[0.612067,0.707784,-0.352726]],[[0.787852,-0.584281,0.194692],[-0.46044,-0.768761,-0.443849],[0.409004,0.260043,-0.874696]]],"btipPosition":[11.1026,282.882,29.1647],"carpPosition":[22.0483,319.699,88.4893],"dipPosition":[17.9781,287.254,14.4609],"direction":[-0.612067,-0.707784,0.352726],"extended":false,"handId":970,"id":9704,"length":49.2606,"mcpPosition":[38.1375,321.045,34.2931],"pipPosition":[29.6531,300.755,7.7328],"stabilizedTipPosition":[16.443,282.395,53.0155],"timeVisible":1.1931,"tipPosition":[12.8463,284.434,26.5625],"tipVelocity":[-7.92916,35.2441,-95.3231],"tool":false,"touchDistance":0.333333,"touchZone":"none","type":4,"width":15.66}],"r":[[0.986833,-0.156613,-0.0404001],[0.142489,0.960006,-0.241007],[0.0765292,0.232078,0.969682]],"s":0.776229,"t":[0.72916,10.4622,-7.31858],"timestamp":669304521402},false],[4,{"currentFrameRate":55.3331,"devices":[],"gestures":[],"hands":[{"armBasis":[[0.921236,-0.276708,-0.273418],[0.232051,0.955016,-0.184652],[0.312213,0.10666,0.944006]],"armWidth":62.1429,"confidence":0.544145,"direction":[0.0537391,0.200486,-0.978222],"elbow":[89.062,347.636,342.217],"grabStrength":0,"id":970,"palmNormal":[-0.228996,-0.951055,-0.207498],"palmPosition":[1.49058,327.85,41.2145],"palmVelocity":[-2.54964,20.9405,-112.542],"palmWidth":88.738,"pinchStrength":1,"r":[[0.987386,-0.151487,-0.0460488],[0.136357,0.961406,-0.238969],[0.0804724,0.229676,0.969935]],"s":0.777104,"sphereCenter":[-25.0593,297.279,12.0982],"sphereRadius":47.2392,"stabilizedPalmPosition":[1.34303,317.579,53.3514],"t":[0.692384,10.8257,-9.37721],"timeVisible":1.21111,"type":"right","wrist":[6.85077,319.551,93.6439]}],"id":4960379,"interactionBox":{"center":[0,200,0],"size":[235.247,235.247,147.751]},"pointables":[{"bases":[[[0.606413,0.795143,-0.00319929],[-0.700776,0.536337,0.470377],[0.375733,-0.283001,0.88246]],[[0.501958,0.839236,-0.209094],[-0.828822,0.535845,0.161009],[0.247166,0.0924822,0.96455]],[[0.501958,0.839236,-0.209094],[-0.844504,0.423406,-0.327933],[-0.186682,0.34119,0.921271]],[[0.501958,0.839236,-0.209094],[-0.837169,0.410738,-0.361167],[-0.217222,0.356338,0.908756]]],"btipPosition":[-23.6301,291.422,-3.75354],"carpPosition":[-22.763,315.403,94.5784],"dipPosition":[-28.5881,299.555,16.9882],"direction":[0.186682,-0.34119,-0.921271],"extended":false,"handId":970,"id":9700,"length":50.8265,"mcpPosition":[-22.763,315.403,94.5784],"pipPosition":[-34.7955,310.9,47.6221],"stabilizedTipPosition":[-23.173,277.119,9.09543],"timeVisible":1.21111,"tipPosition":[-24.4809,292.359,1.44422],"tipVelocity":[-16.5641,34.8722,-117.172],"tool":false,"touchDistance":0.0760241,"touchZone":"hovering","type":0,"width":19.7488},{"bases":[[[0.967168,-0.198159,-0.159121],[0.210113,0.975708,0.0620228],[0.142965,-0.0934197,0.985309]],[[0.965864,-0.197324,-0.167839],[0.203881,0.978735,0.0226024],[0.15981,-0.05605,0.985555]],[[0.965864,-0.197324,-0.167839],[0.183841,0.978589,-0.0925519],[0.182508,0.0585369,0.98146]],[[0.965864,-0.197324,-0.167839],[0.16619,0.968993,-0.182848],[0.198715,0.148713,0.968709]]],"btipPosition":[-34.757,338.975,-62.8972],"carpPosition":[-10.1903,333.781,88.3678],"dipPosition":[-31.4459,341.453,-46.7559],"direction":[-0.182508,-0.0585369,-0.98146],"extended":true,"handId":970,"id":9701,"length":57.352,"mcpPosition":[-20.4478,340.484,17.6731],"pipPosition":[-27.1437,342.832,-23.6207],"stabilizedTipPosition":[-26.5832,329.449,-46.6696],"timeVisible":1.21111,"tipPosition":[-34.229,338.514,-59.0705],"tipVelocity":[-34.4958,48.4608,-98.8187],"tool":false,"touchDistance":0.106052,"touchZone":"hovering","type":1,"width":18.8641},{"bases":[[[0.927506,-0.37237,-0.0327651],[0.373687,0.925872,0.0558459],[0.00954095,-0.0640413,0.997902]],[[0.927537,-0.373371,-0.0163743],[0.273892,0.708913,-0.649943],[0.254278,0.598361,0.759807]],[[0.927537,-0.373371,-0.0163743],[-0.166325,-0.373161,-0.912736],[0.334679,0.84932,-0.408222]],[[0.927537,-0.373371,-0.0163743],[-0.35265,-0.859872,-0.369133],[0.123744,0.348159,-0.929232]]],"btipPosition":[-22.5858,279.396,10.7504],"carpPosition":[1.56572,333.101,86.0145],"dipPosition":[-20.3179,285.777,-6.27951],"direction":[-0.334679,-0.84932,0.408222],"extended":false,"handId":970,"id":9702,"length":65.348,"mcpPosition":[0.916545,337.458,18.116],"pipPosition":[-11.0364,309.331,-17.6006],"stabilizedTipPosition":[-13.838,278.64,46.1197],"timeVisible":1.21111,"tipPosition":[-21.8588,281.336,7.91941],"tipVelocity":[-11.2982,22.3396,-116.059],"tool":false,"touchDistance":0.333333,"touchZone":"none","type":2,"width":18.527},{"bases":[[[0.887974,-0.446465,0.110325],[0.439112,0.894389,0.0851447],[-0.136688,-0.0271611,0.990242]],[[0.884386,-0.446994,0.134383],[0.417098,0.627606,-0.657374],[0.209502,0.637423,0.741486]],[[0.884386,-0.446994,0.134383],[-0.0785021,-0.42625,-0.901193],[0.460108,0.786453,-0.412059]],[[0.884386,-0.446994,0.134383],[-0.371231,-0.848124,-0.377984],[0.28293,0.284397,-0.916007]]],"btipPosition":[-5.42032,276.981,19.895],"carpPosition":[12.9442,329.525,84.8745],"dipPosition":[-0.264893,282.163,3.20394],"direction":[-0.460108,-0.786453,0.412059],"extended":false,"handId":970,"id":9703,"length":62.8339,"mcpPosition":[21.2944,331.185,24.3809],"pipPosition":[12.1656,303.41,-7.9284],"stabilizedTipPosition":[1.8009,278.315,53.9024],"timeVisible":1.21111,"tipPosition":[-4.05287,278.775,17.0417],"tipVelocity":[-7.77783,23.0908,-124.902],"tool":false,"touchDistance":0.333333,"touchZone":"none","type":3,"width":17.6296},{"bases":[[[0.781343,-0.588208,0.208599],[0.558066,0.808122,0.188417],[-0.279401,-0.0308064,0.95968]],[[0.787598,-0.587338,0.18634],[0.562487,0.561824,-0.606599],[0.251589,0.58257,0.772862]],[[0.787598,-0.587338,0.18634],[-0.0735268,-0.389826,-0.917948],[0.611786,0.709274,-0.350212]],[[0.787598,-0.587338,0.18634],[-0.463758,-0.764131,-0.448365],[0.40573,0.266715,-0.874212]]],"btipPosition":[11.051,283.05,26.1086],"carpPosition":[22.4167,319.41,85.6541],"dipPosition":[17.8714,287.534,11.4129],"direction":[-0.611786,-0.709274,0.350212],"extended":false,"handId":970,"id":9704,"length":49.2606,"mcpPosition":[38.2168,321.152,31.3841],"pipPosition":[29.541,301.063,4.73274],"stabilizedTipPosition":[16.4423,282.395,53.0103],"timeVisible":1.21111,"tipPosition":[12.7923,284.618,23.4854],"tipVelocity":[-5.86402,23.636,-130.534],"tool":false,"touchDistance":0.333333,"touchZone":"none","type":4,"width":15.66}],"r":[[0.987386,-0.151487,-0.0460488],[0.136357,0.961406,-0.238969],[0.0804724,0.229676,0.969935]],"s":0.777104,"t":[0.692384,10.8257,-9.37721],"timestamp":669304539408},false],[5,{"currentFrameRate":55.1104,"devices":[],"gestures":[],"hands":[{"armBasis":[[0.923162,-0.245714,-0.29563],[0.199656,0.963658,-0.177485],[0.328497,0.104823,0.93867]],"armWidth":62.1429,"confidence":0.557406,"direction":[0.049671,0.204879,-0.977526],"elbow":[92.9077,349.032,337.374],"grabStrength":0,"id":970,"palmNormal":[-0.19547,-0.957813,-0.21068],"palmPosition":[0.919791,329.683,37.7817],"palmVelocity":[-16.1049,58.1956,-146.366],"palmWidth":88.738,"pinchStrength":1,"r":[[0.98881,-0.140536,-0.0500396],[0.12496,0.963507,-0.236724],[0.0814817,0.227823,0.970287]],"s":0.778057,"sphereCenter":[-24.5288,298.32,8.51655],"sphereRadius":47.2411,"stabilizedPalmPosition":[1.34274,317.588,53.3408],"t":[0.388601,11.9235,-12.1229],"timeVisible":1.23003,"type":"right","wrist":[6.4088,321.43,90.2052]}],"id":4960380,"interactionBox":{"center":[0,200,0],"size":[235.247,235.247,147.751]},"pointables":[{"bases":[[[0.578655,0.815572,0.000719754],[-0.720224,0.51059,0.469654],[0.38267,-0.272286,0.88285]],[[0.474135,0.856483,-0.20404],[-0.846966,0.50699,0.160029],[0.240509,0.0969397,0.965794]],[[0.474135,0.856483,-0.20404],[-0.85759,0.396783,-0.327266],[-0.199339,0.330151,0.92264]],[[0.474135,0.856483,-0.20404],[-0.852275,0.388308,-0.35049],[-0.220959,0.340078,0.91407]]],"btipPosition":[-23.0839,292.802,-7.52022],"carpPosition":[-23.047,316.261,91.0392],"dipPosition":[-28.1271,300.564,13.3428],"direction":[0.199339,-0.330151,-0.92264],"extended":false,"handId":970,"id":9700,"length":50.8265,"mcpPosition":[-23.047,316.261,91.0392],"pipPosition":[-34.7555,311.542,44.0222],"stabilizedTipPosition":[-23.1742,277.138,9.08263],"timeVisible":1.23003,"tipPosition":[-23.8669,293.658,-2.27587],"tipVelocity":[5.22453,51.3442,-156.663],"tool":false,"touchDistance":0.013711,"touchZone":"hovering","type":0,"width":19.7488},{"bases":[[[0.973886,-0.164281,-0.156708],[0.176176,0.982196,0.0652133],[0.143204,-0.0911184,0.98549]],[[0.972578,-0.163466,-0.165442],[0.169971,0.98511,0.025859],[0.158752,-0.0532704,0.98588]],[[0.972578,-0.163466,-0.165442],[0.150261,0.984587,-0.0894957],[0.177522,0.062182,0.98215]],[[0.972578,-0.163466,-0.165442],[0.133192,0.974611,-0.17998],[0.190663,0.153009,0.969658]]],"btipPosition":[-35.3849,339.833,-66.4089],"carpPosition":[-11.097,335.079,84.9148],"dipPosition":[-32.2079,342.383,-50.2518],"direction":[-0.177522,-0.062182,-0.98215],"extended":true,"handId":970,"id":9701,"length":57.352,"mcpPosition":[-21.3718,341.617,14.2071],"pipPosition":[-28.0233,343.849,-27.1004],"stabilizedTipPosition":[-26.639,329.525,-46.7804],"timeVisible":1.23003,"tipPosition":[-34.8509,339.388,-62.5828],"tipVelocity":[-34.6571,47.3885,-141.329],"tool":false,"touchDistance":0.0475841,"touchZone":"hovering","type":1,"width":18.8641},{"bases":[[[0.939881,-0.340098,-0.0309294],[0.341388,0.938043,0.0594015],[0.00881074,-0.0663893,0.997755]],[[0.939898,-0.341152,-0.0143915],[0.251351,0.719787,-0.647093],[0.231116,0.604584,0.762275]],[[0.939898,-0.341152,-0.0143915],[-0.149747,-0.373951,-0.915279],[0.306867,0.862424,-0.402563]],[[0.939898,-0.341152,-0.0143915],[-0.321208,-0.869082,-0.376194],[0.115832,0.358206,-0.926429]]],"btipPosition":[-21.4144,280.426,7.0169],"carpPosition":[0.682317,334.811,82.5953],"dipPosition":[-19.2916,286.991,-9.96168],"direction":[-0.306867,-0.862424,0.402563],"extended":false,"handId":970,"id":9702,"length":65.348,"mcpPosition":[0.0828234,339.328,14.7068],"pipPosition":[-10.7813,310.908,-21.1258],"stabilizedTipPosition":[-13.8385,278.64,46.1165],"timeVisible":1.23003,"tipPosition":[-20.7394,282.415,4.1803],"tipVelocity":[23.766,39.1837,-155.653],"tool":false,"touchDistance":0.333333,"touchZone":"none","type":2,"width":18.527},{"bases":[[[0.902506,-0.415901,0.111846],[0.407773,0.908754,0.088816],[-0.138579,-0.0345491,0.989749]],[[0.898879,-0.416616,0.135818],[0.39695,0.642893,-0.655072],[0.185597,0.642744,0.743259]],[[0.898879,-0.416616,0.135818],[-0.0605354,-0.425038,-0.903149],[0.433994,0.8036,-0.407278]],[[0.898879,-0.416616,0.135818],[-0.339839,-0.858456,-0.384139],[0.276632,0.299138,-0.913231]]],"btipPosition":[-4.20653,278.575,16.2741],"carpPosition":[12.1805,331.633,81.4804],"dipPosition":[0.834144,284.026,-0.366401],"direction":[-0.433994,-0.8036,0.407278],"extended":false,"handId":970,"id":9703,"length":62.8339,"mcpPosition":[20.6463,333.743,21.017],"pipPosition":[12.5591,305.736,-11.3696],"stabilizedTipPosition":[1.80031,278.315,53.8974],"timeVisible":1.23003,"tipPosition":[-2.88371,280.438,13.4025],"tipVelocity":[26.8399,54.7318,-157.24],"tool":false,"touchDistance":0.333333,"touchZone":"none","type":3,"width":17.6296},{"bases":[[[0.800536,-0.561501,0.209424],[0.529326,0.826357,0.192222],[-0.280992,-0.0430266,0.958745]],[[0.806523,-0.560419,0.188285],[0.543268,0.576918,-0.609939],[0.233196,0.594219,0.769755]],[[0.806523,-0.560419,0.188285],[-0.0593635,-0.393636,-0.917348],[0.588215,0.728685,-0.350745]],[[0.806523,-0.560419,0.188285],[-0.435456,-0.77853,-0.451962],[0.399873,0.282528,-0.87194]]],"btipPosition":[11.9003,285.141,22.8487],"carpPosition":[21.9937,321.848,82.2623],"dipPosition":[18.6222,289.89,8.19127],"direction":[-0.588215,-0.728685,0.350745],"extended":false,"handId":970,"id":9704,"length":49.2606,"mcpPosition":[37.8838,324.281,28.0452],"pipPosition":[29.8422,303.79,1.5009],"stabilizedTipPosition":[16.4415,282.396,53.0015],"timeVisible":1.23003,"tipPosition":[13.6457,286.786,20.0787],"tipVelocity":[18.4567,67.8593,-150.816],"tool":false,"touchDistance":0.333333,"touchZone":"none","type":4,"width":15.66}],"r":[[0.98881,-0.140536,-0.0500396],[0.12496,0.963507,-0.236724],[0.0814817,0.227823,0.970287]],"s":0.778057,"t":[0.388601,11.9235,-12.1229],"timestamp":669304558324},false],[6,{"currentFrameRate":55.2337,"devices":[],"gestures":[],"hands":[{"armBasis":[[0.923597,-0.232622,-0.304722],[0.184877,0.966593,-0.177535],[0.335841,0.107635,0.935749]],"armWidth":62.1429,"confidence":0.558018,"direction":[0.0490581,0.204421,-0.977653],"elbow":[94.5638,350.745,335.46],"grabStrength":0,"id":970,"palmNormal":[-0.179723,-0.961048,-0.209968],"palmPosition":[0.653482,330.502,36.612],"palmVelocity":[-15.6183,52.6634,-108.859],"palmWidth":88.738,"pinchStrength":1,"r":[[0.990294,-0.128633,-0.0526462],[0.112902,0.965398,-0.235073],[0.0810627,0.226848,0.970551]],"s":0.779422,"sphereCenter":[-24.3648,298.748,7.34376],"sphereRadius":47.2778,"stabilizedPalmPosition":[1.34228,317.596,53.3297],"t":[0.103556,12.8823,-14.0806],"timeVisible":1.2477,"type":"right","wrist":[6.13104,322.403,89.0606]}],"id":4960381,"interactionBox":{"center":[0,200,0],"size":[235.247,235.247,147.751]},"pointables":[{"bases":[[[0.565674,0.824628,0.00121699],[-0.729476,0.499713,0.467067],[0.384549,-0.265096,0.884221]],[[0.461666,0.863546,-0.202863],[-0.85506,0.494087,0.157321],[0.236086,0.10083,0.966487]],[[0.461666,0.863546,-0.202863],[-0.862916,0.384216,-0.32826],[-0.205524,0.3266,0.922547]],[[0.461666,0.863546,-0.202863],[-0.860572,0.380552,-0.338521],[-0.215129,0.330862,0.918831]]],"btipPosition":[-22.9904,293.45,-8.8763],"carpPosition":[-23.2414,316.77,89.8224],"dipPosition":[-27.9005,301.001,12.0954],"direction":[0.205524,-0.3266,-0.922547],"extended":false,"handId":970,"id":9700,"length":50.8265,"mcpPosition":[-23.2414,316.77,89.8224],"pipPosition":[-34.7346,311.861,42.7717],"stabilizedTipPosition":[-23.1742,277.138,9.08263],"timeVisible":1.2477,"tipPosition":[-23.6627,294.268,-3.58513],"tipVelocity":[6.06413,43.1818,-118.608],"tool":false,"touchDistance":-0.0584737,"touchZone":"hovering","type":0,"width":19.7488},{"bases":[[[0.976782,-0.149044,-0.15389],[0.160438,0.984942,0.0644186],[0.141971,-0.0876126,0.985986]],[[0.97548,-0.148258,-0.162657],[0.154311,0.987702,0.0251604],[0.156927,-0.0496433,0.986362]],[[0.97548,-0.148258,-0.162657],[0.134869,0.986718,-0.0905411],[0.17392,0.0663836,0.98252]],[[0.97548,-0.148258,-0.162657],[0.118154,0.976306,-0.18129],[0.185681,0.157626,0.969885]]],"btipPosition":[-35.5292,339.942,-67.6862],"carpPosition":[-11.5742,335.767,83.7058],"dipPosition":[-32.4353,342.568,-51.5253],"direction":[-0.17392,-0.0663836,-0.98252],"extended":true,"handId":970,"id":9701,"length":57.352,"mcpPosition":[-21.7605,342.053,12.9625],"pipPosition":[-28.3356,344.133,-28.3652],"stabilizedTipPosition":[-26.6699,329.566,-46.8454],"timeVisible":1.2477,"tipPosition":[-34.9953,339.523,-63.8603],"tipVelocity":[-22.7721,28.5525,-109],"tool":false,"touchDistance":0.0263103,"touchZone":"hovering","type":1,"width":18.8641},{"bases":[[[0.945224,-0.32522,-0.0279763],[0.326343,0.943402,0.0591059],[0.00717042,-0.0649982,0.99786]],[[0.945212,-0.32626,-0.0113108],[0.241796,0.722947,-0.647211],[0.219336,0.609017,0.762227]],[[0.945212,-0.32626,-0.0113108],[-0.140581,-0.37552,-0.91609],[0.294636,0.86749,-0.400812]],[[0.945212,-0.32626,-0.0113108],[-0.305979,-0.873313,-0.37908],[0.113801,0.361772,-0.925295]]],"btipPosition":[-20.8409,280.788,5.76555],"carpPosition":[0.214107,335.682,81.4182],"dipPosition":[-18.7553,287.418,-11.1922],"direction":[-0.294636,-0.86749,0.400812],"extended":false,"handId":970,"id":9702,"length":65.348,"mcpPosition":[-0.273778,340.104,13.5225],"pipPosition":[-10.5842,311.476,-22.3078],"stabilizedTipPosition":[-13.839,278.64,46.1133],"timeVisible":1.2477,"tipPosition":[-20.1849,282.798,2.91451],"tipVelocity":[27.5979,30.8388,-115.835],"tool":false,"touchDistance":0.333333,"touchZone":"none","type":2,"width":18.527},{"bases":[[[0.908669,-0.401427,0.114796],[0.393103,0.915203,0.0887355],[-0.140683,-0.0355044,0.989418]],[[0.904949,-0.402176,0.139004],[0.38684,0.641471,-0.662472],[0.177263,0.653276,0.736077]],[[0.904949,-0.402176,0.139004],[-0.0537448,-0.43208,-0.900233],[0.422113,0.807194,-0.412625]],[[0.904949,-0.402176,0.139004],[-0.325172,-0.864304,-0.383721],[0.274465,0.302048,-0.912927]]],"btipPosition":[-3.7708,279.077,15.6039],"carpPosition":[11.7641,332.685,80.3382],"dipPosition":[1.23038,284.581,-1.03108],"direction":[-0.422113,-0.807194,0.412625],"extended":false,"handId":970,"id":9703,"length":62.8339,"mcpPosition":[20.3584,334.854,19.8949],"pipPosition":[12.6343,306.388,-12.1787],"stabilizedTipPosition":[1.79959,278.315,53.8905],"timeVisible":1.2477,"tipPosition":[-2.42192,280.982,12.4785],"tipVelocity":[25.5745,42.7229,-101.398],"tool":false,"touchDistance":0.333333,"touchZone":"none","type":3,"width":17.6296},{"bases":[[[0.808752,-0.548501,0.212289],[0.515665,0.834869,0.192572],[-0.282859,-0.0462732,0.958045]],[[0.81466,-0.547376,0.191594],[0.536205,0.585074,-0.608419],[0.220937,0.598388,0.770142]],[[0.81466,-0.547376,0.191594],[-0.0487439,-0.393828,-0.917891],[0.577887,0.73843,-0.347517]],[[0.81466,-0.547376,0.191594],[-0.420364,-0.784941,-0.45515],[0.399528,0.290254,-0.869557]]],"btipPosition":[12.3665,286.075,21.67],"carpPosition":[21.7287,323.057,81.1589],"dipPosition":[19.0826,290.954,7.05253],"direction":[-0.577887,-0.73843,0.347517],"extended":false,"handId":970,"id":9704,"length":49.2606,"mcpPosition":[37.7245,325.674,26.9814],"pipPosition":[30.1056,305.039,0.423739],"stabilizedTipPosition":[16.4405,282.398,52.9876],"timeVisible":1.2477,"tipPosition":[14.0949,287.745,18.9184],"tipVelocity":[22.1232,61.6136,-111.223],"tool":false,"touchDistance":0.333333,"touchZone":"none","type":4,"width":15.66}],"r":[[0.990294,-0.128633,-0.0526462],[0.112902,0.965398,-0.235073],[0.0810627,0.226848,0.970551]],"s":0.779422,"t":[0.103556,12.8823,-14.0806],"timestamp":669304576002},false],[7,{"currentFrameRate":55