{"sensorType":"Leap","data":[[0,{"currentFrameRate":52.9087,"devices":[],"gestures":[],"hands":[{"armBasis":[[0.947569,-0.147964,-0.283232],[0.113987,0.984541,-0.132986],[0.29853,0.0937285,0.949787]],"armWidth":61.4671,"confidence":0.584296,"direction":[-0.131944,0.483557,-0.865311],"elbow":[108.111,338.842,324.762],"grabStrength":0,"id":966,"palmNormal":[-0.232457,-0.863695,-0.447209],"palmPosition":[15.4305,337.065,32.1128],"palmVelocity":[-16.6974,54.3868,-161.899],"palmWidth":87.7729,"pinchStrength":0.658612,"r":[[0.953783,0.109768,0.27973],[-0.137227,0.987264,0.0804842],[-0.267333,-0.115151,0.956699]],"s":0.955859,"sphereCenter":[12.0789,300.766,-6.62518],"sphereRadius":48.3566,"stabilizedPalmPosition":[30.4028,294.187,142.763],"t":[-6.05658,4.00967,4.04523],"timeVisible":18.4234,"type":"right","wrist":[30.3579,314.43,77.3866]}],"id":4958369,"interactionBox":{"center":[0,200,0],"size":[235.247,235.247,147.751]},"pointables":[{"bases":[[[0.569925,0.809672,0.140056],[-0.620061,0.311935,0.719876],[0.539175,-0.497119,0.679826]],[[0.34294,0.933023,-0.108906],[-0.740425,0.339837,0.579898],[0.578068,-0.118233,0.807377]],[[0.34294,0.933023,-0.108906],[-0.905628,0.359185,0.225442],[0.24946,0.0213158,0.968151]],[[0.34294,0.933023,-0.108906],[-0.907166,0.359045,0.219402],[0.24381,0.0235545,0.969537]]],"btipPosition":[-39.6724,312.205,-10.7994],"carpPosition":[1.87218,307.745,81.809],"dipPosition":[-34.1681,312.737,11.089],"direction":[-0.24946,-0.0213158,-0.968151],"extended":false,"handId":966,"id":9660,"length":50.2737,"mcpPosition":[1.87218,307.745,81.809],"pipPosition":[-25.9634,313.438,42.9316],"stabilizedTipPosition":[-24.1912,270.567,96.7232],"timeVisible":18.4234,"tipPosition":[-39.1193,313.502,-5.24407],"tipVelocity":[-0.577173,23.9759,-162.867],"tool":false,"touchDistance":-0.752999,"touchZone":"hovering","type":0,"width":19.534},{"bases":[[[0.927782,-0.0589327,-0.368439],[0.18659,0.928392,0.32136],[0.323118,-0.366899,0.872342]],[[0.941997,-0.0761819,-0.326861],[0.0876011,0.995948,0.020335],[0.323987,-0.0477889,0.944854]],[[0.941997,-0.0761819,-0.326861],[0.0211138,0.98542,-0.168824],[0.334957,0.152131,0.929871]],[[0.941997,-0.0761819,-0.326861],[-0.0271531,0.953406,-0.300465],[0.334521,0.291913,0.896037]]],"btipPosition":[-37.2896,347.582,-57.9643],"carpPosition":[12.3919,327.921,79.5512],"dipPosition":[-31.7762,352.393,-43.1962],"direction":[-0.334957,-0.152131,-0.929871],"extended":true,"handId":966,"id":9661,"length":56.7283,"mcpPosition":[-10.5392,353.96,17.6425],"pipPosition":[-23.9664,355.94,-21.5155],"stabilizedTipPosition":[-22.2872,309.565,26.5035],"timeVisible":18.4234,"tipPosition":[-35.8204,347.011,-54.1803],"tipVelocity":[-25.2818,44.9686,-164.705],"tool":false,"touchDistance":-0.850841,"touchZone":"hovering","type":1,"width":18.6589},{"bases":[[[0.917412,-0.265359,-0.296545],[0.347805,0.896783,0.273519],[0.193356,-0.35407,0.915013]],[[0.92383,-0.278045,-0.263112],[0.0125131,0.7089,-0.705198],[0.382597,0.648191,0.658382]],[[0.92383,-0.278045,-0.263112],[-0.328705,-0.223926,-0.917502],[0.196189,0.934103,-0.298265]],[[0.92383,-0.278045,-0.263112],[-0.382791,-0.676133,-0.629536],[-0.0028592,0.682302,-0.731065]]],"btipPosition":[-12.7159,284.661,4.49432],"carpPosition":[23.4163,328.962,75.254],"dipPosition":[-12.7678,297.029,-8.75813],"direction":[-0.196189,-0.934103,0.298265],"extended":false,"handId":966,"id":9662,"length":64.6373,"mcpPosition":[10.4032,352.791,13.6725],"pipPosition":[-7.38609,322.653,-16.9398],"stabilizedTipPosition":[9.64828,237.009,122.626],"timeVisible":18.4234,"tipPosition":[-12.3591,287.275,2.95439],"tipVelocity":[4.3351,43.0803,-184.548],"tool":false,"touchDistance":0.333333,"touchZone":"none","type":2,"width":18.3255},{"bases":[[[0.90702,-0.381414,-0.178431],[0.418447,0.863788,0.280662],[0.0470777,-0.32923,0.943075]],[[0.908127,-0.393014,-0.14438],[0.170172,0.661522,-0.730363],[0.382554,0.638693,0.667626]],[[0.908127,-0.393014,-0.14438],[-0.252087,-0.237896,-0.938007],[0.334303,0.888226,-0.315113]],[[0.908127,-0.393014,-0.14438],[-0.388451,-0.662171,-0.640809],[0.156242,0.63802,-0.754002]]],"btipPosition":[3.30186,284.023,7.5205],"carpPosition":[34.384,326.892,71.2704],"dipPosition":[6.11788,295.522,-6.06918],"direction":[-0.334303,-0.888226,0.315113],"extended":false,"handId":966,"id":9663,"length":62.1505,"mcpPosition":[31.5393,346.786,14.2848],"pipPosition":[15.0513,319.258,-14.4898],"stabilizedTipPosition":[26.2807,235.114,132.775],"timeVisible":18.4234,"tipPosition":[4.20256,286.446,6.0663],"tipVelocity":[7.25615,54.4369,-192.969],"tool":false,"touchDistance":0.333333,"touchZone":"none","type":3,"width":17.4379},{"bases":[[[0.824681,-0.554401,-0.111985],[0.556932,0.761446,0.331702],[-0.0986249,-0.335917,0.936714]],[[0.81919,-0.56945,-0.0682178],[0.336603,0.573679,-0.74672],[0.464355,0.588743,0.661631]],[[0.81919,-0.56945,-0.0682178],[-0.242975,-0.236847,-0.940674],[0.51951,0.787166,-0.332385]],[[0.81919,-0.56945,-0.0682178],[-0.470237,-0.598799,-0.648319],[0.328336,0.563175,-0.758307]]],"btipPosition":[18.4689,292.436,11.321],"carpPosition":[44.0521,317.944,67.4039],"dipPosition":[23.9283,301.8,-1.28767],"direction":[-0.51951,-0.787166,0.332385],"extended":false,"handId":966,"id":9664,"length":48.7249,"mcpPosition":[49.5687,336.733,15.0087],"pipPosition":[33.73,316.652,-7.55887],"stabilizedTipPosition":[41.4202,244.859,130.077],"timeVisible":18.4234,"tipPosition":[19.8928,294.41,9.93511],"tipVelocity":[5.35187,62.0064,-190.028],"tool":false,"touchDistance":0.333333,"touchZone":"none","type":4,"width":15.4897}],"r":[[0.953783,0.109768,0.27973],[-0.137227,0.987264,0.0804842],[-0.267333,-0.115151,0.956699]],"s":0.955859,"t":[-6.05658,4.00967,4.04523],"timestamp":669267273819},false],[1,{"currentFrameRate":53.114,"devices":[],"gestures":[],"hands":[{"armBasis":[[0.946273,-0.150392,-0.286267],[0.110041,0.982196,-0.152255],[0.304068,0.112574,0.945975]],"armWidth":61.4671,"confidence":0.593433,"direction":[-0.128344,0.494358,-0.859731],"elbow":[108.662,342.194,319.887],"grabStrength":0,"id":966,"palmNormal":[-0.234698,-0.857416,-0.45799],"palmPosition":[14.7175,336.103,28.474],"palmVelocity":[-27.4989,3.24261,-180.565],"palmWidth":87.7729,"pinchStrength":0.666088,"r":[[0.953499,0.112216,0.279726],[-0.140637,0.986523,0.0836302],[-0.266572,-0.119081,0.95643]],"s":0.954701,"sphereCenter":[11.0888,300.379,-10.6698],"sphereRadius":48.2963,"stabilizedPalmPosition":[30.3998,294.195,142.741],"t":[-6.56325,4.0183,0.769606],"timeVisible":18.4415,"type":"right","wrist":[29.4663,312.873,73.5043]}],"id":4958370,"interactionBox":{"center":[0,200,0],"size":[235.247,235.247,147.751]},"pointables":[{"bases":[[[0.572609,0.80582,0.150908],[-0.620418,0.305601,0.722281],[0.535911,-0.507211,0.674935]],[[0.346785,0.932931,-0.0968499],[-0.740883,0.335782,0.581672],[0.575181,-0.129961,0.807637]],[[0.346785,0.932931,-0.0968499],[-0.904791,0.359949,0.227573],[0.247171,0.00870989,0.968933]],[[0.346785,0.932931,-0.0968499],[-0.907043,0.359853,0.218581],[0.238773,0.0120464,0.971001]]],"btipPosition":[-40.2697,311.941,-14.8919],"carpPosition":[0.946881,306.241,77.7877],"dipPosition":[-34.8791,312.213,7.02952],"direction":[-0.247171,-0.00870989,-0.968933],"extended":false,"handId":966,"id":9660,"length":50.2737,"mcpPosition":[0.946881,306.241,77.7877],"pipPosition":[-26.7496,312.499,38.8978],"stabilizedTipPosition":[-24.1915,270.568,96.7211],"timeVisible":18.4415,"tipPosition":[-39.7441,313.124,-9.32486],"tipVelocity":[-16.6882,4.04779,-192.799],"tool":false,"touchDistance":-0.767306,"touchZone":"hovering","type":0,"width":19.534},{"bases":[[[0.92833,-0.0579628,-0.36721],[0.189334,0.923783,0.332832],[0.319931,-0.378503,0.868551]],[[0.942083,-0.0753382,-0.326807],[0.0919141,0.995132,0.035554],[0.322538,-0.063533,0.944422]],[[0.942083,-0.0753382,-0.326807],[0.0270498,0.988337,-0.149863],[0.334286,0.132343,0.933133]],[[0.942083,-0.0753382,-0.326807],[-0.020225,0.959907,-0.279587],[0.334768,0.270004,0.902789]]],"btipPosition":[-37.8381,348.363,-61.6226],"carpPosition":[11.5456,326.404,75.7932],"dipPosition":[-32.3206,352.813,-46.7433],"direction":[-0.334286,-0.132343,-0.933133],"extended":true,"handId":966,"id":9661,"length":56.7283,"mcpPosition":[-11.1593,353.266,14.1535],"pipPosition":[-24.5264,355.899,-24.9865],"stabilizedTipPosition":[-22.3099,309.628,26.3688],"timeVisible":18.4415,"tipPosition":[-36.3711,347.708,-57.8508],"tipVelocity":[-27.6535,41.931,-181.879],"tool":false,"touchDistance":-0.848582,"touchZone":"hovering","type":1,"width":18.6589},{"bases":[[[0.917049,-0.265195,-0.297813],[0.350531,0.892151,0.284947],[0.190127,-0.365703,0.911105]],[[0.923383,-0.278378,-0.264327],[0.0191643,0.721139,-0.692526],[0.383401,0.634401,0.671222]],[[0.923383,-0.278378,-0.264327],[-0.326057,-0.205329,-0.922782],[0.202609,0.938267,-0.280364]],[[0.923383,-0.278378,-0.264327],[-0.383864,-0.663366,-0.642335],[0.00346641,0.694587,-0.719401]]],"btipPosition":[-13.6603,284.241,-0.264731],"carpPosition":[22.5828,327.455,71.5314],"dipPosition":[-13.5975,296.832,-13.3057],"direction":[-0.202609,-0.938267,0.280364],"extended":false,"handId":966,"id":9662,"length":64.6373,"mcpPosition":[9.78695,352.067,10.2129],"pipPosition":[-8.03972,322.57,-20.9964],"stabilizedTipPosition":[9.6456,237.015,122.611],"timeVisible":18.4415,"tipPosition":[-13.2844,286.873,-1.75529],"tipVelocity":[-21.8542,12.9092,-220.612],"tool":false,"touchDistance":0.333333,"touchZone":"none","type":2,"width":18.3255},{"bases":[[[0.905981,-0.382615,-0.181117],[0.421037,0.858812,0.29184],[0.0438834,-0.340659,0.939162]],[[0.90698,-0.394815,-0.146657],[0.175225,0.670368,-0.721043],[0.382993,0.628274,0.677192]],[[0.90698,-0.394815,-0.146657],[-0.249828,-0.223989,-0.942027],[0.339077,0.891039,-0.301789]],[[0.90698,-0.394815,-0.146657],[-0.389005,-0.651808,-0.651016],[0.161438,0.647509,-0.744762]]],"btipPosition":[2.42185,283.417,3.09759],"carpPosition":[33.5511,325.392,67.5459],"dipPosition":[5.33152,295.087,-10.3256],"direction":[-0.339077,-0.891039,0.301789],"extended":false,"handId":966,"id":9663,"length":62.1505,"mcpPosition":[30.8995,345.976,10.7968],"pipPosition":[14.3925,318.898,-18.3901],"stabilizedTipPosition":[26.2776,235.121,132.757],"timeVisible":18.4415,"tipPosition":[3.33321,285.866,1.63077],"tipVelocity":[-18.7572,13.649,-216.466],"tool":false,"touchDistance":0.333333,"touchZone":"none","type":3,"width":17.4379},{"bases":[[[0.822867,-0.556077,-0.116916],[0.559036,0.755353,0.341936],[-0.101829,-0.346728,0.932422]],[[0.816923,-0.57232,-0.0713163],[0.344614,0.583528,-0.735348],[0.462469,0.576146,0.673927]],[[0.816923,-0.57232,-0.0713163],[-0.237435,-0.221041,-0.94592],[0.525606,0.789677,-0.316462]],[[0.816923,-0.57232,-0.0713163],[-0.469029,-0.587291,-0.659622],[0.335632,0.57231,-0.748207]]],"btipPosition":[17.6183,291.782,6.86191],"carpPosition":[43.1943,316.455,63.5925],"dipPosition":[23.199,301.298,-5.5788],"direction":[-0.525606,-0.789677,0.316462],"extended":false,"handId":966,"id":9664,"length":48.7249,"mcpPosition":[48.8901,335.849,11.4374],"pipPosition":[33.1157,316.197,-11.5496],"stabilizedTipPosition":[41.4162,244.868,130.055],"timeVisible":18.4415,"tipPosition":[19.0572,293.764,5.49172],"tipVelocity":[-18.8161,16.2631,-215.865],"tool":false,"touchDistance":0.333333,"touchZone":"none","type":4,"width":15.4897}],"r":[[0.953499,0.112216,0.279726],[-0.140637,0.986523,0.0836302],[-0.266572,-0.119081,0.95643]],"s":0.954701,"t":[-6.56325,4.0183,0.769606],"timestamp":669267291908},false],[2,{"currentFrameRate":53.2776,"devices":[],"gestures":[],"hands":[{"armBasis":[[0.945286,-0.163026,-0.282588],[0.129821,0.982629,-0.132616],[0.299299,0.0886746,0.95003]],"armWidth":61.4671,"confidence":0.600035,"direction":[-0.128447,0.48467,-0.865214],"elbow":[106.969,336.491,316.885],"grabStrength":0,"id":966,"palmNormal":[-0.248696,-0.860305,-0.445],"palmPosition":[14.2288,336.219,24.2211],"palmVelocity":[-27.2013,4.73318,-206.012],"palmWidth":87.7729,"pinchStrength":0.675162,"r":[[0.953947,0.112516,0.278075],[-0.140769,0.986493,0.0837547],[-0.264896,-0.119042,0.956901]],"s":0.953685,"sphereCenter":[9.69656,300.136,-14.3882],"sphereRadius":48.2326,"stabilizedPalmPosition":[30.3982,294.2,142.729],"t":[-7.06092,4.08049,-2.99463],"timeVisible":18.4597,"type":"right","wrist":[29.0154,313.395,69.4463]}],"id":4958371,"interactionBox":{"center":[0,200,0],"size":[235.247,235.247,147.751]},"pointables":[{"bases":[[[0.583689,0.80047,0.136219],[-0.611275,0.322762,0.722612],[0.534463,-0.505047,0.6777]],[[0.357746,0.92714,-0.11149],[-0.733669,0.35292,0.580669],[0.577708,-0.125935,0.80647]],[[0.357746,0.92714,-0.11149],[-0.898814,0.374255,0.228181],[0.253281,0.0185782,0.967214]],[[0.357746,0.92714,-0.11149],[-0.902575,0.373928,0.213391],[0.239533,0.0242883,0.970584]]],"btipPosition":[-41.1088,312.083,-18.5376],"carpPosition":[0.44759,307.178,74.0199],"dipPosition":[-35.7011,312.631,3.37447],"direction":[-0.253281,-0.0185782,-0.967214],"extended":false,"handId":966,"id":9660,"length":50.2737,"mcpPosition":[0.44759,307.178,74.0199],"pipPosition":[-27.3706,313.242,35.1862],"stabilizedTipPosition":[-24.1917,270.568,96.7196],"timeVisible":18.4597,"tipPosition":[-40.595,313.296,-12.9804],"tipVelocity":[-30.6426,7.51541,-196.53],"tool":false,"touchDistance":-0.773626,"touchZone":"hovering","type":0,"width":19.534},{"bases":[[[0.924831,-0.0743963,-0.373031],[0.20325,0.925599,0.319306],[0.321522,-0.371123,0.871144]],[[0.938361,-0.0910189,-0.333458],[0.10529,0.994129,0.0249382],[0.32923,-0.0585109,0.942435]],[[0.938361,-0.0910189,-0.333458],[0.0402816,0.98693,-0.156033],[0.343302,0.132984,0.929763]],[[0.938361,-0.0910189,-0.333458],[-0.00741893,0.959183,-0.28269],[0.345577,0.26774,0.899384]]],"btipPosition":[-38.8805,348.428,-65.6977],"carpPosition":[11.2818,327.178,71.6851],"dipPosition":[-33.1848,352.841,-50.8745],"direction":[-0.343302,-0.132984,-0.929763],"extended":true,"handId":966,"id":9661,"length":56.7283,"mcpPosition":[-11.5361,353.517,9.86142],"pipPosition":[-25.1805,355.941,-29.1963],"stabilizedTipPosition":[-22.3245,309.666,26.284],"timeVisible":18.4597,"tipPosition":[-37.3892,347.776,-61.9363],"tipVelocity":[-40.7389,23.4062,-202.373],"tool":false,"touchDistance":-0.853377,"touchZone":"hovering","type":1,"width":18.6589},{"bases":[[[0.911477,-0.280547,-0.300838],[0.363688,0.891323,0.270693],[0.192202,-0.356141,0.914452]],[[0.917914,-0.293423,-0.267089],[0.0249829,0.714547,-0.699141],[0.395992,0.635079,0.663223]],[[0.917914,-0.293423,-0.267089],[-0.33415,-0.208684,-0.919127],[0.213956,0.932927,-0.289602]],[[0.917914,-0.293423,-0.267089],[-0.396687,-0.664144,-0.633681],[0.00855133,0.687615,-0.726025]]],"btipPosition":[-15.0718,284.419,-3.94472],"carpPosition":[22.2998,328.035,67.3313],"dipPosition":[-14.9168,296.884,-17.1058],"direction":[-0.213956,-0.932927,0.289602],"extended":false,"handId":966,"id":9662,"length":64.6373,"mcpPosition":[9.36437,352.004,5.78752],"pipPosition":[-9.04775,322.475,-25.0499],"stabilizedTipPosition":[9.64339,237.019,122.6],"timeVisible":18.4597,"tipPosition":[-14.6743,287.03,-5.47904],"tipVelocity":[-47.9118,10.6599,-212.639],"tool":false,"touchDistance":0.333333,"touchZone":"none","type":2,"width":18.3255},{"bases":[[[0.899799,-0.396286,-0.182534],[0.433821,0.857194,0.27752],[0.04649,-0.3289,0.94322]],[[0.900907,-0.408289,-0.147193],[0.180402,0.660739,-0.728614],[0.394742,0.62986,0.668921]],[[0.900907,-0.408289,-0.147193],[-0.256998,-0.228557,-0.938996],[0.34974,0.883777,-0.310839]],[[0.900907,-0.408289,-0.147193],[-0.400679,-0.652082,-0.643619],[0.166801,0.638818,-0.751059]]],"btipPosition":[1.03748,283.379,-0.686702],"carpPosition":[33.2122,325.783,63.295],"dipPosition":[4.04379,294.893,-14.2233],"direction":[-0.34974,-0.883777,0.310839],"extended":false,"handId":966,"id":9663,"length":62.1505,"mcpPosition":[30.4031,345.657,6.3007],"pipPosition":[13.3897,318.51,-22.5297],"stabilizedTipPosition":[26.2752,235.126,132.744],"timeVisible":18.4597,"tipPosition":[1.9787,285.82,-2.1948],"tipVelocity":[-45.5543,5.21198,-213.169],"tool":false,"touchDistance":0.333333,"touchZone":"none","type":3,"width":17.4379},{"bases":[[[0.815001,-0.567839,-0.115469],[0.570883,0.752675,0.327985],[-0.0993322,-0.333227,0.9376]],[[0.809138,-0.583521,-0.0692762],[0.346825,0.569408,-0.74531],[0.47435,0.579032,0.663109]],[[0.809138,-0.583521,-0.0692762],[-0.246725,-0.230368,-0.941306],[0.533313,0.778739,-0.330369]],[[0.809138,-0.583521,-0.0692762],[-0.480938,-0.589884,-0.648641],[0.337631,0.558158,-0.757935]]],"btipPosition":[16.4147,291.59,3.16359],"carpPosition":[42.7142,316.675,59.3907],"dipPosition":[22.0286,300.871,-9.43887],"direction":[-0.533313,-0.778739,0.330369],"extended":false,"handId":966,"id":9664,"length":48.7249,"mcpPosition":[48.2704,335.314,6.94598],"pipPosition":[32.0908,315.564,-15.672],"stabilizedTipPosition":[41.4136,244.873,130.041],"timeVisible":18.4597,"tipPosition":[17.8677,293.537,1.73188],"tipVelocity":[-41.2247,2.0396,-210.89],"tool":false,"touchDistance":0.333333,"touchZone":"none","type":4,"width":15.4897}],"r":[[0.953947,0.112516,0.278075],[-0.140769,0.986493,0.0837547],[-0.264896,-0.119042,0.956901]],"s":0.953685,"t":[-7.06092,4.08049,-2.99463],"timestamp":669267310091},false],[3,{"currentFrameRate":53.4532,"devices":[],"gestures":[],"hands":[{"armBasis":[[0.941687,-0.172157,-0.289115],[0.134983,0.980316,-0.144085],[0.308229,0.0966576,0.946389]],"armWidth":61.4671,"confidence":0.603123,"direction":[-0.13017,0.467035,-0.874605],"elbow":[109.272,339.259,312.877],"grabStrength":0,"id":966,"palmNormal":[-0.253209,-0.868519,-0.4261],"palmPosition":[14.1081,336.013,20.7528],"palmVelocity":[-17.4459,-2.92159,-199.272],"palmWidth":87.7729,"pinchStrength":0.680249,"r":[[0.954585,0.11327,0.275567],[-0.140159,0.986903,0.0798618],[-0.262912,-0.114858,0.957959]],"s":0.953216,"sphereCenter":[9.13147,299.261,-17.04],"sphereRadius":48.1711,"stabilizedPalmPosition":[30.3974,294.202,142.723],"t":[-7.3701,4.00877,-6.6109],"timeVisible":18.4777,"type":"right","wrist":[28.9929,314.084,66.3864]}],"id":4958372,"interactionBox":{"center":[0,200,0],"size":[235.247,235.247,147.751]},"pointables":[{"bases":[[[0.58682,0.801165,0.117372],[-0.607448,0.339736,0.718044],[0.535396,-0.49266,0.68603]],[[0.360513,0.923381,-0.131904],[-0.731112,0.367554,0.574786],[0.579229,-0.110781,0.807602]],[[0.360513,0.923381,-0.131904],[-0.89663,0.382042,0.223827],[0.257071,0.037577,0.965662]],[[0.360513,0.923381,-0.131904],[-0.90134,0.381261,0.20549],[0.240036,0.0448088,0.969729]]],"btipPosition":[-41.343,311.145,-21.3463],"carpPosition":[0.422564,308.059,71.1954],"dipPosition":[-35.9239,312.157,0.546481],"direction":[-0.257071,-0.037577,-0.965662],"extended":false,"handId":966,"id":9660,"length":50.2737,"mcpPosition":[0.422564,308.059,71.1954],"pipPosition":[-27.4689,313.393,32.3072],"stabilizedTipPosition":[-24.1919,270.569,96.7185],"timeVisible":18.4777,"tipPosition":[-40.8239,312.429,-15.8185],"tipVelocity":[-22.1676,-17.8946,-177.074],"tool":false,"touchDistance":-0.766794,"touchZone":"hovering","type":0,"width":19.534},{"bases":[[[0.92315,-0.0852199,-0.374876],[0.207496,0.931341,0.299249],[0.323636,-0.354037,0.87745]],[[0.936517,-0.100742,-0.335837],[0.109307,0.993986,0.0066466],[0.333147,-0.0429341,0.941897]],[[0.936517,-0.100742,-0.335837],[0.0447314,0.984336,-0.170536],[0.347756,0.144687,0.926354]],[[0.936517,-0.100742,-0.335837],[-0.00276688,0.95568,-0.294394],[0.35061,0.276634,0.894732]]],"btipPosition":[-39.3483,346.942,-69.2468],"carpPosition":[11.3132,327.97,68.4051],"dipPosition":[-33.5698,351.501,-54.5003],"direction":[-0.347756,-0.144687,-0.926354],"extended":true,"handId":966,"id":9661,"length":56.7283,"mcpPosition":[-11.6548,353.095,6.13385],"pipPosition":[-25.4615,354.875,-32.9016],"stabilizedTipPosition":[-22.3333,309.688,26.2322],"timeVisible":18.4777,"tipPosition":[-37.8427,346.345,-65.4869],"tipVelocity":[-33.1744,-25.9002,-199.95],"tool":false,"touchDistance":-0.849873,"touchZone":"hovering","type":1,"width":18.6589},{"bases":[[[0.909397,-0.289782,-0.298368],[0.367634,0.895526,0.250755],[0.194532,-0.337726,0.920922]],[[0.915939,-0.302013,-0.26428],[0.0260453,0.701878,-0.711821],[0.400471,0.645101,0.650743]],[[0.915939,-0.302013,-0.26428],[-0.337478,-0.22328,-0.914469],[0.217173,0.926787,-0.306434]],[[0.915939,-0.302013,-0.26428],[-0.40121,-0.673899,-0.620395],[0.00926895,0.674276,-0.738421]]],"btipPosition":[-15.5208,283.788,-6.45176],"carpPosition":[22.3171,328.699,63.993],"dipPosition":[-15.3528,296.011,-19.8376],"direction":[-0.217173,-0.926787,0.306434],"extended":false,"handId":966,"id":9662,"length":64.6373,"mcpPosition":[9.22487,351.428,2.01377],"pipPosition":[-9.39553,321.434,-28.2433],"stabilizedTipPosition":[9.64172,237.022,122.591],"timeVisible":18.4777,"tipPosition":[-15.124,286.37,-8.05886],"tipVelocity":[-36.8658,-12.4603,-178.84],"tool":false,"touchDistance":0.333333,"touchZone":"none","type":2,"width":18.3255},{"bases":[[[0.897793,-0.403001,-0.177643],[0.43768,0.861312,0.258027],[0.0490213,-0.309406,0.949666]],[[0.899003,-0.414368,-0.141753],[0.179647,0.644117,-0.743532],[0.399401,0.642972,0.653503]],[[0.899003,-0.414368,-0.141753],[-0.261363,-0.247922,-0.932858],[0.351402,0.875691,-0.331183]],[[0.899003,-0.414368,-0.141753],[-0.405214,-0.664259,-0.628142],[0.166121,0.622141,-0.765078]]],"btipPosition":[0.645912,282.697,-2.94689],"carpPosition":[33.2066,326.327,59.9635],"dipPosition":[3.63998,293.91,-16.7362],"direction":[-0.351402,-0.875691,0.331183],"extended":false,"handId":966,"id":9663,"length":62.1505,"mcpPosition":[30.2445,345.023,2.57964],"pipPosition":[13.0303,317.311,-25.5863],"stabilizedTipPosition":[26.2734,235.129,132.734],"timeVisible":18.4777,"tipPosition":[1.58322,285.113,-4.57832],"tipVelocity":[-34.2709,-17.0182,-172.798],"tool":false,"touchDistance":0.333333,"touchZone":"none","type":3,"width":17.4379},{"bases":[[[0.812691,-0.57284,-0.106711],[0.574592,0.757404,0.310136],[-0.0968347,-0.31336,0.944684]],[[0.806908,-0.587635,-0.0598641],[0.346203,0.55262,-0.758126],[0.478583,0.591013,0.649355]],[[0.806908,-0.587635,-0.0598641],[-0.250653,-0.248877,-0.935539],[0.534857,0.769899,-0.348114]],[[0.806908,-0.587635,-0.0598641],[-0.485111,-0.601465,-0.634749],[0.336995,0.541225,-0.770396]]],"btipPosition":[16.0616,290.952,0.601226],"carpPosition":[42.6638,317.108,56.2134],"dipPosition":[21.6649,299.951,-12.2084],"direction":[-0.534857,-0.769899,0.348114],"extended":false,"handId":966,"id":9664,"length":48.7249,"mcpPosition":[48.0802,334.636,3.37247],"pipPosition":[31.7562,314.477,-18.7764],"stabilizedTipPosition":[41.4118,244.877,130.031],"timeVisible":18.4777,"tipPosition":[17.5158,292.866,-0.896061],"tipVelocity":[-30.9777,-17.4124,-179.27],"tool":false,"touchDistance":0.333333,"touchZone":"none","type":4,"width":15.4897}],"r":[[0.954585,0.11327,0.275567],[-0.140159,0.986903,0.0798618],[-0.262912,-0.114858,0.957959]],"s":0.953216,"t":[-7.3701,4.00877,-6.6109],"timestamp":669267328171},false],[4,{"currentFrameRate":53.6273,"devices":[],"gestures":[],"hands":[{"armBasis":[[0.94295,-0.16876,-0.286992],[0.132896,0.98115,-0.140299],[0.305259,0.0941555,0.947603]],"armWidth":61.4671,"confidence":0.613209,"direction":[-0.132885,0.464473,-0.875561],"elbow":[108.718,338.757,312.023],"grabStrength":0,"id":966,"palmNormal":[-0.250555,-0.870445,-0.423732],"palmPosition":[14.1944,336,19.5484],"palmVelocity":[-6.9008,-1.88668,-136.449],"palmWidth":87.7729,"pinchStrength":0.683607,"r":[[0.955074,0.114688,0.273278],[-0.140375,0.987153,0.0763079],[-0.261015,-0.111241,0.958904]],"s":0.95307,"sphereCenter":[9.15505,299.227,-18.1172],"sphereRadius":48.1208,"stabilizedPalmPosition":[30.397,294.203,142.72],"t":[-7.48154,3.96625,-9.02123],"timeVisible":18.4958,"type":"right","wrist":[29.2119,314.233,65.2166]}],"id":4958373,"interactionBox":{"center":[0,200,0],"size":[235.247,235.247,147.751]},"pointables":[{"bases":[[[0.584047,0.803565,0.114772],[-0.607836,0.339244,0.717947],[0.537981,-0.489078,0.68657]],[[0.357121,0.924336,-0.134418],[-0.732469,0.366431,0.573775],[0.579616,-0.10645,0.807907]],[[0.357121,0.924336,-0.134418],[-0.897634,0.379417,0.224267],[0.258298,0.0405675,0.965213]],[[0.357121,0.924336,-0.134418],[-0.90278,0.378498,0.204272],[0.239693,0.0483997,0.969642]]],"btipPosition":[-41.1475,310.815,-22.4661],"carpPosition":[0.669337,308.116,70.0735],"dipPosition":[-35.7362,311.908,-0.575306],"direction":[-0.258298,-0.0405675,-0.965213],"extended":false,"handId":966,"id":9660,"length":50.2737,"mcpPosition":[0.669337,308.116,70.0735],"pipPosition":[-27.2407,313.242,31.1707],"stabilizedTipPosition":[-24.192,270.569,96.7177],"timeVisible":18.4958,"tipPosition":[-40.6274,312.079,-16.9448],"tipVelocity":[-6.55796,-17.6067,-122.565],"tool":false,"touchDistance":-0.735251,"touchZone":"hovering","type":0,"width":19.534},{"bases":[[[0.923014,-0.0827676,-0.375759],[0.204467,0.932798,0.296786],[0.325943,-0.350768,0.877908]],[[0.936237,-0.0978491,-0.337468],[0.106229,0.994321,0.00640803],[0.334925,-0.0418485,0.941315]],[[0.936237,-0.0978491,-0.337468],[0.0422307,0.984816,-0.168387],[0.348821,0.143399,0.926154]],[[0.936237,-0.0978491,-0.337468],[-0.00481038,0.956782,-0.290765],[0.351335,0.273848,0.895305]]],"btipPosition":[-39.4513,346.831,-70.4421],"carpPosition":[11.4844,328.06,67.223],"dipPosition":[-33.6608,351.344,-55.6862],"direction":[-0.348821,-0.143399,-0.926154],"extended":true,"handId":966,"id":9661,"length":56.7283,"mcpPosition":[-11.6473,352.954,4.91917],"pipPosition":[-25.5277,354.688,-34.0921],"stabilizedTipPosition":[-22.3385,309.7,26.2018],"timeVisible":18.4958,"tipPosition":[-37.9354,346.253,-66.6958],"tipVelocity":[-20.0775,-16.8085,-136.51],"tool":false,"touchDistance":-0.811117,"touchZone":"hovering","type":1,"width":18.6589},{"bases":[[[0.910093,-0.287195,-0.298748],[0.364676,0.897449,0.248189],[0.196832,-0.334821,0.921494]],[[0.916733,-0.299348,-0.264559],[0.0237432,0.701878,-0.711901],[0.398795,0.646342,0.650542]],[[0.916733,-0.299348,-0.264559],[-0.337074,-0.224121,-0.914413],[0.214435,0.927448,-0.306362]],[[0.916733,-0.299348,-0.264559],[-0.399441,-0.675344,-0.619966],[0.00691744,0.674019,-0.738682]]],"btipPosition":[-15.3166,283.641,-7.67494],"carpPosition":[22.4805,328.819,62.7962],"dipPosition":[-15.1912,295.859,-21.0655],"direction":[-0.214435,-0.927448,0.306362],"extended":false,"handId":966,"id":9662,"length":64.6373,"mcpPosition":[9.2334,351.353,0.778488],"pipPosition":[-9.30903,321.3,-29.4693],"stabilizedTipPosition":[9.64077,237.024,122.586],"timeVisible":18.4958,"tipPosition":[-14.9358,286.225,-9.31076],"tipVelocity":[-14.2659,-10.4469,-126.23],"tool":false,"touchDistance":0.333333,"touchZone":"none","type":2,"width":18.3255},{"bases":[[[0.899041,-0.400167,-0.17774],[0.434855,0.863506,0.255459],[0.0512533,-0.306959,0.950342]],[[0.900336,-0.411481,-0.141702],[0.176484,0.642845,-0.745388],[0.397806,0.646091,0.651396]],[[0.900336,-0.411481,-0.141702],[-0.261466,-0.251157,-0.931963],[0.347896,0.87613,-0.333714]],[[0.900336,-0.411481,-0.141702],[-0.403475,-0.66719,-0.626151],[0.163107,0.620919,-0.766718]]],"btipPosition":[0.895001,282.574,-4.0037],"carpPosition":[33.3738,326.476,58.7595],"dipPosition":[3.83474,293.766,-17.8226],"direction":[-0.347896,-0.87613,0.333714],"extended":false,"handId":966,"id":9663,"length":62.1505,"mcpPosition":[30.2768,345.024,1.33486],"pipPosition":[13.1314,317.178,-26.7402],"stabilizedTipPosition":[26.2724,235.131,132.728],"timeVisible":18.4958,"tipPosition":[1.81999,284.994,-5.66311],"tipVelocity":[-11.7925,-12.3018,-118.827],"tool":false,"touchDistance":0.333333,"touchZone":"none","type":3,"width":17.4379},{"bases":[[[0.814639,-0.570143,-0.106304],[0.572203,0.760219,0.307654],[-0.0945932,-0.311454,0.945541]],[[0.808915,-0.584951,-0.0590681],[0.343923,0.552287,-0.759405],[0.476837,0.593979,0.647931]],[[0.808915,-0.584951,-0.0590681],[-0.250106,-0.25145,-0.934997],[0.532075,0.771106,-0.349701]],[[0.808915,-0.584951,-0.0590681],[-0.48327,-0.60434,-0.633422],[0.334824,0.54093,-0.771549]]],"btipPosition":[16.2805,290.901,-0.542161],"carpPosition":[42.8599,317.283,55.0203],"dipPosition":[21.8477,299.895,-13.371],"direction":[-0.532075,-0.771106,0.349701],"extended":false,"handId":966,"id":9664,"length":48.7249,"mcpPosition":[48.151,334.704,2.13141],"pipPosition":[31.8865,314.444,-19.9689],"stabilizedTipPosition":[41.4109,244.879,130.025],"timeVisible":18.4958,"tipPosition":[17.7258,292.821,-2.06976],"tipVelocity":[-10.7453,-10.5174,-124.444],"tool":false,"touchDistance":0.333333,"touchZone":"none","type":4,"width":15.4897}],"r":[[0.955074,0.114688,0.273278],[-0.140375,0.987153,0.0763079],[-0.261015,-0.111241,0.958904]],"s":0.95307,"t":[-7.48154,3.96625,-9.02123],"timestamp":669267346198},false],[5,{"currentFrameRate":53.7737,"devices":[],"gestures":[],"hands":[{"armBasis":[[0.938251,-0.162676,-0.305321],[0.122372,0.981549,-0.146924],[0.323588,0.100489,0.940847]],"armWidth":61.4671,"confidence":0.619695,"direction":[-0.13487,0.461957,-0.876588],"elbow":[113.086,340.161,308.365],"grabStrength":0,"id":966,"palmNormal":[-0.240931,-0.873409,-0.423212],"palmPosition":[13.7089,335.546,17.577],"palmVelocity":[-16.3863,-12.9221,-123.435],"palmWidth":87.7729,"pinchStrength":0.686028,"r":[[0.955082,0.117739,0.27195],[-0.142501,0.987091,0.0731067],[-0.259832,-0.108576,0.95953]],"s":0.953137,"sphereCenter":[9.00698,298.747,-20.024],"sphereRadius":48.0806,"stabilizedPalmPosition":[30.3967,294.203,142.718],"t":[-7.78003,3.71805,-11.2121],"timeVisible":18.5138,"type":"right","wrist":[28.8058,313.989,63.3182]}],"id":4958374,"interactionBox":{"center":[0,200,0],"size":[235.247,235.247,147.751]},"pointables":[{"bases":[[[0.575932,0.809327,0.115294],[-0.613125,0.334349,0.715743],[0.540722,-0.482909,0.688781]],[[0.34868,0.927527,-0.134592],[-0.738,0.360232,0.570604],[0.577735,-0.0996296,0.810121]],[[0.34868,0.927527,-0.134592],[-0.901795,0.371136,0.221415],[0.25532,0.0441711,0.965847]],[[0.34868,0.927527,-0.134592],[-0.907193,0.370074,0.200112],[0.235419,0.0523256,0.970484]]],"btipPosition":[-41.222,309.766,-24.5832],"carpPosition":[0.309847,307.603,68.1029],"dipPosition":[-35.9072,310.947,-2.67344],"direction":[-0.25532,-0.0441711,-0.965847],"extended":false,"handId":966,"id":9660,"length":50.2737,"mcpPosition":[0.309847,307.603,68.1029],"pipPosition":[-27.5096,312.4,29.0934],"stabilizedTipPosition":[-24.1923,270.57,96.7159],"timeVisible":18.5138,"tipPosition":[-40.7275,311.013,-19.0669],"tipVelocity":[-5.98272,-36.2796,-119.865],"tool":false,"touchDistance":-0.721751,"touchZone":"touching","type":0,"width":19.534},{"bases":[[[0.924836,-0.0743673,-0.373025],[0.194605,0.935139,0.296049],[0.326814,-0.346389,0.879322]],[[0.937916,-0.0890524,-0.335237],[0.0970599,0.995253,0.00717207],[0.333007,-0.0392648,0.942107]],[[0.937916,-0.0890524,-0.335237],[0.0341874,0.985509,-0.166142],[0.345174,0.144367,0.927369]],[[0.937916,-0.0890524,-0.335237],[-0.0118886,0.95766,-0.287655],[0.346659,0.273781,0.897146]]],"btipPosition":[-39.816,345.978,-72.6021],"carpPosition":[10.9399,327.646,65.2548],"dipPosition":[-34.1026,350.49,-57.8158],"direction":[-0.345174,-0.144367,-0.927369],"extended":true,"handId":966,"id":9661,"length":56.7283,"mcpPosition":[-12.2536,352.229,2.85072],"pipPosition":[-26.0545,353.856,-36.1934],"stabilizedTipPosition":[-22.3431,309.711,26.1747],"timeVisible":18.5138,"tipPosition":[-38.3054,345.432,-68.8631],"tipVelocity":[-20.5905,-31.254,-128.239],"tool":false,"touchDistance":-0.790633,"touchZone":"touching","type":1,"width":18.6589},{"bases":[[[0.91367,-0.278803,-0.295763],[0.355285,0.901271,0.247956],[0.197432,-0.33163,0.922519]],[[0.920341,-0.290867,-0.261474],[0.0198384,0.702389,-0.711517],[0.390613,0.649651,0.652208]],[[0.920341,-0.290867,-0.261474],[-0.331775,-0.226571,-0.915746],[0.207118,0.929549,-0.305025]],[[0.920341,-0.290867,-0.261474],[-0.391103,-0.678837,-0.621466],[0.00326533,0.674224,-0.73852]]],"btipPosition":[-15.2494,282.897,-9.79899],"carpPosition":[21.9407,328.505,60.8582],"dipPosition":[-15.1902,295.119,-23.1866],"direction":[-0.207118,-0.929549,0.305025],"extended":false,"handId":966,"id":9662,"length":64.6373,"mcpPosition":[8.65329,350.824,-1.22852],"pipPosition":[-9.50873,320.618,-31.5537],"stabilizedTipPosition":[9.64001,237.026,122.582],"timeVisible":18.5138,"tipPosition":[-14.8942,285.487,-11.4615],"tipVelocity":[-6.12002,-25.0114,-122.067],"tool":false,"touchDistance":0.333333,"touchZone":"none","type":2,"width":18.3255},{"bases":[[[0.903365,-0.39171,-0.174628],[0.425768,0.868018,0.255473],[0.0515089,-0.305136,0.950915]],[[0.90467,-0.403016,-0.138387],[0.172534,0.643401,-0.745833],[0.389621,0.650856,0.651599]],[[0.90467,-0.403016,-0.138387],[-0.256055,-0.254563,-0.932542],[0.340601,0.879077,-0.333489]],[[0.90467,-0.403016,-0.138387],[-0.39503,-0.67145,-0.626982],[0.159763,0.621879,-0.766644]]],"btipPosition":[0.98128,281.949,-5.95824],"carpPosition":[32.8675,326.262,56.8557],"dipPosition":[3.86076,293.157,-19.7758],"direction":[-0.340601,-0.879077,0.333489],"extended":false,"handId":966,"id":9663,"length":62.1505,"mcpPosition":[29.7551,344.7,-0.603601],"pipPosition":[12.9625,316.648,-28.6875],"stabilizedTipPosition":[26.2716,235.133,132.724],"timeVisible":18.5138,"tipPosition":[1.8881,284.385,-7.64231],"tipVelocity":[-4.28495,-22.7965,-113.735],"tool":false,"touchDistance":0.333333,"touchZone":"none","type":3,"width":17.4379},{"bases":[[[0.820405,-0.562394,-0.103191],[0.563958,0.766135,0.308202],[-0.0942731,-0.311046,0.945708]],[[0.814569,-0.577443,-0.0551044],[0.340934,0.553454,-0.759903],[0.469298,0.600207,0.647697]],[[0.814569,-0.577443,-0.0551044],[-0.244869,-0.25619,-0.935097],[0.525848,0.775194,-0.350082]],[[0.814569,-0.577443,-0.0551044],[-0.475495,-0.610293,-0.633599],[0.332237,0.542312,-0.771697]]],"btipPosition":[16.2729,290.439,-2.39778],"carpPosition":[42.4526,317.156,53.1564],"dipPosition":[21.7972,299.456,-15.2291],"direction":[-0.525848,-0.775194,0.350082],"extended":false,"handId":966,"id":9664,"length":48.7249,"mcpPosition":[47.7258,334.554,0.258147],"pipPosition":[31.7185,314.082,-21.8342],"stabilizedTipPosition":[41.4102,244.88,130.022],"timeVisible":18.5138,"tipPosition":[17.7057,292.375,-3.98542],"tipVelocity":[-6.09754,-17.5369,-114.106],"tool":false,"touchDistance":0.333333,"touchZone":"none","type":4,"width":15.4897}],"r":[[0.955082,0.117739,0.27195],[-0.142501,0.987091,0.0731067],[-0.259832,-0.108576,0.95953]],"s":0.953137,"t":[-7.78003,3.71805,-11.2121],"timestamp":669267364274},false],[6,{"currentFrameRate":53.9168,"devices":[],"gestures":[],"hands":[{"armBasis":[[0.943962,-0.1507,-0.293642],[0.110243,0.982542,-0.149858],[0.3111,0.109088,0.944096]],"armWidth":61.4671,"confidence":0.620043,"direction":[-0.13935,0.4572,-0.878379],"elbow":[110.092,342.521,307.696],"grabStrength":0,"id":966,"palmNormal":[-0.229211,-0.877836,-0.420554],"palmPosition":[13.7675,335.316,15.9644],"palmVelocity":[-7.0695,-12.8389,-107.281],"palmWidth":87.7729,"pinchStrength":0.686445,"r":[[0.954693,0.122779,0.271085],[-0.146723,0.98671,0.0698229],[-0.25891,-0.106434,0.96002]],"s":0.953433,"sphereCenter":[9.49855,298.392,-21.4968],"sphereRadius":48.053,"stabilizedPalmPosition":[30.3965,294.204,142.717],"t":[-7.89998,3.47897,-13.1138],"timeVisible":18.5319,"type":"right","wrist":[29.0652,314.109,61.8023]}],"id":4958375,"interactionBox":{"center":[0,200,0],"size":[235.247,235.247,147.751]},"pointables":[{"bases":[[[0.565471,0.816941,0.113362],[-0.618409,0.32902,0.713664],[0.545723,-0.47366,0.691254]],[[0.337334,0.931352,-0.137072],[-0.743328,0.352869,0.568284],[0.577641,-0.0898122,0.811335]],[[0.337334,0.931352,-0.137072],[-0.906508,0.36064,0.219502],[0.253867,0.0502113,0.965935]],[[0.337334,0.931352,-0.137072],[-0.912314,0.359338,0.196363],[0.232139,0.0588125,0.970903]]],"btipPosition":[-40.7605,308.725,-26.1906],"carpPosition":[0.645017,307.379,66.5663],"dipPosition":[-35.5197,310.052,-4.27137],"direction":[-0.253867,-0.0502113,-0.965935],"extended":false,"handId":966,"id":9660,"length":50.2737,"mcpPosition":[0.645017,307.379,66.5663],"pipPosition":[-27.17,311.704,27.4983],"stabilizedTipPosition":[-24.1932,270.572,96.7085],"timeVisible":18.5319,"tipPosition":[-40.2793,309.965,-20.6871],"tipVelocity":[8.54801,-45.5721,-105.21],"tool":false,"touchDistance":-0.701988,"touchZone":"touching","type":0,"width":19.534},{"bases":[[[0.926277,-0.063939,-0.371379],[0.182304,0.938537,0.293109],[0.329812,-0.339204,0.881002]],[[0.939377,-0.0782043,-0.333849],[0.0848078,0.996384,0.00522707],[0.332233,-0.0332232,0.942612]],[[0.939377,-0.0782043,-0.333849],[0.0226762,0.985681,-0.16709],[0.342136,0.14939,0.927699]],[[0.939377,-0.0782043,-0.333849],[-0.0226401,0.957372,-0.287969],[0.342138,0.27807,0.897563]]],"btipPosition":[-39.7662,344.929,-74.3467],"carpPosition":[11.0251,327.546,63.665],"dipPosition":[-34.1273,349.512,-59.5535],"direction":[-0.342136,-0.14939,-0.927699],"extended":true,"handId":966,"id":9661,"length":56.7283,"mcpPosition":[-12.3812,351.619,1.14165],"pipPosition":[-26.1501,352.995,-37.9234],"stabilizedTipPosition":[-22.349,309.724,26.1388],"timeVisible":18.5319,"tipPosition":[-38.2588,344.438,-70.6148],"tipVelocity":[-9.96065,-43.5798,-113.235],"tool":false,"touchDistance":-0.766048,"touchZone":"touching","type":1,"width":18.6589},{"bases":[[[0.917579,-0.268234,-0.293428],[0.343474,0.906541,0.245374],[0.200187,-0.325935,0.923954]],[[0.924348,-0.280091,-0.259096],[0.0124055,0.700762,-0.713287],[0.38135,0.656111,0.651222]],[[0.924348,-0.280091,-0.259096],[-0.327233,-0.232741,-0.915833],[0.196214,0.931333,-0.306788]],[[0.924348,-0.280091,-0.259096],[-0.381534,-0.685107,-0.620532],[-0.00370327,0.672441,-0.740141]]],"btipPosition":[-14.4985,282.22,-11.3482],"carpPosition":[22.0209,328.528,59.2819],"dipPosition":[-14.5656,294.41,-24.7652],"direction":[-0.196214,-0.931333,0.306788],"extended":false,"handId":966,"id":9662,"length":64.6373,"mcpPosition":[8.54806,350.464,-2.90136],"pipPosition":[-9.18327,319.958,-33.1807],"stabilizedTipPosition":[9.63886,237.028,122.575],"timeVisible":18.5319,"tipPosition":[-14.1793,284.817,-13.0464],"tipVelocity":[15.7708,-31.1405,-105.073],"tool":false,"touchDistance":0.333333,"touchZone":"none","type":2,"width":18.3255},{"bases":[[[0.908516,-0.380845,-0.171919],[0.41436,0.874208,0.253112],[0.0538971,-0.301193,0.952039]],[[0.90991,-0.392052,-0.135494],[0.165542,0.642719,-0.748003],[0.380341,0.658185,0.649718]],[[0.90991,-0.392052,-0.135494],[-0.251078,-0.260538,-0.932244],[0.330187,0.882279,-0.335502]],[[0.90991,-0.392052,-0.135494],[-0.385316,-0.6779,-0.626085],[0.153606,0.621889,-0.767892]]],"btipPosition":[1.74009,281.457,-7.42093],"carpPosition":[32.9814,326.411,55.3036],"dipPosition":[4.50859,292.666,-21.261],"direction":[-0.330187,-0.882279,0.335502],"extended":false,"handId":966,"id":9663,"length":62.1505,"mcpPosition":[29.7247,344.61,-2.22366],"pipPosition":[13.332,316.242,-30.2264],"stabilizedTipPosition":[26.2706,235.135,132.718],"timeVisible":18.5319,"tipPosition":[2.62007,283.913,-9.14021],"tipVelocity":[17.0364,-24.9128,-98.376],"tool":false,"touchDistance":0.333333,"touchZone":"none","type":3,"width":17.4379},{"bases":[[[0.827611,-0.552319,-0.100018],[0.553746,0.774264,0.3064],[-0.0917902,-0.308965,0.946634]],[[0.821512,-0.568065,-0.0492056],[0.334553,0.550094,-0.765161],[0.461729,0.612126,0.641956]],[[0.821512,-0.568065,-0.0492056],[-0.240632,-0.267165,-0.933123],[0.516928,0.778412,-0.356174]],[[0.821512,-0.568065,-0.0492056],[-0.466617,-0.62018,-0.630591],[0.3277,0.540998,-0.774554]]],"btipPosition":[16.87,290.134,-3.59764],"carpPosition":[42.6866,317.413,51.6501],"dipPosition":[22.3188,299.13,-16.4764],"direction":[-0.516928,-0.778412,0.356174],"extended":false,"handId":966,"id":9664,"length":48.7249,"mcpPosition":[47.8209,334.695,-1.29994],"pipPosition":[32.0718,313.816,-23.1965],"stabilizedTipPosition":[41.4097,244.881,130.019],"timeVisible":18.5319,"tipPosition":[18.295,292.106,-5.38598],"tipVelocity":[12.0434,-17.3524,-91.8086],"tool":false,"touchDistance":0.333333,"touchZone":"none","type":4,"width":15.4897}],"r":[[0.954693,0.122779,0.271085],[-0.146723,0.9