{"sensorType":"Leap","data":[[0,{"currentFrameRate":51.5056,"devices":[],"gestures":[],"hands":[{"armBasis":[[0.939163,-0.209325,-0.272317],[0.16642,0.970876,-0.172347],[0.300463,0.116543,0.946647]],"armWidth":61.4671,"confidence":0.376766,"direction":[-0.12147,0.558375,-0.820647],"elbow":[103.929,319.853,316.62],"grabStrength":0.183114,"id":966,"palmNormal":[-0.330065,-0.802443,-0.497134],"palmPosition":[11.0857,316.789,27.3146],"palmVelocity":[44.144,124.155,-213.941],"palmWidth":87.7729,"pinchStrength":0.387804,"r":[[0.976599,0.0513767,0.208843],[-0.0846859,0.984462,0.153828],[-0.197695,-0.167914,0.965775]],"s":0.962805,"sphereCenter":[7.39199,282.318,-13.3871],"sphereRadius":48.7307,"stabilizedPalmPosition":[-6.3391,280.632,91.8141],"t":[-11.51,-17.5473,0.230991],"timeVisible":3.56226,"type":"right","wrist":[25.6721,289.499,70.0624]}],"id":4957568,"interactionBox":{"center":[0,200,0],"size":[235.247,235.247,147.751]},"pointables":[{"bases":[[[0.648205,0.741987,0.17113],[-0.558361,0.310343,0.769364],[0.517749,-0.594258,0.615462]],[[0.395953,0.914639,-0.0815831],[-0.690988,0.355285,0.62953],[0.604778,-0.192891,0.772681]],[[0.395953,0.914639,-0.0815831],[-0.845163,0.397728,0.357088],[0.359055,-0.0724393,0.930501]],[[0.395953,0.914639,-0.0815831],[-0.847867,0.398266,0.350008],[0.352623,-0.0694153,0.933187]]],"btipPosition":[-52.0007,298.322,-13.5378],"carpPosition":[-3.10878,285.084,75.341],"dipPosition":[-44.0398,296.755,7.52999],"direction":[-0.359055,0.0724393,-0.930501],"extended":false,"handId":966,"id":9660,"length":50.2737,"mcpPosition":[-3.10878,285.084,75.341],"pipPosition":[-32.2305,294.372,38.1343],"stabilizedTipPosition":[-76.7135,255.323,70.9814],"timeVisible":3.56226,"tipPosition":[-51.0585,299.276,-7.88961],"tipVelocity":[66.4448,96.4426,-216.396],"tool":false,"touchDistance":-0.842104,"touchZone":"hovering","type":0,"width":19.534},{"bases":[[[0.902426,-0.11374,-0.415561],[0.285335,0.880461,0.378645],[0.322818,-0.460273,0.827005]],[[0.927741,-0.154561,-0.339716],[0.131623,0.987232,-0.0897088],[0.349244,0.0385121,0.93624]],[[0.927741,-0.154561,-0.339716],[0.0181257,0.927805,-0.372625],[0.372784,0.339542,0.863565]],[[0.927741,-0.154561,-0.339716],[-0.0592621,0.837668,-0.542955],[0.368489,0.523854,0.767979]]],"btipPosition":[-43.0026,318.864,-56.2296],"carpPosition":[9.14619,304.346,74.0548],"dipPosition":[-36.9294,327.498,-43.5721],"direction":[-0.372784,-0.339542,-0.863565],"extended":true,"handId":966,"id":9661,"length":56.7283,"mcpPosition":[-13.7637,337.011,15.3636],"pipPosition":[-28.2376,335.415,-23.4374],"stabilizedTipPosition":[-48.9033,292.209,-16.6871],"timeVisible":3.56226,"tipPosition":[-41.5061,318.561,-52.1114],"tipVelocity":[28.2291,191.459,-229.268],"tool":false,"touchDistance":-1,"touchZone":"hovering","type":1,"width":18.6589},{"bases":[[[0.875789,-0.323298,-0.358429],[0.440811,0.838238,0.321003],[0.196669,-0.43913,0.876633]],[[0.877876,-0.328054,-0.348876],[-0.0759083,0.62398,-0.777745],[0.472834,0.709246,0.522875]],[[0.877876,-0.328054,-0.348876],[-0.45604,-0.350339,-0.818102],[0.146156,0.877293,-0.45716]],[[0.877876,-0.328054,-0.348876],[-0.470229,-0.728412,-0.498297],[-0.0906575,0.601495,-0.793716]]],"btipPosition":[-17.5519,266.325,12.942],"carpPosition":[20.0349,304.717,69.3237],"dipPosition":[-19.1953,277.228,-1.44612],"direction":[-0.146156,-0.877293,0.45716],"extended":false,"handId":966,"id":9662,"length":64.6373,"mcpPosition":[6.79886,334.271,10.3252],"pipPosition":[-15.1861,301.293,-13.9865],"stabilizedTipPosition":[-37.1304,222.026,97.3303],"timeVisible":3.56226,"tipPosition":[-17.4182,268.89,10.8535],"tipVelocity":[50.9931,117.986,-240.508],"tool":false,"touchDistance":0.333333,"touchZone":"none","type":2,"width":18.3255},{"bases":[[[0.859446,-0.44666,-0.24869],[0.5083,0.798572,0.322356],[0.0546137,-0.403457,0.913367]],[[0.860265,-0.453598,-0.232795],[0.0704148,0.557924,-0.826899],[0.504961,0.69496,0.511903]],[[0.860265,-0.453598,-0.232795],[-0.41529,-0.358535,-0.836054],[0.295767,0.815906,-0.496809]],[[0.860265,-0.453598,-0.232795],[-0.505512,-0.699433,-0.505224],[0.0663441,0.552307,-0.830997]]],"btipPosition":[-3.57326,264.649,15.682],"carpPosition":[30.59,301.98,64.682],"dipPosition":[-2.37751,274.603,0.704584],"direction":[-0.295767,-0.815906,0.496809],"extended":false,"handId":966,"id":9663,"length":62.1505,"mcpPosition":[27.2899,326.359,9.49152],"pipPosition":[5.52614,296.406,-12.5714],"stabilizedTipPosition":[-18.2017,227.229,86.4475],"timeVisible":3.56226,"tipPosition":[-3.04666,266.935,13.1158],"tipVelocity":[53.7785,122.486,-245.659],"tool":false,"touchDistance":0.333333,"touchZone":"none","type":3,"width":17.4379},{"bases":[[[0.764112,-0.61612,-0.191128],[0.638603,0.680576,0.35917],[-0.0912151,-0.396501,0.913492]],[[0.744871,-0.663897,-0.0663877],[0.303204,0.42545,-0.852678],[0.594335,0.615006,0.518202]],[[0.744871,-0.663897,-0.0663877],[-0.389118,-0.351429,-0.851519],[0.541991,0.660105,-0.520104]],[[0.744871,-0.663897,-0.0663877],[-0.595162,-0.616167,-0.515869],[0.301578,0.423768,-0.854091]]],"btipPosition":[8.80498,274.222,14.9623],"carpPosition":[39.2154,292.521,59.7196],"dipPosition":[13.8194,281.268,0.760971],"direction":[-0.541991,-0.660105,0.520104],"extended":false,"handId":966,"id":9664,"length":48.7249,"mcpPosition":[44.3175,314.699,8.62338],"pipPosition":[24.0453,293.722,-9.05197],"stabilizedTipPosition":[-4.80884,238.741,80.6105],"timeVisible":3.56226,"tipPosition":[10.1023,275.844,12.1264],"tipVelocity":[53.2404,128.276,-242.42],"tool":false,"touchDistance":0.333333,"touchZone":"none","type":4,"width":15.4897}],"r":[[0.976599,0.0513767,0.208843],[-0.0846859,0.984462,0.153828],[-0.197695,-0.167914,0.965775]],"s":0.962805,"t":[-11.51,-17.5473,0.230991],"timestamp":669252412689},false],[1,{"currentFrameRate":51.6367,"devices":[],"gestures":[],"hands":[{"armBasis":[[0.935052,-0.194851,-0.296159],[0.149804,0.974327,-0.168065],[0.321304,0.112784,0.940236]],"armWidth":61.4671,"confidence":0.440433,"direction":[-0.12203,0.55198,-0.82488],"elbow":[109.037,321.564,311.555],"grabStrength":0.173089,"id":966,"palmNormal":[-0.305654,-0.811601,-0.497876],"palmPosition":[10.7783,318.967,23.5921],"palmVelocity":[14.5317,119.842,-205.71],"palmWidth":87.7729,"pinchStrength":0.396475,"r":[[0.975877,0.0539422,0.211554],[-0.0881296,0.983871,0.155665],[-0.199744,-0.170554,0.96489]],"s":0.963905,"sphereCenter":[8.4127,284.211,-17.077],"sphereRadius":48.7936,"stabilizedPalmPosition":[-5.80907,281.819,89.7016],"t":[-11.2596,-15.3282,-3.57847],"timeVisible":3.58114,"type":"right","wrist":[25.3523,292.189,66.6666]}],"id":4957569,"interactionBox":{"center":[0,200,0],"size":[235.247,235.247,147.751]},"pointables":[{"bases":[[[0.629553,0.756619,0.176609],[-0.575643,0.301556,0.760066],[0.521823,-0.580165,0.625387]],[[0.37731,0.922601,-0.0802823],[-0.706703,0.342869,0.61888],[0.598505,-0.176774,0.781372]],[[0.37731,0.922601,-0.0802823],[-0.859233,0.381094,0.341301],[0.345479,-0.059795,0.936519]],[[0.37731,0.922601,-0.0802823],[-0.864145,0.38192,0.327705],[0.333002,-0.0542709,0.941363]]],"btipPosition":[-51.0978,298.878,-18.1139],"carpPosition":[-3.39737,287.174,71.5658],"dipPosition":[-43.5799,297.653,3.13845],"direction":[-0.345479,0.059795,-0.936519],"extended":false,"handId":966,"id":9660,"length":50.2737,"mcpPosition":[-3.39737,287.174,71.5658],"pipPosition":[-32.217,295.686,33.9407],"stabilizedTipPosition":[-76.1835,256.161,69.3494],"timeVisible":3.58114,"tipPosition":[-50.2998,299.829,-12.4707],"tipVelocity":[54.673,65.6581,-228.015],"tool":false,"touchDistance":-0.854232,"touchZone":"hovering","type":0,"width":19.534},{"bases":[[[0.910396,-0.0959764,-0.402452],[0.260908,0.888106,0.37841],[0.321102,-0.449506,0.833569]],[[0.935409,-0.135689,-0.326494],[0.11328,0.989765,-0.0867931],[0.33493,0.0442017,0.941206]],[[0.935409,-0.135689,-0.326494],[0.00748872,0.930824,-0.36539],[0.353489,0.339344,0.871717]],[[0.935409,-0.135689,-0.326494],[-0.0642667,0.842794,-0.534385],[0.347678,0.520851,0.779637]]],"btipPosition":[-42.1859,320.264,-60.9792],"carpPosition":[8.45501,306.691,70.3591],"dipPosition":[-36.4556,328.848,-48.1296],"direction":[-0.353489,-0.339344,-0.871717],"extended":true,"handId":966,"id":9661,"length":56.7283,"mcpPosition":[-14.3331,338.592,11.202],"pipPosition":[-28.2137,336.76,-27.8048],"stabilizedTipPosition":[-47.9716,295.691,-21.4803],"timeVisible":3.58114,"tipPosition":[-40.7468,320.021,-56.8767],"tipVelocity":[33.546,133.665,-239.037],"tool":false,"touchDistance":-1,"touchZone":"hovering","type":1,"width":18.6589},{"bases":[[[0.887501,-0.305809,-0.344707],[0.418051,0.84901,0.323132],[0.193844,-0.430886,0.881341]],[[0.889565,-0.310495,-0.335064],[-0.0766923,0.621564,-0.7796],[0.450326,0.719201,0.529109]],[[0.889565,-0.310495,-0.335064],[-0.436077,-0.358738,-0.825314],[0.136056,0.880284,-0.45452]],[[0.889565,-0.310495,-0.335064],[-0.44784,-0.737405,-0.505641],[-0.0900786,0.599855,-0.795022]]],"btipPosition":[-16.6853,267.815,8.74075],"carpPosition":[19.3983,307.277,65.7779],"dipPosition":[-18.3182,278.689,-5.67107],"direction":[-0.136056,-0.880284,0.45452],"extended":false,"handId":966,"id":9662,"length":64.6373,"mcpPosition":[6.35237,336.277,6.46255],"pipPosition":[-14.5861,302.836,-18.139],"stabilizedTipPosition":[-36.7307,222.988,95.4996],"timeVisible":3.58114,"tipPosition":[-16.5666,270.387,6.65989],"tipVelocity":[48.5576,98.6753,-231.825],"tool":false,"touchDistance":0.333333,"touchZone":"none","type":2,"width":18.3255},{"bases":[[[0.872297,-0.42901,-0.234625],[0.486357,0.810824,0.325609],[0.0505502,-0.39814,0.915931]],[[0.873049,-0.435925,-0.218529],[0.0743136,0.56185,-0.823894],[0.481937,0.70306,0.522918]],[[0.873049,-0.435925,-0.218529],[-0.392266,-0.361616,-0.84579],[0.289677,0.824138,-0.486707]],[[0.873049,-0.435925,-0.218529],[-0.482412,-0.706711,-0.517531],[0.0711675,0.557251,-0.827289]]],"btipPosition":[-2.77566,266.439,11.3296],"carpPosition":[30.0739,304.75,61.2961],"dipPosition":[-1.49298,276.482,-3.58093],"direction":[-0.289677,-0.824138,0.486707],"extended":false,"handId":966,"id":9663,"length":62.1505,"mcpPosition":[27.0194,328.807,5.95072],"pipPosition":[6.24794,298.505,-16.587],"stabilizedTipPosition":[-17.8711,228.102,84.7954],"timeVisible":3.58114,"tipPosition":[-2.20594,268.763,8.9075],"tipVelocity":[48.6435,109.456,-237.832],"tool":false,"touchDistance":0.333333,"touchZone":"none","type":3,"width":17.4379},{"bases":[[[0.779853,-0.600242,-0.177593],[0.618653,0.695845,0.364785],[-0.0953824,-0.394347,0.913998]],[[0.759443,-0.648592,-0.0507471],[0.313298,0.432974,-0.845209],[0.570168,0.625988,0.532022]],[[0.759443,-0.648592,-0.0507471],[-0.361818,-0.356251,-0.861495],[0.54068,0.672617,-0.505225]],[[0.759443,-0.648592,-0.0507471],[-0.570913,-0.627019,-0.530005],[0.311938,0.431481,-0.846475]]],"btipPosition":[9.46984,276.3,10.8342],"carpPosition":[38.9703,295.458,56.4986],"dipPosition":[14.6565,283.474,-3.24047],"direction":[-0.54068,-0.672617,0.505225],"extended":false,"handId":966,"id":9664,"length":48.7249,"mcpPosition":[44.3056,317.516,5.37407],"pipPosition":[24.8577,296.164,-12.7727],"stabilizedTipPosition":[-4.44201,239.671,78.8793],"timeVisible":3.58114,"tipPosition":[10.8274,277.956,8.18352],"tipVelocity":[45.4331,120.107,-230.003],"tool":false,"touchDistance":0.333333,"touchZone":"none","type":4,"width":15.4897}],"r":[[0.975877,0.0539422,0.211554],[-0.0881296,0.983871,0.155665],[-0.199744,-0.170554,0.96489]],"s":0.963905,"t":[-11.2596,-15.3282,-3.57847],"timestamp":669252431571},false],[2,{"currentFrameRate":51.9326,"devices":[],"gestures":[],"hands":[{"armBasis":[[0.938255,-0.188144,-0.290308],[0.145092,0.975818,-0.163483],[0.314047,0.111268,0.942865]],"armWidth":61.4671,"confidence":0.475365,"direction":[-0.12457,0.548452,-0.826851],"elbow":[107.653,323.646,309.705],"grabStrength":0.163407,"id":966,"palmNormal":[-0.298625,-0.815427,-0.495885],"palmPosition":[11.1673,321.198,20.9454],"palmVelocity":[17.813,121.262,-177.084],"palmWidth":87.7729,"pinchStrength":0.40227,"r":[[0.975122,0.0575809,0.214061],[-0.0924156,0.983349,0.156471],[-0.201487,-0.172361,0.964207]],"s":0.964658,"sphereCenter":[9.11574,286.282,-19.6831],"sphereRadius":48.8447,"stabilizedPalmPosition":[-5.28363,283.038,87.5735],"t":[-10.9398,-13.103,-6.80652],"timeVisible":3.59931,"type":"right","wrist":[25.8584,294.666,64.132]}],"id":4957570,"interactionBox":{"center":[0,200,0],"size":[235.247,235.247,147.751]},"pointables":[{"bases":[[[0.623541,0.761859,0.175407],[-0.579336,0.299633,0.758017],[0.524944,-0.574274,0.628206]],[[0.37087,0.925039,-0.0822072],[-0.710101,0.339514,0.616836],[0.598508,-0.17039,0.782787]],[[0.37087,0.925039,-0.0822072],[-0.863065,0.375995,0.337265],[0.342893,-0.0541311,0.937814]],[[0.37087,0.925039,-0.0822072],[-0.869621,0.376984,0.318814],[0.325907,-0.0467494,0.944245]]],"btipPosition":[-50.3176,300.492,-20.8629],"carpPosition":[-2.86234,289.452,68.9926],"dipPosition":[-42.9599,299.437,0.454511],"direction":[-0.342893,0.0541311,-0.937814],"extended":false,"handId":966,"id":9660,"length":50.2737,"mcpPosition":[-2.86234,289.452,68.9926],"pipPosition":[-31.6821,297.656,31.2993],"stabilizedTipPosition":[-75.7655,256.83,68.0553],"timeVisible":3.59931,"tipPosition":[-49.5648,301.416,-15.2342],"tipVelocity":[48.1124,77.7365,-191.047],"tool":false,"touchDistance":-0.838153,"touchZone":"hovering","type":0,"width":19.534},{"bases":[[[0.911858,-0.0904314,-0.400422],[0.253538,0.89122,0.376093],[0.322853,-0.444466,0.835593]],[[0.936844,-0.129396,-0.324932],[0.107648,0.990624,-0.0841216],[0.33277,0.0438305,0.941989]],[[0.936844,-0.129396,-0.324932],[0.00543824,0.934321,-0.356391],[0.349706,0.332116,0.876016]],[[0.936844,-0.129396,-0.324932],[-0.0639127,0.850062,-0.52279],[0.343859,0.510539,0.788105]]],"btipPosition":[-41.6784,322.621,-64.0076],"carpPosition":[8.84615,309.053,67.7466],"dipPosition":[-36.0111,331.036,-51.0185],"direction":[-0.349706,-0.332116,-0.876016],"extended":true,"handId":966,"id":9661,"length":56.7283,"mcpPosition":[-14.0663,340.596,8.44581],"pipPosition":[-27.8574,338.779,-30.5934],"stabilizedTipPosition":[-47.2164,298.56,-25.4108],"timeVisible":3.59931,"tipPosition":[-40.2438,322.379,-59.9207],"tipVelocity":[30.489,130.786,-203.696],"tool":false,"touchDistance":-1,"touchZone":"hovering","type":1,"width":18.6589},{"bases":[[[0.890421,-0.300246,-0.342057],[0.411075,0.853126,0.321237],[0.195368,-0.426647,0.883065]],[[0.892507,-0.304901,-0.332366],[-0.0785641,0.620539,-0.78023],[0.444139,0.722473,0.529881]],[[0.892507,-0.304901,-0.332366],[-0.431246,-0.360993,-0.826868],[0.132131,0.881317,-0.453676]],[[0.892507,-0.304901,-0.332366],[-0.441696,-0.740015,-0.507229],[-0.091301,0.59951,-0.795142]]],"btipPosition":[-15.9752,269.785,5.97426],"carpPosition":[19.7935,309.706,63.1843],"dipPosition":[-17.6303,280.653,-8.43975],"direction":[-0.132131,-0.881317,0.453676],"extended":false,"handId":966,"id":9662,"length":64.6373,"mcpPosition":[6.64499,338.42,3.75291],"pipPosition":[-14.0058,304.828,-20.8845],"stabilizedTipPosition":[-36.3555,223.896,93.7901],"timeVisible":3.59931,"tipPosition":[-15.8683,272.358,3.8869],"tipVelocity":[43.9081,103.28,-193.904],"tool":false,"touchDistance":0.333333,"touchZone":"none","type":2,"width":18.3255},{"bases":[[[0.875926,-0.423211,-0.231615],[0.479659,0.81546,0.323964],[0.051768,-0.394865,0.91728]],[[0.876704,-0.430115,-0.215387],[0.074721,0.564094,-0.822323],[0.475192,0.70484,0.526682]],[[0.876704,-0.430115,-0.215387],[-0.38555,-0.360555,-0.849324],[0.287648,0.827648,-0.481931]],[[0.876704,-0.430115,-0.215387],[-0.475593,-0.70791,-0.522183],[0.0721244,0.560236,-0.825187]]],"btipPosition":[-2.09917,268.511,8.355],"carpPosition":[30.4963,307.244,58.7307],"dipPosition":[-0.799244,278.609,-6.51768],"direction":[-0.287648,-0.827648,0.481931],"extended":false,"handId":966,"id":9663,"length":62.1505,"mcpPosition":[27.3682,331.104,3.30384],"pipPosition":[6.88746,300.726,-19.3961],"stabilizedTipPosition":[-17.5529,228.948,83.2144],"timeVisible":3.59931,"tipPosition":[-1.51194,270.856,6.00158],"tipVelocity":[43.308,111.989,-202.268],"tool":false,"touchDistance":0.333333,"touchZone":"none","type":3,"width":17.4379},{"bases":[[[0.784656,-0.594949,-0.174217],[0.612735,0.701597,0.363754],[-0.0941849,-0.39217,0.915058]],[[0.763905,-0.643748,-0.0451391],[0.319737,0.438319,-0.840027],[0.560551,0.627268,0.540664]],[[0.763905,-0.643748,-0.0451391],[-0.348829,-0.353066,-0.868138],[0.542925,0.678921,-0.494267]],[[0.763905,-0.643748,-0.0451391],[-0.561066,-0.627974,-0.539308],[0.318832,0.437306,-0.840898]]],"btipPosition":[10.0746,278.465,7.66149],"carpPosition":[39.4711,298.005,53.9795],"dipPosition":[15.376,285.736,-6.32043],"direction":[-0.542925,-0.678921,0.494267],"extended":false,"handId":966,"id":9664,"length":48.7249,"mcpPosition":[44.7393,319.941,2.79563],"pipPosition":[25.6195,298.546,-15.6459],"stabilizedTipPosition":[-4.08159,240.597,77.1745],"timeVisible":3.59931,"tipPosition":[11.482,280.149,5.19092],"tipVelocity":[40.3348,120.254,-203.041],"tool":false,"touchDistance":0.333333,"touchZone":"none","type":4,"width":15.4897}],"r":[[0.975122,0.0575809,0.214061],[-0.0924156,0.983349,0.156471],[-0.201487,-0.172361,0.964207]],"s":0.964658,"t":[-10.9398,-13.103,-6.80652],"timestamp":669252449738},false],[3,{"currentFrameRate":52.1228,"devices":[],"gestures":[],"hands":[{"armBasis":[[0.938641,-0.196488,-0.283452],[0.154379,0.974281,-0.164148],[0.308415,0.110317,0.944833]],"armWidth":61.4671,"confidence":0.511507,"direction":[-0.128581,0.542413,-0.830214],"elbow":[107.25,325.048,307.577],"grabStrength":0.152506,"id":966,"palmNormal":[-0.31049,-0.817093,-0.485753],"palmPosition":[12.0046,322.601,18.2323],"palmVelocity":[31.0787,99.349,-162.434],"palmWidth":87.7729,"pinchStrength":0.407841,"r":[[0.975045,0.0592251,0.213963],[-0.0938753,0.983349,0.155605],[-0.201185,-0.171808,0.964369]],"s":0.965425,"sphereCenter":[9.20891,287.356,-22.1265],"sphereRadius":48.8953,"stabilizedPalmPosition":[-4.7741,284.204,85.5299],"t":[-10.3613,-11.289,-9.77713],"timeVisible":3.6178,"type":"right","wrist":[26.9219,296.315,61.492]}],"id":4957571,"interactionBox":{"center":[0,200,0],"size":[235.247,235.247,147.751]},"pointables":[{"bases":[[[0.631614,0.758078,0.162422],[-0.568951,0.310918,0.761331],[0.526648,-0.573278,0.62769]],[[0.37808,0.92103,-0.0935943],[-0.700765,0.350787,0.62119],[0.604966,-0.169272,0.778051]],[[0.37808,0.92103,-0.0935943],[-0.856895,0.386424,0.341187],[0.35041,-0.0487953,0.935324]],[[0.37808,0.92103,-0.0935943],[-0.865262,0.387508,0.318055],[0.329206,-0.0392664,0.943441]]],"btipPosition":[-49.8771,302.026,-22.8349],"carpPosition":[-1.78907,291.383,66.6926],"dipPosition":[-42.4449,301.139,-1.53561],"direction":[-0.35041,0.0487953,-0.935324],"extended":false,"handId":966,"id":9660,"length":50.2737,"mcpPosition":[-1.78907,291.383,66.6926],"pipPosition":[-30.9198,299.534,29.2273],"stabilizedTipPosition":[-75.3308,257.539,66.7009],"timeVisible":3.6178,"tipPosition":[-49.0966,302.935,-17.2301],"tipVelocity":[36.8333,81.2672,-150.406],"tool":false,"touchDistance":-0.812313,"touchZone":"hovering","type":0,"width":19.534},{"bases":[[[0.90688,-0.101469,-0.408989],[0.264794,0.892237,0.365784],[0.327799,-0.44002,0.83602]],[[0.932124,-0.13965,-0.33413],[0.116857,0.989289,-0.0874787],[0.342768,0.0424956,0.938459]],[[0.932124,-0.13965,-0.33413],[0.0142925,0.936123,-0.351382],[0.361858,0.322756,0.874578]],[[0.932124,-0.13965,-0.33413],[-0.055843,0.856192,-0.513632],[0.357808,0.497427,0.790278]]],"btipPosition":[-41.7352,324.617,-66.4829],"carpPosition":[10.0678,310.875,65.1575],"dipPosition":[-35.838,332.816,-53.458],"direction":[-0.361858,-0.322756,-0.874578],"extended":true,"handId":966,"id":9661,"length":56.7283,"mcpPosition":[-13.1955,342.102,5.82647],"pipPosition":[-27.401,340.341,-33.0665],"stabilizedTipPosition":[-46.5589,301.247,-29.0724],"timeVisible":3.6178,"tipPosition":[-40.2598,324.355,-62.4216],"tipVelocity":[15.6634,118.465,-169.77],"tool":false,"touchDistance":-0.99735,"touchZone":"hovering","type":1,"width":18.6589},{"bases":[[[0.884312,-0.310593,-0.348604],[0.421433,0.85236,0.309639],[0.200964,-0.420731,0.884646]],[[0.886465,-0.315193,-0.338871],[-0.0804657,0.616102,-0.783545],[0.455747,0.721853,0.520791]],[[0.886465,-0.315193,-0.338871],[-0.442311,-0.361575,-0.820747],[0.136166,0.877449,-0.459936]],[[0.886465,-0.315193,-0.338871],[-0.453323,-0.738774,-0.49871],[-0.0931593,0.595707,-0.797781]]],"btipPosition":[-15.7897,271.282,3.80319],"carpPosition":[20.9724,311.398,60.4774],"dipPosition":[-17.4785,282.081,-10.6587],"direction":[-0.136166,-0.877449,0.459936],"extended":false,"handId":966,"id":9662,"length":64.6373,"mcpPosition":[7.44723,339.713,0.939641],"pipPosition":[-13.7433,306.15,-23.2752],"stabilizedTipPosition":[-35.9786,224.828,92.0473],"timeVisible":3.6178,"tipPosition":[-15.6838,273.842,1.68583],"tipVelocity":[27.3485,92.0922,-157.262],"tool":false,"touchDistance":0.333333,"touchZone":"none","type":2,"width":18.3255},{"bases":[[[0.869944,-0.432486,-0.236965],[0.489728,0.814145,0.311985],[0.0579946,-0.387457,0.920062]],[[0.870836,-0.439291,-0.220608],[0.0730638,0.559463,-0.825629],[0.486113,0.702869,0.519297]],[[0.870836,-0.439291,-0.220608],[-0.395586,-0.359846,-0.844999],[0.291815,0.823125,-0.487144]],[[0.870836,-0.439291,-0.220608],[-0.486452,-0.705495,-0.515404],[0.0707744,0.556148,-0.828064]]],"btipPosition":[-1.92172,269.907,5.90098],"carpPosition":[31.6077,308.808,55.9353],"dipPosition":[-0.646124,279.931,-9.02355],"direction":[-0.291815,-0.823125,0.487144],"extended":false,"handId":966,"id":9663,"length":62.1505,"mcpPosition":[28.1033,332.22,0.340359],"pipPosition":[7.15192,301.927,-22.0413],"stabilizedTipPosition":[-17.254,229.76,81.6985],"timeVisible":3.6178,"tipPosition":[-1.32286,272.242,3.55717],"tipVelocity":[26.8842,93.925,-169.001],"tool":false,"touchDistance":0.333333,"touchZone":"none","type":3,"width":17.4379},{"bases":[[[0.777854,-0.602959,-0.177155],[0.622261,0.699516,0.351381],[-0.0879461,-0.38356,0.919319]],[[0.757682,-0.651018,-0.0457584],[0.321899,0.43379,-0.841551],[0.567714,0.622898,0.538236]],[[0.757682,-0.651018,-0.0457584],[-0.352635,-0.349396,-0.868084],[0.549151,0.673868,-0.494303]],[[0.757682,-0.651018,-0.0457584],[-0.567866,-0.623103,-0.537838],[0.32163,0.433495,-0.841805]]],"btipPosition":[10.3022,279.74,4.71398],"carpPosition":[40.456,299.454,51.1717],"dipPosition":[15.6501,286.948,-9.28303],"direction":[-0.549151,-0.673868,0.494303],"extended":false,"handId":966,"id":9664,"length":48.7249,"mcpPosition":[45.3752,320.908,-0.250469],"pipPosition":[26.0111,299.662,-18.6092],"stabilizedTipPosition":[-3.77019,241.411,75.6651],"timeVisible":3.6178,"tipPosition":[11.745,281.42,2.36288],"tipVelocity":[27.0817,95.1085,-182.068],"tool":false,"touchDistance":0.333333,"touchZone":"none","type":4,"width":15.4897}],"r":[[0.975045,0.0592251,0.213963],[-0.0938753,0.983349,0.155605],[-0.201185,-0.171808,0.964369]],"s":0.965425,"t":[-10.3613,-11.289,-9.77713],"timestamp":669252468227},false],[4,{"currentFrameRate":52.3051,"devices":[],"gestures":[],"hands":[{"armBasis":[[0.934513,-0.201642,-0.293303],[0.154195,0.972059,-0.176987],[0.320796,0.120171,0.939494]],"armWidth":61.4671,"confidence":0.537093,"direction":[-0.129033,0.538673,-0.832576],"elbow":[111.004,328.187,304.393],"grabStrength":0.139744,"id":966,"palmNormal":[-0.313838,-0.818621,-0.481005],"palmPosition":[12.5049,323.001,16.3438],"palmVelocity":[29.1669,61.8865,-133.455],"palmWidth":87.7729,"pinchStrength":0.414649,"r":[[0.975113,0.0602184,0.213375],[-0.0944351,0.98355,0.153988],[-0.200592,-0.170305,0.964758]],"s":0.966271,"sphereCenter":[9.45481,287.577,-23.8875],"sphereRadius":48.9437,"stabilizedPalmPosition":[-4.38644,285.075,83.9777],"t":[-9.82192,-10.1821,-12.2067],"timeVisible":3.63625,"type":"right","wrist":[27.4511,296.888,59.698]}],"id":4957572,"interactionBox":{"center":[0,200,0],"size":[235.247,235.247,147.751]},"pointables":[{"bases":[[[0.634049,0.75714,0.157229],[-0.566335,0.316211,0.761101],[0.526543,-0.57162,0.629288]],[[0.380991,0.919322,-0.0984518],[-0.69828,0.355898,0.621082],[0.606013,-0.16788,0.777538]],[[0.380991,0.919322,-0.0984518],[-0.855726,0.390936,0.338972],[0.350113,-0.0448977,0.935631]],[[0.380991,0.919322,-0.0984518],[-0.866085,0.392132,0.310047],[0.323639,-0.0328574,0.94561]]],"btipPosition":[-49.264,302.362,-24.5728],"carpPosition":[-1.26107,292.06,64.989],"dipPosition":[-41.9575,301.62,-3.22456],"direction":[-0.350113,0.0448977,-0.935631],"extended":false,"handId":966,"id":9660,"length":50.2737,"mcpPosition":[-1.26107,292.06,64.989],"pipPosition":[-30.4422,300.143,27.5484],"stabilizedTipPosition":[-74.9633,258.13,65.557],"timeVisible":3.63625,"tipPosition":[-48.5255,303.237,-18.9765],"tipVelocity":[34.337,51.7359,-123],"tool":false,"touchDistance":-0.785315,"touchZone":"hovering","type":0,"width":19.534},{"bases":[[[0.905649,-0.105956,-0.410576],[0.268067,0.893298,0.360774],[0.328541,-0.436797,0.837418]],[[0.930607,-0.143228,-0.336831],[0.121363,0.988944,-0.0852146],[0.345312,0.0384224,0.937701]],[[0.930607,-0.143228,-0.336831],[0.0211351,0.93975,-0.34121],[0.365408,0.310413,0.877565]],[[0.930607,-0.143228,-0.336831],[-0.0478542,0.864747,-0.499923],[0.362877,0.48135,0.797886]]],"btipPosition":[-41.4823,325.746,-68.5727],"carpPosition":[10.6452,311.511,63.3306],"dipPosition":[-35.5015,333.68,-55.4223],"direction":[-0.365408,-0.310413,-0.877565],"extended":true,"handId":966,"id":9661,"length":56.7283,"mcpPosition":[-12.6708,342.509,3.90035],"pipPosition":[-26.9817,340.917,-34.9612],"stabilizedTipPosition":[-46.0059,303.503,-32.1985],"timeVisible":3.63625,"tipPosition":[-39.9876,325.426,-64.5205],"tipVelocity":[15.2224,89.2432,-141.76],"tool":false,"touchDistance":-0.956862,"touchZone":"hovering","type":1,"width":18.6589},{"bases":[[[0.882652,-0.314717,-0.34911],[0.424467,0.852719,0.304465],[0.201872,-0.416922,0.886241]],[[0.884813,-0.319271,-0.33937],[-0.0794497,0.6143,-0.785062],[0.459122,0.721596,0.518175]],[[0.884813,-0.319271,-0.33937],[-0.444639,-0.360826,-0.819817],[0.13929,0.876282,-0.461224]],[[0.884813,-0.319271,-0.33937],[-0.456863,-0.737573,-0.497255],[-0.0915506,0.595024,-0.798477]]],"btipPosition":[-15.5547,271.665,2.01083],"carpPosition":[21.5403,311.981,58.6229],"dipPosition":[-17.2143,282.451,-12.4636],"direction":[-0.13929,-0.876282,0.461224],"extended":false,"handId":966,"id":9662,"length":64.6373,"mcpPosition":[7.95399,340.04,-1.02228],"pipPosition":[-13.3934,306.489,-25.1155],"stabilizedTipPosition":[-35.6903,225.537,90.7042],"timeVisible":3.63625,"tipPosition":[-15.4414,274.227,-0.115734],"tipVelocity":[20.4766,57.6223,-128.342],"tool":false,"touchDistance":0.333333,"touchZone":"none","type":2,"width":18.3255},{"bases":[[[0.868213,-0.43602,-0.236839],[0.492663,0.814329,0.306841],[0.0590761,-0.383085,0.921822]],[[0.869137,-0.442854,-0.220186],[0.0760468,0.559576,-0.825283],[0.488691,0.700539,0.520025]],[[0.869137,-0.442854,-0.220186],[-0.395757,-0.355751,-0.846651],[0.296612,0.822995,-0.484459]],[[0.869137,-0.442854,-0.220186],[-0.488917,-0.702216,-0.517545],[0.0745789,0.557469,-0.826841]]],"btipPosition":[-1.7447,270.255,3.80312],"carpPosition":[32.1579,309.34,54.069],"dipPosition":[-0.400539,280.302,-11.0994],"direction":[-0.296612,-0.822995,0.484459],"extended":false,"handId":966,"id":9663,"length":62.1505,"mcpPosition":[28.5882,332.488,-1.63232],"pipPosition":[7.52568,302.295,-24.0454],"stabilizedTipPosition":[-17.043,230.331,80.614],"timeVisible":3.63625,"tipPosition":[-1.10739,272.604,1.52687],"tipVelocity":[18.9583,57.8612,-142.196],"tool":false,"touchDistance":0.333333,"touchZone":"none","type":3,"width":17.4379},{"bases":[[[0.775798,-0.605945,-0.175978],[0.624975,0.699534,0.346496],[-0.0868548,-0.378792,0.921397]],[[0.755576,-0.653633,-0.0432268],[0.325981,0.432419,-0.840685],[0.568191,0.62111,0.539797]],[[0.755576,-0.653633,-0.0432268],[-0.350133,-0.347207,-0.869974],[0.553635,0.672466,-0.4912]],[[0.755576,-0.653633,-0.0432268],[-0.56812,-0.621015,-0.539982],[0.326105,0.432555,-0.840566]]],"btipPosition":[10.5796,280.061,2.62476],"carpPosition":[40.9696,299.938,49.3311],"dipPosition":[16.0018,287.253,-11.3516],"direction":[-0.553635,-0.672466,0.4912],"extended":false,"handId":966,"id":9664,"length":48.7249,"mcpPosition":[45.8279,321.126,-2.20729],"pipPosition":[26.4474,299.941,-20.6192],"stabilizedTipPosition":[-3.55628,241.964,74.6193],"timeVisible":3.63625,"tipPosition":[12.0452,281.742,0.339454],"tipVelocity":[21.717,57.5342,-148.745],"tool":false,"touchDistance":0.333333,"touchZone":"none","type":4,"width":15.4897}],"r":[[0.975113,0.0602184,0.213375],[-0.0944351,0.98355,0.153988],[-0.200592,-0.170305,0.964758]],"s":0.966271,"t":[-9.82192,-10.1821,-12.2067],"timestamp":669252486680},false],[5,{"currentFrameRate":52.5451,"devices":[],"gestures":[],"hands":[{"armBasis":[[0.929346,-0.223046,-0.294222],[0.17771,0.968745,-0.173069],[0.323628,0.108554,0.939937]],"armWidth":61.4671,"confidence":0.542981,"direction":[-0.124534,0.524727,-0.842112],"elbow":[111.31,327.118,300.562],"grabStrength":0.139401,"id":966,"palmNormal":[-0.330841,-0.822109,-0.463337],"palmPosition":[12.2758,324.377,11.9837],"palmVelocity":[9.24751,68.4997,-184.3],"palmWidth":87.7729,"pinchStrength":0.422512,"r":[[0.975611,0.0584237,0.211588],[-0.0912757,0.984617,0.148991],[-0.199629,-0.16467,0.965936]],"s":0.966035,"sphereCenter":[8.34746,288.23,-27.556],"sphereRadius":48.9259,"stabilizedPalmPosition":[-4.15092,285.63,82.96],"t":[-9.66675,-8.9408,-15.6015],"timeVisible":3.65441,"type":"right","wrist":[27.02,298.845,55.7515]}],"id":4957573,"interactionBox":{"center":[0,200,0],"size":[235.247,235.247,147.751]},"pointables":[{"bases":[[[0.648028,0.748817,0.139044],[-0.556273,0.340658,0.757966],[0.520211,-0.568529,0.637303]],[[0.397006,0.910234,-0.117729],[-0.688861,0.380273,0.617141],[0.606512,-0.16391,0.777995]],[[0.397006,0.910234,-0.117729],[-0.847909,0.412839,0.332587],[0.351336,-0.0322156,0.935695]],[[0.397006,0.910234,-0.117729],[-0.860331,0.413749,0.297729],[0.319713,-0.0169139,0.947363]]],"btipPosition":[-49.7187,303.957,-28.3318],"carpPosition":[-1.74016,294.623,61.2937],"dipPosition":[-42.5008,303.575,-6.94398],"direction":[-0.351336,0.0322156,-0.935695],"extended":false,"handId":966,"id":9660,"length":50.2737,"mcpPosition":[-1.74016,294.623,61.2937],"pipPosition":[-30.9454,302.515,23.8311],"stabilizedTipPosition":[-74.6955,258.586,64.6715],"timeVisible":3.65441,"tipPosition":[-49.0164,304.874,-22.7455],"tipVelocity":[5.49387,71.1157,-162.81],"tool":false,"touchDistance":-0.791365,"touchZone":"hovering","type":0,"width":19.534},{"bases":[[[0.901244,-0.129665,-0.413456],[0.285671,0.895249,0.341939],[0.325808,-0.426283,0.843879]],[[0.925261,-0.164739,-0.341691],[0.136856,0.98508,-0.104344],[0.353783,0.049783,0.934002]],[[0.925261,-0.164739,-0.341691],[0.036053,0.934887,-0.353109],[0.377614,0.314399,0.870954]],[[0.925261,-0.164739,-0.341691],[-0.0339113,0.861244,-0.507059],[0.377812,0.480749,0.791289]]],"btipPosition":[-42.3228,326.762,-72.7521],"carpPosition":[10.4926,313.827,59.1936],"dipPosition":[-36.0959,334.686,-59.7104],"direction":[-0.377614,-0.314399,-0.870954],"extended":true,"handId":966,"id":9661,"length":56.7283,"mcpPosition":[-12.6295,344.08,-0.695216],"pipPosition":[-27.2915,342.016,-39.4034],"stabilizedTipPosition":[-45.7222,304.895,-34.2818],"timeVisible":3.65441,"tipPosition":[-40.7515,326.556,-68.7585],"tipVelocity":[-12.6151,73.3183,-184.559],"tool":false,"touchDistance":-0.952575,"touchZone":"hovering","type":1,"width":18.6589},{"bases":[[[0.874983,-0.336771,-0.347837],[0.441008,0.850863,0.285561],[0.199793,-0.40326,0.893009]],[[0.877119,-0.34117,-0.33803],[-0.0723909,0.601874,-0.795303],[0.474785,0.722046,0.503218]],[[0.877119,-0.34117,-0.33803],[-0.45515,-0.365831,-0.811792],[0.153297,0.865893,-0.476161]],[[0.877119,-0.34117,-0.33803],[-0.472811,-0.736981,-0.483022],[-0.0843296,0.583492,-0.807729]]],"btipPosition":[-16.8321,273.254,-1.37724],"carpPosition":[21.3663,314.016,54.4174],"dipPosition":[-18.3608,283.831,-16.0194],"direction":[-0.153297,-0.865893,0.476161],"extended":false,"handId":966,"id":9662,"length":64.6373,"mcpPosition":[7.91996,341.156,-5.68324],"pipPosition":[-14.1558,307.583,-29.081],"stabilizedTipPosition":[-35.4825,226.1,89.6322],"timeVisible":3.65441,"tipPosition":[-16.6857,275.78,-3.55852],"tipVelocity":[-22.0325,70.5928,-157.119],"tool":false,"touchDistance":0.333333,"touchZone":"none","type":2,"width":18.3255},{"bases":[[[0.859096,-0.45562,-0.233163],[0.508539,0.811339,0.288301],[0.0578181,-0.366251,0.928718]],[[0.860005,-0.462208,-0.216227],[0.0865791,0.549763,-0.830822],[0.502887,0.695791,0.512816]],[[0.860005,-0.462208,-0.216227],[-0.402347,-0.353579,-0.844451],[0.313859,0.813231,-0.490048]],[[0.860005,-0.462208,-0.216227],[-0.50301,-0.696578,-0.511625],[0.0858579,0.548764,-0.831556]]],"btipPosition":[-3.19311,271.622,-0.280794],"carpPosition":[31.9095,311.102,49.8568],"dipPosition":[-1.64566,281.513,-15.2683],"direction":[-0.313859,-0.813231,0.490048],"extended":false,"handId":966,"id":9663,"length":62.1505,"mcpPosition":[28.4158,333.233,-6.26128],"pipPosition":[6.74146,303.245,-28.3636],"stabilizedTipPosition":[-16.9137,230.727,79.8464],"timeVisible":3.65441,"tipPosition":[-2.46742,273.955,-2.44844],"tipVelocity":[-26.8787,65.2352,-182.137],"tool":false,"touchDistance":0.333333,"touchZone":"none","type":3,"width":17.4379},{"bases":[[[0.7641,-0.622699,-0.168516],[0.639066,0.69503,0.329436],[-0.0880161,-0.359415,0.929018]],[[0.743807,-0.667496,-0.0346396],[0.32918,0.410932,-0.850162],[0.581714,0.620954,0.525381]],[[0.743807,-0.667496,-0.0346396],[-0.360014,-0.356429,-0.862177],[0.563153,0.653764,-0.505422]],[[0.743807,-0.667496,-0.0346396],[-0.581243,-0.620366,-0.526595],[0.330011,0.411819,-0.84941]]],"btipPosition":[9.49757,281.2,-0.972631],"carpPosition":[40.5285,301.459,45.2529],"dipPosition":[14.9848,288.048,-15.0961],"direction":[-0.563153,-0.653764,0.505422],"extended":false,"handId":966,"id":9664,"length":48.7249,"mcpPosition":[45.4517,321.562,-6.71179],"pipPosition":[25.6099,300.382,-24.632],"stabilizedTipPosition":[-3.43197,242.318,73.9347],"timeVisible":3.65441,"tipPosition":[10.982,282.821,-3.3077],"tipVelocity":[-16.6506,57.9354,-173.165],"tool":false,"touchDistance":0.333333,"touchZone":"none","type":4,"width":15.4897}],"r":[[0.975611,0.0584237,0.211588],[-0.0912757,0.984617,0.148991],[-0.199629,-0.16467,0.965936]],"s":0.966035,"t":[-9.66675,-8.9408,-15.6015],"timestamp":669252504839},false],[6,{"currentFrameRate":52.6997,"devices":[],"gestures":[],"hands":[{"armBasis":[[0.931374,-0.217994,-0.291584],[0.179768,0.97184,-0.152353],[0.316584,0.0894804,0.944334]],"armWidth":61.4671,"confidence":0.568877,"direction":[-0.124507,0.529711,-0.83899],"elbow":[109.201,323.237,297.855],"grabStrength":0.137385,"id":966,"palmNormal":[-0.327621,-0.820093,-0.469161],"palmPosition":[12.0074,325.698,8.26735],"palmVelocity":[-2.22265,70.0722,-192.733],"palmWidth":87.7729,"pinchStrength":0.433183,"r":[[0.975893,0.0572717,0.210602],[-0.0893698,0.985209,0.146203],[-0.199113,-0.1615,0.966577]],"s":0.965308,"sphereCenter":[8.2149,289.787,-31.5307],"sphereRadius":48.9208,"stabilizedPalmPosition":[-4.00016,286.004,82.2631],"t":[-9.72336,-7.65938,-19.157],"timeVisible":3.67282,"type":"right","wrist":[26.7452,299.931,51.8992]}],"id":4957574,"interactionBox":{"center":[0,200,0],"size":[235.247,235.247,147.751]},"pointables":[{"bases":[[[0.645611,0.749775,0.144994],[-0.558638,0.334233,0.759086],[0.520682,-0.571074,0.634637]],[[0.394911,0.911998,-0.110933],[-0.691645,0.374604,0.617494],[0.604709,-0.167129,0.778713]],[[0.394911,0.911998,-0.110933],[-0.850859,0.408609,0.330269],[0.346532,-0.0360388,0.937345]],[[0.394911,0.911998,-0.110933],[-0.864926,0.409778,0.289801],[0.309756,-0.0184973,0.950636]]],"btipPosition":[-49.5218,305.242,-32.4269],"carpPosition":[-2.01279,295.591,57.3613],"dipPosition":[-42.5287,304.824,-10.9652],"direction":[-0.346532,0.0360388,-0.937345],"extended":false,"handId":966,"id":9660,"length":50.2737,"mcpPosition":[-2.01279,295.591,57.3613],"pipPosition":[-31.1312,303.639,19.8642],"stabilizedTipPosition":[-74.5094,258.909,64.0311],"timeVisible":3.67282,"tipPosition":[-48.8995,306.094,-26.8278],"tipVelocity":[6.64662,70.2574,-191.049],"tool":false,"touchDistance":-0.801734,"touchZone":"hovering","type":0,"width":19.534},{"bases":[[[0.902369,-0.124445,-0.412607],[0.282463,0.893873,0.348147],[0.325493,-0.430703,0.841754]],[[0.925763,-0.158913,-0.34309],[0.133613,0.986341,-0.0963239],[0.353711,0.0433317,0.934351]],[[0.925763,-0.158913,-0.34309],[0.0359104,0.940243,-0.338605],[0.376396,0.301148,0.876148]],[[0.925763,-0.158913,-0.34309],[-0.0318717,0.871365,-0.489599],[0.37676,0.464188,0.801612]]],"btipPosition":[-42.576,328.942,-76.6947],"carpPosition":[10.1683,314.843,55.4058],"dipPosition":[-36.3664,336.592,-63.4829],"direction":[-0.376396,-0.301148,-0.876148],"extended":true,"handId":966,"id":9661,"length":56.7283,"mcpPosition":[-12.9314,345.41,-4.33213],"pipPosition":[-27.5904,343.614,-43.0548],"stabilizedTipPosition":[-45.5388,305.929,-35.8599],"timeVisible":3.67282,"tipPosition":[-40.9719,328.716,-72.722],"tipVelocity":[-13.2645,93.3607,-197.759],"tool":false,"touchDistance":-0.944203,"touchZone":"hovering","type":1,"width":18.6589},{"bases":[[[0.876585,-0.332038,-0.348354],[0.43803,0.850293,0.291774],[0.199322,-0.408354,0.890796]],[[0.878722,-0.336504,-0.338546],[-0.0707572,0.60958,-0.78956],[0.472061,0.717758,0.511841]],[[0.878722,-0.336504,-0.338546],[-0.451621,-0.356455,-0.817911],[0.154554,0.87161,-0.465197]],[[0.878722,-0.336504,-0.338546],[-0.470315,-0.731547,-0.493603],[-0.0815626,0.592962,-0.801089]]],"btipPosition":[-17.0746,274.545,-5.81672],"carpPosition":[21.0502,315.094,50.651],"dipPosition":[-18.5531,285.294,-20.3385],"direction":[-0.154554,-0.87161,0.465197],"extended":false,"handId":966,"id":9662,"length":64.6373,"mcpPosition":[7.63551,342.577,-9.30068],"pipPosition":[-14.3136,309.204,-33.0993],"stabilizedTipPosition":[-35.3424,226.495,88.8663],"timeVisible":3.67282,"tipPosition":[-16.9113,277.106,-7.94944],"tipVelocity":[-17.4615,71.4133,-196.822],"tool":false,"touchDistance":0.333333,"touchZone":"none","type":2,"width":18.3255},{"bases":[[[0.860831,-0.451659,-0.234466],[0.505669,0.810946,0.294389],[0.0571763,-0.371981,0.926478]],[[0.861734,-0.458397,-0.217457],[0.0906,0.560744,-0.823017],[0.499206,0.68952,0.524743]],[[0.861734,-0.458397,-0.217457],[-0.396472,-0.340965,-0.85238],[0.316584,0.82074,-0.475563]],[[0.861734,-0.458397,-0.217457],[-0.499233,-0.689684,-0.524502],[0.0904538,0.560543,-0.823171]]],"btipPosition":[-3.45079,272.964,-4.96298],"carpPosition":[31.61,312.24,46.0915],"dipPosition":[-1.82051,283.066,-19.7993],"direction":[-0.316584,-0.82074,0.475563],"extended":false,"handId":966,"id":9663,"length":62.1505,"mcpPosition":[28.1551,334.717,-9.8912],"pipPosition":[6.63941,304.999,-32.5076],"stabilizedTipPosition":[-16.8301,230.997,79.313],"timeVisible":3.67282,"tipPosition":[-2.69739,275.334,-7.04052],"tipVelocity":[-20.1762,70.1652,-215.955],"tool":false,"touchDistance":0.333333,"touchZone":"none","type":3,"width":17.4379},{"bases":[[[0.766199,-0.619418,-0.171058],[0.636456,0.694754,0.335025],[-0.0886773,-0.365566,0.926552]],[[0.745751,-0.665179,-0.0373145],[0.330504,0.418006,-0.84619],[0.578466,0.618714,0.531573]],[[0.745751,-0.665179,-0.0373145],[-0.355964,-0.350485,-0.866285],[0.563157,0.659315,-0.498154]],[[0.745751,-0.665179,-0.0373145],[-0.577647,-0.617679,-0.533663],[0.331933,0.419534,-0.844874]]],"btipPosition":[9.35005,282.579,-5.069],"carpPosition":[40.2652,302.65,41.4423],"dipPosition":[14.8692,289.555,-19.117],"direction":[-0.563157,-0.659316,0.498154],"extended":false,"handId":966,"id":9664,"length":48.7249,"mcpPosition":[45.2254,323.098,-10.3844],"pipPosition":[25.4945,301.994,-28.5158],"stabilizedTipPosition":[-3.34953,242.564,73.4522],"timeVisible":3.67282,"tipPosition":[10.8387,284.228,-7.3912],"tipVelocity":[-12.2983,66.8716,-196.441],"tool":false,"touchDistance":0.333333,"touchZone":"none","type":4,"width":15.