{"sensorType":"Leap","data":[[0,{"currentFrameRate":50.8052,"devices":[],"gestures":[],"hands":[{"armBasis":[[0.928754,-0.28492,-0.237142],[0.240322,0.949861,-0.200024],[0.282243,0.128783,0.95066]],"armWidth":61.4671,"confidence":0.630555,"direction":[-0.192695,0.46529,-0.863929],"elbow":[95.1115,341.702,320.294],"grabStrength":0,"id":966,"palmNormal":[-0.425253,-0.833053,-0.353811],"palmPosition":[3.28785,331.126,28.8492],"palmVelocity":[17.2886,32.3577,-196.659],"palmWidth":87.7729,"pinchStrength":0.435691,"r":[[0.994248,0.010696,0.106567],[-0.0163623,0.99849,0.0524403],[-0.105846,-0.0538824,0.992922]],"s":1.03076,"sphereCenter":[-1.59843,293.826,-7.99388],"sphereRadius":49.8573,"stabilizedPalmPosition":[10.6608,274.002,150.563],"t":[-18.8282,-1.63806,1.69683],"timeVisible":10.8225,"type":"right","wrist":[21.6003,308.16,72.691]}],"id":4957960,"interactionBox":{"center":[0,200,0],"size":[235.247,235.247,147.751]},"pointables":[{"bases":[[[0.698606,0.715497,0.00366147],[-0.446317,0.43177,0.783821],[0.559241,-0.549217,0.620976]],[[0.412335,0.876602,-0.24809],[-0.674129,0.476755,0.56414],[0.612805,-0.0653699,0.787526]],[[0.412335,0.876602,-0.24809],[-0.840444,0.471113,0.26778],[0.351615,0.0980908,0.930991]],[[0.412335,0.876602,-0.24809],[-0.862198,0.463445,0.204533],[0.294271,0.129566,0.946899]]],"btipPosition":[-54.2294,303.17,-8.20666],"carpPosition":[-6.51303,306.174,81.7126],"dipPosition":[-47.5859,306.095,13.1707],"direction":[-0.351615,-0.0980908,-0.930991],"extended":false,"handId":966,"id":9660,"length":50.2737,"mcpPosition":[-6.51303,306.174,81.7126],"pipPosition":[-36.0212,309.322,43.7911],"stabilizedTipPosition":[-45.4699,243.977,100.075],"timeVisible":10.8225,"tipPosition":[-54.1185,304.772,-2.56916],"tipVelocity":[30.4491,20.8779,-189.846],"tool":false,"touchDistance":-0.786999,"touchZone":"hovering","type":0,"width":19.534},{"bases":[[[0.839416,-0.21684,-0.498359],[0.370344,0.899331,0.232486],[0.397777,-0.379717,0.835218]],[[0.900543,-0.28625,-0.327235],[0.277771,0.957835,-0.0734507],[0.334462,-0.0247507,0.942084]],[[0.900543,-0.28625,-0.327235],[0.235808,0.953928,-0.185513],[0.365262,0.0898978,0.926554]],[[0.900543,-0.28625,-0.327235],[0.203674,0.94273,-0.264152],[0.384108,0.171232,0.907271]]],"btipPosition":[-50.5386,347.417,-58.1937],"carpPosition":[6.39929,324.362,76.6802],"dipPosition":[-44.208,350.24,-43.2405],"direction":[-0.365261,-0.0898978,-0.926554],"extended":true,"handId":966,"id":9661,"length":56.7283,"mcpPosition":[-21.8303,351.31,17.4061],"pipPosition":[-35.6916,352.336,-21.6371],"stabilizedTipPosition":[-45.6359,297.821,25.1666],"timeVisible":10.8225,"tipPosition":[-49.4453,346.387,-54.3008],"tipVelocity":[2.74937,60.0525,-189.195],"tool":false,"touchDistance":-0.949664,"touchZone":"hovering","type":1,"width":18.6589},{"bases":[[[0.809923,-0.416263,-0.413218],[0.515569,0.841169,0.163166],[0.279666,-0.345195,0.895895]],[[0.80727,-0.413014,-0.421587],[-0.168385,0.52346,-0.835246],[0.565652,0.745258,0.353028]],[[0.80727,-0.413014,-0.421587],[-0.587695,-0.628075,-0.510036],[-0.054136,0.659501,-0.749752]],[[0.80727,-0.413014,-0.421587],[-0.448343,-0.893699,0.0170224],[-0.383802,0.175274,-0.906628]]],"btipPosition":[-20.0355,290.819,31.0237],"carpPosition":[16.6447,323.507,70.7316],"dipPosition":[-26.9929,293.996,14.5887],"direction":[0.054136,-0.659501,0.749752],"extended":false,"handId":966,"id":9662,"length":64.6373,"mcpPosition":[-2.17723,346.739,10.4367],"pipPosition":[-28.4779,312.087,-5.97777],"stabilizedTipPosition":[-5.47602,232.587,162.314],"timeVisible":10.8225,"tipPosition":[-21.5313,291.306,27.6773],"tipVelocity":[18.8712,30.8535,-190.848],"tool":false,"touchDistance":0.333333,"touchZone":"none","type":2,"width":18.3255},{"bases":[[[0.801065,-0.524743,-0.287993],[0.580769,0.797847,0.161703],[0.144922,-0.296792,0.943882]],[[0.80077,-0.524142,-0.2899],[0.0380483,0.527531,-0.848683],[0.597762,0.66857,0.442374]],[[0.80077,-0.524142,-0.2899],[-0.57656,-0.543356,-0.610199],[0.162312,0.655774,-0.737302]],[[0.80077,-0.524142,-0.2899],[-0.558881,-0.827923,-0.0468635],[-0.215452,0.199546,-0.955909]]],"btipPosition":[-8.55243,287.599,26.1221],"carpPosition":[26.4222,319.602,65.2914],"dipPosition":[-12.4356,291.196,8.8934],"direction":[-0.162312,-0.655774,0.737302],"extended":false,"handId":966,"id":9663,"length":62.1505,"mcpPosition":[17.6653,337.535,8.25705],"pipPosition":[-8.0982,308.72,-10.8092],"stabilizedTipPosition":[10.5935,232.525,170.589],"timeVisible":10.8225,"tipPosition":[-8.96929,288.535,23.2937],"tipVelocity":[15.3357,30.8197,-200.524],"tool":false,"touchDistance":0.333333,"touchZone":"none","type":3,"width":17.4379},{"bases":[[[0.705409,-0.680132,-0.199546],[0.708801,0.677141,0.197691],[0.000664388,-0.280891,0.959739]],[[0.698122,-0.713547,-0.0589665],[0.288669,0.35588,-0.88883],[0.655207,0.60349,0.454427]],[[0.698122,-0.713547,-0.0589665],[-0.579621,-0.514897,-0.631601],[0.420315,0.475113,-0.773048]],[[0.698122,-0.713547,-0.0589665],[-0.715979,-0.695828,-0.0565491],[-0.000680126,0.0816969,-0.996657]]],"btipPosition":[3.62386,293.92,22.5556],"carpPosition":[33.9284,309.115,60.5817],"dipPosition":[3.61255,295.278,5.98385],"direction":[-0.420315,-0.475113,0.773048],"extended":false,"handId":966,"id":9664,"length":48.7249,"mcpPosition":[33.8912,324.827,6.89861],"pipPosition":[11.5428,304.242,-8.60145],"stabilizedTipPosition":[20.252,239.792,164.839],"timeVisible":10.8225,"tipPosition":[3.85293,294.316,19.7299],"tipVelocity":[14.3389,30.0989,-207.842],"tool":false,"touchDistance":0.333333,"touchZone":"none","type":4,"width":15.4897}],"r":[[0.994248,0.010696,0.106567],[-0.0163623,0.99849,0.0524403],[-0.105846,-0.0538824,0.992922]],"s":1.03076,"t":[-18.8282,-1.63806,1.69683],"timestamp":669259672897},false],[1,{"currentFrameRate":51.2285,"devices":[],"gestures":[],"hands":[{"armBasis":[[0.935398,-0.266274,-0.232654],[0.221993,0.954369,-0.199749],[0.275226,0.135197,0.951826]],"armWidth":61.4671,"confidence":0.638841,"direction":[-0.196168,0.469358,-0.860942],"elbow":[92.8102,344.652,315.681],"grabStrength":0,"id":966,"palmNormal":[-0.41001,-0.836825,-0.362789],"palmPosition":[2.64966,332.473,24.0375],"palmVelocity":[-7.69645,52.5541,-230.471],"palmWidth":87.7729,"pinchStrength":0.472121,"r":[[0.994456,0.0121394,0.104451],[-0.0179117,0.998353,0.0545033],[-0.103618,-0.056072,0.993035]],"s":1.02925,"sphereCenter":[-1.67748,295.522,-13.1392],"sphereRadius":49.752,"stabilizedPalmPosition":[10.656,274.036,150.488],"t":[-18.983,-0.620359,-2.62284],"timeVisible":10.8404,"type":"right","wrist":[21.1266,309.439,67.7743]}],"id":4957961,"interactionBox":{"center":[0,200,0],"size":[235.247,235.247,147.751]},"pointables":[{"bases":[[[0.686875,0.726659,0.0129953],[-0.456939,0.417879,0.785229],[0.565163,-0.545292,0.619069]],[[0.399648,0.885107,-0.238469],[-0.684881,0.461223,0.564102],[0.609278,-0.0621192,0.79052]],[[0.399648,0.885107,-0.238469],[-0.850119,0.455186,0.264772],[0.342899,0.0969116,0.93436]],[[0.399648,0.885107,-0.238469],[-0.871796,0.447394,0.199523],[0.283289,0.128157,0.950433]]],"btipPosition":[-54.0047,303.832,-13.6108],"carpPosition":[-6.99273,306.922,76.6432],"dipPosition":[-47.6091,306.726,7.84633],"direction":[-0.342899,-0.0969115,-0.93436],"extended":false,"handId":966,"id":9660,"length":50.2737,"mcpPosition":[-6.99273,306.922,76.6432],"pipPosition":[-36.3311,309.913,38.5775],"stabilizedTipPosition":[-45.4737,244.009,100.017],"timeVisible":10.8404,"tipPosition":[-53.9417,305.355,-7.97512],"tipVelocity":[20.4748,28.2588,-242.003],"tool":false,"touchDistance":-0.817419,"touchZone":"hovering","type":0,"width":19.534},{"bases":[[[0.845153,-0.19902,-0.496091],[0.354602,0.903222,0.241757],[0.399966,-0.380237,0.833934]],[[0.906425,-0.268617,-0.325943],[0.264787,0.962623,-0.0569641],[0.329062,-0.034672,0.943672]],[[0.906425,-0.268617,-0.325943],[0.22395,0.959954,-0.16833],[0.358107,0.0795836,0.930283]],[[0.906425,-0.268617,-0.325943],[0.192672,0.949703,-0.246864],[0.375861,0.160963,0.912589]]],"btipPosition":[-50.9207,349.272,-63.1982],"carpPosition":[5.6461,325.358,71.8249],"dipPosition":[-44.7259,351.924,-48.1574],"direction":[-0.358107,-0.0795836,-0.930283],"extended":true,"handId":966,"id":9661,"length":56.7283,"mcpPosition":[-22.7389,352.343,12.6419],"pipPosition":[-36.3763,353.78,-26.4671],"stabilizedTipPosition":[-45.6623,298.178,24.5849],"timeVisible":10.8404,"tipPosition":[-49.827,348.179,-59.3244],"tipVelocity":[-9.43839,79.4911,-231.086],"tool":false,"touchDistance":-0.957797,"touchZone":"hovering","type":1,"width":18.6589},{"bases":[[[0.818503,-0.399604,-0.412759],[0.501075,0.848005,0.172657],[0.281028,-0.348143,0.894326]],[[0.815732,-0.3962,-0.421434],[-0.159725,0.545966,-0.822441],[0.55594,0.738205,0.382079]],[[0.815732,-0.3962,-0.421434],[-0.576512,-0.616178,-0.536618],[-0.0470704,0.680698,-0.73105]],[[0.815732,-0.3962,-0.421434],[-0.440214,-0.897857,-0.00798598],[-0.375223,0.192036,-0.906824]]],"btipPosition":[-20.7377,291.672,24.4563],"carpPosition":[15.9318,324.719,65.9189],"dipPosition":[-27.5396,295.154,8.01781],"direction":[0.0470704,-0.680698,0.73105],"extended":false,"handId":966,"id":9662,"length":64.6373,"mcpPosition":[-2.98171,348.15,5.72959],"pipPosition":[-28.8308,313.826,-12.0356],"stabilizedTipPosition":[-5.488,232.63,162.213],"timeVisible":10.8404,"tipPosition":[-21.9657,292.314,21.483],"tipVelocity":[-7.60674,40.5975,-273.681],"tool":false,"touchDistance":0.333333,"touchZone":"none","type":2,"width":18.3255},{"bases":[[[0.810819,-0.509262,-0.288486],[0.566976,0.805758,0.171147],[0.145291,-0.302334,0.942064]],[[0.810515,-0.50863,-0.29045],[0.0349199,0.536967,-0.84288],[0.584677,0.673024,0.452981]],[[0.810515,-0.50863,-0.29045],[-0.564368,-0.545518,-0.619595],[0.156699,0.666112,-0.729205]],[[0.810515,-0.50863,-0.29045],[-0.545594,-0.836004,-0.0585117],[-0.213057,0.205892,-0.9551]]],"btipPosition":[-8.52932,288.769,20.746],"carpPosition":[25.7969,321.019,60.4936],"dipPosition":[-12.3693,292.48,3.5319],"direction":[-0.156699,-0.666112,0.729205],"extended":false,"handId":966,"id":9663,"length":62.1505,"mcpPosition":[17.0176,339.287,3.56911],"pipPosition":[-8.18192,310.28,-15.9543],"stabilizedTipPosition":[10.5832,232.554,170.51],"timeVisible":10.8404,"tipPosition":[-8.94906,289.728,17.9129],"tipVelocity":[8.95767,47.7556,-247.29],"tool":false,"touchDistance":0.333333,"touchZone":"none","type":3,"width":17.4379},{"bases":[[[0.717284,-0.666918,-0.2018],[0.69678,0.686843,0.206746],[0.000722329,-0.288905,0.957357]],[[0.709892,-0.701608,-0.0616395],[0.288528,0.369536,-0.883286],[0.642499,0.609253,0.464764]],[[0.709892,-0.701608,-0.0616395],[-0.567008,-0.517392,-0.640943],[0.417799,0.48995,-0.76511]],[[0.709892,-0.701608,-0.0616395],[-0.704298,-0.706626,-0.06815],[0.00425857,0.0917917,-0.995769]]],"btipPosition":[3.58534,295.304,17.323],"carpPosition":[33.4943,310.695,55.733],"dipPosition":[3.65615,296.83,0.766005],"direction":[-0.417799,-0.48995,0.76511],"extended":false,"handId":966,"id":9664,"length":48.7249,"mcpPosition":[33.4539,326.855,2.18313],"pipPosition":[11.5389,306.074,-13.6695],"stabilizedTipPosition":[20.2453,239.814,164.779],"timeVisible":10.8404,"tipPosition":[3.82682,295.738,14.4936],"tipVelocity":[7.04422,53.351,-247.368],"tool":false,"touchDistance":0.333333,"touchZone":"none","type":4,"width":15.4897}],"r":[[0.994456,0.0121394,0.104451],[-0.0179117,0.998353,0.0545033],[-0.103618,-0.056072,0.993035]],"s":1.02925,"t":[-18.983,-0.620359,-2.62284],"timestamp":669259690838},false],[2,{"currentFrameRate":51.5894,"devices":[],"gestures":[],"hands":[{"armBasis":[[0.934208,-0.277114,-0.224638],[0.230329,0.949436,-0.213352],[0.272403,0.147575,0.950799]],"armWidth":61.4671,"confidence":0.556429,"direction":[-0.195674,0.472074,-0.859569],"elbow":[92.4843,346.444,312.009],"grabStrength":0,"id":966,"palmNormal":[-0.426082,-0.830383,-0.359051],"palmPosition":[3.07274,331.314,20.7722],"palmVelocity":[7.08408,-2.88182,-206.958],"palmWidth":87.7729,"pinchStrength":0.500401,"r":[[0.994819,0.0101672,0.101156],[-0.0159056,0.998299,0.0560843],[-0.100414,-0.0574027,0.993289]],"s":1.02728,"sphereCenter":[-2.34117,294.548,-16.329],"sphereRadius":49.6409,"stabilizedPalmPosition":[10.654,274.052,150.453],"t":[-18.8488,-0.691169,-6.41533],"timeVisible":10.8585,"type":"right","wrist":[21.536,308.007,64.3702]}],"id":4957962,"interactionBox":{"center":[0,200,0],"size":[235.247,235.247,147.751]},"pointables":[{"bases":[[[0.698342,0.715729,0.00709301],[-0.443936,0.425336,0.788676],[0.561461,-0.553915,0.614768]],[[0.412415,0.878383,-0.241572],[-0.673426,0.472536,0.568513],[0.613523,-0.0717824,0.786407]],[[0.412415,0.878383,-0.241572],[-0.841492,0.468901,0.26837],[0.349005,0.0926012,0.932535]],[[0.412415,0.878383,-0.241572],[-0.864651,0.460923,0.199824],[0.286868,0.126465,0.949586]]],"btipPosition":[-54.045,303.494,-16.51],"carpPosition":[-6.54707,305.938,73.4667],"dipPosition":[-47.5687,306.349,4.92794],"direction":[-0.349005,-0.0926012,-0.932535],"extended":false,"handId":966,"id":9660,"length":50.2737,"mcpPosition":[-6.54707,305.938,73.4667],"pipPosition":[-36.0899,309.394,35.5991],"stabilizedTipPosition":[-45.4755,244.024,99.9893],"timeVisible":10.8585,"tipPosition":[-53.9312,304.981,-10.8831],"tipVelocity":[10.183,5.70261,-203.505],"tool":false,"touchDistance":-0.807565,"touchZone":"hovering","type":0,"width":19.534},{"bases":[[[0.837877,-0.212525,-0.502788],[0.370754,0.897602,0.238437],[0.400629,-0.386191,0.830875]],[[0.899241,-0.282767,-0.333778],[0.281595,0.958069,-0.0529941],[0.334767,-0.0463358,0.941161]],[[0.899241,-0.282767,-0.333778],[0.240233,0.956863,-0.163409],[0.365586,0.0667595,0.92838]],[[0.899241,-0.282767,-0.333778],[0.208378,0.947759,-0.241517],[0.384634,0.14763,0.911187]]],"btipPosition":[-50.8273,349.508,-66.097],"carpPosition":[6.34192,324.17,68.5375],"dipPosition":[-44.4879,351.942,-51.0793],"direction":[-0.365586,-0.0667595,-0.92838],"extended":true,"handId":966,"id":9661,"length":56.7283,"mcpPosition":[-22.0901,351.578,9.5716],"pipPosition":[-35.964,353.498,-29.4333],"stabilizedTipPosition":[-45.6766,298.378,24.2495],"timeVisible":10.8585,"tipPosition":[-49.7173,348.364,-62.2476],"tipVelocity":[-1.62848,46.6622,-197.781],"tool":false,"touchDistance":-0.933912,"touchZone":"hovering","type":1,"width":18.6589},{"bases":[[[0.808737,-0.412632,-0.419142],[0.515775,0.840053,0.168186],[0.282703,-0.352201,0.892207]],[[0.805872,-0.409093,-0.428035],[-0.147535,0.561378,-0.814302],[0.573414,0.719373,0.392044]],[[0.805872,-0.409093,-0.428035],[-0.591261,-0.594251,-0.54523],[-0.0313102,0.692466,-0.72077]],[[0.805872,-0.409093,-0.428035],[-0.459101,-0.88825,-0.015419],[-0.373894,0.208937,-0.903631]]],"btipPosition":[-21.4829,290.84,20.4259],"carpPosition":[16.5683,323.367,62.549],"dipPosition":[-28.2607,294.627,4.04529],"direction":[0.0313102,-0.692466,0.72077],"extended":false,"handId":966,"id":9662,"length":64.6373,"mcpPosition":[-2.458,347.07,2.50238],"pipPosition":[-29.1196,313.622,-15.7262],"stabilizedTipPosition":[-5.49407,232.65,162.163],"timeVisible":10.8585,"tipPosition":[-22.5754,291.592,17.6632],"tipVelocity":[-23.4496,1.27701,-249.431],"tool":false,"touchDistance":0.333333,"touchZone":"none","type":2,"width":18.3255},{"bases":[[[0.800326,-0.522108,-0.294756],[0.580987,0.79677,0.166166],[0.148096,-0.304236,0.941014]],[[0.800007,-0.521457,-0.296768],[0.0378282,0.537474,-0.842431],[0.598796,0.662725,0.449709]],[[0.800007,-0.521457,-0.296768],[-0.577521,-0.535162,-0.616499],[0.162659,0.664594,-0.729286]],[[0.800007,-0.521457,-0.296768],[-0.559557,-0.826939,-0.0553867],[-0.216527,0.210368,-0.953342]]],"btipPosition":[-8.87133,287.778,17.4737],"carpPosition":[26.3296,319.509,57.0463],"dipPosition":[-12.7739,291.57,0.291194],"direction":[-0.162659,-0.664594,0.729286],"extended":false,"handId":966,"id":9663,"length":62.1505,"mcpPosition":[17.3808,337.893,0.185226],"pipPosition":[-8.42723,309.329,-19.1972],"stabilizedTipPosition":[10.5784,232.567,170.473],"timeVisible":10.8585,"tipPosition":[-9.30158,288.746,14.6301],"tipVelocity":[-4.66776,-0.485604,-215.789],"tool":false,"touchDistance":0.333333,"touchZone":"none","type":3,"width":17.4379},{"bases":[[[0.705016,-0.678236,-0.207239],[0.70918,0.675834,0.200777],[0.00388516,-0.288521,0.957466]],[[0.698205,-0.712758,-0.066974],[0.28952,0.366687,-0.884149],[0.654743,0.597927,0.46238]],[[0.698205,-0.712758,-0.066974],[-0.578309,-0.506398,-0.639625],[0.421982,0.485321,-0.765764]],[[0.698205,-0.712758,-0.066974],[-0.715898,-0.695082,-0.0659616],[0.000462235,0.0940013,-0.995572]]],"btipPosition":[3.30516,294.088,13.9033],"carpPosition":[33.8245,309.064,52.229],"dipPosition":[3.31285,295.651,-2.6504],"direction":[-0.421982,-0.485321,0.765764],"extended":false,"handId":966,"id":9664,"length":48.7249,"mcpPosition":[33.6071,325.202,-1.32693],"pipPosition":[11.2745,304.807,-17.0983],"stabilizedTipPosition":[20.2423,239.824,164.751],"timeVisible":10.8585,"tipPosition":[3.54806,294.537,11.0753],"tipVelocity":[-4.05013,-3.73807,-219.875],"tool":false,"touchDistance":0.333333,"touchZone":"none","type":4,"width":15.4897}],"r":[[0.994819,0.0101672,0.101156],[-0.0159056,0.998299,0.0560843],[-0.100414,-0.0574027,0.993289]],"s":1.02728,"t":[-18.8488,-0.691169,-6.41533],"timestamp":669259708885},false],[3,{"currentFrameRate":51.9766,"devices":[],"gestures":[],"hands":[{"armBasis":[[0.933952,-0.282178,-0.21934],[0.238124,0.948948,-0.20687],[0.266516,0.140976,0.953465]],"armWidth":61.4671,"confidence":0.575252,"direction":[-0.197572,0.46091,-0.865175],"elbow":[90.9563,345.652,309.929],"grabStrength":0,"id":966,"palmNormal":[-0.426463,-0.835091,-0.347495],"palmPosition":[2.98174,331.672,17.7386],"palmVelocity":[1.35024,7.9085,-189.711],"palmWidth":87.7729,"pinchStrength":0.520219,"r":[[0.995137,0.00892763,0.0980931],[-0.014357,0.998395,0.0547832],[-0.0974466,-0.0559251,0.993668]],"s":1.02541,"sphereCenter":[-2.7257,294.632,-18.8039],"sphereRadius":49.49,"stabilizedPalmPosition":[10.653,274.059,150.436],"t":[-18.8272,-0.547869,-9.82838],"timeVisible":10.8763,"type":"right","wrist":[21.541,308.934,61.5957]}],"id":4957963,"interactionBox":{"center":[0,200,0],"size":[235.247,235.247,147.751]},"pointables":[{"bases":[[[0.698069,0.716022,-0.00350163],[-0.442537,0.435275,0.784026],[0.562904,-0.545754,0.620718]],[[0.412841,0.875025,-0.252771],[-0.672606,0.480027,0.563184],[0.614137,-0.06249,0.786722]],[[0.412841,0.875025,-0.252771],[-0.842513,0.472321,0.259006],[0.346026,0.106035,0.932214]],[[0.412841,0.875025,-0.252771],[-0.867443,0.462351,0.183775],[0.277676,0.143395,0.949912]]],"btipPosition":[-53.7451,303.255,-19.2147],"carpPosition":[-6.52311,306.971,70.7741],"dipPosition":[-47.4763,306.493,2.23069],"direction":[-0.346026,-0.106035,-0.932214],"extended":false,"handId":966,"id":9660,"length":50.2737,"mcpPosition":[-6.52311,306.971,70.7741],"pipPosition":[-36.0954,309.98,32.8913],"stabilizedTipPosition":[-45.4763,244.031,99.9759],"timeVisible":10.8763,"tipPosition":[-53.6929,304.786,-13.604],"tipVelocity":[12.0517,-0.943533,-179.152],"tool":false,"touchDistance":-0.795686,"touchZone":"hovering","type":0,"width":19.534},{"bases":[[[0.83696,-0.218659,-0.501683],[0.370868,0.900732,0.226137],[0.402435,-0.375327,0.834971]],[[0.898483,-0.286412,-0.332712],[0.283371,0.957208,-0.0587649],[0.335305,-0.0414816,0.941196]],[[0.898483,-0.286412,-0.332712],[0.242272,0.955502,-0.168284],[0.366105,0.0705934,0.927892]],[[0.898483,-0.286412,-0.332712],[0.210533,0.946145,-0.245939],[0.385233,0.150925,0.910394]]],"btipPosition":[-50.9929,349.366,-69.317],"carpPosition":[6.34876,325.144,65.5852],"dipPosition":[-44.6437,351.853,-54.3123],"direction":[-0.366105,-0.0705934,-0.927892],"extended":true,"handId":966,"id":9661,"length":56.7283,"mcpPosition":[-22.2114,351.78,6.32859],"pipPosition":[-36.1076,353.499,-32.6778],"stabilizedTipPosition":[-45.6837,298.473,24.0834],"timeVisible":10.8763,"tipPosition":[-49.8739,348.22,-65.4684],"tipVelocity":[-5.17453,21.284,-189.849],"tool":false,"touchDistance":-0.917199,"touchZone":"hovering","type":1,"width":18.6589},{"bases":[[[0.808066,-0.417684,-0.415414],[0.515773,0.842339,0.156343],[0.284618,-0.340595,0.896096]],[[0.805137,-0.414207,-0.424485],[-0.143447,0.55847,-0.817028],[0.57548,0.71871,0.390228]],[[0.805137,-0.414207,-0.424485],[-0.592488,-0.593928,-0.544249],[-0.0266818,0.689697,-0.723606]],[[0.805137,-0.414207,-0.424485],[-0.461494,-0.88709,-0.00972248],[-0.372529,0.203725,-0.905383]]],"btipPosition":[-21.8643,291.16,17.3963],"carpPosition":[16.5635,324.267,59.5872],"dipPosition":[-28.6174,294.853,0.983884],"direction":[0.0266818,-0.689697,0.723606],"extended":false,"handId":966,"id":9662,"length":64.6373,"mcpPosition":[-2.59162,347.189,-0.721223],"pipPosition":[-29.3493,313.772,-18.8653],"stabilizedTipPosition":[-5.49717,232.661,162.137],"timeVisible":10.8763,"tipPosition":[-22.9007,291.925,14.7001],"tipVelocity":[-22.3394,8.56061,-212.297],"tool":false,"touchDistance":0.333333,"touchZone":"none","type":2,"width":18.3255},{"bases":[[[0.799947,-0.525555,-0.289614],[0.580998,0.799058,0.15475],[0.150089,-0.292057,0.944551]],[[0.799617,-0.524916,-0.291676],[0.0363488,0.527132,-0.849006],[0.599409,0.668278,0.440584]],[[0.799617,-0.524916,-0.291676],[-0.578347,-0.542423,-0.609337],[0.161639,0.655927,-0.737315]],[[0.799617,-0.524916,-0.291676],[-0.559602,-0.827548,-0.0448232],[-0.217848,0.199064,-0.955466]]],"btipPosition":[-8.98128,288.072,14.9748],"carpPosition":[26.3154,320.342,54.115],"dipPosition":[-12.9076,291.659,-2.24591],"direction":[-0.161639,-0.655927,0.737315],"extended":false,"handId":966,"id":9663,"length":62.1505,"mcpPosition":[17.2462,337.99,-2.95975],"pipPosition":[-8.58823,309.187,-21.9489],"stabilizedTipPosition":[10.5762,232.573,170.456],"timeVisible":10.8763,"tipPosition":[-9.42109,289.01,12.0992],"tipVelocity":[-5.51948,6.25543,-180.503],"tool":false,"touchDistance":0.333333,"touchZone":"none","type":3,"width":17.4379},{"bases":[[[0.704874,-0.68058,-0.199908],[0.709308,0.678625,0.190657],[0.00590473,-0.276186,0.961086]],[[0.698361,-0.71329,-0.0592501],[0.288537,0.356319,-0.888697],[0.65501,0.603535,0.45465]],[[0.698361,-0.71329,-0.0592501],[-0.578609,-0.513889,-0.633348],[0.421313,0.476588,-0.771595]],[[0.698361,-0.71329,-0.0592501],[-0.715746,-0.69602,-0.057124],[-0.000493302,0.0823012,-0.996607]]],"btipPosition":[3.19198,294.341,11.2802],"carpPosition":[33.8049,309.839,49.4174],"dipPosition":[3.18378,295.709,-5.29074],"direction":[-0.421313,-0.476588,0.771595],"extended":false,"handId":966,"id":9664,"length":48.7249,"mcpPosition":[33.4746,325.287,-4.34098],"pipPosition":[11.1328,304.701,-19.8486],"stabilizedTipPosition":[20.2409,239.829,164.738],"timeVisible":10.8763,"tipPosition":[3.4311,294.76,8.43288],"tipVelocity":[-5.22963,3.52305,-185.822],"tool":false,"touchDistance":0.333333,"touchZone":"none","type":4,"width":15.4897}],"r":[[0.995137,0.00892763,0.0980931],[-0.014357,0.998395,0.0547832],[-0.0974466,-0.0559251,0.993668]],"s":1.02541,"t":[-18.8272,-0.547869,-9.82838],"timestamp":669259726700},false],[4,{"currentFrameRate":52.2749,"devices":[],"gestures":[],"hands":[{"armBasis":[[0.929418,-0.287463,-0.231401],[0.239087,0.946717,-0.215789],[0.281103,0.145233,0.948625]],"armWidth":61.4671,"confidence":0.593806,"direction":[-0.197259,0.465432,-0.862822],"elbow":[94.3799,346.11,305.57],"grabStrength":0,"id":966,"palmNormal":[-0.433731,-0.830726,-0.348958],"palmPosition":[2.61788,331.312,14.7871],"palmVelocity":[-8.86137,-5.30771,-177.33],"palmWidth":87.7729,"pinchStrength":0.535397,"r":[[0.995462,0.00641981,0.0949456],[-0.0116334,0.998448,0.0544602],[-0.0944486,-0.0553176,0.993992]],"s":1.02358,"sphereCenter":[-3.72965,294.676,-21.7605],"sphereRadius":49.2981,"stabilizedPalmPosition":[10.6526,274.062,150.428],"t":[-18.9984,-0.656107,-13.0107],"timeVisible":10.8943,"type":"right","wrist":[21.1656,308.283,58.4969]}],"id":4957964,"interactionBox":{"center":[0,200,0],"size":[235.247,235.247,147.751]},"pointables":[{"bases":[[[0.703231,0.710954,-0.00341982],[-0.436609,0.435653,0.787134],[0.561105,-0.552043,0.616773]],[[0.419749,0.872509,-0.250078],[-0.668194,0.483523,0.56544],[0.614269,-0.0702424,0.785964]],[[0.419749,0.872509,-0.250078],[-0.839769,0.477871,0.257737],[0.344382,0.101823,0.933291]],[[0.419749,0.872509,-0.250078],[-0.866189,0.467388,0.176818],[0.271158,0.142395,0.951944]]],"btipPosition":[-53.9069,303.309,-22.266],"carpPosition":[-6.87964,306.491,67.7675],"dipPosition":[-47.7851,306.524,-0.774823],"direction":[-0.344382,-0.101823,-0.933291],"extended":false,"handId":966,"id":9660,"length":50.2737,"mcpPosition":[-6.87964,306.491,67.7675],"pipPosition":[-36.4584,309.873,29.9212],"stabilizedTipPosition":[-45.4767,244.034,99.9696],"timeVisible":10.8943,"tipPosition":[-53.9054,304.796,-16.6364],"tipVelocity":[1.18857,0.786117,-174.13],"tool":false,"touchDistance":-0.790063,"touchZone":"hovering","type":0,"width":19.534},{"bases":[[[0.833584,-0.222915,-0.505418],[0.378188,0.897204,0.228032],[0.402631,-0.381227,0.832198]],[[0.895013,-0.291447,-0.337654],[0.292189,0.95506,-0.0498641],[0.337013,-0.0540297,0.939949]],[[0.895013,-0.291447,-0.337654],[0.250951,0.954853,-0.158994],[0.368749,0.0575674,0.927745]],[[0.895013,-0.291447,-0.337654],[0.218963,0.946598,-0.236658],[0.388596,0.137878,0.911034]]],"btipPosition":[-51.4379,350.268,-72.063],"carpPosition":[6.10548,324.588,62.5979],"dipPosition":[-45.0332,352.54,-57.0478],"direction":[-0.368749,-0.0575674,-0.927745],"extended":true,"handId":966,"id":9661,"length":56.7283,"mcpPosition":[-22.4686,351.643,3.53804],"pipPosition":[-36.4356,353.882,-35.4166],"stabilizedTipPosition":[-45.6883,298.529,23.9838],"timeVisible":10.8943,"tipPosition":[-50.31,349.073,-68.2393],"tipVelocity":[-14.0885,33.6062,-171.932],"tool":false,"touchDistance":-0.894966,"touchZone":"hovering","type":1,"width":18.6589},{"bases":[[[0.803549,-0.422034,-0.419757],[0.522419,0.838013,0.157518],[0.285284,-0.345863,0.893864]],[[0.800585,-0.418469,-0.428892],[-0.138478,0.567171,-0.811875],[0.582999,0.709367,0.39612]],[[0.800585,-0.418469,-0.428892],[-0.59888,-0.582889,-0.549166],[-0.0201875,0.696508,-0.717265]],[[0.800585,-0.418469,-0.428892],[-0.469656,-0.882715,-0.015414],[-0.372139,0.213772,-0.903224]]],"btipPosition":[-22.715,290.972,14.033],"carpPosition":[16.2925,323.659,56.5607],"dipPosition":[-29.461,294.847,-2.34026],"direction":[0.0201875,-0.696508,0.717265],"extended":false,"handId":966,"id":9662,"length":64.6373,"mcpPosition":[-2.90751,346.936,-3.59747],"pipPosition":[-30.0148,313.953,-22.0155],"stabilizedTipPosition":[-5.49915,232.667,162.121],"timeVisible":10.8943,"tipPosition":[-23.7285,291.782,11.3677],"tipVelocity":[-34.0738,0.651435,-199.794],"tool":false,"touchDistance":0.333333,"touchZone":"none","type":2,"width":18.3255},{"bases":[[[0.795089,-0.530295,-0.294314],[0.587322,0.794267,0.15554],[0.151282,-0.296525,0.942967]],[[0.794747,-0.529627,-0.296432],[0.038411,0.531315,-0.846303],[0.605724,0.661211,0.442605]],[[0.794747,-0.529627,-0.296432],[-0.583944,-0.534064,-0.61138],[0.16549,0.658992,-0.733718]],[[0.794747,-0.529627,-0.296432],[-0.566319,-0.82277,-0.0483048],[-0.218312,0.206265,-0.953831]]],"btipPosition":[-9.73916,287.775,11.783],"carpPosition":[25.9963,319.683,51.0401],"dipPosition":[-13.6739,291.493,-5.40833],"direction":[-0.16549,-0.658992,0.733718],"extended":false,"handId":966,"id":9663,"length":62.1505,"mcpPosition":[16.8551,337.601,-5.93895],"pipPosition":[-9.25158,309.103,-25.0152],"stabilizedTipPosition":[10.5749,232.576,170.446],"timeVisible":10.8943,"tipPosition":[-10.1775,288.741,8.90201],"tipVelocity":[-22.8864,-3.71814,-178.636],"tool":false,"touchDistance":0.333333,"touchZone":"none","type":3,"width":17.4379},{"bases":[[[0.699209,-0.684948,-0.204825],[0.71488,0.672779,0.190564],[0.00727579,-0.279669,0.960069]],[[0.692973,-0.718075,-0.0644764],[0.288495,0.358142,-0.887978],[0.660726,0.596743,0.455344]],[[0.692973,-0.718075,-0.0644764],[-0.583979,-0.506612,-0.634282],[0.422797,0.477193,-0.770409]],[[0.692973,-0.718075,-0.0644764],[-0.720959,-0.690506,-0.058477],[-0.00253045,0.0870078,-0.996204]]],"btipPosition":[2.51415,293.982,8.14557],"carpPosition":[33.3928,309.143,46.2786],"dipPosition":[2.47207,295.428,-8.41869],"direction":[-0.422797,-0.477193,0.770409],"extended":false,"handId":966,"id":9664,"length":48.7249,"mcpPosition":[32.9858,324.786,-7.42286],"pipPosition":[10.4491,304.432,-22.9542],"stabilizedTipPosition":[20.24,239.831,164.731],"timeVisible":10.8943,"tipPosition":[2.74799,294.417,5.28507],"tipVelocity":[-20.7829,-7.12511,-180.063],"tool":false,"touchDistance":0.333333,"touchZone":"none","type":4,"width":15.4897}],"r":[[0.995462,0.00641981,0.0949456],[-0.0116334,0.998448,0.0544602],[-0.0944486,-0.0553176,0.993992]],"s":1.02358,"t":[-18.9984,-0.656107,-13.0107],"timestamp":669259744739},false],[5,{"currentFrameRate":52.5267,"devices":[],"gestures":[],"hands":[{"armBasis":[[0.931235,-0.285297,-0.226732],[0.237308,0.946924,-0.216842],[0.276562,0.148126,0.949512]],"armWidth":61.4671,"confidence":0.608512,"direction":[-0.200522,0.464021,-0.86283],"elbow":[93.2273,347.404,303.702],"grabStrength":0,"id":966,"palmNormal":[-0.433399,-0.831866,-0.346647],"palmPosition":[2.4835,331.768,12.7136],"palmVelocity":[-8.17308,9.19928,-147.379],"palmWidth":87.7729,"pinchStrength":0.5456,"r":[[0.995762,0.00475755,0.0918459],[-0.0097468,0.998496,0.0539501],[-0.0914511,-0.0546166,0.994311]],"s":1.02212,"sphereCenter":[-4.09653,295.266,-23.6989],"sphereRadius":49.1715,"stabilizedPalmPosition":[10.6523,274.064,150.424],"t":[-19.1511,-0.482199,-15.6385],"timeVisible":10.9124,"type":"right","wrist":[21.1956,308.825,56.3983]}],"id":4957965,"interactionBox":{"center":[0,200,0],"size":[235.247,235.247,147.751]},"pointables":[{"bases":[[[0.702066,0.712083,-0.0063633],[-0.435021,0.435942,0.787852],[0.563791,-0.550356,0.615831]],[[0.419025,0.872477,-0.251398],[-0.667644,0.483717,0.565923],[0.615361,-0.0692919,0.785194]],[[0.419025,0.872477,-0.251398],[-0.840694,0.477403,0.255578],[0.343005,0.104255,0.93353]],[[0.419025,0.872477,-0.251398],[-0.868237,0.466037,0.170221],[0.265674,0.146946,0.952798]]],"btipPosition":[-53.7302,303.589,-24.2709],"carpPosition":[-6.81961,306.999,65.7527],"dipPosition":[-47.7323,306.906,-2.76038],"direction":[-0.343005,-0.104255,-0.93353],"extended":false,"handId":966,"id":9660,"length":50.2737,"mcpPosition":[-6.81961,306.999,65.7527],"pipPosition":[-36.4509,310.335,27.9435],"stabilizedTipPosition":[-45.4768,244.036,99.9665],"timeVisible":10.9124,"tipPosition":[-53.7501,305.037,-18.6477],"tipVelocity":[4.51438,8.3682,-143.785],"tool":false,"touchDistance":-0.769396,"touchZone":"hovering","type":0,"width":19.534},{"bases":[[[0.832469,-0.222207,-0.507562],[0.377398,0.898101,0.2258],[0.405668,-0.379524,0.831502]],[[0.894364,-0.290245,-0.340397],[0.292649,0.955137,-0.0455024],[0.338332,-0.0589211,0.93918]],[[0.894364,-0.290245,-0.340397],[0.251589,0.955546,-0.153734],[0.369885,0.0518543,0.927629]],[[0.894364,-0.290245,-0.340397],[0.219675,0.947829,-0.231005],[0.389686,0.131826,0.911464]]],"btipPosition":[-51.7369,351.105,-74.0614],"carpPosition":[6.1211,325.11,60.5225],"dipPosition":[-45.3143,353.277,-59.0391],"direction":[-0.369885,-0.0518543,-0.927629],"extended":true,"handId":966,"id":9661,"length":56.7283,"mcpPosition":[-22.6685,352.045,1.51213],"pipPosition":[-36.6901,354.486,-37.4107],"stabilizedTipPosition":[-45.6919,298.571,23.9084],"timeVisible":10.9124,"tipPosition":[-50.6026,349.882,-70.25],"tipVelocity":[-15.1288,38.9911,-142.539],"tool":false,"touchDistance":-0.863755,"touchZone":"hovering","type":1,"width":18.6589},{"bases":[[[0.803006,-0.421266,-0.421563],[0.521518,0.839054,0.15494],[0.288444,-0.344271,0.893464]],[[0.799989,-0.417694,-0.430754],[-0.139144,0.569189,-0.810347],[0.583657,0.708206,0.397225]],[[0.799989,-0.417694,-0.430754],[-0.59966,-0.581243,-0.550058],[-0.0206171,0.698347,-0.715462]],[[0.799989,-0.417694,-0.430754],[-0.46945,-0.882817,-0.015805],[-0.373676,0.214862,-0.902331]]],"btipPosition":[-22.9191,291.379,11.8391],"carpPosition":[16.292,324.19,54.4569],"dipPosition":[-29.693,295.274,-4.518],"direction":[0.0206171,-0.698347,0.715463],"extended":false,"handId":966,"id":9662,"length":64.6373,"mcpPosition":[-3.12066,347.36,-5.67438],"pipPosition":[-30.2585,314.431,-24.1438],"stabilizedTipPosition":[-5.50036,232.671,162.112],"timeVisible":10.9124,"tipPosition":[-23.9304,292.203,9.17953],"tipVelocity":[-23.3829,11.1686,-162.217],"tool":false,"touchDistance":0.333333,"touchZone":"none","type":2,"width":18.3255},{"bases":[[[0.795086,-0.529382,-0.295961],[0.586486,0.795411,0.152828],[0.154506,-0.295088,0.942895]],[[0.794729,-0.528701,-0.298131],[0.0361611,0.531553,-0.846253],[0.605887,0.661761,0.441559]],[[0.794729,-0.528701,-0.298131],[-0.584453,-0.534048,-0.610906],[0.16377,0.659748,-0.733424]],[[0.794729,-0.528701,-0.298131],[-0.565631,-0.82327,-0.0478288],[-0.220155,0.206643,-0.953326]]],"btipPosition":[-9.87197,288.178,9.68838],"carpPosition":[25.9861,320.223,48.913],"dipPosition":[-13.8399,291.902,-7.4938],"direction":[-0.16377,-0.659748,0.733424],"extended":false,"handId":966,"id":9663,"length":62.1505,"mcpPosition":[16.6501,338.054,-8.06164],"pipPosition":[-9.46356,309.532,-27.0928],"stabilizedTipPosition":[10.5742,232.578,170.441],"timeVisible":10.9124,"tipPosition":[-10.3181,289.15,6.79426],"tipVelocity":[-15.6809,8.65654,-148.564],"tool":false,"touchDistance":0.333333,"touchZone":"none","type":3,"width":17.4379},{"bases":[[[0.699718,-0.684076,-0.205998],[0.714342,0.674173,0.187633],[0.0105225,-0.278443,0.960395]],[[0.69395,-0.717024,-0.065653],[0.285947,0.358127,-0.888808],[0.660809,0.598015,0.453552]],[[0.69395,-0.717024,-0.065653],[-0.584438,-0.50767,-0.633011],[0.420554,0.477648,-0.771353]],[[0.69395,-0.717024,-0.065653],[-0.720008,-0.691644,-0.056723],[-0.00473675,0.0866336,-0.996229]]],"btipPosition":[2.40169,294.413,6.07139],"carpPosition":[33.3858,309.688,44.1434],"dipPosition":[2.32293,295.853,-10.4933],"direction":[-0.420554,-0.477648,0.771353],"extended":false,"handId":966,"id":9664,"length":48.7249,"mcpPosition":[32.7972,325.263,-9.57638],"pipPosition":[10.2576,304.865,-25.0466],"stabilizedTipPosition":[20.2396,239.832,164.727],"timeVisible":10.9124,"tipPosition":[2.62798,294.85,3.19706],"tipVelocity":[-14.0649,7.55923,-148.833],"tool":false,"touchDistance":0.333333,"touchZone":"none","type":4,"width":15.4897}],"r":[[0.995762,0.00475755,0.0918459],[-0.0097468,0.998496,0.0539501],[-0.0914511,-0.0546166,0.994311]],"s":1.02212,"t":[-19.1511,-0.482199,-15.6385],"timestamp":669259762861},false],[6,{"currentFrameRate":52.7579,"devices":[],"gestures":[],"hands":[{"armBasis":[[0.933005,-0.285739,-0.218757],[0.238303,0.946084,-0.219402],[0.269655,0.152573,0.950793]],"armWidth":61.4671,"confidence":0.54669,"direction":[-0.201988,0.46086,-0.864181],"elbow":[91.607,348.733,302.71],"grabStrength":0,"id":966,"palmNormal":[-0.434769,-0.832854,-0.342534],"palmPosition":[2.58774,331.785,11.3391],"palmVelocity":[-1.54456,5.26643,-113.343],"palmWidth":87.7729,"pinchStrength":0.551376,"r":[[0.996031,0.00334208,0.0889425],[-0.00806318,0.998574,0.0527742],[-0.0886392,-0.0532819,0.994638]],"s":1.02104,"sphereCenter":[-4.21907,295.257,-24.8822],"sphereRadius":49.1043,"stabilizedPalmPosition":[10.6522,274.065,150.422],"t":[-19.1754,-0.386764,-17.6397],"timeVisible":10.9305,"type":"right","wrist":[21.3744,308.995,55.072]}],"id":4957966,"interactionBox":{"center":[0,200,0],"size":[235.247,235.247,147.751]},"pointables":[{"bases":[[[0.702597,0.711509,-0.0105792],[-0.433022,0.439301,0.787088],[0.564668,-0.548425,0.61675]],[[0.420456,0.870824,-0.25472],[-0.666137,0.486887,0.56498],[0.616018,-0.0678712,0.784802]],[[0.420456,0.870824,-0.25472],[-0.83982,0.479781,0.253992],[0.343392,0.107127,0.933063]],[[0.420456,0.870824,-0.25472],[-0.86781,0.467914,0.167219],[0.264806,0.15074,0.952447]]],"btipPosition":[-53.5578,303.568,-25.489],"carpPosition":[-6.62235,307.227,64.4925],"dipPosition":[-47.5795,306.971,-3.98638],"direction":[-0.343392,-0.107127,-0.933063],"extended":false,"handId":966,"id":9660,"length":50.2737,"mcpPosition":[-6.62235,307.227,64.4925],"pipPosition":[-36.2853,310.495,26.7021],"stabilizedTipPosition":[-45.4769,244.037,99.9649],"timeVisible":10.9305,"tipPosition":[-53.5477,304.971,-19.8844],"tipVelocity":[6.77805,4.3644,-107.397],"tool":false,"touchDistance":-0.739088,"touchZone":"touching","type":0,"width":19.534},{"bases":[[[0.831224,-0.2248,-0.508459],[0.378563,0.898668,0.221552],[0.407131,-0.376643,0.832096]],[[0.893272,-0.292043,-0.341724],[0.29464,0.954522,-0.0455583],[0.339488,-0.0599895,0.938696]],[[0.893272,-0.292043,-0.341724],[0.253579,0.955079,-0.153367],[0.371163,0.0503441,0.927202]],[[0.893272,-0.292043,-0.341724],[0.221607,0.947509,-0.230472],[0.391094,0.130146,0.911102]]],"btipPosition":[-51.7416,351.205,-75.4247],"carpPosition":[6.32119,325.308,59.1655],"dipPosition":[-45.2958,353.35,-60.4083],"direction":[-0.371163,-0.0503441,-0.927202],"extended":true,"handId":966,"id":9661,"length":56.7283,"mcpPosition":[-22.5723,352.038,0.11289],"pipPosition":[-36.6418,354.524,-38.7898],"stabilizedTipPosition":[-45.6942,298.598,23.8608],"timeVisible":10.9305,"tipPosition":[-50.5913,350.006,-71.6283],"tipVelocity":[-7.91122,22.9054,-110.546],"tool":false,"touchDistance":-0.826182,"touchZone":"touching","type":1,"width":18.6589},{"bases":[[[0.801791,-0.423504,-0.421635],[0.522488,0.839238,0.150616],[0.290065,-0.341061,0.894169]],[[0.798742,-0.419947,-0.430878],[-0.138463,0.568615,-0.810867],[0.585525,0.707334,0.396029]],[[0.798742,-0.419947,-0.430878],[-0.601357,-0.580421,-0.549073],[-0.0195089,0.697679,-0.716145]],[[0.798742,-0.419947,-0.430878],[-0.471042,-0.882007,-0.0135643],[-0.374341,0.213796,-0.902308]]],"btipPosition":[-22.9469,291.408,10.4906],"carpPosition":[16.4785,324.356,53.082],"dipPosition":[-29.7328,295.284,-5.86608],"direction":[0.0195089,-0.697679,0.716145],"extended":false,"handId":966,"id":9662,"length":64.6373,"mcpPosition":[-3.04327,347.31,-7.09678],"pipPosition":[-30.268,314.422,-25.5106],"stabilizedTipPosition":[-5.50102,232.673,162.106],"timeVisible":10.9305,"tipPosition":[-23.9595,292.236,7.82422],"tipVelocity":[-13.0566,6.49248,-120.432],"tool":false,"touchDistance":0.333333,"touchZone":"none","type":2,"width":18.3255},{"bases":[[[0.794053,-0.531131,-0.295601],[0.587418,0.795536,0.148535],[0.15627,-0.291586,0.943694]],[[0.793683,-0.530443,-0.29782],[0.0351243,0.528711,-0.848075],[0.607316,0.662642,0.438261]],[[0.793683,-0.530443,-0.29782],[-0.585935,-0.534968,-0.608678],[0.163545,0.657601,-0.7354]],[[0.793683,-0.530443,-0.29782],[-0.566719,-0.82268,-0.0450272],[-0.221126,0.204517,-0.95356]]],"btipPosition":[-9.84492,288.161,8.45921],"carpPosition":[26.1579,320.361,47.533],"dipPosition":[-13.8304,291.847,-8.72717],"direction":[-0.163545,-0.657601,0.7354],"extended":false,"handId":966,"id":9663,"length":62.1505,"mcpPosition":[16.7153,337.98,-9.48997],"pipPosition":[-9.46002,309.42,-28.379],"stabilizedTipPosition":[10.5739,232.579,170.438],"timeVisible":10.9305,"tipPosition":[-10.2973,289.135,5.54116],"tipVelocity":[-7.61239,3.88064,-110.171],"tool":false,"touchDistance":0.333333,"touchZone":"none","type":3,"width":17.4379},{"bases":[[[0.698756,-0.685404,-0.204843],[0.715254,0.674334,0.183535],[0.0123371,-0.274761,0.961433]],[[0.693267,-0.717793,-0.0644501],[0.28546,0.355616,-0.889972],[0.661735,0.59859,0.451438]],[[0.693267,-0.717793,-0.0644501],[-0.585058,-0.508329,-0.631908],[0.420818,0.475788,-0.772359]],[[0.693267,-0.717793,-0.0644501],[-0.720663,-0.691097,-0.0550406],[-0.00503351,0.0846046,-0.996402]]],"btipPosition":[2.42216,294.37,4.75211],"carpPosition":[33.5394,309.802,42.7882],"dipPosition":[2.33846,295.777,-11.8154],"direction":[-0.420818,-0.475788,0.772359],"extended":false,"handId":966,"id":9664,"length":48.7249,"mcpPosition":[32.8493,325.171,-10.9896],"pipPosition":[10.2781,304.754,-26.3877],"stabilizedTipPosition":[20.2394,239.833,164.725],"timeVisible":10.9305,"tipPosition":[2.65207,294.81,1.86754],"tipVelocity":[-6.86275,2.63102,-112.671],"tool":false,"touchDistance":0.33333