{"sensorType":"Leap","data":[[0,{"currentFrameRate":51.1346,"devices":[],"gestures":[],"hands":[{"armBasis":[[0.905254,-0.369572,-0.209597],[0.346848,0.927743,-0.1378],[0.245379,0.0520461,0.968029]],"armWidth":61.4671,"confidence":0.45856,"direction":[-0.120939,0.402403,-0.907439],"elbow":[99.5059,322.434,324.501],"grabStrength":0.233155,"id":966,"palmNormal":[-0.45186,-0.836265,-0.31062],"palmPosition":[20.9139,329.093,25.8916],"palmVelocity":[-147.49,22.9838,-497.792],"palmWidth":87.7729,"pinchStrength":1,"r":[[0.958201,-0.255095,0.129525],[0.243486,0.964842,0.0989648],[-0.150217,-0.0632906,0.986625]],"s":0.683899,"sphereCenter":[-4.87664,296.494,-1.15968],"sphereRadius":42.1675,"stabilizedPalmPosition":[23.8321,299.814,101.994],"t":[1.92183,-3.38421,4.31977],"timeVisible":29.7941,"type":"right","wrist":[35.5959,308.878,72.3745]}],"id":4958977,"interactionBox":{"center":[0,200,0],"size":[235.247,235.247,147.751]},"pointables":[{"bases":[[[0.736217,0.676619,-0.0131091],[-0.462044,0.516706,0.720784],[0.49447,-0.524596,0.693035]],[[0.520904,0.815889,-0.250969],[-0.749627,0.577862,0.322699],[0.408311,0.0200379,0.912623]],[[0.520904,0.815889,-0.250969],[-0.770091,0.576005,0.274186],[0.368264,0.050444,0.928352]],[[0.520904,0.815889,-0.250969],[-0.804249,0.567622,0.176037],[0.286082,0.110143,0.951854]]],"btipPosition":[-31.2507,303.97,-16.0525],"carpPosition":[6.9815,309.08,79.9155],"dipPosition":[-24.792,306.456,5.43666],"direction":[-0.368264,-0.050444,-0.928352],"extended":false,"handId":966,"id":9660,"length":50.2737,"mcpPosition":[6.9815,309.08,79.9155],"pipPosition":[-12.6798,308.115,35.9702],"stabilizedTipPosition":[-28.8388,284.761,48.425],"timeVisible":29.7941,"tipPosition":[-28.58,302.664,-10.0927],"tipVelocity":[-9.90837,-100.482,-464.86],"tool":false,"touchDistance":-0.930775,"touchZone":"hovering","type":0,"width":19.534},{"bases":[[[0.851,-0.299617,-0.43131],[0.407161,0.895135,0.181532],[0.331691,-0.330096,0.883752]],[[0.862283,-0.311193,-0.399534],[0.194446,0.9319,-0.30619],[0.46761,0.186335,0.864072]],[[0.862283,-0.311193,-0.399534],[0.117597,0.890401,-0.439725],[0.492585,0.332183,0.804372]],[[0.862283,-0.311193,-0.399534],[0.0345642,0.823251,-0.566625],[0.505246,0.474781,0.720631]]],"btipPosition":[-41.5985,326.244,-54.9541],"carpPosition":[21.1327,326.11,74.2062],"dipPosition":[-33.2713,334.069,-43.077],"direction":[-0.492585,-0.332183,-0.804372],"extended":true,"handId":966,"id":9661,"length":56.7283,"mcpPosition":[-2.4069,349.536,11.4877],"pipPosition":[-21.7863,341.814,-24.3224],"stabilizedTipPosition":[-45.5336,305.122,27.664],"timeVisible":29.7941,"tipPosition":[-26.7097,335.419,-54.386],"tipVelocity":[175.635,67.7611,-1196.3],"tool":false,"touchDistance":-1,"touchZone":"hovering","type":1,"width":18.6589},{"bases":[[[0.806025,-0.489639,-0.332531],[0.552354,0.82413,0.125359],[0.212668,-0.284718,0.934723]],[[0.810517,-0.495796,-0.311846],[0.131014,0.672395,-0.728506],[0.570874,0.549611,0.609944]],[[0.810517,-0.495796,-0.311846],[-0.294326,0.115551,-0.948694],[0.506393,0.860717,-0.0522695]],[[0.810517,-0.495796,-0.311846],[-0.468734,-0.229807,-0.852923],[0.351212,0.837481,-0.418659]]],"btipPosition":[-29.5016,279.062,-13.311],"carpPosition":[31.6122,324.247,68.9341],"dipPosition":[-23.135,294.243,-20.9002],"direction":[-0.506393,-0.860717,0.0522695],"extended":false,"handId":966,"id":9662,"length":64.6373,"mcpPosition":[17.2993,343.409,6.02603],"pipPosition":[-9.24414,317.854,-22.334],"stabilizedTipPosition":[-27.2715,302.647,-5.2613],"timeVisible":29.7941,"tipPosition":[-16.763,289.81,-2.38006],"tipVelocity":[-77.7539,-1225.67,695.189],"tool":false,"touchDistance":0.333333,"touchZone":"none","type":2,"width":18.3255},{"bases":[[[0.784588,-0.586924,-0.199852],[0.615028,0.777545,0.131014],[0.0784991,-0.225707,0.971028]],[[0.786208,-0.592036,-0.177117],[0.172385,0.485354,-0.857155],[0.593431,0.64337,0.483647]],[[0.786208,-0.592036,-0.177117],[-0.307302,-0.125902,-0.943247],[0.536137,0.796016,-0.280919]],[[0.786208,-0.592036,-0.177117],[-0.4995,-0.440082,-0.746209],[0.363837,0.675145,-0.641718]]],"btipPosition":[-9.77596,271.883,3.93493],"carpPosition":[41.4287,319.414,64.3819],"dipPosition":[-3.21838,284.051,-7.63101],"direction":[-0.536137,-0.796016,0.280919],"extended":false,"handId":966,"id":9663,"length":62.1505,"mcpPosition":[36.6854,333.052,5.70724],"pipPosition":[11.1086,305.323,-15.1379],"stabilizedTipPosition":[-16.4683,276.808,18.0914],"timeVisible":29.7941,"tipPosition":[-3.70206,281.397,0.520534],"tipVelocity":[375.108,-544.413,393.016],"tool":false,"touchDistance":0.333333,"touchZone":"none","type":3,"width":17.4379},{"bases":[[[0.675923,-0.729454,-0.105005],[0.734076,0.653776,0.183604],[-0.0652812,-0.201184,0.977376]],[[0.666389,-0.745543,-0.00959813],[0.453235,0.41527,-0.788751],[0.592034,0.521265,0.614637]],[[0.666389,-0.745543,-0.00959813],[-0.0851212,-0.0632825,-0.994359],[0.74073,0.663447,-0.105632]],[[0.666389,-0.745543,-0.00959813],[-0.382778,-0.331035,-0.862494],[0.639849,0.578431,-0.505976]]],"btipPosition":[7.41903,279.544,-4.28182],"carpPosition":[48.5758,308.206,60.9464],"dipPosition":[18.058,289.162,-12.6949],"direction":[-0.74073,-0.663447,0.105632],"extended":false,"handId":966,"id":9664,"length":48.7249,"mcpPosition":[52.2273,319.46,6.27683],"pipPosition":[32.0336,301.68,-14.6879],"stabilizedTipPosition":[6.58761,262.219,36.487],"timeVisible":29.7941,"tipPosition":[14.3932,283.74,-9.21701],"tipVelocity":[189.828,-250.474,157.286],"tool":false,"touchDistance":0.333333,"touchZone":"none","type":4,"width":15.4897}],"r":[[0.958201,-0.255095,0.129525],[0.243486,0.964842,0.0989648],[-0.150217,-0.0632906,0.986625]],"s":0.683899,"t":[1.92183,-3.38421,4.31977],"timestamp":669278644480},false],[1,{"currentFrameRate":51.5016,"devices":[],"gestures":[],"hands":[{"armBasis":[[0.911659,-0.349041,-0.216906],[0.322555,0.934816,-0.148581],[0.254628,0.0654914,0.964819]],"armWidth":61.4671,"confidence":0.418246,"direction":[-0.124808,0.363828,-0.923066],"elbow":[100.998,326.479,321.361],"grabStrength":0,"id":966,"palmNormal":[-0.419249,-0.862542,-0.283286],"palmPosition":[19.8182,327.365,22.7194],"palmVelocity":[-106.275,-33.3891,-344.862],"palmWidth":87.7729,"pinchStrength":0.773891,"r":[[0.969131,-0.204032,0.138405],[0.195855,0.978097,0.0704738],[-0.149753,-0.041191,0.987865]],"s":0.761711,"sphereCenter":[5.05637,289.305,-6.86512],"sphereRadius":44.3997,"stabilizedPalmPosition":[23.815,299.932,101.657],"t":[-0.0236635,-4.04781,-1.97041],"timeVisible":29.8121,"type":"right","wrist":[34.6791,309.421,70.0699]}],"id":4958978,"interactionBox":{"center":[0,200,0],"size":[235.247,235.247,147.751]},"pointables":[{"bases":[[[0.71249,0.700977,-0.0314404],[-0.48751,0.526748,0.696327],[0.50467,-0.480798,0.717036]],[[0.528601,0.812811,-0.244782],[-0.751306,0.582196,0.310784],[0.39512,0.0196255,0.91842]],[[0.528601,0.812811,-0.244782],[-0.763988,0.581226,0.280176],[0.370004,0.0389097,0.928215]],[[0.528601,0.812811,-0.244782],[-0.790187,0.576511,0.207943],[0.310138,0.0835051,0.947017]]],"btipPosition":[-32.2035,304.794,-18.8126],"carpPosition":[5.99378,308.904,77.3208],"dipPosition":[-25.2018,306.68,2.56736],"direction":[-0.370004,-0.0389097,-0.928215],"extended":false,"handId":966,"id":9660,"length":50.2737,"mcpPosition":[5.99378,308.904,77.3208],"pipPosition":[-13.0323,307.959,33.0964],"stabilizedTipPosition":[-28.8487,284.877,48.0727],"timeVisible":29.8121,"tipPosition":[-29.7208,303.323,-13.2479],"tipVelocity":[-26.9766,-34.7228,-317.389],"tool":false,"touchDistance":-0.907809,"touchZone":"hovering","type":0,"width":19.534},{"bases":[[[0.86553,-0.285559,-0.411478],[0.373962,0.914962,0.151648],[0.333182,-0.285133,0.898715]],[[0.905522,-0.324868,-0.272928],[0.274989,0.939209,-0.205589],[0.323125,0.111113,0.939811]],[[0.905522,-0.324868,-0.272928],[0.235988,0.92019,-0.312346],[0.352617,0.218429,0.909918]],[[0.905522,-0.324868,-0.272928],[0.197723,0.892221,-0.406013],[0.375413,0.31369,0.87216]]],"btipPosition":[-31.8361,331.561,-67.2075],"carpPosition":[19.6097,326.193,71.1118],"dipPosition":[-25.6487,336.731,-52.833],"direction":[-0.352617,-0.218429,-0.909918],"extended":true,"handId":966,"id":9661,"length":56.7283,"mcpPosition":[-4.03572,346.429,7.33143],"pipPosition":[-17.4271,341.824,-31.6175],"stabilizedTipPosition":[-45.2976,305.553,26.235],"timeVisible":29.8121,"tipPosition":[-23.2614,337.391,-65.3193],"tipVelocity":[336.028,159.364,-935.425],"tool":false,"touchDistance":-1,"touchZone":"hovering","type":1,"width":18.6589},{"bases":[[[0.826068,-0.473223,-0.306058],[0.522131,0.84703,0.0995936],[0.212111,-0.242074,0.946789]],[[0.827203,-0.474525,-0.300933],[0.0489229,0.594349,-0.802718],[0.559769,0.649289,0.514862]],[[0.827203,-0.474525,-0.300933],[-0.450777,-0.240681,-0.859577],[0.335462,0.846699,-0.412997]],[[0.827203,-0.474525,-0.300933],[-0.559181,-0.642538,-0.523891],[0.0552385,0.60164,-0.796855]]],"btipPosition":[-20.3013,276.473,4.12999],"carpPosition":[30.2046,324.502,66.0152],"dipPosition":[-19.2999,287.379,-10.3151],"direction":[-0.335462,-0.846699,0.412997],"extended":false,"handId":966,"id":9662,"length":64.6373,"mcpPosition":[15.9293,340.794,2.29514],"pipPosition":[-10.0979,310.605,-21.644],"stabilizedTipPosition":[-26.2727,299.365,-4.41948],"timeVisible":29.8121,"tipPosition":[-14.6576,283.437,7.33449],"tipVelocity":[168.658,-737.663,782.299],"tool":false,"touchDistance":0.333333,"touchZone":"none","type":2,"width":18.3255},{"bases":[[[0.806552,-0.566185,-0.170026],[0.586311,0.802908,0.107603],[0.0755914,-0.186476,0.979547]],[[0.808493,-0.571646,-0.139855],[0.178594,0.464761,-0.867238],[0.560752,0.676179,0.477848]],[[0.808493,-0.571646,-0.139855],[-0.394201,-0.349588,-0.849938],[0.436972,0.742299,-0.507983]],[[0.808493,-0.571646,-0.139855],[-0.560419,-0.675312,-0.479463],[0.179638,0.466019,-0.866347]]],"btipPosition":[-3.41902,273.738,11.1477],"carpPosition":[40.2317,319.849,61.7432],"dipPosition":[-0.181343,282.138,-4.46677],"direction":[-0.436972,-0.742299,0.507983],"extended":false,"handId":966,"id":9663,"length":62.1505,"mcpPosition":[35.664,331.117,2.55383],"pipPosition":[11.4957,301.974,-18.0414],"stabilizedTipPosition":[-14.7365,276.665,16.7688],"timeVisible":29.8121,"tipPosition":[-0.493283,279.076,7.18109],"tipVelocity":[344.098,-259.926,371.603],"tool":false,"touchDistance":0.333333,"touchZone":"none","type":3,"width":17.4379},{"bases":[[[0.701843,-0.708791,-0.0709373],[0.708981,0.685421,0.165963],[-0.0690115,-0.166773,0.983577]],[[0.698103,-0.715475,-0.0273557],[0.372426,0.395484,-0.839578],[0.611516,0.575924,0.54255]],[[0.698103,-0.715475,-0.0273557],[-0.324148,-0.281748,-0.903076],[0.638421,0.639307,-0.428609]],[[0.698103,-0.715475,-0.0273557],[-0.596209,-0.559728,-0.575534],[0.396468,0.418091,-0.81732]]],"btipPosition":[12.1636,279.449,6.95553],"carpPosition":[47.7991,308.778,58.8013],"dipPosition":[18.7558,286.401,-6.63436],"direction":[-0.638421,-0.639307,0.428609],"extended":false,"handId":966,"id":9664,"length":48.7249,"mcpPosition":[51.6592,318.107,3.78483],"pipPosition":[30.801,298.463,-14.721],"stabilizedTipPosition":[7.05489,263.46,34.3354],"timeVisible":29.8121,"tipPosition":[16.454,282.42,2.12379],"tipVelocity":[199.99,-150.19,346.809],"tool":false,"touchDistance":0.333333,"touchZone":"none","type":4,"width":15.4897}],"r":[[0.969131,-0.204032,0.138405],[0.195855,0.978097,0.0704738],[-0.149753,-0.041191,0.987865]],"s":0.761711,"t":[-0.0236635,-4.04781,-1.97041],"timestamp":669278662535},false],[2,{"currentFrameRate":51.8194,"devices":[],"gestures":[],"hands":[{"armBasis":[[0.90409,-0.370342,-0.213231],[0.344892,0.926961,-0.147627],[0.252329,0.0599265,0.965784]],"armWidth":61.4671,"confidence":0.449407,"direction":[-0.11953,0.351132,-0.928665],"elbow":[100.516,325.093,320.42],"grabStrength":0,"id":966,"palmNormal":[-0.435835,-0.858985,-0.268688],"palmPosition":[20.1937,326.936,21.264],"palmVelocity":[-45.8121,-28.7462,-218.892],"palmWidth":87.7729,"pinchStrength":0.678009,"r":[[0.975479,-0.165847,0.144691],[0.161089,0.985955,0.0440871],[-0.149971,-0.0196978,0.988494]],"s":0.830691,"sphereCenter":[9.72243,286.434,-9.29519],"sphereRadius":46.5646,"stabilizedPalmPosition":[23.8058,300,101.452],"t":[-0.80868,-4.59385,-5.84318],"timeVisible":29.8302,"type":"right","wrist":[34.7958,309.485,68.8783]}],"id":4958979,"interactionBox":{"center":[0,200,0],"size":[235.247,235.247,147.751]},"pointables":[{"bases":[[[0.725459,0.686872,-0.0437875],[-0.47636,0.547005,0.68838],[0.49678,-0.478532,0.724028]],[[0.55134,0.795703,-0.250758],[-0.733918,0.605516,0.307757],[0.396722,0.0143572,0.917827]],[[0.55134,0.795703,-0.250758],[-0.7457,0.604795,0.279562],[0.374106,0.0328567,0.926804]],[[0.55134,0.795703,-0.250758],[-0.774118,0.599997,0.201855],[0.311071,0.0828259,0.946771]]],"btipPosition":[-32.3122,305.982,-19.8763],"carpPosition":[6.11818,309.624,76.1766],"dipPosition":[-25.2894,307.852,1.49813],"direction":[-0.374106,-0.0328567,-0.926804],"extended":false,"handId":966,"id":9660,"length":50.2737,"mcpPosition":[6.11818,309.624,76.1766],"pipPosition":[-12.985,308.933,31.9808],"stabilizedTipPosition":[-28.8537,284.935,47.9021],"timeVisible":29.8302,"tipPosition":[-30.0538,304.568,-14.427],"tipVelocity":[-16.8596,12.9248,-194.244],"tool":false,"touchDistance":-0.861336,"touchZone":"hovering","type":0,"width":19.534},{"bases":[[[0.859321,-0.308383,-0.408004],[0.391315,0.91011,0.136281],[0.329302,-0.276768,0.902751]],[[0.90745,-0.356995,-0.22156],[0.324985,0.930603,-0.168409],[0.266306,0.0808192,0.960494]],[[0.90745,-0.356995,-0.22156],[0.294961,0.916815,-0.269163],[0.29922,0.178901,0.937263]],[[0.90745,-0.356995,-0.22156],[0.268237,0.898113,-0.348485],[0.323394,0.256802,0.910752]]],"btipPosition":[-26.6678,334.441,-71.0673],"carpPosition":[20.0454,326.552,69.6694],"dipPosition":[-21.3378,338.673,-56.0567],"direction":[-0.29922,-0.178901,-0.937263],"extended":true,"handId":966,"id":9661,"length":56.7283,"mcpPosition":[-3.32457,346.194,5.6025],"pipPosition":[-14.3612,342.844,-34.2037],"stabilizedTipPosition":[-44.923,306.117,24.4644],"timeVisible":29.8302,"tipPosition":[-22.4772,337.04,-67.9036],"tipVelocity":[306.615,153.461,-587.587],"tool":false,"touchDistance":-1,"touchZone":"hovering","type":1,"width":18.6589},{"bases":[[[0.816526,-0.493543,-0.299502],[0.538095,0.838574,0.0851282],[0.209141,-0.23067,0.95029]],[[0.816868,-0.493921,-0.297941],[0.0332485,0.555978,-0.830532],[0.575866,0.668529,0.470583]],[[0.816868,-0.493921,-0.297941],[-0.505044,-0.362886,-0.783099],[0.27867,0.790162,-0.545882]],[[0.816868,-0.493921,-0.297941],[-0.574337,-0.74437,-0.340661],[-0.053519,0.449394,-0.891729]]],"btipPosition":[-16.927,279.199,9.88898],"carpPosition":[30.5981,324.58,64.5861],"dipPosition":[-17.8971,287.345,-6.27591],"direction":[-0.27867,-0.790162,0.545882],"extended":false,"handId":966,"id":9662,"length":64.6373,"mcpPosition":[16.5226,340.104,0.630321],"pipPosition":[-10.2529,309.02,-21.25],"stabilizedTipPosition":[-25.1691,297.152,-3.13828],"timeVisible":29.8302,"tipPosition":[-14.9148,283.113,8.31903],"tipVelocity":[165.079,-331.502,550.709],"tool":false,"touchDistance":0.333333,"touchZone":"none","type":2,"width":18.3255},{"bases":[[[0.7955,-0.58391,-0.161954],[0.60145,0.793389,0.0937624],[0.073744,-0.171995,0.982334]],[[0.797518,-0.589324,-0.129084],[0.190643,0.449182,-0.872864],[0.572382,0.671515,0.470581]],[[0.797518,-0.589324,-0.129084],[-0.434329,-0.412356,-0.800825],[0.418717,0.694737,-0.584822]],[[0.797518,-0.589324,-0.129084],[-0.59081,-0.71962,-0.364815],[0.122103,0.36721,-0.922089]]],"btipPosition":[-1.98668,275.938,12.9834],"carpPosition":[40.5288,319.671,60.376],"dipPosition":[0.214035,282.556,-3.6358],"direction":[-0.418717,-0.694737,0.584822],"extended":false,"handId":966,"id":9663,"length":62.1505,"mcpPosition":[36.0728,330.064,1.01825],"pipPosition":[11.4032,301.121,-19.2637],"stabilizedTipPosition":[-12.8211,276.78,15.6695],"timeVisible":29.8302,"tipPosition":[-0.558774,279.045,8.21379],"tipVelocity":[211.622,-89.1519,236.82],"tool":false,"touchDistance":0.333333,"touchZone":"none","type":3,"width":17.4379},{"bases":[[[0.688303,-0.722903,-0.0604225],[0.721994,0.674578,0.153847],[-0.0704569,-0.149518,0.986245]],[[0.686326,-0.726415,-0.0357428],[0.359756,0.381792,-0.851358],[0.632086,0.57145,0.523366]],[[0.686326,-0.726415,-0.0357428],[-0.408565,-0.344427,-0.845249],[0.601691,0.594719,-0.533177]],[[0.686326,-0.726415,-0.0357428],[-0.664171,-0.605975,-0.437802],[0.296367,0.324214,-0.898361]]],"btipPosition":[13.9834,280.674,9.58302],"carpPosition":[47.8822,308.414,57.6033],"dipPosition":[18.9112,286.064,-5.35435],"direction":[-0.601691,-0.594719,0.533177],"extended":false,"handId":966,"id":9664,"length":48.7249,"mcpPosition":[51.8233,316.777,2.43758],"pipPosition":[30.2634,297.285,-15.4139],"stabilizedTipPosition":[7.50774,264.496,32.752],"timeVisible":29.8302,"tipPosition":[16.3255,282.334,4.24582],"tipVelocity":[142.515,-55.9366,242.56],"tool":false,"touchDistance":0.333333,"touchZone":"none","type":4,"width":15.4897}],"r":[[0.975479,-0.165847,0.144691],[0.161089,0.985955,0.0440871],[-0.149971,-0.0196978,0.988494]],"s":0.830691,"t":[-0.80868,-4.59385,-5.84318],"timestamp":669278680661},false],[3,{"currentFrameRate":52.195,"devices":[],"gestures":[],"hands":[{"armBasis":[[0.900434,-0.38586,-0.200824],[0.359489,0.920034,-0.1559],[0.24492,0.0681836,0.967143]],"armWidth":61.4671,"confidence":0.463072,"direction":[-0.120322,0.34155,-0.93213],"elbow":[99.5643,328.511,315.862],"grabStrength":0,"id":966,"palmNormal":[-0.45047,-0.855503,-0.255324],"palmPosition":[21.1239,327.84,16.2351],"palmVelocity":[0.273812,8.63663,-248.906],"palmWidth":87.7729,"pinchStrength":0.716124,"r":[[0.979355,-0.137629,0.148059],[0.136146,0.990484,0.0201575],[-0.149424,0.000416268,0.988773]],"s":0.880886,"sphereCenter":[19.6568,280.135,-17.1898],"sphereRadius":53.5625,"stabilizedPalmPosition":[23.8027,300.033,101.353],"t":[-0.736076,-4.41477,-10.294],"timeVisible":29.848,"type":"right","wrist":[35.7738,310.752,63.9662]}],"id":4958980,"interactionBox":{"center":[0,200,0],"size":[235.247,235.247,147.751]},"pointables":[{"bases":[[[0.735413,0.67523,-0.0568528],[-0.463544,0.562505,0.684628],[0.494261,-0.477131,0.726672]],[[0.533961,0.793934,-0.290781],[-0.679864,0.607622,0.410587],[0.502664,-0.0215458,0.864213]],[[0.533961,0.793934,-0.290781],[-0.770492,0.598527,0.219334],[0.348177,0.106929,0.93131]],[[0.533961,0.793934,-0.290781],[-0.82454,0.565073,0.0287449],[0.187134,0.224412,0.956358]]],"btipPosition":[-32.7309,303.869,-22.391],"carpPosition":[7.15003,311.414,71.445],"dipPosition":[-28.5062,308.935,-0.80012],"direction":[-0.348177,-0.106929,-0.93131],"extended":false,"handId":966,"id":9660,"length":50.2737,"mcpPosition":[7.15003,311.414,71.445],"pipPosition":[-17.0546,312.452,29.8308],"stabilizedTipPosition":[-28.859,284.971,47.7831],"timeVisible":29.848,"tipPosition":[-30.0132,305.256,-17.0773],"tipVelocity":[-36.9979,-29.5573,-168.114],"tool":false,"touchDistance":-0.840509,"touchZone":"hovering","type":0,"width":19.534},{"bases":[[[0.851885,-0.326304,-0.409654],[0.405858,0.905678,0.122586],[0.331015,-0.27069,0.903967]],[[0.904221,-0.37841,-0.197965],[0.342825,0.919588,-0.191908],[0.254666,0.10566,0.961239]],[[0.904221,-0.37841,-0.197965],[0.32652,0.911352,-0.250642],[0.275262,0.161996,0.947622]],[[0.904221,-0.37841,-0.197965],[0.312426,0.902168,-0.297459],[0.291159,0.207119,0.933985]]],"btipPosition":[-23.975,335.689,-76.8368],"carpPosition":[21.2875,328.049,64.6414],"dipPosition":[-19.1763,339.103,-61.4433],"direction":[-0.275262,-0.161996,-0.947622],"extended":true,"handId":966,"id":9661,"length":56.7283,"mcpPosition":[-2.20406,347.259,0.488317],"pipPosition":[-12.7583,342.88,-39.3487],"stabilizedTipPosition":[-44.4803,306.726,22.5017],"timeVisible":29.848,"tipPosition":[-21.3697,337.425,-73.2054],"tipVelocity":[230.497,109.397,-461.666],"tool":false,"touchDistance":-1,"touchZone":"hovering","type":1,"width":18.6589},{"bases":[[[0.80702,-0.509458,-0.298614],[0.551205,0.831311,0.0713808],[0.211876,-0.222203,0.951701]],[[0.807145,-0.50959,-0.298052],[0.0288965,0.538369,-0.842214],[0.589645,0.671176,0.449267]],[[0.807145,-0.50959,-0.298052],[-0.527432,-0.395666,-0.75184],[0.265201,0.764047,-0.588134]],[[0.807145,-0.50959,-0.298052],[-0.584003,-0.763079,-0.276859],[-0.0863527,0.397528,-0.913518]]],"btipPosition":[-15.6094,281.438,7.26863],"carpPosition":[31.7757,325.856,59.5155],"dipPosition":[-17.1748,288.644,-9.29123],"direction":[-0.265201,-0.764047,0.588134],"extended":false,"handId":966,"id":9662,"length":64.6373,"mcpPosition":[17.5162,340.81,-4.53511],"pipPosition":[-9.90007,309.603,-25.4243],"stabilizedTipPosition":[-24.0953,295.511,-2.36814],"timeVisible":29.848,"tipPosition":[-14.6726,284.33,4.45437],"tipVelocity":[118.727,-122.375,220.445],"tool":false,"touchDistance":0.333333,"touchZone":"none","type":2,"width":18.3255},{"bases":[[[0.78554,-0.597813,-0.159835],[0.613928,0.785281,0.0801655],[0.0775912,-0.1611,0.983883]],[[0.787748,-0.603012,-0.12582],[0.189479,0.43155,-0.881965],[0.586133,0.670926,0.454211]],[[0.787748,-0.603012,-0.12582],[-0.460826,-0.441346,-0.76997],[0.408771,0.664523,-0.625553]],[[0.787748,-0.603012,-0.12582],[-0.610413,-0.736705,-0.290966],[0.0827642,0.30601,-0.948424]]],"btipPosition":[-0.762201,278.29,10.0853],"carpPosition":[41.6036,320.746,55.303],"dipPosition":[0.729491,283.806,-7.00854],"direction":[-0.408771,-0.664523,0.625553],"extended":false,"handId":966,"id":9663,"length":62.1505,"mcpPosition":[36.9151,330.48,-4.14847],"pipPosition":[11.6529,301.563,-23.7249],"stabilizedTipPosition":[-9.57847,277.507,13.1815],"timeVisible":29.848,"tipPosition":[0.00237979,280.453,4.95001],"tipVelocity":[140.261,8.14826,46.1636],"tool":false,"touchDistance":0.333333,"touchZone":"none","type":3,"width":17.4379},{"bases":[[[0.676931,-0.733919,-0.0559204],[0.733061,0.665401,0.140936],[-0.0662263,-0.136397,0.988438]],[[0.675292,-0.736769,-0.0339405],[0.375841,0.383346,-0.843676],[0.634605,0.556972,0.535778]],[[0.675292,-0.736769,-0.0339405],[-0.411358,-0.338039,-0.846472],[0.612181,0.585577,-0.531351]],[[0.675292,-0.736769,-0.0339405],[-0.678452,-0.602476,-0.420387],[0.28928,0.306911,-0.90671]]],"btipPosition":[14.4668,281.826,4.16005],"carpPosition":[48.7684,309.345,52.6219],"dipPosition":[19.2768,286.929,-10.9161],"direction":[-0.612181,-0.585577,0.531351],"extended":false,"handId":966,"id":9664,"length":48.7249,"mcpPosition":[52.4727,316.975,-2.66641],"pipPosition":[30.827,297.977,-20.9413],"stabilizedTipPosition":[8.5578,266.905,28.5781],"timeVisible":29.848,"tipPosition":[16.5164,283.249,-0.578084],"tipVelocity":[87.6318,-0.987692,-15.4389],"tool":false,"touchDistance":0.333333,"touchZone":"none","type":4,"width":15.4897}],"r":[[0.979355,-0.137629,0.148059],[0.136146,0.990484,0.0201575],[-0.149424,0.000416268,0.988773]],"s":0.880886,"t":[-0.736076,-4.41477,-10.294],"timestamp":669278698444},false],[4,{"currentFrameRate":52.4695,"devices":[],"gestures":[],"hands":[{"armBasis":[[0.889721,-0.423536,-0.170333],[0.393353,0.900628,-0.184776],[0.231666,0.0973986,0.967907]],"armWidth":61.4671,"confidence":0.473229,"direction":[-0.132166,0.352032,-0.92661],"elbow":[97.6821,334.442,309.574],"grabStrength":0,"id":966,"palmNormal":[-0.501232,-0.830223,-0.24392],"palmPosition":[22.0822,327.13,10.2993],"palmVelocity":[25.343,-14.1495,-286.792],"palmWidth":87.7729,"pinchStrength":0.779909,"r":[[0.98167,-0.124985,0.143882],[0.126187,0.992006,0.000775912],[-0.142829,0.0173944,0.989595]],"s":0.912897,"sphereCenter":[16.3709,280.35,-23.0823],"sphereRadius":53.1164,"stabilizedPalmPosition":[23.8017,300.048,101.301],"t":[-0.220625,-4.68051,-15.4874],"timeVisible":29.8661,"type":"right","wrist":[37.3438,309.074,57.4793]}],"id":4958981,"interactionBox":{"center":[0,200,0],"size":[235.247,235.247,147.751]},"pointables":[{"bases":[[[0.766639,0.637347,-0.0777998],[-0.41249,0.58174,0.701021],[0.492053,-0.505339,0.708884]],[[0.554299,0.770967,-0.313628],[-0.597694,0.630942,0.494645],[0.579236,-0.0867275,0.810533]],[[0.554299,0.770967,-0.313628],[-0.760425,0.62229,0.185768],[0.338388,0.135519,0.931197]],[[0.554299,0.770967,-0.313628],[-0.824639,0.559771,-0.0814069],[0.112798,0.303753,0.94605]]],"btipPosition":[-32.5267,304.01,-25.148],"carpPosition":[9.04118,311.148,65.8667],"dipPosition":[-29.9802,310.867,-3.78983],"direction":[-0.338388,-0.135519,-0.931197],"extended":false,"handId":966,"id":9660,"length":50.2737,"mcpPosition":[9.04118,311.148,65.8667],"pipPosition":[-18.8506,315.324,26.8373],"stabilizedTipPosition":[-28.8619,284.991,47.7178],"timeVisible":29.8661,"tipPosition":[-30.6794,306.446,-20.1676],"tipVelocity":[-24.2088,-0.982115,-162.186],"tool":false,"touchDistance":-0.826949,"touchZone":"hovering","type":0,"width":19.534},{"bases":[[[0.820829,-0.366965,-0.437694],[0.45506,0.883282,0.112847],[0.345196,-0.291805,0.892014]],[[0.877618,-0.423435,-0.224698],[0.382893,0.901243,-0.202866],[0.288408,0.092004,0.953077]],[[0.877618,-0.423435,-0.224698],[0.365233,0.894255,-0.258676],[0.31047,0.144951,0.939467]],[[0.877618,-0.423435,-0.224698],[0.350252,0.886463,-0.302502],[0.327276,0.18678,0.926285]]],"btipPosition":[-25.299,337.517,-81.2982],"carpPosition":[23.7845,327.079,58.6764],"dipPosition":[-19.905,340.595,-66.0317],"direction":[-0.31047,-0.144951,-0.939467],"extended":true,"handId":966,"id":9661,"length":56.7283,"mcpPosition":[-0.713542,347.788,-4.62845],"pipPosition":[-12.6662,343.975,-44.1272],"stabilizedTipPosition":[-44.1582,307.223,20.9197],"timeVisible":29.8661,"tipPosition":[-22.7308,339.089,-77.7317],"tipVelocity":[89.824,103.472,-360.516],"tool":false,"touchDistance":-1,"touchZone":"hovering","type":1,"width":18.6589},{"bases":[[[0.770236,-0.548181,-0.325937],[0.594748,0.801905,0.0567814],[0.230244,-0.237585,0.943685]],[[0.770357,-0.548306,-0.325439],[0.03128,0.542286,-0.839611],[0.636845,0.636621,0.434905]],[[0.770357,-0.548306,-0.325439],[-0.570383,-0.364486,-0.73608],[0.284979,0.752669,-0.593529]],[[0.770357,-0.548306,-0.325439],[-0.630615,-0.730599,-0.261821],[-0.0942072,0.406922,-0.908592]]],"btipPosition":[-17.2356,282.75,2.23092],"carpPosition":[33.9805,324.383,53.2119],"dipPosition":[-18.9434,290.126,-14.2397],"direction":[-0.284979,-0.752669,0.593529],"extended":false,"handId":966,"id":9662,"length":64.6373,"mcpPosition":[18.4848,340.373,-10.2993],"pipPosition":[-11.1261,310.773,-30.5207],"stabilizedTipPosition":[-22.7081,293.137,-2.1942],"timeVisible":29.8661,"tipPosition":[-16.3137,285.523,-0.611174],"tipVelocity":[18.7235,-28.7443,-16.1697],"tool":false,"touchDistance":0.333333,"touchZone":"none","type":2,"width":18.3255},{"bases":[[[0.748682,-0.636049,-0.18686],[0.655294,0.752708,0.0634033],[0.100324,-0.169917,0.980338]],[[0.751718,-0.641574,-0.152652],[0.184323,0.426642,-0.885439],[0.633202,0.637463,0.438972]],[[0.751718,-0.641574,-0.152652],[-0.509226,-0.417597,-0.75253],[0.419056,0.643425,-0.640622]],[[0.751718,-0.641574,-0.152652],[-0.656422,-0.705625,-0.266839],[0.0634818,0.300792,-0.951575]]],"btipPosition":[-2.29758,278.981,4.78356],"carpPosition":[43.3979,318.803,48.6707],"dipPosition":[-1.15342,284.402,-12.3671],"direction":[-0.419056,-0.643425,0.640622],"extended":false,"handId":966,"id":9663,"length":62.1505,"mcpPosition":[37.3358,329.071,-10.5665],"pipPosition":[10.0448,301.596,-29.4861],"stabilizedTipPosition":[-8.37418,277.941,11.2112],"timeVisible":29.8661,"tipPosition":[-1.7095,280.952,-0.287302],"tipVelocity":[31.1787,21.8718,-115.515],"tool":false,"touchDistance":0.333333,"touchZone":"none","type":3,"width":17.4379},{"bases":[[[0.636627,-0.767008,-0.080031],[0.770036,0.626627,0.119928],[-0.0418359,-0.137976,0.989552]],[[0.635601,-0.769751,-0.059109],[0.368434,0.369724,-0.852971],[0.67843,0.520372,0.5186]],[[0.635601,-0.769751,-0.059109],[-0.458023,-0.31435,-0.831504],[0.62147,0.555578,-0.552365]],[[0.635601,-0.769751,-0.059109],[-0.723331,-0.567011,-0.39407],[0.269821,0.293227,-0.917178]]],"btipPosition":[12.873,281.679,-1.64504],"carpPosition":[49.8853,307.068,45.7226],"dipPosition":[17.3594,286.555,-16.8953],"direction":[-0.62147,-0.555578,0.552365],"extended":false,"handId":966,"id":9664,"length":48.7249,"mcpPosition":[52.2254,314.786,-9.62798],"pipPosition":[29.0849,297.037,-27.3169],"stabilizedTipPosition":[8.88404,267.875,26.5201],"timeVisible":29.8661,"tipPosition":[14.7105,282.962,-6.39511],"tipVelocity":[2.15002,-5.75119,-161.809],"tool":false,"touchDistance":0.333333,"touchZone":"none","type":4,"width":15.4897}],"r":[[0.98167,-0.124985,0.143882],[0.126187,0.992006,0.000775912],[-0.142829,0.0173944,0.989595]],"s":0.912897,"t":[-0.220625,-4.68051,-15.4874],"timestamp":669278716503},false],[5,{"currentFrameRate":52.725,"devices":[],"gestures":[],"hands":[{"armBasis":[[0.896086,-0.407306,-0.176441],[0.37732,0.908317,-0.180524],[0.233793,0.0951905,0.967615]],"armWidth":61.4671,"confidence":0.501452,"direction":[-0.114661,0.370488,-0.921733],"elbow":[97.6731,332.817,305.694],"grabStrength":0,"id":966,"palmNormal":[-0.484208,-0.831013,-0.273789],"palmPosition":[22.412,326.911,6.53982],"palmVelocity":[21.9907,-13.1846,-249.593],"palmWidth":87.7729,"pinchStrength":0.805353,"r":[[0.983017,-0.113048,0.14456],[0.115667,0.99324,-0.00981151],[-0.142473,0.0263656,0.989447]],"s":0.934068,"sphereCenter":[16.8514,281.768,-27.5529],"sphereRadius":52.1974,"stabilizedPalmPosition":[23.8013,300.056,101.275],"t":[0.201972,-4.92267,-19.9638],"timeVisible":29.8841,"type":"right","wrist":[36.7808,308.024,53.6748]}],"id":4958982,"interactionBox":{"center":[0,200,0],"size":[235.247,235.247,147.751]},"pointables":[{"bases":[[[0.759757,0.648613,-0.0455052],[-0.436792,0.560975,0.703221],[0.481646,-0.514401,0.709513]],[[0.548877,0.785553,-0.285729],[-0.600459,0.608332,0.519019],[0.581535,-0.113309,0.805592]],[[0.548877,0.785553,-0.285729],[-0.783028,0.602829,0.15318],[0.292577,0.139657,0.945989]],[[0.548877,0.785553,-0.285729],[-0.834773,0.532885,-0.138518],[0.0434471,0.314548,0.948247]]],"btipPosition":[-30.3453,303.316,-29.8941],"carpPosition":[8.26095,309.554,61.4187],"dipPosition":[-29.3644,310.417,-8.4864],"direction":[-0.292577,-0.139657,-0.945989],"extended":false,"handId":966,"id":9660,"length":50.2737,"mcpPosition":[8.26095,309.554,61.4187],"pipPosition":[-19.7415,315.01,22.6273],"stabilizedTipPosition":[-28.8626,285.002,47.6771],"timeVisible":29.8841,"tipPosition":[-29.1906,305.858,-25.0597],"tipVelocity":[35.1869,-17.2968,-209.767],"tool":false,"touchDistance":-0.843609,"touchZone":"hovering","type":0,"width":19.534},{"bases":[[[0.835842,-0.346821,-0.425539],[0.440479,0.886331,0.142812],[0.327638,-0.306809,0.8936]],[[0.888381,-0.407388,-0.211696],[0.374676,0.909809,-0.178511],[0.265326,0.0792688,0.960895]],[[0.888381,-0.407388,-0.211696],[0.358217,0.903477,-0.235393],[0.287158,0.133286,0.948565]],[[0.888381,-0.407388,-0.211696],[0.344431,0.896275,-0.279388],[0.303557,0.175288,0.936551]]],"btipPosition":[-22.9873,338.317,-85.8609],"carpPosition":[22.9591,325.825,54.9316],"dipPosition":[-17.9842,341.206,-70.4251],"direction":[-0.287158,-0.133286,-0.948565],"extended":true,"handId":966,"id":9661,"length":56.7283,"mcpPosition":[-0.292867,347.599,-8.4858],"pipPosition":[-11.2889,344.313,-48.3086],"stabilizedTipPosition":[-43.8538,307.656,19.512],"timeVisible":29.8841,"tipPosition":[-20.6078,339.918,-82.2348],"tipVelocity":[105.643,74.2642,-308.436],"tool":false,"touchDistance":-1,"touchZone":"hovering","type":1,"width":18.6589},{"bases":[[[0.785002,-0.531066,-0.318967],[0.582533,0.807986,0.0883979],[0.210776,-0.255202,0.943634]],[[0.785104,-0.531189,-0.318513],[0.0452849,0.562112,-0.82582],[0.617706,0.633931,0.465371]],[[0.785104,-0.531189,-0.318513],[-0.547786,-0.355531,-0.757316],[0.289037,0.769049,-0.570107]],[[0.785104,-0.531189,-0.318513],[-0.614504,-0.732347,-0.293348],[-0.0774384,0.426036,-0.901386]]],"btipPosition":[-16.1138,282.261,-3.50905],"carpPosition":[33.3175,323.379,49.6582],"dipPosition":[-17.5175,289.984,-19.849],"direction":[-0.289037,-0.769049,0.570107],"extended":false,"handId":966,"id":9662,"length":64.6373,"mcpPosition":[19.132,340.555,-13.8496],"pipPosition":[-9.58897,311.079,-35.4876],"stabilizedTipPosition":[-21.9096,291.979,-2.84011],"timeVisible":29.8841,"tipPosition":[-15.214,285.047,-6.28014],"tipVelocity":[41.1873,-25.8751,-158.689],"tool":false,"touchDistance":0.333333,"touchZone":"none","type":2,"width":18.3255},{"bases":[[[0.761301,-0.622221,-0.182377],[0.643551,0.759432,0.0954192],[0.0791315,-0.190012,0.978588]],[[0.763597,-0.628467,-0.148149],[0.20051,0.448897,-0.870797],[0.613771,0.635233,0.468791]],[[0.763597,-0.628467,-0.148149],[-0.485635,-0.407783,-0.773222],[0.425532,0.662376,-0.616588]],[[0.763597,-0.628467,-0.148149],[-0.640481,-0.708136,-0.297199],[0.08187,0.321827,-0.943252]]],"btipPosition":[-1.168,278.623,-0.632132],"carpPosition":[42.9139,318.02,45.2267],"dipPosition":[0.307574,284.423,-17.6327],"direction":[-0.425532,-0.662376,0.616588],"extended":false,"handId":966,"id":9663,"length":62.1505,"mcpPosition":[38.1323,329.502,-13.9047],"pipPosition":[11.6789,302.123,-34.1095],"stabilizedTipPosition":[-7.69216,278.123,9.7873],"timeVisible":29.8841,"tipPosition":[-0.505328,280.671,-5.59392],"tipVelocity":[48.101,4.36515,-202.246],"tool":false,"touchDistance":0.333333,"touchZone":"none","type":3,"width":17.4379},{"bases":[[[0.648475,-0.7569,-0.081133],[0.758573,0.633618,0.15197],[-0.0636186,-0.160094,0.98505]],[[0.647149,-0.759805,-0.0624017],[0.37682,0.389953,-0.840204],[0.662726,0.520223,0.538667]],[[0.647149,-0.759805,-0.0624017],[-0.447568,-0.31239,-0.837911],[0.617156,0.570182,-0.542227]],[[0.647149,-0.759805,-0.0624017],[-0.712601,-0.573789,-0.403691],[0.270921,0.305716,-0.912765]]],"btipPosition":[14.4298,281.806,-5.8809],"carpPosition":[49.625,306.436,42.1841],"dipPosition":[18.9345,286.889,-21.0578],"direction":[-0.617156,-0.570182,0.542227],"extended":false,"handId":966,"id":9664,"length":48.7249,"mcpPosition":[53.1835,315.391,-12.9147],"pipPosition":[30.5786,297.647,-31.2881],"stabilizedTipPosition":[9.08541,268.337,25.422],"timeVisible":29.8841,"tipPosition":[16.1122,283.105,-10.7016],"tipVelocity":[42.1904,1.5732,-196.003],"tool":false,"touchDistance":0.333333,"touchZone":"none","type":4,"width":15.4897}],"r":[[0.983017,-0.113048,0.14456],[0.115667,0.99324,-0.00981151],[-0.142473,0.0263656,0.989447]],"s":0.934068,"t":[0.201972,-4.92267,-19.9638],"timestamp":669278734543},false],[6,{"currentFrameRate":52.949,"devices":[],"gestures":[],"hands":[{"armBasis":[[0.900088,-0.3973,-0.17887],[0.367599,0.912835,-0.177774],[0.233909,0.09426,0.967679]],"armWidth":61.4671,"confidence":0.530078,"direction":[-0.110613,0.376846,-0.919648],"elbow":[97.6488,332.449,304.611],"grabStrength":0,"id":966,"palmNormal":[-0.474061,-0.833283,-0.284437],"palmPosition":[22.5658,327.031,5.47644],"palmVelocity":[15.5837,-3.77004,-158.933],"palmWidth":87.7729,"pinchStrength":0.818512,"r":[[0.983959,-0.101871,0.146446],[0.105397,0.994293,-0.0165019],[-0.143929,0.0316721,0.989081]],"s":0.947926,"sphereCenter":[16.9579,282.644,-28.7371],"sphereRadius":51.6308,"stabilizedPalmPosition":[23.8011,300.059,101.261],"t":[0.490182,-4.98385,-22.7337],"timeVisible":29.9022,"type":"right","wrist":[36.7264,307.899,52.5755]}],"id":4958983,"interactionBox":{"center":[0,200,0],"size":[235.247,235.247,147.751]},"pointables":[{"bases":[[[0.75393,0.656074,-0.0340219],[-0.447825,0.551131,0.704065],[0.480669,-0.515579,0.709321]],[[0.543307,0.793123,-0.27527],[-0.602633,0.596719,0.529867],[0.584509,-0.121994,0.802164]],[[0.543307,0.793123,-0.27527],[-0.794461,0.591706,0.136809],[0.271385,0.144362,0.951583]],[[0.543307,0.793123,-0.27527],[-0.83943,0.518365,-0.163263],[0.0132023,0.319772,0.947402]]],"btipPosition":[-29.2387,303.005,-31.2172],"carpPosition":[8.13089,309.098,60.0955],"dipPosition":[-28.9407,310.224,-9.82849],"direction":[-0.271385,-0.144362,-0.951583],"extended":false,"handId":966,"id":9660,"length":50.2737,"mcpPosition":[8.13089,309.098,60.0955],"pipPosition":[-20.0148,314.972,21.4692],"stabilizedTipPosition":[-28.8628,285.013,47.6376],"timeVisible":29.9022,"tipPosition":[-28.4568,305.554,-26.4595],"tipVelocity":[43.4252,-16.5346,-144.974],"tool":false,"touchDistance":-0.807493,"touchZone":"hovering","type":0,"width":19.534},{"bases":[[[0.842543,-0.335491,-0.421386],[0.430885,0.889247,0.153551],[0.323201,-0.310942,0.893787]],[[0.893908,-0.397303,-0.207555],[0.366053,0.914266,-0.173559],[0.258716,0.0791697,0.962704]],[[0.893908,-0.397303,-0.207555],[0.349138,0.907516,-0.23349],[0.281126,0.136254,0.949949]],[[0.893908,-0.397303,-0.207555],[0.335229,0.899922,-0.278859],[0.297575,0.179696,0.937635]]],"btipPosition":[-22.3913,338.205,-87.0701],"carpPosition":[22.727,325.558,53.8608],"dipPosition":[-17.4868,341.167,-71.6164],"direction":[-0.281126,-0.136254,-0.949949],"extended":true,"handId":966,"id":9661,"length":56.7283,"mcpPosition":[-0.210086,347.625,-9.56989],"pipPosition":[-10.9321,344.344,-49.4676],"stabilizedTipPosition":[-43.5971,308.011,18.3414],"timeVisible":29.9022,"tipPosition":[-20.1054,339.919,-83.4705],"tipVelocity":[70.509,36.485,-193.537],"tool":false,"touchDistance":-1,"touchZone":"hovering","type":1,"width":18.6589},{"bases":[[[0.79258,-0.521063,-0.316719],[0.574115,0.812684,0.0996861],[0.20545,-0.260842,0.943267]],[[0.792671,-0.521178,-0.316301],[0.0476934,0.570247,-0.820088],[0.607782,0.634974,0.476875]],[[0.792671,-0.521178,-0.316301],[-0.5382,-0.354506,-0.764634],[0.28638,0.776337,-0.561505]],[[0.792671,-0.521178,-0.316301],[-0.605176,-0.735404,-0.304864],[-0.0737209,0.433075,-0.898338]]],"btipPosition":[-15.455,282.138,-5.31484],"carpPosition":[33.1509,323.253,48.6537],"dipPosition":[-16.7913,289.988,-21.5995],"direction":[-0.28638,-0.776337,0.561505],"extended":false,"handId":966,"id":9662,"length":64.6373,"mcpPosition":[19.3239,340.808,-14.8293],"pipPosition":[-8.93566,311.284,-37.0022],"stabilizedTipPosition":[-21.4287,291.35,-3.32667],"timeVisible":29.9022,"tipPosition":[-14.6048,284.902,-8.06962],"tipVelocity":[39.3396,-16.0402,-130.411],"tool":false,"touchDistance":0.333333,"touchZone":"none","type":2,"width":18.3255},{"bases":[[[0.768625,-0.61354,-0.181065],[0.635531,0.76465,0.106822],[0.0729122,-0.197178,0.977653]],[[0.770704,-0.620057,-0.146779],[0.203036,0.457319,-0.865815],[0.603979,0.637486,0.478352]],[[0.770704,-0.620057,-0.146779],[-0.476322,-0.407627,-0.779075],[0.42324,0.67035,-0.609507]],[[0.770704,-0.620057,-0.146779],[-0.631437,-0.71231,-0.306434],[0.0854543,0.328851,-0.940508]]],"btipPosition":[-0.453913,278.619,-2.19426],"carpPosition":[42.8335,318.02,44.2589],"dipPosition":[1.08626,284.546,-19.1454],"direction":[-0.42324,-0.67035,0.609507],"extended":false,"handId":966,"id":9663,"length":62.1505,"mcpPosition":[38.4278,329.935,-14.8161],"pipPosition":[12.3963,302.459,-35.433],"stabilizedTipPosition":[-7.28262,278.223,8.93071],"timeVisible":29.9022,"tipPosition":[0.197001,280.666,-7.12297],"tipVelocity":[44.4043,2.95479,-146.898],"tool":false,"touchDistance":0.333333,"touchZone":"none","type":3,"width":17.4379},{"bases":[[[0.656253,-0.750089,-0.0818399],[0.751271,0.63947,0.16331],[-0.0701629,-0.168657,0.983175]],[[0.654979,-0.752822,-0.0652758],[0.372962,0.397197,-0.838531],[0.657192,0.524875,0.54093]],[[0.654979,-0.752822,-0.0652758],[-0.450148,-0.319337,-0.833901],[0.606934,0.575571,-0.548041]],[[0.654979,-0.752822,-0.0652758],[-0.709341,-0.582769,-0.396503],[0.260456,0.306004,-0.91571]]],"btipPosition":[15.4052,282.108,-6.69964],"carpPosition":[49.6787,306.525,41.179],"dipPosition":[19.7359,287.196,-21.9255],"direction":[-0.606934,-0.575571,0.548041],"extended":false,"handId":966,"id":9664,"length":48.7249,"mcpPosition":[53.6032,315.959,-13.8149],"pipPosition":[31.1871,298.056,-32.2655],"stabilizedTipPosition":[9.22452,268.621,24.7446],"timeVisible":29.9022,"tipPosition":[16.9001,283.371,-11.597],"tipVelocity":[46.7285,8.80252,-124.675],"tool":false,"touchDistance":0.333333,"touchZone":"none","type":4,"width":15.4897}],"r":[[0.983959,-0.101871,0.146446],[0.105397,0.994293,-0.0165019],[-0.143929,0.0316721,0.989081]],"s":