{"sensorType":"Leap","data":[[0,{"currentFrameRate":52.0216,"devices":[],"gestures":[],"hands":[{"armBasis":[[0.940936,-0.1977,-0.274873],[0.160053,0.975108,-0.15345],[0.298368,0.100393,0.949156]],"armWidth":61.4671,"confidence":0.545804,"direction":[-0.101171,0.500982,-0.859524],"elbow":[118.941,337.809,321.8],"grabStrength":0.272347,"id":966,"palmNormal":[-0.27758,-0.843862,-0.459181],"palmPosition":[27.7782,335.654,29.5526],"palmVelocity":[-21.2192,58.7339,-236.789],"palmWidth":87.7729,"pinchStrength":0.625491,"r":[[0.956246,0.0575769,0.286841],[-0.0844122,0.993045,0.0820746],[-0.28012,-0.102696,0.954456]],"s":0.907458,"sphereCenter":[29.7961,298.186,-9.37519],"sphereRadius":48.2067,"stabilizedPalmPosition":[23.8181,284.033,162.133],"t":[6.38623,2.47292,2.98384],"timeVisible":22.3642,"type":"right","wrist":[41.23,311.661,74.5891]}],"id":4958580,"interactionBox":{"center":[0,200,0],"size":[235.247,235.247,147.751]},"pointables":[{"bases":[[[0.612967,0.775218,0.15267],[-0.605248,0.336497,0.721419],[0.507884,-0.534609,0.67546]],[[0.358735,0.924319,-0.13017],[-0.78455,0.374126,0.49448],[0.505757,-0.0752626,0.859387]],[[0.358735,0.924319,-0.13017],[-0.888473,0.380878,0.256023],[0.286225,0.0238079,0.957867]],[[0.358735,0.924319,-0.13017],[-0.914712,0.375896,0.14834],[0.186044,0.0658529,0.980332]]],"btipPosition":[-25.5681,307.854,-16.2037],"carpPosition":[12.3995,306.5,78.8145],"dipPosition":[-21.368,309.341,5.92843],"direction":[-0.286225,-0.0238079,-0.957867],"extended":false,"handId":966,"id":9660,"length":50.2737,"mcpPosition":[12.3995,306.5,78.8145],"pipPosition":[-11.954,310.124,37.4328],"stabilizedTipPosition":[-32.5955,258.43,126.134],"timeVisible":22.3642,"tipPosition":[-25.3799,308.866,-10.8326],"tipVelocity":[4.55519,28.8248,-244.829],"tool":false,"touchDistance":-0.845231,"touchZone":"hovering","type":0,"width":19.534},{"bases":[[[0.924811,-0.105287,-0.365566],[0.235919,0.912572,0.333998],[0.29844,-0.395129,0.868796]],[[0.95537,-0.154925,-0.251526],[0.104502,0.973634,-0.202771],[0.276309,0.167436,0.946371]],[[0.95537,-0.154925,-0.251526],[0.0537748,0.928427,-0.367603],[0.290475,0.337672,0.895322]],[[0.95537,-0.154925,-0.251526],[0.0195668,0.882764,-0.46941],[0.294762,0.443539,0.846398]]],"btipPosition":[-20.238,332.012,-58.8457],"carpPosition":[24.0238,326.093,76.8573],"dipPosition":[-15.3798,339.322,-44.8958],"direction":[-0.290475,-0.337672,-0.895322],"extended":true,"handId":966,"id":9661,"length":56.7283,"mcpPosition":[2.84401,354.135,15.2002],"pipPosition":[-8.60718,347.195,-24.0206],"stabilizedTipPosition":[-22.8467,273.72,79.8194],"timeVisible":22.3642,"tipPosition":[-18.9673,332.341,-54.9585],"tipVelocity":[-15.4622,70.2947,-250.907],"tool":false,"touchDistance":-1,"touchZone":"hovering","type":1,"width":18.6589},{"bases":[[[0.902769,-0.311721,-0.296374],[0.395368,0.872738,0.28638],[0.169386,-0.375712,0.911125]],[[0.902679,-0.31152,-0.296862],[0.00772317,0.701487,-0.71264],[0.430246,0.640992,0.635624]],[[0.902679,-0.31152,-0.296862],[-0.419064,-0.479668,-0.770911],[0.0977591,0.820289,-0.563532]],[[0.902679,-0.31152,-0.296862],[-0.386916,-0.889494,-0.243098],[-0.188327,0.3343,-0.923459]]],"btipPosition":[4.43587,293.5,13.941],"carpPosition":[35.1083,326.579,72.6166],"dipPosition":[1.02196,299.56,-2.79907],"direction":[-0.0977591,-0.820289,0.563532],"extended":false,"handId":966,"id":9662,"length":64.6373,"mcpPosition":[23.7084,351.865,11.2968],"pipPosition":[3.70359,322.061,-18.2573],"stabilizedTipPosition":[1.68272,238.862,159.847],"timeVisible":22.3642,"tipPosition":[4.08583,294.762,11.3494],"tipVelocity":[2.07375,45.883,-258.163],"tool":false,"touchDistance":0.333333,"touchZone":"none","type":2,"width":18.3255},{"bases":[[[0.885466,-0.42851,-0.179804],[0.464054,0.835815,0.293372],[0.02457,-0.34321,0.938937]],[[0.885732,-0.433539,-0.165896],[0.180335,0.650685,-0.737624],[0.427735,0.62342,0.654515]],[[0.885732,-0.433539,-0.165896],[-0.379909,-0.471671,-0.795736],[0.266734,0.767835,-0.58248]],[[0.885732,-0.433539,-0.165896],[-0.46309,-0.849919,-0.251365],[-0.0320217,0.299468,-0.953569]]],"btipPosition":[19.493,291.911,16.4561],"carpPosition":[45.9636,323.958,68.6493],"dipPosition":[18.9158,297.309,-0.730424],"direction":[-0.266734,-0.767835,0.58248],"extended":false,"handId":966,"id":9663,"length":62.1505,"mcpPosition":[44.479,344.697,11.9137],"pipPosition":[26.0436,317.827,-16.2958],"stabilizedTipPosition":[17.0262,237.473,164.491],"timeVisible":22.3642,"tipPosition":[19.6937,293.098,13.9769],"tipVelocity":[4.87993,55.7362,-259.691],"tool":false,"touchDistance":0.333333,"touchZone":"none","type":3,"width":17.4379},{"bases":[[[0.79343,-0.597524,-0.115909],[0.596463,0.725364,0.343627],[-0.121249,-0.341779,0.931926]],[[0.759495,-0.648536,0.0506776],[0.456244,0.475529,-0.752139],[0.463691,0.594367,0.657053]],[[0.759495,-0.648536,0.0506776],[-0.357024,-0.480693,-0.800917],[0.543784,0.590199,-0.596627]],[[0.759495,-0.648536,0.0506776],[-0.615736,-0.741837,-0.265606],[0.20985,0.170522,-0.962749]]],"btipPosition":[32.3594,299.414,17.4315],"carpPosition":[55.1423,314.541,64.7055],"dipPosition":[35.8486,302.25,1.42352],"direction":[-0.543784,-0.590199,0.596627],"extended":false,"handId":966,"id":9664,"length":48.7249,"mcpPosition":[61.9244,333.658,12.5782],"pipPosition":[46.1084,313.385,-9.8332],"stabilizedTipPosition":[35.0767,242.843,123.842],"timeVisible":22.3642,"tipPosition":[33.2841,300.002,15.1584],"tipVelocity":[3.08781,64.7108,-272.955],"tool":false,"touchDistance":0.333333,"touchZone":"none","type":4,"width":15.4897}],"r":[[0.956246,0.0575769,0.286841],[-0.0844122,0.993045,0.0820746],[-0.28012,-0.102696,0.954456]],"s":0.907458,"t":[6.38623,2.47292,2.98384],"timestamp":669271214619},false],[1,{"currentFrameRate":52.2579,"devices":[],"gestures":[],"hands":[{"armBasis":[[0.94179,-0.211656,-0.261214],[0.175559,0.972222,-0.154802],[0.286723,0.0999326,0.952787]],"armWidth":61.4671,"confidence":0.553949,"direction":[-0.101583,0.493777,-0.863635],"elbow":[116.176,339.359,317.837],"grabStrength":0.265416,"id":966,"palmNormal":[-0.293999,-0.844251,-0.448113],"palmPosition":[27.9932,337.066,24.5235],"palmVelocity":[-5.42402,67.6284,-255.201],"palmWidth":87.7729,"pinchStrength":0.631493,"r":[[0.95653,0.0577294,0.285862],[-0.0847723,0.992926,0.0831393],[-0.27904,-0.103758,0.954657]],"s":0.906554,"sphereCenter":[29.0831,299.154,-14.0809],"sphereRadius":48.2453,"stabilizedPalmPosition":[23.8184,284.036,162.124],"t":[6.29599,3.7316,-1.73635],"timeVisible":22.3825,"type":"right","wrist":[41.4983,313.331,69.6802]}],"id":4958581,"interactionBox":{"center":[0,200,0],"size":[235.247,235.247,147.751]},"pointables":[{"bases":[[[0.625574,0.767618,0.139355],[-0.593745,0.352566,0.723301],[0.506087,-0.53522,0.676326]],[[0.371533,0.917462,-0.142222],[-0.774344,0.390731,0.497715],[0.512205,-0.074789,0.855601]],[[0.371533,0.917462,-0.142222],[-0.880681,0.396759,0.258811],[0.293877,0.0290952,0.9554]],[[0.371533,0.917462,-0.142222],[-0.908327,0.3909,0.148794],[0.192108,0.073902,0.978587]]],"btipPosition":[-26.032,309.612,-20.5023],"carpPosition":[12.6348,308.636,74.2131],"dipPosition":[-21.6949,311.281,1.59044],"direction":[-0.293877,-0.0290952,-0.9554],"extended":false,"handId":966,"id":9660,"length":50.2737,"mcpPosition":[12.6348,308.636,74.2131],"pipPosition":[-12.0293,312.238,33.0137],"stabilizedTipPosition":[-32.595,258.433,126.123],"timeVisible":22.3825,"tipPosition":[-25.8052,310.638,-15.1431],"tipVelocity":[-8.9565,62.1982,-240.483],"tool":false,"touchDistance":-0.853656,"touchZone":"hovering","type":0,"width":19.534},{"bases":[[[0.919844,-0.122523,-0.372659],[0.25222,0.912308,0.322614],[0.300452,-0.390747,0.870084]],[[0.950597,-0.171244,-0.258923],[0.11778,0.970676,-0.209563],[0.287217,0.168714,0.94289]],[[0.950597,-0.171244,-0.258923],[0.0655192,0.925971,-0.371866],[0.303436,0.33653,0.891445]],[[0.950597,-0.171244,-0.258923],[0.0300714,0.880959,-0.472237],[0.308969,0.441121,0.842586]]],"btipPosition":[-20.8671,333.658,-63.5427],"carpPosition":[24.5259,328.036,71.9542],"dipPosition":[-15.7748,340.928,-49.6556],"direction":[-0.303436,-0.33653,-0.891445],"extended":true,"handId":966,"id":9661,"length":56.7283,"mcpPosition":[3.20328,355.767,10.2057],"pipPosition":[-8.69998,348.775,-28.8709],"stabilizedTipPosition":[-22.8423,273.804,79.6268],"timeVisible":22.3825,"tipPosition":[-19.5692,333.973,-59.6755],"tipVelocity":[-23.1342,79.5241,-254.233],"tool":false,"touchDistance":-1,"touchZone":"hovering","type":1,"width":18.6589},{"bases":[[[0.895414,-0.327906,-0.301182],[0.410635,0.86966,0.273991],[0.172082,-0.369012,0.913355]],[[0.895393,-0.327861,-0.301295],[0.0133689,0.696135,-0.717786],[0.445076,0.638673,0.627698]],[[0.895393,-0.327861,-0.301295],[-0.432292,-0.47785,-0.764711],[0.106745,0.814964,-0.569595]],[[0.895393,-0.327861,-0.301295],[-0.402706,-0.884977,-0.233759],[-0.189998,0.330639,-0.924434]]],"btipPosition":[3.81802,295.107,9.33753],"carpPosition":[35.5776,328.317,67.6107],"dipPosition":[0.37381,301.1,-7.42023],"direction":[-0.106745,-0.814964,0.569595],"extended":false,"handId":966,"id":9662,"length":64.6373,"mcpPosition":[23.9963,353.152,6.14078],"pipPosition":[3.30194,323.456,-23.0448],"stabilizedTipPosition":[1.6828,238.865,159.838],"timeVisible":22.3825,"tipPosition":[3.46742,296.366,6.72847],"tipVelocity":[-15.2936,65.6306,-255.291],"tool":false,"touchDistance":0.333333,"touchZone":"none","type":2,"width":18.3255},{"bases":[[[0.877458,-0.443255,-0.183284],[0.478835,0.831803,0.280749],[0.0280124,-0.334108,0.942118]],[[0.877782,-0.448273,-0.168969],[0.184787,0.642239,-0.743897],[0.441987,0.621756,0.646581]],[[0.877782,-0.448273,-0.168969],[-0.392612,-0.471043,-0.789921],[0.274509,0.759717,-0.58947]],[[0.877782,-0.448273,-0.168969],[-0.477836,-0.844474,-0.241942],[-0.0342337,0.293112,-0.955465]]],"btipPosition":[18.8965,293.304,11.7517],"carpPosition":[46.3573,325.497,63.5742],"dipPosition":[18.2795,298.586,-5.46901],"direction":[-0.274509,-0.759717,0.58947],"extended":false,"handId":966,"id":9663,"length":62.1505,"mcpPosition":[44.6647,345.686,6.64642],"pipPosition":[25.6151,318.888,-21.2212],"stabilizedTipPosition":[17.0263,237.476,164.483],"timeVisible":22.3825,"tipPosition":[19.0968,294.48,9.23667],"tipVelocity":[-13.3277,64.8419,-258.832],"tool":false,"touchDistance":0.333333,"touchZone":"none","type":3,"width":17.4379},{"bases":[[[0.783542,-0.610249,-0.116863],[0.610064,0.719928,0.330948],[-0.117828,-0.330606,0.936385]],[[0.750043,-0.659363,0.0517288],[0.461138,0.465282,-0.755556],[0.474117,0.590553,0.653039]],[[0.750043,-0.659363,0.0517288],[-0.365654,-0.47857,-0.798291],[0.551119,0.579837,-0.600047]],[[0.750043,-0.659363,0.0517288],[-0.627559,-0.734192,-0.259098],[0.208819,0.161872,-0.964465]]],"btipPosition":[31.9104,300.625,12.3516],"carpPosition":[55.3616,315.907,59.6451],"dipPosition":[35.3825,303.316,-3.68495],"direction":[-0.551119,-0.579837,0.600047],"extended":false,"handId":966,"id":9664,"length":48.7249,"mcpPosition":[61.9523,334.399,7.26832],"pipPosition":[45.7807,314.256,-15.0062],"stabilizedTipPosition":[35.0766,242.846,123.837],"timeVisible":22.3825,"tipPosition":[32.8369,301.201,10.0752],"tipVelocity":[-10.2599,64.5798,-275.552],"tool":false,"touchDistance":0.333333,"touchZone":"none","type":4,"width":15.4897}],"r":[[0.95653,0.0577294,0.285862],[-0.0847723,0.992926,0.0831393],[-0.27904,-0.103758,0.954657]],"s":0.906554,"t":[6.29599,3.7316,-1.73635],"timestamp":669271232891},false],[2,{"currentFrameRate":52.4907,"devices":[],"gestures":[],"hands":[{"armBasis":[[0.946448,-0.197345,-0.255522],[0.154294,0.971684,-0.178952],[0.283602,0.129943,0.950097]],"armWidth":61.4671,"confidence":0.57043,"direction":[-0.104786,0.497672,-0.861012],"elbow":[115.057,347.611,314.45],"grabStrength":0.259534,"id":966,"palmNormal":[-0.280076,-0.845503,-0.454622],"palmPosition":[27.5499,337.591,21.9248],"palmVelocity":[-14.4624,49.0845,-201.497],"palmWidth":87.7729,"pinchStrength":0.637254,"r":[[0.956337,0.0601981,0.286],[-0.0879357,0.992481,0.0851422],[-0.278724,-0.106574,0.954439]],"s":0.905713,"sphereCenter":[29.3222,299.919,-16.9366],"sphereRadius":48.2684,"stabilizedPalmPosition":[23.8186,284.039,162.116],"t":[6.02925,4.62308,-5.39577],"timeVisible":22.4007,"type":"right","wrist":[41.1922,313.767,66.9937]}],"id":4958582,"interactionBox":{"center":[0,200,0],"size":[235.247,235.247,147.751]},"pointables":[{"bases":[[[0.614045,0.775485,0.146875],[-0.601819,0.339633,0.722816],[0.510649,-0.532234,0.675252]],[[0.359769,0.923325,-0.134303],[-0.781937,0.376898,0.49651],[0.509059,-0.0736124,0.857578]],[[0.359769,0.923325,-0.134303],[-0.887604,0.383056,0.255787],[0.28762,0.0271839,0.957359]],[[0.359769,0.923325,-0.134303],[-0.915153,0.377247,0.142052],[0.181826,0.0718018,0.980706]]],"btipPosition":[-25.6989,309.667,-23.5537],"carpPosition":[12.3785,308.637,71.3691],"dipPosition":[-21.5939,311.288,-1.41319],"direction":[-0.28762,-0.0271839,-0.957359],"extended":false,"handId":966,"id":9660,"length":50.2737,"mcpPosition":[12.3785,308.637,71.3691],"pipPosition":[-12.1341,312.182,30.0744],"stabilizedTipPosition":[-32.5946,258.436,126.117],"timeVisible":22.4007,"tipPosition":[-25.5506,310.626,-18.1825],"tipVelocity":[2.6599,33.6395,-205.399],"tool":false,"touchDistance":-0.842231,"touchZone":"hovering","type":0,"width":19.534},{"bases":[[[0.923101,-0.107204,-0.369313],[0.237887,0.913746,0.329361],[0.302149,-0.391888,0.868982]],[[0.953989,-0.156083,-0.256015],[0.105798,0.974137,-0.199661],[0.280557,0.163388,0.945829]],[[0.953989,-0.156083,-0.256015],[0.0554321,0.93092,-0.360993],[0.294674,0.330192,0.896739]],[[0.953989,-0.156083,-0.256015],[0.0213729,0.887056,-0.461166],[0.29908,0.434476,0.849578]]],"btipPosition":[-20.8663,334.397,-66.4962],"carpPosition":[24.0038,328.217,69.283],"dipPosition":[-15.937,341.558,-52.4939],"direction":[-0.294674,-0.330192,-0.896739],"extended":true,"handId":966,"id":9661,"length":56.7283,"mcpPosition":[2.56079,356.028,7.61269],"pipPosition":[-9.06645,349.257,-31.5857],"stabilizedTipPosition":[-22.8393,273.865,79.4873],"timeVisible":22.4007,"tipPosition":[-19.6044,334.683,-62.6264],"tipVelocity":[-13.0484,60.2859,-209.605],"tool":false,"touchDistance":-0.984484,"touchZone":"hovering","type":1,"width":18.6589},{"bases":[[[0.901266,-0.313354,-0.299215],[0.3971,0.873641,0.281181],[0.173297,-0.372237,0.911815]],[[0.9013,-0.313427,-0.299036],[0.00803732,0.702282,-0.711853],[0.433122,0.639189,0.635486]],[[0.9013,-0.313427,-0.299036],[-0.421665,-0.476536,-0.771435],[0.0992865,0.821387,-0.561663]],[[0.9013,-0.313427,-0.299036],[-0.389643,-0.88821,-0.243437],[-0.189307,0.335927,-0.922668]]],"btipPosition":[3.97586,295.391,6.20924],"carpPosition":[35.0694,328.68,64.9906],"dipPosition":[0.544177,301.481,-10.5165],"direction":[-0.0992865,-0.821387,0.561663],"extended":false,"handId":966,"id":9662,"length":64.6373,"mcpPosition":[23.4062,353.732,3.62422],"pipPosition":[3.2677,324.012,-25.9235],"stabilizedTipPosition":[1.68287,238.868,159.831],"timeVisible":22.4007,"tipPosition":[3.61923,296.676,3.5932],"tipVelocity":[-3.77311,42.3305,-215.246],"tool":false,"touchDistance":0.333333,"touchZone":"none","type":2,"width":18.3255},{"bases":[[[0.884428,-0.429677,-0.182112],[0.465798,0.83671,0.288008],[0.0286243,-0.33955,0.940152]],[[0.884764,-0.434868,-0.167577],[0.179893,0.650389,-0.737992],[0.429919,0.622803,0.653671]],[[0.884764,-0.434868,-0.167577],[-0.381796,-0.470151,-0.795732],[0.267252,0.768016,-0.582003]],[[0.884764,-0.434868,-0.167577],[-0.464849,-0.84916,-0.250687],[-0.0332842,0.299696,-0.953454]]],"btipPosition":[19.1045,293.788,8.73964],"carpPosition":[45.9053,326.038,60.9846],"dipPosition":[18.5046,299.19,-8.44484],"direction":[-0.267252,-0.768016,0.582003],"extended":false,"handId":966,"id":9663,"length":62.1505,"mcpPosition":[44.1757,346.556,4.17569],"pipPosition":[25.6462,319.713,-23.9975],"stabilizedTipPosition":[17.0263,237.478,164.476],"timeVisible":22.4007,"tipPosition":[19.2949,294.987,6.20308],"tipVelocity":[-1.40358,47.2999,-214.021],"tool":false,"touchDistance":0.333333,"touchZone":"none","type":3,"width":17.4379},{"bases":[[[0.792594,-0.598391,-0.117143],[0.598375,0.726386,0.338098],[-0.117224,-0.33807,0.933792]],[[0.75868,-0.649355,0.0523723],[0.462189,0.479857,-0.745733],[0.459115,0.589979,0.664183]],[[0.75868,-0.649355,0.0523723],[-0.350161,-0.474261,-0.807752],[0.549356,0.594486,-0.587191]],[[0.75868,-0.649355,0.0523723],[-0.614705,-0.740177,-0.272536],[0.215737,0.174574,-0.960719]]],"btipPosition":[32.0064,301.268,9.20307],"carpPosition":[55.0614,316.601,57.0365],"dipPosition":[35.5935,304.171,-6.77116],"direction":[-0.549356,-0.594486,0.587191],"extended":false,"handId":966,"id":9664,"length":48.7249,"mcpPosition":[61.6183,335.511,4.80478],"pipPosition":[45.9584,315.387,-17.8499],"stabilizedTipPosition":[35.0765,242.848,123.832],"timeVisible":22.4007,"tipPosition":[32.9512,301.894,6.94377],"tipVelocity":[-2.14887,51.8923,-226.178],"tool":false,"touchDistance":0.333333,"touchZone":"none","type":4,"width":15.4897}],"r":[[0.956337,0.0601981,0.286],[-0.0879357,0.992481,0.0851422],[-0.278724,-0.106574,0.954439]],"s":0.905713,"t":[6.02925,4.62308,-5.39577],"timestamp":669271251095},false],[3,{"currentFrameRate":48.3459,"devices":[],"gestures":[],"hands":[{"armBasis":[[0.94045,-0.227421,-0.252654],[0.1736,0.960332,-0.218234],[0.292262,0.161377,0.942624]],"armWidth":61.4671,"confidence":0.416944,"direction":[-0.088732,0.504357,-0.858924],"elbow":[117.376,354.23,308.066],"grabStrength":0.254188,"id":966,"palmNormal":[-0.307313,-0.834119,-0.458044],"palmPosition":[28.3857,336.637,17.5894],"palmVelocity":[12.751,-5.62846,-141.813],"palmWidth":87.7729,"pinchStrength":0.642939,"r":[[0.956571,0.0557518,0.286119],[-0.0840444,0.992607,0.0875681],[-0.279121,-0.107812,0.954184]],"s":0.905043,"sphereCenter":[28.8956,299.092,-21.4449],"sphereRadius":48.2829,"stabilizedPalmPosition":[23.8187,284.041,162.111],"t":[6.31377,4.5921,-9.39316],"timeVisible":22.437,"type":"right","wrist":[41.2554,312.199,62.5563]}],"id":4958583,"interactionBox":{"center":[0,200,0],"size":[235.247,235.247,147.751]},"pointables":[{"bases":[[[0.638811,0.754614,0.149931],[-0.590449,0.35592,0.724356],[0.493245,-0.551253,0.672926]],[[0.390331,0.911493,-0.129698],[-0.769204,0.400274,0.498103],[0.505932,-0.0946607,0.857363]],[[0.390331,0.911493,-0.129698],[-0.874861,0.411094,0.256165],[0.286811,0.0134789,0.957892]],[[0.390331,0.911493,-0.129698],[-0.903039,0.406477,0.138916],[0.17934,0.0628994,0.981774]]],"btipPosition":[-25.5527,310.68,-28.0369],"carpPosition":[12.2913,307.985,66.9174],"dipPosition":[-21.5039,312.1,-5.87218],"direction":[-0.286811,-0.0134789,-0.957892],"extended":false,"handId":966,"id":9660,"length":50.2737,"mcpPosition":[12.2913,307.985,66.9174],"pipPosition":[-12.0707,312.543,25.633],"stabilizedTipPosition":[-32.5942,258.439,126.109],"timeVisible":22.437,"tipPosition":[-25.4051,311.555,-22.6604],"tipVelocity":[3.39085,28.5369,-145.724],"tool":false,"touchDistance":-0.853505,"touchZone":"hovering","type":0,"width":19.534},{"bases":[[[0.919114,-0.135462,-0.369972],[0.267339,0.904207,0.333076],[0.289412,-0.405043,0.867284]],[[0.948283,-0.185481,-0.257599],[0.13774,0.971578,-0.192517],[0.285986,0.147079,0.946879]],[[0.948283,-0.185481,-0.257599],[0.0866073,0.931913,-0.352189],[0.305384,0.311665,0.899781]],[[0.948283,-0.185481,-0.257599],[0.0515199,0.890694,-0.451675],[0.313219,0.415044,0.854185]]],"btipPosition":[-20.1306,335.729,-70.9397],"carpPosition":[24.5434,327.187,64.9093],"dipPosition":[-14.9683,342.57,-56.8615],"direction":[-0.305384,-0.311665,-0.899781],"extended":true,"handId":966,"id":9661,"length":56.7283,"mcpPosition":[4.00423,355.932,3.35956],"pipPosition":[-7.84799,349.837,-35.8823],"stabilizedTipPosition":[-22.835,273.935,79.326],"timeVisible":22.437,"tipPosition":[-18.8631,335.953,-67.0853],"tipVelocity":[12.2091,41.6542,-145.845],"tool":false,"touchDistance":-0.98076,"touchZone":"hovering","type":1,"width":18.6589},{"bases":[[[0.890632,-0.341087,-0.300722],[0.425166,0.859176,0.284693],[0.161268,-0.381414,0.910229]],[[0.890719,-0.341291,-0.300233],[0.0321905,0.706203,-0.707277],[0.453413,0.620321,0.640015]],[[0.890719,-0.341291,-0.300233],[-0.436314,-0.456705,-0.775275],[0.127476,0.821548,-0.555706]],[[0.890719,-0.341291,-0.300233],[-0.418693,-0.873154,-0.249597],[-0.176965,0.348026,-0.920631]]],"btipPosition":[3.39324,295.293,1.53079],"carpPosition":[35.6176,327.31,60.6162],"dipPosition":[0.185303,301.601,-15.158],"direction":[-0.127476,-0.821548,0.555706],"extended":false,"handId":966,"id":9662,"length":64.6373,"mcpPosition":[24.7641,352.98,-0.643333],"pipPosition":[3.68211,324.137,-30.4016],"stabilizedTipPosition":[1.68289,238.869,159.827],"timeVisible":22.437,"tipPosition":[3.07597,296.614,-1.10166],"tipVelocity":[-11.6513,10.6182,-152.265],"tool":false,"touchDistance":0.333333,"touchZone":"none","type":2,"width":18.3255},{"bases":[[[0.870055,-0.457289,-0.184096],[0.492636,0.820015,0.291351],[0.0177301,-0.344184,0.938735]],[[0.870227,-0.462697,-0.169164],[0.202407,0.648852,-0.733501],[0.449151,0.604072,0.658301]],[[0.870227,-0.462697,-0.169164],[-0.395249,-0.45075,-0.800376],[0.294081,0.763371,-0.575136]],[[0.870227,-0.462697,-0.169164],[-0.492204,-0.831197,-0.258546],[-0.0209805,0.308257,-0.951072]]],"btipPosition":[18.452,293.143,4.01147],"carpPosition":[46.3621,324.336,56.5968],"dipPosition":[18.0738,298.699,-13.1301],"direction":[-0.294081,-0.763371,0.575136],"extended":false,"handId":966,"id":9663,"length":62.1505,"mcpPosition":[45.2908,345.133,-0.126467],"pipPosition":[25.9324,319.098,-28.4992],"stabilizedTipPosition":[17.0264,237.479,164.473],"timeVisible":22.437,"tipPosition":[18.6917,294.377,1.45225],"tipVelocity":[-12.4095,0.755957,-152.896],"tool":false,"touchDistance":0.333333,"touchZone":"none","type":3,"width":17.4379},{"bases":[[[0.772821,-0.623213,-0.119803],[0.621582,0.705256,0.340953],[-0.127995,-0.337963,0.932415]],[[0.737303,-0.673748,0.0494808],[0.475946,0.466069,-0.745825],[0.479437,0.573449,0.664301]],[[0.737303,-0.673748,0.0494808],[-0.366781,-0.460735,-0.808205],[0.567324,0.577743,-0.586819]],[[0.737303,-0.673748,0.0494808],[-0.638588,-0.718976,-0.274369],[0.220431,0.170695,-0.960351]]],"btipPosition":[31.6451,300.229,4.83394],"carpPosition":[55.2079,314.624,52.6075],"dipPosition":[35.3103,303.068,-11.1342],"direction":[-0.567324,-0.577743,0.586819],"extended":false,"handId":966,"id":9664,"length":48.7249,"mcpPosition":[62.3673,333.528,0.452834],"pipPosition":[46.0141,313.968,-22.2058],"stabilizedTipPosition":[35.0765,242.849,123.83],"timeVisible":22.437,"tipPosition":[32.61,300.84,2.46118],"tipVelocity":[-7.45161,-6.86161,-149.214],"tool":false,"touchDistance":0.333333,"touchZone":"none","type":4,"width":15.4897}],"r":[[0.956571,0.0557518,0.286119],[-0.0840444,0.992607,0.0875681],[-0.279121,-0.107812,0.954184]],"s":0.905043,"t":[6.31377,4.5921,-9.39316],"timestamp":669271287427},false],[4,{"currentFrameRate":48.9255,"devices":[],"gestures":[],"hands":[{"armBasis":[[0.941732,-0.215154,-0.258552],[0.166358,0.965998,-0.197924],[0.292344,0.143379,0.945504]],"armWidth":61.4671,"confidence":0.443404,"direction":[-0.0952366,0.508455,-0.855806],"elbow":[117.025,350.169,303.591],"grabStrength":0.249572,"id":966,"palmNormal":[-0.297945,-0.834862,-0.462855],"palmPosition":[27.696,337.383,12.5217],"palmVelocity":[-11.4337,16.621,-207.172],"palmWidth":87.7729,"pinchStrength":0.645387,"r":[[0.956661,0.0540729,0.28614],[-0.0832265,0.992393,0.0907175],[-0.279058,-0.1106,0.953884]],"s":0.904729,"sphereCenter":[28.5923,300.084,-26.7552],"sphereRadius":48.3039,"stabilizedPalmPosition":[23.8188,284.041,162.11],"t":[6.1112,4.94931,-13.9257],"timeVisible":22.4552,"type":"right","wrist":[40.8828,312.825,57.3315]}],"id":4958584,"interactionBox":{"center":[0,200,0],"size":[235.247,235.247,147.751]},"pointables":[{"bases":[[[0.630111,0.761072,0.154041],[-0.593997,0.344662,0.726894],[0.500127,-0.549524,0.669251]],[[0.380081,0.916601,-0.124022],[-0.773321,0.388466,0.501069],[0.507458,-0.0945379,0.856475]],[[0.380081,0.916601,-0.124022],[-0.879453,0.399657,0.258528],[0.286533,0.0108098,0.958009]],[[0.380081,0.916601,-0.124022],[-0.907871,0.395343,0.139548],[0.176941,0.0595566,0.982418]]],"btipPosition":[-25.8812,311.101,-33.2429],"carpPosition":[11.973,308.249,61.6869],"dipPosition":[-21.8866,312.446,-11.0637],"direction":[-0.286533,-0.0108098,-0.958009],"extended":false,"handId":966,"id":9660,"length":50.2737,"mcpPosition":[11.973,308.249,61.6869],"pipPosition":[-12.4625,312.801,20.4454],"stabilizedTipPosition":[-32.5941,258.439,126.106],"timeVisible":22.4552,"tipPosition":[-25.7544,311.917,-27.8617],"tipVelocity":[-7.17589,25.5178,-212.758],"tool":false,"touchDistance":-0.874527,"touchZone":"hovering","type":0,"width":19.534},{"bases":[[[0.920346,-0.122537,-0.371413],[0.257065,0.905232,0.33834],[0.294755,-0.406867,0.864626]],[[0.950123,-0.172767,-0.259648],[0.126927,0.974681,-0.184081],[0.284877,0.141944,0.947996]],[[0.950123,-0.172767,-0.259648],[0.0766895,0.936403,-0.342444],[0.302298,0.305452,0.902948]],[[0.950123,-0.172767,-0.259648],[0.0423436,0.896293,-0.441436],[0.308986,0.408425,0.858904]]],"btipPosition":[-20.8659,336.742,-76.0721],"carpPosition":[23.9996,327.604,59.7863],"dipPosition":[-15.7734,343.474,-61.916],"direction":[-0.302298,-0.305452,-0.902948],"extended":true,"handId":966,"id":9661,"length":56.7283,"mcpPosition":[3.08122,356.478,-1.57485],"pipPosition":[-8.72505,350.596,-40.863],"stabilizedTipPosition":[-22.8339,273.958,79.271],"timeVisible":22.4552,"tipPosition":[-19.607,336.922,-72.2126],"tipVelocity":[-13.3373,47.7065,-210.506],"tool":false,"touchDistance":-0.987734,"touchZone":"hovering","type":1,"width":18.6589},{"bases":[[[0.894309,-0.328892,-0.303384],[0.415368,0.862331,0.289578],[0.166378,-0.384988,0.907801]],[[0.894421,-0.329153,-0.30277],[0.0240686,0.711441,-0.702334],[0.446578,0.620895,0.64425]],[[0.894421,-0.329153,-0.30277],[-0.43132,-0.455924,-0.778522],[0.118212,0.826917,-0.549759]],[[0.894421,-0.329153,-0.30277],[-0.408921,-0.876034,-0.255634],[-0.181094,0.352453,-0.91814]]],"btipPosition":[3.1469,295.85,-3.84079],"carpPosition":[35.0684,327.881,55.4864],"dipPosition":[-0.135889,302.239,-20.4845],"direction":[-0.118212,-0.826917,0.549759],"extended":false,"handId":966,"id":9662,"length":64.6373,"mcpPosition":[23.871,353.792,-5.60971],"pipPosition":[3.1068,324.922,-35.5649],"stabilizedTipPosition":[1.6829,238.87,159.826],"timeVisible":22.4552,"tipPosition":[2.81029,297.19,-6.47687],"tipVelocity":[-13.0104,20.6693,-220.339],"tool":false,"touchDistance":0.333333,"touchZone":"none","type":2,"width":18.3255},{"bases":[[[0.875171,-0.446026,-0.187448],[0.483293,0.823917,0.295953],[0.0224385,-0.349602,0.93663]],[[0.875419,-0.451587,-0.17237],[0.195,0.656242,-0.728918],[0.442286,0.604496,0.662546]],[[0.875419,-0.451587,-0.17237],[-0.389905,-0.448962,-0.803995],[0.285686,0.77104,-0.569106]],[[0.875419,-0.451587,-0.17237],[-0.482762,-0.834655,-0.265124],[-0.0241426,0.315308,-0.948682]]],"btipPosition":[18.2262,293.84,-1.40348],"carpPosition":[45.8437,325.056,51.4418],"dipPosition":[17.7911,299.523,-18.502],"direction":[-0.285686,-0.77104,0.569106],"extended":false,"handId":966,"id":9663,"length":62.1505,"mcpPosition":[44.4878,346.181,-5.15426],"pipPosition":[25.4253,320.128,-33.7099],"stabilizedTipPosition":[17.0264,237.48,164.472],"timeVisible":22.4552,"tipPosition":[18.4529,295.107,-3.97109],"tipVelocity":[-12.7585,19.4719,-221.82],"tool":false,"touchDistance":0.333333,"touchZone":"none","type":3,"width":17.4379},{"bases":[[[0.779921,-0.613453,-0.124089],[0.613602,0.710369,0.344774],[-0.123354,-0.345038,0.930448]],[[0.745122,-0.665415,0.0449036],[0.469889,0.47601,-0.743383],[0.473283,0.575011,0.667357]],[[0.745122,-0.665415,0.0449036],[-0.362031,-0.460105,-0.810702],[0.560113,0.587815,-0.583735]],[[0.745122,-0.665415,0.0449036],[-0.63039,-0.724681,-0.278291],[0.21772,0.179054,-0.959447]]],"btipPosition":[31.3673,301.091,-0.453021],"carpPosition":[54.7987,315.472,47.388],"dipPosition":[34.9874,304.068,-16.4061],"direction":[-0.560113,-0.587815,0.583735],"extended":false,"handId":966,"id":9664,"length":48.7249,"mcpPosition":[61.6985,334.772,-4.65667],"pipPosition":[45.5552,315.159,-27.4196],"stabilizedTipPosition":[35.0764,242.85,123.829],"timeVisible":22.4552,"tipPosition":[32.3229,301.729,-2.83375],"tipVelocity":[-11.4602,19.866,-216.705],"tool":false,"touchDistance":0.333333,"touchZone":"none","type":4,"width":15.4897}],"r":[[0.956661,0.0540729,0.28614],[-0.0832265,0.992393,0.0907175],[-0.279058,-0.1106,0.953884]],"s":0.904729,"t":[6.1112,4.94931,-13.9257],"timestamp":669271305603},false],[5,{"currentFrameRate":49.5035,"devices":[],"gestures":[],"hands":[{"armBasis":[[0.939859,-0.228794,-0.253609],[0.184904,0.965105,-0.185428],[0.287184,0.127383,0.949368]],"armWidth":61.4671,"confidence":0.462712,"direction":[-0.0911588,0.513318,-0.853343],"elbow":[114.752,345.559,299.801],"grabStrength":0.244775,"id":966,"palmNormal":[-0.315097,-0.827752,-0.464264],"palmPosition":[26.9454,337.338,7.89293],"palmVelocity":[-25.789,7.56817,-231.032],"palmWidth":87.7729,"pinchStrength":0.653942,"r":[[0.957235,0.0491737,0.285101],[-0.0789999,0.992426,0.0940727],[-0.278316,-0.112573,0.95387]],"s":0.903666,"sphereCenter":[26.9568,300.175,-31.5365],"sphereRadius":48.286,"stabilizedPalmPosition":[23.8188,284.042,162.109],"t":[5.63462,5.10536,-18.5064],"timeVisible":22.4731,"type":"right","wrist":[39.9534,312.382,52.5347]}],"id":4958585,"interactionBox":{"center":[0,200,0],"size":[235.247,235.247,147.751]},"pointables":[{"bases":[[[0.644176,0.74936,0.153286],[-0.583774,0.352189,0.731553],[0.494211,-0.560734,0.664329]],[[0.396289,0.910002,-0.121864],[-0.764094,0.400476,0.505747],[0.509035,-0.107306,0.854031]],[[0.396289,0.910002,-0.121864],[-0.872114,0.41459,0.259872],[0.287007,0.00329508,0.957923]],[[0.396289,0.910002,-0.121864],[-0.901593,0.410785,0.135595],[0.173452,0.0561368,0.983241]]],"btipPosition":[-26.8739,312.086,-37.79],"carpPosition":[10.993,308.294,57.0379],"dipPosition":[-22.958,313.353,-15.5922],"direction":[-0.287007,-0.00329508,-0.957923],"extended":false,"handId":966,"id":9660,"length":50.2737,"mcpPosition":[10.993,308.294,57.0379],"pipPosition":[-13.5183,313.461,15.914],"stabilizedTipPosition":[-32.594,258.44,126.104],"timeVisible":22.4731,"tipPosition":[-26.8347,312.873,-32.3753],"tipVelocity":[-30.3979,38.9052,-231.713],"tool":false,"touchDistance":-0.883551,"touchZone":"hovering","type":0,"width":19.534},{"bases":[[[0.915955,-0.13716,-0.377112],[0.274751,0.899302,0.340247],[0.292469,-0.415263,0.861405]],[[0.945398,-0.188147,-0.266125],[0.143518,0.973441,-0.178369],[0.292617,0.130436,0.947292]],[[0.945398,-0.188147,-0.266125],[0.0921414,0.937526,-0.335491],[0.312621,0.292652,0.903672]],[[0.945398,-0.188147,-0.266125],[0.0567813,0.899138,-0.433966],[0.320933,0.39516,0.860727]]],"btipPosition":[-22.1164,338.172,-80.5064],"carpPosition":[23.3452,327.443,55.141],"dipPosition":[-16.827,344.685,-66.3204],"direction":[-0.312621,-0.292652,-0.903672],"extended":true,"handId":966,"id":9661,"length":56.7283,"mcpPosition":[2.58907,356.914,-5.99151],"pipPosition":[-9.53797,351.508,-45.2505],"stabilizedTipPosition":[-22.8333,273.98,79.2192],"timeVisible":22.4731,"tipPosition":[-20.8389,338.305,-76.6624],"tipVelocity":[-38.764,61.454,-227.488],"tool":false,"touchDistance":-0.983706,"touchZone":"hovering","type":1,"width":18.6589},{"bases":[[[0.886698,-0.343289,-0.309708],[0.432004,0.853831,0.290423],[0.164739,-0.391312,0.905393]],[[0.886838,-0.343621,-0.308939],[0.0333209,0.714398,-0.698946],[0.460878,0.609558,0.645005]],[[0.886838,-0.343621,-0.308939],[-0.443288,-0.443933,-0.778729],[0.130439,0.827556,-0.54602]],[[0.886838,-0.343621,-0.308939],[-0.425866,-0.867261,-0.257868],[-0.179322,0.360254,-0.915457]]],"btipPosition":[1.54914,296.307,-8.57232],"carpPosition":[34.3928,327.544,50.7791],"dipPosition":[-1.70153,302.837,-25.1673],"direction":[-0.130439,-0.827556,0.54602],"extended":false,"handId":966,"id":9662,"length":64.6373,"mcpPosition":[23.3056,353.88,-10.1549],"pipPosition":[1.87655,325.538,-40.1452],"stabilizedTipPosition":[1.68289,238.87,159.824],"timeVisible":22.4731,"tipPosition":[1.21765,297.67,-11.2188],"tipVelocity":[-48.7342,23.7739,-240.381],"tool":false,"touchDistance":0.333333,"touchZone":"none","type":2,"width":18.3255},{"bases":[[[0.86617,-0.460514,-0.194102],[0.499282,0.814213,0.296267],[0.0216053,-0.35353,0.935174]],[[0.866412,-0.466408,-0.178312],[0.206478,0.659788,-0.722527],[0.45464,0.589189,0.667951]],[[0.866412,-0.466408,-0.178312],[-0.398625,-0.431009,-0.809524],[0.300714,0.77246,-0.559353]],[[0.866412,-0.466408,-0.178312],[-0.498984,-0.822024,-0.274393],[-0.0185973,0.326712,-0.944941]]],"btipPosition":[16.4929,293.985,-6.65575],"carpPosition":[45.0941,324.547,46.6626],"dipPosition":[16.1577,299.873,-23.6868],"direction":[-0.300714,-0.77246,0.559353],"extended":false,"handId":966,"id":9663,"length":62.1505,"mcpPosition":[43.7885,345.909,-9.84552],"pipPosition":[24.1936,320.515,-38.6341],"stabilizedTipPosition":[17.0264,237.48,164.47],"timeVisible":22.4731,"tipPosition":[16.7651,295.301,-9.16476],"tipVelocity":[-51.7594,15.3051,-254.76],"tool":false,"touchDistance":0.333333,"touchZone":"none","type":3,"width":17.4379},{"bases":[[[0.768367,-0.626495,-0.130827],[0.627859,0.698221,0.34392],[-0.124117,-0.346398,0.929841]],[[0.7336,-0.678505,0.0382349],[0.473937,0.470475,-0.744337],[0.487048,0.564166,0.666709]],[[0.7336,-0.678505,0.0382349],[-0.374489,-0.450564,-0.810401],[0.567089,0.580191,-0.584627]],[[0.7336,-0.678505,0.0382349],[-0.644468,-0.712444,-0.277643],[0.215622,0.179037,-0.959923]]],"btipPosition":[29.9023,301.033,-5.23825],"carpPosition":[53.8571,314.824,42.5219],"dipPosition":[33.4875,304.01,-21.1992],"direction":[-0.567089,-0.580191,0.584627],"extended":false,"handId":966,"id":9664,"length":48.7249,"mcpPosition":[60.7996,334.199,-9.48875],"pipPosition":[44.1869,314.956,-32.2296],"stabilizedTipPosition":[35.0764,242.85,123.828],"timeVisible":22.4731,"tipPosition":[30.8569,301.665,-7.63685],"tipVelocity":[-44.8282,8.92645,-240.223],"tool":false,"touchDistance":0.333333,"touchZone":"none","type":4,"width":15.4897}],"r":[[0.957235,0.0491737,0.285101],[-0.0789999,0.992426,0.0940727],[-0.278316,-0.112573,0.95387]],"s":0.903666,"t":[5.63462,5.10536,-18.5064],"timestamp":669271323572},false],[6,{"currentFrameRate":50.0364,"devices":[],"gestures":[],"hands":[{"armBasis":[[0.939844,-0.227386,-0.254929],[0.185118,0.966212,-0.179345],[0.287097,0.121364,0.950182]],"armWidth":61.4671,"confidence":0.486235,"direction":[-0.0933708,0.511546,-0.854167],"elbow":[114.765,344.472,297.539],"grabStrength":0.239153,"id":966,"palmNormal":[-0.314193,-0.829216,-0.462259],"palmPosition":[26.8696,337.71,5.39078],"palmVelocity":[-15.5921,13.797,-187.704],"palmWidth":87.7729,"pinchStrength":0.661224,"r":[[0.957745,0.0457258,0.283961],[-0.0759652,0.992439,0.0964049],[-0.277406,-0.113902,0.953977]],"s":0.902719,"sphereCenter":[26.8504,300.504,-33.9588],"sphereRadius":48.2612,"stabilizedPalmPosition":[23.8188,284.042,162.109],"t":[5.35842,5.36954,-22.0478],"timeVisible":22.4911,"type":"right","wrist":[39.9897,312.863,50.0602]}],"id":4958586,"interactionBox":{"center":[0,200,0],"size":[235.247,235.247,147.751]},"pointables":[{"bases":[[[0.64297,0.750868,0.15095],[-0.583383,0.352448,0.731741],[0.496239,-0.558549,0.664658]],[[0.394903,0.910364,-0.123645],[-0.76434,0.400226,0.505571],[0.50974,-0.105145,0.853879]],[[0.394903,0.910364,-0.123645],[-0.873464,0.413754,0.256647],[0.284801,0.00664883,0.958564]],[[0.394903,0.910364,-0.123645],[-0.903775,0.409122,0.125737],[0.165053,0.0620932,0.984328]]],"btipPosition":[-26.5951,312.171,-40.2531],"carpPosition":[11.0437,308.728,54.613],"dipPosition":[-22.8688,313.573,-18.0308],"direction":[-0.284801,-0.00664883,-0.958564],"extended":false,"handId":966,"id":9660,"length":50.2737,"mcpPosition":[11.0437,308.728,54.613],"pipPosition":[-13.5017,313.791,13.4965],"stabilizedTipPosition":[-32.5939,258.441,126.102],"timeVisible":22.4911,"tipPosition":[-26.6429,312.973,-34.8258],"tipVelocity":[-9.82792,23.5693,-186.887],"tool":false,"touchDistance":-0.860392,"touchZone":"hovering","type":0,"width":19.534},{"bases":[[[0.915667,-0.136125,-0.378184],[0.273532,0.900457,0.338167],[0.294506,-0.413094,0.861754]],[[0.945301,-0.186699,-0.267487],[0.142212,0.973855,-0.17715],[0.293568,0.12942,0.947137]],[[0.945301,-0.186699,-0.267487],[0.0911847,0.938562,-0.332845],[0.313196,0.290248,0.904248]],[[0.945301,-0.186699,-0.267487],[0.0560501,0.900781,-0.430641],[0.321348,0.392092,0.861974]]],"btipPosition":[-22.3092,338.621,-83.0374],"carpPosition":[23.3566,327.897,52.6625],"dipPosition":[-17.0129,345.083,-68.8307],"direction":[-0.313196,-0.290248,-0.904248],"extended":true,"handId":966,"id":9661,"length":56.7283,"mcpPosition":[2.45598,357.214,-8.49485],"pipPosition":[-9.71046,351.85,-47.7474],"stabilizedTipPosition":[-22.8328,273.997,79.1784],"timeVisible":22.4911,"tipPosition":[-21.0362,338.741,-79.1992],"tipVelocity":[-25.4706,43.9099,-186.468],"tool":false,"touchDistance":-0.951561,"touchZone":"hovering","type":1,"width":18.6589},{"bases":[[[0.886901,-0.342182,-0.310352],[0.430798,0.855192,0.2882],[0.166794,-0.389304,0.905882]],[[0.887067,-0.342572,-0.309445],[0.0316404,0.713857,-0.699576],[0.460555,0.61078,0.644079]],[[0.887067,-0.342572,-0.309445],[-0.44329,-0.44499,-0.778125],[0.128864,0.827423,-0.546594]],[[0.887067,-0.342572,-0.309445],[-0.424821,-0.868097,-0.256778],[-0.180663,0.359238,-0.915592]]],"btipPosition":[1.49829,296.604,-11.0388],"carpPosition":[34.3977,328.011,48.2844],"dipPosition":[-1.7767,303.116,-27.6362],"direction":[-0.128864,-0.827423,0.546595],"extended":false,"handId":966,"id":9662,"length":64.6373,"mcpPosition":[23.1722,354.212,-12.6826],"pipPosition":[1.75816,325.813,-42.6299],"stabilizedTipPosition":[1.68288,238.871,159.823],"timeVisible":22.4911,"tipPosition":[1.15626,297.969,-13.7053],"tipVelocity":[-27.1782,20.2391,-191.706],"tool":false,"touchDistance":0.333333,"touchZone":"none","type":2,"width":18.3255},{"bases":[[[0.866763,-0.45923,-0.194498],[0.49816,0.815714,0.294021],[0.0236319,-0.351737,0.9358]],[[0.86704,-0.465166,-0.178497],[0.204396,0.658806,-0.724014],[0.454382,0.591265,0.66629]],[[0.86704,-0.465166,-0.178497],[-0.398828,-0.433249,-0.808227],[0.298626,0.771955,-0.561166]],[[0.86704,-0.465166,-0.178497],[-0.497822,-0.823456,-0.272202],[-0.0203656,0.32487,-0.945539]]],"btipPosition":[16.4739,294.313,-9.06747],"carpPosition":[45.0987,325.027,44.1579],"dipPosition":[16.1068,300.168,-26.1093],"direction":[-0.298626,-0.771955,0.561166],"extended":false,"handId":966,"id":9663,"length":62.1505,"mcpPosition":[43.6707,346.281,-12.3881],"pipPosition":[24.0869,320.797,-41.1051],"stabilizedTipPosition":[17.0264,237.48,164.469],"timeVisible":22.4911,"tipPosition":[16.7343,295.625,-11.6094],"tipVelocity":[-27.9815,16.5147,-197.896],"tool":false,"touchDistance":0.333333,"touchZone":"none","type":3,"width":17.4379},{"bases":[[[0.769368,-0.625278,-0.130771],[0.627026,0.700055,0.341703],[-0.122112,-0.344892,0.930665]],[[0.734877,-0.677097,0.0386832],[0.472687,0.470453,-0.745144],[0.486336,0.565874,0.66578]],[[0.734877,-0.677097,0.0386832],[-0.373561,-0.451726,-0.810183],[0.566046,0.580934,-0.5849]],[[0.734877,-0.677097,0.0386832],[-0.643087,-0.713809,-0.277339],[0.215397,0.178933,-0.959993]]],"btipPosition":[29.8548,301.366,-7.74561],"carpPosition":[53.8742,315.312,40.0227],"dipPosition":[33.4363,304.341,-23.7078],"direction":[-0.566046,-0.580934,0.5849],"extended":false,"handId":966,"id":9664,"length":48.7249,"mcpPosition":[60.7045,334.603,-12.0341],"pipPosition":[44.1161,315.302,-34.7432],"stabilizedTipPosition":[35.0764,242.85,123.828],"timeVisible":22.4911,"tipPosition":[30.8123,302.009,-10.1665],"tipVelocity":[-24.9039,13.4825,-192.693],"tool":false,"touchDistance":0.333333,"touchZone":"none","type":4,"width":15.4897}],"r":[[0.957745,0.0457258,0.283961],[-0.0759652,0.992439,0.0964049],[-0.277406,-0.113902,0.953977]],"s":0.902719,"t":[5.35842,5.369