{"sensorType":"Leap","data":[[0,{"currentFrameRate":54.7516,"devices":[],"gestures":[],"hands":[{"armBasis":[[0.944393,-0.184835,-0.271952],[0.147646,0.97736,-0.15155],[0.293807,0.10297,0.950302]],"armWidth":61.4671,"confidence":0.685591,"direction":[-0.0950918,0.252398,-0.96294],"elbow":[124.936,287.269,333.786],"grabStrength":0,"id":966,"palmNormal":[-0.198413,-0.95272,-0.230125],"palmPosition":[35.4597,270.872,36.191],"palmVelocity":[-85.2787,-73.289,319.669],"palmWidth":87.7729,"pinchStrength":0.599522,"r":[[0.957927,0.162103,0.236851],[-0.126994,0.979444,-0.156721],[-0.257387,0.120048,0.958822]],"s":1.0333,"sphereCenter":[36.3992,230.091,5.8534],"sphereRadius":49.2154,"stabilizedPalmPosition":[49.1312,275.123,-6.4801],"t":[15.2198,-59.8548,-0.612758],"timeVisible":13.4794,"type":"right","wrist":[48.413,260.45,86.2758]}],"id":4958105,"interactionBox":{"center":[0,200,0],"size":[235.247,235.247,147.751]},"pointables":[{"bases":[[[0.551447,0.833313,-0.0386779],[-0.659228,0.46372,0.591931],[0.511199,-0.300921,0.80506]],[[0.415335,0.880775,-0.227447],[-0.774305,0.473532,0.419785],[0.477439,0.00176228,0.878663]],[[0.415335,0.880775,-0.227447],[-0.896917,0.438224,0.0591615],[0.151781,0.179429,0.971992]],[[0.415335,0.880775,-0.227447],[-0.905258,0.424786,-0.00810886],[0.0894742,0.209266,0.973757]]],"btipPosition":[-10.1685,243.633,-5.33699],"carpPosition":[19.8336,254.344,90.9256],"dipPosition":[-8.14847,248.358,16.6467],"direction":[-0.151781,-0.179429,-0.971992],"extended":false,"handId":966,"id":9660,"length":50.2737,"mcpPosition":[19.8336,254.344,90.9256],"pipPosition":[-3.15638,254.259,48.6156],"stabilizedTipPosition":[3.21526,251.04,-41.9818],"timeVisible":13.4794,"tipPosition":[-8.87463,243.779,-0.251286],"tipVelocity":[-84.987,-103.602,322.886],"tool":false,"touchDistance":0.503599,"touchZone":"hovering","type":0,"width":19.534},{"bases":[[[0.94568,-0.124397,-0.300357],[0.158016,0.983302,0.0902677],[0.284113,-0.132826,0.949546]],[[0.975876,-0.141565,-0.166208],[0.154929,0.985418,0.0703411],[0.153827,-0.0943948,0.983579]],[[0.975876,-0.141565,-0.166208],[0.128097,0.987744,-0.0891837],[0.176797,0.0657414,0.982049]],[[0.975876,-0.141565,-0.166208],[0.104294,0.971085,-0.21475],[0.191804,0.192235,0.962423]]],"btipPosition":[-3.63748,282.241,-62.678],"carpPosition":[30.1841,273.603,84.2321],"dipPosition":[-0.476262,285.409,-46.8158],"direction":[-0.176797,-0.0657414,-0.982049],"extended":true,"handId":966,"id":9661,"length":56.7283,"mcpPosition":[10.021,283.03,16.8443],"pipPosition":[3.6459,286.942,-23.9185],"stabilizedTipPosition":[9.36627,290.794,-101.248],"timeVisible":13.4794,"tipPosition":[-2.74524,282.056,-59.0363],"tipVelocity":[-95.7178,-138.631,314.524],"tool":false,"touchDistance":0.775551,"touchZone":"hovering","type":1,"width":18.6589},{"bases":[[[0.934483,-0.306993,-0.180267],[0.321819,0.94496,0.0590144],[0.152228,-0.113161,0.981846]],[[0.93371,-0.306423,-0.185178],[0.0163998,0.553274,-0.832838],[0.357655,0.774592,0.521623]],[[0.93371,-0.306423,-0.185178],[-0.33137,-0.543766,-0.771046],[0.135573,0.781296,-0.609259]],[[0.93371,-0.306423,-0.185178],[-0.346715,-0.90287,-0.254194],[-0.0893006,0.301548,-0.94926]]],"btipPosition":[12.4192,218.534,23.899],"carpPosition":[41.394,273.832,80.3115],"dipPosition":[10.8004,224,6.69117],"direction":[-0.135573,-0.781296,0.609259],"extended":false,"handId":966,"id":9662,"length":64.6373,"mcpPosition":[31.1488,281.448,14.2321],"pipPosition":[14.5193,245.432,-10.0214],"stabilizedTipPosition":[20.9219,228.755,-18.3937],"timeVisible":13.4794,"tipPosition":[12.3993,220.213,20.9936],"tipVelocity":[-18.0738,-111.655,323.519],"tool":false,"touchDistance":0.333333,"touchZone":"none","type":2,"width":18.3255},{"bases":[[[0.919763,-0.390655,-0.0377477],[0.39245,0.916523,0.0772534],[0.00441719,-0.0858689,0.996297]],[[0.919502,-0.388907,-0.057167],[0.161925,0.507266,-0.84644],[0.358185,0.769047,0.529406]],[[0.919502,-0.388907,-0.057167],[-0.277899,-0.540291,-0.794265],[0.278008,0.746215,-0.604875]],[[0.919502,-0.388907,-0.057167],[-0.388037,-0.874809,-0.290063],[0.0627971,0.288896,-0.955299]]],"btipPosition":[28.3074,218.017,27.8227],"carpPosition":[52.573,271.122,77.46],"dipPosition":[29.4392,223.224,10.6049],"direction":[-0.278008,-0.746215,0.604875],"extended":false,"handId":966,"id":9663,"length":62.1505,"mcpPosition":[52.3061,276.31,17.2584],"pipPosition":[36.8683,243.165,-5.55889],"stabilizedTipPosition":[36.7815,226.148,-16.7282],"timeVisible":13.4794,"tipPosition":[28.7422,219.509,24.6907],"tipVelocity":[-15.7278,-86.8566,327.088],"tool":false,"touchDistance":0.333333,"touchZone":"none","type":3,"width":17.4379},{"bases":[[[0.83652,-0.543998,0.0655744],[0.529567,0.833394,0.158157],[-0.140686,-0.0975753,0.985234]],[[0.833019,-0.546122,0.0884862],[0.367928,0.427412,-0.825802],[0.413168,0.720465,0.556976]],[[0.833019,-0.546122,0.0884862],[-0.257839,-0.524739,-0.811276],[0.489488,0.652993,-0.577929]],[[0.833019,-0.546122,0.0884862],[-0.492124,-0.804527,-0.332492],[0.252771,0.233426,-0.938946]]],"btipPosition":[42.8779,226.426,28.7704],"carpPosition":[62.5396,261.744,76.3613],"dipPosition":[47.0808,230.307,13.1582],"direction":[-0.489488,-0.652993,0.577929],"extended":false,"handId":966,"id":9664,"length":48.7249,"mcpPosition":[70.4089,267.202,21.2521],"pipPosition":[56.3161,242.627,2.25424],"stabilizedTipPosition":[52.757,232.499,-14.8176],"timeVisible":13.4794,"tipPosition":[43.9372,227.63,26.1128],"tipVelocity":[-26.8037,-67.5609,327.535],"tool":false,"touchDistance":0.333333,"touchZone":"none","type":4,"width":15.4897}],"r":[[0.957927,0.162103,0.236851],[-0.126994,0.979444,-0.156721],[-0.257387,0.120048,0.958822]],"s":1.0333,"t":[15.2198,-59.8548,-0.612758],"timestamp":669262329796},false],[1,{"currentFrameRate":49.29,"devices":[],"gestures":[],"hands":[{"armBasis":[[0.945244,-0.135633,-0.296845],[0.106185,0.987876,-0.11325],[0.308607,0.0755285,0.948186]],"armWidth":61.4671,"confidence":0.614914,"direction":[-0.176579,0.471499,-0.864007],"elbow":[110.453,328.02,326.018],"grabStrength":0,"id":966,"palmNormal":[-0.24138,-0.871739,-0.426387],"palmPosition":[12.8543,330.256,34.2441],"palmVelocity":[-61.7708,54.3421,-270.667],"palmWidth":87.7729,"pinchStrength":0.543013,"r":[[0.968185,0.127369,0.215396],[-0.146231,0.986482,0.0739627],[-0.203063,-0.103107,0.973722]],"s":1.0254,"sphereCenter":[16.5812,293.456,-5.26478],"sphereRadius":50.9553,"stabilizedPalmPosition":[44.704,277.312,17.0308],"t":[-7.736,-2.89031,8.51149],"timeVisible":14.6725,"type":"right","wrist":[30.075,308.349,79.059]}],"id":4958168,"interactionBox":{"center":[0,200,0],"size":[235.247,235.247,147.751]},"pointables":[{"bases":[[[0.56542,0.818087,0.105038],[-0.591098,0.313094,0.743355],[0.575242,-0.482395,0.660599]],[[0.337884,0.932947,-0.124271],[-0.757939,0.347996,0.551749],[0.557999,-0.0922376,0.824699]],[[0.337884,0.932947,-0.124271],[-0.897873,0.359107,0.254689],[0.282238,0.0255241,0.959005]],[[0.337884,0.932947,-0.124271],[-0.903756,0.358472,0.233929],[0.262791,0.0332697,0.964279]]],"btipPosition":[-40.1831,304.226,-8.19115],"carpPosition":[1.90169,301.375,84.8318],"dipPosition":[-34.2503,304.977,13.5785],"direction":[-0.282238,-0.0255241,-0.959005],"extended":false,"handId":966,"id":9660,"length":50.2737,"mcpPosition":[1.90169,301.375,84.8318],"pipPosition":[-24.9675,305.816,45.1203],"stabilizedTipPosition":[-8.94027,255.047,9.54679],"timeVisible":14.6725,"tipPosition":[-38.8195,304.345,-2.86681],"tipVelocity":[-24.0858,15.8477,-293.418],"tool":false,"touchDistance":-0.850392,"touchZone":"hovering","type":0,"width":19.534},{"bases":[[[0.911036,-0.0522053,-0.409009],[0.189121,0.934363,0.301991],[0.366398,-0.352477,0.861112]],[[0.958785,-0.109296,-0.262272],[0.124424,0.991351,0.0417322],[0.255442,-0.0726452,0.964091]],[[0.958785,-0.109296,-0.262272],[0.0814239,0.990033,-0.114915],[0.272217,0.0888232,0.958127]],[[0.958785,-0.109296,-0.262272],[0.0486558,0.972578,-0.227431],[0.279937,0.205296,0.937811]]],"btipPosition":[-35.4938,344.219,-56.9902],"carpPosition":[12.056,321.648,81.8729],"dipPosition":[-30.88,347.602,-41.5336],"direction":[-0.272217,-0.0888232,-0.958127],"extended":true,"handId":966,"id":9661,"length":56.7283,"mcpPosition":[-13.9466,346.663,20.7611],"pipPosition":[-24.533,349.673,-19.1941],"stabilizedTipPosition":[-3.18587,293.103,-46.8915],"timeVisible":14.6725,"tipPosition":[-34.0831,343.82,-53.2994],"tipVelocity":[-48.1172,62.5921,-287.184],"tool":false,"touchDistance":-1,"touchZone":"hovering","type":1,"width":18.6589},{"bases":[[[0.906483,-0.257862,-0.334358],[0.348418,0.904121,0.247328],[0.238524,-0.340695,0.909414]],[[0.905007,-0.255773,-0.339916],[-0.0932408,0.660357,-0.745141],[0.415053,0.706052,0.573779]],[[0.905007,-0.255773,-0.339916],[-0.425394,-0.547314,-0.720755],[-0.0016906,0.796886,-0.604127]],[[0.905007,-0.255773,-0.339916],[-0.333053,-0.923129,-0.192118],[-0.264647,0.287078,-0.920624]]],"btipPosition":[-7.64436,285.806,22.4508],"carpPosition":[22.8632,322.769,77.0735],"dipPosition":[-12.4418,291.01,5.76207],"direction":[0.0016906,-0.796886,0.604127],"extended":false,"handId":966,"id":9662,"length":64.6373,"mcpPosition":[6.81023,345.698,15.8688],"pipPosition":[-12.4882,312.869,-10.8097],"stabilizedTipPosition":[15.3117,230.765,28.0759],"timeVisible":14.6725,"tipPosition":[-8.23309,286.96,19.9677],"tipVelocity":[-23.0024,38.4534,-283.959],"tool":false,"touchDistance":0.333333,"touchZone":"none","type":2,"width":18.3255},{"bases":[[[0.902842,-0.372606,-0.214573],[0.419718,0.872066,0.251671],[0.0933478,-0.31728,0.943727]],[[0.902246,-0.370632,-0.220418],[0.0539703,0.604184,-0.795015],[0.427831,0.705403,0.565126]],[[0.902246,-0.370632,-0.220418],[-0.405878,-0.557246,-0.72439],[0.145655,0.74304,-0.653204]],[[0.902246,-0.370632,-0.220418],[-0.410639,-0.894494,-0.176795],[-0.131637,0.250024,-0.959249]]],"btipPosition":[8.06701,285.19,25.9881],"carpPosition":[33.6668,320.783,72.6257],"dipPosition":[5.69447,289.696,8.69916],"direction":[-0.145655,-0.74304,0.653204],"extended":false,"handId":966,"id":9663,"length":62.1505,"mcpPosition":[28.0262,339.955,15.6007],"pipPosition":[9.58675,309.552,-8.75613],"stabilizedTipPosition":[32.192,228.059,16.7076],"timeVisible":14.6725,"tipPosition":[7.88255,286.268,23.3278],"tipVelocity":[-26.672,51.0525,-289.819],"tool":false,"touchDistance":0.333333,"touchZone":"none","type":3,"width":17.4379},{"bases":[[[0.825734,-0.545757,-0.142519],[0.56162,0.772016,0.297614],[-0.0523982,-0.325792,0.943988]],[[0.812144,-0.583116,-0.0199652],[0.305211,0.453753,-0.83723],[0.497261,0.673858,0.546486]],[[0.812144,-0.583116,-0.0199652],[-0.419194,-0.559355,-0.715121],[0.405831,0.589151,-0.698715]],[[0.812144,-0.583116,-0.0199652],[-0.577526,-0.79855,-0.169649],[0.0829818,0.14931,-0.985302]]],"btipPosition":[20.1968,293.546,26.5557],"carpPosition":[43.2637,311.906,68.4321],"dipPosition":[21.5766,296.029,10.1728],"direction":[-0.405831,-0.589151,0.698715],"extended":false,"handId":966,"id":9664,"length":48.7249,"mcpPosition":[46.1946,330.129,15.63],"pipPosition":[29.2335,307.145,-3.0101],"stabilizedTipPosition":[46.892,235.348,19.4547],"timeVisible":14.6725,"tipPosition":[20.5606,294.202,23.6806],"tipVelocity":[-29.6235,59.3864,-278.179],"tool":false,"touchDistance":0.333333,"touchZone":"none","type":4,"width":15.4897}],"r":[[0.968185,0.127369,0.215396],[-0.146231,0.986482,0.0739627],[-0.203063,-0.103107,0.973722]],"s":1.0254,"t":[-7.736,-2.89031,8.51149],"timestamp":669263522882},false],[2,{"currentFrameRate":49.7859,"devices":[],"gestures":[],"hands":[{"armBasis":[[0.946816,-0.126588,-0.29583],[0.0970323,0.988891,-0.112599],[0.306797,0.0779053,0.948581]],"armWidth":61.4671,"confidence":0.624162,"direction":[-0.179598,0.474664,-0.861648],"elbow":[109.799,329.185,323.817],"grabStrength":0,"id":966,"palmNormal":[-0.234053,-0.871356,-0.431227],"palmPosition":[12.5361,330.902,32.0424],"palmVelocity":[-40.6439,45.3562,-199.287],"palmWidth":87.7729,"pinchStrength":0.544603,"r":[[0.966837,0.133404,0.217783],[-0.153176,0.985233,0.0765101],[-0.20436,-0.107332,0.972994]],"s":1.02653,"sphereCenter":[16.1252,294.595,-7.57054],"sphereRadius":50.7564,"stabilizedPalmPosition":[44.7007,277.318,17.0324],"t":[-8.49364,-2.03213,4.78695],"timeVisible":14.6906,"type":"right","wrist":[29.8928,308.894,76.7557]}],"id":4958169,"interactionBox":{"center":[0,200,0],"size":[235.247,235.247,147.751]},"pointables":[{"bases":[[[0.558785,0.822,0.109888],[-0.594211,0.304413,0.744477],[0.578509,-0.481299,0.658543]],[[0.330557,0.936255,-0.118993],[-0.760996,0.338982,0.553151],[0.558227,-0.0922951,0.824539]],[[0.330557,0.936255,-0.118993],[-0.900843,0.350597,0.256054],[0.28145,0.0225532,0.959311]],[[0.330557,0.936255,-0.118993],[-0.907123,0.349981,0.233753],[0.260498,0.0306721,0.964987]]],"btipPosition":[-40.2469,304.676,-10.5751],"carpPosition":[1.77116,301.666,82.4662],"dipPosition":[-34.3659,305.368,11.2106],"direction":[-0.28145,-0.0225532,-0.959311],"extended":false,"handId":966,"id":9660,"length":50.2737,"mcpPosition":[1.77116,301.666,82.4662],"pipPosition":[-25.109,306.11,42.7624],"stabilizedTipPosition":[-8.94089,255.048,9.54647],"timeVisible":14.6906,"tipPosition":[-38.8958,304.78,-5.25238],"tipVelocity":[-14.5785,19.7356,-215.869],"tool":false,"touchDistance":-0.829391,"touchZone":"hovering","type":0,"width":19.534},{"bases":[[[0.911772,-0.0427633,-0.408465],[0.181402,0.934222,0.307118],[0.368463,-0.354118,0.859555]],[[0.959068,-0.0990109,-0.265301],[0.117739,0.991487,0.0556023],[0.257537,-0.0845626,0.962561]],[[0.959068,-0.0990109,-0.265301],[0.0758227,0.992461,-0.0962882],[0.272835,0.0722311,0.959346]],[[0.959068,-0.0990109,-0.265301],[0.043925,0.977558,-0.206037],[0.279747,0.18595,0.941894]]],"btipPosition":[-36.0286,345.921,-59.1608],"carpPosition":[11.7659,322.034,79.624],"dipPosition":[-31.4179,348.986,-43.637],"direction":[-0.272835,-0.0722311,-0.959346],"extended":true,"handId":966,"id":9661,"length":56.7283,"mcpPosition":[-14.3833,347.165,18.6227],"pipPosition":[-25.0566,350.67,-21.2691],"stabilizedTipPosition":[-3.20623,293.137,-46.8971],"timeVisible":14.6906,"tipPosition":[-34.6008,345.306,-55.4688],"tipVelocity":[-39.2097,75.4806,-206.702],"tool":false,"touchDistance":-0.998654,"touchZone":"hovering","type":1,"width":18.6589},{"bases":[[[0.908796,-0.248844,-0.334911],[0.340982,0.905542,0.252438],[0.240459,-0.343613,0.907805]],[[0.90738,-0.246837,-0.340196],[-0.097178,0.664255,-0.741162],[0.408924,0.705575,0.578745]],[[0.90738,-0.246837,-0.340196],[-0.420259,-0.545671,-0.725001],[-0.00667769,0.800821,-0.598866]],[[0.90738,-0.246837,-0.340196],[-0.325887,-0.924325,-0.198548],[-0.265443,0.291024,-0.919155]]],"btipPosition":[-7.63365,286.343,19.9241],"carpPosition":[22.5679,323.267,74.8404],"dipPosition":[-12.4455,291.619,3.26206],"direction":[0.00667769,-0.800821,0.598866],"extended":false,"handId":966,"id":9662,"length":64.6373,"mcpPosition":[6.38474,346.393,13.744],"pipPosition":[-12.6287,313.586,-13.1654],"stabilizedTipPosition":[15.3109,230.767,28.0755],"timeVisible":14.6906,"tipPosition":[-8.23349,287.515,17.4209],"tipVelocity":[-11.8317,34.634,-214.604],"tool":false,"touchDistance":0.333333,"touchZone":"none","type":2,"width":18.3255},{"bases":[[[0.905969,-0.364248,-0.215741],[0.412532,0.874034,0.256675],[0.0950711,-0.321539,0.942111]],[[0.905467,-0.362588,-0.220589],[0.053915,0.613803,-0.787616],[0.420978,0.701267,0.575327]],[[0.905467,-0.362588,-0.220589],[-0.399175,-0.550987,-0.732852],[0.144182,0.751627,-0.643636]],[[0.905467,-0.362588,-0.220589],[-0.404091,-0.89543,-0.186858],[-0.129769,0.258332,-0.957301]]],"btipPosition":[7.98798,285.854,23.1213],"carpPosition":[33.3908,321.391,70.3917],"dipPosition":[5.64909,290.51,5.86747],"direction":[-0.144182,-0.751627,0.643636],"extended":false,"handId":966,"id":9663,"length":62.1505,"mcpPosition":[27.6461,340.82,13.4644],"pipPosition":[9.502,310.596,-11.3321],"stabilizedTipPosition":[32.191,228.061,16.7077],"timeVisible":14.6906,"tipPosition":[7.82144,286.953,20.498],"tipVelocity":[-15.8153,45.0319,-226.544],"tool":false,"touchDistance":0.333333,"touchZone":"none","type":3,"width":17.4379},{"bases":[[[0.830184,-0.53839,-0.144676],[0.555189,0.774876,0.302213],[-0.0506025,-0.331215,0.942197]],[[0.816848,-0.576405,-0.0227071],[0.30502,0.464998,-0.831108],[0.489614,0.671963,0.555648]],[[0.816848,-0.576405,-0.0227071],[-0.411679,-0.55493,-0.722892],[0.404078,0.599841,-0.690588]],[[0.816848,-0.576405,-0.0227071],[-0.570587,-0.801564,-0.178676],[0.0847884,0.158907,-0.983646]]],"btipPosition":[20.1584,294.26,23.8901],"carpPosition":[43.0618,312.613,66.1596],"dipPosition":[21.5682,296.902,7.53468],"direction":[-0.404078,-0.599841,0.690588],"extended":false,"handId":966,"id":9664,"length":48.7249,"mcpPosition":[45.8923,331.14,13.4578],"pipPosition":[29.192,308.22,-5.49483],"stabilizedTipPosition":[46.8906,235.351,19.4547],"timeVisible":14.6906,"tipPosition":[20.5306,294.952,21.0564],"tipVelocity":[-16.3151,50.7465,-215.224],"tool":false,"touchDistance":0.333333,"touchZone":"none","type":4,"width":15.4897}],"r":[[0.966837,0.133404,0.217783],[-0.153176,0.985233,0.0765101],[-0.20436,-0.107332,0.972994]],"s":1.02653,"t":[-8.49364,-2.03213,4.78695],"timestamp":669263541065},false],[3,{"currentFrameRate":50.2979,"devices":[],"gestures":[],"hands":[{"armBasis":[[0.950558,-0.122065,-0.285552],[0.0885711,0.987882,-0.12745],[0.297649,0.0958575,0.949851]],"armWidth":61.4671,"confidence":0.629308,"direction":[-0.187731,0.468981,-0.863026],"elbow":[107.975,334.482,322.291],"grabStrength":0,"id":966,"palmNormal":[-0.232412,-0.874906,-0.424881],"palmPosition":[12.6862,331.187,30.1818],"palmVelocity":[-17.4834,31.4374,-154.133],"palmWidth":87.7729,"pinchStrength":0.546059,"r":[[0.965873,0.139448,0.218276],[-0.159632,0.984117,0.0776571],[-0.20398,-0.109851,0.972792]],"s":1.02781,"sphereCenter":[15.7895,294.918,-9.17207],"sphereRadius":50.5817,"stabilizedPalmPosition":[44.6981,277.322,17.0334],"t":[-8.79743,-1.46044,1.99439],"timeVisible":14.7086,"type":"right","wrist":[30.4511,309.515,74.8989]}],"id":4958170,"interactionBox":{"center":[0,200,0],"size":[235.247,235.247,147.751]},"pointables":[{"bases":[[[0.555263,0.825437,0.101668],[-0.590835,0.305475,0.746726],[0.585319,-0.474698,0.657316]],[[0.324996,0.937248,-0.126267],[-0.758848,0.338123,0.556618],[0.564383,-0.0850806,0.821117]],[[0.324996,0.937248,-0.126267],[-0.9008,0.347447,0.260463],[0.28799,0.0290923,0.957192]],[[0.324996,0.937248,-0.126267],[-0.907763,0.346604,0.236286],[0.265223,0.037829,0.963445]]],"btipPosition":[-40.2309,304.461,-11.9365],"carpPosition":[2.40538,302.175,80.8355],"dipPosition":[-34.2432,305.315,9.81433],"direction":[-0.28799,-0.0290923,-0.957192],"extended":false,"handId":966,"id":9660,"length":50.2737,"mcpPosition":[2.40538,302.175,80.8355],"pipPosition":[-24.7712,306.272,41.2965],"stabilizedTipPosition":[-8.94119,255.049,9.54631],"timeVisible":14.7086,"tipPosition":[-38.8539,304.602,-6.62744],"tipVelocity":[-6.62098,5.72744,-149.937],"tool":false,"touchDistance":-0.795326,"touchZone":"hovering","type":0,"width":19.534},{"bases":[[[0.90926,-0.040357,-0.414268],[0.178619,0.936817,0.300781],[0.375955,-0.347485,0.859018]],[[0.957154,-0.0946264,-0.273683],[0.114448,0.991772,0.0573544],[0.266003,-0.0862195,0.960109]],[[0.957154,-0.0946264,-0.273683],[0.0723691,0.993279,-0.0903311],[0.280391,0.0666546,0.957569]],[[0.957154,-0.0946264,-0.273683],[0.0403719,0.979478,-0.197464],[0.286751,0.177954,0.941332]]],"btipPosition":[-36.6925,346.325,-60.779],"carpPosition":[12.2762,322.578,77.8154],"dipPosition":[-31.9664,349.258,-45.2645],"direction":[-0.280391,-0.0666546,-0.957569],"extended":true,"handId":966,"id":9661,"length":56.7283,"mcpPosition":[-14.4047,347.239,16.8522],"pipPosition":[-25.4288,350.812,-22.9379],"stabilizedTipPosition":[-3.22846,293.174,-46.9041],"timeVisible":14.7086,"tipPosition":[-35.2378,345.577,-57.0932],"tipVelocity":[-37.4724,49.6487,-151.713],"tool":false,"touchDistance":-0.951427,"touchZone":"hovering","type":1,"width":18.6589},{"bases":[[[0.907831,-0.246042,-0.339569],[0.33798,0.908651,0.245201],[0.24822,-0.337368,0.908058]],[[0.906437,-0.244162,-0.344612],[-0.104852,0.660313,-0.743635],[0.409119,0.710191,0.572931]],[[0.906437,-0.244162,-0.344612],[-0.422111,-0.550717,-0.720093],[-0.0139641,0.798183,-0.602254]],[[0.906437,-0.244162,-0.344612],[-0.322786,-0.9267,-0.192448],[-0.272363,0.285678,-0.918807]]],"btipPosition":[-7.36782,286.45,18.377],"carpPosition":[23.0398,323.84,72.9535],"dipPosition":[-12.3051,291.629,1.72128],"direction":[0.0139641,-0.798183,0.602254],"extended":false,"handId":966,"id":9662,"length":64.6373,"mcpPosition":[6.33434,346.545,11.84],"pipPosition":[-12.6881,313.524,-14.7991],"stabilizedTipPosition":[15.3105,230.768,28.0753],"timeVisible":14.7086,"tipPosition":[-7.99521,287.613,15.8454],"tipVelocity":[0.00340204,20.5016,-153.913],"tool":false,"touchDistance":0.333333,"touchZone":"none","type":2,"width":18.3255},{"bases":[[[0.906385,-0.3608,-0.219751],[0.409717,0.877533,0.249135],[0.102951,-0.315848,0.943208]],[[0.905931,-0.359429,-0.223831],[0.0487468,0.613635,-0.788083],[0.420611,0.703038,0.573432]],[[0.905931,-0.359429,-0.223831],[-0.399922,-0.552648,-0.731193],[0.139112,0.751925,-0.644404]],[[0.905931,-0.359429,-0.223831],[-0.401311,-0.897447,-0.183135],[-0.135052,0.255734,-0.957268]]],"btipPosition":[8.21017,286.076,21.2083],"carpPosition":[33.8426,321.995,68.4434],"dipPosition":[5.77607,290.686,3.95508],"direction":[-0.139112,-0.751925,0.644404],"extended":false,"handId":966,"id":9663,"length":62.1505,"mcpPosition":[27.6218,341.08,11.4498],"pipPosition":[9.49351,310.779,-13.2651],"stabilizedTipPosition":[32.1903,228.063,16.7077],"timeVisible":14.7086,"tipPosition":[8.0332,287.166,18.5859],"tipVelocity":[-3.06442,29.323,-169.886],"tool":false,"touchDistance":0.333333,"touchZone":"none","type":3,"width":17.4379},{"bases":[[[0.831968,-0.534932,-0.147231],[0.55318,0.779357,0.294268],[-0.0426677,-0.326267,0.944314]],[[0.81959,-0.572419,-0.024677],[0.299603,0.464888,-0.833137],[0.488376,0.675437,0.552515]],[[0.81959,-0.572419,-0.024677],[-0.411518,-0.558151,-0.720499],[0.398654,0.600669,-0.693016]],[[0.81959,-0.572419,-0.024677],[-0.567385,-0.804886,-0.173877],[0.0796685,0.156509,-0.984458]]],"btipPosition":[20.4129,294.519,21.9736],"carpPosition":[43.5305,313.243,64.1954],"dipPosition":[21.7375,297.121,5.60467],"direction":[-0.398654,-0.600669,0.693016],"extended":false,"handId":966,"id":9664,"length":48.7249,"mcpPosition":[45.9171,331.493,11.3751],"pipPosition":[29.2591,308.454,-7.47066],"stabilizedTipPosition":[46.8895,235.353,19.4547],"timeVisible":14.7086,"tipPosition":[20.7774,295.207,19.1504],"tipVelocity":[-2.41617,33.3441,-164.093],"tool":false,"touchDistance":0.333333,"touchZone":"none","type":4,"width":15.4897}],"r":[[0.965873,0.139448,0.218276],[-0.159632,0.984117,0.0776571],[-0.20398,-0.109851,0.972792]],"s":1.02781,"t":[-8.79743,-1.46044,1.99439],"timestamp":669263559001},false],[4,{"currentFrameRate":50.7326,"devices":[],"gestures":[],"hands":[{"armBasis":[[0.948457,-0.12559,-0.290959],[0.0919171,0.987674,-0.126692],[0.303284,0.0934179,0.94831]],"armWidth":61.4671,"confidence":0.635864,"direction":[-0.186363,0.471337,-0.862038],"elbow":[108.486,334.24,317.512],"grabStrength":0,"id":966,"palmNormal":[-0.235917,-0.873207,-0.426442],"palmPosition":[11.7905,331.733,25.8541],"palmVelocity":[-32.7229,30.8517,-194.669],"palmWidth":87.7729,"pinchStrength":0.54785,"r":[[0.965202,0.143465,0.218637],[-0.16404,0.983288,0.0789634],[-0.203654,-0.112081,0.972606]],"s":1.02871,"sphereCenter":[14.4181,295.684,-13.5105],"sphereRadius":50.4411,"stabilizedPalmPosition":[44.6961,277.325,17.034],"t":[-9.39717,-0.901625,-1.56576],"timeVisible":14.7266,"type":"right","wrist":[29.4944,309.909,70.5211]}],"id":4958171,"interactionBox":{"center":[0,200,0],"size":[235.247,235.247,147.751]},"pointables":[{"bases":[[[0.558426,0.823138,0.102981],[-0.589325,0.306275,0.747591],[0.58383,-0.478163,0.656128]],[[0.32861,0.936222,-0.124511],[-0.757021,0.339923,0.558006],[0.564742,-0.0891088,0.820442]],[[0.32861,0.936222,-0.124511],[-0.899209,0.350453,0.261927],[0.288857,0.0258898,0.957022]],[[0.32861,0.936222,-0.124511],[-0.907256,0.349549,0.233887],[0.262493,0.036106,0.964258]]],"btipPosition":[-41.1965,305.287,-16.2952],"carpPosition":[1.42395,302.663,76.4571],"dipPosition":[-35.2705,306.102,5.47401],"direction":[-0.288857,-0.0258898,-0.957022],"extended":false,"handId":966,"id":9660,"length":50.2737,"mcpPosition":[1.42395,302.663,76.4571],"pipPosition":[-25.7699,306.954,36.9506],"stabilizedTipPosition":[-8.94148,255.049,9.54611],"timeVisible":14.7266,"tipPosition":[-39.8463,305.418,-10.9882],"tipVelocity":[-29.2337,24.4935,-193.17],"tool":false,"touchDistance":-0.809444,"touchZone":"hovering","type":0,"width":19.534},{"bases":[[[0.908906,-0.0429992,-0.414779],[0.1823,0.935558,0.302486],[0.375043,-0.350546,0.858173]],[[0.956115,-0.0969065,-0.276501],[0.118968,0.990826,0.0641206],[0.267751,-0.0942014,0.958872]],[[0.956115,-0.0969065,-0.276501],[0.0773451,0.993723,-0.080822],[0.282598,0.0558891,0.957609]],[[0.956115,-0.0969065,-0.276501],[0.0455956,0.981434,-0.186302],[0.289421,0.165519,0.942782]]],"btipPosition":[-37.7014,347.785,-65.0367],"carpPosition":[11.3704,323.035,73.4713],"dipPosition":[-32.9313,350.513,-49.4982],"direction":[-0.282598,-0.0558891,-0.957609],"extended":true,"handId":966,"id":9661,"length":56.7283,"mcpPosition":[-15.2458,347.912,12.5681],"pipPosition":[-26.3423,351.816,-27.1708],"stabilizedTipPosition":[-3.25308,293.215,-46.9149],"timeVisible":14.7266,"tipPosition":[-36.24,346.965,-61.3633],"tipVelocity":[-45.926,63.2115,-191.413],"tool":false,"touchDistance":-0.9484,"touchZone":"hovering","type":1,"width":18.6589},{"bases":[[[0.906735,-0.248819,-0.340472],[0.341526,0.906897,0.246776],[0.24737,-0.34004,0.907293]],[[0.905406,-0.247006,-0.345295],[-0.102134,0.66271,-0.741879],[0.412079,0.706968,0.574794]],[[0.905406,-0.247006,-0.345295],[-0.424417,-0.546774,-0.72174],[-0.010524,0.800016,-0.599886]],[[0.905406,-0.247006,-0.345295],[-0.326688,-0.924781,-0.195076],[-0.271137,0.289426,-0.917996]]],"btipPosition":[-8.46825,287.087,13.9155],"carpPosition":[22.1364,324.265,68.6067],"dipPosition":[-13.3833,292.333,-2.72554],"direction":[0.010524,-0.800016,0.599886],"extended":false,"handId":966,"id":9662,"length":64.6373,"mcpPosition":[5.48812,347.15,7.5447],"pipPosition":[-13.672,314.279,-19.181],"stabilizedTipPosition":[15.3101,230.769,28.075],"timeVisible":14.7266,"tipPosition":[-9.09776,288.264,11.3613],"tipVelocity":[-28.7937,27.9047,-197.982],"tool":false,"touchDistance":0.333333,"touchZone":"none","type":2,"width":18.3255},{"bases":[[[0.904911,-0.3638,-0.220873],[0.413147,0.8755,0.250617],[0.1022,-0.318039,0.942553]],[[0.904597,-0.362833,-0.223734],[0.0551595,0.62009,-0.782589],[0.422684,0.695587,0.580945]],[[0.904597,-0.362833,-0.223734],[-0.400417,-0.543282,-0.73791],[0.146187,0.757098,-0.636735]],[[0.904597,-0.362833,-0.223734],[-0.40573,-0.893836,-0.190895],[-0.130718,0.263459,-0.955773]]],"btipPosition":[6.98643,286.645,16.3367],"carpPosition":[32.93,322.387,64.0879],"dipPosition":[4.63044,291.394,-0.889566],"direction":[-0.146187,-0.757098,0.636735],"extended":false,"handId":966,"id":9663,"length":62.1505,"mcpPosition":[26.7546,341.605,7.13391],"pipPosition":[8.53694,311.625,-17.9048],"stabilizedTipPosition":[32.1897,228.064,16.7076],"timeVisible":14.7266,"tipPosition":[6.8438,287.761,13.7502],"tipVelocity":[-33.3076,31.1882,-217.072],"tool":false,"touchDistance":0.333333,"touchZone":"none","type":3,"width":17.4379},{"bases":[[[0.829872,-0.537788,-0.148651],[0.55626,0.776697,0.295494],[-0.0434564,-0.32791,0.943709]],[[0.817314,-0.575625,-0.0255573],[0.303733,0.468106,-0.829833],[0.489637,0.670472,0.557426]],[[0.817314,-0.575625,-0.0255573],[-0.411762,-0.552472,-0.724725],[0.40305,0.602851,-0.688564]],[[0.817314,-0.575625,-0.0255573],[-0.570298,-0.801828,-0.178416],[0.0822081,0.160397,-0.983623]]],"btipPosition":[19.3411,295.039,17.3653],"carpPosition":[42.5827,313.608,59.8186],"dipPosition":[20.708,297.706,1.01022],"direction":[-0.40305,-0.602851,0.688564],"extended":false,"handId":966,"id":9664,"length":48.7249,"mcpPosition":[45.0135,331.949,7.03215],"pipPosition":[28.3124,309.08,-11.9811],"stabilizedTipPosition":[46.8886,235.355,19.4545],"timeVisible":14.7266,"tipPosition":[19.7232,295.738,14.5597],"tipVelocity":[-29.1894,31.5595,-207.19],"tool":false,"touchDistance":0.333333,"touchZone":"none","type":4,"width":15.4897}],"r":[[0.965202,0.143465,0.218637],[-0.16404,0.983288,0.0789634],[-0.203654,-0.112081,0.972606]],"s":1.02871,"t":[-9.39717,-0.901625,-1.56576],"timestamp":669263577075},false],[5,{"currentFrameRate":51.1226,"devices":[],"gestures":[],"hands":[{"armBasis":[[0.940848,-0.158591,-0.299422],[0.119908,0.982354,-0.143535],[0.316902,0.0991413,0.943262]],"armWidth":61.4671,"confidence":0.590438,"direction":[-0.178039,0.475164,-0.861697],"elbow":[110.44,334.38,310.278],"grabStrength":0,"id":966,"palmNormal":[-0.269055,-0.865825,-0.421849],"palmPosition":[10.5458,330.855,20.0312],"palmVelocity":[-49.8646,-6.91615,-255.076],"palmWidth":87.7729,"pinchStrength":0.550938,"r":[[0.966008,0.14028,0.217141],[-0.160781,0.983764,0.0797365],[-0.20243,-0.111938,0.972878]],"s":1.02908,"sphereCenter":[11.2303,294.834,-19.1785],"sphereRadius":50.2662,"stabilizedPalmPosition":[44.6945,277.328,17.0341],"t":[-10.3194,-1.06161,-6.2573],"timeVisible":14.7447,"type":"right","wrist":[27.9012,308.559,64.602]}],"id":4958172,"interactionBox":{"center":[0,200,0],"size":[235.247,235.247,147.751]},"pointables":[{"bases":[[[0.586788,0.804066,0.0956939],[-0.571951,0.327911,0.751895],[0.573194,-0.495935,0.652301]],[[0.360512,0.923838,-0.128664],[-0.739783,0.367209,0.563807],[0.568113,-0.108076,0.815823]],[[0.360512,0.923838,-0.128664],[-0.884046,0.382412,0.268746],[0.29748,0.0168584,0.954579]],[[0.360512,0.923838,-0.128664],[-0.895132,0.381445,0.230736],[0.26224,0.0319878,0.964472]]],"btipPosition":[-43.4044,306.208,-21.6479],"carpPosition":[-0.343699,302.28,70.8065],"dipPosition":[-37.484,306.93,0.12617],"direction":[-0.29748,-0.0168584,-0.954579],"extended":false,"handId":966,"id":9660,"length":50.2737,"mcpPosition":[-0.343699,302.28,70.8065],"pipPosition":[-27.6999,307.484,31.5224],"stabilizedTipPosition":[-8.94232,255.051,9.54545],"timeVisible":14.7447,"tipPosition":[-42.1362,306.279,-16.3327],"tipVelocity":[-73.3785,36.4665,-241.904],"tool":false,"touchDistance":-0.837106,"touchZone":"hovering","type":0,"width":19.534},{"bases":[[[0.903196,-0.0747317,-0.422673],[0.216468,0.929635,0.298196],[0.370647,-0.360824,0.855819]],[[0.94917,-0.128906,-0.287157],[0.154259,0.985729,0.0673907],[0.274372,-0.108262,0.95551]],[[0.94917,-0.128906,-0.287157],[0.11229,0.990941,-0.0736725],[0.294052,0.0376828,0.955046]],[[0.94917,-0.128906,-0.287157],[0.0797696,0.981024,-0.176715],[0.304488,0.144826,0.941442]]],"btipPosition":[-39.292,349.125,-70.445],"carpPosition":[10.2576,322.296,67.6748],"dipPosition":[-34.2736,351.512,-54.9286],"direction":[-0.294052,-0.0376828,-0.955046],"extended":true,"handId":966,"id":9661,"length":56.7283,"mcpPosition":[-16.0466,347.904,6.93868],"pipPosition":[-27.4176,352.39,-32.6609],"stabilizedTipPosition":[-3.27855,293.256,-46.9294],"timeVisible":14.7447,"tipPosition":[-37.8265,348.137,-66.7873],"tipVelocity":[-64.3757,66.2796,-242.607],"tool":false,"touchDistance":-0.963094,"touchZone":"hovering","type":1,"width":18.6589},{"bases":[[[0.894743,-0.280171,-0.347763],[0.374132,0.89547,0.241162],[0.243845,-0.345887,0.906036]],[[0.893485,-0.278399,-0.35239],[-0.0858068,0.664385,-0.742448],[0.44082,0.693604,0.569729]],[[0.893485,-0.278399,-0.35239],[-0.448939,-0.533121,-0.717102],[0.0117742,0.798922,-0.60132]],[[0.893485,-0.278399,-0.35239],[-0.359718,-0.913422,-0.190431],[-0.268865,0.296908,-0.916273]]],"btipPosition":[-11.3415,286.881,8.3487],"carpPosition":[21.0152,323.15,62.7117],"dipPosition":[-16.2154,292.263,-8.26112],"direction":[-0.0117742,-0.798922,0.60132],"extended":false,"handId":966,"id":9662,"length":64.6373,"mcpPosition":[4.60407,346.429,1.73434],"pipPosition":[-15.8924,314.179,-24.7559],"stabilizedTipPosition":[15.309,230.771,28.074],"timeVisible":14.7447,"tipPosition":[-11.9592,288.079,5.77295],"tipVelocity":[-90.349,10.0457,-249.895],"tool":false,"touchDistance":0.333333,"touchZone":"none","type":2,"width":18.3255},{"bases":[[[0.890108,-0.394719,-0.227826],[0.444684,0.861682,0.244459],[0.0998209,-0.318905,0.942515]],[[0.889919,-0.39412,-0.229595],[0.073871,0.621257,-0.780117],[0.450097,0.677281,0.581982]],[[0.889919,-0.39412,-0.229595],[-0.422629,-0.523177,-0.740048],[0.171549,0.755616,-0.632152]],[[0.889919,-0.39412,-0.229595],[-0.438628,-0.877525,-0.193792],[-0.125097,0.273166,-0.953798]]],"btipPosition":[3.93805,285.861,10.1514],"carpPosition":[31.6984,320.897,58.1031],"dipPosition":[1.68336,290.785,-7.03931],"direction":[-0.171549,-0.755616,0.632152],"extended":false,"handId":966,"id":9663,"length":62.1505,"mcpPosition":[25.6667,340.167,1.15137],"pipPosition":[6.2676,310.977,-23.932],"stabilizedTipPosition":[32.1882,228.067,16.7071],"timeVisible":14.7447,"tipPosition":[3.85496,287.026,7.60626],"tipVelocity":[-96.9542,-3.1909,-276.13],"tool":false,"touchDistance":0.333333,"touchZone":"none","type":3,"width":17.4379},{"bases":[[[0.809886,-0.565889,-0.154448],[0.584775,0.758217,0.28835],[-0.0460691,-0.323848,0.944987]],[[0.796942,-0.603321,-0.0297686],[0.319526,0.462867,-0.826836],[0.512627,0.649429,0.561655]],[[0.796942,-0.603321,-0.0297686],[-0.430035,-0.532055,-0.729375],[0.424209,0.594071,-0.683467]],[[0.796942,-0.603321,-0.0297686],[-0.597852,-0.780755,-0.181645],[0.0863486,0.162558,-0.982913]]],"btipPosition":[16.6631,293.837,10.9966],"carpPosition":[41.0108,311.786,53.7736],"dipPosition":[18.0988,296.54,-5.34665],"direction":[-0.424209,-0.594071,0.683467],"extended":false,"handId":966,"id":9664,"length":48.7249,"mcpPosition":[43.5877,329.9,0.915711],"pipPosition":[26.1025,307.749,-18.2418],"stabilizedTipPosition":[46.8871,235.358,19.4539],"timeVisible":14.7447,"tipPosition":[17.1037,294.557,8.29739],"tipVelocity":[-85.2587,-14.8096,-275.91],"tool":false,"touchDistance":0.333333,"touchZone":"none","type":4,"width":15.4897}],"r":[[0.966008,0.14028,0.217141],[-0.160781,0.983764,0.0797365],[-0.20243,-0.111938,0.972878]],"s":1.02908,"t":[-10.3194,-1.06161,-6.2573],"timestamp":669263595178},false],[6,{"currentFrameRate":51.498,"devices":[],"gestures":[],"hands":[{"armBasis":[[0.940641,-0.164175,-0.297055],[0.121836,0.980223,-0.155946],[0.316782,0.110497,0.94204]],"armWidth":61.4671,"confidence":0.603769,"direction":[-0.181588,0.471948,-0.862723],"elbow":[110.576,337.843,307.856],"grabStrength":0,"id":966,"palmNormal":[-0.276549,-0.86641,-0.415757],"palmPosition":[10.5179,331.236,17.9423],"palmVelocity":[-26.951,6.40547,-189.067],"palmWidth":87.7729,"pinchStrength":0.554468,"r":[[0.96709,0.136918,0.214454],[-0.157023,0.98438,0.0796222],[-0.200203,-0.110676,0.973483]],"s":1.029,"sphereCenter":[10.3893,295.2,-21.0133],"sphereRadius":50.0914,"stabilizedPalmPosition":[44.6936,277.329,17.0341],"t":[-10.7945,-0.950761,-9.64749],"timeVisible":14.7628,"type":"right","wrist":[28.0685,309.063,62.4982]}],"id":4958173,"interactionBox":{"center":[0,200,0],"size":[235.247,235.247,147.751]},"pointables":[{"bases":[[[0.591657,0.801407,0.0876904],[-0.56493,0.334539,0.754279],[0.575149,-0.495813,0.650671]],[[0.36591,0.920897,-0.134383],[-0.733561,0.374256,0.567292],[0.572711,-0.108999,0.812478]],[[0.36591,0.920897,-0.134383],[-0.879863,0.389365,0.272463],[0.303234,0.018542,0.952736]],[[0.36591,0.920897,-0.134383],[-0.893935,0.387949,0.224447],[0.258826,0.0380025,0.965176]]],"btipPosition":[-43.559,306.745,-23.3182],"carpPosition":[-0.164722,302.964,68.9304],"dipPosition":[-37.7157,307.603,-1.52821],"direction":[-0.303234,-0.018542,-0.952736],"extended":false,"handId":966,"id":9660,"length":50.2737,"mcpPosition":[-0.164722,302.964,68.9304],"pipPosition":[-27.7423,308.213,29.8074],"stabilizedTipPosition":[-8.94362,255.053,9.54436],"timeVisible":14.7628,"tipPosition":[-42.3886,306.823,-17.9916],"tipVelocity":[-43.1135,34.1323,-171.033],"tool":false,"touchDistance":-0.806728,"touchZone":"hovering","type":0,"width":19.534},{"bases":[[[0.899802,-0.0815325,-0.428613],[0.223431,0.929902,0.292166],[0.374747,-0.358657,0.854944]],[[0.945889,-0.13449,-0.295306],[0.161079,0.984629,0.0675239],[0.281686,-0.111438,0.953013]],[[0.945889,-0.13449,-0.295306],[0.11876,0.990406,-0.0706569],[0.301976,0.031763,0.952786]],[[0.945889,-0.13449,-0.295306],[0.0858792,0.981371,-0.171862],[0.312919,0.137202,0.939818]]],"btipPosition":[-39.9482,349.979,-72.2471],"carpPosition":[10.5192,322.909,65.6278],"dipPosition":[-34.7908,352.24,-56.7574],"direction":[-0.301976,-0.031763,-0.952786],"extended":true,"handId":966,"id":9661,"length":56.7283,"mcpPosition":[-16.0759,348.362,4.95368],"pipPosition":[-27.75,352.981,-34.5424],"stabilizedTipPosition":[-3.30721,293.302,-46.947],"timeVisible":14.7628,"tipPosition":[-38.4638,348.927,-68.6043],"tipVelocity":[-50.268,56.5566,-175.128],"tool":false,"touchDistance":-0.922241,"touchZone":"hovering","type":1,"width":18.6589},{"bases":[[[0.890797,-0.286562,-0.352651],[0.38051,0.894631,0.234197],[0.24838,-0.34281,0.905974]],[[0.889563,-0.28487,-0.357109],[-0.08706,0.661691,-0.744705],[0.44844,0.693552,0.563815]],[[0.889563,-0.28487,-0.357109],[-0.456646,-0.533439,-0.711981],[0.0123259,0.796425,-0.604612]],[[0.889563,-0.28487,-0.357109],[-0.366079,-0.912157,-0.184269],[-0.273247,0.294649,-0.915706]]],"btipPosition":[-11.7059,287.318,6.58164],"carpPosition":[21.246,323.682,60.5854],"dipPosition":[-16.6592,292.659,-10.0179],"direction":[-0.0123259,-0.796425,0.604612],"extended":false,"handId":966,"id":9662,"length":64.6373,"mcpPosition":[4.5297,346.753,-0.387753],"pipPosition":[-16.3211,314.506,-26.603],"stabilizedTipPosition":[15.3073,230.775,28.0725],"timeVisible":14.7628,"tipPosition":[-12.341,288.511,3.98195],"tipVelocity":[-57.5692,16.5189,-177.814],"tool":false,"touchDistance":0.333333,"touchZone":"none","type":2,"width":18.3255},{"bases":[[[0.886403,-0.400506,-0.23213],[0.450905,0.860487,0.237165],[0.104759,-0.314892,0.943328]],[[0.886281,-0.400142,-0.23322],[0.0735022,0.618694,-0.782186],[0.457277,0.676095,0.577748]],[[0.886281,-0.400142,-0.23322],[-0.429503,-0.521674,-0.737145],[0.173298,0.753487,-0.634212]],[[0.886281,-0.400142,-0.23322],[-0.445075,-0.875129,-0.189888],[-0.128116,0.272095,-0.953704]]],"btipPosition":[3.52412,286.199,8.14818],"carpPosition":[31.8847,321.351,55.9132],"dipPosition":[1.21504,291.104,-9.0408],"direction":[-0.173298,-0.753487,0.634212],"extended":false,"handId":966,"id":9663,"length":62.1505,"mcpPosition":[25.5546,340.378,-1.08767],"pipPosition":[5.84599,311.239,-25.9886],"stabilizedTipPosition":[32.1863,228.071,16.7063],"timeVisible":14.7628,"tipPosition":[3.43511,287.371,5.5669],"tipVelocity":[-62.1946,7.1005,-197.873],"tool":false,"touchDistance":0.333333,"touchZone":"none","type":3,"width":17.4379},{"bases":[[[0.805801,-0.570894,-0.157364],[0.590756,0.756495,0.280576],[-0.0411336,-0.319052,0.946844]],[[0.793225,-0.60817,-0.0303831],[0.328068,0.468863,-0.820085],[0.512996,0.640544,0.571435]],[[0.793225,-0.60817,-0.0303831],[-0.427613,-0.520817,-0.738848],[0.433521,0.599065,-0.673187]],[[0.793225,-0.60817,-0.0303831],[-0.601987,-0.775695,-0.189496],[0.0916775,0.168603,-0.981411]]],"btipPosition":[16.2178,294.061,8.1295],"carpPosition":[41.1185,312.169,51.5629],"dipPosition":[17.7422,296.864,-8.18879],"direction":[-0.433521,-0.599065,0.673187],"extended":false,"handId":966,"id":9664,"length":48.7249,"mcpPosition":[43.4193,330.016,-1.39891],"pipPosition":[25.9215,308.167,-20.89],"stabilizedTipPosition":[46.8857,235.361,19.4532],"timeVisible":14.7628,"tipPosition":[16.7277,294.823,5.60494],"tipVelocity":[-56.0045,-1.29613,-220.346],"tool":false,"touchDistance":0.333333,"touchZone":"none","type":4,"width":15.4897}],"r":[[0.96709,0.136918,0.214454],[-0.157023,0.98438,0.0796222],[-0.200203,-0.110676,0.973483]],"s":1.029,"t":