{"sensorType":"Leap","data":[[0,{"currentFrameRate":51.9912,"devices":[],"gestures":[],"hands":[{"armBasis":[[0.903239,-0.32654,-0.278443],[0.341209,0.939977,0.00450087],[0.26026,-0.0990725,0.960442]],"armWidth":61.4671,"confidence":0.113179,"direction":[-0.278463,0.404906,-0.870924],"elbow":[113.194,285.152,322.079],"grabStrength":0,"id":966,"palmNormal":[-0.437351,-0.860779,-0.260354],"palmPosition":[22.793,330.729,28.5412],"palmVelocity":[27.7379,-36.9424,-65.1462],"palmWidth":87.7729,"pinchStrength":0.574072,"r":[[0.999984,0.00543588,-0.00146374],[-0.00543746,0.999985,-0.0010775],[0.00145786,0.00108544,0.999998]],"s":0.99888,"sphereCenter":[13.8575,290.145,-5.78908],"sphereRadius":49.7773,"stabilizedPalmPosition":[21.7971,332.064,30.9621],"t":[0.663975,-0.864305,-1.36886],"timeVisible":0.036668,"type":"right","wrist":[45.4086,310.956,71.9285]}],"id":4957383,"interactionBox":{"center":[0,200,0],"size":[235.247,235.247,147.751]},"pointables":[{"bases":[[[0.680928,0.724815,-0.104789],[-0.38391,0.47513,0.791748],[0.623659,-0.498894,0.601793]],[[0.467445,0.839468,-0.277108],[-0.68601,0.542168,0.485227],[0.557571,-0.036718,0.829317]],[[0.467445,0.839468,-0.277108],[-0.694884,0.542688,0.471832],[0.546471,-0.0279977,0.83701]],[[0.467445,0.839468,-0.277108],[-0.714279,0.543347,0.441111],[0.520865,-0.00826272,0.853599]]],"btipPosition":[-38.3249,312.008,-3.18158],"carpPosition":[18.2563,309.133,83.5526],"dipPosition":[-26.5658,311.822,16.0894],"direction":[-0.546471,0.0279977,-0.83701],"extended":false,"handId":966,"id":9660,"length":50.2737,"mcpPosition":[18.2563,309.133,83.5526],"pipPosition":[-8.5923,310.901,43.6187],"stabilizedTipPosition":[-36.9697,314.735,3.34089],"timeVisible":0.036668,"tipPosition":[-35.6802,312.049,1.30153],"tipVelocity":[38.3318,-77.8977,-57.3154],"tool":false,"touchDistance":1,"touchZone":"none","type":0,"width":19.534},{"bases":[[[0.796199,-0.236038,-0.557094],[0.370494,0.918148,0.140495],[0.478333,-0.318262,0.818479]],[[0.886432,-0.304331,-0.348743],[0.295035,0.952056,-0.0808952],[0.356642,-0.0311832,0.933721]],[[0.886432,-0.304331,-0.348743],[0.264616,0.951384,-0.157626],[0.379759,0.0474416,0.923868]],[[0.886432,-0.304331,-0.348743],[0.240299,0.946542,-0.21521],[0.395595,0.106966,0.912175]]],"btipPosition":[-33.8174,348.159,-57.1266],"carpPosition":[30.284,327.149,76.2309],"dipPosition":[-27.2974,349.922,-42.0925],"direction":[-0.379759,-0.0474416,-0.923868],"extended":true,"handId":966,"id":9661,"length":56.7283,"mcpPosition":[-3.66252,349.736,18.1448],"pipPosition":[-18.443,351.028,-20.5518],"stabilizedTipPosition":[-32.718,350.772,-51.3778],"timeVisible":0.036668,"tipPosition":[-32.3868,348.35,-53.6329],"tipVelocity":[11.3937,-61.1,-61.8072],"tool":false,"touchDistance":0.647401,"touchZone":"hovering","type":1,"width":18.6589},{"bases":[[[0.778599,-0.429906,-0.457127],[0.510178,0.857815,0.0622247],[0.365379,-0.281664,0.887222]],[[0.778296,-0.429672,-0.457862],[-0.13827,0.594015,-0.792482],[0.612484,0.680094,0.402908]],[[0.778296,-0.429672,-0.457862],[-0.620379,-0.4137,-0.66632],[0.0968822,0.802642,-0.58854]],[[0.778296,-0.429672,-0.457862],[-0.557283,-0.808661,-0.188423],[-0.289295,0.401807,-0.868827]]],"btipPosition":[-10.506,284.098,22.8997],"carpPosition":[39.9761,326.064,69.4506],"dipPosition":[-15.7502,291.381,7.14995],"direction":[-0.0968822,-0.802642,0.58854],"extended":false,"handId":966,"id":9662,"length":64.6373,"mcpPosition":[15.3856,345.02,9.73942],"pipPosition":[-13.0926,313.399,-8.9943],"stabilizedTipPosition":[-13.4954,287.801,21.2623],"timeVisible":0.036668,"tipPosition":[-11.7122,285.773,19.2772],"tipVelocity":[50.1705,-56.8506,-54.1577],"tool":false,"touchDistance":0.333333,"touchZone":"none","type":2,"width":18.3255},{"bases":[[[0.783191,-0.530104,-0.324963],[0.57589,0.815492,0.057657],[0.234441,-0.2323,0.943967]],[[0.791161,-0.538162,-0.290596],[0.0447614,0.52481,-0.850042],[0.609968,0.659513,0.439298]],[[0.791161,-0.538162,-0.290596],[-0.556005,-0.43492,-0.70831],[0.254799,0.72196,-0.643313]],[[0.791161,-0.538162,-0.290596],[-0.5985,-0.779075,-0.186654],[-0.125946,0.321595,-0.938464]]],"btipPosition":[4.31708,282.485,21.5439],"carpPosition":[49.3117,321.962,63.4118],"dipPosition":[2.04711,288.282,4.62958],"direction":[-0.254799,-0.72196,0.643313],"extended":false,"handId":966,"id":9663,"length":62.1505,"mcpPosition":[35.1455,335.999,6.37231],"pipPosition":[8.85599,307.574,-12.5614],"stabilizedTipPosition":[2.77076,285.728,21.6427],"timeVisible":0.036668,"tipPosition":[4.09597,283.927,18.2829],"tipVelocity":[29.7084,-52.8263,-106.737],"tool":false,"touchDistance":0.333333,"touchZone":"none","type":3,"width":17.4379},{"bases":[[[0.69907,-0.680834,-0.218555],[0.709128,0.699366,0.0895807],[0.0918603,-0.217607,0.971704]],[[0.699973,-0.683026,-0.208599],[0.244606,0.503709,-0.82852],[0.670973,0.528917,0.519655]],[[0.699973,-0.683026,-0.208599],[-0.524428,-0.29332,-0.799337],[0.484781,0.668909,-0.563514]],[[0.699973,-0.683026,-0.208599],[-0.706827,-0.620791,-0.339137],[0.102143,0.38483,-0.917318]]],"btipPosition":[17.7198,286.419,12.5297],"carpPosition":[56.5891,311.307,58.7224],"dipPosition":[19.4182,292.818,-2.72292],"direction":[-0.484781,-0.668909,0.563514],"extended":false,"handId":966,"id":9664,"length":48.7249,"mcpPosition":[51.4509,323.479,4.37006],"pipPosition":[28.5647,305.438,-13.3549],"stabilizedTipPosition":[16.2856,289.434,10.7126],"timeVisible":0.036668,"tipPosition":[18.0705,287.905,8.84342],"tipVelocity":[50.8747,-42.9919,-46.2582],"tool":false,"touchDistance":0.333333,"touchZone":"none","type":4,"width":15.4897}],"r":[[0.999984,0.00543588,-0.00146374],[-0.00543746,0.999985,-0.0010775],[0.00145786,0.00108544,0.999998]],"s":0.99888,"t":[0.663975,-0.864305,-1.36886],"timestamp":669248887098},false],[1,{"currentFrameRate":52.2287,"devices":[],"gestures":[],"hands":[{"armBasis":[[0.92269,-0.284822,-0.259844],[0.271717,0.958542,-0.0858349],[0.273519,0.008595,0.961828]],"armWidth":61.4671,"confidence":0.150607,"direction":[-0.279292,0.414721,-0.866027],"elbow":[116.546,312.34,319.532],"grabStrength":0,"id":966,"palmNormal":[-0.41634,-0.865029,-0.279974],"palmPosition":[22.6606,330.176,25.7872],"palmVelocity":[10.9829,-33.7286,-106.109],"palmWidth":87.7729,"pinchStrength":0.577764,"r":[[0.999921,0.0125523,-0.000357963],[-0.0125517,0.99992,0.00175612],[0.000379977,-0.00175149,0.999998]],"s":0.996359,"sphereCenter":[15.569,289.572,-9.81219],"sphereRadius":50.2851,"stabilizedPalmPosition":[21.8003,332.057,30.9432],"t":[0.768583,-1.38214,-3.28083],"timeVisible":0.054946,"type":"right","wrist":[45.3065,310.102,69.0198]}],"id":4957384,"interactionBox":{"center":[0,200,0],"size":[235.247,235.247,147.751]},"pointables":[{"bases":[[[0.666061,0.741007,-0.0852705],[-0.401157,0.45225,0.796582],[0.628837,-0.496366,0.598486]],[[0.451019,0.854424,-0.257957],[-0.700421,0.517973,0.491034],[0.553165,-0.0407871,0.832072]],[[0.451019,0.854424,-0.257957],[-0.712078,0.518726,0.473147],[0.538077,-0.0297127,0.842372]],[[0.451019,0.854424,-0.257957],[-0.737306,0.519556,0.431788],[0.502953,-0.00455125,0.864302]]],"btipPosition":[-37.5921,310.53,-6.93093],"carpPosition":[18.0964,307.486,80.3539],"dipPosition":[-26.2374,310.427,12.5817],"direction":[-0.538077,0.0297127,-0.842372],"extended":false,"handId":966,"id":9660,"length":50.2737,"mcpPosition":[18.0964,307.486,80.3539],"pipPosition":[-8.53996,309.45,40.2874],"stabilizedTipPosition":[-36.9267,314.644,3.21586],"timeVisible":0.054946,"tipPosition":[-35.0716,310.648,-2.36375],"tipVelocity":[36.738,-78.8319,-126.656],"tool":false,"touchDistance":1,"touchZone":"none","type":0,"width":19.534},{"bases":[[[0.806073,-0.208726,-0.553787],[0.349341,0.923138,0.160552],[0.477711,-0.322877,0.817033]],[[0.895867,-0.278859,-0.345918],[0.276726,0.959278,-0.056643],[0.347627,-0.0449801,0.936553]],[[0.895867,-0.278859,-0.345918],[0.246348,0.959647,-0.135613],[0.369776,0.036275,0.928412]],[[0.895867,-0.278859,-0.345918],[0.222138,0.955348,-0.194848],[0.384808,0.0977165,0.91781]]],"btipPosition":[-33.4747,348.208,-60.0986],"carpPosition":[29.7984,325.886,73.4725],"dipPosition":[-27.1325,349.818,-44.9717],"direction":[-0.369776,-0.036275,-0.928412],"extended":true,"handId":966,"id":9661,"length":56.7283,"mcpPosition":[-4.104,348.8,15.4889],"pipPosition":[-18.5109,350.664,-23.325],"stabilizedTipPosition":[-32.7138,350.758,-51.4094],"timeVisible":0.054946,"tipPosition":[-32.0997,348.286,-56.5809],"tipVelocity":[13.8441,-31.4741,-109.525],"tool":false,"touchDistance":0.571734,"touchZone":"hovering","type":1,"width":18.6589},{"bases":[[[0.791758,-0.404723,-0.457513],[0.490992,0.867248,0.0825149],[0.363382,-0.289967,0.885366]],[[0.791457,-0.404482,-0.458247],[-0.143918,0.605318,-0.782865],[0.59404,0.685554,0.420871]],[[0.791457,-0.404482,-0.458247],[-0.605308,-0.414616,-0.679482],[0.0848424,0.815161,-0.572987]],[[0.791457,-0.404482,-0.458247],[-0.538009,-0.816813,-0.208239],[-0.290073,0.411353,-0.864087]]],"btipPosition":[-9.57359,282.955,18.991],"carpPosition":[39.5721,325.133,66.7648],"dipPosition":[-14.8319,290.411,3.32722],"direction":[-0.0848424,-0.815161,0.572987],"extended":false,"handId":966,"id":9662,"length":64.6373,"mcpPosition":[15.116,344.648,7.17853],"pipPosition":[-12.5046,312.772,-12.3904],"stabilizedTipPosition":[-13.4519,287.751,21.168],"timeVisible":0.054946,"tipPosition":[-10.783,284.67,15.3884],"tipVelocity":[50.4886,-58.5318,-130.123],"tool":false,"touchDistance":0.333333,"touchZone":"none","type":2,"width":18.3255},{"bases":[[[0.797322,-0.5072,-0.327147],[0.557638,0.82643,0.0777983],[0.230905,-0.24446,0.941765]],[[0.804943,-0.515477,-0.293853],[0.0619353,0.565532,-0.822398],[0.59011,0.643784,0.487147]],[[0.804943,-0.515477,-0.293853],[-0.529493,-0.400538,-0.747801],[0.267775,0.757531,-0.595352]],[[0.804943,-0.515477,-0.293853],[-0.585206,-0.771478,-0.249711],[-0.097981,0.372968,-0.922656]]],"btipPosition":[4.27191,281.402,15.3768],"carpPosition":[49.0478,321.343,60.7405],"dipPosition":[2.50596,288.124,-1.25257],"direction":[-0.267775,-0.757531,0.595352],"extended":false,"handId":966,"id":9663,"length":62.1505,"mcpPosition":[35.0953,336.114,3.83409],"pipPosition":[9.66158,308.367,-17.1619],"stabilizedTipPosition":[2.77739,285.712,21.5816],"timeVisible":0.054946,"tipPosition":[4.40428,283.122,12.7593],"tipVelocity":[17.3334,-50.3372,-215.5],"tool":false,"touchDistance":0.333333,"touchZone":"none","type":3,"width":17.4379},{"bases":[[[0.715516,-0.661616,-0.224277],[0.693057,0.712616,0.108863],[0.0877977,-0.23333,0.968426]],[[0.716386,-0.663992,-0.214257],[0.237785,0.521058,-0.819729],[0.655934,0.536295,0.531166]],[[0.716386,-0.663992,-0.214257],[-0.51449,-0.295316,-0.805039],[0.471266,0.686952,-0.553178]],[[0.716386,-0.663992,-0.214257],[-0.690963,-0.632595,-0.349848],[0.0967582,0.39867,-0.911976]]],"btipPosition":[18.8104,286.102,9.24168],"carpPosition":[56.595,310.933,55.9275],"dipPosition":[20.4193,292.731,-5.92208],"direction":[-0.471266,-0.686952,0.553178],"extended":false,"handId":966,"id":9664,"length":48.7249,"mcpPosition":[51.6841,323.984,1.75853],"pipPosition":[29.3108,305.692,-16.359],"stabilizedTipPosition":[16.3185,289.414,10.6562],"timeVisible":0.054946,"tipPosition":[19.1092,287.64,5.47715],"tipVelocity":[54.547,-29.3175,-109.726],"tool":false,"touchDistance":0.333333,"touchZone":"none","type":4,"width":15.4897}],"r":[[0.999921,0.0125523,-0.000357963],[-0.0125517,0.99992,0.00175612],[0.000379977,-0.00175149,0.999998]],"s":0.996359,"t":[0.768583,-1.38214,-3.28083],"timestamp":669248905376},false],[2,{"currentFrameRate":47.9828,"devices":[],"gestures":[],"hands":[{"armBasis":[[0.937559,-0.259613,-0.231483],[0.233913,0.963147,-0.132789],[0.257426,0.0703508,0.963734]],"armWidth":61.4671,"confidence":0.235522,"direction":[-0.288133,0.409897,-0.865427],"elbow":[113.095,328.78,316.843],"grabStrength":0,"id":966,"palmNormal":[-0.402914,-0.871756,-0.27875],"palmPosition":[22.9712,330.149,22.6539],"palmVelocity":[9.09315,-9.5651,-90.4729],"palmWidth":87.7729,"pinchStrength":0.583731,"r":[[0.999769,0.0214929,0.0000476933],[-0.0214929,0.999761,0.0039779],[0.0000378146,-0.00397801,0.999992]],"s":0.993828,"sphereCenter":[17.1064,289.023,-13.317],"sphereRadius":50.7797,"stabilizedPalmPosition":[21.8024,332.053,30.9286],"t":[0.976198,-1.65471,-5.80346],"timeVisible":0.091912,"type":"right","wrist":[46.0471,310.456,65.8349]}],"id":4957385,"interactionBox":{"center":[0,200,0],"size":[235.247,235.247,147.751]},"pointables":[{"bases":[[[0.653716,0.751713,-0.0870839],[-0.406487,0.44588,0.79747],[0.638298,-0.48592,0.597041]],[[0.435578,0.861832,-0.259843],[-0.705395,0.506129,0.496237],[0.559187,-0.0328583,0.82839]],[[0.435578,0.861832,-0.259843],[-0.721708,0.506882,0.471389],[0.537967,-0.0177962,0.842778]],[[0.435578,0.861832,-0.259843],[-0.755817,0.506946,0.414422],[0.488888,0.0158802,0.872202]]],"btipPosition":[-36.7461,309.211,-10.0624],"carpPosition":[18.9112,307.402,77.2368],"dipPosition":[-25.7089,309.569,9.62854],"direction":[-0.537967,0.0177962,-0.842778],"extended":false,"handId":966,"id":9660,"length":50.2737,"mcpPosition":[18.9112,307.402,77.2368],"pipPosition":[-8.01511,308.984,37.3476],"stabilizedTipPosition":[-36.8725,314.537,3.04134],"timeVisible":0.091912,"tipPosition":[-34.3578,309.516,-5.40936],"tipVelocity":[25.1441,-45.1246,-95.121],"tool":false,"touchDistance":1,"touchZone":"none","type":0,"width":19.534},{"bases":[[[0.807989,-0.195743,-0.555732],[0.334685,0.928737,0.15948],[0.484911,-0.314853,0.815922]],[[0.899315,-0.264251,-0.348429],[0.262418,0.963476,-0.0533924],[0.349812,-0.0434174,0.935813]],[[0.899315,-0.264251,-0.348429],[0.230876,0.963588,-0.134887],[0.371386,0.040862,0.927579]],[[0.899315,-0.264251,-0.348429],[0.205829,0.958781,-0.19589],[0.385832,0.10445,0.916637]]],"btipPosition":[-33.6336,347.457,-63.1005],"carpPosition":[30.2955,325.988,70.3224],"dipPosition":[-27.2745,349.179,-47.9929],"direction":[-0.371386,-0.040862,-0.927579],"extended":true,"handId":966,"id":9661,"length":56.7283,"mcpPosition":[-4.11791,348.332,12.4177],"pipPosition":[-18.6153,350.132,-26.3656],"stabilizedTipPosition":[-32.7119,350.749,-51.4375],"timeVisible":0.091912,"tipPosition":[-32.2546,347.502,-59.5865],"tipVelocity":[0.632538,-22.7804,-88.87],"tool":false,"touchDistance":0.5028,"touchZone":"hovering","type":1,"width":18.6589},{"bases":[[[0.797101,-0.391921,-0.459379],[0.477032,0.875136,0.0811055],[0.370232,-0.283787,0.88453]],[[0.796793,-0.391686,-0.460111],[-0.15567,0.602691,-0.782643],[0.583855,0.69523,0.419247]],[[0.796793,-0.391686,-0.460111],[-0.600164,-0.42458,-0.67789],[0.0701658,0.816281,-0.573378]],[[0.796793,-0.391686,-0.460111],[-0.525173,-0.825505,-0.206724],[-0.298853,0.406354,-0.86346]]],"btipPosition":[-8.5078,282.408,15.9481],"carpPosition":[40.0635,325.392,63.5907],"dipPosition":[-13.9253,289.774,0.295651],"direction":[-0.0701658,-0.816281,0.573378],"extended":false,"handId":966,"id":9662,"length":64.6373,"mcpPosition":[15.1465,344.491,4.0607],"pipPosition":[-12.0006,312.165,-15.4327],"stabilizedTipPosition":[-13.4045,287.704,21.055],"timeVisible":0.091912,"tipPosition":[-9.75382,284.102,12.348],"tipVelocity":[33.9003,-26.9077,-95.0556],"tool":false,"touchDistance":0.333333,"touchZone":"none","type":2,"width":18.3255},{"bases":[[[0.804651,-0.49426,-0.329004],[0.544321,0.835406,0.0762332],[0.237173,-0.240425,0.941246]],[[0.812288,-0.502189,-0.296638],[0.057284,0.574821,-0.816272],[0.580437,0.646055,0.495687]],[[0.812288,-0.502189,-0.296638],[-0.52075,-0.395372,-0.756637],[0.262692,0.769082,-0.582671]],[[0.812288,-0.502189,-0.296638],[-0.575623,-0.77225,-0.268866],[-0.094057,0.389149,-0.916361]]],"btipPosition":[4.91215,280.872,11.3911],"carpPosition":[49.5847,321.755,57.5439],"dipPosition":[3.21692,287.886,-5.12482],"direction":[-0.262692,-0.769082,0.582671],"extended":false,"handId":966,"id":9663,"length":62.1505,"mcpPosition":[35.2535,336.282,0.668779],"pipPosition":[10.2367,308.437,-20.6953],"stabilizedTipPosition":[2.78318,285.701,21.5351],"timeVisible":0.091912,"tipPosition":[5.08247,282.685,8.83927],"tipVelocity":[17.6456,-22.6403,-136.113],"tool":false,"touchDistance":0.333333,"touchZone":"none","type":3,"width":17.4379},{"bases":[[[0.725621,-0.649958,-0.225897],[0.681648,0.723816,0.106989],[0.0939694,-0.231615,0.968258]],[[0.726516,-0.652222,-0.216287],[0.225612,0.523724,-0.82147],[0.649056,0.548014,0.527643]],[[0.726516,-0.652222,-0.216287],[-0.513833,-0.306671,-0.801205],[0.456234,0.693224,-0.557934]],[[0.726516,-0.652222,-0.216287],[-0.681947,-0.645711,-0.343519],[0.0843914,0.397069,-0.913901]]],"btipPosition":[19.8823,286.049,6.28001],"carpPosition":[57.2883,311.468,52.7145],"dipPosition":[21.2855,292.652,-8.91575],"direction":[-0.456234,-0.693224,0.557934],"extended":false,"handId":966,"id":9664,"length":48.7249,"mcpPosition":[52.0321,324.423,-1.44507],"pipPosition":[29.8934,305.731,-19.4425],"stabilizedTipPosition":[16.3514,289.398,10.5896],"timeVisible":0.091912,"tipPosition":[20.1119,287.57,2.47177],"tipVelocity":[34.8954,-9.00652,-88.1857],"tool":false,"touchDistance":0.333333,"touchZone":"none","type":4,"width":15.4897}],"r":[[0.999769,0.0214929,0.0000476933],[-0.0214929,0.999761,0.0039779],[0.0000378146,-0.00397801,0.999992]],"s":0.993828,"t":[0.976198,-1.65471,-5.80346],"timestamp":669248942342},false],[3,{"currentFrameRate":48.525,"devices":[],"gestures":[],"hands":[{"armBasis":[[0.947551,-0.228581,-0.223379],[0.19264,0.966166,-0.171504],[0.255024,0.119477,0.959525]],"armWidth":61.4671,"confidence":0.258266,"direction":[-0.299302,0.41148,-0.860873],"elbow":[112.657,339.874,311.2],"grabStrength":0,"id":966,"palmNormal":[-0.387772,-0.876821,-0.284285],"palmPosition":[22.6171,328.365,18.363],"palmVelocity":[-4.5454,-51.5502,-158.897],"palmWidth":87.7729,"pinchStrength":0.585022,"r":[[0.999476,0.032371,-0.000376022],[-0.0323673,0.999449,0.00741127],[0.000615725,-0.00739521,0.999972]],"s":0.992685,"sphereCenter":[17.5731,287.415,-18.0702],"sphereRadius":50.963,"stabilizedPalmPosition":[21.803,332.051,30.9195],"t":[0.902951,-2.68299,-9.21021],"timeVisible":0.110387,"type":"right","wrist":[46.2345,308.756,61.2882]}],"id":4957386,"interactionBox":{"center":[0,200,0],"size":[235.247,235.247,147.751]},"pointables":[{"bases":[[[0.639244,0.764455,-0.0835218],[-0.411403,0.431721,0.802723],[0.649704,-0.478774,0.590474]],[[0.418169,0.871949,-0.254637],[-0.711437,0.488675,0.505029],[0.564794,-0.0300291,0.824685]],[[0.418169,0.871949,-0.254637],[-0.729729,0.489401,0.477474],[0.540953,-0.0138489,0.840939]],[[0.418169,0.871949,-0.254637],[-0.767031,0.489117,0.415244],[0.486619,0.0216725,0.873346]]],"btipPosition":[-36.7665,306.515,-14.313],"carpPosition":[19.2078,305.103,72.7731],"dipPosition":[-25.7806,307.004,5.40376],"direction":[-0.540953,0.0138489,-0.840939],"extended":false,"handId":966,"id":9660,"length":50.2737,"mcpPosition":[19.2078,305.103,72.7731],"pipPosition":[-7.98856,306.549,33.0623],"stabilizedTipPosition":[-36.8478,314.463,2.92113],"timeVisible":0.110387,"tipPosition":[-34.3995,306.862,-9.64633],"tipVelocity":[12.1684,-92.982,-160.095],"tool":false,"touchDistance":0.898828,"touchZone":"hovering","type":0,"width":19.534},{"bases":[[[0.809179,-0.176116,-0.560546],[0.317999,0.933488,0.16576],[0.49407,-0.312383,0.811364]],[[0.902568,-0.244542,-0.35436],[0.247199,0.968199,-0.0385248],[0.352512,-0.0528261,0.934315]],[[0.902568,-0.244542,-0.35436],[0.215015,0.969073,-0.121102],[0.373015,0.0331104,0.927234]],[[0.902568,-0.244542,-0.35436],[0.189527,0.964674,-0.182984],[0.386589,0.0979949,0.917031]]],"btipPosition":[-34.5261,345.925,-67.0697],"carpPosition":[30.2153,323.953,65.9661],"dipPosition":[-28.1545,347.54,-51.9556],"direction":[-0.373015,-0.0331104,-0.927234],"extended":true,"handId":966,"id":9661,"length":56.7283,"mcpPosition":[-4.84802,346.123,8.38483],"pipPosition":[-19.4573,348.312,-30.3364],"stabilizedTipPosition":[-32.7124,350.742,-51.4546],"timeVisible":0.110387,"tipPosition":[-33.175,345.756,-63.5343],"tipVelocity":[-22.9107,-52.4587,-149.626],"tool":false,"touchDistance":0.426337,"touchZone":"hovering","type":1,"width":18.6589},{"bases":[[[0.802344,-0.37324,-0.465764],[0.460993,0.88319,0.0863803],[0.379117,-0.284021,0.880683]],[[0.802029,-0.373005,-0.466494],[-0.170108,0.606031,-0.777039],[0.572549,0.702563,0.422603]],[[0.802029,-0.373005,-0.466494],[-0.594966,-0.430169,-0.678948],[0.0525799,0.822084,-0.566933]],[[0.802029,-0.373005,-0.466494],[-0.510571,-0.833445,-0.211394],[-0.309946,0.407722,-0.858893]]],"btipPosition":[-7.9954,280.101,11.3914],"carpPosition":[39.9648,323.594,59.1907],"dipPosition":[-13.614,287.492,-4.17827],"direction":[-0.0525799,-0.822084,0.566933],"extended":false,"handId":966,"id":9662,"length":64.6373,"mcpPosition":[14.4497,342.709,-0.0803538],"pipPosition":[-12.1717,310.043,-19.7298],"stabilizedTipPosition":[-13.3822,287.672,20.9834],"timeVisible":0.110387,"tipPosition":[-9.28767,281.801,7.81036],"tipVelocity":[29.7165,-74.0241,-167.715],"tool":false,"touchDistance":0.333333,"touchZone":"none","type":2,"width":18.3255},{"bases":[[[0.812339,-0.476477,-0.336265],[0.528989,0.844763,0.080913],[0.245511,-0.243609,0.938285]],[[0.82021,-0.484477,-0.3042],[0.0441337,0.583765,-0.810722],[0.570358,0.651537,0.500192]],[[0.82021,-0.484477,-0.3042],[-0.515538,-0.39552,-0.760121],[0.247944,0.780285,-0.574176]],[[0.82021,-0.484477,-0.3042],[-0.562922,-0.778213,-0.278393],[-0.101858,0.399582,-0.911021]]],"btipPosition":[5.31951,278.771,6.58505],"carpPosition":[49.5268,320.185,53.0762],"dipPosition":[3.48369,285.973,-9.83465],"direction":[-0.247944,-0.780285,0.574176],"extended":false,"handId":966,"id":9663,"length":62.1505,"mcpPosition":[34.6917,334.905,-3.61991],"pipPosition":[10.1094,306.824,-25.1781],"stabilizedTipPosition":[2.78607,285.694,21.5096],"timeVisible":0.110387,"tipPosition":[5.46081,280.64,4.04031],"tipVelocity":[18.9261,-65.4687,-195.391],"tool":false,"touchDistance":0.333333,"touchZone":"none","type":3,"width":17.4379},{"bases":[[[0.736649,-0.634456,-0.234125],[0.668496,0.735506,0.110202],[0.102282,-0.237691,0.965941]],[[0.737579,-0.636665,-0.225022],[0.210101,0.533071,-0.819569],[0.641744,0.557219,0.526946]],[[0.737579,-0.636665,-0.225022],[-0.513533,-0.312479,-0.79915],[0.438476,0.704993,-0.557426]],[[0.737579,-0.636665,-0.225022],[-0.671608,-0.657042,-0.342401],[0.0701455,0.403675,-0.91221]]],"btipPosition":[20.3508,284.359,1.81304],"carpPosition":[57.4004,310.083,48.1318],"dipPosition":[21.5172,291.071,-13.3546],"direction":[-0.438476,-0.704993,0.557426],"extended":false,"handId":966,"id":9664,"length":48.7249,"mcpPosition":[51.6792,323.378,-5.89812],"pipPosition":[29.79,304.372,-23.8717],"stabilizedTipPosition":[16.3637,289.388,10.5542],"timeVisible":0.110387,"tipPosition":[20.5088,285.907,-2.03819],"tipVelocity":[28.8695,-48.1654,-162.145],"tool":false,"touchDistance":0.333333,"touchZone":"none","type":4,"width":15.4897}],"r":[[0.999476,0.032371,-0.000376022],[-0.0323673,0.999449,0.00741127],[0.000615725,-0.00739521,0.999972]],"s":0.992685,"t":[0.902951,-2.68299,-9.21021],"timestamp":669248960817},false],[4,{"currentFrameRate":48.9,"devices":[],"gestures":[],"hands":[{"armBasis":[[0.948235,-0.235564,-0.212978],[0.201146,0.964483,-0.171207],[0.245744,0.119505,0.96194]],"armWidth":61.4671,"confidence":0.320606,"direction":[-0.303398,0.398762,-0.865412],"elbow":[110.146,339.698,308.772],"grabStrength":0,"id":966,"palmNormal":[-0.390444,-0.880501,-0.268832],"palmPosition":[22.3182,327.56,15.1402],"palmVelocity":[-10.0539,-47.0509,-164.226],"palmWidth":87.7729,"pinchStrength":0.58892,"r":[[0.999166,0.0407932,-0.00185649],[-0.040779,0.999143,0.00715633],[0.00214683,-0.00707465,0.999973]],"s":0.993337,"sphereCenter":[17.2489,286.188,-20.8389],"sphereRadius":51.1969,"stabilizedPalmPosition":[21.8032,332.048,30.9111],"t":[0.716874,-3.59972,-12.525],"timeVisible":0.129375,"type":"right","wrist":[46.1409,308.572,58.2313]}],"id":4957387,"interactionBox":{"center":[0,200,0],"size":[235.247,235.247,147.751]},"pointables":[{"bases":[[[0.639784,0.762208,-0.0985675],[-0.406507,0.444444,0.798261],[0.652249,-0.470646,0.594191]],[[0.417933,0.867395,-0.270107],[-0.705526,0.497198,0.505001],[0.572332,-0.0204892,0.819766]],[[0.417933,0.867395,-0.270107],[-0.728469,0.49762,0.470857],[0.54283,-0.0000223144,0.839843]],[[0.417933,0.867395,-0.270107],[-0.773293,0.495703,0.395344],[0.476812,0.0436444,0.877921]]],"btipPosition":[-37.006,305.134,-17.0012],"carpPosition":[19.1717,305.132,69.9153],"dipPosition":[-26.2414,306.119,2.81887],"direction":[-0.54283,0.0000223144,-0.839843],"extended":false,"handId":966,"id":9660,"length":50.2737,"mcpPosition":[19.1717,305.132,69.9153],"pipPosition":[-8.38766,306.119,30.4414],"stabilizedTipPosition":[-36.8299,314.393,2.80258],"timeVisible":0.129375,"tipPosition":[-34.7373,305.632,-12.2772],"tipVelocity":[-1.34168,-80.0586,-150.367],"tool":false,"touchDistance":0.802312,"touchZone":"hovering","type":0,"width":19.534},{"bases":[[[0.805917,-0.18574,-0.562138],[0.320108,0.935457,0.149836],[0.498025,-0.3007,0.813357]],[[0.899839,-0.250745,-0.356954],[0.254368,0.966376,-0.0376082],[0.354382,-0.0569562,0.933365]],[[0.899839,-0.250745,-0.356954],[0.22215,0.967636,-0.119709],[0.375418,0.0284219,0.92642]],[[0.899839,-0.250745,-0.356954],[0.196564,0.963573,-0.181355],[0.389425,0.0930264,0.916348]]],"btipPosition":[-35.0353,345.367,-70.3442],"carpPosition":[30.167,323.862,62.7634],"dipPosition":[-28.617,346.9,-55.2414],"direction":[-0.375418,-0.0284219,-0.92642],"extended":true,"handId":966,"id":9661,"length":56.7283,"mcpPosition":[-5.17705,345.202,5.04068],"pipPosition":[-19.8638,347.562,-33.6411],"stabilizedTipPosition":[-32.7132,350.737,-51.4694],"timeVisible":0.129375,"tipPosition":[-33.7247,344.792,-66.7593],"tipVelocity":[-24.5555,-41.6059,-160.924],"tool":false,"touchDistance":0.36788,"touchZone":"hovering","type":1,"width":18.6589},{"bases":[[[0.799334,-0.381391,-0.464334],[0.462606,0.883759,0.0704636],[0.383485,-0.271128,0.882853]],[[0.799016,-0.381166,-0.465065],[-0.1735,0.594385,-0.785241],[0.575736,0.708109,0.408791]],[[0.799016,-0.381166,-0.465065],[-0.599177,-0.439612,-0.669125],[0.0505996,0.813298,-0.579643]],[[0.799016,-0.381166,-0.465065],[-0.512792,-0.835852,-0.195951],[-0.314036,0.39505,-0.863318]]],"btipPosition":[-8.39452,279.238,9.06775],"carpPosition":[39.8793,323.386,55.942],"dipPosition":[-14.0872,286.4,-6.58211],"direction":[-0.0505996,-0.813298,0.579643],"extended":false,"handId":966,"id":9662,"length":64.6373,"mcpPosition":[14.0703,341.633,-3.47507],"pipPosition":[-12.6992,308.709,-22.4823],"stabilizedTipPosition":[-13.368,287.646,20.9232],"timeVisible":0.129375,"tipPosition":[-9.70384,280.885,5.46828],"tipVelocity":[4.3131,-61.3347,-145.886],"tool":false,"touchDistance":0.333333,"touchZone":"none","type":2,"width":18.3255},{"bases":[[[0.809892,-0.482662,-0.333336],[0.530522,0.845159,0.0652165],[0.250244,-0.22966,0.94055]],[[0.817915,-0.490175,-0.301236],[0.0404269,0.57125,-0.81978],[0.573917,0.658332,0.48705]],[[0.817915,-0.490175,-0.301236],[-0.520132,-0.406182,-0.751318],[0.245921,0.771197,-0.587179]],[[0.817915,-0.490175,-0.301236],[-0.565513,-0.781296,-0.264143],[-0.105878,0.386399,-0.916234]]],"btipPosition":[4.88365,277.801,4.20863],"carpPosition":[49.4038,319.871,49.8289],"dipPosition":[2.97537,284.766,-12.305],"direction":[-0.245921,-0.771197,0.587179],"extended":false,"handId":966,"id":9663,"length":62.1505,"mcpPosition":[34.2828,333.748,-7.00414],"pipPosition":[9.54701,305.374,-27.9959],"stabilizedTipPosition":[2.78786,285.687,21.4868],"timeVisible":0.129375,"tipPosition":[5.00681,279.634,1.61207],"tipVelocity":[-2.11052,-59.7896,-161.395],"tool":false,"touchDistance":0.333333,"touchZone":"none","type":3,"width":17.4379},{"bases":[[[0.734546,-0.638964,-0.2284],[0.670041,0.736166,0.0954141],[0.107174,-0.223123,0.968881]],[[0.735487,-0.640959,-0.219616],[0.20508,0.519534,-0.829474],[0.645756,0.565028,0.513558]],[[0.735487,-0.640959,-0.219616],[-0.519351,-0.325166,-0.790279],[0.435125,0.695298,-0.572038]],[[0.735487,-0.640959,-0.219616],[-0.674485,-0.661897,-0.327052],[0.0642636,0.38867,-0.919133]]],"btipPosition":[19.9384,283.311,-0.639348],"carpPosition":[57.2374,309.684,44.9965],"dipPosition":[21.0069,289.774,-15.9221],"direction":[-0.435125,-0.695298,0.572038],"extended":false,"handId":966,"id":9664,"length":48.7249,"mcpPosition":[51.2427,322.164,-9.19794],"pipPosition":[29.2165,302.892,-26.7149],"stabilizedTipPosition":[16.3715,289.379,10.5245],"timeVisible":0.129375,"tipPosition":[20.067,284.798,-4.53307],"tipVelocity":[3.39683,-53.1023,-146.6],"tool":false,"touchDistance":0.333333,"touchZone":"none","type":4,"width":15.4897}],"r":[[0.999166,0.0407932,-0.00185649],[-0.040779,0.999143,0.00715633],[0.00214683,-0.00707465,0.999973]],"s":0.993337,"t":[0.716874,-3.59972,-12.525],"timestamp":669248979805},false],[5,{"currentFrameRate":49.4268,"devices":[],"gestures":[],"hands":[{"armBasis":[[0.944501,-0.24217,-0.221972],[0.204072,0.962033,-0.181239],[0.257435,0.125882,0.958061]],"armWidth":61.4671,"confidence":0.378485,"direction":[-0.309813,0.388968,-0.867594],"elbow":[113.418,341.35,305.816],"grabStrength":0,"id":966,"palmNormal":[-0.395118,-0.882639,-0.254619],"palmPosition":[22.224,327.087,13.1716],"palmVelocity":[-7.72491,-36.9847,-137.471],"palmWidth":87.7729,"pinchStrength":0.59414,"r":[[0.998885,0.0469669,-0.00486718],[-0.0469447,0.998887,0.00457842],[0.00507679,-0.00434483,0.999978]],"s":0.995211,"sphereCenter":[16.935,285.464,-22.4414],"sphereRadius":51.4016,"stabilizedPalmPosition":[21.8034,332.047,30.9051],"t":[0.576747,-4.29433,-15.1667],"timeVisible":0.147571,"type":"right","wrist":[46.3681,308.563,56.2855]}],"id":4957388,"interactionBox":{"center":[0,200,0],"size":[235.247,235.247,147.751]},"pointables":[{"bases":[[[0.640948,0.759156,-0.113438],[-0.398383,0.455327,0.796221],[0.656108,-0.465144,0.594276]],[[0.418223,0.862764,-0.284126],[-0.696974,0.505392,0.50873],[0.582509,-0.0147345,0.812691]],[[0.418223,0.862764,-0.284126],[-0.725623,0.505489,0.466853],[0.546407,0.0109195,0.837449]],[[0.418223,0.862764,-0.284126],[-0.779395,0.501492,0.375566],[0.466512,0.0643759,0.882169]]],"btipPosition":[-37.0608,304.238,-18.3498],"carpPosition":[19.492,305.341,68.2432],"dipPosition":[-26.5288,305.692,1.56613],"direction":[-0.546407,-0.0109195,-0.837449],"extended":false,"handId":966,"id":9660,"length":50.2737,"mcpPosition":[19.492,305.341,68.2432],"pipPosition":[-8.5574,306.051,29.1099],"stabilizedTipPosition":[-36.8172,314.336,2.70622],"timeVisible":0.147571,"tipPosition":[-34.9189,304.881,-13.5545],"tipVelocity":[-3.54309,-62.5093,-113.384],"tool":false,"touchDistance":0.735516,"touchZone":"hovering","type":0,"width":19.534},{"bases":[[[0.800516,-0.194863,-0.566748],[0.323902,0.936327,0.135568],[0.504244,-0.292095,0.812661]],[[0.895558,-0.257234,-0.363052],[0.263089,0.964166,-0.0341667],[0.358831,-0.0649167,0.931142]],[[0.895558,-0.257234,-0.363052],[0.231445,0.966186,-0.113657],[0.380012,0.0177597,0.924811]],[[0.895558,-0.257234,-0.363052],[0.206246,0.962987,-0.173548],[0.394257,0.0805445,0.915464]]],"btipPosition":[-35.5397,345.63,-72.1469],"carpPosition":[30.4752,323.951,60.7671],"dipPosition":[-29.0417,346.957,-57.0586],"direction":[-0.380012,-0.0177597,-0.924811],"extended":true,"handId":966,"id":9661,"length":56.7283,"mcpPosition":[-5.31027,344.681,3.09382],"pipPosition":[-20.1815,347.371,-35.4959],"stabilizedTipPosition":[-32.7139,350.735,-51.4784],"timeVisible":0.147571,"tipPosition":[-34.2653,344.666,-68.5144],"tipVelocity":[-25.5854,-16.0773,-131.48],"tool":false,"touchDistance":0.337335,"touchZone":"hovering","type":1,"width":18.6589},{"bases":[[[0.794256,-0.389281,-0.466495],[0.465568,0.883263,0.0556099],[0.39039,-0.261354,0.882774]],[[0.793932,-0.389065,-0.467227],[-0.178701,0.585197,-0.790956],[0.581152,0.711459,0.39508]],[[0.793932,-0.389065,-0.467227],[-0.606128,-0.446109,-0.65848],[0.0477574,0.805988,-0.590003]],[[0.793932,-0.389065,-0.467227],[-0.51671,-0.836758,-0.181239],[-0.320442,0.385312,-0.865362]]],"btipPosition":[-8.66963,278.781,7.95833],"carpPosition":[40.1267,323.365,53.8686],"dipPosition":[-14.4785,285.766,-7.7286],"direction":[-0.0477574,-0.805987,0.590003],"extended":false,"handId":966,"id":9662,"length":64.6373,"mcpPosition":[13.8529,340.955,-5.54323],"pipPosition":[-13.1684,307.875,-23.913],"stabilizedTipPosition":[-13.3593,287.627,20.8806],"timeVisible":0.147571,"tipPosition":[-10.0057,280.387,4.35034],"tipVelocity":[-5.66549,-45.1204,-105.568],"tool":false,"touchDistance":0.333333,"touchZone":"none","type":2,"width":18.3255},{"bases":[[[0.805676,-0.488968,-0.334359],[0.533331,0.844412,0.0502514],[0.257766,-0.218811,0.941105]],[[0.813951,-0.496103,-0.302268],[0.0347838,0.560999,-0.827085],[0.579892,0.662693,0.473882]],[[0.813951,-0.496103,-0.302268],[-0.527701,-0.413818,-0.741812],[0.242932,0.763306,-0.598622]],[[0.813951,-0.496103,-0.302268],[-0.569934,-0.782706,-0.250093],[-0.112515,0.375836,-0.91983]]],"btipPosition":[4.55573,277.237,3.00146],"carpPosition":[49.5884,319.749,47.7171],"dipPosition":[2.52782,284.011,-13.577],"direction":[-0.242932,-0.763306,0.598622],"extended":false,"handId":966,"id":9663,"length":62.1505,"mcpPosition":[34.0129,332.97,-9.14947],"pipPosition":[9.01958,304.408,-29.5737],"stabilizedTipPosition":[2.78893,285.681,21.4685],"timeVisible":0.147571,"tipPosition":[4.6562,279.039,0.365276],"tipVelocity":[-10.429,-47.2032,-116.405],"tool":false,"touchDistance":0.333333,"touchZone":"none","type":3,"width":17.4379},{"bases":[[[0.730824,-0.643761,-0.226865],[0.672815,0.73541,0.0805803],[0.114964,-0.211528,0.970587]],[[0.731833,-0.645646,-0.218086],[0.199267,0.508766,-0.837526],[0.6517,0.569472,0.500987]],[[0.731833,-0.645646,-0.218086],[-0.527055,-0.333363,-0.781718],[0.432011,0.68703,-0.584257]],[[0.731833,-0.645646,-0.218086],[-0.679068,-0.663965,-0.313078],[0.0573359,0.377216,-0.924349]]],"btipPosition":[19.5889,282.655,-2.04248],"carpPosition":[57.3525,309.482,42.9427],"dipPosition":[20.5422,288.927,-17.412],"direction":[-0.432011,-0.68703,0.584257],"extended":false,"handId":966,"id":9664,"length":48.7249,"mcpPosition":[50.922,321.313,-11.3471],"pipPosition":[28.6931,301.889,-28.4353],"stabilizedTipPosition":[16.3763,289.371,10.5018],"timeVisible":0.147571,"tipPosition":[19.688,284.094,-5.95407],"tipVelocity":[-8.0902,-46.1155,-113.948],"tool":false,"touchDistance":0.333333,"touchZone":"none","type":4,"width":15.4897}],"r":[[0.998885,0.0469669,-0.00486718],[-0.0469447,0.998887,0.00457842],[0.00507679,-0.00434483,0.999978]],"s":0.995211,"t":[0.576747,-4.29433,-15.1667],"timestamp":669248998001},false],[6,{"currentFrameRate":49.8119,"devices":[],"gestures":[],"hands":[{"armBasis":[[0.942674,-0.254581,-0.215766],[0.217224,0.95893,-0.182393],[0.253338,0.125067,0.959259]],"armWidth":61.4671,"confidence":0.401773,"direction":[-0.307861,0.380939,-0.871841],"elbow":[112.096,340.972,305.327],"grabStrength":0,"id":966,"palmNormal":[-0.402647,-0.882408,-0.243375],"palmPosition":[22.0594,326.594,12.1805],"palmVelocity":[-8.27063,-31.9096,-96.6503],"palmWidth":87.7729,"pinchStrength":0.599384,"r":[[0.998707,0.0502572,-0.00766457],[-0.0502577,0.998736,0.000119821],[0.0076609,0.000265537,0.999971]],"s":0.997187,"sphereCenter":[16.6202,284.623,-23.1014],"sphereRadius":51.6145,"stabilizedPalmPosition":[21.8034,332.045,30.9004],"t":[0.424376,-4.88826,-16.9831],"timeVisible":0.166171,"type":"right","wrist":[46.1128,308.397,55.4841]}],"id":4957389,"interactionBox":{"center":[0,200,0],"size":[235.247,235.247,147.751]},"pointables":[{"bases":[[[0.646943,0.752474,-0.12348],[-0.39354,0.468177,0.791161],[0.653139,-0.463242,0.599013]],[[0.425157,0.85573,-0.294904],[-0.689185,0.517273,0.507399],[0.586742,-0.0124812,0.809678]],[[0.425157,0.85573,-0.294904],[-0.723718,0.51707,0.457024],[0.543575,0.01912,0.839143]],[[0.425157,0.85573,-0.294904],[-0.784821,0.51084,0.350854],[0.450885,0.0822785,0.888782]]],"btipPosition":[-37.0824,303.655,-19.1377],"carpPosition":[19.2282,305.54,67.5153],"dipPosition":[-26.9032,305.512,0.927586],"direction":[-0.543575,-0.01912,-0.839143],"extended":false,"handId":966,"id":9660,"length":50.2737,"mcpPosition":[19.2282,305.54,67.5153],"pipPosition":[-9.02498,306.141,28.5271],"stabilizedTipPosition":[-36.8074,314.288,2.62518],"timeVisible":0.166171,"tipPosition":[-35.0876,304.426,-14.2714],"tipVelocity":[-4.50464,-44.9894,-78.0469],"tool":false,"touchDistance":0.683995,"touchZone":"hovering","type":0,"width":19.534},{"bases":[[[0.798103,-0.208238,-0.565393],[0.331702,0.935229,0.123775],[0.502997,-0.286327,0.815482]],[[0.892483,-0.268577,-0.362409],[0.275064,0.960801,-0.0346561],[0.357511,-0.0687556,0.931375]],[[0.892483,-0.268577,-0.362409],[0.243676,0.963168,-0.113706],[0.379599,0.0131698,0.925057]],[[0.892483,-0.268577,-0.362409],[0.218576,0.960292,-0.173389],[0.394587,0.0755329,0.915749]]],"btipPosition":[-35.5155,345.586,-73.3346],"carpPosition":[30.3519,323.968,59.7996],"dipPosition":[-29.0121,346.831,-58.2417],"direction":[-0.379599,-0.0131698,-0.925057],"extended":true,"handId":966,"id":9661,"length":56.7283,"mcpPosition":[-5.34499,344.288,1.92613],"pipPosition":[-20.1615,347.138,-36.6732],"stabilizedTipPosition":[-32.7143,350.734,-51.4833],"timeVisible":0.166171,"tipPosition":[-34.263,344.475,-69.6855],"tipVelocity":[-12.516,-9.92415,-98.6611],"tool":false,"touchDistance":0.317557,"touchZone":"hovering","type":1,"width":18.6589},{"bases":[[[0.790402,-0.40137,-0.462781],[0.472818,0.880047,0.0442805],[0.389496,-0.253811,0.885366]],[[0.790079,-0.40116,-0.463515],[-0.175049,0.577006,-0.797761],[0.58748,0.711432,0.385658]],[[0.790079,-0.40116,-0.463515],[-0.610667,-0.449099,-0.652224],[0.0534821,0.798362,-0.599798]],[[0.790079,-0.40116,-0.463515],[-0.523757,-0.834652,-0.170397],[-0.318517,0.377396,-0.869551]]],"btipPosition":[-9.23366,278.481,7.59407],"carpPosition":[39.9886,323.22,52.896],"dipPosition":[-15.0076,285.323,-8.16879],"direction":[-0.0534821,-0.798362,0.599798],"extended":false,"handId":966,"id":9662,"length":64.6373,"mcpPosition":[13.775,340.301,-6.69023],"pipPosition":[-13.5405,307.223,-24.6219],"stabilizedTipPosition":[-13.3532,287.611,20.8433],"timeVisible":0.166171,"tipPosition":[-10.5617,280.055,3.96861],"tipVelocity":[-17.4136,-31.9057,-64.3285],"tool":false,"touchDistance":0.333333,"touchZone":"none","type":2,"width":18.3255},{"bases":[[[0.801198,-0.499538,-0.329461],[0.540256,0.840582,0.0393047],[0.257305,-0.209484,0.943351]],[[0.809452,-0.506346,-0.297324],[0.03811,0.550589,-0.833906],[0.585948,0.663676,0.464972]],[[0.809452,-0.506346,-0.297324],[-0.53209,-0.418373,-0.7361],[0.248329,0.754041,-0.608075]],[[0.809452,-0.506346,-0.297324],[-0.576696,-0.780826,-0.240277],[-0.110494,0.365958,-0.924048]]],"btipPosition":[3.96543,276.76,2.63774],"carpPosition":[49.4119,319.452,46.7764],"dipPosition":[1.97395,283.355,-14.0168],"direction":[-0.248329,-0.754041,0.608075],"extended":false,"handId":966,"id":9663,"length":62.1505,"mcpPosition":[33.8642,332.11,-10.2258],"pipPosition":[8.60993,303.505,-30.2661],"stabilizedTipPosition":[2.78962,285.674,21.4467],"timeVisible":0.166171,"tipPosition":[4.07176,278.53,-0.0363651],"tipVelocity":[-20.5427,-37.825,-69.897],"tool":false,"touchDistance":0.333333,"touchZone":"none","type":3,"width":17.4379},{"bases":[[[0.72524,-0.652401,-0.219999],[0.67889,0.730821,0.0707705],[0.114609,-0.20068,0.97293]],[[0.726213,-0.654128,-0.211498],[0.202803,0.497798,-0.843249],[0.656876,0.569486,0.494166]],[[0.726213,-0.654128,-0.211498],[-0.530392,-0.33738,-0.777727],[0.437378,0.676972,-0.591954]],[[0.726213,-0.654128,-0.211498],[-0.684874,-0.661669,-0.305193],[0.0596939,0.366485,-0.928507]]],"btipPosition":[19.0247,281.999,-2.55241],"carpPosition":[57.0855,309.065,42.1168],"dipPosition":[20.0173,288.092,-17.991],"direction":[-0.437378,-0.676972,0.591954],"extended":false,"handId":966,"id":9664,"length":48.7249,"mcpPosition":[50.6748,320.29,-12.3041],"pipPosition":[28.2694,300.865,-29.1596],"stabilizedTipPosition":[16.3807,289.362,10.4767],"timeVisible":0.166171,"tipPosition":[19.1423,283.395,-6.44279],"tipVelocity":[-18.6406,-41.9274,-