{"sensorType":"Leap","data":[[0,{"currentFrameRate":52.9612,"devices":[],"gestures":[],"hands":[{"armBasis":[[0.80252,-0.570116,-0.175866],[0.527826,0.81585,-0.236193],[0.278138,0.0967232,0.955659]],"armWidth":61.4671,"confidence":0.612646,"direction":[0.107683,0.439493,-0.891768],"elbow":[81.2505,312.585,330.029],"grabStrength":0.104597,"id":962,"palmNormal":[-0.590425,-0.693403,-0.413027],"palmPosition":[6.07553,311.595,34.3086],"palmVelocity":[17.4342,144.59,-235.952],"palmWidth":87.7729,"pinchStrength":0.616882,"r":[[0.986986,-0.00520022,0.160725],[0.0389414,0.977458,-0.207508],[-0.156023,0.211066,0.964939]],"s":1.21887,"sphereCenter":[-6.19169,274.978,-2.25979],"sphereRadius":48.8341,"stabilizedPalmPosition":[5.57176,261.275,113.584],"t":[10.7383,-23.2241,-102.689],"timeVisible":19.6797,"type":"right","wrist":[8.80838,287.393,81.1236]}],"id":4952268,"interactionBox":{"center":[0,200,0],"size":[235.247,235.247,147.751]},"pointables":[{"bases":[[[0.870973,0.476189,0.121038],[-0.421714,0.598117,0.681479],[0.252118,-0.644593,0.721759]],[[0.671597,0.710997,-0.208425],[-0.584426,0.681265,0.440823],[0.455416,-0.174247,0.87306]],[[0.671597,0.710997,-0.208425],[-0.686826,0.702937,0.184796],[0.277899,0.0190434,0.960422]],[[0.671597,0.710997,-0.208425],[-0.71024,0.6979,0.0921651],[0.210989,0.086134,0.973686]]],"btipPosition":[-55.5279,300.24,-10.7637],"carpPosition":[-19.6949,294.421,84.8469],"dipPosition":[-50.7646,302.185,11.2184],"direction":[-0.277899,-0.0190434,-0.960422],"extended":false,"handId":962,"id":9620,"length":50.2737,"mcpPosition":[-19.6949,294.421,84.8469],"pipPosition":[-41.6245,302.811,42.8067],"stabilizedTipPosition":[-54.6423,255.619,57.1113],"timeVisible":19.6797,"tipPosition":[-54.7917,302.209,-5.50054],"tipVelocity":[10.0443,174.977,-229.402],"tool":false,"touchDistance":-0.820137,"touchZone":"hovering","type":0,"width":19.534},{"bases":[[[0.806601,-0.489101,-0.331926],[0.579718,0.764222,0.282653],[0.115419,-0.420412,0.899963]],[[0.814815,-0.544501,-0.198984],[0.519566,0.838155,-0.165974],[0.257152,0.0318532,0.965846]],[[0.814815,-0.544501,-0.198984],[0.480713,0.826457,-0.29306],[0.324023,0.143136,0.935158]],[[0.814815,-0.544501,-0.198984],[0.449345,0.810069,-0.376665],[0.366285,0.2175,0.904726]]],"btipPosition":[-33.6638,329.187,-58.6175],"carpPosition":[-1.22361,307.594,81.9946],"dipPosition":[-27.6269,332.772,-43.7063],"direction":[-0.324023,-0.143136,-0.935158],"extended":true,"handId":962,"id":9621,"length":56.7283,"mcpPosition":[-9.41472,337.429,18.1256],"pipPosition":[-20.072,336.109,-21.9023],"stabilizedTipPosition":[-33.5813,314.325,-38.4046],"timeVisible":19.6797,"tipPosition":[-32.9573,328.495,-54.6098],"tipVelocity":[25.6072,215.248,-236.582],"tool":false,"touchDistance":-0.850692,"touchZone":"hovering","type":1,"width":18.6589},{"bases":[[[0.704054,-0.66447,-0.250575],[0.710131,0.661116,0.242158],[0.00475267,-0.348433,0.937322]],[[0.704051,-0.664258,-0.251144],[0.277946,0.583188,-0.763307],[0.653497,0.467603,0.595222]],[[0.704051,-0.664258,-0.251144],[-0.598605,-0.364842,-0.713135],[0.382078,0.652419,-0.654496]],[[0.704051,-0.664258,-0.251144],[-0.704002,-0.699286,-0.124018],[-0.0932408,0.264121,-0.959972]]],"btipPosition":[-30.3551,282.364,22.6441],"carpPosition":[9.14045,303.34,78.0471],"dipPosition":[-32.0453,287.152,5.24212],"direction":[-0.382078,-0.652419,0.654496],"extended":false,"handId":962,"id":9622,"length":64.6373,"mcpPosition":[8.82059,326.79,14.9642],"pipPosition":[-21.5645,305.049,-12.7114],"stabilizedTipPosition":[-26.3736,232.632,95.5257],"timeVisible":19.6797,"tipPosition":[-30.4113,283.448,19.4227],"tipVelocity":[-1.79985,167.431,-240.392],"tool":false,"touchDistance":0.333333,"touchZone":"none","type":2,"width":18.3255},{"bases":[[[0.64153,-0.756437,-0.127447],[0.758407,0.600509,0.253393],[-0.115143,-0.259216,0.958931]],[[0.642205,-0.754878,-0.133161],[0.367607,0.455739,-0.810658],[0.672635,0.471658,0.570176]],[[0.642205,-0.754878,-0.133161],[-0.602051,-0.389207,-0.697175],[0.474455,0.527899,-0.704425]],[[0.642205,-0.754878,-0.133161],[-0.766483,-0.634384,-0.100303],[-0.00875842,0.166481,-0.986006]]],"btipPosition":[-16.4977,274.582,28.6377],"carpPosition":[18.0561,296.354,74.5607],"dipPosition":[-16.6555,277.582,10.8666],"direction":[-0.474455,-0.527899,0.704425],"extended":false,"handId":962,"id":9623,"length":62.1505,"mcpPosition":[25.0136,312.018,16.6171],"pipPosition":[-3.97689,291.689,-7.95749],"stabilizedTipPosition":[-14.804,237.765,76.0926],"timeVisible":19.6797,"tipPosition":[-16.3883,275.29,25.1248],"tipVelocity":[-4.82343,158.274,-244.259],"tool":false,"touchDistance":0.333333,"touchZone":"none","type":3,"width":17.4379},{"bases":[[[0.489703,-0.870108,-0.0557083],[0.835784,0.450269,0.314203],[-0.248307,-0.200426,0.94772]],[[0.449706,-0.889697,0.0787574],[0.533176,0.196661,-0.822829],[0.71658,0.412023,0.562805]],[[0.449706,-0.889697,0.0787574],[-0.617959,-0.373591,-0.691778],[0.644896,0.262428,-0.717802]],[[0.449706,-0.889697,0.0787574],[-0.882455,-0.456199,-0.114698],[0.137975,-0.0179197,-0.990274]]],"btipPosition":[-2.28898,276.321,29.2778],"carpPosition":[22.7254,283.818,71.4767],"dipPosition":[0.00518249,276.023,12.8121],"direction":[-0.644896,-0.262428,0.717802],"extended":false,"handId":962,"id":9624,"length":48.7249,"mcpPosition":[36.6145,295.028,18.4659],"pipPosition":[12.1726,280.975,-0.730828],"stabilizedTipPosition":[1.23848,230.195,94.1582],"timeVisible":19.6797,"tipPosition":[-1.62569,276.281,25.3194],"tipVelocity":[-2.88455,149.704,-240.417],"tool":false,"touchDistance":0.333333,"touchZone":"none","type":4,"width":15.4897}],"r":[[0.986986,-0.00520022,0.160725],[0.0389414,0.977458,-0.207508],[-0.156023,0.211066,0.964939]],"s":1.21887,"t":[10.7383,-23.2241,-102.689],"timestamp":669152348714},false],[1,{"currentFrameRate":52.9925,"devices":[],"gestures":[],"hands":[{"armBasis":[[0.81619,-0.550552,-0.175287],[0.504098,0.826791,-0.249604],[0.282345,0.115363,0.952351]],"armWidth":61.4671,"confidence":0.618547,"direction":[0.107525,0.463079,-0.87977],"elbow":[82.2729,319.512,325.168],"grabStrength":0.0927534,"id":962,"palmNormal":[-0.574782,-0.693073,-0.435059],"palmPosition":[5.97576,314.762,30.8934],"palmVelocity":[6.33509,156.409,-209.668],"palmWidth":87.7729,"pinchStrength":0.6222,"r":[[0.986814,-0.0104119,0.161521],[0.0425729,0.979487,-0.19696],[-0.156157,0.201239,0.967015]],"s":1.22036,"sphereCenter":[-5.46298,279.033,-6.65195],"sphereRadius":48.7697,"stabilizedPalmPosition":[5.5837,262.856,111.14],"t":[10.8565,-20.2765,-106.626],"timeVisible":19.6984,"type":"right","wrist":[8.73497,289.466,77.125]}],"id":4952269,"interactionBox":{"center":[0,200,0],"size":[235.247,235.247,147.751]},"pointables":[{"bases":[[[0.861511,0.487958,0.140338],[-0.437771,0.573841,0.692143],[0.257205,-0.657725,0.707985]],[[0.660585,0.72751,-0.185352],[-0.600197,0.660075,0.451735],[0.450988,-0.187162,0.872686]],[[0.660585,0.72751,-0.185352],[-0.701487,0.686092,0.192858],[0.267475,0.00262311,0.963561]],[[0.660585,0.72751,-0.185352],[-0.724245,0.68256,0.0978882],[0.197729,0.0695768,0.977784]]],"btipPosition":[-54.8941,303.264,-15.0215],"carpPosition":[-19.9166,295.909,80.7669],"dipPosition":[-50.4301,304.835,7.05314],"direction":[-0.267475,-0.00262311,-0.963561],"extended":false,"handId":962,"id":9620,"length":50.2737,"mcpPosition":[-19.9166,295.909,80.7669],"pipPosition":[-41.6329,304.922,38.7448],"stabilizedTipPosition":[-54.6014,258.153,53.5722],"timeVisible":19.6984,"tipPosition":[-54.276,305.101,-9.70487],"tipVelocity":[19.8369,166.038,-227.669],"tool":false,"touchDistance":-0.830003,"touchZone":"hovering","type":0,"width":19.534},{"bases":[[[0.817749,-0.466861,-0.336641],[0.563942,0.766883,0.306366],[0.115134,-0.440376,0.8904]],[[0.825811,-0.524771,-0.206523],[0.507458,0.851224,-0.133802],[0.246013,0.00569356,0.96925]],[[0.825811,-0.524771,-0.206523],[0.470454,0.84299,-0.260846],[0.310981,0.11825,0.943031]],[[0.825811,-0.524771,-0.206523],[0.440417,0.82885,-0.345023],[0.352234,0.193968,0.915591]]],"btipPosition":[-33.0764,334.527,-62.0364],"carpPosition":[-1.65374,309.464,78.4009],"dipPosition":[-27.271,337.723,-46.946],"direction":[-0.310981,-0.11825,-0.943031],"extended":true,"handId":962,"id":9621,"length":56.7283,"mcpPosition":[-9.82464,340.716,15.2105],"pipPosition":[-20.0202,340.481,-24.9585],"stabilizedTipPosition":[-33.0906,319.907,-43.7802],"timeVisible":19.6984,"tipPosition":[-32.3955,333.702,-58.0485],"tipVelocity":[27.0072,246.778,-209.012],"tool":false,"touchDistance":-0.844621,"touchZone":"hovering","type":1,"width":18.6589},{"bases":[[[0.717586,-0.645914,-0.260512],[0.696464,0.66706,0.264516],[0.0029225,-0.37125,0.928528]],[[0.717585,-0.645817,-0.260755],[0.275251,0.606884,-0.745606],[0.639773,0.463263,0.613253]],[[0.717585,-0.645817,-0.260755],[-0.585424,-0.356484,-0.728147],[0.377295,0.675159,-0.633884]],[[0.717585,-0.645817,-0.260755],[-0.690805,-0.70764,-0.148437],[-0.0886571,0.286647,-0.953925]]],"btipPosition":[-29.8706,285.217,18.1178],"carpPosition":[8.81557,305.488,74.4424],"dipPosition":[-31.4777,290.413,0.825404],"direction":[-0.377295,-0.675159,0.633884],"extended":false,"handId":962,"id":9622,"length":64.6373,"mcpPosition":[8.61888,330.473,11.9513],"pipPosition":[-21.1281,308.933,-16.5627],"stabilizedTipPosition":[-26.5229,234.709,92.3836],"timeVisible":19.6984,"tipPosition":[-29.9175,286.377,14.9215],"tipVelocity":[12.1759,162.38,-240.18],"tool":false,"touchDistance":0.333333,"touchZone":"none","type":2,"width":18.3255},{"bases":[[[0.655636,-0.741942,-0.140226],[0.745691,0.607033,0.274692],[-0.118684,-0.284664,0.951252]],[[0.656305,-0.7403,-0.14567],[0.367848,0.482524,-0.794895],[0.65875,0.468109,0.589001]],[[0.656305,-0.7403,-0.14567],[-0.588247,-0.381163,-0.713218],[0.472471,0.553779,-0.685638]],[[0.656305,-0.7403,-0.14567],[-0.754493,-0.644495,-0.123963],[-0.00211359,0.191265,-0.981536]]],"btipPosition":[-15.9278,277.523,24.0123],"carpPosition":[17.8803,298.744,70.8652],"dipPosition":[-15.9659,280.971,6.32166],"direction":[-0.472471,-0.553779,0.685638],"extended":false,"handId":962,"id":9623,"length":62.1505,"mcpPosition":[25.0518,315.945,13.3855],"pipPosition":[-3.34022,295.769,-12.0004],"stabilizedTipPosition":[-14.8369,238.941,74.4629],"timeVisible":19.6984,"tipPosition":[-15.7942,278.319,20.5327],"tipVelocity":[13.0666,160.237,-244.912],"tool":false,"touchDistance":0.333333,"touchZone":"none","type":3,"width":17.4379},{"bases":[[[0.505211,-0.859934,-0.0726331],[0.825154,0.456694,0.332493],[-0.252751,-0.227912,0.940305]],[[0.464551,-0.88347,0.0606021],[0.536247,0.226191,-0.81319],[0.704721,0.410266,0.578835]],[[0.464551,-0.88347,0.0606021],[-0.605678,-0.366914,-0.706065],[0.646023,0.291298,-0.705549]],[[0.464551,-0.88347,0.0606021],[-0.873354,-0.468398,-0.133628],[0.146442,0.00914994,-0.989177]]],"btipPosition":[-1.7306,279.475,24.9366],"carpPosition":[22.7928,286.369,67.5169],"dipPosition":[0.704351,279.627,8.48922],"direction":[-0.646023,-0.291298,0.705549],"extended":false,"handId":962,"id":9624,"length":48.7249,"mcpPosition":[36.9304,299.117,14.9209],"pipPosition":[12.8931,285.123,-4.82256],"stabilizedTipPosition":[1.16996,231.598,92.0818],"timeVisible":19.6984,"tipPosition":[-1.03616,279.547,20.9835],"tipVelocity":[13.8855,161.379,-235.924],"tool":false,"touchDistance":0.333333,"touchZone":"none","type":4,"width":15.4897}],"r":[[0.986814,-0.0104119,0.161521],[0.0425729,0.979487,-0.19696],[-0.156157,0.201239,0.967015]],"s":1.22036,"t":[10.8565,-20.2765,-106.626],"timestamp":669152367472},false],[2,{"currentFrameRate":53.0372,"devices":[],"gestures":[],"hands":[{"armBasis":[[0.823762,-0.53715,-0.181341],[0.493484,0.836826,-0.237057],[0.279087,0.10579,0.954421]],"armWidth":61.4671,"confidence":0.620069,"direction":[0.104804,0.477122,-0.872566],"elbow":[81.2257,320.67,320.015],"grabStrength":0.079286,"id":962,"palmNormal":[-0.563676,-0.694351,-0.447377],"palmPosition":[5.62222,319.038,25.5577],"palmVelocity":[-5.95106,191.619,-246.53],"palmWidth":87.7729,"pinchStrength":0.628228,"r":[[0.986563,-0.0124118,0.162906],[0.0430051,0.981675,-0.185646],[-0.157617,0.190157,0.969019]],"s":1.22132,"sphereCenter":[-5.29067,283.856,-12.5587],"sphereRadius":48.7184,"stabilizedPalmPosition":[5.58504,264.815,108.156],"t":[10.7388,-16.6644,-111.263],"timeVisible":19.7171,"type":"right","wrist":[8.53652,293.117,71.4322]}],"id":4952270,"interactionBox":{"center":[0,200,0],"size":[235.247,235.247,147.751]},"pointables":[{"bases":[[[0.85431,0.497364,0.150941],[-0.448201,0.557887,0.698482],[0.263191,-0.664373,0.699528]],[[0.651169,0.739076,-0.17247],[-0.611283,0.645446,0.457966],[0.449791,-0.192785,0.872079]],[[0.651169,0.739076,-0.17247],[-0.712585,0.673604,0.196161],[0.261154,-0.00483468,0.965285]],[[0.651169,0.739076,-0.17247],[-0.735198,0.670688,0.0982887],[0.188316,0.0627968,0.980099]]],"btipPosition":[-54.7128,307.148,-20.8217],"carpPosition":[-20.2133,299.123,75.0464],"dipPosition":[-50.4614,308.565,1.30512],"direction":[-0.261154,0.00483468,-0.965285],"extended":false,"handId":962,"id":9620,"length":50.2737,"mcpPosition":[-20.2133,299.123,75.0464],"pipPosition":[-41.872,308.406,33.0534],"stabilizedTipPosition":[-54.5575,260.65,50.0624],"timeVisible":19.7171,"tipPosition":[-54.1931,308.909,-15.4735],"tipVelocity":[13.6298,185.409,-267.555],"tool":false,"touchDistance":-0.86216,"touchZone":"hovering","type":0,"width":19.534},{"bases":[[[0.825285,-0.450974,-0.339892],[0.55236,0.769858,0.319714],[0.117486,-0.451598,0.884453]],[[0.833606,-0.510063,-0.211984],[0.497899,0.860044,-0.111446],[0.23916,-0.0126447,0.970898]],[[0.833606,-0.510063,-0.211984],[0.462345,0.854311,-0.237464],[0.302222,0.0999412,0.947984]],[[0.833606,-0.510063,-0.211984],[0.433396,0.841915,-0.321477],[0.342446,0.176112,0.922884]]],"btipPosition":[-33.065,340.294,-67.3672],"carpPosition":[-2.12497,312.954,72.9518],"dipPosition":[-27.4209,343.197,-52.1567],"direction":[-0.302222,-0.0999412,-0.947984],"extended":true,"handId":962,"id":9621,"length":56.7283,"mcpPosition":[-10.4628,345.003,10.1836],"pipPosition":[-20.3744,345.527,-30.0537],"stabilizedTipPosition":[-32.7172,325.847,-49.4474],"timeVisible":19.7171,"tipPosition":[-32.4105,339.353,-63.3885],"tipVelocity":[13.1952,275.063,-245.351],"tool":false,"touchDistance":-0.86804,"touchZone":"hovering","type":1,"width":18.6589},{"bases":[[[0.727234,-0.63243,-0.266764],[0.686377,0.672431,0.276989],[0.00420429,-0.384537,0.9231]],[[0.727234,-0.632449,-0.266721],[0.270999,0.621576,-0.734985],[0.630627,0.462225,0.623424]],[[0.727234,-0.632449,-0.266721],[-0.577027,-0.352881,-0.736556],[0.371713,0.689553,-0.621567]],[[0.727234,-0.632449,-0.266721],[-0.68076,-0.714254,-0.162501],[-0.0877328,0.299749,-0.949976]]],"btipPosition":[-29.7983,289.215,12.1388],"carpPosition":[8.41254,309.175,68.9805],"dipPosition":[-31.3887,294.648,-5.082],"direction":[-0.371713,-0.689553,0.621567],"extended":false,"handId":962,"id":9622,"length":64.6373,"mcpPosition":[8.12958,335.055,6.85467],"pipPosition":[-21.1922,313.564,-22.1322],"stabilizedTipPosition":[-26.6641,236.871,89.1173],"timeVisible":19.7171,"tipPosition":[-29.8479,290.419,8.95569],"tipVelocity":[8.23261,188.857,-278.514],"tool":false,"touchDistance":0.333333,"touchZone":"none","type":2,"width":18.3255},{"bases":[[[0.666101,-0.731004,-0.148131],[0.736365,0.612927,0.286507],[-0.118644,-0.299921,0.946557]],[[0.666749,-0.729328,-0.153383],[0.372047,0.504045,-0.779435],[0.645776,0.462622,0.607416]],[[0.666749,-0.729328,-0.153383],[-0.574688,-0.372086,-0.728894],[0.474531,0.574136,-0.667224]],[[0.666749,-0.729328,-0.153383],[-0.745266,-0.651101,-0.143688],[0.00492805,0.210115,-0.977664]]],"btipPosition":[-15.852,281.66,17.4199],"carpPosition":[17.5813,302.606,65.3447],"dipPosition":[-15.7631,285.447,-0.200951],"direction":[-0.474531,-0.574136,0.667224],"extended":false,"handId":962,"id":9623,"length":62.1505,"mcpPosition":[24.7504,320.729,8.14869],"pipPosition":[-3.08246,300.79,-18.0309],"stabilizedTipPosition":[-14.8663,240.23,72.6572],"timeVisible":19.7171,"tipPosition":[-15.671,282.51,14.1197],"tipVelocity":[9.44099,191.982,-296.922],"tool":false,"touchDistance":0.333333,"touchZone":"none","type":3,"width":17.4379},{"bases":[[[0.517005,-0.851961,-0.0828715],[0.81761,0.462847,0.342473],[-0.253417,-0.244817,0.935866]],[[0.476242,-0.877918,0.0495277],[0.536578,0.245529,-0.807341],[0.696619,0.411065,0.588003]],[[0.476242,-0.877918,0.0495277],[-0.59758,-0.364458,-0.714191],[0.645052,0.310531,-0.698197]],[[0.476242,-0.877918,0.0495277],[-0.866345,-0.478111,-0.144416],[0.150465,0.0258689,-0.988277]]],"btipPosition":[-1.58543,283.731,19.0411],"carpPosition":[22.6729,290.347,61.8395],"dipPosition":[0.916412,284.161,2.60863],"direction":[-0.645052,-0.310531,0.698197],"extended":false,"handId":962,"id":9624,"length":48.7249,"mcpPosition":[36.8478,304.041,9.49177],"pipPosition":[13.0868,290.02,-10.5644],"stabilizedTipPosition":[1.10085,233.254,89.6464],"timeVisible":19.7171,"tipPosition":[-0.878553,283.873,15.1043],"tipVelocity":[11.3078,195.299,-274.496],"tool":false,"touchDistance":0.333333,"touchZone":"none","type":4,"width":15.4897}],"r":[[0.986563,-0.0124118,0.162906],[0.0430051,0.981675,-0.185646],[-0.157617,0.190157,0.969019]],"s":1.22132,"t":[10.7388,-16.6644,-111.263],"timestamp":669152386166},false],[3,{"currentFrameRate":53.0373,"devices":[],"gestures":[],"hands":[{"armBasis":[[0.819148,-0.547062,-0.172395],[0.506738,0.831038,-0.229331],[0.268725,0.100497,0.95796]],"armWidth":61.4671,"confidence":0.62642,"direction":[0.102609,0.469549,-0.876923],"elbow":[79.3369,322.3,317.35],"grabStrength":0.0627256,"id":962,"palmNormal":[-0.575663,-0.69092,-0.437312],"palmPosition":[6.32736,321.747,21.8099],"palmVelocity":[15.2718,168.144,-223.155],"palmWidth":87.7729,"pinchStrength":0.635947,"r":[[0.986613,-0.016095,0.162285],[0.0453295,0.982969,-0.178093],[-0.156655,0.183065,0.970539]],"s":1.22211,"sphereCenter":[-5.46367,286.631,-15.9572],"sphereRadius":48.6488,"stabilizedPalmPosition":[5.61325,266.978,104.876],"t":[11.0326,-13.504,-115.455],"timeVisible":19.736,"type":"right","wrist":[9.34645,296.125,67.8456]}],"id":4952271,"interactionBox":{"center":[0,200,0],"size":[235.247,235.247,147.751]},"pointables":[{"bases":[[[0.861345,0.48841,0.139786],[-0.435468,0.568123,0.698286],[0.261635,-0.662338,0.702037]],[[0.657662,0.730455,-0.184162],[-0.600232,0.65584,0.457816],[0.455195,-0.190548,0.869764]],[[0.657662,0.730455,-0.184162],[-0.704473,0.682955,0.193105],[0.266829,0.00273926,0.96374]],[[0.657662,0.730455,-0.184162],[-0.728001,0.679119,0.0938701],[0.193636,0.0723353,0.978403]]],"btipPosition":[-54.3648,309.946,-23.9995],"carpPosition":[-19.2984,302.494,71.6681],"dipPosition":[-49.9932,311.579,-1.91089],"direction":[-0.266829,-0.00273926,-0.96374],"extended":false,"handId":962,"id":9620,"length":50.2737,"mcpPosition":[-19.2984,302.494,71.6681],"pipPosition":[-41.2172,311.669,29.7866],"stabilizedTipPosition":[-54.4939,263.289,46.3978],"timeVisible":19.736,"tipPosition":[-53.8227,311.743,-18.6669],"tipVelocity":[16.7109,168.581,-219.312],"tool":false,"touchDistance":-0.852076,"touchZone":"hovering","type":0,"width":19.534},{"bases":[[[0.816935,-0.463042,-0.343814],[0.564094,0.765631,0.309204],[0.12006,-0.446543,0.886671]],[[0.825695,-0.520755,-0.216892],[0.508796,0.853525,-0.112346],[0.243627,-0.0175902,0.969709]],[[0.825695,-0.520755,-0.216892],[0.473208,0.84869,-0.236218],[0.307086,0.0924093,0.947185]],[[0.825695,-0.520755,-0.216892],[0.444153,0.837172,-0.319173],[0.347786,0.167206,0.922544]]],"btipPosition":[-32.5788,343.605,-71.0895],"carpPosition":[-1.06958,316.096,69.3135],"dipPosition":[-26.8468,346.361,-55.8846],"direction":[-0.307086,-0.0924093,-0.947185],"extended":true,"handId":962,"id":9621,"length":56.7283,"mcpPosition":[-9.59007,347.786,6.38788],"pipPosition":[-19.6868,348.515,-33.8002],"stabilizedTipPosition":[-32.306,331.038,-54.5684],"timeVisible":19.736,"tipPosition":[-31.9453,342.589,-67.0993],"tipVelocity":[19.8842,225.494,-221.922],"tool":false,"touchDistance":-0.865423,"touchZone":"hovering","type":1,"width":18.6589},{"bases":[[[0.717431,-0.642806,-0.268501],[0.696585,0.666336,0.266018],[0.0079138,-0.377883,0.925819]],[[0.717435,-0.642985,-0.268062],[0.273411,0.613821,-0.740588],[0.640729,0.458032,0.616176]],[[0.717435,-0.642985,-0.268062],[-0.586512,-0.349888,-0.730467],[0.375888,0.681284,-0.628141]],[[0.717435,-0.642985,-0.268062],[-0.690637,-0.706846,-0.152932],[-0.0911459,0.294852,-0.951186]]],"btipPosition":[-29.5952,292.268,8.79211],"carpPosition":[9.38762,312.166,65.2775],"dipPosition":[-31.2474,297.613,-8.45059],"direction":[-0.375888,-0.681284,0.628141],"extended":false,"handId":962,"id":9622,"length":64.6373,"mcpPosition":[8.85501,337.598,2.96873],"pipPosition":[-20.9365,316.301,-25.6811],"stabilizedTipPosition":[-26.8069,239.314,85.4818],"timeVisible":19.736,"tipPosition":[-29.6561,293.446,5.60959],"tipVelocity":[9.10585,175.152,-229.195],"tool":false,"touchDistance":0.333333,"touchZone":"none","type":2,"width":18.3255},{"bases":[[[0.656209,-0.739799,-0.148617],[0.745959,0.606322,0.275533],[-0.113729,-0.291669,0.949734]],[[0.656815,-0.73821,-0.153752],[0.377112,0.498152,-0.780789],[0.652978,0.454852,0.605581]],[[0.656815,-0.73821,-0.153752],[-0.580891,-0.365344,-0.727386],[0.480791,0.567071,-0.668783]],[[0.656815,-0.73821,-0.153752],[-0.754044,-0.642104,-0.138272],[0.00334899,0.206755,-0.978387]]],"btipPosition":[-15.7328,284.604,13.6266],"carpPosition":[18.4467,305.463,61.6096],"dipPosition":[-15.6725,288.33,-4.00725],"direction":[-0.480791,-0.567071,0.668783],"extended":false,"handId":962,"id":9623,"length":62.1505,"mcpPosition":[25.3188,323.088,4.22165],"pipPosition":[-2.82449,303.484,-21.8788],"stabilizedTipPosition":[-14.8933,241.666,70.6535],"timeVisible":19.736,"tipPosition":[-15.5422,285.43,10.4245],"tipVelocity":[7.74293,174.057,-250.135],"tool":false,"touchDistance":0.333333,"touchZone":"none","type":3,"width":17.4379},{"bases":[[[0.506301,-0.858529,-0.0811661],[0.825945,0.455709,0.33188],[-0.24794,-0.23507,0.939823]],[[0.466614,-0.882979,0.0511762],[0.533456,0.234811,-0.812581],[0.705476,0.406462,0.580597]],[[0.466614,-0.882979,0.0511762],[-0.606717,-0.36165,-0.707887],[0.643557,0.299261,-0.704469]],[[0.466614,-0.882979,0.0511762],[-0.872804,-0.469056,-0.134906],[0.143123,0.0182821,-0.989536]]],"btipPosition":[-1.35241,286.455,15.5218],"carpPosition":[23.3641,293.121,58.1497],"dipPosition":[1.02735,286.759,-0.931538],"direction":[-0.643557,-0.299261,0.704469],"extended":false,"handId":962,"id":9624,"length":48.7249,"mcpPosition":[37.2326,306.27,5.58063],"pipPosition":[13.1695,292.406,-14.223],"stabilizedTipPosition":[1.03455,235.107,86.9362],"timeVisible":19.736,"tipPosition":[-0.679622,286.573,11.6216],"tipVelocity":[11.0934,169.68,-231.619],"tool":false,"touchDistance":0.333333,"touchZone":"none","type":4,"width":15.4897}],"r":[[0.986613,-0.016095,0.162285],[0.0453295,0.982969,-0.178093],[-0.156655,0.183065,0.970539]],"s":1.22211,"t":[11.0326,-13.504,-115.455],"timestamp":669152405020},false],[4,{"currentFrameRate":53.0337,"devices":[],"gestures":[],"hands":[{"armBasis":[[0.802398,-0.574441,-0.161788],[0.534381,0.812277,-0.233759],[0.265697,0.101112,0.958739]],"armWidth":61.4671,"confidence":0.543702,"direction":[0.113297,0.455093,-0.883207],"elbow":[78.3259,324.335,314.946],"grabStrength":0.0433687,"id":962,"palmNormal":[-0.599434,-0.677613,-0.42605],"palmPosition":[6.7013,323.13,18.8976],"palmVelocity":[17.4984,121.677,-189.45],"palmWidth":87.7729,"pinchStrength":0.645764,"r":[[0.986649,-0.024919,0.160943],[0.0533063,0.983202,-0.174561],[-0.15389,0.180809,0.971404]],"s":1.22297,"sphereCenter":[-6.54171,288.245,-18.3541],"sphereRadius":48.5383,"stabilizedPalmPosition":[5.64992,268.87,101.978],"t":[11.3664,-11.2325,-119.008],"timeVisible":19.7548,"type":"right","wrist":[9.12403,298,65.2385]}],"id":4952272,"interactionBox":{"center":[0,200,0],"size":[235.247,235.247,147.751]},"pointables":[{"bases":[[[0.877104,0.462416,0.129848],[-0.413831,0.590357,0.692981],[0.243789,-0.661551,0.709166]],[[0.679438,0.706932,-0.196497],[-0.577253,0.680327,0.451591],[0.452926,-0.193399,0.870319]],[[0.679438,0.706932,-0.196497],[-0.683285,0.707199,0.181637],[0.267367,0.0108529,0.963534]],[[0.679438,0.706932,-0.196497],[-0.708096,0.701921,0.0768575],[0.192259,0.0869191,0.977487]]],"btipPosition":[-54.2289,312.318,-26.5607],"carpPosition":[-19.2851,305.325,69.1061],"dipPosition":[-49.8885,314.28,-4.49282],"direction":[-0.267367,-0.0108529,-0.963534],"extended":false,"handId":962,"id":9620,"length":50.2737,"mcpPosition":[-19.2851,305.325,69.1061],"pipPosition":[-41.0947,314.637,27.1979],"stabilizedTipPosition":[-54.4212,266.136,42.4924],"timeVisible":19.7548,"tipPosition":[-53.7092,314.192,-21.2423],"tipVelocity":[11.867,149.553,-178.499],"tool":false,"touchDistance":-0.833692,"touchZone":"hovering","type":0,"width":19.534},{"bases":[[[0.800139,-0.493082,-0.341536],[0.589635,0.751055,0.297064],[0.110035,-0.439074,0.891687]],[[0.807669,-0.548862,-0.215456],[0.537439,0.835574,-0.113908],[0.242549,-0.0237947,0.969847]],[[0.807669,-0.548862,-0.215456],[0.502517,0.831893,-0.235439],[0.30846,0.0818862,0.947706]],[[0.807669,-0.548862,-0.215456],[0.473691,0.821577,-0.317219],[0.351124,0.154149,0.923553]]],"btipPosition":[-31.4845,346.005,-74.293],"carpPosition":[-0.644352,318.309,66.5005],"dipPosition":[-25.6975,348.546,-59.0714],"direction":[-0.30846,-0.0818862,-0.947706],"extended":true,"handId":962,"id":9621,"length":56.7283,"mcpPosition":[-8.45339,349.469,3.21888],"pipPosition":[-18.5055,350.455,-36.9749],"stabilizedTipPosition":[-31.7364,335.153,-58.8617],"timeVisible":19.7548,"tipPosition":[-30.9253,344.902,-70.2772],"tipVelocity":[38.8802,176.072,-196.28],"tool":false,"touchDistance":-0.855209,"touchZone":"hovering","type":1,"width":18.6589},{"bases":[[[0.695328,-0.668633,-0.26353],[0.718692,0.647059,0.254551],[0.000318226,-0.366394,0.93046]],[[0.695328,-0.668943,-0.262743],[0.290781,0.59618,-0.748342],[0.65724,0.443943,0.609057]],[[0.695328,-0.668943,-0.262743],[-0.599841,-0.3388,-0.724848],[0.395865,0.661612,-0.636837]],[[0.695328,-0.668943,-0.262743],[-0.713657,-0.685861,-0.142436],[-0.0849232,0.286548,-0.954295]]],"btipPosition":[-30.237,294.672,6.29671],"carpPosition":[9.66313,313.998,62.4685],"dipPosition":[-31.7764,299.866,-11.0023],"direction":[-0.395865,-0.661612,0.636837],"extended":false,"handId":962,"id":9622,"length":64.6373,"mcpPosition":[9.64171,338.656,-0.152576],"pipPosition":[-20.9175,318.015,-28.4714],"stabilizedTipPosition":[-26.9912,242.067,81.433],"timeVisible":19.7548,"tipPosition":[-30.2744,295.808,3.10394],"tipVelocity":[-11.3414,150.857,-182.044],"tool":false,"touchDistance":0.333333,"touchZone":"none","type":2,"width":18.3255},{"bases":[[[0.631627,-0.762126,-0.142167],[0.766177,0.585625,0.264604],[-0.118405,-0.276056,0.95382]],[[0.632247,-0.760649,-0.147231],[0.393389,0.478888,-0.7848],[0.667465,0.438268,0.602006]],[[0.632247,-0.760649,-0.147231],[-0.592418,-0.352164,-0.724583],[0.499304,0.545338,-0.673277]],[[0.632247,-0.760649,-0.147231],[-0.77472,-0.618589,-0.130983],[0.00855658,0.196877,-0.980391]]],"btipPosition":[-16.6231,286.635,10.926],"carpPosition":[18.4868,306.965,58.8456],"dipPosition":[-16.4689,290.183,-6.74401],"direction":[-0.499304,-0.545338,0.673277],"extended":false,"handId":962,"id":9623,"length":62.1505,"mcpPosition":[25.6414,323.646,1.21072],"pipPosition":[-3.12623,304.756,-24.7357],"stabilizedTipPosition":[-14.9493,243.178,68.5472],"timeVisible":19.7548,"tipPosition":[-16.4057,287.417,7.76765],"tipVelocity":[-18.6014,140.472,-197.934],"tool":false,"touchDistance":0.333333,"touchZone":"none","type":3,"width":17.4379},{"bases":[[[0.478342,-0.87517,-0.0725702],[0.8416,0.433253,0.322492],[-0.250794,-0.215337,0.943786]],[[0.438716,-0.896641,0.0596886],[0.537189,0.208433,-0.817303],[0.720387,0.390628,0.573108]],[[0.438716,-0.896641,0.0596886],[-0.620679,-0.350383,-0.70142],[0.649836,0.270676,-0.710245]],[[0.438716,-0.896641,0.0596886],[-0.887746,-0.442751,-0.126008],[0.139411,0.00229328,-0.990232]]],"btipPosition":[-2.12975,288.006,13.0463],"carpPosition":[22.9924,294.43,55.5198],"dipPosition":[0.188287,288.044,-3.4187],"direction":[-0.649836,-0.270676,0.710245],"extended":false,"handId":962,"id":9624,"length":48.7249,"mcpPosition":[37.0206,306.475,2.72908],"pipPosition":[12.4489,293.151,-16.8191],"stabilizedTipPosition":[0.946225,236.883,84.3288],"timeVisible":19.7548,"tipPosition":[-1.47382,288.062,9.16198],"tipVelocity":[-14.8884,125.222,-182.499],"tool":false,"touchDistance":0.333333,"touchZone":"none","type":4,"width":15.4897}],"r":[[0.986649,-0.024919,0.160943],[0.0533063,0.983202,-0.174561],[-0.15389,0.180809,0.971404]],"s":1.22297,"t":[11.3664,-11.2325,-119.008],"timestamp":669152423889},false],[5,{"currentFrameRate":53.0306,"devices":[],"gestures":[],"hands":[{"armBasis":[[0.788458,-0.594914,-0.156242],[0.552303,0.796558,-0.245877],[0.270732,0.107571,0.956626]],"armWidth":61.4671,"confidence":0.564125,"direction":[0.113673,0.441466,-0.890048],"elbow":[80.2579,327.132,311.707],"grabStrength":0.0260652,"id":962,"palmNormal":[-0.620625,-0.668008,-0.410597],"palmPosition":[7.37497,323.732,15.9324],"palmVelocity":[26.4158,77.7026,-173.631],"palmWidth":87.7729,"pinchStrength":0.656345,"r":[[0.986832,-0.0363603,0.157608],[0.0640436,0.982606,-0.174308],[-0.148529,0.182107,0.971996]],"s":1.22331,"sphereCenter":[-7.27586,288.978,-20.728],"sphereRadius":48.4371,"stabilizedPalmPosition":[5.68991,270.142,99.9833],"t":[11.8702,-9.79576,-122.266],"timeVisible":19.7737,"type":"right","wrist":[9.74478,299.114,62.5505]}],"id":4952273,"interactionBox":{"center":[0,200,0],"size":[235.247,235.247,147.751]},"pointables":[{"bases":[[[0.889475,0.442569,0.113877],[-0.391189,0.608574,0.690369],[0.236233,-0.658613,0.714439]],[[0.694026,0.687726,-0.212982],[-0.555593,0.699755,0.449065],[0.457869,-0.193331,0.867744]],[[0.694026,0.687726,-0.212982],[-0.665605,0.725672,0.174269],[0.274405,0.0208146,0.961389]],[[0.694026,0.687726,-0.212982],[-0.692855,0.718406,0.0620089],[0.195653,0.10453,0.975086]]],"btipPosition":[-53.9214,313.437,-28.7608],"carpPosition":[-18.4315,307.172,66.6572],"dipPosition":[-49.5043,315.797,-6.74714],"direction":[-0.274405,-0.0208146,-0.961389],"extended":false,"handId":962,"id":9620,"length":50.2737,"mcpPosition":[-18.4315,307.172,66.6572],"pipPosition":[-40.4791,316.481,24.873],"stabilizedTipPosition":[-54.3418,268.641,39.0264],"timeVisible":19.7737,"tipPosition":[-53.4305,315.395,-23.4544],"tipVelocity":[14.4955,107.714,-148.506],"tool":false,"touchDistance":-0.811844,"touchZone":"hovering","type":0,"width":19.534},{"bases":[[[0.783896,-0.516433,-0.34468],[0.611058,0.740095,0.280831],[0.110066,-0.430762,0.895728]],[[0.791583,-0.570369,-0.219263],[0.558185,0.820941,-0.120356],[0.248649,-0.0271174,0.968214]],[[0.791583,-0.570369,-0.219263],[0.523244,0.818015,-0.238887],[0.315614,0.0743703,0.945969]],[[0.791583,-0.570369,-0.219263],[0.494315,0.808649,-0.318966],[0.359235,0.144103,0.922054]]],"btipPosition":[-30.9114,347.253,-77.2736],"carpPosition":[0.484164,319.668,63.6739],"dipPosition":[-24.9907,349.628,-62.0767],"direction":[-0.315614,-0.0743703,-0.945969],"extended":true,"handId":962,"id":9621,"length":56.7283,"mcpPosition":[-7.32702,350.238,0.105401],"pipPosition":[-17.6319,351.362,-40.0207],"stabilizedTipPosition":[-31.2802,337.792,-61.974],"timeVisible":19.7737,"tipPosition":[-30.3833,346.101,-73.2416],"tipVelocity":[35.5115,121.232,-177.663],"tool":false,"touchDistance":-0.842815,"touchZone":"hovering","type":1,"width":18.6589},{"bases":[[[0.675826,-0.688433,-0.263286],[0.737056,0.632495,0.238114],[0.00260158,-0.35498,0.93487]],[[0.675829,-0.688844,-0.262201],[0.297414,0.58036,-0.758108],[0.674389,0.434369,0.597096]],[[0.675829,-0.688844,-0.262201],[-0.615589,-0.331886,-0.714774],[0.405347,0.644473,-0.648343]],[[0.675829,-0.688844,-0.262201],[-0.731759,-0.669662,-0.126814],[-0.0882311,0.277572,-0.956645]]],"btipPosition":[-30.4153,296.044,4.02167],"carpPosition":[10.6359,315.06,59.576],"dipPosition":[-32.0148,301.075,-13.32],"direction":[-0.405347,-0.644473,0.648343],"extended":false,"handId":962,"id":9622,"length":64.6373,"mcpPosition":[10.4609,338.95,-3.34198],"pipPosition":[-20.8957,318.754,-31.1047],"stabilizedTipPosition":[-27.1663,244.614,77.6725],"timeVisible":19.7737,"tipPosition":[-30.4636,297.14,0.816185],"tipVelocity":[-10.7744,111.607,-152.191],"tool":false,"touchDistance":0.333333,"touchZone":"none","type":2,"width":18.3255},{"bases":[[[0.611345,-0.778876,-0.140038],[0.783165,0.570055,0.248375],[-0.113624,-0.261515,0.958488]],[[0.611962,-0.777421,-0.145323],[0.404287,0.465422,-0.787359],[0.679746,0.423082,0.599122]],[[0.611962,-0.777421,-0.145323],[-0.602394,-0.339115,-0.72258],[0.512468,0.529733,-0.67584]],[[0.611962,-0.777421,-0.145323],[-0.790838,-0.599459,-0.123386],[0.00880809,0.190434,-0.98166]]],"btipPosition":[-17.0407,287.751,7.95216],"carpPosition":[19.2438,307.772,55.9381],"dipPosition":[-16.8819,291.183,-9.7407],"direction":[-0.512468,-0.529733,0.67584],"extended":false,"handId":962,"id":9623,"length":62.1505,"mcpPosition":[26.1095,323.574,-1.97879],"pipPosition":[-3.18748,305.339,-27.8009],"stabilizedTipPosition":[-15.0046,244.399,66.8066],"timeVisible":19.7737,"tipPosition":[-16.7918,288.504,4.93751],"tipVelocity":[-20.303,99.9407,-178.32],"tool":false,"touchDistance":0.333333,"touchZone":"none","type":3,"width":17.4379},{"bases":[[[0.456223,-0.88732,-0.0672629],[0.855582,0.416613,0.307268],[-0.244622,-0.197732,0.949243]],[[0.417864,-0.906173,0.0651112],[0.533592,0.186787,-0.824858],[0.735302,0.379421,0.561578]],[[0.417864,-0.906173,0.0651112],[-0.635813,-0.342879,-0.691502],[0.648946,0.247555,-0.719434]],[[0.417864,-0.906173,0.0651112],[-0.899316,-0.422742,-0.111894],[0.12892,-0.0117992,-0.991585]]],"btipPosition":[-2.37877,288.736,10.5264],"carpPosition":[23.4062,295.092,52.716],"dipPosition":[-0.235167,288.539,-5.96107],"direction":[-0.648946,-0.247555,0.719434],"extended":false,"handId":962,"id":9624,"length":48.7249,"mcpPosition":[37.0891,306.152,-0.379938],"pipPosition":[12.0087,293.21,-19.5348],"stabilizedTipPosition":[0.875629,238.174,82.3945],"timeVisible":19.7737,"tipPosition":[-1.76588,288.741,6.67545],"tipVelocity":[-15.1019,81.438,-158.659],"tool":false,"touchDistance":0.333333,"touchZone":"none","type":4,"width":15.4897}],"r":[[0.986832,-0.0363603,0.157608],[0.0640436,0.982606,-0.174308],[-0.148529,0.182107,0.971996]],"s":1.22331,"t":[11.8702,-9.79576,-122.266],"timestamp":669152442757},false],[6,{"currentFrameRate":52.9988,"devices":[],"gestures":[],"hands":[{"armBasis":[[0.789518,-0.597761,-0.139077],[0.561054,0.794831,-0.231218],[0.248756,0.104522,0.96291]],"armWidth":61.4671,"confidence":0.575316,"direction":[0.110732,0.445278,-0.888519],"elbow":[75.0004,327.563,309.917],"grabStrength":0.00676409,"id":962,"palmNormal":[-0.628313,-0.661323,-0.409724],"palmPosition":[7.69859,325.217,12.6509],"palmVelocity":[21.8077,77.9735,-173.254],"palmWidth":87.7729,"pinchStrength":0.669236,"r":[[0.987021,-0.0471126,0.153524],[0.0738193,0.982115,-0.173206],[-0.142618,0.182291,0.972846]],"s":1.2233,"sphereCenter":[-7.66078,291.156,-24.0354],"sphereRadius":48.2436,"stabilizedPalmPosition":[5.72314,271.053,98.5383],"t":[12.2838,-8.33466,-125.537],"timeVisible":19.7927,"type":"right","wrist":[10.2111,300.34,59.1232]}],"id":4952274,"interactionBox":{"center":[0,200,0],"size":[235.247,235.247,147.751]},"pointables":[{"bases":[[[0.89345,0.435491,0.109976],[-0.381948,0.607781,0.696217],[0.236355,-0.66404,0.709357]],[[0.697795,0.683598,-0.213952],[-0.547987,0.701819,0.455149],[0.461295,-0.200358,0.864329]],[[0.697795,0.683598,-0.213952],[-0.6615,0.729574,0.173609],[0.274773,0.0203858,0.961293]],[[0.697795,0.683598,-0.213952],[-0.690442,0.72143,0.0531958],[0.190716,0.110602,0.975395]]],"btipPosition":[-53.432,315.06,-31.7898],"carpPosition":[-17.8765,308.58,63.4676],"dipPosition":[-49.1264,317.557,-9.76917],"direction":[-0.274773,-0.0203858,-0.961293],"extended":false,"handId":962,"id":9620,"length":50.2737,"mcpPosition":[-17.8765,308.58,63.4676],"pipPosition":[-40.0891,318.228,21.8479],"stabilizedTipPosition":[-54.2592,270.686,36.1657],"timeVisible":19.7927,"tipPosition":[-53.0638,317.05,-26.449],"tipVelocity":[19.382,97.6216,-153.904],"tool":false,"touchDistance":-0.804404,"touchZone":"hovering","type":0,"width":19.534},{"bases":[[[0.7777,-0.520306,-0.352796],[0.618376,0.734156,0.280403],[0.113112,-0.43623,0.892698]],[[0.785849,-0.574337,-0.229299],[0.565711,0.817416,-0.108632],[0.249825,-0.0443489,0.967275]],[[0.785849,-0.574337,-0.229299],[0.531541,0.816814,-0.22423],[0.316078,0.0543286,0.947176]],[[0.785849,-0.574337,-0.229299],[0.503181,0.809387,-0.302823],[0.359514,0.122594,0.925051]]],"btipPosition":[-30.5671,350.463,-80.3535],"carpPosition":[1.1088,320.954,60.4175],"dipPosition":[-24.6418,352.484,-65.1073],"direction":[-0.316078,-0.0543286,-0.947176],"extended":true,"handId":962,"id":9621,"length":56.7283,"mcpPosition":[-6.91859,351.912,-2.9359],"pipPosition":[-17.2722,353.75,-43.0231],"stabilizedTipPosition":[-30.8969,340.217,-64.7202],"timeVisible":19.7927,"tipPosition":[-30.078,349.179,-76.3206],"tipVelocity":[26.9923,142.664,-169.785],"tool":false,"touchDistance":-0.832896,"touchZone":"hovering","type":1,"width":18.6589},{"bases":[[[0.668942,-0.691939,-0.271544],[0.743286,0.625868,0.236253],[0.00647788,-0.359874,0.932978]],[[0.668951,-0.692453,-0.270211],[0.297521,0.582575,-0.756365],[0.681165,0.425578,0.595733]],[[0.668951,-0.692453,-0.270211],[-0.622199,-0.322765,-0.713226],[0.406661,0.645238,-0.646757]],[[0.668951,-0.692453,-0.270211],[-0.737612,-0.663321,-0.126229],[-0.0918287,0.283752,-0.954491]]],"btipPosition":[-30.4,297.883,0.77908],"carpPosition":[11.1981,316.294,56.2252],"dipPosition":[-32.0646,303.026,-16.5235],"direction":[-0.406661,-0.645238,0.646757],"extended":false,"handId":962,"id":9622,"length":64.6373,"mcpPosition":[10.7621,340.514,-6.56538],"pipPosition":[-20.9095,320.726,-34.2647],"stabilizedTipPosition":[-27.3099,246.776,74.4617],"timeVisible":19.7927,"tipPosition":[-30.4634,298.994,-2.42222],"tipVelocity":[-5.46497,105.028,-161.12],"tool":false,"touchDistance":0.333333,"touchZone":"none","type":2,"width":18.3255},{"bases":[[[0.604656,-0.782555,-0.14832],[0.789007,0.563042,0.245869],[-0.108896,-0.265692,0.957888]],[[0.605264,-0.781036,-0.153748],[0.408881,0.47076,-0.781794],[0.682987,0.410327,0.604285]],[[0.605264,-0.781036,-0.153748],[-0.604582,-0.325401,-0.727045],[0.517818,0.533007,-0.669154]],[[0.605264,-0.781036,-0.153748],[-0.795976,-0.591686,-0.127793],[0.00884003,0.199728,-0.979812]]],"btipPosition":[-17.1263,289.489,4.10567],"carpPosition":[19.727,308.962,52.4899],"dipPosition":[-16.967,293.088,-13.5539],"direction":[-0.517818,-0.533007,0.669154],"extended":false,"handId":962,"id":9623,"length":62.1505,"mcpPosition":[26.3071,325.017,-5.39076],"pipPosition":[-3.12958,307.332,-31.4354],"stabilizedTipPosition":[-15.0478,245.35,65.4238],"timeVisible":19.7927,"tipPosition":[-16.864,290.265,1.17416],"tipVelocity":[-12.5318,96.8085,-190.079],"tool":false,"touchDistance":0.333333,"touchZone":"none","type":3,"width":17.4379},{"bases":[[[0.449255,-0.890247,-0.0750307],[0.860707,0.408771,0.303462],[-0.239486,-0.200911,0.949885]],[[0.411823,-0.909477,0.0570402],[0.532631,0.189448,-0.824872],[0.739396,0.370082,0.562435]],[[0.411823,-0.909477,0.0570402],[-0.639757,-0.33313,-0.692629],[0.648932,0.248748,-0.719035]],[[0.411823,-0.909477,0.0570402],[-0.902639,-0.415717,-0.111455],[0.125078,-0.00558705,-0.992131]]],"btipPosition":[-2.37338,290.284,6.92006],"carpPosition":[23.7743,296.269,49.1733],"dipPosition":[-0.293664,290.191,-9.57647],"direction":[-0.648932,-0.248748,0.719035],"extended":false,"handId":962,"id":9624,"length":48.7249,"mcpPosition":[37.17,307.507,-3.9586],"pipPosition":[11.9499,294.884,-23.1427],"stabilizedTipPosition":[0.825937,239.109,80.9728],"timeVisible":19.7927,"tipPosition":[-1.77548,290.322,3.14995],"tipVelocity":[-7.91441,82.1152,-174.118],"tool":false,"touchDistance":0.333