{"sensorType":"Leap","data":[[0,{"currentFrameRate":50.6559,"devices":[],"gestures":[],"hands":[{"armBasis":[[0.756027,-0.635129,-0.158219],[0.587603,0.765074,-0.263412],[0.28835,0.106176,0.95162]],"armWidth":61.4671,"confidence":0.553621,"direction":[0.226593,0.470773,-0.852659],"elbow":[77.3621,310.836,327.767],"grabStrength":0.156152,"id":962,"palmNormal":[-0.610419,-0.613534,-0.500965],"palmPosition":[5.93895,309.81,34.5014],"palmVelocity":[26.8634,111.686,-195.576],"palmWidth":87.7729,"pinchStrength":0.381592,"r":[[0.9573,-0.11785,0.263983],[0.159129,0.977162,-0.140825],[-0.241358,0.17682,0.954191]],"s":1.27684,"sphereCenter":[-7.50851,278.419,-3.90989],"sphereRadius":48.4253,"stabilizedPalmPosition":[-4.65188,272.809,98.1952],"t":[10.436,-24.3633,-103.313],"timeVisible":28.5092,"type":"right","wrist":[2.26022,283.182,79.9139]}],"id":4952727,"interactionBox":{"center":[0,200,0],"size":[235.247,235.247,147.751]},"pointables":[{"bases":[[[0.895601,0.385507,0.222001],[-0.426263,0.60089,0.676189],[0.127277,-0.700226,0.702484]],[[0.732965,0.667509,-0.131122],[-0.542376,0.689776,0.479623],[0.410598,-0.28043,0.867622]],[[0.732965,0.667509,-0.131122],[-0.633376,0.739968,0.226456],[0.248188,-0.0829344,0.965155]],[[0.732965,0.667509,-0.131122],[-0.664331,0.743848,0.0731717],[0.146378,0.0334763,0.988662]]],"btipPosition":[-56.9581,308.146,-14.2536],"carpPosition":[-25.7191,292.671,81.589],"dipPosition":[-53.6534,308.902,8.06654],"direction":[-0.248188,0.0829344,-0.965155],"extended":false,"handId":962,"id":9620,"length":50.2737,"mcpPosition":[-25.7191,292.671,81.589],"pipPosition":[-45.4905,306.174,39.8106],"stabilizedTipPosition":[-65.2492,273.763,41.3555],"timeVisible":28.5092,"tipPosition":[-56.13,309.609,-8.7584],"tipVelocity":[27.7595,113.761,-193.19],"tool":false,"touchDistance":-0.823617,"touchZone":"hovering","type":0,"width":19.534},{"bases":[[[0.786247,-0.54595,-0.289403],[0.617897,0.69138,0.374429],[-0.0043319,-0.473215,0.880936]],[[0.782772,-0.585724,-0.210227],[0.579165,0.809269,-0.0982471],[0.227676,-0.0448508,0.972704]],[[0.782772,-0.585724,-0.210227],[0.499462,0.792832,-0.349221],[0.371221,0.16836,0.913154]],[[0.782772,-0.585724,-0.210227],[0.426031,0.750622,-0.505038],[0.453614,0.305766,0.837103]]],"btipPosition":[-31.2213,330.647,-56.8358],"carpPosition":[-5.9615,304.17,81.0827],"dipPosition":[-23.7451,335.687,-43.039],"direction":[-0.371221,-0.16836,-0.913154],"extended":true,"handId":962,"id":9621,"length":56.7283,"mcpPosition":[-5.65407,337.754,18.564],"pipPosition":[-15.0897,339.612,-21.7481],"stabilizedTipPosition":[-35.1967,311.896,-31.8089],"timeVisible":28.5092,"tipPosition":[-30.7073,329.68,-52.3312],"tipVelocity":[57.5569,212.77,-216.276],"tool":false,"touchDistance":-1,"touchZone":"hovering","type":1,"width":18.6589},{"bases":[[[0.661499,-0.714674,-0.227287],[0.741681,0.57857,0.339361],[-0.111031,-0.393062,0.912784]],[[0.659203,-0.72222,-0.209403],[0.314002,0.517411,-0.796046],[0.683268,0.459003,0.567857]],[[0.659203,-0.72222,-0.209403],[-0.635773,-0.386592,-0.668086],[0.401552,0.573537,-0.714011]],[[0.659203,-0.72222,-0.209403],[-0.748276,-0.657572,-0.0876457],[-0.074398,0.214467,-0.973894]]],"btipPosition":[-29.669,284.651,27.2021],"carpPosition":[4.29414,299.159,77.7965],"dipPosition":[-31.0176,288.538,9.54776],"direction":[-0.401552,-0.573537,0.714011],"extended":false,"handId":962,"id":9622,"length":64.6373,"mcpPosition":[11.7667,325.613,16.3649],"pipPosition":[-20.0027,304.271,-10.0383],"stabilizedTipPosition":[-38.2053,242.632,95.1485],"timeVisible":28.5092,"tipPosition":[-29.8828,285.393,23.8964],"tipVelocity":[20.2898,119.262,-221.372],"tool":false,"touchDistance":0.333333,"touchZone":"none","type":2,"width":18.3255},{"bases":[[[0.580144,-0.806295,-0.115417],[0.78313,0.513206,0.35118],[-0.223922,-0.294122,0.929167]],[[0.578032,-0.809001,-0.106753],[0.404699,0.39781,-0.823387],[0.708588,0.432741,0.557349]],[[0.578032,-0.809001,-0.106753],[-0.653798,-0.380862,-0.653829],[0.48829,0.447729,-0.749073]],[[0.578032,-0.809001,-0.106753],[-0.815937,-0.574803,-0.0620324],[-0.0111778,0.122961,-0.992349]]],"btipPosition":[-17.0295,276.486,32.4243],"carpPosition":[12.827,291.545,74.6885],"dipPosition":[-17.231,278.702,14.5388],"direction":[-0.48829,-0.447729,0.749073],"extended":false,"handId":962,"id":9623,"length":62.1505,"mcpPosition":[26.3575,309.318,18.5434],"pipPosition":[-4.1826,290.667,-5.47833],"stabilizedTipPosition":[-25.2708,232.659,107.532],"timeVisible":28.5092,"tipPosition":[-16.9014,277.066,28.6861],"tipVelocity":[16.5931,113.71,-245.713],"tool":false,"touchDistance":0.333333,"touchZone":"none","type":3,"width":17.4379},{"bases":[[[0.412904,-0.908556,-0.0635286],[0.840949,0.353536,0.409654],[-0.349734,-0.222572,0.910026]],[[0.422238,-0.902185,-0.0881871],[0.4698,0.300993,-0.829874],[0.775244,0.308974,0.550938]],[[0.422238,-0.902185,-0.0881871],[-0.711527,-0.269579,-0.648889],[0.561645,0.336733,-0.755755]],[[0.422238,-0.902185,-0.0881871],[-0.905743,-0.415955,-0.0813148],[0.0366792,0.114209,-0.992779]]],"btipPosition":[-1.47204,272.45,32.3723],"carpPosition":[16.615,278.791,71.3003],"dipPosition":[-0.862158,274.349,15.865],"direction":[-0.561645,-0.336733,0.755755],"extended":false,"handId":962,"id":9624,"length":48.7249,"mcpPosition":[36.1774,291.241,20.3979],"pipPosition":[9.73454,280.702,1.60598],"stabilizedTipPosition":[-9.44739,231.754,101.194],"timeVisible":28.5092,"tipPosition":[-1.44504,272.879,27.3904],"tipVelocity":[24.6281,113.956,-206.598],"tool":false,"touchDistance":0.333333,"touchZone":"none","type":4,"width":15.4897}],"r":[[0.9573,-0.11785,0.263983],[0.159129,0.977162,-0.140825],[-0.241358,0.17682,0.954191]],"s":1.27684,"t":[10.436,-24.3633,-103.313],"timestamp":669161178248},false],[1,{"currentFrameRate":50.8156,"devices":[],"gestures":[],"hands":[{"armBasis":[[0.762884,-0.626057,-0.161434],[0.584693,0.774627,-0.241014],[0.275939,0.0894764,0.957001]],"armWidth":61.4671,"confidence":0.554796,"direction":[0.215106,0.478303,-0.851443],"elbow":[74.6042,310.261,323.595],"grabStrength":0.133647,"id":962,"palmNormal":[-0.608685,-0.616128,-0.499889],"palmPosition":[5.7876,313.906,29.0707],"palmVelocity":[9.68635,162.527,-239.539],"palmWidth":87.7729,"pinchStrength":0.397764,"r":[[0.95739,-0.122766,0.261407],[0.161593,0.977913,-0.132565],[-0.239359,0.169158,0.956082]],"s":1.27905,"sphereCenter":[-7.66852,282.623,-9.55382],"sphereRadius":48.4633,"stabilizedPalmPosition":[-4.34697,274.009,96.1762],"t":[10.6113,-21.274,-107.85],"timeVisible":28.5283,"type":"right","wrist":[2.73474,286.957,74.3399]}],"id":4952728,"interactionBox":{"center":[0,200,0],"size":[235.247,235.247,147.751]},"pointables":[{"bases":[[[0.893708,0.392597,0.217149],[-0.426354,0.592508,0.683488],[0.139673,-0.703421,0.696915]],[[0.725156,0.675561,-0.13329],[-0.547555,0.683104,0.483273],[0.417531,-0.277465,0.865263]],[[0.725156,0.675561,-0.13329],[-0.640891,0.732951,0.228125],[0.251808,-0.0800022,0.964465]],[[0.725156,0.675561,-0.13329],[-0.671759,0.736586,0.078614],[0.151288,0.0325313,0.987954]]],"btipPosition":[-57.1212,311.426,-19.3861],"carpPosition":[-25.3184,296.168,76.3042],"dipPosition":[-53.7057,312.16,2.91805],"direction":[-0.251808,0.0800022,-0.964465],"extended":false,"handId":962,"id":9620,"length":50.2737,"mcpPosition":[-25.3184,296.168,76.3042],"pipPosition":[-45.4237,309.529,34.6394],"stabilizedTipPosition":[-64.7265,275.981,38.0944],"timeVisible":28.5283,"tipPosition":[-56.4089,312.913,-13.8506],"tipVelocity":[10.496,142.327,-230.709],"tool":false,"touchDistance":-0.846631,"touchZone":"hovering","type":0,"width":19.534},{"bases":[[[0.788971,-0.536598,-0.29931],[0.614385,0.694842,0.373799],[0.00739351,-0.478808,0.877888]],[[0.78657,-0.576594,-0.221015],[0.573525,0.814809,-0.0845926],[0.228861,-0.0602199,0.971595]],[[0.78657,-0.576594,-0.221015],[0.498606,0.804192,-0.323524],[0.364281,0.144275,0.920046]],[[0.78657,-0.576594,-0.221015],[0.430004,0.768326,-0.474102],[0.443176,0.277876,0.852279]]],"btipPosition":[-31.4826,336.39,-62.3566],"carpPosition":[-5.67537,307.858,75.7104],"dipPosition":[-24.1784,340.97,-48.3098],"direction":[-0.364281,-0.144275,-0.920046],"extended":true,"handId":962,"id":9621,"length":56.7283,"mcpPosition":[-6.20007,341.838,13.408],"pipPosition":[-15.6848,344.334,-26.8582],"stabilizedTipPosition":[-33.9317,317.888,-38.2152],"timeVisible":28.5283,"tipPosition":[-30.9978,335.283,-57.8753],"tipVelocity":[21.3601,253.589,-250.863],"tool":false,"touchDistance":-1,"touchZone":"hovering","type":1,"width":18.6589},{"bases":[[[0.666341,-0.706892,-0.237261],[0.738939,0.58344,0.336999],[-0.0997941,-0.399877,0.91112]],[[0.66424,-0.714653,-0.219216],[0.307415,0.528469,-0.791338],[0.681382,0.458248,0.570726]],[[0.66424,-0.714653,-0.219216],[-0.634635,-0.384176,-0.670558],[0.394999,0.584534,-0.708728]],[[0.66424,-0.714653,-0.219216],[-0.743154,-0.662974,-0.0904861],[-0.0806685,0.223016,-0.971471]]],"btipPosition":[-29.7384,288.495,21.5039],"carpPosition":[4.59986,302.966,72.3084],"dipPosition":[-31.2008,292.537,3.89347],"direction":[-0.394999,-0.584534,0.708728],"extended":false,"handId":962,"id":9622,"length":64.6373,"mcpPosition":[11.3161,329.878,10.9889],"pipPosition":[-20.3655,308.572,-15.5477],"stabilizedTipPosition":[-37.9586,244.052,92.7902],"timeVisible":28.5283,"tipPosition":[-29.9464,289.268,18.2786],"tipVelocity":[7.80079,160.761,-259.258],"tool":false,"touchDistance":0.333333,"touchZone":"none","type":2,"width":18.3255},{"bases":[[[0.58678,-0.79999,-0.125321],[0.7811,0.5184,0.348059],[-0.213477,-0.302122,0.929058]],[[0.584781,-0.80275,-0.116723],[0.413408,0.418723,-0.808558],[0.697944,0.424575,0.576724]],[[0.584781,-0.80275,-0.116723],[-0.641377,-0.369454,-0.672413],[0.496656,0.468078,-0.730915]],[[0.584781,-0.80275,-0.116723],[-0.811178,-0.579529,-0.078336],[-0.00476009,0.140492,-0.99007]]],"btipPosition":[-17.1895,280.37,25.4631],"carpPosition":[13.1785,295.453,69.0822],"dipPosition":[-17.2753,282.902,7.61871],"direction":[-0.496656,-0.468078,0.730915],"extended":false,"handId":962,"id":9623,"length":62.1505,"mcpPosition":[26.0779,313.709,12.9435],"pipPosition":[-4.0034,295.41,-11.9132],"stabilizedTipPosition":[-25.1326,233.488,106.054],"timeVisible":28.5283,"tipPosition":[-16.955,281.017,22.1707],"tipVelocity":[4.95003,159.94,-304.277],"tool":false,"touchDistance":0.333333,"touchZone":"none","type":3,"width":17.4379},{"bases":[[[0.420948,-0.904165,-0.0727255],[0.840907,0.358919,0.405033],[-0.340114,-0.231653,0.911405]],[[0.429835,-0.897691,-0.0969117],[0.462569,0.311115,-0.830203],[0.775417,0.312022,0.548972]],[[0.429835,-0.897691,-0.0969117],[-0.712459,-0.271276,-0.647157],[0.554657,0.347216,-0.756172]],[[0.429835,-0.897691,-0.0969117],[-0.902423,-0.423606,-0.0786822],[0.02958,0.121276,-0.992178]]],"btipPosition":[-1.32207,276.505,26.6412],"carpPosition":[17.059,282.758,65.5813],"dipPosition":[-0.830233,278.522,10.1438],"direction":[-0.554657,-0.347216,0.756172],"extended":false,"handId":962,"id":9624,"length":48.7249,"mcpPosition":[36.0834,295.715,14.6019],"pipPosition":[9.63463,285.073,-4.12306],"stabilizedTipPosition":[-9.24178,232.882,99.2384],"timeVisible":28.5283,"tipPosition":[-1.31407,276.962,21.7685],"tipVelocity":[15.6479,163.318,-252.832],"tool":false,"touchDistance":0.333333,"touchZone":"none","type":4,"width":15.4897}],"r":[[0.95739,-0.122766,0.261407],[0.161593,0.977913,-0.132565],[-0.239359,0.169158,0.956082]],"s":1.27905,"t":[10.6113,-21.274,-107.85],"timestamp":669161197328},false],[2,{"currentFrameRate":51.0529,"devices":[],"gestures":[],"hands":[{"armBasis":[[0.738002,-0.651215,-0.176838],[0.604771,0.75455,-0.254765],[0.29934,0.0810708,0.950696]],"armWidth":61.4671,"confidence":0.558505,"direction":[0.217219,0.459865,-0.861011],"elbow":[80.6428,310.79,318.88],"grabStrength":0.116534,"id":962,"palmNormal":[-0.632649,-0.605403,-0.482951],"palmPosition":[5.89126,315.884,25.5766],"palmVelocity":[7.6695,134.889,-213.887],"palmWidth":87.7729,"pinchStrength":0.410357,"r":[[0.957384,-0.131424,0.257183],[0.168846,0.977136,-0.129211],[-0.234321,0.167129,0.957685]],"s":1.28005,"sphereCenter":[-8.95707,284.441,-12.5141],"sphereRadius":48.4923,"stabilizedPalmPosition":[-4.06442,275.165,94.2278],"t":[10.7507,-18.7406,-111.865],"timeVisible":28.547,"type":"right","wrist":[2.67863,289.675,71.2676]}],"id":4952729,"interactionBox":{"center":[0,200,0],"size":[235.247,235.247,147.751]},"pointables":[{"bases":[[[0.907368,0.369816,0.1998],[-0.400088,0.614089,0.680312],[0.128895,-0.69723,0.705164]],[[0.742203,0.652577,-0.152569],[-0.522955,0.706323,0.477102],[0.419109,-0.27432,0.865504]],[[0.742203,0.652577,-0.152569],[-0.618536,0.754658,0.218873],[0.257969,-0.0680789,0.963752]],[[0.742203,0.652577,-0.152569],[-0.650457,0.756267,0.0704716],[0.161371,0.0469352,0.985777]]],"btipPosition":[-57.3807,314.103,-22.1667],"carpPosition":[-25.0717,299.715,73.4626],"dipPosition":[-53.7375,315.163,0.088363],"direction":[-0.257969,0.0680789,-0.963752],"extended":false,"handId":962,"id":9620,"length":50.2737,"mcpPosition":[-25.0717,299.715,73.4626],"pipPosition":[-45.2529,312.924,31.7863],"stabilizedTipPosition":[-64.2384,278.27,34.8054],"timeVisible":28.547,"tipPosition":[-56.6796,315.671,-16.6453],"tipVelocity":[-0.0040444,144.681,-191.076],"tool":false,"touchDistance":-0.832179,"touchZone":"hovering","type":0,"width":19.534},{"bases":[[[0.76927,-0.56319,-0.301731],[0.6389,0.682133,0.355669],[0.00551101,-0.466381,0.884567]],[[0.766791,-0.601911,-0.223014],[0.597701,0.796205,-0.0938651],[0.234064,-0.0613211,0.970285]],[[0.766791,-0.601911,-0.223014],[0.524749,0.787896,-0.32227],[0.36969,0.130087,0.920004]],[[0.766791,-0.601911,-0.223014],[0.457854,0.756373,-0.467193],[0.449891,0.256131,0.855567]]],"btipPosition":[-31.2391,339.211,-66.0958],"carpPosition":[-5.11308,310.826,72.4442],"dipPosition":[-23.8242,343.433,-51.9947],"direction":[-0.36969,-0.130087,-0.920004],"extended":true,"handId":962,"id":9621,"length":56.7283,"mcpPosition":[-5.50419,343.925,9.66786],"pipPosition":[-15.2046,346.466,-30.5441],"stabilizedTipPosition":[-32.9601,322.813,-43.6582],"timeVisible":28.547,"tipPosition":[-30.772,338.11,-61.6383],"tipVelocity":[17.9628,201.432,-225.753],"tool":false,"touchDistance":-1,"touchZone":"hovering","type":1,"width":18.6589},{"bases":[[[0.642678,-0.729002,-0.235631],[0.759723,0.566694,0.318872],[-0.0989278,-0.383946,0.918041]],[[0.640582,-0.736498,-0.217315],[0.315232,0.510276,-0.800155],[0.700203,0.44406,0.559041]],[[0.640582,-0.736498,-0.217315],[-0.652153,-0.372383,-0.660324],[0.405403,0.564714,-0.718851]],[[0.640582,-0.736498,-0.217315],[-0.763217,-0.64183,-0.0745287],[-0.0845887,0.2136,-0.973252]]],"btipPosition":[-30.514,291.424,18.5631],"carpPosition":[4.97197,305.594,68.9802],"dipPosition":[-32.0474,295.296,0.920382],"direction":[-0.405403,-0.564714,0.718851],"extended":false,"handId":962,"id":9622,"length":64.6373,"mcpPosition":[11.6299,331.434,7.19488],"pipPosition":[-20.9268,310.787,-18.7984],"stabilizedTipPosition":[-37.708,245.758,90.0242],"timeVisible":28.547,"tipPosition":[-30.718,292.167,15.3678],"tipVelocity":[-16.6102,157.739,-209.8],"tool":false,"touchDistance":0.333333,"touchZone":"none","type":2,"width":18.3255},{"bases":[[[0.562003,-0.818188,-0.121328],[0.800157,0.500634,0.330325],[-0.209527,-0.282725,0.936037]],[[0.560181,-0.820589,-0.113276],[0.430088,0.404982,-0.806854],[0.707971,0.403266,0.579788]],[[0.560181,-0.820589,-0.113276],[-0.648652,-0.349476,-0.676104],[0.515217,0.452217,-0.728046]],[[0.560181,-0.820589,-0.113276],[-0.828369,-0.555123,-0.075114],[-0.00124438,0.135912,-0.99072]]],"btipPosition":[-18.3093,282.962,21.5142],"carpPosition":[13.2889,297.793,65.7519],"dipPosition":[-18.3317,285.412,3.65808],"direction":[-0.515217,-0.452217,0.728046],"extended":false,"handId":962,"id":9623,"length":62.1505,"mcpPosition":[25.9497,314.877,9.19163],"pipPosition":[-4.5638,297.496,-15.7972],"stabilizedTipPosition":[-25.0151,234.35,104.526],"timeVisible":28.547,"tipPosition":[-18.0132,283.588,18.4968],"tipVelocity":[-26.2257,149.073,-259.021],"tool":false,"touchDistance":0.333333,"touchZone":"none","type":3,"width":17.4379},{"bases":[[[0.393989,-0.916808,-0.0650769],[0.856152,0.340323,0.388823],[-0.334329,-0.208908,0.919011]],[[0.402546,-0.911069,-0.0889417],[0.464463,0.287006,-0.837796],[0.788816,0.295941,0.538691]],[[0.402546,-0.911069,-0.0889417],[-0.725118,-0.258059,-0.638443],[0.558713,0.321496,-0.764513]],[[0.402546,-0.911069,-0.0889417],[-0.915088,-0.397969,-0.0650696],[0.0238869,0.107583,-0.993909]]],"btipPosition":[-2.38491,278.68,23.5566],"carpPosition":[16.7587,284.943,62.3853],"dipPosition":[-1.98773,280.469,7.03046],"direction":[-0.558713,-0.321496,0.764513],"extended":false,"handId":962,"id":9624,"length":48.7249,"mcpPosition":[35.4594,296.629,10.9804],"pipPosition":[8.55366,286.534,-7.39382],"stabilizedTipPosition":[-9.06144,234.081,97.1754],"timeVisible":28.547,"tipPosition":[-2.38119,279.07,18.8378],"tipVelocity":[-20.2,139.062,-210.223],"tool":false,"touchDistance":0.333333,"touchZone":"none","type":4,"width":15.4897}],"r":[[0.957384,-0.131424,0.257183],[0.168846,0.977136,-0.129211],[-0.234321,0.167129,0.957685]],"s":1.28005,"t":[10.7507,-18.7406,-111.865],"timestamp":669161216029},false],[3,{"currentFrameRate":51.2135,"devices":[],"gestures":[],"hands":[{"armBasis":[[0.73127,-0.658395,-0.178213],[0.614427,0.749302,-0.247036],[0.296183,0.0711506,0.952477]],"armWidth":61.4671,"confidence":0.567028,"direction":[0.215437,0.452749,-0.86522],"elbow":[80.2615,309.677,317.834],"grabStrength":0.0983733,"id":962,"palmNormal":[-0.640992,-0.60286,-0.475067],"palmPosition":[6.25357,317.048,23.8873],"palmVelocity":[13.3011,98.8594,-152.7],"palmWidth":87.7729,"pinchStrength":0.420703,"r":[[0.957416,-0.13967,0.252678],[0.176157,0.976008,-0.127972],[-0.228742,0.167034,0.95905]],"s":1.28071,"sphereCenter":[-9.23577,285.713,-13.9365],"sphereRadius":48.4069,"stabilizedPalmPosition":[-3.78593,276.295,92.3293],"t":[11.0016,-16.8919,-114.718],"timeVisible":28.5659,"type":"right","wrist":[3.11957,291.145,69.7581]}],"id":4952730,"interactionBox":{"center":[0,200,0],"size":[235.247,235.247,147.751]},"pointables":[{"bases":[[[0.911803,0.363207,0.191564],[-0.390302,0.621622,0.679154],[0.127593,-0.694022,0.708557]],[[0.746629,0.645321,-0.161576],[-0.515013,0.71445,0.473627],[0.421079,-0.27041,0.865777]],[[0.746629,0.645321,-0.161576],[-0.61231,0.761586,0.212279],[0.260042,-0.0595586,0.963759]],[[0.746629,0.645321,-0.161576],[-0.644579,0.761839,0.0641811],[0.164512,0.0562289,0.984771]]],"btipPosition":[-57.0716,315.147,-23.546],"carpPosition":[-24.5287,301.436,72.074],"dipPosition":[-53.3576,316.416,-1.3137],"direction":[-0.260042,0.0595586,-0.963759],"extended":false,"handId":962,"id":9620,"length":50.2737,"mcpPosition":[-24.5287,301.436,72.074],"pipPosition":[-44.8048,314.457,30.3844],"stabilizedTipPosition":[-63.7525,280.521,31.5803],"timeVisible":28.5659,"tipPosition":[-56.4203,316.76,-18.0308],"tipVelocity":[8.43525,101.965,-133.186],"tool":false,"touchDistance":-0.798063,"touchZone":"hovering","type":0,"width":19.534},{"bases":[[[0.762406,-0.571603,-0.303326],[0.647056,0.67876,0.347279],[0.00738024,-0.461037,0.88735]],[[0.760157,-0.609548,-0.224971],[0.60621,0.789962,-0.0920331],[0.233817,-0.0664198,0.970009]],[[0.760157,-0.609548,-0.224971],[0.53696,0.784307,-0.310702],[0.365834,0.115382,0.9235]],[[0.760157,-0.609548,-0.224971],[0.473418,0.756759,-0.450767],[0.445013,0.236149,0.863827]]],"btipPosition":[-30.561,341.259,-68.0874],"carpPosition":[-4.4829,312.369,70.8563],"dipPosition":[-23.2266,345.151,-53.8502],"direction":[-0.365834,-0.115382,-0.9235],"extended":true,"handId":962,"id":9621,"length":56.7283,"mcpPosition":[-5.00666,345.089,7.88247],"pipPosition":[-14.6968,347.841,-32.318],"stabilizedTipPosition":[-32.051,327.116,-48.365],"timeVisible":28.5659,"tipPosition":[-30.1273,340.106,-63.6502],"tipVelocity":[26.2507,153.683,-165.771],"tool":false,"touchDistance":-0.988678,"touchZone":"hovering","type":1,"width":18.6589},{"bases":[[[0.634841,-0.735916,-0.235382],[0.76664,0.562066,0.310396],[-0.0961252,-0.377505,0.921005]],[[0.63279,-0.743323,-0.216904],[0.316965,0.504235,-0.803293],[0.706477,0.439565,0.554682]],[[0.63279,-0.743323,-0.216904],[-0.658065,-0.368625,-0.656556],[0.408077,0.558199,-0.722417]],[[0.63279,-0.743323,-0.216904],[-0.769405,-0.63512,-0.0681051],[-0.087136,0.209983,-0.973814]]],"btipPosition":[-30.4597,292.88,17.0524],"carpPosition":[5.53384,307.03,67.3582],"dipPosition":[-32.0393,296.686,-0.600539],"direction":[-0.408077,-0.558199,0.722417],"extended":false,"handId":962,"id":9622,"length":64.6373,"mcpPosition":[12.0032,332.436,5.37346],"pipPosition":[-20.8453,311.998,-20.4172],"stabilizedTipPosition":[-37.4216,247.754,86.8196],"timeVisible":28.5659,"tipPosition":[-30.6618,293.612,13.8736],"tipVelocity":[-7.32252,117.662,-146.051],"tool":false,"touchDistance":0.333333,"touchZone":"none","type":2,"width":18.3255},{"bases":[[[0.554165,-0.823711,-0.120007],[0.806582,0.495731,0.321987],[-0.205733,-0.27523,0.939107]],[[0.552393,-0.826025,-0.112006],[0.43353,0.399448,-0.807771],[0.711979,0.397649,0.578758]],[[0.552393,-0.826025,-0.112006],[-0.651805,-0.344257,-0.675749],[0.519627,0.446285,-0.728573]],[[0.552393,-0.826025,-0.112006],[-0.833582,-0.547679,-0.0720369],[-0.0018389,0.133159,-0.991093]]],"btipPosition":[-18.3452,284.305,19.7651],"carpPosition":[13.7622,299.138,64.1232],"dipPosition":[-18.3783,286.704,1.90228],"direction":[-0.519627,-0.446285,0.728573],"extended":false,"handId":962,"id":9623,"length":62.1505,"mcpPosition":[26.1936,315.769,7.37738],"pipPosition":[-4.49259,298.63,-17.567],"stabilizedTipPosition":[-24.8924,235.28,102.889],"timeVisible":28.5659,"tipPosition":[-18.0485,284.916,16.7744],"tipVelocity":[-14.3473,110.413,-177.27],"tool":false,"touchDistance":0.333333,"touchZone":"none","type":3,"width":17.4379},{"bases":[[[0.38569,-0.92054,-0.0620503],[0.86159,0.335302,0.381096],[-0.330009,-0.200447,0.922451]],[[0.393739,-0.915296,-0.084863],[0.475948,0.281979,-0.833044],[0.786412,0.287612,0.546659]],[[0.393739,-0.915296,-0.084863],[-0.720548,-0.249997,-0.64677],[0.570771,0.315807,-0.757949]],[[0.393739,-0.915296,-0.084863],[-0.918709,-0.388756,-0.0695804],[0.0306957,0.105361,-0.99396]]],"btipPosition":[-2.54449,279.93,21.3967],"carpPosition":[17.0995,286.239,60.8126],"dipPosition":[-2.0341,281.682,4.86974],"direction":[-0.570771,-0.315807,0.757949],"extended":false,"handId":962,"id":9624,"length":48.7249,"mcpPosition":[35.5585,297.451,9.21531],"pipPosition":[8.73479,287.641,-9.4307],"stabilizedTipPosition":[-8.89371,235.251,95.1635],"timeVisible":28.5659,"tipPosition":[-2.44081,280.302,17.0621],"tipVelocity":[-13.7471,103.012,-163.046],"tool":false,"touchDistance":0.333333,"touchZone":"none","type":4,"width":15.4897}],"r":[[0.957416,-0.13967,0.252678],[0.176157,0.976008,-0.127972],[-0.228742,0.167034,0.95905]],"s":1.28071,"t":[11.0016,-16.8919,-114.718],"timestamp":669161234957},false],[4,{"currentFrameRate":51.4147,"devices":[],"gestures":[],"hands":[{"armBasis":[[0.727323,-0.662023,-0.180905],[0.622348,0.747336,-0.23275],[0.289283,0.0566992,0.955563]],"armWidth":61.4671,"confidence":0.583488,"direction":[0.211661,0.445416,-0.869945],"elbow":[78.5443,308.12,315.948],"grabStrength":0.0853248,"id":962,"palmNormal":[-0.645855,-0.604317,-0.466552],"palmPosition":[6.13979,318.893,20.9823],"palmVelocity":[3.86482,98.7788,-153.978],"palmWidth":87.7729,"pinchStrength":0.431864,"r":[[0.957587,-0.146515,0.248114],[0.182491,0.974746,-0.128714],[-0.222989,0.168534,0.960142]],"s":1.28065,"sphereCenter":[-9.75451,287.465,-16.5228],"sphereRadius":48.3175,"stabilizedPalmPosition":[-3.53606,277.367,90.5332],"t":[11.0702,-15.0446,-117.597],"timeVisible":28.5846,"type":"right","wrist":[3.19948,293.352,67.0679]}],"id":4952731,"interactionBox":{"center":[0,200,0],"size":[235.247,235.247,147.751]},"pointables":[{"bases":[[[0.914144,0.361605,0.183254],[-0.384111,0.628084,0.676734],[0.129612,-0.689023,0.713056]],[[0.748025,0.641351,-0.170669],[-0.51086,0.720584,0.468807],[0.423651,-0.263492,0.866655]],[[0.748025,0.641351,-0.170669],[-0.610656,0.765838,0.20147],[0.259918,-0.0464849,0.964511]],[[0.748025,0.641351,-0.170669],[-0.642824,0.764109,0.053987],[0.165034,0.0693264,0.983848]]],"btipPosition":[-57.0746,316.404,-26.1937],"carpPosition":[-24.4001,303.753,69.4724],"dipPosition":[-53.3488,317.97,-3.98224],"direction":[-0.259918,0.0464849,-0.964511],"extended":false,"handId":962,"id":9620,"length":50.2737,"mcpPosition":[-24.4001,303.753,69.4724],"pipPosition":[-44.8,316.441,27.7406],"stabilizedTipPosition":[-63.3765,282.33,28.9522],"timeVisible":28.5846,"tipPosition":[-56.5275,318.089,-20.6787],"tipVelocity":[4.32295,86.8402,-137.39],"tool":false,"touchDistance":-0.786378,"touchZone":"hovering","type":0,"width":19.534},{"bases":[[[0.758658,-0.576445,-0.303561],[0.651392,0.67922,0.338154],[0.0112575,-0.45428,0.890788]],[[0.756789,-0.613571,-0.22539],[0.609923,0.786855,-0.094098],[0.235085,-0.066258,0.969714]],[[0.756789,-0.613571,-0.22539],[0.543377,0.782188,-0.304834],[0.363334,0.108223,0.925352]],[[0.756789,-0.613571,-0.22539],[0.482481,0.756978,-0.440677],[0.441002,0.224753,0.868909]]],"btipPosition":[-30.6076,343.367,-71.2525],"carpPosition":[-4.32612,314.609,68.0499],"dipPosition":[-23.3392,347.072,-56.9315],"direction":[-0.363334,-0.108223,-0.925352],"extended":true,"handId":962,"id":9621,"length":56.7283,"mcpPosition":[-5.12504,346.849,4.83205],"pipPosition":[-14.8678,349.595,-35.3562],"stabilizedTipPosition":[-31.4339,330.504,-52.246],"timeVisible":28.5846,"tipPosition":[-30.1674,342.23,-66.8499],"tipVelocity":[11.8647,132.628,-166.953],"tool":false,"touchDistance":-0.965331,"touchZone":"hovering","type":1,"width":18.6589},{"bases":[[[0.630967,-0.739808,-0.233591],[0.770364,0.561848,0.30144],[-0.0917653,-0.370148,0.924429]],[[0.628995,-0.747098,-0.214965],[0.315818,0.498232,-0.80748],[0.710369,0.440011,0.549333]],[[0.628995,-0.747098,-0.214965],[-0.662016,-0.369784,-0.651916],[0.407555,0.552362,-0.727183]],[[0.628995,-0.747098,-0.214965],[-0.772093,-0.63262,-0.0605387],[-0.0907628,0.204052,-0.974744]]],"btipPosition":[-30.7364,294.811,14.392],"carpPosition":[5.65149,309.21,64.5321],"dipPosition":[-32.3817,298.51,-3.27772],"direction":[-0.407555,-0.552362,0.727183],"extended":false,"handId":962,"id":9622,"length":64.6373,"mcpPosition":[11.8274,334.121,2.31682],"pipPosition":[-21.2021,313.662,-23.2251],"stabilizedTipPosition":[-37.151,249.809,83.5386],"timeVisible":28.5846,"tipPosition":[-30.944,295.527,11.2178],"tipVelocity":[-11.3526,110.024,-144.297],"tool":false,"touchDistance":0.333333,"touchZone":"none","type":2,"width":18.3255},{"bases":[[[0.550705,-0.826451,-0.117062],[0.810157,0.495471,0.313296],[-0.200923,-0.267372,0.942413]],[[0.549037,-0.828618,-0.109321],[0.437027,0.39611,-0.80753],[0.712437,0.395587,0.579607]],[[0.549037,-0.828618,-0.109321],[-0.651574,-0.342424,-0.676902],[0.523459,0.442875,-0.727909]],[[0.549037,-0.828618,-0.109321],[-0.835796,-0.544587,-0.0697784],[-0.00171546,0.129681,-0.991554]]],"btipPosition":[-18.6885,286.201,16.7039],"carpPosition":[13.8339,301.266,61.3077],"dipPosition":[-18.7194,288.538,-1.16731],"direction":[-0.523459,-0.442875,0.727909],"extended":false,"handId":962,"id":9623,"length":62.1505,"mcpPosition":[25.9747,317.422,4.3621],"pipPosition":[-4.73124,300.373,-20.6189],"stabilizedTipPosition":[-24.7774,236.235,101.213],"timeVisible":28.5846,"tipPosition":[-18.3849,286.798,13.7879],"tipVelocity":[-16.2847,105.637,-170.703],"tool":false,"touchDistance":0.333333,"touchZone":"none","type":3,"width":17.4379},{"bases":[[[0.382267,-0.922271,-0.0573469],[0.864994,0.335315,0.373295],[-0.32505,-0.192303,0.925938]],[[0.389935,-0.917405,-0.0794865],[0.483321,0.277374,-0.83034],[0.783806,0.285361,0.551559]],[[0.389935,-0.917405,-0.0794865],[-0.716467,-0.248033,-0.652039],[0.578469,0.311202,-0.754007]],[[0.389935,-0.917405,-0.0794865],[-0.920185,-0.384941,-0.0712771],[0.0347924,0.100936,-0.994284]]],"btipPosition":[-2.93734,281.804,18.2285],"carpPosition":[17.1084,288.331,58.0757],"dipPosition":[-2.35884,283.483,1.69615],"direction":[-0.578469,-0.311202,0.754007],"extended":false,"handId":962,"id":9624,"length":48.7249,"mcpPosition":[35.2902,299.088,6.28324],"pipPosition":[8.5553,289.354,-12.5299],"stabilizedTipPosition":[-8.75242,236.34,93.2902],"timeVisible":28.5846,"tipPosition":[-2.77035,282.153,14.1725],"tipVelocity":[-16.8724,101.199,-166.169],"tool":false,"touchDistance":0.333333,"touchZone":"none","type":4,"width":15.4897}],"r":[[0.957587,-0.146515,0.248114],[0.182491,0.974746,-0.128714],[-0.222989,0.168534,0.960142]],"s":1.28065,"t":[11.0702,-15.0446,-117.597],"timestamp":669161253660},false],[5,{"currentFrameRate":51.5353,"devices":[],"gestures":[],"hands":[{"armBasis":[[0.718745,-0.675322,-0.165365],[0.634796,0.734416,-0.240139],[0.283618,0.0676263,0.95655]],"armWidth":61.4671,"confidence":0.529083,"direction":[0.208052,0.441591,-0.872761],"elbow":[77.6014,311.099,314.223],"grabStrength":0.0727686,"id":962,"palmNormal":[-0.665218,-0.590271,-0.457237],"palmPosition":[6.52462,318.997,18.9743],"palmVelocity":[11.9414,52.9072,-130.358],"palmWidth":87.7729,"pinchStrength":0.468926,"r":[[0.957747,-0.156036,0.241605],[0.191246,0.972925,-0.129773],[-0.214815,0.170496,0.961658]],"s":1.27889,"sphereCenter":[-10.6738,287.949,-18.4213],"sphereRadius":48.3059,"stabilizedPalmPosition":[-3.36845,278.061,89.3411],"t":[11.2969,-14.0694,-120.04],"timeVisible":28.6036,"type":"right","wrist":[3.732,293.485,65.0855]}],"id":4952732,"interactionBox":{"center":[0,200,0],"size":[235.247,235.247,147.751]},"pointables":[{"bases":[[[0.924136,0.342221,0.169872],[-0.3608,0.635444,0.682667],[0.125679,-0.692168,0.71071]],[[0.759061,0.625371,-0.180935],[-0.489232,0.731312,0.475222],[0.42951,-0.272203,0.861061]],[[0.759061,0.625371,-0.180935],[-0.592972,0.77886,0.204355],[0.268721,-0.0478286,0.96203]],[[0.759061,0.625371,-0.180935],[-0.626737,0.777157,0.056815],[0.176146,0.0702727,0.981853]]],"btipPosition":[-57.1018,317.554,-27.3661],"carpPosition":[-23.6048,304.46,67.904],"dipPosition":[-53.1251,319.14,-5.1997],"direction":[-0.268721,0.0478286,-0.96203],"extended":false,"handId":962,"id":9620,"length":50.2737,"mcpPosition":[-23.6048,304.46,67.904],"pipPosition":[-44.2869,317.567,26.4416],"stabilizedTipPosition":[-63.0114,284.137,26.3514],"timeVisible":28.6036,"tipPosition":[-56.5428,319.222,-21.8556],"tipVelocity":[2.9877,74.0805,-100.531],"tool":false,"touchDistance":-0.753815,"touchZone":"touching","type":0,"width":19.534},{"bases":[[[0.74183,-0.591969,-0.315058],[0.670422,0.665146,0.328808],[0.0149159,-0.455142,0.890294]],[[0.740367,-0.628896,-0.237375],[0.626505,0.773558,-0.0953923],[0.243615,-0.0780916,0.966723]],[[0.740367,-0.628896,-0.237375],[0.560488,0.772499,-0.298493],[0.371093,0.0879484,0.924421]],[[0.740367,-0.628896,-0.237375],[0.500336,0.751396,-0.430194],[0.44891,0.199734,0.870968]]],"btipPosition":[-30.5368,345.089,-72.966],"carpPosition":[-3.33095,314.895,66.1896],"dipPosition":[-23.1381,348.381,-58.6111],"direction":[-0.371093,-0.0879484,-0.924421],"extended":true,"handId":962,"id":9621,"length":56.7283,"mcpPosition":[-4.3895,347.195,3.00685],"pipPosition":[-14.4858,350.432,-37.0574],"stabilizedTipPosition":[-30.9358,333.445,-55.5844],"timeVisible":28.6036,"tipPosition":[-30.0757,343.918,-68.6063],"tipVelocity":[8.64509,109.62,-129.121],"tool":false,"touchDistance":-0.922717,"touchZone":"hovering","type":1,"width":18.6589},{"bases":[[[0.611792,-0.752677,-0.243286],[0.786351,0.545337,0.290276],[-0.0858112,-0.368897,0.925501]],[[0.609955,-0.759897,-0.224747],[0.33158,0.502338,-0.798568],[0.719729,0.412569,0.55837]],[[0.609955,-0.759897,-0.224747],[-0.667452,-0.339776,-0.662616],[0.427156,0.554174,-0.714443]],[[0.609955,-0.759897,-0.224747],[-0.787941,-0.611757,-0.070019],[-0.0842836,0.219796,-0.971898]]],"btipPosition":[-31.4008,295.748,11.4883],"carpPosition":[6.4781,309.29,62.5217],"dipPosition":[-32.9287,299.732,-6.1299],"direction":[-0.427156,-0.554174,0.714443],"extended":false,"handId":962,"id":9622,"length":64.6373,"mcpPosition":[12.2533,334.117,0.234322],"pipPosition":[-21.2114,314.934,-25.7278],"stabilizedTipPosition":[-36.9671,251.406,80.945],"timeVisible":28.6036,"tipPosition":[-31.441,296.536,8.65956],"tipVelocity":[-22.2972,81.9337,-148.349],"tool":false,"touchDistance":0.333333,"touchZone":"none","type":2,"width":18.3255},{"bases":[[[0.531465,-0.837713,-0.125625],[0.824915,0.47813,0.301508],[-0.192512,-0.263871,0.945152]],[[0.529925,-0.839774,-0.118145],[0.44227,0.392539,-0.806419],[0.723586,0.37509,0.579423]],[[0.529925,-0.839774,-0.118145],[-0.661431,-0.322095,-0.677322],[0.530743,0.437074,-0.726139]],[[0.529925,-0.839774,-0.118145],[-0.848024,-0.525706,-0.0669925],[-0.0058509,0.135691,-0.990734]]],"btipPosition":[-19.1877,286.832,14.349],"carpPosition":[14.4436,301.179,59.1724],"dipPosition":[-19.2931,289.278,-3.50744],"direction":[-0.530743,-0.437074,0.726139],"extended":false,"handId":962,"id":9623,"length":62.1505,"mcpPosition":[26.0762,317.124,2.06135],"pipPosition":[-5.11032,300.957,-22.9117],"stabilizedTipPosition":[-24.6941,237.001,99.8519],"timeVisible":28.6036,"tipPosition":[-18.874,287.44,11.5324],"tipVelocity":[-21.6667,70.7377,-147.77],"tool":false,"touchDistance":0.333333,"touchZone":"none","type":3,"width":17.4379},{"bases":[[[0.361957,-0.930032,-0.0634691],[0.877264,0.316812,0.360608],[-0.315269,-0.186204,0.930556]],[[0.369192,-0.925449,-0.0850957],[0.484817,0.269906,-0.831927],[0.792874,0.265885,0.548321]],[[0.369192,-0.925449,-0.0850957],[-0.724746,-0.229383,-0.649713],[0.581757,0.301542,-0.755402]],[[0.369192,-0.925449,-0.0850957],[-0.928888,-0.364562,-0.065275],[0.029386,0.103143,-0.994232]]],"btipPosition":[-3.47634,282.123,15.9162],"carpPosition":[17.398,288.181,55.8857],"dipPosition":[-2.98773,283.838,-0.6153],"direction":[-0.581757,-0.301542,0.755402],"extended":false,"handId":962,"id":9624,"length":48.7249,"mcpPosition":[35.0326,298.596,3.83502],"pipPosition":[7.98843,289.527,-14.8677],"stabilizedTipPosition":[-8.66444,237.094,91.9649],"timeVisible":28.6036,"tipPosition":[-3.30102,282.477,12.0391],"tipVelocity":[-23.0889,59.9398,-144.443],"tool":false,"touchDistance":0.333333,"touchZone":"none","type":4,"width":15.4897}],"r":[[0.957747,-0.156036,0.241605],[0.191246,0.972925,-0.129773],[-0.214815,0.170496,0.961658]],"s":1.27889,"t":[11.2969,-14.0694,-120.04],"timestamp":669161272618},false],[6,{"currentFrameRate":51.6516,"devices":[],"gestures":[],"hands":[{"armBasis":[[0.724509,-0.668701,-0.167111],[0.626374,0.739938,-0.245249],[0.28765,0.0730114,0.954949]],"armWidth":61.4671,"confidence":0.543748,"direction":[0.2007,0.451261,-0.869531],"elbow":[78.9909,313.222,310.743],"grabStrength":0.0577871,"id":962,"palmNormal":[-0.664173,-0.589783,-0.45938],"palmPosition":[6.46294,320.179,16.1481],"palmVelocity":[4.47896,57.6085,-139.655],"palmWidth":87.7729,"pinchStrength":0.504126,"r":[[0.958219,-0.162976,0.235065],[0.196943,0.971894,-0.128981],[-0.207438,0.169886,0.963384]],"s":1.27578,"sphereCenter":[-10.8471,289.445,-21.5592],"sphereRadius":48.2613,"stabilizedPalmPosition":[-3.25232,278.558,88.4765],"t":[11.3794,-12.9904,-122.675],"timeVisible":28.6225,"type":"right","wrist":[4.07143,294.206,62.0234]}],"id":4952733,"interactionBox":{"center":[0,200,0],"size":[235.247,235.247,147.751]},"pointables":[{"bases":[[[0.922997,0.346082,0.168236],[-0.360859,0.626632,0.690734],[0.133629,-0.698255,0.703266]],[[0.754654,0.631369,-0.178523],[-0.492205,0.724678,0.482261],[0.433856,-0.276071,0.857644]],[[0.754654,0.631369,-0.178523],[-0.59865,0.773935,0.206501],[0.268543,-0.0489639,0.962022]],[[0.754654,0.631369,-0.178523],[-0.632568,0.772363,0.057559],[0.174225,0.0694908,0.982251]]],"btipPosition":[-56.9714,318.325,-30.0195],"carpPosition":[-23.3143,304.989,65.0949],"dipPosition":[-53.0381,319.893,-7.84403],"direction":[-0.268543,0.0489639,-0.962022],"extended":false,"handId":962,"id":9620,"length":50.2737,"mcpPosition":[-23.3143,304.989,65.0949],"pipPosition":[-44.2057,318.283,23.797],"stabilizedTipPosition":[-62.7651,285.363,24.5323],"timeVisible":28.6225,"tipPosition":[-56.5295,319.993,-24.4789],"tipVelocity":[4.64412,57.597,-119.932],"tool":false,"touchDistance":-0.746535,"touchZone":"touching","type":0,"width":19.534},{"bases":[[[0.74361,-0.584441,-0.324767],[0.668238,0.665929,0.331659],[0.0224363,-0.463646,0.885736]],[[0.742798,-0.622008,-0.247702],[0.623507,0.777451,-0.0825217],[0.243905,-0.093147,0.965315]],[[0.742798,-0.622008,-0.247702],[0.560636,0.780103,-0.277717],[0.365975,0.0674169,0.928179]],[[0.742798,-0.622008,-0.247702],[0.503599,0.76287,-0.405484],[0.441179,0.17645,0.879901]]],"btipPosition":[-30.6171,347.846,-75.6353],"carpPosition":[-3.11226,315.561,63.3734],"dipPosition":[-23.3458,350.754,-61.1332],"direction":[-0.365975,-0.0674169,-0.928179],"extended":true,"handId":962,"id":9621,"length":56.7283,"mcpPosition":[-4.70453,348.466,0.514069],"pipPosition":[-14.8128,352.326,-39.4919],"stabilizedTipPosition":[-30.5454,336.4,-58.8625],"timeVisible":28.6225,"tipPosition":[-30.1784,346.579,-71.3077],"tipVelocity":[1.55868,125.008,-134.076],"tool":false,"touchDistance":-0.89831,"touchZone":"hovering","type":1,"width":18.6589},{"bases":[[[0.614918,-0.746612,-0.253864],[0.784664,0.547194,0.291344],[-0.0786083,-0.378351,0.922318]],[[0.613264,-0.753862,-0.235795],[0.339226,0.520957,-0.783281],[0.713325,0.400371,0.575214]],[[0.613264,-0.753862,-0.235795],[-0.658918,-0.323638,-0.679033],[0.435585,0.571797,-0.695208]],[[0.613264,-0.753862,-0.235795],[-0.786058,-0.611793,-0.0884429],[-0.0775842,0.239588,-0.96777]]],"btipPosition":[-31.7087,296.871,7.39376],"carpPosition":[6.70984,310.051,59.5986],"dipPosition":[-33.1152,301.214,-10.1496],"direction":[-0.435585,-0.571797,0.695208],"extended":false,"handId":962,"id":9622,"length":64.6373,"mcpPosition":[12.0003,335.515,-2.47457],"pipPosition":[-21.1666,316.899,-29.2198],"stabilizedTipPosition":[-36.8592,252.421,79.2496],"timeVisible":28.6225,"tipPosition":[-31.6525,297.725,4.7859],"tipVelocity":[-18.6118,72.9638,-181.257],"tool":false,"touchDistance":0.333333,"touchZone":"none","type":2,"width":18.3255},{"bases":[[[0.535735,-0.833263,-0.136606],[0.823686,0.480114,0.301716],[-0.185822,-0.27416,0.943561]],[[0.534301,-0.83533,-0.129403],[0.448072,0.409693,-0.794596],[0.716766,0.366572,0.593188]],[[0.534301,-0.83533,-0.129403],[-0.652366,-0.310144,-0.691541],[0.537532,0.45391,-0.710651]],[[0.534301,-0.83533,-0.129403],[-0.845294,-0.527864,-0.0826931],[0.000768804,0.153567,-0.988138]]],"btipPosition":[-19.3373,287.891,10.3468],"carpPosition":[14.705,302.021,56.128],"dipPosition":[-19.3234,290.659,-7.46278],"direction":[-0.537532,-0.45391,0.710651],"extended":false,"handId":962,"id":9623,"length":62.1505,"mcpPosition":[25.9333,318.587,-0.886864],"pipPosition":[-4.95918,302.788,-26.4532],"stabilizedTipPosition":[-24.6418,237.504,98.9384],"timeVisible":28.6225,"tipPosition":[-18.9537,288.563,7.69441],"tipVelocity":[-14.1968,65.3899,-178.734],"tool":false,"touchDistance":0.333333,"touchZone":"none","type":3,"width":17.4379},{"bases":[[[0.367117,-0.927191,-0.0744428],[0.87731,0.318546,0.358963],[-0.309114,-0.197091,0.930378]],[[0.373966,-0.922531,-0.0953169],[0.48819,0.28319,-0.825514],[0.788556,0.262181,0.556274]],[[0.373966,-0.922531,-0.0953169],[-0.719512,-0.223739,-0.657452],[0.585194,0.314446,-0.747443]],[[0.373966,-0.922531,-0.0953169],[-0.926904,-0.368267,-0.0723106],[0.0316068,0.115391,-0.992817]]],"btipPosition":[-3.45447,283.303,12.2948],"carpPosition":[17.7186,289.073,52.6994],"dipPosition":[-2.92893,285.222,-4.2131],"direction":[-0.585194,-0.314446,0.747443],"extended":false,"handId":962,"id":9624,"length":48.7249,"mcpPosition":[35.009,300.098,0.658658],"pipPosition":[8.11209,291.155,-18.3153],"stabilizedTipPosition":[-8.60824,237.586,91.0849],"timeVisible":28.6225,"tipPosition":[-3.23652,283.7,8.60895],"tipVelocity":[-10.9658,62.3437,-167.303],"tool":false,"touchDistance":0.333333,"touchZone":"none","type":4,"width":15.4897}],"r":[[0.958219,-0.162976