{"sensorType":"Leap","data":[[0,{"currentFrameRate":53.0394,"devices":[],"gestures":[],"hands":[{"armBasis":[[0.70258,-0.688431,-0.180121],[0.63406,0.720536,-0.280705],[0.32303,0.0830099,0.942741]],"armWidth":61.4671,"confidence":0.639246,"direction":[0.190543,0.386335,-0.902463],"elbow":[77.0428,310.587,330.563],"grabStrength":0.0517102,"id":962,"palmNormal":[-0.672661,-0.618186,-0.406662],"palmPosition":[-5.22668,311.549,37.3621],"palmVelocity":[18.5925,200.077,-304.179],"palmWidth":87.7729,"pinchStrength":0.598074,"r":[[0.971797,-0.128361,0.197824],[0.175925,0.953252,-0.245685],[-0.157039,0.273557,0.948949]],"s":1.22266,"sphereCenter":[-25.4951,279.733,2.12873],"sphereRadius":47.2473,"stabilizedPalmPosition":[-8.96898,286.896,68.9961],"t":[-0.574461,-24.2953,-98.3613],"timeVisible":38.0934,"type":"right","wrist":[-7.09154,288.967,85.022]}],"id":4953234,"interactionBox":{"center":[0,200,0],"size":[235.247,235.247,147.751]},"pointables":[{"bases":[[[0.92654,0.352852,0.130457],[-0.348965,0.6766,0.64841],[0.140526,-0.646303,0.75003]],[[0.776618,0.596033,-0.203982],[-0.478153,0.768521,0.425142],[0.410163,-0.232638,0.881842]],[[0.776618,0.596033,-0.203982],[-0.576225,0.802959,0.152384],[0.254615,-0.00080445,0.967042]],[[0.776618,0.596033,-0.203982],[-0.559673,0.801424,0.210916],[0.289189,-0.0496382,0.955984]]],"btipPosition":[-69.0445,312.425,-8.18003],"carpPosition":[-34.3909,300.076,87.6716],"dipPosition":[-62.5157,311.305,13.4024],"direction":[-0.254615,0.00080445,-0.967042],"extended":false,"handId":962,"id":9620,"length":50.2737,"mcpPosition":[-34.3909,300.076,87.6716],"pipPosition":[-54.1414,311.278,45.2085],"stabilizedTipPosition":[-69.7854,295.404,18.0533],"timeVisible":38.0934,"tipPosition":[-67.5055,313.594,-2.99241],"tipVelocity":[23.8311,222.344,-311.669],"tool":false,"touchDistance":-0.850389,"touchZone":"hovering","type":0,"width":19.534},{"bases":[[[0.736839,-0.609954,-0.291589],[0.675274,0.684891,0.273731],[0.0327438,-0.398598,0.916541]],[[0.737299,-0.636823,-0.225492],[0.621818,0.77019,-0.141951],[0.26407,-0.0355547,0.963848]],[[0.737299,-0.636823,-0.225492],[0.556766,0.76184,-0.331076],[0.382626,0.118555,0.916265]],[[0.737299,-0.636823,-0.225492],[0.498811,0.738276,-0.454023],[0.455608,0.222272,0.861984]]],"btipPosition":[-43.8716,333.732,-55.6396],"carpPosition":[-14.1736,310.398,84.9213],"dipPosition":[-36.3625,337.395,-41.4328],"direction":[-0.382626,-0.118555,-0.916265],"extended":true,"handId":962,"id":9621,"length":56.7283,"mcpPosition":[-16.4973,338.686,19.8758],"pipPosition":[-27.4413,340.16,-20.0693],"stabilizedTipPosition":[-43.9285,325.221,-42.3921],"timeVisible":38.0934,"tipPosition":[-42.8616,333.839,-51.7064],"tipVelocity":[54.0712,277.546,-312.037],"tool":false,"touchDistance":-0.917772,"touchZone":"hovering","type":1,"width":18.6589},{"bases":[[[0.608502,-0.765958,-0.207444],[0.790679,0.562994,0.24055],[-0.0674613,-0.310396,0.94821]],[[0.60815,-0.767534,-0.202598],[0.397912,0.515586,-0.75884],[0.686891,0.380872,0.618964]],[[0.60815,-0.767534,-0.202598],[-0.587386,-0.26342,-0.765237],[0.533977,0.584382,-0.611037]],[[0.60815,-0.767534,-0.202598],[-0.792744,-0.573911,-0.205387],[0.0413686,0.285514,-0.957481]]],"btipPosition":[-47.2203,286.557,22.9467],"carpPosition":[-4.42531,304.582,81.4237],"dipPosition":[-46.4704,291.733,5.58986],"direction":[-0.533977,-0.584382,0.611037],"extended":false,"handId":962,"id":9622,"length":64.6373,"mcpPosition":[0.114922,325.472,17.608],"pipPosition":[-31.8229,307.763,-11.1715],"stabilizedTipPosition":[-49.6205,266.051,44.7033],"timeVisible":38.0934,"tipPosition":[-47.0602,287.928,18.1724],"tipVelocity":[18.3174,219.278,-284.558],"tool":false,"touchDistance":0.333333,"touchZone":"none","type":2,"width":18.3255},{"bases":[[[0.530595,-0.843534,-0.0831852],[0.82958,0.496649,0.255218],[-0.173971,-0.204426,0.963298]],[[0.531563,-0.842373,-0.0885937],[0.4321,0.359646,-0.827009],[0.728512,0.401327,0.555164]],[[0.531563,-0.842373,-0.0885937],[-0.629365,-0.322804,-0.706893],[0.566869,0.431516,-0.70175]],[[0.531563,-0.842373,-0.0885937],[-0.844497,-0.51901,-0.132112],[0.0653064,0.145043,-0.987268]]],"btipPosition":[-33.7212,277.194,32.8474],"carpPosition":[3.49061,296.284,78.436],"dipPosition":[-32.5441,279.808,15.0535],"direction":[-0.566869,-0.431516,0.70175],"extended":false,"handId":962,"id":9623,"length":62.1505,"mcpPosition":[14.0029,308.637,20.2284],"pipPosition":[-17.3959,291.34,-3.6991],"stabilizedTipPosition":[-35.8853,255.155,56.0834],"timeVisible":38.0934,"tipPosition":[-33.5141,277.921,27.3436],"tipVelocity":[14.6252,214.996,-287.161],"tool":false,"touchDistance":0.333333,"touchZone":"none","type":3,"width":17.4379},{"bases":[[[0.36248,-0.931912,-0.0121531],[0.883357,0.339378,0.323269],[-0.297134,-0.127914,0.946229]],[[0.331923,-0.939928,0.0797618],[0.585294,0.1389,-0.798836],[0.739769,0.311836,0.596238]],[[0.331923,-0.939928,0.0797618],[-0.607241,-0.277612,-0.74444],[0.721863,0.198662,-0.662908]],[[0.331923,-0.939928,0.0797618],[-0.919553,-0.341262,-0.19484],[0.210356,-0.0086731,-0.977586]]],"btipPosition":[-19.3228,276.023,31.4093],"carpPosition":[6.40707,283.108,75.9119],"dipPosition":[-15.8251,275.878,15.1547],"direction":[-0.721863,-0.198662,0.662908],"extended":false,"handId":962,"id":9624,"length":48.7249,"mcpPosition":[23.0273,290.263,22.9845],"pipPosition":[-2.20556,279.627,2.64738],"stabilizedTipPosition":[-20.7903,250.069,59.4958],"timeVisible":38.0934,"tipPosition":[-18.3413,275.939,26.4675],"tipVelocity":[7.48691,213.837,-290.043],"tool":false,"touchDistance":0.333333,"touchZone":"none","type":4,"width":15.4897}],"r":[[0.971797,-0.128361,0.197824],[0.175925,0.953252,-0.245685],[-0.157039,0.273557,0.948949]],"s":1.22266,"t":[-0.574461,-24.2953,-98.3613],"timestamp":669170762442},false],[1,{"currentFrameRate":53.0088,"devices":[],"gestures":[],"hands":[{"armBasis":[[0.699728,-0.690956,-0.181548],[0.642154,0.719676,-0.264016],[0.31308,0.0681576,0.947278]],"armWidth":61.4671,"confidence":0.640225,"direction":[0.194286,0.393924,-0.898375],"elbow":[75.0468,308.402,327.59],"grabStrength":0.045141,"id":962,"palmNormal":[-0.676549,-0.609343,-0.4135],"palmPosition":[-4.41792,313.69,33.4367],"palmVelocity":[30.4093,157.194,-256.33],"palmWidth":87.7729,"pinchStrength":0.597036,"r":[[0.970365,-0.137425,0.198761],[0.182993,0.955099,-0.233023],[-0.157814,0.262489,0.951942]],"s":1.22865,"sphereCenter":[-24.9267,282.607,-2.10764],"sphereRadius":47.2048,"stabilizedPalmPosition":[-8.50583,289.622,65.3772],"t":[0.00327896,-21.3479,-103.191],"timeVisible":38.1124,"type":"right","wrist":[-6.49601,290.65,80.8677]}],"id":4953235,"interactionBox":{"center":[0,200,0],"size":[235.247,235.247,147.751]},"pointables":[{"bases":[[[0.928861,0.344977,0.13494],[-0.34491,0.672576,0.654735],[0.135111,-0.6547,0.743716]],[[0.780369,0.593092,-0.19816],[-0.473219,0.767268,0.432856],[0.408765,-0.244014,0.879414]],[[0.780369,0.593092,-0.19816],[-0.571442,0.80506,0.15916],[0.253927,-0.0109667,0.967161]],[[0.780369,0.593092,-0.19816],[-0.557182,0.803348,0.210192],[0.283855,-0.0536163,0.957367]]],"btipPosition":[-68.1624,315.246,-12.1712],"carpPosition":[-33.7192,301.925,83.5987],"dipPosition":[-61.7541,314.036,9.44249],"direction":[-0.253927,0.0109667,-0.967161],"extended":false,"handId":962,"id":9620,"length":50.2737,"mcpPosition":[-33.7192,301.925,83.5987],"pipPosition":[-53.4024,313.675,41.2525],"stabilizedTipPosition":[-69.3279,298.294,14.3225],"timeVisible":38.1124,"tipPosition":[-66.6406,316.37,-6.97371],"tipVelocity":[34.2538,185.577,-261.652],"tool":false,"touchDistance":-0.853443,"touchZone":"hovering","type":0,"width":19.534},{"bases":[[[0.732843,-0.612222,-0.296858],[0.679784,0.677345,0.281241],[0.0288934,-0.407905,0.912567]],[[0.733062,-0.639366,-0.232015],[0.628111,0.767234,-0.129728],[0.260953,-0.0506329,0.964023]],[[0.733062,-0.639366,-0.232015],[0.566094,0.762622,-0.312962],[0.377037,0.0980783,0.920991]],[[0.733062,-0.639366,-0.232015],[0.51082,0.742758,-0.432866],[0.449091,0.1988,0.871089]]],"btipPosition":[-42.4843,337.614,-59.5738],"carpPosition":[-13.4264,312.131,80.9725],"dipPosition":[-35.0826,340.891,-45.217],"direction":[-0.377037,-0.0980783,-0.920991],"extended":true,"handId":962,"id":9621,"length":56.7283,"mcpPosition":[-15.4769,341.079,16.2091],"pipPosition":[-26.2917,343.178,-23.7433],"stabilizedTipPosition":[-42.9369,329.364,-46.7662],"timeVisible":38.1124,"tipPosition":[-41.5239,337.536,-55.6206],"tipVelocity":[62.7939,239.371,-259.656],"tool":false,"touchDistance":-0.912824,"touchZone":"hovering","type":1,"width":18.6589},{"bases":[[[0.603313,-0.768144,-0.214404],[0.794363,0.554971,0.246972],[-0.0707221,-0.319316,0.945006]],[[0.602935,-0.769801,-0.209466],[0.400362,0.519063,-0.755172],[0.690058,0.371457,0.62116]],[[0.602935,-0.769801,-0.209466],[-0.590653,-0.254235,-0.765829],[0.536282,0.585467,-0.607973]],[[0.602935,-0.769801,-0.209466],[-0.796714,-0.567365,-0.208191],[0.041422,0.29241,-0.955395]]],"btipPosition":[-46.5025,289.14,18.9423],"carpPosition":[-3.71551,306.281,77.4277],"dipPosition":[-45.7517,294.44,1.62332],"direction":[-0.536282,-0.585467,0.607973],"extended":false,"handId":962,"id":9622,"length":64.6373,"mcpPosition":[1.04417,327.772,13.8276],"pipPosition":[-31.0409,310.5,-15.054],"stabilizedTipPosition":[-49.1238,269.721,40.2133],"timeVisible":38.1124,"tipPosition":[-46.3589,290.539,14.1541],"tipVelocity":[27.9184,179.112,-248.176],"tool":false,"touchDistance":0.333333,"touchZone":"none","type":2,"width":18.3255},{"bases":[[[0.524719,-0.846397,-0.0910055],[0.832778,0.48821,0.261022],[-0.176498,-0.21275,0.961034]],[[0.525667,-0.845233,-0.0962062],[0.437309,0.365497,-0.821689],[0.729682,0.389862,0.561758]],[[0.525667,-0.845233,-0.0962062],[-0.629348,-0.310308,-0.712481],[0.572359,0.435075,-0.695064]],[[0.525667,-0.845233,-0.0962062],[-0.84788,-0.511382,-0.139959],[0.0690999,0.155143,-0.985472]]],"btipPosition":[-33.1796,279.587,28.419],"carpPosition":[4.14498,297.957,74.3659],"dipPosition":[-31.9342,282.384,10.6574],"direction":[-0.572359,-0.435075,0.695064],"extended":false,"handId":962,"id":9623,"length":62.1505,"mcpPosition":[14.8099,310.813,16.2952],"pipPosition":[-16.6393,294.01,-7.9165],"stabilizedTipPosition":[-35.4806,258.547,51.7886],"timeVisible":38.1124,"tipPosition":[-32.9414,280.363,23.0327],"tipVelocity":[21.8758,172.378,-260.522],"tool":false,"touchDistance":0.333333,"touchZone":"none","type":3,"width":17.4379},{"bases":[[[0.355904,-0.934286,-0.0210336],[0.885366,0.329894,0.327562],[-0.299098,-0.135203,0.944595]],[[0.324807,-0.943048,0.0718439],[0.576986,0.137391,-0.805115],[0.749392,0.30296,0.588751]],[[0.324807,-0.943048,0.0718439],[-0.619602,-0.269565,-0.737176],[0.714558,0.194925,-0.671871]],[[0.324807,-0.943048,0.0718439],[-0.924181,-0.332613,-0.187769],[0.200972,-0.00540807,-0.979582]]],"btipPosition":[-18.6832,278.428,27.7606],"carpPosition":[6.97117,284.787,71.714],"dipPosition":[-15.3416,278.338,11.4727],"direction":[-0.714558,-0.194925,0.671871],"extended":false,"handId":962,"id":9624,"length":48.7249,"mcpPosition":[23.7012,292.349,18.878],"pipPosition":[-1.85979,282.016,-1.2037],"stabilizedTipPosition":[-20.4013,253.902,54.6962],"timeVisible":38.1124,"tipPosition":[-17.7581,278.347,22.7213],"tipVelocity":[19.4512,171.343,-242.173],"tool":false,"touchDistance":0.333333,"touchZone":"none","type":4,"width":15.4897}],"r":[[0.970365,-0.137425,0.198761],[0.182993,0.955099,-0.233023],[-0.157814,0.262489,0.951942]],"s":1.22865,"t":[0.00327896,-21.3479,-103.191],"timestamp":669170781417},false],[2,{"currentFrameRate":52.9976,"devices":[],"gestures":[],"hands":[{"armBasis":[[0.7093,-0.683115,-0.173916],[0.631098,0.72531,-0.27503],[0.31402,0.0853205,0.945575]],"armWidth":61.4671,"confidence":0.594607,"direction":[0.194197,0.404108,-0.893859],"elbow":[75.5256,314.941,322.009],"grabStrength":0.0356567,"id":962,"palmNormal":[-0.67023,-0.6107,-0.421706],"palmPosition":[-4.20637,316.232,28.5303],"palmVelocity":[20.9801,146.01,-257.87],"palmWidth":87.7729,"pinchStrength":0.594786,"r":[[0.969264,-0.143512,0.199828],[0.187259,0.957152,-0.220892],[-0.159565,0.251522,0.954607]],"s":1.2336,"sphereCenter":[-24.4364,285.59,-7.36427],"sphereRadius":47.1444,"stabilizedPalmPosition":[-8.17683,291.659,62.5577],"t":[0.397925,-18.6035,-108.059],"timeVisible":38.1313,"type":"right","wrist":[-6.26212,292.719,75.73]}],"id":4953236,"interactionBox":{"center":[0,200,0],"size":[235.247,235.247,147.751]},"pointables":[{"bases":[[[0.925602,0.351055,0.1415],[-0.352522,0.663458,0.659964],[0.137805,-0.660745,0.737852]],[[0.775508,0.601825,-0.190771],[-0.480687,0.758753,0.439584],[0.409301,-0.2492,0.877709]],[[0.775508,0.601825,-0.190771],[-0.579435,0.798463,0.163436],[0.250683,-0.0162063,0.967933]],[[0.775508,0.601825,-0.190771],[-0.568759,0.797143,0.202672],[0.274045,-0.0486709,0.960485]]],"btipPosition":[-67.7247,317.381,-17.3094],"carpPosition":[-33.5839,303.75,78.4741],"dipPosition":[-61.5379,316.282,4.37458],"direction":[-0.250683,0.0162063,-0.967933],"extended":false,"handId":962,"id":9620,"length":50.2737,"mcpPosition":[-33.5839,303.75,78.4741],"pipPosition":[-53.2929,315.749,36.21],"stabilizedTipPosition":[-68.9808,300.454,11.2665],"timeVisible":38.1313,"tipPosition":[-66.2825,318.524,-12.0882],"tipVelocity":[27.4832,150.597,-266.18],"tool":false,"touchDistance":-0.873263,"touchZone":"hovering","type":0,"width":19.534},{"bases":[[[0.738732,-0.603467,-0.300169],[0.673373,0.68,0.29012],[0.0290371,-0.416446,0.908696]],[[0.738985,-0.630591,-0.237182],[0.623327,0.773535,-0.114488],[0.255664,-0.0632369,0.964695]],[[0.738985,-0.630591,-0.237182],[0.564934,0.771807,-0.291828],[0.367083,0.0816644,0.926597]],[[0.738985,-0.630591,-0.237182],[0.512938,0.754855,-0.408763],[0.436801,0.180411,0.881282]]],"btipPosition":[-41.7789,341.44,-64.581],"carpPosition":[-13.3646,314.142,76.0172],"dipPosition":[-34.5797,344.413,-50.0562],"direction":[-0.367083,-0.0816644,-0.926597],"extended":true,"handId":962,"id":9621,"length":56.7283,"mcpPosition":[-15.4253,343.696,11.5284],"pipPosition":[-26.0209,346.317,-28.4518],"stabilizedTipPosition":[-42.153,332.919,-50.7983],"timeVisible":38.1313,"tipPosition":[-40.8843,341.16,-60.6078],"tipVelocity":[49.0834,219.376,-261.18],"tool":false,"touchDistance":-0.924404,"touchZone":"hovering","type":1,"width":18.6589},{"bases":[[[0.610173,-0.761205,-0.219672],[0.789044,0.558879,0.255076],[-0.0713948,-0.328971,0.941637]],[[0.609778,-0.762976,-0.214568],[0.395048,0.527283,-0.75227],[0.687101,0.373953,0.622938]],[[0.609778,-0.762976,-0.214568],[-0.589919,-0.256116,-0.765768],[0.529308,0.593526,-0.606268]],[[0.609778,-0.762976,-0.214568],[-0.791696,-0.573627,-0.210168],[0.037271,0.298028,-0.953829]]],"btipPosition":[-45.9328,291.473,14.0337],"carpPosition":[-3.59512,308.404,72.4502],"dipPosition":[-45.2572,296.876,-3.25687],"direction":[-0.529308,-0.593526,0.606268],"extended":false,"handId":962,"id":9622,"length":64.6373,"mcpPosition":[1.20984,330.544,9.07684],"pipPosition":[-30.7378,313.157,-19.8874],"stabilizedTipPosition":[-48.7175,272.513,36.5516],"timeVisible":38.1313,"tipPosition":[-45.8326,292.901,9.18559],"tipVelocity":[28.5534,152.405,-253.606],"tool":false,"touchDistance":0.333333,"touchZone":"none","type":2,"width":18.3255},{"bases":[[[0.531787,-0.841269,-0.0973072],[0.827944,0.492294,0.268617],[-0.178075,-0.223412,0.95832]],[[0.532661,-0.840155,-0.102042],[0.441798,0.378868,-0.813187],[0.721864,0.388071,0.572987]],[[0.532661,-0.840155,-0.102042],[-0.620744,-0.305876,-0.721884],[0.575281,0.447861,-0.68445]],[[0.532661,-0.840155,-0.102042],[-0.84301,-0.516035,-0.151795],[0.0748739,0.166878,-0.983131]]],"btipPosition":[-32.7323,281.972,22.7433],"carpPosition":[4.34219,300.173,69.3361],"dipPosition":[-31.3828,284.979,5.0239],"direction":[-0.575282,-0.447861,0.68445],"extended":false,"handId":962,"id":9623,"length":62.1505,"mcpPosition":[15.1024,313.673,11.4293],"pipPosition":[-16.0098,296.947,-13.2663],"stabilizedTipPosition":[-35.173,260.972,48.4578],"timeVisible":38.1313,"tipPosition":[-32.4441,282.787,17.6033],"tipVelocity":[23.3698,150.932,-279.714],"tool":false,"touchDistance":0.333333,"touchZone":"none","type":3,"width":17.4379},{"bases":[[[0.363443,-0.931172,-0.0287748],[0.881571,0.333768,0.333815],[-0.301235,-0.14669,0.942199]],[[0.331817,-0.941123,0.0646963],[0.577488,0.148421,-0.802794],[0.745925,0.303742,0.592736]],[[0.331817,-0.941123,0.0646963],[-0.616351,-0.268208,-0.740389],[0.714149,0.205798,-0.669058]],[[0.331817,-0.941123,0.0646963],[-0.921231,-0.338038,-0.192518],[0.203053,0.00428054,-0.979158]]],"btipPosition":[-18.1607,280.943,22.552],"carpPosition":[7.2828,287.052,66.5675],"dipPosition":[-14.7845,281.014,6.27117],"direction":[-0.714149,-0.205798,0.669058],"extended":false,"handId":962,"id":9624,"length":48.7249,"mcpPosition":[24.1324,295.257,13.8655],"pipPosition":[-1.31041,284.897,-6.35213],"stabilizedTipPosition":[-20.0915,256.68,51.0112],"timeVisible":38.1313,"tipPosition":[-17.2322,280.906,17.5503],"tipVelocity":[23.671,153.489,-258.457],"tool":false,"touchDistance":0.333333,"touchZone":"none","type":4,"width":15.4897}],"r":[[0.969264,-0.143512,0.199828],[0.187259,0.957152,-0.220892],[-0.159565,0.251522,0.954607]],"s":1.2336,"t":[0.397925,-18.6035,-108.059],"timestamp":669170800326},false],[3,{"currentFrameRate":52.9394,"devices":[],"gestures":[],"hands":[{"armBasis":[[0.706098,-0.687297,-0.170437],[0.636839,0.721597,-0.271539],[0.309615,0.0831926,0.947216]],"armWidth":61.4671,"confidence":0.60417,"direction":[0.195613,0.398648,-0.896],"elbow":[74.8039,317.001,318.862],"grabStrength":0.0249194,"id":962,"palmNormal":[-0.673506,-0.609496,-0.418215],"palmPosition":[-3.69504,318.598,24.8377],"palmVelocity":[23.8416,135.094,-225.993],"palmWidth":87.7729,"pinchStrength":0.596225,"r":[[0.968243,-0.149148,0.200649],[0.191576,0.958275,-0.212149],[-0.160635,0.243851,0.956417]],"s":1.23809,"sphereCenter":[-24.3072,288.296,-10.8498],"sphereRadius":47.0318,"stabilizedPalmPosition":[-7.89642,293.344,60.1977],"t":[0.850913,-16.048,-112.339],"timeVisible":38.1504,"type":"right","wrist":[-5.83641,295.333,72.1562]}],"id":4953237,"interactionBox":{"center":[0,200,0],"size":[235.247,235.247,147.751]},"pointables":[{"bases":[[[0.927413,0.347188,0.13916],[-0.34882,0.668498,0.656837],[0.135018,-0.657701,0.74108]],[[0.777946,0.597362,-0.194831],[-0.476477,0.76299,0.436825],[0.409597,-0.246994,0.878194]],[[0.777946,0.597362,-0.194831],[-0.575827,0.801885,0.159386],[0.251443,-0.0118048,0.9678]],[[0.777946,0.597362,-0.194831],[-0.56669,0.800983,0.193101],[0.271407,-0.0398129,0.961641]]],"btipPosition":[-67.2222,319.693,-20.9669],"carpPosition":[-33.1017,306.513,74.8617],"dipPosition":[-61.0949,318.794,0.743267],"direction":[-0.251443,0.0118048,-0.9678],"extended":false,"handId":962,"id":9620,"length":50.2737,"mcpPosition":[-33.1017,306.513,74.8617],"pipPosition":[-52.8249,318.406,32.5743],"stabilizedTipPosition":[-68.6734,302.301,8.62328],"timeVisible":38.1504,"tipPosition":[-65.7867,320.854,-15.7585],"tipVelocity":[26.5507,137.192,-229.132],"tool":false,"touchDistance":-0.869041,"touchZone":"hovering","type":0,"width":19.534},{"bases":[[[0.735553,-0.608608,-0.297587],[0.676906,0.678116,0.28628],[0.0275665,-0.412013,0.910761]],[[0.73577,-0.634443,-0.236907],[0.627918,0.770136,-0.112294],[0.253694,-0.0661356,0.965021]],[[0.73577,-0.634443,-0.236907],[0.572435,0.769549,-0.283041],[0.361885,0.0726394,0.929389]],[[0.73577,-0.634443,-0.236907],[0.523063,0.754572,-0.396265],[0.430171,0.167643,0.887045]]],"btipPosition":[-40.8307,344.316,-68.5782],"carpPosition":[-12.8329,316.792,72.3402],"dipPosition":[-33.7409,347.079,-53.9584],"direction":[-0.361885,-0.0726394,-0.929389],"extended":true,"handId":962,"id":9621,"length":56.7283,"mcpPosition":[-14.7893,346.032,7.70486],"pipPosition":[-25.3032,348.773,-32.2889],"stabilizedTipPosition":[-41.4288,335.87,-54.3343],"timeVisible":38.1504,"tipPosition":[-39.9801,343.869,-64.5906],"tipVelocity":[48.7096,184.164,-234.979],"tool":false,"touchDistance":-0.919926,"touchZone":"hovering","type":1,"width":18.6589},{"bases":[[[0.606269,-0.765302,-0.216218],[0.791956,0.556251,0.251774],[-0.0724114,-0.323878,0.943324]],[[0.605861,-0.767074,-0.211022],[0.39712,0.521429,-0.755253],[0.689368,0.373778,0.620534]],[[0.605861,-0.767074,-0.211022],[-0.591978,-0.257464,-0.763724],[0.531502,0.587631,-0.610078]],[[0.605861,-0.767074,-0.211022],[-0.794686,-0.571009,-0.205967],[0.0374968,0.292484,-0.955535]]],"btipPosition":[-45.5331,293.986,10.5133],"carpPosition":[-3.09418,310.989,68.796],"dipPosition":[-44.8534,299.288,-6.80827],"direction":[-0.531502,-0.587631,0.610078],"extended":false,"handId":962,"id":9622,"length":64.6373,"mcpPosition":[1.7792,332.786,5.30915],"pipPosition":[-30.2738,315.407,-23.5433],"stabilizedTipPosition":[-48.3619,274.928,33.3561],"timeVisible":38.1504,"tipPosition":[-45.4364,295.377,5.67507],"tipVelocity":[24.8108,141.495,-219.567],"tool":false,"touchDistance":0.333333,"touchZone":"none","type":2,"width":18.3255},{"bases":[[[0.527567,-0.844363,-0.0934043],[0.830536,0.489544,0.265625],[-0.178559,-0.217711,0.959541]],[[0.528421,-0.843304,-0.0980255],[0.443336,0.372564,-0.81526],[0.724033,0.387343,0.570738]],[[0.528421,-0.843304,-0.0980255],[-0.622588,-0.306419,-0.720063],[0.577196,0.441526,-0.68695]],[[0.528421,-0.843304,-0.0980255],[-0.845646,-0.512599,-0.148745],[0.0751892,0.161495,-0.984005]]],"btipPosition":[-32.3952,284.455,19.2313],"carpPosition":[4.80043,302.703,65.7184],"dipPosition":[-31.04,287.365,1.49616],"direction":[-0.577196,-0.441526,0.68695],"extended":false,"handId":962,"id":9623,"length":62.1505,"mcpPosition":[15.5899,315.859,7.73786],"pipPosition":[-15.6159,299.164,-16.8609],"stabilizedTipPosition":[-34.9251,262.91,45.7857],"timeVisible":38.1504,"tipPosition":[-32.1047,285.239,14.1129],"tipVelocity":[20.579,140.021,-232.468],"tool":false,"touchDistance":0.333333,"touchZone":"none","type":3,"width":17.4379},{"bases":[[[0.358826,-0.933088,-0.0243166],[0.883421,0.331085,0.331587],[-0.301349,-0.140464,0.943111]],[[0.327129,-0.942424,0.0694544],[0.577769,0.141308,-0.803875],[0.747777,0.303099,0.590729]],[[0.327129,-0.942424,0.0694544],[-0.618146,-0.269001,-0.738603],[0.71476,0.198685,-0.670554]],[[0.327129,-0.942424,0.0694544],[-0.92304,-0.334415,-0.190169],[0.202446,-0.0018995,-0.979292]]],"btipPosition":[-17.8272,283.355,19.0464],"carpPosition":[7.67449,289.554,63.014],"dipPosition":[-14.4611,283.323,2.76337],"direction":[-0.71476,-0.198685,0.670554],"extended":false,"handId":962,"id":9624,"length":48.7249,"mcpPosition":[24.5304,297.41,10.261],"pipPosition":[-0.975499,287.072,-9.88815],"stabilizedTipPosition":[-19.8367,258.916,48.0169],"timeVisible":38.1504,"tipPosition":[-16.9038,283.286,14.0578],"tipVelocity":[20.5429,139.452,-221.465],"tool":false,"touchDistance":0.333333,"touchZone":"none","type":4,"width":15.4897}],"r":[[0.968243,-0.149148,0.200649],[0.191576,0.958275,-0.212149],[-0.160635,0.243851,0.956417]],"s":1.23809,"t":[0.850913,-16.048,-112.339],"timestamp":669170819425},false],[4,{"currentFrameRate":52.9737,"devices":[],"gestures":[],"hands":[{"armBasis":[[0.706171,-0.686017,-0.175221],[0.63786,0.723807,-0.26313],[0.307338,0.074048,0.948715]],"armWidth":61.4671,"confidence":0.620907,"direction":[0.190574,0.403137,-0.895077],"elbow":[74.9475,316.254,316.358],"grabStrength":0.0144115,"id":962,"palmNormal":[-0.675785,-0.607471,-0.417485],"palmPosition":[-3.22455,320.469,22.0488],"palmVelocity":[24.4492,117.857,-188.301],"palmWidth":87.7729,"pinchStrength":0.599307,"r":[[0.967636,-0.153839,0.200034],[0.19477,0.959316,-0.204397],[-0.160451,0.236743,0.958232]],"s":1.24047,"sphereCenter":[-24.1778,290.519,-13.7385],"sphereRadius":46.9896,"stabilizedPalmPosition":[-7.64915,294.78,58.1786],"t":[1.31265,-13.8349,-115.874],"timeVisible":38.1691,"type":"right","wrist":[-5.09976,296.968,69.2617]}],"id":4953238,"interactionBox":{"center":[0,200,0],"size":[235.247,235.247,147.751]},"pointables":[{"bases":[[[0.928149,0.346587,0.13571],[-0.345197,0.665173,0.662105],[0.139206,-0.661379,0.737021]],[[0.77648,0.59868,-0.196626],[-0.474162,0.760619,0.443429],[0.415029,-0.251081,0.874476]],[[0.77648,0.59868,-0.196626],[-0.575512,0.800839,0.165659],[0.256643,-0.0154705,0.966383]],[[0.77648,0.59868,-0.196626],[-0.568028,0.800082,0.192905],[0.272805,-0.038098,0.961315]]],"btipPosition":[-66.9351,321.59,-23.4203],"carpPosition":[-32.3504,308.131,72.1753],"dipPosition":[-60.7762,320.73,-1.71755],"direction":[-0.256643,0.0154705,-0.966383],"extended":false,"handId":962,"id":9620,"length":50.2737,"mcpPosition":[-32.3504,308.131,72.1753],"pipPosition":[-52.3352,320.221,30.0669],"stabilizedTipPosition":[-68.3947,303.987,6.23365],"timeVisible":38.1691,"tipPosition":[-65.5111,322.739,-18.2099],"tipVelocity":[21.2576,119.838,-181.227],"tool":false,"touchDistance":-0.847298,"touchZone":"hovering","type":0,"width":19.534},{"bases":[[[0.733926,-0.607037,-0.304726],[0.678442,0.67675,0.285877],[0.0326856,-0.416552,0.908524]],[[0.734517,-0.632352,-0.246202],[0.628205,0.77084,-0.105664],[0.256599,-0.077053,0.963442]],[[0.734517,-0.632352,-0.246202],[0.574712,0.772606,-0.269789],[0.360818,0.0566695,0.930913]],[[0.734517,-0.632352,-0.246202],[0.527395,0.760269,-0.379269],[0.427011,0.148734,0.89193]]],"btipPosition":[-40.5014,347.408,-71.2183],"carpPosition":[-12.0968,318.425,69.5919],"dipPosition":[-33.4636,349.859,-56.5179],"direction":[-0.360818,-0.0566695,-0.930913],"extended":true,"handId":962,"id":9621,"length":56.7283,"mcpPosition":[-14.4165,347.987,5.11535],"pipPosition":[-25.0508,351.18,-34.813],"stabilizedTipPosition":[-40.8298,338.717,-57.5111],"timeVisible":38.1691,"tipPosition":[-39.6768,346.785,-67.2276],"tipVelocity":[33.207,172.871,-188.552],"tool":false,"touchDistance":-0.895591,"touchZone":"hovering","type":1,"width":18.6589},{"bases":[[[0.605111,-0.764149,-0.22342],[0.793307,0.555071,0.250121],[-0.0671157,-0.328592,0.942084]],[[0.60473,-0.765957,-0.218198],[0.392983,0.525271,-0.754755],[0.692723,0.370675,0.618656]],[[0.60473,-0.765957,-0.218198],[-0.596201,-0.253724,-0.761688],[0.528059,0.590706,-0.610099]],[[0.60473,-0.765957,-0.218198],[-0.795785,-0.570096,-0.204247],[0.0320505,0.297153,-0.954292]]],"btipPosition":[-45.1358,295.93,7.83049],"carpPosition":[-2.37755,312.64,65.9645],"dipPosition":[-44.5548,301.316,-9.46851],"direction":[-0.528059,-0.590706,0.610099],"extended":false,"handId":962,"id":9622,"length":64.6373,"mcpPosition":[2.13942,334.755,2.56102],"pipPosition":[-30.0696,317.52,-26.2041],"stabilizedTipPosition":[-48.0603,276.924,30.708],"timeVisible":38.1691,"tipPosition":[-45.0673,297.34,3.01179],"tipVelocity":[22.4539,123.546,-182.113],"tool":false,"touchDistance":0.333333,"touchZone":"none","type":2,"width":18.3255},{"bases":[[[0.527103,-0.84383,-0.100565],[0.831968,0.4883,0.263424],[-0.173179,-0.222518,0.959424]],[[0.52768,-0.84308,-0.103776],[0.461913,0.387321,-0.797884],[0.712875,0.373092,0.593811]],[[0.52768,-0.84308,-0.103776],[-0.605097,-0.287333,-0.742494],[0.596164,0.454593,-0.661765]],[[0.52768,-0.84308,-0.103776],[-0.844275,-0.507085,-0.173392],[0.0935605,0.179111,-0.97937]]],"btipPosition":[-32.3774,286.36,14.5704],"carpPosition":[5.50038,304.371,62.8015],"dipPosition":[-30.6911,289.589,-3.08114],"direction":[-0.596164,-0.454593,0.661765],"extended":false,"handId":962,"id":9623,"length":62.1505,"mcpPosition":[15.9648,317.817,4.82799],"pipPosition":[-14.7601,301.737,-20.7652],"stabilizedTipPosition":[-34.7584,264.284,43.7827],"timeVisible":38.1691,"tipPosition":[-31.8554,287.204,10.2874],"tipVelocity":[12.9852,123.19,-239.8],"tool":false,"touchDistance":0.333333,"touchZone":"none","type":3,"width":17.4379},{"bases":[[[0.358757,-0.932917,-0.0309796],[0.885234,0.329519,0.328296],[-0.296065,-0.145203,0.944067]],[[0.327467,-0.942743,0.0632551],[0.573161,0.144976,-0.806516],[0.751167,0.300363,0.587818]],[[0.327467,-0.942743,0.0632551],[-0.622445,-0.265608,-0.736217],[0.710864,0.201714,-0.673783]],[[0.327467,-0.942743,0.0632551],[-0.924139,-0.333511,-0.186381],[0.196805,0.00257703,-0.980439]]],"btipPosition":[-17.3853,285.264,16.1737],"carpPosition":[8.36031,291.235,60.0155],"dipPosition":[-14.1129,285.306,-0.128408],"direction":[-0.710864,-0.201714,0.673783],"extended":false,"handId":962,"id":9624,"length":48.7249,"mcpPosition":[24.9207,299.357,7.20905],"pipPosition":[-0.700863,289.112,-12.8409],"stabilizedTipPosition":[-19.6139,260.749,45.5414],"timeVisible":38.1691,"tipPosition":[-16.4929,285.216,11.1962],"tipVelocity":[21.4557,121.517,-188.273],"tool":false,"touchDistance":0.333333,"touchZone":"none","type":4,"width":15.4897}],"r":[[0.967636,-0.153839,0.200034],[0.19477,0.959316,-0.204397],[-0.160451,0.236743,0.958232]],"s":1.24047,"t":[1.31265,-13.8349,-115.874],"timestamp":669170838179},false],[5,{"currentFrameRate":53.0342,"devices":[],"gestures":[],"hands":[{"armBasis":[[0.701043,-0.692252,-0.171248],[0.646592,0.718323,-0.256769],[0.30076,0.0692784,0.95118]],"armWidth":61.4671,"confidence":0.608876,"direction":[0.185197,0.389367,-0.902273],"elbow":[73.9106,316.956,314.683],"grabStrength":0.00451288,"id":962,"palmNormal":[-0.682891,-0.609249,-0.403083],"palmPosition":[-2.81839,321.735,19.3904],"palmVelocity":[23.1589,93.6046,-166.122],"palmWidth":87.7729,"pinchStrength":0.601768,"r":[[0.967294,-0.158178,0.198297],[0.198124,0.959298,-0.201232],[-0.158395,0.233937,0.959262]],"s":1.24167,"sphereCenter":[-24.4359,291.669,-15.8154],"sphereRadius":46.9108,"stabilizedPalmPosition":[-7.44566,295.915,56.5447],"t":[1.7466,-12.0955,-118.971],"timeVisible":38.1878,"type":"right","wrist":[-4.42344,298.912,66.9447]}],"id":4953239,"interactionBox":{"center":[0,200,0],"size":[235.247,235.247,147.751]},"pointables":[{"bases":[[[0.93129,0.342929,0.122873],[-0.33559,0.676463,0.655574],[0.141697,-0.651765,0.745067]],[[0.778064,0.591362,-0.211913],[-0.465794,0.769453,0.43701],[0.421488,-0.241314,0.874137]],[[0.778064,0.591362,-0.211913],[-0.569745,0.806402,0.158449],[0.264587,-0.00254686,0.964358]],[[0.778064,0.591362,-0.211913],[-0.563453,0.806126,0.18078],[0.277735,-0.0212556,0.960423]]],"btipPosition":[-66.8506,322.46,-25.5595],"carpPosition":[-31.5824,310.276,69.933],"dipPosition":[-60.5805,321.98,-3.87689],"direction":[-0.264587,0.00254686,-0.964358],"extended":false,"handId":962,"id":9620,"length":50.2737,"mcpPosition":[-31.5824,310.276,69.933],"pipPosition":[-51.8781,321.896,27.841],"stabilizedTipPosition":[-68.1917,305.236,4.41138],"timeVisible":38.1878,"tipPosition":[-65.4085,323.673,-20.3771],"tipVelocity":[13.8011,86.5901,-149.079],"tool":false,"touchDistance":-0.823059,"touchZone":"hovering","type":0,"width":19.534},{"bases":[[[0.727719,-0.615621,-0.302384],[0.684817,0.676653,0.270492],[0.0380887,-0.40392,0.914001]],[[0.728683,-0.639321,-0.24554],[0.632694,0.765669,-0.11597],[0.262144,-0.0708462,0.962425]],[[0.728683,-0.639321,-0.24554],[0.579979,0.76674,-0.275199],[0.364206,0.0581253,0.929503]],[[0.728683,-0.639321,-0.24554],[0.533573,0.754738,-0.381668],[0.429326,0.147102,0.891089]]],"btipPosition":[-40.4271,348.234,-74.0783],"carpPosition":[-11.2921,320.413,67.0317],"dipPosition":[-33.3511,350.659,-59.3918],"direction":[-0.364206,-0.0581253,-0.929503],"extended":true,"handId":962,"id":9621,"length":56.7283,"mcpPosition":[-13.9952,349.078,2.16648],"pipPosition":[-24.8594,352.014,-37.7197],"stabilizedTipPosition":[-40.4538,340.583,-59.9533],"timeVisible":38.1878,"tipPosition":[-39.5972,347.552,-70.0909],"tipVelocity":[19.2456,110.303,-171.589],"tool":false,"touchDistance":-0.877313,"touchZone":"hovering","type":1,"width":18.6589},{"bases":[[[0.598695,-0.770805,-0.217771],[0.798658,0.553801,0.235477],[-0.0609049,-0.314904,0.947167]],[[0.598345,-0.772555,-0.212466],[0.389781,0.512338,-0.765233],[0.700039,0.375058,0.607682]],[[0.598345,-0.772555,-0.212466],[-0.604106,-0.260786,-0.753025],[0.526345,0.57892,-0.622746]],[[0.598345,-0.772555,-0.212466],[-0.800831,-0.568172,-0.189344],[0.0255617,0.283442,-0.958649]]],"btipPosition":[-44.9901,297.256,5.86349],"carpPosition":[-1.63841,314.52,63.4034],"dipPosition":[-44.5267,302.394,-11.5145],"direction":[-0.526345,-0.57892,0.622746],"extended":false,"handId":962,"id":9622,"length":64.6373,"mcpPosition":[2.46056,335.713,-0.342114],"pipPosition":[-30.0886,318.274,-28.597],"stabilizedTipPosition":[-47.821,278.545,28.5348],"timeVisible":38.1878,"tipPosition":[-44.9547,298.592,1.0464],"tipVelocity":[14.6396,96.6139,-145.4],"tool":false,"touchDistance":0.333333,"touchZone":"none","type":2,"width":18.3255},{"bases":[[[0.521286,-0.848284,-0.0931419],[0.837043,0.486995,0.24939],[-0.166194,-0.207967,0.963913]],[[0.521503,-0.848012,-0.0944008],[0.472805,0.3793,-0.795353],[0.710275,0.370145,0.59875]],[[0.521503,-0.848012,-0.0944008],[-0.597251,-0.283783,-0.750172],[0.609365,0.447598,-0.65447]],[[0.521503,-0.848012,-0.0944008],[-0.84679,-0.500789,-0.179324],[0.104794,0.173456,-0.97925]]],"btipPosition":[-32.5794,287.686,11.378],"carpPosition":[6.1636,306.16,60.2903],"dipPosition":[-30.6906,290.812,-6.27141],"direction":[-0.609365,-0.447598,0.65447],"extended":false,"handId":962,"id":9623,"length":62.1505,"mcpPosition":[16.2059,318.726,2.04556],"pipPosition":[-14.4068,302.773,-23.7605],"stabilizedTipPosition":[-34.656,265.229,42.3532],"timeVisible":38.1878,"tipPosition":[-31.9223,288.486,7.55592],"tipVelocity":[2.62955,97.2932,-206.516],"tool":false,"touchDistance":0.333333,"touchZone":"none","type":3,"width":17.4379},{"bases":[[[0.35303,-0.935379,-0.020871],[0.889939,0.328828,0.316041],[-0.288755,-0.130146,0.948516]],[[0.321997,-0.943748,0.0752203],[0.569925,0.129782,-0.811383],[0.755978,0.304133,0.579655]],[[0.321997,-0.943748,0.0752203],[-0.627576,-0.272258,-0.7294],[0.708849,0.187658,-0.67994]],[[0.321997,-0.943748,0.0752203],[-0.927234,-0.330411,-0.176254],[0.191193,-0.0129935,-0.981466]]],"btipPosition":[-17.2645,286.551,13.9867],"carpPosition":[8.92273,292.97,57.6657],"dipPosition":[-14.0855,286.335,-2.3325],"direction":[-0.708849,-0.187658,0.67994],"extended":false,"handId":962,"id":9624,"length":48.7249,"mcpPosition":[25.0743,300.249,4.61036],"pipPosition":[-0.71143,289.876,-15.1611],"stabilizedTipPosition":[-19.4406,262.198,43.5551],"timeVisible":38.1878,"tipPosition":[-16.4022,286.424,9.12636],"tipVelocity":[13.6242,94.5012,-153.931],"tool":false,"touchDistance":0.333333,"touchZone":"none","type":4,"width":15.4897}],"r":[[0.967294,-0.158178,0.198297],[0.198124,0.959298,-0.201232],[-0.158395,0.233937,0.959262]],"s":1.24167,"t":[1.7466,-12.0955,-118.971],"timestamp":669170856817},false],[6,{"currentFrameRate":53.0498,"devices":[],"gestures":[],"hands":[{"armBasis":[[0.699738,-0.690512,-0.183191],[0.645726,0.721027,-0.251313],[0.30562,0.0575618,0.950412]],"armWidth":61.4671,"confidence":0.612575,"direction":[0.188993,0.397882,-0.897759],"elbow":[74.8864,314.861,311.583],"grabStrength":0,"id":962,"palmNormal":[-0.680307,-0.606237,-0.411897],"palmPosition":[-2.91098,323.132,16.711],"palmVelocity":[9.44019,84.1923,-154.618],"palmWidth":87.7729,"pinchStrength":0.613564,"r":[[0.966856,-0.161799,0.197512],[0.200789,0.959675,-0.196745],[-0.157714,0.229882,0.960354]],"s":1.24204,"sphereCenter":[-24.5999,293.778,-18.8483],"sphereRadius":46.7625,"stabilizedPalmPosition":[-7.29567,296.815,55.2271],"t":[1.91728,-10.5272,-121.859],"timeVisible":38.2066,"type":"right","wrist":[-4.71364,299.869,64.0445]}],"id":4953240,"interactionBox":{"center":[0,200,0],"size":[235.247,235.247,147.751]},"pointables":[{"bases":[[[0.930318,0.342785,0.130413],[-0.339423,0.670018,0.660203],[0.138929,-0.658464,0.739678]],[[0.778185,0.594302,-0.203058],[-0.468712,0.764779,0.442067],[0.418016,-0.248834,0.873696]],[[0.778185,0.594302,-0.203058],[-0.571949,0.804183,0.161756],[0.259428,-0.00973769,0.965713]],[[0.778185,0.594302,-0.203058],[-0.567854,0.803935,0.176722],[0.268272,-0.0222152,0.963087]]],"btipPosition":[-66.6167,323.98,-28.5663],"carpPosition":[-31.899,311.176,67.0097],"dipPosition":[-60.5602,323.478,-6.82349],"direction":[-0.259428,0.00973769,-0.965713],"extended":false,"handId":962,"id":9620,"length":50.2737,"mcpPosition":[-31.899,311.176,67.0097],"pipPosition":[-52.0276,323.158,24.9389],"stabilizedTipPosition":[-68.0386,306.197,2.96769],"timeVisible":38.2066,"tipPosition":[-65.2589,325.169,-23.3574],"tipVelocity":[11.8614,83.6716,-154.046],"tool":false,"touchDistance":-0.81398,"touchZone":"hovering","type":0,"width":19.534},{"bases":[[[0.729821,-0.612017,-0.304626],[0.68278,0.674865,0.279944],[0.0342509,-0.412302,0.910403]],[[0.730572,-0.635195,-0.250584],[0.633198,0.767558,-0.0995757],[0.255588,-0.0859219,0.96296]],[[0.730572,-0.635195,-0.250584],[0.582921,0.771281,-0.255594],[0.355622,0.040659,0.933745]],[[0.730572,-0.635195,-0.250584],[0.538485,0.761589,-0.360577],[0.419879,0.128492,0.898439]]],"btipPosition":[-39.8418,351.116,-76.7993],"carpPosition":[-11.6068,321.361,64.2976],"dipPosition":[-32.9216,353.234,-61.9917],"direction":[-0.355622,-0.040659,-0.933745],"extended":true,"handId":962,"id":9621,"length":56.7283,"mcpPosition":[-14.0375,350.621,-0.312295],"pipPosition":[-24.6299,354.182,-40.2206],"stabilizedTipPosition":[-40.0609,342.548,-62.35],"timeVisible":38.2066,"tipPosition":[-39.039,350.291,-72.8292],"tipVelocity":[24.1256,129.485,-157.77],"tool":false,"touchDistance":-0.858312,"touchZone":"hovering","type":1,"width":18.6589},{"bases":[[[0.600576,-0.768114,-0.222057],[0.796922,0.552465,0.244333],[-0.0649971,-0.323703,0.943924]],[[0.600174,-0.77005,-0.216368],[0.397996,0.522139,-0.754301],[0.693823,0.366598,0.619851]],[[0.600174,-0.77005,-0.216368],[-0.596221,-0.250366,-0.762782],[0.533209,0.586805,-0.609383]],[[0.600174,-0.77005,-0.216368],[-0.799151,-0.565811,-0.203018],[0.033911,0.294757,-0.95497]]],"btipPosition":[-45.0565,298.812,2.3399],"carpPosition":[-1.92953,315.512,60.6606],"dipPosition":[-44.4418,304.155,-14.9714],"direction":[-0.533209,-0.586805,0.609383],"extended":false,"handId":962,"id":9622,"length":64.6373,"mcpPosition":[2.44485,337.297,-2.86669],"pipPosition":[-29.8153,320.252,-31.6874],"stabilizedTipPosition":[-47.6581,279.75,26.843],"timeVisible":38.2066,"tipPosition":[-44.9537,300.158,-2.2304],"tipVelocity":[6.66874,91.0974,-165.558],"tool":false,"touchDistance":0.333333,"touchZone":"none","type":2,"width":18.3255},{"bases":[[[0.522669,-0.846825,-0.0985134],[0.835315,0.485574,0.25781],[-0.170484,-0.217039,0.96116]],[[0.522745,-0.846728,-0.0989383],[0.479176,0.387833,-0.787385],[0.705073,0.364193,0.60847]],[[0.522745,-0.846728,-0.0989383],[-0.58941,-0.275134,-0.759538],[0.615901,0.45536,-0.642895]],[[0.522745,-0.846728,-0.0989383],[-0.844748,-0.498893,-0.193665],[0.114622,0.184815,-0.976066]]],"btipPosition":[-32.715,289.108,7.97559],"carpPosition":[5.89638,307.19,57.5071],"dipPosition":[-30.6491,292.439,-9.61644],"direction":[-0.615901,-0.45536,0.642895],"extended":false,"handId":962,"id":9623,"length":62.1505,"mcpPosition":[16.1979,320.304,-0.571244],"pipPosition":[-14.1906,304.608,-26.7962],"stabilizedTipPosition":[-34.5892,265.91,41.2918],"timeVisible":38.2066,"tipPosition":[-32.0017,289.949,4.24195],"tipVelocity":[-1.12041,87.959,-193.728],"tool":false,"touchDistance":0.333333,"touchZone":"none","type":3,"width":17.4379},{"bases":[[[0.354174,-0.934765,-0.0278418],[0.888075,0.326856,0.323245],[-0.293058,-0.139211,0.945906]],[[0.321456,-0.944214,0.0716007],[0.584822,0.138493,-0.799251],[0.744748,0.298798,0.596716]],[[0.321456,-0.944214,0.0716007],[-0.612047,-0.264875,-0.745144],[0.722541,0.195708,-0.663049]],[[0.321456,-0.944214,0.0716007],[-0.923799,-0.329316,-0.19531],[0.207994,-0.00336122,-0.978124]]],"btipPosition":[-17.4185,287.986,10.2848],"carpPosition":[8.68262,294.027,54.7739],"dipPosition":[-13.9601,287.93,-5.97889],"direction":[-0.72254,-0.195708,0.663049],"extended":false,"handId":962,"id":9624,"length":48.7249,"mcpPosition":[25.0748,301.814,1.86461],"pipPosition":[-0.327779,291.622,-18.4888],"stabilizedTipPosition":[-19.3282,263.226,42.0791],"timeVisible":38.2066,"tipPosition":[-16.4589,287.912,5.78649],"tipVelocity":[4.63601,86.5822,-174.624],"tool":false,"touchDistance":0.333333,"touchZone":"none","type":4,"width