{"sensorType":"Leap","data":[[0,{"currentFrameRate":55.3716,"devices":[],"gestures":[],"hands":[{"armBasis":[[0.831796,-0.528836,-0.168663],[0.479976,0.837868,-0.26],[0.278815,0.135313,0.950764]],"armWidth":61.4671,"confidence":0.625018,"direction":[0.0760839,0.446981,-0.891302],"elbow":[78.8757,320.066,328.519],"grabStrength":0,"id":962,"palmNormal":[-0.562712,-0.718694,-0.408453],"palmPosition":[1.8228,309.028,34.2059],"palmVelocity":[-24.4917,95.7523,-208.251],"palmWidth":87.7729,"pinchStrength":0.503097,"r":[[0.985271,0.056875,0.161267],[-0.0242398,0.979998,-0.197527],[-0.169275,0.190708,0.966942]],"s":1.28269,"sphereCenter":[-11.7302,274.948,-1.90125],"sphereRadius":48.4283,"stabilizedPalmPosition":[2.74351,266.622,109.169],"t":[7.27062,-24.7843,-103.525],"timeVisible":16.35,"type":"right","wrist":[6.25728,284.823,80.8892]}],"id":4952095,"interactionBox":{"center":[0,200,0],"size":[235.247,235.247,147.751]},"pointables":[{"bases":[[[0.849383,0.515713,0.112202],[-0.440501,0.575621,0.688926],[0.290702,-0.634587,0.716095]],[[0.662107,0.726546,-0.183701],[-0.562549,0.643805,0.518704],[0.49513,-0.240096,0.834985]],[[0.662107,0.726546,-0.183701],[-0.706888,0.68688,0.168832],[0.248845,0.0180713,0.968375]],[[0.662107,0.726546,-0.183701],[-0.718144,0.685191,0.121583],[0.214206,0.0514227,0.975434]]],"btipPosition":[-59.3552,300.313,-9.08905],"carpPosition":[-22.4929,290.507,84.9892],"dipPosition":[-54.5192,301.474,12.9325],"direction":[-0.248845,-0.0180713,-0.968375],"extended":false,"handId":962,"id":9620,"length":50.2737,"mcpPosition":[-22.4929,290.507,84.9892],"pipPosition":[-46.3347,302.068,44.7824],"stabilizedTipPosition":[-54.6457,255.477,59.626],"timeVisible":16.35,"tipPosition":[-58.7566,301.925,-3.72563],"tipVelocity":[-26.4976,133.709,-197.15],"tool":false,"touchDistance":-0.727883,"touchZone":"hovering","type":0,"width":19.534},{"bases":[[[0.824233,-0.450013,-0.343697],[0.547111,0.789372,0.278498],[0.145977,-0.417588,0.896834]],[[0.83572,-0.496301,-0.235068],[0.493027,0.866612,-0.0768614],[0.241859,-0.0516603,0.968935]],[[0.83572,-0.496301,-0.235068],[0.445494,0.863005,-0.238238],[0.321103,0.094379,0.94233]],[[0.83572,-0.496301,-0.235068],[0.404364,0.845772,-0.34808],[0.371566,0.195844,0.907515]]],"btipPosition":[-38.6834,330.881,-58.7694],"carpPosition":[-4.68941,304.533,81.9619],"dipPosition":[-32.5594,334.109,-43.8122],"direction":[-0.321103,-0.094379,-0.94233],"extended":true,"handId":962,"id":9621,"length":56.7283,"mcpPosition":[-15.0492,334.169,18.315],"pipPosition":[-25.0727,336.31,-21.841],"stabilizedTipPosition":[-35.2396,303.103,-24.4646],"timeVisible":16.35,"tipPosition":[-37.6769,329.946,-54.8492],"tipVelocity":[-26.874,216.014,-196.804],"tool":false,"touchDistance":-0.728363,"touchZone":"hovering","type":1,"width":18.6589},{"bases":[[[0.73095,-0.630225,-0.26178],[0.681653,0.692568,0.236005],[0.0325643,-0.350951,0.935828]],[[0.730908,-0.629778,-0.26297],[0.195102,0.562051,-0.803762],[0.653994,0.536171,0.533678]],[[0.730908,-0.629778,-0.26297],[-0.606626,-0.422967,-0.67313],[0.312694,0.651521,-0.69119]],[[0.730908,-0.629778,-0.26297],[-0.670351,-0.734796,-0.103461],[-0.128072,0.251903,-0.959241]]],"btipPosition":[-33.0448,277.03,26.4234],"carpPosition":[5.81092,300.779,77.8711],"dipPosition":[-35.3665,281.596,9.03468],"direction":[-0.312694,-0.651521,0.69119],"extended":false,"handId":962,"id":9622,"length":64.6373,"mcpPosition":[3.61931,324.398,14.8887],"pipPosition":[-26.7889,299.468,-9.92534],"stabilizedTipPosition":[-22.4982,228.658,102.342],"timeVisible":16.35,"tipPosition":[-33.186,278.053,23.4474],"tipVelocity":[-61.1416,130.226,-236.783],"tool":false,"touchDistance":0.333333,"touchZone":"none","type":2,"width":18.3255},{"bases":[[[0.674296,-0.725404,-0.138253],[0.732825,0.634231,0.24641],[-0.091063,-0.267469,0.959254]],[[0.673059,-0.72881,-0.125808],[0.320865,0.441009,-0.838187],[0.666361,0.523782,0.530675]],[[0.673059,-0.72881,-0.125808],[-0.594831,-0.432347,-0.677681],[0.439508,0.530954,-0.724514]],[[0.673059,-0.72881,-0.125808],[-0.739472,-0.666169,-0.0969546],[-0.0131476,0.158287,-0.987306]]],"btipPosition":[-19.7284,270.772,30.5686],"carpPosition":[14.997,294.226,74.2484],"dipPosition":[-19.9654,273.625,12.774],"direction":[-0.439508,-0.530954,0.724514],"extended":false,"handId":962,"id":9623,"length":62.1505,"mcpPosition":[20.4995,310.388,16.2852],"pipPosition":[-8.22062,287.813,-6.58683],"stabilizedTipPosition":[-7.43523,226.142,110.623],"timeVisible":16.35,"tipPosition":[-19.3672,271.48,27.9644],"tipVelocity":[-68.0257,114.3,-272.599],"tool":false,"touchDistance":0.333333,"touchZone":"none","type":3,"width":17.4379},{"bases":[[[0.528809,-0.84624,-0.0651012],[0.817838,0.487545,0.305681],[-0.22694,-0.214889,0.949906]],[[0.49017,-0.868499,0.0737791],[0.447258,0.177966,-0.876521],[0.748127,0.462642,0.475676]],[[0.49017,-0.868499,0.0737791],[-0.652813,-0.421887,-0.629164],[0.577554,0.260233,-0.773763]],[[0.49017,-0.868499,0.0737791],[-0.865776,-0.494923,-0.0740473],[0.100825,-0.0275804,-0.994522]]],"btipPosition":[-5.19316,273.718,32.8356],"carpPosition":[20.2042,281.93,71.0584],"dipPosition":[-3.5167,273.26,16.2993],"direction":[-0.577554,-0.260233,0.773763],"extended":false,"handId":962,"id":9624,"length":48.7249,"mcpPosition":[32.8981,293.95,17.9254],"pipPosition":[7.38017,278.169,1.70054],"stabilizedTipPosition":[6.23079,230.6,109.18],"timeVisible":16.35,"tipPosition":[-4.57377,273.459,29.3233],"tipVelocity":[-59.0987,99.8522,-247.413],"tool":false,"touchDistance":0.333333,"touchZone":"none","type":4,"width":15.4897}],"r":[[0.985271,0.056875,0.161267],[-0.0242398,0.979998,-0.197527],[-0.169275,0.190708,0.966942]],"s":1.28269,"t":[7.27062,-24.7843,-103.525],"timestamp":669149019094},false],[1,{"currentFrameRate":55.3573,"devices":[],"gestures":[],"hands":[{"armBasis":[[0.827483,-0.528565,-0.189448],[0.477557,0.839974,-0.257647],[0.295315,0.122726,0.947485]],"armWidth":61.4671,"confidence":0.458341,"direction":[0.0817734,0.447478,-0.890548],"elbow":[82.1779,319.406,324.55],"grabStrength":0,"id":962,"palmNormal":[-0.555586,-0.721358,-0.41348],"palmPosition":[1.12201,311.632,31.056],"palmVelocity":[-31.2478,118.597,-191.901],"palmWidth":87.7729,"pinchStrength":0.527377,"r":[[0.986151,0.0461608,0.159299],[-0.0147613,0.981104,-0.192919],[-0.165194,0.187896,0.968197]],"s":1.27859,"sphereCenter":[-12.2002,277.659,-5.23441],"sphereRadius":48.3056,"stabilizedPalmPosition":[2.73614,266.827,108.814],"t":[6.69578,-22.6216,-106.963],"timeVisible":16.3682,"type":"right","wrist":[5.26192,287.442,77.774]}],"id":4952096,"interactionBox":{"center":[0,200,0],"size":[235.247,235.247,147.751]},"pointables":[{"bases":[[[0.845843,0.519817,0.119748],[-0.449356,0.573371,0.685072],[0.287452,-0.633273,0.718565]],[[0.660032,0.729863,-0.177928],[-0.570974,0.641299,0.512566],[0.488208,-0.236717,0.840011]],[[0.660032,0.729863,-0.177928],[-0.712222,0.683284,0.160821],[0.238952,0.0205773,0.970813]],[[0.660032,0.729863,-0.177928],[-0.723914,0.681225,0.109003],[0.200766,0.0568587,0.977988]]],"btipPosition":[-59.4508,302.424,-12.8374],"carpPosition":[-23.5506,292.986,81.6207],"dipPosition":[-54.9182,303.707,9.24179],"direction":[-0.238952,-0.0205773,-0.970813],"extended":false,"handId":962,"id":9620,"length":50.2737,"mcpPosition":[-23.5506,292.986,81.6207],"pipPosition":[-47.0591,304.384,41.1719],"stabilizedTipPosition":[-54.7196,256.406,58.3018],"timeVisible":16.3682,"tipPosition":[-58.9466,304.022,-7.46566],"tipVelocity":[-18.2317,126.269,-201.456],"tool":false,"touchDistance":-0.739455,"touchZone":"hovering","type":0,"width":19.534},{"bases":[[[0.829411,-0.445952,-0.336458],[0.540789,0.79198,0.2834],[0.140085,-0.417007,0.898043]],[[0.840053,-0.49124,-0.230205],[0.490322,0.869091,-0.0653135],[0.232153,-0.0580076,0.970948]],[[0.840053,-0.49124,-0.230205],[0.44574,0.866873,-0.223266],[0.309235,0.0849437,0.947184]],[[0.840053,-0.49124,-0.230205],[0.406948,0.851213,-0.331405],[0.358753,0.184717,0.914973]]],"btipPosition":[-38.4752,334.072,-62.3845],"carpPosition":[-5.78948,307.098,78.7521],"dipPosition":[-32.5624,337.116,-47.3044],"direction":[-0.309235,-0.0849437,-0.947184],"extended":true,"handId":962,"id":9621,"length":56.7283,"mcpPosition":[-15.7311,336.693,15.0194],"pipPosition":[-25.3523,339.097,-25.22],"stabilizedTipPosition":[-35.5048,307.58,-29.3354],"timeVisible":16.3682,"tipPosition":[-37.5237,333.064,-58.4591],"tipVelocity":[-9.88956,195.927,-197.379],"tool":false,"touchDistance":-0.737662,"touchZone":"hovering","type":1,"width":18.6589},{"bases":[[[0.736286,-0.626626,-0.255385],[0.67617,0.695837,0.242085],[0.0260096,-0.350928,0.936041]],[[0.736268,-0.626377,-0.256049],[0.210658,0.571745,-0.792925],[0.643065,0.529867,0.552909]],[[0.736268,-0.626377,-0.256049],[-0.592725,-0.414405,-0.690613],[0.326476,0.660243,-0.676382]],[[0.736268,-0.626377,-0.256049],[-0.667301,-0.734883,-0.121064],[-0.112334,0.259997,-0.959053]]],"btipPosition":[-33.8051,279.553,21.988],"carpPosition":[4.76467,303.396,74.7537],"dipPosition":[-35.8415,284.266,4.60265],"direction":[-0.326476,-0.660243,0.676382],"extended":false,"handId":962,"id":9622,"length":64.6373,"mcpPosition":[3.01419,327.014,11.757],"pipPosition":[-26.8859,302.377,-13.9512],"stabilizedTipPosition":[-22.6463,229.312,101.281],"timeVisible":16.3682,"tipPosition":[-33.8471,280.585,19.2012],"tipVelocity":[-50.2955,135.411,-240.607],"tool":false,"touchDistance":0.333333,"touchZone":"none","type":2,"width":18.3255},{"bases":[[[0.679007,-0.722099,-0.132373],[0.727531,0.637748,0.252936],[-0.0982238,-0.268051,0.958384]],[[0.677562,-0.725788,-0.118915],[0.339668,0.452219,-0.824696],[0.65233,0.518391,0.552934]],[[0.677562,-0.725788,-0.118915],[-0.577497,-0.424911,-0.697099],[0.455418,0.541001,-0.707044]],[[0.677562,-0.725788,-0.118915],[-0.735449,-0.667573,-0.116018],[0.00481994,0.166065,-0.986103]]],"btipPosition":[-20.4229,273.293,26.1365],"carpPosition":[14.0141,296.888,71.2116],"dipPosition":[-20.336,276.286,8.36358],"direction":[-0.455418,-0.541001,0.707044],"extended":false,"handId":962,"id":9623,"length":62.1505,"mcpPosition":[19.9493,313.085,13.3009],"pipPosition":[-8.16609,290.743,-10.5305],"stabilizedTipPosition":[-7.50297,226.392,110.16],"timeVisible":16.3682,"tipPosition":[-19.9877,274.021,23.6806],"tipVelocity":[-51.9405,126.985,-259.181],"tool":false,"touchDistance":0.333333,"touchZone":"none","type":3,"width":17.4379},{"bases":[[[0.53347,-0.843651,-0.0605216],[0.812729,0.491467,0.312939],[-0.234267,-0.216131,0.947843]],[[0.492683,-0.866416,0.0811561],[0.470226,0.186593,-0.862595],[0.732223,0.463148,0.499342]],[[0.492683,-0.866416,0.0811561],[-0.632514,-0.420598,-0.650403],[0.597653,0.26911,-0.755242]],[[0.492683,-0.866416,0.0811561],[-0.861484,-0.498791,-0.0951488],[0.122918,-0.0230364,-0.992149]]],"btipPosition":[-5.88267,276.215,28.7629],"carpPosition":[19.3089,284.618,68.0664],"dipPosition":[-3.83887,275.832,12.266],"direction":[-0.597653,-0.26911,0.755242],"extended":false,"handId":962,"id":9624,"length":48.7249,"mcpPosition":[32.4126,296.707,15.0487],"pipPosition":[7.43722,280.91,-1.98334],"stabilizedTipPosition":[6.18056,230.796,108.817],"timeVisible":16.3682,"tipPosition":[-5.14929,276.022,25.5226],"tipVelocity":[-46.869,118.398,-236.433],"tool":false,"touchDistance":0.333333,"touchZone":"none","type":4,"width":15.4897}],"r":[[0.986151,0.0461608,0.159299],[-0.0147613,0.981104,-0.192919],[-0.165194,0.187896,0.968197]],"s":1.27859,"t":[6.69578,-22.6216,-106.963],"timestamp":669149037208},false],[2,{"currentFrameRate":55.3301,"devices":[],"gestures":[],"hands":[{"armBasis":[[0.832936,-0.52096,-0.186595],[0.473729,0.845578,-0.246127],[0.286003,0.116613,0.951106]],"armWidth":61.4671,"confidence":0.484034,"direction":[0.0814315,0.450696,-0.888956],"elbow":[79.0207,319.844,322.385],"grabStrength":0,"id":962,"palmNormal":[-0.547963,-0.724777,-0.417654],"palmPosition":[0.366652,313.761,28.0012],"palmVelocity":[-36.1744,117.926,-180.574],"palmWidth":87.7729,"pinchStrength":0.545015,"r":[[0.986588,0.039147,0.158466],[-0.00865564,0.981997,-0.1887],[-0.163001,0.184798,0.969165]],"s":1.27521,"sphereCenter":[-12.8922,280.179,-8.40835],"sphereRadius":48.1071,"stabilizedPalmPosition":[2.72156,267.115,108.316],"t":[6.03069,-20.4758,-110.21],"timeVisible":16.3863,"type":"right","wrist":[4.53011,289.472,74.666]}],"id":4952097,"interactionBox":{"center":[0,200,0],"size":[235.247,235.247,147.751]},"pointables":[{"bases":[[[0.84101,0.526507,0.124468],[-0.456738,0.567638,0.684965],[0.289986,-0.632912,0.717865]],[[0.654362,0.735987,-0.173589],[-0.5795,0.635553,0.510149],[0.485788,-0.233227,0.842387]],[[0.654362,0.735987,-0.173589],[-0.719114,0.676658,0.158138],[0.233848,0.0213506,0.972039]],[[0.654362,0.735987,-0.173589],[-0.731386,0.674307,0.101908],[0.192055,0.0602756,0.979531]]],"btipPosition":[-59.7613,303.932,-16.2299],"carpPosition":[-24.3421,294.765,78.4178],"dipPosition":[-55.4254,305.293,5.88415],"direction":[-0.233848,-0.0213506,-0.972039],"extended":false,"handId":962,"id":9620,"length":50.2737,"mcpPosition":[-24.3421,294.765,78.4178],"pipPosition":[-47.7341,305.995,37.8546],"stabilizedTipPosition":[-54.7862,257.193,57.1594],"timeVisible":16.3863,"tipPosition":[-59.3349,305.523,-10.8411],"tipVelocity":[-18.8759,106.114,-194.227],"tool":false,"touchDistance":-0.74461,"touchZone":"hovering","type":0,"width":19.534},{"bases":[[[0.834383,-0.438054,-0.334534],[0.533073,0.795645,0.287718],[0.140135,-0.418398,0.897388]],[[0.844841,-0.48226,-0.231666],[0.484424,0.873322,-0.0513958],[0.227105,-0.0688032,0.971437]],[[0.844841,-0.48226,-0.231666],[0.44238,0.873206,-0.204479],[0.300904,0.0702677,0.951062]],[[0.844841,-0.48226,-0.231666],[0.405778,0.859785,-0.310022],[0.348694,0.167914,0.922072]]],"btipPosition":[-38.8086,337.172,-65.6604],"carpPosition":[-6.68866,309.033,75.6574],"dipPosition":[-33.0616,339.939,-50.4633],"direction":[-0.300904,-0.0702677,-0.951062],"extended":true,"handId":962,"id":9621,"length":56.7283,"mcpPosition":[-16.6338,338.726,11.9712],"pipPosition":[-26.0458,341.578,-28.2885],"stabilizedTipPosition":[-35.7861,311.87,-33.9946],"timeVisible":16.3863,"tipPosition":[-37.906,336.015,-61.726],"tipVelocity":[-14.9269,182.195,-188.539],"tool":false,"touchDistance":-0.740964,"touchZone":"hovering","type":1,"width":18.6589},{"bases":[[[0.742462,-0.61973,-0.254333],[0.669408,0.700754,0.246651],[0.0253673,-0.353381,0.935135]],[[0.742452,-0.619605,-0.254664],[0.216096,0.581351,-0.784432],[0.634087,0.527372,0.565519]],[[0.742452,-0.619605,-0.254664],[-0.582681,-0.409738,-0.701853],[0.330526,0.669481,-0.665243]],[[0.742452,-0.619605,-0.254664],[-0.661575,-0.737921,-0.133384],[-0.105277,0.267511,-0.957786]]],"btipPosition":[-34.437,281.478,18.0694],"carpPosition":[3.91121,305.43,71.6891],"dipPosition":[-36.3454,286.328,0.707076],"direction":[-0.330526,-0.669481,0.665243],"extended":false,"handId":962,"id":9622,"length":64.6373,"mcpPosition":[2.20396,329.213,8.75331],"pipPosition":[-27.2787,304.692,-17.5412],"stabilizedTipPosition":[-22.7915,229.944,100.246],"timeVisible":16.3863,"tipPosition":[-34.4453,282.525,15.3609],"tipVelocity":[-42.1232,122.213,-228.588],"tool":false,"touchDistance":0.333333,"touchZone":"none","type":2,"width":18.3255},{"bases":[[[0.685513,-0.716029,-0.131813],[0.721211,0.643064,0.257534],[-0.0996381,-0.271608,0.957236]],[[0.683974,-0.719943,-0.117732],[0.343711,0.460385,-0.818479],[0.643461,0.519353,0.562344]],[[0.683974,-0.719943,-0.117732],[-0.567907,-0.424184,-0.705372],[0.457888,0.549317,-0.698992]],[[0.683974,-0.719943,-0.117732],[-0.729423,-0.672498,-0.125253],[0.0110005,0.171547,-0.985115]]],"btipPosition":[-20.9186,275.267,22.5197],"carpPosition":[13.2281,299.01,68.164],"dipPosition":[-20.7203,278.359,4.76462],"direction":[-0.457888,-0.549317,0.698992],"extended":false,"handId":962,"id":9623,"length":62.1505,"mcpPosition":[19.2487,315.422,10.3228],"pipPosition":[-8.48436,293.038,-13.9142],"stabilizedTipPosition":[-7.57736,226.668,109.65],"timeVisible":16.3863,"tipPosition":[-20.4797,276.008,20.0353],"tipVelocity":[-39.5091,118.852,-230.414],"tool":false,"touchDistance":0.333333,"touchZone":"none","type":3,"width":17.4379},{"bases":[[[0.540722,-0.838997,-0.0608651],[0.807398,0.497328,0.317448],[-0.236068,-0.220794,0.94632]],[[0.498766,-0.862748,0.0830547],[0.484937,0.198352,-0.851759],[0.718379,0.465105,0.51731]],[[0.498766,-0.862748,0.0830547],[-0.615891,-0.420209,-0.66641],[0.609845,0.28123,-0.740945]],[[0.498766,-0.862748,0.0830547],[-0.855756,-0.505386,-0.110751],[0.137525,-0.0158357,-0.990372]]],"btipPosition":[-6.45434,278.237,24.8739],"carpPosition":[18.6372,286.794,65.0044],"dipPosition":[-4.16766,277.973,8.40663],"direction":[-0.609845,-0.28123,0.740945],"extended":false,"handId":962,"id":9624,"length":48.7249,"mcpPosition":[31.8416,299.144,12.072],"pipPosition":[7.33844,283.279,-5.57297],"stabilizedTipPosition":[6.12432,231.016,108.41],"timeVisible":16.3863,"tipPosition":[-5.65719,278.105,21.82],"tipVelocity":[-38.0577,115.717,-225.588],"tool":false,"touchDistance":0.333333,"touchZone":"none","type":4,"width":15.4897}],"r":[[0.986588,0.039147,0.158466],[-0.00865564,0.981997,-0.1887],[-0.163001,0.184798,0.969165]],"s":1.27521,"t":[6.03069,-20.4758,-110.21],"timestamp":669149055375},false],[3,{"currentFrameRate":55.3427,"devices":[],"gestures":[],"hands":[{"armBasis":[[0.831432,-0.524926,-0.182137],[0.471881,0.840164,-0.267307],[0.293342,0.136301,0.946241]],"armWidth":61.4671,"confidence":0.514313,"direction":[0.0808256,0.454573,-0.887035],"elbow":[80.3537,326.466,317.897],"grabStrength":0,"id":962,"palmNormal":[-0.555579,-0.718324,-0.418739],"palmPosition":[-0.238257,315.524,24.9239],"palmVelocity":[-34.9334,108.395,-175.897],"palmWidth":87.7729,"pinchStrength":0.562344,"r":[[0.987103,0.0318297,0.156888],[-0.00239684,0.982863,-0.184324],[-0.160066,0.181571,0.970263]],"s":1.27243,"sphereCenter":[-14.2854,282.668,-11.5497],"sphereRadius":47.9001,"stabilizedPalmPosition":[2.70061,267.458,107.726],"t":[5.39569,-18.5212,-113.372],"timeVisible":16.4044,"type":"right","wrist":[3.95171,290.966,71.4451]}],"id":4952098,"interactionBox":{"center":[0,200,0],"size":[235.247,235.247,147.751]},"pointables":[{"bases":[[[0.845691,0.519263,0.123179],[-0.449068,0.567696,0.68997],[0.288348,-0.638818,0.71328]],[[0.659093,0.73185,-0.173182],[-0.573748,0.638186,0.513353],[0.48622,-0.238985,0.840522]],[[0.659093,0.73185,-0.173182],[-0.713834,0.681261,0.162247],[0.236722,0.0166869,0.971434]],[[0.659093,0.73185,-0.173182],[-0.726768,0.679028,0.103584],[0.193403,0.0575915,0.979428]]],"btipPosition":[-60.4252,306.124,-19.1764],"carpPosition":[-24.8603,296.465,75.3592],"dipPosition":[-56.0589,307.424,2.9353],"direction":[-0.236722,-0.0166869,-0.971434],"extended":false,"handId":962,"id":9620,"length":50.2737,"mcpPosition":[-24.8603,296.465,75.3592],"pipPosition":[-48.2731,307.973,34.8859],"stabilizedTipPosition":[-54.8608,257.985,56.0124],"timeVisible":16.4044,"tipPosition":[-60.0063,307.688,-13.7661],"tipVelocity":[-27.2064,113.088,-179.649],"tool":false,"touchDistance":-0.742688,"touchZone":"hovering","type":0,"width":19.534},{"bases":[[[0.829349,-0.442862,-0.340666],[0.540641,0.789968,0.289235],[0.141024,-0.424055,0.894589]],[[0.839765,-0.486343,-0.241382],[0.492297,0.869541,-0.0392779],[0.228994,-0.0858473,0.969635]],[[0.839765,-0.486343,-0.241382],[0.451374,0.872423,-0.187456],[0.301755,0.048466,0.952153]],[[0.839765,-0.486343,-0.241382],[0.41572,0.861912,-0.290319],[0.349244,0.143453,0.925986]]],"btipPosition":[-39.3986,340.767,-68.5462],"carpPosition":[-7.10833,310.609,72.5882],"dipPosition":[-33.6425,343.131,-53.2846],"direction":[-0.301755,-0.048466,-0.952153],"extended":true,"handId":962,"id":9621,"length":56.7283,"mcpPosition":[-17.1166,340.703,9.10064],"pipPosition":[-26.6069,344.261,-31.0843],"stabilizedTipPosition":[-36.1329,316.332,-38.6989],"timeVisible":16.4044,"tipPosition":[-38.5267,339.453,-64.6216],"tipVelocity":[-23.3156,187.935,-174.657],"tool":false,"touchDistance":-0.738265,"touchZone":"hovering","type":1,"width":18.6589},{"bases":[[[0.736377,-0.62422,-0.260955],[0.676034,0.694223,0.247048],[0.0269483,-0.358335,0.933204]],[[0.736384,-0.624308,-0.260726],[0.224042,0.588642,-0.776727],[0.638391,0.513556,0.573338]],[[0.736384,-0.624308,-0.260726],[-0.585371,-0.394692,-0.708209],[0.339234,0.674135,-0.656096]],[[0.736384,-0.624308,-0.260726],[-0.668745,-0.730073,-0.140618],[-0.10256,0.277908,-0.955117]]],"btipPosition":[-35.4985,283.651,14.3994],"carpPosition":[3.44431,306.943,68.5519],"dipPosition":[-37.3577,288.689,-2.91456],"direction":[-0.339234,-0.674135,0.656096],"extended":false,"handId":962,"id":9622,"length":64.6373,"mcpPosition":[1.63065,331.06,5.74613],"pipPosition":[-28.0521,307.181,-20.9119],"stabilizedTipPosition":[-22.95,230.606,99.1622],"timeVisible":16.4044,"tipPosition":[-35.4858,284.709,11.7608],"tipVelocity":[-49.7765,122.559,-216.443],"tool":false,"touchDistance":0.333333,"touchZone":"none","type":2,"width":18.3255},{"bases":[[[0.679245,-0.720694,-0.138658],[0.727432,0.636074,0.257395],[-0.0973065,-0.275699,0.956306]],[[0.677685,-0.724809,-0.124079],[0.350011,0.466333,-0.81242],[0.646711,0.507136,0.569718]],[[0.677685,-0.724809,-0.124079],[-0.569827,-0.410957,-0.711625],[0.464801,0.552962,-0.691515]],[[0.677685,-0.724809,-0.124079],[-0.735241,-0.664929,-0.131494],[0.012804,0.18034,-0.983521]]],"btipPosition":[-21.9509,277.243,18.8163],"carpPosition":[12.6939,300.469,64.9507],"dipPosition":[-21.7202,280.494,1.08988],"direction":[-0.464801,-0.552962,0.691515],"extended":false,"handId":962,"id":9623,"length":62.1505,"mcpPosition":[18.5737,317.128,7.16559],"pipPosition":[-9.29949,295.27,-17.3892],"stabilizedTipPosition":[-7.6645,226.98,109.073],"timeVisible":16.4044,"tipPosition":[-21.5045,278.001,16.3583],"tipVelocity":[-47.7363,115.442,-218.401],"tool":false,"touchDistance":0.333333,"touchZone":"none","type":3,"width":17.4379},{"bases":[[[0.533826,-0.842884,-0.0676541],[0.81275,0.489364,0.316165],[-0.233383,-0.223763,0.946289]],[[0.49196,-0.867158,0.0775408],[0.489572,0.201894,-0.848268],[0.719927,0.455275,0.52386]],[[0.49196,-0.867158,0.0775408],[-0.616242,-0.40975,-0.67257],[0.614997,0.283093,-0.73596]],[[0.49196,-0.867158,0.0775408],[-0.859473,-0.497937,-0.115609],[0.138862,-0.009769,-0.990264]]],"btipPosition":[-7.42187,280.035,21.2558],"carpPosition":[17.9921,288.226,61.7038],"dipPosition":[-5.11296,279.872,4.79033],"direction":[-0.614997,-0.283093,0.73596],"extended":false,"handId":962,"id":9624,"length":48.7249,"mcpPosition":[31.0464,300.743,8.77312],"pipPosition":[6.49035,285.214,-9.09522],"stabilizedTipPosition":[6.06004,231.258,107.96],"timeVisible":16.4044,"tipPosition":[-6.62086,279.94,18.2717],"tipVelocity":[-45.3295,108.755,-213.781],"tool":false,"touchDistance":0.333333,"touchZone":"none","type":4,"width":15.4897}],"r":[[0.987103,0.0318297,0.156888],[-0.00239684,0.982863,-0.184324],[-0.160066,0.181571,0.970263]],"s":1.27243,"t":[5.39569,-18.5212,-113.372],"timestamp":669149073401},false],[4,{"currentFrameRate":55.3303,"devices":[],"gestures":[],"hands":[{"armBasis":[[0.829219,-0.526477,-0.187665],[0.478055,0.84203,-0.249898],[0.289586,0.117506,0.949912]],"armWidth":61.4671,"confidence":0.548081,"direction":[0.0754386,0.461243,-0.884061],"elbow":[79.4948,323.504,315.626],"grabStrength":0,"id":962,"palmNormal":[-0.562097,-0.712631,-0.419768],"palmPosition":[-0.397917,317.843,21.9285],"palmVelocity":[-22.5017,117.726,-170.876],"palmWidth":87.7729,"pinchStrength":0.576742,"r":[[0.987756,0.0248959,0.154008],[0.0031557,0.983794,-0.179273],[-0.155976,0.177564,0.97167]],"s":1.26966,"sphereCenter":[-15.2201,285.707,-14.6478],"sphereRadius":47.6998,"stabilizedPalmPosition":[2.67357,267.898,106.977],"t":[4.99836,-16.3844,-116.45],"timeVisible":16.4225,"type":"right","wrist":[4.07113,292.9,68.2181]}],"id":4952099,"interactionBox":{"center":[0,200,0],"size":[235.247,235.247,147.751]},"pointables":[{"bases":[[[0.848899,0.514695,0.120248],[-0.440911,0.564101,0.698132],[0.291492,-0.645662,0.705799]],[[0.660556,0.730546,-0.173112],[-0.56819,0.637156,0.520761],[0.490739,-0.245631,0.835967]],[[0.660556,0.730546,-0.173112],[-0.71034,0.682789,0.170928],[0.24307,0.0100611,0.969957]],[[0.660556,0.730546,-0.173112],[-0.724129,0.680829,0.110039],[0.198249,0.0526687,0.978736]]],"btipPosition":[-60.7844,308.797,-21.8376],"carpPosition":[-24.6837,298.489,72.4145],"dipPosition":[-56.3087,309.986,0.258473],"direction":[-0.24307,-0.0100611,-0.969957],"extended":false,"handId":962,"id":9620,"length":50.2737,"mcpPosition":[-24.6837,298.489,72.4145],"pipPosition":[-48.3141,310.317,32.1604],"stabilizedTipPosition":[-54.957,258.989,54.5822],"timeVisible":16.4225,"tipPosition":[-60.3517,310.317,-16.4083],"tipVelocity":[-23.0336,128.818,-164.156],"tool":false,"touchDistance":-0.736724,"touchZone":"hovering","type":0,"width":19.534},{"bases":[[[0.824598,-0.443647,-0.351022],[0.546396,0.785362,0.290962],[0.146595,-0.431723,0.890014]],[[0.835472,-0.486787,-0.254999],[0.496812,0.867403,-0.0281076],[0.234869,-0.103203,0.966533]],[[0.835472,-0.486787,-0.254999],[0.456227,0.873093,-0.171945],[0.306338,0.0273179,0.951531]],[[0.835472,-0.486787,-0.254999],[0.420983,0.86521,-0.272367],[0.353213,0.120205,0.927789]]],"btipPosition":[-39.9961,344.877,-71.0885],"carpPosition":[-6.89475,312.579,69.6079],"dipPosition":[-34.1747,346.858,-55.7972],"direction":[-0.306338,-0.0273179,-0.951531],"extended":true,"handId":962,"id":9621,"length":56.7283,"mcpPosition":[-17.2984,343.218,6.44498],"pipPosition":[-27.0321,347.495,-33.6114],"stabilizedTipPosition":[-36.5903,321.587,-43.9306],"timeVisible":16.4225,"tipPosition":[-39.1222,343.45,-67.1917],"tipVelocity":[-27.5218,204.153,-158.142],"tool":false,"touchDistance":-0.730804,"touchZone":"hovering","type":1,"width":18.6589},{"bases":[[[0.731512,-0.625236,-0.271974],[0.681024,0.689382,0.246898],[0.033125,-0.36583,0.930092]],[[0.731538,-0.625533,-0.271219],[0.225739,0.59758,-0.769376],[0.643346,0.501604,0.57836]],[[0.731538,-0.625533,-0.271219],[-0.589811,-0.381061,-0.71198],[0.342016,0.680809,-0.647707]],[[0.731538,-0.625533,-0.271219],[-0.673665,-0.724426,-0.146228],[-0.105008,0.289682,-0.951345]]],"btipPosition":[-36.0124,286.273,10.9803],"carpPosition":[3.60834,308.901,65.4554],"dipPosition":[-37.916,291.524,-6.2653],"direction":[-0.342016,-0.680809,0.647707],"extended":false,"handId":962,"id":9622,"length":64.6373,"mcpPosition":[1.37899,333.522,2.859],"pipPosition":[-28.5341,310.199,-24.0325],"stabilizedTipPosition":[-23.1394,231.404,97.869],"timeVisible":16.4225,"tipPosition":[-36.0009,287.353,8.37931],"tipVelocity":[-39.8566,134.391,-202.842],"tool":false,"touchDistance":0.333333,"touchZone":"none","type":2,"width":18.3255},{"bases":[[[0.674979,-0.722434,-0.149973],[0.732256,0.630937,0.256359],[-0.0905792,-0.282855,0.954876]],[[0.673469,-0.726801,-0.134911],[0.353038,0.476583,-0.805129],[0.649464,0.494601,0.577552]],[[0.673469,-0.726801,-0.134911],[-0.571887,-0.396632,-0.718072],[0.468386,0.560753,-0.682767]],[[0.673469,-0.726801,-0.134911],[-0.739128,-0.659274,-0.13801],[0.0113628,0.192662,-0.981199]]],"btipPosition":[-22.4398,279.734,15.0652],"carpPosition":[12.8,302.416,61.7265],"dipPosition":[-22.235,283.206,-2.61931],"direction":[-0.468386,-0.560753,0.682767],"extended":false,"handId":962,"id":9623,"length":62.1505,"mcpPosition":[18.2733,319.508,4.02782],"pipPosition":[-9.71856,298.191,-20.8646],"stabilizedTipPosition":[-7.77214,227.371,108.356],"timeVisible":16.4225,"tipPosition":[-21.9936,280.516,12.6489],"tipVelocity":[-38.0174,127.259,-212.749],"tool":false,"touchDistance":0.333333,"touchZone":"none","type":3,"width":17.4379},{"bases":[[[0.529629,-0.844568,-0.0787306],[0.817427,0.483407,0.313259],[-0.22651,-0.230268,0.946399]],[[0.488007,-0.870087,0.0692582],[0.498323,0.21259,-0.840523],[0.716605,0.444695,0.53733]],[[0.488007,-0.870087,0.0692582],[-0.611083,-0.397239,-0.684674],[0.623238,0.291804,-0.725551]],[[0.488007,-0.870087,0.0692582],[-0.861077,-0.492896,-0.124899],[0.14281,0.00131493,-0.989749]]],"btipPosition":[-7.8876,282.362,17.2207],"carpPosition":[18.0186,290.178,58.3393],"dipPosition":[-5.51304,282.384,0.763801],"direction":[-0.623238,-0.291804,0.725551],"extended":false,"handId":962,"id":9624,"length":48.7249,"mcpPosition":[30.6885,303.058,5.40244],"pipPosition":[6.24577,287.89,-12.9254],"stabilizedTipPosition":[5.98646,231.539,107.442],"timeVisible":16.4225,"tipPosition":[-7.05457,282.329,14.4218],"tipVelocity":[-35.5941,119.259,-217.991],"tool":false,"touchDistance":0.333333,"touchZone":"none","type":4,"width":15.4897}],"r":[[0.987756,0.0248959,0.154008],[0.0031557,0.983794,-0.179273],[-0.155976,0.177564,0.97167]],"s":1.26966,"t":[4.99836,-16.3844,-116.45],"timestamp":669149091517},false],[5,{"currentFrameRate":55.347,"devices":[],"gestures":[],"hands":[{"armBasis":[[0.827048,-0.532176,-0.181054],[0.4811,0.836699,-0.26168],[0.290748,0.129317,0.94802]],"armWidth":61.4671,"confidence":0.567866,"direction":[0.0754739,0.454568,-0.887509],"elbow":[79.6448,328.022,313.025],"grabStrength":0,"id":962,"palmNormal":[-0.567928,-0.711982,-0.412963],"palmPosition":[-0.543593,318.988,19.6611],"palmVelocity":[-15.6705,92.0531,-149.557],"palmWidth":87.7729,"pinchStrength":0.587331,"r":[[0.988362,0.0183253,0.151009],[0.00873697,0.98424,-0.176624],[-0.151866,0.175887,0.972625]],"s":1.26776,"sphereCenter":[-16.0394,287.171,-16.5728],"sphereRadius":47.4956,"stabilizedPalmPosition":[2.64567,268.341,106.22],"t":[4.72685,-14.7437,-119.123],"timeVisible":16.4405,"type":"right","wrist":[3.91841,294.341,66.1098]}],"id":4952100,"interactionBox":{"center":[0,200,0],"size":[235.247,235.247,147.751]},"pointables":[{"bases":[[[0.852507,0.510151,0.113923],[-0.435087,0.57174,0.695567],[0.289709,-0.642542,0.709372]],[[0.664535,0.725158,-0.180387],[-0.563815,0.644998,0.515839],[0.490415,-0.241088,0.837478]],[[0.664535,0.725158,-0.180387],[-0.705958,0.688382,0.166596],[0.244984,0.016637,0.969384]],[[0.664535,0.725158,-0.180387],[-0.720372,0.68585,0.103318],[0.19864,0.0612877,0.978154]]],"btipPosition":[-60.9437,309.819,-23.934],"carpPosition":[-24.7869,300.141,70.3589],"dipPosition":[-56.4592,311.203,-1.85108],"direction":[-0.244984,-0.016637,-0.969384],"extended":false,"handId":962,"id":9620,"length":50.2737,"mcpPosition":[-24.7869,300.141,70.3589],"pipPosition":[-48.4017,311.75,30.0321],"stabilizedTipPosition":[-55.0509,259.959,53.19],"timeVisible":16.4405,"tipPosition":[-60.5169,311.363,-18.5074],"tipVelocity":[-16.2569,95.8408,-141.603],"tool":false,"touchDistance":-0.722877,"touchZone":"hovering","type":0,"width":19.534},{"bases":[[[0.820647,-0.451288,-0.350538],[0.552268,0.783909,0.283701],[0.146759,-0.42641,0.892545]],[[0.831358,-0.492559,-0.257352],[0.503578,0.863557,-0.0260318],[0.23506,-0.107955,0.965967]],[[0.831358,-0.492559,-0.257352],[0.46435,0.870095,-0.165269],[0.305325,0.0178964,0.95208]],[[0.831358,-0.492559,-0.257352],[0.430239,0.863565,-0.262963],[0.351765,0.107894,0.92985]]],"btipPosition":[-39.9923,346.638,-73.5026],"carpPosition":[-6.91884,314.098,67.3968],"dipPosition":[-34.1947,348.417,-58.1773],"direction":[-0.305325,-0.0178964,-0.95208],"extended":true,"handId":962,"id":9621,"length":56.7283,"mcpPosition":[-17.3341,344.36,4.05424],"pipPosition":[-27.0758,348.834,-35.9787],"stabilizedTipPosition":[-36.9508,326.023,-48.4694],"timeVisible":16.4405,"tipPosition":[-39.1548,345.119,-69.6023],"tipVelocity":[-14.5212,152.523,-146.513],"tool":false,"touchDistance":-0.722151,"touchZone":"hovering","type":1,"width":18.6589},{"bases":[[[0.726677,-0.63173,-0.269923],[0.686146,0.686776,0.239881],[0.0338367,-0.359522,0.932523]],[[0.726717,-0.632163,-0.268796],[0.230928,0.593345,-0.771112],[0.646958,0.498308,0.577178]],[[0.726717,-0.632163,-0.268796],[-0.592311,-0.378462,-0.711291],[0.347923,0.676118,-0.649472]],[[0.726717,-0.632163,-0.268796],[-0.679129,-0.72,-0.142773],[-0.103277,0.286303,-0.952557]]],"btipPosition":[-36.4827,287.616,8.72324],"carpPosition":[3.54738,310.325,63.2366],"dipPosition":[-38.3548,292.806,-8.54432],"direction":[-0.347923,-0.676118,0.649472],"extended":false,"handId":962,"id":9622,"length":64.6373,"mcpPosition":[1.27013,334.522,0.476617],"pipPosition":[-28.811,311.352,-26.36],"stabilizedTipPosition":[-23.3388,232.235,96.521],"timeVisible":16.4405,"tipPosition":[-36.4684,288.679,6.11556],"tipVelocity":[-33.1504,105.659,-166.234],"tool":false,"touchDistance":0.333333,"touchZone":"none","type":2,"width":18.3255},{"bases":[[[0.66993,-0.727713,-0.147063],[0.737039,0.628076,0.249588],[-0.0892619,-0.275597,0.95712]],[[0.668399,-0.732075,-0.131564],[0.359745,0.472994,-0.804276],[0.65102,0.490247,0.579509]],[[0.668399,-0.732075,-0.131564],[-0.57203,-0.392876,-0.720021],[0.475421,0.55652,-0.681367]],[[0.668399,-0.732075,-0.131564],[-0.743664,-0.654315,-0.137243],[0.0143879,0.189573,-0.981761]]],"btipPosition":[-22.9431,280.992,12.6154],"carpPosition":[12.6859,303.757,59.5238],"dipPosition":[-22.6837,284.408,-5.07931],"direction":[-0.475421,-0.55652,0.681367],"extended":false,"handId":962,"id":9623,"length":62.1505,"mcpPosition":[18.0796,320.41,1.68961],"pipPosition":[-9.97928,299.28,-23.2872],"stabilizedTipPosition":[-7.88704,227.785,107.597],"timeVisible":16.4405,"tipPosition":[-22.4905,281.763,10.2015],"tipVelocity":[-32.9125,99.7131,-176.448],"tool":false,"touchDistance":0.333333,"touchZone":"none","type":3,"width":17.4379},{"bases":[[[0.524045,-0.848426,-0.074502],[0.821464,0.480412,0.307248],[-0.224886,-0.222213,0.948709]],[[0.482664,-0.87267,0.0740438],[0.501322,0.205971,-0.840388],[0.718131,0.442745,0.536903]],[[0.482664,-0.87267,0.0740438],[-0.612064,-0.396577,-0.684182],[0.626429,0.28491,-0.725543]],[[0.482664,-0.87267,0.0740438],[-0.864072,-0.488285,-0.122297],[0.142879,-0.00495106,-0.989728]]],"btipPosition":[-8.29405,283.497,14.9721],"carpPosition":[17.8164,291.462,56.2059],"dipPosition":[-5.91835,283.414,-1.48443],"direction":[-0.626429,-0.28491,0.725543],"extended":false,"handId":962,"id":9624,"length":48.7249,"mcpPosition":[30.3954,303.891,3.1398],"pipPosition":[5.90066,288.79,-15.1735],"stabilizedTipPosition":[5.91099,231.824,106.913],"timeVisible":16.4405,"tipPosition":[-7.47559,283.456,12.1842],"tipVelocity":[-29.4133,91.9541,-173.845],"tool":false,"touchDistance":0.333333,"touchZone":"none","type":4,"width":15.4897}],"r":[[0.988362,0.0183253,0.151009],[0.00873697,0.98424,-0.176624],[-0.151866,0.175887,0.972625]],"s":1.26776,"t":[4.72685,-14.7437,-119.123],"timestamp":669149109527},false],[6,{"currentFrameRate":55.2999,"devices":[],"gestures":[],"hands":[{"armBasis":[[0.822069,-0.540225,-0.179888],[0.487684,0.831107,-0.267255],[0.293884,0.131973,0.946686]],"armWidth":61.4671,"confidence":0.577458,"direction":[0.0763468,0.446371,-0.891585],"elbow":[80.1082,330.276,309.949],"grabStrength":0,"id":962,"palmNormal":[-0.574539,-0.711126,-0.405223],"palmPosition":[-0.844622,320.185,16.7359],"palmVelocity":[-16.0665,79.4144,-154.706],"palmWidth":87.7729,"pinchStrength":0.601718,"r":[[0.988917,0.0118196,0.148],[0.0146076,0.984244,-0.17621],[-0.147751,0.176419,0.973163]],"s":1.2665,"sphereCenter":[-17.0543,288.644,-19.1268],"sphereRadius":47.3215,"stabilizedPalmPosition":[2.61996,268.723,105.561],"t":[4.44059,-13.3245,-121.923],"timeVisible":16.4587,"type":"right","wrist":[3.56488,295.903,63.3813]}],"id":4952101,"interactionBox":{"center":[0,200,0],"size":[235.247,235.247,147.751]},"pointables":[{"bases":[[[0.856698,0.504574,0.107114],[-0.428687,0.580977,0.691877],[0.286873,-0.638648,0.714026]],[[0.669621,0.718419,-0.188366],[-0.55793,0.653988,0.510896],[0.490226,-0.237011,0.838751]],[[0.669621,0.718419,-0.188366],[-0.700129,0.695233,0.162698],[0.247844,0.0229346,0.968528]],[[0.669621,0.718419,-0.188366],[-0.715115,0.69215,0.0976692],[0.200545,0.0693022,0.97723]]],"btipPosition":[-61.3677,311.052,-26.6429],"carpPosition":[-25.0829,301.958,67.6624],"dipPosition":[-56.8402,312.617,-4.58078],"direction":[-0.247844,-0.0229346,-0.968528],"extended":false,"handId":962,"id":9620,"length":50.2737,"mcpPosition":[-25.0829,301.958,67.6624],"pipPosition":[-48.6886,313.371,27.2742],"stabilizedTipPosition":[-55.1364,260.793,51.9781],"timeVisible":16.4587,"tipPosition":[-60.9179,312.607,-21.2315],"tipVelocity":[-19.3374,83.4185,-145.01],"tool":false,"touchDistance":-0.719627,"touchZone":"hovering","type":0,"width":19.534},{"bases":[[[0.816159,-0.46053,-0.348994],[0.55905,0.782062,0.275394],[0.146108,-0.419871,0.895746]],[[0.826629,-0.499918,-0.258393],[0.511375,0.858967,-0.025916],[0.234907,-0.110713,0.965692]],[[0.826629,-0.499918,-0.258393],[0.473466,0.866008,-0.16081],[0.304162,0.01059,0.952561]],[[0.826629,-0.499918,-0.258393],[0.440447,0.860544,-0.255872],[0.350274,0.0977028,0.931538]]],"btipPosition":[-40.0869,348.282,-76.6245],"carpPosition":[-7.1177,315.753,64.5297],"dipPosition":[-34.3139,349.892,-61.2713],"direction":[-0.304162,-0.01059,-0.952561],"extended":true,"handId":962,"id":9621,"length":56.7283,"mcpPosition":[-17.4868,345.551,0.960011],"pipPosition":[-27.2221,350.139,-39.0616],"stabilizedTipPosition":[-37.2037,329.188,-51.9129],"timeVisible":16.4587,"tipPosition":[-39.2804,346.707,-72.723],"tipVelocity":[-10.2039,121.634,-158.107],"tool":false,"touchDistance":-0.725001,"touchZone":"hovering","type":1,"width":18.6589},{"bases":[[[0.721052,-0.639551,-0.266567],[0.692055,0.683537,0.232027],[0.0338156,-0.351783,0.935471]],[[0.721105,-0.640118,-0.265059],[0.240712,0.590222,-0.770516],[0.649665,0.49182,0.579697]],[[0.721105,-0.640118,-0.265059],[-0.59306,-0.372527,-0.713795],[0.358171,0.671917,-0.64826]],[[0.721105,-0.640118,-0.265059],[-0.685795,-0.713849,-0.141793],[-0.0984479,0.284024,-0.95375]]],"btipPosition":[-37.2159,289.092,5.53173],"carpPosition":[3.30729,311.865,60.3722],"dipPosition":[-39.0005,294.241,-11.7574],"direction":[-0.358171,-0.671917,0.64826],"extended":false,"handId":962,"id":9622,"length":64.6373,"mcpPosition":[1.03146,335.54,-2.58616],"pipPosition":[-29.1755,312.672,-29.5399],"stabilizedTipPosition":[-23.5282,233.005,95.2619],"timeVisible":16.4587,"tipPosition":[-37.1734,290.134,2.98771],"tipVelocity":[-35.9873,93.5833,-170.517],"tool":false,"touchDistance":0.333333,"touchZone":"none","type":2,"width":18.3255},{"bases":[[[0.663934,-0.734044,-0.142727],[0.742528,0.624535,0.242091],[-0.0885676,-0.266712,0.959698]],[[0.662396,-0.73831,-0.127007],[0.363387,0.464906,-0.807349],[0.65512,0.488632,0.576244]],[[0.662396,-0.73831,-0.127007],[-0.575317,-0.39274,-0.717471],[0.479835,0.548319,-0.684912]],[[0.662396,-0.73831,-0.127007],[-0.749006,-0.64931,-0.131858],[0.0148855,0.182471,-0.983099]]],"btipPosition":[-23.5899,282.31,9.88517],"carpPosition":[12.3846,305.195,56.6899],"dipPosition":[-23.3216,285.598,-7.83361],"direction":[-0.479835,-0.548319,0.684912],"extended":false,"handId":962,"id":9623,"length":62.1505,"mcpPosition":[17.7364,321.311,-1.30015],"pipPosition":[-10.4992,300.251,-26.1362],"stabilizedTipPosition":[-8.0029,228.195,106.843],"timeVisible":16.4587,"tipPosition":[-23.1467,283.059,7.42027],"tipVelocity":[-34.0734,85.8012,-163.766],"tool":false,"touchDistance":0.333333,"touchZone":"none","type":3,"width":17.4379},{"bases":[[[0.517346,-0.853013,-0.0687188],[0.825993,0.476728,0.300775],[-0.223805,-0.212366,0.951216]],[[0.476122,-0.875693,0.0804381],[0.505961,0.197979,-0.839528],[0.719244,0.440416,0.537328]],[[0.476122,-0.875693,0.0804381],[-0.612156,-0.395719,-0.684596],[0.631326,0.27671,-0.724471]],[[0.476122,-0.875693,0.0804381],[-0.867429,-0.482711,-0.120652],[0.144483,-0.0123291,-0.989431]]],"btipPosition":[-8.91636,284.674,12.0492],"carpPosition":[17.4116,292.833,53.4628],"dipPosition":[-6.51399,284.469,-4.40246],"direction":[-0.631326,-0.27671,0.724471],"extended":false,"handId":962,"id":9624,"length":48.7249,"mcpPosition":[29.9301,304.712,0.256495],"pipPosition":[5.39742,289.69,-18.0713],"stabilizedTipPosition":[5.83986,232.087,106.421],"timeVisible":16.4587,"tipPosition":[-8.09992,284.627,9.29839],"tipVelocity":[-31.4977,78.099,-167.287],"tool":false,"touchDistance":0.333333,"touchZone":"none","type":4,"width":15.4897}],"r":[[0.988917,0.0118196,0.148],[0.0146076,0.98