{"sensorType":"Leap","data":[[0,{"currentFrameRate":55.3786,"devices":[],"gestures":[],"hands":[{"armBasis":[[0.836421,-0.509109,-0.202999],[0.464986,0.855209,-0.228921],[0.290152,0.0970825,0.952044]],"armWidth":61.4671,"confidence":0.660396,"direction":[0.0851404,0.450739,-0.888586],"elbow":[83.2091,319.601,330.457],"grabStrength":0,"id":962,"palmNormal":[-0.52901,-0.735292,-0.423667],"palmPosition":[3.65988,318.452,35.7344],"palmVelocity":[9.34513,59.7067,-117.309],"palmWidth":87.7729,"pinchStrength":0.55028,"r":[[0.984343,0.0360425,0.172538],[-0.00340381,0.982575,-0.185837],[-0.176229,0.18234,0.967313]],"s":1.28207,"sphereCenter":[-13.0274,288.652,-0.115546],"sphereRadius":46.8009,"stabilizedPalmPosition":[-1.68996,290.727,74.1683],"t":[8.49201,-14.6998,-103.623],"timeVisible":9.39049,"type":"right","wrist":[7.63796,294.315,82.4941]}],"id":4951710,"interactionBox":{"center":[0,200,0],"size":[235.247,235.247,147.751]},"pointables":[{"bases":[[[0.829532,0.541949,0.134789],[-0.476162,0.560266,0.67777],[0.291799,-0.626413,0.722814]],[[0.663762,0.734555,-0.140885],[-0.587256,0.628483,0.51004],[0.463196,-0.255809,0.848535]],[[0.663762,0.734555,-0.140885],[-0.704429,0.677266,0.212343],[0.251394,-0.0417013,0.966986]],[[0.663762,0.734555,-0.140885],[-0.72912,0.677468,0.0970659],[0.166746,0.0382936,0.985256]]],"btipPosition":[-55.7107,311.911,-9.05762],"carpPosition":[-21.3737,299.086,85.8491],"dipPosition":[-51.9462,312.775,13.1856],"direction":[-0.251394,0.0417013,-0.966986],"extended":false,"handId":962,"id":9620,"length":50.2737,"mcpPosition":[-21.3737,299.086,85.8491],"pipPosition":[-43.6778,311.404,44.9899],"stabilizedTipPosition":[-58.0436,296.516,18.581],"timeVisible":9.39049,"tipPosition":[-54.9969,313.301,-3.77165],"tipVelocity":[2.44067,50.8372,-105.286],"tool":false,"touchDistance":-0.58487,"touchZone":"touching","type":0,"width":19.534},{"bases":[[[0.846643,-0.423277,-0.322541],[0.514578,0.805677,0.293418],[0.135667,-0.414392,0.89993]],[[0.852077,-0.442257,-0.279954],[0.471773,0.880581,0.0448071],[0.226706,-0.170254,0.958967]],[[0.852077,-0.442257,-0.279954],[0.411166,0.89653,-0.164855],[0.323895,0.0253618,0.945753]],[[0.852077,-0.442257,-0.279954],[0.354156,0.88097,-0.313791],[0.385407,0.168227,0.907282]]],"btipPosition":[-36.8751,346.77,-57.3137],"carpPosition":[-3.94758,313.67,83.3002],"dipPosition":[-30.523,349.543,-42.3603],"direction":[-0.323895,-0.0253618,-0.945753],"extended":true,"handId":962,"id":9621,"length":56.7283,"mcpPosition":[-13.5757,343.078,19.4336],"pipPosition":[-22.9711,350.134,-20.3093],"stabilizedTipPosition":[-35.6913,343.912,-50.2262],"timeVisible":9.39049,"tipPosition":[-35.966,345.634,-53.33],"tipVelocity":[6.85525,109.415,-116.546],"tool":false,"touchDistance":-0.599388,"touchZone":"touching","type":1,"width":18.6589},{"bases":[[[0.756977,-0.606476,-0.243255],[0.653158,0.713225,0.25435],[0.019238,-0.351421,0.93602]],[[0.75722,-0.614709,-0.220794],[0.266678,0.599546,-0.754604],[0.596238,0.51252,0.617918]],[[0.75722,-0.614709,-0.220794],[-0.542386,-0.403438,-0.736923],[0.363916,0.677769,-0.638901]],[[0.75722,-0.614709,-0.220794],[-0.649126,-0.745752,-0.149963],[-0.0724743,0.256879,-0.963722]]],"btipPosition":[-30.9179,286.827,22.7502],"carpPosition":[6.7685,310.254,79.4807],"dipPosition":[-32.2316,291.483,5.28021],"direction":[-0.363916,-0.677769,0.638901],"extended":false,"handId":962,"id":9622,"length":64.6373,"mcpPosition":[5.47376,333.906,16.4854],"pipPosition":[-22.2491,310.075,-12.2455],"stabilizedTipPosition":[-34.6035,255.952,62.705],"timeVisible":9.39049,"tipPosition":[-31.1432,287.939,18.8523],"tipVelocity":[4.45666,60.996,-112.466],"tool":false,"touchDistance":0.333333,"touchZone":"none","type":2,"width":18.3255},{"bases":[[[0.700151,-0.703609,-0.121338],[0.705852,0.656506,0.26603],[-0.107522,-0.271908,0.956298]],[[0.696144,-0.712347,-0.0891418],[0.366381,0.459309,-0.809198],[0.617373,0.530658,0.580735]],[[0.696144,-0.712347,-0.0891418],[-0.54567,-0.444349,-0.710491],[0.466506,0.543246,-0.698037]],[[0.696144,-0.712347,-0.0891418],[-0.717548,-0.686515,-0.117566],[0.0225504,0.145806,-0.989056]]],"btipPosition":[-16.7371,280.414,29.7576],"carpPosition":[16.2473,304,76.0922],"dipPosition":[-16.3306,283.042,11.9314],"direction":[-0.466506,-0.543246,0.698037],"extended":false,"handId":962,"id":9623,"length":62.1505,"mcpPosition":[22.7443,320.43,18.3077],"pipPosition":[-3.8644,297.559,-6.72192],"stabilizedTipPosition":[-19.6646,245.347,76.0971],"timeVisible":9.39049,"tipPosition":[-16.5618,281.034,25.8631],"tipVelocity":[5.98093,60.5473,-114.163],"tool":false,"touchDistance":0.333333,"touchZone":"none","type":3,"width":17.4379},{"bases":[[[0.556685,-0.829087,-0.0521179],[0.793868,0.512459,0.327353],[-0.244696,-0.223607,0.943464]],[[0.563574,-0.822224,-0.0795709],[0.443777,0.382599,-0.810358],[0.696739,0.421385,0.580507]],[[0.563574,-0.822224,-0.0795709],[-0.611441,-0.35044,-0.709458],[0.555449,0.448485,-0.700241]],[[0.563574,-0.822224,-0.0795709],[-0.823117,-0.55082,-0.138115],[0.0697322,0.143334,-0.987215]]],"btipPosition":[0.20268,279.169,30.0804],"carpPosition":[21.92,291.879,73.0272],"dipPosition":[1.36214,281.552,13.6656],"direction":[-0.555449,-0.448485,0.700241],"extended":false,"handId":962,"id":9624,"length":48.7249,"mcpPosition":[35.607,304.387,20.2545],"pipPosition":[11.8419,290.014,0.453966],"stabilizedTipPosition":[-2.94563,244.701,75.4543],"timeVisible":9.39049,"tipPosition":[0.48721,279.783,25.8689],"tipVelocity":[7.36519,59.1656,-113.673],"tool":false,"touchDistance":0.333333,"touchZone":"none","type":4,"width":15.4897}],"r":[[0.984343,0.0360425,0.172538],[-0.00340381,0.982575,-0.185837],[-0.176229,0.18234,0.967313]],"s":1.28207,"t":[8.49201,-14.6998,-103.623],"timestamp":669142059544},false],[1,{"currentFrameRate":55.297,"devices":[],"gestures":[],"hands":[{"armBasis":[[0.840766,-0.504795,-0.195689],[0.455711,0.854999,-0.247598],[0.2923,0.118994,0.948895]],"armWidth":61.4671,"confidence":0.665752,"direction":[0.0791089,0.456089,-0.886411],"elbow":[83.8259,325.625,326.43],"grabStrength":0,"id":962,"palmNormal":[-0.529798,-0.733987,-0.424944],"palmPosition":[3.39902,319.032,32.6922],"palmVelocity":[-1.97223,46.1938,-140.538],"palmWidth":87.7729,"pinchStrength":0.554791,"r":[[0.984788,0.0341614,0.170367],[-0.00248796,0.983155,-0.182758],[-0.17374,0.179554,0.968284]],"s":1.28495,"sphereCenter":[-13.6787,289.815,-3.13842],"sphereRadius":46.6617,"stabilizedPalmPosition":[-1.63619,291.026,73.7301],"t":[8.44499,-13.8792,-106.194],"timeVisible":9.40886,"type":"right","wrist":[7.69525,294.632,79.2871]}],"id":4951711,"interactionBox":{"center":[0,200,0],"size":[235.247,235.247,147.751]},"pointables":[{"bases":[[[0.829097,0.542995,0.133246],[-0.473529,0.555255,0.683712],[0.297267,-0.629959,0.717484]],[[0.660737,0.737235,-0.141105],[-0.586349,0.624303,0.516179],[0.468638,-0.258322,0.844777]],[[0.660737,0.737235,-0.141105],[-0.705566,0.674153,0.218391],[0.256132,-0.0447398,0.965606]],[[0.660737,0.737235,-0.141105],[-0.732245,0.67441,0.094804],[0.165056,0.0406832,0.985445]]],"btipPosition":[-56.0239,312.311,-11.8505],"carpPosition":[-21.3072,299.319,82.8342],"dipPosition":[-52.2976,313.23,10.397],"direction":[-0.256132,0.0447398,-0.965606],"extended":false,"handId":962,"id":9620,"length":50.2737,"mcpPosition":[-21.3072,299.319,82.8342],"pipPosition":[-43.8734,311.758,42.1559],"stabilizedTipPosition":[-57.9973,296.773,18.1734],"timeVisible":9.40886,"tipPosition":[-55.3625,313.719,-6.54851],"tipVelocity":[-7.15923,37.2073,-127.744],"tool":false,"touchDistance":-0.596595,"touchZone":"touching","type":0,"width":19.534},{"bases":[[[0.845721,-0.419514,-0.329794],[0.514473,0.805096,0.295191],[0.14168,-0.419319,0.896715]],[[0.851325,-0.438289,-0.288354],[0.470974,0.880614,0.0519804],[0.231146,-0.18006,0.956112]],[[0.851325,-0.438289,-0.288354],[0.412221,0.898798,-0.149119],[0.324529,0.00808272,0.945841]],[[0.851325,-0.438289,-0.288354],[0.357408,0.886862,-0.292805],[0.384064,0.146212,0.911656]]],"btipPosition":[-37.4587,348.579,-60.07],"carpPosition":[-3.92781,313.956,80.2716],"dipPosition":[-31.1287,350.988,-45.0445],"direction":[-0.324529,-0.00808272,-0.945841],"extended":true,"handId":962,"id":9621,"length":56.7283,"mcpPosition":[-13.9826,343.715,16.6331],"pipPosition":[-23.5621,351.177,-22.9914],"stabilizedTipPosition":[-35.7779,345.363,-52.0011],"timeVisible":9.40886,"tipPosition":[-36.5593,347.338,-56.104],"tipVelocity":[-11.8431,101.968,-132.225],"tool":false,"touchDistance":-0.608878,"touchZone":"touching","type":1,"width":18.6589},{"bases":[[[0.756907,-0.60337,-0.251071],[0.653032,0.71318,0.254801],[0.0253198,-0.356818,0.933831]],[[0.757296,-0.611731,-0.228665],[0.260444,0.603982,-0.753243],[0.598892,0.510874,0.616715]],[[0.757296,-0.611731,-0.228665],[-0.546012,-0.400976,-0.735587],[0.358292,0.681912,-0.63767]],[[0.757296,-0.611731,-0.228665],[-0.648297,-0.746432,-0.150168],[-0.078821,0.261965,-0.961853]]],"btipPosition":[-31.1758,287.393,19.7768],"carpPosition":[6.77386,310.587,76.3717],"dipPosition":[-32.6047,292.142,2.3407],"direction":[-0.358292,-0.681912,0.63767],"extended":false,"handId":962,"id":9622,"length":64.6373,"mcpPosition":[5.06981,334.601,13.5237],"pipPosition":[-22.7764,310.848,-15.1512],"stabilizedTipPosition":[-34.5864,256.132,62.4461],"timeVisible":9.40886,"tipPosition":[-31.4317,288.531,15.8604],"tipVelocity":[-5.12862,47.0637,-136.018],"tool":false,"touchDistance":0.333333,"touchZone":"none","type":2,"width":18.3255},{"bases":[[[0.700987,-0.701336,-0.129402],[0.705915,0.656512,0.265851],[-0.101496,-0.277705,0.95529]],[[0.697158,-0.710317,-0.0970564],[0.361482,0.465194,-0.808038],[0.619114,0.528246,0.58108]],[[0.697158,-0.710317,-0.0970564],[-0.548177,-0.440913,-0.710702],[0.462031,0.548676,-0.696766]],[[0.697158,-0.710317,-0.0970564],[-0.716709,-0.687276,-0.118237],[0.017281,0.151991,-0.988231]]],"btipPosition":[-16.962,280.985,26.5557],"carpPosition":[16.2469,304.374,72.8932],"dipPosition":[-16.6505,283.725,8.74437],"direction":[-0.462031,-0.548676,0.696766],"extended":false,"handId":962,"id":9623,"length":62.1505,"mcpPosition":[22.3798,321.154,15.1695],"pipPosition":[-4.3039,298.387,-9.87499],"stabilizedTipPosition":[-19.654,245.485,75.8927],"timeVisible":9.40886,"tipPosition":[-16.8057,281.628,22.6782],"tipVelocity":[-3.35084,47.0676,-142.994],"tool":false,"touchDistance":0.333333,"touchZone":"none","type":3,"width":17.4379},{"bases":[[[0.55819,-0.827533,-0.0601037],[0.794592,0.512305,0.325834],[-0.238847,-0.229635,0.943515]],[[0.565147,-0.820223,-0.0885622],[0.436858,0.388597,-0.811263],[0.699831,0.419793,0.577936]],[[0.565147,-0.820223,-0.0885622],[-0.615711,-0.347896,-0.707014],[0.549098,0.454095,-0.701633]],[[0.565147,-0.820223,-0.0885622],[-0.822624,-0.552144,-0.135746],[0.0624428,0.14957,-0.986777]]],"btipPosition":[0.0196446,279.755,26.8824],"carpPosition":[21.9286,292.284,69.7254],"dipPosition":[1.0579,282.242,10.4749],"direction":[-0.549098,-0.454095,0.701633],"extended":false,"handId":962,"id":9624,"length":48.7249,"mcpPosition":[35.2884,305.128,16.9499],"pipPosition":[11.4179,290.809,-2.76298],"stabilizedTipPosition":[-2.93523,244.816,75.2844],"timeVisible":9.40886,"tipPosition":[0.266285,280.4,22.6682],"tipVelocity":[-1.69354,46.6932,-142.681],"tool":false,"touchDistance":0.333333,"touchZone":"none","type":4,"width":15.4897}],"r":[[0.984788,0.0341614,0.170367],[-0.00248796,0.983155,-0.182758],[-0.17374,0.179554,0.968284]],"s":1.28495,"t":[8.44499,-13.8792,-106.194],"timestamp":669142077910},false],[2,{"currentFrameRate":55.3417,"devices":[],"gestures":[],"hands":[{"armBasis":[[0.839375,-0.508871,-0.19105],[0.462181,0.853165,-0.241862],[0.286074,0.114713,0.951316]],"armWidth":61.4671,"confidence":0.677478,"direction":[0.0770872,0.456446,-0.886405],"elbow":[82.1144,325.351,325.586],"grabStrength":0,"id":962,"palmNormal":[-0.537027,-0.730054,-0.422638],"palmPosition":[3.20611,319.948,31.2658],"palmVelocity":[-6.12534,48.5221,-111.777],"palmWidth":87.7729,"pinchStrength":0.561813,"r":[[0.985372,0.0313302,0.167512],[-0.000658232,0.983648,-0.180102],[-0.170416,0.177357,0.96928]],"s":1.28694,"sphereCenter":[-14.4749,291.211,-4.41571],"sphereRadius":46.5276,"stabilizedPalmPosition":[-1.59796,291.255,73.3948],"t":[8.32502,-13.011,-108.193],"timeVisible":9.42677,"type":"right","wrist":[7.60549,295.474,77.8119]}],"id":4951712,"interactionBox":{"center":[0,200,0],"size":[235.247,235.247,147.751]},"pointables":[{"bases":[[[0.833402,0.537387,0.129061],[-0.465974,0.557677,0.686924],[0.29717,-0.632623,0.715177]],[[0.664189,0.733396,-0.144854],[-0.580055,0.627828,0.519008],[0.471582,-0.260696,0.842406]],[[0.664189,0.733396,-0.144854],[-0.701028,0.678336,0.220045],[0.25964,-0.0446048,0.964675]],[[0.664189,0.733396,-0.144854],[-0.730197,0.677988,0.0845323],[0.160205,0.0496264,0.985836]]],"btipPosition":[-56.2092,313.248,-13.0206],"carpPosition":[-21.3449,300.348,81.5281],"dipPosition":[-52.5924,314.368,9.23571],"direction":[-0.25964,0.0446048,-0.964675],"extended":false,"handId":962,"id":9620,"length":50.2737,"mcpPosition":[-21.3449,300.348,81.5281],"pipPosition":[-44.0528,312.901,40.964],"stabilizedTipPosition":[-57.965,296.98,17.8517],"timeVisible":9.42677,"tipPosition":[-55.6348,314.721,-7.69947],"tipVelocity":[-9.3251,45.5548,-98.2132],"tool":false,"touchDistance":-0.58279,"touchZone":"touching","type":0,"width":19.534},{"bases":[[[0.841053,-0.424745,-0.334994],[0.521436,0.801393,0.293042],[0.143994,-0.421142,0.895492]],[[0.846647,-0.443139,-0.294646],[0.477707,0.876865,0.0538805],[0.234489,-0.186372,0.954086]],[[0.846647,-0.443139,-0.294646],[0.420309,0.896439,-0.140488],[0.326388,-0.00489884,0.945223]],[[0.846647,-0.443139,-0.294646],[0.36694,0.887147,-0.279866],[0.385414,0.12883,0.913706]]],"btipPosition":[-37.7834,350.475,-61.3091],"carpPosition":[-3.88413,314.873,78.881],"dipPosition":[-31.4312,352.599,-46.2498],"direction":[-0.326388,0.00489884,-0.945223],"extended":true,"handId":962,"id":9621,"length":56.7283,"mcpPosition":[-14.1032,344.761,15.3294],"pipPosition":[-23.8212,352.484,-24.2112],"stabilizedTipPosition":[-35.9241,346.868,-53.5713],"timeVisible":9.42677,"tipPosition":[-36.8839,349.18,-57.3647],"tipVelocity":[-14.6734,102.076,-102.247],"tool":false,"touchDistance":-0.594794,"touchZone":"touching","type":1,"width":18.6589},{"bases":[[[0.751477,-0.608091,-0.255946],[0.659154,0.708607,0.251778],[0.028261,-0.357913,0.933327]],[[0.751938,-0.616475,-0.233555],[0.259543,0.602509,-0.754732],[0.605993,0.506893,0.613051]],[[0.751938,-0.616475,-0.233555],[-0.55312,-0.397223,-0.732306],[0.358675,0.679833,-0.639672]],[[0.751938,-0.616475,-0.233555],[-0.654008,-0.742112,-0.146772],[-0.0828427,0.263111,-0.961202]]],"btipPosition":[-31.6426,288.539,18.5696],"carpPosition":[6.77281,311.437,74.9171],"dipPosition":[-33.1444,293.308,1.1453],"direction":[-0.358675,-0.679833,0.639672],"extended":false,"handId":962,"id":9622,"length":64.6373,"mcpPosition":[4.8708,335.525,12.103],"pipPosition":[-23.3056,311.957,-16.4015],"stabilizedTipPosition":[-34.574,256.292,62.2168],"timeVisible":9.42677,"tipPosition":[-31.9188,289.684,14.6318],"tipVelocity":[-15.4516,55.1474,-103.54],"tool":false,"touchDistance":0.333333,"touchZone":"none","type":2,"width":18.3255},{"bases":[[[0.695602,-0.705809,-0.134056],[0.711724,0.65158,0.262472],[-0.097907,-0.277987,0.955582]],[[0.691847,-0.714903,-0.101299],[0.364029,0.466515,-0.806131],[0.623562,0.520844,0.583002]],[[0.691847,-0.714903,-0.101299],[-0.552062,-0.43332,-0.712363],[0.465376,0.54877,-0.694462]],[[0.691847,-0.714903,-0.101299],[-0.721869,-0.681748,-0.118851],[0.0159067,0.155351,-0.987731]]],"btipPosition":[-17.4974,282.05,24.8704],"carpPosition":[16.1848,305.165,71.3789],"dipPosition":[-17.2107,284.85,7.06809],"direction":[-0.465376,-0.54877,0.694462],"extended":false,"handId":962,"id":9623,"length":62.1505,"mcpPosition":[22.1008,321.962,13.6376],"pipPosition":[-4.77464,299.514,-11.4897],"stabilizedTipPosition":[-19.6474,245.597,75.7274],"timeVisible":9.42677,"tipPosition":[-17.3324,282.701,21.1023],"tipVelocity":[-16.0287,53.2627,-119.84],"tool":false,"touchDistance":0.333333,"touchZone":"none","type":3,"width":17.4379},{"bases":[[[0.552372,-0.831132,-0.0640697],[0.799787,0.506733,0.321812],[-0.235002,-0.229002,0.944633]],[[0.559341,-0.823693,-0.0931026],[0.434417,0.386933,-0.813366],[0.705988,0.414504,0.574254]],[[0.559341,-0.823693,-0.0931026],[-0.622164,-0.342941,-0.703778],[0.547768,0.451577,-0.704293]],[[0.559341,-0.823693,-0.0931026],[-0.82694,-0.546668,-0.131624],[0.0575214,0.150613,-0.986918]]],"btipPosition":[-0.458501,280.687,25.4399],"carpPosition":[21.7686,293.041,68.1673],"dipPosition":[0.497929,283.192,9.03004],"direction":[-0.547768,-0.451577,0.704293],"extended":false,"handId":962,"id":9624,"length":48.7249,"mcpPosition":[34.9134,305.85,15.3292],"pipPosition":[10.8328,291.712,-4.25804],"stabilizedTipPosition":[-2.92841,244.908,75.1487],"timeVisible":9.42677,"tipPosition":[-0.234875,281.34,21.2311],"tipVelocity":[-13.992,49.3285,-113.345],"tool":false,"touchDistance":0.333333,"touchZone":"none","type":4,"width":15.4897}],"r":[[0.985372,0.0313302,0.167512],[-0.000658232,0.983648,-0.180102],[-0.170416,0.177357,0.96928]],"s":1.28694,"t":[8.32502,-13.011,-108.193],"timestamp":669142095825},false],[3,{"currentFrameRate":55.2113,"devices":[],"gestures":[],"hands":[{"armBasis":[[0.837682,-0.513852,-0.185055],[0.463644,0.848139,-0.256308],[0.288657,0.128905,0.948715]],"armWidth":61.4671,"confidence":0.590434,"direction":[0.0767555,0.465621,-0.881649],"elbow":[82.6561,328.933,322.272],"grabStrength":0,"id":962,"palmNormal":[-0.547831,-0.719125,-0.427481],"palmPosition":[3.06384,320.41,28.938],"palmVelocity":[-6.8705,37.068,-118.372],"palmWidth":87.7729,"pinchStrength":0.569109,"r":[[0.986097,0.0264792,0.164048],[0.00280353,0.984431,-0.175751],[-0.166147,0.173767,0.97067]],"s":1.28852,"sphereCenter":[-15.4652,292.729,-6.82401],"sphereRadius":46.3497,"stabilizedPalmPosition":[-1.57421,291.403,73.1684],"t":[8.1939,-12.3461,-110.356],"timeVisible":9.44534,"type":"right","wrist":[7.47423,295.359,75.1754]}],"id":4951713,"interactionBox":{"center":[0,200,0],"size":[235.247,235.247,147.751]},"pointables":[{"bases":[[[0.840194,0.526503,0.129879],[-0.455399,0.555005,0.696118],[0.294425,-0.644021,0.706081]],[[0.67115,0.727757,-0.141165],[-0.570659,0.628736,0.528241],[0.473187,-0.273972,0.837278]],[[0.67115,0.727757,-0.141165],[-0.692998,0.683547,0.229168],[0.263272,-0.055979,0.963096]],[[0.67115,0.727757,-0.141165],[-0.724326,0.684305,0.0841293],[0.157826,0.0457864,0.986405]]],"btipPosition":[-56.4032,314.515,-15.1337],"carpPosition":[-21.3958,300.515,79.129],"dipPosition":[-52.8401,315.548,7.13554],"direction":[-0.263272,0.055979,-0.963096],"extended":false,"handId":962,"id":9620,"length":50.2737,"mcpPosition":[-21.3958,300.515,79.129],"pipPosition":[-44.181,313.707,38.8119],"stabilizedTipPosition":[-57.9371,297.188,17.5255],"timeVisible":9.44534,"tipPosition":[-55.8916,315.969,-9.7794],"tipVelocity":[-10.1916,56.0231,-105.698],"tool":false,"touchDistance":-0.584496,"touchZone":"touching","type":0,"width":19.534},{"bases":[[[0.834121,-0.430305,-0.345078],[0.532246,0.792106,0.298803],[0.144762,-0.432904,0.889741]],[[0.839555,-0.448446,-0.306666],[0.488494,0.870151,0.0648959],[0.237743,-0.204288,0.949602]],[[0.839555,-0.448446,-0.306666],[0.432543,0.893303,-0.122135],[0.328716,-0.0301071,0.943949]],[[0.839555,-0.448446,-0.306666],[0.380617,0.888307,-0.256987],[0.387658,0.0990328,0.916468]]],"btipPosition":[-37.9688,353.131,-63.0754],"carpPosition":[-3.78895,314.872,76.5366],"dipPosition":[-31.5796,354.763,-47.9706],"direction":[-0.328716,0.0301071,-0.943949],"extended":true,"handId":962,"id":9621,"length":56.7283,"mcpPosition":[-14.0625,345.595,13.3931],"pipPosition":[-23.9154,354.061,-25.9617],"stabilizedTipPosition":[-36.0983,348.878,-55.3972],"timeVisible":9.44534,"tipPosition":[-37.0644,351.716,-59.1713],"tipVelocity":[-12.1843,118.97,-98.5385],"tool":false,"touchDistance":-0.589986,"touchZone":"touching","type":1,"width":18.6589},{"bases":[[[0.742972,-0.613524,-0.267547],[0.66865,0.698257,0.255623],[0.0299856,-0.368816,0.929019]],[[0.743477,-0.622167,-0.245257],[0.261655,0.608118,-0.749486],[0.615451,0.493053,0.614914]],[[0.743477,-0.622167,-0.245257],[-0.562077,-0.382621,-0.73326],[0.36237,0.683015,-0.634175]],[[0.743477,-0.622167,-0.245257],[-0.663236,-0.733007,-0.151057],[-0.0857928,0.27497,-0.957617]]],"btipPosition":[-32.2153,289.539,16.1069],"carpPosition":[6.80385,311.363,72.4669],"dipPosition":[-33.7705,294.524,-1.25234],"direction":[-0.36237,-0.683015,0.634175],"extended":false,"handId":962,"id":9622,"length":64.6373,"mcpPosition":[4.78579,336.184,9.94278],"pipPosition":[-23.8303,313.259,-18.6484],"stabilizedTipPosition":[-34.5656,256.437,62.006],"timeVisible":9.44534,"tipPosition":[-32.5029,290.733,12.184],"tipVelocity":[-23.2282,55.8323,-117.253],"tool":false,"touchDistance":0.333333,"touchZone":"none","type":2,"width":18.3255},{"bases":[[[0.686753,-0.711991,-0.146421],[0.720639,0.640527,0.26534],[-0.0951327,-0.28774,0.952972]],[[0.68307,-0.721477,-0.113519],[0.365222,0.472027,-0.802373],[0.632478,0.506617,0.585927]],[[0.68307,-0.721477,-0.113519],[-0.560604,-0.418314,-0.714659],[0.468124,0.551801,-0.6902]],[[0.68307,-0.721477,-0.113519],[-0.730248,-0.672035,-0.122907],[0.0123857,0.166851,-0.985904]]],"btipPosition":[-18.1216,282.825,22.1749],"carpPosition":[16.1224,305.026,68.7986],"dipPosition":[-17.8984,285.832,4.40556],"direction":[-0.468123,-0.551801,0.6902],"extended":false,"handId":962,"id":9623,"length":62.1505,"mcpPosition":[21.8708,322.413,11.215],"pipPosition":[-5.3889,300.578,-14.0384],"stabilizedTipPosition":[-19.6437,245.685,75.5924],"timeVisible":9.44534,"tipPosition":[-17.9682,283.517,18.4264],"tipVelocity":[-24.9315,48.937,-131.925],"tool":false,"touchDistance":0.333333,"touchZone":"none","type":3,"width":17.4379},{"bases":[[[0.542553,-0.836489,-0.0769567],[0.807426,0.494034,0.322479],[-0.231731,-0.237099,0.943443]],[[0.549786,-0.828356,-0.107527],[0.434762,0.39369,-0.809933],[0.713245,0.398541,0.576582]],[[0.549786,-0.828356,-0.107527],[-0.629221,-0.326034,-0.705537],[0.549379,0.455553,-0.700468]],[[0.549786,-0.828356,-0.107527],[-0.833576,-0.535803,-0.134408],[0.053724,0.163527,-0.985075]]],"btipPosition":[-1.07567,281.232,22.5717],"carpPosition":[21.5491,292.877,65.4148],"dipPosition":[-0.182382,283.951,6.19254],"direction":[-0.549379,-0.455553,0.700468],"extended":false,"handId":962,"id":9624,"length":48.7249,"mcpPosition":[34.511,306.14,12.6433],"pipPosition":[10.1829,292.546,-7.02338],"stabilizedTipPosition":[-2.92476,244.974,75.0488],"timeVisible":9.44534,"tipPosition":[-0.870308,281.944,18.4375],"tipVelocity":[-23.6949,40.9258,-133.094],"tool":false,"touchDistance":0.333333,"touchZone":"none","type":4,"width":15.4897}],"r":[[0.986097,0.0264792,0.164048],[0.00280353,0.984431,-0.175751],[-0.166147,0.173767,0.97067]],"s":1.28852,"t":[8.1939,-12.3461,-110.356],"timestamp":669142114388},false],[4,{"currentFrameRate":55.3522,"devices":[],"gestures":[],"hands":[{"armBasis":[[0.836587,-0.517681,-0.179243],[0.46908,0.845911,-0.253769],[0.282995,0.12822,0.950512]],"armWidth":61.4671,"confidence":0.592629,"direction":[0.0725572,0.462181,-0.883812],"elbow":[81.4034,329.552,320.884],"grabStrength":0,"id":962,"palmNormal":[-0.554824,-0.717674,-0.420849],"palmPosition":[3.06933,321.071,27.03],"palmVelocity":[-3.52474,37.3336,-113.793],"palmWidth":87.7729,"pinchStrength":0.573395,"r":[[0.986919,0.0216761,0.159755],[0.0063662,0.984908,-0.172964],[-0.161093,0.171719,0.971886]],"s":1.29001,"sphereCenter":[-16.1432,293.747,-8.39373],"sphereRadius":46.2229,"stabilizedPalmPosition":[-1.55902,291.5,73.0174],"t":[8.13109,-11.6828,-112.392],"timeVisible":9.46292,"type":"right","wrist":[7.69621,296.156,73.3195]}],"id":4951714,"interactionBox":{"center":[0,200,0],"size":[235.247,235.247,147.751]},"pointables":[{"bases":[[[0.843914,0.522486,0.121726],[-0.447203,0.559795,0.697595],[0.296343,-0.643147,0.706076]],[[0.673777,0.723782,-0.148874],[-0.563608,0.633668,0.529917],[0.477881,-0.273139,0.83488]],[[0.673777,0.723782,-0.148874],[-0.687958,0.687967,0.231118],[0.2697,-0.0533027,0.961468]],[[0.673777,0.723782,-0.148874],[-0.721354,0.687946,0.0798715],[0.160227,0.0535756,0.985625]]],"btipPosition":[-56.6146,315.175,-16.6038],"carpPosition":[-21.1156,301.479,77.4723],"dipPosition":[-52.9973,316.384,5.64782],"direction":[-0.2697,0.0533027,-0.961468],"extended":false,"handId":962,"id":9620,"length":50.2737,"mcpPosition":[-21.1156,301.479,77.4723],"pipPosition":[-44.1268,314.631,37.2706],"stabilizedTipPosition":[-57.9159,297.368,17.2398],"timeVisible":9.46292,"tipPosition":[-56.1063,316.644,-11.2573],"tipVelocity":[-10.717,48.483,-95.5254],"tool":false,"touchDistance":-0.576492,"touchZone":"touching","type":0,"width":19.534},{"bases":[[[0.829214,-0.4359,-0.349849],[0.538653,0.790295,0.292039],[0.149184,-0.430611,0.890123]],[[0.834653,-0.453259,-0.312905],[0.494066,0.867236,0.0616508],[0.243419,-0.206053,0.947781]],[[0.834653,-0.453259,-0.312905],[0.43908,0.890558,-0.118804],[0.332509,-0.03823,0.942325]],[[0.834653,-0.453259,-0.312905],[0.388347,0.887172,-0.249225],[0.390564,0.0865005,0.916503]]],"btipPosition":[-38.3186,354.298,-64.8287],"carpPosition":[-3.45334,315.733,74.6976],"dipPosition":[-31.8815,355.724,-49.7234],"direction":[-0.332509,0.03823,-0.942325],"extended":true,"handId":962,"id":9621,"length":56.7283,"mcpPosition":[-14.0407,346.293,11.527],"pipPosition":[-24.1288,354.833,-27.7523],"stabilizedTipPosition":[-36.3006,350.45,-57.0261],"timeVisible":9.46292,"tipPosition":[-37.3964,352.843,-60.9445],"tipVelocity":[-15.4856,93.2344,-99.0936],"tool":false,"touchDistance":-0.585618,"touchZone":"touching","type":1,"width":18.6589},{"bases":[[[0.737688,-0.618366,-0.270999],[0.674232,0.695577,0.24816],[0.0350472,-0.365781,0.930041]],[[0.738316,-0.626964,-0.248608],[0.259714,0.604467,-0.753106],[0.622445,0.491463,0.609119]],[[0.738316,-0.626964,-0.248608],[-0.569263,-0.381605,-0.728229],[0.361704,0.679187,-0.638652]],[[0.738316,-0.626964,-0.248608],[-0.668276,-0.729821,-0.144115],[-0.0910844,0.272541,-0.957823]]],"btipPosition":[-32.481,290.349,14.5278],"carpPosition":[7.08982,312.154,70.5606],"dipPosition":[-34.1321,295.29,-2.8352],"direction":[-0.361704,-0.679187,0.638652],"extended":false,"handId":962,"id":9622,"length":64.6373,"mcpPosition":[4.7311,336.772,7.96768],"pipPosition":[-24.2102,313.92,-20.3541],"stabilizedTipPosition":[-34.5596,256.559,61.8258],"timeVisible":9.46292,"tipPosition":[-32.7875,291.529,10.6183],"tipVelocity":[-20.0337,51.021,-104.502],"tool":false,"touchDistance":0.333333,"touchZone":"none","type":2,"width":18.3255},{"bases":[[[0.681865,-0.716118,-0.149114],[0.725987,0.637606,0.257686],[-0.0894577,-0.283961,0.954653]],[[0.678371,-0.725492,-0.116076],[0.361811,0.467369,-0.806634],[0.639457,0.5052,0.579541]],[[0.678371,-0.725492,-0.116076],[-0.568057,-0.417707,-0.709107],[0.465966,0.546975,-0.695481]],[[0.678371,-0.725492,-0.116076],[-0.734695,-0.668543,-0.115211],[0.00598321,0.163436,-0.986536]]],"btipPosition":[-18.3678,283.578,20.5468],"carpPosition":[16.3469,305.755,66.8443],"dipPosition":[-18.2599,286.523,2.76602],"direction":[-0.465966,-0.546975,0.695481],"extended":false,"handId":962,"id":9623,"length":62.1505,"mcpPosition":[21.7524,322.914,9.15912],"pipPosition":[-5.80813,301.14,-15.819],"stabilizedTipPosition":[-19.6413,245.756,75.4846],"timeVisible":9.46292,"tipPosition":[-18.2388,284.255,16.7936],"tipVelocity":[-20.5444,45.7125,-113.686],"tool":false,"touchDistance":0.333333,"touchZone":"none","type":3,"width":17.4379},{"bases":[[[0.537539,-0.839611,-0.0781343],[0.81243,0.490852,0.314678],[-0.225855,-0.23263,0.945977]],[[0.544956,-0.831155,-0.110474],[0.431947,0.391222,-0.81263],[0.718641,0.395128,0.572213]],[[0.544956,-0.831155,-0.110474],[-0.635165,-0.323212,-0.701498],[0.547347,0.452454,-0.704057]],[[0.544956,-0.831155,-0.110474],[-0.83712,-0.531879,-0.127808],[0.0474695,0.162129,-0.985627]]],"btipPosition":[-1.31141,281.869,20.703],"carpPosition":[21.6838,293.567,63.4619],"dipPosition":[-0.522121,284.565,4.31465],"direction":[-0.547347,-0.452454,0.704057],"extended":false,"handId":962,"id":9624,"length":48.7249,"mcpPosition":[34.317,306.579,10.5487],"pipPosition":[9.80483,293.102,-8.96898],"stabilizedTipPosition":[-2.92259,245.019,74.9787],"timeVisible":9.46292,"tipPosition":[-1.13711,282.578,16.6338],"tipVelocity":[-19.5381,38.6131,-120.671],"tool":false,"touchDistance":0.333333,"touchZone":"none","type":4,"width":15.4897}],"r":[[0.986919,0.0216761,0.159755],[0.0063662,0.984908,-0.172964],[-0.161093,0.171719,0.971886]],"s":1.29001,"t":[8.13109,-11.6828,-112.392],"timestamp":669142131967},false],[5,{"currentFrameRate":55.3785,"devices":[],"gestures":[],"hands":[{"armBasis":[[0.82577,-0.53035,-0.191918],[0.487648,0.842333,-0.22951],[0.28338,0.0959336,0.954197]],"armWidth":61.4671,"confidence":0.609952,"direction":[0.0675414,0.450362,-0.890288],"elbow":[81.2225,322.873,318.911],"grabStrength":0,"id":962,"palmNormal":[-0.566522,-0.717209,-0.405788],"palmPosition":[2.53363,322.268,23.8402],"palmVelocity":[-15.9644,51.1823,-143.952],"palmWidth":87.7729,"pinchStrength":0.580758,"r":[[0.987918,0.01624,0.154126],[0.0108379,0.98482,-0.173238],[-0.154599,0.172815,0.972746]],"s":1.29129,"sphereCenter":[-17.6418,295.183,-10.8938],"sphereRadius":46.0516,"stabilizedPalmPosition":[-1.54816,291.582,72.887],"t":[7.83183,-10.7528,-115.005],"timeVisible":9.48088,"type":"right","wrist":[7.41521,297.887,70.3871]}],"id":4951715,"interactionBox":{"center":[0,200,0],"size":[235.247,235.247,147.751]},"pointables":[{"bases":[[[0.850371,0.515387,0.106048],[-0.433959,0.572955,0.695272],[0.297573,-0.637259,0.710881]],[[0.679276,0.715033,-0.165264],[-0.552134,0.646273,0.526763],[0.483459,-0.266569,0.833792]],[[0.679276,0.715033,-0.165264],[-0.679373,0.697838,0.226879],[0.277554,-0.0418374,0.959799]],[[0.679276,0.715033,-0.165264],[-0.715506,0.695335,0.0675338],[0.163203,0.0723736,0.983934]]],"btipPosition":[-57.3881,316.13,-19.148],"carpPosition":[-21.295,303.552,74.7826],"dipPosition":[-53.7036,317.764,3.06542],"direction":[-0.277554,0.0418374,-0.959799],"extended":false,"handId":962,"id":9620,"length":50.2737,"mcpPosition":[-21.295,303.552,74.7826],"pipPosition":[-44.5748,316.388,34.6333],"stabilizedTipPosition":[-57.9036,297.539,16.9603],"timeVisible":9.48088,"tipPosition":[-56.9136,317.696,-13.8086],"tipVelocity":[-25.6088,53.2779,-117.56],"tool":false,"touchDistance":-0.585471,"touchZone":"touching","type":0,"width":19.534},{"bases":[[[0.820955,-0.448609,-0.353245],[0.549676,0.788378,0.276256],[0.15456,-0.420964,0.893812]],[[0.826427,-0.464912,-0.317609],[0.504258,0.862095,0.0501705],[0.250484,-0.201619,0.946894]],[[0.826427,-0.464912,-0.317609],[0.449811,0.884444,-0.124215],[0.338656,-0.0402091,0.940051]],[[0.826427,-0.464912,-0.317609],[0.399799,0.88174,-0.250392],[0.396458,0.0799509,0.914565]]],"btipPosition":[-39.3025,355.442,-68.0277],"carpPosition":[-3.52241,317.591,71.6388],"dipPosition":[-32.7682,356.76,-52.9543],"direction":[-0.338656,0.0402091,-0.940051],"extended":true,"handId":962,"id":9621,"length":56.7283,"mcpPosition":[-14.4913,347.467,8.20628],"pipPosition":[-24.8722,355.822,-31.0362],"stabilizedTipPosition":[-36.6186,351.573,-58.6248],"timeVisible":9.48088,"tipPosition":[-38.3709,353.965,-64.1536],"tipVelocity":[-33.4791,78.5858,-136.644],"tool":false,"touchDistance":-0.603484,"touchZone":"touching","type":1,"width":18.6589},{"bases":[[[0.728474,-0.62914,-0.271125],[0.683815,0.691752,0.232115],[0.0415184,-0.354488,0.934138]],[[0.729262,-0.637492,-0.248559],[0.258043,0.592678,-0.762985],[0.633712,0.492277,0.596718]],[[0.729262,-0.637492,-0.248559],[-0.580613,-0.384343,-0.717753],[0.36203,0.667746,-0.650423]],[[0.729262,-0.637492,-0.248559],[-0.677136,-0.724586,-0.128307],[-0.0983074,0.261878,-0.960081]]],"btipPosition":[-33.4695,291.758,12.0657],"carpPosition":[6.93874,313.854,67.4338],"dipPosition":[-35.2515,296.506,-5.33825],"direction":[-0.36203,-0.667746,0.650423],"extended":false,"handId":962,"id":9622,"length":64.6373,"mcpPosition":[4.1445,337.712,4.56512],"pipPosition":[-25.3207,314.823,-23.18],"stabilizedTipPosition":[-34.557,256.697,61.6228],"timeVisible":9.48088,"tipPosition":[-33.8024,292.89,8.15976],"tipVelocity":[-37.3789,62.8219,-120.143],"tool":false,"touchDistance":0.333333,"touchZone":"none","type":2,"width":18.3255},{"bases":[[[0.673008,-0.724794,-0.147425],[0.735088,0.633382,0.241811],[-0.0818869,-0.271111,0.959059]],[[0.669764,-0.733758,-0.114084],[0.358376,0.453957,-0.815776],[0.650371,0.505492,0.567005]],[[0.669764,-0.733758,-0.114084],[-0.579321,-0.420204,-0.698438],[0.464546,0.53388,-0.706519]],[[0.669764,-0.733758,-0.114084],[-0.74257,-0.662304,-0.0997158],[-0.00239117,0.151502,-0.988454]]],"btipPosition":[-19.3633,284.914,18.0049],"carpPosition":[16.0904,307.316,63.6989],"dipPosition":[-19.4064,287.645,0.189616],"direction":[-0.464546,-0.53388,0.706519],"extended":false,"handId":962,"id":9623,"length":62.1505,"mcpPosition":[21.0384,323.698,5.74748],"pipPosition":[-6.99253,301.911,-18.6904],"stabilizedTipPosition":[-19.6408,245.835,75.3619],"timeVisible":9.48088,"tipPosition":[-19.2635,285.545,14.2527],"tipVelocity":[-37.9547,57.981,-127.042],"tool":false,"touchDistance":0.333333,"touchZone":"none","type":3,"width":17.4379},{"bases":[[[0.528236,-0.845924,-0.0733473],[0.820675,0.486482,0.299711],[-0.217851,-0.218513,0.951206]],[[0.53549,-0.837816,-0.106369],[0.42681,0.377149,-0.821944],[0.728755,0.394743,0.559548]],[[0.53549,-0.837816,-0.106369],[-0.646019,-0.325228,-0.690569],[0.543976,0.438509,-0.715402]],[[0.53549,-0.837816,-0.106369],[-0.843681,-0.524999,-0.112156],[0.0381223,0.1498,-0.987981]]],"btipPosition":[-2.30089,283.027,18.0466],"carpPosition":[21.268,295.033,60.4128],"dipPosition":[-1.66702,285.518,1.61911],"direction":[-0.543976,-0.438509,0.715402],"extended":false,"handId":962,"id":9624,"length":48.7249,"mcpPosition":[33.4535,307.255,7.20707],"pipPosition":[8.59633,293.791,-11.8786],"stabilizedTipPosition":[-2.92168,245.065,74.9067],"timeVisible":9.48088,"tipPosition":[-2.16678,283.687,13.9757],"tipVelocity":[-37.2923,49.5864,-133.767],"tool":false,"touchDistance":0.333333,"touchZone":"none","type":4,"width":15.4897}],"r":[[0.987918,0.01624,0.154126],[0.0108379,0.98482,-0.173238],[-0.154599,0.172815,0.972746]],"s":1.29129,"t":[7.83183,-10.7528,-115.005],"timestamp":669142149934},false],[6,{"currentFrameRate":55.3614,"devices":[],"gestures":[],"hands":[{"armBasis":[[0.817476,-0.540641,-0.198597],[0.495907,0.836054,-0.234711],[0.292933,0.0933846,0.951562]],"armWidth":61.4671,"confidence":0.634615,"direction":[0.0631559,0.436861,-0.897309],"elbow":[83.6436,323.573,315.885],"grabStrength":0,"id":962,"palmNormal":[-0.575857,-0.71838,-0.390279],"palmPosition":[2.24458,322.994,21.1958],"palmVelocity":[-15.9575,45.8862,-144.891],"palmWidth":87.7729,"pinchStrength":0.588107,"r":[[0.988956,0.010726,0.147821],[0.0156865,0.984201,-0.176361],[-0.147377,0.176732,0.973163]],"s":1.29259,"sphereCenter":[-18.8319,296.24,-12.7838],"sphereRadius":45.8235,"stabilizedPalmPosition":[-1.54061,291.644,72.7841],"t":[7.53768,-9.92488,-117.633],"timeVisible":9.49901,"type":"right","wrist":[7.34817,299.25,68.0475]}],"id":4951716,"interactionBox":{"center":[0,200,0],"size":[235.247,235.247,147.751]},"pointables":[{"bases":[[[0.855383,0.509939,0.0910082],[-0.42311,0.58647,0.690675],[0.298828,-0.629298,0.717416]],[[0.683295,0.707132,-0.181856],[-0.543654,0.658999,0.51977],[0.487389,-0.256289,0.834726]],[[0.683295,0.707132,-0.181856],[-0.67319,0.706581,0.218079],[0.282707,-0.026589,0.958838]],[[0.683295,0.707132,-0.181856],[-0.711529,0.700772,0.051437],[0.163812,0.094249,0.981979]]],"btipPosition":[-57.7408,316.3,-21.2859],"carpPosition":[-21.2752,305.212,72.614],"dipPosition":[-54.0426,318.427,0.883397],"direction":[-0.282707,0.026589,-0.958838],"extended":false,"handId":962,"id":9620,"length":50.2737,"mcpPosition":[-21.2752,305.212,72.614],"pipPosition":[-44.7443,317.553,32.4197],"stabilizedTipPosition":[-57.8975,297.655,16.7596],"timeVisible":9.49901,"tipPosition":[-57.3291,317.998,-15.9451],"tipVelocity":[-22.6002,35.348,-118.022],"tool":false,"touchDistance":-0.587478,"touchZone":"touching","type":0,"width":19.534},{"bases":[[[0.81414,-0.460335,-0.353932],[0.55842,0.7878,0.25988],[0.159196,-0.409221,0.89844]],[[0.819622,-0.475616,-0.319389],[0.513308,0.857238,0.0407105],[0.25443,-0.197312,0.946749]],[[0.819622,-0.475616,-0.319389],[0.460461,0.878591,-0.126703],[0.340875,-0.0432177,0.939115]],[[0.819622,-0.475616,-0.319389],[0.412041,0.876718,-0.24817],[0.398048,0.0718038,0.91455]]],"btipPosition":[-39.7704,356.103,-70.8578],"carpPosition":[-3.41982,319.059,69.109],"dipPosition":[-33.21,357.286,-55.7846],"direction":[-0.340875,0.0432177,-0.939115],"extended":true,"handId":962,"id":9621,"length":56.7283,"mcpPosition":[-14.7177,348.101,5.34813],"pipPosition":[-25.2622,356.278,-33.8884],"stabilizedTipPosition":[-36.8462,352.238,-59.8389],"timeVisible":9.49901,"tipPosition":[-38.8799,354.555,-66.9772],"tipVelocity":[-29.6747,57.7126,-145.94],"tool":false,"touchDistance":-0.613921,"touchZone":"touching","type":1,"width":18.6589},{"bases":[[[0.720957,-0.638901,-0.268378],[0.69138,0.689458,0.215964],[0.0470562,-0.341252,0.938793]],[[0.721882,-0.646943,-0.245665],[0.25523,0.578875,-0.774442],[0.64323,0.496355,0.582999]],[[0.721882,-0.646943,-0.245665],[-0.590497,-0.390757,-0.706132],[0.360832,0.654809,-0.664098]],[[0.721882,-0.646943,-0.245665],[-0.68395,-0.721041,-0.11096],[-0.10535,0.248123,-0.962983]]],"btipPosition":[-34.0899,292.605,10.2507],"carpPosition":[6.97298,315.176,64.8665],"dipPosition":[-35.9997,297.103,-7.20586],"direction":[-0.360832,-0.654809,0.664098],"extended":false,"handId":962,"id":9622,"length":64.6373,"mcpPosition":[3.80604,338.143,1.68451],"pipPosition":[-26.1017,315.065,-25.4227],"stabilizedTipPosition":[-34.5569,256.835,61.4149],"timeVisible":9.49901,"tipPosition":[-34.4588,293.682,6.30278],"tipVelocity":[-36.655,53.64,-110.945],"tool":false,"touchDistance":0.333333,"touchZone":"none","type":2,"width":18.3255},{"bases":[[[0.665839,-0.732299,-0.142813],[0.74227,0.63082,0.226054],[-0.0754497,-0.256522,0.963589]],[[0.662802,-0.740803,-0.10911],[0.356373,0.440232,-0.824132],[0.658553,0.507353,0.555789]],[[0.662802,-0.740803,-0.10911],[-0.587576,-0.424222,-0.68905],[0.464164,0.520814,-0.716453]],[[0.662802,-0.740803,-0.10911],[-0.748748,-0.657321,-0.0854726],[-0.00840178,0.138347,-0.990348]]],"btipPosition":[-20.0386,285.734,15.9616],"carpPosition":[16.0382,308.511,61.1462],"dipPosition":[-20.19,288.227,-1.88788],"direction":[-0.464164,-0.520814,0.716453],"extended":false,"handId":962,"id":9623,"length":62.1505,"mcpPosition":[20.5972,324.011,2.92109],"pipPosition":[-7.78635,302.145,-21.0333],"stabilizedTipPosition":[-19.6416,245.916,75.2345],"timeVisible":9.49901,"tipPosition":[-19.9542,286.315,12.2341],"tipVelocity":[-38.2797,50.4721,-120.447],"tool":false,"touchDistance":0.333333,"touchZone":"none","type":3,"width":17.4379},{"bases":[[[0.520773,-0.851163,-0.0657031],[0.827195,0.484084,0.285326],[-0.211054,-0.20294,0.956176]],[[0.527956,-0.843399,-0.0996994],[0.422501,0.36267,-0.83064],[0.73672,0.396418,0.547811]],[[0.527956,-0.843399,-0.0996994],[-0.654511,-0.329261,-0.68059],[0.541182,0.424576,-0.725849]],[[0.527956,-0.843399,-0.0996994],[-0.848721,-0.519736,-0.0977107],[0.0305918,0.136204,-0.990208]]],"btipPosition":[-2.95514,283.694,15.9839],"carpPosition":[21.0876,296.14,57.9936],"dipPosition":[-2.44648,285.959,-0.480653],"direction":[-0.541182,-0.424576,0.725849],"extended":false,"handId":962,"id":9624,"length":48.7249,"mcpPosition":[32.8929,307.491,4.50985],"pipPosition":[7.76415,293.97,-14.1754],"stabilizedTipPosition":[-2.92159,245.109,74.837],"timeVisible":9.49901,"tipPosition":[-2.85167,284.302,11.9238],"tipVelocity":[-37.4824,42.1529,-124.497],"tool":false,"touchDistance":0.333333,"touchZone":"none","type":4,"width":15.4897}],"r":[[0.988956,0.010726,0.147