{"sensorType":"Leap","data":[[0,{"currentFrameRate":55.3626,"devices":[],"gestures":[],"hands":[{"armBasis":[[0.792253,-0.578477,-0.194165],[0.518831,0.806101,-0.28463],[0.321169,0.12476,0.938768]],"armWidth":61.4671,"confidence":0.594418,"direction":[0.14428,0.425087,-0.893579],"elbow":[86.3293,319.144,328.041],"grabStrength":0,"id":962,"palmNormal":[-0.569607,-0.702738,-0.426272],"palmPosition":[1.87176,310.059,36.2464],"palmVelocity":[-25.3284,111.358,-133.633],"palmWidth":87.7729,"pinchStrength":0.538058,"r":[[0.976759,0.0144515,0.213855],[0.0332912,0.975388,-0.217967],[-0.211742,0.22002,0.952238]],"s":1.28193,"sphereCenter":[-19.5505,283.884,1.51516],"sphereRadius":45.3364,"stabilizedPalmPosition":[0.984939,277.607,73.3072],"t":[7.33411,-24.0288,-102.832],"timeVisible":12.8432,"type":"right","wrist":[2.67969,286.65,83.5351]}],"id":4951901,"interactionBox":{"center":[0,200,0],"size":[235.247,235.247,147.751]},"pointables":[{"bases":[[[0.863227,0.481932,0.150269],[-0.452774,0.607506,0.652635],[0.223236,-0.63141,0.742622]],[[0.693593,0.699936,-0.170347],[-0.559378,0.672312,0.484863],[0.453899,-0.241009,0.85784]],[[0.693593,0.699936,-0.170347],[-0.67401,0.714013,0.189465],[0.254243,-0.0165964,0.966998]],[[0.693593,0.699936,-0.170347],[-0.699414,0.710938,0.0733952],[0.172478,0.0682365,0.982647]]],"btipPosition":[-60.0951,304.225,-9.38212],"carpPosition":[-25.9827,293.614,85.9142],"dipPosition":[-56.2012,305.765,12.8022],"direction":[-0.254243,0.0165964,-0.966998],"extended":false,"handId":962,"id":9620,"length":50.2737,"mcpPosition":[-25.9827,293.614,85.9142],"pipPosition":[-47.8392,305.219,44.6069],"stabilizedTipPosition":[-58.0124,292.966,6.52931],"timeVisible":12.8432,"tipPosition":[-59.5917,306.097,-4.01579],"tipVelocity":[-28.7956,137.864,-124.469],"tool":false,"touchDistance":-0.548695,"touchZone":"touching","type":0,"width":19.534},{"bases":[[[0.821893,-0.49102,-0.288777],[0.56425,0.771334,0.294389],[0.0781927,-0.404899,0.911012]],[[0.81995,-0.481891,-0.308972],[0.503229,0.864067,-0.0121807],[0.272842,-0.145496,0.950993]],[[0.81995,-0.481891,-0.308972],[0.431112,0.874937,-0.220517],[0.376596,0.0476108,0.925153]],[[0.81995,-0.481891,-0.308972],[0.366422,0.85652,-0.363467],[0.439792,0.18481,0.878879]]],"btipPosition":[-40.3399,337.427,-56.4855],"carpPosition":[-7.4541,306.818,83.6359],"dipPosition":[-33.0915,340.473,-42.0003],"direction":[-0.376596,-0.0476108,-0.925153],"extended":true,"handId":962,"id":9621,"length":56.7283,"mcpPosition":[-13.0033,335.553,18.9828],"pipPosition":[-24.3108,341.583,-20.4296],"stabilizedTipPosition":[-38.485,335.038,-51.3017],"timeVisible":12.8432,"tipPosition":[-39.3561,336.548,-52.5955],"tipVelocity":[-12.678,206.654,-124.961],"tool":false,"touchDistance":-0.537108,"touchZone":"touching","type":1,"width":18.6589},{"bases":[[[0.716586,-0.66546,-0.208967],[0.696658,0.66814,0.261259],[-0.034238,-0.332794,0.942378]],[[0.716426,-0.666944,-0.204742],[0.304498,0.56296,-0.768347],[0.627706,0.48812,0.606402]],[[0.716426,-0.666944,-0.204742],[-0.550505,-0.36014,-0.753155],[0.428577,0.652291,-0.62517]],[[0.716426,-0.666944,-0.204742],[-0.697611,-0.688423,-0.198527],[-0.00854251,0.28506,-0.958472]]],"btipPosition":[-35.3978,279.187,23.1137],"carpPosition":[3.0854,302.545,80.2085],"dipPosition":[-35.5526,284.354,5.73891],"direction":[-0.428577,-0.652291,0.62517],"extended":false,"handId":962,"id":9622,"length":64.6373,"mcpPosition":[5.38966,324.943,16.7853],"pipPosition":[-23.7963,302.247,-11.4101],"stabilizedTipPosition":[-26.9576,241.543,61.2728],"timeVisible":12.8432,"tipPosition":[-35.241,280.29,20.1096],"tipVelocity":[-48.8916,140.295,-139.383],"tool":false,"touchDistance":0.333333,"touchZone":"none","type":2,"width":18.3255},{"bases":[[[0.649168,-0.755641,-0.0871074],[0.744628,0.60794,0.27557],[-0.155276,-0.243754,0.957326]],[[0.645854,-0.760471,-0.0674977],[0.411447,0.421176,-0.808284],[0.643105,0.494262,0.584911]],[[0.645854,-0.760471,-0.0674977],[-0.544021,-0.396387,-0.739539],[0.535643,0.514355,-0.669721]],[[0.645854,-0.760471,-0.0674977],[-0.75784,-0.62788,-0.177329],[0.0924728,0.165681,-0.981834]]],"btipPosition":[-22.1477,272.237,29.7617],"carpPosition":[12.1679,295.542,77.2254],"dipPosition":[-20.481,275.223,12.0657],"direction":[-0.535643,-0.514355,0.669721],"extended":false,"handId":962,"id":9623,"length":62.1505,"mcpPosition":[21.5505,310.27,19.3787],"pipPosition":[-6.16723,288.968,-5.83096],"stabilizedTipPosition":[-11.9486,237.681,66.2313],"timeVisible":12.8432,"tipPosition":[-21.5746,272.963,26.8589],"tipVelocity":[-52.7488,129.691,-158.763],"tool":false,"touchDistance":0.333333,"touchZone":"none","type":3,"width":17.4379},{"bases":[[[0.494816,-0.868767,-0.0200486],[0.819869,0.45907,0.342154],[-0.288049,-0.185741,0.93943]],[[0.503852,-0.862321,-0.0503484],[0.475021,0.325293,-0.817643],[0.721449,0.388054,0.57352]],[[0.503852,-0.862321,-0.0503484],[-0.608324,-0.312853,-0.729428],[0.61325,0.398152,-0.682202]],[[0.503852,-0.862321,-0.0503484],[-0.852402,-0.486931,-0.190548],[0.139798,0.138925,-0.980386]]],"btipPosition":[-5.37953,270.307,31.6184],"carpPosition":[17.0112,282.976,74.5552],"dipPosition":[-3.05507,272.617,15.3172],"direction":[-0.61325,-0.398152,0.682202],"extended":false,"handId":962,"id":9624,"length":48.7249,"mcpPosition":[33.1232,293.365,22.0081],"pipPosition":[8.51529,280.129,2.44591],"stabilizedTipPosition":[5.71781,237.809,69.9154],"timeVisible":12.8432,"tipPosition":[-4.70764,270.834,28.5326],"tipVelocity":[-52.4732,117.492,-154.591],"tool":false,"touchDistance":0.333333,"touchZone":"none","type":4,"width":15.4897}],"r":[[0.976759,0.0144515,0.213855],[0.0332912,0.975388,-0.217967],[-0.211742,0.22002,0.952238]],"s":1.28193,"t":[7.33411,-24.0288,-102.832],"timestamp":669145512211},false],[1,{"currentFrameRate":55.3535,"devices":[],"gestures":[],"hands":[{"armBasis":[[0.791595,-0.576411,-0.2028],[0.522036,0.810444,-0.265817],[0.317577,0.10455,0.942451]],"armWidth":61.4671,"confidence":0.605862,"direction":[0.138417,0.433504,-0.890458],"elbow":[85.246,315.591,326.193],"grabStrength":0,"id":962,"palmNormal":[-0.573413,-0.698,-0.428944],"palmPosition":[1.41486,312.224,33.6736],"palmVelocity":[-25.2899,115.295,-137.691],"palmWidth":87.7729,"pinchStrength":0.545927,"r":[[0.977827,0.00256199,0.2094],[0.0425946,0.97659,-0.210851],[-0.205038,0.215095,0.954826]],"s":1.28232,"sphereCenter":[-20.583,286.903,-1.06089],"sphereRadius":45.201,"stabilizedPalmPosition":[1.01003,279.627,70.9941],"t":[6.87395,-21.9476,-105.308],"timeVisible":12.8613,"type":"right","wrist":[2.53181,288.36,80.7284]}],"id":4951902,"interactionBox":{"center":[0,200,0],"size":[235.247,235.247,147.751]},"pointables":[{"bases":[[[0.864817,0.479545,0.148753],[-0.447443,0.601685,0.661642],[0.227785,-0.638757,0.734917]],[[0.692296,0.701387,-0.169656],[-0.555845,0.668243,0.494457],[0.460177,-0.248009,0.852484]],[[0.692296,0.701387,-0.169656],[-0.673737,0.712457,0.196174],[0.258466,-0.0215073,0.965781]],[[0.692296,0.701387,-0.169656],[-0.700549,0.70964,0.0751178],[0.173081,0.0668483,0.982636]]],"btipPosition":[-60.6723,306.472,-11.6203],"carpPosition":[-26.105,295.332,83.3779],"dipPosition":[-56.7648,307.982,10.5639],"direction":[-0.258466,0.0215073,-0.965781],"extended":false,"handId":962,"id":9620,"length":50.2737,"mcpPosition":[-26.105,295.332,83.3779],"pipPosition":[-48.2638,307.274,42.3285],"stabilizedTipPosition":[-58.5041,296.834,2.88661],"timeVisible":12.8613,"tipPosition":[-60.1861,308.327,-6.24134],"tipVelocity":[-30.1857,131.183,-124.093],"tool":false,"touchDistance":-0.555732,"touchZone":"touching","type":0,"width":19.534},{"bases":[[[0.819266,-0.489096,-0.299314],[0.567199,0.767867,0.297767],[0.0841966,-0.413721,0.906502]],[[0.81714,-0.479565,-0.319842],[0.506059,0.862499,-0.000323198],[0.276018,-0.161595,0.947471]],[[0.81714,-0.479565,-0.319842],[0.435417,0.87711,-0.20271],[0.377749,0.0263777,0.925532]],[[0.81714,-0.479565,-0.319842],[0.37217,0.862628,-0.342581],[0.440195,0.160901,0.883368]]],"btipPosition":[-41.0552,341.329,-58.6433],"carpPosition":[-7.57815,308.538,81.0949],"dipPosition":[-33.8001,343.981,-44.0841],"direction":[-0.377749,-0.0263777,-0.925532],"extended":true,"handId":962,"id":9621,"length":56.7283,"mcpPosition":[-13.5534,337.899,16.7619],"pipPosition":[-24.9926,344.596,-22.5045],"stabilizedTipPosition":[-39.0164,339.106,-53.6553],"timeVisible":12.8613,"tipPosition":[-40.0925,340.308,-54.7638],"tipVelocity":[-25.4056,208.534,-121.79],"tool":false,"touchDistance":-0.543842,"touchZone":"touching","type":1,"width":18.6589},{"bases":[[[0.714331,-0.664183,-0.220437],[0.699251,0.664856,0.262708],[-0.0279269,-0.341801,0.939357]],[[0.714199,-0.665706,-0.216232],[0.299859,0.570144,-0.764866],[0.632459,0.481427,0.606814]],[[0.714199,-0.665706,-0.216232],[-0.556098,-0.352064,-0.752865],[0.425059,0.657941,-0.621642]],[[0.714199,-0.665706,-0.216232],[-0.699786,-0.68566,-0.200425],[-0.0148382,0.294459,-0.955549]]],"btipPosition":[-35.9863,281.52,20.4914],"carpPosition":[2.93191,304.287,77.5518],"dipPosition":[-36.2553,286.858,3.16957],"direction":[-0.425059,-0.657941,0.621642],"extended":false,"handId":962,"id":9622,"length":64.6373,"mcpPosition":[4.81143,327.291,14.3319],"pipPosition":[-24.5955,304.906,-13.8827],"stabilizedTipPosition":[-27.4881,243.948,58.6604],"timeVisible":12.8613,"tipPosition":[-35.8514,282.654,17.4851],"tipVelocity":[-41.797,135.927,-141.689],"tool":false,"touchDistance":0.333333,"touchZone":"none","type":2,"width":18.3255},{"bases":[[[0.647677,-0.75546,-0.0989733],[0.747253,0.604469,0.276098],[-0.148755,-0.25278,0.95602]],[[0.644442,-0.760555,-0.0790616],[0.407797,0.429309,-0.80585],[0.646836,0.487082,0.586817]],[[0.644442,-0.760555,-0.0790616],[-0.548353,-0.387608,-0.740992],[0.53292,0.52088,-0.666844]],[[0.644442,-0.760555,-0.0790616],[-0.759673,-0.62503,-0.179542],[0.0871359,0.175765,-0.980568]]],"btipPosition":[-22.7164,274.496,26.8704],"carpPosition":[11.9851,297.302,74.437],"dipPosition":[-21.1459,277.664,9.19727],"direction":[-0.53292,-0.52088,0.666844],"extended":false,"handId":962,"id":9623,"length":62.1505,"mcpPosition":[20.9737,312.577,16.6693],"pipPosition":[-6.90489,291.583,-8.6225],"stabilizedTipPosition":[-12.2547,238.786,64.9538],"timeVisible":12.8613,"tipPosition":[-22.1615,275.249,23.9501],"tipVelocity":[-43.1893,128.491,-159.101],"tool":false,"touchDistance":0.333333,"touchZone":"none","type":3,"width":17.4379},{"bases":[[[0.493676,-0.86906,-0.0319089],[0.822796,0.454886,0.340713],[-0.281585,-0.194456,0.939626]],[[0.502613,-0.862243,-0.0625925],[0.476268,0.336592,-0.812326],[0.721491,0.378475,0.579835]],[[0.502613,-0.862243,-0.0625925],[-0.608011,-0.301089,-0.734621],[0.614576,0.407287,-0.675584]],[[0.502613,-0.862243,-0.0625925],[-0.853388,-0.483267,-0.195403],[0.138236,0.151628,-0.978724]]],"btipPosition":[-5.95767,272.52,28.2963],"carpPosition":[16.7951,284.758,71.6119],"dipPosition":[-3.65917,275.041,12.0227],"direction":[-0.614576,-0.407287,0.675584],"extended":false,"handId":962,"id":9624,"length":48.7249,"mcpPosition":[32.5455,295.635,19.0539],"pipPosition":[7.9362,282.725,-0.7237],"stabilizedTipPosition":[5.52946,238.405,69.1489],"timeVisible":12.8613,"tipPosition":[-5.28538,273.091,25.3091],"tipVelocity":[-42.868,121.038,-168.207],"tool":false,"touchDistance":0.333333,"touchZone":"none","type":4,"width":15.4897}],"r":[[0.977827,0.00256199,0.2094],[0.0425946,0.97659,-0.210851],[-0.205038,0.215095,0.954826]],"s":1.28232,"t":[6.87395,-21.9476,-105.308],"timestamp":669145530308},false],[2,{"currentFrameRate":55.3508,"devices":[],"gestures":[],"hands":[{"armBasis":[[0.790204,-0.577973,-0.203776],[0.52751,0.810724,-0.253889],[0.311947,0.0931302,0.945524]],"armWidth":61.4671,"confidence":0.615088,"direction":[0.134399,0.430718,-0.892423],"elbow":[83.7462,314.326,325.113],"grabStrength":0,"id":962,"palmNormal":[-0.577627,-0.697709,-0.423733],"palmPosition":[1.1717,313.808,31.7346],"palmVelocity":[-19.6646,102.143,-123.237],"palmWidth":87.7729,"pinchStrength":0.555715,"r":[[0.97881,-0.00731416,0.204639],[0.0503236,0.977305,-0.205772],[-0.19849,0.21171,0.956964]],"s":1.28284,"sphereCenter":[-21.4239,289.045,-2.69089],"sphereRadius":45.0518,"stabilizedPalmPosition":[1.02057,281.855,68.4353],"t":[6.5223,-20.1151,-107.516],"timeVisible":12.8793,"type":"right","wrist":[2.49839,290.07,78.8474]}],"id":4951903,"interactionBox":{"center":[0,200,0],"size":[235.247,235.247,147.751]},"pointables":[{"bases":[[[0.866865,0.47775,0.142476],[-0.442117,0.604625,0.662541],[0.230384,-0.637326,0.73535]],[[0.692133,0.699792,-0.176756],[-0.552213,0.671108,0.494647],[0.464772,-0.244754,0.85093]],[[0.692133,0.699792,-0.176756],[-0.672844,0.714198,0.192881],[0.261215,-0.01457,0.965171]],[[0.692133,0.699792,-0.176756],[-0.7016,0.709794,0.0628463],[0.16944,0.080514,0.982246]]],"btipPosition":[-60.9018,307.569,-13.2525],"carpPosition":[-26.1051,297.121,81.6419],"dipPosition":[-57.0765,309.386,8.92279],"direction":[-0.261215,0.01457,-0.965171],"extended":false,"handId":962,"id":9620,"length":50.2737,"mcpPosition":[-26.1051,297.121,81.6419],"pipPosition":[-48.4851,308.907,40.6674],"stabilizedTipPosition":[-58.9058,299.786,-0.0350598],"timeVisible":12.8793,"tipPosition":[-60.4694,309.506,-7.87696],"tipVelocity":[-22.3731,99.5275,-108.088],"tool":false,"touchDistance":-0.553007,"touchZone":"touching","type":0,"width":19.534},{"bases":[[[0.816296,-0.491992,-0.302661],[0.570836,0.767233,0.292403],[0.0883522,-0.411457,0.907137]],[[0.814002,-0.482214,-0.323838],[0.510463,0.859895,0.00266868],[0.27718,-0.16748,0.946109]],[[0.814002,-0.482214,-0.323838],[0.441901,0.875934,-0.193554],[0.376995,0.0144493,0.926103]],[[0.814002,-0.482214,-0.323838],[0.380511,0.863909,-0.329957],[0.438876,0.145362,0.886712]]],"btipPosition":[-41.3391,343.683,-60.5787],"carpPosition":[-7.55829,310.274,79.2166],"dipPosition":[-34.1057,346.078,-45.9643],"direction":[-0.376995,-0.0144493,-0.926103],"extended":true,"handId":962,"id":9621,"length":56.7283,"mcpPosition":[-13.8285,339.474,14.8385],"pipPosition":[-25.3158,346.415,-24.3715],"stabilizedTipPosition":[-39.4033,342.117,-55.7467],"timeVisible":12.8793,"tipPosition":[-40.4112,342.546,-56.6951],"tipVelocity":[-20.9276,169.764,-114.461],"tool":false,"touchDistance":-0.546631,"touchZone":"touching","type":1,"width":18.6589},{"bases":[[[0.711374,-0.666596,-0.222705],[0.702424,0.663791,0.256869],[-0.0233988,-0.339163,0.940436]],[[0.711262,-0.668104,-0.218501],[0.29708,0.56743,-0.767963],[0.637063,0.481311,0.602072]],[[0.711262,-0.668104,-0.218501],[-0.56116,-0.352484,-0.748903],[0.423327,0.65528,-0.625621]],[[0.711262,-0.668104,-0.218501],[-0.702659,-0.68435,-0.194772],[-0.0194032,0.292066,-0.956201]]],"btipPosition":[-36.3863,283.164,18.8333],"carpPosition":[2.92049,305.987,75.6249],"dipPosition":[-36.738,288.459,1.4997],"direction":[-0.423327,-0.65528,0.625621],"extended":false,"handId":962,"id":9622,"length":64.6373,"mcpPosition":[4.49526,328.813,12.3324],"pipPosition":[-25.1258,306.434,-15.6617],"stabilizedTipPosition":[-28.035,246.41,55.9919],"timeVisible":12.8793,"tipPosition":[-36.2674,284.291,15.8115],"tipVelocity":[-32.9505,114.293,-118.018],"tool":false,"touchDistance":0.333333,"touchZone":"none","type":2,"width":18.3255},{"bases":[[[0.645188,-0.757371,-0.10061],[0.75035,0.603319,0.27015],[-0.143904,-0.24979,0.957547]],[[0.641942,-0.76257,-0.0799844],[0.408578,0.428476,-0.805898],[0.648825,0.48466,0.586626]],[[0.641942,-0.76257,-0.0799844],[-0.549991,-0.385268,-0.740998],[0.534248,0.519669,-0.666726]],[[0.641942,-0.76257,-0.0799844],[-0.761952,-0.622787,-0.177666],[0.0856698,0.174996,-0.980835]]],"btipPosition":[-23.1514,276.135,24.8285],"carpPosition":[11.938,298.971,72.4775],"dipPosition":[-21.6073,279.289,7.15055],"direction":[-0.534248,-0.519669,0.666726],"extended":false,"handId":962,"id":9623,"length":62.1505,"mcpPosition":[20.6334,314.064,14.6174],"pipPosition":[-7.33088,293.176,-10.6661],"stabilizedTipPosition":[-12.5772,239.951,63.6018],"timeVisible":12.8793,"tipPosition":[-22.5931,276.879,21.9374],"tipVelocity":[-34.2623,110.417,-137.205],"tool":false,"touchDistance":0.333333,"touchZone":"none","type":3,"width":17.4379},{"bases":[[[0.491288,-0.870396,-0.0323527],[0.825884,0.453722,0.334741],[-0.276678,-0.191174,0.941754]],[[0.500001,-0.86374,-0.0628707],[0.47294,0.333148,-0.815684],[0.725484,0.378109,0.575071]],[[0.500001,-0.86374,-0.0628707],[-0.612652,-0.301472,-0.730598],[0.612093,0.403817,-0.679908]],[[0.500001,-0.86374,-0.0628707],[-0.855703,-0.481563,-0.18939],[0.133307,0.148494,-0.979887]]],"btipPosition":[-6.33466,274.115,26.4881],"carpPosition":[16.6999,286.406,69.6593],"dipPosition":[-4.11811,276.584,10.1951],"direction":[-0.612092,-0.403817,0.679908],"extended":false,"handId":962,"id":9624,"length":48.7249,"mcpPosition":[32.176,297.099,16.9822],"pipPosition":[7.4304,284.203,-2.63289],"stabilizedTipPosition":[5.31726,239.083,68.2816],"timeVisible":12.8793,"tipPosition":[-5.68037,274.673,23.4822],"tipVelocity":[-32.9035,105.135,-135.93],"tool":false,"touchDistance":0.333333,"touchZone":"none","type":4,"width":15.4897}],"r":[[0.97881,-0.00731416,0.204639],[0.0503236,0.977305,-0.205772],[-0.19849,0.21171,0.956964]],"s":1.28284,"t":[6.5223,-20.1151,-107.516],"timestamp":669145548384},false],[3,{"currentFrameRate":55.3546,"devices":[],"gestures":[],"hands":[{"armBasis":[[0.783099,-0.584496,-0.212415],[0.529047,0.805659,-0.266501],[0.326903,0.0963195,0.940137]],"armWidth":61.4671,"confidence":0.625559,"direction":[0.135561,0.427628,-0.893732],"elbow":[86.6162,317.215,321.186],"grabStrength":0,"id":962,"palmNormal":[-0.58235,-0.695397,-0.42106],"palmPosition":[0.213669,315.752,29.1515],"palmVelocity":[-35.5239,104.776,-132.662],"palmWidth":87.7729,"pinchStrength":0.559766,"r":[[0.97956,-0.0162433,0.200494],[0.0576088,0.977637,-0.202257],[-0.192725,0.209673,0.95859]],"s":1.2831,"sphereCenter":[-22.8179,291.405,-5.13067],"sphereRadius":44.9638,"stabilizedPalmPosition":[0.962857,284.279,65.6256],"t":[5.86745,-18.2269,-109.911],"timeVisible":12.8974,"type":"right","wrist":[1.473,292.128,76.3234]}],"id":4951904,"interactionBox":{"center":[0,200,0],"size":[235.247,235.247,147.751]},"pointables":[{"bases":[[[0.869866,0.473023,0.139936],[-0.437557,0.608908,0.661646],[0.227766,-0.636773,0.736643]],[[0.695577,0.695517,-0.180082],[-0.548379,0.67591,0.492369],[0.46417,-0.243727,0.851553]],[[0.695577,0.695517,-0.180082],[-0.668881,0.718403,0.191039],[0.262243,-0.0124287,0.964922]],[[0.695577,0.695517,-0.180082],[-0.698631,0.713265,0.0562852],[0.167594,0.0866605,0.98204]]],"btipPosition":[-61.8442,309.542,-15.7688],"carpPosition":[-27.0844,299.354,79.1428],"dipPosition":[-58.0606,311.499,6.40183],"direction":[-0.262243,0.0124287,-0.964922],"extended":false,"handId":962,"id":9620,"length":50.2737,"mcpPosition":[-27.0844,299.354,79.1428],"pipPosition":[-49.4354,311.09,38.1382],"stabilizedTipPosition":[-59.4176,302.311,-2.66629],"timeVisible":12.8974,"tipPosition":[-61.4158,311.475,-10.4005],"tipVelocity":[-36.788,105.027,-122.977],"tool":false,"touchDistance":-0.5638,"touchZone":"touching","type":0,"width":19.534},{"bases":[[[0.812938,-0.497546,-0.302622],[0.575767,0.764622,0.289562],[0.0873214,-0.409636,0.90806]],[[0.810604,-0.487555,-0.324364],[0.517028,0.855951,0.00549324],[0.274961,-0.172158,0.945916]],[[0.810604,-0.487555,-0.324364],[0.450718,0.87308,-0.185966],[0.373864,0.00454805,0.927472]],[[0.810604,-0.487555,-0.324364],[0.391177,0.863022,-0.319646],[0.435778,0.132223,0.890289]]],"btipPosition":[-41.9562,346.312,-63.2882],"carpPosition":[-8.46455,312.391,76.6556],"dipPosition":[-34.7739,348.491,-48.6149],"direction":[-0.373865,-0.00454805,-0.927472],"extended":true,"handId":962,"id":9621,"length":56.7283,"mcpPosition":[-14.6616,341.462,12.2119],"pipPosition":[-26.0569,348.597,-26.9901],"stabilizedTipPosition":[-39.8971,344.69,-58.0301],"timeVisible":12.8974,"tipPosition":[-41.0516,345.127,-59.4113],"tipVelocity":[-27.5304,157.007,-131.021],"tool":false,"touchDistance":-0.56074,"touchZone":"touching","type":1,"width":18.6589},{"bases":[[[0.707116,-0.671325,-0.222057],[0.706692,0.660319,0.254097],[-0.0239533,-0.336602,0.941342]],[[0.707002,-0.672825,-0.217841],[0.299412,0.563829,-0.769707],[0.640704,0.47896,0.60008]],[[0.707002,-0.672825,-0.217841],[-0.564217,-0.350908,-0.747344],[0.42639,0.651283,-0.627712]],[[0.707002,-0.672825,-0.217841],[-0.706958,-0.680647,-0.192175],[-0.0189724,0.289873,-0.956877]]],"btipPosition":[-37.5471,285.297,16.3689],"carpPosition":[1.98345,308.033,73.0592],"dipPosition":[-37.8911,290.552,-0.977014],"direction":[-0.42639,-0.651283,0.627712],"extended":false,"handId":962,"id":9622,"length":64.6373,"mcpPosition":[3.59553,330.687,9.70567],"pipPosition":[-26.1948,308.417,-18.1958],"stabilizedTipPosition":[-28.6347,248.917,53.265],"timeVisible":12.8974,"tipPosition":[-37.4279,286.418,13.3326],"tipVelocity":[-47.7883,115.889,-126.876],"tool":false,"touchDistance":0.333333,"touchZone":"none","type":2,"width":18.3255},{"bases":[[[0.640585,-0.761397,-0.0996296],[0.754283,0.599602,0.267461],[-0.143906,-0.246481,0.958404]],[[0.637188,-0.766745,-0.0780599],[0.418225,0.429066,-0.800619],[0.647363,0.477498,0.594068]],[[0.637188,-0.766745,-0.0780599],[-0.546468,-0.378052,-0.747295],[0.543474,0.518824,-0.659892]],[[0.637188,-0.766745,-0.0780599],[-0.765206,-0.617303,-0.182748],[0.0919349,0.176177,-0.980056]]],"btipPosition":[-24.4308,278.23,21.6981],"carpPosition":[10.9549,300.957,69.9163],"dipPosition":[-22.7738,281.406,4.03418],"direction":[-0.543474,-0.518824,0.659892],"extended":false,"handId":962,"id":9623,"length":62.1505,"mcpPosition":[19.6505,315.85,12.0044],"pipPosition":[-8.25082,295.27,-13.5998],"stabilizedTipPosition":[-12.9313,241.155,62.1831],"timeVisible":12.8974,"tipPosition":[-23.8367,278.969,18.9141],"tipVelocity":[-50.9604,113.244,-154.309],"tool":false,"touchDistance":0.333333,"touchZone":"none","type":3,"width":17.4379},{"bases":[[[0.48613,-0.873342,-0.0308488],[0.829038,0.44973,0.332324],[-0.276359,-0.187128,0.942661]],[[0.494716,-0.866914,-0.0609675],[0.477914,0.329979,-0.814071],[0.725847,0.373597,0.577556]],[[0.494716,-0.866914,-0.0609675],[-0.611983,-0.297708,-0.732698],[0.617035,0.399788,-0.677817]],[[0.494716,-0.866914,-0.0609675],[-0.858348,-0.476439,-0.190379],[0.135995,0.146515,-0.979816]]],"btipPosition":[-7.56397,276.102,23.776],"carpPosition":[15.6388,288.357,67.1233],"dipPosition":[-5.30273,278.538,7.48423],"direction":[-0.617035,-0.399788,0.677817],"extended":false,"handId":962,"id":9624,"length":48.7249,"mcpPosition":[31.097,298.824,14.3955],"pipPosition":[6.33905,286.081,-5.30434],"stabilizedTipPosition":[5.05975,239.866,67.2764],"timeVisible":12.8974,"tipPosition":[-6.8985,276.65,20.81],"tipVelocity":[-49.3416,107.291,-142.715],"tool":false,"touchDistance":0.333333,"touchZone":"none","type":4,"width":15.4897}],"r":[[0.97956,-0.0162433,0.200494],[0.0576088,0.977637,-0.202257],[-0.192725,0.209673,0.95859]],"s":1.2831,"t":[5.86745,-18.2269,-109.911],"timestamp":669145566436},false],[4,{"currentFrameRate":55.3494,"devices":[],"gestures":[],"hands":[{"armBasis":[[0.788341,-0.573872,-0.221787],[0.529331,0.816391,-0.230899],[0.313572,0.0646285,0.947363]],"armWidth":61.4671,"confidence":0.61212,"direction":[0.13108,0.435959,-0.89037],"elbow":[82.9517,310.734,320.294],"grabStrength":0,"id":962,"palmNormal":[-0.575652,-0.697728,-0.426381],"palmPosition":[-0.224991,317.883,26.5657],"palmVelocity":[-30.1673,110.984,-137.568],"palmWidth":87.7729,"pinchStrength":0.565035,"r":[[0.980147,-0.0217742,0.197073],[0.0615296,0.978283,-0.19793],[-0.188484,0.206126,0.960201]],"s":1.28354,"sphereCenter":[-23.3808,294.094,-7.82093],"sphereRadius":44.8634,"stabilizedPalmPosition":[0.869879,286.91,62.5683],"t":[5.3207,-16.2172,-112.401],"timeVisible":12.9155,"type":"right","wrist":[1.2808,293.902,73.5497]}],"id":4951905,"interactionBox":{"center":[0,200,0],"size":[235.247,235.247,147.751]},"pointables":[{"bases":[[[0.865239,0.4804,0.143444],[-0.443282,0.599366,0.66653],[0.234226,-0.640294,0.731547]],[[0.688466,0.70383,-0.175036],[-0.555185,0.666725,0.497239],[0.466673,-0.245155,0.849774]],[[0.688466,0.70383,-0.175036],[-0.676114,0.71017,0.196285],[0.262457,-0.0167917,0.964798]],[[0.688466,0.70383,-0.175036],[-0.706234,0.70551,0.0590751],[0.165068,0.0829451,0.982788]]],"btipPosition":[-62.1754,311.31,-18.4058],"carpPosition":[-27.345,300.825,76.433],"dipPosition":[-58.4488,313.183,3.7818],"direction":[-0.262457,0.0167917,-0.964798],"extended":false,"handId":962,"id":9620,"length":50.2737,"mcpPosition":[-27.345,300.825,76.433],"pipPosition":[-49.8166,312.63,35.5141],"stabilizedTipPosition":[-59.8275,304.345,-4.96021],"timeVisible":12.9155,"tipPosition":[-61.7695,313.181,-13.0283],"tipVelocity":[-28.3502,101.055,-133.728],"tool":false,"touchDistance":-0.575249,"touchZone":"touching","type":0,"width":19.534},{"bases":[[[0.817671,-0.487165,-0.306733],[0.568349,0.767918,0.295434],[0.0916209,-0.415899,0.904784]],[[0.815155,-0.47673,-0.329017],[0.510562,0.859622,0.0193897],[0.273586,-0.183789,0.944125]],[[0.815155,-0.47673,-0.329017],[0.446988,0.878973,-0.166157],[0.368409,-0.0116229,0.929591]],[[0.815155,-0.47673,-0.329017],[0.390056,0.871693,-0.29666],[0.428228,0.113489,0.896516]]],"btipPosition":[-42.3427,349.597,-65.7451],"carpPosition":[-8.85451,314.064,74.0439],"dipPosition":[-35.2848,351.467,-50.9691],"direction":[-0.368409,0.0116229,-0.929591],"extended":true,"handId":962,"id":9621,"length":56.7283,"mcpPosition":[-15.3567,343.579,9.83283],"pipPosition":[-26.6951,351.196,-29.2949],"stabilizedTipPosition":[-40.3299,347.5,-60.3025],"timeVisible":12.9155,"tipPosition":[-41.4702,348.289,-61.8763],"tipVelocity":[-25.3539,166.841,-132.697],"tool":false,"touchDistance":-0.569499,"touchZone":"touching","type":1,"width":18.6589},{"bases":[[[0.713581,-0.662601,-0.227513],[0.700277,0.665185,0.259116],[-0.0203525,-0.344223,0.938667]],[[0.713481,-0.664155,-0.223255],[0.295516,0.574137,-0.763569],[0.635307,0.478817,0.605904]],[[0.713481,-0.664155,-0.223255],[-0.559608,-0.348396,-0.75197],[0.421644,0.661452,-0.62024]],[[0.713481,-0.664155,-0.223255],[-0.700377,-0.685287,-0.199634],[-0.0204057,0.298797,-0.954098]]],"btipPosition":[-37.7313,287.179,13.3743],"carpPosition":[1.63448,309.837,70.4108],"dipPosition":[-38.1012,292.596,-3.9212],"direction":[-0.421644,-0.661452,0.62024],"extended":false,"handId":962,"id":9622,"length":64.6373,"mcpPosition":[3.00423,333.003,7.23726],"pipPosition":[-26.5351,310.74,-20.935],"stabilizedTipPosition":[-29.1382,251.084,50.8592],"timeVisible":12.9155,"tipPosition":[-37.6148,288.329,10.3589],"tipVelocity":[-30.0702,111.247,-144.971],"tool":false,"touchDistance":0.333333,"touchZone":"none","type":2,"width":18.3255},{"bases":[[[0.647974,-0.754281,-0.105782],[0.748464,0.604833,0.27199],[-0.141176,-0.255417,0.956468]],[[0.644556,-0.759956,-0.083755],[0.416231,0.44068,-0.795332],[0.641326,0.477774,0.60036]],[[0.644556,-0.759956,-0.083755],[-0.540847,-0.375784,-0.75251],[0.540401,0.530333,-0.653233]],[[0.644556,-0.759956,-0.083755],[-0.758983,-0.622802,-0.189903],[0.092155,0.185972,-0.978224]]],"btipPosition":[-24.5386,280.191,18.6267],"carpPosition":[10.6737,302.873,67.21],"dipPosition":[-22.8776,283.543,0.995747],"direction":[-0.540401,-0.530333,0.653233],"extended":false,"handId":962,"id":9623,"length":62.1505,"mcpPosition":[19.2044,318.307,9.41513],"pipPosition":[-8.43674,297.715,-16.4603],"stabilizedTipPosition":[-13.2486,242.28,60.8373],"timeVisible":12.9155,"tipPosition":[-23.9478,280.957,15.8292],"tipVelocity":[-29.5441,112.007,-161.489],"tool":false,"touchDistance":0.333333,"touchZone":"none","type":3,"width":17.4379},{"bases":[[[0.494645,-0.868271,-0.0378474],[0.824704,0.455194,0.335652],[-0.274209,-0.197241,0.941225]],[[0.50309,-0.861581,-0.0676687],[0.484785,0.346158,-0.803217],[0.715461,0.371286,0.59183]],[[0.50309,-0.861581,-0.0676687],[-0.600464,-0.292156,-0.744371],[0.621566,0.415118,-0.664329]],[[0.50309,-0.861581,-0.0676687],[-0.852471,-0.481844,-0.202778],[0.142104,0.159701,-0.976884]]],"btipPosition":[-7.67597,278.223,20.2595],"carpPosition":[15.4799,290.342,64.3167],"dipPosition":[-5.31316,280.879,4.01653],"direction":[-0.621566,-0.415118,0.664329],"extended":false,"handId":962,"id":9624,"length":48.7249,"mcpPosition":[30.8178,301.375,11.6692],"pipPosition":[6.4141,288.711,-8.51754],"stabilizedTipPosition":[4.81699,240.642,66.2658],"timeVisible":12.9155,"tipPosition":[-6.98122,278.812,17.4411],"tipVelocity":[-28.2165,113.373,-167.008],"tool":false,"touchDistance":0.333333,"touchZone":"none","type":4,"width":15.4897}],"r":[[0.980147,-0.0217742,0.197073],[0.0615296,0.978283,-0.19793],[-0.188484,0.206126,0.960201]],"s":1.28354,"t":[5.3207,-16.2172,-112.401],"timestamp":669145584521},false],[5,{"currentFrameRate":55.3137,"devices":[],"gestures":[],"hands":[{"armBasis":[[0.778203,-0.591029,-0.212332],[0.552385,0.805034,-0.216313],[0.298781,0.0510464,0.952955]],"armWidth":61.4671,"confidence":0.520654,"direction":[0.124753,0.422524,-0.897725],"elbow":[79.0814,309.792,318.763],"grabStrength":0,"id":962,"palmNormal":[-0.598239,-0.689793,-0.407793],"palmPosition":[-0.552202,319.955,23.3259],"palmVelocity":[-24.3457,112.343,-156.871],"palmWidth":87.7729,"pinchStrength":0.576284,"r":[[0.981142,-0.030045,0.190938],[0.0682972,0.978011,-0.197053],[-0.180819,0.206377,0.96162]],"s":1.28402,"sphereCenter":[-25.2015,296.852,-10.2775],"sphereRadius":44.7692,"stabilizedPalmPosition":[0.760607,289.449,59.5529],"t":[4.88372,-14.1765,-115.267],"timeVisible":12.9337,"type":"right","wrist":[1.26277,296.497,70.5625]}],"id":4951906,"interactionBox":{"center":[0,200,0],"size":[235.247,235.247,147.751]},"pointables":[{"bases":[[[0.877941,0.462837,0.12248],[-0.418178,0.61675,0.666894],[0.233124,-0.636712,0.735018]],[[0.7004,0.68642,-0.19562],[-0.53177,0.684656,0.498464],[0.476089,-0.245099,0.844551]],[[0.7004,0.68642,-0.19562],[-0.657018,0.727124,0.199044],[0.278868,-0.0108842,0.960268]],[[0.7004,0.68642,-0.19562],[-0.690176,0.721191,0.0595071],[0.181926,0.0933335,0.978873]]],"btipPosition":[-63.3533,314.137,-20.4877],"carpPosition":[-27.1492,304.084,73.8622],"dipPosition":[-59.2462,316.244,1.61149],"direction":[-0.278868,0.0108842,-0.960268],"extended":false,"handId":962,"id":9620,"length":50.2737,"mcpPosition":[-27.1492,304.084,73.8622],"pipPosition":[-50.0742,315.886,33.1948],"stabilizedTipPosition":[-60.4354,306.765,-7.42001],"timeVisible":12.9337,"tipPosition":[-62.8256,316.038,-15.1457],"tipVelocity":[-43.4192,128.379,-125.021],"tool":false,"touchDistance":-0.577591,"touchZone":"touching","type":0,"width":19.534},{"bases":[[[0.801256,-0.508639,-0.31508],[0.590149,0.758592,0.276156],[0.0985536,-0.407215,0.907999]],[[0.79844,-0.497938,-0.338455],[0.531473,0.847041,0.0076074],[0.282897,-0.185954,0.940952]],[[0.79844,-0.497938,-0.338455],[0.467961,0.866947,-0.171508],[0.378823,-0.0214452,0.925221]],[[0.79844,-0.497938,-0.338455],[0.411082,0.861584,-0.2978],[0.439893,0.0986426,0.892616]]],"btipPosition":[-43.2202,352.362,-68.729],"carpPosition":[-8.41913,316.882,70.9905],"dipPosition":[-35.9701,353.988,-54.0174],"direction":[-0.378823,0.0214452,-0.925221],"extended":true,"handId":962,"id":9621,"length":56.7283,"mcpPosition":[-15.4133,345.781,6.55117],"pipPosition":[-27.1375,353.488,-32.4451],"stabilizedTipPosition":[-40.9205,350.029,-62.7379],"timeVisible":12.9337,"tipPosition":[-42.3431,350.985,-64.8657],"tipVelocity":[-35.1097,158.248,-148.003],"tool":false,"touchDistance":-0.585864,"touchZone":"touching","type":1,"width":18.6589},{"bases":[[[0.69478,-0.680798,-0.231939],[0.719135,0.652555,0.23878],[-0.0112076,-0.332695,0.942968]],[[0.694718,-0.682374,-0.227448],[0.300105,0.56236,-0.770512],[0.653684,0.46703,0.595466]],[[0.694718,-0.682374,-0.227448],[-0.576526,-0.339183,-0.743352],[0.430097,0.64755,-0.629043]],[[0.694718,-0.682374,-0.227448],[-0.718795,-0.670256,-0.184637],[-0.0264564,0.291759,-0.956126]]],"btipPosition":[-39.0491,290.006,10.6635],"carpPosition":[1.90884,312.382,67.2257],"dipPosition":[-39.5287,295.295,-6.6688],"direction":[-0.430097,-0.64755,0.629043],"extended":false,"handId":962,"id":9622,"length":64.6373,"mcpPosition":[2.66313,334.773,3.76281],"pipPosition":[-27.7307,313.058,-23.9241],"stabilizedTipPosition":[-29.7207,253.417,48.2912],"timeVisible":12.9337,"tipPosition":[-38.9296,291.115,7.72156],"tipVelocity":[-50.9459,131.52,-147.084],"tool":false,"touchDistance":0.333333,"touchZone":"none","type":2,"width":18.3255},{"bases":[[[0.629356,-0.769578,-0.107982],[0.766213,0.59131,0.251537],[-0.129727,-0.241043,0.961805]],[[0.62615,-0.775006,-0.0854567],[0.41327,0.422822,-0.806492],[0.661169,0.469668,0.585036]],[[0.62615,-0.775006,-0.0854567],[-0.560815,-0.371512,-0.739909],[0.541685,0.511219,-0.667257]],[[0.62615,-0.775006,-0.0854567],[-0.775558,-0.607783,-0.170618],[0.0802907,0.173109,-0.981625]]],"btipPosition":[-25.8443,282.725,16.1424],"carpPosition":[10.7355,305.184,63.9517],"dipPosition":[-24.3972,285.845,-1.54982],"direction":[-0.541685,-0.511219,0.667257],"extended":false,"handId":962,"id":9623,"length":62.1505,"mcpPosition":[18.5743,319.749,5.83436],"pipPosition":[-9.922,299.507,-19.3806],"stabilizedTipPosition":[-13.6428,243.603,59.27],"timeVisible":12.9337,"tipPosition":[-25.2853,283.445,13.3081],"tipVelocity":[-50.9835,123.618,-149.918],"tool":false,"touchDistance":0.333333,"touchZone":"none","type":3,"width":17.4379},{"bases":[[[0.474802,-0.879356,-0.0360042],[0.840282,0.44078,0.315658],[-0.261706,-0.180129,0.94819]],[[0.482712,-0.873328,-0.0654786],[0.483774,0.328224,-0.811315],[0.730035,0.359954,0.580931]],[[0.482712,-0.873328,-0.0654786],[-0.614288,-0.284346,-0.736069],[0.624211,0.395532,-0.673732]],[[0.482712,-0.873328,-0.0654786],[-0.865453,-0.464237,-0.188349],[0.134093,0.147587,-0.979917]]],"btipPosition":[-9.05448,280.399,17.2792],"carpPosition":[15.2146,292.518,61.1263],"dipPosition":[-6.82487,282.853,0.985781],"direction":[-0.624211,-0.395532,0.673732],"extended":false,"handId":962,"id":9624,"length":48.7249,"mcpPosition":[29.8531,302.593,8.0893],"pipPosition":[4.9523,290.315,-11.7257],"stabilizedTipPosition":[4.53636,241.489,65.158],"timeVisible":12.9337,"tipPosition":[-8.36588,280.948,14.4896],"tipVelocity":[-51.712,115.092,-165.75],"tool":false,"touchDistance":0.333333,"touchZone":"none","type":4,"width":15.4897}],"r":[[0.981142,-0.030045,0.190938],[0.0682972,0.978011,-0.197053],[-0.180819,0.206377,0.96162]],"s":1.28402,"t":[4.88372,-14.1765,-115.267],"timestamp":669145602723},false],[6,{"currentFrameRate":55.3208,"devices":[],"gestures":[],"hands":[{"armBasis":[[0.77485,-0.59704,-0.20773],[0.556533,0.800129,-0.22375],[0.299799,0.0577638,0.952252]],"armWidth":61.4671,"confidence":0.533659,"direction":[0.127408,0.420424,-0.898338],"elbow":[78.8996,312.73,316.853],"grabStrength":0,"id":962,"palmNormal":[-0.603537,-0.685878,-0.406589],"palmPosition":[-0.850148,321.095,21.5688],"palmVelocity":[-20.6233,88.9779,-128.608],"palmWidth":87.7729,"pinchStrength":0.587123,"r":[[0.981827,-0.0380631,0.185924],[0.0751372,0.977591,-0.196648],[-0.174273,0.207044,0.962685]],"s":1.28469,"sphereCenter":[-26.1027,298.788,-11.8849],"sphereRadius":44.6706,"stabilizedPalmPosition":[0.648267,291.656,56.9038],"t":[4.51626,-12.5863,-117.578],"timeVisible":12.9517,"type":"right","wrist":[0.81582,297.685,68.835]}],"id":4951907,"interactionBox":{"center":[0,200,0],"size":[235.247,235.247,147.751]},"pointables":[{"bases":[[[0.881404,0.456489,0.121429],[-0.413258,0.620692,0.666303],[0.22879,-0.637464,0.735728]],[[0.705351,0.680969,-0.196877],[-0.526648,0.689328,0.497463],[0.47447,-0.247202,0.844849]],[[0.705351,0.680969,-0.196877],[-0.651589,0.732222,0.1982],[0.279126,-0.0115182,0.960185]],[[0.705351,0.680969,-0.196877],[-0.685397,0.726037,0.055686],[0.18086,0.0956605,0.978846]]],"btipPosition":[-63.6482,315.609,-22.2217],"carpPosition":[-27.5376,305.486,72.1392],"dipPosition":[-59.565,317.769,-0.12311],"direction":[-0.279126,0.0115182,-0.960185],"extended":false,"handId":962,"id":9620,"length":50.2737,"mcpPosition":[-27.5376,305.486,72.1392],"pipPosition":[-50.3846,317.39,31.4575],"stabilizedTipPosition":[-60.9699,308.961,-9.70481],"timeVisible":12.9517,"tipPosition":[-63.1193,317.49,-16.8856],"tipVelocity":[-30.7051,106.46,-111.273],"tool":false,"touchDistance":-0.574177,"touchZone":"touching","type":0,"width":19.534},{"bases":[[[0.797308,-0.514961,-0.314826],[0.595887,0.754564,0.274866],[0.0960109,-0.406754,0.908479]],[[0.794338,-0.503478,-0.339907],[0.539514,0.841863,0.013818],[0.279198,-0.194361,0.940357]],[[0.794338,-0.503478,-0.339907],[0.478926,0.863252,-0.159455],[0.373708,-0.0361294,0.926843]],[[0.794338,-0.503478,-0.339907],[0.424472,0.860297,-0.282334],[0.43457,0.0799876,0.897079]]],"btipPosition":[-42.9752,354.587,-70.5989],"carpPosition":[-8.71481,318.142,69.2413],"dipPosition":[-35.8128,355.906,-55.8137],"direction":[-0.373708,0.0361294,-0.926843],"extended":true,"handId":962,"id":9621,"length":56.7283,"mcpPosition":[-15.5286,347.008,4.76799],"pipPosition":[-27.0995,355.063,-34.2036],"stabilizedTipPosition":[-41.1027,352.204,-64.7336],"timeVisible":12.9517,"tipPosition":[-42.1277,353.105,-66.746],"tipVelocity":[-12.5281,139.783,-126.471],"tool":false,"touchDistance":-0.583405,"touchZone":"touching","type":1,"width":18.6589},{"bases":[[[0.689604,-0.686219,-0.231407],[0.724066,0.647527,0.237563],[-0.0131779,-0.331378,0.943406]],[[0.689532,-0.687835,-0.22678],[0.309385,0.562854,-0.76647],[0.654849,0.458343,0.600912]],[[0.689532,-0.687835,-0.22678],[-0.575548,-0.330323,-0.748085],[0.439649,0.646351,-0.62365]],[[0.689532,-0.687835,-0.22678],[-0.723969,-0.663408,-0.189101],[-0.0203772,0.294573,-0.955412]]],"btipPosition":[-39.6741,291.482,8.47127],"carpPosition":[1.57764,313.561,65.4772],"dipPosition":[-40.0435,296.822,-8.84803],"direction":[-0.439649,-0.646351,0.62365],"extended":false,"handId":962,"id":9622,"length":64.6373,"mcpPosition":[2.46453,335.863,1.98476],"pipPosition":[-27.9835,314.552,-25.9554],"stabilizedTipPosition":[-30.2631,255.54,45.9246],"timeVisible":12.9517,"tipPosition":[-39.5192,292.588,5.60051],"tipVelocity":[-42.5285,108.202,-134.83],"tool":false,"touchDistance":0.333333,"touchZone":"none","type":2,"width":18.3255},{"bases":[[[0.62359,-0.774352,-0.1073],[0.770696,0.585952,0.250375],[-0.131006,-0.238828,0.962184]],[[0.62029,-0.779826,-0.0843303],[0.418537,0.419993,-0.805253],[0.663376,0.464195,0.586904]],[[0.62029,-0.779826,-0.0843303],[-0.561816,-0.366688,-0.741554],[0.547361,0.507357,-0.665572]],[[0.62029,-0.779826,-0.0843303],[-0.779945,-0.601806,-0.1718],[0.083224,0.172339,-0.981516]]],"btipPosition":[-26.453,284.054,14.2483],"carpPosition":[10.3491,306.293,62.208],"dipPosition":[-24.9531,287.16,-3.44196],"direction":[-0.547361,-0.507357,0.665572],"extended":false,"handId":962,"id":9623,"length":62.1505,"mcpPosition":[18.2652,320.725,4.06775],"pipPosition":[-10.3262,300.718,-21.2277],"stabilizedTipPosition":[-14.0452,244.932,57.6852],"timeVisible":12.9517,"tipPosition":[-25.8852,284.765,11.4096],"tipVelocity":[-42.4682,99.7819,-128.546],"tool":false,"touchDistance":0.333333,"touchZone":"none","type":3,"width":17.4379},{"bases":[[[0.468266,-0.88289,-0.0351012],[0.843683,0.434961,0.314655],[-0.262538,-0.176956,0.948557]],[[0.476113,-0.877035,-0.0642357],[0.487317,0.323941,-0.810916],[0.73201,0.354784,0.581626]],[[0.476113,-0.877035,-0.0642357],[-0.615318,-0.280067,-0.736849],[0.628252,0.390349,-0.672999]],[[0.476113,-0.877035,-0.0642357],[-0.868765,-0.457789,-0.188882],[0.13625,0.145735,-0.979897]]],"btipPosition":[-9.66906,281.599,15.4913],"carpPosition":[14.7329,293.59,59.3969],"dipPosition":[-7.40358,284.022,-0.801782],"direction":[-0.628252,-0.390349,0.672999],"extended":false,"handId":962,"id":9624,"length":48.7249,"mcpPosition":[29.418,303.488,6.33927],"pipPosition":[4.44982,291.387,-13.4994],"stabilizedTipPosition":[4.25408,242.328,64.0562],"timeVisible":12.9517,"tipPosition":[-8.97374,282.14,12.6893],"tipVelocity":[-43.1077,91.833,-134.078],"tool":false,"touchDistance":0.333333,"touchZone":"none","type":4,"width":15.4897}],"r":[[0.981827,-0.0380631,0.185924],[0.075137