{"sensorType":"Leap","data":[[0,{"currentFrameRate":53.0379,"devices":[],"gestures":[],"hands":[{"armBasis":[[0.710291,-0.688274,-0.147535],[0.643195,0.719765,-0.261225],[0.285984,0.0906518,0.953937]],"armWidth":61.4671,"confidence":0.619424,"direction":[0.193802,0.370674,-0.908318],"elbow":[75.6267,312.152,334.235],"grabStrength":0.0305397,"id":962,"palmNormal":[-0.670433,-0.625895,-0.398467],"palmPosition":[3.17595,310.288,37.7388],"palmVelocity":[16.1185,130.788,-214.511],"palmWidth":87.7729,"pinchStrength":0.479924,"r":[[0.9722,-0.0974498,0.212908],[0.147913,0.960481,-0.235794],[-0.181516,0.260731,0.948194]],"s":1.26508,"sphereCenter":[-15.3522,277.056,3.13068],"sphereRadius":48.0949,"stabilizedPalmPosition":[-9.79919,268.574,89.3692],"t":[7.87612,-24.2356,-99.7236],"timeVisible":31.5467,"type":"right","wrist":[1.141,288.542,85.7789]}],"id":4952888,"interactionBox":{"center":[0,200,0],"size":[235.247,235.247,147.751]},"pointables":[{"bases":[[[0.925672,0.356027,0.127967],[-0.352211,0.687489,0.635064],[0.138124,-0.632933,0.761786]],[[0.777787,0.592422,-0.209961],[-0.466564,0.768027,0.438693],[0.421148,-0.243249,0.873765]],[[0.777787,0.592422,-0.209961],[-0.577877,0.805408,0.131817],[0.247196,0.0188064,0.968783]],[[0.777787,0.592422,-0.209961],[-0.575274,0.80556,0.141888],[0.253194,0.0104269,0.967359]]],"btipPosition":[-60.3052,310.527,-7.65246],"carpPosition":[-26.1793,299.668,88.1243],"dipPosition":[-54.589,310.762,14.1868],"direction":[-0.247196,-0.0188064,-0.968783],"extended":false,"handId":962,"id":9620,"length":50.2737,"mcpPosition":[-26.1793,299.668,88.1243],"pipPosition":[-46.4587,311.381,46.0502],"stabilizedTipPosition":[-64.2472,279.301,28.5264],"timeVisible":31.5467,"tipPosition":[-58.7206,312.044,-2.52141],"tipVelocity":[7.75218,177.495,-208.38],"tool":false,"touchDistance":-0.772002,"touchZone":"hovering","type":0,"width":19.534},{"bases":[[[0.738585,-0.614212,-0.277915],[0.673518,0.690266,0.264399],[0.0294382,-0.382462,0.923502]],[[0.738533,-0.643278,-0.201899],[0.62792,0.765309,-0.141492],[0.245533,-0.0222801,0.969132]],[[0.738533,-0.643278,-0.201899],[0.547002,0.746751,-0.378355],[0.394156,0.168989,0.903374]],[[0.738533,-0.643278,-0.201899],[0.470527,0.706233,-0.528998],[0.482881,0.295684,0.824256]]],"btipPosition":[-35.3745,329.214,-55.0769],"carpPosition":[-5.96091,309.961,85.2746],"dipPosition":[-27.4159,334.087,-41.4919],"direction":[-0.394156,-0.168989,-0.903374],"extended":true,"handId":962,"id":9621,"length":56.7283,"mcpPosition":[-8.0501,337.104,19.7351],"pipPosition":[-18.2258,338.027,-20.429],"stabilizedTipPosition":[-36.414,318.502,-39.8143],"timeVisible":31.5467,"tipPosition":[-34.4292,329.033,-51.028],"tipVelocity":[44.9979,209.521,-228.293],"tool":false,"touchDistance":-0.799883,"touchZone":"hovering","type":1,"width":18.6589},{"bases":[[[0.610059,-0.76885,-0.191566],[0.789171,0.567924,0.233819],[-0.0709771,-0.293821,0.953222]],[[0.609323,-0.771735,-0.182073],[0.36,0.473843,-0.803662],[0.706489,0.424143,0.566548]],[[0.609323,-0.771735,-0.182073],[-0.664362,-0.371543,-0.64852],[0.432838,0.51612,-0.739102]],[[0.609323,-0.771735,-0.182073],[-0.785326,-0.619068,-0.00417611],[-0.109492,0.145531,-0.983276]]],"btipPosition":[-34.1537,287.352,29.5219],"carpPosition":[3.80683,304.095,81.9185],"dipPosition":[-36.1385,289.991,11.6974],"direction":[-0.432838,-0.51612,0.739102],"extended":false,"handId":962,"id":9622,"length":64.6373,"mcpPosition":[8.58368,323.869,17.7655],"pipPosition":[-24.2654,304.148,-8.57685],"stabilizedTipPosition":[-37.9563,250.643,65.5452],"timeVisible":31.5467,"tipPosition":[-34.6515,288.179,24.3496],"tipVelocity":[-2.76542,160.169,-212.628],"tool":false,"touchDistance":0.333333,"touchZone":"none","type":2,"width":18.3255},{"bases":[[[0.531726,-0.844319,-0.0662807],[0.828075,0.501886,0.249802],[-0.177648,-0.187712,0.966026]],[[0.528725,-0.847299,-0.0503429],[0.413705,0.309038,-0.856355],[0.741146,0.431949,0.513928]],[[0.528725,-0.847299,-0.0503429],[-0.694942,-0.398072,-0.598828],[0.487346,0.3516,-0.799294]],[[0.528725,-0.847299,-0.0503429],[-0.846518,-0.530719,0.0417663],[-0.0621065,0.0205333,-0.997858]]],"btipPosition":[-21.3701,278.714,37.9295],"carpPosition":[11.7426,295.754,79.1081],"dipPosition":[-22.4895,279.084,19.9447],"direction":[-0.487346,-0.3516,0.799294],"extended":false,"handId":962,"id":9623,"length":62.1505,"mcpPosition":[22.477,307.096,20.7358],"pipPosition":[-9.46635,288.479,-1.41448],"stabilizedTipPosition":[-23.8766,239.713,78.8969],"timeVisible":31.5467,"tipPosition":[-21.6553,278.835,32.8876],"tipVelocity":[-10.7821,148.561,-224.806],"tool":false,"touchDistance":0.333333,"touchZone":"none","type":3,"width":17.4379},{"bases":[[[0.363411,-0.931612,0.00561436],[0.881728,0.345885,0.320811],[-0.300813,-0.111636,0.947127]],[[0.368951,-0.929371,-0.0120255],[0.496386,0.207966,-0.842823],[0.785797,0.304991,0.538056]],[[0.368951,-0.929371,-0.0120255],[-0.731151,-0.282222,-0.621103],[0.573842,0.237949,-0.783637]],[[0.368951,-0.929371,-0.0120255],[-0.929447,-0.368945,-0.00278668],[-0.00184687,0.0122052,-0.999924]]],"btipPosition":[-6.09122,273.688,36.9078],"carpPosition":[14.6817,282.538,76.8268],"dipPosition":[-6.12193,273.89,20.2817],"direction":[-0.573842,-0.237949,0.783637],"extended":false,"handId":962,"id":9624,"length":48.7249,"mcpPosition":[31.5077,288.783,23.8492],"pipPosition":[4.7049,278.38,5.49663],"stabilizedTipPosition":[-7.62779,234.253,81.6438],"timeVisible":31.5467,"tipPosition":[-6.06541,273.669,31.9634],"tipVelocity":[-12.4686,138.753,-211.648],"tool":false,"touchDistance":0.333333,"touchZone":"none","type":4,"width":15.4897}],"r":[[0.9722,-0.0974498,0.212908],[0.147913,0.960481,-0.235794],[-0.181516,0.260731,0.948194]],"s":1.26508,"t":[7.87612,-24.2356,-99.7236],"timestamp":669164215778},false],[1,{"currentFrameRate":52.8148,"devices":[],"gestures":[],"hands":[{"armBasis":[[0.716029,-0.684138,-0.138774],[0.636656,0.721535,-0.272134],[0.286308,0.106504,0.9522]],"armWidth":61.4671,"confidence":0.620995,"direction":[0.187601,0.389053,-0.901911],"elbow":[76.1097,317.192,330.742],"grabStrength":0.0227079,"id":962,"palmNormal":[-0.675075,-0.615917,-0.406104],"palmPosition":[3.25236,312.19,35.1457],"palmVelocity":[9.9288,113.382,-172.494],"palmWidth":87.7729,"pinchStrength":0.480283,"r":[[0.970884,-0.113626,0.210885],[0.161799,0.960238,-0.227516],[-0.176648,0.255013,0.950665]],"s":1.26832,"sphereCenter":[-15.6714,279.799,-0.0562964],"sphereRadius":48.1176,"stabilizedPalmPosition":[-9.48857,269.612,88.0787],"t":[8.06371,-22.0683,-103.018],"timeVisible":31.5665,"type":"right","wrist":[1.53982,289.453,82.7377]}],"id":4952889,"interactionBox":{"center":[0,200,0],"size":[235.247,235.247,147.751]},"pointables":[{"bases":[[[0.927522,0.35115,0.128048],[-0.34553,0.674931,0.651979],[0.142519,-0.648969,0.747347]],[[0.776972,0.595374,-0.204561],[-0.46135,0.759587,0.458459],[0.428336,-0.261836,0.864853]],[[0.776972,0.595374,-0.204561],[-0.575279,0.803447,0.153383],[0.255674,-0.00149466,0.966762]],[[0.776972,0.595374,-0.204561],[-0.573599,0.803421,0.159686],[0.259421,-0.00673597,0.965741]]],"btipPosition":[-60.6252,313.4,-9.7155],"carpPosition":[-25.7338,300.591,85.5291],"dipPosition":[-54.7684,313.248,12.0872],"direction":[-0.255674,0.00149466,-0.966762],"extended":false,"handId":962,"id":9620,"length":50.2737,"mcpPosition":[-25.7338,300.591,85.5291],"pipPosition":[-46.3593,313.199,43.8841],"stabilizedTipPosition":[-63.5877,283.822,24.1164],"timeVisible":31.5665,"tipPosition":[-58.9974,314.791,-4.57641],"tipVelocity":[-3.53088,159.074,-156.105],"tool":false,"touchDistance":-0.754207,"touchZone":"hovering","type":0,"width":19.534},{"bases":[[[0.734868,-0.609995,-0.296438],[0.677269,0.683058,0.273384],[0.0357216,-0.401669,0.915088]],[[0.735356,-0.640382,-0.221724],[0.629648,0.766614,-0.125879],[0.250588,-0.0470424,0.96695]],[[0.735356,-0.640382,-0.221724],[0.551074,0.755488,-0.354338],[0.394422,0.138378,0.908451]],[[0.735356,-0.640382,-0.221724],[0.477423,0.721745,-0.50115],[0.480956,0.262668,0.836473]]],"btipPosition":[-35.5564,333.794,-57.2487],"carpPosition":[-5.51291,310.894,82.735],"dipPosition":[-27.6295,338.123,-43.4624],"direction":[-0.394422,-0.138378,-0.908451],"extended":true,"handId":962,"id":9621,"length":56.7283,"mcpPosition":[-8.04802,339.4,17.7926],"pipPosition":[-18.4332,341.35,-22.2811],"stabilizedTipPosition":[-35.5537,323.729,-44.3916],"timeVisible":31.5665,"tipPosition":[-34.6281,333.436,-53.1921],"tipVelocity":[17.4122,217.712,-167.339],"tool":false,"touchDistance":-0.780111,"touchZone":"hovering","type":1,"width":18.6589},{"bases":[[[0.60664,-0.766101,-0.212314],[0.792377,0.561113,0.239356],[-0.0642388,-0.313435,0.947434]],[[0.605975,-0.769163,-0.202934],[0.354419,0.489441,-0.796765],[0.712166,0.410896,0.569196]],[[0.605975,-0.769163,-0.202934],[-0.670485,-0.356576,-0.650617],[0.428069,0.530322,-0.731789]],[[0.605975,-0.769163,-0.202934],[-0.786857,-0.617039,-0.0109018],[-0.116833,0.166286,-0.979132]]],"btipPosition":[-34.2004,289.505,26.7747],"carpPosition":[4.21375,305.077,79.1807],"dipPosition":[-36.3183,292.519,9.02542],"direction":[-0.428069,-0.530322,0.731789],"extended":false,"handId":962,"id":9622,"length":64.6373,"mcpPosition":[8.5371,326.171,15.4172],"pipPosition":[-24.5759,307.066,-11.0483],"stabilizedTipPosition":[-37.7294,253.39,62.5698],"timeVisible":31.5665,"tipPosition":[-34.734,290.438,21.6405],"tipVelocity":[-3.34684,136.542,-175.065],"tool":false,"touchDistance":0.333333,"touchZone":"none","type":2,"width":18.3255},{"bases":[[[0.529105,-0.84398,-0.0880122],[0.831242,0.494667,0.253655],[-0.170543,-0.20737,0.963282]],[[0.526293,-0.847207,-0.0725045],[0.418874,0.332521,-0.84497],[0.739974,0.414331,0.529876]],[[0.526293,-0.847207,-0.0725045],[-0.695699,-0.380006,-0.609589],[0.488896,0.371263,-0.789395]],[[0.526293,-0.847207,-0.0725045],[-0.847549,-0.529535,0.0354012],[-0.0683858,0.0428197,-0.99674]]],"btipPosition":[-21.313,280.758,34.1502],"carpPosition":[12.1066,296.778,76.1351],"dipPosition":[-22.5456,281.529,16.1855],"direction":[-0.488896,-0.371263,0.789395],"extended":false,"handId":962,"id":9623,"length":62.1505,"mcpPosition":[22.4118,309.308,17.9285],"pipPosition":[-9.48102,291.451,-4.90913],"stabilizedTipPosition":[-23.7932,241.22,77.1101],"timeVisible":31.5665,"tipPosition":[-21.6385,280.959,29.4931],"tipVelocity":[-4.53688,128.182,-207.842],"tool":false,"touchDistance":0.333333,"touchZone":"none","type":3,"width":17.4379},{"bases":[[[0.361143,-0.932362,-0.0166245],[0.885063,0.337099,0.320979],[-0.293665,-0.130633,0.94694]],[[0.3664,-0.929844,-0.0337661],[0.490961,0.224032,-0.841883],[0.790385,0.291888,0.538603]],[[0.3664,-0.929844,-0.0337661],[-0.736112,-0.267482,-0.621766],[0.569114,0.252671,-0.782475]],[[0.3664,-0.929844,-0.0337661],[-0.930416,-0.366483,-0.00391593],[-0.0087335,0.0328513,-0.999422]]],"btipPosition":[-6.13038,275.644,33.5988],"carpPosition":[14.9951,283.606,73.5563],"dipPosition":[-6.2756,276.19,16.9811],"direction":[-0.569114,-0.252671,0.782475],"extended":false,"handId":962,"id":9624,"length":48.7249,"mcpPosition":[31.4213,290.913,20.5891],"pipPosition":[4.46203,280.957,2.2179],"stabilizedTipPosition":[-7.58759,235.393,80.2196],"timeVisible":31.5665,"tipPosition":[-6.13417,275.725,28.6938],"tipVelocity":[-7.84413,120.735,-189.36],"tool":false,"touchDistance":0.333333,"touchZone":"none","type":4,"width":15.4897}],"r":[[0.970884,-0.113626,0.210885],[0.161799,0.960238,-0.227516],[-0.176648,0.255013,0.950665]],"s":1.26832,"t":[8.06371,-22.0683,-103.018],"timestamp":669164235516},false],[2,{"currentFrameRate":53.0912,"devices":[],"gestures":[],"hands":[{"armBasis":[[0.700021,-0.696475,-0.157773],[0.649245,0.71271,-0.265565],[0.297406,0.0834679,0.951096]],"armWidth":61.4671,"confidence":0.625239,"direction":[0.192402,0.380413,-0.904582],"elbow":[78.1072,314.061,326.659],"grabStrength":0.0165863,"id":962,"palmNormal":[-0.682887,-0.61009,-0.401815],"palmPosition":[2.6412,314.705,31.195],"palmVelocity":[-10.8724,126.389,-195.541],"palmWidth":87.7729,"pinchStrength":0.482121,"r":[[0.969343,-0.128708,0.209305],[0.175335,0.959097,-0.222239],[-0.17214,0.252124,0.952261]],"s":1.27117,"sphereCenter":[-16.8027,282.527,-3.77804],"sphereRadius":48.0613,"stabilizedPalmPosition":[-9.23743,270.545,86.9009],"t":[7.85193,-19.7269,-106.64],"timeVisible":31.5843,"type":"right","wrist":[0.64669,292.321,78.9427]}],"id":4952890,"interactionBox":{"center":[0,200,0],"size":[235.247,235.247,147.751]},"pointables":[{"bases":[[[0.931918,0.340231,0.125581],[-0.336855,0.683741,0.647323],[0.134375,-0.645555,0.751799]],[[0.784069,0.584351,-0.209211],[-0.451884,0.768508,0.452986],[0.425483,-0.260634,0.866622]],[[0.784069,0.584351,-0.209211],[-0.565327,0.811498,0.147907],[0.256203,0.00230323,0.96662]],[[0.784069,0.584351,-0.209211],[-0.564099,0.811499,0.152515],[0.258897,-0.001567,0.965904]]],"btipPosition":[-61.2427,316.333,-13.6703],"carpPosition":[-26.4831,303.823,81.6585],"dipPosition":[-55.3978,316.297,8.13605],"direction":[-0.256203,-0.00230323,-0.96662],"extended":false,"handId":962,"id":9620,"length":50.2737,"mcpPosition":[-26.4831,303.823,81.6585],"pipPosition":[-46.9712,316.373,39.9283],"stabilizedTipPosition":[-63.1642,287.554,20.3543],"timeVisible":31.5843,"tipPosition":[-59.6019,317.719,-8.54491],"tipVelocity":[-18.2348,162.28,-186.954],"tool":false,"touchDistance":-0.766429,"touchZone":"hovering","type":0,"width":19.534},{"bases":[[[0.727032,-0.621298,-0.292256],[0.685915,0.676281,0.268635],[0.0307448,-0.395769,0.917835]],[[0.727172,-0.650838,-0.218247],[0.639937,0.757766,-0.127555],[0.248397,-0.0469102,0.967522]],[[0.727172,-0.650838,-0.218247],[0.564475,0.74785,-0.349412],[0.390626,0.130888,0.911197]],[[0.727172,-0.650838,-0.218247],[0.493595,0.716692,-0.492663],[0.477059,0.250525,0.842408]]],"btipPosition":[-35.5803,336.7,-61.5718],"carpPosition":[-6.1335,313.85,78.7924],"dipPosition":[-27.7176,340.829,-47.6876],"direction":[-0.390626,-0.130888,-0.911197],"extended":true,"handId":962,"id":9621,"length":56.7283,"mcpPosition":[-8.31541,341.937,13.6551],"pipPosition":[-18.6098,343.881,-26.4423],"stabilizedTipPosition":[-35.0602,327.584,-48.2655],"timeVisible":31.5843,"tipPosition":[-34.681,336.294,-57.5077],"tipVelocity":[8.19461,190.684,-202.044],"tool":false,"touchDistance":-0.794941,"touchZone":"hovering","type":1,"width":18.6589},{"bases":[[[0.596846,-0.775181,-0.207051],[0.799462,0.552654,0.235444],[-0.0680841,-0.306053,0.949577]],[[0.596155,-0.778123,-0.197797],[0.36106,0.479879,-0.799595],[0.717102,0.405266,0.567031]],[[0.596155,-0.778123,-0.197797],[-0.674508,-0.351779,-0.649069],[0.435475,0.520361,-0.734565]],[[0.596155,-0.778123,-0.197797],[-0.794736,-0.606906,-0.00777424],[-0.113995,0.161831,-0.980212]]],"btipPosition":[-35.1213,292.431,22.9242],"carpPosition":[3.51811,307.885,75.278],"dipPosition":[-37.1878,295.365,5.1553],"direction":[-0.435475,-0.520361,0.734565],"extended":false,"handId":962,"id":9622,"length":64.6373,"mcpPosition":[8.10026,328.482,11.3703],"pipPosition":[-25.2423,309.639,-14.9945],"stabilizedTipPosition":[-37.5999,255.8,59.9158],"timeVisible":31.5843,"tipPosition":[-35.6306,293.334,17.8419],"tipVelocity":[-25.7608,149.007,-194.378],"tool":false,"touchDistance":0.333333,"touchZone":"none","type":2,"width":18.3255},{"bases":[[[0.518345,-0.851211,-0.0822117],[0.837483,0.485821,0.2502],[-0.173033,-0.198541,0.964697]],[[0.515544,-0.854243,-0.0669489],[0.42371,0.322063,-0.846608],[0.744771,0.408097,0.527989]],[[0.515544,-0.854243,-0.0669489],[-0.700865,-0.375448,-0.606487],[0.492952,0.359593,-0.79227]],[[0.515544,-0.854243,-0.0669489],[-0.854026,-0.518619,0.040909],[-0.0696673,0.0360857,-0.996917]]],"btipPosition":[-22.2566,283.614,30.3802],"carpPosition":[11.3047,299.465,72.2893],"dipPosition":[-23.5123,284.264,12.4124],"direction":[-0.492952,-0.359593,0.79227],"extended":false,"handId":962,"id":9623,"length":62.1505,"mcpPosition":[21.7602,311.462,13.9972],"pipPosition":[-10.3393,293.873,-8.75908],"stabilizedTipPosition":[-23.753,242.594,75.468],"timeVisible":31.5843,"tipPosition":[-22.6072,283.772,25.7609],"tipVelocity":[-27.4408,142.468,-209.498],"tool":false,"touchDistance":0.333333,"touchZone":"none","type":3,"width":17.4379},{"bases":[[[0.349285,-0.936961,-0.0102085],[0.88931,0.32805,0.318606],[-0.295173,-0.120363,0.947832]],[[0.353946,-0.934923,-0.0253161],[0.496841,0.210891,-0.841828],[0.792384,0.285383,0.539152]],[[0.353946,-0.934923,-0.0253161],[-0.737795,-0.262477,-0.621904],[0.574787,0.238798,-0.782685]],[[0.353946,-0.934923,-0.0253161],[-0.935242,-0.353999,-0.00248054],[-0.00664278,0.0245547,-0.999676]]],"btipPosition":[-7.22558,278.325,29.7834],"carpPosition":[14.0256,286.241,69.8013],"dipPosition":[-7.33604,278.734,13.1615],"direction":[-0.574787,-0.238798,0.782685],"extended":false,"handId":962,"id":9624,"length":48.7249,"mcpPosition":[30.5361,292.973,16.7843],"pipPosition":[3.50863,283.239,-1.60567],"stabilizedTipPosition":[-7.57924,236.461,78.8727],"timeVisible":31.5843,"tipPosition":[-7.21649,278.351,24.9762],"tipVelocity":[-32.8403,133.825,-200.923],"tool":false,"touchDistance":0.333333,"touchZone":"none","type":4,"width":15.4897}],"r":[[0.969343,-0.128708,0.209305],[0.175335,0.959097,-0.222239],[-0.17214,0.252124,0.952261]],"s":1.27117,"t":[7.85193,-19.7269,-106.64],"timestamp":669164253356},false],[3,{"currentFrameRate":53.0526,"devices":[],"gestures":[],"hands":[{"armBasis":[[0.699659,-0.694539,-0.167609],[0.649686,0.716071,-0.255244],[0.297297,0.0696902,0.952238]],"armWidth":61.4671,"confidence":0.570766,"direction":[0.188262,0.383049,-0.90434],"elbow":[77.7913,312.689,322.773],"grabStrength":0.0054241,"id":962,"palmNormal":[-0.682654,-0.610956,-0.400894],"palmPosition":[2.12921,317.039,27.0579],"palmVelocity":[-18.7894,124.684,-206.532],"palmWidth":87.7729,"pinchStrength":0.488763,"r":[[0.968171,-0.140335,0.207244],[0.185494,0.958227,-0.217701],[-0.168036,0.249214,0.953759]],"s":1.27398,"sphereCenter":[-17.4967,285.278,-7.88579],"sphereRadius":47.9299,"stabilizedPalmPosition":[-9.00905,271.48,85.6986],"t":[7.49004,-17.3892,-110.52],"timeVisible":31.6033,"type":"right","wrist":[0.359204,294.538,74.7593]}],"id":4952891,"interactionBox":{"center":[0,200,0],"size":[235.247,235.247,147.751]},"pointables":[{"bases":[[[0.931443,0.34241,0.123165],[-0.336424,0.681319,0.650095],[0.138685,-0.646962,0.749805]],[[0.780701,0.587828,-0.212049],[-0.453807,0.766591,0.454309],[0.429611,-0.25845,0.865239]],[[0.780701,0.587828,-0.212049],[-0.568674,0.808974,0.148899],[0.259069,0.00434133,0.965849]],[[0.780701,0.587828,-0.212049],[-0.568878,0.808971,0.148137],[0.258621,0.0049791,0.965966]]],"btipPosition":[-61.8378,318.151,-17.6424],"carpPosition":[-26.7914,305.961,77.5958],"dipPosition":[-55.9991,318.263,4.16537],"direction":[-0.259069,-0.00434134,-0.965849],"extended":false,"handId":962,"id":9620,"length":50.2737,"mcpPosition":[-26.7914,305.961,77.5958],"pipPosition":[-47.4783,318.406,35.9322],"stabilizedTipPosition":[-62.9115,290.453,17.2321],"timeVisible":31.6033,"tipPosition":[-60.2462,319.596,-12.5012],"tipVelocity":[-24.7201,130.428,-197.885],"tool":false,"touchDistance":-0.777696,"touchZone":"hovering","type":0,"width":19.534},{"bases":[[[0.72766,-0.618675,-0.296231],[0.685046,0.677468,0.26786],[0.0349684,-0.397843,0.916787]],[[0.728171,-0.647821,-0.22382],[0.63869,0.759834,-0.121356],[0.248683,-0.0545838,0.967046]],[[0.728171,-0.647821,-0.22382],[0.567306,0.75292,-0.33358],[0.384618,0.115929,0.915767]],[[0.728171,-0.647821,-0.22382],[0.500635,0.725753,-0.471856],[0.468116,0.231539,0.852794]]],"btipPosition":[-35.9494,340.026,-65.8646],"carpPosition":[-6.47848,316.048,74.6832],"dipPosition":[-28.2341,343.842,-51.8093],"direction":[-0.384618,-0.115929,-0.915767],"extended":true,"handId":962,"id":9621,"length":56.7283,"mcpPosition":[-8.96013,344.283,9.62027],"pipPosition":[-19.2664,346.545,-30.4574],"stabilizedTipPosition":[-34.8296,331.054,-52.0077],"timeVisible":31.6033,"tipPosition":[-35.1074,339.465,-61.7692],"tipVelocity":[-6.27836,181.177,-212.85],"tool":false,"touchDistance":-0.807582,"touchZone":"hovering","type":1,"width":18.6589},{"bases":[[[0.598177,-0.773103,-0.21094],[0.798805,0.554221,0.233986],[-0.0639874,-0.308465,0.949081]],[[0.597537,-0.776021,-0.201843],[0.35761,0.483216,-0.799136],[0.71768,0.405332,0.566252]],[[0.597537,-0.776021,-0.201843],[-0.675264,-0.351263,-0.648563],[0.432398,0.523838,-0.733911]],[[0.597537,-0.776021,-0.201843],[-0.79327,-0.608822,-0.00767698],[-0.116929,0.164703,-0.979388]]],"btipPosition":[-35.6277,294.676,18.8042],"carpPosition":[3.17669,310.117,71.1213],"dipPosition":[-37.7474,297.662,1.05031],"direction":[-0.432398,-0.523838,0.733911],"extended":false,"handId":962,"id":9622,"length":64.6373,"mcpPosition":[7.48313,330.877,7.24698],"pipPosition":[-25.8863,312.031,-19.0816],"stabilizedTipPosition":[-37.5191,257.954,57.455],"timeVisible":31.6033,"tipPosition":[-36.1433,295.587,13.7866],"tipVelocity":[-26.5249,134.166,-205.407],"tool":false,"touchDistance":0.333333,"touchZone":"none","type":2,"width":18.3255},{"bases":[[[0.520311,-0.849635,-0.0860107],[0.837054,0.487455,0.248452],[-0.169168,-0.201268,0.964818]],[[0.517576,-0.852706,-0.0707717],[0.41991,0.3252,-0.847302],[0.745514,0.408825,0.526375]],[[0.517576,-0.852706,-0.0707717],[-0.701979,-0.37588,-0.60493],[0.489225,0.362777,-0.793128]],[[0.517576,-0.852706,-0.0707717],[-0.852496,-0.52099,0.0426643],[-0.0732514,0.0382506,-0.99658]]],"btipPosition":[-22.6875,285.884,26.256],"carpPosition":[10.9752,301.726,68.0859],"dipPosition":[-24.0078,286.573,8.29425],"direction":[-0.489225,-0.362777,0.793128],"extended":false,"handId":962,"id":9623,"length":62.1505,"mcpPosition":[21.1972,313.888,9.78655],"pipPosition":[-10.9344,296.267,-12.9002],"stabilizedTipPosition":[-23.7298,243.917,73.8436],"timeVisible":31.6033,"tipPosition":[-23.0547,286.051,21.6411],"tipVelocity":[-25.4906,131.421,-213.252],"tool":false,"touchDistance":0.333333,"touchZone":"none","type":3,"width":17.4379},{"bases":[[[0.351728,-0.936003,-0.0136267],[0.889535,0.329662,0.316307],[-0.291572,-0.123376,0.948559]],[[0.355982,-0.934085,-0.0275877],[0.494331,0.21328,-0.842703],[0.793041,0.28635,0.537671]],[[0.355982,-0.934085,-0.0275877],[-0.739067,-0.263348,-0.620022],[0.571888,0.241106,-0.784099]],[[0.355982,-0.934085,-0.0275877],[-0.934437,-0.356129,0.000424541],[-0.0102213,0.0256278,-0.999619]]],"btipPosition":[-7.63835,280.673,25.5751],"carpPosition":[13.7224,288.514,65.5574],"dipPosition":[-7.8083,281.099,8.95401],"direction":[-0.571888,-0.241106,0.784099],"extended":false,"handId":962,"id":9624,"length":48.7249,"mcpPosition":[30.0315,295.415,12.4996],"pipPosition":[2.98167,285.648,-5.8398],"stabilizedTipPosition":[-7.5816,237.528,77.4978],"timeVisible":31.6033,"tipPosition":[-7.6498,280.695,20.8045],"tipVelocity":[-27.7328,128.925,-211.107],"tool":false,"touchDistance":0.333333,"touchZone":"none","type":4,"width":15.4897}],"r":[[0.968171,-0.140335,0.207244],[0.185494,0.958227,-0.217701],[-0.168036,0.249214,0.953759]],"s":1.27398,"t":[7.49004,-17.3892,-110.52],"timestamp":669164272344},false],[4,{"currentFrameRate":53.0762,"devices":[],"gestures":[],"hands":[{"armBasis":[[0.688608,-0.702908,-0.178154],[0.652496,0.707816,-0.27064],[0.316335,0.0701204,0.946052]],"armWidth":61.4671,"confidence":0.584099,"direction":[0.18945,0.377517,-0.906416],"elbow":[82.0127,314.969,318.32],"grabStrength":0,"id":962,"palmNormal":[-0.689472,-0.606115,-0.39655],"palmPosition":[1.47682,318.993,24.1186],"palmVelocity":[-26.5906,114.668,-182.231],"palmWidth":87.7729,"pinchStrength":0.492496,"r":[[0.966967,-0.151279,0.205156],[0.195314,0.956889,-0.214979],[-0.16379,0.247948,0.954827]],"s":1.27707,"sphereCenter":[-18.7035,287.717,-10.5972],"sphereRadius":47.7934,"stabilizedPalmPosition":[-8.80853,272.388,84.521],"t":[6.9829,-15.2436,-113.929],"timeVisible":31.622,"type":"right","wrist":[-0.377962,296.706,71.9175]}],"id":4952892,"interactionBox":{"center":[0,200,0],"size":[235.247,235.247,147.751]},"pointables":[{"bases":[[[0.934965,0.334083,0.119282],[-0.328223,0.687148,0.648149],[0.134571,-0.645148,0.752113]],[[0.784955,0.580114,-0.217518],[-0.446409,0.773034,0.450707],[0.42961,-0.256682,0.865765]],[[0.784955,0.580114,-0.217518],[-0.561517,0.8145,0.145905],[0.26181,0.00761098,0.965089]],[[0.784955,0.580114,-0.217518],[-0.563164,0.814435,0.13979],[0.258248,0.0127693,0.965994]]],"btipPosition":[-62.5397,320.218,-20.4609],"carpPosition":[-27.4116,308.397,74.7783],"dipPosition":[-56.7094,320.507,1.3475],"direction":[-0.26181,-0.00761098,-0.965089],"extended":false,"handId":962,"id":9620,"length":50.2737,"mcpPosition":[-27.4116,308.397,74.7783],"pipPosition":[-48.0985,320.757,33.0894],"stabilizedTipPosition":[-62.7768,292.798,14.6634],"timeVisible":31.622,"tipPosition":[-60.9706,321.692,-15.3185],"tipVelocity":[-30.9673,121.633,-174.657],"tool":false,"touchDistance":-0.770535,"touchZone":"hovering","type":0,"width":19.534},{"bases":[[[0.720981,-0.626751,-0.295583],[0.692136,0.672052,0.263237],[0.0336631,-0.394372,0.918334]],[[0.72145,-0.654974,-0.224761],[0.646788,0.75331,-0.119119],[0.247335,-0.0594344,0.967105]],[[0.72145,-0.654974,-0.224761],[0.57961,0.748776,-0.321539],[0.378896,0.101701,0.919834]],[[0.72145,-0.654974,-0.224761],[0.516956,0.725389,-0.454497],[0.460723,0.211706,0.861925]]],"btipPosition":[-36.0792,342.87,-69.1352],"carpPosition":[-7.01214,318.28,71.7702],"dipPosition":[-28.4858,346.36,-54.9294],"direction":[-0.378896,-0.101701,-0.919834],"extended":true,"handId":962,"id":9621,"length":56.7283,"mcpPosition":[-9.40116,346.268,6.59748],"pipPosition":[-19.6516,348.731,-33.4827],"stabilizedTipPosition":[-34.7189,333.864,-55.0945],"timeVisible":31.622,"tipPosition":[-35.3039,342.176,-65.0106],"tipVelocity":[-7.32253,164.829,-193.183],"tool":false,"touchDistance":-0.803697,"touchZone":"hovering","type":1,"width":18.6589},{"bases":[[[0.590274,-0.779594,-0.20931],[0.804634,0.547595,0.229573],[-0.0643563,-0.303929,0.950518]],[[0.589635,-0.782447,-0.200267],[0.360118,0.476637,-0.801955],[0.722942,0.400741,0.562816]],[[0.589635,-0.782447,-0.200267],[-0.680279,-0.347464,-0.64536],[0.435374,0.516764,-0.73716]],[[0.589635,-0.782447,-0.200267],[-0.798991,-0.601335,-0.00299975],[-0.11808,0.16178,-0.979737]]],"btipPosition":[-36.5081,296.957,16.0489],"carpPosition":[2.57694,312.243,68.2075],"dipPosition":[-38.6486,299.889,-1.71137],"direction":[-0.435374,-0.516764,0.73716],"extended":false,"handId":962,"id":9622,"length":64.6373,"mcpPosition":[6.9082,332.698,4.2364],"pipPosition":[-26.7059,314.065,-21.9324],"stabilizedTipPosition":[-37.4926,259.98,55.1323],"timeVisible":31.622,"tipPosition":[-37.0298,297.847,11.0461],"tipVelocity":[-36.6067,127.722,-176.909],"tool":false,"touchDistance":0.333333,"touchZone":"none","type":2,"width":18.3255},{"bases":[[[0.512022,-0.854869,-0.083859],[0.842288,0.48053,0.244216],[-0.168476,-0.195677,0.966088]],[[0.509372,-0.857776,-0.0690001],[0.41964,0.317594,-0.850315],[0.751294,0.404171,0.521731]],[[0.509372,-0.857776,-0.0690001],[-0.709061,-0.372919,-0.598468],[0.48762,0.353768,-0.79817]],[[0.509372,-0.857776,-0.0690001],[-0.856848,-0.512976,0.0516516],[-0.0797009,0.0328127,-0.996279]]],"btipPosition":[-23.5069,288.125,23.6091],"carpPosition":[10.2876,303.766,65.1863],"dipPosition":[-24.9434,288.716,5.65279],"direction":[-0.48762,-0.353768,0.79817],"extended":false,"handId":962,"id":9623,"length":62.1505,"mcpPosition":[20.4677,315.59,6.8102],"pipPosition":[-11.9129,298.17,-15.6764],"stabilizedTipPosition":[-23.7331,245.283,72.168],"timeVisible":31.622,"tipPosition":[-23.9404,288.251,18.9826],"tipVelocity":[-35.0611,125.017,-178.037],"tool":false,"touchDistance":0.333333,"touchZone":"none","type":3,"width":17.4379},{"bases":[[[0.342825,-0.939339,-0.0106722],[0.893457,0.322529,0.312585],[-0.290181,-0.116697,0.94983]],[[0.346787,-0.937643,-0.0237442],[0.494734,0.204367,-0.844673],[0.796854,0.281174,0.534756]],[[0.346787,-0.937643,-0.0237442],[-0.743037,-0.259187,-0.617023],[0.572394,0.231618,-0.786587]],[[0.346787,-0.937643,-0.0237442],[-0.937859,-0.346985,0.0046592],[-0.0126075,0.0206529,-0.999707]]],"btipPosition":[-8.63551,282.742,22.7998],"carpPosition":[12.903,290.518,62.7053],"dipPosition":[-8.84514,283.085,6.17729],"direction":[-0.572394,-0.231618,0.786587],"extended":false,"handId":962,"id":9624,"length":48.7249,"mcpPosition":[29.1343,297.046,9.57656],"pipPosition":[1.95437,287.455,-8.66345],"stabilizedTipPosition":[-7.60818,238.62,76.0866],"timeVisible":31.622,"tipPosition":[-8.66089,282.733,18.0564],"tipVelocity":[-40.3751,119.344,-180.318],"tool":false,"touchDistance":0.333333,"touchZone":"none","type":4,"width":15.4897}],"r":[[0.966967,-0.151279,0.205156],[0.195314,0.956889,-0.214979],[-0.16379,0.247948,0.954827]],"s":1.27707,"t":[6.9829,-15.2436,-113.929],"timestamp":669164291100},false],[5,{"currentFrameRate":53.006,"devices":[],"gestures":[],"hands":[{"armBasis":[[0.684586,-0.707277,-0.176359],[0.66013,0.704159,-0.26151],[0.309144,0.0626061,0.948952]],"armWidth":61.4671,"confidence":0.598094,"direction":[0.184817,0.374969,-0.908428],"elbow":[80.1951,314.471,316.294],"grabStrength":0,"id":962,"palmNormal":[-0.697006,-0.601641,-0.390141],"palmPosition":[1.30528,320.376,21.2938],"palmVelocity":[-17.8812,93.7474,-165.188],"palmWidth":87.7729,"pinchStrength":0.492956,"r":[[0.966015,-0.16136,0.201936],[0.204193,0.955389,-0.213393],[-0.158494,0.247375,0.955869]],"s":1.28003,"sphereCenter":[-19.5261,289.52,-13.2202],"sphereRadius":47.721,"stabilizedPalmPosition":[-8.64051,273.185,83.4706],"t":[6.64356,-13.4792,-117.047],"timeVisible":31.6412,"type":"right","wrist":[-0.322744,298.165,69.1362]}],"id":4952893,"interactionBox":{"center":[0,200,0],"size":[235.247,235.247,147.751]},"pointables":[{"bases":[[[0.938281,0.327488,0.111264],[-0.318008,0.690334,0.649854],[0.13601,-0.645129,0.751871]],[[0.787184,0.574274,-0.224835],[-0.43732,0.776837,0.453073],[0.434848,-0.258327,0.862656]],[[0.787184,0.574274,-0.224835],[-0.554454,0.818635,0.149724],[0.27004,0.00680013,0.962825]],[[0.787184,0.574274,-0.224835],[-0.556647,0.818552,0.141836],[0.265492,0.0135023,0.964019]]],"btipPosition":[-63.062,321.965,-22.7706],"carpPosition":[-27.2475,310.054,72.1998],"dipPosition":[-57.0682,322.27,-1.00679],"direction":[-0.27004,-0.00680013,-0.962825],"extended":false,"handId":962,"id":9620,"length":50.2737,"mcpPosition":[-27.2475,310.054,72.1998],"pipPosition":[-48.1866,322.493,30.6606],"stabilizedTipPosition":[-62.7007,294.834,12.4048],"timeVisible":31.6412,"tipPosition":[-61.4492,323.411,-17.6451],"tipVelocity":[-28.192,106.763,-148.305],"tool":false,"touchDistance":-0.756614,"touchZone":"hovering","type":0,"width":19.534},{"bases":[[[0.714034,-0.632314,-0.300558],[0.699065,0.667384,0.256721],[0.038259,-0.393417,0.918564]],[[0.714897,-0.659924,-0.231132],[0.652406,0.748457,-0.119072],[0.251571,-0.065668,0.965608]],[[0.714897,-0.659924,-0.231132],[0.588078,0.746279,-0.311822],[0.378268,0.0869964,0.921599]],[[0.714897,-0.659924,-0.231132],[0.528528,0.726415,-0.439294],[0.457799,0.19189,0.8681]]],"btipPosition":[-36.3084,345.236,-71.9891],"carpPosition":[-6.80242,319.786,69.0135],"dipPosition":[-28.7632,348.399,-57.6815],"direction":[-0.378268,-0.0869964,-0.921599],"extended":true,"handId":962,"id":9621,"length":56.7283,"mcpPosition":[-9.5176,347.706,3.82442],"pipPosition":[-19.9436,350.427,-36.1937],"stabilizedTipPosition":[-34.6908,336.2,-57.7208],"timeVisible":31.6412,"tipPosition":[-35.5655,344.432,-67.8535],"tipVelocity":[-9.91517,142.582,-170.875],"tool":false,"touchDistance":-0.794118,"touchZone":"hovering","type":1,"width":18.6589},{"bases":[[[0.582932,-0.784099,-0.213025],[0.810387,0.542077,0.222317],[-0.058843,-0.302228,0.951418]],[[0.582348,-0.786926,-0.204003],[0.3571,0.47306,-0.805415],[0.730308,0.396183,0.556497]],[[0.582348,-0.786926,-0.204003],[-0.687921,-0.34331,-0.639455],[0.433168,0.512723,-0.74127]],[[0.582348,-0.786926,-0.204003],[-0.803304,-0.595555,0.00419138],[-0.124793,0.161435,-0.978961]]],"btipPosition":[-36.9026,298.604,13.5548],"carpPosition":[2.71378,313.675,65.3814],"dipPosition":[-39.1648,301.53,-4.19142],"direction":[-0.433168,-0.512723,0.74127],"extended":false,"handId":962,"id":9622,"length":64.6373,"mcpPosition":[6.67399,334.016,1.34984],"pipPosition":[-27.2826,315.595,-24.5252],"stabilizedTipPosition":[-37.4893,261.828,52.9856],"timeVisible":31.6412,"tipPosition":[-37.4573,299.489,8.56855],"tipVelocity":[-29.4344,107.133,-153.863],"tool":false,"touchDistance":0.333333,"touchZone":"none","type":2,"width":18.3255},{"bases":[[[0.505159,-0.858646,-0.0868428],[0.847676,0.474761,0.236745],[-0.162051,-0.193209,0.967683]],[[0.502695,-0.861423,-0.0724505],[0.421175,0.317246,-0.849686],[0.754924,0.396618,0.522288]],[[0.502695,-0.861423,-0.0724505],[-0.712892,-0.36569,-0.598378],[0.488962,0.352451,-0.797932]],[[0.502695,-0.861423,-0.0724505],[-0.860352,-0.506708,0.0551466],[-0.0842158,0.034611,-0.995846]]],"btipPosition":[-23.9552,289.677,20.5978],"carpPosition":[10.3385,305.139,62.3095],"dipPosition":[-25.473,290.301,2.64922],"direction":[-0.488962,-0.352451,0.797932],"extended":false,"handId":962,"id":9623,"length":62.1505,"mcpPosition":[20.1304,316.814,3.83698],"pipPosition":[-12.4067,299.719,-18.6736],"stabilizedTipPosition":[-23.749,246.523,70.6179],"timeVisible":31.6412,"tipPosition":[-24.3822,289.816,16.1795],"tipVelocity":[-29.8033,103.547,-167.845],"tool":false,"touchDistance":0.333333,"touchZone":"none","type":3,"width":17.4379},{"bases":[[[0.335957,-0.941799,-0.0121758],[0.898258,0.316483,0.304912],[-0.283313,-0.113374,0.952303]],[[0.33942,-0.940331,-0.0239],[0.489808,0.198377,-0.848961],[0.803046,0.276448,0.527915]],[[0.33942,-0.940331,-0.0239],[-0.750453,-0.255388,-0.609587],[0.56711,0.224842,-0.792359]],[[0.33942,-0.940331,-0.0239],[-0.94038,-0.33981,0.0146772],[-0.0219229,0.0174933,-0.999607]]],"btipPosition":[-9.04103,284.249,20.122],"carpPosition":[12.8383,291.87,59.8253],"dipPosition":[-9.40555,284.54,3.5012],"direction":[-0.56711,-0.224842,0.792359],"extended":false,"handId":962,"id":9624,"length":48.7249,"mcpPosition":[28.6854,298.211,6.55821],"pipPosition":[1.29428,288.782,-11.4485],"stabilizedTipPosition":[-7.64237,239.65,74.7386],"timeVisible":31.6412,"tipPosition":[-9.12286,284.213,15.4034],"tipVelocity":[-31.8228,99.0058,-160.409],"tool":false,"touchDistance":0.333333,"touchZone":"none","type":4,"width":15.4897}],"r":[[0.966015,-0.16136,0.201936],[0.204193,0.955389,-0.213393],[-0.158494,0.247375,0.955869]],"s":1.28003,"t":[6.64356,-13.4792,-117.047],"timestamp":669164310218},false],[6,{"currentFrameRate":53.0108,"devices":[],"gestures":[],"hands":[{"armBasis":[[0.695225,-0.699338,-0.166097],[0.654076,0.711334,-0.257272],[0.29807,0.070222,0.951957]],"armWidth":61.4671,"confidence":0.600173,"direction":[0.178922,0.383619,-0.905993],"elbow":[77.3022,317.447,313.174],"grabStrength":0,"id":962,"palmNormal":[-0.693673,-0.603842,-0.392673],"palmPosition":[0.967739,321.762,17.5649],"palmVelocity":[-17.8951,83.8578,-181.177],"palmWidth":87.7729,"pinchStrength":0.4966,"r":[[0.965561,-0.168252,0.198454],[0.20969,0.954785,-0.21075],[-0.154022,0.245106,0.957184]],"s":1.28162,"sphereCenter":[-19.8059,291.095,-17.2193],"sphereRadius":47.7296,"stabilizedPalmPosition":[-8.52442,273.772,82.6743],"t":[6.30512,-11.904,-120.47],"timeVisible":31.66,"type":"right","wrist":[-0.331294,299.158,65.2328]}],"id":4952894,"interactionBox":{"center":[0,200,0],"size":[235.247,235.247,147.751]},"pointables":[{"bases":[[[0.936112,0.333786,0.110824],[-0.321123,0.68266,0.656396],[0.143441,-0.650048,0.746232]],[[0.781704,0.582336,-0.223211],[-0.442344,0.77002,0.459783],[0.439626,-0.260678,0.859521]],[[0.781704,0.582336,-0.223211],[-0.560625,0.812946,0.157543],[0.273202,0.00198595,0.961955]],[[0.781704,0.582336,-0.223211],[-0.565116,0.812799,0.141431],[0.263786,0.0155835,0.964455]]],"btipPosition":[-63.446,322.95,-26.3214],"carpPosition":[-27.3359,310.815,68.4793],"dipPosition":[-57.4907,323.302,-4.5477],"direction":[-0.273202,-0.00198595,-0.961955],"extended":false,"handId":962,"id":9620,"length":50.2737,"mcpPosition":[-27.3359,310.815,68.4793],"pipPosition":[-48.5051,323.368,27.0911],"stabilizedTipPosition":[-62.6722,296.123,10.864],"timeVisible":31.66,"tipPosition":[-61.8981,324.397,-21.1736],"tipVelocity":[-24.5952,80.3818,-167.87],"tool":false,"touchDistance":-0.762514,"touchZone":"hovering","type":0,"width":19.534},{"bases":[[[0.71785,-0.624391,-0.307939],[0.694785,0.670663,0.259778],[0.0443203,-0.400434,0.915253]],[[0.719165,-0.652164,-0.239757],[0.647767,0.75411,-0.108241],[0.251394,-0.0774636,0.96478]],[[0.719165,-0.652164,-0.239757],[0.587138,0.754895,-0.292238],[0.371579,0.069397,0.925804]],[[0.719165,-0.652164,-0.239757],[0.531382,0.738533,-0.414974],[0.447699,0.171032,0.877675]]],"btipPosition":[-36.583,347.92,-75.6848],"carpPosition":[-6.97665,320.728,65.3044],"dipPosition":[-29.2043,350.739,-61.2194],"direction":[-0.371579,-0.069397,-0.925804],"extended":true,"handId":962,"id":9621,"length":56.7283,"mcpPosition":[-10.122,349.147,0.350276],"pipPosition":[-20.5406,352.357,-39.6335],"stabilizedTipPosition":[-34.7215,338.149,-60.0278],"timeVisible":31.66,"tipPosition":[-35.895,346.983,-71.5417],"tipVelocity":[-13.1886,140.436,-182.272],"tool":false,"touchDistance":-0.79793,"touchZone":"hovering","type":1,"width":18.6589},{"bases":[[[0.588206,-0.777872,-0.221198],[0.806949,0.546493,0.224009],[-0.0533672,-0.310258,0.949153]],[[0.587678,-0.780755,-0.212263],[0.35093,0.482351,-0.802612],[0.729029,0.397188,0.557458]],[[0.587678,-0.780755,-0.212263],[-0.687398,-0.343423,-0.639957],[0.426754,0.521998,-0.738512]],[[0.587678,-0.780755,-0.212263],[-0.798673,-0.601761,0.00219355],[-0.129444,0.16824,-0.97721]]],"btipPosition":[-37.0912,299.765,9.76624],"carpPosition":[2.57393,314.721,61.5925],"dipPosition":[-39.4377,302.815,-7.94822],"direction":[-0.426754,-0.521998,0.738512],"extended":false,"handId":962,"id":9622,"length":64.6373,"mcpPosition":[6.16561,335.601,-2.28667],"pipPosition":[-27.7315,317.134,-28.2063],"stabilizedTipPosition":[-37.4938,263.058,51.4793],"timeVisible":31.66,"tipPosition":[-37.6717,300.68,4.80752],"tipVelocity":[-20.4306,85.5903,-176.752],"tool":false,"touchDistance":0.333333,"touchZone":"none","type":2,"width":18.3255},{"bases":[[[0.511425,-0.85402,-0.0953643],[0.844799,0.479352,0.237775],[-0.157352,-0.202168,0.966627]],[[0.509171,-0.856768,-0.0818145],[0.438069,0.339813,-0.832239],[0.740838,0.387911,0.548347]],[[0.509171,-0.856768,-0.0818145],[-0.69532,-0.353467,-0.625772],[0.507223,0.375512,-0.775703]],[[0.509171,-0.856768,-0.0818145],[-0.85804,-0.512738,0.0294414],[-0.0671739,0.0552094,-0.996213]]],"btipPosition":[-24.5121,290.735,15.0689],"carpPosition":[10.2535,306.268,58.4275],"dipPosition":[-25.7228,291.73,-2.8862],"direction":[-0.507223,-0.375512,0.775703],"extended":false,"handId":962,"id":9623,"length":62.1505,"mcpPosition":[19.7615,318.484,0.0187239],"pipPosition":[-12.1685,301.765,-23.615],"stabilizedTipPosition":[-23.7666,247.276,69.6068],"timeVisible":31.66,"tipPosition":[-24.6926,291.016,11.2545],"tipVelocity":[-27.8455,82.5592,-229.312],"tool":false,"touchDistance":0.333333,"touchZone":"none","type":3,"width":17.4379},{"bases":[[[0.343113,-0.939063,-0.0208144],[0.896817,0.320928,0.304507],[-0.279271,-0.123147,0.952283]],[[0.34605,-0.937708,-0.0308903],[0.485493,0.207145,-0.849345],[0.802836,0.278918,0.526933]],[[0.34605,-0.937708,-0.0308903],[-0.751237,-0.257211,-0.607854],[0.562044,0.233554,-0.793448]],[[0.34605,-0.937708,-0.0308903],[-0.93784,-0.346655,0.0169073],[-0.0265624,0.0231194,-0.99938]]],"btipPosition":[-9.07894,285.622,16.177],"carpPosition":[12.8465,293.038,55.8289],"dipPosition":[-9.5206,286.007,-0.440029],"direction":[-0.562044,-0.233553,0.793448],"extended":false,"handId":962,"id":9624,"length":48.7249,"mcpPosition":[28.4676,299.927,2.56295],"pipPosition":[1.08363,290.413,-15.4102],"stabilizedTipPosition":[-7.66704,240.389,73.7381],"timeVisible":31.66,"tipPosition":[-9.18907,285.6,11.4752],"tipVelocity":[-17.6931,86.7668,-184.324],"tool":false,"touchDistance":0.333333,"touchZone":