{"sensorType":"Leap","data":[[0,{"currentFrameRate":53.0116,"devices":[],"gestures":[],"hands":[{"armBasis":[[0.709805,-0.688547,-0.148591],[0.641531,0.719021,-0.267296],[0.290886,0.0944027,0.952089]],"armWidth":61.4671,"confidence":0.592028,"direction":[0.172853,0.372593,-0.911754],"elbow":[77.6202,317.084,334.374],"grabStrength":0.03489,"id":962,"palmNormal":[-0.682235,-0.622373,-0.383676],"palmPosition":[2.79503,314.373,38.3845],"palmVelocity":[8.99057,168.599,-187.709],"palmWidth":87.7729,"pinchStrength":0.6367,"r":[[0.972319,-0.135996,0.190004],[0.181103,0.952444,-0.245054],[-0.147642,0.272681,0.950709]],"s":1.21274,"sphereCenter":[-13.7632,275.625,2.68986],"sphereRadius":50.4482,"stabilizedPalmPosition":[-6.39401,268.244,103.488],"t":[7.62426,-20.889,-99.55],"timeVisible":34.7351,"type":"right","wrist":[1.85783,292.496,86.3993]}],"id":4953057,"interactionBox":{"center":[0,200,0],"size":[235.247,235.247,147.751]},"pointables":[{"bases":[[[0.929804,0.352382,0.106259],[-0.334085,0.686904,0.645407],[0.15444,-0.635602,0.756412]],[[0.784665,0.582062,-0.213317],[-0.482277,0.789367,0.37988],[0.389499,-0.1952,0.900104]],[[0.784665,0.582062,-0.213317],[-0.537942,0.810333,0.232332],[0.30809,-0.0675509,0.948956]],[[0.784665,0.582062,-0.213317],[-0.583506,0.809668,0.0629156],[0.209337,0.075104,0.974955]]],"btipPosition":[-58.9712,313.638,-7.12066],"carpPosition":[-25.3567,303.712,89.4437],"dipPosition":[-54.2452,315.333,14.8901],"direction":[-0.30809,0.0675509,-0.948956],"extended":false,"handId":962,"id":9620,"length":50.2737,"mcpPosition":[-25.3567,303.712,89.4437],"pipPosition":[-44.1121,313.112,46.1013],"stabilizedTipPosition":[-63.1329,281.106,36.4473],"timeVisible":34.7351,"tipPosition":[-57.973,315.469,-1.85056],"tipVelocity":[12.4939,185.636,-190.805],"tool":false,"touchDistance":-0.764891,"touchZone":"hovering","type":0,"width":19.534},{"bases":[[[0.729344,-0.616019,-0.297621],[0.68227,0.687118,0.249753],[0.0506481,-0.385214,0.921436]],[[0.727571,-0.671655,-0.139714],[0.65203,0.740338,-0.163572],[0.2133,0.0279125,0.976588]],[[0.727571,-0.671655,-0.139714],[0.606812,0.725072,-0.325653],[0.320029,0.152155,0.93511]],[[0.727571,-0.671655,-0.139714],[0.56531,0.702356,-0.432574],[0.38867,0.235747,0.890707]]],"btipPosition":[-31.4789,332.69,-56.2204],"carpPosition":[-5.17703,313.942,86.1287],"dipPosition":[-25.0731,336.576,-41.5402],"direction":[-0.320029,-0.152155,-0.93511],"extended":true,"handId":962,"id":9621,"length":56.7283,"mcpPosition":[-8.77145,341.28,20.7358],"pipPosition":[-17.6113,340.123,-19.7374],"stabilizedTipPosition":[-31.6402,321.532,-42.1624],"timeVisible":34.7351,"tipPosition":[-30.6683,332.462,-52.2863],"tipVelocity":[28.993,241.548,-191.34],"tool":false,"touchDistance":-0.848531,"touchZone":"hovering","type":1,"width":18.6589},{"bases":[[[0.602413,-0.770449,-0.208582],[0.796698,0.564457,0.216011],[-0.0486897,-0.296305,0.953852]],[[0.603052,-0.766098,-0.22231],[0.388054,0.52523,-0.757329],[0.696952,0.370441,0.614029]],[[0.603052,-0.766098,-0.22231],[-0.603811,-0.25627,-0.75481],[0.521288,0.589423,-0.617122]],[[0.603052,-0.766098,-0.22231],[-0.797615,-0.574977,-0.182241],[0.0117919,0.287218,-0.957793]]],"btipPosition":[-39.1575,289.393,24.0634],"carpPosition":[4.48446,308.051,82.5181],"dipPosition":[-38.9437,294.6,6.70097],"direction":[-0.521288,-0.589423,0.617122],"extended":false,"handId":962,"id":9622,"length":64.6373,"mcpPosition":[7.76133,327.992,18.3227],"pipPosition":[-24.6443,310.768,-10.2273],"stabilizedTipPosition":[-42.3709,249.115,74.5842],"timeVisible":34.7351,"tipPosition":[-39.0034,290.485,20.6937],"tipVelocity":[2.46105,187.775,-222.061],"tool":false,"touchDistance":0.333333,"touchZone":"none","type":2,"width":18.3255},{"bases":[[[0.526898,-0.846,-0.0816278],[0.835744,0.498236,0.230853],[-0.154632,-0.189856,0.969559]],[[0.527103,-0.845747,-0.0829177],[0.46532,0.36889,-0.80461],[0.711084,0.385529,0.587986]],[[0.527103,-0.845747,-0.0829177],[-0.602582,-0.303177,-0.738227],[0.599214,0.439086,-0.669437]],[[0.527103,-0.845747,-0.0829177],[-0.845058,-0.511364,-0.156154],[0.0896655,0.152379,-0.984246]]],"btipPosition":[-26.6136,280.066,31.1917],"carpPosition":[12.3189,299.69,79.4911],"dipPosition":[-24.9976,282.812,13.4522],"direction":[-0.599214,-0.439086,0.669437],"extended":false,"handId":962,"id":9623,"length":62.1505,"mcpPosition":[21.6626,311.162,20.9053],"pipPosition":[-8.98504,294.546,-4.43683],"stabilizedTipPosition":[-29.6703,235.441,88.6685],"timeVisible":34.7351,"tipPosition":[-26.0998,280.767,27.3329],"tipVelocity":[3.47108,178.875,-210.545],"tool":false,"touchDistance":0.333333,"touchZone":"none","type":3,"width":17.4379},{"bases":[[[0.360079,-0.932903,-0.00587736],[0.890555,0.341843,0.300092],[-0.277947,-0.113291,0.953892]],[[0.328054,-0.939678,0.0968777],[0.601663,0.128777,-0.7883],[0.728273,0.316893,0.607616]],[[0.328054,-0.939678,0.0968777],[-0.592439,-0.284532,-0.753696],[0.735796,0.189859,-0.650044]],[[0.328054,-0.939678,0.0968777],[-0.919345,-0.341162,-0.195995],[0.217224,-0.0247669,-0.975808]]],"btipPosition":[-11.6343,278.829,31.5102],"carpPosition":[15.1537,286.471,77.1017],"dipPosition":[-8.02249,278.417,15.2851],"direction":[-0.735796,-0.189859,0.650044],"extended":false,"handId":962,"id":9624,"length":48.7249,"mcpPosition":[30.7007,292.808,23.7457],"pipPosition":[5.85998,281.999,3.02052],"stabilizedTipPosition":[-14.6709,233.564,88.9197],"timeVisible":34.7351,"tipPosition":[-10.6015,278.726,27.7721],"tipVelocity":[3.12646,175.34,-202.701],"tool":false,"touchDistance":0.333333,"touchZone":"none","type":4,"width":15.4897}],"r":[[0.972319,-0.135996,0.190004],[0.181103,0.952444,-0.245054],[-0.147642,0.272681,0.950709]],"s":1.21274,"t":[7.62426,-20.889,-99.55],"timestamp":669167404162},false],[1,{"currentFrameRate":53.014,"devices":[],"gestures":[],"hands":[{"armBasis":[[0.706272,-0.69309,-0.144247],[0.645154,0.714021,-0.27194],[0.291474,0.0990021,0.951442]],"armWidth":61.4671,"confidence":0.595262,"direction":[0.168045,0.390012,-0.905346],"elbow":[77.8136,319.152,329.049],"grabStrength":0.0251244,"id":962,"palmNormal":[-0.696011,-0.603438,-0.389143],"palmPosition":[2.61811,316.282,33.7114],"palmVelocity":[-0.00463595,135.629,-217.156],"palmWidth":87.7729,"pinchStrength":0.645927,"r":[[0.971401,-0.146651,0.186743],[0.189057,0.953524,-0.234626],[-0.143655,0.263221,0.95398]],"s":1.21303,"sphereCenter":[-14.9565,278.691,-2.64796],"sphereRadius":50.4261,"stabilizedPalmPosition":[-5.87656,271.002,99.4818],"t":[7.62066,-18.3489,-103.648],"timeVisible":34.754,"type":"right","wrist":[1.89822,293.366,81.2428]}],"id":4953058,"interactionBox":{"center":[0,200,0],"size":[235.247,235.247,147.751]},"pointables":[{"bases":[[[0.936231,0.335958,0.10297],[-0.316135,0.677412,0.664208],[0.153393,-0.654405,0.740422]],[[0.790114,0.575531,-0.21091],[-0.466097,0.787586,0.403065],[0.398087,-0.220163,0.890537]],[[0.790114,0.575531,-0.21091],[-0.525475,0.813141,0.250355],[0.315587,-0.0869812,0.944902]],[[0.790114,0.575531,-0.21091],[-0.574758,0.815206,0.0713631],[0.213007,0.0648375,0.974897]]],"btipPosition":[-59.4627,316.918,-11.1155],"carpPosition":[-25.1052,304.919,84.8535],"dipPosition":[-54.6539,318.382,10.8939],"direction":[-0.315587,0.0869812,-0.944902],"extended":false,"handId":962,"id":9620,"length":50.2737,"mcpPosition":[-25.1052,304.919,84.8535],"pipPosition":[-44.2742,315.521,41.9718],"stabilizedTipPosition":[-62.4753,286.082,30.5965],"timeVisible":34.754,"tipPosition":[-58.4707,318.725,-5.81165],"tipVelocity":[-5.88995,178.538,-201.132],"tool":false,"touchDistance":-0.776662,"touchZone":"hovering","type":0,"width":19.534},{"bases":[[[0.716395,-0.620166,-0.319643],[0.695497,0.671118,0.25668],[0.0553342,-0.406195,0.91211]],[[0.715749,-0.678487,-0.165406],[0.661904,0.734607,-0.149114],[0.22268,-0.00275475,0.974888]],[[0.715749,-0.678487,-0.165406],[0.616513,0.725145,-0.306719],[0.328048,0.117559,0.937318]],[[0.715749,-0.678487,-0.165406],[0.575207,0.707071,-0.411324],[0.396032,0.199262,0.896356]]],"btipPosition":[-32.1427,337.832,-60.2359],"carpPosition":[-4.8112,314.916,81.5254],"dipPosition":[-25.6155,341.116,-45.4626],"direction":[-0.328048,-0.117559,-0.937318],"extended":true,"handId":962,"id":9621,"length":56.7283,"mcpPosition":[-8.73818,343.743,16.7944],"pipPosition":[-17.9668,343.857,-23.6082],"stabilizedTipPosition":[-31.2774,327.727,-47.4927],"timeVisible":34.754,"tipPosition":[-31.3358,337.392,-56.2981],"tipVelocity":[-1.7116,253.215,-201.376],"tool":false,"touchDistance":-0.851922,"touchZone":"hovering","type":1,"width":18.6589},{"bases":[[[0.588152,-0.774605,-0.232518],[0.807645,0.547529,0.218908],[-0.0422567,-0.316543,0.947636]],[[0.588698,-0.769983,-0.246091],[0.387293,0.535884,-0.750222],[0.709534,0.346345,0.613683]],[[0.588698,-0.769983,-0.246091],[-0.616354,-0.230592,-0.75295],[0.523012,0.59494,-0.610332]],[[0.588698,-0.769983,-0.246091],[-0.808337,-0.558854,-0.185129],[0.00501694,0.30791,-0.951402]]],"btipPosition":[-39.8672,292.26,19.3504],"carpPosition":[4.7172,308.962,77.6728],"dipPosition":[-39.7763,297.842,2.10373],"direction":[-0.523012,-0.59494,0.610332],"extended":false,"handId":962,"id":9622,"length":64.6373,"mcpPosition":[7.56113,330.265,13.8956],"pipPosition":[-25.4295,314.162,-14.6383],"stabilizedTipPosition":[-42.1307,253.343,68.9508],"timeVisible":34.754,"tipPosition":[-39.7388,293.424,15.9939],"tipVelocity":[-17.9054,172.527,-235.036],"tool":false,"touchDistance":0.333333,"touchZone":"none","type":2,"width":18.3255},{"bases":[[[0.512955,-0.8518,-0.106367],[0.845844,0.480418,0.231833],[-0.146375,-0.20889,0.966923]],[[0.513098,-0.851595,-0.107312],[0.468035,0.382391,-0.796693],[0.719496,0.358556,0.59478]],[[0.513098,-0.851595,-0.107312],[-0.610261,-0.274025,-0.743298],[0.603583,0.446873,-0.660297]],[[0.513098,-0.851595,-0.107312],[-0.854046,-0.494056,-0.162831],[0.0856475,0.175198,-0.980801]]],"btipPosition":[-27.4505,282.622,25.6316],"carpPosition":[12.3879,300.553,74.371],"dipPosition":[-25.9068,285.78,7.95425],"direction":[-0.603583,-0.446873,0.660297],"extended":false,"handId":962,"id":9623,"length":62.1505,"mcpPosition":[21.2327,313.175,15.9444],"pipPosition":[-9.77754,297.722,-9.69058],"stabilizedTipPosition":[-29.4997,238.616,84.2219],"timeVisible":34.754,"tipPosition":[-26.9435,283.392,21.9428],"tipVelocity":[-20.3893,160.141,-251.471],"tool":false,"touchDistance":0.333333,"touchZone":"none","type":3,"width":17.4379},{"bases":[[[0.34571,-0.937843,-0.0305749],[0.899053,0.321729,0.296975],[-0.268679,-0.130156,0.954396]],[[0.314754,-0.946407,0.0724164],[0.594521,0.1371,-0.792306],[0.739915,0.292434,0.605812]],[[0.314754,-0.946407,0.0724164],[-0.605311,-0.258908,-0.752706],[0.731115,0.193083,-0.654362]],[[0.314754,-0.946407,0.0724164],[-0.926639,-0.322912,-0.19253],[0.205595,-0.00650436,-0.978615]]],"btipPosition":[-12.4288,281.12,26.2291],"carpPosition":[14.993,287.349,71.6591],"dipPosition":[-9.01034,281.012,9.9573],"direction":[-0.731115,-0.193083,0.654362],"extended":false,"handId":962,"id":9624,"length":48.7249,"mcpPosition":[30.0216,294.629,18.2749],"pipPosition":[4.78381,284.655,-2.38873],"stabilizedTipPosition":[-14.4824,236.523,84.7844],"timeVisible":34.754,"tipPosition":[-11.4424,281.084,22.4783],"tipVelocity":[-20.1886,150.807,-240.873],"tool":false,"touchDistance":0.333333,"touchZone":"none","type":4,"width":15.4897}],"r":[[0.971401,-0.146651,0.186743],[0.189057,0.953524,-0.234626],[-0.143655,0.263221,0.95398]],"s":1.21303,"t":[7.62066,-18.3489,-103.648],"timestamp":669167423016},false],[2,{"currentFrameRate":53.0092,"devices":[],"gestures":[],"hands":[{"armBasis":[[0.696725,-0.70303,-0.142558],[0.654944,0.704501,-0.273361],[0.292613,0.0970902,0.951289]],"armWidth":61.4671,"confidence":0.598138,"direction":[0.168574,0.394291,-0.903392],"elbow":[78.1636,320.141,326.026],"grabStrength":0.0166969,"id":962,"palmNormal":[-0.709318,-0.587872,-0.38894],"palmPosition":[2.74373,318.137,30.9079],"palmVelocity":[3.25786,117.304,-183.497],"palmWidth":87.7729,"pinchStrength":0.656339,"r":[[0.970302,-0.158869,0.182412],[0.198492,0.953918,-0.225036],[-0.138255,0.254561,0.957123]],"s":1.2121,"sphereCenter":[-15.7313,281.135,-5.69177],"sphereRadius":50.4563,"stabilizedPalmPosition":[-5.46992,273.226,96.247],"t":[7.68167,-16.1513,-107.099],"timeVisible":34.7728,"type":"right","wrist":[1.95129,294.854,78.2593]}],"id":4953059,"interactionBox":{"center":[0,200,0],"size":[235.247,235.247,147.751]},"pointables":[{"bases":[[[0.942742,0.318512,0.0989338],[-0.299401,0.677499,0.671829],[0.146958,-0.662982,0.734069]],[[0.798044,0.563752,-0.21286],[-0.449345,0.792086,0.413145],[0.401515,-0.23406,0.885439]],[[0.798044,0.563752,-0.21286],[-0.511966,0.820616,0.25393],[0.31783,-0.0936702,0.943509]],[[0.798044,0.563752,-0.21286],[-0.564654,0.822952,0.0625817],[0.210454,0.0702495,0.975076]]],"btipPosition":[-59.3557,319.618,-13.5266],"carpPosition":[-24.817,306.853,82.1552],"dipPosition":[-54.6045,321.204,8.48683],"direction":[-0.31783,0.0936702,-0.943509],"extended":false,"handId":962,"id":9620,"length":50.2737,"mcpPosition":[-24.817,306.853,82.1552],"pipPosition":[-44.151,318.123,39.519],"stabilizedTipPosition":[-61.8852,290.831,25.1247],"timeVisible":34.7728,"tipPosition":[-58.4154,321.48,-8.20632],"tipVelocity":[-0.570601,161.859,-165.118],"tool":false,"touchDistance":-0.763482,"touchZone":"hovering","type":0,"width":19.534},{"bases":[[[0.703022,-0.630127,-0.329695],[0.709074,0.65662,0.257028],[0.0545244,-0.414475,0.908426]],[[0.702542,-0.689086,-0.17775],[0.674379,0.724419,-0.142938],[0.227262,-0.0194513,0.973639]],[[0.702542,-0.689086,-0.17775],[0.62952,0.718254,-0.296337],[0.331871,0.0962915,0.938397]],[[0.702542,-0.689086,-0.17775],[0.588826,0.703142,-0.398592],[0.399648,0.175364,0.899738]]],"btipPosition":[-31.9855,341.601,-62.7675],"carpPosition":[-4.37276,316.516,78.7615],"dipPosition":[-25.3986,344.491,-47.9385],"direction":[-0.331871,-0.0962915,-0.938397],"extended":true,"handId":962,"id":9621,"length":56.7283,"mcpPosition":[-8.24228,345.93,14.292],"pipPosition":[-17.6608,346.736,-26.059],"stabilizedTipPosition":[-30.9618,333.414,-52.1338],"timeVisible":34.7728,"tipPosition":[-31.1991,341.037,-58.8278],"tipVelocity":[3.56437,224.594,-168.063],"tool":false,"touchDistance":-0.832845,"touchZone":"hovering","type":1,"width":18.6589},{"bases":[[[0.572676,-0.782974,-0.242886],[0.818746,0.531378,0.217471],[-0.0412094,-0.323402,0.945364]],[[0.573205,-0.778286,-0.256333],[0.391433,0.534901,-0.748773],[0.719872,0.328863,0.611255]],[[0.573205,-0.778286,-0.256333],[-0.625744,-0.213789,-0.750159],[0.529037,0.590393,-0.609553]],[[0.573205,-0.778286,-0.256333],[-0.819404,-0.543079,-0.183416],[0.00354147,0.315175,-0.949027]]],"btipPosition":[-40.2528,294.991,16.6724],"carpPosition":[5.02125,310.425,74.7934],"dipPosition":[-40.1886,300.705,-0.531153],"direction":[-0.529037,-0.590393,0.609553],"extended":false,"handId":962,"id":9622,"length":64.6373,"mcpPosition":[7.7947,332.191,11.1692],"pipPosition":[-25.6766,316.9,-17.2518],"stabilizedTipPosition":[-41.9517,257.405,63.6339],"timeVisible":34.7728,"tipPosition":[-40.1329,296.179,13.3095],"tipVelocity":[-19.2988,159.645,-189.099],"tool":false,"touchDistance":0.333333,"touchZone":"none","type":2,"width":18.3255},{"bases":[[[0.497009,-0.859846,-0.116819],[0.855838,0.4635,0.229587],[-0.143264,-0.214085,0.966252]],[[0.497055,-0.859777,-0.117133],[0.486053,0.387701,-0.783225],[0.718811,0.332373,0.610606]],[[0.497055,-0.859777,-0.117133],[-0.605306,-0.246843,-0.756752],[0.621724,0.447048,-0.643123]],[[0.497055,-0.859777,-0.117133],[-0.862358,-0.474481,-0.176653],[0.0963049,0.188817,-0.977279]]],"btipPosition":[-28.1554,285.171,21.4666],"carpPosition":[12.5183,301.909,71.3699],"dipPosition":[-26.4197,288.574,3.85269],"direction":[-0.621724,-0.447048,0.643123],"extended":false,"handId":962,"id":9623,"length":62.1505,"mcpPosition":[21.175,314.845,12.9838],"pipPosition":[-9.80562,300.52,-13.3332],"stabilizedTipPosition":[-29.4019,241.269,80.4766],"timeVisible":34.7728,"tipPosition":[-27.5578,285.956,18.1817],"tipVelocity":[-27.5468,149.271,-235.955],"tool":false,"touchDistance":0.333333,"touchZone":"none","type":3,"width":17.4379},{"bases":[[[0.3288,-0.94353,-0.0405185],[0.90668,0.303373,0.293081],[-0.264238,-0.133102,0.955229]],[[0.298331,-0.952387,0.0629083],[0.592037,0.132949,-0.794869],[0.748659,0.274378,0.603511]],[[0.298331,-0.952387,0.0629083],[-0.61443,-0.242068,-0.750918],[0.730393,0.18537,-0.657392]],[[0.298331,-0.952387,0.0629083],[-0.933463,-0.304883,-0.188928],[0.199112,-0.00235949,-0.979974]]],"btipPosition":[-12.9774,283.312,23.216],"carpPosition":[14.8697,288.684,68.5344],"dipPosition":[-9.66672,283.273,6.92159],"direction":[-0.730393,-0.18537,0.657392],"extended":false,"handId":962,"id":9624,"length":48.7249,"mcpPosition":[29.6498,296.129,15.1036],"pipPosition":[4.1138,286.77,-5.4816],"stabilizedTipPosition":[-14.3594,239.061,81.2407],"timeVisible":34.7728,"tipPosition":[-12.0218,283.287,19.4734],"tipVelocity":[-25.1763,134.203,-201.167],"tool":false,"touchDistance":0.333333,"touchZone":"none","type":4,"width":15.4897}],"r":[[0.970302,-0.158869,0.182412],[0.198492,0.953918,-0.225036],[-0.138255,0.254561,0.957123]],"s":1.2121,"t":[7.68167,-16.1513,-107.099],"timestamp":669167441898},false],[3,{"currentFrameRate":53.0066,"devices":[],"gestures":[],"hands":[{"armBasis":[[0.695557,-0.705036,-0.138293],[0.658278,0.702489,-0.270515],[0.287872,0.0971235,0.952731]],"armWidth":61.4671,"confidence":0.606724,"direction":[0.164114,0.378221,-0.911052],"elbow":[76.9898,323.104,323.427],"grabStrength":0.0103881,"id":962,"palmNormal":[-0.709404,-0.596493,-0.375423],"palmPosition":[2.56477,320.229,27.5159],"palmVelocity":[-2.98348,114.133,-181.641],"palmWidth":87.7729,"pinchStrength":0.662408,"r":[[0.969549,-0.167487,0.178667],[0.205423,0.953393,-0.221007],[-0.133324,0.250979,0.958767]],"s":1.21049,"sphereCenter":[-15.9933,282.528,-8.39193],"sphereRadius":50.4684,"stabilizedPalmPosition":[-5.15566,275.064,93.5587],"t":[7.62269,-14.0066,-110.52],"timeVisible":34.7917,"type":"right","wrist":[2.01232,297.807,75.2846]}],"id":4953060,"interactionBox":{"center":[0,200,0],"size":[235.247,235.247,147.751]},"pointables":[{"bases":[[[0.942349,0.322459,0.0894365],[-0.298421,0.68888,0.660598],[0.151405,-0.649203,0.745394]],[[0.795452,0.562006,-0.226727],[-0.449626,0.798156,0.400979],[0.406316,-0.217018,0.887587]],[[0.795452,0.562006,-0.226727],[-0.514528,0.823984,0.2373],[0.320183,-0.0721036,0.944608]],[[0.795452,0.562006,-0.226727],[-0.568935,0.821408,0.0400307],[0.208733,0.0971503,0.973135]]],"btipPosition":[-59.5779,320.441,-16.7103],"carpPosition":[-24.7695,309.812,79.0673],"dipPosition":[-54.8656,322.634,5.25935],"direction":[-0.320183,0.0721036,-0.944608],"extended":false,"handId":962,"id":9620,"length":50.2737,"mcpPosition":[-24.7695,309.812,79.0673],"pipPosition":[-44.3347,320.262,36.3276],"stabilizedTipPosition":[-61.5357,293.935,21.3333],"timeVisible":34.7917,"tipPosition":[-58.6735,322.421,-11.4363],"tipVelocity":[-6.29062,107.529,-167.12],"tool":false,"touchDistance":-0.763373,"touchZone":"hovering","type":0,"width":19.534},{"bases":[[[0.703253,-0.634362,-0.320967],[0.708483,0.662834,0.242287],[0.0590503,-0.397788,0.915575]],[[0.703587,-0.690127,-0.169384],[0.672531,0.723672,-0.154922],[0.229494,-0.00491554,0.973298]],[[0.703587,-0.690127,-0.169384],[0.628266,0.715504,-0.30551],[0.332036,0.108534,0.937002]],[[0.703587,-0.690127,-0.169384],[0.588269,0.699381,-0.405962],[0.39863,0.185986,0.898055]]],"btipPosition":[-32.3754,342.298,-66.5433],"carpPosition":[-4.3619,319.46,75.4186],"dipPosition":[-25.8053,345.363,-51.742],"direction":[-0.332036,-0.108534,-0.937002],"extended":true,"handId":962,"id":9621,"length":56.7283,"mcpPosition":[-8.55261,347.69,10.4417],"pipPosition":[-18.0636,347.894,-29.8951],"stabilizedTipPosition":[-30.9317,336.372,-55.5291],"timeVisible":34.7917,"tipPosition":[-31.5864,341.772,-62.6],"tipVelocity":[-8.4028,133.696,-183.897],"tool":false,"touchDistance":-0.834627,"touchZone":"hovering","type":1,"width":18.6589},{"bases":[[[0.573613,-0.785913,-0.230888],[0.818301,0.537151,0.204578],[-0.0367585,-0.306284,0.95123]],[[0.574074,-0.781516,-0.244278],[0.387701,0.522217,-0.75959],[0.721198,0.341354,0.602786]],[[0.574074,-0.781516,-0.244278],[-0.627851,-0.228649,-0.743991],[0.525587,0.580477,-0.621937]],[[0.574074,-0.781516,-0.244278],[-0.818803,-0.548176,-0.170484],[-0.000671528,0.297886,-0.954601]]],"btipPosition":[-40.433,296.739,13.8435],"carpPosition":[5.03128,313.32,71.5248],"dipPosition":[-40.4452,302.139,-3.46109],"direction":[-0.525587,-0.580477,0.621937],"extended":false,"handId":962,"id":9622,"length":64.6373,"mcpPosition":[7.50518,333.934,7.50583],"pipPosition":[-26.0278,318.062,-20.5214],"stabilizedTipPosition":[-41.8277,260.724,59.2356],"timeVisible":34.7917,"tipPosition":[-40.3301,297.864,10.4557],"tipVelocity":[-14.9755,124.924,-170.485],"tool":false,"touchDistance":0.333333,"touchZone":"none","type":2,"width":18.3255},{"bases":[[[0.498622,-0.86066,-0.103151],[0.855603,0.469591,0.217778],[-0.138994,-0.196845,0.970532]],[[0.498607,-0.860682,-0.103046],[0.495366,0.380471,-0.780932],[0.71134,0.338332,0.616058]],[[0.498607,-0.860682,-0.103046],[-0.595196,-0.25351,-0.762545],[0.630185,0.441543,-0.638676]],[[0.498607,-0.860682,-0.103046],[-0.860529,-0.477168,-0.178324],[0.10431,0.177588,-0.978561]]],"btipPosition":[-28.4446,287.074,17.7343],"carpPosition":[12.5355,304.761,68.2269],"dipPosition":[-26.5646,290.275,0.0973072],"direction":[-0.630185,-0.441543,0.638676],"extended":false,"handId":962,"id":9623,"length":62.1505,"mcpPosition":[20.9342,316.656,9.58226],"pipPosition":[-9.72445,302.074,-16.9698],"stabilizedTipPosition":[-29.3409,243.315,77.5407],"timeVisible":34.7917,"tipPosition":[-27.7905,287.807,14.6855],"tipVelocity":[-20.6961,124.323,-217.368],"tool":false,"touchDistance":0.333333,"touchZone":"none","type":3,"width":17.4379},{"bases":[[[0.330913,-0.943338,-0.0246846],[0.907078,0.310762,0.283966],[-0.260205,-0.116359,0.958517]],[[0.300236,-0.950415,0.081051],[0.594105,0.119845,-0.79541],[0.746256,0.286963,0.600628]],[[0.300236,-0.950415,0.081051],[-0.61166,-0.25703,-0.748203],[0.731936,0.175062,-0.658501]],[[0.300236,-0.950415,0.081051],[-0.932682,-0.310315,-0.183874],[0.199908,-0.0203892,-0.979603]]],"btipPosition":[-13.1254,285.249,20.2334],"carpPosition":[14.9077,291.492,65.6226],"dipPosition":[-9.80143,284.909,3.9452],"direction":[-0.731936,-0.175062,0.658501],"extended":false,"handId":962,"id":9624,"length":48.7249,"mcpPosition":[29.4623,298,12.0079],"pipPosition":[4.0082,288.212,-8.47892],"stabilizedTipPosition":[-14.2672,241.189,78.2521],"timeVisible":34.7917,"tipPosition":[-12.1745,285.151,16.5979],"tipVelocity":[-16.6027,116.933,-179.989],"tool":false,"touchDistance":0.333333,"touchZone":"none","type":4,"width":15.4897}],"r":[[0.969549,-0.167487,0.178667],[0.205423,0.953393,-0.221007],[-0.133324,0.250979,0.958767]],"s":1.21049,"t":[7.62269,-14.0066,-110.52],"timestamp":669167460773},false],[4,{"currentFrameRate":52.9761,"devices":[],"gestures":[],"hands":[{"armBasis":[[0.686312,-0.715827,-0.128713],[0.668927,0.690729,-0.274645],[0.285504,0.102393,0.952892]],"armWidth":61.4671,"confidence":0.588965,"direction":[0.159179,0.36664,-0.916645],"elbow":[77.0882,325.922,320.492],"grabStrength":0.00113233,"id":962,"palmNormal":[-0.722382,-0.589612,-0.361277],"palmPosition":[3.06073,321.187,24.3104],"palmVelocity":[11.3353,82.7994,-175.34],"palmWidth":87.7729,"pinchStrength":0.681827,"r":[[0.96877,-0.176881,0.173777],[0.213292,0.951849,-0.220203],[-0.12646,0.250391,0.95985]],"s":1.20862,"sphereCenter":[-16.6217,283.597,-11.0465],"sphereRadius":50.4125,"stabilizedPalmPosition":[-4.93578,276.298,91.7055],"t":[7.84118,-12.4554,-113.834],"timeVisible":34.8107,"type":"right","wrist":[2.72752,299.253,72.3073]}],"id":4953061,"interactionBox":{"center":[0,200,0],"size":[235.247,235.247,147.751]},"pointables":[{"bases":[[[0.947962,0.309313,0.075459],[-0.280627,0.699787,0.656922],[0.150389,-0.643913,0.750173]],[[0.800776,0.548028,-0.241708],[-0.433012,0.808494,0.398545],[0.413834,-0.214483,0.884725]],[[0.800776,0.548028,-0.241708],[-0.500547,0.833918,0.23245],[0.328954,-0.0651543,0.942096]],[[0.800776,0.548028,-0.241708],[-0.557865,0.829311,0.0321091],[0.218048,0.109128,0.969818]]],"btipPosition":[-59.4985,321.699,-19.2105],"carpPosition":[-23.8293,311.691,76.2718],"dipPosition":[-54.5759,324.162,2.68427],"direction":[-0.328954,0.0651543,-0.942096],"extended":false,"handId":962,"id":9620,"length":50.2737,"mcpPosition":[-23.8293,311.691,76.2718],"pipPosition":[-43.7565,322.019,33.6699],"stabilizedTipPosition":[-61.3016,296.028,18.7108],"timeVisible":34.8107,"tipPosition":[-58.5343,323.713,-13.9762],"tipVelocity":[0.114676,88.84,-150.134],"tool":false,"touchDistance":-0.75313,"touchZone":"hovering","type":0,"width":19.534},{"bases":[[[0.690097,-0.647899,-0.322479],[0.720907,0.654629,0.227494],[0.0637109,-0.389471,0.918833]],[[0.691463,-0.701492,-0.172592],[0.681986,0.712665,-0.164328],[0.238275,-0.00407854,0.971189]],[[0.691463,-0.701492,-0.172592],[0.63746,0.704886,-0.311096],[0.339889,0.105091,0.934575]],[[0.691463,-0.701492,-0.172592],[0.597484,0.689618,-0.409195],[0.406069,0.179823,0.895975]]],"btipPosition":[-32.339,343.393,-69.7209],"carpPosition":[-3.32517,320.998,72.2941],"dipPosition":[-25.6463,346.357,-54.9538],"direction":[-0.339889,-0.105091,-0.934575],"extended":true,"handId":962,"id":9621,"length":56.7283,"mcpPosition":[-7.84664,348.638,7.08594],"pipPosition":[-17.7215,348.807,-33.1635],"stabilizedTipPosition":[-30.9049,337.933,-57.7163],"timeVisible":34.8107,"tipPosition":[-31.5473,342.811,-65.771],"tipVelocity":[-2.59583,95.6959,-175.967],"tool":false,"touchDistance":-0.827279,"touchZone":"hovering","type":1,"width":18.6589},{"bases":[[[0.559283,-0.796603,-0.229403],[0.828422,0.52696,0.189818],[-0.0303236,-0.296204,0.954643]],[[0.559639,-0.792573,-0.242142],[0.397252,0.512981,-0.760948],[0.727321,0.329664,0.601935]],[[0.559639,-0.792573,-0.242142],[-0.631963,-0.21912,-0.743377],[0.536123,0.569047,-0.623504]],[[0.559639,-0.792573,-0.242142],[-0.828737,-0.535042,-0.16409],[0.000497456,0.292503,-0.956265]]],"btipPosition":[-40.5611,298.376,10.558],"carpPosition":[5.93117,314.681,68.3563],"dipPosition":[-40.552,303.679,-6.77674],"direction":[-0.536123,-0.569047,0.623505],"extended":false,"handId":962,"id":9622,"length":64.6373,"mcpPosition":[7.97199,334.616,4.10763],"pipPosition":[-25.8457,319.288,-23.8801],"stabilizedTipPosition":[-41.7482,263.161,55.9341],"timeVisible":34.8107,"tipPosition":[-40.4144,299.436,7.37843],"tipVelocity":[-10.8003,105.309,-171.926],"tool":false,"touchDistance":0.333333,"touchZone":"none","type":2,"width":18.3255},{"bases":[[[0.484673,-0.868952,-0.100071],[0.864874,0.458989,0.203278],[-0.130708,-0.185072,0.973994]],[[0.484635,-0.869006,-0.0997845],[0.495593,0.36679,-0.787307],[0.720775,0.332104,0.608433]],[[0.484635,-0.869006,-0.0997845],[-0.603581,-0.249664,-0.757204],[0.633102,0.427195,-0.645512]],[[0.484635,-0.869006,-0.0997845],[-0.868957,-0.46523,-0.168746],[0.100218,0.168488,-0.980596]]],"btipPosition":[-28.6216,288.396,14.9066],"carpPosition":[13.2701,305.979,65.0604],"dipPosition":[-26.8153,291.433,-2.76705],"direction":[-0.633102,-0.427195,0.645512],"extended":false,"handId":962,"id":9623,"length":62.1505,"mcpPosition":[21.1681,317.162,6.2066],"pipPosition":[-9.89722,302.849,-20.0168],"stabilizedTipPosition":[-29.3036,244.818,75.3513],"timeVisible":34.8107,"tipPosition":[-27.971,289.097,11.8633],"tipVelocity":[-15.5401,96.4549,-183.921],"tool":false,"touchDistance":0.333333,"touchZone":"none","type":3,"width":17.4379},{"bases":[[[0.316678,-0.948345,-0.0188716],[0.914762,0.300081,0.270485],[-0.25085,-0.10292,0.962539]],[[0.286445,-0.953903,0.0895402],[0.593688,0.103368,-0.798029],[0.751987,0.281751,0.59593]],[[0.286445,-0.953903,0.0895402],[-0.617118,-0.255182,-0.744343],[0.732881,0.157957,-0.661767]],[[0.286445,-0.953903,0.0895402],[-0.938117,-0.298231,-0.176052],[0.19464,-0.0335699,-0.9803]]],"btipPosition":[-13.2655,286.376,17.1833],"carpPosition":[15.4165,292.651,62.564],"dipPosition":[-10.0292,285.817,0.8835],"direction":[-0.732881,-0.157957,0.661767],"extended":false,"handId":962,"id":9624,"length":48.7249,"mcpPosition":[29.4478,298.408,8.72436],"pipPosition":[3.79828,288.798,-11.6022],"stabilizedTipPosition":[-14.2095,242.679,76.1093],"timeVisible":34.8107,"tipPosition":[-12.3383,286.226,13.6727],"tipVelocity":[-12.5886,87.3044,-170.544],"tool":false,"touchDistance":0.333333,"touchZone":"none","type":4,"width":15.4897}],"r":[[0.96877,-0.176881,0.173777],[0.213292,0.951849,-0.220203],[-0.12646,0.250391,0.95985]],"s":1.20862,"t":[7.84118,-12.4554,-113.834],"timestamp":669167479759},false],[5,{"currentFrameRate":52.9813,"devices":[],"gestures":[],"hands":[{"armBasis":[[0.687534,-0.713275,-0.136149],[0.667373,0.694572,-0.26867],[0.286201,0.0938572,0.953562]],"armWidth":61.4671,"confidence":0.575622,"direction":[0.160901,0.373925,-0.913395],"elbow":[76.9148,324.457,318.742],"grabStrength":0,"id":962,"palmNormal":[-0.719598,-0.588944,-0.367864],"palmPosition":[2.78828,322.304,22.5521],"palmVelocity":[-1.28865,71.2657,-135.15],"palmWidth":87.7729,"pinchStrength":0.698063,"r":[[0.968064,-0.184091,0.170181],[0.219179,0.951009,-0.218042],[-0.121704,0.248378,0.960987]],"s":1.20656,"sphereCenter":[-16.7989,285.061,-13.2001],"sphereRadius":50.3837,"stabilizedPalmPosition":[-4.78004,277.226,90.3112],"t":[7.8142,-11.1213,-116.37],"timeVisible":34.8296,"type":"right","wrist":[2.37263,300.012,70.3828]}],"id":4953062,"interactionBox":{"center":[0,200,0],"size":[235.247,235.247,147.751]},"pointables":[{"bases":[[[0.946841,0.311428,0.0806505],[-0.284611,0.694063,0.661267],[0.14996,-0.649068,0.745803]],[[0.799776,0.552225,-0.235386],[-0.436603,0.804214,0.403259],[0.411991,-0.219747,0.884294]],[[0.799776,0.552225,-0.235386],[-0.504792,0.830882,0.234138],[0.324875,-0.0684368,0.943278]],[[0.799776,0.552225,-0.235386],[-0.561539,0.826838,0.0318401],[0.212209,0.106714,0.97138]]],"btipPosition":[-59.546,322.768,-21.1766],"carpPosition":[-24.2315,312.345,74.3591],"dipPosition":[-54.7551,325.177,0.753445],"direction":[-0.324875,0.0684368,-0.943278],"extended":false,"handId":962,"id":9620,"length":50.2737,"mcpPosition":[-24.2315,312.345,74.3591],"pipPosition":[-44.07,322.926,31.7779],"stabilizedTipPosition":[-61.1432,297.54,16.7797],"timeVisible":34.8296,"tipPosition":[-58.6358,324.741,-15.927],"tipVelocity":[-1.96064,72.7751,-127.469],"tool":false,"touchDistance":-0.73552,"touchZone":"touching","type":0,"width":19.534},{"bases":[[[0.692918,-0.643513,-0.3252],[0.718342,0.654954,0.234565],[0.0620454,-0.39614,0.916092]],[[0.694105,-0.697487,-0.178131],[0.680975,0.716419,-0.151713],[0.233434,-0.015998,0.972241]],[[0.694105,-0.697487,-0.178131],[0.638477,0.710774,-0.295207],[0.332514,0.0911723,0.938681]],[[0.694105,-0.697487,-0.178131],[0.600264,0.697368,-0.391613],[0.397368,0.164895,0.902723]]],"btipPosition":[-32.1217,345.672,-71.5576],"carpPosition":[-3.74213,321.739,70.5133],"dipPosition":[-25.5725,348.389,-56.6794],"direction":[-0.332514,-0.0911723,-0.938681],"extended":true,"handId":962,"id":9621,"length":56.7283,"mcpPosition":[-8.14539,349.852,5.49973],"pipPosition":[-17.8197,350.515,-34.7933],"stabilizedTipPosition":[-30.8574,339.306,-59.4272],"timeVisible":34.8296,"tipPosition":[-31.3645,344.987,-67.6047],"tipVelocity":[3.45944,106.534,-136.841],"tool":false,"touchDistance":-0.800052,"touchZone":"hovering","type":1,"width":18.6589},{"bases":[[[0.56225,-0.793278,-0.233634],[0.826334,0.527875,0.196265],[-0.0323632,-0.30341,0.95231]],[[0.562617,-0.789335,-0.245789],[0.406442,0.52299,-0.749191],[0.719907,0.321609,0.615062]],[[0.562617,-0.789335,-0.245789],[-0.622883,-0.209247,-0.753812],[0.543579,0.577205,-0.609389]],[[0.562617,-0.789335,-0.245789],[-0.826672,-0.534023,-0.177295],[0.00868802,0.302936,-0.952971]]],"btipPosition":[-40.8192,299.619,7.85827],"carpPosition":[5.5441,315.478,66.5568],"dipPosition":[-40.6617,305.111,-9.4168],"direction":[-0.543579,-0.577205,0.609389],"extended":false,"handId":962,"id":9622,"length":64.6373,"mcpPosition":[7.72219,335.898,2.46509],"pipPosition":[-25.7508,320.944,-26.133],"stabilizedTipPosition":[-41.7044,264.872,53.5729],"timeVisible":34.8296,"tipPosition":[-40.6255,300.684,4.82022],"tipVelocity":[-11.3284,87.1563,-157.494],"tool":false,"touchDistance":0.333333,"touchZone":"none","type":2,"width":18.3255},{"bases":[[[0.487456,-0.866802,-0.105073],[0.86294,0.459909,0.209329],[-0.133123,-0.192711,0.972184]],[[0.487552,-0.866663,-0.105775],[0.504818,0.378669,-0.775737],[0.712356,0.324815,0.622129]],[[0.487552,-0.866663,-0.105775],[-0.593011,-0.239791,-0.76866],[0.640805,0.437487,-0.630851]],[[0.487552,-0.866663,-0.105775],[-0.866184,-0.464918,-0.183237],[0.109628,0.180958,-0.977362]]],"btipPosition":[-28.8406,289.514,12.1337],"carpPosition":[12.9178,306.822,63.2184],"dipPosition":[-26.8647,292.776,-5.48173],"direction":[-0.640805,-0.437487,0.630851],"extended":false,"handId":962,"id":9623,"length":62.1505,"mcpPosition":[20.9617,318.466,4.47398],"pipPosition":[-9.74074,304.467,-22.3397],"stabilizedTipPosition":[-29.2822,245.879,73.781],"timeVisible":34.8296,"tipPosition":[-28.1581,290.253,9.22614],"tipVelocity":[-12.6039,79.6057,-165.526],"tool":false,"touchDistance":0.333333,"touchZone":"none","type":3,"width":17.4379},{"bases":[[[0.319444,-0.947276,-0.0249806],[0.913078,0.300646,0.2755],[-0.253464,-0.110816,0.960976]],[[0.288645,-0.953732,0.0841411],[0.598316,0.111072,-0.793524],[0.747464,0.279389,0.602694]],[[0.288645,-0.953732,0.0841411],[-0.611415,-0.251243,-0.750365],[0.736787,0.165144,-0.655646]],[[0.288645,-0.953732,0.0841411],[-0.936216,-0.299555,-0.183758],[0.200461,-0.0257333,-0.979364]]],"btipPosition":[-13.4422,287.499,14.9742],"carpPosition":[15.1098,293.518,60.6292],"dipPosition":[-10.109,287.071,-1.31007],"direction":[-0.736787,-0.165144,0.655646],"extended":false,"handId":962,"id":9624,"length":48.7249,"mcpPosition":[29.2874,299.717,6.87697],"pipPosition":[3.79213,290.187,-13.6803],"stabilizedTipPosition":[-14.1722,243.766,74.5324],"timeVisible":34.8296,"tipPosition":[-12.497,287.38,11.5066],"tipVelocity":[-10.4339,74.5145,-144.314],"tool":false,"touchDistance":0.333333,"touchZone":"none","type":4,"width":15.4897}],"r":[[0.968064,-0.184091,0.170181],[0.219179,0.951009,-0.218042],[-0.121704,0.248378,0.960987]],"s":1.20656,"t":[7.8142,-11.1213,-116.37],"timestamp":669167498615},false],[6,{"currentFrameRate":53.0166,"devices":[],"gestures":[],"hands":[{"armBasis":[[0.687405,-0.718861,-0.103507],[0.685192,0.689154,-0.235752],[0.240805,0.0911345,0.966285]],"armWidth":61.4671,"confidence":0.596927,"direction":[0.156009,0.375856,-0.913451],"elbow":[65.0932,325.097,319.093],"grabStrength":0,"id":962,"palmNormal":[-0.730612,-0.578437,-0.36279],"palmPosition":[2.56865,323.852,19.6817],"palmVelocity":[-6.37403,76.8144,-143.952],"palmWidth":87.7729,"pinchStrength":0.700452,"r":[[0.967331,-0.192376,0.16511],[0.225782,0.949932,-0.215989],[-0.115292,0.246212,0.962334]],"s":1.20526,"sphereCenter":[-17.9546,287.189,-16.0341],"sphereRadius":50.3283,"stabilizedPalmPosition":[-4.6626,277.971,89.1824],"t":[7.6909,-9.67996,-119.073],"timeVisible":34.8483,"type":"right","wrist":[2.37458,301.36,67.4203]}],"id":4953063,"interactionBox":{"center":[0,200,0],"size":[235.247,235.247,147.751]},"pointables":[{"bases":[[[0.951408,0.299385,0.0720579],[-0.269116,0.694655,0.667107],[0.149666,-0.654083,0.741469]],[[0.804022,0.543367,-0.241456],[-0.422364,0.807741,0.411294],[0.418517,-0.228707,0.878941]],[[0.804022,0.543367,-0.241456],[-0.492406,0.836088,0.241854],[0.333294,-0.0755617,0.93979]],[[0.804022,0.543367,-0.241456],[-0.551181,0.83342,0.0401351],[0.223042,0.100816,0.969581]]],"btipPosition":[-60.1824,325.225,-23.3966],"carpPosition":[-24.0322,314.003,71.726],"dipPosition":[-55.147,327.501,-1.5072],"direction":[-0.333294,0.0755617,-0.93979],"extended":false,"handId":962,"id":9620,"length":50.2737,"mcpPosition":[-24.0322,314.003,71.726],"pipPosition":[-44.1849,325.016,29.4026],"stabilizedTipPosition":[-61.0135,299.267,14.6287],"timeVisible":34.8483,"tipPosition":[-59.1984,327.137,-18.1533],"tipVelocity":[-16.099,100.438,-123.339],"tool":false,"touchDistance":-0.723742,"touchZone":"touching","type":0,"width":19.534},{"bases":[[[0.681488,-0.650593,-0.335116],[0.728787,0.645032,0.22979],[0.0666611,-0.400827,0.913725]],[[0.683623,-0.70457,-0.19037],[0.688835,0.709078,-0.150716],[0.241177,-0.0281007,0.970074]],[[0.683623,-0.70457,-0.19037],[0.646137,0.705559,-0.291021],[0.339362,0.0759433,0.937585]],[[0.683623,-0.70457,-0.19037],[0.607957,0.694062,-0.385574],[0.403792,0.14785,0.902824]]],"btipPosition":[-32.763,348.564,-74.0836],"carpPosition":[-3.46931,323.16,67.7057],"dipPosition":[-26.1079,351,-59.2037],"direction":[-0.339362,-0.0759433,-0.937585],"extended":true,"handId":962,"id":9621,"length":56.7283,"mcpPosition":[-8.20014,351.607,2.86009],"pipPosition":[-18.1954,352.771,-37.3431],"stabilizedTipPosition":[-30.9225,341.01,-61.3767],"timeVisible":34.8483,"tipPosition":[-31.9959,347.796,-70.1411],"tipVelocity":[-14.2747,128.166,-135.849],"tool":false,"touchDistance":-0.786264,"touchZone":"touching","type":1,"width":18.6589},{"bases":[[[0.549936,-0.79913,-0.242818],[0.834795,0.516799,0.189831],[-0.0262118,-0.307098,0.951317]],[[0.550224,-0.795187,-0.254817],[0.406041,0.521448,-0.750481],[0.729647,0.309466,0.609792]],[[0.550224,-0.795187,-0.254817],[-0.632427,-0.197588,-0.748996],[0.545243,0.573268,-0.611616]],[[0.550224,-0.795187,-0.254817],[-0.83501,-0.522721,-0.171816],[0.00342796,0.307312,-0.951603]]],"btipPosition":[-41.4833,301.786,5.27586],"carpPosition":[5.69715,316.803,63.6262],"dipPosition":[-41.4211,307.357,-11.9744],"direction":[-0.545243,-0.573268,0.611616],"extended":false,"handId":962,"id":9622,"length":64.6373,"mcpPosition":[7.46123,337.471,-0.398617],"pipPosition":[-26.4646,323.082,-28.7516],"stabilizedTipPosition":[-41.6947,266.452,51.4114],"timeVisible":34.8483,"tipPosition":[-41.3073,302.867,2.22186],"tipVelocity":[-23.6534,101.513,-147.766],"tool":false,"touchDistance":0.333333,"touchZone":"none","type":2,"width":18.3255},{"bases":[[[0.475579,-0.872282,-0.113792],[0.870691,0.448331,0.202227],[-0.125382,-0.195253,0.972705]],[[0.475737,-0.872035,-0.115017],[0.504941,0.377828,-0.776067],[0.720214,0.311127,0.620074]],[[0.475737,-0.872035,-0.115017],[-0.600494,-0.226449,-0.766895],[0.642714,0.433907,-0.631382]],[[0.475737,-0.872035,-0.115017],[-0.873325,-0.452717,-0.179863],[0.104777,0.186014,-0.976944]]],"btipPosition":[-29.6002,291.512,9.15366],"carpPosition":[12.9281,308.071,60.1748],"dipPosition":[-27.7118,294.865,-8.4542],"direction":[-0.642714,-0.433907,0.631382],"extended":false,"handId":962,"id":9623,"length":62.1505,"mcpPosition":[20.5044,319.869,1.39877],"pipPosition":[-10.5368,306.46,-25.3263],"stabilizedTipPosition":[-29.2798,246.838,72.3606],"timeVisible":34.8483,"tipPosition":[-28.9382,292.26,6.25741],"tipVelocity":[-26.7463,93.3136,-162.33],"tool":false,"touchDistance":0.333333,"touchZone":"none","type":3,"width":17.4379},{"bases":[[[0.307427,-0.951024,-0.0322864],[0.919541,0.288178,0.267203],[-0.244812,-0.111834,0.963099]],[[0.277176,-0.957576,0.078884],[0.597907,0.107634,-0.794306],[0.752118,0.267328,0.602375]],[[0.277176,-0.957576,0.078884],[-0.615394,-0.239979,-0.7508],[0.737878,0.159559,-0.655803]],[[0.277176,-0.957576,0.078884],[-0.940485,-0.287195,-0.181677],[0.196625,-0.0238327,-0.980189]]],"btipPosition":[-14.2231,289.276,11.7608],"carpPosition":[14.9284,294.753,57.5071],"dipPosition":[-10.9537,288.88,-4.53715],"direction":[-0.737878,-0.159559,0.655803],"extended":false,"handId":962,"id":9624,"length":48.7249,"mcpPosition":[28.622,301.008,3.63605],"pipPosition":[2.968,291.89,-16.9104],"stabilizedTipPosition":[-14.1583,244.667,73.2117],"timeVisible":34.8483,"tipPosition":[-13.2886,289.165,8.39922],"tipVelocity":[-26.0454,84.607,-157.654],"tool":false,"touchDistance":0.333333,"touchZone":"none","type":4,"width":15.4897}],"r":[[0.967331,-0.19