{"sensorType":"Leap","data":[[0,{"currentFrameRate":55.1807,"devices":[],"gestures":[],"hands":[{"armBasis":[[0.819949,-0.561182,-0.112953],[0.515623,0.809752,-0.280062],[0.248629,0.171395,0.953314]],"armWidth":61.4671,"confidence":0.693871,"direction":[0.0434195,0.451724,-0.8911],"elbow":[84.7725,340.697,326.108],"grabStrength":0,"id":962,"palmNormal":[-0.633469,-0.67727,-0.374194],"palmPosition":[13.9572,321.035,31.7239],"palmVelocity":[-10.0609,-22.1365,-70.1018],"palmWidth":87.7729,"pinchStrength":0.540048,"r":[[0.99439,-0.0798871,0.0693225],[0.0904155,0.982111,-0.165174],[-0.0548871,0.170516,0.983825]],"s":1.2743,"sphereCenter":[-13.5213,300.432,0.314745],"sphereRadius":43.9578,"stabilizedPalmPosition":[-4.20699,331.167,139.291],"t":[19.139,-10.6543,-108.461],"timeVisible":0.994025,"type":"right","wrist":[20.016,296.057,77.8134]}],"id":4951249,"interactionBox":{"center":[0,200,0],"size":[235.247,235.247,147.751]},"pointables":[{"bases":[[[0.885936,0.46023,0.0574926],[-0.355391,0.593962,0.721738],[0.298017,-0.659846,0.689774]],[[0.676426,0.696322,-0.239966],[-0.503377,0.674925,0.539525],[0.537643,-0.244156,0.807049]],[[0.676426,0.696322,-0.239966],[-0.641273,0.717067,0.273102],[0.362239,-0.0308495,0.931575]],[[0.676426,0.696322,-0.239966],[-0.682298,0.715132,0.151845],[0.27734,0.0610167,0.958832]]],"btipPosition":[-52.0363,314.874,-7.23085],"carpPosition":[-7.97204,303.48,83.9171],"dipPosition":[-45.7751,316.251,14.4159],"direction":[-0.362239,0.0308495,-0.931575],"extended":false,"handId":962,"id":9620,"length":50.2737,"mcpPosition":[-7.97204,303.48,83.9171],"pipPosition":[-33.861,315.237,45.0555],"stabilizedTipPosition":[-70.4447,320.013,108.712],"timeVisible":0.994025,"tipPosition":[-51.0043,314.334,-2.07897],"tipVelocity":[-1.61892,-19.9267,-74.3703],"tool":false,"touchDistance":-0.417181,"touchZone":"touching","type":0,"width":19.534},{"bases":[[[0.768872,-0.496642,-0.402719],[0.613569,0.750299,0.246139],[0.179917,-0.436346,0.881608]],[[0.768396,-0.495495,-0.405033],[0.541466,0.840722,-0.00126682],[0.341148,-0.218338,0.914301]],[[0.768396,-0.495495,-0.405033],[0.447935,0.868423,-0.212594],[0.457079,-0.0180717,0.889242]],[[0.768396,-0.495495,-0.405033],[0.364119,0.858955,-0.36002],[0.526293,0.129158,0.840436]]],"btipPosition":[-35.8028,354.707,-55.2637],"carpPosition":[10.4352,316.399,79.7795],"dipPosition":[-27.1287,356.836,-41.412],"direction":[-0.457079,0.0180717,-0.889242],"extended":true,"handId":962,"id":9621,"length":56.7283,"mcpPosition":[-2.3332,347.366,17.2132],"pipPosition":[-16.4715,356.414,-20.6786],"stabilizedTipPosition":[-60.2429,324.649,83.5575],"timeVisible":0.994025,"tipPosition":[-34.3668,353.367,-51.4266],"tipVelocity":[2.53202,-9.14748,-84.1636],"tool":false,"touchDistance":-0.496709,"touchZone":"touching","type":1,"width":18.6589},{"bases":[[[0.67017,-0.67161,-0.315929],[0.738523,0.645772,0.193807],[0.0738554,-0.363205,0.928778]],[[0.668717,-0.664896,-0.332761],[0.205033,0.595104,-0.777054],[0.714688,0.451402,0.534282]],[[0.668717,-0.664896,-0.332761],[-0.679756,-0.365392,-0.635941],[0.301247,0.651461,-0.696311]],[[0.668717,-0.664896,-0.332761],[-0.712253,-0.701276,-0.0301119],[-0.213336,0.257147,-0.94253]]],"btipPosition":[-22.2222,292.967,23.787],"carpPosition":[20.3749,312.043,74.9507],"dipPosition":[-26.0895,297.629,6.70125],"direction":[-0.301247,-0.651461,0.696311],"extended":false,"handId":962,"id":9622,"length":64.6373,"mcpPosition":[15.4043,336.488,12.4428],"pipPosition":[-17.826,315.499,-12.3993],"stabilizedTipPosition":[-36.1512,299.54,138.269],"timeVisible":0.994025,"tipPosition":[-22.6496,293.861,21.0389],"tipVelocity":[-9.06395,-27.3157,-76.2989],"tool":false,"touchDistance":0.333333,"touchZone":"none","type":2,"width":18.3255},{"bases":[[[0.616142,-0.764496,-0.189513],[0.786495,0.584231,0.200249],[-0.0423698,-0.272433,0.961241]],[[0.614025,-0.774524,-0.151942],[0.335035,0.430066,-0.838328],[0.71465,0.463849,0.523564]],[[0.614025,-0.774524,-0.151942],[-0.660669,-0.399027,-0.635841],[0.431845,0.490805,-0.756716]],[[0.614025,-0.774524,-0.151942],[-0.784267,-0.620384,-0.00695448],[-0.0888758,0.123433,-0.988365]]],"btipPosition":[-9.31843,286.101,28.0446],"carpPosition":[28.8609,304.972,70.6584],"dipPosition":[-10.9203,288.326,10.2309],"direction":[-0.431845,-0.490805,0.756716],"extended":false,"handId":962,"id":9623,"length":62.1505,"mcpPosition":[31.4211,321.434,12.5751],"pipPosition":[0.619746,301.442,-9.99045],"stabilizedTipPosition":[-25.4246,294.91,137.341],"timeVisible":0.994025,"tipPosition":[-9.4375,286.627,24.9449],"tipVelocity":[-5.46008,-26.6046,-66.2534],"tool":false,"touchDistance":0.333333,"touchZone":"none","type":3,"width":17.4379},{"bases":[[[0.468619,-0.876841,-0.107451],[0.865899,0.431833,0.252466],[-0.174972,-0.211352,0.961621]],[[0.435434,-0.899121,0.0444732],[0.461684,0.180632,-0.868458],[0.772816,0.398689,0.493764]],[[0.435434,-0.899121,0.0444732],[-0.700144,-0.369298,-0.611079],[0.565858,0.234947,-0.790319]],[[0.435434,-0.899121,0.0444732],[-0.899988,-0.435913,-0.00119316],[0.0204592,-0.0395058,-0.99901]]],"btipPosition":[5.46238,286.859,27.9202],"carpPosition":[33.0517,292.412,67.0283],"dipPosition":[5.80256,286.202,11.3093],"direction":[-0.565858,-0.234947,0.790319],"extended":false,"handId":962,"id":9624,"length":48.7249,"mcpPosition":[42.8388,304.234,13.2399],"pipPosition":[16.4788,290.635,-3.60186],"stabilizedTipPosition":[-10.8079,298.625,133.393],"timeVisible":0.994025,"tipPosition":[5.61416,286.892,24.9085],"tipVelocity":[-4.71505,-25.4089,-64.6859],"tool":false,"touchDistance":0.333333,"touchZone":"none","type":4,"width":15.4897}],"r":[[0.99439,-0.0798871,0.0693225],[0.0904155,0.982111,-0.165174],[-0.0548871,0.170516,0.983825]],"s":1.2743,"t":[19.139,-10.6543,-108.461],"timestamp":669133663075},false],[1,{"currentFrameRate":55.2674,"devices":[],"gestures":[],"hands":[{"armBasis":[[0.825575,-0.553413,-0.110274],[0.511271,0.816281,-0.268861],[0.238806,0.165585,0.956845]],"armWidth":61.4671,"confidence":0.683107,"direction":[0.040712,0.454087,-0.890027],"elbow":[82.4671,339.141,326.19],"grabStrength":0,"id":962,"palmNormal":[-0.625787,-0.682832,-0.377002],"palmPosition":[14.0543,321.031,30.9282],"palmVelocity":[-2.76906,-11.8535,-58.1718],"palmWidth":87.7729,"pinchStrength":0.538495,"r":[[0.994615,-0.076356,0.0700782],[0.0871124,0.982247,-0.16614],[-0.0561483,0.17135,0.983609]],"s":1.27679,"sphereCenter":[-13.2687,300.384,-0.539236],"sphereRadius":43.9694,"stabilizedPalmPosition":[-4.20631,331.166,139.287],"t":[19.0961,-10.8572,-109.495],"timeVisible":1.01182,"type":"right","wrist":[20.2691,296.014,76.9764]}],"id":4951250,"interactionBox":{"center":[0,200,0],"size":[235.247,235.247,147.751]},"pointables":[{"bases":[[[0.881105,0.469053,0.0603684],[-0.362907,0.588754,0.722265],[0.303238,-0.658299,0.688977]],[[0.672269,0.702159,-0.234579],[-0.509996,0.668943,0.540758],[0.536619,-0.2439,0.807808]],[[0.672269,0.702159,-0.234579],[-0.646805,0.711239,0.275286],[0.360137,-0.0333391,0.932304]],[[0.672269,0.702159,-0.234579],[-0.687676,0.709636,0.153357],[0.274147,0.0582175,0.959924]]],"btipPosition":[-51.6793,314.667,-8.19638],"carpPosition":[-7.80552,303.14,83.0367],"dipPosition":[-45.4901,315.981,13.475],"direction":[-0.360137,0.0333391,-0.932304],"extended":false,"handId":962,"id":9620,"length":50.2737,"mcpPosition":[-7.80552,303.14,83.0367],"pipPosition":[-33.6451,314.885,44.1386],"stabilizedTipPosition":[-70.4445,320.013,108.711],"timeVisible":1.01182,"tipPosition":[-50.6559,314.054,-3.05012],"tipVelocity":[8.13321,-16.4103,-64.7717],"tool":false,"touchDistance":-0.418195,"touchZone":"touching","type":0,"width":19.534},{"bases":[[[0.774709,-0.487949,-0.40216],[0.605416,0.755935,0.249064],[0.182477,-0.436426,0.881042]],[[0.774123,-0.486556,-0.404966],[0.533446,0.845827,0.00348414],[0.340836,-0.218724,0.914325]],[[0.774123,-0.486556,-0.404966],[0.442972,0.873357,-0.20254],[0.452227,-0.0225975,0.891617]],[[0.774123,-0.486556,-0.404966],[0.362298,0.865119,-0.346857],[0.519108,0.121791,0.845987]]],"btipPosition":[-35.6967,354.811,-56.1847],"carpPosition":[10.4785,316.254,78.9662],"dipPosition":[-27.141,356.818,-42.2415],"direction":[-0.452227,0.0225975,-0.891617],"extended":true,"handId":962,"id":9621,"length":56.7283,"mcpPosition":[-2.47154,347.227,16.44],"pipPosition":[-16.5969,356.291,-21.4528],"stabilizedTipPosition":[-60.2429,324.649,83.5573],"timeVisible":1.01182,"tipPosition":[-34.2706,353.473,-52.3602],"tipVelocity":[3.42668,-2.84681,-68.3818],"tool":false,"touchDistance":-0.488871,"touchZone":"touching","type":1,"width":18.6589},{"bases":[[[0.677603,-0.664097,-0.315958],[0.731533,0.652794,0.196771],[0.0755806,-0.364466,0.928144]],[[0.676133,-0.657427,-0.332617],[0.201533,0.599256,-0.774775],[0.708681,0.456818,0.53767]],[[0.676133,-0.657427,-0.332617],[-0.674194,-0.369982,-0.639199],[0.297164,0.656432,-0.693391]],[[0.676133,-0.657427,-0.332617],[-0.705313,-0.708069,-0.034218],[-0.21302,0.257735,-0.942441]]],"btipPosition":[-21.8557,292.62,22.7887],"carpPosition":[20.472,312.01,74.1491],"dipPosition":[-25.7172,297.292,5.70456],"direction":[-0.297164,-0.656432,0.693391],"extended":false,"handId":962,"id":9622,"length":64.6373,"mcpPosition":[15.3853,336.539,11.6838],"pipPosition":[-17.5657,315.299,-13.3158],"stabilizedTipPosition":[-36.1506,299.54,138.264],"timeVisible":1.01182,"tipPosition":[-22.2892,293.522,20.0191],"tipVelocity":[4.9086,-23.5883,-66.7994],"tool":false,"touchDistance":0.333333,"touchZone":"none","type":2,"width":18.3255},{"bases":[[[0.624253,-0.757801,-0.189858],[0.780112,0.591728,0.203181],[-0.0416263,-0.274947,0.960558]],[[0.622162,-0.76792,-0.152357],[0.329856,0.433617,-0.838553],[0.710007,0.47146,0.523084]],[[0.622162,-0.76792,-0.152357],[-0.656619,-0.40586,-0.635712],[0.42634,0.495556,-0.756742]],[[0.622162,-0.76792,-0.152357],[-0.777773,-0.628489,-0.00834383],[-0.0893475,0.123691,-0.98829]]],"btipPosition":[-8.8303,285.856,27.3071],"carpPosition":[29.0382,305.034,69.8595],"dipPosition":[-10.4406,288.085,9.49474],"direction":[-0.42634,-0.495556,0.756742],"extended":false,"handId":962,"id":9623,"length":62.1505,"mcpPosition":[31.5535,321.648,11.8175],"pipPosition":[0.952255,301.328,-10.7273],"stabilizedTipPosition":[-25.4239,294.91,137.336],"timeVisible":1.01182,"tipPosition":[-8.97572,286.39,24.0781],"tipVelocity":[9.94386,-20.5568,-54.5904],"tool":false,"touchDistance":0.333333,"touchZone":"none","type":3,"width":17.4379},{"bases":[[[0.477704,-0.871814,-0.108352],[0.860947,0.440028,0.255237],[-0.174841,-0.215213,0.960788]],[[0.444556,-0.894721,0.0429525],[0.461513,0.187685,-0.867053],[0.767708,0.405276,0.496362]],[[0.444556,-0.894721,0.0429525],[-0.69506,-0.374805,-0.613525],[0.565032,0.242892,-0.788506]],[[0.444556,-0.894721,0.0429525],[-0.895458,-0.445126,-0.00423899],[0.022912,-0.0365777,-0.999068]]],"btipPosition":[5.91602,286.765,27.0278],"carpPosition":[33.3636,292.525,66.2111],"dipPosition":[6.29698,286.157,10.4159],"direction":[-0.565032,-0.242892,0.788506],"extended":false,"handId":962,"id":9624,"length":48.7249,"mcpPosition":[43.1434,304.563,12.4694],"pipPosition":[16.9576,290.74,-4.46105],"stabilizedTipPosition":[-10.8074,298.625,133.39],"timeVisible":1.01182,"tipPosition":[6.07188,286.81,24.0056],"tipVelocity":[9.7275,-15.6555,-57.8632],"tool":false,"touchDistance":0.333333,"touchZone":"none","type":4,"width":15.4897}],"r":[[0.994615,-0.076356,0.0700782],[0.0871124,0.982247,-0.16614],[-0.0561483,0.17135,0.983609]],"s":1.27679,"t":[19.0961,-10.8572,-109.495],"timestamp":669133680869},false],[2,{"currentFrameRate":55.1631,"devices":[],"gestures":[],"hands":[{"armBasis":[[0.827693,-0.549717,-0.112849],[0.507207,0.818854,-0.268735],[0.240136,0.165192,0.95658]],"armWidth":61.4671,"confidence":0.689692,"direction":[0.0405654,0.454275,-0.889937],"elbow":[82.8978,339.063,325.312],"grabStrength":0,"id":962,"palmNormal":[-0.621236,-0.686122,-0.378553],"palmPosition":[14.1233,321.021,30.1028],"palmVelocity":[0.36751,-6.3924,-51.6388],"palmWidth":87.7729,"pinchStrength":0.53504,"r":[[0.994826,-0.0724834,0.0711815],[0.0835209,0.982434,-0.166877],[-0.0578353,0.171959,0.983405]],"s":1.27932,"sphereCenter":[-13.1052,300.368,-1.40782],"sphereRadius":43.9941,"stabilizedPalmPosition":[-4.20594,331.166,139.285],"t":[19.1092,-10.9637,-110.425],"timeVisible":1.03031,"type":"right","wrist":[20.3535,296.038,76.1674]}],"id":4951251,"interactionBox":{"center":[0,200,0],"size":[235.247,235.247,147.751]},"pointables":[{"bases":[[[0.878471,0.473681,0.062571],[-0.367816,0.586854,0.721328],[0.304959,-0.656681,0.689761]],[[0.671261,0.704379,-0.230779],[-0.51351,0.666454,0.540506],[0.534525,-0.244313,0.80907]],[[0.671261,0.704379,-0.230779],[-0.648876,0.708921,0.276387],[0.358286,-0.0357806,0.932926]],[[0.671261,0.704379,-0.230779],[-0.68993,0.707561,0.152822],[0.270935,0.0566377,0.96093]]],"btipPosition":[-51.4129,314.679,-9.18035],"carpPosition":[-7.77343,303.016,82.1567],"dipPosition":[-45.2963,315.958,12.5137],"direction":[-0.358286,0.0357806,-0.932926],"extended":false,"handId":962,"id":9620,"length":50.2737,"mcpPosition":[-7.77343,303.016,82.1567],"pipPosition":[-33.5122,314.781,43.1978],"stabilizedTipPosition":[-70.4443,320.013,108.71],"timeVisible":1.03031,"tipPosition":[-50.3853,314.009,-4.04612],"tipVelocity":[10.7256,-8.38167,-59.0569],"tool":false,"touchDistance":-0.41939,"touchZone":"touching","type":0,"width":19.534},{"bases":[[[0.778274,-0.483877,-0.40019],[0.600804,0.759114,0.250561],[0.182549,-0.435441,0.881514]],[[0.777628,-0.482344,-0.403285],[0.529638,0.848197,0.00678972],[0.33879,-0.218875,0.915049]],[[0.777628,-0.482344,-0.403285],[0.442711,0.875533,-0.19352],[0.446432,-0.0280524,0.894378]],[[0.777628,-0.482344,-0.403285],[0.365424,0.868707,-0.334384],[0.511625,0.112657,0.851791]]],"btipPosition":[-35.3855,354.997,-57.2426],"carpPosition":[10.4516,316.226,78.1318],"dipPosition":[-26.9532,356.854,-43.2038],"direction":[-0.446432,0.0280524,-0.894378],"extended":true,"handId":962,"id":9621,"length":56.7283,"mcpPosition":[-2.50361,347.129,15.5721],"pipPosition":[-16.5442,356.2,-22.3507],"stabilizedTipPosition":[-60.2429,324.649,83.5571],"timeVisible":1.03031,"tipPosition":[-33.989,353.654,-53.4214],"tipVelocity":[9.1568,2.48999,-62.4171],"tool":false,"touchDistance":-0.483856,"touchZone":"touching","type":1,"width":18.6589},{"bases":[[[0.68188,-0.660531,-0.314227],[0.727593,0.656636,0.19859],[0.0751579,-0.364043,0.928345]],[[0.680419,-0.653884,-0.330855],[0.20032,0.600245,-0.774324],[0.704912,0.460588,0.539404]],[[0.680419,-0.653884,-0.330855],[-0.670604,-0.373527,-0.640911],[0.295498,0.657961,-0.692652]],[[0.680419,-0.653884,-0.330855],[-0.701515,-0.711742,-0.03605],[-0.211911,0.256629,-0.942993]]],"btipPosition":[-21.619,292.419,21.8753],"carpPosition":[20.4793,312.035,73.34],"dipPosition":[-25.4605,297.071,4.78114],"direction":[-0.295498,-0.657961,0.692652],"extended":false,"handId":962,"id":9622,"length":64.6373,"mcpPosition":[15.4211,336.535,10.8613],"pipPosition":[-17.3547,315.12,-14.219],"stabilizedTipPosition":[-36.1501,299.539,138.259],"timeVisible":1.03031,"tipPosition":[-22.0528,293.322,19.0942],"tipVelocity":[8.83911,-17.5658,-58.4595],"tool":false,"touchDistance":0.333333,"touchZone":"none","type":2,"width":18.3255},{"bases":[[[0.628706,-0.754512,-0.188259],[0.776476,0.595827,0.205125],[-0.0425993,-0.275141,0.96046]],[[0.626576,-0.764632,-0.1508],[0.329291,0.435107,-0.838003],[0.706378,0.475415,0.524414]],[[0.626576,-0.764632,-0.1508],[-0.653041,-0.409491,-0.637067],[0.42537,0.497649,-0.755914]],[[0.626576,-0.764632,-0.1508],[-0.774421,-0.632589,-0.0101797],[-0.0876108,0.123161,-0.988512]]],"btipPosition":[-8.5658,285.721,26.4503],"carpPosition":[29.0929,305.104,69.0723],"dipPosition":[-10.1448,287.94,8.63398],"direction":[-0.42537,-0.497649,0.755914],"extended":false,"handId":962,"id":9623,"length":62.1505,"mcpPosition":[31.667,321.729,11.0362],"pipPosition":[1.22214,301.239,-11.566],"stabilizedTipPosition":[-25.4231,294.91,137.33],"timeVisible":1.03031,"tipPosition":[-8.71233,286.255,23.1886],"tipVelocity":[12.2381,-14.2223,-50.6301],"tool":false,"touchDistance":0.333333,"touchZone":"none","type":3,"width":17.4379},{"bases":[[[0.482553,-0.869292,-0.107118],[0.857975,0.444555,0.257389],[-0.176127,-0.216109,0.960352]],[[0.449467,-0.892268,0.0428541],[0.461673,0.190957,-0.866252],[0.764746,0.409137,0.497765]],[[0.449467,-0.892268,0.0428541],[-0.692001,-0.37812,-0.614947],[0.564902,0.246743,-0.787403]],[[0.449467,-0.892268,0.0428541],[-0.892948,-0.450115,-0.00634818],[0.0249535,-0.0354132,-0.999061]]],"btipPosition":[6.18706,286.684,26.2075],"carpPosition":[33.4932,292.618,65.4352],"dipPosition":[6.60198,286.095,9.59574],"direction":[-0.564902,-0.246743,0.787403],"extended":false,"handId":962,"id":9624,"length":48.7249,"mcpPosition":[43.3449,304.706,11.7179],"pipPosition":[17.2601,290.751,-5.26041],"stabilizedTipPosition":[-10.8069,298.624,133.387],"timeVisible":1.03031,"tipPosition":[6.34252,286.738,23.1543],"tipVelocity":[12.3131,-10.0943,-51.3452],"tool":false,"touchDistance":0.333333,"touchZone":"none","type":4,"width":15.4897}],"r":[[0.994826,-0.0724834,0.0711815],[0.0835209,0.982434,-0.166877],[-0.0578353,0.171959,0.983405]],"s":1.27932,"t":[19.1092,-10.9637,-110.425],"timestamp":669133699358},false],[3,{"currentFrameRate":55.2946,"devices":[],"gestures":[],"hands":[{"armBasis":[[0.829473,-0.54544,-0.120288],[0.501702,0.82223,-0.268763],[0.245498,0.162583,0.955666]],"armWidth":61.4671,"confidence":0.691081,"direction":[0.0424677,0.457724,-0.888079],"elbow":[84.1866,338.276,323.978],"grabStrength":0,"id":962,"palmNormal":[-0.615341,-0.688302,-0.384182],"palmPosition":[14.1057,321.044,29.066],"palmVelocity":[-0.26848,-2.80011,-54.9862],"palmWidth":87.7729,"pinchStrength":0.530891,"r":[[0.994989,-0.0682924,0.0730245],[0.0796877,0.982786,-0.166678],[-0.0603846,0.171662,0.983304]],"s":1.28185,"sphereCenter":[-12.9618,300.541,-2.60443],"sphereRadius":43.9955,"stabilizedPalmPosition":[-4.20577,331.166,139.284],"t":[19.1069,-11.0055,-111.408],"timeVisible":1.04794,"type":"right","wrist":[20.2457,295.93,75.0716]}],"id":4951252,"interactionBox":{"center":[0,200,0],"size":[235.247,235.247,147.751]},"pointables":[{"bases":[[[0.875398,0.478489,0.0687546],[-0.374851,0.582112,0.721548],[0.30523,-0.657415,0.688942]],[[0.670057,0.707997,-0.223078],[-0.519289,0.661821,0.540677],[0.530435,-0.246442,0.811113]],[[0.670057,0.707997,-0.223078],[-0.652712,0.705075,0.277195],[0.35354,-0.0401307,0.934558]],[[0.670057,0.707997,-0.223078],[-0.69325,0.704286,0.152928],[0.265383,0.0521786,0.96273]]],"btipPosition":[-51.1122,314.734,-10.5873],"carpPosition":[-7.95103,302.725,80.9424],"dipPosition":[-45.1209,315.912,11.1474],"direction":[-0.35354,0.0401307,-0.934558],"extended":false,"handId":962,"id":9620,"length":50.2737,"mcpPosition":[-7.95103,302.725,80.9424],"pipPosition":[-33.4929,314.592,41.8851],"stabilizedTipPosition":[-70.4441,320.013,108.709],"timeVisible":1.04794,"tipPosition":[-50.1073,314.018,-5.45412],"tipVelocity":[12.9179,-3.62128,-68.4943],"tool":false,"touchDistance":-0.426748,"touchZone":"touching","type":0,"width":19.534},{"bases":[[[0.783073,-0.477945,-0.397952],[0.595139,0.761639,0.256351],[0.180574,-0.437579,0.880862]],[[0.782349,-0.476203,-0.401448],[0.525374,0.850744,0.0146944],[0.334532,-0.222406,0.915764]],[[0.782349,-0.476203,-0.401448],[0.442132,0.878589,-0.180558],[0.43869,-0.0362338,0.897908]],[[0.782349,-0.476203,-0.401448],[0.368239,0.873475,-0.318498],[0.502325,0.101348,0.858719]]],"btipPosition":[-34.9689,355.5,-58.4962],"carpPosition":[10.2178,316.054,77.0581],"dipPosition":[-26.6898,357.171,-44.3432],"direction":[-0.43869,0.0362338,-0.897908],"extended":true,"handId":962,"id":9621,"length":56.7283,"mcpPosition":[-2.59728,347.108,14.5446],"pipPosition":[-16.4614,356.326,-23.4077],"stabilizedTipPosition":[-60.2427,324.649,83.5566],"timeVisible":1.04794,"tipPosition":[-33.6067,354.136,-54.6828],"tipVelocity":[14.9798,13.5119,-65.777],"tool":false,"touchDistance":-0.482213,"touchZone":"touching","type":1,"width":18.6589},{"bases":[[[0.687262,-0.65546,-0.313118],[0.722779,0.66008,0.204659],[0.0725371,-0.366969,0.927401]],[[0.68587,-0.648861,-0.329487],[0.199562,0.603109,-0.772291],[0.699826,0.463939,0.543143]],[[0.68587,-0.648861,-0.329487],[-0.665538,-0.376151,-0.644647],[0.294349,0.661431,-0.689832]],[[0.68587,-0.648861,-0.329487],[-0.697117,-0.715749,-0.0416124],[-0.20883,0.258232,-0.943243]]],"btipPosition":[-21.4161,292.239,20.6546],"carpPosition":[20.2937,311.938,72.3025],"dipPosition":[-25.2017,296.92,3.55592],"direction":[-0.294349,-0.661431,0.689832],"extended":false,"handId":962,"id":9622,"length":64.6373,"mcpPosition":[15.4119,336.635,9.88723],"pipPosition":[-17.1274,315.064,-15.3669],"stabilizedTipPosition":[-36.1497,299.539,138.255],"timeVisible":1.04794,"tipPosition":[-21.8662,293.167,17.7834],"tipVelocity":[10.4258,-13.9594,-63.5188],"tool":false,"touchDistance":0.333333,"touchZone":"none","type":2,"width":18.3255},{"bases":[[[0.633991,-0.750201,-0.187761],[0.771977,0.599529,0.211224],[-0.0458921,-0.278862,0.959234]],[[0.631731,-0.760462,-0.150377],[0.330757,0.43987,-0.834934],[0.701082,0.477715,0.529408]],[[0.631731,-0.760462,-0.150377],[-0.647546,-0.411045,-0.64166],[0.426146,0.502733,-0.752104]],[[0.631731,-0.760462,-0.150377],[-0.770691,-0.636999,-0.0163335],[-0.0833692,0.126213,-0.988494]]],"btipPosition":[-8.35997,285.624,25.1886],"carpPosition":[28.9686,305.072,68.0538],"dipPosition":[-9.86257,287.898,7.37255],"direction":[-0.426146,-0.502733,0.752104],"extended":false,"handId":962,"id":9623,"length":62.1505,"mcpPosition":[31.7417,321.922,10.0918],"pipPosition":[1.52514,301.333,-12.7256],"stabilizedTipPosition":[-25.4226,294.909,137.327],"timeVisible":1.04794,"tipPosition":[-8.4975,286.17,21.905],"tipVelocity":[12.4407,-9.82012,-60.4018],"tool":false,"touchDistance":0.333333,"touchZone":"none","type":3,"width":17.4379},{"bases":[[[0.488092,-0.866112,-0.107781],[0.854081,0.448539,0.26336],[-0.179755,-0.220597,0.958658]],[[0.454607,-0.889745,0.041064],[0.464453,0.197464,-0.863302],[0.760011,0.411535,0.503013]],[[0.454607,-0.889745,0.041064],[-0.686849,-0.379545,-0.619825],[0.567072,0.253572,-0.783665]],[[0.454607,-0.889745,0.041064],[-0.89019,-0.455416,-0.0126049],[0.0299164,-0.0308244,-0.999077]]],"btipPosition":[6.39413,286.655,25.0121],"carpPosition":[33.4593,292.625,64.3944],"dipPosition":[6.89156,286.143,8.40012],"direction":[-0.567072,-0.253572,0.783665],"extended":false,"handId":962,"id":9624,"length":48.7249,"mcpPosition":[43.5139,304.964,10.7718],"pipPosition":[17.5907,290.927,-6.38549],"stabilizedTipPosition":[-10.8066,298.624,133.385],"timeVisible":1.04794,"tipPosition":[6.56035,286.728,21.9422],"tipVelocity":[12.5505,-5.68828,-59.0286],"tool":false,"touchDistance":0.333333,"touchZone":"none","type":4,"width":15.4897}],"r":[[0.994989,-0.0682924,0.0730245],[0.0796877,0.982786,-0.166678],[-0.0603846,0.171662,0.983304]],"s":1.28185,"t":[19.1069,-11.0055,-111.408],"timestamp":669133716988},false],[4,{"currentFrameRate":55.3014,"devices":[],"gestures":[],"hands":[{"armBasis":[[0.828318,-0.545447,-0.127971],[0.500251,0.822895,-0.269429],[0.252266,0.159155,0.95448]],"armWidth":61.4671,"confidence":0.698851,"direction":[0.0460334,0.457095,-0.888226],"elbow":[85.7982,337.553,322.88],"grabStrength":0,"id":962,"palmNormal":[-0.611795,-0.689999,-0.386792],"palmPosition":[14.1364,321.162,28.2252],"palmVelocity":[0.667167,1.63484,-50.9858],"palmWidth":87.7729,"pinchStrength":0.527856,"r":[[0.995056,-0.0644791,0.0755398],[0.0763498,0.983063,-0.166604],[-0.0635179,0.171548,0.983126]],"s":1.28432,"sphereCenter":[-12.8515,300.776,-3.51627],"sphereRadius":43.9968,"stabilizedPalmPosition":[-4.20569,331.166,139.284],"t":[19.1211,-10.9673,-112.32],"timeVisible":1.066,"type":"right","wrist":[20.0947,296.1,74.2826]}],"id":4951253,"interactionBox":{"center":[0,200,0],"size":[235.247,235.247,147.751]},"pointables":[{"bases":[[[0.873952,0.480515,0.0728866],[-0.379888,0.581854,0.719118],[0.303138,-0.656164,0.691054]],[[0.671093,0.708394,-0.218659],[-0.522817,0.661317,0.537887],[0.525639,-0.246653,0.814166]],[[0.671093,0.708394,-0.218659],[-0.654137,0.704593,0.275053],[0.348912,-0.041553,0.936234]],[[0.671093,0.708394,-0.218659],[-0.694577,0.703891,0.148662],[0.259223,0.0521102,0.964411]]],"btipPosition":[-50.7862,314.903,-11.7679],"carpPosition":[-8.1472,302.836,80.0019],"dipPosition":[-44.9339,316.08,10.0048],"direction":[-0.348912,0.041553,-0.936234],"extended":false,"handId":962,"id":9620,"length":50.2737,"mcpPosition":[-8.1472,302.836,80.0019],"pipPosition":[-33.4581,314.713,40.7976],"stabilizedTipPosition":[-70.444,320.013,108.708],"timeVisible":1.066,"tipPosition":[-49.8091,314.174,-6.63351],"tipVelocity":[14.5168,2.53747,-66.7831],"tool":false,"touchDistance":-0.429985,"touchZone":"touching","type":0,"width":19.534},{"bases":[[[0.786194,-0.476503,-0.393501],[0.59209,0.763186,0.258797],[0.176997,-0.436453,0.882146]],[[0.785392,-0.47454,-0.397456],[0.524093,0.851448,0.0190498],[0.329373,-0.223265,0.917424]],[[0.785392,-0.47454,-0.397456],[0.444656,0.879213,-0.171071],[0.430628,-0.0423731,0.901534]],[[0.785392,-0.47454,-0.397456],[0.374157,0.875461,-0.305899],[0.493118,0.0915399,0.865133]]],"btipPosition":[-34.3679,355.909,-59.7038],"carpPosition":[10.0115,316.203,76.2005],"dipPosition":[-26.2405,357.418,-45.4451],"direction":[-0.430628,0.0423731,-0.901534],"extended":true,"handId":962,"id":9621,"length":56.7283,"mcpPosition":[-2.54974,347.177,13.596],"pipPosition":[-16.2001,356.43,-24.4251],"stabilizedTipPosition":[-60.2422,324.65,83.554],"timeVisible":1.066,"tipPosition":[-33.0459,354.53,-55.8926],"tipVelocity":[22.7533,16.8712,-65.6576],"tool":false,"touchDistance":-0.480075,"touchZone":"touching","type":1,"width":18.6589},{"bases":[[[0.690345,-0.654165,-0.309017],[0.720224,0.661873,0.20785],[0.068562,-0.366049,0.928066]],[[0.689037,-0.647645,-0.325244],[0.201465,0.602264,-0.772457],[0.696161,0.466726,0.54546]],[[0.689037,-0.647645,-0.325244],[-0.661542,-0.378799,-0.647205],[0.295957,0.66111,-0.689451]],[[0.689037,-0.647645,-0.325244],[-0.695249,-0.717398,-0.0443749],[-0.20459,0.256701,-0.944588]]],"btipPosition":[-21.2717,292.251,19.7141],"carpPosition":[20.1211,312.105,71.5005],"dipPosition":[-24.9805,296.905,2.59098],"direction":[-0.295957,-0.66111,0.689451],"extended":false,"handId":962,"id":9622,"length":64.6373,"mcpPosition":[15.5068,336.741,9.0405],"pipPosition":[-16.8621,315.04,-16.3213],"stabilizedTipPosition":[-36.1494,299.539,138.253],"timeVisible":1.066,"tipPosition":[-21.7265,293.188,16.7766],"tipVelocity":[9.736,-7.17467,-58.2351],"tool":false,"touchDistance":0.333333,"touchZone":"none","type":2,"width":18.3255},{"bases":[[[0.636639,-0.748923,-0.18386],[0.769524,0.601438,0.214719],[-0.0502281,-0.278183,0.959214]],[[0.63421,-0.759157,-0.146489],[0.334061,0.43993,-0.833586],[0.697267,0.479732,0.532613]],[[0.63421,-0.759157,-0.146489],[-0.643275,-0.412999,-0.644693],[0.428923,0.503103,-0.750275]],[[0.63421,-0.759157,-0.146489],[-0.769168,-0.638738,-0.0198771],[-0.078478,0.125281,-0.989013]]],"btipPosition":[-8.23126,285.686,24.2608],"carpPosition":[28.8333,305.255,67.3025],"dipPosition":[-9.6457,287.944,6.43545],"direction":[-0.428923,-0.503103,0.750275],"extended":false,"handId":962,"id":9623,"length":62.1505,"mcpPosition":[31.8683,322.064,9.34173],"pipPosition":[1.81622,301.388,-13.6138],"stabilizedTipPosition":[-25.4223,294.909,137.324],"timeVisible":1.066,"tipPosition":[-8.35353,286.231,20.9702],"tipVelocity":[10.4508,-3.61908,-56.1709],"tool":false,"touchDistance":0.333333,"touchZone":"none","type":3,"width":17.4379},{"bases":[[[0.490589,-0.865097,-0.104539],[0.851696,0.450676,0.267404],[-0.184217,-0.220221,0.957897]],[[0.45669,-0.888585,0.0430185],[0.468821,0.199292,-0.860517],[0.75607,0.413158,0.507602]],[[0.45669,-0.888585,0.0430185],[-0.682231,-0.380849,-0.624111],[0.570959,0.255677,-0.780151]],[[0.45669,-0.888585,0.0430185],[-0.888917,-0.457722,-0.0177979],[0.0355054,-0.0301118,-0.998916]]],"btipPosition":[6.52337,286.718,24.1115],"carpPosition":[33.3708,292.815,63.6766],"dipPosition":[7.11373,286.217,7.50212],"direction":[-0.570959,-0.255677,0.780151],"extended":false,"handId":962,"id":9624,"length":48.7249,"mcpPosition":[43.675,305.133,10.0966],"pipPosition":[17.8862,291.041,-7.21719],"stabilizedTipPosition":[-10.8064,298.624,133.383],"timeVisible":1.066,"tipPosition":[6.70468,286.799,21.0355],"tipVelocity":[10.551,-1.26949,-54.6653],"tool":false,"touchDistance":0.333333,"touchZone":"none","type":4,"width":15.4897}],"r":[[0.995056,-0.0644791,0.0755398],[0.0763498,0.983063,-0.166604],[-0.0635179,0.171548,0.983126]],"s":1.28432,"t":[19.1211,-10.9673,-112.32],"timestamp":669133735047},false],[5,{"currentFrameRate":55.202,"devices":[],"gestures":[],"hands":[{"armBasis":[[0.826223,-0.547433,-0.132939],[0.501054,0.821974,-0.270747],[0.257488,0.157088,0.953427]],"armWidth":61.4671,"confidence":0.703997,"direction":[0.0478895,0.454352,-0.889534],"elbow":[87.1474,337.42,322.074],"grabStrength":0,"id":962,"palmNormal":[-0.611189,-0.691049,-0.385875],"palmPosition":[14.2219,321.427,27.6047],"palmVelocity":[2.57806,7.77854,-42.6078],"palmWidth":87.7729,"pinchStrength":0.52473,"r":[[0.99506,-0.0614259,0.0779839],[0.0737897,0.98317,-0.167126],[-0.0664056,0.172055,0.982847]],"s":1.28672,"sphereCenter":[-12.8547,301.178,-4.06506],"sphereRadius":43.9914,"stabilizedPalmPosition":[-4.20562,331.166,139.283],"t":[19.171,-10.8156,-113.087],"timeVisible":1.08446,"type":"right","wrist":[20.0836,296.506,73.7506]}],"id":4951254,"interactionBox":{"center":[0,200,0],"size":[235.247,235.247,147.751]},"pointables":[{"bases":[[[0.873917,0.480543,0.0731333],[-0.381172,0.584146,0.716576],[0.301625,-0.654104,0.693665]],[[0.673422,0.706477,-0.217697],[-0.523002,0.663422,0.535108],[0.522467,-0.246498,0.816252]],[[0.673422,0.706477,-0.217697],[-0.652749,0.706484,0.273495],[0.347017,-0.0420767,0.936914]],[[0.673422,0.706477,-0.217697],[-0.693775,0.705664,0.143924],[0.2553,0.0541109,0.965347]]],"btipPosition":[-50.5033,315.297,-12.5204],"carpPosition":[-8.16801,303.266,79.3934],"dipPosition":[-44.7396,316.519,9.27344],"direction":[-0.347017,0.0420767,-0.936914],"extended":false,"handId":962,"id":9620,"length":50.2737,"mcpPosition":[-8.16801,303.266,79.3934],"pipPosition":[-33.3262,315.135,40.0886],"stabilizedTipPosition":[-70.4437,320.013,108.706],"timeVisible":1.08446,"tipPosition":[-49.5586,314.567,-7.37962],"tipVelocity":[14.3733,11.8833,-54.1064],"tool":false,"touchDistance":-0.426533,"touchZone":"touching","type":0,"width":19.534},{"bases":[[[0.78686,-0.477886,-0.390483],[0.591753,0.763847,0.257617],[0.175158,-0.433778,0.88383]],[[0.785938,-0.475623,-0.395075],[0.525006,0.850861,0.02008],[0.326604,-0.223199,0.918429]],[[0.785938,-0.475623,-0.395075],[0.448596,0.878365,-0.165037],[0.425515,-0.0475204,0.903703]],[[0.785938,-0.475623,-0.395075],[0.380822,0.875749,-0.296713],[0.48711,0.0827444,0.869412]]],"btipPosition":[-33.9146,356.395,-60.5999],"carpPosition":[10.0012,316.616,75.5868],"dipPosition":[-25.8863,357.759,-46.2706],"direction":[-0.425515,0.0475204,-0.903703],"extended":true,"handId":962,"id":9621,"length":56.7283,"mcpPosition":[-2.42947,347.401,12.8628],"pipPosition":[-15.965,356.651,-25.2001],"stabilizedTipPosition":[-60.2401,324.652,83.5432],"timeVisible":1.08446,"tipPosition":[-32.6199,355.003,-56.7957],"tipVelocity":[23.0274,20.5653,-56.979],"tool":false,"touchDistance":-0.473599,"touchZone":"touching","type":1,"width":18.6589},{"bases":[[[0.690804,-0.655265,-0.305642],[0.719964,0.662349,0.207235],[0.066648,-0.36321,0.929321]],[[0.689541,-0.648851,-0.321755],[0.202139,0.599025,-0.774796],[0.695466,0.469214,0.54421]],[[0.689541,-0.648851,-0.321755],[-0.660655,-0.381477,-0.646537],[0.296764,0.658383,-0.69171]],[[0.689541,-0.648851,-0.321755],[-0.695248,-0.717476,-0.0430971],[-0.202888,0.253417,-0.945842]]],"btipPosition":[-21.1656,292.476,19.1913],"carpPosition":[20.1191,312.502,70.9194],"dipPosition":[-24.8435,297.07,2.04552],"direction":[-0.296764,-0.658383,0.69171],"extended":false,"handId":962,"id":9622,"length":64.6373,"mcpPosition":[15.6336,336.946,8.37494],"pipPosition":[-16.7029,315.13,-16.9288],"stabilizedTipPosition":[-36.1492,299.539,138.251],"timeVisible":1.08446,"tipPosition":[-21.6352,293.417,16.1779],"tipVelocity":[7.99915,1.79725,-43.9429],"tool":false,"touchDistance":0.333333,"touchZone":"none","type":2,"width":18.3255},{"bases":[[[0.63683,-0.749626,-0.1803],[0.769237,0.601924,0.214387],[-0.0521833,-0.275222,0.959963]],[[0.634325,-0.759742,-0.142914],[0.336118,0.43752,-0.834027],[0.696173,0.481008,0.532893]],[[0.634325,-0.759742,-0.142914],[-0.641814,-0.4145,-0.645186],[0.430937,0.500982,-0.75054]],[[0.634325,-0.759742,-0.142914],[-0.769317,-0.638554,-0.0200173],[-0.0760503,0.122643,-0.989533]]],"btipPosition":[-8.15881,285.938,23.677],"carpPosition":[28.838,305.637,66.7596],"dipPosition":[-9.52949,288.149,5.84228],"direction":[-0.430937,-0.500982,0.75054],"extended":false,"handId":962,"id":9623,"length":62.1505,"mcpPosition":[31.9912,322.268,8.75355],"pipPosition":[1.98624,301.536,-14.2141],"stabilizedTipPosition":[-25.4221,294.909,137.323],"timeVisible":1.08446,"tipPosition":[-8.27325,286.476,20.3755],"tipVelocity":[7.56623,4.43931,-44.3893],"tool":false,"touchDistance":0.333333,"touchZone":"none","type":3,"width":17.4379},{"bases":[[[0.490597,-0.865524,-0.100911],[0.85127,0.451307,0.267697],[-0.186156,-0.217234,0.958204]],[[0.456625,-0.888479,0.0458182],[0.47019,0.197288,-0.860232],[0.755258,0.414347,0.507841]],[[0.456625,-0.888479,0.0458182],[-0.681169,-0.38228,-0.624397],[0.572279,0.253905,-0.779762]],[[0.456625,-0.888479,0.0458182],[-0.888879,-0.457775,-0.0183097],[0.0372422,-0.0323662,-0.998782]]],"btipPosition":[6.61476,286.951,23.5809],"carpPosition":[33.3798,293.185,63.181],"dipPosition":[7.234,286.413,6.97379],"direction":[-0.572279,-0.253905,0.779762],"extended":false,"handId":962,"id":9624,"length":48.7249,"mcpPosition":[43.7925,305.336,9.58376],"pipPosition":[18.0313,291.203,-7.73819],"stabilizedTipPosition":[-10.8062,298.624,133.382],"timeVisible":1.08446,"tipPosition":[6.79854,287.029,20.4904],"tipVelocity":[8.02351,5.217,-42.1489],"tool":false,"touchDistance":0.333333,"touchZone":"none","type":4,"width":15.4897}],"r":[[0.99506,-0.0614259,0.0779839],[0.0737897,0.98317,-0.167126],[-0.0664056,0.172055,0.982847]],"s":1.28672,"t":[19.171,-10.8156,-113.087],"timestamp":669133753506},false],[6,{"currentFrameRate":55.252,"devices":[],"gestures":[],"hands":[{"armBasis":[[0.83751,-0.535409,-0.109151],[0.497223,0.829581,-0.254096],[0.226595,0.158536,0.961]],"armWidth":61.4671,"confidence":0.660912,"direction":[0.0481654,0.459752,-0.88674],"elbow":[79.108,338.463,322.398],"grabStrength":0,"id":962,"palmNormal":[-0.601566,-0.695352,-0.393197],"palmPosition":[14.2294,322.285,26.0594],"palmVelocity":[1.55833,26.7053,-63.2008],"palmWidth":87.7729,"pinchStrength":0.521679,"r":[[0.995083,-0.0569547,0.0810267],[0.0698448,0.983584,-0.166386],[-0.0702201,0.171227,0.982726]],"s":1.28891,"sphereCenter":[-12.5746,302.1,-5.8283],"sphereRadius":43.9889,"stabilizedPalmPosition":[-4.20536,331.166,139.282],"t":[19.1997,-10.3109,-114.242],"timeVisible":1.10238,"type":"right","wrist":[20.0906,297.172,72.1015]}],"id":4951255,"interactionBox":{"center":[0,200,0],"size":[235.247,235.247,147.751]},"pointables":[{"bases":[[[0.868315,0.489381,0.0808402],[-0.391487,0.576091,0.717535],[0.304577,-0.654694,0.691815]],[[0.668699,0.713779,-0.208233],[-0.532494,0.655198,0.535879],[0.518933,-0.247459,0.818213]],[[0.668699,0.713779,-0.208233],[-0.660256,0.698826,0.275145],[0.341911,-0.046502,0.938581]],[[0.668699,0.713779,-0.208233],[-0.700914,0.698599,0.143803],[0.248115,0.0497924,0.96745]]],"btipPosition":[-50.0984,315.921,-14.4935],"carpPosition":[-8.26341,303.6,77.6169],"dipPosition":[-44.4969,317.045,7.34774],"direction":[-0.341911,0.046502,-0.938581],"extended":false,"handId":962,"id":9620,"length":50.2737,"mcpPosition":[-8.26341,303.6,77.6169],"pipPosition":[-33.2514,315.516,38.2178],"stabilizedTipPosition":[-70.4432,320.013,108.704],"timeVisible":1.10238,"tipPosition":[-49.1869,315.154,-9.35068],"tipVelocity":[17.2703,22.12,-80.2565],"tool":false,"touchDistance":-0.441647,"touchZone":"touching","type":0,"width":19.534},{"bases":[[[0.794137,-0.467336,-0.388514],[0.582094,0.768648,0.265229],[0.174679,-0.43678,0.882446]],[[0.793099,-0.464766,-0.393684],[0.516346,0.855861,0.0298165],[0.323081,-0.226924,0.918762]],[[0.793099,-0.464766,-0.393684],[0.44282,0.883762,-0.151246],[0.418217,-0.0543779,0.906718]],[[0.793099,-0.464766,-0.393684],[0.377795,0.882353,-0.280578],[0.477771,0.073794,0.87538]]],"btipPosition":[-33.6275,357.618,-62.2817],"carpPosition":[9.78419,317.164,73.9892],"dipPosition":[-25.7531,358.834,-47.8542],"direction":[-0.418217,0.0543779,-0.906718],"extended":true,"handId":962,"id":9621,"length":56.7283,"mcpPosition":[-2.6125,348.162,11.3634],"pipPosition":[-16.0021,357.566,-26.7133],"stabilizedTipPosition":[-60.2328,324.661,83.5068],"timeVisible":1.10238,"tipPosition":[-32.3489,356.211,-58.4939],"tipVelocity":[18.7819,42.17,-73.7869],"tool":false,"touchDistance":-0.479461,"touchZone":"touching","type":1,"width":18.6589},{"bases":[[[0.699489,-0.646193,-0.305204],[0.711666,0.668798,0.215038],[0.0651642,-0.36762,0.92769]],[[0.69826,-0.639751,-0.321171],[0.199361,0.604703,-0.771096],[0.687523,0.474397,0.549781]],[[0.69826,-0.639751,-0.321171],[-0.653084,-0.385616,-0.651752],[0.29311,0.664845,-0.687072]],[[0.69826,-0.639751,-0.321171],[-0.687245,-0.724656,-0.0506789],[-0.200317,0.25611,-0.945664]]],"btipPosition":[-20.7899,292.987,17.3504],"carpPosition":[19.972,313.183,69.3582],"dipPosition":[-24.4211,297.629,0.207767],"direction":[-0.29311,-0.664845,0.687072],"extended":false,"handId":962,"id":9622,"length":64.6373,"mcpPosition":[15.5864,337.924,6.92345],"pipPosition":[-16.3808,315.867,-18.6393],"stabilizedTipPosition":[-36.1491,299.539,138.25],"timeVisible":1.10238,"tipPosition":[-21.2702,293.951,14.2769],"tipVelocity":[14.4039,14.7075,-71.6781],"tool":false,"touchDistance":0.333333,"touchZone":"none","type":2,"width":18.3255},{"bases":[[[0.645803,-0.741814,-0.180697],[0.761537,0.608861,0.222146],[-0.0547716,-0.28107,0.958123]],[[0.643192,-0.752159,-0.143391],[0.336522,0.44589,-0.829419],[0.687792,0.485221,0.539911]],[[0.643192,-0.752159,-0.143391],[-0.633378,-0.417393,-0.651626],[0.430276,0.509941,-0.744864]],[[0.643192,-0.752159,-0.143391],[-0.762384,-0.646496,-0.0285304],[-0.0712426,0.12767,-0.989255]]],"btipPosition":[-7.76086,286.577,21.7811],"carpPosition":[28.7873,306.435,65.2116],"dipPosition":[-9.04489,288.878,3.95134],"direction":[-0.430276,-0.509941,0.744864],"extended":false,"handId":962,"id":9623,"length":62.1505,"mcpPosition":[32.0969,323.418,7.31677],"pipPosition":[2.45318,302.505,-15.9533],"stabilizedTipPosition":[-25.4218,294.909,137.321],"timeVisible":1.10238,"tipPosition":[-7.86104,287.134,18.473],"tipVelocity":[15.0039,19.7309,-73.3514],"tool":false,"touchDistance":0.333333,"touchZone":"none","type":3,"width":17.4379},{"bases":[[[0.500358,-0.859695,-0.102794],[0.844862,0.45883,0.275106],[-0.189342,-0.224499,0.955903]],[[0.46624,-0.883663,0.0419584],[0.474032,0.209502,-0.855221],[0.746937,0.418628,0.516562]],[[0.46624,-0.883663,0.0419584],[-0.672201,-0.384704,-0.632574],[0.575123,0.266727,-0.773363]],[[0.46624,-0.883663,0.0419584],[-0.883548,-0.467506,-0.02795],[0.0443142,-0.0240408,-0.998728]]],"btipPosition":[7.00771,287.697,21.7009],"carpPosition":[33.482,294.052,61.5913],"dipPosition":[7.74454,287.298,5.09466],"direction":[-0.575123,-0.266727,0.773363],"extended":false,"handId":962,"id":9624,"length":48.7249,"mcpPosition":[44.0728,306.609,8.12285],"pipPosition":[18.5955,292.33,-9.49659],"stabilizedTipPosition":[-10.806,298.624,133.381],"timeVisible":1.10238,"tipPosition":[7.21182,287.813,18.6166],"tipVelocity":[15.301,23.2541,-71.7748],"tool":false,"touchDistance":0.333333,"touchZone":"none","type":4,"width":15.4897}],"r":[[0.995083,-0.0569547,0.0810267],[0.0698448,0.983584,-0.