{"sensorType":"Leap","data":[[0,{"currentFrameRate":49.2352,"devices":[],"gestures":[],"hands":[{"armBasis":[[0.745952,-0.64452,-0.167778],[0.600358,0.7598,-0.249547],[0.288316,0.0854235,0.953717]],"armWidth":61.4671,"confidence":0.585493,"direction":[0.199322,0.388445,-0.899656],"elbow":[78.5885,312.302,334.412],"grabStrength":0,"id":962,"palmNormal":[-0.615034,-0.665147,-0.423454],"palmPosition":[5.7057,312.205,38.1665],"palmVelocity":[9.67674,168.323,-283.591],"palmWidth":87.7729,"pinchStrength":0.510462,"r":[[0.973228,-0.0326868,0.227506],[0.0916706,0.962902,-0.253805],[-0.21077,0.267866,0.940119]],"s":1.26852,"sphereCenter":[-11.2945,279.298,2.41779],"sphereRadius":47.9856,"stabilizedPalmPosition":[-1.07549,267.055,103.554],"t":[10.4748,-23.3366,-97.5355],"timeVisible":25.3772,"type":"right","wrist":[3.49557,290.053,86.0131]}],"id":4952565,"interactionBox":{"center":[0,200,0],"size":[235.247,235.247,147.751]},"pointables":[{"bases":[[[0.895983,0.414105,0.16041],[-0.416707,0.659102,0.62605],[0.153524,-0.627774,0.763105]],[[0.755028,0.634482,-0.165422],[-0.522018,0.734323,0.433897],[0.396773,-0.241251,0.885646]],[[0.755028,0.634482,-0.165422],[-0.613341,0.772615,0.163947],[0.231829,-0.0223242,0.9725]],[[0.755028,0.634482,-0.165422],[-0.625179,0.772672,0.110135],[0.197696,0.0202632,0.980054]]],"btipPosition":[-55.7433,311.272,-9.26249],"carpPosition":[-24.5495,299.378,87.4952],"dipPosition":[-51.2801,311.729,12.8633],"direction":[-0.231829,0.0223242,-0.9725],"extended":false,"handId":962,"id":9620,"length":50.2737,"mcpPosition":[-24.5495,299.378,87.4952],"pipPosition":[-43.6552,310.995,44.849],"stabilizedTipPosition":[-56.9306,285.802,26.5864],"timeVisible":25.3772,"tipPosition":[-54.569,313.044,-3.98359],"tipVelocity":[11.4399,184.118,-285.128],"tool":false,"touchDistance":-0.781349,"touchZone":"hovering","type":0,"width":19.534},{"bases":[[[0.785528,-0.563449,-0.255872],[0.618376,0.730475,0.289856],[0.0235893,-0.385916,0.922232]],[[0.785753,-0.581379,-0.211167],[0.582073,0.810492,-0.0655296],[0.209246,-0.0714242,0.975251]],[[0.785753,-0.581379,-0.211167],[0.509206,0.801807,-0.312754],[0.351143,0.13822,0.926064]],[[0.785753,-0.581379,-0.211167],[0.437177,0.763506,-0.475326],[0.437571,0.281172,0.854092]]],"btipPosition":[-30.7009,333.463,-56.167],"carpPosition":[-4.95588,310.972,85.3688],"dipPosition":[-23.489,338.097,-42.0903],"direction":[-0.351143,-0.13822,-0.926064],"extended":true,"handId":962,"id":9621,"length":56.7283,"mcpPosition":[-6.62998,338.36,19.9194],"pipPosition":[-15.3019,341.32,-20.4983],"stabilizedTipPosition":[-30.2969,325.621,-43.7893],"timeVisible":25.3772,"tipPosition":[-29.8059,333.38,-52.1638],"tipVelocity":[36.6305,271.463,-287.042],"tool":false,"touchDistance":-0.78956,"touchZone":"hovering","type":1,"width":18.6589},{"bases":[[[0.664488,-0.726625,-0.174562],[0.742644,0.616051,0.262602],[-0.0832738,-0.304134,0.948983]],[[0.662911,-0.731892,-0.157745],[0.381057,0.511183,-0.770381],[0.644472,0.450584,0.617761]],[[0.662911,-0.731892,-0.157745],[-0.577037,-0.365203,-0.730517],[0.47705,0.575292,-0.664426]],[[0.662911,-0.731892,-0.157745],[-0.748641,-0.650594,-0.127534],[-0.00928678,0.202638,-0.97921]]],"btipPosition":[-32.0025,285.834,25.6994],"carpPosition":[5.27624,305.77,82.3142],"dipPosition":[-32.1708,289.508,7.94874],"direction":[-0.47705,-0.575292,0.664426],"extended":false,"handId":962,"id":9622,"length":64.6373,"mcpPosition":[10.8807,326.239,18.4464],"pipPosition":[-19.0849,305.289,-10.2771],"stabilizedTipPosition":[-32.1102,252.69,64.1112],"timeVisible":25.3772,"tipPosition":[-32.0275,286.869,20.716],"tipVelocity":[-1.32411,191.107,-295.624],"tool":false,"touchDistance":0.333333,"touchZone":"none","type":2,"width":18.3255},{"bases":[[[0.587104,-0.80782,-0.052305],[0.785188,0.552554,0.279577],[-0.196946,-0.20521,0.958698]],[[0.585365,-0.809578,-0.0439461],[0.448441,0.368449,-0.814338],[0.675462,0.456978,0.578725]],[[0.585365,-0.809578,-0.0439461],[-0.59814,-0.394623,-0.697496],[0.547335,0.434576,-0.71524]],[[0.585365,-0.809578,-0.0439461],[-0.809128,-0.579874,-0.0951695],[0.0515639,0.091267,-0.994491]]],"btipPosition":[-18.9442,277.424,33.8973],"carpPosition":[13.8232,297.977,79.7327],"dipPosition":[-18.0148,279.069,15.9732],"direction":[-0.547335,-0.434576,0.71524],"extended":false,"handId":962,"id":9623,"length":62.1505,"mcpPosition":[25.7237,310.377,21.8031],"pipPosition":[-3.38862,290.682,-3.13985],"stabilizedTipPosition":[-17.3135,235.514,88.2711],"timeVisible":25.3772,"tipPosition":[-18.6894,277.872,29.3447],"tipVelocity":[-6.24088,180.976,-317.562],"tool":false,"touchDistance":0.333333,"touchZone":"none","type":3,"width":17.4379},{"bases":[[[0.422503,-0.90626,0.013535],[0.846441,0.399867,0.351631],[-0.324082,-0.137109,0.936041]],[[0.440157,-0.897055,-0.0394283],[0.517403,0.289272,-0.805367],[0.733864,0.334087,0.591464]],[[0.440157,-0.897055,-0.0394283],[-0.646391,-0.286074,-0.707347],[0.62325,0.33683,-0.705766]],[[0.440157,-0.897055,-0.0394283],[-0.892389,-0.432156,-0.129936],[0.0995205,0.0923775,-0.990738]]],"btipPosition":[-2.63331,273.377,34.7485],"carpPosition":[17.6843,284.995,77.491],"dipPosition":[-0.978545,274.913,18.2752],"direction":[-0.62325,-0.33683,0.705766],"extended":false,"handId":962,"id":9624,"length":48.7249,"mcpPosition":[35.8119,292.664,25.1335],"pipPosition":[10.7805,281.268,4.95929],"stabilizedTipPosition":[-0.32246,228.914,95.8674],"timeVisible":25.3772,"tipPosition":[-2.19314,273.826,29.9296],"tipVelocity":[-5.7706,174.652,-305.117],"tool":false,"touchDistance":0.333333,"touchZone":"none","type":4,"width":15.4897}],"r":[[0.973228,-0.0326868,0.227506],[0.0916706,0.962902,-0.253805],[-0.21077,0.267866,0.940119]],"s":1.26852,"t":[10.4748,-23.3366,-97.5355],"timestamp":669158046231},false],[1,{"currentFrameRate":49.5869,"devices":[],"gestures":[],"hands":[{"armBasis":[[0.752119,-0.635955,-0.172853],[0.593986,0.767774,-0.240214],[0.285478,0.0779973,0.955206]],"armWidth":61.4671,"confidence":0.595187,"direction":[0.194723,0.396355,-0.89721],"elbow":[78.2949,313.425,330.738],"grabStrength":0,"id":962,"palmNormal":[-0.609038,-0.668164,-0.427352],"palmPosition":[5.89262,315.602,34.2521],"palmVelocity":[9.80312,174.319,-246.668],"palmWidth":87.7729,"pinchStrength":0.525278,"r":[[0.972907,-0.0452309,0.226728],[0.101684,0.964446,-0.243934],[-0.207633,0.26038,0.942916]],"s":1.27032,"sphereCenter":[-10.97,283.119,-1.70054],"sphereRadius":47.8728,"stabilizedPalmPosition":[-0.917097,268.158,101.979],"t":[10.6832,-19.9126,-102.37],"timeVisible":25.396,"type":"right","wrist":[3.94103,293.11,81.951]}],"id":4952566,"interactionBox":{"center":[0,200,0],"size":[235.247,235.247,147.751]},"pointables":[{"bases":[[[0.892127,0.421596,0.162378],[-0.422402,0.650867,0.630831],[0.16027,-0.63137,0.758739]],[[0.746785,0.644335,-0.164756],[-0.530101,0.726284,0.437611],[0.401628,-0.239464,0.883941]],[[0.746785,0.644335,-0.164756],[-0.623385,0.764484,0.16418],[0.23174,-0.0199009,0.972574]],[[0.746785,0.644335,-0.164756],[-0.636852,0.764204,0.102039],[0.191654,0.0287238,0.981042]]],"btipPosition":[-55.4789,313.693,-13.1795],"carpPosition":[-24.1907,302.156,83.5209],"dipPosition":[-51.1521,314.342,8.96867],"direction":[-0.23174,0.0199009,-0.972574],"extended":false,"handId":962,"id":9620,"length":50.2737,"mcpPosition":[-24.1907,302.156,83.5209],"pipPosition":[-43.5302,313.687,40.9567],"stabilizedTipPosition":[-56.7311,288.088,23.7598],"timeVisible":25.396,"tipPosition":[-54.3893,315.541,-7.88438],"tipVelocity":[11.9013,158.164,-247.388],"tool":false,"touchDistance":-0.790225,"touchZone":"hovering","type":0,"width":19.534},{"bases":[[[0.790646,-0.554162,-0.260352],[0.611625,0.734415,0.294192],[0.0281761,-0.39184,0.919602]],[[0.791089,-0.572267,-0.216077],[0.575835,0.815873,-0.0525762],[0.206379,-0.0828323,0.97496]],[[0.791089,-0.572267,-0.216077],[0.507825,0.811338,-0.28956],[0.341017,0.119338,0.932452]],[[0.791089,-0.572267,-0.216077],[0.440854,0.778265,-0.447158],[0.424059,0.258483,0.867963]]],"btipPosition":[-30.204,338.15,-60.26],"carpPosition":[-4.71116,313.952,81.4546],"dipPosition":[-23.2149,342.41,-45.9546],"direction":[-0.341017,-0.119338,-0.932452],"extended":true,"handId":962,"id":9621,"length":56.7283,"mcpPosition":[-6.71077,341.76,16.1919],"pipPosition":[-15.2638,345.193,-24.2137],"stabilizedTipPosition":[-29.7408,330.039,-48.0999],"timeVisible":25.396,"tipPosition":[-29.4147,337.836,-56.2072],"tipVelocity":[30.3026,258.3,-251.705],"tool":false,"touchDistance":-0.799543,"touchZone":"hovering","type":1,"width":18.6589},{"bases":[[[0.671254,-0.719032,-0.180029],[0.736958,0.621373,0.26606],[-0.0794402,-0.311268,0.946996]],[[0.669719,-0.724506,-0.162994],[0.378496,0.521858,-0.764463],[0.638918,0.450283,0.623722]],[[0.669719,-0.724506,-0.162994],[-0.571703,-0.36293,-0.735824],[0.473954,0.58598,-0.657264]],[[0.669719,-0.724506,-0.162994],[-0.742557,-0.656073,-0.134826],[-0.00925376,0.211328,-0.977371]]],"btipPosition":[-31.6267,288.976,21.368],"carpPosition":[5.5674,308.869,78.356],"dipPosition":[-31.7945,292.807,3.65065],"direction":[-0.473954,-0.58598,0.657264],"extended":false,"handId":962,"id":9622,"length":64.6373,"mcpPosition":[10.9138,329.817,14.622],"pipPosition":[-18.7935,308.881,-14.3787],"stabilizedTipPosition":[-32.0792,255.279,60.8505],"timeVisible":25.396,"tipPosition":[-31.637,290.029,16.5627],"tipVelocity":[9.08948,180.257,-263.455],"tool":false,"touchDistance":0.333333,"touchZone":"none","type":2,"width":18.3255},{"bases":[[[0.59477,-0.801783,-0.0582497],[0.780125,0.558175,0.28257],[-0.194046,-0.213506,0.957476]],[[0.592962,-0.803711,-0.0494493],[0.449155,0.381097,-0.8081],[0.668324,0.456962,0.586966]],[[0.592962,-0.803711,-0.0494493],[-0.590675,-0.392408,-0.705066],[0.547265,0.447286,-0.707415]],[[0.592962,-0.803711,-0.0494493],[-0.803398,-0.586355,-0.103628],[0.0542918,0.101175,-0.993386]]],"btipPosition":[-18.4961,280.605,29.3688],"carpPosition":[14.1861,301.175,75.7146],"dipPosition":[-17.5176,282.429,11.4646],"direction":[-0.547265,-0.447286,0.707415],"extended":false,"handId":962,"id":9623,"length":62.1505,"mcpPosition":[25.9115,314.077,17.8588],"pipPosition":[-2.89323,294.382,-7.43935],"stabilizedTipPosition":[-17.3466,237.085,86.096],"timeVisible":25.396,"tipPosition":[-18.2116,281.094,25.01],"tipVelocity":[8.74598,176.247,-279.87],"tool":false,"touchDistance":0.333333,"touchZone":"none","type":3,"width":17.4379},{"bases":[[[0.431184,-0.902236,0.00707664],[0.842908,0.405603,0.353544],[-0.32185,-0.146477,0.935391]],[[0.44857,-0.892592,-0.0454419],[0.514034,0.299252,-0.803877],[0.731132,0.337237,0.593058]],[[0.44857,-0.892592,-0.0454419],[-0.644122,-0.287618,-0.70879],[0.61959,0.347212,-0.703954]],[[0.44857,-0.892592,-0.0454419],[-0.888353,-0.439708,-0.132237],[0.0980524,0.099686,-0.990176]]],"btipPosition":[-2.08641,276.728,30.5784],"carpPosition":[18.1694,288.246,73.3825],"dipPosition":[-0.456056,278.385,14.1144],"direction":[-0.61959,-0.347212,0.703954],"extended":false,"handId":962,"id":9624,"length":48.7249,"mcpPosition":[36.1721,296.439,21.0613],"pipPosition":[11.2339,284.936,0.832679],"stabilizedTipPosition":[-0.358005,230.147,94.0997],"timeVisible":25.396,"tipPosition":[-1.65149,277.207,25.7784],"tipVelocity":[11.114,177.048,-264.261],"tool":false,"touchDistance":0.333333,"touchZone":"none","type":4,"width":15.4897}],"r":[[0.972907,-0.0452309,0.226728],[0.101684,0.964446,-0.243934],[-0.207633,0.26038,0.942916]],"s":1.27032,"t":[10.6832,-19.9126,-102.37],"timestamp":669158065045},false],[2,{"currentFrameRate":49.8787,"devices":[],"gestures":[],"hands":[{"armBasis":[[0.746619,-0.642713,-0.171698],[0.599995,0.762045,-0.243504],[0.287345,0.0787864,0.954581]],"armWidth":61.4671,"confidence":0.572396,"direction":[0.200155,0.392984,-0.897497],"elbow":[78.377,315.516,327.692],"grabStrength":0,"id":962,"palmNormal":[-0.613385,-0.664044,-0.427556],"palmPosition":[5.7892,317.376,31.3297],"palmVelocity":[2.30798,134.737,-201.344],"palmWidth":87.7729,"pinchStrength":0.536661,"r":[[0.972355,-0.0567456,0.226507],[0.111391,0.96526,-0.23636],[-0.205225,0.255056,0.944896]],"s":1.27205,"sphereCenter":[-11.5081,285.411,-4.61022],"sphereRadius":47.7426,"stabilizedPalmPosition":[-0.767189,269.258,100.4],"t":[10.7357,-17.3136,-106.249],"timeVisible":25.4149,"type":"right","wrist":[3.537,294.995,79.0676]}],"id":4952567,"interactionBox":{"center":[0,200,0],"size":[235.247,235.247,147.751]},"pointables":[{"bases":[[[0.895117,0.414662,0.163772],[-0.418662,0.655523,0.6285],[0.153259,-0.631146,0.760372]],[[0.751353,0.638753,-0.165719],[-0.525842,0.731255,0.434462],[0.398697,-0.239292,0.885314]],[[0.751353,0.638753,-0.165719],[-0.618786,0.769219,0.159392],[0.229287,-0.0172154,0.973207]],[[0.751353,0.638753,-0.165719],[-0.632714,0.768652,0.094057],[0.187459,0.0341827,0.981677]]],"btipPosition":[-55.4958,315.59,-16.2519],"carpPosition":[-24.5242,304.272,80.5497],"dipPosition":[-51.2637,316.361,5.91057],"direction":[-0.229287,0.0172154,-0.973207],"extended":false,"handId":962,"id":9620,"length":50.2737,"mcpPosition":[-24.5242,304.272,80.5497],"pipPosition":[-43.7225,315.795,37.9194],"stabilizedTipPosition":[-56.5905,289.851,21.5361],"timeVisible":25.4149,"tipPosition":[-54.4115,317.423,-10.9711],"tipVelocity":[5.05472,130.423,-205.515],"tool":false,"touchDistance":-0.785573,"touchZone":"hovering","type":0,"width":19.534},{"bases":[[[0.786761,-0.561076,-0.257296],[0.61684,0.730008,0.294274],[0.0227175,-0.390233,0.920436]],[[0.786965,-0.57865,-0.214127],[0.584033,0.810541,-0.0439303],[0.198979,-0.0904856,0.975817]],[[0.786965,-0.57865,-0.214127],[0.521215,0.809198,-0.271171],[0.330184,0.101796,0.938411]],[[0.786965,-0.57865,-0.214127],[0.458891,0.780912,-0.423786],[0.412438,0.235243,0.880088]]],"btipPosition":[-29.2991,341.099,-63.6393],"carpPosition":[-4.94438,315.905,78.5088],"dipPosition":[-22.5015,344.976,-49.1341],"direction":[-0.330184,-0.101796,-0.938411],"extended":true,"handId":962,"id":9621,"length":56.7283,"mcpPosition":[-6.5566,343.599,13.1869],"pipPosition":[-14.803,347.35,-27.2543],"stabilizedTipPosition":[-29.1425,333.605,-51.7411],"timeVisible":25.4149,"tipPosition":[-28.6127,340.579,-59.55],"tipVelocity":[37.7501,205.666,-214.565],"tool":false,"touchDistance":-0.797922,"touchZone":"hovering","type":1,"width":18.6589},{"bases":[[[0.665835,-0.724812,-0.176947],[0.74132,0.615897,0.266675],[-0.0843083,-0.308736,0.947404]],[[0.664177,-0.730354,-0.159536],[0.389449,0.520192,-0.760086],[0.638121,0.4427,0.629935]],[[0.664177,-0.730354,-0.159536],[-0.56888,-0.355317,-0.741705],[0.485021,0.58338,-0.651477]],[[0.664177,-0.730354,-0.159536],[-0.747575,-0.649081,-0.140801],[-0.000717239,0.212782,-0.977099]]],"btipPosition":[-31.9876,291.068,17.9778],"carpPosition":[5.30019,310.733,75.4457],"dipPosition":[-32.0006,294.925,0.265345],"direction":[-0.485021,-0.58338,0.651477],"extended":false,"handId":962,"id":9622,"length":64.6373,"mcpPosition":[10.9742,331.511,11.6843],"pipPosition":[-18.696,310.927,-17.6053],"stabilizedTipPosition":[-32.0741,257.394,58.1427],"timeVisible":25.4149,"tipPosition":[-31.9368,292.093,13.4002],"tipVelocity":[-3.80876,146.148,-221.991],"tool":false,"touchDistance":0.333333,"touchZone":"none","type":2,"width":18.3255},{"bases":[[[0.58838,-0.806698,-0.0551966],[0.783931,0.552383,0.283417],[-0.198142,-0.210027,0.957407]],[[0.58639,-0.808738,-0.0457167],[0.459925,0.378874,-0.803071],[0.666795,0.449887,0.594127]],[[0.58639,-0.808738,-0.0457167],[-0.587151,-0.385488,-0.711796],[0.558033,0.444232,-0.700897]],[[0.58639,-0.808738,-0.0457167],[-0.807593,-0.579321,-0.110365],[0.0627714,0.101637,-0.992839]]],"btipPosition":[-18.9467,282.563,26.0067],"carpPosition":[13.8627,302.965,72.8409],"dipPosition":[-17.8154,284.395,8.11232],"direction":[-0.558033,-0.444232,0.700897],"extended":false,"handId":962,"id":9623,"length":62.1505,"mcpPosition":[25.8355,315.656,14.9893],"pipPosition":[-2.9033,296.266,-10.6175],"stabilizedTipPosition":[-17.3868,238.461,84.1715],"timeVisible":25.4149,"tipPosition":[-18.6064,283.046,21.838],"tipVelocity":[-6.32308,140.521,-229.588],"tool":false,"touchDistance":0.333333,"touchZone":"none","type":3,"width":17.4379},{"bases":[[[0.423823,-0.905691,0.009919],[0.845297,0.399447,0.354846],[-0.325342,-0.142007,0.934872]],[[0.441077,-0.896508,-0.0415203],[0.519694,0.292857,-0.802591],[0.731689,0.332427,0.595083]],[[0.441077,-0.896508,-0.0415203],[-0.64363,-0.283743,-0.710796],[0.625453,0.340239,-0.702172]],[[0.441077,-0.896508,-0.0415203],[-0.891566,-0.432409,-0.134656],[0.102766,0.0964116,-0.990022]]],"btipPosition":[-2.52192,278.58,27.6637],"carpPosition":[17.7466,289.998,70.5441],"dipPosition":[-0.813194,280.183,11.2023],"direction":[-0.625453,-0.340239,0.702172],"extended":false,"handId":962,"id":9624,"length":48.7249,"mcpPosition":[35.9446,297.942,18.2519],"pipPosition":[10.9874,286.603,-2.04578],"stabilizedTipPosition":[-0.401365,231.342,92.3803],"timeVisible":25.4149,"tipPosition":[-2.05947,279.035,22.9166],"tipVelocity":[-5.16969,137.845,-210.081],"tool":false,"touchDistance":0.333333,"touchZone":"none","type":4,"width":15.4897}],"r":[[0.972355,-0.0567456,0.226507],[0.111391,0.96526,-0.23636],[-0.205225,0.255056,0.944896]],"s":1.27205,"t":[10.7357,-17.3136,-106.249],"timestamp":669158083978},false],[3,{"currentFrameRate":50.1571,"devices":[],"gestures":[],"hands":[{"armBasis":[[0.748785,-0.637184,-0.182531],[0.596877,0.767966,-0.232307],[0.2882,0.0649989,0.955362]],"armWidth":61.4671,"confidence":0.588518,"direction":[0.196658,0.403221,-0.893722],"elbow":[78.6236,313.279,324.745],"grabStrength":0,"id":962,"palmNormal":[-0.610858,-0.662607,-0.433364],"palmPosition":[5.61986,319.233,28.4096],"palmVelocity":[-3.2182,116.918,-178.474],"palmWidth":87.7729,"pinchStrength":0.543633,"r":[[0.97197,-0.0654613,0.225809],[0.118132,0.96639,-0.228332],[-0.203273,0.248607,0.947035]],"s":1.27392,"sphereCenter":[-11.8966,288.091,-7.78853],"sphereRadius":47.5601,"stabilizedPalmPosition":[-0.633418,270.305,98.8921],"t":[10.6772,-15.0856,-109.649],"timeVisible":25.4338,"type":"right","wrist":[3.56081,296.349,75.9172]}],"id":4952568,"interactionBox":{"center":[0,200,0],"size":[235.247,235.247,147.751]},"pointables":[{"bases":[[[0.893352,0.417357,0.166539],[-0.420783,0.646919,0.635954],[0.157683,-0.638207,0.753543]],[[0.747305,0.644614,-0.161269],[-0.529004,0.724021,0.44266],[0.402107,-0.24549,0.882068]],[[0.747305,0.644614,-0.161269],[-0.623122,0.764126,0.166826],[0.230768,-0.0241791,0.972708]],[[0.747305,0.644614,-0.161269],[-0.637557,0.763973,0.0993258],[0.187232,0.0285917,0.9819]]],"btipPosition":[-55.7225,317.443,-19.0913],"carpPosition":[-24.543,305.472,77.5426],"dipPosition":[-51.4955,318.089,3.07617],"direction":[-0.230768,0.0241791,-0.972708],"extended":false,"handId":962,"id":9620,"length":50.2737,"mcpPosition":[-24.543,305.472,77.5426],"pipPosition":[-43.9055,317.293,35.0686],"stabilizedTipPosition":[-56.4976,291.251,19.7422],"timeVisible":25.4338,"tipPosition":[-54.6553,319.209,-13.8016],"tipVelocity":[-3.3355,113.869,-178.478],"tool":false,"touchDistance":-0.777923,"touchZone":"hovering","type":0,"width":19.534},{"bases":[[[0.78906,-0.5545,-0.264415],[0.613756,0.729961,0.300766],[0.0262377,-0.399609,0.91631]],[[0.78944,-0.571941,-0.222861],[0.581165,0.813286,-0.0285228],[0.197563,-0.107002,0.974433]],[[0.78944,-0.571941,-0.222861],[0.521731,0.816488,-0.247273],[0.323389,0.0789338,0.942968]],[[0.78944,-0.571941,-0.222861],[0.462961,0.793181,-0.395641],[0.403052,0.209159,0.890955]]],"btipPosition":[-29.2569,344.728,-66.4942],"carpPosition":[-5.0242,317.222,75.5891],"dipPosition":[-22.614,348.176,-51.8099],"direction":[-0.323389,-0.0789338,-0.942968],"extended":true,"handId":962,"id":9621,"length":56.7283,"mcpPosition":[-6.88625,345.582,10.56],"pipPosition":[-15.0739,350.016,-29.8239],"stabilizedTipPosition":[-28.7356,337.035,-55.0158],"timeVisible":25.4338,"tipPosition":[-28.617,344.012,-62.4037],"tipVelocity":[19.424,196.526,-182.457],"tool":false,"touchDistance":-0.78867,"touchZone":"hovering","type":1,"width":18.6589},{"bases":[[[0.669081,-0.719652,-0.18556],[0.738747,0.616757,0.271778],[-0.0811402,-0.318923,0.944301]],[[0.667458,-0.725452,-0.167987],[0.388191,0.531496,-0.752874],[0.635458,0.437301,0.636365]],[[0.667458,-0.725452,-0.167987],[-0.566219,-0.347925,-0.747224],[0.483628,0.593858,-0.64299]],[[0.667458,-0.725452,-0.167987],[-0.744647,-0.650536,-0.149346],[-0.000938257,0.224773,-0.974411]]],"btipPosition":[-32.0946,292.899,14.6157],"carpPosition":[5.24032,312.132,72.4554],"dipPosition":[-32.1117,296.973,-3.04799],"direction":[-0.483628,-0.593858,0.64299],"extended":false,"handId":962,"id":9622,"length":64.6373,"mcpPosition":[10.7012,333.596,8.90272],"pipPosition":[-18.8452,313.263,-20.6858],"stabilizedTipPosition":[-32.0752,259.051,55.9784],"timeVisible":25.4338,"tipPosition":[-32.0358,293.96,10.176],"tipVelocity":[-4.74508,123.358,-200.186],"tool":false,"touchDistance":0.333333,"touchZone":"none","type":2,"width":18.3255},{"bases":[[[0.592241,-0.803173,-0.064532],[0.781699,0.553284,0.28779],[-0.19544,-0.220886,0.955517]],[[0.5902,-0.805402,-0.0547013],[0.457579,0.3896,-0.799271],[0.665046,0.446699,0.598477]],[[0.5902,-0.805402,-0.0547013],[-0.585599,-0.380517,-0.715738],[0.555642,0.454461,-0.696224]],[[0.5902,-0.805402,-0.0547013],[-0.804895,-0.58194,-0.116147],[0.0617121,0.112579,-0.991725]]],"btipPosition":[-18.978,284.355,22.7033],"carpPosition":[13.8363,304.434,69.7559],"dipPosition":[-17.8657,286.384,4.8291],"direction":[-0.555642,-0.454461,0.696224],"extended":false,"handId":962,"id":9623,"length":62.1505,"mcpPosition":[25.6459,317.781,12.0185],"pipPosition":[-3.01752,298.528,-13.7758],"stabilizedTipPosition":[-17.4201,239.62,82.5322],"timeVisible":25.4338,"tipPosition":[-18.6382,284.881,18.567],"tipVelocity":[-4.14941,119.35,-202.706],"tool":false,"touchDistance":0.333333,"touchZone":"none","type":3,"width":17.4379},{"bases":[[[0.428285,-0.903644,-0.000165842],[0.84394,0.399923,0.357529],[-0.323012,-0.153264,0.933902]],[[0.444734,-0.894297,-0.0494468],[0.522464,0.30387,-0.796677],[0.727491,0.328475,0.602379]],[[0.444734,-0.894297,-0.0494468],[-0.638656,-0.27793,-0.717547],[0.627957,0.350697,-0.694753]],[[0.444734,-0.894297,-0.0494468],[-0.889373,-0.434406,-0.142507],[0.105963,0.107354,-0.988558]]],"btipPosition":[-2.57614,280.478,24.0792],"carpPosition":[17.7799,291.511,67.3184],"dipPosition":[-0.814247,282.263,7.64211],"direction":[-0.627957,-0.350697,0.694753],"extended":false,"handId":962,"id":9624,"length":48.7249,"mcpPosition":[35.8476,300.084,15.0806],"pipPosition":[11.0336,288.88,-5.46599],"stabilizedTipPosition":[-0.439122,232.399,90.8423],"timeVisible":25.4338,"tipPosition":[-2.08586,280.962,19.5138],"tipVelocity":[-3.72629,120.646,-200.031],"tool":false,"touchDistance":0.333333,"touchZone":"none","type":4,"width":15.4897}],"r":[[0.97197,-0.0654613,0.225809],[0.118132,0.96639,-0.228332],[-0.203273,0.248607,0.947035]],"s":1.27392,"t":[10.6772,-15.0856,-109.649],"timestamp":669158102857},false],[4,{"currentFrameRate":50.3864,"devices":[],"gestures":[],"hands":[{"armBasis":[[0.754775,-0.630256,-0.18191],[0.590245,0.7735,-0.230888],[0.286226,0.0668974,0.955824]],"armWidth":61.4671,"confidence":0.603642,"direction":[0.1956,0.404751,-0.893262],"elbow":[78.3122,315.218,323.152],"grabStrength":0,"id":962,"palmNormal":[-0.603188,-0.668533,-0.435004],"palmPosition":[5.75308,320.68,26.6943],"palmVelocity":[1.81669,96.9039,-135.146],"palmWidth":87.7729,"pinchStrength":0.551886,"r":[[0.971614,-0.0705639,0.225804],[0.121831,0.967427,-0.221906],[-0.20279,0.243117,0.948562]],"s":1.27506,"sphereCenter":[-11.5582,289.627,-9.57666],"sphereRadius":47.4846,"stabilizedPalmPosition":[-0.498953,271.366,97.372],"t":[10.7146,-13.2482,-112.206],"timeVisible":25.4528,"type":"right","wrist":[3.76358,297.795,74.2041]}],"id":4952569,"interactionBox":{"center":[0,200,0],"size":[235.247,235.247,147.751]},"pointables":[{"bases":[[[0.888826,0.425881,0.169153],[-0.428883,0.643121,0.634392],[0.16139,-0.636412,0.754277]],[[0.741294,0.651901,-0.159716],[-0.537431,0.719069,0.440578],[0.40206,-0.240761,0.883392]],[[0.741294,0.651901,-0.159716],[-0.631161,0.75801,0.164489],[0.228297,-0.0211281,0.973362]],[[0.741294,0.651901,-0.159716],[-0.645655,0.757619,0.0956204],[0.183339,0.0322389,0.982521]]],"btipPosition":[-55.4385,318.211,-20.9946],"carpPosition":[-24.4305,306.651,75.7387],"dipPosition":[-51.2995,318.939,1.18696],"direction":[-0.228297,0.0211281,-0.973362],"extended":false,"handId":962,"id":9620,"length":50.2737,"mcpPosition":[-24.4305,306.651,75.7387],"pipPosition":[-43.7907,318.244,33.2009],"stabilizedTipPosition":[-56.4234,292.251,18.4286],"timeVisible":25.4528,"tipPosition":[-54.4027,319.958,-15.7103],"tipVelocity":[5.13933,78.2589,-139.935],"tool":false,"touchDistance":-0.756964,"touchZone":"hovering","type":0,"width":19.534},{"bases":[[[0.795108,-0.547076,-0.261746],[0.605859,0.735864,0.30239],[0.0271795,-0.399014,0.916542]],[[0.795538,-0.563908,-0.221647],[0.574129,0.818478,-0.0216815],[0.19364,-0.110005,0.974886]],[[0.795538,-0.563908,-0.221647],[0.517903,0.822728,-0.234297],[0.314477,0.0716002,0.946561]],[[0.795538,-0.563908,-0.221647],[0.462373,0.801419,-0.379393],[0.391575,0.199338,0.898295]]],"btipPosition":[-28.7582,346.506,-68.482],"carpPosition":[-5.01815,318.585,73.8413],"dipPosition":[-22.3044,349.791,-53.6767],"direction":[-0.314477,-0.0716002,-0.946561],"extended":true,"handId":962,"id":9621,"length":56.7283,"mcpPosition":[-6.94704,346.902,8.7957],"pipPosition":[-14.9721,351.461,-31.6069],"stabilizedTipPosition":[-28.3516,339.722,-57.659],"timeVisible":25.4528,"tipPosition":[-28.1329,345.719,-64.4041],"tipVelocity":[21.6672,144.972,-143.51],"tool":false,"touchDistance":-0.767535,"touchZone":"hovering","type":1,"width":18.6589},{"bases":[[[0.676457,-0.713332,-0.183201],[0.732009,0.623841,0.273834],[-0.0810463,-0.319342,0.944167]],[[0.674826,-0.719171,-0.165538],[0.389734,0.537783,-0.747594],[0.626671,0.43998,0.643196]],[[0.674826,-0.719171,-0.165538],[-0.556871,-0.349048,-0.753698],[0.484257,0.600798,-0.636032]],[[0.674826,-0.719171,-0.165538],[-0.737965,-0.656362,-0.156831],[0.00413546,0.227995,-0.973653]]],"btipPosition":[-31.738,294.013,12.3886],"carpPosition":[5.30393,313.591,70.7414],"dipPosition":[-31.663,298.146,-5.2614],"direction":[-0.484257,-0.600798,0.636032],"extended":false,"handId":962,"id":9622,"length":64.6373,"mcpPosition":[10.7584,335.083,7.19777],"pipPosition":[-18.3794,314.626,-22.7084],"stabilizedTipPosition":[-32.0629,260.295,54.3283],"timeVisible":25.4528,"tipPosition":[-31.6399,295.063,8.13603],"tipVelocity":[7.37881,91.9026,-159.362],"tool":false,"touchDistance":0.333333,"touchZone":"none","type":2,"width":18.3255},{"bases":[[[0.600038,-0.797535,-0.0623802],[0.775511,0.560785,0.290004],[-0.196307,-0.22239,0.95499]],[[0.597923,-0.799848,-0.052253],[0.465279,0.399422,-0.789922],[0.652689,0.448001,0.610977]],[[0.597923,-0.799848,-0.052253],[-0.57128,-0.379516,-0.727741],[0.562252,0.464985,-0.683859]],[[0.597923,-0.799848,-0.052253],[-0.798258,-0.588295,-0.129201],[0.0726011,0.118964,-0.990241]]],"btipPosition":[-18.6213,285.533,20.155],"carpPosition":[13.981,305.974,68.0717],"dipPosition":[-17.3127,287.677,2.30751],"direction":[-0.562252,-0.464985,0.683859],"extended":false,"handId":962,"id":9623,"length":62.1505,"mcpPosition":[25.8429,319.412,10.3661],"pipPosition":[-2.28793,300.103,-15.9669],"stabilizedTipPosition":[-17.4379,240.536,81.2196],"timeVisible":25.4528,"tipPosition":[-18.2029,286.09,16.3033],"tipVelocity":[8.30471,91.8805,-168.888],"tool":false,"touchDistance":0.333333,"touchZone":"none","type":3,"width":17.4379},{"bases":[[[0.436844,-0.899536,0.00151496],[0.838988,0.408047,0.359995],[-0.324447,-0.155991,0.932953]],[[0.453057,-0.890253,-0.0467913],[0.523055,0.307957,-0.794718],[0.721909,0.335578,0.605173]],[[0.453057,-0.890253,-0.0467913],[-0.632843,-0.284204,-0.720235],[0.627893,0.355919,-0.692151]],[[0.453057,-0.890253,-0.0467913],[-0.884751,-0.442579,-0.146081],[0.10934,0.107581,-0.988165]]],"btipPosition":[-2.08568,281.863,22.3145],"carpPosition":[18.0546,293.088,65.6515],"dipPosition":[-0.267643,283.652,5.88386],"direction":[-0.627893,-0.355919,0.692151],"extended":false,"handId":962,"id":9624,"length":48.7249,"mcpPosition":[36.2026,301.814,13.4667],"pipPosition":[11.579,290.368,-7.17514],"stabilizedTipPosition":[-0.463965,233.408,89.38],"timeVisible":25.4528,"tipPosition":[-1.57588,282.341,17.793],"tipVelocity":[11.151,97.2288,-147.345],"tool":false,"touchDistance":0.333333,"touchZone":"none","type":4,"width":15.4897}],"r":[[0.971614,-0.0705639,0.225804],[0.121831,0.967427,-0.221906],[-0.20279,0.243117,0.948562]],"s":1.27506,"t":[10.7146,-13.2482,-112.206],"timestamp":669158121836},false],[5,{"currentFrameRate":50.6655,"devices":[],"gestures":[],"hands":[{"armBasis":[[0.75338,-0.632202,-0.180939],[0.59277,0.772028,-0.229342],[0.28468,0.0655265,0.956381]],"armWidth":61.4671,"confidence":0.605682,"direction":[0.196002,0.400813,-0.894948],"elbow":[77.4614,317.178,320.5],"grabStrength":0,"id":962,"palmNormal":[-0.604621,-0.669126,-0.432093],"palmPosition":[5.32889,322.803,23.8052],"palmVelocity":[-10.1108,105.046,-144.618],"palmWidth":87.7729,"pinchStrength":0.554341,"r":[[0.971306,-0.0748313,0.225754],[0.125138,0.967996,-0.217543],[-0.202249,0.239551,0.949584]],"s":1.2757,"sphereCenter":[-12.2806,291.965,-12.3406],"sphereRadius":47.3633,"stabilizedPalmPosition":[-0.376054,272.45,95.8206],"t":[10.5212,-11.2677,-114.929],"timeVisible":25.4715,"type":"right","wrist":[3.31545,300.112,71.4068]}],"id":4952570,"interactionBox":{"center":[0,200,0],"size":[235.247,235.247,147.751]},"pointables":[{"bases":[[[0.889695,0.424877,0.1671],[-0.427416,0.646456,0.631989],[0.160495,-0.633699,0.756748]],[[0.741953,0.650249,-0.163349],[-0.536377,0.721868,0.437272],[0.402252,-0.236819,0.88437]],[[0.741953,0.650249,-0.163349],[-0.630325,0.759549,0.160547],[0.228467,-0.0161556,0.973418]],[[0.741953,0.650249,-0.163349],[-0.645162,0.758736,0.0899176],[0.182407,0.0386717,0.982462]]],"btipPosition":[-55.8631,320.089,-23.8637],"carpPosition":[-24.8613,309.027,72.9171],"dipPosition":[-51.7451,320.962,-1.68354],"direction":[-0.228467,0.0161556,-0.973418],"extended":false,"handId":962,"id":9620,"length":50.2737,"mcpPosition":[-24.8613,309.027,72.9171],"pipPosition":[-44.2308,320.43,30.3323],"stabilizedTipPosition":[-56.3786,293.085,17.3222],"timeVisible":25.4715,"tipPosition":[-54.8392,321.841,-18.59],"tipVelocity":[-8.54035,89.9411,-146.565],"tool":false,"touchDistance":-0.752643,"touchZone":"hovering","type":0,"width":19.534},{"bases":[[[0.793971,-0.549614,-0.259875],[0.607365,0.735922,0.29921],[0.0267975,-0.395403,0.918117]],[[0.794397,-0.565657,-0.221282],[0.57625,0.817033,-0.0198348],[0.192014,-0.111757,0.975008]],[[0.794397,-0.565657,-0.221282],[0.52263,0.822192,-0.225519],[0.309503,0.0635028,0.948776]],[[0.794397,-0.565657,-0.221282],[0.469737,0.803095,-0.366585],[0.385072,0.18727,0.903687]]],"btipPosition":[-28.8496,349.042,-71.6162],"carpPosition":[-5.42727,320.916,70.9644],"dipPosition":[-22.5031,352.129,-56.7221],"direction":[-0.309503,-0.0635028,-0.948776],"extended":true,"handId":962,"id":9621,"length":56.7283,"mcpPosition":[-7.32904,348.978,5.80704],"pipPosition":[-15.2868,353.609,-34.6006],"stabilizedTipPosition":[-28.1391,341.938,-59.9859],"timeVisible":25.4715,"tipPosition":[-28.2434,348.175,-67.5412],"tipVelocity":[8.10313,139.279,-154.762],"tool":false,"touchDistance":-0.765822,"touchZone":"hovering","type":1,"width":18.6589},{"bases":[[[0.675039,-0.715331,-0.180619],[0.733292,0.623549,0.271052],[-0.0812669,-0.315417,0.945467]],[[0.673401,-0.721105,-0.162905],[0.390513,0.534076,-0.749842],[0.627719,0.441328,0.641248]],[[0.673401,-0.721105,-0.162905],[-0.557694,-0.35086,-0.752246],[0.485292,0.597415,-0.638426]],[[0.673401,-0.721105,-0.162905],[-0.739264,-0.655517,-0.154228],[0.00442789,0.224287,-0.974513]]],"btipPosition":[-32.2253,296.146,9.61193],"carpPosition":[4.88414,315.892,67.8804],"dipPosition":[-32.1451,300.212,-8.05364],"direction":[-0.485292,-0.597415,0.638426],"extended":false,"handId":962,"id":9622,"length":64.6373,"mcpPosition":[10.3535,337.12,4.24931],"pipPosition":[-18.833,316.599,-25.5663],"stabilizedTipPosition":[-32.0673,261.407,52.8542],"timeVisible":25.4715,"tipPosition":[-32.1253,297.179,5.36306],"tipVelocity":[-8.86621,102.335,-154.217],"tool":false,"touchDistance":0.333333,"touchZone":"none","type":2,"width":18.3255},{"bases":[[[0.59851,-0.798908,-0.059433],[0.776683,0.560476,0.287456],[-0.19634,-0.218206,0.955948]],[[0.596326,-0.801247,-0.0489693],[0.476707,0.402549,-0.781476],[0.645868,0.44267,0.622011]],[[0.596326,-0.801247,-0.0489693],[-0.562029,-0.373175,-0.738149],[0.573166,0.467699,-0.672858]],[[0.596326,-0.801247,-0.0489693],[-0.798489,-0.58579,-0.138802],[0.0825287,0.121872,-0.989109]]],"btipPosition":[-19.2311,287.659,16.4732],"carpPosition":[13.5458,308.247,65.2376],"dipPosition":[-17.7436,289.855,-1.3539],"direction":[-0.573166,-0.467699,0.672858],"extended":false,"handId":962,"id":9623,"length":62.1505,"mcpPosition":[25.4097,321.432,7.47421],"pipPosition":[-2.42715,302.353,-19.3344],"stabilizedTipPosition":[-17.4618,241.321,80.0847],"timeVisible":25.4715,"tipPosition":[-18.7472,288.225,12.9203],"tipVelocity":[-10.5401,102.826,-182.46],"tool":false,"touchDistance":0.333333,"touchZone":"none","type":3,"width":17.4379},{"bases":[[[0.43515,-0.900344,0.00493345],[0.8399,0.407899,0.358032],[-0.324364,-0.151654,0.933696]],[[0.450758,-0.891679,-0.0415517],[0.527949,0.303843,-0.793064],[0.719783,0.335542,0.60772]],[[0.450758,-0.891679,-0.0415517],[-0.629515,-0.284538,-0.723014],[0.632873,0.352062,-0.689582]],[[0.450758,-0.891679,-0.0415517],[-0.885346,-0.440646,-0.1483],[0.113926,0.103635,-0.988069]]],"btipPosition":[-2.64849,284.017,19.3518],"carpPosition":[17.5942,295.344,62.8673],"dipPosition":[-0.754201,285.74,2.92277],"direction":[-0.632873,-0.352062,0.689582],"extended":false,"handId":962,"id":9624,"length":48.7249,"mcpPosition":[35.7375,303.827,10.641],"pipPosition":[11.1864,292.382,-10.0878],"stabilizedTipPosition":[-0.498537,234.416,87.921],"timeVisible":25.4715,"tipPosition":[-2.10693,284.459,14.9676],"tipVelocity":[-8.47004,105.591,-152.787],"tool":false,"touchDistance":0.333333,"touchZone":"none","type":4,"width":15.4897}],"r":[[0.971306,-0.0748313,0.225754],[0.125138,0.967996,-0.217543],[-0.202249,0.239551,0.949584]],"s":1.2757,"t":[10.5212,-11.2677,-114.929],"timestamp":669158140522},false],[6,{"currentFrameRate":50.8675,"devices":[],"gestures":[],"hands":[{"armBasis":[[0.745325,-0.641204,-0.182613],[0.599396,0.764386,-0.237566],[0.291915,0.0676061,0.954052]],"armWidth":61.4671,"confidence":0.611038,"direction":[0.198683,0.393942,-0.897404],"elbow":[79.2852,318.92,318.068],"grabStrength":0,"id":962,"palmNormal":[-0.611963,-0.66535,-0.427562],"palmPosition":[5.42517,323.723,21.8537],"palmVelocity":[-2.65402,77.3755,-124.325],"palmWidth":87.7729,"pinchStrength":0.565424,"r":[[0.970957,-0.0799525,0.225501],[0.12967,0.967935,-0.215143],[-0.201069,0.238136,0.950191]],"s":1.27591,"sphereCenter":[-12.8456,293.262,-14.1022],"sphereRadius":47.228,"stabilizedPalmPosition":[-0.25795,273.494,94.3148],"t":[10.4727,-9.81798,-117.266],"timeVisible":25.4904,"type":"right","wrist":[3.2549,301.312,69.5813]}],"id":4952571,"interactionBox":{"center":[0,200,0],"size":[235.247,235.247,147.751]},"pointables":[{"bases":[[[0.894171,0.416807,0.163496],[-0.419949,0.654155,0.629066],[0.155248,-0.631152,0.759964]],[[0.747974,0.642033,-0.168311],[-0.528601,0.72958,0.433928],[0.401393,-0.235598,0.885086]],[[0.747974,0.642033,-0.168311],[-0.622678,0.766573,0.156963],[0.229798,-0.0126006,0.973157]],[[0.747974,0.642033,-0.168311],[-0.637847,0.765435,0.0852126],[0.18354,0.0436197,0.982044]]],"btipPosition":[-55.8583,321.293,-25.7137],"carpPosition":[-24.8285,310.518,71.0835],"dipPosition":[-51.7147,322.277,-3.54297],"direction":[-0.229798,0.0126006,-0.973157],"extended":false,"handId":962,"id":9620,"length":50.2737,"mcpPosition":[-24.8285,310.518,71.0835],"pipPosition":[-44.1566,321.863,28.4643],"stabilizedTipPosition":[-56.3375,293.878,16.265],"timeVisible":25.4904,"tipPosition":[-54.8161,323.036,-20.4561],"tipVelocity":[-4.07424,77.7305,-122.741],"tool":false,"touchDistance":-0.733495,"touchZone":"touching","type":0,"width":19.534},{"bases":[[[0.788015,-0.558982,-0.258014],[0.615181,0.731391,0.294312],[0.0241942,-0.390648,0.920222]],[[0.788355,-0.573987,-0.221437],[0.584732,0.810971,-0.0203709],[0.191271,-0.113422,0.974962]],[[0.788355,-0.573987,-0.221437],[0.533446,0.81706,-0.218742],[0.306482,0.0543217,0.950325]],[[0.788355,-0.573987,-0.221437],[0.482877,0.800326,-0.355399],[0.381216,0.173254,0.908106]]],"btipPosition":[-28.3517,350.503,-73.7991],"carpPosition":[-5.27885,322.201,69.038],"dipPosition":[-22.0687,353.358,-58.8321],"direction":[-0.306482,-0.0543217,-0.950325],"extended":true,"handId":962,"id":9621,"length":56.7283,"mcpPosition":[-6.99587,349.924,3.73122],"pipPosition":[-14.9228,354.625,-36.6745],"stabilizedTipPosition":[-27.9198,343.579,-61.8312],"timeVisible":25.4904,"tipPosition":[-27.7517,349.563,-69.7302],"tipVelocity":[16.6694,107.496,-135.064],"tool":false,"touchDistance":-0.750065,"touchZone":"hovering","type":1,"width":18.6589},{"bases":[[[0.667542,-0.72306,-0.177684],[0.739929,0.617605,0.266587],[-0.0830196,-0.309431,0.947291]],[[0.665848,-0.728798,-0.15969],[0.400641,0.529826,-0.74751],[0.629391,0.433749,0.64477]],[[0.665848,-0.728798,-0.15969],[-0.557096,-0.343289,-0.756172],[0.496277,0.592458,-0.634589]],[[0.665848,-0.728798,-0.15969],[-0.746004,-0.647146,-0.157099],[0.0111502,0.223733,-0.974587]]],"btipPosition":[-32.5156,297.406,7.30771],"carpPosition":[4.97689,317.056,65.9666],"dipPosition":[-32.3135,301.461,-10.3592],"direction":[-0.496277,-0.592458,0.634589],"extended":false,"handId":962,"id":9622,"length":64.6373,"mcpPosition":[10.5642,337.881,2.21276],"pipPosition":[-18.7001,317.713,-27.7666],"stabilizedTipPosition":[-32.0775,262.345,51.5932],"timeVisible":25.4904,"tipPosition":[-32.3615,298.409,3.27832],"tipVelocity":[-11.3218,84.7662,-138.378],"tool":false,"touchDistance":0.333333,"touchZone":"none","type":2,"width":18.3255},{"bases":[[[0.590358,-0.805201,-0.0559332],[0.782708,0.554189,0.283272],[-0.197094,-0.211011,0.957407]],[[0.588108,-0.80752,-0.0451798],[0.485379,0.397077,-0.778933],[0.646944,0.436167,0.625477]],[[0.588108,-0.80752,-0.0451798],[-0.561347,-0.367332,-0.741591],[0.582253,0.461497,-0.66933]],[[0.588108,-0.80752,-0.0451798],[-0.804021,-0.57768,-0.140841],[0.0876325,0.119155,-0.989001]]],"btipPosition":[-19.5552,288.782,14.2549],"carpPosition":[13.5573,309.31,63.3531],"dipPosition":[-17.9758,290.929,-3.57025],"direction":[-0.582253,-0.461497,0.66933],"extended":false,"handId":962,"id":9623,"length":62.1505,"mcpPosition":[25.4667,322.061,5.50155],"pipPosition":[-2.41649,303.262,-21.4565],"stabilizedTipPosition":[-17.4856,241.979,79.1253],"timeVisible":25.4904,"tipPosition":[-19.0467,289.332,10.8188],"tipVelocity":[-13.2327,81.2481,-150.52],"tool":false,"touchDistance":0.333333,"touchZone":"none","type":3,"width":17.4379},{"bases":[[[0.426083,-0.904637,0.00922138],[0.844493,0.40137,0.354589],[-0.324475,-0.143297,0.934977]],[[0.440874,-0.896895,-0.0347682],[0.535061,0.293718,-0.792111],[0.720653,0.330618,0.609386]],[[0.440874,-0.896895,-0.0347682],[-0.628758,-0.280962,-0.725068],[0.640541,0.341524,-0.687799]],[[0.440874,-0.896895,-0.0347682],[-0.889655,-0.431527,-0.149325],[0.118925,0.0967651,-0.988177]]],"btipPosition":[-3.02172,285.04,17.3716],"carpPosition":[17.4722,296.355,61.0475],"dipPosition":[-1.04431,286.649,0.940818],"direction":[-0.640541,-0.341524,0.687799],"extended":false,"handId":962,"id":9624,"length":48.7249,"mcpPosition":[35.6217,304.37,8.74949],"pipPosition":[11.041,293.093,-12.0361],"stabilizedTipPosition":[-0.534797,235.31,86.6179],"timeVisible":25.4904,"tipPosition":[-2.44574,285.432,13.1255],"tipVelocity":[-13.5038,79.6851,-129.244],"tool":false,"touchDistance":0.333333,"touchZone":"none","type":4,"width":15.4897}],"r":[[0.970957,-0.0799525,0.22