{"sensorType":"Leap","data":[[0,{"currentFrameRate":106.308,"devices":[],"gestures":[],"hands":[{"armBasis":[[0.558391,-0.473704,-0.681032],[0.690976,0.719875,0.0658228],[0.459077,-0.507331,0.72929]],"armWidth":63.1234,"confidence":0.91034,"direction":[0.113045,0.484709,-0.867339],"elbow":[87.682,128.855,275.477],"grabStrength":0,"id":919,"palmNormal":[-0.698729,-0.581837,-0.416226],"palmPosition":[-37.3854,292.922,34.294],"palmVelocity":[-3.11809,66.4633,-171.939],"palmWidth":90.138,"pinchStrength":1,"r":[[0.835372,-0.398923,0.378172],[0.430733,0.902479,0.000519933],[-0.341499,0.162457,0.925735]],"s":0.797332,"sphereCenter":[-63.041,268.18,-3.59875],"sphereRadius":46.664,"stabilizedPalmPosition":[-79.672,239.561,211.22],"t":[55.6343,62.0936,-208.468],"timeVisible":0.569381,"type":"right","wrist":[-35.1082,264.551,80.4123]}],"id":4478044,"interactionBox":{"center":[0,200,0],"size":[235.247,235.247,147.751]},"pointables":[{"bases":[[[0.931274,0.352192,0.0932206],[-0.300141,0.596641,0.744268],[0.206506,-0.721096,0.661344]],[[0.777084,0.605445,-0.171979],[-0.455713,0.729704,0.509761],[0.434126,-0.317754,0.842951]],[[0.777084,0.605445,-0.171979],[-0.607575,0.792921,0.0461307],[0.164296,0.0686428,0.98402]],[[0.777084,0.605445,-0.171979],[-0.609516,0.655765,-0.445491],[-0.156943,0.451008,0.878613]]],"btipPosition":[-86.2948,278.065,-8.68433],"carpPosition":[-62.9165,275.127,86.6065],"dipPosition":[-89.9334,288.522,11.6858],"direction":[-0.164296,-0.0686428,-0.98402],"extended":false,"handId":919,"id":9190,"length":51.6284,"mcpPosition":[-62.9165,275.127,86.6065],"pipPosition":[-84.3841,290.84,44.9224],"stabilizedTipPosition":[-127.737,226.031,168.467],"timeVisible":0.569381,"tipPosition":[-87.5068,281.172,-4.06815],"tipVelocity":[13.8968,59.9401,-185.246],"tool":false,"touchDistance":-0.520883,"touchZone":"hovering","type":0,"width":20.0604},{"bases":[[[0.715351,-0.562432,-0.414661],[0.689935,0.662547,0.291583],[0.110736,-0.494673,0.861995]],[[0.723805,-0.626013,-0.290195],[0.663833,0.746503,0.045366],[0.188232,-0.225477,0.955892]],[[0.723805,-0.626013,-0.290195],[0.642102,0.76506,-0.0488659],[0.252607,-0.150965,0.955719]],[[0.723805,-0.626013,-0.290195],[0.622186,0.773964,-0.117748],[0.298312,-0.0953289,0.949696]]],"btipPosition":[-69.7189,337.194,-59.1693],"carpPosition":[-42.5396,286.318,83.2944],"dipPosition":[-64.6698,335.581,-43.0951],"direction":[-0.252607,0.150965,-0.955719],"extended":true,"handId":919,"id":9191,"length":58.2569,"mcpPosition":[-50.6102,322.37,20.4716],"pipPosition":[-58.6213,331.966,-20.2113],"stabilizedTipPosition":[-113.264,290.973,69.961],"timeVisible":0.569381,"tipPosition":[-69.407,335.484,-55.3767],"tipVelocity":[44.9728,100.458,-183.753],"tool":false,"touchDistance":-0.558621,"touchZone":"hovering","type":1,"width":19.1617},{"bases":[[[0.595566,-0.728745,-0.337981],[0.803205,0.546901,0.236136],[0.0127592,-0.412103,0.911048]],[[0.595507,-0.726999,-0.341825],[0.488728,0.665553,-0.564078],[0.637587,0.168853,0.751646]],[[0.595507,-0.726999,-0.341825],[-0.437183,0.0637007,-0.897114],[0.673975,0.683677,-0.279898]],[[0.595507,-0.726999,-0.341825],[-0.767799,-0.389881,-0.508407],[0.23634,0.565213,-0.790366]]],"btipPosition":[-87.5205,271.575,2.02049],"carpPosition":[-32.8088,280.937,78.2795],"dipPosition":[-83.1208,282.097,-12.693],"direction":[-0.673975,-0.683677,0.279898],"extended":false,"handId":919,"id":9192,"length":66.379,"mcpPosition":[-33.6906,309.419,15.3127],"pipPosition":[-64.1348,301.357,-20.5777],"stabilizedTipPosition":[-115.055,194.223,224.627],"timeVisible":0.569381,"tipPosition":[-86.5993,273.295,0.0181092],"tipVelocity":[17.703,73.5827,-205.354],"tool":false,"touchDistance":0.333333,"touchZone":"none","type":2,"width":18.8193},{"bases":[[[0.528697,-0.820587,-0.217062],[0.843701,0.480023,0.240307],[-0.0929986,-0.310185,0.946116]],[[0.52704,-0.825741,-0.200949],[0.594954,0.52735,-0.606574],[0.606843,0.200133,0.769213]],[[0.52704,-0.825741,-0.200949],[-0.370263,-0.0102792,-0.92887],[0.76494,0.563956,-0.311159]],[[0.52704,-0.825741,-0.200949],[-0.772181,-0.366549,-0.519016],[0.354915,0.428711,-0.830808]]],"btipPosition":[-73.5401,259.913,4.81699],"carpPosition":[-24.8903,272.934,73.6566],"dipPosition":[-66.971,267.848,-10.5605],"direction":[-0.764941,-0.563956,0.311159],"extended":false,"handId":919,"id":9193,"length":63.8252,"mcpPosition":[-19.1194,292.182,14.9468],"pipPosition":[-45.979,283.324,-19.0995],"stabilizedTipPosition":[-102.588,187.661,226.227],"timeVisible":0.569381,"tipPosition":[-72.1524,261.255,2.69935],"tipVelocity":[16.5713,66.9398,-194.222],"tool":false,"touchDistance":0.333333,"touchZone":"none","type":3,"width":17.9078},{"bases":[[[0.36766,-0.918931,-0.142802],[0.904108,0.317245,0.286258],[-0.217748,-0.234354,0.947451]],[[0.330435,-0.943826,0.00235926],[0.735846,0.256054,-0.62687],[0.591052,0.208876,0.77912]],[[0.330435,-0.943826,0.00235926],[-0.305061,-0.109167,-0.946055],[0.893169,0.31189,-0.323997]],[[0.330435,-0.943826,0.00235926],[-0.794168,-0.279388,-0.539667],[0.510011,0.176451,-0.841875]]],"btipPosition":[-56.2197,256.904,8.31033],"carpPosition":[-22.0098,259.814,69.3721],"dipPosition":[-47.5111,259.917,-6.06503],"direction":[-0.893169,-0.31189,0.323997],"extended":false,"handId":919,"id":9194,"length":50.0378,"mcpPosition":[-9.50193,273.276,14.9484],"pipPosition":[-30.2054,265.96,-12.3427],"stabilizedTipPosition":[-89.7441,195.111,225.418],"timeVisible":0.569381,"tipPosition":[-54.4439,257.516,6.35872],"tipVelocity":[16.7344,63.6205,-188.789],"tool":false,"touchDistance":0.333333,"touchZone":"none","type":4,"width":15.9071}],"r":[[0.835372,-0.398923,0.378172],[0.430733,0.902479,0.000519933],[-0.341499,0.162457,0.925735]],"s":0.797332,"t":[55.6343,62.0936,-208.468],"timestamp":607446901071},false],[1,{"currentFrameRate":106.362,"devices":[],"gestures":[],"hands":[{"armBasis":[[0.560706,-0.472242,-0.680144],[0.690045,0.720508,0.0686005],[0.457653,-0.507794,0.729862]],"armWidth":63.1234,"confidence":0.911151,"direction":[0.113667,0.484714,-0.867255],"elbow":[87.2412,129.163,274.88],"grabStrength":0,"id":919,"palmNormal":[-0.697168,-0.582999,-0.417216],"palmPosition":[-37.4162,293.342,33.5347],"palmVelocity":[-3.17301,60.4223,-146.44],"palmWidth":90.138,"pinchStrength":1,"r":[[0.835047,-0.39766,0.380215],[0.429794,0.902927,0.000419776],[-0.343473,0.163064,0.924898]],"s":0.799249,"sphereCenter":[-63.0355,268.742,-4.38609],"sphereRadius":46.6622,"stabilizedPalmPosition":[-79.6655,239.57,211.192],"t":[55.5779,62.6567,-209.638],"timeVisible":0.578683,"type":"right","wrist":[-35.1681,264.983,79.6621]}],"id":4478045,"interactionBox":{"center":[0,200,0],"size":[235.247,235.247,147.751]},"pointables":[{"bases":[[[0.930579,0.353651,0.0946242],[-0.302241,0.596321,0.743674],[0.206575,-0.720647,0.661812]],[[0.777062,0.605999,-0.170115],[-0.457336,0.729291,0.508899],[0.432456,-0.317646,0.84385]],[[0.777062,0.605999,-0.170115],[-0.608038,0.792577,0.0459572],[0.162679,0.0677247,0.984352]],[[0.777062,0.605999,-0.170115],[-0.609116,0.655906,-0.44583],[-0.158593,0.450057,0.878804]]],"btipPosition":[-86.2053,278.503,-9.5407],"carpPosition":[-63.0025,275.517,85.8103],"dipPosition":[-89.8822,288.937,10.8339],"direction":[-0.162679,-0.0677247,-0.984352],"extended":false,"handId":919,"id":9190,"length":51.6284,"mcpPosition":[-63.0025,275.517,85.8103],"pipPosition":[-84.3875,291.225,44.0817],"stabilizedTipPosition":[-127.735,226.034,168.457],"timeVisible":0.578683,"tipPosition":[-87.4206,281.533,-4.91298],"tipVelocity":[12.4219,56.1473,-158.905],"tool":false,"touchDistance":-0.509959,"touchZone":"hovering","type":0,"width":20.0604},{"bases":[[[0.716875,-0.561405,-0.413417],[0.688447,0.663671,0.292543],[0.110137,-0.494333,0.862267]],[[0.72522,-0.624456,-0.290018],[0.663526,0.746326,0.0522538],[0.183818,-0.23033,0.955594]],[[0.72522,-0.624456,-0.290018],[0.642173,0.765397,-0.0422025],[0.248332,-0.155636,0.95609]],[[0.72522,-0.624456,-0.290018],[0.622467,0.77467,-0.111447],[0.294262,-0.0997032,0.95051]]],"btipPosition":[-69.4146,337.983,-59.9653],"carpPosition":[-42.6377,286.738,82.5282],"dipPosition":[-64.434,336.295,-43.8774],"direction":[-0.248332,0.155636,-0.95609],"extended":true,"handId":919,"id":9191,"length":58.2569,"mcpPosition":[-50.6646,322.766,19.6855],"pipPosition":[-58.4879,332.569,-20.9847],"stabilizedTipPosition":[-113.142,291.1,69.6173],"timeVisible":0.578683,"tipPosition":[-69.1142,336.247,-56.1842],"tipVelocity":[41.0324,95.5083,-155.937],"tool":false,"touchDistance":-0.542985,"touchZone":"hovering","type":1,"width":19.1617},{"bases":[[[0.597227,-0.727889,-0.336894],[0.801983,0.54819,0.237299],[0.0119551,-0.411905,0.911149]],[[0.597169,-0.726074,-0.34089],[0.489388,0.666527,-0.562353],[0.635523,0.168992,0.753361]],[[0.597169,-0.726074,-0.34089],[-0.436093,0.0628022,-0.897708],[0.673211,0.684743,-0.279132]],[[0.597169,-0.726074,-0.34089],[-0.76679,-0.392014,-0.50829],[0.235422,0.564926,-0.790845]]],"btipPosition":[-87.4096,271.965,1.16924],"carpPosition":[-32.8907,281.372,77.5297],"dipPosition":[-83.027,282.482,-13.5532],"direction":[-0.673211,-0.684743,0.279132],"extended":false,"handId":919,"id":9192,"length":66.379,"mcpPosition":[-33.7169,309.84,14.5559],"pipPosition":[-64.0626,301.771,-21.4163],"stabilizedTipPosition":[-115.049,194.241,224.574],"timeVisible":0.578683,"tipPosition":[-86.5093,273.693,-0.883985],"tipVelocity":[15.9505,64.6037,-173.272],"tool":false,"touchDistance":0.333333,"touchZone":"none","type":2,"width":18.8193},{"bases":[[[0.530309,-0.81981,-0.216063],[0.842575,0.481375,0.241547],[-0.0940156,-0.310144,0.94603]],[[0.528531,-0.825259,-0.199004],[0.598469,0.528481,-0.602115],[0.602071,0.199139,0.773211]],[[0.528531,-0.825259,-0.199004],[-0.366563,-0.0104207,-0.930335],[0.765693,0.564659,-0.308017]],[[0.528531,-0.825259,-0.199004],[-0.770889,-0.368409,-0.51962],[0.355506,0.428046,-0.830898]]],"btipPosition":[-73.3596,260.393,3.82524],"carpPosition":[-24.9525,273.38,72.921],"dipPosition":[-66.7795,268.316,-11.5539],"direction":[-0.765693,-0.564659,0.308017],"extended":false,"handId":919,"id":9193,"length":63.8252,"mcpPosition":[-19.1185,292.626,14.2166],"pipPosition":[-45.7669,283.812,-20.0067],"stabilizedTipPosition":[-102.584,187.671,226.196],"timeVisible":0.578683,"tipPosition":[-72.0015,261.723,1.6761],"tipVelocity":[17.4489,62.5456,-169.498],"tool":false,"touchDistance":0.333333,"touchZone":"none","type":3,"width":17.9078},{"bases":[[[0.369307,-0.918388,-0.142039],[0.903162,0.3187,0.287625],[-0.218884,-0.234506,0.947152]],[[0.332163,-0.94322,0.00211031],[0.737924,0.258472,-0.623426],[0.587482,0.208636,0.78188]],[[0.332163,-0.94322,0.00211031],[-0.30225,-0.108559,-0.947027],[0.893483,0.313929,-0.321148]],[[0.332163,-0.94322,0.00211031],[-0.793046,-0.280488,-0.540745],[0.510633,0.177942,-0.841184]]],"btipPosition":[-56.0813,257.306,7.43536],"carpPosition":[-22.045,260.264,68.6437],"dipPosition":[-47.362,260.344,-6.9282],"direction":[-0.893483,-0.313929,0.321148],"extended":false,"handId":919,"id":9194,"length":50.0378,"mcpPosition":[-9.4718,273.735,14.2371],"pipPosition":[-30.0502,266.427,-13.1507],"stabilizedTipPosition":[-89.742,195.114,225.405],"timeVisible":0.578683,"tipPosition":[-54.3202,257.921,5.45692],"tipVelocity":[16.2865,58.0382,-161.96],"tool":false,"touchDistance":0.333333,"touchZone":"none","type":4,"width":15.9071}],"r":[[0.835047,-0.39766,0.380215],[0.429794,0.902927,0.000419776],[-0.343473,0.163064,0.924898]],"s":0.799249,"t":[55.5779,62.6567,-209.638],"timestamp":607446910373},false],[2,{"currentFrameRate":106.683,"devices":[],"gestures":[],"hands":[{"armBasis":[[0.564296,-0.469194,-0.679284],[0.689064,0.72086,0.0745094],[0.454709,-0.510116,0.730083]],"armWidth":63.1234,"confidence":0.91077,"direction":[0.116265,0.486032,-0.866173],"elbow":[86.1604,129.317,273.396],"grabStrength":0,"id":919,"palmNormal":[-0.694704,-0.583472,-0.42065],"palmPosition":[-37.5752,294.175,32.0215],"palmVelocity":[-7.18808,69.688,-153.378],"palmWidth":90.138,"pinchStrength":1,"r":[[0.834608,-0.396502,0.382382],[0.428774,0.903411,0.000905396],[-0.345807,0.1632,0.924004]],"s":0.801456,"sphereCenter":[-63.088,269.815,-5.99163],"sphereRadius":46.6337,"stabilizedPalmPosition":[-79.6578,239.58,211.159],"t":[55.4702,63.355,-210.979],"timeVisible":0.587469,"type":"right","wrist":[-35.4615,265.759,78.1196]}],"id":4478046,"interactionBox":{"center":[0,200,0],"size":[235.247,235.247,147.751]},"pointables":[{"bases":[[[0.929686,0.354898,0.0986514],[-0.305966,0.594887,0.7433],[0.205109,-0.721219,0.661645]],[[0.777529,0.60668,-0.165491],[-0.459918,0.728089,0.508294],[0.428864,-0.319101,0.845133]],[[0.777529,0.60668,-0.165491],[-0.608486,0.792259,0.0455157],[0.158725,0.0653088,0.98516]],[[0.777529,0.60668,-0.165491],[-0.607322,0.656183,-0.447866],[-0.163119,0.448735,0.878652]]],"btipPosition":[-86.1215,279.414,-11.263],"carpPosition":[-63.3348,276.244,84.1752],"dipPosition":[-89.9033,289.817,9.10804],"direction":[-0.158725,-0.0653088,-0.98516],"extended":false,"handId":919,"id":9190,"length":51.6284,"mcpPosition":[-63.3348,276.244,84.1752],"pipPosition":[-84.5422,292.023,42.3832],"stabilizedTipPosition":[-127.732,226.038,168.444],"timeVisible":0.587469,"tipPosition":[-87.3639,282.372,-6.63204],"tipVelocity":[10.9078,68.7075,-168.917],"tool":false,"touchDistance":-0.513143,"touchZone":"hovering","type":0,"width":20.0604},{"bases":[[[0.719281,-0.559798,-0.411413],[0.68634,0.664297,0.296052],[0.107571,-0.495314,0.862028]],[[0.727239,-0.622495,-0.289177],[0.663039,0.746059,0.0614496],[0.177491,-0.236424,0.955301]],[[0.727239,-0.622495,-0.289177],[0.642343,0.765711,-0.0329004],[0.241907,-0.161825,0.95671]],[[0.727239,-0.622495,-0.289177],[0.623088,0.775438,-0.102263],[0.287897,-0.105813,0.951798]]],"btipPosition":[-69.0332,339.326,-61.5144],"carpPosition":[-42.9743,287.499,80.9859],"dipPosition":[-64.1604,337.535,-45.4046],"direction":[-0.241907,0.161825,-0.95671],"extended":true,"handId":919,"id":9191,"length":58.2569,"mcpPosition":[-50.8141,323.598,18.1606],"pipPosition":[-58.3682,333.66,-22.4971],"stabilizedTipPosition":[-112.99,291.26,69.1914],"timeVisible":0.587469,"tipPosition":[-68.7554,337.555,-57.7458],"tipVelocity":[40.9116,110.216,-161.265],"tool":false,"touchDistance":-0.540181,"touchZone":"hovering","type":1,"width":19.1617},{"bases":[[[0.599588,-0.726559,-0.335569],[0.800257,0.549057,0.24109],[0.00908052,-0.413096,0.910642]],[[0.599541,-0.724679,-0.339693],[0.490772,0.668153,-0.559208],[0.632213,0.168556,0.756237]],[[0.599541,-0.724679,-0.339693],[-0.433683,0.06256,-0.898891],[0.672659,0.686241,-0.276774]],[[0.599541,-0.724679,-0.339693],[-0.764856,-0.393803,-0.509818],[0.235683,0.565472,-0.790376]]],"btipPosition":[-87.3518,272.798,-0.520351],"carpPosition":[-33.2002,282.153,76.0176],"dipPosition":[-82.9643,283.325,-15.234],"direction":[-0.672659,-0.686241,0.276774],"extended":false,"handId":919,"id":9192,"length":66.379,"mcpPosition":[-33.8278,310.704,13.0788],"pipPosition":[-64.0154,302.656,-23.0308],"stabilizedTipPosition":[-115.042,194.262,224.517],"timeVisible":0.587469,"tipPosition":[-86.4702,274.542,-2.63767],"tipVelocity":[13.4644,72.7872,-178.331],"tool":false,"touchDistance":0.333333,"touchZone":"none","type":2,"width":18.8193},{"bases":[[[0.532345,-0.81874,-0.215116],[0.840932,0.482296,0.245405],[-0.0971733,-0.311538,0.945252]],[[0.530451,-0.824377,-0.197548],[0.600067,0.529753,-0.5994],[0.598783,0.199411,0.77569]],[[0.530451,-0.824377,-0.197548],[-0.364578,-0.0114677,-0.931102],[0.765314,0.565926,-0.306633]],[[0.530451,-0.824377,-0.197548],[-0.769522,-0.370508,-0.520154],[0.35561,0.427933,-0.830912]]],"btipPosition":[-73.2898,261.235,2.23378],"carpPosition":[-25.2326,274.18,71.4287],"dipPosition":[-66.7078,269.155,-13.1456],"direction":[-0.765314,-0.565925,0.306633],"extended":false,"handId":919,"id":9193,"length":63.8252,"mcpPosition":[-19.2027,293.512,12.7726],"pipPosition":[-45.7056,284.686,-21.5604],"stabilizedTipPosition":[-102.579,187.683,226.161],"timeVisible":0.587469,"tipPosition":[-71.9494,262.58,-0.0155726],"tipVelocity":[14.9054,71.4686,-172.631],"tool":false,"touchDistance":0.333333,"touchZone":"none","type":3,"width":17.9078},{"bases":[[[0.371207,-0.917653,-0.141838],[0.901583,0.31965,0.2915],[-0.222157,-0.236086,0.945997]],[[0.33403,-0.942562,0.000460516],[0.740763,0.262213,-0.618478],[0.582833,0.206931,0.785802]],[[0.33403,-0.942562,0.000460516],[-0.298265,-0.106164,-0.948561],[0.894126,0.316711,-0.316595]],[[0.33403,-0.942562,0.000460516],[-0.79113,-0.28063,-0.543471],[0.512385,0.181171,-0.839428]]],"btipPosition":[-56.0172,258.157,5.74771],"carpPosition":[-22.2894,261.074,67.1453],"dipPosition":[-47.268,261.25,-8.58586],"direction":[-0.894126,-0.316711,0.316595],"extended":false,"handId":919,"id":9194,"length":50.0378,"mcpPosition":[-9.52821,274.635,12.8051],"pipPosition":[-29.9438,267.387,-14.7201],"stabilizedTipPosition":[-89.7393,195.119,225.388],"timeVisible":0.587469,"tipPosition":[-54.2682,258.782,3.74074],"tipVelocity":[14.0773,68.8716,-169.853],"tool":false,"touchDistance":0.333333,"touchZone":"none","type":4,"width":15.9071}],"r":[[0.834608,-0.396502,0.382382],[0.428774,0.903411,0.000905396],[-0.345807,0.1632,0.924004]],"s":0.801456,"t":[55.4702,63.355,-210.979],"timestamp":607446919159},false],[3,{"currentFrameRate":106.748,"devices":[],"gestures":[],"hands":[{"armBasis":[[0.56705,-0.467609,-0.678083],[0.687989,0.721543,0.0777547],[0.452907,-0.510604,0.730861]],"armWidth":63.1234,"confidence":0.892472,"direction":[0.11798,0.485075,-0.866477],"elbow":[85.6261,129.816,272.509],"grabStrength":0,"id":919,"palmNormal":[-0.692522,-0.585171,-0.421887],"palmPosition":[-37.5405,294.74,30.8825],"palmVelocity":[-4.11137,67.2689,-144.889],"palmWidth":90.138,"pinchStrength":1,"r":[[0.834159,-0.395199,0.384703],[0.42766,0.903939,0.00130025],[-0.348262,0.163437,0.923039]],"s":0.803579,"sphereCenter":[-62.9279,270.397,-7.18735],"sphereRadius":46.6572,"stabilizedPalmPosition":[-79.6476,239.593,211.116],"t":[55.4338,63.9865,-212.22],"timeVisible":0.596717,"type":"right","wrist":[-35.5139,266.388,77.0243]}],"id":4478047,"interactionBox":{"center":[0,200,0],"size":[235.247,235.247,147.751]},"pointables":[{"bases":[[[0.928812,0.356557,0.100875],[-0.309097,0.595367,0.741618],[0.204371,-0.720003,0.663195]],[[0.778192,0.606602,-0.162636],[-0.461645,0.728089,0.506725],[0.425794,-0.31925,0.846628]],[[0.778192,0.606602,-0.162636],[-0.608187,0.792477,0.0456948],[0.156604,0.0633537,0.985627]],[[0.778192,0.606602,-0.162636],[-0.605712,0.656525,-0.449542],[-0.165919,0.448341,0.878329]]],"btipPosition":[-85.9201,280.088,-12.5354],"carpPosition":[-63.4218,276.835,82.985],"dipPosition":[-89.7669,290.482,7.8282],"direction":[-0.156604,-0.0633537,-0.985627],"extended":false,"handId":919,"id":9190,"length":51.6284,"mcpPosition":[-63.4218,276.835,82.985],"pipPosition":[-84.4774,292.622,41.1191],"stabilizedTipPosition":[-127.727,226.045,168.423],"timeVisible":0.596717,"tipPosition":[-87.1567,282.915,-7.89948],"tipVelocity":[13.5063,69.8204,-160.165],"tool":false,"touchDistance":-0.509273,"touchZone":"hovering","type":0,"width":20.0604},{"bases":[[[0.72139,-0.559158,-0.408581],[0.684387,0.665817,0.297158],[0.105881,-0.493994,0.862994]],[[0.729089,-0.621263,-0.28716],[0.662331,0.746184,0.0672858],[0.172472,-0.239252,0.955516]],[[0.729089,-0.621263,-0.28716],[0.642123,0.766121,-0.0271531],[0.236869,-0.164595,0.957498]],[[0.729089,-0.621263,-0.28716],[0.623188,0.776065,-0.0967432],[0.282958,-0.10842,0.952985]]],"btipPosition":[-68.5886,340.081,-62.779],"carpPosition":[-43.0706,288.12,79.8398],"dipPosition":[-63.7994,338.246,-46.6491],"direction":[-0.236869,0.164595,-0.957498],"extended":true,"handId":919,"id":9191,"length":58.2569,"mcpPosition":[-50.7873,324.123,16.9442],"pipPosition":[-58.1278,334.305,-23.7227],"stabilizedTipPosition":[-112.794,291.469,68.6381],"timeVisible":0.596717,"tipPosition":[-68.3196,338.305,-59.0179],"tipVelocity":[42.342,101.892,-154.234],"tool":false,"touchDistance":-0.533396,"touchZone":"hovering","type":1,"width":19.1617},{"bases":[[[0.601751,-0.726016,-0.332862],[0.798652,0.550692,0.242679],[0.0071154,-0.411873,0.911213]],[[0.60171,-0.724055,-0.337177],[0.492678,0.668734,-0.556833],[0.62866,0.168932,0.75911]],[[0.60171,-0.724055,-0.337177],[-0.431089,0.0609786,-0.900246],[0.672389,0.687041,-0.275441]],[[0.60171,-0.724055,-0.337177],[-0.763154,-0.396619,-0.510186],[0.235672,0.564302,-0.791215]]],"btipPosition":[-87.1117,273.325,-1.82949],"carpPosition":[-33.2734,282.784,74.9071],"dipPosition":[-82.7244,283.83,-16.5588],"direction":[-0.672389,-0.687041,0.275441],"extended":false,"handId":919,"id":9192,"length":66.379,"mcpPosition":[-33.7652,311.25,11.9288],"pipPosition":[-63.7831,303.184,-24.318],"stabilizedTipPosition":[-115.033,194.286,224.449],"timeVisible":0.596717,"tipPosition":[-86.252,275.068,-3.99146],"tipVelocity":[16.9747,68.2003,-168.109],"tool":false,"touchDistance":0.333333,"touchZone":"none","type":2,"width":18.8193},{"bases":[[[0.53431,-0.818147,-0.212482],[0.839424,0.484004,0.247201],[-0.099405,-0.310445,0.94538]],[[0.53224,-0.824126,-0.193747],[0.604379,0.530135,-0.594712],[0.59283,0.199433,0.780243]],[[0.53224,-0.824126,-0.193747],[-0.359964,-0.0131603,-0.932873],[0.766255,0.566254,-0.30366]],[[0.53224,-0.824126,-0.193747],[-0.767791,-0.373469,-0.520593],[0.356675,0.425837,-0.831532]]],"btipPosition":[-72.9802,261.833,0.877367],"carpPosition":[-25.2795,274.817,70.3519],"dipPosition":[-66.3785,269.715,-14.5135],"direction":[-0.766255,-0.566254,0.30366],"extended":false,"handId":919,"id":9193,"length":63.8252,"mcpPosition":[-19.111,294.082,11.6878],"pipPosition":[-45.3504,285.254,-22.8467],"stabilizedTipPosition":[-102.573,187.698,226.115],"timeVisible":0.596717,"tipPosition":[-71.6723,263.157,-1.40178],"tipVelocity":[20.2607,69.2964,-165.417],"tool":false,"touchDistance":0.333333,"touchZone":"none","type":3,"width":17.9078},{"bases":[[[0.373122,-0.917228,-0.139541],[0.900207,0.321519,0.293688],[-0.224514,-0.235197,0.945662]],[[0.336661,-0.941625,-0.00107064],[0.739996,0.265275,-0.61809],[0.582293,0.207294,0.786106]],[[0.336661,-0.941625,-0.00107064],[-0.299887,-0.106141,-0.948052],[0.892596,0.319493,-0.318114]],[[0.336661,-0.941625,-0.00107064],[-0.791728,-0.282452,-0.541653],[0.509731,0.183201,-0.840602]]],"btipPosition":[-55.8009,258.641,4.75493],"carpPosition":[-22.3023,261.711,66.0944],"dipPosition":[-47.097,261.769,-9.59868],"direction":[-0.892596,-0.319493,0.318114],"extended":false,"handId":919,"id":9194,"length":50.0378,"mcpPosition":[-9.40574,275.221,11.7735],"pipPosition":[-29.8024,267.96,-15.7624],"stabilizedTipPosition":[-89.7354,195.126,225.364],"timeVisible":0.596717,"tipPosition":[-54.0593,259.28,2.61935],"tipVelocity":[16.3782,64.4766,-152.432],"tool":false,"touchDistance":0.333333,"touchZone":"none","type":4,"width":15.9071}],"r":[[0.834159,-0.395199,0.384703],[0.42766,0.903939,0.00130025],[-0.348262,0.163437,0.923039]],"s":0.803579,"t":[55.4338,63.9865,-212.22],"timestamp":607446928407},false],[4,{"currentFrameRate":107.024,"devices":[],"gestures":[],"hands":[{"armBasis":[[0.574052,-0.461941,-0.676073],[0.683777,0.724671,0.0854461],[0.45046,-0.511334,0.731863]],"armWidth":63.1234,"confidence":0.8399,"direction":[0.1187,0.486913,-0.865347],"elbow":[84.8934,130.214,271.805],"grabStrength":0,"id":919,"palmNormal":[-0.687126,-0.588843,-0.425583],"palmPosition":[-37.5953,295.38,29.9383],"palmVelocity":[-4.67645,68.6644,-134.595],"palmWidth":90.138,"pinchStrength":1,"r":[[0.833946,-0.393236,0.387169],[0.425659,0.904881,0.00220887],[-0.351211,0.16296,0.922006]],"s":0.805613,"sphereCenter":[-62.7212,271.082,-8.25608],"sphereRadius":46.6505,"stabilizedPalmPosition":[-79.6352,239.609,211.062],"t":[55.3882,64.6224,-213.312],"timeVisible":0.605556,"type":"right","wrist":[-35.5918,266.981,76.0522]}],"id":4478048,"interactionBox":{"center":[0,200,0],"size":[235.247,235.247,147.751]},"pointables":[{"bases":[[[0.926175,0.362096,0.105291],[-0.315889,0.592502,0.74105],[0.205946,-0.719602,0.663143]],[[0.776165,0.610585,-0.157332],[-0.467884,0.725002,0.505428],[0.422673,-0.318682,0.848404]],[[0.776165,0.610585,-0.157332],[-0.611932,0.789601,0.0454953],[0.152008,0.0609647,0.986497]],[[0.776165,0.610585,-0.157332],[-0.606463,0.654645,-0.451268],[-0.172541,0.445675,0.87841]]],"btipPosition":[-85.6235,280.617,-13.7324],"carpPosition":[-63.5882,277.25,81.9071],"dipPosition":[-89.6238,290.95,6.63308],"direction":[-0.152008,-0.0609647,-0.986497],"extended":false,"handId":919,"id":9190,"length":51.6284,"mcpPosition":[-63.5882,277.25,81.9071],"pipPosition":[-84.4895,293.009,39.9534],"stabilizedTipPosition":[-127.72,226.054,168.395],"timeVisible":0.605556,"tipPosition":[-86.9051,283.356,-9.08336],"tipVelocity":[17.8488,66.6923,-153.461],"tool":false,"touchDistance":-0.504628,"touchZone":"hovering","type":0,"width":20.0604},{"bases":[[[0.72653,-0.554208,-0.406211],[0.67903,0.6696,0.300923],[0.105225,-0.494459,0.862808]],[[0.734087,-0.616036,-0.285684],[0.658131,0.749072,0.0758531],[0.16727,-0.2437,0.955317]],[[0.734087,-0.616036,-0.285684],[0.638384,0.769486,-0.0189084],[0.231478,-0.168496,0.958137]],[[0.734087,-0.616036,-0.285684],[0.619751,0.779746,-0.0889107],[0.277533,-0.111785,0.954191]]],"btipPosition":[-68.3211,340.998,-63.7694],"carpPosition":[-43.2933,288.663,78.8631],"dipPosition":[-63.6237,339.106,-47.6191],"direction":[-0.231478,0.168496,-0.958137],"extended":true,"handId":919,"id":9191,"length":58.2569,"mcpPosition":[-50.9621,324.699,15.981],"pipPosition":[-58.0812,335.071,-24.6774],"stabilizedTipPosition":[-112.565,291.716,67.9903],"timeVisible":0.605556,"tipPosition":[-68.0597,339.208,-60.0195],"tipVelocity":[38.4296,101.975,-142.683],"tool":false,"touchDistance":-0.523175,"touchZone":"hovering","type":1,"width":19.1617},{"bases":[[[0.607593,-0.721891,-0.331216],[0.794228,0.555246,0.246786],[0.0057541,-0.413006,0.91071]],[[0.607558,-0.719881,-0.335627],[0.491279,0.672622,-0.553375],[0.624114,0.171321,0.762319]],[[0.607558,-0.719881,-0.335627],[-0.428199,0.059034,-0.901754],[0.668969,0.691583,-0.272386]],[[0.607558,-0.719881,-0.335627],[-0.758972,-0.401597,-0.512524],[0.234169,0.56612,-0.790363]]],"btipPosition":[-86.8455,273.737,-2.9915],"carpPosition":[-33.4427,283.393,73.9654],"dipPosition":[-82.4862,284.276,-17.7049],"direction":[-0.668969,-0.691583,0.272386],"extended":false,"handId":919,"id":9192,"length":66.379,"mcpPosition":[-33.8404,311.938,11.022],"pipPosition":[-63.6413,303.758,-25.3781],"stabilizedTipPosition":[-115.024,194.311,224.378],"timeVisible":0.605556,"tipPosition":[-86.0047,275.497,-5.19956],"tipVelocity":[20.3304,62.5939,-158.088],"tool":false,"touchDistance":0.333333,"touchZone":"none","type":2,"width":18.8193},{"bases":[[[0.540204,-0.814589,-0.211243],[0.835387,0.488803,0.251397],[-0.101529,-0.312275,0.944551]],[[0.537985,-0.820883,-0.191632],[0.605566,0.534505,-0.589571],[0.586397,0.201135,0.784655]],[[0.537985,-0.820883,-0.191632],[-0.355137,-0.0145457,-0.934701],[0.764493,0.570911,-0.299352]],[[0.537985,-0.820883,-0.191632],[-0.763691,-0.378396,-0.523061],[0.356859,0.427746,-0.830472]]],"btipPosition":[-72.6201,262.372,-0.321949],"carpPosition":[-25.3808,275.482,69.4343],"dipPosition":[-66.0149,270.29,-15.6932],"direction":[-0.764493,-0.570911,0.299352],"extended":false,"handId":919,"id":9193,"length":63.8252,"mcpPosition":[-19.0806,294.859,10.8216],"pipPosition":[-45.0353,285.957,-23.9082],"stabilizedTipPosition":[-102.565,187.716,226.06],"timeVisible":0.605556,"tipPosition":[-71.3323,263.701,-2.63932],"tipVelocity":[25.8233,67.3066,-157.239],"tool":false,"touchDistance":0.333333,"touchZone":"none","type":3,"width":17.9078},{"bases":[[[0.379317,-0.914749,-0.139116],[0.896965,0.326632,0.297935],[-0.227096,-0.237794,0.944395]],[[0.343119,-0.939286,-0.00323749],[0.741216,0.272878,-0.6133],[0.576947,0.208035,0.789844]],[[0.343119,-0.939286,-0.00323749],[-0.295759,-0.104767,-0.9495],[0.891513,0.326749,-0.31375]],[[0.343119,-0.939286,-0.00323749],[-0.788513,-0.286166,-0.544386],[0.510408,0.189342,-0.838829]]],"btipPosition":[-55.459,259.207,3.66037],"carpPosition":[-22.3055,262.399,65.1728],"dipPosition":[-46.7436,262.44,-10.663],"direction":[-0.891513,-0.326749,0.31375],"extended":false,"handId":919,"id":9194,"length":50.0378,"mcpPosition":[-9.26055,276.058,10.9246],"pipPosition":[-29.4699,268.771,-16.7421],"stabilizedTipPosition":[-89.7303,195.135,225.332],"timeVisible":0.605556,"tipPosition":[-53.732,259.867,1.50129],"tipVelocity":[22.4895,65.0941,-144.486],"tool":false,"touchDistance":0.333333,"touchZone":"none","type":4,"width":15.9071}],"r":[[0.833946,-0.393236,0.387169],[0.425659,0.904881,0.00220887],[-0.351211,0.16296,0.922006]],"s":0.805613,"t":[55.3882,64.6224,-213.312],"timestamp":607446937246},false],[5,{"currentFrameRate":107.07,"devices":[],"gestures":[],"hands":[{"armBasis":[[0.58165,-0.458117,-0.672169],[0.67813,0.729454,0.0896487],[0.449247,-0.507962,0.73495]],"armWidth":63.1234,"confidence":0.846687,"direction":[0.122815,0.490219,-0.862903],"elbow":[84.0969,131.86,270.968],"grabStrength":0,"id":919,"palmNormal":[-0.680005,-0.591733,-0.43295],"palmPosition":[-37.8627,296.25,28.3448],"palmVelocity":[-11.4862,75.7738,-145.157],"palmWidth":90.138,"pinchStrength":1,"r":[[0.833604,-0.39088,0.390278],[0.422945,0.906146,0.00416437],[-0.355276,0.161595,0.920688]],"s":0.807694,"sphereCenter":[-62.6179,272.202,-10.0729],"sphereRadius":46.5912,"stabilizedPalmPosition":[-79.6187,239.632,210.99],"t":[55.2316,65.3751,-214.655],"timeVisible":0.614812,"type":"right","wrist":[-36.064,267.726,74.3896]}],"id":4478049,"interactionBox":{"center":[0,200,0],"size":[235.247,235.247,147.751]},"pointables":[{"bases":[[[0.923052,0.367405,0.113966],[-0.325566,0.588345,0.740174],[0.204892,-0.720322,0.662688]],[[0.77459,0.61489,-0.148055],[-0.476343,0.721174,0.502997],[0.416061,-0.319091,0.851513]],[[0.77459,0.61489,-0.148055],[-0.616051,0.786509,0.0434215],[0.143146,0.0575756,0.988025]],[[0.77459,0.61489,-0.148055],[-0.605578,0.653529,-0.454066],[-0.182442,0.441374,0.878581]]],"btipPosition":[-85.3491,281.407,-15.8043],"carpPosition":[-64.1697,277.806,80.0445],"dipPosition":[-89.5789,291.64,4.56517],"direction":[-0.143146,-0.0575756,-0.988025],"extended":false,"handId":919,"id":9190,"length":51.6284,"mcpPosition":[-64.1697,277.806,80.0445],"pipPosition":[-84.744,293.585,37.9371],"stabilizedTipPosition":[-127.712,226.065,168.36],"timeVisible":0.614812,"tipPosition":[-86.7002,284.072,-11.1385],"tipVelocity":[19.5613,71.255,-173.223],"tool":false,"touchDistance":-0.513563,"touchZone":"hovering","type":0,"width":20.0604},{"bases":[[[0.733207,-0.548558,-0.40186],[0.672438,0.672812,0.308466],[0.101165,-0.496396,0.862181]],[[0.740151,-0.610241,-0.282458],[0.653683,0.751472,0.0893765],[0.157718,-0.25079,0.955107]],[[0.740151,-0.610241,-0.282458],[0.634915,0.772564,-0.00537014],[0.221494,-0.175362,0.959265]],[[0.740151,-0.610241,-0.282458],[0.616991,0.783331,-0.0755992],[0.267392,-0.118319,0.956296]]],"btipPosition":[-67.8352,342.404,-65.4394],"carpPosition":[-43.9205,289.351,77.2011],"dipPosition":[-63.3094,340.401,-49.2535],"direction":[-0.221494,0.175362,-0.959265],"extended":true,"handId":919,"id":9191,"length":58.2569,"mcpPosition":[-51.2935,325.529,14.3647],"pipPosition":[-58.006,336.203,-26.2848],"stabilizedTipPosition":[-112.269,292.041,67.1509],"timeVisible":0.614812,"tipPosition":[-67.6103,340.574,-61.7031],"tipVelocity":[41.1848,115.247,-153.047],"tool":false,"touchDistance":-0.524118,"touchZone":"hovering","type":1,"width":19.1617},{"bases":[[[0.614685,-0.717186,-0.32834],[0.788773,0.559324,0.25494],[0.000808909,-0.415694,0.909504]],[[0.614673,-0.715082,-0.33292],[0.494152,0.678074,-0.544085],[0.61481,0.169921,0.770153]],[[0.614673,-0.715082,-0.33292],[-0.421944,0.0585179,-0.904731],[0.666439,0.696587,-0.265755]],[[0.614673,-0.715082,-0.33292],[-0.753578,-0.407686,-0.515666],[0.233017,0.567847,-0.789464]]],"btipPosition":[-86.5222,274.579,-5.0822],"carpPosition":[-33.9981,284.156,72.369],"dipPosition":[-82.1843,285.15,-19.7789],"direction":[-0.666439,-0.696587,0.265755],"extended":false,"handId":919,"id":9192,"length":66.379,"mcpPosition":[-34.0541,312.887,9.50885],"pipPosition":[-63.4106,304.773,-27.2652],"stabilizedTipPosition":[-115.014,194.34,224.295],"timeVisible":0.614812,"tipPosition":[-85.7411,276.329,-7.35569],"tipVelocity":[24.2871,70.8111,-177.031],"tool":false,"touchDistance":0.333333,"touchZone":"none","type":2,"width":18.8193},{"bases":[[[0.546882,-0.810651,-0.209198],[0.830297,0.493119,0.259694],[-0.107361,-0.315719,0.942759]],[[0.544418,-0.817325,-0.188648],[0.606936,0.539068,-0.583981],[0.578997,0.203433,0.789543]],[[0.544418,-0.817325,-0.188648],[-0.350099,-0.0170319,-0.936558],[0.76226,0.575925,-0.295417]],[[0.544418,-0.817325,-0.188648],[-0.758908,-0.38414,-0.525828],[0.357306,0.429437,-0.829408]]],"btipPosition":[-72.348,263.141,-2.10817],"carpPosition":[-25.8513,276.308,67.8809],"dipPosition":[-65.7346,271.09,-17.4597],"direction":[-0.76226,-0.575925,0.295417],"extended":false,"handId":919,"id":9193,"length":63.8252,"mcpPosition":[-19.1891,295.899,9.37942],"pipPosition":[-44.8162,286.895,-25.5667],"stabilizedTipPosition":[-102.556,187.739,225.991],"timeVisible":0.614812,"tipPosition":[-71.0766,264.502,-4.56689],"tipVelocity":[26.885,71.9595,-167.151],"tool":false,"touchDistance":0.333333,"touchZone":"none","type":3,"width":17.9078},{"bases":[[[0.386024,-0.912003,-0.138692],[0.892481,0.331186,0.306258],[-0.233375,-0.242003,0.941791]],[[0.349432,-0.936948,-0.00508534],[0.744031,0.280775,-0.606286],[0.569486,0.208072,0.79523]],[[0.349432,-0.936948,-0.00508534],[-0.288695,-0.102501,-0.951919],[0.891377,0.334099,-0.306309]],[[0.349432,-0.936948,-0.00508534],[-0.783223,-0.289114,-0.550432],[0.514256,0.196322,-0.834864]]],"btipPosition":[-55.2558,260.043,1.84285],"carpPosition":[-22.6612,263.256,63.6063],"dipPosition":[-46.4746,263.396,-12.4128],"direction":[-0.891377,-0.334099,0.306309],"extended":false,"handId":919,"id":9194,"length":50.0378,"mcpPosition":[-9.25561,277.158,9.50769],"pipPosition":[-29.2036,269.869,-18.3477],"stabilizedTipPosition":[-89.7232,195.148,225.288],"timeVisible":0.614812,"tipPosition":[-53.5243,260.727,-0.344604],"tipVelocity":[22.7988,73.0346,-158.599],"tool":false,"touchDistance":0.333333,"touchZone":"none","type":4,"width":15.9071}],"r":[[0.833604,-0.39088,0.390278],[0.422945,0.906146,0.00416437],[-0.355276,0.161595,0.920688]],"s":0.807694,"t":[55.2316,65.3751,-214.655],"timestamp":607446946502},false],[6,{"currentFrameRate":107.356,"devices":[],"gestures":[],"hands":[{"armBasis":[[0.585691,-0.456091,-0.670036],[0.67546,0.731578,0.0924498],[0.448018,-0.506729,0.736549]],"armWidth":63.1234,"confidence":0.852291,"direction":[0.124301,0.492241,-0.861538],"elbow":[83.572,132.607,270.46],"grabStrength":0,"id":919,"palmNormal":[-0.676696,-0.59297,-0.436427],"palmPosition":[-37.9868,296.75,27.4578],"palmVelocity":[-12.193,70.679,-133.231],"palmWidth":90.138,"pinchStrength":1,"r":[[0.833283,-0.388639,0.393192],[0.420209,0.907405,0.00635842],[-0.359256,0.159924,0.919434]],"s":0.809754,"sphereCenter":[-62.5386,272.723,-11.1276],"sphereRadius":46.6491,"stabilizedPalmPosition":[-79.5997,239.658,210.906],"t":[55.0913,66.0015,-215.77],"timeVisible":0.623606,"type":"right","wrist":[-36.2603,268.143,73.4542]}],"id":4478050,"interactionBox":{"center":[0,200,0],"size":[235.247,235.247,147.751]},"pointables":[{"bases":[[[0.921528,0.369994,0.11786],[-0.329917,0.585934,0.74016],[0.204797,-0.720962,0.662021]],[[0.775356,0.615445,-0.1416],[-0.478677,0.71899,0.503907],[0.411936,-0.322926,0.852072]],[[0.775356,0.615445,-0.1416],[-0.615605,0.786594,0.0479636],[0.140901,0.0499811,0.988761]],[[0.775356,0.615445,-0.1416],[-0.604293,0.657901,-0.44944],[-0.183447,0.434044,0.882016]]],"btipPosition":[-85.2923,282.344,-16.95],"carpPosition":[-64.416,278.127,79.031],"dipPosition":[-89.5454,292.408,3.49909],"direction":[-0.140901,-0.0499811,-0.988761],"extended":false,"handId":919,"id":9190,"length":51.6284,"mcpPosition":[-64.416,278.127,79.031],"pipPosition":[-84.7863,294.096,36.8958],"stabilizedTipPosition":[-127.701,226.08,168.313],"timeVisible":0.623606,"tipPosition":[-86.6083,284.773,-12.2428],"tipVelocity":[15.8703,79.5651,-161.102],"tool":false,"touchDistance":-0.507451,"touchZone":"hovering","type":0,"width":20.0604},{"bases":[[[0.736262,-0.545553,-0.400362],[0.669312,0.674264,0.312073],[0.0996976,-0.497734,0.86158]],[[0.742981,-0.607035,-0.281935],[0.651581,0.752313,0.0972993],[0.153039,-0.255995,0.954487]],[[0.742981,-0.607035,-0.281935],[0.633227,0.773963,0.00231706],[0.2168,-0.18025,0.959431]],[[0.742981,-0.607035,-0.281935],[0.61557,0.785122,-0.0682415],[0.262778,-0.122848,0.957004]]],"btipPosition":[-67.6106,343.305,-66.3066],"carpPosition":[-44.1924,289.739,76.2797],"dipPosition":[-63.1629,341.226,-50.1087],"direction":[-0.2168,0.18025,-0.959431],"extended":true,"handId":919,"id":9191,"length":58.2569,"mcpPosition":[-51.4584,326.015,13.487],"pipPosition":[-57.9718,336.91,-27.136],"stabilizedTipPosition":[-111.929,292.419,66.186],"timeVisible":0.623606,"tipPosition":[-67.3862,341.466,-62.5833],"tipVelocity":[36.4243,111.259,-138.307],"tool":false,"touchDistance":-0.513007,"touchZone":"hovering","type":1,"width":19.1617},{"bases":[[[0.618001,-0.714682,-0.327574],[0.786176,0.561234,0.258734],[-0.00106697,-0.417429,0.908709]],[[0.617998,-0.712506,-0.332285],[0.496011,0.681286,-0.538352],[0.60996,0.167884,0.774444]],[[0.617998,-0.712506,-0.332285],[-0.419548,0.0585508,-0.905843],[0.664874,0.699219,-0.262746]],[[0.617998,-0.712506,-0.332285],[-0.751559,-0.411379,-0.51568],[0.23073,0.568421,-0.789722]]],"btipPosition":[-86.3137,275.139,-6.20902],"carpPosition":[-34.2376,284.584,71.4721],"dipPosition":[-82.0184,285.721,-20.9105],"direction":[-0.664874,-0.699219,0.262746],"extended":false,"handId":919,"id":9192,"length":66.379,"mcpPosition":[-34.1638,313.434,8.66689],"pipPosition":[-63.2889,305.418,-28.3121],"stabilizedTipPosition":[-115.002,194.372,224.208],"timeVisible":0.623606,"tipPosition":[-85.5796,276.883,-8.54224],"tipVelocity":[23.8297,68.9643,-163.901],"tool":false,"touchDistance":0.333333,"touchZone":"none","type":2,"width":18.8193},{"bases":[[[0.550073,-0.808581,-0.208846],[0.827886,0.495146,0.263505],[-0.109656,-0.317847,0.941779]],[[0.547463,-0.815536,-0.187578],[0.607642,0.54153,-0.580961],[0.575374,0.204074,0.792022]],[[0.547463,-0.815536,-0.187578],[-0.34806,-0.0180659,-0.937298],[0.761011,0.578425,-0.293746]],[[0.547463,-0.815536,-0.187578],[-0.756973,-0.387057,-0.526478],[0.356758,0.430219,-0.829238]]],"btipPosition":[-72.2009,263.623,-3.08972],"carpPosition":[-26.0513,276.769,66.9973],"dipPosition":[-65.5977,271.586,-18.4381],"direction":[-0.761011,-0.578425,0.293746],"extended":false,"handId":919,"id":9193,"length":63.8252,"mcpPosition":[-19.2468,296.492,8.5566],"pipPosition":[-44.7135,287.459,-26.4993],"stabilizedTipPosition":[-102.545,187.765,225.914],"timeVisible":0.623606,"tipPosition":[-70.9432,264.999,-5.63003],"tipVelocity":[24.0782,67.4321,-152.177],"tool":false,"touchDistance":0.333333,"touchZone":"none","type":3,"width":17.9078},{"bases":[[[0.389281,-0.910557,-0.13909],[0.890402,0.333315,0.309976],[-0.23589,-0.244514,0.940515]],[[0.352834,-0.935657,-0.007405],[0.74482,0.285642,-0.603035],[0.566349,0.207256,0.79768]],[[0.352834,-0.935657,-0.007405],[-0.286767,-0.100599,-0.952704],[0.890659,0.33827,-0.30381]],[[0.352834,-0.935657,-0.007405],[-0.781706,-0.290411,-0.551904],[0.514242,0.200519,-0.833875]]],"btipPosition":[-55.1328,260.543,0.867648],"carpPosition":[-22.8067,263.735,62.7089],"dipPosition":[-46.3519,263.967,-13.3711],"direction":[-0.890659,-0.33827,0.30381],"extended":false,"handId":919,"id":9194,"length":50.0378,"mcpPosition":[-9.25664,277.781,8.68361],"pipPosition":[-29.0948,270.521,-19.2576],"stabilizedTipPosition":[-89.7146,195.164,225.234],"timeVisible":0.623606,"tipPosition":[-53.4089,261.241,-1.3663],"tipVelocity":[20.4248,69.1633,-145.636],"tool":false,"touchDistance":0.333333,"touchZone":"none","type":4,"width":15.9071}],"r":[[0.833283,-0.