{"sensorType":"Leap","data":[[0,{"currentFrameRate":107.013,"devices":[],"gestures":[],"hands":[{"armBasis":[[0.636508,-0.396593,-0.661492],[0.640487,0.749621,0.166866],[0.42969,-0.529889,0.731152]],"armWidth":63.1234,"confidence":0.851331,"direction":[0.0566628,0.493709,-0.867779],"elbow":[106.378,131.779,275.758],"grabStrength":0,"id":913,"palmNormal":[-0.648236,-0.642859,-0.408071],"palmPosition":[-14.0289,301.592,34.1694],"palmVelocity":[-9.07203,28.3041,-77.0695],"palmWidth":90.138,"pinchStrength":1,"r":[[0.43866,-0.838334,0.323689],[0.799351,0.199411,-0.56681],[0.410629,0.507378,0.757596]],"s":0.74476,"sphereCenter":[-40.982,278.561,-2.01676],"sphereRadius":45.6806,"stabilizedPalmPosition":[-55.3113,249.311,228.512],"t":[61.6812,74.9242,-244.517],"timeVisible":0.813534,"type":"right","wrist":[-8.55192,273.51,80.1954]}],"id":4474680,"interactionBox":{"center":[0,200,0],"size":[235.247,235.247,147.751]},"pointables":[{"bases":[[[0.896408,0.435665,0.0815327],[-0.343316,0.566145,0.749409],[0.280332,-0.699768,0.657068]],[[0.776742,0.61972,-0.112333],[-0.498688,0.714098,0.491299],[0.384684,-0.325594,0.863717]],[[0.776742,0.61972,-0.112333],[-0.616895,0.784551,0.0626109],[0.126932,0.0206651,0.991696]],[[0.776742,0.61972,-0.112333],[-0.609927,0.695679,-0.379499],[-0.157036,0.363288,0.918347]]],"btipPosition":[-56.7929,288.478,-10.7175],"carpPosition":[-37.1237,281.498,86.7807],"dipPosition":[-60.4337,296.9,10.5739],"direction":[-0.126932,-0.0206651,-0.991696],"extended":false,"handId":913,"id":9130,"length":51.6284,"mcpPosition":[-37.1237,281.498,86.7807],"pipPosition":[-56.1464,297.598,44.0698],"stabilizedTipPosition":[-86.2755,259.756,145.427],"timeVisible":0.813534,"tipPosition":[-57.4854,289.446,-5.50582],"tipVelocity":[-16.6082,59.2329,-80.8708],"tool":false,"touchDistance":-0.447086,"touchZone":"touching","type":0,"width":20.0604},{"bases":[[[0.758062,-0.49444,-0.425289],[0.630438,0.72253,0.283721],[0.167001,-0.483197,0.859437]],[[0.771827,-0.544562,-0.328231],[0.601497,0.792682,0.0992786],[0.20612,-0.274056,0.939366]],[[0.771827,-0.544562,-0.328231],[0.576837,0.816859,0.00118039],[0.267476,-0.190247,0.944597]],[[0.771827,-0.544562,-0.328231],[0.554232,0.829203,-0.0724554],[0.311627,-0.125993,0.941814]]],"btipPosition":[-50.5222,348.071,-57.9537],"carpPosition":[-17.8996,294.504,83.2205],"dipPosition":[-45.2478,345.939,-42.0129],"direction":[-0.267476,0.190247,-0.944597],"extended":true,"handId":913,"id":9131,"length":58.2569,"mcpPosition":[-30.0708,329.72,20.5841],"pipPosition":[-38.8433,341.384,-19.3954],"stabilizedTipPosition":[-102.881,298.879,126.881],"timeVisible":0.813534,"tipPosition":[-49.8546,346.283,-54.3393],"tipVelocity":[4.79392,48.5395,-79.8458],"tool":false,"touchDistance":-0.4512,"touchZone":"hovering","type":1,"width":19.1617},{"bases":[[[0.654999,-0.671056,-0.347361],[0.753035,0.617754,0.226536],[0.0625647,-0.409956,0.909957]],[[0.65422,-0.666199,-0.358017],[0.410515,0.710371,-0.571709],[0.635196,0.227052,0.738223]],[[0.65422,-0.666199,-0.358017],[-0.567822,-0.119973,-0.814361],[0.499574,0.736061,-0.456771]],[[0.65422,-0.666199,-0.358017],[-0.753729,-0.613345,-0.236009],[-0.0623584,0.42425,-0.903396]]],"btipPosition":[-55.353,278.898,9.60956],"carpPosition":[-7.78659,290.038,78.0655],"dipPosition":[-56.5138,286.796,-7.20808],"direction":[-0.499574,-0.736061,0.456771],"extended":false,"handId":913,"id":9132,"length":66.379,"mcpPosition":[-12.1107,318.372,15.1741],"pipPosition":[-42.4408,307.531,-20.0754],"stabilizedTipPosition":[-73.6978,242.197,150.609],"timeVisible":0.813534,"tipPosition":[-55.7725,280.077,6.64441],"tipVelocity":[-4.89734,36.3118,-97.0091],"tool":false,"touchDistance":0.333333,"touchZone":"none","type":2,"width":18.8193},{"bases":[[[0.598424,-0.768717,-0.225749],[0.799518,0.554848,0.230032],[-0.0515732,-0.318147,0.946638]],[[0.596628,-0.777828,-0.197532],[0.551861,0.576361,-0.602708],[0.582653,0.250582,0.773126]],[[0.596628,-0.777828,-0.197532],[-0.490444,-0.158574,-0.856924],[0.635216,0.608143,-0.476091]],[[0.596628,-0.777828,-0.197532],[-0.797536,-0.547297,-0.253778],[0.0892874,0.308949,-0.946878]]],"btipPosition":[-40.9068,269.039,10.9507],"carpPosition":[0.766466,282.796,73.3214],"dipPosition":[-39.2542,274.758,-6.57513],"direction":[-0.635216,-0.608143,0.476091],"extended":false,"handId":913,"id":9133,"length":63.8252,"mcpPosition":[3.96676,302.538,14.5792],"pipPosition":[-21.8222,291.447,-19.6403],"stabilizedTipPosition":[-58.1772,235.925,151.693],"timeVisible":0.813534,"tipPosition":[-40.8471,269.892,7.69676],"tipVelocity":[1.66703,31.3016,-81.3806],"tool":false,"touchDistance":0.333333,"touchZone":"none","type":3,"width":17.9078},{"bases":[[[0.448048,-0.881412,-0.149553],[0.875143,0.398228,0.274843],[-0.182694,-0.254023,0.949787]],[[0.408469,-0.912518,0.021543],[0.707146,0.301439,-0.639592],[0.577146,0.276488,0.768412]],[[0.408469,-0.912518,0.021543],[-0.455013,-0.224023,-0.861845],[0.791275,0.342235,-0.506714]],[[0.408469,-0.912518,0.021543],[-0.877632,-0.39912,-0.265453],[0.250829,0.0895225,-0.963883]]],"btipPosition":[-24.562,266.744,13.7749],"carpPosition":[4.77451,269.997,68.9723],"dipPosition":[-20.2789,268.273,-2.68376],"direction":[-0.791275,-0.342235,0.506714],"extended":false,"handId":913,"id":9134,"length":50.0378,"mcpPosition":[15.2688,284.589,14.4144],"pipPosition":[-4.94747,274.904,-12.5017],"stabilizedTipPosition":[-48.4165,228.018,181.852],"timeVisible":0.813534,"tipPosition":[-23.8928,266.808,10.7685],"tipVelocity":[0.623193,28.8861,-76.4193],"tool":false,"touchDistance":0.333333,"touchZone":"none","type":4,"width":15.9071}],"r":[[0.43866,-0.838334,0.323689],[0.799351,0.199411,-0.56681],[0.410629,0.507378,0.757596]],"s":0.74476,"t":[61.6812,74.9242,-244.517],"timestamp":607415076683},false],[1,{"currentFrameRate":107.204,"devices":[],"gestures":[],"hands":[{"armBasis":[[0.635524,-0.39777,-0.661731],[0.641596,0.748854,0.166046],[0.429492,-0.530091,0.731123]],"armWidth":63.1234,"confidence":0.855965,"direction":[0.0561705,0.493079,-0.868169],"elbow":[106.274,131.982,275.401],"grabStrength":0,"id":913,"palmNormal":[-0.649462,-0.642386,-0.406865],"palmPosition":[-14.1039,301.825,33.809],"palmVelocity":[-8.87502,27.6565,-66.9462],"palmWidth":90.138,"pinchStrength":1,"r":[[0.439072,-0.837747,0.324647],[0.799288,0.1992,-0.566973],[0.41031,0.508428,0.757064]],"s":0.745893,"sphereCenter":[-41.0853,278.673,-2.44997],"sphereRadius":45.8054,"stabilizedPalmPosition":[-55.2967,249.33,228.443],"t":[61.6132,75.1329,-244.952],"timeVisible":0.822514,"type":"right","wrist":[-8.60299,273.766,79.8466]}],"id":4474681,"interactionBox":{"center":[0,200,0],"size":[235.247,235.247,147.751]},"pointables":[{"bases":[[[0.897002,0.434698,0.0801607],[-0.341761,0.567023,0.749456],[0.280334,-0.699659,0.657183]],[[0.778594,0.617436,-0.112091],[-0.495822,0.714775,0.493211],[0.384646,-0.328433,0.862658]],[[0.778594,0.617436,-0.112091],[-0.613964,0.786451,0.0673992],[0.129769,0.0163432,0.99141]],[[0.778594,0.617436,-0.112091],[-0.609014,0.700402,-0.372207],[-0.151306,0.358063,0.921356]]],"btipPosition":[-57.0536,289.179,-11.0445],"carpPosition":[-37.1576,281.791,86.4614],"dipPosition":[-60.5616,297.48,10.3166],"direction":[-0.129769,-0.0163432,-0.99141],"extended":false,"handId":913,"id":9130,"length":51.6284,"mcpPosition":[-37.1576,281.791,86.4614],"pipPosition":[-56.1785,298.032,43.8028],"stabilizedTipPosition":[-86.0991,259.95,144.487],"timeVisible":0.822514,"tipPosition":[-57.6924,290.064,-5.83846],"tipVelocity":[-19.0805,63.5437,-68.1982],"tool":false,"touchDistance":-0.435376,"touchZone":"touching","type":0,"width":20.0604},{"bases":[[[0.756982,-0.495579,-0.425887],[0.631604,0.721997,0.282485],[0.167495,-0.482827,0.859548]],[[0.770789,-0.545559,-0.329014],[0.603141,0.791209,0.10104],[0.205196,-0.276322,0.938904]],[[0.770789,-0.545559,-0.329014],[0.578291,0.815828,0.00199971],[0.267328,-0.191807,0.944323]],[[0.770789,-0.545559,-0.329014],[0.55542,0.828408,-0.0724402],[0.312078,-0.126905,0.941543]]],"btipPosition":[-50.5465,348.463,-58.2822],"carpPosition":[-17.9231,294.773,82.8693],"dipPosition":[-45.2644,346.315,-42.346],"direction":[-0.267328,0.191807,-0.944323],"extended":true,"handId":913,"id":9131,"length":58.2569,"mcpPosition":[-30.1303,329.962,20.2248],"pipPosition":[-38.8635,341.722,-19.735],"stabilizedTipPosition":[-102.725,299.022,126.35],"timeVisible":0.822514,"tipPosition":[-49.8816,346.694,-54.6691],"tipVelocity":[2.79316,47.0794,-68.0187],"tool":false,"touchDistance":-0.439356,"touchZone":"hovering","type":1,"width":19.1617},{"bases":[[[0.653813,-0.672027,-0.347718],[0.754012,0.617043,0.225219],[0.0632033,-0.409435,0.910148]],[[0.652985,-0.666933,-0.358903],[0.414069,0.711157,-0.568156],[0.634159,0.222387,0.740531]],[[0.652985,-0.666933,-0.358903],[-0.566727,-0.115908,-0.815712],[0.502425,0.736048,-0.453655]],[[0.652985,-0.666933,-0.358903],[-0.75486,-0.611659,-0.236769],[-0.0616176,0.425528,-0.902845]]],"btipPosition":[-55.4765,279.316,9.02766],"carpPosition":[-7.82145,290.293,77.705],"dipPosition":[-56.6236,287.237,-7.77974],"direction":[-0.502425,-0.736048,0.453655],"extended":false,"handId":913,"id":9132,"length":66.379,"mcpPosition":[-12.1897,318.591,14.8004],"pipPosition":[-42.4702,307.972,-20.5593],"stabilizedTipPosition":[-73.6893,242.215,150.539],"timeVisible":0.822514,"tipPosition":[-55.8818,280.5,6.09283],"tipVelocity":[-7.22943,39.2765,-88.11],"tool":false,"touchDistance":0.333333,"touchZone":"none","type":2,"width":18.8193},{"bases":[[[0.597274,-0.769545,-0.225974],[0.800427,0.554087,0.2287],[-0.0507855,-0.317472,0.946907]],[[0.595544,-0.778455,-0.19833],[0.556822,0.577977,-0.596567],[0.579031,0.244847,0.777672]],[[0.595544,-0.778455,-0.19833],[-0.487533,-0.154023,-0.859412],[0.638466,0.60851,-0.47125]],[[0.595544,-0.778455,-0.19833],[-0.798273,-0.545844,-0.254586],[0.0899267,0.309939,-0.946494]]],"btipPosition":[-40.9452,269.465,10.2267],"carpPosition":[0.717599,283.037,72.9553],"dipPosition":[-39.2808,275.201,-7.29197],"direction":[-0.638466,-0.60851,0.47125],"extended":false,"handId":913,"id":9133,"length":63.8252,"mcpPosition":[3.86901,302.738,14.1964],"pipPosition":[-21.7596,291.9,-20.2243],"stabilizedTipPosition":[-58.1666,235.946,151.606],"timeVisible":0.822514,"tipPosition":[-40.8853,270.305,7.05259],"tipVelocity":[0.120093,35.828,-81.1217],"tool":false,"touchDistance":0.333333,"touchZone":"none","type":3,"width":17.9078},{"bases":[[[0.446863,-0.882018,-0.149522],[0.875929,0.39741,0.273521],[-0.181829,-0.253197,0.950173]],[[0.406912,-0.913161,0.0236673],[0.709076,0.299424,-0.638401],[0.575876,0.276555,0.76934]],[[0.406912,-0.913161,0.0236673],[-0.455103,-0.225126,-0.86151],[0.792025,0.339788,-0.507188]],[[0.406912,-0.913161,0.0236673],[-0.87877,-0.398397,-0.262759],[0.24937,0.0861217,-0.964571]]],"btipPosition":[-24.6255,267.034,13.3785],"carpPosition":[4.70579,270.231,68.6096],"dipPosition":[-20.3674,268.505,-3.09189],"direction":[-0.792026,-0.339788,0.507188],"extended":false,"handId":913,"id":9134,"length":50.0378,"mcpPosition":[15.1505,284.776,14.0295],"pipPosition":[-5.02139,275.088,-12.919],"stabilizedTipPosition":[-48.4109,228.027,181.812],"timeVisible":0.822514,"tipPosition":[-23.9731,267.08,10.3602],"tipVelocity":[-1.66197,29.4096,-67.6553],"tool":false,"touchDistance":0.333333,"touchZone":"none","type":4,"width":15.9071}],"r":[[0.439072,-0.837747,0.324647],[0.799288,0.1992,-0.566973],[0.41031,0.508428,0.757064]],"s":0.745893,"t":[61.6132,75.1329,-244.952],"timestamp":607415085663},false],[2,{"currentFrameRate":107.346,"devices":[],"gestures":[],"hands":[{"armBasis":[[0.635561,-0.397883,-0.661627],[0.641613,0.748851,0.165998],[0.429412,-0.530011,0.731228]],"armWidth":63.1234,"confidence":0.816663,"direction":[0.0568593,0.49631,-0.866281],"elbow":[106.148,132.145,275.076],"grabStrength":0,"id":913,"palmNormal":[-0.649693,-0.640436,-0.409562],"palmPosition":[-14.1709,302.143,33.5588],"palmVelocity":[-8.4677,29.7323,-56.0913],"palmWidth":90.138,"pinchStrength":1,"r":[[0.439268,-0.837577,0.324819],[0.799312,0.199358,-0.566883],[0.410054,0.508646,0.757057]],"s":0.746322,"sphereCenter":[-41.1473,279.046,-2.89935],"sphereRadius":45.9059,"stabilizedPalmPosition":[-55.2798,249.352,228.363],"t":[61.5457,75.3966,-245.295],"timeVisible":0.831571,"type":"right","wrist":[-8.70775,273.908,79.4927]}],"id":4474682,"interactionBox":{"center":[0,200,0],"size":[235.247,235.247,147.751]},"pointables":[{"bases":[[[0.897242,0.433822,0.0821843],[-0.341726,0.564413,0.75144],[0.279605,-0.702308,0.654663]],[[0.779972,0.616378,-0.108265],[-0.494789,0.713299,0.496375],[0.38318,-0.333591,0.86133]],[[0.779972,0.616378,-0.108265],[-0.612046,0.7874,0.0734937],[0.130548,0.00894004,0.991402]],[[0.779972,0.616378,-0.108265],[-0.607957,0.705259,-0.364689],[-0.148431,0.350267,0.924814]]],"btipPosition":[-57.1766,289.999,-11.3948],"carpPosition":[-37.2602,281.926,86.1254],"dipPosition":[-60.6179,298.12,10.0466],"direction":[-0.130548,-0.00894004,-0.991402],"extended":false,"handId":913,"id":9130,"length":51.6284,"mcpPosition":[-37.2602,281.926,86.1254],"pipPosition":[-56.2085,298.422,43.5325],"stabilizedTipPosition":[-85.8391,260.245,143.091],"timeVisible":0.831571,"tipPosition":[-57.7941,290.824,-6.18711],"tipVelocity":[-17.0948,69.7552,-59.4847],"tool":false,"touchDistance":-0.425148,"touchZone":"touching","type":0,"width":20.0604},{"bases":[[[0.756852,-0.494452,-0.427424],[0.631939,0.720526,0.285475],[0.166817,-0.486168,0.857795]],[[0.770569,-0.544722,-0.330909],[0.603978,0.789898,0.106166],[0.203553,-0.28167,0.937672]],[[0.770569,-0.544722,-0.330909],[0.578956,0.815337,0.0060228],[0.266521,-0.196223,0.943643]],[[0.770569,-0.544722,-0.330909],[0.555831,0.828399,-0.0693298],[0.31189,-0.130506,0.941112]]],"btipPosition":[-50.4974,349.237,-58.3572],"carpPosition":[-18.0159,294.91,82.5906],"dipPosition":[-45.2185,347.028,-42.4282],"direction":[-0.266521,0.196223,-0.943644],"extended":true,"handId":913,"id":9131,"length":58.2569,"mcpPosition":[-30.1736,330.342,20.0738],"pipPosition":[-38.8368,342.33,-19.8336],"stabilizedTipPosition":[-102.498,299.233,125.583],"timeVisible":0.831571,"tipPosition":[-49.8259,347.483,-54.7528],"tipVelocity":[3.49624,57.2478,-51.5787],"tool":false,"touchDistance":-0.424904,"touchZone":"hovering","type":1,"width":19.1617},{"bases":[[[0.653537,-0.671128,-0.349965],[0.754305,0.615711,0.227867],[0.0625493,-0.4129,0.908626]],[[0.652669,-0.665702,-0.361752],[0.419384,0.715083,-0.559261],[0.630984,0.213299,0.745897]],[[0.652669,-0.665702,-0.361752],[-0.562952,-0.106552,-0.819593],[0.507059,0.738571,-0.444301]],[[0.652669,-0.665702,-0.361752],[-0.755421,-0.608332,-0.243459],[-0.057994,0.432173,-0.899924]]],"btipPosition":[-55.5711,279.944,8.2675],"carpPosition":[-7.9148,290.442,77.4138],"dipPosition":[-56.6507,287.989,-8.48553],"direction":[-0.507059,-0.738571,0.444301],"extended":false,"handId":913,"id":9132,"length":66.379,"mcpPosition":[-12.2379,318.979,14.6144],"pipPosition":[-42.3668,308.795,-21.0015],"stabilizedTipPosition":[-73.6784,242.239,150.451],"timeVisible":0.831571,"tipPosition":[-55.9396,281.147,5.39849],"tipVelocity":[-7.64263,48.4421,-86.575],"tool":false,"touchDistance":0.333333,"touchZone":"none","type":2,"width":18.8193},{"bases":[[[0.596884,-0.769068,-0.228614],[0.80068,0.552712,0.23113],[-0.051397,-0.321005,0.945682]],[[0.595177,-0.777903,-0.201573],[0.56219,0.582305,-0.58725],[0.574201,0.236195,0.783904]],[[0.595177,-0.777903,-0.201573],[-0.483142,-0.145955,-0.863291],[0.642136,0.6112,-0.462706]],[[0.595177,-0.777903,-0.201573],[-0.798285,-0.543554,-0.259403],[0.0922242,0.315304,-0.944499]]],"btipPosition":[-40.9326,270.055,9.44062],"carpPosition":[0.621703,283.199,72.6404],"dipPosition":[-39.2256,275.891,-8.04116],"direction":[-0.642136,-0.611199,0.462706],"extended":false,"handId":913,"id":9133,"length":63.8252,"mcpPosition":[3.81107,303.119,13.9575],"pipPosition":[-21.6038,292.664,-20.739],"stabilizedTipPosition":[-58.1539,235.972,151.5],"timeVisible":0.831571,"tipPosition":[-40.8619,270.905,6.33458],"tipVelocity":[0.769376,44.6433,-82.4294],"tool":false,"touchDistance":0.333333,"touchZone":"none","type":3,"width":17.9078},{"bases":[[[0.446368,-0.881733,-0.152651],[0.876062,0.39582,0.275394],[-0.182401,-0.256659,0.949134]],[[0.405877,-0.913662,0.0220476],[0.711612,0.300799,-0.634924],[0.573474,0.273391,0.77226]],[[0.405877,-0.913662,0.0220476],[-0.453638,-0.222346,-0.863003],[0.793395,0.340272,-0.504717]],[[0.405877,-0.913662,0.0220476],[-0.879145,-0.396909,-0.263757],[0.249735,0.0876698,-0.964337]]],"btipPosition":[-24.6434,267.484,12.9227],"carpPosition":[4.60366,270.407,68.2483],"dipPosition":[-20.3791,268.981,-3.54374],"direction":[-0.793395,-0.340272,0.504717],"extended":false,"handId":913,"id":9134,"length":50.0378,"mcpPosition":[15.0812,285.15,13.7278],"pipPosition":[-5.00651,275.574,-13.323],"stabilizedTipPosition":[-48.4039,228.038,181.764],"timeVisible":0.831571,"tipPosition":[-23.9973,267.531,9.89565],"tipVelocity":[-1.70466,35.1813,-62.8447],"tool":false,"touchDistance":0.333333,"touchZone":"none","type":4,"width":15.9071}],"r":[[0.439268,-0.837577,0.324819],[0.799312,0.199358,-0.566883],[0.410054,0.508646,0.757057]],"s":0.746322,"t":[61.5457,75.3966,-245.295],"timestamp":607415094720},false],[3,{"currentFrameRate":107.524,"devices":[],"gestures":[],"hands":[{"armBasis":[[0.63528,-0.398731,-0.661388],[0.64169,0.749054,0.164777],[0.429713,-0.529086,0.73172]],"armWidth":63.1234,"confidence":0.821569,"direction":[0.0576659,0.496542,-0.866095],"elbow":[106.038,132.667,274.755],"grabStrength":0,"id":913,"palmNormal":[-0.649789,-0.639957,-0.410158],"palmPosition":[-14.3178,302.434,33.112],"palmVelocity":[-10.6298,30.4737,-54.3617],"palmWidth":90.138,"pinchStrength":1,"r":[[0.439293,-0.83751,0.324961],[0.799423,0.199431,-0.566701],[0.40981,0.508729,0.757133]],"s":0.746589,"sphereCenter":[-41.1728,279.079,-3.54141],"sphereRadius":46.079,"stabilizedPalmPosition":[-55.2601,249.377,228.269],"t":[61.4385,75.674,-245.69],"timeVisible":0.840547,"type":"right","wrist":[-8.89841,274.182,79.0407]}],"id":4474683,"interactionBox":{"center":[0,200,0],"size":[235.247,235.247,147.751]},"pointables":[{"bases":[[[0.897428,0.433308,0.0828709],[-0.341883,0.564371,0.751399],[0.278817,-0.702659,0.654623]],[[0.781632,0.614662,-0.106029],[-0.493016,0.712955,0.498629],[0.382082,-0.33747,0.860306]],[[0.781632,0.614662,-0.106029],[-0.609429,0.788788,0.0800579],[0.132843,0.00204152,0.991135]],[[0.781632,0.614662,-0.106029],[-0.607208,0.710964,-0.354723],[-0.142651,0.341644,0.92894]]],"btipPosition":[-57.5242,290.912,-11.898],"carpPosition":[-37.4505,282.214,85.6582],"dipPosition":[-60.8315,298.833,9.63897],"direction":[-0.132843,-0.00204152,-0.991135],"extended":false,"handId":913,"id":9130,"length":51.6284,"mcpPosition":[-37.4505,282.214,85.6582],"pipPosition":[-56.3446,298.902,43.1159],"stabilizedTipPosition":[-85.469,260.682,141.076],"timeVisible":0.840547,"tipPosition":[-58.0588,291.616,-6.69069],"tipVelocity":[-22.0806,77.0953,-57.8767],"tool":false,"touchDistance":-0.418186,"touchZone":"touching","type":0,"width":20.0604},{"bases":[[[0.756847,-0.494735,-0.427106],[0.632155,0.720094,0.286084],[0.166021,-0.486519,0.857751]],[[0.770474,-0.545026,-0.330631],[0.604549,0.789245,0.107762],[0.202216,-0.28291,0.937588]],[[0.770474,-0.545026,-0.330631],[0.57942,0.815001,0.00674639],[0.265788,-0.196772,0.943736]],[[0.770474,-0.545026,-0.330631],[0.556126,0.828204,-0.0692985],[0.311599,-0.13048,0.941212]]],"btipPosition":[-50.5411,349.607,-58.8056],"carpPosition":[-18.197,295.188,82.1392],"dipPosition":[-45.2671,347.398,-42.875],"direction":[-0.265788,0.196772,-0.943736],"extended":true,"handId":913,"id":9131,"length":58.2569,"mcpPosition":[-30.2967,330.646,19.6257],"pipPosition":[-38.903,342.687,-20.2781],"stabilizedTipPosition":[-102.216,299.498,124.623],"timeVisible":0.840547,"tipPosition":[-49.8638,347.877,-55.2019],"tipVelocity":[1.16986,52.8446,-51.1244],"tool":false,"touchDistance":-0.417468,"touchZone":"hovering","type":1,"width":19.1617},{"bases":[[[0.653388,-0.671379,-0.349765],[0.7545,0.61523,0.228521],[0.061762,-0.41321,0.908539]],[[0.652505,-0.665803,-0.361861],[0.424064,0.716578,-0.553792],[0.628018,0.2079,0.749914]],[[0.652505,-0.665803,-0.361861],[-0.560063,-0.102048,-0.822141],[0.510457,0.739116,-0.439479]],[[0.652505,-0.665803,-0.361861],[-0.755712,-0.607028,-0.245797],[-0.0560072,0.433846,-0.899244]]],"btipPosition":[-55.6881,280.451,7.4867],"carpPosition":[-8.09516,290.716,76.9673],"dipPosition":[-56.7307,288.527,-9.25367],"direction":[-0.510457,-0.739116,0.439479],"extended":false,"handId":913,"id":9132,"length":66.379,"mcpPosition":[-12.3638,319.275,14.1739],"pipPosition":[-42.3511,309.348,-21.6338],"stabilizedTipPosition":[-73.665,242.269,150.339],"timeVisible":0.840547,"tipPosition":[-56.0467,281.651,4.64312],"tipVelocity":[-8.86048,50.8692,-86.599],"tool":false,"touchDistance":0.333333,"touchZone":"none","type":2,"width":18.8193},{"bases":[[[0.596606,-0.769324,-0.228478],[0.800838,0.552206,0.231793],[-0.0521571,-0.321263,0.945552]],[[0.594912,-0.778015,-0.201921],[0.566568,0.584082,-0.581248],[0.570158,0.23139,0.788276]],[[0.594912,-0.778015,-0.201921],[-0.47919,-0.141604,-0.866213],[0.645334,0.612079,-0.457059]],[[0.594912,-0.778015,-0.201921],[-0.798183,-0.542196,-0.26254],[0.0947796,0.317358,-0.943557]]],"btipPosition":[-41.0229,270.493,8.63933],"carpPosition":[0.440345,283.47,72.197],"dipPosition":[-39.2687,276.367,-8.82502],"direction":[-0.645334,-0.612079,0.457059],"extended":false,"handId":913,"id":9133,"length":63.8252,"mcpPosition":[3.67688,303.406,13.5222],"pipPosition":[-21.559,293.164,-21.3679],"stabilizedTipPosition":[-58.1393,236.002,151.378],"timeVisible":0.840547,"tipPosition":[-40.9344,271.35,5.57511],"tipVelocity":[-1.86632,46.0432,-84.1811],"tool":false,"touchDistance":0.333333,"touchZone":"none","type":3,"width":17.9078},{"bases":[[[0.445982,-0.88193,-0.152642],[0.876107,0.395258,0.276056],[-0.183128,-0.256847,0.948943]],[[0.404824,-0.914079,0.0240108],[0.715157,0.300145,-0.631239],[0.569796,0.272712,0.775216]],[[0.404824,-0.914079,0.0240108],[-0.45086,-0.222382,-0.864449],[0.795514,0.339124,-0.502148]],[[0.404824,-0.914079,0.0240108],[-0.879261,-0.396344,-0.264218],[0.251032,0.0858499,-0.964164]]],"btipPosition":[-24.7216,267.842,12.3325],"carpPosition":[4.41804,270.678,67.8034],"dipPosition":[-20.4351,269.308,-4.13095],"direction":[-0.795514,-0.339124,0.502148],"extended":false,"handId":913,"id":9134,"length":50.0378,"mcpPosition":[14.9373,285.431,13.294],"pipPosition":[-5.02153,275.879,-13.8604],"stabilizedTipPosition":[-48.3958,228.052,181.707],"timeVisible":0.840547,"tipPosition":[-24.0792,267.881,9.31165],"tipVelocity":[-3.46997,36.2606,-63.6195],"tool":false,"touchDistance":0.333333,"touchZone":"none","type":4,"width":15.9071}],"r":[[0.439293,-0.83751,0.324961],[0.799423,0.199431,-0.566701],[0.40981,0.508729,0.757133]],"s":0.746589,"t":[61.4385,75.674,-245.69],"timestamp":607415103696},false],[4,{"currentFrameRate":107.577,"devices":[],"gestures":[],"hands":[{"armBasis":[[0.636428,-0.397769,-0.660862],[0.641154,0.749119,0.166558],[0.428813,-0.529717,0.731792]],"armWidth":63.1234,"confidence":0.826348,"direction":[0.0582333,0.496597,-0.866026],"elbow":[105.657,132.705,274.403],"grabStrength":0,"id":913,"palmNormal":[-0.648935,-0.640383,-0.410844],"palmPosition":[-14.4293,302.639,32.7355],"palmVelocity":[-11.0459,28.1637,-50.6006],"palmWidth":90.138,"pinchStrength":1,"r":[[0.439357,-0.837398,0.325162],[0.799603,0.199598,-0.566389],[0.409391,0.508847,0.75728]],"s":0.746717,"sphereCenter":[-41.1707,279.078,-4.06269],"sphereRadius":46.2037,"stabilizedPalmPosition":[-55.237,249.407,228.158],"t":[61.3291,75.9149,-246.076],"timeVisible":0.849747,"type":"right","wrist":[-9.0387,274.39,78.6694]}],"id":4474684,"interactionBox":{"center":[0,200,0],"size":[235.247,235.247,147.751]},"pointables":[{"bases":[[[0.897052,0.433905,0.0838102],[-0.34304,0.564128,0.751054],[0.278607,-0.702485,0.654899]],[[0.78236,0.614096,-0.103918],[-0.49274,0.712328,0.499796],[0.380946,-0.339816,0.859887]],[[0.78236,0.614096,-0.103918],[-0.608343,0.789228,0.0838955],[0.133535,-0.00241873,0.991041]],[[0.78236,0.614096,-0.103918],[-0.606552,0.713345,-0.351047],[-0.141447,0.337677,0.930573]]],"btipPosition":[-57.6719,291.459,-12.3128],"carpPosition":[-37.603,282.402,85.2574],"dipPosition":[-60.9512,299.288,9.26206],"direction":[-0.133535,0.00241873,-0.991041],"extended":false,"handId":913,"id":9130,"length":51.6284,"mcpPosition":[-37.603,282.402,85.2574],"pipPosition":[-56.4409,299.206,42.7358],"stabilizedTipPosition":[-84.9654,261.288,138.312],"timeVisible":0.849747,"tipPosition":[-58.1895,292.121,-7.12349],"tipVelocity":[-20.1972,71.5052,-54.0334],"tool":false,"touchDistance":-0.410791,"touchZone":"touching","type":0,"width":20.0604},{"bases":[[[0.75762,-0.494222,-0.426329],[0.631377,0.720511,0.286753],[0.165455,-0.486425,0.857914]],[[0.771178,-0.544497,-0.32986],[0.604112,0.78936,0.109361],[0.200831,-0.283609,0.937674]],[[0.771178,-0.544497,-0.32986],[0.578932,0.81534,0.00760844],[0.264805,-0.196834,0.943999]],[[0.771178,-0.544497,-0.32986],[0.555532,0.828625,-0.0690277],[0.310915,-0.130015,0.941503]]],"btipPosition":[-50.5634,349.824,-59.213],"carpPosition":[-18.3545,295.389,81.7586],"dipPosition":[-45.3009,347.623,-43.2775],"direction":[-0.264805,0.196834,-0.943999],"extended":true,"handId":913,"id":9131,"length":58.2569,"mcpPosition":[-30.413,330.84,19.2332],"pipPosition":[-38.9604,342.91,-20.6743],"stabilizedTipPosition":[-101.891,299.804,123.517],"timeVisible":0.849747,"tipPosition":[-49.8815,348.119,-55.6088],"tipVelocity":[0.0847041,44.7245,-49.1761],"tool":false,"touchDistance":-0.410148,"touchZone":"hovering","type":1,"width":19.1617},{"bases":[[[0.654198,-0.670936,-0.349099],[0.753851,0.61573,0.229315],[0.0610948,-0.413186,0.908595]],[[0.653317,-0.665313,-0.361297],[0.427036,0.717897,-0.549786],[0.625154,0.204898,0.753127]],[[0.653317,-0.665313,-0.361297],[-0.557564,-0.0999895,-0.82409],[0.512152,0.739838,-0.436279]],[[0.653317,-0.665313,-0.361297],[-0.755086,-0.607265,-0.247135],[-0.0549812,0.434268,-0.899104]]],"btipPosition":[-55.7213,280.772,6.8665],"carpPosition":[-8.24434,290.924,76.5971],"dipPosition":[-56.7448,288.856,-9.87127],"direction":[-0.512152,-0.739838,0.436279],"extended":false,"handId":913,"id":9132,"length":66.379,"mcpPosition":[-12.4669,319.481,13.7998],"pipPosition":[-42.3174,309.698,-22.1613],"stabilizedTipPosition":[-73.6489,242.306,150.206],"timeVisible":0.849747,"tipPosition":[-56.0795,281.971,4.0223],"tipVelocity":[-7.25709,46.4609,-81.2139],"tool":false,"touchDistance":0.333333,"touchZone":"none","type":2,"width":18.8193},{"bases":[[[0.597356,-0.768921,-0.227873],[0.800228,0.552736,0.232635],[-0.052924,-0.321316,0.945492]],[[0.595661,-0.777527,-0.201594],[0.568964,0.585584,-0.577383],[0.566981,0.229225,0.791194]],[[0.595661,-0.777527,-0.201594],[-0.476358,-0.139871,-0.868055],[0.646739,0.613097,-0.453697]],[[0.595661,-0.777527,-0.201594],[-0.797462,-0.542413,-0.264277],[0.0961354,0.318184,-0.943142]]],"btipPosition":[-41.0378,270.763,8.05249],"carpPosition":[0.300947,283.684,71.8355],"dipPosition":[-39.2584,276.652,-9.40418],"direction":[-0.646739,-0.613097,0.453697],"extended":false,"handId":913,"id":9133,"length":63.8252,"mcpPosition":[3.58507,303.623,13.1644],"pipPosition":[-21.5102,293.477,-21.8548],"stabilizedTipPosition":[-58.1229,236.036,151.24],"timeVisible":0.849747,"tipPosition":[-40.9403,271.627,4.99179],"tipVelocity":[-1.62037,41.4604,-78.4226],"tool":false,"touchDistance":0.333333,"touchZone":"none","type":3,"width":17.9078},{"bases":[[[0.446729,-0.881629,-0.152196],[0.875556,0.395838,0.276972],[-0.183942,-0.256987,0.948748]],[[0.404837,-0.914005,0.0265024],[0.719199,0.300386,-0.626515],[0.564677,0.272697,0.778959]],[[0.404837,-0.914005,0.0265024],[-0.44652,-0.222902,-0.866565],[0.797952,0.338983,-0.498361]],[[0.404837,-0.914005,0.0265024],[-0.878587,-0.396853,-0.265691],[0.253361,0.0842769,-0.963694]]],"btipPosition":[-24.7089,268.097,11.7737],"carpPosition":[4.29174,270.894,67.4458],"dipPosition":[-20.3826,269.536,-4.68177],"direction":[-0.797952,-0.338983,0.498361],"extended":false,"handId":913,"id":9134,"length":50.0378,"mcpPosition":[14.8578,285.656,12.9476],"pipPosition":[-4.92179,276.104,-14.3378],"stabilizedTipPosition":[-48.3867,228.067,181.643],"timeVisible":0.849747,"tipPosition":[-24.0647,268.128,8.76988],"tipVelocity":[-1.83325,33.6655,-62.7594],"tool":false,"touchDistance":0.333333,"touchZone":"none","type":4,"width":15.9071}],"r":[[0.439357,-0.837398,0.325162],[0.799603,0.199598,-0.566389],[0.409391,0.508847,0.75728]],"s":0.746717,"t":[61.3291,75.9149,-246.076],"timestamp":607415112896},false],[5,{"currentFrameRate":103.048,"devices":[],"gestures":[],"hands":[{"armBasis":[[0.636752,-0.39774,-0.660568],[0.641336,0.748785,0.167356],[0.428059,-0.530211,0.731876]],"armWidth":63.1234,"confidence":0.839317,"direction":[0.0590648,0.496524,-0.866011],"elbow":[105.217,132.833,273.966],"grabStrength":0,"id":913,"palmNormal":[-0.648851,-0.640178,-0.411297],"palmPosition":[-14.6222,302.898,32.2704],"palmVelocity":[-10.8619,21.5788,-38.752],"palmWidth":90.138,"pinchStrength":1,"r":[[0.4393,-0.837335,0.3254],[0.799846,0.199669,-0.56602],[0.408976,0.508922,0.757454]],"s":0.746845,"sphereCenter":[-41.2481,279.043,-4.74071],"sphereRadius":46.4188,"stabilizedPalmPosition":[-55.1795,249.483,227.881],"t":[61.178,76.1649,-246.501],"timeVisible":0.86785,"type":"right","wrist":[-9.27645,274.65,78.21]}],"id":4474685,"interactionBox":{"center":[0,200,0],"size":[235.247,235.247,147.751]},"pointables":[{"bases":[[[0.897142,0.433593,0.0844635],[-0.343409,0.564295,0.750761],[0.277862,-0.702544,0.655152]],[[0.784446,0.6119,-0.101106],[-0.490153,0.711552,0.503433],[0.379993,-0.345358,0.858099]],[[0.784446,0.6119,-0.101106],[-0.605112,0.790864,0.0915093],[0.135956,-0.0106034,0.990658]],[[0.784446,0.6119,-0.101106],[-0.604955,0.71901,-0.342132],[-0.136654,0.329549,0.934197]]],"btipPosition":[-58.0575,292.468,-12.7769],"carpPosition":[-37.8429,282.672,84.7759],"dipPosition":[-61.2257,300.109,8.88194],"direction":[-0.135956,0.0106034,-0.990658],"extended":false,"handId":913,"id":9130,"length":51.6284,"mcpPosition":[-37.8429,282.672,84.7759],"pipPosition":[-56.6337,299.75,42.3428],"stabilizedTipPosition":[-83.3623,263.305,129.365],"timeVisible":0.86785,"tipPosition":[-58.5073,293.009,-7.61353],"tipVelocity":[-20.0514,62.8801,-40.0178],"tool":false,"touchDistance":-0.404717,"touchZone":"touching","type":0,"width":20.0604},{"bases":[[[0.757768,-0.494516,-0.425726],[0.631414,0.720305,0.287188],[0.164633,-0.486431,0.858068]],[[0.771225,-0.544735,-0.329356],[0.604599,0.788725,0.111233],[0.199179,-0.284914,0.937631]],[[0.771225,-0.544735,-0.329356],[0.579304,0.815068,0.008431],[0.263855,-0.197299,0.944168]],[[0.771225,-0.544735,-0.329356],[0.555707,0.828506,-0.0690472],[0.310486,-0.129775,0.941678]]],"btipPosition":[-50.6358,350.151,-59.6971],"carpPosition":[-18.5872,295.652,81.2909],"dipPosition":[-45.3806,347.954,-43.7586],"direction":[-0.263855,0.197299,-0.944168],"extended":true,"handId":913,"id":9131,"length":58.2569,"mcpPosition":[-30.5858,331.104,18.7543],"pipPosition":[-39.0629,343.23,-21.1514],"stabilizedTipPosition":[-101.205,300.455,121.17],"timeVisible":0.86785,"tipPosition":[-49.9462,348.476,-56.0936],"tipVelocity":[-1.9025,32.0589,-38.4853],"tool":false,"touchDistance":-0.404718,"touchZone":"hovering","type":1,"width":19.1617},{"bases":[[[0.654225,-0.671188,-0.348563],[0.753895,0.615477,0.229849],[0.0602605,-0.413153,0.908666]],[[0.653322,-0.665366,-0.361189],[0.434676,0.720275,-0.540612],[0.619861,0.196193,0.75979]],[[0.653322,-0.665366,-0.361189],[-0.551101,-0.0908482,-0.829479],[0.519094,0.740968,-0.426037]],[[0.653322,-0.665366,-0.361189],[-0.755516,-0.60364,-0.254586],[-0.0486356,0.439211,-0.897066]]],"btipPosition":[-55.9549,281.321,5.75721],"carpPosition":[-8.47466,291.184,76.1373],"dipPosition":[-56.8603,289.498,-10.9426],"direction":[-0.519094,-0.740968,0.426037],"extended":false,"handId":913,"id":9132,"length":66.379,"mcpPosition":[-12.6395,319.739,13.3351],"pipPosition":[-42.2373,310.371,-22.9441],"stabilizedTipPosition":[-73.6112,242.394,149.886],"timeVisible":0.86785,"tipPosition":[-56.2531,282.531,3.00427],"tipVelocity":[-9.22916,39.3465,-71.5003],"tool":false,"touchDistance":0.333333,"touchZone":"none","type":2,"width":18.8193},{"bases":[[[0.597257,-0.769146,-0.227374],[0.800247,0.552466,0.233207],[-0.0537537,-0.32124,0.945471]],[[0.595568,-0.777624,-0.201496],[0.571242,0.586332,-0.574367],[0.564785,0.226972,0.793412]],[[0.595568,-0.777624,-0.201496],[-0.474646,-0.138286,-0.869246],[0.648082,0.613334,-0.451455]],[[0.595568,-0.777624,-0.201496],[-0.797452,-0.542103,-0.264941],[0.0967926,0.318473,-0.942977]]],"btipPosition":[-41.1674,271.102,7.43823],"carpPosition":[0.0716653,283.94,71.3826],"dipPosition":[-39.3759,276.997,-10.0154],"direction":[-0.648082,-0.613334,0.451455],"extended":false,"handId":913,"id":9133,"length":63.8252,"mcpPosition":[3.40727,303.874,12.7129],"pipPosition":[-21.5908,293.828,-22.4045],"stabilizedTipPosition":[-58.0856,236.114,150.922],"timeVisible":0.86785,"tipPosition":[-41.0668,271.974,4.36255],"tipVelocity":[-4.18167,30.6934,-57.2396],"tool":false,"touchDistance":0.333333,"touchZone":"none","type":3,"width":17.9078},{"bases":[[[0.446532,-0.881796,-0.151804],[0.875486,0.395545,0.277611],[-0.184751,-0.256865,0.948624]],[[0.404004,-0.914309,0.0286387],[0.722633,0.2998,-0.622833],[0.560876,0.272322,0.78183]],[[0.404004,-0.914309,0.0286387],[-0.443363,-0.2231,-0.868134],[0.800132,0.338032,-0.495504]],[[0.404004,-0.914309,0.0286387],[-0.878449,-0.396511,-0.266659],[0.255164,0.0825735,-0.963365]]],"btipPosition":[-24.8328,268.405,11.1702],"carpPosition":[4.06126,271.148,66.9968],"dipPosition":[-20.4757,269.815,-5.27964],"direction":[-0.800132,-0.338032,0.495504],"extended":false,"handId":913,"id":9134,"length":50.0378,"mcpPosition":[14.6738,285.903,12.5057],"pipPosition":[-4.97266,276.364,-14.8803],"stabilizedTipPosition":[-48.3668,228.099,181.502],"timeVisible":0.86785,"tipPosition":[-24.1832,268.434,8.16564],"tipVelocity":[-4.03069,25.5775,-48.7286],"tool":false,"touchDistance":0.333333,"touchZone":"none","type":4,"width":15.9071}],"r":[[0.4393,-0.837335,0.3254],[0.799846,0.199669,-0.56602],[0.408976,0.508922,0.757454]],"s":0.746845,"t":[61.178,76.1649,-246.501],"timestamp":607415130999},false],[6,{"currentFrameRate":103.466,"devices":[],"gestures":[],"hands":[{"armBasis":[[0.636918,-0.397601,-0.660492],[0.641347,0.748685,0.167765],[0.427797,-0.530457,0.731851]],"armWidth":63.1234,"confidence":0.833291,"direction":[0.0593542,0.496455,-0.866031],"elbow":[105.075,132.869,273.788],"grabStrength":0,"id":913,"palmNormal":[-0.648748,-0.640183,-0.41145],"palmPosition":[-14.6788,302.996,32.0949],"palmVelocity":[-9.6426,18.7271,-33.6016],"palmWidth":90.138,"pinchStrength":1,"r":[[0.439227,-0.837284,0.32563],[0.800078,0.19971,-0.565678],[0.408602,0.50899,0.757611]],"s":0.747274,"sphereCenter":[-41.1973,278.956,-5.03088],"sphereRadius":46.5373,"stabilizedPalmPosition":[-55.1489,249.523,227.733],"t":[61.0742,76.3391,-246.802],"timeVisible":0.876726,"type":"right","wrist":[-9.3484,274.751,78.0383]}],"id":4474686,"interactionBox":{"center":[0,200,0],"size":[235.247,235.247,147.751]},"pointables":[{"bases":[[[0.897133,0.433563,0.0847093],[-0.343619,0.564366,0.750611],[0.27763,-0.702505,0.655292]],[[0.785478,0.61081,-0.0996726],[-0.488544,0.710821,0.506022],[0.379933,-0.348775,0.856742]],[[0.785478,0.61081,-0.0996726],[-0.603313,0.791619,0.0967127],[0.137976,-0.015832,0.990309]],[[0.785478,0.61081,-0.0996726],[-0.604543,0.722778,-0.334843],[-0.132484,0.323268,0.936988]]],"btipPosition":[-58.2931,293.063,-12.9439],"carpPosition":[-37.9166,282.776,84.5947],"dipPosition":[-61.3647,300.557,8.77963],"direction":[-0.137976,0.015832,-0.990309],"extended":false,"handId":913,"id":9130,"length":51.6284,"mcpPosition":[-37.9166,282.776,84.5947],"pipPosition":[-56.7044,300.023,42.2287],"stabilizedTipPosition":[-82.4229,264.519,124.07],"timeVisible":0.876726,"tipPosition":[-58.6778,293.511,-7.78942],"tipVelocity":[-21.1334,62.9651,-33.8095],"tool":false,"touchDistance":-0.394861,"touchZone":"touching","type":0,"width":20.0604},{"bases":[[[0.75788,-0.494579,-0.425452],[0.631354,0.720301,0.287329],[0.164347,-0.486372,0.858156]],[[0.771307,-0.5448,-0.329058],[0.604786,0.788439,0.112243],[0.198292,-0.285583,0.937615]],[[0.771307,-0.5448,-0.329058],[0.579437,0.814969,0.0089011],[0.263322,-0.197534,0.944268]],[[0.771307,-0.5448,-0.329058],[0.555742,0.828485,-0.0690165],[0.31022,-0.129638,0.941784]]],"btipPosition":[-50.632,350.28,-59.8833],"carpPosition":[-18.6593,295.755,81.1147],"dipPosition":[-45.3813,348.086,-43.943],"direction":[-0.263322,0.197534,-0.944268],"extended":true,"handId":913,"id":9131,"length":58.2569,"mcpPosition":[-30.637,331.202,18.5717],"pipPosition":[-39.0763,343.356,-21.3333],"stabilizedTipPosition":[-100.869,300.775,120.018],"timeVisible":0.876726,"tipPosition":[-49.9417,348.622,-56.2791],"tipVelocity":[-1.30119,27.3393,-33.7203],"tool":false,"touchDistance":-0.395365,"touchZone":"hovering","type":1,"width":19.1617},{"bases":[[[0.654307,-0.671241,-0.348308],[0.753849,0.615464,0.230036],[0.0599612,-0.413085,0.908716]],[[0.653387,-0.665297,-0.3612],[0.43735,0.721189,-0.537226],[0.617908,0.193046,0.762183]],[[0.653387,-0.665297,-0.3612],[-0.548749,-0.0875522,-0.83139],[0.521497,0.741428,-0.422287]],[[0.653387,-0.665297,-0.3612],[-0.755599,-0.6024,-0.257264],[-0.0464298,0.441015,-0.896298]]],"btipPosition":[-56.0203,281.522,5.34681],"carpPosition":[-8.5453,291.285,75.9646],"dipPosition":[-56.8847,289.732,-11.3387],"direction":[-0.521497,-0.741428,0.422287],"extended":false,"handId":913,"id":9132,"length":66.379,"mcpPosition":[-12.6895,319.835,13.159],"pipPosition":[-42.194,310.618,-23.2346],"stabilizedTipPosition":[-73.5918,242.44,149.72],"timeVisible":0.876726,"tipPosition":[-56.2988,282.743,2.61131],"tipVelocity":[-8.43765,35.0355,-64.5443],"tool":false,"touchDistance":0.333333,"touchZone":"none","type":2,"width":18.8193},{"bases":[[[0.597296,-0.769187,-0.22713],[0.800197,0.552452,0.233414],[-0.0540607,-0.321166,0.945479]],[[0.595611,-0.777613,-0.201409],[0.572058,0.58664,-0.573239],[0.563913,0.22621,0.794249]],[[0.595611,-0.777613,-0.201409],[-0.473901,-0.137712,-0.869743],[0.648587,0.613476,-0.450535]],[[0.595611,-0.777613,-0.201409],[-0.797376,-0.542025,-0.265331],[0.0971564,0.318632,-0.942886]]],"btipPosition":[-41.1998,271.225,7.20427],"carpPosition":[0.00220631,284.041,71.2132],"dipPosition":[-39.4015,277.123,-10.2477],"direction":[-0.648587,-0.613476,0.450535],"extended":false,"handId":913,"id":9133,"length":63.8252,"mcpPosition":[3.35686,303.97,12.5429],"pipPosition":[-21.6026,293.958,-22.6115],"stabilizedTipPosition":[-58.0665,236.154,150.759],"timeVisible":0.876726,"tipPosition":[-41.0953,272.102,4.12132],"tipVelocity":[-3.99049,26.1425,-48.8478],"tool":false,"touchDistance":0.333333,"touchZone":"none","type":3,"width":17.9078},{"bases":[[[0.446544,-0.881826,-0.151598],[0.875416,0.395531,0.277853],[-0.185056,-0.256785,0.948586]],[[0.404049,-0.914293,0.0285035],[0.721652,0.299459,-0.624134],[0.562105,0.27275,0.780797]],[[0.404049,-0.914293,0.0285035],[-0.445314,-0.223823,-0.866948],[0.799024,0.337597,-0.497583]],[[0.404049,-0.914293,0.0285035],[-0.878973,-0.396691,-0.264656],[0.25328,0.0818803,-0.963922]]],"btipPosition":[-24.8733,268.506,11.0911],"carpPosition":[3.99265,271.249,66.8295],"dipPosition":[-20.5484,269.904,-5.36826],"direction":[-0.799024,-0.337597,0.497583],"extended":false,"handId":913,"id":9134,"length":50.0378,"mcpPosition":[14.6227,285.999,12.3406],"pipPosition":[-5.06679,276.445,-15.0093],"stabilizedTipPosition":[-48.3562,228.117,181.426],"timeVisible":0.876726,"tipPosition":[-24.2191,268.542,8.02139],"tipVelocity":[-4.40162,21.636,-37.991],"tool":false,"touchDistance":0.333333,"touchZone":"none","type":4,"width":15.9071}],"r":[[0.439227,-0.837284,0.32563],[0.8000