{"sensorType":"Leap","data":[[0,{"currentFrameRate":110.142,"devices":[],"gestures":[],"hands":[{"armBasis":[[0.777505,-0.138065,-0.613535],[0.465876,0.781783,0.414458],[0.422429,-0.608074,0.672161]],"armWidth":63.1234,"confidence":0.764118,"direction":[0.120719,0.385523,-0.914767],"elbow":[99.803,136.683,271.727],"grabStrength":0,"id":910,"palmNormal":[-0.46858,-0.790253,-0.394884],"palmPosition":[-15.3407,320.164,41.9615],"palmVelocity":[-23.4776,-32.8261,-187.354],"palmWidth":90.138,"pinchStrength":0.798138,"r":[[0.923927,0.237239,0.300128],[-0.233639,0.971119,-0.0483864],[-0.302939,-0.025416,0.952671]],"s":0.850715,"sphereCenter":[-43.7111,294.193,7.22681],"sphereRadius":48.4215,"stabilizedPalmPosition":[-1.42581,289.517,166.487],"t":[16.7715,-10.1923,-168.217],"timeVisible":5.72147,"type":"right","wrist":[-13.1847,299.326,91.9426]}],"id":4473196,"interactionBox":{"center":[0,200,0],"size":[235.247,235.247,147.751]},"pointables":[{"bases":[[[0.794818,0.590385,0.14039],[-0.54186,0.586289,0.602207],[0.273225,-0.554717,0.785899]],[[0.646548,0.748571,-0.147027],[-0.718087,0.662245,0.21397],[0.257539,-0.0327641,0.965712]],[[0.646548,0.748571,-0.147027],[-0.757709,0.65252,-0.00977984],[0.0886168,0.117726,0.989084]],[[0.646548,0.748571,-0.147027],[-0.701588,0.507776,-0.499938],[-0.299583,0.426386,0.85349]]],"btipPosition":[-52.1049,290.774,-7.72367],"carpPosition":[-43.322,303.016,93.2263],"dipPosition":[-59.0506,300.66,12.064],"direction":[-0.0886168,-0.117726,-0.989084],"extended":false,"handId":910,"id":9100,"length":51.6284,"mcpPosition":[-43.322,303.016,93.2263],"pipPosition":[-56.0574,304.636,45.4717],"stabilizedTipPosition":[-52.3402,257.801,137.217],"timeVisible":5.72147,"tipPosition":[-54.5218,293.314,-3.48877],"tipVelocity":[14.5966,-35.7215,-203.918],"tool":false,"touchDistance":-0.590397,"touchZone":"hovering","type":0,"width":20.0604},{"bases":[[[0.882979,-0.40482,-0.237631],[0.459252,0.84975,0.258868],[0.0971319,-0.337707,0.936226]],[[0.886887,-0.422151,-0.18767],[0.446872,0.886958,0.116666],[0.117205,-0.187334,0.975279]],[[0.886887,-0.422151,-0.18767],[0.43157,0.902019,0.0104704],[0.164862,-0.0902788,0.982176]],[[0.886887,-0.422151,-0.18767],[0.416462,0.906395,-0.070769],[0.199978,-0.0153934,0.979679]]],"btipPosition":[-45.3732,353.612,-59.3424],"carpPosition":[-25.9737,318.604,90.4974],"dipPosition":[-41.9885,353.351,-42.7607],"direction":[-0.164862,0.0902788,-0.982176],"extended":true,"handId":910,"id":9101,"length":58.2569,"mcpPosition":[-33.0527,343.216,22.2646],"pipPosition":[-38.041,351.189,-19.2434],"stabilizedTipPosition":[-42.8653,327.702,56.6547],"timeVisible":5.72147,"tipPosition":[-44.8258,352.579,-55.5678],"tipVelocity":[23.3877,-35.5377,-204.528],"tool":false,"touchDistance":-0.640456,"touchZone":"hovering","type":1,"width":19.1617},{"bases":[[[0.796669,-0.585614,-0.149584],[0.60394,0.761456,0.235459],[-0.0239861,-0.277922,0.960304]],[[0.787995,-0.6148,-0.0329501],[0.411128,0.565275,-0.715149],[0.458299,0.549987,0.698195]],[[0.787995,-0.6148,-0.0329501],[0.277047,0.401871,-0.87278],[0.549826,0.678617,0.487001]],[[0.787995,-0.6148,-0.0329501],[0.197459,0.303051,-0.932293],[0.583159,0.728136,0.3602]]],"btipPosition":[-61.1716,275.625,-32.6135],"carpPosition":[-14.6012,315.349,87.5202],"dipPosition":[-50.3154,289.18,-25.908],"direction":[-0.549826,-0.678617,-0.487001],"extended":false,"handId":910,"id":9102,"length":66.379,"mcpPosition":[-12.9434,334.558,21.149],"pipPosition":[-34.8268,308.296,-12.1892],"stabilizedTipPosition":[-45.3164,267.002,70.8123],"timeVisible":5.72147,"tipPosition":[-58.0427,279.447,-32.074],"tipVelocity":[20.5112,-57.0401,-192.918],"tool":false,"touchDistance":-0.572598,"touchZone":"touching","type":2,"width":18.8193},{"bases":[[[0.736646,-0.675854,-0.0239582],[0.658243,0.708424,0.254662],[-0.155142,-0.203366,0.966733]],[[0.715111,-0.694122,0.0825237],[0.507015,0.433796,-0.74482],[0.481198,0.57447,0.662143]],[[0.715111,-0.694122,0.0825237],[0.364773,0.269857,-0.891133],[0.596286,0.667362,0.446174]],[[0.715111,-0.694122,0.0825237],[0.281369,0.177766,-0.94299],[0.639881,0.697563,0.322426]]],"btipPosition":[-44.2737,265.13,-22.3702],"carpPosition":[-4.39512,309.162,85.1382],"dipPosition":[-32.4301,278.041,-16.4024],"direction":[-0.596286,-0.667362,-0.446174],"extended":false,"handId":910,"id":9103,"length":63.8252,"mcpPosition":[5.23197,321.782,25.1491],"pipPosition":[-16.0664,296.355,-4.15817],"stabilizedTipPosition":[-22.6003,255.557,79.2648],"timeVisible":5.72147,"tipPosition":[-40.6268,268.783,-22.4297],"tipVelocity":[6.39804,-58.3286,-159.009],"tool":false,"touchDistance":-0.566354,"touchZone":"hovering","type":3,"width":17.9078},{"bases":[[[0.594785,-0.802548,0.0463456],[0.748495,0.573911,0.332237],[-0.293235,-0.16292,0.942057]],[[0.579421,-0.809674,0.0932673],[0.589207,0.337063,-0.734319],[0.563122,0.480434,0.672367]],[[0.579421,-0.809674,0.0932673],[0.424122,0.201817,-0.882831],[0.695982,0.551088,0.460338]],[[0.579421,-0.809674,0.0932673],[0.330842,0.129076,-0.934817],[0.744859,0.57251,0.342664]]],"btipPosition":[-26.9269,268.887,-9.10519],"carpPosition":[2.158,296.81,83.3309],"dipPosition":[-14.2082,278.662,-3.25407],"direction":[-0.695982,-0.551088,-0.460338],"extended":false,"handId":910,"id":9104,"length":50.0378,"mcpPosition":[19.002,306.169,29.217],"pipPosition":[-0.723058,289.34,5.66528],"stabilizedTipPosition":[-7.19329,259.79,86.4018],"timeVisible":5.72147,"tipPosition":[-23.3062,271.896,-8.98397],"tipVelocity":[11.185,-49.8384,-169.604],"tool":false,"touchDistance":-0.557439,"touchZone":"hovering","type":4,"width":15.9071}],"r":[[0.923927,0.237239,0.300128],[-0.233639,0.971119,-0.0483864],[-0.302939,-0.025416,0.952671]],"s":0.850715,"t":[16.7715,-10.1923,-168.217],"timestamp":607401166493},false],[1,{"currentFrameRate":110.226,"devices":[],"gestures":[],"hands":[{"armBasis":[[0.782268,-0.131615,-0.608879],[0.457842,0.784268,0.418694],[0.422418,-0.606301,0.673767]],"armWidth":63.1234,"confidence":0.771881,"direction":[0.125065,0.387578,-0.913314],"elbow":[99.3737,136.682,270.456],"grabStrength":0,"id":910,"palmNormal":[-0.460593,-0.792652,-0.399445],"palmPosition":[-15.528,319.746,40.2757],"palmVelocity":[-22.7974,-36.6569,-187.785],"palmWidth":90.138,"pinchStrength":0.796436,"r":[[0.921602,0.239801,0.305197],[-0.236133,0.970461,-0.0494657],[-0.308043,-0.0264794,0.951004]],"s":0.852107,"sphereCenter":[-43.4159,293.7,5.30868],"sphereRadius":48.3444,"stabilizedPalmPosition":[-1.42591,289.517,166.486],"t":[16.5619,-10.5961,-169.773],"timeVisible":5.73039,"type":"right","wrist":[-13.6113,298.851,90.2428]}],"id":4473197,"interactionBox":{"center":[0,200,0],"size":[235.247,235.247,147.751]},"pointables":[{"bases":[[[0.78998,0.595222,0.147114],[-0.550043,0.581982,0.598958],[0.270895,-0.554084,0.787151]],[[0.643486,0.752502,-0.140239],[-0.722834,0.657652,0.212142],[0.251866,-0.0351407,0.967124]],[[0.643486,0.752502,-0.140239],[-0.76115,0.648444,-0.0130773],[0.0810965,0.115158,0.990031]],[[0.643486,0.752502,-0.140239],[-0.6999,0.504231,-0.505856],[-0.309945,0.423665,0.851142]]],"btipPosition":[-51.7882,290.373,-9.69025],"carpPosition":[-43.7802,302.347,91.3071],"dipPosition":[-58.9741,300.195,10.043],"direction":[-0.0810965,-0.115158,-0.990031],"extended":false,"handId":910,"id":9100,"length":51.6284,"mcpPosition":[-43.7802,302.347,91.3071],"pipPosition":[-56.235,304.085,43.4826],"stabilizedTipPosition":[-52.3402,257.801,137.216],"timeVisible":5.73039,"tipPosition":[-54.1834,292.81,-5.46235],"tipVelocity":[18.6042,-38.6757,-208.792],"tool":false,"touchDistance":-0.589377,"touchZone":"hovering","type":0,"width":20.0604},{"bases":[[[0.88728,-0.398866,-0.231603],[0.451899,0.852282,0.263445],[0.0923114,-0.33841,0.93646]],[[0.890871,-0.415863,-0.182776],[0.440199,0.889659,0.121372],[0.112134,-0.188584,0.975634]],[[0.890871,-0.415863,-0.182776],[0.425271,0.904961,0.0137972],[0.159667,-0.0900207,0.983058]],[[0.890871,-0.415863,-0.182776],[0.410416,0.90932,-0.0685265],[0.194699,-0.0139658,0.980764]]],"btipPosition":[-45.1302,353.131,-61.1826],"carpPosition":[-26.5115,318.049,88.7288],"dipPosition":[-41.8348,352.895,-44.5826],"direction":[-0.159667,0.0900207,-0.983058],"extended":true,"handId":910,"id":9101,"length":58.2569,"mcpPosition":[-33.2392,342.713,20.479],"pipPosition":[-38.0117,350.739,-21.0441],"stabilizedTipPosition":[-42.8653,327.702,56.6529],"timeVisible":5.73039,"tipPosition":[-44.5464,352.151,-57.4114],"tipVelocity":[23.8093,-40.3591,-204.863],"tool":false,"touchDistance":-0.632283,"touchZone":"hovering","type":1,"width":19.1617},{"bases":[[[0.801469,-0.58033,-0.144449],[0.597316,0.764942,0.240993],[-0.0293602,-0.27943,0.959717]],[[0.792139,-0.609693,-0.0281193],[0.412526,0.568787,-0.71155],[0.449821,0.552046,0.702072]],[[0.792139,-0.609693,-0.0281193],[0.280367,0.404414,-0.870543],[0.542136,0.681707,0.491289]],[[0.792139,-0.609693,-0.0281193],[0.201693,0.304975,-0.930758],[0.576052,0.731618,0.364554]]],"btipPosition":[-60.5419,275.001,-34.6482],"carpPosition":[-15.0967,314.871,85.8319],"dipPosition":[-49.8181,288.62,-27.8616],"direction":[-0.542136,-0.681707,-0.491289],"extended":false,"handId":910,"id":9102,"length":66.379,"mcpPosition":[-13.0675,334.184,19.5013],"pipPosition":[-34.546,307.824,-14.022],"stabilizedTipPosition":[-45.337,267.02,70.6447],"timeVisible":5.73039,"tipPosition":[-57.4512,278.829,-34.0717],"tipVelocity":[33.2258,-60.1014,-201.919],"tool":false,"touchDistance":-0.573912,"touchZone":"touching","type":2,"width":18.8193},{"bases":[[[0.741089,-0.671127,-0.0193974],[0.65181,0.712228,0.260528],[-0.161032,-0.205717,0.965272]],[[0.718999,-0.689618,0.0864184],[0.504215,0.431992,-0.747763],[0.478339,0.581214,0.658318]],[[0.718999,-0.689618,0.0864184],[0.361263,0.264608,-0.894132],[0.593742,0.6741,0.439386]],[[0.718999,-0.689618,0.0864184],[0.277876,0.171266,-0.945226],[0.637044,0.70363,0.314768]]],"btipPosition":[-44.0983,264.27,-23.4028],"carpPosition":[-4.83405,308.753,83.5176],"dipPosition":[-32.3072,277.294,-17.5767],"direction":[-0.593742,-0.6741,-0.439386],"extended":false,"handId":910,"id":9103,"length":63.8252,"mcpPosition":[5.15852,321.518,23.6191],"pipPosition":[-16.0133,295.793,-5.51882],"stabilizedTipPosition":[-22.6024,255.558,79.2531],"timeVisible":5.73039,"tipPosition":[-40.4366,267.976,-23.5633],"tipVelocity":[9.64342,-67.8986,-148.206],"tool":false,"touchDistance":-0.55403,"touchZone":"hovering","type":3,"width":17.9078},{"bases":[[[0.599517,-0.798819,0.0496744],[0.742337,0.578182,0.338588],[-0.299192,-0.166114,0.939623]],[[0.581525,-0.806976,0.103049],[0.593782,0.33444,-0.731828],[0.556104,0.486765,0.673653]],[[0.581525,-0.806976,0.103049],[0.429329,0.196827,-0.881439],[0.691017,0.556821,0.460918]],[[0.581525,-0.806976,0.103049],[0.336336,0.123146,-0.933656],[0.740747,0.577603,0.343028]]],"btipPosition":[-26.5197,268.285,-10.6166],"carpPosition":[1.81077,296.445,81.7421],"dipPosition":[-13.8712,278.148,-4.75928],"direction":[-0.691017,-0.556821,-0.460918],"extended":false,"handId":910,"id":9104,"length":50.0378,"mcpPosition":[18.997,305.987,27.7681],"pipPosition":[-0.482264,288.937,4.17132],"stabilizedTipPosition":[-7.19458,259.791,86.3943],"timeVisible":5.73039,"tipPosition":[-22.9385,271.33,-10.4907],"tipVelocity":[20.0822,-54.0218,-169.501],"tool":false,"touchDistance":-0.552678,"touchZone":"hovering","type":4,"width":15.9071}],"r":[[0.921602,0.239801,0.305197],[-0.236133,0.970461,-0.0494657],[-0.308043,-0.0264794,0.951004]],"s":0.852107,"t":[16.5619,-10.5961,-169.773],"timestamp":607401175416},false],[2,{"currentFrameRate":110.226,"devices":[],"gestures":[],"hands":[{"armBasis":[[0.784875,-0.12833,-0.60622],[0.453145,0.786152,0.420268],[0.422648,-0.604563,0.675183]],"armWidth":63.1234,"confidence":0.772894,"direction":[0.128015,0.38993,-0.911903],"elbow":[99.1082,136.854,269.42],"grabStrength":0,"id":910,"palmNormal":[-0.455617,-0.793578,-0.403294],"palmPosition":[-15.692,319.548,38.8947],"palmVelocity":[-21.4957,-32.5432,-177.961],"palmWidth":90.138,"pinchStrength":0.801511,"r":[[0.919231,0.242421,0.310235],[-0.238816,0.969768,-0.0501739],[-0.313019,-0.0279676,0.949335]],"s":0.853694,"sphereCenter":[-43.1553,293.481,3.75278],"sphereRadius":48.2351,"stabilizedPalmPosition":[-1.42601,289.517,166.485],"t":[16.375,-10.8968,-171.241],"timeVisible":5.73947,"type":"right","wrist":[-13.9381,298.558,88.8278]}],"id":4473198,"interactionBox":{"center":[0,200,0],"size":[235.247,235.247,147.751]},"pointables":[{"bases":[[[0.786977,0.597924,0.152166],[-0.555163,0.578648,0.597462],[0.269186,-0.554666,0.787328]],[[0.641896,0.754876,-0.134653],[-0.724952,0.654655,0.214174],[0.249827,-0.0398606,0.96747]],[[0.641896,0.754876,-0.134653],[-0.76283,0.646484,-0.0121957],[0.077845,0.110546,0.990818]],[[0.641896,0.754876,-0.134653],[-0.698419,0.50309,-0.50903],[-0.316512,0.420789,0.850151]]],"btipPosition":[-51.7701,290.419,-11.2655],"carpPosition":[-44.1249,301.937,89.7526],"dipPosition":[-59.1082,300.175,8.44482],"direction":[-0.077845,-0.110546,-0.990818],"extended":false,"handId":910,"id":9100,"length":51.6284,"mcpPosition":[-44.1249,301.937,89.7526],"pipPosition":[-56.4789,303.909,41.911],"stabilizedTipPosition":[-52.3402,257.802,137.216],"timeVisible":5.73947,"tipPosition":[-54.0697,292.725,-7.03174],"tipVelocity":[12.9477,-27.0551,-199.24],"tool":false,"touchDistance":-0.582481,"touchZone":"hovering","type":0,"width":20.0604},{"bases":[[[0.889911,-0.395005,-0.228099],[0.447356,0.853454,0.267375],[0.0890574,-0.339982,0.936206]],[[0.893272,-0.411662,-0.180553],[0.436053,0.891115,0.125586],[0.109194,-0.190913,0.975515]],[[0.893272,-0.411662,-0.180553],[0.421254,0.90679,0.016629],[0.156878,-0.0909126,0.983425]],[[0.893272,-0.411662,-0.180553],[0.406441,0.911233,-0.0667823],[0.192017,-0.0137293,0.981296]]],"btipPosition":[-45.0483,353.023,-62.6153],"carpPosition":[-26.9041,317.71,87.2903],"dipPosition":[-41.7983,352.791,-46.0063],"direction":[-0.156878,0.0909126,-0.983425],"extended":true,"handId":910,"id":9101,"length":58.2569,"mcpPosition":[-33.3946,342.489,19.059],"pipPosition":[-38.042,350.614,-22.4591],"stabilizedTipPosition":[-42.8653,327.702,56.6512],"timeVisible":5.73947,"tipPosition":[-44.4203,352.089,-58.8496],"tipVelocity":[19.4058,-32.4676,-191.831],"tool":false,"touchDistance":-0.618848,"touchZone":"hovering","type":1,"width":19.1617},{"bases":[[[0.804372,-0.576973,-0.141734],[0.593212,0.766715,0.245453],[-0.0329501,-0.281513,0.958991]],[[0.794793,-0.606278,-0.027043],[0.409627,0.568808,-0.713206],[0.447783,0.555773,0.700433]],[[0.794793,-0.606278,-0.027043],[0.27674,0.401726,-0.872944],[0.540111,0.686326,0.48707]],[[0.794793,-0.606278,-0.027043],[0.19789,0.301032,-0.932855],[0.573711,0.736075,0.359234]]],"btipPosition":[-60.4624,274.464,-35.6914],"carpPosition":[-15.4633,314.582,84.4424],"dipPosition":[-49.7822,288.167,-29.0038],"direction":[-0.540111,-0.686326,-0.48707],"extended":false,"handId":910,"id":9102,"length":66.379,"mcpPosition":[-13.186,334.038,18.162],"pipPosition":[-34.5672,307.501,-15.283],"stabilizedTipPosition":[-45.3557,267.036,70.4902],"timeVisible":5.73947,"tipPosition":[-57.348,278.344,-35.2234],"tipVelocity":[26.1582,-59.2584,-178.587],"tool":false,"touchDistance":-0.560843,"touchZone":"touching","type":2,"width":18.8193},{"bases":[[[0.743733,-0.668257,-0.0171626],[0.647812,0.714169,0.265145],[-0.164928,-0.208315,0.964056]],[[0.721241,-0.687027,0.0883483],[0.502101,0.430666,-0.749948],[0.477186,0.585253,0.655571]],[[0.721241,-0.687027,0.0883483],[0.358648,0.261267,-0.896165],[0.592607,0.678037,0.434837]],[[0.721241,-0.687027,0.0883483],[0.275329,0.167302,-0.94668],[0.635614,0.707109,0.309824]]],"btipPosition":[-44.08,263.835,-24.3415],"carpPosition":[-5.16621,308.507,82.1655],"dipPosition":[-32.3154,276.923,-18.6069],"direction":[-0.592607,-0.678037,-0.434837],"extended":false,"handId":910,"id":9103,"length":63.8252,"mcpPosition":[5.06812,321.434,22.3425],"pipPosition":[-16.0527,295.53,-6.67385],"stabilizedTipPosition":[-22.6054,255.56,79.237],"timeVisible":5.73947,"tipPosition":[-40.4334,267.557,-24.5317],"tipVelocity":[7.34877,-61.9532,-136.485],"tool":false,"touchDistance":-0.541357,"touchZone":"hovering","type":3,"width":17.9078},{"bases":[[[0.602316,-0.796629,0.0509597],[0.73847,0.580308,0.343371],[-0.303112,-0.169186,0.937816]],[[0.581568,-0.805863,0.111186],[0.596882,0.329841,-0.731394],[0.55273,0.491721,0.67283]],[[0.581568,-0.805863,0.111186],[0.432136,0.190236,-0.881515],[0.689229,0.560709,0.458878]],[[0.581568,-0.805863,0.111186],[0.339088,0.115902,-0.933588],[0.739457,0.580647,0.340663]]],"btipPosition":[-26.3963,267.944,-11.7489],"carpPosition":[1.53412,296.228,80.3974],"dipPosition":[-13.7698,277.859,-5.93197],"direction":[-0.689229,-0.560709,-0.458878],"extended":false,"handId":910,"id":9104,"length":50.0378,"mcpPosition":[18.9455,305.947,26.5271],"pipPosition":[-0.415543,288.723,2.9591],"stabilizedTipPosition":[-7.196,259.792,86.3859],"timeVisible":5.73947,"tipPosition":[-22.8361,271.014,-11.6403],"tipVelocity":[18.1372,-49.1164,-157.436],"tool":false,"touchDistance":-0.542868,"touchZone":"hovering","type":4,"width":15.9071}],"r":[[0.919231,0.242421,0.310235],[-0.238816,0.969768,-0.0501739],[-0.313019,-0.0279676,0.949335]],"s":0.853694,"t":[16.375,-10.8968,-171.241],"timestamp":607401184487},false],[3,{"currentFrameRate":110.248,"devices":[],"gestures":[],"hands":[{"armBasis":[[0.787818,-0.128309,-0.602395],[0.44984,0.787937,0.420476],[0.420699,-0.60224,0.678469]],"armWidth":63.1234,"confidence":0.772914,"direction":[0.131402,0.388083,-0.912209],"elbow":[98.4243,137.27,268.874],"grabStrength":0,"id":910,"palmNormal":[-0.452372,-0.795319,-0.403518],"palmPosition":[-15.6685,319.226,37.4148],"palmVelocity":[-14.8561,-33.4129,-174.07],"palmWidth":90.138,"pinchStrength":0.812746,"r":[[0.916939,0.244984,0.31497],[-0.24126,0.969098,-0.0514094],[-0.317831,-0.0288504,0.947708]],"s":0.855478,"sphereCenter":[-42.7457,293.079,2.24366],"sphereRadius":48.0763,"stabilizedPalmPosition":[-1.42612,289.518,166.484],"t":[16.2934,-11.2084,-172.715],"timeVisible":5.7485,"type":"right","wrist":[-14.1008,298.353,87.4031]}],"id":4473199,"interactionBox":{"center":[0,200,0],"size":[235.247,235.247,147.751]},"pointables":[{"bases":[[[0.785207,0.599694,0.154325],[-0.55888,0.579,0.593643],[0.26665,-0.552382,0.789792]],[[0.641746,0.755372,-0.132572],[-0.725486,0.653986,0.21441],[0.24866,-0.0414176,0.967705]],[[0.641746,0.755372,-0.132572],[-0.763172,0.64606,-0.0131782],[0.0756953,0.109632,0.991086]],[[0.641746,0.755372,-0.132572],[-0.69638,0.501533,-0.513342],[-0.321275,0.421756,0.847882]]],"btipPosition":[-51.7019,290.246,-12.8013],"carpPosition":[-44.2975,301.679,88.1848],"dipPosition":[-59.1504,300.024,6.85637],"direction":[-0.0756953,-0.109632,-0.991086],"extended":false,"handId":910,"id":9100,"length":51.6284,"mcpPosition":[-44.2975,301.679,88.1848],"pipPosition":[-56.5937,303.727,40.3316],"stabilizedTipPosition":[-52.3402,257.802,137.216],"timeVisible":5.7485,"tipPosition":[-53.8803,292.435,-8.56547],"tipVelocity":[10.6861,-24.7122,-191.563],"tool":false,"touchDistance":-0.575785,"touchZone":"hovering","type":0,"width":20.0604},{"bases":[[[0.891636,-0.39391,-0.223204],[0.444612,0.85487,0.267427],[0.0854684,-0.337687,0.93737]],[[0.894752,-0.409974,-0.177031],[0.433682,0.892275,0.125559],[0.106484,-0.18912,0.976163]],[[0.894752,-0.409974,-0.177031],[0.41892,0.907903,0.0147593],[0.154676,-0.0873677,0.984095]],[[0.894752,-0.409974,-0.177031],[0.404041,0.912054,-0.0700565],[0.190183,-0.00884451,0.981709]]],"btipPosition":[-44.7777,352.379,-64.2774],"carpPosition":[-27.0942,317.478,85.7637],"dipPosition":[-41.5588,352.23,-47.6614],"direction":[-0.154676,0.0873677,-0.984095],"extended":true,"handId":910,"id":9101,"length":58.2569,"mcpPosition":[-33.3232,342.089,17.4475],"pipPosition":[-37.8552,350.138,-24.0981],"stabilizedTipPosition":[-42.8653,327.703,56.6493],"timeVisible":5.7485,"tipPosition":[-44.096,351.522,-60.5132],"tipVelocity":[22.0929,-42.5738,-189.626],"tool":false,"touchDistance":-0.610204,"touchZone":"hovering","type":1,"width":19.1617},{"bases":[[[0.806038,-0.575835,-0.136807],[0.590722,0.768347,0.246357],[-0.0367453,-0.279388,0.959475]],[[0.796387,-0.604271,-0.0249782],[0.403658,0.561841,-0.722077],[0.450364,0.56497,0.691362]],[[0.796387,-0.604271,-0.0249782],[0.268197,0.38988,-0.880945],[0.542068,0.694874,0.472559]],[[0.796387,-0.604271,-0.0249782],[0.188533,0.287292,-0.939105],[0.57465,0.743182,0.342721]]],"btipPosition":[-60.5678,273.287,-36.0436],"carpPosition":[-15.6351,314.363,82.9743],"dipPosition":[-49.8701,287.122,-29.6635],"direction":[-0.542068,-0.694874,-0.472559],"extended":false,"handId":910,"id":9102,"length":66.379,"mcpPosition":[-13.0955,333.673,16.6605],"pipPosition":[-34.6,306.696,-16.3514],"stabilizedTipPosition":[-45.3778,267.052,70.3073],"timeVisible":5.7485,"tipPosition":[-57.3661,277.273,-35.8298],"tipVelocity":[15.8625,-77.9124,-142.293],"tool":false,"touchDistance":-0.539435,"touchZone":"touching","type":2,"width":18.8193},{"bases":[[[0.745006,-0.666945,-0.0123011],[0.645327,0.715944,0.266413],[-0.168876,-0.206418,0.96378]],[[0.72223,-0.685433,0.0925504],[0.499537,0.42438,-0.755225],[0.478379,0.591679,0.648899]],[[0.72223,-0.685433,0.0925504],[0.355567,0.253173,-0.899709],[0.593258,0.682705,0.426567]],[[0.72223,-0.685433,0.0925504],[0.272464,0.15896,-0.948944],[0.635726,0.710573,0.301561]]],"btipPosition":[-44.0586,263.035,-25.0572],"carpPosition":[-5.31701,308.302,80.7575],"dipPosition":[-32.2919,276.187,-19.4756],"direction":[-0.593258,-0.682705,-0.426567],"extended":false,"handId":910,"id":9103,"length":63.8252,"mcpPosition":[5.16233,321.111,20.9516],"pipPosition":[-16.0113,294.923,-7.76948],"stabilizedTipPosition":[-22.6103,255.562,79.21],"timeVisible":5.7485,"tipPosition":[-40.4019,266.773,-25.3134],"tipVelocity":[5.99285,-68.8085,-121.789],"tool":false,"touchDistance":-0.526818,"touchZone":"touching","type":3,"width":17.9078},{"bases":[[[0.603516,-0.795418,0.0554797],[0.735875,0.582427,0.345351],[-0.307011,-0.167599,0.936832]],[[0.579327,-0.805582,0.124164],[0.600425,0.31875,-0.733408],[0.551244,0.499435,0.668353]],[[0.579327,-0.805582,0.124164],[0.435199,0.176906,-0.882783],[0.689189,0.565457,0.453075]],[[0.579327,-0.805582,0.124164],[0.342117,0.102058,-0.934099],[0.739822,0.583628,0.334728]]],"btipPosition":[-26.2465,267.243,-12.6717],"carpPosition":[1.41331,296.032,79.0474],"dipPosition":[-13.6138,277.209,-6.95608],"direction":[-0.689189,-0.565457,-0.453075],"extended":false,"handId":910,"id":9104,"length":50.0378,"mcpPosition":[19.0487,305.659,25.2337],"pipPosition":[-0.260298,288.165,1.82254],"stabilizedTipPosition":[-7.19783,259.793,86.3748],"timeVisible":5.7485,"tipPosition":[-22.6939,270.341,-12.6106],"tipVelocity":[17.7526,-56.6027,-142.92],"tool":false,"touchDistance":-0.531106,"touchZone":"hovering","type":4,"width":15.9071}],"r":[[0.916939,0.244984,0.31497],[-0.24126,0.969098,-0.0514094],[-0.317831,-0.0288504,0.947708]],"s":0.855478,"t":[16.2934,-11.2084,-172.715],"timestamp":607401193520},false],[4,{"currentFrameRate":110.269,"devices":[],"gestures":[],"hands":[{"armBasis":[[0.788654,-0.129221,-0.601105],[0.448287,0.789958,0.418337],[0.42079,-0.59939,0.680931]],"armWidth":63.1234,"confidence":0.777034,"direction":[0.134334,0.387511,-0.912025],"elbow":[98.2597,137.757,268.498],"grabStrength":0,"id":910,"palmNormal":[-0.45038,-0.795938,-0.404524],"palmPosition":[-15.6964,318.912,36.3594],"palmVelocity":[-11.6175,-33.7664,-158.319],"palmWidth":90.138,"pinchStrength":0.819086,"r":[[0.914822,0.247207,0.319357],[-0.243311,0.968514,-0.0527197],[-0.322334,-0.029474,0.946167]],"s":0.857172,"sphereCenter":[-42.505,292.703,1.1225],"sphereRadius":47.9986,"stabilizedPalmPosition":[-1.42624,289.518,166.483],"t":[16.2386,-11.5208,-173.979],"timeVisible":5.75753,"type":"right","wrist":[-14.2897,298.077,86.3683]}],"id":4473200,"interactionBox":{"center":[0,200,0],"size":[235.247,235.247,147.751]},"pointables":[{"bases":[[[0.78423,0.60037,0.156647],[-0.56138,0.579032,0.591249],[0.264264,-0.551614,0.79113]],[[0.642126,0.755467,-0.13017],[-0.725373,0.653705,0.215648],[0.248007,-0.0440514,0.967756]],[[0.642126,0.755467,-0.13017],[-0.762998,0.646267,-0.0131199],[0.0742128,0.107744,0.991405]],[[0.642126,0.755467,-0.13017],[-0.694388,0.501249,-0.516309],[-0.324807,0.421924,0.846452]]],"btipPosition":[-51.7315,290.14,-13.925],"carpPosition":[-44.4913,301.382,87.0413],"dipPosition":[-59.262,299.922,5.69952],"direction":[-0.0742128,-0.107744,-0.991405],"extended":false,"handId":910,"id":9100,"length":51.6284,"mcpPosition":[-44.4913,301.382,87.0413],"pipPosition":[-56.7553,303.561,39.1856],"stabilizedTipPosition":[-52.3402,257.802,137.215],"timeVisible":5.75753,"tipPosition":[-53.8113,292.239,-9.68453],"tipVelocity":[6.26531,-21.1315,-173.312],"tool":false,"touchDistance":-0.56351,"touchZone":"hovering","type":0,"width":20.0604},{"bases":[[[0.892698,-0.393433,-0.219777],[0.443057,0.855384,0.268363],[0.0824107,-0.336941,0.937912]],[[0.895601,-0.408966,-0.175058],[0.432387,0.892785,0.126401],[0.104596,-0.188897,0.976411]],[[0.895601,-0.408966,-0.175058],[0.417587,0.908531,0.0138975],[0.153362,-0.0855486,0.98446]],[[0.895601,-0.408966,-0.175058],[0.402583,0.912531,-0.0722092],[0.189277,-0.00580482,0.981907]]],"btipPosition":[-44.6245,351.934,-65.4341],"carpPosition":[-27.291,317.192,84.6692],"dipPosition":[-41.4209,351.836,-48.8147],"direction":[-0.153362,0.0855486,-0.98446],"extended":true,"handId":910,"id":9101,"length":58.2569,"mcpPosition":[-33.2971,341.748,16.3134],"pipPosition":[-37.7487,349.788,-25.2427],"stabilizedTipPosition":[-42.8654,327.703,56.6471],"timeVisible":5.75753,"tipPosition":[-43.888,351.145,-61.673],"tipVelocity":[20.5744,-44.0607,-172.659],"tool":false,"touchDistance":-0.594856,"touchZone":"hovering","type":1,"width":19.1617},{"bases":[[[0.806926,-0.575356,-0.133548],[0.589302,0.76895,0.24787],[-0.0399217,-0.278713,0.959544]],[[0.797167,-0.603295,-0.0236746],[0.400234,0.557396,-0.727408],[0.452037,0.57039,0.685797]],[[0.797167,-0.603295,-0.0236746],[0.263015,0.382297,-0.885817],[0.54346,0.699917,0.46343]],[[0.797167,-0.603295,-0.0236746],[0.18278,0.278518,-0.942878],[0.575427,0.747304,0.332295]]],"btipPosition":[-60.6666,272.482,-36.3833],"carpPosition":[-15.8199,314.083,81.9224],"dipPosition":[-49.9544,286.394,-30.1973],"direction":[-0.54346,-0.699917,-0.46343],"extended":false,"handId":910,"id":9102,"length":66.379,"mcpPosition":[-13.0608,333.346,15.6037],"pipPosition":[-34.6451,306.111,-17.1424],"stabilizedTipPosition":[-45.4085,267.073,70.056],"timeVisible":5.75753,"tipPosition":[-57.4445,276.499,-36.279],"tipVelocity":[8.5824,-80.4442,-114.834],"tool":false,"touchDistance":-0.519591,"touchZone":"touching","type":2,"width":18.8193},{"bases":[[[0.745521,-0.666419,-0.00919087],[0.643874,0.716602,0.268157],[-0.172119,-0.205835,0.963331]],[[0.722385,-0.684849,0.095611],[0.500909,0.422942,-0.755122],[0.476707,0.593382,0.648574]],[[0.722385,-0.684849,0.095611],[0.356981,0.250931,-0.899777],[0.592219,0.684117,0.425747]],[[0.722385,-0.684849,0.095611],[0.273903,0.156433,-0.94895],[0.634931,0.711696,0.300587]]],"btipPosition":[-43.9128,262.59,-25.9856],"carpPosition":[-5.48974,308.028,79.7463],"dipPosition":[-32.1608,275.763,-20.422],"direction":[-0.592219,-0.684117,-0.425747],"extended":false,"handId":910,"id":9103,"length":63.8252,"mcpPosition":[5.19084,320.801,19.9683],"pipPosition":[-15.9088,294.537,-8.73844],"stabilizedTipPosition":[-22.6173,255.566,79.171],"timeVisible":5.75753,"tipPosition":[-40.2972,266.301,-26.1878],"tipVelocity":[8.68408,-63.2949,-116.691],"tool":false,"touchDistance":-0.516458,"touchZone":"touching","type":3,"width":17.9078},{"bases":[[[0.603886,-0.794944,0.0581858],[0.734239,0.583207,0.347511],[-0.310186,-0.167135,0.935869]],[[0.576719,-0.805886,0.13395],[0.603724,0.309967,-0.734464],[0.550375,0.504448,0.665297]],[[0.576719,-0.805886,0.13395],[0.438109,0.166703,-0.883329],[0.689533,0.568117,0.449207]],[[0.576719,-0.805886,0.13395],[0.34499,0.0916218,-0.934124],[0.740525,0.584938,0.330863]]],"btipPosition":[-26.2104,266.696,-13.3469],"carpPosition":[1.25533,295.761,78.0689],"dipPosition":[-13.5656,276.684,-7.69726],"direction":[-0.689533,-0.568117,-0.449207],"extended":false,"handId":910,"id":9104,"length":50.0378,"mcpPosition":[19.0731,305.362,24.3105],"pipPosition":[-0.205466,287.692,1.00642],"stabilizedTipPosition":[-7.20052,259.794,86.3583],"timeVisible":5.75753,"tipPosition":[-22.6697,269.799,-13.3015],"tipVelocity":[14.0513,-57.5345,-124.618],"tool":false,"touchDistance":-0.516684,"touchZone":"touching","type":4,"width":15.9071}],"r":[[0.914822,0.247207,0.319357],[-0.243311,0.968514,-0.0527197],[-0.322334,-0.029474,0.946167]],"s":0.857172,"t":[16.2386,-11.5208,-173.979],"timestamp":607401202550},false],[5,{"currentFrameRate":110.285,"devices":[],"gestures":[],"hands":[{"armBasis":[[0.790355,-0.130597,-0.598568],[0.445649,0.792982,0.415424],[0.4204,-0.595083,0.684938]],"armWidth":63.1234,"confidence":0.779474,"direction":[0.136997,0.389211,-0.910904],"elbow":[97.9323,138.489,268.452],"grabStrength":0,"id":910,"palmNormal":[-0.44686,-0.796407,-0.407495],"palmPosition":[-15.7725,318.565,35.2674],"palmVelocity":[-10.7357,-35.064,-147.983],"palmWidth":90.138,"pinchStrength":0.830725,"r":[[0.912735,0.249324,0.323654],[-0.245371,0.967942,-0.053677],[-0.326662,-0.0304226,0.944652]],"s":0.858631,"sphereCenter":[-42.1862,292.372,-0.0868719],"sphereRadius":47.8394,"stabilizedPalmPosition":[-1.42636,289.518,166.482],"t":[16.1731,-11.8509,-175.158],"timeVisible":5.76657,"type":"right","wrist":[-14.5129,297.657,85.2501]}],"id":4473201,"interactionBox":{"center":[0,200,0],"size":[235.247,235.247,147.751]},"pointables":[{"bases":[[[0.782157,0.602017,0.160645],[-0.565103,0.576786,0.589896],[0.262469,-0.552172,0.791338]],[[0.641218,0.756965,-0.125875],[-0.726824,0.651728,0.216742],[0.246102,-0.0474905,0.96808]],[[0.641218,0.756965,-0.125875],[-0.764012,0.645077,-0.0126978],[0.0715869,0.104312,0.991965]],[[0.641218,0.756965,-0.125875],[-0.69269,0.500401,-0.519402],[-0.330182,0.420242,0.845208]]],"btipPosition":[-51.6575,289.971,-15.1636],"carpPosition":[-44.7249,300.889,85.8087],"dipPosition":[-59.3126,299.714,4.43208],"direction":[-0.0715869,-0.104312,-0.991965],"extended":false,"handId":910,"id":9100,"length":51.6284,"mcpPosition":[-44.7249,300.889,85.8087],"pipPosition":[-56.8947,303.237,37.937],"stabilizedTipPosition":[-52.3402,257.802,137.215],"timeVisible":5.76657,"tipPosition":[-53.692,292.003,-10.923],"tipVelocity":[5.92039,-20.7204,-163.515],"tool":false,"touchDistance":-0.554171,"touchZone":"hovering","type":0,"width":20.0604},{"bases":[[[0.894504,-0.390952,-0.21684],[0.439931,0.85604,0.271395],[0.0795209,-0.338159,0.937723]],[[0.897207,-0.406028,-0.173669],[0.429464,0.893826,0.128979],[0.102861,-0.190305,0.976322]],[[0.897207,-0.406028,-0.173669],[0.414584,0.909895,0.0145379],[0.152117,-0.0850438,0.984697]],[[0.897207,-0.406028,-0.173669],[0.399424,0.913852,-0.073034],[0.188361,-0.00384082,0.982092]]],"btipPosition":[-44.5572,351.589,-66.5662],"carpPosition":[-27.5534,316.743,83.5283],"dipPosition":[-41.369,351.524,-49.9437],"direction":[-0.152117,0.0850438,-0.984697],"extended":true,"handId":910,"id":9101,"length":58.2569,"mcpPosition":[-33.349,341.388,15.1864],"pipPosition":[-37.7267,349.488,-26.366],"stabilizedTipPosition":[-42.8654,327.704,56.6444],"timeVisible":5.76657,"tipPosition":[-43.7589,350.881,-62.8082],"tipVelocity":[16.8482,-42.2134,-159.57],"tool":false,"touchDistance":-0.580674,"touchZone":"hovering","type":1,"width":19.1617},{"bases":[[[0.808832,-0.573212,-0.131224],[0.586464,0.769989,0.25135],[-0.043036,-0.280258,0.958959]],[[0.799208,-0.600531,-0.0250812],[0.39252,0.553072,-0.734874],[0.455186,0.577473,0.67774]],[[0.799208,-0.600531,-0.0250812],[0.252667,0.373536,-0.892541],[0.545367,0.706989,0.450268]],[[0.799208,-0.600531,-0.0250812],[0.17173,0.268136,-0.947951],[0.575999,0.753303,0.317426]]],"btipPosition":[-60.9104,271.523,-36.4107],"carpPosition":[-16.0642,313.666,80.8222],"dipPosition":[-50.1876,285.547,-30.5015],"direction":[-0.545367,-0.706989,-0.450268],"extended":false,"handId":910,"id":9102,"length":66.379,"mcpPosition":[-13.0898,333.036,14.544],"pipPosition":[-34.8245,305.463,-17.8174],"stabilizedTipPosition":[-45.4617,267.104,69.6268],"timeVisible":5.76657,"tipPosition":[-57.6167,275.625,-36.5224],"tipVelocity":[-1.13985,-86.7368,-85.9636],"tool":false,"touchDistance":-0.497332,"touchZone":"touching","type":2,"width":18.8193},{"bases":[[[0.747156,-0.66461,-0.00724693],[0.641081,0.717742,0.271774],[-0.175422,-0.207704,0.962334]],[[0.723673,-0.683242,0.0973536],[0.502709,0.425214,-0.752647],[0.472844,0.593611,0.651187]],[[0.723673,-0.683242,0.0973536],[0.359269,0.252514,-0.898422],[0.589257,0.68514,0.428205]],[[0.723673,-0.683242,0.0973536],[0.276321,0.157586,-0.948058],[0.632411,0.712985,0.302835]]],"btipPosition":[-43.6301,262.255,-27.2169],"carpPosition":[-5.71091,307.639,78.6779],"dipPosition":[-31.9248,275.452,-21.6117],"direction":[-0.589257,-0.68514,-0.428205],"extended":false,"handId":910,"id":9103,"length":63.8252,"mcpPosition":[5.17465,320.528,18.9617],"pipPosition":[-15.754,294.254,-9.86063],"stabilizedTipPosition":[-22.6254,255.57,79.1245],"timeVisible":5.76657,"tipPosition":[-40.0462,265.956,-27.3699],"tipVelocity":[14.5836,-55.8933,-121.78],"tool":false,"touchDistance":-0.511471,"touchZone":"touching","type":3,"width":17.9078},{"bases":[[[0.605566,-0.793577,0.0593768],[0.731454,0.584445,0.351284],[-0.313473,-0.169294,0.934384]],[[0.575619,-0.805399,0.141402],[0.600792,0.299241,-0.741286],[0.554718,0.511651,0.656126]],[[0.575619,-0.805399,0.141402],[0.434141,0.154464,-0.887503],[0.692953,0.572253,0.43857]],[[0.575619,-0.805399,0.141402],[0.34143,0.0795958,-0.936531],[0.743026,0.587364,0.320804]]],"btipPosition":[-26.4677,266.076,-13.6227],"carpPosition":[1.07028,295.391,77.0087],"dipPosition":[-13.7803,276.106,-8.14484],"direction":[-0.692953,-0.572253,-0.43857],"extended":false,"handId":910,"id":9104,"length":50.0378,"mcpPosition":[19.0769,305.116,23.3356],"pipPosition":[-0.353837,287.194,0.352733],"stabilizedTipPosition":[-7.20534,259.797,86.3292],"timeVisible":5.76657,"tipPosition":[-22.8421,269.207,-13.721],"tipVelocity":[2.63222,-60.2847,-99.888],"tool":false,"touchDistance":-0.498079,"touchZone":"touching","type":4,"width":15.9071}],"r":[[0.912735,0.249324,0.323654],[-0.245371,0.967942,-0.053677],[-0.326662,-0.0304226,0.944652]],"s":0.858631,"t":[16.1731,-11.8509,-175.158],"timestamp":607401211589},false],[6,{"currentFrameRate":110.324,"devices":[],"gestures":[],"hands":[{"armBasis":[[0.791343,-0.136511,-0.595937],[0.446749,0.794547,0.41123],[0.417363,-0.591658,0.689746]],"armWidth":63.1234,"confidence":0.768827,"direction":[0.140053,0.390468,-0.909901],"elbow":[96.8585,138.843,267.437],"grabStrength":0,"id":910,"palmNormal":[-0.44694,-0.795081,-0.409988],"palmPosition":[-15.8667,318.085,32.9974],"palmVelocity":[-10.6643,-40.0709,-176.629],"palmWidth":90.138,"pinchStrength":0.84186,"r":[[0.910944,0.250637,0.327661],[-0.246697,0.967572,-0.054272],[-0.330638,-0.031394,0.943235]],"s":0.859713,"sphereCenter":[-42.4029,292.214,-2.39291],"sphereRadius":47.7606,"stabilizedPalmPosition":[-1.4265,289.518,166.481],"t":[16.0933,-12.2558,-176.882],"timeVisible":5.77556,"type":"right","wrist":[-14.7742,297.095,82.9496]}],"id":4473202,"interactionBox":{"center":[0,200,0],"size":[235.247,235.247,147.751]},"pointables":[{"bases":[[[0.782616,0.600586,0.163737],[-0.565841,0.576684,0.589287],[0.259493,-0.553835,0.791158]],[[0.642889,0.756083,-0.122602],[-0.726016,0.652521,0.217063],[0.244118,-0.0505368,0.968428]],[[0.642889,0.756083,-0.122602],[-0.762831,0.646459,-0.0133671],[0.0691505,0.102118,0.992366]],[[0.642889,0.756083,-0.122602],[-0.68907,0.501002,-0.523621],[-0.334478,0.421112,0.843083]]],"btipPosition":[-51.6353,289.658,-17.5224],"carpPosition":[-44.9827,300.372,83.4315],"dipPosition":[-59.39,299.422,2.02403],"direction":[-0.0691505,-0.102118,-0.992366],"extended":false,"handId":910,"id":9100,"length":51.6284,"mcpPosition":[-44.9827,300.372,83.4315],"pipPosition":[-57.0544,302.871,35.5425],"stabilizedTipPosition":[-52.3402,257.802,137.215],"timeVisible":5.77556,"tipPosition":[-53.685,291.689,-13.2997],"tipVelocity":[4.27362,-24.433,-190.954],"tool":false,"touchDistance":-0.562639,"touchZone":"hovering","type":0,"width":20.0604},{"bases":[[[0.894505,-0.391943,-0.21504],[0.44047,0.854943,0.273967],[0.0764675,-0.339783,0.93739]],[[0.897006,-0.406537,-0.17352],[0.430164,0.89318,0.131104],[0.101686,-0.192243,0.976065]],[[0.897006,-0.406537,-0.17352],[0.415089,0.909664,0.0145529],[0.151928,-0.0850801,0.984723]],[[0.897006,-0.406537,-0.17352],[0.399639,0.913631,-0.0746118],[0.188865,-0.00241794,0.982]]],"btipPosition":[-44.5167,351.227,-68.8352],"carpPosition":[-27.7815,316.204,81.2232],"dipPosition":[-41.32,351.186,-52.2142],"direction":[-0.151928,0.0850801,-0.984723],"extended":true,"handId":910,"id":9101,"length":58.2569,"mcpPosition":[-33.3545,340.967,12.9055],"pipPosition":[-37.6822,349.149,-28.6359],"stabilizedTipPosition":[-42.8654,327.704,56.6417],"timeVisible":5.77556,"tipPosition":[-43.654,350.597,-65.0812],"tipVelocity":[13.52,-41.4949,-185.017],"tool":false,"touchDistance":-0.58498,"touchZone":"hovering","type":1,"width":19.1617},{"bases":[[[0.808328,-0.574211,-0.129951],[0.586928,0.768705,0.254181],[-0.04606,-0.281733,0.958387]],[[0.79886,-0.600893,-0.0273957],[0.387019,0.548322,-0.741323],[0.460477,0.58161,0.670589]],[[0.79886,-0.600893,-0.0273957],[0.243292,0.364428,-0.898889],[0.55012,0.711421,0.437319]],[[0.79886,-0.600893,-0.0273957],[0.160891,0.257338,-0.952833],[0.579601,0.756772,0.302256]]],"btipPosition":[-61.3803,270.686,-37.6614],"carpPosition":[-16.2895,313.114,78.5433],"dipPosition":[-50.5904,284.774,-32.0346],"direction":[-0.55012,-0.711421,-0.437319],"extended":false,"handId":910,"id":9102,"length":66.379,"mcpPosition":[-13.1061,332.586,12.3047],"pipPosition":[-35.0934,304.815,-19.7153],"stabilizedTipPosition":[-45.5369,267.143,69.0335],"timeVisible":5.77556,"tipPosition":[-58.0369,274.824,-37.9355],"tipVelocity":[-14.6936,-88.025,-102.514],"tool":false,"touchDistance":-0.495667,"touchZone":"touching","type":2,"width":18.8193},{"bases":[[[0.746179,-0.665716,-0.00628876],[0.641412,0.716343,0.274669],[-0.178346,-0.208986,0.961518]],[[0.722606,-0.684364,0.0973969],[0.503407,0.424425,-0.752625],[0.473732,0.592881,0.651206]],[[0.722606,-0.684364,0.0973969],[0.358572,0.250633,-0.899227],[0.590988,0.684711,0.426502]],[[0.722606,-0.684364,0.0973969],[0.274915,0.155239,-0.948853],[0.634242,0.712423,0.300319]]],"btipPosition":[-43.7979,261.825,-29.3343],"carpPosition":[-5.93945,307.075,76.4174],"dipPosition":[-32.0587,275.011,-23.7757],"direction":[-0.590988,-0.684711,-0.426502],"extended":false,"handId":910,"id":9103,"length":63.8252,"mcpPosition":[5.12756,320.043,16.7519],"pipPosition":[-15.8404,293.802,-12.0713],"stabilizedTipPosition":[-22.6332,255.574,79.0794],"timeVisible":5.77556,"tipPosition":[-40.2165,265.503,-29.4825],"tipVelocity":[5.69919,-53.7534,-153.29],"tool":false,"touchDistance":-0.520579,"touchZone":"touching","type":3,"width":17.9078},{"bases":[[[0.604217,-0.794577,0.0597425],[0.731369,0.582783,0.354209],[-0.316263,-0.170325,0.933256]],[[0.573098,-0.806736,0.144],[0.604024,0.297091,-0.739521],[0.553817,0.510798,0.65755]],[[0.573098,-0.806736,0.144],[0.437048,0.152244,-0.88646],[0.693216,0.570963,0.439833]],[[0.573098,-0.806736,0.144],[0.344098,0.0774176,-0.935737],[0.743744,0.585819,0.321964]]],"btipPosition":[-26.5356,265.645,-15.9138],"carpPosition":[0.827942,294.82,74.7469],"dipPosition":[-13.8359,275.648,-10.4162],"direction":[-0.693216,-0.570963,-0.439833],"extended":false,"handId":910,"id":9104,"length":50.0378,"mcpPosition":[18.9948,304.603,21.1386],"pipPosition":[-0.404361,286.711,-1.89412],"stabilizedTipPosition":[-7.21057,259.8,86.2971],"timeVisible":5.77556,"tipPosition":[-22.9383,268.738,-15.9506],"tipVelocity":[-0.0750272,-57.0826,-142.241],"tool":false,"touchDistance":-0.5