{"sensorType":"Leap","data":[[0,{"currentFrameRate":97.1348,"devices":[],"gestures":[],"hands":[{"armBasis":[[0.581659,-0.437288,-0.685895],[0.693896,0.706756,0.137856],[0.424477,-0.556125,0.714523]],"armWidth":63.1234,"confidence":0.862156,"direction":[0.115857,0.521458,-0.845375],"elbow":[104.384,116.855,270.095],"grabStrength":0,"id":916,"palmNormal":[-0.694897,-0.565585,-0.444107],"palmPosition":[-11.2873,295.902,34.0984],"palmVelocity":[5.68559,39.537,-129.849],"palmWidth":90.138,"pinchStrength":1,"r":[[0.920038,-0.261785,0.291546],[0.251249,0.965111,0.0737227],[-0.300674,0.00542289,0.953712]],"s":0.839892,"sphereCenter":[-33.761,267.498,-6.12304],"sphereRadius":48.4078,"stabilizedPalmPosition":[-58.8562,257.802,207.159],"t":[53.2623,42.4732,-188.437],"timeVisible":0.560375,"type":"right","wrist":[-9.15179,265.603,78.9803]}],"id":4476722,"interactionBox":{"center":[0,200,0],"size":[235.247,235.247,147.751]},"pointables":[{"bases":[[[0.92973,0.350535,0.112817],[-0.305621,0.563615,0.76742],[0.205422,-0.747972,0.631141]],[[0.819361,0.56624,-0.0895566],[-0.441352,0.722758,0.531816],[0.365863,-0.396223,0.842111]],[[0.819361,0.56624,-0.0895566],[-0.549051,0.820034,0.161514],[0.164895,-0.0831674,0.982798]],[[0.819361,0.56624,-0.0895566],[-0.538859,0.707397,-0.457407],[-0.19565,0.42304,0.884736]]],"btipPosition":[-56.1478,288.422,-9.87252],"carpPosition":[-37.0223,275.828,85.4775],"dipPosition":[-60.6839,298.23,10.6396],"direction":[-0.164895,0.0831674,-0.982798],"extended":false,"handId":916,"id":9160,"length":51.6284,"mcpPosition":[-37.0223,275.828,85.4775],"pipPosition":[-55.1143,295.421,43.8349],"stabilizedTipPosition":[-101.944,243.974,151.671],"timeVisible":0.560375,"tipPosition":[-57.1818,290.066,-5.21017],"tipVelocity":[-1.41968,81.0266,-136.51],"tool":false,"touchDistance":-0.539632,"touchZone":"hovering","type":0,"width":20.0604},{"bases":[[[0.719092,-0.542278,-0.434559],[0.686475,0.651495,0.322964],[0.107977,-0.530555,0.840745]],[[0.72711,-0.619867,-0.295087],[0.65997,0.749506,0.0517705],[0.189079,-0.232392,0.954067]],[[0.72711,-0.619867,-0.295087],[0.635355,0.770413,-0.0528],[0.260068,-0.149094,0.95401]],[[0.72711,-0.619867,-0.295087],[0.612683,0.779824,-0.128432],[0.309727,-0.0874107,0.946799]]],"btipPosition":[-44.0494,340.813,-58.0003],"carpPosition":[-16.6633,287.206,82.7471],"dipPosition":[-38.8071,339.334,-41.9751],"direction":[-0.260068,0.149094,-0.95401],"extended":true,"handId":916,"id":9161,"length":58.2569,"mcpPosition":[-24.5328,325.873,21.473],"pipPosition":[-32.58,335.764,-19.1322],"stabilizedTipPosition":[-86.5177,302.814,65.917],"timeVisible":0.560375,"tipPosition":[-43.0313,339.591,-54.4017],"tipVelocity":[2.92226,53.0148,-124.512],"tool":false,"touchDistance":-0.546512,"touchZone":"hovering","type":1,"width":19.1617},{"bases":[[[0.599435,-0.712038,-0.365623],[0.800367,0.538631,0.263227],[0.00950848,-0.45042,0.892766]],[[0.599486,-0.723027,-0.343292],[0.445956,0.657898,-0.606872],[0.664636,0.210718,0.716838]],[[0.599486,-0.723027,-0.343292],[-0.505238,-0.00919156,-0.862931],[0.620767,0.690759,-0.370811]],[[0.599486,-0.723027,-0.343292],[-0.785209,-0.448147,-0.42733],[0.155125,0.525734,-0.836385]]],"btipPosition":[-59.6594,273.894,7.64174],"carpPosition":[-6.8916,282.071,77.5574],"dipPosition":[-56.7716,283.681,-7.92843],"direction":[-0.620767,-0.690759,0.370811],"extended":false,"handId":916,"id":9162,"length":66.379,"mcpPosition":[-7.54878,313.201,15.8541],"pipPosition":[-39.2845,303.14,-18.3742],"stabilizedTipPosition":[-99.2848,219.447,209.648],"timeVisible":0.560375,"tipPosition":[-59.0048,275.601,5.13774],"tipVelocity":[8.54118,53.5926,-145.829],"tool":false,"touchDistance":0.333333,"touchZone":"none","type":2,"width":18.8193},{"bases":[[[0.532248,-0.809125,-0.249056],[0.841044,0.47175,0.264758],[-0.0967297,-0.350384,0.931598]],[[0.527724,-0.823106,-0.209771],[0.55582,0.52137,-0.647486],[0.642318,0.225099,0.732638]],[[0.527724,-0.823106,-0.209771],[-0.449321,-0.0609285,-0.89129],[0.720846,0.564609,-0.401992]],[[0.527724,-0.823106,-0.209771],[-0.804543,-0.405156,-0.434234],[0.272431,0.397925,-0.876035]]],"btipPosition":[-46.1778,263.214,9.64875],"carpPosition":[1.07389,274.294,72.6388],"dipPosition":[-41.1354,270.579,-6.56582],"direction":[-0.720846,-0.564609,0.401992],"extended":false,"handId":916,"id":9163,"length":63.8252,"mcpPosition":[7.0763,296.037,14.8299],"pipPosition":[-21.3535,286.074,-17.5975],"stabilizedTipPosition":[-85.5916,213.695,204.746],"timeVisible":0.560375,"tipPosition":[-45.1116,264.501,7.07282],"tipVelocity":[9.04093,48.6972,-145.822],"tool":false,"touchDistance":0.333333,"touchZone":"none","type":3,"width":17.9078},{"bases":[[[0.371145,-0.91099,-0.179859],[0.901718,0.307337,0.304055],[-0.221713,-0.275031,0.935522]],[[0.393247,-0.87528,-0.281499],[0.593113,0.475441,-0.649749],[0.702548,0.0885507,0.706105]],[[0.393247,-0.87528,-0.281499],[-0.493166,0.0575967,-0.868027],[0.77598,0.480174,-0.409008]],[[0.393247,-0.87528,-0.281499],[-0.866135,-0.249935,-0.432831],[0.308492,0.414026,-0.856397]]],"btipPosition":[-28.1608,257.7,11.8914],"carpPosition":[4.01518,261.377,67.8153],"dipPosition":[-22.8932,264.769,-2.73188],"direction":[-0.77598,-0.480174,0.409008],"extended":false,"handId":916,"id":9164,"length":50.0378,"mcpPosition":[16.7509,277.175,14.0768],"pipPosition":[-7.85805,274.073,-10.6567],"stabilizedTipPosition":[-64.8061,213.196,207.038],"timeVisible":0.560375,"tipPosition":[-26.9267,258.987,9.49839],"tipVelocity":[7.5716,47.9729,-145.982],"tool":false,"touchDistance":0.333333,"touchZone":"none","type":4,"width":15.9071}],"r":[[0.920038,-0.261785,0.291546],[0.251249,0.965111,0.0737227],[-0.300674,0.00542289,0.953712]],"s":0.839892,"t":[53.2623,42.4732,-188.437],"timestamp":607434418897},false],[1,{"currentFrameRate":97.6598,"devices":[],"gestures":[],"hands":[{"armBasis":[[0.584368,-0.438146,-0.683039],[0.692965,0.707432,0.139066],[0.422272,-0.554588,0.71702]],"armWidth":63.1234,"confidence":0.865418,"direction":[0.115454,0.521916,-0.845147],"elbow":[103.845,117.448,269.632],"grabStrength":0,"id":916,"palmNormal":[-0.693957,-0.56638,-0.444565],"palmPosition":[-11.2612,296.097,32.9772],"palmVelocity":[4.88982,34.4095,-127.661],"palmWidth":90.138,"pinchStrength":1,"r":[[0.920117,-0.261695,0.291377],[0.251118,0.965136,0.073833],[-0.30054,0.00523516,0.953755]],"s":0.84001,"sphereCenter":[-33.6737,267.533,-7.3623],"sphereRadius":48.537,"stabilizedPalmPosition":[-58.8492,257.808,207.133],"t":[53.2959,42.7148,-189.551],"timeVisible":0.569564,"type":"right","wrist":[-9.10075,265.785,77.8491]}],"id":4476723,"interactionBox":{"center":[0,200,0],"size":[235.247,235.247,147.751]},"pointables":[{"bases":[[[0.929206,0.35177,0.113285],[-0.306678,0.562923,0.767507],[0.206215,-0.747914,0.630952]],[[0.820143,0.565498,-0.0870509],[-0.441822,0.722612,0.531624],[0.363536,-0.397547,0.842495]],[[0.820143,0.565498,-0.0870509],[-0.547714,0.81996,0.166357],[0.165453,-0.0887576,0.982216]],[[0.820143,0.565498,-0.0870509],[-0.538967,0.712504,-0.449281],[-0.192043,0.415392,0.889139]]],"btipPosition":[-56.1006,288.995,-11.1118],"carpPosition":[-36.9877,275.969,84.3396],"dipPosition":[-60.553,298.625,9.50241],"direction":[-0.165453,0.0887576,-0.982216],"extended":false,"handId":916,"id":9160,"length":51.6284,"mcpPosition":[-36.9877,275.969,84.3396],"pipPosition":[-54.9646,295.628,42.6781],"stabilizedTipPosition":[-101.896,244.024,151.505],"timeVisible":0.569564,"tipPosition":[-57.1193,290.52,-6.38892],"tipVelocity":[0.999132,74.561,-135.336],"tool":false,"touchDistance":-0.532239,"touchZone":"hovering","type":0,"width":20.0604},{"bases":[[[0.719996,-0.541137,-0.434485],[0.685461,0.652322,0.323449],[0.108394,-0.530705,0.840597]],[[0.728073,-0.618513,-0.295553],[0.659002,0.750247,0.0533379],[0.188747,-0.233604,0.953836]],[[0.728073,-0.618513,-0.295553],[0.634391,0.771304,-0.0513569],[0.259726,-0.150104,0.953945]],[[0.728073,-0.618513,-0.295553],[0.611708,0.780804,-0.127117],[0.309392,-0.0882414,0.946832]]],"btipPosition":[-44.0318,341.084,-59.105],"carpPosition":[-16.6433,287.376,81.6208],"dipPosition":[-38.7951,339.59,-43.0793],"direction":[-0.259726,0.150104,-0.953945],"extended":true,"handId":916,"id":9161,"length":58.2569,"mcpPosition":[-24.5431,326.054,20.3575],"pipPosition":[-32.5762,335.996,-20.2379],"stabilizedTipPosition":[-86.4684,302.857,65.78],"timeVisible":0.569564,"tipPosition":[-43.0131,339.864,-55.5072],"tipVelocity":[2.60183,46.3378,-123.309],"tool":false,"touchDistance":-0.536763,"touchZone":"hovering","type":1,"width":19.1617},{"bases":[[[0.600546,-0.711085,-0.365654],[0.79953,0.539635,0.263715],[0.00979629,-0.450724,0.89261]],[[0.600605,-0.72197,-0.343559],[0.450665,0.660617,-0.600405],[0.660435,0.205776,0.722137]],[[0.600605,-0.72197,-0.343559],[-0.500821,-0.00475412,-0.865538],[0.623259,0.691908,-0.364433]],[[0.600605,-0.72197,-0.343559],[-0.783974,-0.447379,-0.430392],[0.157029,0.527837,-0.834704]]],"btipPosition":[-59.5554,274.265,6.06406],"carpPosition":[-6.86262,282.256,76.4329],"dipPosition":[-56.6321,284.091,-9.47482],"direction":[-0.623259,-0.691908,0.364433],"extended":false,"handId":916,"id":9162,"length":66.379,"mcpPosition":[-7.53969,313.408,14.7404],"pipPosition":[-39.0749,303.582,-19.741],"stabilizedTipPosition":[-99.275,219.461,209.597],"timeVisible":0.569564,"tipPosition":[-58.9036,275.954,3.61173],"tipVelocity":[9.56552,50.1649,-152.838],"tool":false,"touchDistance":0.333333,"touchZone":"none","type":2,"width":18.8193},{"bases":[[[0.53345,-0.808305,-0.249146],[0.840298,0.472809,0.265236],[-0.0965934,-0.350847,0.931438]],[[0.528941,-0.822279,-0.209952],[0.556454,0.522828,-0.645763],[0.640766,0.224742,0.734105]],[[0.528941,-0.822279,-0.209952],[-0.448348,-0.0607036,-0.891796],[0.72056,0.565838,-0.400775]],[[0.528941,-0.822279,-0.209952],[-0.803914,-0.406208,-0.434417],[0.271928,0.398564,-0.875901]]],"btipPosition":[-46.0589,263.411,8.43355],"carpPosition":[1.11535,274.492,71.5145],"dipPosition":[-41.0258,270.788,-7.77854],"direction":[-0.72056,-0.565838,0.400775],"extended":false,"handId":916,"id":9163,"length":63.8252,"mcpPosition":[7.1093,296.263,13.7155],"pipPosition":[-21.2518,286.316,-18.7769],"stabilizedTipPosition":[-85.5847,213.704,204.713],"timeVisible":0.569564,"tipPosition":[-45.0045,264.703,5.83338],"tipVelocity":[10.0638,41.1621,-142.01],"tool":false,"touchDistance":0.333333,"touchZone":"none","type":3,"width":17.9078},{"bases":[[[0.372461,-0.910416,-0.180045],[0.901183,0.308466,0.304497],[-0.221682,-0.275667,0.935342]],[[0.394544,-0.874654,-0.281629],[0.596349,0.476912,-0.645696],[0.699073,0.0868067,0.709761]],[[0.394544,-0.874654,-0.281629],[-0.489988,0.0590167,-0.869729],[0.777333,0.481141,-0.405285]],[[0.394544,-0.874654,-0.281629],[-0.865228,-0.250436,-0.434353],[0.309378,0.415045,-0.855583]]],"btipPosition":[-28.0213,257.965,10.5598],"carpPosition":[4.07614,261.58,66.6875],"dipPosition":[-22.7385,265.052,-4.0496],"direction":[-0.777333,-0.481141,0.405285],"extended":false,"handId":916,"id":9164,"length":50.0378,"mcpPosition":[16.81,277.415,12.9593],"pipPosition":[-7.67718,274.375,-11.9023],"stabilizedTipPosition":[-64.8013,213.202,207.012],"timeVisible":0.569564,"tipPosition":[-26.8041,259.247,8.17636],"tipVelocity":[9.80458,42.7552,-145.586],"tool":false,"touchDistance":0.333333,"touchZone":"none","type":4,"width":15.9071}],"r":[[0.920117,-0.261695,0.291377],[0.251118,0.965136,0.073833],[-0.30054,0.00523516,0.953755]],"s":0.84001,"t":[53.2959,42.7148,-189.551],"timestamp":607434428086},false],[2,{"currentFrameRate":98.2934,"devices":[],"gestures":[],"hands":[{"armBasis":[[0.586874,-0.437275,-0.681447],[0.691473,0.708539,0.140849],[0.421242,-0.553862,0.718187]],"armWidth":63.1234,"confidence":0.868535,"direction":[0.114916,0.516857,-0.848324],"elbow":[103.505,118.102,268.887],"grabStrength":0,"id":916,"palmNormal":[-0.691828,-0.571187,-0.441723],"palmPosition":[-11.3618,296.265,31.7263],"palmVelocity":[0.482359,30.1612,-131.113],"palmWidth":90.138,"pinchStrength":1,"r":[[0.920265,-0.260723,0.29178],[0.250444,0.965394,0.0727482],[-0.300649,0.00612672,0.953715]],"s":0.8401,"sphereCenter":[-33.5946,267.157,-8.59993],"sphereRadius":48.7291,"stabilizedPalmPosition":[-58.8437,257.812,207.113],"t":[53.2623,42.9194,-190.734],"timeVisible":0.578477,"type":"right","wrist":[-9.1654,266.245,76.7927]}],"id":4476724,"interactionBox":{"center":[0,200,0],"size":[235.247,235.247,147.751]},"pointables":[{"bases":[[[0.928066,0.35515,0.112078],[-0.309157,0.566913,0.763565],[0.207642,-0.743289,0.635929]],[[0.820377,0.565104,-0.0874046],[-0.443327,0.725097,0.526969],[0.361169,-0.393565,0.845378]],[[0.820377,0.565104,-0.0874046],[-0.547209,0.820202,0.166827],[0.165964,-0.0890322,0.982105]],[[0.820377,0.565104,-0.0874046],[-0.539949,0.715227,-0.44374],[-0.188245,0.411228,0.891883]]],"btipPosition":[-56.1898,289.325,-12.4666],"carpPosition":[-37.0887,276.39,83.1872],"dipPosition":[-60.5542,298.859,8.21118],"direction":[-0.165964,0.0890322,-0.982105],"extended":false,"handId":916,"id":9160,"length":51.6284,"mcpPosition":[-37.0887,276.39,83.1872],"pipPosition":[-54.9486,295.852,41.3831],"stabilizedTipPosition":[-101.852,244.071,151.347],"timeVisible":0.578477,"tipPosition":[-57.1732,290.719,-7.69116],"tipVelocity":[-1.38186,63.6603,-139.429],"tool":false,"touchDistance":-0.527452,"touchZone":"hovering","type":0,"width":20.0604},{"bases":[[[0.722034,-0.541821,-0.430229],[0.683224,0.656332,0.320053],[0.108962,-0.525032,0.844079]],[[0.73018,-0.617985,-0.291431],[0.656869,0.752312,0.0504948],[0.188042,-0.228303,0.955258]],[[0.73018,-0.617985,-0.291431],[0.632258,0.772827,-0.0546714],[0.259012,-0.14434,0.955028]],[[0.73018,-0.617985,-0.291431],[0.609549,0.781887,-0.13078],[0.308686,-0.082149,0.94761]]],"btipPosition":[-44.1448,340.666,-60.6607],"carpPosition":[-16.774,287.838,80.4185],"dipPosition":[-38.9201,339.275,-44.6218],"direction":[-0.259012,0.14434,-0.955028],"extended":true,"handId":916,"id":9161,"length":58.2569,"mcpPosition":[-24.7152,326.103,18.9014],"pipPosition":[-32.7183,335.819,-21.7545],"stabilizedTipPosition":[-86.4342,302.887,65.6838],"timeVisible":0.578477,"tipPosition":[-43.1232,339.472,-57.0563],"tipVelocity":[-1.64521,21.6635,-137.168],"tool":false,"touchDistance":-0.53471,"touchZone":"hovering","type":1,"width":19.1617},{"bases":[[[0.602993,-0.71167,-0.360451],[0.797683,0.543595,0.261164],[0.0100768,-0.445005,0.895471]],[[0.603059,-0.722339,-0.338446],[0.455,0.659976,-0.597835],[0.655206,0.206537,0.726669]],[[0.603059,-0.722339,-0.338446],[-0.495588,-0.00680877,-0.868531],[0.625069,0.691506,-0.362089]],[[0.603059,-0.722339,-0.338446],[-0.781722,-0.450668,-0.431056],[0.158841,0.524523,-0.836448]]],"btipPosition":[-59.5201,274.363,4.45756],"carpPosition":[-6.97285,282.713,75.2741],"dipPosition":[-56.5631,284.128,-11.1138],"direction":[-0.625069,-0.691506,0.362089],"extended":false,"handId":916,"id":9162,"length":66.379,"mcpPosition":[-7.66931,313.47,13.3839],"pipPosition":[-38.9548,303.608,-21.3139],"stabilizedTipPosition":[-99.2672,219.472,209.557],"timeVisible":0.578477,"tipPosition":[-58.8718,276.019,2.04201],"tipVelocity":[8.27761,39.0817,-160.529],"tool":false,"touchDistance":0.333333,"touchZone":"none","type":2,"width":18.8193},{"bases":[[[0.536044,-0.80834,-0.243401],[0.83864,0.476898,0.263156],[-0.0966423,-0.345189,0.933544]],[[0.531518,-0.82211,-0.204022],[0.558926,0.52138,-0.644798],[0.636467,0.228688,0.736621]],[[0.531518,-0.82211,-0.204022],[-0.444327,-0.0655401,-0.893464],[0.721154,0.565544,-0.400121]],[[0.531518,-0.82211,-0.204022],[-0.801807,-0.410654,-0.434129],[0.273119,0.394333,-0.877443]]],"btipPosition":[-45.9865,263.421,7.10174],"carpPosition":[1.03288,274.941,70.4142],"dipPosition":[-40.9313,270.719,-9.13891],"direction":[-0.721154,-0.565544,0.400121],"extended":false,"handId":916,"id":9163,"length":63.8252,"mcpPosition":[7.02987,296.361,12.4845],"pipPosition":[-21.141,286.239,-20.1193],"stabilizedTipPosition":[-85.5795,213.71,204.687],"timeVisible":0.578477,"tipPosition":[-44.9382,264.695,4.50727],"tipVelocity":[9.69192,29.693,-144.23],"tool":false,"touchDistance":0.333333,"touchZone":"none","type":3,"width":17.9078},{"bases":[[[0.37527,-0.91047,-0.17383],[0.89995,0.312983,0.303531],[-0.22195,-0.270345,0.936831]],[[0.397313,-0.8754,-0.275348],[0.596608,0.474386,-0.647315],[0.697281,0.0929117,0.710751]],[[0.397313,-0.8754,-0.275348],[-0.48884,0.0520408,-0.87082],[0.776645,0.48059,-0.407254]],[[0.397313,-0.8754,-0.275348],[-0.864151,-0.255917,-0.4333],[0.308845,0.410099,-0.858157]]],"btipPosition":[-27.9607,257.968,9.50705],"carpPosition":[4.0361,262.007,65.6728],"dipPosition":[-22.6871,264.97,-5.14633],"direction":[-0.776645,-0.48059,0.407254],"extended":false,"handId":916,"id":9164,"length":50.0378,"mcpPosition":[16.7854,277.537,11.8591],"pipPosition":[-7.63905,274.282,-13.0371],"stabilizedTipPosition":[-64.7974,213.206,206.992],"timeVisible":0.578477,"tipPosition":[-26.7554,259.239,7.09451],"tipVelocity":[8.921,30.5983,-138.414],"tool":false,"touchDistance":0.333333,"touchZone":"none","type":4,"width":15.9071}],"r":[[0.920265,-0.260723,0.29178],[0.250444,0.965394,0.0727482],[-0.300649,0.00612672,0.953715]],"s":0.8401,"t":[53.2623,42.9194,-190.734],"timestamp":607434436999},false],[3,{"currentFrameRate":98.7909,"devices":[],"gestures":[],"hands":[{"armBasis":[[0.592181,-0.436005,-0.677659],[0.686932,0.712776,0.141684],[0.421244,-0.549408,0.721598]],"armWidth":63.1234,"confidence":0.872439,"direction":[0.114551,0.518966,-0.847085],"elbow":[103.339,119.707,268.583],"grabStrength":0,"id":916,"palmNormal":[-0.687463,-0.574134,-0.444708],"palmPosition":[-11.5613,296.745,30.5556],"palmVelocity":[-5.72224,36.4058,-130.279],"palmWidth":90.138,"pinchStrength":1,"r":[[0.920496,-0.259054,0.292539],[0.248819,0.965843,0.0723617],[-0.301292,0.00618068,0.953512]],"s":0.840337,"sphereCenter":[-33.432,267.323,-10.042],"sphereRadius":48.9434,"stabilizedPalmPosition":[-58.8387,257.816,207.094],"t":[53.1458,43.2621,-191.91],"timeVisible":0.587615,"type":"right","wrist":[-9.3318,266.659,75.5756]}],"id":4476725,"interactionBox":{"center":[0,200,0],"size":[235.247,235.247,147.751]},"pointables":[{"bases":[[[0.925808,0.359957,0.115367],[-0.314403,0.563887,0.763664],[0.209832,-0.743278,0.635223]],[[0.819312,0.567494,-0.081723],[-0.447709,0.722284,0.527127],[0.358169,-0.395293,0.845848]],[[0.819312,0.567494,-0.081723],[-0.549014,0.817612,0.173478],[0.165265,-0.0972651,0.981441]],[[0.819312,0.567494,-0.081723],[-0.542523,0.721239,-0.430677],[-0.185465,0.397195,0.898798]]],"btipPosition":[-56.3214,290.265,-13.9075],"carpPosition":[-37.3277,276.641,81.9075],"dipPosition":[-60.6213,299.474,6.93064],"direction":[-0.165265,0.0972651,-0.981441],"extended":false,"handId":916,"id":9160,"length":51.6284,"mcpPosition":[-37.3277,276.641,81.9075],"pipPosition":[-55.0392,296.189,40.0801],"stabilizedTipPosition":[-101.805,244.122,151.178],"timeVisible":0.587615,"tipPosition":[-57.2644,291.48,-9.05669],"tipVelocity":[-4.54967,72.2971,-143.383],"tool":false,"touchDistance":-0.5241,"touchZone":"hovering","type":0,"width":20.0604},{"bases":[[[0.726181,-0.537155,-0.429098],[0.678747,0.659445,0.323163],[0.109378,-0.525924,0.843469]],[[0.734345,-0.613248,-0.290971],[0.652738,0.755594,0.0548797],[0.186201,-0.230229,0.955156]],[[0.734345,-0.613248,-0.290971],[0.628247,0.77636,-0.0506961],[0.256988,-0.145574,0.955388]],[[0.734345,-0.613248,-0.290971],[0.60561,0.785535,-0.127163],[0.306551,-0.0828339,0.948243]]],"btipPosition":[-44.3056,341.22,-61.8325],"carpPosition":[-17.0674,288.204,79.2172],"dipPosition":[-39.117,339.818,-45.7829],"direction":[-0.256988,0.145574,-0.955388],"extended":true,"handId":916,"id":9161,"length":58.2569,"mcpPosition":[-25.0389,326.533,17.7446],"pipPosition":[-32.9637,336.332,-22.907],"stabilizedTipPosition":[-86.4072,302.91,65.6066],"timeVisible":0.587615,"tipPosition":[-43.2851,340.028,-58.229],"tipVelocity":[-6.33254,32.4171,-134.61],"tool":false,"touchDistance":-0.527113,"touchZone":"hovering","type":1,"width":19.1617},{"bases":[[[0.607861,-0.707767,-0.359959],[0.793982,0.547432,0.264406],[0.00991527,-0.446523,0.894717]],[[0.607922,-0.718454,-0.338017],[0.456776,0.66467,-0.591244],[0.649451,0.205032,0.73224]],[[0.607922,-0.718454,-0.338017],[-0.490539,-0.00509518,-0.871404],[0.624341,0.695556,-0.355527]],[[0.607922,-0.718454,-0.338017],[-0.777829,-0.453407,-0.435206],[0.159416,0.52749,-0.83447]]],"btipPosition":[-59.4754,274.799,2.84002],"carpPosition":[-7.22393,283.141,74.0921],"dipPosition":[-56.5077,284.618,-12.6945],"direction":[-0.624341,-0.695556,0.355527],"extended":false,"handId":916,"id":9162,"length":66.379,"mcpPosition":[-7.90922,314.002,12.254],"pipPosition":[-38.9199,304.212,-22.7098],"stabilizedTipPosition":[-99.2606,219.482,209.522],"timeVisible":0.587615,"tipPosition":[-58.8381,276.457,0.429598],"tipVelocity":[7.4101,41.8479,-164.856],"tool":false,"touchDistance":0.333333,"touchZone":"none","type":2,"width":18.8193},{"bases":[[[0.5411,-0.805003,-0.243272],[0.835293,0.480954,0.2664],[-0.0974504,-0.347353,0.932657]],[[0.536531,-0.818876,-0.203901],[0.561711,0.526868,-0.63788],[0.629774,0.227709,0.742653]],[[0.536531,-0.818876,-0.203901],[-0.438044,-0.0637308,-0.896692],[0.721285,0.570421,-0.392897]],[[0.536531,-0.818876,-0.203901],[-0.797785,-0.413431,-0.438879],[0.275089,0.398142,-0.875105]]],"btipPosition":[-45.8754,263.874,5.47571],"carpPosition":[0.837574,275.421,69.2416],"dipPosition":[-40.7838,271.243,-10.7217],"direction":[-0.721285,-0.570421,0.392897],"extended":false,"handId":916,"id":9163,"length":63.8252,"mcpPosition":[6.88471,296.975,11.367],"pipPosition":[-20.9899,286.897,-21.5038],"stabilizedTipPosition":[-85.575,213.716,204.664],"timeVisible":0.587615,"tipPosition":[-44.8321,265.154,2.90393],"tipVelocity":[10.6317,35.7172,-153.304],"tool":false,"touchDistance":0.333333,"touchZone":"none","type":3,"width":17.9078},{"bases":[[[0.380682,-0.908122,-0.174343],[0.897372,0.317301,0.306664],[-0.223169,-0.273192,0.935715]],[[0.402692,-0.87303,-0.275061],[0.597376,0.478346,-0.643682],[0.693528,0.0948912,0.714153]],[[0.402692,-0.87303,-0.275061],[-0.485702,0.0509043,-0.872641],[0.775843,0.485003,-0.403533]],[[0.402692,-0.87303,-0.275061],[-0.861512,-0.259968,-0.436136],[0.309252,0.412596,-0.856812]]],"btipPosition":[-27.8625,258.438,8.17041],"carpPosition":[3.92422,262.512,64.4863],"dipPosition":[-22.5819,265.483,-6.46001],"direction":[-0.775843,-0.485003,0.403533],"extended":false,"handId":916,"id":9164,"length":50.0378,"mcpPosition":[16.7436,278.205,10.7367],"pipPosition":[-7.54941,274.881,-14.2787],"stabilizedTipPosition":[-64.794,213.21,206.974],"timeVisible":0.587615,"tipPosition":[-26.6661,259.716,5.74651],"tipVelocity":[9.47813,36.7101,-140.439],"tool":false,"touchDistance":0.333333,"touchZone":"none","type":4,"width":15.9071}],"r":[[0.920496,-0.259054,0.292539],[0.248819,0.965843,0.0723617],[-0.301292,0.00618068,0.953512]],"s":0.840337,"t":[53.1458,43.2621,-191.91],"timestamp":607434446137},false],[4,{"currentFrameRate":99.3718,"devices":[],"gestures":[],"hands":[{"armBasis":[[0.599775,-0.431499,-0.673854],[0.680587,0.717969,0.14602],[0.420798,-0.546195,0.724292]],"armWidth":63.1234,"confidence":0.873184,"direction":[0.114985,0.519231,-0.846863],"elbow":[102.846,121.278,268.011],"grabStrength":0,"id":916,"palmNormal":[-0.680442,-0.579939,-0.447962],"palmPosition":[-11.9322,297.404,29.228],"palmVelocity":[-15.4937,46.6051,-135.337],"palmWidth":90.138,"pinchStrength":1,"r":[[0.920771,-0.256202,0.294181],[0.245898,0.966605,0.0721675],[-0.302846,0.00588877,0.953021]],"s":0.840943,"sphereCenter":[-33.3233,267.634,-11.5481],"sphereRadius":49.0742,"stabilizedPalmPosition":[-58.8337,257.82,207.075],"t":[52.9021,43.7628,-193.162],"timeVisible":0.596535,"type":"right","wrist":[-9.7061,267.37,74.2831]}],"id":4476726,"interactionBox":{"center":[0,200,0],"size":[235.247,235.247,147.751]},"pointables":[{"bases":[[[0.922268,0.367427,0.120082],[-0.32302,0.561929,0.761508],[0.21232,-0.741103,0.636935]],[[0.816716,0.572054,-0.0756885],[-0.45552,0.719673,0.523997],[0.354225,-0.393479,0.84835]],[[0.816716,0.572054,-0.0756885],[-0.553898,0.813964,0.175099],[0.161774,-0.101083,0.981637]],[[0.816716,0.572054,-0.0756885],[-0.546024,0.723718,-0.422008],[-0.186634,0.385988,0.903427]]],"btipPosition":[-56.4683,291.056,-15.5969],"carpPosition":[-37.8147,277.133,80.4557],"dipPosition":[-60.7953,300.005,5.34853],"direction":[-0.161774,0.101083,-0.981637],"extended":false,"handId":916,"id":9160,"length":51.6284,"mcpPosition":[-37.8147,277.133,80.4557],"pipPosition":[-55.3312,296.591,38.5046],"stabilizedTipPosition":[-101.759,244.173,151.011],"timeVisible":0.596535,"tipPosition":[-57.4012,292.143,-10.6857],"tipVelocity":[-7.98828,74.9318,-155.168],"tool":false,"touchDistance":-0.524994,"touchZone":"hovering","type":0,"width":20.0604},{"bases":[[[0.732756,-0.531659,-0.424744],[0.671703,0.665087,0.326304],[0.109009,-0.524403,0.844464]],[[0.740785,-0.607299,-0.287098],[0.646552,0.760548,0.05948],[0.18223,-0.229686,0.956053]],[[0.740785,-0.607299,-0.287098],[0.622498,0.781246,-0.0463685],[0.252454,-0.144369,0.956778]],[[0.740785,-0.607299,-0.287098],[0.600197,0.790322,-0.123109],[0.301664,-0.0811178,0.949957]]],"btipPosition":[-44.484,341.679,-63.3568],"carpPosition":[-17.633,288.855,77.8658],"dipPosition":[-39.3782,340.306,-47.2782],"direction":[-0.252454,0.144369,-0.956778],"extended":true,"handId":916,"id":9161,"length":58.2569,"mcpPosition":[-25.5777,327.074,16.3207],"pipPosition":[-33.3334,336.849,-24.369],"stabilizedTipPosition":[-86.3858,302.929,65.5443],"timeVisible":0.596535,"tipPosition":[-43.4836,340.491,-59.7466],"tipVelocity":[-10.6401,37.8223,-144.291],"tool":false,"touchDistance":-0.525499,"touchZone":"hovering","type":1,"width":19.1617},{"bases":[[[0.61543,-0.703158,-0.35611],[0.788144,0.553954,0.268259],[0.00864028,-0.445761,0.89511]],[[0.615457,-0.713832,-0.334151],[0.454376,0.667759,-0.58961],[0.644014,0.211049,0.735325]],[[0.615457,-0.713832,-0.334151],[-0.486604,-0.0106244,-0.873558],[0.620023,0.700237,-0.353892]],[[0.615457,-0.713832,-0.334151],[-0.772093,-0.460845,-0.437601],[0.158382,0.52732,-0.834774]]],"btipPosition":[-59.4847,275.056,1.33098],"carpPosition":[-7.72189,283.867,72.798],"dipPosition":[-56.5363,284.873,-14.2092],"direction":[-0.620023,-0.700237,0.353892],"extended":false,"handId":916,"id":9162,"length":66.379,"mcpPosition":[-8.31906,314.676,10.9327],"pipPosition":[-39.0702,304.598,-24.1784],"stabilizedTipPosition":[-99.2553,219.489,209.495],"timeVisible":0.596535,"tipPosition":[-58.8626,276.734,-1.14004],"tipVelocity":[4.96996,38.2885,-166.073],"tool":false,"touchDistance":0.333333,"touchZone":"none","type":2,"width":18.8193},{"bases":[[[0.548817,-0.800837,-0.239708],[0.829974,0.487809,0.270529],[-0.0997173,-0.347422,0.932392]],[[0.544147,-0.814717,-0.200353],[0.562005,0.531264,-0.633963],[0.622941,0.23237,0.74696]],[[0.544147,-0.814717,-0.200353],[-0.431986,-0.0673536,-0.899362],[0.71923,0.575934,-0.388597]],[[0.544147,-0.814717,-0.200353],[-0.792089,-0.420139,-0.442808],[0.276587,0.39965,-0.873945]]],"btipPosition":[-45.8141,264.28,3.91769],"carpPosition":[0.427109,276.208,67.9972],"dipPosition":[-40.6948,271.677,-12.2582],"direction":[-0.71923,-0.575934,0.388597],"extended":false,"handId":916,"id":9163,"length":63.8252,"mcpPosition":[6.61491,297.767,10.1391],"pipPosition":[-20.9572,287.482,-22.9223],"stabilizedTipPosition":[-85.5713,213.721,204.646],"timeVisible":0.596535,"tipPosition":[-44.7732,265.571,1.32433],"tipVelocity":[9.80213,38.5854,-158.974],"tool":false,"touchDistance":0.333333,"touchZone":"none","type":3,"width":17.9078},{"bases":[[[0.388857,-0.905183,-0.171565],[0.893139,0.324688,0.311257],[-0.226039,-0.274266,0.934711]],[[0.410571,-0.871122,-0.269404],[0.605499,0.481376,-0.633757],[0.681765,0.0970784,0.725102]],[[0.410571,-0.871122,-0.269404],[-0.473688,0.0486926,-0.879346],[0.779135,0.488647,-0.392648]],[[0.410571,-0.871122,-0.269404],[-0.855597,-0.265903,-0.444127],[0.315254,0.412847,-0.854501]]],"btipPosition":[-27.7337,259.157,6.37673],"carpPosition":[3.64239,263.321,63.2688],"dipPosition":[-22.3506,266.207,-8.21422],"direction":[-0.779135,-0.488647,0.392648],"extended":false,"handId":916,"id":9164,"length":50.0378,"mcpPosition":[16.6266,279.075,9.57692],"pipPosition":[-7.25435,275.675,-15.822],"stabilizedTipPosition":[-64.7907,213.214,206.956],"timeVisible":0.596535,"tipPosition":[-26.5375,260.395,4.02203],"tipVelocity":[11.5503,48.7003,-156.689],"tool":false,"touchDistance":0.333333,"touchZone":"none","type":4,"width":15.9071}],"r":[[0.920771,-0.256202,0.294181],[0.245898,0.966605,0.0721675],[-0.302846,0.00588877,0.953021]],"s":0.840943,"t":[52.9021,43.7628,-193.162],"timestamp":607434455057},false],[5,{"currentFrameRate":99.8567,"devices":[],"gestures":[],"hands":[{"armBasis":[[0.604601,-0.427711,-0.671953],[0.676419,0.721167,0.149583],[0.420612,-0.54496,0.725331]],"armWidth":63.1234,"confidence":0.872248,"direction":[0.115404,0.520137,-0.84625],"elbow":[102.486,121.975,267.371],"grabStrength":0,"id":916,"palmNormal":[-0.675784,-0.583282,-0.450664],"palmPosition":[-12.2322,297.776,28.3131],"palmVelocity":[-20.3582,45.0572,-125.831],"palmWidth":90.138,"pinchStrength":1,"r":[[0.921028,-0.252987,0.296151],[0.242506,0.967455,0.0722574],[-0.304793,0.00526723,0.952404]],"s":0.841335,"sphereCenter":[-33.3813,267.903,-12.5695],"sphereRadius":49.1027,"stabilizedPalmPosition":[-58.8282,257.825,207.054],"t":[52.6302,44.1989,-194.246],"timeVisible":0.6056,"type":"right","wrist":[-10.0162,267.736,73.3653]}],"id":4476727,"interactionBox":{"center":[0,200,0],"size":[235.247,235.247,147.751]},"pointables":[{"bases":[[[0.919908,0.372146,0.123599],[-0.328715,0.559964,0.760517],[0.213813,-0.740234,0.637446]],[[0.81496,0.575125,-0.071215],[-0.460824,0.717646,0.522136],[0.351401,-0.392702,0.849884]],[[0.81496,0.575125,-0.071215],[-0.557386,0.811532,0.17532],[0.158624,-0.103184,0.981932]],[[0.81496,0.575125,-0.071215],[-0.547675,0.72417,-0.419082],[-0.189453,0.380537,0.905151]]],"btipPosition":[-56.5395,291.434,-16.7402],"carpPosition":[-38.1973,277.352,79.4382],"dipPosition":[-60.9319,300.256,4.24522],"direction":[-0.158624,0.103184,-0.981932],"extended":false,"handId":916,"id":9160,"length":51.6284,"mcpPosition":[-38.1973,277.352,79.4382],"pipPosition":[-55.5742,296.771,37.4113],"stabilizedTipPosition":[-101.715,244.222,150.848],"timeVisible":0.6056,"tipPosition":[-57.5026,292.489,-11.8059],"tipVelocity":[-8.4109,64.8587,-146.863],"tool":false,"touchDistance":-0.517839,"touchZone":"hovering","type":0,"width":20.0604},{"bases":[[[0.737051,-0.527702,-0.42224],[0.667052,0.66843,0.329005],[0.108621,-0.524149,0.844671]],[[0.74497,-0.603118,-0.285076],[0.642485,0.76368,0.0632899],[0.179536,-0.230306,0.956413]],[[0.74497,-0.603118,-0.285076],[0.61864,0.784494,-0.043055],[0.249608,-0.144285,0.957537]],[[0.74497,-0.603118,-0.285076],[0.596472,0.793581,-0.12021],[0.298732,-0.0804871,0.950937]]],"btipPosition":[-44.6575,341.998,-64.3612],"carpPosition":[-18.0672,289.179,76.9266],"dipPosition":[-39.6013,340.636,-48.266],"direction":[-0.249608,0.144285,-0.957537],"extended":true,"handId":916,"id":9161,"length":58.2569,"mcpPosition":[-25.9836,327.379,15.3664],"pipPosition":[-33.6247,337.181,-25.3387],"stabilizedTipPosition":[-86.3675,302.946,65.4906],"timeVisible":0.6056,"tipPosition":[-43.6626,340.818,-60.749],"tipVelocity":[-13.336,37.1785,-134.923],"tool":false,"touchDistance":-0.516292,"touchZone":"hovering","type":1,"width":19.1617},{"bases":[[[0.620362,-0.699832,-0.354099],[0.784278,0.557922,0.271348],[0.00766147,-0.446046,0.894977]],[[0.620365,-0.710461,-0.332255],[0.453007,0.670391,-0.587674],[0.64026,0.214058,0.737731]],[[0.620365,-0.710461,-0.332255],[-0.483602,-0.0129821,-0.875192],[0.617476,0.703617,-0.351634]],[[0.620365,-0.710461,-0.332255],[-0.768183,-0.464921,-0.440162],[0.158246,0.528294,-0.834185]]],"btipPosition":[-59.5535,275.196,0.246189],"carpPosition":[-8.1119,284.244,71.8934],"dipPosition":[-56.6076,285.031,-15.283],"direction":[-0.617476,-0.703617,0.351634],"extended":false,"handId":916,"id":9162,"length":66.379,"mcpPosition":[-8.64142,315.073,10.0374],"pipPosition":[-39.2132,304.852,-25.1886],"stabilizedTipPosition":[-99.2511,219.495,209.473],"timeVisible":0.6056,"tipPosition":[-58.936,276.888,-2.24811],"tipVelocity":[1.48281,32.104,-153.176],"tool":false,"touchDistance":0.333333,"touchZone":"none","type":2,"width":18.8193},{"bases":[[[0.553828,-0.797898,-0.237978],[0.826441,0.491994,0.273748],[-0.101339,-0.348284,0.931895]],[[0.549096,-0.811789,-0.198726],[0.562439,0.534804,-0.630592],[0.618187,0.234485,0.750241]],[[0.549096,-0.811789,-0.198726],[-0.427878,-0.0688011,-0.901214],[0.717923,0.579884,-0.385125]],[[0.549096,-0.811789,-0.198726],[-0.788349,-0.424146,-0.445652],[0.277487,0.401371,-0.87287]]],"btipPosition":[-45.8168,264.521,2.81077],"carpPosition":[0.0941748,276.629,67.1199],"dipPosition":[-40.6808,271.949,-13.3452],"direction":[-0.717923,-0.579884,0.385125],"extended":false,"handId":916,"id":9163,"length":63.8252,"mcpPosition":[6.38264,298.242,9.29251],"pipPosition":[-20.9791,287.863,-23.9141],"stabilizedTipPosition":[-85.5681,213.725,204.63],"timeVisible":0.6056,"tipPosition":[-44.7804,265.821,0.198721],"tipVelocity":[7.12991,35.491,-148.65],"tool":false,"touchDistance":0.333333,"touchZone":"none","type":3,"width":17.9078},{"bases":[[[0.394161,-0.903095,-0.170459],[0.890299,0.329186,0.314649],[-0.228045,-0.275782,0.933777]],[[0.415356,-0.870274,-0.264769],[0.614757,0.483085,-0.62346],[0.670487,0.0961894,0.73566]],[[0.415356,-0.870274,-0.264769],[-0.462253,0.0487532,-0.885407],[0.783455,0.49015,-0.382036]],[[0.415356,-0.870274,-0.264769],[-0.851076,-0.269018,-0.450887],[0.321168,0.412617,-0.852407]]],"btipPosition":[-27.657,259.69,4.9491],"carpPosition":[3.39341,263.761,62.3987],"dipPosition":[-22.173,266.736,-9.6061],"direction":[-0.783455,-0.49015,0.382036],"extended":false,"handId":916,"id":9164,"length":50.0378,"mcpPosition":[16.4929,279.602,8.76047],"pipPosition":[-6.99303,276.233,-17.0083],"stabilizedTipPosition":[-64.7873,213.219,206.939],"timeVisible":0.6056,"tipPosition":[-26.4652,260.884,2.65584],"tipVelocity":[11.4029,51.4614,-156.659],"tool":false,"touchDistance":0.333333,"touchZone":"none","type":4,"width":15.9071}],"r":[[0.921028,-0.252987,0.296151],[0.242506,0.967455,0.0722574],[-0.304793,0.00526723,0.952404]],"s":0.841335,"t":[52.6302,44.1989,-194.246],"timestamp":607434464122},false],[6,{"currentFrameRate":100.346,"devices":[],"gestures":[],"hands":[{"armBasis":[[0.606427,-0.426851,-0.670854],[0.674903,0.722409,0.150432],[0.420419,-0.543988,0.726172]],"armWidth":63.1234,"confidence":0.872452,"direction":[0.1171,0.519254,-0.846559],"elbow":[102.023,122.82,266.447],"grabStrength":0,"id":916,"palmNormal":[-0.673621,-0.584829,-0.451896],"palmPosition":[-12.5565,298.302,27.1202],"palmVelocity":[-24.6532,48.7151,-127.624],"palmWidth":90.138,"pinchStrength":1,"r":[[0.921123,-0.250071,0.298323],[0.239465,0.968215,0.0722232],[-0.306902,0.00491151,0.951728]],"s":0.841869,"sphereCenter":[-33.5622,268.358,-13.7897],"sphereRadius":49.1137,"stabilizedPalmPosition":[-58.8218,257.831,207.029],"t":[52.3321,44.68,-195.384],"timeVisible":0.614613,"type":"right","wrist":[-10.4274,268.321,72.216]}],"id":4476728,"interactionBox":{"center":[0,200,0],"size":[235.247,235.247,147.751]},"pointables":[{"bases":[[[0.919001,0.373646,0.125803],[-0.331739,0.560426,0.758862],[0.213042,-0.739129,0.638985]],[[0.815109,0.575244,-0.0684951],[-0.463121,0.718089,0.519487],[0.348017,-0.391717,0.851729]],[[0.815109,0.575244,-0.0684951],[-0.557927,0.811344,0.174465],[0.155933,-0.103993,0.982278]],[[0.815109,0.575244,-0.0684951],[-0.546905,0.72513,-0.418428],[-0.19103,0.378525,0.905664]]],"btipPosition":[-56.6875,292.011,-18.0981],"carpPosition":[-38.6401,277.903,78.1952],"dipPosition":[-61.1164,300.786,2.89926],"direction":[-0.155933,0.103993,-0.982278],"extended":false,"handId":916,"id":9160,"length":51.6284,"mcpPosition":[-38.6401,277.903,78.1952],"pipPosition":[-55.8496,297.274,36.077],"stabilizedTipPosition":[-101.674,244.269,150.694],"timeVisible":0.614613,"tipPosition":[-57.6766,293.055,-13.1513],"tipVelocity":[-10.8688,64.293,-147.822],"tool":false,"touchDistance":-0.514715,"touchZone":"hovering","type":0,"width":20.0604},{"bases":[[[0.739043,-0.527146,-0.419442],[0.665117,0.669813,0.330106],[0.106934,-0.522941,0.845635]],[[0.746679,-0.602151,-0.282637],[0.641296,0.764497,0.0654543],[0.176662,-0.230127,0.956991]],[[0.746679,-0.602151,-0.282637],[0.617737,0.785309,-0.0411243],[0.24672,-0.143889,0.958345]],[[0.746679,-0.602151,-0.282637],[0.595758,0.794374,-0.1185],[0.295875,-0.0799015,0.951879]]],"btipPosition":[-44.7476,342.461,-65.6907],"carpPosition":[-18.5201,289.757,75.7272],"dipPosition":[-39.7397,341.109,-49.5796],"direction":[-0.24672,0.143889,-0.958345],"extended":true,"handId":916,"id":9161,"length":58.2569,"mcpPosition":[-26.3135,327.869,14.0968],"pipPosition":[-33.8322,337.663,-26.6329],"stabilizedTipPosition":[-86.3517,302.96,65.4433],"timeVisible":0.614613,"tipPosition":[-43.7658,341.286,-62.0742],"tipVelocity":[-12.7561,41.1424,-138.271],"tool":false,"touchDistance":-0.512883,"touchZone":"hovering","type":1,"width":19.1617},{"bases":[[[0.622408,-0.699362,-0.351426],[0.782672,0.559406,0.272928],[0.00571463,-0.444924,0.89555]],[[0.622368,-0.709744,-0.330032],[0.452223,0.670201,-0.588494],[0.638868,0.217012,0.738074]],[[0.622368,-0.709744,-0.330032],[-0.483585,-0.0171146,-0.87513],[0.61547,0.704252,-0.353873]],[[0.622368,-0.709744,-0.330032],[-0.766921,-0.468645,-0.43841],[0.156491,0.525961,-0.835988]]],"btipPosition":[-59.6944,275.589,-0.877522],"carpPosition":[-8.54297,284.831,70.7291],"dipPosition":[-56.7812,285.38,-16.4403],"direction":[-0.61547,-0.704252,0.353873],"extended":false,"handId":916,"id":9162,"length":66.379,"mcpPosition":[-8.93794,315.581,8.8334],"pipPosition":[-39.4433,305.219,-26.409],"stabilizedTipPosition":[-99.2476,219.5,209.454],"timeVisible":0.614613,"tipPosition":[-59.1018,277.32,-3.50849],"tipVelocity":[-3.45145,34.9632,-145.576],"tool":false,"touchDistance":0.333333,"touchZone":"none","type":2,"width":18.8193},{"bases":[[[0.555681,-0.797381,-0.235376],[0.824923,0.493542,0.275531],[-0.103536,-0.347275,0.93203]],[[0.550873,-0.811188,-0.196248],[0.564517,0.535354,-0.628265],[0.614703,0.235309,0.752841]],[[0.550873,-0.811188,-0.196248],[-0.424502,-0.0698833,-0.902726],[0.718566,0.580595,-0.382847]],[[0.550873,-0.811188,-0.196248],[-0.786451,-0.42584,-0.447387],[0.279345,0.400793,-0.872543]]],"btipPosition":[-45.9845,265.005,1.48773],"carpPosition":[-0.311965,277.222,65.9888],"dipPosition":[-40.8141,272.423,-14.6622],"direction":[-0.718566,-0.580595,0.382847],"extended":false,"handId":916,"id":9163,"length":63.8252,"mcpPosition":[6.11278,298.771,8.15312],"pipPosition":[-21.0947,288.356,-25.1685],"stabilizedTipPosition":[-85.5652,213.728,204.615],"timeVisible":0.614613,"tipPosition":[-44.9488,266.307,-1.14188],"tipVelocity":[0.295847,40.4329,-148.097],"tool":false,"touchDistance":0.333333,"touchZone":"none","type":3,"width":17.9078},{"bases":[[[0.395973,-0.902728,-0.16819],[0.8889,0.330879,0.316821],[-0.230352,-0.274956,0.933454]],[[0.417028,-0.870698,-0.260716],[0.617603,0.481918,-0.621547],[0.666824,0.0981837,0.738719]],[[0.417028,-0.870698,-0.260716],[-0.458871,0.0459119,-0.887316],[0.784554,0.48967,-0.380391]],[[0.417028,-0.870698,-0.260716],[-0.849506,-0.271411,-0.452411],[0.323152,0.410148,-0.852849]]],"btipPosition":[-27.8251,260.216,3.73076],"carpPosition":[3.01975,264.352,61.2933],"dipPosition":[-22.3071,267.219,-10.832],"direction":[-0.784554,-0.48967,0.380391],"extended":false,"handId":916,"id":9164,"length":50.0378,"mcpPosition":[16.2517,280.146,7.67363],"pipPosition":[-7.10587,276.707,-18.2023],"stabilizedTipPosition":[-64.7839,213.223,206.92],"timeVisible":0.614613,"tipPosition":[-26.6369,261.403,1.4025],"tipVelocity":[3.38052,53.045,-150.806],"tool":false,"touchDistance":0.333333,"touchZone":"none","type":4,"width":15.9071}],"r":[[0.921123,-0.250071,0.298323],[0.239465