{"sensorType":"Leap","data":[[0,{"currentFrameRate":109.538,"devices":[],"gestures":[],"hands":[{"armBasis":[[0.843997,-0.0451266,-0.534445],[0.351859,0.798645,0.488222],[0.4048,-0.600108,0.689933]],"armWidth":63.1234,"confidence":0.779356,"direction":[-0.0419005,0.174789,-0.983714],"elbow":[98.9716,164.895,281.889],"grabStrength":0,"id":921,"palmNormal":[-0.360506,-0.920897,-0.148272],"palmPosition":[-20.1218,333.447,44.861],"palmVelocity":[-29.4034,-59.2105,-176.861],"palmWidth":90.138,"pinchStrength":0.966639,"r":[[0.800076,0.518061,0.302474],[-0.342323,0.808329,-0.478978],[-0.492638,0.279675,0.824069]],"s":0.989024,"sphereCenter":[-50.4221,307.325,21.5317],"sphereRadius":45.3366,"stabilizedPalmPosition":[-24.6665,334.572,150.682],"t":[75.2314,149.452,-134.597],"timeVisible":5.07062,"type":"right","wrist":[-9.30103,325.407,97.3515]}],"id":4479384,"interactionBox":{"center":[0,200,0],"size":[235.247,235.247,147.751]},"pointables":[{"bases":[[[0.68923,0.717578,-0.100219],[-0.572344,0.624032,0.531984],[0.44428,-0.309299,0.840803]],[[0.543975,0.774388,-0.323133],[-0.82741,0.559088,-0.0530422],[0.139585,0.296218,0.944866]],[[0.543975,0.774388,-0.323133],[-0.818435,0.404715,-0.407885],[-0.185084,0.486343,0.85394]],[[0.543975,0.774388,-0.323133],[-0.660177,0.157275,-0.734459],[-0.517935,0.612853,0.596787]]],"btipPosition":[-27.9745,279.518,12.5662],"carpPosition":[-39.3315,324.802,101.969],"dipPosition":[-39.9825,293.727,26.4024],"direction":[0.185084,-0.486343,-0.85394],"extended":false,"handId":921,"id":9210,"length":51.6284,"mcpPosition":[-39.3315,324.802,101.969],"pipPosition":[-46.234,310.154,55.2453],"stabilizedTipPosition":[-54.1933,275.903,128.061],"timeVisible":5.07062,"tipPosition":[-32.3127,283.088,15.7326],"tipVelocity":[16.9631,-61.0318,-178.069],"tool":false,"touchDistance":-0.510951,"touchZone":"hovering","type":0,"width":20.0604},{"bases":[[[0.911552,-0.314128,-0.265323],[0.327181,0.944947,0.00530881],[0.249049,-0.0916482,0.964145]],[[0.936338,-0.323433,-0.136608],[0.30926,0.943972,-0.11522],[0.16622,0.0656378,0.983902]],[[0.936338,-0.323433,-0.136608],[0.295159,0.935834,-0.192606],[0.190138,0.140023,0.971721]],[[0.936338,-0.323433,-0.136608],[0.283045,0.925582,-0.251364],[0.207742,0.196695,0.958204]]],"btipPosition":[-58.6416,338.913,-58.0259],"carpPosition":[-25.3475,341.709,93.6018],"dipPosition":[-55.1254,342.242,-41.8077],"direction":[-0.190138,-0.140023,-0.971721],"extended":true,"handId":921,"id":9211,"length":58.2569,"mcpPosition":[-43.4984,348.388,23.3342],"pipPosition":[-50.5728,345.595,-18.5407],"stabilizedTipPosition":[-77.586,312.438,96.5866],"timeVisible":5.07062,"tipPosition":[-58.4651,338.202,-53.8674],"tipVelocity":[30.8749,-26.2784,-203.796],"tool":false,"touchDistance":-0.591275,"touchZone":"hovering","type":1,"width":19.1617},{"bases":[[[0.867597,-0.480079,-0.129616],[0.481968,0.875994,-0.0184574],[0.122404,-0.0464573,0.991392]],[[0.868914,-0.480569,-0.118499],[0.0790695,0.371105,-0.925218],[0.488607,0.794565,0.360457]],[[0.868914,-0.480569,-0.118499],[-0.4627,-0.703631,-0.53927],[0.175777,0.523408,-0.833754]],[[0.868914,-0.480569,-0.118499],[-0.471142,-0.87642,0.0995692],[-0.151705,-0.0306873,-0.987949]]],"btipPosition":[-47.8596,290.663,45.9939],"carpPosition":[-13.9416,339.565,89.8465],"dipPosition":[-50.6838,290.092,27.6022],"direction":[-0.175777,-0.523408,0.833754],"extended":false,"handId":921,"id":9212,"length":66.379,"mcpPosition":[-22.4016,342.776,21.3267],"pipPosition":[-45.7321,304.836,4.11524],"stabilizedTipPosition":[-46.158,275.098,168.936],"timeVisible":5.07062,"tipPosition":[-48.3061,290.657,42.656],"tipVelocity":[-19.337,-64.4172,-185.381],"tool":false,"touchDistance":0.333333,"touchZone":"none","type":2,"width":18.8193},{"bases":[[[0.837335,-0.546344,0.019451],[0.546379,0.837529,0.00394213],[-0.0184445,0.0073267,0.999803]],[[0.83752,-0.54633,-0.00919171],[0.247435,0.394207,-0.885086],[0.487172,0.739002,0.465337]],[[0.83752,-0.54633,-0.00919171],[-0.426481,-0.643092,-0.63604],[0.341576,0.536616,-0.771602]],[[0.83752,-0.54633,-0.00919171],[-0.546163,-0.83753,0.0157697],[-0.0163138,-0.00818724,-0.999833]]],"btipPosition":[-32.5945,286.832,44.4977],"carpPosition":[-3.10437,334.57,87.4547],"dipPosition":[-32.8964,286.68,25.9918],"direction":[-0.341576,-0.536616,0.771602],"extended":false,"handId":921,"id":9213,"length":63.8252,"mcpPosition":[-1.95982,334.116,25.4134],"pipPosition":[-23.5227,301.407,4.81701],"stabilizedTipPosition":[-31.0145,274.138,175.505],"timeVisible":5.07062,"tipPosition":[-32.5135,287.017,41.4611],"tipVelocity":[-19.7967,-64.4448,-193.156],"tool":false,"touchDistance":0.333333,"touchZone":"none","type":3,"width":17.9078},{"bases":[[[0.727708,-0.672648,0.134116],[0.666173,0.739692,0.0952342],[-0.163264,0.0200419,0.986379]],[[0.725246,-0.672283,0.148507],[0.419337,0.260251,-0.869727],[0.546054,0.69304,0.470659]],[[0.725246,-0.672283,0.148507],[-0.448708,-0.625134,-0.638646],[0.522188,0.396539,-0.755034]],[[0.725246,-0.672283,0.148507],[-0.676771,-0.735747,-0.0256214],[0.126488,-0.0819234,-0.988579]]],"btipPosition":[-16.7335,291.533,45.8042],"carpPosition":[5.29311,323.245,87.4406],"dipPosition":[-14.5736,290.135,28.9238],"direction":[-0.522188,-0.396539,0.755034],"extended":false,"handId":921,"id":9214,"length":50.0378,"mcpPosition":[14.6713,322.094,30.7808],"pipPosition":[-4.4559,297.818,14.2945],"stabilizedTipPosition":[-13.6844,286.196,163.796],"timeVisible":5.07062,"tipPosition":[-16.0182,291.374,43.0128],"tipVelocity":[-22.3267,-58.7803,-183.461],"tool":false,"touchDistance":0.333333,"touchZone":"none","type":4,"width":15.9071}],"r":[[0.800076,0.518061,0.302474],[-0.342323,0.808329,-0.478978],[-0.492638,0.279675,0.824069]],"s":0.989024,"t":[75.2314,149.452,-134.597],"timestamp":607459527841},false],[1,{"currentFrameRate":109.517,"devices":[],"gestures":[],"hands":[{"armBasis":[[0.840859,-0.0625072,-0.537633],[0.362567,0.802565,0.473745],[0.401873,-0.593281,0.697507]],"armWidth":63.1234,"confidence":0.775777,"direction":[-0.0393036,0.171634,-0.984376],"elbow":[98.0407,165.865,282.145],"grabStrength":0,"id":921,"palmNormal":[-0.371615,-0.916986,-0.145047],"palmPosition":[-20.1463,332.528,43.0558],"palmVelocity":[-21.9467,-70.6681,-182.447],"palmWidth":90.138,"pinchStrength":0.96963,"r":[[0.80011,0.517145,0.30395],[-0.33961,0.808206,-0.481111],[-0.494458,0.281718,0.822281]],"s":0.990678,"sphereCenter":[-50.8584,306.854,19.7668],"sphereRadius":45.4424,"stabilizedPalmPosition":[-24.6618,334.57,150.569],"t":[75.1137,148.759,-136.264],"timeVisible":5.07979,"type":"right","wrist":[-9.44908,324.551,95.5813]}],"id":4479385,"interactionBox":{"center":[0,200,0],"size":[235.247,235.247,147.751]},"pointables":[{"bases":[[[0.697958,0.708762,-0.102519],[-0.56496,0.632919,0.529371],[0.440084,-0.31156,0.842174]],[[0.556203,0.766019,-0.322261],[-0.819397,0.570195,-0.0588674],[0.138658,0.296802,0.944819]],[[0.556203,0.766019,-0.322261],[-0.810174,0.413442,-0.415554],[-0.185086,0.49222,0.850566]],[[0.556203,0.766019,-0.322261],[-0.650141,0.15954,-0.742875],[-0.517644,0.622705,0.586757]]],"btipPosition":[-28.0908,278.589,11.1314],"carpPosition":[-39.4869,324.329,100.186],"dipPosition":[-40.092,293.026,24.735],"direction":[0.185086,-0.49222,-0.850566],"extended":false,"handId":921,"id":9210,"length":51.6284,"mcpPosition":[-39.4869,324.329,100.186],"pipPosition":[-46.3436,309.652,53.4641],"stabilizedTipPosition":[-54.1445,275.916,127.823],"timeVisible":5.07979,"tipPosition":[-32.4447,282.192,14.2021],"tipVelocity":[8.74167,-70.6718,-173.674],"tool":false,"touchDistance":-0.510513,"touchZone":"hovering","type":0,"width":20.0604},{"bases":[[[0.907788,-0.326178,-0.263684],[0.338654,0.940909,0.00197821],[0.247458,-0.0910934,0.964607]],[[0.932494,-0.335343,-0.134166],[0.322085,0.940148,-0.111278],[0.163452,0.0605533,0.984691]],[[0.932494,-0.335343,-0.134166],[0.308124,0.932397,-0.188933],[0.188453,0.134839,0.972782]],[[0.932494,-0.335343,-0.134166],[0.296025,0.922407,-0.248061],[0.206941,0.191599,0.959409]]],"btipPosition":[-58.3006,338.623,-59.9779],"carpPosition":[-25.2943,341.033,91.7629],"dipPosition":[-54.798,341.866,-43.7393],"direction":[-0.188453,-0.134839,-0.972782],"extended":true,"handId":921,"id":9211,"length":58.2569,"mcpPosition":[-43.3291,347.672,21.4616],"pipPosition":[-50.2857,345.095,-20.4469],"stabilizedTipPosition":[-77.5854,312.439,96.5819],"timeVisible":5.07979,"tipPosition":[-58.1543,337.883,-55.8166],"tipVelocity":[32.5412,-28.3561,-206.19],"tool":false,"touchDistance":-0.589691,"touchZone":"hovering","type":1,"width":19.1617},{"bases":[[[0.861752,-0.491077,-0.127386],[0.492601,0.869991,-0.0214519],[0.121359,-0.0442641,0.991621]],[[0.863059,-0.491543,-0.116251],[0.0840868,0.366761,-0.926507],[0.498054,0.789856,0.357869]],[[0.863059,-0.491543,-0.116251],[-0.470981,-0.699998,-0.536824],[0.182497,0.518063,-0.835647]],[[0.863059,-0.491543,-0.116251],[-0.481785,-0.870239,0.1028],[-0.151696,-0.0327144,-0.987886]]],"btipPosition":[-48.3998,290.096,44.3288],"carpPosition":[-13.9135,338.737,88.0215],"dipPosition":[-51.2238,289.487,25.9383],"direction":[-0.182497,-0.518063,0.835647],"extended":false,"handId":921,"id":9212,"length":66.379,"mcpPosition":[-22.3012,341.796,19.4859],"pipPosition":[-46.0828,304.081,2.39797],"stabilizedTipPosition":[-46.1608,275.112,168.814],"timeVisible":5.07979,"tipPosition":[-48.8491,290.078,40.9806],"tipVelocity":[-30.3756,-63.9517,-184.319],"tool":false,"touchDistance":0.333333,"touchZone":"none","type":2,"width":18.8193},{"bases":[[[0.830615,-0.556415,0.0219099],[0.556528,0.830828,0.00112338],[-0.0188284,0.0112604,0.999759]],[[0.830813,-0.556509,-0.00684568],[0.252817,0.388332,-0.886161],[0.495815,0.734504,0.463327]],[[0.830813,-0.556509,-0.00684568],[-0.433845,-0.639885,-0.634292],[0.348609,0.529948,-0.773063]],[[0.830813,-0.556509,-0.00684568],[-0.556326,-0.830764,0.0182379],[-0.0158367,-0.0113438,-0.99981]]],"btipPosition":[-33.1873,286.06,42.8283],"carpPosition":[-3.13667,333.602,85.6538],"dipPosition":[-33.4804,285.85,24.3227],"direction":[-0.348609,-0.529948,0.773063],"extended":false,"handId":921,"id":9213,"length":63.8252,"mcpPosition":[-1.9683,332.903,23.6153],"pipPosition":[-23.9137,300.393,3.10785],"stabilizedTipPosition":[-31.0168,274.15,175.362],"timeVisible":5.07979,"tipPosition":[-33.1056,286.23,39.7701],"tipVelocity":[-32.2487,-70.3688,-190.063],"tool":false,"touchDistance":0.333333,"touchZone":"none","type":3,"width":17.9078},{"bases":[[[0.719405,-0.680949,0.136985],[0.67508,0.73188,0.0928395],[-0.163476,0.0256867,0.986213]],[[0.716618,-0.680435,0.15319],[0.425255,0.252173,-0.869234],[0.552826,0.688053,0.47007]],[[0.716618,-0.680435,0.15319],[-0.454105,-0.621889,-0.637999],[0.529384,0.387637,-0.754646]],[[0.716618,-0.680435,0.15319],[-0.685577,-0.727583,-0.0246487],[0.12823,-0.08736,-0.987889]]],"btipPosition":[-17.2984,290.579,44.0605],"carpPosition":[5.12238,322.175,85.6861],"dipPosition":[-15.1088,289.088,27.1919],"direction":[-0.529384,-0.387637,0.754646],"extended":false,"handId":921,"id":9214,"length":50.0378,"mcpPosition":[14.5128,320.7,29.0358],"pipPosition":[-4.85168,296.598,12.5701],"stabilizedTipPosition":[-13.6885,286.202,163.634],"timeVisible":5.07979,"tipPosition":[-16.5756,290.393,41.2582],"tipVelocity":[-33.0776,-72.0614,-185.25],"tool":false,"touchDistance":0.333333,"touchZone":"none","type":4,"width":15.9071}],"r":[[0.80011,0.517145,0.30395],[-0.33961,0.808206,-0.481111],[-0.494458,0.281718,0.822281]],"s":0.990678,"t":[75.1137,148.759,-136.264],"timestamp":607459537010},false],[2,{"currentFrameRate":109.652,"devices":[],"gestures":[],"hands":[{"armBasis":[[0.841596,-0.0679863,-0.535812],[0.362891,0.805941,0.467728],[0.400034,-0.58808,0.702948]],"armWidth":63.1234,"confidence":0.779248,"direction":[-0.0397766,0.17352,-0.984027],"elbow":[97.4173,166.524,282.266],"grabStrength":0,"id":921,"palmNormal":[-0.370988,-0.916977,-0.146701],"palmPosition":[-20.302,331.89,41.7415],"palmVelocity":[-20.7506,-70.988,-173.102],"palmWidth":90.138,"pinchStrength":0.97138,"r":[[0.800077,0.516414,0.305277],[-0.33759,0.80824,-0.482474],[-0.495894,0.282958,0.82099]],"s":0.992052,"sphereCenter":[-51.0291,306.323,18.3824],"sphereRadius":45.4836,"stabilizedPalmPosition":[-24.6574,334.568,150.459],"t":[74.977,148.093,-137.755],"timeVisible":5.08867,"type":"right","wrist":[-9.58045,323.819,94.2477]}],"id":4479386,"interactionBox":{"center":[0,200,0],"size":[235.247,235.247,147.751]},"pointables":[{"bases":[[[0.697398,0.709477,-0.101383],[-0.565242,0.63147,0.530799],[0.44061,-0.312872,0.841412]],[[0.556663,0.766843,-0.319497],[-0.819245,0.570492,-0.0581075],[0.137711,0.294093,0.945804]],[[0.556663,0.766843,-0.319497],[-0.809497,0.414294,-0.416023],[-0.186658,0.490217,0.851379]],[[0.556663,0.766843,-0.319497],[-0.649114,0.161491,-0.743351],[-0.518438,0.621186,0.587665]]],"btipPosition":[-28.102,278.063,9.71061],"carpPosition":[-39.6165,323.565,98.862],"dipPosition":[-40.1217,292.464,23.3353],"direction":[0.186658,-0.490217,-0.851379],"extended":false,"handId":921,"id":9210,"length":51.6284,"mcpPosition":[-39.6165,323.565,98.862],"pipPosition":[-46.4263,309.022,52.0918],"stabilizedTipPosition":[-54.1019,275.925,127.613],"timeVisible":5.08867,"tipPosition":[-32.4116,281.619,12.7939],"tipVelocity":[5.89557,-67.8335,-169.819],"tool":false,"touchDistance":-0.509034,"touchZone":"hovering","type":0,"width":20.0604},{"bases":[[[0.907936,-0.324993,-0.264636],[0.337959,0.941154,0.00369078],[0.247864,-0.0927872,0.964341]],[[0.932802,-0.334433,-0.134297],[0.322245,0.940849,-0.104692],[0.161366,0.05438,0.985395]],[[0.932802,-0.334433,-0.134297],[0.308305,0.933484,-0.183181],[0.186626,0.129467,0.973863]],[[0.932802,-0.334433,-0.134297],[0.296171,0.923689,-0.243067],[0.205339,0.186959,0.960668]]],"btipPosition":[-58.3155,338.48,-61.3317],"carpPosition":[-25.4391,340.296,90.4669],"dipPosition":[-54.84,341.644,-45.0718],"direction":[-0.186626,-0.129467,-0.973863],"extended":true,"handId":921,"id":9211,"length":58.2569,"mcpPosition":[-43.5037,347.059,20.185],"pipPosition":[-50.3714,344.744,-21.7535],"stabilizedTipPosition":[-77.5848,312.439,96.5778],"timeVisible":5.08867,"tipPosition":[-58.1758,337.745,-57.1819],"tipVelocity":[23.0628,-25.5883,-191.459],"tool":false,"touchDistance":-0.579289,"touchZone":"hovering","type":1,"width":19.1617},{"bases":[[[0.86207,-0.490191,-0.128643],[0.49195,0.870395,-0.0199313],[0.12174,-0.0461039,0.991491]],[[0.863383,-0.490678,-0.117495],[0.0835536,0.368701,-0.925785],[0.497582,0.78949,0.359328]],[[0.863383,-0.490678,-0.117495],[-0.470661,-0.699348,-0.53795],[0.18179,0.519757,-0.834749]],[[0.863383,-0.490678,-0.117495],[-0.481074,-0.870786,0.101489],[-0.152111,-0.0311002,-0.987874]]],"btipPosition":[-48.5205,289.442,42.9381],"carpPosition":[-14.058,338.016,86.717],"dipPosition":[-51.3522,288.863,24.5478],"direction":[-0.18179,-0.519757,0.834749],"extended":false,"handId":921,"id":9212,"length":66.379,"mcpPosition":[-22.4721,341.203,18.1904],"pipPosition":[-46.2312,303.505,1.03284],"stabilizedTipPosition":[-46.1634,275.125,168.7],"timeVisible":5.08867,"tipPosition":[-48.975,289.425,39.5805],"tipVelocity":[-25.8754,-66.3749,-176.8],"tool":false,"touchDistance":0.333333,"touchZone":"none","type":2,"width":18.8193},{"bases":[[[0.831034,-0.555842,0.020536],[0.555914,0.831236,0.0025454],[-0.0184851,0.00930094,0.999786]],[[0.831221,-0.555879,-0.00842286],[0.252769,0.391379,-0.884833],[0.495156,0.733363,0.465831]],[[0.831221,-0.555879,-0.00842286],[-0.433203,-0.638136,-0.636488],[0.348435,0.532711,-0.771241]],[[0.831221,-0.555879,-0.00842286],[-0.555717,-0.83122,0.015874],[-0.0158252,-0.00851403,-0.999839]]],"btipPosition":[-33.3165,285.395,41.348],"carpPosition":[-3.27823,332.893,84.3356],"dipPosition":[-33.6094,285.238,22.842],"direction":[-0.348435,-0.532711,0.771241],"extended":false,"handId":921,"id":9213,"length":63.8252,"mcpPosition":[-2.13116,332.316,22.2954],"pipPosition":[-24.0474,299.857,1.67711],"stabilizedTipPosition":[-31.0191,274.161,175.226],"timeVisible":5.08867,"tipPosition":[-33.238,285.573,38.2725],"tipVelocity":[-27.4418,-71.2096,-183.728],"tool":false,"touchDistance":0.333333,"touchZone":"none","type":3,"width":17.9078},{"bases":[[[0.719956,-0.680682,0.135408],[0.674571,0.732197,0.0940272],[-0.163148,0.0236466,0.986318]],[[0.71682,-0.680129,0.153599],[0.427515,0.254688,-0.86739],[0.550818,0.687429,0.473331]],[[0.71682,-0.680129,0.153599],[-0.451636,-0.620733,-0.640871],[0.531219,0.390018,-0.752125]],[[0.71682,-0.680129,0.153599],[-0.684917,-0.728099,-0.0275993],[0.130607,-0.085419,-0.987748]]],"btipPosition":[-17.4561,289.937,42.5456],"carpPosition":[4.98927,321.473,84.3427],"dipPosition":[-15.226,288.478,25.6794],"direction":[-0.531219,-0.390018,0.752125],"extended":false,"handId":921,"id":9214,"length":50.0378,"mcpPosition":[14.3608,320.115,27.6863],"pipPosition":[-4.93325,296.035,11.1065],"stabilizedTipPosition":[-13.6925,286.206,163.48],"timeVisible":5.08867,"tipPosition":[-16.7242,289.75,39.7349],"tipVelocity":[-28.6352,-71.9061,-181.261],"tool":false,"touchDistance":0.333333,"touchZone":"none","type":4,"width":15.9071}],"r":[[0.800077,0.516414,0.305277],[-0.33759,0.80824,-0.482474],[-0.495894,0.282958,0.82099]],"s":0.992052,"t":[74.977,148.093,-137.755],"timestamp":607459545889},false],[3,{"currentFrameRate":109.681,"devices":[],"gestures":[],"hands":[{"armBasis":[[0.844484,-0.0661352,-0.531481],[0.356993,0.809259,0.466535],[0.399252,-0.583717,0.707017]],"armWidth":63.1234,"confidence":0.763925,"direction":[-0.0388898,0.176457,-0.98354],"elbow":[96.9827,167.058,282.326],"grabStrength":0,"id":921,"palmNormal":[-0.364577,-0.918938,-0.150451],"palmPosition":[-20.472,331.356,40.7165],"palmVelocity":[-20.2002,-67.6415,-156.518],"palmWidth":90.138,"pinchStrength":0.971988,"r":[[0.799232,0.516694,0.30701],[-0.336843,0.808131,-0.483178],[-0.497759,0.282757,0.819929]],"s":0.993042,"sphereCenter":[-51.0062,305.715,17.1888],"sphereRadius":45.5123,"stabilizedPalmPosition":[-24.653,334.564,150.345],"t":[74.8237,147.494,-139.013],"timeVisible":5.09774,"type":"right","wrist":[-9.80593,323.186,93.2185]}],"id":4479387,"interactionBox":{"center":[0,200,0],"size":[235.247,235.247,147.751]},"pointables":[{"bases":[[[0.692874,0.71442,-0.0976204],[-0.570527,0.625968,0.53166],[0.440936,-0.312678,0.841313]],[[0.552971,0.771419,-0.31486],[-0.822472,0.565823,-0.0581725],[0.13328,0.291131,0.947354]],[[0.552971,0.771419,-0.31486],[-0.810759,0.411064,-0.416769],[-0.192076,0.485737,0.852741]],[[0.552971,0.771419,-0.31486],[-0.64886,0.161636,-0.743542],[-0.522689,0.615457,0.589922]]],"btipPosition":[-27.8339,277.645,8.44277],"carpPosition":[-39.8491,322.717,97.7691],"dipPosition":[-39.9522,291.914,22.1198],"direction":[0.192076,-0.485737,-0.852741],"extended":false,"handId":921,"id":9210,"length":51.6284,"mcpPosition":[-39.8491,322.717,97.7691],"pipPosition":[-46.4398,308.321,50.9223],"stabilizedTipPosition":[-54.0626,275.934,127.419],"timeVisible":5.09774,"tipPosition":[-32.1119,281.129,11.5554],"tipVelocity":[11.7453,-62.7417,-161.176],"tool":false,"touchDistance":-0.505301,"touchZone":"hovering","type":0,"width":20.0604},{"bases":[[[0.910623,-0.31809,-0.263787],[0.331685,0.943361,0.00745182],[0.246476,-0.09428,0.964552]],[[0.935371,-0.327827,-0.132702],[0.316824,0.943457,-0.09753],[0.157172,0.0491835,0.986346]],[[0.935371,-0.327827,-0.132702],[0.303064,0.936381,-0.177041],[0.182298,0.125382,0.975216]],[[0.935371,-0.327827,-0.132702],[0.291045,0.926684,-0.237802],[0.200931,0.183811,0.962206]]],"btipPosition":[-58.1844,338.234,-62.4548],"carpPosition":[-25.766,339.57,89.458],"dipPosition":[-54.7835,341.345,-46.1689],"direction":[-0.182298,-0.125382,-0.975216],"extended":true,"handId":921,"id":9211,"length":58.2569,"mcpPosition":[-43.7293,346.441,19.1608],"pipPosition":[-50.4186,344.348,-22.8182],"stabilizedTipPosition":[-77.5843,312.44,96.5738],"timeVisible":5.09774,"tipPosition":[-58.0504,337.517,-58.3192],"tipVelocity":[20.1628,-26.3818,-172.611],"tool":false,"touchDistance":-0.56645,"touchZone":"hovering","type":1,"width":19.1617},{"bases":[[[0.865575,-0.484032,-0.128427],[0.486192,0.873704,-0.0160771],[0.119989,-0.0485242,0.991589]],[[0.86687,-0.484547,-0.117263],[0.0830811,0.372337,-0.924371],[0.491563,0.791567,0.363025]],[[0.86687,-0.484547,-0.117263],[-0.464893,-0.700751,-0.541131],[0.180031,0.523605,-0.832722]],[[0.86687,-0.484547,-0.117263],[-0.475451,-0.874282,0.0978666],[-0.149942,-0.0290848,-0.988267]]],"btipPosition":[-48.407,288.726,41.7127],"carpPosition":[-14.3622,337.377,85.7247],"dipPosition":[-51.1983,288.184,23.3151],"direction":[-0.180031,-0.523605,0.832722],"extended":false,"handId":921,"id":9212,"length":66.379,"mcpPosition":[-22.6552,340.731,17.1913],"pipPosition":[-46.1268,302.934,-0.142808],"stabilizedTipPosition":[-46.166,275.137,168.583],"timeVisible":5.09774,"tipPosition":[-48.8583,288.712,38.3445],"tipVelocity":[-14.9846,-69.6184,-165.353],"tool":false,"touchDistance":0.333333,"touchZone":"none","type":2,"width":18.8193},{"bases":[[[0.834667,-0.550374,0.0204731],[0.550368,0.834897,0.00640633],[-0.0206188,0.00592059,0.99977]],[[0.834914,-0.550313,-0.00865258],[0.252406,0.396816,-0.882513],[0.489091,0.734638,0.470209]],[[0.834914,-0.550313,-0.00865258],[-0.427345,-0.638284,-0.640289],[0.346836,0.538283,-0.768086]],[[0.834914,-0.550313,-0.00865258],[-0.550216,-0.834945,0.0113305],[-0.0134598,-0.00469921,-0.999898]]],"btipPosition":[-33.1809,284.766,40.0834],"carpPosition":[-3.54365,332.334,83.3492],"dipPosition":[-33.4301,284.679,21.5762],"direction":[-0.346836,-0.538283,0.768086],"extended":false,"handId":921,"id":9213,"length":63.8252,"mcpPosition":[-2.26418,331.967,21.31],"pipPosition":[-23.912,299.451,0.497932],"stabilizedTipPosition":[-31.0213,274.172,175.09],"timeVisible":5.09774,"tipPosition":[-33.0999,284.953,36.989],"tipVelocity":[-15.4235,-70.2302,-171.52],"tool":false,"touchDistance":0.333333,"touchZone":"none","type":3,"width":17.9078},{"bases":[[[0.724184,-0.676322,0.134706],[0.669491,0.736352,0.0978147],[-0.165345,0.0193488,0.986046]],[[0.720644,-0.675784,0.154882],[0.431053,0.261757,-0.863526],[0.543015,0.689057,0.479932]],[[0.720644,-0.675784,0.154882],[-0.443256,-0.620866,-0.646567],[0.533101,0.397292,-0.746969]],[[0.720644,-0.675784,0.154882],[-0.679755,-0.732654,-0.0339295],[0.136404,-0.0808308,-0.98735]]],"btipPosition":[-17.3818,289.403,41.2172],"carpPosition":[4.79958,320.969,83.3366],"dipPosition":[-15.0526,288.023,24.3578],"direction":[-0.533101,-0.397292,0.746969],"extended":false,"handId":921,"id":9214,"length":50.0378,"mcpPosition":[14.2974,319.857,26.6959],"pipPosition":[-4.72342,295.721,9.88475],"stabilizedTipPosition":[-13.6963,286.209,163.329],"timeVisible":5.09774,"tipPosition":[-16.6332,289.23,38.4087],"tipVelocity":[-17.7635,-67.7557,-171.622],"tool":false,"touchDistance":0.333333,"touchZone":"none","type":4,"width":15.9071}],"r":[[0.799232,0.516694,0.30701],[-0.336843,0.808131,-0.483178],[-0.497759,0.282757,0.819929]],"s":0.993042,"t":[74.8237,147.494,-139.013],"timestamp":607459554954},false],[4,{"currentFrameRate":109.715,"devices":[],"gestures":[],"hands":[{"armBasis":[[0.842739,-0.0767268,-0.532826],[0.362251,0.812986,0.455881],[0.398202,-0.577206,0.712929]],"armWidth":63.1234,"confidence":0.76772,"direction":[-0.0374196,0.180745,-0.982818],"elbow":[96.6093,168.053,282.709],"grabStrength":0,"id":921,"palmNormal":[-0.369232,-0.916409,-0.154474],"palmPosition":[-20.4925,330.883,39.5473],"palmVelocity":[-15.2498,-63.3843,-148.962],"palmWidth":90.138,"pinchStrength":0.974484,"r":[[0.799053,0.515837,0.308912],[-0.335358,0.808793,-0.483104],[-0.499048,0.28243,0.819258]],"s":0.993849,"sphereCenter":[-51.1287,305.53,15.8734],"sphereRadius":45.5269,"stabilizedPalmPosition":[-24.6487,334.56,150.231],"t":[74.7367,146.957,-140.226],"timeVisible":5.10679,"type":"right","wrist":[-9.89856,322.44,92.0207]}],"id":4479388,"interactionBox":{"center":[0,200,0],"size":[235.247,235.247,147.751]},"pointables":[{"bases":[[[0.696609,0.711231,-0.0942678],[-0.567589,0.626691,0.533949],[0.438838,-0.318448,0.840245]],[[0.557987,0.769682,-0.310227],[-0.819026,0.570962,-0.05656],[0.133595,0.285643,0.948979]],[[0.557987,0.769682,-0.310227],[-0.807285,0.416874,-0.41774],[-0.192202,0.483535,0.853963]],[[0.557987,0.769682,-0.310227],[-0.647143,0.16957,-0.743271],[-0.519477,0.615497,0.592712]]],"btipPosition":[-28.0169,277.38,7.04018],"carpPosition":[-39.9463,322.108,96.5528],"dipPosition":[-40.0607,291.65,20.7819],"direction":[0.192202,-0.483535,-0.853963],"extended":false,"handId":921,"id":9210,"length":51.6284,"mcpPosition":[-39.9463,322.108,96.5528],"pipPosition":[-46.5526,307.982,49.6256],"stabilizedTipPosition":[-54.0297,275.941,127.253],"timeVisible":5.10679,"tipPosition":[-32.2462,280.85,10.1716],"tipVelocity":[3.44775,-53.4946,-158.994],"tool":false,"touchDistance":-0.50392,"touchZone":"hovering","type":0,"width":20.0604},{"bases":[[[0.909118,-0.321691,-0.264611],[0.336547,0.941596,0.011559],[0.245438,-0.0995627,0.964286]],[[0.93382,-0.332137,-0.13291],[0.322346,0.942329,-0.0900519],[0.155154,0.0412492,0.987029]],[[0.93382,-0.332137,-0.13291],[0.308541,0.935775,-0.170667],[0.181059,0.118364,0.976324]],[[0.93382,-0.332137,-0.13291],[0.29641,0.926361,-0.232372],[0.200302,0.177597,0.963503]]],"btipPosition":[-57.9883,338.582,-63.6513],"carpPosition":[-25.7716,338.921,88.3197],"dipPosition":[-54.598,341.588,-47.3434],"direction":[-0.181059,-0.118364,-0.976324],"extended":true,"handId":921,"id":9211,"length":58.2569,"mcpPosition":[-43.6594,346.178,18.0418],"pipPosition":[-50.2628,344.422,-23.9662],"stabilizedTipPosition":[-77.5839,312.44,96.5706],"timeVisible":5.10679,"tipPosition":[-57.8613,337.872,-59.5294],"tipVelocity":[20.5023,-9.2435,-161.291],"tool":false,"touchDistance":-0.55601,"touchZone":"hovering","type":1,"width":19.1617},{"bases":[[[0.863137,-0.487959,-0.129967],[0.490706,0.87124,-0.0121752],[0.119174,-0.053267,0.991444]],[[0.864424,-0.488528,-0.118791],[0.0855869,0.375815,-0.922734],[0.495425,0.787467,0.366675]],[[0.864424,-0.488528,-0.118791],[-0.468206,-0.696129,-0.544231],[0.183178,0.526065,-0.830483]],[[0.864424,-0.488528,-0.118791],[-0.479986,-0.872208,0.0941677],[-0.149614,-0.0243827,-0.988444]]],"btipPosition":[-48.6449,288.401,40.3474],"carpPosition":[-14.3772,336.685,84.5834],"dipPosition":[-51.4301,287.947,21.9465],"direction":[-0.183178,-0.526065,0.830483],"extended":false,"handId":921,"id":9212,"length":66.379,"mcpPosition":[-22.6139,340.367,16.0601],"pipPosition":[-46.2699,302.766,-1.44832],"stabilizedTipPosition":[-46.1686,275.147,168.473],"timeVisible":5.10679,"tipPosition":[-49.098,288.399,36.9698],"tipVelocity":[-18.056,-59.6943,-161.359],"tool":false,"touchDistance":0.333333,"touchZone":"none","type":2,"width":18.8193},{"bases":[[[0.831802,-0.554759,0.0186384],[0.554669,0.832009,0.0101816],[-0.0211556,0.00186906,0.999774]],[[0.832065,-0.554575,-0.0106752],[0.255771,0.400685,-0.879791],[0.492188,0.729313,0.47524]],[[0.832065,-0.554575,-0.0106752],[-0.429676,-0.632261,-0.64469],[0.35078,0.541011,-0.76437]],[[0.832065,-0.554575,-0.0106752],[-0.554541,-0.832133,0.00623821],[-0.0123427,0.000729231,-0.999924]]],"btipPosition":[-33.4534,284.34,38.6026],"carpPosition":[-3.58352,331.597,82.1929],"dipPosition":[-33.6819,284.353,20.095],"direction":[-0.35078,-0.541011,0.76437],"extended":false,"handId":921,"id":9213,"length":63.8252,"mcpPosition":[-2.27074,331.481,20.1534],"pipPosition":[-24.0556,299.2,-0.881313],"stabilizedTipPosition":[-31.0236,274.181,174.961],"timeVisible":5.10679,"tipPosition":[-33.37,284.542,35.4953],"tipVelocity":[-19.3285,-63.1219,-169.323],"tool":false,"touchDistance":0.333333,"touchZone":"none","type":3,"width":17.9078},{"bases":[[[0.720605,-0.680609,0.132286],[0.673229,0.73247,0.101244],[-0.165803,0.0161017,0.986027]],[[0.716914,-0.680112,0.153237],[0.433901,0.263242,-0.861646],[0.545678,0.684216,0.483823]],[[0.716914,-0.680112,0.153237],[-0.445272,-0.615819,-0.65],[0.53644,0.397762,-0.744324]],[[0.716914,-0.680112,0.153237],[-0.683464,-0.728997,-0.0379498],[0.13752,-0.0775253,-0.98746]]],"btipPosition":[-17.6311,288.913,39.8335],"carpPosition":[4.70091,320.188,82.1375],"dipPosition":[-15.2829,287.59,22.9722],"direction":[-0.53644,-0.397762,0.744324],"extended":false,"handId":921,"id":9214,"length":50.0378,"mcpPosition":[14.225,319.263,25.4979],"pipPosition":[-4.88904,295.297,8.55048],"stabilizedTipPosition":[-13.7001,286.212,163.186],"timeVisible":5.10679,"tipPosition":[-16.8813,288.743,37.0074],"tipVelocity":[-20.3284,-63.5903,-166.447],"tool":false,"touchDistance":0.333333,"touchZone":"none","type":4,"width":15.9071}],"r":[[0.799053,0.515837,0.308912],[-0.335358,0.808793,-0.483104],[-0.499048,0.28243,0.819258]],"s":0.993849,"t":[74.7367,146.957,-140.226],"timestamp":607459564008},false],[5,{"currentFrameRate":109.698,"devices":[],"gestures":[],"hands":[{"armBasis":[[0.839602,-0.0919466,-0.535364],[0.373021,0.814038,0.445193],[0.394873,-0.573487,0.717766]],"armWidth":63.1234,"confidence":0.773761,"direction":[-0.0370571,0.175845,-0.98372],"elbow":[95.8717,168.699,282.638],"grabStrength":0,"id":921,"palmNormal":[-0.380141,-0.912871,-0.14886],"palmPosition":[-20.3337,330.373,38.1554],"palmVelocity":[-6.17255,-61.2834,-149.853],"palmWidth":90.138,"pinchStrength":0.976818,"r":[[0.800212,0.513624,0.309599],[-0.33245,0.809573,-0.483807],[-0.499137,0.284222,0.818584]],"s":0.9946,"sphereCenter":[-51.2672,305.298,14.6431],"sphereRadius":45.5372,"stabilizedPalmPosition":[-24.6445,334.556,150.12],"t":[74.7727,146.434,-141.529],"timeVisible":5.11594,"type":"right","wrist":[-9.7457,322.09,90.6558]}],"id":4479389,"interactionBox":{"center":[0,200,0],"size":[235.247,235.247,147.751]},"pointables":[{"bases":[[[0.704667,0.702552,-0.099322],[-0.559313,0.636137,0.531506],[0.436593,-0.318982,0.841212]],[[0.567045,0.7613,-0.314457],[-0.811978,0.580789,-0.0581117],[0.138393,0.288284,0.947491]],[[0.567045,0.7613,-0.314457],[-0.802307,0.424074,-0.420078],[-0.186452,0.490494,0.851265]],[[0.567045,0.7613,-0.314457],[-0.645844,0.173995,-0.743378],[-0.511219,0.624619,0.590344]]],"btipPosition":[-28.4808,276.828,5.94797],"carpPosition":[-39.7872,322.133,95.241],"dipPosition":[-40.3331,291.31,19.6348],"direction":[0.186452,-0.490494,-0.851265],"extended":false,"handId":921,"id":9210,"length":51.6284,"mcpPosition":[-39.7872,322.133,95.241],"pipPosition":[-46.6308,307.877,48.3874],"stabilizedTipPosition":[-54.001,275.946,127.105],"timeVisible":5.11594,"tipPosition":[-32.6291,280.338,9.07155],"tipVelocity":[-10.2872,-53.9235,-148.358],"tool":false,"touchDistance":-0.498434,"touchZone":"hovering","type":0,"width":20.0604},{"bases":[[[0.904844,-0.333681,-0.264414],[0.347498,0.937662,0.00586707],[0.245973,-0.0971919,0.964392]],[[0.929756,-0.343742,-0.131891],[0.33387,0.938166,-0.0915107],[0.155192,0.0410482,0.987031]],[[0.929756,-0.343742,-0.131891],[0.319874,0.931546,-0.172924],[0.182304,0.118589,0.976065]],[[0.929756,-0.343742,-0.131891],[0.307493,0.921996,-0.235311],[0.202489,0.178227,0.96293]]],"btipPosition":[-57.7565,338.216,-65.0705],"carpPosition":[-25.4325,338.735,86.8924],"dipPosition":[-54.3293,341.232,-48.7723],"direction":[-0.182304,-0.118589,-0.976065],"extended":true,"handId":921,"id":9211,"length":58.2569,"mcpPosition":[-43.3592,345.819,16.6068],"pipPosition":[-49.9642,344.072,-25.4013],"stabilizedTipPosition":[-77.5835,312.441,96.5677],"timeVisible":5.11594,"tipPosition":[-57.6395,337.535,-60.9526],"tipVelocity":[22.1071,-17.7404,-159.65],"tool":false,"touchDistance":-0.550063,"touchZone":"hovering","type":1,"width":19.1617},{"bases":[[[0.85717,-0.498671,-0.12879],[0.500786,0.865389,-0.017748],[0.120304,-0.0492829,0.991513]],[[0.858472,-0.499195,-0.1176],[0.0883748,0.36986,-0.924875],[0.505188,0.783587,0.361631]],[[0.858472,-0.499195,-0.1176],[-0.477244,-0.693611,-0.539576],[0.187785,0.519335,-0.833684]],[[0.858472,-0.499195,-0.1176],[-0.489903,-0.866032,0.0999194],[-0.151724,-0.0281656,-0.988021]]],"btipPosition":[-48.9739,288.232,39.2312],"carpPosition":[-14.0715,336.347,83.1489],"dipPosition":[-51.7984,287.708,20.8382],"direction":[-0.187785,-0.519335,0.833684],"extended":false,"handId":921,"id":9212,"length":66.379,"mcpPosition":[-22.3863,339.753,14.6207],"pipPosition":[-46.5085,302.338,-2.6468],"stabilizedTipPosition":[-46.1712,275.157,168.373],"timeVisible":5.11594,"tipPosition":[-49.4367,288.213,35.8455],"tipVelocity":[-23.3198,-48.7034,-150.355],"tool":false,"touchDistance":0.333333,"touchZone":"none","type":2,"width":18.8193},{"bases":[[[0.825325,-0.564296,0.0202302],[0.564327,0.825538,0.00471218],[-0.0193598,0.00752734,0.999784]],[[0.825537,-0.564273,-0.00925272],[0.259601,0.394255,-0.881573],[0.501095,0.725368,0.471958]],[[0.825537,-0.564273,-0.00925272],[-0.437602,-0.629691,-0.641868],[0.356362,0.533934,-0.76676]],[[0.825537,-0.564273,-0.00925272],[-0.564185,-0.825581,0.0105323],[-0.013582,-0.00347459,-0.999902]]],"btipPosition":[-33.8479,283.959,37.3872],"carpPosition":[-3.342,331.12,80.7676],"dipPosition":[-34.0993,283.894,18.8799],"direction":[-0.356362,-0.533934,0.76676],"extended":false,"handId":921,"id":9213,"length":63.8252,"mcpPosition":[-2.14066,330.653,18.7275],"pipPosition":[-24.3198,298.547,-2.16195],"stabilizedTipPosition":[-31.0261,274.19,174.837],"timeVisible":5.11594,"tipPosition":[-33.7682,284.145,34.2629],"tipVelocity":[-26.1123,-57.6994,-159.175],"tool":false,"touchDistance":0.333333,"touchZone":"none","type":3,"width":17.9078},{"bases":[[[0.712873,-0.688226,0.13475],[0.681883,0.72512,0.0961113],[-0.163856,0.0233684,0.986207]],[[0.70911,-0.687548,0.156335],[0.436322,0.253712,-0.86328],[0.553883,0.680373,0.479902]],[[0.70911,-0.687548,0.156335],[-0.452827,-0.614022,-0.646471],[0.540474,0.387626,-0.746749]],[[0.70911,-0.687548,0.156335],[-0.691922,-0.721202,-0.0333465],[0.135677,-0.0845254,-0.987141]]],"btipPosition":[-17.9689,288.374,38.6246],"carpPosition":[4.80905,319.616,80.76],"dipPosition":[-15.6522,286.931,21.7688],"direction":[-0.540474,-0.387626,0.746749],"extended":false,"handId":921,"id":9214,"length":50.0378,"mcpPosition":[14.2213,318.273,24.1101],"pipPosition":[-5.18017,294.441,7.30001],"stabilizedTipPosition":[-13.7043,286.214,163.043],"timeVisible":5.11594,"tipPosition":[-17.2267,288.176,35.7836],"tipVelocity":[-25.1709,-63.1438,-156.866],"tool":false,"touchDistance":0.333333,"touchZone":"none","type":4,"width":15.9071}],"r":[[0.800212,0.513624,0.309599],[-0.33245,0.809573,-0.483807],[-0.499137,0.284222,0.818584]],"s":0.9946,"t":[74.7727,146.434,-141.529],"timestamp":607459573155},false],[6,{"currentFrameRate":109.822,"devices":[],"gestures":[],"hands":[{"armBasis":[[0.835472,-0.110625,-0.538282],[0.386999,0.813877,0.4334],[0.390151,-0.570409,0.722784]],"armWidth":63.1234,"confidence":0.775405,"direction":[-0.0386415,0.172334,-0.98428],"elbow":[94.9545,169.179,282.624],"grabStrength":0,"id":921,"palmNormal":[-0.393648,-0.907988,-0.143522],"palmPosition":[-20.0871,329.964,36.8093],"palmVelocity":[3.04388,-57.1187,-150.306],"palmWidth":90.138,"pinchStrength":0.977693,"r":[[0.802837,0.509832,0.30907],[-0.32822,0.810725,-0.484766],[-0.49772,0.287745,0.818216]],"s":0.995515,"sphereCenter":[-51.439,305.323,13.4901],"sphereRadius":45.5649,"stabilizedPalmPosition":[-24.6405,334.552,150.021],"t":[74.9139,145.968,-142.853],"timeVisible":5.12482,"type":"right","wrist":[-9.3998,321.747,89.2998]}],"id":4479390,"interactionBox":{"center":[0,200,0],"size":[235.247,235.247,147.751]},"pointables":[{"bases":[[[0.714131,0.692076,-0.105112],[-0.548037,0.646172,0.531148],[0.435515,-0.321704,0.840734]],[[0.577399,0.751687,-0.318712],[-0.803309,0.592812,-0.0571689],[0.145963,0.289033,0.946126]],[[0.577399,0.751687,-0.318712],[-0.796795,0.433622,-0.42082],[-0.178124,0.496929,0.849314]],[[0.577399,0.751687,-0.318712],[-0.644688,0.180224,-0.742897],[-0.500987,0.634418,0.588665]]],"btipPosition":[-29.0048,276.448,4.88691],"carpPosition":[-39.4184,322.234,94.0076],"dipPosition":[-40.62,291.157,18.5348],"direction":[0.178124,-0.496929,-0.849314],"extended":false,"handId":921,"id":9210,"length":51.6284,"mcpPosition":[-39.4184,322.234,94.0076],"pipPosition":[-46.6363,307.942,47.2215],"stabilizedTipPosition":[-53.9763,275.95,126.973],"timeVisible":5.12482,"tipPosition":[-33.0696,280.005,8.00019],"tipVelocity":[-21.8465,-49.2932,-140.777],"tool":false,"touchDistance":-0.492974,"touchZone":"hovering","type":0,"width":20.0604},{"bases":[[[0.898922,-0.347557,-0.266726],[0.360767,0.932656,0.000561588],[0.248569,-0.0967307,0.963772]],[[0.924349,-0.357473,-0.133386],[0.347753,0.933162,-0.090975],[0.156992,0.0377073,0.98688]],[[0.924349,-0.357473,-0.133386],[0.333467,0.926778,-0.172866],[0.185414,0.115309,0.975872]],[[0.924349,-0.357473,-0.133386],[0.320751,0.917357,-0.235743],[0.206634,0.175125,0.962618]]],"btipPosition":[-57.5992,338.318,-66.3697],"carpPosition":[-24.8647,338.598,85.5317],"dipPosition":[-54.1017,341.282,-50.0768],"direction":[-0.185414,-0.115309,-0.975872],"extended":true,"handId":921,"id":9211,"length":58.2569,"mcpPosition":[-42.9806,345.647,15.2912],"pipPosition":[-49.6622,344.043,-26.7105],"stabilizedTipPosition":[-77.5832,312.441,96.5652],"timeVisible":5.12482,"tipPosition":[-57.4931,337.629,-62.2513],"tipVelocity":[21.4072,-10.177,-156.047],"tool":false,"touchDistance":-0.542897,"touchZone":"hovering","type":1,"width":19.1617},{"bases":[[[0.849479,-0.511299,-0.130226],[0.512916,0.85812,-0.0233804],[0.123704,-0.0469339,0.991209]],[[0.850821,-0.511796,-0.119027],[0.0898249,0.364852,-0.926722],[0.51772,0.777784,0.356396]],[[0.850821,-0.511796,-0.119027],[-0.489263,-0.689012,-0.534682],[0.191637,0.513154,-0.836629]],[[0.850821,-0.511796,-0.119027],[-0.501675,-0.858575,0.10569],[-0.156286,-0.0302108,-0.98725]]],"btipPosition":[-49.3138,288.245,38.1736],"carpPosition":[-13.5543,336.033,81.7517],"dipPosition":[-52.2232,287.683,19.7949],"direction":[-0.191637,-0.513154,0.836629],"extended":false,"handId":921,"id":9212,"length":66.379,"mcpPosition":[-22.1041,339.277,13.2446],"pipPosition":[-46.8248,302.138,-3.77302],"stabilizedTipPosition":[-46.1735,275.165,168.289],"timeVisible":5.12482,"tipPosition":[-49.7944,288.215,34.7815],"tipVelocity":[-27.9726,-35.3464,-141.751],"tool":false,"touchDistance":0.333333,"touchZone":"none","type":2,"width":18.8193},{"bases":[[[0.817325,-0.575857,0.0191932],[0.575979,0.817464,-0.00101529],[-0.0151051,0.0118847,0.999815]],[[0.817415,-0.575957,-0.0103224],[0.261643,0.387176,-0.884103],[0.513202,0.719978,0.467178]],[[0.817415,-0.575957,-0.0103224],[-0.449024,-0.625839,-0.637733],[0.360846,0.525927,-0.770188]],[[0.817415,-0.575957,-0.0103224],[-0.575779,-0.817449,0.0159971],[-0.0176517,-0.00713278,-0.999819]]],"btipPosition":[-34.2634,283.739,36.2699],"carpPosition":[-2.9099,330.645,79.3482],"dipPosition":[-34.5901,283.607,17.7642],"direction":[-0.360846,-0.525927,0.770189],"extended":false,"handId":921,"id":9213,"length":63.8252,"mcpPosition":[-1.97258,329.907,17.3062],"pipPosition":[-24.6875,298.04,-3.37173],"stabilizedTipPosition":[-31.0287,274.197,174.723],"timeVisible":5.12482,"tipPosition":[-34.1956,283.91,33.128],"tipVelocity":[-32.2522,-49.2182,-150.089],"tool":false,"touchDistance":0.333333,"touchZone":"none","type":3,"width":17.9078},{"bases":[[[0.703605,-0.697711,0.134684],[0.692479,0.715763,0.0903177],[-0.159418,0.0297179,0.986764]],[[0.699781,-0.696851,0.157179],[0.438139,0.244897,-0.864905],[0.564217,0.67411,0.476692]],[[0.699781,-0.696851,0.157179],[-0.462587,-0.609708,-0.643638],[0.544352,0.377697,-0.749016]],[[0.699781,-0.696851,0.157179],[-0.702058,-0.711533,-0.0289147],[0.131987,-0.0901145,-0.987147]]],"btipPosition":[-18.3298,287.927,37.344],"carpPosition":[5.07727,319.026,79.355],"dipPosition":[-16.0761,286.388,20.4881],"direction":[-0.544352,-0.377697,0.749016],"extended":false,"handId":921,"id":9214,"length":50.0378,"mcpPosition":[14.2346,317.319,22.673],"pipPosition":[-5.52887,293.706,5.97543],"stabilizedTipPosition":[-13.7087,286.216,162.904],"timeVisible":5.12482,"tipPosition":[-17.6014,287.706,34.4931],"tipVelocity":[-29.809,-60.3349,-153.411],"tool":false,"touchDistance":0.3333