{"sensorType":"Leap","data":[[0,{"currentFrameRate":110.153,"devices":[],"gestures":[],"hands":[{"armBasis":[[0.68612,-0.283322,-0.670051],[0.597617,0.744724,0.297053],[0.414841,-0.604248,0.680288]],"armWidth":63.1234,"confidence":0.804942,"direction":[0.0851649,0.405797,-0.909986],"elbow":[109.488,125.327,270.265],"grabStrength":0,"id":914,"palmNormal":[-0.5926,-0.713578,-0.373672],"palmPosition":[-5.49934,309.913,39.3857],"palmVelocity":[-44.1358,49.3717,-169.996],"palmWidth":90.138,"pinchStrength":1,"r":[[0.898663,-0.122082,0.421309],[0.197571,0.970198,-0.140292],[-0.391626,0.209314,0.896]],"s":0.843545,"sphereCenter":[-32.7732,282.731,5.35948],"sphereRadius":47.1455,"stabilizedPalmPosition":[-12.5894,270.271,156.262],"t":[59.7457,67.7516,-206.067],"timeVisible":6.71556,"type":"right","wrist":[-1.47061,286.946,88.307]}],"id":4476002,"interactionBox":{"center":[0,200,0],"size":[235.247,235.247,147.751]},"pointables":[{"bases":[[[0.868969,0.487626,0.0843424],[-0.412843,0.620357,0.666872],[0.272861,-0.614311,0.740384]],[[0.729189,0.663843,-0.166118],[-0.598596,0.736408,0.315257],[0.331612,-0.130444,0.934354]],[[0.729189,0.663843,-0.166118],[-0.669173,0.742508,0.0298312],[0.143147,0.0894093,0.985654]],[[0.729189,0.663843,-0.166118],[-0.659832,0.617723,-0.427833],[-0.181399,0.421581,0.888461]]],"btipPosition":[-47.7477,287.721,-7.62539],"carpPosition":[-30.7201,294.064,92.4689],"dipPosition":[-51.9534,297.495,12.9731],"direction":[-0.143147,-0.0894094,-0.985654],"extended":false,"handId":914,"id":9140,"length":51.6284,"mcpPosition":[-30.7201,294.064,92.4689],"pipPosition":[-47.1184,300.515,46.2649],"stabilizedTipPosition":[-68.5274,260.444,111.926],"timeVisible":6.71556,"tipPosition":[-49.1278,290.06,-3.16384],"tipVelocity":[-42.0917,84.7908,-183.996],"tool":false,"touchDistance":-0.545607,"touchZone":"hovering","type":0,"width":20.0604},{"bases":[[[0.80391,-0.494841,-0.329941],[0.578548,0.779249,0.240943],[0.137878,-0.384583,0.912735]],[[0.814148,-0.533804,-0.22851],[0.561202,0.824393,0.0736825],[0.14905,-0.188229,0.970749]],[[0.814148,-0.533804,-0.22851],[0.543442,0.839105,-0.0239615],[0.204534,-0.104674,0.973247]],[[0.814148,-0.533804,-0.22851],[0.526355,0.844628,-0.0977415],[0.24518,-0.0407012,0.968623]]],"btipPosition":[-37.3782,346.86,-58.9089],"carpPosition":[-11.9388,307.625,88.6251],"dipPosition":[-33.2284,346.171,-42.5144],"direction":[-0.204534,0.104674,-0.973247],"extended":true,"handId":914,"id":9141,"length":58.2569,"mcpPosition":[-21.9875,335.654,22.1043],"pipPosition":[-28.331,343.665,-19.2109],"stabilizedTipPosition":[-50.6607,310.051,45.39],"timeVisible":6.71556,"tipPosition":[-36.5956,345.567,-55.1948],"tipVelocity":[-19.9764,96.5213,-163.261],"tool":false,"touchDistance":-0.560985,"touchZone":"hovering","type":1,"width":19.1617},{"bases":[[[0.704661,-0.667794,-0.239802],[0.709017,0.675739,0.201674],[0.0273671,-0.312135,0.949643]],[[0.704788,-0.688692,-0.170227],[0.40635,0.588594,-0.698883],[0.581509,0.423392,0.694684]],[[0.704788,-0.688692,-0.170227],[-0.0398816,0.20111,-0.978756],[0.708296,0.696605,0.114274]],[[0.704788,-0.688692,-0.170227],[-0.28726,-0.057646,-0.956116],[0.648657,0.722759,-0.238462]]],"btipPosition":[-63.0292,271.471,-13.0673],"carpPosition":[-1.34302,303.192,84.5175],"dipPosition":[-50.9538,284.926,-17.5065],"direction":[-0.708296,-0.696605,-0.114274],"extended":false,"handId":914,"id":9142,"length":66.379,"mcpPosition":[-3.23449,324.766,18.8831],"pipPosition":[-31.001,304.549,-14.2874],"stabilizedTipPosition":[-68.6377,238.069,97.6117],"timeVisible":6.71556,"tipPosition":[-60.1666,274.931,-15.0539],"tipVelocity":[-29.8191,66.483,-173.111],"tool":false,"touchDistance":-0.541423,"touchZone":"hovering","type":2,"width":18.8193},{"bases":[[[0.64554,-0.755476,-0.111957],[0.758061,0.616007,0.214195],[-0.0928534,-0.223142,0.970354]],[[0.634538,-0.772519,-0.0240013],[0.54755,0.471234,-0.691467],[0.545482,0.42562,0.722009]],[[0.634538,-0.772519,-0.0240013],[0.105327,0.117195,-0.987508],[0.765682,0.624083,0.155731]],[[0.634538,-0.772519,-0.0240013],[-0.167126,-0.106824,-0.980131],[0.754606,0.625941,-0.196892]]],"btipPosition":[-45.5604,262.258,-11.7787],"carpPosition":[7.8008,295.962,81.0215],"dipPosition":[-31.5933,273.843,-15.423],"direction":[-0.765682,-0.624083,-0.155731],"extended":false,"handId":914,"id":9143,"length":63.8252,"mcpPosition":[13.5627,309.808,20.8077],"pipPosition":[-10.581,290.97,-11.1493],"stabilizedTipPosition":[-47.9355,231.37,94.6281],"timeVisible":6.71556,"tipPosition":[-41.9064,265.248,-14.0225],"tipVelocity":[-43.0558,62.2598,-140.097],"tool":false,"touchDistance":-0.520113,"touchZone":"hovering","type":3,"width":17.9078},{"bases":[[[0.496268,-0.867552,-0.0327383],[0.838036,0.468853,0.279056],[-0.226746,-0.165922,0.959717]],[[0.479065,-0.877084,0.0349381],[0.642661,0.323356,-0.69457],[0.597899,0.355198,0.718576]],[[0.479065,-0.877084,0.0349381],[0.158121,0.0470775,-0.986297],[0.86342,0.478025,0.161239]],[[0.479065,-0.877084,0.0349381],[-0.136306,-0.113653,-0.984126],[0.867132,0.466698,-0.173999]]],"btipPosition":[-26.8093,262.873,-2.20349],"carpPosition":[12.6451,283.015,78.2482],"dipPosition":[-12.0027,270.842,-5.17459],"direction":[-0.86342,-0.478025,-0.161239],"extended":false,"handId":914,"id":9144,"length":50.0378,"mcpPosition":[25.6699,292.546,23.1199],"pipPosition":[4.72663,280.104,-2.05049],"stabilizedTipPosition":[-26.539,228.656,105.223],"timeVisible":6.71556,"tipPosition":[-22.8489,265.073,-4.27242],"tipVelocity":[-50.2153,53.8479,-132.901],"tool":false,"touchDistance":-0.504461,"touchZone":"touching","type":4,"width":15.9071}],"r":[[0.898663,-0.122082,0.421309],[0.197571,0.970198,-0.140292],[-0.391626,0.209314,0.896]],"s":0.843545,"t":[59.7457,67.7516,-206.067],"timestamp":607427549717},false],[1,{"currentFrameRate":110.135,"devices":[],"gestures":[],"hands":[{"armBasis":[[0.684648,-0.287241,-0.669887],[0.599763,0.744272,0.293842],[0.414175,-0.602952,0.681842]],"armWidth":63.1234,"confidence":0.809478,"direction":[0.0856421,0.408515,-0.908725],"elbow":[108.851,125.646,269.7],"grabStrength":0,"id":914,"palmNormal":[-0.59452,-0.710946,-0.375634],"palmPosition":[-5.92975,310.052,38.4813],"palmVelocity":[-44.9959,39.9013,-150.366],"palmWidth":90.138,"pinchStrength":1,"r":[[0.897713,-0.123882,0.422805],[0.1985,0.970462,-0.137115],[-0.39333,0.207017,0.895788]],"s":0.84497,"sphereCenter":[-33.161,282.959,4.34314],"sphereRadius":47.1506,"stabilizedPalmPosition":[-12.5837,270.305,156.161],"t":[59.2994,67.9792,-207.274],"timeVisible":6.72467,"type":"right","wrist":[-1.92947,286.918,87.3263]}],"id":4476003,"interactionBox":{"center":[0,200,0],"size":[235.247,235.247,147.751]},"pointables":[{"bases":[[[0.870186,0.485262,0.0854261],[-0.410984,0.619201,0.669091],[0.271788,-0.617342,0.738254]],[[0.73108,0.66232,-0.163875],[-0.595359,0.736576,0.32094],[0.333271,-0.137068,0.932814]],[[0.73108,0.66232,-0.163875],[-0.666753,0.744484,0.034397],[0.144784,0.084117,0.985881]],[[0.73108,0.66232,-0.163875],[-0.658442,0.621924,-0.423869],[-0.178819,0.417784,0.890775]]],"btipPosition":[-48.3842,288.344,-8.5521],"carpPosition":[-31.1595,294.093,91.5274],"dipPosition":[-52.5301,298.03,12.1],"direction":[-0.144784,-0.084117,-0.985881],"extended":false,"handId":914,"id":9140,"length":51.6284,"mcpPosition":[-31.1595,294.093,91.5274],"pipPosition":[-47.6398,300.871,45.3995],"stabilizedTipPosition":[-68.4877,260.506,111.687],"timeVisible":6.72467,"tipPosition":[-49.6715,290.577,-4.06615],"tipVelocity":[-49.3758,79.6292,-160.786],"tool":false,"touchDistance":-0.533095,"touchZone":"hovering","type":0,"width":20.0604},{"bases":[[[0.802536,-0.495709,-0.331977],[0.580553,0.777077,0.243124],[0.137453,-0.387846,0.911418]],[[0.812686,-0.534687,-0.231628],[0.563207,0.822732,0.0768755],[0.149463,-0.19293,0.969762]],[[0.812686,-0.534687,-0.231628],[0.545152,0.838053,-0.0218384],[0.205793,-0.108525,0.972559]],[[0.812686,-0.534687,-0.231628],[0.527736,0.843912,-0.0964696],[0.247055,-0.0438392,0.968009]]],"btipPosition":[-37.8356,347.439,-59.6524],"carpPosition":[-12.3477,307.621,87.7167],"dipPosition":[-33.6541,346.697,-43.2683],"direction":[-0.205793,0.108525,-0.972559],"extended":true,"handId":914,"id":9141,"length":58.2569,"mcpPosition":[-22.3654,335.888,21.292],"pipPosition":[-28.7265,344.099,-19.9812],"stabilizedTipPosition":[-50.5306,310.403,44.4339],"timeVisible":6.72467,"tipPosition":[-37.0198,346.162,-55.9499],"tipVelocity":[-28.1397,87.0078,-140.675],"tool":false,"touchDistance":-0.544408,"touchZone":"hovering","type":1,"width":19.1617},{"bases":[[[0.70292,-0.668711,-0.242338],[0.710751,0.673381,0.20345],[0.0271366,-0.315252,0.94862]],[[0.703042,-0.689767,-0.173072],[0.406553,0.589512,-0.69799],[0.583479,0.420354,0.694878]],[[0.703042,-0.689767,-0.173072],[-0.0444264,0.200294,-0.978728],[0.70976,0.695776,0.110172]],[[0.703042,-0.689767,-0.173072],[-0.293619,-0.0598871,-0.954045],[0.647704,0.72155,-0.244632]]],"btipPosition":[-63.5527,271.861,-13.7039],"carpPosition":[-1.76488,303.176,83.589],"dipPosition":[-51.495,285.293,-18.258],"direction":[-0.70976,-0.695776,-0.110172],"extended":false,"handId":914,"id":9142,"length":66.379,"mcpPosition":[-3.64041,324.965,18.0254],"pipPosition":[-31.501,304.893,-15.1544],"stabilizedTipPosition":[-68.6298,238.107,97.4978],"timeVisible":6.72467,"tipPosition":[-60.7036,275.314,-15.7575],"tipVelocity":[-37.6086,59.7591,-145.268],"tool":false,"touchDistance":-0.52556,"touchZone":"hovering","type":2,"width":18.8193},{"bases":[[[0.64366,-0.756661,-0.114743],[0.759658,0.613491,0.215753],[-0.0928581,-0.226036,0.969683]],[[0.632676,-0.773949,-0.0269125],[0.548767,0.472576,-0.689584],[0.546421,0.421515,0.723705]],[[0.632676,-0.773949,-0.0269125],[0.104589,0.119828,-0.98727],[0.767322,0.621807,0.156759]],[[0.632676,-0.773949,-0.0269125],[-0.169125,-0.104174,-0.980074],[0.755723,0.624621,-0.196803]]],"btipPosition":[-46.1085,262.679,-12.7988],"carpPosition":[7.3596,295.935,80.0647],"dipPosition":[-32.1208,274.24,-16.4415],"direction":[-0.767322,-0.621807,-0.156759],"extended":false,"handId":914,"id":9143,"length":63.8252,"mcpPosition":[13.1218,309.961,19.8925],"pipPosition":[-11.0635,291.304,-12.1396],"stabilizedTipPosition":[-47.9267,231.429,94.4408],"timeVisible":6.72467,"tipPosition":[-42.4728,265.648,-14.9995],"tipVelocity":[-47.6563,57.6451,-132.276],"tool":false,"touchDistance":-0.511731,"touchZone":"touching","type":3,"width":17.9078},{"bases":[[[0.494162,-0.868633,-0.0358019],[0.839314,0.465938,0.280095],[-0.226619,-0.168461,0.959304]],[[0.476489,-0.878537,0.0336309],[0.641508,0.321266,-0.696603],[0.601187,0.353498,0.716668]],[[0.476489,-0.878537,0.0336309],[0.15133,0.0442746,-0.987491],[0.866059,0.475618,0.154045]],[[0.476489,-0.878537,0.0336309],[-0.145082,-0.116301,-0.982561],[0.867127,0.4633,-0.182876]]],"btipPosition":[-27.4568,263.153,-2.8231],"carpPosition":[12.1712,282.985,77.2471],"dipPosition":[-12.6502,271.064,-5.94578],"direction":[-0.866059,-0.475618,-0.154045],"extended":false,"handId":914,"id":9144,"length":50.0378,"mcpPosition":[25.1887,292.662,22.1425],"pipPosition":[4.13023,280.28,-2.96105],"stabilizedTipPosition":[-26.5339,228.73,105.002],"timeVisible":6.72467,"tipPosition":[-23.5122,265.333,-4.93897],"tipVelocity":[-55.9982,47.0443,-115.954],"tool":false,"touchDistance":-0.492166,"touchZone":"touching","type":4,"width":15.9071}],"r":[[0.897713,-0.123882,0.422805],[0.1985,0.970462,-0.137115],[-0.39333,0.207017,0.895788]],"s":0.84497,"t":[59.2994,67.9792,-207.274],"timestamp":607427558829},false],[2,{"currentFrameRate":110.211,"devices":[],"gestures":[],"hands":[{"armBasis":[[0.683522,-0.290603,-0.669588],[0.601433,0.744026,0.29104],[0.413613,-0.601644,0.683336]],"armWidth":63.1234,"confidence":0.812791,"direction":[0.0867841,0.412958,-0.906606],"elbow":[108.258,125.78,269.336],"grabStrength":0,"id":914,"palmNormal":[-0.595866,-0.707793,-0.379438],"palmPosition":[-6.30791,310.093,37.8352],"palmVelocity":[-44.2611,30.2669,-129.048],"palmWidth":90.138,"pinchStrength":1,"r":[[0.896872,-0.126127,0.423925],[0.199647,0.970721,-0.13357],[-0.394667,0.204431,0.895794]],"s":0.846323,"sphereCenter":[-33.3684,283.115,3.50735],"sphereRadius":47.1173,"stabilizedPalmPosition":[-12.5785,270.338,156.063],"t":[58.8872,68.1136,-208.2],"timeVisible":6.73361,"type":"right","wrist":[-2.37146,286.703,86.563]}],"id":4476004,"interactionBox":{"center":[0,200,0],"size":[235.247,235.247,147.751]},"pointables":[{"bases":[[[0.871159,0.483019,0.0881717],[-0.409922,0.616635,0.672105],[0.27027,-0.621654,0.735187]],[[0.73276,0.661428,-0.159924],[-0.592674,0.735804,0.327613],[0.334365,-0.145279,0.931179]],[[0.73276,0.661428,-0.159924],[-0.664467,0.746164,0.0415123],[0.146787,0.0758454,0.986256]],[[0.73276,0.661428,-0.159924],[-0.657584,0.627808,-0.416461],[-0.175058,0.41033,0.894977]]],"btipPosition":[-49.0216,289.026,-9.31737],"carpPosition":[-31.5879,293.917,90.7913],"dipPosition":[-53.0802,298.539,11.4322],"direction":[-0.146787,-0.0758454,-0.986256],"extended":false,"handId":914,"id":9140,"length":51.6284,"mcpPosition":[-31.5879,293.917,90.7913],"pipPosition":[-48.1223,301.101,44.7443],"stabilizedTipPosition":[-68.4407,260.584,111.392],"timeVisible":6.73361,"tipPosition":[-50.1799,291.115,-4.78934],"tipVelocity":[-54.7496,77.4987,-139.579],"tool":false,"touchDistance":-0.519262,"touchZone":"hovering","type":0,"width":20.0604},{"bases":[[[0.801618,-0.495672,-0.334242],[0.582079,0.774626,0.247262],[0.136352,-0.392765,0.909474]],[[0.811604,-0.534838,-0.235047],[0.564774,0.821211,0.0815071],[0.14943,-0.1989,0.968561]],[[0.811604,-0.534838,-0.235047],[0.54635,0.837345,-0.0188229],[0.206883,-0.113141,0.971802]],[[0.811604,-0.534838,-0.235047],[0.528514,0.843626,-0.0947033],[0.248943,-0.047364,0.967359]]],"btipPosition":[-38.2113,348.026,-60.0917],"carpPosition":[-12.747,307.425,87.0556],"dipPosition":[-33.9978,347.224,-43.7185],"direction":[-0.206883,0.113141,-0.971802],"extended":true,"handId":914,"id":9141,"length":58.2569,"mcpPosition":[-22.6844,336.05,20.7724],"pipPosition":[-29.0442,344.515,-20.4496],"stabilizedTipPosition":[-50.3904,310.798,43.371],"timeVisible":6.73361,"tipPosition":[-37.346,346.79,-56.4021],"tipVelocity":[-31.7067,80.7511,-115.762],"tool":false,"touchDistance":-0.524927,"touchZone":"touching","type":1,"width":19.1617},{"bases":[[[0.701616,-0.668922,-0.245518],[0.712075,0.670864,0.207102],[0.0261741,-0.320133,0.947011]],[[0.701678,-0.690243,-0.176668],[0.407255,0.592007,-0.695465],[0.584628,0.416044,0.696504]],[[0.701678,-0.690243,-0.176668],[-0.0480431,0.201556,-0.978298],[0.710872,0.694938,0.108266]],[[0.701678,-0.690243,-0.176668],[-0.298987,-0.060184,-0.952358],[0.646726,0.72107,-0.248603]]],"btipPosition":[-63.9613,272.24,-14.2231],"carpPosition":[-2.17203,302.979,82.9086],"dipPosition":[-51.9219,285.663,-18.8511],"direction":[-0.710872,-0.694938,-0.108266],"extended":false,"handId":914,"id":9142,"length":66.379,"mcpPosition":[-3.98105,325.105,17.4562],"pipPosition":[-31.8965,305.24,-15.8012],"stabilizedTipPosition":[-68.6208,238.152,97.3621],"timeVisible":6.73361,"tipPosition":[-61.126,275.686,-16.3213],"tipVelocity":[-39.9503,54.9483,-121.985],"tool":false,"touchDistance":-0.50938,"touchZone":"touching","type":2,"width":18.8193},{"bases":[[[0.642131,-0.757398,-0.11839],[0.760854,0.610811,0.219115],[-0.0936427,-0.230778,0.96849]],[[0.631342,-0.77483,-0.0323325],[0.546605,0.474182,-0.690199],[0.550118,0.418079,0.722897]],[[0.631342,-0.77483,-0.0323325],[0.0949018,0.118572,-0.9884],[0.769676,0.62095,0.148392]],[[0.631342,-0.77483,-0.0323325],[-0.18149,-0.107089,-0.977544],[0.753968,0.623033,-0.208234]]],"btipPosition":[-46.6766,262.981,-12.9621],"carpPosition":[6.93861,295.737,79.3504],"dipPosition":[-32.7214,274.512,-16.8164],"direction":[-0.769676,-0.62095,-0.148392],"extended":false,"handId":914,"id":9143,"length":63.8252,"mcpPosition":[12.7495,310.058,19.2522],"pipPosition":[-11.5995,291.553,-12.7441],"stabilizedTipPosition":[-47.9167,231.506,94.1963],"timeVisible":6.73361,"tipPosition":[-43.0405,265.949,-15.2913],"tipVelocity":[-52.2231,50.9066,-102.639],"tool":false,"touchDistance":-0.492071,"touchZone":"touching","type":3,"width":17.9078},{"bases":[[[0.492376,-0.86946,-0.0400681],[0.840184,0.462768,0.28273],[-0.22728,-0.172874,0.958362]],[[0.474454,-0.879767,0.0300611],[0.639048,0.320748,-0.699099],[0.605402,0.350901,0.714393]],[[0.474454,-0.879767,0.0300611],[0.141497,0.0425144,-0.989025],[0.868834,0.473501,0.144656]],[[0.474454,-0.879767,0.0300611],[-0.15717,-0.118263,-0.980465],[0.866136,0.460461,-0.194384]]],"btipPosition":[-28.0501,263.394,-3.08956],"carpPosition":[11.7244,282.792,76.4684],"dipPosition":[-13.2605,271.257,-6.40874],"direction":[-0.868834,-0.473501,-0.144656],"extended":false,"handId":914,"id":9144,"length":50.0378,"mcpPosition":[24.7799,292.722,21.4179],"pipPosition":[3.57377,280.431,-3.60595],"stabilizedTipPosition":[-26.5288,228.829,104.707],"timeVisible":6.73361,"tipPosition":[-24.1108,265.557,-5.29342],"tipVelocity":[-58.9492,41.2136,-93.8169],"tool":false,"touchDistance":-0.475957,"touchZone":"touching","type":4,"width":15.9071}],"r":[[0.896872,-0.126127,0.423925],[0.199647,0.970721,-0.13357],[-0.394667,0.204431,0.895794]],"s":0.846323,"t":[58.8872,68.1136,-208.2],"timestamp":607427567768},false],[3,{"currentFrameRate":110.216,"devices":[],"gestures":[],"hands":[{"armBasis":[[0.680486,-0.300584,-0.668272],[0.604627,0.745545,0.280337],[0.413962,-0.594821,0.689075]],"armWidth":63.1234,"confidence":0.812848,"direction":[0.0862308,0.419554,-0.903625],"elbow":[107.862,127.012,269.538],"grabStrength":0,"id":914,"palmNormal":[-0.598744,-0.70311,-0.383591],"palmPosition":[-6.82413,309.88,36.689],"palmVelocity":[-47.7671,15.4265,-128.331],"palmWidth":90.138,"pinchStrength":1,"r":[[0.896289,-0.129104,0.424263],[0.201089,0.970996,-0.129342],[-0.395259,0.201242,0.896254]],"s":0.847524,"sphereCenter":[-33.8814,283.055,2.14803],"sphereRadius":47.1609,"stabilizedPalmPosition":[-12.5739,270.37,155.968],"t":[58.423,68.0745,-209.237],"timeVisible":6.74267,"type":"right","wrist":[-2.8616,286.11,85.2304]}],"id":4476005,"interactionBox":{"center":[0,200,0],"size":[235.247,235.247,147.751]},"pointables":[{"bases":[[[0.872782,0.479726,0.0900807],[-0.406732,0.61275,0.677574],[0.269853,-0.628013,0.729917]],[[0.735049,0.659927,-0.155558],[-0.588245,0.734806,0.337681],[0.33715,-0.156706,0.928317]],[[0.735049,0.659927,-0.155558],[-0.66094,0.748589,0.0526528],[0.151196,0.0641121,0.986423]],[[0.735049,0.659927,-0.155558],[-0.656875,0.636294,-0.404531],[-0.167981,0.399533,0.901197]]],"btipPosition":[-49.9322,289.7,-10.5453],"carpPosition":[-32.0478,293.379,89.5717],"dipPosition":[-53.8268,298.963,10.3485],"direction":[-0.151196,-0.0641121,-0.986423],"extended":false,"handId":914,"id":9140,"length":51.6284,"mcpPosition":[-32.0478,293.379,89.5717],"pipPosition":[-48.7199,301.128,43.6662],"stabilizedTipPosition":[-68.3792,260.693,110.983],"timeVisible":6.74267,"tipPosition":[-50.9511,291.611,-5.95946],"tipVelocity":[-66.2277,74.8799,-137.434],"tool":false,"touchDistance":-0.513591,"touchZone":"touching","type":0,"width":20.0604},{"bases":[[[0.799459,-0.495523,-0.33959],[0.584896,0.770984,0.251953],[0.13697,-0.400051,0.9062]],[[0.809464,-0.535072,-0.241797],[0.567226,0.819003,0.0865346],[0.15173,-0.2072,0.966461]],[[0.809464,-0.535072,-0.241797],[0.548136,0.836245,-0.0155284],[0.21051,-0.119968,0.970203]],[[0.809464,-0.535072,-0.241797],[0.529633,0.843143,-0.0927338],[0.253488,-0.0529988,0.965885]]],"btipPosition":[-38.9448,348.603,-60.8554],"carpPosition":[-13.1737,306.859,85.9006],"dipPosition":[-34.6544,347.706,-44.5072],"direction":[-0.21051,0.119968,-0.970203],"extended":true,"handId":914,"id":9141,"length":58.2569,"mcpPosition":[-23.1562,336.015,19.8561],"pipPosition":[-29.6139,344.833,-21.2766],"stabilizedTipPosition":[-50.2341,311.27,42.1083],"timeVisible":6.74267,"tipPosition":[-38.0111,347.415,-57.1836],"tipVelocity":[-44.7628,75.3586,-107.235],"tool":false,"touchDistance":-0.51231,"touchZone":"touching","type":1,"width":19.1617},{"bases":[[[0.699112,-0.66914,-0.25198],[0.714499,0.66714,0.210748],[0.0270861,-0.327376,0.944506]],[[0.699246,-0.690992,-0.183261],[0.407976,0.596225,-0.691426],[0.587035,0.408711,0.698817]],[[0.699246,-0.690992,-0.183261],[-0.0504838,0.207982,-0.976829],[0.713096,0.692295,0.110547]],[[0.699246,-0.690992,-0.183261],[-0.302859,-0.0541262,-0.951497],[0.647558,0.720833,-0.247121]]],"btipPosition":[-64.6658,272.603,-15.4619],"carpPosition":[-2.62042,302.413,81.6989],"dipPosition":[-52.6109,286.022,-20.0623],"direction":[-0.713096,-0.692295,-0.110547],"extended":false,"handId":914,"id":9142,"length":66.379,"mcpPosition":[-4.49246,325.04,16.4196],"pipPosition":[-32.5229,305.524,-16.9482],"stabilizedTipPosition":[-68.611,238.206,97.1955],"timeVisible":6.74267,"tipPosition":[-61.8397,276.039,-17.5325],"tipVelocity":[-50.2763,50.8116,-125.85],"tool":false,"touchDistance":-0.505263,"touchZone":"touching","type":2,"width":18.8193},{"bases":[[[0.639613,-0.758398,-0.125407],[0.763121,0.606852,0.222208],[-0.0924186,-0.237828,0.966901]],[[0.629065,-0.776309,-0.040268],[0.546237,0.4783,-0.687644],[0.553084,0.410577,0.724931]],[[0.629065,-0.776309,-0.040268],[0.0889048,0.12331,-0.988378],[0.772252,0.618174,0.146588]],[[0.629065,-0.776309,-0.040268],[-0.190091,-0.103394,-0.976307],[0.753752,0.621815,-0.212611]]],"btipPosition":[-47.4278,263.283,-14.1057],"carpPosition":[6.46132,295.171,78.0677],"dipPosition":[-33.4766,274.792,-18.0409],"direction":[-0.772252,-0.618174,-0.146588],"extended":false,"handId":914,"id":9143,"length":63.8252,"mcpPosition":[12.1962,309.929,18.0682],"pipPosition":[-12.284,291.756,-14.0182],"stabilizedTipPosition":[-47.906,231.605,93.8823],"timeVisible":6.74267,"tipPosition":[-43.8253,266.229,-16.4263],"tipVelocity":[-60.72,45.8874,-109.705],"tool":false,"touchDistance":-0.48863,"touchZone":"touching","type":3,"width":17.9078},{"bases":[[[0.489677,-0.870602,-0.0476357],[0.842131,0.458095,0.284542],[-0.225901,-0.179449,0.957479]],[[0.471385,-0.881595,0.024199],[0.638906,0.322449,-0.698445],[0.607943,0.344698,0.715254]],[[0.471385,-0.881595,0.024199],[0.136185,0.0456528,-0.989631],[0.871349,0.469793,0.14158]],[[0.471385,-0.881595,0.024199],[-0.164827,-0.115021,-0.979593],[0.866388,0.457777,-0.199529]]],"btipPosition":[-28.7934,263.548,-4.31172],"carpPosition":[11.2024,282.234,75.0782],"dipPosition":[-13.9994,271.365,-7.71876],"direction":[-0.871349,-0.469793,-0.14158],"extended":false,"handId":914,"id":9144,"length":50.0378,"mcpPosition":[24.1786,292.542,20.0784],"pipPosition":[2.88353,280.467,-4.97556],"stabilizedTipPosition":[-26.525,228.951,104.341],"timeVisible":6.74267,"tipPosition":[-24.8893,265.692,-6.50517],"tipVelocity":[-65.2876,34.2071,-105.764],"tool":false,"touchDistance":-0.47533,"touchZone":"touching","type":4,"width":15.9071}],"r":[[0.896289,-0.129104,0.424263],[0.201089,0.970996,-0.129342],[-0.395259,0.201242,0.896254]],"s":0.847524,"t":[58.423,68.0745,-209.237],"timestamp":607427576832},false],[4,{"currentFrameRate":110.259,"devices":[],"gestures":[],"hands":[{"armBasis":[[0.677584,-0.308941,-0.667409],[0.607916,0.74601,0.27186],[0.413905,-0.589937,0.693294]],"armWidth":63.1234,"confidence":0.800577,"direction":[0.0879532,0.424361,-0.901211],"elbow":[107.343,127.86,269.671],"grabStrength":0,"id":914,"palmNormal":[-0.60164,-0.698428,-0.387592],"palmPosition":[-7.22977,309.715,35.83],"palmVelocity":[-47.0354,6.14742,-119.325],"palmWidth":90.138,"pinchStrength":1,"r":[[0.895712,-0.13271,0.424368],[0.20304,0.971179,-0.124846],[-0.395569,0.19799,0.896842]],"s":0.848508,"sphereCenter":[-34.2392,282.97,1.06479],"sphereRadius":47.2214,"stabilizedPalmPosition":[-12.5699,270.399,155.877],"t":[57.9881,67.9723,-210.184],"timeVisible":6.75166,"type":"right","wrist":[-3.36491,285.651,84.2344]}],"id":4476006,"interactionBox":{"center":[0,200,0],"size":[235.247,235.247,147.751]},"pointables":[{"bases":[[[0.874753,0.4756,0.0927987],[-0.404197,0.610532,0.681084],[0.267267,-0.633289,0.726301]],[[0.738285,0.657344,-0.151108],[-0.583557,0.734859,0.345606],[0.338225,-0.166975,0.926133]],[[0.738285,0.657344,-0.151108],[-0.656676,0.751664,0.0614689],[0.153989,0.0538473,0.986604]],[[0.738285,0.657344,-0.151108],[-0.654441,0.643918,-0.396328],[-0.163223,0.391494,0.905589]]],"btipPosition":[-50.6631,290.377,-11.4988],"carpPosition":[-32.5209,293.015,88.6181],"dipPosition":[-54.4473,299.454,9.49673],"direction":[-0.153989,-0.0538473,-0.986604],"extended":false,"handId":914,"id":9140,"length":51.6284,"mcpPosition":[-32.5209,293.015,88.6181],"pipPosition":[-49.2461,301.272,42.8206],"stabilizedTipPosition":[-68.2995,260.844,110.426],"timeVisible":6.75166,"tipPosition":[-51.561,292.136,-6.87703],"tipVelocity":[-69.5791,73.6844,-128.099],"tool":false,"touchDistance":-0.504517,"touchZone":"touching","type":0,"width":20.0604},{"bases":[[[0.797407,-0.496862,-0.342447],[0.588072,0.767111,0.256344],[0.135326,-0.405794,0.90389]],[[0.80719,-0.536599,-0.245978],[0.570352,0.816374,0.0907277],[0.152126,-0.213529,0.96502]],[[0.80719,-0.536599,-0.245978],[0.550712,0.834587,-0.0134545],[0.21251,-0.124603,0.969182]],[[0.80719,-0.536599,-0.245978],[0.531598,0.841958,-0.0922571],[0.256608,-0.0562924,0.964875]]],"btipPosition":[-39.3602,349.037,-61.4611],"carpPosition":[-13.5914,306.438,85.0237],"dipPosition":[-35.0169,348.084,-45.13],"direction":[-0.21251,0.124603,-0.969182],"extended":true,"handId":914,"id":9141,"length":58.2569,"mcpPosition":[-23.4541,336.013,19.1475],"pipPosition":[-29.9286,345.1,-21.9239],"stabilizedTipPosition":[-50.0633,311.81,40.6722],"timeVisible":6.75166,"tipPosition":[-38.3558,347.925,-57.8015],"tipVelocity":[-44.7828,67.5223,-96.4096],"tool":false,"touchDistance":-0.498558,"touchZone":"touching","type":1,"width":19.1617},{"bases":[[[0.696345,-0.670563,-0.255829],[0.717245,0.662971,0.214542],[0.025743,-0.332887,0.942615]],[[0.696393,-0.692765,-0.187383],[0.410639,0.598783,-0.68763],[0.588568,0.401914,0.701465]],[[0.696393,-0.692765,-0.187383],[-0.0521559,0.211557,-0.975973],[0.715762,0.689434,0.111195]],[[0.696393,-0.692765,-0.187383],[-0.306806,-0.0513476,-0.950386],[0.648773,0.719333,-0.248303]]],"btipPosition":[-65.18,272.977,-16.3566],"carpPosition":[-3.05655,301.973,80.7963],"dipPosition":[-53.1025,286.368,-20.979],"direction":[-0.715762,-0.689434,-0.111195],"extended":false,"handId":914,"id":9142,"length":66.379,"mcpPosition":[-4.83577,324.98,15.6477],"pipPosition":[-32.9393,305.789,-17.8466],"stabilizedTipPosition":[-68.6001,238.273,96.9951],"timeVisible":6.75166,"tipPosition":[-62.3628,276.393,-18.4308],"tipVelocity":[-52.0096,48.0756,-118.767],"tool":false,"touchDistance":-0.496566,"touchZone":"touching","type":2,"width":18.8193},{"bases":[[[0.63648,-0.760299,-0.129767],[0.765618,0.602419,0.225655],[-0.0933912,-0.242977,0.965526]],[[0.625918,-0.778583,-0.0451195],[0.54806,0.480281,-0.684806],[0.554848,0.403904,0.727327]],[[0.625918,-0.778583,-0.0451195],[0.0868711,0.127097,-0.988079],[0.775036,0.614537,0.147189]],[[0.625918,-0.778583,-0.0451195],[-0.194266,-0.099621,-0.975877],[0.755306,0.619584,-0.213606]]],"btipPosition":[-48.0168,263.582,-15.0688],"carpPosition":[5.99523,294.714,77.1234],"dipPosition":[-34.0368,275.05,-19.0225],"direction":[-0.775036,-0.614537,-0.147189],"extended":false,"handId":914,"id":9143,"length":63.8252,"mcpPosition":[11.7905,309.792,17.2091],"pipPosition":[-12.7678,291.914,-14.9833],"stabilizedTipPosition":[-47.8954,231.723,93.5067],"timeVisible":6.75166,"tipPosition":[-44.4289,266.507,-17.3655],"tipVelocity":[-61.8257,42.136,-109.116],"tool":false,"touchDistance":-0.482611,"touchZone":"touching","type":3,"width":17.9078},{"bases":[[[0.486083,-0.872326,-0.0526345],[0.844015,0.452982,0.287134],[-0.226632,-0.183995,0.956443]],[[0.467625,-0.88371,0.0195788],[0.641317,0.323951,-0.695535],[0.608309,0.337806,0.718225]],[[0.467625,-0.88371,0.0195788],[0.13629,0.050199,-0.989396],[0.873356,0.465335,0.143915]],[[0.467625,-0.88371,0.0195788],[-0.166467,-0.109798,-0.979915],[0.86811,0.454974,-0.198453]]],"btipPosition":[-29.352,263.726,-5.4384],"carpPosition":[10.6829,281.775,74.0597],"dipPosition":[-14.5286,271.495,-8.82707],"direction":[-0.873356,-0.465335,-0.143915],"extended":false,"handId":914,"id":9144,"length":50.0378,"mcpPosition":[23.7011,292.344,19.1194],"pipPosition":[2.39322,280.511,-6.03863],"stabilizedTipPosition":[-26.5229,229.085,103.935],"timeVisible":6.75166,"tipPosition":[-25.468,265.849,-7.58159],"tipVelocity":[-64.2089,29.9146,-110.988],"tool":false,"touchDistance":-0.472968,"touchZone":"touching","type":4,"width":15.9071}],"r":[[0.895712,-0.13271,0.424368],[0.20304,0.971179,-0.124846],[-0.395569,0.19799,0.896842]],"s":0.848508,"t":[57.9881,67.9723,-210.184],"timestamp":607427585826},false],[5,{"currentFrameRate":110.27,"devices":[],"gestures":[],"hands":[{"armBasis":[[0.677192,-0.311778,-0.666488],[0.606918,0.748792,0.266386],[0.416007,-0.584898,0.696299]],"armWidth":63.1234,"confidence":0.807195,"direction":[0.0885489,0.433039,-0.897015],"elbow":[107.293,128.671,269.66],"grabStrength":0,"id":914,"palmNormal":[-0.600438,-0.695334,-0.394949],"palmPosition":[-7.81174,309.636,35.2423],"palmVelocity":[-51.8029,2.04029,-104.328],"palmWidth":90.138,"pinchStrength":1,"r":[[0.895174,-0.136213,0.424393],[0.204419,0.971581,-0.119345],[-0.396076,0.193589,0.897579]],"s":0.84907,"sphereCenter":[-34.6796,283.047,0.145001],"sphereRadius":47.2669,"stabilizedPalmPosition":[-12.5659,270.432,155.776],"t":[57.4796,67.8816,-210.952],"timeVisible":6.76071,"type":"right","wrist":[-3.97752,285.115,83.4193]}],"id":4476007,"interactionBox":{"center":[0,200,0],"size":[235.247,235.247,147.751]},"pointables":[{"bases":[[[0.874134,0.475621,0.0983636],[-0.405646,0.603572,0.686405],[0.267099,-0.639911,0.720536]],[[0.738103,0.659251,-0.143497],[-0.583731,0.730638,0.354157],[0.338323,-0.17764,0.924111]],[[0.738103,0.659251,-0.143497],[-0.656902,0.750717,0.070034],[0.153896,0.0425712,0.98717]],[[0.738103,0.659251,-0.143497],[-0.654876,0.648875,-0.387427],[-0.1623,0.379934,0.910664]]],"btipPosition":[-51.3118,290.944,-12.3149],"carpPosition":[-33.1464,292.406,87.8388],"dipPosition":[-55.0746,299.753,8.79833],"direction":[-0.153896,-0.0425712,-0.98717],"extended":false,"handId":914,"id":9140,"length":51.6284,"mcpPosition":[-33.1464,292.406,87.8388],"pipPosition":[-49.8766,301.191,42.1413],"stabilizedTipPosition":[-68.1966,261.049,109.674],"timeVisible":6.76071,"tipPosition":[-52.1528,292.588,-7.65634],"tipVelocity":[-70.0121,68.7696,-116.819],"tool":false,"touchDistance":-0.494234,"touchZone":"touching","type":0,"width":20.0604},{"bases":[[[0.798338,-0.492724,-0.346236],[0.586949,0.765252,0.264347],[0.134708,-0.414262,0.900134]],[[0.807995,-0.532966,-0.25118],[0.569107,0.816335,0.0985622],[0.152517,-0.222586,0.962909]],[[0.807995,-0.532966,-0.25118],[0.548913,0.835843,-0.00778984],[0.214099,-0.131582,0.967909]],[[0.807995,-0.532966,-0.25118],[0.529208,0.84389,-0.0882515],[0.259003,-0.0616198,0.963909]]],"btipPosition":[-40.0461,349.741,-61.6795],"carpPosition":[-14.2272,305.883,84.3949],"dipPosition":[-35.6623,348.698,-45.3647],"direction":[-0.214099,0.131582,-0.967909],"extended":true,"handId":914,"id":9141,"length":58.2569,"mcpPosition":[-24.0448,336.074,18.7925],"pipPosition":[-30.5359,345.548,-22.189],"stabilizedTipPosition":[-49.8508,312.537,38.7716],"timeVisible":6.76071,"tipPosition":[-38.9706,348.702,-58.0329],"tipVelocity":[-53.0563,69.7421,-76.5874],"tool":false,"touchDistance":-0.480366,"touchZone":"touching","type":1,"width":19.1617},{"bases":[[[0.697362,-0.667351,-0.261399],[0.716283,0.661654,0.221705],[0.0250008,-0.341844,0.939424]],[[0.697353,-0.69022,-0.193118],[0.412011,0.606522,-0.679984],[0.586469,0.394622,0.707338]],[[0.697353,-0.69022,-0.193118],[-0.0517725,0.22023,-0.974073],[0.714856,0.689271,0.117844]],[[0.697353,-0.69022,-0.193118],[-0.307352,-0.0445716,-0.950551],[0.647482,0.722225,-0.243223]]],"btipPosition":[-65.6051,273.391,-17.3571],"carpPosition":[-3.68265,301.469,80.1375],"dipPosition":[-53.5515,286.836,-21.885],"direction":[-0.714856,-0.689271,-0.117844],"extended":false,"handId":914,"id":9142,"length":66.379,"mcpPosition":[-5.41058,325.096,15.2094],"pipPosition":[-33.4139,306.253,-18.5653],"stabilizedTipPosition":[-68.5882,238.352,96.7559],"timeVisible":6.76071,"tipPosition":[-62.8136,276.796,-19.363],"tipVelocity":[-50.7897,47.8251,-115.846],"tool":false,"touchDistance":-0.489925,"touchZone":"touching","type":2,"width":18.8193},{"bases":[[[0.637446,-0.758349,-0.13627],[0.764708,0.601049,0.232296],[-0.0942564,-0.252283,0.963052]],[[0.626807,-0.777449,-0.0518272],[0.549304,0.488084,-0.678262],[0.55261,0.396671,0.73299]],[[0.626807,-0.777449,-0.0518272],[0.0872707,0.136146,-0.986837],[0.774272,0.614034,0.153186]],[[0.626807,-0.777449,-0.0518272],[-0.19491,-0.0920474,-0.976492],[0.754402,0.622174,-0.209229]]],"btipPosition":[-48.4404,263.987,-16.1288],"carpPosition":[5.38118,294.255,76.4061],"dipPosition":[-34.4771,275.503,-20.0015],"direction":[-0.774272,-0.614034,-0.153186],"extended":false,"handId":914,"id":9143,"length":63.8252,"mcpPosition":[11.2301,309.91,16.6454],"pipPosition":[-13.2291,292.353,-15.7976],"stabilizedTipPosition":[-47.8851,231.859,93.0781],"timeVisible":6.76071,"tipPosition":[-44.8859,266.912,-18.3553],"tipVelocity":[-57.8034,43.1934,-110.765],"tool":false,"touchDistance":-0.478304,"touchZone":"touching","type":3,"width":17.9078},{"bases":[[[0.487079,-0.871267,-0.0603877],[0.843193,0.451116,0.292438],[-0.22755,-0.193359,0.954376]],[[0.468442,-0.883412,0.012083],[0.642228,0.331095,-0.691317],[0.606717,0.331602,0.722451]],[[0.468442,-0.883412,0.012083],[0.136399,0.0588019,-0.988907],[0.872902,0.464894,0.148042]],[[0.468442,-0.883412,0.012083],[-0.167116,-0.102028,-0.980644],[0.867545,0.457356,-0.195426]]],"btipPosition":[-29.8216,264.025,-6.43443],"carpPosition":[10.0863,281.351,73.2246],"dipPosition":[-15.0079,271.835,-9.77141],"direction":[-0.872902,-0.464894,-0.148042],"extended":false,"handId":914,"id":9144,"length":50.0378,"mcpPosition":[23.1572,292.458,18.4031],"pipPosition":[1.9051,280.843,-6.903],"stabilizedTipPosition":[-26.5224,229.23,103.494],"timeVisible":6.76071,"tipPosition":[-25.9582,266.159,-8.5375],"tipVelocity":[-60.8835,31.0717,-110.376],"tool":false,"touchDistance":-0.468766,"touchZone":"touching","type":4,"width":15.9071}],"r":[[0.895174,-0.136213,0.424393],[0.204419,0.971581,-0.119345],[-0.396076,0.193589,0.897579]],"s":0.84907,"t":[57.4796,67.8816,-210.952],"timestamp":607427594874},false],[6,{"currentFrameRate":110.257,"devices":[],"gestures":[],"hands":[{"armBasis":[[0.676759,-0.314151,-0.665812],[0.605703,0.751666,0.261002],[0.418474,-0.57992,0.698979]],"armWidth":63.1234,"confidence":0.779325,"direction":[0.0895852,0.441967,-0.892547],"elbow":[107.276,129.466,269.734],"grabStrength":0,"id":914,"palmNormal":[-0.599052,-0.69202,-0.402798],"palmPosition":[-8.43426,309.569,34.8382],"palmVelocity":[-56.4155,-0.550438,-87.7369],"palmWidth":90.138,"pinchStrength":1,"r":[[0.894627,-0.139667,0.424424],[0.205356,0.972147,-0.112953],[-0.396827,0.188209,0.898391]],"s":0.849169,"sphereCenter":[-35.165,283.181,-0.594153],"sphereRadius":47.289,"stabilizedPalmPosition":[-12.5613,270.476,155.64],"t":[56.9141,67.8031,-211.538],"timeVisible":6.76981,"type":"right","wrist":[-4.6544,284.578,82.7771]}],"id":4476008,"interactionBox":{"center":[0,200,0],"size":[235.247,235.247,147.751]},"pointables":[{"bases":[[[0.87347,0.475528,0.104516],[-0.407419,0.596346,0.691651],[0.266572,-0.646718,0.714629]],[[0.738028,0.661077,-0.135247],[-0.584314,0.726368,0.361893],[0.337478,-0.18806,0.922357]],[[0.738028,0.661077,-0.135247],[-0.657162,0.749673,0.078279],[0.15314,0.0311072,0.987715]],[[0.738028,0.661077,-0.135247],[-0.655194,0.654146,-0.377908],[-0.161355,0.36752,0.915911]]],"btipPosition":[-51.9582,291.523,-12.9874],"carpPosition":[-33.8383,291.795,87.2196],"dipPosition":[-55.6991,300.044,8.24749],"direction":[-0.15314,-0.0311072,-0.987715],"extended":false,"handId":914,"id":9140,"length":51.6284,"mcpPosition":[-33.8383,291.795,87.2196],"pipPosition":[-50.5266,301.095,41.6089],"stabilizedTipPosition":[-68.0636,261.329,108.656],"timeVisible":6.76981,"tipPosition":[-52.7545,293.056,-8.28739],"tipVelocity":[-70.1548,65.3444,-104.091],"tool":false,"touchDistance":-0.482811,"touchZone":"touching","type":0,"width":20.0604},{"bases":[[[0.799429,-0.488456,-0.349748],[0.585707,0.76321,0.27287],[0.133646,-0.42299,0.896224]],[[0.808915,-0.529222,-0.256089],[0.56776,0.816272,0.106529],[0.152661,-0.23157,0.960765]],[[0.808915,-0.529222,-0.256089],[0.546905,0.837191,-0.00257872],[0.21576,-0.13797,0.96665]],[[0.808915,-0.529222,-0.256089],[0.526479,0.845915,-0.0851279],[0.261681,-0.0659643,0.962898]]],"btipPosition":[-40.7602,350.428,-61.7104],"carpPosition":[-14.9275,305.324,83.9406],"dipPosition":[-36.3311,349.311,-45.4127],"direction":[-0.21576,0.13797,-0.96665],"extended":true,"handId":914,"id":9141,"length":58.2569,"mcpPosition":[-24.6677,336.152,18.6231],"pipPosition":[-31.1649,346.008,-22.2672],"stabilizedTipPosition":[-49.5619,313.612,36.0073],"timeVisible":6.76981,"tipPosition":[-39.6053,349.485,-58.0735],"tipVelocity":[-59.7942,70.8252,-56.4329],"tool":false,"touchDistance":-0.461185,"touchZone":"touching","type":1,"width":19.1617},{"bases":[[[0.698495,-0.664017,-0.266808],[0.715219,0.660171,0.229423],[0.0237982,-0.351077,0.936044]],[[0.698399,-0.687523,-0.198871],[0.413536,0.614432,-0.671909],[0.584146,0.387021,0.713434]],[[0.698399,-0.687523,-0.198871],[-0.0520473,0.228342,-0.972189],[0.713813,0.689327,0.12369]],[[0.698399,-0.687523,-0.198871],[-0.308898,-0.0389042,-0.950299],[0.645616,0.725119,-0.239546]]],"btipPosition":[-66.0355,273.832,-18.1278],"carpPosition":[-4.37123,300.964,79.6574],"dipPosition":[-54.0167,287.33,-22.5872],"direction":[-0.713813,-0.689327,-0.12369],"extended":false,"handId":914,"id":9142,"length":66.379,"mcpPosition":[-6.01603,325.229,14.963],"pipPosition":[-33.9085,306.749,-19.1028],"stabilizedTipPosition":[-68.5747,238.449,96.463],"timeVisible":6.76981,"tipPosition":[-63.273,277.228,-20.0956],"tipVelocity":[-50.0742,48.3731,-106.751],"tool":false,"touchDistance":-0.48059,"touchZone":"touching","type":2,"width":18.8193},{"bases":[[[0.638467,-0.756308,-0.142684],[0.76369,0.599515,0.239497],[-0.0955921,-0.261877,0.960355]],[[0.627758,-0.776186,-0.0587796],[0.550124,0.495812,-0.671963],[0.550712,0.389494,0.738249]],[[0.627758,-0.776186,-0.0587796],[0.0858102,0.144058,-0.985842],[0.773664,0.613826,0.157038]],[[0.627758,-0.776186,-0.0587796],[-0.197901,-0.0861128,-0.976432],[0.752831,0.624596,-0.207666]]],"btipPosition":[-48.9026,264.402,-16.8648],"carpPosition":[4.70635,293.797,75.8702],"dipPosition":[-34.9684,275.963,-20.7085],"direction":[-0.773664,-0.613826,-0.157038],"extended":false,"handId":914,"id":9143,"length":63.8252,"mcpPosition":[10.6382,310.047,16.2768],"pipPosition":[-13.737,292.808,-16.399],"stabilizedTipPosition":[-47.8752,232.017,92.5795],"timeVisible":6.76981,"tipPosition":[-45.3782,267.331,-19.066],"tipVelocity":[-56.0725,44.1919,-102.298],"tool":false,"touchDistance":-0.469747,"touchZone":"touching","type":3,"width":17.9078},{"bases":[[[0.488093,-0.870125,-0.0681717],[0.842232,0.449076,0.298287],[-0.228933,-0.203008,0.952039]],[[0.469359,-0.882998,0.00410195],[0.643595,0.338917,-0.686237],[0.604555,0.324732,0.727367]],[[0.469359,-0.882998,0.00410195],[0.137334,0.0684098,-0.98816],[0.872262,0.464365,0.153375]],[[0.469359,-0.882998,0.00410195],[-0.166944,-0.0932991,-0.981542],[0.867082,0.460011,-0.191202]]],"btipPosition":[-30.3022,264.364,-7.30314],"carpPosition":[9.43025,280.929,72.5693],"dipPosition":[-15.4964,272.218,-10.568],"direction":[-0.872262,-0.464365,-0.153375],"extended":false,"handId":914,"id":9144,"length":50.0378,"mcpPosition":[22.5807,292.591,17.882],"pipPosition":[1.40423,281.216,-7.59625],"stabilizedTipPosition":[-26.5241,229.39,103.014],"timeVisible":6.76981,"tipPosition":[-26.4591,266.508,-9.35683],"tipVelocity":[-58.7123,33.0824,-105.757],"tool":false,"touchDistance":-0.463005,"touchZone":"touchin