{"sensorType":"Leap","data":[[0,{"currentFrameRate":105.366,"devices":[],"gestures":[],"hands":[{"armBasis":[[0.651346,-0.353189,-0.67157],[0.598442,0.783247,0.168499],[0.466493,-0.511646,0.721528]],"armWidth":63.1234,"confidence":0.840861,"direction":[0.084204,0.527419,-0.845422],"elbow":[98.3207,134.933,273.15],"grabStrength":0,"id":912,"palmNormal":[-0.603346,-0.648239,-0.464499],"palmPosition":[-30.5191,301.371,34.9395],"palmVelocity":[34.9843,25.0586,-205.419],"palmWidth":90.138,"pinchStrength":1,"r":[[0.851813,-0.364084,0.376639],[0.427396,0.898758,-0.0978079],[-0.302897,0.244288,0.921182]],"s":0.9164,"sphereCenter":[-49.7457,275.035,-4.53409],"sphereRadius":46.7739,"stabilizedPalmPosition":[-66.6869,245.171,224.919],"t":[55.0027,69.2905,-224.421],"timeVisible":0.659756,"type":"right","wrist":[-26.4531,271.784,80.1619]}],"id":4474272,"interactionBox":{"center":[0,200,0],"size":[235.247,235.247,147.751]},"pointables":[{"bases":[[[0.87519,0.461724,0.144406],[-0.401256,0.526057,0.749838],[0.270253,-0.714195,0.64567]],[[0.725198,0.682531,-0.0907674],[-0.559606,0.66106,0.499841],[0.40116,-0.31169,0.861348]],[[0.725198,0.682531,-0.0907674],[-0.66887,0.729617,0.142379],[0.163403,-0.0425411,0.985642]],[[0.725198,0.682531,-0.0907674],[-0.611031,0.577181,-0.54176],[-0.317379,0.448345,0.835618]]],"btipPosition":[-73.5878,285.026,-9.75504],"carpPosition":[-55.5895,278.57,85.5035],"dipPosition":[-80.9461,295.42,9.61831],"direction":[-0.163403,0.0425411,-0.985642],"extended":false,"handId":912,"id":9120,"length":51.6284,"mcpPosition":[-55.5895,278.57,85.5035],"pipPosition":[-75.4269,293.984,42.9097],"stabilizedTipPosition":[-105.115,236.351,168.514],"timeVisible":0.659756,"tipPosition":[-75.1435,287.484,-5.65154],"tipVelocity":[46.7648,30.7709,-218.197],"tool":false,"touchDistance":-0.597372,"touchZone":"hovering","type":0,"width":20.0604},{"bases":[[[0.795901,-0.452844,-0.401837],[0.589233,0.731873,0.342296],[0.139087,-0.50921,0.849329]],[[0.8077,-0.522751,-0.272676],[0.572771,0.805387,0.152596],[0.13984,-0.279433,0.949928]],[[0.8077,-0.522751,-0.272676],[0.55339,0.831722,0.0446999],[0.203424,-0.187,0.961067]],[[0.8077,-0.522751,-0.272676],[0.534256,0.844533,-0.0365342],[0.249382,-0.11617,0.961412]]],"btipPosition":[-61.8539,347.778,-58.1802],"carpPosition":[-36.6738,292.33,83.4329],"dipPosition":[-57.6329,345.812,-41.9077],"direction":[-0.203424,0.187,-0.961067],"extended":true,"handId":912,"id":9121,"length":58.2569,"mcpPosition":[-46.8106,329.441,21.5332],"pipPosition":[-52.7622,341.334,-18.8959],"stabilizedTipPosition":[-108.238,293.548,111.235],"timeVisible":0.659756,"tipPosition":[-61.4035,346.072,-54.4924],"tipVelocity":[72.3259,28.2458,-220.852],"tool":false,"touchDistance":-0.656413,"touchZone":"hovering","type":1,"width":19.1617},{"bases":[[[0.695186,-0.635564,-0.335821],[0.718218,0.63342,0.287997],[0.029676,-0.441404,0.896818]],[[0.695622,-0.643788,-0.318822],[0.388363,0.71034,-0.587019],[0.604387,0.284525,0.744152]],[[0.695622,-0.643788,-0.318822],[-0.460569,-0.0590485,-0.885658],[0.55135,0.762922,-0.337584]],[[0.695622,-0.643788,-0.318822],[-0.70642,-0.532231,-0.466584],[0.130694,0.549788,-0.825016]]],"btipPosition":[-75.0319,273.592,6.01806],"carpPosition":[-26.1573,288.397,78.6656],"dipPosition":[-72.5989,283.827,-9.34048],"direction":[-0.55135,-0.762922,0.337584],"extended":false,"handId":912,"id":9122,"length":66.379,"mcpPosition":[-28.2084,318.904,16.6823],"pipPosition":[-57.0673,305.318,-18.8503],"stabilizedTipPosition":[-99.414,204.62,214.466],"timeVisible":0.659756,"tipPosition":[-74.2996,275.539,3.63842],"tipVelocity":[51.3326,17.7465,-227.351],"tool":false,"touchDistance":0.333333,"touchZone":"none","type":2,"width":18.8193},{"bases":[[[0.635842,-0.739522,-0.220936],[0.76663,0.572,0.29171],[-0.0893506,-0.354857,0.930641]],[[0.63115,-0.754814,-0.17862],[0.50433,0.574302,-0.644848],[0.589322,0.316912,0.743146]],[[0.63115,-0.754814,-0.17862],[-0.41151,-0.130642,-0.901993],[0.657502,0.642797,-0.393068]],[[0.63115,-0.754814,-0.17862],[-0.733159,-0.505353,-0.455077],[0.253232,0.418179,-0.872353]]],"btipPosition":[-60.3922,264.237,10.4179],"carpPosition":[-17.1219,281.624,74.1267],"dipPosition":[-55.7051,271.977,-5.72856],"direction":[-0.657502,-0.642797,0.393068],"extended":false,"handId":912,"id":9123,"length":63.8252,"mcpPosition":[-11.5774,303.644,16.3772],"pipPosition":[-37.6616,289.617,-16.5154],"stabilizedTipPosition":[-84.4761,200.31,215.848],"timeVisible":0.659756,"tipPosition":[-59.1715,265.735,8.04541],"tipVelocity":[51.7952,20.1112,-222.1],"tool":false,"touchDistance":0.333333,"touchZone":"none","type":3,"width":17.9078},{"bases":[[[0.485758,-0.8599,-0.156881],[0.845268,0.416401,0.334861],[-0.222622,-0.295268,0.929116]],[[0.501101,-0.835305,-0.226194],[0.555561,0.510918,-0.655984],[0.663513,0.20305,0.720085]],[[0.501101,-0.835305,-0.226194],[-0.46666,-0.040706,-0.8835],[0.728784,0.548279,-0.410201]],[[0.501101,-0.835305,-0.226194],[-0.813839,-0.366005,-0.451339],[0.294217,0.410252,-0.863209]]],"btipPosition":[-42.0469,261.356,13.637],"carpPosition":[-12.4487,269.136,69.5432],"dipPosition":[-37.0231,268.361,-1.1026],"direction":[-0.728784,-0.548279,0.410201],"extended":false,"handId":912,"id":9124,"length":50.0378,"mcpPosition":[0.339198,286.097,16.1727],"pipPosition":[-22.9024,278.985,-9.05051],"stabilizedTipPosition":[-72.516,199.147,223.505],"timeVisible":0.659756,"tipPosition":[-40.7323,262.688,11.4216],"tipVelocity":[50.637,25.0028,-221.557],"tool":false,"touchDistance":0.333333,"touchZone":"none","type":4,"width":15.9071}],"r":[[0.851813,-0.364084,0.376639],[0.427396,0.898758,-0.0978079],[-0.302897,0.244288,0.921182]],"s":0.9164,"t":[55.0027,69.2905,-224.421],"timestamp":607411235245},false],[1,{"currentFrameRate":105.531,"devices":[],"gestures":[],"hands":[{"armBasis":[[0.650497,-0.357356,-0.670187],[0.600297,0.782481,0.165427],[0.465292,-0.509921,0.723521]],"armWidth":63.1234,"confidence":0.845632,"direction":[0.086212,0.524936,-0.846764],"elbow":[98.0886,135.485,272.729],"grabStrength":0,"id":912,"palmNormal":[-0.6048,-0.647825,-0.463184],"palmPosition":[-30.3189,301.352,33.904],"palmVelocity":[31.316,17.4911,-179.621],"palmWidth":90.138,"pinchStrength":1,"r":[[0.850655,-0.363322,0.379977],[0.427704,0.898555,-0.0983309],[-0.305705,0.246164,0.919754]],"s":0.917349,"sphereCenter":[-49.5539,274.907,-5.57308],"sphereRadius":46.8586,"stabilizedPalmPosition":[-66.6858,245.173,224.913],"t":[55.238,69.3746,-225.718],"timeVisible":0.668925,"type":"right","wrist":[-26.3641,271.874,79.2077]}],"id":4474273,"interactionBox":{"center":[0,200,0],"size":[235.247,235.247,147.751]},"pointables":[{"bases":[[[0.876349,0.459719,0.143774],[-0.400324,0.529143,0.748163],[0.267868,-0.713208,0.647751]],[[0.727954,0.679546,-0.0911031],[-0.556655,0.663354,0.500098],[0.400273,-0.313335,0.861164]],[[0.727954,0.679546,-0.0911031],[-0.665522,0.732284,0.144361],[0.164813,-0.0444568,0.985322]],[[0.727954,0.679546,-0.0911031],[-0.609813,0.580984,-0.53906],[-0.313387,0.447967,0.837326]]],"btipPosition":[-73.5801,285.365,-10.7669],"carpPosition":[-55.4854,278.754,84.5114],"dipPosition":[-80.8458,295.751,8.64608],"direction":[-0.164813,0.0444568,-0.985322],"extended":false,"handId":912,"id":9120,"length":51.6284,"mcpPosition":[-55.4854,278.754,84.5114],"pipPosition":[-75.279,294.249,41.9267],"stabilizedTipPosition":[-105.114,236.353,168.509],"timeVisible":0.668925,"tipPosition":[-75.0652,287.692,-6.62951],"tipVelocity":[34.6034,32.4367,-187.838],"tool":false,"touchDistance":-0.581009,"touchZone":"hovering","type":0,"width":20.0604},{"bases":[[[0.794933,-0.45608,-0.40009],[0.590997,0.731172,0.34075],[0.137125,-0.507325,0.850775]],[[0.806444,-0.525447,-0.271207],[0.575124,0.803582,0.153258],[0.137408,-0.279572,0.950241]],[[0.806444,-0.525447,-0.271207],[0.555829,0.830104,0.0445014],[0.201747,-0.186633,0.961492]],[[0.806444,-0.525447,-0.271207],[0.536652,0.842972,-0.0374529],[0.2483,-0.11534,0.961792]]],"btipPosition":[-61.4061,347.75,-59.3314],"carpPosition":[-36.5309,292.457,82.4171],"dipPosition":[-57.2035,345.798,-43.0525],"direction":[-0.201747,0.186633,-0.961492],"extended":true,"handId":912,"id":9121,"length":58.2569,"mcpPosition":[-46.5247,329.431,20.412],"pipPosition":[-52.3728,341.329,-20.0304],"stabilizedTipPosition":[-108.209,293.58,111.134],"timeVisible":0.668925,"tipPosition":[-60.9538,346.067,-55.6455],"tipVelocity":[65.6464,19.6324,-194.222],"tool":false,"touchDistance":-0.63635,"touchZone":"hovering","type":1,"width":19.1617},{"bases":[[[0.693675,-0.638348,-0.333657],[0.719749,0.632224,0.2868],[0.0278676,-0.439095,0.898008]],[[0.694078,-0.646557,-0.316575],[0.390904,0.707759,-0.588449],[0.604524,0.284679,0.743982]],[[0.694078,-0.646557,-0.316575],[-0.460029,-0.0600921,-0.885868],[0.55374,0.760496,-0.339144]],[[0.694078,-0.646557,-0.316575],[-0.707554,-0.531587,-0.465599],[0.132749,0.547156,-0.826437]]],"btipPosition":[-74.8837,273.628,5.01607],"carpPosition":[-26.022,288.482,77.6674],"dipPosition":[-72.4125,283.814,-10.3689],"direction":[-0.55374,-0.760496,0.339144],"extended":false,"handId":912,"id":9122,"length":66.379,"mcpPosition":[-27.9481,318.83,15.6018],"pipPosition":[-56.8135,305.237,-19.9226],"stabilizedTipPosition":[-99.4126,204.624,214.454],"timeVisible":0.668925,"tipPosition":[-74.1489,275.569,2.61679],"tipVelocity":[41.7901,13.548,-194.601],"tool":false,"touchDistance":0.333333,"touchZone":"none","type":2,"width":18.8193},{"bases":[[[0.63397,-0.741838,-0.218535],[0.767991,0.570682,0.290709],[-0.0909451,-0.352134,0.931521]],[[0.62915,-0.75716,-0.175724],[0.508054,0.57168,-0.644254],[0.588261,0.316055,0.744351]],[[0.62915,-0.75716,-0.175724],[-0.409199,-0.13043,-0.903075],[0.660852,0.640076,-0.391889]],[[0.62915,-0.75716,-0.175724],[-0.733638,-0.503759,-0.456073],[0.256798,0.415856,-0.872421]]],"btipPosition":[-60.2844,264.272,9.30487],"carpPosition":[-17.0021,281.672,73.1527],"dipPosition":[-55.5313,271.969,-6.84282],"direction":[-0.660852,-0.640076,0.391889],"extended":false,"handId":912,"id":9123,"length":63.8252,"mcpPosition":[-11.3586,303.524,15.3486],"pipPosition":[-37.3958,289.535,-17.5973],"stabilizedTipPosition":[-84.4751,200.313,215.84],"timeVisible":0.668925,"tipPosition":[-59.0568,265.765,6.91519],"tipVelocity":[41.0904,15.2831,-194.016],"tool":false,"touchDistance":0.333333,"touchZone":"none","type":3,"width":17.9078},{"bases":[[[0.483516,-0.861635,-0.154262],[0.846175,0.414984,0.334328],[-0.224052,-0.292186,0.929746]],[[0.49879,-0.837614,-0.222737],[0.558588,0.507162,-0.656327],[0.662712,0.202951,0.720849]],[[0.49879,-0.837614,-0.222737],[-0.464977,-0.0417275,-0.884339],[0.73144,0.544667,-0.410285]],[[0.49879,-0.837614,-0.222737],[-0.814232,-0.364769,-0.451631],[0.297045,0.406628,-0.863955]]],"btipPosition":[-41.9476,261.338,12.6508],"carpPosition":[-12.3598,269.16,68.6056],"dipPosition":[-36.8755,268.282,-2.10155],"direction":[-0.73144,-0.544667,0.410285],"extended":false,"handId":912,"id":9124,"length":50.0378,"mcpPosition":[0.510235,285.944,15.1989],"pipPosition":[-22.7033,278.835,-10.0511],"stabilizedTipPosition":[-72.5152,199.148,223.499],"timeVisible":0.668925,"tipPosition":[-40.6287,262.66,10.405],"tipVelocity":[39.8715,17.0587,-189.848],"tool":false,"touchDistance":0.333333,"touchZone":"none","type":4,"width":15.9071}],"r":[[0.850655,-0.363322,0.379977],[0.427704,0.898555,-0.0983309],[-0.305705,0.246164,0.919754]],"s":0.917349,"t":[55.238,69.3746,-225.718],"timestamp":607411244414},false],[2,{"currentFrameRate":105.816,"devices":[],"gestures":[],"hands":[{"armBasis":[[0.652632,-0.359037,-0.667206],[0.599546,0.783142,0.165025],[0.463267,-0.507721,0.726362]],"armWidth":63.1234,"confidence":0.817175,"direction":[0.0868423,0.525974,-0.846056],"elbow":[97.7584,136.045,272.583],"grabStrength":0,"id":912,"palmNormal":[-0.604035,-0.647549,-0.464567],"palmPosition":[-30.0743,301.375,33.0291],"palmVelocity":[30.2486,13.4325,-157.377],"palmWidth":90.138,"pinchStrength":1,"r":[[0.849676,-0.362722,0.382733],[0.42789,0.898453,-0.0984487],[-0.308158,0.247417,0.918599]],"s":0.918257,"sphereCenter":[-49.1799,274.828,-6.60142],"sphereRadius":46.985,"stabilizedPalmPosition":[-66.6848,245.174,224.908],"t":[55.4779,69.4283,-226.803],"timeVisible":0.67785,"type":"right","wrist":[-26.1526,271.846,78.3019]}],"id":4474274,"interactionBox":{"center":[0,200,0],"size":[235.247,235.247,147.751]},"pointables":[{"bases":[[[0.875995,0.459941,0.145213],[-0.401326,0.52808,0.748377],[0.267526,-0.713852,0.647182]],[[0.72858,0.679211,-0.0885646],[-0.555907,0.661884,0.502869],[0.400173,-0.317146,0.859814]],[[0.72858,0.679211,-0.0885646],[-0.664399,0.73222,0.149761],[0.166568,-0.0502708,0.984748]],[[0.72858,0.679211,-0.0885646],[-0.611077,0.586121,-0.532022],[-0.309445,0.44174,0.842086]]],"btipPosition":[-73.5229,285.846,-11.7185],"carpPosition":[-55.2825,278.707,83.5839],"dipPosition":[-80.6972,296.088,7.80481],"direction":[-0.166568,0.0502708,-0.984748],"extended":false,"handId":912,"id":9120,"length":51.6284,"mcpPosition":[-55.2825,278.707,83.5839],"pipPosition":[-75.0711,294.39,41.066],"stabilizedTipPosition":[-105.113,236.354,168.503],"timeVisible":0.67785,"tipPosition":[-74.9256,288.007,-7.52307],"tipVelocity":[27.5591,37.2864,-164.921],"tool":false,"touchDistance":-0.565135,"touchZone":"hovering","type":0,"width":20.0604},{"bases":[[[0.795547,-0.455252,-0.399814],[0.59032,0.731033,0.342217],[0.136483,-0.508268,0.850315]],[[0.806951,-0.524636,-0.271271],[0.574863,0.803058,0.15694],[0.13551,-0.282587,0.949622]],[[0.806951,-0.524636,-0.271271],[0.555575,0.830124,0.0472182],[0.200416,-0.188814,0.961344]],[[0.806951,-0.524636,-0.271271],[0.5363,0.843278,-0.0355597],[0.247413,-0.116788,0.961846]]],"btipPosition":[-61.0326,347.987,-60.1608],"carpPosition":[-36.332,292.42,81.5252],"dipPosition":[-56.845,346.011,-43.8809],"direction":[-0.200416,0.188814,-0.961344],"extended":true,"handId":912,"id":9121,"length":58.2569,"mcpPosition":[-46.2789,329.463,19.5536],"pipPosition":[-52.0462,341.49,-20.8624],"stabilizedTipPosition":[-108.181,293.612,111.038],"timeVisible":0.67785,"tipPosition":[-60.5768,346.32,-56.481],"tipVelocity":[59.0513,21.3458,-166.6],"tool":false,"touchDistance":-0.613486,"touchZone":"hovering","type":1,"width":19.1617},{"bases":[[[0.694302,-0.637643,-0.3337],[0.719172,0.632207,0.288282],[0.0271464,-0.440143,0.897517]],[[0.694694,-0.64594,-0.316482],[0.39156,0.708673,-0.58691],[0.603391,0.283801,0.745235]],[[0.694694,-0.64594,-0.316482],[-0.458821,-0.0590748,-0.886563],[0.553971,0.761099,-0.33741]],[[0.694694,-0.64594,-0.316482],[-0.7068,-0.53131,-0.467058],[0.133542,0.548152,-0.825649]]],"btipPosition":[-74.5955,273.68,4.04081],"carpPosition":[-25.8164,288.456,76.7816],"dipPosition":[-72.1095,283.885,-11.3295],"direction":[-0.553971,-0.761099,0.33741],"extended":false,"handId":912,"id":9122,"length":66.379,"mcpPosition":[-27.6926,318.876,14.7499],"pipPosition":[-56.504,305.325,-20.8344],"stabilizedTipPosition":[-99.4113,204.628,214.443],"timeVisible":0.67785,"tipPosition":[-73.8629,275.628,1.62699],"tipVelocity":[39.3055,11.5823,-171.234],"tool":false,"touchDistance":0.333333,"touchZone":"none","type":2,"width":18.8193},{"bases":[[[0.634526,-0.741296,-0.218762],[0.767437,0.570682,0.292168],[-0.0917396,-0.353274,0.931011]],[[0.629599,-0.756855,-0.17543],[0.511604,0.573818,-0.639526],[0.584693,0.312895,0.748485]],[[0.629599,-0.756855,-0.17543],[-0.405134,-0.127162,-0.905371],[0.662926,0.641093,-0.386689]],[[0.629599,-0.756855,-0.17543],[-0.732283,-0.502665,-0.459446],[0.259552,0.417731,-0.870709]]],"btipPosition":[-59.9718,264.403,8.0945],"carpPosition":[-16.7888,281.655,72.2681],"dipPosition":[-55.1677,272.135,-8.0215],"direction":[-0.662926,-0.641093,0.386689],"extended":false,"handId":912,"id":9123,"length":63.8252,"mcpPosition":[-11.0961,303.577,14.4956],"pipPosition":[-36.9753,289.728,-18.6333],"stabilizedTipPosition":[-84.4742,200.315,215.833],"timeVisible":0.67785,"tipPosition":[-58.7539,265.889,5.70836],"tipVelocity":[39.7936,15.3584,-177.871],"tool":false,"touchDistance":0.333333,"touchZone":"none","type":3,"width":17.9078},{"bases":[[[0.48406,-0.861236,-0.154785],[0.845647,0.414968,0.335683],[-0.224872,-0.293384,0.929171]],[[0.499147,-0.83759,-0.222023],[0.563784,0.508496,-0.65083],[0.658027,0.199687,0.726034]],[[0.499147,-0.83759,-0.222023],[-0.458767,-0.0380775,-0.88774],[0.735109,0.54497,-0.403265]],[[0.499147,-0.83759,-0.222023],[-0.812133,-0.36286,-0.456917],[0.302146,0.408382,-0.861355]]],"btipPosition":[-41.6711,261.476,11.4272],"carpPosition":[-12.1363,269.151,67.711],"dipPosition":[-36.5118,268.449,-3.28078],"direction":[-0.735108,-0.54497,0.403265],"extended":false,"handId":912,"id":9124,"length":50.0378,"mcpPosition":[0.780805,286.003,14.3373],"pipPosition":[-22.2686,279.009,-11.0943],"stabilizedTipPosition":[-72.5143,199.15,223.493],"timeVisible":0.67785,"tipPosition":[-40.3438,262.79,9.20847],"tipVelocity":[38.0595,16.8231,-175.155],"tool":false,"touchDistance":0.333333,"touchZone":"none","type":4,"width":15.9071}],"r":[[0.849676,-0.362722,0.382733],[0.42789,0.898453,-0.0984487],[-0.308158,0.247417,0.918599]],"s":0.918257,"t":[55.4779,69.4283,-226.803],"timestamp":607411253339},false],[3,{"currentFrameRate":106.045,"devices":[],"gestures":[],"hands":[{"armBasis":[[0.654525,-0.359048,-0.665343],[0.599512,0.782663,0.167405],[0.460633,-0.508452,0.727526]],"armWidth":63.1234,"confidence":0.820302,"direction":[0.0882915,0.525181,-0.846398],"elbow":[97.2068,135.933,272.054],"grabStrength":0,"id":912,"palmNormal":[-0.603244,-0.647981,-0.464992],"palmPosition":[-29.8437,301.416,32.1544],"palmVelocity":[28.9728,10.9908,-140.818],"palmWidth":90.138,"pinchStrength":1,"r":[[0.848755,-0.362167,0.385292],[0.428074,0.898353,-0.0985643],[-0.310432,0.248591,0.917516]],"s":0.919525,"sphereCenter":[-48.6858,274.517,-7.66219],"sphereRadius":47.2165,"stabilizedPalmPosition":[-66.684,245.176,224.904],"t":[55.7132,69.4756,-227.784],"timeVisible":0.686857,"type":"right","wrist":[-25.9996,271.929,77.4615]}],"id":4474275,"interactionBox":{"center":[0,200,0],"size":[235.247,235.247,147.751]},"pointables":[{"bases":[[[0.875748,0.460074,0.146279],[-0.402602,0.528782,0.747195],[0.266415,-0.713247,0.648307]],[[0.729818,0.678126,-0.0866644],[-0.554749,0.661525,0.504616],[0.399524,-0.320201,0.858983]],[[0.729818,0.678126,-0.0866644],[-0.662299,0.732758,0.156289],[0.169488,-0.0566649,0.983902]],[[0.729818,0.678126,-0.0866644],[-0.614966,0.595831,-0.516528],[-0.298634,0.430267,0.851873]]],"btipPosition":[-73.6959,286.568,-12.7724],"carpPosition":[-55.1384,278.795,82.6873],"dipPosition":[-80.6196,296.543,6.97781],"direction":[-0.169488,0.0566649,-0.983902],"extended":false,"handId":912,"id":9120,"length":51.6284,"mcpPosition":[-55.1384,278.795,82.6873],"pipPosition":[-74.8949,294.629,40.2104],"stabilizedTipPosition":[-105.112,236.356,168.495],"timeVisible":0.686857,"tipPosition":[-74.9262,288.472,-8.45228],"tipVelocity":[16.4663,47.1818,-150.164],"tool":false,"touchDistance":-0.551981,"touchZone":"hovering","type":0,"width":20.0604},{"bases":[[[0.796226,-0.455629,-0.398027],[0.589738,0.731351,0.342541],[0.135026,-0.507472,0.851023]],[[0.807407,-0.524795,-0.269601],[0.574782,0.802761,0.158746],[0.133116,-0.283134,0.949797]],[[0.807407,-0.524795,-0.269601],[0.555535,0.830114,0.0478604],[0.198683,-0.188416,0.961782]],[[0.807407,-0.524795,-0.269601],[0.536179,0.843342,-0.0358573],[0.246184,-0.115603,0.962304]]],"btipPosition":[-60.6146,348.01,-61.1151],"carpPosition":[-36.1843,292.506,80.6481],"dipPosition":[-56.4478,346.053,-44.8275],"direction":[-0.198683,0.188416,-0.961782],"extended":true,"handId":912,"id":9121,"length":58.2569,"mcpPosition":[-46.0251,329.491,18.6249],"pipPosition":[-51.6905,341.541,-21.7986],"stabilizedTipPosition":[-108.153,293.642,110.941],"timeVisible":0.686857,"tipPosition":[-60.1539,346.37,-57.4363],"tipVelocity":[55.4319,16.2956,-149.883],"tool":false,"touchDistance":-0.594759,"touchZone":"hovering","type":1,"width":19.1617},{"bases":[[[0.694868,-0.637958,-0.331915],[0.718681,0.632474,0.288919],[0.0256095,-0.439302,0.897974]],[[0.695233,-0.646308,-0.314542],[0.393141,0.708262,-0.586349],[0.601741,0.28399,0.746497]],[[0.695233,-0.646308,-0.314542],[-0.45664,-0.0591947,-0.88768],[0.555096,0.760777,-0.336285]],[[0.695233,-0.646308,-0.314542],[-0.705858,-0.531268,-0.468528],[0.135707,0.547758,-0.825557]]],"btipPosition":[-74.3267,273.711,3.06021],"carpPosition":[-25.6607,288.538,75.9262],"dipPosition":[-71.8004,283.909,-12.3084],"direction":[-0.555096,-0.760777,0.336285],"extended":false,"handId":912,"id":9122,"length":66.379,"mcpPosition":[-27.4307,318.9,13.863],"pipPosition":[-56.1632,305.34,-21.7816],"stabilizedTipPosition":[-99.4101,204.631,214.433],"timeVisible":0.686857,"tipPosition":[-73.5888,275.665,0.6298],"tipVelocity":[36.9875,9.30033,-154.087],"tool":false,"touchDistance":0.333333,"touchZone":"none","type":2,"width":18.8193},{"bases":[[[0.634895,-0.741503,-0.216983],[0.76694,0.570952,0.292945],[-0.093333,-0.352402,0.931183]],[[0.629835,-0.757173,-0.173194],[0.514978,0.573998,-0.636651],[0.581468,0.311794,0.751452]],[[0.629835,-0.757173,-0.173194],[-0.401235,-0.126239,-0.907234],[0.66507,0.6409,-0.383314]],[[0.629835,-0.757173,-0.173194],[-0.730948,-0.502369,-0.461888],[0.262722,0.417509,-0.869864]]],"btipPosition":[-59.6842,264.485,7.01068],"carpPosition":[-16.6254,281.733,71.4345],"dipPosition":[-54.8215,272.212,-9.08967],"direction":[-0.66507,-0.6409,0.383314],"extended":false,"handId":912,"id":9123,"length":63.8252,"mcpPosition":[-10.8338,303.601,13.6514],"pipPosition":[-36.5703,289.8,-19.6088],"stabilizedTipPosition":[-84.4733,200.318,215.826],"timeVisible":0.686857,"tipPosition":[-58.469,265.966,4.61077],"tipVelocity":[38.0437,13.6006,-161.951],"tool":false,"touchDistance":0.333333,"touchZone":"none","type":3,"width":17.9078},{"bases":[[[0.484319,-0.861382,-0.15315],[0.845074,0.415279,0.33674],[-0.226462,-0.292513,0.929059]],[[0.499363,-0.838094,-0.219623],[0.56975,0.508631,-0.645507],[0.652703,0.197212,0.731496]],[[0.499363,-0.838094,-0.219623],[-0.452061,-0.0357947,-0.891268],[0.739106,0.54435,-0.396744]],[[0.499363,-0.838094,-0.219623],[-0.809995,-0.361645,-0.46165],[0.307481,0.408425,-0.859445]]],"btipPosition":[-41.3907,261.597,10.2694],"carpPosition":[-11.9652,269.224,66.8971],"dipPosition":[-36.1404,268.571,-4.40592],"direction":[-0.739106,-0.54435,0.396744],"extended":false,"handId":912,"id":9124,"length":50.0378,"mcpPosition":[1.04326,286.027,13.5298],"pipPosition":[-21.8197,279.119,-12.0931],"stabilizedTipPosition":[-72.5135,199.152,223.488],"timeVisible":0.686857,"tipPosition":[-40.0619,262.899,8.07114],"tipVelocity":[36.795,15.9068,-162.118],"tool":false,"touchDistance":0.333333,"touchZone":"none","type":4,"width":15.9071}],"r":[[0.848755,-0.362167,0.385292],[0.428074,0.898353,-0.0985643],[-0.310432,0.248591,0.917516]],"s":0.919525,"t":[55.7132,69.4756,-227.784],"timestamp":607411262346},false],[4,{"currentFrameRate":106.202,"devices":[],"gestures":[],"hands":[{"armBasis":[[0.657596,-0.358548,-0.662579],[0.598892,0.782354,0.171026],[0.45705,-0.50928,0.729205]],"armWidth":63.1234,"confidence":0.827445,"direction":[0.0893844,0.524432,-0.846748],"elbow":[96.5108,135.897,271.287],"grabStrength":0,"id":912,"palmNormal":[-0.601822,-0.648963,-0.465464],"palmPosition":[-29.5241,301.555,30.902],"palmVelocity":[30.6526,12.1542,-139.813],"palmWidth":90.138,"pinchStrength":1,"r":[[0.847935,-0.361497,0.38772],[0.4281,0.898328,-0.0986748],[-0.312629,0.249653,0.916481]],"s":0.920751,"sphereCenter":[-48.1705,274.456,-9.02311],"sphereRadius":47.3435,"stabilizedPalmPosition":[-66.6831,245.177,224.899],"t":[55.9906,69.5685,-228.9],"timeVisible":0.695985,"type":"right","wrist":[-25.7372,272.115,76.2449]}],"id":4474276,"interactionBox":{"center":[0,200,0],"size":[235.247,235.247,147.751]},"pointables":[{"bases":[[[0.875075,0.460984,0.147435],[-0.404435,0.529158,0.745939],[0.265849,-0.71238,0.649491]],[[0.729931,0.678174,-0.0853305],[-0.555413,0.661248,0.50425],[0.398393,-0.320674,0.859332]],[[0.729931,0.678174,-0.0853305],[-0.661925,0.732472,0.159184],[0.170457,-0.0597109,0.983554]],[[0.729931,0.678174,-0.0853305],[-0.617683,0.601004,-0.50721],[-0.292692,0.422935,0.857588]]],"btipPosition":[-73.5637,287.029,-14.1872],"carpPosition":[-54.8916,278.961,81.4105],"dipPosition":[-80.3496,296.835,5.69555],"direction":[-0.170457,0.0597109,-0.983554],"extended":false,"handId":912,"id":9120,"length":51.6284,"mcpPosition":[-54.8916,278.961,81.4105],"pipPosition":[-74.5922,294.818,38.9164],"stabilizedTipPosition":[-105.11,236.359,168.487],"timeVisible":0.695985,"tipPosition":[-74.7135,288.81,-9.78484],"tipVelocity":[16.8804,46.9432,-150.578],"tool":false,"touchDistance":-0.54588,"touchZone":"hovering","type":0,"width":20.0604},{"bases":[[[0.797354,-0.455318,-0.396121],[0.588469,0.732202,0.342907],[0.133909,-0.506523,0.851765]],[[0.808354,-0.524211,-0.267893],[0.573971,0.802947,0.160728],[0.130848,-0.283688,0.949947]],[[0.808354,-0.524211,-0.267893],[0.554785,0.830561,0.0487996],[0.19692,-0.18807,0.962212]],[[0.808354,-0.524211,-0.267893],[0.535376,0.843856,-0.0357805],[0.24482,-0.1145,0.962784]]],"btipPosition":[-60.1329,348.117,-62.4494],"carpPosition":[-35.9458,292.687,79.3927],"dipPosition":[-55.9892,346.179,-46.1537],"direction":[-0.19692,0.18807,-0.962212],"extended":true,"handId":912,"id":9121,"length":58.2569,"mcpPosition":[-45.7052,329.602,17.3155],"pipPosition":[-51.2741,341.676,-23.1144],"stabilizedTipPosition":[-108.126,293.673,110.845],"timeVisible":0.695985,"tipPosition":[-59.6668,346.501,-58.7723],"tipVelocity":[54.5319,15.1787,-148.794],"tool":false,"touchDistance":-0.583602,"touchZone":"hovering","type":1,"width":19.1617},{"bases":[[[0.696034,-0.637672,-0.330017],[0.717596,0.633386,0.289618],[0.0243465,-0.438403,0.898449]],[[0.696378,-0.646167,-0.312292],[0.396264,0.708992,-0.583357],[0.598358,0.282487,0.749779]],[[0.696378,-0.646167,-0.312292],[-0.452763,-0.057931,-0.889747],[0.556834,0.760995,-0.332902]],[[0.696378,-0.646167,-0.312292],[-0.70421,-0.531331,-0.470931],[0.13837,0.547865,-0.825044]]],"btipPosition":[-73.9258,273.898,1.53366],"carpPosition":[-25.4101,288.723,74.694],"dipPosition":[-71.3499,284.097,-13.8254],"direction":[-0.556834,-0.760995,0.332902],"extended":false,"handId":912,"id":9122,"length":66.379,"mcpPosition":[-27.0928,319.023,12.598],"pipPosition":[-55.6638,305.534,-23.2033],"stabilizedTipPosition":[-99.4089,204.635,214.423],"timeVisible":0.695985,"tipPosition":[-73.191,275.838,-0.890473],"tipVelocity":[39.2608,12.4053,-157.675],"tool":false,"touchDistance":0.333333,"touchZone":"none","type":2,"width":18.8193},{"bases":[[[0.635941,-0.741157,-0.215093],[0.765901,0.57191,0.293793],[-0.0947328,-0.351575,0.931354]],[[0.630777,-0.756885,-0.171013],[0.516954,0.574254,-0.634815],[0.578687,0.312021,0.753501]],[[0.630777,-0.756885,-0.171013],[-0.397863,-0.126255,-0.908716],[0.666202,0.641237,-0.380775]],[[0.630777,-0.756885,-0.171013],[-0.729193,-0.502825,-0.464161],[0.265326,0.417483,-0.869085]]],"btipPosition":[-59.2888,264.603,5.61629],"carpPosition":[-16.3606,281.921,70.2255],"dipPosition":[-54.3779,272.33,-10.4697],"direction":[-0.666202,-0.641237,0.380775],"extended":false,"handId":912,"id":9123,"length":63.8252,"mcpPosition":[-10.4821,303.738,12.4318],"pipPosition":[-36.0955,289.928,-20.9191],"stabilizedTipPosition":[-84.4724,200.32,215.818],"timeVisible":0.695985,"tipPosition":[-58.07,266.089,3.19681],"tipVelocity":[39.8473,13.421,-159.296],"tool":false,"touchDistance":0.333333,"touchZone":"none","type":3,"width":17.9078},{"bases":[[[0.485353,-0.861106,-0.15142],[0.844091,0.416348,0.337883],[-0.227909,-0.291805,0.928928]],[[0.500496,-0.837875,-0.217875],[0.571712,0.50886,-0.643589],[0.650115,0.197552,0.733705]],[[0.500496,-0.837875,-0.217875],[-0.44926,-0.036239,-0.892666],[0.740047,0.544658,-0.394562]],[[0.500496,-0.837875,-0.217875],[-0.808605,-0.362512,-0.463403],[0.309292,0.408106,-0.858946]]],"btipPosition":[-40.982,261.732,8.96059],"carpPosition":[-11.6812,269.412,65.7089],"dipPosition":[-35.7007,268.701,-5.70625],"direction":[-0.740047,-0.544658,0.394562],"extended":false,"handId":912,"id":9124,"length":50.0378,"mcpPosition":[1.41048,286.174,12.3492],"pipPosition":[-21.3618,279.254,-13.3511],"stabilizedTipPosition":[-72.5127,199.153,223.482],"timeVisible":0.695985,"tipPosition":[-39.6592,263.037,6.73976],"tipVelocity":[39.2291,15.5591,-156.854],"tool":false,"touchDistance":0.333333,"touchZone":"none","type":4,"width":15.9071}],"r":[[0.847935,-0.361497,0.38772],[0.4281,0.898328,-0.0986748],[-0.312629,0.249653,0.916481]],"s":0.920751,"t":[55.9906,69.5685,-228.9],"timestamp":607411271474},false],[5,{"currentFrameRate":106.449,"devices":[],"gestures":[],"hands":[{"armBasis":[[0.663509,-0.356394,-0.657829],[0.594526,0.784934,0.174403],[0.454196,-0.506815,0.732697]],"armWidth":63.1234,"confidence":0.783555,"direction":[0.0902871,0.524572,-0.846565],"elbow":[95.9586,136.577,270.965],"grabStrength":0,"id":912,"palmNormal":[-0.59677,-0.652032,-0.467676],"palmPosition":[-29.2709,301.54,29.6203],"palmVelocity":[30.0144,8.4072,-140.786],"palmWidth":90.138,"pinchStrength":1,"r":[[0.847307,-0.360109,0.390375],[0.42733,0.898716,-0.0984792],[-0.315373,0.250261,0.915374]],"s":0.921944,"sphereCenter":[-47.5565,274.239,-10.445],"sphereRadius":47.4427,"stabilizedPalmPosition":[-66.6824,245.178,224.895],"t":[56.2559,69.608,-230.099],"timeVisible":0.704925,"type":"right","wrist":[-25.526,272.135,74.9888]}],"id":4474277,"interactionBox":{"center":[0,200,0],"size":[235.247,235.247,147.751]},"pointables":[{"bases":[[[0.872223,0.465272,0.150829],[-0.410028,0.527444,0.744097],[0.266653,-0.710863,0.650823]],[[0.727747,0.680965,-0.0816751],[-0.559721,0.658511,0.503066],[0.396354,-0.320389,0.86038]],[[0.727747,0.680965,-0.0816751],[-0.664748,0.729651,0.160374],[0.168804,-0.0624187,0.983671]],[[0.727747,0.680965,-0.0816751],[-0.620379,0.602821,-0.501733],[-0.292427,0.415804,0.861158]]],"btipPosition":[-73.2556,287.153,-15.703],"carpPosition":[-54.734,278.841,80.0332],"dipPosition":[-80.0353,296.793,4.26245],"direction":[-0.168804,0.0624187,-0.983671],"extended":false,"handId":912,"id":9120,"length":51.6284,"mcpPosition":[-54.734,278.841,80.0332],"pipPosition":[-74.3338,294.684,37.4873],"stabilizedTipPosition":[-105.109,236.361,168.479],"timeVisible":0.704925,"tipPosition":[-74.3766,288.822,-11.2478],"tipVelocity":[21.7244,36.7239,-155.179],"tool":false,"touchDistance":-0.542078,"touchZone":"hovering","type":0,"width":20.0604},{"bases":[[[0.801157,-0.451581,-0.39271],[0.583512,0.735163,0.345035],[0.132894,-0.505579,0.852484]],[[0.811965,-0.520265,-0.264644],[0.569591,0.805318,0.164405],[0.127588,-0.28423,0.950229]],[[0.811965,-0.520265,-0.264644],[0.550617,0.833172,0.0514349],[0.193734,-0.187481,0.962974]],[[0.811965,-0.520265,-0.264644],[0.531306,0.846497,-0.0340111],[0.241715,-0.112991,0.963746]]],"btipPosition":[-59.6925,348.003,-63.8534],"carpPosition":[-35.8469,292.658,78.0876],"dipPosition":[-55.6013,346.091,-47.5414],"direction":[-0.193734,0.187481,-0.962974],"extended":true,"handId":912,"id":9121,"length":58.2569,"mcpPosition":[-45.5324,329.505,15.9579],"pipPosition":[-50.9625,341.602,-24.4839],"stabilizedTipPosition":[-108.1,293.701,110.757],"timeVisible":0.704925,"tipPosition":[-59.2246,346.41,-60.1773],"tipVelocity":[52.7239,7.73164,-150.935],"tool":false,"touchDistance":-0.57458,"touchZone":"hovering","type":1,"width":19.1617},{"bases":[[[0.700454,-0.634402,-0.326953],[0.713333,0.636956,0.292308],[0.0228141,-0.437975,0.898698]],[[0.700772,-0.643107,-0.308758],[0.398422,0.711838,-0.5784],[0.591759,0.28231,0.755064]],[[0.700772,-0.643107,-0.308758],[-0.446215,-0.0574539,-0.89308],[0.556607,0.763618,-0.327226]],[[0.700772,-0.643107,-0.308758],[-0.699318,-0.533754,-0.475458],[0.14097,0.549108,-0.823777]]],"btipPosition":[-73.4098,273.801,-0.180184],"carpPosition":[-25.2731,288.744,73.4332],"dipPosition":[-70.7855,284.023,-15.5156],"direction":[-0.556607,-0.763618,0.327226],"extended":false,"handId":912,"id":9122,"length":66.379,"mcpPosition":[-26.8499,319.014,11.32],"pipPosition":[-55.1058,305.534,-24.7336],"stabilizedTipPosition":[-99.4077,204.638,214.413],"timeVisible":0.704925,"tipPosition":[-72.6809,275.727,-2.59012],"tipVelocity":[44.6407,6.21059,-166.8],"tool":false,"touchDistance":0.333333,"touchZone":"none","type":2,"width":18.8193},{"bases":[[[0.640397,-0.738138,-0.212238],[0.761918,0.575717,0.296701],[-0.0968176,-0.351714,0.931087]],[[0.635106,-0.753932,-0.168005],[0.516362,0.576162,-0.633568],[0.574465,0.315632,0.755226]],[[0.635106,-0.753932,-0.168005],[-0.394035,-0.129154,-0.909976],[0.664362,0.644131,-0.379102]],[[0.635106,-0.753932,-0.168005],[-0.724994,-0.506794,-0.466415],[0.266502,0.418026,-0.868465]]],"btipPosition":[-58.7558,264.426,4.27762],"carpPosition":[-16.1726,281.985,69.004],"dipPosition":[-53.8232,272.163,-11.7968],"direction":[-0.664362,-0.644131,0.379102],"extended":false,"handId":912,"id":9123,"length":63.8252,"mcpPosition":[-10.1648,303.81,11.2269],"pipPosition":[-35.5913,289.84,-22.2004],"stabilizedTipPosition":[-84.4715,200.322,215.811],"timeVisible":0.704925,"tipPosition":[-57.5366,265.929,1.80413],"tipVelocity":[45.3976,4.41278,-156.606],"tool":false,"touchDistance":0.333333,"touchZone":"none","type":3,"width":17.9078},{"bases":[[[0.490134,-0.858794,-0.149135],[0.840681,0.420551,0.341165],[-0.230272,-0.292591,0.928098]],[[0.505437,-0.835508,-0.215548],[0.572109,0.511499,-0.641139],[0.645929,0.200738,0.736532]],[[0.505437,-0.835508,-0.215548],[-0.445195,-0.0385248,-0.894604],[0.739145,0.548127,-0.391436]],[[0.505437,-0.835508,-0.215548],[-0.804893,-0.366513,-0.466706],[0.310936,0.409384,-0.857744]]],"btipPosition":[-40.4434,261.662,7.63025],"carpPosition":[-11.4142,269.497,64.5109],"dipPosition":[-35.134,268.652,-7.01606],"direction":[-0.739145,-0.548127,0.391436],"extended":false,"handId":912,"id":9124,"length":50.0378,"mcpPosition":[1.81307,286.304,11.1989],"pipPosition":[-20.8126,279.272,-14.6004],"stabilizedTipPosition":[-72.5118,199.155,223.476],"timeVisible":0.704925,"tipPosition":[-39.1207,262.976,5.39807],"tipVelocity":[45.1651,9.30262,-154.513],"tool":false,"touchDistance":0.333333,"touchZone":"none","type":4,"width":15.9071}],"r":[[0.847307,-0.360109,0.390375],[0.42733,0.898716,-0.0984792],[-0.315373,0.250261,0.915374]],"s":0.921944,"t":[56.2559,69.608,-230.099],"timestamp":607411280414},false],[6,{"currentFrameRate":106.564,"devices":[],"gestures":[],"hands":[{"armBasis":[[0.667155,-0.354974,-0.654903],[0.59266,0.785547,0.177961],[0.451286,-0.506863,0.73446]],"armWidth":63.1234,"confidence":0.787748,"direction":[0.0919642,0.521173,-0.848482],"elbow":[95.17,137.105,270.197],"grabStrength":0,"id":912,"palmNormal":[-0.593698,-0.655377,-0.466909],"palmPosition":[-29.1941,301.879,28.2437],"palmVelocity":[23.9756,16.3711,-143.375],"palmWidth":90.138,"pinchStrength":1,"r":[[0.846696,-0.358277,0.393375],[0.426371,0.899136,-0.0988011],[-0.318299,0.251378,0.914054]],"s":0.923405,"sphereCenter":[-47.1763,274.208,-11.8575],"sphereRadius":47.5778,"stabilizedPalmPosition":[-66.6817,245.179,224.892],"t":[56.427,69.7972,-231.387],"timeVisible":0.714098,"type":"right","wrist":[-25.5362,272.676,73.7494]}],"id":4474278,"interactionBox":{"center":[0,200,0],"size":[235.247,235.247,147.751]},"pointables":[{"bases":[[[0.870647,0.467902,0.151793],[-0.413746,0.529663,0.740454],[0.26606,-0.707478,0.654742]],[[0.727611,0.681224,-0.0807251],[-0.561325,0.65889,0.500777],[0.39433,-0.319058,0.861804]],[[0.727611,0.681224,-0.0807251],[-0.665049,0.729352,0.160484],[0.168203,-0.0630838,0.983732]],[[0.727611,0.681224,-0.0807251],[-0.621845,0.605306,-0.496904],[-0.289639,0.411751,0.864043]]],"btipPosition":[-73.2421,287.698,-17.209],"carpPosition":[-54.7763,279.336,78.6665],"dipPosition":[-79.9573,297.245,2.82333],"direction":[-0.168203,0.0630838,-0.983732],"extended":false,"handId":912,"id":9120,"length":51.6284,"mcpPosition":[-54.7763,279.336,78.6665],"pipPosition":[-74.276,295.114,36.0502],"stabilizedTipPosition":[-105.107,236.364,168.47],"timeVisible":0.714098,"tipPosition":[-74.3134,289.243,-12.7106],"tipVelocity":[16.5239,42.4246,-157.222],"tool":false,"touchDistance":-0.538563,"touchZone":"hovering","type":0,"width":20.0604},{"bases":[[[0.803508,-0.451414,-0.388073],[0.580667,0.737956,0.343872],[0.131152,-0.501645,0.855074]],[[0.814035,-0.519419,-0.259907],[0.567346,0.806915,0.164337],[0.124363,-0.281233,0.951547]],[[0.814035,-0.519419,-0.259907],[0.548565,0.8346,0.050186],[0.190851,-0.183429,0.964329]],[[0.814035,-0.519419,-0.259907],[0.529313,0.847654,-0.0361985],[0.239114,-0.108106,0.964955]]],"btipPosition":[-59.3825,347.939,-65.5129],"carpPosition":[-35.9142,293.188,76.7259],"dipPosition":[-55.3353,346.11,-49.1804],"direction":[-0.190851,0.183429,-0.964329],"extended":true,"handId":912,"id":9121,"length":58.2569,"mcpPosition":[-45.4726,329.748,14.4075],"pipPosition":[-50.7656,341.718,-26.0905],"stabilizedTipPosition":[-108.077,293.725,110.679],"timeVisible":0.714098,"tipPosition":[-58.9123,346.384,-61.8315],"tipVelocity":[47.1346,4.2081,-159.154],"tool":false,"touchDistance":-0.570276,"touchZone":"hovering","type":1,"width":19.1617},{"bases":[[[0.702998,-0.634182,-0.321879],[0.710888,0.639822,0.292002],[0.0207626,-0.434097,0.900627]],[[0.703276,-0.642925,-0.303398],[0.399648,0.710493,-0.579208],[0.587949,0.28609,0.756616]],[[0.703276,-0.642925,-0.303398],[-0.442489,-0.0618429,-0.894639],[0.556423,0.763428,-0.32798]],[[0.703276,-0.642925,-0.303398],[-0.696439,-0.537373,-0.475607],[0.142742,0.545781,-0.82568]]],"btipPosition":[-73.1566,273.954,-1.64013],"carpPosition":[-25.3157,289.278,72.124],"dipPosition":[-70.4993,284.114,-17.011],"direction":[-0.556423,-0.763428,0.32798],"extended":false,"handId":912,"id":9122,"length":66.379,"mcpPosition":[-26.7507,319.281,9.87746],"pipPosition":[-54.8248,305.62,-26.2503],"stabilizedTipPosition":[-99.4066,204.641,214.404],"timeVisible":0.714098,"tipPosition":[-72.4326,275.873,-4.08243],"tipVelocity":[40.118,8.70513,-164.915],"tool":false,"touchDistance":0.333333,"touchZone":"none","type":2,"width":18.8193},{"bases":[[[0.642788,-0.737567,-0.206926],[0.759597,0.578714,0.296821],[-0.0991739,-0.347973,0.932244]],[[0.637346,-0.753278,-0.162367],[0.516793,0.57414,-0.635049],[0.57159,0.320836,0.755215]],[[0.637346,-0.753278,-0.162367],[-0.391219,-0.13478,-0.910375],[0.663881,0.643744,-0.380598]],[[0.637346,-0.753278,-0.162367],[-0.722433,-0.510798,-0.466021],[0.268106,0.414316,-0.869748]]],"btipPosition":[-58.5113,264.579,3.02156],"carpPosition":[-16.185,282.521,67.7545],"dipPosition":[-53.5489,272.248,-13.0766],"direction":[-0.663881,-0.643744,0.380598],"extended":false,"handId":912,"id":9123,"length":63.8252,"mcpPosition":[-10.0309,304.114,9.90549],"pipPosition":[-35.3302,289.914,-23.5212],"stabilizedTipPosition":[-84.4705,200.325,215.803],"timeVisible":0.714098,"tipPosition":[-57.2898,266.087,0.477044],"tipVelocity":[40.378,7.36523,-151.282],"tool":false,"touchDistance":0.333333,"touchZone":"none","type":3,"width":17.9078},{"bases":[[[0.492587,-0.858297,-0.143818],[0.838561,0.423919,0.34221],[-0.232751,-0.289169,0.928552]],[[0.50807,-0.835244,-0.210316],[0.573177,0.510132,-0.641275],[0.64291,0.205264,0.737925]],[[0.50807,-0.835244,-0.210316],[-0.442027,-0.043276,-0.895957],[0.739241,0.548174,-0.391187]],[[0.50807,-0.835244,-0.210316],[-0.802469,-0.370322,-0.467873],[0.312903,0.406484,-0.858407]]],"btipPosition":[-40.1995,261.884,6.38163],"carpPosition":[-11.383,270.025,63.3307],"dipPosition":[-34.8565,268.824,-8.27601],"direction":[-0.739241,-0.548174,0.391187],"extended":false,"handId":912,"id":9124,"length":50.0378,"mcpPosition":[1.98669,286.636,9.99261],"pipPosition":[-20.5332,279.446,-15.8555],"stabilizedTipPosition":[-72.5108,199.157,223.47],"timeVisible":0.714098,"tipPosition":[-38.874,263.194,4.13831],"tipVelocity":[40.2176,13.1113,-149.459],"tool":false,"touchDistance":0.333333,"touchZone":"none","type":4,"width":15.9071}],"r":[[0.846696,-0.358277,0.393375],[0.426371,0.899136,-0.0988011],[-0.318299,0.251378,0.914054]],"s":0