{"sensorType":"Leap","data":[[0,{"currentFrameRate":110.309,"devices":[],"gestures":[],"hands":[{"armBasis":[[0.565836,-0.469502,-0.677789],[0.710242,0.695079,0.111451],[0.41879,-0.544457,0.726761]],"armWidth":63.1234,"confidence":0.846614,"direction":[0.120901,0.503847,-0.85529],"elbow":[110.63,120.73,273.904],"grabStrength":0,"id":915,"palmNormal":[-0.711635,-0.556706,-0.428548],"palmPosition":[-3.18906,295.915,34.1279],"palmVelocity":[-8.0641,56.12,-77.6194],"palmWidth":90.138,"pinchStrength":1,"r":[[0.873663,-0.0649404,0.482179],[0.0650402,0.997746,0.0165309],[-0.482165,0.0169185,0.875917]],"s":0.825897,"sphereCenter":[-27.9504,270.753,-3.63253],"sphereRadius":46.0506,"stabilizedPalmPosition":[-43.6269,254.898,263.777],"t":[41.6168,42.6608,-238.305],"timeVisible":0.596532,"type":"right","wrist":[-1.38503,266.357,79.5157]}],"id":4476382,"interactionBox":{"center":[0,200,0],"size":[235.247,235.247,147.751]},"pointables":[{"bases":[[[0.938584,0.33048,0.0992117],[-0.285902,0.583872,0.759838],[0.193184,-0.741536,0.642498]],[[0.810607,0.570245,-0.133181],[-0.452766,0.754554,0.475028],[0.371374,-0.324761,0.869834]],[[0.810607,0.570245,-0.133181],[-0.557702,0.821121,0.121359],[0.178562,-0.0240993,0.983634]],[[0.810607,0.570245,-0.133181],[-0.55384,0.672696,-0.490654],[-0.190203,0.471488,0.861116]]],"btipPosition":[-48.9393,283.288,-10.1462],"carpPosition":[-28.9534,277.345,86.0553],"dipPosition":[-53.349,294.219,9.81833],"direction":[-0.178562,0.0240993,-0.983634],"extended":false,"handId":915,"id":9150,"length":51.6284,"mcpPosition":[-28.9534,277.345,86.0553],"pipPosition":[-47.3179,293.405,43.0419],"stabilizedTipPosition":[-105.953,245.692,245.129],"timeVisible":0.596532,"tipPosition":[-50.4444,286.645,-5.60659],"tipVelocity":[-0.438303,47.6299,-81.9061],"tool":false,"touchDistance":-0.465701,"touchZone":"hovering","type":0,"width":20.0604},{"bases":[[[0.702543,-0.566493,-0.43072],[0.704205,0.640677,0.305987],[0.102612,-0.518284,0.84903]],[[0.709995,-0.636511,-0.301266],[0.670039,0.742246,0.0108763],[0.216691,-0.209582,0.953478]],[[0.709995,-0.636511,-0.301266],[0.643862,0.760021,-0.0883708],[0.285218,-0.131231,0.949436]],[[0.709995,-0.636511,-0.301266],[0.620666,0.767721,-0.159306],[0.332688,-0.0738796,0.940138]]],"btipPosition":[-37.5188,339.278,-58.1408],"carpPosition":[-8.35771,288.193,82.9631],"dipPosition":[-31.8878,338.028,-42.2284],"direction":[-0.285218,0.131231,-0.949436],"extended":true,"handId":915,"id":9151,"length":58.2569,"mcpPosition":[-15.8362,325.966,21.0851],"pipPosition":[-25.0586,334.885,-19.495],"stabilizedTipPosition":[-102.522,296.912,168.039],"timeVisible":0.596532,"tipPosition":[-36.7823,337.941,-54.4404],"tipVelocity":[0.671911,57.4945,-84.8817],"tool":false,"touchDistance":-0.496068,"touchZone":"hovering","type":1,"width":19.1617},{"bases":[[[0.579534,-0.732171,-0.357863],[0.814922,0.524147,0.24733],[0.00648484,-0.434966,0.900423]],[[0.579512,-0.743009,-0.334819],[0.452854,0.635159,-0.625697],[0.677561,0.210975,0.704557]],[[0.579512,-0.743009,-0.334819],[-0.53165,-0.0332934,-0.846309],[0.617669,0.668453,-0.414315]],[[0.579512,-0.743009,-0.334819],[-0.805144,-0.458396,-0.376319],[0.126129,0.487658,-0.863875]]],"btipPosition":[-51.3016,274.82,9.66502],"carpPosition":[1.24737,282.74,77.7862],"dipPosition":[-48.9536,283.898,-6.41692],"direction":[-0.617669,-0.668453,0.414315],"extended":false,"handId":915,"id":9152,"length":66.379,"mcpPosition":[0.799174,312.802,15.5537],"pipPosition":[-31.5538,302.729,-18.0882],"stabilizedTipPosition":[-91.2671,225.984,275.93],"timeVisible":0.596532,"tipPosition":[-50.5142,276.735,6.72913],"tipVelocity":[-8.81262,46.1859,-82.4643],"tool":false,"touchDistance":0.333333,"touchZone":"none","type":2,"width":18.8193},{"bases":[[[0.51108,-0.825615,-0.239077],[0.854036,0.456364,0.249708],[-0.0970561,-0.331801,0.938343]],[[0.507033,-0.8376,-0.203331],[0.530833,0.489308,-0.691949],[0.679068,0.242906,0.692721]],[[0.507033,-0.8376,-0.203331],[-0.514204,-0.104621,-0.851263],[0.691745,0.536172,-0.483744]],[[0.507033,-0.8376,-0.203331],[-0.836683,-0.421617,-0.349573],[0.207074,0.347368,-0.914579]]],"btipPosition":[-37.8625,263.389,14.2562],"carpPosition":[8.9873,274.694,72.9412],"dipPosition":[-34.0297,269.818,-2.67177],"direction":[-0.691745,-0.536172,0.483744],"extended":false,"handId":915,"id":9153,"length":63.8252,"mcpPosition":[15.01,295.283,14.7137],"pipPosition":[-15.0464,284.532,-15.947],"stabilizedTipPosition":[-71.8279,217.245,278.081],"timeVisible":0.596532,"tipPosition":[-36.7418,264.756,11.0869],"tipVelocity":[-7.48309,50.3528,-86.2204],"tool":false,"touchDistance":0.333333,"touchZone":"none","type":3,"width":17.9078},{"bases":[[[0.348228,-0.922447,-0.166818],[0.911179,0.291277,0.291396],[-0.220207,-0.253473,0.941945]],[[0.367978,-0.893451,-0.257561],[0.572114,0.43591,-0.694743],[0.732992,0.108296,0.671561]],[[0.367978,-0.893451,-0.257561],[-0.559848,0.0082734,-0.828554],[0.742403,0.449085,-0.497152]],[[0.367978,-0.893451,-0.257561],[-0.899796,-0.27232,-0.340893],[0.234432,0.357194,-0.904132]]],"btipPosition":[-19.8285,257.595,15.7617],"carpPosition":[11.5852,261.629,68.3216],"dipPosition":[-15.8255,263.694,0.323316],"direction":[-0.742403,-0.449085,0.497152],"extended":false,"handId":915,"id":9154,"length":50.0378,"mcpPosition":[24.2344,276.189,14.2142],"pipPosition":[-1.44091,272.396,-9.30933],"stabilizedTipPosition":[-57.0498,213.404,262.254],"timeVisible":0.596532,"tipPosition":[-18.7153,258.847,12.7845],"tipVelocity":[-4.5422,50.0368,-72.7981],"tool":false,"touchDistance":0.333333,"touchZone":"none","type":4,"width":15.9071}],"r":[[0.873663,-0.0649404,0.482179],[0.0650402,0.997746,0.0165309],[-0.482165,0.0169185,0.875917]],"s":0.825897,"t":[41.6168,42.6608,-238.305],"timestamp":607431110995},false],[1,{"currentFrameRate":110.406,"devices":[],"gestures":[],"hands":[{"armBasis":[[0.568945,-0.468066,-0.676177],[0.708474,0.696467,0.11401],[0.417571,-0.543919,0.727864]],"armWidth":63.1234,"confidence":0.851509,"direction":[0.120708,0.504512,-0.854925],"elbow":[110.194,121.467,273.714],"grabStrength":0,"id":915,"palmNormal":[-0.709632,-0.558371,-0.429703],"palmPosition":[-3.31635,296.522,33.6529],"palmVelocity":[-9.76448,59.4399,-71.0538],"palmWidth":90.138,"pinchStrength":1,"r":[[0.873488,-0.0633276,0.482709],[0.0638497,0.997841,0.0153694],[-0.482641,0.0173958,0.875646]],"s":0.825561,"sphereCenter":[-27.9974,271.298,-4.19705],"sphereRadius":46.09,"stabilizedPalmPosition":[-43.5282,255,263.213],"t":[41.5289,43.1503,-238.771],"timeVisible":0.605419,"type":"right","wrist":[-1.49484,266.95,79.0309]}],"id":4476383,"interactionBox":{"center":[0,200,0],"size":[235.247,235.247,147.751]},"pointables":[{"bases":[[[0.937594,0.33287,0.10057],[-0.288404,0.582816,0.759703],[0.194269,-0.741298,0.642446]],[[0.809845,0.571782,-0.131211],[-0.455243,0.753598,0.474177],[0.370006,-0.324277,0.870597]],[[0.809845,0.571782,-0.131211],[-0.559185,0.82001,0.122048],[0.177379,-0.0254689,0.983813]],[[0.809845,0.571782,-0.131211],[-0.554324,0.67263,-0.490198],[-0.19203,0.469718,0.861678]]],"btipPosition":[-48.936,283.87,-10.7193],"carpPosition":[-29.1,277.864,85.5391],"dipPosition":[-53.3881,294.76,9.25828],"direction":[-0.177379,0.0254689,-0.983813],"extended":false,"handId":915,"id":9150,"length":51.6284,"mcpPosition":[-29.1,277.864,85.5391],"pipPosition":[-47.3969,293.9,42.4879],"stabilizedTipPosition":[-105.913,245.721,244.949],"timeVisible":0.605419,"tipPosition":[-50.4473,287.154,-6.16273],"tipVelocity":[-0.5176,52.2111,-77.0818],"tool":false,"touchDistance":-0.456015,"touchZone":"hovering","type":0,"width":20.0604},{"bases":[[[0.704569,-0.564493,-0.430035],[0.702143,0.642373,0.307167],[0.102849,-0.518367,0.848951]],[[0.712034,-0.634361,-0.300987],[0.668651,0.743426,0.0149586],[0.214272,-0.211906,0.953511]],[[0.712034,-0.634361,-0.300987],[0.642472,0.761559,-0.0851907],[0.283261,-0.132717,0.949815]],[[0.712034,-0.634361,-0.300987],[0.619177,0.769423,-0.156873],[0.3311,-0.0746654,0.940637]]],"btipPosition":[-37.5303,340.006,-58.6389],"carpPosition":[-8.52857,288.767,82.4781],"dipPosition":[-31.9262,338.742,-42.718],"direction":[-0.283261,0.132717,-0.949815],"extended":true,"handId":915,"id":9151,"length":58.2569,"mcpPosition":[-16.0243,326.545,20.6059],"pipPosition":[-25.1438,335.564,-19.9756],"stabilizedTipPosition":[-102.243,297.093,167.099],"timeVisible":0.605419,"tipPosition":[-36.801,338.67,-54.9403],"tipVelocity":[-0.0498121,64.0248,-76.9898],"tool":false,"touchDistance":-0.482237,"touchZone":"hovering","type":1,"width":19.1617},{"bases":[[[0.581895,-0.730519,-0.357407],[0.813238,0.526155,0.248607],[0.00643932,-0.43532,0.900253]],[[0.581868,-0.741527,-0.334018],[0.453111,0.636634,-0.624009],[0.675367,0.211743,0.706431]],[[0.581868,-0.741527,-0.334018],[-0.52823,-0.0322979,-0.848487],[0.618388,0.670145,-0.41049]],[[0.581868,-0.741527,-0.334018],[-0.802923,-0.458422,-0.381005],[0.129405,0.489885,-0.862129]]],"btipPosition":[-51.4249,275.319,8.97239],"carpPosition":[1.09734,283.341,77.3116],"dipPosition":[-49.0159,284.439,-7.07705],"direction":[-0.618388,-0.670145,0.41049],"extended":false,"handId":915,"id":9152,"length":66.379,"mcpPosition":[0.652293,313.428,15.0908],"pipPosition":[-31.5958,303.317,-18.6406],"stabilizedTipPosition":[-91.2183,226.046,275.604],"timeVisible":0.605419,"tipPosition":[-50.6118,277.25,6.05147],"tipVelocity":[-9.75993,49.1976,-81.0061],"tool":false,"touchDistance":0.333333,"touchZone":"none","type":2,"width":18.8193},{"bases":[[[0.513529,-0.824189,-0.238749],[0.852525,0.458473,0.251008],[-0.0974179,-0.332439,0.93808]],[[0.509273,-0.836694,-0.201454],[0.538331,0.492346,-0.683955],[0.671446,0.239871,0.701157]],[[0.509273,-0.836694,-0.201454],[-0.502142,-0.0987859,-0.859124],[0.698924,0.538687,-0.470449]],[[0.509273,-0.836694,-0.201454],[-0.832259,-0.419232,-0.362754],[0.219058,0.352402,-0.909849]]],"btipPosition":[-38.0444,264.023,12.9789],"carpPosition":[8.8644,275.317,72.4733],"dipPosition":[-33.9898,270.546,-3.86154],"direction":[-0.698924,-0.538687,0.470449],"extended":false,"handId":915,"id":9153,"length":63.8252,"mcpPosition":[14.9095,295.946,14.2622],"pipPosition":[-14.8095,285.329,-16.7719],"stabilizedTipPosition":[-71.7878,217.3,277.771],"timeVisible":0.605419,"tipPosition":[-36.8494,265.387,9.99191],"tipVelocity":[-9.45109,56.7287,-101.227],"tool":false,"touchDistance":0.333333,"touchZone":"none","type":3,"width":17.9078},{"bases":[[[0.350834,-0.921473,-0.166741],[0.91004,0.293516,0.292702],[-0.220776,-0.254431,0.941553]],[[0.370965,-0.891762,-0.259125],[0.575202,0.439713,-0.689779],[0.729059,0.106834,0.676061]],[[0.370965,-0.891762,-0.259125],[-0.553729,0.0115925,-0.832616],[0.745499,0.452357,-0.489494]],[[0.370965,-0.891762,-0.259125],[-0.897104,-0.272023,-0.348149],[0.239978,0.361614,-0.900914]]],"btipPosition":[-19.8958,258.194,14.9535],"carpPosition":[11.5022,262.261,67.8518],"dipPosition":[-15.798,264.369,-0.430005],"direction":[-0.745499,-0.452357,0.489494],"extended":false,"handId":915,"id":9154,"length":50.0378,"mcpPosition":[24.1841,276.876,13.7669],"pipPosition":[-1.3535,273.134,-9.91428],"stabilizedTipPosition":[-56.9857,213.481,261.832],"timeVisible":0.605419,"tipPosition":[-18.7568,259.464,12.0504],"tipVelocity":[-4.69881,55.2848,-77.3425],"tool":false,"touchDistance":0.333333,"touchZone":"none","type":4,"width":15.9071}],"r":[[0.873488,-0.0633276,0.482709],[0.0638497,0.997841,0.0153694],[-0.482641,0.0173958,0.875646]],"s":0.825561,"t":[41.5289,43.1503,-238.771],"timestamp":607431119882},false],[2,{"currentFrameRate":110.398,"devices":[],"gestures":[],"hands":[{"armBasis":[[0.570519,-0.468038,-0.674869],[0.707607,0.697244,0.11464],[0.416893,-0.542947,0.728978]],"armWidth":63.1234,"confidence":0.761328,"direction":[0.121146,0.507629,-0.853016],"elbow":[109.901,122.158,273.51],"grabStrength":0,"id":915,"palmNormal":[-0.708905,-0.557277,-0.432314],"palmPosition":[-3.40603,297.114,33.2553],"palmVelocity":[-9.79776,61.0219,-63.5273],"palmWidth":90.138,"pinchStrength":1,"r":[[0.87327,-0.0622727,0.483241],[0.062771,0.997913,0.0151616],[-0.483177,0.0170933,0.875356]],"s":0.82441,"sphereCenter":[-28.0961,271.987,-4.75124],"sphereRadius":46.1259,"stabilizedPalmPosition":[-43.3994,255.135,262.475],"t":[41.4401,43.6906,-239.203],"timeVisible":0.614491,"type":"right","wrist":[-1.606,267.381,78.5293]}],"id":4476384,"interactionBox":{"center":[0,200,0],"size":[235.247,235.247,147.751]},"pointables":[{"bases":[[[0.937298,0.333091,0.102582],[-0.289435,0.579927,0.761519],[0.194165,-0.743461,0.639973]],[[0.810135,0.572144,-0.127798],[-0.456089,0.752077,0.475776],[0.368327,-0.327155,0.870233]],[[0.810135,0.572144,-0.127798],[-0.559051,0.8196,0.125371],[0.176474,-0.0301212,0.983844]],[[0.810135,0.572144,-0.127798],[-0.553723,0.675195,-0.487343],[-0.192542,0.465578,0.863808]]],"btipPosition":[-48.9342,284.656,-11.2388],"carpPosition":[-29.2237,278.255,85.052],"dipPosition":[-53.3982,295.45,8.78812],"direction":[-0.176474,0.0301212,-0.983844],"extended":false,"handId":915,"id":9150,"length":51.6284,"mcpPosition":[-29.2237,278.255,85.052],"pipPosition":[-47.4375,294.433,42.0188],"stabilizedTipPosition":[-105.851,245.767,244.671],"timeVisible":0.614491,"tipPosition":[-50.4455,287.862,-6.65372],"tipVelocity":[-0.401473,61.0532,-71.2584],"tool":false,"touchDistance":-0.44637,"touchZone":"hovering","type":0,"width":20.0604},{"bases":[[[0.705298,-0.562521,-0.431422],[0.701472,0.64171,0.310072],[0.102426,-0.521323,0.84719]],[[0.712695,-0.632666,-0.302984],[0.668603,0.743336,0.0205489],[0.212219,-0.217221,0.952774]],[[0.712695,-0.632666,-0.302984],[0.642224,0.76223,-0.0809534],[0.28216,-0.136889,0.949551]],[[0.712695,-0.632666,-0.302984],[0.618632,0.770498,-0.153713],[0.330698,-0.0778851,0.940517]]],"btipPosition":[-37.5066,341.016,-58.901],"carpPosition":[-8.65634,289.181,82.048],"dipPosition":[-31.9093,339.698,-42.9821],"direction":[-0.28216,0.136889,-0.949551],"extended":true,"handId":915,"id":9151,"length":58.2569,"mcpPosition":[-16.1212,327.175,20.3042],"pipPosition":[-25.1533,336.42,-20.246],"stabilizedTipPosition":[-101.829,297.366,165.704],"timeVisible":0.614491,"tipPosition":[-36.7715,339.681,-55.2114],"tipVelocity":[0.637461,76.7249,-63.7065],"tool":false,"touchDistance":-0.466284,"touchZone":"hovering","type":1,"width":19.1617},{"bases":[[[0.582665,-0.728881,-0.359493],[0.812691,0.52577,0.251196],[0.00591891,-0.438519,0.898702]],[[0.58262,-0.740103,-0.335859],[0.455064,0.63945,-0.619693],[0.673402,0.208208,0.709351]],[[0.58262,-0.740103,-0.335859],[-0.524288,-0.0264851,-0.851129],[0.621028,0.671972,-0.403458]],[[0.58262,-0.740103,-0.335859],[-0.801558,-0.454918,-0.388012],[0.134381,0.495274,-0.85828]]],"btipPosition":[-51.582,275.996,8.22945],"carpPosition":[0.977488,283.779,76.8706],"dipPosition":[-49.0804,285.216,-7.74833],"direction":[-0.621028,-0.671972,0.403458],"extended":false,"handId":915,"id":9152,"length":66.379,"mcpPosition":[0.568404,314.087,14.757],"pipPosition":[-31.5859,304.146,-19.1138],"stabilizedTipPosition":[-91.159,226.123,275.204],"timeVisible":0.614491,"tipPosition":[-50.7339,277.947,5.35005],"tipVelocity":[-11.1992,56.919,-80.749],"tool":false,"touchDistance":0.333333,"touchZone":"none","type":2,"width":18.8193},{"bases":[[[0.514252,-0.823015,-0.24123],[0.852018,0.458104,0.25339],[-0.0980356,-0.335838,0.936804]],[[0.509788,-0.836122,-0.202523],[0.544753,0.495935,-0.676234],[0.665853,0.234411,0.708302]],[[0.509788,-0.836122,-0.202523],[-0.492659,-0.0907429,-0.865478],[0.705268,0.540985,-0.458183]],[[0.509788,-0.836122,-0.202523],[-0.829205,-0.414833,-0.374611],[0.229207,0.358906,-0.904793]]],"btipPosition":[-38.231,264.753,11.849],"carpPosition":[8.7538,275.778,72.0107],"dipPosition":[-33.9886,271.396,-4.89783],"direction":[-0.705268,-0.540985,0.458183],"extended":false,"handId":915,"id":9153,"length":63.8252,"mcpPosition":[14.8372,296.617,13.8788],"pipPosition":[-14.6342,286.242,-17.4716],"stabilizedTipPosition":[-71.744,217.363,277.429],"timeVisible":0.614491,"tipPosition":[-36.9826,266.125,8.97717],"tipVelocity":[-11.2098,64.1277,-107.018],"tool":false,"touchDistance":0.333333,"touchZone":"none","type":3,"width":17.9078},{"bases":[[[0.351554,-0.920656,-0.169713],[0.9096,0.293036,0.294548],[-0.221445,-0.25792,0.940446]],[[0.372225,-0.889704,-0.264339],[0.583357,0.445781,-0.678951],[0.721902,0.0985187,0.684946]],[[0.372225,-0.889704,-0.264339],[-0.542097,0.0227763,-0.840007],[0.753378,0.455969,-0.473828]],[[0.372225,-0.889704,-0.264339],[-0.893452,-0.266336,-0.361676],[0.251381,0.370799,-0.894045]]],"btipPosition":[-20.0524,258.938,13.7782],"carpPosition":[11.4038,262.739,67.345],"dipPosition":[-15.76,265.269,-1.48794],"direction":[-0.753378,-0.455969,0.473828],"extended":false,"handId":915,"id":9154,"length":50.0378,"mcpPosition":[24.1241,277.555,13.3237],"pipPosition":[-1.16278,274.104,-10.6687],"stabilizedTipPosition":[-56.9133,213.571,261.352],"timeVisible":0.614491,"tipPosition":[-18.8585,260.226,11.0431],"tipVelocity":[-6.80903,63.7607,-90.9516],"tool":false,"touchDistance":0.333333,"touchZone":"none","type":4,"width":15.9071}],"r":[[0.87327,-0.0622727,0.483241],[0.062771,0.997913,0.0151616],[-0.483177,0.0170933,0.875356]],"s":0.82441,"t":[41.4401,43.6906,-239.203],"timestamp":607431128954},false],[3,{"currentFrameRate":110.426,"devices":[],"gestures":[],"hands":[{"armBasis":[[0.569078,-0.470397,-0.674446],[0.708859,0.696328,0.112455],[0.416737,-0.542082,0.72971]],"armWidth":63.1234,"confidence":0.773769,"direction":[0.123926,0.502273,-0.855783],"elbow":[109.474,123.359,272.885],"grabStrength":0,"id":915,"palmNormal":[-0.709152,-0.558417,-0.430436],"palmPosition":[-3.63781,297.816,32.2539],"palmVelocity":[-14.1767,65.6821,-76.6221],"palmWidth":90.138,"pinchStrength":1,"r":[[0.87287,-0.0612047,0.4841],[0.0623067,0.997961,0.0138282],[-0.483959,0.0180925,0.874903]],"s":0.82342,"sphereCenter":[-28.3674,272.591,-5.64727],"sphereRadius":46.1201,"stabilizedPalmPosition":[-43.2526,255.293,261.625],"t":[41.2798,44.3119,-239.919],"timeVisible":0.623497,"type":"right","wrist":[-1.99102,268.351,77.7084]}],"id":4476385,"interactionBox":{"center":[0,200,0],"size":[235.247,235.247,147.751]},"pointables":[{"bases":[[[0.937762,0.331801,0.10252],[-0.289812,0.585055,0.757443],[0.191341,-0.740013,0.644802]],[[0.811999,0.569227,-0.128989],[-0.455583,0.756287,0.469548],[0.364832,-0.322507,0.873434]],[[0.811999,0.569227,-0.128989],[-0.557043,0.821785,0.119887],[0.174244,-0.0254951,0.984372]],[[0.811999,0.569227,-0.128989],[-0.551024,0.674776,-0.490968],[-0.192434,0.469742,0.861575]]],"btipPosition":[-49.0647,285.238,-12.3061],"carpPosition":[-29.5998,279.32,84.109],"dipPosition":[-53.5262,296.129,7.66907],"direction":[-0.174244,0.0254951,-0.984372],"extended":false,"handId":915,"id":9150,"length":51.6284,"mcpPosition":[-29.5998,279.32,84.109],"pipPosition":[-47.6409,295.268,40.9176],"stabilizedTipPosition":[-105.775,245.824,244.327],"timeVisible":0.623497,"tipPosition":[-50.5696,288.421,-7.72042],"tipVelocity":[-4.25585,62.7115,-84.6029],"tool":false,"touchDistance":-0.446254,"touchZone":"hovering","type":0,"width":20.0604},{"bases":[[[0.705034,-0.566517,-0.426599],[0.702141,0.642132,0.307676],[0.0996292,-0.516455,0.850499]],[[0.712026,-0.635684,-0.298201],[0.670587,0.741551,0.0203992],[0.208164,-0.214494,0.954285]],[[0.712026,-0.635684,-0.298201],[0.644261,0.760341,-0.0825164],[0.279189,-0.133365,0.95093]],[[0.712026,-0.635684,-0.298201],[0.62055,0.768421,-0.156356],[0.328537,-0.0737188,0.94161]]],"btipPosition":[-37.3703,341.395,-60.2237],"carpPosition":[-9.00417,290.185,81.0822],"dipPosition":[-31.8096,340.147,-44.2864],"direction":[-0.279189,0.133365,-0.95093],"extended":true,"handId":915,"id":9151,"length":58.2569,"mcpPosition":[-16.2652,327.825,19.0972],"pipPosition":[-25.1247,336.954,-21.5173],"stabilizedTipPosition":[-101.392,297.657,164.227],"timeVisible":0.623497,"tipPosition":[-36.6454,340.082,-56.5288],"tipVelocity":[4.36305,67.7046,-86.426],"tool":false,"touchDistance":-0.467767,"touchZone":"hovering","type":1,"width":19.1617},{"bases":[[[0.581914,-0.732195,-0.35393],[0.813244,0.525617,0.249723],[0.00318581,-0.433149,0.901317]],[[0.581796,-0.743382,-0.329996],[0.45995,0.635338,-0.620315],[0.67079,0.209115,0.711556]],[[0.581796,-0.743382,-0.329996],[-0.519082,-0.0270187,-0.854297],[0.626153,0.668321,-0.401596]],[[0.581796,-0.743382,-0.329996],[-0.800891,-0.452918,-0.391714],[0.141732,0.492188,-0.858873]]],"btipPosition":[-51.8979,276.696,6.98851],"carpPosition":[0.629228,284.734,75.9571],"dipPosition":[-49.2594,285.859,-9.0003],"direction":[-0.626153,-0.668321,0.401596],"extended":false,"handId":915,"id":9152,"length":66.379,"mcpPosition":[0.409042,314.671,13.6628],"pipPosition":[-31.6206,304.686,-20.3133],"stabilizedTipPosition":[-91.0941,226.208,274.761],"timeVisible":0.623497,"tipPosition":[-51.0119,278.631,4.1411],"tipVelocity":[-16.7981,62.2425,-96.4979],"tool":false,"touchDistance":0.333333,"touchZone":"none","type":2,"width":18.8193},{"bases":[[[0.513068,-0.825481,-0.235248],[0.852428,0.457886,0.252403],[-0.100637,-0.330032,0.93859]],[[0.508435,-0.838501,-0.195983],[0.547584,0.490484,-0.677921],[0.664564,0.237362,0.70853]],[[0.508435,-0.838501,-0.195983],[-0.490028,-0.0945937,-0.866559],[0.708072,0.536626,-0.458984]],[[0.508435,-0.838501,-0.195983],[-0.828882,-0.414894,-0.375257],[0.233341,0.35324,-0.905965]]],"btipPosition":[-38.5206,265.397,10.9222],"carpPosition":[8.39917,276.687,71.1611],"dipPosition":[-34.2017,271.935,-5.84638],"direction":[-0.708072,-0.536626,0.458984],"extended":false,"handId":915,"id":9153,"length":63.8252,"mcpPosition":[14.6441,297.167,12.9183],"pipPosition":[-14.7704,286.661,-18.4421],"stabilizedTipPosition":[-71.697,217.431,277.057],"timeVisible":0.623497,"tipPosition":[-37.257,266.757,8.02217],"tipVelocity":[-16.4279,65.402,-106.043],"tool":false,"touchDistance":0.333333,"touchZone":"none","type":3,"width":17.9078},{"bases":[[[0.350026,-0.922364,-0.163484],[0.909589,0.292951,0.294665],[-0.223895,-0.251844,0.941512]],[[0.371221,-0.891527,-0.259565],[0.589388,0.442243,-0.67605],[0.717508,0.097979,0.689625]],[[0.371221,-0.891527,-0.259565],[-0.534197,0.0235951,-0.845031],[0.759492,0.452352,-0.467492]],[[0.371221,-0.891527,-0.259565],[-0.891227,-0.263645,-0.369059],[0.260593,0.368334,-0.892424]]],"btipPosition":[-20.4051,259.597,12.6365],"carpPosition":[11.0322,263.616,66.5789],"dipPosition":[-15.9554,265.886,-2.60202],"direction":[-0.759492,-0.452352,0.467492],"extended":false,"handId":915,"id":9154,"length":50.0378,"mcpPosition":[23.8932,278.083,12.4963],"pipPosition":[-1.23973,274.651,-11.66],"stabilizedTipPosition":[-56.8373,213.667,260.841],"timeVisible":0.623497,"tipPosition":[-19.1709,260.879,9.95526],"tipVelocity":[-14.5946,66.0483,-100.6],"tool":false,"touchDistance":0.333333,"touchZone":"none","type":4,"width":15.9071}],"r":[[0.87287,-0.0612047,0.4841],[0.0623067,0.997961,0.0138282],[-0.483959,0.0180925,0.874903]],"s":0.82342,"t":[41.2798,44.3119,-239.919],"timestamp":607431137960},false],[4,{"currentFrameRate":110.317,"devices":[],"gestures":[],"hands":[{"armBasis":[[0.57208,-0.468325,-0.673347],[0.707421,0.697188,0.116122],[0.415066,-0.542771,0.73015]],"armWidth":63.1234,"confidence":0.786356,"direction":[0.126215,0.496088,-0.85905],"elbow":[108.63,124.476,271.832],"grabStrength":0,"id":915,"palmNormal":[-0.705982,-0.563437,-0.429102],"palmPosition":[-3.92059,298.768,30.8545],"palmVelocity":[-18.7801,76.121,-97.5853],"palmWidth":90.138,"pinchStrength":1,"r":[[0.872179,-0.0591777,0.485594],[0.0614272,0.998048,0.0112988],[-0.485315,0.0199741,0.874111]],"s":0.822956,"sphereCenter":[-28.4949,273.325,-6.93421],"sphereRadius":46.1009,"stabilizedPalmPosition":[-43.089,255.474,260.665],"t":[41.0583,45.0984,-240.977],"timeVisible":0.632754,"type":"right","wrist":[-2.38861,269.652,76.5375]}],"id":4476386,"interactionBox":{"center":[0,200,0],"size":[235.247,235.247,147.751]},"pointables":[{"bases":[[[0.936506,0.334919,0.103857],[-0.294387,0.590045,0.751787],[0.190508,-0.734627,0.651176]],[[0.811598,0.569719,-0.129339],[-0.459339,0.759082,0.461306],[0.360994,-0.314984,0.877763]],[[0.811598,0.569719,-0.129339],[-0.558931,0.821631,0.11189],[0.170015,-0.0185177,0.985267]],[[0.811598,0.569719,-0.129339],[-0.550321,0.671226,-0.496592],[-0.196102,0.474211,0.858294]]],"btipPosition":[-49.0979,285.807,-13.8422],"carpPosition":[-30.0507,280.599,82.7412],"dipPosition":[-53.6444,296.801,6.05692],"direction":[-0.170015,0.0185177,-0.985268],"extended":false,"handId":915,"id":9150,"length":51.6284,"mcpPosition":[-30.0507,280.599,82.7412],"pipPosition":[-47.9019,296.175,39.3356],"stabilizedTipPosition":[-105.694,245.886,243.96],"timeVisible":0.632754,"tipPosition":[-50.6184,288.961,-9.26419],"tipVelocity":[-4.66084,63.0704,-108.006],"tool":false,"touchDistance":-0.453265,"touchZone":"hovering","type":0,"width":20.0604},{"bases":[[[0.708191,-0.56796,-0.419388],[0.699271,0.646203,0.305683],[0.0973939,-0.509748,0.854793]],[[0.71483,-0.635813,-0.291136],[0.669276,0.742709,0.0212777],[0.202701,-0.21006,0.956445]],[[0.71483,-0.635813,-0.291136],[0.643229,0.761164,-0.0829793],[0.274362,-0.127951,0.953076]],[[0.71483,-0.635813,-0.291136],[0.619589,0.768884,-0.157883],[0.324234,-0.0675252,0.943564]]],"btipPosition":[-37.252,341.791,-62.0785],"carpPosition":[-9.4697,291.494,79.7168],"dipPosition":[-31.7641,340.648,-46.1081],"direction":[-0.274362,0.127951,-0.953076],"extended":true,"handId":915,"id":9151,"length":58.2569,"mcpPosition":[-16.5678,328.644,17.4189],"pipPosition":[-25.1948,337.585,-23.2876],"stabilizedTipPosition":[-101.002,297.919,162.899],"timeVisible":0.632754,"tipPosition":[-36.5468,340.495,-58.3747],"tipVelocity":[6.22133,61.4348,-118.234],"tool":false,"touchDistance":-0.477031,"touchZone":"hovering","type":1,"width":19.1617},{"bases":[[[0.585184,-0.733391,-0.345972],[0.810901,0.529531,0.249073],[0.000535272,-0.426303,0.90458]],[[0.58499,-0.744495,-0.321736],[0.462785,0.632187,-0.621425],[0.666045,0.214633,0.714364]],[[0.58499,-0.744495,-0.321736],[-0.513165,-0.0325752,-0.857672],[0.628051,0.666833,-0.401105]],[[0.58499,-0.744495,-0.321736],[-0.797661,-0.456376,-0.39428],[0.146707,0.487287,-0.86083]]],"btipPosition":[-52.0652,277.387,5.36715],"carpPosition":[0.198262,286.027,74.6728],"dipPosition":[-49.3341,286.458,-10.6581],"direction":[-0.628051,-0.666833,0.401105],"extended":false,"handId":915,"id":9152,"length":66.379,"mcpPosition":[0.161267,315.491,12.153],"pipPosition":[-31.6418,305.243,-21.9573],"stabilizedTipPosition":[-91.0278,226.297,274.305],"timeVisible":0.632754,"tipPosition":[-51.1664,279.298,2.52579],"tipVelocity":[-16.5097,65.0684,-118.869],"tool":false,"touchDistance":0.333333,"touchZone":"none","type":2,"width":18.8193},{"bases":[[[0.516079,-0.825949,-0.22687],[0.850241,0.461921,0.252427],[-0.103696,-0.323167,0.940644]],[[0.511294,-0.838735,-0.187357],[0.549221,0.486573,-0.679414],[0.661011,0.24448,0.709433]],[[0.511294,-0.838735,-0.187357],[-0.485995,-0.102382,-0.867944],[0.708793,0.534829,-0.459969]],[[0.511294,-0.838735,-0.187357],[-0.826202,-0.419704,-0.375818],[0.236577,0.346948,-0.907556]]],"btipPosition":[-38.6445,266.098,9.62012],"carpPosition":[8.00786,277.965,69.9699],"dipPosition":[-34.2657,272.52,-7.17789],"direction":[-0.708793,-0.534829,0.459969],"extended":false,"handId":915,"id":9153,"length":63.8252,"mcpPosition":[14.4426,298.018,11.5997],"pipPosition":[-14.8146,287.197,-19.8006],"stabilizedTipPosition":[-71.6469,217.504,276.658],"timeVisible":0.632754,"tipPosition":[-37.3714,267.442,6.70309],"tipVelocity":[-15.1533,67.5182,-115.982],"tool":false,"touchDistance":0.333333,"touchZone":"none","type":3,"width":17.9078},{"bases":[[[0.352983,-0.922694,-0.155045],[0.907636,0.297454,0.296173],[-0.227158,-0.245268,0.942466]],[[0.374595,-0.892358,-0.251744],[0.591153,0.439032,-0.676601],[0.714294,0.104632,0.69198]],[[0.374595,-0.892358,-0.251744],[-0.529801,0.0168173,-0.847955],[0.760914,0.451014,-0.466473]],[[0.374595,-0.892358,-0.251744],[-0.88856,-0.267948,-0.372378],[0.26484,0.363181,-0.893286]]],"btipPosition":[-20.5452,260.349,11.4132],"carpPosition":[10.6921,264.866,65.4978],"dipPosition":[-16.023,266.551,-3.84006],"direction":[-0.760914,-0.451014,0.466473],"extended":false,"handId":915,"id":9154,"length":50.0378,"mcpPosition":[23.7406,278.955,11.3605],"pipPosition":[-1.27976,275.289,-12.8783],"stabilizedTipPosition":[-56.7564,213.771,260.293],"timeVisible":0.632754,"tipPosition":[-19.2944,261.627,8.7159],"tipVelocity":[-14.2394,69.7231,-109.575],"tool":false,"touchDistance":0.333333,"touchZone":"none","type":4,"width":15.9071}],"r":[[0.872179,-0.0591777,0.485594],[0.0614272,0.998048,0.0112988],[-0.485315,0.0199741,0.874111]],"s":0.822956,"t":[41.0583,45.0984,-240.977],"timestamp":607431147217},false],[5,{"currentFrameRate":110.434,"devices":[],"gestures":[],"hands":[{"armBasis":[[0.576512,-0.466647,-0.670726],[0.704296,0.699967,0.118376],[0.414247,-0.540635,0.732198]],"armWidth":63.1234,"confidence":0.523016,"direction":[0.124661,0.503632,-0.854877],"elbow":[108.299,125.45,271.481],"grabStrength":0,"id":915,"palmNormal":[-0.703722,-0.562506,-0.434007],"palmPosition":[-4.12505,299.54,30.1975],"palmVelocity":[-19.9516,79.163,-91.2704],"palmWidth":90.138,"pinchStrength":1,"r":[[0.871631,-0.0577047,0.486755],[0.059978,0.99814,0.0109267],[-0.48648,0.0196705,0.87347]],"s":0.822592,"sphereCenter":[-28.6639,274.444,-7.77168],"sphereRadius":46.0588,"stabilizedPalmPosition":[-42.9126,255.673,259.622],"t":[40.8453,45.8782,-241.835],"timeVisible":0.641602,"type":"right","wrist":[-2.50027,270.055,75.6392]}],"id":4476387,"interactionBox":{"center":[0,200,0],"size":[235.247,235.247,147.751]},"pointables":[{"bases":[[[0.935212,0.337543,0.106974],[-0.296852,0.582714,0.756521],[0.193023,-0.739262,0.645161]],[[0.809866,0.573388,-0.123871],[-0.462609,0.754108,0.466169],[0.360708,-0.32023,0.875981]],[[0.809866,0.573388,-0.123871],[-0.561726,0.818873,0.117942],[0.169062,-0.0259357,0.985264]],[[0.809866,0.573388,-0.123871],[-0.552234,0.673979,-0.490702],[-0.197876,0.465809,0.862477]]],"btipPosition":[-49.165,286.759,-14.6696],"carpPosition":[-30.2052,280.847,81.9225],"dipPosition":[-53.7526,297.559,5.32651],"direction":[-0.169062,0.0259357,-0.985264],"extended":false,"handId":915,"id":9150,"length":51.6284,"mcpPosition":[-30.2052,280.847,81.9225],"pipPosition":[-48.0423,296.683,38.6051],"stabilizedTipPosition":[-105.605,245.956,243.55],"timeVisible":0.641602,"tipPosition":[-50.7047,289.85,-10.0467],"tipVelocity":[-5.74009,73.7659,-103.401],"tool":false,"touchDistance":-0.448349,"touchZone":"hovering","type":0,"width":20.0604},{"bases":[[[0.710454,-0.561831,-0.423794],[0.696745,0.646262,0.311273],[0.0989991,-0.516422,0.850592]],[[0.717304,-0.630478,-0.296601],[0.666857,0.744581,0.0299959],[0.201932,-0.219307,0.95453]],[[0.717304,-0.630478,-0.296601],[0.640496,0.764237,-0.075539],[0.274299,-0.135787,0.952009]],[[0.717304,-0.630478,-0.296601],[0.616494,0.772652,-0.151473],[0.32467,-0.0742007,0.942912]]],"btipPosition":[-37.5365,343.321,-62.3751],"carpPosition":[-9.664,291.843,78.996],"dipPosition":[-32.0412,342.065,-46.4157],"direction":[-0.274299,0.135787,-0.952009],"extended":true,"handId":915,"id":9151,"length":58.2569,"mcpPosition":[-16.8791,329.48,17.0042],"pipPosition":[-25.4734,338.814,-23.6207],"stabilizedTipPosition":[-100.561,298.226,161.39],"timeVisible":0.641602,"tipPosition":[-36.8153,342.008,-58.688],"tipVelocity":[-4.11115,90.8004,-95.3856],"tool":false,"touchDistance":-0.462148,"touchZone":"hovering","type":1,"width":19.1617},{"bases":[[[0.58804,-0.72832,-0.351793],[0.80883,0.530479,0.253744],[0.00181211,-0.433752,0.90103]],[[0.587875,-0.739741,-0.327392],[0.462106,0.639268,-0.61465],[0.663974,0.210048,0.717648]],[[0.587875,-0.739741,-0.327392],[-0.51085,-0.0256738,-0.859287],[0.627244,0.672402,-0.392989]],[[0.587875,-0.739741,-0.327392],[-0.795408,-0.454833,-0.400566],[0.147406,0.495893,-0.855781]]],"btipPosition":[-52.217,278.23,4.37101],"carpPosition":[0.0260713,286.454,73.9107],"dipPosition":[-49.4728,287.462,-11.5602],"direction":[-0.627244,-0.672402,0.392989],"extended":false,"handId":915,"id":9152,"length":66.379,"mcpPosition":[-0.0991719,316.433,11.6362],"pipPosition":[-31.8033,306.404,-22.6308],"stabilizedTipPosition":[-90.9594,226.391,273.83],"timeVisible":0.641602,"tipPosition":[-51.319,280.167,1.55509],"tipVelocity":[-16.5929,74.395,-116.507],"tool":false,"touchDistance":0.333333,"touchZone":"none","type":2,"width":18.8193},{"bases":[[[0.51924,-0.822116,-0.233485],[0.848421,0.462991,0.256555],[-0.102816,-0.331307,0.937904]],[[0.514468,-0.835294,-0.193925],[0.547721,0.4941,-0.67518],[0.659791,0.241142,0.711706]],[[0.514468,-0.835294,-0.193925],[-0.485066,-0.0969892,-0.869082],[0.707131,0.541181,-0.45507]],[[0.514468,-0.835294,-0.193925],[-0.824399,-0.419554,-0.379923],[0.235986,0.355329,-0.904462]]],"btipPosition":[-38.7291,266.917,8.67225],"carpPosition":[7.86737,278.46,69.1444],"dipPosition":[-34.3612,273.494,-8.06849],"direction":[-0.707131,-0.541181,0.45507],"extended":false,"handId":915,"id":9153,"length":63.8252,"mcpPosition":[14.2475,299.019,10.9442],"pipPosition":[-14.9557,288.345,-20.5568],"stabilizedTipPosition":[-71.5936,217.584,276.231],"timeVisible":0.641602,"tipPosition":[-37.4592,268.293,5.7562],"tipVelocity":[-13.7157,75.3818,-113.183],"tool":false,"touchDistance":0.333333,"touchZone":"none","type":3,"width":17.9078},{"bases":[[[0.356481,-0.920059,-0.162523],[0.906415,0.298384,0.298963],[-0.226569,-0.253888,0.940323]],[[0.378076,-0.888729,-0.259267],[0.589849,0.4471,-0.672443],[0.713538,0.101306,0.693254]],[[0.378076,-0.888729,-0.259267],[-0.528942,0.0224719,-0.848361],[0.759789,0.457882,-0.46159]],[[0.378076,-0.888729,-0.259267],[-0.887128,-0.267724,-0.375936],[0.264693,0.372136,-0.889636]]],"btipPosition":[-20.6183,261.218,10.4022],"carpPosition":[10.6021,265.409,64.5653],"dipPosition":[-16.0985,267.572,-4.7887],"direction":[-0.759789,-0.457882,0.46159],"extended":false,"handId":915,"id":9154,"length":50.0378,"mcpPosition":[23.6168,279.993,10.5511],"pipPosition":[-1.37711,276.444,-13.7323],"stabilizedTipPosition":[-56.6716,213.883,259.715],"timeVisible":0.641602,"tipPosition":[-19.3671,262.529,7.70814],"tipVelocity":[-12.6374,78.4945,-110.404],"tool":false,"touchDistance":0.333333,"touchZone":"none","type":4,"width":15.9071}],"r":[[0.871631,-0.0577047,0.486755],[0.059978,0.99814,0.0109267],[-0.48648,0.0196705,0.87347]],"s":0.822592,"t":[40.8453,45.8782,-241.835],"timestamp":607431156065},false],[6,{"currentFrameRate":110.438,"devices":[],"gestures":[],"hands":[{"armBasis":[[0.574595,-0.469169,-0.670612],[0.706003,0.698618,0.116157],[0.414005,-0.540197,0.732658]],"armWidth":63.1234,"confidence":0.555908,"direction":[0.126404,0.49741,-0.858257],"elbow":[108.004,126.395,271.054],"grabStrength":0,"id":915,"palmNormal":[-0.704628,-0.563966,-0.430629],"palmPosition":[-4.25689,300.055,29.4418],"palmVelocity":[-18.4675,73.0267,-89.1324],"palmWidth":90.138,"pinchStrength":1,"r":[[0.871089,-0.0562314,0.487895],[0.0592554,0.9982,0.00925084],[-0.487537,0.0208521,0.872854]],"s":0.822022,"sphereCenter":[-28.855,274.783,-8.38138],"sphereRadius":46.0626,"stabilizedPalmPosition":[-42.7189,255.895,258.468],"t":[40.6729,46.5255,-242.641],"timeVisible":0.65065,"type":"right","wrist":[-2.73074,270.883,75.0883]}],"id":4476388,"interactionBox":{"center":[0,200,0],"size":[235.247,235.247,147.751]},"pointables":[{"bases":[[[0.935869,0.336233,0.105342],[-0.29614,0.588601,0.75223],[0.19092,-0.735185,0.650425]],[[0.811522,0.570391,-0.126834],[-0.461411,0.75872,0.459831],[0.358515,-0.31464,0.878902]],[[0.811522,0.570391,-0.126834],[-0.559654,0.821134,0.111924],[0.167988,-0.0198454,0.985589]],[[0.811522,0.570391,-0.126834],[-0.550207,0.672839,-0.49453],[-0.196737,0.471107,0.859857]]],"btipPosition":[-49.2581,287.086,-15.4113],"carpPosition":[-30.4167,281.779,81.2755],"dipPosition":[-53.8193,298.008,4.52397],"direction":[-0.167988,0.0198454,-0.985589],"extended":false,"handId":915,"id":9150,"length":51.6284,"mcpPosition":[-30.4167,281.779,81.2755],"pipPosition":[-48.1453,297.338,37.8136],"stabilizedTipPosition":[-105.506,246.034,243.098],"timeVisible":0.65065,"tipPosition":[-50.7875,290.178,-10.7929],"tipVelocity":[-6.81051,64.2396,-97.9192],"tool":false,"touchDistance":-0.443183,"touchZone":"hovering","type":0,"width":20.0604},{"bases":[[[0.709538,-0.566312,-0.419341],[0.697927,0.646883,0.307312],[0.0972303,-0.510719,0.854232]],[[0.716145,-0.633886,-0.292104],[0.668774,0.742963,0.0273388],[0.199692,-0.21493,0.955996]],[[0.716145,-0.633886,-0.292104],[0.642307,0.762309,-0.0795333],[0.273088,-0.130663,0.953074]],[[0.716145,-0.633886,-0.292104],[0.618082,0.770387,-0.156457],[0.324209,-0.0684982,0.943502]]],"btipPosition":[-37.4607,343.366,-63.4459],"carpPosition":[-9.84922,292.709,78.2883],"dipPosition":[-31.9732,342.206,-47.4765],"direction":[-0.273088,0.130663,-0.953074],"extended":true,"handId":915,"id":9151,"length":58.2569,"mcpPosition":[-16.9354,329.93,16.0312],"pipPosition":[-25.4344,339.078,-24.6561],"stabilizedTipPosition":[-100.129,298.527,159.905],"timeVisible":0.65065,"tipPosition":[-36.7338,342.088,-59.7544],"tipVelocity":[-0.721421,67.803,-101.649],"tool":false,"touchDistance":-0.460294,"touchZone":"hovering","type":1,"width":19.1617},{"bases":[[[0.586705,-0.73203,-0.346279],[0.8098,0.530459,0.250673],[0.000187024,-0.427488,0.904021]],[[0.586494,-0.743379,-0.321579],[0.464575,0.633981,-0.618255],[0.663472,0.213205,0.717181]],[[0.586494,-0.743379,-0.321579],[-0.509311,-0.029767,-0.860068],[0.629784,0.668208,-0.396069]],[[0.586494,-0.743379,-0.321579],[-0.795868,-0.455201,-0.399233],[0.150399,0.490082,-0.858604]]],"btipPosition":[-52.4012,278.683,3.66321],"carpPosition":[-0.167178,287.264,73.248],"dipPosition":[-49.6014,287.806,-12.3206],"direction":[-0.629784,-0.668208,0.396069],"extended":false,"handId":915,"id":9152,"length":66.379,"mcpPosition":[-0.180104,316.81,10.7668],"pipPosition":[-31.8603,306.63,-23.4779],"stabilizedTipPosition":[-90.8853,226.494,273.312],"timeVisible":0.65065,"tipPosition":[-51.4939,280.602,0.82724],"tipVelocity":[-17.242,66.9079,-106.317],"tool":false,"touchDistance":0.333333,"touchZone":"none","type":2,"width":18.8193},{"bases":[[[0.517611,-0.824851,-0.227376],[0.849242,0.462905,0.253983],[-0.104244,-0.324561,0.940103]],[[0.512673,-0.837991,-0.186914],[0.554251,0.489277,-0.67336],[0.655722,0.241616,0.715297]],[[0.512673,-0.837991,-0.186914],[-0.478263,-0.0979313,-0.872739],[0.713043,0.536824,-0.450987]],[[0.512673,-0.837991,-0.186914],[-0.82329,-0.418031,-0.383984],[0.243639,0.350742,-0.904223]]],"btipPosition":[-38.9715,267.442,7.65928],"carpPosition":[7.66015,279.22,68.5433],"dipPosition":[-34.462,273.934,-9.07703],"direction":[-0.713043,-0.536824,0.450987],"extended":false,"handId":915,"id":9153,"length":63.8252,"mcpPosition":[14.1289,299.36,10.2066],"pipPosition":[-14.8942,288.666,-21.4533],"stabilizedTipPosition":[-71.5363,217.672,275.767],"timeVisible":0.65065,"tipPosition":[-37.6783,268.785,4.81803],"tipVelocity":[-16.3298,69.9872,-112.813],"tool":false,"touchDistance":0.333333,"touchZone":"none","type":3,"width":17.9078},{"bases":[[[0.354585,-0.921942,-0.15586],[0.906842,0.298471,0.297577],[-0.227829,-0.246857,0.941889]],[[0.376364,-0.891256,-0.253007],[0.59117,0.441291,-0.675115],[0.71335,0.104519,0.69297]],[[0.376364,-0.891256,-0.253007],[-0.528075,0.0180148,-0.849007],[0.76124,0.453142,-0.46387]],[[0.376364,-0.891256,-0.253007],[-0.887284,-0.26816,-0.375256],[0.266603,0.365721,-0.891723]]],"btipPosition":[-20.8325,261.625,9.89365],"carpPosition":[10.3697,266.131,64.057],"dipPosition":[-16.2801,267.87,-5.33289],"direction":[-0.76124,-0.453142,0.46387],"extended":false,"handId":915,"id":9154,"length":50.0378,"mcpPosition":[23.4567,280.311,9.95277],"pipPosition":[-1.53057,276.65,-14.3207],"stabilizedTipPosition":[-56.5779,214.008,259.072],"timeVisible":0.65065,"tipPosition":[-19.5738,262.921,7.18091],"tipVelocity":[-15.4527,68.4912,-95.7047],"tool":false,"touchDistance":0.333333,"touchZone":"none","type":4,"width":15.9071}],"r":[[0.871089,-0.0562314,