{"sensorType":"Leap","data":[[0,{"currentFrameRate":103.745,"devices":[],"gestures":[],"hands":[{"armBasis":[[0.665354,-0.369305,-0.648782],[0.625407,0.750296,0.214292],[0.40764,-0.548333,0.730178]],"armWidth":63.1234,"confidence":0.837929,"direction":[0.112263,0.486529,-0.866422],"elbow":[98.8699,129.603,278.709],"grabStrength":0,"id":911,"palmNormal":[-0.616911,-0.649419,-0.444607],"palmPosition":[-12.6794,303.927,36.8712],"palmVelocity":[6.35212,-28.3361,-150.783],"palmWidth":90.138,"pinchStrength":1,"r":[[0.697079,-0.696866,0.1687],[0.716305,0.66654,-0.206473],[0.0314385,0.264769,0.963799]],"s":0.831105,"sphereCenter":[-35.2682,280.9,0.0269238],"sphereRadius":44.5486,"stabilizedPalmPosition":[-41.3683,268.267,223.798],"t":[39.9368,45.9191,-207.281],"timeVisible":0.705038,"type":"right","wrist":[-10.1623,276.266,83.4066]}],"id":4473883,"interactionBox":{"center":[0,200,0],"size":[235.247,235.247,147.751]},"pointables":[{"bases":[[[0.88715,0.440627,0.137161],[-0.394843,0.57089,0.71985],[0.238881,-0.692771,0.680444]],[[0.729932,0.670738,-0.131568],[-0.574612,0.706395,0.413313],[0.370164,-0.22609,0.901034]],[[0.729932,0.670738,-0.131568],[-0.674904,0.737719,0.0165836],[0.108184,0.076691,0.991168]],[[0.729932,0.670738,-0.131568],[-0.63628,0.59646,-0.489268],[-0.249695,0.440846,0.862152]]],"btipPosition":[-55.3122,282.543,-10.0184],"carpPosition":[-39.1426,284.174,88.0045],"dipPosition":[-61.1013,292.763,9.97011],"direction":[-0.108184,-0.076691,-0.991168],"extended":false,"handId":911,"id":9110,"length":51.6284,"mcpPosition":[-39.1426,284.174,88.0045],"pipPosition":[-57.4472,295.354,43.4482],"stabilizedTipPosition":[-81.0218,242.478,181.215],"timeVisible":0.705038,"tipPosition":[-56.996,285.039,-5.47631],"tipVelocity":[-5.50933,-12.3427,-141.007],"tool":false,"touchDistance":-0.530267,"touchZone":"hovering","type":0,"width":20.0604},{"bases":[[[0.786775,-0.494432,-0.369488],[0.607101,0.727937,0.318647],[0.111414,-0.47502,0.872893]],[[0.794525,-0.549726,-0.257938],[0.589087,0.800852,0.107762],[0.147331,-0.237568,0.960133]],[[0.794525,-0.549726,-0.257938],[0.56896,0.822365,-0.0000865176],[0.212167,-0.146688,0.966161]],[[0.794525,-0.549726,-0.257938],[0.549367,0.831709,-0.0803527],[0.258701,-0.0778604,0.962814]]],"btipPosition":[-43.628,346.802,-58.2938],"carpPosition":[-19.7788,297.241,85.6167],"dipPosition":[-39.2494,345.484,-41.9976],"direction":[-0.212167,0.146688,-0.966161],"extended":true,"handId":911,"id":9111,"length":58.2569,"mcpPosition":[-27.8988,331.861,21.9996],"pipPosition":[-34.1692,341.972,-18.8638],"stabilizedTipPosition":[-80.7911,300.766,109.852],"timeVisible":0.705038,"tipPosition":[-43.2199,345.275,-54.5703],"tipVelocity":[16.3924,-9.96934,-151.577],"tool":false,"touchDistance":-0.563238,"touchZone":"hovering","type":1,"width":19.1617},{"bases":[[[0.679493,-0.670866,-0.297031],[0.733673,0.623262,0.27068],[0.00353804,-0.401849,0.915699]],[[0.679499,-0.674231,-0.289299],[0.420666,0.681096,-0.59929],[0.6011,0.285519,0.74643]],[[0.679499,-0.674231,-0.289299],[-0.49382,-0.128674,-0.859991],[0.542607,0.727224,-0.420383]],[[0.679499,-0.674231,-0.289299],[-0.730634,-0.585982,-0.350426],[0.0667443,0.449486,-0.890791]]],"btipPosition":[-54.8006,278.066,10.6818],"carpPosition":[-9.32624,292.78,81.1861],"dipPosition":[-53.5581,286.434,-5.90123],"direction":[-0.542607,-0.727224,0.420383],"extended":false,"handId":911,"id":9112,"length":66.379,"mcpPosition":[-9.57077,320.553,17.8979],"pipPosition":[-38.2727,306.92,-17.7435],"stabilizedTipPosition":[-56.1275,222.665,216.296],"timeVisible":0.705038,"tipPosition":[-54.174,279.843,7.86786],"tipVelocity":[-6.01157,-21.2424,-144.282],"tool":false,"touchDistance":0.333333,"touchZone":"none","type":2,"width":18.8193},{"bases":[[[0.615354,-0.767752,-0.178595],[0.780084,0.560611,0.27782],[-0.113174,-0.310277,0.943886]],[[0.611182,-0.777789,-0.146628],[0.532095,0.540913,-0.651374],[0.585945,0.320089,0.744454]],[[0.611182,-0.777789,-0.146628],[-0.457752,-0.196224,-0.867156],[0.645693,0.597109,-0.475964]],[[0.611182,-0.777789,-0.146628],[-0.771666,-0.544359,-0.328944],[0.176031,0.314193,-0.932897]]],"btipPosition":[-40.3353,268.422,15.8931],"carpPosition":[-0.445852,285.538,77.0862],"dipPosition":[-37.0772,274.238,-1.37391],"direction":[-0.645693,-0.597109,0.475964],"extended":false,"handId":911,"id":9113,"length":63.8252,"mcpPosition":[6.57699,304.791,18.5149],"pipPosition":[-19.3577,290.624,-14.4356],"stabilizedTipPosition":[-41.1061,220.231,230.512],"timeVisible":0.705038,"tipPosition":[-39.2803,269.694,12.9793],"tipVelocity":[-9.76927,-24.791,-150.524],"tool":false,"touchDistance":0.333333,"touchZone":"none","type":3,"width":17.9078},{"bases":[[[0.460711,-0.880508,-0.111583],[0.853214,0.404744,0.328951],[-0.244481,-0.246756,0.937732]],[[0.463831,-0.877247,-0.123686],[0.616113,0.419733,-0.666505],[0.636605,0.232941,0.735168]],[[0.463831,-0.877247,-0.123686],[-0.490876,-0.138263,-0.860188],[0.737497,0.459696,-0.494751]],[[0.463831,-0.877247,-0.123686],[-0.852051,-0.403492,-0.333471],[0.242631,0.260061,-0.934612]]],"btipPosition":[-22.7913,265.389,19.0551],"carpPosition":[3.89667,272.722,73.1271],"dipPosition":[-18.6483,269.829,3.09625],"direction":[-0.737497,-0.459696,0.494751],"extended":false,"handId":911,"id":9114,"length":50.0378,"mcpPosition":[17.9402,286.896,19.2617],"pipPosition":[-4.35884,278.736,-6.48987],"stabilizedTipPosition":[-34.5163,230.395,226.97],"timeVisible":0.705038,"tipPosition":[-21.8479,266.835,16.246],"tipVelocity":[-7.27892,-35.8495,-149.914],"tool":false,"touchDistance":0.333333,"touchZone":"none","type":4,"width":15.9071}],"r":[[0.697079,-0.696866,0.1687],[0.716305,0.66654,-0.206473],[0.0314385,0.264769,0.963799]],"s":0.831105,"t":[39.9368,45.9191,-207.281],"timestamp":607407520476},false],[1,{"currentFrameRate":104.08,"devices":[],"gestures":[],"hands":[{"armBasis":[[0.664217,-0.37396,-0.647279],[0.627197,0.749918,0.21035],[0.406743,-0.545689,0.732655]],"armWidth":63.1234,"confidence":0.838751,"direction":[0.113485,0.485113,-0.867056],"elbow":[98.6007,130.178,278.329],"grabStrength":0,"id":911,"palmNormal":[-0.61859,-0.64841,-0.443746],"palmPosition":[-12.6391,303.741,35.7929],"palmVelocity":[5.84068,-26.2577,-142.381],"palmWidth":90.138,"pinchStrength":1,"r":[[0.695535,-0.698244,0.169371],[0.717743,0.664471,-0.208139],[0.0327895,0.266333,0.963323]],"s":0.831885,"sphereCenter":[-35.2804,280.696,-1.06529],"sphereRadius":44.6045,"stabilizedPalmPosition":[-41.3683,268.267,223.798],"t":[39.9944,45.6797,-208.429],"timeVisible":0.714015,"type":"right","wrist":[-10.1917,276.134,82.3642]}],"id":4473884,"interactionBox":{"center":[0,200,0],"size":[235.247,235.247,147.751]},"pointables":[{"bases":[[[0.888282,0.438526,0.136564],[-0.393354,0.572837,0.719117],[0.237122,-0.692497,0.681337]],[[0.7329,0.66762,-0.130922],[-0.571325,0.708446,0.414358],[0.369385,-0.228885,0.900648]],[[0.7329,0.66762,-0.130922],[-0.671499,0.740776,0.0184467],[0.109299,0.0743942,0.991221]],[[0.7329,0.66762,-0.130922],[-0.633692,0.599867,-0.488461],[-0.247571,0.440957,0.862708]]],"btipPosition":[-55.3695,282.704,-11.066],"carpPosition":[-39.1514,284.122,86.9525],"dipPosition":[-61.1093,292.927,8.93545],"direction":[-0.109299,-0.0743942,-0.991221],"extended":false,"handId":911,"id":9110,"length":51.6284,"mcpPosition":[-39.1514,284.122,86.9525],"pipPosition":[-57.4175,295.44,42.4153],"stabilizedTipPosition":[-81.0218,242.478,181.215],"timeVisible":0.714015,"tipPosition":[-56.9991,285.085,-6.51799],"tipVelocity":[-5.4016,-4.01551,-134.254],"tool":false,"touchDistance":-0.521242,"touchZone":"touching","type":0,"width":20.0604},{"bases":[[[0.785492,-0.496931,-0.368866],[0.608977,0.72679,0.317684],[0.110221,-0.47417,0.873507]],[[0.793093,-0.551741,-0.258043],[0.591397,0.798923,0.109415],[0.145788,-0.239382,0.959918]],[[0.793093,-0.551741,-0.258043],[0.571311,0.820733,0.00105078],[0.211204,-0.148256,0.966133]],[[0.793093,-0.551741,-0.258043],[0.551664,0.830251,-0.0796866],[0.258206,-0.079154,0.962842]]],"btipPosition":[-43.4194,346.772,-59.3987],"carpPosition":[-19.7543,297.136,84.5472],"dipPosition":[-39.0491,345.432,-43.102],"direction":[-0.211204,0.148256,-0.966133],"extended":true,"handId":911,"id":9111,"length":58.2569,"mcpPosition":[-27.7872,331.694,20.8854],"pipPosition":[-33.992,341.882,-19.9688],"stabilizedTipPosition":[-80.791,300.766,109.852],"timeVisible":0.714015,"tipPosition":[-42.9981,345.252,-55.6808],"tipVelocity":[18.2118,-8.30708,-143.764],"tool":false,"touchDistance":-0.551818,"touchZone":"hovering","type":1,"width":19.1617},{"bases":[[[0.67776,-0.672994,-0.296177],[0.735279,0.621728,0.26985],[0.0025337,-0.400666,0.91622]],[[0.677754,-0.676627,-0.287792],[0.424135,0.67948,-0.598679],[0.600632,0.283695,0.747502]],[[0.677754,-0.676627,-0.287792],[-0.492661,-0.127331,-0.860855],[0.545834,0.725232,-0.419647]],[[0.677754,-0.676627,-0.287792],[-0.732017,-0.58403,-0.3508],[0.0692817,0.448425,-0.891132]]],"btipPosition":[-54.834,278.01,9.51621],"carpPosition":[-9.31328,292.642,80.1222],"dipPosition":[-53.5442,286.358,-7.07313],"direction":[-0.545834,-0.725232,0.419647],"extended":false,"handId":911,"id":9112,"length":66.379,"mcpPosition":[-9.4884,320.334,16.7979],"pipPosition":[-38.168,306.788,-18.8946],"stabilizedTipPosition":[-56.1275,222.665,216.296],"timeVisible":0.714015,"tipPosition":[-54.213,279.769,6.69552],"tipVelocity":[-5.05128,-17.2714,-140.369],"tool":false,"touchDistance":0.333333,"touchZone":"none","type":2,"width":18.8193},{"bases":[[[0.613375,-0.769561,-0.177614],[0.781529,0.558967,0.27707],[-0.113942,-0.308758,0.944291]],[[0.609011,-0.779897,-0.144452],[0.536421,0.539145,-0.649289],[0.584259,0.317937,0.746698]],[[0.609011,-0.779897,-0.144452],[-0.45459,-0.193968,-0.869324],[0.649964,0.595095,-0.472662]],[[0.609011,-0.779897,-0.144452],[-0.772323,-0.54162,-0.331912],[0.180619,0.313702,-0.932185]]],"btipPosition":[-40.4209,268.322,14.6101],"carpPosition":[-0.451636,285.372,76.0315],"dipPosition":[-37.0779,274.129,-2.64377],"direction":[-0.649964,-0.595095,0.472662],"extended":false,"handId":911,"id":9113,"length":63.8252,"mcpPosition":[6.61886,304.532,17.4349],"pipPosition":[-19.2412,290.46,-15.6148],"stabilizedTipPosition":[-41.1061,220.231,230.512],"timeVisible":0.714015,"tipPosition":[-39.3579,269.58,11.7171],"tipVelocity":[-9.1097,-21.1136,-148.349],"tool":false,"touchDistance":0.333333,"touchZone":"none","type":3,"width":17.9078},{"bases":[[[0.458446,-0.881832,-0.11045],[0.85426,0.402979,0.328402],[-0.245086,-0.244908,0.938058]],[[0.462113,-0.878014,-0.124674],[0.616017,0.418943,-0.667091],[0.637946,0.23147,0.73447]],[[0.462113,-0.878014,-0.124674],[-0.491819,-0.136751,-0.859891],[0.737947,0.458684,-0.495018]],[[0.462113,-0.878014,-0.124674],[-0.852964,-0.401581,-0.333444],[0.242702,0.260431,-0.93449]]],"btipPosition":[-22.8523,265.166,18.0257],"carpPosition":[3.85785,272.54,72.0889],"dipPosition":[-18.7081,269.613,2.06892],"direction":[-0.737947,-0.458684,0.495018],"extended":false,"handId":911,"id":9114,"length":50.0378,"mcpPosition":[17.9361,286.608,18.2047],"pipPosition":[-4.4099,278.5,-7.52239],"stabilizedTipPosition":[-34.5163,230.395,226.97],"timeVisible":0.714015,"tipPosition":[-21.9055,266.616,15.1939],"tipVelocity":[-7.13779,-32.785,-140.244],"tool":false,"touchDistance":0.333333,"touchZone":"none","type":4,"width":15.9071}],"r":[[0.695535,-0.698244,0.169371],[0.717743,0.664471,-0.208139],[0.0327895,0.266333,0.963323]],"s":0.831885,"t":[39.9944,45.6797,-208.429],"timestamp":607407529453},false],[2,{"currentFrameRate":104.243,"devices":[],"gestures":[],"hands":[{"armBasis":[[0.664092,-0.376228,-0.646092],[0.627609,0.750154,0.20827],[0.406312,-0.543803,0.734295]],"armWidth":63.1234,"confidence":0.839877,"direction":[0.113623,0.485532,-0.866803],"elbow":[98.4455,130.543,278.029],"grabStrength":0,"id":911,"palmNormal":[-0.619102,-0.647756,-0.443988],"palmPosition":[-12.6704,303.629,35.071],"palmVelocity":[3.24441,-22.2285,-124.15],"palmWidth":90.138,"pinchStrength":1,"r":[[0.694214,-0.699452,0.169803],[0.718967,0.662742,-0.209424],[0.0339465,0.267468,0.962969]],"s":0.832388,"sphereCenter":[-35.3483,280.615,-1.82831],"sphereRadius":44.6464,"stabilizedPalmPosition":[-41.3683,268.267,223.798],"t":[40.0076,45.5044,-209.364],"timeVisible":0.723303,"type":"right","wrist":[-10.2314,275.995,81.626]}],"id":4473885,"interactionBox":{"center":[0,200,0],"size":[235.247,235.247,147.751]},"pointables":[{"bases":[[[0.888595,0.437871,0.136632],[-0.392835,0.572683,0.719524],[0.236812,-0.693039,0.680895]],[[0.734406,0.666273,-0.12934],[-0.569801,0.708796,0.415855],[0.368749,-0.231709,0.900186]],[[0.734406,0.666273,-0.12934],[-0.669837,0.742236,0.0200992],[0.109392,0.0718756,0.991397]],[[0.734406,0.666273,-0.12934],[-0.632296,0.602382,-0.487173],[-0.246678,0.439563,0.863675]]],"btipPosition":[-55.3954,282.838,-11.7992],"carpPosition":[-39.1849,283.999,86.2248],"dipPosition":[-61.1145,293.029,8.22466],"direction":[-0.109392,-0.0718756,-0.991397],"extended":false,"handId":911,"id":9110,"length":51.6284,"mcpPosition":[-39.1849,283.999,86.2248],"pipPosition":[-57.4196,295.457,41.7104],"stabilizedTipPosition":[-81.0218,242.478,181.215],"timeVisible":0.723303,"tipPosition":[-57.0102,285.141,-7.24005],"tipVelocity":[-4.52113,0.958944,-118.5],"tool":false,"touchDistance":-0.508372,"touchZone":"touching","type":0,"width":20.0604},{"bases":[[[0.785094,-0.497231,-0.369309],[0.609514,0.726213,0.317973],[0.110091,-0.474738,0.873215]],[[0.792671,-0.551779,-0.259253],[0.592285,0.797764,0.113008],[0.144467,-0.24313,0.959175]],[[0.792671,-0.551779,-0.259253],[0.572181,0.820118,0.00396408],[0.210431,-0.151482,0.965801]],[[0.792671,-0.551779,-0.259253],[0.55242,0.829964,-0.0774125],[0.257885,-0.0818537,0.962702]]],"btipPosition":[-43.3553,346.961,-60.0597],"carpPosition":[-19.7799,297.002,83.823],"dipPosition":[-38.9905,345.576,-43.7654],"direction":[-0.210431,0.151482,-0.965801],"extended":true,"handId":911,"id":9111,"length":58.2569,"mcpPosition":[-27.8034,331.601,20.1825],"pipPosition":[-33.9519,341.949,-20.6401],"stabilizedTipPosition":[-80.791,300.766,109.851],"timeVisible":0.723303,"tipPosition":[-42.9261,345.437,-56.3498],"tipVelocity":[14.9818,-0.527073,-123.31],"tool":false,"touchDistance":-0.534893,"touchZone":"touching","type":1,"width":19.1617},{"bases":[[[0.677262,-0.673265,-0.296699],[0.735738,0.621096,0.270053],[0.00246074,-0.401189,0.915992]],[[0.677256,-0.676951,-0.288206],[0.424393,0.679419,-0.598566],[0.601012,0.283069,0.747433]],[[0.677256,-0.676951,-0.288206],[-0.492866,-0.126589,-0.860848],[0.546268,0.725061,-0.419379]],[[0.677256,-0.676951,-0.288206],[-0.732449,-0.583285,-0.351137],[0.0695966,0.448906,-0.890865]]],"btipPosition":[-54.8946,277.934,8.79381],"carpPosition":[-9.34269,292.504,79.3932],"dipPosition":[-53.599,286.29,-7.79056],"direction":[-0.546268,-0.725061,0.419379],"extended":false,"handId":911,"id":9112,"length":66.379,"mcpPosition":[-9.51277,320.232,16.0847],"pipPosition":[-38.2105,306.716,-19.6045],"stabilizedTipPosition":[-56.1275,222.665,216.296],"timeVisible":0.723303,"tipPosition":[-54.2741,279.699,5.95809],"tipVelocity":[-5.42644,-14.6658,-122.684],"tool":false,"touchDistance":0.333333,"touchZone":"none","type":2,"width":18.8193},{"bases":[[[0.612839,-0.769858,-0.178177],[0.781949,0.558302,0.277228],[-0.11395,-0.309221,0.944139]],[[0.608311,-0.780549,-0.143875],[0.540108,0.539922,-0.645575],[0.581584,0.315002,0.750022]],[[0.608311,-0.780549,-0.143875],[-0.450753,-0.190543,-0.872075],[0.653283,0.595345,-0.467745]],[[0.608311,-0.780549,-0.143875],[-0.771935,-0.539671,-0.335965],[0.184592,0.315434,-0.930821]]],"btipPosition":[-40.5017,268.3,13.5773],"carpPosition":[-0.486609,285.23,75.2966],"dipPosition":[-37.0851,274.138,-3.65128],"direction":[-0.653283,-0.595345,0.467745],"extended":false,"handId":911,"id":9113,"length":63.8252,"mcpPosition":[6.58435,304.419,16.7095],"pipPosition":[-19.1573,290.476,-16.4874],"stabilizedTipPosition":[-41.1061,220.231,230.512],"timeVisible":0.723303,"tipPosition":[-39.4398,269.548,10.7102],"tipVelocity":[-8.47966,-15.6123,-137.695],"tool":false,"touchDistance":0.333333,"touchZone":"none","type":3,"width":17.9078},{"bases":[[[0.45785,-0.882067,-0.111046],[0.854589,0.402237,0.328456],[-0.245053,-0.245282,0.937969]],[[0.463165,-0.876418,-0.131792],[0.617511,0.42579,-0.661349],[0.635734,0.224931,0.738409]],[[0.463165,-0.876418,-0.131792],[-0.488361,-0.128288,-0.86316],[0.739582,0.464148,-0.487427]],[[0.463165,-0.876418,-0.131792],[-0.85179,-0.39912,-0.339348],[0.24481,0.269433,-0.931383]]],"btipPosition":[-22.8885,265.014,16.9496],"carpPosition":[3.81374,272.398,71.3458],"dipPosition":[-18.7083,269.615,1.0459],"direction":[-0.739582,-0.464148,0.487427],"extended":false,"handId":911,"id":9114,"length":50.0378,"mcpPosition":[17.8902,286.487,17.4668],"pipPosition":[-4.37841,278.608,-8.39832],"stabilizedTipPosition":[-34.5163,230.395,226.97],"timeVisible":0.723303,"tipPosition":[-21.9434,266.483,14.182],"tipVelocity":[-5.97231,-27.0681,-132.996],"tool":false,"touchDistance":0.333333,"touchZone":"none","type":4,"width":15.9071}],"r":[[0.694214,-0.699452,0.169803],[0.718967,0.662742,-0.209424],[0.0339465,0.267468,0.962969]],"s":0.832388,"t":[40.0076,45.5044,-209.364],"timestamp":607407538741},false],[3,{"currentFrameRate":99.9885,"devices":[],"gestures":[],"hands":[{"armBasis":[[0.664489,-0.376097,-0.64576],[0.627542,0.750029,0.208918],[0.405765,-0.544065,0.734403]],"armWidth":63.1234,"confidence":0.841919,"direction":[0.115761,0.481982,-0.8685],"elbow":[98.1016,130.402,276.744],"grabStrength":0,"id":911,"palmNormal":[-0.618358,-0.649306,-0.442758],"palmPosition":[-12.7527,303.371,33.6397],"palmVelocity":[-0.462451,-18.4331,-102.613],"palmWidth":90.138,"pinchStrength":1,"r":[[0.693026,-0.700332,0.171027],[0.720089,0.66113,-0.210663],[0.0344627,0.269149,0.962482]],"s":0.833023,"sphereCenter":[-35.4657,280.393,-3.19704],"sphereRadius":44.6449,"stabilizedPalmPosition":[-41.3683,268.267,223.798],"t":[39.973,45.2875,-210.547],"timeVisible":0.741436,"type":"right","wrist":[-10.4291,275.924,80.3114]}],"id":4473886,"interactionBox":{"center":[0,200,0],"size":[235.247,235.247,147.751]},"pointables":[{"bases":[[[0.888458,0.438077,0.136859],[-0.394224,0.575738,0.716319],[0.235008,-0.690373,0.68422]],[[0.735898,0.66465,-0.129209],[-0.569992,0.711112,0.411617],[0.365463,-0.22926,0.902151]],[[0.735898,0.66465,-0.129209],[-0.668637,0.743417,0.0159681],[0.106669,0.0746429,0.991489]],[[0.735898,0.66465,-0.129209],[-0.630118,0.60242,-0.489941],[-0.247801,0.441963,0.862127]]],"btipPosition":[-55.3198,282.526,-13.2756],"carpPosition":[-39.3898,283.957,84.8127],"dipPosition":[-61.0649,292.773,6.71234],"direction":[-0.106669,-0.0746429,-0.991489],"extended":false,"handId":911,"id":9110,"length":51.6284,"mcpPosition":[-39.3898,283.957,84.8127],"pipPosition":[-57.462,295.294,40.2012],"stabilizedTipPosition":[-81.0218,242.478,181.215],"timeVisible":0.741436,"tipPosition":[-56.9455,284.801,-8.71062],"tipVelocity":[-0.539542,-7.34704,-101.058],"tool":false,"touchDistance":-0.508139,"touchZone":"touching","type":0,"width":20.0604},{"bases":[[[0.785725,-0.499022,-0.365532],[0.609085,0.727257,0.316406],[0.107942,-0.471248,0.875371]],[[0.793021,-0.552667,-0.256273],[0.592919,0.796806,0.116393],[0.139873,-0.244251,0.959571]],[[0.793021,-0.552667,-0.256273],[0.573225,0.81937,0.0067919],[0.206229,-0.152288,0.966581]],[[0.793021,-0.552667,-0.256273],[0.553679,0.82933,-0.0751714],[0.25408,-0.0822804,0.963677]]],"btipPosition":[-43.0326,346.723,-61.6898],"carpPosition":[-19.9742,296.943,82.402],"dipPosition":[-38.7321,345.33,-45.379],"direction":[-0.206229,0.152288,-0.966581],"extended":true,"handId":911,"id":9111,"length":58.2569,"mcpPosition":[-27.8412,331.288,18.6044],"pipPosition":[-33.7942,341.684,-22.2351],"stabilizedTipPosition":[-80.7909,300.766,109.851],"timeVisible":0.741436,"tipPosition":[-42.6183,345.189,-57.9816],"tipVelocity":[15.9342,-6.59453,-107.297],"tool":false,"touchDistance":-0.534132,"touchZone":"touching","type":1,"width":19.1617},{"bases":[[[0.677661,-0.67472,-0.292453],[0.735375,0.621899,0.269195],[0.00024521,-0.397485,0.917608]],[[0.677633,-0.678425,-0.283819],[0.426561,0.676983,-0.599784],[0.599048,0.285367,0.748135]],[[0.677633,-0.678425,-0.283819],[-0.490075,-0.128841,-0.862106],[0.548307,0.723284,-0.419786]],[[0.677633,-0.678425,-0.283819],[-0.731761,-0.583692,-0.351894],[0.0730709,0.446143,-0.891974]]],"btipPosition":[-54.9561,277.589,7.30139],"carpPosition":[-9.52894,292.423,78.014],"dipPosition":[-53.5958,285.894,-9.30363],"direction":[-0.548307,-0.723284,0.419786],"extended":false,"handId":911,"id":9112,"length":66.379,"mcpPosition":[-9.54589,319.895,14.5937],"pipPosition":[-38.1499,306.269,-21.1291],"stabilizedTipPosition":[-56.1275,222.665,216.296],"timeVisible":0.741436,"tipPosition":[-54.3278,279.351,4.44589],"tipVelocity":[-4.06607,-17.0503,-103.577],"tool":false,"touchDistance":0.333333,"touchZone":"none","type":2,"width":18.8193},{"bases":[[[0.612934,-0.770808,-0.173687],[0.781544,0.559116,0.276727],[-0.116192,-0.30536,0.945122]],[[0.608195,-0.781619,-0.138458],[0.543408,0.53712,-0.645143],[0.578625,0.317133,0.751412]],[[0.608195,-0.781619,-0.138458],[-0.446729,-0.192851,-0.873637],[0.65615,0.593195,-0.466463]],[[0.608195,-0.781619,-0.138458],[-0.770926,-0.540062,-0.337647],[0.189135,0.312097,-0.931034]]],"btipPosition":[-40.5743,267.986,12.0936],"carpPosition":[-0.666546,285.13,73.9666],"dipPosition":[-37.0736,273.763,-5.13892],"direction":[-0.65615,-0.593195,0.466463],"extended":false,"handId":911,"id":9113,"length":63.8252,"mcpPosition":[6.54355,304.078,15.3185],"pipPosition":[-19.0671,290.042,-17.9399],"stabilizedTipPosition":[-41.1061,220.231,230.512],"timeVisible":0.741436,"tipPosition":[-39.5068,269.222,9.20423],"tipVelocity":[-5.83881,-16.7895,-111.109],"tool":false,"touchDistance":0.333333,"touchZone":"none","type":3,"width":17.9078},{"bases":[[[0.457751,-0.882685,-0.106452],[0.854007,0.403232,0.328748],[-0.247256,-0.241396,0.938399]],[[0.464978,-0.875027,-0.134619],[0.621173,0.430797,-0.654644],[0.630825,0.220773,0.743854]],[[0.464978,-0.875027,-0.134619],[-0.481825,-0.122551,-0.867655],[0.742724,0.468304,-0.478594]],[[0.464978,-0.875027,-0.134619],[-0.849424,-0.398076,-0.346431],[0.249548,0.275432,-0.928366]]],"btipPosition":[-22.908,264.636,15.2431],"carpPosition":[3.6376,272.279,70.0774],"dipPosition":[-18.6468,269.339,-0.609083],"direction":[-0.742724,-0.468304,0.478594],"extended":false,"handId":911,"id":9114,"length":50.0378,"mcpPosition":[17.8405,286.146,16.1737],"pipPosition":[-4.25605,278.412,-9.88215],"stabilizedTipPosition":[-34.5163,230.395,226.969],"timeVisible":0.741436,"tipPosition":[-21.9604,266.101,12.5352],"tipVelocity":[-3.14952,-23.5029,-114.165],"tool":false,"touchDistance":0.333333,"touchZone":"none","type":4,"width":15.9071}],"r":[[0.693026,-0.700332,0.171027],[0.720089,0.66113,-0.210663],[0.0344627,0.269149,0.962482]],"s":0.833023,"t":[39.973,45.2875,-210.547],"timestamp":607407556874},false],[4,{"currentFrameRate":100.616,"devices":[],"gestures":[],"hands":[{"armBasis":[[0.663465,-0.379718,-0.644693],[0.629115,0.749528,0.205969],[0.405005,-0.542239,0.736171]],"armWidth":63.1234,"confidence":0.784574,"direction":[0.116329,0.483707,-0.867465],"elbow":[97.8343,130.759,276.283],"grabStrength":0,"id":911,"palmNormal":[-0.620048,-0.646924,-0.443881],"palmPosition":[-12.7827,303.352,32.7704],"palmVelocity":[-1.25858,-14.0976,-101.838],"palmWidth":90.138,"pinchStrength":1,"r":[[0.691783,-0.701418,0.171608],[0.721251,0.659615,-0.211433],[0.0351077,0.270038,0.962209]],"s":0.833576,"sphereCenter":[-35.6163,280.603,-4.09785],"sphereRadius":44.6435,"stabilizedPalmPosition":[-41.3683,268.267,223.798],"t":[39.9407,45.1694,-211.573],"timeVisible":0.750154,"type":"right","wrist":[-10.4931,275.793,79.378]}],"id":4473887,"interactionBox":{"center":[0,200,0],"size":[235.247,235.247,147.751]},"pointables":[{"bases":[[[0.889504,0.435797,0.137344],[-0.392538,0.574971,0.71786],[0.233873,-0.692452,0.682506]],[[0.737737,0.662927,-0.127564],[-0.567953,0.711623,0.413548],[0.36493,-0.232639,0.901502]],[[0.737737,0.662927,-0.127564],[-0.666495,0.745279,0.018559],[0.107374,0.0713294,0.991657]],[[0.737737,0.662927,-0.127564],[-0.628604,0.605659,-0.487888],[-0.246173,0.44012,0.863535]]],"btipPosition":[-55.3985,282.771,-14.1802],"carpPosition":[-39.4333,283.88,83.9144],"dipPosition":[-61.1059,292.975,5.84044],"direction":[-0.107374,-0.0713294,-0.991657],"extended":false,"handId":911,"id":9110,"length":51.6284,"mcpPosition":[-39.4333,283.88,83.9144],"pipPosition":[-57.4792,295.384,39.335],"stabilizedTipPosition":[-81.0218,242.478,181.215],"timeVisible":0.750154,"tipPosition":[-57.0158,285.016,-9.60214],"tipVelocity":[-2.54196,1.81266,-101.549],"tool":false,"touchDistance":-0.499114,"touchZone":"touching","type":0,"width":20.0604},{"bases":[[[0.784409,-0.499922,-0.367125],[0.610874,0.725184,0.317712],[0.107401,-0.473483,0.87423]],[[0.791644,-0.553638,-0.258427],[0.595049,0.794602,0.120517],[0.138624,-0.249183,0.958484]],[[0.791644,-0.553638,-0.258427],[0.575447,0.817767,0.0108405],[0.205331,-0.157293,0.96597]],[[0.791644,-0.553638,-0.258427],[0.555915,0.828176,-0.0712916],[0.253493,-0.0872258,0.963397]]],"btipPosition":[-42.9248,347.184,-62.421],"carpPosition":[-19.9905,296.829,81.5221],"dipPosition":[-38.6343,345.708,-46.1149],"direction":[-0.205331,0.157293,-0.96597],"extended":true,"handId":911,"id":9111,"length":58.2569,"mcpPosition":[-27.818,331.336,17.8076],"pipPosition":[-33.7178,341.942,-22.9856],"stabilizedTipPosition":[-80.7908,300.766,109.851],"timeVisible":0.750154,"tipPosition":[-42.5181,345.63,-58.72],"tipVelocity":[14.9097,8.73245,-101.069],"tool":false,"touchDistance":-0.520036,"touchZone":"touching","type":1,"width":19.1617},{"bases":[[[0.675998,-0.675547,-0.294385],[0.736903,0.619655,0.270188],[-0.000107997,-0.39958,0.916698]],[[0.675966,-0.679344,-0.285589],[0.428411,0.677583,-0.597784],[0.599611,0.281732,0.749061]],[[0.675966,-0.679344,-0.285589],[-0.490067,-0.124969,-0.86268],[0.550367,0.7231,-0.417399]],[[0.675966,-0.679344,-0.285589],[-0.733162,-0.580803,-0.353752],[0.0744485,0.448507,-0.890673]]],"btipPosition":[-55.071,277.741,6.33234],"carpPosition":[-9.55772,292.295,77.1177],"dipPosition":[-53.6851,286.09,-10.2485],"direction":[-0.550367,-0.7231,0.417399],"extended":false,"handId":911,"id":9112,"length":66.379,"mcpPosition":[-9.55026,319.912,13.7603],"pipPosition":[-38.1811,306.46,-22.0066],"stabilizedTipPosition":[-56.1275,222.665,216.296],"timeVisible":0.750154,"tipPosition":[-54.4423,279.507,3.47755],"tipVelocity":[-6.32237,-7.53085,-105.432],"tool":false,"touchDistance":0.333333,"touchZone":"none","type":2,"width":18.8193},{"bases":[[[0.611127,-0.771763,-0.175801],[0.782938,0.556753,0.27755],[-0.116325,-0.30726,0.944489]],[[0.606303,-0.782806,-0.140039],[0.545979,0.537796,-0.642404],[0.57819,0.313033,0.753463]],[[0.606303,-0.782806,-0.140039],[-0.445253,-0.188258,-0.87539],[0.658898,0.593105,-0.462688]],[[0.606303,-0.782806,-0.140039],[-0.771758,-0.536737,-0.341031],[0.191797,0.314844,-0.929563]]],"btipPosition":[-40.7187,268.099,10.9932],"carpPosition":[-0.713812,284.992,73.0486],"dipPosition":[-37.1687,273.927,-6.21208],"direction":[-0.658898,-0.593105,0.462689],"extended":false,"handId":911,"id":9113,"length":63.8252,"mcpPosition":[6.50455,304.058,14.4397],"pipPosition":[-19.0869,290.203,-18.9095],"stabilizedTipPosition":[-41.1061,220.231,230.512],"timeVisible":0.750154,"tipPosition":[-39.6451,269.339,8.12056],"tipVelocity":[-8.3589,-8.47989,-114.956],"tool":false,"touchDistance":0.333333,"touchZone":"none","type":3,"width":17.9078},{"bases":[[[0.455735,-0.883449,-0.108731],[0.855086,0.40059,0.329173],[-0.247251,-0.242991,0.937988]],[[0.463327,-0.875322,-0.138343],[0.621501,0.432239,-0.653381],[0.631716,0.216749,0.744281]],[[0.463327,-0.875322,-0.138343],[-0.482381,-0.118156,-0.867956],[0.743395,0.468881,-0.476984]],[[0.463327,-0.875322,-0.138343],[-0.850293,-0.39513,-0.347668],[0.249659,0.278716,-0.927355]]],"btipPosition":[-23.0323,264.662,14.2535],"carpPosition":[3.55966,272.141,69.1276],"dipPosition":[-18.7693,269.422,-1.5815],"direction":[-0.743395,-0.468881,0.476984],"extended":false,"handId":911,"id":9114,"length":50.0378,"mcpPosition":[17.7623,286.099,15.2474],"pipPosition":[-4.3655,278.507,-10.8234],"stabilizedTipPosition":[-34.5163,230.395,226.969],"timeVisible":0.750154,"tipPosition":[-22.0829,266.134,11.5393],"tipVelocity":[-6.10601,-16.0068,-113.871],"tool":false,"touchDistance":0.333333,"touchZone":"none","type":4,"width":15.9071}],"r":[[0.691783,-0.701418,0.171608],[0.721251,0.659615,-0.211433],[0.0351077,0.270038,0.962209]],"s":0.833576,"t":[39.9407,45.1694,-211.573],"timestamp":607407565592},false],[5,{"currentFrameRate":96.6956,"devices":[],"gestures":[],"hands":[{"armBasis":[[0.662724,-0.38711,-0.641049],[0.631173,0.749425,0.199958],[0.403012,-0.537129,0.740995]],"armWidth":63.1234,"confidence":0.797941,"direction":[0.117251,0.481563,-0.868533],"elbow":[97.2661,132.129,275.431],"grabStrength":0,"id":911,"palmNormal":[-0.622146,-0.646059,-0.442201],"palmPosition":[-12.7639,303.264,30.5723],"palmVelocity":[-0.164907,-9.69688,-111.189],"palmWidth":90.138,"pinchStrength":1,"r":[[0.690402,-0.70261,0.172292],[0.722535,0.657897,-0.2124],[0.0358842,0.271129,0.961874]],"s":0.833838,"sphereCenter":[-35.6977,280.504,-6.28016],"sphereRadius":44.6942,"stabilizedPalmPosition":[-41.3683,268.267,223.797],"t":[39.934,45.0665,-213.185],"timeVisible":0.768245,"type":"right","wrist":[-10.5283,275.796,77.2359]}],"id":4473888,"interactionBox":{"center":[0,200,0],"size":[235.247,235.247,147.751]},"pointables":[{"bases":[[[0.890828,0.433521,0.13596],[-0.390494,0.577591,0.71687],[0.232249,-0.6917,0.683821]],[[0.740836,0.659424,-0.127757],[-0.564597,0.714389,0.413376],[0.363858,-0.234112,0.901554]],[[0.740836,0.659424,-0.127757],[-0.6628,0.748526,0.0201152],[0.108894,0.0697752,0.991602]],[[0.740836,0.659424,-0.127757],[-0.625883,0.608681,-0.487624],[-0.243788,0.441211,0.863655]]],"btipPosition":[-55.4615,282.967,-16.3271],"carpPosition":[-39.4427,283.976,81.771],"dipPosition":[-61.1136,293.196,3.69631],"direction":[-0.108894,-0.0697752,-0.991602],"extended":false,"handId":911,"id":9110,"length":51.6284,"mcpPosition":[-39.4427,283.976,81.771],"pipPosition":[-57.4356,295.553,37.189],"stabilizedTipPosition":[-81.0218,242.478,181.215],"timeVisible":0.768245,"tipPosition":[-57.0419,285.134,-11.741],"tipVelocity":[-2.6548,6.24825,-109.674],"tool":false,"touchDistance":-0.50973,"touchZone":"touching","type":0,"width":20.0604},{"bases":[[[0.782769,-0.50294,-0.366502],[0.61313,0.724083,0.315874],[0.106512,-0.47197,0.875157]],[[0.789898,-0.55608,-0.258527],[0.597768,0.7923,0.122204],[0.136876,-0.251068,0.958243]],[[0.789898,-0.55608,-0.258527],[0.578127,0.815866,0.0115075],[0.204524,-0.158551,0.965935]],[[0.789898,-0.55608,-0.258527],[0.558421,0.82647,-0.0715098],[0.25343,-0.0878817,0.963354]]],"btipPosition":[-42.7387,347.23,-64.6575],"carpPosition":[-19.964,296.863,79.3413],"dipPosition":[-38.4493,345.743,-48.3521],"direction":[-0.204524,0.158551,-0.965935],"extended":true,"handId":911,"id":9111,"length":58.2569,"mcpPosition":[-27.7267,331.261,15.5592],"pipPosition":[-33.5521,341.946,-25.2237],"stabilizedTipPosition":[-80.7907,300.766,109.85],"timeVisible":0.768245,"tipPosition":[-42.3194,345.692,-60.9614],"tipVelocity":[12.705,5.7176,-111.799],"tool":false,"touchDistance":-0.529916,"touchZone":"touching","type":1,"width":19.1617},{"bases":[[[0.673893,-0.678101,-0.293339],[0.738829,0.618093,0.268503],[-0.000761471,-0.397669,0.917529]],[[0.673852,-0.681999,-0.284255],[0.431184,0.675391,-0.59827],[0.600003,0.28058,0.749181]],[[0.673852,-0.681999,-0.284255],[-0.489922,-0.12444,-0.862839],[0.553082,0.720689,-0.41798]],[[0.673852,-0.681999,-0.284255],[-0.734941,-0.579081,-0.352884],[0.0760593,0.446702,-0.891444]]],"btipPosition":[-55.14,277.761,4.12307],"carpPosition":[-9.5467,292.291,74.9408],"dipPosition":[-53.7241,286.076,-12.4721],"direction":[-0.553082,-0.720689,0.41798],"extended":false,"handId":911,"id":9112,"length":66.379,"mcpPosition":[-9.49407,319.776,11.526],"pipPosition":[-38.1437,306.378,-24.2466],"stabilizedTipPosition":[-56.1275,222.665,216.296],"timeVisible":0.768245,"tipPosition":[-54.5212,279.512,1.24858],"tipVelocity":[-4.94793,-3.62736,-113.453],"tool":false,"touchDistance":0.333333,"touchZone":"none","type":2,"width":18.8193},{"bases":[[[0.608809,-0.773882,-0.17452],[0.784687,0.555074,0.275971],[-0.116697,-0.304957,0.945189]],[[0.603731,-0.785311,-0.137096],[0.552167,0.535982,-0.638619],[0.574995,0.309855,0.757212]],[[0.603731,-0.785311,-0.137096],[-0.439551,-0.184454,-0.879074],[0.665059,0.590985,-0.456544]],[[0.603731,-0.785311,-0.137096],[-0.771941,-0.532964,-0.346493],[0.199037,0.315018,-0.92798]]],"btipPosition":[-40.8695,268.114,8.41952],"carpPosition":[-0.726043,284.953,70.8821],"dipPosition":[-37.1855,273.944,-8.75651],"direction":[-0.665059,-0.590985,0.456544],"extended":false,"handId":911,"id":9113,"length":63.8252,"mcpPosition":[6.51543,303.877,12.2299],"pipPosition":[-18.9346,290.162,-21.2853],"stabilizedTipPosition":[-41.1061,220.231,230.512],"timeVisible":0.768245,"tipPosition":[-39.7782,269.34,5.5958],"tipVelocity":[-7.53785,-4.0517,-127.764],"tool":false,"touchDistance":0.333333,"touchZone":"none","type":3,"width":17.9078},{"bases":[[[0.453133,-0.884982,-0.107135],[0.856413,0.398812,0.327881],[-0.247442,-0.240325,0.938625]],[[0.461847,-0.875639,-0.14126],[0.622444,0.433434,-0.651689],[0.631871,0.213054,0.745216]],[[0.461847,-0.875639,-0.14126],[-0.481679,-0.113882,-0.868917],[0.74477,0.469349,-0.474373]],[[0.461847,-0.875639,-0.14126],[-0.850819,-0.392374,-0.3495],[0.250609,0.281602,-0.926226]]],"btipPosition":[-23.121,264.522,11.9724],"carpPosition":[3.50832,272.082,66.9856],"dipPosition":[-18.8417,269.33,-3.84332],"direction":[-0.74477,-0.469349,0.474373],"extended":false,"handId":911,"id":9114,"length":50.0378,"mcpPosition":[17.7219,285.887,13.0689],"pipPosition":[-4.41132,278.424,-13.0346],"stabilizedTipPosition":[-34.5162,230.395,226.969],"timeVisible":0.768245,"tipPosition":[-22.1706,265.994,9.26132],"tipVelocity":[-5.4356,-11.7983,-119.565],"tool":false,"touchDistance":0.333333,"touchZone":"none","type":4,"width":15.9071}],"r":[[0.690402,-0.70261,0.172292],[0.722535,0.657897,-0.2124],[0.0358842,0.271129,0.961874]],"s":0.833838,"t":[39.934,45.0665,-213.185],"timestamp":607407583683},false],[6,{"currentFrameRate":97.266,"devices":[],"gestures":[],"hands":[{"armBasis":[[0.663878,-0.388086,-0.639261],[0.630792,0.749757,0.199916],[0.401706,-0.53596,0.742549]],"armWidth":63.1234,"confidence":0.806826,"direction":[0.118457,0.482478,-0.867861],"elbow":[96.8963,132.316,275.064],"grabStrength":0,"id":911,"palmNormal":[-0.621516,-0.645604,-0.443749],"palmPosition":[-12.7196,303.188,29.8158],"palmVelocity":[1.2296,-9.3282,-103.3],"palmWidth":90.138,"pinchStrength":1,"r":[[0.68925,-0.703595,0.172886],[0.723617,0.656567,-0.212832],[0.0362366,0.271798,0.961672]],"s":0.833915,"sphereCenter":[-35.5624,280.371,-7.1439],"sphereRadius":44.749,"stabilizedPalmPosition":[-41.3683,268.267,223.797],"t":[39.9528,44.9769,-214.369],"timeVisible":0.77738,"type":"right","wrist":[-10.5488,275.67,76.4536]}],"id":4473889,"interactionBox":{"center":[0,200,0],"size":[235.247,235.247,147.751]},"pointables":[{"bases":[[[0.890629,0.433392,0.137661],[-0.391507,0.57683,0.716931],[0.231305,-0.692415,0.683418]],[[0.741921,0.658756,-0.124871],[-0.564294,0.714072,0.414335],[0.362113,-0.23694,0.901518]],[[0.741921,0.658756,-0.124871],[-0.661663,0.749463,0.0225169],[0.108419,0.0659165,0.991917]],[[0.741921,0.658756,-0.124871],[-0.624757,0.611623,-0.485383],[-0.243375,0.43813,0.865339]]],"btipPosition":[-55.3956,283.178,-17.1892],"carpPosition":[-39.4696,283.845,80.9568],"dipPosition":[-61.0382,293.335,2.87322],"direction":[-0.108419,-0.0659165,-0.991917],"extended":false,"handId":911,"id":9110,"length":51.6284,"mcpPosition":[-39.4696,283.845,80.9568],"pipPosition":[-57.3762,295.562,36.3766],"stabilizedTipPosition":[-81.0218,242.478,181.215],"timeVisible":0.77738,"tipPosition":[-56.9425,285.254,-12.5858],"tipVelocity":[0.155148,10.4299,-105.147],"tool":false,"touchDistance":-0.499887,"touchZone":"touching","type":0,"width":20.0604},{"bases":[[[0.78329,-0.502542,-0.365936],[0.612674,0.72376,0.317492],[0.105297,-0.472888,0.874808]],[[0.790266,-0.555681,-0.258261],[0.597687,0.791933,0.124949],[0.135094,-0.253102,0.957961]],[[0.790266,-0.555681,-0.258261],[0.578136,0.815825,0.0137182],[0.203072,-0.160151,0.965978]],[[0.790266,-0.555681,-0.258261],[0.55844,0.826607,-0.0697519],[0.25224,-0.0891005,0.963554]]],"btipPosition":[-42.5431,347.315,-65.3979],"carpPosition":[-19.9878,296.735,78.5679],"dipPosition":[-38.2738,345.807,-49.0891],"direction":[-0.203072,0.160151,-0.965978],"extended":true,"handId":911,"id":9111,"length":58.2569,"mcpPosition":[-27.6618,331.2,14.8112],"pipPosition":[-33.4114,341.972,-25.9597],"stabilizedTipPosition":[-80.7907,300.766,109.85],"timeVisible":0.77738,"tipPosition":[-42.1178,345.787,-61.7053],"tipVelocity":[14.9847,6.55669,-103.225],"tool":false,"touchDistance":-0.516352,"touchZone":"touching","type":1,"width":19.1617},{"bases":[[[0.674314,-0.677781,-0.293109],[0.738442,0.617822,0.270185],[-0.00203728,-0.398633,0.917108]],[[0.674259,-0.68177,-0.283839],[0.433427,0.676519,-0.595368],[0.597926,0.278409,0.751647]],[[0.674259,-0.68177,-0.283839],[-0.487438,-0.122123,-0.864575],[0.554778,0.721302,-0.414663]],[[0.674259,-0.68177,-0.283839],[-0.734321,-0.578149,-0.355691],[0.0783981,0.448257,-0.89046]]],"btipPosition":[-55.0615,277.762,3.15898],"carpPosition":[-9.56424,292.168,74.1771],"dipPosition":[-53.602,286.106,-13.4179],"direction":[-0.554778,-0.721302,0.414663],"extended":false,"handId":911,"id":9112,"length":66.379,"mcpPosition":[-9.42344,319.719,10.7915],"pipPosition":[-37.9739,306.426,-25.099],"stabilizedTipPosition":[-56.1275,222.665,216.296],"timeVisible":0.77738,"tipPosition":[-54.446,279.506,0.294912],"tipVelocity":[-0.87783,-2.3845,-111.124],"tool":false,"touchDistance":0.333333,"touchZone":"none","type":2,"width":18.8193},{"bases":[[[0.609066,-0.773689,-0.174482],[0.78429,0.554796,0.277651],[-0.118013,-0.305953,0.944704]],[[0.603874,-0.785278,-0.136658],[0.554456,0.537012,-0.635765],[0.572639,0.308151,0.759689]],[[0.603874,-0.785278,-0.136658],[-0.436424,-0.182277,-0.881084],[0.666986,0.591705,-0.452786]],[[0.603874,-0.785278,-0.136658],[-0.771005,-0.531977,-0.350075],[0.202207,0.316765,-0.9267]]],"btipPosition":[-40.8068,268.08,7.45413],"carpPosition":[-0.737785,284.835,70.1231],"dipPosition":[-37.0642,273.943,-9.6982],"direction":[-0.666986,-0.591705,0.452786],"extended":false,"handId":911,"id":9113,"length":63.8252,"mcpPosition":[6.58535,303.82,11.501],"pipPosition":[-18.7604,290.181,-22.1238],"stabilizedTipPosition":[-41.1061,220.231,230.512],"timeVisible":0.77738,"tipPosition":[-39.7118,269.309,4.63254],"tipVelocity":[-3.12333,-3.71917,-121.457],"tool":false,"touchDistance":0.333333,"touchZone":"none","type":3,"width":17.9078},{"bases":[[[0.453298,-0.884861,-0.107432],[0.855947,0.398481,0.329497],[-0.24875,-0.241316,0.938025]],[[0.462733,-0.874682,-0.144251],[0.623688,0.436851,-0.648209],[0.629993,0.20998,0.747675]],[[0.462733,-0.874682,-0.144251],[-0.479056,-0.109809,-0.870889],[0.745911,0.472094,-0.469835]],[[0.462733,-0.874682,-0.144251],[-0.849694,-0.391213,-0.353514],[0.25278,0.286152,-0.92424]]],"btipPosition":[-23.0453,264.441,11.0322],"carpPosition":[3.50225,271.968,66.219],"dipPosition":[-18.729,269.327,-4.74953],"direction":[-0.745911,-0.472094,0.469835],"extended":false,"handId":911,"id":9114,"length":50.0378,"mcpPosition":[17.791,285.829,12.3367],"pipPosition":[-4.27648,278.474,-13.8529],"stabilizedTipPosition":[-34.5162,230.395,226.969],"timeVisible":0.77738,"tipPosition":[-22.0892,265.921,8.33731],"tipVelocity":[-1.36127,-10.4315,-114.697],"tool":false,"touchDistance":0.333333,"touchZone":"none","type":4,"width":15.9071}],"r":[[0.68925,-0.703595,0.172886],[0.723617