{"sensorType":"Leap","data":[[0,{"currentFrameRate":103.114,"devices":[],"gestures":[],"hands":[{"armBasis":[[0.579464,-0.482794,-0.656607],[0.686796,0.723025,0.0744756],[0.438787,-0.49411,0.750547]],"armWidth":63.1234,"confidence":0.884096,"direction":[0.141931,0.517689,-0.843714],"elbow":[102.982,113.282,280.328],"grabStrength":0,"id":920,"palmNormal":[-0.689,-0.560313,-0.459704],"palmPosition":[-15.1043,275.62,34.5689],"palmVelocity":[6.31353,20.6749,-138.054],"palmWidth":90.138,"pinchStrength":1,"r":[[0.906103,-0.0863714,0.414146],[0.0863577,0.996087,0.0187964],[-0.414149,0.0187332,0.910016]],"s":0.819502,"sphereCenter":[-37.2029,249.179,-5.65715],"sphereRadius":47.5556,"stabilizedPalmPosition":[-33.3135,251.847,102.247],"t":[80.7697,86.3992,-160.47],"timeVisible":0.488097,"type":"right","wrist":[-14.3812,245.442,79.5772]}],"id":4478504,"interactionBox":{"center":[0,200,0],"size":[235.247,235.247,147.751]},"pointables":[{"bases":[[[0.929951,0.342001,0.135007],[-0.31925,0.568896,0.757916],[0.182403,-0.747925,0.638229]],[[0.810352,0.578531,-0.0929115],[-0.456984,0.723252,0.517756],[0.366736,-0.377106,0.850468]],[[0.810352,0.578531,-0.0929115],[-0.570705,0.815219,0.0985587],[0.132762,-0.0268422,0.990784]],[[0.810352,0.578531,-0.0929115],[-0.543514,0.682921,-0.488069],[-0.218912,0.446006,0.867846]]],"btipPosition":[-59.8497,265.166,-10.295],"carpPosition":[-42.3056,255.952,85.3464],"dipPosition":[-64.925,275.507,9.82553],"direction":[-0.132762,0.0268422,-0.990784],"extended":false,"handId":920,"id":9200,"length":51.6284,"mcpPosition":[-42.3056,255.952,85.3464],"pipPosition":[-60.4408,274.6,43.2906],"stabilizedTipPosition":[-83.0781,247.315,57.8741],"timeVisible":0.488097,"tipPosition":[-61.517,267.863,-5.97572],"tipVelocity":[8.64014,27.7591,-131.255],"tool":false,"touchDistance":-0.509244,"touchZone":"hovering","type":0,"width":20.0604},{"bases":[[[0.724469,-0.550466,-0.414888],[0.684431,0.645922,0.338141],[0.0818505,-0.528935,0.844706]],[[0.728207,-0.628302,-0.27377],[0.668689,0.73891,0.0828636],[0.150228,-0.243409,0.958219]],[[0.728207,-0.628302,-0.27377],[0.650434,0.759454,-0.0128421],[0.215985,-0.168718,0.961709]],[[0.728207,-0.628302,-0.27377],[0.632995,0.769717,-0.0827845],[0.262739,-0.113011,0.958226]]],"btipPosition":[-43.7541,321.989,-58.4976],"carpPosition":[-21.7764,267.127,83.0929],"dipPosition":[-39.307,320.076,-42.279],"direction":[-0.215985,0.168718,-0.961709],"extended":true,"handId":920,"id":9201,"length":58.2569,"mcpPosition":[-27.7417,305.677,21.5301],"pipPosition":[-34.1355,316.036,-19.2518],"stabilizedTipPosition":[-55.6899,303.392,-13.2385],"timeVisible":0.488097,"tipPosition":[-43.3226,320.291,-54.8176],"tipVelocity":[15.7926,40.8766,-138.019],"tool":false,"touchDistance":-0.531017,"touchZone":"hovering","type":1,"width":19.1617},{"bases":[[[0.601502,-0.71886,-0.348476],[0.798688,0.531791,0.281595],[-0.0171107,-0.447703,0.894018]],[[0.601056,-0.72742,-0.331047],[0.484036,0.660937,-0.573473],[0.635957,0.184451,0.749358]],[[0.601056,-0.72742,-0.331047],[-0.487043,-0.00497071,-0.873364],[0.633657,0.686175,-0.357273]],[[0.601056,-0.72742,-0.331047],[-0.783988,-0.456199,-0.421006],[0.155225,0.512585,-0.844489]]],"btipPosition":[-61.8516,255.147,6.37834],"carpPosition":[-11.928,261.883,78.1638],"dipPosition":[-58.9619,264.689,-9.34271],"direction":[-0.633657,-0.686175,0.357273],"extended":false,"handId":920,"id":9202,"length":66.379,"mcpPosition":[-10.7454,292.826,16.374],"pipPosition":[-41.1117,284.018,-19.4071],"stabilizedTipPosition":[-80.7474,222.087,95.6603],"timeVisible":0.488097,"tipPosition":[-60.9656,256.736,4.4732],"tipVelocity":[6.25299,30.2692,-180.861],"tool":false,"touchDistance":0.333333,"touchZone":"none","type":2,"width":18.8193},{"bases":[[[0.530496,-0.814938,-0.233345],[0.838669,0.46453,0.284334],[-0.123318,-0.346538,0.929895]],[[0.527103,-0.82369,-0.209039],[0.57984,0.528432,-0.620117],[0.621247,0.205657,0.756146]],[[0.527103,-0.82369,-0.209039],[-0.449849,-0.0617587,-0.890967],[0.720971,0.563667,-0.403089]],[[0.527103,-0.82369,-0.209039],[-0.811808,-0.415336,-0.410442],[0.251256,0.386045,-0.887603]]],"btipPosition":[-48.198,243.803,9.78761],"carpPosition":[-3.91734,254.015,73.4683],"dipPosition":[-43.5475,250.948,-6.64108],"direction":[-0.720971,-0.563667,0.403089],"extended":false,"handId":920,"id":9203,"length":63.8252,"mcpPosition":[3.735,275.519,15.7651],"pipPosition":[-23.7622,266.417,-17.7029],"stabilizedTipPosition":[-70.4946,208.902,105.684],"timeVisible":0.488097,"tipPosition":[-46.9815,245.083,7.76256],"tipVelocity":[10.2338,25.7254,-181.322],"tool":false,"touchDistance":0.333333,"touchZone":"none","type":3,"width":17.9078},{"bases":[[[0.366744,-0.915045,-0.167903],[0.89676,0.299669,0.325608],[-0.247631,-0.269983,0.930477]],[[0.386469,-0.888779,-0.246402],[0.626943,0.449102,-0.636593],[0.676449,0.0915435,0.730778]],[[0.386469,-0.888779,-0.246402],[-0.493723,0.0262937,-0.869222],[0.779024,0.457582,-0.428649]],[[0.386469,-0.888779,-0.246402],[-0.876178,-0.270369,-0.399015],[0.288017,0.370099,-0.883217]]],"btipPosition":[-30.4633,238.172,13.0972],"carpPosition":[-0.980875,241.055,68.757],"dipPosition":[-25.5453,244.491,-1.98408],"direction":[-0.779024,-0.457582,0.428649],"extended":false,"handId":920,"id":9204,"length":50.0378,"mcpPosition":[13.2436,256.564,15.3083],"pipPosition":[-10.4512,253.357,-10.2894],"stabilizedTipPosition":[-47.3139,211.176,88.8104],"timeVisible":0.488097,"tipPosition":[-29.1733,239.176,11.1023],"tipVelocity":[10.1287,30.8408,-179.049],"tool":false,"touchDistance":0.333333,"touchZone":"none","type":4,"width":15.9071}],"r":[[0.906103,-0.0863714,0.414146],[0.0863577,0.996087,0.0187964],[-0.414149,0.0187332,0.910016]],"s":0.819502,"t":[80.7697,86.3992,-160.47],"timestamp":607451248612},false],[1,{"currentFrameRate":103.479,"devices":[],"gestures":[],"hands":[{"armBasis":[[0.579522,-0.486256,-0.653995],[0.68775,0.722331,0.0723689],[0.437211,-0.491725,0.753029]],"armWidth":63.1234,"confidence":0.886139,"direction":[0.142159,0.512323,-0.846945],"elbow":[102.611,114.101,280.179],"grabStrength":0,"id":920,"palmNormal":[-0.689508,-0.562644,-0.456081],"palmPosition":[-15.0393,275.521,33.5699],"palmVelocity":[6.56653,11.9833,-130.727],"palmWidth":90.138,"pinchStrength":1,"r":[[0.906268,-0.0849846,0.414072],[0.0857223,0.996177,0.0168382],[-0.41392,0.0202353,0.910088]],"s":0.818648,"sphereCenter":[-37.2204,248.888,-6.55186],"sphereRadius":47.6389,"stabilizedPalmPosition":[-33.3096,251.853,102.232],"t":[80.8221,86.4676,-161.585],"timeVisible":0.497072,"type":"right","wrist":[-14.3303,245.623,78.765]}],"id":4478505,"interactionBox":{"center":[0,200,0],"size":[235.247,235.247,147.751]},"pointables":[{"bases":[[[0.930233,0.342135,0.132703],[-0.318678,0.57384,0.754421],[0.181963,-0.744077,0.642836]],[[0.811964,0.575912,-0.0950746],[-0.454251,0.725735,0.516687],[0.366565,-0.376344,0.850879]],[[0.811964,0.575912,-0.0950746],[-0.568455,0.817179,0.0952723],[0.132561,-0.0233121,0.990901]],[[0.811964,0.575912,-0.0950746],[-0.541728,0.682853,-0.490145],[-0.217358,0.449485,0.86644]]],"btipPosition":[-59.8106,265.166,-11.1592],"carpPosition":[-42.2458,256.19,84.4739],"dipPosition":[-64.8499,275.587,8.92872],"direction":[-0.132561,0.0233121,-0.990901],"extended":false,"handId":920,"id":9200,"length":51.6284,"mcpPosition":[-42.2458,256.19,84.4739],"pipPosition":[-60.3725,274.8,42.3977],"stabilizedTipPosition":[-83.0717,247.321,57.8556],"timeVisible":0.497072,"tipPosition":[-61.4194,267.734,-6.8456],"tipVelocity":[7.72004,20.7205,-121.906],"tool":false,"touchDistance":-0.499729,"touchZone":"hovering","type":0,"width":20.0604},{"bases":[[[0.723976,-0.553581,-0.411591],[0.68498,0.647498,0.333989],[0.0816144,-0.523731,0.847965]],[[0.727723,-0.630054,-0.271018],[0.669861,0.737773,0.0835232],[0.147325,-0.242326,0.958944]],[[0.727723,-0.630054,-0.271018],[0.651669,0.758388,-0.0132487],[0.213884,-0.166972,0.962483]],[[0.727723,-0.630054,-0.271018],[0.634145,0.768626,-0.0841064],[0.261303,-0.110658,0.958893]]],"btipPosition":[-43.4709,321.69,-59.7416],"carpPosition":[-21.7086,267.335,82.1471],"dipPosition":[-39.0481,319.817,-43.5118],"direction":[-0.213884,0.166972,-0.962483],"extended":true,"handId":920,"id":9201,"length":58.2569,"mcpPosition":[-27.6567,305.505,20.3468],"pipPosition":[-33.9269,315.819,-20.466],"stabilizedTipPosition":[-55.6407,303.459,-13.3975],"timeVisible":0.497072,"tipPosition":[-43.0624,319.993,-56.0562],"tipVelocity":[19.9397,20.8287,-138.103],"tool":false,"touchDistance":-0.524871,"touchZone":"hovering","type":1,"width":19.1617},{"bases":[[[0.600895,-0.721467,-0.344109],[0.799141,0.532932,0.278132],[-0.0172763,-0.44212,0.89679]],[[0.600442,-0.729987,-0.32648],[0.487117,0.657667,-0.574622],[0.634182,0.185993,0.75048]],[[0.600442,-0.729987,-0.32648],[-0.484057,-0.00681519,-0.87501],[0.636521,0.683427,-0.357448]],[[0.600442,-0.729987,-0.32648],[-0.78379,-0.45628,-0.421286],[0.158567,0.508849,-0.846126]]],"btipPosition":[-61.8353,255.004,5.25366],"carpPosition":[-11.865,262.053,77.2489],"dipPosition":[-58.8835,264.477,-10.4979],"direction":[-0.636521,-0.683427,0.357448],"extended":false,"handId":920,"id":9202,"length":66.379,"mcpPosition":[-10.671,292.61,15.2675],"pipPosition":[-40.9526,283.729,-20.5672],"stabilizedTipPosition":[-80.7422,222.096,95.6354],"timeVisible":0.497072,"tipPosition":[-60.9442,256.596,3.30971],"tipVelocity":[5.47328,17.1326,-165.858],"tool":false,"touchDistance":0.333333,"touchZone":"none","type":2,"width":18.8193},{"bases":[[[0.529839,-0.816773,-0.22837],[0.839072,0.465659,0.281282],[-0.123401,-0.340653,0.932056]],[[0.526476,-0.825297,-0.204226],[0.584247,0.525707,-0.618294],[0.617639,0.206199,0.75895]],[[0.526476,-0.825297,-0.204226],[-0.444523,-0.0624464,-0.893588],[0.724722,0.561236,-0.39974]],[[0.526476,-0.825297,-0.204226],[-0.810695,-0.414957,-0.413019],[0.256118,0.383009,-0.887529]]],"btipPosition":[-48.1699,243.671,8.56874],"carpPosition":[-3.86119,254.15,72.6009],"dipPosition":[-43.4294,250.761,-7.85858],"direction":[-0.724722,-0.561236,0.39974],"extended":false,"handId":920,"id":9203,"length":63.8252,"mcpPosition":[3.79628,275.289,14.7636],"pipPosition":[-23.5412,266.162,-18.8285],"stabilizedTipPosition":[-70.4913,208.907,105.669],"timeVisible":0.497072,"tipPosition":[-46.9461,244.947,6.53104],"tipVelocity":[8.91819,14.272,-168.844],"tool":false,"touchDistance":0.333333,"touchZone":"none","type":3,"width":17.9078},{"bases":[[[0.366025,-0.916347,-0.162275],[0.897046,0.301015,0.323571],[-0.247656,-0.264003,0.932185]],[[0.385502,-0.890983,-0.239869],[0.630551,0.444174,-0.636486],[0.673642,0.0941174,0.733041]],[[0.385502,-0.890983,-0.239869],[-0.489493,0.0228899,-0.871707],[0.782167,0.453459,-0.427306]],[[0.385502,-0.890983,-0.239869],[-0.875235,-0.270787,-0.400796],[0.292149,0.364449,-0.884209]]],"btipPosition":[-30.4494,238.018,12.1235],"carpPosition":[-0.93536,241.159,67.9698],"dipPosition":[-25.4608,244.241,-2.9747],"direction":[-0.782167,-0.453459,0.427306],"extended":false,"handId":920,"id":9204,"length":50.0378,"mcpPosition":[13.2906,256.324,14.423],"pipPosition":[-10.3059,253.027,-11.254],"stabilizedTipPosition":[-47.31,211.182,88.7928],"timeVisible":0.497072,"tipPosition":[-29.1503,239.014,10.1012],"tipVelocity":[8.27236,17.0217,-159.839],"tool":false,"touchDistance":0.333333,"touchZone":"none","type":4,"width":15.9071}],"r":[[0.906268,-0.0849846,0.414072],[0.0857223,0.996177,0.0168382],[-0.41392,0.0202353,0.910088]],"s":0.818648,"t":[80.8221,86.4676,-161.585],"timestamp":607451257587},false],[2,{"currentFrameRate":103.701,"devices":[],"gestures":[],"hands":[{"armBasis":[[0.580864,-0.486318,-0.652757],[0.687506,0.722445,0.07355],[0.435812,-0.491497,0.753989]],"armWidth":63.1234,"confidence":0.883064,"direction":[0.142874,0.50792,-0.849473],"elbow":[102.27,114.39,279.666],"grabStrength":0,"id":920,"palmNormal":[-0.688241,-0.565813,-0.45407],"palmPosition":[-14.9712,275.505,32.6394],"palmVelocity":[6.79609,8.15094,-122.36],"palmWidth":90.138,"pinchStrength":1,"r":[[0.906295,-0.0832386,0.414369],[0.0849984,0.99628,0.0142272],[-0.414011,0.0223266,0.909998]],"s":0.817948,"sphereCenter":[-37.1496,248.644,-7.47005],"sphereRadius":47.7588,"stabilizedPalmPosition":[-33.3068,251.856,102.221],"t":[80.8824,86.4941,-162.608],"timeVisible":0.506296,"type":"right","wrist":[-14.2977,245.851,77.9953]}],"id":4478506,"interactionBox":{"center":[0,200,0],"size":[235.247,235.247,147.751]},"pointables":[{"bases":[[[0.929676,0.343827,0.132236],[-0.320397,0.577544,0.750859],[0.181793,-0.740423,0.647089]],[[0.813018,0.574447,-0.0949312],[-0.453245,0.726771,0.516113],[0.365473,-0.376582,0.851243]],[[0.813018,0.574447,-0.0949312],[-0.567345,0.818262,0.0925561],[0.130847,-0.021391,0.991172]],[[0.813018,0.574447,-0.0949312],[-0.540564,0.684149,-0.489622],[-0.216315,0.449388,0.866751]]],"btipPosition":[-59.7097,265.345,-12.0613],"carpPosition":[-42.2326,256.419,83.6062],"dipPosition":[-64.7249,275.764,8.0339],"direction":[-0.130847,0.021391,-0.991172],"extended":false,"handId":920,"id":9200,"length":51.6284,"mcpPosition":[-42.2326,256.419,83.6062],"pipPosition":[-60.3053,275.041,41.5121],"stabilizedTipPosition":[-83.0665,247.325,57.8403],"timeVisible":0.506296,"tipPosition":[-61.2489,267.733,-7.73292],"tipVelocity":[8.79006,20.315,-115.095],"tool":false,"touchDistance":-0.491595,"touchZone":"hovering","type":0,"width":20.0604},{"bases":[[[0.725166,-0.555015,-0.407545],[0.683804,0.650006,0.331517],[0.0809095,-0.519086,0.850884]],[[0.728827,-0.63022,-0.267643],[0.669491,0.737865,0.0856565],[0.143502,-0.241613,0.959703]],[[0.728827,-0.63022,-0.267643],[0.651508,0.758547,-0.0120104],[0.210589,-0.165618,0.963443]],[[0.728827,-0.63022,-0.267643],[0.634033,0.768767,-0.0836631],[0.258481,-0.108719,0.959879]]],"btipPosition":[-43.1253,321.494,-60.9236],"carpPosition":[-21.7038,267.573,81.2499],"dipPosition":[-38.7503,319.653,-44.677],"direction":[-0.210589,0.165618,-0.963443],"extended":true,"handId":920,"id":9201,"length":58.2569,"mcpPosition":[-27.6005,305.405,19.2368],"pipPosition":[-33.708,315.688,-21.6082],"stabilizedTipPosition":[-55.6032,303.507,-13.5189],"timeVisible":0.506296,"tipPosition":[-42.7362,319.799,-57.234],"tipVelocity":[24.5194,9.26383,-135.192],"tool":false,"touchDistance":-0.518388,"touchZone":"hovering","type":1,"width":19.1617},{"bases":[[[0.602161,-0.722667,-0.339344],[0.798168,0.535262,0.276445],[-0.0181391,-0.437318,0.899124]],[[0.601682,-0.731215,-0.321408],[0.494645,0.657062,-0.568855],[0.627141,0.183287,0.757034]],[[0.601682,-0.731215,-0.321408],[-0.475485,-0.00457315,-0.879712],[0.641789,0.682132,-0.350433]],[[0.601682,-0.731215,-0.321408],[-0.781507,-0.455811,-0.426008],[0.165002,0.507504,-0.845703]]],"btipPosition":[-61.6901,255.085,3.71968],"carpPosition":[-11.8474,262.275,76.3947],"dipPosition":[-58.6184,264.533,-12.024],"direction":[-0.641789,-0.682132,0.350433],"extended":false,"handId":920,"id":9202,"length":66.379,"mcpPosition":[-10.5937,292.5,14.252],"pipPosition":[-40.5391,283.749,-21.8957],"stabilizedTipPosition":[-80.7385,222.103,95.6171],"timeVisible":0.506296,"tipPosition":[-60.8026,256.647,1.80384],"tipVelocity":[9.19092,14.626,-165.928],"tool":false,"touchDistance":0.333333,"touchZone":"none","type":2,"width":18.8193},{"bases":[[[0.531035,-0.817425,-0.2232],[0.838165,0.46805,0.280015],[-0.124423,-0.335776,0.933688]],[[0.52765,-0.825811,-0.199051],[0.58663,0.52372,-0.617724],[0.61437,0.209173,0.760786]],[[0.52765,-0.825811,-0.199051],[-0.440212,-0.0654218,-0.895507],[0.726498,0.560139,-0.398052]],[[0.52765,-0.825811,-0.199051],[-0.808792,-0.416763,-0.414928],[0.259695,0.379927,-0.887814]]],"btipPosition":[-48.044,243.53,7.54516],"carpPosition":[-3.8284,254.356,71.8009],"dipPosition":[-43.2373,250.563,-8.88743],"direction":[-0.726498,-0.560139,0.398052],"extended":false,"handId":920,"id":9203,"length":63.8252,"mcpPosition":[3.89245,275.192,13.8623],"pipPosition":[-23.3003,265.934,-19.811],"stabilizedTipPosition":[-70.4889,208.911,105.659],"timeVisible":0.506296,"tipPosition":[-46.8146,244.81,5.46029],"tipVelocity":[10.7074,5.5852,-152.655],"tool":false,"touchDistance":0.333333,"touchZone":"none","type":3,"width":17.9078},{"bases":[[[0.367227,-0.916817,-0.156813],[0.89625,0.303696,0.323272],[-0.248758,-0.259258,0.933223]],[[0.386486,-0.892321,-0.233219],[0.639019,0.441414,-0.629927],[0.665044,0.0944266,0.740811]],[[0.386486,-0.892321,-0.233219],[-0.477981,0.0224724,-0.878082],[0.788773,0.450841,-0.417828]],[[0.386486,-0.892321,-0.233219],[-0.871508,-0.27058,-0.408975],[0.301833,0.361316,-0.88224]]],"btipPosition":[-30.325,238.023,10.8487],"carpPosition":[-0.882075,241.343,67.244],"dipPosition":[-25.1711,244.193,-4.21593],"direction":[-0.788773,-0.450841,0.417828],"extended":false,"handId":920,"id":9204,"length":50.0378,"mcpPosition":[13.4071,256.236,13.6376],"pipPosition":[-9.8881,252.928,-12.3116],"stabilizedTipPosition":[-47.3071,211.187,88.7798],"timeVisible":0.506296,"tipPosition":[-29.002,239.006,8.8671],"tipVelocity":[10.8901,12.0381,-153.54],"tool":false,"touchDistance":0.333333,"touchZone":"none","type":4,"width":15.9071}],"r":[[0.906295,-0.0832386,0.414369],[0.0849984,0.99628,0.0142272],[-0.414011,0.0223266,0.909998]],"s":0.817948,"t":[80.8824,86.4941,-162.608],"timestamp":607451266811},false],[3,{"currentFrameRate":104.074,"devices":[],"gestures":[],"hands":[{"armBasis":[[0.580224,-0.488317,-0.651833],[0.688676,0.721429,0.0725636],[0.434818,-0.491005,0.754883]],"armWidth":63.1234,"confidence":0.886609,"direction":[0.143655,0.505082,-0.851032],"elbow":[102.1,114.655,279.386],"grabStrength":0,"id":920,"palmNormal":[-0.688979,-0.56627,-0.452378],"palmPosition":[-14.8297,275.499,32.0285],"palmVelocity":[9.2705,5.74007,-107.716],"palmWidth":90.138,"pinchStrength":1,"r":[[0.906284,-0.0818339,0.414671],[0.0846941,0.99634,0.0115211],[-0.414096,0.0246788,0.909898]],"s":0.817582,"sphereCenter":[-37.1315,248.611,-8.05742],"sphereRadius":47.8345,"stabilizedPalmPosition":[-33.3048,251.859,102.214],"t":[80.9833,86.5042,-163.424],"timeVisible":0.515205,"type":"right","wrist":[-14.2014,245.985,77.4764]}],"id":4478507,"interactionBox":{"center":[0,200,0],"size":[235.247,235.247,147.751]},"pointables":[{"bases":[[[0.930137,0.342952,0.131259],[-0.31967,0.580314,0.749031],[0.180711,-0.73866,0.649403]],[[0.815274,0.571286,-0.0946646],[-0.449891,0.727801,0.517594],[0.364591,-0.379392,0.850373]],[[0.815274,0.571286,-0.0946646],[-0.56427,0.820472,0.0917854],[0.130105,-0.0214138,0.991269]],[[0.815274,0.571286,-0.0946646],[-0.537833,0.686432,-0.489436],[-0.214627,0.449938,0.866886]]],"btipPosition":[-59.5698,265.661,-12.5792],"carpPosition":[-42.1222,256.609,83.0517],"dipPosition":[-64.5458,276.093,7.51912],"direction":[-0.130105,0.0214138,-0.991269],"extended":false,"handId":920,"id":9200,"length":51.6284,"mcpPosition":[-42.1222,256.609,83.0517],"pipPosition":[-60.1513,275.37,41.0006],"stabilizedTipPosition":[-83.0618,247.33,57.8262],"timeVisible":0.515205,"tipPosition":[-61.0612,267.916,-8.24685],"tipVelocity":[10.9492,24.5509,-99.5667],"tool":false,"touchDistance":-0.478527,"touchZone":"hovering","type":0,"width":20.0604},{"bases":[[[0.724437,-0.557279,-0.405748],[0.68467,0.650088,0.329564],[0.0801132,-0.516552,0.8525]],[[0.728032,-0.631447,-0.266916],[0.670944,0.736226,0.0883489],[0.140723,-0.243406,0.959662]],[[0.728032,-0.631447,-0.266916],[0.653047,0.757249,-0.0102002],[0.208562,-0.166882,0.963666]],[[0.728032,-0.631447,-0.266916],[0.635515,0.767654,-0.0826377],[0.25708,-0.109466,0.96017]]],"btipPosition":[-42.7507,321.582,-61.6369],"carpPosition":[-21.5777,267.727,80.6628],"dipPosition":[-38.3994,319.729,-45.3854],"direction":[-0.208562,0.166882,-0.963666],"extended":true,"handId":920,"id":9201,"length":58.2569,"mcpPosition":[-27.4164,305.374,18.532],"pipPosition":[-33.4056,315.734,-22.3114],"stabilizedTipPosition":[-55.5741,303.544,-13.612],"timeVisible":0.515205,"tipPosition":[-42.3707,319.879,-57.95],"tipVelocity":[29.1244,9.36004,-120.152],"tool":false,"touchDistance":-0.505566,"touchZone":"hovering","type":1,"width":19.1617},{"bases":[[[0.601195,-0.724547,-0.33704],[0.79888,0.535016,0.274859],[-0.018827,-0.434499,0.900476]],[[0.600695,-0.733143,-0.318853],[0.499906,0.655684,-0.565838],[0.623907,0.180499,0.760368]],[[0.600695,-0.733143,-0.318853],[-0.471191,-0.0024609,-0.882028],[0.645868,0.68007,-0.346929]],[[0.600695,-0.733143,-0.318853],[-0.781416,-0.454109,-0.427988],[0.168982,0.506247,-0.845671]]],"btipPosition":[-61.558,255.23,2.79802],"carpPosition":[-11.7283,262.401,75.825],"dipPosition":[-58.4122,264.655,-12.945],"direction":[-0.645868,-0.68007,0.346929],"extended":false,"handId":920,"id":9202,"length":66.379,"mcpPosition":[-10.427,292.431,13.5888],"pipPosition":[-40.218,283.812,-22.718],"stabilizedTipPosition":[-80.7358,222.107,95.6041],"timeVisible":0.515205,"tipPosition":[-60.6789,256.787,0.847927],"tipVelocity":[11.246,14.9126,-148.916],"tool":false,"touchDistance":0.333333,"touchZone":"none","type":2,"width":18.8193},{"bases":[[[0.529927,-0.818847,-0.220608],[0.838784,0.46776,0.278642],[-0.124973,-0.332703,0.934714]],[[0.52652,-0.827171,-0.196379],[0.590119,0.521866,-0.615967],[0.611994,0.208432,0.762902]],[[0.52652,-0.827171,-0.196379],[-0.436754,-0.0649952,-0.89723],[0.729399,0.558179,-0.395491]],[[0.52652,-0.827171,-0.196379],[-0.808428,-0.415648,-0.41675],[0.263099,0.378186,-0.887555]]],"btipPosition":[-47.9386,243.559,6.76849],"carpPosition":[-3.71975,254.456,71.2566],"dipPosition":[-43.0689,250.558,-9.65931],"direction":[-0.729399,-0.558179,0.395491],"extended":false,"handId":920,"id":9203,"length":63.8252,"mcpPosition":[4.03529,275.102,13.2544],"pipPosition":[-23.0523,265.876,-20.5126],"stabilizedTipPosition":[-70.4872,208.913,105.652],"timeVisible":0.515205,"tipPosition":[-46.7085,244.835,4.65428],"tipVelocity":[11.4566,4.69995,-134.797],"tool":false,"touchDistance":0.333333,"touchZone":"none","type":3,"width":17.9078},{"bases":[[[0.365976,-0.917806,-0.15393],[0.896638,0.303461,0.322415],[-0.249203,-0.256015,0.933999]],[[0.385059,-0.893902,-0.229496],[0.643532,0.438309,-0.627496],[0.661511,0.0939344,0.74403]],[[0.385059,-0.893902,-0.229496],[-0.472685,0.0225547,-0.880943],[0.792653,0.447694,-0.41385]],[[0.385059,-0.893902,-0.229496],[-0.870318,-0.268984,-0.412545],[0.307044,0.358589,-0.881554]]],"btipPosition":[-30.2487,238.044,10.099],"carpPosition":[-0.79096,241.425,66.7404],"dipPosition":[-25.0058,244.167,-4.95392],"direction":[-0.792653,-0.447694,0.41385],"extended":false,"handId":920,"id":9204,"length":50.0378,"mcpPosition":[13.5238,256.132,13.0894],"pipPosition":[-9.64765,252.841,-12.9725],"stabilizedTipPosition":[-47.305,211.19,88.7707],"timeVisible":0.515205,"tipPosition":[-28.9143,239.027,8.09558],"tipVelocity":[10.8817,9.05804,-134.568],"tool":false,"touchDistance":0.333333,"touchZone":"none","type":4,"width":15.9071}],"r":[[0.906284,-0.0818339,0.414671],[0.0846941,0.99634,0.0115211],[-0.414096,0.0246788,0.909898]],"s":0.817582,"t":[80.9833,86.5042,-163.424],"timestamp":607451275720},false],[4,{"currentFrameRate":104.386,"devices":[],"gestures":[],"hands":[{"armBasis":[[0.581564,-0.491674,-0.648105],[0.688182,0.722187,0.069651],[0.433808,-0.486521,0.758359]],"armWidth":63.1234,"confidence":0.889797,"direction":[0.147583,0.505864,-0.849895],"elbow":[101.712,115.901,279.111],"grabStrength":0,"id":920,"palmNormal":[-0.687768,-0.56504,-0.455747],"palmPosition":[-14.7349,275.596,30.8538],"palmVelocity":[9.61829,7.13455,-113.999],"palmWidth":90.138,"pinchStrength":1,"r":[[0.905927,-0.0809936,0.415615],[0.0846549,0.996364,0.00964345],[-0.414885,0.0264476,0.909489]],"s":0.817899,"sphereCenter":[-37.0256,248.998,-9.32587],"sphereRadius":47.8143,"stabilizedPalmPosition":[-33.3034,251.86,102.209],"t":[81.0811,86.5579,-164.42],"timeVisible":0.524199,"type":"right","wrist":[-14.3191,246.032,76.2712]}],"id":4478508,"interactionBox":{"center":[0,200,0],"size":[235.247,235.247,147.751]},"pointables":[{"bases":[[[0.929968,0.341819,0.135345],[-0.322041,0.57983,0.748389],[0.177336,-0.739565,0.649304]],[[0.817354,0.569179,-0.0892658],[-0.449801,0.727237,0.518465],[0.360017,-0.383617,0.850427]],[[0.817354,0.569179,-0.0892658],[-0.562406,0.821864,0.0907737],[0.125031,-0.0239906,0.991863]],[[0.817354,0.569179,-0.0892658],[-0.5337,0.689645,-0.489442],[-0.217018,0.447689,0.867455]]],"btipPosition":[-59.2452,266.08,-13.9199],"carpPosition":[-42.2507,256.679,81.7468],"dipPosition":[-64.2767,276.459,6.19158],"direction":[-0.125031,0.0239906,-0.991863],"extended":false,"handId":920,"id":9200,"length":51.6284,"mcpPosition":[-42.2507,256.679,81.7468],"pipPosition":[-60.0536,275.649,39.6931],"stabilizedTipPosition":[-83.0567,247.335,57.8114],"timeVisible":0.524199,"tipPosition":[-60.7439,268.255,-9.57396],"tipVelocity":[17.4571,30.2146,-113.059],"tool":false,"touchDistance":-0.479073,"touchZone":"hovering","type":0,"width":20.0604},{"bases":[[[0.72546,-0.557602,-0.40347],[0.684037,0.648998,0.333009],[0.0761648,-0.517573,0.852242]],[[0.728492,-0.631148,-0.266365],[0.671833,0.734236,0.0976594],[0.133937,-0.250097,0.958912]],[[0.728492,-0.631148,-0.266365],[0.654481,0.756077,-0.00154883],[0.20237,-0.173203,0.963871]],[[0.728492,-0.631148,-0.266365],[0.637239,0.76704,-0.0746808],[0.251447,-0.115334,0.960975]]],"btipPosition":[-42.0379,322.243,-62.8154],"carpPosition":[-21.6851,267.779,79.4521],"dipPosition":[-37.782,320.291,-46.5503],"direction":[-0.20237,0.173203,-0.963871],"extended":true,"handId":920,"id":9201,"length":58.2569,"mcpPosition":[-27.2361,305.5,17.3401],"pipPosition":[-32.9365,316.144,-23.4713],"stabilizedTipPosition":[-55.5445,303.582,-13.7046],"timeVisible":0.524199,"tipPosition":[-41.6877,320.497,-59.1386],"tipVelocity":[42.2095,26.2603,-123.041],"tool":false,"touchDistance":-0.500973,"touchZone":"hovering","type":1,"width":19.1617},{"bases":[[[0.601768,-0.724815,-0.335438],[0.798343,0.533865,0.278633],[-0.022879,-0.435467,0.899914]],[[0.601184,-0.733455,-0.31721],[0.505105,0.656376,-0.560392],[0.619231,0.176674,0.765075]],[[0.601184,-0.733455,-0.31721],[-0.464688,0.00206947,-0.885472],[0.65011,0.679735,-0.339584]],[[0.601184,-0.733455,-0.31721],[-0.7795,-0.450847,-0.434876],[0.175949,0.508705,-0.84277]]],"btipPosition":[-61.3977,255.489,1.17406],"carpPosition":[-11.8221,262.447,74.6478],"dipPosition":[-58.1222,264.96,-14.515],"direction":[-0.65011,-0.679735,0.339584],"extended":false,"handId":920,"id":9202,"length":66.379,"mcpPosition":[-10.2408,292.544,12.4505],"pipPosition":[-39.8085,284.108,-24.0811],"stabilizedTipPosition":[-80.7337,222.111,95.5938],"timeVisible":0.524199,"tipPosition":[-60.4993,257.071,-0.804976],"tipVelocity":[13.9609,19.0512,-157.221],"tool":false,"touchDistance":0.333333,"touchZone":"none","type":2,"width":18.8193},{"bases":[[[0.529936,-0.819166,-0.219396],[0.838161,0.466562,0.282501],[-0.129053,-0.333597,0.933841]],[[0.526417,-0.827528,-0.195147],[0.593588,0.522035,-0.612482],[0.608719,0.206584,0.766018]],[[0.526417,-0.827528,-0.195147],[-0.43259,-0.0630936,-0.89938],[0.73195,0.557868,-0.391194]],[[0.526417,-0.827528,-0.195147],[-0.807012,-0.414078,-0.421036],[0.267613,0.379126,-0.885803]]],"btipPosition":[-47.7782,243.729,5.38046],"carpPosition":[-3.80384,254.499,70.1027],"dipPosition":[-42.8249,250.747,-11.0149],"direction":[-0.73195,-0.557868,0.391194],"extended":false,"handId":920,"id":9203,"length":63.8252,"mcpPosition":[4.20438,275.2,12.1546],"pipPosition":[-22.7383,266.056,-21.7503],"stabilizedTipPosition":[-70.486,208.915,105.646],"timeVisible":0.524199,"tipPosition":[-46.5396,245.015,3.23293],"tipVelocity":[13.795,8.7446,-139.93],"tool":false,"touchDistance":0.333333,"touchZone":"none","type":3,"width":17.9078},{"bases":[[[0.365616,-0.918024,-0.153481],[0.895665,0.302154,0.326323],[-0.253198,-0.256776,0.932715]],[[0.384967,-0.894143,-0.228709],[0.646904,0.438162,-0.624123],[0.658267,0.0923144,0.747103]],[[0.384967,-0.894143,-0.228709],[-0.468567,0.0241449,-0.883098],[0.795138,0.447129,-0.409671]],[[0.384967,-0.894143,-0.228709],[-0.868772,-0.267435,-0.41679],[0.311505,0.359146,-0.879761]]],"btipPosition":[-30.1098,238.19,8.79688],"carpPosition":[-0.870845,241.47,65.5838],"dipPosition":[-24.7908,244.322,-6.22538],"direction":[-0.795138,-0.447129,0.409671],"extended":false,"handId":920,"id":9204,"length":50.0378,"mcpPosition":[13.6734,256.22,12.0066],"pipPosition":[-9.38443,252.986,-14.163],"stabilizedTipPosition":[-47.3035,211.192,88.7639],"timeVisible":0.524199,"tipPosition":[-28.7668,239.182,6.7704],"tipVelocity":[12.668,11.1001,-137.154],"tool":false,"touchDistance":0.333333,"touchZone":"none","type":4,"width":15.9071}],"r":[[0.905927,-0.0809936,0.415615],[0.0846549,0.996364,0.00964345],[-0.414885,0.0264476,0.909489]],"s":0.817899,"t":[81.0811,86.5579,-164.42],"timestamp":607451284714},false],[5,{"currentFrameRate":104.656,"devices":[],"gestures":[],"hands":[{"armBasis":[[0.582884,-0.494199,-0.644991],[0.688889,0.721505,0.0697312],[0.430903,-0.484973,0.761002]],"armWidth":63.1234,"confidence":0.892961,"direction":[0.149612,0.504388,-0.850417],"elbow":[101.048,116.571,278.696],"grabStrength":0,"id":920,"palmNormal":[-0.687634,-0.564955,-0.456053],"palmPosition":[-14.5114,275.783,29.6855],"palmVelocity":[13.7777,10.8485,-118.16],"palmWidth":90.138,"pinchStrength":1,"r":[[0.90548,-0.0803989,0.416703],[0.0848494,0.996363,0.00786425],[-0.41582,0.0282361,0.909009]],"s":0.818329,"sphereCenter":[-36.8494,249.303,-10.5086],"sphereRadius":47.8302,"stabilizedPalmPosition":[-33.3023,251.862,102.204],"t":[81.2418,86.678,-165.502],"timeVisible":0.53325,"type":"right","wrist":[-14.2069,246.288,75.1489]}],"id":4478509,"interactionBox":{"center":[0,200,0],"size":[235.247,235.247,147.751]},"pointables":[{"bases":[[[0.930126,0.340966,0.136409],[-0.322655,0.581347,0.746947],[0.175382,-0.738768,0.65074]],[[0.819106,0.566941,-0.0874239],[-0.448897,0.72838,0.517642],[0.357151,-0.38476,0.851119]],[[0.819106,0.566941,-0.0874239],[-0.560275,0.823382,0.0901895],[0.123115,-0.0248934,0.99208]],[[0.819106,0.566941,-0.0874239],[-0.531102,0.691911,-0.48907],[-0.216784,0.447031,0.867852]]],"btipPosition":[-58.9292,266.478,-15.1571],"carpPosition":[-42.1357,256.975,80.5604],"dipPosition":[-63.9552,276.842,4.96361],"direction":[-0.123115,0.0248934,-0.99208],"extended":false,"handId":920,"id":9200,"length":51.6284,"mcpPosition":[-42.1357,256.975,80.5604],"pipPosition":[-59.7968,276.001,38.4725],"stabilizedTipPosition":[-83.0511,247.34,57.7947],"timeVisible":0.53325,"tipPosition":[-60.4129,268.585,-10.7888],"tipVelocity":[22.3132,33.9124,-119.514],"tool":false,"touchDistance":-0.478025,"touchZone":"hovering","type":0,"width":20.0604},{"bases":[[[0.725509,-0.559049,-0.401374],[0.68421,0.648728,0.33318],[0.0741184,-0.516349,0.853165]],[[0.728281,-0.631766,-0.265479],[0.672965,0.732455,0.103087],[0.129324,-0.253734,0.95859]],[[0.728281,-0.631766,-0.265479],[0.655961,0.754788,0.00329265],[0.1983,-0.176542,0.964111]],[[0.728281,-0.631766,-0.265479],[0.638874,0.766079,-0.0704493],[0.247885,-0.118301,0.961539]]],"btipPosition":[-41.4031,322.708,-64.0525],"carpPosition":[-21.5535,268.048,78.2838],"dipPosition":[-37.2075,320.706,-47.7779],"direction":[-0.1983,0.176542,-0.964111],"extended":true,"handId":920,"id":9201,"length":58.2569,"mcpPosition":[-26.9553,305.68,16.1046],"pipPosition":[-32.4594,316.478,-24.6931],"stabilizedTipPosition":[-55.5119,303.622,-13.8054],"timeVisible":0.53325,"tipPosition":[-41.076,320.943,-60.3796],"tipVelocity":[49.4942,32.8316,-126.738],"tool":false,"touchDistance":-0.497733,"touchZone":"hovering","type":1,"width":19.1617},{"bases":[[[0.60151,-0.726016,-0.333297],[0.798477,0.533381,0.279177],[-0.0249127,-0.434057,0.900541]],[[0.600868,-0.734823,-0.314633],[0.512071,0.656091,-0.554372],[0.613793,0.17199,0.770505]],[[0.600868,-0.734823,-0.314633],[-0.45818,0.00592317,-0.88884],[0.655003,0.678233,-0.333122]],[[0.600868,-0.734823,-0.314633],[-0.778497,-0.448638,-0.438938],[0.181386,0.508684,-0.841629]]],"btipPosition":[-61.1028,255.909,-0.4751],"carpPosition":[-11.6884,262.697,73.5045],"dipPosition":[-57.7261,265.378,-16.1429],"direction":[-0.655003,-0.678233,0.333122],"extended":false,"handId":920,"id":9202,"length":66.379,"mcpPosition":[-9.96654,292.697,11.2639],"pipPosition":[-39.2746,284.484,-25.527],"stabilizedTipPosition":[-80.7318,222.114,95.5848],"timeVisible":0.53325,"tipPosition":[-60.214,257.472,-2.4567],"tipVelocity":[19.809,26.5741,-163.966],"tool":false,"touchDistance":0.333333,"touchZone":"none","type":2,"width":18.8193},{"bases":[[[0.529372,-0.820107,-0.217233],[0.83821,0.466039,0.283216],[-0.131028,-0.332013,0.93413]],[[0.5258,-0.828434,-0.192956],[0.596953,0.520984,-0.610101],[0.605956,0.205605,0.768469]],[[0.5258,-0.828434,-0.192956],[-0.428756,-0.062205,-0.901276],[0.734645,0.556622,-0.387903]],[[0.5258,-0.828434,-0.192956],[-0.806095,-0.412873,-0.423966],[0.271561,0.378462,-0.884885]]],"btipPosition":[-47.548,243.955,4.02941],"carpPosition":[-3.67146,254.733,68.9853],"dipPosition":[-42.5216,250.96,-12.349],"direction":[-0.734645,-0.556622,0.387903],"extended":false,"handId":920,"id":9203,"length":63.8252,"mcpPosition":[4.45931,275.336,11.0193],"pipPosition":[-22.361,266.235,-22.994],"stabilizedTipPosition":[-70.4849,208.917,105.642],"timeVisible":0.53325,"tipPosition":[-46.3032,245.244,1.85398],"tipVelocity":[17.5188,13.1306,-142.388],"tool":false,"touchDistance":0.333333,"touchZone":"none","type":3,"width":17.9078},{"bases":[[[0.364827,-0.918676,-0.151447],[0.895452,0.301633,0.327389],[-0.255083,-0.255053,0.932674]],[[0.384245,-0.895064,-0.226311],[0.649557,0.43629,-0.622677],[0.656073,0.0922586,0.749037]],[[0.384245,-0.895064,-0.226311],[-0.465548,0.0238343,-0.884702],[0.797259,0.445301,-0.407537]],[[0.384245,-0.895064,-0.226311],[-0.86792,-0.266632,-0.419073],[0.314755,0.357446,-0.879296]]],"btipPosition":[-29.8961,238.381,7.58988],"carpPosition":[-0.745658,241.694,64.4915],"dipPosition":[-24.5215,244.485,-7.42445],"direction":[-0.797258,-0.445301,0.407537],"extended":false,"handId":920,"id":9204,"length":50.0378,"mcpPosition":[13.9069,256.345,10.9166],"pipPosition":[-9.07413,253.113,-15.3207],"stabilizedTipPosition":[-47.3023,211.194,88.7584],"timeVisible":0.53325,"tipPosition":[-28.5473,239.376,5.53792],"tipVelocity":[16.077,13.671,-136.05],"tool":false,"touchDistance":0.333333,"touchZone":"none","type":4,"width":15.9071}],"r":[[0.90548,-0.0803989,0.416703],[0.0848494,0.996363,0.00786425],[-0.41582,0.0282361,0.909009]],"s":0.818329,"t":[81.2418,86.678,-165.502],"timestamp":607451293765},false],[6,{"currentFrameRate":104.906,"devices":[],"gestures":[],"hands":[{"armBasis":[[0.584719,-0.494298,-0.643252],[0.689056,0.721099,0.0722372],[0.428142,-0.485475,0.762239]],"armWidth":63.1234,"confidence":0.893755,"direction":[0.15239,0.503085,-0.850695],"elbow":[100.397,116.726,278.113],"grabStrength":0,"id":920,"palmNormal":[-0.686349,-0.565466,-0.457355],"palmPosition":[-14.2741,276.004,28.7278],"palmVelocity":[17.2026,14.5981,-114.695],"palmWidth":90.138,"pinchStrength":1,"r":[[0.904857,-0.0798416,0.418161],[0.0850513,0.996357,0.00619745],[-0.417132,0.0299573,0.908352]],"s":0.819317,"sphereCenter":[-36.565,249.674,-11.4739],"sphereRadius":47.8092,"stabilizedPalmPosition":[-33.3013,251.863,102.201],"t":[81.4408,86.8487,-166.522],"timeVisible":0.542317,"type":"right","wrist":[-14.1188,246.577,74.2358]}],"id":4478510,"interactionBox":{"center":[0,200,0],"size":[235.247,235.247,147.751]},"pointables":[{"bases":[[[0.929781,0.340941,0.138803],[-0.324839,0.582537,0.745071],[0.173167,-0.737841,0.652383]],[[0.820272,0.565675,-0.0846506],[-0.449991,0.729586,0.514988],[0.353076,-0.384338,0.853007]],[[0.820272,0.565675,-0.0846506],[-0.559185,0.824221,0.0892868],[0.120278,-0.0259042,0.992402]],[[0.820272,0.565675,-0.0846506],[-0.529036,0.694081,-0.488234],[-0.217428,0.445268,0.868598]]],"btipPosition":[-58.5429,266.836,-16.2948],"carpPosition":[-42.0616,257.279,79.5443],"dipPosition":[-63.5838,277.159,3.84317],"direction":[-0.120278,0.0259042,-0.992402],"extended":false,"handId":920,"id":9200,"length":51.6284,"mcpPosition":[-42.0616,257.279,79.5443],"pipPosition":[-59.5213,276.285,37.3629],"stabilizedTipPosition":[-83.0446,247.346,57.7753],"timeVisible":0.542317,"tipPosition":[-60.0157,268.885,-11.8886],"tipVelocity":[27.8149,35.1684,-121.042],"tool":false,"touchDistance":-0.475562,"touchZone":"hovering","type":0,"width":20.0604},{"bases":[[[0.726619,-0.559823,-0.398275],[0.683328,0.649056,0.334348],[0.0713276,-0.515096,0.854159]],[[0.729009,-0.631705,-0.263619],[0.673359,0.731038,0.110328],[0.12302,-0.25794,0.958297]],[[0.729009,-0.631705,-0.263619],[0.656919,0.753893,0.0100973],[0.192362,-0.180537,0.964574]],[[0.729009,-0.631705,-0.263619],[0.640163,0.765553,-0.0641803],[0.242357,-0.121971,0.96249]]],"btipPosition":[-40.6119,323.249,-65.1081],"carpPosition":[-21.4697,268.343,77.3154],"dipPosition":[-36.5098,321.184,-48.8174],"direction":[-0.192362,0.180537,-0.964574],"extended":true,"handId":920,"id":9201,"length":58.2569,"mcpPosition":[-26.6681,305.884,15.0637],"pipPosition":[-31.9039,316.862,-25.7216],"stabilizedTipPosition":[-55.4702,303.672,-13.9306],"timeVisible":0.542317,"tipPosition":[-40.3263,321.451,-61.4384],"tipVelocity":[59.2744,39.8103,-123.776],"tool":false,"touchDistance":-0.492072,"touchZone":"hovering","type":1,"width":19.1617},{"bases":[[[0.602366,-0.726658,-0.330337],[0.797734,0.533601,0.280873],[-0.0278303,-0.43271,0.901104]],[[0.601653,-0.735541,-0.311436],[0.515507,0.655396,-0.552004],[0.610136,0.171568,0.773498]],[[0.601653,-0.735541,-0.311436],[-0.453645,0.00625739,-0.891161],[0.657434,0.677451,-0.32991]],[[0.601653,-0.735541,-0.311436],[-0.776876,-0.448224,-0.44222],[0.185678,0.50801,-0.8411]]],"btipPosition":[-60.7776,256.156,-1.68688],"carpPosition":[-11.5911,262.983,72.5749],"dipPosition":[-57.321,265.613,-17.3448],"direction":[-0.657434,-0.677451,0.32991],"extended":false,"handId":920,"id":9202,"length":66.379,"mcpPosition":[-9.66757,292.89,10.2954],"pipPosition":[-38.801,284.697,-26.6384],"stabilizedTipPosition":[-80.7301,222.117,95.5764],"timeVisible":0.542317,"tipPosition":[-59.8833,257.734,-3.71483],"tipVelocity":[24.8058,26.688,-155.52],"tool":false,"touchDistance":0.333333,"touchZone":"none","type":2,"width":18.8193},{"bases":[[[0.529844,-0.820558,-0.214359],[0.837438,0.466255,0.285136],[-0.134025,-0.33059,0.93421]],[[0.526192,-0.82885,-0.190077],[0.598981,0.519924,-0.609016],[0.603609,0.206607,0.770045]],[[0.526192,-0.82885,-0.190077],[-0.425961,-0.0634495,-0.902514],[0.735988,0.555861,-0.386444]],[[0.526192,-0.82885,-0.190077],[-0.804872,-0.41331,-0.425859],[0.274412,0.377071,-0.884599]]],"btipPosition":[-47.2384,244.147,3.01661],"carpPosition":[-3.56206,255.01,68.0926],"dipPosition":[-42.1593,251.126,-13.3565],"direction":[-0.735988,-0.555861,0.386444],"extended":false,"handId":920,"id":9203,"length":63.8252,"mcpPosition":[4.75465,275.525,10.1216],"pipPosition":[-21.9618,266.38,-23.9615],"stabilizedTipPosition":[-70.484,208.918,105.638],"timeVisible":0.542317,"tipPosition":[-45.9868,245.433,0.837987],"tipVelocity":[22.4818,15.1503,-133.872],"tool":false,"touchDistance":0.333333,"touchZone":"none","type":3,"width":17.9078},{"bases":[[[0.365069,-0.918989,-0.14894],[0.894501,0.301902,0.329732],[-0.258055,-0.253602,0.932252]],[[0.384708,-0.895519,-0.223706],[0.65358,0.43542,-0.619066],[0.651792,0.0919497,0.752803]],[[0.384708,-0.895519,-0.223706],[-0.459943,0.0241451,-0.88762],[0.800283,0.444367,-0.402599]],[[0.384708,-0.895519,-0.223706],[-0.865783,-0.266059,-0.42383],[0.320029,0.356732,-0.877681]]],"btipPosition":[-29.6039,238.609,6.49475],"carpPosition":[-0.625499,241.964,63.6273],"dipPosition":[-24.1393,244.7,-8.49201],"direction":[-0.800283,-0.444367,0.402599],"extended":false,"handId":920,"id":9204,"length":50.0378,"mcpPosition":[14.1978,256.531,10.0767],"pipPosition":[-8.63327,253.31,-16.2926],"stabilizedTipPosition":[-47.3012,211.196,88.7535],"timeVisible":0.542317,"tipPosition":[-28.2451,239.612,4.42675],"tipVelocity":[21.171,16.7454,-131.638],"tool":false,"touchDistance":0.333333,"touchZone":"none","type":4,"width":15.9071}],"r":[[0.904857,-0.079