{"sensorType":"Leap","data":[[0,{"currentFrameRate":103.195,"devices":[],"gestures":[],"hands":[{"armBasis":[[0.698142,-0.373934,-0.61055],[0.597218,0.77449,0.208557],[0.394879,-0.510234,0.764024]],"armWidth":62.8676,"confidence":0.902656,"direction":[0.0541926,0.46705,-0.882569],"elbow":[109.41,134.114,284.865],"grabStrength":0,"id":867,"palmNormal":[-0.5992,-0.691829,-0.402904],"palmPosition":[-1.45509,296.11,34.4221],"palmVelocity":[13.4075,-17.5861,-173.208],"palmWidth":89.7729,"pinchStrength":1,"r":[[0.93073,-0.22476,0.288488],[0.287544,0.937176,-0.197534],[-0.225966,0.266803,0.936886]],"s":0.825926,"sphereCenter":[-23.7169,270.491,-0.845889],"sphereRadius":44.4066,"stabilizedPalmPosition":[-23.8644,292.946,124.327],"t":[110.577,71.3829,-184.474],"timeVisible":0.623834,"type":"right","wrist":[4.21889,270.034,81.3378]}],"id":4444880,"interactionBox":{"center":[0,200,0],"size":[235.247,235.247,147.751]},"pointables":[{"bases":[[[0.867936,0.488339,0.090624],[-0.396018,0.570298,0.719673],[0.299762,-0.660519,0.688373]],[[0.697012,0.696926,-0.168724],[-0.586854,0.68964,0.424263],[0.412039,-0.1967,0.889681]],[[0.697012,0.696926,-0.168724],[-0.714668,0.694382,-0.0841601],[0.0585056,0.179242,0.982064]],[[0.697012,0.696926,-0.168724],[-0.679745,0.567274,-0.464917],[-0.2283,0.438742,0.869129]]],"btipPosition":[-41.8049,270.101,-10.0802],"carpPosition":[-24.8155,276.574,86.8413],"dipPosition":[-47.0764,280.232,9.98845],"direction":[-0.0585056,-0.179242,-0.982064],"extended":false,"handId":867,"id":8670,"length":51.4192,"mcpPosition":[-24.8155,276.574,86.8413],"pipPosition":[-45.1083,286.262,43.0246],"stabilizedTipPosition":[-70.5904,271.359,82.3602],"timeVisible":0.623834,"tipPosition":[-43.4685,272.318,-5.47243],"tipVelocity":[23.6653,-3.96979,-181.011],"tool":false,"touchDistance":-0.587077,"touchZone":"hovering","type":0,"width":19.9791},{"bases":[[[0.796522,-0.464434,-0.387109],[0.580601,0.766189,0.275421],[0.168683,-0.444135,0.879937]],[[0.812828,-0.525919,-0.250437],[0.558011,0.826372,0.0757176],[0.167133,-0.201292,0.965167]],[[0.812828,-0.525919,-0.250437],[0.536672,0.84329,-0.029071],[0.22648,-0.110773,0.967696]],[[0.812828,-0.525919,-0.250437],[0.516609,0.849485,-0.107197],[0.269119,-0.0422459,0.96218]]],"btipPosition":[-35.5934,334.594,-60.7103],"carpPosition":[-6.32755,290.47,83.3679],"dipPosition":[-31.0568,333.881,-44.4908],"direction":[-0.22648,0.110773,-0.967696],"extended":true,"handId":867,"id":8671,"length":58.0209,"mcpPosition":[-18.5715,322.707,19.4972],"pipPosition":[-25.6559,331.24,-21.4141],"stabilizedTipPosition":[-62.5394,328.639,30.8549],"timeVisible":0.623834,"tipPosition":[-34.8251,333.338,-57.0028],"tipVelocity":[42.6963,-4.11818,-183.264],"tool":false,"touchDistance":-0.606611,"touchZone":"hovering","type":1,"width":19.0841},{"bases":[[[0.701262,-0.643934,-0.30591],[0.710467,0.666703,0.225263],[0.0588966,-0.375307,0.925027]],[[0.702525,-0.653203,-0.282462],[0.344632,0.659526,-0.668023],[0.622645,0.371957,0.688448]],[[0.702525,-0.653203,-0.282462],[-0.475453,-0.135467,-0.869248],[0.529531,0.744966,-0.405737]],[[0.702525,-0.653203,-0.282462],[-0.70099,-0.56668,-0.432998],[0.12277,0.502195,-0.855995]]],"btipPosition":[-46.6751,264.367,9.50721],"carpPosition":[4.12206,286.433,78.6668],"dipPosition":[-44.3989,273.678,-6.36348],"direction":[-0.529531,-0.744966,0.405737],"extended":false,"handId":867,"id":8672,"length":66.1101,"mcpPosition":[0.0679257,312.267,14.9928],"pipPosition":[-29.5424,294.579,-17.7468],"stabilizedTipPosition":[-74.5698,253.902,117.857],"timeVisible":0.623834,"tipPosition":[-46.2228,266.102,6.53233],"tipVelocity":[26.3722,-18.1752,-180.259],"tool":false,"touchDistance":0.333333,"touchZone":"none","type":2,"width":18.7431},{"bases":[[[0.646719,-0.74056,-0.182555],[0.760269,0.60669,0.232204],[-0.0612069,-0.288962,0.955382]],[[0.646092,-0.743338,-0.173244],[0.467105,0.56459,-0.680479],[0.603638,0.358729,0.711994]],[[0.646092,-0.743338,-0.173244],[-0.411381,-0.147953,-0.899375],[0.642908,0.652348,-0.401386]],[[0.646092,-0.743338,-0.173244],[-0.719882,-0.518039,-0.461959],[0.253645,0.423183,-0.869816]]],"btipPosition":[-31.9105,255.977,11.0025],"carpPosition":[13.1636,279.563,74.4285],"dipPosition":[-27.2348,263.778,-5.03171],"direction":[-0.642908,-0.652348,0.401386],"extended":false,"handId":867,"id":8673,"length":63.5667,"mcpPosition":[16.9463,297.421,15.3839],"pipPosition":[-9.6632,281.607,-16.0022],"stabilizedTipPosition":[-58.8459,247.269,117.999],"timeVisible":0.623834,"tipPosition":[-30.9266,257.438,8.26266],"tipVelocity":[25.4119,-17.9794,-178.397],"tool":false,"touchDistance":0.333333,"touchZone":"none","type":3,"width":17.8352},{"bases":[[[0.50072,-0.859021,-0.106594],[0.843188,0.456191,0.284471],[-0.195739,-0.232319,0.95274]],[[0.465291,-0.8843,0.0389576],[0.641274,0.306427,-0.70347],[0.61014,0.352301,0.709657]],[[0.465291,-0.8843,0.0389576],[-0.352812,-0.225644,-0.908079],[0.811805,0.408777,-0.416982]],[[0.465291,-0.8843,0.0389576],[-0.766424,-0.424506,-0.482068],[0.44283,0.194444,-0.875267]]],"btipPosition":[-15.2987,256.732,14.3214],"carpPosition":[17.9851,266.926,70.6529],"dipPosition":[-7.76779,260.039,-0.563648],"direction":[-0.811805,-0.408777,0.416982],"extended":false,"handId":867,"id":8674,"length":49.8351,"mcpPosition":[29.1832,280.217,16.147],"pipPosition":[7.89776,267.927,-8.61022],"stabilizedTipPosition":[-42.3422,250.327,117.898],"timeVisible":0.623834,"tipPosition":[-13.7062,257.396,11.9488],"tipVelocity":[23.6431,-17.5083,-176.69],"tool":false,"touchDistance":0.333333,"touchZone":"none","type":4,"width":15.8426}],"r":[[0.93073,-0.22476,0.288488],[0.287544,0.937176,-0.197534],[-0.225966,0.266803,0.936886]],"s":0.825926,"t":[110.577,71.3829,-184.474],"timestamp":607136998946},false],[1,{"currentFrameRate":103.63,"devices":[],"gestures":[],"hands":[{"armBasis":[[0.700388,-0.374871,-0.607394],[0.595678,0.775807,0.208065],[0.393223,-0.507538,0.766669]],"armWidth":62.8676,"confidence":0.903302,"direction":[0.0577573,0.471257,-0.880103],"elbow":[108.809,134.698,284.038],"grabStrength":0,"id":867,"palmNormal":[-0.597371,-0.690021,-0.40868],"palmPosition":[-1.42531,296.199,32.9926],"palmVelocity":[10.6968,-10.1391,-170.157],"palmWidth":89.7729,"pinchStrength":1,"r":[[0.929834,-0.224625,0.291465],[0.287813,0.93748,-0.195691],[-0.229285,0.265847,0.936351]],"s":0.82717,"sphereCenter":[-23.5674,270.802,-2.48549],"sphereRadius":44.4148,"stabilizedPalmPosition":[-23.8643,292.946,124.326],"t":[110.687,71.2658,-186.271],"timeVisible":0.632663,"type":"right","wrist":[4.05938,269.901,79.8068]}],"id":4444881,"interactionBox":{"center":[0,200,0],"size":[235.247,235.247,147.751]},"pointables":[{"bases":[[[0.867445,0.488074,0.0965536],[-0.399129,0.566787,0.720728],[0.297043,-0.663729,0.686461]],[[0.698185,0.697396,-0.161794],[-0.588093,0.687567,0.425909],[0.408271,-0.202213,0.890182]],[[0.698185,0.697396,-0.161794],[-0.713792,0.695506,-0.0822974],[0.0551347,0.172946,0.983387]],[[0.698185,0.697396,-0.161794],[-0.677271,0.570158,-0.465],[-0.232041,0.434234,0.870401]]],"btipPosition":[-41.6031,270.523,-11.7994],"carpPosition":[-24.999,276.408,85.2206],"dipPosition":[-46.961,280.55,8.29863],"direction":[-0.0551347,-0.172946,-0.983387],"extended":false,"handId":867,"id":8670,"length":51.4192,"mcpPosition":[-24.999,276.408,85.2206],"pipPosition":[-45.1063,286.367,41.3793],"stabilizedTipPosition":[-70.5897,271.359,82.3581],"timeVisible":0.632663,"tipPosition":[-43.258,272.672,-7.18684],"tipVelocity":[22.8384,9.26958,-184.508],"tool":false,"touchDistance":-0.582389,"touchZone":"hovering","type":0,"width":19.9791},{"bases":[[[0.798225,-0.462428,-0.386002],[0.579285,0.764984,0.281476],[0.165123,-0.448286,0.878507]],[[0.813946,-0.524296,-0.250213],[0.557739,0.825749,0.0840596],[0.162541,-0.207973,0.964535]],[[0.813946,-0.524296,-0.250213],[0.536863,0.843412,-0.0208631],[0.221971,-0.117348,0.967966]],[[0.813946,-0.524296,-0.250213],[0.517115,0.850146,-0.0992159],[0.264736,-0.0486323,0.963094]]],"btipPosition":[-35.1311,335.297,-62.0791],"carpPosition":[-6.49986,290.324,81.8903],"dipPosition":[-30.6685,334.477,-45.8442],"direction":[-0.221971,0.117348,-0.967966],"extended":true,"handId":867,"id":8671,"length":58.0209,"mcpPosition":[-18.4854,322.863,18.1234],"pipPosition":[-25.3751,331.678,-22.761],"stabilizedTipPosition":[-62.5352,328.64,30.8417],"timeVisible":0.632663,"tipPosition":[-34.3827,334.01,-58.3782],"tipVelocity":[44.7856,17.7506,-175.53],"tool":false,"touchDistance":-0.594762,"touchZone":"hovering","type":1,"width":19.0841},{"bases":[[[0.702667,-0.642332,-0.306054],[0.70938,0.665764,0.231384],[0.0551345,-0.379695,0.923467]],[[0.703843,-0.651792,-0.282441],[0.347238,0.662553,-0.663663],[0.619702,0.369041,0.69266]],[[0.703843,-0.651792,-0.282441],[-0.472448,-0.132606,-0.871326],[0.530469,0.746715,-0.401271]],[[0.703843,-0.651792,-0.282441],[-0.699275,-0.56579,-0.436917],[0.124976,0.505025,-0.854009]]],"btipPosition":[-46.4954,264.585,7.79889],"carpPosition":[3.97007,286.312,77.2135],"dipPosition":[-44.1783,273.948,-8.03497],"direction":[-0.530469,-0.746715,0.401271],"extended":false,"handId":867,"id":8672,"length":66.1101,"mcpPosition":[0.174902,312.448,13.6469],"pipPosition":[-29.2954,294.898,-19.293],"stabilizedTipPosition":[-74.5695,253.902,117.856],"timeVisible":0.632663,"tipPosition":[-46.0472,266.335,4.7883],"tipVelocity":[25.0341,-6.22905,-183.574],"tool":false,"touchDistance":0.333333,"touchZone":"none","type":2,"width":18.7431},{"bases":[[[0.647633,-0.739554,-0.183389],[0.759165,0.605728,0.238247],[-0.0651129,-0.293519,0.953733]],[[0.646973,-0.742358,-0.174158],[0.469829,0.567994,-0.675754],[0.600572,0.35537,0.716258]],[[0.646973,-0.742358,-0.174158],[-0.408136,-0.144212,-0.901459],[0.644089,0.6543,-0.396284]],[[0.646973,-0.742358,-0.174158],[-0.718179,-0.516505,-0.466306],[0.256213,0.426764,-0.86731]]],"btipPosition":[-31.7465,256.188,9.28248],"carpPosition":[13.0307,279.463,72.9802],"dipPosition":[-27.0235,264.055,-6.70558],"direction":[-0.644089,-0.6543,0.396284],"extended":false,"handId":867,"id":8673,"length":63.5667,"mcpPosition":[17.0548,297.603,14.0375],"pipPosition":[-9.4196,281.938,-17.5366],"stabilizedTipPosition":[-58.8457,247.269,117.998],"timeVisible":0.632663,"tipPosition":[-30.7627,257.662,6.52038],"tipVelocity":[23.8979,-6.19785,-182.509],"tool":false,"touchDistance":0.333333,"touchZone":"none","type":3,"width":17.8352},{"bases":[[[0.501346,-0.858405,-0.1086],[0.841899,0.454999,0.290141],[-0.199646,-0.236891,0.950802]],[[0.465013,-0.884499,0.0377465],[0.645051,0.309308,-0.69874],[0.606359,0.349272,0.714379]],[[0.465013,-0.884499,0.0377465],[-0.348656,-0.222159,-0.910541],[0.813758,0.410253,-0.411693]],[[0.465013,-0.884499,0.0377465],[-0.764553,-0.422719,-0.486588],[0.446342,0.197411,-0.872816]]],"btipPosition":[-15.1552,256.94,12.6354],"carpPosition":[17.8705,266.846,69.1645],"dipPosition":[-7.56464,260.297,-2.20795],"direction":[-0.813758,-0.410253,0.411693],"extended":false,"handId":867,"id":8674,"length":49.8351,"mcpPosition":[29.2922,280.399,14.7695],"pipPosition":[8.13858,268.214,-10.1525],"stabilizedTipPosition":[-42.342,250.327,117.897],"timeVisible":0.632663,"tipPosition":[-13.5583,257.604,10.2544],"tipVelocity":[22.0646,-6.05621,-180.251],"tool":false,"touchDistance":0.333333,"touchZone":"none","type":4,"width":15.8426}],"r":[[0.929834,-0.224625,0.291465],[0.287813,0.93748,-0.195691],[-0.229285,0.265847,0.936351]],"s":0.82717,"t":[110.687,71.2658,-186.271],"timestamp":607137007775},false],[2,{"currentFrameRate":103.852,"devices":[],"gestures":[],"hands":[{"armBasis":[[0.703629,-0.37392,-0.604227],[0.593862,0.776378,0.211105],[0.390172,-0.507367,0.768339]],"armWidth":62.8676,"confidence":0.90318,"direction":[0.0615434,0.47346,-0.878663],"elbow":[107.899,134.447,282.921],"grabStrength":0,"id":867,"palmNormal":[-0.594797,-0.689543,-0.413215],"palmPosition":[-1.32283,296.011,31.4687],"palmVelocity":[10.8168,-13.0006,-168.838],"palmWidth":89.7729,"pinchStrength":1,"r":[[0.928869,-0.224498,0.294623],[0.288042,0.937868,-0.193482],[-0.232881,0.264583,0.935822]],"s":0.828746,"sphereCenter":[-23.3227,270.805,-4.16288],"sphereRadius":44.4203,"stabilizedPalmPosition":[-23.8642,292.946,124.326],"t":[110.792,71.1136,-187.932],"timeVisible":0.641874,"type":"right","wrist":[3.96146,269.603,78.2442]}],"id":4444882,"interactionBox":{"center":[0,200,0],"size":[235.247,235.247,147.751]},"pointables":[{"bases":[[[0.86654,0.488597,0.101892],[-0.403073,0.564671,0.720193],[0.294349,-0.665146,0.68625]],[[0.699166,0.697779,-0.155793],[-0.589815,0.686083,0.425921],[0.404085,-0.2059,0.891247]],[[0.699166,0.697779,-0.155793],[-0.713094,0.696314,-0.081505],[0.0516082,0.16808,0.984421]],[[0.699166,0.697779,-0.155793],[-0.675118,0.572615,-0.46511],[-0.235335,0.430368,0.871436]]],"btipPosition":[-41.3314,270.621,-13.5963],"carpPosition":[-25.1282,276.072,83.5349],"dipPosition":[-46.7655,280.559,6.52568],"direction":[-0.0516082,-0.16808,-0.984421],"extended":false,"handId":867,"id":8670,"length":51.4192,"mcpPosition":[-25.1282,276.072,83.5349],"pipPosition":[-45.0294,286.213,39.6411],"stabilizedTipPosition":[-70.5892,271.359,82.3563],"timeVisible":0.641874,"tipPosition":[-42.9511,272.686,-8.97384],"tipVelocity":[24.1692,9.04678,-187.3],"tool":false,"touchDistance":-0.579354,"touchZone":"hovering","type":0,"width":19.9791},{"bases":[[[0.800472,-0.460781,-0.383309],[0.577253,0.764801,0.28611],[0.161321,-0.450289,0.878189]],[[0.815554,-0.522549,-0.248626],[0.557004,0.825351,0.0924266],[0.156906,-0.213864,0.96418]],[[0.815554,-0.522549,-0.248626],[0.536764,0.843641,-0.0124069],[0.216234,-0.123335,0.96852]],[[0.815554,-0.522549,-0.248626],[0.517474,0.850862,-0.0908582],[0.259024,-0.0545575,0.964329]]],"btipPosition":[-34.5092,335.623,-63.6382],"carpPosition":[-6.62578,290.012,80.327],"dipPosition":[-30.1428,334.703,-47.3825],"direction":[-0.216234,0.123335,-0.96852],"extended":true,"handId":867,"id":8671,"length":58.0209,"mcpPosition":[-18.3354,322.697,16.5833],"pipPosition":[-24.9862,331.762,-24.2861],"stabilizedTipPosition":[-62.5305,328.641,30.8268],"timeVisible":0.641874,"tipPosition":[-33.7945,334.294,-59.9414],"tipVelocity":[50.4788,21.9966,-173.631],"tool":false,"touchDistance":-0.586935,"touchZone":"hovering","type":1,"width":19.0841},{"bases":[[[0.704693,-0.640964,-0.304259],[0.707673,0.665818,0.236399],[0.0510585,-0.381905,0.92279]],[[0.705772,-0.650571,-0.280433],[0.349523,0.66408,-0.660932],[0.616213,0.36845,0.696079]],[[0.705772,-0.650571,-0.280433],[-0.469814,-0.133534,-0.872607],[0.530246,0.747614,-0.399892]],[[0.705772,-0.650571,-0.280433],[-0.697216,-0.567675,-0.437761],[0.125599,0.504482,-0.854238]]],"btipPosition":[-46.1543,264.459,6.12554],"carpPosition":[3.86995,286.021,75.6906],"dipPosition":[-43.8256,273.812,-9.71257],"direction":[-0.530246,-0.747614,0.399892],"extended":false,"handId":867,"id":8672,"length":66.1101,"mcpPosition":[0.355356,312.309,12.1705],"pipPosition":[-28.9491,294.787,-20.9319],"stabilizedTipPosition":[-74.5693,253.902,117.855],"timeVisible":0.641874,"tipPosition":[-45.7295,266.22,3.02516],"tipVelocity":[28.4746,-8.382,-183.07],"tool":false,"touchDistance":0.333333,"touchZone":"none","type":2,"width":18.7431},{"bases":[[[0.64916,-0.738534,-0.182096],[0.757479,0.605809,0.243353],[-0.0694088,-0.295909,0.952691]],[[0.648457,-0.741363,-0.172868],[0.47205,0.569755,-0.672717],[0.59722,0.354626,0.719422]],[[0.648457,-0.741363,-0.172868],[-0.405596,-0.144305,-0.90259],[0.644201,0.655406,-0.394269]],[[0.648457,-0.741363,-0.172868],[-0.716468,-0.517628,-0.46769],[0.257247,0.427132,-0.866823]]],"btipPosition":[-31.4293,256.059,7.64708],"carpPosition":[12.9567,279.191,71.4839],"dipPosition":[-26.6872,263.933,-8.332],"direction":[-0.644201,-0.655406,0.394269],"extended":false,"handId":867,"id":8673,"length":63.5667,"mcpPosition":[17.2464,297.478,12.6056],"pipPosition":[-9.08027,281.846,-19.108],"stabilizedTipPosition":[-58.8455,247.269,117.998],"timeVisible":0.641874,"tipPosition":[-30.4592,257.543,4.79022],"tipVelocity":[26.9826,-8.34069,-181.057],"tool":false,"touchDistance":0.333333,"touchZone":"none","type":3,"width":17.8352},{"bases":[[[0.502622,-0.857696,-0.108298],[0.840098,0.455027,0.295273],[-0.203976,-0.239392,0.949255]],[[0.465166,-0.884349,0.039344],[0.649009,0.310478,-0.694544],[0.602003,0.348613,0.718374]],[[0.465166,-0.884349,0.039344],[-0.344444,-0.221762,-0.912239],[0.815462,0.410791,-0.407765]],[[0.465166,-0.884349,0.039344],[-0.762597,-0.422902,-0.489489],[0.449518,0.19769,-0.871121]]],"btipPosition":[-14.8869,256.832,10.976],"carpPosition":[17.826,266.587,67.6606],"dipPosition":[-7.24231,260.194,-3.83849],"direction":[-0.815462,-0.410791,0.407765],"extended":false,"handId":867,"id":8674,"length":49.8351,"mcpPosition":[29.4954,280.283,13.3541],"pipPosition":[8.4938,268.121,-11.7072],"stabilizedTipPosition":[-42.3418,250.327,117.896],"timeVisible":0.641874,"tipPosition":[-13.2889,257.486,8.55853],"tipVelocity":[24.4208,-7.61212,-180.022],"tool":false,"touchDistance":0.333333,"touchZone":"none","type":4,"width":15.8426}],"r":[[0.928869,-0.224498,0.294623],[0.288042,0.937868,-0.193482],[-0.232881,0.264583,0.935822]],"s":0.828746,"t":[110.792,71.1136,-187.932],"timestamp":607137016986},false],[3,{"currentFrameRate":104.231,"devices":[],"gestures":[],"hands":[{"armBasis":[[0.707402,-0.371684,-0.601193],[0.590652,0.778038,0.213982],[0.388217,-0.506467,0.769921]],"armWidth":62.8676,"confidence":0.883198,"direction":[0.0648815,0.475215,-0.877474],"elbow":[107.346,134.435,281.913],"grabStrength":0,"id":867,"palmNormal":[-0.590874,-0.690309,-0.417541],"palmPosition":[-1.18022,295.831,30.0602],"palmVelocity":[12.2391,-14.9724,-166.045],"palmWidth":89.7729,"pinchStrength":1,"r":[[0.927895,-0.224032,0.298028],[0.287938,0.938393,-0.191076],[-0.23686,0.263112,0.935238]],"s":0.830448,"sphereCenter":[-23.0074,270.765,-5.71899],"sphereRadius":44.429,"stabilizedPalmPosition":[-23.8642,292.946,124.326],"t":[110.917,70.9474,-189.466],"timeVisible":0.650757,"type":"right","wrist":[3.92931,269.352,76.8148]}],"id":4444883,"interactionBox":{"center":[0,200,0],"size":[235.247,235.247,147.751]},"pointables":[{"bases":[[[0.864742,0.490626,0.107269],[-0.408249,0.562326,0.719112],[0.292495,-0.665639,0.686565]],[[0.698994,0.69923,-0.149951],[-0.592761,0.683808,0.42549],[0.400053,-0.20853,0.892453]],[[0.698994,0.69923,-0.149951],[-0.71353,0.695936,-0.0809188],[0.0477753,0.163556,0.985377]],[[0.698994,0.69923,-0.149951],[-0.673703,0.573535,-0.466028],[-0.239858,0.426773,0.871971]]],"btipPosition":[-40.9752,270.651,-15.2689],"carpPosition":[-25.2039,275.737,81.9662],"dipPosition":[-46.5136,280.505,4.86536],"direction":[-0.0477753,-0.163556,-0.985377],"extended":false,"handId":867,"id":8670,"length":51.4192,"mcpPosition":[-25.2039,275.737,81.9662],"pipPosition":[-44.9065,286.007,38.013],"stabilizedTipPosition":[-70.5887,271.36,82.3548],"timeVisible":0.650757,"tipPosition":[-42.5612,272.629,-10.6418],"tipVelocity":[27.7623,6.89736,-187.485],"tool":false,"touchDistance":-0.574799,"touchZone":"hovering","type":0,"width":19.9791},{"bases":[[[0.803628,-0.458033,-0.379983],[0.573796,0.765753,0.290483],[0.157922,-0.451473,0.878199]],[[0.818114,-0.519437,-0.246729],[0.554671,0.826014,0.1002],[0.151754,-0.218829,0.96389]],[[0.818114,-0.519437,-0.246729],[0.535007,0.844835,-0.00462483],[0.210847,-0.128218,0.969074]],[[0.818114,-0.519437,-0.246729],[0.51614,0.852452,-0.083222],[0.253553,-0.0592616,0.965505]]],"btipPosition":[-33.9186,335.832,-65.1072],"carpPosition":[-6.72095,289.73,78.8795],"dipPosition":[-29.6444,334.833,-48.8317],"direction":[-0.210847,0.128218,-0.969074],"extended":true,"handId":867,"id":8671,"length":58.0209,"mcpPosition":[-18.1838,322.5,15.135],"pipPosition":[-24.6163,331.776,-25.7221],"stabilizedTipPosition":[-62.5253,328.642,30.8107],"timeVisible":0.650757,"tipPosition":[-33.2196,334.469,-61.4171],"tipVelocity":[54.1777,21.8748,-171.248],"tool":false,"touchDistance":-0.578541,"touchZone":"hovering","type":1,"width":19.0841},{"bases":[[[0.707904,-0.638604,-0.301757],[0.704726,0.667195,0.24127],[0.0472546,-0.383452,0.922351]],[[0.708889,-0.648309,-0.277798],[0.351998,0.66649,-0.657182],[0.611206,0.368085,0.700671]],[[0.708889,-0.648309,-0.277798],[-0.465028,-0.133471,-0.875177],[0.530307,0.749587,-0.396098]],[[0.708889,-0.648309,-0.277798],[-0.693639,-0.569414,-0.441172],[0.127834,0.505434,-0.853344]]],"btipPosition":[-45.7586,264.263,4.41416],"carpPosition":[3.80889,285.774,74.2904],"dipPosition":[-43.3885,273.634,-11.4074],"direction":[-0.530307,-0.749587,0.396098],"extended":false,"handId":867,"id":8672,"length":66.1101,"mcpPosition":[0.556132,312.169,10.8006],"pipPosition":[-28.5102,294.664,-22.5203],"stabilizedTipPosition":[-74.5691,253.902,117.854],"timeVisible":0.650757,"tipPosition":[-45.3357,266.022,1.30352],"tipVelocity":[33.1311,-11.9825,-185.557],"tool":false,"touchDistance":0.333333,"touchZone":"none","type":2,"width":18.7431},{"bases":[[[0.651989,-0.736538,-0.18006],[0.754649,0.607301,0.248374],[-0.0735865,-0.29782,0.951782]],[[0.651239,-0.739411,-0.17076],[0.474276,0.57223,-0.66904],[0.59241,0.354718,0.723344]],[[0.651239,-0.739411,-0.17076],[-0.401698,-0.144976,-0.904224],[0.643837,0.65746,-0.391434]],[[0.651239,-0.739411,-0.17076],[-0.713497,-0.519956,-0.469646],[0.258474,0.427689,-0.866183]]],"btipPosition":[-30.9936,255.89,6.07579],"carpPosition":[12.9349,278.974,70.1186],"dipPosition":[-26.2289,263.774,-9.89149],"direction":[-0.643837,-0.65746,0.391434],"extended":false,"handId":867,"id":8673,"length":63.5667,"mcpPosition":[17.4827,297.38,11.2964],"pipPosition":[-8.63189,281.744,-20.5899],"stabilizedTipPosition":[-58.8453,247.269,117.997],"timeVisible":0.650757,"tipPosition":[-30.0377,257.376,3.16156],"tipVelocity":[33.134,-11.1587,-179.842],"tool":false,"touchDistance":0.333333,"touchZone":"none","type":3,"width":17.8352},{"bases":[[[0.505378,-0.856209,-0.107238],[0.837385,0.456636,0.30045],[-0.208279,-0.241641,0.94775]],[[0.466496,-0.883497,0.0426035],[0.65224,0.311056,-0.69125],[0.597465,0.350253,0.721359]],[[0.466496,-0.883497,0.0426035],[-0.340964,-0.224058,-0.912985],[0.816165,0.411377,-0.405762]],[[0.466496,-0.883497,0.0426035],[-0.760613,-0.425265,-0.490528],[0.451497,0.196424,-0.870384]]],"btipPosition":[-14.4995,256.717,9.54401],"carpPosition":[17.8562,266.39,66.2978],"dipPosition":[-6.82119,260.057,-5.25794],"direction":[-0.816165,-0.411377,0.405762],"extended":false,"handId":867,"id":8674,"length":49.8351,"mcpPosition":[29.7718,280.215,12.0775],"pipPosition":[8.92849,267.996,-13.088],"stabilizedTipPosition":[-42.3417,250.327,117.896],"timeVisible":0.650757,"tipPosition":[-12.9013,257.354,7.03693],"tipVelocity":[29.8706,-9.21467,-174.824],"tool":false,"touchDistance":0.333333,"touchZone":"none","type":4,"width":15.8426}],"r":[[0.927895,-0.224032,0.298028],[0.287938,0.938393,-0.191076],[-0.23686,0.263112,0.935238]],"s":0.830448,"t":[110.917,70.9474,-189.466],"timestamp":607137025869},false],[4,{"currentFrameRate":99.9849,"devices":[],"gestures":[],"hands":[{"armBasis":[[0.712755,-0.36948,-0.596209],[0.586256,0.78047,0.217186],[0.385077,-0.504332,0.772894]],"armWidth":62.8676,"confidence":0.891828,"direction":[0.0742644,0.476857,-0.875838],"elbow":[106.122,134.841,279.89],"grabStrength":0,"id":867,"palmNormal":[-0.584566,-0.690733,-0.425642],"palmPosition":[-1.06925,295.74,27.2342],"palmVelocity":[9.3291,-10.2494,-161.258],"palmWidth":89.7729,"pinchStrength":1,"r":[[0.926482,-0.223406,0.302854],[0.287925,0.938988,-0.18815],[-0.242342,0.261517,0.93428]],"s":0.832435,"sphereCenter":[-22.4572,270.745,-8.86352],"sphereRadius":44.4832,"stabilizedPalmPosition":[-23.8641,292.946,124.326],"t":[111.034,70.8186,-191.646],"timeVisible":0.668874,"type":"right","wrist":[3.542,269.189,74.0003]}],"id":4444884,"interactionBox":{"center":[0,200,0],"size":[235.247,235.247,147.751]},"pointables":[{"bases":[[[0.862456,0.492119,0.118273],[-0.417783,0.560286,0.715218],[0.285706,-0.666256,0.688821]],[[0.700912,0.69964,-0.138657],[-0.597144,0.681934,0.422357],[0.390053,-0.213236,0.895762]],[[0.700912,0.69964,-0.138657],[-0.712172,0.697176,-0.0821982],[0.0391595,0.156362,0.986923]],[[0.700912,0.69964,-0.138657],[-0.669579,0.578466,-0.465877],[-0.245738,0.419381,0.873918]]],"btipPosition":[-40.5155,271.067,-18.6755],"carpPosition":[-25.6623,275.509,78.8195],"dipPosition":[-46.1897,280.751,1.50374],"direction":[-0.0391595,-0.156362,-0.986923],"extended":false,"handId":867,"id":8670,"length":51.4192,"mcpPosition":[-25.6623,275.509,78.8195],"pipPosition":[-44.8724,286.011,34.7034],"stabilizedTipPosition":[-70.5881,271.36,82.3526],"timeVisible":0.668874,"tipPosition":[-42.0156,272.872,-14.019],"tipVelocity":[25.8058,13.527,-187.474],"tool":false,"touchDistance":-0.596596,"touchZone":"hovering","type":0,"width":19.9791},{"bases":[[[0.80894,-0.455812,-0.371283],[0.568835,0.766363,0.29852],[0.148468,-0.452684,0.879224]],[[0.821923,-0.516693,-0.239731],[0.552093,0.826207,0.11214],[0.140126,-0.224524,0.964341]],[[0.821923,-0.516693,-0.239731],[0.533619,0.845698,0.00679245],[0.199231,-0.133508,0.970816]],[[0.821923,-0.516693,-0.239731],[0.515596,0.853768,-0.0723948],[0.242081,-0.0641016,0.968136]]],"btipPosition":[-32.7199,336.183,-68.1917],"carpPosition":[-7.17181,289.543,75.9744],"dipPosition":[-28.6391,335.102,-51.8718],"direction":[-0.199231,0.133508,-0.970815],"extended":true,"handId":867,"id":8671,"length":58.0209,"mcpPosition":[-17.9485,322.401,12.1555],"pipPosition":[-23.8881,331.919,-28.7207],"stabilizedTipPosition":[-62.5113,328.645,30.7674],"timeVisible":0.668874,"tipPosition":[-32.0515,334.793,-64.507],"tipVelocity":[58.7132,20.1752,-170.507],"tool":false,"touchDistance":-0.595135,"touchZone":"hovering","type":1,"width":19.0841},{"bases":[[[0.712657,-0.636704,-0.294497],[0.700528,0.668145,0.250684],[0.0371557,-0.384955,0.922187]],[[0.713383,-0.64653,-0.270338],[0.358777,0.668339,-0.651615],[0.601966,0.36786,0.708742]],[[0.713383,-0.64653,-0.270338],[-0.454784,-0.133632,-0.880519],[0.533157,0.751093,-0.389362]],[[0.713383,-0.64653,-0.270338],[-0.68748,-0.570893,-0.448835],[0.135851,0.506043,-0.851742]]],"btipPosition":[-45.2425,264.165,1.03533],"carpPosition":[3.41903,285.615,71.5027],"dipPosition":[-42.7237,273.547,-14.7565],"direction":[-0.533157,-0.751093,0.389362],"extended":false,"handId":867,"id":8672,"length":66.1101,"mcpPosition":[0.861423,312.114,8.02423],"pipPosition":[-27.7655,294.62,-25.6805],"stabilizedTipPosition":[-74.5687,253.902,117.852],"timeVisible":0.668874,"tipPosition":[-44.7991,265.928,-2.09852],"tipVelocity":[31.8192,-8.77823,-185.827],"tool":false,"touchDistance":0.333333,"touchZone":"none","type":2,"width":18.7431},{"bases":[[[0.655507,-0.734957,-0.173634],[0.750482,0.608336,0.258272],[-0.0841911,-0.299608,0.95034]],[[0.654645,-0.737874,-0.164261],[0.481183,0.574338,-0.662268],[0.583012,0.354511,0.73104]],[[0.654645,-0.737874,-0.164261],[-0.392295,-0.145868,-0.9082],[0.646176,0.658988,-0.384956]],[[0.654645,-0.737874,-0.164261],[-0.707954,-0.522261,-0.475441],[0.265029,0.427535,-0.864276]]],"btipPosition":[-30.4368,255.838,2.92186],"carpPosition":[12.6068,278.841,67.427],"dipPosition":[-25.5513,263.719,-13.0103],"direction":[-0.646176,-0.658988,0.384956],"extended":false,"handId":867,"id":8673,"length":63.5667,"mcpPosition":[17.81,297.358,8.69396],"pipPosition":[-7.89033,281.73,-23.5317],"stabilizedTipPosition":[-58.8449,247.27,117.995],"timeVisible":0.668874,"tipPosition":[-29.4797,257.323,-0.0619434],"tipVelocity":[32.7211,-7.24496,-176.89],"tool":false,"touchDistance":0.333333,"touchZone":"none","type":3,"width":17.8352},{"bases":[[[0.508284,-0.855038,-0.102747],[0.832895,0.457742,0.311061],[-0.218937,-0.243684,0.94482]],[[0.466962,-0.882922,0.0489298],[0.661142,0.31185,-0.682379],[0.587229,0.350995,0.729359]],[[0.466962,-0.882922,0.0489298],[-0.330229,-0.225447,-0.916582],[0.820302,0.411851,-0.396842]],[[0.466962,-0.882922,0.0489298],[-0.755131,-0.426946,-0.497488],[0.460134,0.19536,-0.86609]]],"btipPosition":[-14.0181,256.7,6.53247],"carpPosition":[17.5975,266.273,63.6429],"dipPosition":[-6.19297,260.022,-8.19645],"direction":[-0.820302,-0.411851,0.396842],"extended":false,"handId":867,"id":8674,"length":49.8351,"mcpPosition":[30.1227,280.214,9.5902],"pipPosition":[9.63654,267.97,-15.8544],"stabilizedTipPosition":[-42.3413,250.327,117.894],"timeVisible":0.668874,"tipPosition":[-12.4057,257.318,3.98523],"tipVelocity":[29.1865,-5.38732,-170.291],"tool":false,"touchDistance":0.333333,"touchZone":"none","type":4,"width":15.8426}],"r":[[0.926482,-0.223406,0.302854],[0.287925,0.938988,-0.18815],[-0.242342,0.261517,0.93428]],"s":0.832435,"t":[111.034,70.8186,-191.646],"timestamp":607137043986},false],[5,{"currentFrameRate":100.337,"devices":[],"gestures":[],"hands":[{"armBasis":[[0.715035,-0.368495,-0.594085],[0.584601,0.781185,0.219072],[0.383363,-0.503946,0.773997]],"armWidth":62.8676,"confidence":0.89128,"direction":[0.0786933,0.479236,-0.874151],"elbow":[105.503,134.682,279.021],"grabStrength":0,"id":867,"palmNormal":[-0.58204,-0.68981,-0.430571],"palmPosition":[-0.996056,295.601,26.1188],"palmVelocity":[8.92287,-11.5599,-149.686],"palmWidth":89.7729,"pinchStrength":1,"r":[[0.925026,-0.223003,0.307565],[0.288024,0.939583,-0.185001],[-0.247727,0.259717,0.933369]],"s":0.834303,"sphereCenter":[-22.2188,270.76,-10.157],"sphereRadius":44.4997,"stabilizedPalmPosition":[-23.8641,292.946,124.325],"t":[111.13,70.6851,-193.294],"timeVisible":0.678154,"type":"right","wrist":[3.37902,268.928,72.8372]}],"id":4444885,"interactionBox":{"center":[0,200,0],"size":[235.247,235.247,147.751]},"pointables":[{"bases":[[[0.861625,0.492129,0.12414],[-0.42177,0.558205,0.714505],[0.282333,-0.667994,0.688528]],[[0.702193,0.699628,-0.13208],[-0.598763,0.680651,0.422133],[0.385236,-0.217335,0.89686]],[[0.702193,0.699628,-0.13208],[-0.711096,0.698418,-0.080964],[0.0356021,0.150774,0.987927]],[[0.702193,0.699628,-0.13208],[-0.666974,0.581469,-0.465875],[-0.249139,0.415228,0.874937]]],"btipPosition":[-40.2705,271.267,-20.0872],"carpPosition":[-25.8528,275.223,77.5192],"dipPosition":[-46.0233,280.855,0.115576],"direction":[-0.0356021,-0.150774,-0.987927],"extended":false,"handId":867,"id":8670,"length":51.4192,"mcpPosition":[-25.8528,275.223,77.5192],"pipPosition":[-44.8256,285.927,33.349],"stabilizedTipPosition":[-70.5878,271.36,82.3516],"timeVisible":0.678154,"tipPosition":[-41.7477,272.994,-15.4204],"tipVelocity":[25.4234,15.1073,-177.348],"tool":false,"touchDistance":-0.586364,"touchZone":"hovering","type":0,"width":19.9791},{"bases":[[[0.811067,-0.454505,-0.368233],[0.56695,0.765776,0.303572],[0.144009,-0.454987,0.878777]],[[0.823355,-0.51534,-0.237722],[0.55133,0.825664,0.119642],[0.134622,-0.229571,0.963937]],[[0.823355,-0.51534,-0.237722],[0.533476,0.845693,0.0143857],[0.193626,-0.138663,0.971227]],[[0.823355,-0.51534,-0.237722],[0.515911,0.854183,-0.0648544],[0.23648,-0.0692452,0.969166]]],"btipPosition":[-32.1162,336.502,-69.3344],"carpPosition":[-7.3531,289.272,74.8094],"dipPosition":[-28.1298,335.335,-52.9971],"direction":[-0.193626,0.138663,-0.971227],"extended":true,"handId":867,"id":8671,"length":58.0209,"mcpPosition":[-17.8061,322.297,11.0229],"pipPosition":[-23.5124,332.028,-29.8362],"stabilizedTipPosition":[-62.5025,328.647,30.7403],"timeVisible":0.678154,"tipPosition":[-31.4693,335.08,-65.6551],"tipVelocity":[59.8423,23.578,-157.035],"tool":false,"touchDistance":-0.581034,"touchZone":"hovering","type":1,"width":19.0841},{"bases":[[[0.714452,-0.635639,-0.292442],[0.698932,0.667737,0.256167],[0.0324445,-0.387416,0.921334]],[[0.715057,-0.645588,-0.268159],[0.362103,0.670177,-0.647877],[0.597976,0.366167,0.712984]],[[0.715057,-0.645588,-0.268159],[-0.450604,-0.132378,-0.882855],[0.534462,0.752125,-0.385562]],[[0.715057,-0.645588,-0.268159],[-0.685111,-0.570908,-0.452423],[0.138985,0.507227,-0.850531]]],"btipPosition":[-44.9795,264.108,-0.356406],"carpPosition":[3.26272,285.36,70.3831],"dipPosition":[-42.4026,273.513,-16.1258],"direction":[-0.534462,-0.752125,0.385562],"extended":false,"handId":867,"id":8672,"length":66.1101,"mcpPosition":[1.02942,312.028,6.9633],"pipPosition":[-27.4077,294.614,-26.9431],"stabilizedTipPosition":[-74.5685,253.902,117.851],"timeVisible":0.678154,"tipPosition":[-44.5343,265.878,-3.51543],"tipVelocity":[31.2459,-7.86405,-175.566],"tool":false,"touchDistance":0.333333,"touchZone":"none","type":2,"width":18.7431},{"bases":[[[0.656704,-0.734238,-0.172146],[0.748869,0.607927,0.263858],[-0.0890828,-0.302191,0.949076]],[[0.655784,-0.737212,-0.162685],[0.484174,0.576034,-0.658605],[0.579243,0.353135,0.734693]],[[0.655784,-0.737212,-0.162685],[-0.388739,-0.145016,-0.909864],[0.64717,0.659916,-0.381682]],[[0.655784,-0.737212,-0.162685],[-0.705945,-0.522439,-0.478225],[0.26756,0.428459,-0.863038]]],"btipPosition":[-30.1744,255.775,1.63736],"carpPosition":[12.4745,278.6,66.3377],"dipPosition":[-25.2422,263.673,-14.272],"direction":[-0.64717,-0.659916,0.381682],"extended":false,"handId":867,"id":8673,"length":63.5667,"mcpPosition":[17.98,297.276,7.68282],"pipPosition":[-7.55412,281.709,-24.7039],"stabilizedTipPosition":[-58.8447,247.27,117.994],"timeVisible":0.678154,"tipPosition":[-29.2174,257.269,-1.40198],"tipVelocity":[31.7941,-6.998,-165.889],"tool":false,"touchDistance":0.333333,"touchZone":"none","type":3,"width":17.8352},{"bases":[[[0.509157,-0.854565,-0.102358],[0.831062,0.457223,0.316676],[-0.22382,-0.246304,0.942995]],[[0.46673,-0.882985,0.0500185],[0.665298,0.313276,-0.677671],[0.582703,0.349566,0.733663]],[[0.46673,-0.882985,0.0500185],[-0.325429,-0.224054,-0.918638],[0.82235,0.412478,-0.391921]],[[0.46673,-0.882985,0.0500185],[-0.752828,-0.426339,-0.501482],[0.464126,0.196401,-0.863721]]],"btipPosition":[-13.7957,256.641,5.25488],"carpPosition":[17.49,266.045,62.5463],"dipPosition":[-5.90265,259.981,-9.43375],"direction":[-0.82235,-0.412478,0.391921],"extended":false,"handId":867,"id":8674,"length":49.8351,"mcpPosition":[30.2947,280.135,8.59799],"pipPosition":[9.96638,267.94,-16.9967],"stabilizedTipPosition":[-42.3412,250.327,117.894],"timeVisible":0.678154,"tipPosition":[-12.1765,257.255,2.69365],"tipVelocity":[28.1903,-5.53388,-160.818],"tool":false,"touchDistance":0.333333,"touchZone":"none","type":4,"width":15.8426}],"r":[[0.925026,-0.223003,0.307565],[0.288024,0.939583,-0.185001],[-0.247727,0.259717,0.933369]],"s":0.834303,"t":[111.13,70.6851,-193.294],"timestamp":607137053266},false],[6,{"currentFrameRate":100.945,"devices":[],"gestures":[],"hands":[{"armBasis":[[0.713413,-0.371622,-0.594086],[0.587207,0.779687,0.217431],[0.382399,-0.50397,0.774458]],"armWidth":62.8676,"confidence":0.892724,"direction":[0.0819019,0.4802,-0.873327],"elbow":[105.099,134.385,278.142],"grabStrength":0,"id":867,"palmNormal":[-0.58418,-0.686827,-0.432438],"palmPosition":[-0.966939,295.397,25.1499],"palmVelocity":[7.42808,-14.7367,-139.336],"palmWidth":89.7729,"pinchStrength":1,"r":[[0.923572,-0.223523,0.311533],[0.288901,0.939877,-0.18212],[-0.252094,0.258203,0.93262]],"s":0.836373,"sphereCenter":[-22.3429,270.884,-11.1598],"sphereRadius":44.4906,"stabilizedPalmPosition":[-23.8641,292.946,124.325],"t":[111.192,70.516,-194.603],"timeVisible":0.686883,"type":"right","wrist":[3.23231,268.637,71.8352]}],"id":4444886,"interactionBox":{"center":[0,200,0],"size":[235.247,235.247,147.751]},"pointables":[{"bases":[[[0.863417,0.488472,0.126124],[-0.420566,0.558848,0.714712],[0.278633,-0.670138,0.687953]],[[0.706222,0.696179,-0.128787],[-0.595832,0.682679,0.423006],[0.382408,-0.222001,0.896928]],[[0.706222,0.696179,-0.128787],[-0.707077,0.702783,-0.0783457],[0.0359664,0.146391,0.988573]],[[0.706222,0.696179,-0.128787],[-0.663135,0.586724,-0.464764],[-0.247997,0.41363,0.876018]]],"btipPosition":[-40.2978,271.501,-21.1726],"carpPosition":[-25.9808,275.043,76.4839],"dipPosition":[-46.0242,281.052,-0.944843],"direction":[-0.0359664,-0.146391,-0.988573],"extended":false,"handId":867,"id":8670,"length":51.4192,"mcpPosition":[-25.9808,275.043,76.4839],"pipPosition":[-44.8143,285.977,32.3103],"stabilizedTipPosition":[-70.5875,271.36,82.3507],"timeVisible":0.686883,"tipPosition":[-41.7509,273.176,-16.494],"tipVelocity":[17.9709,17.9864,-162.991],"tool":false,"touchDistance":-0.572256,"touchZone":"hovering","type":0,"width":19.9791},{"bases":[[[0.809769,-0.457226,-0.36772],[0.569582,0.763039,0.305529],[0.140889,-0.456855,0.878313]],[[0.821587,-0.517739,-0.238623],[0.554789,0.822437,0.12572],[0.131163,-0.235675,0.96294]],[[0.821587,-0.517739,-0.238623],[0.537384,0.843076,0.0210144],[0.190298,-0.145498,0.970885]],[[0.821587,-0.517739,-0.238623],[0.520139,0.852112,-0.057966],[0.233345,-0.0764934,0.969381]]],"btipPosition":[-31.6785,336.931,-70.2416],"carpPosition":[-7.42071,289.021,73.8217],"dipPosition":[-27.745,335.642,-53.9007],"direction":[-0.190298,0.145498,-0.970885],"extended":true,"handId":867,"id":8671,"length":58.0209,"mcpPosition":[-17.6472,322.182,10.0689],"pipPosition":[-23.2069,332.172,-30.7479],"stabilizedTipPosition":[-62.4921,328.65,30.7084],"timeVisible":0.686883,"tipPosition":[-31.0612,335.454,-66.5698],"tipVelocity":[56.8741,29.5574,-142.803],"tool":false,"touchDistance":-0.56486,"touchZone":"hovering","type":1,"width":19.0841},{"bases":[[[0.712315,-0.63808,-0.292337],[0.701238,0.664539,0.258172],[0.0295353,-0.388898,0.920807]],[[0.712846,-0.648129,-0.267916],[0.366141,0.669754,-0.646042],[0.598157,0.362434,0.714738]],[[0.712846,-0.648129,-0.267916],[-0.450205,-0.129983,-0.883414],[0.537741,0.750355,-0.384449]],[[0.712846,-0.648129,-0.267916],[-0.68696,-0.568381,-0.452802],[0.141196,0.506826,-0.850407]]],"btipPosition":[-44.9978,264.158,-1.41503],"carpPosition":[3.18575,285.073,69.4052],"dipPosition":[-42.3799,273.555,-17.1821],"direction":[-0.537741,-0.750355,0.384449],"extended":false,"handId":867,"id":8672,"length":66.1101,"mcpPosition":[1.15269,311.843,6.02162],"pipPosition":[-27.293,294.607,-27.9682],"stabilizedTipPosition":[-74.5683,253.902,117.851],"timeVisible":0.686883,"tipPosition":[-44.5542,265.926,-4.59635],"tipVelocity":[22.6139,-4.28219,-161.025],"tool":false,"touchDistance":0.333333,"touchZone":"none","type":2,"width":18.7431},{"bases":[[[0.653995,-0.736623,-0.172271],[0.750922,0.604517,0.265847],[-0.0916884,-0.303225,0.948498]],[[0.653033,-0.739654,-0.162663],[0.486943,0.574585,-0.657829],[0.58003,0.350377,0.735392]],[[0.653033,-0.739654,-0.162663],[-0.390072,-0.1444,-0.909391],[0.649147,0.657313,-0.382817]],[[0.653033,-0.739654,-0.162663],[-0.708458,-0.520728,-0.476371],[0.267647,0.426326,-0.864067]]],"btipPosition":[-30.2021,255.753,0.717769],"carpPosition":[12.3762,278.282,65.3632],"dipPosition":[-25.2682,263.612,-15.2105],"direction":[-0.649147,-0.657313,0.382817],"extended":false,"handId":867,"id":8673,"length":63.5667,"mcpPosition":[18.0427,297.022,6.74408],"pipPosition":[-7.52612,281.577,-25.6734],"stabilizedTipPosition":[-58.8445,247.27,117.994],"timeVisible":0.686883,"tipPosition":[-29.2569,257.25,-2.41528],"tipVelocity":[22.4526,-6.07247,-149.826],"tool":false,"touchDistance":0.333333,"touchZone":"none","type":3,"width":17.8352},{"bases":[[[0.505863,-0.856457,-0.102877],[0.832431,0.453406,0.318563],[-0.22619,-0.246787,0.942303]],[[0.462614,-0.885097,0.050898],[0.667589,0.310002,-0.676923],[0.583364,0.347133,0.734292]],[[0.462614,-0.885097,0.050898],[-0.327108,-0.223766,-0.918111],[0.824007,0.408082,-0.39304]],[[0.462614,-0.885097,0.050898],[-0.755543,-0.423635,-0.499687],[0.463834,0.192707,-0.864709]]],"btipPosition":[-13.8535,256.569,4.32525],"carpPosition":[17.3467,265.712,61.5606],"dipPosition":[-5.96545,259.846,-10.3802],"direction":[-0.824007,-0.408082,0.39304],"extended":false,"handId":867,"id":8674,"length":49.8351,"mcpPosition":[30.2869,279.831,7.65191],"pipPosition":[9.93556,267.721,-17.9648],"stabilizedTipPosition":[-42.341,250.327,117.893],"timeVisible":0.686883,"tipPosition":[-12.2386,257.162,1.6788],"tipVelocity":[18.8407,-6.70727,-146.404],"tool":false,"touchDistance":0.333333,"touchZone":"none","type":4,"width":15.8426}],"r":[[0.923572,-0.223523,0.311533],[0.288901,0.939877,-0.18212],[-0.252094,0.258