{"sensorType":"Leap","data":[[0,{"currentFrameRate":107.99,"devices":[],"gestures":[],"hands":[{"armBasis":[[0.855876,-0.0418205,-0.515488],[0.326763,0.816308,0.476306],[0.400877,-0.576101,0.712323]],"armWidth":62.8676,"confidence":0.846826,"direction":[-0.0256495,0.255799,-0.96639],"elbow":[114.041,149.999,284.081],"grabStrength":0,"id":875,"palmNormal":[-0.331486,-0.914189,-0.233184],"palmPosition":[-2.62049,315.562,42.6591],"palmVelocity":[-60.7435,-22.511,-154.672],"palmWidth":89.7729,"pinchStrength":1,"r":[[0.918802,-0.288665,0.269214],[0.365622,0.879413,-0.304882],[-0.148742,0.378557,0.913548]],"s":0.854323,"sphereCenter":[-20.1139,283.321,12.6797],"sphereRadius":45.6775,"stabilizedPalmPosition":[-27.3912,309.032,188.561],"t":[38.3637,15.6398,-171.204],"timeVisible":0.696255,"type":"right","wrist":[7.25186,303.466,94.3259]}],"id":4450986,"interactionBox":{"center":[0,200,0],"size":[235.247,235.247,147.751]},"pointables":[{"bases":[[[0.67099,0.741091,-0.0235644],[-0.600755,0.562007,0.568544],[0.434586,-0.367331,0.822316]],[[0.49356,0.820203,-0.28925],[-0.806688,0.556032,0.200209],[0.325044,0.13452,0.936083]],[[0.49356,0.820203,-0.28925],[-0.869708,0.464403,-0.167148],[-0.00276619,0.33406,0.942548]],[[0.49356,0.820203,-0.28925],[-0.860054,0.410867,-0.302483],[-0.129254,0.398064,0.908206]]],"btipPosition":[-35.6511,274.649,-0.631323],"carpPosition":[-22.7203,301.703,98.1485],"dipPosition":[-38.6357,283.84,20.3396],"direction":[0.00276619,-0.33406,-0.942548],"extended":false,"handId":875,"id":8750,"length":51.4192,"mcpPosition":[-22.7203,301.703,98.1485],"pipPosition":[-38.7287,295.078,52.0465],"stabilizedTipPosition":[-46.3939,272.216,101.16],"timeVisible":0.696255,"tipPosition":[-35.4965,276.838,4.46664],"tipVelocity":[-68.3259,-28.4436,-164.411],"tool":false,"touchDistance":-0.49475,"touchZone":"touching","type":0,"width":19.9791},{"bases":[[[0.925416,-0.266952,-0.268964],[0.300578,0.949312,0.0919804],[0.230777,-0.165965,0.958748]],[[0.948803,-0.287806,-0.130155],[0.301385,0.948213,0.100295],[0.0945489,-0.134387,0.986408]],[[0.948803,-0.287806,-0.130155],[0.289951,0.957038,-0.00257013],[0.125303,-0.0353,0.99149]],[[0.948803,-0.287806,-0.130155],[0.278487,0.956646,-0.0852805],[0.149056,0.044668,0.987819]]],"btipPosition":[-35.3509,337.37,-60.1155],"carpPosition":[-9.0914,319.538,91.5832],"dipPosition":[-32.8383,338.123,-43.4638],"direction":[-0.125303,0.0353,-0.99149],"extended":true,"handId":875,"id":8751,"length":58.0209,"mcpPosition":[-25.8424,331.585,21.992],"pipPosition":[-29.8502,337.281,-19.8196],"stabilizedTipPosition":[-59.1809,339.706,73.7004],"timeVisible":0.696255,"tipPosition":[-34.876,336.088,-56.2743],"tipVelocity":[-25.2938,19.9157,-163.534],"tool":false,"touchDistance":-0.518732,"touchZone":"hovering","type":1,"width":19.0841},{"bases":[[[0.883195,-0.444817,-0.148674],[0.457697,0.886639,0.0662114],[0.102369,-0.126525,0.986667]],[[0.882609,-0.444102,-0.154192],[0.239409,0.706889,-0.665576],[0.40458,0.550529,0.730228]],[[0.882609,-0.444102,-0.154192],[-0.255547,-0.177937,-0.950281],[0.394585,0.87813,-0.270538]],[[0.882609,-0.444102,-0.154192],[-0.442998,-0.675931,-0.588957],[0.157334,0.588125,-0.793319]]],"btipPosition":[-37.8733,265.009,7.60342],"carpPosition":[2.40085,318.021,87.948],"dipPosition":[-34.9562,275.913,-7.10521],"direction":[-0.394585,-0.87813,0.270538],"extended":false,"handId":875,"id":8752,"length":66.1101,"mcpPosition":[-4.64567,326.73,20.031],"pipPosition":[-23.8857,300.55,-14.6954],"stabilizedTipPosition":[-46.4539,248.84,185.436],"timeVisible":0.696255,"tipPosition":[-37.1225,267.096,5.86616],"tipVelocity":[-58.413,-6.79625,-190.267],"tool":false,"touchDistance":0.333333,"touchZone":"none","type":2,"width":18.7431},{"bases":[[[0.8516,-0.524152,-0.00642311],[0.522658,0.848108,0.0868391],[-0.0400694,-0.0773093,0.996202]],[[0.850171,-0.526085,0.0210608],[0.408103,0.63318,-0.657674],[0.332657,0.56773,0.753008]],[[0.850171,-0.526085,0.0210608],[-0.112518,-0.220618,-0.968848],[0.514343,0.821317,-0.246757]],[[0.850171,-0.526085,0.0210608],[-0.401234,-0.673271,-0.621062],[0.340911,0.519558,-0.783479]]],"btipPosition":[-19.1529,261.272,11.8405],"carpPosition":[13.377,313.546,85.415],"dipPosition":[-12.8685,270.849,-2.60216],"direction":[-0.514343,-0.821317,0.246757],"extended":false,"handId":875,"id":8753,"length":63.5667,"mcpPosition":[15.8534,318.324,23.8477],"pipPosition":[1.18922,293.297,-9.34639],"stabilizedTipPosition":[-31.0114,253.335,177.504],"timeVisible":0.696255,"tipPosition":[-17.887,263.235,10.1278],"tipVelocity":[-56.1547,-15.5705,-178.55],"tool":false,"touchDistance":0.333333,"touchZone":"none","type":3,"width":17.8352},{"bases":[[[0.743096,-0.662456,0.0946601],[0.643143,0.746075,0.172452],[-0.184865,-0.0672682,0.980459]],[[0.701308,-0.664316,0.258554],[0.641646,0.430246,-0.634963],[0.310575,0.611206,0.727991]],[[0.701308,-0.664316,0.258554],[0.0109313,-0.352637,-0.935697],[0.712774,0.659038,-0.240045]],[[0.701308,-0.664316,0.258554],[-0.408864,-0.671962,-0.617493],[0.58395,0.32734,-0.742867]]],"btipPosition":[-1.89461,266.77,20.434],"carpPosition":[22.0494,302.528,84.657],"dipPosition":[8.03617,272.336,7.80067],"direction":[-0.712774,-0.659038,0.240045],"extended":false,"handId":875,"id":8754,"length":49.8351,"mcpPosition":[32.6255,306.377,28.5653],"pipPosition":[21.7907,285.054,3.16848],"stabilizedTipPosition":[-16.6654,266.356,175.113],"timeVisible":0.696255,"tipPosition":[0.0554061,268.053,18.8389],"tipVelocity":[-56.6328,-23.9609,-164.409],"tool":false,"touchDistance":0.333333,"touchZone":"none","type":4,"width":15.8426}],"r":[[0.918802,-0.288665,0.269214],[0.365622,0.879413,-0.304882],[-0.148742,0.378557,0.913548]],"s":0.854323,"t":[38.3637,15.6398,-171.204],"timestamp":607193724537},false],[1,{"currentFrameRate":108.262,"devices":[],"gestures":[],"hands":[{"armBasis":[[0.85757,-0.03767,-0.512986],[0.321308,0.818026,0.477069],[0.401664,-0.573947,0.713618]],"armWidth":62.8676,"confidence":0.811962,"direction":[-0.021242,0.256295,-0.966365],"elbow":[113.41,150.614,282.865],"grabStrength":0,"id":875,"palmNormal":[-0.326908,-0.915231,-0.235548],"palmPosition":[-3.21959,315.598,41.0517],"palmVelocity":[-62.824,-15.3602,-162.48],"palmWidth":89.7729,"pinchStrength":1,"r":[[0.917779,-0.289042,0.272281],[0.367181,0.878808,-0.304753],[-0.151197,0.379673,0.912682]],"s":0.856198,"sphereCenter":[-20.886,283.744,10.9541],"sphereRadius":45.6743,"stabilizedPalmPosition":[-27.3685,309.038,188.423],"t":[37.7727,15.6123,-172.708],"timeVisible":0.705,"type":"right","wrist":[6.41125,303.506,92.765]}],"id":4450987,"interactionBox":{"center":[0,200,0],"size":[235.247,235.247,147.751]},"pointables":[{"bases":[[[0.668442,0.74351,-0.0194269],[-0.605895,0.559499,0.565554],[0.431365,-0.36627,0.824482]],[[0.491641,0.822239,-0.286726],[-0.810184,0.55261,0.195511],[0.319205,0.136179,0.937851]],[[0.491641,0.822239,-0.286726],[-0.870745,0.460585,-0.172231],[-0.00955321,0.334341,0.942404]],[[0.491641,0.822239,-0.286726],[-0.861484,0.411231,-0.297883],[-0.12702,0.393461,0.910524]]],"btipPosition":[-36.0415,274.594,-2.49436],"carpPosition":[-23.575,301.634,96.4212],"dipPosition":[-38.9745,283.68,18.5301],"direction":[0.00955321,-0.334341,-0.942404],"extended":false,"handId":875,"id":8750,"length":51.4192,"mcpPosition":[-23.575,301.634,96.4212],"pipPosition":[-39.2958,294.927,50.2322],"stabilizedTipPosition":[-46.2871,272.265,100.07],"timeVisible":0.705,"tipPosition":[-35.8715,276.766,2.62515],"tipVelocity":[-61.6152,-23.2349,-177.064],"tool":false,"touchDistance":-0.501369,"touchZone":"touching","type":0,"width":19.9791},{"bases":[[[0.927838,-0.263463,-0.264015],[0.296653,0.950328,0.0941967],[0.226084,-0.16572,0.959908]],[[0.950419,-0.284161,-0.126316],[0.297876,0.948542,0.107415],[0.0892931,-0.139716,0.986157]],[[0.950419,-0.284161,-0.126316],[0.287062,0.957899,0.00499991],[0.119577,-0.0410125,0.991977]],[[0.950419,-0.284161,-0.126316],[0.276119,0.957991,-0.0775397],[0.143043,0.0388169,0.988955]]],"btipPosition":[-35.4325,337.797,-61.8613],"carpPosition":[-9.9743,319.522,89.9417],"dipPosition":[-33.0212,338.451,-45.1904],"direction":[-0.119577,0.0410125,-0.991977],"extended":true,"handId":875,"id":8751,"length":58.0209,"mcpPosition":[-26.3847,331.551,20.2663],"pipPosition":[-30.1697,337.473,-21.5347],"stabilizedTipPosition":[-59.1761,339.706,73.6742],"timeVisible":0.705,"tipPosition":[-34.9759,336.476,-58.0242],"tipVelocity":[-21.7307,26.9478,-173.072],"tool":false,"touchDistance":-0.521314,"touchZone":"hovering","type":1,"width":19.0841},{"bases":[[[0.885594,-0.441552,-0.144065],[0.454136,0.888237,0.0692574],[0.097383,-0.126759,0.987142]],[[0.885052,-0.440857,-0.149424],[0.243367,0.711871,-0.658796],[0.396806,0.546704,0.737333]],[[0.885052,-0.440857,-0.149424],[-0.246734,-0.172096,-0.95368],[0.394721,0.880925,-0.261089]],[[0.885052,-0.440857,-0.149424],[-0.43639,-0.674092,-0.595956],[0.162006,0.59266,-0.788992]]],"btipPosition":[-38.1085,265.071,5.30859],"carpPosition":[1.54319,318.048,86.3691],"dipPosition":[-35.1048,276.059,-9.31982],"direction":[-0.394721,-0.880925,0.261089],"extended":false,"handId":875,"id":8752,"length":66.1101,"mcpPosition":[-5.16015,326.773,18.4194],"pipPosition":[-24.0305,300.774,-16.6449],"stabilizedTipPosition":[-46.4517,248.844,185.392],"timeVisible":0.705,"tipPosition":[-37.3488,267.17,3.5921],"tipVelocity":[-49.3568,-2.47161,-209.034],"tool":false,"touchDistance":0.333333,"touchZone":"none","type":2,"width":18.7431},{"bases":[[[0.853501,-0.521087,-0.00203695],[0.51912,0.849926,0.0902203],[-0.0452813,-0.0780605,0.99592]],[[0.851918,-0.523051,0.0255729],[0.40958,0.635082,-0.654917],[0.326314,0.568409,0.755268]],[[0.851918,-0.523051,0.0255729],[-0.10617,-0.220332,-0.96963],[0.5128,0.82333,-0.243237]],[[0.851918,-0.523051,0.0255729],[-0.395258,-0.674274,-0.6238],[0.343522,0.521318,-0.781166]]],"btipPosition":[-19.385,261.269,10.0984],"carpPosition":[12.5492,313.614,83.894],"dipPosition":[-13.0525,270.879,-4.30164],"direction":[-0.5128,-0.82333,0.243237],"extended":false,"handId":875,"id":8753,"length":63.5667,"mcpPosition":[15.3477,318.438,22.344],"pipPosition":[0.963108,293.382,-10.9497],"stabilizedTipPosition":[-31.0079,253.337,177.458],"timeVisible":0.705,"tipPosition":[-18.1137,263.242,8.37187],"tipVelocity":[-47.8791,-11.2638,-183.786],"tool":false,"touchDistance":0.333333,"touchZone":"none","type":3,"width":17.8352},{"bases":[[[0.744939,-0.659841,0.0983648],[0.639497,0.748274,0.176436],[-0.190023,-0.0685297,0.979385]],[[0.70111,-0.661788,0.265483],[0.644876,0.429615,-0.632113],[0.304269,0.614384,0.727979]],[[0.70111,-0.661788,0.265483],[0.0177392,-0.356015,-0.934312],[0.712832,0.659765,-0.237866]],[[0.70111,-0.661788,0.265483],[-0.403116,-0.674978,-0.617982],[0.588168,0.326253,-0.740012]]],"btipPosition":[-2.23668,266.835,18.9256],"carpPosition":[21.2651,302.628,83.1772],"dipPosition":[7.76584,272.383,6.34078],"direction":[-0.712832,-0.659765,0.237866],"extended":false,"handId":875,"id":8754,"length":49.8351,"mcpPosition":[32.1363,306.548,27.1471],"pipPosition":[21.5215,285.115,1.75064],"stabilizedTipPosition":[-16.6595,266.356,175.057],"timeVisible":0.705,"tipPosition":[-0.248837,268.116,17.2292],"tipVelocity":[-51.4335,-15.67,-166.233],"tool":false,"touchDistance":0.333333,"touchZone":"none","type":4,"width":15.8426}],"r":[[0.917779,-0.289042,0.272281],[0.367181,0.878808,-0.304753],[-0.151197,0.379673,0.912682]],"s":0.856198,"t":[37.7727,15.6123,-172.708],"timestamp":607193733282},false],[2,{"currentFrameRate":108.36,"devices":[],"gestures":[],"hands":[{"armBasis":[[0.857375,-0.039685,-0.51316],[0.321225,0.820268,0.47326],[0.402148,-0.570601,0.716025]],"armWidth":62.8676,"confidence":0.819217,"direction":[-0.0194616,0.257185,-0.966166],"elbow":[113.112,151.569,282.3],"grabStrength":0,"id":875,"palmNormal":[-0.326906,-0.914871,-0.236946],"palmPosition":[-3.55177,315.714,39.8402],"palmVelocity":[-55.6167,-7.60372,-154.581],"palmWidth":89.7729,"pinchStrength":1,"r":[[0.916833,-0.289471,0.274997],[0.36861,0.878346,-0.304359],[-0.153439,0.380413,0.911999]],"s":0.858282,"sphereCenter":[-21.5884,284.268,9.67752],"sphereRadius":45.6971,"stabilizedPalmPosition":[-27.3473,309.044,188.29],"t":[37.3111,15.6562,-174.066],"timeVisible":0.714051,"type":"right","wrist":[5.9845,303.57,91.559]}],"id":4450988,"interactionBox":{"center":[0,200,0],"size":[235.247,235.247,147.751]},"pointables":[{"bases":[[[0.668804,0.74323,-0.0175959],[-0.606622,0.559252,0.565019],[0.42978,-0.367213,0.824891]],[[0.492113,0.822347,-0.285606],[-0.810548,0.552518,0.194254],[0.317547,0.135902,0.938453]],[[0.492113,0.822347,-0.285606],[-0.870459,0.460614,-0.173596],[-0.0112017,0.334037,0.942494]],[[0.492113,0.822347,-0.285606],[-0.861894,0.414162,-0.29259],[-0.122323,0.390149,0.91259]]],"btipPosition":[-36.4467,274.769,-3.83419],"carpPosition":[-24.0089,301.708,95.1617],"dipPosition":[-39.2712,283.778,17.238],"direction":[0.0112017,-0.334037,-0.942493],"extended":false,"handId":875,"id":8750,"length":51.4192,"mcpPosition":[-24.0089,301.708,95.1617],"pipPosition":[-39.648,295.014,48.943],"stabilizedTipPosition":[-46.2045,272.306,99.1798],"timeVisible":0.714051,"tipPosition":[-36.2552,276.923,1.29674],"tipVelocity":[-56.2067,-12.045,-168.719],"tool":false,"touchDistance":-0.499498,"touchZone":"touching","type":0,"width":19.9791},{"bases":[[[0.928175,-0.263634,-0.262655],[0.29691,0.95011,0.095575],[0.224354,-0.166695,0.960145]],[[0.950409,-0.284327,-0.126018],[0.298566,0.947585,0.113756],[0.0870684,-0.145739,0.985484]],[[0.950409,-0.284327,-0.126018],[0.287997,0.957562,0.0115354],[0.11739,-0.047256,0.991961]],[[0.950409,-0.284327,-0.126018],[0.277232,0.958174,-0.0710289],[0.140942,0.0325704,0.989482]]],"btipPosition":[-35.5399,338.451,-63.0781],"carpPosition":[-10.3891,319.596,88.722],"dipPosition":[-33.164,339,-46.3984],"direction":[-0.11739,0.047256,-0.991961],"extended":true,"handId":875,"id":8751,"length":58.0209,"mcpPosition":[-26.674,331.695,19.0294],"pipPosition":[-30.3646,337.873,-22.743],"stabilizedTipPosition":[-59.1719,339.706,73.6513],"timeVisible":0.714051,"tipPosition":[-35.0951,337.1,-59.2478],"tipVelocity":[-19.2556,38.7156,-162.351],"tool":false,"touchDistance":-0.515737,"touchZone":"hovering","type":1,"width":19.0841},{"bases":[[[0.885646,-0.441814,-0.14294],[0.454409,0.887971,0.0708507],[0.095624,-0.127702,0.987192]],[[0.885125,-0.441128,-0.148189],[0.247817,0.716354,-0.652245],[0.393879,0.540594,0.743382]],[[0.885125,-0.441128,-0.148189],[-0.241673,-0.16361,-0.956465],[0.397679,0.882405,-0.251424]],[[0.885125,-0.441128,-0.148189],[-0.434427,-0.669134,-0.602937],[0.166814,0.598052,-0.783905]]],"btipPosition":[-38.4296,265.357,3.45086],"carpPosition":[1.13392,318.12,85.1679],"dipPosition":[-35.3368,276.445,-11.0832],"direction":[-0.397679,-0.882405,0.251424],"extended":false,"handId":875,"id":8752,"length":66.1101,"mcpPosition":[-5.44834,326.91,17.2148],"pipPosition":[-24.1795,301.202,-18.1372],"stabilizedTipPosition":[-46.45,248.848,185.356],"timeVisible":0.714051,"tipPosition":[-37.6511,267.48,1.76103],"tipVelocity":[-44.9045,7.62846,-207.329],"tool":false,"touchDistance":0.333333,"touchZone":"none","type":2,"width":18.7431},{"bases":[[[0.853273,-0.521464,-0.00104039],[0.51934,0.849613,0.0918906],[-0.0470337,-0.0789481,0.995769]],[[0.851616,-0.523475,0.0269161],[0.409781,0.632875,-0.656924],[0.326849,0.570476,0.753476]],[[0.851616,-0.523475,0.0269161],[-0.10672,-0.223434,-0.968859],[0.513187,0.822223,-0.246145]],[[0.851616,-0.523475,0.0269161],[-0.395562,-0.675516,-0.622261],[0.34392,0.519281,-0.782347]]],"btipPosition":[-19.7252,261.37,9.10182],"carpPosition":[12.1422,313.683,82.7078],"dipPosition":[-13.3853,270.942,-5.32001],"direction":[-0.513188,-0.822223,0.246145],"extended":false,"handId":875,"id":8753,"length":63.5667,"mcpPosition":[15.049,318.562,21.1672],"pipPosition":[0.640849,293.415,-12.0475],"stabilizedTipPosition":[-31.0049,253.34,177.418],"timeVisible":0.714051,"tipPosition":[-18.4242,263.376,7.14633],"tipVelocity":[-44.9877,-5.34337,-163.611],"tool":false,"touchDistance":0.333333,"touchZone":"none","type":3,"width":17.8352},{"bases":[[[0.744476,-0.660261,0.0990474],[0.639523,0.747829,0.178221],[-0.191743,-0.0693379,0.978993]],[[0.698443,-0.662057,0.271768],[0.65044,0.428847,-0.626912],[0.298505,0.614631,0.730154]],[[0.698443,-0.662057,0.271768],[0.0248833,-0.357046,-0.933755],[0.715233,0.658938,-0.232902]],[[0.698443,-0.662057,0.271768],[-0.399548,-0.675775,-0.619427],[0.59375,0.32405,-0.736514]]],"btipPosition":[-2.48907,266.992,17.5357],"carpPosition":[20.8545,302.694,81.9961],"dipPosition":[7.60837,272.503,5.01037],"direction":[-0.715233,-0.658938,0.232902],"extended":false,"handId":875,"id":8754,"length":49.8351,"mcpPosition":[31.824,306.661,25.9883],"pipPosition":[21.4103,285.219,0.516018],"stabilizedTipPosition":[-16.6547,266.357,175.011],"timeVisible":0.714051,"tipPosition":[-0.489996,268.256,15.84],"tipVelocity":[-44.2711,-6.81644,-162.32],"tool":false,"touchDistance":0.333333,"touchZone":"none","type":4,"width":15.8426}],"r":[[0.916833,-0.289471,0.274997],[0.36861,0.878346,-0.304359],[-0.153439,0.380413,0.911999]],"s":0.858282,"t":[37.3111,15.6562,-174.066],"timestamp":607193742333},false],[3,{"currentFrameRate":108.47,"devices":[],"gestures":[],"hands":[{"armBasis":[[0.857342,-0.0412661,-0.513091],[0.321197,0.821805,0.470604],[0.402241,-0.568272,0.717822]],"armWidth":62.8676,"confidence":0.820263,"direction":[-0.0158496,0.259492,-0.965615],"elbow":[112.526,152.293,281.493],"grabStrength":0,"id":875,"palmNormal":[-0.327376,-0.913852,-0.240208],"palmPosition":[-3.97183,315.953,38.5521],"palmVelocity":[-53.1263,1.76518,-151.339],"palmWidth":89.7729,"pinchStrength":1,"r":[[0.915804,-0.290199,0.277647],[0.370201,0.878017,-0.303376],[-0.15574,0.380618,0.911523]],"s":0.860626,"sphereCenter":[-22.2277,284.878,8.24449],"sphereRadius":45.7373,"stabilizedPalmPosition":[-27.3285,309.049,188.17],"t":[36.8703,15.7975,-175.389],"timeVisible":0.723072,"type":"right","wrist":[5.37329,303.674,90.2738]}],"id":4450989,"interactionBox":{"center":[0,200,0],"size":[235.247,235.247,147.751]},"pointables":[{"bases":[[[0.669891,0.742336,-0.0135873],[-0.607745,0.558764,0.564295],[0.426488,-0.369758,0.825462]],[[0.493907,0.822384,-0.282385],[-0.810654,0.552969,0.192521],[0.314477,0.133829,0.939784]],[[0.493907,0.822384,-0.282385],[-0.869394,0.461644,-0.17618],[-0.0145255,0.33252,0.942984]],[[0.493907,0.822384,-0.282385],[-0.861194,0.417842,-0.289401],[-0.120006,0.386126,0.914607]]],"btipPosition":[-36.8629,275.151,-5.35342],"carpPosition":[-24.6346,301.844,93.7711],"dipPosition":[-39.6339,284.067,15.7653],"direction":[0.0145255,-0.33252,-0.942984],"extended":false,"handId":875,"id":8750,"length":51.4192,"mcpPosition":[-24.6346,301.844,93.7711],"pipPosition":[-40.1225,295.253,47.4869],"stabilizedTipPosition":[-46.1438,272.34,98.4846],"timeVisible":0.723072,"tipPosition":[-36.6681,277.286,-0.210698],"tipVelocity":[-53.0611,2.28677,-168.307],"tool":false,"touchDistance":-0.500509,"touchZone":"touching","type":0,"width":19.9791},{"bases":[[[0.928688,-0.264309,-0.260153],[0.297905,0.949467,0.0988203],[0.220887,-0.169274,0.960497]],[[0.950365,-0.285256,-0.124241],[0.299931,0.946132,0.12197],[0.0827554,-0.15318,0.984727]],[[0.950365,-0.285256,-0.124241],[0.289824,0.956871,0.0200019],[0.113177,-0.0550171,0.99205]],[[0.950365,-0.285256,-0.124241],[0.27941,0.958132,-0.0625525],[0.136883,0.0247335,0.990278]]],"btipPosition":[-35.5158,339.403,-64.3896],"carpPosition":[-10.9684,319.728,87.4196],"dipPosition":[-33.2083,339.82,-47.6964],"direction":[-0.113177,0.0550171,-0.99205],"extended":true,"handId":875,"id":8751,"length":58.0209,"mcpPosition":[-27.0016,332.015,17.7014],"pipPosition":[-30.5094,338.508,-24.0389],"stabilizedTipPosition":[-59.1678,339.706,73.6282],"timeVisible":0.723072,"tipPosition":[-35.1011,338.017,-60.5662],"tipVelocity":[-13.7028,56.1874,-157.588],"tool":false,"touchDistance":-0.512123,"touchZone":"hovering","type":1,"width":19.0841},{"bases":[[[0.885508,-0.442711,-0.141003],[0.4554,0.887166,0.0744793],[0.0921205,-0.130165,0.987204]],[[0.885015,-0.442025,-0.146157],[0.252095,0.718924,-0.647762],[0.391403,0.536434,0.747691]],[[0.885015,-0.442025,-0.146157],[-0.237263,-0.158116,-0.958491],[0.400568,0.882957,-0.244811]],[[0.885015,-0.442025,-0.146157],[-0.432762,-0.665324,-0.608326],[0.171654,0.601629,-0.780114]]],"btipPosition":[-38.8109,265.768,1.72222],"carpPosition":[0.564464,318.245,83.9008],"dipPosition":[-35.6284,276.922,-12.7416],"direction":[-0.400568,-0.882957,0.244811],"extended":false,"handId":875,"id":8752,"length":66.1101,"mcpPosition":[-5.77663,327.205,15.9469],"pipPosition":[-24.39,301.694,-19.61],"stabilizedTipPosition":[-46.4487,248.851,185.328],"timeVisible":0.723072,"tipPosition":[-38.0184,267.917,0.00255168],"tipVelocity":[-43.5497,18.5187,-202.515],"tool":false,"touchDistance":0.333333,"touchZone":"none","type":2,"width":18.7431},{"bases":[[[0.852547,-0.522651,0.000598115],[0.520206,0.848668,0.0956469],[-0.0504975,-0.0812323,0.995415]],[[0.850783,-0.524734,0.0286701],[0.411357,0.631023,-0.65772],[0.327037,0.571371,0.752717]],[[0.850783,-0.524734,0.0286701],[-0.106392,-0.225413,-0.968437],[0.514634,0.82088,-0.247605]],[[0.850783,-0.524734,0.0286701],[-0.395778,-0.675681,-0.621945],[0.345727,0.517793,-0.782536]]],"btipPosition":[-20.1596,261.651,7.96004],"carpPosition":[11.5748,313.799,81.4673],"dipPosition":[-13.7865,271.196,-6.46529],"direction":[-0.514634,-0.82088,0.247605],"extended":false,"handId":875,"id":8753,"length":63.5667,"mcpPosition":[14.6956,318.819,19.9485],"pipPosition":[0.279239,293.632,-13.2327],"stabilizedTipPosition":[-31.0025,253.342,177.384],"timeVisible":0.723072,"tipPosition":[-18.8228,263.691,5.77312],"tipVelocity":[-45.6271,4.51646,-153.445],"tool":false,"touchDistance":0.333333,"touchZone":"none","type":3,"width":17.8352},{"bases":[[[0.743221,-0.661532,0.0999907],[0.639957,0.746512,0.18214],[-0.195136,-0.0713806,0.978175]],[[0.693099,-0.663125,0.282627],[0.661431,0.429182,-0.615071],[0.28657,0.613244,0.736077]],[[0.693099,-0.663125,0.282627],[0.0403094,-0.355811,-0.933688],[0.719714,0.658531,-0.219882]],[[0.693099,-0.663125,0.282627],[-0.39127,-0.675382,-0.625114],[0.60541,0.322682,-0.727568]]],"btipPosition":[-2.74371,267.294,15.7353],"carpPosition":[20.2742,302.799,80.7589],"dipPosition":[7.55203,272.781,3.36207],"direction":[-0.719714,-0.658531,0.219882],"extended":false,"handId":875,"id":8754,"length":49.8351,"mcpPosition":[31.4378,306.883,24.7979],"pipPosition":[21.4405,285.489,-0.88104],"stabilizedTipPosition":[-16.6511,266.357,174.974],"timeVisible":0.723072,"tipPosition":[-0.726507,268.543,14.1088],"tipVelocity":[-38.4661,4.08904,-171.505],"tool":false,"touchDistance":0.333333,"touchZone":"none","type":4,"width":15.8426}],"r":[[0.915804,-0.290199,0.277647],[0.370201,0.878017,-0.303376],[-0.15574,0.380618,0.911523]],"s":0.860626,"t":[36.8703,15.7975,-175.389],"timestamp":607193751354},false],[4,{"currentFrameRate":108.489,"devices":[],"gestures":[],"hands":[{"armBasis":[[0.859285,-0.0355825,-0.510259],[0.316301,0.820938,0.475409],[0.401974,-0.569907,0.716674]],"armWidth":62.8676,"confidence":0.826553,"direction":[-0.0125587,0.259896,-0.965555],"elbow":[111.86,152.079,279.968],"grabStrength":0,"id":875,"palmNormal":[-0.323406,-0.914786,-0.242024],"palmPosition":[-4.38449,316.169,37.2989],"palmVelocity":[-50.8392,7.85435,-147.186],"palmWidth":89.7729,"pinchStrength":1,"r":[[0.914922,-0.290217,0.280521],[0.371165,0.87802,-0.302189],[-0.158602,0.380599,0.911038]],"s":0.862864,"sphereCenter":[-22.5802,285.242,6.87549],"sphereRadius":45.7776,"stabilizedPalmPosition":[-27.3115,309.055,188.058],"t":[36.4436,15.9763,-176.677],"timeVisible":0.732255,"type":"right","wrist":[4.77902,303.896,89.0544]}],"id":4450990,"interactionBox":{"center":[0,200,0],"size":[235.247,235.247,147.751]},"pointables":[{"bases":[[[0.667552,0.744491,-0.0103838],[-0.611945,0.556541,0.561949],[0.424145,-0.368775,0.827107]],[[0.492235,0.824139,-0.280179],[-0.813354,0.550129,0.189242],[0.310096,0.134734,0.941109]],[[0.492235,0.824139,-0.280179],[-0.870237,0.458599,-0.179927],[-0.0197952,0.332389,0.942935]],[[0.492235,0.824139,-0.280179],[-0.862064,0.41694,-0.288107],[-0.120622,0.383349,0.915693]]],"btipPosition":[-37.0586,275.299,-6.79059],"carpPosition":[-25.2375,301.968,92.4227],"dipPosition":[-39.8438,284.151,14.3533],"direction":[0.0197952,-0.332389,-0.942935],"extended":false,"handId":875,"id":8750,"length":51.4192,"mcpPosition":[-25.2375,301.968,92.4227],"pipPosition":[-40.5097,295.333,46.0731],"stabilizedTipPosition":[-46.0987,272.367,97.948],"timeVisible":0.732255,"tipPosition":[-36.8728,277.417,-1.64164],"tipVelocity":[-44.2924,5.7005,-164.835],"tool":false,"touchDistance":-0.500263,"touchZone":"touching","type":0,"width":19.9791},{"bases":[[[0.930636,-0.2612,-0.256303],[0.294425,0.950372,0.100528],[0.217325,-0.169017,0.961355]],[[0.951729,-0.282035,-0.121111],[0.296713,0.946375,0.127809],[0.0785699,-0.157575,0.984376]],[[0.951729,-0.282035,-0.121111],[0.287084,0.957549,0.0261241],[0.108602,-0.0596321,0.992295]],[[0.951729,-0.282035,-0.121111],[0.277075,0.959194,-0.0563585],[0.132064,0.0200811,0.991038]]],"btipPosition":[-35.5229,339.93,-65.7374],"carpPosition":[-11.6018,319.899,86.1378],"dipPosition":[-33.2967,340.269,-49.0314],"direction":[-0.108602,0.0596321,-0.992295],"extended":true,"handId":875,"id":8751,"length":58.0209,"mcpPosition":[-27.3765,332.167,16.3574],"pipPosition":[-30.7069,338.847,-25.3681],"stabilizedTipPosition":[-59.1635,339.706,73.6043],"timeVisible":0.732255,"tipPosition":[-35.126,338.531,-61.9183],"tipVelocity":[-10.6622,55.9722,-154.478],"tool":false,"touchDistance":-0.509417,"touchZone":"hovering","type":1,"width":19.0841},{"bases":[[[0.887522,-0.439796,-0.137421],[0.452222,0.88859,0.0768318],[0.0883203,-0.130334,0.987528]],[[0.887049,-0.43911,-0.142569],[0.252539,0.720018,-0.646373],[0.386482,0.537361,0.749584]],[[0.887049,-0.43911,-0.142569],[-0.23266,-0.158449,-0.959564],[0.398764,0.884351,-0.242716]],[[0.887049,-0.43911,-0.142569],[-0.428016,-0.666433,-0.610467],[0.173049,0.602536,-0.779105]]],"btipPosition":[-38.9044,265.889,0.299204],"carpPosition":[-0.0493734,318.455,82.6677],"dipPosition":[-35.696,277.06,-14.1459],"direction":[-0.398764,-0.884351,0.242716],"extended":false,"handId":875,"id":8752,"length":66.1101,"mcpPosition":[-6.12888,327.426,14.6914],"pipPosition":[-24.5083,301.872,-20.9555],"stabilizedTipPosition":[-46.4478,248.853,185.305],"timeVisible":0.732255,"tipPosition":[-38.1117,268.044,-1.42305],"tipVelocity":[-34.0489,17.1517,-189.103],"tool":false,"touchDistance":0.333333,"touchZone":"none","type":2,"width":18.7431},{"bases":[[[0.854213,-0.519908,0.00400185],[0.517061,0.85029,0.0982585],[-0.0544881,-0.0818644,0.995153]],[[0.852301,-0.52204,0.032508],[0.41339,0.634232,-0.653344],[0.320454,0.570285,0.756363]],[[0.852301,-0.52204,0.032508],[-0.0996673,-0.223104,-0.969686],[0.513468,0.823225,-0.242182]],[[0.852301,-0.52204,0.032508],[-0.390049,-0.675757,-0.625471],[0.348488,0.52041,-0.77957]]],"btipPosition":[-20.2311,261.872,6.4245],"carpPosition":[10.9855,314.045,80.2791],"dipPosition":[-13.8071,271.465,-7.94616],"direction":[-0.513468,-0.823225,0.242182],"extended":false,"handId":875,"id":8753,"length":63.5667,"mcpPosition":[14.353,319.104,18.7766],"pipPosition":[0.226728,293.965,-14.5653],"stabilizedTipPosition":[-31.0005,253.344,177.356],"timeVisible":0.732255,"tipPosition":[-18.8932,263.915,4.25502],"tipVelocity":[-34.7026,10.3067,-156.909],"tool":false,"touchDistance":0.333333,"touchZone":"none","type":3,"width":17.8352},{"bases":[[[0.744911,-0.659187,0.102863],[0.636768,0.748479,0.185216],[-0.199082,-0.0724695,0.9773]],[[0.691115,-0.660549,0.293317],[0.668677,0.430374,-0.606341],[0.274282,0.615186,0.739132]],[[0.691115,-0.660549,0.293317],[0.0542051,-0.357322,-0.932407],[0.720709,0.6603,-0.211146]],[[0.691115,-0.660549,0.293317],[-0.381696,-0.678207,-0.627968],[0.613733,0.32204,-0.720848]]],"btipPosition":[-2.801,267.539,14.2399],"carpPosition":[19.7232,303.074,79.6029],"dipPosition":[7.63628,273.016,1.98101],"direction":[-0.720709,-0.6603,0.211146],"extended":false,"handId":875,"id":8754,"length":49.8351,"mcpPosition":[31.1126,307.22,23.692],"pipPosition":[21.5439,285.758,-2.0935],"stabilizedTipPosition":[-16.6483,266.358,174.947],"timeVisible":0.732255,"tipPosition":[-0.767694,268.78,12.6277],"tipVelocity":[-28.4748,10.3466,-168.285],"tool":false,"touchDistance":0.333333,"touchZone":"none","type":4,"width":15.8426}],"r":[[0.914922,-0.290217,0.280521],[0.371165,0.87802,-0.302189],[-0.158602,0.380599,0.911038]],"s":0.862864,"t":[36.4436,15.9763,-176.677],"timestamp":607193760537},false],[5,{"currentFrameRate":108.643,"devices":[],"gestures":[],"hands":[{"armBasis":[[0.859101,-0.0379551,-0.510396],[0.316711,0.822801,0.471904],[0.402043,-0.567061,0.71889]],"armWidth":62.8676,"confidence":0.828785,"direction":[-0.00894979,0.261533,-0.965153],"elbow":[111.386,152.88,279.389],"grabStrength":0,"id":875,"palmNormal":[-0.324264,-0.913794,-0.244609],"palmPosition":[-4.68653,316.315,36.1206],"palmVelocity":[-46.202,10.1655,-143.041],"palmWidth":89.7729,"pinchStrength":1,"r":[[0.913921,-0.290656,0.283315],[0.372445,0.877988,-0.300701],[-0.161346,0.380336,0.910666]],"s":0.865058,"sphereCenter":[-23.0445,285.671,5.58061],"sphereRadius":45.8074,"stabilizedPalmPosition":[-27.2969,309.059,187.961],"t":[36.0792,16.1386,-177.91],"timeVisible":0.741182,"type":"right","wrist":[4.28647,303.938,87.885]}],"id":4450991,"interactionBox":{"center":[0,200,0],"size":[235.247,235.247,147.751]},"pointables":[{"bases":[[[0.668921,0.743301,-0.00696386],[-0.612766,0.556704,0.560891],[0.420787,-0.370924,0.827861]],[[0.494464,0.823744,-0.277399],[-0.813093,0.551162,0.18735],[0.30722,0.132913,0.942311]],[[0.494464,0.823744,-0.277399],[-0.868914,0.460292,-0.18199],[-0.0222285,0.331023,0.943361]],[[0.494464,0.823744,-0.277399],[-0.860989,0.420424,-0.286255],[-0.119176,0.38038,0.917119]]],"btipPosition":[-37.3753,275.595,-8.16726],"carpPosition":[-25.7443,302.059,91.1524],"dipPosition":[-40.1271,284.378,13.0095],"direction":[0.0222285,-0.331023,-0.943361],"extended":false,"handId":875,"id":8750,"length":51.4192,"mcpPosition":[-25.7443,302.059,91.1524],"pipPosition":[-40.8748,295.513,44.7437],"stabilizedTipPosition":[-46.0666,272.388,97.546],"timeVisible":0.741182,"tipPosition":[-37.1889,277.689,-3.0105],"tipVelocity":[-41.6529,12.6873,-161.707],"tool":false,"touchDistance":-0.499106,"touchZone":"touching","type":0,"width":19.9791},{"bases":[[[0.930993,-0.262451,-0.253715],[0.295807,0.94967,0.10308],[0.213892,-0.171018,0.961771]],[[0.951529,-0.283423,-0.119435],[0.298288,0.945051,0.133799],[0.0749505,-0.16294,0.983785]],[[0.951529,-0.283423,-0.119435],[0.289052,0.956764,0.0324244],[0.105081,-0.0653756,0.992312]],[[0.951529,-0.283423,-0.119435],[0.279346,0.958891,-0.0499479],[0.128681,0.0141631,0.991585]]],"btipPosition":[-35.4335,340.617,-66.9479],"carpPosition":[-12.056,319.976,84.942],"dipPosition":[-33.2643,340.855,-50.2327],"direction":[-0.105081,0.0653756,-0.992312],"extended":true,"handId":875,"id":8751,"length":58.0209,"mcpPosition":[-27.5814,332.39,15.1314],"pipPosition":[-30.7584,339.296,-26.569],"stabilizedTipPosition":[-59.1591,339.706,73.5792],"timeVisible":0.741182,"tipPosition":[-35.0471,339.206,-63.1355],"tipVelocity":[-5.42301,60.9766,-149.266],"tool":false,"touchDistance":-0.504934,"touchZone":"hovering","type":1,"width":19.0841},{"bases":[[[0.887171,-0.441167,-0.135274],[0.453569,0.887642,0.0797933],[0.0848727,-0.132146,0.98759]],[[0.886719,-0.440476,-0.140392],[0.255785,0.720395,-0.644674],[0.385102,0.535735,0.751455]],[[0.886719,-0.440476,-0.140392],[-0.229872,-0.156604,-0.960538],[0.401109,0.884,-0.240117]],[[0.886719,-0.440476,-0.140392],[-0.427197,-0.664592,-0.613042],[0.176727,0.603571,-0.777476]]],"btipPosition":[-39.181,266.143,-1.05776],"carpPosition":[-0.494903,318.517,81.507],"dipPosition":[-35.9044,277.334,-15.4727],"direction":[-0.401109,-0.884,0.240117],"extended":false,"handId":875,"id":8752,"length":66.1101,"mcpPosition":[-6.33709,327.613,13.5265],"pipPosition":[-24.6508,302.136,-22.2094],"stabilizedTipPosition":[-46.447,248.855,185.288],"timeVisible":0.741182,"tipPosition":[-38.3778,268.315,-2.81518],"tipVelocity":[-32.7326,20.3894,-178.775],"tool":false,"touchDistance":0.333333,"touchZone":"none","type":2,"width":18.7431},{"bases":[[[0.853258,-0.521456,0.00590476],[0.518268,0.84919,0.101366],[-0.0578723,-0.0834313,0.994832]],[[0.851242,-0.523638,0.0344934],[0.416581,0.634307,-0.651241],[0.319135,0.568733,0.758087]],[[0.851242,-0.523638,0.0344934],[-0.0970793,-0.221729,-0.970264],[0.515716,0.822581,-0.239579]],[[0.851242,-0.523638,0.0344934],[-0.389319,-0.674228,-0.627573],[0.351878,0.520788,-0.777793]]],"btipPosition":[-20.5335,262.094,5.13231],"carpPosition":[10.5397,314.091,79.147],"dipPosition":[-14.047,271.694,-9.20558],"direction":[-0.515716,-0.822581,0.239579],"extended":false,"handId":875,"id":8753,"length":63.5667,"mcpPosition":[14.1163,319.247,17.6643],"pipPosition":[0.048244,294.176,-15.7536],"stabilizedTipPosition":[-30.9991,253.345,177.334],"timeVisible":0.741182,"tipPosition":[-19.1808,264.142,2.93544],"tipVelocity":[-34.0381,14.3253,-153.363],"tool":false,"touchDistance":0.333333,"touchZone":"none","type":3,"width":17.8352},{"bases":[[[0.743384,-0.660702,0.104176],[0.637509,0.747017,0.188541],[-0.20239,-0.0737454,0.976524]],[[0.686224,-0.661809,0.301838],[0.676654,0.428542,-0.598741],[0.266902,0.61511,0.741891]],[[0.686224,-0.661809,0.301838],[0.0639449,-0.358466,-0.93135],[0.724575,0.658415,-0.203669]],[[0.686224,-0.661809,0.301838],[-0.377027,-0.678486,-0.630482],[0.622052,0.318851,-0.715113]]],"btipPosition":[-3.03374,267.737,12.824],"carpPosition":[19.2598,303.105,78.4807],"dipPosition":[7.54502,273.16,0.662643],"direction":[-0.724575,-0.658415,0.203669],"extended":false,"handId":875,"id":8754,"length":49.8351,"mcpPosition":[30.8385,307.324,22.6142],"pipPosition":[21.5273,285.865,-3.26758],"stabilizedTipPosition":[-16.6464,266.358,174.927],"timeVisible":0.741182,"tipPosition":[-0.980748,268.96,11.2168],"tipVelocity":[-26.8253,13.1835,-164.961],"tool":false,"touchDistance":0.333333,"touchZone":"none","type":4,"width":15.8426}],"r":[[0.913921,-0.290656,0.283315],[0.372445,0.877988,-0.300701],[-0.161346,0.380336,0.910666]],"s":0.865058,"t":[36.0792,16.1386,-177.91],"timestamp":607193769464},false],[6,{"currentFrameRate":108.749,"devices":[],"gestures":[],"hands":[{"armBasis":[[0.859597,-0.042248,-0.509224],[0.316203,0.826821,0.465169],[0.401385,-0.560876,0.724092]],"armWidth":62.8676,"confidence":0.791579,"direction":[-0.00617135,0.264093,-0.964477],"elbow":[110.94,154.155,279.436],"grabStrength":0,"id":875,"palmNormal":[-0.323618,-0.91312,-0.247959],"palmPosition":[-4.80815,316.08,34.7895],"palmVelocity":[-37.2186,0.198081,-144.35],"palmWidth":89.7729,"pinchStrength":1,"r":[[0.912947,-0.291171,0.285915],[0.373649,0.878117,-0.298827],[-0.164057,0.379645,0.91047]],"s":0.867262,"sphereCenter":[-23.3336,285.769,4.11805],"sphereRadius":45.8284,"stabilizedPalmPosition":[-27.2852,309.063,187.88],"t":[35.8362,16.1022,-179.192],"timeVisible":0.750188,"type":"right","wrist":[4.0159,303.565,86.5463]}],"id":4450992,"interactionBox":{"center":[0,200,0],"size":[235.247,235.247,147.751]},"pointables":[{"bases":[[[0.668984,0.743271,-0.00307777],[-0.614335,0.555256,0.560609],[0.418393,-0.373148,0.828075]],[[0.495737,0.824366,-0.273249],[-0.813396,0.550981,0.186569],[0.304356,0.12977,0.943678]],[[0.495737,0.824366,-0.273249],[-0.868184,0.462294,-0.18039],[-0.022386,0.326656,0.944878]],[[0.495737,0.824366,-0.273249],[-0.860101,0.422444,-0.285948],[-0.120294,0.376777,0.91846]]],"btipPosition":[-37.483,275.6,-9.74621],"carpPosition":[-26.0242,301.68,89.7228],"dipPosition":[-40.2606,284.3,11.4615],"direction":[0.022386,-0.326656,-0.944878],"extended":false,"handId":875,"id":8750,"length":51.4192,"mcpPosition":[-26.0242,301.68,89.7228],"pipPosition":[-41.0137,295.289,43.2468],"stabilizedTipPosition":[-46.0433,272.403,97.2456],"timeVisible":0.750188,"tipPosition":[-37.311,277.628,-4.57886],"tipVelocity":[-33.6762,8.77795,-165.231],"tool":false,"touchDistance":-0.501107,"touchZone":"touching","type":0,"width":19.9791},{"bases":[[[0.9317,-0.261841,-0.251745],[0.295569,0.949373,0.106445],[0.211128,-0.173583,0.961922]],[[0.951751,-0.283006,-0.118653],[0.298307,0.943945,0.141351],[0.0719984,-0.169926,0.982823]],[[0.951751,-0.283006,-0.118653],[0.289378,0.956375,0.040084],[0.102132,-0.0724854,0.992126]],[[0.951751,-0.283006,-0.118653],[0.279906,0.959092,-0.0423743],[0.125791,0.00711819,0.992031]]],"btipPosition":[-35.2498,341.023,-68.2641],"carpPosition":[-12.3171,319.612,83.5991],"dipPosition":[-33.1293,341.143,-51.5414],"direction":[-0.102132,0.0724854,-0.992126],"extended":true,"handId":875,"id":8751,"length":58.0209,"mcpPosition":[-27.6419,332.212,13.7775],"pipPosition":[-30.6938,339.414,-27.8821],"stabilizedTipPosition":[-59.1545,339.706,73.5536],"timeVisible":0.750188,"tipPosition":[-34.8677,339.585,-64.4617],"tipVelocity":[1.32926,55.7887,-148.356],"tool":false,"touchDistance":-0.502491,"touchZone":"hovering","type":1,"width":19.0841},{"bases":[[[0.887528,-0.440868,-0.133904],[0.453392,0.887396,0.0834453],[0.0820376,-0.134771,0.987475]],[[0.887091,-0.440165,-0.139011],[0.257785,0.722228,-0.641821],[0.382905,0.533519,0.75415]],[[0.887091,-0.440165,-0.139011],[-0.227032,-0.153844,-0.961659],[0.401902,0.88464,-0.236406]],[[0.887091,-0.440165,-0.139011],[-0.425455,-0.662867,-0.616114],[0.179045,0.605692,-0.775293]]],"btipPosition":[-39.198,266.016,-2.63624],"carpPosition":[-0.746312,318.161,80.1934],"dipPosition":[-35.8784,277.246,-17.0107],"direction":[-0.401902,-0.88464,0.236406],"extended":false,"handId":875,"id":8752,"length":66.1101,"mcpPosition":[-6.39335,327.438,12.2208],"pipPosition":[-24.6026,302.066,-23.6433],"stabilizedTipPosition":[-46.4465,248.857,185.274],"timeVisible":0.750188,"tipPosition":[-38.3908,268.197,-4.40743],"tipVelocity":[-23.9575,11.1872,-177.528],"tool":false,"touchDistance":0.333333,"touchZone":"none","type":2,"width":18.7431},{"bases":[[[0.853206,-0.521528,0.00696371],[0.518028,0.848882,0.105101],[-0.0607246,-0.0860656,0.994437]],[[0.851096,-0.523796,0.0356823],[0.418307,0.63548,-0.648987],[0.317261,0.567276,0.759963]],[[0.851096,-0.523796,0.0356823],[-0.0944378,-0.219596,-0.971009],[0.516447,0.823052,-0.236363]],[[0.851096,-0.523796,0.0356823],[-0.387497,-0.672578,-0.630464],[0.354234,0.522758,-0.775398]]],"btipPosition":[-20.583,261.921,3.64816],"carpPosition":[10.2947,313.741,77.8532],"dipPosition":[-14.0531,271.558,-10.6456],"direction":[-0.516447,-0.823052,0.236363],"extended":false,"handId":875,"id":8753,"length":63.5667,"mcpPosition":[14.0477,319.06,16.3949],"pipPosition":[0.0621556,294.053,-17.1057],"stabilizedTipPosition":[-30.9979,253.346,177.318],"timeVisible":0.750188,"tipPosition":[-19.2143,263.988,1.41394],"tipVelocity":[-25.892,5.38137,-156.194],"tool":false,"touchDistance":0.333333,"touchZone":"none","type":3,"width":17.8352},{"bases":[[[0.743043,-0.661027,0.10455],[0.637012,0.746471,0.192345],[-0.205189,-0.0763212,0.975742]],[[0.684142,-0.662449,0.305141],[0.680283,0.428725,-0.594483],[0.262994,0.614293,0.743961]],[[0.684142,-0.662449,0.305141],[0.069119,-0.357603,-0.931312],[0.726067,0.658241,-0.198864]],[[0.684142,-0.662449,0.305141],[-0.373808,-0.677723,-0.633214],[0.626273,0.319144,-0.711287]]],"btipPosition":[-3.08161,267.562,11.3408],"carpPosition":[19.016,302.756,77.1827],"dipPosition":[7.56893,272.99,-0.755522],"direction":[-0.726067,-0.658241,0.198864],"extended":false,"handId":875,"id":8754,"length":49.8351,"mcpPosition":[30.7548,307.122,21.361],"pipPosition":[21.58,285.692,-4.59302],"stabilizedTipPosition":[-16.6449,266.358,174.912],"timeVisible":0.750188,"tipPosition":[-1.01116,268.786,9.72404],"tipVelocity":[-20.4122,4.2624,-164.431],"tool":false,"touchDistance":0.333333,"touchZone":"none","type":4,"width":15.8426}],"r":[[0.912947,-0.291171,0.285915],[0.373649,0.878117,-