{"sensorType":"Leap","data":[[0,{"currentFrameRate":110.433,"devices":[],"gestures":[],"hands":[{"armBasis":[[0.867745,0.107905,-0.485156],[0.194564,0.824492,0.531374],[0.457345,-0.555491,0.694454]],"armWidth":62.8676,"confidence":0.848329,"direction":[0.0303131,0.329973,-0.943504],"elbow":[112.604,154.233,280.782],"grabStrength":0,"id":874,"palmNormal":[-0.206556,-0.921494,-0.328912],"palmPosition":[-15.8477,317.403,44.4208],"palmVelocity":[53.1035,20.1606,-126.175],"palmWidth":89.7729,"pinchStrength":0.97432,"r":[[0.886007,0.0610543,0.459635],[-0.00886966,0.993343,-0.114851],[-0.463587,0.0976816,0.88065]],"s":1.01142,"sphereCenter":[-32.2378,277.01,8.98247],"sphereRadius":55.3594,"stabilizedPalmPosition":[-35.012,314.78,126.041],"t":[68.2339,82.5189,-162.862],"timeVisible":1.09355,"type":"right","wrist":[-9.22726,302.209,95.7879]}],"id":4449521,"interactionBox":{"center":[0,200,0],"size":[235.247,235.247,147.751]},"pointables":[{"bases":[[[0.584195,0.806164,0.0938932],[-0.706516,0.448196,0.547682],[0.399439,-0.38629,0.831401]],[[0.407714,0.890338,-0.202653],[-0.89404,0.434364,0.109636],[0.185638,0.13648,0.973094]],[[0.407714,0.890338,-0.202653],[-0.910291,0.378892,-0.166768],[-0.0716963,0.252467,0.964946]],[[0.407714,0.890338,-0.202653],[-0.879416,0.323143,-0.349579],[-0.245758,0.320745,0.914727]]],"btipPosition":[-40.0937,274.418,-4.90664],"carpPosition":[-39.0375,297.038,96.6],"dipPosition":[-45.7684,281.824,16.2149],"direction":[0.0716963,-0.252467,-0.964946],"extended":false,"handId":874,"id":8740,"length":51.4192,"mcpPosition":[-39.0375,297.038,96.6],"pipPosition":[-48.1802,290.317,48.6752],"stabilizedTipPosition":[-53.173,270.37,24.2198],"timeVisible":1.09355,"tipPosition":[-42.4706,275.58,0.0346056],"tipVelocity":[88.4994,31.4511,-136.324],"tool":false,"touchDistance":-0.499255,"touchZone":"touching","type":0,"width":19.9791},{"bases":[[[0.969171,-0.146546,-0.19807],[0.184346,0.964655,0.188302],[0.163474,-0.21901,0.961931]],[[0.981601,-0.171001,-0.084956],[0.182513,0.971019,0.154311],[0.0561064,-0.166978,0.984363]],[[0.981601,-0.171001,-0.084956],[0.176429,0.982417,0.0610729],[0.0730187,-0.0749379,0.994511]],[[0.981601,-0.171001,-0.084956],[0.170488,0.98527,-0.0133067],[0.08598,-0.00142213,0.996296]]],"btipPosition":[-44.3853,341.455,-59.3936],"carpPosition":[-26.9506,316.669,92.6643],"dipPosition":[-42.9359,341.431,-42.599],"direction":[-0.0730187,0.0749379,-0.994511],"extended":true,"handId":874,"id":8741,"length":58.0209,"mcpPosition":[-38.8164,332.566,22.8421],"pipPosition":[-41.1946,339.644,-18.8828],"stabilizedTipPosition":[-66.2149,329.391,-6.17551],"timeVisible":1.09355,"tipPosition":[-43.6768,340.747,-55.5624],"tipVelocity":[87.6756,25.5234,-135.755],"tool":false,"touchDistance":-0.487759,"touchZone":"touching","type":1,"width":19.0841},{"bases":[[[0.936625,-0.337076,-0.0954676],[0.349086,0.92095,0.173178],[0.0295466,-0.195529,0.980253]],[[0.929202,-0.364114,0.063281],[0.357577,0.842498,-0.402909],[0.0933907,0.397012,0.91305]],[[0.929202,-0.364114,0.063281],[0.328108,0.733965,-0.594677],[0.170084,0.573338,0.80147]],[[0.929202,-0.364114,0.063281],[0.300307,0.644102,-0.703526],[0.215404,0.672722,0.707847]]],"btipPosition":[-30.3293,282.676,-56.465],"carpPosition":[-15.0885,316.655,90.0411],"dipPosition":[-26.3355,295.149,-43.3411],"direction":[-0.170084,-0.573338,-0.80147],"extended":true,"handId":874,"id":8742,"length":66.1101,"mcpPosition":[-17.1224,330.114,22.5657],"pipPosition":[-21.5636,311.234,-20.855],"stabilizedTipPosition":[-36.5158,283.363,-34.2284],"timeVisible":1.09355,"tipPosition":[-28.538,286.716,-54.0625],"tipVelocity":[93.8423,14.1381,-126.919],"tool":false,"touchDistance":0.333333,"touchZone":"hovering","type":2,"width":18.7431},{"bases":[[[0.901766,-0.430635,0.0370438],[0.415876,0.887811,0.197075],[-0.117755,-0.16231,0.979688]],[[0.898564,-0.434532,0.0613559],[0.338702,0.597806,-0.726573],[0.279041,0.673654,0.684344]],[[0.898564,-0.434532,0.0613559],[-0.00180425,-0.14347,-0.989653],[0.438839,0.889156,-0.129701]],[[0.898564,-0.434532,0.0613559],[-0.17183,-0.477029,-0.861927],[0.403804,0.763954,-0.503306]]],"btipPosition":[-27.9665,255.516,10.359],"carpPosition":[-3.50549,313.566,88.2501],"dipPosition":[-20.5227,269.599,1.08097],"direction":[-0.438839,-0.889156,0.129701],"extended":false,"handId":874,"id":8743,"length":63.5667,"mcpPosition":[3.77204,323.597,27.7033],"pipPosition":[-8.52861,293.901,-2.46395],"stabilizedTipPosition":[-28.4586,259.453,7.16615],"timeVisible":1.09355,"tipPosition":[-26.198,258.917,9.19057],"tipVelocity":[68.6637,12.4614,-74.2668],"tool":false,"touchDistance":0.333333,"touchZone":"none","type":3,"width":17.8352},{"bases":[[[0.800882,-0.587259,0.117108],[0.539022,0.792173,0.286211],[-0.26085,-0.166098,0.950983]],[[0.755051,-0.60504,0.252634],[0.655601,0.691264,-0.303877],[0.009221,0.39507,0.918605]],[[0.755051,-0.60504,0.252634],[0.627667,0.555603,-0.545288],[0.189557,0.570291,0.799272]],[[0.755051,-0.60504,0.252634],[0.584095,0.445645,-0.678405],[0.297877,0.659793,0.689886]]],"btipPosition":[12.2454,277.101,-26.0773],"carpPosition":[6.36764,303.607,87.5307],"dipPosition":[17.3112,288.322,-14.3449],"direction":[-0.189557,-0.570291,-0.799272],"extended":true,"handId":874,"id":8744,"length":49.8351,"mcpPosition":[21.2908,313.11,33.1254],"pipPosition":[20.9691,299.327,1.07878],"stabilizedTipPosition":[9.93832,279.176,-16.7592],"timeVisible":1.09355,"tipPosition":[14.5721,281.285,-23.9682],"tipVelocity":[67.9738,11.4964,-104.165],"tool":false,"touchDistance":-0.418882,"touchZone":"hovering","type":4,"width":15.8426}],"r":[[0.886007,0.0610543,0.459635],[-0.00886966,0.993343,-0.114851],[-0.463587,0.0976816,0.88065]],"s":1.01142,"t":[68.2339,82.5189,-162.862],"timestamp":607180067113},false],[1,{"currentFrameRate":110.452,"devices":[],"gestures":[],"hands":[{"armBasis":[[0.869378,0.109439,-0.481877],[0.192578,0.823029,0.534357],[0.455078,-0.557357,0.694447]],"armWidth":62.8676,"confidence":0.823802,"direction":[0.0331418,0.327459,-0.944284],"elbow":[112.361,154.062,280.196],"grabStrength":0,"id":874,"palmNormal":[-0.205606,-0.922361,-0.327073],"palmPosition":[-15.3327,317.592,43.7768],"palmVelocity":[54.2011,20.3998,-111.107],"palmWidth":89.7729,"pinchStrength":0.973372,"r":[[0.884194,0.0619897,0.462988],[-0.0099554,0.993431,-0.113998],[-0.467014,0.0961875,0.879003]],"s":1.0111,"sphereCenter":[-31.1785,277.017,8.41185],"sphereRadius":55.24,"stabilizedPalmPosition":[-35.0004,314.782,125.993],"t":[68.736,82.6879,-163.645],"timeVisible":1.10257,"type":"right","wrist":[-8.86622,302.536,95.2036]}],"id":4449522,"interactionBox":{"center":[0,200,0],"size":[235.247,235.247,147.751]},"pointables":[{"bases":[[[0.583941,0.806395,0.0934908],[-0.708132,0.449672,0.544376],[0.396941,-0.384087,0.833615]],[[0.408982,0.889697,-0.20291],[-0.893226,0.435811,0.110524],[0.186763,0.136042,0.97294]],[[0.408982,0.889697,-0.20291],[-0.909486,0.379224,-0.170365],[-0.0746251,0.25422,0.964263]],[[0.408982,0.889697,-0.20291],[-0.87484,0.319014,-0.364535],[-0.259595,0.326601,0.908814]]],"btipPosition":[-39.3725,274.574,-5.39902],"carpPosition":[-38.679,297.367,95.9405],"dipPosition":[-45.3667,282.116,15.586],"direction":[0.0746251,-0.25422,-0.964263],"extended":false,"handId":874,"id":8740,"length":51.4192,"mcpPosition":[-38.679,297.367,95.9405],"pipPosition":[-47.877,290.667,48.0233],"stabilizedTipPosition":[-52.8052,270.546,23.4857],"timeVisible":1.10257,"tipPosition":[-41.761,275.762,-0.517574],"tipVelocity":[83.9075,28.5269,-114.797],"tool":false,"touchDistance":-0.48552,"touchZone":"touching","type":0,"width":19.9791},{"bases":[[[0.969753,-0.147099,-0.194784],[0.183818,0.965148,0.186283],[0.160593,-0.216453,0.962994]],[[0.981824,-0.171166,-0.0820027],[0.182093,0.971356,0.152674],[0.0535211,-0.164831,0.984869]],[[0.981824,-0.171166,-0.0820027],[0.176238,0.982568,0.0591649],[0.0704462,-0.0725414,0.994874]],[[0.981824,-0.171166,-0.0820027],[0.170474,0.985241,-0.0154267],[0.083433,0.00116696,0.996513]]],"btipPosition":[-43.5913,341.396,-60.1802],"carpPosition":[-26.5796,316.987,91.9887],"dipPosition":[-42.1849,341.415,-43.3819],"direction":[-0.0704462,0.0725414,-0.994874],"extended":true,"handId":874,"id":8741,"length":58.0209,"mcpPosition":[-38.2363,332.699,22.0893],"pipPosition":[-40.505,339.686,-19.657],"stabilizedTipPosition":[-65.8424,329.586,-6.98932],"timeVisible":1.10257,"tipPosition":[-42.8918,340.708,-56.3464],"tipVelocity":[87.4687,17.0104,-122.372],"tool":false,"touchDistance":-0.479102,"touchZone":"touching","type":1,"width":19.0841},{"bases":[[[0.936893,-0.337355,-0.0917731],[0.348601,0.921397,0.171768],[0.0266127,-0.19292,0.980853]],[[0.928896,-0.364079,0.0678095],[0.35896,0.840091,-0.406688],[0.0911005,0.402112,0.911047]],[[0.928896,-0.364079,0.0678095],[0.330173,0.731215,-0.596917],[0.167742,0.576863,0.799432]],[[0.928896,-0.364079,0.0678095],[0.302889,0.641512,-0.704784],[0.213096,0.67521,0.706174]]],"btipPosition":[-29.5311,282.42,-56.963],"carpPosition":[-14.7098,316.966,89.401],"dipPosition":[-25.5802,294.939,-43.8701],"direction":[-0.167742,-0.576863,-0.799432],"extended":true,"handId":874,"id":8742,"length":66.1101,"mcpPosition":[-16.5417,330.246,21.8842],"pipPosition":[-20.874,311.123,-21.4412],"stabilizedTipPosition":[-36.4659,283.375,-34.3529],"timeVisible":1.10257,"tipPosition":[-27.7968,286.461,-54.5633],"tipVelocity":[92.0679,2.7625,-107.411],"tool":false,"touchDistance":0.333333,"touchZone":"hovering","type":2,"width":18.7431},{"bases":[[[0.901635,-0.43056,0.0408822],[0.415317,0.888321,0.195952],[-0.120686,-0.159698,0.979761]],[[0.898368,-0.434385,0.0651445],[0.34111,0.596507,-0.726515],[0.276728,0.674899,0.684056]],[[0.898368,-0.434385,0.0651445],[0.00105679,-0.146173,-0.989258],[0.439241,0.888787,-0.130858]],[[0.898368,-0.434385,0.0651445],[-0.171838,-0.484058,-0.857998],[0.404235,0.759604,-0.509506]]],"btipPosition":[-27.3184,255.696,9.91576],"carpPosition":[-3.12155,313.872,87.6527],"dipPosition":[-19.8667,269.699,0.523496],"direction":[-0.439241,-0.888787,0.130858],"extended":false,"handId":874,"id":8743,"length":63.5667,"mcpPosition":[4.33707,323.742,27.1015],"pipPosition":[-7.86164,293.991,-3.05305],"stabilizedTipPosition":[-28.1767,259.4,7.22436],"timeVisible":1.10257,"tipPosition":[-25.5634,259.05,8.65869],"tipVelocity":[69.5941,13.9596,-68.1544],"tool":false,"touchDistance":0.333333,"touchZone":"none","type":3,"width":17.8352},{"bases":[[[0.800508,-0.586968,0.121061],[0.538194,0.792917,0.28571],[-0.263694,-0.163558,0.950639]],[[0.754866,-0.604263,0.255036],[0.655772,0.688302,-0.310167],[0.0118807,0.40138,0.915835]],[[0.754866,-0.604263,0.255036],[0.626549,0.549378,-0.552829],[0.193943,0.577105,0.793307]],[[0.754866,-0.604263,0.255036],[0.581831,0.437462,-0.685638],[0.302737,0.665953,0.681804]]],"btipPosition":[12.5337,276.804,-26.2497],"carpPosition":[6.75332,303.911,86.9894],"dipPosition":[17.6821,288.129,-14.6548],"direction":[-0.193943,-0.577105,-0.793307],"extended":true,"handId":874,"id":8744,"length":49.8351,"mcpPosition":[21.8391,313.268,32.6038],"pipPosition":[21.4247,299.266,0.653793],"stabilizedTipPosition":[10.0972,279.186,-17.0461],"timeVisible":1.10257,"tipPosition":[14.9088,280.946,-24.1938],"tipVelocity":[58.647,-0.0129835,-81.7327],"tool":false,"touchDistance":-0.408388,"touchZone":"hovering","type":4,"width":15.8426}],"r":[[0.884194,0.0619897,0.462988],[-0.0099554,0.993431,-0.113998],[-0.467014,0.0961875,0.879003]],"s":1.0111,"t":[68.736,82.6879,-163.645],"timestamp":607180076133},false],[2,{"currentFrameRate":110.439,"devices":[],"gestures":[],"hands":[{"armBasis":[[0.87069,0.110858,-0.479176],[0.190898,0.821714,0.536977],[0.453273,-0.559014,0.694295]],"armWidth":62.8676,"confidence":0.826114,"direction":[0.0392195,0.322588,-0.945727],"elbow":[112.047,154.051,279.512],"grabStrength":0,"id":874,"palmNormal":[-0.205905,-0.923533,-0.323557],"palmPosition":[-14.8415,317.776,43.0222],"palmVelocity":[54.1753,20.3657,-103.367],"palmWidth":89.7729,"pinchStrength":0.972658,"r":[[0.882236,0.0627965,0.4666],[-0.0102377,0.993389,-0.114336],[-0.470696,0.0960946,0.877047]],"s":1.00985,"sphereCenter":[-30.2965,277.107,7.82284],"sphereRadius":55.0413,"stabilizedPalmPosition":[-34.9855,314.784,125.931],"t":[69.2326,82.8645,-164.413],"timeVisible":1.11165,"type":"right","wrist":[-8.69973,302.966,94.5602]}],"id":4449523,"interactionBox":{"center":[0,200,0],"size":[235.247,235.247,147.751]},"pointables":[{"bases":[[[0.585279,0.805515,0.0927027],[-0.710138,0.454053,0.538089],[0.391347,-0.380764,0.837775]],[[0.412884,0.887621,-0.204096],[-0.891632,0.439635,0.108225],[0.185791,0.137294,0.97295]],[[0.412884,0.887621,-0.204096],[-0.907308,0.381293,-0.177221],[-0.0794853,0.25835,0.962776]],[[0.412884,0.887621,-0.204096],[-0.867782,0.315344,-0.384075],[-0.276552,0.335689,0.900462]]],"btipPosition":[-38.6187,274.666,-5.94216],"carpPosition":[-38.5281,297.87,95.155],"dipPosition":[-45.0044,282.418,14.85],"direction":[0.0794853,-0.25835,-0.962776],"extended":false,"handId":874,"id":8740,"length":51.4192,"mcpPosition":[-38.5281,297.87,95.155],"pipPosition":[-47.6782,291.108,47.2373],"stabilizedTipPosition":[-52.3989,270.734,22.6982],"timeVisible":1.11165,"tipPosition":[-41.0441,275.9,-1.13635],"tipVelocity":[80.9236,24.9156,-100.944],"tool":false,"touchDistance":-0.474114,"touchZone":"touching","type":0,"width":19.9791},{"bases":[[[0.97049,-0.150312,-0.188563],[0.185009,0.965655,0.182431],[0.154665,-0.211933,0.964968]],[[0.981844,-0.173719,-0.0761789],[0.183509,0.971565,0.149621],[0.0480208,-0.160884,0.985804]],[[0.981844,-0.173719,-0.0761789],[0.178148,0.982422,0.055767],[0.065152,-0.0683257,0.995533]],[[0.981844,-0.173719,-0.0761789],[0.172757,0.984779,-0.0190959],[0.0783367,0.00558879,0.996911]]],"btipPosition":[-42.4972,341.18,-61.2019],"carpPosition":[-26.3611,317.442,91.1723],"dipPosition":[-41.1767,341.274,-44.3969],"direction":[-0.065152,0.0683257,-0.995533],"extended":true,"handId":874,"id":8741,"length":58.0209,"mcpPosition":[-37.5875,332.825,21.1296],"pipPosition":[-39.623,339.645,-20.6564],"stabilizedTipPosition":[-65.4103,329.798,-7.90918],"timeVisible":1.11165,"tipPosition":[-41.8194,340.511,-57.3634],"tipVelocity":[96.011,6.2465,-119.609],"tool":false,"touchDistance":-0.474828,"touchZone":"touching","type":1,"width":19.0841},{"bases":[[[0.936609,-0.339967,-0.084777],[0.349769,0.921454,0.169068],[0.0206407,-0.188002,0.981952]],[[0.927608,-0.365905,0.0752141],[0.362911,0.834996,-0.413615],[0.0885402,0.410968,0.90734]],[[0.927608,-0.365905,0.0752141],[0.334573,0.724237,-0.602944],[0.166148,0.58446,0.79423]],[[0.927608,-0.365905,0.0752141],[0.307522,0.633687,-0.709839],[0.212071,0.681582,0.700337]]],"btipPosition":[-28.7017,281.743,-57.3574],"carpPosition":[-14.477,317.38,88.6517],"dipPosition":[-24.7698,294.38,-44.3727],"direction":[-0.166148,-0.58446,-0.79423],"extended":true,"handId":874,"id":8742,"length":66.1101,"mcpPosition":[-15.8978,330.322,21.0593],"pipPosition":[-20.1084,310.778,-22.0898],"stabilizedTipPosition":[-36.3931,283.386,-34.5212],"timeVisible":1.11165,"tipPosition":[-26.9962,285.829,-55.0081],"tipVelocity":[91.7396,-17.7966,-90.4762],"tool":false,"touchDistance":0.333333,"touchZone":"hovering","type":2,"width":18.7431},{"bases":[[[0.900387,-0.432417,0.0481471],[0.416272,0.888348,0.193795],[-0.126572,-0.154448,0.97986]],[[0.896982,-0.436104,0.0723659],[0.346768,0.592592,-0.72704],[0.274182,0.677236,0.682771]],[[0.896982,-0.436104,0.0723659],[0.00621025,-0.151252,-0.988476],[0.442024,0.887094,-0.132962]],[[0.896982,-0.436104,0.0723659],[-0.170375,-0.49209,-0.85371],[0.407917,0.753433,-0.515697]]],"btipPosition":[-26.7511,255.808,9.46974],"carpPosition":[-2.8863,314.251,86.9846],"dipPosition":[-19.2315,269.697,-0.0366471],"direction":[-0.442024,-0.887094,0.132962],"extended":false,"handId":874,"id":8743,"length":63.5667,"mcpPosition":[4.93609,323.796,26.4272],"pipPosition":[-7.15037,293.942,-3.67068],"stabilizedTipPosition":[-27.8533,259.36,7.2304],"timeVisible":1.11165,"tipPosition":[-24.9956,259.113,8.13199],"tipVelocity":[68.1067,12.6917,-63.6926],"tool":false,"touchDistance":0.333333,"touchZone":"none","type":3,"width":17.8352},{"bases":[[[0.798447,-0.588183,0.128545],[0.538419,0.793118,0.284726],[-0.269422,-0.158128,0.949951]],[[0.752606,-0.604579,0.2609],[0.658278,0.681209,-0.320351],[0.0159497,0.412843,0.910662]],[[0.752606,-0.604579,0.2609],[0.626426,0.53528,-0.566627],[0.202915,0.589881,0.781579]],[[0.752606,-0.604579,0.2609],[0.578973,0.418853,-0.699537],[0.313646,0.67753,0.665266]]],"btipPosition":[12.5764,276.002,-26.0844],"carpPosition":[6.96897,304.264,86.4274],"dipPosition":[17.9104,287.525,-14.7707],"direction":[-0.202915,-0.589881,-0.781579],"extended":true,"handId":874,"id":8744,"length":49.8351,"mcpPosition":[22.3825,313.31,32.0811],"pipPosition":[21.8261,298.908,0.311561],"stabilizedTipPosition":[10.2462,279.165,-17.3048],"timeVisible":1.11165,"tipPosition":[15.0697,280.151,-24.1576],"tipVelocity":[45.0279,-23.0429,-56.0585],"tool":false,"touchDistance":-0.394372,"touchZone":"hovering","type":4,"width":15.8426}],"r":[[0.882236,0.0627965,0.4666],[-0.0102377,0.993389,-0.114336],[-0.470696,0.0960946,0.877047]],"s":1.00985,"t":[69.2326,82.8645,-164.413],"timestamp":607180085211},false],[3,{"currentFrameRate":110.358,"devices":[],"gestures":[],"hands":[{"armBasis":[[0.874364,0.116698,-0.471031],[0.181142,0.822006,0.539902],[0.450195,-0.557394,0.697593]],"armWidth":62.8676,"confidence":0.814956,"direction":[0.0446533,0.317531,-0.947196],"elbow":[111.481,154.96,279.159],"grabStrength":0,"id":874,"palmNormal":[-0.197857,-0.926549,-0.319937],"palmPosition":[-14.2744,317.929,41.6615],"palmVelocity":[56.2574,19.3025,-115.808],"palmWidth":89.7729,"pinchStrength":0.969713,"r":[[0.879852,0.0650263,0.470777],[-0.0114753,0.993213,-0.115741],[-0.475109,0.096433,0.874627]],"s":1.00693,"sphereCenter":[-28.968,277.223,6.67882],"sphereRadius":54.643,"stabilizedPalmPosition":[-34.968,314.786,125.86],"t":[69.7645,83.029,-165.478],"timeVisible":1.12085,"type":"right","wrist":[-8.44563,303.444,93.3282]}],"id":4449524,"interactionBox":{"center":[0,200,0],"size":[235.247,235.247,147.751]},"pointables":[{"bases":[[[0.579715,0.809529,0.0926997],[-0.717007,0.452767,0.530002],[0.387081,-0.373716,0.842914]],[[0.409943,0.888839,-0.204725],[-0.893547,0.436406,0.105464],[0.183084,0.139697,0.973121]],[[0.409943,0.888839,-0.204725],[-0.907914,0.376138,-0.184966],[-0.0873995,0.261698,0.961184]],[[0.409943,0.888839,-0.204725],[-0.86184,0.30398,-0.405991],[-0.298628,0.342874,0.890651]]],"btipPosition":[-37.428,274.571,-7.10511],"carpPosition":[-38.2467,298.172,93.7204],"dipPosition":[-44.3235,282.488,13.4605],"direction":[0.0873995,-0.261698,-0.961184],"extended":false,"handId":874,"id":8740,"length":51.4192,"mcpPosition":[-38.2467,298.172,93.7204],"pipPosition":[-47.2636,291.292,45.7943],"stabilizedTipPosition":[-51.9355,270.93,21.8303],"timeVisible":1.12085,"tipPosition":[-39.8653,275.818,-2.38356],"tipVelocity":[90.9115,16.2085,-109.636],"tool":false,"touchDistance":-0.473262,"touchZone":"touching","type":0,"width":19.9791},{"bases":[[[0.97281,-0.145518,-0.180184],[0.177809,0.967755,0.178419],[0.148411,-0.205606,0.967316]],[[0.983405,-0.168106,-0.0682245],[0.176565,0.973261,0.14693],[0.0417004,-0.156538,0.986791]],[[0.983405,-0.168106,-0.0682245],[0.171806,0.983729,0.0525383],[0.0582824,-0.0633879,0.996286]],[[0.983405,-0.168106,-0.0682245],[0.16692,0.985708,-0.0227642],[0.0710762,0.0109984,0.99741]]],"btipPosition":[-41.2943,340.679,-62.8909],"carpPosition":[-26.1662,317.794,89.722],"dipPosition":[-40.0962,340.865,-46.0775],"direction":[-0.0582824,0.0633879,-0.996286],"extended":true,"handId":874,"id":8741,"length":58.0209,"mcpPosition":[-36.9387,332.718,19.5089],"pipPosition":[-38.7063,339.353,-22.319],"stabilizedTipPosition":[-64.9191,330.018,-8.93864],"timeVisible":1.12085,"tipPosition":[-40.6446,340.03,-59.0472],"tipVelocity":[104.857,-10.0765,-137.426],"tool":false,"touchDistance":-0.480984,"touchZone":"touching","type":1,"width":19.0841},{"bases":[[[0.939255,-0.33479,-0.0755976],[0.342929,0.924473,0.166582],[0.0141177,-0.182388,0.983125]],[[0.92927,-0.359792,0.0837109],[0.359923,0.830864,-0.424407],[0.0831459,0.424518,0.901594]],[[0.92927,-0.359792,0.0837109],[0.332546,0.716119,-0.613666],[0.160845,0.598099,0.785116]],[[0.92927,-0.359792,0.0837109],[0.30614,0.623275,-0.719588],[0.206727,0.694318,0.689337]]],"btipPosition":[-27.5341,280.503,-58.063],"carpPosition":[-14.2627,317.79,87.294],"dipPosition":[-23.7013,293.376,-45.2823],"direction":[-0.160845,-0.598099,-0.785115],"extended":true,"handId":874,"id":8742,"length":66.1101,"mcpPosition":[-15.2345,330.345,19.6208],"pipPosition":[-19.1886,310.156,-23.255],"stabilizedTipPosition":[-36.2762,283.387,-34.7682],"timeVisible":1.12085,"tipPosition":[-25.8345,284.729,-55.837],"tipVelocity":[100.872,-48.8678,-88.0341],"tool":false,"touchDistance":0.333333,"touchZone":"hovering","type":2,"width":18.7431},{"bases":[[[0.902554,-0.426713,0.0575602],[0.409433,0.891906,0.192011],[-0.133272,-0.149733,0.979703]],[[0.898993,-0.430275,0.0816979],[0.349174,0.591559,-0.726729],[0.264364,0.681851,0.682049]],[[0.898993,-0.430275,0.0816979],[0.0150231,-0.156135,-0.987621],[0.437705,0.889092,-0.1339]],[[0.898993,-0.430275,0.0816979],[-0.162588,-0.501091,-0.849984],[0.406665,0.750847,-0.520435]]],"btipPosition":[-25.5177,255.776,8.37408],"carpPosition":[-2.64093,314.721,85.7344],"dipPosition":[-18.0212,269.617,-1.21966],"direction":[-0.437705,-0.889092,0.1339],"extended":false,"handId":874,"id":8743,"length":63.5667,"mcpPosition":[5.59554,323.975,25.1867],"pipPosition":[-6.05814,293.917,-4.87934],"stabilizedTipPosition":[-27.4283,259.318,7.11912],"timeVisible":1.12085,"tipPosition":[-23.7868,259.047,6.98551],"tipVelocity":[86.3831,7.84169,-79.7902],"tool":false,"touchDistance":0.333333,"touchZone":"none","type":3,"width":17.8352},{"bases":[[[0.800923,-0.582639,0.138041],[0.531436,0.797923,0.284421],[-0.275861,-0.154439,0.948709]],[[0.754386,-0.598527,0.269568],[0.656086,0.674158,-0.339208],[0.0212937,0.432754,0.901261]],[[0.754386,-0.598527,0.269568],[0.618997,0.51192,-0.595635],[0.218506,0.616201,0.756671]],[[0.754386,-0.598527,0.269568],[0.565694,0.384436,-0.72952],[0.333006,0.702833,0.628596]]],"btipPosition":[12.4372,274.685,-25.6986],"carpPosition":[7.27788,304.79,85.3099],"dipPosition":[18.1003,286.638,-15.0085],"direction":[-0.218507,-0.616201,-0.756671],"extended":true,"handId":874,"id":8744,"length":49.8351,"mcpPosition":[23.0598,313.626,31.0347],"pipPosition":[22.3169,298.529,-0.406899],"stabilizedTipPosition":[10.417,279.08,-17.595],"timeVisible":1.12085,"tipPosition":[15.1845,279.027,-24.0891],"tipVelocity":[30.494,-53.6319,-33.0009],"tool":false,"touchDistance":-0.379633,"touchZone":"hovering","type":4,"width":15.8426}],"r":[[0.879852,0.0650263,0.470777],[-0.0114753,0.993213,-0.115741],[-0.475109,0.096433,0.874627]],"s":1.00693,"t":[69.7645,83.029,-165.478],"timestamp":607180094416},false],[4,{"currentFrameRate":110.464,"devices":[],"gestures":[],"hands":[{"armBasis":[[0.877077,0.119516,-0.465244],[0.174936,0.822565,0.541096],[0.447363,-0.555971,0.700545]],"armWidth":62.8676,"confidence":0.816752,"direction":[0.0483547,0.314465,-0.948037],"elbow":[111.069,155.55,279.047],"grabStrength":0,"id":874,"palmNormal":[-0.192739,-0.928371,-0.317772],"palmPosition":[-13.7197,317.941,40.6847],"palmVelocity":[57.9677,14.4431,-114.284],"palmWidth":89.7729,"pinchStrength":0.964444,"r":[[0.877388,0.0677928,0.474967],[-0.0130825,0.992979,-0.117563],[-0.479603,0.0969344,0.872115]],"s":1.003,"sphereCenter":[-27.509,277.231,5.85075],"sphereRadius":54.2265,"stabilizedPalmPosition":[-34.9485,314.789,125.782],"t":[70.3078,83.1174,-166.498],"timeVisible":1.12972,"type":"right","wrist":[-8.10364,303.654,92.4301]}],"id":4449525,"interactionBox":{"center":[0,200,0],"size":[235.247,235.247,147.751]},"pointables":[{"bases":[[[0.5762,0.812011,0.0929063],[-0.72142,0.451877,0.524748],[0.384119,-0.369384,0.846173]],[[0.408453,0.889575,-0.204503],[-0.89406,0.435048,0.106728],[0.183911,0.139245,0.97303]],[[0.408453,0.889575,-0.204503],[-0.908122,0.373435,-0.189371],[-0.0920912,0.263063,0.960373]],[[0.408453,0.889575,-0.204503],[-0.856909,0.296524,-0.42164],[-0.31444,0.347461,0.883402]]],"btipPosition":[-36.5856,274.542,-7.9394],"carpPosition":[-37.8865,298.272,92.6869],"dipPosition":[-43.8462,282.565,12.4588],"direction":[0.0920912,-0.263063,-0.960373],"extended":false,"handId":874,"id":8740,"length":51.4192,"mcpPosition":[-37.8865,298.272,92.6869],"pipPosition":[-46.9441,291.414,44.7653],"stabilizedTipPosition":[-51.4537,271.122,20.9471],"timeVisible":1.12972,"tipPosition":[-38.9671,275.785,-3.28092],"tipVelocity":[89.4598,11.6559,-106.605],"tool":false,"touchDistance":-0.467361,"touchZone":"touching","type":0,"width":19.9791},{"bases":[[[0.974263,-0.142478,-0.174673],[0.173268,0.969019,0.176012],[0.144183,-0.201748,0.968767]],[[0.984354,-0.164576,-0.0629519],[0.172192,0.974261,0.145483],[0.0373885,-0.154047,0.987356]],[[0.984354,-0.164576,-0.0629519],[0.167829,0.984526,0.0504186],[0.0536801,-0.0601949,0.996742]],[[0.984354,-0.164576,-0.0629519],[0.163267,0.986254,-0.0254339],[0.0662723,0.014758,0.997692]]],"btipPosition":[-40.3066,340.286,-64.0742],"carpPosition":[-25.8589,317.925,88.6835],"dipPosition":[-39.1894,340.534,-47.2561],"direction":[-0.0536801,0.0601949,-0.996742],"extended":true,"handId":874,"id":8741,"length":58.0209,"mcpPosition":[-36.3245,332.569,18.3651],"pipPosition":[-37.9093,339.099,-23.4867],"stabilizedTipPosition":[-64.3921,330.237,-10.025],"timeVisible":1.12972,"tipPosition":[-39.6782,339.656,-60.2274],"tipVelocity":[106.066,-18.9389,-136.325],"tool":false,"touchDistance":-0.478953,"touchZone":"touching","type":1,"width":19.0841},{"bases":[[[0.940877,-0.331518,-0.0696123],[0.338608,0.926316,0.165174],[0.00972472,-0.17898,0.983805]],[[0.93024,-0.355946,0.0891913],[0.358164,0.827863,-0.431695],[0.0798222,0.433526,0.897599]],[[0.93024,-0.355946,0.0891913],[0.33136,0.710399,-0.620913],[0.15765,0.607153,0.778789]],[[0.93024,-0.355946,0.0891913],[0.305332,0.616006,-0.72616],[0.203532,0.702736,0.681716]]],"btipPosition":[-26.6051,279.598,-58.5781],"carpPosition":[-13.9431,317.958,86.3169],"dipPosition":[-22.8315,292.627,-45.9387],"direction":[-0.15765,-0.607153,-0.778789],"extended":true,"handId":874,"id":8742,"length":66.1101,"mcpPosition":[-14.6125,330.278,18.5969],"pipPosition":[-18.4085,309.661,-24.089],"stabilizedTipPosition":[-36.1081,283.374,-35.1018],"timeVisible":1.12972,"tipPosition":[-24.9296,283.879,-56.4175],"tipVelocity":[101.518,-62.2027,-80.9149],"tool":false,"touchDistance":0.333333,"touchZone":"hovering","type":2,"width":18.7431},{"bases":[[[0.903832,-0.423123,0.0636693],[0.405102,0.894086,0.191056],[-0.137766,-0.14689,0.979512]],[[0.900172,-0.426607,0.0877354],[0.350964,0.591224,-0.726139],[0.257905,0.684442,0.681927]],[[0.900172,-0.426607,0.0877354],[0.0208872,-0.158926,-0.98707],[0.435034,0.890365,-0.13415]],[[0.900172,-0.426607,0.0877354],[-0.157898,-0.507395,-0.847124],[0.405905,0.748704,-0.524103]]],"btipPosition":[-24.5293,255.697,7.559],"carpPosition":[-2.302,314.927,84.8277],"dipPosition":[-17.0468,269.499,-2.10235],"direction":[-0.435034,-0.890365,0.13415],"extended":false,"handId":874,"id":8743,"length":63.5667,"mcpPosition":[6.21223,324.005,24.2918],"pipPosition":[-5.15672,293.834,-5.76887],"stabilizedTipPosition":[-26.9565,259.272,6.93711],"timeVisible":1.12972,"tipPosition":[-22.8161,258.938,6.12748],"tipVelocity":[93.0924,3.02389,-83.5605],"tool":false,"touchDistance":0.333333,"touchZone":"none","type":3,"width":17.8352},{"bases":[[[0.802371,-0.579154,0.14416],[0.526976,0.800877,0.284415],[-0.280175,-0.152238,0.947801]],[[0.754216,-0.594944,0.277848],[0.656045,0.664955,-0.356987],[0.0276311,0.451526,0.89183]],[[0.754216,-0.594944,0.277848],[0.610037,0.478334,-0.631705],[0.242926,0.64594,0.723705]],[[0.754216,-0.594944,0.277848],[0.546225,0.333633,-0.768328],[0.364413,0.731253,0.576604]]],"btipPosition":[11.8356,273.089,-24.6189],"carpPosition":[7.65591,305.033,84.4883],"dipPosition":[18.0329,285.525,-14.813],"direction":[-0.242926,-0.64594,-0.723705],"extended":true,"handId":874,"id":8744,"length":49.8351,"mcpPosition":[23.6846,313.742,30.265],"pipPosition":[22.7206,297.99,-0.847529],"stabilizedTipPosition":[10.5944,278.885,-17.8924],"timeVisible":1.12972,"tipPosition":[14.8342,277.644,-23.4252],"tipVelocity":[7.58771,-84.4949,2.74268],"tool":false,"touchDistance":-0.356858,"touchZone":"hovering","type":4,"width":15.8426}],"r":[[0.877388,0.0677928,0.474967],[-0.0130825,0.992979,-0.117563],[-0.479603,0.0969344,0.872115]],"s":1.003,"t":[70.3078,83.1174,-166.498],"timestamp":607180103281},false],[5,{"currentFrameRate":110.397,"devices":[],"gestures":[],"hands":[{"armBasis":[[0.879641,0.121547,-0.459846],[0.16983,0.822807,0.542353],[0.444286,-0.555172,0.703132]],"armWidth":62.8676,"confidence":0.787671,"direction":[0.0528855,0.311679,-0.948715],"elbow":[110.597,156.117,278.688],"grabStrength":0,"id":874,"palmNormal":[-0.188961,-0.929757,-0.315984],"palmPosition":[-13.1178,318.125,39.5626],"palmVelocity":[60.0949,16.005,-116.509],"palmWidth":89.7729,"pinchStrength":0.958126,"r":[[0.87484,0.0706831,0.479227],[-0.0146648,0.992708,-0.119648],[-0.484189,0.0976448,0.869498]],"s":0.999133,"sphereCenter":[-25.8895,277.27,4.82441],"sphereRadius":53.9505,"stabilizedPalmPosition":[-34.9252,314.793,125.69],"t":[70.8805,83.2535,-167.57],"timeVisible":1.1389,"type":"right","wrist":[-7.7554,304.008,91.3816]}],"id":4449526,"interactionBox":{"center":[0,200,0],"size":[235.247,235.247,147.751]},"pointables":[{"bases":[[[0.573906,0.813556,0.0935865],[-0.725282,0.451888,0.519388],[0.380261,-0.365957,0.849398]],[[0.40848,0.889746,-0.203705],[-0.89386,0.435119,0.108103],[0.184821,0.137926,0.973046]],[[0.40848,0.889746,-0.203705],[-0.9077,0.372484,-0.193228],[-0.0960471,0.263833,0.959774]],[[0.40848,0.889746,-0.203705],[-0.851061,0.290597,-0.437319],[-0.329907,0.352002,0.875932]]],"btipPosition":[-35.7811,274.765,-8.94328],"carpPosition":[-37.5274,298.561,91.4912],"dipPosition":[-43.3988,282.893,11.2825],"direction":[0.0960471,-0.263833,-0.959774],"extended":false,"handId":874,"id":8740,"length":51.4192,"mcpPosition":[-37.5274,298.561,91.4912],"pipPosition":[-46.6298,291.768,43.5688],"stabilizedTipPosition":[-50.9333,271.328,20.0036],"timeVisible":1.1389,"tipPosition":[-38.0998,276.003,-4.34567],"tipVelocity":[86.4581,15.9388,-108.586],"tool":false,"touchDistance":-0.464611,"touchZone":"touching","type":0,"width":19.9791},{"bases":[[[0.975519,-0.140868,-0.168877],[0.170182,0.96993,0.173995],[0.139289,-0.198476,0.970158]],[[0.985035,-0.162559,-0.057269],[0.169288,0.974927,0.144428],[0.0323549,-0.151962,0.987857]],[[0.985035,-0.162559,-0.057269],[0.165383,0.985031,0.0485964],[0.048512,-0.0573405,0.997175]],[[0.985035,-0.162559,-0.057269],[0.161184,0.98653,-0.0278838],[0.0610303,0.0182357,0.997969]]],"btipPosition":[-39.1883,340.137,-65.4011],"carpPosition":[-25.5209,318.229,87.4938],"dipPosition":[-38.1595,340.444,-48.5783],"direction":[-0.048512,0.0573405,-0.997175],"extended":true,"handId":874,"id":8741,"length":58.0209,"mcpPosition":[-35.6312,332.635,17.0744],"pipPosition":[-37.0027,339.077,-24.7985],"stabilizedTipPosition":[-63.7805,330.477,-11.2633],"timeVisible":1.1389,"tipPosition":[-38.5865,339.525,-61.5512],"tipVelocity":[109.851,-17.7741,-138.594],"tool":false,"touchDistance":-0.479278,"touchZone":"touching","type":1,"width":19.0841},{"bases":[[[0.941967,-0.329659,-0.0634239],[0.335672,0.927558,0.164197],[0.00470036,-0.175958,0.984386]],[[0.930565,-0.353581,0.0950247],[0.358167,0.825313,-0.436548],[0.0759298,0.440271,0.894649]],[[0.930565,-0.353581,0.0950247],[0.332092,0.705858,-0.625683],[0.154156,0.613795,0.774268]],[[0.930565,-0.353581,0.0950247],[0.306497,0.610343,-0.730438],[0.200272,0.708845,0.676336]]],"btipPosition":[-25.5649,279.092,-59.3755],"carpPosition":[-13.5923,318.28,85.1926],"dipPosition":[-21.8518,292.234,-46.8358],"direction":[-0.154156,-0.613796,-0.774268],"extended":true,"handId":874,"id":8742,"length":66.1101,"mcpPosition":[-13.9159,330.392,17.4326],"pipPosition":[-17.5268,309.455,-25.113],"stabilizedTipPosition":[-35.864,283.347,-35.5599],"timeVisible":1.1389,"tipPosition":[-23.9218,283.387,-57.2466],"tipVelocity":[104.395,-59.4325,-83.2789],"tool":false,"touchDistance":0.333333,"touchZone":"hovering","type":2,"width":18.7431},{"bases":[[[0.90439,-0.420938,0.0699317],[0.402092,0.895553,0.190543],[-0.142834,-0.144206,0.979185]],[[0.900614,-0.424349,0.0939282],[0.353894,0.59055,-0.725265],[0.252296,0.686425,0.682032]],[[0.900614,-0.424349,0.0939282],[0.0268341,-0.161412,-0.986522],[0.433791,0.890996,-0.133983]],[[0.900614,-0.424349,0.0939282],[-0.153572,-0.512884,-0.84461],[0.406584,0.746243,-0.527078]]],"btipPosition":[-23.582,255.815,6.57391],"carpPosition":[-1.93662,315.271,83.7767],"dipPosition":[-16.087,269.572,-3.14229],"direction":[-0.433791,-0.890996,0.133983],"extended":false,"handId":874,"id":8743,"length":63.5667,"mcpPosition":[6.89083,324.183,23.2611],"pipPosition":[-4.23087,293.924,-6.80424],"stabilizedTipPosition":[-26.4246,259.242,6.66605],"timeVisible":1.1389,"tipPosition":[-21.879,259.027,5.10397],"tipVelocity":[96.0064,5.46432,-90.5804],"tool":false,"touchDistance":0.333333,"touchZone":"none","type":3,"width":17.8352},{"bases":[[[0.802827,-0.576946,0.150341],[0.523653,0.802898,0.284855],[-0.285054,-0.149963,0.946708]],[[0.752645,-0.592652,0.286861],[0.657767,0.657278,-0.36787],[0.0294709,0.465563,0.884524]],[[0.752645,-0.592652,0.286861],[0.605229,0.451161,-0.65586],[0.259276,0.667246,0.698254]],[[0.752645,-0.592652,0.286861],[0.533174,0.292953,-0.793665],[0.38633,0.750295,0.536476]]],"btipPosition":[11.751,272.099,-24.0938],"carpPosition":[8.04457,305.397,83.5224],"dipPosition":[18.321,284.859,-14.9704],"direction":[-0.259276,-0.667246,-0.698254],"extended":true,"handId":874,"id":8744,"length":49.8351,"mcpPosition":[24.3524,313.976,29.3617],"pipPosition":[23.3243,297.735,-1.49602],"stabilizedTipPosition":[10.8083,278.576,-18.2215],"timeVisible":1.1389,"tipPosition":[14.8197,276.696,-23.1657],"tipVelocity":[5.50368,-88.7624,13.1739],"tool":false,"touchDistance":-0.343984,"touchZone":"hovering","type":4,"width":15.8426}],"r":[[0.87484,0.0706831,0.479227],[-0.0146648,0.992708,-0.119648],[-0.484189,0.0976448,0.869498]],"s":0.999133,"t":[70.8805,83.2535,-167.57],"timestamp":607180112459},false],[6,{"currentFrameRate":110.479,"devices":[],"gestures":[],"hands":[{"armBasis":[[0.881272,0.123268,-0.456251],[0.166053,0.823076,0.543114],[0.442478,-0.554393,0.704884]],"armWidth":62.8676,"confidence":0.789345,"direction":[0.0575138,0.312489,-0.948179],"elbow":[110.368,156.415,278.365],"grabStrength":0,"id":874,"palmNormal":[-0.186154,-0.929737,-0.317703],"palmPosition":[-12.6091,318.249,38.7565],"palmVelocity":[59.2867,15.4556,-109.438],"palmWidth":89.7729,"pinchStrength":0.951675,"r":[[0.872254,0.0731352,0.483554],[-0.0160377,0.992501,-0.121182],[-0.48879,0.0979461,0.866886]],"s":0.994375,"sphereCenter":[-24.5788,277.69,4.01995],"sphereRadius":53.4543,"stabilizedPalmPosition":[-34.8986,314.797,125.587],"t":[71.4211,83.3839,-168.509],"timeVisible":1.1478,"type":"right","wrist":[-7.50317,304.099,90.5921]}],"id":4449527,"interactionBox":{"center":[0,200,0],"size":[235.247,235.247,147.751]},"pointables":[{"bases":[[[0.57241,0.81418,0.0972509],[-0.728565,0.450596,0.515903],[0.376217,-0.366162,0.851109]],[[0.409284,0.890305,-0.199606],[-0.893316,0.435532,0.1109],[0.18567,0.132922,0.97358]],[[0.409284,0.890305,-0.199606],[-0.906975,0.373157,-0.195318],[-0.0994084,0.260979,0.960212]],[[0.409284,0.890305,-0.199606],[-0.845174,0.287519,-0.450572],[-0.343756,0.353114,0.870139]]],"btipPosition":[-35.1313,275.136,-9.80162],"carpPosition":[-37.2686,298.615,90.5402],"dipPosition":[-43.0688,283.29,10.2904],"direction":[0.0994084,-0.260979,-0.960212],"extended":false,"handId":874,"id":8740,"length":51.4192,"mcpPosition":[-37.2686,298.615,90.5402],"pipPosition":[-46.4129,292.069,42.5915],"stabilizedTipPosition":[-50.4231,271.536,19.0842],"timeVisible":1.1478,"tipPosition":[-37.3918,276.354,-5.25386],"tipVelocity":[80.5389,23.1128,-106.207],"tool":false,"touchDistance":-0.45982,"touchZone":"touching","type":0,"width":19.9791},{"bases":[[[0.976568,-0.139547,-0.163833],[0.168076,0.969999,0.175648],[0.134406,-0.199069,0.970725]],[[0.985517,-0.161272,-0.0524254],[0.167361,0.974819,0.14737],[0.0273386,-0.15401,0.987691]],[[0.985517,-0.161272,-0.0524254],[0.163918,0.985163,0.050836],[0.0434492,-0.0586932,0.99733]],[[0.985517,-0.161272,-0.0524254],[0.160077,0.986755,-0.0262577],[0.0559657,0.0174853,0.99828]]],"btipPosition":[-38.1595,340.383,-66.3164],"carpPosition":[-25.2652,318.301,86.6216],"dipPosition":[-37.2161,340.678,-49.4883],"direction":[-0.0434492,0.0586932,-0.99733],"extended":true,"handId":874,"id":8741,"length":58.0209,"mcpPosition":[-35.0212,332.75,16.1611],"pipPosition":[-36.18,339.278,-25.7049],"stabilizedTipPosition":[-63.1071,330.737,-12.5972],"timeVisible":1.1478,"tipPosition":[-37.5879,339.768,-62.4665],"tipVelocity":[110.796,-5.4928,-128.812],"tool":false,"touchDistance":-0.473394,"touchZone":"touching","type":1,"width":19.0841},{"bases":[[[0.942691,-0.328462,-0.0587053],[0.333667,0.927836,0.166691],[-0.000282842,-0.176726,0.98426]],[[0.930736,-0.352316,0.0980001],[0.357827,0.822126,-0.442797],[0.0754362,0.447195,0.89125]],[[0.930736,-0.352316,0.0980001],[0.331529,0.699823,-0.632721],[0.154335,0.621386,0.768153]],[[0.930736,-0.352316,0.0980001],[0.305745,0.60268,-0.737086],[0.200625,0.715996,0.668655]]],"btipPosition":[-24.9424,278.558,-59.7004],"carpPosition":[-13.3248,318.368,84.3835],"dipPosition":[-21.2227,291.833,-47.3031],"direction":[-0.154335,-0.621386,-0.768153],"extended":true,"handId":874,"id":8742,"length":66.1101,"mcpPosition":[-13.3053,330.533,16.6322],"pipPosition":[-16.8927,309.267,-25.7518],"stabilizedTipPosition":[-35.5574,283.302,-36.1141],"timeVisible":1.1478,"tipPosition":[-23.2533,282.947,-57.6652],"tipVelocity":[95.055,-58.6414,-71.5447],"tool":false,"touchDistance":0.333333,"touchZone":"hovering","type":2,"width":18.7431},{"bases":[[[0.904521,-0.419892,0.0743788],[0.399986,0.895892,0.193362],[-0.147827,-0.14515,0.978304]],[[0.900632,-0.423319,0.0983007],[0.357191,0.592217,-0.722284],[0.247541,0.685624,0.684575]],[[0.900632,-0.423319,0.0983007],[0.0323848,-0.160192,-0.986555],[0.433374,0.891706,-0.130565]],[[0.900632,-0.423319,0.0983007],[-0.149736,-0.514617,-0.844245],[0.407972,0.745635,-0.526866]]],"btipPosition":[-22.7995,256.004,5.66899],"carpPosition":[-1.65808,315.374,83.0268],"dipPosition":[-15.2789,269.749,-4.0433],"direction":[-0.433374,-0.891706,0.130565],"extended":false,"handId":874,"id":8743,"length":63.5667,"mcpPosition":[7.47792,324.345,22.5656],"pipPosition":[-3.43417,294.121,-7.61182],"stabilizedTipPosition":[-25.8983,259.234,6.34855],"timeVisible":1.1478,"tipPosition":[-21.1018,259.195,4.17719],"tipVelocity":[93.9725,9.6688,-93.5567],"tool":false,"touchDistance":0.333333,"touchZone":"none","type":3,"width":17.8352},{"bases":[[[0.802726,-0.576086,0.154129],[0.521161,0.80331,0.288243],[-0.289866,-0.151054,0.945072]],[[0.750548,-0.592167,0.293285],[0.659596,0.644384,-0.386915],[0.0401301,0.483847,0.874232]],[[0.750548,-0.592167,0.293285],[0.592782,0.40719,-0.694842],[0.29204,0.695366,0.656642]],[[0.750548,-0.592167,0.293285],[0.50539,0.228444,-0.832102],[0.425744,0.772756,0.470734]]],"btipPosition":[10.6436,270.715,-22.425],"carpPosition":[8.33637,305.513,82.8175],"dipPosition":[17.8839,283.856,-14.4196],"direction":[-0.29204,-0.695367,-0.656642],"extended":false,"handId":874,"id":8744,"length":49.8351,"mcpPosition":[24.9195,314.155,28.7504],"pipPosition":[23.5195,297.275,-1.74828],"stabilizedTipPosition":[10.9469,278.129,-18.4396],"timeVisible":1.1478,"tipPosition":[14.0419,275.514,-22.0004],"tipVelocity":[-25.1207,-104.226,52.7258],"tool":false,"touchDistance":-0.316744,"touchZone":"touching","type":4,"width":15.8426}],"r":[[0.872254,0.0731352,0.483554],[-