{"sensorType":"Leap","data":[[0,{"currentFrameRate":110.568,"devices":[],"gestures":[],"hands":[{"armBasis":[[0.721308,-0.238982,-0.650079],[0.530944,0.793501,0.297413],[0.444762,-0.559681,0.699245]],"armWidth":62.8676,"confidence":0.87942,"direction":[0.0408775,0.324184,-0.94511],"elbow":[112.607,159.824,279.6],"grabStrength":0,"id":877,"palmNormal":[-0.531032,-0.794198,-0.295388],"palmPosition":[-12.3235,326.669,42.7681],"palmVelocity":[0.469228,-5.76964,-85.0126],"palmWidth":89.7729,"pinchStrength":1,"r":[[0.826179,-0.203291,0.525453],[0.364072,0.904394,-0.222539],[-0.429976,0.37516,0.821204]],"s":0.81824,"sphereCenter":[-36.2752,298.367,12.329],"sphereRadius":43.2649,"stabilizedPalmPosition":[-30.3236,312.364,121.846],"t":[120.488,113.351,-188.376],"timeVisible":0.822537,"type":"right","wrist":[-5.87264,308.917,93.3298]}],"id":4452352,"interactionBox":{"center":[0,200,0],"size":[235.247,235.247,147.751]},"pointables":[{"bases":[[[0.823521,0.566795,0.0235711],[-0.459617,0.64229,0.613364],[0.332513,-0.515952,0.789448]],[[0.669502,0.704359,-0.235893],[-0.68473,0.708309,0.171588],[0.287945,0.0466446,0.95651]],[[0.669502,0.704359,-0.235893],[-0.741923,0.618563,-0.258711],[-0.0363107,0.348221,0.936709]],[[0.669502,0.704359,-0.235893],[-0.704062,0.500499,-0.503783],[-0.23678,0.503367,0.830997]]],"btipPosition":[-42.9669,288.182,-0.504475],"carpPosition":[-35.4746,313.816,97.3022],"dipPosition":[-48.4343,299.805,18.6837],"direction":[0.0363107,-0.348221,-0.936709],"extended":false,"handId":877,"id":8770,"length":51.4192,"mcpPosition":[-35.4746,313.816,97.3022],"pipPosition":[-49.6558,311.519,50.1941],"stabilizedTipPosition":[-69.1767,283.461,76.2501],"timeVisible":0.822537,"tipPosition":[-43.9284,290.146,4.06896],"tipVelocity":[-7.51125,6.59483,-89.969],"tool":false,"touchDistance":-0.441496,"touchZone":"touching","type":0,"width":19.9791},{"bases":[[[0.841213,-0.452231,-0.29639],[0.510055,0.845619,0.157391],[0.179456,-0.283575,0.942009]],[[0.859069,-0.49168,-0.142308],[0.492463,0.86974,-0.03214],[0.139574,-0.0424712,0.9893]],[[0.859069,-0.49168,-0.142308],[0.477314,0.869913,-0.124188],[0.184857,0.0387602,0.982001]],[[0.859069,-0.49168,-0.142308],[0.463176,0.865053,-0.192744],[0.217873,0.0996662,0.970875]]],"btipPosition":[-45.0866,348.249,-58.183],"carpPosition":[-18.0635,328.47,91.9113],"dipPosition":[-41.414,349.929,-41.8169],"direction":[-0.184857,-0.0387602,-0.982001],"extended":true,"handId":877,"id":8771,"length":58.0209,"mcpPosition":[-31.0895,349.053,23.5351],"pipPosition":[-37.0057,350.854,-18.3991],"stabilizedTipPosition":[-80.7201,340.372,39.8263],"timeVisible":0.822537,"tipPosition":[-44.7105,347.391,-54.2432],"tipVelocity":[29.1768,13.0348,-94.8645],"tool":false,"touchDistance":-0.461901,"touchZone":"touching","type":1,"width":19.0841},{"bases":[[[0.758364,-0.623873,-0.188856],[0.648745,0.750559,0.12566],[0.0633518,-0.217816,0.973932]],[[0.759632,-0.628768,-0.166163],[0.352569,0.612837,-0.707196],[0.546493,0.478625,0.687215]],[[0.759632,-0.628768,-0.166163],[-0.447489,-0.319934,-0.835102],[0.471924,0.708726,-0.524399]],[[0.759632,-0.628768,-0.166163],[-0.64887,-0.715501,-0.258895],[0.0438952,0.304483,-0.951506]]],"btipPosition":[-51.6053,291.323,20.699],"carpPosition":[-7.20157,324.62,88.0662],"dipPosition":[-50.7915,296.968,3.05744],"direction":[-0.471924,-0.708726,0.524399],"extended":false,"handId":877,"id":8772,"length":66.1101,"mcpPosition":[-11.5624,339.614,21.0258],"pipPosition":[-37.5512,316.852,-11.6551],"stabilizedTipPosition":[-78.0373,273.704,112.318],"timeVisible":0.822537,"tipPosition":[-51.6165,292.187,17.3685],"tipVelocity":[10.3338,1.02847,-91.5952],"tool":false,"touchDistance":0.333333,"touchZone":"none","type":2,"width":18.7431},{"bases":[[[0.708344,-0.703919,-0.0524074],[0.702958,0.696742,0.142829],[-0.0640256,-0.138012,0.988359]],[[0.709748,-0.700165,-0.0776344],[0.486343,0.566739,-0.665039],[0.509636,0.434253,0.742762]],[[0.709748,-0.700165,-0.0776344],[-0.36773,-0.274238,-0.888576],[0.60086,0.659214,-0.452111]],[[0.709748,-0.700165,-0.0776344],[-0.678839,-0.650325,-0.340961],[0.188241,0.294698,-0.936866]]],"btipPosition":[-35.931,283.876,20.9137],"carpPosition":[2.47028,317.939,85.1116],"dipPosition":[-32.4609,289.308,3.64344],"direction":[-0.60086,-0.659214,0.452111],"extended":false,"handId":877,"id":8773,"length":63.5667,"mcpPosition":[6.42719,326.468,24.029],"pipPosition":[-16.0385,307.325,-8.71342],"stabilizedTipPosition":[-62.335,267.264,109.625],"timeVisible":0.822537,"tipPosition":[-35.386,284.786,17.5515],"tipVelocity":[12.0156,0.203384,-83.1233],"tool":false,"touchDistance":0.333333,"touchZone":"none","type":3,"width":17.8352},{"bases":[[[0.570221,-0.820543,0.0394624],[0.796137,0.563827,0.219693],[-0.202518,-0.0938563,0.974771]],[[0.583096,-0.811869,-0.0294552],[0.602862,0.456719,-0.65419],[0.544569,0.363698,0.755757]],[[0.583096,-0.811869,-0.0294552],[-0.363337,-0.228183,-0.903282],[0.726626,0.537403,-0.428035]],[[0.583096,-0.811869,-0.0294552],[-0.753479,-0.526892,-0.393261],[0.303757,0.251503,-0.918955]]],"btipPosition":[-18.2163,283.342,25.2332],"carpPosition":[8.38329,305.308,83.4771],"dipPosition":[-13.0505,287.619,9.60526],"direction":[-0.726626,-0.537403,0.428035],"extended":false,"handId":877,"id":8774,"length":49.8351,"mcpPosition":[19.9692,310.677,27.7109],"pipPosition":[0.971276,297.989,1.3454],"stabilizedTipPosition":[-40.7367,270.233,103.472],"timeVisible":0.822537,"tipPosition":[-17.2421,284.079,22.3596],"tipVelocity":[8.72272,-4.02745,-81.717],"tool":false,"touchDistance":0.333333,"touchZone":"none","type":4,"width":15.8426}],"r":[[0.826179,-0.203291,0.525453],[0.364072,0.904394,-0.222539],[-0.429976,0.37516,0.821204]],"s":0.81824,"t":[120.488,113.351,-188.376],"timestamp":607206486622},false],[1,{"currentFrameRate":110.607,"devices":[],"gestures":[],"hands":[{"armBasis":[[0.723408,-0.237829,-0.648165],[0.529183,0.793974,0.299284],[0.443448,-0.559503,0.700222]],"armWidth":62.8676,"confidence":0.873664,"direction":[0.0414257,0.325467,-0.944646],"elbow":[112.233,159.781,279.304],"grabStrength":0,"id":877,"palmNormal":[-0.529284,-0.794752,-0.297033],"palmPosition":[-12.3181,326.631,42.2263],"palmVelocity":[0.504911,-5.3477,-78.2692],"palmWidth":89.7729,"pinchStrength":1,"r":[[0.825331,-0.202824,0.526965],[0.364195,0.904401,-0.222306],[-0.431499,0.375394,0.820298]],"s":0.819455,"sphereCenter":[-36.1053,298.286,11.6927],"sphereRadius":43.2868,"stabilizedPalmPosition":[-30.3236,312.364,121.846],"t":[120.5,113.288,-188.982],"timeVisible":0.831509,"type":"right","wrist":[-5.89589,308.826,92.7729]}],"id":4452353,"interactionBox":{"center":[0,200,0],"size":[235.247,235.247,147.751]},"pointables":[{"bases":[[[0.822494,0.568212,0.0252732],[-0.461473,0.640694,0.61364],[0.332485,-0.516378,0.789181]],[[0.668911,0.705645,-0.233716],[-0.685578,0.707163,0.172926],[0.2873,0.0445587,0.956804]],[[0.668911,0.705645,-0.233716],[-0.742504,0.61934,-0.255158],[-0.0353011,0.344213,0.938228]],[[0.668911,0.705645,-0.233716],[-0.704912,0.502373,-0.500721],[-0.235918,0.499687,0.83346]]],"btipPosition":[-43.0256,288.356,-1.21267],"carpPosition":[-35.5111,313.667,96.7164],"dipPosition":[-48.473,299.894,18.0324],"direction":[0.0353011,-0.344213,-0.938228],"extended":false,"handId":877,"id":8770,"length":51.4192,"mcpPosition":[-35.5111,313.667,96.7164],"pipPosition":[-49.6606,311.473,49.5939],"stabilizedTipPosition":[-69.1765,283.461,76.2496],"timeVisible":0.831509,"tipPosition":[-43.9413,290.282,3.38889],"tipVelocity":[-7.10381,9.50383,-86.5479],"tool":false,"touchDistance":-0.436107,"touchZone":"touching","type":0,"width":19.9791},{"bases":[[[0.842358,-0.450371,-0.295971],[0.508379,0.846313,0.159078],[0.17884,-0.284466,0.941858]],[[0.860096,-0.489963,-0.142026],[0.491297,0.870543,-0.0279613],[0.13734,-0.0457274,0.989468]],[[0.860096,-0.489963,-0.142026],[0.476158,0.870976,-0.121134],[0.183052,0.0365605,0.982423]],[[0.860096,-0.489963,-0.142026],[0.461955,0.86618,-0.190602],[0.216408,0.0983268,0.971339]]],"btipPosition":[-44.9354,348.416,-58.7434],"carpPosition":[-18.1195,328.359,91.3649],"dipPosition":[-41.2874,350.074,-42.3695],"direction":[-0.183052,-0.0365605,-0.982423],"extended":true,"handId":877,"id":8771,"length":58.0209,"mcpPosition":[-31.1007,349.007,22.9997],"pipPosition":[-36.9222,350.945,-18.9416],"stabilizedTipPosition":[-80.6988,340.377,39.771],"timeVisible":0.831509,"tipPosition":[-44.561,347.571,-54.8099],"tipVelocity":[25.6285,14.3951,-85.9354],"tool":false,"touchDistance":-0.452423,"touchZone":"touching","type":1,"width":19.0841},{"bases":[[[0.759684,-0.622295,-0.188754],[0.647274,0.751537,0.12739],[0.0625819,-0.218952,0.973727]],[[0.760935,-0.627223,-0.166041],[0.352947,0.614881,-0.70523],[0.544432,0.478031,0.689261]],[[0.760935,-0.627223,-0.166041],[-0.446438,-0.320441,-0.835471],[0.47082,0.709866,-0.52385]],[[0.760935,-0.627223,-0.166041],[-0.647418,-0.717138,-0.257997],[0.042747,0.303817,-0.951771]]],"btipPosition":[-51.4467,291.323,20.0669],"carpPosition":[-7.24623,324.533,87.5277],"dipPosition":[-50.6542,296.956,2.42043],"direction":[-0.47082,-0.709866,0.52385],"extended":false,"handId":877,"id":8772,"length":66.1101,"mcpPosition":[-11.554,339.605,20.5015],"pipPosition":[-37.4448,316.872,-12.2767],"stabilizedTipPosition":[-78.0372,273.704,112.317],"timeVisible":0.831509,"tipPosition":[-51.4758,292.175,16.7028],"tipVelocity":[12.1956,0.655817,-85.8397],"tool":false,"touchDistance":0.333333,"touchZone":"none","type":2,"width":18.7431},{"bases":[[[0.709643,-0.702605,-0.0524677],[0.701561,0.697794,0.144554],[-0.0649527,-0.139391,0.988105]],[[0.711081,-0.698782,-0.0778981],[0.486597,0.569057,-0.662871],[0.50753,0.43345,0.744671]],[[0.711081,-0.698782,-0.0778981],[-0.367169,-0.27456,-0.888709],[0.599626,0.660546,-0.451806]],[[0.711081,-0.698782,-0.0778981],[-0.677936,-0.652019,-0.33952],[0.18646,0.294236,-0.937368]]],"btipPosition":[-35.7437,283.902,20.3107],"carpPosition":[2.44086,317.872,84.5761],"dipPosition":[-32.3065,289.326,3.03116],"direction":[-0.599626,-0.660546,0.451806],"extended":false,"handId":877,"id":8773,"length":63.5667,"mcpPosition":[6.45507,326.487,23.5092],"pipPosition":[-15.9179,307.38,-9.31734],"stabilizedTipPosition":[-62.3349,267.264,109.625],"timeVisible":0.831509,"tipPosition":[-35.2212,284.799,16.9105],"tipVelocity":[14.2096,0.899739,-78.8312],"tool":false,"touchDistance":0.333333,"touchZone":"none","type":3,"width":17.8352},{"bases":[[[0.571618,-0.819588,0.0390888],[0.794883,0.564944,0.221359],[-0.203506,-0.0954616,0.974409]],[[0.584838,-0.810539,-0.0314782],[0.602691,0.460184,-0.651915],[0.542889,0.362293,0.757638]],[[0.584838,-0.810539,-0.0314782],[-0.363796,-0.227414,-0.903292],[0.724995,0.539731,-0.427871]],[[0.584838,-0.810539,-0.0314782],[-0.75334,-0.52836,-0.391555],[0.300739,0.25271,-0.919616]]],"btipPosition":[-18.0236,283.363,24.6517],"carpPosition":[8.37802,305.254,82.9324],"dipPosition":[-12.9092,287.661,9.01252],"direction":[-0.724995,-0.539731,0.427871],"extended":false,"handId":877,"id":8774,"length":49.8351,"mcpPosition":[20.0205,310.715,27.1869],"pipPosition":[1.08118,298.076,0.755818],"stabilizedTipPosition":[-40.7367,270.233,103.471],"timeVisible":0.831509,"tipPosition":[-17.0808,284.098,21.7363],"tipVelocity":[11.8556,-2.1161,-77.1662],"tool":false,"touchDistance":0.333333,"touchZone":"none","type":4,"width":15.8426}],"r":[[0.825331,-0.202824,0.526965],[0.364195,0.904401,-0.222306],[-0.431499,0.375394,0.820298]],"s":0.819455,"t":[120.5,113.288,-188.982],"timestamp":607206495594},false],[2,{"currentFrameRate":110.544,"devices":[],"gestures":[],"hands":[{"armBasis":[[0.72494,-0.236848,-0.646811],[0.527572,0.794658,0.300311],[0.442865,-0.558947,0.701034]],"armWidth":62.8676,"confidence":0.875557,"direction":[0.0418142,0.326928,-0.944124],"elbow":[112.075,159.843,279.071],"grabStrength":0,"id":877,"palmNormal":[-0.527643,-0.795206,-0.29873],"palmPosition":[-12.3015,326.609,41.797],"palmVelocity":[0.870661,-4.53652,-69.5233],"palmWidth":89.7729,"pinchStrength":1,"r":[[0.824613,-0.202326,0.528278],[0.364032,0.904596,-0.221781],[-0.433006,0.375193,0.819595]],"s":0.820559,"sphereCenter":[-35.8833,298.183,11.1576],"sphereRadius":43.3173,"stabilizedPalmPosition":[-30.3236,312.364,121.846],"t":[120.515,113.246,-189.499],"timeVisible":0.840666,"type":"right","wrist":[-5.8994,308.74,92.3237]}],"id":4452354,"interactionBox":{"center":[0,200,0],"size":[235.247,235.247,147.751]},"pointables":[{"bases":[[[0.821506,0.569564,0.0269292],[-0.463166,0.639008,0.614122],[0.332574,-0.516978,0.788752]],[[0.668381,0.706893,-0.23145],[-0.68616,0.706083,0.175021],[0.287144,0.0418312,0.956974]],[[0.668381,0.706893,-0.23145],[-0.743058,0.620475,-0.250751],[-0.0336445,0.339578,0.939976]],[[0.668381,0.706893,-0.23145],[-0.706231,0.505435,-0.495756],[-0.233463,0.494811,0.837053]]],"btipPosition":[-43.1459,288.617,-1.83437],"carpPosition":[-35.5266,313.526,96.2448],"dipPosition":[-48.5367,300.042,17.4936],"direction":[0.0336445,-0.339578,-0.939976],"extended":false,"handId":877,"id":8770,"length":51.4192,"mcpPosition":[-35.5266,313.526,96.2448],"pipPosition":[-49.6684,311.465,49.114],"stabilizedTipPosition":[-69.1763,283.461,76.2492],"timeVisible":0.840666,"tipPosition":[-43.9953,290.49,2.80552],"tipVelocity":[-8.38838,14.0121,-80.7696],"tool":false,"touchDistance":-0.429869,"touchZone":"touching","type":0,"width":19.9791},{"bases":[[[0.843413,-0.44851,-0.295794],[0.506788,0.846935,0.16083],[0.178384,-0.285551,0.941616]],[[0.861065,-0.488303,-0.141867],[0.490208,0.871285,-0.0236136],[0.135137,-0.0492114,0.989604]],[[0.861065,-0.488303,-0.141867],[0.475104,0.87201,-0.117789],[0.181226,0.0340227,0.982853]],[[0.861065,-0.488303,-0.141867],[0.460859,0.867314,-0.188084],[0.214885,0.0965718,0.971853]]],"btipPosition":[-44.7749,348.628,-59.1831],"carpPosition":[-18.1546,328.255,90.9323],"dipPosition":[-41.1526,350.256,-42.8005],"direction":[-0.181226,-0.0340227,-0.982853],"extended":true,"handId":877,"id":8771,"length":58.0209,"mcpPosition":[-31.1027,348.981,22.5847],"pipPosition":[-36.8309,351.067,-19.3624],"stabilizedTipPosition":[-80.678,340.381,39.7172],"timeVisible":0.840666,"tipPosition":[-44.407,347.795,-55.2548],"tipVelocity":[23.1927,16.628,-75.3104],"tool":false,"touchDistance":-0.44208,"touchZone":"touching","type":1,"width":19.0841},{"bases":[[[0.760923,-0.620732,-0.188913],[0.645875,0.752442,0.129141],[0.0619841,-0.22028,0.973465]],[[0.762161,-0.625695,-0.166184],[0.35315,0.616969,-0.703303],[0.542583,0.477342,0.691193]],[[0.762161,-0.625695,-0.166184],[-0.445502,-0.320657,-0.835887],[0.469722,0.711115,-0.52314]],[[0.762161,-0.625695,-0.166184],[-0.646046,-0.718577,-0.257433],[0.041659,0.303568,-0.951899]]],"btipPosition":[-51.2916,291.336,19.548],"carpPosition":[-7.27108,324.453,87.1004],"dipPosition":[-50.5192,296.964,1.89923],"direction":[-0.469722,-0.711115,0.52314],"extended":false,"handId":877,"id":8772,"length":66.1101,"mcpPosition":[-11.5377,339.616,20.0921],"pipPosition":[-37.3406,316.915,-12.778],"stabilizedTipPosition":[-78.0372,273.704,112.317],"timeVisible":0.840666,"tipPosition":[-51.3355,292.181,16.1541],"tipVelocity":[13.378,0.844607,-77.7256],"tool":false,"touchDistance":0.333333,"touchZone":"none","type":2,"width":18.7431},{"bases":[[[0.710883,-0.701326,-0.0527945],[0.700235,0.698765,0.14628],[-0.0656991,-0.140957,0.987833]],[[0.712352,-0.697418,-0.0785028],[0.486904,0.571667,-0.660395],[0.505448,0.432211,0.746804]],[[0.712352,-0.697418,-0.0785028],[-0.366473,-0.274242,-0.889094],[0.598541,0.662118,-0.450942]],[[0.712352,-0.697418,-0.0785028],[-0.677032,-0.653411,-0.338648],[0.184884,0.294385,-0.937633]]],"btipPosition":[-35.5578,283.948,19.7871],"carpPosition":[2.43019,317.813,84.1486],"dipPosition":[-32.1496,289.375,2.50276],"direction":[-0.598541,-0.662118,0.450942],"extended":false,"handId":877,"id":8773,"length":63.5667,"mcpPosition":[6.49053,326.524,23.0984],"pipPosition":[-15.7906,307.471,-9.82213],"stabilizedTipPosition":[-62.3348,267.264,109.624],"timeVisible":0.840666,"tipPosition":[-35.0548,284.834,16.3634],"tipVelocity":[15.7044,2.06473,-72.8302],"tool":false,"touchDistance":0.333333,"touchZone":"none","type":3,"width":17.8352},{"bases":[[[0.572964,-0.818678,0.0384522],[0.793705,0.56596,0.222982],[-0.204313,-0.097241,0.974064]],[[0.586559,-0.809192,-0.0340169],[0.602438,0.463991,-0.649446],[0.54131,0.360446,0.759646]],[[0.586559,-0.809192,-0.0340169],[-0.364307,-0.226097,-0.903416],[0.723345,0.5423,-0.427414]],[[0.586559,-0.809192,-0.0340169],[-0.753234,-0.529598,-0.390083],[0.297637,0.254429,-0.920151]]],"btipPosition":[-17.8255,283.404,24.1615],"carpPosition":[8.39032,305.207,82.4922],"dipPosition":[-12.7638,287.73,8.51318],"direction":[-0.723345,-0.5423,0.427414],"extended":false,"handId":877,"id":8774,"length":49.8351,"mcpPosition":[20.079,310.77,26.7665],"pipPosition":[1.19471,298.195,0.265305],"stabilizedTipPosition":[-40.7366,270.233,103.471],"timeVisible":0.840666,"tipPosition":[-16.9138,284.138,21.2118],"tipVelocity":[14.2113,-0.0992486,-70.6461],"tool":false,"touchDistance":0.333333,"touchZone":"none","type":4,"width":15.8426}],"r":[[0.824613,-0.202326,0.528278],[0.364032,0.904596,-0.221781],[-0.433006,0.375193,0.819595]],"s":0.820559,"t":[120.515,113.246,-189.499],"timestamp":607206504751},false],[3,{"currentFrameRate":110.597,"devices":[],"gestures":[],"hands":[{"armBasis":[[0.725248,-0.238345,-0.645915],[0.528079,0.794531,0.299755],[0.441754,-0.558491,0.702097]],"armWidth":62.8676,"confidence":0.876364,"direction":[0.0425076,0.327896,-0.943757],"elbow":[111.764,159.805,278.818],"grabStrength":0,"id":877,"palmNormal":[-0.528076,-0.794506,-0.299825],"palmPosition":[-12.2791,326.507,41.2765],"palmVelocity":[1.31635,-6.40113,-66.4226],"palmWidth":89.7729,"pinchStrength":1,"r":[[0.823957,-0.20216,0.529364],[0.364053,0.904746,-0.221134],[-0.434236,0.374922,0.819068]],"s":0.821489,"sphereCenter":[-35.7827,298.069,10.5662],"sphereRadius":43.3407,"stabilizedPalmPosition":[-30.3236,312.364,121.846],"t":[120.533,113.174,-190.018],"timeVisible":0.849614,"type":"right","wrist":[-5.91439,308.58,91.7873]}],"id":4452355,"interactionBox":{"center":[0,200,0],"size":[235.247,235.247,147.751]},"pointables":[{"bases":[[[0.821906,0.568937,0.0279277],[-0.462998,0.638695,0.614574],[0.331817,-0.518053,0.788364]],[[0.66959,0.706344,-0.229622],[-0.685047,0.706787,0.176526],[0.286982,0.0391016,0.957138]],[[0.66959,0.706344,-0.229622],[-0.742041,0.62288,-0.247781],[-0.031992,0.3363,0.941211]],[[0.66959,0.706344,-0.229622],[-0.706337,0.509996,-0.490909],[-0.229645,0.490898,0.840406]]],"btipPosition":[-43.295,288.809,-2.50706],"carpPosition":[-35.54,313.383,95.6992],"dipPosition":[-48.5977,300.145,16.8984],"direction":[0.031992,-0.3363,-0.941211],"extended":false,"handId":877,"id":8770,"length":51.4192,"mcpPosition":[-35.54,313.383,95.6992],"pipPosition":[-49.6739,311.457,48.5603],"stabilizedTipPosition":[-69.1762,283.461,76.2486],"timeVisible":0.849614,"tipPosition":[-44.1014,290.644,2.167],"tipVelocity":[-10.0317,15.4333,-78.6979],"tool":false,"touchDistance":-0.425038,"touchZone":"touching","type":0,"width":19.9791},{"bases":[[[0.843229,-0.44881,-0.295861],[0.507326,0.846396,0.16197],[0.177722,-0.286676,0.941399]],[[0.860782,-0.488795,-0.141895],[0.491125,0.870847,-0.0205385],[0.133608,-0.052009,0.989669]],[[0.860782,-0.488795,-0.141895],[0.476031,0.871818,-0.115448],[0.180137,0.0318292,0.983126]],[[0.860782,-0.488795,-0.141895],[0.461733,0.867223,-0.186352],[0.214142,0.0948905,0.972183]]],"btipPosition":[-44.6237,348.76,-59.7039],"carpPosition":[-18.1547,328.105,90.4107],"dipPosition":[-41.0139,350.359,-43.3157],"direction":[-0.180137,-0.0318292,-0.983126],"extended":true,"handId":877,"id":8771,"length":58.0209,"mcpPosition":[-31.0548,348.914,22.0788],"pipPosition":[-36.7181,351.118,-19.871],"stabilizedTipPosition":[-80.6587,340.386,39.6672],"timeVisible":0.849614,"tipPosition":[-44.2597,347.943,-55.7803],"tipVelocity":[21.3858,15.9025,-70.5956],"tool":false,"touchDistance":-0.433998,"touchZone":"touching","type":1,"width":19.0841},{"bases":[[[0.760563,-0.621085,-0.189203],[0.646359,0.751835,0.130248],[0.061354,-0.221355,0.973261]],[[0.761787,-0.626077,-0.166459],[0.354399,0.617841,-0.701907],[0.542293,0.475711,0.692544]],[[0.761787,-0.626077,-0.166459],[-0.445705,-0.320041,-0.836015],[0.470136,0.711057,-0.522848]],[[0.761787,-0.626077,-0.166459],[-0.646526,-0.718452,-0.256573],[0.0410411,0.303074,-0.952083]]],"btipPosition":[-51.2356,291.345,18.9726],"carpPosition":[-7.27213,324.3,86.5799],"dipPosition":[-50.4747,296.964,1.32037],"direction":[-0.470136,-0.711057,0.522848],"extended":false,"handId":877,"id":8772,"length":66.1101,"mcpPosition":[-11.4954,339.536,19.5857],"pipPosition":[-37.2845,316.914,-13.3487],"stabilizedTipPosition":[-78.0371,273.704,112.317],"timeVisible":0.849614,"tipPosition":[-51.2908,292.185,15.5524],"tipVelocity":[11.3512,0.827967,-74.084],"tool":false,"touchDistance":0.333333,"touchZone":"none","type":2,"width":18.7431},{"bases":[[[0.710398,-0.701787,-0.0531937],[0.700672,0.698101,0.147357],[-0.0662785,-0.141953,0.987652]],[[0.711897,-0.697804,-0.0791887],[0.488326,0.572892,-0.65828],[0.504717,0.429958,0.748597]],[[0.711897,-0.697804,-0.0791887],[-0.366768,-0.273258,-0.889276],[0.598902,0.662117,-0.450464]],[[0.711897,-0.697804,-0.0791887],[-0.677841,-0.653249,-0.33734],[0.183667,0.293829,-0.938046]]],"btipPosition":[-35.4816,283.962,19.1911],"carpPosition":[2.42573,317.656,83.6258],"dipPosition":[-32.0959,289.379,1.89908],"direction":[-0.598902,-0.662117,0.450464],"extended":false,"handId":877,"id":8773,"length":63.5667,"mcpPosition":[6.52188,326.429,22.5869],"pipPosition":[-15.727,307.475,-10.4127],"stabilizedTipPosition":[-62.3347,267.264,109.624],"timeVisible":0.849614,"tipPosition":[-34.9965,284.836,15.7487],"tipVelocity":[13.5819,1.85773,-71.1848],"tool":false,"touchDistance":0.333333,"touchZone":"none","type":3,"width":17.8352},{"bases":[[[0.572351,-0.819134,0.0378623],[0.794009,0.565147,0.223963],[-0.204854,-0.0981225,0.973862]],[[0.586288,-0.809284,-0.036405],[0.602753,0.465809,-0.647851],[0.541254,0.357884,0.760896]],[[0.586288,-0.809284,-0.036405],[-0.365871,-0.224426,-0.903201],[0.722776,0.542855,-0.427672]],[[0.586288,-0.809284,-0.036405],[-0.754511,-0.529143,-0.388228],[0.294923,0.255081,-0.920844]]],"btipPosition":[-17.7483,283.362,23.613],"carpPosition":[8.3775,305.047,81.959],"dipPosition":[-12.7327,287.7,7.95286],"direction":[-0.722776,-0.542855,0.427672],"extended":false,"handId":877,"id":8774,"length":49.8351,"mcpPosition":[20.0971,310.661,26.2448],"pipPosition":[1.2148,298.175,-0.299994],"stabilizedTipPosition":[-40.7366,270.233,103.471],"timeVisible":0.849614,"tipPosition":[-16.862,284.095,20.6275],"tipVelocity":[12.3622,-1.26884,-68.1758],"tool":false,"touchDistance":0.333333,"touchZone":"none","type":4,"width":15.8426}],"r":[[0.823957,-0.20216,0.529364],[0.364053,0.904746,-0.221134],[-0.434236,0.374922,0.819068]],"s":0.821489,"t":[120.533,113.174,-190.018],"timestamp":607206513699},false],[4,{"currentFrameRate":110.604,"devices":[],"gestures":[],"hands":[{"armBasis":[[0.724912,-0.240217,-0.645599],[0.528771,0.79472,0.298029],[0.441479,-0.557418,0.703123]],"armWidth":62.8676,"confidence":0.879567,"direction":[0.0429776,0.328529,-0.943516],"elbow":[111.704,159.953,278.704],"grabStrength":0,"id":877,"palmNormal":[-0.52866,-0.793863,-0.300501],"palmPosition":[-12.2399,326.411,40.9006],"palmVelocity":[2.14965,-7.56877,-59.5973],"palmWidth":89.7729,"pinchStrength":1,"r":[[0.823375,-0.202236,0.530239],[0.364226,0.904838,-0.220473],[-0.435193,0.374659,0.818681]],"s":0.822267,"sphereCenter":[-35.724,298.021,10.1414],"sphereRadius":43.3505,"stabilizedPalmPosition":[-30.3236,312.364,121.846],"t":[120.562,113.09,-190.465],"timeVisible":0.858643,"type":"right","wrist":[-5.90065,308.443,91.4001]}],"id":4452356,"interactionBox":{"center":[0,200,0],"size":[235.247,235.247,147.751]},"pointables":[{"bases":[[[0.822364,0.568246,0.0285062],[-0.462608,0.638638,0.614927],[0.331225,-0.518882,0.788068]],[[0.670288,0.705922,-0.228885],[-0.684264,0.70729,0.177546],[0.287221,0.0376106,0.957126]],[[0.670288,0.705922,-0.228885],[-0.741427,0.623883,-0.247096],[-0.0316334,0.335327,0.941571]],[[0.670288,0.705922,-0.228885],[-0.705809,0.511156,-0.490462],[-0.229232,0.4903,0.840868]]],"btipPosition":[-43.3116,288.814,-2.91942],"carpPosition":[-35.5232,313.268,95.309],"dipPosition":[-48.6047,300.135,16.4967],"direction":[0.0316334,-0.335327,-0.941571],"extended":false,"handId":877,"id":8770,"length":51.4192,"mcpPosition":[-35.5232,313.268,95.309],"pipPosition":[-49.6688,311.415,48.1707],"stabilizedTipPosition":[-69.176,283.461,76.2481],"timeVisible":0.858643,"tipPosition":[-44.1189,290.657,1.74978],"tipVelocity":[-7.70781,11.2214,-69.5294],"tool":false,"touchDistance":-0.417016,"touchZone":"touching","type":0,"width":19.9791},{"bases":[[[0.842926,-0.449289,-0.295999],[0.507982,0.845867,0.162678],[0.177286,-0.287487,0.941234]],[[0.860417,-0.489416,-0.141969],[0.492128,0.870341,-0.0177768],[0.132262,-0.0545715,0.989711]],[[0.860417,-0.489416,-0.141969],[0.476976,0.87153,-0.113705],[0.179379,0.0301177,0.983319]],[[0.860417,-0.489416,-0.141969],[0.462555,0.866983,-0.185426],[0.213835,0.093875,0.972349]]],"btipPosition":[-44.4817,348.859,-60.0771],"carpPosition":[-18.1248,327.979,90.0346],"dipPosition":[-40.8771,350.441,-43.6862],"direction":[-0.179379,-0.0301177,-0.983319],"extended":true,"handId":877,"id":8771,"length":58.0209,"mcpPosition":[-30.9932,348.846,21.7147],"pipPosition":[-36.5994,351.16,-20.2369],"stabilizedTipPosition":[-80.6398,340.39,39.6182],"timeVisible":0.858643,"tipPosition":[-44.1203,348.061,-56.1585],"tipVelocity":[19.789,14.434,-62.521],"tool":false,"touchDistance":-0.42452,"touchZone":"touching","type":1,"width":19.0841},{"bases":[[[0.760097,-0.621571,-0.18948],[0.646944,0.751215,0.130919],[0.0609646,-0.222093,0.973118]],[[0.761309,-0.626568,-0.166799],[0.356737,0.619582,-0.699183],[0.541431,0.472791,0.695213]],[[0.761309,-0.626568,-0.166799],[-0.44567,-0.318824,-0.836498],[0.470943,0.711171,-0.521966]],[[0.761309,-0.626568,-0.166799],[-0.647161,-0.718461,-0.254946],[0.0399025,0.302038,-0.95246]]],"btipPosition":[-51.1417,291.419,18.4614],"carpPosition":[-7.24444,324.167,86.2035],"dipPosition":[-50.4018,297.019,0.802195],"direction":[-0.470943,-0.711171,0.521966],"extended":false,"handId":877,"id":8772,"length":66.1101,"mcpPosition":[-11.4409,339.455,19.2192],"pipPosition":[-37.189,316.971,-13.8421],"stabilizedTipPosition":[-78.0371,273.704,112.317],"timeVisible":0.858643,"tipPosition":[-51.2148,292.238,15.0416],"tipVelocity":[10.9423,2.70588,-69.3233],"tool":false,"touchDistance":0.333333,"touchZone":"none","type":2,"width":18.7431},{"bases":[[[0.709837,-0.702329,-0.0535385],[0.70121,0.697424,0.148001],[-0.0666062,-0.142598,0.987537]],[[0.711365,-0.69826,-0.0799559],[0.489076,0.573508,-0.657186],[0.504741,0.428394,0.749476]],[[0.711365,-0.69826,-0.0799559],[-0.367979,-0.27311,-0.888821],[0.598791,0.661698,-0.451226]],[[0.711365,-0.69826,-0.0799559],[-0.678932,-0.653314,-0.335011],[0.181688,0.2926,-0.938816]]],"btipPosition":[-35.4,283.967,18.8154],"carpPosition":[2.44863,317.517,83.2468],"dipPosition":[-32.0508,289.361,1.50922],"direction":[-0.598791,-0.661698,0.451226],"extended":false,"handId":877,"id":8773,"length":63.5667,"mcpPosition":[6.56503,326.33,22.2149],"pipPosition":[-15.685,307.446,-10.8234],"stabilizedTipPosition":[-62.3346,267.264,109.624],"timeVisible":0.858643,"tipPosition":[-34.9342,284.83,15.3336],"tipVelocity":[12.0744,1.33371,-63.1409],"tool":false,"touchDistance":0.333333,"touchZone":"none","type":3,"width":17.8352},{"bases":[[[0.571674,-0.819628,0.0374049],[0.794422,0.56434,0.224533],[-0.205143,-0.0986444,0.973748]],[[0.585928,-0.809442,-0.0386296],[0.602815,0.467224,-0.646773],[0.541574,0.355676,0.761704]],[[0.585928,-0.809442,-0.0386296],[-0.367811,-0.223165,-0.902725],[0.722083,0.54314,-0.42848]],[[0.585928,-0.809442,-0.0386296],[-0.755942,-0.528783,-0.385929],[0.29196,0.255328,-0.921719]]],"btipPosition":[-17.6662,283.317,23.2351],"carpPosition":[8.39046,304.905,81.5723],"dipPosition":[-12.701,287.659,7.56009],"direction":[-0.722083,-0.54314,0.42848],"extended":false,"handId":877,"id":8774,"length":49.8351,"mcpPosition":[20.1266,310.549,25.8646],"pipPosition":[1.23313,298.141,-0.708359],"stabilizedTipPosition":[-40.7365,270.233,103.471],"timeVisible":0.858643,"tipPosition":[-16.8042,284.049,20.2112],"tipVelocity":[11.1083,-2.24779,-61.0327],"tool":false,"touchDistance":0.333333,"touchZone":"none","type":4,"width":15.8426}],"r":[[0.823375,-0.202236,0.530239],[0.364226,0.904838,-0.220473],[-0.435193,0.374659,0.818681]],"s":0.822267,"t":[120.562,113.09,-190.465],"timestamp":607206522728},false],[5,{"currentFrameRate":110.552,"devices":[],"gestures":[],"hands":[{"armBasis":[[0.724555,-0.241637,-0.64547],[0.529184,0.79506,0.296385],[0.441569,-0.55632,0.703935]],"armWidth":62.8676,"confidence":0.889247,"direction":[0.0431932,0.328981,-0.943348],"elbow":[111.73,160.14,278.639],"grabStrength":0,"id":877,"palmNormal":[-0.528982,-0.793482,-0.300938],"palmPosition":[-12.2265,326.334,40.6276],"palmVelocity":[1.95877,-7.82427,-51.3301],"palmWidth":89.7729,"pinchStrength":1,"r":[[0.822883,-0.202422,0.530931],[0.364446,0.904901,-0.219848],[-0.435938,0.374405,0.8184]],"s":0.822804,"sphereCenter":[-35.6951,297.979,9.8257],"sphereRadius":43.356,"stabilizedPalmPosition":[-30.3236,312.364,121.846],"t":[120.583,113.009,-190.826],"timeVisible":0.867781,"type":"right","wrist":[-5.89898,308.337,91.1186]}],"id":4452357,"interactionBox":{"center":[0,200,0],"size":[235.247,235.247,147.751]},"pointables":[{"bases":[[[0.822609,0.567874,0.028853],[-0.462378,0.638532,0.61521],[0.330939,-0.519419,0.787835]],[[0.670439,0.705836,-0.228707],[-0.683942,0.707414,0.178293],[0.287636,0.0368878,0.957029]],[[0.670439,0.705836,-0.228707],[-0.741303,0.624207,-0.246649],[-0.0313337,0.334904,0.941731]],[[0.670439,0.705836,-0.228707],[-0.70618,0.512461,-0.488563],[-0.227642,0.48906,0.842021]]],"btipPosition":[-43.3753,288.798,-3.22805],"carpPosition":[-35.5197,313.173,95.0276],"dipPosition":[-48.6317,300.09,16.2147],"direction":[0.0313337,-0.334904,-0.941731],"extended":false,"handId":877,"id":8770,"length":51.4192,"mcpPosition":[-35.5197,313.173,95.0276],"pipPosition":[-49.6857,311.356,47.8941],"stabilizedTipPosition":[-69.1758,283.461,76.2476],"timeVisible":0.867781,"tipPosition":[-44.1674,290.653,1.44373],"tipVelocity":[-7.24657,7.40866,-59.398],"tool":false,"touchDistance":-0.408186,"touchZone":"touching","type":0,"width":19.9791},{"bases":[[[0.842753,-0.449508,-0.296158],[0.508337,0.845565,0.163139],[0.177089,-0.288034,0.941104]],[[0.860215,-0.489721,-0.142139],[0.492682,0.870062,-0.0160048],[0.131507,-0.0562617,0.989717]],[[0.860215,-0.489721,-0.142139],[0.477449,0.871392,-0.112775],[0.179087,0.029147,0.983401]],[[0.860215,-0.489721,-0.142139],[0.462905,0.866853,-0.185158],[0.213889,0.0934791,0.972375]]],"btipPosition":[-44.4191,348.901,-60.343],"carpPosition":[-18.1145,327.88,89.7619],"dipPosition":[-40.8136,350.476,-43.9516],"direction":[-0.179087,-0.029147,-0.983401],"extended":true,"handId":877,"id":8771,"length":58.0209,"mcpPosition":[-30.9686,348.787,21.4515],"pipPosition":[-36.5429,351.171,-20.5004],"stabilizedTipPosition":[-80.6218,340.395,39.5716],"timeVisible":0.867781,"tipPosition":[-44.0526,348.124,-56.4294],"tipVelocity":[16.1983,11.6399,-53.2213],"tool":false,"touchDistance":-0.414389,"touchZone":"touching","type":1,"width":19.0841},{"bases":[[[0.759841,-0.621807,-0.189731],[0.647261,0.750868,0.131343],[0.060793,-0.222606,0.973011]],[[0.761048,-0.626811,-0.167076],[0.358963,0.621457,-0.696374],[0.540326,0.47,0.69796]],[[0.761048,-0.626811,-0.167076],[-0.445989,-0.31855,-0.836433],[0.471063,0.71108,-0.521982]],[[0.761048,-0.626811,-0.167076],[-0.647611,-0.719256,-0.251535],[0.0374939,0.299631,-0.953318]]],"btipPosition":[-51.0271,291.531,18.0807],"carpPosition":[-7.23554,324.065,85.9298],"dipPosition":[-50.3319,297.087,0.405572],"direction":[-0.471063,-0.71108,0.521982],"extended":false,"handId":877,"id":8772,"length":66.1101,"mcpPosition":[-11.4202,339.388,18.9528],"pipPosition":[-37.1157,317.037,-14.2392],"stabilizedTipPosition":[-78.037,273.704,112.316],"timeVisible":0.867781,"tipPosition":[-51.1324,292.316,14.6492],"tipVelocity":[11.0743,5.07531,-61.7411],"tool":false,"touchDistance":0.333333,"touchZone":"none","type":2,"width":18.7431},{"bases":[[[0.709535,-0.702611,-0.0538345],[0.701502,0.697045,0.148403],[-0.0667442,-0.143062,0.987461]],[[0.711106,-0.698396,-0.0810558],[0.490486,0.575374,-0.654498],[0.503737,0.425661,0.751706]],[[0.711106,-0.698396,-0.0810558],[-0.369058,-0.272653,-0.888514],[0.598435,0.661742,-0.451634]],[[0.711106,-0.698396,-0.0810558],[-0.680077,-0.654,-0.331329],[0.178389,0.290735,-0.940027]]],"btipPosition":[-35.2704,284.044,18.479],"carpPosition":[2.45487,317.412,82.9705],"dipPosition":[-31.982,289.404,1.15049],"direction":[-0.598435,-0.661742,0.451634],"extended":false,"handId":877,"id":8773,"length":63.5667,"mcpPosition":[6.5798,326.254,21.9433],"pipPosition":[-15.6259,307.49,-11.1933],"stabilizedTipPosition":[-62.3345,267.264,109.623],"timeVisible":0.867781,"tipPosition":[-34.844,284.876,14.9792],"tipVelocity":[12.2356,3.07368,-55.9745],"tool":false,"touchDistance":0.333333,"touchZone":"none","type":3,"width":17.8352},{"bases":[[[0.571314,-0.819895,0.0370397],[0.79465,0.563882,0.224876],[-0.205261,-0.0990412,0.973683]],[[0.58586,-0.80939,-0.0407027],[0.602543,0.468625,-0.646013],[0.54195,0.353948,0.762241]],[[0.58586,-0.80939,-0.0407027],[-0.369941,-0.222412,-0.90204],[0.72105,0.543527,-0.429728]],[[0.58586,-0.80939,-0.0407027],[-0.757271,-0.528864,-0.383201],[0.288633,0.255325,-0.922768]]],"btipPosition":[-17.5952,283.286,22.9798],"carpPosition":[8.39135,304.799,81.2902],"dipPosition":[-12.6866,287.628,7.28703],"direction":[-0.72105,-0.543527,0.429728],"extended":false,"handId":877,"id":8774,"length":49.8351,"mcpPosition":[20.1342,310.465,25.5862],"pipPosition":[1.22761,298.117,-1.00551],"stabilizedTipPosition":[-40.7364,270.233,103.47],"timeVisible":0.867781,"tipPosition":[-16.7579,284.015,19.9139],"tipVelocity":[9.78397,-2.57412,-51.9505],"tool":false,"touchDistance":0.333333,"touchZone":"none","type":4,"width":15.8426}],"r":[[0.822883,-0.202422,0.530931],[0.364446,0.904901,-0.219848],[-0.435938,0.374405,0.8184]],"s":0.822804,"t":[120.583,113.009,-190.826],"timestamp":607206531866},false],[6,{"currentFrameRate":110.612,"devices":[],"gestures":[],"hands":[{"armBasis":[[0.724406,-0.243162,-0.645064],[0.529968,0.794857,0.295526],[0.440873,-0.555945,0.704667]],"armWidth":62.8676,"confidence":0.899196,"direction":[0.0426979,0.329248,-0.943278],"elbow":[111.573,160.151,278.508],"grabStrength":0,"id":877,"palmNormal":[-0.529739,-0.793035,-0.300785],"palmPosition":[-12.224,326.265,40.3123],"palmVelocity":[1.49997,-7.78931,-46.9537],"palmWidth":89.7729,"pinchStrength":1,"r":[[0.822543,-0.202714,0.531347],[0.364709,0.904917,-0.219347],[-0.43636,0.374209,0.818265]],"s":0.823184,"sphereCenter":[-35.6715,297.889,9.48709],"sphereRadius":43.3713,"stabilizedPalmPosition":[-30.3236,312.364,121.846],"t":[120.595,112.934,-191.163],"timeVisible":0.876715,"type":"right","wrist":[-5.87025,308.249,90.7928]}],"id":4452358,"interactionBox":{"center":[0,200,0],"size":[235.247,235.247,147.751]},"pointables":[{"bases":[[[0.823009,0.567317,0.0284078],[-0.461486,0.638646,0.615761],[0.331189,-0.519886,0.787421]],[[0.670598,0.705534,-0.229173],[-0.683152,0.707765,0.179919],[0.28914,0.0359064,0.956613]],[[0.670598,0.705534,-0.229173],[-0.741227,0.624921,-0.245064],[-0.0296861,0.334208,0.942032]],[[0.670598,0.705534,-0.229173],[-0.707333,0.515041,-0.484163],[-0.22356,0.48678,0.844433]]],"btipPosition":[-43.5641,288.852,-3.57515],"carpPosition":[-35.4848,313.103,94.7258],"dipPosition":[-48.7263,300.092,15.9233],"direction":[0.0296861,-0.334208,-0.942032],"extended":false,"handId":877,"id":8770,"length":51.4192,"mcpPosition":[-35.4848,313.103,94.7258],"pipPosition":[-49.7249,311.334,47.6127],"stabilizedTipPosition":[-69.1757,283.461,76.2471],"timeVisible":0.876715,"tipPosition":[-44.3134,290.706,1.1116],"tipVelocity":[-10.3743,6.66923,-53.4004],"tool":false,"touchDistance":-0.400715,"touchZone":"touching","type":0,"width":19.9791},{"bases":[[[0.842229,-0.449976,-0.296937],[0.509024,0.845174,0.163019],[0.177609,-0.288447,0.940879]],[[0.859782,-0.490259,-0.142901],[0.493362,0.869689,-0.0153153],[0.131788,-0.0573343,0.989618]],[[0.859782,-0.490259,-0.142901],[0.477988,0.871108,-0.112683],[0.179726,0.0285774,0.983301]],[[0.859782,-0.490259,-0.142901],[0.463292,0.866568,-0.185528],[0.21479,0.0933087,0.972193]]],"btipPosition":[-44.4585,348.912,-60.6274],"carpPosition":[-18.0738,327.799,89.4516],"dipPosition":[-40.8378,350.485,-44.2391],"direction":[-0.179726,-0.0285774,-0.983301],"extended":true,"handId":877,"id":8771,"length":58.0209,"mcpPosition":[-30.9656,348.736,21.1574],"pipPosition":[-36.5518,351.167,-20.7903],"stabilizedTipPosition":[-80.6072,340.398,39.5333],"timeVisible":0.876715,"tipPosition":[-44.0844,348.155,-56.7179],"tipVelocity":[10.6808,8.79975,-47.407],"tool":false,"touchDistance":-0.40556,"touchZone":"touching","type":1,"width":19.0841},{"bases":[[[0.759282,-0.622254,-0.190502],[0.64786,0.750395,0.131088],[0.0613816,-0.222951,0.972895]],[[0.760502,-0.627261,-0.167868],[0.360404,0.622803,-0.694425],[0.540135,0.467611,0.69971]],[[0.760502,-0.627261,-0.167868],[-0.447034,-0.318265,-0.835983],[0.470953,0.71081,-0.522448]],[[0.760502,-0.627261,-0.167868],[-0.6484,-0.719723,-0.248146],[0.0348333,0.297561,-0.954067]]],"btipPosition":[-50.9708,291.628,17.7126],"carpPosition":[-7.20026,323.979,85.61],"dipPosition":[-50.325,297.145,0.0236349],"direction":[-0.470953,-0.71081,0.522448],"extended":false,"handId":877,"id":8772,"length":66.1101,"mcpPosition":[-11.4254,339.325,18.641],"pipPosition":[-37.1119,317.088,-14.6342],"stabilizedTipPosition":[-78.0369,273.704,112.316],"timeVisible":0.876715,"tipPosition":[-51.1025,292.389,14.2682],"tipVelocity":[9.4243,6.38399,-56.2327],"tool":false,"touchDistance":0.333333,"touchZone":"none","type":2,"width":18.7431},{"bases":[[[0.709026,-0.703066,-0.0545922],[0.702078,0.696531,0.14809],[-0.0660917,-0.143327,0.987466]],[[0.710616,-0.698714,-0.0826001],[0.491293,0.576813,-0.652624],[0.503643,0.423184,0.753166]],[[0.710616,-0.698714,-0.0826001],[-0.371055,-0.272428,-0.88775],[0.597781,0.661499,-0.452854]],[[0.710616,-0.698714,-0.0826001],[-0.681622,-0.654578,-0.326986],[0.174401,0.288663,-0.941413]]],"btipPosition":[-35.1866,284.123,18.144],"carpPosition":[2.48346,317.321,82.6412],"dipPosition":[-31.9717,289.444,0.789899],"direction":[-0.597781,-0.661499,0.452854],"extended":false,"handId":877,"id":8773,"length":63.5667,"mcpPosition":[6.56807,326.178,21.6138],"pipPosition":[-15.6335,307.524,-11.5872],"stabilizedTipPosition":[-62.3344,267.264,109.623],"timeVisible":0.876715,"tipPosition":[-34.7989,284.927,14.6207],"tipVelocity":[10.9391,4.36696,-51.1134],"tool":false,"touchDistance":0.333333,"touchZone":"none","type":3,"width":17.8352},{"bases":[[[0.570796,-0.820287,0.03635],[0.795195,0.563282,0.22445],[-0.204589,-0.09921,0.973807]],[[0.585634,-0.809406,-0.0435264],[0.602452,0.470564,-0.644687],[0.542296,0.351328,0.763207]],[[0.585634,-0.809406,-0.0435264],[-0.37247,-0.221025,-0.90134],[0.71993,0.544068,-0.430919]],[[0.585634,-0.809406,-0.0435264],[-0.759086,-0.528808,-0.379671],[0.284291,0.255388,-0.924097]]],"btipPosition":[-17.5313,283.28,22.6469],"carpPosition":[8.41026,304.703,80.9525],"dipPosition":[-12.6965,287.624,6.93154],"direction":[-0.71993,-0.544068,0.430919],"extended":false,"handId":877,"id":8774,"length":49.8351,"mcpPosition":[20.1147,310.379,25.2414],"pipPosition":[1.19607,298.123,-1.38399],"stabilizedTipPosition":[-40.7364,270.233,103.47],"timeVisible":0.876715,"tipPosition":[-16.7307,284.003,19.5555],"tipVelocity":[8.54741,-2.03833,-48.1007],"tool":false,"touchDistance":0.333333,"touchZone":"none","type":4,"width":15.8426}],"r":[[0.822543,-0.202714,0.5313