{"sensorType":"Leap","data":[[0,{"currentFrameRate":110.624,"devices":[],"gestures":[],"hands":[{"armBasis":[[0.706699,-0.345007,-0.617695],[0.592027,0.766401,0.249267],[0.387403,-0.541848,0.745868]],"armWidth":62.8676,"confidence":0.847756,"direction":[0.082187,0.407848,-0.909344],"elbow":[114.652,140.12,287.895],"grabStrength":0,"id":870,"palmNormal":[-0.5863,-0.71805,-0.375041],"palmPosition":[7.27077,307.372,40.5131],"palmVelocity":[38.1629,-50.1257,-162.827],"palmWidth":89.7729,"pinchStrength":1,"r":[[0.846504,-0.405849,0.344553],[0.428805,0.903335,0.0105415],[-0.315525,0.138823,0.938708]],"s":0.785788,"sphereCenter":[-11.3064,278.164,5.7396],"sphereRadius":44.6817,"stabilizedPalmPosition":[-39.1742,312.144,148.989],"t":[97.3015,24.615,-179.4],"timeVisible":0.641741,"type":"right","wrist":[11.4521,284.462,89.2048]}],"id":4446933,"interactionBox":{"center":[0,200,0],"size":[235.247,235.247,147.751]},"pointables":[{"bases":[[[0.864738,0.494887,0.0855303],[-0.418468,0.615835,0.667557],[0.277693,-0.613053,0.73963]],[[0.694195,0.690823,-0.202131],[-0.626843,0.718254,0.301957],[0.353781,-0.0829124,0.931646]],[[0.694195,0.690823,-0.202131],[-0.718948,0.679038,-0.148396],[0.0347397,0.248337,0.96805]],[[0.694195,0.690823,-0.202131],[-0.69362,0.567009,-0.444289],[-0.192315,0.448626,0.872783]]],"btipPosition":[-31.8921,276.667,-5.25678],"carpPosition":[-17.7405,291.296,93.3445],"dipPosition":[-36.3327,287.026,14.8962],"direction":[-0.0347397,-0.248337,-0.96805],"extended":false,"handId":870,"id":8700,"length":51.4192,"mcpPosition":[-17.7405,291.296,93.3445],"pipPosition":[-35.1641,295.38,47.461],"stabilizedTipPosition":[-80.5016,280.53,110.39],"timeVisible":0.641741,"tipPosition":[-33.2659,279.398,-0.75905],"tipVelocity":[51.8388,-64.1016,-159.236],"tool":false,"touchDistance":-0.510584,"touchZone":"hovering","type":0,"width":19.9791},{"bases":[[[0.808273,-0.487487,-0.33023],[0.571759,0.783794,0.2424],[0.140666,-0.384738,0.912245]],[[0.820322,-0.550769,-0.15403],[0.564838,0.822452,0.0673104],[0.0896098,-0.142218,0.985771]],[[0.820322,-0.550769,-0.15403],[0.551382,0.833162,-0.0426507],[0.151823,-0.049942,0.987145]],[[0.820322,-0.550769,-0.15403],[0.536686,0.834413,-0.125389],[0.197585,0.0201936,0.980078]]],"btipPosition":[-20.1089,339.772,-58.5158],"carpPosition":[0.851008,304.967,89.5463],"dipPosition":[-16.7782,340.112,-41.9946],"direction":[-0.151823,0.049942,-0.987145],"extended":true,"handId":870,"id":8701,"length":58.0209,"mcpPosition":[-9.35927,332.893,23.3305],"pipPosition":[-13.1576,338.921,-18.454],"stabilizedTipPosition":[-61.7141,344.535,26.8456],"timeVisible":0.641741,"tipPosition":[-19.4543,339.019,-54.7279],"tipVelocity":[58.0348,-63.7958,-178.328],"tool":false,"touchDistance":-0.541066,"touchZone":"hovering","type":1,"width":19.0841},{"bases":[[[0.710453,-0.661412,-0.240399],[0.703126,0.681458,0.203051],[0.0295217,-0.313289,0.949199]],[[0.71068,-0.664083,-0.232222],[0.39296,0.648507,-0.651936],[0.583537,0.372064,0.72184]],[[0.71068,-0.664083,-0.232222],[-0.457692,-0.185757,-0.86949],[0.534277,0.724215,-0.43596]],[[0.71068,-0.664083,-0.232222],[-0.696512,-0.617709,-0.365112],[0.0990192,0.421223,-0.901536]]],"btipPosition":[-35.1649,276.391,14.7354],"carpPosition":[11.4433,300.648,85.4545],"dipPosition":[-33.329,284.201,-1.97963],"direction":[-0.534277,-0.724215,0.43596],"extended":false,"handId":870,"id":8702,"length":66.1101,"mcpPosition":[9.41115,322.213,20.1166],"pipPosition":[-18.3393,304.519,-14.2109],"stabilizedTipPosition":[-88.3772,256.318,177.668],"timeVisible":0.641741,"tipPosition":[-34.7519,277.911,11.5096],"tipVelocity":[51.7705,-67.3182,-150.118],"tool":false,"touchDistance":0.333333,"touchZone":"none","type":2,"width":18.7431},{"bases":[[[0.652014,-0.749782,-0.112714],[0.75267,0.622127,0.215511],[-0.0914638,-0.225353,0.969974]],[[0.652676,-0.748085,-0.119928],[0.505022,0.547569,-0.667174],[0.564771,0.374882,0.735185]],[[0.652676,-0.748085,-0.119928],[-0.405378,-0.211088,-0.889444],[0.640064,0.629135,-0.44103]],[[0.652676,-0.748085,-0.119928],[-0.725465,-0.571445,-0.383603],[0.218436,0.337372,-0.915678]]],"btipPosition":[-20.1512,267.517,18.5459],"carpPosition":[20.6129,293.53,81.9671],"dipPosition":[-16.1245,273.736,1.66622],"direction":[-0.640064,-0.629135,0.44103],"extended":false,"handId":870,"id":8703,"length":63.5667,"mcpPosition":[26.2656,307.457,22.0206],"pipPosition":[1.36936,290.931,-10.3878],"stabilizedTipPosition":[-74.7258,254.296,179.073],"timeVisible":0.641741,"tipPosition":[-19.2893,268.782,15.4901],"tipVelocity":[50.7971,-63.5119,-150.795],"tool":false,"touchDistance":0.333333,"touchZone":"none","type":3,"width":17.8352},{"bases":[[[0.50366,-0.863243,-0.0337419],[0.833862,0.475565,0.280199],[-0.225833,-0.169261,0.959349]],[[0.519781,-0.847359,-0.108677],[0.583082,0.444856,-0.679793],[0.624374,0.289976,0.725307]],[[0.519781,-0.847359,-0.108677],[-0.439867,-0.156401,-0.884339],[0.732356,0.507466,-0.454019]],[[0.519781,-0.847359,-0.108677],[-0.803901,-0.442097,-0.397861],[0.289085,0.294166,-0.910986]]],"btipPosition":[-2.3621,265.453,23.2553],"carpPosition":[25.5488,280.681,79.1887],"dipPosition":[2.55415,270.455,7.76281],"direction":[-0.732356,-0.507466,0.454019],"extended":false,"handId":870,"id":8704,"length":49.8351,"mcpPosition":[38.4686,290.364,24.3047],"pipPosition":[16.6865,280.248,-0.998482],"stabilizedTipPosition":[-52.8407,262.732,163.391],"timeVisible":0.641741,"tipPosition":[-1.27,266.52,20.3249],"tipVelocity":[49.7081,-60.4452,-136.922],"tool":false,"touchDistance":0.333333,"touchZone":"none","type":4,"width":15.8426}],"r":[[0.846504,-0.405849,0.344553],[0.428805,0.903335,0.0105415],[-0.315525,0.138823,0.938708]],"s":0.785788,"t":[97.3015,24.615,-179.4],"timestamp":607155988603},false],[1,{"currentFrameRate":110.608,"devices":[],"gestures":[],"hands":[{"armBasis":[[0.708409,-0.346096,-0.615121],[0.590777,0.767622,0.248472],[0.386185,-0.539419,0.748257]],"armWidth":62.8676,"confidence":0.852242,"direction":[0.0821578,0.406777,-0.909826],"elbow":[114.59,140.509,287.618],"grabStrength":0,"id":870,"palmNormal":[-0.585042,-0.719379,-0.374459],"palmPosition":[7.53081,307.045,39.5673],"palmVelocity":[35.5403,-46.2451,-146.649],"palmWidth":89.7729,"pinchStrength":1,"r":[[0.84659,-0.403784,0.346762],[0.42756,0.903945,0.00873842],[-0.316982,0.140864,0.937912]],"s":0.787561,"sphereCenter":[-11.0048,277.886,4.82551],"sphereRadius":44.6716,"stabilizedPalmPosition":[-39.1356,312.139,148.898],"t":[97.5794,24.2264,-180.571],"timeVisible":0.65081,"type":"right","wrist":[11.7152,284.204,88.2914]}],"id":4446934,"interactionBox":{"center":[0,200,0],"size":[235.247,235.247,147.751]},"pointables":[{"bases":[[[0.863976,0.496237,0.0854097],[-0.419757,0.616105,0.666497],[0.278119,-0.611688,0.740599]],[[0.693828,0.691231,-0.201999],[-0.627683,0.71797,0.300887],[0.353012,-0.0819722,0.932021]],[[0.693828,0.691231,-0.201999],[-0.719325,0.678569,-0.148715],[0.0342742,0.248486,0.968029]],[[0.693828,0.691231,-0.201999],[-0.693772,0.566377,-0.444858],[-0.193092,0.448796,0.872524]]],"btipPosition":[-31.5698,276.317,-6.20861],"carpPosition":[-17.4896,291.002,92.4044],"dipPosition":[-36.0284,286.68,13.9384],"direction":[-0.0342742,-0.248486,-0.968029],"extended":false,"handId":870,"id":8700,"length":51.4192,"mcpPosition":[-17.4896,291.002,92.4044],"pipPosition":[-34.8754,295.039,46.5025],"stabilizedTipPosition":[-80.3766,280.525,110.098],"timeVisible":0.65081,"tipPosition":[-32.9291,278.999,-1.69875],"tipVelocity":[47.2081,-57.0027,-144.276],"tool":false,"touchDistance":-0.502157,"touchZone":"hovering","type":0,"width":19.9791},{"bases":[[[0.809171,-0.486759,-0.329101],[0.570488,0.784929,0.241724],[0.14066,-0.383344,0.912832]],[[0.82121,-0.549657,-0.153271],[0.563891,0.822843,0.0704082],[0.0874176,-0.144248,0.985673]],[[0.82121,-0.549657,-0.153271],[0.55071,0.833767,-0.0393867],[0.149441,-0.0520631,0.987399]],[[0.82121,-0.549657,-0.153271],[0.536219,0.835194,-0.122149],[0.195151,0.0181229,0.980606]]],"btipPosition":[-19.6841,339.57,-59.5158],"carpPosition":[1.08457,304.694,88.5996],"dipPosition":[-16.3944,339.875,-42.9857],"direction":[-0.149441,0.0520631,-0.987399],"extended":true,"handId":870,"id":8701,"length":58.0209,"mcpPosition":[-9.12528,332.519,22.3413],"pipPosition":[-12.8307,338.634,-19.4391],"stabilizedTipPosition":[-61.5442,344.516,26.5176],"timeVisible":0.65081,"tipPosition":[-19.0812,338.776,-55.7236],"tipVelocity":[54.6518,-52.5664,-159.457],"tool":false,"touchDistance":-0.530263,"touchZone":"hovering","type":1,"width":19.0841},{"bases":[[[0.711546,-0.660706,-0.239102],[0.702025,0.682729,0.202588],[0.029391,-0.312006,0.949625]],[[0.711788,-0.663581,-0.230256],[0.392238,0.64746,-0.653411],[0.582672,0.374775,0.721136]],[[0.711788,-0.663581,-0.230256],[-0.458014,-0.189957,-0.868412],[0.532523,0.723586,-0.439138]],[[0.711788,-0.663581,-0.230256],[-0.695659,-0.62072,-0.361614],[0.0970358,0.417572,-0.903448]]],"btipPosition":[-34.7866,275.997,13.9296],"carpPosition":[11.6855,300.385,84.52],"dipPosition":[-32.9875,283.739,-2.82085],"direction":[-0.532523,-0.723586,0.439138],"extended":false,"handId":870,"id":8702,"length":66.1101,"mcpPosition":[9.66238,321.862,19.1528],"pipPosition":[-18.047,304.04,-15.1413],"stabilizedTipPosition":[-88.2954,256.351,177.414],"timeVisible":0.65081,"tipPosition":[-34.4002,277.511,10.6183],"tipVelocity":[48.7343,-61.208,-133.434],"tool":false,"touchDistance":0.333333,"touchZone":"none","type":2,"width":18.7431},{"bases":[[[0.653156,-0.748994,-0.111338],[0.751647,0.623486,0.215156],[-0.0917329,-0.224217,0.970212]],[[0.653839,-0.747254,-0.118769],[0.504661,0.547647,-0.667382],[0.563747,0.376423,0.735184]],[[0.653839,-0.747254,-0.118769],[-0.405046,-0.213095,-0.889117],[0.639087,0.629446,-0.442002]],[[0.653839,-0.747254,-0.118769],[-0.724696,-0.573354,-0.382206],[0.217508,0.335972,-0.916413]]],"btipPosition":[-19.791,267.142,17.6517],"carpPosition":[20.8675,293.276,81.0474],"dipPosition":[-15.7815,273.336,0.758503],"direction":[-0.639087,-0.629446,0.442002],"extended":false,"handId":870,"id":8703,"length":63.5667,"mcpPosition":[26.5368,307.133,21.0863],"pipPosition":[1.68569,290.539,-11.3221],"stabilizedTipPosition":[-74.6559,254.314,178.866],"timeVisible":0.65081,"tipPosition":[-18.9414,268.4,14.5653],"tipVelocity":[47.6137,-57.5614,-136.464],"tool":false,"touchDistance":0.333333,"touchZone":"none","type":3,"width":17.8352},{"bases":[[[0.504916,-0.862564,-0.0323074],[0.833009,0.477125,0.280085],[-0.226176,-0.168332,0.959431]],[[0.521,-0.846831,-0.106944],[0.583154,0.444636,-0.679875],[0.62329,0.29185,0.725488]],[[0.521,-0.846831,-0.106944],[-0.439127,-0.158486,-0.884336],[0.731934,0.507701,-0.454437]],[[0.521,-0.846831,-0.106944],[-0.803152,-0.443952,-0.397308],[0.288975,0.292889,-0.911433]]],"btipPosition":[-2.02001,265.101,22.36],"carpPosition":[25.8234,280.43,78.2888],"dipPosition":[2.89436,270.082,6.85999],"direction":[-0.731934,-0.507701,0.454437],"extended":false,"handId":870,"id":8704,"length":49.8351,"mcpPosition":[38.7628,290.06,23.4002],"pipPosition":[17.0186,279.879,-1.90936],"stabilizedTipPosition":[-52.77,262.737,163.195],"timeVisible":0.65081,"tipPosition":[-0.932014,266.161,19.4165],"tipVelocity":[46.382,-54.6155,-126.416],"tool":false,"touchDistance":0.333333,"touchZone":"none","type":4,"width":15.8426}],"r":[[0.84659,-0.403784,0.346762],[0.42756,0.903945,0.00873842],[-0.316982,0.140864,0.937912]],"s":0.787561,"t":[97.5794,24.2264,-180.571],"timestamp":607155997672},false],[2,{"currentFrameRate":110.63,"devices":[],"gestures":[],"hands":[{"armBasis":[[0.711416,-0.344348,-0.612627],[0.586939,0.770564,0.248464],[0.38651,-0.536336,0.750303]],"armWidth":62.8676,"confidence":0.860378,"direction":[0.0816981,0.405647,-0.910371],"elbow":[114.78,141.2,287.218],"grabStrength":0,"id":870,"palmNormal":[-0.581232,-0.722621,-0.374149],"palmPosition":[7.60446,306.815,38.5781],"palmVelocity":[28.0297,-40.5559,-136.567],"palmWidth":89.7729,"pinchStrength":1,"r":[[0.846911,-0.40125,0.348912],[0.425748,0.904814,0.00712328],[-0.318559,0.142516,0.937128]],"s":0.789201,"sphereCenter":[-10.7786,277.626,3.86197],"sphereRadius":44.658,"stabilizedPalmPosition":[-39.1007,312.135,148.816],"t":[97.7552,23.9173,-181.652],"timeVisible":0.659809,"type":"right","wrist":[11.8181,284.074,87.3461]}],"id":4446935,"interactionBox":{"center":[0,200,0],"size":[235.247,235.247,147.751]},"pointables":[{"bases":[[[0.861603,0.500263,0.085887],[-0.423531,0.615304,0.664848],[0.279752,-0.609211,0.742024]],[[0.691399,0.693769,-0.201624],[-0.631158,0.71582,0.298732],[0.351577,-0.0792862,0.932795]],[[0.691399,0.693769,-0.201624],[-0.721777,0.675537,-0.150627],[0.0317043,0.249671,0.967812]],[[0.691399,0.693769,-0.201624],[-0.695364,0.563287,-0.446292],[-0.196051,0.448768,0.871878]]],"btipPosition":[-31.2779,275.891,-7.22495],"carpPosition":[-17.4232,290.747,91.404],"dipPosition":[-35.8048,286.253,12.9072],"direction":[-0.0317043,-0.249671,-0.967812],"extended":false,"handId":870,"id":8700,"length":51.4192,"mcpPosition":[-17.4232,290.747,91.404],"pipPosition":[-34.7383,294.652,45.4639],"stabilizedTipPosition":[-80.2516,280.519,109.805],"timeVisible":0.659809,"tipPosition":[-32.6471,278.541,-2.70843],"tipVelocity":[42.673,-54.3795,-135.777],"tool":false,"touchDistance":-0.495571,"touchZone":"touching","type":0,"width":19.9791},{"bases":[[[0.81185,-0.48365,-0.327082],[0.566584,0.787886,0.241284],[0.141007,-0.381206,0.913673]],[[0.823909,-0.546126,-0.151393],[0.560299,0.825073,0.0729386],[0.0850766,-0.14492,0.985779]],[[0.823909,-0.546126,-0.151393],[0.547431,0.836047,-0.0366793],[0.146603,-0.0526569,0.987793]],[[0.823909,-0.546126,-0.151393],[0.533204,0.837517,-0.119412],[0.192008,0.017661,0.981234]]],"btipPosition":[-19.4791,339.287,-60.5966],"carpPosition":[1.09493,304.516,87.6045],"dipPosition":[-16.2424,339.585,-44.0558],"direction":[-0.146603,0.0526569,-0.987793],"extended":true,"handId":870,"id":8701,"length":58.0209,"mcpPosition":[-9.14012,332.186,21.285],"pipPosition":[-12.7463,338.329,-20.4999],"stabilizedTipPosition":[-61.3954,344.498,26.2281],"timeVisible":0.659809,"tipPosition":[-18.9182,338.474,-56.7997],"tipVelocity":[45.5309,-46.8188,-148.575],"tool":false,"touchDistance":-0.521744,"touchZone":"hovering","type":1,"width":19.0841},{"bases":[[[0.714872,-0.657887,-0.236943],[0.698638,0.686216,0.202514],[0.0293628,-0.310309,0.950182]],[[0.715126,-0.660904,-0.227598],[0.390473,0.647781,-0.654149],[0.579763,0.378928,0.72131]],[[0.715126,-0.660904,-0.227598],[-0.456228,-0.194632,-0.868317],[0.529576,0.724793,-0.440709]],[[0.715126,-0.660904,-0.227598],[-0.692419,-0.625235,-0.360052],[0.0956575,0.415076,-0.904744]]],"btipPosition":[-34.5022,275.558,12.979],"carpPosition":[11.7213,300.249,83.5479],"dipPosition":[-32.7287,283.254,-3.79552],"direction":[-0.529576,-0.724793,0.440709],"extended":false,"handId":870,"id":8702,"length":66.1101,"mcpPosition":[9.7001,321.609,18.1423],"pipPosition":[-17.8709,303.588,-16.1601],"stabilizedTipPosition":[-88.2087,256.384,177.145],"timeVisible":0.659809,"tipPosition":[-34.1313,277.066,9.62457],"tipVelocity":[43.8489,-58.1179,-125.971],"tool":false,"touchDistance":0.333333,"touchZone":"none","type":2,"width":18.7431},{"bases":[[[0.656688,-0.746227,-0.109121],[0.748507,0.627218,0.215255],[-0.0921859,-0.223033,0.970442]],[[0.657397,-0.744436,-0.116806],[0.503331,0.54916,-0.667145],[0.560792,0.379787,0.735714]],[[0.657397,-0.744436,-0.116806],[-0.403236,-0.216586,-0.889096],[0.636577,0.631589,-0.442566]],[[0.657397,-0.744436,-0.116806],[-0.721846,-0.577646,-0.381135],[0.216259,0.334873,-0.917111]]],"btipPosition":[-19.4682,266.781,16.6958],"carpPosition":[20.9404,293.174,80.1008],"dipPosition":[-15.4817,272.954,-0.210241],"direction":[-0.636577,-0.631589,0.442566],"extended":false,"handId":870,"id":8703,"length":63.5667,"mcpPosition":[26.6377,306.958,20.1255],"pipPosition":[1.9169,290.216,-12.3062],"stabilizedTipPosition":[-74.5839,254.331,178.653],"timeVisible":0.659809,"tipPosition":[-18.6343,268.031,13.5809],"tipVelocity":[44.2294,-52.9166,-128.251],"tool":false,"touchDistance":0.333333,"touchZone":"none","type":3,"width":17.8352},{"bases":[[[0.508842,-0.860333,-0.0301258],[0.830429,0.481332,0.280547],[-0.226863,-0.167771,0.959367]],[[0.524891,-0.844746,-0.104372],[0.582957,0.446127,-0.679067],[0.620203,0.295592,0.726618]],[[0.524891,-0.844746,-0.104372],[-0.436746,-0.162046,-0.88487],[0.730577,0.510044,-0.453996]],[[0.524891,-0.844746,-0.104372],[-0.800656,-0.448401,-0.397349],[0.288858,0.292131,-0.911713]]],"btipPosition":[-1.71001,264.822,21.4026],"carpPosition":[25.9582,280.347,77.3709],"dipPosition":[3.20238,269.79,5.89775],"direction":[-0.730577,-0.510044,0.453996],"extended":false,"handId":870,"id":8704,"length":49.8351,"mcpPosition":[38.937,289.945,22.4859],"pipPosition":[17.3005,279.633,-2.86308],"stabilizedTipPosition":[-52.6985,262.741,162.995],"timeVisible":0.659809,"tipPosition":[-0.62972,265.875,18.4504],"tipVelocity":[43.0917,-48.1999,-120.953],"tool":false,"touchDistance":0.333333,"touchZone":"none","type":4,"width":15.8426}],"r":[[0.846911,-0.40125,0.348912],[0.425748,0.904814,0.00712328],[-0.318559,0.142516,0.937128]],"s":0.789201,"t":[97.7552,23.9173,-181.652],"timestamp":607156006671},false],[3,{"currentFrameRate":110.614,"devices":[],"gestures":[],"hands":[{"armBasis":[[0.71259,-0.344849,-0.610979],[0.586194,0.771139,0.248438],[0.385476,-0.535187,0.751654]],"armWidth":62.8676,"confidence":0.866581,"direction":[0.0811761,0.405562,-0.910456],"elbow":[114.612,141.419,286.622],"grabStrength":0,"id":870,"palmNormal":[-0.580552,-0.723274,-0.373944],"palmPosition":[7.6831,306.715,37.6186],"palmVelocity":[22.6789,-32.4027,-128.06],"palmWidth":89.7729,"pinchStrength":1,"r":[[0.847252,-0.399035,0.350621],[0.424117,0.905589,0.00578375],[-0.319827,0.143804,0.9365]],"s":0.790866,"sphereCenter":[-10.7179,277.653,2.93201],"sphereRadius":44.6212,"stabilizedPalmPosition":[-39.0709,312.132,148.745],"t":[97.8824,23.7126,-182.671],"timeVisible":0.668879,"type":"right","wrist":[11.9257,283.986,86.3902]}],"id":4446936,"interactionBox":{"center":[0,200,0],"size":[235.247,235.247,147.751]},"pointables":[{"bases":[[[0.86111,0.501145,0.0856876],[-0.424066,0.614999,0.664789],[0.280458,-0.608794,0.742101]],[[0.690847,0.694318,-0.201628],[-0.631848,0.715346,0.298408],[0.351424,-0.0787562,0.932898]],[[0.690847,0.694318,-0.201628],[-0.722328,0.674851,-0.151058],[0.031186,0.25,0.967744]],[[0.690847,0.694318,-0.201628],[-0.695911,0.562958,-0.445854],[-0.196057,0.448332,0.872101]]],"btipPosition":[-31.1513,275.748,-8.18629],"carpPosition":[-17.3217,290.631,90.4505],"dipPosition":[-35.6784,286.1,11.951],"direction":[-0.031186,-0.25,-0.967744],"extended":false,"handId":870,"id":8700,"length":51.4192,"mcpPosition":[-17.3217,290.631,90.4505],"pipPosition":[-34.6293,294.51,44.5054],"stabilizedTipPosition":[-80.1363,280.513,109.533],"timeVisible":0.668879,"tipPosition":[-32.5226,278.388,-3.66155],"tipVelocity":[34.7343,-43.7743,-127.509],"tool":false,"touchDistance":-0.48875,"touchZone":"touching","type":0,"width":19.9791},{"bases":[[[0.812295,-0.482893,-0.327096],[0.565821,0.7885,0.241069],[0.141505,-0.380897,0.913725]],[[0.824444,-0.545218,-0.151757],[0.559703,0.825204,0.0759651],[0.0838127,-0.147568,0.985494]],[[0.824444,-0.545218,-0.151757],[0.546994,0.836465,-0.0335402],[0.145226,-0.055358,0.987849]],[[0.824444,-0.545218,-0.151757],[0.532881,0.83816,-0.116302],[0.190607,0.0150166,0.981552]]],"btipPosition":[-19.3181,339.388,-61.5532],"carpPosition":[1.18202,304.418,86.6462],"dipPosition":[-16.105,339.641,-45.0071],"direction":[-0.145226,0.055358,-0.987849],"extended":true,"handId":870,"id":8701,"length":58.0209,"mcpPosition":[-9.08916,332.066,20.323],"pipPosition":[-12.6418,338.321,-21.4498],"stabilizedTipPosition":[-61.2706,344.483,25.9833],"timeVisible":0.668879,"tipPosition":[-18.7928,338.544,-57.7547],"tipVelocity":[37.6873,-31.1158,-136.625],"tool":false,"touchDistance":-0.512234,"touchZone":"touching","type":1,"width":19.0841},{"bases":[[[0.715504,-0.657211,-0.236913],[0.697973,0.686956,0.202301],[0.0297939,-0.310106,0.950235]],[[0.715787,-0.660564,-0.226505],[0.388638,0.646307,-0.656695],[0.58018,0.382025,0.719338]],[[0.715787,-0.660564,-0.226505],[-0.458957,-0.200539,-0.86553],[0.526315,0.723491,-0.446714]],[[0.715787,-0.660564,-0.226505],[-0.692392,-0.629172,-0.353179],[0.0907871,0.409631,-0.907722]]],"btipPosition":[-34.2791,275.446,12.334],"carpPosition":[11.8122,300.161,82.5891],"dipPosition":[-32.5958,283.041,-4.49574],"direction":[-0.526315,-0.723491,0.446714],"extended":false,"handId":870,"id":8702,"length":66.1101,"mcpPosition":[9.7613,321.507,17.1799],"pipPosition":[-17.8295,303.339,-17.0287],"stabilizedTipPosition":[-88.1212,256.418,176.873],"timeVisible":0.668879,"tipPosition":[-33.9605,276.951,8.81886],"tipVelocity":[37.8967,-46.167,-111.196],"tool":false,"touchDistance":0.333333,"touchZone":"none","type":2,"width":18.7431},{"bases":[[[0.657424,-0.745586,-0.109067],[0.747903,0.62801,0.215046],[-0.09184,-0.222948,0.970494]],[[0.658157,-0.743728,-0.11704],[0.502804,0.549907,-0.666927],[0.560373,0.380094,0.735874]],[[0.658157,-0.743728,-0.11704],[-0.403591,-0.21729,-0.888763],[0.635566,0.632182,-0.443173]],[[0.658157,-0.743728,-0.11704],[-0.721601,-0.578799,-0.379846],[0.214759,0.334454,-0.917616]]],"btipPosition":[-19.3183,266.675,15.7527],"carpPosition":[21.0379,293.095,79.1422],"dipPosition":[-15.3594,272.84,-1.16265],"direction":[-0.635566,-0.632182,0.443173],"extended":false,"handId":870,"id":8703,"length":63.5667,"mcpPosition":[26.7139,306.874,19.1636],"pipPosition":[2.01152,290.118,-13.2752],"stabilizedTipPosition":[-74.5165,254.348,178.453],"timeVisible":0.668879,"tipPosition":[-18.4994,267.918,12.6124],"tipVelocity":[36.3782,-41.5907,-121.608],"tool":false,"touchDistance":0.333333,"touchZone":"none","type":3,"width":17.8352},{"bases":[[[0.509703,-0.859826,-0.0300325],[0.82998,0.482218,0.280355],[-0.226574,-0.167824,0.959427]],[[0.525653,-0.84433,-0.103905],[0.583581,0.446768,-0.678109],[0.618969,0.295813,0.72758]],[[0.525653,-0.84433,-0.103905],[-0.436049,-0.162545,-0.885122],[0.730445,0.510574,-0.453612]],[[0.525653,-0.84433,-0.103905],[-0.800327,-0.449419,-0.396862],[0.288385,0.291769,-0.911978]]],"btipPosition":[-1.56281,264.739,20.4058],"carpPosition":[26.0683,280.272,76.4139],"dipPosition":[3.34153,269.701,4.89646],"direction":[-0.730446,-0.510574,0.453612],"extended":false,"handId":870,"id":8704,"length":49.8351,"mcpPosition":[39.0306,289.873,21.5255],"pipPosition":[17.4371,279.553,-3.85696],"stabilizedTipPosition":[-52.6332,262.745,162.813],"timeVisible":0.668879,"tipPosition":[-0.492925,265.783,17.4492],"tipVelocity":[35.6107,-37.4662,-117.929],"tool":false,"touchDistance":0.333333,"touchZone":"none","type":4,"width":15.8426}],"r":[[0.847252,-0.399035,0.350621],[0.424117,0.905589,0.00578375],[-0.319827,0.143804,0.9365]],"s":0.790866,"t":[97.8824,23.7126,-182.671],"timestamp":607156015741},false],[4,{"currentFrameRate":110.622,"devices":[],"gestures":[],"hands":[{"armBasis":[[0.714756,-0.344415,-0.608688],[0.58495,0.77146,0.250365],[0.383349,-0.535003,0.752872]],"armWidth":62.8676,"confidence":0.875314,"direction":[0.0798092,0.405097,-0.910784],"elbow":[114.22,141.409,286.158],"grabStrength":0,"id":870,"palmNormal":[-0.579488,-0.724583,-0.373058],"palmPosition":[7.78216,306.615,36.8181],"palmVelocity":[19.4575,-26.5199,-117.224],"palmWidth":89.7729,"pinchStrength":1,"r":[[0.847714,-0.396903,0.351922],[0.422482,0.90636,0.00452938],[-0.320766,0.144841,0.936018]],"s":0.792189,"sphereCenter":[-10.6087,277.559,2.16747],"sphereRadius":44.6069,"stabilizedPalmPosition":[-39.0466,312.129,148.687],"t":[97.9956,23.5604,-183.582],"timeVisible":0.677905,"type":"right","wrist":[12.0999,283.927,85.602]}],"id":4446937,"interactionBox":{"center":[0,200,0],"size":[235.247,235.247,147.751]},"pointables":[{"bases":[[[0.860253,0.502773,0.0847573],[-0.42473,0.614671,0.664668],[0.282079,-0.607782,0.742316]],[[0.68951,0.695396,-0.202483],[-0.632947,0.714436,0.29826],[0.35207,-0.0774921,0.93276]],[[0.68951,0.695396,-0.202483],[-0.723602,0.673455,-0.151189],[0.031227,0.250764,0.967545]],[[0.68951,0.695396,-0.202483],[-0.697346,0.561878,-0.444973],[-0.195662,0.448014,0.872353]]],"btipPosition":[-31.0288,275.557,-8.95114],"carpPosition":[-17.1569,290.521,89.678],"dipPosition":[-35.5468,285.902,11.192],"direction":[-0.031227,-0.250764,-0.967545],"extended":false,"handId":870,"id":8700,"length":51.4192,"mcpPosition":[-17.1569,290.521,89.678],"pipPosition":[-34.4963,294.338,43.7397],"stabilizedTipPosition":[-80.0345,280.508,109.292],"timeVisible":0.677905,"tipPosition":[-32.3938,278.188,-4.41932],"tipVelocity":[28.9731,-37.5781,-115.695],"tool":false,"touchDistance":-0.479661,"touchZone":"touching","type":0,"width":19.9791},{"bases":[[[0.812949,-0.48163,-0.327331],[0.564547,0.789693,0.240149],[0.142828,-0.380023,0.913883]],[[0.825335,-0.543756,-0.152157],[0.558334,0.826095,0.0763551],[0.0841775,-0.147973,0.985403]],[[0.825335,-0.543756,-0.152157],[0.54554,0.837415,-0.033493],[0.14563,-0.0553646,0.987789]],[[0.825335,-0.543756,-0.152157],[0.53134,0.839103,-0.11655],[0.19105,0.0153462,0.98146]]],"btipPosition":[-19.3097,339.258,-62.3523],"carpPosition":[1.31903,304.34,85.8517],"dipPosition":[-16.0892,339.517,-45.8078],"direction":[-0.14563,0.0553646,-0.987789],"extended":true,"handId":870,"id":8701,"length":58.0209,"mcpPosition":[-9.04823,331.924,19.517],"pipPosition":[-12.6163,338.196,-22.2519],"stabilizedTipPosition":[-61.1718,344.471,25.7878],"timeVisible":0.677905,"tipPosition":[-18.7851,338.426,-58.5546],"tipVelocity":[27.6205,-26.4791,-123.399],"tool":false,"touchDistance":-0.501336,"touchZone":"touching","type":1,"width":19.0841},{"bases":[[[0.716539,-0.656064,-0.236964],[0.696857,0.688364,0.201358],[0.0310138,-0.309412,0.950422]],[[0.716851,-0.659616,-0.225902],[0.387784,0.646457,-0.657052],[0.579437,0.383407,0.719202]],[[0.716851,-0.659616,-0.225902],[-0.459752,-0.203613,-0.86439],[0.524168,0.723498,-0.44922]],[[0.716851,-0.659616,-0.225902],[-0.691708,-0.632129,-0.349219],[0.0875509,0.406596,-0.909403]]],"btipPosition":[-34.0655,275.327,11.6301],"carpPosition":[11.9541,300.099,81.79],"dipPosition":[-32.4423,282.865,-5.23081],"direction":[-0.524168,-0.723498,0.44922],"extended":false,"handId":870,"id":8702,"length":66.1101,"mcpPosition":[9.8193,321.397,16.368],"pipPosition":[-17.7362,303.164,-17.8341],"stabilizedTipPosition":[-88.0385,256.449,176.617],"timeVisible":0.677905,"tipPosition":[-33.782,276.807,8.07477],"tipVelocity":[33.5569,-37.488,-102.274],"tool":false,"touchDistance":0.333333,"touchZone":"none","type":2,"width":18.7431},{"bases":[[[0.658709,-0.744458,-0.10902],[0.746903,0.629518,0.214109],[-0.0907651,-0.222462,0.970707]],[[0.65946,-0.74253,-0.11731],[0.501374,0.550714,-0.667336],[0.560121,0.381265,0.73546]],[[0.65946,-0.74253,-0.11731],[-0.40466,-0.219123,-0.887826],[0.633532,0.632957,-0.444975]],[[0.65946,-0.74253,-0.11731],[-0.721271,-0.581003,-0.377099],[0.211849,0.333294,-0.918714]]],"btipPosition":[-19.1119,266.546,15.0268],"carpPosition":[21.1904,293.048,78.3415],"dipPosition":[-15.2067,272.69,-1.90887],"direction":[-0.633532,-0.632957,0.444975],"extended":false,"handId":870,"id":8703,"length":63.5667,"mcpPosition":[26.7999,306.796,18.3498],"pipPosition":[2.10865,289.99,-14.0707],"stabilizedTipPosition":[-74.4558,254.363,178.273],"timeVisible":0.677905,"tipPosition":[-18.3175,267.779,11.8457],"tipVelocity":[32.2822,-34.2166,-110.416],"tool":false,"touchDistance":0.333333,"touchZone":"none","type":3,"width":17.8352},{"bases":[[[0.511251,-0.858915,-0.0298064],[0.829291,0.48392,0.279459],[-0.225607,-0.167592,0.959695]],[[0.527167,-0.843381,-0.103936],[0.582438,0.447677,-0.678493],[0.618758,0.297143,0.727217]],[[0.527167,-0.843381,-0.103936],[-0.436932,-0.16412,-0.884395],[0.728825,0.511637,-0.455019]],[[0.527167,-0.843381,-0.103936],[-0.800184,-0.451516,-0.394764],[0.286008,0.291275,-0.912885]]],"btipPosition":[-1.36506,264.627,19.6502],"carpPosition":[26.2423,280.232,75.6184],"dipPosition":[3.49885,269.581,4.12542],"direction":[-0.728824,-0.511637,0.455019],"extended":false,"handId":870,"id":8704,"length":49.8351,"mcpPosition":[39.1492,289.82,20.7147],"pipPosition":[17.5631,279.454,-4.65515],"stabilizedTipPosition":[-52.5761,262.748,162.653],"timeVisible":0.677905,"tipPosition":[-0.313583,265.667,16.6707],"tipVelocity":[31.5557,-30.6171,-108.62],"tool":false,"touchDistance":0.333333,"touchZone":"none","type":4,"width":15.8426}],"r":[[0.847714,-0.396903,0.351922],[0.422482,0.90636,0.00452938],[-0.320766,0.144841,0.936018]],"s":0.792189,"t":[97.9956,23.5604,-183.582],"timestamp":607156024767},false],[5,{"currentFrameRate":110.607,"devices":[],"gestures":[],"hands":[{"armBasis":[[0.714837,-0.346128,-0.607621],[0.5859,0.770791,0.250206],[0.381745,-0.534861,0.753787]],"armWidth":62.8676,"confidence":0.884403,"direction":[0.0792375,0.405804,-0.910519],"elbow":[113.998,141.322,285.506],"grabStrength":0,"id":870,"palmNormal":[-0.580521,-0.723744,-0.373081],"palmPosition":[7.95766,306.536,35.9459],"palmVelocity":[19.4293,-21.6096,-111.413],"palmWidth":89.7729,"pinchStrength":1,"r":[[0.848082,-0.395408,0.352718],[0.421336,0.906897,0.00359193],[-0.3213,0.145567,0.935723]],"s":0.793233,"sphereCenter":[-10.4869,277.526,1.28134],"sphereRadius":44.6146,"stabilizedPalmPosition":[-39.0268,312.127,148.639],"t":[98.1399,23.4447,-184.473],"timeVisible":0.686972,"type":"right","wrist":[12.3051,283.803,84.7059]}],"id":4446938,"interactionBox":{"center":[0,200,0],"size":[235.247,235.247,147.751]},"pointables":[{"bases":[[[0.860791,0.501929,0.0843029],[-0.423496,0.614483,0.665629],[0.282296,-0.608669,0.741506]],[[0.690191,0.694782,-0.202273],[-0.631733,0.71485,0.299838],[0.352917,-0.0791627,0.9323]],[[0.690191,0.694782,-0.202273],[-0.722913,0.674438,-0.1501],[0.0321337,0.249824,0.967758]],[[0.690191,0.694782,-0.202273],[-0.69782,0.565059,-0.440177],[-0.191531,0.444956,0.874831]]],"btipPosition":[-30.9811,275.64,-9.85324],"carpPosition":[-16.9416,290.419,88.8176],"dipPosition":[-35.4036,285.914,10.3471],"direction":[-0.0321337,-0.249824,-0.967758],"extended":false,"handId":870,"id":8700,"length":51.4192,"mcpPosition":[-16.9416,290.419,88.8176],"pipPosition":[-34.3227,294.318,42.902],"stabilizedTipPosition":[-79.953,280.504,109.097],"timeVisible":0.686972,"tipPosition":[-32.2958,278.216,-5.28956],"tipVelocity":[23.0909,-25.1804,-110.817],"tool":false,"touchDistance":-0.473362,"touchZone":"touching","type":0,"width":19.9791},{"bases":[[[0.81218,-0.482079,-0.328578],[0.565502,0.788981,0.240244],[0.143425,-0.380933,0.913411]],[[0.824691,-0.544319,-0.153627],[0.559193,0.825433,0.0772206],[0.0847762,-0.14959,0.985107]],[[0.824691,-0.544319,-0.153627],[0.5463,0.836947,-0.0327873],[0.146424,-0.056887,0.987585]],[[0.824691,-0.544319,-0.153627],[0.531998,0.838763,-0.115993],[0.191994,0.0139292,0.981297]]],"btipPosition":[-19.1895,339.337,-63.1655],"carpPosition":[1.54284,304.224,84.9841],"dipPosition":[-15.953,339.572,-46.6237],"direction":[-0.146424,0.056887,-0.987585],"extended":true,"handId":870,"id":8701,"length":58.0209,"mcpPosition":[-8.86777,331.875,18.6838],"pipPosition":[-12.4612,338.215,-23.0727],"stabilizedTipPosition":[-61.0962,344.462,25.6371],"timeVisible":0.686972,"tipPosition":[-18.6614,338.511,-59.3697],"tipVelocity":[23.7646,-16.9135,-114.101],"tool":false,"touchDistance":-0.491742,"touchZone":"touching","type":1,"width":19.0841},{"bases":[[[0.715706,-0.656503,-0.238261],[0.697681,0.687566,0.20123],[0.0317119,-0.310252,0.950125]],[[0.716041,-0.660261,-0.226584],[0.387989,0.646271,-0.657114],[0.580301,0.382609,0.718931]],[[0.716041,-0.660261,-0.226584],[-0.461605,-0.204368,-0.863223],[0.523646,0.722696,-0.451116]],[[0.716041,-0.660261,-0.226584],[-0.692842,-0.632603,-0.346097],[0.0851771,0.404807,-0.910426]]],"btipPosition":[-33.8802,275.357,10.8535],"carpPosition":[12.1699,299.977,80.908],"dipPosition":[-32.3009,282.862,-6.02636],"direction":[-0.523646,-0.722696,0.451116],"extended":false,"handId":870,"id":8702,"length":66.1101,"mcpPosition":[9.98707,321.333,15.5063],"pipPosition":[-17.6095,303.138,-18.6829],"stabilizedTipPosition":[-87.9666,256.476,176.393],"timeVisible":0.686972,"tipPosition":[-33.6237,276.826,7.25003],"tipVelocity":[29.6251,-26.4494,-97.813],"tool":false,"touchDistance":0.333333,"touchZone":"none","type":2,"width":18.7431},{"bases":[[[0.657928,-0.744955,-0.110332],[0.747688,0.628664,0.213879],[-0.089968,-0.223211,0.970609]],[[0.658706,-0.742928,-0.119013],[0.50147,0.55142,-0.666681],[0.560922,0.379466,0.73578]],[[0.658706,-0.742928,-0.119013],[-0.406443,-0.218238,-0.887229],[0.633174,0.632796,-0.445713]],[[0.658706,-0.742928,-0.119013],[-0.722636,-0.580634,-0.375049],[0.209531,0.33305,-0.919334]]],"btipPosition":[-18.9381,266.554,14.1527],"carpPosition":[21.3964,292.921,77.4439],"dipPosition":[-15.0755,272.693,-2.79439],"direction":[-0.633174,-0.632796,0.445713],"extended":false,"handId":870,"id":8703,"length":63.5667,"mcpPosition":[26.9566,306.716,17.4582],"pipPosition":[2.23002,289.988,-14.9764],"stabilizedTipPosition":[-74.4049,254.375,178.121],"timeVisible":0.686972,"tipPosition":[-18.168,267.777,10.942],"tipVelocity":[28.3618,-24.5615,-106.624],"tool":false,"touchDistance":0.333333,"touchZone":"none","type":3,"width":17.8352},{"bases":[[[0.510449,-0.859347,-0.0310655],[0.830012,0.482937,0.27902],[-0.224772,-0.16821,0.959783]],[[0.526307,-0.84376,-0.105219],[0.583576,0.448438,-0.677009],[0.618417,0.294911,0.728414]],[[0.526307,-0.84376,-0.105219],[-0.437689,-0.162744,-0.884275],[0.728992,0.511453,-0.454958]],[[0.526307,-0.84376,-0.105219],[-0.801393,-0.450865,-0.393053],[0.284203,0.291188,-0.913476]]],"btipPosition":[-1.18185,264.616,18.6985],"carpPosition":[26.434,280.103,74.7047],"dipPosition":[3.65136,269.568,3.16372],"direction":[-0.728992,-0.511453,0.454958],"extended":false,"handId":870,"id":8704,"length":49.8351,"mcpPosition":[39.2931,289.726,19.7959],"pipPosition":[17.7188,279.438,-5.61568],"stabilizedTipPosition":[-52.529,262.751,162.521],"timeVisible":0.686972,"tipPosition":[-0.155936,265.643,15.7129],"tipVelocity":[28.2045,-22.4968,-107.678],"tool":false,"touchDistance":0.333333,"touchZone":"none","type":4,"width":15.8426}],"r":[[0.848082,-0.395408,0.352718],[0.421336,0.906897,0.00359193],[-0.3213,0.145567,0.935723]],"s":0.793233,"t":[98.1399,23.4447,-184.473],"timestamp":607156033834},false],[6,{"currentFrameRate":101.289,"devices":[],"gestures":[],"hands":[{"armBasis":[[0.707752,-0.364574,-0.605122],[0.596641,0.767129,0.235653],[0.378294,-0.527825,0.760457]],"armWidth":62.8676,"confidence":0.897657,"direction":[0.0794969,0.401114,-0.912572],"elbow":[113.331,142.296,284.689],"grabStrength":0,"id":870,"palmNormal":[-0.591336,-0.718019,-0.367112],"palmPosition":[8.23747,305.491,33.2823],"palmVelocity":[13.8018,-32.1434,-103.372],"palmWidth":89.7729,"pinchStrength":1,"r":[[0.847762,-0.396016,0.352804],[0.422662,0.906286,0.00166262],[-0.3204,0.147707,0.935696]],"s":0.794134,"sphereCenter":[-10.7873,276.664,-1.16319],"sphereRadius":44.5929,"stabilizedPalmPosition":[-38.9814,312.12,148.528],"t":[98.352,22.8642,-186.25],"timeVisible":0.714034,"type":"right","wrist":[12.5579,282.902,82.1121]}],"id":4446939,"interactionBox":{"center":[0,200,0],"size":[235.247,235.247,147.751]},"pointables":[{"bases":[[[0.867342,0.491594,0.0778058],[-0.412416,0.622351,0.665276],[0.278623,-0.60911,0.742532]],[[0.697837,0.685256,-0.208441],[-0.621186,0.723896,0.300171],[0.356584,-0.0799898,0.930833]],[[0.697837,0.685256,-0.208441],[-0.715199,0.682455,-0.150815],[0.0389049,0.254321,0.966337]],[[0.697837,0.685256,-0.208441],[-0.693672,0.57408,-0.43503],[-0.178446,0.44817,0.875957]]],"btipPosition":[-31.3332,274.932,-12.2295],"carpPosition":[-16.5832,289.896,86.3474],"dipPosition":[-35.4536,285.281,7.99684],"direction":[-0.0389049,-0.254321,-0.966337],"extended":false,"handId":870,"id":8700,"length":51.4192,"mcpPosition":[-16.5832,289.896,86.3474],"pipPosition":[-34.1449,293.836,40.504],"stabilizedTipPosition":[-79.8399,280.496,108.821],"timeVisible":0.714034,"tipPosition":[-32.5658,277.512,-7.64232],"tipVelocity":[2.33017,-25.3862,-96.4348],"tool":false,"touchDistance":-0.489913,"touchZone":"touching","type":0,"width":19.9791},{"bases":[[[0.804453,-0.493398,-0.330778],[0.576431,0.782899,0.234087],[0.143468,-0.378983,0.914215]],[[0.817109,-0.554969,-0.156019],[0.56982,0.818552,0.0726433],[0.0873953,-0.148261,0.985079]],[[0.817109,-0.554969,-0.156019],[0.556541,0.829972,-0.0375276],[0.150319,-0.0561671,0.987041]],[[0.817109,-0.554969,-0.156019],[0.541834,0.831749,-0.120867],[0.196846,0.0142244,0.980331]]],"btipPosition":[-18.9712,338.349,-65.8155],"carpPosition":[2.04989,303.457,82.362],"dipPosition":[-15.6529,338.589,-49.29],"direction":[-0.150319,0.0561671,-0.987041],"extended":true,"handId":870,"id":8701,"length":58.0209,"mcpPosition":[-8.3638,330.965,16.0033],"pipPosition":[-12.0683,337.25,-25.752],"stabilizedTipPosition":[-60.9705,344.445,25.3801],"timeVisible":0.714034,"tipPosition":[-18.4385,337.536,-62.0204],"tipVelocity":[14.476,-29.0137,-104.172],"tool":false,"touchDistance":-0.510708,"touchZone":"touching","type":1,"width":19.0841},{"bases":[[[0.706306,-0.666251,-0.23925],[0.707145,0.679703,0.19481],[0.032827,-0.30678,0.951214]],[[0.706675,-0.670202,-0.226802],[0.392966,0.638341,-0.66189],[0.588378,0.378616,0.714466]],[[0.706675,-0.670202,-0.226802],[-0.469816,-0.204799,-0.858679],[0.52904,0.713363,-0.459599]],[[0.706675,-0.670202,-0.226802],[-0.702709,-0.627429,-0.335459],[0.0825232,0.396437,-0.914346]]],"btipPosition":[-34.0106,274.81,8.64217],"carpPosition":[12.6025,299.062,78.2486],"dipPosition":[-32.4806,282.16,-8.31037],"direction":[-0.52904,-0.713363,0.459599],"extended":false,"handId":870,"id":8702,"length":66.1101,"mcpPosition":[10.3428,320.179,12.772],"pipPosition":[-17.6379,302.174,-21.2049],"stabilizedTipPosition":[-87.866,256.513,176.075],"timeVisible":0.714034,"tipPosition":[-33.7934,276.24,4.96508],"tipVelocity":[8.0405,-23.4095,-88.2283],"tool":false,"touchDistance":0.333333,"touchZone":"none","type":2,"width":18.7431},{"bases":[[[0.648108,-0.753465,-0.110664],[0.756486,0.620239,0.207442],[-0.087662,-0.21816,0.971968]],[[0.648936,-0.751291,-0.120184],[0.505865,0.544034,-0.669423],[0.568316,0.373616,0.733095]],[[0.648936,-0.751291,-0.120184],[-0.414462,-0.216596,-0.883916],[0.638046,0.623417,-0.451939]],[[0.648936,-0.751291,-0.120184],[-0.732446,-0.57412,-0.365936],[0.205924,0.325497,-0.922847]]],"btipPosition":[-19.1465,265.852,11.7441],"carpPosition":[21.723,291.878,74.7661],"dipPosition":[-15.3505,271.853,-5.26771],"direction":[-0.638046,-0.623417,0.451939],"extended":false,"handId":870,"id":8703,"length":63.5667,"mcpPosition":[27.1407,305.361,14.6964],"pipPosition":[2.08824,288.892,-17.6198],"stabilizedTipPosition":[-74.3311,254.392,177.897],"timeVisible":0.714034,"tipPosition":[-18.4216,267.026,8.49377],"tipVelocity":[5.68405,-26.1288,-96.0547],"tool":false,"touchDistance":0.333333,"touchZone":"none","type":3,"width":17.8352},{"bases":[[[0.499644,-0.865705,-0.0301694],[0.837345,0.47377,0.272755],[-0.221832,-0.161542,0.96161]],[[0.515237,-0.850703,-0.104098],[0.587119,0.438833,-0.680233],[0.624358,0.289363,0.725566]],[[0.515237,-0.850703,-0.104098],[-0.44408,-0.161109,-0.881384],[0.733024,0.500349,-0.460789]],[[0.515237,-0.850703,-0.104098],[-0.809441,-0.443096,-0.385321],[0.281668,0.282792,-0.916892]]],"btipPosition":[-1.43813,263.671,16.2127],"carpPosition":[26.5878,278.989,72.0535],"dipPosition":[3.35198,268.48,0.619867],"direction":[-0.733024,-0.500349,0.460789],"extended":false,"handId":870,"id":8704,"length":49.8351,"mcpPosition":[39.2788,288.23,17.0402],"pipPosition":[17.4973,278.135,-8.27205],"stabilizedTipPosition":[-52.452,262.754,162.299],"timeVisible":0.714034,"tipPosition":[-0.440234,264.656,13.2001],"tipVelocity":[4.65321,-30.9514,-98.1872],"tool":false,"touchDistance":0.333333,"touchZone":"none","type":4,"width":15.8426}],"r":[[0.847762,-0.396016,0.352804],[0.422662,0.906286,0.00166262],[-0.3204,0.147707,0.935696]],"s":0.79