{"sensorType":"Leap","data":[[0,{"currentFrameRate":107.036,"devices":[],"gestures":[],"hands":[{"armBasis":[[0.657809,-0.398283,-0.639263],[0.635159,0.749496,0.186625],[0.404796,-0.528797,0.745998]],"armWidth":62.8676,"confidence":0.778525,"direction":[0.104518,0.42111,-0.900967],"elbow":[122.485,170.403,285.258],"grabStrength":0.0677128,"id":876,"palmNormal":[-0.627321,-0.675054,-0.388292],"palmPosition":[11.7426,335.383,38.3329],"palmVelocity":[45.1896,-72.9583,-162.462],"palmWidth":89.7729,"pinchStrength":1,"r":[[0.883246,-0.236361,0.404981],[0.306926,0.944361,-0.11823],[-0.354504,0.228725,0.906649]],"s":0.938597,"sphereCenter":[-33.7942,320.741,5.79892],"sphereRadius":54.5082,"stabilizedPalmPosition":[-10.823,330.414,119.185],"t":[77.3127,80.5738,-183.782],"timeVisible":4.99824,"type":"right","wrist":[14.6518,311.268,86.5332]}],"id":4451882,"interactionBox":{"center":[0,200,0],"size":[235.247,235.247,147.751]},"pointables":[{"bases":[[[0.892024,0.442195,0.0935801],[-0.381315,0.625077,0.681086],[0.242678,-0.643228,0.726199]],[[0.725884,0.658669,-0.198108],[-0.627864,0.752142,0.200174],[0.280853,-0.0209183,0.959523]],[[0.725884,0.658669,-0.198108],[-0.687294,0.705824,-0.171581],[0.026814,0.260706,0.965046]],[[0.725884,0.658669,-0.198108],[-0.644756,0.551296,-0.529493],[-0.239545,0.512082,0.824858]]],"btipPosition":[-23.2941,300.128,-7.88309],"carpPosition":[-14.0913,319.692,90.8834],"dipPosition":[-28.8253,311.952,11.1633],"direction":[-0.026814,-0.260706,-0.965046],"extended":false,"handId":876,"id":8760,"length":51.4192,"mcpPosition":[-14.0913,319.692,90.8834],"pipPosition":[-27.9233,320.723,43.627],"stabilizedTipPosition":[-49.3199,303.489,73.7394],"timeVisible":4.99824,"tipPosition":[-24.67,303.607,-3.62555],"tipVelocity":[33.29,-66.6732,-167.973],"tool":false,"touchDistance":-0.541106,"touchZone":"hovering","type":0,"width":19.9791},{"bases":[[[0.778309,-0.526474,-0.342142],[0.616444,0.744254,0.257066],[0.119302,-0.410987,0.903801]],[[0.78631,-0.599022,-0.151289],[0.565358,0.796378,-0.214829],[0.24917,0.0833899,0.964863]],[[0.78631,-0.599022,-0.151289],[0.550512,0.790456,-0.268543],[0.28045,0.127872,0.951313]],[[0.78631,-0.599022,-0.151289],[0.539495,0.785046,-0.304383],[0.3011,0.15772,0.940459]]],"btipPosition":[-25.7298,352.93,-57.7189],"carpPosition":[5.25517,332.341,87.3217],"dipPosition":[-20.6541,355.588,-41.8655],"direction":[-0.28045,-0.127872,-0.951313],"extended":true,"handId":876,"id":8761,"length":58.0209,"mcpPosition":[-3.40442,362.172,21.7189],"pipPosition":[-13.9662,358.638,-19.1795],"stabilizedTipPosition":[-75.0914,343.142,64.4536],"timeVisible":4.99824,"tipPosition":[-24.0282,353.73,-54.1765],"tipVelocity":[56.9058,-37.3937,-165.169],"tool":false,"touchDistance":-0.567861,"touchZone":"hovering","type":1,"width":19.0841},{"bases":[[[0.670702,-0.696271,-0.255666],[0.741621,0.635329,0.215302],[0.0125233,-0.334011,0.942486]],[[0.66638,-0.660875,-0.345227],[0.637924,0.745035,-0.194873],[0.385993,-0.0903692,0.918065]],[[0.66638,-0.660875,-0.345227],[0.617995,0.7486,-0.240167],[0.417157,-0.0533059,0.90727]],[[0.66638,-0.660875,-0.345227],[0.603397,0.749983,-0.270993],[0.438007,-0.0277244,0.898544]]],"btipPosition":[-23.4681,356.801,-67.5326],"carpPosition":[15.5748,327.502,83.1164],"dipPosition":[-15.3471,356.287,-50.873],"direction":[-0.417157,0.0533059,-0.90727],"extended":true,"handId":876,"id":8762,"length":66.1101,"mcpPosition":[14.7128,350.494,18.2406],"pipPosition":[-3.64337,354.791,-25.4186],"stabilizedTipPosition":[-67.2877,348.826,41.653],"timeVisible":4.99824,"tipPosition":[-21.3491,356.494,-63.7489],"tipVelocity":[70.3314,-28.4986,-167.584],"tool":false,"touchDistance":-0.571924,"touchZone":"hovering","type":2,"width":18.7431},{"bases":[[[0.607407,-0.783734,-0.129683],[0.787666,0.572989,0.22642],[-0.103147,-0.239676,0.965358]],[[0.605732,-0.787362,-0.114673],[0.549956,0.518456,-0.654791],[0.575011,0.333563,0.74706]],[[0.605732,-0.787362,-0.114673],[0.232468,0.312961,-0.920877],[0.760952,0.531146,0.372607]],[[0.605732,-0.787362,-0.114673],[0.0305449,0.167026,-0.985479],[0.795082,0.593433,0.125223]]],"btipPosition":[-30.1145,294.591,-25.6242],"carpPosition":[24.313,319.939,79.4611],"dipPosition":[-15.4579,305.531,-23.3158],"direction":[-0.760952,-0.531146,-0.372607],"extended":false,"handId":876,"id":8763,"length":63.5667,"mcpPosition":[30.6876,334.752,19.7999],"pipPosition":[5.34004,320.048,-13.1319],"stabilizedTipPosition":[-52.5203,299.478,50.3717],"timeVisible":4.99824,"tipPosition":[-26.1512,297.51,-26.0487],"tipVelocity":[33.9309,-58.1809,-162.449],"tool":false,"touchDistance":-0.538866,"touchZone":"hovering","type":3,"width":17.8352},{"bases":[[[0.452836,-0.890035,-0.052698],[0.860323,0.420673,0.287885],[-0.234059,-0.175702,0.956214]],[[0.435141,-0.900236,0.015088],[0.688623,0.321966,-0.64972],[0.580043,0.29311,0.760024]],[[0.435141,-0.900236,0.015088],[0.354255,0.155779,-0.922083],[0.827742,0.406581,0.386699]],[[0.435141,-0.900236,0.015088],[0.136748,0.049517,-0.989368],[0.889917,0.432577,0.144652]]],"btipPosition":[-9.4585,291.511,-14.7339],"carpPosition":[28.4938,306.887,76.4072],"dipPosition":[5.67564,298.867,-12.2739],"direction":[-0.827742,-0.406581,-0.386699],"extended":false,"handId":876,"id":8764,"length":49.8351,"mcpPosition":[41.8842,316.938,21.7027],"pipPosition":[21.6487,306.713,-4.81169],"stabilizedTipPosition":[-25.3827,297.117,53.5741],"timeVisible":4.99824,"tipPosition":[-5.17389,292.87,-14.85],"tipVelocity":[35.2005,-62.9356,-166.595],"tool":false,"touchDistance":-0.533478,"touchZone":"hovering","type":4,"width":15.8426}],"r":[[0.883246,-0.236361,0.404981],[0.306926,0.944361,-0.11823],[-0.354504,0.228725,0.906649]],"s":0.938597,"t":[77.3127,80.5738,-183.782],"timestamp":607202166186},false],[1,{"currentFrameRate":107.206,"devices":[],"gestures":[],"hands":[{"armBasis":[[0.661377,-0.397021,-0.63636],[0.63322,0.750284,0.190016],[0.40201,-0.528629,0.747623]],"armWidth":62.8676,"confidence":0.769372,"direction":[0.10571,0.422683,-0.900091],"elbow":[121.892,169.978,284.573],"grabStrength":0.0588139,"id":876,"palmNormal":[-0.625049,-0.675749,-0.39074],"palmPosition":[11.9529,334.979,37.2442],"palmVelocity":[39.1735,-65.201,-150.988],"palmWidth":89.7729,"pinchStrength":1,"r":[[0.882387,-0.238105,0.405832],[0.308684,0.943895,-0.117372],[-0.355116,0.228842,0.90638]],"s":0.941381,"sphereCenter":[-33.6322,320.624,4.59837],"sphereRadius":54.6255,"stabilizedPalmPosition":[-10.777,330.423,119.019],"t":[77.5935,80.0581,-184.98],"timeVisible":5.00726,"type":"right","wrist":[14.8015,310.798,85.4147]}],"id":4451883,"interactionBox":{"center":[0,200,0],"size":[235.247,235.247,147.751]},"pointables":[{"bases":[[[0.8909,0.443877,0.0962837],[-0.384148,0.623266,0.681154],[0.242338,-0.643827,0.725782]],[[0.724701,0.660658,-0.195805],[-0.630194,0.75039,0.199426],[0.278682,-0.021129,0.960151]],[[0.724701,0.660658,-0.195805],[-0.688644,0.704319,-0.172349],[0.0240451,0.259741,0.965379]],[[0.724701,0.660658,-0.195805],[-0.645736,0.551962,-0.527601],[-0.240487,0.508791,0.826618]]],"btipPosition":[-22.9496,299.711,-9.13743],"carpPosition":[-13.9687,319.157,89.7118],"dipPosition":[-28.5026,311.46,9.94963],"direction":[-0.0240451,-0.259741,-0.965379],"extended":false,"handId":876,"id":8760,"length":51.4192,"mcpPosition":[-13.9687,319.157,89.7118],"pipPosition":[-27.6937,320.197,42.4245],"stabilizedTipPosition":[-49.2626,303.487,73.5604],"timeVisible":5.00726,"tipPosition":[-24.3162,303.158,-4.85541],"tipVelocity":[34.4873,-61.5853,-159.75],"tool":false,"touchDistance":-0.534004,"touchZone":"hovering","type":0,"width":19.9791},{"bases":[[[0.780164,-0.524363,-0.341155],[0.614329,0.745125,0.259594],[0.118081,-0.412107,0.903451]],[[0.787918,-0.596917,-0.151249],[0.564799,0.798403,-0.208695],[0.245332,0.0790092,0.966214]],[[0.787918,-0.596917,-0.151249],[0.550193,0.792735,-0.262411],[0.276538,0.123542,0.953029]],[[0.787918,-0.596917,-0.151249],[0.539325,0.787487,-0.298316],[0.297177,0.153476,0.942407]]],"btipPosition":[-25.2143,352.881,-58.9328],"carpPosition":[5.35989,331.85,86.2134],"dipPosition":[-20.2048,355.468,-43.0466],"direction":[-0.276538,-0.123542,-0.953029],"extended":true,"handId":876,"id":8761,"length":58.0209,"mcpPosition":[-3.21111,361.763,20.636],"pipPosition":[-13.6102,358.414,-20.3197],"stabilizedTipPosition":[-74.9061,343.18,64.0188],"timeVisible":5.00726,"tipPosition":[-23.6136,353.551,-55.3477],"tipVelocity":[56.5129,-29.1067,-156.54],"tool":false,"touchDistance":-0.557505,"touchZone":"hovering","type":1,"width":19.0841},{"bases":[[[0.672709,-0.694511,-0.255181],[0.739824,0.636519,0.217952],[0.0110573,-0.335408,0.942008]],[[0.668501,-0.658896,-0.344908],[0.638816,0.7462,-0.187351],[0.380815,-0.0950884,0.919749]],[[0.668501,-0.658896,-0.344908],[0.619033,0.750013,-0.232979],[0.412194,-0.0577625,0.909263]],[[0.668501,-0.658896,-0.344908],[0.604497,0.751555,-0.264099],[0.433231,-0.0319449,0.900716]]],"btipPosition":[-22.769,356.862,-68.7679],"carpPosition":[15.699,327.039,82.0244],"dipPosition":[-14.7366,356.269,-52.0681],"direction":[-0.412194,0.0577625,-0.909263],"extended":true,"handId":876,"id":8762,"length":66.1101,"mcpPosition":[14.9378,350.127,17.1815],"pipPosition":[-3.17204,354.649,-26.5578],"stabilizedTipPosition":[-67.0504,348.867,41.1077],"timeVisible":5.00726,"tipPosition":[-20.7936,356.427,-64.9325],"tipVelocity":[71.6906,-19.3628,-158.892],"tool":false,"touchDistance":-0.561456,"touchZone":"hovering","type":2,"width":18.7431},{"bases":[[[0.609306,-0.782293,-0.129475],[0.785971,0.574257,0.229082],[-0.104858,-0.241344,0.964758]],[[0.607636,-0.785883,-0.114746],[0.5503,0.52078,-0.652655],[0.572668,0.333432,0.748916]],[[0.607636,-0.785883,-0.114746],[0.233832,0.315097,-0.919802],[0.759013,0.532074,0.375229]],[[0.607636,-0.785883,-0.114746],[0.0323514,0.168849,-0.985111],[0.793556,0.594877,0.128023]]],"btipPosition":[-29.6764,294.208,-26.8756],"carpPosition":[24.4609,319.499,78.3777],"dipPosition":[-15.0479,305.174,-24.5156],"direction":[-0.759013,-0.532074,-0.375229],"extended":false,"handId":876,"id":8763,"length":63.5667,"mcpPosition":[30.9414,334.415,18.7536],"pipPosition":[5.69705,319.717,-14.26],"stabilizedTipPosition":[-52.4708,299.473,50.227],"timeVisible":5.00726,"tipPosition":[-25.7262,297.126,-27.27],"tipVelocity":[37.7648,-53.6739,-155.578],"tool":false,"touchDistance":-0.531906,"touchZone":"hovering","type":3,"width":17.8352},{"bases":[[[0.454778,-0.889026,-0.0530033],[0.8588,0.421997,0.290483],[-0.23588,-0.177625,0.955411]],[[0.436924,-0.899376,0.0148149],[0.689505,0.324299,-0.647621],[0.577651,0.293177,0.761818]],[[0.436924,-0.899376,0.0148149],[0.356124,0.157836,-0.921012],[0.825998,0.407689,0.389252]],[[0.436924,-0.899376,0.0148149],[0.138991,0.0512321,-0.988968],[0.888695,0.434163,0.147389]]],"btipPosition":[-9.03478,291.143,-15.9398],"carpPosition":[28.6755,306.46,75.3138],"dipPosition":[6.07857,298.527,-13.4333],"direction":[-0.825998,-0.407689,-0.389252],"extended":false,"handId":876,"id":8764,"length":49.8351,"mcpPosition":[42.1701,316.622,20.6551],"pipPosition":[22.018,306.394,-5.92183],"stabilizedTipPosition":[-25.3512,297.11,53.4646],"timeVisible":5.00726,"tipPosition":[-4.76144,292.515,-16.0363],"tipVelocity":[38.2974,-56.6429,-157.233],"tool":false,"touchDistance":-0.526393,"touchZone":"hovering","type":4,"width":15.8426}],"r":[[0.882387,-0.238105,0.405832],[0.308684,0.943895,-0.117372],[-0.355116,0.228842,0.90638]],"s":0.941381,"t":[77.5935,80.0581,-184.98],"timestamp":607202175203},false],[2,{"currentFrameRate":107.309,"devices":[],"gestures":[],"hands":[{"armBasis":[[0.667396,-0.396036,-0.630665],[0.628408,0.753926,0.191568],[0.399607,-0.524167,0.752039]],"armWidth":62.8676,"confidence":0.778876,"direction":[0.107131,0.423614,-0.899485],"elbow":[121.285,171.108,284.116],"grabStrength":0.0481861,"id":876,"palmNormal":[-0.619853,-0.678895,-0.393553],"palmPosition":[12.054,334.926,35.6095],"palmVelocity":[31.3628,-48.7082,-158.779],"palmWidth":89.7729,"pinchStrength":1,"r":[[0.881619,-0.238595,0.407211],[0.309183,0.943857,-0.116358],[-0.356586,0.228486,0.905892]],"s":0.944629,"sphereCenter":[-33.5099,320.76,2.78882],"sphereRadius":54.7741,"stabilizedPalmPosition":[-10.7369,330.431,118.873],"t":[77.7844,79.7734,-186.397],"timeVisible":5.01639,"type":"right","wrist":[14.8347,310.74,83.7815]}],"id":4451884,"interactionBox":{"center":[0,200,0],"size":[235.247,235.247,147.751]},"pointables":[{"bases":[[[0.88813,0.448561,0.100091],[-0.390226,0.620933,0.679828],[0.242794,-0.642834,0.726509]],[[0.721266,0.665092,-0.193463],[-0.635824,0.746535,0.195991],[0.274779,-0.0183534,0.961332]],[[0.721266,0.665092,-0.193463],[-0.692426,0.69956,-0.176525],[0.0179335,0.26128,0.965096]],[[0.721266,0.665092,-0.193463],[-0.647957,0.549153,-0.527809],[-0.244801,0.506046,0.827037]]],"btipPosition":[-22.4803,299.373,-10.943],"carpPosition":[-13.9968,318.944,87.9646],"dipPosition":[-28.1329,311.058,8.15377],"direction":[-0.0179335,-0.26128,-0.965096],"extended":false,"handId":876,"id":8760,"length":51.4192,"mcpPosition":[-13.9968,318.944,87.9646],"pipPosition":[-27.5296,319.848,40.6192],"stabilizedTipPosition":[-49.21,303.484,73.3949],"timeVisible":5.01639,"tipPosition":[-23.869,302.814,-6.64875],"tipVelocity":[38.4908,-55.198,-170.235],"tool":false,"touchDistance":-0.535986,"touchZone":"hovering","type":0,"width":19.9791},{"bases":[[[0.784322,-0.520071,-0.338178],[0.6093,0.748268,0.262391],[0.116585,-0.411851,0.903762]],[[0.791718,-0.592451,-0.148944],[0.562158,0.802001,-0.201924],[0.239083,0.0761366,0.96801]],[[0.791718,-0.592451,-0.148944],[0.548176,0.796607,-0.254793],[0.269603,0.120077,0.955456]],[[0.791718,-0.592451,-0.148944],[0.537753,0.791582,-0.290208],[0.289836,0.149668,0.945301]]],"btipPosition":[-24.6334,353.022,-60.8015],"carpPosition":[5.27823,331.741,84.5501],"dipPosition":[-19.7476,355.544,-44.8665],"direction":[-0.269603,-0.120077,-0.955456],"extended":true,"handId":876,"id":8761,"length":58.0209,"mcpPosition":[-3.18419,361.635,18.9501],"pipPosition":[-13.3184,358.408,-22.0816],"stabilizedTipPosition":[-74.7487,343.212,63.6477],"timeVisible":5.01639,"tipPosition":[-23.1642,353.553,-57.1632],"tipVelocity":[57.6207,-17.1727,-169.565],"tool":false,"touchDistance":-0.557949,"touchZone":"hovering","type":1,"width":19.0841},{"bases":[[[0.677423,-0.690822,-0.25271],[0.735539,0.640347,0.221219],[0.00899926,-0.335737,0.941913]],[[0.673377,-0.655112,-0.342625],[0.63794,0.749103,-0.178542],[0.373627,-0.0983484,0.922351]],[[0.673377,-0.655112,-0.342625],[0.618476,0.753081,-0.2244],[0.405032,-0.0607999,0.912279]],[[0.673377,-0.655112,-0.342625],[0.604126,0.754731,-0.255758],[0.42614,-0.0347673,0.903989]]],"btipPosition":[-21.9923,357.125,-70.6534],"carpPosition":[15.6597,326.987,80.4014],"dipPosition":[-14.0914,356.48,-53.8929],"direction":[-0.405032,0.0607999,-0.912279],"extended":true,"handId":876,"id":8762,"length":66.1101,"mcpPosition":[15.0402,350.097,15.565],"pipPosition":[-2.72781,354.774,-28.2979],"stabilizedTipPosition":[-66.8352,348.904,40.6121],"timeVisible":5.01639,"tipPosition":[-20.1794,356.557,-66.7583],"tipVelocity":[74.4832,-6.34158,-171.692],"tool":false,"touchDistance":-0.561716,"touchZone":"hovering","type":2,"width":18.7431},{"bases":[[[0.613975,-0.778993,-0.127298],[0.78197,0.578326,0.232512],[-0.107505,-0.2423,0.964227]],[[0.612369,-0.78239,-0.113446],[0.550292,0.524867,-0.64938],[0.567612,0.335232,0.751955]],[[0.612369,-0.78239,-0.113446],[0.236172,0.317988,-0.918208],[0.754471,0.53549,0.379504]],[[0.612369,-0.78239,-0.113446],[0.0357202,0.170734,-0.98467],[0.789765,0.598929,0.132499]]],"btipPosition":[-29.0804,294.016,-28.7663],"carpPosition":[24.4764,319.495,76.7875],"dipPosition":[-14.5218,305.056,-26.3238],"direction":[-0.754471,-0.53549,-0.379505],"extended":false,"handId":876,"id":8763,"length":63.5667,"mcpPosition":[31.1204,334.47,17.1962],"pipPosition":[6.099,319.692,-15.9514],"stabilizedTipPosition":[-52.4264,299.468,50.0966],"timeVisible":5.01639,"tipPosition":[-25.1754,296.918,-29.0744],"tipVelocity":[44.9196,-44.0892,-169.308],"tool":false,"touchDistance":-0.535125,"touchZone":"hovering","type":3,"width":17.8352},{"bases":[[[0.459706,-0.886577,-0.0515002],[0.855356,0.42643,0.29415],[-0.238825,-0.179273,0.954371]],[[0.441625,-0.897052,0.0162608],[0.690426,0.328216,-0.644659],[0.572956,0.295925,0.764297]],[[0.441625,-0.897052,0.0162608],[0.359061,0.160101,-0.919479],[0.822218,0.411904,0.392802]],[[0.441625,-0.897052,0.0162608],[0.142778,0.0523747,-0.988368],[0.885766,0.43881,0.151209]]],"btipPosition":[-8.48265,291.001,-17.6784],"carpPosition":[28.7726,306.48,73.7356],"dipPosition":[6.58089,298.463,-15.1069],"direction":[-0.822218,-0.411904,-0.392802],"extended":false,"handId":876,"id":8764,"length":49.8351,"mcpPosition":[42.4356,316.736,19.1365],"pipPosition":[22.4474,306.412,-7.52698],"stabilizedTipPosition":[-25.3225,297.104,53.365],"timeVisible":5.01639,"tipPosition":[-4.22121,292.398,-17.7525],"tipVelocity":[44.11,-44.6736,-165.995],"tool":false,"touchDistance":-0.527942,"touchZone":"hovering","type":4,"width":15.8426}],"r":[[0.881619,-0.238595,0.407211],[0.309183,0.943857,-0.116358],[-0.356586,0.228486,0.905892]],"s":0.944629,"t":[77.7844,79.7734,-186.397],"timestamp":607202184335},false],[3,{"currentFrameRate":107.487,"devices":[],"gestures":[],"hands":[{"armBasis":[[0.668733,-0.400144,-0.626643],[0.627333,0.75604,0.186699],[0.39906,-0.517966,0.756612]],"armWidth":62.8676,"confidence":0.781611,"direction":[0.108278,0.424359,-0.898997],"elbow":[121.234,172.413,283.851],"grabStrength":0.0396339,"id":876,"palmNormal":[-0.618699,-0.67907,-0.395063],"palmPosition":[12.2084,334.612,34.1395],"palmVelocity":[27.4807,-44.929,-160.13],"palmWidth":89.7729,"pinchStrength":1,"r":[[0.880906,-0.238914,0.408565],[0.309476,0.94389,-0.115306],[-0.358092,0.228015,0.905417]],"s":0.948261,"sphereCenter":[-33.4502,320.815,1.24327],"sphereRadius":54.9105,"stabilizedPalmPosition":[-10.704,330.437,118.751],"t":[77.9571,79.4743,-187.84],"timeVisible":5.02537,"type":"right","wrist":[14.9288,310.393,82.2982]}],"id":4451885,"interactionBox":{"center":[0,200,0],"size":[235.247,235.247,147.751]},"pointables":[{"bases":[[[0.887628,0.449154,0.10187],[-0.391801,0.620137,0.679649],[0.242094,-0.643187,0.72643]],[[0.720515,0.666186,-0.192494],[-0.637376,0.74558,0.19458],[0.273146,-0.0175071,0.961813]],[[0.720515,0.666186,-0.192494],[-0.69326,0.698319,-0.178159],[0.0157354,0.261815,0.96499]],[[0.720515,0.666186,-0.192494],[-0.648973,0.550008,-0.525667],[-0.244319,0.503675,0.828626]]],"btipPosition":[-22.2559,298.997,-12.524],"carpPosition":[-13.9156,318.572,86.4404],"dipPosition":[-27.8974,310.627,6.60939],"direction":[-0.0157354,-0.261815,-0.96499],"extended":false,"handId":876,"id":8760,"length":51.4192,"mcpPosition":[-13.9156,318.572,86.4404],"pipPosition":[-27.368,319.434,39.0712],"stabilizedTipPosition":[-49.1648,303.481,73.2511],"timeVisible":5.02537,"tipPosition":[-23.6312,302.423,-8.20775],"tipVelocity":[34.8685,-51.952,-171.581],"tool":false,"touchDistance":-0.53431,"touchZone":"hovering","type":0,"width":19.9791},{"bases":[[[0.785264,-0.519231,-0.337282],[0.608308,0.748532,0.263936],[0.115423,-0.412431,0.903647]],[[0.792458,-0.591394,-0.149208],[0.562805,0.803303,-0.194821],[0.235075,0.0704122,0.969423]],[[0.792458,-0.591394,-0.149208],[0.5493,0.798333,-0.24685],[0.265103,0.113658,0.957498]],[[0.792458,-0.591394,-0.149208],[0.539209,0.793628,-0.281794],[0.285067,0.142856,0.947802]]],"btipPosition":[-24.1143,353.219,-62.4273],"carpPosition":[5.35529,331.386,83.0667],"dipPosition":[-19.3089,355.628,-46.4502],"direction":[-0.265103,-0.113658,-0.957498],"extended":true,"handId":876,"id":8761,"length":58.0209,"mcpPosition":[-3.02271,361.323,17.475],"pipPosition":[-12.987,358.338,-23.6166],"stabilizedTipPosition":[-74.6201,343.238,63.3436],"timeVisible":5.02537,"tipPosition":[-22.7741,353.574,-58.7341],"tipVelocity":[57.1076,-7.2342,-172.423],"tool":false,"touchDistance":-0.55473,"touchZone":"hovering","type":1,"width":19.0841},{"bases":[[[0.678354,-0.690126,-0.252115],[0.734695,0.640737,0.22289],[0.00771699,-0.336426,0.941678]],[[0.674436,-0.654402,-0.341898],[0.639601,0.749165,-0.172228],[0.368844,-0.102521,0.92382]],[[0.674436,-0.654402,-0.341898],[0.620338,0.753357,-0.218252],[0.400396,-0.0648949,0.914042]],[[0.674436,-0.654402,-0.341898],[0.606093,0.755153,-0.249789],[0.421648,-0.0387549,0.905931]]],"btipPosition":[-21.3759,357.215,-72.2626],"carpPosition":[15.7471,326.643,78.9314],"dipPosition":[-13.5582,356.497,-55.466],"direction":[-0.400396,0.0648949,-0.914042],"extended":true,"handId":876,"id":8762,"length":66.1101,"mcpPosition":[15.2159,349.801,14.1112],"pipPosition":[-2.32474,354.676,-29.8217],"stabilizedTipPosition":[-66.648,348.936,40.1804],"timeVisible":5.02537,"tipPosition":[-19.6842,356.553,-68.3261],"tipVelocity":[72.301,-2.35259,-173.502],"tool":false,"touchDistance":-0.557892,"touchZone":"hovering","type":2,"width":18.7431},{"bases":[[[0.614768,-0.778437,-0.126872],[0.781154,0.578742,0.234213],[-0.108894,-0.243093,0.963871]],[[0.613176,-0.781778,-0.113307],[0.550845,0.525968,-0.648018],[0.566202,0.334935,0.753149]],[[0.613176,-0.781778,-0.113307],[0.237374,0.319158,-0.917492],[0.753438,0.535688,0.381274]],[[0.613176,-0.781778,-0.113307],[0.037183,0.171842,-0.984423],[0.78907,0.599412,0.134438]]],"btipPosition":[-28.7924,293.729,-30.3422],"carpPosition":[24.5753,319.161,75.3263],"dipPosition":[-14.2467,304.778,-27.864],"direction":[-0.753438,-0.535688,-0.381274],"extended":false,"handId":876,"id":8763,"length":63.5667,"mcpPosition":[31.3052,334.184,15.7571],"pipPosition":[6.34588,319.42,-17.4432],"stabilizedTipPosition":[-52.3891,299.463,49.9862],"timeVisible":5.02537,"tipPosition":[-24.8981,296.624,-30.6227],"tipVelocity":[41.3078,-40.6987,-170.757],"tool":false,"touchDistance":-0.533461,"touchZone":"hovering","type":3,"width":17.8352},{"bases":[[[0.460456,-0.886193,-0.0514043],[0.854554,0.426856,0.295858],[-0.240245,-0.180157,0.953848]],[[0.442235,-0.896748,0.0164545],[0.69143,0.329182,-0.643089],[0.571272,0.295774,0.765615]],[[0.442235,-0.896748,0.0164545],[0.360747,0.161047,-0.918654],[0.821151,0.412197,0.39472]],[[0.442235,-0.896748,0.0164545],[0.144667,0.0532131,-0.988049],[0.885155,0.43933,0.153262]]],"btipPosition":[-8.19805,290.713,-19.2301],"carpPosition":[28.8862,306.151,72.2719],"dipPosition":[6.85511,298.185,-16.6237],"direction":[-0.821151,-0.412197,-0.39472],"extended":false,"handId":876,"id":8764,"length":49.8351,"mcpPosition":[42.6305,316.457,17.7027],"pipPosition":[22.701,306.139,-9.00675],"stabilizedTipPosition":[-25.2982,297.098,53.2799],"timeVisible":5.02537,"tipPosition":[-3.95666,292.118,-19.2767],"tipVelocity":[40.6352,-41.1507,-167.619],"tool":false,"touchDistance":-0.526636,"touchZone":"hovering","type":4,"width":15.8426}],"r":[[0.880906,-0.238914,0.408565],[0.309476,0.94389,-0.115306],[-0.358092,0.228015,0.905417]],"s":0.948261,"t":[77.9571,79.4743,-187.84],"timestamp":607202193314},false],[4,{"currentFrameRate":107.553,"devices":[],"gestures":[],"hands":[{"armBasis":[[0.669983,-0.404762,-0.622327],[0.628392,0.755554,0.185099],[0.395281,-0.515078,0.760557]],"armWidth":62.8676,"confidence":0.788669,"direction":[0.107772,0.425053,-0.89873],"elbow":[120.442,172.672,283.556],"grabStrength":0.026703,"id":876,"palmNormal":[-0.619954,-0.67797,-0.394987],"palmPosition":[12.3983,334.15,32.819],"palmVelocity":[25.5835,-46.4533,-155.588],"palmWidth":89.7729,"pinchStrength":1,"r":[[0.880368,-0.239456,0.409405],[0.309908,0.943863,-0.114361],[-0.359038,0.227558,0.905157]],"s":0.952369,"sphereCenter":[-33.4922,320.884,-0.0316427],"sphereRadius":55.0733,"stabilizedPalmPosition":[-10.6751,330.442,118.644],"t":[78.1384,79.0935,-189.222],"timeVisible":5.03455,"type":"right","wrist":[15.144,309.883,80.9524]}],"id":4451886,"interactionBox":{"center":[0,200,0],"size":[235.247,235.247,147.751]},"pointables":[{"bases":[[[0.888277,0.448003,0.10128],[-0.390295,0.619981,0.680657],[0.242144,-0.644141,0.725568]],[[0.720589,0.665868,-0.193318],[-0.636966,0.74587,0.194813],[0.27391,-0.0172435,0.961601]],[[0.720589,0.665868,-0.193318],[-0.693167,0.698438,-0.178057],[0.0164579,0.262307,0.964844]],[[0.720589,0.665868,-0.193318],[-0.65039,0.552497,-0.521287],[-0.240301,0.501366,0.831197]]],"btipPosition":[-22.1809,298.541,-13.8738],"carpPosition":[-13.6859,318.093,85.1346],"dipPosition":[-27.7296,310.118,5.31895],"direction":[-0.0164579,-0.262307,-0.964844],"extended":false,"handId":876,"id":8760,"length":51.4192,"mcpPosition":[-13.6859,318.093,85.1346],"pipPosition":[-27.176,318.942,37.7758],"stabilizedTipPosition":[-49.1247,303.477,73.1221],"timeVisible":5.03455,"tipPosition":[-23.5286,301.956,-9.5279],"tipVelocity":[28.0636,-51.6759,-164.318],"tool":false,"touchDistance":-0.529255,"touchZone":"hovering","type":0,"width":19.9791},{"bases":[[[0.784264,-0.519858,-0.338642],[0.609497,0.747564,0.263935],[0.115948,-0.413396,0.903139]],[[0.791617,-0.59197,-0.151374],[0.564714,0.803423,-0.188707],[0.233326,0.0639012,0.970297]],[[0.791617,-0.59197,-0.151374],[0.551603,0.798927,-0.239688],[0.262824,0.106243,0.958976]],[[0.791617,-0.59197,-0.151374],[0.541793,0.794589,-0.274024],[0.282493,0.134909,0.949735]]],"btipPosition":[-23.7395,353.377,-63.8111],"carpPosition":[5.59641,330.887,81.7509],"dipPosition":[-18.9775,355.651,-47.8013],"direction":[-0.262824,-0.106243,-0.958976],"extended":true,"handId":876,"id":8761,"length":58.0209,"mcpPosition":[-2.81972,360.893,16.1961],"pipPosition":[-12.7099,358.185,-24.9325],"stabilizedTipPosition":[-74.513,343.26,63.0892],"timeVisible":5.03455,"tipPosition":[-22.5259,353.56,-60.0668],"tipVelocity":[52.2617,-1.35594,-166.144],"tool":false,"touchDistance":-0.548234,"touchZone":"hovering","type":1,"width":19.0841},{"bases":[[[0.677246,-0.690703,-0.253511],[0.735709,0.639656,0.222648],[0.00837599,-0.337298,0.941361]],[[0.67329,-0.655004,-0.343002],[0.643225,0.747658,-0.165134],[0.364611,-0.109445,0.924706]],[[0.67329,-0.655004,-0.343002],[0.623404,0.752336,-0.212975],[0.397552,-0.0704348,0.914872]],[[0.67329,-0.655004,-0.343002],[0.608649,0.754388,-0.245857],[0.419794,-0.0432352,0.906589]]],"btipPosition":[-20.875,357.335,-73.6502],"carpPosition":[15.9779,326.135,77.5995],"dipPosition":[-13.0917,356.534,-56.8414],"direction":[-0.397552,0.0704348,-0.914872],"extended":true,"handId":876,"id":8762,"length":66.1101,"mcpPosition":[15.4013,349.353,12.8012],"pipPosition":[-1.93801,354.558,-31.1738],"stabilizedTipPosition":[-66.4812,348.965,39.7948],"timeVisible":5.03455,"tipPosition":[-19.315,356.557,-69.6715],"tipVelocity":[67.1092,1.37313,-167.182],"tool":false,"touchDistance":-0.551208,"touchZone":"hovering","type":2,"width":18.7431},{"bases":[[[0.613696,-0.779052,-0.128277],[0.782107,0.577595,0.233862],[-0.108099,-0.243846,0.963771]],[[0.612147,-0.78234,-0.114977],[0.550612,0.526082,-0.648124],[0.56754,0.333439,0.752805]],[[0.612147,-0.78234,-0.114977],[0.236607,0.319963,-0.91741],[0.754515,0.534385,0.380972]],[[0.612147,-0.78234,-0.114977],[0.0361904,0.17297,-0.984262],[0.789915,0.598352,0.134196]]],"btipPosition":[-28.7278,293.382,-31.6568],"carpPosition":[24.7931,318.646,73.9777],"dipPosition":[-14.1665,304.412,-29.183],"direction":[-0.754515,-0.534386,-0.380972],"extended":false,"handId":876,"id":8763,"length":63.5667,"mcpPosition":[31.4738,333.716,14.4146],"pipPosition":[6.45553,319.017,-18.7705],"stabilizedTipPosition":[-52.3576,299.459,49.8917],"timeVisible":5.03455,"tipPosition":[-24.8362,296.265,-31.9261],"tipVelocity":[31.8494,-40.0383,-163.098],"tool":false,"touchDistance":-0.528182,"touchZone":"hovering","type":3,"width":17.8352},{"bases":[[[0.459341,-0.886694,-0.0527341],[0.855395,0.425565,0.295285],[-0.239386,-0.180745,0.953953]],[[0.441111,-0.897321,0.0153905],[0.691286,0.328791,-0.643444],[0.572316,0.294469,0.765338]],[[0.441111,-0.897321,0.0153905],[0.360206,0.161313,-0.91882],[0.821993,0.410845,0.394378]],[[0.441111,-0.897321,0.0153905],[0.143949,0.0538157,-0.988121],[0.885833,0.438086,0.152907]]],"btipPosition":[-8.11254,290.322,-20.5793],"carpPosition":[29.0851,305.633,70.9065],"dipPosition":[6.95214,297.772,-17.9789],"direction":[-0.821993,-0.410845,-0.394378],"extended":false,"handId":876,"id":8764,"length":49.8351,"mcpPosition":[42.7802,315.974,16.3312],"pipPosition":[22.8143,305.701,-10.3685],"stabilizedTipPosition":[-25.2774,297.093,53.206],"timeVisible":5.03455,"tipPosition":[-3.88569,291.728,-20.6134],"tipVelocity":[31.9714,-41.701,-161.898],"tool":false,"touchDistance":-0.522563,"touchZone":"hovering","type":4,"width":15.8426}],"r":[[0.880368,-0.239456,0.409405],[0.309908,0.943863,-0.114361],[-0.359038,0.227558,0.905157]],"s":0.952369,"t":[78.1384,79.0935,-189.222],"timestamp":607202202493},false],[5,{"currentFrameRate":107.718,"devices":[],"gestures":[],"hands":[{"armBasis":[[0.66964,-0.407033,-0.621214],[0.629536,0.754869,0.184003],[0.39404,-0.514292,0.761732]],"armWidth":62.8676,"confidence":0.706711,"direction":[0.107983,0.426114,-0.898202],"elbow":[120.138,172.479,282.822],"grabStrength":0.0189926,"id":876,"palmNormal":[-0.621144,-0.676511,-0.395617],"palmPosition":[12.4385,333.817,31.8061],"palmVelocity":[19.7951,-43.8864,-143.841],"palmWidth":89.7729,"pinchStrength":1,"r":[[0.879905,-0.240261,0.409929],[0.310523,0.94378,-0.113378],[-0.359642,0.227054,0.905044]],"s":0.956557,"sphereCenter":[-33.6666,321.065,-1.02155],"sphereRadius":55.2232,"stabilizedPalmPosition":[-10.651,330.445,118.553],"t":[78.2491,78.7365,-190.42],"timeVisible":5.04354,"type":"right","wrist":[15.1706,309.48,79.9052]}],"id":4451887,"interactionBox":{"center":[0,200,0],"size":[235.247,235.247,147.751]},"pointables":[{"bases":[[[0.888988,0.446546,0.101472],[-0.389056,0.619633,0.681682],[0.241527,-0.645486,0.724578]],[[0.721208,0.665262,-0.193094],[-0.636283,0.746398,0.195024],[0.273867,-0.0177905,0.961603]],[[0.721208,0.665262,-0.193094],[-0.69251,0.699255,-0.177406],[0.0170003,0.261666,0.965009]],[[0.721208,0.665262,-0.193094],[-0.650973,0.555579,-0.517268],[-0.23684,0.498757,0.833755]]],"btipPosition":[-22.2362,298.284,-14.9611],"carpPosition":[-13.6451,317.727,84.1121],"dipPosition":[-27.7049,309.801,4.29081],"direction":[-0.0170003,-0.261666,-0.965009],"extended":false,"handId":876,"id":8760,"length":51.4192,"mcpPosition":[-13.6451,317.727,84.1121],"pipPosition":[-27.133,318.603,36.7532],"stabilizedTipPosition":[-49.0918,303.474,73.0147],"timeVisible":5.04354,"tipPosition":[-23.5592,301.678,-10.584],"tipVelocity":[19.2442,-45.7693,-152.032],"tool":false,"touchDistance":-0.520767,"touchZone":"hovering","type":0,"width":19.9791},{"bases":[[[0.783332,-0.52056,-0.339716],[0.61073,0.746299,0.264665],[0.115756,-0.414795,0.902522]],[[0.790699,-0.59271,-0.153268],[0.567113,0.803436,-0.181311],[0.230606,0.0564424,0.971409]],[[0.790699,-0.59271,-0.153268],[0.554307,0.799396,-0.231753],[0.259884,0.0982892,0.960624]],[[0.790699,-0.59271,-0.153268],[0.544696,0.795387,-0.26583],[0.279468,0.126707,0.951758]]],"btipPosition":[-23.4309,353.733,-64.901],"carpPosition":[5.65461,330.497,80.7367],"dipPosition":[-18.7199,355.869,-48.8571],"direction":[-0.259884,-0.0982893,-0.960625],"extended":true,"handId":876,"id":8761,"length":58.0209,"mcpPosition":[-2.74759,360.605,15.2268],"pipPosition":[-12.5225,358.213,-25.949],"stabilizedTipPosition":[-74.4268,343.278,62.8837],"timeVisible":5.04354,"tipPosition":[-22.3381,353.754,-61.1102],"tipVelocity":[46.991,8.90939,-153.615],"tool":false,"touchDistance":-0.537975,"touchZone":"hovering","type":1,"width":19.0841},{"bases":[[[0.676101,-0.691362,-0.254767],[0.736762,0.63826,0.223172],[0.00831505,-0.338589,0.940898]],[[0.672122,-0.655346,-0.344635],[0.645813,0.746526,-0.160077],[0.362185,-0.114979,0.924988]],[[0.672122,-0.655346,-0.344635],[0.625877,0.751539,-0.208487],[0.395638,-0.0755707,0.915292]],[[0.672122,-0.655346,-0.344635],[0.610991,0.7538,-0.241819],[0.418261,-0.0480376,0.907056]]],"btipPosition":[-20.6241,357.521,-74.6776],"carpPosition":[16.0271,325.736,76.574],"dipPosition":[-12.8693,356.63,-57.8602],"direction":[-0.395638,0.0755707,-0.915292],"extended":true,"handId":876,"id":8762,"length":66.1101,"mcpPosition":[15.4547,349.042,11.8076],"pipPosition":[-1.76923,354.51,-32.1808],"stabilizedTipPosition":[-66.3429,348.989,39.4738],"timeVisible":5.04354,"tipPosition":[-19.1272,356.667,-70.6841],"tipVelocity":[56.1674,6.04206,-152.64],"tool":false,"touchDistance":-0.539802,"touchZone":"hovering","type":2,"width":18.7431},{"bases":[[[0.612478,-0.779787,-0.129623],[0.783073,0.576115,0.234279],[-0.10801,-0.244995,0.963489]],[[0.610962,-0.783029,-0.116581],[0.550997,0.526334,-0.647592],[0.568444,0.331418,0.753016]],[[0.610962,-0.783029,-0.116581],[0.236577,0.321119,-0.917013],[0.755485,0.53268,0.381438]],[[0.610962,-0.783029,-0.116581],[0.0359259,0.174533,-0.983996],[0.790845,0.596995,0.134764]]],"btipPosition":[-28.7804,293.206,-32.7117],"carpPosition":[24.8295,318.238,72.9379],"dipPosition":[-14.2019,304.211,-30.2274],"direction":[-0.755485,-0.53268,-0.381438],"extended":false,"handId":876,"id":8763,"length":63.5667,"mcpPosition":[31.5047,333.379,13.3923],"pipPosition":[6.44659,318.77,-19.8022],"stabilizedTipPosition":[-52.3332,299.456,49.8174],"timeVisible":5.04354,"tipPosition":[-24.8917,296.075,-32.9641],"tipVelocity":[21.6332,-34.6008,-150.501],"tool":false,"touchDistance":-0.519485,"touchZone":"hovering","type":3,"width":17.8352},{"bases":[[[0.457999,-0.887302,-0.0541545],[0.856164,0.423893,0.295462],[-0.239208,-0.181686,0.953818]],[[0.439746,-0.898012,0.0141027],[0.691529,0.32853,-0.643316],[0.573072,0.292648,0.765471]],[[0.439746,-0.898012,0.0141027],[0.360106,0.161911,-0.918754],[0.822768,0.409096,0.394579]],[[0.439746,-0.898012,0.0141027],[0.143671,0.0548366,-0.988105],[0.886556,0.436541,0.153133]]],"btipPosition":[-8.16077,290.09,-21.6434],"carpPosition":[29.1007,305.223,69.847],"dipPosition":[6.91621,297.514,-19.0392],"direction":[-0.822768,-0.409096,-0.394579],"extended":false,"handId":876,"id":8764,"length":49.8351,"mcpPosition":[42.7856,315.618,15.2794],"pipPosition":[22.7933,305.408,-11.4249],"stabilizedTipPosition":[-25.2609,297.089,53.1467],"timeVisible":5.04354,"tipPosition":[-3.93854,291.493,-21.6719],"tipVelocity":[21.8204,-37.5417,-149.959],"tool":false,"touchDistance":-0.514589,"touchZone":"hovering","type":4,"width":15.8426}],"r":[[0.879905,-0.240261,0.409929],[0.310523,0.94378,-0.113378],[-0.359642,0.227054,0.905044]],"s":0.956557,"t":[78.2491,78.7365,-190.42],"timestamp":607202211477},false],[6,{"currentFrameRate":107.91,"devices":[],"gestures":[],"hands":[{"armBasis":[[0.670496,-0.407865,-0.619743],[0.630517,0.753495,0.186263],[0.391003,-0.515647,0.762381]],"armWidth":62.8676,"confidence":0.7117,"direction":[0.106922,0.42612,-0.898326],"elbow":[119.465,171.787,281.921],"grabStrength":0.0114408,"id":876,"palmNormal":[-0.62228,-0.67599,-0.394722],"palmPosition":[12.5183,333.493,30.7388],"palmVelocity":[16.8406,-41.8193,-137.254],"palmWidth":89.7729,"pinchStrength":1,"r":[[0.879624,-0.24105,0.41007],[0.311125,0.943667,-0.112668],[-0.359811,0.226688,0.905068]],"s":0.960525,"sphereCenter":[-33.8466,321.165,-1.98556],"sphereRadius":55.3736,"stabilizedPalmPosition":[-10.6306,330.448,118.476],"t":[78.3444,78.3961,-191.552],"timeVisible":5.05245,"type":"right","wrist":[15.3061,309.15,78.8313]}],"id":4451888,"interactionBox":{"center":[0,200,0],"size":[235.247,235.247,147.751]},"pointables":[{"bases":[[[0.88949,0.445847,0.10014],[-0.38752,0.619866,0.682344],[0.242148,-0.645745,0.72414]],[[0.721299,0.664813,-0.194297],[-0.635725,0.746809,0.19527],[0.27492,-0.0173286,0.961311]],[[0.721299,0.664813,-0.194297],[-0.692375,0.699602,-0.176559],[0.0185517,0.261878,0.964923]],[[0.721299,0.664813,-0.194297],[-0.65201,0.557093,-0.514326],[-0.233689,0.497666,0.835295]]],"btipPosition":[-22.2646,297.971,-16.0079],"carpPosition":[-13.4968,317.418,83.0835],"dipPosition":[-27.6606,309.462,3.27952],"direction":[-0.0185517,-0.261878,-0.964923],"extended":false,"handId":876,"id":8760,"length":51.4192,"mcpPosition":[-13.4968,317.418,83.0835],"pipPosition":[-27.0365,318.272,35.7391],"stabilizedTipPosition":[-49.0644,303.471,72.9242],"timeVisible":5.05245,"tipPosition":[-23.5686,301.349,-11.611],"tipVelocity":[13.6425,-43.052,-142.338],"tool":false,"touchDistance":-0.512604,"touchZone":"hovering","type":0,"width":19.9791},{"bases":[[[0.782402,-0.521133,-0.34098],[0.611717,0.745799,0.263793],[0.116831,-0.414975,0.902301]],[[0.790018,-0.593182,-0.154943],[0.568401,0.803378,-0.177495],[0.229765,0.0521541,0.971848]],[[0.790018,-0.593182,-0.154943],[0.555447,0.799493,-0.228669],[0.259519,0.0945898,0.961095]],[[0.790018,-0.593182,-0.154943],[0.545688,0.795544,-0.263312],[0.279456,0.123471,0.952186]]],"btipPosition":[-23.3114,353.747,-65.9791],"carpPosition":[5.80763,330.174,79.6796],"dipPosition":[-18.6006,355.829,-49.9281],"direction":[-0.259519,-0.0945898,-0.961095],"extended":true,"handId":876,"id":8761,"length":58.0209,"mcpPosition":[-2.67263,360.295,14.1856],"pipPosition":[-12.4118,358.084,-27.0088],"stabilizedTipPosition":[-74.3594,343.292,62.722],"timeVisible":5.05245,"tipPosition":[-22.2803,353.694,-62.1692],"tipVelocity":[37.8372,6.53223,-144.645],"tool":false,"touchDistance":-0.528658,"touchZone":"hovering","type":1,"width":19.0841},{"bases":[[[0.67517,-0.69186,-0.255881],[0.737601,0.637667,0.222094],[0.009509,-0.33869,0.94085]],[[0.671008,-0.655448,-0.346606],[0.647531,0.745758,-0.156682],[0.361181,-0.119303,0.924832]],[[0.671008,-0.655448,-0.346606],[0.627644,0.750999,-0.205093],[0.394729,-0.079926,0.915315]],[[0.671008,-0.655448,-0.346606],[0.612763,0.753423,-0.238484],[0.417455,-0.0523624,0.907188]]],"btipPosition":[-20.4752,357.605,-75.7438],"carpPosition":[16.1699,325.405,75.5003],"dipPosition":[-12.7353,356.634,-58.9239],"direction":[-0.394729,0.079926,-0.915315],"extended":true,"handId":876,"id":8762,"length":66.1101,"mcpPosition":[15.5154,348.718,10.7372],"pipPosition":[-1.6608,354.392,-33.2438],"stabilizedTipPosition":[-66.2319,349.009,39.2142],"timeVisible":5.05245,"tipPosition":[-19.0285,356.666,-71.74],"tipVelocity":[45.3065,6.39609,-143.602],"tool":false,"touchDistance":-0.530139,"touchZone":"hovering","type":2,"width":18.7431},{"bases":[[[0.611673,-0.780248,-0.130648],[0.783881,0.575485,0.233124],[-0.106709,-0.245008,0.963631]],[[0.610203,-0.78343,-0.117854],[0.550223,0.526108,-0.648433],[0.570006,0.33083,0.752093]],[[0.610203,-0.78343,-0.117854],[0.235225,0.321211,-0.917329],[0.756519,0.532035,0.380287]],[[0.610203,-0.78343,-0.117854],[0.034388,0.174811,-0.984001],[0.791498,0.596388,0.133611]]],"btipPosition":[-28.8386,292.924,-33.7151],"carpPosition":[24.9609,317.901,71.8498],"dipPosition":[-14.248,303.918,-31.2521],"direction":[-0.756519,-0.532035,-0.380287],"extended":false,"handId":876,"id":8763,"length":63.5667,"mcpPosition":[31.5557,333.043,12.2954],"pipPosition":[6.42872,318.459,-20.8583],"stabilizedTipPosition":[-52.314,299.453,49.7582],"timeVisible":5.05245,"tipPosition":[-24.9525,295.784,-33.9639],"tipVelocity":[14.0455,-33.8654,-140.297],"tool":false,"touchDistance":-0.510994,"touchZone":"hovering","type":3,"width":17.8352},{"bases":[[[0.457227,-0.887651,-0.0549511],[0.856948,0.4232,0.294178],[-0.237872,-0.181596,0.95417]],[[0.438933,-0.898414,0.0138227],[0.691243,0.327809,-0.643991],[0.574039,0.292223,0.764908]],[[0.438933,-0.898414,0.0138227],[0.359476,0.161487,-0.919075],[0.823477,0.408381,0.39384]],[[0.438933,-0.898414,0.0138227],[0.142869,0.0545959,-0.988235],[0.887089,0.435743,0.152319]]],"btipPosition":[-8.1771,289.787,-22.7117],"carpPosition":[29.2172,304.883,68.751],"dipPosition":[6.90893,297.197,-20.1214],"direction":[-0.823477,-0.408381,-0.39384],"extended":false,"handId":876,"id":8764,"length":49.8351,"mcpPosition":[42.8258,315.272,14.1634],"pipPosition":[22.7997,305.077,-12.5214],"stabilizedTipPosition":[-25.2477,297.085,53.0983],"timeVisible":5.05245,"tipPosition":[-3.9811,291.194,-22.7179],"tipVelocity":[15.4392,-36.6776,-141.833],"tool":false,"touchDistance":-0.507536,"touchZone":"hovering","type":4,"width":15.8426}],"r":[[0.879624,-0.24105,0.41007],[0.311125,0