{"sensorType":"Leap","data":[[0,{"currentFrameRate":109.459,"devices":[],"gestures":[],"hands":[{"armBasis":[[0.755051,-0.25936,-0.602188],[0.529508,0.78285,0.326752],[0.386677,-0.565578,0.728425]],"armWidth":62.8676,"confidence":0.86748,"direction":[0.0350389,0.287811,-0.957046],"elbow":[124.935,147.258,287.902],"grabStrength":0,"id":878,"palmNormal":[-0.533186,-0.804575,-0.261479],"palmPosition":[15.1663,313.732,42.6966],"palmVelocity":[30.7643,4.03443,-116.212],"palmWidth":89.7729,"pinchStrength":1,"r":[[0.923917,-0.143856,0.354517],[0.239549,0.940021,-0.242852],[-0.298318,0.309299,0.902962]],"s":0.820143,"sphereCenter":[-11.7177,287.154,13.9507],"sphereRadius":43.1939,"stabilizedPalmPosition":[-21.7401,286.859,170.281],"t":[76.3594,72.3195,-189.056],"timeVisible":0.759337,"type":"right","wrist":[21.9292,297.921,93.8582]}],"id":4452803,"interactionBox":{"center":[0,200,0],"size":[235.247,235.247,147.751]},"pointables":[{"bases":[[[0.823868,0.566772,-0.00328303],[-0.455496,0.665541,0.591251],[0.337289,-0.485618,0.806481]],[[0.682837,0.687323,-0.247632],[-0.687171,0.719338,0.101731],[0.248053,0.100699,0.963499]],[[0.682837,0.687323,-0.247632],[-0.729934,0.627698,-0.270539],[-0.03051,0.365489,0.930316]],[[0.682837,0.687323,-0.247632],[-0.691092,0.497783,-0.524026],[-0.236909,0.528961,0.814908]]],"btipPosition":[-13.3651,273.518,0.262244],"carpPosition":[-7.64522,302.986,97.8265],"dipPosition":[-18.8355,285.732,19.0789],"direction":[0.03051,-0.365489,-0.930316],"extended":false,"handId":878,"id":8780,"length":51.4192,"mcpPosition":[-7.64522,302.986,97.8265],"pipPosition":[-19.8618,298.027,50.3743],"stabilizedTipPosition":[-62.8643,261.716,125.518],"timeVisible":0.759337,"tipPosition":[-14.8475,276.017,4.68833],"tipVelocity":[32.7436,13.0897,-120.905],"tool":false,"touchDistance":-0.467632,"touchZone":"touching","type":0,"width":19.9791},{"bases":[[[0.839156,-0.463747,-0.284177],[0.511358,0.850699,0.121753],[0.185286,-0.247486,0.95101]],[[0.858392,-0.498877,-0.119516],[0.496416,0.866544,-0.0517041],[0.12936,-0.0149471,0.991485]],[[0.858392,-0.498877,-0.119516],[0.483068,0.864484,-0.138973],[0.17265,0.0615588,0.983058]],[[0.858392,-0.498877,-0.119516],[0.470464,0.858446,-0.20429],[0.204513,0.119133,0.971587]]],"btipPosition":[-16.76,332.534,-59.1072],"carpPosition":[9.73703,317.413,91.7702],"dipPosition":[-13.3125,334.543,-42.7291],"direction":[-0.17265,-0.0615588,-0.983058],"extended":true,"handId":878,"id":8781,"length":58.0209,"mcpPosition":[-3.71207,335.377,22.7407],"pipPosition":[-9.19533,336.011,-19.2861],"stabilizedTipPosition":[-63.6166,315.952,76.1515],"timeVisible":0.759337,"tipPosition":[-16.5826,331.91,-55.1324],"tipVelocity":[70.3062,18.3985,-130.752],"tool":false,"touchDistance":-0.494814,"touchZone":"touching","type":1,"width":19.0841},{"bases":[[[0.756921,-0.631103,-0.169643],[0.649809,0.75441,0.0928064],[0.0694103,-0.180483,0.981126]],[[0.75843,-0.63545,-0.144869],[0.340997,0.576309,-0.74269],[0.555432,0.513878,0.653777]],[[0.75843,-0.63545,-0.144869],[-0.457895,-0.361333,-0.812263],[0.463806,0.682379,-0.565015]],[[0.75843,-0.63545,-0.144869],[-0.650806,-0.726394,-0.220916],[0.0351486,0.261831,-0.964474]]],"btipPosition":[-24.2829,277.399,23.1145],"carpPosition":[20.5731,313.412,88.0068],"dipPosition":[-23.6313,282.253,5.23251],"direction":[-0.463806,-0.682379,0.565015],"extended":false,"handId":878,"id":8782,"length":66.1101,"mcpPosition":[15.7952,325.836,20.4712],"pipPosition":[-10.6187,301.398,-10.6196],"stabilizedTipPosition":[-61.1912,238.692,162.183],"timeVisible":0.759337,"tipPosition":[-24.2895,278.139,19.7686],"tipVelocity":[42.7168,3.35044,-128.595],"tool":false,"touchDistance":0.333333,"touchZone":"none","type":2,"width":18.7431},{"bases":[[[0.707732,-0.705847,-0.0299238],[0.704109,0.701255,0.111678],[-0.0578432,-0.100108,0.993294]],[[0.707674,-0.705947,-0.0289291],[0.48731,0.517331,-0.70349],[0.511592,0.483744,0.710116]],[[0.707674,-0.705947,-0.0289291],[-0.374393,-0.339956,-0.862705],[0.599189,0.621344,-0.50488]],[[0.707674,-0.705947,-0.0289291],[-0.682274,-0.672158,-0.287585],[0.183575,0.223254,-0.957318]]],"btipPosition":[-8.51432,270.382,24.0044],"carpPosition":[30.2235,306.617,85.249],"dipPosition":[-5.1303,274.497,6.35711],"direction":[-0.599189,-0.621344,0.50488],"extended":false,"handId":878,"id":8783,"length":63.5667,"mcpPosition":[33.7984,312.804,23.8613],"pipPosition":[11.2464,291.479,-7.44199],"stabilizedTipPosition":[-43.2397,237.314,159.781],"timeVisible":0.759337,"tipPosition":[-7.94518,271.108,20.8034],"tipVelocity":[44.1631,3.66848,-124.202],"tool":false,"touchDistance":0.333333,"touchZone":"none","type":3,"width":17.8352},{"bases":[[[0.570148,-0.818789,0.0672019],[0.797721,0.571316,0.192978],[-0.196401,-0.0564174,0.978899]],[[0.56919,-0.819053,0.0719419],[0.621857,0.371601,-0.689352],[0.537882,0.43711,0.720845]],[[0.56919,-0.819053,0.0719419],[-0.361291,-0.327751,-0.872954],[0.738574,0.470885,-0.482468]],[[0.56919,-0.819053,0.0719419],[-0.759663,-0.557349,-0.335075],[0.31454,0.136069,-0.939441]]],"btipPosition":[8.99116,270.507,28.1978],"carpPosition":[36.1213,293.929,84.0611],"dipPosition":[14.3403,272.821,12.2214],"direction":[-0.738574,-0.470885,0.482468],"extended":false,"handId":878,"id":8784,"length":49.8351,"mcpPosition":[47.3574,297.157,28.0587],"pipPosition":[28.5927,281.907,2.91115],"stabilizedTipPosition":[-24.1394,241.024,160.041],"timeVisible":0.759337,"tipPosition":[10.0171,270.95,25.3236],"tipVelocity":[42.5293,2.07791,-116.698],"tool":false,"touchDistance":0.333333,"touchZone":"none","type":4,"width":15.8426}],"r":[[0.923917,-0.143856,0.354517],[0.239549,0.940021,-0.242852],[-0.298318,0.309299,0.902962]],"s":0.820143,"t":[76.3594,72.3195,-189.056],"timestamp":607210725783},false],[1,{"currentFrameRate":109.577,"devices":[],"gestures":[],"hands":[{"armBasis":[[0.75713,-0.258344,-0.600011],[0.527885,0.783015,0.328976],[0.384828,-0.565814,0.72922]],"armWidth":62.8676,"confidence":0.869249,"direction":[0.0357527,0.287429,-0.957134],"elbow":[124.583,147.244,287.335],"grabStrength":0,"id":878,"palmNormal":[-0.531761,-0.805434,-0.261736],"palmPosition":[15.3439,313.749,41.9032],"palmVelocity":[27.8075,3.46326,-108.795],"palmWidth":89.7729,"pinchStrength":1,"r":[[0.923287,-0.142827,0.356568],[0.239417,0.939899,-0.243453],[-0.300366,0.310145,0.901992]],"s":0.821013,"sphereCenter":[-11.3355,287.041,13.1021],"sphereRadius":43.2017,"stabilizedPalmPosition":[-21.7361,286.862,170.267],"t":[76.5647,72.3561,-189.991],"timeVisible":0.768253,"type":"right","wrist":[22.0691,297.971,93.0798]}],"id":4452804,"interactionBox":{"center":[0,200,0],"size":[235.247,235.247,147.751]},"pointables":[{"bases":[[[0.823082,0.567917,-0.00257995],[-0.45711,0.665172,0.59042],[0.337026,-0.484785,0.807092]],[[0.682338,0.688075,-0.246917],[-0.687703,0.718729,0.102437],[0.24795,0.0999092,0.963607]],[[0.682338,0.688075,-0.246917],[-0.73035,0.626989,-0.271062],[-0.0316969,0.365292,0.930353]],[[0.682338,0.688075,-0.246917],[-0.690906,0.496612,-0.525381],[-0.238879,0.529084,0.814253]]],"btipPosition":[-13.1463,273.571,-0.544368],"carpPosition":[-7.5169,302.997,97.0113],"dipPosition":[-18.6622,285.788,18.2572],"direction":[0.0316969,-0.365292,-0.930353],"extended":false,"handId":878,"id":8780,"length":51.4192,"mcpPosition":[-7.5169,302.997,97.0113],"pipPosition":[-19.7284,298.076,49.5538],"stabilizedTipPosition":[-62.8524,261.72,125.488],"timeVisible":0.768253,"tipPosition":[-14.6023,276.05,3.87343],"tipVelocity":[30.189,11.1638,-112.72],"tool":false,"touchDistance":-0.461353,"touchZone":"touching","type":0,"width":19.9791},{"bases":[[[0.840131,-0.462706,-0.282991],[0.510031,0.851465,0.121964],[0.184523,-0.2468,0.951336]],[[0.859234,-0.497774,-0.118057],[0.495634,0.867151,-0.0489602],[0.126744,-0.0164446,0.991799]],[[0.859234,-0.497774,-0.118057],[0.482438,0.865192,-0.136736],[0.170205,0.0605329,0.983548]],[[0.859234,-0.497774,-0.118057],[0.469914,0.859171,-0.2025],[0.20223,0.118519,0.97214]]],"btipPosition":[-16.3817,332.615,-59.9667],"carpPosition":[9.85229,317.445,90.9688],"dipPosition":[-12.9727,334.612,-43.5793],"direction":[-0.170205,-0.0605329,-0.983548],"extended":true,"handId":878,"id":8781,"length":58.0209,"mcpPosition":[-3.54141,335.359,21.9156],"pipPosition":[-8.91381,336.056,-20.1245],"stabilizedTipPosition":[-63.4424,316.014,75.6713],"timeVisible":0.768253,"tipPosition":[-16.2117,332.001,-55.9948],"tipVelocity":[62.442,15.7668,-121.326],"tool":false,"touchDistance":-0.486525,"touchZone":"touching","type":1,"width":19.0841},{"bases":[[[0.757996,-0.630125,-0.168478],[0.64865,0.755356,0.0932222],[0.0685189,-0.179945,0.981287]],[[0.759483,-0.634463,-0.143672],[0.341689,0.577003,-0.741833],[0.553565,0.514319,0.655013]],[[0.759483,-0.634463,-0.143672],[-0.456381,-0.362279,-0.812693],[0.463574,0.682796,-0.564702]],[[0.759483,-0.634463,-0.143672],[-0.649564,-0.72762,-0.220538],[0.0353849,0.260819,-0.964739]]],"btipPosition":[-24.0055,277.393,22.2537],"carpPosition":[20.6983,313.458,87.2198],"dipPosition":[-23.3494,282.229,4.36685],"direction":[-0.463574,-0.682796,0.564702],"extended":false,"handId":878,"id":8782,"length":66.1101,"mcpPosition":[15.9818,325.844,19.6731],"pipPosition":[-10.3434,301.385,-11.4764],"stabilizedTipPosition":[-61.1856,238.698,162.162],"timeVisible":0.768253,"tipPosition":[-24.015,278.128,18.8949],"tipVelocity":[39.5889,2.13104,-119.897],"tool":false,"touchDistance":0.333333,"touchZone":"none","type":2,"width":18.7431},{"bases":[[[0.708748,-0.704874,-0.0287816],[0.703002,0.702285,0.112181],[-0.0588605,-0.0997415,0.993271]],[[0.708696,-0.704962,-0.0279016],[0.488136,0.518508,-0.702049],[0.509385,0.48392,0.711582]],[[0.708696,-0.704962,-0.0279016],[-0.372776,-0.340587,-0.863156],[0.598989,0.622116,-0.504166]],[[0.708696,-0.704962,-0.0279016],[-0.681179,-0.673419,-0.287232],[0.183698,0.222566,-0.957455]]],"btipPosition":[-8.21315,270.4,23.1515],"carpPosition":[30.3614,306.674,84.4763],"dipPosition":[-4.82684,274.503,5.50173],"direction":[-0.598989,-0.622116,0.504166],"extended":false,"handId":878,"id":8783,"length":63.5667,"mcpPosition":[33.9991,312.838,23.0901],"pipPosition":[11.5444,291.506,-8.27785],"stabilizedTipPosition":[-43.2335,237.32,159.756],"timeVisible":0.768253,"tipPosition":[-7.65041,271.117,19.9361],"tipVelocity":[41.3505,3.14803,-116.443],"tool":false,"touchDistance":0.333333,"touchZone":"none","type":3,"width":17.8352},{"bases":[[[0.571208,-0.817964,0.0682349],[0.796699,0.572513,0.193648],[-0.197463,-0.0562507,0.978695]],[[0.570583,-0.818137,0.0713198],[0.622405,0.374146,-0.687478],[0.535768,0.436653,0.722694]],[[0.570583,-0.818137,0.0713198],[-0.36006,-0.32727,-0.873642],[0.7381,0.472806,-0.481314]],[[0.570583,-0.818137,0.0713198],[-0.758863,-0.558452,-0.33505],[0.313945,0.137052,-0.939497]]],"btipPosition":[9.30179,270.524,27.3635],"carpPosition":[36.2782,293.994,83.301],"dipPosition":[14.6408,272.855,11.3862],"direction":[-0.7381,-0.472806,0.481314],"extended":false,"handId":878,"id":8784,"length":49.8351,"mcpPosition":[47.575,297.212,27.3103],"pipPosition":[28.8841,281.979,2.09821],"stabilizedTipPosition":[-24.1327,241.03,160.015],"timeVisible":0.768253,"tipPosition":[10.3133,270.969,24.4784],"tipVelocity":[40.3634,2.16983,-110.404],"tool":false,"touchDistance":0.333333,"touchZone":"none","type":4,"width":15.8426}],"r":[[0.923287,-0.142827,0.356568],[0.239417,0.939899,-0.243453],[-0.300366,0.310145,0.901992]],"s":0.821013,"t":[76.5647,72.3561,-189.991],"timestamp":607210734699},false],[2,{"currentFrameRate":109.472,"devices":[],"gestures":[],"hands":[{"armBasis":[[0.759125,-0.256905,-0.598105],[0.526073,0.78327,0.331262],[0.383375,-0.566117,0.729751]],"armWidth":62.8676,"confidence":0.870014,"direction":[0.0357003,0.288159,-0.956917],"elbow":[124.361,147.154,286.937],"grabStrength":0,"id":878,"palmNormal":[-0.530057,-0.806285,-0.262574],"palmPosition":[15.5055,313.762,41.3704],"palmVelocity":[24.8468,2.8625,-94.1904],"palmWidth":89.7729,"pinchStrength":1,"r":[[0.922797,-0.141693,0.358285],[0.238973,0.939928,-0.243778],[-0.30222,0.310578,0.901224]],"s":0.821627,"sphereCenter":[-10.9402,286.876,12.4983],"sphereRadius":43.2103,"stabilizedPalmPosition":[-21.7324,286.865,170.254],"t":[76.7482,72.3807,-190.725],"timeVisible":0.777575,"type":"right","wrist":[22.2344,297.961,92.5396]}],"id":4452805,"interactionBox":{"center":[0,200,0],"size":[235.247,235.247,147.751]},"pointables":[{"bases":[[[0.821979,0.569516,-0.00175218],[-0.458713,0.663876,0.590636],[0.33754,-0.484687,0.806936]],[[0.681004,0.689633,-0.246251],[-0.688671,0.717465,0.104771],[0.24893,0.0982363,0.963527]],[[0.681004,0.689633,-0.246251],[-0.731551,0.62571,-0.270775],[-0.0326536,0.364544,0.930613]],[[0.681004,0.689633,-0.246251],[-0.691796,0.495625,-0.525142],[-0.240107,0.527979,0.814608]]],"btipPosition":[-12.9806,273.634,-1.10979],"carpPosition":[-7.36345,302.927,96.4589],"dipPosition":[-18.5248,285.826,17.7],"direction":[0.0326536,-0.364544,-0.930613],"extended":false,"handId":878,"id":8780,"length":51.4192,"mcpPosition":[-7.36345,302.927,96.4589],"pipPosition":[-19.6232,298.089,49.0053],"stabilizedTipPosition":[-62.8415,261.723,125.46],"timeVisible":0.777575,"tipPosition":[-14.3959,276.096,3.30125],"tipVelocity":[26.4803,9.74249,-97.935],"tool":false,"touchDistance":-0.452004,"touchZone":"touching","type":0,"width":19.9791},{"bases":[[[0.841177,-0.460878,-0.282864],[0.508312,0.85237,0.122821],[0.184499,-0.247098,0.951264]],[[0.860269,-0.496053,-0.117765],[0.494181,0.868105,-0.0466825],[0.125389,-0.0180375,0.991944]],[[0.860269,-0.496053,-0.117765],[0.480994,0.866242,-0.135166],[0.169062,0.059635,0.9838]],[[0.860269,-0.496053,-0.117765],[0.468437,0.860212,-0.201498],[0.201256,0.118177,0.972384]]],"btipPosition":[-16.1503,332.699,-60.5109],"carpPosition":[9.98083,317.413,90.4356],"dipPosition":[-12.7577,334.691,-44.1194],"direction":[-0.169062,-0.059635,-0.9838],"extended":true,"handId":878,"id":8781,"length":58.0209,"mcpPosition":[-3.41113,335.349,21.3876],"pipPosition":[-8.72608,336.113,-20.6586],"stabilizedTipPosition":[-63.2691,316.076,75.1941],"timeVisible":0.777575,"tipPosition":[-15.975,332.105,-56.5447],"tipVelocity":[51.6863,13.8233,-103.493],"tool":false,"touchDistance":-0.474355,"touchZone":"touching","type":1,"width":19.0841},{"bases":[[[0.759308,-0.628535,-0.16851],[0.647132,0.75655,0.0940867],[0.0683496,-0.180489,0.981199]],[[0.760791,-0.632892,-0.14368],[0.341538,0.578688,-0.740589],[0.551859,0.514362,0.656417]],[[0.760791,-0.632892,-0.14368],[-0.455188,-0.362552,-0.81324],[0.462602,0.684108,-0.563911]],[[0.760791,-0.632892,-0.14368],[-0.648057,-0.728931,-0.22064],[0.0349081,0.260974,-0.964714]]],"btipPosition":[-23.7383,277.38,21.6401],"carpPosition":[20.8365,313.449,86.6895],"dipPosition":[-23.0911,282.219,3.75369],"direction":[-0.462602,-0.684108,0.563911],"extended":false,"handId":878,"id":8782,"length":66.1101,"mcpPosition":[16.1317,325.873,19.1489],"pipPosition":[-10.1123,301.412,-12.0674],"stabilizedTipPosition":[-61.18,238.704,162.14],"timeVisible":0.777575,"tipPosition":[-23.7526,278.115,18.269],"tipVelocity":[36.4352,1.16396,-104.599],"tool":false,"touchDistance":0.333333,"touchZone":"none","type":2,"width":18.7431},{"bases":[[[0.710131,-0.703476,-0.028892],[0.701577,0.703571,0.113038],[-0.0591917,-0.100541,0.993171]],[[0.710084,-0.703555,-0.0281083],[0.488321,0.520827,-0.700201],[0.50727,0.483476,0.713392]],[[0.710084,-0.703555,-0.0281083],[-0.371361,-0.340293,-0.863882],[0.598223,0.623867,-0.50291]],[[0.710084,-0.703555,-0.0281083],[-0.67985,-0.674676,-0.287432],[0.18326,0.22321,-0.957389]]],"btipPosition":[-7.91756,270.422,22.5126],"carpPosition":[30.5142,306.686,83.9465],"dipPosition":[-4.53933,274.536,4.86398],"direction":[-0.598223,-0.623867,0.50291],"extended":false,"handId":878,"id":8783,"length":63.5667,"mcpPosition":[34.1724,312.9,22.5664],"pipPosition":[11.811,291.588,-8.88128],"stabilizedTipPosition":[-43.227,237.326,159.731],"timeVisible":0.777575,"tipPosition":[-7.3616,271.135,19.2862],"tipVelocity":[38.5668,2.99419,-102.886],"tool":false,"touchDistance":0.333333,"touchZone":"none","type":3,"width":17.8352},{"bases":[[[0.57276,-0.8169,0.0679736],[0.795483,0.573925,0.194465],[-0.19787,-0.0573098,0.978551]],[[0.572741,-0.816905,0.0680644],[0.623009,0.379824,-0.683808],[0.532754,0.43405,0.72648]],[[0.572741,-0.816905,0.0680644],[-0.358416,-0.324232,-0.875449],[0.737228,0.477011,-0.478493]],[[0.572741,-0.816905,0.0680644],[-0.757873,-0.559334,-0.335818],[0.312402,0.140753,-0.939464]]],"btipPosition":[9.65141,270.556,26.6493],"carpPosition":[36.4563,294.019,82.7656],"dipPosition":[14.9642,272.95,10.6725],"direction":[-0.737228,-0.477011,0.478493],"extended":false,"handId":878,"id":8784,"length":49.8351,"mcpPosition":[47.7764,297.297,26.7831],"pipPosition":[29.1906,282.155,1.43893],"stabilizedTipPosition":[-24.1258,241.036,159.988],"timeVisible":0.777575,"tipPosition":[10.6361,271.012,23.7733],"tipVelocity":[39.3715,2.96407,-100.844],"tool":false,"touchDistance":0.333333,"touchZone":"none","type":4,"width":15.8426}],"r":[[0.922797,-0.141693,0.358285],[0.238973,0.939928,-0.243778],[-0.30222,0.310578,0.901224]],"s":0.821627,"t":[76.7482,72.3807,-190.725],"timestamp":607210744021},false],[3,{"currentFrameRate":109.683,"devices":[],"gestures":[],"hands":[{"armBasis":[[0.758866,-0.258254,-0.597852],[0.526972,0.782901,0.330707],[0.382652,-0.566013,0.73021]],"armWidth":62.8676,"confidence":0.834713,"direction":[0.037151,0.285476,-0.957665],"elbow":[124.267,147.164,286.609],"grabStrength":0,"id":878,"palmNormal":[-0.531149,-0.806108,-0.260903],"palmPosition":[15.682,313.616,40.8708],"palmVelocity":[23.599,-2.38906,-84.2691],"palmWidth":89.7729,"pinchStrength":1,"r":[[0.922282,-0.1409,0.359921],[0.238984,0.939736,-0.244505],[-0.30378,0.311519,0.900374]],"s":0.822099,"sphereCenter":[-10.6446,286.588,12.0142],"sphereRadius":43.2174,"stabilizedPalmPosition":[-21.7292,286.867,170.243],"t":[76.9281,72.3198,-191.342],"timeVisible":0.786316,"type":"right","wrist":[22.3326,297.943,92.0899]}],"id":4452806,"interactionBox":{"center":[0,200,0],"size":[235.247,235.247,147.751]},"pointables":[{"bases":[[[0.822938,0.568126,-0.00247805],[-0.45819,0.666261,0.588352],[0.335909,-0.483042,0.808601]],[[0.682413,0.68781,-0.247448],[-0.687084,0.7191,0.103978],[0.249457,0.0990612,0.963306]],[[0.682413,0.68781,-0.247448],[-0.73023,0.626279,-0.273016],[-0.0328119,0.367004,0.929641]],[[0.682413,0.68781,-0.247448],[-0.690693,0.495928,-0.526306],[-0.239282,0.530069,0.813493]]],"btipPosition":[-12.9175,273.506,-1.53375],"carpPosition":[-7.26077,302.97,95.9656],"dipPosition":[-18.4427,285.745,17.2502],"direction":[0.0328119,-0.367004,-0.929641],"extended":false,"handId":878,"id":8780,"length":51.4192,"mcpPosition":[-7.26077,302.97,95.9656],"pipPosition":[-19.5465,298.091,48.5229],"stabilizedTipPosition":[-62.8331,261.726,125.439],"timeVisible":0.786316,"tipPosition":[-14.2894,275.965,2.86942],"tipVelocity":[21.4537,3.53341,-84.8762],"tool":false,"touchDistance":-0.441585,"touchZone":"touching","type":0,"width":19.9791},{"bases":[[[0.840685,-0.463065,-0.280749],[0.509623,0.851847,0.121003],[0.183123,-0.244802,0.952123]],[[0.859556,-0.497845,-0.115386],[0.495906,0.867103,-0.047002],[0.123452,-0.01682,0.992208]],[[0.859556,-0.497845,-0.115386],[0.482776,0.865095,-0.13615],[0.167602,0.0613227,0.983946]],[[0.859556,-0.497845,-0.115386],[0.470208,0.858891,-0.203005],[0.200169,0.120238,0.972355]]],"btipPosition":[-15.782,332.403,-61.1028],"carpPosition":[10.114,317.41,89.9202],"dipPosition":[-12.4078,334.43,-44.7118],"direction":[-0.167602,-0.0613227,-0.983946],"extended":true,"handId":878,"id":8781,"length":58.0209,"mcpPosition":[-3.1781,335.179,20.8099],"pipPosition":[-8.41094,335.892,-21.2475],"stabilizedTipPosition":[-63.1133,316.13,74.7661],"timeVisible":0.786316,"tipPosition":[-15.6077,331.836,-57.1393],"tipVelocity":[48.9986,1.29587,-93.9139],"tool":false,"touchDistance":-0.464134,"touchZone":"touching","type":1,"width":19.0841},{"bases":[[[0.758417,-0.63027,-0.16602],[0.648311,0.755715,0.0926713],[0.0670556,-0.177916,0.981758]],[[0.75987,-0.634565,-0.141155],[0.343748,0.576515,-0.741261],[0.551756,0.51474,0.656207]],[[0.75987,-0.634565,-0.141155],[-0.454927,-0.363968,-0.812753],[0.464369,0.681802,-0.56525]],[[0.75987,-0.634565,-0.141155],[-0.649083,-0.728612,-0.21867],[0.0359135,0.257782,-0.965536]]],"btipPosition":[-23.5824,277.278,21.1709],"carpPosition":[20.9667,313.418,86.196],"dipPosition":[-22.9165,282.057,3.26927],"direction":[-0.464369,-0.681802,0.56525],"extended":false,"handId":878,"id":8782,"length":66.1101,"mcpPosition":[16.351,325.665,18.617],"pipPosition":[-9.88817,301.186,-12.5894],"stabilizedTipPosition":[-61.175,238.709,162.121],"timeVisible":0.786316,"tipPosition":[-23.5959,278.001,17.7861],"tipVelocity":[31.5859,-2.70435,-91.0666],"tool":false,"touchDistance":0.333333,"touchZone":"none","type":2,"width":18.7431},{"bases":[[[0.708974,-0.704746,-0.0262468],[0.702647,0.702697,0.111822],[-0.0603628,-0.0977213,0.993382]],[[0.708931,-0.704815,-0.0255434],[0.49059,0.518827,-0.7001],[0.506694,0.483792,0.713588]],[[0.708931,-0.704815,-0.0255434],[-0.370814,-0.341683,-0.863568],[0.599928,0.621682,-0.503585]],[[0.708931,-0.704815,-0.0255434],[-0.680806,-0.674426,-0.28575],[0.184174,0.219967,-0.957964]]],"btipPosition":[-7.76167,270.298,22.0548],"carpPosition":[30.6358,306.631,83.4813],"dipPosition":[-4.36659,274.353,4.39562],"direction":[-0.599928,-0.621682,0.503585],"extended":false,"handId":878,"id":8783,"length":63.5667,"mcpPosition":[34.3664,312.671,22.0882],"pipPosition":[12.0303,291.344,-9.36808],"stabilizedTipPosition":[-43.2211,237.331,159.708],"timeVisible":0.786316,"tipPosition":[-7.2065,270.997,18.8156],"tipVelocity":[33.1324,-2.01872,-89.4297],"tool":false,"touchDistance":0.333333,"touchZone":"none","type":3,"width":17.8352},{"bases":[[[0.571314,-0.817673,0.0707897],[0.796252,0.573117,0.193699],[-0.198953,-0.0542967,0.978504]],[[0.571713,-0.817562,0.0688222],[0.624687,0.379383,-0.682521],[0.531893,0.433198,0.727619]],[[0.571713,-0.817562,0.0688222],[-0.358115,-0.324135,-0.875608],[0.738172,0.47595,-0.478093]],[[0.571713,-0.817562,0.0688222],[-0.758768,-0.558776,-0.334725],[0.312114,0.139146,-0.939799]]],"btipPosition":[9.8315,270.393,26.1858],"carpPosition":[36.5577,293.951,82.3411],"dipPosition":[15.1394,272.76,10.2034],"direction":[-0.738172,-0.47595,0.478093],"extended":false,"handId":878,"id":8784,"length":49.8351,"mcpPosition":[47.9398,297.057,26.3614],"pipPosition":[29.384,281.944,0.977502],"stabilizedTipPosition":[-24.1193,241.041,159.963],"timeVisible":0.786316,"tipPosition":[10.8035,270.843,23.3018],"tipVelocity":[34.31,-3.01724,-88.0748],"tool":false,"touchDistance":0.333333,"touchZone":"none","type":4,"width":15.8426}],"r":[[0.922282,-0.1409,0.359921],[0.238984,0.939736,-0.244505],[-0.30378,0.311519,0.900374]],"s":0.822099,"t":[76.9281,72.3198,-191.342],"timestamp":607210752762},false],[4,{"currentFrameRate":109.727,"devices":[],"gestures":[],"hands":[{"armBasis":[[0.763735,-0.253553,-0.593649],[0.52147,0.784392,0.335855],[0.380496,-0.566074,0.731288]],"armWidth":62.8676,"confidence":0.839238,"direction":[0.0378882,0.285059,-0.957761],"elbow":[123.809,147.265,286.005],"grabStrength":0,"id":878,"palmNormal":[-0.526053,-0.809201,-0.261654],"palmPosition":[15.8363,313.662,39.9528],"palmVelocity":[21.8031,-0.30776,-89.0462],"palmWidth":89.7729,"pinchStrength":1,"r":[[0.921848,-0.139196,0.361693],[0.238074,0.939813,-0.245095],[-0.305807,0.31205,0.899504]],"s":0.822142,"sphereCenter":[-10.0733,286.287,10.9933],"sphereRadius":43.2298,"stabilizedPalmPosition":[-21.7264,286.869,170.233],"t":[77.0953,72.3126,-192.109],"timeVisible":0.795351,"type":"right","wrist":[22.4496,298.06,91.198]}],"id":4452807,"interactionBox":{"center":[0,200,0],"size":[235.247,235.247,147.751]},"pointables":[{"bases":[[[0.819789,0.572665,-0.000864967],[-0.463287,0.664097,0.586805],[0.336617,-0.480655,0.809728]],[[0.678954,0.691534,-0.246581],[-0.690687,0.715511,0.10486],[0.248946,0.0991156,0.963432]],[[0.678954,0.691534,-0.246581],[-0.733241,0.621709,-0.275381],[-0.0371339,0.367775,0.929173]],[[0.678954,0.691534,-0.246581],[-0.693972,0.494866,-0.522982],[-0.239635,0.526201,0.815897]]],"btipPosition":[-12.6585,273.522,-2.54637],"carpPosition":[-7.18042,302.925,94.999],"dipPosition":[-18.1918,285.672,16.2931],"direction":[0.0371339,-0.367775,-0.929173],"extended":false,"handId":878,"id":8780,"length":51.4192,"mcpPosition":[-7.18042,302.925,94.999],"pipPosition":[-19.441,298.044,47.5501],"stabilizedTipPosition":[-62.8257,261.728,125.42],"timeVisible":0.795351,"tipPosition":[-13.95,275.936,1.87866],"tipVelocity":[23.385,2.42786,-91.9804],"tool":false,"touchDistance":-0.440758,"touchZone":"touching","type":0,"width":19.9791},{"bases":[[[0.843908,-0.458591,-0.278413],[0.504612,0.854729,0.121672],[0.18217,-0.243171,0.952723]],[[0.862577,-0.493186,-0.112818],[0.491358,0.869772,-0.0454307],[0.120531,-0.0162463,0.992577]],[[0.862577,-0.493186,-0.112818],[0.478413,0.867666,-0.135195],[0.164564,0.0626431,0.984375]],[[0.862577,-0.493186,-0.112818],[0.46597,0.861308,-0.202537],[0.197059,0.122135,0.972754]]],"btipPosition":[-15.4494,332.244,-62.1131],"carpPosition":[10.1288,317.458,88.9861],"dipPosition":[-12.1276,334.303,-45.7154],"direction":[-0.164564,-0.0626431,-0.984375],"extended":true,"handId":878,"id":8781,"length":58.0209,"mcpPosition":[-3.09413,335.108,19.8322],"pipPosition":[-8.20317,335.797,-22.2409],"stabilizedTipPosition":[-62.9678,316.18,74.3662],"timeVisible":0.795351,"tipPosition":[-15.2754,331.702,-58.1534],"tipVelocity":[45.2747,-3.67462,-98.8001],"tool":false,"touchDistance":-0.461185,"touchZone":"touching","type":1,"width":19.0841},{"bases":[[[0.762289,-0.626174,-0.163773],[0.643897,0.759348,0.0937389],[0.0656636,-0.176909,0.982034]],[[0.763706,-0.630448,-0.138881],[0.345187,0.580591,-0.737401],[0.545526,0.515218,0.661023]],[[0.763706,-0.630448,-0.138881],[-0.44959,-0.365031,-0.815243],[0.463273,0.685046,-0.56222]],[[0.763706,-0.630448,-0.138881],[-0.644519,-0.732378,-0.219585],[0.0367234,0.25721,-0.965658]]],"btipPosition":[-23.1288,277.211,19.9348],"carpPosition":[21.0124,313.523,85.2907],"dipPosition":[-22.448,281.979,2.03092],"direction":[-0.463273,-0.685046,0.56222],"extended":false,"handId":878,"id":8782,"length":66.1101,"mcpPosition":[16.4925,325.701,17.6927],"pipPosition":[-9.45038,301.199,-13.7427],"stabilizedTipPosition":[-61.1699,238.714,162.101],"timeVisible":0.795351,"tipPosition":[-23.1426,277.919,16.5877],"tipVelocity":[36.8185,-4.08485,-103.685],"tool":false,"touchDistance":0.333333,"touchZone":"none","type":2,"width":18.7431},{"bases":[[[0.71292,-0.700832,-0.0240706],[0.698479,0.706644,0.113056],[-0.0622238,-0.0974127,0.993297]],[[0.712886,-0.700885,-0.0235293],[0.491037,0.522837,-0.696796],[0.500676,0.485182,0.716883]],[[0.712886,-0.700885,-0.0235293],[-0.365666,-0.342879,-0.865287],[0.598399,0.625455,-0.500723]],[[0.712886,-0.700885,-0.0235293],[-0.676365,-0.678308,-0.287103],[0.185266,0.220586,-0.957611]]],"btipPosition":[-7.2701,270.26,20.9525],"carpPosition":[30.7254,306.788,82.6038],"dipPosition":[-3.85489,274.326,3.29989],"direction":[-0.598399,-0.625455,0.500723],"extended":false,"handId":878,"id":8783,"length":63.5667,"mcpPosition":[34.571,312.809,21.216],"pipPosition":[12.5002,291.421,-10.3856],"stabilizedTipPosition":[-43.2148,237.337,159.683],"timeVisible":0.795351,"tipPosition":[-6.71603,270.954,17.7247],"tipVelocity":[39.1344,-2.54023,-98.3558],"tool":false,"touchDistance":0.333333,"touchZone":"none","type":3,"width":17.8352},{"bases":[[[0.575652,-0.814456,0.0727075],[0.792601,0.577635,0.195244],[-0.201016,-0.0547647,0.978056]],[[0.576537,-0.814205,0.0683755],[0.624409,0.385073,-0.679582],[0.52699,0.434498,0.730406]],[[0.576537,-0.814205,0.0683755],[-0.354348,-0.32456,-0.876983],[0.736236,0.481384,-0.475633]],[[0.576537,-0.814205,0.0683755],[-0.755149,-0.562931,-0.335943],[0.312018,0.14205,-0.939397]]],"btipPosition":[10.3219,270.41,25.205],"carpPosition":[36.7201,294.14,81.4863],"dipPosition":[15.6282,272.825,9.22943],"direction":[-0.736236,-0.481384,0.475633],"extended":false,"handId":878,"id":8784,"length":49.8351,"mcpPosition":[48.2201,297.273,25.5322],"pipPosition":[29.8354,282.115,0.0510659],"stabilizedTipPosition":[-24.1123,241.047,159.935],"timeVisible":0.795351,"tipPosition":[11.2822,270.869,22.3161],"tipVelocity":[39.7999,-1.34167,-93.668],"tool":false,"touchDistance":0.333333,"touchZone":"none","type":4,"width":15.8426}],"r":[[0.921848,-0.139196,0.361693],[0.238074,0.939813,-0.245095],[-0.305807,0.31205,0.899504]],"s":0.822142,"t":[77.0953,72.3126,-192.109],"timestamp":607210761797},false],[5,{"currentFrameRate":109.759,"devices":[],"gestures":[],"hands":[{"armBasis":[[0.76309,-0.257296,-0.592867],[0.523257,0.784384,0.333083],[0.379335,-0.564394,0.733188]],"armWidth":62.8676,"confidence":0.841429,"direction":[0.0419771,0.28337,-0.958092],"elbow":[123.476,147.618,285.599],"grabStrength":0,"id":878,"palmNormal":[-0.527883,-0.807873,-0.262069],"palmPosition":[16.0322,313.506,38.9947],"palmVelocity":[21.7577,-4.97973,-93.6732],"palmWidth":89.7729,"pinchStrength":1,"r":[[0.921165,-0.138328,0.363758],[0.238132,0.939636,-0.245716],[-0.307811,0.312968,0.898501]],"s":0.822071,"sphereCenter":[-9.71576,286.052,9.94709],"sphereRadius":43.2414,"stabilizedPalmPosition":[-21.724,286.871,170.225],"t":[77.2768,72.231,-192.972],"timeVisible":0.804405,"type":"right","wrist":[22.4254,297.966,90.2867]}],"id":4452808,"interactionBox":{"center":[0,200,0],"size":[235.247,235.247,147.751]},"pointables":[{"bases":[[[0.821689,0.569935,0.000899593],[-0.462995,0.66659,0.584204],[0.332358,-0.48045,0.811607]],[[0.68205,0.688874,-0.245481],[-0.687987,0.718232,0.104001],[0.247956,0.0979535,0.963807]],[[0.68205,0.688874,-0.245481],[-0.730254,0.623556,-0.279118],[-0.0392059,0.369635,0.928349]],[[0.68205,0.688874,-0.245481],[-0.692831,0.501231,-0.518413],[-0.234079,0.52366,0.819138]]],"btipPosition":[-12.6884,273.585,-3.62851],"carpPosition":[-7.20048,302.936,93.9824],"dipPosition":[-18.0934,285.677,15.2858],"direction":[0.0392059,-0.369635,-0.928349],"extended":false,"handId":878,"id":8780,"length":51.4192,"mcpPosition":[-7.20048,302.936,93.9824],"pipPosition":[-19.4123,298.111,46.5151],"stabilizedTipPosition":[-62.8202,261.73,125.406],"timeVisible":0.804405,"tipPosition":[-13.8777,275.956,0.836503],"tipVelocity":[16.9194,3.28576,-99.0562],"tool":false,"touchDistance":-0.440989,"touchZone":"touching","type":0,"width":19.9791},{"bases":[[[0.843285,-0.461847,-0.274897],[0.507054,0.853244,0.121944],[0.178235,-0.242221,0.953709]],[[0.861305,-0.496277,-0.108918],[0.49466,0.868006,-0.0433241],[0.116042,-0.0165622,0.993106]],[[0.861305,-0.496277,-0.108918],[0.481985,0.865887,-0.133902],[0.160764,0.062834,0.984991]],[[0.861305,-0.496277,-0.108918],[0.469672,0.859443,-0.201906],[0.19381,0.122746,0.97333]]],"btipPosition":[-14.7802,332.117,-63.2148],"carpPosition":[10.1766,317.4,88.0028],"dipPosition":[-11.5131,334.186,-46.8073],"direction":[-0.160764,-0.062834,-0.984991],"extended":true,"handId":878,"id":8781,"length":58.0209,"mcpPosition":[-2.76063,334.982,18.7774],"pipPosition":[-7.6794,335.684,-23.3181],"stabilizedTipPosition":[-62.8267,316.227,73.9805],"timeVisible":0.804405,"tipPosition":[-14.6219,331.594,-59.2574],"tipVelocity":[52.7936,-6.47653,-105.045],"tool":false,"touchDistance":-0.459891,"touchZone":"touching","type":1,"width":19.0841},{"bases":[[[0.760733,-0.628971,-0.160254],[0.646111,0.757355,0.0946228],[0.0618541,-0.175524,0.98253]],[[0.762055,-0.633212,-0.135334],[0.351956,0.580502,-0.734265],[0.543507,0.511918,0.665237]],[[0.762055,-0.633212,-0.135334],[-0.446957,-0.363178,-0.817515],[0.46851,0.683479,-0.55978]],[[0.762055,-0.633212,-0.135334],[-0.646235,-0.730629,-0.220366],[0.0406599,0.255388,-0.965983]]],"btipPosition":[-22.9437,277.251,18.6968],"carpPosition":[21.0592,313.424,84.3496],"dipPosition":[-22.1899,281.986,0.786887],"direction":[-0.46851,-0.683479,0.55978],"extended":false,"handId":878,"id":8782,"length":66.1101,"mcpPosition":[16.8015,325.506,16.7174],"pipPosition":[-9.04536,301.161,-14.9183],"stabilizedTipPosition":[-61.1654,238.719,162.084],"timeVisible":0.804405,"tipPosition":[-22.9468,277.946,15.3721],"tipVelocity":[32.8111,-1.97555,-112.848],"tool":false,"touchDistance":0.333333,"touchZone":"none","type":2,"width":18.7431},{"bases":[[[0.710658,-0.703236,-0.0205938],[0.700454,0.704501,0.114204],[-0.0658042,-0.0955852,0.993244]],[[0.710634,-0.703271,-0.0202306],[0.495993,0.521165,-0.694534],[0.49899,0.483525,0.719175]],[[0.710634,-0.703271,-0.0202306],[-0.363438,-0.342318,-0.866447],[0.602422,0.623079,-0.498859]],[[0.710634,-0.703271,-0.0202306],[-0.677745,-0.676556,-0.287984],[0.188843,0.218362,-0.957422]]],"btipPosition":[-7.11736,270.19,19.9021],"carpPosition":[30.7584,306.652,81.7056],"dipPosition":[-3.63621,274.215,2.25291],"direction":[-0.602422,-0.623079,0.498859],"extended":false,"handId":878,"id":8783,"length":63.5667,"mcpPosition":[34.8253,312.56,20.321],"pipPosition":[12.8289,291.245,-11.3816],"stabilizedTipPosition":[-43.2091,237.342,159.661],"timeVisible":0.804405,"tipPosition":[-6.55436,270.874,16.6685],"tipVelocity":[33.4521,-4.2572,-103.207],"tool":false,"touchDistance":0.333333,"touchZone":"none","type":3,"width":17.8352},{"bases":[[[0.572696,-0.816245,0.0759169],[0.793876,0.575315,0.19691],[-0.204403,-0.0525009,0.977478]],[[0.573899,-0.815919,0.0701145],[0.627677,0.383266,-0.67759],[0.525986,0.432877,0.73209]],[[0.573899,-0.815919,0.0701145],[-0.353087,-0.323783,-0.877778],[0.738898,0.478999,-0.473909]],[[0.573899,-0.815919,0.0701145],[-0.756205,-0.56086,-0.337031],[0.314315,0.140401,-0.938879]]],"btipPosition":[10.4548,270.253,24.2792],"carpPosition":[36.7146,293.982,80.6282],"dipPosition":[15.8001,272.641,8.31239],"direction":[-0.738898,-0.478999,0.473909],"extended":false,"handId":878,"id":8784,"length":49.8351,"mcpPosition":[48.4084,296.986,24.7071],"pipPosition":[30.0587,281.884,-0.832712],"stabilizedTipPosition":[-24.1059,241.052,159.91],"timeVisible":0.804405,"tipPosition":[11.4177,270.708,21.3776],"tipVelocity":[33.1395,-5.93819,-95.9771],"tool":false,"touchDistance":0.333333,"touchZone":"none","type":4,"width":15.8426}],"r":[[0.921165,-0.138328,0.363758],[0.238132,0.939636,-0.245716],[-0.307811,0.312968,0.898501]],"s":0.822071,"t":[77.2768,72.231,-192.972],"timestamp":607210770851},false],[6,{"currentFrameRate":109.817,"devices":[],"gestures":[],"hands":[{"armBasis":[[0.764338,-0.260129,-0.590017],[0.523108,0.785155,0.331498],[0.377022,-0.562019,0.736199]],"armWidth":62.8676,"confidence":0.847063,"direction":[0.0449903,0.282154,-0.958314],"elbow":[122.948,147.899,285.163],"grabStrength":0,"id":878,"palmNormal":[-0.527767,-0.807774,-0.262608],"palmPosition":[16.2825,313.096,37.7192],"palmVelocity":[23.4165,-16.1233,-106.86],"palmWidth":89.7729,"pinchStrength":1,"r":[[0.920381,-0.137689,0.365978],[0.238474,0.939395,-0.246305],[-0.309884,0.313971,0.897437]],"s":0.82215,"sphereCenter":[-9.22889,285.53,8.58333],"sphereRadius":43.248,"stabilizedPalmPosition":[-21.7218,286.872,170.217],"t":[77.4927,71.9852,-194.041],"timeVisible":0.813408,"type":"right","wrist":[22.514,297.614,89.0486]}],"id":4452809,"interactionBox":{"center":[0,200,0],"size":[235.247,235.247,147.751]},"pointables":[{"bases":[[[0.822141,0.569279,0.00258824],[-0.464157,0.667679,0.582033],[0.329611,-0.479715,0.813161]],[[0.682583,0.688393,-0.245347],[-0.687493,0.71872,0.103895],[0.247856,0.0977575,0.963852]],[[0.682583,0.688393,-0.245347],[-0.729634,0.622915,-0.282154],[-0.0414028,0.371607,0.927466]],[[0.682583,0.688393,-0.245347],[-0.694331,0.506137,-0.511595],[-0.227999,0.519558,0.823454]]],"btipPosition":[-12.668,273.3,-5.03112],"carpPosition":[-7.1185,302.612,92.652],"dipPosition":[-17.9326,285.297,13.9829],"direction":[0.0414028,-0.371607,-0.927466],"extended":false,"handId":878,"id":8780,"length":51.4192,"mcpPosition":[-7.1185,302.612,92.652],"pipPosition":[-19.3254,297.797,45.1824],"stabilizedTipPosition":[-62.8161,261.731,125.396],"timeVisible":0.813408,"tipPosition":[-13.728,275.639,-0.524301],"tipVelocity":[13.8803,-6.99664,-113.941],"tool":false,"touchDistance":-0.445919,"touchZone":"touching","type":0,"width":19.9791},{"bases":[[[0.843709,-0.462859,-0.271874],[0.507382,0.852989,0.122368],[0.175267,-0.241187,0.954521]],[[0.861224,-0.497123,-0.105653],[0.495755,0.867507,-0.0407223],[0.111899,-0.017307,0.993569]],[[0.861224,-0.497123,-0.105653],[0.483347,0.865416,-0.132025],[0.157066,0.0626355,0.9856]],[[0.861224,-0.497123,-0.105653],[0.471179,0.858917,-0.200628],[0.190484,0.123004,0.973954]]],"btipPosition":[-14.134,331.729,-64.616],"carpPosition":[10.2875,317.055,86.7052],"dipPosition":[-10.923,333.802,-48.198],"direction":[-0.157066,-0.0626355,-0.9856],"extended":true,"handId":878,"id":8781,"length":58.0209,"mcpPosition":[-2.43426,334.562,17.4208],"pipPosition":[-7.17739,335.296,-24.6943],"stabilizedTipPosition":[-62.6893,316.271,73.6056],"timeVisible":0.813408,"tipPosition":[-13.9876,331.218,-60.6611],"tipVelocity":[57.6151,-16.5066,-118.867],"tool":false,"touchDistance":-0.463217,"touchZone":"touching","type":1,"width":19.0841},{"bases":[[[0.76069,-0.629776,-0.157266],[0.646441,0.756955,0.0955696],[0.0588559,-0.174362,0.982921]],[[0.761939,-0.633999,-0.132262],[0.355849,0.580454,-0.732424],[0.541128,0.510997,0.667879]],[[0.761939,-0.633999,-0.132262],[-0.444844,-0.363892,-0.81835],[0.470704,0.682369,-0.559295]],[[0.761939,-0.633999,-0.132262],[-0.646263,-0.730937,-0.219262],[0.0423366,0.25254,-0.96666]]],"btipPosition":[-22.5986,276.94,17.2821],"carpPosition":[21.1775,313.066,83.0886],"dipPosition":[-21.8137,281.622,-0.640381],"direction":[-0.470704,-0.682369,0.559295],"extended":false,"handId":878,"id":8782,"length":66.1101,"mcpPosition":[17.1261,325.068,15.4294],"pipPosition":[-8.60759,300.767,-16.332],"stabilizedTipPosition":[-61.1614,238.723,162.069],"timeVisible":0.813408,"tipPosition":[-22.6094,277.613,13.9397],"tipVelocity":[34.5466,-11.2742,-125.101],"tool":false,"touchDistance":0.333333,"touchZone":"none","type":2,"width":18.7431},{"bases":[[[0.71015,-0.703829,-0.017661],[0.700684,0.704082,0.115374],[-0.0687688,-0.0943077,0.993165]],[[0.710132,-0.703853,-0.0174047],[0.499614,0.521181,-0.691922],[0.496082,0.48266,0.721763]],[[0.710132,-0.703853,-0.0174047],[-0.360547,-0.342309,-0.867658],[0.604746,0.622427,-0.496857]],[[0.710132,-0.703853,-0.0174047],[-0.67755,-0.676456,-0.288677],[0.191413,0.216791,-0.957268]]],"btipPosition":[-6.79637,269.827,18.5108],"carpPosition":[30.8789,306.283,80.481],"dipPosition":[-3.26786,273.823,0.864475],"direction":[-0.604746,-0.622427,0.496857],"extended":false,"handId":878,"id":8783,"length":63.5667,"mcpPosition":[35.129,312.112,19.1014],"pipPosition":[13.2607,290.835,-12.7153],"stabilizedTipPosition":[-43.204,237.347,159.641],"timeVisible":0.813408,"tipPosition":[-6.23061,270.499,15.2749],"tipVelocity":[34.3892,-14.3726,-117.284],"tool":false,"touchDistance":0.333333,"touchZone":"none","type":3,"width":17.8352},{"bases":[[[0.571817,-0.816608,0.078587],[0.793762,0.574923,0.19851],[-0.207287,-0.0511322,0.976943]],[[0.573418,-0.816184,0.0709566],[0.629958,0.383891,-0.675115],[0.523779,0.431823,0.734292]],[[0.573418,-0.816184,0.0709566],[-0.351071,-0.323053,-0.878855],[0.74023,0.479041,-0.471783]],[[0.573418,-0.816184,0.0709566],[-0.75594,-0.560497,-0.338228],[0.315827,0.140307,-0.938385]]],"btipPosition":[10.7587,269.837,22.992],"carpPosition":[36.828,293.607,79.4366],"dipPosition":[16.1298,272.223,7.03356],"direction":[-0.74023,-0.479041,0.471783],"extended":false,"handId":878,"id":8784,"length":49.8351,"mcpPosition":[48.6868,296.532,23.5461],"pipPosition":[30.4141,281.467,-2.07052],"stabilizedTipPosition":[-24.0999,241.057,159.887],"timeVisible":0.813408,"tipPosition":[11.7192,270.293,20.083],"tipVelocity":[33.4913,-17.0097,-108.827],"tool":false,"touchDistance":0.333333,"touchZone":"none","type":4,"width":15.8426}],"r":[[0.920381,-0.137689,0.365978],[0.238474,0.939395,-0.246305],[-0.309884,0.313971,0.897437]],"s":0.82215,"t":[77.