{"sensorType":"Leap","data":[[0,{"currentFrameRate":110.582,"devices":[],"gestures":[],"hands":[{"armBasis":[[0.838161,-0.0937553,-0.537304],[0.375537,0.813617,0.443846],[0.395547,-0.573792,0.717151]],"armWidth":62.8676,"confidence":0.831768,"direction":[0.0107954,0.280979,-0.959653],"elbow":[126.733,173.614,286.093],"grabStrength":0,"id":873,"palmNormal":[-0.384881,-0.884603,-0.263334],"palmPosition":[13.3578,340.465,43.5435],"palmVelocity":[-21.5896,-35.5447,-174.959],"palmWidth":89.7729,"pinchStrength":0.853503,"r":[[0.88679,-0.404603,0.223383],[0.456601,0.841795,-0.287917],[-0.0715503,0.357319,0.931238]],"s":0.722014,"sphereCenter":[-13.5657,302.698,14.5842],"sphereRadius":50.5935,"stabilizedPalmPosition":[-8.79512,302.296,226.553],"t":[50.4078,78.0078,-149.671],"timeVisible":8.44195,"type":"right","wrist":[21.364,326.466,95.0525]}],"id":4449025,"interactionBox":{"center":[0,200,0],"size":[235.247,235.247,147.751]},"pointables":[{"bases":[[[0.717728,0.69627,0.00859969],[-0.574836,0.585491,0.571633],[0.392976,-0.41522,0.820464]],[[0.535082,0.79749,-0.278743],[-0.804279,0.58185,0.120773],[0.258502,0.159564,0.952741]],[[0.535082,0.79749,-0.278743],[-0.839997,0.467109,-0.276069],[-0.0899588,0.381863,0.91983]],[[0.535082,0.79749,-0.278743],[-0.772201,0.32789,-0.544237],[-0.342626,0.506457,0.79127]]],"btipPosition":[-10.5254,294.161,2.12367],"carpPosition":[-8.73179,326.56,98.2596],"dipPosition":[-18.4368,305.856,20.3945],"direction":[0.0899588,-0.381863,-0.91983],"extended":false,"handId":873,"id":8730,"length":51.4192,"mcpPosition":[-8.73179,326.56,98.2596],"pipPosition":[-21.463,318.701,51.3372],"stabilizedTipPosition":[-66.0461,279.514,185.033],"timeVisible":8.44195,"tipPosition":[-14.1776,297.169,6.22017],"tipVelocity":[12.4097,-61.8178,-133.218],"tool":false,"touchDistance":-0.497171,"touchZone":"hovering","type":0,"width":19.9791},{"bases":[[[0.911614,-0.319734,-0.258322],[0.359215,0.925175,0.122542],[0.199812,-0.204504,0.958255]],[[0.930716,-0.345458,-0.120108],[0.335903,0.937297,-0.0929711],[0.144695,0.046185,0.988398]],[[0.930716,-0.345458,-0.120108],[0.322921,0.930364,-0.173624],[0.171724,0.122809,0.97746]],[[0.930716,-0.345458,-0.120108],[0.311831,0.921127,-0.232993],[0.191124,0.179397,0.965033]]],"btipPosition":[-21.8024,350.564,-58.6047],"carpPosition":[6.15119,343.63,92.4238],"dipPosition":[-18.5806,353.588,-42.3371],"direction":[-0.171724,-0.122809,-0.97746],"extended":true,"handId":873,"id":8731,"length":58.0209,"mcpPosition":[-8.35225,358.474,22.8684],"pipPosition":[-14.4855,356.516,-19.0275],"stabilizedTipPosition":[-41.8608,340.768,96.1023],"timeVisible":8.44195,"tipPosition":[-21.1681,349.971,-54.619],"tipVelocity":[-21.7126,-48.467,-185.453],"tool":false,"touchDistance":-0.609149,"touchZone":"hovering","type":1,"width":19.0841},{"bases":[[[0.855544,-0.497428,-0.143563],[0.512462,0.853086,0.0981137],[0.073667,-0.157511,0.984766]],[[0.857446,-0.514554,-0.0045831],[0.367383,0.618389,-0.694712],[0.360301,0.593994,0.719273]],[[0.857446,-0.514554,-0.0045831],[0.249413,0.423377,-0.870945],[0.450089,0.745645,0.491359]],[[0.857446,-0.514554,-0.0045831],[0.171573,0.294281,-0.940192],[0.485128,0.805378,0.340613]]],"btipPosition":[-26.2334,288.203,-33.1241],"carpPosition":[17.594,341.46,88.9682],"dipPosition":[-17.2389,303.135,-26.809],"direction":[-0.450089,-0.745645,-0.491359],"extended":false,"handId":873,"id":8732,"length":66.1101,"mcpPosition":[12.5232,352.303,21.1821],"pipPosition":[-4.61116,324.055,-13.0234],"stabilizedTipPosition":[-16.1915,325.324,48.2093],"timeVisible":8.44195,"tipPosition":[-23.4475,292.456,-32.8734],"tipVelocity":[-45.6209,-91.6728,-126.497],"tool":false,"touchDistance":-0.512897,"touchZone":"hovering","type":2,"width":18.7431},{"bases":[[[0.815978,-0.578069,-0.00406671],[0.574365,0.809911,0.118948],[-0.0654667,-0.0993949,0.992892]],[[0.802411,-0.585786,0.113979],[0.457919,0.481902,-0.747048],[0.382683,0.651633,0.654926]],[[0.802411,-0.585786,0.113979],[0.319386,0.260199,-0.911202],[0.504112,0.767562,0.395878]],[[0.802411,-0.585786,0.113979],[0.229647,0.126811,-0.964977],[0.550816,0.800484,0.236279]]],"btipPosition":[-8.44673,278.029,-18.882],"carpPosition":[28.3086,336.346,86.5267],"dipPosition":[1.70705,292.785,-14.5264],"direction":[-0.504112,-0.767562,-0.395878],"extended":false,"handId":873,"id":8733,"length":63.5667,"mcpPosition":[32.3546,342.489,25.1639],"pipPosition":[15.4851,313.764,-3.70647],"stabilizedTipPosition":[3.25642,306.243,64.4172],"timeVisible":8.44195,"tipPosition":[-5.14739,282.165,-19.3624],"tipVelocity":[-72.824,-107.115,-71.0657],"tool":false,"touchDistance":-0.473779,"touchZone":"hovering","type":3,"width":17.8352},{"bases":[[[0.696723,-0.711509,0.0912797],[0.686231,0.698157,0.204117],[-0.208959,-0.079574,0.974682]],[[0.626921,-0.709991,0.320754],[0.660317,0.265735,-0.7024],[0.413462,0.652149,0.635414]],[[0.626921,-0.709991,0.320754],[0.4993,0.0501082,-0.864979],[0.598055,0.702426,0.385912]],[[0.626921,-0.709991,0.320754],[0.393463,-0.0668066,-0.91691],[0.672426,0.701035,0.237472]]],"btipPosition":[10.8203,281.135,-3.76988],"carpPosition":[36.2662,324.81,85.6439],"dipPosition":[22.2557,293.057,0.268627],"direction":[-0.598055,-0.702426,-0.385912],"extended":false,"handId":873,"id":8734,"length":49.8351,"mcpPosition":[48.2206,329.363,29.8828],"pipPosition":[33.7965,306.612,7.71563],"stabilizedTipPosition":[27.7879,316.061,108.687],"timeVisible":8.44195,"tipPosition":[14.7456,284.102,-3.94502],"tipVelocity":[-48.8971,-73.4542,-125.652],"tool":false,"touchDistance":-0.485922,"touchZone":"touching","type":4,"width":15.8426}],"r":[[0.88679,-0.404603,0.223383],[0.456601,0.841795,-0.287917],[-0.0715503,0.357319,0.931238]],"s":0.722014,"t":[50.4078,78.0078,-149.671],"timestamp":607175412308},false],[1,{"currentFrameRate":110.561,"devices":[],"gestures":[],"hands":[{"armBasis":[[0.836497,-0.100813,-0.538618],[0.378685,0.816804,0.435233],[0.396068,-0.568038,0.721431]],"armWidth":62.8676,"confidence":0.838969,"direction":[0.0102278,0.272961,-0.961971],"elbow":[126.651,174.835,286.044],"grabStrength":0,"id":873,"palmNormal":[-0.387852,-0.885624,-0.255421],"palmPosition":[13.103,339.748,42.251],"palmVelocity":[-23.3769,-47.5501,-165.926],"palmWidth":89.7729,"pinchStrength":0.86855,"r":[[0.886227,-0.404846,0.225169],[0.457997,0.838706,-0.294636],[-0.0695686,0.364241,0.928703]],"s":0.725731,"sphereCenter":[-14.3016,302.227,13.6452],"sphereRadius":50.5648,"stabilizedPalmPosition":[-8.79504,302.296,226.552],"t":[50.1426,77.4335,-151.112],"timeVisible":8.45103,"type":"right","wrist":[21.1429,326.154,93.8631]}],"id":4449026,"interactionBox":{"center":[0,200,0],"size":[235.247,235.247,147.751]},"pointables":[{"bases":[[[0.719777,0.694203,0.00178764],[-0.572289,0.59191,0.567564],[0.392946,-0.409542,0.823328]],[[0.540178,0.792835,-0.28217],[-0.801608,0.586826,0.114278],[0.256188,0.16446,0.952534]],[[0.540178,0.792835,-0.28217],[-0.836625,0.469703,-0.281848],[-0.0909231,0.388319,0.917029]],[[0.540178,0.792835,-0.28217],[-0.768471,0.328047,-0.549397],[-0.343016,0.513612,0.786475]]],"btipPosition":[-10.5861,293.341,1.19151],"carpPosition":[-8.94786,326.363,97.1122],"dipPosition":[-18.5065,305.201,19.3516],"direction":[0.0909231,-0.388319,-0.917029],"extended":false,"handId":873,"id":8730,"length":51.4192,"mcpPosition":[-8.94786,326.363,97.1122],"pipPosition":[-21.5651,318.264,50.2],"stabilizedTipPosition":[-65.9104,279.556,184.579],"timeVisible":8.45103,"tipPosition":[-14.1963,296.301,5.29948],"tipVelocity":[7.06453,-68.5416,-125.532],"tool":false,"touchDistance":-0.490152,"touchZone":"hovering","type":0,"width":19.9791},{"bases":[[[0.910298,-0.324551,-0.256953],[0.362101,0.9251,0.114333],[0.2006,-0.19712,0.959637]],[[0.929509,-0.349146,-0.118785],[0.339557,0.935896,-0.0938099],[0.143924,0.0468628,0.988479]],[[0.929509,-0.349146,-0.118785],[0.32657,0.928871,-0.174788],[0.171363,0.123675,0.977415]],[[0.929509,-0.349146,-0.118785],[0.315416,0.91951,-0.234551],[0.191117,0.180551,0.964819]]],"btipPosition":[-21.9928,349.669,-60.014],"carpPosition":[5.9766,343.341,91.1135],"dipPosition":[-18.7712,352.713,-43.75],"direction":[-0.171363,-0.123675,-0.977415],"extended":true,"handId":873,"id":8731,"length":58.0209,"mcpPosition":[-8.58407,357.649,21.4578],"pipPosition":[-14.6847,355.662,-20.4415],"stabilizedTipPosition":[-41.8603,340.768,96.0982],"timeVisible":8.45103,"tipPosition":[-21.4106,349.039,-56.0127],"tipVelocity":[-21.5064,-62.1675,-177.1],"tool":false,"touchDistance":-0.597719,"touchZone":"hovering","type":1,"width":19.0841},{"bases":[[[0.853874,-0.501118,-0.140641],[0.515101,0.852361,0.0902872],[0.0746323,-0.149538,0.985935]],[[0.85593,-0.51709,-0.00158631],[0.368061,0.611394,-0.70052],[0.363202,0.599012,0.713631]],[[0.85593,-0.51709,-0.00158631],[0.24913,0.415065,-0.875017],[0.453121,0.748558,0.484089]],[[0.85593,-0.51709,-0.00158631],[0.170733,0.285504,-0.943047],[0.488093,0.806911,0.332655]]],"btipPosition":[-26.7639,286.953,-33.8932],"carpPosition":[17.408,341.108,87.6598],"dipPosition":[-17.7143,301.914,-27.7256],"direction":[-0.453121,-0.748558,-0.484089],"extended":false,"handId":873,"id":8732,"length":66.1101,"mcpPosition":[12.2707,351.402,19.7932],"pipPosition":[-5.00157,322.915,-14.144],"stabilizedTipPosition":[-16.2627,325.031,47.5329],"timeVisible":8.45103,"tipPosition":[-23.9789,291.185,-33.6633],"tipVelocity":[-48.7741,-104.176,-115.961],"tool":false,"touchDistance":-0.501986,"touchZone":"hovering","type":2,"width":18.7431},{"bases":[[[0.814273,-0.580481,-0.000422994],[0.576907,0.809179,0.111392],[-0.0643185,-0.0909474,0.993776]],[[0.801102,-0.587143,0.116186],[0.453153,0.468172,-0.758595],[0.391009,0.660362,0.641119]],[[0.801102,-0.587143,0.116186],[0.31162,0.243421,-0.918498],[0.511008,0.772016,0.37797]],[[0.801102,-0.587143,0.116186],[0.220897,0.109622,-0.969117],[0.556274,0.802026,0.217516]]],"btipPosition":[-9.37839,276.568,-18.7738],"carpPosition":[28.104,335.943,85.2457],"dipPosition":[0.876002,291.353,-14.7641],"direction":[-0.511008,-0.772016,-0.37797],"extended":false,"handId":873,"id":8733,"length":63.5667,"mcpPosition":[32.079,341.563,23.8282],"pipPosition":[14.8426,312.453,-4.43359],"stabilizedTipPosition":[3.07972,305.791,63.0026],"timeVisible":8.45103,"tipPosition":[-6.06201,280.689,-19.3788],"tipVelocity":[-80.3532,-121.775,-50.5295],"tool":false,"touchDistance":-0.454305,"touchZone":"hovering","type":3,"width":17.8352},{"bases":[[[0.694767,-0.712773,0.0961994],[0.688569,0.697807,0.197327],[-0.207778,-0.0708564,0.975606]],[[0.62555,-0.70921,0.325129],[0.659192,0.257549,-0.706494],[0.417316,0.65627,0.628615]],[[0.62555,-0.70921,0.325129],[0.497194,0.0412345,-0.866659],[0.601236,0.703791,0.378409]],[[0.62555,-0.70921,0.325129],[0.391025,-0.0756123,-0.917269],[0.67512,0.700931,0.230019]]],"btipPosition":[10.2714,280.034,-4.51055],"carpPosition":[36.0265,324.377,84.4474],"dipPosition":[21.7526,291.954,-0.59879],"direction":[-0.601236,-0.703791,-0.378409],"extended":false,"handId":873,"id":8734,"length":49.8351,"mcpPosition":[47.9133,328.43,28.6334],"pipPosition":[33.3548,305.535,6.70344],"stabilizedTipPosition":[27.7041,315.874,108.055],"timeVisible":8.45103,"tipPosition":[14.178,282.98,-4.6964],"tipVelocity":[-51.7703,-86.6814,-114.338],"tool":false,"touchDistance":-0.47721,"touchZone":"touching","type":4,"width":15.8426}],"r":[[0.886227,-0.404846,0.225169],[0.457997,0.838706,-0.294636],[-0.0695686,0.364241,0.928703]],"s":0.725731,"t":[50.1426,77.4335,-151.112],"timestamp":607175421390},false],[2,{"currentFrameRate":110.598,"devices":[],"gestures":[],"hands":[{"armBasis":[[0.838945,-0.0985099,-0.535226],[0.373842,0.819031,0.435236],[0.395492,-0.565229,0.723949]],"armWidth":62.8676,"confidence":0.840429,"direction":[0.00818159,0.270406,-0.962712],"elbow":[126.223,175.331,285.588],"grabStrength":0,"id":873,"palmNormal":[-0.38274,-0.888585,-0.252838],"palmPosition":[12.725,339.308,41.0912],"palmVelocity":[-28.5098,-47.9537,-155.862],"palmWidth":89.7729,"pinchStrength":0.882818,"r":[[0.886277,-0.403862,0.226736],[0.458089,0.836576,-0.300492],[-0.0683246,0.370184,0.926442]],"s":0.729281,"sphereCenter":[-14.7089,301.869,12.6043],"sphereRadius":50.521,"stabilizedPalmPosition":[-8.79488,302.296,226.551],"t":[49.8209,76.9264,-152.412],"timeVisible":8.46001,"type":"right","wrist":[20.8683,325.902,92.7362]}],"id":4449027,"interactionBox":{"center":[0,200,0],"size":[235.247,235.247,147.751]},"pointables":[{"bases":[[[0.715672,0.698436,-0.000431728],[-0.575511,0.590064,0.566227],[0.395728,-0.404984,0.82425]],[[0.538437,0.794534,-0.280717],[-0.804187,0.584016,0.110492],[0.251733,0.166256,0.953409]],[[0.538437,0.794534,-0.280717],[-0.837293,0.466886,-0.284531],[-0.0950063,0.388244,0.916646]],[[0.538437,0.794534,-0.280717],[-0.767337,0.324625,-0.553003],[-0.348252,0.513162,0.784465]]],"btipPosition":[-10.3822,292.845,0.0943055],"carpPosition":[-9.22168,325.942,95.9989],"dipPosition":[-18.4235,304.694,18.208],"direction":[0.0950063,-0.388244,-0.916646],"extended":false,"handId":873,"id":8730,"length":51.4192,"mcpPosition":[-9.22168,325.942,95.9989],"pipPosition":[-21.6195,317.754,49.0436],"stabilizedTipPosition":[-65.7791,279.595,184.137],"timeVisible":8.46001,"tipPosition":[-13.9682,295.703,4.22917],"tipVelocity":[10.502,-64.9901,-124.952],"tool":false,"touchDistance":-0.486088,"touchZone":"hovering","type":0,"width":19.9791},{"bases":[[[0.912079,-0.319875,-0.2565],[0.356693,0.927525,0.111656],[0.202195,-0.193331,0.960073]],[[0.931498,-0.343984,-0.118263],[0.334817,0.937896,-0.0908165],[0.142158,0.044999,0.988821]],[[0.931498,-0.343984,-0.118263],[0.321888,0.930944,-0.172428],[0.169408,0.122549,0.977897]],[[0.931498,-0.343984,-0.118263],[0.310754,0.921543,-0.232788],[0.18906,0.180091,0.96531]]],"btipPosition":[-22.3293,349.158,-61.2463],"carpPosition":[5.5997,342.991,89.9472],"dipPosition":[-19.1423,352.194,-44.974],"direction":[-0.169408,-0.122549,-0.977897],"extended":true,"handId":873,"id":8731,"length":58.0209,"mcpPosition":[-9.0767,357.024,20.2598],"pipPosition":[-15.1024,355.117,-21.654],"stabilizedTipPosition":[-41.8595,340.769,96.0919],"timeVisible":8.46001,"tipPosition":[-21.7821,348.516,-57.2407],"tipVelocity":[-26.1273,-60.7872,-166.13],"tool":false,"touchDistance":-0.584736,"touchZone":"hovering","type":1,"width":19.0841},{"bases":[[[0.856749,-0.496456,-0.139684],[0.510108,0.855624,0.0877351],[0.0759603,-0.146421,0.986302]],[[0.858965,-0.512034,-0.000641561],[0.36402,0.611543,-0.702499],[0.360096,0.603188,0.711684]],[[0.858965,-0.512034,-0.000641561],[0.246048,0.413857,-0.876461],[0.449043,0.752691,0.481473]],[[0.858965,-0.512034,-0.000641561],[0.168314,0.283539,-0.944074],[0.48358,0.810818,0.329733]]],"btipPosition":[-26.875,286.06,-34.864],"carpPosition":[17.0425,340.817,86.4941],"dipPosition":[-17.9092,301.093,-28.7505],"direction":[-0.449043,-0.752691,-0.481473],"extended":false,"handId":873,"id":8732,"length":66.1101,"mcpPosition":[11.8138,350.896,18.6023],"pipPosition":[-5.31078,322.211,-15.2423],"stabilizedTipPosition":[-16.3513,324.663,46.6938],"timeVisible":8.46001,"tipPosition":[-24.1277,290.295,-34.6294],"tipVelocity":[-39.3898,-102.384,-114.198],"tool":false,"touchDistance":-0.494869,"touchZone":"hovering","type":2,"width":18.7431},{"bases":[[[0.817681,-0.575671,0.000767163],[0.572177,0.812864,0.108928],[-0.06333,-0.0886291,0.994049]],[[0.804855,-0.58206,0.11582],[0.445067,0.462887,-0.766584],[0.392586,0.668537,0.631612]],[[0.804855,-0.58206,0.11582],[0.302179,0.233965,-0.924093],[0.51078,0.77876,0.364194]],[[0.804855,-0.58206,0.11582],[0.21135,0.0987545,-0.972409],[0.554562,0.807127,0.202501]]],"btipPosition":[-9.80758,275.551,-18.8749],"carpPosition":[27.7677,335.708,84.089],"dipPosition":[0.415265,290.43,-15.142],"direction":[-0.51078,-0.77876,-0.364194],"extended":false,"handId":873,"id":8733,"length":63.5667,"mcpPosition":[31.6816,341.185,22.6546],"pipPosition":[14.3756,311.715,-5.18805],"stabilizedTipPosition":[2.80039,305.08,60.8547],"timeVisible":8.46001,"tipPosition":[-6.5039,279.69,-19.5949],"tipVelocity":[-71.6583,-118.788,-41.715],"tool":false,"touchDistance":-0.43968,"touchZone":"hovering","type":3,"width":17.8352},{"bases":[[[0.699,-0.708402,0.0978038],[0.684533,0.702386,0.195112],[-0.206914,-0.0694334,0.975892]],[[0.63014,-0.7047,0.326069],[0.6563,0.258954,-0.70867],[0.414963,0.660561,0.625672]],[[0.63014,-0.7047,0.326069],[0.495297,0.0413839,-0.867738],[0.598001,0.708297,0.375113]],[[0.63014,-0.7047,0.326069],[0.389845,-0.0760448,-0.917735],[0.671524,0.705418,0.226805]]],"btipPosition":[10.1589,279.449,-5.43502],"carpPosition":[35.7578,324.186,83.3184],"dipPosition":[21.579,291.446,-1.57793],"direction":[-0.598001,-0.708297,-0.375113],"extended":false,"handId":873,"id":8734,"length":49.8351,"mcpPosition":[47.5952,328.159,27.488],"pipPosition":[33.1188,305.114,5.6607],"stabilizedTipPosition":[27.6016,315.643,107.281],"timeVisible":8.46001,"tipPosition":[14.0193,282.41,-5.61245],"tipVelocity":[-41.4467,-80.2372,-111.61],"tool":false,"touchDistance":-0.471878,"touchZone":"touching","type":4,"width":15.8426}],"r":[[0.886277,-0.403862,0.226736],[0.458089,0.836576,-0.300492],[-0.0683246,0.370184,0.926442]],"s":0.729281,"t":[49.8209,76.9264,-152.412],"timestamp":607175430367},false],[3,{"currentFrameRate":110.501,"devices":[],"gestures":[],"hands":[{"armBasis":[[0.844664,-0.086181,-0.528315],[0.361466,0.819784,0.444181],[0.394824,-0.566151,0.723593]],"armWidth":62.8676,"confidence":0.842742,"direction":[0.00793204,0.262344,-0.964942],"elbow":[125.409,175.36,284.376],"grabStrength":0,"id":873,"palmNormal":[-0.371474,-0.895144,-0.246422],"palmPosition":[12.0894,339.048,39.8386],"palmVelocity":[-39.8376,-42.3961,-150.25],"palmWidth":89.7729,"pinchStrength":0.906122,"r":[[0.887131,-0.400586,0.229191],[0.456366,0.835406,-0.306313],[-0.068763,0.376335,0.923928]],"s":0.732721,"sphereCenter":[-15.0022,301.376,11.6109],"sphereRadius":50.4044,"stabilizedPalmPosition":[-8.79459,302.297,226.548],"t":[49.3424,76.5431,-153.688],"timeVisible":8.46923,"type":"right","wrist":[20.2325,326.176,91.6192]}],"id":4449028,"interactionBox":{"center":[0,200,0],"size":[235.247,235.247,147.751]},"pointables":[{"bases":[[[0.707394,0.706807,-0.00424352],[-0.584145,0.58799,0.559502],[0.397955,-0.393309,0.828818]],[[0.5342,0.797506,-0.280383],[-0.810002,0.577802,0.10021],[0.241924,0.173579,0.954643]],[[0.5342,0.797506,-0.280383],[-0.83886,0.459041,-0.292568],[-0.104617,0.391492,0.914215]],[[0.5342,0.797506,-0.280383],[-0.764691,0.314474,-0.562454],[-0.360387,0.514869,0.777838]]],"btipPosition":[-9.93959,292.282,-0.937819],"carpPosition":[-9.86566,325.889,94.7927],"dipPosition":[-18.2611,304.171,17.0229],"direction":[0.104617,-0.391492,-0.914215],"extended":false,"handId":873,"id":8730,"length":51.4192,"mcpPosition":[-9.86566,325.889,94.7927],"pipPosition":[-21.7804,317.34,47.7766],"stabilizedTipPosition":[-65.6444,279.634,183.686],"timeVisible":8.46923,"tipPosition":[-13.5412,295.009,3.20449],"tipVelocity":[19.0533,-63.6002,-122.372],"tool":false,"touchDistance":-0.481822,"touchZone":"hovering","type":0,"width":19.9791},{"bases":[[[0.916561,-0.311241,-0.251087],[0.345401,0.932581,0.104838],[0.201529,-0.182816,0.96227]],[[0.935847,-0.333962,-0.112513],[0.324606,0.941197,-0.0936992],[0.137189,0.0511658,0.989223]],[[0.935847,-0.333962,-0.112513],[0.311944,0.933579,-0.17641],[0.163954,0.129995,0.977865]],[[0.935847,-0.333962,-0.112513],[0.300998,0.923538,-0.237651],[0.183276,0.188539,0.964812]]],"btipPosition":[-22.6702,347.882,-62.7205],"carpPosition":[4.77227,343.06,88.6404],"dipPosition":[-19.5807,351.061,-46.4566],"direction":[-0.163954,-0.129995,-0.977865],"extended":true,"handId":873,"id":8731,"length":58.0209,"mcpPosition":[-9.8558,356.329,18.7935],"pipPosition":[-15.6709,354.161,-23.1374],"stabilizedTipPosition":[-41.8577,340.769,96.0782],"timeVisible":8.46923,"tipPosition":[-22.1507,347.287,-58.7123],"tipVelocity":[-29.8479,-81.5351,-164.435],"tool":false,"touchDistance":-0.576738,"touchZone":"hovering","type":1,"width":19.0841},{"bases":[[[0.86296,-0.48747,-0.132941],[0.499725,0.862296,0.0819803],[0.0746713,-0.137179,0.987728]],[[0.864937,-0.501843,0.00618408],[0.358828,0.60974,-0.706725],[0.350894,0.613491,0.707462]],[[0.864937,-0.501843,0.00618408],[0.243613,0.409035,-0.879399],[0.438791,0.762131,0.476045]],[[0.864937,-0.501843,0.00618408],[0.167561,0.277137,-0.946107],[0.473083,0.819359,0.323795]]],"btipPosition":[-26.6586,284.686,-35.7534],"carpPosition":[16.2504,340.992,85.2397],"dipPosition":[-17.8873,299.877,-29.75],"direction":[-0.438791,-0.762131,-0.476045],"extended":false,"handId":873,"id":8732,"length":66.1101,"mcpPosition":[11.1104,350.434,17.2497],"pipPosition":[-5.57659,321.26,-16.3941],"stabilizedTipPosition":[-16.4635,324.169,45.596],"timeVisible":8.46923,"tipPosition":[-23.9742,288.941,-35.5295],"tipVelocity":[-23.1307,-114.357,-109.995],"tool":false,"touchDistance":-0.487437,"touchZone":"hovering","type":2,"width":18.7431},{"bases":[[[0.824399,-0.565951,0.00806137],[0.562228,0.820453,0.103718],[-0.0653131,-0.0809724,0.994574]],[[0.811945,-0.571454,0.119099],[0.432274,0.451513,-0.780561],[0.39228,0.685256,0.613629]],[[0.811945,-0.571454,0.119099],[0.287633,0.214127,-0.933497],[0.507948,0.792206,0.338229]],[[0.811945,-0.571454,0.119099],[0.196881,0.0760168,-0.977476],[0.549529,0.817106,0.17423]]],"btipPosition":[-10.2267,274.071,-18.0632],"carpPosition":[27.0422,335.989,82.9096],"dipPosition":[-0.0966873,289.134,-14.8514],"direction":[-0.507948,-0.792206,-0.338229],"extended":false,"handId":873,"id":8733,"length":63.5667,"mcpPosition":[31.0787,340.994,21.4428],"pipPosition":[13.7863,310.786,-5.60714],"stabilizedTipPosition":[2.35984,303.946,57.635],"timeVisible":8.46923,"tipPosition":[-6.87924,278.274,-19.0696],"tipVelocity":[-64.9636,-129.191,-8.99346],"tool":false,"touchDistance":-0.413667,"touchZone":"hovering","type":3,"width":17.8352},{"bases":[[[0.706994,-0.69925,0.10587],[0.675614,0.71204,0.191167],[-0.209057,-0.063627,0.975831]],[[0.637696,-0.694517,0.333151],[0.654341,0.26022,-0.710017],[0.406426,0.670769,0.620392]],[[0.637696,-0.694517,0.333151],[0.496022,0.0393506,-0.867418],[0.589327,0.718399,0.369589]],[[0.637696,-0.694517,0.333151],[0.392037,-0.0796679,-0.916493],[0.663062,0.715052,0.221472]]],"btipPosition":[10.3027,278.773,-6.10814],"carpPosition":[35.1699,324.557,82.2603],"dipPosition":[21.5789,290.934,-2.34174],"direction":[-0.589327,-0.718399,-0.369589],"extended":false,"handId":873,"id":8734,"length":49.8351,"mcpPosition":[47.1299,328.197,26.4334],"pipPosition":[32.9512,304.797,4.79029],"stabilizedTipPosition":[27.4791,315.359,106.344],"timeVisible":8.46923,"tipPosition":[14.1001,281.767,-6.28306],"tipVelocity":[-26.4656,-77.1613,-101.422],"tool":false,"touchDistance":-0.463434,"touchZone":"touching","type":4,"width":15.8426}],"r":[[0.887131,-0.400586,0.229191],[0.456366,0.835406,-0.306313],[-0.068763,0.376335,0.923928]],"s":0.732721,"t":[49.3424,76.5431,-153.688],"timestamp":607175439588},false],[4,{"currentFrameRate":110.598,"devices":[],"gestures":[],"hands":[{"armBasis":[[0.848535,-0.0788315,-0.523234],[0.352239,0.82206,0.447376],[0.394863,-0.563918,0.725314]],"armWidth":62.8676,"confidence":0.844086,"direction":[0.00660798,0.25848,-0.965994],"elbow":[124.927,176.211,283.645],"grabStrength":0,"id":873,"palmNormal":[-0.362337,-0.89975,-0.243233],"palmPosition":[11.5385,339.013,38.5868],"palmVelocity":[-45.8785,-31.9868,-147.772],"palmWidth":89.7729,"pinchStrength":0.918825,"r":[[0.888533,-0.396017,0.231688],[0.453424,0.835078,-0.311529],[-0.0701066,0.381857,0.921559]],"s":0.735858,"sphereCenter":[-15.2644,301.155,10.4912],"sphereRadius":50.3384,"stabilizedPalmPosition":[-8.79419,302.298,226.545],"t":[48.8276,76.3337,-154.952],"timeVisible":8.4781,"type":"right","wrist":[19.7403,326.432,90.4298]}],"id":4449029,"interactionBox":{"center":[0,200,0],"size":[235.247,235.247,147.751]},"pointables":[{"bases":[[[0.700417,0.713706,-0.00623754],[-0.590624,0.584489,0.55636],[0.400723,-0.386,0.830918]],[[0.530214,0.800834,-0.278455],[-0.81463,0.572222,0.0945449],[0.235053,0.176709,0.955784]],[[0.530214,0.800834,-0.278455],[-0.840479,0.453191,-0.297007],[-0.11166,0.391513,0.913372]],[[0.530214,0.800834,-0.278455],[-0.76192,0.305963,-0.570846],[-0.371956,0.514831,0.772398]]],"btipPosition":[-9.58917,292.101,-2.06633],"carpPosition":[-10.3577,325.862,93.5664],"dipPosition":[-18.1778,303.989,15.7687],"direction":[0.11166,-0.391513,-0.913372],"extended":false,"handId":873,"id":8730,"length":51.4192,"mcpPosition":[-10.3577,325.862,93.5664],"pipPosition":[-21.934,317.159,46.4942],"stabilizedTipPosition":[-65.5268,279.667,183.291],"timeVisible":8.4781,"tipPosition":[-13.2131,294.728,2.06829],"tipVelocity":[22.7212,-51.8954,-124.569],"tool":false,"touchDistance":-0.479334,"touchZone":"hovering","type":0,"width":19.9791},{"bases":[[[0.919902,-0.303232,-0.248658],[0.336081,0.936352,0.101465],[0.202064,-0.176907,0.963262]],[[0.939248,-0.32523,-0.109723],[0.315934,0.944113,-0.0940044],[0.134164,0.0536284,0.989507]],[[0.939248,-0.32523,-0.109723],[0.303393,0.936143,-0.177733],[0.16052,0.133647,0.977943]],[[0.939248,-0.32523,-0.109723],[0.29253,0.925705,-0.239784],[0.179556,0.193119,0.964606]]],"btipPosition":[-23.0898,347.276,-64.0808],"carpPosition":[4.11875,343.151,87.3625],"dipPosition":[-20.063,350.531,-47.8203],"direction":[-0.16052,-0.133647,-0.977943],"extended":true,"handId":873,"id":8731,"length":58.0209,"mcpPosition":[-10.5482,355.991,17.4437],"pipPosition":[-16.2351,353.718,-24.4993],"stabilizedTipPosition":[-41.855,340.77,96.0563],"timeVisible":8.4781,"tipPosition":[-22.5899,346.717,-60.0744],"tipVelocity":[-35.0217,-77.4294,-161.449],"tool":false,"touchDistance":-0.567813,"touchZone":"hovering","type":1,"width":19.0841},{"bases":[[[0.867882,-0.479497,-0.129861],[0.491118,0.867496,0.0790889],[0.0747313,-0.132417,0.988373]],[[0.869821,-0.49328,0.00927787],[0.353645,0.610264,-0.708882],[0.344015,0.619881,0.705266]],[[0.869821,-0.49328,0.00927787],[0.240534,0.407575,-0.880924],[0.430761,0.768478,0.473168]],[[0.869821,-0.49328,0.00927787],[0.165813,0.274569,-0.947163],[0.464669,0.825401,0.320618]]],"btipPosition":[-26.5836,283.954,-36.8087],"carpPosition":[15.6211,341.182,83.9848],"dipPosition":[-17.9683,299.257,-30.8642],"direction":[-0.430761,-0.768478,-0.473168],"extended":false,"handId":873,"id":8732,"length":66.1101,"mcpPosition":[10.4769,350.297,15.9504],"pipPosition":[-5.88292,320.818,-17.589],"stabilizedTipPosition":[-16.5837,323.627,44.3998],"timeVisible":8.4781,"tipPosition":[-23.9526,288.224,-36.5829],"tipVelocity":[-15.6618,-104.927,-112.841],"tool":false,"touchDistance":-0.483059,"touchZone":"hovering","type":2,"width":18.7431},{"bases":[[[0.829911,-0.557779,0.0114112],[0.554001,0.826358,0.101076],[-0.0658075,-0.077562,0.994813]],[[0.817765,-0.562913,0.119957],[0.422757,0.446046,-0.788873],[0.39056,0.695825,0.602736]],[[0.817765,-0.562913,0.119957],[0.277588,0.203168,-0.938971],[0.504187,0.801157,0.322402]],[[0.817765,-0.562913,0.119957],[0.187242,0.0631153,-0.980284],[0.544243,0.824103,0.157015]]],"btipPosition":[-10.4978,273.308,-18.0687],"carpPosition":[26.4646,336.276,81.6887],"dipPosition":[-0.465188,288.5,-15.1743],"direction":[-0.504187,-0.801157,-0.322402],"extended":false,"handId":873,"id":8733,"length":63.5667,"mcpPosition":[30.5316,341.07,20.2072],"pipPosition":[13.315,310.396,-6.3626],"stabilizedTipPosition":[1.79291,302.487,53.6027],"timeVisible":8.4781,"tipPosition":[-7.19223,277.52,-19.17],"tipVelocity":[-56.3161,-116.584,-8.9551],"tool":false,"touchDistance":-0.401812,"touchZone":"hovering","type":3,"width":17.8352},{"bases":[[[0.713695,-0.691826,0.109615],[0.668333,0.719422,0.18911],[-0.20969,-0.0617075,0.975819]],[[0.644435,-0.686954,0.335852],[0.651652,0.26359,-0.711245],[0.400066,0.677211,0.617522]],[[0.644435,-0.686954,0.335852],[0.49532,0.0404087,-0.86777],[0.582547,0.725576,0.366303]],[[0.644435,-0.686954,0.335852],[0.392457,-0.0798147,-0.916301],[0.656263,0.722304,0.218164]]],"btipPosition":[10.3424,278.542,-7.05155],"carpPosition":[34.705,324.922,81.0964],"dipPosition":[21.503,290.825,-3.3414],"direction":[-0.582547,-0.725576,-0.366303],"extended":false,"handId":873,"id":8734,"length":49.8351,"mcpPosition":[46.7013,328.452,25.2702],"pipPosition":[32.7445,304.827,3.72721],"stabilizedTipPosition":[27.3629,315.088,105.446],"timeVisible":8.4781,"tipPosition":[14.0858,281.561,-7.21735],"tipVelocity":[-18.8858,-62.4437,-103.154],"tool":false,"touchDistance":-0.459769,"touchZone":"touching","type":4,"width":15.8426}],"r":[[0.888533,-0.396017,0.231688],[0.453424,0.835078,-0.311529],[-0.0701066,0.381857,0.921559]],"s":0.735858,"t":[48.8276,76.3337,-154.952],"timestamp":607175448459},false],[5,{"currentFrameRate":110.503,"devices":[],"gestures":[],"hands":[{"armBasis":[[0.850533,-0.074072,-0.520679],[0.346609,0.82355,0.449029],[0.395545,-0.562386,0.726131]],"armWidth":62.8676,"confidence":0.793697,"direction":[0.00594781,0.256252,-0.966592],"elbow":[124.819,176.733,283.159],"grabStrength":0,"id":873,"palmNormal":[-0.356738,-0.902464,-0.241446],"palmPosition":[11.2207,338.956,37.8468],"palmVelocity":[-42.6843,-24.7388,-128.865],"palmWidth":89.7729,"pinchStrength":0.918699,"r":[[0.890069,-0.391175,0.234008],[0.450132,0.835175,-0.316012],[-0.0718222,0.386607,0.919444]],"s":0.738365,"sphereCenter":[-15.2326,300.925,9.79708],"sphereRadius":50.2667,"stabilizedPalmPosition":[-8.79361,302.299,226.539],"t":[48.4113,76.2007,-155.955],"timeVisible":8.48732,"type":"right","wrist":[19.4501,326.546,89.7265]}],"id":4449030,"interactionBox":{"center":[0,200,0],"size":[235.247,235.247,147.751]},"pointables":[{"bases":[[[0.69615,0.717859,-0.00728261],[-0.59461,0.582253,0.554455],[0.402261,-0.381654,0.832182]],[[0.528029,0.802841,-0.276823],[-0.817126,0.569094,0.0918502],[0.23128,0.1777,0.956521]],[[0.528029,0.802841,-0.276823],[-0.841325,0.45018,-0.299182],[-0.115576,0.390875,0.913159]],[[0.528029,0.802841,-0.276823],[-0.759324,0.300373,-0.577237],[-0.38028,0.514997,0.768223]]],"btipPosition":[-9.36854,292.012,-2.72805],"carpPosition":[-10.6468,325.804,92.8374],"dipPosition":[-18.1494,303.903,15.0106],"direction":[0.115576,-0.390875,-0.913159],"extended":false,"handId":873,"id":8730,"length":51.4192,"mcpPosition":[-10.6468,325.804,92.8374],"pipPosition":[-22.0373,317.052,45.7288],"stabilizedTipPosition":[-65.421,279.696,182.935],"timeVisible":8.48732,"tipPosition":[-12.9752,294.569,1.39335],"tipVelocity":[21.7181,-40.0415,-110.457],"tool":false,"touchDistance":-0.469993,"touchZone":"hovering","type":0,"width":19.9791},{"bases":[[[0.921922,-0.298315,-0.247118],[0.330393,0.938577,0.0995688],[0.202236,-0.173441,0.963856]],[[0.941266,-0.319861,-0.108203],[0.310804,0.945949,-0.0926346],[0.131984,0.0535639,0.989804]],[[0.941266,-0.319861,-0.108203],[0.298268,0.937809,-0.177627],[0.158289,0.134921,0.978131]],[[0.941266,-0.319861,-0.108203],[0.287376,0.927086,-0.240678],[0.177297,0.195447,0.964555]]],"btipPosition":[-23.3055,346.971,-64.8967],"carpPosition":[3.73184,343.164,86.606],"dipPosition":[-20.3168,350.265,-48.6371],"direction":[-0.158289,-0.134921,-0.978131],"extended":true,"handId":873,"id":8731,"length":58.0209,"mcpPosition":[-10.9476,355.753,16.644],"pipPosition":[-16.5421,353.483,-25.3115],"stabilizedTipPosition":[-41.851,340.772,96.0237],"timeVisible":8.48732,"tipPosition":[-22.815,346.436,-60.8949],"tipVelocity":[-32.0337,-64.7329,-141.023],"tool":false,"touchDistance":-0.551607,"touchZone":"hovering","type":1,"width":19.0841},{"bases":[[[0.870846,-0.474609,-0.127955],[0.485859,0.870595,0.0774942],[0.0746172,-0.129653,0.988748]],[[0.872743,-0.488052,0.0111747],[0.350556,0.610612,-0.710115],[0.33975,0.623665,0.703997]],[[0.872743,-0.488052,0.0111747],[0.238721,0.406694,-0.881824],[0.425831,0.772273,0.471447]],[[0.872743,-0.488052,0.0111747],[0.164801,0.272998,-0.947794],[0.459522,0.829022,0.318688]]],"btipPosition":[-26.5115,283.484,-37.4317],"carpPosition":[15.2488,341.256,83.2432],"dipPosition":[-17.9916,298.855,-31.523],"direction":[-0.425831,-0.772273,-0.471447],"extended":false,"handId":873,"id":8732,"length":66.1101,"mcpPosition":[10.1125,350.181,15.183],"pipPosition":[-6.0445,320.522,-18.2961],"stabilizedTipPosition":[-16.7154,323.022,43.0692],"timeVisible":8.48732,"tipPosition":[-23.9171,287.758,-37.1976],"tipVelocity":[-9.74789,-89.3326,-100.413],"tool":false,"touchDistance":-0.472555,"touchZone":"hovering","type":2,"width":18.7431},{"bases":[[[0.833215,-0.552786,0.0134671],[0.548966,0.829885,0.0996341],[-0.0662524,-0.0756236,0.994933]],[[0.821027,-0.557735,0.121843],[0.420087,0.44571,-0.790487],[0.386576,0.700196,0.600237]],[[0.821027,-0.557735,0.121843],[0.276026,0.201,-0.939898],[0.499724,0.805314,0.318976]],[[0.821027,-0.557735,0.121843],[0.186366,0.060114,-0.98064],[0.539613,0.827839,0.153298]]],"btipPosition":[-10.4284,272.947,-18.5242],"carpPosition":[26.1235,336.41,80.9684],"dipPosition":[-0.481154,288.207,-15.6983],"direction":[-0.499724,-0.805314,-0.318976],"extended":false,"handId":873,"id":8733,"length":63.5667,"mcpPosition":[30.218,341.084,19.4795],"pipPosition":[13.177,310.218,-6.98018],"stabilizedTipPosition":[1.10461,300.684,48.65],"timeVisible":8.48732,"tipPosition":[-7.19885,277.138,-19.5612],"tipVelocity":[-39.0252,-94.4198,-20.7694],"tool":false,"touchDistance":-0.397032,"touchZone":"hovering","type":3,"width":17.8352},{"bases":[[[0.717711,-0.687294,0.11188],[0.663854,0.723841,0.188022],[-0.21021,-0.060673,0.975772]],[[0.64939,-0.682626,0.335133],[0.646211,0.263035,-0.716397],[0.400879,0.681787,0.611933]],[[0.64939,-0.682626,0.335133],[0.489248,0.0376498,-0.871332],[0.582176,0.729797,0.358423]],[[0.64939,-0.682626,0.335133],[0.386527,-0.083235,-0.918515],[0.654897,0.726012,0.209801]]],"btipPosition":[10.1012,278.36,-7.24585],"carpPosition":[34.4321,325.104,80.4101],"dipPosition":[21.2386,290.707,-3.67792],"direction":[-0.582176,-0.729797,-0.358423],"extended":false,"handId":873,"id":8734,"length":49.8351,"mcpPosition":[46.4581,328.575,24.5866],"pipPosition":[32.4729,304.79,3.23863],"stabilizedTipPosition":[27.2402,314.805,104.512],"timeVisible":8.48732,"tipPosition":[13.8421,281.385,-7.47294],"tipVelocity":[-21.0889,-50.0277,-81.1533],"tool":false,"touchDistance":-0.44553,"touchZone":"touching","type":4,"width":15.8426}],"r":[[0.890069,-0.391175,0.234008],[0.450132,0.835175,-0.316012],[-0.0718222,0.386607,0.919444]],"s":0.738365,"t":[48.4113,76.2007,-155.955],"timestamp":607175457676},false],[6,{"currentFrameRate":110.608,"devices":[],"gestures":[],"hands":[{"armBasis":[[0.85187,-0.0723146,-0.518736],[0.342873,0.825694,0.44796],[0.395923,-0.559464,0.728179]],"armWidth":62.8676,"confidence":0.803019,"direction":[0.00492887,0.256254,-0.966597],"elbow":[124.629,177.537,282.988],"grabStrength":0,"id":873,"palmNormal":[-0.352571,-0.904091,-0.241481],"palmPosition":[10.8817,338.943,37.1282],"palmVelocity":[-41.493,-18.4299,-115.944],"palmWidth":89.7729,"pinchStrength":0.919347,"r":[[0.89163,-0.386471,0.235874],[0.446744,0.835633,-0.319589],[-0.0735923,0.39033,0.917729]],"s":0.740617,"sphereCenter":[-15.3676,300.857,9.05814],"sphereRadius":50.2366,"stabilizedPalmPosition":[-8.79289,302.3,226.532],"t":[48.0336,76.1279,-156.815],"timeVisible":8.49618,"type":"right","wrist":[19.1595,326.572,89.0095]}],"id":4449031,"interactionBox":{"center":[0,200,0],"size":[235.247,235.247,147.751]},"pointables":[{"bases":[[[0.692863,0.721033,-0.00718965],[-0.597352,0.579542,0.554347],[0.40387,-0.379792,0.832254]],[[0.526502,0.8048,-0.274031],[-0.818842,0.566732,0.0911753],[0.22868,0.176384,0.957389]],[[0.526502,0.8048,-0.274031],[-0.841923,0.448767,-0.299624],[-0.118161,0.388465,0.913856]],[[0.526502,0.8048,-0.274031],[-0.75621,0.296021,-0.583539],[-0.388513,0.514459,0.764453]]],"btipPosition":[-9.25076,292.059,-3.429],"carpPosition":[-10.9342,325.692,92.1156],"dipPosition":[-18.2217,303.938,14.2226],"direction":[0.118161,-0.388465,-0.913856],"extended":false,"handId":873,"id":8730,"length":51.4192,"mcpPosition":[-10.9342,325.692,92.1156],"pipPosition":[-22.1966,317.006,44.9643],"stabilizedTipPosition":[-65.3395,279.719,182.66],"timeVisible":8.49618,"tipPosition":[-12.8583,294.56,0.672483],"tipVelocity":[18.1012,-27.8495,-102.593],"tool":false,"touchDistance":-0.462141,"touchZone":"hovering","type":0,"width":19.9791},{"bases":[[[0.923315,-0.294104,-0.246966],[0.326084,0.940079,0.099599],[0.202875,-0.172493,0.963892]],[[0.942741,-0.31557,-0.107958],[0.307013,0.947554,-0.0887895],[0.130316,0.0505608,0.990183]],[[0.942741,-0.31557,-0.107958],[0.294463,0.939521,-0.174904],[0.156624,0.1331,0.978649]],[[0.942741,-0.31557,-0.107958],[0.283527,0.928736,-0.238875],[0.175647,0.194588,0.96503]]],"btipPosition":[-23.5795,347.041,-65.6556],"carpPosition":[3.36599,343.118,85.8861],"dipPosition":[-20.6186,350.321,-49.388],"direction":[-0.156624,-0.1331,-0.978649],"extended":true,"handId":873,"id":8731,"length":58.0209,"mcpPosition":[-11.3598,355.638,15.9215],"pipPosition":[-16.8836,353.495,-26.0501],"stabilizedTipPosition":[-41.8467,340.773,95.9879],"timeVisible":8.49618,"tipPosition":[-23.106,346.509,-61.6567],"tipVelocity":[-31.9326,-45.1492,-125.986],"tool":false,"touchDistance":-0.536136,"touchZone":"hovering","type":1,"width":19.0841},{"bases":[[[0.873027,-0.470627,-0.127806],[0.481862,0.872809,0.0775505],[0.0750531,-0.129289,0.988763]],[[0.874965,-0.484055,0.0112845],[0.347796,0.61211,-0.710183],[0.33686,0.62531,0.703927]],[[0.874965,-0.484055,0.0112845],[0.236837,0.40754,-0.881941],[0.422309,0.774339,0.471226]],[[0.874965,-0.484055,0.0112845],[0.163491,0.273424,-0.947898],[0.455749,0.831222,0.318375]]],"btipPosition":[-26.592,283.289,-38.1354],"carpPosition":[14.892,341.263,82.5251],"dipPosition":[-18.1421,298.7,-32.2325],"direction":[-0.422309,-0.774339,-0.471226],"extended":false,"handId":873,"id":8732,"length":66.1101,"mcpPosition":[9.72578,350.162,14.4639],"pipPosition":[-6.29383,320.425,-19.0118],"stabilizedTipPosition":[-16.8386,322.46,41.8294],"timeVisible":8.49618,"tipPosition":[-24.0272,287.563,-37.8864],"tipVelocity":[-10.0639,-70.8296,-94.7824],"tool":false,"touchDistance":-0.464208,"touchZone":"hovering","type":2,"width":18.7431},{"bases":[[[0.83573,-0.548971,0.0136112],[0.545152,0.832388,0.0997012],[-0.0660629,-0.0759032,0.994924]],[[0.823662,-0.553962,0.121271],[0.416896,0.446547,-0.791703],[0.384421,0.702653,0.598748]],[[0.823662,-0.553962,0.121271],[0.273224,0.200273,-0.940872],[0.49692,0.808094,0.316313]],[[0.823662,-0.553962,0.121271],[0.183909,0.058647,-0.981192],[0.536431,0.830473,0.150184]]],"btipPosition":[-10.5442,272.788,-19.044],"carpPosition":[25.7892,336.466,80.2522],"dipPosition":[-0.65557,288.097,-16.2755],"direction":[-0.49692,-0.808094,-0.316313],"extended":false,"handId":873,"id":8733,"length":63.5667,"mcpPosition":[29.872,341.157,18.7638],"pipPosition":[12.926,310.183,-7.63021],"stabilizedTipPosition":[0.406506,298.869,43.6563],"timeVisible":8.49618,"tipPosition":[-7.35966,276.967,-20.0521],"tipVelocity":[-32.4096,-73.3784,-31.4472],"tool":false,"touchDistance":-0.393658,"touchZone":"hovering","type":3,"width":17.8352},{"bases":[[[0.720827,-0.684004,0.11201],[0.660509,0.726872,0.188109],[-0.210084,-0.0616111,0.97574]],[[0.653253,-0.679855,0.333252],[0.642759,0.265342,-0.718648],[0.400151,0.68366,0.610319]],[[0.653253,-0.679855,0.333252],[0.485824,0.0387907,-0.873196],[0.58072,0.732319,0.35563]],[[0.653253,-0.679855,0.333252],[0.383326,-0.0825958,-0.919912],[0.652933,0.72868,0.206651]]],"btipPosition":[9.89833,278.349,-7.79491],"carpPosition":[34.1494,325.198,79.6955],"dipPosition":[21.0023,290.741,-4.28056],"direction":[-0.58072,-0.732319,-0.35563],"extended":false,"handId":873,"id":8734,"length":49.8351,"mcpPosition":[46.1682,328.723,23.8738],"pipPosition":[32.2085,304.873,2.58209],"stabilizedTipPosition":[27.1316,314.558,103.693],"timeVisible":8.49618,"tipPosition":[13.602,281.374,-8.01551],"tipVelocity":[-21.8186,-36.5046,-76.3446],"tool":false,"touchDistance":-0.437731,"touchZone":"touching","type":4,"width":15.8426}],"r":[[0.89163,-0.386471,0.235874],[0.446744,0.835633,-0.319589],[-0.0735923,0.