{"sensorType":"Leap","data":[[0,{"currentFrameRate":108.903,"devices":[],"gestures":[],"hands":[{"armBasis":[[0.674842,-0.417044,-0.608821],[0.656622,0.715865,0.237456],[0.336804,-0.56001,0.756936]],"armWidth":62.8676,"confidence":0.841859,"direction":[0.105731,0.26844,-0.957476],"elbow":[96.5076,142.612,297.109],"grabStrength":0,"id":866,"palmNormal":[-0.653385,-0.70709,-0.270393],"palmPosition":[3.9976,308,44.0621],"palmVelocity":[-26.6821,-9.81577,-100.835],"palmWidth":89.7729,"pinchStrength":1,"r":[[0.865872,-0.490847,0.0966146],[0.498928,0.833193,-0.238455],[0.0365463,0.254675,0.966336]],"s":0.886143,"sphereCenter":[-21.426,280.776,15.109],"sphereRadius":43.3067,"stabilizedPalmPosition":[-23.8895,296.92,153.114],"t":[28.755,11.4934,-110.095],"timeVisible":0.551331,"type":"right","wrist":[6.78699,291.792,95.4698]}],"id":4444371,"interactionBox":{"center":[0,200,0],"size":[235.247,235.247,147.751]},"pointables":[{"bases":[[[0.906676,0.421577,0.014517],[-0.352338,0.737945,0.575582],[0.231939,-0.526981,0.817615]],[[0.756054,0.58692,-0.289669],[-0.586744,0.803894,0.0973927],[0.290025,0.0963272,0.952159]],[[0.756054,0.58692,-0.289669],[-0.65415,0.692274,-0.304704],[0.0216933,0.419859,0.90733]],[[0.756054,0.58692,-0.289669],[-0.597892,0.43927,-0.670498],[-0.266286,0.680123,0.683026]]],"btipPosition":[-30.4809,267.179,5.46444],"carpPosition":[-21.6161,301.751,98.6517],"dipPosition":[-36.6295,282.883,21.2359],"direction":[-0.0216933,-0.419859,-0.90733],"extended":false,"handId":866,"id":8660,"length":51.4192,"mcpPosition":[-21.6161,301.751,98.6517],"pipPosition":[-35.8998,297.007,51.758],"stabilizedTipPosition":[-61.5695,263.53,115.015],"timeVisible":0.551331,"tipPosition":[-31.5839,269.794,9.66395],"tipVelocity":[-34.556,55.0166,-142.345],"tool":false,"touchDistance":-0.437707,"touchZone":"touching","type":0,"width":19.9791},{"bases":[[[0.756717,-0.599831,-0.259967],[0.642948,0.754816,0.129891],[0.118314,-0.265436,0.956841]],[[0.765013,-0.641096,-0.0612361],[0.63961,0.76744,-0.0439738],[0.0751865,-0.00552675,0.997154]],[[0.765013,-0.641096,-0.0612361],[0.631295,0.765311,-0.125559],[0.12736,0.0573963,0.990194]],[[0.765013,-0.641096,-0.0612361],[0.622179,0.760277,-0.186743],[0.166277,0.104761,0.980498]]],"btipPosition":[-19.5449,329.387,-58.9025],"carpPosition":[-1.92994,313.021,92.9589],"dipPosition":[-16.742,331.153,-42.3742],"direction":[-0.12736,-0.0573963,-0.990194],"extended":true,"handId":866,"id":8661,"length":58.0209,"mcpPosition":[-10.5178,332.287,23.5061],"pipPosition":[-13.7048,332.522,-18.761],"stabilizedTipPosition":[-61.8978,313.361,56.7964],"timeVisible":0.551331,"tipPosition":[-19.6881,328.685,-54.884],"tipVelocity":[22.7954,41.0441,-104.713],"tool":false,"touchDistance":-0.429131,"touchZone":"touching","type":1,"width":19.0841},{"bases":[[[0.644975,-0.750008,-0.146613],[0.764065,0.63653,0.105047],[0.0145377,-0.179774,0.9836]],[[0.64499,-0.750192,-0.145599],[0.299737,0.423609,-0.854818],[0.702955,0.507708,0.498083]],[[0.64499,-0.750192,-0.145599],[-0.440076,-0.208864,-0.873332],[0.624757,0.627365,-0.464857]],[[0.64499,-0.750192,-0.145599],[-0.68889,-0.488313,-0.535706],[0.330785,0.445827,-0.831757]]],"btipPosition":[-49.916,269.597,26.5675],"carpPosition":[8.17528,307.234,89.4967],"dipPosition":[-43.7831,277.863,11.1462],"direction":[-0.624757,-0.627365,0.464857],"extended":false,"handId":866,"id":8662,"length":66.1101,"mcpPosition":[7.17458,319.609,21.7908],"pipPosition":[-26.2549,295.464,-1.89587],"stabilizedTipPosition":[-61.8201,258.442,104.662],"timeVisible":0.551331,"tipPosition":[-48.3752,271.392,24.126],"tipVelocity":[-19.257,-1.68456,-135.007],"tool":false,"touchDistance":0.333333,"touchZone":"none","type":2,"width":18.7431},{"bases":[[[0.580639,-0.814124,-0.00776893],[0.808267,0.575263,0.125605],[-0.0977887,-0.0792104,0.99205]],[[0.583304,-0.811391,-0.0374339],[0.500559,0.39538,-0.77014],[0.639685,0.430488,0.636776]],[[0.583304,-0.811391,-0.0374339],[-0.274642,-0.153647,-0.949191],[0.764414,0.563948,-0.312465]],[[0.583304,-0.811391,-0.0374339],[-0.63023,-0.423033,-0.65104],[0.512412,0.403346,-0.75812]]],"btipPosition":[-35.8719,261.969,20.1598],"carpPosition":[16.6215,298.899,87.0255],"dipPosition":[-26.4261,269.404,6.18457],"direction":[-0.764414,-0.563948,0.312465],"extended":false,"handId":866,"id":8663,"length":63.5667,"mcpPosition":[22.665,303.794,25.7148],"pipPosition":[-5.53355,284.817,-2.35555],"stabilizedTipPosition":[-46.803,249.61,117.154],"timeVisible":0.551331,"tipPosition":[-33.7317,263.613,18.365],"tipVelocity":[-17.8387,1.4371,-174.88],"tool":false,"touchDistance":0.333333,"touchZone":"none","type":3,"width":17.8352},{"bases":[[[0.423834,-0.901604,0.0864562],[0.876902,0.432361,0.210016],[-0.226732,-0.0131983,0.973868]],[[0.434748,-0.899786,0.0371446],[0.605105,0.261322,-0.752036],[0.666965,0.349422,0.658074]],[[0.434748,-0.899786,0.0371446],[-0.246834,-0.158726,-0.95597],[0.866064,0.406437,-0.291104]],[[0.434748,-0.899786,0.0371446],[-0.651384,-0.342674,-0.676959],[0.621846,0.270111,-0.735083]]],"btipPosition":[-17.2365,261.523,25.5079],"carpPosition":[20.348,285.395,86.0617],"dipPosition":[-6.66121,266.117,13.0069],"direction":[-0.866064,-0.406437,0.291104],"extended":false,"handId":866,"id":8664,"length":49.8351,"mcpPosition":[33.3193,286.15,30.3472],"pipPosition":[10.0514,273.96,7.38945],"stabilizedTipPosition":[-31.0273,251.723,119.351],"timeVisible":0.551331,"tipPosition":[-15.0361,262.629,23.7596],"tipVelocity":[-16.6794,-2.94457,-150.138],"tool":false,"touchDistance":0.333333,"touchZone":"none","type":4,"width":15.8426}],"r":[[0.865872,-0.490847,0.0966146],[0.498928,0.833193,-0.238455],[0.0365463,0.254675,0.966336]],"s":0.886143,"t":[28.755,11.4934,-110.095],"timestamp":607132289694},false],[1,{"currentFrameRate":108.979,"devices":[],"gestures":[],"hands":[{"armBasis":[[0.672578,-0.421589,-0.608195],[0.658971,0.715175,0.232985],[0.336742,-0.557483,0.758826]],"armWidth":62.8676,"confidence":0.828435,"direction":[0.107347,0.273397,-0.955893],"elbow":[96.2003,142.865,296.851],"grabStrength":0,"id":866,"palmNormal":[-0.654917,-0.703935,-0.274881],"palmPosition":[3.79822,307.868,43.3873],"palmVelocity":[-25.4076,-11.1458,-93.6203],"palmWidth":89.7729,"pinchStrength":1,"r":[[0.865351,-0.491601,0.0974482],[0.500013,0.833701,-0.234368],[0.033973,0.251536,0.967251]],"s":0.884428,"sphereCenter":[-21.412,280.447,14.2011],"sphereRadius":43.408,"stabilizedPalmPosition":[-23.8892,296.92,153.113],"t":[28.527,11.3646,-110.891],"timeVisible":0.56037,"type":"right","wrist":[6.49625,291.372,94.7083]}],"id":4444372,"interactionBox":{"center":[0,200,0],"size":[235.247,235.247,147.751]},"pointables":[{"bases":[[[0.907731,0.41918,0.0176924],[-0.351022,0.735686,0.579267],[0.229801,-0.532029,0.814946]],[[0.758833,0.585943,-0.28433],[-0.582342,0.805919,0.106644],[0.291634,0.0846516,0.952777]],[[0.758833,0.585943,-0.28433],[-0.650784,0.6993,-0.295736],[0.0255477,0.409451,0.911974]],[[0.758833,0.585943,-0.28433],[-0.594532,0.444971,-0.669726],[-0.265902,0.677253,0.68602]]],"btipPosition":[-30.967,267.805,4.47421],"carpPosition":[-21.8845,301.386,97.9173],"dipPosition":[-37.1069,283.443,20.3148],"direction":[-0.0255477,-0.409451,-0.911974],"extended":false,"handId":866,"id":8660,"length":51.4192,"mcpPosition":[-21.8845,301.386,97.9173],"pipPosition":[-36.2475,297.217,50.9932],"stabilizedTipPosition":[-61.5633,263.532,114.993],"timeVisible":0.56037,"tipPosition":[-32.0219,270.344,8.65191],"tipVelocity":[-39.7935,58.4835,-132.822],"tool":false,"touchDistance":-0.436884,"touchZone":"touching","type":0,"width":19.9791},{"bases":[[[0.755442,-0.600328,-0.262514],[0.644738,0.752454,0.134633],[0.116706,-0.27096,0.95549]],[[0.76344,-0.642701,-0.0639978],[0.641666,0.766026,-0.0383164],[0.0736499,-0.011813,0.997214]],[[0.76344,-0.642701,-0.0639978],[0.633401,0.764389,-0.120468],[0.126344,0.0514337,0.990652]],[[0.76344,-0.642701,-0.0639978],[0.624272,0.759683,-0.182113],[0.165662,0.0990806,0.981193]]],"btipPosition":[-19.5627,329.908,-59.4834],"carpPosition":[-2.16421,312.636,92.3051],"dipPosition":[-16.7701,331.578,-42.9434],"direction":[-0.126344,-0.0514337,-0.990652],"extended":true,"handId":866,"id":8661,"length":58.0209,"mcpPosition":[-10.6354,332.304,22.9504],"pipPosition":[-13.7572,332.805,-19.3192],"stabilizedTipPosition":[-61.8716,313.371,56.7278],"timeVisible":0.56037,"tipPosition":[-19.6981,329.206,-55.4743],"tipVelocity":[15.898,44.943,-93.4829],"tool":false,"touchDistance":-0.423224,"touchZone":"touching","type":1,"width":19.0841},{"bases":[[[0.643209,-0.750837,-0.15009],[0.765579,0.633997,0.109258],[0.0131214,-0.185181,0.982617]],[[0.643222,-0.751027,-0.149077],[0.301703,0.427548,-0.852161],[0.703733,0.503151,0.501596]],[[0.643222,-0.751027,-0.149077],[-0.439725,-0.202938,-0.874905],[0.626824,0.628311,-0.460779]],[[0.643222,-0.751027,-0.149077],[-0.689604,-0.483618,-0.539036],[0.332734,0.449524,-0.828985]]],"btipPosition":[-50.1954,269.7,25.6267],"carpPosition":[7.92963,306.843,88.821],"dipPosition":[-44.0262,278.034,10.2568],"direction":[-0.626824,-0.628311,0.460779],"extended":false,"handId":866,"id":8662,"length":66.1101,"mcpPosition":[7.02642,319.59,21.1828],"pipPosition":[-26.4401,295.662,-2.67087],"stabilizedTipPosition":[-61.8201,258.442,104.662],"timeVisible":0.56037,"tipPosition":[-48.649,271.504,23.1875],"tipVelocity":[-22.2123,2.38935,-126.124],"tool":false,"touchDistance":0.333333,"touchZone":"none","type":2,"width":18.7431},{"bases":[[[0.578574,-0.815547,-0.0116601],[0.809605,0.572507,0.129524],[-0.0989572,-0.0843792,0.991508]],[[0.581276,-0.812657,-0.0413209],[0.50632,0.400979,-0.76345],[0.636992,0.422854,0.644543]],[[0.581276,-0.812657,-0.0413209],[-0.266579,-0.142208,-0.953264],[0.7688,0.565125,-0.2993]],[[0.581276,-0.812657,-0.0413209],[-0.625451,-0.413734,-0.66154],[0.520509,0.410382,-0.74877]]],"btipPosition":[-36.2146,262.064,18.6056],"carpPosition":[16.357,298.5,86.3124],"dipPosition":[-26.6195,269.629,4.80276],"direction":[-0.7688,-0.565125,0.2993],"extended":false,"handId":866,"id":8663,"length":63.5667,"mcpPosition":[22.4728,303.715,25.0352],"pipPosition":[-5.60708,285.074,-3.37753],"stabilizedTipPosition":[-46.803,249.61,117.154],"timeVisible":0.56037,"tipPosition":[-34.0242,263.739,16.8913],"tipVelocity":[-22.324,4.84865,-172.861],"tool":false,"touchDistance":0.333333,"touchZone":"none","type":3,"width":17.8352},{"bases":[[[0.421455,-0.90314,0.0819348],[0.877794,0.428971,0.213219],[-0.227714,-0.0179403,0.973563]],[[0.432777,-0.900969,0.0309561],[0.608363,0.26654,-0.747563],[0.66528,0.342361,0.663469]],[[0.432777,-0.900969,0.0309561],[-0.242421,-0.149383,-0.958601],[0.868295,0.407357,-0.283064]],[[0.432777,-0.900969,0.0309561],[-0.648853,-0.335146,-0.683131],[0.625855,0.275558,-0.72964]]],"btipPosition":[-17.5306,261.527,24.3062],"carpPosition":[20.0502,284.992,85.2784],"dipPosition":[-6.88717,266.214,11.8978],"direction":[-0.868295,-0.407357,0.283064],"extended":false,"handId":866,"id":8664,"length":49.8351,"mcpPosition":[33.0776,286.018,29.5813],"pipPosition":[9.86846,274.074,6.43543],"stabilizedTipPosition":[-31.0273,251.723,119.351],"timeVisible":0.56037,"tipPosition":[-15.3028,262.652,22.586],"tipVelocity":[-20.5726,-1.35474,-144.752],"tool":false,"touchDistance":0.333333,"touchZone":"none","type":4,"width":15.8426}],"r":[[0.865351,-0.491601,0.0974482],[0.500013,0.833701,-0.234368],[0.033973,0.251536,0.967251]],"s":0.884428,"t":[28.527,11.3646,-110.891],"timestamp":607132298733},false],[2,{"currentFrameRate":109.035,"devices":[],"gestures":[],"hands":[{"armBasis":[[0.666713,-0.430779,-0.608213],[0.665214,0.711967,0.224932],[0.336131,-0.554556,0.761238]],"armWidth":62.8676,"confidence":0.830317,"direction":[0.109452,0.27922,-0.953969],"elbow":[95.7992,143.153,296.508],"grabStrength":0,"id":866,"palmNormal":[-0.660046,-0.697178,-0.279789],"palmPosition":[3.68632,307.751,42.5177],"palmVelocity":[-21.7952,-11.6249,-94.2424],"palmWidth":89.7729,"pinchStrength":1,"r":[[0.864207,-0.493611,0.0974389],[0.5021,0.833682,-0.229934],[0.0322645,0.247634,0.968316]],"s":0.882778,"sphereCenter":[-21.5808,280.48,13.0926],"sphereRadius":43.4809,"stabilizedPalmPosition":[-23.8889,296.92,153.112],"t":[28.3571,11.2418,-111.723],"timeVisible":0.56944,"type":"right","wrist":[6.25774,290.88,93.7233]}],"id":4444373,"interactionBox":{"center":[0,200,0],"size":[235.247,235.247,147.751]},"pointables":[{"bases":[[[0.910786,0.412362,0.0206453],[-0.345663,0.734213,0.584336],[0.2258,-0.539341,0.811249]],[[0.763165,0.582295,-0.280199],[-0.575355,0.809694,0.115597],[0.294187,0.0729941,0.952957]],[[0.763165,0.582295,-0.280199],[-0.645494,0.707253,-0.288326],[0.0302804,0.400907,0.915618]],[[0.763165,0.582295,-0.280199],[-0.590509,0.452317,-0.668363],[-0.262446,0.675531,0.689043]]],"btipPosition":[-31.4962,268.401,3.35586],"carpPosition":[-22.049,301.08,97.0002],"dipPosition":[-37.5562,283.999,19.2662],"direction":[-0.0302804,-0.400907,-0.915618],"extended":false,"handId":866,"id":8660,"length":51.4192,"mcpPosition":[-22.049,301.08,97.0002],"pipPosition":[-36.5376,297.485,50.0672],"stabilizedTipPosition":[-61.5538,263.535,114.957],"timeVisible":0.56944,"tipPosition":[-32.516,270.936,7.49642],"tipVelocity":[-44.3616,60.1903,-129.702],"tool":false,"touchDistance":-0.438064,"touchZone":"touching","type":0,"width":19.9791},{"bases":[[[0.751035,-0.604031,-0.266631],[0.650238,0.746742,0.13988],[0.114613,-0.278428,0.953594]],[[0.758703,-0.64783,-0.0684591],[0.647349,0.761522,-0.0320086],[0.0728692,-0.0200319,0.99714]],[[0.758703,-0.64783,-0.0684591],[0.639046,0.76055,-0.114823],[0.126452,0.043368,0.991024]],[[0.758703,-0.64783,-0.0684591],[0.629814,0.756309,-0.177009],[0.166448,0.0911808,0.981825]]],"btipPosition":[-19.4752,330.712,-60.2002],"carpPosition":[-2.24592,312.224,91.4671],"dipPosition":[-16.6694,332.249,-43.6495],"direction":[-0.126452,-0.043368,-0.991024],"extended":true,"handId":866,"id":8661,"length":58.0209,"mcpPosition":[-10.5651,332.434,22.25],"pipPosition":[-13.6539,333.283,-20.0165],"stabilizedTipPosition":[-61.8359,313.386,56.6342],"timeVisible":0.56944,"tipPosition":[-19.6018,330.002,-56.2015],"tipVelocity":[14.2629,56.0769,-89.413],"tool":false,"touchDistance":-0.41995,"touchZone":"touching","type":1,"width":19.0841},{"bases":[[[0.637687,-0.754486,-0.155259],[0.770207,0.627579,0.113691],[0.0116588,-0.192081,0.98131]],[[0.637699,-0.754684,-0.154248],[0.304981,0.431256,-0.84912],[0.707338,0.49444,0.505176]],[[0.637699,-0.754684,-0.154248],[-0.441086,-0.1936,-0.876334],[0.631493,0.626874,-0.456339]],[[0.637699,-0.754684,-0.154248],[-0.693082,-0.474782,-0.542419],[0.336121,0.452807,-0.825826]]],"btipPosition":[-50.5841,270.106,24.4857],"carpPosition":[7.80542,306.381,87.9435],"dipPosition":[-44.3522,278.501,9.17437],"direction":[-0.631493,-0.626874,0.456339],"extended":false,"handId":866,"id":8662,"length":66.1101,"mcpPosition":[7.00289,319.602,20.3953],"pipPosition":[-26.635,296.089,-3.62869],"stabilizedTipPosition":[-61.82,258.442,104.662],"timeVisible":0.56944,"tipPosition":[-49.0257,271.917,22.0503],"tipVelocity":[-27.4786,14.5429,-125.622],"tool":false,"touchDistance":0.333333,"touchZone":"none","type":2,"width":18.7431},{"bases":[[[0.572564,-0.819678,-0.0172845],[0.813778,0.565628,0.133532],[-0.0996766,-0.0905214,0.990894]],[[0.575334,-0.816541,-0.0474508],[0.513557,0.405787,-0.75604],[0.636592,0.410607,0.652803]],[[0.575334,-0.816541,-0.0474508],[-0.259379,-0.127123,-0.957373],[0.775702,0.563117,-0.284932]],[[0.575334,-0.816541,-0.0474508],[-0.622709,-0.399669,-0.67268],[0.530306,0.416564,-0.738411]]],"btipPosition":[-36.7073,262.418,16.7609],"carpPosition":[16.1715,297.993,85.3776],"dipPosition":[-26.9316,270.097,3.14901],"direction":[-0.775702,-0.563117,0.284932],"extended":false,"handId":866,"id":8663,"length":63.5667,"mcpPosition":[22.3317,303.588,24.1383],"pipPosition":[-5.73053,285.488,-4.63858],"stabilizedTipPosition":[-46.803,249.61,117.154],"timeVisible":0.56944,"tipPosition":[-34.461,264.117,15.1363],"tipVelocity":[-29.901,15.0982,-179.96],"tool":false,"touchDistance":0.333333,"touchZone":"none","type":3,"width":17.8352},{"bases":[[[0.414796,-0.90676,0.0756927],[0.880901,0.421018,0.216233],[-0.22794,-0.0230149,0.973403]],[[0.426342,-0.90425,0.0237698],[0.612687,0.269343,-0.743013],[0.665467,0.331341,0.668854]],[[0.426342,-0.90425,0.0237698],[-0.238512,-0.137725,-0.961324],[0.872551,0.404183,-0.274392]],[[0.426342,-0.90425,0.0237698],[-0.647622,-0.32348,-0.689888],[0.63152,0.278734,-0.723526]]],"btipPosition":[-17.9875,261.684,22.8278],"carpPosition":[19.7654,284.466,84.2501],"dipPosition":[-7.24771,266.424,10.5233],"direction":[-0.872551,-0.404183,0.274392],"extended":false,"handId":866,"id":8664,"length":49.8351,"mcpPosition":[32.8057,285.783,28.5621],"pipPosition":[9.59005,274.224,5.22834],"stabilizedTipPosition":[-31.0272,251.723,119.351],"timeVisible":0.56944,"tipPosition":[-15.7207,262.817,21.1444],"tipVelocity":[-28.134,4.16488,-149.067],"tool":false,"touchDistance":0.333333,"touchZone":"none","type":4,"width":15.8426}],"r":[[0.864207,-0.493611,0.0974389],[0.5021,0.833682,-0.229934],[0.0322645,0.247634,0.968316]],"s":0.882778,"t":[28.3571,11.2418,-111.723],"timestamp":607132307803},false],[3,{"currentFrameRate":109.12,"devices":[],"gestures":[],"hands":[{"armBasis":[[0.663277,-0.435099,-0.608894],[0.669079,0.709252,0.222025],[0.335257,-0.554662,0.761546]],"armWidth":62.8676,"confidence":0.597522,"direction":[0.111244,0.287135,-0.951408],"elbow":[95.3302,142.753,295.755],"grabStrength":0,"id":866,"palmNormal":[-0.663126,-0.691605,-0.286263],"palmPosition":[3.55535,307.843,41.8323],"palmVelocity":[-19.7983,-5.61572,-89.2398],"palmWidth":89.7729,"pinchStrength":1,"r":[[0.862821,-0.496188,0.0966324],[0.504557,0.833584,-0.224857],[0.0310203,0.242768,0.969588]],"s":0.881201,"sphereCenter":[-21.7323,280.767,12.1205],"sphereRadius":43.5378,"stabilizedPalmPosition":[-23.8886,296.92,153.111],"t":[28.2066,11.2265,-112.482],"timeVisible":0.578453,"type":"right","wrist":[6.02176,290.508,92.8879]}],"id":4444374,"interactionBox":{"center":[0,200,0],"size":[235.247,235.247,147.751]},"pointables":[{"bases":[[[0.912678,0.407931,0.0247306],[-0.34256,0.730613,0.590642],[0.222873,-0.547537,0.806555]],[[0.766238,0.581047,-0.274342],[-0.570698,0.811595,0.124969],[0.295267,0.0608099,0.953477]],[[0.766238,0.581047,-0.274342],[-0.641727,0.713681,-0.280795],[0.0326374,0.391208,0.919723]],[[0.766238,0.581047,-0.274342],[-0.587194,0.459816,-0.666162],[-0.260925,0.671531,0.693516]]],"btipPosition":[-31.8539,269.15,2.3299],"carpPosition":[-22.239,300.811,96.2413],"dipPosition":[-37.8788,284.656,18.3436],"direction":[-0.0326374,-0.391208,-0.919723],"extended":false,"handId":866,"id":8660,"length":51.4192,"mcpPosition":[-22.239,300.811,96.2413],"pipPosition":[-36.7809,297.816,49.2826],"stabilizedTipPosition":[-61.5389,263.54,114.899],"timeVisible":0.578453,"tipPosition":[-32.8658,271.667,6.4518],"tipVelocity":[-42.8308,65.8371,-124.614],"tool":false,"touchDistance":-0.437624,"touchZone":"touching","type":0,"width":19.9791},{"bases":[[[0.748365,-0.605129,-0.271603],[0.653621,0.742449,0.146793],[0.112822,-0.28738,0.951149]],[[0.755727,-0.650709,-0.0738487],[0.650917,0.758752,-0.0245299],[0.0719947,-0.0295315,0.996968]],[[0.755727,-0.650709,-0.0738487],[0.642606,0.758561,-0.1079],[0.12623,0.0340873,0.991415]],[[0.755727,-0.650709,-0.0738487],[0.633309,0.754874,-0.170544],[0.166721,0.0821159,0.982579]]],"btipPosition":[-19.4433,331.825,-60.688],"carpPosition":[-2.38165,311.91,90.8165],"dipPosition":[-16.6328,333.209,-44.1246],"direction":[-0.12623,-0.0340873,-0.991415],"extended":true,"handId":866,"id":8661,"length":58.0209,"mcpPosition":[-10.5709,332.77,21.7769],"pipPosition":[-13.6226,334.022,-20.4823],"stabilizedTipPosition":[-61.7725,313.414,56.4669],"timeVisible":0.578453,"tipPosition":[-19.5645,331.094,-56.6991],"tipVelocity":[11.3498,73.5433,-79.6222],"tool":false,"touchDistance":-0.413562,"touchZone":"touching","type":1,"width":19.0841},{"bases":[[[0.634262,-0.756036,-0.16162],[0.77305,0.622967,0.119609],[0.0102554,-0.200804,0.979578]],[[0.634273,-0.756242,-0.160612],[0.307475,0.437365,-0.845086],[0.709336,0.486631,0.509934]],[[0.634273,-0.756242,-0.160612],[-0.441494,-0.183765,-0.878245],[0.634651,0.627956,-0.450433]],[[0.634273,-0.756242,-0.160612],[-0.694991,-0.46674,-0.546938],[0.338653,0.458532,-0.821622]]],"btipPosition":[-50.8792,270.613,23.4377],"carpPosition":[7.64432,306.052,87.2462],"dipPosition":[-44.6003,279.114,8.20428],"direction":[-0.634651,-0.627956,0.450433],"extended":false,"handId":866,"id":8662,"length":66.1101,"mcpPosition":[6.93839,319.874,19.8172],"pipPosition":[-26.7945,296.732,-4.43308],"stabilizedTipPosition":[-61.82,258.442,104.662],"timeVisible":0.578453,"tipPosition":[-49.3124,272.439,21.0106],"tipVelocity":[-28.5952,26.7472,-122.507],"tool":false,"touchDistance":0.333333,"touchZone":"none","type":2,"width":18.7431},{"bases":[[[0.568766,-0.822142,-0.0242594],[0.816322,0.560641,0.138922],[-0.100613,-0.0988176,0.990006]],[[0.571606,-0.818691,-0.0548744],[0.518497,0.412225,-0.749154],[0.635946,0.399769,0.660119]],[[0.571606,-0.818691,-0.0548744],[-0.25354,-0.112625,-0.960746],[0.780374,0.563081,-0.271948]],[[0.571606,-0.818691,-0.0548744],[-0.619771,-0.386959,-0.682749],[0.537726,0.424273,-0.728589]]],"btipPosition":[-37.0842,262.923,15.19],"carpPosition":[15.9727,297.649,84.6102],"dipPosition":[-27.1717,270.744,1.75913],"direction":[-0.780374,-0.563081,0.271948],"extended":false,"handId":866,"id":8663,"length":63.5667,"mcpPosition":[22.1908,303.756,23.4257],"pipPosition":[-5.84292,286.134,-5.67361],"stabilizedTipPosition":[-46.803,249.61,117.154],"timeVisible":0.578453,"tipPosition":[-34.7934,264.649,13.6099],"tipVelocity":[-32.2169,27.3496,-177.132],"tool":false,"touchDistance":0.333333,"touchZone":"none","type":3,"width":17.8352},{"bases":[[[0.410547,-0.90931,0.0678679],[0.882731,0.414995,0.220373],[-0.228552,-0.0305645,0.973052]],[[0.422215,-0.906362,0.0155823],[0.617444,0.274956,-0.736995],[0.6637,0.320791,0.675718]],[[0.422215,-0.906362,0.0155823],[-0.232225,-0.124763,-0.964627],[0.876246,0.403661,-0.263157]],[[0.422215,-0.906362,0.0155823],[-0.644024,-0.312017,-0.698483],[0.63794,0.284874,-0.715457]]],"btipPosition":[-18.3322,262.039,21.3691],"carpPosition":[19.5044,284.116,83.3648],"dipPosition":[-7.48324,266.884,9.2019],"direction":[-0.876246,-0.403661,0.263157],"extended":false,"handId":866,"id":8664,"length":49.8351,"mcpPosition":[32.5798,285.864,27.697],"pipPosition":[9.42582,274.673,4.12372],"stabilizedTipPosition":[-31.0272,251.723,119.351],"timeVisible":0.578453,"tipPosition":[-16.0224,263.188,19.7422],"tipVelocity":[-30.1479,14.5896,-151.615],"tool":false,"touchDistance":0.333333,"touchZone":"none","type":4,"width":15.8426}],"r":[[0.862821,-0.496188,0.0966324],[0.504557,0.833584,-0.224857],[0.0310203,0.242768,0.969588]],"s":0.881201,"t":[28.2066,11.2265,-112.482],"timestamp":607132316816},false],[4,{"currentFrameRate":109.186,"devices":[],"gestures":[],"hands":[{"armBasis":[[0.657249,-0.442537,-0.610069],[0.674963,0.705772,0.215202],[0.335335,-0.553215,0.762564]],"armWidth":62.8676,"confidence":0.619989,"direction":[0.115174,0.290463,-0.94993],"elbow":[94.914,142.785,294.782],"grabStrength":0,"id":866,"palmNormal":[-0.667995,-0.685129,-0.290485],"palmPosition":[3.34456,307.734,40.6619],"palmVelocity":[-20.7674,-7.38678,-100.324],"palmWidth":89.7729,"pinchStrength":1,"r":[[0.860896,-0.499674,0.0958352],[0.507894,0.832885,-0.219877],[0.0300471,0.237965,0.970809]],"s":0.879643,"sphereCenter":[-21.9745,280.745,10.7467],"sphereRadius":43.6057,"stabilizedPalmPosition":[-23.8884,296.921,153.11],"t":[28.026,11.1644,-113.447],"timeVisible":0.587494,"type":"right","wrist":[5.58478,290.155,91.6443]}],"id":4444375,"interactionBox":{"center":[0,200,0],"size":[235.247,235.247,147.751]},"pointables":[{"bases":[[[0.915789,0.400674,0.0281317],[-0.337896,0.730648,0.593279],[0.217157,-0.552824,0.804505]],[[0.771707,0.57593,-0.269765],[-0.563266,0.815894,0.130567],[0.295297,0.0511897,0.954033]],[[0.771707,0.57593,-0.269765],[-0.634944,0.721889,-0.275177],[0.0362569,0.383642,0.92277]],[[0.771707,0.57593,-0.269765],[-0.581553,0.467351,-0.665867],[-0.257418,0.670737,0.695592]]],"btipPosition":[-32.4197,269.749,0.904935],"carpPosition":[-22.6007,300.663,94.9941],"dipPosition":[-38.3637,285.236,16.9665],"direction":[-0.0362569,-0.383642,-0.92277],"extended":false,"handId":866,"id":8660,"length":51.4192,"mcpPosition":[-22.6007,300.663,94.9941],"pipPosition":[-37.144,298.142,48.0081],"stabilizedTipPosition":[-61.518,263.547,114.816],"timeVisible":0.587494,"tipPosition":[-33.4025,272.245,5.01134],"tipVelocity":[-47.7066,65.8234,-133.373],"tool":false,"touchDistance":-0.443404,"touchZone":"touching","type":0,"width":19.9791},{"bases":[[[0.7441,-0.609752,-0.272979],[0.659135,0.736663,0.151225],[0.108884,-0.292457,0.95006]],[[0.750755,-0.656259,-0.0754331],[0.656871,0.753741,-0.0198864],[0.0699076,-0.0346199,0.996953]],[[0.750755,-0.656259,-0.0754331],[0.648684,0.753986,-0.103505],[0.124802,0.0287746,0.991764]],[[0.750755,-0.656259,-0.0754331],[0.639436,0.750631,-0.166359],[0.165797,0.0766604,0.983176]]],"btipPosition":[-19.2852,332.348,-61.7899],"carpPosition":[-2.6476,311.631,89.6533],"dipPosition":[-16.4904,333.641,-45.2165],"direction":[-0.124802,-0.0287746,-0.991764],"extended":true,"handId":866,"id":8661,"length":58.0209,"mcpPosition":[-10.551,332.859,20.6927],"pipPosition":[-13.5142,334.327,-21.5658],"stabilizedTipPosition":[-61.6861,313.452,56.2374],"timeVisible":0.587494,"tipPosition":[-19.4139,331.607,-57.8059],"tipVelocity":[12.9305,68.5894,-91.1999],"tool":false,"touchDistance":-0.417033,"touchZone":"touching","type":1,"width":19.0841},{"bases":[[[0.628628,-0.760247,-0.163867],[0.777676,0.616372,0.12372],[0.0069455,-0.205209,0.978694]],[[0.628634,-0.760457,-0.16286],[0.312435,0.438719,-0.842562],[0.712182,0.47878,0.513387]],[[0.628634,-0.760457,-0.16286],[-0.441325,-0.176396,-0.879839],[0.640352,0.624971,-0.446498]],[[0.628634,-0.760457,-0.16286],[-0.697637,-0.458868,-0.550221],[0.343688,0.459505,-0.818983]]],"btipPosition":[-51.3456,271.013,22.0033],"carpPosition":[7.33867,305.71,86.0745],"dipPosition":[-44.9734,279.533,6.81884],"direction":[-0.640352,-0.624971,0.446498],"extended":false,"handId":866,"id":8662,"length":66.1101,"mcpPosition":[6.86057,319.836,18.7063],"pipPosition":[-27.0077,297.067,-5.70811],"stabilizedTipPosition":[-61.8199,258.442,104.661],"timeVisible":0.587494,"tipPosition":[-49.7617,272.838,19.5787],"tipVelocity":[-34.281,31.7154,-132.127],"tool":false,"touchDistance":0.333333,"touchZone":"none","type":2,"width":18.7431},{"bases":[[[0.562373,-0.826446,-0.026915],[0.820426,0.553625,0.142831],[-0.103142,-0.102406,0.989381]],[[0.565343,-0.822809,-0.0580718],[0.525106,0.4133,-0.74394],[0.636122,0.390087,0.665719]],[[0.565343,-0.822809,-0.0580718],[-0.24789,-0.10233,-0.963369],[0.786726,0.559029,-0.261818]],[[0.565343,-0.822809,-0.0580718],[-0.617891,-0.375803,-0.690639],[0.546441,0.42633,-0.720864]]],"btipPosition":[-37.6367,263.25,13.3681],"carpPosition":[15.6059,297.255,83.4157],"dipPosition":[-27.5636,271.109,0.079624],"direction":[-0.786726,-0.559029,0.261818],"extended":false,"handId":866,"id":8663,"length":63.5667,"mcpPosition":[21.9803,303.583,22.2699],"pipPosition":[-6.0612,286.388,-7.07624],"stabilizedTipPosition":[-46.803,249.61,117.154],"timeVisible":0.587494,"tipPosition":[-35.3021,264.984,11.8137],"tipVelocity":[-39.0555,30.0374,-182.855],"tool":false,"touchDistance":0.333333,"touchZone":"none","type":3,"width":17.8352},{"bases":[[[0.403315,-0.912782,0.0645485],[0.885551,0.407106,0.223751],[-0.230514,-0.0330812,0.972507]],[[0.415178,-0.909662,0.011924],[0.623494,0.274975,-0.731877],[0.662482,0.311293,0.681333]],[[0.415178,-0.909662,0.011924],[-0.225647,-0.115667,-0.967318],[0.881312,0.398918,-0.253285]],[[0.415178,-0.909662,0.011924],[-0.640716,-0.301683,-0.706024],[0.645841,0.285485,-0.708087]]],"btipPosition":[-18.88,262.179,19.6403],"carpPosition":[19.0341,283.7,82.1165],"dipPosition":[-7.89666,267.034,7.59842],"direction":[-0.881312,-0.398918,0.253285],"extended":false,"handId":866,"id":8664,"length":49.8351,"mcpPosition":[32.2217,285.592,26.4799],"pipPosition":[9.11017,274.732,2.71074],"stabilizedTipPosition":[-31.0272,251.723,119.35],"timeVisible":0.587494,"tipPosition":[-16.5229,263.328,18.0552],"tipVelocity":[-37.5965,14.9159,-161.653],"tool":false,"touchDistance":0.333333,"touchZone":"none","type":4,"width":15.8426}],"r":[[0.860896,-0.499674,0.0958352],[0.507894,0.832885,-0.219877],[0.0300471,0.237965,0.970809]],"s":0.879643,"t":[28.026,11.1644,-113.447],"timestamp":607132325857},false],[5,{"currentFrameRate":109.235,"devices":[],"gestures":[],"hands":[{"armBasis":[[0.652756,-0.448228,-0.610738],[0.679234,0.703293,0.20981],[0.335485,-0.551789,0.763531]],"armWidth":62.8676,"confidence":0.640705,"direction":[0.11794,0.293406,-0.948685],"elbow":[94.5686,142.848,294.115],"grabStrength":0,"id":866,"palmNormal":[-0.671495,-0.680249,-0.293865],"palmPosition":[3.11895,307.622,39.8009],"palmVelocity":[-21.9045,-8.75929,-98.8413],"palmWidth":89.7729,"pinchStrength":1,"r":[[0.858759,-0.503496,0.0950033],[0.511543,0.831889,-0.215139],[0.0292894,0.233351,0.971951]],"s":0.878073,"sphereCenter":[-22.1762,280.618,9.70809],"sphereRadius":43.686,"stabilizedPalmPosition":[-23.8881,296.921,153.109],"t":[27.8229,11.0774,-114.36],"timeVisible":0.596561,"type":"right","wrist":[5.19938,289.838,90.7188]}],"id":4444376,"interactionBox":{"center":[0,200,0],"size":[235.247,235.247,147.751]},"pointables":[{"bases":[[[0.917996,0.395397,0.0307244],[-0.334483,0.730287,0.595652],[0.213082,-0.557083,0.802655]],[[0.775809,0.572207,-0.265893],[-0.557274,0.819021,0.136564],[0.295915,0.0422273,0.95428]],[[0.775809,0.572207,-0.265893],[-0.62975,0.728367,-0.269993],[0.0391758,0.37691,0.925421]],[[0.775809,0.572207,-0.265893],[-0.577703,0.474709,-0.664011],[-0.25373,0.668753,0.698849]]],"btipPosition":[-32.9633,270.291,-0.190259],"carpPosition":[-22.9304,300.491,94.0755],"dipPosition":[-38.8221,285.733,15.9465],"direction":[-0.0391758,-0.37691,-0.925421],"extended":false,"handId":866,"id":8660,"length":51.4192,"mcpPosition":[-22.9304,300.491,94.0755],"pipPosition":[-37.5042,298.412,47.0773],"stabilizedTipPosition":[-61.4896,263.558,114.7],"timeVisible":0.596561,"tipPosition":[-33.9099,272.756,3.91311],"tipVelocity":[-50.4934,63.8365,-129.369],"tool":false,"touchDistance":-0.443565,"touchZone":"touching","type":0,"width":19.9791},{"bases":[[[0.74098,-0.612896,-0.27442],[0.663092,0.732358,0.154792],[0.106103,-0.296663,0.94907]],[[0.747139,-0.660184,-0.0770734],[0.661148,0.750087,-0.0159072],[0.0683134,-0.0390721,0.996899]],[[0.747139,-0.660184,-0.0770734],[0.65302,0.750708,-0.100013],[0.123887,0.0243932,0.991997]],[[0.747139,-0.660184,-0.0770734],[0.643759,0.74761,-0.163257],[0.1654,0.0723586,0.983568]]],"btipPosition":[-19.2492,332.755,-62.5815],"carpPosition":[-2.90957,311.367,88.7997],"dipPosition":[-16.4611,333.975,-46.0015],"direction":[-0.123887,-0.0243932,-0.991997],"extended":true,"handId":866,"id":8661,"length":58.0209,"mcpPosition":[-10.6111,332.901,19.911],"pipPosition":[-13.5067,334.557,-22.3452],"stabilizedTipPosition":[-61.583,313.499,55.9622],"timeVisible":0.596561,"tipPosition":[-19.3778,332.01,-58.603],"tipVelocity":[10.4071,61.5346,-90.0776],"tool":false,"touchDistance":-0.415514,"touchZone":"touching","type":1,"width":19.0841},{"bases":[[[0.624532,-0.763151,-0.166015],[0.780986,0.611507,0.126968],[0.00462324,-0.208951,0.977915]],[[0.624536,-0.763365,-0.16501],[0.315955,0.440174,-0.840487],[0.714232,0.472779,0.516094]],[[0.624536,-0.763365,-0.16501],[-0.441236,-0.170545,-0.881036],[0.644411,0.623047,-0.443336]],[[0.624536,-0.763365,-0.16501],[-0.699551,-0.452837,-0.552781],[0.347251,0.460665,-0.816826]]],"btipPosition":[-51.7544,271.282,20.9351],"carpPosition":[7.04746,305.404,85.2101],"dipPosition":[-45.3161,279.823,5.79063],"direction":[-0.644411,-0.623047,0.443336],"extended":false,"handId":866,"id":8662,"length":66.1101,"mcpPosition":[6.72922,319.787,17.8956],"pipPosition":[-27.2365,297.304,-6.64761],"stabilizedTipPosition":[-61.8197,258.443,104.66],"timeVisible":0.596561,"tipPosition":[-50.1586,273.108,18.511],"tipVelocity":[-36.8023,31.2986,-127.891],"tool":false,"touchDistance":0.333333,"touchZone":"none","type":2,"width":18.7431},{"bases":[[[0.557742,-0.829494,-0.0293931],[0.823359,0.548448,0.145892],[-0.104896,-0.105571,0.988864]],[[0.560812,-0.825692,-0.0610138],[0.530353,0.41485,-0.739341],[0.635779,0.382273,0.670561]],[[0.560812,-0.825692,-0.0610138],[-0.242347,-0.0932436,-0.965698],[0.79168,0.556362,-0.252396]],[[0.560812,-0.825692,-0.0610138],[-0.615288,-0.366326,-0.698016],[0.553995,0.428997,-0.713478]]],"btipPosition":[-38.1236,263.471,11.9062],"carpPosition":[15.2701,296.912,82.529],"dipPosition":[-27.9112,271.379,-1.24613],"direction":[-0.79168,-0.556362,0.252396],"extended":false,"handId":866,"id":8663,"length":63.5667,"mcpPosition":[21.7529,303.436,21.4151],"pipPosition":[-6.27348,286.585,-8.14448],"stabilizedTipPosition":[-46.803,249.61,117.153],"timeVisible":0.596561,"tipPosition":[-35.7483,265.217,10.3791],"tipVelocity":[-42.127,28.8158,-175.926],"tool":false,"touchDistance":0.333333,"touchZone":"none","type":3,"width":17.8352},{"bases":[[[0.398092,-0.915278,0.0615558],[0.887562,0.401259,0.226331],[-0.231856,-0.035466,0.972103]],[[0.410061,-0.912015,0.00883389],[0.629211,0.275868,-0.726629],[0.66026,0.303521,0.686973]],[[0.410061,-0.912015,0.00883389],[-0.218038,-0.10743,-0.970009],[0.885612,0.395837,-0.242906]],[[0.410061,-0.912015,0.00883389],[-0.636145,-0.292938,-0.713797],[0.653582,0.287081,-0.700297]]],"btipPosition":[-19.3509,262.262,18.1997],"carpPosition":[18.6234,283.343,81.1824],"dipPosition":[-8.23598,267.145,6.29026],"direction":[-0.885612,-0.395837,0.242906],"extended":false,"handId":866,"id":8664,"length":49.8351,"mcpPosition":[31.8878,285.372,25.5688],"pipPosition":[8.85384,274.783,1.60285],"stabilizedTipPosition":[-31.0272,251.723,119.35],"timeVisible":0.596561,"tipPosition":[-16.9477,263.414,16.6702],"tipVelocity":[-40.6377,13.5136,-159.961],"tool":false,"touchDistance":0.333333,"touchZone":"none","type":4,"width":15.8426}],"r":[[0.858759,-0.503496,0.0950033],[0.511543,0.831889,-0.215139],[0.0292894,0.233351,0.971951]],"s":0.878073,"t":[27.8229,11.0774,-114.36],"timestamp":607132334924},false],[6,{"currentFrameRate":109.292,"devices":[],"gestures":[],"hands":[{"armBasis":[[0.656891,-0.44333,-0.609879],[0.67554,0.705307,0.214914],[0.334875,-0.553172,0.762797]],"armWidth":62.8676,"confidence":0.654078,"direction":[0.12194,0.30063,-0.945914],"elbow":[93.7176,142.27,292.03],"grabStrength":0,"id":866,"palmNormal":[-0.667204,-0.680745,-0.302365],"palmPosition":[2.63735,307.768,38.0295],"palmVelocity":[-30.5449,-1.88893,-125.583],"palmWidth":89.7729,"pinchStrength":1,"r":[[0.857331,-0.506008,0.0945418],[0.514034,0.831767,-0.209602],[0.0274238,0.228296,0.973205]],"s":0.876761,"sphereCenter":[-22.3374,280.774,7.58752],"sphereRadius":43.7235,"stabilizedPalmPosition":[-23.8879,296.921,153.108],"t":[27.4806,11.1069,-115.702],"timeVisible":0.605608,"type":"right","wrist":[4.51089,289.629,88.8301]}],"id":4444377,"interactionBox":{"center":[0,200,0],"size":[235.247,235.247,147.751]},"pointables":[{"bases":[[[0.916252,0.398743,0.0385548],[-0.34059,0.724706,0.598999],[0.210906,-0.561965,0.799821]],[[0.775325,0.57687,-0.257085],[-0.560442,0.816097,0.141033],[0.291164,0.0347343,0.956042]],[[0.775325,0.57687,-0.257085],[-0.630699,0.72849,-0.267434],[0.0330091,0.369491,0.928648]],[[0.775325,0.57687,-0.257085],[-0.574999,0.476378,-0.665162],[-0.261242,0.66354,0.701047]]],"btipPosition":[-33.0964,270.687,-2.40306],"carpPosition":[-23.6785,300.149,92.1087],"dipPosition":[-39.1287,286.009,13.7845],"direction":[-0.0330091,-0.369491,-0.928648],"extended":false,"handId":866,"id":8660,"length":51.4192,"mcpPosition":[-23.6785,300.149,92.1087],"pipPosition":[-38.0183,298.438,45.0238],"stabilizedTipPosition":[-61.4608,263.569,114.579],"timeVisible":0.605608,"tipPosition":[-34.093,273.139,1.68194],"tipVelocity":[-41.8421,57.4668,-160.791],"tool":false,"touchDistance":-0.460559,"touchZone":"touching","type":0,"width":19.9791},{"bases":[[[0.744868,-0.608028,-0.274723],[0.659352,0.733814,0.163623],[0.102108,-0.303016,0.947499]],[[0.750144,-0.656686,-0.0777632],[0.658295,0.752733,-0.00634364],[0.0627008,-0.0464325,0.996952]],[[0.750144,-0.656686,-0.0777632],[0.650568,0.753954,-0.091184],[0.118509,0.0178108,0.992793]],[[0.750144,-0.656686,-0.0777632],[0.641569,0.751235,-0.155035],[0.160228,0.0664079,0.984844]]],"btipPosition":[-19.2686,333.558,-64.29],"carpPosition":[-3.6722,311.14,87.02],"dipPosition":[-16.5676,334.678,-47.6884],"direction":[-0.118509,-0.0178108,-0.992793],"extended":true,"handId":866,"id":8661,"length":58.0209,"mcpPosition":[-11.0837,333.134,18.2453],"pipPosition":[-13.7415,335.103,-24.0132],"stabilizedTipPosition":[-61.4728,313.551,55.6635],"timeVisible":0.605608,"tipPosition":[-19.4022,332.799,-60.3213],"tipVelocity":[6.33649,68.3412,-117.166],"tool":false,"touchDistance":-0.427849,"touchZone":"touching","type":1,"width":19.0841},{"bases":[[[0.628425,-0.759506,-0.168028],[0.77787,0.613624,0.135585],[0.00012857,-0.215908,0.976414]],[[0.628425,-0.759727,-0.167024],[0.318834,0.447426,-0.835557],[0.709526,0.471832,0.5234]],[[0.628425,-0.759727,-0.167024],[-0.435739,-0.165944,-0.884644],[0.644371,0.628711,-0.435326]],[[0.628425,-0.759727,-0.167024],[-0.694744,-0.451599,-0.559812],[0.349876,0.467839,-0.811612]]],"btipPosition":[-51.9886,271.352,18.602],"carpPosition":[6.3276,305.241,83.4425],"dipPosition":[-45.5017,280.026,3.55424],"direction":[-0.644371,-0.628711,0.435326],"extended":false,"handId":866,"id":8662,"length":66.1101,"mcpPosition":[6.31875,320.103,16.2314],"pipPosition":[-27.4232,297.665,-8.65926],"stabilizedTipPosition":[-61.8195,258.443,104.658],"timeVisible":0.605608,"tipPosition":[-50.388,273.202,16.1918],"tipVelocity":[-33.4523,25.7132,-163.065],"tool":false,"touchDistance":0.333333,"touchZone":"none","type":2,"width":18.7431},{"bases":[[[0.561155,-0.827082,-0.0322485],[0.820388,0.550597,0.15429],[-0.109855,-0.113037,0.987499]],[[0.564417,-0.822989,-0.0642025],[0.533214,0.422847,-0.732723],[0.630171,0.379328,0.677491]],[[0.564417,-0.822989,-0.0642025],[-0.234432,-0.0852313,-0.968389],[0.791501,0.561627,-0.241041]],[[0.564417,-0.822989,-0.0642025],[-0.607928,-0.361789,-0.706776],[0.558441,0.437947,-0.704518]]],"btipPosition":[-38.319,263.642,9.42652],"carpPosition":[14.5981,296.8,80.746],"dipPosition":[-28.0247,271.715,-3.56063],"direction":[-0.791502,-0.561627,0.241041],"extended":false,"handId":866,"id":8663,"length":63.5667,"mcpPosition":[21.3873,303.786,19.7165],"pipPosition":[-6.39183,287.065,-10.1486],"stabilizedTipPosition":[-46.8029,249.61,117.153],"timeVisible":0.605608,"tipPosition":[-35.9215,265.424,7.90262],"tipVelocity":[-35.8914,27.2415,-201.841],"tool":false,"touchDistance":0.333333,"touchZone":"none","type":3,"width":17.8352},{"bases":[[[0.401352,-0.914135,0.0572136],[0.884731,0.403089,0.234029],[-0.236996,-0.0433093,0.970545]],[[0.413545,-0.910471,0.0048052],[0.634391,0.284353,-0.718813],[0.653092,0.30031,0.695187]],[[0.413545,-0.910471,0.0048052],[-0.206702,-0.0990232,-0.97338],[0.88671,0.401543,-0.229146]],[[0.413545,-0.910471,0.0048052],[-0.62652,-0.288393,-0.724087],[0.660646,0.296432,-0.689692]]],"btipPosition":[-19.5594,262.466,15.6952],"carpPosition":[18.0121,283.255,79.3212],"dipPosition":[-8.32436,267.507,3.96617],"direction":[-0.88671,-0.401543,0.229146],"extended":false,"handId":866,"id":8664,"length":49.8351,"mcpPosition":[31.5705,285.732,23.7968],"pipPosition":[8.78664,275.256,-0.455704],"stabilizedTipPosition":[-31.0272,251.723,119.35],"timeVisible":0.605608,"tipPosition":[-17.1173,263.645,14.2104],"tipVelocity":[-34.944,17.1051,-190.927],"tool":false,"touchDistance":0.333333,"touchZone":"none","type":4,"width":15.8426}],"r":[[0.857331,-0.506008,0.0945418],[0.514034,0.831767,-0.209602],[0.0274238,0.22829