{"sensorType":"Leap","data":[[0,{"currentFrameRate":107.658,"devices":[],"gestures":[],"hands":[{"armBasis":[[0.744061,-0.231004,-0.626905],[0.489956,0.826589,0.276935],[0.45422,-0.513213,0.728215]],"armWidth":62.8676,"confidence":0.841659,"direction":[-0.0603846,0.334695,-0.94039],"elbow":[95.123,151.363,282.098],"grabStrength":0,"id":865,"palmNormal":[-0.489194,-0.831134,-0.264398],"palmPosition":[-37.7217,305.706,38.4902],"palmVelocity":[-1.84475,-13.4714,-174.259],"palmWidth":89.7729,"pinchStrength":1,"r":[[0.899111,-0.313389,0.305593],[0.375321,0.911207,-0.169812],[-0.225241,0.267375,0.936897]],"s":0.867161,"sphereCenter":[-60.301,277.945,8.65253],"sphereRadius":44.7904,"stabilizedPalmPosition":[-46.3401,304.934,162.411],"t":[66.4203,67.1245,-205.4],"timeVisible":0.994156,"type":"right","wrist":[-25.8758,288.077,88.1101]}],"id":4442627,"interactionBox":{"center":[0,200,0],"size":[235.247,235.247,147.751]},"pointables":[{"bases":[[[0.775884,0.630007,-0.0330963],[-0.457897,0.598457,0.657403],[0.433976,-0.494914,0.752812]],[[0.590585,0.757498,-0.278221],[-0.730303,0.64838,0.215084],[0.343318,0.0761599,0.936126]],[[0.590585,0.757498,-0.278221],[-0.803749,0.582959,-0.11894],[0.0720943,0.293864,0.953125]],[[0.590585,0.757498,-0.278221],[-0.741371,0.37314,-0.557795],[-0.318713,0.53569,0.781958]]],"btipPosition":[-67.3315,264.575,-1.73805],"carpPosition":[-55.3571,290.581,94.4845],"dipPosition":[-74.6907,276.945,16.3178],"direction":[-0.0720943,-0.293864,-0.953125],"extended":false,"handId":865,"id":8650,"length":51.4192,"mcpPosition":[-55.3571,290.581,94.4845],"pipPosition":[-72.2655,286.83,48.3804],"stabilizedTipPosition":[-81.9772,254.289,132.63],"timeVisible":0.994156,"tipPosition":[-68.8526,266.242,2.60728],"tipVelocity":[-0.239349,29.1107,-201.665],"tool":false,"touchDistance":-0.546471,"touchZone":"hovering","type":0,"width":19.9791},{"bases":[[[0.847592,-0.381567,-0.368775],[0.45328,0.881943,0.129283],[0.275908,-0.276738,0.920484]],[[0.886264,-0.43042,-0.171096],[0.453861,0.880737,0.135325],[0.0924442,-0.197587,0.975917]],[[0.886264,-0.43042,-0.171096],[0.442106,0.896265,0.0353746],[0.138121,-0.106994,0.984619]],[[0.886264,-0.43042,-0.171096],[0.429329,0.902013,-0.0452702],[0.173816,-0.0333352,0.984214]]],"btipPosition":[-69.8028,338.191,-60.2969],"carpPosition":[-39.6336,306.615,87.955],"dipPosition":[-66.8728,337.629,-43.706],"direction":[-0.138121,0.106994,-0.984619],"extended":true,"handId":865,"id":8651,"length":58.0209,"mcpPosition":[-59.6605,326.702,21.1412],"pipPosition":[-63.579,335.077,-20.2257],"stabilizedTipPosition":[-92.9553,318.493,63.3019],"timeVisible":0.994156,"tipPosition":[-69.3994,336.865,-56.5497],"tipVelocity":[13.7753,41.4159,-165.145],"tool":false,"touchDistance":-0.548889,"touchZone":"touching","type":1,"width":19.0841},{"bases":[[[0.7873,-0.560169,-0.257624],[0.595997,0.798448,0.0852537],[0.157943,-0.220663,0.962477]],[[0.79211,-0.567187,-0.225524],[0.218932,0.608908,-0.76243],[0.569763,0.554554,0.606498]],[[0.79211,-0.567187,-0.225524],[-0.380264,-0.169546,-0.909205],[0.477452,0.805949,-0.34998]],[[0.79211,-0.567187,-0.225524],[-0.576803,-0.574717,-0.580516],[0.199649,0.589915,-0.782394]]],"btipPosition":[-83.9108,258.939,12.4361],"carpPosition":[-28.8464,303.671,83.2052],"dipPosition":[-80.2092,269.877,-2.06996],"direction":[-0.477452,-0.805949,0.34998],"extended":false,"handId":865,"id":8652,"length":66.1101,"mcpPosition":[-39.7183,318.861,16.9534],"pipPosition":[-66.8138,292.488,-11.889],"stabilizedTipPosition":[-83.459,247.955,163.867],"timeVisible":0.994156,"tipPosition":[-82.9316,261.28,10.0167],"tipVelocity":[5.37766,-4.4594,-200.082],"tool":false,"touchDistance":0.333333,"touchZone":"none","type":2,"width":18.7431},{"bases":[[[0.754777,-0.645121,-0.118868],[0.655455,0.748945,0.097268],[0.0262761,-0.151328,0.988134]],[[0.752392,-0.636384,-0.170065],[0.414291,0.657885,-0.628928],[0.512123,0.402744,0.758635]],[[0.752392,-0.636384,-0.170065],[-0.226212,-0.00714676,-0.974052],[0.618656,0.771339,-0.149335]],[[0.752392,-0.636384,-0.170065],[-0.540825,-0.449403,-0.711017],[0.376053,0.626938,-0.682299]]],"btipPosition":[-66.9892,256.763,1.54288],"carpPosition":[-18.9489,297.803,79.3947],"dipPosition":[-60.057,268.32,-11.0347],"direction":[-0.618656,-0.771339,0.149335],"extended":false,"handId":865,"id":8653,"length":63.5667,"mcpPosition":[-20.5729,307.155,18.3259],"pipPosition":[-43.1482,289.401,-15.1162],"stabilizedTipPosition":[-71.2898,241.521,166.745],"timeVisible":0.994156,"tipPosition":[-65.5305,259.011,-0.500074],"tipVelocity":[8.84902,4.52968,-203.161],"tool":false,"touchDistance":0.333333,"touchZone":"none","type":3,"width":17.8352},{"bases":[[[0.634001,-0.77312,-0.01813],[0.7646,0.623156,0.16451],[-0.115888,-0.118162,0.986209]],[[0.639669,-0.764935,-0.0754805],[0.570207,0.538083,-0.62075],[0.515448,0.354035,0.780367]],[[0.639669,-0.764935,-0.0754805],[-0.146685,-0.0250868,-0.988865],[0.754524,0.643619,-0.128252]],[[0.639669,-0.764935,-0.0754805],[-0.546269,-0.383324,-0.74475],[0.540752,0.517627,-0.663061]]],"btipPosition":[-47.324,258.881,7.21385],"carpPosition":[-12.2156,285.695,77.1074],"dipPosition":[-38.1279,267.684,-4.06232],"direction":[-0.754524,-0.643619,0.128252],"extended":false,"handId":865,"id":8654,"length":49.8351,"mcpPosition":[-5.58568,292.455,20.6868],"pipPosition":[-23.5677,280.104,-6.53721],"stabilizedTipPosition":[-51.4626,254.18,157.308],"timeVisible":0.994156,"tipPosition":[-45.4591,260.625,5.45438],"tipVelocity":[9.83484,1.40114,-198.465],"tool":false,"touchDistance":0.333333,"touchZone":"none","type":4,"width":15.8426}],"r":[[0.899111,-0.313389,0.305593],[0.375321,0.911207,-0.169812],[-0.225241,0.267375,0.936897]],"s":0.867161,"t":[66.4203,67.1245,-205.4],"timestamp":607116119871},false],[1,{"currentFrameRate":107.755,"devices":[],"gestures":[],"hands":[{"armBasis":[[0.748931,-0.226901,-0.622589],[0.484186,0.828826,0.280378],[0.4524,-0.511433,0.730596]],"armWidth":62.8676,"confidence":0.843751,"direction":[-0.0582706,0.336821,-0.939764],"elbow":[94.3339,151.696,280.854],"grabStrength":0,"id":865,"palmNormal":[-0.483493,-0.833114,-0.268618],"palmPosition":[-37.9142,305.629,36.6087],"palmVelocity":[-7.19545,-12.0823,-183.244],"palmWidth":89.7729,"pinchStrength":1,"r":[[0.898779,-0.313379,0.306578],[0.374809,0.912017,-0.16656],[-0.227408,0.264609,0.937159]],"s":0.867772,"sphereCenter":[-60.3468,277.977,6.62467],"sphereRadius":44.8016,"stabilizedPalmPosition":[-46.3401,304.934,162.411],"t":[66.3076,66.9861,-207.16],"timeVisible":1.00326,"type":"right","wrist":[-26.1802,287.935,86.2322]}],"id":4442628,"interactionBox":{"center":[0,200,0],"size":[235.247,235.247,147.751]},"pointables":[{"bases":[[[0.772536,0.634346,-0.028185],[-0.463946,0.594207,0.657017],[0.433524,-0.494493,0.753349]],[[0.588645,0.761037,-0.272617],[-0.733809,0.644517,0.214762],[0.339148,0.0736304,0.937847]],[[0.588645,0.761037,-0.272617],[-0.805629,0.580123,-0.120075],[0.0667697,0.29031,0.9546]],[[0.588645,0.761037,-0.272617],[-0.740156,0.371781,-0.560311],[-0.325063,0.531603,0.782133]]],"btipPosition":[-67.1446,264.593,-3.87238],"carpPosition":[-55.7014,290.261,92.4887],"dipPosition":[-74.6505,276.868,14.1875],"direction":[-0.0667697,-0.29031,-0.9546],"extended":false,"handId":865,"id":8650,"length":51.4192,"mcpPosition":[-55.7014,290.261,92.4887],"pipPosition":[-72.4044,286.634,46.2998],"stabilizedTipPosition":[-81.9764,254.289,132.622],"timeVisible":1.00326,"tipPosition":[-68.6969,266.249,0.469387],"tipVelocity":[4.49057,20.9292,-210.724],"tool":false,"touchDistance":-0.552159,"touchZone":"hovering","type":0,"width":19.9791},{"bases":[[[0.851223,-0.375936,-0.366184],[0.447869,0.884078,0.133485],[0.273554,-0.277628,0.920919]],[[0.889204,-0.424824,-0.169827],[0.44873,0.882204,0.14268],[0.0892079,-0.203078,0.97509]],[[0.889204,-0.424824,-0.169827],[0.43722,0.898375,0.0419613],[0.134742,-0.111564,0.98458]],[[0.889204,-0.424824,-0.169827],[0.424607,0.904518,-0.0394445],[0.170368,-0.0370355,0.984684]]],"btipPosition":[-69.7615,338.442,-62.1882],"carpPosition":[-40.0391,306.398,86.0672],"dipPosition":[-66.8896,337.818,-45.5894],"direction":[-0.134742,0.111564,-0.98458],"extended":true,"handId":865,"id":8651,"length":58.0209,"mcpPosition":[-59.8951,326.549,19.2219],"pipPosition":[-63.6764,335.157,-22.11],"stabilizedTipPosition":[-92.9403,318.505,63.2256],"timeVisible":1.00326,"tipPosition":[-69.3447,337.099,-58.4508],"tipVelocity":[10.8067,37.1576,-176.901],"tool":false,"touchDistance":-0.550676,"touchZone":"touching","type":1,"width":19.0841},{"bases":[[[0.791449,-0.555157,-0.255753],[0.591228,0.801485,0.0898418],[0.155105,-0.222313,0.962559]],[[0.796162,-0.562231,-0.223657],[0.218822,0.612145,-0.759866],[0.564131,0.556035,0.610395]],[[0.796162,-0.562231,-0.223657],[-0.375465,-0.169183,-0.911265],[0.474502,0.80949,-0.345795]],[[0.796162,-0.562231,-0.223657],[-0.571175,-0.576319,-0.584479],[0.199714,0.593087,-0.779975]]],"btipPosition":[-83.7357,258.679,10.2331],"carpPosition":[-29.2159,303.526,81.3554],"dipPosition":[-80.0328,269.675,-4.22817],"direction":[-0.474502,-0.809489,0.345795],"extended":false,"handId":865,"id":8652,"length":66.1101,"mcpPosition":[-39.8926,318.829,15.0979],"pipPosition":[-66.7202,292.386,-13.9298],"stabilizedTipPosition":[-83.459,247.955,163.866],"timeVisible":1.00326,"tipPosition":[-82.7602,261.033,7.81633],"tipVelocity":[9.22873,-10.741,-211.386],"tool":false,"touchDistance":0.333333,"touchZone":"none","type":2,"width":18.7431},{"bases":[[[0.758811,-0.64065,-0.117357],[0.650906,0.752278,0.101978],[0.0229523,-0.15377,0.98784]],[[0.756574,-0.631737,-0.168829],[0.413369,0.662108,-0.625091],[0.506677,0.403139,0.762075]],[[0.756574,-0.631737,-0.168829],[-0.222159,-0.00549668,-0.974995],[0.615013,0.775163,-0.144505]],[[0.756574,-0.631737,-0.168829],[-0.535511,-0.450414,-0.714391],[0.375265,0.6309,-0.679074]]],"btipPosition":[-66.751,256.638,-0.6053],"carpPosition":[-19.2704,297.722,77.5714],"dipPosition":[-59.8334,268.268,-13.1234],"direction":[-0.615013,-0.775163,0.144505],"extended":false,"handId":865,"id":8653,"length":63.5667,"mcpPosition":[-20.6889,307.225,16.5208],"pipPosition":[-43.0242,289.454,-17.0729],"stabilizedTipPosition":[-71.2898,241.521,166.744],"timeVisible":1.00326,"tipPosition":[-65.2956,258.904,-2.64908],"tipVelocity":[13.5463,-0.0198508,-211.839],"tool":false,"touchDistance":0.333333,"touchZone":"none","type":3,"width":17.8352},{"bases":[[[0.638318,-0.769574,-0.0174619],[0.760459,0.626915,0.169354],[-0.119383,-0.121381,0.985401]],[[0.644143,-0.76129,-0.0742797],[0.570575,0.542898,-0.616202],[0.509435,0.35454,0.784077]],[[0.644143,-0.76129,-0.0742797],[-0.141664,-0.0233047,-0.98964],[0.751673,0.647992,-0.122859]],[[0.644143,-0.76129,-0.0742797],[-0.540788,-0.384579,-0.748096],[0.540952,0.52205,-0.65942]]],"btipPosition":[-47.1081,258.85,5.13838],"carpPosition":[-12.4609,285.657,75.2811],"dipPosition":[-37.9085,267.728,-6.07587],"direction":[-0.751673,-0.647992,0.122859],"extended":false,"handId":865,"id":8654,"length":49.8351,"mcpPosition":[-5.63108,292.601,18.9068],"pipPosition":[-23.4034,280.233,-8.4467],"stabilizedTipPosition":[-51.4626,254.18,157.308],"timeVisible":1.00326,"tipPosition":[-45.2444,260.61,3.37965],"tipVelocity":[13.7097,0.60186,-206.213],"tool":false,"touchDistance":0.333333,"touchZone":"none","type":4,"width":15.8426}],"r":[[0.898779,-0.313379,0.306578],[0.374809,0.912017,-0.16656],[-0.227408,0.264609,0.937159]],"s":0.867772,"t":[66.3076,66.9861,-207.16],"timestamp":607116128975},false],[2,{"currentFrameRate":107.9,"devices":[],"gestures":[],"hands":[{"armBasis":[[0.749898,-0.227056,-0.621369],[0.484321,0.828248,0.28185],[0.450651,-0.5123,0.731069]],"armWidth":62.8676,"confidence":0.846077,"direction":[-0.0567176,0.334744,-0.9406],"elbow":[93.8153,151.352,280.01],"grabStrength":0,"id":865,"palmNormal":[-0.483508,-0.833476,-0.267465],"palmPosition":[-37.885,305.411,35.5819],"palmVelocity":[-4.32698,-15.4254,-164.23],"palmWidth":89.7729,"pinchStrength":1,"r":[[0.89839,-0.313325,0.307771],[0.374534,0.912548,-0.164256],[-0.22939,0.262837,0.937175]],"s":0.868421,"sphereCenter":[-60.3924,277.827,5.64287],"sphereRadius":44.809,"stabilizedPalmPosition":[-46.34,304.934,162.411],"t":[66.2659,66.8078,-208.554],"timeVisible":1.01226,"type":"right","wrist":[-26.233,287.822,85.2621]}],"id":4442629,"interactionBox":{"center":[0,200,0],"size":[235.247,235.247,147.751]},"pointables":[{"bases":[[[0.77289,0.633902,-0.0284646],[-0.464621,0.595905,0.654999],[0.432167,-0.493017,0.755093]],[[0.590175,0.759839,-0.272648],[-0.733101,0.645873,0.2131],[0.338018,0.0741121,0.938217]],[[0.590175,0.759839,-0.272648],[-0.804608,0.581093,-0.122219],[0.0655668,0.291505,0.954319]],[[0.590175,0.759839,-0.272648],[-0.738387,0.371577,-0.562775],[-0.326309,0.533456,0.780351]]],"btipPosition":[-67.0805,264.402,-4.85887],"carpPosition":[-55.7622,290.176,91.4698],"dipPosition":[-74.6152,276.72,13.1599],"direction":[-0.0655668,-0.291505,-0.954319],"extended":false,"handId":865,"id":8650,"length":51.4192,"mcpPosition":[-55.7622,290.176,91.4698],"pipPosition":[-72.4096,286.526,45.2627],"stabilizedTipPosition":[-81.9759,254.29,132.617],"timeVisible":1.01226,"tipPosition":[-68.6459,266.084,-0.528724],"tipVelocity":[5.01039,9.64807,-183.219],"tool":false,"touchDistance":-0.540215,"touchZone":"hovering","type":0,"width":19.9791},{"bases":[[[0.851577,-0.377173,-0.364084],[0.448109,0.884155,0.132166],[0.272057,-0.275699,0.921941]],[[0.889139,-0.425423,-0.168662],[0.449191,0.881775,0.143876],[0.0875136,-0.203687,0.975117]],[[0.889139,-0.425423,-0.168662],[0.437707,0.898133,0.0420752],[0.133581,-0.111235,0.984776]],[[0.889139,-0.425423,-0.168662],[0.425028,0.904283,-0.0402796],[0.169654,-0.0358718,0.984851]]],"btipPosition":[-69.5847,338.194,-63.3029],"carpPosition":[-40.0824,306.291,85.0353],"dipPosition":[-66.7249,337.589,-46.7012],"direction":[-0.133581,0.111235,-0.984776],"extended":true,"handId":865,"id":8651,"length":58.0209,"mcpPosition":[-59.8298,326.303,18.1158],"pipPosition":[-63.5393,334.937,-23.2172],"stabilizedTipPosition":[-92.9295,318.514,63.1705],"timeVisible":1.01226,"tipPosition":[-69.1516,336.865,-59.5683],"tipVelocity":[13.1471,19.5148,-162.288],"tool":false,"touchDistance":-0.540652,"touchZone":"touching","type":1,"width":19.0841},{"bases":[[[0.791551,-0.556117,-0.25334],[0.591491,0.801393,0.0889199],[0.153575,-0.220233,0.963282]],[[0.796212,-0.56312,-0.221228],[0.220283,0.610379,-0.760863],[0.563491,0.557076,0.610037]],[[0.796212,-0.56312,-0.221228],[-0.374173,-0.170976,-0.911461],[0.475438,0.808494,-0.346837]],[[0.796212,-0.56312,-0.221228],[-0.570589,-0.577313,-0.584071],[0.201184,0.591275,-0.780973]]],"btipPosition":[-83.6912,258.425,9.23862],"carpPosition":[-29.2538,303.403,80.346],"dipPosition":[-79.9612,269.388,-5.24111],"direction":[-0.475438,-0.808494,0.346837],"extended":false,"handId":865,"id":8652,"length":66.1101,"mcpPosition":[-39.8251,318.563,14.0387],"pipPosition":[-66.6223,292.071,-14.972],"stabilizedTipPosition":[-83.459,247.956,163.866],"timeVisible":1.01226,"tipPosition":[-82.712,260.775,6.81082],"tipVelocity":[8.24044,-15.7623,-183.783],"tool":false,"touchDistance":0.333333,"touchZone":"none","type":2,"width":18.7431},{"bases":[[[0.758667,-0.641284,-0.114802],[0.651127,0.752185,0.101255],[0.021419,-0.151569,0.988215]],[[0.756489,-0.632422,-0.166634],[0.414837,0.66098,-0.625313],[0.505603,0.403917,0.762376]],[[0.756489,-0.632422,-0.166634],[-0.220887,-0.00724953,-0.975273],[0.615576,0.77459,-0.145178]],[[0.756489,-0.632422,-0.166634],[-0.53502,-0.451898,-0.713822],[0.376135,0.629151,-0.680215]]],"btipPosition":[-66.6755,256.379,-1.58405],"carpPosition":[-19.3055,297.586,76.5896],"dipPosition":[-59.7418,267.977,-14.1232],"direction":[-0.615576,-0.77459,0.145178],"extended":false,"handId":865,"id":8653,"length":63.5667,"mcpPosition":[-20.6293,306.953,15.5159],"pipPosition":[-42.9173,289.148,-18.0911],"stabilizedTipPosition":[-71.2898,241.521,166.744],"timeVisible":1.01226,"tipPosition":[-65.2193,258.64,-3.64708],"tipVelocity":[12.2414,-8.11803,-183.65],"tool":false,"touchDistance":0.333333,"touchZone":"none","type":3,"width":17.8352},{"bases":[[[0.637963,-0.769925,-0.0147964],[0.760518,0.626919,0.169072],[-0.120897,-0.119115,0.985493]],[[0.643851,-0.761817,-0.0713454],[0.572104,0.541228,-0.616254],[0.508087,0.355959,0.784309]],[[0.643851,-0.761817,-0.0713454],[-0.139911,-0.0255464,-0.989834],[0.75225,0.647288,-0.123035]],[[0.643851,-0.761817,-0.0713454],[-0.539807,-0.386169,-0.747985],[0.542277,0.520104,-0.65987]]],"btipPosition":[-47.0458,258.573,4.19141],"carpPosition":[-12.4987,285.513,74.3365],"dipPosition":[-37.8238,267.418,-7.03049],"direction":[-0.75225,-0.647288,0.123035],"extended":false,"handId":865,"id":8654,"length":49.8351,"mcpPosition":[-5.58222,292.327,17.9569],"pipPosition":[-23.3075,279.909,-9.40471],"stabilizedTipPosition":[-51.4626,254.18,157.308],"timeVisible":1.01226,"tipPosition":[-45.1774,260.331,2.42029],"tipVelocity":[11.9996,-8.23599,-178.506],"tool":false,"touchDistance":0.333333,"touchZone":"none","type":4,"width":15.8426}],"r":[[0.89839,-0.313325,0.307771],[0.374534,0.912548,-0.164256],[-0.22939,0.262837,0.937175]],"s":0.868421,"t":[66.2659,66.8078,-208.554],"timestamp":607116137980},false],[3,{"currentFrameRate":107.92,"devices":[],"gestures":[],"hands":[{"armBasis":[[0.750979,-0.228011,-0.619711],[0.484045,0.828436,0.28177],[0.449144,-0.511571,0.732505]],"armWidth":62.8676,"confidence":0.835075,"direction":[-0.0555201,0.33687,-0.939913],"elbow":[93.4024,151.228,279.629],"grabStrength":0,"id":865,"palmNormal":[-0.483382,-0.83276,-0.269913],"palmPosition":[-37.8332,305.207,34.8439],"palmVelocity":[-1.53954,-17.2713,-140.596],"palmWidth":89.7729,"pinchStrength":1,"r":[[0.897989,-0.313464,0.308798],[0.374391,0.913026,-0.161913],[-0.231186,0.261007,0.937245]],"s":0.869083,"sphereCenter":[-60.4357,277.831,4.83163],"sphereRadius":44.8263,"stabilizedPalmPosition":[-46.34,304.934,162.411],"t":[66.2709,66.617,-209.62],"timeVisible":1.02149,"type":"right","wrist":[-26.2444,287.505,84.4983]}],"id":4442630,"interactionBox":{"center":[0,200,0],"size":[235.247,235.247,147.751]},"pointables":[{"bases":[[[0.77307,0.633783,-0.0261203],[-0.465263,0.594541,0.655783],[0.431154,-0.494813,0.754497]],[[0.592154,0.759723,-0.268654],[-0.73194,0.646544,0.215046],[0.337072,0.0692979,0.938925]],[[0.592154,0.759723,-0.268654],[-0.803191,0.583384,-0.120611],[0.0650972,0.287201,0.955656]],[[0.592154,0.759723,-0.268654],[-0.737378,0.376394,-0.560894],[-0.325004,0.530235,0.783086]]],"btipPosition":[-67.0666,264.534,-5.79557],"carpPosition":[-55.7805,289.852,90.676],"dipPosition":[-74.5711,276.777,12.2863],"direction":[-0.0650972,-0.287201,-0.955656],"extended":false,"handId":865,"id":8650,"length":51.4192,"mcpPosition":[-55.7805,289.852,90.676],"pipPosition":[-72.3813,286.439,44.4341],"stabilizedTipPosition":[-81.9755,254.29,132.613],"timeVisible":1.02149,"tipPosition":[-68.6124,266.196,-1.44203],"tipVelocity":[4.24008,10.4286,-159.855],"tool":false,"touchDistance":-0.52836,"touchZone":"hovering","type":0,"width":19.9791},{"bases":[[[0.851922,-0.376553,-0.363917],[0.448156,0.883751,0.134686],[0.270896,-0.277834,0.921642]],[[0.889103,-0.424958,-0.17002],[0.44952,0.880665,0.149537],[0.0861834,-0.209381,0.974029]],[[0.889103,-0.424958,-0.17002],[0.438023,0.897749,0.0467111],[0.132785,-0.116003,0.984333]],[[0.889103,-0.424958,-0.17002],[0.425243,0.904339,-0.0365957],[0.169307,-0.0397623,0.984761]]],"btipPosition":[-69.4261,338.456,-63.9618],"carpPosition":[-40.0893,305.977,84.2965],"dipPosition":[-66.5721,337.786,-47.3617],"direction":[-0.132785,0.116003,-0.984333],"extended":true,"handId":865,"id":8651,"length":58.0209,"mcpPosition":[-59.7524,326.144,17.3987],"pipPosition":[-63.4055,335.019,-23.8882],"stabilizedTipPosition":[-92.921,318.521,63.1271],"timeVisible":1.02149,"tipPosition":[-68.9728,337.111,-60.2382],"tipVelocity":[14.2402,21.5414,-136.807],"tool":false,"touchDistance":-0.52481,"touchZone":"touching","type":1,"width":19.0841},{"bases":[[[0.791723,-0.555732,-0.253647],[0.59157,0.801053,0.0914243],[0.152377,-0.222433,0.962967]],[[0.796344,-0.562807,-0.221551],[0.221367,0.612079,-0.759181],[0.562879,0.555525,0.612012]],[[0.796344,-0.562807,-0.221551],[-0.373097,-0.168778,-0.912312],[0.476062,0.809174,-0.344387]],[[0.796344,-0.562807,-0.221551],[-0.570018,-0.575832,-0.586086],[0.202276,0.593014,-0.779371]]],"btipPosition":[-83.6194,258.293,8.33546],"carpPosition":[-29.2558,303.098,79.6135],"dipPosition":[-79.8691,269.288,-6.11457],"direction":[-0.476062,-0.809174,0.344387],"extended":false,"handId":865,"id":8652,"length":66.1101,"mcpPosition":[-39.7446,318.409,13.328],"pipPosition":[-66.5127,291.991,-15.7767],"stabilizedTipPosition":[-83.459,247.956,163.866],"timeVisible":1.02149,"tipPosition":[-82.6378,260.65,5.90692],"tipVelocity":[8.25238,-15.1226,-159.476],"tool":false,"touchDistance":0.333333,"touchZone":"none","type":2,"width":18.7431},{"bases":[[[0.758655,-0.641202,-0.115339],[0.65118,0.751803,0.103719],[0.0202072,-0.153794,0.987896]],[[0.7565,-0.632096,-0.167819],[0.416302,0.663331,-0.621839],[0.504381,0.400558,0.764953]],[[0.7565,-0.632096,-0.167819],[-0.219333,-0.00347045,-0.975644],[0.616118,0.774883,-0.141265]],[[0.7565,-0.632096,-0.167819],[-0.534338,-0.449439,-0.715882],[0.377082,0.631237,-0.677753]]],"btipPosition":[-66.5779,256.319,-2.56394],"carpPosition":[-19.3044,297.287,75.856],"dipPosition":[-59.6268,267.955,-15.0577],"direction":[-0.616118,-0.774883,0.141265],"extended":false,"handId":865,"id":8653,"length":63.5667,"mcpPosition":[-20.5533,306.791,14.8019],"pipPosition":[-42.7874,289.134,-18.9187],"stabilizedTipPosition":[-71.2898,241.521,166.744],"timeVisible":1.02149,"tipPosition":[-65.1171,258.586,-4.61984],"tipVelocity":[11.8963,-7.40929,-161.603],"tool":false,"touchDistance":0.333333,"touchZone":"none","type":3,"width":17.8352},{"bases":[[[0.637802,-0.770039,-0.015767],[0.760461,0.62636,0.171385],[-0.122098,-0.1213,0.985078]],[[0.643737,-0.761849,-0.0720336],[0.573298,0.542476,-0.614043],[0.506884,0.353985,0.785979]],[[0.643737,-0.761849,-0.0720336],[-0.138512,-0.0234245,-0.990084],[0.752607,0.647331,-0.120604]],[[0.643737,-0.761849,-0.0720336],[-0.539017,-0.384598,-0.749363],[0.543197,0.52122,-0.658229]]],"btipPosition":[-46.9567,258.451,3.32942],"carpPosition":[-12.4976,285.217,73.5838],"dipPosition":[-37.7189,267.315,-7.86458],"direction":[-0.752607,-0.647331,0.120604],"extended":false,"handId":865,"id":8654,"length":49.8351,"mcpPosition":[-5.51249,292.156,17.2279],"pipPosition":[-23.1958,279.807,-10.1919],"stabilizedTipPosition":[-51.4626,254.18,157.308],"timeVisible":1.02149,"tipPosition":[-45.0853,260.213,1.55259],"tipVelocity":[11.4528,-9.50056,-154.441],"tool":false,"touchDistance":0.333333,"touchZone":"none","type":4,"width":15.8426}],"r":[[0.897989,-0.313464,0.308798],[0.374391,0.913026,-0.161913],[-0.231186,0.261007,0.937245]],"s":0.869083,"t":[66.2709,66.617,-209.62],"timestamp":607116147209},false],[4,{"currentFrameRate":108.14,"devices":[],"gestures":[],"hands":[{"armBasis":[[0.756085,-0.225601,-0.614361],[0.477905,0.831659,0.282754],[0.447149,-0.507392,0.736621]],"armWidth":62.8676,"confidence":0.841907,"direction":[-0.053563,0.341109,-0.938497],"elbow":[92.5894,152.192,279.115],"grabStrength":0,"id":865,"palmNormal":[-0.477528,-0.834163,-0.275933],"palmPosition":[-38.0106,305.233,33.2716],"palmVelocity":[-6.54988,-11.8286,-150.624],"palmWidth":89.7729,"pinchStrength":1,"r":[[0.897766,-0.312858,0.310059],[0.373369,0.913982,-0.158846],[-0.233693,0.258373,0.937353]],"s":0.870086,"sphereCenter":[-60.5545,278.154,3.07722],"sphereRadius":44.8284,"stabilizedPalmPosition":[-46.34,304.934,162.411],"t":[66.1847,66.5342,-210.939],"timeVisible":1.03034,"type":"right","wrist":[-26.526,287.355,82.8875]}],"id":4442631,"interactionBox":{"center":[0,200,0],"size":[235.247,235.247,147.751]},"pointables":[{"bases":[[[0.769557,0.638269,-0.0198544],[-0.471329,0.588707,0.656714],[0.430848,-0.496021,0.753879]],[[0.589332,0.764197,-0.262091],[-0.736032,0.641626,0.215808],[0.333084,0.0657244,0.940604]],[[0.589332,0.764197,-0.262091],[-0.805743,0.579618,-0.121745],[0.0588754,0.282926,0.957333]],[[0.589332,0.764197,-0.262091],[-0.736362,0.374643,-0.563395],[-0.332354,0.52502,0.783514]]],"btipPosition":[-66.8108,264.627,-7.66651],"carpPosition":[-56.1001,289.505,88.9541],"dipPosition":[-74.485,276.75,10.4253],"direction":[-0.0588754,-0.282926,-0.957333],"extended":false,"handId":865,"id":8650,"length":51.4192,"mcpPosition":[-56.1001,289.505,88.9541],"pipPosition":[-72.5045,286.268,42.6295],"stabilizedTipPosition":[-81.9753,254.291,132.611],"timeVisible":1.03034,"tipPosition":[-68.407,266.285,-3.32666],"tipVelocity":[9.72181,9.60598,-173.735],"tool":false,"touchDistance":-0.531887,"touchZone":"hovering","type":0,"width":19.9791},{"bases":[[[0.855539,-0.369953,-0.362198],[0.442569,0.88561,0.14081],[0.268673,-0.280766,0.921404]],[[0.892044,-0.418754,-0.170005],[0.444278,0.881507,0.159881],[0.0829094,-0.21815,0.972387]],[[0.892044,-0.418754,-0.170005],[0.433029,0.899624,0.0562331],[0.129392,-0.123779,0.983838]],[[0.892044,-0.418754,-0.170005],[0.420407,0.906906,-0.027937],[0.165877,-0.04655,0.985047]]],"btipPosition":[-69.3726,339.113,-65.4469],"carpPosition":[-40.4747,305.75,82.7176],"dipPosition":[-66.5764,338.328,-48.8419],"direction":[-0.129392,0.123779,-0.983838],"extended":true,"handId":865,"id":8651,"length":58.0209,"mcpPosition":[-59.9764,326.129,15.837],"pipPosition":[-63.4908,335.376,-25.3802],"stabilizedTipPosition":[-92.9139,318.527,63.0907],"timeVisible":1.03034,"tipPosition":[-68.9142,337.721,-61.7375],"tipVelocity":[11.6138,34.9893,-145.159],"tool":false,"touchDistance":-0.522921,"touchZone":"touching","type":1,"width":19.0841},{"bases":[[[0.795905,-0.550003,-0.253045],[0.586628,0.803936,0.0977436],[0.149673,-0.226238,0.962504]],[[0.800433,-0.557206,-0.220971],[0.221045,0.617041,-0.755248],[0.557177,0.555681,0.617068]],[[0.800433,-0.557206,-0.220971],[-0.368345,-0.166399,-0.914677],[0.472894,0.813531,-0.338435]],[[0.800433,-0.557206,-0.220971],[-0.564312,-0.576168,-0.591255],[0.202135,0.597957,-0.775622]]],"btipPosition":[-83.4206,258.19,6.34258],"carpPosition":[-29.6057,302.954,78.0657],"dipPosition":[-79.6729,269.277,-8.03794],"direction":[-0.472894,-0.813531,0.338435],"extended":false,"handId":865,"id":8652,"length":66.1101,"mcpPosition":[-39.9084,318.527,11.812],"pipPosition":[-66.4053,292.101,-17.5331],"stabilizedTipPosition":[-83.459,247.956,163.865],"timeVisible":1.03034,"tipPosition":[-82.4432,260.566,3.92274],"tipVelocity":[12.0828,-13.534,-176.768],"tool":false,"touchDistance":0.333333,"touchZone":"none","type":2,"width":18.7431},{"bases":[[[0.762754,-0.636329,-0.11529],[0.646465,0.754965,0.110048],[0.0170133,-0.15847,0.987217]],[[0.760746,-0.626921,-0.168036],[0.415084,0.668959,-0.616603],[0.498971,0.399329,0.769132]],[[0.760746,-0.626921,-0.168036],[-0.215476,0.000264506,-0.976509],[0.612239,0.779083,-0.134886]],[[0.760746,-0.626921,-0.168036],[-0.529044,-0.448965,-0.720099],[0.376003,0.636711,-0.673217]]],"btipPosition":[-66.3178,256.378,-4.49876],"carpPosition":[-19.6062,297.218,74.3214],"dipPosition":[-59.3866,268.115,-16.9089],"direction":[-0.612239,-0.779083,0.134886],"extended":false,"handId":865,"id":8653,"length":63.5667,"mcpPosition":[-20.6576,307.012,13.3093],"pipPosition":[-42.6532,289.408,-20.5955],"stabilizedTipPosition":[-71.2898,241.521,166.744],"timeVisible":1.03034,"tipPosition":[-64.8615,258.666,-6.55059],"tipVelocity":[16.4902,-2.90076,-176.444],"tool":false,"touchDistance":0.333333,"touchZone":"none","type":3,"width":17.8352},{"bases":[[[0.642226,-0.76633,-0.016843],[0.756178,0.629816,0.177559],[-0.125461,-0.12677,0.983966]],[[0.648331,-0.757864,-0.0728712],[0.573005,0.548722,-0.608744],[0.501331,0.352912,0.790013]],[[0.648331,-0.757864,-0.0728712],[-0.134104,-0.0194554,-0.990776],[0.749455,0.652123,-0.114246]],[[0.648331,-0.757864,-0.0728712],[-0.533738,-0.38416,-0.753356],[0.542947,0.527318,-0.653563]]],"btipPosition":[-46.7294,258.587,1.48562],"carpPosition":[-12.7216,285.198,72.0192],"dipPosition":[-37.496,267.554,-9.62902],"direction":[-0.749456,-0.652123,0.114246],"extended":false,"handId":865,"id":8654,"length":49.8351,"mcpPosition":[-5.54405,292.45,15.7269],"pipPosition":[-23.0336,280.139,-11.8336],"stabilizedTipPosition":[-51.4626,254.18,157.308],"timeVisible":1.03034,"tipPosition":[-44.8599,260.369,-0.285387],"tipVelocity":[15.2731,-2.06322,-168.467],"tool":false,"touchDistance":0.333333,"touchZone":"none","type":4,"width":15.8426}],"r":[[0.897766,-0.312858,0.310059],[0.373369,0.913982,-0.158846],[-0.233693,0.258373,0.937353]],"s":0.870086,"t":[66.1847,66.5342,-210.939],"timestamp":607116156060},false],[5,{"currentFrameRate":108.197,"devices":[],"gestures":[],"hands":[{"armBasis":[[0.760575,-0.226949,-0.608292],[0.47383,0.834551,0.281086],[0.443859,-0.502014,0.742274]],"armWidth":62.8676,"confidence":0.838233,"direction":[-0.0501646,0.344734,-0.937359],"elbow":[91.3488,153.523,278.203],"grabStrength":0,"id":865,"palmNormal":[-0.473852,-0.834396,-0.281508],"palmPosition":[-38.1946,305.298,30.8731],"palmVelocity":[-10.3264,-6.54023,-181.731],"palmWidth":89.7729,"pinchStrength":1,"r":[[0.897471,-0.312115,0.311655],[0.372171,0.915078,-0.155308],[-0.236715,0.255373,0.937417]],"s":0.871625,"sphereCenter":[-60.7714,278.649,0.520371],"sphereRadius":44.8203,"stabilizedPalmPosition":[-46.34,304.934,162.41],"t":[66.0496,66.5256,-212.798],"timeVisible":1.03948,"type":"right","wrist":[-26.8902,287.254,80.4699]}],"id":4442632,"interactionBox":{"center":[0,200,0],"size":[235.247,235.247,147.751]},"pointables":[{"bases":[[[0.767815,0.640525,-0.0136967],[-0.476063,0.584716,0.656864],[0.428747,-0.49783,0.753884]],[[0.588665,0.766793,-0.255935],[-0.738365,0.638905,0.215909],[0.329075,0.0618757,0.942274]],[[0.588665,0.766793,-0.255935],[-0.806696,0.577631,-0.124838],[0.0521112,0.279949,0.958599]],[[0.588665,0.766793,-0.255935],[-0.73312,0.373002,-0.568686],[-0.3406,0.522396,0.781725]]],"btipPosition":[-66.5935,264.768,-10.2973],"carpPosition":[-56.4982,289.295,86.4069],"dipPosition":[-74.4582,276.83,7.75313],"direction":[-0.0521112,-0.279949,-0.958599],"extended":false,"handId":865,"id":8650,"length":51.4192,"mcpPosition":[-56.4982,289.295,86.4069],"pipPosition":[-72.7052,286.247,40],"stabilizedTipPosition":[-81.9751,254.291,132.609],"timeVisible":1.03948,"tipPosition":[-68.2688,266.461,-5.99665],"tipVelocity":[12.2978,10.7833,-205.772],"tool":false,"touchDistance":-0.546636,"touchZone":"hovering","type":0,"width":19.9791},{"bases":[[[0.858271,-0.366061,-0.359681],[0.439377,0.886288,0.14643],[0.265179,-0.283712,0.921514]],[[0.893854,-0.415149,-0.169341],[0.441518,0.880742,0.171331],[0.0780177,-0.227912,0.970551]],[[0.893854,-0.415149,-0.169341],[0.430687,0.900018,0.0669021],[0.124636,-0.132734,0.983284]],[[0.893854,-0.415149,-0.169341],[0.41833,0.908113,-0.018167],[0.161323,-0.0546018,0.98539]]],"btipPosition":[-69.1371,339.949,-67.7785],"carpPosition":[-40.8904,305.609,80.3087],"dipPosition":[-66.4177,339.028,-51.1677],"direction":[-0.124636,0.132734,-0.983284],"extended":true,"handId":865,"id":8651,"length":58.0209,"mcpPosition":[-60.1385,326.202,13.4202],"pipPosition":[-63.4455,335.863,-27.7193],"stabilizedTipPosition":[-92.907,318.533,63.0543],"timeVisible":1.03948,"tipPosition":[-68.694,338.485,-64.0843],"tipVelocity":[15.0129,49.7623,-175.709],"tool":false,"touchDistance":-0.533917,"touchZone":"touching","type":1,"width":19.0841},{"bases":[[[0.798644,-0.546717,-0.251532],[0.583867,0.805198,0.10371],[0.145833,-0.229689,0.962276]],[[0.803042,-0.554036,-0.219472],[0.222831,0.620745,-0.751679],[0.552693,0.554724,0.621941]],[[0.803042,-0.554036,-0.219472],[-0.363574,-0.163698,-0.91707],[0.472162,0.81624,-0.33289]],[[0.803042,-0.554036,-0.219472],[-0.559896,-0.575349,-0.596231],[0.20406,0.601679,-0.772231]]],"btipPosition":[-83.3444,258.238,3.53877],"carpPosition":[-29.992,302.863,75.6964],"dipPosition":[-79.561,269.393,-10.7789],"direction":[-0.472162,-0.81624,0.33289],"extended":false,"handId":865,"id":8652,"length":66.1101,"mcpPosition":[-40.0303,318.674,9.45837],"pipPosition":[-66.314,292.293,-20.1184],"stabilizedTipPosition":[-83.459,247.956,163.865],"timeVisible":1.03948,"tipPosition":[-82.3634,260.626,1.12618],"tipVelocity":[11.2888,-7.85426,-212.498],"tool":false,"touchDistance":0.333333,"touchZone":"none","type":2,"width":18.7431},{"bases":[[[0.765097,-0.633692,-0.114281],[0.643786,0.756347,0.116097],[0.0128667,-0.162398,0.986641]],[[0.763279,-0.623973,-0.167519],[0.415364,0.672538,-0.612507],[0.494851,0.397932,0.772511]],[[0.763279,-0.623973,-0.167519],[-0.212389,0.00254031,-0.977182],[0.610161,0.781442,-0.130586]],[[0.763279,-0.623973,-0.167519],[-0.525459,-0.448697,-0.722886],[0.375896,0.639788,-0.670353]]],"btipPosition":[-66.1737,256.513,-7.12797],"carpPosition":[-19.9587,297.17,71.9759],"dipPosition":[-59.2444,268.307,-19.4853],"direction":[-0.610161,-0.781442,0.130586],"extended":false,"handId":865,"id":8653,"length":63.5667,"mcpPosition":[-20.7539,307.207,10.9994],"pipPosition":[-42.5679,289.665,-23.0544],"stabilizedTipPosition":[-71.2898,241.521,166.744],"timeVisible":1.03948,"tipPosition":[-64.7159,258.831,-9.23891],"tipVelocity":[16.2758,2.43278,-207.02],"tool":false,"touchDistance":0.333333,"touchZone":"none","type":3,"width":17.8352},{"bases":[[[0.644484,-0.76443,-0.016921],[0.75354,0.631239,0.183617],[-0.129681,-0.131089,0.982852]],[[0.650799,-0.755771,-0.0726031],[0.573459,0.551964,-0.605376],[0.4976,0.352343,0.792621]],[[0.650799,-0.755771,-0.0726031],[-0.131332,-0.0178734,-0.991177],[0.747805,0.654592,-0.110889]],[[0.650799,-0.755771,-0.0726031],[-0.530515,-0.384244,-0.755586],[0.543153,0.530252,-0.651013]]],"btipPosition":[-46.6371,258.738,-1.01143],"carpPosition":[-13.0292,285.179,69.6575],"dipPosition":[-37.4001,267.755,-12.0827],"direction":[-0.747805,-0.654592,0.110889],"extended":false,"handId":865,"id":8654,"length":49.8351,"mcpPosition":[-5.61022,292.679,13.429],"pipPosition":[-22.9696,280.387,-14.2226],"stabilizedTipPosition":[-51.4626,254.18,157.308],"timeVisible":1.03948,"tipPosition":[-44.7523,260.551,-2.85915],"tipVelocity":[13.8594,3.45381,-197.305],"tool":false,"touchDistance":0.333333,"touchZone":"none","type":4,"width":15.8426}],"r":[[0.897471,-0.312115,0.311655],[0.372171,0.915078,-0.155308],[-0.236715,0.255373,0.937417]],"s":0.871625,"t":[66.0496,66.5256,-212.798],"timestamp":607116165199},false],[6,{"currentFrameRate":108.369,"devices":[],"gestures":[],"hands":[{"armBasis":[[0.763271,-0.227106,-0.604847],[0.471456,0.835896,0.281082],[0.441754,-0.499701,0.745085]],"armWidth":62.8676,"confidence":0.84053,"direction":[-0.0486753,0.347084,-0.93657],"elbow":[90.6523,154.032,277.654],"grabStrength":0,"id":865,"palmNormal":[-0.471651,-0.83454,-0.28476],"palmPosition":[-38.2509,305.3,29.5966],"palmVelocity":[-9.23599,-4.71232,-171.22],"palmWidth":89.7729,"pinchStrength":1,"r":[[0.897205,-0.311353,0.31318],[0.370931,0.916164,-0.151832],[-0.239651,0.252392,0.937478]],"s":0.873608,"sphereCenter":[-60.9409,279.047,-0.828044],"sphereRadius":44.8204,"stabilizedPalmPosition":[-46.34,304.934,162.41],"t":[65.9539,66.5221,-214.365],"timeVisible":1.0484,"type":"right","wrist":[-27.0258,287.147,79.1719]}],"id":4442633,"interactionBox":{"center":[0,200,0],"size":[235.247,235.247,147.751]},"pointables":[{"bases":[[[0.766646,0.641988,-0.0102773],[-0.478649,0.582113,0.657298],[0.427959,-0.498995,0.753561]],[[0.588133,0.768422,-0.252244],[-0.73937,0.637249,0.217362],[0.327768,0.0586636,0.942935]],[[0.588133,0.768422,-0.252244],[-0.807391,0.576018,-0.127766],[0.0471185,0.278803,0.959192]],[[0.588133,0.768422,-0.252244],[-0.729025,0.368662,-0.576725],[-0.350175,0.523083,0.777021]]],"btipPosition":[-66.2929,264.771,-11.6014],"carpPosition":[-56.651,289.117,85.0466],"dipPosition":[-74.3786,276.849,6.34046],"direction":[-0.0471185,-0.278803,-0.959192],"extended":false,"handId":865,"id":8650,"length":51.4192,"mcpPosition":[-56.651,289.117,85.0466],"pipPosition":[-72.7936,286.228,38.6072],"stabilizedTipPosition":[-81.975,254.291,132.607],"timeVisible":1.0484,"tipPosition":[-68.084,266.551,-7.37572],"tipVelocity":[16.5783,8.06437,-190.318],"tool":false,"touchDistance":-0.540242,"touchZone":"hovering","type":0,"width":19.9791},{"bases":[[[0.859769,-0.363523,-0.358675],[0.437386,0.88672,0.14974],[0.26361,-0.285621,0.921374]],[[0.894837,-0.412631,-0.170303],[0.439994,0.879665,0.180541],[0.0753122,-0.236487,0.968711]],[[0.894837,-0.412631,-0.170303],[0.429384,0.899949,0.0756402],[0.122052,-0.140811,0.982484]],[[0.894837,-0.412631,-0.170303],[0.417146,0.908784,-0.0100649],[0.158921,-0.0620347,0.98534]]],"btipPosition":[-68.976,340.636,-68.9526],"carpPosition":[-41.0599,305.477,79.0266],"dipPosition":[-66.2971,339.591,-52.3426],"direction":[-0.122052,0.140811,-0.982484],"extended":true,"handId":865,"id":8651,"length":58.0209,"mcpPosition":[-60.1942,326.209,12.1482],"pipPosition":[-63.3865,336.233,-28.9132],"stabilizedTipPosition":[-92.8995,318.539,63.0156],"timeVisible":1.0484,"tipPosition":[-68.541,339.104,-65.2731],"tipVelocity":[15.5615,56.3284,-163.716],"tool":false,"touchDistance":-0.526472,"touchZone":"touching","type":1,"width":19.0841},{"bases":[[[0.800234,-0.544571,-0.251133],[0.582124,0.80601,0.107138],[0.144071,-0.231926,0.962005]],[[0.804572,-0.551964,-0.219088],[0.223413,0.623157,-0.749508],[0.550227,0.554086,0.624691]],[[0.804572,-0.551964,-0.219088],[-0.361154,-0.161926,-0.91834],[0.471414,0.817995,-0.329625]],[[0.804572,-0.551964,-0.219088],[-0.557454,-0.574803,-0.599037],[0.204715,0.6041,-0.770165]]],"btipPosition":[-83.2509,258.228,2.03244],"carpPosition":[-30.1459,302.763,74.4321],"dipPosition":[-79.4554,269.428,-12.2469],"direction":[-0.471414,-0.817995,0.329625],"extended":false,"handId":865,"id":8652,"length":66.1101,"mcpPosition":[-40.063,318.728,8.2127],"pipPosition":[-66.2294,292.378,-21.4949],"stabilizedTipPosition":[-83.459,247.956,163.865],"timeVisible":1.0484,"tipPosition":[-82.2697,260.626,-0.378242],"tipVelocity":[11.1551,-5.70083,-200.359],"tool":false,"touchDistance":0.333333,"touchZone":"none","type":2,"width":18.7431},{"bases":[[[0.766538,-0.631966,-0.114186],[0.642106,0.757239,0.119534],[0.0109247,-0.164947,0.986242]],[[0.764822,-0.622107,-0.167424],[0.415308,0.674771,-0.610084],[0.492511,0.397073,0.774446]],[[0.764822,-0.622107,-0.167424],[-0.211079,0.0035571,-0.977462],[0.608682,0.782924,-0.128593]],[[0.764822,-0.622107,-0.167424],[-0.523744,-0.449076,-0.723894],[0.375153,0.641337,-0.669288]]],"btipPosition":[-66.0313,256.568,-8.51895],"carpPosition":[-20.0935,297.099,70.7196],"dipPosition":[-59.1157,268.39,-20.8567],"direction":[-0.608682,-0.782924,0.128593],"extended":false,"handId":865,"id":8653,"length":63.5667,"mcpPosition":[-20.7687,307.293,9.76778],"pipPosition":[-42.4795,289.789,-24.3713],"stabilizedTipPosition":[-71.2897,241.521,166.744],"timeVisible":1.0484,"tipPosition":[-64.5783,258.905,-10.6821],"tipVelocity":[16.0983,3.63992,-192.981],"tool":false,"touchDistance":0.333333,"touchZone":"none","type":3,"width":17.8352},{"bases":[[[0.645948,-0.763182,-0.0174422],[0.75194,0.63216,0.186978],[-0.131672,-0.133894,0.982209]],[[0.652344,-0.754421,-0.072782],[0.573333,0.553994,-0.603639],[0.495718,0.352052,0.793929]],[[0.652344,-0.754421,-0.072782],[-0.130445,-0.0171598,-0.991307],[0.746614,0.656167,-0.109605]],[[0.652344,-0.754421,-0.072782],[-0.529203,-0.384636,-0.756306],[0.542579,0.531888,-0.650157]]],"btipPosition":[-46.532,258.797,-2.3313],"carpPosition":[-13.1364,285.127,68.3859],"dipPosition":[-37.3047,267.843,-13.388],"direction":[-0.746614,-0.656167,0.109605],"extended":false,"handId":865,"id":8654,"length":49.8351,"mcpPosition":[-5.60348,292.787,12.1941],"pipPosition":[-22.8972,280.505,-15.5031],"stabilizedTipPosition":[-51.4626,254.18,157.308],"timeVisible":1.0484,"tipPosition":[-44.6387,260.633,-4.24193],"tipVelocity":[13.2274,4.5331,-183.775],"tool":false,"touchDistance":0.333333,"touchZone":"none","type":4,"width":15.8426}],"r":[[0.897205,-