{"sensorType":"Leap","data":[[0,{"currentFrameRate":107.942,"devices":[],"gestures":[],"hands":[{"armBasis":[[0.763937,-0.183005,-0.618797],[0.439681,0.849509,0.291573],[0.472314,-0.494817,0.729435]],"armWidth":62.8676,"confidence":0.85118,"direction":[-0.0388412,0.337981,-0.940351],"elbow":[105.198,147.779,283.321],"grabStrength":0,"id":856,"palmNormal":[-0.439524,-0.850916,-0.287682],"palmPosition":[-31.313,296.997,39.0475],"palmVelocity":[-8.77474,30.9241,-121.293],"palmWidth":89.7729,"pinchStrength":1,"r":[[0.925297,-0.176913,0.335451],[0.244226,0.954668,-0.170185],[-0.290137,0.239398,0.926558]],"s":0.838616,"sphereCenter":[-52.1872,273.949,6.97944],"sphereRadius":44.3248,"stabilizedPalmPosition":[-33.1391,296.171,156.749],"t":[59.8805,77.4741,-202.044],"timeVisible":0.885883,"type":"right","wrist":[-20.6212,279.593,89.0076]}],"id":4436098,"interactionBox":{"center":[0,200,0],"size":[235.247,235.247,147.751]},"pointables":[{"bases":[[[0.746651,0.665216,0.000741163],[-0.510495,0.572274,0.641793],[0.426506,-0.479573,0.766878]],[[0.54442,0.792831,-0.273909],[-0.755858,0.605277,0.249637],[0.36371,0.0711292,0.928792]],[[0.54442,0.792831,-0.273909],[-0.836203,0.538715,-0.10272],[0.0661193,0.284966,0.956254]],[[0.54442,0.792831,-0.273909],[-0.815667,0.424198,-0.393374],[-0.195688,0.437579,0.877628]]],"btipPosition":[-66.0325,257.502,-3.95093],"carpPosition":[-50.4141,280.695,94.2248],"dipPosition":[-70.551,267.606,16.314],"direction":[-0.0661193,-0.284966,-0.956254],"extended":false,"handId":856,"id":8560,"length":51.4192,"mcpPosition":[-50.4141,280.695,94.2248],"pipPosition":[-68.3268,277.192,48.4819],"stabilizedTipPosition":[-76.8057,247.885,123.62],"timeVisible":0.885883,"tipPosition":[-67.265,259.014,0.76881],"tipVelocity":[-8.91504,70.5902,-142.121],"tool":false,"touchDistance":-0.486111,"touchZone":"touching","type":0,"width":19.9791},{"bases":[[[0.878129,-0.339677,-0.33691],[0.406631,0.900942,0.15151],[0.252072,-0.270043,0.929267]],[[0.906603,-0.377457,-0.188671],[0.414096,0.881827,0.225621],[0.0812125,-0.282677,0.955771]],[[0.906603,-0.377457,-0.188671],[0.402294,0.908082,0.116387],[0.127397,-0.181418,0.975119]],[[0.906603,-0.377457,-0.188671],[0.388741,0.920996,0.0254259],[0.164168,-0.0963953,0.981711]]],"btipPosition":[-62.7486,335.014,-59.3647],"carpPosition":[-35.204,297.479,88.402],"dipPosition":[-59.9812,333.389,-42.8159],"direction":[-0.127397,0.181418,-0.975119],"extended":true,"handId":856,"id":8561,"length":58.0209,"mcpPosition":[-53.5008,317.081,20.9508],"pipPosition":[-56.9432,329.063,-19.5622],"stabilizedTipPosition":[-79.2966,302.938,70.8259],"timeVisible":0.885883,"tipPosition":[-62.1357,333.262,-55.7853],"tipVelocity":[15.7197,91.1115,-112.652],"tool":false,"touchDistance":-0.474205,"touchZone":"hovering","type":1,"width":19.0841},{"bases":[[[0.821839,-0.521616,-0.229125],[0.55467,0.824398,0.112735],[0.130085,-0.219739,0.966847]],[[0.823768,-0.52498,-0.214015],[0.327367,0.748685,-0.576457],[0.462858,0.404805,0.788603]],[[0.823768,-0.52498,-0.214015],[-0.407119,-0.285079,-0.867746],[0.394538,0.801951,-0.448569]],[[0.823768,-0.52498,-0.214015],[-0.564709,-0.793198,-0.227906],[-0.0501098,0.308598,-0.949872]]],"btipPosition":[-65.2203,262.721,10.2085],"carpPosition":[-24.1143,295.067,84.0675],"dipPosition":[-66.1494,268.443,-7.40269],"direction":[-0.394538,-0.801951,0.448569],"extended":false,"handId":856,"id":8562,"length":66.1101,"mcpPosition":[-33.0687,310.193,17.5148],"pipPosition":[-55.0802,290.942,-19.9877],"stabilizedTipPosition":[-61.1283,246.871,152.725],"timeVisible":0.885883,"tipPosition":[-65.2534,263.611,7.8072],"tipVelocity":[-6.463,55.9886,-197.283],"tool":false,"touchDistance":0.333333,"touchZone":"none","type":2,"width":18.7431},{"bases":[[[0.787857,-0.60892,-0.0921899],[0.615834,0.777599,0.126841],[-0.00554902,-0.156706,0.98763]],[[0.787779,-0.610249,-0.0836661],[0.449518,0.662447,-0.599247],[0.421114,0.434465,0.79618]],[[0.787779,-0.610249,-0.0836661],[-0.349361,-0.330805,-0.87665],[0.507297,0.719836,-0.473799]],[[0.787779,-0.610249,-0.0836661],[-0.61179,-0.759425,-0.221328],[0.0715268,0.225544,-0.971604]]],"btipPosition":[-47.2187,256.387,15.347],"carpPosition":[-13.8144,289.686,80.6215],"dipPosition":[-45.9002,260.545,-2.56366],"direction":[-0.507297,-0.719836,0.473799],"extended":false,"handId":856,"id":8563,"length":63.5667,"mcpPosition":[-13.4715,299.371,19.5839],"pipPosition":[-32.035,280.219,-15.5133],"stabilizedTipPosition":[-42.782,248.423,148.565],"timeVisible":0.885883,"tipPosition":[-46.9724,257.059,12.6937],"tipVelocity":[-0.0397267,48.115,-180.245],"tool":false,"touchDistance":0.333333,"touchZone":"none","type":3,"width":17.8352},{"bases":[[[0.669263,-0.743019,0.00305514],[0.727952,0.656504,0.197711],[-0.148909,-0.130097,0.980256]],[[0.600575,-0.749669,0.278039],[0.740843,0.390931,-0.546191],[0.300769,0.534012,0.790171]],[[0.600575,-0.749669,0.278039],[-0.189424,-0.471238,-0.861425],[0.776807,0.464683,-0.425019]],[[0.600575,-0.749669,0.278039],[-0.704416,-0.660606,-0.259611],[0.378297,-0.0399387,-0.924822]]],"btipPosition":[-29.8416,258.441,18.8247],"carpPosition":[-6.44436,277.916,78.5413],"dipPosition":[-23.4082,257.762,3.09694],"direction":[-0.776807,-0.464683,0.425019],"extended":false,"handId":856,"id":8564,"length":49.8351,"mcpPosition":[2.07464,285.359,22.4613],"pipPosition":[-8.41805,266.729,-5.10471],"stabilizedTipPosition":[-24.2803,256.019,144.647],"timeVisible":0.885883,"tipPosition":[-28.7468,258.244,16.7426],"tipVelocity":[23.6847,35.2971,-199.918],"tool":false,"touchDistance":0.333333,"touchZone":"none","type":4,"width":15.8426}],"r":[[0.925297,-0.176913,0.335451],[0.244226,0.954668,-0.170185],[-0.290137,0.239398,0.926558]],"s":0.838616,"t":[59.8805,77.4741,-202.044],"timestamp":607055300105},false],[1,{"currentFrameRate":108.13,"devices":[],"gestures":[],"hands":[{"armBasis":[[0.766722,-0.180159,-0.616182],[0.436556,0.850051,0.294674],[0.470698,-0.494931,0.730402]],"armWidth":62.8676,"confidence":0.852196,"direction":[-0.0354222,0.341985,-0.939038],"elbow":[104.476,148.189,282.259],"grabStrength":0,"id":856,"palmNormal":[-0.436504,-0.850554,-0.293295],"palmPosition":[-31.4215,297.633,37.7582],"palmVelocity":[-9.70206,41.9199,-127.668],"palmWidth":89.7729,"pinchStrength":1,"r":[[0.924371,-0.177991,0.337427],[0.245001,0.954955,-0.16744],[-0.292425,0.237446,0.92634]],"s":0.838271,"sphereCenter":[-51.9518,274.648,5.42225],"sphereRadius":44.3717,"stabilizedPalmPosition":[-33.1391,296.171,156.748],"t":[59.7967,77.9966,-203.277],"timeVisible":0.894792,"type":"right","wrist":[-20.9126,280.033,87.6888]}],"id":4436099,"interactionBox":{"center":[0,200,0],"size":[235.247,235.247,147.751]},"pointables":[{"bases":[[[0.745266,0.666731,0.00690123],[-0.514479,0.568434,0.642024],[0.424134,-0.482029,0.766654]],[[0.545106,0.794764,-0.266853],[-0.756498,0.603483,0.25203],[0.361345,0.0644908,0.930199]],[[0.545106,0.794764,-0.266853],[-0.836141,0.538564,-0.104004],[0.0610589,0.279819,0.958109]],[[0.545106,0.794764,-0.266853],[-0.814176,0.425931,-0.394588],[-0.199944,0.432357,0.879255]]],"btipPosition":[-65.9636,258.48,-5.56495],"carpPosition":[-50.7303,281.052,92.7801],"dipPosition":[-70.5805,268.463,14.7375],"direction":[-0.0610589,-0.279819,-0.958109],"extended":false,"handId":856,"id":8560,"length":51.4192,"mcpPosition":[-50.7303,281.052,92.7801],"pipPosition":[-68.5265,277.876,46.9679],"stabilizedTipPosition":[-76.8005,247.892,123.553],"timeVisible":0.894792,"tipPosition":[-67.1686,259.941,-0.843809],"tipVelocity":[-5.07615,80.3898,-152.486],"tool":false,"touchDistance":-0.489914,"touchZone":"touching","type":0,"width":19.9791},{"bases":[[[0.880295,-0.336413,-0.334526],[0.404104,0.901104,0.157198],[0.248559,-0.273564,0.929183]],[[0.908052,-0.37449,-0.187613],[0.411695,0.880463,0.235141],[0.0771279,-0.29076,0.953682]],[[0.908052,-0.37449,-0.187613],[0.400214,0.907876,0.124858],[0.123571,-0.188463,0.974275]],[[0.908052,-0.37449,-0.187613],[0.386839,0.921564,0.0327963],[0.160615,-0.102357,0.981695]]],"btipPosition":[-62.4948,336.293,-60.5549],"carpPosition":[-35.5295,297.892,87.0969],"dipPosition":[-59.7873,334.568,-44.0064],"direction":[-0.123571,0.188463,-0.974275],"extended":true,"handId":856,"id":8561,"length":58.0209,"mcpPosition":[-53.5712,317.749,19.6517],"pipPosition":[-56.8405,330.074,-20.7727],"stabilizedTipPosition":[-79.2622,303.002,70.5744],"timeVisible":0.894792,"tipPosition":[-61.8944,334.525,-56.9865],"tipVelocity":[18.7741,104.7,-118.354],"tool":false,"touchDistance":-0.472971,"touchZone":"hovering","type":1,"width":19.0841},{"bases":[[[0.823908,-0.518934,-0.227778],[0.552469,0.825032,0.118742],[0.126305,-0.223672,0.966446]],[[0.825853,-0.522503,-0.212032],[0.330742,0.753394,-0.568337],[0.456701,0.399235,0.795006]],[[0.825853,-0.522503,-0.212032],[-0.400429,-0.278673,-0.872925],[0.397018,0.805812,-0.439368]],[[0.825853,-0.522503,-0.212032],[-0.562145,-0.792404,-0.236832],[-0.0442696,0.314782,-0.948131]]],"btipPosition":[-65.1468,263.488,8.37433],"carpPosition":[-24.416,295.522,82.8006],"dipPosition":[-65.9676,269.324,-9.20462],"direction":[-0.397018,-0.805812,0.439368],"extended":false,"handId":856,"id":8562,"length":66.1101,"mcpPosition":[-33.1101,310.918,16.2755],"pipPosition":[-54.8289,291.932,-21.5315],"stabilizedTipPosition":[-61.1284,246.872,152.72],"timeVisible":0.894792,"tipPosition":[-65.1708,264.402,5.94136],"tipVelocity":[-1.69829,64.9929,-199.396],"tool":false,"touchDistance":0.333333,"touchZone":"none","type":2,"width":18.7431},{"bases":[[[0.789507,-0.606901,-0.0913737],[0.613667,0.778298,0.132912],[-0.00954849,-0.161008,0.986907]],[[0.789397,-0.608251,-0.08296],[0.451987,0.667329,-0.591928],[0.415403,0.42977,0.80171]],[[0.789397,-0.608251,-0.08296],[-0.343341,-0.325428,-0.88103],[0.50889,0.723966,-0.46573]],[[0.789397,-0.608251,-0.08296],[-0.609108,-0.75925,-0.229189],[0.0764172,0.231453,-0.96984]]],"btipPosition":[-47.1291,257.128,13.6498],"carpPosition":[-14.09,290.177,79.3765],"dipPosition":[-45.7204,261.395,-4.22827],"direction":[-0.50889,-0.723966,0.46573],"extended":false,"handId":856,"id":8563,"length":63.5667,"mcpPosition":[-13.4999,300.127,18.3836],"pipPosition":[-31.8117,281.182,-16.9573],"stabilizedTipPosition":[-42.782,248.423,148.563],"timeVisible":0.894792,"tipPosition":[-46.8688,257.822,10.9724],"tipVelocity":[3.34492,58.4427,-182.807],"tool":false,"touchDistance":0.333333,"touchZone":"none","type":3,"width":17.8352},{"bases":[[[0.670775,-0.741656,0.00276769],[0.725723,0.657125,0.203747],[-0.152929,-0.13466,0.97902]],[[0.599838,-0.749389,0.280378],[0.745963,0.397046,-0.53469],[0.289368,0.529879,0.797179]],[[0.599838,-0.749389,0.280378],[-0.177671,-0.466421,-0.866536],[0.780146,0.469966,-0.412921]],[[0.599838,-0.749389,0.280378],[-0.700192,-0.661216,-0.269304],[0.387204,-0.0347794,-0.921338]]],"btipPosition":[-29.6721,259.172,17.0945],"carpPosition":[-6.68666,278.431,77.2777],"dipPosition":[-23.0872,258.58,1.42604],"direction":[-0.780146,-0.469966,0.412921],"extended":false,"handId":856,"id":8564,"length":49.8351,"mcpPosition":[2.06234,286.135,21.2684],"pipPosition":[-8.03262,267.649,-6.54217],"stabilizedTipPosition":[-24.2803,256.019,144.647],"timeVisible":0.894792,"tipPosition":[-28.5583,258.989,14.9996],"tipVelocity":[23.4814,48.6217,-197.946],"tool":false,"touchDistance":0.333333,"touchZone":"none","type":4,"width":15.8426}],"r":[[0.924371,-0.177991,0.337427],[0.245001,0.954955,-0.16744],[-0.292425,0.237446,0.92634]],"s":0.838271,"t":[59.7967,77.9966,-203.277],"timestamp":607055309014},false],[2,{"currentFrameRate":108.24,"devices":[],"gestures":[],"hands":[{"armBasis":[[0.768513,-0.181858,-0.613446],[0.436636,0.849876,0.29506],[0.467694,-0.49461,0.732546]],"armWidth":62.8676,"confidence":0.854425,"direction":[-0.0323064,0.340986,-0.939513],"elbow":[103.425,148.954,280.975],"grabStrength":0,"id":856,"palmNormal":[-0.436587,-0.850396,-0.29363],"palmPosition":[-31.5064,298.268,35.8532],"palmVelocity":[-9.61776,49.7379,-150.565],"palmWidth":89.7729,"pinchStrength":1,"r":[[0.923389,-0.178985,0.339583],[0.245923,0.955089,-0.165309],[-0.294744,0.236156,0.925936]],"s":0.838336,"sphereCenter":[-51.9866,275.421,3.46595],"sphereRadius":44.3916,"stabilizedPalmPosition":[-33.1391,296.171,156.746],"t":[59.7123,78.5756,-204.845],"timeVisible":0.903831,"type":"right","wrist":[-21.1626,280.712,85.8336]}],"id":4436100,"interactionBox":{"center":[0,200,0],"size":[235.247,235.247,147.751]},"pointables":[{"bases":[[[0.745979,0.665917,0.00834078],[-0.51572,0.569709,0.639894],[0.421364,-0.481649,0.768418]],[[0.547333,0.793682,-0.265509],[-0.755364,0.605078,0.251608],[0.36035,0.0628424,0.930698]],[[0.547333,0.793682,-0.265509],[-0.834959,0.539522,-0.108441],[0.0571797,0.281043,0.95799]],[[0.547333,0.793682,-0.265509],[-0.812349,0.427523,-0.396628],[-0.201286,0.432774,0.878744]]],"btipPosition":[-66.0167,259.227,-7.51703],"carpPosition":[-50.9938,281.769,90.8367],"dipPosition":[-70.6645,269.22,12.7736],"direction":[-0.0571797,-0.281043,-0.95799],"extended":false,"handId":856,"id":8560,"length":51.4192,"mcpPosition":[-50.9938,281.769,90.8367],"pipPosition":[-68.741,278.674,45],"stabilizedTipPosition":[-76.7941,247.901,123.471],"timeVisible":0.903831,"tipPosition":[-67.2029,260.693,-2.80475],"tipVelocity":[-5.51337,81.1024,-170.062],"tool":false,"touchDistance":-0.498578,"touchZone":"touching","type":0,"width":19.9791},{"bases":[[[0.880894,-0.337752,-0.331586],[0.404639,0.900831,0.157384],[0.245546,-0.272811,0.930205]],[[0.908039,-0.375411,-0.185829],[0.412421,0.878877,0.239761],[0.0733121,-0.294352,0.952881]],[[0.908039,-0.375411,-0.185829],[0.401221,0.906948,0.128323],[0.120363,-0.191081,0.974167]],[[0.908039,-0.375411,-0.185829],[0.387957,0.921008,0.0351082],[0.15797,-0.103973,0.981955]]],"btipPosition":[-62.2218,337.175,-62.5143],"carpPosition":[-35.7579,298.587,85.1794],"dipPosition":[-59.5589,335.422,-45.9615],"direction":[-0.120363,0.191081,-0.974167],"extended":true,"handId":856,"id":8561,"length":58.0209,"mcpPosition":[-53.5811,318.389,17.66],"pipPosition":[-56.6886,330.866,-22.7304],"stabilizedTipPosition":[-79.2213,303.081,70.2748],"timeVisible":0.903831,"tipPosition":[-61.641,335.401,-58.9491],"tipVelocity":[21.6116,102.536,-145.449],"tool":false,"touchDistance":-0.483384,"touchZone":"hovering","type":1,"width":19.0841},{"bases":[[[0.823995,-0.520093,-0.224803],[0.553032,0.824554,0.119444],[0.12324,-0.222744,0.967056]],[[0.825942,-0.523748,-0.208585],[0.335026,0.753576,-0.56558],[0.453406,0.397254,0.79788]],[[0.825942,-0.523748,-0.208585],[-0.396839,-0.277341,-0.874986],[0.400423,0.805462,-0.436912]],[[0.825942,-0.523748,-0.208585],[-0.562312,-0.791819,-0.238385],[-0.0403085,0.314182,-0.948507]]],"btipPosition":[-65.1667,264.217,6.25131],"carpPosition":[-24.6346,296.199,80.9181],"dipPosition":[-65.914,270.042,-11.3346],"direction":[-0.400423,-0.805462,0.436912],"extended":false,"handId":856,"id":8562,"length":66.1101,"mcpPosition":[-33.1178,311.532,14.3511],"pipPosition":[-54.6798,292.64,-23.5926],"stabilizedTipPosition":[-61.1286,246.872,152.714],"timeVisible":0.903831,"tipPosition":[-65.1956,265.124,3.77427],"tipVelocity":[-1.32091,69.2169,-209.222],"tool":false,"touchDistance":0.333333,"touchZone":"none","type":2,"width":18.7431},{"bases":[[[0.789099,-0.607871,-0.0884024],[0.614136,0.777767,0.133844],[-0.0126036,-0.159908,0.987052]],[[0.788963,-0.609211,-0.0799964],[0.454428,0.666165,-0.591371],[0.41356,0.430218,0.802422]],[[0.788963,-0.609211,-0.0799964],[-0.341153,-0.326042,-0.881652],[0.51103,0.722882,-0.465069]],[[0.788963,-0.609211,-0.0799964],[-0.609278,-0.758834,-0.230112],[0.0794827,0.23029,-0.969871]]],"btipPosition":[-47.1886,257.754,11.7456],"carpPosition":[-14.3046,290.839,77.5301],"dipPosition":[-45.7234,261.999,-6.13309],"direction":[-0.51103,-0.722882,0.465069],"extended":false,"handId":856,"id":8563,"length":63.5667,"mcpPosition":[-13.5257,300.721,16.5282],"pipPosition":[-31.7562,281.757,-18.8441],"stabilizedTipPosition":[-42.7821,248.423,148.56],"timeVisible":0.903831,"tipPosition":[-46.9194,258.446,9.06155],"tipVelocity":[1.00341,61.257,-190.49],"tool":false,"touchDistance":0.333333,"touchZone":"none","type":3,"width":17.8352},{"bases":[[[0.669944,-0.742391,0.00554065],[0.725852,0.656549,0.20514],[-0.155931,-0.13341,0.978717]],[[0.597822,-0.749649,0.283963],[0.749126,0.396352,-0.530769],[0.285341,0.530029,0.79853]],[[0.597822,-0.749649,0.283963],[-0.173227,-0.466671,-0.867301],[0.782689,0.469301,-0.408845]],[[0.597822,-0.749649,0.283963],[-0.699482,-0.660855,-0.272021],[0.391578,-0.0360069,-0.91944]]],"btipPosition":[-29.7048,259.78,15.1419],"carpPosition":[-6.90815,279.083,75.4658],"dipPosition":[-23.0455,259.168,-0.494326],"direction":[-0.782689,-0.469301,0.408845],"extended":false,"handId":856,"id":8564,"length":49.8351,"mcpPosition":[2.01262,286.715,19.4738],"pipPosition":[-7.94186,268.224,-8.38389],"stabilizedTipPosition":[-24.2803,256.019,144.646],"timeVisible":0.903831,"tipPosition":[-28.5727,259.598,13.0139],"tipVelocity":[16.5349,53.6343,-202.702],"tool":false,"touchDistance":0.333333,"touchZone":"none","type":4,"width":15.8426}],"r":[[0.923389,-0.178985,0.339583],[0.245923,0.955089,-0.165309],[-0.294744,0.236156,0.925936]],"s":0.838336,"t":[59.7123,78.5756,-204.845],"timestamp":607055318053},false],[3,{"currentFrameRate":108.349,"devices":[],"gestures":[],"hands":[{"armBasis":[[0.772212,-0.183011,-0.608437],[0.434245,0.851073,0.295139],[0.46381,-0.49212,0.73668]],"armWidth":62.8676,"confidence":0.855009,"direction":[-0.0289987,0.345581,-0.937941],"elbow":[102.291,149.812,279.983],"grabStrength":0,"id":856,"palmNormal":[-0.434386,-0.849458,-0.29955],"palmPosition":[-31.4298,298.697,33.8062],"palmVelocity":[-4.63302,49.1153,-171.512],"palmWidth":89.7729,"pinchStrength":1,"r":[[0.922372,-0.179897,0.341859],[0.246556,0.955414,-0.162464],[-0.29739,0.23414,0.925601]],"s":0.838744,"sphereCenter":[-51.8596,276.226,1.24022],"sphereRadius":44.3955,"stabilizedPalmPosition":[-33.139,296.171,156.744],"t":[59.7084,79.0795,-206.653],"timeVisible":0.912864,"type":"right","wrist":[-21.2628,280.907,83.74]}],"id":4436101,"interactionBox":{"center":[0,200,0],"size":[235.247,235.247,147.751]},"pointables":[{"bases":[[[0.74513,0.66676,0.0145842],[-0.518943,0.565926,0.640644],[0.418902,-0.484932,0.767699]],[[0.54784,0.795497,-0.25895],[-0.755877,0.603323,0.254265],[0.358498,0.0564376,0.931823]],[[0.54784,0.795497,-0.25895],[-0.834984,0.539066,-0.110496],[0.0516922,0.276753,0.95955]],[[0.54784,0.795497,-0.25895],[-0.811099,0.429249,-0.397322],[-0.204914,0.427703,0.880386]]],"btipPosition":[-65.7781,259.939,-9.86962],"carpPosition":[-51.1148,281.904,88.6299],"dipPosition":[-70.5097,269.814,10.459],"direction":[-0.0516922,-0.276753,-0.95955],"extended":false,"handId":856,"id":8560,"length":51.4192,"mcpPosition":[-51.1148,281.904,88.6299],"pipPosition":[-68.7708,279.124,42.7378],"stabilizedTipPosition":[-76.7873,247.91,123.383],"timeVisible":0.912864,"tipPosition":[-66.9542,261.381,-5.1634],"tipVelocity":[2.69313,79.6282,-194.691],"tool":false,"touchDistance":-0.512211,"touchZone":"touching","type":0,"width":19.9791},{"bases":[[[0.882611,-0.335057,-0.32975],[0.402917,0.900527,0.163429],[0.242191,-0.277106,0.929815]],[[0.909066,-0.373068,-0.185527],[0.410851,0.876687,0.250244],[0.0692916,-0.303712,0.950241]],[[0.909066,-0.373068,-0.185527],[0.399993,0.90608,0.137934],[0.116644,-0.1996,0.97291]],[[0.909066,-0.373068,-0.185527],[0.386922,0.921074,0.0437378],[0.154567,-0.111545,0.981665]]],"btipPosition":[-61.7809,338.395,-64.4026],"carpPosition":[-35.8771,298.767,83.1161],"dipPosition":[-59.1754,336.514,-47.8546],"direction":[-0.116644,0.1996,-0.97291],"extended":true,"handId":856,"id":8561,"length":58.0209,"mcpPosition":[-53.4566,318.881,15.625],"pipPosition":[-56.3938,331.754,-24.6535],"stabilizedTipPosition":[-79.1739,303.172,69.9306],"timeVisible":0.912864,"tipPosition":[-61.2162,336.589,-60.852],"tipVelocity":[28.6999,110.586,-162.998],"tool":false,"touchDistance":-0.49172,"touchZone":"hovering","type":1,"width":19.0841},{"bases":[[[0.825511,-0.517991,-0.224094],[0.551552,0.824615,0.125702],[0.119678,-0.227367,0.966427]],[[0.827437,-0.521804,-0.20753],[0.337514,0.757471,-0.558858],[0.448812,0.392375,0.802876]],[[0.827437,-0.521804,-0.20753],[-0.392746,-0.273588,-0.878009],[0.401371,0.808004,-0.431314]],[[0.827437,-0.521804,-0.20753],[-0.560289,-0.791956,-0.242654],[-0.0377372,0.317058,-0.947655]]],"btipPosition":[-64.8768,264.857,3.85328],"carpPosition":[-24.734,296.414,78.8873],"dipPosition":[-65.5765,270.735,-13.7168],"direction":[-0.401371,-0.808004,0.431314],"extended":false,"handId":856,"id":8562,"length":66.1101,"mcpPosition":[-32.9721,312.064,12.3635],"pipPosition":[-54.3156,293.405,-25.8178],"stabilizedTipPosition":[-61.1288,246.873,152.708],"timeVisible":0.912864,"tipPosition":[-64.9263,265.755,1.31801],"tipVelocity":[8.2158,70.0509,-224.605],"tool":false,"touchDistance":0.333333,"touchZone":"none","type":2,"width":18.7431},{"bases":[[[0.790182,-0.606483,-0.0882674],[0.612655,0.777831,0.140114],[-0.0163195,-0.164793,0.986193]],[[0.790015,-0.607858,-0.0799057],[0.455774,0.669466,-0.586588],[0.410057,0.426995,0.805934]],[[0.790015,-0.607858,-0.0799057],[-0.337496,-0.322375,-0.884404],[0.511832,0.72566,-0.459831]],[[0.790015,-0.607858,-0.0799057],[-0.607464,-0.75848,-0.235999],[0.0828472,0.234983,-0.968462]]],"btipPosition":[-46.9681,258.279,9.45844],"carpPosition":[-14.3843,291.083,75.5138],"dipPosition":[-45.4409,262.611,-8.39427],"direction":[-0.511832,-0.72566,0.459831],"extended":false,"handId":856,"id":8563,"length":63.5667,"mcpPosition":[-13.3757,301.267,14.565],"pipPosition":[-31.4518,282.444,-20.9621],"stabilizedTipPosition":[-42.7822,248.423,148.557],"timeVisible":0.912864,"tipPosition":[-46.6877,258.992,6.7407],"tipVelocity":[7.88595,61.0111,-207.58],"tool":false,"touchDistance":0.333333,"touchZone":"none","type":3,"width":17.8352},{"bases":[[[0.670819,-0.741607,0.00453764],[0.724234,0.656397,0.211253],[-0.159645,-0.138426,0.977421]],[[0.59794,-0.750403,0.281714],[0.750049,0.399889,-0.526798],[0.282656,0.526293,0.801948]],[[0.59794,-0.750403,0.281714],[-0.170334,-0.462399,-0.870157],[0.783233,0.472316,-0.404306]],[[0.59794,-0.750403,0.281714],[-0.697793,-0.660276,-0.277707],[0.394401,-0.0305262,-0.918431]]],"btipPosition":[-29.5144,260.309,12.9472],"carpPosition":[-6.96537,279.346,73.4209],"dipPosition":[-22.8071,259.79,-2.67185],"direction":[-0.783233,-0.472316,0.404306],"extended":false,"handId":856,"id":8564,"length":49.8351,"mcpPosition":[2.16786,287.265,17.5031],"pipPosition":[-7.69294,268.905,-10.4738],"stabilizedTipPosition":[-24.2803,256.019,144.645],"timeVisible":0.912864,"tipPosition":[-28.359,260.143,10.7708],"tipVelocity":[18.1234,55.6425,-213.671],"tool":false,"touchDistance":0.333333,"touchZone":"none","type":4,"width":15.8426}],"r":[[0.922372,-0.179897,0.341859],[0.246556,0.955414,-0.162464],[-0.29739,0.23414,0.925601]],"s":0.838744,"t":[59.7084,79.0795,-206.653],"timestamp":607055327086},false],[4,{"currentFrameRate":108.364,"devices":[],"gestures":[],"hands":[{"armBasis":[[0.773089,-0.184943,-0.606736],[0.434531,0.851253,0.294194],[0.462077,-0.491084,0.738458]],"armWidth":62.8676,"confidence":0.824609,"direction":[-0.0265291,0.345012,-0.938223],"elbow":[101.723,150.5,279.273],"grabStrength":0,"id":856,"palmNormal":[-0.434703,-0.849149,-0.299965],"palmPosition":[-31.4054,299.089,32.5891],"palmVelocity":[-2.59306,47.2909,-160.532],"palmWidth":89.7729,"pinchStrength":1,"r":[[0.921359,-0.1808,0.344106],[0.247348,0.955591,-0.1602],[-0.299861,0.232715,0.925163]],"s":0.839354,"sphereCenter":[-51.9305,276.846,0.0295821],"sphereRadius":44.3894,"stabilizedPalmPosition":[-33.139,296.172,156.742],"t":[59.7187,79.5274,-208.165],"timeVisible":0.922066,"type":"right","wrist":[-21.3691,281.319,82.5566]}],"id":4436102,"interactionBox":{"center":[0,200,0],"size":[235.247,235.247,147.751]},"pointables":[{"bases":[[[0.745864,0.66591,0.0158038],[-0.519704,0.566935,0.639135],[0.416647,-0.484921,0.768932]],[[0.549753,0.794558,-0.257777],[-0.754641,0.604731,0.254592],[0.358174,0.0545661,0.932059]],[[0.549753,0.794558,-0.257777],[-0.83392,0.539945,-0.114177],[0.0484652,0.277734,0.959435]],[[0.549753,0.794558,-0.257777],[-0.80942,0.430444,-0.399447],[-0.206425,0.428247,0.879769]]],"btipPosition":[-65.7346,260.435,-11.1131],"carpPosition":[-51.2307,282.354,87.3799],"dipPosition":[-70.5011,270.323,9.20121],"direction":[-0.0484652,-0.277734,-0.959435],"extended":false,"handId":856,"id":8560,"length":51.4192,"mcpPosition":[-51.2307,282.354,87.3799],"pipPosition":[-68.8708,279.666,41.4761],"stabilizedTipPosition":[-76.7802,247.921,123.29],"timeVisible":0.922066,"tipPosition":[-66.9017,261.886,-6.4197],"tipVelocity":[3.01807,72.5311,-178.127],"tool":false,"touchDistance":-0.508025,"touchZone":"touching","type":0,"width":19.9791},{"bases":[[[0.88295,-0.336285,-0.327585],[0.403593,0.900167,0.163742],[0.239817,-0.276788,0.930525]],[[0.9089,-0.37393,-0.184597],[0.411675,0.875168,0.254176],[0.0665095,-0.307015,0.949378]],[[0.9089,-0.37393,-0.184597],[0.400993,0.905208,0.140728],[0.114477,-0.20193,0.972687]],[[0.9089,-0.37393,-0.184597],[0.387951,0.920561,0.0454146],[0.152951,-0.112892,0.981764]]],"btipPosition":[-61.4961,339.018,-65.641],"carpPosition":[-35.9614,299.196,81.8889],"dipPosition":[-58.9178,337.115,-49.0914],"direction":[-0.114477,0.20193,-0.972687],"extended":true,"handId":856,"id":8561,"length":58.0209,"mcpPosition":[-53.3687,319.286,14.3463],"pipPosition":[-56.1879,332.3,-25.8956],"stabilizedTipPosition":[-79.1215,303.274,69.5531],"timeVisible":0.922066,"tipPosition":[-60.9358,337.22,-62.0932],"tipVelocity":[29.139,98.4552,-155.036],"tool":false,"touchDistance":-0.489452,"touchZone":"hovering","type":1,"width":19.0841},{"bases":[[[0.825406,-0.519085,-0.221938],[0.552223,0.82406,0.126393],[0.117282,-0.226885,0.966834]],[[0.827322,-0.522954,-0.205079],[0.339478,0.756348,-0.55919],[0.447542,0.39301,0.803274]],[[0.827322,-0.522954,-0.205079],[-0.391906,-0.27581,-0.877689],[0.402429,0.806503,-0.433133]],[[0.827322,-0.522954,-0.205079],[-0.560517,-0.792516,-0.240289],[-0.0368681,0.313747,-0.948791]]],"btipPosition":[-64.775,265.31,2.67741],"carpPosition":[-24.8118,296.827,77.6862],"dipPosition":[-65.4586,271.127,-14.9138],"direction":[-0.402429,-0.806503,0.433133],"extended":false,"handId":856,"id":8562,"length":66.1101,"mcpPosition":[-32.8849,312.444,11.1345],"pipPosition":[-54.168,293.755,-27.0657],"stabilizedTipPosition":[-61.1289,246.874,152.701],"timeVisible":0.922066,"tipPosition":[-64.8459,266.205,0.0342822],"tipVelocity":[9.12627,63.8029,-197.663],"tool":false,"touchDistance":0.333333,"touchZone":"none","type":2,"width":18.7431},{"bases":[[[0.789675,-0.607449,-0.086134],[0.613241,0.777215,0.140969],[-0.018687,-0.164141,0.98626]],[[0.78949,-0.608807,-0.0778403],[0.457567,0.668348,-0.586467],[0.40907,0.427392,0.806224]],[[0.78949,-0.608807,-0.0778403],[-0.336294,-0.322993,-0.884636],[0.513431,0.724589,-0.459738]],[[0.78949,-0.608807,-0.0778403],[-0.607863,-0.758042,-0.236381],[0.0849041,0.233936,-0.968538]]],"btipPosition":[-46.9364,258.669,8.26564],"carpPosition":[-14.4607,291.482,74.3391],"dipPosition":[-45.3712,262.982,-9.58845],"direction":[-0.513431,-0.724589,0.459738],"extended":false,"handId":856,"id":8563,"length":63.5667,"mcpPosition":[-13.3058,301.626,13.3862],"pipPosition":[-31.3384,282.786,-22.1538],"stabilizedTipPosition":[-42.7823,248.424,148.554],"timeVisible":0.922066,"tipPosition":[-46.648,259.388,5.499],"tipVelocity":[6.9096,55.6596,-185.778],"tool":false,"touchDistance":0.333333,"touchZone":"none","type":3,"width":17.8352},{"bases":[[[0.669952,-0.742376,0.00649346],[0.724522,0.655698,0.212432],[-0.161963,-0.137615,0.977154]],[[0.597213,-0.751082,0.281447],[0.74976,0.398098,-0.528562],[0.28495,0.526682,0.80088]],[[0.597213,-0.751082,0.281447],[-0.17245,-0.462927,-0.869459],[0.783325,0.470717,-0.405991]],[[0.597213,-0.751082,0.281447],[-0.698717,-0.659478,-0.277277],[0.393866,-0.0310582,-0.918643]]],"btipPosition":[-29.5399,260.679,11.885],"carpPosition":[-7.05077,279.735,72.2701],"dipPosition":[-22.8418,260.15,-3.73766],"direction":[-0.783325,-0.470717,0.405991],"extended":false,"handId":856,"id":8564,"length":49.8351,"mcpPosition":[2.21504,287.608,16.3676],"pipPosition":[-7.7258,269.234,-11.5721],"stabilizedTipPosition":[-24.2804,256.019,144.644],"timeVisible":0.922066,"tipPosition":[-28.3438,260.515,9.58762],"tipVelocity":[12.2126,51.2355,-186.21],"tool":false,"touchDistance":0.333333,"touchZone":"none","type":4,"width":15.8426}],"r":[[0.921359,-0.1808,0.344106],[0.247348,0.955591,-0.1602],[-0.299861,0.232715,0.925163]],"s":0.839354,"t":[59.7187,79.5274,-208.165],"timestamp":607055336288},false],[5,{"currentFrameRate":108.555,"devices":[],"gestures":[],"hands":[{"armBasis":[[0.774805,-0.185252,-0.604449],[0.433294,0.851833,0.294342],[0.460362,-0.489962,0.740273]],"armWidth":62.8676,"confidence":0.82783,"direction":[-0.0242178,0.345466,-0.938119],"elbow":[101.151,151.281,278.783],"grabStrength":0,"id":856,"palmNormal":[-0.433492,-0.849212,-0.301535],"palmPosition":[-31.3966,299.591,31.5981],"palmVelocity":[-1.62152,49.8184,-147.308],"palmWidth":89.7729,"pinchStrength":1,"r":[[0.920379,-0.181468,0.34637],[0.247968,0.955771,-0.15816],[-0.302349,0.231456,0.924669]],"s":0.840227,"sphereCenter":[-51.965,277.596,-0.982274],"sphereRadius":44.3788,"stabilizedPalmPosition":[-33.139,296.172,156.738],"t":[59.7282,80.0024,-209.417],"timeVisible":0.930933,"type":"right","wrist":[-21.4837,281.801,81.5832]}],"id":4436103,"interactionBox":{"center":[0,200,0],"size":[235.247,235.247,147.751]},"pointables":[{"bases":[[[0.745494,0.666267,0.0181061],[-0.521669,0.566363,0.63804],[0.41485,-0.4851,0.76979]],[[0.550485,0.794807,-0.255436],[-0.754297,0.604643,0.255818],[0.357773,0.0518505,0.932368]],[[0.550485,0.794807,-0.255436],[-0.833659,0.539644,-0.117461],[0.0444853,0.277607,0.959664]],[[0.550485,0.794807,-0.255436],[-0.808643,0.431582,-0.399793],[-0.207517,0.426636,0.880294]]],"btipPosition":[-65.6836,261.075,-12.2001],"carpPosition":[-51.3585,282.819,86.328],"dipPosition":[-70.4753,270.926,8.12639],"direction":[-0.0444853,-0.277607,-0.959664],"extended":false,"handId":856,"id":8560,"length":51.4192,"mcpPosition":[-51.3585,282.819,86.328],"pipPosition":[-68.9788,280.265,40.409],"stabilizedTipPosition":[-76.7728,247.932,123.193],"timeVisible":0.930933,"tipPosition":[-66.8185,262.517,-7.51112],"tipVelocity":[3.58345,72.1818,-162.982],"tool":false,"touchDistance":-0.501819,"touchZone":"touching","type":0,"width":19.9791},{"bases":[[[0.883977,-0.335691,-0.325417],[0.402718,0.900283,0.165256],[0.237492,-0.277133,0.931018]],[[0.909455,-0.373148,-0.183446],[0.410925,0.873961,0.259485],[0.0634988,-0.311373,0.948164]],[[0.909455,-0.373148,-0.183446],[0.400493,0.904723,0.145193],[0.11179,-0.205515,0.972248]],[[0.909455,-0.373148,-0.183446],[0.387575,0.920536,0.0489876],[0.150589,-0.115651,0.981808]]],"btipPosition":[-61.2174,339.835,-66.6188],"carpPosition":[-36.083,299.671,80.8858],"dipPosition":[-58.679,337.886,-50.0684],"direction":[-0.11179,0.205515,-0.972248],"extended":true,"handId":856,"id":8561,"length":58.0209,"mcpPosition":[-53.3215,319.787,13.3074],"pipPosition":[-56.0131,332.985,-26.8831],"stabilizedTipPosition":[-79.0658,303.383,69.1542],"timeVisible":0.930933,"tipPosition":[-60.6734,338.031,-63.0754],"tipVelocity":[29.48,96.4181,-142.893],"tool":false,"touchDistance":-0.483504,"touchZone":"hovering","type":1,"width":19.0841},{"bases":[[[0.826244,-0.518571,-0.220013],[0.551484,0.824266,0.128261],[0.114837,-0.227308,0.967028]],[[0.828135,-0.522489,-0.202971],[0.340577,0.756629,-0.558139],[0.445195,0.393088,0.804539]],[[0.828135,-0.522489,-0.202971],[-0.389656,-0.276314,-0.878532],[0.402939,0.806633,-0.432416]],[[0.828135,-0.522489,-0.202971],[-0.559436,-0.793024,-0.241133],[-0.0349718,0.31324,-0.94903]]],"btipPosition":[-64.6539,265.824,1.61342],"carpPosition":[-24.9211,297.31,76.7114],"dipPosition":[-65.3023,271.632,-15.9822],"direction":[-0.402939,-0.806633,0.432416],"extended":false,"handId":856,"id":8562,"length":66.1101,"mcpPosition":[-32.8259,312.956,10.1463],"pipPosition":[-53.9975,294.263,-28.1141],"stabilizedTipPosition":[-61.1291,246.875,152.693],"timeVisible":0.930933,"tipPosition":[-64.7282,266.725,-1.0817],"tipVelocity":[10.6012,62.1552,-176.636],"tool":false,"touchDistance":0.333333,"touchZone":"none","type":2,"width":18.7431},{"bases":[[[0.790197,-0.60702,-0.0843475],[0.612485,0.777444,0.142976],[-0.0212137,-0.164641,0.986125]],[[0.789995,-0.60836,-0.0761941],[0.457795,0.667961,-0.58673],[0.407838,0.428632,0.80619]],[[0.789995,-0.60836,-0.0761941],[-0.335175,-0.324464,-0.884523],[0.513386,0.724307,-0.460232]],[[0.789995,-0.60836,-0.0761941],[-0.607034,-0.758641,-0.236587],[0.0861261,0.233155,-0.968618]]],"btipPosition":[-46.8451,259.157,7.34034],"carpPosition":[-14.5586,291.971,73.389],"dipPosition":[-45.2575,263.455,-10.5152],"direction":[-0.513386,-0.724307,0.460232],"extended":false,"handId":856,"id":8563,"length":63.5667,"mcpPosition":[-13.2476,302.146,12.4444],"pipPosition":[-31.2259,283.251,-23.0941],"stabilizedTipPosition":[-42.7824,248.424,148.55],"timeVisible":0.930933,"tipPosition":[-46.5479,259.896,4.45889],"tipVelocity":[7.98464,55.3844,-163.712],"tool":false,"touchDistance":0.333333,"touchZone":"none","type":3,"width":17.8352},{"bases":[[[0.670296,-0.742052,0.00789616],[0.723637,0.655946,0.214673],[-0.164478,-0.13818,0.976654]],[[0.598019,-0.751187,0.279448],[0.747954,0.397776,-0.531355],[0.28799,0.526775,0.799732]],[[0.598019,-0.751187,0.279448],[-0.175508,-0.462938,-0.868841],[0.78203,0.470538,-0.408685]],[[0.598019,-0.751187,0.279448],[-0.698954,-0.659417,-0.276826],[0.392221,-0.0297744,-0.919389]]],"btipPosition":[-29.5358,261.183,11.082],"carpPosition":[-7.1375,280.229,71.3338],"dipPosition":[-22.8656,260.677,-4.55331],"direction":[-0.78203,-0.470538,0.408685],"extended":false,"handId":856,"id":8564,"length":49.8351,"mcpPosition":[2.2722,288.134,15.4598],"pipPosition":[-7.77467,269.757,-12.4398],"stabilizedTipPosition":[-24.2804,256.019,144.642],"timeVisible":0.930933,"tipPosition":[-28.2871,261.028,8.62438],"tipVelocity":[8.83008,52.9355,-160.364],"tool":false,"touchDistance":0.333333,"touchZone":"none","type":4,"width":15.8426}],"r":[[0.920379,-0.181468,0.34637],[0.247968,0.955771,-0.15816],[-0.302349,0.231456,0.924669]],"s":0.840227,"t":[59.7282,80.0024,-209.417],"timestamp":607055345155},false],[6,{"currentFrameRate":108.614,"devices":[],"gestures":[],"hands":[{"armBasis":[[0.776893,-0.186932,-0.601243],[0.432122,0.852816,0.293215],[0.457938,-0.487607,0.743325]],"armWidth":62.8676,"confidence":0.843572,"direction":[-0.0226,0.344726,-0.938431],"elbow":[100.481,152.449,278.515],"grabStrength":0,"id":856,"palmNormal":[-0.432344,-0.849728,-0.301729],"palmPosition":[-31.3347,300.086,30.4836],"palmVelocity":[0.712593,51.0999,-140.422],"palmWidth":89.7729,"pinchStrength":1,"r":[[0.919477,-0.181832,0.348568],[0.248396,0.95592,-0.156578],[-0.304732,0.230552,0.924113]],"s":0.841004,"sphereCenter":[-51.8774,278.16,-2.09765],"sphereRadius":44.3675,"stabilizedPalmPosition":[-33.1389,296.172,156.734],"t":[59.7639,80.4876,-210.6],"timeVisible":0.940034,"type":"right","wrist":[-21.5085,282.342,80.5017]}],"id":4436104,"interactionBox":{"center":[0,200,0],"size":[235.247,235.247,147.751]},"pointables":[{"bases":[[[0.745022,0.666768,0.0190553],[-0.523291,0.566514,0.636576],[0.413653,-0.484234,0.770979]],[[0.551077,0.794766,-0.254285],[-0.75389,0.604827,0.25658],[0.35772,0.0503077,0.932473]],[[0.551077,0.794766,-0.254285],[-0.833443,0.539231,-0.120845],[0.0410753,0.278527,0.95955]],[[0.551077,0.794766,-0.254285],[-0.808028,0.432162,-0.400408],[-0.208338,0.426126,0.880348]]],"btipPosition":[-65.582,261.657,-13.3436],"carpPosition":[-51.3932,283.343,85.1871],"dipPosition":[-70.3926,271.496,6.98414],"direction":[-0.0410753,-0.278527,-0.95955],"extended":false,"handId":856,"id":8560,"length":51.4192,"mcpPosition":[-51.3932,283.343,85.1871],"pipPosition":[-69.0109,280.866,39.2629],"stabilizedTipPosition":[-76.7645,247.946,123.084],"timeVisible":0.940034,"tipPosition":[-66.6928,263.094,-8.65809],"tipVelocity":[5.55265,69.8016,-152.624],"tool":false,"touchDistance":-0.497118,"touchZone":"touching","type":0,"width":19.9791},{"bases":[[[0.884834,-0.335363,-0.32342],[0.401805,0.900673,0.16535],[0.235843,-0.276259,0.931697]],[[0.909991,-0.372549,-0.182],[0.410043,0.873694,0.26177],[0.0614896,-0.312837,0.947815]],[[0.909991,-0.372549,-0.182],[0.399736,0.904856,0.146447],[0.110125,-0.206017,0.972332]],[[0.909991,-0.372549,-0.182],[0.386841,0.920829,0.0492756],[0.149233,-0.115245,0.982063]]],"btipPosition":[-60.985,340.37,-67.7835],"carpPosition":[-36.118,300.201,79.7619],"dipPosition":[-58.4694,338.427,-51.2288],"direction":[-0.110125,0.206017,-0.972332],"extended":true,"handId":856,"id":8561,"length":58.0209,"mcpPosition":[-53.2368,320.254,12.1342],"pipPosition":[-55.8432,333.514,-28.0415],"stabilizedTipPosition":[-79.0065,303.499,68.7312],"timeVisible":0.940034,"tipPosition":[-60.4447,338.593,-64.237],"tipVelocity":[28.227,86.009,-138.728],"tool":false,"touchDistance":-0.480942,"touchZone":"hovering","type":1,"width":19.0841},{"bases":[[[0.827013,-0.5182,-0.217989],[0.550692,0.824726,0.128707],[0.113085,-0.226487,0.967427]],[[0.828895,-0.52215,-0.200728],[0.341057,0.756128,-0.558525],[0.44341,0.394498,0.804834]],[[0.828895,-0.52215,-0.200728],[-0.388049,-0.278244,-0.878634],[0.402928,0.806188,-0.433255]],[[0.828895,-0.52215,-0.200728],[-0.55838,-0.793983,-0.240424],[-0.0338373,0.311369,-0.949686]]],"btipPosition":[-64.4944,266.282,0.507405],"carpPosition":[-24.9464,297.844,75.6112],"dipPosition":[-65.1218,272.055,-17.1004],"direction":[-0.402928,-0.806188,0.433255],"extended":false,"handId":856,"id":8562,"length":66.1101,"mcpPosition":[-32.7306,313.434,9.01863],"pipPosition":[-53.8173,294.674,-29.2558],"stabilizedTipPosition":[-61.1293,246.876,152.684],"timeVisible":0.940034,"tipPosition":[-64.5741,267.189,-2.25086],"tipVelocity":[12.6674,58.634,-161.445],"tool":false,"touchDistance":0.333333,"touchZone":"none","type":2,"width":18.7431},{"bases":[[[0.790758,-0.606568,-0.0823257],[0.611695,0.777955,0.143578],[-0.0230438,-0.163893,0.986209]],[[0.790543,-0.607887,-0.0742675],[0.458264,0.667644,-0.586725],[0.406246,0.429797,0.806374]],[[0.790543,-0.607887,-0.0742675],[-0.333624,-0.325793,-0.884621],[0.513553,0.724108,-0.460359]],[[0.790543,-0.607887,-0.0742675],[-0.606131,-0.759351,-0.236624],[0.0874453,0.232077,-0.968759]]],"btipPosition":[-46.706,259.624,6.25746],"carpPosition":[-14.5739,292.51,72.3133],"dipPosition":[-45.0941,263.902,-11.6007],"direction":[-0.513553,-0.724108,0.460359],"extended":false,"handId":856,"id":8563,"length":63.5667,"mcpPosition":[-13.1498,302.639,11.3635],"pipPosition":[-31.0579,283.693,-24.183],"stabilizedTipPosition":[-42.7825,248.424,148.545],"timeVisible":0.940034,"tipPosition":[-46.404,260.366,3.33092],"tipVelocity":[10.1778,54.1016,-151.332],"tool":false,"touchDistance":0.333333,"touchZone":"none","type":3,"width":17.8352},{"bases":[[[0.670763,-0.741607,0.00978666],[0.722786,0.656585,0.215586],[-0.166306,-0.137534,0.976436]],[[0.599035,-0.750808,0.278289],[0.74592,0.396883,-0.534871],[0.291137,0.527988,0.797789]],[[0.599035,-0.750808,0.278289],[-0.178697,-0.464135,-0.867552],[0.780528,0.469964,-0.4122]],[[0.599035,-0.750808,0.278289],[-0.699172,-0.659853,-0.275233],[0.390277,-0.0296979,-0.920218]]],"btipPosition":[-29.4826,261.656,10.1922],"carpPosition":[-7.14111,280.771,70.2818],"dipPosition":[-22.8455,261.151,-5.45725],"direction":[-0.780528,-0.469964,0.4122],"extended":false,"handId":856,"id":8564,"length":49.8351,"mcpPosition":[2.3732,288.639,14.4203],"pipPosition":[-7.78349,270.22,-13.4115],"stabilizedTipPosition":[-24.2805,256.019,144.64],"timeVisible":0.940034,"tipPosition":[-28.1877,261.506,7.5875],"tipVelocity":[7.77137,52.6621,-143.113],"tool":false,"touchDistance":0.333333,"touchZone":"none","type":4,"width":15.8426}],"r":[[0.919477,-0.181832,0.348568],[0.248396,0.95592,-0.