{"sensorType":"Leap","data":[[0,{"currentFrameRate":110.425,"devices":[],"gestures":[],"hands":[{"armBasis":[[0.708374,-0.285857,-0.645362],[0.550874,0.795545,0.252282],[0.441298,-0.534223,0.721015]],"armWidth":62.8676,"confidence":0.64833,"direction":[-0.0782046,0.329476,-0.940919],"elbow":[103.243,141.091,280.243],"grabStrength":0,"id":851,"palmNormal":[-0.549532,-0.801724,-0.235061],"palmPosition":[-27.0779,301.289,38.874],"palmVelocity":[2.3677,38.6686,-51.3068],"palmWidth":89.7729,"pinchStrength":1,"r":[[0.796135,-0.565991,0.214061],[0.602193,0.706311,-0.372141],[0.0594345,0.425181,0.903155]],"s":0.74663,"sphereCenter":[-52.5303,277.805,9.49541],"sphereRadius":43.6264,"stabilizedPalmPosition":[-34.8184,294.118,252.49],"t":[8.01911,8.09408,-220.911],"timeVisible":0.912908,"type":"right","wrist":[-14.3133,283.402,88.1726]}],"id":4432458,"interactionBox":{"center":[0,200,0],"size":[235.247,235.247,147.751]},"pointables":[{"bases":[[[0.810972,0.580707,-0.0714462],[-0.393153,0.631296,0.668503],[0.433308,-0.514048,0.740269]],[[0.617209,0.720099,-0.317034],[-0.678555,0.691134,0.24879],[0.398266,0.0615693,0.915201]],[[0.617209,0.720099,-0.317034],[-0.776581,0.622278,-0.0984481],[0.126391,0.306965,0.943291]],[[0.617209,0.720099,-0.317034],[-0.754127,0.426519,-0.499375],[-0.224378,0.547302,0.806297]]],"btipPosition":[-61.986,261.777,0.277478],"carpPosition":[-43.3007,287.773,95.7007],"dipPosition":[-67.167,274.415,18.8953],"direction":[-0.126391,-0.306965,-0.943291],"extended":false,"handId":851,"id":8510,"length":51.4192,"mcpPosition":[-43.3007,287.773,95.7007],"pipPosition":[-62.9153,284.741,50.6272],"stabilizedTipPosition":[-75.1071,258.261,191.734],"timeVisible":0.912908,"tipPosition":[-63.108,264.035,4.51046],"tipVelocity":[-19.5297,72.7067,-58.3497],"tool":false,"touchDistance":-0.352108,"touchZone":"touching","type":0,"width":19.9791},{"bases":[[[0.806865,-0.436283,-0.398278],[0.511298,0.853455,0.100936],[0.295876,-0.285081,0.911694]],[[0.849951,-0.484803,-0.206277],[0.513398,0.850059,0.117571],[0.118348,-0.205832,0.971405]],[[0.849951,-0.484803,-0.206277],[0.494533,0.869144,-0.00501806],[0.181717,-0.0977455,0.978481]],[[0.849951,-0.484803,-0.206277],[0.473628,0.874573,-0.103914],[0.230782,-0.00937623,0.97296]]],"btipPosition":[-61.6224,334.657,-58.7244],"carpPosition":[-26.9059,302.75,88.3622],"dipPosition":[-57.7321,334.498,-42.3231],"direction":[-0.181717,0.0977455,-0.978481],"extended":true,"handId":851,"id":8511,"length":58.0209,"mcpPosition":[-48.3821,323.443,22.1864],"pipPosition":[-53.3986,332.168,-18.9892],"stabilizedTipPosition":[-91.3383,320.645,159.365],"timeVisible":0.912908,"tipPosition":[-61.0188,333.562,-55.0163],"tipVelocity":[25.5666,110.011,-38.2281],"tool":false,"touchDistance":-0.332267,"touchZone":"hovering","type":1,"width":19.0841},{"bases":[[[0.740356,-0.609846,-0.282775],[0.646719,0.760944,0.052141],[0.183378,-0.221479,0.957768]],[[0.737282,-0.606171,-0.298282],[0.321695,0.70325,-0.633996],[0.594077,0.371478,0.713496]],[[0.737282,-0.606171,-0.298282],[-0.536106,-0.256283,-0.804307],[0.411103,0.752912,-0.513925]],[[0.737282,-0.606171,-0.298282],[-0.663532,-0.732753,-0.150988],[-0.127043,0.309241,-0.94246]]],"btipPosition":[-66.5752,269.828,15.2494],"carpPosition":[-16.5223,299.106,83.2154],"dipPosition":[-68.9307,275.562,-2.22444],"direction":[-0.411103,-0.752912,0.513925],"extended":false,"handId":851,"id":8512,"length":66.1101,"mcpPosition":[-29.1451,314.351,17.2876],"pipPosition":[-57.3968,296.686,-16.6431],"stabilizedTipPosition":[-44.8033,253.719,231.396],"timeVisible":0.912908,"tipPosition":[-66.898,270.839,12.3785],"tipVelocity":[-22.757,67.9657,-87.7057],"tool":false,"touchDistance":0.333333,"touchZone":"none","type":2,"width":18.7431},{"bases":[[[0.708399,-0.691407,-0.14187],[0.703478,0.70798,0.0623097],[0.0573601,-0.143943,0.987922]],[[0.707375,-0.688981,-0.157879],[0.472949,0.627344,-0.618675],[0.5253,0.362966,0.769621]],[[0.707375,-0.688981,-0.157879],[-0.422506,-0.233079,-0.875878],[0.566665,0.686279,-0.455974]],[[0.707375,-0.688981,-0.157879],[-0.703606,-0.665012,-0.250394],[0.0675251,0.288207,-0.955184]]],"btipPosition":[-50.6003,261.432,14.1641],"carpPosition":[-7.16657,292.606,79.0758],"dipPosition":[-49.3556,266.744,-3.44381],"direction":[-0.566665,-0.686279,0.455974],"extended":false,"handId":851,"id":8513,"length":63.5667,"mcpPosition":[-10.7115,301.502,18.0202],"pipPosition":[-33.8678,285.501,-15.9062],"stabilizedTipPosition":[-25.4722,255.259,244.093],"timeVisible":0.912908,"tipPosition":[-50.0158,262.664,11.4623],"tipVelocity":[-34.2676,51.9152,-111.929],"tool":false,"touchDistance":0.333333,"touchZone":"none","type":3,"width":17.8352},{"bases":[[[0.584238,-0.810831,-0.0349078],[0.807381,0.576306,0.126519],[-0.0824682,-0.102101,0.99135]],[[0.580331,-0.814358,0.00609478],[0.626167,0.441411,-0.642706],[0.520702,0.376798,0.766089]],[[0.580331,-0.814358,0.00609478],[-0.399604,-0.291272,-0.869182],[0.709601,0.501977,-0.494455]],[[0.580331,-0.814358,0.00609478],[-0.790217,-0.564905,-0.23757],[0.19691,0.133053,-0.971351]]],"btipPosition":[-31.7752,260.833,19.2763],"carpPosition":[-1.28583,280.086,76.6563],"dipPosition":[-28.4265,263.096,2.75724],"direction":[-0.709601,-0.501977,0.494455],"extended":false,"handId":851,"id":8514,"length":49.8351,"mcpPosition":[3.43214,285.927,19.9416],"pipPosition":[-14.7332,272.782,-6.78435],"stabilizedTipPosition":[-16.3783,263.888,241.623],"timeVisible":0.912908,"tipPosition":[-31.0784,261.453,16.7511],"tipVelocity":[-22.2736,42.5429,-110.966],"tool":false,"touchDistance":0.333333,"touchZone":"none","type":4,"width":15.8426}],"r":[[0.796135,-0.565991,0.214061],[0.602193,0.706311,-0.372141],[0.0594345,0.425181,0.903155]],"s":0.74663,"t":[8.01911,8.09408,-220.911],"timestamp":607021342385},false],[1,{"currentFrameRate":110.326,"devices":[],"gestures":[],"hands":[{"armBasis":[[0.710585,-0.284068,-0.64372],[0.549361,0.79562,0.255324],[0.439627,-0.535064,0.721412]],"armWidth":62.8676,"confidence":0.668321,"direction":[-0.0714449,0.33423,-0.93978],"elbow":[102.405,141.096,279.119],"grabStrength":0,"id":851,"palmNormal":[-0.548461,-0.800129,-0.242868],"palmPosition":[-27.116,301.774,37.6476],"palmVelocity":[0.544346,42.5323,-74.1682],"palmWidth":89.7729,"pinchStrength":1,"r":[[0.793769,-0.569685,0.213049],[0.605266,0.705388,-0.368891],[0.0598691,0.421766,0.904726]],"s":0.745952,"sphereCenter":[-52.3729,278.5,7.95658],"sphereRadius":43.6505,"stabilizedPalmPosition":[-34.807,294.129,252.172],"t":[8.02256,8.53045,-221.787],"timeVisible":0.922147,"type":"right","wrist":[-14.7062,283.631,86.9434]}],"id":4432459,"interactionBox":{"center":[0,200,0],"size":[235.247,235.247,147.751]},"pointables":[{"bases":[[[0.811862,0.580449,-0.0629211],[-0.397327,0.628243,0.668911],[0.427799,-0.518063,0.740674]],[[0.619763,0.721273,-0.309287],[-0.679548,0.690357,0.248238],[0.392566,0.0563268,0.917997]],[[0.619763,0.721273,-0.309287],[-0.775578,0.623122,-0.100985],[0.119886,0.302463,0.945592]],[[0.619763,0.721273,-0.309287],[-0.750004,0.428325,-0.504016],[-0.231058,0.544337,0.806418]]],"btipPosition":[-61.7735,262.468,-1.34885],"carpPosition":[-43.742,287.986,94.2923],"dipPosition":[-67.1088,275.037,17.2718],"direction":[-0.119886,-0.302463,-0.945592],"extended":false,"handId":851,"id":8510,"length":51.4192,"mcpPosition":[-43.742,287.986,94.2923],"pipPosition":[-63.0759,285.212,49.081],"stabilizedTipPosition":[-74.7699,258.459,186.475],"timeVisible":0.922147,"tipPosition":[-62.9337,264.731,2.87118],"tipVelocity":[-8.66953,72.8129,-91.3674],"tool":false,"touchDistance":-0.369616,"touchZone":"touching","type":0,"width":19.9791},{"bases":[[[0.809295,-0.434892,-0.394854],[0.511195,0.852558,0.108742],[0.289345,-0.289852,0.912286]],[[0.850973,-0.484335,-0.203137],[0.513467,0.84853,0.127862],[0.11044,-0.213112,0.970766]],[[0.850973,-0.484335,-0.203137],[0.495484,0.868605,0.00466558],[0.174186,-0.104621,0.979139]],[[0.850973,-0.484335,-0.203137],[0.475205,0.874741,-0.0949142],[0.223663,-0.0157625,0.974539]]],"btipPosition":[-60.8937,335.82,-60.0022],"carpPosition":[-27.286,302.987,87.1425],"dipPosition":[-57.1234,335.554,-43.5744],"direction":[-0.174186,0.104621,-0.979139],"extended":true,"handId":851,"id":8511,"length":58.0209,"mcpPosition":[-48.2883,324.026,20.9238],"pipPosition":[-52.9695,333.06,-20.2248],"stabilizedTipPosition":[-90.4027,321.096,152.923],"timeVisible":0.922147,"tipPosition":[-60.3239,334.707,-56.2964],"tipVelocity":[39.6928,113.732,-66.1392],"tool":false,"touchDistance":-0.346449,"touchZone":"hovering","type":1,"width":19.0841},{"bases":[[[0.741863,-0.608979,-0.280685],[0.646885,0.76019,0.0604247],[0.176576,-0.226398,0.957896]],[[0.738851,-0.605164,-0.296437],[0.326438,0.706268,-0.628191],[0.589522,0.367372,0.719376]],[[0.738851,-0.605164,-0.296437],[-0.530041,-0.25026,-0.810201],[0.416119,0.755742,-0.505667]],[[0.738851,-0.605164,-0.296437],[-0.663387,-0.730488,-0.162188],[-0.118393,0.316485,-0.94118]]],"btipPosition":[-66.5388,270.403,13.5398],"carpPosition":[-16.8696,299.361,82.0496],"dipPosition":[-68.7339,276.271,-3.91032],"direction":[-0.416119,-0.755742,0.505667],"extended":false,"handId":851,"id":8512,"length":66.1101,"mcpPosition":[-29.0242,314.945,16.113],"pipPosition":[-57.0593,297.474,-18.0973],"stabilizedTipPosition":[-44.8308,253.742,231.122],"timeVisible":0.922147,"tipPosition":[-66.8195,271.471,10.6418],"tipVelocity":[-14.1424,67.3014,-114.866],"tool":false,"touchDistance":0.333333,"touchZone":"none","type":2,"width":18.7431},{"bases":[[[0.708872,-0.69122,-0.140414],[0.703534,0.707134,0.0707215],[0.0504075,-0.148919,0.987564]],[[0.707943,-0.688668,-0.156696],[0.478754,0.63104,-0.610396],[0.519241,0.357107,0.776443]],[[0.707943,-0.688668,-0.156696],[-0.412026,-0.222512,-0.883585],[0.57363,0.690091,-0.441275]],[[0.707943,-0.688668,-0.156696],[-0.701503,-0.659908,-0.269099],[0.0819149,0.300429,-0.95028]]],"btipPosition":[-50.6827,261.937,12.2601],"carpPosition":[-7.49007,292.874,77.9425],"dipPosition":[-49.1726,267.475,-5.25745],"direction":[-0.57363,-0.690091,0.441275],"extended":false,"handId":851,"id":8513,"length":63.5667,"mcpPosition":[-10.6054,302.078,16.909],"pipPosition":[-33.4945,286.336,-17.3181],"stabilizedTipPosition":[-25.478,255.261,244.038],"timeVisible":0.922147,"tipPosition":[-50.0134,263.25,9.56628],"tipVelocity":[-25.296,54.2644,-137.732],"tool":false,"touchDistance":0.333333,"touchZone":"none","type":3,"width":17.8352},{"bases":[[[0.583888,-0.811083,-0.0349128],[0.806896,0.575062,0.13499],[-0.0894114,-0.10699,0.990232]],[[0.58009,-0.814549,0.00255083],[0.632963,0.448796,-0.630825],[0.512693,0.367549,0.775921]],[[0.58009,-0.814549,0.00255083],[-0.385764,-0.277481,-0.879881],[0.717414,0.509426,-0.475188]],[[0.58009,-0.814549,0.00255083],[-0.786084,-0.560633,-0.260312],[0.213467,0.148999,-0.965521]]],"btipPosition":[-31.8467,261.297,17.3712],"carpPosition":[-1.60163,280.363,75.5012],"dipPosition":[-28.2164,263.831,0.951314],"direction":[-0.717414,-0.509426,0.475188],"extended":false,"handId":851,"id":8514,"length":49.8351,"mcpPosition":[3.51355,286.484,18.8505],"pipPosition":[-14.3724,273.661,-8.21846],"stabilizedTipPosition":[-16.3798,263.888,241.599],"timeVisible":0.922147,"tipPosition":[-31.045,262.001,14.8889],"tipVelocity":[-16.2252,46.5965,-137.009],"tool":false,"touchDistance":0.333333,"touchZone":"none","type":4,"width":15.8426}],"r":[[0.793769,-0.569685,0.213049],[0.605266,0.705388,-0.368891],[0.0598691,0.421766,0.904726]],"s":0.745952,"t":[8.02256,8.53045,-221.787],"timestamp":607021351624},false],[2,{"currentFrameRate":110.441,"devices":[],"gestures":[],"hands":[{"armBasis":[[0.712438,-0.282571,-0.642328],[0.548105,0.795653,0.257909],[0.438193,-0.535807,0.721732]],"armWidth":62.8676,"confidence":0.686206,"direction":[-0.0627816,0.338386,-0.938911],"elbow":[101.371,141.449,277.554],"grabStrength":0,"id":851,"palmNormal":[-0.547659,-0.798154,-0.251037],"palmPosition":[-27.3122,302.557,35.971],"palmVelocity":[-5.60531,54.9894,-105.366],"palmWidth":89.7729,"pinchStrength":1,"r":[[0.791308,-0.573079,0.213104],[0.608586,0.704743,-0.364636],[0.058782,0.418232,0.906436]],"s":0.745621,"sphereCenter":[-52.3868,279.582,5.96928],"sphereRadius":43.661,"stabilizedPalmPosition":[-34.796,294.142,251.855],"t":[7.92616,9.14052,-223.063],"timeVisible":0.930999,"type":"right","wrist":[-15.3582,284.182,85.2934]}],"id":4432460,"interactionBox":{"center":[0,200,0],"size":[235.247,235.247,147.751]},"pointables":[{"bases":[[[0.813328,0.579349,-0.0534141],[-0.402052,0.626029,0.668163],[0.420538,-0.52196,0.742095]],[[0.623452,0.721615,-0.300963],[-0.680349,0.690383,0.245962],[0.385269,0.0514142,0.921371]],[[0.623452,0.721615,-0.300963],[-0.773797,0.624622,-0.105292],[0.112008,0.298528,0.947805]],[[0.623452,0.721615,-0.300963],[-0.744593,0.430558,-0.510099],[-0.238514,0.542117,0.805742]]],"btipPosition":[-61.6842,263.462,-3.45589],"carpPosition":[-44.4492,288.555,92.4102],"dipPosition":[-67.1916,275.98,15.1491],"direction":[-0.112008,-0.298528,-0.947805],"extended":false,"handId":851,"id":8510,"length":51.4192,"mcpPosition":[-44.4492,288.555,92.4102],"pipPosition":[-63.4237,286.022,47.0328],"stabilizedTipPosition":[-74.4703,258.659,181.768],"timeVisible":0.930999,"tipPosition":[-62.8879,265.735,0.748558],"tipVelocity":[-4.79922,83.1409,-131.185],"tool":false,"touchDistance":-0.392647,"touchZone":"touching","type":0,"width":19.9791},{"bases":[[[0.811957,-0.434551,-0.389732],[0.511639,0.851222,0.116822],[0.280983,-0.294256,0.913489]],[[0.851841,-0.484787,-0.198365],[0.514058,0.84643,0.138923],[0.100554,-0.220311,0.970233]],[[0.851841,-0.484787,-0.198365],[0.49728,0.867451,0.0154994],[0.164558,-0.111846,0.980006]],[[0.851841,-0.484787,-0.198365],[0.477915,0.874334,-0.0844802],[0.214392,-0.022838,0.976481]]],"btipPosition":[-60.1033,337.308,-61.7955],"carpPosition":[-27.9074,303.558,85.4674],"dipPosition":[-56.4893,336.923,-45.3349],"direction":[-0.164558,0.111846,-0.980006],"extended":true,"handId":851,"id":8511,"length":58.0209,"mcpPosition":[-48.3028,324.917,19.1614],"pipPosition":[-52.565,334.256,-21.9646],"stabilizedTipPosition":[-89.4015,321.615,146.14],"timeVisible":0.930999,"tipPosition":[-59.5805,336.16,-58.0907],"tipVelocity":[52.0216,127.605,-102.849],"tool":false,"touchDistance":-0.366923,"touchZone":"hovering","type":1,"width":19.0841},{"bases":[[[0.743255,-0.609014,-0.2769],[0.647589,0.758834,0.0692783],[0.16793,-0.230809,0.958398]],[[0.740348,-0.605076,-0.292862],[0.332888,0.708494,-0.622272],[0.584012,0.363208,0.725955]],[[0.740348,-0.605076,-0.292862],[-0.522884,-0.244555,-0.816569],[0.422465,0.757678,-0.49744]],[[0.740348,-0.605076,-0.292862],[-0.663462,-0.727818,-0.173489],[-0.108176,0.322745,-0.940284]]],"btipPosition":[-66.6329,271.311,11.3442],"carpPosition":[-17.4534,299.937,80.4489],"dipPosition":[-68.6386,277.294,-6.08923],"direction":[-0.422465,-0.757678,0.49744],"extended":false,"handId":851,"id":8512,"length":66.1101,"mcpPosition":[-29.0128,315.824,14.4778],"pipPosition":[-56.7859,298.552,-20.0454],"stabilizedTipPosition":[-44.8567,253.764,230.862],"timeVisible":0.930999,"tipPosition":[-66.8697,272.427,8.42229],"tipVelocity":[-11.8586,77.6386,-150.802],"tool":false,"touchDistance":0.333333,"touchZone":"none","type":2,"width":18.7431},{"bases":[[[0.70892,-0.691801,-0.137275],[0.704059,0.70564,0.0798344],[0.0416373,-0.153246,0.98731]],[[0.708121,-0.689133,-0.153817],[0.484978,0.63302,-0.603392],[0.513187,0.352677,0.782469]],[[0.708121,-0.689133,-0.153817],[-0.401986,-0.214366,-0.890199],[0.580492,0.692201,-0.428819]],[[0.708121,-0.689133,-0.153817],[-0.699533,-0.655075,-0.285535],[0.0960096,0.309794,-0.945944]]],"btipPosition":[-50.8806,262.747,10.0422],"carpPosition":[-8.04948,293.452,76.3949],"dipPosition":[-49.1107,268.458,-7.39544],"direction":[-0.580492,-0.692201,0.428819],"extended":false,"handId":851,"id":8513,"length":63.5667,"mcpPosition":[-10.6228,302.923,15.3771],"pipPosition":[-33.245,287.376,-19.1157],"stabilizedTipPosition":[-25.4836,255.263,243.984],"timeVisible":0.930999,"tipPosition":[-50.1348,264.13,7.32956],"tipVelocity":[-22.6723,65.5644,-167.716],"tool":false,"touchDistance":0.333333,"touchZone":"none","type":3,"width":17.8352},{"bases":[[[0.582833,-0.811907,-0.0333733],[0.806645,0.573119,0.144422],[-0.0981303,-0.111094,0.988953]],[[0.579024,-0.815309,0.00140385],[0.63949,0.453089,-0.621098],[0.505751,0.360528,0.783732]],[[0.579024,-0.815309,0.00140385],[-0.373911,-0.267077,-0.888178],[0.724515,0.513751,-0.459497]],[[0.579024,-0.815309,0.00140385],[-0.78262,-0.556289,-0.279372],[0.228555,0.160664,-0.960182]]],"btipPosition":[-32.0585,262.073,15.2276],"carpPosition":[-2.16077,280.941,73.9506],"dipPosition":[-28.1716,264.805,-1.10143],"direction":[-0.724515,-0.513751,0.459497],"extended":false,"handId":851,"id":8514,"length":49.8351,"mcpPosition":[3.45322,287.297,17.373],"pipPosition":[-14.1905,274.719,-9.96843],"stabilizedTipPosition":[-16.3814,263.888,241.575],"timeVisible":0.930999,"tipPosition":[-31.1674,262.839,12.7492],"tipVelocity":[-16.5053,59.1203,-164.837],"tool":false,"touchDistance":0.333333,"touchZone":"none","type":4,"width":15.8426}],"r":[[0.791308,-0.573079,0.213104],[0.608586,0.704743,-0.364636],[0.058782,0.418232,0.906436]],"s":0.745621,"t":[7.92616,9.14052,-223.063],"timestamp":607021360476},false],[3,{"currentFrameRate":110.388,"devices":[],"gestures":[],"hands":[{"armBasis":[[0.71298,-0.28508,-0.640616],[0.549272,0.794964,0.257551],[0.435844,-0.535501,0.72338]],"armWidth":62.8676,"confidence":0.698763,"direction":[-0.0569012,0.336522,-0.939955],"elbow":[100.608,141.83,277.025],"grabStrength":0,"id":851,"palmNormal":[-0.54895,-0.796935,-0.252087],"palmPosition":[-27.1389,302.787,34.9023],"palmVelocity":[1.22965,46.6527,-108.545],"palmWidth":89.7729,"pinchStrength":1,"r":[[0.788741,-0.576204,0.214189],[0.612055,0.703655,-0.360914],[0.0572447,0.415763,0.90767]],"s":0.745542,"sphereCenter":[-52.2023,279.986,4.83599],"sphereRadius":43.6729,"stabilizedPalmPosition":[-34.7854,294.154,251.555],"t":[7.96461,9.56021,-224.236],"timeVisible":0.940151,"type":"right","wrist":[-15.4959,284.482,84.3249]}],"id":4432461,"interactionBox":{"center":[0,200,0],"size":[235.247,235.247,147.751]},"pointables":[{"bases":[[[0.815458,0.576607,-0.0505261],[-0.403426,0.628788,0.664735],[0.415061,-0.52168,0.745369]],[[0.627263,0.71896,-0.299396],[-0.679131,0.69312,0.241591],[0.381211,0.0517881,0.923036]],[[0.627263,0.71896,-0.299396],[-0.771282,0.626776,-0.110791],[0.108,0.300414,0.947675]],[[0.627263,0.71896,-0.299396],[-0.740314,0.431076,-0.515857],[-0.241818,0.545225,0.802654]]],"btipPosition":[-61.4325,263.717,-4.58877],"carpPosition":[-44.6085,288.963,91.2837],"dipPosition":[-67.0162,276.307,13.9449],"direction":[-0.108,-0.300414,-0.947675],"extended":false,"handId":851,"id":8510,"length":51.4192,"mcpPosition":[-44.6085,288.963,91.2837],"pipPosition":[-63.3831,286.413,45.8243],"stabilizedTipPosition":[-74.2057,258.838,177.669],"timeVisible":0.940151,"tipPosition":[-62.6558,266.018,-0.405716],"tipVelocity":[3.66199,68.2501,-129.623],"tool":false,"touchDistance":-0.398955,"touchZone":"touching","type":0,"width":19.9791},{"bases":[[[0.812524,-0.43802,-0.384634],[0.513786,0.849824,0.117574],[0.275371,-0.293152,0.915551]],[[0.851187,-0.487811,-0.193704],[0.516387,0.844379,0.142719],[0.0939395,-0.221507,0.970623]],[[0.851187,-0.487811,-0.193704],[0.500391,0.865591,0.0190054],[0.158397,-0.113105,0.980876]],[[0.851187,-0.487811,-0.193704],[0.481582,0.872618,-0.0813412],[0.208709,-0.0240478,0.977682]]],"btipPosition":[-59.2485,337.669,-63.0774],"carpPosition":[-27.9831,303.898,84.3926],"dipPosition":[-55.7303,337.263,-46.5966],"direction":[-0.158397,0.113105,-0.980876],"extended":true,"handId":851,"id":8511,"length":58.0209,"mcpPosition":[-47.9711,325.177,17.9369],"pipPosition":[-51.953,334.566,-23.2056],"stabilizedTipPosition":[-88.3662,322.149,139.27],"timeVisible":0.940151,"tipPosition":[-58.7529,336.508,-59.3703],"tipVelocity":[62.8736,102.907,-113.075],"tool":false,"touchDistance":-0.377724,"touchZone":"hovering","type":1,"width":19.0841},{"bases":[[[0.742684,-0.612012,-0.271774],[0.649677,0.756895,0.070927],[0.162296,-0.229242,0.959744]],[[0.739838,-0.608054,-0.287941],[0.338234,0.706124,-0.622082],[0.581582,0.362849,0.728082]],[[0.739838,-0.608054,-0.287941],[-0.518991,-0.243462,-0.819374],[0.428121,0.755643,-0.495697]],[[0.739838,-0.608054,-0.287941],[-0.665174,-0.725286,-0.177493],[-0.100915,0.322847,-0.941056]]],"btipPosition":[-66.4849,271.57,10.1024],"carpPosition":[-17.5155,300.232,79.4355],"dipPosition":[-68.3559,277.556,-7.34536],"direction":[-0.428121,-0.755643,0.495697],"extended":false,"handId":851,"id":8512,"length":66.1101,"mcpPosition":[-28.6871,316.012,13.3718],"pipPosition":[-56.3446,298.756,-21.2527],"stabilizedTipPosition":[-44.8801,253.784,230.623],"timeVisible":0.940151,"tipPosition":[-66.6884,272.712,7.15163],"tipVelocity":[-3.10885,63.9328,-146.692],"tool":false,"touchDistance":0.333333,"touchZone":"none","type":2,"width":18.7431},{"bases":[[[0.70737,-0.694381,-0.132146],[0.705921,0.703541,0.0818871],[0.0361091,-0.151209,0.987842]],[[0.706656,-0.691716,-0.148883],[0.490587,0.630619,-0.601368],[0.509865,0.35192,0.784977]],[[0.706656,-0.691716,-0.148883],[-0.394449,-0.210439,-0.894497],[0.587408,0.690829,-0.421554]],[[0.706656,-0.691716,-0.148883],[-0.699233,-0.650524,-0.296466],[0.108218,0.313603,-0.943367]]],"btipPosition":[-50.8691,262.878,8.70147],"carpPosition":[-8.11199,293.708,75.4437],"dipPosition":[-48.8742,268.659,-8.68863],"direction":[-0.587408,-0.690829,0.421554],"extended":false,"handId":851,"id":8513,"length":63.5667,"mcpPosition":[-10.3436,303.053,14.393],"pipPosition":[-32.8195,287.54,-20.2103],"stabilizedTipPosition":[-25.4887,255.265,243.936],"timeVisible":0.940151,"tipPosition":[-50.0512,264.309,5.97964],"tipVelocity":[-14.4323,51.7804,-161.472],"tool":false,"touchDistance":0.333333,"touchZone":"none","type":3,"width":17.8352},{"bases":[[[0.580368,-0.813851,-0.0286271],[0.807747,0.570834,0.147286],[-0.103528,-0.108604,0.98868]],[[0.576565,-0.817039,0.0045821],[0.644074,0.451043,-0.617842],[0.502734,0.359177,0.786289]],[[0.576565,-0.817039,0.0045821],[-0.366887,-0.263906,-0.892047],[0.730046,0.512641,-0.45192]],[[0.576565,-0.817039,0.0045821],[-0.781282,-0.552955,-0.28955],[0.239108,0.163365,-0.957152]]],"btipPosition":[-32.0212,262.185,14.0625],"carpPosition":[-2.25137,281.173,73.0568],"dipPosition":[-27.9549,264.963,-2.21502],"direction":[-0.730046,-0.512641,0.45192],"extended":false,"handId":851,"id":8514,"length":49.8351,"mcpPosition":[3.67142,287.386,16.4948],"pipPosition":[-13.8671,274.856,-10.9358],"stabilizedTipPosition":[-16.3828,263.888,241.553],"timeVisible":0.940151,"tipPosition":[-31.0594,262.982,11.5657],"tipVelocity":[-9.51882,46.3869,-154.024],"tool":false,"touchDistance":0.333333,"touchZone":"none","type":4,"width":15.8426}],"r":[[0.788741,-0.576204,0.214189],[0.612055,0.703655,-0.360914],[0.0572447,0.415763,0.90767]],"s":0.745542,"t":[7.96461,9.56021,-224.236],"timestamp":607021369628},false],[4,{"currentFrameRate":110.457,"devices":[],"gestures":[],"hands":[{"armBasis":[[0.71788,-0.2793,-0.637683],[0.544292,0.796279,0.26398],[0.434044,-0.536592,0.723654]],"armWidth":62.8676,"confidence":0.708451,"direction":[-0.0523711,0.339564,-0.939124],"elbow":[99.8543,141.962,276.174],"grabStrength":0,"id":851,"palmNormal":[-0.543987,-0.79834,-0.258324],"palmPosition":[-27.1772,303.333,33.9695],"palmVelocity":[-0.276083,50.6097,-107.421],"palmWidth":89.7729,"pinchStrength":1,"r":[[0.786889,-0.578189,0.215644],[0.614682,0.703531,-0.356664],[0.0545064,0.413208,0.909004]],"s":0.745745,"sphereCenter":[-52.0619,280.75,3.69361],"sphereRadius":43.6828,"stabilizedPalmPosition":[-34.7754,294.166,251.27],"t":[7.96468,10.0432,-225.288],"timeVisible":0.949083,"type":"right","wrist":[-15.7701,284.904,83.4012]}],"id":4432462,"interactionBox":{"center":[0,200,0],"size":[235.247,235.247,147.751]},"pointables":[{"bases":[[[0.813328,0.580188,-0.0433556],[-0.410264,0.624767,0.664342],[0.41253,-0.52254,0.746171]],[[0.626134,0.722612,-0.292897],[-0.683391,0.689454,0.240061],[0.37541,0.0498529,0.925517]],[[0.626134,0.722612,-0.292897],[-0.773192,0.623915,-0.1136],[0.100654,0.297594,0.949371]],[[0.626134,0.722612,-0.292897],[-0.738625,0.42936,-0.519695],[-0.249779,0.54174,0.802576]]],"btipPosition":[-61.0521,264.264,-5.85912],"carpPosition":[-44.9447,289.239,90.1908],"dipPosition":[-66.8196,276.773,12.6728],"direction":[-0.100654,-0.297594,-0.949372],"extended":false,"handId":851,"id":8510,"length":51.4192,"mcpPosition":[-44.9447,289.239,90.1908],"pipPosition":[-63.4336,286.784,44.6092],"stabilizedTipPosition":[-73.9836,258.994,174.302],"timeVisible":0.949083,"tipPosition":[-62.3159,266.555,-1.68133],"tipVelocity":[12.9909,65.769,-133.074],"tool":false,"touchDistance":-0.406454,"touchZone":"touching","type":0,"width":19.9791},{"bases":[[[0.816776,-0.433268,-0.380993],[0.509451,0.851551,0.123776],[0.270807,-0.295195,0.916255]],[[0.854352,-0.483388,-0.190839],[0.512256,0.845198,0.152424],[0.0876167,-0.227982,0.969715]],[[0.854352,-0.483388,-0.190839],[0.497082,0.867229,0.0286854],[0.151635,-0.11937,0.981202]],[[0.854352,-0.483388,-0.190839],[0.478949,0.874893,-0.071905],[0.201721,-0.0299697,0.978984]]],"btipPosition":[-58.7261,338.711,-64.0554],"carpPosition":[-28.3391,304.268,83.4571],"dipPosition":[-55.3257,338.205,-47.5526],"direction":[-0.151635,0.11937,-0.981202],"extended":true,"handId":851,"id":8511,"length":58.0209,"mcpPosition":[-47.9957,325.695,16.9503],"pipPosition":[-51.7096,335.359,-24.1538],"stabilizedTipPosition":[-87.3618,322.692,132.683],"timeVisible":0.949083,"tipPosition":[-58.2588,337.508,-60.3524],"tipVelocity":[60.8504,105.948,-111.941],"tool":false,"touchDistance":-0.382878,"touchZone":"hovering","type":1,"width":19.0841},{"bases":[[[0.746957,-0.607944,-0.269182],[0.646025,0.759355,0.0776689],[0.157186,-0.231913,0.959952]],[[0.744168,-0.603902,-0.285509],[0.339093,0.709768,-0.61745],[0.575525,0.362673,0.732966]],[[0.744168,-0.603902,-0.285509],[-0.512332,-0.241733,-0.824064],[0.428637,0.759518,-0.489288]],[[0.744168,-0.603902,-0.285509],[-0.661187,-0.72677,-0.186111],[-0.0951065,0.327273,-0.940131]]],"btipPosition":[-66.2768,272.003,8.77706],"carpPosition":[-17.8249,300.663,78.5537],"dipPosition":[-68.0401,278.07,-8.65356],"direction":[-0.428637,-0.759518,0.489288],"extended":false,"handId":851,"id":8512,"length":66.1101,"mcpPosition":[-28.6448,316.627,12.4756],"pipPosition":[-56.0143,299.38,-22.381],"stabilizedTipPosition":[-44.8998,253.802,230.419],"timeVisible":0.949083,"tipPosition":[-66.4544,273.181,5.80632],"tipVelocity":[4.85237,60.2748,-147.033],"tool":false,"touchDistance":0.333333,"touchZone":"none","type":2,"width":18.7431},{"bases":[[[0.711107,-0.690948,-0.130067],[0.702422,0.7062,0.0888002],[0.0304969,-0.154508,0.987521]],[[0.710471,-0.688163,-0.147186],[0.491894,0.635197,-0.595454],[0.503261,0.350652,0.789792]],[[0.710471,-0.688163,-0.147186],[-0.384021,-0.203861,-0.900538],[0.589711,0.696328,-0.409106]],[[0.710471,-0.688163,-0.147186],[-0.693435,-0.648958,-0.313052],[0.119913,0.324478,-0.938262]]],"btipPosition":[-50.7667,263.271,7.23007],"carpPosition":[-8.36905,294.193,74.599],"dipPosition":[-48.5562,269.253,-10.0659],"direction":[-0.589711,-0.696328,0.409106],"extended":false,"handId":851,"id":8513,"length":63.5667,"mcpPosition":[-10.2538,303.742,13.5682],"pipPosition":[-32.4385,288.284,-21.2474],"stabilizedTipPosition":[-25.493,255.267,243.894],"timeVisible":0.949083,"tipPosition":[-49.8746,264.784,4.51042],"tipVelocity":[-5.85348,51.0764,-161.701],"tool":false,"touchDistance":0.333333,"touchZone":"none","type":3,"width":17.8352},{"bases":[[[0.583956,-0.81131,-0.0277705],[0.80439,0.573691,0.154383],[-0.109321,-0.112491,0.987621]],[[0.580124,-0.814517,0.00411354],[0.645546,0.456687,-0.612134],[0.496715,0.357769,0.790744]],[[0.580124,-0.814517,0.00411354],[-0.357952,-0.259475,-0.896963],[0.73166,0.518878,-0.442086]],[[0.580124,-0.814517,0.00411354],[-0.775738,-0.554031,-0.302127],[0.248366,0.17208,-0.953259]]],"btipPosition":[-31.8578,262.706,12.8607],"carpPosition":[-2.44076,281.691,72.2058],"dipPosition":[-27.634,265.632,-3.35059],"direction":[-0.73166,-0.518878,0.442086],"extended":false,"handId":851,"id":8514,"length":49.8351,"mcpPosition":[3.81343,288.126,15.7045],"pipPosition":[-13.5151,275.645,-11.8816],"stabilizedTipPosition":[-16.384,263.887,241.532],"timeVisible":0.949083,"tipPosition":[-30.8363,263.549,10.3437],"tipVelocity":[-0.824618,50.6662,-148.245],"tool":false,"touchDistance":0.333333,"touchZone":"none","type":4,"width":15.8426}],"r":[[0.786889,-0.578189,0.215644],[0.614682,0.703531,-0.356664],[0.0545064,0.413208,0.909004]],"s":0.745745,"t":[7.96468,10.0432,-225.288],"timestamp":607021378560},false],[5,{"currentFrameRate":110.354,"devices":[],"gestures":[],"hands":[{"armBasis":[[0.720642,-0.276156,-0.635935],[0.541968,0.796416,0.268313],[0.432372,-0.538014,0.723599]],"armWidth":62.8676,"confidence":0.715665,"direction":[-0.0472346,0.339606,-0.939381],"elbow":[99.1833,142.039,275.384],"grabStrength":0,"id":851,"palmNormal":[-0.541643,-0.798875,-0.261575],"palmPosition":[-27.1328,303.782,33.1296],"palmVelocity":[1.15055,50.0431,-102.771],"palmWidth":89.7729,"pinchStrength":1,"r":[[0.785267,-0.57962,0.217706],[0.61704,0.703555,-0.352523],[0.0511612,0.411158,0.910127]],"s":0.746195,"sphereCenter":[-51.9288,281.399,2.73801],"sphereRadius":43.6906,"stabilizedPalmPosition":[-34.7653,294.178,250.98],"t":[7.98692,10.5093,-226.235],"timeVisible":0.958327,"type":"right","wrist":[-15.9957,285.36,82.6253]}],"id":4432463,"interactionBox":{"center":[0,200,0],"size":[235.247,235.247,147.751]},"pointables":[{"bases":[[[0.812967,0.581032,-0.0385476],[-0.414783,0.624275,0.661993],[0.408704,-0.52219,0.748518]],[[0.627161,0.723255,-0.289087],[-0.685229,0.688794,0.236694],[0.370312,0.0496461,0.92758]],[[0.627161,0.723255,-0.289087],[-0.773091,0.623234,-0.117942],[0.0948666,0.29746,0.950009]],[[0.627161,0.723255,-0.289087],[-0.735772,0.428348,-0.524555],[-0.255557,0.541683,0.800794]]],"btipPosition":[-60.742,264.705,-6.88708],"carpPosition":[-45.2139,289.665,89.2447],"dipPosition":[-66.643,277.213,11.6037],"direction":[-0.0948666,-0.29746,-0.950009],"extended":false,"handId":851,"id":8510,"length":51.4192,"mcpPosition":[-45.2139,289.665,89.2447],"pipPosition":[-63.4517,287.22,43.5615],"stabilizedTipPosition":[-73.7886,259.135,171.399],"timeVisible":0.958327,"tipPosition":[-62.0326,267,-2.72052],"tipVelocity":[17.8304,60.6912,-127.218],"tool":false,"touchDistance":-0.409703,"touchZone":"touching","type":0,"width":19.9791},{"bases":[[[0.819435,-0.432386,-0.376257],[0.50784,0.852064,0.126832],[0.265754,-0.295009,0.917793]],[[0.855855,-0.482287,-0.186845],[0.510797,0.844888,0.158902],[0.081227,-0.231437,0.969453]],[[0.855855,-0.482287,-0.186845],[0.496449,0.867352,0.0351947],[0.145087,-0.122881,0.981759]],[[0.855855,-0.482287,-0.186845],[0.478976,0.875377,-0.0655557],[0.195177,-0.0333882,0.9802]]],"btipPosition":[-58.0677,339.428,-65.0371],"carpPosition":[-28.5848,304.711,82.6096],"dipPosition":[-54.7776,338.865,-48.5138],"direction":[-0.145087,0.122881,-0.981759],"extended":true,"handId":851,"id":8511,"length":58.0209,"mcpPosition":[-47.8747,326.124,15.9911],"pipPosition":[-51.3177,335.935,-25.1018],"stabilizedTipPosition":[-86.3474,323.252,126.137],"timeVisible":0.958327,"tipPosition":[-57.626,338.197,-61.3354],"tipVelocity":[62.9933,97.5802,-110.187],"tool":false,"touchDistance":-0.387579,"touchZone":"hovering","type":1,"width":19.0841},{"bases":[[[0.749144,-0.607145,-0.264872],[0.644775,0.760013,0.0815146],[0.151815,-0.231849,0.960832]],[[0.746423,-0.603068,-0.281358],[0.341875,0.710239,-0.615371],[0.570942,0.363137,0.736313]],[[0.746423,-0.603068,-0.281358],[-0.506855,-0.241232,-0.82759],[0.431221,0.760339,-0.485729]],[[0.746423,-0.603068,-0.281358],[-0.659515,-0.726818,-0.191769],[-0.0888466,0.3287,-0.940246]]],"btipPosition":[-66.0911,272.381,7.67332],"carpPosition":[-18.0384,301.117,77.7674],"dipPosition":[-67.7384,278.475,-9.75943],"direction":[-0.431221,-0.760339,0.485729],"extended":false,"handId":851,"id":8512,"length":66.1101,"mcpPosition":[-28.4886,317.077,11.6288],"pipPosition":[-55.6401,299.807,-23.3871],"stabilizedTipPosition":[-44.9171,253.818,230.237],"timeVisible":0.958327,"tipPosition":[-66.2421,273.583,4.67993],"tipVelocity":[9.94166,55.0232,-139.287],"tool":false,"touchDistance":0.333333,"touchZone":"none","type":2,"width":18.7431},{"bases":[[[0.712568,-0.6902,-0.125977],[0.701161,0.706915,0.0929701],[0.024887,-0.154578,0.987667]],[[0.712014,-0.687345,-0.143505],[0.494446,0.63591,-0.592572],[0.498557,0.350964,0.792632]],[[0.712014,-0.687345,-0.143505],[-0.375899,-0.200504,-0.904709],[0.593074,0.698108,-0.401134]],[[0.712014,-0.687345,-0.143505],[-0.689974,-0.646963,-0.324615],[0.13028,0.330145,-0.934896]]],"btipPosition":[-50.6795,263.573,6.08428],"carpPosition":[-8.55289,294.657,73.8674],"dipPosition":[-48.2779,269.659,-11.1497],"direction":[-0.593074,-0.698108,0.401134],"extended":false,"handId":851,"id":8513,"length":63.5667,"mcpPosition":[-10.091,304.21,12.8275],"pipPosition":[-32.0683,288.739,-22.1132],"stabilizedTipPosition":[-25.4968,255.268,243.857],"timeVisible":0.958327,"tipPosition":[-49.7277,265.14,3.3444],"tipVelocity":[-0.224662,46.6338,-150.664],"tool":false,"touchDistance":0.333333,"touchZone":"none","type":3,"width":17.8352},{"bases":[[[0.584946,-0.810704,-0.0244364],[0.802882,0.574506,0.159135],[-0.114972,-0.112705,0.986954]],[[0.581115,-0.813799,0.00607012],[0.647761,0.45801,-0.608797],[0.492658,0.357713,0.793303]],[[0.581115,-0.813799,0.00607012],[-0.350877,-0.257269,-0.900388],[0.734296,0.521099,-0.435046]],[[0.581115,-0.813799,0.00607012],[-0.772146,-0.553697,-0.311787],[0.257093,0.176497,-0.950133]]],"btipPosition":[-31.7493,263.073,11.9224],"carpPosition":[-2.59781,282.161,71.5076],"dipPosition":[-27.3771,266.074,-4.23576],"direction":[-0.734296,-0.521099,0.435046],"extended":false,"handId":851,"id":8514,"length":49.8351,"mcpPosition":[3.9797,288.609,15.0444],"pipPosition":[-13.2073,276.13,-12.6309],"stabilizedTipPosition":[-16.3853,263.887,241.512],"timeVisible":0.958327,"tipPosition":[-30.6692,263.949,9.37647],"tipVelocity":[3.74127,48.1133,-134.747],"tool":false,"touchDistance":0.333333,"touchZone":"none","type":4,"width":15.8426}],"r":[[0.785267,-0.57962,0.217706],[0.61704,0.703555,-0.352523],[0.0511612,0.411158,0.910127]],"s":0.746195,"t":[7.98692,10.5093,-226.235],"timestamp":607021387804},false],[6,{"currentFrameRate":110.488,"devices":[],"gestures":[],"hands":[{"armBasis":[[0.724216,-0.274269,-0.632683],[0.538906,0.797536,0.271139],[0.430222,-0.53732,0.725394]],"armWidth":62.8676,"confidence":0.730164,"direction":[-0.0446313,0.342727,-0.938374],"elbow":[98.5313,142.548,274.819],"grabStrength":0,"id":851,"palmNormal":[-0.538684,-0.79931,-0.266315],"palmPosition":[-27.0761,304.249,32.1094],"palmVelocity":[2.57849,50.8473,-106.275],"palmWidth":89.7729,"pinchStrength":1,"r":[[0.784089,-0.580527,0.219526],[0.61882,0.704113,-0.348263],[0.0476048,0.408917,0.911329]],"s":0.746808,"sphereCenter":[-51.8082,282.12,1.57886],"sphereRadius":43.6983,"stabilizedPalmPosition":[-34.7558,294.191,250.71],"t":[8.02643,10.976,-227.218],"timeVisible":0.96714,"type":"right","wrist":[-16.0748,285.684,81.5821]}],"id":4432464,"interactionBox":{"center":[0,200,0],"size":[235.247,235.247,147.751]},"pointables":[{"bases":[[[0.811651,0.583178,-0.0335545],[-0.418768,0.620955,0.662607],[0.407253,-0.523754,0.748216]],[[0.626528,0.725751,-0.284164],[-0.687458,0.686371,0.237268],[0.367239,0.0466956,0.928954]],[[0.626528,0.725751,-0.284164],[-0.774077,0.621954,-0.118233],[0.0909291,0.294041,0.951458]],[[0.626528,0.725751,-0.284164],[-0.734886,0.428633,-0.525563],[-0.259626,0.538108,0.801894]]],"btipPosition":[-60.4782,265.277,-8.16494],"carpPosition":[-45.3278,289.893,88.1087],"dipPosition":[-66.4731,277.702,10.3512],"direction":[-0.0909292,-0.294041,-0.951458],"extended":false,"handId":851,"id":8510,"length":51.4192,"mcpPosition":[-45.3278,289.893,88.1087],"pipPosition":[-63.4143,287.594,42.3578],"stabilizedTipPosition":[-73.6286,259.255,169.049],"timeVisible":0.96714,"tipPosition":[-61.7768,267.555,-3.99149],"tipVelocity":[20.4344,61.2396,-131.835],"tool":false,"touchDistance":-0.416147,"touchZone":"touching","type":0,"width":19.9791},{"bases":[[[0.821888,-0.429049,-0.374723],[0.505243,0.852879,0.131633],[0.263117,-0.297513,0.917745]],[[0.857637,-0.479297,-0.18637],[0.508393,0.844791,0.166928],[0.0774355,-0.237913,0.968195]],[[0.857637,-0.479297,-0.18637],[0.494557,0.86806,0.0434168],[0.140971,-0.129407,0.98152]],[[0.857637,-0.479297,-0.18637],[0.477511,0.876751,-0.057378],[0.190901,-0.0397842,0.980803]]],"btipPosition":[-57.6725,340.44,-66.0077],"carpPosition":[-28.712,305.004,81.5866],"dipPosition":[-54.4545,339.77,-49.4743],"direction":[-0.140971,0.129407,-0.98152],"extended":true,"handId":851,"id":8511,"length":58.0209,"mcpPosition":[-47.8105,326.599,14.9717],"pipPosition":[-51.0928,336.684,-26.0679],"stabilizedTipPosition":[-85.408,323.796,120.122],"timeVisible":0.96714,"tipPosition":[-57.2433,339.17,-62.3129],"tipVelocity":[57.5885,101.495,-110.101],"tool":false,"touchDistance":-0.391679,"touchZone":"hovering","type":1,"width":19.0841},{"bases":[[[0.751625,-0.604366,-0.2642],[0.642573,0.761326,0.086503],[0.148863,-0.234786,0.960581]],[[0.748932,-0.600207,-0.280805],[0.342286,0.713255,-0.611643],[0.567398,0.361964,0.739622]],[[0.748932,-0.600207,-0.280805],[-0.502862,-0.238817,-0.83072],[0.431544,0.76336,-0.480679]],[[0.748932,-0.600207,-0.280805],[-0.657137,-0.727252,-0.198178],[-0.0852682,0.332949,-0.939082]]],"btipPosition":[-65.8954,272.811,6.37348],"carpPosition":[-18.139,301.453,76.7709],"dipPosition":[-67.4763,278.984,-11.0377],"direction":[-0.431544,-0.76336,0.480679],"extended":false,"handId":851,"id":8512,"length":66.1101,"mcpPosition":[-28.3859,317.615,10.6496],"pipPosition":[-55.3689,300.401,-24.5236],"stabilizedTipPosition":[-44.9312,253.831,230.086],"timeVisible":0.96714,"tipPosition":[-66.0299,274.044,3.36419],"tipVelocity":[13.7175,53.9067,-141.348],"tool":false,"touchDistance":0.333333,"touchZone":"none","type":2,"width":18.7431},{"bases":[[[0.714746,-0.687991,-0.125728],[0.699049,0.708329,0.0979832],[0.0216449,-0.157923,0.987214]],[[0.714236,-0.685016,-0.143593],[0.494767,0.63927,-0.588677],[0.495048,0.349409,0.795513]],[[0.714236,-0.685016,-0.143593],[-0.370344,-0.195802,-0.908023],[0.593895,0.701722,-0.393541]],[[0.714236,-0.685016,-0.143593],[-0.686487,-0.645663,-0.334446],[0.136388,0.337448,-0.931411]]],"btipPosition":[-50.5297,263.988,4.72976],"carpPosition":[-8.62313,295.03,72.8837],"dipPosition":[-48.0155,270.208,-12.4399],"direction":[-0.593895,-0.701722,0.393541],"extended":false,"handId":851,"id":8513,"length":63.5667,"mcpPosition":[-9.96083,304.79,11.8718],"pipPosition":[-31.7835,289.387,-23.196],"stabilizedTipPosition":[-25.5,255.269,243.825],"timeVisible":0.96714,"tipPosition":[-49.5447,265.601,1.97231],"tipVelocity":[5.21259,47.6974,-151.03],"tool":false,"touchDistance":0.333333,"touchZone":"none","type":3,"width":17.8352},{"bases":[[[0.587053,-0.80916,-0.025073],[0.800856,0.575945,0.164066],[-0.118315,-0.116395,0.986131]],[[0.58331,-0.81224,0.00401141],[0.648109,0.462451,-0.605057],[0.489596,0.355535,0.796172]],[[0.58331,-0.81224,0.00401141],[-0.344935,-0.25218,-0.904116],[0.735371,0.525996,-0.427269]],[[0.58331,-0.81224,0.00401141],[-0.768168,-0.553251,-0.32223],[0.263947,0.184878,-0.946653]]],"btipPosition":[-31.619,263.519,10.6554],"carpPosition":[-2.62827,282.557,70.5029],"dipPosition":[-27.1303,266.663,-5.44361],"direction":[-0.735371,-0.525996,0.427269],"extended":false,"handId":851,"id":8514,"length":49.8351,"mcpPosition":[4.14047,289.216,14.0868],"pipPosition":[-12.9397,276.813,-13.6887],"stabilizedTipPosition":[-16.3865,263.888,241.493],"timeVisible":0.96714,"tipPosition":[-30.4855,264.44,8.09051],"tipVelocity":[7.54012,49.7896,-136.763],"tool":false,"touchDistance":0.333333,"touchZone":"none","type"