{"sensorType":"Leap","data":[[0,{"currentFrameRate":105.285,"devices":[],"gestures":[],"hands":[{"armBasis":[[0.707048,-0.269399,-0.653841],[0.523925,0.82055,0.228473],[0.474959,-0.504105,0.721313]],"armWidth":62.8676,"confidence":0.893882,"direction":[0.0612343,0.463888,-0.883775],"elbow":[97.2872,124.41,274.092],"grabStrength":0,"id":849,"palmNormal":[-0.522764,-0.739375,-0.424314],"palmPosition":[-34.5967,283.931,34.5315],"palmVelocity":[12.8312,-24.2621,-139.615],"palmWidth":89.7729,"pinchStrength":1,"r":[[0.897093,-0.205518,0.391135],[0.271376,0.954877,-0.120689],[-0.348682,0.214414,0.912386]],"s":0.896026,"sphereCenter":[-60.2706,270.709,-0.701128],"sphereRadius":45.2088,"stabilizedPalmPosition":[-72.2965,266.017,200.42],"t":[57.5539,34.1716,-207.651],"timeVisible":0.59671,"type":"right","wrist":[-29.2363,258.697,81.9422]}],"id":4431321,"interactionBox":{"center":[0,200,0],"size":[235.247,235.247,147.751]},"pointables":[{"bases":[[[0.821672,0.555471,0.127701],[-0.474406,0.54235,0.693394],[0.315902,-0.630324,0.709152]],[[0.633825,0.757063,-0.158498],[-0.662586,0.637156,0.393716],[0.399056,-0.144529,0.905464]],[[0.633825,0.757063,-0.158498],[-0.771487,0.633466,-0.0594009],[0.0554331,0.159929,0.985571]],[[0.633825,0.757063,-0.158498],[-0.751084,0.553466,-0.359927],[-0.184763,0.347176,0.919419]]],"btipPosition":[-76.1807,256.7,-13.0259],"carpPosition":[-58.9288,262.978,85.9521],"dipPosition":[-80.447,264.716,8.20398],"direction":[-0.0554331,-0.159929,-0.985571],"extended":false,"handId":849,"id":8490,"length":51.4192,"mcpPosition":[-58.9288,262.978,85.9521],"pipPosition":[-78.5823,270.096,41.3581],"stabilizedTipPosition":[-125.393,244,163.033],"timeVisible":0.59671,"tipPosition":[-77.2809,257.889,-7.99026],"tipVelocity":[22.8382,-13.8729,-143.791],"tool":false,"touchDistance":-0.497997,"touchZone":"hovering","type":0,"width":19.9791},{"bases":[[[0.848486,-0.403173,-0.342817],[0.504758,0.811185,0.295294],[0.159033,-0.423592,0.891784]],[[0.858785,-0.437058,-0.267337],[0.508189,0.792934,0.336155],[0.0650612,-0.424543,0.903067]],[[0.858785,-0.437058,-0.267337],[0.499018,0.831762,0.243215],[0.116062,-0.342275,0.932404]],[[0.858785,-0.437058,-0.267337],[0.487784,0.857091,0.165718],[0.156704,-0.272719,0.949246]]],"btipPosition":[-61.1419,339.758,-58.008],"carpPosition":[-41.4313,278.256,83.2382],"dipPosition":[-58.5003,335.161,-42.0065],"direction":[-0.116062,0.342275,-0.932404],"extended":true,"handId":849,"id":8491,"length":58.0209,"mcpPosition":[-52.9748,309.003,18.5076],"pipPosition":[-55.7326,326.998,-19.7714],"stabilizedTipPosition":[-101.721,320.699,79.9307],"timeVisible":0.59671,"tipPosition":[-60.9914,337.097,-54.7703],"tipVelocity":[16.6678,3.02988,-130.38],"tool":false,"touchDistance":-0.509491,"touchZone":"hovering","type":1,"width":19.0841},{"bases":[[[0.763607,-0.589036,-0.264465],[0.644307,0.721849,0.252593],[0.042118,-0.363278,0.930728]],[[0.76431,-0.596361,-0.245324],[0.472702,0.776909,-0.415891],[0.438616,0.201904,0.8757]],[[0.76431,-0.596361,-0.245324],[-0.314907,-0.0131903,-0.949031],[0.562729,0.802608,-0.19788]],[[0.76431,-0.596361,-0.245324],[-0.626492,-0.596587,-0.501589],[0.152771,0.537063,-0.829593]]],"btipPosition":[-72.8572,257.949,-5.68217],"carpPosition":[-30.4789,275.02,79.0959],"dipPosition":[-70.0247,267.906,-21.0633],"direction":[-0.562729,-0.802608,0.19788],"extended":false,"handId":849,"id":8492,"length":66.1101,"mcpPosition":[-33.3781,300.026,15.0294],"pipPosition":[-54.2368,290.424,-26.6151],"stabilizedTipPosition":[-110.291,225.376,188.868],"timeVisible":0.59671,"tipPosition":[-72.359,259.551,-8.02003],"tipVelocity":[28.5251,-34.2645,-147.052],"tool":false,"touchDistance":0.333333,"touchZone":"none","type":2,"width":18.7431},{"bases":[[[0.710724,-0.688804,-0.142903],[0.698231,0.665972,0.262593],[-0.085706,-0.28641,0.954266]],[[0.705569,-0.702223,-0.0951624],[0.601683,0.664591,-0.443054],[0.374367,0.255347,0.89143]],[[0.705569,-0.702223,-0.0951624],[-0.219425,-0.0888063,-0.971579],[0.673814,0.706397,-0.216744]],[[0.705569,-0.702223,-0.0951624],[-0.639826,-0.573555,-0.511524],[0.304623,0.421803,-0.853983]]],"btipPosition":[-55.9684,248.212,-1.22817],"carpPosition":[-20.7306,268.85,75.3771],"dipPosition":[-50.3529,255.988,-16.9706],"direction":[-0.673814,-0.706397,0.216744],"extended":false,"handId":849,"id":8493,"length":63.5667,"mcpPosition":[-15.4338,286.551,16.4015],"pipPosition":[-31.9366,275.295,-22.8945],"stabilizedTipPosition":[-94.3617,222.586,183.84],"timeVisible":0.59671,"tipPosition":[-54.9092,249.604,-3.81247],"tipVelocity":[29.9326,-32.1763,-138.205],"tool":false,"touchDistance":0.333333,"touchZone":"none","type":3,"width":17.8352},{"bases":[[[0.570824,-0.817829,-0.0729066],[0.789941,0.522793,0.320439],[-0.223949,-0.240506,0.94446]],[[0.572204,-0.81632,-0.0787683],[0.708172,0.540257,-0.454549],[0.413613,0.204313,0.887232]],[[0.572204,-0.81632,-0.0787683],[-0.229258,-0.0670001,-0.971057],[0.787416,0.573701,-0.225485]],[[0.572204,-0.81632,-0.0787683],[-0.718531,-0.452711,-0.527983],[0.395344,0.358711,-0.845594]]],"btipPosition":[-38.2934,246.066,5.7229],"carpPosition":[-14.7578,256.606,71.9756],"dipPosition":[-31.57,252.166,-8.65746],"direction":[-0.787416,-0.5737,0.225485],"extended":false,"handId":849,"id":8494,"length":49.8351,"mcpPosition":[-1.94576,270.365,17.9435],"pipPosition":[-16.3751,263.237,-13.0087],"stabilizedTipPosition":[-74.3011,224.92,185.055],"timeVisible":0.59671,"tipPosition":[-37.0038,247.075,3.56358],"tipVelocity":[30.599,-25.2362,-140.693],"tool":false,"touchDistance":0.333333,"touchZone":"none","type":4,"width":15.8426}],"r":[[0.897093,-0.205518,0.391135],[0.271376,0.954877,-0.120689],[-0.348682,0.214414,0.912386]],"s":0.896026,"t":[57.5539,34.1716,-207.651],"timestamp":607010713311},false],[1,{"currentFrameRate":105.587,"devices":[],"gestures":[],"hands":[{"armBasis":[[0.708452,-0.273422,-0.650644],[0.52397,0.821384,0.225351],[0.472812,-0.500568,0.725176]],"armWidth":62.8676,"confidence":0.863299,"direction":[0.0575837,0.469392,-0.88111],"elbow":[97.1965,124.626,273.991],"grabStrength":0,"id":849,"palmNormal":[-0.52397,-0.737038,-0.426885],"palmPosition":[-34.3116,283.495,33.58],"palmVelocity":[18.0488,-30.9737,-130.672],"palmWidth":89.7729,"pinchStrength":1,"r":[[0.897514,-0.202761,0.391609],[0.268591,0.955653,-0.120771],[-0.349755,0.213577,0.912171]],"s":0.897709,"sphereCenter":[-60.1408,270.609,-1.62276],"sphereRadius":45.2319,"stabilizedPalmPosition":[-72.2956,266.018,200.415],"t":[57.7661,33.8582,-208.855],"timeVisible":0.605622,"type":"right","wrist":[-28.7552,257.971,80.8124]}],"id":4431322,"interactionBox":{"center":[0,200,0],"size":[235.247,235.247,147.751]},"pointables":[{"bases":[[[0.821842,0.555152,0.127994],[-0.472051,0.537763,0.698555],[0.318974,-0.634521,0.704016]],[[0.634964,0.757088,-0.153744],[-0.659185,0.634736,0.403218],[0.402858,-0.154683,0.902097]],[[0.634964,0.757088,-0.153744],[-0.770113,0.636074,-0.0483315],[0.0612012,0.149089,0.986928]],[[0.634964,0.757088,-0.153744],[-0.751023,0.558288,-0.352531],[-0.181064,0.33931,0.923084]]],"btipPosition":[-76.1532,256.978,-13.98],"carpPosition":[-58.4346,262.21,84.9625],"dipPosition":[-80.3341,264.813,7.33456],"direction":[-0.0612012,-0.149089,-0.986928],"extended":false,"handId":849,"id":8490,"length":51.4192,"mcpPosition":[-58.4346,262.21,84.9625],"pipPosition":[-78.2753,269.828,40.5343],"stabilizedTipPosition":[-125.385,244.003,163.003],"timeVisible":0.605622,"tipPosition":[-77.1851,258.034,-8.9434],"tipVelocity":[18.0612,-2.87899,-133.192],"tool":false,"touchDistance":-0.49055,"touchZone":"hovering","type":0,"width":19.9791},{"bases":[[[0.847393,-0.400542,-0.348557],[0.505428,0.809636,0.298382],[0.16269,-0.429017,0.888525]],[[0.857863,-0.4343,-0.27469],[0.509417,0.789009,0.343451],[0.0675721,-0.434566,0.898102]],[[0.857863,-0.4343,-0.27469],[0.499774,0.829495,0.249328],[0.119571,-0.351172,0.928645]],[[0.857863,-0.4343,-0.27469],[0.487992,0.856013,0.170605],[0.161045,-0.280402,0.946276]]],"btipPosition":[-61.1955,340.176,-58.3831],"carpPosition":[-40.9562,277.515,82.2763],"dipPosition":[-58.4808,335.45,-42.4316],"direction":[-0.119571,0.351172,-0.928645],"extended":true,"handId":849,"id":8491,"length":58.0209,"mcpPosition":[-52.7651,308.655,17.7823],"pipPosition":[-55.6293,327.075,-20.2862],"stabilizedTipPosition":[-101.717,320.701,79.9184],"timeVisible":0.605622,"tipPosition":[-61.0078,337.518,-55.1692],"tipVelocity":[11.0047,14.0874,-106.69],"tool":false,"touchDistance":-0.492674,"touchZone":"hovering","type":1,"width":19.0841},{"bases":[[[0.76292,-0.586936,-0.271035],[0.644863,0.720649,0.254593],[0.0458911,-0.369014,0.92829]],[[0.76371,-0.594492,-0.251648],[0.471285,0.779834,-0.412007],[0.441178,0.196056,0.875742]],[[0.76371,-0.594492,-0.251648],[-0.31828,-0.00760345,-0.947966],[0.561645,0.804066,-0.195022]],[[0.76371,-0.594492,-0.251648],[-0.62814,-0.594373,-0.502156],[0.148955,0.541572,-0.827353]]],"btipPosition":[-72.6766,257.788,-6.66179],"carpPosition":[-30.018,274.31,78.0721],"dipPosition":[-69.9149,267.829,-22.0014],"direction":[-0.561645,-0.804066,0.195022],"extended":false,"handId":849,"id":8492,"length":66.1101,"mcpPosition":[-33.1769,299.711,14.1735],"pipPosition":[-54.1574,290.388,-27.473],"stabilizedTipPosition":[-110.279,225.388,188.802],"timeVisible":0.605622,"tipPosition":[-72.1973,259.408,-9.02804],"tipVelocity":[25.7773,-29.2655,-136.649],"tool":false,"touchDistance":0.333333,"touchZone":"none","type":2,"width":18.7431},{"bases":[[[0.71056,-0.687486,-0.149891],[0.698856,0.664743,0.264041],[-0.0818852,-0.292369,0.952793]],[[0.705608,-0.701177,-0.102319],[0.600795,0.668547,-0.438281],[0.375717,0.247782,0.892996]],[[0.705608,-0.701177,-0.102319],[-0.222129,-0.0817549,-0.971584],[0.672887,0.708285,-0.213438]],[[0.705608,-0.701177,-0.102319],[-0.641684,-0.571022,-0.512031],[0.300598,0.426949,-0.852851]]],"btipPosition":[-55.7144,248.087,-2.41664],"carpPosition":[-20.2805,268.17,74.2779],"dipPosition":[-50.1731,255.958,-18.1382],"direction":[-0.672887,-0.708285,0.213438],"extended":false,"handId":849,"id":8493,"length":63.5667,"mcpPosition":[-15.2198,286.239,15.3932],"pipPosition":[-31.7821,275.316,-23.9717],"stabilizedTipPosition":[-94.339,222.602,183.732],"timeVisible":0.605622,"tipPosition":[-54.6864,249.479,-5.01559],"tipVelocity":[29.0213,-26.5752,-136.738],"tool":false,"touchDistance":0.333333,"touchZone":"none","type":3,"width":17.8352},{"bases":[[[0.571002,-0.817025,-0.0801613],[0.790868,0.521262,0.320645],[-0.220191,-0.246486,0.943801]],[[0.572308,-0.815538,-0.0857996],[0.705606,0.543053,-0.455208],[0.417833,0.199978,0.886242]],[[0.572308,-0.815538,-0.0857996],[-0.234679,-0.0626318,-0.970053],[0.785741,0.575304,-0.227235]],[[0.572308,-0.815538,-0.0857996],[-0.721193,-0.45076,-0.52602],[0.390314,0.362923,-0.846133]]],"btipPosition":[-38.0938,245.801,4.6401],"carpPosition":[-14.3138,255.95,70.7776],"dipPosition":[-31.456,251.973,-9.74944],"direction":[-0.785741,-0.575304,0.227235],"extended":false,"handId":849,"id":8494,"length":49.8351,"mcpPosition":[-1.71683,270.051,16.7832],"pipPosition":[-16.2934,263.075,-14.1344],"stabilizedTipPosition":[-74.2894,224.927,184.999],"timeVisible":0.605622,"tipPosition":[-36.8075,246.841,2.39858],"tipVelocity":[27.7633,-25.9567,-135.531],"tool":false,"touchDistance":0.333333,"touchZone":"none","type":4,"width":15.8426}],"r":[[0.897514,-0.202761,0.391609],[0.268591,0.955653,-0.120771],[-0.349755,0.213577,0.912171]],"s":0.897709,"t":[57.7661,33.8582,-208.855],"timestamp":607010722223},false],[2,{"currentFrameRate":101.253,"devices":[],"gestures":[],"hands":[{"armBasis":[[0.716676,-0.268079,-0.643824],[0.516294,0.824564,0.231378],[0.468846,-0.498226,0.729352]],"armWidth":62.8676,"confidence":0.810622,"direction":[0.0640511,0.472282,-0.879117],"elbow":[96.0778,125.286,271.936],"grabStrength":0,"id":849,"palmNormal":[-0.514767,-0.739048,-0.434538],"palmPosition":[-34.0287,283.632,30.4279],"palmVelocity":[16.9174,-12.6554,-151.508],"palmWidth":89.7729,"pinchStrength":1,"r":[[0.897253,-0.199661,0.393791],[0.265428,0.956668,-0.119725],[-0.352823,0.211947,0.911369]],"s":0.899761,"sphereCenter":[-59.705,271.22,-4.94071],"sphereRadius":45.2869,"stabilizedPalmPosition":[-72.2944,266.018,200.41],"t":[58.0137,33.7701,-211.033],"timeVisible":0.62368,"type":"right","wrist":[-28.8174,258.007,77.6449]}],"id":4431323,"interactionBox":{"center":[0,200,0],"size":[235.247,235.247,147.751]},"pointables":[{"bases":[[[0.816943,0.559881,0.138338],[-0.482832,0.532799,0.694981],[0.3154,-0.634554,0.705595]],[[0.633551,0.760408,-0.142803],[-0.665544,0.629744,0.400591],[0.394542,-0.158753,0.90506]],[[0.633551,0.760408,-0.142803],[-0.77206,0.63336,-0.0527169],[0.0503595,0.143652,0.988346]],[[0.633551,0.760408,-0.142803],[-0.748111,0.554995,-0.363745],[-0.197339,0.337284,0.920487]]],"btipPosition":[-75.1338,257.247,-17.5868],"carpPosition":[-58.5653,262.049,81.4894],"dipPosition":[-79.6905,265.035,3.66777],"direction":[-0.0503596,-0.143652,-0.988346],"extended":false,"handId":849,"id":8490,"length":51.4192,"mcpPosition":[-58.5653,262.049,81.4894],"pipPosition":[-77.9964,269.868,36.9153],"stabilizedTipPosition":[-125.374,244.006,162.965],"timeVisible":0.62368,"tipPosition":[-76.2543,258.265,-12.5976],"tipVelocity":[34.018,5.29547,-165.153],"tool":false,"touchDistance":-0.524137,"touchZone":"hovering","type":0,"width":19.9791},{"bases":[[[0.853552,-0.394257,-0.340604],[0.497145,0.8119,0.30605],[0.155874,-0.430559,0.889001]],[[0.863214,-0.427112,-0.269139],[0.501421,0.787286,0.358827],[0.0586303,-0.444697,0.89376]],[[0.863214,-0.427112,-0.269139],[0.492565,0.829397,0.263592],[0.11064,-0.360105,0.926328]],[[0.863214,-0.427112,-0.269139],[0.481323,0.857108,0.183561],[0.15228,-0.287996,0.945447]]],"btipPosition":[-60.16,341.014,-61.4073],"carpPosition":[-41.1552,277.47,79.0334],"dipPosition":[-57.5931,336.16,-45.4699],"direction":[-0.11064,0.360105,-0.926328],"extended":true,"handId":849,"id":8491,"length":58.0209,"mcpPosition":[-52.4694,308.723,14.5048],"pipPosition":[-54.9546,327.572,-23.3796],"stabilizedTipPosition":[-101.709,320.705,79.8898],"timeVisible":0.62368,"tipPosition":[-59.9776,338.327,-58.2241],"tipVelocity":[32.1141,28.6592,-135.638],"tool":false,"touchDistance":-0.517152,"touchZone":"hovering","type":1,"width":19.0841},{"bases":[[[0.769422,-0.581396,-0.264516],[0.637592,0.723907,0.263504],[0.0382848,-0.371399,0.927684]],[[0.770059,-0.589109,-0.244866],[0.470935,0.783828,-0.404763],[0.430382,0.196375,0.881026]],[[0.770059,-0.589109,-0.244866],[-0.308446,-0.00781277,-0.95121],[0.558453,0.808016,-0.187724]],[[0.770059,-0.589109,-0.244866],[-0.619208,-0.597761,-0.509179],[0.153591,0.543721,-0.825092]]],"btipPosition":[-71.771,257.822,-10.2528],"carpPosition":[-30.1529,274.346,74.9373],"dipPosition":[-68.9233,267.903,-25.5505],"direction":[-0.558453,-0.808016,0.187724],"extended":false,"handId":849,"id":8492,"length":66.1101,"mcpPosition":[-32.7882,299.911,11.0805],"pipPosition":[-53.2554,290.572,-30.8173],"stabilizedTipPosition":[-110.262,225.403,188.715],"timeVisible":0.62368,"tipPosition":[-71.2842,259.467,-12.6695],"tipVelocity":[37.8712,-14.2313,-165.936],"tool":false,"touchDistance":0.333333,"touchZone":"none","type":2,"width":18.7431},{"bases":[[[0.716402,-0.682619,-0.144223],[0.69183,0.668311,0.27337],[-0.0902222,-0.29562,0.951035]],[[0.711039,-0.696453,-0.0968312],[0.600797,0.673296,-0.430947],[0.365331,0.248245,0.897167]],[[0.711039,-0.696453,-0.0968312],[-0.212828,-0.0819144,-0.97365],[0.67017,0.712912,-0.206469]],[[0.711039,-0.696453,-0.0968312],[-0.633421,-0.574634,-0.51824],[0.305288,0.429824,-0.849736]]],"btipPosition":[-54.8103,248.196,-5.7875],"carpPosition":[-20.3373,268.277,71.2301],"dipPosition":[-49.1826,256.119,-21.4516],"direction":[-0.67017,-0.712912,0.206469],"extended":false,"handId":849,"id":8493,"length":63.5667,"mcpPosition":[-14.7614,286.547,12.4542],"pipPosition":[-30.8659,275.604,-27.0947],"stabilizedTipPosition":[-94.3095,222.622,183.593],"timeVisible":0.62368,"tipPosition":[-53.7599,249.62,-8.46716],"tipVelocity":[39.5371,-10.7802,-160.1],"tool":false,"touchDistance":0.333333,"touchZone":"none","type":3,"width":17.8352},{"bases":[[[0.57692,-0.813224,-0.0763541],[0.784128,0.525243,0.330551],[-0.228708,-0.250573,0.940694]],[[0.578286,-0.811702,-0.0820125],[0.706872,0.548703,-0.446383],[0.407331,0.200165,0.891076]],[[0.578286,-0.811702,-0.0820125],[-0.224902,-0.0619787,-0.972408],[0.784222,0.580775,-0.218395]],[[0.578286,-0.811702,-0.0820125],[-0.713371,-0.454321,-0.533567],[0.395838,0.36706,-0.841772]]],"btipPosition":[-37.2483,246.008,1.38629],"carpPosition":[-14.2574,256.105,67.7595],"dipPosition":[-30.5166,252.25,-12.9291],"direction":[-0.784222,-0.580775,0.218395],"extended":false,"handId":849,"id":8494,"length":49.8351,"mcpPosition":[-1.17311,270.44,13.9428],"pipPosition":[-15.3833,263.457,-17.1435],"stabilizedTipPosition":[-74.274,224.936,184.924],"timeVisible":0.62368,"tipPosition":[-35.9456,247.07,-0.894841],"tipVelocity":[37.3808,-7.77897,-156.288],"tool":false,"touchDistance":0.333333,"touchZone":"none","type":4,"width":15.8426}],"r":[[0.897253,-0.199661,0.393791],[0.265428,0.956668,-0.119725],[-0.352823,0.211947,0.911369]],"s":0.899761,"t":[58.0137,33.7701,-211.033],"timestamp":607010740281},false],[3,{"currentFrameRate":101.676,"devices":[],"gestures":[],"hands":[{"armBasis":[[0.720159,-0.268048,-0.639939],[0.513463,0.826225,0.231752],[0.466613,-0.495483,0.732645]],"armWidth":62.8676,"confidence":0.814683,"direction":[0.0642457,0.467613,-0.881596],"elbow":[95.6073,126.277,271.629],"grabStrength":0,"id":849,"palmNormal":[-0.511616,-0.743056,-0.431413],"palmPosition":[-33.8946,283.614,29.0928],"palmVelocity":[16.3551,-9.71641,-150.543],"palmWidth":89.7729,"pinchStrength":1,"r":[[0.897006,-0.196183,0.396098],[0.262339,0.957504,-0.119853],[-0.355752,0.21142,0.910353]],"s":0.901616,"sphereCenter":[-59.6695,271.265,-6.1635],"sphereRadius":45.3204,"stabilizedPalmPosition":[-72.294,266.019,200.408],"t":[58.2045,33.7172,-212.789],"timeVisible":0.632701,"type":"right","wrist":[-28.6929,258.268,76.4608]}],"id":4431324,"interactionBox":{"center":[0,200,0],"size":[235.247,235.247,147.751]},"pointables":[{"bases":[[[0.814917,0.563206,0.13678],[-0.485826,0.535111,0.691107],[0.316043,-0.629646,0.709692]],[[0.63199,0.76126,-0.145162],[-0.667688,0.629949,0.396682],[0.393423,-0.153776,0.906406]],[[0.63199,0.76126,-0.145162],[-0.77349,0.631211,-0.0573237],[0.0479895,0.148509,0.987746]],[[0.63199,0.76126,-0.145162],[-0.74775,0.549779,-0.372307],[-0.203616,0.343839,0.916687]]],"btipPosition":[-74.7494,256.875,-18.8079],"carpPosition":[-58.4606,262.237,80.2265],"dipPosition":[-79.451,264.815,2.35886],"direction":[-0.0479895,-0.148509,-0.987746],"extended":false,"handId":849,"id":8490,"length":51.4192,"mcpPosition":[-58.4606,262.237,80.2265],"pipPosition":[-77.8366,269.81,35.5862],"stabilizedTipPosition":[-125.369,244.007,162.949],"timeVisible":0.632701,"tipPosition":[-75.9206,257.937,-13.8507],"tipVelocity":[35.3662,-6.44821,-157.575],"tool":false,"touchDistance":-0.518677,"touchZone":"hovering","type":0,"width":19.9791},{"bases":[[[0.855432,-0.393445,-0.336803],[0.49401,0.81514,0.302489],[0.155529,-0.425143,0.891664]],[[0.864924,-0.425257,-0.266578],[0.4986,0.788855,0.359313],[0.0574908,-0.443694,0.894333]],[[0.864924,-0.425257,-0.266578],[0.489818,0.831048,0.263511],[0.109479,-0.358492,0.927091]],[[0.864924,-0.425257,-0.266578],[0.478601,0.858775,0.182883],[0.151158,-0.285764,0.946303]]],"btipPosition":[-59.9792,340.731,-62.9728],"carpPosition":[-41.0943,277.699,77.7181],"dipPosition":[-57.4311,335.914,-47.0209],"direction":[-0.109479,0.358492,-0.927091],"extended":true,"handId":849,"id":8491,"length":58.0209,"mcpPosition":[-52.3835,308.558,12.9963],"pipPosition":[-54.8204,327.365,-24.9125],"stabilizedTipPosition":[-101.705,320.706,79.8777],"timeVisible":0.632701,"tipPosition":[-59.784,338.047,-59.7887],"tipVelocity":[28.6621,12.4063,-145.963],"tool":false,"touchDistance":-0.517202,"touchZone":"hovering","type":1,"width":19.0841},{"bases":[[[0.771746,-0.580425,-0.259839],[0.634814,0.727357,0.260697],[0.0376804,-0.366141,0.929796]],[[0.772375,-0.588124,-0.239891],[0.469577,0.783045,-0.407845],[0.427709,0.202362,0.880974]],[[0.772375,-0.588124,-0.239891],[-0.306976,-0.0149979,-0.951599],[0.55606,0.808632,-0.192124]],[[0.772375,-0.588124,-0.239891],[-0.616616,-0.60367,-0.505339],[0.152387,0.538232,-0.828906]]],"btipPosition":[-71.4344,257.5,-11.4787],"carpPosition":[-30.0745,274.587,73.6602],"dipPosition":[-68.609,267.479,-26.8471],"direction":[-0.55606,-0.808632,0.192124],"extended":false,"handId":849,"id":8492,"length":66.1101,"mcpPosition":[-32.6682,299.79,9.65795],"pipPosition":[-53.0082,290.166,-32.2373],"stabilizedTipPosition":[-110.255,225.409,188.678],"timeVisible":0.632701,"tipPosition":[-70.9629,259.134,-13.9529],"tipVelocity":[37.5616,-20.8327,-158.167],"tool":false,"touchDistance":0.333333,"touchZone":"none","type":2,"width":18.7431},{"bases":[[[0.718813,-0.681148,-0.139087],[0.689207,0.671987,0.270974],[-0.091108,-0.290639,0.952485]],[[0.71341,-0.694724,-0.0916756],[0.599283,0.672674,-0.434015],[0.363189,0.254691,0.896229]],[[0.71341,-0.694724,-0.0916756],[-0.211617,-0.0888718,-0.973304],[0.66803,0.713765,-0.210417]],[[0.71341,-0.694724,-0.0916756],[-0.631119,-0.580148,-0.514896],[0.304525,0.42519,-0.852337]]],"btipPosition":[-54.4841,247.917,-6.90481],"carpPosition":[-20.2329,268.528,70.0052],"dipPosition":[-48.8705,255.755,-22.6168],"direction":[-0.66803,-0.713765,0.210417],"extended":false,"handId":849,"id":8493,"length":63.5667,"mcpPosition":[-14.6022,286.491,11.1397],"pipPosition":[-30.6123,275.263,-28.3679],"stabilizedTipPosition":[-94.2972,222.63,183.535],"timeVisible":0.632701,"tipPosition":[-53.4331,249.337,-9.6424],"tipVelocity":[38.5074,-16.9122,-150.465],"tool":false,"touchDistance":0.333333,"touchZone":"none","type":3,"width":17.8352},{"bases":[[[0.579613,-0.811814,-0.0707607],[0.781844,0.529528,0.32912],[-0.229714,-0.246086,0.941633]],[[0.580967,-0.810338,-0.0763528],[0.705975,0.548376,-0.4482],[0.405064,0.206487,0.890666]],[[0.580967,-0.810338,-0.0763528],[-0.223282,-0.0684633,-0.972347],[0.782702,0.58195,-0.220709]],[[0.580967,-0.810338,-0.0763528],[-0.71124,-0.459822,-0.531696],[0.395745,0.363203,-0.843486]]],"btipPosition":[-36.9315,245.825,0.274699],"carpPosition":[-14.1082,256.356,66.6135],"dipPosition":[-30.2014,252.001,-14.0698],"direction":[-0.782702,-0.58195,0.220709],"extended":false,"handId":849,"id":8494,"length":49.8351,"mcpPosition":[-0.966334,270.435,12.7431],"pipPosition":[-15.0975,263.231,-18.3289],"stabilizedTipPosition":[-74.2675,224.94,184.893],"timeVisible":0.632701,"tipPosition":[-35.6284,246.882,-2.03629],"tipVelocity":[36.7467,-11.6775,-147.395],"tool":false,"touchDistance":0.333333,"touchZone":"none","type":4,"width":15.8426}],"r":[[0.897006,-0.196183,0.396098],[0.262339,0.957504,-0.119853],[-0.355752,0.21142,0.910353]],"s":0.901616,"t":[58.2045,33.7172,-212.789],"timestamp":607010749302},false],[4,{"currentFrameRate":101.972,"devices":[],"gestures":[],"hands":[{"armBasis":[[0.721201,-0.271532,-0.63729],[0.513554,0.826986,0.228816],[0.464899,-0.492305,0.73587]],"armWidth":62.8676,"confidence":0.819682,"direction":[0.0641547,0.465507,-0.882716],"elbow":[95.2872,127.286,271.365],"grabStrength":0,"id":849,"palmNormal":[-0.511774,-0.74402,-0.429559],"palmPosition":[-33.763,283.665,27.9103],"palmVelocity":[15.7594,-5.45414,-144.208],"palmWidth":89.7729,"pinchStrength":1,"r":[[0.896802,-0.193231,0.398004],[0.259884,0.958101,-0.120426],[-0.358058,0.211433,0.909445]],"s":0.903537,"sphereCenter":[-59.7918,271.639,-7.20057],"sphereRadius":45.3661,"stabilizedPalmPosition":[-72.2936,266.019,200.407],"t":[58.3657,33.716,-214.259],"timeVisible":0.641941,"type":"right","wrist":[-28.5565,258.43,75.3375]}],"id":4431325,"interactionBox":{"center":[0,200,0],"size":[235.247,235.247,147.751]},"pointables":[{"bases":[[[0.815006,0.563434,0.135306],[-0.485649,0.536811,0.689913],[0.316087,-0.627994,0.711135]],[[0.633074,0.760222,-0.145879],[-0.66639,0.631117,0.397008],[0.393881,-0.154123,0.906148]],[[0.633074,0.760222,-0.145879],[-0.772552,0.632373,-0.0571604],[0.0487954,0.148886,0.98765]],[[0.633074,0.760222,-0.145879],[-0.746124,0.54907,-0.376591],[-0.206195,0.347254,0.914822]]],"btipPosition":[-74.602,256.976,-19.8767],"carpPosition":[-58.3231,262.412,79.0987],"dipPosition":[-79.3632,264.994,1.24702],"direction":[-0.0487954,-0.148886,-0.98765],"extended":false,"handId":849,"id":8490,"length":51.4192,"mcpPosition":[-58.3231,262.412,79.0987],"pipPosition":[-77.7217,270.003,34.4711],"stabilizedTipPosition":[-125.366,244.008,162.936],"timeVisible":0.641941,"tipPosition":[-75.7849,258.04,-14.9455],"tipVelocity":[29.4979,-1.02879,-146.109],"tool":false,"touchDistance":-0.511323,"touchZone":"hovering","type":0,"width":19.9791},{"bases":[[[0.855331,-0.394346,-0.336007],[0.494156,0.8158,0.300468],[0.155626,-0.42304,0.892647]],[[0.864638,-0.425155,-0.267665],[0.499209,0.786975,0.362576],[0.0564946,-0.447118,0.892689]],[[0.864638,-0.425155,-0.267665],[0.490397,0.829971,0.265818],[0.10914,-0.361099,0.926119]],[[0.864638,-0.425155,-0.267665],[0.479034,0.858256,0.184184],[0.151418,-0.287473,0.945744]]],"btipPosition":[-59.8015,340.982,-64.1093],"carpPosition":[-40.9555,277.866,76.5507],"dipPosition":[-57.249,336.136,-48.1668],"direction":[-0.10914,0.361099,-0.926119],"extended":true,"handId":849,"id":8491,"length":58.0209,"mcpPosition":[-52.2517,308.572,11.7575],"pipPosition":[-54.6464,327.525,-26.0816],"stabilizedTipPosition":[-101.702,320.708,79.8671],"timeVisible":0.641941,"tipPosition":[-59.5868,338.298,-60.9345],"tipVelocity":[26.0446,16.3313,-139.581],"tool":false,"touchDistance":-0.510895,"touchZone":"hovering","type":1,"width":19.0841},{"bases":[[[0.771635,-0.581132,-0.258585],[0.634942,0.7279,0.258861],[0.0377913,-0.363933,0.930658]],[[0.772276,-0.588949,-0.238178],[0.46978,0.781811,-0.409973],[0.427663,0.204721,0.880451]],[[0.772276,-0.588949,-0.238178],[-0.307849,-0.0189802,-0.951246],[0.555714,0.807948,-0.195965]],[[0.772276,-0.588949,-0.238178],[-0.617109,-0.606417,-0.501433],[0.150883,0.534226,-0.831767]]],"btipPosition":[-71.2645,257.486,-12.5141],"carpPosition":[-29.9367,274.743,72.4984],"dipPosition":[-68.467,267.391,-27.9356],"direction":[-0.555714,-0.807948,0.195965],"extended":false,"handId":849,"id":8492,"length":66.1101,"mcpPosition":[-32.5381,299.794,8.43679],"pipPosition":[-52.8759,290.058,-33.4336],"stabilizedTipPosition":[-110.249,225.414,188.647],"timeVisible":0.641941,"tipPosition":[-70.8077,259.126,-15.0716],"tipVelocity":[31.9845,-15.9478,-145.593],"tool":false,"touchDistance":0.333333,"touchZone":"none","type":2,"width":18.7431},{"bases":[[[0.718711,-0.681561,-0.137586],[0.689331,0.672549,0.269261],[-0.0909846,-0.288362,0.953189]],[[0.71333,-0.694991,-0.0902647],[0.598713,0.671264,-0.436975],[0.364285,0.257665,0.894933]],[[0.71333,-0.694991,-0.0902647],[-0.213984,-0.09334,-0.972368],[0.667362,0.712934,-0.215299]],[[0.71333,-0.694991,-0.0902647],[-0.632428,-0.58285,-0.510216],[0.301985,0.421038,-0.855296]]],"btipPosition":[-54.3385,247.891,-7.85221],"carpPosition":[-20.0964,268.675,68.8562],"dipPosition":[-48.7717,255.652,-23.6188],"direction":[-0.667362,-0.712934,0.215299],"extended":false,"handId":849,"id":8493,"length":63.5667,"mcpPosition":[-14.4733,286.496,9.94715],"pipPosition":[-30.5317,275.138,-29.5032],"stabilizedTipPosition":[-94.2871,222.636,183.487],"timeVisible":0.641941,"tipPosition":[-53.2895,249.318,-10.7011],"tipVelocity":[31.794,-13.4991,-137.388],"tool":false,"touchDistance":0.333333,"touchZone":"none","type":3,"width":17.8352},{"bases":[[[0.579506,-0.812048,-0.0689253],[0.78196,0.530218,0.32773],[-0.229587,-0.243819,0.942254]],[[0.580816,-0.810633,-0.07434],[0.705965,0.547072,-0.449805],[0.405296,0.208773,0.890027]],[[0.580816,-0.810633,-0.07434],[-0.224114,-0.0714438,-0.971941],[0.782576,0.58118,-0.22317]],[[0.580816,-0.810633,-0.07434],[-0.711892,-0.461525,-0.529343],[0.394793,0.360373,-0.845145]]],"btipPosition":[-36.7938,245.816,-0.783903],"carpPosition":[-13.9737,256.494,65.4924],"dipPosition":[-30.0798,251.944,-15.1566],"direction":[-0.782576,-0.58118,0.22317],"extended":false,"handId":849,"id":8494,"length":49.8351,"mcpPosition":[-0.839064,270.443,11.5865],"pipPosition":[-14.9783,263.159,-19.4632],"stabilizedTipPosition":[-74.2623,224.943,184.867],"timeVisible":0.641941,"tipPosition":[-35.4924,246.872,-3.13842],"tipVelocity":[30.5025,-9.00828,-138.375],"tool":false,"touchDistance":0.333333,"touchZone":"none","type":4,"width":15.8426}],"r":[[0.896802,-0.193231,0.398004],[0.259884,0.958101,-0.120426],[-0.358058,0.211433,0.909445]],"s":0.903537,"t":[58.3657,33.716,-214.259],"timestamp":607010758542},false],[5,{"currentFrameRate":102.463,"devices":[],"gestures":[],"hands":[{"armBasis":[[0.724063,-0.270867,-0.634321],[0.511734,0.827579,0.230741],[0.46245,-0.491675,0.737832]],"armWidth":62.8676,"confidence":0.822609,"direction":[0.0649628,0.46533,-0.88275],"elbow":[94.7465,127.657,270.818],"grabStrength":0,"id":849,"palmNormal":[-0.50967,-0.745061,-0.430256],"palmPosition":[-33.6083,283.843,26.8229],"palmVelocity":[16.24,1.4755,-138.556],"palmWidth":89.7729,"pinchStrength":1,"r":[[0.896551,-0.190527,0.399869],[0.257627,0.958656,-0.120856],[-0.360311,0.211371,0.908569]],"s":0.905783,"sphereCenter":[-59.9303,272.329,-8.1561],"sphereRadius":45.4312,"stabilizedPalmPosition":[-72.2934,266.019,200.406],"t":[58.5237,33.8045,-215.537],"timeVisible":0.650762,"type":"right","wrist":[-28.4449,258.633,74.268]}],"id":4431326,"interactionBox":{"center":[0,200,0],"size":[235.247,235.247,147.751]},"pointables":[{"bases":[[[0.813761,0.564913,0.136622],[-0.487865,0.53618,0.688838],[0.31588,-0.627203,0.711924]],[[0.632784,0.760814,-0.14404],[-0.667467,0.630232,0.396604],[0.39252,-0.154822,0.906619]],[[0.632784,0.760814,-0.14404],[-0.772894,0.631907,-0.0577028],[0.0471188,0.147841,0.987888]],[[0.632784,0.760814,-0.14404],[-0.74486,0.547249,-0.381709],[-0.211584,0.348829,0.91299]]],"btipPosition":[-74.2564,257.161,-20.9914],"carpPosition":[-58.2253,262.564,77.973],"dipPosition":[-79.1419,265.216,0.0900786],"direction":[-0.0471188,-0.147841,-0.987888],"extended":false,"handId":849,"id":8490,"length":51.4192,"mcpPosition":[-58.2253,262.564,77.973],"pipPosition":[-77.5569,270.189,33.3222],"stabilizedTipPosition":[-125.363,244.009,162.925],"timeVisible":0.650762,"tipPosition":[-75.4768,258.234,-16.084],"tipVelocity":[31.2376,5.16868,-141.077],"tool":false,"touchDistance":-0.50539,"touchZone":"hovering","type":0,"width":19.9791},{"bases":[[[0.856642,-0.392948,-0.334299],[0.492163,0.816767,0.301109],[0.154724,-0.422472,0.893072]],[[0.865665,-0.422798,-0.268079],[0.497672,0.784846,0.369242],[0.0542866,-0.453055,0.889828]],[[0.865665,-0.422798,-0.268079],[0.489034,0.828724,0.272146],[0.107101,-0.366687,0.924159]],[[0.865665,-0.422798,-0.268079],[0.477746,0.857709,0.189982],[0.14961,-0.292535,0.944479]]],"btipPosition":[-59.4881,341.593,-65.0496],"carpPosition":[-40.8802,278.048,75.4519],"dipPosition":[-56.9661,336.661,-49.1285],"direction":[-0.107101,0.366687,-0.924159],"extended":true,"handId":849,"id":8491,"length":58.0209,"mcpPosition":[-52.111,308.713,10.6278],"pipPosition":[-54.4121,327.917,-27.09],"stabilizedTipPosition":[-101.699,320.709,79.8563],"timeVisible":0.650762,"tipPosition":[-59.268,338.88,-61.8958],"tipVelocity":[28.3902,30.0102,-130.829],"tool":false,"touchDistance":-0.502317,"touchZone":"hovering","type":1,"width":19.0841},{"bases":[[[0.773132,-0.579856,-0.256969],[0.633181,0.729103,0.259791],[0.0367155,-0.363561,0.930847]],[[0.773758,-0.587808,-0.236178],[0.469386,0.78236,-0.409378],[0.425412,0.205901,0.881266]],[[0.773758,-0.587808,-0.236178],[-0.306517,-0.0211224,-0.951631],[0.554387,0.808725,-0.196517]],[[0.773758,-0.587808,-0.236178],[-0.615362,-0.608906,-0.500563],[0.150425,0.53265,-0.832861]]],"btipPosition":[-70.9494,257.611,-13.6076],"carpPosition":[-29.8485,274.942,71.421],"dipPosition":[-68.1605,267.487,-29.0493],"direction":[-0.554387,-0.808725,0.196517],"extended":false,"handId":849,"id":8492,"length":66.1101,"mcpPosition":[-32.3758,299.968,7.34638],"pipPosition":[-52.6065,290.176,-34.5628],"stabilizedTipPosition":[-110.244,225.418,188.622],"timeVisible":0.650762,"tipPosition":[-70.502,259.261,-16.225],"tipVelocity":[32.9312,-8.01126,-139.896],"tool":false,"touchDistance":0.333333,"touchZone":"none","type":2,"width":18.7431},{"bases":[[[0.720162,-0.680339,-0.136035],[0.687648,0.67385,0.270309],[-0.0922345,-0.28821,0.953115]],[[0.714751,-0.693697,-0.0889699],[0.59592,0.670657,-0.4417],[0.366074,0.262687,0.892741]],[[0.714751,-0.693697,-0.0889699],[-0.217996,-0.100103,-0.970802],[0.664536,0.713277,-0.222772]],[[0.714751,-0.693697,-0.0889699],[-0.63291,-0.587437,-0.504324],[0.297583,0.416776,-0.858919]]],"btipPosition":[-54.0762,247.945,-8.53724],"carpPosition":[-19.9908,268.891,67.7989],"dipPosition":[-48.5905,255.628,-24.3706],"direction":[-0.664536,-0.713277,0.222772],"extended":false,"handId":849,"id":8493,"length":63.5667,"mcpPosition":[-14.2905,286.703,8.89444],"pipPosition":[-30.4278,275.123,-30.4593],"stabilizedTipPosition":[-94.2792,222.642,183.449],"timeVisible":0.650762,"tipPosition":[-53.0051,249.425,-11.6207],"tipVelocity":[30.6681,-8.74815,-121.736],"tool":false,"touchDistance":0.333333,"touchZone":"none","type":3,"width":17.8352},{"bases":[[[0.581062,-0.811048,-0.0675879],[0.78042,0.531702,0.328996],[-0.230895,-0.243914,0.941909]],[[0.582345,-0.80967,-0.0728598],[0.705814,0.54804,-0.448864],[0.403362,0.209969,0.890625]],[[0.582345,-0.80967,-0.0728598],[-0.222975,-0.0728964,-0.972095],[0.781765,0.582341,-0.222987]],[[0.582345,-0.80967,-0.0728598],[-0.710697,-0.46354,-0.529189],[0.394695,0.359952,-0.84537]]],"btipPosition":[-36.501,245.99,-1.82669],"carpPosition":[-13.8405,256.719,64.4505],"dipPosition":[-29.7887,252.111,-16.2032],"direction":[-0.781765,-0.582341,0.222987],"extended":false,"handId":849,"id":8494,"length":49.8351,"mcpPosition":[-0.631057,270.674,10.5643],"pipPosition":[-14.7028,263.349,-20.5063],"stabilizedTipPosition":[-74.2581,224.945,184.847],"timeVisible":0.650762,"tipPosition":[-35.1999,247.051,-4.22216],"tipVelocity":[31.2171,-1.30081,-132.96],"tool":false,"touchDistance":0.333333,"touchZone":"none","type":4,"width":15.8426}],"r":[[0.896551,-0.190527,0.399869],[0.257627,0.958656,-0.120856],[-0.360311,0.211371,0.908569]],"s":0.905783,"t":[58.5237,33.8045,-215.537],"timestamp":607010767363},false],[6,{"currentFrameRate":102.818,"devices":[],"gestures":[],"hands":[{"armBasis":[[0.725809,-0.270551,-0.632458],[0.510869,0.827705,0.2322],[0.460667,-0.491636,0.738972]],"armWidth":62.8676,"confidence":0.830052,"direction":[0.0663956,0.46353,-0.88359],"elbow":[94.3361,127.827,270.282],"grabStrength":0,"id":849,"palmNormal":[-0.508367,-0.746275,-0.429695],"palmPosition":[-33.4667,283.901,25.9207],"palmVelocity":[16.0771,2.84103,-127.831],"palmWidth":89.7729,"pinchStrength":1,"r":[[0.896209,-0.188083,0.401788],[0.255749,0.959077,-0.121503],[-0.362493,0.211649,0.907636]],"s":0.908365,"sphereCenter":[-60.0783,272.81,-8.90499],"sphereRadius":45.4905,"stabilizedPalmPosition":[-72.2932,266.019,200.405],"t":[58.6735,33.8779,-216.628],"timeVisible":0.659813,"type":"right","wrist":[-28.3801,258.794,73.4282]}],"id":4431327,"interactionBox":{"center":[0,200,0],"size":[235.247,235.247,147.751]},"pointables":[{"bases":[[[0.813142,0.565706,0.13703],[-0.489541,0.537309,0.686767],[0.31488,-0.62552,0.713845]],[[0.633783,0.760183,-0.142975],[-0.66732,0.630824,0.395911],[0.391157,-0.155511,0.90709]],[[0.633783,0.760183,-0.142975],[-0.772129,0.632793,-0.0582202],[0.0462157,0.147294,0.988012]],[[0.633783,0.760183,-0.142975],[-0.742492,0.546065,-0.387966],[-0.216851,0.352044,0.910517]]],"btipPosition":[-73.9821,257.288,-21.8677],"carpPosition":[-58.1702,262.713,77.067],"dipPosition":[-78.9893,265.417,-0.843389],"direction":[-0.0462157,-0.147294,-0.988012],"extended":false,"handId":849,"id":8490,"length":51.4192,"mcpPosition":[-58.1702,262.713,77.067],"pipPosition":[-77.4346,270.372,32.3929],"stabilizedTipPosition":[-125.36,244.01,162.915],"timeVisible":0.659813,"tipPosition":[-75.2241,258.356,-16.9896],"tipVelocity":[30.1278,8.14843,-129.268],"tool":false,"touchDistance":-0.496526,"touchZone":"hovering","type":0,"width":19.9791},{"bases":[[[0.857537,-0.393108,-0.331808],[0.491067,0.817701,0.300364],[0.153244,-0.420514,0.894251]],[[0.866248,-0.421952,-0.267528],[0.496929,0.783102,0.373915],[0.0517276,-0.456846,0.88804]],[[0.866248,-0.421952,-0.267528],[0.488512,0.827592,0.27649],[0.104739,-0.3702,0.923029]],[[0.866248,-0.421952,-0.267528],[0.477346,0.857068,0.193844],[0.147497,-0.29562,0.94385]]],"btipPosition":[-59.1298,341.902,-65.9264],"carpPosition":[-40.8298,278.202,74.5473],"dipPosition":[-56.6435,336.918,-50.0158],"direction":[-0.104739,0.3702,-0.923029],"extended":true,"handId":849,"id":8491,"length":58.0209,"mcpPosition":[-51.9531,308.726,9.63771],"pipPosition":[-54.1458,328.09,-28.0043],"stabilizedTipPosition":[-101.695,320.711,79.8431],"timeVisible":0.659813,"tipPosition":[-58.9033,339.184,-62.7825],"tipVelocity":[31.2279,30.7928,-121.534],"tool":false,"touchDistance":-0.493607,"touchZone":"hovering","type":1,"width":19.0841},{"bases":[[[0.773992,-0.579907,-0.254252],[0.63222,0.730038,0.259504],[0.0351255,-0.361597,0.931673]],[[0.774592,-0.58799,-0.232971],[0.469942,0.781603,-0.410185],[0.423276,0.208242,0.881744]],[[0.774592,-0.58799,-0.232971],[-0.305358,-0.0251031,-0.951907],[0.553863,0.808479,-0.198992]],[[0.774592,-0.58799,-0.232971],[-0.614365,-0.612035,-0.497965],[0.150212,0.528849,-0.835317]]],"btipPosition":[-70.6596,257.595,-14.4487],"carpPosition":[-29.7884,275.096,70.5444],"dipPosition":[-67.8745,267.401,-29.936],"direction":[-0.553863,-0.808479,0.198992],"extended":false,"handId":849,"id":8492,"length":66.1101,"mcpPosition":[-32.2062,299.986,6.41299],"pipPosition":[-52.3353,290.083,-35.5189],"stabilizedTipPosition":[-110.24,225.422,188.6],"timeVisible":0.659813,"tipPosition":[-70.2237,259.249,-17.144],"tipVelocity":[32.6534,-6.77255,-127.258],"tool":false,"touchDistance":0.333333,"touchZone":"none","type":2,"width":18.7431},{"bases":[[[0.720849,-0.68017,-0.133212],[0.6867,0.674842,0.270243],[-0.0939146,-0.286281,0.953532]],[[0.715394,-0.693356,-0.0864228],[0.591933,0.667122,-0.452287],[0.371251,0.272407,0.887675]],[[0.715394,-0.693356,-0.0864228],[-0.225308,-0.111832,-0.967848],[0.661399,0.711864,-0.236223]],[[0.715394,-0.693356,-0.0864228],[-0.634821,-0.593303,-0.494969],[0.291915,0.408961,-0.864602]]],"btipPosition":[-53.9393,247.732,-8.71204],"carpPosition":[-19.9198,269.043,66.9542],"dipPosition":[-48.5581,255.271,-24.6502],"direction":[-0.661399,-0.711864,0.236223],"extended":false,"handId":849,"id":8493,"length":63.5667,"mcpPosition":[-14.1157,286.735,8.02397],"pipPosition":[-30.4812,274.727,-31.1065],"stabilizedTipPosition":[-94.2718,222.646,183.415],"timeVisible":0.659813,"tipPosition":[-52.8166,249.297,-12.118],"tipVelocity":[25.646,-13.8355,-94.2116],"tool":false,"touchDistance":0.333333,"touchZone":"none","type":3,"width":17.8352},{"bases":[[[0.581696,-0.810824,-0.0647638],[0.779446,0.532874,0.329408],[-0.232581,-0.242095,0.941964]],[[0.582973,-0.809473,-0.0699696],[0.705206,0.546884,-0.451224],[0.403519,0.213708,0.889664]],[[0.582973,-0.809473,-0.0699696],[-0.224653,-0.0778326,-0.971325],[0.780816,0.581975,-0.227225]],[[0.582973,-0.809473,-0.0699696],[-0.71122,-0.466778,-0.525627],[0.392821,0.35619,-0.847833]]],"btipPosition":[-36.2748,245.975,-2.47993],"carpPosition":[-13.7554,256.868,63.6432],"dipPosition":[-29.5944,252.033,-16.8984],"direction":[-0.780816,-0.581975,0.227225],"extended":false,"handId":849,"id":8494,"length":49.8351,"mcpPosition":[-0.449581,270.719,9.75383],"pipPosition":[-14.5268,263.263,-21.2832],"stabilizedTipPosition":[-74.2545,224.947,184.83],"timeVisible":0.659813,"tipPosition":[-34.9638,247.053,-5.00017],"tipVelocity":[29.2761,-1.83287,-116.483],"tool":false,"touchDistance":0.333333,"touchZone":"none","type":4,"w