{"sensorType":"Leap","data":[[0,{"currentFrameRate":108.839,"devices":[],"gestures":[],"hands":[{"armBasis":[[0.87459,0.0811899,-0.478017],[0.225426,0.804761,0.54913],[0.429273,-0.588021,0.685533]],"armWidth":60.8484,"confidence":0.793793,"direction":[0.131689,0.4,-0.907005],"elbow":[82.1327,141.694,263.905],"grabStrength":0,"id":848,"palmNormal":[-0.247383,-0.872763,-0.420817],"palmPosition":[-29.7651,312.367,38.5295],"palmVelocity":[5.5839,-10.1747,-181.15],"palmWidth":86.8895,"pinchStrength":0.694965,"r":[[0.916942,-0.203499,0.343227],[0.343971,0.839096,-0.42143],[-0.20224,0.504487,0.8394]],"s":0.895138,"sphereCenter":[-56.8811,290.173,1.88089],"sphereRadius":51.2931,"stabilizedPalmPosition":[-46.4449,262.848,239.833],"t":[19.1753,54.8299,-215.831],"timeVisible":1.22935,"type":"right","wrist":[-28.5478,293.304,87.1528]}],"id":4430820,"interactionBox":{"center":[0,200,0],"size":[235.247,235.247,147.751]},"pointables":[{"bases":[[[0.633235,0.746087,0.205834],[-0.713304,0.459383,0.529306],[0.300352,-0.481997,0.823084]],[[0.462122,0.876079,-0.137581],[-0.846142,0.482033,0.227347],[0.265493,0.0113514,0.964046]],[[0.462122,0.876079,-0.137581],[-0.886812,0.457013,-0.068579],[0.0027959,0.153701,0.988114]],[[0.462122,0.876079,-0.137581],[-0.866341,0.412841,-0.281097],[-0.189464,0.249093,0.949766]]],"btipPosition":[-66.1741,279.501,-14.0108],"carpPosition":[-57.6619,290.613,85.3417],"dipPosition":[-70.4084,285.068,7.21546],"direction":[-0.0027959,-0.153701,-0.988114],"extended":false,"handId":848,"id":8480,"length":49.7677,"mcpPosition":[-57.6619,290.613,85.3417],"pipPosition":[-70.3174,290.072,39.3875],"stabilizedTipPosition":[-114.451,253.585,222.507],"timeVisible":1.22935,"tipPosition":[-68.4909,280.611,-9.08851],"tipVelocity":[38.1616,1.69661,-185.765],"tool":false,"touchDistance":-0.567558,"touchZone":"hovering","type":0,"width":19.3374},{"bases":[[[0.96841,-0.208662,-0.136534],[0.239995,0.92857,0.283127],[0.0677039,-0.306951,0.949314]],[[0.969583,-0.214833,-0.117287],[0.2435,0.895263,0.37311],[0.0248467,-0.39032,0.920344]],[[0.969583,-0.214833,-0.117287],[0.238896,0.934915,0.262416],[0.053278,-0.282454,0.9578]],[[0.969583,-0.214833,-0.117287],[0.232586,0.957943,0.168074],[0.0762468,-0.190241,0.978772]]],"btipPosition":[-52.5534,356.043,-58.4736],"carpPosition":[-44.3038,308.842,84.0543],"dipPosition":[-51.3094,352.939,-42.5043],"direction":[-0.053278,0.282454,-0.9578],"extended":true,"handId":848,"id":8481,"length":56.1573,"mcpPosition":[-49.0603,330.406,17.3611],"pipPosition":[-50.0797,346.42,-20.3972],"stabilizedTipPosition":[-81.3532,323.264,105.338],"timeVisible":1.22935,"tipPosition":[-52.4751,354.097,-55.1152],"tipVelocity":[15.0382,14.2594,-173.625],"tool":false,"touchDistance":-0.571602,"touchZone":"hovering","type":1,"width":18.4711},{"bases":[[[0.913456,-0.403434,-0.0532758],[0.401689,0.87296,0.276742],[-0.0651395,-0.274192,0.959466]],[[0.897347,-0.435524,0.0713309],[0.38844,0.702709,-0.596083],[0.209483,0.562601,0.799748]],[[0.897347,-0.435524,0.0713309],[0.286885,0.452833,-0.844179],[0.335359,0.777985,0.531294]],[[0.897347,-0.435524,0.0713309],[0.212098,0.283849,-0.935117],[0.387018,0.854253,0.347085]]],"btipPosition":[-54.0414,264.013,-38.9977],"carpPosition":[-32.6873,308.097,82.3924],"dipPosition":[-47.0963,279.343,-32.7692],"direction":[-0.335359,-0.777985,-0.531294],"extended":false,"handId":848,"id":8482,"length":63.9867,"mcpPosition":[-28.3475,326.365,18.469],"pipPosition":[-37.9896,300.469,-18.3419],"stabilizedTipPosition":[-57.2539,289.044,51.6846],"timeVisible":1.22935,"tipPosition":[-51.6056,268.908,-39.1581],"tipVelocity":[-8.71005,-56.8886,-111.413],"tool":false,"touchDistance":-0.483162,"touchZone":"touching","type":2,"width":18.1411},{"bases":[[[0.861017,-0.504038,0.0677889],[0.463644,0.83272,0.302673],[-0.209008,-0.229177,0.950681]],[[0.839484,-0.522121,0.150523],[0.496057,0.623307,-0.604496],[0.221798,0.582132,0.782258]],[[0.839484,-0.522121,0.150523],[0.377378,0.360894,-0.852843],[0.390965,0.772752,0.500001]],[[0.839484,-0.522121,0.150523],[0.287814,0.192288,-0.938183],[0.460901,0.830912,0.311696]]],"btipPosition":[-37.1542,257.957,-27.7742],"carpPosition":[-21.6274,304.353,81.2567],"dipPosition":[-28.9308,272.782,-22.2129],"direction":[-0.390965,-0.772752,-0.500001],"extended":false,"handId":848,"id":8483,"length":61.525,"mcpPosition":[-9.12511,318.061,24.3898],"pipPosition":[-18.5884,293.224,-8.9861],"stabilizedTipPosition":[-31.0572,271.705,8.33627],"timeVisible":1.22935,"tipPosition":[-34.2244,262.461,-27.999],"tipVelocity":[5.50721,-19.276,-156.051],"tool":false,"touchDistance":-0.50279,"touchZone":"touching","type":3,"width":17.2624},{"bases":[[[0.742517,-0.65779,0.126416],[0.57162,0.720646,0.392325],[-0.349169,-0.219046,0.911098]],[[0.62805,-0.691974,0.355985],[0.744486,0.401163,-0.533675],[0.226481,0.600201,0.767115]],[[0.62805,-0.691974,0.355985],[0.605484,0.147185,-0.782129],[0.488817,0.70676,0.511418]],[[0.62805,-0.691974,0.355985],[0.494475,0.00164147,-0.869191],[0.600873,0.721921,0.343194]]],"btipPosition":[-20.1272,260.834,-11.0917],"carpPosition":[-12.7939,294.055,80.4608],"dipPosition":[-10.2368,272.717,-5.44268],"direction":[-0.488817,-0.70676,-0.511418],"extended":false,"handId":848,"id":8484,"length":48.2344,"mcpPosition":[6.54027,306.184,30.0114],"pipPosition":[-1.10702,285.917,4.10926],"stabilizedTipPosition":[-11.422,269.379,21.0459],"timeVisible":1.22935,"tipPosition":[-16.4264,264.241,-11.0003],"tipVelocity":[-9.1033,-9.45674,-156.603],"tool":false,"touchDistance":-0.505278,"touchZone":"hovering","type":4,"width":15.3338}],"r":[[0.916942,-0.203499,0.343227],[0.343971,0.839096,-0.42143],[-0.20224,0.504487,0.8394]],"s":0.895138,"t":[19.1753,54.8299,-215.831],"timestamp":607006022293},false],[1,{"currentFrameRate":108.981,"devices":[],"gestures":[],"hands":[{"armBasis":[[0.874861,0.07741,-0.478149],[0.226875,0.80668,0.545706],[0.427957,-0.585897,0.68817]],"armWidth":60.8484,"confidence":0.730967,"direction":[0.134193,0.402357,-0.905594],"elbow":[81.806,141.957,263.157],"grabStrength":0,"id":848,"palmNormal":[-0.247964,-0.871154,-0.423799],"palmPosition":[-29.622,312.223,37.1532],"palmVelocity":[8.43481,-11.8062,-173.825],"palmWidth":86.8895,"pinchStrength":0.690661,"r":[[0.916529,-0.203371,0.344404],[0.343996,0.840128,-0.419348],[-0.20406,0.502818,0.839961]],"s":0.894961,"sphereCenter":[-56.4894,290.088,0.367394],"sphereRadius":51.2433,"stabilizedPalmPosition":[-46.4449,262.848,239.833],"t":[19.3091,54.7206,-217.307],"timeVisible":1.23827,"type":"right","wrist":[-28.535,293.02,85.7245]}],"id":4430821,"interactionBox":{"center":[0,200,0],"size":[235.247,235.247,147.751]},"pointables":[{"bases":[[[0.634043,0.744451,0.209241],[-0.713622,0.459056,0.529162],[0.297882,-0.48483,0.822318]],[[0.464803,0.875426,-0.132618],[-0.844587,0.483327,0.230365],[0.265765,0.0049332,0.964025]],[[0.464803,0.875426,-0.132618],[-0.885414,0.459472,-0.0701947],[-0.000516136,0.150048,0.988679]],[[0.464803,0.875426,-0.132618],[-0.861681,0.412795,-0.295137],[-0.203627,0.251455,0.946206]]],"btipPosition":[-65.7506,279.642,-15.4437],"carpPosition":[-57.6497,290.382,83.8466],"dipPosition":[-70.3014,285.262,5.70296],"direction":[0.000516136,-0.150048,-0.988679],"extended":false,"handId":848,"id":8480,"length":49.7677,"mcpPosition":[-57.6497,290.382,83.8466],"pipPosition":[-70.3182,290.147,37.8934],"stabilizedTipPosition":[-114.451,253.585,222.506],"timeVisible":1.23827,"tipPosition":[-68.1103,280.744,-10.5689],"tipVelocity":[38.4761,5.91696,-179.473],"tool":false,"touchDistance":-0.560904,"touchZone":"hovering","type":0,"width":19.3374},{"bases":[[[0.968341,-0.209874,-0.135161],[0.240948,0.927363,0.286254],[0.0652664,-0.309759,0.948573]],[[0.969432,-0.215889,-0.116594],[0.244329,0.89293,0.378127],[0.0224765,-0.395056,0.918382]],[[0.969432,-0.215889,-0.116594],[0.239937,0.933491,0.266506],[0.0513035,-0.286334,0.956755]],[[0.969432,-0.215889,-0.116594],[0.233737,0.957104,0.17123],[0.0746255,-0.193248,0.978308]]],"btipPosition":[-52.1681,356.324,-59.7254],"carpPosition":[-44.2591,308.592,82.6382],"dipPosition":[-50.9506,353.171,-43.7637],"direction":[-0.0513035,0.286334,-0.956755],"extended":true,"handId":848,"id":8481,"length":56.1573,"mcpPosition":[-48.8443,330.354,15.9971],"pipPosition":[-49.7664,346.562,-21.6807],"stabilizedTipPosition":[-81.3531,323.264,105.338],"timeVisible":1.23827,"tipPosition":[-52.0773,354.387,-56.3731],"tipVelocity":[22.5236,18.6031,-164.603],"tool":false,"touchDistance":-0.561579,"touchZone":"hovering","type":1,"width":18.4711},{"bases":[[[0.912897,-0.404791,-0.0525687],[0.402563,0.871505,0.280039],[-0.0675432,-0.276809,0.958548]],[[0.896285,-0.437442,0.0729252],[0.392054,0.704708,-0.591338],[0.207285,0.558598,0.80312]],[[0.896285,-0.437442,0.0729252],[0.291063,0.456173,-0.840945],[0.334598,0.774952,0.536184]],[[0.896285,-0.437442,0.0729252],[0.216259,0.287553,-0.93303],[0.387177,0.852031,0.35233]]],"btipPosition":[-53.7154,264.23,-40.7132],"carpPosition":[-32.6405,307.833,80.9977],"dipPosition":[-46.7674,279.52,-34.3906],"direction":[-0.334598,-0.774952,-0.536184],"extended":false,"handId":848,"id":8482,"length":63.9867,"mcpPosition":[-28.1405,326.275,17.1356],"pipPosition":[-37.6814,300.564,-19.8306],"stabilizedTipPosition":[-57.194,288.795,50.6244],"timeVisible":1.23827,"tipPosition":[-51.3584,269.004,-40.7002],"tipVelocity":[3.64312,-35.0383,-132.799],"tool":false,"touchDistance":-0.488588,"touchZone":"touching","type":2,"width":18.1411},{"bases":[[[0.860046,-0.505652,0.0681026],[0.464398,0.831089,0.305981],[-0.211319,-0.231531,0.949599]],[[0.838334,-0.523921,0.150675],[0.498331,0.624406,-0.601484],[0.221047,0.579331,0.784547]],[[0.838334,-0.523921,0.150675],[0.379506,0.362444,-0.85124],[0.391371,0.770806,0.50268]],[[0.838334,-0.523921,0.150675],[0.289625,0.193874,-0.9373],[0.461858,0.829409,0.314272]]],"btipPosition":[-36.9688,258.017,-29.3068],"carpPosition":[-21.5844,304.074,79.8739],"dipPosition":[-28.7283,272.815,-23.6996],"direction":[-0.391371,-0.770806,-0.50268],"extended":false,"handId":848,"id":8483,"length":61.525,"mcpPosition":[-8.9439,317.923,23.0717],"pipPosition":[-18.3751,293.205,-10.4019],"stabilizedTipPosition":[-31.0841,271.636,8.0922],"timeVisible":1.23827,"tipPosition":[-34.0449,262.5,-29.4972],"tipVelocity":[9.79086,-12.3873,-160.019],"tool":false,"touchDistance":-0.503675,"touchZone":"touching","type":3,"width":17.2624},{"bases":[[[0.741173,-0.659373,0.126051],[0.572007,0.718583,0.395533],[-0.351382,-0.221057,0.909761]],[[0.626319,-0.694008,0.355073],[0.74608,0.401568,-0.531138],[0.226028,0.597575,0.769296]],[[0.626319,-0.694008,0.355073],[0.606655,0.147857,-0.781094],[0.489585,0.704621,0.51363]],[[0.626319,-0.694008,0.355073],[0.495155,0.00235878,-0.868801],[0.602118,0.719963,0.345119]]],"btipPosition":[-19.9966,260.815,-12.5584],"carpPosition":[-12.7663,293.763,79.0666],"dipPosition":[-10.0857,272.666,-6.87774],"direction":[-0.489585,-0.704621,-0.51363],"extended":false,"handId":848,"id":8484,"length":48.2344,"mcpPosition":[6.69042,306.004,28.6913],"pipPosition":[-0.941569,285.826,2.71551],"stabilizedTipPosition":[-11.4435,269.359,20.9358],"timeVisible":1.23827,"tipPosition":[-16.3182,264.196,-12.4324],"tipVelocity":[-2.48825,-7.69015,-158.509],"tool":false,"touchDistance":-0.504975,"touchZone":"hovering","type":4,"width":15.3338}],"r":[[0.916529,-0.203371,0.344404],[0.343996,0.840128,-0.419348],[-0.20406,0.502818,0.839961]],"s":0.894961,"t":[19.3091,54.7206,-217.307],"timestamp":607006031214},false],[2,{"currentFrameRate":109.055,"devices":[],"gestures":[],"hands":[{"armBasis":[[0.8753,0.075747,-0.477612],[0.226603,0.808263,0.543473],[0.427202,-0.58393,0.690307]],"armWidth":60.8484,"confidence":0.737305,"direction":[0.135203,0.404236,-0.904607],"elbow":[81.5808,142.162,262.559],"grabStrength":0,"id":848,"palmNormal":[-0.246992,-0.870418,-0.425873],"palmPosition":[-29.5974,312.018,36.0415],"palmVelocity":[6.86063,-14.8138,-159.827],"palmWidth":86.8895,"pinchStrength":0.685612,"r":[[0.916125,-0.203323,0.345506],[0.344045,0.84115,-0.417252],[-0.205785,0.501124,0.840551]],"s":0.894796,"sphereCenter":[-56.1008,289.824,-0.843678],"sphereRadius":51.1477,"stabilizedPalmPosition":[-46.4449,262.848,239.833],"t":[19.3882,54.5632,-218.6],"timeVisible":1.24731,"type":"right","wrist":[-28.5657,292.718,84.5756]}],"id":4430822,"interactionBox":{"center":[0,200,0],"size":[235.247,235.247,147.751]},"pointables":[{"bases":[[[0.633415,0.744327,0.211573],[-0.714538,0.457659,0.529135],[0.297021,-0.486339,0.821738]],[[0.465667,0.875584,-0.128479],[-0.843799,0.483065,0.233775],[0.266754,-0.000450537,0.963765]],[[0.465667,0.875584,-0.128479],[-0.884952,0.4601,-0.0718881],[-0.00383074,0.147174,0.989103]],[[0.465667,0.875584,-0.128479],[-0.857699,0.410783,-0.309207],[-0.217959,0.254184,0.942276]]],"btipPosition":[-65.3964,279.619,-16.5501],"carpPosition":[-57.6767,290.07,82.6538],"dipPosition":[-70.2676,285.3,4.50873],"direction":[0.00383074,-0.147174,-0.989103],"extended":false,"handId":848,"id":8480,"length":49.7677,"mcpPosition":[-57.6767,290.07,82.6538],"pipPosition":[-70.3923,290.092,36.713],"stabilizedTipPosition":[-114.451,253.586,222.506],"timeVisible":1.24731,"tipPosition":[-67.8007,280.709,-11.7238],"tipVelocity":[36.4264,4.01786,-164.371],"tool":false,"touchDistance":-0.550046,"touchZone":"hovering","type":0,"width":19.3374},{"bases":[[[0.968618,-0.209149,-0.134298],[0.240132,0.9269,0.288433],[0.0641557,-0.31163,0.948035]],[[0.969661,-0.215026,-0.116279],[0.2435,0.891569,0.381854],[0.0215617,-0.398583,0.916879]],[[0.969661,-0.215026,-0.116279],[0.239163,0.932901,0.269253],[0.05058,-0.288893,0.956024]],[[0.969661,-0.215026,-0.116279],[0.23296,0.956972,0.173017],[0.0740721,-0.194856,0.978031]]],"btipPosition":[-52.0608,356.382,-60.7432],"carpPosition":[-44.293,308.289,81.4996],"dipPosition":[-50.8522,353.203,-44.786],"direction":[-0.05058,0.288893,-0.956024],"extended":true,"handId":848,"id":8481,"length":56.1573,"mcpPosition":[-48.8002,330.182,14.8963],"pipPosition":[-49.6848,346.535,-22.7198],"stabilizedTipPosition":[-81.3531,323.264,105.337],"timeVisible":1.24731,"tipPosition":[-51.9541,354.462,-57.3931],"tipVelocity":[19.5276,15.0645,-150.31],"tool":false,"touchDistance":-0.549036,"touchZone":"hovering","type":1,"width":18.4711},{"bases":[[[0.913156,-0.404257,-0.0521703],[0.401781,0.87113,0.282319],[-0.0686825,-0.278763,0.957901]],[[0.896201,-0.437396,0.0742143],[0.393987,0.707765,-0.586381],[0.203955,0.554755,0.806628]],[[0.896201,-0.437396,0.0742143],[0.293736,0.459643,-0.838121],[0.332479,0.772925,0.540412]],[[0.896201,-0.437396,0.0742143],[0.218946,0.290563,-0.93147],[0.385858,0.851033,0.356169]]],"btipPosition":[-53.4364,264.316,-42.14],"carpPosition":[-32.6719,307.538,79.8731],"dipPosition":[-46.5121,279.587,-35.7485],"direction":[-0.332479,-0.772925,-0.540412],"extended":false,"handId":848,"id":8482,"length":63.9867,"mcpPosition":[-28.096,326.111,16.054],"pipPosition":[-37.4837,300.576,-21.0736],"stabilizedTipPosition":[-57.1493,288.62,49.8624],"timeVisible":1.24731,"tipPosition":[-51.1855,268.942,-41.9318],"tipVelocity":[10.98,-22.9079,-139.225],"tool":false,"touchDistance":-0.489226,"touchZone":"touching","type":2,"width":18.1411},{"bases":[[[0.860192,-0.505385,0.0682283],[0.463601,0.830691,0.308263],[-0.212468,-0.233534,0.948851]],[[0.838414,-0.523807,0.150624],[0.498792,0.626004,-0.599438],[0.219698,0.577707,0.786122]],[[0.838414,-0.523807,0.150624],[0.380158,0.36398,-0.850293],[0.390565,0.770159,0.504296]],[[0.838414,-0.523807,0.150624],[0.290237,0.195164,-0.936842],[0.461328,0.829179,0.315657]]],"btipPosition":[-36.8399,257.94,-30.5143],"carpPosition":[-21.6126,303.786,78.7563],"dipPosition":[-28.6089,272.734,-24.8823],"direction":[-0.390565,-0.770159,-0.504296],"extended":false,"handId":848,"id":8483,"length":61.525,"mcpPosition":[-8.90335,317.756,21.9988],"pipPosition":[-18.277,293.107,-11.5419],"stabilizedTipPosition":[-31.1021,271.588,7.91817],"timeVisible":1.24731,"tipPosition":[-33.9345,262.403,-30.6725],"tipVelocity":[10.9561,-11.3484,-152.571],"tool":false,"touchDistance":-0.499668,"touchZone":"touching","type":3,"width":17.2624},{"bases":[[[0.741316,-0.659278,0.125711],[0.571145,0.718055,0.397732],[-0.352483,-0.223046,0.908849]],[[0.626616,-0.694387,0.353807],[0.745588,0.40201,-0.531494],[0.226829,0.596837,0.769633]],[[0.626616,-0.694387,0.353807],[0.604894,0.147103,-0.782601],[0.491382,0.704406,0.512207]],[[0.626616,-0.694387,0.353807],[0.492561,0.00105986,-0.870277],[0.603934,0.719601,0.342692]]],"btipPosition":[-20.0484,260.679,-13.5793],"carpPosition":[-12.7886,293.482,77.9401],"dipPosition":[-10.1076,272.523,-7.93861],"direction":[-0.491382,-0.704406,-0.512207],"extended":false,"handId":848,"id":8484,"length":48.2344,"mcpPosition":[6.72912,305.832,27.6153],"pipPosition":[-0.929909,285.68,1.62808],"stabilizedTipPosition":[-11.4583,269.345,20.858],"timeVisible":1.24731,"tipPosition":[-16.3964,264.031,-13.4389],"tipVelocity":[-3.17219,-9.77359,-146.242],"tool":false,"touchDistance":-0.498263,"touchZone":"hovering","type":4,"width":15.3338}],"r":[[0.916125,-0.203323,0.345506],[0.344045,0.84115,-0.417252],[-0.205785,0.501124,0.840551]],"s":0.894796,"t":[19.3882,54.5632,-218.6],"timestamp":607006040251},false],[3,{"currentFrameRate":109.133,"devices":[],"gestures":[],"hands":[{"armBasis":[[0.875743,0.0733372,-0.477174],[0.225678,0.811569,0.538911],[0.426782,-0.579636,0.694175]],"armWidth":60.8484,"confidence":0.746964,"direction":[0.136742,0.40879,-0.902326],"elbow":[81.4998,142.678,262.202],"grabStrength":0,"id":848,"palmNormal":[-0.244463,-0.868784,-0.430641],"palmPosition":[-29.4834,311.657,34.778],"palmVelocity":[8.45,-21.7327,-154.377],"palmWidth":86.8895,"pinchStrength":0.682052,"r":[[0.915699,-0.203307,0.346644],[0.344,0.84248,-0.414598],[-0.20775,0.498893,0.841395]],"s":0.894483,"sphereCenter":[-55.5101,289.484,-2.28084],"sphereRadius":51.0011,"stabilizedPalmPosition":[-46.4449,262.848,239.833],"t":[19.4848,54.3043,-219.879],"timeVisible":1.25633,"type":"right","wrist":[-28.5384,292.127,83.2217]}],"id":4430823,"interactionBox":{"center":[0,200,0],"size":[235.247,235.247,147.751]},"pointables":[{"bases":[[[0.631626,0.744374,0.216695],[-0.716615,0.453914,0.529552],[0.295823,-0.489765,0.820133]],[[0.465579,0.876642,-0.121385],[-0.844,0.481077,0.237128],[0.266272,-0.00795322,0.963865]],[[0.465579,0.876642,-0.121385],[-0.884967,0.459863,-0.0732121],[-0.00836068,0.141507,0.989902]],[[0.465579,0.876642,-0.121385],[-0.853982,0.409014,-0.321594],[-0.232275,0.253388,0.939065]]],"btipPosition":[-64.8693,279.548,-17.9476],"carpPosition":[-57.64,289.439,81.2153],"dipPosition":[-70.0604,285.211,3.03951],"direction":[0.00836068,-0.141507,-0.989902],"extended":false,"handId":848,"id":8480,"length":49.7677,"mcpPosition":[-57.64,289.439,81.2153],"pipPosition":[-70.3326,289.819,35.2698],"stabilizedTipPosition":[-114.45,253.586,222.505],"timeVisible":1.25633,"tipPosition":[-67.3186,280.606,-13.1648],"tipVelocity":[40.2342,0.625853,-162.262],"tool":false,"touchDistance":-0.544584,"touchZone":"hovering","type":0,"width":19.3374},{"bases":[[[0.9693,-0.206868,-0.132904],[0.237845,0.925912,0.293455],[0.0623514,-0.316057,0.946689]],[[0.970294,-0.212724,-0.115235],[0.241091,0.889852,0.387348],[0.0201437,-0.403623,0.914703]],[[0.970294,-0.212724,-0.115235],[0.236902,0.93203,0.27422],[0.0490691,-0.293374,0.954738]],[[0.970294,-0.212724,-0.115235],[0.230812,0.956683,0.177435],[0.0724986,-0.198761,0.977363]]],"btipPosition":[-51.8068,356.464,-61.837],"carpPosition":[-44.2845,307.686,80.1814],"dipPosition":[-50.6239,353.221,-45.8907],"direction":[-0.0490691,0.293374,-0.954738],"extended":true,"handId":848,"id":8481,"length":56.1573,"mcpPosition":[-48.6649,329.89,13.6726],"pipPosition":[-49.4913,346.45,-23.8543],"stabilizedTipPosition":[-81.353,323.264,105.337],"timeVisible":1.25633,"tipPosition":[-51.6905,354.554,-58.4913],"tipVelocity":[21.7203,12.9716,-142.383],"tool":false,"touchDistance":-0.538911,"touchZone":"hovering","type":1,"width":18.4711},{"bases":[[[0.913968,-0.402461,-0.051848],[0.399604,0.870445,0.287474],[-0.0705664,-0.283461,0.956384]],[[0.896568,-0.436461,0.0752885],[0.395383,0.712112,-0.580146],[0.199597,0.549908,0.811026]],[[0.896568,-0.436461,0.0752885],[0.296379,0.464903,-0.834281],[0.329129,0.770303,0.546175]],[[0.896568,-0.436461,0.0752885],[0.221979,0.295711,-0.929129],[0.383265,0.849739,0.36201]]],"btipPosition":[-52.959,264.371,-43.7957],"carpPosition":[-32.6581,306.963,78.58],"dipPosition":[-46.0813,279.619,-37.2994],"direction":[-0.329129,-0.770303,-0.546175],"extended":false,"handId":848,"id":8482,"length":63.9867,"mcpPosition":[-27.9567,325.848,14.862],"pipPosition":[-37.1438,300.537,-22.468],"stabilizedTipPosition":[-57.1152,288.498,49.3177],"timeVisible":1.25633,"tipPosition":[-50.7891,268.902,-43.4421],"tipVelocity":[22.1892,-15.0889,-150.673],"tool":false,"touchDistance":-0.493111,"touchZone":"touching","type":2,"width":18.1411},{"bases":[[[0.86088,-0.504253,0.0679344],[0.461429,0.829987,0.313376],[-0.214406,-0.238433,0.947196]],[[0.83911,-0.522986,0.149604],[0.498588,0.62949,-0.595947],[0.217498,0.574656,0.788965]],[[0.83911,-0.522986,0.149604],[0.379674,0.366144,-0.84958],[0.389542,0.769691,0.505799]],[[0.83911,-0.522986,0.149604],[0.289284,0.196129,-0.936936],[0.460662,0.82947,0.315865]]],"btipPosition":[-36.5683,257.819,-31.8637],"carpPosition":[-21.5897,303.235,77.4726],"dipPosition":[-28.3492,272.618,-26.2281],"direction":[-0.389542,-0.769691,-0.505799],"extended":false,"handId":848,"id":8483,"length":61.525,"mcpPosition":[-8.76461,317.497,20.8141],"pipPosition":[-18.0444,292.979,-12.8479],"stabilizedTipPosition":[-31.1138,271.554,7.79311],"timeVisible":1.25633,"tipPosition":[-33.6919,262.25,-31.9845],"tipVelocity":[16.1406,-11.8815,-151.715],"tool":false,"touchDistance":-0.498263,"touchZone":"touching","type":3,"width":17.2624},{"bases":[[[0.742124,-0.65862,0.124386],[0.568942,0.717106,0.402571],[-0.354339,-0.227989,0.906898]],[[0.628421,-0.694865,0.349644],[0.743584,0.40463,-0.532313],[0.228409,0.594506,0.770968]],[[0.628421,-0.694865,0.349644],[0.601372,0.148882,-0.784975],[0.493395,0.70356,0.511433]],[[0.628421,-0.694865,0.349644],[0.488305,0.00250016,-0.872669],[0.605513,0.719136,0.340877]]],"btipPosition":[-20.0202,260.522,-14.7832],"carpPosition":[-12.7463,292.949,76.6289],"dipPosition":[-10.0535,272.359,-9.17241],"direction":[-0.493395,-0.70356,-0.511433],"extended":false,"handId":848,"id":8484,"length":48.2344,"mcpPosition":[6.87423,305.574,26.4121],"pipPosition":[-0.838154,285.5,0.379813],"stabilizedTipPosition":[-11.4683,269.336,20.8032],"timeVisible":1.25633,"tipPosition":[-16.3757,263.842,-14.6288],"tipVelocity":[-1.25797,-11.9153,-142.925],"tool":false,"touchDistance":-0.494932,"touchZone":"touching","type":4,"width":15.3338}],"r":[[0.915699,-0.203307,0.346644],[0.344,0.84248,-0.414598],[-0.20775,0.498893,0.841395]],"s":0.894483,"t":[19.4848,54.3043,-219.879],"timestamp":607006049274},false],[4,{"currentFrameRate":109.181,"devices":[],"gestures":[],"hands":[{"armBasis":[[0.875395,0.0671756,-0.478718],[0.228955,0.814565,0.532976],[0.425749,-0.57617,0.697686]],"armWidth":60.8484,"confidence":0.701385,"direction":[0.139125,0.409715,-0.901542],"elbow":[81.2622,143.042,261.835],"grabStrength":0,"id":848,"palmNormal":[-0.246575,-0.86739,-0.432246],"palmPosition":[-29.3342,311.202,33.5338],"palmVelocity":[10.6595,-29.5961,-149.61],"palmWidth":86.8895,"pinchStrength":0.678934,"r":[[0.915144,-0.203961,0.347723],[0.344579,0.843451,-0.412135],[-0.209228,0.496981,0.84216]],"s":0.894359,"sphereCenter":[-55.2772,289.207,-3.58567],"sphereRadius":50.9407,"stabilizedPalmPosition":[-46.4449,262.848,239.833],"t":[19.6077,53.9472,-221.14],"timeVisible":1.26541,"type":"right","wrist":[-28.5098,291.597,81.9493]}],"id":4430824,"interactionBox":{"center":[0,200,0],"size":[235.247,235.247,147.751]},"pointables":[{"bases":[[[0.633624,0.742115,0.218599],[-0.71589,0.455312,0.529332],[0.293294,-0.491891,0.81977]],[[0.469659,0.874999,-0.117457],[-0.841669,0.483931,0.239591],[0.266483,-0.0136667,0.963743]],[[0.469659,0.874999,-0.117457],[-0.88278,0.463797,-0.0747799],[-0.0109563,0.138809,0.990259]],[[0.469659,0.874999,-0.117457],[-0.848703,0.410839,-0.333038],[-0.243152,0.2561,0.935569]]],"btipPosition":[-64.5287,279.409,-19.188],"carpPosition":[-57.6169,289.001,79.9025],"dipPosition":[-69.9629,285.133,1.72094],"direction":[0.0109563,-0.138809,-0.990259],"extended":false,"handId":848,"id":8480,"length":49.7677,"mcpPosition":[-57.6169,289.001,79.9025],"pipPosition":[-70.3196,289.653,33.9628],"stabilizedTipPosition":[-114.45,253.586,222.504],"timeVisible":1.26541,"tipPosition":[-67.0063,280.451,-14.4434],"tipVelocity":[37.7854,-3.34947,-155.747],"tool":false,"touchDistance":-0.537335,"touchZone":"hovering","type":0,"width":19.3374},{"bases":[[[0.968829,-0.209632,-0.132],[0.240304,0.924742,0.295137],[0.0601953,-0.317658,0.946293]],[[0.96974,-0.215201,-0.115292],[0.243473,0.887319,0.391645],[0.0180187,-0.407864,0.912865]],[[0.96974,-0.215201,-0.115292],[0.239471,0.930355,0.277658],[0.0475104,-0.296865,0.953737]],[[0.96974,-0.215201,-0.115292],[0.233453,0.955567,0.179974],[0.071439,-0.201443,0.976892]]],"btipPosition":[-51.4348,356.397,-62.9717],"carpPosition":[-44.2044,307.208,78.9127],"dipPosition":[-50.2692,353.11,-47.0331],"direction":[-0.0475104,0.296865,-0.953737],"extended":true,"handId":848,"id":8481,"length":56.1573,"mcpPosition":[-48.4334,329.525,12.4317],"pipPosition":[-49.1726,346.258,-25.0198],"stabilizedTipPosition":[-81.353,323.264,105.337],"timeVisible":1.26541,"tipPosition":[-51.3036,354.484,-59.6345],"tipVelocity":[26.9286,7.04069,-137.649],"tool":false,"touchDistance":-0.5304,"touchZone":"hovering","type":1,"width":18.4711},{"bases":[[[0.912798,-0.405175,-0.051305],[0.4019,0.86879,0.289276],[-0.0726344,-0.28467,0.95587]],[[0.894981,-0.439493,0.0765171],[0.399203,0.712459,-0.577096],[0.199114,0.547035,0.813084]],[[0.894981,-0.439493,0.0765171],[0.29993,0.465835,-0.83249],[0.33023,0.768012,0.548731]],[[0.894981,-0.439493,0.0765171],[0.225031,0.296669,-0.928089],[0.385189,0.84784,0.364413]]],"btipPosition":[-52.7836,264.169,-45.224],"carpPosition":[-32.5783,306.452,77.3247],"dipPosition":[-45.8714,279.383,-38.6846],"direction":[-0.330229,-0.768012,-0.548731],"extended":false,"handId":848,"id":8482,"length":63.9867,"mcpPosition":[-27.7392,325.418,13.641],"pipPosition":[-36.904,300.239,-23.7838],"stabilizedTipPosition":[-57.0901,288.409,48.923],"timeVisible":1.26541,"tipPosition":[-50.6582,268.615,-44.7674],"tipVelocity":[21.6408,-17.3051,-152.237],"tool":false,"touchDistance":-0.493409,"touchZone":"touching","type":2,"width":18.1411},{"bases":[[[0.859249,-0.506983,0.0682584],[0.463568,0.828104,0.315195],[-0.216324,-0.239189,0.946569]],[[0.837441,-0.525689,0.149478],[0.500783,0.62855,-0.595097],[0.218882,0.573215,0.78963]],[[0.837441,-0.525689,0.149478],[0.380083,0.363658,-0.850464],[0.392721,0.769028,0.504348]],[[0.837441,-0.525689,0.149478],[0.288332,0.192618,-0.937957],[0.464282,0.828582,0.31288]]],"btipPosition":[-36.5916,257.416,-33.01],"carpPosition":[-21.52,302.692,76.2256],"dipPosition":[-28.3079,272.199,-27.4276],"direction":[-0.392721,-0.769028,-0.504348],"extended":false,"handId":848,"id":8483,"length":61.525,"mcpPosition":[-8.58015,317,19.6047],"pipPosition":[-17.919,292.543,-14.0858],"stabilizedTipPosition":[-31.1221,271.529,7.70083],"timeVisible":1.26541,"tipPosition":[-33.7272,261.8,-33.109],"tipVelocity":[11.4218,-20.9854,-145.071],"tool":false,"touchDistance":-0.494147,"touchZone":"touching","type":3,"width":17.2624},{"bases":[[[0.739951,-0.66107,0.124331],[0.570624,0.714762,0.404355],[-0.356174,-0.228257,0.906112]],[[0.627087,-0.697177,0.347428],[0.743322,0.40224,-0.534486],[0.232882,0.59342,0.770467]],[[0.627087,-0.697177,0.347428],[0.597737,0.144694,-0.788526],[0.499472,0.702145,0.507464]],[[0.627087,-0.697177,0.347428],[0.482648,-0.0023215,-0.875811],[0.611402,0.716895,0.335036]]],"btipPosition":[-20.2408,260.068,-15.8038],"carpPosition":[-12.707,292.381,75.3776],"dipPosition":[-10.1771,271.868,-10.2891],"direction":[-0.499472,-0.702145,-0.507464],"extended":false,"handId":848,"id":8484,"length":48.2344,"mcpPosition":[7.01514,305.02,25.2043],"pipPosition":[-0.84828,284.982,-0.811005],"stabilizedTipPosition":[-11.4758,269.328,20.7623],"timeVisible":1.26541,"tipPosition":[-16.5945,263.34,-15.6566],"tipVelocity":[-6.95133,-22.7104,-135.182],"tool":false,"touchDistance":-0.489412,"touchZone":"touching","type":4,"width":15.3338}],"r":[[0.915144,-0.203961,0.347723],[0.344579,0.843451,-0.412135],[-0.209228,0.496981,0.84216]],"s":0.894359,"t":[19.6077,53.9472,-221.14],"timestamp":607006058347},false],[5,{"currentFrameRate":109.232,"devices":[],"gestures":[],"hands":[{"armBasis":[[0.876958,0.0628583,-0.476439],[0.230218,0.815292,0.531317],[0.421834,-0.575627,0.700506]],"armWidth":60.8484,"confidence":0.707688,"direction":[0.140827,0.412321,-0.900088],"elbow":[80.3468,142.709,260.432],"grabStrength":0,"id":848,"palmNormal":[-0.24715,-0.865723,-0.435247],"palmPosition":[-29.1518,310.88,31.4631],"palmVelocity":[13.273,-31.2213,-171.39],"palmWidth":86.8895,"pinchStrength":0.680016,"r":[[0.914556,-0.204941,0.348693],[0.345366,0.844388,-0.409549],[-0.210499,0.494983,0.84302]],"s":0.894578,"sphereCenter":[-55.0761,289.24,-5.69622],"sphereRadius":50.8362,"stabilizedPalmPosition":[-46.4449,262.848,239.833],"t":[19.7604,53.6079,-222.807],"timeVisible":1.27447,"type":"right","wrist":[-28.4157,291.124,79.8187]}],"id":4430825,"interactionBox":{"center":[0,200,0],"size":[235.247,235.247,147.751]},"pointables":[{"bases":[[[0.634312,0.740602,0.221713],[-0.715978,0.454611,0.529816],[0.291589,-0.49481,0.81862]],[[0.472303,0.874299,-0.11194],[-0.839869,0.484926,0.243859],[0.267488,-0.0211608,0.963329]],[[0.472303,0.874299,-0.11194],[-0.881301,0.466182,-0.0773493],[-0.0154421,0.135185,0.9907]],[[0.472303,0.874299,-0.11194],[-0.842563,0.410519,-0.348656],[-0.258876,0.258988,0.930542]]],"btipPosition":[-63.9858,279.392,-21.2465],"carpPosition":[-57.5235,288.573,77.7263],"dipPosition":[-69.7714,285.18,-0.449932],"direction":[0.0154421,-0.135185,-0.9907],"extended":false,"handId":848,"id":8480,"length":49.7677,"mcpPosition":[-57.5235,288.573,77.7263],"pipPosition":[-70.2742,289.582,31.8063],"stabilizedTipPosition":[-114.45,253.586,222.503],"timeVisible":1.27447,"tipPosition":[-66.5383,280.432,-16.559],"tipVelocity":[41.4307,-2.49477,-176.248],"tool":false,"touchDistance":-0.5432,"touchZone":"hovering","type":0,"width":19.3374},{"bases":[[[0.968724,-0.210494,-0.131398],[0.241132,0.923508,0.298309],[0.0585551,-0.320664,0.945381]],[[0.969567,-0.215823,-0.115582],[0.244275,0.884405,0.397689],[0.0163911,-0.41382,0.910211]],[[0.969567,-0.215823,-0.115582],[0.240412,0.928538,0.282877],[0.0462713,-0.302055,0.952167]],[[0.969567,-0.215823,-0.115582],[0.234438,0.954506,0.184275],[0.0705534,-0.205763,0.976055]]],"btipPosition":[-51.0913,356.6,-64.8514],"carpPosition":[-44.086,306.766,76.8101],"dipPosition":[-49.9402,353.243,-48.9265],"direction":[-0.0462713,0.302055,-0.952167],"extended":true,"handId":848,"id":8481,"length":56.1573,"mcpPosition":[-48.1997,329.294,10.3932],"pipPosition":[-48.8722,346.271,-26.9494],"stabilizedTipPosition":[-81.3529,323.264,105.336],"timeVisible":1.27447,"tipPosition":[-50.9475,354.677,-61.5264],"tipVelocity":[29.8578,10.799,-157.008],"tool":false,"touchDistance":-0.533937,"touchZone":"hovering","type":1,"width":18.4711},{"bases":[[[0.912333,-0.406213,-0.0513822],[0.402662,0.867362,0.292484],[-0.0742436,-0.287532,0.954889]],[[0.89429,-0.44092,0.0763821],[0.400729,0.713128,-0.575208],[0.199151,0.545012,0.814433]],[[0.89429,-0.44092,0.0763821],[0.300907,0.46619,-0.831939],[0.33121,0.766979,0.549585]],[[0.89429,-0.44092,0.0763821],[0.225535,0.296685,-0.927961],[0.386495,0.847094,0.364765]]],"btipPosition":[-52.6087,264.041,-47.3401],"carpPosition":[-32.4588,305.999,75.2348],"dipPosition":[-45.673,279.242,-40.7944],"direction":[-0.33121,-0.766979,-0.549585],"extended":false,"handId":848,"id":8482,"length":63.9867,"mcpPosition":[-27.5125,325.156,11.6164],"pipPosition":[-36.679,300.07,-25.8705],"stabilizedTipPosition":[-57.0719,288.347,48.6399],"timeVisible":1.27447,"tipPosition":[-50.486,268.467,-46.8684],"tipVelocity":[21.1598,-16.5066,-174.632],"tool":false,"touchDistance":-0.504122,"touchZone":"touching","type":2,"width":18.1411},{"bases":[[[0.858496,-0.50832,0.0677962],[0.464243,0.826515,0.318356],[-0.217861,-0.241833,0.945544]],[[0.837349,-0.526708,0.146374],[0.49717,0.622389,-0.604529],[0.227309,0.578974,0.78302]],[[0.837349,-0.526708,0.146374],[0.370158,0.349244,-0.86082],[0.402281,0.774988,0.487404]],[[0.837349,-0.526708,0.146374],[0.275176,0.174745,-0.945379],[0.472361,0.831891,0.29126]]],"btipPosition":[-37.1402,256.647,-33.9199],"carpPosition":[-21.404,302.228,74.1384],"dipPosition":[-28.7124,271.49,-28.7232],"direction":[-0.402281,-0.774988,-0.487404],"extended":false,"handId":848,"id":8483,"length":61.525,"mcpPosition":[-8.3722,316.694,17.5787],"pipPosition":[-18.0706,291.991,-15.8297],"stabilizedTipPosition":[-31.1299,271.507,7.62378],"timeVisible":1.27447,"tipPosition":[-34.1503,261.109,-34.2536],"tipVelocity":[-7.4435,-38.1862,-135.433],"tool":false,"touchDistance":-0.488046,"touchZone":"touching","type":3,"width":17.2624},{"bases":[[[0.738924,-0.662423,0.123237],[0.571035,0.712757,0.407303],[-0.357645,-0.230593,0.90494]],[[0.626369,-0.699001,0.345049],[0.743627,0.403019,-0.533474],[0.233838,0.590739,0.772235]],[[0.626369,-0.699001,0.345049],[0.596478,0.144796,-0.789461],[0.501872,0.700308,0.507635]],[[0.626369,-0.699001,0.345049],[0.480228,-0.0026554,-0.87714],[0.614038,0.715115,0.334017]]],"btipPosition":[-20.1763,259.879,-17.8929],"carpPosition":[-12.6034,291.908,73.2698],"dipPosition":[-10.0692,271.65,-12.3949],"direction":[-0.501872,-0.700308,-0.507635],"extended":false,"handId":848,"id":8484,"length":48.2344,"mcpPosition":[7.20014,304.676,23.1614],"pipPosition":[-0.695565,284.729,-2.91367],"stabilizedTipPosition":[-11.481,269.322,20.7317],"timeVisible":1.27447,"tipPosition":[-16.5578,263.115,-17.719],"tipVelocity":[-2.76194,-22.4129,-161.625],"tool":false,"touchDistance":-0.500198,"touchZone":"touching","type":4,"width":15.3338}],"r":[[0.914556,-0.204941,0.348693],[0.345366,0.844388,-0.409549],[-0.210499,0.494983,0.84302]],"s":0.894578,"t":[19.7604,53.6079,-222.807],"timestamp":607006067411},false],[6,{"currentFrameRate":109.328,"devices":[],"gestures":[],"hands":[{"armBasis":[[0.878568,0.0606034,-0.473756],[0.228483,0.817724,0.528321],[0.41942,-0.572411,0.70458]],"armWidth":60.8484,"confidence":0.713197,"direction":[0.139976,0.418733,-0.897256],"elbow":[79.9089,143.149,259.613],"grabStrength":0,"id":848,"palmNormal":[-0.243645,-0.863749,-0.441106],"palmPosition":[-29.004,310.805,29.7238],"palmVelocity":[14.1486,-24.9677,-177.527],"palmWidth":86.8895,"pinchStrength":0.683667,"r":[[0.914182,-0.205513,0.349336],[0.345433,0.845921,-0.406317],[-0.212008,0.49212,0.844317]],"s":0.894874,"sphereCenter":[-54.5138,289.433,-7.54065],"sphereRadius":50.6057,"stabilizedPalmPosition":[-46.4449,262.848,239.833],"t":[19.9106,53.4006,-224.509],"timeVisible":1.28344,"type":"right","wrist":[-28.231,290.735,77.9493]}],"id":4430826,"interactionBox":{"center":[0,200,0],"size":[235.247,235.247,147.751]},"pointables":[{"bases":[[[0.631421,0.741455,0.227051],[-0.718036,0.448493,0.53224],[0.292801,-0.499098,0.815579]],[[0.469974,0.87647,-0.104525],[-0.83996,0.480475,0.252213],[0.271279,-0.0307371,0.96201]],[[0.469974,0.87647,-0.104525],[-0.882438,0.463764,-0.0789096],[-0.0206871,0.129322,0.991387]],[[0.469974,0.87647,-0.104525],[-0.836657,0.404597,-0.369198],[-0.2813,0.260965,0.923454]]],"btipPosition":[-63.2987,279.513,-22.9559],"carpPosition":[-57.3277,288.091,75.818],"dipPosition":[-69.5855,285.345,-2.31773],"direction":[0.0206871,-0.129322,-0.991387],"extended":false,"handId":848,"id":8480,"length":49.7677,"mcpPosition":[-57.3277,288.091,75.818],"pipPosition":[-70.259,289.556,29.9609],"stabilizedTipPosition":[-114.45,253.586,222.501],"timeVisible":1.28344,"tipPosition":[-65.9602,280.586,-18.3557],"tipVelocity":[47.5331,2.18351,-181.253],"tool":false,"touchDistance":-0.543401,"touchZone":"hovering","type":0,"width":19.3374},{"bases":[[[0.969588,-0.20607,-0.132037],[0.237515,0.922409,0.304545],[0.0590344,-0.326644,0.943302]],[[0.970403,-0.211229,-0.117047],[0.240871,0.881307,0.406546],[0.0172803,-0.422706,0.906102]],[[0.970403,-0.211229,-0.117047],[0.236871,0.926914,0.291072],[0.0470099,-0.310182,0.949514]],[[0.970403,-0.211229,-0.117047],[0.230764,0.953946,0.191661],[0.0711723,-0.212999,0.974457]]],"btipPosition":[-51.0591,357.263,-66.2281],"carpPosition":[-43.9565,306.338,75.0314],"dipPosition":[-49.8979,353.788,-50.3293],"direction":[-0.0470099,0.310182,-0.949514],"extended":true,"handId":848,"id":8481,"length":56.1573,"mcpPosition":[-48.1039,329.286,8.76059],"pipPosition":[-48.8128,346.628,-28.4134],"stabilizedTipPosition":[-81.3528,323.264,105.336],"timeVisible":1.28344,"tipPosition":[-50.8946,355.321,-62.9211],"tipVelocity":[22.7327,27.2389,-156.201],"tool":false,"touchDistance":-0.529617,"touchZone":"hovering","type":1,"width":18.4711},{"bases":[[[0.913858,-0.402515,-0.0533494],[0.399255,0.866896,0.298475],[-0.0738921,-0.294063,0.952925]],[[0.895949,-0.438003,0.0736796],[0.397637,0.717086,-0.572427],[0.19789,0.542163,0.816639]],[[0.895949,-0.438003,0.0736796],[0.297544,0.468726,-0.831723],[0.329762,0.767105,0.55028]],[[0.895949,-0.438003,0.0736796],[0.222028,0.297993,-0.928388],[0.384681,0.848147,0.364236]]],"btipPosition":[-52.3688,264.211,-49.095],"carpPosition":[-32.3254,305.624,73.46],"dipPosition":[-45.4656,279.431,-42.5587],"direction":[-0.329762,-0.767105,-0.55028],"extended":false,"handId":848,"id":8482,"length":63.9867,"mcpPosition":[-27.4024,325.216,9.97247],"pipPosition":[-36.511,300.261,-27.616],"stabilizedTipPosition":[-57.0589,288.304,48.4404],"timeVisible":1.28344,"tipPosition":[-50.2511,268.637,-48.6319],"tipVelocity":[22.457,-6.6831,-180.422],"tool":false,"touchDistance":-0.508398,"touchZone":"touching","type":2,"width":18.1411},{"bases":[[[0.860308,-0.505599,0.0651155],[0.460966,0.826107,0.324125],[-0.21767,-0.248832,0.94377]],[[0.839628,-0.524253,0.142069],[0.49192,0.623043,-0.608139],[0.230303,0.580497,0.781015]],[[0.839628,-0.524253,0.142069],[0.361421,0.34399,-0.866629],[0.405462,0.778993,0.478299]],[[0.839628,-0.524253,0.142069],[0.264721,0.166571,-0.94983],[0.474286,0.835113,0.278638]]],"btipPosition":[-37.2499,256.511,-35.0533],"carpPosition":[-21.256,301.901,72.3473],"dipPosition":[-28.7877,271.411,-30.0818],"direction":[-0.405462,-0.778993,-0.478299],"extended":false,"handId":848,"id":8483,"length":61.525,"mcpPosition":[-8.23564,316.786,15.8937],"pipPosition":[-18.0618,292.018,-17.4291],"stabilizedTipPosition":[-31.136,271.49,7.56243],"timeVisible":1.28344,"tipPosition":[-34.2585,260.983,-35.4649],"tipVelocity":[-8.51119,-31.488,-134.507],"tool":false,"touchDistance":-0.485352,"touchZone":"touching","type":3,"width":17.2624},{"bases":[[[0.741263,-0.6605,0.119453],[0.56811,0.71216,0.412406],[-0.357464,-0.237838,0.903135]],[[0.630632,-0.6987,0.337818],[0.73854,0.406545,-0.537847],[0.238456,0.588676,0.772398]],[[0.630632,-0.6987,0.337818],[0.587362,0.145184,-0.796196],[0.507256,0.700528,0.501948]],[[0.630632,-0.6987,0.337818],[0.469057,-0.00364209,-0.88316],[0.618295,0.715405,0.325434]]],"btipPosition":[-20.3264,260.052,-19.403],"carpPosition":[-12.4169,291.619,71.4178],"dipPosition":[-10.1492,271.828,-14.0463],"direction":[-0.507256,-0.700528,-0.501948],"extended":false,"handId":848,"id":8484,"length":48.2344,"mcpPosition":[7.37664,304.789,21.4093],"pipPosition":[-0.675003,284.912,-4.67125],"stabilizedTipPosition":[-11.4846,269.319,20.7101],"timeVisible":1.28344,"tipPosition":[-16.6612,263.279,-19.2957],"tipVelocity":[-6.09359,-10.942,-164.433],"tool":false,"touchDistance":-0.50165,"touchZone":"touching","type":4,"width":15.3338}],"r":[[0.914182,-0.205513,0.349336],[0.345433,0.845921,-0.406317],[-0.2120