{"sensorType":"Leap","data":[[0,{"currentFrameRate":110.264,"devices":[],"gestures":[],"hands":[{"armBasis":[[0.71984,-0.283071,-0.633799],[0.511013,0.834059,0.207873],[0.469783,-0.473515,0.745042]],"armWidth":62.8676,"confidence":0.823362,"direction":[-0.00441934,0.445901,-0.895071],"elbow":[106.125,142.546,281.837],"grabStrength":0,"id":854,"palmNormal":[-0.520674,-0.765203,-0.378633],"palmPosition":[-27.895,292.673,35.8373],"palmVelocity":[53.1143,20.6878,-197.827],"palmWidth":89.7729,"pinchStrength":1,"r":[[0.826145,-0.526901,0.199649],[0.557583,0.713458,-0.424356],[0.0811524,0.461901,0.883211]],"s":0.755731,"sphereCenter":[-54.9387,275.475,3.43124],"sphereRadius":43.9061,"stabilizedPalmPosition":[-55.3929,282.949,171.777],"t":[57.1868,58.9623,-192.653],"timeVisible":0.551344,"type":"right","wrist":[-19.0195,268.685,83.3669]}],"id":4434910,"interactionBox":{"center":[0,200,0],"size":[235.247,235.247,147.751]},"pointables":[{"bases":[[[0.808387,0.584568,0.0692173],[-0.45251,0.54191,0.708215],[0.37649,-0.603833,0.702596]],[[0.579332,0.782403,-0.228516],[-0.717034,0.622517,0.313584],[0.387604,-0.0178155,0.921654]],[[0.579332,0.782403,-0.228516],[-0.807127,0.589762,-0.0269693],[0.113669,0.200065,0.973167]],[[0.579332,0.782403,-0.228516],[-0.792716,0.475594,-0.381328],[-0.189672,0.402064,0.895751]]],"btipPosition":[-67.0993,256.951,-9.83196],"carpPosition":[-48.5657,272.087,88.9796],"dipPosition":[-71.4789,266.235,10.8514],"direction":[-0.113669,-0.200065,-0.973167],"extended":false,"handId":854,"id":8540,"length":51.4192,"mcpPosition":[-48.5657,272.087,88.9796],"pipPosition":[-67.6551,272.965,43.5883],"stabilizedTipPosition":[-97.7187,248.25,130.605],"timeVisible":0.551344,"tipPosition":[-68.6353,259.679,-5.27065],"tipVelocity":[75.8206,4.67901,-194.669],"tool":false,"touchDistance":-0.578818,"touchZone":"hovering","type":0,"width":19.9791},{"bases":[[[0.840882,-0.382907,-0.382491],[0.493004,0.833509,0.249421],[0.223305,-0.398303,0.889657]],[[0.862978,-0.432064,-0.261895],[0.486699,0.850044,0.201368],[0.135618,-0.301241,0.943855]],[[0.862978,-0.432064,-0.261895],[0.46985,0.876883,0.10157],[0.185767,-0.210704,0.959737]],[[0.862978,-0.432064,-0.261895],[0.452912,0.891283,0.0220008],[0.223917,-0.137602,0.964846]]],"btipPosition":[-61.9358,336.886,-58.7753],"carpPosition":[-31.774,287.862,84.9602],"dipPosition":[-58.1612,334.566,-42.5108],"direction":[-0.185767,0.210704,-0.959737],"extended":true,"handId":854,"id":8541,"length":58.0209,"mcpPosition":[-47.9826,316.773,20.384],"pipPosition":[-53.7312,329.542,-19.6239],"stabilizedTipPosition":[-102.109,304.757,83.6863],"timeVisible":0.551344,"tipPosition":[-61.2972,334.743,-55.2757],"tipVelocity":[77.6128,79.248,-191.874],"tool":false,"touchDistance":-0.602485,"touchZone":"hovering","type":1,"width":19.0841},{"bases":[[[0.766872,-0.569644,-0.295657],[0.63285,0.747827,0.200637],[0.106809,-0.340969,0.933987]],[[0.76739,-0.571322,-0.291038],[0.329087,0.740515,-0.585952],[0.550285,0.353877,0.756279]],[[0.76739,-0.571322,-0.291038],[-0.471899,-0.195956,-0.8596],[0.434078,0.79699,-0.419981]],[[0.76739,-0.571322,-0.291038],[-0.640669,-0.701355,-0.31248],[-0.0255943,0.426253,-0.904242]]],"btipPosition":[-66.1954,261.27,8.55738],"carpPosition":[-20.9701,284.891,80.2653],"dipPosition":[-66.6699,269.173,-8.20783],"direction":[-0.434078,-0.79699,0.419981],"extended":false,"handId":854,"id":8542,"length":66.1101,"mcpPosition":[-28.3223,308.362,15.9745],"pipPosition":[-54.4914,291.533,-19.9908],"stabilizedTipPosition":[-84.6954,240.556,162.793],"timeVisible":0.551344,"tipPosition":[-65.8967,262.703,6.42552],"tipVelocity":[53.728,35.5088,-264.628],"tool":false,"touchDistance":0.333333,"touchZone":"none","type":2,"width":18.7431},{"bases":[[[0.724328,-0.668354,-0.169269],[0.689105,0.693967,0.208672],[-0.022,-0.267791,0.963226]],[[0.723536,-0.674933,-0.144778],[0.463113,0.630153,-0.623245],[0.511881,0.383892,0.768508]],[[0.723536,-0.674933,-0.144778],[-0.411989,-0.253945,-0.875087],[0.553859,0.692804,-0.461804]],[[0.723536,-0.674933,-0.144778],[-0.682432,-0.667844,-0.297106],[0.103837,0.313768,-0.943805]]],"btipPosition":[-49.5019,253.869,12.7347],"carpPosition":[-11.2449,278.961,76.1215],"dipPosition":[-47.5877,259.653,-4.66345],"direction":[-0.553859,-0.692804,0.461804],"extended":false,"handId":854,"id":8543,"length":63.5667,"mcpPosition":[-9.88529,295.511,16.5921],"pipPosition":[-32.45,278.588,-17.2852],"stabilizedTipPosition":[-69.2012,235.748,168.332],"timeVisible":0.551344,"tipPosition":[-48.8176,255.11,10.2595],"tipVelocity":[55.7915,21.6933,-250.341],"tool":false,"touchDistance":0.333333,"touchZone":"none","type":3,"width":17.8352},{"bases":[[[0.59303,-0.800271,-0.0887842],[0.788706,0.555162,0.264078],[-0.162044,-0.226631,0.960406]],[[0.542009,-0.83065,0.127463],[0.684086,0.348008,-0.641028],[0.488112,0.434638,0.75686]],[[0.542009,-0.83065,0.127463],[-0.350381,-0.36123,-0.864144],[0.763845,0.423713,-0.486834]],[[0.542009,-0.83065,0.127463],[-0.778807,-0.553474,-0.295172],[0.315732,0.0607169,-0.946904]]],"btipPosition":[-32.9318,255.438,16.783],"carpPosition":[-5.06447,266.845,72.6336],"dipPosition":[-27.5624,256.471,0.67974],"direction":[-0.763845,-0.423713,0.486834],"extended":false,"handId":854,"id":8544,"length":49.8351,"mcpPosition":[4.206,279.81,17.6892],"pipPosition":[-12.8224,264.647,-8.71478],"stabilizedTipPosition":[-55.9318,240.254,171.591],"timeVisible":0.551344,"tipPosition":[-31.6085,255.686,14.4504],"tipVelocity":[59.9341,16.4297,-248.794],"tool":false,"touchDistance":0.333333,"touchZone":"none","type":4,"width":15.8426}],"r":[[0.826145,-0.526901,0.199649],[0.557583,0.713458,-0.424356],[0.0811524,0.461901,0.883211]],"s":0.755731,"t":[57.1868,58.9623,-192.653],"timestamp":607044200711},false],[1,{"currentFrameRate":110.245,"devices":[],"gestures":[],"hands":[{"armBasis":[[0.723178,-0.280094,-0.631316],[0.509049,0.833933,0.213132],[0.466778,-0.475503,0.745664]],"armWidth":62.8676,"confidence":0.830213,"direction":[-0.00287708,0.44386,-0.896091],"elbow":[105.646,142.305,280.741],"grabStrength":0,"id":854,"palmNormal":[-0.517802,-0.76727,-0.378389],"palmPosition":[-27.492,292.833,34.4955],"palmVelocity":[50.6603,19.8295,-183.841],"palmWidth":89.7729,"pinchStrength":1,"r":[[0.826047,-0.52637,0.201445],[0.558019,0.713661,-0.423441],[0.0791228,0.462193,0.883243]],"s":0.755757,"sphereCenter":[-54.5898,275.786,2.07367],"sphereRadius":43.9891,"stabilizedPalmPosition":[-55.3911,282.95,171.769],"t":[57.5877,59.1781,-194.11],"timeVisible":0.560448,"type":"right","wrist":[-18.6978,268.974,82.1048]}],"id":4434911,"interactionBox":{"center":[0,200,0],"size":[235.247,235.247,147.751]},"pointables":[{"bases":[[[0.806824,0.586605,0.0702129],[-0.455807,0.542457,0.705677],[0.375867,-0.601361,0.705046]],[[0.57833,0.783159,-0.228465],[-0.718474,0.621607,0.31209],[0.386432,-0.0163451,0.922173]],[[0.57833,0.783159,-0.228465],[-0.808482,0.587639,-0.0321948],[0.109042,0.203329,0.97302]],[[0.57833,0.783159,-0.228465],[-0.792093,0.472029,-0.38701],[-0.195248,0.404786,0.893323]]],"btipPosition":[-66.4592,256.938,-11.1514],"carpPosition":[-48.2678,272.32,87.6248],"dipPosition":[-70.9676,266.285,9.47595],"direction":[-0.109042,-0.203329,-0.97302],"extended":false,"handId":854,"id":8540,"length":51.4192,"mcpPosition":[-48.2678,272.32,87.6248],"pipPosition":[-67.2995,273.125,42.2079],"stabilizedTipPosition":[-97.7133,248.252,130.581],"timeVisible":0.560448,"tipPosition":[-68.0102,259.647,-6.61538],"tipVelocity":[73.388,3.43912,-181.269],"tool":false,"touchDistance":-0.569254,"touchZone":"hovering","type":0,"width":19.9791},{"bases":[[[0.842868,-0.381812,-0.3792],[0.490344,0.835219,0.248942],[0.221666,-0.395764,0.891198]],[[0.864449,-0.429763,-0.260829],[0.484889,0.849743,0.20693],[0.132707,-0.305353,0.942947]],[[0.864449,-0.429763,-0.260829],[0.46817,0.877229,0.106232],[0.183152,-0.213944,0.959522]],[[0.864449,-0.429763,-0.260829],[0.451239,0.892032,0.0257276],[0.221611,-0.139936,0.965042]]],"btipPosition":[-61.3195,337.255,-60.1892],"carpPosition":[-31.5013,288.124,83.6178],"dipPosition":[-57.5838,334.896,-43.9214],"direction":[-0.183152,0.213944,-0.959522],"extended":true,"handId":854,"id":8541,"length":58.0209,"mcpPosition":[-47.591,316.851,18.9297],"pipPosition":[-53.2162,329.794,-21.0396],"stabilizedTipPosition":[-102.012,304.832,83.3593],"timeVisible":0.560448,"tipPosition":[-60.6785,335.1,-56.6988],"tipVelocity":[74.5896,68.2417,-181.713],"tool":false,"touchDistance":-0.591768,"touchZone":"hovering","type":1,"width":19.0841},{"bases":[[[0.769042,-0.568524,-0.292155],[0.63053,0.749753,0.200756],[0.10491,-0.338602,0.935063]],[[0.769665,-0.57057,-0.28647],[0.332566,0.74131,-0.582974],[0.544991,0.353425,0.760313]],[[0.769665,-0.57057,-0.28647],[-0.466053,-0.195436,-0.862901],[0.436359,0.797656,-0.416337]],[[0.769665,-0.57057,-0.28647],[-0.638099,-0.70228,-0.315647],[-0.0210834,0.425739,-0.904601]]],"btipPosition":[-65.6675,261.396,6.89136],"carpPosition":[-20.6771,285.168,78.9607],"dipPosition":[-66.0584,269.29,-9.8805],"direction":[-0.436359,-0.797656,0.416337],"extended":false,"handId":854,"id":8542,"length":66.1101,"mcpPosition":[-27.8985,308.476,14.5959],"pipPosition":[-53.8159,291.669,-21.5612],"stabilizedTipPosition":[-84.6953,240.556,162.792],"timeVisible":0.560448,"tipPosition":[-65.3788,262.82,4.71974],"tipVelocity":[55.4938,29.4467,-242.041],"tool":false,"touchDistance":0.333333,"touchZone":"none","type":2,"width":18.7431},{"bases":[[[0.726364,-0.667046,-0.165666],[0.686886,0.696042,0.209075],[-0.0241524,-0.265658,0.963765]],[[0.725519,-0.673559,-0.141208],[0.464118,0.630376,-0.622271],[0.50815,0.385932,0.769961]],[[0.725519,-0.673559,-0.141208],[-0.40775,-0.255422,-0.876641],[0.554402,0.693597,-0.459958]],[[0.725519,-0.673559,-0.141208],[-0.679813,-0.669486,-0.299404],[0.10713,0.313218,-0.943619]]],"btipPosition":[-48.9613,253.926,11.3205],"carpPosition":[-10.9263,279.251,74.8585],"dipPosition":[-46.9865,259.7,-6.07427],"direction":[-0.554402,-0.693597,0.459958],"extended":false,"handId":854,"id":8543,"length":63.5667,"mcpPosition":[-9.43359,295.67,15.2958],"pipPosition":[-31.8338,278.657,-18.6456],"stabilizedTipPosition":[-69.201,235.748,168.331],"timeVisible":0.560448,"tipPosition":[-48.2734,255.172,8.80816],"tipVelocity":[57.2118,17.344,-223.977],"tool":false,"touchDistance":0.333333,"touchZone":"none","type":3,"width":17.8352},{"bases":[[[0.595141,-0.799086,-0.0852597],[0.78665,0.557596,0.265082],[-0.164283,-0.224831,0.960449]],[[0.542492,-0.829239,0.134407],[0.690395,0.348945,-0.633712],[0.478598,0.436578,0.761803]],[[0.542492,-0.829239,0.134407],[-0.33816,-0.362024,-0.868669],[0.768993,0.425795,-0.476811]],[[0.542492,-0.829239,0.134407],[-0.773935,-0.555572,-0.303916],[0.326692,0.0608503,-0.94317]]],"btipPosition":[-32.4007,255.522,15.1335],"carpPosition":[-4.70763,267.141,71.4159],"dipPosition":[-26.8449,256.557,-0.906278],"direction":[-0.768993,-0.425795,0.476811],"extended":false,"handId":854,"id":8544,"length":49.8351,"mcpPosition":[4.69093,280.004,16.469],"pipPosition":[-12.0056,264.773,-10.1074],"stabilizedTipPosition":[-55.9315,240.254,171.589],"timeVisible":0.560448,"tipPosition":[-31.0456,255.777,12.8229],"tipVelocity":[60.7968,14.4426,-229.604],"tool":false,"touchDistance":0.333333,"touchZone":"none","type":4,"width":15.8426}],"r":[[0.826047,-0.52637,0.201445],[0.558019,0.713661,-0.423441],[0.0791228,0.462193,0.883243]],"s":0.755757,"t":[57.5877,59.1781,-194.11],"timestamp":607044209815},false],[2,{"currentFrameRate":110.288,"devices":[],"gestures":[],"hands":[{"armBasis":[[0.725716,-0.277459,-0.629566],[0.507396,0.833837,0.217403],[0.464635,-0.477212,0.745911]],"armWidth":62.8676,"confidence":0.828663,"direction":[-0.00260772,0.443746,-0.896149],"elbow":[105.386,142.07,279.909],"grabStrength":0,"id":854,"palmNormal":[-0.515704,-0.768389,-0.378982],"palmPosition":[-27.1683,293.029,33.5827],"palmVelocity":[46.638,20.3693,-161.252],"palmWidth":89.7729,"pinchStrength":1,"r":[[0.826131,-0.525597,0.203114],[0.558182,0.714046,-0.422577],[0.0770723,0.462479,0.883274]],"s":0.756017,"sphereCenter":[-54.448,276.324,1.16925],"sphereRadius":44.0806,"stabilizedPalmPosition":[-55.3891,282.95,171.759],"t":[57.9499,59.384,-195.295],"timeVisible":0.56944,"type":"right","wrist":[-18.3878,269.194,81.2066]}],"id":4434912,"interactionBox":{"center":[0,200,0],"size":[235.247,235.247,147.751]},"pointables":[{"bases":[[[0.80551,0.588288,0.0712128],[-0.45787,0.541594,0.705004],[0.376177,-0.600494,0.705619]],[[0.577344,0.784179,-0.227457],[-0.719222,0.620299,0.312967],[0.386514,-0.0170972,0.922125]],[[0.577344,0.784179,-0.227457],[-0.809577,0.585989,-0.0346628],[0.106106,0.204157,0.973171]],[[0.577344,0.784179,-0.227457],[-0.792164,0.470456,-0.388776],[-0.197862,0.404641,0.892814]]],"btipPosition":[-66.0084,257.11,-12.0803],"carpPosition":[-47.972,272.479,86.6868],"dipPosition":[-70.5771,266.453,8.53529],"direction":[-0.106106,-0.204157,-0.973171],"extended":false,"handId":854,"id":8540,"length":51.4192,"mcpPosition":[-47.972,272.479,86.6868],"pipPosition":[-67.0078,273.321,41.2723],"stabilizedTipPosition":[-97.7067,248.254,130.551],"timeVisible":0.56944,"tipPosition":[-67.5495,259.772,-7.55007],"tipVelocity":[66.5854,7.71541,-159.96],"tool":false,"touchDistance":-0.554636,"touchZone":"hovering","type":0,"width":19.9791},{"bases":[[[0.844162,-0.380107,-0.378033],[0.488278,0.836265,0.249491],[0.221303,-0.395196,0.891541]],[[0.865359,-0.426994,-0.262355],[0.483726,0.848519,0.214534],[0.131009,-0.312557,0.940821]],[[0.865359,-0.426994,-0.262355],[0.467068,0.876926,0.113353],[0.181665,-0.220629,0.958291]],[[0.865359,-0.426994,-0.262355],[0.450101,0.892396,0.0322106],[0.220371,-0.14596,0.964434]]],"btipPosition":[-60.8966,337.974,-61.0019],"carpPosition":[-31.2331,288.318,82.7002],"dipPosition":[-57.1818,335.513,-44.7444],"direction":[-0.181665,0.220629,-0.958291],"extended":true,"handId":854,"id":8541,"length":58.0209,"mcpPosition":[-47.2964,317.003,17.9873],"pipPosition":[-52.8496,330.252,-21.892],"stabilizedTipPosition":[-101.9,304.918,82.9866],"timeVisible":0.56944,"tipPosition":[-60.2563,335.774,-57.5296],"tipVelocity":[66.8828,70.7336,-156.726],"tool":false,"touchDistance":-0.57315,"touchZone":"hovering","type":1,"width":19.0841},{"bases":[[[0.770609,-0.566961,-0.291063],[0.628704,0.751085,0.201501],[0.10437,-0.338271,0.935243]],[[0.771337,-0.569372,-0.284348],[0.33537,0.743359,-0.578744],[0.540893,0.351045,0.764331]],[[0.771337,-0.569372,-0.284348],[-0.461292,-0.192362,-0.866145],[0.438461,0.799257,-0.411023]],[[0.771337,-0.569372,-0.284348],[-0.636191,-0.701963,-0.320169],[-0.0173063,0.427858,-0.90368]]],"btipPosition":[-65.284,261.618,5.61891],"carpPosition":[-20.3966,285.384,78.0579],"dipPosition":[-65.6048,269.551,-11.1359],"direction":[-0.438461,-0.799257,0.411023],"extended":false,"handId":854,"id":8542,"length":66.1101,"mcpPosition":[-27.5808,308.669,13.6807],"pipPosition":[-53.3034,291.975,-22.6676],"stabilizedTipPosition":[-84.6951,240.556,162.791],"timeVisible":0.56944,"tipPosition":[-64.9989,263.043,3.42225],"tipVelocity":[52.4622,28.4072,-214.338],"tool":false,"touchDistance":0.333333,"touchZone":"none","type":2,"width":18.7431},{"bases":[[[0.727967,-0.665557,-0.164618],[0.685161,0.697492,0.209902],[-0.0248816,-0.265592,0.963764]],[[0.727105,-0.672057,-0.140206],[0.467821,0.634499,-0.615268],[0.502455,0.381773,0.77575]],[[0.727105,-0.672057,-0.140206],[-0.400683,-0.249589,-0.881566],[0.557469,0.697169,-0.450759]],[[0.727105,-0.672057,-0.140206],[-0.677199,-0.668562,-0.307288],[0.112779,0.318378,-0.941231]]],"btipPosition":[-48.5549,254.148,9.8807],"carpPosition":[-10.628,279.487,73.9693],"dipPosition":[-46.4759,260.017,-7.47003],"direction":[-0.557469,-0.697169,0.450759],"extended":false,"handId":854,"id":8543,"length":63.5667,"mcpPosition":[-9.0903,295.901,14.4066],"pipPosition":[-31.2395,279.072,-19.7899],"stabilizedTipPosition":[-69.2008,235.749,168.329],"timeVisible":0.56944,"tipPosition":[-47.8599,255.396,7.40883],"tipVelocity":[54.6447,20.0198,-206.147],"tool":false,"touchDistance":0.333333,"touchZone":"none","type":3,"width":17.8352},{"bases":[[[0.596912,-0.797858,-0.0843707],[0.785138,0.55926,0.266059],[-0.165092,-0.225056,0.960257]],[[0.543493,-0.828163,0.136969],[0.692204,0.349871,-0.631224],[0.474836,0.437876,0.76341]],[[0.543493,-0.828163,0.136969],[-0.333321,-0.362678,-0.870266],[0.770398,0.427329,-0.473157]],[[0.543493,-0.828163,0.136969],[-0.771415,-0.557107,-0.307491],[0.330959,0.0614596,-0.941642]]],"btipPosition":[-31.9949,255.697,14.1125],"carpPosition":[-4.37971,267.389,70.5365],"dipPosition":[-26.3666,256.742,-1.90131],"direction":[-0.770398,-0.427329,0.473157],"extended":false,"handId":854,"id":8544,"length":49.8351,"mcpPosition":[5.06514,280.265,15.6006],"pipPosition":[-11.5001,264.989,-11.0319],"stabilizedTipPosition":[-55.9312,240.254,171.587],"timeVisible":0.56944,"tipPosition":[-30.6241,255.957,11.7762],"tipVelocity":[57.0072,15.9052,-197.579],"tool":false,"touchDistance":0.333333,"touchZone":"none","type":4,"width":15.8426}],"r":[[0.826131,-0.525597,0.203114],[0.558182,0.714046,-0.422577],[0.0770723,0.462479,0.883274]],"s":0.756017,"t":[57.9499,59.384,-195.295],"timestamp":607044218807},false],[3,{"currentFrameRate":110.317,"devices":[],"gestures":[],"hands":[{"armBasis":[[0.728004,-0.275401,-0.627825],[0.505825,0.833918,0.220731],[0.462765,-0.478262,0.7464]],"armWidth":62.8676,"confidence":0.81999,"direction":[-0.00154256,0.443955,-0.896048],"elbow":[105.157,142.08,279.126],"grabStrength":0,"id":854,"palmNormal":[-0.513714,-0.769127,-0.380187],"palmPosition":[-26.8428,293.315,32.6576],"palmVelocity":[43.7428,23.5053,-145.134],"palmWidth":89.7729,"pinchStrength":1,"r":[[0.826283,-0.524722,0.204753],[0.558249,0.714553,-0.42163],[0.0749321,0.462689,0.883348]],"s":0.756444,"sphereCenter":[-54.2622,276.941,0.221723],"sphereRadius":44.169,"stabilizedPalmPosition":[-55.3868,282.951,171.748],"t":[58.2938,59.6302,-196.35],"timeVisible":0.578454,"type":"right","wrist":[-18.1186,269.483,80.2932]}],"id":4434913,"interactionBox":{"center":[0,200,0],"size":[235.247,235.247,147.751]},"pointables":[{"bases":[[[0.80442,0.589565,0.0729505],[-0.460139,0.540689,0.704222],[0.375741,-0.600057,0.706223]],[[0.577047,0.78493,-0.225613],[-0.71955,0.619294,0.314202],[0.386348,-0.0189695,0.922158]],[[0.577047,0.78493,-0.225613],[-0.810272,0.584841,-0.0377],[0.102356,0.204563,0.973487]],[[0.577047,0.78493,-0.225613],[-0.791934,0.47024,-0.389505],[-0.199642,0.403434,0.892964]]],"btipPosition":[-65.5798,257.457,-13.0673],"carpPosition":[-47.7189,272.719,85.7155],"dipPosition":[-70.1896,266.772,7.55168],"direction":[-0.102356,-0.204563,-0.973487],"extended":false,"handId":854,"id":8540,"length":51.4192,"mcpPosition":[-47.7189,272.719,85.7155],"pipPosition":[-66.7464,273.654,40.2993],"stabilizedTipPosition":[-97.6987,248.257,130.515],"timeVisible":0.578454,"tipPosition":[-67.0897,260.045,-8.53486],"tipVelocity":[61.0634,15.9753,-146.063],"tool":false,"touchDistance":-0.5423,"touchZone":"hovering","type":0,"width":19.9791},{"bases":[[[0.845521,-0.378659,-0.376446],[0.486436,0.836989,0.250657],[0.220168,-0.395053,0.891885]],[[0.866243,-0.424562,-0.263382],[0.482803,0.846954,0.222644],[0.128546,-0.320025,0.938648]],[[0.866243,-0.424562,-0.263382],[0.466183,0.876453,0.120429],[0.179712,-0.227105,0.957145]],[[0.866243,-0.424562,-0.263382],[0.449113,0.89266,0.0381626],[0.218908,-0.151346,0.963937]]],"btipPosition":[-60.403,338.793,-61.8335],"carpPosition":[-30.9975,288.586,81.7658],"dipPosition":[-56.7129,336.242,-45.5843],"direction":[-0.179712,0.227105,-0.957145],"extended":true,"handId":854,"id":8541,"length":58.0209,"mcpPosition":[-46.9785,317.261,17.0279],"pipPosition":[-52.4273,330.826,-22.7592],"stabilizedTipPosition":[-101.762,305.027,82.5264],"timeVisible":0.578454,"tipPosition":[-59.7633,336.566,-58.3779],"tipVelocity":[63.3748,75.6467,-139.058],"tool":false,"touchDistance":-0.556671,"touchZone":"hovering","type":1,"width":19.0841},{"bases":[[[0.772096,-0.565652,-0.289667],[0.627095,0.752046,0.202926],[0.103057,-0.338327,0.935369]],[[0.772914,-0.568405,-0.28199],[0.338886,0.745526,-0.573888],[0.536432,0.348004,0.768852]],[[0.772914,-0.568405,-0.28199],[-0.455385,-0.187448,-0.870338],[0.441846,0.801111,-0.403724]],[[0.772914,-0.568405,-0.28199],[-0.63441,-0.700188,-0.327507],[-0.0112898,0.432032,-0.901788]]],"btipPosition":[-64.9385,261.924,4.24184],"carpPosition":[-20.1471,285.671,77.1444],"dipPosition":[-65.1478,269.934,-12.4779],"direction":[-0.441846,-0.801111,0.403724],"extended":false,"handId":854,"id":8542,"length":66.1101,"mcpPosition":[-27.241,308.959,12.7585],"pipPosition":[-52.7514,292.41,-23.8048],"stabilizedTipPosition":[-84.6949,240.557,162.789],"timeVisible":0.578454,"tipPosition":[-64.6351,263.373,2.03405],"tipVelocity":[49.3573,30.4652,-197.164],"tool":false,"touchDistance":0.333333,"touchZone":"none","type":2,"width":18.7431},{"bases":[[[0.729361,-0.664346,-0.16333],[0.68362,0.698543,0.211426],[-0.0263674,-0.265862,0.96365]],[[0.728466,-0.670827,-0.139022],[0.472127,0.638625,-0.607664],[0.49642,0.377026,0.781932]],[[0.728466,-0.670827,-0.139022],[-0.393105,-0.243106,-0.886774],[0.561075,0.700635,-0.4408]],[[0.728466,-0.670827,-0.139022],[-0.674628,-0.667111,-0.315976],[0.119222,0.323966,-0.938527]]],"btipPosition":[-48.1474,254.479,8.39765],"carpPosition":[-10.361,279.79,73.0738],"dipPosition":[-45.9496,260.451,-8.90322],"direction":[-0.561075,-0.700635,0.4408],"extended":false,"handId":854,"id":8543,"length":63.5667,"mcpPosition":[-8.73144,296.221,13.5182],"pipPosition":[-30.6146,279.601,-20.9509],"stabilizedTipPosition":[-69.2005,235.749,168.327],"timeVisible":0.578454,"tipPosition":[-47.4434,255.733,5.95385],"tipVelocity":[52.8853,25.3517,-194.354],"tool":false,"touchDistance":0.333333,"touchZone":"none","type":3,"width":17.8352},{"bases":[[[0.59836,-0.796877,-0.0833736],[0.783707,0.560458,0.267749],[-0.166636,-0.225551,0.959875]],[[0.544352,-0.827346,0.138489],[0.693303,0.350785,-0.629508],[0.472241,0.438689,0.764552]],[[0.544352,-0.827346,0.138489],[-0.330269,-0.363137,-0.871237],[0.771105,0.42852,-0.470921]],[[0.544352,-0.827346,0.138489],[-0.769645,-0.558251,-0.309842],[0.333659,0.0620756,-0.940648]]],"btipPosition":[-31.5824,255.978,13.1485],"carpPosition":[-4.08642,267.703,69.6505],"dipPosition":[-25.9081,257.034,-2.84837],"direction":[-0.771105,-0.42852,0.470921],"extended":false,"handId":854,"id":8544,"length":49.8351,"mcpPosition":[5.44673,280.607,14.7365],"pipPosition":[-11.028,265.303,-11.9358],"stabilizedTipPosition":[-55.9306,240.254,171.583],"timeVisible":0.578454,"tipPosition":[-30.202,256.241,10.7939],"tipVelocity":[54.2385,20.169,-172.539],"tool":false,"touchDistance":0.333333,"touchZone":"none","type":4,"width":15.8426}],"r":[[0.826283,-0.524722,0.204753],[0.558249,0.714553,-0.42163],[0.0749321,0.462689,0.883348]],"s":0.756444,"t":[58.2938,59.6302,-196.35],"timestamp":607044227821},false],[4,{"currentFrameRate":110.324,"devices":[],"gestures":[],"hands":[{"armBasis":[[0.731833,-0.268116,-0.626526],[0.503664,0.8321,0.232231],[0.459068,-0.485513,0.743998]],"armWidth":62.8676,"confidence":0.818115,"direction":[-0.000396879,0.443263,-0.896391],"elbow":[104.437,140.688,277.026],"grabStrength":0,"id":854,"palmNormal":[-0.510342,-0.770961,-0.381012],"palmPosition":[-26.5173,293.792,31.1557],"palmVelocity":[41.597,31.5522,-150.875],"palmWidth":89.7729,"pinchStrength":1,"r":[[0.826602,-0.523492,0.206602],[0.558103,0.71523,-0.420674],[0.0724517,0.463035,0.883374]],"s":0.757133,"sphereCenter":[-53.9404,277.621,-1.32345],"sphereRadius":44.2404,"stabilizedPalmPosition":[-55.3843,282.952,171.736],"t":[58.6285,59.9916,-197.629],"timeVisible":0.587505,"type":"right","wrist":[-17.8533,270.023,78.8337]}],"id":4434914,"interactionBox":{"center":[0,200,0],"size":[235.247,235.247,147.751]},"pointables":[{"bases":[[[0.802436,0.592041,0.074721],[-0.463713,0.539839,0.702527],[0.375588,-0.598382,0.707723]],[[0.576062,0.786154,-0.223862],[-0.720309,0.617688,0.315621],[0.386404,-0.0205671,0.9221]],[[0.576062,0.786154,-0.223862],[-0.811632,0.582619,-0.0425321],[0.0969895,0.206195,0.973692]],[[0.576062,0.786154,-0.223862],[-0.792308,0.469681,-0.389421],[-0.201001,0.401698,0.893441]]],"btipPosition":[-65.1299,257.975,-14.6264],"carpPosition":[-47.4781,273.174,84.1715],"dipPosition":[-69.7711,267.251,6.0036],"direction":[-0.0969895,-0.206195,-0.973692],"extended":false,"handId":854,"id":8540,"length":51.4192,"mcpPosition":[-47.4781,273.174,84.1715],"pipPosition":[-66.5085,274.187,38.7581],"stabilizedTipPosition":[-97.6894,248.261,130.474],"timeVisible":0.587505,"tipPosition":[-66.5799,260.456,-10.0869],"tipVelocity":[57.7092,27.0879,-153.213],"tool":false,"touchDistance":-0.539752,"touchZone":"hovering","type":0,"width":19.9791},{"bases":[[[0.847697,-0.376398,-0.373812],[0.483218,0.838642,0.251355],[0.218885,-0.393706,0.892796]],[[0.867953,-0.421271,-0.263035],[0.480508,0.846217,0.230279],[0.125575,-0.326262,0.936901]],[[0.867953,-0.421271,-0.263035],[0.464056,0.876608,0.127319],[0.176943,-0.23257,0.956348]],[[0.867953,-0.421271,-0.263035],[0.447028,0.893428,0.0441933],[0.216386,-0.155942,0.963773]]],"btipPosition":[-59.8716,339.669,-63.3138],"carpPosition":[-30.7937,289.088,80.2559],"dipPosition":[-56.224,337.041,-47.0674],"direction":[-0.176943,0.23257,-0.956348],"extended":true,"handId":854,"id":8541,"length":58.0209,"mcpPosition":[-46.6816,317.665,15.4518],"pipPosition":[-52.0044,331.495,-24.2613],"stabilizedTipPosition":[-101.598,305.157,81.9815],"timeVisible":0.587505,"tipPosition":[-59.2461,337.417,-59.8697],"tipVelocity":[61.7902,80.9409,-145.836],"tool":false,"touchDistance":-0.551552,"touchZone":"hovering","type":1,"width":19.0841},{"bases":[[[0.774594,-0.563544,-0.287091],[0.624263,0.754087,0.20408],[0.101484,-0.337299,0.935911]],[[0.775503,-0.566651,-0.278391],[0.341794,0.74756,-0.5695],[0.530822,0.346497,0.773413]],[[0.775503,-0.566651,-0.278391],[-0.449263,-0.185494,-0.873931],[0.443574,0.802807,-0.398427]],[[0.775503,-0.566651,-0.278391],[-0.631306,-0.700847,-0.332065],[-0.00694403,0.433267,-0.901239]]],"btipPosition":[-64.4672,262.385,2.35109],"carpPosition":[-19.9218,286.202,75.6667],"dipPosition":[-64.5959,270.418,-14.3584],"direction":[-0.443574,-0.802807,0.398427],"extended":false,"handId":854,"id":8542,"length":66.1101,"mcpPosition":[-26.9074,309.419,11.2435],"pipPosition":[-52.151,292.942,-25.5367],"stabilizedTipPosition":[-84.6946,240.557,162.786],"timeVisible":0.587505,"tipPosition":[-64.1698,263.83,0.117889],"tipVelocity":[50.6716,36.2851,-200.331],"tool":false,"touchDistance":0.333333,"touchZone":"none","type":2,"width":18.7431},{"bases":[[[0.731808,-0.66227,-0.160797],[0.680926,0.70076,0.212778],[-0.0282362,-0.265203,0.963779]],[[0.730863,-0.668745,-0.136451],[0.474354,0.64144,-0.602945],[0.490742,0.375945,0.786027]],[[0.730863,-0.668745,-0.136451],[-0.386219,-0.24039,-0.890532],[0.562738,0.703557,-0.433974]],[[0.730863,-0.668745,-0.136451],[-0.671041,-0.667543,-0.32263],[0.124671,0.327362,-0.936638]]],"btipPosition":[-47.6733,254.901,6.54179],"carpPosition":[-10.1069,280.347,71.6277],"dipPosition":[-45.3751,260.936,-10.7243],"direction":[-0.562738,-0.703557,0.433974],"extended":false,"handId":854,"id":8543,"length":63.5667,"mcpPosition":[-8.3618,296.738,12.0642],"pipPosition":[-29.9946,280.165,-22.5854],"stabilizedTipPosition":[-69.2001,235.749,168.324],"timeVisible":0.587505,"tipPosition":[-46.9574,256.169,4.08852],"tipVelocity":[53.45,31.6558,-197.06],"tool":false,"touchDistance":0.333333,"touchZone":"none","type":3,"width":17.8352},{"bases":[[[0.600985,-0.795135,-0.0811011],[0.781272,0.563021,0.269484],[-0.168614,-0.225318,0.959584]],[[0.54637,-0.825607,0.140899],[0.693956,0.352058,-0.628076],[0.468939,0.44094,0.765289]],[[0.54637,-0.825607,0.140899],[-0.326677,-0.364975,-0.871823],[0.771208,0.43031,-0.469118]],[[0.54637,-0.825607,0.140899],[-0.767012,-0.560799,-0.311764],[0.33641,0.0622674,-0.939655]]],"btipPosition":[-31.1028,256.422,11.6684],"carpPosition":[-3.78646,268.277,68.2312],"dipPosition":[-25.3818,257.481,-4.31155],"direction":[-0.771208,-0.43031,0.469118],"extended":false,"handId":854,"id":8544,"length":49.8351,"mcpPosition":[5.85989,281.167,13.3338],"pipPosition":[-10.4996,265.785,-13.3642],"stabilizedTipPosition":[-55.9299,240.255,171.578],"timeVisible":0.587505,"tipPosition":[-29.7122,256.688,9.29371],"tipVelocity":[54.2208,28.1625,-169.934],"tool":false,"touchDistance":0.333333,"touchZone":"none","type":4,"width":15.8426}],"r":[[0.826602,-0.523492,0.206602],[0.558103,0.71523,-0.420674],[0.0724517,0.463035,0.883374]],"s":0.757133,"t":[58.6285,59.9916,-197.629],"timestamp":607044236872},false],[5,{"currentFrameRate":110.344,"devices":[],"gestures":[],"hands":[{"armBasis":[[0.737063,-0.263808,-0.622208],[0.497097,0.835356,0.234678],[0.457856,-0.482271,0.746849]],"armWidth":62.8676,"confidence":0.792633,"direction":[-0.0000249509,0.447491,-0.894289],"elbow":[104.282,141.915,275.97],"grabStrength":0,"id":854,"palmNormal":[-0.503919,-0.772448,-0.386509],"palmPosition":[-26.3309,294.324,29.4217],"palmVelocity":[35.8298,39.097,-162.214],"palmWidth":89.7729,"pinchStrength":1,"r":[[0.827381,-0.521627,0.208194],[0.557359,0.716894,-0.418825],[0.0692178,0.462567,0.883878]],"s":0.758252,"sphereCenter":[-53.7055,278.478,-3.18177],"sphereRadius":44.314,"stabilizedPalmPosition":[-55.3816,282.953,171.722],"t":[58.8891,60.4385,-199.135],"timeVisible":0.596533,"type":"right","wrist":[-17.6857,270.386,77.0187]}],"id":4434915,"interactionBox":{"center":[0,200,0],"size":[235.247,235.247,147.751]},"pointables":[{"bases":[[[0.798285,0.596883,0.0804517],[-0.469772,0.533482,0.703357],[0.376902,-0.599273,0.706269]],[[0.572409,0.790632,-0.217366],[-0.723792,0.611765,0.319169],[0.385322,-0.0253682,0.922433]],[[0.572409,0.790632,-0.217366],[-0.815021,0.577677,-0.0450644],[0.0899377,0.202953,0.975049]],[[0.572409,0.790632,-0.217366],[-0.793466,0.46724,-0.389998],[-0.206783,0.39571,0.894793]]],"btipPosition":[-64.5774,258.605,-16.6286],"carpPosition":[-47.3496,273.32,82.2626],"dipPosition":[-69.3521,267.742,4.03266],"direction":[-0.0899377,-0.202953,-0.975049],"extended":false,"handId":854,"id":8540,"length":51.4192,"mcpPosition":[-47.3496,273.32,82.2626],"pipPosition":[-66.3267,274.569,36.8329],"stabilizedTipPosition":[-97.6793,248.264,130.429],"timeVisible":0.596533,"tipPosition":[-66.024,260.985,-12.0837],"tipVelocity":[57.7336,37.8561,-171.868],"tool":false,"touchDistance":-0.544034,"touchZone":"hovering","type":0,"width":19.9791},{"bases":[[[0.851485,-0.369107,-0.372469],[0.476827,0.840565,0.257074],[0.218197,-0.396498,0.891728]],[[0.871341,-0.413489,-0.264181],[0.475072,0.845622,0.243371],[0.122766,-0.337564,0.933262]],[[0.871341,-0.413489,-0.264181],[0.458767,0.877509,0.139682],[0.174064,-0.242908,0.954305]],[[0.871341,-0.413489,-0.264181],[0.441769,0.895404,0.0556113],[0.213554,-0.165163,0.962869]]],"btipPosition":[-59.5476,341.025,-64.7907],"carpPosition":[-30.7551,289.36,78.4832],"dipPosition":[-55.9477,338.241,-48.5596],"direction":[-0.174064,0.242908,-0.954305],"extended":true,"handId":854,"id":8541,"length":58.0209,"mcpPosition":[-46.593,318.14,13.7566],"pipPosition":[-51.7968,332.448,-25.8022],"stabilizedTipPosition":[-101.402,305.318,81.3276],"timeVisible":0.596533,"tipPosition":[-58.9382,338.73,-61.3698],"tipVelocity":[54.3248,98.9138,-150.831],"tool":false,"touchDistance":-0.546936,"touchZone":"hovering","type":1,"width":19.0841},{"bases":[[[0.779289,-0.557133,-0.2869],[0.618591,0.757153,0.209918],[0.100275,-0.341061,0.934678]],[[0.780256,-0.56053,-0.277502],[0.340499,0.752841,-0.563286],[0.524653,0.345018,0.778268]],[[0.780256,-0.56053,-0.277502],[-0.443766,-0.183464,-0.877162],[0.440763,0.807556,-0.391893]],[[0.780256,-0.56053,-0.277502],[-0.625434,-0.70327,-0.337998],[-0.0057005,0.437284,-0.899305]]],"btipPosition":[-63.961,262.871,0.239651],"carpPosition":[-19.848,286.566,73.9204],"dipPosition":[-64.0667,270.979,-16.434],"direction":[-0.440763,-0.807557,0.391893],"extended":false,"handId":854,"id":8542,"length":66.1101,"mcpPosition":[-26.7504,310.043,9.58207],"pipPosition":[-51.7006,293.635,-27.429],"stabilizedTipPosition":[-84.6941,240.558,162.783],"timeVisible":0.596533,"tipPosition":[-63.6823,264.326,-2.03481],"tipVelocity":[52.3192,41.6413,-209.315],"tool":false,"touchDistance":0.333333,"touchZone":"none","type":2,"width":18.7431},{"bases":[[[0.736687,-0.656732,-0.16123],[0.675568,0.704155,0.218572],[-0.0300125,-0.269941,0.962409]],[[0.735699,-0.663314,-0.136974],[0.472943,0.647866,-0.597156],[0.484842,0.374546,0.790344]],[[0.735699,-0.663314,-0.136974],[-0.380342,-0.237259,-0.893895],[0.560435,0.709735,-0.426837]],[[0.735699,-0.663314,-0.136974],[-0.665267,-0.669724,-0.329984],[0.127148,0.333893,-0.933996]]],"btipPosition":[-47.1598,255.414,4.45459],"carpPosition":[-9.98048,280.795,69.8899],"dipPosition":[-44.8159,261.569,-12.7628],"direction":[-0.560435,-0.709734,0.426837],"extended":false,"handId":854,"id":8543,"length":63.5667,"mcpPosition":[-8.12565,297.478,10.411],"pipPosition":[-29.4984,280.967,-24.4288],"stabilizedTipPosition":[-69.1996,235.75,168.32],"timeVisible":0.596533,"tipPosition":[-46.4422,256.707,1.97442],"tipVelocity":[54.7139,39.4281,-206.115],"tool":false,"touchDistance":0.333333,"touchZone":"none","type":3,"width":17.8352},{"bases":[[[0.606444,-0.79082,-0.0826416],[0.776602,0.566803,0.274997],[-0.170631,-0.23095,0.957887]],[[0.550948,-0.822736,0.139865],[0.695068,0.359624,-0.622536],[0.461884,0.4402,0.769991]],[[0.550948,-0.822736,0.139865],[-0.318906,-0.362434,-0.875751],[0.771204,0.43789,-0.462058]],[[0.550948,-0.822736,0.139865],[-0.761402,-0.564165,-0.31935],[0.341648,0.069452,-0.937258]]],"btipPosition":[-30.6131,257.007,9.65305],"carpPosition":[-3.56927,268.782,66.4598],"dipPosition":[-24.803,258.188,-6.28619],"direction":[-0.771204,-0.43789,0.462058],"extended":false,"handId":854,"id":8544,"length":49.8351,"mcpPosition":[6.19247,281.995,11.6595],"pipPosition":[-9.92092,266.638,-15.2026],"stabilizedTipPosition":[-55.9289,240.255,171.572],"timeVisible":0.596533,"tipPosition":[-29.2079,257.298,7.2672],"tipVelocity":[54.8522,39.0995,-184.323],"tool":false,"touchDistance":0.333333,"touchZone":"none","type":4,"width":15.8426}],"r":[[0.827381,-0.521627,0.208194],[0.557359,0.716894,-0.418825],[0.0692178,0.462567,0.883878]],"s":0.758252,"t":[58.8891,60.4385,-199.135],"timestamp":607044245900},false],[6,{"currentFrameRate":110.361,"devices":[],"gestures":[],"hands":[{"armBasis":[[0.739545,-0.26425,-0.619068],[0.493945,0.837849,0.232435],[0.457265,-0.477682,0.750152]],"armWidth":62.8676,"confidence":0.7929,"direction":[0.00104795,0.447432,-0.894318],"elbow":[104.195,143.527,275.646],"grabStrength":0,"id":854,"palmNormal":[-0.500848,-0.773829,-0.387737],"palmPosition":[-26.203,294.687,28.194],"palmVelocity":[29.8631,39.4003,-154.981],"palmWidth":89.7729,"pinchStrength":1,"r":[[0.828172,-0.519686,0.2099],[0.556583,0.718516,-0.417073],[0.0659308,0.462235,0.884303]],"s":0.759685,"sphereCenter":[-53.6938,279.183,-4.39734],"sphereRadius":44.3922,"stabilizedPalmPosition":[-55.3789,282.954,171.709],"t":[59.0833,60.8434,-200.502],"timeVisible":0.605564,"type":"right","wrist":[-17.6146,270.776,75.8145]}],"id":4434916,"interactionBox":{"center":[0,200,0],"size":[235.247,235.247,147.751]},"pointables":[{"bases":[[[0.796465,0.599038,0.0824433],[-0.473,0.532258,0.70212],[0.376715,-0.59821,0.70727]],[[0.571547,0.791838,-0.215235],[-0.724905,0.610146,0.31974],[0.384507,-0.0267215,0.922735]],[[0.571547,0.791838,-0.215235],[-0.816181,0.575677,-0.0494498],[0.0847495,0.203934,0.975309]],[[0.571547,0.791838,-0.215235],[-0.793262,0.466077,-0.391801],[-0.209927,0.39467,0.89452]]],"btipPosition":[-64.2401,258.972,-17.9259],"carpPosition":[-47.2996,273.629,80.9826],"dipPosition":[-69.0875,268.085,2.72905],"direction":[-0.0847495,-0.203934,-0.975309],"extended":false,"handId":854,"id":8540,"length":51.4192,"mcpPosition":[-47.2996,273.629,80.9826],"pipPosition":[-66.2365,274.945,35.538],"stabilizedTipPosition":[-97.6686,248.269,130.381],"timeVisible":0.605564,"tipPosition":[-65.6845,261.292,-13.3813],"tipVelocity":[51.61,38.4693,-164.142],"tool":false,"touchDistance":-0.537446,"touchZone":"hovering","type":0,"width":19.9791},{"bases":[[[0.853423,-0.366834,-0.370272],[0.473903,0.841864,0.258229],[0.216991,-0.395851,0.89231]],[[0.872833,-0.410278,-0.264262],[0.473109,0.844201,0.251978],[0.119709,-0.344959,0.930953]],[[0.872833,-0.410278,-0.264262],[0.456936,0.877218,0.147302],[0.171381,-0.249321,0.953136]],[[0.872833,-0.410278,-0.264262],[0.439916,0.895889,0.0620987],[0.211272,-0.170455,0.96245]]],"btipPosition":[-59.2118,341.888,-65.9389],"carpPosition":[-30.7388,289.714,77.2444],"dipPosition":[-55.6504,339.015,-49.7148],"direction":[-0.171381,0.249321,-0.953136],"extended":true,"handId":854,"id":8541,"length":58.0209,"mcpPosition":[-46.4893,318.447,12.4756],"pipPosition":[-51.5635,333.069,-26.9853],"stabilizedTipPosition":[-101.174,305.509,80.564],"timeVisible":0.605564,"tipPosition":[-58.6245,339.567,-62.5307],"tipVelocity":[49.3342,97.3613,-144.356],"tool":false,"touchDistance":-0.537823,"touchZone":"hovering","type":1,"width":19.0841},{"bases":[[[0.781516,-0.555049,-0.284874],[0.61601,0.758831,0.21144],[0.0988114,-0.340729,0.934955]],[[0.782508,-0.558588,-0.275064],[0.34072,0.75391,-0.56172],[0.521144,0.345831,0.780263]],[[0.782508,-0.558588,-0.275064],[-0.440787,-0.184961,-0.878349],[0.439759,0.80856,-0.390952]],[[0.782508,-0.558588,-0.275064],[-0.622621,-0.705495,-0.338557],[-0.00494265,0.436184,-0.899844]]],"btipPosition":[-63.6439,263.185,-1.1015],"carpPosition":[-19.8127,286.95,72.7095],"dipPosition":[-63.7355,271.272,-17.7852],"direction":[-0.439759,-0.80856,0.390952],"extended":false,"handId":854,"id":8542,"length":66.1101,"mcpPosition":[-26.6143,310.404,8.35219],"pipPosition":[-51.3976,293.957,-28.7537],"stabilizedTipPosition":[-84.6936,240.558,162.778],"timeVisible":0.605564,"tipPosition":[-63.3864,264.632,-3.4257],"tipVelocity":[47.6799,39.6111,-192.639],"tool":false,"touchDistance":0.333333,"touchZone":"none","type":2,"width":18.7431},{"bases":[[[0.738863,-0.654754,-0.159306],[0.673108,0.705988,0.220243],[-0.0317374,-0.26996,0.962348]],[[0.73784,-0.66129,-0.13523],[0.473739,0.650072,-0.594119],[0.480794,0.374301,0.792929]],[[0.73784,-0.66129,-0.13523],[-0.37598,-0.236278,-0.895998],[0.560563,0.711947,-0.422967]],[[0.73784,-0.66129,-0.13523],[-0.662353,-0.670797,-0.333646],[0.129926,0.335747,-0.932949]]],"btipPosition":[-46.8683,255.741,3.03403],"carpPosition":[-9.91935,281.205,68.7047],"dipPosition":[-44.4732,261.93,-14.164],"direction":[-0.560563,-0.711947,0.422967],"extended":false,"handId":854,"id":8543,"length":63.5667,"mcpPosition":[-7.95792,297.889,9.22952],"pipPosition":[-29.1523,281.389,-25.7243],"stabilizedTipPosition":[-69.199,235.75,168.316],"timeVisible":0.605564,"tipPosition":[-46.1514,257.04,0.531271],"tipVelocity":[48.8938,38.7818,-192.536],"tool":false,"touchDistance":0.333333,"touchZone":"none","type":3,"width":17.8352},{"bases":[[[0.608782,-0.789188,-0.0810397],[0.774368,0.568913,0.276934],[-0.172449,-0.231347,0.957465]],[[0.552757,-0.821246,0.141476],[0.695554,0.36116,-0.621102],[0.458982,0.441723,0.770854]],[[0.552757,-0.821246,0.141476],[-0.315688,-0.363473,-0.876486],[0.771233,0.439822,-0.46017]],[[0.552757,-0.821246,0.141476],[-0.758964,-0.566223,-0.321504],[0.344141,0.0703383,-0.93628]]],"btipPosition":[-30.3487,257.351,8.42592],"carpPosition":[-3.46707,269.209,65.2917],"dipPosition":[-24.4961,258.547,-7.49667],"direction":[-0.771233,-0.439822,0.46017],"extended":false,"handId":854,"id":8544,"length":49.8351,"mcpPosition":[6.39865,282.445,10.5155],"pipPosition":[-9.61349,267.034,-16.3766],"stabilizedTipPosition":[-55.9276,240.256,171.564],"timeVisible":0.605564,"tipPosition":[-28.9329,257.648,6.01748],"tipVelocity":[48.1084,38.9319,-170.866],"tool":false,"touchDistance":0.333333,"touchZone":"none","type":4,"width":15.8426}],"r":[[0.828172,-0.519686,0.2099],[0.556583,0.718516,-0.417073],[0.0659308,0.462235,0.884303