{"sensorType":"Leap","data":[[0,{"currentFrameRate":108.482,"devices":[],"gestures":[],"hands":[{"armBasis":[[0.769965,-0.171931,-0.614487],[0.430845,0.850425,0.301912],[0.470666,-0.49721,0.728873]],"armWidth":62.8676,"confidence":0.758025,"direction":[0.0243957,0.432035,-0.901527],"elbow":[103.878,137.553,279.374],"grabStrength":0,"id":852,"palmNormal":[-0.43068,-0.809278,-0.399481],"palmPosition":[-28.8226,292.566,36.7282],"palmVelocity":[41.731,16.5932,-106.179],"palmWidth":89.7729,"pinchStrength":1,"r":[[0.793396,-0.423261,0.437462],[0.591077,0.707412,-0.387552],[-0.14543,0.566056,0.811438]],"s":1.03795,"sphereCenter":[-63.4504,280.529,5.63426],"sphereRadius":47.4502,"stabilizedPalmPosition":[-57.9595,266.159,248.934],"t":[31.3597,27.7424,-219.571],"timeVisible":0.903865,"type":"right","wrist":[-21.5016,270.004,85.2113]}],"id":4433112,"interactionBox":{"center":[0,200,0],"size":[235.247,235.247,147.751]},"pointables":[{"bases":[[[0.753005,0.647984,0.11446],[-0.54298,0.513632,0.664345],[0.371694,-0.562405,0.73861]],[[0.53675,0.820702,-0.195824],[-0.766134,0.5713,0.294373],[0.353467,-0.00797702,0.935413]],[[0.53675,0.820702,-0.195824],[-0.839485,0.542744,-0.0263617],[0.0846471,0.178541,0.980285]],[[0.53675,0.820702,-0.195824],[-0.795567,0.414984,-0.441431],[-0.281019,0.392729,0.875667]]],"btipPosition":[-65.3151,256.436,-10.5884],"carpPosition":[-51.5484,271.117,88.6765],"dipPosition":[-71.804,265.504,9.63123],"direction":[-0.0846471,-0.178541,-0.980285],"extended":false,"handId":852,"id":8520,"length":51.4192,"mcpPosition":[-51.5484,271.117,88.6765],"pipPosition":[-68.9565,271.51,42.6075],"stabilizedTipPosition":[-104.689,236.862,215.706],"timeVisible":0.903865,"tipPosition":[-66.7939,258.21,-5.75735],"tipVelocity":[51.1264,16.0257,-115.472],"tool":false,"touchDistance":-0.453477,"touchZone":"hovering","type":0,"width":19.9791},{"bases":[[[0.893464,-0.319825,-0.315333],[0.407012,0.873416,0.267369],[0.189905,-0.367229,0.910538]],[[0.898265,-0.329624,-0.290633],[0.405714,0.87617,0.260236],[0.168863,-0.351675,0.920766]],[[0.898265,-0.329624,-0.290633],[0.381105,0.913605,0.141718],[0.21881,-0.238062,0.946282]],[[0.898265,-0.329624,-0.290633],[0.356991,0.933015,0.0451726],[0.256275,-0.14433,0.955768]]],"btipPosition":[-66.2833,337.796,-58.2565],"carpPosition":[-35.8032,288.124,85.542],"dipPosition":[-61.9633,335.363,-42.1451],"direction":[-0.21881,0.238062,-0.946282],"extended":true,"handId":852,"id":8521,"length":58.0209,"mcpPosition":[-49.5875,314.779,19.4501],"pipPosition":[-56.7453,329.686,-19.579],"stabilizedTipPosition":[-126.142,291.004,169.806],"timeVisible":0.903865,"tipPosition":[-65.2112,335.927,-54.8816],"tipVelocity":[48.5671,40.556,-102.437],"tool":false,"touchDistance":-0.44029,"touchZone":"hovering","type":1,"width":19.0841},{"bases":[[[0.828342,-0.510677,-0.230345],[0.556274,0.798497,0.230135],[0.0664051,-0.318766,0.945505]],[[0.830191,-0.521786,-0.196272],[0.313814,0.728398,-0.609062],[0.460764,0.444045,0.768453]],[[0.830191,-0.521786,-0.196272],[-0.316637,-0.151572,-0.936358],[0.458829,0.839503,-0.291051]],[[0.830191,-0.521786,-0.196272],[-0.534419,-0.644683,-0.546607],[0.158679,0.55868,-0.814063]]],"btipPosition":[-66.7903,252.874,3.30327],"carpPosition":[-24.4924,285.96,81.6722],"dipPosition":[-63.8483,263.233,-11.79],"direction":[-0.458829,-0.839503,0.291051],"extended":false,"handId":852,"id":8522,"length":66.1101,"mcpPosition":[-29.0634,307.903,16.5886],"pipPosition":[-50.9753,286.786,-19.9557],"stabilizedTipPosition":[-79.5907,219.594,219.121],"timeVisible":0.903865,"tipPosition":[-66.0019,255.15,0.549575],"tipVelocity":[53.0527,6.84764,-105.41],"tool":false,"touchDistance":0.333333,"touchZone":"none","type":2,"width":18.7431},{"bases":[[[0.784778,-0.610751,-0.105384],[0.615867,0.749402,0.243113],[-0.0695064,-0.255693,0.964256]],[[0.780315,-0.622785,-0.0569822],[0.439825,0.611276,-0.657948],[0.444592,0.488344,0.750904]],[[0.780315,-0.622785,-0.0569822],[-0.257571,-0.237014,-0.93674],[0.569882,0.745629,-0.345356]],[[0.780315,-0.622785,-0.0569822],[-0.553239,-0.644937,-0.527241],[0.291608,0.442939,-0.847803]]],"btipPosition":[-50.3153,246.499,10.7062],"carpPosition":[-14.0612,280.768,78.333],"dipPosition":[-44.9397,254.664,-4.92224],"direction":[-0.569882,-0.745629,0.345356],"extended":false,"handId":852,"id":8523,"length":63.5667,"mcpPosition":[-9.76554,296.571,18.74],"pipPosition":[-29.364,275.044,-14.3613],"stabilizedTipPosition":[-66.5141,224.82,215.463],"timeVisible":0.903865,"tipPosition":[-49.0156,248.379,7.79252],"tipVelocity":[52.5834,12.0297,-108.29],"tool":false,"touchDistance":0.333333,"touchZone":"none","type":3,"width":17.8352},{"bases":[[[0.65884,-0.751611,-0.031785],[0.721855,0.619732,0.307991],[-0.211791,-0.225861,0.950858]],[[0.610866,-0.779744,0.137263],[0.640657,0.384952,-0.664357],[0.465189,0.493772,0.734703]],[[0.610866,-0.779744,0.137263],[-0.20545,-0.323547,-0.923638],[0.764613,0.536019,-0.357842]],[[0.610866,-0.779744,0.137263],[-0.618857,-0.578386,-0.531494],[0.493821,0.239726,-0.835866]]],"btipPosition":[-33.9809,250.412,16.6091],"carpPosition":[-6.71575,269.137,75.518],"dipPosition":[-25.5828,254.489,2.39412],"direction":[-0.764613,-0.536019,0.357842],"extended":false,"handId":852,"id":8524,"length":49.8351,"mcpPosition":[5.40073,282.058,21.1198],"pipPosition":[-10.828,264.832,-4.51122],"stabilizedTipPosition":[-51.1744,235.196,213.168],"timeVisible":0.903865,"tipPosition":[-31.8188,251.271,13.7307],"tipVelocity":[43.4887,15.3839,-92.5104],"tool":false,"touchDistance":0.333333,"touchZone":"none","type":4,"width":15.8426}],"r":[[0.793396,-0.423261,0.437462],[0.591077,0.707412,-0.387552],[-0.14543,0.566056,0.811438]],"s":1.03795,"t":[31.3597,27.7424,-219.571],"timestamp":607027416290},false],[1,{"currentFrameRate":108.494,"devices":[],"gestures":[],"hands":[{"armBasis":[[0.770789,-0.172232,-0.613369],[0.431346,0.849612,0.303482],[0.468856,-0.498494,0.729162]],"armWidth":62.8676,"confidence":0.761327,"direction":[0.0239916,0.429979,-0.90252],"elbow":[103.73,137.366,278.977],"grabStrength":0,"id":852,"palmNormal":[-0.431142,-0.81006,-0.39739],"palmPosition":[-28.5102,292.613,36.2071],"palmVelocity":[39.5628,13.3596,-92.3383],"palmWidth":89.7729,"pinchStrength":1,"r":[[0.793342,-0.422157,0.438625],[0.590692,0.708114,-0.386857],[-0.147282,0.566002,0.811141]],"s":1.03942,"sphereCenter":[-63.4605,280.845,5.23165],"sphereRadius":47.6169,"stabilizedPalmPosition":[-57.9579,266.161,248.922],"t":[31.7189,27.822,-220.274],"timeVisible":0.91306,"type":"right","wrist":[-21.1673,270.159,84.7369]}],"id":4433113,"interactionBox":{"center":[0,200,0],"size":[235.247,235.247,147.751]},"pointables":[{"bases":[[[0.753255,0.648027,0.112549],[-0.542446,0.515295,0.663494],[0.371966,-0.560832,0.739668]],[[0.536967,0.820064,-0.19789],[-0.765788,0.572239,0.293448],[0.353887,-0.00602966,0.935269]],[[0.536967,0.820064,-0.19789],[-0.839315,0.542953,-0.027432],[0.0849491,0.180823,0.97984]],[[0.536967,0.820064,-0.19789],[-0.795795,0.414555,-0.441423],[-0.279959,0.39451,0.875206]]],"btipPosition":[-65.0338,256.393,-11.015],"carpPosition":[-51.2117,271.288,88.2172],"dipPosition":[-71.4982,265.502,9.19395],"direction":[-0.0849491,-0.180823,-0.97984],"extended":false,"handId":852,"id":8520,"length":51.4192,"mcpPosition":[-51.2117,271.288,88.2172],"pipPosition":[-68.6405,271.585,42.1553],"stabilizedTipPosition":[-104.682,236.866,215.668],"timeVisible":0.91306,"tipPosition":[-66.5107,258.18,-6.18562],"tipVelocity":[45.5576,10.5239,-96.2329],"tool":false,"touchDistance":-0.442899,"touchZone":"hovering","type":0,"width":19.9791},{"bases":[[[0.893189,-0.320795,-0.315127],[0.407416,0.873905,0.265147],[0.190333,-0.365214,0.911259]],[[0.897752,-0.330005,-0.291784],[0.407016,0.874751,0.26296],[0.16846,-0.354834,0.919627]],[[0.897752,-0.330005,-0.291784],[0.382156,0.912919,0.143303],[0.219085,-0.240157,0.945688]],[[0.897752,-0.330005,-0.291784],[0.357687,0.932727,0.0456172],[0.257101,-0.14532,0.955396]]],"btipPosition":[-65.9781,338.009,-58.7473],"carpPosition":[-35.4635,288.283,85.0348],"dipPosition":[-61.6441,335.56,-42.6421],"direction":[-0.219085,0.240157,-0.945688],"extended":true,"handId":852,"id":8521,"length":58.0209,"mcpPosition":[-49.2789,314.792,18.8907],"pipPosition":[-56.4196,329.833,-20.0902],"stabilizedTipPosition":[-126.048,291.076,169.459],"timeVisible":0.91306,"tipPosition":[-64.9252,336.123,-55.3767],"tipVelocity":[44.3662,35.5899,-88.7616],"tool":false,"touchDistance":-0.431977,"touchZone":"hovering","type":1,"width":19.0841},{"bases":[[[0.828062,-0.511435,-0.229668],[0.556635,0.798859,0.227996],[0.066867,-0.316636,0.946187]],[[0.829928,-0.522468,-0.195567],[0.313564,0.726822,-0.611071],[0.461408,0.445822,0.767037]],[[0.829928,-0.522468,-0.195567],[-0.317205,-0.153574,-0.93584],[0.458912,0.838715,-0.293185]],[[0.829928,-0.522468,-0.195567],[-0.534879,-0.645625,-0.545044],[0.158505,0.556952,-0.81528]]],"btipPosition":[-66.515,252.845,2.89728],"carpPosition":[-24.1556,286.108,81.1634],"dipPosition":[-63.5762,263.171,-12.2185],"direction":[-0.458912,-0.838715,0.293185],"extended":false,"handId":852,"id":8522,"length":66.1101,"mcpPosition":[-28.7584,307.903,16.0328],"pipPosition":[-50.7009,286.702,-20.4441],"stabilizedTipPosition":[-79.5885,219.6,219.086],"timeVisible":0.91306,"tipPosition":[-65.7264,255.12,0.125966],"tipVelocity":[46.5675,3.80161,-88.44],"tool":false,"touchDistance":0.333333,"touchZone":"none","type":2,"width":18.7431},{"bases":[[[0.784543,-0.611213,-0.104455],[0.616221,0.749777,0.241051],[-0.0690157,-0.253482,0.964875]],[[0.780117,-0.62311,-0.0561347],[0.440734,0.611027,-0.657571],[0.444039,0.488242,0.751299]],[[0.780117,-0.62311,-0.0561347],[-0.256629,-0.236877,-0.937033],[0.570578,0.745401,-0.3447]],[[0.780117,-0.62311,-0.0561347],[-0.553141,-0.64502,-0.527242],[0.292322,0.442361,-0.847859]]],"btipPosition":[-50.02,246.521,10.1306],"carpPosition":[-13.7278,280.905,77.8299],"dipPosition":[-44.6313,254.675,-5.49888],"direction":[-0.570578,-0.745401,0.3447],"extended":false,"handId":852,"id":8523,"length":63.5667,"mcpPosition":[-9.4625,296.571,18.1987],"pipPosition":[-29.0366,275.048,-14.92],"stabilizedTipPosition":[-66.5107,224.824,215.424],"timeVisible":0.91306,"tipPosition":[-48.7258,248.388,7.23975],"tipVelocity":[46.9519,9.24059,-95.5224],"tool":false,"touchDistance":0.333333,"touchZone":"none","type":3,"width":17.8352},{"bases":[[[0.658608,-0.751869,-0.0304622],[0.72221,0.620224,0.306161],[-0.2113,-0.22364,0.951492]],[[0.610272,-0.779725,0.13999],[0.641235,0.382441,-0.665249],[0.465173,0.495749,0.73338]],[[0.610272,-0.779725,0.13999],[-0.204909,-0.326068,-0.922872],[0.765233,0.534517,-0.358763]],[[0.610272,-0.779725,0.13999],[-0.618716,-0.57949,-0.530454],[0.494731,0.237107,-0.836075]]],"btipPosition":[-33.7074,250.417,16.1593],"carpPosition":[-6.38733,269.265,75.037],"dipPosition":[-25.2939,254.45,1.9408],"direction":[-0.765233,-0.534517,0.358763],"extended":false,"handId":852,"id":8524,"length":49.8351,"mcpPosition":[5.70104,282.059,20.6026],"pipPosition":[-10.5271,264.764,-4.9823],"stabilizedTipPosition":[-51.1709,235.199,213.132],"timeVisible":0.91306,"tipPosition":[-31.5419,251.268,13.2819],"tipVelocity":[39.7518,10.9411,-80.345],"tool":false,"touchDistance":0.333333,"touchZone":"none","type":4,"width":15.8426}],"r":[[0.793342,-0.422157,0.438625],[0.590692,0.708114,-0.386857],[-0.147282,0.566002,0.811141]],"s":1.03942,"t":[31.7189,27.822,-220.274],"timestamp":607027425485},false],[2,{"currentFrameRate":108.68,"devices":[],"gestures":[],"hands":[{"armBasis":[[0.77145,-0.171569,-0.612723],[0.432354,0.847852,0.306948],[0.466836,-0.501708,0.728254]],"armWidth":62.8676,"confidence":0.762085,"direction":[0.0243313,0.430168,-0.902421],"elbow":[103.546,136.521,278.403],"grabStrength":0,"id":852,"palmNormal":[-0.432053,-0.809507,-0.397527],"palmPosition":[-28.1391,292.643,35.8814],"palmVelocity":[40.183,10.682,-77.2648],"palmWidth":89.7729,"pinchStrength":1,"r":[[0.793218,-0.421464,0.439515],[0.590522,0.708568,-0.386283],[-0.148622,0.56595,0.810933]],"s":1.04067,"sphereCenter":[-63.362,281.12,4.91761],"sphereRadius":47.8089,"stabilizedPalmPosition":[-57.9558,266.162,248.907],"t":[32.0839,27.8773,-220.788],"timeVisible":0.921926,"type":"right","wrist":[-20.8138,270.17,84.4049]}],"id":4433114,"interactionBox":{"center":[0,200,0],"size":[235.247,235.247,147.751]},"pointables":[{"bases":[[[0.753957,0.647201,0.112605],[-0.541813,0.515712,0.663687],[0.371466,-0.561402,0.739486]],[[0.53803,0.819457,-0.197521],[-0.765156,0.573102,0.293412],[0.353638,-0.00673014,0.935358]],[[0.53803,0.819457,-0.197521],[-0.838629,0.544014,-0.0273958],[0.0850045,0.180386,0.979916]],[[0.53803,0.819457,-0.197521],[-0.796722,0.417864,-0.436605],[-0.275242,0.392276,0.877702]]],"btipPosition":[-64.7772,256.536,-11.4075],"carpPosition":[-50.8565,271.331,87.8893],"dipPosition":[-71.1327,265.594,8.85915],"direction":[-0.0850045,-0.180386,-0.979916],"extended":false,"handId":852,"id":8520,"length":51.4192,"mcpPosition":[-50.8565,271.331,87.8893],"pipPosition":[-68.2731,271.662,41.823],"stabilizedTipPosition":[-104.675,236.87,215.626],"timeVisible":0.921926,"tipPosition":[-66.2119,258.305,-6.55105],"tipVelocity":[41.82,11.6916,-81.7387],"tool":false,"touchDistance":-0.43263,"touchZone":"hovering","type":0,"width":19.9791},{"bases":[[[0.892807,-0.321668,-0.315319],[0.408377,0.873409,0.265302],[0.190063,-0.365633,0.911147]],[[0.897088,-0.3303,-0.293488],[0.408965,0.872151,0.268514],[0.167276,-0.360907,0.917478]],[[0.897088,-0.3303,-0.293488],[0.38387,0.911533,0.147484],[0.21881,-0.244968,0.944517]],[[0.897088,-0.3303,-0.293488],[0.359016,0.932076,0.0483979],[0.257567,-0.148784,0.954737]]],"btipPosition":[-65.5368,338.497,-58.9349],"carpPosition":[-35.0908,288.31,84.709],"dipPosition":[-61.195,335.989,-42.8408],"direction":[-0.21881,0.244968,-0.944517],"extended":true,"handId":852,"id":8521,"length":58.0209,"mcpPosition":[-48.8866,314.849,18.5729],"pipPosition":[-55.977,330.147,-20.3169],"stabilizedTipPosition":[-125.938,291.16,169.056],"timeVisible":0.921926,"tipPosition":[-64.502,336.581,-55.5754],"tipVelocity":[45.8863,40.4385,-70.5127],"tool":false,"touchDistance":-0.419966,"touchZone":"hovering","type":1,"width":19.0841},{"bases":[[[0.827489,-0.512259,-0.229897],[0.557512,0.798213,0.228114],[0.0666532,-0.316932,0.946103]],[[0.829348,-0.523301,-0.195802],[0.314306,0.726686,-0.610851],[0.461946,0.445066,0.767152]],[[0.829348,-0.523301,-0.195802],[-0.317392,-0.152832,-0.935898],[0.459831,0.838331,-0.292842]],[[0.829348,-0.523301,-0.195802],[-0.535597,-0.644794,-0.545323],[0.159116,0.557133,-0.815037]]],"btipPosition":[-66.193,252.924,2.55562],"carpPosition":[-23.7857,286.123,80.8355],"dipPosition":[-63.2429,263.253,-12.5557],"direction":[-0.459831,-0.838331,0.292842],"extended":false,"handId":852,"id":8522,"length":66.1101,"mcpPosition":[-28.3737,307.939,15.7108],"pipPosition":[-50.3419,286.774,-20.7717],"stabilizedTipPosition":[-79.5859,219.606,219.045],"timeVisible":0.921926,"tipPosition":[-65.4027,255.201,-0.220776],"tipVelocity":[43.8672,5.21916,-74.8791],"tool":false,"touchDistance":0.333333,"touchZone":"none","type":2,"width":18.7431},{"bases":[[[0.783881,-0.61202,-0.104702],[0.617048,0.749065,0.24115],[-0.0691599,-0.253639,0.964823]],[[0.779465,-0.62389,-0.0565319],[0.442167,0.611854,-0.655837],[0.44376,0.486206,0.752782]],[[0.779465,-0.62389,-0.0565319],[-0.255564,-0.2343,-0.937971],[0.571946,0.745563,-0.342073]],[[0.779465,-0.62389,-0.0565319],[-0.55326,-0.643265,-0.529257],[0.293833,0.443814,-0.846576]]],"btipPosition":[-49.7,246.594,9.64249],"carpPosition":[-13.3638,280.91,77.4995],"dipPosition":[-44.2835,254.775,-5.96335],"direction":[-0.571946,-0.745563,0.342073],"extended":false,"handId":852,"id":8523,"length":63.5667,"mcpPosition":[-9.0896,296.586,17.8714],"pipPosition":[-28.6514,275.153,-15.3127],"stabilizedTipPosition":[-66.5071,224.829,215.382],"timeVisible":0.921926,"tipPosition":[-48.4041,248.461,6.77348],"tipVelocity":[44.2023,9.17125,-84.3851],"tool":false,"touchDistance":0.333333,"touchZone":"none","type":3,"width":17.8352},{"bases":[[[0.657806,-0.752561,-0.0307265],[0.722908,0.619384,0.306215],[-0.211414,-0.223643,0.951466]],[[0.605117,-0.781467,0.15213],[0.656332,0.381507,-0.650907],[0.450624,0.493723,0.743758]],[[0.605117,-0.781467,0.15213],[-0.18464,-0.323628,-0.927994],[0.77443,0.533455,-0.340122]],[[0.605117,-0.781467,0.15213],[-0.610136,-0.577951,-0.541947],[0.511437,0.235121,-0.826529]]],"btipPosition":[-33.3036,250.541,14.9425],"carpPosition":[-6.03606,269.263,74.7029],"dipPosition":[-24.606,254.539,0.886389],"direction":[-0.77443,-0.533455,0.340122],"extended":false,"handId":852,"id":8524,"length":49.8351,"mcpPosition":[6.05885,282.058,20.2699],"pipPosition":[-9.66171,264.833,-5.67701],"stabilizedTipPosition":[-51.1673,235.202,213.095],"timeVisible":0.921926,"tipPosition":[-31.1186,251.356,12.3536],"tipVelocity":[43.3201,11.5061,-94.6276],"tool":false,"touchDistance":0.333333,"touchZone":"none","type":4,"width":15.8426}],"r":[[0.793218,-0.421464,0.439515],[0.590522,0.708568,-0.386283],[-0.148622,0.56595,0.810933]],"s":1.04067,"t":[32.0839,27.8773,-220.788],"timestamp":607027434351},false],[3,{"currentFrameRate":108.618,"devices":[],"gestures":[],"hands":[{"armBasis":[[0.770733,-0.17771,-0.611875],[0.435531,0.847877,0.302353],[0.465063,-0.499524,0.730884]],"armWidth":62.8676,"confidence":0.534272,"direction":[0.0212903,0.441405,-0.897055],"elbow":[103.711,136.637,278.561],"grabStrength":0,"id":852,"palmNormal":[-0.435898,-0.803388,-0.405661],"palmPosition":[-27.6665,292.803,35.6583],"palmVelocity":[43.1634,12.5004,-62.1851],"palmWidth":89.7729,"pinchStrength":1,"r":[[0.793316,-0.4224,0.438439],[0.590379,0.709608,-0.384589],[-0.148669,0.563945,0.81232]],"s":1.04157,"sphereCenter":[-63.209,281.836,4.69377],"sphereRadius":47.9454,"stabilizedPalmPosition":[-57.952,266.166,248.88],"t":[32.5028,27.9847,-221.157],"timeVisible":0.931244,"type":"right","wrist":[-20.1761,269.704,83.8619]}],"id":4433115,"interactionBox":{"center":[0,200,0],"size":[235.247,235.247,147.751]},"pointables":[{"bases":[[[0.756088,0.643882,0.117248],[-0.537478,0.508666,0.672589],[0.373428,-0.571554,0.730669]],[[0.539404,0.820458,-0.189449],[-0.762403,0.571377,0.30376],[0.357469,-0.0194129,0.933723]],[[0.539404,0.820458,-0.189449],[-0.837253,0.546556,-0.0168458],[0.0897233,0.167704,0.981746]],[[0.539404,0.820458,-0.189449],[-0.798685,0.427242,-0.423753],[-0.266731,0.379884,0.885744]]],"btipPosition":[-64.6642,257.438,-11.9648],"carpPosition":[-50.1996,270.895,87.4987],"dipPosition":[-70.8232,266.209,8.48753],"direction":[-0.0897233,-0.167704,-0.981746],"extended":false,"handId":852,"id":8520,"length":51.4192,"mcpPosition":[-50.1996,270.895,87.4987],"pipPosition":[-67.8049,271.851,41.513],"stabilizedTipPosition":[-104.665,236.875,215.569],"timeVisible":0.931244,"tipPosition":[-66.0415,259.135,-7.05901],"tipVelocity":[34.7941,33.7397,-74.2419],"tool":false,"touchDistance":-0.42542,"touchZone":"hovering","type":0,"width":19.9791},{"bases":[[[0.890546,-0.319874,-0.323432],[0.411779,0.869003,0.274358],[0.193303,-0.377511,0.905604]],[[0.894673,-0.328294,-0.302958],[0.413107,0.866111,0.281414],[0.170009,-0.376928,0.910507]],[[0.894673,-0.328294,-0.302958],[0.387177,0.90814,0.159298],[0.222832,-0.259818,0.939596]],[[0.894673,-0.328294,-0.302958],[0.361431,0.93053,0.0590029],[0.262541,-0.162287,0.951176]]],"btipPosition":[-65.3827,340.184,-58.3095],"carpPosition":[-34.4059,287.873,84.4592],"dipPosition":[-60.9571,337.448,-42.2755],"direction":[-0.222832,0.259818,-0.939596],"extended":true,"handId":852,"id":8521,"length":58.0209,"mcpPosition":[-48.4369,315.275,18.7254],"pipPosition":[-55.6432,331.252,-19.8689],"stabilizedTipPosition":[-125.709,291.339,168.226],"timeVisible":0.931244,"tipPosition":[-64.3366,338.233,-54.9839],"tipVelocity":[38.1724,78.6026,-32.0153],"tool":false,"touchDistance":-0.397129,"touchZone":"hovering","type":1,"width":19.0841},{"bases":[[[0.82514,-0.511362,-0.240108],[0.560552,0.793915,0.235544],[0.070177,-0.32895,0.941736]],[[0.827128,-0.522846,-0.206134],[0.314202,0.734297,-0.601735],[0.465978,0.432945,0.771637]],[[0.827128,-0.522846,-0.206134],[-0.321236,-0.138864,-0.936763],[0.461158,0.841041,-0.282815]],[[0.827128,-0.522846,-0.206134],[-0.539521,-0.635967,-0.551781],[0.157402,0.567608,-0.808113]]],"btipPosition":[-65.9713,253.642,1.90441],"carpPosition":[-23.1242,285.708,80.5067],"dipPosition":[-63.0529,264.166,-13.0785],"direction":[-0.461158,-0.841041,0.282815],"extended":false,"handId":852,"id":8522,"length":66.1101,"mcpPosition":[-27.9548,308.351,15.6825],"pipPosition":[-50.1147,287.762,-21.0132],"stabilizedTipPosition":[-79.5822,219.616,218.988],"timeVisible":0.931244,"tipPosition":[-65.1917,255.943,-0.837625],"tipVelocity":[37.9705,26.8962,-72.5716],"tool":false,"touchDistance":0.333333,"touchZone":"none","type":2,"width":18.7431},{"bases":[[[0.781854,-0.61258,-0.115976],[0.620024,0.74446,0.247688],[-0.0653897,-0.265564,0.961873]],[[0.777643,-0.62501,-0.0680753],[0.441604,0.620076,-0.648453],[0.447501,0.474202,0.758205]],[[0.777643,-0.62501,-0.0680753],[-0.258959,-0.219755,-0.940557],[0.572898,0.749046,-0.332743]],[[0.777643,-0.62501,-0.0680753],[-0.556641,-0.634122,-0.536694],[0.292271,0.45525,-0.841026]]],"btipPosition":[-49.4622,247.156,8.78659],"carpPosition":[-12.7308,280.512,77.0576],"dipPosition":[-44.0744,255.548,-6.71695],"direction":[-0.572898,-0.749046,0.332743],"extended":false,"handId":852,"id":8523,"length":63.5667,"mcpPosition":[-8.68957,296.924,17.6119],"pipPosition":[-28.4163,276.02,-15.8113],"stabilizedTipPosition":[-66.5028,224.834,215.333],"timeVisible":0.931244,"tipPosition":[-48.1742,249.056,5.95598],"tipVelocity":[38.7209,25.0931,-85.7831],"tool":false,"touchDistance":0.333333,"touchZone":"none","type":3,"width":17.8352},{"bases":[[[0.655765,-0.753729,-0.0431902],[0.725853,0.613713,0.310634],[-0.207628,-0.235053,0.949548]],[[0.599637,-0.785825,0.151376],[0.667997,0.387323,-0.635422],[0.440699,0.482141,0.757182]],[[0.599637,-0.785825,0.151376],[-0.171296,-0.310805,-0.934911],[0.781725,0.534677,-0.320979]],[[0.599637,-0.785825,0.151376],[-0.606447,-0.569623,-0.554753],[0.522166,0.240849,-0.818129]]],"btipPosition":[-32.9064,251.096,13.4503],"carpPosition":[-5.44516,268.883,74.0814],"dipPosition":[-24.0263,255.192,-0.463026],"direction":[-0.781725,-0.534677,0.320979],"extended":false,"handId":852,"id":8524,"length":49.8351,"mcpPosition":[6.43312,282.33,19.7582],"pipPosition":[-8.94121,265.51,-6.65701],"stabilizedTipPosition":[-51.1633,235.206,213.056],"timeVisible":0.931244,"tipPosition":[-30.7389,251.896,11.0675],"tipVelocity":[44.3999,25.7876,-112.158],"tool":false,"touchDistance":0.333333,"touchZone":"none","type":4,"width":15.8426}],"r":[[0.793316,-0.4224,0.438439],[0.590379,0.709608,-0.384589],[-0.148669,0.563945,0.81232]],"s":1.04157,"t":[32.5028,27.9847,-221.157],"timestamp":607027443669},false],[4,{"currentFrameRate":108.872,"devices":[],"gestures":[],"hands":[{"armBasis":[[0.770247,-0.180256,-0.611742],[0.438352,0.846354,0.302544],[0.463214,-0.501192,0.730917]],"armWidth":62.8676,"confidence":0.575198,"direction":[0.020995,0.440933,-0.897294],"elbow":[103.641,136.345,278.07],"grabStrength":0,"id":852,"palmNormal":[-0.438731,-0.802398,-0.404566],"palmPosition":[-27.262,292.953,35.1601],"palmVelocity":[44.0128,13.7545,-60.817],"palmWidth":89.7729,"pinchStrength":1,"r":[[0.79331,-0.423534,0.437353],[0.59052,0.710084,-0.383492],[-0.148135,0.562494,0.813423]],"s":1.04201,"sphereCenter":[-62.924,282.059,4.22767],"sphereRadius":47.9983,"stabilizedPalmPosition":[-57.9467,266.17,248.843],"t":[32.9145,28.1134,-221.59],"timeVisible":0.939974,"type":"right","wrist":[-19.7541,269.856,83.362]}],"id":4433116,"interactionBox":{"center":[0,200,0],"size":[235.247,235.247,147.751]},"pointables":[{"bases":[[[0.758012,0.641897,0.115698],[-0.534993,0.510422,0.67324],[0.373095,-0.572222,0.730316]],[[0.541455,0.818851,-0.19055],[-0.76039,0.573658,0.304505],[0.358655,-0.0199839,0.933256]],[[0.541455,0.818851,-0.19055],[-0.83577,0.548836,-0.0163558],[0.0911875,0.168112,0.981541]],[[0.541455,0.818851,-0.19055],[-0.798866,0.430476,-0.420122],[-0.26199,0.379701,0.887236]]],"btipPosition":[-64.4499,257.691,-12.4202],"carpPosition":[-49.7682,271.129,87.0479],"dipPosition":[-70.4994,266.458,8.06653],"direction":[-0.0911875,-0.168112,-0.981541],"extended":false,"handId":852,"id":8520,"length":51.4192,"mcpPosition":[-49.7682,271.129,87.0479],"pipPosition":[-67.4319,272.114,41.0851],"stabilizedTipPosition":[-104.654,236.882,215.501],"timeVisible":0.939974,"tipPosition":[-65.802,259.389,-7.49974],"tipVelocity":[32.8239,32.4474,-68.0939],"tool":false,"touchDistance":-0.417924,"touchZone":"hovering","type":0,"width":19.9791},{"bases":[[[0.889145,-0.322422,-0.324755],[0.414571,0.868016,0.273273],[0.193783,-0.377613,0.905459]],[[0.893135,-0.330528,-0.305059],[0.416222,0.864431,0.28199],[0.170497,-0.378827,0.909627]],[[0.893135,-0.330528,-0.305059],[0.389907,0.907068,0.158749],[0.224238,-0.260728,0.939009]],[[0.893135,-0.330528,-0.305059],[0.363699,0.929743,0.0574504],[0.264637,-0.16226,0.950599]]],"btipPosition":[-65.0351,340.484,-58.7228],"carpPosition":[-33.9339,288.064,83.9743],"dipPosition":[-60.5741,337.748,-42.6985],"direction":[-0.224238,0.260728,-0.939009],"extended":true,"handId":852,"id":8521,"length":58.0209,"mcpPosition":[-47.9997,315.473,18.2511],"pipPosition":[-55.2267,331.531,-20.3059],"stabilizedTipPosition":[-125.385,291.594,167.053],"timeVisible":0.939974,"tipPosition":[-63.9764,338.562,-55.3971],"tipVelocity":[38.8619,66.7659,-36.1854],"tool":false,"touchDistance":-0.391982,"touchZone":"hovering","type":1,"width":19.0841},{"bases":[[[0.823362,-0.513694,-0.241234],[0.563077,0.79251,0.234248],[0.0708487,-0.328705,0.941772]],[[0.825375,-0.52517,-0.20725],[0.315169,0.733149,-0.602628],[0.468427,0.432075,0.77064]],[[0.825375,-0.52517,-0.20725],[-0.3232,-0.13852,-0.936138],[0.462923,0.839648,-0.284066]],[[0.825375,-0.52517,-0.20725],[-0.542162,-0.634838,-0.550491],[0.157531,0.566725,-0.808707]]],"btipPosition":[-65.7263,253.88,1.49294],"carpPosition":[-22.6646,285.866,80.0042],"dipPosition":[-62.8056,264.388,-13.501],"direction":[-0.462923,-0.839648,0.284066],"extended":false,"handId":852,"id":8522,"length":66.1101,"mcpPosition":[-27.5414,308.493,15.1775],"pipPosition":[-49.8178,287.945,-21.4708],"stabilizedTipPosition":[-79.5779,219.627,218.922],"timeVisible":0.939974,"tipPosition":[-64.9468,256.179,-1.25967],"tipVelocity":[35.336,26.8894,-65.8428],"tool":false,"touchDistance":0.333333,"touchZone":"none","type":2,"width":18.7431},{"bases":[[[0.780008,-0.614738,-0.116983],[0.622436,0.742901,0.246317],[-0.0645132,-0.264943,0.962103]],[[0.775804,-0.627221,-0.0687133],[0.444962,0.621054,-0.645214],[0.447366,0.469985,0.760906]],[[0.775804,-0.627221,-0.0687133],[-0.257551,-0.215369,-0.941957],[0.576017,0.748472,-0.328626]],[[0.775804,-0.627221,-0.0687133],[-0.557949,-0.631084,-0.538911],[0.294652,0.456428,-0.839555]]],"btipPosition":[-49.1997,247.426,7.99638],"carpPosition":[-12.2909,280.641,76.5404],"dipPosition":[-43.768,255.84,-7.48004],"direction":[-0.576017,-0.748472,0.328626],"extended":false,"handId":852,"id":8523,"length":63.5667,"mcpPosition":[-8.30389,297.015,17.0803],"pipPosition":[-28.0247,276.297,-16.4619],"stabilizedTipPosition":[-66.4984,224.84,215.282],"timeVisible":0.939974,"tipPosition":[-47.9148,249.306,5.23584],"tipVelocity":[36.7151,26.8212,-86.8585],"tool":false,"touchDistance":0.333333,"touchZone":"none","type":3,"width":17.8352},{"bases":[[[0.65366,-0.755513,-0.0439238],[0.728017,0.611898,0.309148],[-0.206689,-0.234055,0.949999]],[[0.595225,-0.78791,0.157811],[0.675058,0.383769,-0.630094],[0.435895,0.481579,0.760314]],[[0.595225,-0.78791,0.157811],[-0.163577,-0.311085,-0.936199],[0.786734,0.531435,-0.31405]],[[0.595225,-0.78791,0.157811],[-0.604256,-0.568336,-0.558452],[0.5297,0.237047,-0.814388]]],"btipPosition":[-32.6137,251.294,12.5939],"carpPosition":[-5.04161,268.991,73.5575],"dipPosition":[-23.6055,255.325,-1.25575],"direction":[-0.786734,-0.531435,0.31405],"extended":false,"handId":852,"id":8524,"length":49.8351,"mcpPosition":[6.78296,282.381,19.2085],"pipPosition":[-8.42376,265.58,-7.31602],"stabilizedTipPosition":[-51.1595,235.209,213.018],"timeVisible":0.939974,"tipPosition":[-30.4427,252.075,10.2823],"tipVelocity":[42.3934,24.4916,-107.946],"tool":false,"touchDistance":0.333333,"touchZone":"none","type":4,"width":15.8426}],"r":[[0.79331,-0.423534,0.437353],[0.59052,0.710084,-0.383492],[-0.148135,0.562494,0.813423]],"s":1.04201,"t":[32.9145,28.1134,-221.59],"timestamp":607027452399},false],[5,{"currentFrameRate":108.928,"devices":[],"gestures":[],"hands":[{"armBasis":[[0.7692,-0.185024,-0.611635],[0.442645,0.844606,0.301177],[0.460866,-0.502402,0.73157]],"armWidth":62.8676,"confidence":0.59308,"direction":[0.0204655,0.440975,-0.897286],"elbow":[103.576,136.198,277.734],"grabStrength":0,"id":852,"palmNormal":[-0.443119,-0.80051,-0.403521],"palmPosition":[-26.7323,293.166,34.6731],"palmVelocity":[47.9737,16.4448,-58.8284],"palmWidth":89.7729,"pinchStrength":1,"r":[[0.793183,-0.42511,0.436054],[0.591022,0.709983,-0.382906],[-0.146814,0.561431,0.814396]],"s":1.04208,"sphereCenter":[-62.5706,282.439,3.80649],"sphereRadius":48.0483,"stabilizedPalmPosition":[-57.9377,266.178,248.782],"t":[33.3852,28.2843,-222.05],"timeVisible":0.949054,"type":"right","wrist":[-19.1937,270.032,82.852]}],"id":4433117,"interactionBox":{"center":[0,200,0],"size":[235.247,235.247,147.751]},"pointables":[{"bases":[[[0.760971,0.638728,0.113792],[-0.531098,0.512538,0.674714],[0.372636,-0.573873,0.729254]],[[0.5445,0.816562,-0.191691],[-0.757222,0.576851,0.306364],[0.360742,-0.0216625,0.932414]],[[0.5445,0.816562,-0.191691],[-0.833488,0.552342,-0.0146731],[0.0938975,0.167762,0.981346]],[[0.5445,0.816562,-0.191691],[-0.799177,0.435693,-0.414112],[-0.25463,0.378679,0.889812]]],"btipPosition":[-64.2381,258.108,-12.8626],"carpPosition":[-49.1924,271.428,86.6169],"dipPosition":[-70.1176,266.852,7.68365],"direction":[-0.0938975,-0.167762,-0.981346],"extended":false,"handId":852,"id":8520,"length":51.4192,"mcpPosition":[-49.1924,271.428,86.6169],"pipPosition":[-66.9589,272.495,40.6957],"stabilizedTipPosition":[-104.637,236.892,215.407],"timeVisible":0.949054,"tipPosition":[-65.5425,259.8,-7.91914],"tipVelocity":[31.3891,36.0147,-62.3165],"tool":false,"touchDistance":-0.410895,"touchZone":"hovering","type":0,"width":19.9791},{"bases":[[[0.886942,-0.32606,-0.327136],[0.418887,0.866248,0.272301],[0.194594,-0.378548,0.904895]],[[0.890799,-0.333867,-0.308236],[0.420853,0.861986,0.2826],[0.171344,-0.381462,0.908365]],[[0.890799,-0.333867,-0.308236],[0.394051,0.905382,0.158137],[0.226275,-0.262329,0.938074]],[[0.890799,-0.333867,-0.308236],[0.367266,0.928444,0.0557476],[0.267568,-0.162864,0.949675]]],"btipPosition":[-64.5901,340.945,-59.0607],"carpPosition":[-33.2961,288.298,83.5041],"dipPosition":[-60.0797,338.2,-43.052],"direction":[-0.226275,0.262329,-0.938074],"extended":true,"handId":852,"id":8521,"length":58.0209,"mcpPosition":[-47.4208,315.775,17.8218],"pipPosition":[-54.6837,331.944,-20.6817],"stabilizedTipPosition":[-124.916,291.964,165.364],"timeVisible":0.949054,"tipPosition":[-63.5155,339.049,-55.7377],"tipVelocity":[42.0144,62.2876,-36.5799],"tool":false,"touchDistance":-0.38624,"touchZone":"hovering","type":1,"width":19.0841},{"bases":[[[0.820586,-0.517071,-0.243469],[0.566975,0.790132,0.232875],[0.0719598,-0.329135,0.941537]],[[0.822642,-0.528565,-0.209474],[0.316953,0.732205,-0.602841],[0.472019,0.429529,0.769872]],[[0.822642,-0.528565,-0.209474],[-0.326017,-0.136684,-0.935431],[0.465804,0.837816,-0.284763]],[[0.822642,-0.528565,-0.209474],[-0.546218,-0.632454,-0.549225],[0.157818,0.566234,-0.808995]]],"btipPosition":[-65.4417,254.279,1.07037],"carpPosition":[-22.0465,286.054,79.504],"dipPosition":[-62.5156,264.778,-13.9289],"direction":[-0.465804,-0.837816,0.284763],"extended":false,"handId":852,"id":8522,"length":66.1101,"mcpPosition":[-26.9998,308.71,14.6935],"pipPosition":[-49.447,288.283,-21.9182],"stabilizedTipPosition":[-79.5717,219.642,218.83],"timeVisible":0.949054,"tipPosition":[-64.6646,256.57,-1.69073],"tipVelocity":[34.2696,31.5364,-60.5397],"tool":false,"touchDistance":0.333333,"touchZone":"none","type":2,"width":18.7431},{"bases":[[[0.77714,-0.617952,-0.119118],[0.626159,0.740275,0.244781],[-0.0630825,-0.264816,0.962233]],[[0.772969,-0.630523,-0.0704328],[0.449554,0.62266,-0.640465],[0.447684,0.463396,0.764751]],[[0.772969,-0.630523,-0.0704328],[-0.25655,-0.209099,-0.943642],[0.58026,0.747475,-0.323387]],[[0.772969,-0.630523,-0.0704328],[-0.560597,-0.626795,-0.541165],[0.29707,0.457788,-0.837962]]],"btipPosition":[-48.8755,247.856,7.11817],"carpPosition":[-11.7038,280.786,76.0122],"dipPosition":[-43.3993,256.295,-8.32888],"direction":[-0.58026,-0.747475,0.323387],"extended":false,"handId":852,"id":8523,"length":63.5667,"mcpPosition":[-7.80516,297.152,16.5442],"pipPosition":[-27.5399,276.725,-17.1675],"stabilizedTipPosition":[-66.4932,224.847,215.225],"timeVisible":0.949054,"tipPosition":[-47.6019,249.703,4.44188],"tipVelocity":[36.7481,32.6718,-89.3807],"tool":false,"touchDistance":0.333333,"touchZone":"none","type":3,"width":17.8352},{"bases":[[[0.650401,-0.758212,-0.0457461],[0.73136,0.608826,0.307317],[-0.20516,-0.233336,0.950507]],[[0.590548,-0.790748,0.161153],[0.679502,0.379502,-0.627898],[0.435351,0.480307,0.761429]],[[0.590548,-0.790748,0.161153],[-0.161257,-0.311294,-0.936532],[0.790727,0.52708,-0.311348]],[[0.590548,-0.790748,0.161153],[-0.605432,-0.566153,-0.559395],[0.533578,0.232782,-0.813085]]],"btipPosition":[-32.2943,251.569,11.9029],"carpPosition":[-4.51073,269.106,73.0087],"dipPosition":[-23.2202,255.528,-1.92465],"direction":[-0.790727,-0.52708,0.311348],"extended":false,"handId":852,"id":8524,"length":49.8351,"mcpPosition":[7.22637,282.455,18.6306],"pipPosition":[-7.96139,265.699,-7.93278],"stabilizedTipPosition":[-51.1552,235.212,212.976],"timeVisible":0.949054,"tipPosition":[-30.1242,252.33,9.61075],"tipVelocity":[40.8577,25.5956,-98.9824],"tool":false,"touchDistance":0.333333,"touchZone":"none","type":4,"width":15.8426}],"r":[[0.793183,-0.42511,0.436054],[0.591022,0.709983,-0.382906],[-0.146814,0.561431,0.814396]],"s":1.04208,"t":[33.3852,28.2843,-222.05],"timestamp":607027461479},false],[6,{"currentFrameRate":109.029,"devices":[],"gestures":[],"hands":[{"armBasis":[[0.767637,-0.185467,-0.613462],[0.446311,0.841651,0.304024],[0.459934,-0.507175,0.728858]],"armWidth":62.8676,"confidence":0.612781,"direction":[0.0211763,0.437781,-0.898832],"elbow":[103.673,135.26,276.836],"grabStrength":0,"id":852,"palmNormal":[-0.446547,-0.800233,-0.400278],"palmPosition":[-26.3502,293.362,34.4258],"palmVelocity":[46.4737,17.8948,-50.2377],"palmWidth":89.7729,"pinchStrength":1,"r":[[0.792849,-0.426663,0.435143],[0.591877,0.709192,-0.383053],[-0.145165,0.561254,0.814813]],"s":1.04183,"sphereCenter":[-62.3433,282.708,3.61833],"sphereRadius":48.105,"stabilizedPalmPosition":[-57.9237,266.19,248.686],"t":[33.8116,28.4675,-222.404],"timeVisible":0.958044,"type":"right","wrist":[-18.8477,270.366,82.6768]}],"id":4433118,"interactionBox":{"center":[0,200,0],"size":[235.247,235.247,147.751]},"pointables":[{"bases":[[[0.763484,0.636254,0.110783],[-0.528458,0.516868,0.673483],[0.371246,-0.572738,0.730854]],[[0.547501,0.813783,-0.194937],[-0.754826,0.580835,0.304743],[0.361221,-0.0197037,0.932272]],[[0.547501,0.813783,-0.194937],[-0.831386,0.555458,-0.0162254],[0.0950753,0.170951,0.980682]],[[0.547501,0.813783,-0.194937],[-0.798622,0.438578,-0.412131],[-0.24989,0.381323,0.890027]]],"btipPosition":[-64.0553,258.303,-12.9871],"carpPosition":[-48.8371,271.889,86.4681],"dipPosition":[-69.8254,267.108,7.56413],"direction":[-0.0950753,-0.170951,-0.980682],"extended":false,"handId":852,"id":8520,"length":51.4192,"mcpPosition":[-48.8371,271.889,86.4681],"pipPosition":[-66.6271,272.859,40.5538],"stabilizedTipPosition":[-104.614,236.906,215.278],"timeVisible":0.958044,"tipPosition":[-65.3349,260.013,-8.03405],"tipVelocity":[29.1228,32.5253,-48.985],"tool":false,"touchDistance":-0.399989,"touchZone":"hovering","type":0,"width":19.9791},{"bases":[[[0.885366,-0.330525,-0.326925],[0.422424,0.865606,0.268856],[0.194125,-0.376137,0.906]],[[0.889067,-0.337971,-0.308765],[0.424614,0.860882,0.280332],[0.171066,-0.38034,0.908888]],[[0.889067,-0.337971,-0.308765],[0.397489,0.904511,0.154472],[0.227075,-0.260067,0.938511]],[[0.889067,-0.337971,-0.308765],[0.370274,0.927526,0.0509157],[0.26918,-0.159595,0.949774]]],"btipPosition":[-64.1752,341.003,-59.3992],"carpPosition":[-32.8808,288.687,83.2801],"dipPosition":[-59.6376,338.313,-43.3888],"direction":[-0.227075,0.260067,-0.938511],"extended":true,"handId":852,"id":8521,"length":58.0209,"mcpPosition":[-46.9714,315.989,17.5177],"pipPosition":[-54.2225,332.111,-21.008],"stabilizedTipPosition":[-124.342,292.414,163.31],"timeVisible":0.958044,"tipPosition":[-63.0839,339.149,-56.0698],"tipVelocity":[43.3424,47.351,-36.8604],"tool":false,"touchDistance":-0.38102,"touchZone":"hovering","type":1,"width":19.0841},{"bases":[[[0.818381,-0.520993,-0.242526],[0.570184,0.788797,0.229541],[0.071715,-0.326136,0.942599]],[[0.82043,-0.532378,-0.208492],[0.320892,0.730565,-0.602746],[0.473206,0.427608,0.770213]],[[0.82043,-0.532378,-0.208492],[-0.325977,-0.135969,-0.935549],[0.469717,0.835515,-0.285096]],[[0.82043,-0.532378,-0.208492],[-0.548891,-0.631321,-0.547862],[0.160045,0.563922,-0.810172]]],"btipPosition":[-65.2297,254.605,0.784408],"carpPosition":[-21.6439,286.387,79.2762],"dipPosition":[-62.2624,265.06,-14.2367],"direction":[-0.469717,-0.835515,0.285096],"extended":false,"handId":852,"id":8522,"length":66.1101,"mcpPosition":[-26.5804,308.837,14.3926],"pipPosition":[-49.084,288.502,-22.2353],"stabilizedTipPosition":[-79.5633,219.663,218.706],"timeVisible":0.958044,"tipPosition":[-64.4543,256.858,-1.94915],"tipVelocity":[31.6262,32.5215,-52.8112],"tool":false,"touchDistance":0.333333,"touchZone":"none","type":2,"width":18.7431},{"bases":[[[0.774687,-0.621279,-0.117781],[0.629192,0.738761,0.241558],[-0.0630629,-0.261238,0.963212]],[[0.770492,-0.633729,-0.0687749],[0.453819,0.6211,-0.63897],[0.44765,0.46111,0.766151]],[[0.770492,-0.633729,-0.0687749],[-0.255132,-0.207708,-0.944333],[0.584166,0.745147,-0.321722]],[[0.770492,-0.633729,-0.0687749],[-0.562451,-0.625098,-0.541203],[0.299985,0.455675,-0.838075]]],"btipPosition":[-48.6566,248.121,6.73226],"carpPosition":[-11.3247,281.068,75.7919],"dipPosition":[-43.1267,256.521,-8.71687],"direction":[-0.584166,-0.745147,0.321722],"extended":false,"handId":852,"id":8523,"length":63.5667,"mcpPosition":[-7.4273,297.213,16.2634],"pipPosition":[-27.1606,276.887,-17.51],"stabilizedTipPosition":[-66.4873,224.855,215.159],"timeVisible":0.958044,"tipPosition":[-47.3852,249.94,4.09464],"tipVelocity":[33.7216,31.5109,-76.6517],"tool":false,"touchDistance":0.333333,"touchZone":"none","type":3,"width":17.8352},{"bases":[[[0.647501,-0.760806,-0.0437903],[0.733965,0.607134,0.30444],[-0.205033,-0.229266,0.951524]],[[0.586576,-0.792597,0.16649],[0.682989,0.373618,-0.627642],[0.435263,0.481871,0.760491]],[[0.586576,-0.792597,0.16649],[-0.159922,-0.314875,-0.935563],[0.793948,0.522154,-0.311452]],[[0.586576,-0.792597,0.16649],[-0.606708,-0.566208,-0.557955],[0.536501,0.226272,-0.812999]]],"btipPosition":[-32.0784,251.733,11.6908],"carpPosition":[-4.17875,269.351,72.8215],"dipPosition":[-22.9545,255.581,-2.13529],"direction":[-0.793948,-0.522154,0.311452],"extended":false,"handId":852,"id":8524,"length":49.8351,"mcpPosition":[7.55111,282.467,18.3852],"pipPosition":[-7.63358,265.657,-8.14542],"stabilizedTipPosition":[-51.1504,235.216,212.93],"timeVisible":0.958044,"tipPosition":[-29.908,252.47,9.39662],"tipVelocity":[36.5873,22.784,-78.2911],"tool":false,"touchDistance":0.333333,"touchZone":"none","type":4,"width":15.8426}],"r":[[0.792849,-0.426663,0.435143],[0.591877,0.709192,-0.383053],[-0.145165,0.561254,0.814813]],"s":1.04183,"t":[33.8116,28.4675,-222.404