{"sensorType":"Leap","data":[[0,{"currentFrameRate":110.285,"devices":[],"gestures":[],"hands":[{"armBasis":[[0.724745,-0.316232,-0.612161],[0.550462,0.800104,0.238379],[0.41441,-0.509735,0.753946]],"armWidth":62.8676,"confidence":0.861463,"direction":[0.0127184,0.250153,-0.968123],"elbow":[130.054,127.873,295.778],"grabStrength":0,"id":859,"palmNormal":[-0.550916,-0.806241,-0.215562],"palmPosition":[11.7141,277.583,43.3967],"palmVelocity":[29.3896,36.3373,-95.0056],"palmWidth":89.7729,"pinchStrength":1,"r":[[0.923903,-0.174954,0.340286],[0.235812,0.960722,-0.146306],[-0.301323,0.215416,0.92887]],"s":0.88047,"sphereCenter":[-12.3198,248.991,16.3497],"sphereRadius":42.7475,"stabilizedPalmPosition":[-1.06798,267.455,98.4419],"t":[91.3128,127.326,-116.83],"timeVisible":0.912838,"type":"right","wrist":[19.6604,263.66,94.9355]}],"id":4438001,"interactionBox":{"center":[0,200,0],"size":[235.247,235.247,147.751]},"pointables":[{"bases":[[[0.831022,0.554213,-0.0474375],[-0.430157,0.694384,0.576885],[0.352657,-0.458999,0.815447]],[[0.674834,0.671796,-0.305433],[-0.681859,0.725912,0.0901134],[0.282255,0.14745,0.94794]],[[0.674834,0.671796,-0.305433],[-0.737955,0.616901,-0.273598],[0.00461933,0.410029,0.912061]],[[0.674834,0.671796,-0.305433],[-0.702494,0.458009,-0.544729],[-0.226056,0.582166,0.781013]]],"btipPosition":[-18.5602,234.806,4.09368],"carpPosition":[-9.72359,269.303,99.4949],"dipPosition":[-23.78,248.248,22.1277],"direction":[-0.00461933,-0.410029,-0.912061],"extended":false,"handId":859,"id":8590,"length":51.4192,"mcpPosition":[-9.72359,269.303,99.4949],"pipPosition":[-23.6246,262.042,52.809],"stabilizedTipPosition":[-40.0219,233.763,60.2988],"timeVisible":0.912838,"tipPosition":[-20.7056,237.722,8.38618],"tipVelocity":[45.1484,44.1168,-85.887],"tool":false,"touchDistance":-0.420736,"touchZone":"touching","type":0,"width":19.9791},{"bases":[[[0.824753,-0.486485,-0.288298],[0.525897,0.847254,0.0747808],[0.207882,-0.213291,0.954616]],[[0.849784,-0.519665,-0.0884084],[0.517368,0.85436,-0.0489782],[0.100985,-0.00411881,0.994879]],[[0.849784,-0.519665,-0.0884084],[0.505369,0.850854,-0.143702],[0.1499,0.0774369,0.985664]],[[0.849784,-0.519665,-0.0884084],[0.492991,0.842866,-0.215725],[0.186621,0.139735,0.972444]]],"btipPosition":[-18.4112,294.687,-58.9421],"carpPosition":[7.67906,283.232,92.4176],"dipPosition":[-15.2653,297.042,-42.5495],"direction":[-0.1499,-0.0774369,-0.985664],"extended":true,"handId":859,"id":8591,"length":58.0209,"mcpPosition":[-7.41015,298.714,23.1264],"pipPosition":[-11.6907,298.889,-19.0443],"stabilizedTipPosition":[-38.3579,289.154,4.59209],"timeVisible":0.912838,"tipPosition":[-18.1518,294.379,-55.0234],"tipVelocity":[50.2551,25.9738,-104.772],"tool":false,"touchDistance":-0.441568,"touchZone":"touching","type":1,"width":19.0841},{"bases":[[[0.743438,-0.648089,-0.165171],[0.662197,0.747922,0.0459042],[0.0937851,-0.143503,0.985196]],[[0.745564,-0.651498,-0.140303],[0.274816,0.492351,-0.825873],[0.607133,0.577184,0.546121]],[[0.745564,-0.651498,-0.140303],[-0.49923,-0.406525,-0.765185],[0.44148,0.640537,-0.628337]],[[0.745564,-0.651498,-0.140303],[-0.665661,-0.717868,-0.203867],[0.0321001,0.24539,-0.968893]]],"btipPosition":[-29.9563,238.842,30.3293],"carpPosition":[18.3533,278.933,88.5237],"dipPosition":[-29.3611,243.391,12.3655],"direction":[-0.44148,-0.640538,0.628337],"extended":false,"handId":859,"id":8592,"length":66.1101,"mcpPosition":[11.8976,288.811,20.708],"pipPosition":[-16.975,261.362,-5.26318],"stabilizedTipPosition":[-43.2684,230.882,80.1945],"timeVisible":0.912838,"tipPosition":[-29.7618,239.797,26.9761],"tipVelocity":[21.8979,42.1804,-90.045],"tool":false,"touchDistance":0.333333,"touchZone":"none","type":2,"width":18.7431},{"bases":[[[0.697087,-0.716668,-0.0213784],[0.716272,0.694752,0.0653687],[-0.0319949,-0.0608805,0.997632]],[[0.697765,-0.714253,-0.0544681],[0.410885,0.461365,-0.786331],[0.586769,0.526294,0.6154]],[[0.697765,-0.714253,-0.0544681],[-0.438551,-0.365828,-0.820879],[0.566389,0.596667,-0.568499]],[[0.697765,-0.714253,-0.0544681],[-0.699514,-0.663037,-0.266574],[0.154287,0.224107,-0.962274]]],"btipPosition":[-14.3805,232.02,30.2676],"carpPosition":[27.8324,271.896,85.7749],"dipPosition":[-11.5364,236.151,12.529],"direction":[-0.566389,-0.596667,0.568499],"extended":false,"handId":859,"id":8593,"length":63.5667,"mcpPosition":[29.8098,275.659,24.1191],"pipPosition":[3.94386,252.459,-3.00893],"stabilizedTipPosition":[-27.4742,223.312,82.6705],"timeVisible":0.912838,"tipPosition":[-13.7183,232.93,27.0423],"tipVelocity":[19.8274,38.0011,-92.7556],"tool":false,"touchDistance":0.333333,"touchZone":"none","type":3,"width":17.8352},{"bases":[[[0.560703,-0.823773,0.0837254],[0.810316,0.5667,0.149128],[-0.170295,-0.0157725,0.985267]],[[0.568863,-0.821812,0.0319331],[0.537332,0.341989,-0.77092],[0.62263,0.455707,0.636131]],[[0.568863,-0.821812,0.0319331],[-0.434507,-0.333282,-0.836736],[0.698282,0.462113,-0.546675]],[[0.568863,-0.821812,0.0319331],[-0.775563,-0.54896,-0.311681],[0.273673,0.152538,-0.94965]]],"btipPosition":[3.41649,232.581,33.0646],"carpPosition":[33.5243,259.088,84.9243],"dipPosition":[8.07064,235.175,16.9147],"direction":[-0.698282,-0.462113,0.546675],"extended":false,"handId":859,"id":8594,"length":49.8351,"mcpPosition":[43.2667,259.99,28.5576],"pipPosition":[21.5455,244.093,6.36539],"stabilizedTipPosition":[-9.06377,223.898,83.4351],"timeVisible":0.912838,"tipPosition":[4.44618,233.128,30.1465],"tipVelocity":[20.5008,33.1956,-92.0054],"tool":false,"touchDistance":0.333333,"touchZone":"none","type":4,"width":15.8426}],"r":[[0.923903,-0.174954,0.340286],[0.235812,0.960722,-0.146306],[-0.301323,0.215416,0.92887]],"s":0.88047,"t":[91.3128,127.326,-116.83],"timestamp":607073015382},false],[1,{"currentFrameRate":110.287,"devices":[],"gestures":[],"hands":[{"armBasis":[[0.725251,-0.313251,-0.613095],[0.550909,0.798132,0.243896],[0.41293,-0.514645,0.751418]],"armWidth":62.8676,"confidence":0.861754,"direction":[0.0150227,0.24857,-0.968497],"elbow":[129.812,127.081,294.366],"grabStrength":0,"id":859,"palmNormal":[-0.551593,-0.805828,-0.215376],"palmPosition":[11.9892,278.028,42.6197],"palmVelocity":[29.6577,39.8375,-92.4409],"palmWidth":89.7729,"pinchStrength":1,"r":[[0.92314,-0.175904,0.341863],[0.237782,0.959954,-0.148146],[-0.302113,0.218048,0.927999]],"s":0.880252,"sphereCenter":[-11.9534,249.386,15.5458],"sphereRadius":42.7729,"stabilizedPalmPosition":[-1.06344,267.459,98.4225],"t":[91.5784,127.73,-117.646],"timeVisible":0.921902,"type":"right","wrist":[19.812,264.177,94.1969]}],"id":4438002,"interactionBox":{"center":[0,200,0],"size":[235.247,235.247,147.751]},"pointables":[{"bases":[[[0.831882,0.552989,-0.0466484],[-0.430363,0.695907,0.574892],[0.350372,-0.458166,0.816899]],[[0.677597,0.669844,-0.303599],[-0.67957,0.728103,0.0897259],[0.281154,0.145519,0.948566]],[[0.677597,0.669844,-0.303599],[-0.735433,0.617603,-0.278754],[0.000782395,0.41216,0.911111]],[[0.677597,0.669844,-0.303599],[-0.696726,0.452519,-0.556596],[-0.235448,0.588673,0.773323]]],"btipPosition":[-18.0098,235.244,3.46516],"carpPosition":[-9.57327,269.868,98.6877],"dipPosition":[-23.4464,248.836,21.3216],"direction":[-0.000782395,-0.41216,-0.911111],"extended":false,"handId":859,"id":8590,"length":51.4192,"mcpPosition":[-9.57327,269.868,98.6877],"pipPosition":[-23.4201,262.701,51.971],"stabilizedTipPosition":[-39.916,233.787,60.0298],"timeVisible":0.921902,"tipPosition":[-20.2181,238.195,7.67255],"tipVelocity":[47.9332,46.3213,-82.5617],"tool":false,"touchDistance":-0.417036,"touchZone":"touching","type":0,"width":19.9791},{"bases":[[[0.824661,-0.488087,-0.285842],[0.526916,0.846648,0.0744787],[0.205655,-0.212034,0.955378]],[[0.849225,-0.520925,-0.086333],[0.518896,0.853585,-0.0462669],[0.0977941,-0.0055068,0.995191]],[[0.849225,-0.520925,-0.086333],[0.507179,0.850206,-0.141137],[0.146923,0.0760712,0.986218]],[[0.849225,-0.520925,-0.086333],[0.494985,0.842298,-0.213363],[0.183864,0.13846,0.973151]]],"btipPosition":[-17.8131,295.237,-59.8302],"carpPosition":[7.8629,283.761,91.6232],"dipPosition":[-14.7136,297.571,-43.4257],"direction":[-0.146923,-0.0760712,-0.986218],"extended":true,"handId":859,"id":8591,"length":58.0209,"mcpPosition":[-7.06469,299.152,22.2766],"pipPosition":[-11.21,299.385,-19.9073],"stabilizedTipPosition":[-38.321,289.166,4.48677],"timeVisible":0.921902,"tipPosition":[-17.566,294.904,-55.9093],"tipVelocity":[54.2769,35.431,-102.812],"tool":false,"touchDistance":-0.439025,"touchZone":"touching","type":1,"width":19.0841},{"bases":[[[0.742874,-0.64938,-0.162619],[0.663136,0.747082,0.0460386],[0.0915934,-0.14204,0.985614]],[[0.744945,-0.652751,-0.137746],[0.277216,0.490689,-0.82606],[0.606802,0.577184,0.546489]],[[0.744945,-0.652751,-0.137746],[-0.49822,-0.407034,-0.765571],[0.44366,0.638936,-0.628432]],[[0.744945,-0.652751,-0.137746],[-0.666239,-0.717275,-0.204066],[0.0344024,0.24379,-0.969218]]],"btipPosition":[-29.7078,239.324,29.5259],"carpPosition":[18.539,279.441,87.7578],"dipPosition":[-29.07,243.844,11.556],"direction":[-0.44366,-0.638936,0.628432],"extended":false,"handId":859,"id":8592,"length":66.1101,"mcpPosition":[12.2342,289.218,19.9133],"pipPosition":[-16.6227,261.77,-6.07531],"stabilizedTipPosition":[-43.2644,230.885,80.1783],"timeVisible":0.921902,"tipPosition":[-29.5059,240.273,26.1656],"tipVelocity":[23.7208,45.0061,-89.6997],"tool":false,"touchDistance":0.333333,"touchZone":"none","type":2,"width":18.7431},{"bases":[[[0.696137,-0.717662,-0.0188105],[0.717098,0.693869,0.0656983],[-0.0340972,-0.059224,0.997662]],[[0.696886,-0.715297,-0.0519555],[0.413689,0.460103,-0.785599],[0.585842,0.52598,0.61655]],[[0.696886,-0.715297,-0.0519555],[-0.43672,-0.365783,-0.821875],[0.568881,0.595443,-0.567294]],[[0.696886,-0.715297,-0.0519555],[-0.699739,-0.66227,-0.267888],[0.157211,0.223043,-0.962048]]],"btipPosition":[-14.1502,232.475,29.4426],"carpPosition":[28.014,272.387,85.0396],"dipPosition":[-11.2521,236.587,11.7082],"direction":[-0.56888,-0.595443,0.567294],"extended":false,"handId":859,"id":8593,"length":63.5667,"mcpPosition":[30.1212,276.047,23.3819],"pipPosition":[4.29618,252.861,-3.7968],"stabilizedTipPosition":[-27.4716,223.314,82.6601],"timeVisible":0.921902,"tipPosition":[-13.4752,233.384,26.2119],"tipVelocity":[21.7478,41.2339,-92.2459],"tool":false,"touchDistance":0.333333,"touchZone":"none","type":3,"width":17.8352},{"bases":[[[0.559393,-0.824409,0.0861895],[0.810795,0.565823,0.149854],[-0.172309,-0.0139454,0.984944]],[[0.567724,-0.822518,0.0339766],[0.539592,0.340636,-0.76994],[0.621716,0.455447,0.637211]],[[0.567724,-0.822518,0.0339766],[-0.432866,-0.333373,-0.837549],[0.700226,0.460789,-0.545304]],[[0.567724,-0.822518,0.0339766],[-0.775541,-0.548229,-0.31302],[0.276091,0.151358,-0.949139]]],"btipPosition":[3.65056,233.012,32.3072],"carpPosition":[33.6898,259.569,84.2212],"dipPosition":[8.34583,235.586,16.1659],"direction":[-0.700226,-0.460789,0.545304],"extended":false,"handId":859,"id":8594,"length":49.8351,"mcpPosition":[43.5475,260.367,27.8729],"pipPosition":[21.8582,244.478,5.64306],"stabilizedTipPosition":[-9.06156,223.899,83.4264],"timeVisible":0.921902,"tipPosition":[4.68877,233.56,29.3822],"tipVelocity":[22.2594,37.0337,-89.6142],"tool":false,"touchDistance":0.333333,"touchZone":"none","type":4,"width":15.8426}],"r":[[0.92314,-0.175904,0.341863],[0.237782,0.959954,-0.148146],[-0.302113,0.218048,0.927999]],"s":0.880252,"t":[91.5784,127.73,-117.646],"timestamp":607073024446},false],[2,{"currentFrameRate":110.324,"devices":[],"gestures":[],"hands":[{"armBasis":[[0.725906,-0.311235,-0.613346],[0.55186,0.795796,0.24932],[0.410501,-0.519463,0.749431]],"armWidth":62.8676,"confidence":0.862332,"direction":[0.0161767,0.242693,-0.969968],"elbow":[129.334,126.415,293.03],"grabStrength":0,"id":859,"palmNormal":[-0.552941,-0.806085,-0.21091],"palmPosition":[12.2212,278.348,41.7248],"palmVelocity":[28.5917,38.6805,-94.3643],"palmWidth":89.7729,"pinchStrength":1,"r":[[0.922412,-0.176591,0.343471],[0.239737,0.959064,-0.150738],[-0.302791,0.221385,0.926988]],"s":0.88017,"sphereCenter":[-11.7265,249.59,14.787],"sphereRadius":42.7938,"stabilizedPalmPosition":[-1.05798,267.464,98.3992],"t":[91.8272,128.092,-118.501],"timeVisible":0.930901,"type":"right","wrist":[19.9814,264.794,93.3902]}],"id":4438003,"interactionBox":{"center":[0,200,0],"size":[235.247,235.247,147.751]},"pointables":[{"bases":[[[0.832944,0.551149,-0.0493811],[-0.429475,0.700163,0.570371],[0.348934,-0.453879,0.819902]],[[0.679878,0.666386,-0.306096],[-0.677242,0.730664,0.0864506],[0.281263,0.148526,0.948067]],[[0.679878,0.666386,-0.306096],[-0.733323,0.616882,-0.285821],[-0.00164169,0.418791,0.908081]],[[0.679878,0.666386,-0.306096],[-0.692671,0.446516,-0.566419],[-0.240777,0.59712,0.765163]]],"btipPosition":[-17.6337,235.376,2.91772],"carpPosition":[-9.39647,270.567,97.8253],"dipPosition":[-23.1934,249.164,20.5857],"direction":[0.00164169,-0.418791,-0.908081],"extended":false,"handId":859,"id":8590,"length":51.4192,"mcpPosition":[-9.39647,270.567,97.8253],"pipPosition":[-23.2486,263.252,51.1332],"stabilizedTipPosition":[-39.795,233.814,59.7242],"timeVisible":0.930901,"tipPosition":[-19.8727,238.383,7.04768],"tipVelocity":[45.3814,39.0291,-77.9182],"tool":false,"touchDistance":-0.412528,"touchZone":"touching","type":0,"width":19.9791},{"bases":[[[0.823953,-0.491336,-0.282295],[0.52844,0.846101,0.0697512],[0.204578,-0.206647,0.956789]],[[0.848297,-0.522963,-0.0830732],[0.520734,0.852352,-0.0482883],[0.0960606,-0.00229624,0.995373]],[[0.848297,-0.522963,-0.0830732],[0.509113,0.848639,-0.14358],[0.145586,0.0795048,0.986146]],[[0.848297,-0.522963,-0.0830732],[0.496941,0.840427,-0.216177],[0.18287,0.1421,0.972814]]],"btipPosition":[-17.4051,295.191,-60.8662],"carpPosition":[8.07059,284.385,90.6898],"dipPosition":[-14.3224,297.586,-44.4674],"direction":[-0.145586,-0.0795048,-0.986146],"extended":true,"handId":859,"id":8591,"length":58.0209,"mcpPosition":[-6.77882,299.385,21.2408],"pipPosition":[-10.8506,299.482,-20.9507],"stabilizedTipPosition":[-38.2813,289.178,4.37373],"timeVisible":0.930901,"tipPosition":[-17.1584,294.861,-56.9445],"tipVelocity":[51.705,24.7151,-106.234],"tool":false,"touchDistance":-0.439016,"touchZone":"touching","type":1,"width":19.0841},{"bases":[[[0.741778,-0.651729,-0.15816],[0.664494,0.746111,0.042011],[0.0906255,-0.13626,0.986519]],[[0.743824,-0.654954,-0.133271],[0.278766,0.485229,-0.828759],[0.607466,0.5793,0.543504]],[[0.743824,-0.654954,-0.133271],[-0.498411,-0.410684,-0.763495],[0.445322,0.63433,-0.631913]],[[0.743824,-0.654954,-0.133271],[-0.667429,-0.71725,-0.200227],[0.0355511,0.237883,-0.970643]]],"btipPosition":[-29.5383,239.645,28.8301],"carpPosition":[18.7414,280.021,86.8583],"dipPosition":[-28.8792,244.055,10.8337],"direction":[-0.445322,-0.63433,0.631913],"extended":false,"handId":859,"id":8592,"length":66.1101,"mcpPosition":[12.5032,289.401,18.9515],"pipPosition":[-16.3852,261.852,-6.89522],"stabilizedTipPosition":[-43.2596,230.888,80.1594],"timeVisible":0.930901,"tipPosition":[-29.3328,240.574,25.4586],"tipVelocity":[22.5295,41.6746,-86.4867],"tool":false,"touchDistance":0.333333,"touchZone":"none","type":2,"width":18.7431},{"bases":[[[0.694812,-0.719056,-0.0139761],[0.718343,0.692918,0.0620305],[-0.0349191,-0.0531391,0.997976]],[[0.69559,-0.716885,-0.0472292],[0.416113,0.455597,-0.786944],[0.585666,0.527737,0.615214]],[[0.69559,-0.716885,-0.0472292],[-0.435142,-0.368082,-0.821685],[0.57167,0.592107,-0.567981]],[[0.69559,-0.716885,-0.0472292],[-0.700302,-0.661884,-0.26737],[0.160413,0.219055,-0.962436]]],"btipPosition":[-14.0357,232.733,28.658],"carpPosition":[28.2051,272.934,84.1895],"dipPosition":[-11.0787,236.771,10.9164],"direction":[-0.57167,-0.592107,0.567981],"extended":false,"handId":859,"id":8593,"length":63.5667,"mcpPosition":[30.3632,276.218,22.5125],"pipPosition":[4.54588,252.954,-4.60738],"stabilizedTipPosition":[-27.4689,223.316,82.6487],"timeVisible":0.930901,"tipPosition":[-13.335,233.641,25.4324],"tipVelocity":[19.6826,37.2695,-90.9087],"tool":false,"touchDistance":0.333333,"touchZone":"none","type":3,"width":17.8352},{"bases":[[[0.557794,-0.824913,0.0915669],[0.811741,0.565208,0.147025],[-0.173037,-0.0076811,0.984885]],[[0.566195,-0.823341,0.0391452],[0.541192,0.335506,-0.771069],[0.621719,0.45776,0.635548]],[[0.566195,-0.823341,0.0391452],[-0.432302,-0.33705,-0.836369],[0.701811,0.456625,-0.546768]],[[0.566195,-0.823341,0.0391452],[-0.776147,-0.548526,-0.31099],[0.277523,0.145698,-0.949607]]],"btipPosition":[3.80499,233.282,31.6362],"carpPosition":[33.8576,260.101,83.4526],"dipPosition":[8.52461,235.759,15.4869],"direction":[-0.701811,-0.456625,0.546768],"extended":false,"handId":859,"id":8594,"length":49.8351,"mcpPosition":[43.757,260.54,27.1077],"pipPosition":[22.0676,244.571,4.93585],"stabilizedTipPosition":[-9.05907,223.901,83.4165],"timeVisible":0.930901,"tipPosition":[4.84918,233.814,28.7025],"tipVelocity":[21.0305,34.4024,-85.5379],"tool":false,"touchDistance":0.333333,"touchZone":"none","type":4,"width":15.8426}],"r":[[0.922412,-0.176591,0.343471],[0.239737,0.959064,-0.150738],[-0.302791,0.221385,0.926988]],"s":0.88017,"t":[91.8272,128.092,-118.501],"timestamp":607073033445},false],[3,{"currentFrameRate":110.35,"devices":[],"gestures":[],"hands":[{"armBasis":[[0.72649,-0.312496,-0.612012],[0.553192,0.794314,0.251087],[0.407666,-0.520972,0.749931]],"armWidth":62.8676,"confidence":0.864483,"direction":[0.0167116,0.238864,-0.970909],"elbow":[128.852,126.55,292.398],"grabStrength":0,"id":859,"palmNormal":[-0.554498,-0.805825,-0.207794],"palmPosition":[12.5239,278.697,40.9064],"palmVelocity":[29.9625,38.696,-93.3778],"palmWidth":89.7729,"pinchStrength":1,"r":[[0.921753,-0.177226,0.344909],[0.241679,0.95813,-0.153555],[-0.303253,0.224897,0.925991]],"s":0.880274,"sphereCenter":[-11.4696,249.924,14.0594],"sphereRadius":42.8127,"stabilizedPalmPosition":[-1.05133,267.469,98.3711],"t":[92.103,128.448,-119.338],"timeVisible":0.939917,"type":"right","wrist":[20.2544,265.331,92.625]}],"id":4438004,"interactionBox":{"center":[0,200,0],"size":[235.247,235.247,147.751]},"pointables":[{"bases":[[[0.83402,0.549327,-0.0514777],[-0.428146,0.703225,0.567596],[0.347997,-0.451347,0.821696]],[[0.681807,0.663595,-0.307866],[-0.675049,0.73289,0.0847411],[0.281866,0.150048,0.947648]],[[0.681807,0.663595,-0.307866],[-0.731526,0.616767,-0.290633],[-0.00298103,0.423368,0.905953]],[[0.681807,0.663595,-0.307866],[-0.689683,0.442801,-0.572945],[-0.24388,0.602968,0.759574]]],"btipPosition":[-17.2627,235.623,2.34902],"carpPosition":[-9.11245,271.178,97.0354],"dipPosition":[-22.894,249.546,19.888],"direction":[0.00298103,-0.423368,-0.905953],"extended":false,"handId":859,"id":8590,"length":51.4192,"mcpPosition":[-9.11245,271.178,97.0354],"pipPosition":[-22.9943,263.788,50.3638],"stabilizedTipPosition":[-39.6591,233.846,59.383],"timeVisible":0.939917,"tipPosition":[-19.5137,238.672,6.42399],"tipVelocity":[43.716,36.7774,-74.7422],"tool":false,"touchDistance":-0.408584,"touchZone":"touching","type":0,"width":19.9791},{"bases":[[[0.823012,-0.494042,-0.280311],[0.530084,0.845335,0.066478],[0.204114,-0.203301,0.957604]],[[0.847268,-0.524899,-0.0813503],[0.522679,0.851163,-0.0482508],[0.0945691,-0.00163863,0.995517]],[[0.847268,-0.524899,-0.0813503],[0.511122,0.847354,-0.144037],[0.144537,0.0804584,0.986223]],[[0.847268,-0.524899,-0.0813503],[0.498937,0.839007,-0.217091],[0.182204,0.143346,0.972756]]],"btipPosition":[-16.9605,295.425,-61.7751],"carpPosition":[8.38198,284.934,89.8471],"dipPosition":[-13.8891,297.841,-45.3773],"direction":[-0.144537,-0.0804584,-0.986223],"extended":true,"handId":859,"id":8591,"length":58.0209,"mcpPosition":[-6.43374,299.691,20.3389],"pipPosition":[-10.4423,299.76,-21.8588],"stabilizedTipPosition":[-38.2384,289.191,4.25229],"timeVisible":0.939917,"tipPosition":[-16.7216,295.083,-57.8515],"tipVelocity":[50.966,25.2128,-104.75],"tool":false,"touchDistance":-0.437085,"touchZone":"touching","type":1,"width":19.0841},{"bases":[[[0.740516,-0.653788,-0.155556],[0.665945,0.744973,0.0391389],[0.0902968,-0.132575,0.987051]],[[0.742554,-0.656918,-0.130659],[0.279811,0.481488,-0.830587],[0.608539,0.580197,0.541344]],[[0.742554,-0.656918,-0.130659],[-0.499142,-0.412661,-0.76195],[0.446621,0.631007,-0.634318]],[[0.742554,-0.656918,-0.130659],[-0.668813,-0.716723,-0.197476],[0.0360795,0.234023,-0.971561]]],"btipPosition":[-29.3099,240.026,28.1559],"carpPosition":[19.0445,280.535,86.0334],"dipPosition":[-28.6409,244.365,10.1425],"direction":[-0.446621,-0.631007,0.634318],"extended":false,"handId":859,"id":8592,"length":66.1101,"mcpPosition":[12.8289,289.66,18.09],"pipPosition":[-16.1105,262.069,-7.65395],"stabilizedTipPosition":[-43.254,230.892,80.1371],"timeVisible":0.939917,"tipPosition":[-29.1029,240.942,24.7752],"tipVelocity":[23.3707,41.353,-83.3867],"tool":false,"touchDistance":0.333333,"touchZone":"none","type":2,"width":18.7431},{"bases":[[[0.69341,-0.720458,-0.011113],[0.719689,0.691754,0.0593701],[-0.0350862,-0.0491657,0.998174]],[[0.694195,-0.718414,-0.0444413],[0.417766,0.452422,-0.7879],[0.586144,0.528389,0.614198]],[[0.694195,-0.718414,-0.0444413],[-0.434579,-0.369109,-0.821523],[0.57379,0.58961,-0.568441]],[[0.694195,-0.718414,-0.0444413],[-0.701213,-0.661055,-0.267032],[0.162462,0.216535,-0.962662]]],"btipPosition":[-13.8528,233.058,27.9108],"carpPosition":[28.4945,273.418,83.393],"dipPosition":[-10.858,237.049,10.1651],"direction":[-0.57379,-0.58961,0.568441],"extended":false,"handId":859,"id":8593,"length":63.5667,"mcpPosition":[30.6629,276.457,21.7038],"pipPosition":[4.82456,253.164,-5.37125],"stabilizedTipPosition":[-27.4658,223.318,82.6361],"timeVisible":0.939917,"tipPosition":[-13.1345,233.967,24.6816],"tipVelocity":[20.1155,36.5977,-88.7267],"tool":false,"touchDistance":0.333333,"touchZone":"none","type":3,"width":17.8352},{"bases":[[[0.556179,-0.825634,0.0948336],[0.812832,0.564195,0.14487],[-0.173115,-0.00349015,0.984895]],[[0.564667,-0.824257,0.0418518],[0.54287,0.332747,-0.771085],[0.621646,0.458126,0.635356]],[[0.564667,-0.824257,0.0418518],[-0.431354,-0.337976,-0.836484],[0.703623,0.454282,-0.546391]],[[0.564667,-0.824257,0.0418518],[-0.776644,-0.547838,-0.310964],[0.279242,0.143087,-0.9495]]],"btipPosition":[4.01222,233.589,30.8874],"carpPosition":[34.1221,260.572,82.7067],"dipPosition":[8.76107,236.023,14.7399],"direction":[-0.703623,-0.454282,0.546391],"extended":false,"handId":859,"id":8594,"length":49.8351,"mcpPosition":[44.0259,260.771,26.3613],"pipPosition":[22.339,244.789,4.19614],"stabilizedTipPosition":[-9.05626,223.903,83.4053],"timeVisible":0.939917,"tipPosition":[5.06654,234.122,27.9577],"tipVelocity":[21.7729,34.0135,-84.8419],"tool":false,"touchDistance":0.333333,"touchZone":"none","type":4,"width":15.8426}],"r":[[0.921753,-0.177226,0.344909],[0.241679,0.95813,-0.153555],[-0.303253,0.224897,0.925991]],"s":0.880274,"t":[92.103,128.448,-119.338],"timestamp":607073042461},false],[4,{"currentFrameRate":110.303,"devices":[],"gestures":[],"hands":[{"armBasis":[[0.728043,-0.313162,-0.609823],[0.553004,0.794009,0.252462],[0.405143,-0.521037,0.751252]],"armWidth":62.8676,"confidence":0.864822,"direction":[0.016973,0.23697,-0.971369],"elbow":[128.429,126.985,291.997],"grabStrength":0,"id":859,"palmNormal":[-0.554444,-0.806227,-0.206371],"palmPosition":[12.7867,279.049,40.1254],"palmVelocity":[29.6194,38.6084,-91.1488],"palmWidth":89.7729,"pinchStrength":1,"r":[[0.921206,-0.177595,0.346179],[0.243241,0.957312,-0.156165],[-0.303667,0.228065,0.92508]],"s":0.880597,"sphereCenter":[-11.2308,250.322,13.3083],"sphereRadius":42.8313,"stabilizedPalmPosition":[-1.04326,267.476,98.3371],"t":[92.3723,128.801,-120.147],"timeVisible":0.949065,"type":"right","wrist":[20.5033,265.783,91.872]}],"id":4438005,"interactionBox":{"center":[0,200,0],"size":[235.247,235.247,147.751]},"pointables":[{"bases":[[[0.834036,0.549223,-0.0523251],[-0.428296,0.704332,0.566109],[0.347775,-0.449745,0.822668]],[[0.682601,0.662687,-0.308061],[-0.674313,0.733647,0.0840467],[0.281705,0.150359,0.947647]],[[0.682601,0.662687,-0.308061],[-0.730773,0.615986,-0.294164],[-0.00517737,0.425919,0.904746]],[[0.682601,0.662687,-0.308061],[-0.687644,0.43974,-0.577732],[-0.247389,0.606197,0.75586]]],"btipPosition":[-16.8521,235.908,1.70322],"carpPosition":[-8.86472,271.639,96.2631],"dipPosition":[-22.5645,249.906,19.1564],"direction":[0.00517737,-0.42592,-0.904746],"extended":false,"handId":859,"id":8590,"length":51.4192,"mcpPosition":[-8.86472,271.639,96.2631],"pipPosition":[-22.7386,264.234,49.5917],"stabilizedTipPosition":[-39.5075,233.884,59.0045],"timeVisible":0.949065,"tipPosition":[-19.1176,238.975,5.74118],"tipVelocity":[43.4732,35.7312,-74.1878],"tool":false,"touchDistance":-0.406042,"touchZone":"touching","type":0,"width":19.9791},{"bases":[[[0.823086,-0.49459,-0.279126],[0.530069,0.845462,0.0649715],[0.203856,-0.201433,0.958054]],[[0.847271,-0.525007,-0.0806201],[0.523009,0.851091,-0.0458823],[0.0927036,-0.00329025,0.995688]],[[0.847271,-0.525007,-0.0806201],[0.511611,0.847431,-0.14183],[0.142782,0.0789226,0.986603]],[[0.847271,-0.525007,-0.0806201],[0.499518,0.839169,-0.21512],[0.180594,0.141994,0.973254]]],"btipPosition":[-16.544,295.865,-62.6268],"carpPosition":[8.63168,285.381,89.0527],"dipPosition":[-13.4998,298.259,-46.2206],"direction":[-0.142782,-0.0789226,-0.986603],"extended":true,"handId":859,"id":8591,"length":58.0209,"mcpPosition":[-6.16533,300.002,19.5119],"pipPosition":[-10.0948,300.141,-22.693],"stabilizedTipPosition":[-38.1901,289.207,4.11617],"timeVisible":0.949065,"tipPosition":[-16.3181,295.49,-58.6994],"tipVelocity":[49.2623,31.4377,-101.448],"tool":false,"touchDistance":-0.434456,"touchZone":"touching","type":1,"width":19.0841},{"bases":[[[0.740555,-0.654092,-0.154082],[0.665937,0.745046,0.0378647],[0.0900315,-0.13065,0.987332]],[[0.742587,-0.657173,-0.129182],[0.28008,0.479914,-0.831407],[0.608375,0.58121,0.540439]],[[0.742587,-0.657173,-0.129182],[-0.498919,-0.414111,-0.761309],[0.446816,0.62979,-0.63539]],[[0.742587,-0.657173,-0.129182],[-0.668763,-0.717102,-0.196266],[0.0363439,0.232137,-0.972004]]],"btipPosition":[-29.0435,240.354,27.4349],"carpPosition":[19.2952,280.974,85.2505],"dipPosition":[-28.3696,244.658,9.41332],"direction":[-0.446816,-0.62979,0.63539],"extended":false,"handId":859,"id":8592,"length":66.1101,"mcpPosition":[13.0979,289.967,17.2878],"pipPosition":[-15.8337,262.327,-8.41318],"stabilizedTipPosition":[-43.2475,230.897,80.1111],"timeVisible":0.949065,"tipPosition":[-28.8362,241.264,24.047],"tipVelocity":[25.0057,39.5619,-82.1706],"tool":false,"touchDistance":0.333333,"touchZone":"none","type":2,"width":18.7431},{"bases":[[[0.69341,-0.72048,-0.00952185],[0.719675,0.691866,0.0582141],[-0.0353543,-0.0472189,0.998259]],[[0.694204,-0.718501,-0.0428525],[0.418881,0.451697,-0.787724],[0.585337,0.528891,0.614536]],[[0.694204,-0.718501,-0.0428525],[-0.433035,-0.369352,-0.822229],[0.574945,0.589351,-0.567542]],[[0.694204,-0.718501,-0.0428525],[-0.70078,-0.661094,-0.268069],[0.164279,0.216125,-0.962446]]],"btipPosition":[-13.6143,233.364,27.0957],"carpPosition":[28.7459,273.852,82.6266],"dipPosition":[-10.586,237.348,9.35388],"direction":[-0.574945,-0.589351,0.567542],"extended":false,"handId":859,"id":8593,"length":63.5667,"mcpPosition":[30.9309,276.77,20.9321],"pipPosition":[5.12812,253.456,-6.15787],"stabilizedTipPosition":[-27.4624,223.321,82.6223],"timeVisible":0.949065,"tipPosition":[-12.8814,234.279,23.8678],"tipVelocity":[22.0082,35.6732,-88.8052],"tool":false,"touchDistance":0.333333,"touchZone":"none","type":3,"width":17.8352},{"bases":[[[0.556151,-0.825449,0.0965928],[0.812795,0.564475,0.143988],[-0.173379,-0.00156891,0.984854]],[[0.564699,-0.824161,0.0432932],[0.544103,0.33234,-0.770391],[0.620538,0.458595,0.6361]],[[0.564699,-0.824161,0.0432932],[-0.429484,-0.338259,-0.837332],[0.70474,0.454246,-0.544978]],[[0.564699,-0.824161,0.0432932],[-0.775964,-0.548077,-0.312237],[0.281061,0.142726,-0.949017]]],"btipPosition":[4.26504,233.902,30.0884],"carpPosition":[34.3736,261.004,81.9668],"dipPosition":[9.04484,236.33,13.9492],"direction":[-0.70474,-0.454246,0.544978],"extended":false,"handId":859,"id":8594,"length":49.8351,"mcpPosition":[44.2926,261.094,25.6238],"pipPosition":[22.6443,245.095,3.43262],"stabilizedTipPosition":[-9.05305,223.905,83.3926],"timeVisible":0.949065,"tipPosition":[5.33107,234.442,27.1623],"tipVelocity":[23.6222,34.0317,-85.4798],"tool":false,"touchDistance":0.333333,"touchZone":"none","type":4,"width":15.8426}],"r":[[0.921206,-0.177595,0.346179],[0.243241,0.957312,-0.156165],[-0.303667,0.228065,0.92508]],"s":0.880597,"t":[92.3723,128.801,-120.147],"timestamp":607073051609},false],[5,{"currentFrameRate":110.357,"devices":[],"gestures":[],"hands":[{"armBasis":[[0.728545,-0.314324,-0.608623],[0.553428,0.793675,0.252581],[0.403657,-0.520845,0.752184]],"armWidth":62.8676,"confidence":0.869447,"direction":[0.0180593,0.235419,-0.971726],"elbow":[128.188,127.355,291.647],"grabStrength":0,"id":859,"palmNormal":[-0.554961,-0.806069,-0.205599],"palmPosition":[13.0004,279.293,39.4997],"palmVelocity":[28.0354,35.4965,-85.3],"palmWidth":89.7729,"pinchStrength":1,"r":[[0.920673,-0.177938,0.347418],[0.244688,0.956558,-0.158509],[-0.304121,0.230944,0.924216]],"s":0.881145,"sphereCenter":[-11.0885,250.699,12.6857],"sphereRadius":42.8498,"stabilizedPalmPosition":[-1.03419,267.483,98.2991],"t":[92.6138,129.1,-120.864],"timeVisible":0.958031,"type":"right","wrist":[20.6585,266.102,91.2743]}],"id":4438006,"interactionBox":{"center":[0,200,0],"size":[235.247,235.247,147.751]},"pointables":[{"bases":[[[0.834562,0.548413,-0.0524368],[-0.428193,0.705599,0.564607],[0.346637,-0.448746,0.823693]],[[0.684056,0.661346,-0.307714],[-0.673112,0.734864,0.0830419],[0.281048,0.150321,0.947848]],[[0.684056,0.661346,-0.307714],[-0.729392,0.615941,-0.297663],[-0.00732438,0.428063,0.903719]],[[0.684056,0.661346,-0.307714],[-0.685539,0.438766,-0.580965],[-0.249204,0.608363,0.753519]]],"btipPosition":[-16.5492,236.14,1.14823],"carpPosition":[-8.70831,271.991,95.6295],"dipPosition":[-22.3035,250.188,18.5474],"direction":[0.00732438,-0.428063,-0.903719],"extended":false,"handId":859,"id":8590,"length":51.4192,"mcpPosition":[-8.70831,271.991,95.6295],"pipPosition":[-22.5499,264.587,48.9481],"stabilizedTipPosition":[-39.3503,233.923,58.6131],"timeVisible":0.958031,"tipPosition":[-18.8151,239.215,5.16464],"tipVelocity":[40.5273,33.3745,-71.2037],"tool":false,"touchDistance":-0.402282,"touchZone":"touching","type":0,"width":19.9791},{"bases":[[[0.822906,-0.495748,-0.277598],[0.530748,0.845101,0.0641158],[0.202813,-0.200096,0.958555]],[[0.846859,-0.525799,-0.0797851],[0.52411,0.850589,-0.042508],[0.090215,-0.00581793,0.995905]],[[0.846859,-0.525799,-0.0797851],[0.51297,0.847187,-0.138333],[0.140328,0.0762212,0.987167]],[[0.846859,-0.525799,-0.0797851],[0.50106,0.839131,-0.211655],[0.178238,0.139265,0.974082]]],"btipPosition":[-16.0897,296.311,-63.3393],"carpPosition":[8.8066,285.706,88.4132],"dipPosition":[-13.0851,298.659,-46.9192],"direction":[-0.140328,-0.0762212,-0.987167],"extended":true,"handId":859,"id":8591,"length":58.0209,"mcpPosition":[-5.91468,300.23,18.836],"pipPosition":[-9.73868,300.476,-23.3781],"stabilizedTipPosition":[-38.1344,289.225,3.96057],"timeVisible":0.958031,"tipPosition":[-15.8793,295.889,-59.4068],"tipVelocity":[49.3705,36.1154,-95.3345],"tool":false,"touchDistance":-0.429983,"touchZone":"touching","type":1,"width":19.0841},{"bases":[[[0.740123,-0.65498,-0.152377],[0.666553,0.744524,0.0372909],[0.0890235,-0.129167,0.987619]],[[0.742129,-0.658023,-0.127474],[0.281294,0.478401,-0.831869],[0.608373,0.581496,0.540133]],[[0.742129,-0.658023,-0.127474],[-0.498572,-0.414847,-0.761136],[0.447963,0.628416,-0.635942]],[[0.742129,-0.658023,-0.127474],[-0.669211,-0.716826,-0.195747],[0.0374293,0.230577,-0.972334]]],"btipPosition":[-28.8518,240.615,26.8285],"carpPosition":[19.4697,281.284,84.6277],"dipPosition":[-28.1578,244.89,8.8008],"direction":[-0.447963,-0.628416,0.635942],"extended":false,"handId":859,"id":8592,"length":66.1101,"mcpPosition":[13.3418,290.175,16.6452],"pipPosition":[-15.5898,262.521,-9.04121],"stabilizedTipPosition":[-43.2404,230.902,80.0832],"timeVisible":0.958031,"tipPosition":[-28.6413,241.52,23.4341],"tipVelocity":[24.1541,36.519,-78.2348],"tool":false,"touchDistance":0.333333,"touchZone":"none","type":2,"width":18.7431},{"bases":[[[0.692789,-0.721099,-0.0077544],[0.720226,0.69133,0.0577731],[-0.0362992,-0.0456095,0.9983]],[[0.693613,-0.719181,-0.0409756],[0.421505,0.451333,-0.786532],[0.584152,0.528277,0.616189]],[[0.693613,-0.719181,-0.0409756],[-0.430399,-0.368141,-0.824154],[0.577631,0.58928,-0.564882]],[[0.693613,-0.719181,-0.0409756],[-0.700497,-0.660146,-0.271129],[0.167941,0.216762,-0.96167]]],"btipPosition":[-13.4739,233.579,26.3303],"carpPosition":[28.9166,274.15,82.0235],"dipPosition":[-10.3781,237.575,8.60276],"direction":[-0.577631,-0.58928,0.564882],"extended":false,"handId":859,"id":8593,"length":63.5667,"mcpPosition":[31.16,276.968,20.3265],"pipPosition":[5.40939,253.681,-6.83628],"stabilizedTipPosition":[-27.4591,223.323,82.6085],"timeVisible":0.958031,"tipPosition":[-12.7145,234.508,23.1208],"tipVelocity":[20.7427,32.5643,-87.7644],"tool":false,"touchDistance":0.333333,"touchZone":"none","type":3,"width":17.8352},{"bases":[[[0.555342,-0.82578,0.0984016],[0.813157,0.563993,0.143833],[-0.174272,0.000139595,0.984698]],[[0.563956,-0.824578,0.0449941],[0.545644,0.331178,-0.769801],[0.61986,0.458685,0.636696]],[[0.563956,-0.824578,0.0449941],[-0.428043,-0.338478,-0.837981],[0.70621,0.453325,-0.543842]],[[0.563956,-0.824578,0.0449941],[-0.775779,-0.547681,-0.313389],[0.283056,0.141832,-0.948558]]],"btipPosition":[4.4375,234.126,29.4692],"carpPosition":[34.5336,261.296,81.3892],"dipPosition":[9.25121,236.538,13.3378],"direction":[-0.70621,-0.453325,0.543842],"extended":false,"handId":859,"id":8594,"length":49.8351,"mcpPosition":[44.5037,261.288,25.0551],"pipPosition":[22.8791,245.286,2.84318],"stabilizedTipPosition":[-9.04964,223.908,83.3791],"timeVisible":0.958031,"tipPosition":[5.51472,234.667,26.5387],"tipVelocity":[22.6594,31.4392,-80.9302],"tool":false,"touchDistance":0.333333,"touchZone":"none","type":4,"width":15.8426}],"r":[[0.920673,-0.177938,0.347418],[0.244688,0.956558,-0.158509],[-0.304121,0.230944,0.924216]],"s":0.881145,"t":[92.6138,129.1,-120.864],"timestamp":607073060575},false],[6,{"currentFrameRate":110.338,"devices":[],"gestures":[],"hands":[{"armBasis":[[0.730169,-0.316003,-0.605801],[0.553507,0.793397,0.253281],[0.400604,-0.520253,0.754224]],"armWidth":62.8676,"confidence":0.87416,"direction":[0.0185167,0.234809,-0.971865],"elbow":[127.633,127.841,291.376],"grabStrength":0,"id":859,"palmNormal":[-0.555109,-0.806038,-0.20532],"palmPosition":[13.2831,279.591,38.6737],"palmVelocity":[28.8775,34.7421,-86.8233],"palmWidth":89.7729,"pinchStrength":1,"r":[[0.920207,-0.178219,0.348506],[0.245913,0.955915,-0.160481],[-0.304542,0.233378,0.923466]],"s":0.881746,"sphereCenter":[-10.8457,251.099,11.8455],"sphereRadius":42.8706,"stabilizedPalmPosition":[-1.02388,267.492,98.2562],"t":[92.8759,129.399,-121.636],"timeVisible":0.967129,"type":"right","wrist":[20.9167,266.43,90.4595]}],"id":4438007,"interactionBox":{"center":[0,200,0],"size":[235.247,235.247,147.751]},"pointables":[{"bases":[[[0.83474,0.548142,-0.0524427],[-0.428218,0.706073,0.563995],[0.346178,-0.448332,0.824111]],[[0.685202,0.6606,-0.306767],[-0.672099,0.735771,0.0832103],[0.280679,0.149162,0.94814]],[[0.685202,0.6606,-0.306767],[-0.728287,0.615749,-0.30075],[-0.00978362,0.429489,0.903019]],[[0.685202,0.6606,-0.306767],[-0.683393,0.437415,-0.584502],[-0.251937,0.610145,0.751166]]],"btipPosition":[-16.1271,236.447,0.381481],"carpPosition":[-8.45022,272.33,94.7992],"dipPosition":[-21.9445,250.536,17.7263],"direction":[0.00978362,-0.429489,-0.903019],"extended":false,"handId":859,"id":8590,"length":51.4192,"mcpPosition":[-8.45022,272.33,94.7992],"pipPosition":[-22.2736,264.984,48.1034],"stabilizedTipPosition":[-39.1842,233.967,58.2014],"timeVisible":0.967129,"tipPosition":[-18.4058,239.528,4.37349],"tipVelocity":[41.7103,33.7715,-75.2071],"tool":false,"touchDistance":-0.402076,"touchZone":"touching","type":0,"width":19.9791},{"bases":[[[0.822875,-0.496155,-0.276959],[0.530963,0.844989,0.0638033],[0.202371,-0.199557,0.958761]],[[0.846722,-0.526037,-0.0796605],[0.52468,0.850415,-0.0388062],[0.0881579,-0.00893821,0.996066]],[[0.846722,-0.526037,-0.0796605],[0.513751,0.847322,-0.134554],[0.138279,0.0730046,0.987699]],[[0.846722,-0.526037,-0.0796605],[0.501991,0.839505,-0.207935],[0.176257,0.136074,0.974894]]],"btipPosition":[-15.6232,296.865,-64.2192],"carpPosition":[9.07151,286.036,87.5815],"dipPosition":[-12.652,299.158,-47.7854],"direction":[-0.138279,-0.0730046,-0.987699],"extended":true,"handId":859,"id":8591,"length":58.0209,"mcpPosition":[-5.61769,300.521,17.9893],"pipPosition":[-9.3545,300.899,-24.2317],"stabilizedTipPosition":[-38.066,289.249,3.77072],"timeVisible":0.967129,"tipPosition":[-15.428,296.405,-60.2833],"tipVelocity":[49.663,42.5886,-95.6202],"tool":false,"touchDistance":-0.428469,"touchZone":"touching","type":1,"width":19.0841},{"bases":[[[0.739997,-0.655286,-0.151672],[0.66675,0.744357,0.0370955],[0.0885901,-0.128578,0.987735]],[[0.741992,-0.658314,-0.126771],[0.281807,0.477848,-0.832013],[0.608303,0.581622,0.540077]],[[0.741992,-0.658314,-0.126771],[-0.498366,-0.415147,-0.761107],[0.448419,0.627914,-0.636117]],[[0.741992,-0.658314,-0.126771],[-0.669337,-0.716754,-0.195579],[0.0378882,0.22997,-0.97246]]],"btipPosition":[-28.5748,240.919,26.0057],"carpPosition":[19.7349,281.608,83.8029],"dipPosition":[-27.8723,245.182,7.97569],"direction":[-0.448419,-0.627914,0.636117],"extended":false,"handId":859,"id":8592,"length":66.1101,"mcpPosition":[13.6368,290.459,15.8125],"pipPosition":[-15.2914,262.799,-9.87122],"stabilizedTipPosition":[-43.2327,230.908,80.053],"timeVisible":0.967129,"tipPosition":[-28.3632,241.822,22.6055],"tipVelocity":[25.9582,35.556,-81.632],"tool":false,"touchDistance":0.333333,"touchZone":"none","type":2,"width":18.7431},{"bases":[[[0.692586,-0.721301,-0.00702759],[0.7204,0.69116,0.0576323],[-0.036713,-0.044978,0.998313]],[[0.693423,-0.719411,-0.0401566],[0.423665,0.452172,-0.784888],[0.582814,0.527246,0.618336]],[[0.693423,-0.719411,-0.0401566],[-0.427588,-0.366004,-0.826565],[0.579942,0.59033,-0.561407]],[[0.693423,-0.719411,-0.0401566],[-0.699834,-0.659197,-0.27512],[0.171453,0.218878,-0.960571]]],"btipPosition":[-13.2531,233.838,25.3031],"carpPosition":[29.1808,274.47,81.207],"dipPosition":[-10.0925,237.873,7.59583],"direction":[-0.579942,-0.59033,0.561407],"extended":false,"handId":859,"id":8593,"length":63.5667,"mcpPosition":[31.4497,277.249,19.5092],"pipPosition":[5.75812,254.007,-7.74823],"stabilizedTipPosition":[-27.4557,223.326,82.5947],"timeVisible":0.967129,"tipPosition":[-12.4656,234.787,22.1173],"tipVelocity":[22.1739,31.697,-94.5887],"tool":false,"touchDistance":0.333333,"touchZone":"none","type":3,"width":17.8352},{"bases":[[[0.555067,-0.825877,0.0991383],[0.81326,0.56385,0.143808],[-0.174667,0.000801916,0.984627]],[[0.563721,-0.824705,0.045608],[0.546828,0.331257,-0.768926],[0.61903,0.458399,0.637708]],[[0.563721,-0.824705,0.045608],[-0.426461,-0.337903,-0.839019],[0.707354,0.453522,-0.542188]],[[0.563721,-0.824705,0.045608],[-0.775294,-0.547373,-0.315123],[0.284848,0.142282,-0.947954]]],"btipPosition":[4.69728,234.405,28.5895],"carpPosition":[34.7944,261.614,80.583],"dipPosition":[9.54148,236.824,12.4683],"direction":[-0.707354,-0.453522,0.542188],"extended":false,"handId":859,"id":8594,"length":49.8351,"mcpPosition":[44.787,261.568,24.2529],"pipPosition":[23.1914,245.576,2.00564],"stabilizedTipPosition":[-9.04597,223.911,83.3647],"timeVisible":0.967129,"tipPosition":[5.78617,234.954,25.659],"tipVelocity":[24.5063,31.2694,-85.2271],"tool":false,"touchDistance":0.333333,"touchZone":"none","type":4,"width":15.8426}],"r":[[0.920207,-0.178219,0.348506],[0.245913,0.955915,-0.160481],[-0.304542,0.