{"sensorType":"Leap","data":[[0,{"currentFrameRate":100.82,"devices":[],"gestures":[],"hands":[{"armBasis":[[0.664855,-0.383175,-0.641206],[0.590958,0.794852,0.137762],[0.456877,-0.470518,0.754901]],"armWidth":62.8676,"confidence":0.848578,"direction":[-0.0347972,0.299283,-0.95353],"elbow":[102.125,137.352,292.065],"grabStrength":0,"id":864,"palmNormal":[-0.596156,-0.771983,-0.220545],"palmPosition":[-30.009,279.565,40.7697],"palmVelocity":[14.8905,-35.9362,-105.743],"palmWidth":89.7729,"pinchStrength":1,"r":[[0.903778,-0.262933,0.337714],[0.324626,0.935346,-0.140523],[-0.278932,0.236632,0.9307]],"s":0.904846,"sphereCenter":[-57.9062,257.859,13.5309],"sphereRadius":43.2713,"stabilizedPalmPosition":[-45.251,265.765,102.794],"t":[72.9241,93.2194,-161.265],"timeVisible":0.795407,"type":"right","wrist":[-19.5817,262.693,90.9676]}],"id":4441872,"interactionBox":{"center":[0,200,0],"size":[235.247,235.247,147.751]},"pointables":[{"bases":[[[0.849197,0.523227,-0.0714078],[-0.365347,0.679753,0.63597],[0.381296,-0.513975,0.768403]],[[0.660552,0.670695,-0.3374],[-0.659392,0.733145,0.166434],[0.35899,0.112541,0.926532]],[[0.660552,0.670695,-0.3374],[-0.750293,0.605905,-0.264461],[0.0270595,0.427839,0.90345]],[[0.660552,0.670695,-0.3374],[-0.706339,0.402841,-0.582068],[-0.254472,0.622805,0.739836]]],"btipPosition":[-61.092,234.913,4.50441],"carpPosition":[-48.3774,269.229,97.6108],"dipPosition":[-66.9679,249.294,21.5876],"direction":[-0.0270595,-0.427839,-0.90345],"extended":false,"handId":864,"id":8640,"length":51.4192,"mcpPosition":[-48.3774,269.229,97.6108],"pipPosition":[-66.0576,263.686,51.9792],"stabilizedTipPosition":[-77.4587,228.751,61.1762],"timeVisible":0.795407,"tipPosition":[-62.1622,237.39,8.86758],"tipVelocity":[5.4627,-0.987251,-125.983],"tool":false,"touchDistance":-0.477696,"touchZone":"touching","type":0,"width":19.9791},{"bases":[[[0.784885,-0.502567,-0.362467],[0.564494,0.821175,0.0837793],[0.255544,-0.270368,0.928223]],[[0.820064,-0.546361,-0.17025],[0.562834,0.823828,0.0672678],[0.103504,-0.150986,0.983102]],[[0.820064,-0.546361,-0.17025],[0.551126,0.834127,-0.0221808],[0.154129,-0.0756395,0.985151]],[[0.820064,-0.546361,-0.17025],[0.538523,0.837415,-0.0934362],[0.19362,-0.0150599,0.980961]]],"btipPosition":[-60.7365,310.902,-58.9108],"carpPosition":[-30.861,282.819,90.1653],"dipPosition":[-57.4727,310.648,-42.3747],"direction":[-0.154129,0.0756395,-0.985151],"extended":true,"handId":864,"id":8641,"length":58.0209,"mcpPosition":[-49.4099,302.444,22.7897],"pipPosition":[-53.7972,308.844,-18.8817],"stabilizedTipPosition":[-76.5085,305.935,-9.55158],"timeVisible":0.795407,"tipPosition":[-60.5974,309.698,-55.0622],"tipVelocity":[36.834,-17.7457,-109.012],"tool":false,"touchDistance":-0.479463,"touchZone":"touching","type":1,"width":19.0841},{"bases":[[[0.704384,-0.667051,-0.242664],[0.694535,0.718253,0.0416524],[0.14651,-0.197878,0.969216]],[[0.708463,-0.672688,-0.213475],[0.275865,0.542368,-0.793559],[0.649599,0.503316,0.569819]],[[0.708463,-0.672688,-0.213475],[-0.525052,-0.300259,-0.796345],[0.471594,0.676266,-0.565918]],[[0.708463,-0.672688,-0.213475],[-0.704525,-0.656304,-0.270018],[0.0415334,0.341696,-0.938892]]],"btipPosition":[-75.607,242.693,24.8817],"carpPosition":[-20.6288,278.316,85.4104],"dipPosition":[-74.837,249.028,7.47401],"direction":[-0.471594,-0.676266,0.565918],"extended":false,"handId":864,"id":8642,"length":66.1101,"mcpPosition":[-30.7138,291.937,18.6947],"pipPosition":[-61.6059,268.001,-8.4034],"stabilizedTipPosition":[-87.5433,223.555,93.5699],"timeVisible":0.795407,"tipPosition":[-75.2784,244.002,21.8285],"tipVelocity":[21.1515,-37.9002,-117.477],"tool":false,"touchDistance":0.333333,"touchZone":"none","type":2,"width":18.7431},{"bases":[[[0.663892,-0.741134,-0.0998361],[0.747401,0.662085,0.0550839],[0.0252755,-0.111187,0.993478]],[[0.662555,-0.73666,-0.135476],[0.413487,0.51054,-0.753908],[0.62454,0.443488,0.64286]],[[0.662555,-0.73666,-0.135476],[-0.437686,-0.234,-0.868145],[0.607826,0.634489,-0.477463]],[[0.662555,-0.73666,-0.135476],[-0.722092,-0.580148,-0.376844],[0.19901,0.347506,-0.916316]]],"btipPosition":[-61.009,234.643,21.9397],"carpPosition":[-11.6347,271.069,81.7361],"dipPosition":[-57.3405,241.049,5.0483],"direction":[-0.607826,-0.634489,0.477463],"extended":false,"handId":864,"id":8643,"length":63.5667,"mcpPosition":[-13.1968,277.94,20.337],"pipPosition":[-40.7277,258.39,-8.00146],"stabilizedTipPosition":[-73.3512,210.566,104.36],"timeVisible":0.795407,"tipPosition":[-59.9501,236.047,19.3985],"tipVelocity":[16.5881,-33.4192,-158.842],"tool":false,"touchDistance":0.333333,"touchZone":"none","type":3,"width":17.8352},{"bases":[[[0.529676,-0.848162,0.00809927],[0.840839,0.52631,0.126439],[-0.111503,-0.0601614,0.991941]],[[0.535285,-0.843198,-0.0498645],[0.529259,0.380826,-0.758193],[0.658297,0.379458,0.650121]],[[0.535285,-0.843198,-0.0498645],[-0.43186,-0.222466,-0.874074],[0.725925,0.489413,-0.483226]],[[0.535285,-0.843198,-0.0498645],[-0.785906,-0.475541,-0.395238],[0.309551,0.250754,-0.917224]]],"btipPosition":[-42.4051,234.605,25.3984],"carpPosition":[-6.54607,258.11,79.9038],"dipPosition":[-37.1408,238.87,9.79989],"direction":[-0.725925,-0.489413,0.483226],"extended":false,"handId":864,"id":8644,"length":49.8351,"mcpPosition":[-0.167019,261.552,23.1553],"pipPosition":[-23.1325,248.314,0.474992],"stabilizedTipPosition":[-54.3773,215.966,97.4084],"timeVisible":0.795407,"tipPosition":[-41.0394,235.46,22.9422],"tipVelocity":[18.7661,-33.0513,-138.179],"tool":false,"touchDistance":0.333333,"touchZone":"none","type":4,"width":15.8426}],"r":[[0.903778,-0.262933,0.337714],[0.324626,0.935346,-0.140523],[-0.278932,0.236632,0.9307]],"s":0.904846,"t":[72.9241,93.2194,-161.265],"timestamp":607109060854},false],[1,{"currentFrameRate":101.203,"devices":[],"gestures":[],"hands":[{"armBasis":[[0.666842,-0.386711,-0.637005],[0.589736,0.796423,0.133869],[0.455557,-0.464935,0.759146]],"armWidth":62.8676,"confidence":0.850148,"direction":[-0.0338708,0.30091,-0.953051],"elbow":[101.782,138.551,292.272],"grabStrength":0,"id":864,"palmNormal":[-0.595386,-0.771992,-0.222584],"palmPosition":[-29.9527,279.357,39.8634],"palmVelocity":[12.4627,-32.2688,-103.901],"palmWidth":89.7729,"pinchStrength":1,"r":[[0.90342,-0.262332,0.339138],[0.324153,0.935622,-0.139775],[-0.280638,0.236208,0.930295]],"s":0.903462,"sphereCenter":[-57.7966,257.681,12.5248],"sphereRadius":43.297,"stabilizedPalmPosition":[-45.2473,265.768,102.779],"t":[73.0093,92.9395,-162.224],"timeVisible":0.80455,"type":"right","wrist":[-19.5733,262.405,90.0443]}],"id":4441873,"interactionBox":{"center":[0,200,0],"size":[235.247,235.247,147.751]},"pointables":[{"bases":[[[0.848935,0.523908,-0.0695002],[-0.366545,0.67841,0.636713],[0.380729,-0.515053,0.767962]],[[0.661618,0.671207,-0.33428],[-0.658491,0.733331,0.169161],[0.35868,0.1082,0.927168]],[[0.661618,0.671207,-0.33428],[-0.749347,0.608022,-0.262274],[0.0272095,0.424017,0.905245]],[[0.661618,0.671207,-0.33428],[-0.704784,0.404443,-0.582843],[-0.256011,0.621214,0.740642]]],"btipPosition":[-61.05,234.974,3.44806],"carpPosition":[-48.3812,268.911,96.6648],"dipPosition":[-66.9614,249.318,20.5499],"direction":[-0.0272095,-0.424017,-0.905245],"extended":false,"handId":864,"id":8640,"length":51.4192,"mcpPosition":[-48.3812,268.911,96.6648],"pipPosition":[-66.0461,263.582,51.0019],"stabilizedTipPosition":[-77.4585,228.751,61.1754],"timeVisible":0.80455,"tipPosition":[-62.1156,237.418,7.79826],"tipVelocity":[4.97077,0.872508,-122.945],"tool":false,"touchDistance":-0.474041,"touchZone":"touching","type":0,"width":19.9791},{"bases":[[[0.785643,-0.501422,-0.36241],[0.563852,0.8214,0.0858661],[0.254628,-0.271806,0.928055]],[[0.820557,-0.545405,-0.170936],[0.56246,0.823696,0.0718552],[0.101609,-0.155106,0.982658]],[[0.820557,-0.545405,-0.170936],[0.550845,0.834411,-0.0180899],[0.152497,-0.0793155,0.985116]],[[0.820557,-0.545405,-0.170936],[0.538269,0.837973,-0.0898226],[0.19223,-0.0183051,0.981179]]],"btipPosition":[-60.5314,311.029,-59.7844],"carpPosition":[-30.865,282.525,89.2635],"dipPosition":[-57.291,310.72,-43.2446],"direction":[-0.152497,0.0793155,-0.985116],"extended":true,"handId":864,"id":8641,"length":58.0209,"mcpPosition":[-49.3474,302.254,21.9002],"pipPosition":[-53.6544,308.829,-19.7525],"stabilizedTipPosition":[-76.4853,305.942,-9.6158],"timeVisible":0.80455,"tipPosition":[-60.3807,309.819,-55.9438],"tipVelocity":[32.6639,-9.31779,-105.239],"tool":false,"touchDistance":-0.472941,"touchZone":"touching","type":1,"width":19.0841},{"bases":[[[0.70511,-0.666166,-0.242987],[0.694011,0.718636,0.0437146],[0.145498,-0.199459,0.969044]],[[0.709158,-0.671852,-0.213799],[0.276534,0.543991,-0.792214],[0.648555,0.502682,0.571565]],[[0.709158,-0.671852,-0.213799],[-0.523857,-0.299146,-0.797549],[0.471878,0.677589,-0.564097]],[[0.709158,-0.671852,-0.213799],[-0.70377,-0.656278,-0.272043],[0.0424608,0.343387,-0.938234]]],"btipPosition":[-75.5083,242.484,23.8496],"carpPosition":[-20.6243,278.037,84.5129],"dipPosition":[-74.721,248.851,6.45417],"direction":[-0.471878,-0.677589,0.564097],"extended":false,"handId":864,"id":8642,"length":66.1101,"mcpPosition":[-30.6396,291.766,17.809],"pipPosition":[-61.482,267.861,-9.37213],"stabilizedTipPosition":[-87.5389,223.563,93.5433],"timeVisible":0.80455,"tipPosition":[-75.1785,243.801,20.7899],"tipVelocity":[18.3911,-33.4843,-116.112],"tool":false,"touchDistance":0.333333,"touchZone":"none","type":2,"width":18.7431},{"bases":[[[0.664498,-0.740523,-0.100335],[0.746899,0.662481,0.0571113],[0.0241778,-0.112891,0.993313]],[[0.6632,-0.735988,-0.135965],[0.417605,0.514643,-0.748832],[0.621105,0.439846,0.648664]],[[0.6632,-0.735988,-0.135965],[-0.432345,-0.228441,-0.872292],[0.610936,0.637288,-0.469703]],[[0.6632,-0.735988,-0.135965],[-0.720124,-0.577991,-0.38386],[0.20393,0.352488,-0.913326]]],"btipPosition":[-60.9518,234.473,20.5275],"carpPosition":[-11.621,270.802,80.8367],"dipPosition":[-57.1925,240.971,3.69113],"direction":[-0.610936,-0.637288,0.469703],"extended":false,"handId":864,"id":8643,"length":63.5667,"mcpPosition":[-13.1153,277.779,19.4478],"pipPosition":[-40.4948,258.389,-9.14653],"stabilizedTipPosition":[-73.3498,210.569,104.351],"timeVisible":0.80455,"tipPosition":[-59.8784,235.891,18.0095],"tipVelocity":[14.3486,-28.6321,-157.238],"tool":false,"touchDistance":0.333333,"touchZone":"none","type":3,"width":17.8352},{"bases":[[[0.530226,-0.847826,0.00725649],[0.840342,0.526644,0.128341],[-0.112633,-0.061952,0.991704]],[[0.53564,-0.843106,-0.0475601],[0.53434,0.38201,-0.754022],[0.653889,0.378471,0.655125]],[[0.53564,-0.843106,-0.0475601],[-0.425077,-0.220537,-0.87788],[0.729657,0.490444,-0.476513]],[[0.53564,-0.843106,-0.0475601],[-0.78308,-0.474848,-0.401629],[0.316032,0.252372,-0.914567]]],"btipPosition":[-42.3446,234.434,24.1469],"carpPosition":[-6.52168,257.85,78.988],"dipPosition":[-36.9701,238.726,8.59357],"direction":[-0.729657,-0.490444,0.476513],"extended":false,"handId":864,"id":8644,"length":49.8351,"mcpPosition":[-0.0780171,261.394,22.253],"pipPosition":[-22.8897,248.19,-0.60179],"stabilizedTipPosition":[-54.3758,215.968,97.3997],"timeVisible":0.80455,"tipPosition":[-40.9536,235.295,21.7079],"tipVelocity":[16.1577,-28.8619,-137.502],"tool":false,"touchDistance":0.333333,"touchZone":"none","type":4,"width":15.8426}],"r":[[0.90342,-0.262332,0.339138],[0.324153,0.935622,-0.139775],[-0.280638,0.236208,0.930295]],"s":0.903462,"t":[73.0093,92.9395,-162.224],"timestamp":607109069997},false],[2,{"currentFrameRate":101.687,"devices":[],"gestures":[],"hands":[{"armBasis":[[0.667979,-0.387515,-0.635324],[0.589073,0.797026,0.133206],[0.45475,-0.46323,0.760671]],"armWidth":62.8676,"confidence":0.854819,"direction":[-0.0336091,0.303263,-0.952314],"elbow":[101.572,138.704,291.88],"grabStrength":0,"id":864,"palmNormal":[-0.594961,-0.771693,-0.224747],"palmPosition":[-29.934,279.175,39.103],"palmVelocity":[9.64167,-29.035,-98.8714],"palmWidth":89.7729,"pinchStrength":1,"r":[[0.903126,-0.261942,0.340221],[0.323704,0.935939,-0.138685],[-0.282098,0.235381,0.930063]],"s":0.902114,"sphereCenter":[-57.7353,257.514,11.6667],"sphereRadius":43.326,"stabilizedPalmPosition":[-45.2441,265.771,102.765],"t":[73.0612,92.7088,-163.084],"timeVisible":0.813452,"type":"right","wrist":[-19.568,262.103,89.246]}],"id":4441874,"interactionBox":{"center":[0,200,0],"size":[235.247,235.247,147.751]},"pointables":[{"bases":[[[0.848737,0.524445,-0.0678485],[-0.367099,0.676668,0.638246],[0.380636,-0.516796,0.766837]],[[0.663629,0.671322,-0.330036],[-0.656359,0.734197,0.173629],[0.358872,0.101397,0.927863]],[[0.663629,0.671322,-0.330036],[-0.747514,0.611991,-0.258244],[0.0286141,0.418085,0.907957]],[[0.663629,0.671322,-0.330036],[-0.702757,0.408278,-0.582616],[-0.256377,0.618576,0.742721]]],"btipPosition":[-61.0985,235.239,2.48056],"carpPosition":[-48.3814,268.58,95.8708],"dipPosition":[-67.0183,249.522,19.6304],"direction":[-0.0286141,-0.418085,-0.907957],"extended":false,"handId":864,"id":8640,"length":51.4192,"mcpPosition":[-48.3814,268.58,95.8708],"pipPosition":[-66.0558,263.586,50.1736],"stabilizedTipPosition":[-77.4583,228.751,61.1748],"timeVisible":0.813452,"tipPosition":[-62.1548,237.612,6.83538],"tipVelocity":[2.07813,8.30757,-118.728],"tool":false,"touchDistance":-0.469317,"touchZone":"touching","type":0,"width":19.9791},{"bases":[[[0.786008,-0.500182,-0.363331],[0.563463,0.821426,0.0881392],[0.254364,-0.274002,0.927481]],[[0.820787,-0.544489,-0.172741],[0.562348,0.823319,0.0768793],[0.100361,-0.160242,0.981962]],[[0.820787,-0.544489,-0.172741],[0.550748,0.83456,-0.0136757],[0.151609,-0.0839117,0.984872]],[[0.820787,-0.544489,-0.172741],[0.538123,0.838469,-0.0859826],[0.191654,-0.0223825,0.981207]]],"btipPosition":[-60.4315,311.28,-60.4609],"carpPosition":[-30.8681,282.221,88.5105],"dipPosition":[-57.2007,310.902,-43.9207],"direction":[-0.151609,0.0839117,-0.984872],"extended":true,"handId":864,"id":8641,"length":58.0209,"mcpPosition":[-49.3312,302.109,21.1888],"pipPosition":[-53.5853,308.901,-20.4343],"stabilizedTipPosition":[-76.4672,305.948,-9.66646],"timeVisible":0.813452,"tipPosition":[-60.268,310.06,-56.6296],"tipVelocity":[26.764,0.399236,-97.281],"tool":false,"touchDistance":-0.464127,"touchZone":"touching","type":1,"width":19.0841},{"bases":[[[0.705497,-0.665257,-0.244351],[0.693683,0.718824,0.0457861],[0.145186,-0.201804,0.968605]],[[0.709536,-0.671014,-0.215173],[0.276711,0.546141,-0.790671],[0.648066,0.501469,0.573184]],[[0.709536,-0.671014,-0.215173],[-0.523346,-0.297315,-0.798569],[0.471877,0.679223,-0.562128]],[[0.709536,-0.671014,-0.215173],[-0.703372,-0.655883,-0.274018],[0.0427416,0.345772,-0.937344]]],"btipPosition":[-75.4679,242.325,22.9712],"carpPosition":[-20.6234,277.748,83.753],"dipPosition":[-74.6754,248.735,5.59227],"direction":[-0.471877,-0.679223,0.562128],"extended":false,"handId":864,"id":8642,"length":66.1101,"mcpPosition":[-30.6172,291.639,17.0793],"pipPosition":[-61.4364,267.792,-10.1788],"stabilizedTipPosition":[-87.5353,223.569,93.5215],"timeVisible":0.813452,"tipPosition":[-75.1388,243.65,19.9062],"tipVelocity":[14.6597,-28.934,-111.252],"tool":false,"touchDistance":0.333333,"touchZone":"none","type":2,"width":18.7431},{"bases":[[[0.664859,-0.739986,-0.101901],[0.746589,0.662658,0.059065],[0.0238185,-0.115348,0.99304]],[[0.663578,-0.735375,-0.137433],[0.421006,0.518937,-0.743948],[0.6184,0.435807,0.653952]],[[0.663578,-0.735375,-0.137433],[-0.42702,-0.221484,-0.876697],[0.614262,0.640443,-0.460992]],[[0.663578,-0.735375,-0.137433],[-0.718108,-0.574627,-0.392587],[0.209726,0.359204,-0.909389]]],"btipPosition":[-61.0026,234.318,19.2264],"carpPosition":[-11.6155,270.526,80.0625],"dipPosition":[-57.1365,240.94,2.46266],"direction":[-0.614262,-0.640443,0.460992],"extended":false,"handId":864,"id":8643,"length":63.5667,"mcpPosition":[-13.0876,277.655,18.6906],"pipPosition":[-40.3478,258.444,-10.1369],"stabilizedTipPosition":[-73.3489,210.571,104.344],"timeVisible":0.813452,"tipPosition":[-59.8946,235.769,16.7416],"tipVelocity":[9.64303,-24.7241,-153.713],"tool":false,"touchDistance":0.333333,"touchZone":"none","type":3,"width":17.8352},{"bases":[[[0.530588,-0.847613,0.00536803],[0.840062,0.526685,0.129996],[-0.113013,-0.0644647,0.9915]],[[0.535746,-0.843116,-0.0461809],[0.539229,0.383708,-0.749667],[0.649776,0.376729,0.660202]],[[0.535746,-0.843116,-0.0461809],[-0.418564,-0.217675,-0.881715],[0.733335,0.491705,-0.469516]],[[0.535746,-0.843116,-0.0461809],[-0.78047,-0.473583,-0.408149],[0.322246,0.254707,-0.911747]]],"btipPosition":[-42.3441,234.306,22.9942],"carpPosition":[-6.50985,257.581,78.1837],"dipPosition":[-36.8639,238.638,7.48881],"direction":[-0.733335,-0.491705,0.469516],"extended":false,"handId":864,"id":8644,"length":49.8351,"mcpPosition":[-0.0444115,261.269,21.4604],"pipPosition":[-22.7126,248.126,-1.57153],"stabilizedTipPosition":[-54.3747,215.969,97.3929],"timeVisible":0.813452,"tipPosition":[-40.9282,235.174,20.5779],"tipVelocity":[12.5181,-24.6434,-134.985],"tool":false,"touchDistance":0.333333,"touchZone":"none","type":4,"width":15.8426}],"r":[[0.903126,-0.261942,0.340221],[0.323704,0.935939,-0.138685],[-0.282098,0.235381,0.930063]],"s":0.902114,"t":[73.0612,92.7088,-163.084],"timestamp":607109078899},false],[3,{"currentFrameRate":102.035,"devices":[],"gestures":[],"hands":[{"armBasis":[[0.669287,-0.390336,-0.632212],[0.58763,0.798796,0.128903],[0.454693,-0.45778,0.763997]],"armWidth":62.8676,"confidence":0.860143,"direction":[-0.0325984,0.304709,-0.951887],"elbow":[101.505,139.829,292.115],"grabStrength":0,"id":864,"palmNormal":[-0.59401,-0.771845,-0.226733],"palmPosition":[-29.9333,278.918,38.4652],"palmVelocity":[6.98402,-28.7976,-90.7961],"palmWidth":89.7729,"pinchStrength":1,"r":[[0.902843,-0.261584,0.341246],[0.323222,0.93629,-0.137438],[-0.283553,0.234383,0.929872]],"s":0.900797,"sphereCenter":[-57.5986,257.176,10.9136],"sphereRadius":43.3484,"stabilizedPalmPosition":[-45.241,265.773,102.752],"t":[73.0875,92.4647,-163.833],"timeVisible":0.822586,"type":"right","wrist":[-19.6195,261.777,88.5954]}],"id":4441875,"interactionBox":{"center":[0,200,0],"size":[235.247,235.247,147.751]},"pointables":[{"bases":[[[0.848383,0.525264,-0.0659067],[-0.368519,0.675369,0.638803],[0.380052,-0.517662,0.766542]],[[0.665545,0.671435,-0.325922],[-0.654567,0.734909,0.177342],[0.358597,0.0953086,0.928614]],[[0.665545,0.671435,-0.325922],[-0.745772,0.615563,-0.254769],[0.0295651,0.412624,0.910422]],[[0.665545,0.671435,-0.325922],[-0.699919,0.409852,-0.584923],[-0.259158,0.617412,0.742725]]],"btipPosition":[-61.1185,235.388,1.68168],"carpPosition":[-48.4471,268.219,95.1919],"dipPosition":[-67.1026,249.645,18.8316],"direction":[-0.0295651,-0.412624,-0.910422],"extended":false,"handId":864,"id":8640,"length":51.4192,"mcpPosition":[-48.4471,268.219,95.1919],"pipPosition":[-66.108,263.525,49.4577],"stabilizedTipPosition":[-77.4582,228.751,61.1744],"timeVisible":0.822586,"tipPosition":[-62.1761,237.705,6.02075],"tipVelocity":[0.441676,10.3628,-110.034],"tool":false,"touchDistance":-0.462701,"touchZone":"touching","type":0,"width":19.9791},{"bases":[[[0.786913,-0.498956,-0.363058],[0.562651,0.821763,0.0901606],[0.253362,-0.275224,0.927394]],[[0.821418,-0.543423,-0.173101],[0.561808,0.823242,0.0815126],[0.0982079,-0.164205,0.981525]],[[0.821418,-0.543423,-0.173101],[0.550301,0.83491,-0.0097209],[0.149806,-0.0872724,0.984856]],[[0.821418,-0.543423,-0.173101],[0.53769,0.839081,-0.0826568],[0.190163,-0.0251787,0.98143]]],"btipPosition":[-60.2668,311.329,-61.0739],"carpPosition":[-30.9356,281.886,87.8761],"dipPosition":[-57.0612,310.905,-44.5299],"direction":[-0.149806,0.0872724,-0.984856],"extended":true,"handId":864,"id":8641,"length":58.0209,"mcpPosition":[-49.326,301.863,20.5607],"pipPosition":[-53.4888,308.823,-21.0439],"stabilizedTipPosition":[-76.4523,305.953,-9.70853],"timeVisible":0.822586,"tipPosition":[-60.0977,310.109,-57.2493],"tipVelocity":[24.1583,1.45671,-88.8645],"tool":false,"touchDistance":-0.455228,"touchZone":"touching","type":1,"width":19.0841},{"bases":[[[0.706382,-0.664283,-0.244441],[0.693014,0.719336,0.0478221],[0.144068,-0.203182,0.968484]],[[0.710388,-0.670082,-0.215264],[0.277387,0.54766,-0.789383],[0.646843,0.501057,0.574923]],[[0.710388,-0.670082,-0.215264],[-0.521979,-0.296446,-0.799786],[0.472109,0.680522,-0.56036]],[[0.710388,-0.670082,-0.215264],[-0.70245,-0.65603,-0.276023],[0.0437391,0.347296,-0.936735]]],"btipPosition":[-75.4152,242.056,22.2082],"carpPosition":[-20.6808,277.43,83.1253],"dipPosition":[-74.6042,248.495,4.84056],"direction":[-0.472109,-0.680522,0.56036],"extended":false,"handId":864,"id":8642,"length":66.1101,"mcpPosition":[-30.5977,291.415,16.4599],"pipPosition":[-61.3587,267.587,-10.8809],"stabilizedTipPosition":[-87.5322,223.574,93.5025],"timeVisible":0.822586,"tipPosition":[-75.0846,243.388,19.1369],"tipVelocity":[12.3175,-28.8786,-103.466],"tool":false,"touchDistance":0.333333,"touchZone":"none","type":2,"width":18.7431},{"bases":[[[0.665618,-0.739267,-0.102161],[0.74595,0.663194,0.0610845],[0.022595,-0.116866,0.992891]],[[0.664386,-0.734619,-0.137571],[0.424663,0.522519,-0.739348],[0.615023,0.432791,0.65912]],[[0.664386,-0.734619,-0.137571],[-0.42126,-0.216033,-0.880835],[0.617358,0.643167,-0.452995]],[[0.664386,-0.734619,-0.137571],[-0.715648,-0.572226,-0.400507],[0.215499,0.364544,-0.905907]]],"btipPosition":[-61.0156,234.066,18.0982],"carpPosition":[-11.662,270.221,79.4356],"dipPosition":[-57.0431,240.786,1.3986],"direction":[-0.617358,-0.643167,0.452995],"extended":false,"handId":864,"id":8643,"length":63.5667,"mcpPosition":[-13.0584,277.443,18.0729],"pipPosition":[-40.1698,258.365,-10.9824],"stabilizedTipPosition":[-73.3481,210.572,104.339],"timeVisible":0.822586,"tipPosition":[-59.8808,235.541,15.6347],"tipVelocity":[7.31194,-24.8172,-144.869],"tool":false,"touchDistance":0.333333,"touchZone":"none","type":3,"width":17.8352},{"bases":[[[0.531296,-0.847173,0.00476256],[0.839443,0.52719,0.131929],[-0.114278,-0.0660955,0.991248]],[[0.536256,-0.842919,-0.0437935],[0.543859,0.384744,-0.745781],[0.645482,0.376112,0.66475]],[[0.536256,-0.842919,-0.0437935],[-0.41178,-0.215973,-0.885321],[0.736795,0.492791,-0.462914]],[[0.536256,-0.842919,-0.0437935],[-0.777377,-0.473015,-0.414658],[0.328808,0.256407,-0.908923]]],"btipPosition":[-42.3334,234.073,22.0344],"carpPosition":[-6.54287,257.283,77.5436],"dipPosition":[-36.7416,238.434,6.57703],"direction":[-0.736795,-0.492791,0.462914],"extended":false,"handId":864,"id":8644,"length":49.8351,"mcpPosition":[-0.00510462,261.064,20.8347],"pipPosition":[-22.5235,247.943,-2.3559],"stabilizedTipPosition":[-54.3737,215.971,97.3874],"timeVisible":0.822586,"tipPosition":[-40.89,234.951,19.6305],"tipVelocity":[10.1462,-24.6886,-126.334],"tool":false,"touchDistance":0.333333,"touchZone":"none","type":4,"width":15.8426}],"r":[[0.902843,-0.261584,0.341246],[0.323222,0.93629,-0.137438],[-0.283553,0.234383,0.929872]],"s":0.900797,"t":[73.0875,92.4647,-163.833],"timestamp":607109088033},false],[4,{"currentFrameRate":102.463,"devices":[],"gestures":[],"hands":[{"armBasis":[[0.670128,-0.391426,-0.630646],[0.588664,0.7978,0.130343],[0.45211,-0.458585,0.765047]],"armWidth":62.8676,"confidence":0.833617,"direction":[-0.0311693,0.304999,-0.951843],"elbow":[100.855,139.082,291.464],"grabStrength":0,"id":864,"palmNormal":[-0.594846,-0.770957,-0.227559],"palmPosition":[-29.8186,278.412,37.5282],"palmVelocity":[8.5787,-36.3728,-94.6156],"palmWidth":89.7729,"pinchStrength":1,"r":[[0.90247,-0.261568,0.342243],[0.323125,0.936486,-0.136324],[-0.284848,0.233616,0.92967]],"s":0.899576,"sphereCenter":[-57.4321,256.654,9.905],"sphereRadius":43.372,"stabilizedPalmPosition":[-45.2379,265.776,102.739],"t":[73.158,92.0899,-164.676],"timeVisible":0.831529,"type":"right","wrist":[-19.5817,261.244,87.6648]}],"id":4441876,"interactionBox":{"center":[0,200,0],"size":[235.247,235.247,147.751]},"pointables":[{"bases":[[[0.849184,0.524097,-0.0648763],[-0.368251,0.675719,0.638589],[0.378521,-0.518388,0.766809]],[[0.668439,0.669823,-0.323304],[-0.651553,0.736989,0.179796],[0.358703,0.0904669,0.929057]],[[0.668439,0.669823,-0.323304],[-0.743113,0.619671,-0.252567],[0.0311674,0.409077,0.911967]],[[0.668439,0.669823,-0.323304],[-0.696526,0.411302,-0.587947],[-0.260845,0.618197,0.74148]]],"btipPosition":[-61.0987,235.234,0.677222],"carpPosition":[-48.4072,267.725,94.2325],"dipPosition":[-67.1218,249.508,17.7984],"direction":[-0.0311674,-0.409077,-0.911967],"extended":false,"handId":864,"id":8640,"length":51.4192,"mcpPosition":[-48.4072,267.725,94.2325],"pipPosition":[-66.0733,263.269,48.4765],"stabilizedTipPosition":[-77.4581,228.751,61.1741],"timeVisible":0.831529,"tipPosition":[-62.1628,237.524,4.99057],"tipVelocity":[0.651398,2.93583,-110.86],"tool":false,"touchDistance":-0.459931,"touchZone":"touching","type":0,"width":19.9791},{"bases":[[[0.786599,-0.49996,-0.362357],[0.563701,0.820955,0.0909659],[0.251999,-0.275815,0.92759]],[[0.820776,-0.5444,-0.173079],[0.5631,0.822035,0.0847151],[0.0961582,-0.166993,0.981258]],[[0.820776,-0.5444,-0.173079],[0.551682,0.834024,-0.00713927],[0.148239,-0.0896248,0.984882]],[[0.820776,-0.5444,-0.173079],[0.539075,0.838388,-0.0806465],[0.189011,-0.02711,0.981601]]],"btipPosition":[-59.9576,311.062,-62.0176],"carpPosition":[-30.8689,281.369,86.9387],"dipPosition":[-56.7714,310.605,-45.4707],"direction":[-0.148239,0.0896248,-0.984882],"extended":true,"handId":864,"id":8641,"length":58.0209,"mcpPosition":[-49.1604,301.389,19.6091],"pipPosition":[-53.2363,308.468,-21.9842],"stabilizedTipPosition":[-76.4398,305.956,-9.74376],"timeVisible":0.831529,"tipPosition":[-59.7813,309.845,-58.1984],"tipVelocity":[26.8682,-7.32868,-93.3956],"tool":false,"touchDistance":-0.452185,"touchZone":"touching","type":1,"width":19.0841},{"bases":[[[0.705713,-0.665205,-0.243867],[0.693965,0.718357,0.0487386],[0.142763,-0.203631,0.968583]],[[0.70968,-0.671017,-0.214684],[0.279062,0.547534,-0.788879],[0.646899,0.499942,0.57583]],[[0.70968,-0.671017,-0.214684],[-0.521497,-0.295444,-0.800471],[0.473703,0.680036,-0.559605]],[[0.70968,-0.671017,-0.214684],[-0.703069,-0.654961,-0.276984],[0.0452516,0.347508,-0.936584]]],"btipPosition":[-75.3353,241.619,21.2066],"carpPosition":[-20.6154,276.9,82.1976],"dipPosition":[-74.4963,248.062,3.84172],"direction":[-0.473703,-0.680036,0.559605],"extended":false,"handId":864,"id":8642,"length":66.1101,"mcpPosition":[-30.4424,290.916,15.5254],"pipPosition":[-61.2061,267.141,-11.8586],"stabilizedTipPosition":[-87.5294,223.578,93.4854],"timeVisible":0.831529,"tipPosition":[-75.001,242.953,18.1277],"tipVelocity":[11.5902,-34.2888,-105.778],"tool":false,"touchDistance":0.333333,"touchZone":"none","type":2,"width":18.7431},{"bases":[[[0.664694,-0.740168,-0.10165],[0.746809,0.662138,0.0620423],[0.0213844,-0.117152,0.992884]],[[0.663501,-0.735493,-0.137177],[0.428941,0.524171,-0.7357],[0.613006,0.429297,0.66327]],[[0.663501,-0.735493,-0.137177],[-0.41679,-0.21109,-0.884154],[0.621332,0.64381,-0.446604]],[[0.663501,-0.735493,-0.137177],[-0.714774,-0.568963,-0.406668],[0.221053,0.367875,-0.903218]]],"btipPosition":[-61.0036,233.618,16.7713],"carpPosition":[-11.6027,269.679,78.5155],"dipPosition":[-56.9287,240.399,0.121315],"direction":[-0.621332,-0.64381,0.446604],"extended":false,"handId":864,"id":8643,"length":63.5667,"mcpPosition":[-12.9243,276.92,17.1532],"pipPosition":[-39.9468,257.995,-12.085],"stabilizedTipPosition":[-73.3475,210.574,104.335],"timeVisible":0.831529,"tipPosition":[-59.847,235.107,14.322],"tipVelocity":[6.40092,-31.3154,-145.476],"tool":false,"touchDistance":0.333333,"touchZone":"none","type":3,"width":17.8352},{"bases":[[[0.530109,-0.847914,0.0051044],[0.840038,0.525985,0.13295],[-0.115415,-0.0661903,0.99111]],[[0.534869,-0.843958,-0.040623],[0.548888,0.383613,-0.742673],[0.642368,0.374936,0.668421]],[[0.534869,-0.843958,-0.040623],[-0.405896,-0.21448,-0.888396],[0.741056,0.491664,-0.457277]],[[0.534869,-0.843958,-0.040623],[-0.775451,-0.471223,-0.420267],[0.335545,0.256289,-0.906491]]],"btipPosition":[-42.3132,233.595,20.8461],"carpPosition":[-6.49962,256.735,76.6256],"dipPosition":[-36.6068,237.954,5.43012],"direction":[-0.741056,-0.491664,0.457277],"extended":false,"handId":864,"id":8644,"length":49.8351,"mcpPosition":[0.103242,260.521,19.9246],"pipPosition":[-22.3066,247.441,-3.39404],"stabilizedTipPosition":[-54.3729,215.972,97.3825],"timeVisible":0.831529,"tipPosition":[-40.8413,234.477,18.4531],"tipVelocity":[8.79627,-32.5575,-127.829],"tool":false,"touchDistance":0.333333,"touchZone":"none","type":4,"width":15.8426}],"r":[[0.90247,-0.261568,0.342243],[0.323125,0.936486,-0.136324],[-0.284848,0.233616,0.92967]],"s":0.899576,"t":[73.158,92.0899,-164.676],"timestamp":607109096976},false],[5,{"currentFrameRate":102.79,"devices":[],"gestures":[],"hands":[{"armBasis":[[0.670657,-0.394947,-0.627882],[0.5884,0.798676,0.126107],[0.451669,-0.45402,0.768024]],"armWidth":62.8676,"confidence":0.832115,"direction":[-0.0306239,0.306506,-0.951376],"elbow":[100.783,139.825,291.537],"grabStrength":0,"id":864,"palmNormal":[-0.595074,-0.770346,-0.229028],"palmPosition":[-29.7437,278.022,36.8306],"palmVelocity":[8.48128,-38.1667,-89.6165],"palmWidth":89.7729,"pinchStrength":1,"r":[[0.902119,-0.261739,0.343037],[0.323137,0.936658,-0.135111],[-0.285944,0.232734,0.929554]],"s":0.898399,"sphereCenter":[-57.2561,256.206,9.10979],"sphereRadius":43.3977,"stabilizedPalmPosition":[-45.2342,265.779,102.723],"t":[73.2307,91.7074,-165.446],"timeVisible":0.840636,"type":"right","wrist":[-19.5359,260.771,86.9447]}],"id":4441877,"interactionBox":{"center":[0,200,0],"size":[235.247,235.247,147.751]},"pointables":[{"bases":[[[0.849435,0.523837,-0.0636829],[-0.368243,0.674872,0.639488],[0.377965,-0.519753,0.766159]],[[0.670381,0.669317,-0.320319],[-0.648786,0.738214,0.184708],[0.360092,0.0839934,0.929128]],[[0.670381,0.669317,-0.320319],[-0.741293,0.623174,-0.249278],[0.0327684,0.404561,0.913924]],[[0.670381,0.669317,-0.320319],[-0.693976,0.412744,-0.589949],[-0.262653,0.617784,0.741185]]],"btipPosition":[-61.1336,235.243,-0.107752],"carpPosition":[-48.3616,267.254,93.51],"dipPosition":[-67.1984,249.508,17.0066],"direction":[-0.0327684,-0.404561,-0.913924],"extended":false,"handId":864,"id":8640,"length":51.4192,"mcpPosition":[-48.3616,267.254,93.51],"pipPosition":[-66.0961,263.117,47.7506],"stabilizedTipPosition":[-77.4581,228.752,61.1738],"timeVisible":0.840636,"tipPosition":[-62.1924,237.497,4.17782],"tipVelocity":[-0.883449,2.32961,-104.067],"tool":false,"touchDistance":-0.454069,"touchZone":"touching","type":0,"width":19.9791},{"bases":[[[0.786544,-0.499725,-0.362798],[0.56401,0.820571,0.0925007],[0.251477,-0.277378,0.927265]],[[0.820546,-0.544339,-0.174352],[0.563657,0.821221,0.0888083],[0.0948396,-0.171146,0.98067]],[[0.820546,-0.544339,-0.174352],[0.552237,0.833678,-0.00383019],[0.147438,-0.0931406,0.984676]],[[0.820546,-0.544339,-0.174352],[0.539551,0.838328,-0.0780504],[0.18865,-0.0300276,0.981585]]],"btipPosition":[-59.784,311.017,-62.6574],"carpPosition":[-30.8143,280.902,86.2453],"dipPosition":[-56.6039,310.511,-46.1108],"direction":[-0.147438,0.0931406,-0.984676],"extended":true,"handId":864,"id":8641,"length":58.0209,"mcpPosition":[-49.0679,301.035,18.9393],"pipPosition":[-53.0879,308.29,-22.6291],"stabilizedTipPosition":[-76.429,305.959,-9.77425],"timeVisible":0.840636,"tipPosition":[-59.5965,309.799,-58.8456],"tipVelocity":[24.6606,-7.00329,-86.9782],"tool":false,"touchDistance":-0.444897,"touchZone":"touching","type":1,"width":19.0841},{"bases":[[[0.705537,-0.665122,-0.244604],[0.694249,0.717984,0.0501692],[0.142253,-0.205212,0.968324]],[[0.709489,-0.670982,-0.215425],[0.279717,0.54871,-0.787829],[0.646826,0.498698,0.576989]],[[0.709489,-0.670982,-0.215425],[-0.521224,-0.293898,-0.801217],[0.474289,0.68074,-0.55825]],[[0.709489,-0.670982,-0.215425],[-0.703223,-0.654208,-0.278369],[0.0458476,0.348992,-0.936004]]],"btipPosition":[-75.2695,241.276,20.4245],"carpPosition":[-20.5606,276.435,81.5016],"dipPosition":[-74.4194,247.746,3.07044],"direction":[-0.474289,-0.68074,0.55825],"extended":false,"handId":864,"id":8642,"length":66.1101,"mcpPosition":[-30.3525,290.561,14.8473],"pipPosition":[-61.1127,266.845,-12.5918],"stabilizedTipPosition":[-87.5268,223.582,93.4688],"timeVisible":0.840636,"tipPosition":[-74.9346,242.615,17.3396],"tipVelocity":[10.4574,-35.0465,-100.182],"tool":false,"touchDistance":0.333333,"touchZone":"none","type":2,"width":18.7431},{"bases":[[[0.664424,-0.74029,-0.102522],[0.747063,0.661722,0.0634076],[0.020901,-0.11872,0.992708]],[[0.663241,-0.735535,-0.138204],[0.432228,0.527208,-0.731595],[0.610976,0.425488,0.667584]],[[0.663241,-0.735535,-0.138204],[-0.412494,-0.205184,-0.887552],[0.624468,0.645668,-0.43949]],[[0.663241,-0.735535,-0.138204],[-0.713482,-0.565664,-0.413481],[0.225953,0.372843,-0.899963]]],"btipPosition":[-61.0069,233.278,15.6343],"carpPosition":[-11.5494,269.217,77.8122],"dipPosition":[-56.8417,240.151,-0.95572],"direction":[-0.624468,-0.645668,0.43949],"extended":false,"handId":864,"id":8643,"length":63.5667,"mcpPosition":[-12.8411,276.554,16.4608],"pipPosition":[-39.7741,257.798,-12.9676],"stabilizedTipPosition":[-73.3469,210.574,104.331],"timeVisible":0.840636,"tipPosition":[-59.8286,234.788,13.2021],"tipVelocity":[5.15624,-32.3375,-139.336],"tool":false,"touchDistance":0.333333,"touchZone":"none","type":3,"width":17.8352},{"bases":[[[0.529746,-0.848147,0.00400413],[0.840203,0.525418,0.134142],[-0.115876,-0.0676972,0.990954]],[[0.534228,-0.844464,-0.0384868],[0.553871,0.384059,-0.738732],[0.638614,0.373334,0.672899]],[[0.534228,-0.844464,-0.0384868],[-0.399243,-0.211916,-0.892018],[0.745121,0.491906,-0.450358]],[[0.534228,-0.844464,-0.0384868],[-0.772862,-0.469472,-0.426943],[0.342469,0.25783,-0.903459]]],"btipPosition":[-42.3034,233.245,19.7923],"carpPosition":[-6.45099,256.273,75.9041],"dipPosition":[-36.4793,237.63,4.42783],"direction":[-0.745121,-0.491906,0.450358],"extended":false,"handId":864,"id":8644,"length":49.8351,"mcpPosition":[0.178246,260.146,19.2121],"pipPosition":[-22.1006,247.122,-4.2628],"stabilizedTipPosition":[-54.3722,215.973,97.378],"timeVisible":0.840636,"tipPosition":[-40.8017,234.135,17.4216],"tipVelocity":[7.47872,-34.0106,-124.109],"tool":false,"touchDistance":0.333333,"touchZone":"none","type":4,"width":15.8426}],"r":[[0.902119,-0.261739,0.343037],[0.323137,0.936658,-0.135111],[-0.285944,0.232734,0.929554]],"s":0.898399,"t":[73.2307,91.7074,-165.446],"timestamp":607109106083},false],[6,{"currentFrameRate":103.141,"devices":[],"gestures":[],"hands":[{"armBasis":[[0.675161,-0.396148,-0.622273],[0.583642,0.802764,0.122195],[0.451131,-0.445686,0.773204]],"armWidth":62.8676,"confidence":0.834343,"direction":[-0.0271514,0.31032,-0.950244],"elbow":[100.406,141.643,291.675],"grabStrength":0,"id":864,"palmNormal":[-0.590891,-0.771724,-0.235138],"palmPosition":[-29.7991,277.787,35.6103],"palmVelocity":[4.45553,-34.8266,-102.156],"palmWidth":89.7729,"pinchStrength":1,"r":[[0.901703,-0.261451,0.344346],[0.322541,0.937158,-0.133048],[-0.287921,0.231035,0.929368]],"s":0.897722,"sphereCenter":[-57.0959,256.056,7.64803],"sphereRadius":43.4256,"stabilizedPalmPosition":[-45.2307,265.781,102.708],"t":[73.2393,91.3987,-166.441],"timeVisible":0.849665,"type":"right","wrist":[-19.7701,260.368,85.7026]}],"id":4441878,"interactionBox":{"center":[0,200,0],"size":[235.247,235.247,147.751]},"pointables":[{"bases":[[[0.847662,0.527431,-0.0573275],[-0.374049,0.670765,0.640438],[0.37624,-0.521432,0.765867]],[[0.66994,0.672957,-0.313544],[-0.651289,0.735452,0.186904],[0.356374,0.0789935,0.930998]],[[0.66994,0.672957,-0.313544],[-0.74191,0.622436,-0.249287],[0.0274017,0.399628,0.916268]],[[0.66994,0.672957,-0.313544],[-0.69098,0.41073,-0.59485],[-0.271527,0.615167,0.740164]]],"btipPosition":[-60.8566,235.173,-1.61297],"carpPosition":[-48.6531,266.711,92.1522],"dipPosition":[-67.1263,249.377,15.4778],"direction":[-0.0274017,-0.399628,-0.916268],"extended":false,"handId":864,"id":8640,"length":51.4192,"mcpPosition":[-48.6531,266.711,92.1522],"pipPosition":[-66.2045,262.82,46.3006],"stabilizedTipPosition":[-77.4581,228.752,61.1737],"timeVisible":0.849665,"tipPosition":[-61.9676,237.422,2.63316],"tipVelocity":[6.36932,-0.875897,-121.48],"tool":false,"touchDistance":-0.459655,"touchZone":"touching","type":0,"width":19.9791},{"bases":[[[0.790289,-0.495123,-0.360966],[0.560301,0.822391,0.0986665],[0.248004,-0.280225,0.927345]],[[0.823447,-0.540198,-0.173556],[0.560289,0.822417,0.0985256],[0.0895123,-0.178372,0.979883]],[[0.823447,-0.540198,-0.173556],[0.549309,0.835602,0.00539053],[0.142112,-0.0997748,0.984809]],[[0.823447,-0.540198,-0.173556],[0.536938,0.840765,-0.0693723],[0.183395,-0.0360645,0.982378]]],"btipPosition":[-59.4005,311.346,-63.8611],"carpPosition":[-31.1243,280.458,85.0305],"dipPosition":[-56.309,310.738,-47.3011],"direction":[-0.142112,0.0997748,-0.984809],"extended":true,"handId":864,"id":8641,"length":58.0209,"mcpPosition":[-49.1258,300.798,17.7187],"pipPosition":[-52.92,308.359,-23.8163],"stabilizedTipPosition":[-76.4197,305.962,-9.80054],"timeVisible":0.849665,"tipPosition":[-59.2264,310.097,-60.0588],"tipVelocity":[28.9438,4.2427,-99.6431],"tool":false,"touchDistance":-0.446751,"touchZone":"touching","type":1,"width":19.0841},{"bases":[[[0.709355,-0.661325,-0.243856],[0.691152,0.720493,0.0565561],[0.138295,-0.20866,0.968161]],[[0.713187,-0.667291,-0.21468],[0.281495,0.553118,-0.784105],[0.64197,0.498782,0.582315]],[[0.713187,-0.667291,-0.21468],[-0.516062,-0.29256,-0.805039],[0.474389,0.684932,-0.553014]],[[0.713187,-0.667291,-0.21468],[-0.699252,-0.655791,-0.28458],[0.0491121,0.353074,-0.934306]]],"btipPosition":[-75.0986,240.932,18.8216],"carpPosition":[-20.8298,276.051,80.3192],"dipPosition":[-74.188,247.478,1.49903],"direction":[-0.474389,-0.684932,0.553014],"extended":false,"handId":864,"id":8642,"length":66.1101,"mcpPosition":[-30.3493,290.414,13.6761],"pipPosition":[-60.8786,266.695,-14.0163],"stabilizedTipPosition":[-87.5244,223.586,93.4542],"timeVisible":0.849665,"tipPosition":[-74.7551,242.287,15.736],"tipVelocity":[13.2127,-35.3534,-121.257],"tool":false,"touchDistance":0.333333,"touchZone":"none","type":2,"width":18.7431},{"bases":[[[0.66784,-0.737242,-0.10229],[0.744122,0.664385,0.0698232],[0.0164833,-0.122747,0.992301]],[[0.666811,-0.732335,-0.138014],[0.434346,0.53241,-0.726556],[0.605563,0.42453,0.673104]],[[0.666811,-0.732335,-0.138014],[-0.406313,-0.20202,-0.891122],[0.624718,0.650287,-0.432267]],[[0.666811,-0.732335,-0.138014],[-0.708834,-0.56611,-0.420801],[0.230036,0.378424,-0.896593]]],"btipPosition":[-60.8001,233.007,13.9889],"carpPosition":[-11.7721,268.884,76.6446],"dipPosition":[-56.5596,239.983,-2.53898],"direction":[-0.624718,-0.650287,0.432267],"extended":false,"handId":864,"id":8643,"length":63.5667,"mcpPosition":[-12.7908,276.47,15.3183],"pipPosition":[-39.4852,257.756,-14.3535],"stabilizedTipPosition":[-73.3465,210.575,104.328],"timeVisible":0.849665,"tipPosition":[-59.6151,234.538,11.5389],"tipVelocity":[10.571,-30.9799,-150.712],"tool":false,"touchDistance":0.333333,"touchZone":"none","type":3,"width":17.8352},{"bases":[[[0.533067,-0.846067,0.00312422],[0.83745,0.528157,0.140455],[-0.120484,-0.0722554,0.990082]],[[0.537462,-0.842497,-0.0365052],[0.559826,0.38884,-0.731709],[0.630658,0.37283,0.680639]],[[0.537462,-0.842497,-0.0365052],[-0.388312,-0.208828,-0.897555],[0.748564,0.496577,-0.439389]],[[0.537462,-0.842497,-0.0365052],[-0.766449,-0.469978,-0.437809],[0.351696,0.263285,-0.898326]]],"btipPosition":[-42.1479,233.035,18.0774],"carpPosition":[-6.61329,255.968,74.7084],"dipPosition":[-36.1669,237.513,2.80026],"direction":[-0.748564,-0.496577,0.439389],"extended":false,"handId":864,"id":8644,"length":49.8351,"mcpPosition":[0.279558,260.102,18.0662],"pipPosition":[-21.7217,247.095,-5.6787],"stabilizedTipPosition":[-54.3715,215.974,97.3741],"timeVisible":0.849665,"tipPosition":[-40.6124,233.949,15.7302],"tipVelocity":[11.2628,-30.3847,-141.619],"tool":false,"touchDistance":0.333333,"touchZone":"