{"sensorType":"Leap","data":[[0,{"currentFrameRate":107.979,"devices":[],"gestures":[],"hands":[{"armBasis":[[-0.863393,-0.491169,0.115346],[-0.314498,0.702708,0.638195],[0.394516,-0.514737,0.761185]],"armWidth":62.8676,"confidence":0.72987,"direction":[-0.504327,0.346325,-0.791021],"elbow":[111.101,149.795,291.739],"grabStrength":0,"id":857,"palmNormal":[0.368321,-0.742264,-0.559807],"palmPosition":[-13.4189,306.518,42.5825],"palmVelocity":[24.3144,1.23193,-75.5625],"palmWidth":89.7729,"pinchStrength":1,"r":[[0.807376,-0.529567,0.260195],[0.580931,0.790625,-0.193472],[-0.10326,0.30736,0.945974]],"s":0.800817,"sphereCenter":[0.193978,286.803,-0.304797],"sphereRadius":47.4307,"stabilizedPalmPosition":[-50.1531,259.866,156.735],"t":[101.934,117.639,-169.988],"timeVisible":1.40987,"type":"left","wrist":[6.00673,286.915,88.9682]}],"id":4436766,"interactionBox":{"center":[0,200,0],"size":[235.247,235.247,147.751]},"pointables":[{"bases":[[[-0.742128,0.500635,0.445658],[0.660663,0.658483,0.36045],[0.113005,-0.56193,0.819429]],[[-0.725135,0.683998,0.0795359],[0.681256,0.729424,-0.0618903],[0.100348,-0.00930551,0.994909]],[[-0.725135,0.683998,0.0795359],[0.504657,0.606455,-0.614438],[0.46851,0.405412,0.784946]],[[-0.725135,0.683998,0.0795359],[0.447365,0.55575,-0.700718],[0.523492,0.472533,0.708991]]],"btipPosition":[0.811365,269.882,-13.0428],"carpPosition":[33.6017,293.973,78.7326],"dipPosition":[12.8991,280.793,3.32823],"direction":[-0.46851,-0.405412,-0.784946],"extended":false,"handId":857,"id":8570,"length":51.4192,"mcpPosition":[33.6017,293.973,78.7326],"pipPosition":[28.6595,294.431,29.7334],"stabilizedTipPosition":[-43.3866,230.32,92.9104],"timeVisible":1.40987,"tipPosition":[3.42124,271.368,-8.64956],"tipVelocity":[45.7575,41.0123,-88.0442],"tool":false,"touchDistance":-0.437089,"touchZone":"touching","type":0,"width":19.9791},{"bases":[[[-0.854611,-0.507383,0.110467],[-0.418544,0.798985,0.431792],[0.307346,-0.322779,0.895183]],[[-0.818127,-0.538122,0.202712],[-0.426703,0.804426,0.413307],[0.385477,-0.251639,0.887742]],[[-0.818127,-0.538122,0.202712],[-0.482045,0.834002,0.268465],[0.313529,-0.121922,0.941719]],[[-0.818127,-0.538122,0.202712],[-0.517546,0.842707,0.148294],[0.250627,-0.0164106,0.967945]]],"btipPosition":[-35.3931,344.663,-58.2356],"carpPosition":[14.9568,307.383,83.145],"dipPosition":[-31.1683,344.386,-41.9189],"direction":[-0.313529,0.121922,-0.941719],"extended":true,"handId":857,"id":8571,"length":58.0209,"mcpPosition":[-7.35206,330.813,18.1677],"pipPosition":[-23.6915,341.479,-19.4617],"stabilizedTipPosition":[-40.078,336.802,-39.4379],"timeVisible":1.40987,"tipPosition":[-33.6989,343.257,-54.8218],"tipVelocity":[26.1412,29.5083,-70.7073],"tool":false,"touchDistance":-0.417403,"touchZone":"touching","type":1,"width":19.0841},{"bases":[[[-0.721273,-0.67505,0.155155],[-0.550151,0.694423,0.463801],[0.420832,-0.249168,0.872248]],[[-0.712239,-0.680154,0.173513],[-0.684066,0.61714,-0.388834],[-0.157385,0.395637,0.904821]],[[-0.712239,-0.680154,0.173513],[-0.3403,0.118379,-0.932836],[-0.613932,0.723448,0.31577]],[[-0.712239,-0.680154,0.173513],[-0.021634,-0.225804,-0.973932],[-0.701604,0.697426,-0.146112]]],"btipPosition":[12.5539,267.924,-24.5431],"carpPosition":[3.80458,302.815,84.6775],"dipPosition":[-0.454243,280.855,-27.2521],"direction":[0.613932,-0.723448,-0.31577],"extended":false,"handId":857,"id":8572,"length":66.1101,"mcpPosition":[-25.1633,319.967,24.6365],"pipPosition":[-17.6787,301.152,-18.3928],"stabilizedTipPosition":[-24.9629,217.476,121.36],"timeVisible":1.40987,"tipPosition":[10.1971,270.621,-23.6784],"tipVelocity":[22.8166,8.38439,-110.937],"tool":false,"touchDistance":-0.473801,"touchZone":"touching","type":2,"width":18.7431},{"bases":[[[-0.607944,-0.754774,0.246414],[-0.586581,0.636122,0.50127],[0.535095,-0.160202,0.829463]],[[-0.592161,-0.759105,0.270379],[-0.804114,0.534828,-0.259539],[-0.0524105,0.371104,0.927111]],[[-0.592161,-0.759105,0.270379],[-0.526708,0.11068,-0.84281],[-0.609855,0.64149,0.465367]],[[-0.592161,-0.759105,0.270379],[-0.197098,-0.1889,-0.962013],[-0.781344,0.622958,0.0377587]]],"btipPosition":[-5.41228,260.017,-19.2918],"carpPosition":[-5.72422,295.492,86.2548],"dipPosition":[-19.8156,271.501,-18.5957],"direction":[0.609855,-0.64149,-0.465367],"extended":false,"handId":857,"id":8573,"length":63.5667,"mcpPosition":[-38.7942,305.393,34.9923],"pipPosition":[-36.4839,289.034,-5.87657],"stabilizedTipPosition":[-34.0514,207.48,138.699],"timeVisible":1.40987,"tipPosition":[-7.75217,262.5,-17.8233],"tipVelocity":[6.54029,1.05937,-108.266],"tool":false,"touchDistance":-0.467893,"touchZone":"touching","type":3,"width":17.8352},{"bases":[[[-0.436593,-0.862904,0.254525],[-0.624404,0.494314,0.604792],[0.647693,-0.105122,0.754614]],[[-0.43874,-0.86255,0.25202],[-0.897692,0.408,-0.166386],[-0.0406924,0.299237,0.953311]],[[-0.43874,-0.86255,0.25202],[-0.60665,0.0774047,-0.791192],[-0.662935,0.500015,0.557227]],[[-0.43874,-0.86255,0.25202],[-0.254069,-0.149942,-0.955493],[-0.861949,0.483243,0.153362]]],"btipPosition":[-19.1846,260.2,-2.94362],"carpPosition":[-11.0012,282.493,86.846],"dipPosition":[-33.8431,268.419,-0.335509],"direction":[0.662935,-0.500015,-0.557227],"extended":false,"handId":857,"id":8574,"length":49.8351,"mcpPosition":[-48.0555,288.507,43.6748],"pipPosition":[-46.6359,278.067,10.4174],"stabilizedTipPosition":[-52.3964,209.598,144.636],"timeVisible":1.40987,"tipPosition":[-21.7443,261.881,-1.25193],"tipVelocity":[10.5639,13.6781,-112.457],"tool":false,"touchDistance":-0.451887,"touchZone":"touching","type":4,"width":15.8426}],"r":[[0.807376,-0.529567,0.260195],[0.580931,0.790625,-0.193472],[-0.10326,0.30736,0.945974]],"s":0.800817,"t":[101.934,117.639,-169.988],"timestamp":607061518461},false],[1,{"currentFrameRate":108.035,"devices":[],"gestures":[],"hands":[{"armBasis":[[-0.863213,-0.491558,0.11504],[-0.315386,0.703017,0.637416],[0.394202,-0.513944,0.761884]],"armWidth":62.8676,"confidence":0.733788,"direction":[-0.502773,0.345012,-0.792582],"elbow":[111.208,149.985,291.534],"grabStrength":0,"id":857,"palmNormal":[0.369727,-0.742964,-0.557949],"palmPosition":[-13.1374,306.422,42.1216],"palmVelocity":[26.1066,-2.01348,-68.5346],"palmWidth":89.7729,"pinchStrength":1,"r":[[0.806936,-0.529253,0.262196],[0.581185,0.790604,-0.192793],[-0.105257,0.307956,0.94556]],"s":0.801892,"sphereCenter":[0.608252,286.576,-0.789114],"sphereRadius":47.5893,"stabilizedPalmPosition":[-50.1463,259.874,156.714],"t":[102.179,117.588,-170.526],"timeVisible":1.41903,"type":"left","wrist":[6.19691,286.894,88.5766]}],"id":4436767,"interactionBox":{"center":[0,200,0],"size":[235.247,235.247,147.751]},"pointables":[{"bases":[[[-0.743218,0.501051,0.443369],[0.6597,0.659216,0.360874],[0.111459,-0.560698,0.820484]],[[-0.72569,0.683603,0.0778561],[0.680852,0.729809,-0.0617996],[0.0990665,-0.00816116,0.995047]],[[-0.72569,0.683603,0.0778561],[0.504648,0.605774,-0.615117],[0.467659,0.407094,0.784583]],[[-0.72569,0.683603,0.0778561],[0.44786,0.555248,-0.700801],[0.522299,0.473695,0.709096]]],"btipPosition":[1.14009,269.714,-13.3837],"carpPosition":[33.8111,293.945,78.3886],"dipPosition":[13.2002,280.652,2.98968],"direction":[-0.467659,-0.407094,-0.784583],"extended":false,"handId":857,"id":8570,"length":51.4192,"mcpPosition":[33.8111,293.945,78.3886],"pipPosition":[28.9321,294.347,29.3827],"stabilizedTipPosition":[-43.2345,230.455,92.5808],"timeVisible":1.41903,"tipPosition":[3.78001,271.248,-9.0278],"tipVelocity":[42.8204,24.6746,-73.8752],"tool":false,"touchDistance":-0.426819,"touchZone":"touching","type":0,"width":19.9791},{"bases":[[[-0.854683,-0.50749,0.109414],[-0.419698,0.799482,0.429746],[0.305567,-0.321376,0.896296]],[[-0.818188,-0.538216,0.202217],[-0.426579,0.804072,0.414123],[0.385485,-0.252569,0.887474]],[[-0.818188,-0.538216,0.202217],[-0.481656,0.833694,0.270114],[0.313967,-0.123605,0.941354]],[[-0.818188,-0.538216,0.202217],[-0.517078,0.842602,0.150506],[0.251393,-0.0185803,0.967707]]],"btipPosition":[-35.0916,344.65,-58.695],"carpPosition":[15.1528,307.356,82.7423],"dipPosition":[-30.8539,344.337,-42.3823],"direction":[-0.313967,0.123605,-0.941354],"extended":true,"handId":857,"id":8571,"length":58.0209,"mcpPosition":[-7.02689,330.683,17.6842],"pipPosition":[-23.3667,341.389,-19.9338],"stabilizedTipPosition":[-39.9578,336.959,-39.7505],"timeVisible":1.41903,"tipPosition":[-33.3886,343.263,-55.2859],"tipVelocity":[28.123,20.6368,-65.017],"tool":false,"touchDistance":-0.410901,"touchZone":"touching","type":1,"width":19.0841},{"bases":[[[-0.721387,-0.67505,0.154626],[-0.55134,0.694926,0.461631],[0.419077,-0.247763,0.873492]],[[-0.711813,-0.680433,0.174164],[-0.685008,0.617745,-0.386206],[-0.155198,0.39421,0.905821]],[[-0.711813,-0.680433,0.174164],[-0.345266,0.123043,-0.930404],[-0.611648,0.722407,0.322514]],[[-0.711813,-0.680433,0.174164],[-0.0280443,-0.220235,-0.975044],[-0.701809,0.698933,-0.137684]]],"btipPosition":[12.7047,267.868,-25.4411],"carpPosition":[3.99883,302.787,84.2581],"dipPosition":[-0.307289,280.827,-27.9939],"direction":[0.611648,-0.722407,-0.322514],"extended":false,"handId":857,"id":8572,"length":66.1101,"mcpPosition":[-24.8482,319.841,24.1315],"pipPosition":[-17.4677,301.095,-18.9454],"stabilizedTipPosition":[-24.9621,217.477,121.356],"timeVisible":1.41903,"tipPosition":[10.3651,270.56,-24.5292],"tipVelocity":[21.021,4.53536,-106.265],"tool":false,"touchDistance":-0.467685,"touchZone":"touching","type":2,"width":18.7431},{"bases":[[[-0.608225,-0.754605,0.24624],[-0.58783,0.636668,0.499108],[0.533403,-0.158823,0.830817]],[[-0.589083,-0.759725,0.275315],[-0.806777,0.533667,-0.253596],[-0.0457365,0.371507,0.927303]],[[-0.589083,-0.759725,0.275315],[-0.537438,0.113922,-0.835573],[-0.603442,0.640187,0.475414]],[[-0.589083,-0.759725,0.275315],[-0.211449,-0.183912,-0.95993],[-0.779917,0.623694,0.0523036]]],"btipPosition":[-5.61025,259.907,-20.3554],"carpPosition":[-5.53098,295.463,85.8261],"dipPosition":[-19.9873,271.404,-19.3912],"direction":[0.603442,-0.640187,-0.475414],"extended":false,"handId":857,"id":8573,"length":63.5667,"mcpPosition":[-38.4964,305.278,34.4799],"pipPosition":[-36.4802,288.901,-6.39744],"stabilizedTipPosition":[-34.0513,207.48,138.698],"timeVisible":1.41903,"tipPosition":[-7.88231,262.383,-18.7707],"tipVelocity":[-1.12173,-2.49205,-108.593],"tool":false,"touchDistance":-0.464466,"touchZone":"touching","type":3,"width":17.8352},{"bases":[[[-0.436858,-0.862669,0.254868],[-0.625826,0.494999,0.602758],[0.64614,-0.103817,0.756125]],[[-0.447896,-0.860758,0.241838],[-0.893428,0.42051,-0.157981],[-0.0342886,0.286824,0.957369]],[[-0.447896,-0.860758,0.241838],[-0.613109,0.0988177,-0.783794],[-0.650759,0.499331,0.571998]],[[-0.447896,-0.860758,0.241838],[-0.266584,-0.129615,-0.955057],[-0.853418,0.492236,0.17141]]],"btipPosition":[-19.5032,260.389,-4.18441],"carpPosition":[-10.8052,282.463,86.4251],"dipPosition":[-34.0166,268.76,-1.26937],"direction":[0.650759,-0.499331,-0.571998],"extended":false,"handId":857,"id":8574,"length":49.8351,"mcpPosition":[-47.7706,288.402,43.1676],"pipPosition":[-46.5744,278.396,9.76858],"stabilizedTipPosition":[-52.3956,209.6,144.632],"timeVisible":1.41903,"tipPosition":[-21.9257,262.051,-2.32879],"tipVelocity":[-1.05753,16.6789,-116.737],"tool":false,"touchDistance":-0.452584,"touchZone":"touching","type":4,"width":15.8426}],"r":[[0.806936,-0.529253,0.262196],[0.581185,0.790604,-0.192793],[-0.105257,0.307956,0.94556]],"s":0.801892,"t":[102.179,117.588,-170.526],"timestamp":607061527616},false],[2,{"currentFrameRate":108.204,"devices":[],"gestures":[],"hands":[{"armBasis":[[-0.863459,-0.491372,0.113985],[-0.315846,0.702867,0.637353],[0.393294,-0.514327,0.762095]],"armWidth":62.8676,"confidence":0.737697,"direction":[-0.501966,0.341127,-0.794772],"elbow":[111.182,150.074,291.118],"grabStrength":0,"id":857,"palmNormal":[0.372367,-0.744162,-0.554586],"palmPosition":[-12.8728,306.407,41.544],"palmVelocity":[27.0618,-1.93018,-67.4735],"palmWidth":89.7729,"pinchStrength":1,"r":[[0.806701,-0.528472,0.264483],[0.581128,0.790696,-0.192588],[-0.107348,0.30906,0.944965]],"s":0.802722,"sphereCenter":[0.975952,286.228,-1.34302],"sphereRadius":47.7527,"stabilizedPalmPosition":[-50.1393,259.883,156.692],"t":[102.434,117.555,-171.084],"timeVisible":1.42796,"type":"left","wrist":[6.41276,287.085,88.1053]}],"id":4436768,"interactionBox":{"center":[0,200,0],"size":[235.247,235.247,147.751]},"pointables":[{"bases":[[[-0.745125,0.501055,0.44015],[0.657613,0.661887,0.359792],[0.111054,-0.557538,0.82269]],[[-0.727444,0.682075,0.0748206],[0.679191,0.731264,-0.0628692],[0.0975952,-0.00508365,0.995213]],[[-0.727444,0.682075,0.0748206],[0.503926,0.605062,-0.616408],[0.465708,0.410699,0.783864]],[[-0.727444,0.682075,0.0748206],[0.447918,0.554636,-0.701248],[0.519802,0.476605,0.70898]]],"btipPosition":[1.55639,269.587,-13.8082],"carpPosition":[34.0316,294.158,77.9454],"dipPosition":[13.5589,280.592,2.5625],"direction":[-0.465708,-0.410699,-0.783864],"extended":false,"handId":857,"id":8570,"length":51.4192,"mcpPosition":[34.0316,294.158,77.9454],"pipPosition":[29.2251,294.408,28.9313],"stabilizedTipPosition":[-43.0707,230.599,92.2272],"timeVisible":1.42796,"tipPosition":[4.20149,271.153,-9.46942],"tipVelocity":[43.4435,14.5342,-66.6974],"tool":false,"touchDistance":-0.418848,"touchZone":"touching","type":0,"width":19.9791},{"bases":[[[-0.853823,-0.508901,0.109577],[-0.422209,0.800118,0.426087],[0.30451,-0.317538,0.898022]],[[-0.817297,-0.539317,0.202887],[-0.428373,0.804181,0.412055],[0.385386,-0.24986,0.888283]],[[-0.817297,-0.539317,0.202887],[-0.483323,0.833342,0.268215],[0.313727,-0.121151,0.941753]],[[-0.817297,-0.539317,0.202887],[-0.518664,0.841945,0.148718],[0.251026,-0.0163164,0.967843]]],"btipPosition":[-34.8149,344.349,-59.3933],"carpPosition":[15.3368,307.545,82.2154],"dipPosition":[-30.5833,344.074,-43.0783],"direction":[-0.313727,0.121151,-0.941752],"extended":true,"handId":857,"id":8571,"length":58.0209,"mcpPosition":[-6.76621,330.594,17.032],"pipPosition":[-23.1019,341.185,-20.6203],"stabilizedTipPosition":[-39.8598,337.077,-40.0051],"timeVisible":1.42796,"tipPosition":[-33.1172,343.008,-55.9772],"tipVelocity":[28.8568,6.07776,-68.5828],"tool":false,"touchDistance":-0.408611,"touchZone":"touching","type":1,"width":19.0841},{"bases":[[[-0.720262,-0.676017,0.155642],[-0.553692,0.695398,0.45809],[0.41791,-0.243767,0.875174]],[[-0.710394,-0.681479,0.175861],[-0.686382,0.615579,-0.387224],[-0.155629,0.395789,0.905058]],[[-0.710394,-0.681479,0.175861],[-0.347324,0.12213,-0.929758],[-0.612133,0.721575,0.323455]],[[-0.710394,-0.681479,0.175861],[-0.0301881,-0.220137,-0.975002],[-0.703157,0.697944,-0.135812]]],"btipPosition":[13.0349,267.73,-26.1138],"carpPosition":[4.18958,302.958,83.726],"dipPosition":[-0.00210452,280.671,-28.6319],"direction":[0.612133,-0.721575,-0.323455],"extended":false,"handId":857,"id":8572,"length":66.1101,"mcpPosition":[-24.5771,319.737,23.4836],"pipPosition":[-17.1761,300.915,-19.557],"stabilizedTipPosition":[-24.9613,217.478,121.353],"timeVisible":1.42796,"tipPosition":[10.6823,270.426,-25.2251],"tipVelocity":[25.1925,-1.03195,-97.5655],"tool":false,"touchDistance":-0.459221,"touchZone":"touching","type":2,"width":18.7431},{"bases":[[[-0.60711,-0.755007,0.247756],[-0.590132,0.637198,0.495705],[0.53213,-0.154739,0.832402]],[[-0.583595,-0.760978,0.283424],[-0.811334,0.531821,-0.2427],[-0.0339581,0.371591,0.927775]],[[-0.583595,-0.760978,0.283424],[-0.555054,0.119054,-0.823251],[-0.592733,0.637761,0.491863]],[[-0.583595,-0.760978,0.283424],[-0.234536,-0.176196,-0.956006],[-0.777438,0.624394,0.075649]]],"btipPosition":[-6.18603,259.861,-21.8784],"carpPosition":[-5.3278,295.619,85.3018],"dipPosition":[-20.5174,271.371,-20.4839],"direction":[0.592732,-0.637761,-0.491863],"extended":false,"handId":857,"id":8573,"length":63.5667,"mcpPosition":[-38.2145,305.182,33.8575],"pipPosition":[-36.7176,288.802,-7.04061],"stabilizedTipPosition":[-34.0512,207.48,138.698],"timeVisible":1.42796,"tipPosition":[-8.32481,262.31,-20.0752],"tipVelocity":[-18.0801,-3.13504,-122.45],"tool":false,"touchDistance":-0.467714,"touchZone":"touching","type":3,"width":17.8352},{"bases":[[[-0.435533,-0.862677,0.257099],[-0.628029,0.495819,0.599786],[0.644896,-0.0997608,0.757732]],[[-0.453327,-0.859563,0.235892],[-0.890826,0.427889,-0.152774],[-0.0303837,0.279396,0.959695]],[[-0.453327,-0.859563,0.235892],[-0.618043,0.112425,-0.778064],[-0.642275,0.498509,0.582212]],[[-0.453327,-0.859563,0.235892],[-0.276025,-0.116261,-0.954093],[-0.847528,0.497629,0.184557]]],"btipPosition":[-19.6026,260.488,-5.26636],"carpPosition":[-10.5758,282.61,85.9369],"dipPosition":[-34.0159,268.951,-2.12774],"direction":[0.642275,-0.498509,-0.582212],"extended":false,"handId":857,"id":8574,"length":49.8351,"mcpPosition":[-47.47,288.318,42.5874],"pipPosition":[-46.41,278.57,9.10731],"stabilizedTipPosition":[-52.395,209.601,144.629],"timeVisible":1.42796,"tipPosition":[-21.9521,262.133,-3.31764],"tipVelocity":[-3.10377,15.7877,-116.351],"tool":false,"touchDistance":-0.451117,"touchZone":"touching","type":4,"width":15.8426}],"r":[[0.806701,-0.528472,0.264483],[0.581128,0.790696,-0.192588],[-0.107348,0.30906,0.944965]],"s":0.802722,"t":[102.434,117.555,-171.084],"timestamp":607061536552},false],[3,{"currentFrameRate":103.661,"devices":[],"gestures":[],"hands":[{"armBasis":[[-0.864093,-0.49057,0.112624],[-0.316295,0.703288,0.636667],[0.391536,-0.514517,0.762871]],"armWidth":62.8676,"confidence":0.745682,"direction":[-0.499834,0.338504,-0.797233],"elbow":[110.984,150.064,290.424],"grabStrength":0,"id":857,"palmNormal":[0.374312,-0.745643,-0.551278],"palmPosition":[-12.4771,306.299,40.53],"palmVelocity":[24.6398,-3.85587,-62.1536],"palmWidth":89.7729,"pinchStrength":1,"r":[[0.806406,-0.527609,0.267093],[0.581119,0.790708,-0.192564],[-0.109594,0.310498,0.944235]],"s":0.803608,"sphereCenter":[1.35248,285.484,-2.34525],"sphereRadius":48.0111,"stabilizedPalmPosition":[-50.1245,259.901,156.647],"t":[102.759,117.485,-171.87],"timeVisible":1.44599,"type":"left","wrist":[6.68329,287.126,87.2045]}],"id":4436769,"interactionBox":{"center":[0,200,0],"size":[235.247,235.247,147.751]},"pointables":[{"bases":[[[-0.746626,0.502016,0.436498],[0.656263,0.663276,0.359698],[0.108945,-0.555018,0.824674]],[[-0.728389,0.681304,0.0726226],[0.678647,0.731981,-0.0603465],[0.0942727,-0.00532935,0.995532]],[[-0.728389,0.681304,0.0726226],[0.505304,0.60574,-0.614611],[0.462727,0.41098,0.78548]],[[-0.728389,0.681304,0.0726226],[0.450809,0.556368,-0.698016],[0.515966,0.475688,0.71239]]],"btipPosition":[2.20524,269.635,-14.7995],"carpPosition":[34.328,294.181,77.103],"dipPosition":[14.1192,280.619,1.64996],"direction":[-0.462727,-0.41098,-0.78548],"extended":false,"handId":857,"id":8570,"length":51.4192,"mcpPosition":[34.328,294.181,77.103],"pipPosition":[29.6851,294.444,28.0731],"stabilizedTipPosition":[-42.7038,230.916,91.4384],"timeVisible":1.44599,"tipPosition":[4.8138,271.178,-10.4499],"tipVelocity":[39.3771,8.75987,-60.6725],"tool":false,"touchDistance":-0.419894,"touchZone":"touching","type":0,"width":19.9791},{"bases":[[[-0.853896,-0.508978,0.108642],[-0.42381,0.80119,0.422469],[0.30207,-0.314701,0.899843]],[[-0.817451,-0.539213,0.202541],[-0.429139,0.804685,0.41027],[0.384204,-0.248457,0.889188]],[[-0.817451,-0.539213,0.202541],[-0.48377,0.833574,0.266685],[0.312633,-0.120019,0.942261]],[[-0.817451,-0.539213,0.202541],[-0.518914,0.84203,0.147358],[0.250003,-0.0153567,0.968123]]],"btipPosition":[-34.2665,344.068,-60.5172],"carpPosition":[15.6147,307.573,81.2789],"dipPosition":[-30.0522,343.809,-44.1974],"direction":[-0.312633,0.120019,-0.942261],"extended":true,"handId":857,"id":8571,"length":58.0209,"mcpPosition":[-6.31125,330.415,15.9634],"pipPosition":[-22.5968,340.947,-21.7273],"stabilizedTipPosition":[-39.7114,337.233,-40.3841],"timeVisible":1.44599,"tipPosition":[-32.5808,342.774,-57.0933],"tipVelocity":[29.4965,-4.10629,-65.6003],"tool":false,"touchDistance":-0.412924,"touchZone":"touching","type":1,"width":19.0841},{"bases":[[[-0.72039,-0.675891,0.155592],[-0.555335,0.696503,0.454407],[0.415501,-0.240945,0.8771]],[[-0.71027,-0.681449,0.176478],[-0.686343,0.614719,-0.388656],[-0.156364,0.397175,0.904324]],[[-0.71027,-0.681449,0.176478],[-0.348143,0.122163,-0.929447],[-0.611811,0.721598,0.324011]],[[-0.71027,-0.681449,0.176478],[-0.0315736,-0.219612,-0.975076],[-0.703221,0.698139,-0.134468]]],"btipPosition":[13.5036,267.493,-27.2069],"carpPosition":[4.46529,302.984,82.7711],"dipPosition":[0.465398,280.436,-29.7],"direction":[0.611811,-0.721598,-0.32401],"extended":false,"handId":857,"id":8572,"length":66.1101,"mcpPosition":[-24.1356,319.57,22.3962],"pipPosition":[-16.6996,300.682,-20.6096],"stabilizedTipPosition":[-24.9591,217.482,121.344],"timeVisible":1.44599,"tipPosition":[11.1365,270.197,-26.355],"tipVelocity":[25.5702,-6.78061,-79.9057],"tool":false,"touchDistance":-0.457942,"touchZone":"touching","type":2,"width":18.7431},{"bases":[[[-0.607467,-0.754551,0.248268],[-0.591857,0.638398,0.492091],[0.529802,-0.15199,0.834392]],[[-0.57611,-0.76202,0.295672],[-0.81728,0.531607,-0.222368],[-0.0122679,0.369755,0.929048]],[[-0.57611,-0.76202,0.295672],[-0.583952,0.130607,-0.801213],[-0.571924,0.634245,0.520227]],[[-0.57611,-0.76202,0.295672],[-0.273694,-0.161008,-0.948245],[-0.770187,0.627217,0.115802]]],"btipPosition":[-7.42603,259.843,-24.5332],"carpPosition":[-5.05315,295.646,84.3415],"dipPosition":[-21.6237,271.405,-22.3985],"direction":[0.571924,-0.634245,-0.520227],"extended":false,"handId":857,"id":8573,"length":63.5667,"mcpPosition":[-37.796,305.039,32.7743],"pipPosition":[-37.2552,288.74,-8.1799],"stabilizedTipPosition":[-34.0508,207.481,138.695],"timeVisible":1.44599,"tipPosition":[-9.33989,262.259,-22.4118],"tipVelocity":[-41.3224,-1.81132,-129.749],"tool":false,"touchDistance":-0.486543,"touchZone":"touching","type":3,"width":17.8352},{"bases":[[[-0.435867,-0.862111,0.258428],[-0.629987,0.497314,0.596486],[0.642757,-0.097182,0.759881]],[[-0.462113,-0.857346,0.226735],[-0.886515,0.43988,-0.143517],[-0.0233074,0.267325,0.963324]],[[-0.462113,-0.857346,0.226735],[-0.626045,0.134299,-0.768135],[-0.628107,0.496912,0.598799]],[[-0.462113,-0.857346,0.226735],[-0.291573,-0.0945719,-0.951862],[-0.837518,0.505978,0.206276]]],"btipPosition":[-19.8918,260.676,-7.14177],"carpPosition":[-10.2968,282.636,85.0006],"dipPosition":[-34.1348,269.281,-3.63379],"direction":[0.628107,-0.496912,-0.598799],"extended":false,"handId":857,"id":8574,"length":49.8351,"mcpPosition":[-47.0686,288.196,41.5281],"pipPosition":[-46.2555,278.87,7.92133],"stabilizedTipPosition":[-52.3943,209.602,144.626],"timeVisible":1.44599,"tipPosition":[-22.1224,262.295,-5.0394],"tipVelocity":[-8.20988,14.1229,-108.283],"tool":false,"touchDistance":-0.461196,"touchZone":"touching","type":4,"width":15.8426}],"r":[[0.806406,-0.527609,0.267093],[0.581119,0.790708,-0.192564],[-0.109594,0.310498,0.944235]],"s":0.803608,"t":[102.759,117.485,-171.87],"timestamp":607061554576},false],[4,{"currentFrameRate":103.756,"devices":[],"gestures":[],"hands":[{"armBasis":[[-0.86434,-0.490281,0.111988],[-0.316489,0.703344,0.636508],[0.390833,-0.514716,0.763097]],"armWidth":62.8676,"confidence":0.748764,"direction":[-0.498817,0.337243,-0.798404],"elbow":[110.944,150.045,290.014],"grabStrength":0,"id":857,"palmNormal":[0.375326,-0.746284,-0.549719],"palmPosition":[-12.2706,306.262,40.0058],"palmVelocity":[23.8372,-3.88024,-60.2245],"palmWidth":89.7729,"pinchStrength":1,"r":[[0.806122,-0.52679,0.269552],[0.581115,0.790703,-0.192599],[-0.111676,0.3119,0.943529]],"s":0.804375,"sphereCenter":[1.54489,285.145,-2.85237],"sphereRadius":48.1197,"stabilizedPalmPosition":[-50.1166,259.911,156.622],"t":[103.025,117.431,-172.525],"timeVisible":1.45545,"type":"left","wrist":[6.83011,287.159,86.7337]}],"id":4436770,"interactionBox":{"center":[0,200,0],"size":[235.247,235.247,147.751]},"pointables":[{"bases":[[[-0.7474,0.502379,0.434751],[0.655545,0.663982,0.359707],[0.107958,-0.553844,0.825592]],[[-0.728969,0.680761,0.0718879],[0.678251,0.732481,-0.0587069],[0.0926219,-0.00596252,0.995684]],[[-0.728969,0.680761,0.0718879],[0.505753,0.606366,-0.613623],[0.461321,0.410955,0.78632]],[[-0.728969,0.680761,0.0718879],[0.452211,0.557733,-0.696017],[0.513915,0.474866,0.714418]]],"btipPosition":[2.53998,269.714,-15.3236],"carpPosition":[34.4868,294.21,76.6614],"dipPosition":[14.4066,280.679,1.17272],"direction":[-0.461321,-0.410955,-0.78632],"extended":false,"handId":857,"id":8570,"length":51.4192,"mcpPosition":[34.4868,294.21,76.6614],"pipPosition":[29.9252,294.503,27.6241],"stabilizedTipPosition":[-42.505,231.087,91.0117],"timeVisible":1.45545,"tipPosition":[5.13118,271.241,-10.9685],"tipVelocity":[37.9052,8.5166,-58.8375],"tool":false,"touchDistance":-0.413937,"touchZone":"touching","type":0,"width":19.9791},{"bases":[[[-0.853887,-0.5091,0.108142],[-0.42466,0.801637,0.420764],[0.300901,-0.313361,0.900701]],[[-0.817507,-0.539232,0.202265],[-0.429691,0.80493,0.409211],[0.383469,-0.247621,0.889739]],[[-0.817507,-0.539232,0.202265],[-0.484152,0.833666,0.265701],[0.311896,-0.119286,0.942598]],[[-0.817507,-0.539232,0.202265],[-0.519179,0.842029,0.146426],[0.24927,-0.0146922,0.968322]]],"btipPosition":[-33.9719,343.934,-61.1007],"carpPosition":[15.7634,307.601,80.7925],"dipPosition":[-29.7699,343.687,-44.7776],"direction":[-0.311896,0.119286,-0.942598],"extended":true,"handId":857,"id":8571,"length":58.0209,"mcpPosition":[-6.07772,330.346,15.4146],"pipPosition":[-22.3321,340.842,-22.2994],"stabilizedTipPosition":[-39.6426,337.302,-40.5582],"timeVisible":1.45545,"tipPosition":[-32.2956,342.664,-57.6713],"tipVelocity":[29.8834,-6.89068,-64.4565],"tool":false,"touchDistance":-0.408706,"touchZone":"touching","type":1,"width":19.0841},{"bases":[[[-0.720394,-0.675906,0.15551],[-0.556197,0.696952,0.452662],[0.41434,-0.2396,0.878017]],[[-0.710178,-0.681495,0.176669],[-0.686306,0.614214,-0.389519],[-0.156943,0.397877,0.903915]],[[-0.710178,-0.681495,0.176669],[-0.348245,0.121957,-0.929436],[-0.611861,0.721589,0.323938]],[[-0.710178,-0.681495,0.176669],[-0.0318453,-0.219589,-0.975073],[-0.703302,0.698101,-0.134245]]],"btipPosition":[13.7619,267.394,-27.7485],"carpPosition":[4.61333,303.011,82.2753],"dipPosition":[0.722236,280.337,-30.2375],"direction":[0.611861,-0.721589,-0.323938],"extended":false,"handId":857,"id":8572,"length":66.1101,"mcpPosition":[-23.9077,319.504,21.8372],"pipPosition":[-16.4441,300.582,-21.149],"stabilizedTipPosition":[-24.9577,217.484,121.338],"timeVisible":1.45545,"tipPosition":[11.3862,270.102,-26.9178],"tipVelocity":[26.0582,-7.82437,-73.3911],"tool":false,"touchDistance":-0.448591,"touchZone":"touching","type":2,"width":18.7431},{"bases":[[[-0.607576,-0.754401,0.248454],[-0.592753,0.638888,0.490374],[0.528673,-0.150668,0.835347]],[[-0.573189,-0.762372,0.300405],[-0.819413,0.531496,-0.214649],[-0.00397848,0.36919,0.929345]],[[-0.573189,-0.762372,0.300405],[-0.594607,0.13472,-0.792649],[-0.563823,0.632961,0.530532]],[[-0.573189,-0.762372,0.300405],[-0.288203,-0.155619,-0.94484],[-0.767068,0.628149,0.130518]]],"btipPosition":[-7.85243,259.829,-25.6573],"carpPosition":[-4.90499,295.671,83.8424],"dipPosition":[-21.9926,271.409,-23.2513],"direction":[0.563823,-0.632961,-0.530532],"extended":false,"handId":857,"id":8573,"length":63.5667,"mcpPosition":[-37.5781,304.983,32.2162],"pipPosition":[-37.4027,288.708,-8.75112],"stabilizedTipPosition":[-34.0505,207.482,138.693],"timeVisible":1.45545,"tipPosition":[-9.7096,262.241,-23.4741],"tipVelocity":[-41.9976,-1.57392,-124.738],"tool":false,"touchDistance":-0.482149,"touchZone":"touching","type":3,"width":17.8352},{"bases":[[[-0.435957,-0.861892,0.259004],[-0.630986,0.497935,0.59491],[0.641715,-0.0959271,0.76092]],[[-0.46549,-0.856463,0.223136],[-0.884814,0.444475,-0.139804],[-0.0205583,0.262511,0.96471]],[[-0.46549,-0.856463,0.223136],[-0.629938,0.143516,-0.76327],[-0.621689,0.495856,0.606324]],[[-0.46549,-0.856463,0.223136],[-0.299326,-0.0849164,-0.950365],[-0.832901,0.509176,0.216834]]],"btipPosition":[-19.9792,260.763,-8.06281],"carpPosition":[-10.1455,282.661,84.512],"dipPosition":[-34.1437,269.423,-4.37528],"direction":[0.621689,-0.495856,-0.606324],"extended":false,"handId":857,"id":8574,"length":49.8351,"mcpPosition":[-46.8577,288.149,40.9801],"pipPosition":[-46.1405,278.991,7.32506],"stabilizedTipPosition":[-52.3941,209.603,144.624],"timeVisible":1.45545,"tipPosition":[-22.1719,262.375,-5.90044],"tipVelocity":[-7.95647,13.0907,-103.908],"tool":false,"touchDistance":-0.456605,"touchZone":"touching","type":4,"width":15.8426}],"r":[[0.806122,-0.52679,0.269552],[0.581115,0.790703,-0.192599],[-0.111676,0.3119,0.943529]],"s":0.804375,"t":[103.025,117.431,-172.525],"timestamp":607061564035},false],[5,{"currentFrameRate":104.281,"devices":[],"gestures":[],"hands":[{"armBasis":[[-0.864594,-0.490224,0.110258],[-0.317211,0.702696,0.636863],[0.389684,-0.515653,0.763052]],"armWidth":62.8676,"confidence":0.749749,"direction":[-0.498097,0.335735,-0.799488],"elbow":[110.775,149.819,289.526],"grabStrength":0,"id":857,"palmNormal":[0.377126,-0.74636,-0.548382],"palmPosition":[-12.0901,306.211,39.4815],"palmVelocity":[23.0807,-4.42154,-60.4109],"palmWidth":89.7729,"pinchStrength":1,"r":[[0.805953,-0.52586,0.271865],[0.580958,0.790812,-0.192624],[-0.113701,0.313188,0.94286]],"s":0.804677,"sphereCenter":[1.78251,284.767,-3.43383],"sphereRadius":48.3234,"stabilizedPalmPosition":[-50.1094,259.919,156.6],"t":[103.248,117.379,-173.114],"timeVisible":1.46405,"type":"left","wrist":[6.96761,287.183,86.2574]}],"id":4436771,"interactionBox":{"center":[0,200,0],"size":[235.247,235.247,147.751]},"pointables":[{"bases":[[[-0.748705,0.501838,0.433127],[0.654131,0.665236,0.359965],[0.107488,-0.552829,0.826333]],[[-0.730282,0.679392,0.0715183],[0.677066,0.733742,-0.0566164],[0.0909407,-0.0070766,0.995831]],[[-0.730282,0.679392,0.0715183],[0.505386,0.607727,-0.612578],[0.459644,0.411211,0.787168]],[[-0.730282,0.679392,0.0715183],[0.453094,0.560045,-0.693581],[0.511267,0.474105,0.71682]]],"btipPosition":[2.88314,269.828,-15.8581],"carpPosition":[34.6296,294.26,76.2182],"dipPosition":[14.6886,280.775,0.693684],"direction":[-0.459644,-0.411211,-0.787168],"extended":false,"handId":857,"id":8570,"length":51.4192,"mcpPosition":[34.6296,294.26,76.2182],"pipPosition":[30.1508,294.608,27.1736],"stabilizedTipPosition":[-42.3195,231.246,90.6142],"timeVisible":1.46405,"tipPosition":[5.45884,271.344,-11.5021],"tipVelocity":[37.995,9.64033,-59.3119],"tool":false,"touchDistance":-0.408703,"touchZone":"touching","type":0,"width":19.9791},{"bases":[[[-0.853364,-0.510126,0.107429],[-0.426345,0.801512,0.419296],[0.3,-0.31201,0.901471]],[[-0.81704,-0.540138,0.201735],[-0.430895,0.804483,0.408822],[0.383113,-0.247098,0.890038]],[[-0.81704,-0.540138,0.201735],[-0.485305,0.83315,0.265216],[0.311329,-0.118789,0.942849]],[[-0.81704,-0.540138,0.201735],[-0.520277,0.841457,0.145817],[0.248512,-0.0141801,0.968525]]],"btipPosition":[-33.7461,343.823,-61.6633],"carpPosition":[15.8823,307.63,80.3077],"dipPosition":[-29.5569,343.584,-45.3368],"direction":[-0.311329,0.118789,-0.942849],"extended":true,"handId":857,"id":8571,"length":58.0209,"mcpPosition":[-5.89337,330.277,14.874],"pipPosition":[-22.1326,340.751,-22.8526],"stabilizedTipPosition":[-39.5868,337.354,-40.6992],"timeVisible":1.46405,"tipPosition":[-32.0814,342.58,-58.2291],"tipVelocity":[28.8294,-8.42797,-64.6786],"tool":false,"touchDistance":-0.404597,"touchZone":"touching","type":1,"width":19.0841},{"bases":[[[-0.719718,-0.676704,0.155169],[-0.557788,0.696685,0.451112],[0.413373,-0.238122,0.878875]],[[-0.708638,-0.682712,0.178149],[-0.689929,0.617602,-0.377579],[-0.147752,0.390477,0.908679]],[[-0.708638,-0.682712,0.178149],[-0.363416,0.136749,-0.921536],[-0.604782,0.717777,0.345014]],[[-0.708638,-0.682712,0.178149],[-0.0503982,-0.202866,-0.977909],[-0.70377,0.701961,-0.109351]]],"btipPosition":[13.3243,267.696,-29.5831],"carpPosition":[4.73622,303.027,81.7791],"dipPosition":[0.276004,280.71,-31.6106],"direction":[0.604782,-0.717777,-0.345014],"extended":false,"handId":857,"id":8572,"length":66.1101,"mcpPosition":[-23.7182,319.418,21.282],"pipPosition":[-16.6918,300.848,-21.9308],"stabilizedTipPosition":[-24.9568,217.485,121.334],"timeVisible":1.46405,"tipPosition":[11.0691,270.35,-28.4425],"tipVelocity":[5.67133,4.01106,-107.082],"tool":false,"touchDistance":-0.457992,"touchZone":"touching","type":2,"width":18.7431},{"bases":[[[-0.606933,-0.75495,0.248361],[-0.594322,0.638612,0.488832],[0.52765,-0.149082,0.836278]],[[-0.569085,-0.763437,0.305463],[-0.822272,0.529836,-0.207705],[0.00327532,0.369375,0.929275]],[[-0.569085,-0.763437,0.305463],[-0.604587,0.136694,-0.784723],[-0.557331,0.631252,0.539354]],[[-0.569085,-0.763437,0.305463],[-0.301225,-0.152105,-0.941343],[-0.765118,0.627717,0.143405]]],"btipPosition":[-8.19191,259.783,-26.6928],"carpPosition":[-4.77458,295.676,83.34],"dipPosition":[-22.2962,271.354,-24.0493],"direction":[0.557331,-0.631252,-0.539354],"extended":false,"handId":857,"id":8573,"length":63.5667,"mcpPosition":[-37.3844,304.89,31.6563],"pipPosition":[-37.5288,288.607,-9.30797],"stabilizedTipPosition":[-34.0501,207.483,138.69],"timeVisible":1.46405,"tipPosition":[-10.0208,262.2,-24.4885],"tipVelocity":[-41.0709,-2.64275,-121.897],"tool":false,"touchDistance":-0.47698,"touchZone":"touching","type":3,"width":17.8352},{"bases":[[[-0.435185,-0.862201,0.259275],[-0.63252,0.497718,0.59346],[0.640728,-0.0942684,0.761959]],[[-0.468702,-0.855954,0.218315],[-0.883191,0.449299,-0.134549],[-0.0170797,0.255877,0.966558]],[[-0.468702,-0.855954,0.218315],[-0.634996,0.154666,-0.756874],[-0.614084,0.493377,0.61602]],[[-0.468702,-0.855954,0.218315],[-0.308901,-0.072723,-0.94831],[-0.827586,0.511912,0.23032]]],"btipPosition":[-20.1344,260.9,-9.09953],"carpPosition":[-9.99867,282.66,84.0157],"dipPosition":[-34.2085,269.606,-5.18267],"direction":[0.614084,-0.493377,-0.61602],"extended":false,"handId":857,"id":8574,"length":49.8351,"mcpPosition":[-46.6544,288.053,40.4243],"pipPosition":[-46.0586,279.127,6.70477],"stabilizedTipPosition":[-52.3939,209.603,144.623],"timeVisible":1.46405,"tipPosition":[-22.2833,262.498,-6.86605],"tipVelocity":[-9.9819,14.1553,-106.668],"tool":false,"touchDistance":-0.454038,"touchZone":"touching","type":4,"width":15.8426}],"r":[[0.805953,-0.52586,0.271865],[0.580958,0.790812,-0.192624],[-0.113701,0.313188,0.94286]],"s":0.804677,"t":[103.248,117.379,-173.114],"timestamp":607061572640},false],[6,{"currentFrameRate":99.9059,"devices":[],"gestures":[],"hands":[{"armBasis":[[-0.863347,-0.494059,0.102653],[-0.324535,0.699418,0.636782],[0.386405,-0.516449,0.76418]],"armWidth":62.8676,"confidence":0.746811,"direction":[-0.497157,0.335099,-0.80034],"elbow":[110.148,149.39,288.446],"grabStrength":0,"id":857,"palmNormal":[0.38367,-0.742427,-0.54918],"palmPosition":[-11.7847,306.017,38.0873],"palmVelocity":[19.9758,-7.35628,-67.8489],"palmWidth":89.7729,"pinchStrength":1,"r":[[0.806246,-0.5243,0.274003],[0.580016,0.791717,-0.191744],[-0.116401,0.313519,0.942421]],"s":0.804446,"sphereCenter":[2.45905,284.437,-5.05246],"sphereRadius":48.6942,"stabilizedPalmPosition":[-50.0974,259.934,156.563],"t":[103.512,117.256,-174.106],"timeVisible":1.48242,"type":"left","wrist":[7.21455,286.966,84.8773]}],"id":4436772,"interactionBox":{"center":[0,200,0],"size":[235.247,235.247,147.751]},"pointables":[{"bases":[[[-0.753332,0.496007,0.43182],[0.64875,0.668104,0.364364],[0.107774,-0.55463,0.825088]],[[-0.735032,0.674132,0.0726245],[0.672335,0.738519,-0.050551],[0.0877126,-0.0116714,0.996077]],[[-0.735032,0.674132,0.0726245],[0.502876,0.61386,-0.608516],[0.454801,0.410757,0.790212]],[[-0.735032,0.674132,0.0726245],[0.452829,0.567794,-0.687427],[0.504652,0.472394,0.722614]]],"btipPosition":[3.59833,270.089,-17.3625],"carpPosition":[34.8701,294.24,74.9621],"dipPosition":[15.251,280.997,-0.676918],"direction":[-0.454801,-0.410757,-0.790212],"extended":false,"handId":857,"id":8570,"length":51.4192,"mcpPosition":[34.8701,294.24,74.9621],"pipPosition":[30.5503,294.814,25.9054],"stabilizedTipPosition":[-41.9611,231.551,89.8463],"timeVisible":1.48242,"tipPosition":[6.16081,271.601,-13.0021],"tipVelocity":[37.5235,11.5962,-69.3559],"tool":false,"touchDistance":-0.41827,"touchZone":"touching","type":0,"width":19.9791},{"bases":[[[-0.850649,-0.515596,0.102742],[-0.432744,0.797664,0.420076],[0.298543,-0.312877,0.901654]],[[-0.81451,-0.545658,0.197054],[-0.43645,0.800105,0.411514],[0.38221,-0.249178,0.889846]],[[-0.81451,-0.545658,0.197054],[-0.490617,0.829136,0.26801],[0.309626,-0.121619,0.943049]],[[-0.81451,-0.545658,0.197054],[-0.525337,0.837825,0.148558],[0.246158,-0.0174819,0.969072]]],"btipPosition":[-33.377,343.951,-62.9688],"carpPosition":[16.0271,307.484,79.0214],"dipPosition":[-29.2275,343.657,-46.6331],"direction":[-0.309626,0.121619,-0.943049],"extended":true,"handId":857,"id":8571,"length":58.0209,"mcpPosition":[-5.6428,330.194,13.5744],"pipPosition":[-21.8438,340.756,-24.1442],"stabilizedTipPosition":[-39.5078,337.426,-40.9034],"timeVisible":1.48242,"tipPosition":[-31.7312,342.73,-59.5313],"tipVelocity":[24.3893,-1.35616,-67.6883],"tool":false,"touchDistance":-0.412021,"touchZone":"touching","type":1,"width":19.0841},{"bases":[[[-0.716175,-0.681504,0.150486],[-0.563667,0.69195,0.451092],[0.41155,-0.238237,0.879699]],[[-0.703583,-0.688306,0.176654],[-0.698491,0.624149,-0.350069],[-0.130696,0.369694,0.919916]],[[-0.703583,-0.688306,0.176654],[-0.393809,0.170744,-0.903195],[-0.591512,0.70504,0.391193]],[[-0.703583,-0.688306,0.176654],[-0.0873536,-0.162933,-0.982762],[-0.705224,0.706886,-0.0545112]]],"btipPosition":[12.461,268.74,-33.8281],"carpPosition":[4.90379,302.809,80.4376],"dipPosition":[-0.614319,281.846,-34.8388],"direction":[0.591512,-0.70504,-0.391193],"extended":false,"handId":857,"id":8572,"length":66.1101,"mcpPosition":[-23.4251,319.208,19.8838],"pipPosition":[-17.2098,301.627,-23.8634],"stabilizedTipPosition":[-24.9553,217.488,121.327],"timeVisible":1.48242,"tipPosition":[10.4158,271.281,-32.1355],"tipVelocity":[-19.807,29.9649,-160.555],"tool":false,"touchDistance":-0.500693,"touchZone":"touching","type":2,"width":18.7431},{"bases":[[[-0.603263,-0.759345,0.243864],[-0.599988,0.633545,0.488504],[0.525442,-0.148381,0.837791]],[[-0.560623,-0.768576,0.308207],[-0.828032,0.523937,-0.199633],[0.00804827,0.367124,0.930137]],[[-0.560623,-0.768576,0.308207],[-0.615914,0.138247,-0.775589],[-0.55349,0.624642,0.550882]],[[-0.560623,-0.768576,0.308207],[-0.315048,-0.146239,-0.937742],[-0.765798,0.62282,0.160153]]],"btipPosition":[-8.15173,259.83,-28.8468],"carpPosition":[-4.56801,295.397,81.9413],"dipPosition":[-22.2685,271.311,-25.8946],"direction":[0.55349,-0.624642,-0.550882],"extended":false,"handId":857,"id":8573,"length":63.5667,"mcpPosition":[-37.0414,304.567,30.1641],"pipPosition":[-37.3962,288.383,-10.8382],"stabilizedTipPosition":[-34.0496,207.484,138.686],"timeVisible":1.48242,"tipPosition":[-9.98417,262.257,-26.6386],"tipVelocity":[-20.3513,-0.682429,-117.799],"tool":false,"touchDistance":-0.48886,"touchZone":"touching","type":3,"width":17.8352},{"bases":[[[-0.430911,-0.865586,0.255101],[-0.637718,0.492112,0.592572],[0.63846,-0.0926629,0.764056]],[[-0.469627,-0.858185,0.207289],[-0.882752,0.452685,-0.125795],[-0.0141183,0.242061,0.970158]],[[-0.469627,-0.858185,0.207289],[-0.641997,0.170781,-0.747445],[-0.606045,0.484099,0.631155]],[[-0.469627,-0.858185,0.207289],[-0.320976,-0.0527594,-0.945617],[-0.822451,0.510621,0.250679]]],"btipPosition":[-20.0673,261.178,-11.4401],"carpPosition":[-9.7156,282.347,82.5591],"dipPosition":[-34.0541,269.862,-7.17694],"direction":[0.606045,-0.484099,-0.631155],"extended":false,"handId":857,"id":8574,"length":49.8351,"mcpPosition":[-46.2416,287.648,38.8477],"pipPosition":[-45.7491,279.204,5.00257],"stabilizedTipPosition":[-52.3936,209.604,144.622],"timeVisible":1.48242,"tipPosition":[-22.167,262.734,-9.11386],"tipVelocity":[-2.90381,14.4949,-114.545],"tool":false,"touchDistance":-0.470881,"tou