{"sensorType":"Leap","data":[[0,{"currentFrameRate":109.708,"devices":[],"gestures":[],"hands":[{"armBasis":[[0.751562,-0.207128,-0.6263],[0.49294,0.807264,0.324553],[0.438366,-0.552651,0.708811]],"armWidth":62.8676,"confidence":0.794788,"direction":[-0.0823393,0.31781,-0.944572],"elbow":[109.21,138.619,278.334],"grabStrength":0,"id":863,"palmNormal":[-0.487485,-0.839509,-0.239966],"palmPosition":[-20.5679,302.507,39.8526],"palmVelocity":[34.2278,-9.5996,-99.8255],"palmWidth":89.7729,"pinchStrength":1,"r":[[0.904866,-0.274515,0.32536],[0.36243,0.897704,-0.250544],[-0.223299,0.34463,0.911794]],"s":0.922238,"sphereCenter":[-46.1341,274.888,12.3583],"sphereRadius":44.2855,"stabilizedPalmPosition":[-52.766,268.711,206.023],"t":[40.2626,49.1144,-192.876],"timeVisible":0.894844,"type":"right","wrist":[-7.56592,285.839,89.515]}],"id":4441235,"interactionBox":{"center":[0,200,0],"size":[235.247,235.247,147.751]},"pointables":[{"bases":[[[0.769733,0.635555,-0.0598428],[-0.449415,0.606088,0.656265],[0.453363,-0.478254,0.752154]],[[0.606343,0.746451,-0.274151],[-0.722851,0.661065,0.201194],[0.331413,0.0761775,0.940405]],[[0.606343,0.746451,-0.274151],[-0.794669,0.581424,-0.174491],[0.029149,0.32366,0.945724]],[[0.606343,0.746451,-0.274151],[-0.747095,0.416642,-0.517937],[-0.272392,0.518864,0.810298]]],"btipPosition":[-47.9442,261.596,-0.389856],"carpPosition":[-36.9312,288.216,96.4489],"dipPosition":[-54.2338,273.577,18.3204],"direction":[-0.029149,-0.32366,-0.945724],"extended":false,"handId":863,"id":8630,"length":51.4192,"mcpPosition":[-36.9312,288.216,96.4489],"pipPosition":[-53.2533,284.464,50.1341],"stabilizedTipPosition":[-87.8817,222.791,192.902],"timeVisible":0.894844,"tipPosition":[-48.9669,263.424,4.01349],"tipVelocity":[24.2919,23.955,-119.788],"tool":false,"touchDistance":-0.476619,"touchZone":"hovering","type":0,"width":19.9791},{"bases":[[[0.843075,-0.381089,-0.379467],[0.448401,0.887672,0.104762],[0.296918,-0.258476,0.919255]],[[0.884817,-0.424214,-0.192724],[0.44391,0.893171,0.0720375],[0.141576,-0.149292,0.978605]],[[0.884817,-0.424214,-0.192724],[0.427076,0.903764,-0.0285636],[0.186294,-0.0570342,0.980837]],[[0.884817,-0.424214,-0.192724],[0.410515,0.905409,-0.108219],[0.220402,0.0166378,0.975267]]],"btipPosition":[-57.1901,330.429,-58.7124],"carpPosition":[-21.4791,304.26,89.3232],"dipPosition":[-53.4747,330.71,-42.2723],"direction":[-0.186294,0.0570342,-0.980837],"extended":true,"handId":863,"id":8631,"length":58.0209,"mcpPosition":[-43.0311,323.022,22.5987],"pipPosition":[-49.0322,329.35,-18.8822],"stabilizedTipPosition":[-110.554,282.78,117.143],"timeVisible":0.894844,"tipPosition":[-56.4865,329.478,-54.9505],"tipVelocity":[54.7701,25.8278,-99.6876],"tool":false,"touchDistance":-0.47198,"touchZone":"touching","type":1,"width":19.0841},{"bases":[[[0.786562,-0.558212,-0.264046],[0.590887,0.804575,0.0592572],[0.179366,-0.202631,0.962688]],[[0.792782,-0.565475,-0.227454],[0.167123,0.560549,-0.811082],[0.586146,0.604999,0.538897]],[[0.792782,-0.565475,-0.227454],[-0.402087,-0.204755,-0.892413],[0.458064,0.798945,-0.389696]],[[0.792782,-0.565475,-0.227454],[-0.577966,-0.578961,-0.575117],[0.193527,0.587403,-0.785815]]],"btipPosition":[-67.4273,253.192,18.0134],"carpPosition":[-10.7666,301.321,84.4045],"dipPosition":[-63.8392,264.083,3.44388],"direction":[-0.458064,-0.798945,0.389696],"extended":false,"handId":863,"id":8632,"length":66.1101,"mcpPosition":[-23.1132,315.269,18.1381],"pipPosition":[-50.9878,286.498,-7.48945],"stabilizedTipPosition":[-78.9349,204.274,212.424],"timeVisible":0.894844,"tipPosition":[-66.253,255.489,16.3941],"tipVelocity":[28.4632,8.63183,-189.683],"tool":false,"touchDistance":0.333333,"touchZone":"none","type":2,"width":18.7431},{"bases":[[[0.757587,-0.641,-0.123211],[0.65099,0.755768,0.0708991],[0.0476725,-0.133921,0.989845]],[[0.75477,-0.634513,-0.166481],[0.321371,0.578902,-0.749395],[0.571877,0.512119,0.640851]],[[0.75477,-0.634513,-0.166481],[-0.290477,-0.0957258,-0.952082],[0.588172,0.766961,-0.256562]],[[0.75477,-0.634513,-0.166481],[-0.55172,-0.476728,-0.68435],[0.354863,0.608378,-0.709893]]],"btipPosition":[-51.6728,248.992,11.1672],"carpPosition":[-0.899933,295.467,80.4932],"dipPosition":[-45.1313,260.207,-1.91901],"direction":[-0.588172,-0.766961,0.256562],"extended":false,"handId":863,"id":8633,"length":63.5667,"mcpPosition":[-3.8462,303.744,19.3188],"pipPosition":[-29.0557,281.169,-8.93122],"stabilizedTipPosition":[-61.3321,203.73,213.263],"timeVisible":0.894844,"tipPosition":[-50.0588,251.397,9.32737],"tipVelocity":[40.4577,0.966318,-132.655],"tool":false,"touchDistance":0.333333,"touchZone":"none","type":3,"width":17.8352},{"bases":[[[0.639967,-0.768196,-0.0178286],[0.762535,0.632048,0.138042],[-0.0947749,-0.101937,0.990266]],[[0.637084,-0.770733,0.00971149],[0.509476,0.411609,-0.755653],[0.57841,0.486363,0.6549]],[[0.637084,-0.770733,0.00971149],[-0.190449,-0.169608,-0.966935],[0.746895,0.614169,-0.254839]],[[0.637084,-0.770733,0.00971149],[-0.539672,-0.455016,-0.708318],[0.550343,0.446017,-0.705827]]],"btipPosition":[-32.6419,252.803,15.6985],"carpPosition":[5.88682,283.376,78.277],"dipPosition":[-23.2826,260.389,3.69502],"direction":[-0.746895,-0.614169,0.254839],"extended":false,"handId":863,"id":8634,"length":49.8351,"mcpPosition":[11.3089,289.208,21.6243],"pipPosition":[-8.86967,272.24,-1.22266],"stabilizedTipPosition":[-47.784,221.556,188.244],"timeVisible":0.894844,"tipPosition":[-30.4654,254.446,14.002],"tipVelocity":[40.5063,-2.48465,-119.615],"tool":false,"touchDistance":0.333333,"touchZone":"none","type":4,"width":15.8426}],"r":[[0.904866,-0.274515,0.32536],[0.36243,0.897704,-0.250544],[-0.223299,0.34463,0.911794]],"s":0.922238,"t":[40.2626,49.1144,-192.876],"timestamp":607103032177},false],[1,{"currentFrameRate":109.781,"devices":[],"gestures":[],"hands":[{"armBasis":[[0.754214,-0.203955,-0.624151],[0.489754,0.807884,0.327817],[0.437382,-0.552924,0.709205]],"armWidth":62.8676,"confidence":0.802781,"direction":[-0.0808176,0.321682,-0.943393],"elbow":[109.13,138.364,277.713],"grabStrength":0,"id":863,"palmNormal":[-0.484485,-0.839831,-0.244864],"palmPosition":[-20.305,302.504,39.1661],"palmVelocity":[32.8731,-7.06749,-93.4258],"palmWidth":89.7729,"pinchStrength":1,"r":[[0.904248,-0.274957,0.326703],[0.362647,0.898433,-0.247601],[-0.225441,0.34237,0.912118]],"s":0.920938,"sphereCenter":[-45.6133,274.817,11.4219],"sphereRadius":44.3138,"stabilizedPalmPosition":[-52.765,268.712,206.017],"t":[40.541,49.1297,-193.626],"timeVisible":0.903822,"type":"right","wrist":[-7.38319,285.657,88.7889]}],"id":4441236,"interactionBox":{"center":[0,200,0],"size":[235.247,235.247,147.751]},"pointables":[{"bases":[[[0.768078,0.637981,-0.0550989],[-0.452813,0.601956,0.65773],[0.452787,-0.480239,0.751236]],[[0.604956,0.749333,-0.269309],[-0.724054,0.658412,0.205522],[0.331321,0.0706629,0.940868]],[[0.604956,0.749333,-0.269309],[-0.795693,0.58165,-0.168986],[0.030017,0.316517,0.948112]],[[0.604956,0.749333,-0.269309],[-0.748764,0.420285,-0.512556],[-0.270889,0.511723,0.815327]]],"btipPosition":[-47.8451,261.977,-1.4006],"carpPosition":[-36.7728,287.921,95.6574],"dipPosition":[-54.1001,273.793,17.4258],"direction":[-0.030017,-0.316517,-0.948112],"extended":false,"handId":863,"id":8630,"length":51.4192,"mcpPosition":[-36.7728,287.921,95.6574],"pipPosition":[-53.0903,284.441,49.3198],"stabilizedTipPosition":[-87.8816,222.791,192.902],"timeVisible":0.903822,"tipPosition":[-48.7704,263.764,3.04133],"tipVelocity":[20.9028,27.873,-116.998],"tool":false,"touchDistance":-0.472051,"touchZone":"hovering","type":0,"width":19.9791},{"bases":[[[0.845123,-0.377052,-0.378945],[0.445612,0.888471,0.109771],[0.295292,-0.261632,0.918886]],[[0.886399,-0.420711,-0.193131],[0.441316,0.893944,0.0781337],[0.139776,-0.154489,0.978057]],[[0.886399,-0.420711,-0.193131],[0.424421,0.905151,-0.0238211],[0.184834,-0.0608539,0.980884]],[[0.886399,-0.420711,-0.193131],[0.407737,0.907087,-0.104612],[0.219198,0.0139812,0.97558]]],"btipPosition":[-56.8095,330.794,-59.3507],"carpPosition":[-21.348,304.039,88.6413],"dipPosition":[-53.1145,331.029,-42.9053],"direction":[-0.184834,0.0608539,-0.980884],"extended":true,"handId":863,"id":8631,"length":58.0209,"mcpPosition":[-42.7819,323.03,21.9435],"pipPosition":[-48.7067,329.578,-19.5141],"stabilizedTipPosition":[-110.529,282.802,117.063],"timeVisible":0.903822,"tipPosition":[-56.0825,329.853,-55.598],"tipVelocity":[51.234,29.5542,-91.8156],"tool":false,"touchDistance":-0.462672,"touchZone":"touching","type":1,"width":19.0841},{"bases":[[[0.788816,-0.554834,-0.264439],[0.58845,0.805975,0.0642727],[0.177471,-0.206309,0.962258]],[[0.794981,-0.562261,-0.227743],[0.1722,0.569136,-0.804009],[0.58168,0.599955,0.549274]],[[0.794981,-0.562261,-0.227743],[-0.396081,-0.196734,-0.896892],[0.459483,0.803217,-0.379101]],[[0.794981,-0.562261,-0.227743],[-0.573996,-0.575706,-0.582315],[0.1963,0.593653,-0.780411]]],"btipPosition":[-67.0238,253.28,16.485],"carpPosition":[-10.6146,301.152,83.7375],"dipPosition":[-63.3842,264.287,2.0157],"direction":[-0.459483,-0.803217,0.379101],"extended":false,"handId":863,"id":8632,"length":66.1101,"mcpPosition":[-22.8308,315.353,17.5007],"pipPosition":[-50.493,286.822,-8.62036],"stabilizedTipPosition":[-78.9349,204.274,212.424],"timeVisible":0.903822,"tipPosition":[-65.8591,255.576,14.8784],"tipVelocity":[33.3418,9.76517,-183.65],"tool":false,"touchDistance":0.333333,"touchZone":"none","type":2,"width":18.7431},{"bases":[[[0.759716,-0.638315,-0.124041],[0.648661,0.757288,0.0758574],[0.0455136,-0.13809,0.989373]],[[0.756989,-0.631645,-0.167309],[0.32338,0.584637,-0.74406],[0.567797,0.50914,0.646825]],[[0.756989,-0.631645,-0.167309],[-0.285753,-0.0897396,-0.954092],[0.587633,0.770046,-0.248427]],[[0.756989,-0.631645,-0.167309],[-0.547594,-0.473529,-0.689863],[0.356523,0.613836,-0.704341]]],"btipPosition":[-51.1969,249.071,9.94135],"carpPosition":[-0.721421,295.343,79.8263],"dipPosition":[-44.6247,260.387,-3.04253],"direction":[-0.587633,-0.770046,0.248427],"extended":false,"handId":863,"id":8633,"length":63.5667,"mcpPosition":[-3.53426,303.877,18.6809],"pipPosition":[-28.5638,281.433,-9.83239],"stabilizedTipPosition":[-61.332,203.73,213.262],"timeVisible":0.903822,"tipPosition":[-49.5821,251.489,8.1267],"tipVelocity":[44.1126,3.83962,-133.001],"tool":false,"touchDistance":0.333333,"touchZone":"none","type":3,"width":17.8352},{"bases":[[[0.642186,-0.7663,-0.019515],[0.760383,0.633593,0.14275],[-0.0970247,-0.106511,0.989566]],[[0.63921,-0.768987,0.00826522],[0.510446,0.416213,-0.75247],[0.5752,0.485206,0.658574]],[[0.63921,-0.768987,0.00826522],[-0.187142,-0.165966,-0.968211],[0.745914,0.617344,-0.249997]],[[0.63921,-0.768987,0.00826522],[-0.536292,-0.453437,-0.711889],[0.551181,0.450614,-0.702244]]],"btipPosition":[-32.1781,252.871,14.754],"carpPosition":[6.10525,283.28,77.575],"dipPosition":[-22.8046,260.534,2.81145],"direction":[-0.745914,-0.617344,0.249997],"extended":false,"handId":863,"id":8634,"length":49.8351,"mcpPosition":[11.656,289.374,20.9624],"pipPosition":[-8.41057,272.447,-2.01279],"stabilizedTipPosition":[-47.7838,221.557,188.242],"timeVisible":0.903822,"tipPosition":[-30.0007,254.528,13.0589],"tipVelocity":[43.6621,0.796322,-115.238],"tool":false,"touchDistance":0.333333,"touchZone":"none","type":4,"width":15.8426}],"r":[[0.904248,-0.274957,0.326703],[0.362647,0.898433,-0.247601],[-0.225441,0.34237,0.912118]],"s":0.920938,"t":[40.541,49.1297,-193.626],"timestamp":607103041155},false],[2,{"currentFrameRate":109.816,"devices":[],"gestures":[],"hands":[{"armBasis":[[0.754307,-0.20527,-0.623607],[0.490347,0.807762,0.32723],[0.436556,-0.552616,0.709954]],"armWidth":62.8676,"confidence":0.814207,"direction":[-0.0788764,0.323937,-0.942785],"elbow":[109.026,138.386,276.993],"grabStrength":0,"id":863,"palmNormal":[-0.48538,-0.838538,-0.247509],"palmPosition":[-20.0873,302.576,38.2656],"palmVelocity":[30.4456,-2.93128,-95.1161],"palmWidth":89.7729,"pinchStrength":1,"r":[[0.903567,-0.275736,0.327927],[0.363163,0.899012,-0.244726],[-0.227331,0.340217,0.912454]],"s":0.919846,"sphereCenter":[-45.445,275.016,10.4105],"sphereRadius":44.3333,"stabilizedPalmPosition":[-52.7639,268.713,206.012],"t":[40.7891,49.1731,-194.451],"timeVisible":0.912867,"type":"right","wrist":[-7.26749,285.597,87.87]}],"id":4441237,"interactionBox":{"center":[0,200,0],"size":[235.247,235.247,147.751]},"pointables":[{"bases":[[[0.769128,0.636936,-0.0524736],[-0.452913,0.601154,0.658395],[0.4509,-0.482624,0.750841]],[[0.606534,0.749008,-0.266651],[-0.723071,0.65912,0.206709],[0.330582,0.0674316,0.941365]],[[0.606534,0.749008,-0.266651],[-0.794498,0.583578,-0.167955],[0.0298123,0.313724,0.949046]],[[0.606534,0.749008,-0.266651],[-0.747608,0.423173,-0.511867],[-0.270553,0.509815,0.816633]]],"btipPosition":[-47.701,262.243,-2.44566],"carpPosition":[-36.6642,287.89,94.6984],"dipPosition":[-53.9482,274.015,16.4108],"direction":[-0.0298123,-0.313724,-0.949046],"extended":false,"handId":863,"id":8630,"length":51.4192,"mcpPosition":[-36.6642,287.89,94.6984],"pipPosition":[-52.9453,284.569,48.3363],"stabilizedTipPosition":[-87.8815,222.791,192.901],"timeVisible":0.912867,"tipPosition":[-48.625,264.044,1.99948],"tipVelocity":[19.587,27.9931,-116.384],"tool":false,"touchDistance":-0.468751,"touchZone":"hovering","type":0,"width":19.9791},{"bases":[[[0.845133,-0.377478,-0.378498],[0.446788,0.887542,0.112467],[0.293479,-0.264158,0.918744]],[[0.885974,-0.421495,-0.193372],[0.442669,0.892944,0.0818205],[0.138183,-0.158091,0.977708]],[[0.885974,-0.421495,-0.193372],[0.425711,0.904608,-0.0213047],[0.183906,-0.0634451,0.980894]],[[0.885974,-0.421495,-0.193372],[0.408883,0.906748,-0.103067],[0.218782,0.0122486,0.975697]]],"btipPosition":[-56.4374,331.182,-60.2266],"carpPosition":[-21.2042,304.001,87.7425],"dipPosition":[-52.7494,331.389,-43.7792],"direction":[-0.183906,0.0634451,-0.980894],"extended":true,"handId":863,"id":8631,"length":58.0209,"mcpPosition":[-42.5065,323.175,21.055],"pipPosition":[-48.3638,329.876,-20.3878],"stabilizedTipPosition":[-110.494,282.833,116.953],"timeVisible":0.912867,"tipPosition":[-55.6953,330.254,-56.4802],"tipVelocity":[48.4013,33.0415,-93.187],"tool":false,"touchDistance":-0.45787,"touchZone":"touching","type":1,"width":19.0841},{"bases":[[[0.788381,-0.555432,-0.264482],[0.589571,0.804933,0.0670018],[0.175675,-0.208754,0.96206]],[[0.794491,-0.562969,-0.227706],[0.177592,0.573961,-0.799394],[0.580728,0.594672,0.555985]],[[0.794491,-0.562969,-0.227706],[-0.392724,-0.190307,-0.89975],[0.463197,0.804269,-0.372289]],[[0.794491,-0.562969,-0.227706],[-0.573347,-0.571796,-0.58679],[0.200143,0.596754,-0.777063]]],"btipPosition":[-66.8834,253.569,15.0375],"carpPosition":[-10.4677,301.108,82.8487],"dipPosition":[-63.1726,264.633,0.630251],"direction":[-0.463197,-0.804269,0.372289],"extended":false,"handId":863,"id":8632,"length":66.1101,"mcpPosition":[-22.5602,315.478,16.6255],"pipPosition":[-50.1771,287.198,-9.8147],"stabilizedTipPosition":[-78.9349,204.274,212.424],"timeVisible":0.912867,"tipPosition":[-65.7222,255.862,13.415],"tipVelocity":[28.9276,16.2787,-176.703],"tool":false,"touchDistance":0.333333,"touchZone":"none","type":2,"width":18.7431},{"bases":[[[0.758937,-0.639186,-0.124318],[0.64969,0.756128,0.0785687],[0.0437799,-0.140397,0.989127]],[[0.75629,-0.632421,-0.167538],[0.325659,0.586007,-0.741985],[0.567425,0.506596,0.649145]],[[0.75629,-0.632421,-0.167538],[-0.284029,-0.0866963,-0.954888],[0.589366,0.769758,-0.245194]],[[0.75629,-0.632421,-0.167538],[-0.547001,-0.470758,-0.692226],[0.358908,0.615167,-0.701965]]],"btipPosition":[-51.0205,249.259,8.83539],"carpPosition":[-0.577253,295.293,78.9395],"dipPosition":[-44.4044,260.599,-4.10467],"direction":[-0.589366,-0.769758,0.245194],"extended":false,"handId":863,"id":8633,"length":63.5667,"mcpPosition":[-3.28294,303.97,17.8094],"pipPosition":[-28.2962,281.638,-10.8062],"stabilizedTipPosition":[-61.3319,203.73,213.26],"timeVisible":0.912867,"tipPosition":[-49.3993,251.684,7.00847],"tipVelocity":[37.6334,8.68742,-129.736],"tool":false,"touchDistance":0.333333,"touchZone":"none","type":3,"width":17.8352},{"bases":[[[0.641053,-0.767229,-0.0202628],[0.761122,0.632112,0.145353],[-0.0987104,-0.108601,0.989172]],[[0.63797,-0.770019,0.00801724],[0.513268,0.417441,-0.749866],[0.574064,0.482507,0.661541]],[[0.63797,-0.770019,0.00801724],[-0.184336,-0.162817,-0.969284],[0.747673,0.616896,-0.245814]],[[0.63797,-0.770019,0.00801724],[-0.534821,-0.450549,-0.714823],[0.55404,0.451748,-0.699259]]],"btipPosition":[-31.9953,253.019,13.638],"carpPosition":[6.23459,283.225,76.6715],"dipPosition":[-22.5731,260.701,1.74621],"direction":[-0.747673,-0.616896,0.245814],"extended":false,"handId":863,"id":8634,"length":49.8351,"mcpPosition":[11.8818,289.438,20.0814],"pipPosition":[-8.14517,272.605,-2.99731],"stabilizedTipPosition":[-47.7836,221.557,188.24],"timeVisible":0.912867,"tipPosition":[-29.8113,254.681,11.9431],"tipVelocity":[37.5376,5.22129,-117.128],"tool":false,"touchDistance":0.333333,"touchZone":"none","type":4,"width":15.8426}],"r":[[0.903567,-0.275736,0.327927],[0.363163,0.899012,-0.244726],[-0.227331,0.340217,0.912454]],"s":0.919846,"t":[40.7891,49.1731,-194.451],"timestamp":607103050200},false],[3,{"currentFrameRate":109.859,"devices":[],"gestures":[],"hands":[{"armBasis":[[0.755167,-0.205781,-0.622396],[0.490233,0.807603,0.327795],[0.435195,-0.552659,0.710756]],"armWidth":62.8676,"confidence":0.820476,"direction":[-0.0776153,0.326786,-0.941906],"elbow":[108.815,138.203,276.323],"grabStrength":0,"id":863,"palmNormal":[-0.48547,-0.837572,-0.250585],"palmPosition":[-19.8693,302.558,37.4173],"palmVelocity":[28.7111,-2.67442,-94.8051],"palmWidth":89.7729,"pinchStrength":1,"r":[[0.902918,-0.27664,0.328953],[0.363711,0.899581,-0.241801],[-0.229028,0.33797,0.912865]],"s":0.918991,"sphereCenter":[-45.2915,275.154,9.45426],"sphereRadius":44.3508,"stabilizedPalmPosition":[-52.7628,268.714,206.006],"t":[41.0221,49.1859,-195.288],"timeVisible":0.921893,"type":"right","wrist":[-7.1159,285.425,86.9858]}],"id":4441238,"interactionBox":{"center":[0,200,0],"size":[235.247,235.247,147.751]},"pointables":[{"bases":[[[0.76948,0.636737,-0.0496642],[-0.453416,0.599394,0.659652],[0.449793,-0.485071,0.749928]],[[0.607172,0.74953,-0.263717],[-0.722846,0.658856,0.208332],[0.329903,0.0641334,0.941834]],[[0.607172,0.74953,-0.263717],[-0.794026,0.584648,-0.166463],[0.0294129,0.31047,0.950128]],[[0.607172,0.74953,-0.263717],[-0.747069,0.425478,-0.510741],[-0.27061,0.507123,0.818289]]],"btipPosition":[-47.5082,262.399,-3.45538],"carpPosition":[-36.5196,287.711,93.7864],"dipPosition":[-53.7567,274.108,15.4394],"direction":[-0.0294129,-0.31047,-0.950128],"extended":false,"handId":863,"id":8630,"length":51.4192,"mcpPosition":[-36.5196,287.711,93.7864],"pipPosition":[-52.7673,284.552,47.4012],"stabilizedTipPosition":[-87.8814,222.792,192.9],"timeVisible":0.921893,"tipPosition":[-48.4321,264.204,0.995096],"tipVelocity":[20.0654,24.5861,-114.873],"tool":false,"touchDistance":-0.465224,"touchZone":"hovering","type":0,"width":19.9791},{"bases":[[[0.845407,-0.376734,-0.378626],[0.44706,0.886997,0.115644],[0.292273,-0.267034,0.918297]],[[0.885909,-0.42117,-0.194372],[0.443109,0.892324,0.0860942],[0.137183,-0.1624,0.977142]],[[0.885909,-0.42117,-0.194372],[0.426031,0.904526,-0.0181859],[0.183474,-0.0666975,0.980759]],[[0.885909,-0.42117,-0.194372],[0.409021,0.906928,-0.100918],[0.218785,0.00990168,0.975723]]],"btipPosition":[-56.1371,331.526,-61.013],"carpPosition":[-21.044,303.835,86.8969],"dipPosition":[-52.4491,331.692,-44.5652],"direction":[-0.183474,0.0666975,-0.980759],"extended":true,"handId":863,"id":8631,"length":58.0209,"mcpPosition":[-42.2589,323.218,20.2419],"pipPosition":[-48.0737,330.102,-21.177],"stabilizedTipPosition":[-110.45,282.872,116.814],"timeVisible":0.921893,"tipPosition":[-55.3752,330.605,-57.2742],"tipVelocity":[44.2365,34.1396,-91.516],"tool":false,"touchDistance":-0.452211,"touchZone":"touching","type":1,"width":19.0841},{"bases":[[[0.788439,-0.555002,-0.265209],[0.589858,0.804458,0.0701004],[0.174444,-0.211706,0.961639]],[[0.794512,-0.562664,-0.228386],[0.181182,0.578619,-0.795219],[0.579589,0.590431,0.561665]],[[0.794512,-0.562664,-0.228386],[-0.390089,-0.184677,-0.902067],[0.465383,0.805794,-0.366217]],[[0.794512,-0.562664,-0.228386],[-0.572456,-0.568522,-0.590827],[0.202595,0.60016,-0.773798]]],"btipPosition":[-66.6866,253.712,13.7239],"carpPosition":[-10.3031,300.953,82.0071],"dipPosition":[-62.9304,264.84,-0.622782],"direction":[-0.465383,-0.805794,0.366217],"extended":false,"handId":863,"id":8632,"length":66.1101,"mcpPosition":[-22.3109,315.525,15.8129],"pipPosition":[-49.8736,287.447,-10.8974],"stabilizedTipPosition":[-78.9349,204.274,212.423],"timeVisible":0.921893,"tipPosition":[-65.5319,256.009,12.0783],"tipVelocity":[27.2839,16.6144,-167.699],"tool":false,"touchDistance":0.333333,"touchZone":"none","type":2,"width":18.7431},{"bases":[[[0.758792,-0.639161,-0.12533],[0.649942,0.755591,0.0815925],[0.0425478,-0.143369,0.988754]],[[0.756202,-0.632273,-0.168491],[0.326907,0.588118,-0.739763],[0.566825,0.50433,0.65143]],[[0.756202,-0.632273,-0.168491],[-0.28277,-0.0835581,-0.955541],[0.590084,0.770227,-0.241975]],[[0.756202,-0.632273,-0.168491],[-0.546284,-0.468297,-0.694458],[0.360183,0.617194,-0.699528]]],"btipPosition":[-50.7945,249.344,7.77754],"carpPosition":[-0.410697,295.145,78.0923],"dipPosition":[-44.1548,260.722,-5.11761],"direction":[-0.590084,-0.770227,0.241975],"extended":false,"handId":863,"id":8633,"length":63.5667,"mcpPosition":[-3.04024,304.005,16.9852],"pipPosition":[-28.027,281.773,-11.7311],"stabilizedTipPosition":[-61.3318,203.731,213.259],"timeVisible":0.921893,"tipPosition":[-49.1702,251.777,5.94628],"tipVelocity":[34.3337,9.15102,-125.97],"tool":false,"touchDistance":0.333333,"touchZone":"none","type":3,"width":17.8352},{"bases":[[[0.640727,-0.767459,-0.0217975],[0.761238,0.631326,0.148137],[-0.0999279,-0.111509,0.988727]],[[0.637573,-0.77036,0.00677402],[0.51532,0.419925,-0.747066],[0.572665,0.4798,0.664715]],[[0.637573,-0.77036,0.00677402],[-0.181755,-0.158959,-0.970411],[0.748643,0.617476,-0.241365]],[[0.637573,-0.77036,0.00677402],[-0.533168,-0.447579,-0.717917],[0.556087,0.454113,-0.696096]]],"btipPosition":[-31.7666,253.083,12.5378],"carpPosition":[6.39831,283.081,75.7962],"dipPosition":[-22.3097,260.806,0.699874],"direction":[-0.748643,-0.617476,0.241365],"extended":false,"handId":863,"id":8634,"length":49.8351,"mcpPosition":[12.1151,289.46,19.2316],"pipPosition":[-7.86299,272.722,-3.95778],"stabilizedTipPosition":[-47.7833,221.558,188.238],"timeVisible":0.921893,"tipPosition":[-29.5791,254.754,10.8435],"tipVelocity":[34.4222,6.03811,-118.06],"tool":false,"touchDistance":0.333333,"touchZone":"none","type":4,"width":15.8426}],"r":[[0.902918,-0.27664,0.328953],[0.363711,0.899581,-0.241801],[-0.229028,0.33797,0.912865]],"s":0.918991,"t":[41.0221,49.1859,-195.288],"timestamp":607103059226},false],[4,{"currentFrameRate":109.754,"devices":[],"gestures":[],"hands":[{"armBasis":[[0.758924,-0.202814,-0.618789],[0.485805,0.809124,0.330625],[0.433622,-0.55153,0.712592]],"armWidth":62.8676,"confidence":0.825759,"direction":[-0.0759822,0.333373,-0.939728],"elbow":[108.458,138.182,275.603],"grabStrength":0,"id":863,"palmNormal":[-0.48135,-0.837627,-0.258233],"palmPosition":[-19.7213,302.549,36.295],"palmVelocity":[25.1019,-2.1964,-102.116],"palmWidth":89.7729,"pinchStrength":1,"r":[[0.90241,-0.277132,0.329932],[0.363581,0.90067,-0.237912],[-0.231227,0.334651,0.913533]],"s":0.918211,"sphereCenter":[-44.9625,275.245,8.04114],"sphereRadius":44.366,"stabilizedPalmPosition":[-52.7618,268.715,206.001],"t":[41.2127,49.1877,-196.268],"timeVisible":0.931191,"type":"right","wrist":[-7.05415,285.103,85.7766]}],"id":4441239,"interactionBox":{"center":[0,200,0],"size":[235.247,235.247,147.751]},"pointables":[{"bases":[[[0.767091,0.640124,-0.0425841],[-0.45785,0.592742,0.662593],[0.449383,-0.488772,0.747768]],[[0.605013,0.753836,-0.256304],[-0.725792,0.654507,0.211771],[0.327393,0.0578991,0.943113]],[[0.605013,0.753836,-0.256304],[-0.795789,0.583044,-0.163644],[0.0260755,0.30297,0.952643]],[[0.605013,0.753836,-0.256304],[-0.747723,0.4273,-0.508257],[-0.273624,0.499146,0.822182]]],"btipPosition":[-47.1708,262.654,-4.97797],"carpPosition":[-36.4877,287.223,92.5013],"dipPosition":[-53.489,274.18,14.0066],"direction":[-0.0260755,-0.30297,-0.952643],"extended":false,"handId":863,"id":8630,"length":51.4192,"mcpPosition":[-36.4877,287.223,92.5013],"pipPosition":[-52.6118,284.372,46.0531],"stabilizedTipPosition":[-87.8812,222.792,192.9],"timeVisible":0.931191,"tipPosition":[-48.0985,264.436,-0.510342],"tipVelocity":[24.157,24.1243,-128.042],"tool":false,"touchDistance":-0.469563,"touchZone":"hovering","type":0,"width":19.9791},{"bases":[[[0.848075,-0.3706,-0.378714],[0.443164,0.887888,0.123537],[0.290473,-0.272601,0.917232]],[[0.888113,-0.416117,-0.195199],[0.439344,0.893328,0.0945642],[0.135027,-0.169743,0.976194]],[[0.888113,-0.416117,-0.195199],[0.42234,0.906375,-0.0106192],[0.181343,-0.0730093,0.980706]],[[0.888113,-0.416117,-0.195199],[0.405352,0.9093,-0.0941424],[0.216669,0.00448457,0.976235]]],"btipPosition":[-55.8396,332.106,-62.0211],"carpPosition":[-21.0551,303.459,85.7787],"dipPosition":[-52.1872,332.182,-45.5647],"direction":[-0.181343,0.0730093,-0.980706],"extended":true,"handId":863,"id":8631,"length":58.0209,"mcpPosition":[-42.1393,323.246,19.2009],"pipPosition":[-47.8628,330.441,-22.1777],"stabilizedTipPosition":[-110.395,282.921,116.639],"timeVisible":0.931191,"tipPosition":[-55.0645,331.188,-58.2904],"tipVelocity":[40.5319,41.4903,-96.2274],"tool":false,"touchDistance":-0.450415,"touchZone":"touching","type":1,"width":19.0841},{"bases":[[[0.791464,-0.549919,-0.266785],[0.586431,0.806251,0.0778397],[0.17229,-0.218058,0.960607]],[[0.79746,-0.557836,-0.229951],[0.183187,0.586961,-0.788618],[0.574892,0.586767,0.570266]],[[0.79746,-0.557836,-0.229951],[-0.385256,-0.177445,-0.905589],[0.464366,0.81076,-0.356415]],[[0.79746,-0.557836,-0.229951],[-0.567989,-0.565449,-0.598043],[0.203584,0.607525,-0.767768]]],"btipPosition":[-66.2893,253.75,11.8936],"carpPosition":[-10.2876,300.655,80.9017],"dipPosition":[-62.5147,265.014,-2.34127],"direction":[-0.464366,-0.81076,0.356415],"extended":false,"handId":863,"id":8632,"length":66.1101,"mcpPosition":[-22.1471,315.665,14.7785],"pipPosition":[-49.4865,287.76,-12.3409],"stabilizedTipPosition":[-78.9349,204.274,212.423],"timeVisible":0.931191,"tipPosition":[-65.1474,256.064,10.2339],"tipVelocity":[31.7726,14.0171,-175.146],"tool":false,"touchDistance":0.333333,"touchZone":"none","type":2,"width":18.7431},{"bases":[[[0.761717,-0.635217,-0.12762],[0.646672,0.757539,0.0891626],[0.0400392,-0.150445,0.987807]],[[0.759233,-0.628021,-0.170749],[0.327387,0.595294,-0.733787],[0.562479,0.501214,0.657572]],[[0.759233,-0.628021,-0.170749],[-0.278731,-0.0766904,-0.957302],[0.588111,0.774409,-0.233275]],[[0.759233,-0.628021,-0.170749],[-0.541829,-0.464604,-0.700403],[0.360537,0.624286,-0.693022]]],"btipPosition":[-50.3498,249.444,6.09088],"carpPosition":[-0.36003,294.915,76.9755],"dipPosition":[-43.7036,260.952,-6.68434],"direction":[-0.588111,-0.774409,0.233275],"extended":false,"handId":863,"id":8633,"length":63.5667,"mcpPosition":[-2.83453,304.212,15.927],"pipPosition":[-27.6297,282.118,-13.0601],"stabilizedTipPosition":[-61.3317,203.731,213.257],"timeVisible":0.931191,"tipPosition":[-48.7283,251.901,4.27032],"tipVelocity":[38.1867,10.5024,-140.778],"tool":false,"touchDistance":0.333333,"touchZone":"none","type":3,"width":17.8352},{"bases":[[[0.643841,-0.764737,-0.0254001],[0.758254,0.63323,0.155146],[-0.102562,-0.119149,0.987565]],[[0.640659,-0.767821,0.00273877],[0.516504,0.428319,-0.741462],[0.568137,0.476439,0.670989]],[[0.640659,-0.767821,0.00273877],[-0.177101,-0.15124,-0.972503],[0.747122,0.622558,-0.232875]],[[0.640659,-0.767821,0.00273877],[-0.528467,-0.443528,-0.723883],[0.557027,0.462315,-0.689918]]],"btipPosition":[-31.3388,253.214,10.933],"carpPosition":[6.50406,282.895,74.6127],"dipPosition":[-21.8659,261.076,-0.79991],"direction":[-0.747122,-0.622558,0.232875],"extended":false,"handId":863,"id":8634,"length":49.8351,"mcpPosition":[12.3716,289.711,18.1145],"pipPosition":[-7.44858,273.09,-5.29375],"stabilizedTipPosition":[-47.7831,221.558,188.235],"timeVisible":0.931191,"tipPosition":[-29.1535,254.913,9.25],"tipVelocity":[37.8036,9.28298,-132.721],"tool":false,"touchDistance":0.333333,"touchZone":"none","type":4,"width":15.8426}],"r":[[0.90241,-0.277132,0.329932],[0.363581,0.90067,-0.237912],[-0.231227,0.334651,0.913533]],"s":0.918211,"t":[41.2127,49.1877,-196.268],"timestamp":607103068524},false],[5,{"currentFrameRate":109.909,"devices":[],"gestures":[],"hands":[{"armBasis":[[0.759912,-0.203163,-0.617461],[0.484594,0.810178,0.329819],[0.433246,-0.549852,0.714116]],"armWidth":62.8676,"confidence":0.830538,"direction":[-0.0751886,0.337717,-0.93824],"elbow":[108.429,138.343,275.142],"grabStrength":0,"id":863,"palmNormal":[-0.480416,-0.836774,-0.262696],"palmPosition":[-19.6082,302.485,35.4968],"palmVelocity":[21.7857,-3.55285,-98.9687],"palmWidth":89.7729,"pinchStrength":1,"r":[[0.901971,-0.277699,0.330654],[0.363384,0.901807,-0.233873],[-0.23324,0.331101,0.914315]],"s":0.917648,"sphereCenter":[-44.8439,275.336,7.0898],"sphereRadius":44.3746,"stabilizedPalmPosition":[-52.761,268.716,205.997],"t":[41.3645,49.1567,-197.157],"timeVisible":0.940014,"type":"right","wrist":[-6.98292,284.817,84.9103]}],"id":4441240,"interactionBox":{"center":[0,200,0],"size":[235.247,235.247,147.751]},"pointables":[{"bases":[[[0.766645,0.640902,-0.0387231],[-0.459046,0.589279,0.664851],[0.448923,-0.491929,0.745972]],[[0.604616,0.755536,-0.252199],[-0.726404,0.652921,0.214549],[0.326766,0.0534786,0.943591]],[[0.604616,0.755536,-0.252199],[-0.796129,0.583112,-0.161738],[0.0248613,0.298573,0.954063]],[[0.604616,0.755536,-0.252199],[-0.747836,0.429463,-0.506263],[-0.27419,0.494699,0.824678]]],"btipPosition":[-47.0239,262.783,-5.99635],"carpPosition":[-36.4256,286.883,91.6119],"dipPosition":[-53.3551,274.206,13.0459],"direction":[-0.0248613,-0.298573,-0.954063],"extended":false,"handId":863,"id":8630,"length":51.4192,"mcpPosition":[-36.4256,286.883,91.6119],"pipPosition":[-52.5188,284.25,45.1401],"stabilizedTipPosition":[-87.8811,222.792,192.899],"timeVisible":0.940014,"tipPosition":[-47.9548,264.561,-1.52162],"tipVelocity":[22.0385,20.8197,-124.23],"tool":false,"touchDistance":-0.466017,"touchZone":"hovering","type":0,"width":19.9791},{"bases":[[[0.848783,-0.368172,-0.379497],[0.442342,0.887637,0.128194],[0.289658,-0.276676,0.916269]],[[0.888579,-0.4144,-0.196724],[0.438645,0.893075,0.100041],[0.134232,-0.175186,0.975342]],[[0.888579,-0.4144,-0.196724],[0.421576,0.906774,-0.00591817],[0.180836,-0.0776751,0.980441]],[[0.888579,-0.4144,-0.196724],[0.404483,0.910095,-0.0901169],[0.216382,0.000504558,0.976309]]],"btipPosition":[-55.6727,332.514,-62.706],"carpPosition":[-20.998,303.162,84.9827],"dipPosition":[-52.0252,332.523,-46.2483],"direction":[-0.180836,0.0776751,-0.980441],"extended":true,"handId":863,"id":8631,"length":58.0209,"mcpPosition":[-42.023,323.245,18.4749],"pipPosition":[-47.7127,330.67,-22.8676],"stabilizedTipPosition":[-110.334,282.976,116.446],"timeVisible":0.940014,"tipPosition":[-54.8843,331.596,-58.9823],"tipVelocity":[34.6628,42.306,-91.1946],"tool":false,"touchDistance":-0.443975,"touchZone":"touching","type":1,"width":19.0841},{"bases":[[[0.792184,-0.548057,-0.268473],[0.585723,0.806325,0.0822756],[0.171384,-0.222428,0.959767]],[[0.79815,-0.55615,-0.231632],[0.185009,0.592164,-0.784292],[0.573348,0.583129,0.575528]],[[0.79815,-0.55615,-0.231632],[-0.383129,-0.171847,-0.907569],[0.464939,0.813121,-0.350236]],[[0.79815,-0.55615,-0.231632],[-0.566612,-0.562317,-0.602288],[0.204712,0.611962,-0.763934]]],"btipPosition":[-66.1258,253.81,10.6598],"carpPosition":[-10.2229,300.389,80.1048],"dipPosition":[-62.3303,265.156,-3.50398],"direction":[-0.464939,-0.813121,0.350236],"extended":false,"handId":863,"id":8632,"length":66.1101,"mcpPosition":[-22.0201,315.7,14.0394],"pipPosition":[-49.286,287.969,-13.3302],"stabilizedTipPosition":[-78.9349,204.274,212.423],"timeVisible":0.940014,"tipPosition":[-64.9917,256.135,8.97864],"tipVelocity":[28.3444,12.6383,-165.112],"tool":false,"touchDistance":0.333333,"touchZone":"none","type":2,"width":18.7431},{"bases":[[[0.762347,-0.63403,-0.129742],[0.645989,0.757607,0.0934375],[0.0390512,-0.155044,0.987135]],[[0.759909,-0.62664,-0.1728],[0.327621,0.598821,-0.730806],[0.561429,0.498733,0.66035]],[[0.759909,-0.62664,-0.1728],[-0.277668,-0.0725645,-0.957933],[0.58774,0.775923,-0.229141]],[[0.759909,-0.62664,-0.1728],[-0.54068,-0.461766,-0.703162],[0.360837,0.627769,-0.689712]]],"btipPosition":[-50.1643,249.492,5.02325],"carpPosition":[-0.286523,294.675,76.1629],"dipPosition":[-43.5126,261.065,-7.69096],"direction":[-0.58774,-0.775923,0.229141],"extended":false,"handId":863,"id":8633,"length":63.5667,"mcpPosition":[-2.69997,304.257,15.1558],"pipPosition":[-27.4488,282.272,-13.9537],"stabilizedTipPosition":[-61.3316,203.731,213.255],"timeVisible":0.940014,"tipPosition":[-48.5433,251.965,3.19285],"tipVelocity":[33.5911,9.60116,-135.01],"tool":false,"touchDistance":0.333333,"touchZone":"none","type":3,"width":17.8352},{"bases":[[[0.644457,-0.764118,-0.028263],[0.757593,0.633075,0.158962],[-0.103573,-0.123856,0.98688]],[[0.641277,-0.767309,-0.000393847],[0.517019,0.432477,-0.738685],[0.56697,0.473498,0.674051]],[[0.641277,-0.767309,-0.000393847],[-0.175721,-0.146359,-0.9735],[0.746918,0.624352,-0.228689]],[[0.641277,-0.767309,-0.000393847],[-0.527158,-0.440198,-0.726864],[0.557556,0.466329,-0.686782]]],"btipPosition":[-31.1599,253.26,9.86993],"carpPosition":[6.58945,282.672,73.7514],"dipPosition":[-21.678,261.191,-1.80963],"direction":[-0.746918,-0.624352,0.228689],"extended":false,"handId":863,"id":8634,"length":49.8351,"mcpPosition":[12.5148,289.757,17.2924],"pipPosition":[-7.26462,273.239,-6.22268],"stabilizedTipPosition":[-47.7828,221.559,188.233],"timeVisible":0.940014,"tipPosition":[-28.9737,254.972,8.18526],"tipVelocity":[33.1349,8.66177,-129.043],"tool":false,"touchDistance":0.333333,"touchZone":"none","type":4,"width":15.8426}],"r":[[0.901971,-0.277699,0.330654],[0.363384,0.901807,-0.233873],[-0.23324,0.331101,0.914315]],"s":0.917648,"t":[41.3645,49.1567,-197.157],"timestamp":607103077347},false],[6,{"currentFrameRate":109.837,"devices":[],"gestures":[],"hands":[{"armBasis":[[0.75923,-0.206719,-0.61712],[0.486555,0.810042,0.327256],[0.432244,-0.548725,0.715588]],"armWidth":62.8676,"confidence":0.8325,"direction":[-0.0743758,0.339346,-0.937717],"elbow":[108.332,138.455,274.837],"grabStrength":0,"id":863,"palmNormal":[-0.482607,-0.835121,-0.26394],"palmPosition":[-19.3952,302.405,34.8272],"palmVelocity":[22.1479,-5.00322,-91.5551],"palmWidth":89.7729,"pinchStrength":1,"r":[[0.901479,-0.278725,0.331132],[0.363686,0.902587,-0.230367],[-0.234667,0.328099,0.915031]],"s":0.917168,"sphereCenter":[-44.6858,275.347,6.3646],"sphereRadius":44.3854,"stabilizedPalmPosition":[-52.7602,268.717,205.993],"t":[41.5469,49.101,-197.936],"timeVisible":0.949245,"type":"right","wrist":[-6.81243,284.629,84.2127]}],"id":4441241,"interactionBox":{"center":[0,200,0],"size":[235.247,235.247,147.751]},"pointables":[{"bases":[[[0.768305,0.638967,-0.0377991],[-0.457467,0.589452,0.665785],[0.447695,-0.494234,0.745186]],[[0.606531,0.75436,-0.251119],[-0.724165,0.654543,0.21716],[0.328185,0.0501377,0.943282]],[[0.606531,0.75436,-0.251119],[-0.794617,0.585707,-0.159785],[0.026547,0.296458,0.954677]],[[0.606531,0.75436,-0.251119],[-0.74743,0.433327,-0.503564],[-0.271052,0.493121,0.826657]]],"btipPosition":[-47.0466,262.932,-6.73979],"carpPosition":[-36.2492,286.761,90.9196],"dipPosition":[-53.3053,274.319,12.3482],"direction":[-0.026547,-0.296458,-0.954677],"extended":false,"handId":863,"id":8630,"length":51.4192,"mcpPosition":[-36.2492,286.761,90.9196],"pipPosition":[-52.4123,284.292,44.463],"stabilizedTipPosition":[-87.881,222.792,192.898],"timeVisible":0.949245,"tipPosition":[-47.9464,264.715,-2.25714],"tipVelocity":[15.6736,19.2682,-111.653],"tool":false,"touchDistance":-0.458743,"touchZone":"hovering","type":0,"width":19.9791},{"bases":[[[0.847797,-0.369795,-0.380121],[0.444656,0.886288,0.129519],[0.289001,-0.278829,0.915823]],[[0.8874,-0.416264,-0.198105],[0.441036,0.891676,0.101983],[0.134194,-0.177871,0.974861]],[[0.8874,-0.416264,-0.198105],[0.423824,0.905733,-0.00465487],[0.181368,-0.079831,0.98017]],[[0.8874,-0.416264,-0.198105],[0.406548,0.909243,-0.0894193],[0.217348,-0.00118852,0.976093]]],"btipPosition":[-55.4342,332.712,-63.3117],"carpPosition":[-20.7798,303.009,84.3142],"dipPosition":[-51.7704,332.692,-46.8576],"direction":[-0.181368,0.079831,-0.98017],"extended":true,"handId":863,"id":8631,"length":58.0209,"mcpPosition":[-41.7571,323.248,17.8387],"pipPosition":[-47.4453,330.788,-23.4834],"stabilizedTipPosition":[-110.263,283.039,116.223],"timeVisible":0.949245,"tipPosition":[-54.6264,331.805,-59.5934],"tipVelocity":[32.3008,36.2379,-84.0456],"tool":false,"touchDistance":-0.437009,"touchZone":"touching","type":1,"width":19.0841},{"bases":[[[0.790739,-0.549702,-0.269368],[0.587822,0.804673,0.0834656],[0.170872,-0.22434,0.959413]],[[0.796691,-0.557873,-0.232509],[0.187685,0.594046,-0.78223],[0.574506,0.579557,0.577976]],[[0.796691,-0.557873,-0.232509],[-0.382795,-0.168056,-0.908419],[0.467708,0.812733,-0.34744]],[[0.796691,-0.557873,-0.232509],[-0.567876,-0.559273,-0.603929],[0.20688,0.613181,-0.762371]]],"btipPosition":[-66.0529,253.926,9.78678],"carpPosition":[-10.0122,300.216,79.4312],"dipPosition":[-62.2172,265.295,-4.34805],"direction":[-0.467708,-0.812733,0.34744],"extended":false,"handId":863,"id":8632,"length":66.1101,"mcpPosition":[-21.7742,315.658,13.3902],"pipPosition":[-49.0952,288.097,-14.0958],"stabilizedTipPosition":[-78.9349,204.274,212.423],"timeVisible":0.949245,"tipPosition":[-64.9204,256.255,8.07454],"tipVelocity":[22.889,12.7957,-145.123],"tool":false,"touchDistance":0.333333,"touchZone":"none","type":2,"width":18.7431},{"bases":[[[0.760688,-0.635809,-0.130767],[0.647962,0.755782,0.0945486],[0.0387166,-0.156654,0.986894]],[[0.758262,-0.628336,-0.173878],[0.329349,0.59935,-0.729595],[0.562644,0.495957,0.661406]],[[0.758262,-0.628336,-0.173878],[-0.277615,-0.0698731,-0.958148],[0.589889,0.774798,-0.227418]],[[0.758262,-0.628336,-0.173878],[-0.541757,-0.458908,-0.704204],[0.362682,0.628171,-0.688377]]],"btipPosition":[-50.0945,249.545,4.23688],"carpPosition":[-0.0910431,294.482,75.4798],"dipPosition":[-43.4088,261.125,-8.45272],"direction":[-0.589889,-0.774798,0.227418],"extended":false,"handId":863,"id":8633,"length":63.5667,"mcpPosition":[-2.48381,304.164,14.4877],"pipPosition":[-27.2863,282.301,-14.6684],"stabilizedTipPosition":[-61.3315,203.732,213.254],"timeVisible":0.949245,"tipPosition":[-48.4675,252.019,2.39619],"tipVelocity":[26.5275,8.55078,-120.862],"tool":false,"touchDistance":0.333333,"touchZone":"none","type":3,"width":17.8352},{"bases":[[[0.642468,-0.765745,-0.0294786],[0.759246,0.630861,0.159874],[-0.103826,-0.125096,0.986697]],[[0.639285,-0.768969,-0.00164218],[0.518058,0.432265,-0.738081],[0.568271,0.470993,0.67471]],[[0.639285,-0.768969,-0.00164218],[-0.176176,-0.144385,-0.973712],[0.748517,0.622768,-0.227777]],[[0.639285,-0.768969,-0.00164218],[-0.528338,-0.437682,-0.727526],[0.558725,0.465963,-0.686079]]],"btipPosition":[-31.0775,253.248,9.12596],"carpPosition":[6.75355,282.465,73.0495],"dipPosition":[-21.5757,261.172,-2.54166],"direction":[-0.748517,-0.622768,0.227777],"extended":false,"handId":863,"id":8634,"length":49.8351,"mcpPosition":[12.6934,289.621,16.601],"pipPosition":[-7.13141,273.19,-6.93711],"stabilizedTipPosition":[-47.7826,221.559,188.231],"timeVisible":0.949245,"tipPosition":[-28.8865,254.958,7.43899],"tipVelocity":[26.4845,5.82617,-115.368],"tool":false,"touchDistance":0.333333,"touchZone":"none","type":4,"width":15.8426}],"r":[[0.901479,-0.278725,0