{"sensorType":"Leap","data":[[0,{"currentFrameRate":110.483,"devices":[],"gestures":[],"hands":[{"armBasis":[[0.714513,-0.182032,-0.675526],[0.469842,0.840274,0.270533],[0.518381,-0.510689,0.685913]],"armWidth":62.8676,"confidence":0.744236,"direction":[0.0231495,0.2979,-0.954316],"elbow":[130.609,140.261,275.171],"grabStrength":0,"id":862,"palmNormal":[-0.469774,-0.839378,-0.273416],"palmPosition":[-14.8872,292.016,41.3492],"palmVelocity":[-17.3206,123.991,-64.4514],"palmWidth":89.7729,"pinchStrength":1,"r":[[0.980837,-0.0451804,0.18952],[0.108767,0.934026,-0.340242],[-0.161645,0.354335,0.921041]],"s":0.955966,"sphereCenter":[-46.773,273.104,13.7929],"sphereRadius":45.1592,"stabilizedPalmPosition":[-14.6376,289.997,42.52],"t":[43.114,161.266,-86.6142],"timeVisible":4.70885,"type":"right","wrist":[-7.48127,276.302,92.4519]}],"id":4440480,"interactionBox":{"center":[0,200,0],"size":[235.247,235.247,147.751]},"pointables":[{"bases":[[[0.779805,0.625946,0.00983815],[-0.509162,0.625015,0.591701],[0.364223,-0.46642,0.806098]],[[0.563746,0.761671,-0.319448],[-0.751826,0.633357,0.18335],[0.341977,0.136807,0.929697]],[[0.563746,0.761671,-0.319448],[-0.823769,0.490425,-0.284409],[-0.0599603,0.423486,0.903916]],[[0.563746,0.761671,-0.319448],[-0.689158,0.220596,-0.690216],[-0.455248,0.609257,0.649272]]],"btipPosition":[-41.6998,244.089,4.96336],"carpPosition":[-37.3865,279.14,96.1501],"dipPosition":[-52.2118,258.157,19.9554],"direction":[0.0599603,-0.423486,-0.903916],"extended":false,"handId":862,"id":8620,"length":51.4192,"mcpPosition":[-37.3865,279.14,96.1501],"pipPosition":[-54.2288,272.403,50.3627],"stabilizedTipPosition":[-44.4608,246.883,8.63044],"timeVisible":4.70885,"tipPosition":[-45.3714,247.213,8.53344],"tipVelocity":[61.3971,77.5191,-34.0405],"tool":false,"touchDistance":-0.349015,"touchZone":"touching","type":0,"width":19.9791},{"bases":[[[0.873842,-0.39817,-0.279035],[0.445982,0.884979,0.133839],[0.193649,-0.241399,0.950908]],[[0.881249,-0.408022,-0.238576],[0.425259,0.904768,0.0234459],[0.20629,-0.122118,0.970841]],[[0.881249,-0.408022,-0.238576],[0.40519,0.91205,-0.0631352],[0.243354,-0.0410311,0.969069]],[[0.881249,-0.408022,-0.238576],[0.387501,0.912713,-0.129611],[0.270636,0.0217713,0.962436]]],"btipPosition":[-54.2227,318.17,-59.1164],"carpPosition":[-21.057,294.861,90.3908],"dipPosition":[-49.6606,318.537,-42.8925],"direction":[-0.243354,0.0410311,-0.969069],"extended":true,"handId":862,"id":8621,"length":58.0209,"mcpPosition":[-35.1131,312.383,21.3687],"pipPosition":[-43.8573,317.559,-19.783],"stabilizedTipPosition":[-84.2636,292.18,9.2191],"timeVisible":4.70885,"tipPosition":[-53.6293,316.715,-55.2279],"tipVelocity":[-1.89104,41.3674,-102.78],"tool":false,"touchDistance":-0.433299,"touchZone":"hovering","type":1,"width":19.0841},{"bases":[[[0.803052,-0.572118,-0.166699],[0.591438,0.799408,0.105582],[0.072855,-0.18338,0.980339]],[[0.801036,-0.567474,-0.190565],[0.182659,0.53487,-0.824954],[0.570068,0.62601,0.532104]],[[0.801036,-0.567474,-0.190565],[-0.451377,-0.363486,-0.814946],[0.393193,0.738818,-0.54731]],[[0.801036,-0.567474,-0.190565],[-0.594315,-0.715813,-0.366607],[0.0716308,0.406921,-0.91065]]],"btipPosition":[-54.4031,246.282,26.163],"carpPosition":[-9.91875,291.702,86.7095],"dipPosition":[-53.0751,253.826,9.27892],"direction":[-0.393193,-0.738818,0.54731],"extended":false,"handId":862,"id":8622,"length":66.1101,"mcpPosition":[-14.9337,304.325,19.2282],"pipPosition":[-42.0436,274.555,-6.07641],"stabilizedTipPosition":[-56.7144,242.883,26.2101],"timeVisible":4.70885,"tipPosition":[-54.0991,247.862,22.6023],"tipVelocity":[42.3361,67.9072,-20.9146],"tool":false,"touchDistance":0.333333,"touchZone":"none","type":2,"width":18.7431},{"bases":[[[0.758135,-0.651492,-0.0280989],[0.649322,0.750237,0.1246],[-0.060095,-0.112709,0.991809]],[[0.75728,-0.652916,-0.0150652],[0.336461,0.409805,-0.847852],[0.55975,0.636993,0.530019]],[[0.75728,-0.652916,-0.0150652],[-0.37626,-0.417316,-0.82721],[0.533812,0.632098,-0.561691]],[[0.75728,-0.652916,-0.0150652],[-0.607889,-0.696248,-0.38172],[0.238742,0.298227,-0.924155]]],"btipPosition":[-39.7182,241.772,31.7268],"carpPosition":[0.233487,285.66,83.9992],"dipPosition":[-35.3172,247.27,14.6909],"direction":[-0.533812,-0.632098,0.561691],"extended":false,"handId":862,"id":8623,"length":63.5667,"mcpPosition":[3.94748,292.626,22.7033],"pipPosition":[-20.7274,264.546,-0.660928],"stabilizedTipPosition":[-40.2923,240.099,27.9394],"timeVisible":4.70885,"tipPosition":[-38.9423,242.709,27.0487],"tipVelocity":[44.5938,91.0241,3.29652],"tool":false,"touchDistance":0.333333,"touchZone":"none","type":3,"width":17.8352},{"bases":[[[0.628306,-0.775103,0.0666824],[0.751458,0.626848,0.205844],[-0.20135,-0.079224,0.97631]],[[0.624916,-0.776299,0.0826988],[0.469264,0.288858,-0.834477],[0.623916,0.560286,0.544802]],[[0.624916,-0.776299,0.0826988],[-0.375456,-0.391724,-0.839991],[0.68448,0.493875,-0.536261]],[[0.624916,-0.776299,0.0826988],[-0.681425,-0.594081,-0.427467],[0.380972,0.210778,-0.900241]]],"btipPosition":[-22.8717,245.323,33.5704],"carpPosition":[7.06262,273.452,82.7727],"dipPosition":[-16.3928,248.908,18.2607],"direction":[-0.68448,-0.493875,0.536261],"extended":false,"handId":862,"id":8624,"length":49.8351,"mcpPosition":[18.5818,277.985,26.9184],"pipPosition":[-3.18429,258.438,7.91237],"stabilizedTipPosition":[-27.9066,236.31,38.6391],"timeVisible":4.70885,"tipPosition":[-21.4408,246.187,30.1823],"tipVelocity":[40.3692,106.173,-6.16261],"tool":false,"touchDistance":0.333333,"touchZone":"none","type":4,"width":15.8426}],"r":[[0.980837,-0.0451804,0.18952],[0.108767,0.934026,-0.340242],[-0.161645,0.354335,0.921041]],"s":0.955966,"t":[43.114,161.266,-86.6142],"timestamp":607096045443},false],[1,{"currentFrameRate":110.505,"devices":[],"gestures":[],"hands":[{"armBasis":[[0.719357,-0.170982,-0.673269],[0.459427,0.844076,0.276517],[0.521011,-0.508233,0.685745]],"armWidth":62.8676,"confidence":0.746779,"direction":[0.0241731,0.292417,-0.955985],"elbow":[130.794,142.189,274.821],"grabStrength":0,"id":862,"palmNormal":[-0.459592,-0.84597,-0.270387],"palmPosition":[-15.3453,292.903,40.9179],"palmVelocity":[-26.5359,116.985,-59.8913],"palmWidth":89.7729,"pinchStrength":1,"r":[[0.980654,-0.0350586,0.192583],[0.101491,0.932328,-0.34708],[-0.167382,0.359911,0.917849]],"s":0.958991,"sphereCenter":[-47.1205,273.794,13.368],"sphereRadius":45.2748,"stabilizedPalmPosition":[-14.9283,291.191,41.862],"t":[42.7317,162.293,-87.1464],"timeVisible":4.71786,"type":"right","wrist":[-7.9974,277.576,92.1461]}],"id":4440481,"interactionBox":{"center":[0,200,0],"size":[235.247,235.247,147.751]},"pointables":[{"bases":[[[0.773037,0.63429,0.00944769],[-0.518395,0.623066,0.585709],[0.365623,-0.457672,0.810467]],[[0.559104,0.765204,-0.319163],[-0.758309,0.627602,0.176305],[0.335216,0.143451,0.931156]],[[0.559104,0.765204,-0.319163],[-0.825936,0.480466,-0.294927],[-0.0723326,0.428503,0.90064]],[[0.559104,0.765204,-0.319163],[-0.685108,0.209601,-0.697635],[-0.466936,0.608711,0.641436]]],"btipPosition":[-41.2415,244.581,4.72981],"carpPosition":[-37.9472,280.116,95.6974],"dipPosition":[-52.0233,258.637,19.5409],"direction":[0.0723326,-0.428503,-0.90064],"extended":false,"handId":862,"id":8620,"length":51.4192,"mcpPosition":[-37.9472,280.116,95.6974],"pipPosition":[-54.4565,273.051,49.838],"stabilizedTipPosition":[-44.0219,247.436,8.3372],"timeVisible":4.71786,"tipPosition":[-44.9679,247.658,8.24341],"tipVelocity":[56.6101,71.1458,-33.0773],"tool":false,"touchDistance":-0.346574,"touchZone":"touching","type":0,"width":19.9791},{"bases":[[[0.879256,-0.390472,-0.272837],[0.43593,0.890478,0.130436],[0.192024,-0.233624,0.953177]],[[0.886435,-0.399785,-0.233248],[0.416564,0.908748,0.0255228],[0.20176,-0.119787,0.972082]],[[0.886435,-0.399785,-0.233248],[0.397153,0.91577,-0.0602818],[0.237702,-0.0391994,0.970547]],[[0.886435,-0.399785,-0.233248],[0.380025,0.916312,-0.126305],[0.264223,0.0233209,0.96418]]],"btipPosition":[-54.3738,318.552,-59.8748],"carpPosition":[-21.761,295.975,89.9143],"dipPosition":[-49.9198,318.945,-43.6216],"direction":[-0.237702,0.0391994,-0.970547],"extended":true,"handId":862,"id":8621,"length":58.0209,"mcpPosition":[-35.6991,312.933,20.7275],"pipPosition":[-44.2513,318.011,-20.4769],"stabilizedTipPosition":[-83.8751,292.513,8.39778],"timeVisible":4.71786,"tipPosition":[-53.7904,317.087,-55.9845],"tipVelocity":[-6.73874,41.8274,-97.459],"tool":false,"touchDistance":-0.429578,"touchZone":"hovering","type":1,"width":19.0841},{"bases":[[[0.809831,-0.56449,-0.159763],[0.582413,0.806299,0.103327],[0.0704896,-0.176725,0.981733]],[[0.807912,-0.5601,-0.18321],[0.180466,0.531108,-0.827863],[0.56099,0.635777,0.530168]],[[0.807912,-0.5601,-0.18321],[-0.444726,-0.375508,-0.81315],[0.386648,0.738432,-0.552469]],[[0.807912,-0.5601,-0.18321],[-0.585195,-0.725878,-0.361453],[0.0694618,0.399236,-0.914213]]],"btipPosition":[-54.2396,246.725,25.9608],"carpPosition":[-10.5736,292.914,86.3004],"dipPosition":[-52.9518,254.127,9.0107],"direction":[-0.386648,-0.738432,0.552469],"extended":false,"handId":862,"id":8622,"length":66.1101,"mcpPosition":[-15.4257,305.079,18.7231],"pipPosition":[-42.104,274.844,-6.48936],"stabilizedTipPosition":[-56.2179,243.877,25.4669],"timeVisible":4.71786,"tipPosition":[-53.9659,248.263,22.3227],"tipVelocity":[35.4046,61.7458,-21.7959],"tool":false,"touchDistance":0.333333,"touchZone":"none","type":2,"width":18.7431},{"bases":[[[0.765153,-0.64351,-0.0208829],[0.640734,0.757864,0.122891],[-0.0632553,-0.107411,0.9922]],[[0.764114,-0.645054,-0.00594231],[0.334608,0.40421,-0.851265],[0.551513,0.648475,0.524703]],[[0.764114,-0.645054,-0.00594231],[-0.370912,-0.431799,-0.822176],[0.527782,0.63044,-0.569202]],[[0.764114,-0.645054,-0.00594231],[-0.600103,-0.707427,-0.373395],[0.236656,0.288883,-0.927653]]],"btipPosition":[-39.5358,242.461,31.8782],"carpPosition":[-0.345692,286.965,83.6706],"dipPosition":[-35.1732,247.786,14.7778],"direction":[-0.527782,-0.63044,0.569202],"extended":false,"handId":862,"id":8623,"length":63.5667,"mcpPosition":[3.56362,293.603,22.3506],"pipPosition":[-20.7482,265.017,-0.77935],"stabilizedTipPosition":[-39.8668,240.966,27.9408],"timeVisible":4.71786,"tipPosition":[-38.7571,243.353,27.1194],"tipVelocity":[37.6331,85.8043,6.55446],"tool":false,"touchDistance":0.333333,"touchZone":"none","type":3,"width":17.8352},{"bases":[[[0.636233,-0.767932,0.0740777],[0.74382,0.636062,0.20532],[-0.20479,-0.0755307,0.975887]],[[0.633214,-0.768942,0.0881429],[0.468076,0.289759,-0.834832],[0.616397,0.569885,0.543403]],[[0.633214,-0.768942,0.0881429],[-0.370438,-0.401087,-0.837798],[0.679571,0.497854,-0.538819]],[[0.633214,-0.768942,0.0881429],[-0.674828,-0.604272,-0.42363],[0.379009,0.208767,-0.901537]]],"btipPosition":[-22.7286,246.106,33.4895],"carpPosition":[6.61852,274.824,82.5474],"dipPosition":[-16.2831,249.656,18.1577],"direction":[-0.679571,-0.497854,0.538819],"extended":false,"handId":862,"id":8624,"length":49.8351,"mcpPosition":[18.3344,279.145,26.7173],"pipPosition":[-3.16931,259.263,7.76004],"stabilizedTipPosition":[-26.775,238.113,37.1652],"timeVisible":4.71786,"tipPosition":[-21.3227,246.952,30.0517],"tipVelocity":[33.4034,100.62,-7.09186],"tool":false,"touchDistance":0.333333,"touchZone":"none","type":4,"width":15.8426}],"r":[[0.980654,-0.0350586,0.192583],[0.101491,0.932328,-0.34708],[-0.167382,0.359911,0.917849]],"s":0.958991,"t":[42.7317,162.293,-87.1464],"timestamp":607096054454},false],[2,{"currentFrameRate":110.356,"devices":[],"gestures":[],"hands":[{"armBasis":[[0.725318,-0.156959,-0.670282],[0.448266,0.846637,0.286816],[0.522467,-0.508498,0.68444]],"armWidth":62.8676,"confidence":0.712851,"direction":[0.0244877,0.281354,-0.959291],"elbow":[130.63,143.66,274.074],"grabStrength":0,"id":862,"palmNormal":[-0.449053,-0.854228,-0.262003],"palmPosition":[-15.8754,293.755,40.3149],"palmVelocity":[-35.1124,109.723,-61.243],"palmWidth":89.7729,"pinchStrength":1,"r":[[0.980351,-0.0242796,0.195762],[0.0938654,0.930261,-0.354689],[-0.173498,0.366095,0.914261]],"s":0.96184,"sphereCenter":[-47.5016,274.211,12.8921],"sphereRadius":45.3709,"stabilizedPalmPosition":[-15.3305,292.279,41.2051],"t":[42.2756,163.232,-87.714],"timeVisible":4.72718,"type":"right","wrist":[-8.5488,279.118,91.7475]}],"id":4440482,"interactionBox":{"center":[0,200,0],"size":[235.247,235.247,147.751]},"pointables":[{"bases":[[[0.765833,0.643023,0.0047308],[-0.527551,0.624067,0.576394],[0.367682,-0.443917,0.817158]],[[0.553518,0.767209,-0.324051],[-0.765181,0.622094,0.165822],[0.32881,0.156172,0.931394]],[[0.553518,0.767209,-0.324051],[-0.828573,0.467964,-0.30737],[-0.0841731,0.438634,0.894715]],[[0.553518,0.767209,-0.324051],[-0.681942,0.194155,-0.705166],[-0.478094,0.611305,0.63066]]],"btipPosition":[-40.8612,244.8,4.62864],"carpPosition":[-38.5383,281.362,95.1597],"dipPosition":[-51.9006,258.915,19.1909],"direction":[0.0841731,-0.438634,-0.894715],"extended":false,"handId":862,"id":8620,"length":51.4192,"mcpPosition":[-38.5383,281.362,95.1597],"pipPosition":[-54.7322,273.671,49.2887],"stabilizedTipPosition":[-43.6527,247.798,8.12387],"timeVisible":4.72718,"tipPosition":[-44.6377,247.858,8.07357],"tipVelocity":[50.3335,58.0731,-28.5246],"tool":false,"touchDistance":-0.342626,"touchZone":"touching","type":0,"width":19.9791},{"bases":[[[0.884601,-0.383742,-0.264995],[0.42542,0.89681,0.121448],[0.191045,-0.220168,0.956571]],[[0.891639,-0.392378,-0.225876],[0.407246,0.913066,0.0214685],[0.197816,-0.111129,0.973919]],[[0.891639,-0.392378,-0.225876],[0.388334,0.919293,-0.0640052],[0.232761,-0.0306459,0.972051]],[[0.891639,-0.392378,-0.225876],[0.371629,0.919252,-0.129876],[0.258598,0.0318598,0.96546]]],"btipPosition":[-54.6714,318.218,-60.923],"carpPosition":[-22.5094,297.333,89.2478],"dipPosition":[-50.3122,318.756,-44.6482],"direction":[-0.232761,0.0306459,-0.972051],"extended":true,"handId":862,"id":8621,"length":58.0209,"mcpPosition":[-36.3765,313.314,19.8146],"pipPosition":[-44.7615,318.025,-21.4676],"stabilizedTipPosition":[-83.5975,292.75,7.79517],"timeVisible":4.72718,"tipPosition":[-54.0967,316.789,-57.022],"tipVelocity":[-14.5234,20.8687,-101.537],"tool":false,"touchDistance":-0.430602,"touchZone":"hovering","type":1,"width":19.0841},{"bases":[[[0.816707,-0.557184,-0.150118],[0.572939,0.813972,0.0958712],[0.0687738,-0.164307,0.984009]],[[0.814864,-0.553164,-0.173223],[0.177522,0.522633,-0.833871],[0.5518,0.64874,0.524074]],[[0.814864,-0.553164,-0.173223],[-0.438139,-0.392121,-0.808873],[0.379515,0.735017,-0.561888]],[[0.814864,-0.553164,-0.173223],[-0.575785,-0.737976,-0.351941],[0.0668466,0.386523,-0.919854]]],"btipPosition":[-54.1372,247.026,25.8735],"carpPosition":[-11.2749,294.356,85.7111],"dipPosition":[-52.8978,254.193,8.81879],"direction":[-0.379515,-0.735017,0.561888],"extended":false,"handId":862,"id":8622,"length":66.1101,"mcpPosition":[-16.0089,305.666,17.9771],"pipPosition":[-42.2501,274.814,-6.94556],"stabilizedTipPosition":[-55.7896,244.745,24.8303],"timeVisible":4.72718,"tipPosition":[-53.891,248.505,22.1599],"tipVelocity":[28.1578,51.7877,-19.0087],"tool":false,"touchDistance":0.333333,"touchZone":"none","type":2,"width":18.7431},{"bases":[[[0.772396,-0.635054,-0.0104738],[0.631725,0.766431,0.11622],[-0.0657786,-0.0963846,0.993168]],[[0.771236,-0.636526,0.00553823],[0.333427,0.396549,-0.855322],[0.542238,0.661501,0.518068]],[[0.771236,-0.636526,0.00553823],[-0.363832,-0.447937,-0.816688],[0.522323,0.627844,-0.577054]],[[0.771236,-0.636526,0.00553823],[-0.591327,-0.719638,-0.36394],[0.235643,0.277409,-0.931406]]],"btipPosition":[-39.4284,243.014,31.9132],"carpPosition":[-0.971069,288.491,83.1892],"dipPosition":[-35.0846,248.128,14.7436],"direction":[-0.522323,-0.627844,0.577054],"extended":false,"handId":862,"id":8623,"length":63.5667,"mcpPosition":[3.09419,294.448,21.8093],"pipPosition":[-20.8087,265.288,-1.02815],"stabilizedTipPosition":[-39.5126,241.761,27.9466],"timeVisible":4.72718,"tipPosition":[-38.6459,243.844,27.1436],"tipVelocity":[30.1115,76.8371,5.27826],"tool":false,"touchDistance":0.333333,"touchZone":"none","type":3,"width":17.8352},{"bases":[[[0.644524,-0.75979,0.085487],[0.735861,0.64678,0.200461],[-0.207599,-0.0662952,0.975965]],[[0.641777,-0.760586,0.0981369],[0.466745,0.28585,-0.836922],[0.608499,0.582923,0.538452]],[[0.641777,-0.760586,0.0981369],[-0.364913,-0.415421,-0.833225],[0.674507,0.498933,-0.544156]],[[0.641777,-0.760586,0.0981369],[-0.667709,-0.617125,-0.416319],[0.377209,0.201657,-0.903907]]],"btipPosition":[-22.6495,246.816,33.4889],"carpPosition":[6.13307,276.417,82.2353],"dipPosition":[-16.2346,250.245,18.1168],"direction":[-0.674507,-0.498933,0.544156],"extended":false,"handId":862,"id":8624,"length":49.8351,"mcpPosition":[18.0097,280.209,26.4007],"pipPosition":[-3.21848,259.874,7.61618],"stabilizedTipPosition":[-25.7742,239.809,35.8765],"timeVisible":4.72718,"tipPosition":[-21.2642,247.625,30.0106],"tipVelocity":[26.1404,92.8517,-5.38366],"tool":false,"touchDistance":0.333333,"touchZone":"none","type":4,"width":15.8426}],"r":[[0.980351,-0.0242796,0.195762],[0.0938654,0.930261,-0.354689],[-0.173498,0.366095,0.914261]],"s":0.96184,"t":[42.2756,163.232,-87.714],"timestamp":607096063779},false],[3,{"currentFrameRate":110.539,"devices":[],"gestures":[],"hands":[{"armBasis":[[0.731192,-0.144125,-0.666773],[0.439626,0.846942,0.29903],[0.52162,-0.511779,0.682638]],"armWidth":62.8676,"confidence":0.724763,"direction":[0.0241575,0.273096,-0.961684],"elbow":[129.95,144.1,273.239],"grabStrength":0,"id":862,"palmNormal":[-0.441189,-0.860307,-0.25539],"palmPosition":[-16.3433,294.552,39.8173],"palmVelocity":[-40.0667,104.841,-60.12],"palmWidth":89.7729,"pinchStrength":1,"r":[[0.97997,-0.0136176,0.198681],[0.0863653,0.92802,-0.36238],[-0.179445,0.37228,0.910608]],"s":0.964878,"sphereCenter":[-47.9046,274.782,12.528],"sphereRadius":45.469,"stabilizedPalmPosition":[-15.7404,293.199,40.6435],"t":[41.8135,164.1,-88.2466],"timeVisible":4.73591,"type":"right","wrist":[-9.00313,280.432,91.3923]}],"id":4440483,"interactionBox":{"center":[0,200,0],"size":[235.247,235.247,147.751]},"pointables":[{"bases":[[[0.760311,0.649558,0.000651231],[-0.534094,0.624588,0.569766],[0.369689,-0.433547,0.821807]],[[0.549288,0.768679,-0.327742],[-0.770148,0.617881,0.158415],[0.324276,0.165394,0.931391]],[[0.549288,0.768679,-0.327742],[-0.830403,0.458302,-0.316846],[-0.0933477,0.446198,0.890053]],[[0.549288,0.768679,-0.327742],[-0.679493,0.182577,-0.710602],[-0.486387,0.613024,0.622599]]],"btipPosition":[-40.6174,245.14,4.53412],"carpPosition":[-39.018,282.45,94.7221],"dipPosition":[-51.8484,259.295,18.9103],"direction":[0.0933477,-0.446198,-0.890053],"extended":false,"handId":862,"id":8620,"length":51.4192,"mcpPosition":[-39.018,282.45,94.7221],"pipPosition":[-54.9885,274.305,48.8512],"stabilizedTipPosition":[-43.4013,248.13,7.96639],"timeVisible":4.73591,"tipPosition":[-44.4306,248.185,7.92657],"tipVelocity":[42.9978,53.2394,-25.1082],"tool":false,"touchDistance":-0.338757,"touchZone":"touching","type":0,"width":19.9791},{"bases":[[[0.88841,-0.378489,-0.259757],[0.417497,0.901446,0.114416],[0.190852,-0.210096,0.958872]],[[0.895329,-0.386585,-0.221219],[0.400489,0.916083,0.020002],[0.194923,-0.106504,0.975019]],[[0.895329,-0.386585,-0.221219],[0.382018,0.921875,-0.0648745],[0.229016,-0.0264257,0.973064]],[[0.895329,-0.386585,-0.221219],[0.365688,0.921556,-0.13041],[0.254281,0.035863,0.966465]]],"btipPosition":[-54.9762,318.295,-61.7227],"carpPosition":[-23.1131,298.505,88.7028],"dipPosition":[-50.6898,318.899,-45.4309],"direction":[-0.229016,0.0264257,-0.973064],"extended":true,"handId":862,"id":8621,"length":58.0209,"mcpPosition":[-36.9661,313.755,19.1026],"pipPosition":[-45.2284,318.269,-22.2262],"stabilizedTipPosition":[-83.41,292.913,7.37875],"timeVisible":4.73591,"tipPosition":[-54.4136,316.868,-57.8147],"tipVelocity":[-20.4986,18.1086,-98.7832],"tool":false,"touchDistance":-0.427811,"touchZone":"hovering","type":1,"width":19.0841},{"bases":[[[0.821749,-0.551486,-0.143495],[0.565771,0.819649,0.089878],[0.0680493,-0.155043,0.985561]],[[0.819968,-0.547777,-0.16611],[0.17159,0.512073,-0.841628],[0.546085,0.661605,0.513877]],[[0.819968,-0.547777,-0.16611],[-0.436931,-0.41149,-0.799855],[0.369789,0.728434,-0.57675]],[[0.819968,-0.547777,-0.16611],[-0.569328,-0.750388,-0.335832],[0.059314,0.369943,-0.927159]]],"btipPosition":[-53.9741,247.506,26.3088],"carpPosition":[-11.846,295.592,85.216],"dipPosition":[-52.8744,254.365,9.11866],"direction":[-0.369789,-0.728434,0.57675],"extended":false,"handId":862,"id":8622,"length":66.1101,"mcpPosition":[-16.5301,306.265,17.3751],"pipPosition":[-42.4996,274.802,-7.06264],"stabilizedTipPosition":[-55.4331,245.493,24.4037],"timeVisible":4.73591,"tipPosition":[-53.813,248.908,22.3322],"tipVelocity":[24.644,50.4671,-1.53791],"tool":false,"touchDistance":0.333333,"touchZone":"none","type":2,"width":18.7431},{"bases":[[[0.777803,-0.6285,-0.00326215],[0.624917,0.772793,0.110768],[-0.0670967,-0.0881942,0.993841]],[[0.776548,-0.62991,0.0136536],[0.331942,0.390604,-0.858628],[0.535526,0.671298,0.512417]],[[0.776548,-0.62991,0.0136536],[-0.359081,-0.460271,-0.811918],[0.51772,0.625591,-0.583611]],[[0.776548,-0.62991,0.0136536],[-0.584935,-0.728818,-0.355914],[0.234145,0.268398,-0.934419]]],"btipPosition":[-39.4137,243.607,31.9337],"carpPosition":[-1.48713,289.794,82.7673],"dipPosition":[-35.0975,248.554,14.7085],"direction":[-0.51772,-0.625591,0.583611],"extended":false,"handId":862,"id":8623,"length":63.5667,"mcpPosition":[2.65958,295.245,21.3459],"pipPosition":[-20.9474,265.653,-1.24242],"stabilizedTipPosition":[-39.2624,242.445,27.9524],"timeVisible":4.73591,"tipPosition":[-38.6318,244.389,27.1522],"tipVelocity":[22.3173,73.288,4.10386],"tool":false,"touchDistance":0.333333,"touchZone":"none","type":3,"width":17.8352},{"bases":[[[0.650791,-0.753474,0.0935291],[0.729887,0.654783,0.196278],[-0.209131,-0.0594701,0.976078]],[[0.648412,-0.754092,0.10444],[0.46411,0.282811,-0.839416],[0.60346,0.592759,0.533359]],[[0.648412,-0.754092,0.10444],[-0.362873,-0.426748,-0.828378],[0.669243,0.499231,-0.550348]],[[0.648412,-0.754092,0.10444],[-0.663416,-0.626999,-0.408352],[0.373419,0.195493,-0.90683]]],"btipPosition":[-22.6313,247.538,33.5289],"carpPosition":[5.72172,277.773,81.9348],"dipPosition":[-16.2809,250.862,18.1071],"direction":[-0.669243,-0.499231,0.550348],"extended":false,"handId":862,"id":8624,"length":49.8351,"mcpPosition":[17.686,281.175,26.0938],"pipPosition":[-3.36641,260.496,7.48694],"stabilizedTipPosition":[-24.9908,241.254,34.8734],"timeVisible":4.73591,"tipPosition":[-21.2754,248.309,29.9858],"tipVelocity":[19.2524,89.4094,-3.0698],"tool":false,"touchDistance":0.333333,"touchZone":"none","type":4,"width":15.8426}],"r":[[0.97997,-0.0136176,0.198681],[0.0863653,0.92802,-0.36238],[-0.179445,0.37228,0.910608]],"s":0.964878,"t":[41.8135,164.1,-88.2466],"timestamp":607096072501},false],[4,{"currentFrameRate":110.533,"devices":[],"gestures":[],"hands":[{"armBasis":[[0.737143,-0.132556,-0.662608],[0.42854,0.849866,0.306728],[0.522469,-0.510056,0.683278]],"armWidth":62.8676,"confidence":0.731945,"direction":[0.0229215,0.266706,-0.963505],"elbow":[129.81,145.548,273.034],"grabStrength":0,"id":862,"palmNormal":[-0.430645,-0.867127,-0.250272],"palmPosition":[-16.7694,295.098,39.3314],"palmVelocity":[-41.9903,92.5348,-58.3319],"palmWidth":89.7729,"pinchStrength":1,"r":[[0.979518,-0.0025164,0.201339],[0.0783875,0.925805,-0.369785],[-0.18547,0.377993,0.90704]],"s":0.967895,"sphereCenter":[-48.206,275.025,12.1345],"sphereRadius":45.5634,"stabilizedPalmPosition":[-16.1616,293.977,40.1063],"t":[41.3695,164.808,-88.7558],"timeVisible":4.74496,"type":"right","wrist":[-9.36959,281.421,91.0171]}],"id":4440484,"interactionBox":{"center":[0,200,0],"size":[235.247,235.247,147.751]},"pointables":[{"bases":[[[0.752708,0.65835,-0.00238051],[-0.542464,0.622254,0.564386],[0.373045,-0.423527,0.825507]],[[0.54251,0.772434,-0.330196],[-0.777051,0.610779,0.152118],[0.319178,0.174054,0.931574]],[[0.54251,0.772434,-0.330196],[-0.833703,0.446848,-0.324447],[-0.103066,0.451301,0.8864]],[[0.54251,0.772434,-0.330196],[-0.677847,0.17035,-0.715195],[-0.496192,0.611823,0.616008]]],"btipPosition":[-40.2075,245.232,4.35285],"carpPosition":[-39.4125,283.113,94.2748],"dipPosition":[-51.6649,259.359,18.5768],"direction":[0.103066,-0.451301,-0.8864],"extended":false,"handId":862,"id":8620,"length":51.4192,"mcpPosition":[-39.4125,283.113,94.2748],"pipPosition":[-55.132,274.541,48.3949],"stabilizedTipPosition":[-43.0961,248.322,7.77948],"timeVisible":4.74496,"tipPosition":[-44.0578,248.245,7.70527],"tipVelocity":[42.0329,41.1555,-24.7678],"tool":false,"touchDistance":-0.336458,"touchZone":"touching","type":0,"width":19.9791},{"bases":[[[0.89327,-0.369913,-0.255406],[0.406761,0.907012,0.108971],[0.191346,-0.20123,0.960673]],[[0.90013,-0.377571,-0.217272],[0.390749,0.920289,0.019563],[0.192567,-0.102508,0.975915]],[[0.90013,-0.377571,-0.217272],[0.372559,0.925714,-0.0652219],[0.225758,-0.0222385,0.97393]],[[0.90013,-0.377571,-0.217272],[0.356472,0.925104,-0.13081],[0.250389,0.0402947,0.967306]]],"btipPosition":[-55.339,318.112,-62.4539],"carpPosition":[-23.6831,299.31,88.1752],"dipPosition":[-51.1182,318.791,-46.148],"direction":[-0.225758,0.0222385,-0.97393],"extended":true,"handId":862,"id":8621,"length":58.0209,"mcpPosition":[-37.5721,313.916,18.4442],"pipPosition":[-45.7346,318.261,-22.9226],"stabilizedTipPosition":[-83.2687,293.036,7.05711],"timeVisible":4.74496,"tipPosition":[-54.7782,316.708,-58.5434],"tipVelocity":[-26.3574,8.05774,-93.6995],"tool":false,"touchDistance":-0.424283,"touchZone":"hovering","type":1,"width":19.0841},{"bases":[[[0.828391,-0.542866,-0.138077],[0.556025,0.826778,0.0852879],[0.0678588,-0.147426,0.986743]],[[0.82664,-0.539387,-0.160398],[0.166651,0.5069,-0.845742],[0.537488,0.672394,0.508913]],[[0.82664,-0.539387,-0.160398],[-0.431663,-0.424938,-0.795672],[0.361016,0.726973,-0.584105]],[[0.82664,-0.539387,-0.160398],[-0.560062,-0.760866,-0.327741],[0.0547377,0.360756,-0.931052]]],"btipPosition":[-53.7511,247.591,26.2565],"carpPosition":[-12.376,296.504,84.7304],"dipPosition":[-52.7363,254.28,8.99417],"direction":[-0.361016,-0.726973,0.584105],"extended":false,"handId":862,"id":8622,"length":66.1101,"mcpPosition":[-17.047,306.652,16.8082],"pipPosition":[-42.6076,274.676,-7.39348],"stabilizedTipPosition":[-55.0915,246.141,24.0261],"timeVisible":4.74496,"tipPosition":[-53.6241,248.948,22.2007],"tipVelocity":[24.0411,37.9552,-3.2137],"tool":false,"touchDistance":0.333333,"touchZone":"none","type":2,"width":18.7431},{"bases":[[[0.785059,-0.619415,0.00260177],[0.615669,0.780759,0.106617],[-0.0680714,-0.0820986,0.994297]],[[0.783702,-0.620797,0.0205573],[0.328827,0.386582,-0.861642],[0.526958,0.68203,0.5071]],[[0.783702,-0.620797,0.0205573],[-0.353658,-0.473181,-0.806862],[0.510625,0.625069,-0.590382]],[[0.783702,-0.620797,0.0205573],[-0.576635,-0.739456,-0.347414],[0.230875,0.260415,-0.937486]]],"btipPosition":[-39.18,243.934,31.9562],"carpPosition":[-1.94553,290.81,82.3421],"dipPosition":[-34.924,248.735,14.6745],"direction":[-0.510625,-0.625069,0.590382],"extended":false,"handId":862,"id":8623,"length":63.5667,"mcpPosition":[2.26143,295.884,20.8925],"pipPosition":[-20.9679,265.819,-1.46148],"stabilizedTipPosition":[-39.0164,243.046,27.9591],"timeVisible":4.74496,"tipPosition":[-38.4075,244.67,27.1455],"tipVelocity":[22.8577,62.0088,3.26175],"tool":false,"touchDistance":0.333333,"touchZone":"none","type":3,"width":17.8352},{"bases":[[[0.659314,-0.745187,0.100011],[0.721831,0.664571,0.193146],[-0.210394,-0.0551525,0.97606]],[[0.657506,-0.745627,0.108283],[0.45899,0.282415,-0.84236],[0.597506,0.603558,0.527925]],[[0.657506,-0.745627,0.108283],[-0.361012,-0.437916,-0.823347],[0.661329,0.502264,-0.557113]],[[0.657506,-0.745627,0.108283],[-0.657693,-0.638102,-0.400332],[0.367594,0.192004,-0.90995]]],"btipPosition":[-22.4171,248.01,33.5751],"carpPosition":[5.40421,278.868,81.6069],"dipPosition":[-16.1657,251.275,18.1003],"direction":[-0.661329,-0.502264,0.557113],"extended":false,"handId":862,"id":8624,"length":49.8351,"mcpPosition":[17.4408,282.023,25.7669],"pipPosition":[-3.40395,260.968,7.34962],"stabilizedTipPosition":[-24.2828,242.579,34.0161],"timeVisible":4.74496,"tipPosition":[-21.0959,248.754,29.9406],"tipVelocity":[19.7724,78.704,-1.18359],"tool":false,"touchDistance":0.333333,"touchZone":"none","type":4,"width":15.8426}],"r":[[0.979518,-0.0025164,0.201339],[0.0783875,0.925805,-0.369785],[-0.18547,0.377993,0.90704]],"s":0.967895,"t":[41.3695,164.808,-88.7558],"timestamp":607096081559},false],[5,{"currentFrameRate":110.531,"devices":[],"gestures":[],"hands":[{"armBasis":[[0.742223,-0.125943,-0.658212],[0.420916,0.851887,0.311639],[0.521473,-0.508358,0.685301]],"armWidth":62.8676,"confidence":0.734701,"direction":[0.0214073,0.263941,-0.964301],"elbow":[129.331,146.742,273.167],"grabStrength":0,"id":862,"palmNormal":[-0.423284,-0.871418,-0.247914],"palmPosition":[-17.0585,295.62,38.8785],"palmVelocity":[-39.219,82.9108,-56.0463],"palmWidth":89.7729,"pinchStrength":1,"r":[[0.979035,0.00812056,0.203529],[0.0705588,0.923821,-0.376267],[-0.19108,0.38274,0.90388]],"s":0.971218,"sphereCenter":[-48.5149,275.516,11.7415],"sphereRadius":45.6854,"stabilizedPalmPosition":[-16.5164,294.627,39.6206],"t":[41.0029,165.422,-89.2369],"timeVisible":4.75401,"type":"right","wrist":[-9.58296,282.162,90.611]}],"id":4440485,"interactionBox":{"center":[0,200,0],"size":[235.247,235.247,147.751]},"pointables":[{"bases":[[[0.747243,0.66454,-0.00387543],[-0.547993,0.61947,0.562103],[0.37594,-0.417904,0.827058]],[[0.537604,0.775644,-0.330695],[-0.781737,0.605475,0.149286],[0.316021,0.17826,0.931855]],[[0.537604,0.775644,-0.330695],[-0.835978,0.439085,-0.32916],[-0.110107,0.453411,0.884474]],[[0.537604,0.775644,-0.330695],[-0.67607,0.162138,-0.718777],[-0.503897,0.609991,0.611555]]],"btipPosition":[-39.866,245.499,4.07446],"carpPosition":[-39.6412,283.616,93.8426],"dipPosition":[-51.5012,259.584,18.1956],"direction":[0.110107,-0.453411,-0.884474],"extended":false,"handId":862,"id":8620,"length":51.4192,"mcpPosition":[-39.6412,283.616,93.8426],"pipPosition":[-55.2052,274.836,47.9489],"stabilizedTipPosition":[-42.8112,248.536,7.5444],"timeVisible":4.75401,"tipPosition":[-43.7462,248.49,7.39003],"tipVelocity":[39.6024,37.6466,-27.1424],"tool":false,"touchDistance":-0.335677,"touchZone":"touching","type":0,"width":19.9791},{"bases":[[[0.89648,-0.363295,-0.253654],[0.399172,0.910672,0.106475],[0.192314,-0.196704,0.961417]],[[0.90325,-0.370633,-0.216267],[0.384199,0.922967,0.0228646],[0.191133,-0.103742,0.976067]],[[0.90325,-0.370633,-0.216267],[0.366236,0.92848,-0.0616036],[0.223632,-0.0235612,0.974389]],[[0.90325,-0.370633,-0.216267],[0.350339,0.927958,-0.127104],[0.247795,0.0390396,0.968026]]],"btipPosition":[-55.6128,318.502,-63.0082],"carpPosition":[-24.0418,299.923,87.7043],"dipPosition":[-51.4357,319.16,-46.6902],"direction":[-0.223632,0.0235612,-0.974389],"extended":true,"handId":862,"id":8621,"length":58.0209,"mcpPosition":[-38.001,314.201,17.9194],"pipPosition":[-46.1027,318.598,-23.4538],"stabilizedTipPosition":[-83.1578,293.136,6.80007],"timeVisible":4.75401,"tipPosition":[-55.0524,317.083,-59.1015],"tipVelocity":[-27.7366,17.5805,-84.6628],"tool":false,"touchDistance":-0.418461,"touchZone":"hovering","type":1,"width":19.0841},{"bases":[[[0.832948,-0.536419,-0.135841],[0.549112,0.831603,0.0831408],[0.0683674,-0.143844,0.987236]],[[0.831212,-0.533071,-0.157865],[0.162645,0.504692,-0.84784],[0.531632,0.679059,0.506208]],[[0.831212,-0.533071,-0.157865],[-0.428211,-0.432772,-0.793312],[0.354572,0.72701,-0.587992]],[[0.831212,-0.533071,-0.157865],[-0.553588,-0.767431,-0.323403],[0.0512462,0.356208,-0.933]]],"btipPosition":[-53.5956,247.808,26.0419],"carpPosition":[-12.7094,297.201,84.276],"dipPosition":[-52.6454,254.412,8.74354],"direction":[-0.354572,-0.72701,0.587992],"extended":false,"handId":862,"id":8622,"length":66.1101,"mcpPosition":[-17.4154,307.102,16.3198],"pipPosition":[-42.6975,274.809,-7.75319],"stabilizedTipPosition":[-54.793,246.696,23.6843],"timeVisible":4.75401,"tipPosition":[-53.49,249.144,21.939],"tipVelocity":[21.6972,33.4922,-9.11945],"tool":false,"touchDistance":0.333333,"touchZone":"none","type":2,"width":18.7431},{"bases":[[[0.79015,-0.612893,0.00504123],[0.609119,0.786144,0.104652],[-0.0681034,-0.0796198,0.994496]],[[0.788697,-0.614309,0.0241317],[0.324997,0.383294,-0.864559],[0.521857,0.689718,0.501951]],[[0.788697,-0.614309,0.0241317],[-0.351796,-0.483158,-0.801747],[0.50418,0.623846,-0.597176]],[[0.788697,-0.614309,0.0241317],[-0.571549,-0.747128,-0.339311],[0.226471,0.253821,-0.940364]]],"btipPosition":[-38.9808,244.373,31.9798],"carpPosition":[-2.23054,291.586,81.9123],"dipPosition":[-34.806,249.052,14.6451],"direction":[-0.50418,-0.623846,0.597176],"extended":false,"handId":862,"id":8623,"length":63.5667,"mcpPosition":[1.9784,296.507,20.4504],"pipPosition":[-21.0261,266.103,-1.67659],"stabilizedTipPosition":[-38.7914,243.589,27.9667],"timeVisible":4.75401,"tipPosition":[-38.2223,245.076,27.1077],"tipVelocity":[22.0537,57.4252,2.71048],"tool":false,"touchDistance":0.333333,"touchZone":"none","type":3,"width":17.8352},{"bases":[[[0.665378,-0.739401,0.102748],[0.716175,0.671103,0.191609],[-0.210631,-0.0539071,0.976078]],[[0.664257,-0.739676,0.107901],[0.451986,0.282472,-0.84612],[0.595375,0.610811,0.521957]],[[0.664257,-0.739676,0.107901],[-0.364146,-0.446265,-0.817463],[0.65281,0.503713,-0.565785]],[[0.664257,-0.739676,0.107901],[-0.655809,-0.645941,-0.390736],[0.358716,0.188787,-0.914157]]],"btipPosition":[-22.1999,248.547,33.6331],"carpPosition":[5.21818,279.703,81.2188],"dipPosition":[-16.0995,251.758,18.0867],"direction":[-0.65281,-0.503713,0.565785],"extended":false,"handId":862,"id":8624,"length":49.8351,"mcpPosition":[17.2683,282.787,25.3778],"pipPosition":[-3.50211,261.478,7.16866],"stabilizedTipPosition":[-23.6705,243.757,33.3208],"timeVisible":4.75401,"tipPosition":[-20.9266,249.256,29.8569],"tipVelocity":[19.8808,72.9877,0.407091],"tool":false,"touchDistance":0.333333,"touchZone":"none","type":4,"width":15.8426}],"r":[[0.979035,0.00812056,0.203529],[0.0705588,0.923821,-0.376267],[-0.19108,0.38274,0.90388]],"s":0.971218,"t":[41.0029,165.422,-89.2369],"timestamp":607096090609},false],[6,{"currentFrameRate":110.519,"devices":[],"gestures":[],"hands":[{"armBasis":[[0.748767,-0.117095,-0.652409],[0.409875,0.855324,0.316897],[0.520913,-0.504688,0.688432]],"armWidth":62.8676,"confidence":0.739135,"direction":[0.0190469,0.257241,-0.96616],"elbow":[129.081,148.42,273.591],"grabStrength":0,"id":862,"palmNormal":[-0.412636,-0.878175,-0.24195],"palmPosition":[-17.2769,295.858,38.3675],"palmVelocity":[-35.0349,67.2436,-56.1247],"palmWidth":89.7729,"pinchStrength":1,"r":[[0.978499,0.0192718,0.205351],[0.062176,0.921748,-0.382773],[-0.196659,0.387311,0.900731]],"s":0.974735,"sphereCenter":[-48.648,275.468,11.3711],"sphereRadius":45.7943,"stabilizedPalmPosition":[-16.7953,295.078,39.1611],"t":[40.7104,165.848,-89.7329],"timeVisible":4.76308,"type":"right","wrist":[-9.68379,282.863,90.201]}],"id":4440486,"interactionBox":{"center":[0,200,0],"size":[235.247,235.247,147.751]},"pointables":[{"bases":[[[0.739251,0.673381,-0.0081053],[-0.55582,0.616898,0.557226],[0.380225,-0.407425,0.830321]],[[0.529257,0.779503,-0.335056],[-0.788665,0.597597,0.144518],[0.312881,0.18776,0.931049]],[[0.529257,0.779503,-0.335056],[-0.840347,0.427107,-0.333761],[-0.117063,0.458209,0.881102]],[[0.529257,0.779503,-0.335056],[-0.676405,0.149239,-0.721252],[-0.512214,0.608361,0.606245]]],"btipPosition":[-39.404,245.271,3.90751],"carpPosition":[-39.7599,283.98,93.3999],"dipPosition":[-51.2313,259.319,17.906],"direction":[0.117063,-0.458209,-0.881102],"extended":false,"handId":862,"id":8620,"length":51.4192,"mcpPosition":[-39.7599,283.98,93.3999],"pipPosition":[-55.1692,274.733,47.5459],"stabilizedTipPosition":[-42.4834,248.52,7.3453],"timeVisible":4.76308,"tipPosition":[-43.2957,248.23,7.19486],"tipVelocity":[41.387,20.0448,-25.5865],"tool":false,"touchDistance":-0.333369,"touchZone":"touching","type":0,"width":19.9791},{"bases":[[[0.900966,-0.354364,-0.250371],[0.388173,0.916122,0.100214],[0.193858,-0.187477,0.962949]],[[0.90769,-0.36124,-0.213552],[0.374092,0.927137,0.021727],[0.190143,-0.0996094,0.97669]],[[0.90769,-0.36124,-0.213552],[0.356244,0.932278,-0.0628318],[0.221787,-0.0190448,0.974909]],[[0.90769,-0.36124,-0.213552],[0.340456,0.931437,-0.128514],[0.245335,0.0439461,0.968442]]],"btipPosition":[-55.9071,317.972,-63.7137],"carpPosition":[-24.3515,300.428,87.1559],"dipPosition":[-51.7715,318.713,-47.3886],"direction":[-0.221787,0.0190448,-0.974909],"extended":true,"handId":862,"id":8621,"length":58.0209,"mcpPosition":[-38.4227,314.036,17.2598],"pipPosition":[-46.4825,318.258,-24.1399],"stabilizedTipPosition":[-83.0717,293.212,6.59645],"timeVisible":4.76308,"tipPosition":[-55.3382,316.575,-59.8057],"tipVelocity":[-29.3291,-2.86358,-82.7084],"tool":false,"touchDistance":-0.415506,"touchZone":"hovering","type":1,"width":19.0841},{"bases":[[[0.83941,-0.527384,-0.131362],[0.539066,0.838685,0.0775601],[0.0692673,-0.135917,0.988296]],[[0.83768,-0.524261,-0.15311],[0.157168,0.499872,-0.85172],[0.523059,0.689404,0.50113]],[[0.83768,-0.524261,-0.15311],[-0.42266,-0.444715,-0.789676],[0.345906,0.726209,-0.594113]],[[0.83768,-0.524261,-0.15311],[-0.544124,-0.7769,-0.31679],[0.0471297,0.34868,-0.936056]]],"btipPosition":[-53.2054,247.548,25.9185],"carpPosition":[-12.9845,297.817,83.7557],"dipPosition":[-52.3316,254.013,8.56345],"direction":[-0.345906,-0.726209,0.594113],"extended":false,"handId":862,"id":8622,"length":66.1101,"mcpPosition":[-17.7525,307.173,15.7266],"pipPosition":[-42.6269,274.388,-8.10499],"stabilizedTipPosition":[-54.4958,247.085,23.3923],"timeVisible":4.76308,"tipPosition":[-53.1188,248.85,21.7825],"tipVelocity":[27.0535,15.349,-10.7569],"tool":false,"touchDistance":0.333333,"touchZone":"none","type":2,"width":18.7431},{"bases":[[[0.797413,-0.60335,0.0100352],[0.599594,0.794102,0.0994419],[-0.0679673,-0.0732792,0.994993]],[[0.795856,-0.604723,0.0303899],[0.31903,0.376147,-0.869904],[0.51462,0.702013,0.492284]],[[0.795856,-0.604723,0.0303899],[-0.348569,-0.498624,-0.793646],[0.49509,0.621035,-0.60762]],[[0.795856,-0.604723,0.0303899],[-0.563691,-0.75831,-0.327441],[0.221056,0.243465,-0.944383]]],"btipPosition":[-38.5288,244.432,32.2627],"carpPosition":[-2.43734,292.311,81.4402],"dipPosition":[-34.4538,248.92,14.8539],"direction":[-0.49509,-0.621035,0.60762],"extended":false,"handId":862,"id":8623,"length":63.5667,"mcpPosition":[1.76319,296.84,19.9476],"pipPosition":[-20.9223,265.894,-1.75323],"stabilizedTipPosition":[-38.5309,243.996,28.0301],"timeVisible":4.76308,"tipPosition":[-37.7805,245.088,27.3054],"tipVelocity":[29.0333,42.004,10.0621],"tool":false,"touchDistance":0.333333,"touchZone":"none","type":3,"width":17.8352},{"bases":[[[0.674082,-0.730636,0.108558],[0.707945,0.680978,0.187304],[-0.210777,-0.0494053,0.976285]],[[0.673604,-0.730746,0.110766],[0.443658,0.279918,-0.85136],[0.591122,0.622621,0.512755]],[[0.673604,-0.730746,0.110766],[-0.365565,-0.459662,-0.809366],[0.642355,0.5047,-0.576765]],[[0.673604,-0.730746,0.110766],[-0.651296,-0.657728,-0.378427],[0.349387,0.182768,-0.91898]]],"btipPosition":[-21.7476,248.771,33.8551],"carpPosition":[5.15342,280.513,80.8377],"dipPosition":[-15.8058,251.879,18.2267],"direction":[-0.642355,-0.5047,0.576765],"extended":false,"handId":862,"id":8624,"length":49.8351,"mcpPosition":[17.2119,283.34,24.9849],"pipPosition":[-3.41016,261.619,7.09677],"stabilizedTipPosition":[-23.1009,244.749,32.7909],"timeVisible":4.76308,"tipPosition":[-20.5183,249.433,29.9381],"tipVelocity":[27.0571,58.9171,6.48547],"tool":false,"touchDistance":0.333333,"touchZone":"none","type":4,"width":15.8426}],"r":[[0.978499,0.0192718,0.205351],[0.062176,0.921748,-0.382773],[-0.196659,0.387311,0.900731]],"s":0.974735,"t":[40.7104,165.848,-89.7329],"timestamp":607096099680},false],[7,{"curre