{"sensorType":"Leap","data":[[0,{"currentFrameRate":110.23,"devices":[],"gestures":[],"hands":[{"armBasis":[[0.885948,-0.229758,-0.402874],[0.403313,0.81056,0.424653],[0.228986,-0.538705,0.810779]],"armWidth":63.1234,"confidence":0.875751,"direction":[0.0525843,0.191048,-0.980171],"elbow":[46.749,178.862,316.685],"grabStrength":0,"id":925,"palmNormal":[-0.428484,-0.882267,-0.194952],"palmPosition":[-20.3306,332.644,46.8248],"palmVelocity":[-53.5712,48.0087,-139.66],"palmWidth":90.138,"pinchStrength":1,"r":[[0.686854,0.653119,0.318852],[-0.419042,0.714318,-0.560494],[-0.593831,0.251366,0.764317]],"s":0.921359,"sphereCenter":[-41.5987,301.082,19.4996],"sphereRadius":43.9371,"stabilizedPalmPosition":[-61.3608,303.586,220.405],"t":[52.844,22.4274,-224.153],"timeVisible":2.3319,"type":"right","wrist":[-14.4984,322.951,99.8249]}],"id":4484636,"interactionBox":{"center":[0,200,0],"size":[235.247,235.247,147.751]},"pointables":[{"bases":[[[0.756478,0.653276,-0.0311647],[-0.554837,0.666257,0.498255],[0.346262,-0.359628,0.86647]],[[0.629226,0.727853,-0.27259],[-0.754388,0.656335,0.0111343],[0.187014,0.198633,0.962066]],[[0.629226,0.727853,-0.27259],[-0.774836,0.559981,-0.293345],[-0.0608667,0.395793,0.916321]],[[0.629226,0.727853,-0.27259],[-0.612718,0.248759,-0.750131],[-0.478176,0.639022,0.602494]]],"btipPosition":[-40.8408,287.008,9.57066],"carpPosition":[-44.735,325.014,102.063],"dipPosition":[-51.927,301.823,23.5392],"direction":[0.0608667,-0.395793,-0.916321],"extended":false,"handId":925,"id":9250,"length":51.6284,"mcpPosition":[-44.735,325.014,102.063],"pipPosition":[-53.9829,315.192,54.4891],"stabilizedTipPosition":[-64.4482,253.487,138.921],"timeVisible":2.3319,"tipPosition":[-43.6506,289.511,12.9031],"tipVelocity":[-73.8784,61.7031,-103.602],"tool":false,"touchDistance":-0.43937,"touchZone":"hovering","type":0,"width":20.0604},{"bases":[[[0.898042,-0.392054,-0.199537],[0.408967,0.91116,0.0503438],[0.162072,-0.126815,0.978596]],[[0.912532,-0.408,-0.0286433],[0.407417,0.912923,-0.0241387],[0.0359978,0.0103576,0.999298]],[[0.912532,-0.408,-0.0286433],[0.402994,0.908877,-0.10742],[0.0698605,0.0864808,0.993801]],[[0.912532,-0.408,-0.0286433],[0.39757,0.901288,-0.1721],[0.0960327,0.145659,0.984663]]],"btipPosition":[-45.3129,344.957,-59.1465],"carpPosition":[-28.6707,340.692,95.1663],"dipPosition":[-43.6875,347.422,-42.4804],"direction":[-0.0698605,-0.0864808,-0.993801],"extended":true,"handId":925,"id":9251,"length":58.2569,"mcpPosition":[-40.4827,349.934,23.8455],"pipPosition":[-42.0147,349.493,-18.6848],"stabilizedTipPosition":[-54.3027,275.946,117.435],"timeVisible":2.3319,"tipPosition":[-45.4909,344.263,-55.1172],"tipVelocity":[-41.3646,41.0538,-147.106],"tool":false,"touchDistance":-0.480856,"touchZone":"hovering","type":1,"width":19.1617},{"bases":[[[0.828717,-0.55513,-0.0711293],[0.558363,0.828755,0.0373577],[0.0382104,-0.0706748,0.996767]],[[0.828576,-0.554876,-0.0746633],[0.264208,0.505089,-0.821632],[0.493616,0.661058,0.565107]],[[0.828576,-0.554876,-0.0746633],[-0.377621,-0.455402,-0.806233],[0.413357,0.696219,-0.586868]],[[0.828576,-0.554876,-0.0746633],[-0.552057,-0.787495,-0.274017],[0.0932487,0.268262,-0.958822]]],"btipPosition":[-56.83,286.284,30.7793],"carpPosition":[-17.2392,337.571,92.2723],"dipPosition":[-55.0941,291.278,12.9299],"direction":[-0.413357,-0.696219,0.586868],"extended":false,"handId":925,"id":9252,"length":66.379,"mcpPosition":[-19.8801,342.456,23.381],"pipPosition":[-43.4498,310.891,-3.6023],"stabilizedTipPosition":[-43.4373,255.102,160.321],"timeVisible":2.3319,"tipPosition":[-56.2216,287.499,28.4999],"tipVelocity":[-90.775,62.5438,-168.827],"tool":false,"touchDistance":0.333333,"touchZone":"none","type":2,"width":18.8193},{"bases":[[[0.780841,-0.620365,0.0737161],[0.617077,0.784301,0.0639361],[-0.0974793,-0.00443541,0.995228]],[[0.78038,-0.620379,0.0783436],[0.481438,0.516148,-0.708385],[0.39903,0.590527,0.701465]],[[0.78038,-0.620379,0.0783436],[-0.200024,-0.366368,-0.908716],[0.592451,0.693473,-0.409997]],[[0.78038,-0.620379,0.0783436],[-0.533318,-0.725746,-0.434585],[0.326465,0.29736,-0.897217]]],"btipPosition":[-40.6498,281.248,25.6871],"carpPosition":[-6.7362,331.645,90.6342],"dipPosition":[-34.6072,286.752,9.0805],"direction":[-0.592451,-0.693473,0.409997],"extended":false,"handId":925,"id":9253,"length":63.8252,"mcpPosition":[-0.687272,331.92,28.8768],"pipPosition":[-18.3488,305.783,-2.17088],"stabilizedTipPosition":[-46.7744,287.008,103.4],"timeVisible":2.3319,"tipPosition":[-39.4143,282.533,23.3847],"tipVelocity":[-86.8462,48.2685,-127.752],"tool":false,"touchDistance":0.333333,"touchZone":"none","type":3,"width":17.9078},{"bases":[[[0.651547,-0.737713,0.176823],[0.719962,0.67477,0.162296],[-0.239043,0.0215623,0.970769]],[[0.666346,-0.737464,0.110134],[0.590822,0.432094,-0.681339],[0.454875,0.519078,0.723635]],[[0.666346,-0.737464,0.110134],[-0.212529,-0.32942,-0.919953],[0.714713,0.589601,-0.37624]],[[0.666346,-0.737464,0.110134],[-0.61265,-0.625684,-0.482886],[0.42502,0.254296,-0.86873]]],"btipPosition":[-22.7195,284.418,32.0579],"carpPosition":[0.588193,319.605,91.0448],"dipPosition":[-15.4621,288.76,17.2239],"direction":[-0.714713,-0.589601,0.37624],"extended":false,"handId":925,"id":9254,"length":50.0378,"mcpPosition":[14.3194,318.366,35.2816],"pipPosition":[-1.61404,300.184,9.93404],"stabilizedTipPosition":[-27.2997,282.321,163.044],"timeVisible":2.3319,"tipPosition":[-21.2152,285.457,29.9671],"tipVelocity":[-84.6607,38.5175,-123.866],"tool":false,"touchDistance":0.333333,"touchZone":"none","type":4,"width":15.9071}],"r":[[0.686854,0.653119,0.318852],[-0.419042,0.714318,-0.560494],[-0.593831,0.251366,0.764317]],"s":0.921359,"t":[52.844,22.4274,-224.153],"timestamp":607507928882},false],[1,{"currentFrameRate":110.177,"devices":[],"gestures":[],"hands":[{"armBasis":[[0.884845,-0.231227,-0.404454],[0.405913,0.808715,0.425693],[0.228657,-0.540845,0.809446]],"armWidth":63.1234,"confidence":0.878827,"direction":[0.0518182,0.187843,-0.980831],"elbow":[46.4051,178.588,315.854],"grabStrength":0,"id":925,"palmNormal":[-0.431699,-0.881431,-0.191614],"palmPosition":[-20.6299,332.798,46.3288],"palmVelocity":[-47.7329,39.3064,-115.791],"palmWidth":90.138,"pinchStrength":1,"r":[[0.690317,0.650978,0.315736],[-0.416057,0.714199,-0.562864],[-0.591911,0.257191,0.763868]],"s":0.921815,"sphereCenter":[-42.0571,301.358,19.0862],"sphereRadius":43.9618,"stabilizedPalmPosition":[-61.3407,303.6,220.319],"t":[52.4292,22.7344,-225.039],"timeVisible":2.34107,"type":"right","wrist":[-14.7542,323.249,99.3503]}],"id":4484637,"interactionBox":{"center":[0,200,0],"size":[235.247,235.247,147.751]},"pointables":[{"bases":[[[0.758605,0.65065,-0.0342593],[-0.551901,0.669639,0.49698],[0.346301,-0.358103,0.867086]],[[0.631251,0.724906,-0.275741],[-0.751822,0.659257,0.0120097],[0.19049,0.199727,0.961157]],[[0.631251,0.724906,-0.275741],[-0.77334,0.561315,-0.294737],[-0.0588795,0.399295,0.91493]],[[0.631251,0.724906,-0.275741],[-0.607272,0.240822,-0.757117],[-0.482434,0.64538,0.592234]]],"btipPosition":[-41.2265,287.094,9.46242],"carpPosition":[-44.9805,325.42,101.625],"dipPosition":[-52.4115,302.057,23.1931],"direction":[0.0588795,-0.399295,-0.91493],"extended":false,"handId":925,"id":9250,"length":51.6284,"mcpPosition":[-44.9805,325.42,101.625],"pipPosition":[-54.4002,315.544,54.096],"stabilizedTipPosition":[-64.0237,254.249,136.324],"timeVisible":2.34107,"tipPosition":[-44.0778,289.698,12.6765],"tipVelocity":[-65.6976,48.1516,-79.6605],"tool":false,"touchDistance":-0.426211,"touchZone":"hovering","type":0,"width":20.0604},{"bases":[[[0.896444,-0.395661,-0.199598],[0.412071,0.909942,0.0469446],[0.163049,-0.124332,0.978753]],[[0.911122,-0.411094,-0.029304],[0.410574,0.911556,-0.0222321],[0.0358517,0.00822473,0.999323]],[[0.911122,-0.411094,-0.029304],[0.406124,0.907658,-0.105927],[0.0701441,0.0846117,0.993942]],[[0.911122,-0.411094,-0.029304],[0.400633,0.900131,-0.171048],[0.0966943,0.144106,0.984827]]],"btipPosition":[-45.5991,345.269,-59.6743],"carpPosition":[-28.874,341.023,94.657],"dipPosition":[-43.9625,347.708,-43.0055],"direction":[-0.0701441,-0.0846117,-0.993942],"extended":true,"handId":925,"id":9251,"length":58.2569,"mcpPosition":[-40.7571,350.084,23.3248],"pipPosition":[-42.283,349.734,-19.2065],"stabilizedTipPosition":[-54.2267,276.531,115.985],"timeVisible":2.34107,"tipPosition":[-45.7703,344.549,-55.6447],"tipVelocity":[-38.4549,38.911,-122.112],"tool":false,"touchDistance":-0.469012,"touchZone":"hovering","type":1,"width":19.1617},{"bases":[[[0.82676,-0.558108,-0.0705888],[0.561173,0.827,0.0340013],[0.0394006,-0.0677234,0.996926]],[[0.826616,-0.557866,-0.0741025],[0.265931,0.503257,-0.8222],[0.49597,0.659938,0.564354]],[[0.826616,-0.557866,-0.0741025],[-0.379242,-0.454912,-0.805748],[0.415789,0.694147,-0.587604]],[[0.826616,-0.557866,-0.0741025],[-0.554901,-0.78603,-0.272472],[0.0937561,0.266349,-0.959306]]],"btipPosition":[-57.3205,286.512,30.3182],"carpPosition":[-17.4571,337.855,91.7565],"dipPosition":[-55.5752,291.47,12.4597],"direction":[-0.415789,-0.694147,0.587604],"extended":false,"handId":925,"id":9252,"length":66.379,"mcpPosition":[-20.1802,342.536,22.8542],"pipPosition":[-43.8623,311.025,-4.09316],"stabilizedTipPosition":[-43.456,255.147,160.136],"timeVisible":2.34107,"tipPosition":[-56.7153,287.717,27.9877],"tipVelocity":[-80.3107,51.773,-135.826],"tool":false,"touchDistance":0.333333,"touchZone":"none","type":2,"width":18.8193},{"bases":[[[0.778875,-0.622735,0.0745254],[0.619777,0.782432,0.0606336],[-0.0960698,-0.00103685,0.995374]],[[0.778453,-0.622734,0.0788285],[0.482678,0.513574,-0.709411],[0.40129,0.590292,0.700373]],[[0.778453,-0.622734,0.0788285],[-0.201727,-0.367114,-0.908038],[0.594405,0.690963,-0.411403]],[[0.778453,-0.622734,0.0788285],[-0.536076,-0.724888,-0.43262],[0.326549,0.294516,-0.898124]]],"btipPosition":[-41.1325,281.413,25.2694],"carpPosition":[-6.97623,331.889,90.1218],"dipPosition":[-35.0884,286.865,8.64595],"direction":[-0.594405,-0.690963,0.411403],"extended":false,"handId":925,"id":9253,"length":63.8252,"mcpPosition":[-1.01477,331.953,28.3553],"pipPosition":[-18.7764,305.826,-2.64403],"stabilizedTipPosition":[-46.7257,286.978,102.832],"timeVisible":2.34107,"tipPosition":[-39.8942,282.686,22.93],"tipVelocity":[-77.2959,39.4591,-104.944],"tool":false,"touchDistance":0.333333,"touchZone":"none","type":3,"width":17.9078},{"bases":[[[0.649338,-0.739333,0.178179],[0.722437,0.672863,0.159186],[-0.237581,0.0253572,0.971037]],[[0.664143,-0.739325,0.110957],[0.591911,0.429347,-0.682131],[0.456678,0.518709,0.722763]],[[0.664143,-0.739325,0.110957],[-0.213842,-0.330081,-0.919412],[0.716369,0.586894,-0.37732]],[[0.664143,-0.739325,0.110957],[-0.614982,-0.624667,-0.481236],[0.425101,0.251374,-0.86954]]],"btipPosition":[-23.1797,284.536,31.6222],"carpPosition":[0.308592,319.826,90.5592],"dipPosition":[-15.9209,288.828,16.7745],"direction":[-0.716369,-0.586894,0.37732],"extended":false,"handId":925,"id":9254,"length":50.0378,"mcpPosition":[13.9558,318.369,34.7807],"pipPosition":[-2.04077,300.2,9.46365],"stabilizedTipPosition":[-27.291,282.325,162.842],"timeVisible":2.34107,"tipPosition":[-21.6744,285.565,29.5051],"tipVelocity":[-75.0364,31.0238,-102.664],"tool":false,"touchDistance":0.333333,"touchZone":"none","type":4,"width":15.9071}],"r":[[0.690317,0.650978,0.315736],[-0.416057,0.714199,-0.562864],[-0.591911,0.257191,0.763868]],"s":0.921815,"t":[52.4292,22.7344,-225.039],"timestamp":607507938051},false],[2,{"currentFrameRate":110.256,"devices":[],"gestures":[],"hands":[{"armBasis":[[0.883813,-0.232932,-0.405731],[0.408464,0.807031,0.426447],[0.228104,-0.542626,0.808409]],"armWidth":63.1234,"confidence":0.882702,"direction":[0.0509473,0.186627,-0.981109],"elbow":[46.0578,178.324,315.212],"grabStrength":0,"id":925,"palmNormal":[-0.434506,-0.880393,-0.190032],"palmPosition":[-20.8781,332.969,45.9622],"palmVelocity":[-42.2937,33.8098,-95.4011],"palmWidth":90.138,"pinchStrength":1,"r":[[0.693541,0.648914,0.312908],[-0.413422,0.714202,-0.564798],[-0.589985,0.262348,0.763604]],"s":0.923016,"sphereCenter":[-42.5086,301.82,18.7203],"sphereRadius":43.9974,"stabilizedPalmPosition":[-61.3175,303.617,220.219],"t":[52.0977,22.9734,-225.666],"timeVisible":2.35,"type":"right","wrist":[-14.9536,323.461,98.9856]}],"id":4484638,"interactionBox":{"center":[0,200,0],"size":[235.247,235.247,147.751]},"pointables":[{"bases":[[[0.760422,0.648428,-0.0360584],[-0.549258,0.671764,0.49704],[0.346517,-0.358155,0.866978]],[[0.633202,0.722708,-0.277035],[-0.749284,0.662088,0.0146107],[0.193981,0.198327,0.960749]],[[0.633202,0.722708,-0.277035],[-0.771953,0.563769,-0.293689],[-0.0560674,0.399823,0.914876]],[[0.633202,0.722708,-0.277035],[-0.605802,0.239999,-0.758554],[-0.481725,0.648147,0.589785]]],"btipPosition":[-41.7004,287.383,9.21754],"carpPosition":[-45.1703,325.722,101.302],"dipPosition":[-52.8689,302.41,22.8914],"direction":[0.0560674,-0.399823,-0.914876],"extended":false,"handId":925,"id":9250,"length":51.6284,"mcpPosition":[-45.1703,325.722,101.302],"pipPosition":[-54.7627,315.914,53.7926],"stabilizedTipPosition":[-63.5598,255.108,133.414],"timeVisible":2.35,"tipPosition":[-44.5164,290.005,12.4073],"tipVelocity":[-62.1334,44.2811,-65.8082],"tool":false,"touchDistance":-0.415792,"touchZone":"hovering","type":0,"width":20.0604},{"bases":[[[0.895015,-0.398455,-0.200452],[0.414752,0.908803,0.0453596],[0.164098,-0.123736,0.978653]],[[0.909885,-0.413695,-0.0310873],[0.413396,0.910415,-0.0157831],[0.0348317,0.00150939,0.999392]],[[0.909885,-0.413695,-0.0310873],[0.409035,0.907099,-0.0993012],[0.0692797,0.0776369,0.994572]],[[0.909885,-0.413695,-0.0310873],[0.403595,0.900032,-0.164478],[0.0960232,0.137109,0.985891]]],"btipPosition":[-45.7552,346.044,-60.0669],"carpPosition":[-29.029,341.27,94.2932],"dipPosition":[-44.1299,348.365,-43.3801],"direction":[-0.0692797,-0.0776369,-0.994572],"extended":true,"handId":925,"id":9251,"length":58.2569,"mcpPosition":[-40.9886,350.288,22.9683],"pipPosition":[-42.4711,350.224,-19.566],"stabilizedTipPosition":[-54.1517,277.125,114.526],"timeVisible":2.35,"tipPosition":[-45.9389,345.232,-56.0309],"tipVelocity":[-32.8109,51.1401,-100.665],"tool":false,"touchDistance":-0.45627,"touchZone":"hovering","type":1,"width":19.1617},{"bases":[[[0.82505,-0.56056,-0.0711659],[0.563597,0.825419,0.0322929],[0.0406396,-0.0667521,0.996942]],[[0.824902,-0.560323,-0.0746629],[0.267173,0.502867,-0.822036],[0.498151,0.658152,0.564519]],[[0.824902,-0.560323,-0.0746629],[-0.380865,-0.453323,-0.805878],[0.417705,0.693207,-0.587355]],[[0.824902,-0.560323,-0.0746629],[-0.557416,-0.784358,-0.272159],[0.0939347,0.266123,-0.959351]]],"btipPosition":[-57.736,286.772,29.9263],"carpPosition":[-17.6254,338.067,91.3798],"dipPosition":[-55.9873,291.726,12.067],"direction":[-0.417705,-0.693207,0.587355],"extended":false,"handId":925,"id":9252,"length":66.379,"mcpPosition":[-20.4342,342.68,22.4764],"pipPosition":[-44.2205,311.254,-4.47885],"stabilizedTipPosition":[-43.4817,255.208,159.886],"timeVisible":2.35,"tipPosition":[-57.1345,287.973,27.5507],"tipVelocity":[-71.0688,45.5678,-110.749],"tool":false,"touchDistance":0.333333,"touchZone":"none","type":2,"width":18.8193},{"bases":[[[0.777188,-0.624892,0.0740875],[0.622111,0.780711,0.0588897],[-0.0946406,0.000322196,0.995511]],[[0.776785,-0.624885,0.0782605],[0.483961,0.512797,-0.709099],[0.402974,0.588692,0.700752]],[[0.776785,-0.624885,0.0782605],[-0.202816,-0.365872,-0.908297],[0.596214,0.689679,-0.41094]],[[0.776785,-0.624885,0.0782605],[-0.538294,-0.723312,-0.432504],[0.326872,0.293835,-0.898229]]],"btipPosition":[-41.5393,281.627,24.848],"carpPosition":[-7.16416,332.069,89.7365],"dipPosition":[-35.4892,287.066,8.22267],"direction":[-0.596214,-0.689679,0.41094],"extended":false,"handId":925,"id":9253,"length":63.8252,"mcpPosition":[-1.29138,332.049,27.9616],"pipPosition":[-19.1275,305.992,-3.05461],"stabilizedTipPosition":[-46.664,286.939,102.066],"timeVisible":2.35,"tipPosition":[-40.2974,282.894,22.4808],"tipVelocity":[-68.5921,35.1356,-89.1988],"tool":false,"touchDistance":0.333333,"touchZone":"none","type":3,"width":17.9078},{"bases":[[[0.647465,-0.741003,0.178054],[0.724597,0.670955,0.157414],[-0.23611,0.0270967,0.971348]],[[0.66221,-0.741107,0.110627],[0.592779,0.427818,-0.682338],[0.458357,0.517428,0.722618]],[[0.66221,-0.741107,0.110627],[-0.215114,-0.329446,-0.919343],[0.717777,0.585,-0.377585]],[[0.66221,-0.741107,0.110627],[-0.617068,-0.623113,-0.480581],[0.425095,0.249981,-0.869945]]],"btipPosition":[-23.5722,284.701,31.2389],"carpPosition":[0.0865748,319.985,90.1767],"dipPosition":[-16.3135,288.969,16.3843],"direction":[-0.717777,-0.585,0.377585],"extended":false,"handId":925,"id":9254,"length":50.0378,"mcpPosition":[13.6493,318.428,34.3802],"pipPosition":[-2.40611,300.304,9.06829],"stabilizedTipPosition":[-27.2797,282.332,162.559],"timeVisible":2.35,"tipPosition":[-22.0651,285.722,29.0968],"tipVelocity":[-66.5569,27.4168,-86.4145],"tool":false,"touchDistance":0.333333,"touchZone":"none","type":4,"width":15.9071}],"r":[[0.693541,0.648914,0.312908],[-0.413422,0.714202,-0.564798],[-0.589985,0.262348,0.763604]],"s":0.923016,"t":[52.0977,22.9734,-225.666],"timestamp":607507946982},false],[3,{"currentFrameRate":110.238,"devices":[],"gestures":[],"hands":[{"armBasis":[[0.882976,-0.234135,-0.406858],[0.410526,0.805476,0.427408],[0.227643,-0.544417,0.807334]],"armWidth":63.1234,"confidence":0.887098,"direction":[0.0502175,0.182822,-0.981863],"elbow":[45.6912,178.14,314.589],"grabStrength":0,"id":925,"palmNormal":[-0.437256,-0.879852,-0.186191],"palmPosition":[-21.1624,333.083,45.5985],"palmVelocity":[-39.2265,27.9078,-80.0297],"palmWidth":90.138,"pinchStrength":1,"r":[[0.696561,0.647079,0.309986],[-0.411054,0.714003,-0.566775],[-0.58808,0.267372,0.763331]],"s":0.924551,"sphereCenter":[-42.9286,302.074,18.4398],"sphereRadius":44.0321,"stabilizedPalmPosition":[-61.2893,303.638,220.096],"t":[51.7898,23.15,-226.161],"timeVisible":2.35911,"type":"right","wrist":[-15.1969,323.756,98.6494]}],"id":4484639,"interactionBox":{"center":[0,200,0],"size":[235.247,235.247,147.751]},"pointables":[{"bases":[[[0.762219,0.646116,-0.039447],[-0.546703,0.675177,0.49523],[0.34661,-0.355908,0.867866]],[[0.635174,0.71978,-0.280126],[-0.746674,0.665005,0.0156669],[0.197562,0.199212,0.959835]],[[0.635174,0.71978,-0.280126],[-0.770574,0.565839,-0.293329],[-0.0526261,0.402173,0.91405]],[[0.635174,0.71978,-0.280126],[-0.6045,0.237521,-0.760371],[-0.480764,0.652304,0.585974]]],"btipPosition":[-42.2497,287.553,9.07283],"carpPosition":[-45.4039,326.111,100.996],"dipPosition":[-53.3959,302.676,22.6583],"direction":[0.0526261,-0.402173,-0.91405],"extended":false,"handId":925,"id":9250,"length":51.6284,"mcpPosition":[-45.4039,326.111,100.996],"pipPosition":[-55.1734,316.26,53.5316],"stabilizedTipPosition":[-63.0154,256.151,129.893],"timeVisible":2.35911,"tipPosition":[-45.011,290.198,12.2398],"tipVelocity":[-61.4806,37.8605,-52.5897],"tool":false,"touchDistance":-0.405022,"touchZone":"hovering","type":0,"width":20.0604},{"bases":[[[0.893618,-0.401752,-0.200105],[0.417398,0.907779,0.0414395],[0.165003,-0.120554,0.978898]],[[0.908653,-0.416362,-0.0314878],[0.416169,0.909197,-0.0127625],[0.0339425,-0.00150761,0.999423]],[[0.908653,-0.416362,-0.0314878],[0.411896,0.906163,-0.0959719],[0.0684922,0.0742355,0.994886]],[[0.908653,-0.416362,-0.0314878],[0.406512,0.899337,-0.161063],[0.0953787,0.13355,0.986442]]],"btipPosition":[-45.952,346.4,-60.4876],"carpPosition":[-29.2275,341.587,93.9085],"dipPosition":[-44.3376,348.66,-43.7915],"direction":[-0.0684922,-0.0742355,-0.994886],"extended":true,"handId":925,"id":9251,"length":58.2569,"mcpPosition":[-41.253,350.373,22.5657],"pipPosition":[-42.6976,350.438,-19.9698],"stabilizedTipPosition":[-54.0719,277.775,112.931],"timeVisible":2.35911,"tipPosition":[-46.1406,345.54,-56.4482],"tipVelocity":[-29.7846,47.3686,-85.5032],"tool":false,"touchDistance":-0.445255,"touchZone":"hovering","type":1,"width":19.1617},{"bases":[[[0.823358,-0.563174,-0.0701255],[0.565987,0.823922,0.0284942],[0.0417307,-0.063151,0.997131]],[[0.823207,-0.56295,-0.0736089],[0.268389,0.50012,-0.823315],[0.500298,0.658002,0.562792]],[[0.823207,-0.56295,-0.0736089],[-0.382468,-0.454067,-0.8047],[0.419582,0.690587,-0.589101]],[[0.823207,-0.56295,-0.0736089],[-0.559882,-0.783461,-0.269668],[0.0941399,0.263205,-0.960136]]],"btipPosition":[-58.182,286.933,29.6723],"carpPosition":[-17.8368,338.341,90.9925],"dipPosition":[-56.4295,291.832,11.7983],"direction":[-0.419582,-0.690587,0.589101],"extended":false,"handId":925,"id":9252,"length":66.379,"mcpPosition":[-20.7211,342.705,22.0761],"pipPosition":[-44.6098,311.286,-4.79672],"stabilizedTipPosition":[-43.5194,255.295,159.532],"timeVisible":2.35911,"tipPosition":[-57.5841,288.122,27.25],"tipVelocity":[-64.9228,37.4367,-87.8848],"tool":false,"touchDistance":0.333333,"touchZone":"none","type":2,"width":18.8193},{"bases":[[[0.775499,-0.626826,0.0754277],[0.624407,0.779147,0.0551831],[-0.0933595,0.00430318,0.995623]],[[0.775129,-0.626805,0.0793147],[0.485694,0.510872,-0.709303],[0.404075,0.588324,0.700427]],[[0.775129,-0.626805,0.0793147],[-0.203197,-0.366188,-0.908084],[0.598236,0.687766,-0.411208]],[[0.775129,-0.626805,0.0793147],[-0.540219,-0.722624,-0.431251],[0.327625,0.291428,-0.898739]]],"btipPosition":[-41.9676,281.732,24.4941],"carpPosition":[-7.39481,332.307,89.3583],"dipPosition":[-35.9035,287.126,7.85929],"direction":[-0.598236,-0.687766,0.411208],"extended":false,"handId":925,"id":9253,"length":63.8252,"mcpPosition":[-1.60153,332.04,27.5764],"pipPosition":[-19.4864,306,-3.42533],"stabilizedTipPosition":[-46.5863,286.889,101.027],"timeVisible":2.35911,"tipPosition":[-40.7225,282.988,22.1049],"tipVelocity":[-62.5225,28.2601,-75.3148],"tool":false,"touchDistance":0.333333,"touchZone":"none","type":3,"width":17.9078},{"bases":[[[0.64558,-0.742179,0.179992],[0.726707,0.669466,0.153986],[-0.234783,0.031391,0.971541]],[[0.660272,-0.742573,0.112367],[0.593983,0.424769,-0.683195],[0.459591,0.517839,0.721539]],[[0.660272,-0.742573,0.112367],[-0.21585,-0.330936,-0.918635],[0.71934,0.582295,-0.378792]],[[0.660272,-0.742573,0.112367],[-0.618903,-0.622746,-0.478693],[0.42544,0.246523,-0.870762]]],"btipPosition":[-23.9923,284.77,30.9606],"carpPosition":[-0.17797,320.204,89.8343],"dipPosition":[-16.7278,288.98,16.092],"direction":[-0.71934,-0.582295,0.378792],"extended":false,"handId":925,"id":9254,"length":50.0378,"mcpPosition":[13.3085,318.401,34.0268],"pipPosition":[-2.7901,300.262,8.75266],"stabilizedTipPosition":[-27.2648,282.343,162.153],"timeVisible":2.35911,"tipPosition":[-22.4833,285.78,28.7941],"tipVelocity":[-60.8595,21.52,-71.0302],"tool":false,"touchDistance":0.333333,"touchZone":"none","type":4,"width":15.9071}],"r":[[0.696561,0.647079,0.309986],[-0.411054,0.714003,-0.566775],[-0.58808,0.267372,0.763331]],"s":0.924551,"t":[51.7898,23.15,-226.161],"timestamp":607507956085},false],[4,{"currentFrameRate":110.301,"devices":[],"gestures":[],"hands":[{"armBasis":[[0.882864,-0.233602,-0.407408],[0.410935,0.804217,0.42938],[0.22734,-0.546503,0.806009]],"armWidth":63.1234,"confidence":0.891538,"direction":[0.0499318,0.179644,-0.982464],"elbow":[45.3147,177.853,313.953],"grabStrength":0,"id":925,"palmNormal":[-0.438472,-0.879881,-0.183171],"palmPosition":[-21.4742,333.194,45.2907],"palmVelocity":[-38.0219,23.6633,-67.5513],"palmWidth":90.138,"pinchStrength":1,"r":[[0.699165,0.645613,0.307168],[-0.409041,0.713576,-0.568767],[-0.586391,0.272017,0.762989]],"s":0.925941,"sphereCenter":[-43.2067,302.146,18.1987],"sphereRadius":44.0608,"stabilizedPalmPosition":[-61.2551,303.663,219.946],"t":[51.48,23.2936,-226.562],"timeVisible":2.36806,"type":"right","wrist":[-15.4925,324.027,98.3678]}],"id":4484640,"interactionBox":{"center":[0,200,0],"size":[235.247,235.247,147.751]},"pointables":[{"bases":[[[0.763018,0.645018,-0.0418945],[-0.545583,0.677438,0.493373],[0.346615,-0.353595,0.868809]],[[0.636194,0.718005,-0.282357],[-0.74501,0.666835,0.0170692],[0.200541,0.199499,0.959158]],[[0.636194,0.718005,-0.282357],[-0.769901,0.567047,-0.292763],[-0.0500955,0.403641,0.913545]],[[0.636194,0.718005,-0.282357],[-0.604706,0.236758,-0.760445],[-0.479153,0.654534,0.584806]]],"btipPosition":[-42.8112,287.755,8.87715],"carpPosition":[-45.6953,326.429,100.722],"dipPosition":[-53.9201,302.93,22.4356],"direction":[0.0500955,-0.403641,-0.913545],"extended":false,"handId":925,"id":9250,"length":51.6284,"mcpPosition":[-45.6953,326.429,100.722],"pipPosition":[-55.6121,316.563,53.2918],"stabilizedTipPosition":[-62.4017,257.372,125.794],"timeVisible":2.36806,"tipPosition":[-45.4864,290.408,12.0535],"tipVelocity":[-61.5557,34.0378,-44.3784],"tool":false,"touchDistance":-0.395881,"touchZone":"hovering","type":0,"width":20.0604},{"bases":[[[0.893001,-0.403521,-0.199298],[0.418572,0.907374,0.0383424],[0.165366,-0.11766,0.979189]],[[0.9081,-0.417588,-0.0312267],[0.417441,0.908633,-0.0113888],[0.0331294,-0.00269313,0.999447]],[[0.9081,-0.417588,-0.0312267],[0.41321,0.905677,-0.0949021],[0.0679113,0.0732774,0.994997]],[[0.9081,-0.417588,-0.0312267],[0.40783,0.898871,-0.160331],[0.095021,0.132861,0.986569]]],"btipPosition":[-46.1993,346.548,-60.8455],"carpPosition":[-29.503,341.862,93.5777],"dipPosition":[-44.591,348.797,-44.1472],"direction":[-0.0679113,-0.0732774,-0.994997],"extended":true,"handId":925,"id":9251,"length":58.2569,"mcpPosition":[-41.5549,350.437,22.2137],"pipPosition":[-42.9649,350.551,-20.3229],"stabilizedTipPosition":[-53.9912,278.453,111.268],"timeVisible":2.36806,"tipPosition":[-46.3769,345.693,-56.8095],"tipVelocity":[-29.2372,38.8672,-73.0418],"tool":false,"touchDistance":-0.434424,"touchZone":"hovering","type":1,"width":19.1617},{"bases":[[[0.822604,-0.56444,-0.0687704],[0.567048,0.823287,0.0255853],[0.0421765,-0.0600427,0.997304]],[[0.822452,-0.564228,-0.0722424],[0.269293,0.498074,-0.824259],[0.501052,0.658459,0.561585]],[[0.822452,-0.564228,-0.0722424],[-0.382863,-0.455155,-0.803897],[0.4207,0.688826,-0.590365]],[[0.822452,-0.564228,-0.0722424],[-0.560923,-0.78334,-0.26785],[0.0945379,0.260816,-0.960748]]],"btipPosition":[-58.5688,287.04,29.4384],"carpPosition":[-18.118,338.591,90.666],"dipPosition":[-56.8089,291.896,11.5531],"direction":[-0.4207,-0.688826,0.590365],"extended":false,"handId":925,"id":9252,"length":66.379,"mcpPosition":[-21.033,342.741,21.7376],"pipPosition":[-44.9577,311.3,-5.07756],"stabilizedTipPosition":[-43.5712,255.411,159.058],"timeVisible":2.36806,"tipPosition":[-57.9744,288.221,26.9738],"tipVelocity":[-58.9338,30.1855,-71.0801],"tool":false,"touchDistance":0.333333,"touchZone":"none","type":2,"width":18.8193},{"bases":[[[0.774742,-0.62757,0.077009],[0.625426,0.778523,0.0523854],[-0.0928288,0.0075782,0.995653]],[[0.774402,-0.627539,0.080607],[0.486948,0.509811,-0.709207],[0.40396,0.588462,0.700377]],[[0.774402,-0.627539,0.080607],[-0.202595,-0.366645,-0.908035],[0.599381,0.686853,-0.411066]],[[0.774402,-0.627539,0.080607],[-0.540772,-0.722632,-0.430545],[0.328433,0.289825,-0.898962]]],"btipPosition":[-42.3315,281.809,24.1819],"carpPosition":[-7.68447,332.539,89.0455],"dipPosition":[-36.2525,287.173,7.54293],"direction":[-0.599381,-0.686853,0.411066],"extended":false,"handId":925,"id":9253,"length":63.8252,"mcpPosition":[-1.92412,332.068,27.2618],"pipPosition":[-19.8039,306.022,-3.7378],"stabilizedTipPosition":[-46.4959,286.827,99.7368],"timeVisible":2.36806,"tipPosition":[-41.0829,283.058,21.7684],"tipVelocity":[-56.4368,22.6915,-64.2889],"tool":false,"touchDistance":0.333333,"touchZone":"none","type":3,"width":17.9078},{"bases":[[[0.644732,-0.742425,0.182006],[0.727638,0.669026,0.151482],[-0.234231,0.0347695,0.971559]],[[0.659414,-0.74305,0.11424],[0.595523,0.423543,-0.682615],[0.458831,0.518158,0.721793]],[[0.659414,-0.74305,0.11424],[-0.214623,-0.331702,-0.918646],[0.720493,0.581249,-0.378204]],[[0.659414,-0.74305,0.11424],[-0.619098,-0.622934,-0.478195],[0.426487,0.244603,-0.870792]]],"btipPosition":[-24.3425,284.842,30.6616],"carpPosition":[-0.482759,320.429,89.5561],"dipPosition":[-17.06,289.019,15.7925],"direction":[-0.720493,-0.581249,0.378204],"extended":false,"handId":925,"id":9254,"length":50.0378,"mcpPosition":[12.972,318.431,33.7476],"pipPosition":[-3.10001,300.281,8.4645],"stabilizedTipPosition":[-27.2467,282.356,161.623],"timeVisible":2.36806,"tipPosition":[-22.8322,285.844,28.4801],"tipVelocity":[-54.7881,17.6129,-60.7472],"tool":false,"touchDistance":0.333333,"touchZone":"none","type":4,"width":15.9071}],"r":[[0.699165,0.645613,0.307168],[-0.409041,0.713576,-0.568767],[-0.586391,0.272017,0.762989]],"s":0.925941,"t":[51.48,23.2936,-226.562],"timestamp":607507965038},false],[5,{"currentFrameRate":110.245,"devices":[],"gestures":[],"hands":[{"armBasis":[[0.882938,-0.233261,-0.407443],[0.41102,0.803465,0.430705],[0.2269,-0.547753,0.805285]],"armWidth":63.1234,"confidence":0.894748,"direction":[0.0494631,0.177204,-0.98293],"elbow":[44.9798,177.788,313.465],"grabStrength":0,"id":925,"palmNormal":[-0.43909,-0.880072,-0.180756],"palmPosition":[-21.7169,333.337,44.9781],"palmVelocity":[-34.7966,21.4015,-58.2137],"palmWidth":90.138,"pinchStrength":1,"r":[[0.701353,0.644495,0.304517],[-0.407416,0.712991,-0.570663],[-0.584907,0.276171,0.762636]],"s":0.926556,"sphereCenter":[-43.2976,302.105,17.8948],"sphereRadius":44.111,"stabilizedPalmPosition":[-61.212,303.696,219.756],"t":[51.2037,23.4368,-226.919],"timeVisible":2.37723,"type":"right","wrist":[-15.7096,324.297,98.0741]}],"id":4484641,"interactionBox":{"center":[0,200,0],"size":[235.247,235.247,147.751]},"pointables":[{"bases":[[[0.763368,0.644469,-0.0439214],[-0.544902,0.678964,0.492026],[0.346916,-0.351664,0.869472]],[[0.636355,0.716966,-0.284626],[-0.743552,0.668344,0.0211394],[0.205384,0.198182,0.958406]],[[0.636355,0.716966,-0.284626],[-0.77003,0.568454,-0.28968],[-0.0458937,0.403509,0.913824]],[[0.636355,0.716966,-0.284626],[-0.607063,0.237798,-0.758239],[-0.475948,0.655295,0.586567]]],"btipPosition":[-43.4811,288.1,8.58204],"carpPosition":[-45.9096,326.722,100.44],"dipPosition":[-54.5157,303.292,22.1813],"direction":[0.0458937,-0.403509,-0.913824],"extended":false,"handId":925,"id":9250,"length":51.6284,"mcpPosition":[-45.9096,326.722,100.44],"pipPosition":[-56.0659,316.921,53.0469],"stabilizedTipPosition":[-61.6932,258.852,120.86],"timeVisible":2.37723,"tipPosition":[-45.9935,290.745,11.799],"tipVelocity":[-64.2439,35.1524,-40.6891],"tool":false,"touchDistance":-0.388912,"touchZone":"hovering","type":0,"width":20.0604},{"bases":[[[0.89265,-0.404528,-0.198826],[0.419122,0.907221,0.0358718],[0.165868,-0.115353,0.979378]],[[0.907831,-0.418163,-0.0313504],[0.418055,0.908364,-0.010249],[0.0327634,-0.00380186,0.999456]],[[0.907831,-0.418163,-0.0313504],[0.413792,0.905437,-0.0946561],[0.0679676,0.0729591,0.995016]],[[0.907831,-0.418163,-0.0313504],[0.408332,0.898547,-0.160866],[0.095438,0.133238,0.986478]]],"btipPosition":[-46.4382,346.694,-61.1879],"carpPosition":[-29.7125,342.127,93.2484],"dipPosition":[-44.8229,348.949,-44.4911],"direction":[-0.0679676,-0.0729591,-0.995016],"extended":true,"handId":925,"id":9251,"length":58.2569,"mcpPosition":[-41.8011,350.534,21.8706],"pipPosition":[-43.1955,350.696,-20.6664],"stabilizedTipPosition":[-53.9065,279.189,109.464],"timeVisible":2.37723,"tipPosition":[-46.5949,345.856,-57.1577],"tipVelocity":[-28.2997,32.5129,-63.0913],"tool":false,"touchDistance":-0.424456,"touchZone":"hovering","type":1,"width":19.1617},{"bases":[[[0.822236,-0.565086,-0.0678634],[0.567541,0.823017,0.0232347],[0.0427232,-0.0576197,0.997424]],[[0.822082,-0.564882,-0.0713387],[0.276657,0.505812,-0.817077],[0.497636,0.651968,0.572098]],[[0.822082,-0.564882,-0.0713387],[-0.377075,-0.44627,-0.811578],[0.426609,0.694084,-0.579873]],[[0.822082,-0.564882,-0.0713387],[-0.560497,-0.780863,-0.275854],[0.100119,0.26676,-0.958549]]],"btipPosition":[-58.927,287.176,28.2638],"carpPosition":[-18.331,338.843,90.3381],"dipPosition":[-57.0631,292.142,10.4194],"direction":[-0.426609,-0.694084,0.579873],"extended":false,"handId":925,"id":9252,"length":66.379,"mcpPosition":[-21.2838,342.826,21.4014],"pipPosition":[-45.0455,311.695,-5.91571],"stabilizedTipPosition":[-43.6284,255.537,158.541],"timeVisible":2.37723,"tipPosition":[-58.3051,288.376,25.9191],"tipVelocity":[-52.6594,26.669,-86.6974],"tool":false,"touchDistance":0.333333,"touchZone":"none","type":2,"width":18.8193},{"bases":[[[0.774422,-0.62783,0.0780983],[0.625908,0.778285,0.0501107],[-0.0922437,0.0100755,0.995685]],[[0.774119,-0.627794,0.0813292],[0.488188,0.510248,-0.708039],[0.403005,0.58781,0.701474]],[[0.774119,-0.627794,0.0813292],[-0.201274,-0.365897,-0.90863],[0.600191,0.687018,-0.409606]],[[0.774119,-0.627794,0.0813292],[-0.540688,-0.722523,-0.430832],[0.329236,0.289542,-0.89876]]],"btipPosition":[-42.5801,281.926,23.7684],"carpPosition":[-7.90202,332.781,88.7264],"dipPosition":[-36.4863,287.285,7.1332],"direction":[-0.600191,-0.687018,0.409606],"extended":false,"handId":925,"id":9253,"length":63.8252,"mcpPosition":[-2.17797,332.156,26.9406],"pipPosition":[-20.0155,306.138,-4.10747],"stabilizedTipPosition":[-46.3944,286.757,98.2137],"timeVisible":2.37723,"tipPosition":[-41.3309,283.169,21.3423],"tipVelocity":[-48.1515,19.8712,-58.905],"tool":false,"touchDistance":0.333333,"touchZone":"none","type":3,"width":17.9078},{"bases":[[[0.644406,-0.742351,0.183453],[0.728115,0.668972,0.149416],[-0.233644,0.0372899,0.971607]],[[0.659133,-0.743144,0.115237],[0.596842,0.423715,-0.681355],[0.457517,0.517882,0.722825]],[[0.659133,-0.743144,0.115237],[-0.212929,-0.331388,-0.919154],[0.721252,0.581308,-0.376666]],[[0.659133,-0.743144,0.115237],[-0.618755,-0.623012,-0.478538],[0.427417,0.244117,-0.870472]]],"btipPosition":[-24.585,284.954,30.2938],"carpPosition":[-0.707044,320.668,89.2625],"dipPosition":[-17.2867,289.122,15.4302],"direction":[-0.721252,-0.581308,0.376666],"extended":false,"handId":925,"id":9254,"length":50.0378,"mcpPosition":[12.714,318.526,33.4512],"pipPosition":[-3.31197,300.385,8.13202],"stabilizedTipPosition":[-27.2255,282.374,160.965],"timeVisible":2.37723,"tipPosition":[-23.075,285.951,28.1021],"tipVelocity":[-46.7696,16.0232,-54.9483],"tool":false,"touchDistance":0.333333,"touchZone":"none","type":4,"width":15.9071}],"r":[[0.701353,0.644495,0.304517],[-0.407416,0.712991,-0.570663],[-0.584907,0.276171,0.762636]],"s":0.926556,"t":[51.2037,23.4368,-226.919],"timestamp":607507974209},false],[6,{"currentFrameRate":110.314,"devices":[],"gestures":[],"hands":[{"armBasis":[[0.882909,-0.232925,-0.407698],[0.411037,0.803142,0.43129],[0.226981,-0.548369,0.804842]],"armWidth":63.1234,"confidence":0.895347,"direction":[0.0493451,0.175269,-0.983283],"elbow":[44.726,177.839,313.129],"grabStrength":0,"id":925,"palmNormal":[-0.439492,-0.880239,-0.178957],"palmPosition":[-21.999,333.451,44.7443],"palmVelocity":[-33.9103,19.0524,-49.4552],"palmWidth":90.138,"pinchStrength":1,"r":[[0.703165,0.643648,0.302119],[-0.406081,0.712327,-0.572441],[-0.583658,0.279836,0.762257]],"s":0.926668,"sphereCenter":[-43.3962,302.018,17.6615],"sphereRadius":44.1568,"stabilizedPalmPosition":[-61.159,303.736,219.519],"t":[50.9245,23.5656,-227.214],"timeVisible":2.38617,"type":"right","wrist":[-15.9851,324.512,97.8566]}],"id":4484642,"interactionBox":{"center":[0,200,0],"size":[235.247,235.247,147.751]},"pointables":[{"bases":[[[0.763629,0.644063,-0.0453247],[-0.544522,0.680149,0.490809],[0.346939,-0.350115,0.870088]],[[0.636712,0.716112,-0.285975],[-0.742197,0.66973,0.0246049],[0.209146,0.196583,0.957921]],[[0.636712,0.716112,-0.285975],[-0.769911,0.569789,-0.287364],[-0.0428396,0.403143,0.914134]],[[0.636712,0.716112,-0.285975],[-0.608641,0.239017,-0.756589],[-0.47345,0.655785,0.58804]]],"btipPosition":[-44.1023,288.412,8.34506],"carpPosition":[-46.1837,326.954,100.224],"dipPosition":[-55.079,303.616,21.9785],"direction":[0.0428396,-0.403143,-0.914134],"extended":false,"handId":925,"id":9250,"length":51.6284,"mcpPosition":[-46.1837,326.954,100.224],"pipPosition":[-56.526,317.233,52.8545],"stabilizedTipPosition":[-60.9346,260.516,115.353],"timeVisible":2.38617,"tipPosition":[-46.493,291.053,11.5943],"tipVelocity":[-65.2617,35.1797,-36.5738],"tool":false,"touchDistance":-0.381791,"touchZone":"hovering","type":0,"width":20.0604},{"bases":[[[0.892443,-0.405288,-0.198212],[0.419507,0.907114,0.0340237],[0.166012,-0.113516,0.979568]],[[0.907645,-0.418587,-0.0310732],[0.418511,0.908165,-0.00922418],[0.0320807,-0.00463219,0.999475]],[[0.907645,-0.418587,-0.0310732],[0.414246,0.905246,-0.0944998],[0.0676853,0.0729004,0.99504]],[[0.907645,-0.418587,-0.0310732],[0.408732,0.898261,-0.16145],[0.0954927,0.133839,0.986392]]],"btipPosition":[-46.6828,346.799,-61.4511],"carpPosition":[-29.9815,342.339,92.9989],"dipPosition":[-45.0666,349.064,-44.7558],"direction":[-0.0676853,-0.0729004,-0.99504],"extended":true,"handId":925,"id":9251,"length":58.2569,"mcpPosition":[-42.0806,350.612,21.6072],"pipPosition":[-43.4459,350.809,-20.9305],"stabilizedTipPosition":[-53.8209,279.956,107.581],"timeVisible":2.38617,"tipPosition":[-46.8255,345.983,-57.4267],"tipVelocity":[-28.0343,26.8935,-53.9096],"tool":false,"touchDistance":-0.414297,"touchZone":"hovering","type":1,"width":19.1617},{"bases":[[[0.821987,-0.565561,-0.066923],[0.567889,0.822824,0.0215217],[0.042894,-0.0556954,0.997526]],[[0.821832,-0.565363,-0.0704008],[0.282422,0.511589,-0.811489],[0.494802,0.647025,0.580111]],[[0.821832,-0.565363,-0.0704008],[-0.372394,-0.439541,-0.81739],[0.431178,0.697974,-0.571767]],[[0.821832,-0.565363,-0.0704008],[-0.560045,-0.778985,-0.282013],[0.104598,0.271195,-0.956824]]],"btipPosition":[-59.2866,287.288,27.3684],"carpPosition":[-18.602,339.045,90.0928],"dipPosition":[-57.3394,292.337,9.55609],"direction":[-0.431178,-0.697974,0.571767],"extended":false,"handId":925,"id":9252,"length":66.379,"mcpPosition":[-21.5667,342.894,21.1491],"pipPosition":[-45.193,311.999,-6.55065],"stabilizedTipPosition":[-43.6838,255.657,158.048],"timeVisible":2.38617,"tipPosition":[-58.6523,288.497,25.056],"tipVelocity":[-48.6738,23.3922,-90.1384],"tool":false,"touchDistance":0.333333,"touchZone":"none","type":2,"width":18.8193},{"bases":[[[0.774175,-0.628,0.0791699],[0.626243,0.77812,0.0484733],[-0.092045,0.0120527,0.995682]],[[0.773895,-0.627961,0.0821618],[0.489694,0.51107,-0.706405],[0.401604,0.586917,0.703023]],[[0.773895,-0.627961,0.0821618],[-0.199448,-0.364793,-0.909476],[0.601088,0.687452,-0.407557]],[[0.773895,-0.627961,0.0821618],[-0.540281,-0.722319,-0.431685],[0.330428,0.289688,-0.898275]]],"btipPosition":[-42.851,282.022,23.3993],"carpPosition":[-8.17586,332.975,88.4909],"dipPosition":[-36.7351,287.384,6.77313],"direction":[-0.601088,-0.687452,0.407557],"extended":false,"handId":925,"id":9253,"length":63.8252,"mcpPosition":[-2.46416,332.227,26.7054],"pipPosition":[-20.2397,306.249,-4.41131],"stabilizedTipPosition":[-46.2923,286.685,96.592],"timeVisible":2.38617,"tipPosition":[-41.6,283.261,20.9626],"tipVelocity":[-43.1187,17.3978,-54.0248],"tool":false,"touchDistance":0.333333,"touchZone":"none","type":3,"width":17.9078},{"bases":[[[0.644132,-0.742262,0.184772],[0.728423,0.668958,0.147972],[-0.233439,0.0392792,0.971578]],[[0.658931,-0.743188,0.116108],[0.598345,0.424327,-0.679654],[0.455843,0.517318,0.724286]],[[0.658931,-0.743188,0.116108],[-0.210854,-0.330664,-0.919893],[0.722046,0.581664,-0.374589]],[[0.658931,-0.743188,0.116108],[-0.618147,-0.622961,-0.479389],[0.428607,0.244112,-0.869888]]],"btipPosition":[-24.8527,285.044,29.9808],"carpPosition":[-0.985845,320.86,89.0492],"dipPosition":[-17.534,289.212,15.1271],"direction":[-0.722046,-0.581664,0.374589],"extended":false,"handId":925,"id":9254,"length":50.0378,"mcpPosition":[12.4234,318.603,33.2396],"pipPosition":[-3.54392,300.483,7.86922],"stabilizedTipPosition":[-27.2031,282.394,160.223],"timeVisible":2.38617,"tipPosition":[-23.3424,286.039,27.7807],"tipVelocity":[-42.0277,14.4136,-49.4308],"tool":false,"touchDistance":0.333333,"touchZone":"none","type":4,"width":15.9071}],"r":[[0.703165,0.643648,0.302119],[-0.406081,0.712327,-0.57