{"sensorType":"Leap","data":[[0,{"currentFrameRate":110.074,"devices":[],"gestures":[],"hands":[{"armBasis":[[0.81209,0.0135277,-0.583375],[0.283948,0.864228,0.415312],[0.509787,-0.502919,0.69799]],"armWidth":63.72,"confidence":0.787672,"direction":[0.046886,0.377473,-0.924833],"elbow":[121.758,150.511,283.99],"grabStrength":0,"id":938,"palmNormal":[-0.286322,-0.881923,-0.374475],"palmPosition":[-21.8844,305.025,44.4829],"palmVelocity":[-9.70145,-2.95098,-121.125],"palmWidth":90.99,"pinchStrength":0.968887,"r":[[0.905896,-0.200111,0.373241],[0.321266,0.898953,-0.297779],[-0.275937,0.389666,0.878646]],"s":0.788014,"sphereCenter":[-44.6535,271.299,11.0317],"sphereRadius":47.9143,"stabilizedPalmPosition":[-4.98652,290.184,156.061],"t":[21.0282,14.8496,-219.824],"timeVisible":8.78539,"type":"right","wrist":[-15.8844,286.299,95.533]}],"id":4494978,"interactionBox":{"center":[0,200,0],"size":[235.247,235.247,147.751]},"pointables":[{"bases":[[[0.650331,0.748853,0.127624],[-0.660427,0.474334,0.582103],[0.375373,-0.462846,0.803037]],[[0.43243,0.874016,-0.221587],[-0.873352,0.467109,0.138077],[0.224187,0.133815,0.965315]],[[0.43243,0.874016,-0.221587],[-0.901575,0.415603,-0.120155],[-0.0129255,0.251736,0.96771]],[[0.43243,0.874016,-0.221587],[-0.840972,0.302312,-0.448746],[-0.325223,0.3804,0.865752]]],"btipPosition":[-49.5577,259.367,-4.88689],"carpPosition":[-46.419,283.532,96.5557],"dipPosition":[-57.1691,268.269,15.3748],"direction":[0.0129255,-0.251736,-0.96771],"extended":false,"handId":938,"id":9380,"length":52.1164,"mcpPosition":[-46.419,283.532,96.5557],"pipPosition":[-57.6098,276.853,48.3695],"stabilizedTipPosition":[-46.0684,252.778,147.444],"timeVisible":8.78539,"tipPosition":[-51.4301,260.876,-0.345812],"tipVelocity":[-27.0801,-1.24622,-105.293],"tool":false,"touchDistance":-0.443828,"touchZone":"touching","type":0,"width":20.25},{"bases":[[[0.951272,-0.214971,-0.221063],[0.266175,0.934398,0.236751],[0.155666,-0.284056,0.946087]],[[0.960706,-0.237106,-0.144306],[0.230589,0.971164,-0.0605715],[0.154507,0.024916,0.987677]],[[0.960706,-0.237106,-0.144306],[0.214504,0.964161,-0.156146],[0.176158,0.119056,0.977136]],[[0.960706,-0.237106,-0.144306],[0.201599,0.953415,-0.224404],[0.190791,0.186495,0.963752]]],"btipPosition":[-58.2082,316.302,-58.6767],"carpPosition":[-32.6003,302.539,93.4436],"dipPosition":[-54.9484,319.488,-42.2104],"direction":[-0.176158,-0.119056,-0.977136],"extended":true,"handId":938,"id":9381,"length":58.8075,"mcpPosition":[-44.0526,323.437,23.8404],"pipPosition":[-50.6906,322.366,-18.5926],"stabilizedTipPosition":[-44.3963,304.65,98.1493],"timeVisible":8.78539,"tipPosition":[-57.3648,315.944,-54.7687],"tipVelocity":[-22.1998,0.0311608,-120.947],"tool":false,"touchDistance":-0.476116,"touchZone":"touching","type":1,"width":19.3428},{"bases":[[[0.90415,-0.407493,-0.12831],[0.42652,0.87814,0.216683],[0.0243775,-0.250641,0.967773]],[[0.901423,-0.432375,-0.0221038],[0.276966,0.61516,-0.738152],[0.332756,0.659265,0.674272]],[[0.901423,-0.432375,-0.0221038],[0.138928,0.33724,-0.931111],[0.410043,0.836254,0.364065]],[[0.901423,-0.432375,-0.0221038],[0.0574061,0.169974,-0.983775],[0.429117,0.885529,0.178039]]],"btipPosition":[-58.1154,246.967,-23.1217],"carpPosition":[-20.6516,301.678,90.5966],"dipPosition":[-50.0515,263.608,-19.7759],"direction":[-0.410043,-0.836254,-0.364065],"extended":false,"handId":938,"id":9382,"length":67.0064,"mcpPosition":[-22.3524,319.165,23.077],"pipPosition":[-38.3913,287.388,-9.42323],"stabilizedTipPosition":[-53.4274,254.67,-11.4133],"timeVisible":8.78539,"tipPosition":[-55.7069,251.608,-23.792],"tipVelocity":[-26.4818,-13.3387,-100.944],"tool":false,"touchDistance":-0.403192,"touchZone":"touching","type":2,"width":18.9972},{"bases":[[[0.863139,-0.504966,-0.000462773],[0.490587,0.838345,0.237702],[-0.119644,-0.205397,0.971338]],[[0.844097,-0.524938,0.109277],[0.430197,0.541374,-0.722388],[0.320049,0.656776,0.682799]],[[0.844097,-0.524938,0.109277],[0.284919,0.26647,-0.920769],[0.454227,0.808353,0.374491]],[[0.844097,-0.524938,0.109277],[0.191525,0.104822,-0.975874],[0.500818,0.844661,0.189019]]],"btipPosition":[-37.98,243.04,-16.8284],"carpPosition":[-9.23454,297.693,88.4291],"dipPosition":[-28.6227,258.821,-13.2968],"direction":[-0.454227,-0.808353,-0.374491],"extended":false,"handId":938,"id":9383,"length":64.4285,"mcpPosition":[-1.74007,310.559,27.5845],"pipPosition":[-16.0397,281.214,-2.92265],"stabilizedTipPosition":[-25.7286,260.442,21.7749],"timeVisible":8.78539,"tipPosition":[-35.2227,247.229,-17.2326],"tipVelocity":[-25.0553,-14.7723,-104.482],"tool":false,"touchDistance":-0.420337,"touchZone":"touching","type":3,"width":18.077},{"bases":[[[0.750487,-0.656875,0.0726932],[0.606354,0.728136,0.319612],[-0.262876,-0.195787,0.944756]],[[0.662523,-0.684868,0.303347],[0.656358,0.335674,-0.675661],[0.360913,0.646745,0.67191]],[[0.662523,-0.684868,0.303347],[0.481323,0.0789507,-0.872981],[0.573927,0.724378,0.381949]],[[0.662523,-0.684868,0.303347],[0.366063,-0.0572833,-0.928825],[0.653499,0.726412,0.212753]]],"btipPosition":[-20.12,248.658,-2.67683],"carpPosition":[-0.111819,286.863,87.0009],"dipPosition":[-8.85581,261.179,0.990357],"direction":[-0.573927,-0.724378,-0.381949],"extended":false,"handId":938,"id":9384,"length":50.5107,"mcpPosition":[15.1311,298.215,32.219],"pipPosition":[2.3695,275.347,8.46082],"stabilizedTipPosition":[-2.7785,262.073,40.4496],"timeVisible":8.78539,"tipPosition":[-16.6453,251.947,-3.03696],"tipVelocity":[-24.816,-15.5641,-104.146],"tool":false,"touchDistance":-0.419315,"touchZone":"touching","type":4,"width":16.0574}],"r":[[0.905896,-0.200111,0.373241],[0.321266,0.898953,-0.297779],[-0.275937,0.389666,0.878646]],"s":0.788014,"t":[21.0282,14.8496,-219.824],"timestamp":607604297185},false],[1,{"currentFrameRate":110.104,"devices":[],"gestures":[],"hands":[{"armBasis":[[0.812512,0.0119825,-0.582821],[0.284194,0.864788,0.413975],[0.508977,-0.501994,0.699246]],"armWidth":63.72,"confidence":0.785021,"direction":[0.0462835,0.378743,-0.924344],"elbow":[121.371,150.801,283.013],"grabStrength":0,"id":938,"palmNormal":[-0.286388,-0.881461,-0.375511],"palmPosition":[-22.0853,305.134,43.1957],"palmVelocity":[-13.157,1.18689,-127.024],"palmWidth":90.99,"pinchStrength":0.972504,"r":[[0.906069,-0.200057,0.37285],[0.321558,0.898299,-0.299431],[-0.275027,0.391198,0.878251]],"s":0.789428,"sphereCenter":[-44.9567,271.528,9.71341],"sphereRadius":47.9295,"stabilizedPalmPosition":[-4.98652,290.184,156.061],"t":[20.8908,14.9026,-221.037],"timeVisible":8.79442,"type":"right","wrist":[-16.0525,286.34,94.2167]}],"id":4494979,"interactionBox":{"center":[0,200,0],"size":[235.247,235.247,147.751]},"pointables":[{"bases":[[[0.650277,0.74879,0.128268],[-0.66017,0.473425,0.583133],[0.37592,-0.463877,0.802186]],[[0.432403,0.874348,-0.220325],[-0.873046,0.46707,0.140131],[0.22543,0.131761,0.965308]],[[0.432403,0.874348,-0.220325],[-0.901581,0.415619,-0.120054],[-0.0133973,0.250552,0.96801]],[[0.432403,0.874348,-0.220325],[-0.841213,0.303203,-0.447692],[-0.324635,0.378924,0.866619]]],"btipPosition":[-49.7844,259.578,-6.21942],"carpPosition":[-46.5859,283.566,95.2534],"dipPosition":[-57.3821,268.446,14.0626],"direction":[0.0133973,-0.250552,-0.96801],"extended":false,"handId":938,"id":9380,"length":52.1164,"mcpPosition":[-46.5859,283.566,95.2534],"pipPosition":[-57.8389,276.989,47.0675],"stabilizedTipPosition":[-46.0684,252.778,147.443],"timeVisible":8.79442,"tipPosition":[-51.6485,261.08,-1.67098],"tipVelocity":[-26.4398,5.29508,-116.791],"tool":false,"touchDistance":-0.447696,"touchZone":"touching","type":0,"width":20.25},{"bases":[[[0.95118,-0.214505,-0.221909],[0.266153,0.93412,0.237871],[0.156265,-0.28532,0.945608]],[[0.960603,-0.236543,-0.145908],[0.230564,0.971395,-0.0568594],[0.155184,0.0209781,0.987663]],[[0.960603,-0.236543,-0.145908],[0.214265,0.964675,-0.153271],[0.177009,0.11597,0.977353]],[[0.960603,-0.236543,-0.145908],[0.201171,0.954021,-0.222205],[0.191761,0.184098,0.964021]]],"btipPosition":[-58.4905,316.72,-59.9351],"carpPosition":[-32.7723,302.579,92.1592],"dipPosition":[-55.2141,319.866,-43.4642],"direction":[-0.177009,-0.11597,-0.977353],"extended":true,"handId":938,"id":9381,"length":58.8075,"mcpPosition":[-44.2687,323.57,22.5912],"pipPosition":[-50.9358,322.669,-19.8412],"stabilizedTipPosition":[-44.3963,304.65,98.1492],"timeVisible":8.79442,"tipPosition":[-57.6426,316.354,-56.0308],"tipVelocity":[-24.58,12.4853,-125.984],"tool":false,"touchDistance":-0.475698,"touchZone":"touching","type":1,"width":19.3428},{"bases":[[[0.904145,-0.407161,-0.129392],[0.426495,0.877916,0.217633],[0.0249832,-0.251957,0.967416]],[[0.901572,-0.431942,-0.0243857],[0.275197,0.616073,-0.738052],[0.333819,0.658696,0.674303]],[[0.901572,-0.431942,-0.0243857],[0.13547,0.335393,-0.932287],[0.410873,0.83722,0.360897]],[[0.901572,-0.431942,-0.0243857],[0.0531033,0.166428,-0.984623],[0.429358,0.886413,0.172984]]],"btipPosition":[-58.4106,247.089,-24.2057],"carpPosition":[-20.8251,301.724,89.304],"dipPosition":[-50.3421,263.746,-20.9549],"direction":[-0.410873,-0.83722,-0.360897],"extended":false,"handId":938,"id":9382,"length":67.0064,"mcpPosition":[-22.5682,319.303,21.8093],"pipPosition":[-38.6584,287.554,-10.6923],"stabilizedTipPosition":[-53.4806,254.607,-11.618],"timeVisible":8.79442,"tipPosition":[-56.0125,251.708,-24.887],"tipVelocity":[-28.1588,-5.84327,-106.87],"tool":false,"touchDistance":-0.407794,"touchZone":"touching","type":2,"width":18.9972},{"bases":[[[0.863225,-0.504816,-0.00165368],[0.490582,0.838104,0.238561],[-0.119043,-0.206743,0.971126]],[[0.844258,-0.524935,0.108035],[0.429744,0.542626,-0.721718],[0.320233,0.655743,0.683704]],[[0.844258,-0.524935,0.108035],[0.284189,0.267584,-0.920671],[0.454384,0.807986,0.375091]],[[0.844258,-0.524935,0.108035],[0.190626,0.105727,-0.975953],[0.50089,0.84455,0.189327]]],"btipPosition":[-38.2056,243.234,-18.1826],"carpPosition":[-9.40865,297.744,87.1245],"dipPosition":[-28.847,259.013,-14.6452],"direction":[-0.454384,-0.807986,-0.375091],"extended":false,"handId":938,"id":9383,"length":64.4285,"mcpPosition":[-1.95177,310.694,26.2932],"pipPosition":[-16.2596,281.396,-4.25446],"stabilizedTipPosition":[-25.7432,260.423,21.7194],"timeVisible":8.79442,"tipPosition":[-35.4563,247.416,-18.5725],"tipVelocity":[-25.0267,-4.80517,-116.965],"tool":false,"touchDistance":-0.426929,"touchZone":"touching","type":3,"width":18.077},{"bases":[[[0.750642,-0.656844,0.0713604],[0.606415,0.727804,0.320253],[-0.262293,-0.197121,0.944641]],[[0.662803,-0.685168,0.302055],[0.656048,0.336909,-0.675347],[0.360961,0.645785,0.672807]],[[0.662803,-0.685168,0.302055],[0.480734,0.080093,-0.873201],[0.574097,0.723968,0.382469]],[[0.662803,-0.685168,0.302055],[0.365266,-0.0562928,-0.9292],[0.653661,0.726207,0.212957]]],"btipPosition":[-20.3348,248.836,-4.04025],"carpPosition":[-0.284905,286.917,85.6762],"dipPosition":[-9.06775,261.353,-0.369549],"direction":[-0.574097,-0.723968,-0.382469],"extended":false,"handId":938,"id":9384,"length":50.5107,"mcpPosition":[14.9242,298.348,30.901],"pipPosition":[2.16089,275.513,7.11109],"stabilizedTipPosition":[-2.79098,262.064,40.4132],"timeVisible":8.79442,"tipPosition":[-16.8716,252.12,-4.3864],"tipVelocity":[-24.5111,-5.88505,-117.019],"tool":false,"touchDistance":-0.426156,"touchZone":"touching","type":4,"width":16.0574}],"r":[[0.906069,-0.200057,0.37285],[0.321558,0.898299,-0.299431],[-0.275027,0.391198,0.878251]],"s":0.789428,"t":[20.8908,14.9026,-221.037],"timestamp":607604306215},false],[2,{"currentFrameRate":110.092,"devices":[],"gestures":[],"hands":[{"armBasis":[[0.811955,0.00852306,-0.583658],[0.285521,0.866313,0.409853],[0.509123,-0.499429,0.700974]],"armWidth":63.72,"confidence":0.7922,"direction":[0.0471616,0.376986,-0.925017],"elbow":[121.237,151.573,282.642],"grabStrength":0,"id":938,"palmNormal":[-0.287583,-0.881714,-0.374],"palmPosition":[-22.2137,305.129,42.3216],"palmVelocity":[-13.4187,0.70809,-118.423],"palmWidth":90.99,"pinchStrength":0.976287,"r":[[0.906122,-0.20015,0.372671],[0.32208,0.897568,-0.301057],[-0.274241,0.392824,0.87777]],"s":0.790805,"sphereCenter":[-45.2625,271.597,8.89289],"sphereRadius":47.9611,"stabilizedPalmPosition":[-4.98653,290.184,156.061],"t":[20.7578,14.9267,-222.08],"timeVisible":8.80353,"type":"right","wrist":[-16.2262,286.419,93.3788]}],"id":4494980,"interactionBox":{"center":[0,200,0],"size":[235.247,235.247,147.751]},"pointables":[{"bases":[[[0.651356,0.748048,0.127122],[-0.659655,0.475476,0.582045],[0.374954,-0.462975,0.803158]],[[0.433842,0.873286,-0.221703],[-0.872274,0.468728,0.139401],[0.225655,0.132908,0.965099]],[[0.433842,0.873286,-0.221703],[-0.900883,0.41667,-0.121642],[-0.0138517,0.252502,0.967497]],[[0.433842,0.873286,-0.221703],[-0.840713,0.303881,-0.448172],[-0.324011,0.380824,0.86602]]],"btipPosition":[-49.973,259.537,-7.02061],"carpPosition":[-46.7641,283.693,94.4102],"dipPosition":[-57.556,268.449,13.2474],"direction":[0.0138517,-0.252502,-0.967497],"extended":false,"handId":938,"id":9380,"length":52.1164,"mcpPosition":[-46.7641,283.693,94.4102],"pipPosition":[-58.0283,277.058,46.2348],"stabilizedTipPosition":[-46.0684,252.778,147.443],"timeVisible":8.80353,"tipPosition":[-51.8298,261.053,-2.47239],"tipVelocity":[-24.7471,2.87764,-108.904],"tool":false,"touchDistance":-0.443326,"touchZone":"touching","type":0,"width":20.25},{"bases":[[[0.950932,-0.216334,-0.221195],[0.267472,0.934153,0.236258],[0.155519,-0.283829,0.946179]],[[0.960234,-0.238039,-0.145904],[0.232273,0.97106,-0.0556109],[0.154919,0.01951,0.987735]],[[0.960234,-0.238039,-0.145904],[0.215852,0.964394,-0.152813],[0.177084,0.115242,0.977425]],[[0.960234,-0.238039,-0.145904],[0.202623,0.953672,-0.222381],[0.19208,0.183975,0.963981]]],"btipPosition":[-58.5801,316.794,-60.8544],"carpPosition":[-32.921,302.679,91.286],"dipPosition":[-55.2983,319.937,-44.3842],"direction":[-0.177084,-0.115242,-0.977425],"extended":true,"handId":938,"id":9381,"length":58.8075,"mcpPosition":[-44.3625,323.561,21.676],"pipPosition":[-51.0181,322.722,-20.7595],"stabilizedTipPosition":[-44.3963,304.65,98.1491],"timeVisible":8.80353,"tipPosition":[-57.7348,316.423,-56.9504],"tipVelocity":[-20.4563,11.2453,-119.054],"tool":false,"touchDistance":-0.470254,"touchZone":"touching","type":1,"width":19.3428},{"bases":[[[0.903577,-0.408751,-0.128343],[0.427738,0.877672,0.216177],[0.0242805,-0.250229,0.967882]],[[0.901015,-0.4331,-0.0244151],[0.27518,0.614175,-0.739639],[0.335333,0.659707,0.672561]],[[0.901015,-0.4331,-0.0244151],[0.133522,0.330449,-0.934332],[0.412727,0.838587,0.355568]],[[0.901015,-0.4331,-0.0244151],[0.0501056,0.159816,-0.985874],[0.430884,0.887064,0.165697]]],"btipPosition":[-58.665,246.945,-24.7333],"carpPosition":[-20.9741,301.802,88.4365],"dipPosition":[-50.5678,263.615,-21.6195],"direction":[-0.412727,-0.838587,-0.355568],"extended":false,"handId":938,"id":9382,"length":67.0064,"mcpPosition":[-22.6681,319.26,20.9093],"pipPosition":[-38.8313,287.462,-11.5085],"stabilizedTipPosition":[-53.5229,254.558,-11.776],"timeVisible":8.80353,"tipPosition":[-56.2734,251.533,-25.4264],"tipVelocity":[-27.8956,-8.49529,-94.2644],"tool":false,"touchDistance":-0.403735,"touchZone":"touching","type":2,"width":18.9972},{"bases":[[[0.862468,-0.506111,-0.000440666],[0.491757,0.837802,0.237198],[-0.119679,-0.204793,0.971461]],[[0.843432,-0.526003,0.109287],[0.431774,0.542644,-0.720492],[0.319677,0.654873,0.684798]],[[0.843432,-0.526003,0.109287],[0.285422,0.266388,-0.920637],[0.455145,0.807687,0.374813]],[[0.843432,-0.526003,0.109287],[0.191033,0.103512,-0.97611],[0.502124,0.84416,0.187789]]],"btipPosition":[-38.3393,243.222,-19.0724],"carpPosition":[-9.56289,297.8,86.2681],"dipPosition":[-28.9576,258.995,-15.5638],"direction":[-0.455145,-0.807687,-0.374813],"extended":false,"handId":938,"id":9383,"length":64.4285,"mcpPosition":[-2.06617,310.629,25.4158],"pipPosition":[-16.3492,281.369,-5.18072],"stabilizedTipPosition":[-25.7542,260.409,21.6774],"timeVisible":8.80353,"tipPosition":[-35.642,247.339,-19.3542],"tipVelocity":[-21.9978,-3.87293,-111.833],"tool":false,"touchDistance":-0.426016,"touchZone":"touching","type":3,"width":18.077},{"bases":[[[0.749633,-0.657837,0.0728124],[0.607398,0.727478,0.319131],[-0.262905,-0.195005,0.94491]],[[0.661713,-0.685605,0.303449],[0.656692,0.334686,-0.675826],[0.36179,0.646475,0.671698]],[[0.661713,-0.685605,0.303449],[0.479954,0.0764132,-0.87396],[0.576004,0.723952,0.379623]],[[0.661713,-0.685605,0.303449],[0.363523,-0.0605918,-0.929613],[0.655734,0.725447,0.209139]]],"btipPosition":[-20.5716,248.742,-4.72873],"carpPosition":[-0.454895,286.957,84.8426],"dipPosition":[-9.26882,261.246,-1.12384],"direction":[-0.576004,-0.723952,-0.379623],"extended":false,"handId":938,"id":9384,"length":50.5107,"mcpPosition":[14.7897,298.265,30.0518],"pipPosition":[1.99712,275.406,6.30112],"stabilizedTipPosition":[-2.80091,262.057,40.3842],"timeVisible":8.80353,"tipPosition":[-17.1195,252.004,-5.07034],"tipVelocity":[-24.6758,-7.20072,-105.999],"tool":false,"touchDistance":-0.422428,"touchZone":"touching","type":4,"width":16.0574}],"r":[[0.906122,-0.20015,0.372671],[0.32208,0.897568,-0.301057],[-0.274241,0.392824,0.87777]],"s":0.790805,"t":[20.7578,14.9267,-222.08],"timestamp":607604315320},false],[3,{"currentFrameRate":110.173,"devices":[],"gestures":[],"hands":[{"armBasis":[[0.812038,0.00725029,-0.583559],[0.28451,0.868135,0.406689],[0.509557,-0.496276,0.702896]],"armWidth":63.72,"confidence":0.740221,"direction":[0.0470386,0.374199,-0.926154],"elbow":[121.211,152.553,282.277],"grabStrength":0,"id":938,"palmNormal":[-0.286529,-0.883163,-0.371382],"palmPosition":[-22.3616,305.095,41.3791],"palmVelocity":[-14.277,-0.527981,-114.898],"palmWidth":90.99,"pinchStrength":0.975367,"r":[[0.906185,-0.199802,0.372704],[0.322322,0.896865,-0.302889],[-0.273748,0.394604,0.877126]],"s":0.791996,"sphereCenter":[-45.4154,271.45,8.0366],"sphereRadius":47.9984,"stabilizedPalmPosition":[-4.98653,290.184,156.061],"t":[20.6174,14.9216,-223.073],"timeVisible":8.81246,"type":"right","wrist":[-16.3696,286.548,92.4952]}],"id":4494981,"interactionBox":{"center":[0,200,0],"size":[235.247,235.247,147.751]},"pointables":[{"bases":[[[0.650518,0.749129,0.125023],[-0.660338,0.476553,0.580388],[0.375206,-0.460111,0.804685]],[[0.433048,0.873054,-0.224157],[-0.872583,0.468396,0.138581],[0.225983,0.135584,0.96465]],[[0.433048,0.873054,-0.224157],[-0.901244,0.415211,-0.123935],[-0.0151295,0.25569,0.96664]],[[0.433048,0.873054,-0.224157],[-0.841234,0.302147,-0.448367],[-0.32372,0.382733,0.865286]]],"btipPosition":[-50.0933,259.349,-7.83617],"carpPosition":[-46.9049,283.792,93.5258],"dipPosition":[-57.6696,268.306,12.4146],"direction":[0.0151295,-0.25569,-0.96664],"extended":false,"handId":938,"id":9380,"length":52.1164,"mcpPosition":[-46.9049,283.792,93.5258],"pipPosition":[-58.1854,277.024,45.3728],"stabilizedTipPosition":[-46.0684,252.778,147.442],"timeVisible":8.81246,"tipPosition":[-51.9329,260.881,-3.28591],"tipVelocity":[-21.6242,-3.32264,-104.221],"tool":false,"touchDistance":-0.43962,"touchZone":"touching","type":0,"width":20.25},{"bases":[[[0.951229,-0.215995,-0.220247],[0.266404,0.935157,0.233473],[0.155537,-0.280761,0.947091]],[[0.960489,-0.237321,-0.145395],[0.231385,0.971208,-0.0567096],[0.154668,0.0208267,0.987747]],[[0.960489,-0.237321,-0.145395],[0.214822,0.9643,-0.154848],[0.176953,0.117496,0.977181]],[[0.960489,-0.237321,-0.145395],[0.201462,0.953278,-0.225111],[0.192026,0.186925,0.963424]]],"btipPosition":[-58.7267,316.511,-61.845],"carpPosition":[-33.0811,302.784,90.3476],"dipPosition":[-55.4458,319.705,-45.3844],"direction":[-0.176953,-0.117496,-0.977181],"extended":true,"handId":938,"id":9381,"length":58.8075,"mcpPosition":[-44.5239,323.439,20.6705],"pipPosition":[-51.1688,322.545,-21.7655],"stabilizedTipPosition":[-44.3963,304.65,98.149],"timeVisible":8.81246,"tipPosition":[-57.8793,316.166,-57.9442],"tipVelocity":[-19.3568,-0.100637,-116.894],"tool":false,"touchDistance":-0.466454,"touchZone":"touching","type":1,"width":19.3428},{"bases":[[[0.904051,-0.408177,-0.126819],[0.426735,0.878787,0.213613],[0.0242553,-0.247235,0.968652]],[[0.901505,-0.432151,-0.0231036],[0.275191,0.613637,-0.740081],[0.334004,0.660829,0.672121]],[[0.901505,-0.432151,-0.0231036],[0.133398,0.328273,-0.935116],[0.411696,0.83993,0.353588]],[[0.901505,-0.432151,-0.0231036],[0.0497545,0.156528,-0.98642],[0.429899,0.888113,0.162612]]],"btipPosition":[-58.7097,246.733,-25.5837],"carpPosition":[-21.1325,301.91,87.5043],"dipPosition":[-50.631,263.423,-22.5279],"direction":[-0.411696,-0.83993,-0.353588],"extended":false,"handId":938,"id":9382,"length":67.0064,"mcpPosition":[-22.8247,319.159,19.9234],"pipPosition":[-38.9238,287.307,-12.4731],"stabilizedTipPosition":[-53.5534,254.521,-11.8962],"timeVisible":8.81246,"tipPosition":[-56.3528,251.265,-26.2029],"tipVelocity":[-21.7797,-12.5228,-94.9249],"tool":false,"touchDistance":-0.40465,"touchZone":"touching","type":2,"width":18.9972},{"bases":[[[0.863008,-0.505188,0.00136827],[0.490791,0.83905,0.234776],[-0.119754,-0.201942,0.972049]],[[0.843939,-0.524778,0.111241],[0.431814,0.541538,-0.7213],[0.318281,0.656768,0.683632]],[[0.843939,-0.524778,0.111241],[0.285515,0.263859,-0.921336],[0.454145,0.809313,0.372512]],[[0.843939,-0.524778,0.111241],[0.191001,0.100178,-0.976464],[0.501283,0.845324,0.184777]]],"btipPosition":[-38.3823,243.006,-19.8536],"carpPosition":[-9.71631,297.914,85.3516],"dipPosition":[-29.0163,258.8,-16.4012],"direction":[-0.454145,-0.809313,-0.372512],"extended":false,"handId":938,"id":9383,"length":64.4285,"mcpPosition":[-2.21491,310.564,24.4625],"pipPosition":[-16.4356,281.22,-6.08187],"stabilizedTipPosition":[-25.7621,260.399,21.6467],"timeVisible":8.81246,"tipPosition":[-35.7135,247.102,-20.1053],"tipVelocity":[-17.4178,-9.25882,-105.574],"tool":false,"touchDistance":-0.423659,"touchZone":"touching","type":3,"width":18.077},{"bases":[[[0.750312,-0.65681,0.0750524],[0.606525,0.729101,0.31708],[-0.262982,-0.192388,0.945424]],[[0.662295,-0.683968,0.305863],[0.657174,0.334239,-0.675579],[0.359843,0.648438,0.670851]],[[0.662295,-0.683968,0.305863],[0.48041,0.0743971,-0.873883],[0.574953,0.725708,0.377858]],[[0.662295,-0.683968,0.305863],[0.363656,-0.0634703,-0.929369],[0.655072,0.726745,0.206693]]],"btipPosition":[-20.6077,248.584,-5.53245],"carpPosition":[-0.596325,287.077,83.9621],"dipPosition":[-9.3164,261.11,-1.96972],"direction":[-0.574953,-0.725708,-0.377858],"extended":false,"handId":938,"id":9384,"length":50.5107,"mcpPosition":[14.6528,298.233,29.1415],"pipPosition":[1.92899,275.304,5.42074],"stabilizedTipPosition":[-2.80835,262.052,40.3621],"timeVisible":8.81246,"tipPosition":[-17.2001,251.83,-5.83285],"tipVelocity":[-19.1278,-9.91465,-101.922],"tool":false,"touchDistance":-0.42072,"touchZone":"touching","type":4,"width":16.0574}],"r":[[0.906185,-0.199802,0.372704],[0.322322,0.896865,-0.302889],[-0.273748,0.394604,0.877126]],"s":0.791996,"t":[20.6174,14.9216,-223.073],"timestamp":607604324253},false],[4,{"currentFrameRate":110.176,"devices":[],"gestures":[],"hands":[{"armBasis":[[0.811568,-0.00161557,-0.584256],[0.284454,0.874567,0.392706],[0.510337,-0.484902,0.71023]],"armWidth":63.72,"confidence":0.746525,"direction":[0.0486604,0.379185,-0.92404],"elbow":[121.119,155.374,282.661],"grabStrength":0,"id":938,"palmNormal":[-0.285345,-0.881303,-0.376674],"palmPosition":[-22.5733,305.116,39.8709],"palmVelocity":[-16.7817,0.247235,-129.096],"palmWidth":90.99,"pinchStrength":0.975061,"r":[[0.906109,-0.199832,0.372873],[0.322545,0.896658,-0.303265],[-0.273737,0.395059,0.876924]],"s":0.793144,"sphereCenter":[-45.6539,271.714,6.30186],"sphereRadius":48.0248,"stabilizedPalmPosition":[-4.98653,290.184,156.061],"t":[20.4413,14.9294,-224.324],"timeVisible":8.82153,"type":"right","wrist":[-16.6719,286.297,90.8985]}],"id":4494982,"interactionBox":{"center":[0,200,0],"size":[235.247,235.247,147.751]},"pointables":[{"bases":[[[0.649886,0.748777,0.130315],[-0.66172,0.4731,0.581639],[0.373865,-0.464231,0.802941]],[[0.43318,0.874437,-0.218438],[-0.872916,0.467377,0.139912],[0.224437,0.130071,0.965769]],[[0.43318,0.874437,-0.218438],[-0.90113,0.415372,-0.124223],[-0.0178922,0.250652,0.967912]],[[0.43318,0.874437,-0.218438],[-0.840342,0.304218,-0.448639],[-0.325854,0.377904,0.866607]]],"btipPosition":[-50.1749,259.638,-9.63774],"carpPosition":[-47.2077,283.521,91.8544],"dipPosition":[-57.801,268.482,10.644],"direction":[0.0178922,-0.250652,-0.967912],"extended":false,"handId":938,"id":9380,"length":52.1164,"mcpPosition":[-47.2077,283.521,91.8544],"pipPosition":[-58.4111,277.028,43.6455],"stabilizedTipPosition":[-46.0685,252.778,147.442],"timeVisible":8.82153,"tipPosition":[-52.0269,261.148,-5.08279],"tipVelocity":[-18.4817,5.60602,-130.094],"tool":false,"touchDistance":-0.450908,"touchZone":"touching","type":0,"width":20.25},{"bases":[[[0.95177,-0.21433,-0.219535],[0.265463,0.934026,0.239007],[0.153825,-0.285758,0.945875]],[[0.960824,-0.235813,-0.145635],[0.231072,0.971707,-0.0489006],[0.153046,0.0133326,0.988129]],[[0.960824,-0.235813,-0.145635],[0.214552,0.965467,-0.147789],[0.175456,0.110753,0.978238]],[[0.960824,-0.235813,-0.145635],[0.201196,0.95483,-0.218679],[0.190624,0.180811,0.964868]]],"btipPosition":[-58.7774,317.221,-63.3646],"carpPosition":[-33.3876,302.537,88.8052],"dipPosition":[-55.5205,320.31,-46.8793],"direction":[-0.175456,-0.110753,-0.978238],"extended":true,"handId":938,"id":9381,"length":58.8075,"mcpPosition":[-44.7044,323.56,19.2175],"pipPosition":[-51.2796,322.987,-23.2349],"stabilizedTipPosition":[-44.3963,304.65,98.1488],"timeVisible":8.82153,"tipPosition":[-57.9285,316.856,-59.4678],"tipVelocity":[-15.7206,20.8201,-130.715],"tool":false,"touchDistance":-0.47085,"touchZone":"touching","type":1,"width":19.3428},{"bases":[[[0.904508,-0.407034,-0.127232],[0.425862,0.877844,0.21916],[0.0224846,-0.252415,0.967358]],[[0.90178,-0.431541,-0.0237668],[0.276308,0.617933,-0.736079],[0.332334,0.657214,0.676478]],[[0.90178,-0.431541,-0.0237668],[0.13492,0.333329,-0.933107],[0.410596,0.83825,0.358814]],[[0.90178,-0.431541,-0.0237668],[0.051381,0.161646,-0.98551],[0.42913,0.887493,0.167942]]],"btipPosition":[-58.7604,247.102,-27.4757],"carpPosition":[-21.4329,301.684,85.9807],"dipPosition":[-50.6961,263.78,-24.3198],"direction":[-0.410596,-0.838251,-0.358813],"extended":false,"handId":938,"id":9382,"length":67.0064,"mcpPosition":[-23.0016,319.295,18.4901],"pipPosition":[-39.0203,287.617,-14.1164],"stabilizedTipPosition":[-53.575,254.498,-11.9917],"timeVisible":8.82153,"tipPosition":[-56.4112,251.627,-28.0487],"tipVelocity":[-17.4057,2.09842,-125.64],"tool":false,"touchDistance":-0.420554,"touchZone":"touching","type":2,"width":18.9972},{"bases":[[[0.863264,-0.504752,0.000352585],[0.489897,0.838026,0.240235],[-0.121555,-0.207214,0.970715]],[[0.843986,-0.524943,0.110102],[0.433023,0.54573,-0.717405],[0.316511,0.653156,0.687901]],[[0.843986,-0.524943,0.110102],[0.287042,0.268645,-0.919476],[0.453095,0.807629,0.377413]],[[0.843986,-0.524943,0.110102],[0.192553,0.104944,-0.975659],[0.500611,0.844643,0.189651]]],"btipPosition":[-38.443,243.349,-21.7102],"carpPosition":[-10.0105,297.706,83.8291],"dipPosition":[-29.0896,259.13,-18.1667],"direction":[-0.453095,-0.807629,-0.377413],"extended":false,"handId":938,"id":9383,"length":64.4285,"mcpPosition":[-2.39633,310.686,23.0235],"pipPosition":[-16.5379,281.503,-7.71164],"stabilizedTipPosition":[-25.7677,260.391,21.6239],"timeVisible":8.82153,"tipPosition":[-35.7829,247.439,-21.9263],"tipVelocity":[-14.5408,3.64088,-132.328],"tool":false,"touchDistance":-0.437161,"touchZone":"touching","type":3,"width":18.077},{"bases":[[[0.750502,-0.656823,0.0730012],[0.605526,0.727696,0.322176],[-0.264735,-0.197589,0.943861]],[[0.662011,-0.685267,0.303563],[0.658338,0.338075,-0.67253],[0.358235,0.64507,0.674947]],[[0.662011,-0.685267,0.303563],[0.481335,0.0782574,-0.873036],[0.574507,0.724076,0.38165]],[[0.662011,-0.685267,0.303563],[0.36422,-0.0598459,-0.929388],[0.655046,0.725829,0.209969]]],"btipPosition":[-20.7259,248.855,-7.28004],"carpPosition":[-0.882221,286.88,82.3993],"dipPosition":[-9.43505,261.366,-3.66084],"direction":[-0.574507,-0.724076,-0.38165],"extended":false,"handId":938,"id":9384,"length":50.5107,"mcpPosition":[14.4685,298.338,27.6694],"pipPosition":[1.80161,275.529,3.80378],"stabilizedTipPosition":[-2.81377,262.048,40.3456],"timeVisible":8.82153,"tipPosition":[-17.3335,252.093,-7.54693],"tipVelocity":[-17.4455,1.00168,-126.607],"tool":false,"touchDistance":-0.433,"touchZone":"touching","type":4,"width":16.0574}],"r":[[0.906109,-0.199832,0.372873],[0.322545,0.896658,-0.303265],[-0.273737,0.395059,0.876924]],"s":0.793144,"t":[20.4413,14.9294,-224.324],"timestamp":607604333324},false],[5,{"currentFrameRate":110.212,"devices":[],"gestures":[],"hands":[{"armBasis":[[0.811334,-0.00649769,-0.584546],[0.283598,0.878763,0.383858],[0.511184,-0.477214,0.714814]],"armWidth":63.72,"confidence":0.753652,"direction":[0.0498664,0.37895,-0.924073],"elbow":[121.084,157.345,282.965],"grabStrength":0,"id":938,"palmNormal":[-0.283983,-0.881655,-0.37688],"palmPosition":[-22.7683,304.991,38.9225],"palmVelocity":[-18.1183,-3.64161,-122.549],"palmWidth":90.99,"pinchStrength":0.975665,"r":[[0.905959,-0.199682,0.373318],[0.322672,0.896528,-0.303513],[-0.274084,0.39543,0.876649]],"s":0.794301,"sphereCenter":[-45.8976,271.653,5.32611],"sphereRadius":48.0519,"stabilizedPalmPosition":[-4.98653,290.184,156.06],"t":[20.2558,14.8707,-225.423],"timeVisible":8.83054,"type":"right","wrist":[-16.9353,286.192,89.9654]}],"id":4494983,"interactionBox":{"center":[0,200,0],"size":[235.247,235.247,147.751]},"pointables":[{"bases":[[[0.649041,0.749361,0.131162],[-0.663075,0.472718,0.580404],[0.37293,-0.463677,0.803696]],[[0.433006,0.8747,-0.217729],[-0.873338,0.466899,0.138871],[0.223128,0.130019,0.966079]],[[0.433006,0.8747,-0.217729],[-0.901156,0.414557,-0.126727],[-0.0205874,0.251081,0.967747]],[[0.433006,0.8747,-0.217729],[-0.839924,0.303861,-0.449663],[-0.327161,0.377582,0.866255]]],"btipPosition":[-50.2497,259.503,-10.622],"carpPosition":[-47.4703,283.391,90.8718],"dipPosition":[-57.9064,268.34,9.65152],"direction":[0.0205874,-0.251081,-0.967747],"extended":false,"handId":938,"id":9380,"length":52.1164,"mcpPosition":[-47.4703,283.391,90.8718],"pipPosition":[-58.6084,276.9,42.6474],"stabilizedTipPosition":[-46.0685,252.778,147.441],"timeVisible":8.83054,"tipPosition":[-52.1069,261.013,-6.06496],"tipVelocity":[-15.8983,-0.103862,-124.423],"tool":false,"touchDistance":-0.448942,"touchZone":"touching","type":0,"width":20.25},{"bases":[[[0.952311,-0.213596,-0.217901],[0.264285,0.93432,0.239164],[0.152504,-0.285346,0.946213]],[[0.961185,-0.234795,-0.144892],[0.23045,0.971981,-0.0463211],[0.151709,0.0111328,0.988363]],[[0.961185,-0.234795,-0.144892],[0.213928,0.965874,-0.146023],[0.174233,0.109359,0.978613]],[[0.961185,-0.234795,-0.144892],[0.200542,0.955222,-0.217563],[0.189487,0.180061,0.965232]]],"btipPosition":[-58.8473,317.212,-64.3803],"carpPosition":[-33.6611,302.417,87.8397],"dipPosition":[-55.6098,320.288,-47.8888],"direction":[-0.174233,-0.109359,-0.978613],"extended":true,"handId":938,"id":9381,"length":58.8075,"mcpPosition":[-44.8808,323.41,18.2271],"pipPosition":[-51.3985,322.931,-24.2353],"stabilizedTipPosition":[-44.3963,304.65,98.1487],"timeVisible":8.83054,"tipPosition":[-57.9966,316.846,-60.4854],"tipVelocity":[-13.6694,14.7336,-125.733],"tool":false,"touchDistance":-0.467313,"touchZone":"touching","type":1,"width":19.3428},{"bases":[[[0.905058,-0.406312,-0.125618],[0.424764,0.878267,0.219598],[0.0211006,-0.252107,0.967469]],[[0.90221,-0.430708,-0.0225399],[0.276708,0.618129,-0.735765],[0.330832,0.657577,0.676862]],[[0.90221,-0.430708,-0.0225399],[0.135424,0.332517,-0.933324],[0.409485,0.839001,0.358328]],[[0.90221,-0.430708,-0.0225399],[0.0518581,0.160213,-0.985719],[0.428168,0.888157,0.166881]]],"btipPosition":[-58.8099,246.919,-28.4138],"carpPosition":[-21.7011,301.574,85.0352],"dipPosition":[-50.7638,263.609,-25.2778],"direction":[-0.409485,-0.839001,-0.358328],"extended":false,"handId":938,"id":9382,"length":67.0064,"mcpPosition":[-23.1733,319.163,17.5368],"pipPosition":[-39.1195,287.467,-15.0882],"stabilizedTipPosition":[-53.5899,254.482,-12.0607],"timeVisible":8.83054,"tipPosition":[-56.4727,251.428,-28.9683],"tipVelocity":[-14.2603,-3.98358,-119.868],"tool":false,"touchDistance":-0.420971,"touchZone":"touching","type":2,"width":18.9972},{"bases":[[[0.863686,-0.504027,0.00192802],[0.488797,0.838509,0.240791],[-0.122982,-0.207025,0.970575]],[[0.844236,-0.524207,0.111684],[0.433803,0.545927,-0.716783],[0.314771,0.653583,0.688294]],[[0.844236,-0.524207,0.111684],[0.287992,0.267934,-0.919387],[0.452025,0.808343,0.377167]],[[0.844236,-0.524207,0.111684],[0.193449,0.103693,-0.975615],[0.499843,0.845254,0.188948]]],"btipPosition":[-38.4932,243.185,-22.6245],"carpPosition":[-10.2718,297.604,82.9036],"dipPosition":[-29.1541,258.978,-19.0942],"direction":[-0.452025,-0.808343,-0.377167],"extended":false,"handId":938,"id":9383,"length":64.4285,"mcpPosition":[-2.56825,310.572,22.1067],"pipPosition":[-16.6321,281.37,-8.64595],"stabilizedTipPosition":[-25.7716,260.386,21.608],"timeVisible":8.83054,"tipPosition":[-35.846,247.269,-22.8287],"tipVelocity":[-12.1768,-2.27125,-123.947],"tool":false,"touchDistance":-0.435539,"touchZone":"touching","type":3,"width":18.077},{"bases":[[[0.750932,-0.656171,0.0744362],[0.604383,0.7283,0.322955],[-0.266126,-0.19753,0.943482]],[[0.662106,-0.684618,0.304818],[0.659105,0.338404,-0.671613],[0.356647,0.645586,0.675294]],[[0.662106,-0.684618,0.304818],[0.481809,0.0773364,-0.872857],[0.574,0.724787,0.38106]],[[0.662106,-0.684618,0.304818],[0.364309,-0.0614085,-0.929251],[0.654901,0.72631,0.208753]]],"btipPosition":[-20.8267,248.717,-8.14506],"carpPosition":[-1.13212,286.786,81.4921],"dipPosition":[-9.53827,261.236,-4.54682],"direction":[-0.574,-0.724787,-0.38106],"extended":false,"handId":938,"id":9384,"length":50.5107,"mcpPosition":[14.2993,298.24,26.7841],"pipPosition":[1.68849,275.412,2.90626],"stabilizedTipPosition":[-2.81765,262.046,40.3336],"timeVisible":8.83054,"tipPosition":[-17.4508,251.945,-8.3974],"tipVelocity":[-15.7412,-3.433,-118.348],"tool":false,"touchDistance":-0.431081,"touchZone":"touching","type":4,"width":16.0574}],"r":[[0.905959,-0.199682,0.373318],[0.322672,0.896528,-0.303513],[-0.274084,0.39543,0.876649]],"s":0.794301,"t":[20.2558,14.8707,-225.423],"timestamp":607604342333},false],[6,{"currentFrameRate":110.196,"devices":[],"gestures":[],"hands":[{"armBasis":[[0.812146,-0.00890872,-0.583387],[0.282845,0.880548,0.380308],[0.510312,-0.473874,0.717653]],"armWidth":63.72,"confidence":0.759791,"direction":[0.04951,0.37739,-0.92473],"elbow":[120.712,158.309,282.935],"grabStrength":0,"id":938,"palmNormal":[-0.283115,-0.882587,-0.375349],"palmPosition":[-22.9224,304.958,38.0931],"palmVelocity":[-17.7875,-3.6212,-113.833],"palmWidth":90.99,"pinchStrength":0.977211,"r":[[0.905876,-0.199254,0.373746],[0.322599,0.896381,-0.304023],[-0.274441,0.395977,0.87629]],"s":0.795497,"sphereCenter":[-46.1193,271.613,4.55331],"sphereRadius":48.0781,"stabilizedPalmPosition":[-4.98654,290.184,156.06],"t":[20.086,14.8251,-226.388],"timeVisible":8.83965,"type":"right","wrist":[-17.0718,286.255,89.1687]}],"id":4494984,"interactionBox":{"center":[0,200,0],"size":[235.247,235.247,147.751]},"pointables":[{"bases":[[[0.648306,0.750223,0.129867],[-0.663547,0.473078,0.579572],[0.373371,-0.461912,0.804507]],[[0.432631,0.874661,-0.218631],[-0.873398,0.46675,0.138999],[0.223623,0.130816,0.965857]],[[0.432631,0.874661,-0.218631],[-0.901303,0.413676,-0.128551],[-0.0219959,0.252667,0.967303]],[[0.432631,0.874661,-0.218631],[-0.840212,0.30322,-0.449557],[-0.326917,0.378188,0.866083]]],"btipPosition":[-50.3658,259.429,-11.3839],"carpPosition":[-47.6041,283.424,90.0796],"dipPosition":[-58.0168,268.28,8.88551],"direction":[0.0219959,-0.252667,-0.967303],"extended":false,"handId":938,"id":9380,"length":52.1164,"mcpPosition":[-47.6041,283.424,90.0796],"pipPosition":[-58.7668,276.894,41.8663],"stabilizedTipPosition":[-46.0685,252.778,147.441],"timeVisible":8.83965,"tipPosition":[-52.2161,260.935,-6.81895],"tipVelocity":[-14.9878,-2.23717,-113.163],"tool":false,"touchDistance":-0.443825,"touchZone":"touching","type":0,"width":20.25},{"bases":[[[0.952523,-0.213043,-0.217515],[0.263367,0.934993,0.237542],[0.152769,-0.28355,0.946711]],[[0.961347,-0.233872,-0.145313],[0.229637,0.972212,-0.0455056],[0.151918,0.0103773,0.988339]],[[0.961347,-0.233872,-0.145313],[0.212999,0.966117,-0.145771],[0.174482,0.109185,0.978588]],[[0.961347,-0.233872,-0.145313],[0.199505,0.955391,-0.217774],[0.189763,0.180366,0.965121]]],"btipPosition":[-59.0388,317.153,-65.2385],"carpPosition":[-33.8134,302.459,87.0145],"dipPosition":[-55.7966,320.235,-48.7489],"direction":[-0.174482,-0.109185,-0.978588],"extended":true,"handId":938,"id":9381,"length":58.8075,"mcpPosition":[-45.0525,323.32,17.3654],"pipPosition":[-51.5793,322.874,-25.096],"stabilizedTipPosition":[-44.3964,304.65,98.1486],"timeVisible":8.83965,"tipPosition":[-58.1838,316.788,-61.345],"tipVelocity":[-15.678,8.89753,-117.025],"tool":false,"touchDistance":-0.461795,"touchZone":"touching","type":1,"width":19.3428},{"bases":[[[0.905457,-0.405644,-0.124898],[0.423901,0.879063,0.218076],[0.0213322,-0.250403,0.967907]],[[0.902683,-0.42972,-0.0224582],[0.275441,0.617122,-0.737084],[0.330599,0.659167,0.675428]],[[0.902683,-0.42972,-0.0224582],[0.133561,0.329411,-0.934692],[0.409054,0.840731,0.354748]],[[0.902683,-0.42972,-0.0224582],[0.0497073,0.155974,-0.98651],[0.427425,0.889389,0.162155]]],"btipPosition":[-58.94,246.7,-29.0081],"carpPosition":[-21.8526,301.622,84.2117],"dipPosition":[-50.9079,263.413,-25.9609],"direction":[-0.409054,-0.840731,-0.354748],"extended":false,"handId":938,"id":9382,"length":67.0064,"mcpPosition":[-23.3409,319.093,16.6828],"pipPosition":[-39.2758,287.32,-15.8731],"stabilizedTipPosition":[-53.6008,254.47,-12.1114],"timeVisible":8.83965,"tipPosition":[-56.6178,251.191,-29.5642],"tipVelocity":[-14.3682,-9.38923,-105.358],"tool":false,"touchDistance":-0.416429,"touchZone":"touching","type":2,"width":18.9972},{"bases":[[[0.864179,-0.503177,0.00281694],[0.487972,0.839405,0.239338],[-0.122794,-0.205457,0.970932]],[[0.844742,-0.523188,0.112625],[0.433353,0.545221,-0.717593],[0.314031,0.654988,0.687296]],[[0.844742,-0.523188,0.112625],[0.287711,0.26652,-0.919885],[0.451256,0.80947,0.375668]],[[0.844742,-0.523188,0.112625],[0.193237,0.101935,-0.975843],[0.499069,0.846099,0.187209]]],"btipPosition":[-38.5836,243.033,-23.3447],"carpPosition":[-10.4194,297.66,82.0871],"dipPosition":[-29.259,258.842,-19.8469],"direction":[-0.451256,-0.80947,-0.375668],"extended":false,"handId":938,"id":9383,"length":64.4285,"mcpPosition":[-2.72753,310.53,21.2679],"pipPosition":[-16.7583,281.266,-9.44019],"stabilizedTipPosition":[-25.7744,260.383,21.5964],"timeVisible":8.83965,"tipPosition":[-35.9457,247.114,-23.5481],"tipVelocity":[-11.6561,-6.1521,-111.746],"tool":false,"touchDistance":-0.431234,"touchZone":"touching","type":3,"width":18.077},{"bases":[[[0.751572,-0.655306,0.0755882],[0.603665,0.729452,0.321696],[-0.265947,-0.196148,0.943821]],[[0.662743,-0.683441,0.306074],[0.658889,0.337964,-0.672046],[0.355862,0.647062,0.674294]],[[0.662743,-0.683441,0.306074],[0.481706,0.0761435,-0.873018],[0.573351,0.726024,0.379681]],[[0.662743,-0.683441,0.306074],[0.364208,-0.0629517,-0.929188],[0.654312,0.727287,0.207194]]],"btipPosition":[-20.9233,248.607,-8.87298],"carpPosition":[-1.26905,286.849,80.6946],"dipPosition":[-9.64509,261.143,-5.30162],"direction":[-0.573351,-0.726024,-0.379681],"extended":false,"handId":938,"id":9384,"length":50.5107,"mcpPosition":[14.152,298.223,25.967],"pipPosition":[1.56896,275.343,2.12449],"stabilizedTipPosition":[-2.8205,262.044,40.3247],"timeVisible":8.83965,"tipPosition":[-17.5579,251.834,-9.12331],"tipVelocity":[-14.3925,-5.73038,-107.895],"tool":false,"touchDistance":-0.427318,"touchZone":"touching","type":4,"width":16.0574}],"r":[[0.905876,