{"sensorType":"Leap","data":[[0,{"currentFrameRate":108.411,"devices":[],"gestures":[],"hands":[{"armBasis":[[0.855515,0.160285,-0.492343],[0.156683,0.826156,0.541218],[0.493501,-0.540162,0.681675]],"armWidth":63.72,"confidence":0.739963,"direction":[0.0388294,0.297151,-0.954041],"elbow":[107.908,147.595,282.534],"grabStrength":0,"id":941,"palmNormal":[-0.173143,-0.938318,-0.299301],"palmPosition":[-31.4906,306.779,45.785],"palmVelocity":[18.5395,-25.5068,-274.536],"palmWidth":90.99,"pinchStrength":0.699489,"r":[[0.939982,-0.310494,0.141517],[0.322559,0.94383,-0.0716953],[-0.111307,0.11304,0.987336]],"s":0.70323,"sphereCenter":[-61.3252,267.257,13.7413],"sphereRadius":56.1365,"stabilizedPalmPosition":[-28.5196,292.144,185.992],"t":[6.20769,9.29952,-74.7377],"timeVisible":4.01313,"type":"right","wrist":[-25.3377,293.439,98.4817]}],"id":4496337,"interactionBox":{"center":[0,200,0],"size":[235.247,235.247,147.751]},"pointables":[{"bases":[[[0.558452,0.826094,0.0754964],[-0.729744,0.445955,0.518264],[0.394467,-0.344519,0.851882]],[[0.359957,0.895038,-0.263321],[-0.923436,0.382039,0.0362358],[0.133031,0.230116,0.964028]],[[0.359957,0.895038,-0.263321],[-0.932315,0.355643,-0.0656228],[0.0349132,0.269119,0.962474]],[[0.359957,0.895038,-0.263321],[-0.930293,0.322974,-0.173902],[-0.0706032,0.307563,0.948905]]],"btipPosition":[-61.5748,259.468,-4.20382],"carpPosition":[-55.3962,287.329,98.942],"dipPosition":[-63.2271,266.666,18.004],"direction":[-0.0349132,-0.269119,-0.962474],"extended":false,"handId":941,"id":9410,"length":52.1164,"mcpPosition":[-55.3962,287.329,98.942],"pipPosition":[-62.0368,275.842,50.8201],"stabilizedTipPosition":[-84.2741,253.466,182.791],"timeVisible":4.01313,"tipPosition":[-62.9827,261.867,0.980049],"tipVelocity":[50.212,-34.6858,-284.847],"tool":false,"touchDistance":-0.647793,"touchZone":"hovering","type":0,"width":20.25},{"bases":[[[0.976679,-0.124405,-0.174987],[0.152394,0.975794,0.15685],[0.151239,-0.179859,0.971997]],[[0.986138,-0.13959,-0.0897055],[0.135534,0.989518,-0.049852],[0.0957241,0.0370028,0.99472]],[[0.986138,-0.13959,-0.0897055],[0.127903,0.983882,-0.124965],[0.105704,0.111759,0.988097]],[[0.986138,-0.13959,-0.0897055],[0.121707,0.975967,-0.180766],[0.112783,0.167342,0.979427]]],"btipPosition":[-63.3788,313.512,-60.3972],"carpPosition":[-43.6578,307.43,94.4646],"dipPosition":[-61.4518,316.371,-43.6631],"direction":[-0.105704,-0.111759,-0.988097],"extended":true,"handId":941,"id":9411,"length":58.8075,"mcpPosition":[-54.7844,320.662,22.9552],"pipPosition":[-58.8969,319.072,-19.7804],"stabilizedTipPosition":[-75.521,301.327,137.283],"timeVisible":4.01313,"tipPosition":[-63.2347,313.527,-56.4245],"tipVelocity":[23.1372,-15.3047,-275.571],"tool":false,"touchDistance":-0.757807,"touchZone":"hovering","type":1,"width":19.3428},{"bases":[[[0.947747,-0.312075,-0.0662162],[0.318603,0.936528,0.14631],[0.0163537,-0.159762,0.98702]],[[0.940636,-0.331434,0.0731857],[0.296923,0.699047,-0.650516],[0.164443,0.633629,0.755958]],[[0.940636,-0.331434,0.0731857],[0.228166,0.457813,-0.859271],[0.251286,0.82496,0.506257]],[[0.940636,-0.331434,0.0731857],[0.17689,0.294665,-0.939086],[0.28968,0.896284,0.3358]]],"btipPosition":[-53.2472,247.985,-33.9789],"carpPosition":[-31.5907,307.681,92.0275],"dipPosition":[-47.8035,264.828,-27.6685],"direction":[-0.251286,-0.82496,-0.506257],"extended":false,"handId":941,"id":9412,"length":67.0064,"mcpPosition":[-32.7317,318.828,23.1651],"pipPosition":[-40.6579,288.287,-13.2724],"stabilizedTipPosition":[-42.6574,299.301,109.666],"timeVisible":4.01313,"tipPosition":[-51.5061,253.044,-33.8904],"tipVelocity":[45.2894,-46.2457,-251.099],"tool":false,"touchDistance":-0.648818,"touchZone":"hovering","type":2,"width":18.9972},{"bases":[[[0.913091,-0.401889,0.0689139],[0.38586,0.906269,0.172595],[-0.131818,-0.131004,0.982579]],[[0.8942,-0.413424,0.171718],[0.42098,0.646106,-0.636649],[0.152258,0.641581,0.751792]],[[0.8942,-0.413424,0.171718],[0.341722,0.382567,-0.858411],[0.289194,0.82627,0.483368]],[[0.8942,-0.413424,0.171718],[0.276427,0.208195,-0.938213],[0.352129,0.886417,0.30045]]],"btipPosition":[-32.8674,244.93,-23.6023],"carpPosition":[-19.7312,304.841,90.54],"dipPosition":[-26.2882,261.492,-17.9887],"direction":[-0.289194,-0.82627,-0.483368],"extended":false,"handId":941,"id":9413,"length":64.4285,"mcpPosition":[-11.4741,313.047,28.9913],"pipPosition":[-18.277,284.381,-4.59848],"stabilizedTipPosition":[-15.108,296.271,110.819],"timeVisible":4.01313,"tipPosition":[-30.655,249.94,-23.8021],"tipVelocity":[36.0717,-39.9596,-238.735],"tool":false,"touchDistance":-0.638032,"touchZone":"hovering","type":3,"width":18.077},{"bases":[[[0.815307,-0.558531,0.152702],[0.51001,0.81757,0.267338],[-0.274161,-0.140083,0.951426]],[[0.705762,-0.575405,0.413289],[0.697487,0.46213,-0.547674],[0.124141,0.674792,0.727492]],[[0.705762,-0.575405,0.413289],[0.607022,0.190374,-0.771545],[0.365272,0.795403,0.483642]],[[0.705762,-0.575405,0.413289],[0.521128,0.0264667,-0.853068],[0.479921,0.81744,0.318539]]],"btipPosition":[-13.33,249.647,-5.48574],"carpPosition":[-9.42117,295.031,90.3565],"dipPosition":[-5.05768,263.737,0.00485756],"direction":[-0.365272,-0.795403,-0.483642],"extended":false,"handId":941,"id":9414,"length":50.5107,"mcpPosition":[6.47614,303.154,35.1879],"pipPosition":[2.0866,279.294,9.46432],"stabilizedTipPosition":[16.4572,294.558,137.052],"timeVisible":4.01313,"tipPosition":[-10.0053,253.713,-5.40922],"tipVelocity":[20.1573,-14.9381,-251.381],"tool":false,"touchDistance":-0.620846,"touchZone":"hovering","type":4,"width":16.0574}],"r":[[0.939982,-0.310494,0.141517],[0.322559,0.94383,-0.0716953],[-0.111307,0.11304,0.987336]],"s":0.70323,"t":[6.20769,9.29952,-74.7377],"timestamp":607617095660},false],[1,{"currentFrameRate":108.526,"devices":[],"gestures":[],"hands":[{"armBasis":[[0.858535,0.158917,-0.487507],[0.150478,0.83081,0.535828],[0.490178,-0.533386,0.689366]],"armWidth":63.72,"confidence":0.743143,"direction":[0.0398353,0.307532,-0.950704],"elbow":[106.704,148.748,281.624],"grabStrength":0,"id":941,"palmNormal":[-0.165521,-0.936283,-0.309802],"palmPosition":[-31.719,306.618,42.9224],"palmVelocity":[6.47871,-23.4239,-286.42],"palmWidth":90.99,"pinchStrength":0.725096,"r":[[0.941457,-0.305725,0.142098],[0.317441,0.94582,-0.0682365],[-0.113538,0.109349,0.987498]],"s":0.702785,"sphereCenter":[-60.8173,267.533,10.4144],"sphereRadius":55.7193,"stabilizedPalmPosition":[-28.5196,292.144,185.992],"t":[6.15528,9.10057,-77.2913],"timeVisible":4.02214,"type":"right","wrist":[-25.6436,292.762,95.4951]}],"id":4496338,"interactionBox":{"center":[0,200,0],"size":[235.247,235.247,147.751]},"pointables":[{"bases":[[[0.552343,0.829158,0.0861074],[-0.734568,0.435276,0.520524],[0.394116,-0.350759,0.849494]],[[0.354493,0.900297,-0.252588],[-0.925838,0.375791,0.0400665],[0.130992,0.219652,0.966744]],[[0.354493,0.900297,-0.252588],[-0.934595,0.349648,-0.0654054],[0.0294326,0.259253,0.965361]],[[0.354493,0.900297,-0.252588],[-0.931267,0.315629,-0.181987],[-0.0841186,0.29974,0.950305]]],"btipPosition":[-61.2331,259.617,-7.62231],"carpPosition":[-55.6594,286.436,95.7903],"dipPosition":[-63.2018,266.632,14.6182],"direction":[-0.0294326,-0.259253,-0.965361],"extended":false,"handId":941,"id":9410,"length":52.1164,"mcpPosition":[-55.6594,286.436,95.7903],"pipPosition":[-62.1982,275.472,47.5328],"stabilizedTipPosition":[-84.2738,253.466,182.789],"timeVisible":4.02214,"tipPosition":[-62.6948,261.944,-2.43353],"tipVelocity":[44.6184,-21.8925,-310.625],"tool":false,"touchDistance":-0.662511,"touchZone":"hovering","type":0,"width":20.25},{"bases":[[[0.978101,-0.115658,-0.173038],[0.144972,0.975123,0.167688],[0.149338,-0.189101,0.970535]],[[0.987362,-0.131609,-0.0882883],[0.128856,0.991002,-0.0362183],[0.0922605,0.0243842,0.995436]],[[0.987362,-0.131609,-0.0882883],[0.121287,0.986101,-0.113554],[0.102006,0.10141,0.989601]],[[0.987362,-0.131609,-0.0882883],[0.115129,0.978505,-0.171096],[0.108908,0.158769,0.981291]]],"btipPosition":[-63.3259,314.366,-63.2879],"carpPosition":[-44.0491,306.666,91.5653],"dipPosition":[-61.4651,317.079,-46.522],"direction":[-0.102006,-0.10141,-0.989601],"extended":true,"handId":941,"id":9411,"length":58.8075,"mcpPosition":[-55.0359,320.578,20.1634],"pipPosition":[-58.9996,319.53,-22.6029],"stabilizedTipPosition":[-75.521,301.327,137.283],"timeVisible":4.02214,"tipPosition":[-63.1725,314.331,-59.32],"tipVelocity":[17.9282,13.9398,-287.806],"tool":false,"touchDistance":-0.753611,"touchZone":"hovering","type":1,"width":19.3428},{"bases":[[[0.950143,-0.304672,-0.0663582],[0.311488,0.937143,0.157287],[0.0142662,-0.170115,0.985321]],[[0.942836,-0.32543,0.0717953],[0.291677,0.70162,-0.650119],[0.161195,0.633897,0.756433]],[[0.942836,-0.32543,0.0717953],[0.221316,0.450368,-0.864979],[0.249156,0.831423,0.496646]],[[0.942836,-0.32543,0.0717953],[0.168889,0.280874,-0.944768],[0.287291,0.902887,0.319779]]],"btipPosition":[-53.2251,247.733,-36.1651],"carpPosition":[-31.9762,307.028,89.1713],"dipPosition":[-47.8263,264.7,-30.1558],"direction":[-0.249156,-0.831423,-0.496646],"extended":false,"handId":941,"id":9412,"length":67.0064,"mcpPosition":[-32.9715,318.897,20.4274],"pipPosition":[-40.7412,288.343,-16.033],"stabilizedTipPosition":[-42.6785,299.193,109.338],"timeVisible":4.02214,"tipPosition":[-51.4386,252.908,-36.3011],"tipVelocity":[33.2043,-40.348,-250.902],"tool":false,"touchDistance":-0.646101,"touchZone":"hovering","type":2,"width":18.9972},{"bases":[[[0.915683,-0.396158,0.0676963],[0.378871,0.90708,0.183474],[-0.13409,-0.142356,0.980691]],[[0.896772,-0.408815,0.169325],[0.416444,0.650386,-0.635274],[0.149583,0.64021,0.753496]],[[0.896772,-0.408815,0.169325],[0.336814,0.382467,-0.860393],[0.28698,0.828607,0.48068]],[[0.896772,-0.408815,0.169325],[0.271258,0.205571,-0.940298],[0.349599,0.889163,0.295245]]],"btipPosition":[-32.8578,245.033,-26.2352],"carpPosition":[-20.0921,304.287,87.6933],"dipPosition":[-26.3259,261.646,-20.7188],"direction":[-0.28698,-0.828607,-0.48068],"extended":false,"handId":941,"id":9413,"length":64.4285,"mcpPosition":[-11.6927,313.204,26.2629],"pipPosition":[-18.376,284.6,-7.40303],"stabilizedTipPosition":[-15.1175,296.243,110.739],"timeVisible":4.02214,"tipPosition":[-30.6165,250.064,-26.4984],"tipVelocity":[26.1197,-25.4906,-254.131],"tool":false,"touchDistance":-0.64239,"touchZone":"hovering","type":3,"width":18.077},{"bases":[[[0.818737,-0.554365,0.149494],[0.503336,0.818256,0.277686],[-0.276263,-0.152106,0.948969]],[[0.70876,-0.574782,0.409004],[0.695241,0.470849,-0.543085],[0.119577,0.669273,0.733331]],[[0.70876,-0.574782,0.409004],[0.605933,0.199118,-0.770193],[0.361254,0.793711,0.489406]],[[0.70876,-0.574782,0.409004],[0.520554,0.0348302,-0.853118],[0.476112,0.817565,0.323892]]],"btipPosition":[-13.1937,250.091,-8.67094],"carpPosition":[-9.71236,294.553,87.4403],"dipPosition":[-4.98701,264.184,-3.08809],"direction":[-0.361254,-0.793711,-0.489406],"extended":false,"handId":941,"id":9414,"length":50.5107,"mcpPosition":[6.30682,303.373,32.4141],"pipPosition":[2.07868,279.708,6.48411],"stabilizedTipPosition":[16.4542,294.554,137.037],"timeVisible":4.02214,"tipPosition":[-9.92758,254.14,-8.53675],"tipVelocity":[18.3165,2.7512,-278.822],"tool":false,"touchDistance":-0.634554,"touchZone":"hovering","type":4,"width":16.0574}],"r":[[0.941457,-0.305725,0.142098],[0.317441,0.94582,-0.0682365],[-0.113538,0.109349,0.987498]],"s":0.702785,"t":[6.15528,9.10057,-77.2913],"timestamp":607617104668},false],[2,{"currentFrameRate":108.525,"devices":[],"gestures":[],"hands":[{"armBasis":[[0.860611,0.156987,-0.484463],[0.147794,0.833368,0.532592],[0.487346,-0.529955,0.694004]],"armWidth":63.72,"confidence":0.744971,"direction":[0.0404996,0.313738,-0.948645],"elbow":[105.594,149.211,280.151],"grabStrength":0,"id":941,"palmNormal":[-0.162074,-0.934788,-0.316074],"palmPosition":[-32.0185,306.472,40.2769],"palmVelocity":[-4.43997,-21.2891,-286.607],"palmWidth":90.99,"pinchStrength":0.743609,"r":[[0.942756,-0.301501,0.14251],[0.312767,0.947661,-0.0641505],[-0.11571,0.105051,0.987712]],"s":0.70243,"sphereCenter":[-60.4049,267.839,7.51952],"sphereRadius":55.1862,"stabilizedPalmPosition":[-28.5196,292.144,185.992],"t":[5.97933,8.92828,-79.8908],"timeVisible":4.03136,"type":"right","wrist":[-25.9897,292.299,92.7702]}],"id":4496339,"interactionBox":{"center":[0,200,0],"size":[235.247,235.247,147.751]},"pointables":[{"bases":[[[0.549608,0.830301,0.0923667],[-0.736808,0.429649,0.52203],[0.393756,-0.354969,0.847911]],[[0.352154,0.902993,-0.246154],[-0.926579,0.373465,0.0444333],[0.132053,0.212433,0.968212]],[[0.352154,0.902993,-0.246154],[-0.935584,0.346904,-0.065886],[0.0258972,0.253499,0.966989]],[[0.352154,0.902993,-0.246154],[-0.930868,0.310566,-0.192444],[-0.0973283,0.296906,0.949934]]],"btipPosition":[-61.183,259.682,-10.5596],"carpPosition":[-55.9861,285.878,92.9731],"dipPosition":[-63.4609,266.631,11.6723],"direction":[-0.0258972,-0.253499,-0.966989],"extended":false,"handId":941,"id":9410,"length":52.1164,"mcpPosition":[-55.9861,285.878,92.9731],"pipPosition":[-62.5779,275.274,44.6423],"stabilizedTipPosition":[-84.2736,253.466,182.787],"timeVisible":4.03136,"tipPosition":[-62.6979,261.967,-5.37984],"tipVelocity":[31.48,-14.2559,-312.962],"tool":false,"touchDistance":-0.668683,"touchZone":"hovering","type":0,"width":20.25},{"bases":[[[0.97875,-0.11151,-0.172085],[0.141646,0.974474,0.174176],[0.14827,-0.19485,0.969561]],[[0.987878,-0.12786,-0.0880292],[0.125976,0.991675,-0.0266615],[0.0907053,0.0152487,0.995761]],[[0.987878,-0.12786,-0.0880292],[0.118329,0.987289,-0.106109],[0.100477,0.0944061,0.99045]],[[0.987878,-0.12786,-0.0880292],[0.112091,0.979852,-0.165306],[0.107392,0.153435,0.982306]]],"btipPosition":[-63.5002,314.947,-65.9357],"carpPosition":[-44.4317,306.17,88.8977],"dipPosition":[-61.6653,317.568,-49.1524],"direction":[-0.100477,-0.0944061,-0.99045],"extended":true,"handId":941,"id":9411,"length":58.8075,"mcpPosition":[-55.3398,320.505,17.5675],"pipPosition":[-59.2368,319.85,-25.2128],"stabilizedTipPosition":[-75.521,301.327,137.283],"timeVisible":4.03136,"tipPosition":[-63.3249,314.871,-61.9729],"tipVelocity":[7.426,27.0394,-287.551],"tool":false,"touchDistance":-0.746239,"touchZone":"hovering","type":1,"width":19.3428},{"bases":[[[0.9512,-0.301289,-0.0666662],[0.308297,0.937078,0.16382],[0.0131144,-0.176378,0.984235]],[[0.943816,-0.32285,0.0705623],[0.288791,0.701957,-0.651042],[0.160657,0.634842,0.755755]],[[0.943816,-0.32285,0.0705623],[0.216602,0.443081,-0.869921],[0.249589,0.83633,0.488117]],[[0.943816,-0.32285,0.0705623],[0.162942,0.268864,-0.949296],[0.287508,0.907458,0.306363]]],"btipPosition":[-53.5149,247.456,-38.2063],"carpPosition":[-32.3559,306.585,86.5269],"dipPosition":[-48.112,264.509,-32.4491],"direction":[-0.249589,-0.83633,-0.488117],"extended":false,"handId":941,"id":9412,"length":67.0064,"mcpPosition":[-33.2709,318.891,17.8588],"pipPosition":[-41.0146,288.291,-18.5689],"stabilizedTipPosition":[-42.6943,299.114,109.099],"timeVisible":4.03136,"tipPosition":[-51.7177,252.643,-38.4395],"tipVelocity":[15.1224,-36.8562,-244.432],"tool":false,"touchDistance":-0.641313,"touchZone":"hovering","type":2,"width":18.9972},{"bases":[[[0.916797,-0.393738,0.0667403],[0.375729,0.907058,0.18993],[-0.13532,-0.149051,0.979527]],[[0.898166,-0.40691,0.166502],[0.412039,0.64694,-0.641633],[0.15337,0.644898,0.748722]],[[0.898166,-0.40691,0.166502],[0.329081,0.371062,-0.868342],[0.291555,0.834708,0.467182]],[[0.898166,-0.40691,0.166502],[0.261689,0.19046,-0.946173],[0.353295,0.893392,0.277549]]],"btipPosition":[-33.5145,244.598,-27.8857],"carpPosition":[-20.4609,303.891,85.052],"dipPosition":[-26.9136,261.29,-22.7],"direction":[-0.291555,-0.834708,-0.467182],"extended":false,"handId":941,"id":9413,"length":64.4285,"mcpPosition":[-11.9844,313.227,23.6945],"pipPosition":[-18.8369,284.413,-9.75815],"stabilizedTipPosition":[-15.1247,296.223,110.681],"timeVisible":4.03136,"tipPosition":[-31.1776,249.683,-28.3332],"tipVelocity":[-0.676744,-31.0011,-235.429],"tool":false,"touchDistance":-0.632384,"touchZone":"hovering","type":3,"width":18.077},{"bases":[[[0.820205,-0.552766,0.147356],[0.50031,0.818019,0.283786],[-0.277407,-0.159039,0.947498]],[[0.710485,-0.575189,0.405423],[0.693231,0.473013,-0.543774],[0.121003,0.667395,0.734808]],[[0.710485,-0.575189,0.405423],[0.602563,0.199666,-0.772691],[0.363494,0.793278,0.488448]],[[0.710485,-0.575189,0.405423],[0.516359,0.0346974,-0.855669],[0.478105,0.817284,0.321656]]],"btipPosition":[-13.5939,250.211,-11.2663],"carpPosition":[-10.0504,294.191,84.7546],"dipPosition":[-5.35293,264.298,-5.72194],"direction":[-0.363494,-0.793278,-0.488448],"extended":false,"handId":941,"id":9414,"length":50.5107,"mcpPosition":[6.03515,303.413,29.8137],"pipPosition":[1.75659,279.814,3.83151],"stabilizedTipPosition":[16.4522,294.551,137.026],"timeVisible":4.03136,"tipPosition":[-10.3357,254.234,-11.1348],"tipVelocity":[1.25819,5.58108,-279.881],"tool":false,"touchDistance":-0.638495,"touchZone":"hovering","type":4,"width":16.0574}],"r":[[0.942756,-0.301501,0.14251],[0.312767,0.947661,-0.0641505],[-0.11571,0.105051,0.987712]],"s":0.70243,"t":[5.97933,8.92828,-79.8908],"timestamp":607617113883},false],[3,{"currentFrameRate":108.708,"devices":[],"gestures":[],"hands":[{"armBasis":[[0.861642,0.153863,-0.483631],[0.147392,0.836001,0.528562],[0.485642,-0.526715,0.697656]],"armWidth":63.72,"confidence":0.748824,"direction":[0.039595,0.316423,-0.947791],"elbow":[105.106,149.903,279.667],"grabStrength":0,"id":941,"palmNormal":[-0.160858,-0.934145,-0.318588],"palmPosition":[-32.0918,306.426,38.8493],"palmVelocity":[-5.47569,-16.9463,-252.518],"palmWidth":90.99,"pinchStrength":0.753677,"r":[[0.943879,-0.297921,0.142599],[0.308733,0.94923,-0.0603864],[-0.117369,0.101023,0.987937]],"s":0.702103,"sphereCenter":[-59.4614,267.89,6.00564],"sphereRadius":54.6286,"stabilizedPalmPosition":[-28.5196,292.144,185.992],"t":[5.85473,8.81873,-81.9044],"timeVisible":4.04023,"type":"right","wrist":[-26.0176,292.116,91.3003]}],"id":4496340,"interactionBox":{"center":[0,200,0],"size":[235.247,235.247,147.751]},"pointables":[{"bases":[[[0.54844,0.830843,0.0944103],[-0.737188,0.427125,0.523562],[0.394673,-0.356741,0.84674]],[[0.350914,0.904183,-0.243542],[-0.926331,0.373244,0.0509919],[0.137007,0.207706,0.968549]],[[0.350914,0.904183,-0.243542],[-0.936094,0.345452,-0.0662585],[0.0242222,0.251229,0.967625]],[[0.350914,0.904183,-0.243542],[-0.929654,0.305214,-0.206369],[-0.112263,0.298827,0.947681]]],"btipPosition":[-61.042,259.723,-12.0191],"carpPosition":[-56.0045,285.65,91.4995],"dipPosition":[-63.6694,266.716,10.1601],"direction":[-0.0242222,-0.251229,-0.967625],"extended":false,"handId":941,"id":9410,"length":52.1164,"mcpPosition":[-56.0045,285.65,91.4995],"pipPosition":[-62.8435,275.282,43.1518],"stabilizedTipPosition":[-84.2735,253.466,182.786],"timeVisible":4.04023,"tipPosition":[-62.6213,261.984,-6.85905],"tipVelocity":[24.7942,-8.82802,-273.07],"tool":false,"touchDistance":-0.652222,"touchZone":"hovering","type":0,"width":20.25},{"bases":[[[0.978831,-0.109603,-0.17285],[0.140306,0.974193,0.176809],[0.149011,-0.197319,0.968948]],[[0.987967,-0.126016,-0.0896686],[0.124629,0.991983,-0.0209268],[0.0915868,0.00949971,0.995752]],[[0.987967,-0.126016,-0.0896686],[0.11675,0.987909,-0.102005],[0.101439,0.0903092,0.990734]],[[0.987967,-0.126016,-0.0896686],[0.110319,0.980524,-0.16249],[0.108398,0.150643,0.982627]]],"btipPosition":[-63.6829,315.322,-67.3254],"carpPosition":[-44.4816,305.97,87.4749],"dipPosition":[-61.8308,317.896,-50.5366],"direction":[-0.101439,-0.0903092,-0.990734],"extended":true,"handId":941,"id":9411,"length":58.8075,"mcpPosition":[-55.4442,320.487,16.1897],"pipPosition":[-59.379,320.079,-26.5901],"stabilizedTipPosition":[-75.521,301.327,137.282],"timeVisible":4.04023,"tipPosition":[-63.4717,315.212,-63.3674],"tipVelocity":[-0.0537692,30.8566,-252.009],"tool":false,"touchDistance":-0.720775,"touchZone":"hovering","type":1,"width":19.3428},{"bases":[[[0.951607,-0.299713,-0.0679449],[0.307007,0.93707,0.166272],[0.0138353,-0.179085,0.983736]],[[0.944375,-0.321601,0.0687621],[0.286388,0.701421,-0.652679],[0.161671,0.636067,0.754507]],[[0.944375,-0.321601,0.0687621],[0.212721,0.437886,-0.873502],[0.250809,0.839541,0.48194]],[[0.944375,-0.321601,0.0687621],[0.158171,0.260847,-0.952334],[0.288336,0.910237,0.297205]]],"btipPosition":[-53.7159,247.267,-39.191],"carpPosition":[-32.4075,306.41,85.0996],"dipPosition":[-48.2975,264.372,-33.6059],"direction":[-0.250809,-0.839541,-0.48194],"extended":false,"handId":941,"id":9412,"length":67.0064,"mcpPosition":[-33.3728,318.904,16.4663],"pipPosition":[-41.1654,288.246,-19.9012],"stabilizedTipPosition":[-42.7053,299.06,108.933],"timeVisible":4.04023,"tipPosition":[-51.9271,252.426,-39.4492],"tipVelocity":[4.98224,-32.2767,-209.45],"tool":false,"touchDistance":-0.620878,"touchZone":"hovering","type":2,"width":18.9972},{"bases":[[[0.917401,-0.392582,0.0652209],[0.374495,0.907076,0.192267],[-0.134641,-0.151961,0.979173]],[[0.899002,-0.405977,0.16425],[0.40945,0.646088,-0.644143],[0.155387,0.646338,0.747062]],[[0.899002,-0.405977,0.16425],[0.324874,0.366707,-0.87177],[0.293687,0.837083,0.461562]],[[0.899002,-0.405977,0.16425],[0.25658,0.184316,-0.948786],[0.354911,0.895104,0.269866]]],"btipPosition":[-33.7849,244.464,-28.9305],"carpPosition":[-20.5093,303.737,83.6117],"dipPosition":[-27.1537,261.188,-23.8883],"direction":[-0.293687,-0.837083,-0.461562],"extended":false,"handId":941,"id":9413,"length":64.4285,"mcpPosition":[-12.0754,313.255,22.2763],"pipPosition":[-19.018,284.377,-11.1021],"stabilizedTipPosition":[-15.1298,296.209,110.64],"timeVisible":4.04023,"tipPosition":[-31.4648,249.493,-29.364],"tipVelocity":[-8.54675,-26.4597,-204.526],"tool":false,"touchDistance":-0.613645,"touchZone":"hovering","type":3,"width":18.077},{"bases":[[[0.821079,-0.551974,0.145441],[0.499249,0.81796,0.285818],[-0.276729,-0.162068,0.947183]],[[0.712562,-0.575267,0.401651],[0.689843,0.470046,-0.550612],[0.127955,0.669422,0.73178]],[[0.712562,-0.575267,0.401651],[0.595367,0.192894,-0.779955],[0.371206,0.794896,0.479944]],[[0.712562,-0.575267,0.401651],[0.507105,0.0266527,-0.861472],[0.484871,0.817532,0.310712]]],"btipPosition":[-14.181,250.141,-12.2581],"carpPosition":[-10.0848,294.053,83.2825],"dipPosition":[-5.82333,264.233,-6.90238],"direction":[-0.371206,-0.794896,-0.479944],"extended":false,"handId":941,"id":9414,"length":50.5107,"mcpPosition":[5.96138,303.45,28.3599],"pipPosition":[1.43701,279.78,2.48475],"stabilizedTipPosition":[16.4507,294.548,137.019],"timeVisible":4.04023,"tipPosition":[-10.8777,254.143,-12.2029],"tipVelocity":[-16.2119,1.96273,-235.619],"tool":false,"touchDistance":-0.618507,"touchZone":"hovering","type":4,"width":16.0574}],"r":[[0.943879,-0.297921,0.142599],[0.308733,0.94923,-0.0603864],[-0.117369,0.101023,0.987937]],"s":0.702103,"t":[5.85473,8.81873,-81.9044],"timestamp":607617122754},false],[4,{"currentFrameRate":108.686,"devices":[],"gestures":[],"hands":[{"armBasis":[[0.862306,0.146973,-0.48459],[0.150603,0.839221,0.52252],[0.483474,-0.523553,0.70153]],"armWidth":63.72,"confidence":0.756984,"direction":[0.0390043,0.318034,-0.947277],"elbow":[104.572,150.686,279.393],"grabStrength":0,"id":941,"palmNormal":[-0.163353,-0.933215,-0.320039],"palmPosition":[-32.0805,306.462,37.5625],"palmVelocity":[-3.59695,-11.0822,-220.722],"palmWidth":90.99,"pinchStrength":0.759767,"r":[[0.944676,-0.295522,0.142318],[0.305901,0.950348,-0.0571193],[-0.118372,0.0974944,0.988172]],"s":0.701735,"sphereCenter":[-58.4027,268.163,4.69201],"sphereRadius":53.93,"stabilizedPalmPosition":[-28.5196,292.144,185.992],"t":[5.79804,8.78215,-83.5546],"timeVisible":4.04947,"type":"right","wrist":[-25.9666,292.045,89.9794]}],"id":4496341,"interactionBox":{"center":[0,200,0],"size":[235.247,235.247,147.751]},"pointables":[{"bases":[[[0.5504,0.829461,0.0951486],[-0.735531,0.42781,0.525331],[0.395036,-0.359127,0.845562]],[[0.352863,0.903839,-0.241998],[-0.924524,0.376605,0.0585096],[0.144021,0.203088,0.968511]],[[0.352863,0.903839,-0.241998],[-0.93537,0.347344,-0.0665935],[0.0238668,0.249857,0.967989]],[[0.352863,0.903839,-0.241998],[-0.926998,0.302556,-0.221663],[-0.12713,0.302549,0.944617]]],"btipPosition":[-60.9951,259.908,-13.2494],"carpPosition":[-55.9674,285.645,90.2079],"dipPosition":[-63.9704,266.988,8.85803],"direction":[-0.0238668,-0.249857,-0.967989],"extended":false,"handId":941,"id":9410,"length":52.1164,"mcpPosition":[-55.9674,285.645,90.2079],"pipPosition":[-63.1566,275.507,41.8622],"stabilizedTipPosition":[-84.2734,253.467,182.785],"timeVisible":4.04947,"tipPosition":[-62.6403,262.153,-8.11621],"tipVelocity":[16.8284,-0.116299,-234.288],"tool":false,"touchDistance":-0.634036,"touchZone":"hovering","type":0,"width":20.25},{"bases":[[[0.978351,-0.111451,-0.174381],[0.142697,0.973563,0.178361],[0.149893,-0.199383,0.96839]],[[0.98749,-0.127824,-0.0923244],[0.126908,0.991789,-0.015745],[0.0935789,0.00383128,0.995604]],[[0.98749,-0.127824,-0.0923244],[0.118713,0.988058,-0.0982291],[0.103778,0.0860402,0.990872]],[[0.98749,-0.127824,-0.0923244],[0.112009,0.980767,-0.159844],[0.110981,0.147503,0.982815]]],"btipPosition":[-63.8576,315.851,-68.5554],"carpPosition":[-44.4052,305.947,86.204],"dipPosition":[-61.9614,318.371,-51.7634],"direction":[-0.103778,-0.0860402,-0.990872],"extended":true,"handId":941,"id":9411,"length":58.8075,"mcpPosition":[-55.4327,320.616,14.96],"pipPosition":[-59.4531,320.451,-27.8136],"stabilizedTipPosition":[-75.521,301.327,137.282],"timeVisible":4.04947,"tipPosition":[-63.6017,315.694,-64.6017],"tipVelocity":[-5.03899,37.8863,-218.606],"tool":false,"touchDistance":-0.69547,"touchZone":"hovering","type":1,"width":19.3428},{"bases":[[[0.95085,-0.301689,-0.069779],[0.3093,0.936091,0.167529],[0.0147778,-0.180878,0.983395]],[[0.943793,-0.323762,0.0665868],[0.286324,0.700134,-0.654088],[0.165149,0.636389,0.753482]],[[0.943793,-0.323762,0.0665868],[0.210601,0.433738,-0.876081],[0.25476,0.840862,0.477543]],[[0.943793,-0.323762,0.0665868],[0.154817,0.255004,-0.954466],[0.29204,0.911126,0.290795]]],"btipPosition":[-54.0572,247.276,-40.1588],"carpPosition":[-32.3334,306.364,83.8131],"dipPosition":[-48.5692,264.398,-34.6941],"direction":[-0.25476,-0.840862,-0.477543],"extended":false,"handId":941,"id":9412,"length":67.0064,"mcpPosition":[-33.3645,318.984,15.2036],"pipPosition":[-41.3247,288.309,-21.1145],"stabilizedTipPosition":[-42.7135,299.021,108.812],"timeVisible":4.04947,"tipPosition":[-52.2666,252.393,-40.4134],"tipVelocity":[-6.29941,-22.8097,-180.893],"tool":false,"touchDistance":-0.602056,"touchZone":"hovering","type":2,"width":18.9972},{"bases":[[[0.91662,-0.39472,0.063267],[0.376757,0.905902,0.193379],[-0.133644,-0.153419,0.979082]],[[0.898579,-0.408125,0.161212],[0.407614,0.640275,-0.651075],[0.1625,0.650755,0.741695]],[[0.898579,-0.408125,0.161212],[0.319191,0.355813,-0.878359],[0.301119,0.840732,0.449996]],[[0.898579,-0.408125,0.161212],[0.248887,0.171445,-0.953238],[0.361401,0.896683,0.255634]]],"btipPosition":[-34.4261,244.158,-29.4063],"carpPosition":[-20.4431,303.667,82.3041],"dipPosition":[-27.6737,260.912,-24.63],"direction":[-0.301119,-0.840732,-0.449996],"extended":false,"handId":941,"id":9413,"length":64.4285,"mcpPosition":[-12.0717,313.277,20.9744],"pipPosition":[-19.3321,284.202,-12.1642],"stabilizedTipPosition":[-15.1342,296.197,110.606],"timeVisible":4.04947,"tipPosition":[-32.0538,249.183,-29.9408],"tipVelocity":[-24.7843,-28.1219,-163.418],"tool":false,"touchDistance":-0.588668,"touchZone":"hovering","type":3,"width":18.077},{"bases":[[[0.820056,-0.554043,0.143333],[0.501442,0.816344,0.2866],[-0.275797,-0.163155,0.947268]],[[0.714137,-0.577532,0.395557],[0.685058,0.460454,-0.564516],[0.14389,0.674121,0.72447]],[[0.714137,-0.577532,0.395557],[0.58334,0.178637,-0.79234],[0.386941,0.796584,0.464469]],[[0.714137,-0.577532,0.395557],[0.49171,0.0116786,-0.87068],[0.498226,0.816284,0.292319]]],"btipPosition":[-15.2921,249.935,-12.7239],"carpPosition":[-10.0405,293.961,81.9434],"dipPosition":[-6.70429,264.005,-7.68526],"direction":[-0.386941,-0.796584,-0.464469],"extended":false,"handId":941,"id":9414,"length":50.5107,"mcpPosition":[5.95165,303.422,27.0159],"pipPosition":[0.863809,279.585,1.39919],"stabilizedTipPosition":[16.4493,294.546,137.012],"timeVisible":4.04947,"tipPosition":[-11.8558,253.914,-12.8161],"tipVelocity":[-43.8148,-5.00906,-185.836],"tool":false,"touchDistance":-0.593071,"touchZone":"hovering","type":4,"width":16.0574}],"r":[[0.944676,-0.295522,0.142318],[0.305901,0.950348,-0.0571193],[-0.118372,0.0974944,0.988172]],"s":0.701735,"t":[5.79804,8.78215,-83.5546],"timestamp":607617131994},false],[5,{"currentFrameRate":108.886,"devices":[],"gestures":[],"hands":[{"armBasis":[[0.862239,0.145939,-0.485022],[0.149046,0.842085,0.518342],[0.484076,-0.519225,0.704326]],"armWidth":63.72,"confidence":0.760733,"direction":[0.0410899,0.322591,-0.945646],"elbow":[104.4,151.601,279.036],"grabStrength":0,"id":941,"palmNormal":[-0.161458,-0.931863,-0.324904],"palmPosition":[-32.2958,306.451,36.5044],"palmVelocity":[-9.21243,-8.41579,-193.494],"palmWidth":90.99,"pinchStrength":0.766725,"r":[[0.945301,-0.293521,0.142307],[0.303444,0.95135,-0.0534399],[-0.119698,0.093699,0.988379]],"s":0.701587,"sphereCenter":[-57.1379,268.254,3.36864],"sphereRadius":53.2884,"stabilizedPalmPosition":[-28.5196,292.144,185.992],"t":[5.66207,8.75854,-84.9087],"timeVisible":4.05829,"type":"right","wrist":[-26.3009,291.791,88.8678]}],"id":4496342,"interactionBox":{"center":[0,200,0],"size":[235.247,235.247,147.751]},"pointables":[{"bases":[[[0.549203,0.829621,0.100526],[-0.737376,0.424468,0.525456],[0.393259,-0.362708,0.844861]],[[0.352602,0.905378,-0.236564],[-0.923961,0.376883,0.0652285],[0.148213,0.195576,0.969424]],[[0.352602,0.905378,-0.236564],[-0.935608,0.345836,-0.070955],[0.0175711,0.24635,0.969022]],[[0.352602,0.905378,-0.236564],[-0.923405,0.295673,-0.244747],[-0.151643,0.304742,0.940285]]],"btipPosition":[-60.7435,260.062,-14.4487],"carpPosition":[-56.2949,285.357,88.988],"dipPosition":[-64.2925,267.195,7.55732],"direction":[-0.0175711,-0.24635,-0.969022],"extended":false,"handId":941,"id":9410,"length":52.1164,"mcpPosition":[-56.2949,285.357,88.988],"pipPosition":[-63.6934,275.594,40.5967],"stabilizedTipPosition":[-84.2733,253.467,182.784],"timeVisible":4.05829,"tipPosition":[-62.5178,262.293,-9.35825],"tipVelocity":[15.9454,5.01113,-208.433],"tool":false,"touchDistance":-0.617305,"touchZone":"hovering","type":0,"width":20.25},{"bases":[[[0.978925,-0.109511,-0.172374],[0.141121,0.972862,0.183367],[0.147616,-0.203828,0.967814]],[[0.987785,-0.126009,-0.0916629],[0.125954,0.992015,-0.00641137],[0.0917389,-0.00521225,0.995769]],[[0.987785,-0.126009,-0.0916629],[0.117813,0.988955,-0.0899355],[0.101983,0.0780379,0.99172]],[[0.987785,-0.126009,-0.0916629],[0.111131,0.982044,-0.152443],[0.109226,0.140394,0.984052]]],"btipPosition":[-63.8781,316.625,-69.6549],"carpPosition":[-44.7456,305.69,85.1109],"dipPosition":[-62.0119,319.024,-52.8417],"direction":[-0.101983,-0.0780379,-0.99172],"extended":true,"handId":941,"id":9411,"length":58.8075,"mcpPosition":[-55.6056,320.686,13.9092],"pipPosition":[-59.5469,320.91,-28.8715],"stabilizedTipPosition":[-75.5209,301.327,137.282],"timeVisible":4.05829,"tipPosition":[-63.5912,316.387,-65.7029],"tipVelocity":[-4.51646,50.4826,-193.069],"tool":false,"touchDistance":-0.670676,"touchZone":"hovering","type":1,"width":19.3428},{"bases":[[[0.951371,-0.300277,-0.0687516],[0.307795,0.935631,0.172789],[0.0124416,-0.185548,0.982556]],[[0.944067,-0.322911,0.0668237],[0.286037,0.701091,-0.653188],[0.164072,0.635767,0.754242]],[[0.944067,-0.322911,0.0668237],[0.209916,0.432226,-0.876992],[0.254308,0.841967,0.475835]],[[0.944067,-0.322911,0.0668237],[0.15383,0.252025,-0.955416],[0.291673,0.912256,0.287602]]],"btipPosition":[-54.1573,247.348,-41.0882],"carpPosition":[-32.6682,306.133,82.7532],"dipPosition":[-48.6762,264.491,-35.6835],"direction":[-0.254308,-0.841967,-0.475835],"extended":false,"handId":941,"id":9412,"length":67.0064,"mcpPosition":[-33.5362,319.078,14.2022],"pipPosition":[-41.4446,288.434,-22.1525],"stabilizedTipPosition":[-42.7191,298.995,108.731],"timeVisible":4.05829,"tipPosition":[-52.3667,252.447,-41.342],"tipVelocity":[-7.70966,-14.3083,-160.906],"tool":false,"touchDistance":-0.584332,"touchZone":"hovering","type":2,"width":18.9972},{"bases":[[[0.916905,-0.39398,0.0637604],[0.37522,0.905395,0.198669],[-0.136,-0.158237,0.97799]],[[0.898696,-0.407836,0.161292],[0.407635,0.641087,-0.650262],[0.161797,0.650136,0.742391]],[[0.898696,-0.407836,0.161292],[0.318299,0.353527,-0.879605],[0.301713,0.841837,0.447527]],[[0.898696,-0.407836,0.161292],[0.247251,0.167394,-0.954383],[0.362232,0.89758,0.251275]]],"btipPosition":[-34.6069,244.23,-30.261],"carpPosition":[-20.7709,303.457,81.2622],"dipPosition":[-27.839,261,-25.5662],"direction":[-0.301713,-0.841837,-0.447527],"extended":false,"handId":941,"id":9413,"length":64.4285,"mcpPosition":[-12.2519,313.368,20.0009],"pipPosition":[-19.4809,284.321,-13.1688],"stabilizedTipPosition":[-15.1375,296.188,110.579],"timeVisible":4.05829,"tipPosition":[-32.2527,249.213,-30.7758],"tipVelocity":[-23.5152,-18.2284,-146.015],"tool":false,"touchDistance":-0.571236,"touchZone":"hovering","type":3,"width":18.077},{"bases":[[[0.820316,-0.553792,0.142815],[0.499765,0.815534,0.291785],[-0.278059,-0.167982,0.945762]],[[0.715708,-0.578555,0.391199],[0.681451,0.455851,-0.57256],[0.152929,0.676368,0.720513]],[[0.715708,-0.578555,0.391199],[0.5749,0.170005,-0.800368],[0.396551,0.797729,0.454285]],[[0.715708,-0.578555,0.391199],[0.481009,0.00223457,-0.876713],[0.506352,0.81564,0.27989]]],"btipPosition":[-16.1244,249.927,-13.1444],"carpPosition":[-10.3563,293.764,80.8822],"dipPosition":[-7.3965,263.986,-8.31999],"direction":[-0.396551,-0.797729,-0.454285],"extended":false,"handId":941,"id":9414,"length":50.5107,"mcpPosition":[5.76699,303.504,26.042],"pipPosition":[0.359556,279.588,0.565286],"stabilizedTipPosition":[16.4473,294.544,137.002],"timeVisible":4.05829,"tipPosition":[-12.6191,253.886,-13.3264],"tipVelocity":[-56.4647,-3.98155,-150.027],"tool":false,"touchDistance":-0.569143,"touchZone":"hovering","type":4,"width":16.0574}],"r":[[0.945301,-0.293521,0.142307],[0.303444,0.95135,-0.0534399],[-0.119698,0.093699,0.988379]],"s":0.701587,"t":[5.66207,8.75854,-84.9087],"timestamp":607617140819},false],[6,{"currentFrameRate":108.886,"devices":[],"gestures":[],"hands":[{"armBasis":[[0.862863,0.146884,-0.483624],[0.145972,0.843651,0.516668],[0.4839,-0.516409,0.706515]],"armWidth":63.72,"confidence":0.763932,"direction":[0.0416009,0.325216,-0.944724],"elbow":[104.134,152.26,278.676],"grabStrength":0,"id":941,"palmNormal":[-0.158057,-0.931494,-0.327622],"palmPosition":[-32.476,306.47,35.5833],"palmVelocity":[-12.1197,-5.48112,-167.46],"palmWidth":90.99,"pinchStrength":0.776695,"r":[[0.945932,-0.29141,0.142452],[0.300901,0.952349,-0.049896],[-0.121124,0.0900623,0.988543]],"s":0.701843,"sphereCenter":[-56.3492,268.294,2.29656],"sphereRadius":52.9274,"stabilizedPalmPosition":[-28.5196,292.144,185.992],"t":[5.50399,8.75633,-86.0463],"timeVisible":4.06748,"type":"right","wrist":[-26.5194,291.691,87.9173]}],"id":4496343,"interactionBox":{"center":[0,200,0],"size":[235.247,235.247,147.751]},"pointables":[{"bases":[[[0.546474,0.831044,0.103597],[-0.739522,0.420797,0.525391],[0.39303,-0.363725,0.84453]],[[0.350569,0.907077,-0.23305],[-0.924163,0.375372,0.0708396],[0.151737,0.190542,0.969881]],[[0.350569,0.907077,-0.23305],[-0.936454,0.342831,-0.0743073],[0.0124942,0.24429,0.969622]],[[0.350569,0.907077,-0.23305],[-0.920833,0.288469,-0.262397],[-0.170787,0.306588,0.936395]]],"btipPosition":[-60.4968,260.147,-15.4165],"carpPosition":[-56.4935,285.163,87.9725],"dipPosition":[-64.4938,267.323,6.49852],"direction":[-0.0124942,-0.24429,-0.969622],"extended":false,"handId":941,"id":9410,"length":52.1164,"mcpPosition":[-56.4935,285.163,87.9725],"pipPosition":[-64.0678,275.652,39.5584],"stabilizedTipPosition":[-84.2732,253.467,182.784],"timeVisible":4.06748,"tipPosition":[-62.3588,262.341,-10.3646],"tipVelocity":[15.8591,6.4914,-180.282],"tool":false,"touchDistance":-0.598738,"touchZone":"hovering","type":0,"width":20.25},{"bases":[[[0.979533,-0.106031,-0.171093],[0.13782,0.972805,0.186161],[0.146701,-0.205931,0.967508]],[[0.988211,-0.122406,-0.0919514],[0.123001,0.992406,0.000812629],[0.0911537,-0.0121132,0.995763]],[[0.988211,-0.122406,-0.0919514],[0.114822,0.989854,-0.0836896],[0.101263,0.0721449,0.99224]],[[0.988211,-0.122406,-0.0919514],[0.108103,0.983204,-0.147048],[0.108407,0.135374,0.984846]]],"btipPosition":[-64.0096,317.157,-70.6015],"carpPosition":[-45.0009,305.543,84.1676],"dipPosition":[-62.1574,319.47,-53.7748],"direction":[-0.101263,-0.0721449,-0.99224],"extended":true,"handId":941,"id":9411,"length":58.8075,"mcpPosition":[-55.7936,320.693,12.9884],"pipPosition":[-59.7098,321.213,-29.792],"stabilizedTipPosition":[-75.5209,301.327,137.281],"timeVisible":4.06748,"tipPosition":[-63.682,316.85,-66.6523],"tipVelocity":[-7.35115,51.9483,-167.836],"tool":false,"touchDistance":-0.646094,"touchZone":"hovering","type":1,"width":19.3428},{"bases":[[[0.952404,-0.297154,-0.0680184],[0.304625,0.936117,0.175752],[0.0114477,-0.188107,0.982082]],[[0.945077,-0.320019,0.0664659],[0.28319,0.700194,-0.655387],[0.163197,0.638214,0.752363]],[[0.945077,-0.320019,0.0664659],[0.206542,0.427127,-0.880286],[0.253319,0.845666,0.469765]],[[0.945077,-0.320019,0.0664659],[0.150224,0.244691,-0.957893],[0.29028,0.915267,0.279327]]],"btipPosition":[-54.2444,247.143,-41.5591],"carpPosition":[-32.9212,306.028,81.8305],"dipPosition":[-48.7895,264.342,-36.31],"direction":[-0.253319,-0.845666,-0.469765],"extended":false,"handId":941,"id":9412,"length":67.0064,"mcpPosition":[-33.7199,319.152,13.3126],"pipPosition":[-41.586,288.39,-22.9516],"stabilizedTipPosition":[-42.7232,298.976,108.671],"timeVisible":4.06748,"tipPosition":[-52.4521,252.243,-41.8591],"tipVelocity":[-8.39036,-16.1634,-131.372],"tool":false,"touchDistance":-0.561833,"touchZone":"hovering","type":2,"width":18.9972},{"bases":[[[0.918016,-0.391314,0.0641903],[0.372101,0.906021,0.20166],[-0.13707,-0.161242,0.97735]],[[0.899766,-0.405446,0.161355],[0.406289,0.643445,-0.648775],[0.15922,0.649302,0.743678]],[[0.899766,-0.405446,0.161355],[0.317235,0.353854,-0.879857],[0.299638,0.842853,0.447007]],[[0.899766,-0.405446,0.161355],[0.246163,0.166283,-0.954858],[0.360313,0.898868,0.249421]]],"btipPosition":[-34.5738,244.339,-31.1401],"carpPosition":[-21.0134,303.393,80.3515],"dipPosition":[-27.8417,261.134,-26.4799],"direction":[-0.299638,-0.842853,-0.447007],"extended":false,"handId":941,"id":9413,"length":64.4285,"mcpPosition":[-12.4273,313.493,19.1303],"pipPosition":[-19.5412,284.483,-14.0969],"stabilizedTipPosition":[-15.1401,296.181,110.56],"timeVisible":4.06748,"tipPosition":[-32.2581,249.279,-31.6083],"tipVelocity":[-16.1906,-9.63023,-132.208],"tool":false,"touchDistance":-0.555752,"touchZone":"hovering","type":3,"width":18.077},{"bases":[[[0.821796,-0.551632,0.142668],[0.496774,0.816299,0.294738],[-0.279047,-0.171341,0.944868]],[[0.717888,-0.577338,0.388997],[0.678662,0.455902,-0.575823],[0.1551,0.677373,0.719104]],[[0.717888,-0.577338,0.388997],[0.569749,0.166165,-0.804845],[0.40003,0.799419,0.448225]],[[0.717888,-0.577338,0.388997],[0.474382,-0.00326751,-0.880313],[0.509509,0.816499,0.271533]]],"btipPosition":[-16.4782,250.008,-13.6997],"carpPosition":[-10.5682,293.733,79.9626],"dipPosition":[-7.69593,264.082,-9.01939],"direction":[-0.40003,-0.799419,-0.448225],"extended":false,"handId":941,"id":9414,"length":50.5107,"mcpPosition":[5.61237,303.669,25.1743],"pipPosition":[0.128176,279.717,-0.252646],"stabilizedTipPosition":[16.4444,294.54,136.988],"timeVisible":4.06748,"tipPosition":[-13.0042,253.932,-13.8967],"tipVelocity":[-51.0739,-0.300228,-126.019],"tool":false,"touchDistance":-0.54939,"touchZone":"hovering","type":4,"width":16.0574}],"r":[[0.945932,-0.29141,0.142452],[0.300901,0.