{"sensorType":"Leap","data":[[0,{"currentFrameRate":105.575,"devices":[],"gestures":[],"hands":[{"armBasis":[[0.820429,-0.0887621,-0.564816],[0.388753,0.810982,0.437239],[0.419246,-0.578298,0.69986]],"armWidth":62.3999,"confidence":0.836002,"direction":[-0.0534936,0.26798,-0.961938],"elbow":[87.9136,149.084,277.882],"grabStrength":0,"id":934,"palmNormal":[-0.386597,-0.893752,-0.227486],"palmPosition":[-34.2749,315.065,42.1336],"palmVelocity":[18.5962,16.072,-85.3424],"palmWidth":89.105,"pinchStrength":1,"r":[[0.941394,-0.172592,0.289808],[0.255927,0.925143,-0.280377],[-0.219723,0.338115,0.915095]],"s":0.892063,"sphereCenter":[-48.2707,277.813,12.7095],"sphereRadius":44.4858,"stabilizedPalmPosition":[-44.6369,284.853,159.983],"t":[37.2888,69.1152,-174.766],"timeVisible":0.921757,"type":"right","wrist":[-22.9378,301.99,92.8343]}],"id":4491983,"interactionBox":{"center":[0,200,0],"size":[235.247,235.247,147.751]},"pointables":[{"bases":[[[0.70583,0.70694,-0.0451628],[-0.547203,0.58461,0.598999],[0.449859,-0.398079,0.799475]],[[0.519726,0.798291,-0.30433],[-0.795413,0.582137,0.168627],[0.311775,0.154428,0.937522]],[[0.519726,0.798291,-0.30433],[-0.853782,0.472527,-0.218575],[-0.030682,0.37343,0.927151]],[[0.519726,0.798291,-0.30433],[-0.77413,0.289356,-0.563025],[-0.361398,0.528209,0.768366]]],"btipPosition":[-58.4842,269.558,3.48261],"carpPosition":[-52.5508,301.681,97.8788],"dipPosition":[-66.767,281.664,21.0926],"direction":[0.030682,-0.37343,-0.927151],"extended":false,"handId":934,"id":9340,"length":51.0367,"mcpPosition":[-52.5508,301.681,97.8788],"pipPosition":[-67.7914,294.133,52.0495],"stabilizedTipPosition":[-86.8441,261.898,110.188],"timeVisible":0.921757,"tipPosition":[-61.4465,272.007,7.57129],"tipVelocity":[10.3314,37.8405,-70.0693],"tool":false,"touchDistance":-0.432804,"touchZone":"touching","type":0,"width":19.8305},{"bases":[[[0.898644,-0.309612,-0.310772],[0.351566,0.932011,0.0880718],[0.262375,-0.188402,0.946395]],[[0.933917,-0.342653,-0.101923],[0.335805,0.938643,-0.0786358],[0.122615,0.0392129,0.991679]],[[0.933917,-0.342653,-0.101923],[0.32317,0.931112,-0.169092],[0.152842,0.124979,0.980316]],[[0.933917,-0.342653,-0.101923],[0.31178,0.920189,-0.236737],[0.174908,0.189315,0.966213]]],"btipPosition":[-69.0426,324.56,-58.3169],"carpPosition":[-38.4368,318.762,90.959],"dipPosition":[-66.1161,327.728,-42.1506],"direction":[-0.152842,-0.124979,-0.980316],"extended":true,"handId":934,"id":9341,"length":57.5892,"mcpPosition":[-57.3397,332.336,22.7755],"pipPosition":[-62.4984,330.686,-18.9468],"stabilizedTipPosition":[-90.8341,310.354,55.0578],"timeVisible":0.921757,"tipPosition":[-68.7349,324.24,-54.3701],"tipVelocity":[10.8992,4.65774,-87.0832],"tool":false,"touchDistance":-0.486031,"touchZone":"touching","type":1,"width":18.9421},{"bases":[[[0.852641,-0.486538,-0.190484],[0.504106,0.861887,0.0550207],[0.137406,-0.142937,0.980147]],[[0.852538,-0.486431,-0.191215],[0.27013,0.72327,-0.63554],[0.447447,0.490169,0.748015]],[[0.852538,-0.486431,-0.191215],[-0.372451,-0.308736,-0.875193],[0.366686,0.817354,-0.444381]],[[0.852538,-0.486431,-0.191215],[-0.522469,-0.803146,-0.286326],[-0.014296,0.344008,-0.938858]]],"btipPosition":[-67.739,274.269,14.2312],"carpPosition":[-27.2826,316.731,86.8528],"dipPosition":[-68.002,280.599,-3.04633],"direction":[-0.366686,-0.817354,0.444381],"extended":false,"handId":934,"id":9342,"length":65.6183,"mcpPosition":[-36.6705,326.497,19.8865],"pipPosition":[-57.7908,303.36,-15.4211],"stabilizedTipPosition":[-73.5522,236.484,160.459],"timeVisible":0.921757,"tipPosition":[-67.7163,275.329,11.6526],"tipVelocity":[0.391519,17.1063,-69.7757],"tool":false,"touchDistance":0.333333,"touchZone":"none","type":2,"width":18.6036},{"bases":[[[0.823124,-0.565848,-0.0477727],[0.567858,0.819928,0.0724878],[-0.00184688,-0.0867946,0.996225]],[[0.823099,-0.564917,-0.0581066],[0.419062,0.673246,-0.609201],[0.383268,0.477083,0.790884]],[[0.823099,-0.564917,-0.0581066],[-0.272736,-0.303477,-0.912972],[0.498119,0.767314,-0.403865]],[[0.823099,-0.564917,-0.0581066],[-0.549199,-0.76578,-0.334607],[0.144529,0.307327,-0.940564]]],"btipPosition":[-49.5548,269.793,16.284],"carpPosition":[-16.7411,311.782,83.8335],"dipPosition":[-46.9104,275.416,-0.925481],"direction":[-0.498119,-0.767314,0.403865],"extended":false,"handId":934,"id":9343,"length":63.0937,"mcpPosition":[-16.6278,317.106,22.7228],"pipPosition":[-33.3973,296.232,-11.8816],"stabilizedTipPosition":[-57.6682,233.635,159.76],"timeVisible":0.921757,"tipPosition":[-49.0715,270.786,13.7036],"tipVelocity":[-0.0495035,11.6303,-74.9441],"tool":false,"touchDistance":0.333333,"touchZone":"none","type":3,"width":17.7025},{"bases":[[[0.712161,-0.699736,0.0565345],[0.686562,0.711026,0.151902],[-0.146489,-0.0693645,0.986777]],[[0.725185,-0.684708,-0.0726773],[0.522843,0.616264,-0.588944],[0.448043,0.389095,0.804899]],[[0.725185,-0.684708,-0.0726773],[-0.309121,-0.229431,-0.922933],[0.615265,0.691763,-0.378037]],[[0.725185,-0.684708,-0.0726773],[-0.654946,-0.653362,-0.379689],[0.212491,0.322944,-0.922255]]],"btipPosition":[-31.301,272.205,21.5143],"carpPosition":[-8.73366,300.44,82.6102],"dipPosition":[-27.7142,277.656,5.94689],"direction":[-0.615265,-0.691763,0.378037],"extended":false,"handId":934,"id":9344,"length":49.4643,"mcpPosition":[-0.41543,304.379,26.5771],"pipPosition":[-15.9297,290.906,-1.29389],"stabilizedTipPosition":[-40.782,235.579,163.195],"timeVisible":0.921757,"tipPosition":[-30.6454,273.176,19.2866],"tipVelocity":[5.07377,11.7958,-89.9826],"tool":false,"touchDistance":0.333333,"touchZone":"none","type":4,"width":15.7248}],"r":[[0.941394,-0.172592,0.289808],[0.255927,0.925143,-0.280377],[-0.219723,0.338115,0.915095]],"s":0.892063,"t":[37.2888,69.1152,-174.766],"timestamp":607576314005},false],[1,{"currentFrameRate":105.692,"devices":[],"gestures":[],"hands":[{"armBasis":[[0.818927,-0.0914803,-0.56656],[0.391735,0.810565,0.435349],[0.419408,-0.57846,0.699629]],"armWidth":62.3999,"confidence":0.846139,"direction":[-0.053762,0.265109,-0.962718],"elbow":[88.1634,149.332,277.422],"grabStrength":0,"id":934,"palmNormal":[-0.38964,-0.893255,-0.224222],"palmPosition":[-34.0852,315.232,41.7063],"palmVelocity":[19.1366,16.6187,-74.3527],"palmWidth":89.105,"pinchStrength":1,"r":[[0.941169,-0.174395,0.289459],[0.258499,0.92324,-0.284263],[-0.217666,0.342364,0.914007]],"s":0.891432,"sphereCenter":[-48.1771,277.807,12.3952],"sphereRadius":44.5609,"stabilizedPalmPosition":[-44.6365,284.854,159.978],"t":[37.474,69.2451,-175.295],"timeVisible":0.931002,"type":"right","wrist":[-22.7307,302.281,92.4351]}],"id":4491984,"interactionBox":{"center":[0,200,0],"size":[235.247,235.247,147.751]},"pointables":[{"bases":[[[0.707976,0.704589,-0.0481983],[-0.544691,0.588201,0.597772],[0.449534,-0.396955,0.800216]],[[0.524835,0.795038,-0.304078],[-0.791614,0.587196,0.168959],[0.312882,0.152037,0.937545]],[[0.524835,0.795038,-0.304078],[-0.850736,0.478096,-0.218338],[-0.0282084,0.373281,0.927289]],[[0.524835,0.795038,-0.304078],[-0.772403,0.294708,-0.56262],[-0.35769,0.530153,0.768762]]],"btipPosition":[-58.4938,270.035,3.10328],"carpPosition":[-52.3387,302.081,97.5143],"dipPosition":[-66.6916,282.185,20.7224],"direction":[0.0282084,-0.373281,-0.927289],"extended":false,"handId":934,"id":9340,"length":51.0367,"mcpPosition":[-52.3387,302.081,97.5143],"pipPosition":[-67.6335,294.649,51.6839],"stabilizedTipPosition":[-86.8102,261.912,110.056],"timeVisible":0.931002,"tipPosition":[-61.3373,272.402,7.23689],"tipVelocity":[7.73181,42.0132,-61.8492],"tool":false,"touchDistance":-0.423516,"touchZone":"touching","type":0,"width":19.8305},{"bases":[[[0.897318,-0.313392,-0.310814],[0.354568,0.931184,0.0847275],[0.262872,-0.186232,0.946687]],[[0.932699,-0.345834,-0.10233],[0.338741,0.937421,-0.0806042],[0.123802,0.0405159,0.991479]],[[0.932699,-0.345834,-0.10233],[0.325896,0.929702,-0.171601],[0.154482,0.126703,0.979837]],[[0.932699,-0.345834,-0.10233],[0.314302,0.918573,-0.239664],[0.176882,0.191372,0.965448]]],"btipPosition":[-68.943,324.607,-58.7399],"carpPosition":[-38.1795,319.096,90.5245],"dipPosition":[-65.9835,327.809,-42.5864],"direction":[-0.154482,-0.126703,-0.979837],"extended":true,"handId":934,"id":9341,"length":57.5892,"mcpPosition":[-57.1183,332.513,22.32],"pipPosition":[-62.3269,330.808,-19.3939],"stabilizedTipPosition":[-90.8337,310.354,55.0559],"timeVisible":0.931002,"tipPosition":[-68.6134,324.31,-54.7999],"tipVelocity":[11.0945,5.02442,-75.5625],"tool":false,"touchDistance":-0.472149,"touchZone":"touching","type":1,"width":18.9421},{"bases":[[[0.850902,-0.489793,-0.189915],[0.506851,0.86048,0.0517246],[0.138084,-0.140271,0.980437]],[[0.850801,-0.48969,-0.190635],[0.272009,0.720792,-0.63755],[0.44961,0.490573,0.746451]],[[0.850801,-0.48969,-0.190635],[-0.374209,-0.309905,-0.874029],[0.368925,0.814962,-0.446914]],[[0.850801,-0.48969,-0.190635],[-0.525296,-0.802375,-0.283301],[-0.0142304,0.341173,-0.939893]]],"btipPosition":[-67.7048,274.472,13.934],"carpPosition":[-27.0364,317.017,86.412],"dipPosition":[-67.9667,280.751,-3.36252],"direction":[-0.368925,-0.814962,0.446914],"extended":false,"handId":934,"id":9342,"length":65.6183,"mcpPosition":[-36.4707,326.601,19.426],"pipPosition":[-57.6931,303.445,-15.8079],"stabilizedTipPosition":[-73.5521,236.485,160.455],"timeVisible":0.931002,"tipPosition":[-67.6853,275.529,11.3247],"tipVelocity":[1.32783,18.1184,-59.3374],"tool":false,"touchDistance":0.333333,"touchZone":"none","type":2,"width":18.6036},{"bases":[[[0.821302,-0.56856,-0.0469213],[0.570492,0.818378,0.0692516],[-0.000974368,-0.0836448,0.996495]],[[0.821264,-0.567617,-0.0577602],[0.420705,0.670848,-0.610712],[0.385399,0.477256,0.789743]],[[0.821264,-0.567617,-0.0577602],[-0.274385,-0.304168,-0.912247],[0.500238,0.765044,-0.405548]],[[0.821264,-0.567617,-0.0577602],[-0.551933,-0.764738,-0.332485],[0.144553,0.304938,-0.941338]]],"btipPosition":[-49.5322,269.941,15.94],"carpPosition":[-16.5139,312.025,83.3964],"dipPosition":[-46.8874,275.52,-1.28359],"direction":[-0.500238,-0.765044,0.405548],"extended":false,"handId":934,"id":9343,"length":63.0937,"mcpPosition":[-16.4541,317.156,22.2691],"pipPosition":[-33.3168,296.274,-12.2853],"stabilizedTipPosition":[-57.6682,233.635,159.759],"timeVisible":0.931002,"tipPosition":[-49.0448,270.934,13.3309],"tipVelocity":[0.652977,12.5535,-64.4422],"tool":false,"touchDistance":0.333333,"touchZone":"none","type":3,"width":17.7025},{"bases":[[[0.710042,-0.701772,0.0579345],[0.688948,0.709357,0.148875],[-0.145572,-0.0657935,0.987157]],[[0.723029,-0.686996,-0.0725678],[0.524687,0.614445,-0.589204],[0.44937,0.387936,0.804719]],[[0.723029,-0.686996,-0.0725678],[-0.310174,-0.228978,-0.922692],[0.61727,0.689642,-0.378646]],[[0.723029,-0.686996,-0.0725678],[-0.657357,-0.651904,-0.378025],[0.212394,0.321026,-0.922947]]],"btipPosition":[-31.2453,272.33,21.1119],"carpPosition":[-8.54321,300.655,82.1999],"dipPosition":[-27.6602,277.749,5.53285],"direction":[-0.61727,-0.689642,0.378646],"extended":false,"handId":934,"id":9344,"length":49.4643,"mcpPosition":[-0.277042,304.391,26.1452],"pipPosition":[-15.8372,290.958,-1.71959],"stabilizedTipPosition":[-40.7819,235.579,163.194],"timeVisible":0.931002,"tipPosition":[-30.5897,273.299,18.8555],"tipVelocity":[5.32899,12.0585,-77.0139],"tool":false,"touchDistance":0.333333,"touchZone":"none","type":4,"width":15.7248}],"r":[[0.941169,-0.174395,0.289459],[0.258499,0.92324,-0.284263],[-0.217666,0.342364,0.914007]],"s":0.891432,"t":[37.474,69.2451,-175.295],"timestamp":607576323250},false],[2,{"currentFrameRate":105.997,"devices":[],"gestures":[],"hands":[{"armBasis":[[0.818084,-0.0923364,-0.567637],[0.393226,0.810057,0.43495],[0.419657,-0.579035,0.699004]],"armWidth":62.3999,"confidence":0.846959,"direction":[-0.0535236,0.262074,-0.963562],"elbow":[88.3897,149.545,276.707],"grabStrength":0,"id":934,"palmNormal":[-0.391324,-0.893268,-0.221218],"palmPosition":[-33.9141,315.452,41.1182],"palmVelocity":[19.1788,18.852,-72.1663],"palmWidth":89.105,"pinchStrength":1,"r":[[0.940936,-0.175993,0.289252],[0.26087,0.921419,-0.287981],[-0.215839,0.346429,0.912908]],"s":0.890789,"sphereCenter":[-48.107,277.914,11.9258],"sphereRadius":44.5992,"stabilizedPalmPosition":[-44.636,284.856,159.973],"t":[37.6521,69.4203,-175.854],"timeVisible":0.939874,"type":"right","wrist":[-22.5703,302.646,91.886]}],"id":4491985,"interactionBox":{"center":[0,200,0],"size":[235.247,235.247,147.751]},"pointables":[{"bases":[[[0.709247,0.703137,-0.0506661],[-0.543467,0.591134,0.59599],[0.449013,-0.395169,0.801392]],[[0.528347,0.7926,-0.304358],[-0.789413,0.590558,0.16754],[0.312533,0.151744,0.937708]],[[0.528347,0.7926,-0.304358],[-0.848573,0.481224,-0.219883],[-0.0278149,0.374444,0.926832]],[[0.528347,0.7926,-0.304358],[-0.771883,0.299112,-0.561007],[-0.353617,0.531335,0.76983]]],"btipPosition":[-58.4218,270.419,2.54494],"carpPosition":[-52.1773,302.516,96.9732],"dipPosition":[-66.5263,282.596,20.1885],"direction":[0.0278149,-0.374444,-0.926832],"extended":false,"handId":934,"id":9340,"length":51.0367,"mcpPosition":[-52.1773,302.516,96.9732],"pipPosition":[-67.455,295.099,51.1347],"stabilizedTipPosition":[-86.7697,261.929,109.898],"timeVisible":0.939874,"tipPosition":[-61.1738,272.741,6.72144],"tipVelocity":[8.49158,42.5411,-61.9712],"tool":false,"touchDistance":-0.417788,"touchZone":"touching","type":0,"width":19.8305},{"bases":[[[0.896666,-0.316037,-0.310016],[0.356286,0.930806,0.0816095],[0.262773,-0.183631,0.947222]],[[0.932015,-0.34782,-0.101833],[0.340522,0.936611,-0.0824954],[0.124071,0.0422107,0.991375]],[[0.932015,-0.34782,-0.101833],[0.327537,0.928651,-0.174147],[0.155139,0.128954,0.97944]],[[0.932015,-0.34782,-0.101833],[0.315794,0.917259,-0.242713],[0.177827,0.194054,0.964739]]],"btipPosition":[-68.7879,324.637,-59.3528],"carpPosition":[-37.9889,319.483,89.9245],"dipPosition":[-65.8126,327.884,-43.2111],"direction":[-0.155139,-0.128954,-0.97944],"extended":true,"handId":934,"id":9341,"length":57.5892,"mcpPosition":[-56.9205,332.712,21.6814],"pipPosition":[-62.1405,330.936,-20.0281],"stabilizedTipPosition":[-90.8334,310.354,55.0543],"timeVisible":0.939874,"tipPosition":[-68.4406,324.364,-55.4191],"tipVelocity":[12.9383,4.88967,-73.8879],"tool":false,"touchDistance":-0.462502,"touchZone":"touching","type":1,"width":18.9421},{"bases":[[[0.84996,-0.491959,-0.188532],[0.508431,0.859719,0.048799],[0.138078,-0.137333,0.980854]],[[0.84986,-0.491859,-0.18924],[0.273472,0.718546,-0.639456],[0.450501,0.491697,0.745174]],[[0.84986,-0.491859,-0.18924],[-0.374816,-0.311693,-0.873133],[0.370474,0.812971,-0.449252]],[[0.84986,-0.491859,-0.18924],[-0.526828,-0.802301,-0.280653],[-0.0137858,0.338213,-0.940969]]],"btipPosition":[-67.6119,274.681,13.4548],"carpPosition":[-26.8507,317.37,85.8161],"dipPosition":[-67.8656,280.905,-3.86155],"direction":[-0.370474,-0.812971,0.449252],"extended":false,"handId":934,"id":9342,"length":65.6183,"mcpPosition":[-36.2845,326.753,18.8016],"pipPosition":[-57.549,303.544,-16.372],"stabilizedTipPosition":[-73.552,236.486,160.452],"timeVisible":0.939874,"tipPosition":[-67.5943,275.734,10.8172],"tipVelocity":[3.86411,19.2154,-58.0333],"tool":false,"touchDistance":0.333333,"touchZone":"none","type":2,"width":18.6036},{"bases":[[[0.820253,-0.570206,-0.0452752],[0.572,0.817558,0.0664471],[-0.000873494,-0.0804009,0.996762]],[[0.82021,-0.569256,-0.056598],[0.421888,0.668744,-0.612203],[0.38635,0.478257,0.788672]],[[0.82021,-0.569256,-0.056598],[-0.275051,-0.305677,-0.911542],[0.5016,0.763223,-0.407293]],[[0.82021,-0.569256,-0.056598],[-0.553433,-0.764563,-0.330387],[0.144802,0.30231,-0.942147]]],"btipPosition":[-49.4456,270.119,15.4503],"carpPosition":[-16.338,312.349,82.8141],"dipPosition":[-46.7962,275.651,-1.78807],"direction":[-0.5016,-0.763223,0.407293],"extended":false,"handId":934,"id":9343,"length":63.0937,"mcpPosition":[-16.2844,317.281,21.6704],"pipPosition":[-33.1887,296.356,-12.8372],"stabilizedTipPosition":[-57.6681,233.635,159.758],"timeVisible":0.939874,"tipPosition":[-48.9549,271.11,12.8132],"tipVelocity":[3.1553,14.2772,-62.0375],"tool":false,"touchDistance":0.333333,"touchZone":"none","type":3,"width":17.7025},{"bases":[[[0.708777,-0.702873,0.0600411],[0.690277,0.708581,0.146395],[-0.145441,-0.0623165,0.987402]],[[0.721814,-0.68837,-0.0716266],[0.526301,0.613168,-0.589095],[0.449434,0.38752,0.804883]],[[0.721814,-0.68837,-0.0716266],[-0.309951,-0.228994,-0.922763],[0.618801,0.688264,-0.378653]],[[0.721814,-0.68837,-0.0716266],[-0.658511,-0.651264,-0.377119],[0.21295,0.319377,-0.923391]]],"btipPosition":[-31.1389,272.507,20.5527],"carpPosition":[-8.38837,300.96,81.6526],"dipPosition":[-27.5443,277.898,4.96609],"direction":[-0.618801,-0.688264,0.378653],"extended":false,"handId":934,"id":9344,"length":49.4643,"mcpPosition":[-0.129649,304.499,25.584],"pipPosition":[-15.6921,291.08,-2.28647],"stabilizedTipPosition":[-40.7819,235.58,163.194],"timeVisible":0.939874,"tipPosition":[-30.4804,273.476,18.2721],"tipVelocity":[7.204,14.0017,-73.2749],"tool":false,"touchDistance":0.333333,"touchZone":"none","type":4,"width":15.7248}],"r":[[0.940936,-0.175993,0.289252],[0.26087,0.921419,-0.287981],[-0.215839,0.346429,0.912908]],"s":0.890789,"t":[37.6521,69.4203,-175.854],"timestamp":607576332122},false],[3,{"currentFrameRate":106.146,"devices":[],"gestures":[],"hands":[{"armBasis":[[0.816697,-0.0936193,-0.569422],[0.394671,0.810504,0.432803],[0.421,-0.578204,0.698884]],"armWidth":62.3999,"confidence":0.849642,"direction":[-0.0526748,0.259481,-0.964311],"elbow":[88.9176,150.09,276.151],"grabStrength":0,"id":934,"palmNormal":[-0.393006,-0.893112,-0.218854],"palmPosition":[-33.6987,315.657,40.5534],"palmVelocity":[20.3958,19.842,-69.2658],"palmWidth":89.105,"pinchStrength":1,"r":[[0.940655,-0.177479,0.289255],[0.263143,0.919681,-0.291449],[-0.214296,0.350269,0.911805]],"s":0.890214,"sphereCenter":[-48.0428,278.094,11.4552],"sphereRadius":44.6159,"stabilizedPalmPosition":[-44.6353,284.858,159.965],"t":[37.8489,69.6104,-176.416],"timeVisible":0.94902,"type":"right","wrist":[-22.3976,302.971,91.3609]}],"id":4491986,"interactionBox":{"center":[0,200,0],"size":[235.247,235.247,147.751]},"pointables":[{"bases":[[[0.710648,0.701595,-0.052385],[-0.542507,0.593869,0.594143],[0.447958,-0.393807,0.802652]],[[0.531623,0.790334,-0.304549],[-0.787614,0.593544,0.16544],[0.311516,0.151915,0.938019]],[[0.531623,0.790334,-0.304549],[-0.846542,0.484235,-0.221095],[-0.0272652,0.375352,0.926481]],[[0.531623,0.790334,-0.304549],[-0.771133,0.302917,-0.559996],[-0.35033,0.532554,0.77049]]],"btipPosition":[-58.2951,270.749,1.9912],"carpPosition":[-52.0066,302.914,96.438],"dipPosition":[-66.3242,282.955,19.6499],"direction":[0.0272652,-0.375352,-0.926481],"extended":false,"handId":934,"id":9340,"length":51.0367,"mcpPosition":[-52.0066,302.914,96.438],"pipPosition":[-67.2346,295.488,50.5844],"stabilizedTipPosition":[-86.7199,261.951,109.704],"timeVisible":0.94902,"tipPosition":[-60.9699,273.047,6.20046],"tipVelocity":[10.5122,40.9595,-61.4681],"tool":false,"touchDistance":-0.412597,"touchZone":"touching","type":0,"width":19.8305},{"bases":[[[0.896149,-0.318668,-0.308816],[0.35809,0.930328,0.0791292],[0.262084,-0.181496,0.947824]],[[0.931321,-0.349868,-0.101163],[0.342515,0.935817,-0.0832403],[0.123793,0.0428736,0.991381]],[[0.931321,-0.349868,-0.101163],[0.32942,0.927692,-0.1757],[0.15532,0.130308,0.979232]],[[0.931321,-0.349868,-0.101163],[0.317539,0.916075,-0.244898],[0.178355,0.195956,0.964257]]],"btipPosition":[-68.5332,324.741,-59.9611],"carpPosition":[-37.7824,319.832,89.3469],"dipPosition":[-65.549,328.02,-43.8275],"direction":[-0.15532,-0.130308,-0.979232],"extended":true,"handId":934,"id":9341,"length":57.5892,"mcpPosition":[-56.6644,332.908,21.0604],"pipPosition":[-61.8726,331.104,-20.6494],"stabilizedTipPosition":[-90.833,310.354,55.0525],"timeVisible":0.94902,"tipPosition":[-68.1654,324.484,-56.0343],"tipVelocity":[17.1516,6.91552,-71.8906],"tool":false,"touchDistance":-0.453738,"touchZone":"touching","type":1,"width":18.9421},{"bases":[[[0.849054,-0.494157,-0.186857],[0.510107,0.858849,0.0465711],[0.137468,-0.134858,0.981283]],[[0.848958,-0.494062,-0.187544],[0.276082,0.717256,-0.639783],[0.45061,0.491372,0.745322]],[[0.848958,-0.494062,-0.187544],[-0.374517,-0.312112,-0.873111],[0.372837,0.811473,-0.450005]],[[0.848958,-0.494062,-0.187544],[-0.528313,-0.801869,-0.27909],[-0.0124977,0.336018,-0.941773]]],"btipPosition":[-67.4613,274.926,12.8865],"carpPosition":[-26.6469,317.686,85.2483],"dipPosition":[-67.6912,281.109,-4.44467],"direction":[-0.372837,-0.811473,0.450005],"extended":false,"handId":934,"id":9342,"length":65.6183,"mcpPosition":[-36.0391,326.9,18.2045],"pipPosition":[-57.3088,303.707,-16.9761],"stabilizedTipPosition":[-73.5518,236.487,160.447],"timeVisible":0.94902,"tipPosition":[-67.4453,275.972,10.221],"tipVelocity":[7.54073,21.0262,-59.2797],"tool":false,"touchDistance":0.333333,"touchZone":"none","type":2,"width":18.6036},{"bases":[[[0.819144,-0.571945,-0.0433918],[0.573587,0.816613,0.0643594],[-0.00137575,-0.0776086,0.996983]],[[0.819103,-0.570989,-0.0551555],[0.423523,0.666792,-0.613202],[0.386909,0.478916,0.787998]],[[0.819103,-0.570989,-0.0551555],[-0.275228,-0.306814,-0.911106],[0.503309,0.76147,-0.408464]],[[0.819103,-0.570989,-0.0551555],[-0.554845,-0.764171,-0.328922],[0.145663,0.300024,-0.942745]]],"btipPosition":[-49.3065,270.296,14.9589],"carpPosition":[-16.1431,312.636,82.264],"dipPosition":[-46.6414,275.785,-2.29039],"direction":[-0.503309,-0.76147,0.408464],"extended":false,"handId":934,"id":9343,"length":63.0937,"mcpPosition":[-16.0587,317.397,21.1068],"pipPosition":[-32.9875,296.442,-13.3713],"stabilizedTipPosition":[-57.6681,233.635,159.757],"timeVisible":0.94902,"tipPosition":[-48.8109,271.284,12.2953],"tipVelocity":[6.62041,15.3766,-59.8006],"tool":false,"touchDistance":0.333333,"touchZone":"none","type":3,"width":17.7025},{"bases":[[[0.70737,-0.704096,0.0622562],[0.691621,0.707627,0.144654],[-0.145904,-0.0592659,0.987522]],[[0.720539,-0.689814,-0.0705716],[0.528303,0.612038,-0.588478],[0.449133,0.386738,0.805428]],[[0.720539,-0.689814,-0.0705716],[-0.309185,-0.228514,-0.923139],[0.620668,0.686977,-0.377933]],[[0.720539,-0.689814,-0.0705716],[-0.659497,-0.650296,-0.377065],[0.214213,0.318232,-0.923494]]],"btipPosition":[-30.9864,272.673,19.9996],"carpPosition":[-8.21555,301.229,81.1372],"dipPosition":[-27.3705,278.044,4.4113],"direction":[-0.620668,-0.686977,0.377933],"extended":false,"handId":934,"id":9344,"length":49.4643,"mcpPosition":[0.0694654,304.594,25.0618],"pipPosition":[-15.4825,291.202,-2.82749],"stabilizedTipPosition":[-40.7818,235.58,163.193],"timeVisible":0.94902,"tipPosition":[-30.3217,273.644,17.6962],"tipVelocity":[9.98862,15.023,-69.7226],"tool":false,"touchDistance":0.333333,"touchZone":"none","type":4,"width":15.7248}],"r":[[0.940655,-0.177479,0.289255],[0.263143,0.919681,-0.291449],[-0.214296,0.350269,0.911805]],"s":0.890214,"t":[37.8489,69.6104,-176.416],"timestamp":607576341268},false],[4,{"currentFrameRate":106.413,"devices":[],"gestures":[],"hands":[{"armBasis":[[0.81788,-0.0931517,-0.567798],[0.391666,0.813031,0.430789],[0.421508,-0.574721,0.701446]],"armWidth":62.3999,"confidence":0.856808,"direction":[-0.0516804,0.257372,-0.964929],"elbow":[89.1882,151.62,275.853],"grabStrength":0,"id":934,"palmNormal":[-0.390106,-0.894656,-0.217735],"palmPosition":[-33.5072,316.131,39.5327],"palmVelocity":[20.695,28.9159,-81.6033],"palmWidth":89.105,"pinchStrength":1,"r":[[0.940426,-0.178021,0.289669],[0.264546,0.918306,-0.2945],[-0.213578,0.353586,0.910693]],"s":0.889597,"sphereCenter":[-47.6839,278.404,10.4706],"sphereRadius":44.6644,"stabilizedPalmPosition":[-44.6344,284.86,159.955],"t":[38.043,69.9423,-177.207],"timeVisible":0.957927,"type":"right","wrist":[-22.2614,303.58,90.386]}],"id":4491987,"interactionBox":{"center":[0,200,0],"size":[235.247,235.247,147.751]},"pointables":[{"bases":[[[0.708768,0.703482,-0.052548],[-0.545232,0.593547,0.591966],[0.447627,-0.390915,0.804248]],[[0.532195,0.790689,-0.302621],[-0.788368,0.593134,0.163302],[0.308616,0.151668,0.939017]],[[0.532195,0.790689,-0.302621],[-0.846138,0.484666,-0.221699],[-0.0286246,0.374046,0.926968]],[[0.532195,0.790689,-0.302621],[-0.770951,0.304898,-0.559171],[-0.349861,0.530894,0.771848]]],"btipPosition":[-57.9912,271.379,0.867473],"carpPosition":[-51.8791,303.45,95.4105],"dipPosition":[-66.0096,283.546,18.5573],"direction":[0.0286246,-0.374046,-0.926968],"extended":false,"handId":934,"id":9340,"length":51.0367,"mcpPosition":[-51.8791,303.45,95.4105],"pipPosition":[-66.9654,296.036,49.508],"stabilizedTipPosition":[-86.6644,261.976,109.488],"timeVisible":0.957927,"tipPosition":[-60.569,273.603,5.12272],"tipVelocity":[17.0122,48.7817,-78.8574],"tool":false,"touchDistance":-0.416419,"touchZone":"touching","type":0,"width":19.8305},{"bases":[[[0.89759,-0.316775,-0.30657],[0.355335,0.93149,0.0778723],[0.260899,-0.178833,0.948657]],[[0.932449,-0.347404,-0.0992446],[0.340135,0.936693,-0.0831585],[0.121851,0.0437845,0.991582]],[[0.932449,-0.347404,-0.0992446],[0.327109,0.928373,-0.176419],[0.153425,0.132038,0.979299]],[[0.932449,-0.347404,-0.0992446],[0.315255,0.916504,-0.246241],[0.176503,0.198319,0.964114]]],"btipPosition":[-68.1977,324.992,-61.0654],"carpPosition":[-37.6898,320.393,88.3102],"dipPosition":[-65.2445,328.31,-44.9342],"direction":[-0.153425,-0.132038,-0.979299],"extended":true,"handId":934,"id":9341,"length":57.5892,"mcpPosition":[-56.4864,333.278,19.9637],"pipPosition":[-61.613,331.435,-21.7545],"stabilizedTipPosition":[-90.8326,310.355,55.0503],"timeVisible":0.957927,"tipPosition":[-67.8185,324.755,-57.1447],"tipVelocity":[22.5174,12.969,-86.0848],"tool":false,"touchDistance":-0.45327,"touchZone":"touching","type":1,"width":18.9421},{"bases":[[[0.850771,-0.492147,-0.184338],[0.50761,0.860373,0.0457305],[0.136093,-0.132478,0.981798]],[[0.850678,-0.492056,-0.185007],[0.276057,0.717644,-0.639358],[0.44737,0.492816,0.74632]],[[0.850678,-0.492056,-0.185007],[-0.371546,-0.313809,-0.873772],[0.371888,0.812037,-0.449772]],[[0.850678,-0.492056,-0.185007],[-0.525562,-0.803764,-0.278835],[-0.0114994,0.334431,-0.94235]]],"btipPosition":[-67.1004,275.293,11.7958],"carpPosition":[-26.541,318.271,84.2359],"dipPosition":[-67.3121,281.447,-5.54596],"direction":[-0.371888,-0.812037,0.449772],"extended":false,"handId":934,"id":9342,"length":65.6183,"mcpPosition":[-35.8393,327.322,17.1568],"pipPosition":[-56.956,304.06,-18.0709],"stabilizedTipPosition":[-73.5515,236.489,160.441],"timeVisible":0.957927,"tipPosition":[-67.0868,276.335,9.10276],"tipVelocity":[16.6428,26.3122,-76.5475],"tool":false,"touchDistance":0.333333,"touchZone":"none","type":2,"width":18.6036},{"bases":[[[0.820822,-0.569727,-0.0407685],[0.571176,0.818351,0.0637178],[-0.00293881,-0.075587,0.997135]],[[0.820797,-0.568756,-0.0530048],[0.422839,0.667351,-0.613065],[0.384057,0.48079,0.788252]],[[0.820797,-0.568756,-0.0530048],[-0.272797,-0.308769,-0.911177],[0.501871,0.762351,-0.408591]],[[0.820797,-0.568756,-0.0530048],[-0.552208,-0.766313,-0.328376],[0.146148,0.2988,-0.943059]]],"btipPosition":[-48.9304,270.696,13.9643],"carpPosition":[-16.0178,313.244,81.2806],"dipPosition":[-46.2564,276.163,-3.29083],"direction":[-0.501871,-0.762351,0.408591],"extended":false,"handId":934,"id":9343,"length":63.0937,"mcpPosition":[-15.8375,317.881,20.114],"pipPosition":[-32.6416,296.844,-14.3751],"stabilizedTipPosition":[-57.668,233.636,159.755],"timeVisible":0.957927,"tipPosition":[-48.4346,271.681,11.2746],"tipVelocity":[16.3736,23.2664,-73.9599],"tool":false,"touchDistance":0.333333,"touchZone":"none","type":3,"width":17.7025},{"bases":[[[0.709232,-0.701977,0.0649492],[0.689372,0.709861,0.144444],[-0.147501,-0.0576699,0.987379]],[[0.722614,-0.687877,-0.0682143],[0.527651,0.612649,-0.588427],[0.446557,0.389212,0.805668]],[[0.722614,-0.687877,-0.0682143],[-0.306869,-0.230801,-0.923343],[0.619403,0.688154,-0.377868]],[[0.722614,-0.687877,-0.0682143],[-0.657009,-0.652792,-0.377097],[0.214867,0.317314,-0.923658]]],"btipPosition":[-30.634,273.117,19.0548],"carpPosition":[-8.05623,301.856,80.1911],"dipPosition":[-27.0071,278.473,3.46374],"direction":[-0.619403,-0.688154,0.377868],"extended":false,"handId":934,"id":9344,"length":49.4643,"mcpPosition":[0.319465,305.131,24.1238],"pipPosition":[-15.1433,291.654,-3.7738],"stabilizedTipPosition":[-40.7818,235.58,163.192],"timeVisible":0.957927,"tipPosition":[-29.9662,274.09,16.7312],"tipVelocity":[18.1154,24.4074,-79.6357],"tool":false,"touchDistance":0.333333,"touchZone":"none","type":4,"width":15.7248}],"r":[[0.940426,-0.178021,0.289669],[0.264546,0.918306,-0.2945],[-0.213578,0.353586,0.910693]],"s":0.889597,"t":[38.043,69.9423,-177.207],"timestamp":607576350175},false],[5,{"currentFrameRate":106.573,"devices":[],"gestures":[],"hands":[{"armBasis":[[0.816802,-0.098225,-0.568495],[0.395065,0.813337,0.427092],[0.420427,-0.573441,0.70314]],"armWidth":62.3999,"confidence":0.862892,"direction":[-0.0501765,0.253519,-0.966028],"elbow":[89.1287,152.223,275.462],"grabStrength":0,"id":934,"palmNormal":[-0.393925,-0.893855,-0.214117],"palmPosition":[-33.2059,316.23,38.6368],"palmVelocity":[24.1439,23.9471,-86.303],"palmWidth":89.105,"pinchStrength":1,"r":[[0.940061,-0.179029,0.290229],[0.26649,0.916713,-0.297691],[-0.212762,0.357191,0.909476]],"s":0.888838,"sphereCenter":[-47.5798,278.377,9.72536],"sphereRadius":44.7156,"stabilizedPalmPosition":[-44.6333,284.863,159.943],"t":[38.2907,70.1581,-178.051],"timeVisible":0.967016,"type":"right","wrist":[-22.035,303.845,89.5471]}],"id":4491988,"interactionBox":{"center":[0,200,0],"size":[235.247,235.247,147.751]},"pointables":[{"bases":[[[0.711855,0.700152,-0.0552253],[-0.542866,0.598417,0.589231],[0.445599,-0.389467,0.806075]],[[0.539186,0.786267,-0.301765],[-0.784272,0.599347,0.160316],[0.306913,0.150226,0.939807]],[[0.539186,0.786267,-0.301765],[-0.841775,0.491938,-0.222289],[-0.0263286,0.373874,0.927106]],[[0.539186,0.786267,-0.301765],[-0.769778,0.314753,-0.555313],[-0.341643,0.53171,0.774961]]],"btipPosition":[-57.9488,271.853,-0.0975864],"carpPosition":[-51.655,303.866,94.56],"dipPosition":[-65.7789,284.039,17.6636],"direction":[0.0263286,-0.373874,-0.927106],"extended":false,"handId":934,"id":9340,"length":51.0367,"mcpPosition":[-51.655,303.866,94.56],"pipPosition":[-66.658,296.522,48.6189],"stabilizedTipPosition":[-86.6039,262.005,109.25],"timeVisible":0.967016,"tipPosition":[-60.3922,274,4.23978],"tipVelocity":[14.9127,49.8359,-85.9222],"tool":false,"touchDistance":-0.41734,"touchZone":"touching","type":0,"width":19.8305},{"bases":[[[0.896318,-0.321983,-0.304862],[0.359371,0.930249,0.0740861],[0.259743,-0.175963,0.949511]],[[0.930922,-0.351827,-0.0979913],[0.344332,0.934936,-0.0856144],[0.121737,0.0459588,0.991498]],[[0.930922,-0.351827,-0.0979913],[0.331194,0.926329,-0.179515],[0.15393,0.13466,0.978863]],[[0.930922,-0.351827,-0.0979913],[0.319197,0.914167,-0.249824],[0.177475,0.201288,0.96332]]],"btipPosition":[-67.837,324.906,-62.0158],"carpPosition":[-37.389,320.717,87.3941],"dipPosition":[-64.8675,328.274,-45.8979],"direction":[-0.15393,-0.13466,-0.978863],"extended":true,"handId":934,"id":9341,"length":57.5892,"mcpPosition":[-56.1023,333.395,18.9861],"pipPosition":[-61.224,331.461,-22.7285],"stabilizedTipPosition":[-90.832,310.355,55.0475],"timeVisible":0.967016,"tipPosition":[-67.439,324.692,-58.1014],"tipVelocity":[27.3853,7.10357,-91.2963],"tool":false,"touchDistance":-0.450579,"touchZone":"touching","type":1,"width":18.9421},{"bases":[[[0.848685,-0.496632,-0.181909],[0.511346,0.858333,0.0423074],[0.135128,-0.128924,0.982405]],[[0.848595,-0.496546,-0.182562],[0.280186,0.714529,-0.64105],[0.448756,0.49284,0.745471]],[[0.848595,-0.496546,-0.182562],[-0.372097,-0.314886,-0.87315],[0.376073,0.808881,-0.451974]],[[0.848595,-0.496546,-0.182562],[-0.528959,-0.802499,-0.27604],[-0.00943954,0.330814,-0.943649]]],"btipPosition":[-66.9613,275.461,10.9772],"carpPosition":[-26.248,318.529,83.3333],"dipPosition":[-67.135,281.549,-6.38851],"direction":[-0.376073,-0.808881,0.451974],"extended":false,"handId":934,"id":9342,"length":65.6183,"mcpPosition":[-35.4803,327.337,16.2128],"pipPosition":[-56.6624,304.074,-18.9748],"stabilizedTipPosition":[-73.5512,236.491,160.434],"timeVisible":0.967016,"tipPosition":[-66.9457,276.495,8.25427],"tipVelocity":[16.5386,23.6935,-80.4592],"tool":false,"touchDistance":0.333333,"touchZone":"none","type":2,"width":18.6036},{"bases":[[[0.818341,-0.573473,-0.0380259],[0.574721,0.81611,0.0604981],[-0.00366066,-0.0713624,0.997444]],[[0.818322,-0.57252,-0.0507021],[0.426081,0.663479,-0.615021],[0.385751,0.481682,0.786879]],[[0.818322,-0.57252,-0.0507021],[-0.273838,-0.310802,-0.910173],[0.505334,0.758699,-0.411113]],[[0.818322,-0.57252,-0.0507021],[-0.555513,-0.765198,-0.325388],[0.147494,0.294438,-0.94422]]],"btipPosition":[-48.8067,270.776,13.2181],"carpPosition":[-15.7457,313.444,80.4036],"dipPosition":[-46.108,276.164,-4.05824],"direction":[-0.505334,-0.758699,0.411113],"extended":false,"handId":934,"id":9343,"length":63.0937,"mcpPosition":[-15.5211,317.821,19.2181],"pipPosition":[-32.3993,296.746,-15.211],"stabilizedTipPosition":[-57.6678,233.636,159.753],"timeVisible":0.967016,"tipPosition":[-48.3069,271.749,10.5002],"tipVelocity":[15.7822,18.7131,-76.3612],"tool":false,"touchDistance":0.333333,"touchZone":"none","type":3,"width":17.7025},{"bases":[[[0.706133,-0.704787,0.0682031],[0.69241,0.707447,0.14173],[-0.148139,-0.0528555,0.987553]],[[0.719633,-0.691297,-0.0650915],[0.53053,0.607901,-0.590758],[0.447958,0.390596,0.804219]],[[0.719633,-0.691297,-0.0650915],[-0.307548,-0.233294,-0.92249],[0.622529,0.683873,-0.380493]],[[0.719633,-0.691297,-0.0650915],[-0.65972,-0.65149,-0.374607],[0.216558,0.312522,-0.924896]]],"btipPosition":[-30.512,273.119,18.3407],"carpPosition":[-7.83349,302.017,79.3655],"dipPosition":[-26.8565,278.395,2.72869],"direction":[-0.622529,-0.683873,0.380493],"extended":false,"handId":934,"id":9344,"length":49.4643,"mcpPosition":[0.578447,305.018,23.2883],"pipPosition":[-14.9329,291.493,-4.55913],"stabilizedTipPosition":[-40.7816,235.58,163.19],"timeVisible":0.967016,"tipPosition":[-29.8384,274.081,16.0065],"tipVelocity":[17.0173,17.1465,-79.488],"tool":false,"touchDistance":0.333333,"touchZone":"none","type":4,"width":15.7248}],"r":[[0.940061,-0.179029,0.290229],[0.26649,0.916713,-0.297691],[-0.212762,0.357191,0.909476]],"s":0.888838,"t":[38.2907,70.1581,-178.051],"timestamp":607576359264},false],[6,{"currentFrameRate":106.801,"devices":[],"gestures":[],"hands":[{"armBasis":[[0.816037,-0.100468,-0.569201],[0.396431,0.813934,0.424681],[0.420625,-0.572204,0.704029]],"armWidth":62.3999,"confidence":0.869712,"direction":[-0.0494014,0.252129,-0.966432],"elbow":[89.3641,152.81,275.062],"grabStrength":0,"id":934,"palmNormal":[-0.395447,-0.893478,-0.212882],"palmPosition":[-32.9838,316.432,37.9794],"palmVelocity":[24.3298,23.5624,-82.7999],"palmWidth":89.105,"pinchStrength":1,"r":[[0.939685,-0.18008,0.290799],[0.26839,0.915241,-0.300502],[-0.212036,0.360424,0.908369]],"s":0.887795,"sphereCenter":[-47.4364,278.419,9.12043],"sphereRadius":44.7961,"stabilizedPalmPosition":[-44.632,284.867,159.93],"t":[38.5256,70.3668,-178.801],"timeVisible":0.975962,"type":"right","wrist":[-21.852,304.105,88.9124]}],"id":4491989,"interactionBox":{"center":[0,200,0],"size":[235.247,235.247,147.751]},"pointables":[{"bases":[[[0.713121,0.698796,-0.0560568],[-0.541995,0.600285,0.588132],[0.444634,-0.389027,0.80682]],[[0.545404,0.783689,-0.297264],[-0.78112,0.603851,0.158798],[0.303951,0.14559,0.941497]],[[0.545404,0.783689,-0.297264],[-0.837813,0.499344,-0.220736],[-0.0245514,0.369442,0.928929]],[[0.545404,0.783689,-0.297264],[-0.770233,0.328741,-0.546508],[-0.330569,0.52703,0.782919]]],"btipPosition":[-57.9358,272.655,-1.06821],"carpPosition":[-51.4736,304.186,93.9153],"dipPosition":[-65.5121,284.734,16.8753],"direction":[0.0245514,-0.369442,-0.928929],"extended":false,"handId":934,"id":9340,"length":51.0367,"mcpPosition":[-51.4736,304.186,93.9153],"pipPosition":[-66.3318,297.069,47.8916],"stabilizedTipPosition":[-86.5353,262.039,108.98],"timeVisible":0.975962,"tipPosition":[-60.2087,274.662,3.40313],"tipVelocity":[13.0186,59.9588,-90.8086],"tool":false,"touchDistance":-0.41787,"touchZone":"touching","type":0,"width":19.8305},{"bases":[[[0.895844,-0.324047,-0.304066],[0.361004,0.929719,0.0727835],[0.259111,-0.174972,0.949866]],[[0.930293,-0.353583,-0.0976435],[0.346066,0.934262,-0.0859854],[0.121628,0.0462004,0.9915]],[[0.930293,-0.353583,-0.0976435],[0.332854,0.925566,-0.180377],[0.154154,0.135302,0.978739]],[[0.930293,-0.353583,-0.0976435],[0.320764,0.913278,-0.251064],[0.177948,0.202243,0.963033]]],"btipPosition":[-67.5863,325.077,-62.6995],"carpPosition":[-37.1752,321.001,86.7284],"dipPosition":[-64.6089,328.461,-46.5864],"direction":[-0.154154,-0.135302,-0.978739],"extended":true,"handId":934,"id":9341,"length":57.5892,"mcpPosition":[-55.843,333.607,18.2948],"pipPosition":[-60.9601,331.663,-23.4199],"stabilizedTipPosition":[-90.8312,310.356,55.0439],"timeVisible":0.975962,"tipPosition":[-67.1707,324.881,-58.7915],"tipVelocity":[27.6154,10.4968,-87.2666],"tool":false,"touchDistance":-0.444126,"touchZone":"touching","type":1,"width":18.9421},{"bases":[[[0.847859,-0.498422,-0.180863],[0.512862,0.857484,0.0411661],[0.134569,-0.127661,0.982646]],[[0.847771,-0.498339,-0.181502],[0.282307,0.713726,-0.641013],[0.448985,0.492193,0.745761]],[[0.847771,-0.498339,-0.181502],[-0.371963,-0.314724,-0.873265],[0.378059,0.807841,-0.452177]],[[0.847771,-0.498339,-0.181502],[-0.530297,-0.801864,-0.275316],[-0.00833975,0.329655,-0.944065]]],"btipPosition":[-66.7982,275.713,10.3017],"carpPosition":[-26.0368,318.786,82.6748],"dipPosition":[-66.9517,281.78,-7.07163],"direction":[-0.378059,-0.807841,0.452177],"extended":false,"handId":934,"id":9342,"length":65.6183,"mcpPosition":[-35.2309,327.509,15.5377],"pipPosition":[-56.4238,304.276,-19.6635],"stabilizedTipPosition":[-73.5509,236.493,160.425],"timeVisible":0.975962,"tipPosition":[-66.783,276.746,7.55312],"tipVelocity":[17.1422,24.7718,-79.1595],"tool":false,"touchDistance":0.333333,"touchZone":"none","type":2,"width":18.6036},{"bases":[[[0.81733,-0.574989,-0.0368726],[0.576155,0.815176,0.0594427],[-0.00412123,-0.0698286,0.99755]],[[0.817314,-0.574025,-0.0499381],[0.42755,0.662287,-0.615286],[0.386262,0.48153,0.786721]],[[0.817314,-0.574025,-0.0499381],[-0.274134,-0.311156,-0.909963],[0.506802,0.757415,-0.411672]],[[0.817314,-0.574025,-0.0499381],[-0.55685,-0.764636,-0.324423],[0.148043,0.292964,-0.944593]]],"btipPosition":[-48.6476,270.985,12.5932],"carpPosition":[-15.5425,313.678,79.7564],"dipPosition":[-45.9388,276.345,-4.68998],"direction":[-0.506802,-0.757415,0.411672],"extended":false,"handId":934,"id":9343,"length":63.0937,"mcpPosition":[-15.2897,317.962,18.5643],"pipPosition":[-32.1902,296.893,-15.8579],"stabilizedTipPosition":[-57.6676,233.637,159.75],"timeVisible":0.975962,"tipPosition":[-48.1463,271.954,9.8514],"tipVelocity":[16.4006,19.7874,-74.6317],"tool":false,"touchDistance":0.333333,"touchZone":"none","type":3,"width":17.7025},{"bases":[[[0.704852,-0.70594,0.0695195],[0.693623,0.706427,0.14088],[-0.148563,-0.0510793,0.987583]],[[0.718423,-0.692671,-0.0638351],[0.531791,0.606073,-0.591501],[0.448404,0.391001,0.803774]],[[0.718423,-0.692671,-0.0638351],[-0.307686,-0.234134,-0.922231],[0.623857,0.682193,-0.381333]],[[0.718423,-0.692671,-0.0638351],[-0.660767,-0.650882,-0.373817],[0.217383,0.310739,-0.925303]]],"btipPosition":[-30.3596,273.285,17.7503],"carpPosition":[-7.65041,302.236,78.7384],"dipPosition":[-26.6903,278.531,2.13141],"direction":[-0.623857,-0.682193,0.381333],"extended":false,"handId":934,"id":9344,"length":49.4643,"mcpPosition":[0.785602,305.136,22.6595],"pipPosition":[-14.7411,291.597,-5.17249],"stabilizedTipPosition":[-40.7815,235.581,163.188],"timeVisible":0.975962,"tipPosition":[-29.6833,274.243,15.4112],"tipVelocity":[17.1184,17.3252,-75.8507],"tool":false,"touchDistance":0.333333,"touchZone":"none","type":4,"width":15.7248}