{"sensorType":"Leap","data":[[0,{"currentFrameRate":110.475,"devices":[],"gestures":[],"hands":[{"armBasis":[[0.70899,-0.36593,-0.60285],[0.619678,0.731337,0.284859],[0.336648,-0.575535,0.74527]],"armWidth":63.1234,"confidence":0.883053,"direction":[-0.0670626,0.31649,-0.946222],"elbow":[92.9892,137.077,288.414],"grabStrength":0,"id":927,"palmNormal":[-0.616295,-0.758952,-0.210173],"palmPosition":[-9.2049,308.996,39.4156],"palmVelocity":[-20.3619,-9.20338,-107.541],"palmWidth":90.138,"pinchStrength":1,"r":[[0.78437,-0.608704,0.119344],[0.606033,0.711003,-0.356648],[0.132239,0.352071,0.926585]],"s":0.752318,"sphereCenter":[-32.7633,280.087,9.77722],"sphereRadius":45.2449,"stabilizedPalmPosition":[-51.115,283.823,208.007],"t":[54.3684,32.3119,-193.157],"timeVisible":0.822593,"type":"right","wrist":[2.94526,291.016,89.0754]}],"id":4485923,"interactionBox":{"center":[0,200,0],"size":[235.247,235.247,147.751]},"pointables":[{"bases":[[[0.853888,0.511597,-0.0956233],[-0.329698,0.673873,0.661207],[0.40271,-0.53307,0.744084]],[[0.718999,0.633111,-0.286725],[-0.564972,0.772687,0.289416],[0.404781,-0.0460981,0.913251]],[[0.718999,0.633111,-0.286725],[-0.652771,0.756786,0.0341388],[0.238603,0.16262,0.957405]],[[0.718999,0.633111,-0.286725],[-0.692407,0.688191,-0.216718],[0.0601147,0.35435,0.933179]]],"btipPosition":[-55.0499,286.466,-2.15304],"carpPosition":[-25.5806,297.894,96.9803],"dipPosition":[-53.6562,294.681,19.4822],"direction":[-0.238603,-0.16262,-0.957405],"extended":false,"handId":927,"id":9270,"length":51.6284,"mcpPosition":[-25.5806,297.894,96.9803],"pipPosition":[-45.5971,300.174,51.8198],"stabilizedTipPosition":[-51.6229,262.738,57.0275],"timeVisible":0.822593,"tipPosition":[-53.93,286.773,3.0688],"tipVelocity":[-47.9522,69.164,-117.678],"tool":false,"touchDistance":-0.473232,"touchZone":"hovering","type":0,"width":20.0604},{"bases":[[[0.762256,-0.507839,-0.401329],[0.580126,0.81101,0.075603],[0.287088,-0.290451,0.912808]],[[0.804543,-0.556054,-0.208603],[0.581179,0.809447,0.0838296],[0.122239,-0.18868,0.974401]],[[0.804543,-0.556054,-0.208603],[0.564214,0.825285,-0.023817],[0.1854,-0.098535,0.97771]],[[0.804543,-0.556054,-0.208603],[0.545599,0.830766,-0.110222],[0.23459,-0.025135,0.971769]]],"btipPosition":[-42.62,343.387,-58.7988],"carpPosition":[-8.08444,311.404,89.0561],"dipPosition":[-38.6494,342.962,-42.351],"direction":[-0.1854,0.098535,-0.97771],"extended":true,"handId":927,"id":9271,"length":58.2569,"mcpPosition":[-29.0076,332.572,22.53],"pipPosition":[-34.2101,340.602,-18.9407],"stabilizedTipPosition":[-76.7874,308.192,65.3917],"timeVisible":0.822593,"tipPosition":[-42.1444,342.994,-54.9552],"tipVelocity":[-30.8566,23.0845,-89.1246],"tool":false,"touchDistance":-0.445061,"touchZone":"hovering","type":1,"width":19.1617},{"bases":[[[0.683893,-0.673178,-0.281285],[0.706805,0.706905,0.0266872],[0.180876,-0.217065,0.959253]],[[0.685478,-0.675085,-0.272728],[0.34341,0.630068,-0.69648],[0.64202,0.383764,0.663728]],[[0.685478,-0.675085,-0.272728],[-0.558283,-0.246892,-0.792063],[0.467376,0.695201,-0.546128]],[[0.685478,-0.675085,-0.272728],[-0.724611,-0.669123,-0.164962],[-0.0711251,0.310699,-0.947843]]],"btipPosition":[-53.0748,278.123,18.8468],"carpPosition":[1.92429,306.813,83.8081],"dipPosition":[-54.3988,283.907,1.20171],"direction":[-0.467376,-0.695201,0.546128],"extended":false,"handId":927,"id":9272,"length":66.379,"mcpPosition":[-10.5769,321.815,17.5096],"pipPosition":[-41.2328,303.491,-14.1828],"stabilizedTipPosition":[-65.5876,234.173,217.259],"timeVisible":0.822593,"tipPosition":[-52.9682,279.183,16.429],"tipVelocity":[-36.7359,16.6003,-136.225],"tool":false,"touchDistance":0.333333,"touchZone":"none","type":2,"width":18.8193},{"bases":[[[0.647816,-0.749145,-0.138263],[0.759266,0.649723,0.0370878],[0.0620484,-0.129004,0.989701]],[[0.645749,-0.745098,-0.166843],[0.432558,0.537047,-0.724206],[0.629207,0.395486,0.669096]],[[0.645749,-0.745098,-0.166843],[-0.526458,-0.276211,-0.804083],[0.553037,0.607072,-0.570626]],[[0.645749,-0.745098,-0.166843],[-0.763305,-0.624413,-0.16575],[0.0193213,0.234385,-0.971952]]],"btipPosition":[-36.5443,268.97,22.2659],"carpPosition":[10.6899,299.467,79.6459],"dipPosition":[-36.1867,273.308,4.27599],"direction":[-0.553037,-0.607072,0.570626],"extended":false,"handId":927,"id":9273,"length":63.8252,"mcpPosition":[6.83956,307.473,18.2315],"pipPosition":[-21.0099,289.968,-11.3835],"stabilizedTipPosition":[-51.6771,235.253,224.034],"timeVisible":0.822593,"tipPosition":[-36.2765,269.869,19.5486],"tipVelocity":[-39.3169,10.2093,-161.94],"tool":false,"touchDistance":0.333333,"touchZone":"none","type":3,"width":17.9078},{"bases":[[[0.516226,-0.856027,-0.0270011],[0.853261,0.511327,0.102423],[-0.07387,-0.0759121,0.994374]],[[0.506391,-0.859338,0.071458],[0.583756,0.280642,-0.761885],[0.634662,0.427526,0.643759]],[[0.506391,-0.859338,0.071458],[-0.501919,-0.361124,-0.785918],[0.701174,0.362116,-0.614188]],[[0.506391,-0.859338,0.071458],[-0.844669,-0.511003,-0.159408],[0.173501,0.0203646,-0.984623]]],"btipPosition":[-19.0168,268.437,26.4317],"carpPosition":[15.5193,286.415,77.3873],"dipPosition":[-16.0542,268.784,9.61883],"direction":[-0.701174,-0.362116,0.614188],"extended":false,"handId":927,"id":9274,"length":50.0378,"mcpPosition":[19.7626,290.776,20.2682],"pipPosition":[-2.46845,275.8,-2.28147],"stabilizedTipPosition":[-42.2957,247.754,211.222],"timeVisible":0.822593,"tipPosition":[-18.4332,268.814,23.5075],"tipVelocity":[-30.9706,-6.23928,-143.785],"tool":false,"touchDistance":0.333333,"touchZone":"none","type":4,"width":15.9071}],"r":[[0.78437,-0.608704,0.119344],[0.606033,0.711003,-0.356648],[0.132239,0.352071,0.926585]],"s":0.752318,"t":[54.3684,32.3119,-193.157],"timestamp":607519868998},false],[1,{"currentFrameRate":110.628,"devices":[],"gestures":[],"hands":[{"armBasis":[[0.707594,-0.368916,-0.602671],[0.621628,0.730534,0.282665],[0.335992,-0.574649,0.74625]],"armWidth":63.1234,"confidence":0.890718,"direction":[-0.0682965,0.322296,-0.944172],"elbow":[92.6334,136.884,287.85],"grabStrength":0,"id":927,"palmNormal":[-0.618271,-0.756416,-0.213482],"palmPosition":[-9.447,308.888,38.7223],"palmVelocity":[-22.3091,-10.0374,-99.8963],"palmWidth":90.138,"pinchStrength":1,"r":[[0.782836,-0.611315,0.116022],[0.607557,0.710721,-0.354613],[0.134321,0.348094,0.927787]],"s":0.75045,"sphereCenter":[-32.919,279.774,8.8455],"sphereRadius":45.393,"stabilizedPalmPosition":[-51.1149,283.824,208.007],"t":[54.1322,32.2008,-193.965],"timeVisible":0.831361,"type":"right","wrist":[2.76506,290.586,88.249]}],"id":4485924,"interactionBox":{"center":[0,200,0],"size":[235.247,235.247,147.751]},"pointables":[{"bases":[[[0.854745,0.510416,-0.0942665],[-0.326994,0.670567,0.665894],[0.403094,-0.538345,0.740067]],[[0.721215,0.632407,-0.282685],[-0.561574,0.772706,0.295906],[0.405565,-0.0546628,0.91243]],[[0.721215,0.632407,-0.282685],[-0.649153,0.759452,0.0428176],[0.241764,0.152625,0.958257]],[[0.721215,0.632407,-0.282685],[-0.689869,0.692656,-0.210494],[0.0626861,0.346827,0.935832]]],"btipPosition":[-55.4053,286.982,-2.93092],"carpPosition":[-25.7308,297.475,96.2521],"dipPosition":[-53.952,295.023,18.7658],"direction":[-0.241764,-0.152625,-0.958257],"extended":false,"handId":927,"id":9270,"length":51.6284,"mcpPosition":[-25.7308,297.475,96.2521],"pipPosition":[-45.7861,300.178,51.1322],"stabilizedTipPosition":[-51.6785,263.16,56.1403],"timeVisible":0.831361,"tipPosition":[-54.3393,287.268,2.29186],"tipVelocity":[-45.5394,65.166,-109.468],"tool":false,"touchDistance":-0.465698,"touchZone":"hovering","type":0,"width":20.0604},{"bases":[[[0.760409,-0.50698,-0.405893],[0.581942,0.809355,0.0792997],[0.288308,-0.296506,0.910474]],[[0.803042,-0.556526,-0.213079],[0.58292,0.807874,0.0868566],[0.123803,-0.193957,0.973167]],[[0.803042,-0.556526,-0.213079],[0.56518,0.824625,-0.0237564],[0.188931,-0.10135,0.976746]],[[0.803042,-0.556526,-0.213079],[0.545649,0.830426,-0.112514],[0.239563,-0.0259129,0.970535]]],"btipPosition":[-43.0824,343.726,-59.2143],"carpPosition":[-8.22272,310.996,88.374],"dipPosition":[-39.0277,343.287,-42.7874],"direction":[-0.188931,0.10135,-0.976746],"extended":true,"handId":927,"id":9271,"length":58.2569,"mcpPosition":[-29.2348,332.605,22.018],"pipPosition":[-34.5039,340.86,-19.4001],"stabilizedTipPosition":[-76.7631,308.217,65.3068],"timeVisible":0.831361,"tipPosition":[-42.5274,343.42,-55.3781],"tipVelocity":[-36.141,27.161,-78.0626],"tool":false,"touchDistance":-0.435192,"touchZone":"hovering","type":1,"width":19.1617},{"bases":[[[0.681946,-0.672875,-0.286684],[0.708309,0.705286,0.0295071],[0.18234,-0.223183,0.957571]],[[0.683571,-0.67487,-0.277995],[0.345262,0.63455,-0.691477],[0.643059,0.376692,0.666767]],[[0.683571,-0.67487,-0.277995],[-0.558427,-0.238318,-0.794584],[0.469989,0.698394,-0.539773]],[[0.683571,-0.67487,-0.277995],[-0.726549,-0.665529,-0.170872],[-0.0696975,0.31878,-0.945263]]],"btipPosition":[-53.4839,278.246,17.8614],"carpPosition":[1.76608,306.416,83.0786],"dipPosition":[-54.7814,284.181,0.264312],"direction":[-0.469989,-0.698394,0.539773],"extended":false,"handId":927,"id":9272,"length":66.379,"mcpPosition":[-10.8363,321.841,16.8963],"pipPosition":[-41.5418,303.855,-14.9412],"stabilizedTipPosition":[-65.5869,234.176,217.248],"timeVisible":0.831361,"tipPosition":[-53.3733,279.338,15.4231],"tipVelocity":[-39.2158,16.9784,-129.486],"tool":false,"touchDistance":0.333333,"touchZone":"none","type":2,"width":18.8193},{"bases":[[[0.645998,-0.749625,-0.144049],[0.760672,0.647936,0.0394596],[0.0637543,-0.135065,0.988784]],[[0.643762,-0.745175,-0.174024],[0.43573,0.543909,-0.717149],[0.629054,0.385846,0.674843]],[[0.643762,-0.745175,-0.174024],[-0.525308,-0.264981,-0.808602],[0.556437,0.611963,-0.562031]],[[0.643762,-0.745175,-0.174024],[-0.764937,-0.620417,-0.173071],[0.0210009,0.244534,-0.969413]]],"btipPosition":[-36.9495,269.061,20.9945],"carpPosition":[10.5082,299.078,78.8548],"dipPosition":[-36.5607,273.587,3.05156],"direction":[-0.556437,-0.611963,0.562031],"extended":false,"handId":927,"id":9273,"length":63.8252,"mcpPosition":[6.55206,307.459,17.4973],"pipPosition":[-21.2907,290.381,-12.372],"stabilizedTipPosition":[-51.6769,235.253,224.031],"timeVisible":0.831361,"tipPosition":[-36.6749,269.988,18.2951],"tipVelocity":[-40.9481,11.5766,-157.062],"tool":false,"touchDistance":0.333333,"touchZone":"none","type":3,"width":17.9078},{"bases":[[[0.51441,-0.856903,-0.0331659],[0.854513,0.508959,0.103775],[-0.072045,-0.0817236,0.994048]],[[0.505836,-0.86078,0.0564561],[0.582014,0.292249,-0.758848],[0.636702,0.416711,0.648816]],[[0.505836,-0.86078,0.0564561],[-0.50368,-0.34785,-0.790764],[0.700312,0.371561,-0.609513]],[[0.505836,-0.86078,0.0564561],[-0.845572,-0.507721,-0.165008],[0.1707,0.0357294,-0.984675]]],"btipPosition":[-19.3415,268.318,25.3046],"carpPosition":[15.3063,286.03,76.5083],"dipPosition":[-16.4267,268.928,8.49089],"direction":[-0.700312,-0.371561,0.609513],"extended":false,"handId":927,"id":9274,"length":50.0378,"mcpPosition":[19.4448,290.724,19.408],"pipPosition":[-2.85772,276.127,-3.31882],"stabilizedTipPosition":[-42.2956,247.754,211.221],"timeVisible":0.831361,"tipPosition":[-18.7705,268.766,22.393],"tipVelocity":[-32.9368,-6.34318,-139.697],"tool":false,"touchDistance":0.333333,"touchZone":"none","type":4,"width":15.9071}],"r":[[0.782836,-0.611315,0.116022],[0.607557,0.710721,-0.354613],[0.134321,0.348094,0.927787]],"s":0.75045,"t":[54.1322,32.2008,-193.965],"timestamp":607519877766},false],[2,{"currentFrameRate":110.528,"devices":[],"gestures":[],"hands":[{"armBasis":[[0.702489,-0.376811,-0.603757],[0.628143,0.727094,0.277075],[0.334584,-0.573888,0.747467]],"armWidth":63.1234,"confidence":0.892724,"direction":[-0.0691632,0.326918,-0.942518],"elbow":[92.12,136.165,286.742],"grabStrength":0,"id":927,"palmNormal":[-0.624916,-0.750644,-0.214508],"palmPosition":[-9.61807,308.275,37.4135],"palmVelocity":[-21.2532,-25.8476,-111.669],"palmWidth":90.138,"pinchStrength":1,"r":[[0.780726,-0.614707,0.112263],[0.609629,0.709842,-0.352812],[0.137187,0.343889,0.928935]],"s":0.748641,"sphereCenter":[-33.1974,279.025,7.36935],"sphereRadius":45.5626,"stabilizedPalmPosition":[-51.1148,283.824,208.006],"t":[53.9286,31.8388,-195.024],"timeVisible":0.840586,"type":"right","wrist":[2.62825,289.664,86.8161]}],"id":4485925,"interactionBox":{"center":[0,200,0],"size":[235.247,235.247,147.751]},"pointables":[{"bases":[[[0.858359,0.504149,-0.0951536],[-0.319363,0.670193,0.669961],[0.401531,-0.544679,0.736273]],[[0.726622,0.62701,-0.280854],[-0.552928,0.776328,0.302632],[0.407788,-0.0646068,0.910788]],[[0.726622,0.62701,-0.280854],[-0.64083,0.765921,0.0519776],[0.247703,0.142212,0.958342]],[[0.726622,0.62701,-0.280854],[-0.68354,0.700955,-0.203558],[0.0692335,0.339885,0.937915]]],"btipPosition":[-55.9209,287.251,-4.20106],"carpPosition":[-25.7841,296.739,94.9519],"dipPosition":[-54.3158,295.131,17.544],"direction":[-0.247703,-0.142212,-0.958342],"extended":false,"handId":927,"id":9270,"length":51.6284,"mcpPosition":[-25.7841,296.739,94.9519],"pipPosition":[-45.9493,299.934,49.9133],"stabilizedTipPosition":[-51.7364,263.547,55.3133],"timeVisible":0.840586,"tipPosition":[-54.8822,287.508,1.0169],"tipVelocity":[-47.3812,53.942,-117.041],"tool":false,"touchDistance":-0.466347,"touchZone":"hovering","type":0,"width":20.0604},{"bases":[[[0.75497,-0.511118,-0.410827],[0.58852,0.804446,0.0806875],[0.289247,-0.302696,0.908136]],[[0.797938,-0.561878,-0.218145],[0.589455,0.803017,0.0877902],[0.125847,-0.198638,0.97196]],[[0.797938,-0.561878,-0.218145],[0.571,0.820572,-0.0249333],[0.193013,-0.104666,0.975598]],[[0.797938,-0.561878,-0.218145],[0.550626,0.826743,-0.115352],[0.245164,-0.0280725,0.969075]]],"btipPosition":[-43.4071,343.654,-60.2453],"carpPosition":[-8.19942,310.158,87.069],"dipPosition":[-39.2575,343.179,-43.8432],"direction":[-0.193013,0.104666,-0.975598],"extended":true,"handId":927,"id":9271,"length":58.2569,"mcpPosition":[-29.28,332.218,20.8834],"pipPosition":[-34.636,340.672,-20.4834],"stabilizedTipPosition":[-76.7391,308.242,65.2218],"timeVisible":0.840586,"tipPosition":[-42.7845,343.402,-56.4172],"tipVelocity":[-35.2139,17.1052,-87.6848],"tool":false,"touchDistance":-0.435557,"touchZone":"hovering","type":1,"width":19.1617},{"bases":[[[0.675643,-0.676913,-0.292052],[0.713892,0.699614,0.0299891],[0.184024,-0.228756,0.955932]],[[0.67733,-0.679017,-0.283123],[0.349839,0.635834,-0.687988],[0.647175,0.366948,0.668216]],[[0.67733,-0.679017,-0.283123],[-0.561304,-0.228208,-0.795524],[0.475564,0.697751,-0.535708]],[[0.67733,-0.679017,-0.283123],[-0.732487,-0.658261,-0.173653],[-0.0684558,0.325004,-0.943232]]],"btipPosition":[-54.0088,278.106,16.3922],"carpPosition":[1.73429,305.523,81.7177],"dipPosition":[-55.2832,284.157,-1.16701],"direction":[-0.475564,-0.697751,0.535708],"extended":false,"handId":927,"id":9272,"length":66.379,"mcpPosition":[-10.9845,321.334,15.6487],"pipPosition":[-41.8865,303.812,-16.258],"stabilizedTipPosition":[-65.5863,234.178,217.236],"timeVisible":0.840586,"tipPosition":[-53.9028,279.218,13.924],"tipVelocity":[-44.0115,8.7702,-137.568],"tool":false,"touchDistance":0.333333,"touchZone":"none","type":2,"width":18.8193},{"bases":[[[0.639608,-0.753999,-0.14962],[0.765842,0.641815,0.0395044],[0.0662421,-0.139853,0.987954]],[[0.637202,-0.749216,-0.180692],[0.439714,0.545965,-0.713144],[0.63295,0.374964,0.67733]],[[0.637202,-0.749216,-0.180692],[-0.527952,-0.253536,-0.810546],[0.561462,0.611878,-0.557104]],[[0.637202,-0.749216,-0.180692],[-0.770391,-0.612591,-0.17672],[0.0217112,0.251809,-0.967533]]],"btipPosition":[-37.5318,268.765,19.3418],"carpPosition":[10.4037,298.136,77.4307],"dipPosition":[-37.13,273.426,1.43366],"direction":[-0.561462,-0.611878,0.557104],"extended":false,"handId":927,"id":9273,"length":63.8252,"mcpPosition":[6.29318,306.814,16.1248],"pipPosition":[-21.722,290.218,-13.8547],"stabilizedTipPosition":[-51.6766,235.254,224.027],"timeVisible":0.840586,"tipPosition":[-37.2535,269.714,16.6338],"tipVelocity":[-47.0749,0.28314,-163.012],"tool":false,"touchDistance":0.333333,"touchZone":"none","type":3,"width":17.9078},{"bases":[[[0.507586,-0.86073,-0.0387263],[0.858824,0.501833,0.102879],[-0.0691172,-0.0854792,0.99394]],[[0.500335,-0.864824,0.0417739],[0.581974,0.300189,-0.755773],[0.64107,0.402451,0.6535]],[[0.500335,-0.864824,0.0417739],[-0.507421,-0.331973,-0.795184],[0.701562,0.376661,-0.604927]],[[0.500335,-0.864824,0.0417739],[-0.849482,-0.499647,-0.169509],[0.167468,0.049325,-0.984643]]],"btipPosition":[-19.8466,267.733,23.5596],"carpPosition":[15.0914,285.061,75.0106],"dipPosition":[-16.987,268.576,6.74645],"direction":[-0.701562,-0.376661,0.604927],"extended":false,"handId":927,"id":9274,"length":50.0378,"mcpPosition":[19.0617,289.971,17.9165],"pipPosition":[-3.39381,275.874,-4.97441],"stabilizedTipPosition":[-42.2955,247.754,211.22],"timeVisible":0.840586,"tipPosition":[-19.2877,268.243,20.679],"tipVelocity":[-39.4401,-20.7095,-153.561],"tool":false,"touchDistance":0.333333,"touchZone":"none","type":4,"width":15.9071}],"r":[[0.780726,-0.614707,0.112263],[0.609629,0.709842,-0.352812],[0.137187,0.343889,0.928935]],"s":0.748641,"t":[53.9286,31.8388,-195.024],"timestamp":607519886991},false],[3,{"currentFrameRate":110.655,"devices":[],"gestures":[],"hands":[{"armBasis":[[0.695349,-0.386728,-0.605748],[0.636495,0.722775,0.269202],[0.333711,-0.572745,0.748732]],"armWidth":63.1234,"confidence":0.895832,"direction":[-0.0694107,0.325816,-0.942882],"elbow":[91.7028,135.939,286.02],"grabStrength":0,"id":927,"palmNormal":[-0.633395,-0.744599,-0.210671],"palmPosition":[-9.79926,307.774,36.3638],"palmVelocity":[-21.0668,-34.2236,-113.677],"palmWidth":90.138,"pinchStrength":1,"r":[[0.777839,-0.618958,0.108893],[0.61247,0.707738,-0.352117],[0.140878,0.340584,0.9296]],"s":0.747104,"sphereCenter":[-33.5745,278.193,6.35477],"sphereRadius":45.7507,"stabilizedPalmPosition":[-51.1146,283.824,208.005],"t":[53.7362,31.4071,-196.078],"timeVisible":0.849398,"type":"right","wrist":[2.44438,289.132,85.7556]}],"id":4485926,"interactionBox":{"center":[0,200,0],"size":[235.247,235.247,147.751]},"pointables":[{"bases":[[[0.863113,0.495133,-0.0993967],[-0.309911,0.674709,0.669869],[0.398738,-0.547368,0.735796]],[[0.734145,0.617513,-0.282327],[-0.541905,0.783401,0.304339],[0.409109,-0.0704344,0.909763]],[[0.734145,0.617513,-0.282327],[-0.629291,0.774955,0.0586346],[0.254999,0.13462,0.957525]],[[0.734145,0.617513,-0.282327],[-0.674414,0.711376,-0.197762],[0.0787204,0.335591,0.938713]]],"btipPosition":[-56.5312,287.67,-5.10753],"carpPosition":[-25.8626,296.514,93.9856],"dipPosition":[-54.7061,295.45,16.656],"direction":[-0.254999,-0.13462,-0.957525],"extended":false,"handId":927,"id":9270,"length":51.6284,"mcpPosition":[-25.8626,296.514,93.9856],"pipPosition":[-46.0932,299.997,48.9977],"stabilizedTipPosition":[-51.7932,263.883,54.5938],"timeVisible":0.849398,"tipPosition":[-55.5038,287.881,0.120351],"tipVelocity":[-51.7308,51.5077,-113.089],"tool":false,"touchDistance":-0.461579,"touchZone":"hovering","type":0,"width":20.0604},{"bases":[[[0.748114,-0.519618,-0.412702],[0.597041,0.798517,0.076886],[0.289598,-0.30392,0.907615]],[[0.791307,-0.570468,-0.219998],[0.597804,0.797377,0.0825871],[0.128308,-0.196868,0.971998]],[[0.791307,-0.570468,-0.219998],[0.578428,0.815067,-0.0329771],[0.198126,-0.101158,0.974943]],[[0.791307,-0.570468,-0.219998],[0.556967,0.820992,-0.125535],[0.25223,-0.0231952,0.967389]]],"btipPosition":[-43.7516,343.079,-61.224],"carpPosition":[-8.17155,309.736,86.0098],"dipPosition":[-39.4824,342.687,-44.8503],"direction":[-0.198126,0.101158,-0.974943],"extended":true,"handId":927,"id":9271,"length":58.2569,"mcpPosition":[-29.2777,331.886,19.8621],"pipPosition":[-34.7385,340.265,-21.5062],"stabilizedTipPosition":[-76.7192,308.262,65.1499],"timeVisible":0.849398,"tipPosition":[-43.0283,342.939,-57.4044],"tipVelocity":[-35.418,-4.50548,-94.1891],"tool":false,"touchDistance":-0.435113,"touchZone":"hovering","type":1,"width":19.1617},{"bases":[[[0.667546,-0.684364,-0.293305],[0.721137,0.692308,0.0259148],[0.185322,-0.228812,0.955668]],[[0.66926,-0.686488,-0.284298],[0.353727,0.630846,-0.690587],[0.653428,0.361618,0.66503]],[[0.66926,-0.686488,-0.284298],[-0.566899,-0.224417,-0.79263],[0.480329,0.691644,-0.539363]],[[0.66926,-0.686488,-0.284298],[-0.739783,-0.651352,-0.168705],[-0.0693642,0.323227,-0.943776]]],"btipPosition":[-54.5551,278.036,15.5879],"carpPosition":[1.69359,304.99,80.6298],"dipPosition":[-55.8464,284.053,-1.9815],"direction":[-0.480329,-0.691644,0.539363],"extended":false,"handId":927,"id":9272,"length":66.379,"mcpPosition":[-11.1149,320.804,14.5791],"pipPosition":[-42.3155,303.537,-17.1754],"stabilizedTipPosition":[-65.5856,234.181,217.223],"timeVisible":0.849398,"tipPosition":[-54.4662,279.141,13.0754],"tipVelocity":[-48.9808,4.03151,-125.156],"tool":false,"touchDistance":0.333333,"touchZone":"none","type":2,"width":18.8193},{"bases":[[[0.631267,-0.760806,-0.150587],[0.772527,0.633997,0.0353447],[0.0685815,-0.138645,0.987965]],[[0.628749,-0.75598,-0.182124],[0.443244,0.540861,-0.714845],[0.638912,0.368733,0.67515]],[[0.628749,-0.75598,-0.182124],[-0.532903,-0.24834,-0.808913],[0.566293,0.605658,-0.559008]],[[0.628749,-0.75598,-0.182124],[-0.777315,-0.604606,-0.173875],[0.0213332,0.250892,-0.96778]]],"btipPosition":[-38.1998,268.524,18.388],"carpPosition":[10.2704,297.505,76.3242],"dipPosition":[-37.805,273.167,0.475285],"direction":[-0.566293,-0.605658,0.559008],"extended":false,"handId":927,"id":9273,"length":63.8252,"mcpPosition":[6.01466,306.109,15.0176],"pipPosition":[-22.2644,289.788,-14.8654],"stabilizedTipPosition":[-51.6764,235.255,224.023],"timeVisible":0.849398,"tipPosition":[-37.9232,269.471,15.6472],"tipVelocity":[-54.8731,-7.30858,-148.272],"tool":false,"touchDistance":0.333333,"touchZone":"none","type":3,"width":17.9078},{"bases":[[[0.498582,-0.865965,-0.0389851],[0.864312,0.49319,0.0986372],[-0.0661893,-0.082874,0.99436]],[[0.492307,-0.869725,0.0347987],[0.58232,0.299381,-0.755827],[0.646944,0.392363,0.653846]],[[0.492307,-0.869725,0.0347987],[-0.512707,-0.322061,-0.795869],[0.703395,0.373971,-0.604468]],[[0.492307,-0.869725,0.0347987],[-0.854813,-0.49063,-0.16905],[0.1641,0.0534782,-0.984993]]],"btipPosition":[-20.4755,267.236,22.4216],"carpPosition":[14.8145,284.379,73.9117],"dipPosition":[-17.6734,268.149,5.6024],"direction":[-0.703395,-0.373971,0.604468],"extended":false,"handId":927,"id":9274,"length":50.0378,"mcpPosition":[18.6165,289.139,16.7934],"pipPosition":[-4.04468,275.395,-6.10956],"stabilizedTipPosition":[-42.2953,247.754,211.219],"timeVisible":0.849398,"tipPosition":[-19.925,267.767,19.5475],"tipVelocity":[-48.4555,-29.8439,-147.02],"tool":false,"touchDistance":0.333333,"touchZone":"none","type":4,"width":15.9071}],"r":[[0.777839,-0.618958,0.108893],[0.61247,0.707738,-0.352117],[0.140878,0.340584,0.9296]],"s":0.747104,"t":[53.7362,31.4071,-196.078],"timestamp":607519895803},false],[4,{"currentFrameRate":110.57,"devices":[],"gestures":[],"hands":[{"armBasis":[[0.694439,-0.390116,-0.604618],[0.636955,0.724168,0.264328],[0.334726,-0.568674,0.751377]],"armWidth":63.1234,"confidence":0.899303,"direction":[-0.0684806,0.330824,-0.941204],"elbow":[91.584,136.526,285.475],"grabStrength":0,"id":927,"palmNormal":[-0.634223,-0.742683,-0.214901],"palmPosition":[-10.1389,307.546,35.2022],"palmVelocity":[-25.5035,-31.5902,-117.215],"palmWidth":90.138,"pinchStrength":1,"r":[[0.775338,-0.62265,0.10563],[0.614957,0.706253,-0.350765],[0.143802,0.336919,0.930487]],"s":0.745622,"sphereCenter":[-33.8312,277.889,4.97277],"sphereRadius":45.8418,"stabilizedPalmPosition":[-51.1142,283.824,208.004],"t":[53.4702,31.0772,-197.186],"timeVisible":0.858593,"type":"right","wrist":[2.05405,288.63,84.5026]}],"id":4485927,"interactionBox":{"center":[0,200,0],"size":[235.247,235.247,147.751]},"pointables":[{"bases":[[[0.863794,0.494548,-0.0963415],[-0.309422,0.671594,0.673216],[0.39764,-0.55171,0.733143]],[[0.736055,0.617385,-0.277594],[-0.540106,0.782836,0.308955],[0.408055,-0.0774782,0.909664]],[[0.736055,0.617385,-0.277594],[-0.627399,0.776172,0.06267],[0.254152,0.128034,0.958652]],[[0.736055,0.617385,-0.277594],[-0.672677,0.712962,-0.197969],[0.0756909,0.332447,0.94008]]],"btipPosition":[-56.7657,287.805,-6.4023],"carpPosition":[-26.2481,296.006,92.7558],"dipPosition":[-55.0108,295.512,15.3929],"direction":[-0.254152,-0.128034,-0.958652],"extended":false,"handId":927,"id":9270,"length":51.6284,"mcpPosition":[-26.2481,296.006,92.7558],"pipPosition":[-46.4265,299.837,47.7727],"stabilizedTipPosition":[-51.8445,264.172,53.9655],"timeVisible":0.858593,"tipPosition":[-55.8259,288.053,-1.18406],"tipVelocity":[-44.8892,40.7074,-120.619],"tool":false,"touchDistance":-0.463067,"touchZone":"hovering","type":0,"width":20.0604},{"bases":[[[0.747681,-0.518406,-0.415005],[0.598011,0.797346,0.0813794],[0.288715,-0.309024,0.906172]],[[0.790698,-0.570307,-0.222589],[0.5987,0.796284,0.0865483],[0.127885,-0.201698,0.971063]],[[0.790698,-0.570307,-0.222589],[0.578947,0.814776,-0.0310011],[0.19904,-0.104355,0.974419]],[[0.790698,-0.570307,-0.222589],[0.556969,0.82105,-0.125148],[0.254129,-0.0250214,0.966846]]],"btipPosition":[-44.0876,343.275,-62.2084],"carpPosition":[-8.53589,309.247,84.8587],"dipPosition":[-39.7863,342.851,-45.844],"direction":[-0.19904,0.104355,-0.974419],"extended":true,"handId":927,"id":9271,"length":58.2569,"mcpPosition":[-29.5777,331.768,18.8162],"pipPosition":[-35.0205,340.353,-22.5124],"stabilizedTipPosition":[-76.7014,308.28,65.0845],"timeVisible":0.858593,"tipPosition":[-43.3098,343.174,-58.396],"tipVelocity":[-35.5077,2.48378,-97.8531],"tool":false,"touchDistance":-0.434733,"touchZone":"hovering","type":1,"width":19.1617},{"bases":[[[0.666838,-0.683671,-0.296514],[0.722,0.691246,0.0299214],[0.184508,-0.234036,0.95456]],[[0.668568,-0.685873,-0.287394],[0.354589,0.633722,-0.687505],[0.653669,0.357737,0.666889]],[[0.668568,-0.685873,-0.287394],[-0.56763,-0.220997,-0.793068],[0.48043,0.693354,-0.537073]],[[0.668568,-0.685873,-0.287394],[-0.740324,-0.650382,-0.170072],[-0.070268,0.32647,-0.942592]]],"btipPosition":[-54.8638,278,14.3186],"carpPosition":[1.32618,304.516,79.4593],"dipPosition":[-56.1719,284.078,-3.22872],"direction":[-0.48043,-0.693353,0.537073],"extended":false,"handId":927,"id":9272,"length":66.379,"mcpPosition":[-11.426,320.691,13.4852],"pipPosition":[-42.6381,303.61,-18.3581],"stabilizedTipPosition":[-65.5849,234.184,217.209],"timeVisible":0.858593,"tipPosition":[-54.8149,279.116,11.7182],"tipVelocity":[-44.7899,2.23087,-128.603],"tool":false,"touchDistance":0.333333,"touchZone":"none","type":2,"width":18.8193},{"bases":[[[0.630384,-0.76081,-0.154217],[0.773311,0.632822,0.0390743],[0.067864,-0.14389,0.987264]],[[0.62788,-0.755798,-0.185837],[0.444317,0.544112,-0.711705],[0.639022,0.364295,0.677451]],[[0.62788,-0.755798,-0.185837],[-0.532793,-0.24333,-0.810508],[0.567361,0.607914,-0.555466]],[[0.62788,-0.755798,-0.185837],[-0.777995,-0.602681,-0.17748],[0.022139,0.256017,-0.966419]]],"btipPosition":[-38.5789,268.427,17.0023],"carpPosition":[9.89582,297.043,75.1193],"dipPosition":[-38.1691,273.165,-0.885216],"direction":[-0.567361,-0.607914,0.555466],"extended":false,"handId":927,"id":9273,"length":63.8252,"mcpPosition":[5.68463,305.972,13.8562],"pipPosition":[-22.5993,289.848,-16.1286],"stabilizedTipPosition":[-51.676,235.255,224.017],"timeVisible":0.858593,"tipPosition":[-38.3018,269.39,14.2537],"tipVelocity":[-50.9532,-7.55213,-148.775],"tool":false,"touchDistance":0.333333,"touchZone":"none","type":3,"width":17.9078},{"bases":[[[0.497505,-0.866383,-0.043238],[0.864882,0.491569,0.10168],[-0.0668395,-0.0879821,0.993877]],[[0.491885,-0.870338,0.0236924],[0.585162,0.310318,-0.749192],[0.644698,0.38238,0.661929]],[[0.491885,-0.870338,0.0236924],[-0.509454,-0.309779,-0.802804],[0.70605,0.382816,-0.595773]],[[0.491885,-0.870338,0.0236924],[-0.854625,-0.487845,-0.177829],[0.166329,0.0672231,-0.983776]]],"btipPosition":[-20.8389,267.018,20.7059],"carpPosition":[14.4246,283.923,72.6407],"dipPosition":[-17.9987,268.166,3.90753],"direction":[-0.70605,-0.382816,0.595773],"extended":false,"handId":927,"id":9274,"length":50.0378,"mcpPosition":[18.264,288.977,15.5502],"pipPosition":[-4.31854,275.583,-7.63596],"stabilizedTipPosition":[-42.2951,247.754,211.217],"timeVisible":0.858593,"tipPosition":[-20.2812,267.597,17.8752],"tipVelocity":[-45.6903,-26.49,-157.937],"tool":false,"touchDistance":0.333333,"touchZone":"none","type":4,"width":15.9071}],"r":[[0.775338,-0.62265,0.10563],[0.614957,0.706253,-0.350765],[0.143802,0.336919,0.930487]],"s":0.745622,"t":[53.4702,31.0772,-197.186],"timestamp":607519904998},false],[5,{"currentFrameRate":110.605,"devices":[],"gestures":[],"hands":[{"armBasis":[[0.693542,-0.393198,-0.603651],[0.637968,0.724452,0.261086],[0.334658,-0.566185,0.753285]],"armWidth":63.1234,"confidence":0.898825,"direction":[-0.0679337,0.334224,-0.940042],"elbow":[91.193,136.774,284.941],"grabStrength":0,"id":927,"palmNormal":[-0.635491,-0.740847,-0.217477],"palmPosition":[-10.4801,307.321,34.2249],"palmVelocity":[-28.9295,-29.808,-114.919],"palmWidth":90.138,"pinchStrength":1,"r":[[0.773109,-0.625924,0.102574],[0.617182,0.705086,-0.349199],[0.146248,0.333276,0.931418]],"s":0.744455,"sphereCenter":[-34.0618,277.477,3.8088],"sphereRadius":45.9752,"stabilizedPalmPosition":[-51.1136,283.824,208.001],"t":[53.1666,30.7996,-198.229],"timeVisible":0.867572,"type":"right","wrist":[1.68143,288.212,83.4587]}],"id":4485928,"interactionBox":{"center":[0,200,0],"size":[235.247,235.247,147.751]},"pointables":[{"bases":[[[0.864634,0.493409,-0.0946352],[-0.308265,0.669766,0.675563],[0.396713,-0.554942,0.731203]],[[0.738275,0.616287,-0.274117],[-0.537237,0.783011,0.313481],[0.407831,-0.0841698,0.90917]],[[0.738275,0.616287,-0.274117],[-0.624354,0.778177,0.0679823],[0.255208,0.120957,0.959291]],[[0.738275,0.616287,-0.274117],[-0.670348,0.715425,-0.196976],[0.0747168,0.329176,0.941308]]],"btipPosition":[-57.1276,288.052,-7.44541],"carpPosition":[-26.608,295.607,91.7382],"dipPosition":[-55.3953,295.684,14.3783],"direction":[-0.255208,-0.120957,-0.959291],"extended":false,"handId":927,"id":9270,"length":51.6284,"mcpPosition":[-26.608,295.607,91.7382],"pipPosition":[-46.7753,299.769,46.7796],"stabilizedTipPosition":[-51.8888,264.404,53.4545],"timeVisible":0.867572,"tipPosition":[-56.2332,288.298,-2.23944],"tipVelocity":[-43.7904,36.5627,-119.2],"tool":false,"touchDistance":-0.460642,"touchZone":"hovering","type":0,"width":20.0604},{"bases":[[[0.746789,-0.518227,-0.41683],[0.59937,0.796037,0.0841479],[0.288204,-0.312676,0.905081]],[[0.789697,-0.570836,-0.224776],[0.600008,0.795036,0.0889292],[0.127941,-0.205095,0.970344]],[[0.789697,-0.570836,-0.224776],[0.579904,0.814126,-0.0301818],[0.200225,-0.106514,0.973943]],[[0.789697,-0.570836,-0.224776],[0.557468,0.820648,-0.125568],[0.256141,-0.026145,0.966286]]],"btipPosition":[-44.4527,343.355,-63.0491],"carpPosition":[-8.87336,308.845,83.887],"dipPosition":[-40.1173,342.913,-46.6941],"direction":[-0.200225,0.106514,-0.973943],"extended":true,"handId":927,"id":9271,"length":58.2569,"mcpPosition":[-29.8779,331.633,17.924],"pipPosition":[-35.3231,340.362,-23.3739],"stabilizedTipPosition":[-76.6861,308.297,65.0272],"timeVisible":0.867572,"tipPosition":[-43.628,343.281,-59.2436],"tipVelocity":[-36.6798,4.1167,-96.7605],"tool":false,"touchDistance":-0.432235,"touchZone":"hovering","type":1,"width":19.1617},{"bases":[[[0.665667,-0.683767,-0.298915],[0.723177,0.689906,0.0323168],[0.184126,-0.237681,0.953732]],[[0.667411,-0.686026,-0.28971],[0.355623,0.635419,-0.685401],[0.65429,0.354416,0.668052]],[[0.667411,-0.686026,-0.28971],[-0.568231,-0.217694,-0.793551],[0.481328,0.694246,-0.535113]],[[0.667411,-0.686026,-0.28971],[-0.741372,-0.64878,-0.171619],[-0.0702228,0.329323,-0.941602]]],"btipPosition":[-55.2388,277.933,13.2582],"carpPosition":[0.980538,304.117,78.4709],"dipPosition":[-56.5461,284.064,-4.27069],"direction":[-0.481328,-0.694246,0.535113],"extended":false,"handId":927,"id":9272,"length":66.379,"mcpPosition":[-11.7453,320.544,12.554],"pipPosition":[-42.987,303.621,-19.3449],"stabilizedTipPosition":[-65.5842,234.187,217.195],"timeVisible":0.867572,"tipPosition":[-55.204,279.059,10.6206],"tipVelocity":[-43.9555,-0.0545173,-125.595],"tool":false,"touchDistance":0.333333,"touchZone":"none","type":2,"width":18.8193},{"bases":[[[0.629084,-0.76134,-0.156887],[0.774389,0.631363,0.0412646],[0.0676364,-0.147451,0.986754]],[[0.626582,-0.756201,-0.18856],[0.445197,0.545877,-0.709801],[0.639683,0.360802,0.678695]],[[0.626582,-0.756201,-0.18856],[-0.533291,-0.239582,-0.811296],[0.568327,0.608901,-0.553393]],[[0.626582,-0.756201,-0.18856],[-0.779032,-0.600748,-0.179472],[0.0224394,0.259348,-0.965523]]],"btipPosition":[-38.9846,268.315,15.8907],"carpPosition":[9.53736,296.645,74.1047],"dipPosition":[-38.5693,273.115,-1.98018],"direction":[-0.568327,-0.608901,0.553393],"extended":false,"handId":927,"id":9273,"length":63.8252,"mcpPosition":[5.34029,305.794,12.8732],"pipPosition":[-22.9729,289.825,-17.1667],"stabilizedTipPosition":[-51.6757,235.256,224.011],"timeVisible":0.867572,"tipPosition":[-38.7085,269.288,13.135],"tipVelocity":[-49.3329,-8.46224,-141.813],"tool":false,"touchDistance":0.333333,"touchZone":"none","type":3,"width":17.9078},{"bases":[[[0.496028,-0.867073,-0.0462738],[0.86572,0.489737,0.103375],[-0.0669715,-0.0913369,0.993565]],[[0.490858,-0.871092,0.0160592],[0.586579,0.316795,-0.745363],[0.644192,0.375287,0.666465]],[[0.490858,-0.871092,0.0160592],[-0.508395,-0.301351,-0.806673],[0.707526,0.387797,-0.59078]],[[0.490858,-0.871092,0.0160592],[-0.85508,-0.485205,-0.182797],[0.167025,0.0759954,-0.98302]]],"btipPosition":[-21.2349,266.815,19.3947],"carpPosition":[14.0437,283.526,71.5802],"dipPosition":[-18.3829,268.113,2.60926],"direction":[-0.707526,-0.387797,0.59078],"extended":false,"handId":927,"id":9274,"length":50.0378,"mcpPosition":[17.8907,288.772,14.5075],"pipPosition":[-4.67411,275.627,-8.83749],"stabilizedTipPosition":[-42.2948,247.754,211.214],"timeVisible":0.867572,"tipPosition":[-20.6742,267.419,16.5703],"tipVelocity":[-45.173,-24.3678,-154.583],"tool":false,"touchDistance":0.333333,"touchZone":"none","type":4,"width":15.9071}],"r":[[0.773109,-0.625924,0.102574],[0.617182,0.705086,-0.349199],[0.146248,0.333276,0.931418]],"s":0.744455,"t":[53.1666,30.7996,-198.229],"timestamp":607519913977},false],[6,{"currentFrameRate":101.283,"devices":[],"gestures":[],"hands":[{"armBasis":[[0.689306,-0.39775,-0.605518],[0.642485,0.721833,0.257234],[0.334768,-0.56635,0.753112]],"armWidth":63.1234,"confidence":0.903721,"direction":[-0.0653907,0.337612,-0.939011],"elbow":[90.5911,136.081,283.561],"grabStrength":0,"id":927,"palmNormal":[-0.640388,-0.735875,-0.219981],"palmPosition":[-10.9674,306.907,32.9471],"palmVelocity":[-22.1617,-20.822,-72.9919],"palmWidth":90.138,"pinchStrength":1,"r":[[0.770463,-0.629628,0.0997766],[0.619927,0.703528,-0.347474],[0.148584,0.32957,0.932366]],"s":0.743817,"sphereCenter":[-34.3962,276.551,2.23172],"sphereRadius":46.3169,"stabilizedPalmPosition":[-51.1089,283.827,207.981],"t":[52.7711,30.4538,-199.389],"timeVisible":0.894641,"type":"right","wrist":[1.05004,287.563,82.1243]}],"id":4485929,"interactionBox":{"center":[0,200,0],"size":[235.247,235.247,147.751]},"pointables":[{"bases":[[[0.86796,0.48788,-0.092837],[-0.303969,0.669707,0.677566],[0.392744,-0.55988,0.729579]],[[0.745857,0.609773,-0.268094],[-0.527868,0.786558,0.32044],[0.406268,-0.0974845,0.908539]],[[0.745857,0.609773,-0.268094],[-0.613583,0.785591,0.0797748],[0.259257,0.104997,0.960084]],[[0.745857,0.609773,-0.268094],[-0.66161,0.724854,-0.191984],[0.0772623,0.320567,0.94407]]],"btipPosition":[-57.8297,288.964,-8.8246],"carpPosition":[-27.1916,295.122,90.4187],"dipPosition":[-56.0384,296.396,13.0631],"direction":[-0.259257,-0.104997,-0.960084],"extended":false,"handId":927,"id":9270,"length":51.6284,"mcpPosition":[-27.1916,295.122,90.4187],"pipPosition":[-47.2816,299.942,45.4913],"stabilizedTipPosition":[-52.0029,264.946,52.2726],"timeVisible":0.894641,"tipPosition":[-56.9691,289.108,-3.62607],"tipVelocity":[-32.4254,33.7317,-76.6033],"tool":false,"touchDistance":-0.463378,"touchZone":"hovering","type":0,"width":20.0604},{"bases":[[[0.74342,-0.521928,-0.418231],[0.60468,0.791723,0.0868146],[0.285812,-0.317436,0.904182]],[[0.785807,-0.575256,-0.227132],[0.605177,0.790924,0.0905572],[0.127551,-0.208616,0.969644]],[[0.785807,-0.575256,-0.227132],[0.584457,0.810813,-0.0314983],[0.202281,-0.107997,0.973354]],[[0.785807,-0.575256,-0.227132],[0.561165,0.817562,-0.129176],[0.260004,-0.0259514,0.965259]]],"btipPosition":[-44.8689,343.304,-64.1952],"carpPosition":[-9.36598,308.265,82.6141],"dipPosition":[-40.4682,342.865,-47.8576],"direction":[-0.202281,0.107997,-0.973354],"extended":true,"handId":927,"id":9271,"length":58.2569,"mcpPosition":[-30.1962,331.4,16.7167],"pipPosition":[-35.6248,340.279,-24.5515],"stabilizedTipPosition":[-76.6546,308.33,64.907],"timeVisible":0.894641,"tipPosition":[-43.945,343.286,-60.4043],"tipVelocity":[-23.1455,0.412384,-63.1553],"tool":false,"touchDistance":-0.434597,"touchZone":"hovering","type":1,"width":19.1617},{"bases":[[[0.661151,-0.687287,-0.300858],[0.727787,0.684925,0.0346879],[0.182225,-0.241895,0.953038]],[[0.662912,-0.689634,-0.291466],[0.360762,0.63535,-0.682775],[0.656048,0.34747,0.669974]],[[0.662912,-0.689634,-0.291466],[-0.569052,-0.211114,-0.794739],[0.486547,0.692702,-0.532388]],[[0.662912,-0.689634,-0.291466],[-0.745647,-0.643237,-0.173947],[-0.0675219,0.332643,-0.940633]]],"btipPosition":[-55.9116,277.909,11.8349],"carpPosition":[0.457612,303.487,77.1862],"dipPosition":[-57.1686,284.101,-5.67596],"direction":[-0.486547,-0.692702,0.532388],"extended":false,"handId":927,"id":9272,"length":66.379,"mcpPosition":[-12.1368,320.206,11.3173],"pipPosition":[-43.4625,303.614,-20.6734],"stabilizedTipPosition":[-65.5818,234.199,217.141],"timeVisible":0.894641,"tipPosition":[-55.8817,279.045,9.16514],"tipVelocity":[-31.8635,-0.260493,-80.29],"tool":false,"touchDistance":0.333333,"touchZone":"none","type":2,"width":18.8193},{"bases":[[[0.624003,-0.765057,-0.159085],[0.778601,0.626011,0.0434674],[0.0663339,-0.150988,0.986308]],[[0.621545,-0.759803,-0.190739],[0.44776,0.544358,-0.709355],[0.6428,0.355491,0.678553]],[[0.621545,-0.759803,-0.190739],[-0.536037,-0.234946,-0.810842],[0.571266,0.606218,-0.553312]],[[0.621545,-0.759803,-0.190739],[-0.783042,-0.595449,-0.179683],[0.0229481,0.261037,-0.965056]]],"btipPosition":[-39.7038,268.139,14.6083],"carpPosition":[8.9654,295.972,72.7991],"dipPosition":[-39.279,272.97,-3.25397],"direction":[-0.571266,-0.606218,0.553312],"extended":false,"handId":927,"id":9273,"length":63.8252,"mcpPosition":[4.84915,305.341,11.5953],"pipPosition":[-23.602,289.606,-18.4383],"stabilizedTipPosition":[-51.6736,235.262,223.976],"timeVisible":0.894641,"tipPosition":[-39.4438,269.129,11.7236],"tipVelocity":[-35.1875,-7.08645,-83.2924],"tool":false,"touchDistance":0.333333,"touchZone":"none","type":3,"width":17.9078},{"bases":[[[0.490204,-0.870238,-0.0488419],[0.868959,0.483581,0.105161],[-0.067896,-0.0939919,0.993255]],[[0.485189,-0.874335,0.0114314],[0.591681,0.318656,-0.740522],[0.643821,0.366057,0.671935]],[[0.485189,-0.874335,0.0114314],[-0.50737,-0.292151,-0.810694],[0.712157,0.38754,-0.585359]],[[0.485189,-0.874335,0.0114314],[-0.857892,-0.478512,-0.187211],[0.169155,0.081026,-0.982253]]],"btipPosition":[-21.9544,266.515,17.7575],"carpPosition":[13.3843,282.831,70.2349],"dipPosition":[-19.066,267.899,0.985142],"direction":[-0.712157,-0.38754,0.585359],"extended":false,"handId":927,"id":9274,"length":50.0378,"mcpPosition":[17.2844,288.23,13.18],"pipPosition":[-5.26744,275.408,-10.3566],"stabilizedTipPosition":[-42.2933,247.756,211.2],"timeVisible":0.894641,"tipPosition":[-21.3893,267.11,14.933],"tipVelocity":[-33.4678,-15.6927,-96.2471],"tool":false,"touchDistance":0.333333,"touchZone":"none","type":4,"width":15.9071}],"r":[[0.770463,-0.629628,0.0997766],[0.619927,0.703528,-0.347