{"sensorType":"Leap","data":[[0,{"currentFrameRate":110.449,"devices":[],"gestures":[],"hands":[{"armBasis":[[0.828118,-0.0269043,-0.559908],[0.343514,0.813675,0.468968],[0.442966,-0.580697,0.683061]],"armWidth":63.72,"confidence":0.801147,"direction":[-0.00321928,0.28583,-0.958275],"elbow":[107.699,125.784,280.756],"grabStrength":0,"id":930,"palmNormal":[-0.351255,-0.897541,-0.266535],"palmPosition":[-20.7303,296.689,44.219],"palmVelocity":[49.3422,56.7527,-140.254],"palmWidth":90.99,"pinchStrength":1,"r":[[0.94003,-0.289012,0.181148],[0.338248,0.858287,-0.385917],[-0.0439426,0.424047,0.904574]],"s":0.806227,"sphereCenter":[-32.7826,256.411,13.3739],"sphereRadius":47.9348,"stabilizedPalmPosition":[-37.476,256.92,129.891],"t":[27.3994,7.29672,-208.349],"timeVisible":11.7139,"type":"right","wrist":[-11.902,282.572,96.3299]}],"id":4489584,"interactionBox":{"center":[0,200,0],"size":[235.247,235.247,147.751]},"pointables":[{"bases":[[[0.690298,0.723458,0.00984203],[-0.595165,0.560046,0.576305],[0.41142,-0.40368,0.817175]],[[0.548318,0.807288,-0.21825],[-0.758235,0.590006,0.277439],[0.352742,0.0133606,0.935625]],[[0.548318,0.807288,-0.21825],[-0.836159,0.533495,-0.12736],[0.0136191,0.252326,0.967546]],[[0.548318,0.807288,-0.21825],[-0.75124,0.360837,-0.552661],[-0.367404,0.466992,0.804321]]],"btipPosition":[-51.8498,261.272,1.15788],"carpPosition":[-42.3759,281.472,99.6751],"dipPosition":[-60.4483,272.202,19.9819],"direction":[-0.0136191,-0.252326,-0.967546],"extended":false,"handId":930,"id":9300,"length":52.1164,"mcpPosition":[-42.3759,281.472,99.6751],"pipPosition":[-59.984,280.805,52.971],"stabilizedTipPosition":[-67.9185,233.927,95.8968],"timeVisible":11.7139,"tipPosition":[-53.578,264.287,5.90923],"tipVelocity":[39.0988,52.1332,-142.081],"tool":false,"touchDistance":-0.489694,"touchZone":"touching","type":0,"width":20.25},{"bases":[[[0.922442,-0.282984,-0.262719],[0.323579,0.937771,0.126025],[0.210707,-0.201261,0.956607]],[[0.941898,-0.306549,-0.137317],[0.309004,0.951054,-0.00360464],[0.131701,-0.0390363,0.990521]],[[0.941898,-0.306549,-0.137317],[0.291465,0.949086,-0.119515],[0.166963,0.0725475,0.983291]],[[0.941898,-0.306549,-0.137317],[0.275277,0.938723,-0.207416],[0.192486,0.157565,0.968567]]],"btipPosition":[-56.4749,311.411,-59.4477],"carpPosition":[-27.9908,299.372,93.7997],"dipPosition":[-53.1862,314.103,-42.8991],"direction":[-0.166963,-0.0725475,-0.983291],"extended":true,"handId":930,"id":9301,"length":58.8075,"mcpPosition":[-43.4924,314.179,23.4225],"pipPosition":[-49.1506,315.856,-19.1326],"stabilizedTipPosition":[-70.5335,281.4,42.3566],"timeVisible":11.7139,"tipPosition":[-55.5845,311.056,-55.5218],"tipVelocity":[40.5802,55.4015,-142.309],"tool":false,"touchDistance":-0.514531,"touchZone":"touching","type":1,"width":19.3428},{"bases":[[[0.87366,-0.463266,-0.148671],[0.479418,0.871782,0.100767],[0.0829272,-0.159312,0.983739]],[[0.875262,-0.466634,-0.127153],[0.220977,0.619695,-0.753091],[0.430215,0.631055,0.645512]],[[0.875262,-0.466634,-0.127153],[-0.174511,-0.0595098,-0.982855],[0.451067,0.882446,-0.133519]],[[0.875262,-0.466634,-0.127153],[-0.357808,-0.447863,-0.819385],[0.325406,0.762673,-0.558964]]],"btipPosition":[-61.7919,238.912,4.80401],"carpPosition":[-16.328,297.64,90.2506],"dipPosition":[-55.6769,253.245,-5.70003],"direction":[-0.451067,-0.882446,0.133519],"extended":false,"handId":930,"id":9302,"length":67.0064,"mcpPosition":[-22.1136,308.755,21.6171],"pipPosition":[-42.8502,278.338,-9.49684],"stabilizedTipPosition":[-77.3807,200.546,110.843],"timeVisible":11.7139,"tipPosition":[-60.4652,241.683,3.79044],"tipVelocity":[51.4465,63.3709,-158.794],"tool":false,"touchDistance":0.333333,"touchZone":"none","type":2,"width":18.9972},{"bases":[[[0.837698,-0.546052,-0.00945592],[0.543011,0.830934,0.121196],[-0.0583219,-0.10666,0.992584]],[[0.836006,-0.548515,0.0150088],[0.355906,0.521222,-0.775666],[0.417642,0.653804,0.630965]],[[0.836006,-0.548515,0.0150088],[-0.0710135,-0.135275,-0.98826],[0.544106,0.825125,-0.152043]],[[0.836006,-0.548515,0.0150088],[-0.30029,-0.480231,-0.824138],[0.45926,0.684478,-0.56619]]],"btipPosition":[-43.9445,234.716,12.1407],"carpPosition":[-5.28406,292.893,87.7168],"dipPosition":[-35.3637,247.504,1.56201],"direction":[-0.544106,-0.825125,0.152043],"extended":false,"handId":930,"id":9303,"length":64.4285,"mcpPosition":[-1.63078,299.574,25.5414],"pipPosition":[-20.2908,270.362,-2.64988],"stabilizedTipPosition":[-62.0385,197.966,116.299],"timeVisible":11.7139,"tipPosition":[-42.1888,237.322,11.0038],"tipVelocity":[50.8433,54.1053,-134.929],"tool":false,"touchDistance":0.333333,"touchZone":"none","type":3,"width":18.077},{"bases":[[[0.724004,-0.684465,0.0855942],[0.659393,0.723178,0.205463],[-0.202532,-0.0923155,0.974915]],[[0.713212,-0.688166,0.133256],[0.520732,0.39292,-0.757926],[0.46922,0.609952,0.638585]],[[0.713212,-0.688166,0.133256],[0.0043027,-0.185806,-0.982577],[0.700936,0.701359,-0.129558]],[[0.713212,-0.688166,0.133256],[-0.289525,-0.462351,-0.838097],[0.638361,0.55916,-0.528995]]],"btipPosition":[-26.3357,241.955,19.2808],"carpPosition":[3.22442,281.526,86.7391],"dipPosition":[-15.3324,251.593,10.1626],"direction":[-0.700936,-0.701359,0.129558],"extended":false,"handId":930,"id":9304,"length":50.5107,"mcpPosition":[14.9683,286.879,30.2085],"pipPosition":[-1.62297,265.311,7.6286],"stabilizedTipPosition":[-44.9385,206.287,113.634],"timeVisible":11.7139,"tipPosition":[-24.1659,243.952,18.4989],"tipVelocity":[54.4717,55.7008,-143.646],"tool":false,"touchDistance":0.333333,"touchZone":"none","type":4,"width":16.0574}],"r":[[0.94003,-0.289012,0.181148],[0.338248,0.858287,-0.385917],[-0.0439426,0.424047,0.904574]],"s":0.806227,"t":[27.3994,7.29672,-208.349],"timestamp":607554016143},false],[1,{"currentFrameRate":110.489,"devices":[],"gestures":[],"hands":[{"armBasis":[[0.827563,-0.0297362,-0.560585],[0.34528,0.814333,0.466523],[0.44263,-0.579636,0.684179]],"armWidth":63.72,"confidence":0.802509,"direction":[-0.00299579,0.284928,-0.958544],"elbow":[107.954,126.384,280.198],"grabStrength":0,"id":930,"palmNormal":[-0.35298,-0.897148,-0.265575],"palmPosition":[-20.3749,296.97,43.3484],"palmVelocity":[46.6654,49.7723,-128.386],"palmWidth":90.99,"pinchStrength":1,"r":[[0.940026,-0.288759,0.181575],[0.338281,0.85752,-0.387589],[-0.0437846,0.425767,0.903773]],"s":0.806697,"sphereCenter":[-32.6918,256.83,12.5685],"sphereRadius":47.8738,"stabilizedPalmPosition":[-37.4252,257.039,129.634],"t":[27.8053,7.68727,-209.446],"timeVisible":11.7228,"type":"right","wrist":[-11.5562,282.886,95.4699]}],"id":4489585,"interactionBox":{"center":[0,200,0],"size":[235.247,235.247,147.751]},"pointables":[{"bases":[[[0.691624,0.722203,0.008942],[-0.593959,0.561679,0.575959],[0.410936,-0.403658,0.81743]],[[0.549872,0.80603,-0.21899],[-0.758035,0.591681,0.2744],[0.350747,0.0151171,0.936348]],[[0.549872,0.80603,-0.21899],[-0.83502,0.536627,-0.121542],[0.019549,0.249693,0.968128]],[[0.549872,0.80603,-0.21899],[-0.751412,0.362888,-0.551083],[-0.364721,0.467577,0.805202]]],"btipPosition":[-51.6702,261.634,0.231834],"carpPosition":[-42.031,281.845,98.8256],"dipPosition":[-60.206,272.577,19.0765],"direction":[-0.019549,-0.249693,-0.968128],"extended":false,"handId":930,"id":9300,"length":52.1164,"mcpPosition":[-42.031,281.845,98.8256],"pipPosition":[-59.5395,281.09,52.0854],"stabilizedTipPosition":[-67.904,233.958,95.8045],"timeVisible":11.7228,"tipPosition":[-53.3596,264.607,5.00492],"tipVelocity":[34.3032,48.9735,-131.259],"tool":false,"touchDistance":-0.482878,"touchZone":"touching","type":0,"width":20.25},{"bases":[[[0.921841,-0.28492,-0.262737],[0.325333,0.937296,0.125036],[0.210637,-0.200741,0.956732]],[[0.941192,-0.308221,-0.138413],[0.310729,0.950491,-0.00365322],[0.132686,-0.0395706,0.990368]],[[0.941192,-0.308221,-0.138413],[0.293011,0.948568,-0.11985],[0.168234,0.0722451,0.983096]],[[0.941192,-0.308221,-0.138413],[0.276651,0.938191,-0.207993],[0.193966,0.157469,0.968288]]],"btipPosition":[-56.1923,311.745,-60.3118],"carpPosition":[-27.615,299.714,92.9288],"dipPosition":[-52.8783,314.436,-43.768],"direction":[-0.168234,-0.0722451,-0.983096],"extended":true,"handId":930,"id":9301,"length":58.8075,"mcpPosition":[-43.1115,314.482,22.5424],"pipPosition":[-48.812,316.182,-20.0062],"stabilizedTipPosition":[-70.52,281.428,42.268],"timeVisible":11.7228,"tipPosition":[-55.2801,311.405,-56.3947],"tipVelocity":[38.2597,50.4226,-129.712],"tool":false,"touchDistance":-0.504389,"touchZone":"touching","type":1,"width":19.3428},{"bases":[[[0.872764,-0.465004,-0.148504],[0.481043,0.870999,0.0997918],[0.082943,-0.158531,0.983864]],[[0.874393,-0.468416,-0.126582],[0.222491,0.618894,-0.753304],[0.4312,0.630521,0.645376]],[[0.874393,-0.468416,-0.126582],[-0.174417,-0.0599868,-0.982843],[0.452786,0.881469,-0.134152]],[[0.874393,-0.468416,-0.126582],[-0.358615,-0.448137,-0.818882],[0.326851,0.76142,-0.559829]]],"btipPosition":[-61.5451,239.251,3.9632],"carpPosition":[-15.9565,297.957,89.3777],"dipPosition":[-55.4029,253.56,-6.55711],"direction":[-0.452786,-0.881469,0.134152],"extended":false,"handId":930,"id":9302,"length":67.0064,"mcpPosition":[-21.7432,309.017,20.7355],"pipPosition":[-42.5273,278.626,-10.3719],"stabilizedTipPosition":[-77.3417,200.641,110.596],"timeVisible":11.7228,"tipPosition":[-60.2137,242.028,2.91535],"tipVelocity":[45.0716,56.1861,-141.049],"tool":false,"touchDistance":0.333333,"touchZone":"none","type":2,"width":18.9972},{"bases":[[[0.836694,-0.547593,-0.00919879],[0.544568,0.830053,0.120239],[-0.0582068,-0.105613,0.992702]],[[0.834878,-0.550177,0.016864],[0.356019,0.516376,-0.778849],[0.419797,0.656248,0.626984]],[[0.834878,-0.550177,0.016864],[-0.0734036,-0.141647,-0.987192],[0.545519,0.822947,-0.158643]],[[0.834878,-0.550177,0.016864],[-0.303021,-0.484971,-0.820355],[0.459519,0.679786,-0.571606]]],"btipPosition":[-43.7299,234.983,11.7233],"carpPosition":[-4.92205,293.186,86.8449],"dipPosition":[-35.1443,247.684,1.0434],"direction":[-0.545519,-0.822947,0.158643],"extended":false,"handId":930,"id":9303,"length":64.4285,"mcpPosition":[-1.27598,299.802,24.6621],"pipPosition":[-20.0323,270.481,-3.35133],"stabilizedTipPosition":[-61.9782,198.085,115.981],"timeVisible":11.7228,"tipPosition":[-41.9471,237.619,10.3183],"tipVelocity":[43.4909,46.8122,-111.399],"tool":false,"touchDistance":0.333333,"touchZone":"none","type":3,"width":18.077},{"bases":[[[0.722777,-0.685707,0.0860178],[0.660779,0.722164,0.204572],[-0.202396,-0.0910214,0.975065]],[[0.711548,-0.689449,0.1355],[0.522424,0.39016,-0.758187],[0.469865,0.610275,0.637802]],[[0.711548,-0.689449,0.1355],[0.00443948,-0.188429,-0.982077],[0.702624,0.699396,-0.131015]],[[0.711548,-0.689449,0.1355],[-0.290361,-0.464131,-0.836823],[0.639836,0.556095,-0.530441]]],"btipPosition":[-26.084,242.237,18.4895],"carpPosition":[3.56531,281.803,85.8754],"dipPosition":[-15.0553,251.823,9.34636],"direction":[-0.702624,-0.699396,0.131015],"extended":false,"handId":930,"id":9304,"length":50.5107,"mcpPosition":[15.3013,287.081,29.336],"pipPosition":[-1.31278,265.502,6.78385],"stabilizedTipPosition":[-44.8678,206.413,113.313],"timeVisible":11.7228,"tipPosition":[-23.9034,244.225,17.6644],"tipVelocity":[47.4043,48.6762,-128.603],"tool":false,"touchDistance":0.333333,"touchZone":"none","type":4,"width":16.0574}],"r":[[0.940026,-0.288759,0.181575],[0.338281,0.85752,-0.387589],[-0.0437846,0.425767,0.903773]],"s":0.806697,"t":[27.8053,7.68727,-209.446],"timestamp":607554025123},false],[2,{"currentFrameRate":110.347,"devices":[],"gestures":[],"hands":[{"armBasis":[[0.828677,-0.0242139,-0.559203],[0.341608,0.813299,0.471009],[0.443394,-0.581343,0.682233]],"armWidth":63.72,"confidence":0.759854,"direction":[-0.0026596,0.284996,-0.958525],"elbow":[108.318,126.307,278.352],"grabStrength":0,"id":930,"palmNormal":[-0.349635,-0.898297,-0.266118],"palmPosition":[-20.194,297.328,42.0164],"palmVelocity":[38.9655,46.5818,-132.52],"palmWidth":90.99,"pinchStrength":1,"r":[[0.940166,-0.287932,0.182164],[0.33784,0.857136,-0.388822],[-0.0441848,0.427099,0.903125]],"s":0.807288,"sphereCenter":[-32.5645,257.321,11.2475],"sphereRadius":47.7984,"stabilizedPalmPosition":[-37.3759,257.154,129.383],"t":[28.0987,8.06177,-210.661],"timeVisible":11.7322,"type":"right","wrist":[-11.3983,283.27,94.1486]}],"id":4489586,"interactionBox":{"center":[0,200,0],"size":[235.247,235.247,147.751]},"pointables":[{"bases":[[[0.689203,0.724501,0.00992618],[-0.596598,0.559651,0.575206],[0.411182,-0.402356,0.817948]],[[0.547555,0.80785,-0.218084],[-0.761206,0.589126,0.271102],[0.347489,0.0175636,0.937519]],[[0.547555,0.80785,-0.218084],[-0.836511,0.534952,-0.118647],[0.020816,0.247395,0.968691]],[[0.547555,0.80785,-0.218084],[-0.752408,0.361292,-0.550773],[-0.36615,0.465667,0.80566]]],"btipPosition":[-51.3603,261.917,-1.21882],"carpPosition":[-41.874,282.127,97.4633],"dipPosition":[-59.9296,272.815,17.6365],"direction":[-0.020816,-0.247396,-0.968691],"extended":false,"handId":930,"id":9300,"length":52.1164,"mcpPosition":[-41.874,282.127,97.4633],"pipPosition":[-59.2198,281.25,50.6646],"stabilizedTipPosition":[-67.8897,233.988,95.7133],"timeVisible":11.7322,"tipPosition":[-53.0529,264.857,3.568],"tipVelocity":[33.7789,43.3985,-138.107],"tool":false,"touchDistance":-0.484646,"touchZone":"touching","type":0,"width":20.25},{"bases":[[[0.923136,-0.281827,-0.261523],[0.322043,0.938364,0.125546],[0.210022,-0.200118,0.956997]],[[0.942285,-0.304872,-0.138392],[0.307525,0.951537,-0.00232129],[0.132393,-0.0403718,0.990375]],[[0.942285,-0.304872,-0.138392],[0.289792,0.94967,-0.118946],[0.16769,0.071976,0.983209]],[[0.942285,-0.304872,-0.138392],[0.273426,0.939258,-0.207445],[0.19323,0.157632,0.968408]]],"btipPosition":[-56.0034,312.068,-61.6779],"carpPosition":[-27.5096,300.044,91.5872],"dipPosition":[-52.7019,314.761,-45.1321],"direction":[-0.16769,-0.0719759,-0.983209],"extended":true,"handId":930,"id":9301,"length":58.8075,"mcpPosition":[-42.9608,314.766,21.1813],"pipPosition":[-48.6488,316.501,-21.3675],"stabilizedTipPosition":[-70.5061,281.456,42.1769],"timeVisible":11.7322,"tipPosition":[-55.0691,311.747,-57.7697],"tipVelocity":[33.0918,45.9771,-134.493],"tool":false,"touchDistance":-0.502769,"touchZone":"touching","type":1,"width":19.3428},{"bases":[[[0.874506,-0.462083,-0.14737],[0.478006,0.872587,0.100505],[0.0821514,-0.158336,0.983962]],[[0.876124,-0.465507,-0.12534],[0.221532,0.619677,-0.752944],[0.428171,0.631905,0.646038]],[[0.876124,-0.465507,-0.12534],[-0.172819,-0.0605576,-0.98309],[0.450045,0.88297,-0.133504]],[[0.876124,-0.465507,-0.12534],[-0.355973,-0.449351,-0.81937],[0.325101,0.762487,-0.559395]]],"btipPosition":[-61.1171,239.478,2.57182],"carpPosition":[-15.8406,298.326,88.0516],"dipPosition":[-55.0078,253.806,-7.94033],"direction":[-0.450045,-0.88297,0.133504],"extended":false,"handId":930,"id":9302,"length":67.0064,"mcpPosition":[-21.5721,309.373,19.4026],"pipPosition":[-42.2101,278.915,-11.7367],"stabilizedTipPosition":[-77.3045,200.73,110.362],"timeVisible":11.7322,"tipPosition":[-59.7936,242.261,1.51597],"tipVelocity":[45.0903,47.3109,-143.349],"tool":false,"touchDistance":0.333333,"touchZone":"none","type":2,"width":18.9972},{"bases":[[[0.838525,-0.544803,-0.0081201],[0.54164,0.831852,0.121035],[-0.0591854,-0.105889,0.992615]],[[0.836552,-0.54754,0.0195172],[0.355008,0.514573,-0.780503],[0.417313,0.65986,0.624848]],[[0.836552,-0.54754,0.0195172],[-0.072864,-0.146489,-0.986525],[0.543021,0.823857,-0.162442]],[[0.836552,-0.54754,0.0195172],[-0.301373,-0.489614,-0.818201],[0.457553,0.678585,-0.574602]]],"btipPosition":[-43.3167,235.242,10.6738],"carpPosition":[-4.78694,293.593,85.5333],"dipPosition":[-34.7677,247.921,-0.0620501],"direction":[-0.543021,-0.823857,0.162442],"extended":false,"handId":930,"id":9303,"length":64.4285,"mcpPosition":[-1.07957,300.226,23.3559],"pipPosition":[-19.725,270.743,-4.56202],"stabilizedTipPosition":[-61.918,198.202,115.667],"timeVisible":11.7322,"tipPosition":[-41.5203,237.913,9.05735],"tipVelocity":[43.4834,41.2965,-112.152],"tool":false,"touchDistance":0.333333,"touchZone":"none","type":3,"width":18.077},{"bases":[[[0.72494,-0.683304,0.0869328],[0.658096,0.724343,0.205515],[-0.203398,-0.091776,0.974785]],[[0.713103,-0.687216,0.138627],[0.523558,0.390533,-0.757213],[0.46623,0.61255,0.638288]],[[0.713103,-0.687216,0.138627],[0.0073287,-0.190422,-0.981675],[0.701021,0.701052,-0.130754]],[[0.713103,-0.687216,0.138627],[-0.287318,-0.466854,-0.836359],[0.639478,0.55658,-0.530364]]],"btipPosition":[-25.6856,242.595,17.1809],"carpPosition":[3.73957,282.238,84.5742],"dipPosition":[-14.663,252.188,8.03916],"direction":[-0.701021,-0.701052,0.130754],"extended":false,"handId":930,"id":9304,"length":50.5107,"mcpPosition":[15.5337,287.559,28.0511],"pipPosition":[-0.95187,265.9,5.48177],"stabilizedTipPosition":[-44.8007,206.532,113.009],"timeVisible":11.7322,"tipPosition":[-23.5004,244.586,16.3092],"tipVelocity":[46.0537,45.8173,-131.954],"tool":false,"touchDistance":0.333333,"touchZone":"none","type":4,"width":16.0574}],"r":[[0.940166,-0.287932,0.182164],[0.33784,0.857136,-0.388822],[-0.0441848,0.427099,0.903125]],"s":0.807288,"t":[28.0987,8.06177,-210.661],"timestamp":607554034437},false],[3,{"currentFrameRate":110.493,"devices":[],"gestures":[],"hands":[{"armBasis":[[0.83049,-0.017897,-0.556746],[0.337186,0.81172,0.476882],[0.443387,-0.583773,0.68016]],"armWidth":63.72,"confidence":0.762315,"direction":[-0.00175641,0.282751,-0.959192],"elbow":[108.422,126.082,276.753],"grabStrength":0,"id":930,"palmNormal":[-0.345937,-0.900142,-0.264711],"palmPosition":[-20.0343,297.606,40.9277],"palmVelocity":[33.364,42.5575,-130.182],"palmWidth":90.99,"pinchStrength":1,"r":[[0.940407,-0.286521,0.183141],[0.337039,0.856882,-0.390074],[-0.0451656,0.428553,0.902387]],"s":0.807969,"sphereCenter":[-32.4197,257.642,10.26],"sphereRadius":47.7238,"stabilizedPalmPosition":[-37.3341,257.252,129.17],"t":[28.3252,8.38807,-211.813],"timeVisible":11.7409,"type":"right","wrist":[-11.293,283.7,93.1099]}],"id":4489587,"interactionBox":{"center":[0,200,0],"size":[235.247,235.247,147.751]},"pointables":[{"bases":[[[0.686624,0.726949,0.00959911],[-0.59971,0.558881,0.572714],[0.410969,-0.398996,0.819699]],[[0.54536,0.809198,-0.218586],[-0.76513,0.587083,0.264404],[0.342284,0.0230513,0.939314]],[[0.54536,0.809198,-0.218586],[-0.837861,0.533705,-0.11466],[0.0238783,0.245676,0.969058]],[[0.54536,0.809198,-0.218586],[-0.754151,0.359876,-0.549314],[-0.36584,0.464421,0.80652]]],"btipPosition":[-51.1091,262.061,-2.43747],"carpPosition":[-41.7709,282.458,96.3669],"dipPosition":[-59.6711,272.93,16.438],"direction":[-0.0238783,-0.245676,-0.969058],"extended":false,"handId":930,"id":9300,"length":52.1164,"mcpPosition":[-41.7709,282.458,96.3669],"pipPosition":[-58.8569,281.307,49.4786],"stabilizedTipPosition":[-67.8775,234.013,95.6362],"timeVisible":11.7409,"tipPosition":[-52.7762,264.954,2.38504],"tipVelocity":[32.4283,35.9437,-138.1],"tool":false,"touchDistance":-0.482725,"touchZone":"touching","type":0,"width":20.25},{"bases":[[[0.924641,-0.279176,-0.259034],[0.318484,0.939784,0.123991],[0.208821,-0.197146,0.957877]],[[0.943524,-0.301687,-0.136918],[0.304109,0.952631,-0.00337592],[0.131451,-0.0384528,0.990577]],[[0.943524,-0.301687,-0.136918],[0.286393,0.950478,-0.120712],[0.166555,0.0746818,0.9832]],[[0.943524,-0.301687,-0.136918],[0.270037,0.939728,-0.209742],[0.191942,0.160923,0.968123]]],"btipPosition":[-55.7736,312.013,-62.856],"carpPosition":[-27.4582,300.411,90.4774],"dipPosition":[-52.4942,314.762,-46.315],"direction":[-0.166555,-0.0746818,-0.9832],"extended":true,"handId":930,"id":9301,"length":58.8075,"mcpPosition":[-42.821,314.915,20.0068],"pipPosition":[-48.4685,316.567,-22.5507],"stabilizedTipPosition":[-70.4945,281.48,42.1014],"timeVisible":11.7409,"tipPosition":[-54.8185,311.732,-58.9558],"tipVelocity":[31.064,32.3133,-134.394],"tool":false,"touchDistance":-0.498513,"touchZone":"touching","type":1,"width":19.3428},{"bases":[[[0.87642,-0.459337,-0.144557],[0.474728,0.8745,0.0994132],[0.0807507,-0.155753,0.98449]],[[0.878022,-0.462741,-0.122262],[0.220986,0.618534,-0.754043],[0.42455,0.635048,0.645346]],[[0.878022,-0.462741,-0.122262],[-0.170523,-0.0637597,-0.983289],[0.447213,0.884198,-0.13489]],[[0.878022,-0.462741,-0.122262],[-0.352662,-0.452788,-0.818909],[0.323584,0.762138,-0.560749]]],"btipPosition":[-60.6713,239.518,1.55055],"carpPosition":[-15.7761,298.727,86.969],"dipPosition":[-54.5905,253.84,-8.98704],"direction":[-0.447213,-0.884198,0.13489],"extended":false,"handId":930,"id":9302,"length":67.0064,"mcpPosition":[-21.4099,309.593,18.2831],"pipPosition":[-41.8734,278.984,-12.8228],"stabilizedTipPosition":[-77.2725,200.804,110.165],"timeVisible":11.7409,"tipPosition":[-59.3555,242.312,0.463426],"tipVelocity":[46.4005,35.773,-136.209],"tool":false,"touchDistance":0.333333,"touchZone":"none","type":2,"width":18.9972},{"bases":[[[0.840454,-0.541859,-0.00518544],[0.538463,0.834037,0.120164],[-0.060787,-0.103784,0.992741]],[[0.838312,-0.544666,0.0238991],[0.354428,0.511153,-0.783009],[0.414263,0.664877,0.621551]],[[0.838312,-0.544666,0.0238991],[-0.0715456,-0.153363,-0.985576],[0.540476,0.824511,-0.167535]],[[0.838312,-0.544666,0.0238991],[-0.299,-0.495971,-0.815237],[0.455886,0.676277,-0.578634]]],"btipPosition":[-42.8923,235.345,9.97998],"carpPosition":[-4.70087,294.027,84.4836],"dipPosition":[-34.3745,247.981,-0.831214],"direction":[-0.540476,-0.824511,0.167535],"extended":false,"handId":930,"id":9303,"length":64.4285,"mcpPosition":[-0.893171,300.528,22.2984],"pipPosition":[-19.4023,270.821,-5.47226],"stabilizedTipPosition":[-61.8633,198.306,115.384],"timeVisible":11.7409,"tipPosition":[-41.0843,238.041,8.17715],"tipVelocity":[44.5516,33.0278,-103.736],"tool":false,"touchDistance":0.333333,"touchZone":"none","type":3,"width":18.077},{"bases":[[[0.727169,-0.680537,0.0899655],[0.655129,0.727137,0.205126],[-0.205013,-0.0902221,0.974592]],[[0.714062,-0.684623,0.146311],[0.52593,0.386646,-0.757563],[0.462075,0.617896,0.636153]],[[0.714062,-0.684623,0.146311],[0.0109387,-0.198055,-0.98013],[0.699997,0.701474,-0.133934]],[[0.714062,-0.684623,0.146311],[-0.283862,-0.474177,-0.833414],[0.639952,0.553577,-0.53293]]],"btipPosition":[-25.3052,242.821,16.3678],"carpPosition":[3.86749,282.7,83.568],"dipPosition":[-14.2745,252.363,7.18178],"direction":[-0.699997,-0.701474,0.133934],"extended":false,"handId":930,"id":9304,"length":50.5107,"mcpPosition":[15.7552,287.931,27.0561],"pipPosition":[-0.583383,266.083,4.56219],"stabilizedTipPosition":[-44.7418,206.635,112.745],"timeVisible":11.7409,"tipPosition":[-23.0972,244.815,15.3627],"tipVelocity":[45.3592,40.0449,-121.642],"tool":false,"touchDistance":0.333333,"touchZone":"none","type":4,"width":16.0574}],"r":[[0.940407,-0.286521,0.183141],[0.337039,0.856882,-0.390074],[-0.0451656,0.428553,0.902387]],"s":0.807969,"t":[28.3252,8.38807,-211.813],"timestamp":607554043229},false],[4,{"currentFrameRate":110.438,"devices":[],"gestures":[],"hands":[{"armBasis":[[0.832859,-0.0075383,-0.553434],[0.328468,0.811525,0.483255],[0.445483,-0.584269,0.678362]],"armWidth":63.72,"confidence":0.763383,"direction":[-0.00201782,0.285729,-0.958308],"elbow":[109.04,126.115,274.715],"grabStrength":0,"id":930,"palmNormal":[-0.337192,-0.902382,-0.268344],"palmPosition":[-19.9824,297.858,39.3975],"palmVelocity":[25.6542,38.3668,-140.491],"palmWidth":90.99,"pinchStrength":1,"r":[[0.941022,-0.283814,0.184195],[0.335044,0.857525,-0.39038],[-0.0471568,0.429069,0.90204]],"s":0.808683,"sphereCenter":[-32.1822,258.06,8.61257],"sphereRadius":47.6366,"stabilizedPalmPosition":[-37.2986,257.335,128.986],"t":[28.4645,8.67711,-213.154],"timeVisible":11.7501,"type":"right","wrist":[-11.2404,283.868,91.5571]}],"id":4489588,"interactionBox":{"center":[0,200,0],"size":[235.247,235.247,147.751]},"pointables":[{"bases":[[[0.68003,0.73306,0.013515],[-0.606076,0.551668,0.573004],[0.412591,-0.397851,0.819441]],[[0.538606,0.814741,-0.214712],[-0.771825,0.579305,0.262091],[0.33792,0.0245561,0.940855]],[[0.538606,0.814741,-0.214712],[-0.842259,0.527422,-0.111469],[0.022425,0.240881,0.970296]],[[0.538606,0.814741,-0.214712],[-0.756725,0.355708,-0.548487],[-0.3705,0.457896,0.808122]]],"btipPosition":[-50.6753,262.186,-4.2242],"carpPosition":[-41.7136,282.341,94.7368],"dipPosition":[-59.3464,272.902,14.6888],"direction":[-0.022425,-0.240881,-0.970296],"extended":false,"handId":930,"id":9300,"length":52.1164,"mcpPosition":[-41.7136,282.341,94.7368],"pipPosition":[-58.5818,281.115,47.7716],"stabilizedTipPosition":[-67.8666,234.035,95.5679],"timeVisible":11.7501,"tipPosition":[-52.3685,265.028,0.616926],"tipVelocity":[35.8339,28.6491,-153.748],"tool":false,"touchDistance":-0.489458,"touchZone":"touching","type":0,"width":20.25},{"bases":[[[0.92773,-0.270038,-0.257674],[0.309718,0.942217,0.127682],[0.208306,-0.198261,0.957758]],[[0.946437,-0.292605,-0.136525],[0.295467,0.955353,0.000738682],[0.130214,-0.0410379,0.990636]],[[0.946437,-0.292605,-0.136525],[0.277825,0.953426,-0.117437],[0.16453,0.0732169,0.983651]],[[0.946437,-0.292605,-0.136525],[0.261567,0.942695,-0.207143],[0.189313,0.160338,0.968738]]],"btipPosition":[-55.6796,312.281,-64.411],"carpPosition":[-27.549,300.441,88.9377],"dipPosition":[-52.445,315.02,-47.8596],"direction":[-0.16453,-0.0732169,-0.983651],"extended":true,"handId":930,"id":9301,"length":58.8075,"mcpPosition":[-42.874,315.027,18.4758],"pipPosition":[-48.4683,316.79,-24.0843],"stabilizedTipPosition":[-70.4847,281.499,42.0365],"timeVisible":11.7501,"tipPosition":[-54.7076,312.03,-60.5196],"tipVelocity":[24.9597,31.4038,-144.211],"tool":false,"touchDistance":-0.500284,"touchZone":"touching","type":1,"width":19.3428},{"bases":[[[0.88086,-0.450983,-0.143875],[0.466601,0.878417,0.103277],[0.0798056,-0.158105,0.984192]],[[0.882471,-0.454522,-0.121053],[0.217423,0.62239,-0.751903],[0.417099,0.637213,0.648065]],[[0.882471,-0.454522,-0.121053],[-0.167464,-0.0631059,-0.983856],[0.439545,0.888497,-0.131805]],[[0.882471,-0.454522,-0.121053],[-0.34652,-0.45419,-0.820753],[0.318069,0.766238,-0.558311]]],"btipPosition":[-59.9924,239.524,-0.210083],"carpPosition":[-15.844,298.873,85.4522],"dipPosition":[-54.0153,253.924,-10.7019],"direction":[-0.439545,-0.888497,0.131805],"extended":false,"handId":930,"id":9302,"length":67.0064,"mcpPosition":[-21.4118,309.903,16.7871],"pipPosition":[-41.5162,279.189,-14.4499],"stabilizedTipPosition":[-77.2429,200.871,109.986],"timeVisible":11.7501,"tipPosition":[-58.7003,242.351,-1.34684],"tipVelocity":[53.4115,26.5365,-151.531],"tool":false,"touchDistance":0.333333,"touchZone":"none","type":2,"width":18.9972},{"bases":[[[0.845306,-0.534261,-0.00484788],[0.530649,0.838464,0.124056],[-0.0622133,-0.107437,0.992263]],[[0.842864,-0.537444,0.0271084],[0.35205,0.512614,-0.783127],[0.40699,0.669613,0.621271]],[[0.842864,-0.537444,0.0271084],[-0.0685689,-0.157227,-0.985179],[0.533741,0.828513,-0.169373]],[[0.842864,-0.537444,0.0271084],[-0.293352,-0.501124,-0.814137],[0.451138,0.678255,-0.580039]]],"btipPosition":[-42.2229,235.468,8.59479],"carpPosition":[-4.721,294.28,82.9789],"dipPosition":[-33.7938,248.14,-2.24266],"direction":[-0.533741,-0.828513,0.169373],"extended":false,"handId":930,"id":9303,"length":64.4285,"mcpPosition":[-0.823958,301.01,20.8235],"pipPosition":[-19.0081,271.092,-6.93464],"stabilizedTipPosition":[-61.8092,198.407,115.11],"timeVisible":11.7501,"tipPosition":[-40.4169,238.208,6.5878],"tipVelocity":[51.8943,27.8223,-117.181],"tool":false,"touchDistance":0.333333,"touchZone":"none","type":3,"width":18.077},{"bases":[[[0.733048,-0.67425,0.0895979],[0.648069,0.732352,0.208965],[-0.206512,-0.0951155,0.97381]],[[0.718105,-0.679001,0.152589],[0.528203,0.389007,-0.754768],[0.45313,0.622601,0.637998]],[[0.718105,-0.679001,0.152589],[0.0178353,-0.20123,-0.979382],[0.695706,0.70602,-0.132394]],[[0.718105,-0.679001,0.152589],[-0.27626,-0.479367,-0.832999],[0.638753,0.556027,-0.531817]]],"btipPosition":[-24.7138,243.141,14.7792],"carpPosition":[3.95111,283.033,82.0486],"dipPosition":[-13.7038,252.725,5.61241],"direction":[-0.695706,-0.70602,0.132394],"extended":false,"handId":930,"id":9304,"length":50.5107,"mcpPosition":[15.9257,288.549,25.582],"pipPosition":[-0.0965785,266.534,3.02295],"stabilizedTipPosition":[-44.6855,206.731,112.495],"timeVisible":11.7501,"tipPosition":[-22.4968,245.147,13.6758],"tipVelocity":[50.5783,38.9254,-135.971],"tool":false,"touchDistance":0.333333,"touchZone":"none","type":4,"width":16.0574}],"r":[[0.941022,-0.283814,0.184195],[0.335044,0.857525,-0.39038],[-0.0471568,0.429069,0.90204]],"s":0.808683,"t":[28.4645,8.67711,-213.154],"timestamp":607554052381},false],[5,{"currentFrameRate":110.512,"devices":[],"gestures":[],"hands":[{"armBasis":[[0.832665,-0.00558371,-0.553748],[0.326084,0.813155,0.48213],[0.447591,-0.582021,0.678906]],"armWidth":63.72,"confidence":0.769674,"direction":[-0.00378475,0.285361,-0.958413],"elbow":[109.862,127.041,273.675],"grabStrength":0,"id":930,"palmNormal":[-0.334271,-0.903648,-0.267736],"palmPosition":[-19.8202,298.127,38.2122],"palmVelocity":[23.6175,36.1384,-138.42],"palmWidth":90.99,"pinchStrength":1,"r":[[0.941733,-0.280978,0.184906],[0.332787,0.858237,-0.390745],[-0.0489031,0.429512,0.901736]],"s":0.809521,"sphereCenter":[-32.1288,258.449,7.49178],"sphereRadius":47.5471,"stabilizedPalmPosition":[-37.2702,257.401,128.839],"t":[28.6152,8.95625,-214.417],"timeVisible":11.759,"type":"right","wrist":[-10.9876,284.187,90.3699]}],"id":4489589,"interactionBox":{"center":[0,200,0],"size":[235.247,235.247,147.751]},"pointables":[{"bases":[[[0.67749,0.735423,0.0126925],[-0.607526,0.549774,0.57329],[0.414632,-0.396109,0.819254]],[[0.535603,0.816525,-0.215443],[-0.774233,0.576672,0.260791],[0.337182,0.0271226,0.941049]],[[0.535603,0.816525,-0.215443],[-0.8441,0.525206,-0.107957],[0.0250023,0.239677,0.970531]],[[0.535603,0.816525,-0.215443],[-0.758926,0.353532,-0.546852],[-0.370352,0.456401,0.809035]]],"btipPosition":[-50.4689,262.348,-5.4252],"carpPosition":[-41.4527,282.555,93.5748],"dipPosition":[-59.1365,273.03,13.5091],"direction":[-0.0250023,-0.239677,-0.970531],"extended":false,"handId":930,"id":9300,"length":52.1164,"mcpPosition":[-41.4527,282.555,93.5748],"pipPosition":[-58.2841,281.202,46.6],"stabilizedTipPosition":[-67.8578,234.053,95.5125],"timeVisible":11.759,"tipPosition":[-52.1564,265.168,-0.575977],"tipVelocity":[32.3991,25.5603,-148.396],"tool":false,"touchDistance":-0.486786,"touchZone":"touching","type":0,"width":20.25},{"bases":[[[0.928454,-0.26691,-0.258325],[0.306545,0.943335,0.127081],[0.209767,-0.197178,0.957663]],[[0.947267,-0.289242,-0.137929],[0.292077,0.956395,0.000329813],[0.131819,-0.0405983,0.990442]],[[0.947267,-0.289242,-0.137929],[0.27415,0.954356,-0.118519],[0.165914,0.0744558,0.983325]],[[0.947267,-0.289242,-0.137929],[0.257675,0.943418,-0.208726],[0.190497,0.162178,0.968199]]],"btipPosition":[-55.7165,312.383,-65.5587],"carpPosition":[-27.3558,300.703,87.7576],"dipPosition":[-52.4617,315.153,-49.0164],"direction":[-0.165914,-0.0744558,-0.983325],"extended":true,"handId":930,"id":9301,"length":58.8075,"mcpPosition":[-42.7883,315.209,17.3027],"pipPosition":[-48.4515,316.953,-25.2491],"stabilizedTipPosition":[-70.4773,281.514,41.9872],"timeVisible":11.759,"tipPosition":[-54.7213,312.172,-61.6769],"tipVelocity":[17.1731,26.1689,-140.044],"tool":false,"touchDistance":-0.495836,"touchZone":"touching","type":1,"width":19.3428},{"bases":[[[0.882305,-0.447974,-0.14442],[0.463629,0.880072,0.102574],[0.0811495,-0.157458,0.984186]],[[0.883995,-0.451615,-0.120817],[0.214601,0.621603,-0.753363],[0.41533,0.640042,0.646411]],[[0.883995,-0.451615,-0.120817],[-0.168271,-0.0662648,-0.983511],[0.436162,0.889749,-0.134571]],[[0.883995,-0.451615,-0.120817],[-0.345721,-0.45756,-0.819217],[0.31469,0.765953,-0.560613]]],"btipPosition":[-59.6454,239.614,-1.19698],"carpPosition":[-15.6482,299.173,84.2632],"dipPosition":[-53.7318,254.007,-11.732],"direction":[-0.436162,-0.889749,0.134571],"extended":false,"handId":930,"id":9302,"length":67.0064,"mcpPosition":[-21.3098,310.159,15.5985],"pipPosition":[-41.3289,279.309,-15.5588],"stabilizedTipPosition":[-77.2178,200.927,109.836],"timeVisible":11.759,"tipPosition":[-58.3662,242.478,-2.46237],"tipVelocity":[49.0124,21.9925,-140.696],"tool":false,"touchDistance":0.333333,"touchZone":"none","type":2,"width":18.9972},{"bases":[[[0.847153,-0.531323,-0.0053334],[0.527832,0.840349,0.123315],[-0.061038,-0.107282,0.992353]],[[0.844476,-0.534773,0.029641],[0.349175,0.507739,-0.787577],[0.406126,0.67544,0.615502]],[[0.844476,-0.534773,0.029641],[-0.0703952,-0.165685,-0.983663],[0.530948,0.828593,-0.177562]],[[0.844476,-0.534773,0.029641],[-0.293384,-0.508173,-0.809744],[0.448092,0.675113,-0.586034]]],"btipPosition":[-41.9139,235.593,7.98948],"carpPosition":[-4.51131,294.619,81.7826],"dipPosition":[-33.5417,248.207,-2.95998],"direction":[-0.530948,-0.828593,0.177562],"extended":false,"handId":930,"id":9303,"length":64.4285,"mcpPosition":[-0.687892,301.339,19.6216],"pipPosition":[-18.8334,271.16,-7.87881],"stabilizedTipPosition":[-61.7599,198.497,114.863],"timeVisible":11.759,"tipPosition":[-40.0913,238.372,5.72317],"tipVelocity":[46.7934,23.6471,-104.531],"tool":false,"touchDistance":0.333333,"touchZone":"none","type":3,"width":18.077},{"bases":[[[0.735458,-0.671666,0.0892552],[0.645689,0.734677,0.208168],[-0.205393,-0.095468,0.974012]],[[0.718507,-0.676842,0.160101],[0.530819,0.384898,-0.75504],[0.44942,0.627486,0.635832]],[[0.718507,-0.676842,0.160101],[0.0211392,-0.208831,-0.977723],[0.695198,0.705886,-0.135739]],[[0.718507,-0.676842,0.160101],[-0.27343,-0.486537,-0.82977],[0.639518,0.552419,-0.53465]]],"btipPosition":[-24.4028,243.422,13.7592],"carpPosition":[4.19906,283.402,80.8495],"dipPosition":[-13.3795,252.944,4.54357],"direction":[-0.695198,-0.705886,0.135739],"extended":false,"handId":930,"id":9304,"length":50.5107,"mcpPosition":[16.1088,288.938,24.3712],"pipPosition":[0.217701,266.75,1.88868],"stabilizedTipPosition":[-44.6363,206.815,112.277],"timeVisible":11.759,"tipPosition":[-22.1655,245.423,12.5403],"tipVelocity":[46.3917,36.4658,-130.427],"tool":false,"touchDistance":0.333333,"touchZone":"none","type":4,"width":16.0574}],"r":[[0.941733,-0.280978,0.184906],[0.332787,0.858237,-0.390745],[-0.0489031,0.429512,0.901736]],"s":0.809521,"t":[28.6152,8.95625,-214.417],"timestamp":607554061300},false],[6,{"currentFrameRate":110.474,"devices":[],"gestures":[],"hands":[{"armBasis":[[0.831941,-0.00319068,-0.554854],[0.323848,0.814782,0.480888],[0.450551,-0.579759,0.678884]],"armWidth":63.72,"confidence":0.774529,"direction":[-0.00367648,0.287075,-0.957901],"elbow":[110.697,127.742,272.846],"grabStrength":0,"id":930,"palmNormal":[-0.331742,-0.904011,-0.269651],"palmPosition":[-19.7743,298.288,37.4075],"palmVelocity":[18.4595,30.9971,-124.493],"palmWidth":90.99,"pinchStrength":1,"r":[[0.942405,-0.278295,0.185538],[0.330612,0.859111,-0.390671],[-0.0506757,0.429511,0.901638]],"s":0.810215,"sphereCenter":[-32.1432,258.772,6.63366],"sphereRadius":47.4793,"stabilizedPalmPosition":[-37.2472,257.455,128.719],"t":[28.7135,9.17616,-215.451],"timeVisible":11.7681,"type":"right","wrist":[-10.9516,284.276,89.5477]}],"id":4489590,"interactionBox":{"center":[0,200,0],"size":[235.247,235.247,147.751]},"pointables":[{"bases":[[[0.675608,0.737116,0.0146063],[-0.609418,0.547197,0.573746],[0.414925,-0.396529,0.818903]],[[0.533668,0.818283,-0.21357],[-0.776807,0.574142,0.258712],[0.334319,0.0278361,0.942049]],[[0.533668,0.818283,-0.21357],[-0.845254,0.524244,-0.103504],[0.0272677,0.235757,0.971429]],[[0.533668,0.818283,-0.21357],[-0.760502,0.353892,-0.544424],[-0.369912,0.452962,0.811166]]],"btipPosition":[-50.3761,262.533,-6.40737],"carpPosition":[-41.4153,282.562,92.7231],"dipPosition":[-59.0334,273.134,12.5768],"direction":[-0.0272677,-0.235757,-0.971429],"extended":false,"handId":930,"id":9300,"length":52.1164,"mcpPosition":[-41.4153,282.562,92.7231],"pipPosition":[-58.1037,281.172,45.6983],"stabilizedTipPosition":[-67.8505,234.067,95.4666],"timeVisible":11.7681,"tipPosition":[-52.0477,265.315,-1.53547],"tipVelocity":[26.3022,23.5246,-136.753],"tool":false,"touchDistance":-0.481002,"touchZone":"touching","type":0,"width":20.25},{"bases":[[[0.929353,-0.264087,-0.257993],[0.304038,0.943879,0.129045],[0.209435,-0.198368,0.95749]],[[0.94805,-0.286468,-0.138341],[0.28958,0.957151,0.00247766],[0.131703,-0.0424096,0.990382]],[[0.94805,-0.286468,-0.138341],[0.271597,0.955286,-0.116894],[0.165641,0.0732482,0.983462]],[[0.94805,-0.286468,-0.138341],[0.255081,0.944389,-0.207515],[0.190094,0.161446,0.968401]]],"btipPosition":[-55.6772,312.642,-66.3569],"carpPosition":[-27.3594,300.755,86.9508],"dipPosition":[-52.4294,315.4,-49.8112],"direction":[-0.165641,-0.0732483,-0.983462],"extended":true,"handId":930,"id":9301,"length":58.8075,"mcpPosition":[-42.7675,315.349,16.5087],"pipPosition":[-48.4257,317.171,-26.0405],"stabilizedTipPosition":[-70.4714,281.527,41.9473],"timeVisible":11.7681,"tipPosition":[-54.6682,312.457,-62.4822],"tipVelocity":[13.5527,26.7153,-125.443],"tool":false,"touchDistance":-0.486547,"touchZone":"touching","type":1,"width":19.3428},{"bases":[[[0.883565,-0.445472,-0.144454],[0.461304,0.88106,0.10456],[0.0806938,-0.159023,0.983972]],[[0.885295,-0.44928,-0.119998],[0.213262,0.621555,-0.753783],[0.413246,0.64173,0.646074]],[[0.885295,-0.44928,-0.119998],[-0.167868,-0.0681099,-0.983454],[0.433673,0.890791,-0.135717]],[[0.885295,-0.44928,-0.119998],[-0.344174,-0.459497,-0.818784],[0.312725,0.766166,-0.561421]]],"btipPosition":[-59.4022,239.696,-1.91734],"carpPosition":[-15.6449,299.262,83.4639],"dipPosition":[-53.5255,254.094,-12.4676],"direction":[-0.433673,-0.890791,0.135717],"extended":false,"handId":930,"id":9302,"length":67.0064,"mcpPosition":[-21.2748,310.356,14.8141],"pipPosition":[-41.1934,279.425,-16.3269],"stabilizedTipPosition":[-77.1957,200.975,109.704],"timeVisible":11.7681,"tipPosition":[-58.1307,242.612,-3.34489],"tipVelocity":[42.5525,18.4282,-123.675],"tool":false,"touchDistance":0.333333,"touchZone":"none","type":2,"width":18.9972},{"bases":[[[0.848504,-0.529161,-0.00554829],[0.525589,0.841463,0.125286],[-0.0616278,-0.109222,0.992105]],[[0.845778,-0.532708,0.0297101],[0.348861,0.510036,-0.786231],[0.403678,0.675341,0.617218]],[[0.845778,-0.532708,0.0297101],[-0.0688115,-0.164133,-0.984035],[0.529079,0.830231,-0.175477]],[[0.845778,-0.532708,0.0297101],[-0.291181,-0.507535,-0.810939],[0.447072,0.677223,-0.584376]]],"btipPosition":[-41.6798,235.755,7.04187],"carpPosition":[-4.49438,294.74,80.9849],"dipPosition":[-33.3267,248.408,-3.87662],"direction":[-0.529079,-0.830231,0.175477],"extended":false,"handId":930,"id":9303,"length":64.4285,"mcpPosition":[-0.634016,301.581,18.8394],"pipPosition":[-18.6702,271.407,-8.73767],"stabilizedTipPosition":[-61.7154,198.579,114.64],"timeVisible":11.7681,"tipPosition":[-39.8619,238.543,4.78437],"tipVelocity":[40.7954,22.2986,-104.147],"tool":false,"touchDistance":0.333333,"touchZone":"none","type":3,"width":18.077},{"bases":[[[0.737084,-0.669957,0.0886903],[0.643641,0.735938,0.210053],[-0.205997,-0.0977417,0.973659]],[[0.717359,-0.675771,0.169501],[0.53587,0.3797,-0.754103],[0.445242,0.631793,0.634506]],[[0.717359,-0.675771,0.169501],[0.0264883,-0.216659,-0.975888],[0.6962,0.704552,-0.137522]],[[0.717359,-0.675771,0.169501],[-0.269146,-0.4932,-0.827233],[0.642617,0.547802,-0.535682]]],"btipPosition":[-24.2469,243.652,13.069],"carpPosition":[4.24526,283.547,80.0392],"dipPosition":[-13.1702,253.094,3.83553],"direction":[-0.6962,-0.704552,0.137522],"extended":false,"handId":930,"id":9304,"length":50.5107,"mcpPosition":[16.19,289.214,23.5814],"pipPosition":[0.446635,266.875,1.14575],"stabilizedTipPosition":[-44.5919,206.891,112.081],"timeVisible":11.7681,"tipPosition":[-21.9716,245.651,11.7065],"tipVelocity":[38.6334,32.7934,-115.358],"tool":false,"touchDistance":0.333333,"touchZone":"none","type":4,"width":16.0574}],"r":[[0.942405,-0.278295,0.185538],[0.330612,0.859111,-0.390671],[-0.0506757,0.429511,0.901638]],"s":0.810215,"t":[28.7135,9.17616,-215.451]