{"sensorType":"Leap","data":[[0,{"currentFrameRate":110.31,"devices":[],"gestures":[],"hands":[{"armBasis":[[0.746245,-0.208635,-0.632131],[0.513145,0.785196,0.346625],[0.424028,-0.583042,0.693009]],"armWidth":63.6583,"confidence":0.866249,"direction":[0.0074285,0.322743,-0.946458],"elbow":[95.6263,143.486,279.322],"grabStrength":0,"id":940,"palmNormal":[-0.514965,-0.810094,-0.280284],"palmPosition":[-27.1,318.397,41.3421],"palmVelocity":[26.3082,-11.5717,-113.256],"palmWidth":90.9019,"pinchStrength":1,"r":[[0.840145,-0.460165,0.287064],[0.529607,0.810166,-0.251291],[-0.116934,0.363151,0.924363]],"s":0.701531,"sphereCenter":[-57.9185,294.533,12.5225],"sphereRadius":43.6592,"stabilizedPalmPosition":[-61.1948,284.525,219.639],"t":[41.401,48.6279,-199.989],"timeVisible":0.750329,"type":"right","wrist":[-18.7505,300.755,92.3912]}],"id":4495488,"interactionBox":{"center":[0,200,0],"size":[235.247,235.247,147.751]},"pointables":[{"bases":[[[0.806975,0.590584,0.00155187],[-0.462452,0.630256,0.623631],[0.367328,-0.503972,0.781718]],[[0.57889,0.747382,-0.326048],[-0.765612,0.635786,0.0980524],[0.280579,0.192865,0.940255]],[[0.57889,0.747382,-0.326048],[-0.815152,0.540404,-0.208544],[0.0203358,0.386502,0.922064]],[[0.57889,0.747382,-0.326048],[-0.726206,0.290708,-0.622988],[-0.370825,0.597419,0.711041]]],"btipPosition":[-54.7597,268.1,2.24222],"carpPosition":[-48.745,304.851,97.1647],"dipPosition":[-63.43,282.068,18.867],"direction":[-0.0203358,-0.386502,-0.922064],"extended":false,"handId":940,"id":9400,"length":52.0659,"mcpPosition":[-48.745,304.851,97.1647],"pipPosition":[-62.7373,295.233,50.2749],"stabilizedTipPosition":[-113.338,257.874,170.237],"timeVisible":0.750329,"tipPosition":[-57.4592,271.494,6.13111],"tipVelocity":[9.10624,-0.280535,-112.284],"tool":false,"touchDistance":-0.468129,"touchZone":"touching","type":0,"width":20.2304},{"bases":[[[0.846257,-0.428337,-0.316821],[0.489005,0.860518,0.142768],[0.211478,-0.275746,0.937679]],[[0.86762,-0.462934,-0.181463],[0.44127,0.88507,-0.148094],[0.229165,0.0484155,0.972183]],[[0.86762,-0.462934,-0.181463],[0.419871,0.877601,-0.231356],[0.266354,0.124538,0.955796]],[[0.86762,-0.462934,-0.181463],[0.402403,0.868102,-0.290639],[0.292075,0.179143,0.939468]]],"btipPosition":[-68.4956,332.306,-58.5287],"carpPosition":[-31.6993,320.182,91.2315],"dipPosition":[-63.5102,335.364,-42.4928],"direction":[-0.266354,-0.124538,-0.955796],"extended":true,"handId":940,"id":9401,"length":58.7506,"mcpPosition":[-47.2426,340.449,22.3136],"pipPosition":[-57.0785,338.371,-19.4132],"stabilizedTipPosition":[-114.644,302.076,119.12],"timeVisible":0.750329,"tipPosition":[-67.8691,331.839,-54.4936],"tipVelocity":[37.6556,-5.96349,-119.974],"tool":false,"touchDistance":-0.508455,"touchZone":"touching","type":1,"width":19.3241},{"bases":[[[0.771203,-0.602032,-0.20689],[0.629559,0.769452,0.107702],[0.0943517,-0.21331,0.972418]],[[0.771644,-0.603044,-0.202247],[0.314734,0.638325,-0.702484],[0.552728,0.478414,0.682358]],[[0.771644,-0.603044,-0.202247],[-0.525025,-0.424397,-0.737723],[0.359046,0.675445,-0.644097]],[[0.771644,-0.603044,-0.202247],[-0.618011,-0.786041,-0.0141795],[-0.150423,0.135932,-0.979232]]],"btipPosition":[-61.2623,286.685,23.113],"carpPosition":[-20.694,316.596,87.067],"dipPosition":[-64.0863,289.237,4.72905],"direction":[-0.359046,-0.675445,0.644097],"extended":false,"handId":940,"id":9402,"length":66.9416,"mcpPosition":[-27.2703,331.463,19.2891],"pipPosition":[-53.8862,308.426,-13.569],"stabilizedTipPosition":[-75.7908,243.989,211.326],"timeVisible":0.750329,"tipPosition":[-62.1473,287.137,18.3761],"tipVelocity":[24.375,-3.84004,-104.464],"tool":false,"touchDistance":0.333333,"touchZone":"none","type":2,"width":18.9788},{"bases":[[[0.727014,-0.683141,-0.0690622],[0.685736,0.717281,0.123589],[-0.0348919,-0.13721,0.989927]],[[0.727116,-0.682722,-0.072064],[0.463218,0.565377,-0.682479],[0.506687,0.46286,0.727344]],[[0.727116,-0.682722,-0.072064],[-0.463279,-0.410501,-0.785405],[0.506631,0.604467,-0.614773]],[[0.727116,-0.682722,-0.072064],[-0.686417,-0.724766,-0.0595455],[-0.0115765,0.0927624,-0.995621]]],"btipPosition":[-45.0245,279.576,25.0233],"carpPosition":[-10.7864,310.11,83.8402],"dipPosition":[-45.2406,281.307,6.43916],"direction":[-0.506631,-0.604467,0.614773],"extended":false,"handId":940,"id":9403,"length":64.3661,"mcpPosition":[-8.60285,318.696,21.8912],"pipPosition":[-31.2195,298.036,-10.5748],"stabilizedTipPosition":[-61.295,237.292,221.125],"timeVisible":0.750329,"tipPosition":[-45.3006,279.774,20.4005],"tipVelocity":[24.3446,-6.9747,-99.1267],"tool":false,"touchDistance":0.333333,"touchZone":"none","type":3,"width":18.0595},{"bases":[[[0.594725,-0.803492,0.0265105],[0.78467,0.587337,0.198312],[-0.174913,-0.0971392,0.97978]],[[0.57174,-0.809306,0.134676],[0.654217,0.350665,-0.6701],[0.49509,0.47123,0.729951]],[[0.57174,-0.809306,0.134676],[-0.425563,-0.432883,-0.794675],[0.701434,0.397035,-0.591907]],[[0.57174,-0.809306,0.134676],[-0.802184,-0.585869,-0.11514],[0.172086,-0.0422043,-0.984177]]],"btipPosition":[-28.4982,279.445,28.0279],"carpPosition":[-4.47245,297.495,82.0577],"dipPosition":[-25.5349,278.718,11.0802],"direction":[-0.701434,-0.397035,0.591907],"extended":false,"handId":940,"id":9404,"length":50.4618,"mcpPosition":[5.66008,303.123,25.2999],"pipPosition":[-11.829,286.476,-0.485557],"stabilizedTipPosition":[-52.8647,243.901,220.143],"timeVisible":0.750329,"tipPosition":[-28.0602,279.29,24.1232],"tipVelocity":[25.8577,-14.1898,-100.356],"tool":false,"touchDistance":0.333333,"touchZone":"none","type":4,"width":16.0419}],"r":[[0.840145,-0.460165,0.287064],[0.529607,0.810166,-0.251291],[-0.116934,0.363151,0.924363]],"s":0.701531,"t":[41.401,48.6279,-199.989],"timestamp":607609042534},false],[1,{"currentFrameRate":110.432,"devices":[],"gestures":[],"hands":[{"armBasis":[[0.743802,-0.212769,-0.633631],[0.517913,0.782719,0.345133],[0.422521,-0.584877,0.692384]],"armWidth":63.6583,"confidence":0.844793,"direction":[0.00938344,0.313285,-0.949613],"elbow":[95.4324,143.152,278.491],"grabStrength":0,"id":940,"palmNormal":[-0.520214,-0.809497,-0.2722],"palmPosition":[-26.7801,318.104,40.5078],"palmVelocity":[28.9782,-17.4099,-108.153],"palmWidth":90.9019,"pinchStrength":1,"r":[[0.839181,-0.460965,0.288595],[0.531337,0.808102,-0.254269],[-0.116005,0.366719,0.923071]],"s":0.702411,"sphereCenter":[-57.8672,294.266,11.9377],"sphereRadius":43.6949,"stabilizedPalmPosition":[-61.1945,284.525,219.638],"t":[41.6718,48.4448,-200.873],"timeVisible":0.759169,"type":"right","wrist":[-18.5378,300.915,91.7287]}],"id":4495489,"interactionBox":{"center":[0,200,0],"size":[235.247,235.247,147.751]},"pointables":[{"bases":[[[0.810765,0.585355,-0.00436164],[-0.458297,0.639379,0.61738],[0.364175,-0.498551,0.786653]],[[0.584418,0.740126,-0.33267],[-0.761191,0.642074,0.0912658],[0.281147,0.199888,0.938616]],[[0.584418,0.740126,-0.33267],[-0.811069,0.545408,-0.211419],[0.0249648,0.393375,0.919039]],[[0.584418,0.740126,-0.33267],[-0.726215,0.294145,-0.621362],[-0.362033,0.604726,0.709393]]],"btipPosition":[-54.9109,267.746,1.7642],"carpPosition":[-48.5046,305.252,96.4634],"dipPosition":[-63.3756,281.885,18.3505],"direction":[-0.0249648,-0.393375,-0.919039],"extended":false,"handId":940,"id":9400,"length":52.0659,"mcpPosition":[-48.5046,305.252,96.4634],"pipPosition":[-62.5252,295.284,49.6553],"stabilizedTipPosition":[-113.334,257.876,170.224],"timeVisible":0.759169,"tipPosition":[-57.4723,271.125,5.68628],"tipVelocity":[3.46463,-9.83735,-96.8133],"tool":false,"touchDistance":-0.456953,"touchZone":"touching","type":0,"width":20.2304},{"bases":[[[0.843437,-0.436905,-0.312615],[0.49456,0.858721,0.134192],[0.20982,-0.26779,0.940353]],[[0.86459,-0.470286,-0.176962],[0.44739,0.88081,-0.154974],[0.228752,0.0548176,0.97194]],[[0.86459,-0.470286,-0.176962],[0.425867,0.872738,-0.238675],[0.266687,0.130994,0.95484]],[[0.86459,-0.470286,-0.176962],[0.408245,0.862768,-0.298275],[0.292952,0.185642,0.937932]]],"btipPosition":[-68.041,331.411,-59.5197],"carpPosition":[-31.3612,320.413,90.3773],"dipPosition":[-63.0406,334.58,-43.5101],"direction":[-0.266687,-0.130994,-0.95484],"extended":true,"handId":940,"id":9401,"length":58.7506,"mcpPosition":[-46.7827,340.096,21.2628],"pipPosition":[-56.6009,337.743,-20.4536],"stabilizedTipPosition":[-114.641,302.078,119.109],"timeVisible":0.759169,"tipPosition":[-67.4118,330.992,-55.4876],"tipVelocity":[41.4856,-30.9542,-118.033],"tool":false,"touchDistance":-0.5009,"touchZone":"touching","type":1,"width":19.3241},{"bases":[[[0.767278,-0.609014,-0.200961],[0.63452,0.766407,0.100021],[0.0931035,-0.204258,0.97448]],[[0.767715,-0.609985,-0.196295],[0.319491,0.629912,-0.70791],[0.555463,0.480759,0.678477]],[[0.767715,-0.609985,-0.196295],[-0.528036,-0.428664,-0.733093],[0.363031,0.666457,-0.651186]],[[0.767715,-0.609985,-0.196295],[-0.622752,-0.782408,-0.00427144],[-0.150977,0.125522,-0.980536]]],"btipPosition":[-61.0957,286.511,22.5628],"carpPosition":[-20.3798,316.715,86.2479],"dipPosition":[-63.9301,288.868,4.15444],"direction":[-0.363031,-0.666457,0.651186],"extended":false,"handId":940,"id":9402,"length":66.9416,"mcpPosition":[-26.8692,330.952,18.3262],"pipPosition":[-53.6168,307.801,-14.345],"stabilizedTipPosition":[-75.7897,243.992,211.311],"timeVisible":0.759169,"tipPosition":[-61.9916,286.894,17.8567],"tipVelocity":[22.8073,-9.49517,-93.2151],"tool":false,"touchDistance":0.333333,"touchZone":"none","type":2,"width":18.9788},{"bases":[[[0.722586,-0.688465,-0.0623325],[0.690362,0.714035,0.116421],[-0.0356445,-0.127156,0.991242]],[[0.722699,-0.688042,-0.0656011],[0.46684,0.555929,-0.687752],[0.509672,0.466413,0.722975]],[[0.722699,-0.688042,-0.0656011],[-0.466634,-0.415707,-0.780667],[0.509861,0.594799,-0.621495]],[[0.722699,-0.688042,-0.0656011],[-0.691047,-0.72105,-0.0504064],[-0.0126199,0.0817621,-0.996572]]],"btipPosition":[-44.9089,279.285,24.5845],"carpPosition":[-10.5147,310.134,83.0848],"dipPosition":[-45.1444,280.811,5.98255],"direction":[-0.509861,-0.594799,0.621495],"extended":false,"handId":940,"id":9403,"length":64.3661,"mcpPosition":[-8.28404,318.091,21.0535],"pipPosition":[-31.0339,297.272,-11.2174],"stabilizedTipPosition":[-61.2944,237.293,221.117],"timeVisible":0.759169,"tipPosition":[-45.1988,279.425,19.9682],"tipVelocity":[21.1613,-15.4362,-85.8701],"tool":false,"touchDistance":0.333333,"touchZone":"none","type":3,"width":18.0595},{"bases":[[[0.589537,-0.807007,0.0344383],[0.788467,0.584204,0.192423],[-0.175405,-0.0862867,0.980708]],[[0.567493,-0.811607,0.138728],[0.655068,0.34296,-0.673249],[0.498836,0.47294,0.726285]],[[0.567493,-0.811607,0.138728],[-0.430372,-0.436021,-0.790358],[0.701948,0.388818,-0.596732]],[[0.567493,-0.811607,0.138728],[-0.806088,-0.581981,-0.107332],[0.167848,-0.0509166,-0.984497]]],"btipPosition":[-28.349,279.033,27.5728],"carpPosition":[-4.28243,297.462,81.4271],"dipPosition":[-25.4587,278.156,10.6197],"direction":[-0.701948,-0.388818,0.596732],"extended":false,"handId":940,"id":9404,"length":50.4618,"mcpPosition":[5.87865,302.46,24.6156],"pipPosition":[-11.7427,285.754,-1.0404],"stabilizedTipPosition":[-52.8639,243.902,220.137],"timeVisible":0.759169,"tipPosition":[-27.9444,278.841,23.6705],"tipVelocity":[22.9158,-24.0189,-87.1762],"tool":false,"touchDistance":0.333333,"touchZone":"none","type":4,"width":16.0419}],"r":[[0.839181,-0.460965,0.288595],[0.531337,0.808102,-0.254269],[-0.116005,0.366719,0.923071]],"s":0.702411,"t":[41.6718,48.4448,-200.873],"timestamp":607609051374},false],[2,{"currentFrameRate":105.65,"devices":[],"gestures":[],"hands":[{"armBasis":[[0.74193,-0.218294,-0.633946],[0.521072,0.782739,0.340299],[0.421929,-0.58281,0.694484]],"armWidth":63.6583,"confidence":0.853961,"direction":[0.0121814,0.313971,-0.949354],"elbow":[95.4926,143.639,277.54],"grabStrength":0,"id":940,"palmNormal":[-0.523256,-0.807053,-0.273623],"palmPosition":[-26.408,318.109,38.9906],"palmVelocity":[24.9632,-9.00609,-96.5397],"palmWidth":90.9019,"pinchStrength":1,"r":[[0.837924,-0.462362,0.290009],[0.533486,0.806023,-0.256358],[-0.115224,0.369525,0.922049]],"s":0.703137,"sphereCenter":[-57.6528,294.528,10.3531],"sphereRadius":43.7344,"stabilizedPalmPosition":[-61.1937,284.526,219.634],"t":[41.9932,48.3555,-202.074],"timeVisible":0.777284,"type":"right","wrist":[-18.3179,300.845,90.2108]}],"id":4495490,"interactionBox":{"center":[0,200,0],"size":[235.247,235.247,147.751]},"pointables":[{"bases":[[[0.813269,0.581882,-0.00266656],[-0.456503,0.640861,0.617173],[0.36083,-0.50071,0.786823]],[[0.589647,0.737376,-0.329535],[-0.757688,0.646317,0.0904621],[0.279689,0.196344,0.9398]],[[0.589647,0.737376,-0.329535],[-0.807201,0.551796,-0.209638],[0.0272542,0.389613,0.920575]],[[0.589647,0.737376,-0.329535],[-0.725643,0.304518,-0.617018],[-0.354625,0.602947,0.71463]]],"btipPosition":[-54.8579,268.147,-0.0300314],"carpPosition":[-48.2731,305.307,94.903],"dipPosition":[-63.1494,282.244,16.6787],"direction":[-0.0272542,-0.389613,-0.920575],"extended":false,"handId":940,"id":9400,"length":52.0659,"mcpPosition":[-48.2731,305.307,94.903],"pipPosition":[-62.221,295.516,48.0359],"stabilizedTipPosition":[-113.329,257.877,170.211],"timeVisible":0.777284,"tipPosition":[-57.2713,271.424,3.97296],"tipVelocity":[4.25529,5.13182,-97.1365],"tool":false,"touchDistance":-0.466082,"touchZone":"touching","type":0,"width":20.2304},{"bases":[[[0.842038,-0.440272,-0.311662],[0.498025,0.856493,0.135615],[0.207229,-0.269408,0.940466]],[[0.862838,-0.473844,-0.176019],[0.452045,0.879157,-0.15079],[0.226199,0.0505383,0.972769]],[[0.862838,-0.473844,-0.176019],[0.430612,0.871408,-0.234993],[0.264734,0.126965,0.955927]],[[0.862838,-0.473844,-0.176019],[0.412992,0.861624,-0.295027],[0.291459,0.181866,0.939136]]],"btipPosition":[-67.3628,331.861,-61.1328],"carpPosition":[-31.0557,320.399,88.8548],"dipPosition":[-62.3879,334.965,-45.1026],"direction":[-0.264734,-0.126965,-0.955927],"extended":true,"handId":940,"id":9401,"length":58.7506,"mcpPosition":[-46.2867,340.2,19.7321],"pipPosition":[-55.9953,338.031,-22.0199],"stabilizedTipPosition":[-114.632,302.083,119.077],"timeVisible":0.777284,"tipPosition":[-66.7385,331.449,-57.108],"tipVelocity":[39.4048,-4.78621,-104.113],"tool":false,"touchDistance":-0.503268,"touchZone":"touching","type":1,"width":19.3241},{"bases":[[[0.764972,-0.612139,-0.200258],[0.637641,0.763606,0.101587],[0.0907331,-0.205404,0.974462]],[[0.765401,-0.613124,-0.195553],[0.324286,0.629914,-0.705724],[0.555878,0.476747,0.680964]],[[0.765401,-0.613124,-0.195553],[-0.528918,-0.426211,-0.733887],[0.366617,0.665149,-0.650514]],[[0.765401,-0.613124,-0.195553],[-0.625708,-0.78005,-0.00332456],[-0.150503,0.124904,-0.980687]]],"btipPosition":[-60.7653,286.775,20.9195],"carpPosition":[-20.0839,316.657,84.7394],"dipPosition":[-63.5908,289.12,2.5083],"direction":[-0.366617,-0.665149,0.650514],"extended":false,"handId":940,"id":9402,"length":66.9416,"mcpPosition":[-26.408,330.973,16.8189],"pipPosition":[-53.1756,308.016,-15.9721],"stabilizedTipPosition":[-75.7883,243.996,211.292],"timeVisible":0.777284,"tipPosition":[-61.6672,287.131,16.2585],"tipVelocity":[20.687,1.88302,-92.0422],"tool":false,"touchDistance":0.333333,"touchZone":"none","type":2,"width":18.9788},{"bases":[[[0.719727,-0.691505,-0.0617597],[0.693232,0.710983,0.118032],[-0.0377093,-0.127764,0.991087]],[[0.719866,-0.691011,-0.0655508],[0.471519,0.556131,-0.684389],[0.509375,0.46176,0.726165]],[[0.719866,-0.691011,-0.0655508],[-0.467557,-0.412939,-0.781583],[0.513014,0.593284,-0.620348]],[[0.719866,-0.691011,-0.0655508],[-0.693985,-0.718328,-0.0488737],[-0.0133148,0.0806738,-0.996652]]],"btipPosition":[-44.5682,279.495,22.923],"carpPosition":[-10.2422,310.036,81.5863],"dipPosition":[-44.8167,281.001,4.31962],"direction":[-0.513014,-0.593284,0.620348],"extended":false,"handId":940,"id":9403,"length":64.3661,"mcpPosition":[-7.88232,318.031,19.5647],"pipPosition":[-30.619,297.42,-12.8486],"stabilizedTipPosition":[-61.2935,237.296,221.107],"timeVisible":0.777284,"tipPosition":[-44.8825,279.606,18.3622],"tipVelocity":[19.9627,-2.68997,-88.6616],"tool":false,"touchDistance":0.333333,"touchZone":"none","type":3,"width":18.0595},{"bases":[[[0.586023,-0.80955,0.0347154],[0.790664,0.580674,0.194082],[-0.177278,-0.0862886,0.980371]],[[0.564971,-0.814128,0.134175],[0.655694,0.344279,-0.671965],[0.500872,0.467619,0.728327]],[[0.564971,-0.814128,0.134175],[-0.4337,-0.43135,-0.791102],[0.701935,0.388758,-0.596787]],[[0.564971,-0.814128,0.134175],[-0.808587,-0.578668,-0.106443],[0.164302,-0.0483549,-0.985224]]],"btipPosition":[-28.0304,279.055,26.035],"carpPosition":[-4.06168,297.339,79.9283],"dipPosition":[-25.2011,278.222,9.06938],"direction":[-0.701935,-0.388758,0.596787],"extended":false,"handId":940,"id":9404,"length":50.4618,"mcpPosition":[6.20785,302.337,23.1363],"pipPosition":[-11.4854,285.819,-2.59177],"stabilizedTipPosition":[-52.8626,243.903,220.127],"timeVisible":0.777284,"tipPosition":[-27.6564,278.871,22.1254],"tipVelocity":[20.011,-11.7415,-86.1635],"tool":false,"touchDistance":0.333333,"touchZone":"none","type":4,"width":16.0419}],"r":[[0.837924,-0.462362,0.290009],[0.533486,0.806023,-0.256358],[-0.115224,0.369525,0.922049]],"s":0.703137,"t":[41.9932,48.3555,-202.074],"timestamp":607609069489},false],[3,{"currentFrameRate":105.838,"devices":[],"gestures":[],"hands":[{"armBasis":[[0.740718,-0.222993,-0.633728],[0.523079,0.783368,0.335741],[0.421574,-0.580179,0.696898]],"armWidth":63.6583,"confidence":0.859257,"direction":[0.0138654,0.313803,-0.949387],"elbow":[95.4641,144.23,277.328],"grabStrength":0,"id":940,"palmNormal":[-0.525124,-0.805716,-0.273984],"palmPosition":[-26.249,318.004,38.1175],"palmVelocity":[22.8853,-9.69367,-96.3678],"palmWidth":90.9019,"pinchStrength":1,"r":[[0.836619,-0.463906,0.291308],[0.535671,0.804063,-0.257951],[-0.114565,0.371852,0.921195]],"s":0.703799,"sphereCenter":[-57.5777,294.561,9.45603],"sphereRadius":43.7556,"stabilizedPalmPosition":[-61.1933,284.527,219.631],"t":[42.2335,48.2585,-203.111],"timeVisible":0.786386,"type":"right","wrist":[-18.2507,300.727,89.3474]}],"id":4495491,"interactionBox":{"center":[0,200,0],"size":[235.247,235.247,147.751]},"pointables":[{"bases":[[[0.814795,0.579745,-0.00201134],[-0.455378,0.642145,0.616669],[0.358802,-0.501543,0.78722]],[[0.592645,0.73553,-0.328279],[-0.755587,0.648869,0.0897637],[0.279034,0.194845,0.940306]],[[0.592645,0.73553,-0.328279],[-0.804968,0.555153,-0.20936],[0.0282542,0.38833,0.921087]],[[0.592645,0.73553,-0.328279],[-0.724661,0.308978,-0.615954],[-0.351622,0.602933,0.716124]]],"btipPosition":[-54.8547,268.226,-0.998749],"carpPosition":[-48.1983,305.268,94.0119],"dipPosition":[-63.0759,282.324,15.7449],"direction":[-0.0282542,-0.38833,-0.921087],"extended":false,"handId":940,"id":9400,"length":52.0659,"mcpPosition":[-48.1983,305.268,94.0119],"pipPosition":[-62.1135,295.551,47.1195],"stabilizedTipPosition":[-113.328,257.877,170.206],"timeVisible":0.786386,"tipPosition":[-57.2097,271.463,3.03066],"tipVelocity":[3.66493,6.13191,-99.4678],"tool":false,"touchDistance":-0.462217,"touchZone":"touching","type":0,"width":20.2304},{"bases":[[[0.841161,-0.442525,-0.310837],[0.500148,0.855202,0.135945],[0.205669,-0.269816,0.940691]],[[0.861737,-0.476099,-0.175328],[0.454844,0.878055,-0.14878],[0.224782,0.048462,0.973203]],[[0.861737,-0.476099,-0.175328],[0.433512,0.870485,-0.233073],[0.263586,0.124841,0.956523]],[[0.861737,-0.476099,-0.175328],[0.415937,0.860825,-0.293218],[0.290528,0.179751,0.939831]]],"btipPosition":[-67.0238,331.982,-62.0719],"carpPosition":[-30.9359,320.314,87.9772],"dipPosition":[-62.0648,335.051,-46.0299],"direction":[-0.263586,-0.124841,-0.956523],"extended":true,"handId":940,"id":9401,"length":58.7506,"mcpPosition":[-46.0522,340.145,18.838],"pipPosition":[-55.7,338.065,-22.9327],"stabilizedTipPosition":[-114.627,302.086,119.059],"timeVisible":0.786386,"tipPosition":[-66.4022,331.566,-58.0494],"tipVelocity":[38.6929,-0.0178014,-103.77],"tool":false,"touchDistance":-0.49532,"touchZone":"touching","type":1,"width":19.3241},{"bases":[[[0.763544,-0.614173,-0.199479],[0.63955,0.761945,0.102057],[0.0893108,-0.205502,0.974573]],[[0.763954,-0.615129,-0.194911],[0.326678,0.629187,-0.705269],[0.556467,0.47512,0.681619]],[[0.763954,-0.615129,-0.194911],[-0.529968,-0.425816,-0.733358],[0.368114,0.663549,-0.651303]],[[0.763954,-0.615129,-0.194911],[-0.627355,-0.778733,-0.00127686],[-0.150998,0.123254,-0.98082]]],"btipPosition":[-60.6141,286.822,20.038],"carpPosition":[-19.9702,316.542,83.8722],"dipPosition":[-63.4489,289.136,1.6243],"direction":[-0.368114,-0.663549,0.651303],"extended":false,"handId":940,"id":9402,"length":66.9416,"mcpPosition":[-26.1952,330.866,15.944],"pipPosition":[-52.9912,307.987,-16.8785],"stabilizedTipPosition":[-75.7877,243.998,211.284],"timeVisible":0.786386,"tipPosition":[-61.5293,287.157,15.3825],"tipVelocity":[19.4923,2.57595,-93.3919],"tool":false,"touchDistance":0.333333,"touchZone":"none","type":2,"width":18.9788},{"bases":[[[0.717965,-0.6934,-0.06101],[0.694989,0.709179,0.11856],[-0.0389424,-0.127523,0.991071]],[[0.718115,-0.692886,-0.0649624],[0.473838,0.55518,-0.683559],[0.509694,0.460092,0.726999]],[[0.718115,-0.692886,-0.0649624],[-0.468137,-0.411884,-0.781793],[0.514936,0.591828,-0.620145]],[[0.718115,-0.692886,-0.0649624],[-0.695803,-0.7166,-0.048401],[-0.0130157,0.0799585,-0.996713]]],"btipPosition":[-44.4649,279.467,22.0251],"carpPosition":[-10.143,309.895,80.729],"dipPosition":[-44.7078,280.96,3.42054],"direction":[-0.514936,-0.591828,0.620145],"extended":false,"handId":940,"id":9403,"length":64.3661,"mcpPosition":[-7.70601,317.875,18.7085],"pipPosition":[-30.4569,297.339,-13.7421],"stabilizedTipPosition":[-61.2932,237.296,221.103],"timeVisible":0.786386,"tipPosition":[-44.7824,279.571,17.4765],"tipVelocity":[17.6138,-2.88707,-91.4392],"tool":false,"touchDistance":0.333333,"touchZone":"none","type":3,"width":18.0595},{"bases":[[[0.583865,-0.81108,0.0353604],[0.792009,0.578625,0.194717],[-0.178392,-0.0856828,0.980222]],[[0.563298,-0.815579,0.132385],[0.656462,0.344464,-0.67112],[0.50175,0.464946,0.729433]],[[0.563298,-0.815579,0.132385],[-0.435244,-0.429085,-0.791485],[0.702323,0.388222,-0.596679]],[[0.563298,-0.815579,0.132385],[-0.810073,-0.576686,-0.105904],[0.162718,-0.0475856,-0.985525]]],"btipPosition":[-27.9099,278.954,25.1578],"carpPosition":[-3.99438,297.181,79.0784],"dipPosition":[-25.1079,278.135,8.18692],"direction":[-0.702323,-0.388222,0.596679],"extended":false,"handId":940,"id":9404,"length":50.4618,"mcpPosition":[6.33969,302.145,22.2951],"pipPosition":[-11.3846,285.721,-3.47211],"stabilizedTipPosition":[-52.8621,243.904,220.123],"timeVisible":0.786386,"tipPosition":[-27.5521,278.771,21.2504],"tipVelocity":[17.943,-11.4617,-89.0331],"tool":false,"touchDistance":0.333333,"touchZone":"none","type":4,"width":16.0419}],"r":[[0.836619,-0.463906,0.291308],[0.535671,0.804063,-0.257951],[-0.114565,0.371852,0.921195]],"s":0.703799,"t":[42.2335,48.2585,-203.111],"timestamp":607609078591},false],[4,{"currentFrameRate":106.023,"devices":[],"gestures":[],"hands":[{"armBasis":[[0.739182,-0.229353,-0.633251],[0.525685,0.784239,0.329583],[0.421029,-0.576513,0.700263]],"armWidth":63.6583,"confidence":0.85942,"direction":[0.0137502,0.315327,-0.948883],"elbow":[95.5524,144.981,277.261],"grabStrength":0,"id":940,"palmNormal":[-0.52738,-0.803959,-0.274809],"palmPosition":[-26.0191,317.869,37.1793],"palmVelocity":[23.552,-11.1158,-98.265],"palmWidth":90.9019,"pinchStrength":1,"r":[[0.835396,-0.465646,0.292039],[0.537765,0.802308,-0.259059],[-0.113675,0.373465,0.920653]],"s":0.704424,"sphereCenter":[-57.4966,294.63,8.50041],"sphereRadius":43.7915,"stabilizedPalmPosition":[-61.1928,284.527,219.629],"t":[42.4685,48.1427,-204.098],"timeVisible":0.795476,"type":"right","wrist":[-18.0154,300.488,88.3732]}],"id":4495492,"interactionBox":{"center":[0,200,0],"size":[235.247,235.247,147.751]},"pointables":[{"bases":[[[0.81623,0.577725,-0.00183037],[-0.453202,0.642258,0.618152],[0.358297,-0.503725,0.786056]],[[0.594974,0.734328,-0.326755],[-0.753249,0.651263,0.092047],[0.280396,0.191363,0.940616]],[[0.594974,0.734328,-0.326755],[-0.803164,0.558654,-0.206963],[0.0305643,0.385576,0.92217]],[[0.594974,0.734328,-0.326755],[-0.724397,0.313791,-0.613828],[-0.348218,0.601912,0.718642]]],"btipPosition":[-54.8299,268.346,-2.04847],"carpPosition":[-47.9473,305.096,93.0734],"dipPosition":[-62.9716,282.419,14.7541],"direction":[-0.0305643,-0.385576,-0.92217],"extended":false,"handId":940,"id":9400,"length":52.0659,"mcpPosition":[-47.9473,305.096,93.0734],"pipPosition":[-61.9305,295.553,46.1655],"stabilizedTipPosition":[-113.327,257.877,170.203],"timeVisible":0.795476,"tipPosition":[-57.1273,271.534,2.00514],"tipVelocity":[3.96288,7.8984,-103.489],"tool":false,"touchDistance":-0.459872,"touchZone":"touching","type":0,"width":20.2304},{"bases":[[[0.839767,-0.444099,-0.312358],[0.502397,0.853734,0.136876],[0.205884,-0.271872,0.940052]],[[0.860358,-0.477876,-0.177256],[0.457403,0.877335,-0.145142],[0.224873,0.0437969,0.973403]],[[0.860358,-0.477876,-0.177256],[0.435964,0.870134,-0.229787],[0.264046,0.120422,0.956963]],[[0.860358,-0.477876,-0.177256],[0.418267,0.860701,-0.290252],[0.291269,0.175581,0.94039]]],"btipPosition":[-66.7847,332.306,-62.9838],"carpPosition":[-30.6532,320.109,87.0471],"dipPosition":[-61.813,335.303,-46.9322],"direction":[-0.264046,-0.120422,-0.956963],"extended":true,"handId":940,"id":9401,"length":58.7506,"mcpPosition":[-45.7854,340.091,17.9548],"pipPosition":[-55.4371,338.211,-23.8245],"stabilizedTipPosition":[-114.622,302.09,119.04],"timeVisible":0.795476,"tipPosition":[-66.1537,331.877,-58.968],"tipVelocity":[35.3514,9.35915,-102.748],"tool":false,"touchDistance":-0.487767,"touchZone":"touching","type":1,"width":19.3241},{"bases":[[[0.761829,-0.615737,-0.201208],[0.641535,0.760187,0.102703],[0.0897182,-0.207324,0.97415]],[[0.762211,-0.616631,-0.196979],[0.329394,0.631413,-0.702009],[0.557255,0.470195,0.684385]],[[0.762211,-0.616631,-0.196979],[-0.531599,-0.422625,-0.734023],[0.369373,0.664195,-0.64993]],[[0.762211,-0.616631,-0.196979],[-0.628916,-0.777474,0.000241674],[-0.153295,0.123699,-0.980408]]],"btipPosition":[-60.4037,286.934,18.941],"carpPosition":[-19.7008,316.317,82.9255],"dipPosition":[-63.2816,289.256,0.534968],"direction":[-0.369373,-0.664195,0.64993],"extended":false,"handId":940,"id":9402,"length":66.9416,"mcpPosition":[-25.9542,330.767,15.0269],"pipPosition":[-52.7882,308.125,-17.9288],"stabilizedTipPosition":[-75.7872,244,211.277],"timeVisible":0.795476,"tipPosition":[-61.3376,287.239,14.3669],"tipVelocity":[20.2011,5.32999,-100.897],"tool":false,"touchDistance":0.333333,"touchZone":"none","type":2,"width":18.9788},{"bases":[[[0.716184,-0.695077,-0.062827],[0.696858,0.707257,0.119066],[-0.0383255,-0.129055,0.990897]],[[0.716338,-0.694534,-0.0669553],[0.47444,0.555191,-0.683132],[0.511631,0.457587,0.727219]],[[0.716338,-0.694534,-0.0669553],[-0.470468,-0.409905,-0.781433],[0.515286,0.59127,-0.620387]],[[0.716338,-0.694534,-0.0669553],[-0.697595,-0.714916,-0.047504],[-0.0148743,0.0807366,-0.996624]]],"btipPosition":[-44.3151,279.431,21.0643],"carpPosition":[-9.89315,309.65,79.7621],"dipPosition":[-44.5927,280.938,2.4614],"direction":[-0.515286,-0.59127,0.620387],"extended":false,"handId":940,"id":9403,"length":64.3661,"mcpPosition":[-7.49476,317.726,17.7525],"pipPosition":[-30.3321,297.301,-14.7079],"stabilizedTipPosition":[-61.2929,237.297,221.099],"timeVisible":0.795476,"tipPosition":[-44.6437,279.537,16.5145],"tipVelocity":[17.0562,-3.08712,-95.3758],"tool":false,"touchDistance":0.333333,"touchZone":"none","type":3,"width":18.0595},{"bases":[[[0.581883,-0.812583,0.0334769],[0.793626,0.576338,0.194918],[-0.177681,-0.0868511,0.980248]],[[0.562641,-0.817148,0.12532],[0.655531,0.348626,-0.66988],[0.503701,0.459053,0.731817]],[[0.562641,-0.817148,0.12532],[-0.438697,-0.423606,-0.79253],[0.7007,0.390932,-0.596818]],[[0.562641,-0.817148,0.12532],[-0.811584,-0.574826,-0.104433],[0.157375,-0.0429495,-0.986605]]],"btipPosition":[-27.6796,278.84,24.0998],"carpPosition":[-3.77765,296.924,78.0848],"dipPosition":[-24.9696,278.101,7.11032],"direction":[-0.7007,-0.390932,0.596818],"extended":false,"handId":940,"id":9404,"length":50.4618,"mcpPosition":[6.51522,301.955,21.3],"pipPosition":[-11.278,285.739,-4.55142],"stabilizedTipPosition":[-52.8616,243.905,220.119],"timeVisible":0.795476,"tipPosition":[-27.3655,278.675,20.2111],"tipVelocity":[19.3468,-11.2058,-96.7391],"tool":false,"touchDistance":0.333333,"touchZone":"none","type":4,"width":16.0419}],"r":[[0.835396,-0.465646,0.292039],[0.537765,0.802308,-0.259059],[-0.113675,0.373465,0.920653]],"s":0.704424,"t":[42.4685,48.1427,-204.098],"timestamp":607609087681},false],[5,{"currentFrameRate":106.281,"devices":[],"gestures":[],"hands":[{"armBasis":[[0.741959,-0.226939,-0.630869],[0.522449,0.785417,0.331914],[0.420171,-0.575863,0.701311]],"armWidth":63.6583,"confidence":0.844001,"direction":[0.0168209,0.317196,-0.948211],"elbow":[95.0937,145.327,276.256],"grabStrength":0,"id":940,"palmNormal":[-0.524251,-0.804735,-0.2785],"palmPosition":[-26.0815,318.12,35.8931],"palmVelocity":[15.2196,-0.434347,-110.735],"palmWidth":90.9019,"pinchStrength":1,"r":[[0.834408,-0.466733,0.293127],[0.53925,0.801266,-0.259196],[-0.113897,0.374344,0.920268]],"s":0.704841,"sphereCenter":[-57.5051,294.991,7.02816],"sphereRadius":43.8408,"stabilizedPalmPosition":[-61.1925,284.527,219.627],"t":[42.5549,48.2099,-205.235],"timeVisible":0.80441,"type":"right","wrist":[-18.2427,300.66,87.0856]}],"id":4495493,"interactionBox":{"center":[0,200,0],"size":[235.247,235.247,147.751]},"pointables":[{"bases":[[[0.814787,0.579755,0.0026036],[-0.457312,0.639932,0.617538],[0.356354,-0.504352,0.786537]],[[0.594777,0.736332,-0.322577],[-0.755004,0.64946,0.0903925],[0.27606,0.189784,0.942217]],[[0.594777,0.736332,-0.322577],[-0.803487,0.557243,-0.209499],[0.0254935,0.383792,0.923068]],[[0.594777,0.736332,-0.322577],[-0.722521,0.313731,-0.616065],[-0.352426,0.59949,0.718615]]],"btipPosition":[-54.6,268.63,-3.55883],"carpPosition":[-48.2048,305.184,91.6728],"dipPosition":[-62.8401,282.646,13.2431],"direction":[-0.0254935,-0.383792,-0.923068],"extended":false,"handId":940,"id":9400,"length":52.0659,"mcpPosition":[-48.2048,305.184,91.6728],"pipPosition":[-61.9717,295.719,44.6851],"stabilizedTipPosition":[-113.326,257.877,170.2],"timeVisible":0.80441,"tipPosition":[-56.9133,271.794,0.492135],"tipVelocity":[9.21113,14.017,-121.386],"tool":false,"touchDistance":-0.464875,"touchZone":"touching","type":0,"width":20.2304},{"bases":[[[0.842135,-0.441404,-0.309792],[0.499705,0.854715,0.140562],[0.202739,-0.273177,0.940357]],[[0.862222,-0.475295,-0.17512],[0.456165,0.8789,-0.139457],[0.220196,0.040359,0.97462]],[[0.862222,-0.475295,-0.17512],[0.435027,0.871943,-0.224648],[0.259469,0.117515,0.958575]],[[0.862222,-0.475295,-0.17512],[0.417518,0.862628,-0.285571],[0.286794,0.17311,0.942222]]],"btipPosition":[-66.4365,332.805,-64.4299],"carpPosition":[-30.9239,320.251,85.7458],"dipPosition":[-61.5412,335.759,-48.347],"direction":[-0.259469,-0.117515,-0.958575],"extended":true,"handId":940,"id":9401,"length":58.7506,"mcpPosition":[-45.8249,340.329,16.6311],"pipPosition":[-55.2758,338.597,-25.2003],"stabilizedTipPosition":[-114.617,302.093,119.02],"timeVisible":0.80441,"tipPosition":[-65.8063,332.373,-60.4207],"tipVelocity":[35.8032,21.7279,-118.659],"tool":false,"touchDistance":-0.488907,"touchZone":"touching","type":1,"width":19.3241},{"bases":[[[0.764174,-0.61345,-0.199291],[0.639214,0.76158,0.106776],[0.0862742,-0.208985,0.974106]],[[0.764494,-0.614232,-0.195623],[0.335317,0.638091,-0.69311],[0.550556,0.464282,0.69378]],[[0.764494,-0.614232,-0.195623],[-0.525224,-0.417564,-0.741472],[0.373751,0.669596,-0.641834]],[[0.764494,-0.614232,-0.195623],[-0.627282,-0.778768,-0.00618044],[-0.148549,0.127436,-0.98066]]],"btipPosition":[-60.2991,287.289,17.0024],"carpPosition":[-19.9454,316.494,81.6616],"dipPosition":[-63.0879,289.681,-1.40827],"direction":[-0.373751,-0.669596,0.641834],"extended":false,"handId":940,"id":9402,"length":66.9416,"mcpPosition":[-25.9588,331.06,13.766],"pipPosition":[-52.4701,308.704,-19.6421],"stabilizedTipPosition":[-75.7868,244.001,211.273],"timeVisible":0.80441,"tipPosition":[-61.1871,287.579,12.625],"tipVelocity":[18.5102,15.1956,-132.606],"tool":false,"touchDistance":0.333333,"touchZone":"none","type":2,"width":18.9788},{"bases":[[[0.718166,-0.693172,-0.0612492],[0.694602,0.708756,0.123263],[-0.0420314,-0.131067,0.990482]],[[0.718345,-0.692582,-0.0656503],[0.475377,0.557569,-0.680539],[0.507934,0.457653,0.729765]],[[0.718345,-0.692582,-0.0656503],[-0.467622,-0.410829,-0.782655],[0.515082,0.592916,-0.618984]],[[0.718345,-0.692582,-0.0656503],[-0.695557,-0.716826,-0.0485768],[-0.0134164,0.0805585,-0.99666]]],"btipPosition":[-44.1549,279.72,19.7016],"carpPosition":[-10.1083,309.858,78.5254],"dipPosition":[-44.4053,281.223,1.09809],"direction":[-0.515082,-0.592916,0.618984],"extended":false,"handId":940,"id":9403,"length":64.3661,"mcpPosition":[-7.47803,318.06,16.5416],"pipPosition":[-30.1503,297.633,-16.0324],"stabilizedTipPosition":[-61.2927,237.298,221.097],"timeVisible":0.80441,"tipPosition":[-44.4828,279.819,15.1341],"tipVelocity":[17.4863,6.5551,-110.975],"tool":false,"touchDistance":0.333333,"touchZone":"none","type":3,"width":18.0595},{"bases":[[[0.583767,-0.811197,0.034281],[0.791386,0.577932,0.199255],[-0.181447,-0.089189,0.979348]],[[0.565034,-0.815934,0.122426],[0.655553,0.353876,-0.667099],[0.500986,0.457191,0.73484]],[[0.565034,-0.815934,0.122426],[-0.436814,-0.421715,-0.794575],[0.69995,0.395484,-0.594695]],[[0.565034,-0.815934,0.122426],[-0.809838,-0.576843,-0.106839],[0.157794,-0.038778,-0.98671]]],"btipPosition":[-27.5347,279.107,22.7691],"carpPosition":[-3.95434,297.151,76.8485],"dipPosition":[-24.8175,278.44,5.77782],"direction":[-0.69995,-0.395484,0.594695],"extended":false,"handId":940,"id":9404,"length":50.4618,"mcpPosition":[6.55671,302.318,20.1158],"pipPosition":[-11.1406,286.167,-5.84243],"stabilizedTipPosition":[-52.8612,243.905,220.116],"timeVisible":0.80441,"tipPosition":[-27.2242,278.956,18.864],"tipVelocity":[18.5417,0.514674,-110.997],"tool":false,"touchDistance":0.333333,"touchZone":"none","type":4,"width":16.0419}],"r":[[0.834408,-0.466733,0.293127],[0.53925,0.801266,-0.259196],[-0.113897,0.374344,0.920268]],"s":0.704841,"t":[42.5549,48.2099,-205.235],"timestamp":607609096615},false],[6,{"currentFrameRate":106.442,"devices":[],"gestures":[],"hands":[{"armBasis":[[0.742329,-0.227496,-0.630233],[0.521539,0.786689,0.33033],[0.420648,-0.573904,0.70263]],"armWidth":63.6583,"confidence":0.854025,"direction":[0.0172561,0.319432,-0.947452],"elbow":[95.1648,145.855,275.795],"grabStrength":0,"id":940,"palmNormal":[-0.523174,-0.804633,-0.28081],"palmPosition":[-26.116,318.23,35.1107],"palmVelocity":[9.94969,3.05474,-103.875],"palmWidth":90.9019,"pinchStrength":1,"r":[[0.833667,-0.467562,0.293914],[0.54031,0.800666,-0.258842],[-0.114303,0.374593,0.920117]],"s":0.705384,"sphereCenter":[-57.5926,295.27,6.16776],"sphereRadius":43.8816,"stabilizedPalmPosition":[-61.1923,284.528,219.626],"t":[42.5808,48.2989,-206.195],"timeVisible":0.81351,"type":"right","wrist":[-18.3004,300.659,86.2685]}],"id":4495494,"interactionBox":{"center":[0,200,0],"size":[235.247,235.247,147.751]},"pointables":[{"bases":[[[0.814171,0.580606,0.00462418],[-0.458489,0.638002,0.61866],[0.356248,-0.505816,0.785645]],[[0.594788,0.737535,-0.319795],[-0.755423,0.648835,0.0913746],[0.274886,0.187232,0.94307]],[[0.594788,0.737535,-0.319795],[-0.803525,0.557315,-0.209159],[0.0239643,0.381369,0.924112]],[[0.594788,0.737535,-0.319795],[-0.722363,0.315807,-0.615189],[-0.352729,0.596915,0.720607]]],"btipPosition":[-54.5485,268.856,-4.51445],"carpPosition":[-48.271,305.14,90.8419],"dipPosition":[-62.7956,282.813,12.334],"direction":[-0.0239643,-0.381369,-0.924112],"extended":false,"handId":940,"id":9400,"length":52.0659,"mcpPosition":[-48.271,305.14,90.8419],"pipPosition":[-61.9793,295.803,43.8117],"stabilizedTipPosition":[-113.325,257.878,170.198],"timeVisible":0.81351,"tipPosition":[-56.8513,271.989,-0.44807],"tipVelocity":[8.17887,16.6155,-116.522],"tool":false,"touchDistance":-0.460895,"touchZone":"touching","type":0,"width":20.2304},{"bases":[[[0.842853,-0.439789,-0.310137],[0.498687,0.85491,0.142969],[0.202263,-0.275163,0.93988]],[[0.862821,-0.473858,-0.176066],[0.455827,0.879881,-0.134278],[0.218546,0.035602,0.975177]],[[0.862821,-0.473858,-0.176066],[0.434729,0.873292,-0.219937],[0.257976,0.113225,0.959494]],[[0.862821,-0.473858,-0.176066],[0.417211,0.864187,-0.281276],[0.285439,0.169234,0.943337]]],"btipPosition":[-66.3489,333.313,-65.2415],"carpPosition":[-31.0012,320.24,84.9643],"dipPosition":[-61.4767,336.202,-49.1396],"direction":[-0.257976,-0.113225,-0.959494],"extended":true,"handId":940,"id":9401,"length":58.7506,"mcpPosition":[-45.8672,340.464,15.8846],"pipPosition":[-55.2473,338.936,-25.9707],"stabilizedTipPosition":[-114.611,302.097,118.998],"timeVisible":0.81351,"tipPosition":[-65.7107,332.866,-61.239],"tipVelocity":[28.3887,30.7362,-110.358],"tool":false,"touchDistance":-0.480459,"touchZone":"touching","type":1,"width":19.3241},{"bases":[[[0.764984,-0.612176,-0.200103],[0.638322,0.762002,0.109079],[0.0857035,-0.211173,0.973684]],[[0.76526,-0.612864,-0.196914],[0.33654,0.641668,-0.689205],[0.548742,0.461152,0.697296]],[[0.76526,-0.612864,-0.196914],[-0.52405,-0.415483,-0.743469],[0.37383,0.67214,-0.639124]],[[0.76526,-0.612864,-0.196914],[-0.626233,-0.779602,-0.00731965],[-0.149029,0.128916,-0.980393]]],"btipPosition":[-60.2352,287.502,15.9991],"carpPosition":[-20.0154,316.504,80.8802],"dipPosition":[-63.0331,289.922,-2.40659],"direction":[-0.37383,-0.67214,0.639124],"extended":false,"handId":940,"id":9402,"length":66.9416,"mcpPosition":[-25.989,331.223,13.014],"pipPosition":[-52.413,309.017,-20.5634],"stabilizedTipPosition":[-75.7865,244.002,211.269],"timeVisible":0.81351,"tipPosition":[-61.126,287.781,11.677],"tipVelocity":[15.262,17.6722,-126.376],"tool":false,"touchDistance":0.333333,"touchZone":"none","type":2,"width":18.9788},{"bases":[[[0.718947,-0.692269,-0.0622858],[0.693752,0.709197,0.125487],[-0.0426976,-0.133429,0.990138]],[[0.719139,-0.691635,-0.0669301],[0.475178,0.559769,-0.67887],[0.506996,0.456399,0.731202]],[[0.719139,-0.691635,-0.0669301],[-0.467099,-0.409857,-0.783477],[0.514448,0.594692,-0.617807]],[[0.719139,-0.691635,-0.0669301],[-0.69473,-0.717559,-0.0495843],[-0.013732,0.0821564,-0.996525]]],"btipPosition":[-44.1083,279.872,18.8351],"carpPosition":[-10.1688,309.886,77.7365],"dipPosition":[-44.3647,281.406,0.23401],"direction":[-0.514448,-0.594692,0.617806],"extended":false,"handId":940,"id":9403,"length":64.3661,"mcpPosition":[-7.49679,318.236,15.7743],"pipPosition":[-30.1272,297.864,-16.8639],"stabilizedTipPosition":[-61.2925,237.298,221.095],"timeVisible":0.81351,"tipPosition":[-44.4382,279.979,14.2675],"tipVelocity":[14.0163,9.59368,-106.593],"tool":false,"touchDistance":0.333333,"touchZone":"none","type":3,"width":18.0595},{"bases":[[[0.584596,-0.810659,0.0328584],[0.790613,0.578298,0.201252],[-0.182148,-0.0916726,0.978988]],[[0.566687,-0.815546,0.117257],[0.653704,0.358403,-0.666497],[0.501534,0.454347,0.736229]],[[0.566687,-0.815546,0.117257],[-0.438431,-0.418969,-0.795137],[0.697598,0.399185,-0.594985]],[[0.566687,-0.815546,0.117257],[-0.809299,-0.57766,-0.106509],[0.154598,-0.0345385,-0.987374]]],"btipPosition":[-27.4582,279.244,21.9444],"carpPosition":[-4.00001,297.189,76.0349],"dipPosition":[-24.796,278.65,4.94167],"direction":[-0.697598,-0.399185,0.594985],"extended":false,"handId":940,"id":9404,"length":50.4618,"mcpPosition":[6.55167,302.5,19.323],"pipPosition":[-11.165,286.45,-6.68426],"stabilizedTipPosition":[-52.861,243.906,220.114],"timeVisible":0.81351,"tipPosition":[-27.1643,279.107,18.0172],"tipVelocity":[15.3495,5.06077,-105.432],"tool":false,"touchDistance":0.333333,"touchZone":"none","type":4,"width":16.0419}],"r":[[0.833667,-0.467562,0.293914],[0.