{"sensorType":"Leap","data":[[0,{"currentFrameRate":110.483,"devices":[],"gestures":[],"hands":[{"armBasis":[[0.835082,-0.0865537,-0.543274],[0.38413,0.798672,0.463214],[0.393805,-0.595509,0.700205]],"armWidth":62.3999,"confidence":0.749258,"direction":[-0.0229819,0.358932,-0.933081],"elbow":[95.9018,124.279,273.947],"grabStrength":0,"id":936,"palmNormal":[-0.3852,-0.864445,-0.323042],"palmPosition":[-17.9543,299.687,39.2793],"palmVelocity":[2.87503,38.2321,-94.7335],"palmWidth":89.105,"pinchStrength":0.738611,"r":[[0.812911,-0.523283,-0.255638],[0.449911,0.842986,-0.294881],[0.369806,0.124698,0.920703]],"s":0.873464,"sphereCenter":[-56.9663,266.815,9.19709],"sphereRadius":56.7694,"stabilizedPalmPosition":[-19.7419,296.167,47.1557],"t":[6.55201,-16.1078,-142.936],"timeVisible":1.10263,"type":"right","wrist":[-8.22273,281.736,88.808]}],"id":4492801,"interactionBox":{"center":[0,200,0],"size":[235.247,235.247,147.751]},"pointables":[{"bases":[[[0.711279,0.701579,0.043233],[-0.561224,0.5298,0.635877],[0.423213,-0.476549,0.770579]],[[0.53341,0.818972,-0.211564],[-0.797998,0.570174,0.195196],[0.280488,0.0647076,0.957674]],[[0.53341,0.818972,-0.211564],[-0.844719,0.50279,-0.183447],[-0.043866,0.276564,0.959994]],[[0.53341,0.818972,-0.211564],[-0.821953,0.44282,-0.358194],[-0.199666,0.36496,0.909361]]],"btipPosition":[-45.6454,260.456,-6.77656],"carpPosition":[-37.9749,281.217,92.9328],"dipPosition":[-50.2215,268.82,14.0649],"direction":[0.043866,-0.276564,-0.959994],"extended":false,"handId":936,"id":9360,"length":51.0367,"mcpPosition":[-37.9749,281.217,92.9328],"pipPosition":[-51.6861,278.054,46.1184],"stabilizedTipPosition":[-48.5938,261.001,1.92202],"timeVisible":1.10263,"tipPosition":[-48.0909,262.735,-2.07423],"tipVelocity":[43.5995,30.4824,-94.3918],"tool":false,"touchDistance":0.123201,"touchZone":"hovering","type":0,"width":19.8305},{"bases":[[[0.905592,-0.286736,-0.312548],[0.3546,0.916136,0.186957],[0.232729,-0.280137,0.931322]],[[0.923405,-0.311708,-0.223968],[0.330276,0.942565,0.0498879],[0.195554,-0.120038,0.973319]],[[0.923405,-0.311708,-0.223968],[0.308497,0.949904,-0.0501187],[0.22837,-0.0228135,0.973307]],[[0.923405,-0.311708,-0.223968],[0.289652,0.948771,-0.126237],[0.251843,0.0516954,0.966386]]],"btipPosition":[-58.167,323.659,-59.1625],"carpPosition":[-23.5533,298.751,88.092],"dipPosition":[-53.9532,324.524,-42.9933],"direction":[-0.22837,0.0228135,-0.973307],"extended":true,"handId":936,"id":9361,"length":57.5892,"mcpPosition":[-40.3204,318.934,20.9944],"pipPosition":[-48.5478,323.984,-19.9554],"stabilizedTipPosition":[-56.8254,322.702,-47.6229],"timeVisible":1.10263,"tipPosition":[-56.4324,324.334,-55.5275],"tipVelocity":[-19.6517,8.72751,-91.9184],"tool":false,"touchDistance":0.102307,"touchZone":"hovering","type":1,"width":18.9421},{"bases":[[[0.8549,-0.473897,-0.211111],[0.507619,0.848098,0.151828],[0.107092,-0.236961,0.965599]],[[0.861522,-0.501708,-0.0778998],[0.363471,0.716579,-0.595318],[0.354497,0.484566,0.799705]],[[0.861522,-0.501708,-0.0778998],[0.246242,0.547065,-0.800053],[0.444009,0.670081,0.59485]],[[0.861522,-0.501708,-0.0778998],[0.166162,0.423593,-0.890483],[0.47976,0.754226,0.4483]]],"btipPosition":[-57.5372,257.797,-44.3965],"carpPosition":[-12.2941,297.02,84.1382],"dipPosition":[-48.7083,271.677,-36.1466],"direction":[-0.444009,-0.670081,-0.59485],"extended":true,"handId":936,"id":9362,"length":65.6183,"mcpPosition":[-19.6109,313.209,18.1659],"pipPosition":[-36.3438,290.337,-19.5816],"stabilizedTipPosition":[-55.1527,261.764,-42.6952],"timeVisible":1.10263,"tipPosition":[-54.4134,262.719,-44.1888],"tipVelocity":[-35.3799,-79.3033,24.1646],"tool":false,"touchDistance":0.333333,"touchZone":"hovering","type":2,"width":18.6036},{"bases":[[[0.820626,-0.566178,-0.0775551],[0.570556,0.804087,0.16706],[-0.0322249,-0.181344,0.982892]],[[0.813569,-0.581168,0.0186971],[0.457958,0.620612,-0.636487],[0.358302,0.526388,0.771061]],[[0.813569,-0.581168,0.0186971],[0.312877,0.410435,-0.856534],[0.490117,0.702699,0.515751]],[[0.813569,-0.581168,0.0186971],[0.211842,0.266303,-0.940322],[0.541506,0.768977,0.339771]]],"btipPosition":[-38.6023,247.244,-33.269],"carpPosition":[-1.69807,292.284,80.9689],"dipPosition":[-28.6944,261.314,-27.0523],"direction":[-0.490117,-0.702699,-0.515751],"extended":false,"handId":936,"id":9363,"length":63.0937,"mcpPosition":[0.278681,303.408,20.6761],"pipPosition":[-15.3985,280.377,-13.0609],"stabilizedTipPosition":[-36.1846,250.71,-31.9185],"timeVisible":1.10263,"tipPosition":[-35.1728,251.845,-33.6378],"tipVelocity":[-26.3706,-37.0932,22.4546],"tool":false,"touchDistance":0.386939,"touchZone":"hovering","type":3,"width":17.7025},{"bases":[[[0.705752,-0.708385,0.0101952],[0.686144,0.687036,0.23914],[-0.176407,-0.161778,0.970932]],[[0.639406,-0.726345,0.252156],[0.705883,0.424559,-0.56699],[0.304776,0.54053,0.784181]],[[0.639406,-0.726345,0.252156],[0.557819,0.212531,-0.802289],[0.529148,0.653646,0.541063]],[[0.639406,-0.726345,0.252156],[0.440628,0.0774095,-0.894346],[0.630085,0.682957,0.369544]]],"btipPosition":[-15.0358,247.46,-19.986],"carpPosition":[6.27122,281.039,78.902],"dipPosition":[-4.40014,258.988,-13.7482],"direction":[-0.529148,-0.653646,-0.541063],"extended":false,"handId":936,"id":9364,"length":49.4643,"mcpPosition":[16.2883,290.225,23.7687],"pipPosition":[5.73496,271.508,-3.38492],"stabilizedTipPosition":[-12.8594,249.622,-17.6771],"timeVisible":1.10263,"tipPosition":[-11.6223,251.51,-20.0889],"tipVelocity":[-0.936356,10.8707,-36.6156],"tool":false,"touchDistance":0.333333,"touchZone":"hovering","type":4,"width":15.7248}],"r":[[0.812911,-0.523283,-0.255638],[0.449911,0.842986,-0.294881],[0.369806,0.124698,0.920703]],"s":0.873464,"t":[6.55201,-16.1078,-142.936],"timestamp":607583942461},false],[1,{"currentFrameRate":110.487,"devices":[],"gestures":[],"hands":[{"armBasis":[[0.839151,-0.0812978,-0.537789],[0.374626,0.803221,0.463133],[0.394311,-0.590108,0.70448]],"armWidth":62.3999,"confidence":0.754395,"direction":[-0.0247842,0.365301,-0.93056],"elbow":[95.9082,125.882,273.786],"grabStrength":0,"id":936,"palmNormal":[-0.375052,-0.866252,-0.330067],"palmPosition":[-18.165,300.107,38.0944],"palmVelocity":[-4.34204,40.4855,-104.733],"palmWidth":89.105,"pinchStrength":0.766956,"r":[[0.81614,-0.518159,-0.255787],[0.445721,0.8462,-0.292025],[0.367763,0.124324,0.921572]],"s":0.871952,"sphereCenter":[-56.5305,267.447,7.8149],"sphereRadius":56.2948,"stabilizedPalmPosition":[-19.724,296.212,47.0529],"t":[6.42221,-15.7136,-144],"timeVisible":1.11168,"type":"right","wrist":[-8.35029,281.91,87.5169]}],"id":4492802,"interactionBox":{"center":[0,200,0],"size":[235.247,235.247,147.751]},"pointables":[{"bases":[[[0.703511,0.708933,0.049868],[-0.568379,0.519132,0.638316],[0.426635,-0.477406,0.768158]],[[0.524904,0.826216,-0.204554],[-0.803864,0.560204,0.199937],[0.279783,0.0594861,0.958219]],[[0.524904,0.826216,-0.204554],[-0.849629,0.494192,-0.18413],[-0.0510423,0.270446,0.961381]],[[0.524904,0.826216,-0.204554],[-0.825354,0.435343,-0.359538],[-0.208005,0.357553,0.910434]]],"btipPosition":[-45.3095,260.907,-8.23817],"carpPosition":[-38.1042,281.039,91.5687],"dipPosition":[-50.0768,269.101,12.6278],"direction":[0.0510423,-0.270446,-0.961381],"extended":false,"handId":936,"id":9360,"length":51.0367,"mcpPosition":[-38.1042,281.039,91.5687],"pipPosition":[-51.781,278.131,44.7276],"stabilizedTipPosition":[-48.4646,261.106,1.6055],"timeVisible":1.11168,"tipPosition":[-47.7497,263.119,-3.54776],"tipVelocity":[40.4753,34.6332,-112.75],"tool":false,"touchDistance":0.0989348,"touchZone":"hovering","type":0,"width":19.8305},{"bases":[[[0.909356,-0.274655,-0.312469],[0.344198,0.918576,0.194282],[0.233666,-0.284223,0.929848]],[[0.927108,-0.299832,-0.224882],[0.319488,0.945938,0.0559304],[0.195955,-0.123701,0.972779]],[[0.927108,-0.299832,-0.224882],[0.297555,0.953654,-0.0447776],[0.227885,-0.0254012,0.973357]],[[0.927108,-0.299832,-0.224882],[0.278649,0.952685,-0.121429],[0.25065,0.0499146,0.96679]]],"btipPosition":[-58.5299,324.21,-60.2474],"carpPosition":[-23.8633,298.762,86.8861],"dipPosition":[-54.3361,325.045,-44.0714],"direction":[-0.227885,0.0254012,-0.973357],"extended":true,"handId":936,"id":9361,"length":57.5892,"mcpPosition":[-40.6978,319.239,19.8947],"pipPosition":[-48.9421,324.444,-21.0324],"stabilizedTipPosition":[-56.8285,322.709,-47.6611],"timeVisible":1.11168,"tipPosition":[-56.8098,324.903,-56.6069],"tipVelocity":[-25.4359,22.9025,-99.6008],"tool":false,"touchDistance":0.0842499,"touchZone":"hovering","type":1,"width":18.9421},{"bases":[[[0.860474,-0.463073,-0.212482],[0.498027,0.852455,0.159026],[0.107491,-0.242659,0.964138]],[[0.86714,-0.490874,-0.0843285],[0.347244,0.717208,-0.604181],[0.357058,0.494626,0.792373]],[[0.86714,-0.490874,-0.0843285],[0.225585,0.538027,-0.812181],[0.44405,0.685251,0.577278]],[[0.86714,-0.490874,-0.0843285],[0.143739,0.408748,-0.901257],[0.476873,0.769394,0.424999]]],"btipPosition":[-57.9162,257.172,-44.2244],"carpPosition":[-12.577,297.181,82.9463],"dipPosition":[-49.1404,271.331,-36.4033],"direction":[-0.44405,-0.685251,-0.577278],"extended":false,"handId":936,"id":9362,"length":65.6183,"mcpPosition":[-19.9211,313.76,17.0738],"pipPosition":[-36.7748,290.413,-20.3277],"stabilizedTipPosition":[-55.4906,261.158,-42.5729],"timeVisible":1.11168,"tipPosition":[-54.778,262.178,-44.213],"tipVelocity":[-37.5508,-74.5453,19.7413],"tool":false,"touchDistance":0.333333,"touchZone":"hovering","type":2,"width":18.6036},{"bases":[[[0.826905,-0.55667,-0.0796644],[0.561404,0.809023,0.174092],[-0.0324618,-0.188682,0.981502]],[[0.820016,-0.572156,0.0145168],[0.447431,0.62503,-0.639643],[0.356902,0.531013,0.768535]],[[0.820016,-0.572156,0.0145168],[0.295466,0.401468,-0.866904],[0.490177,0.715165,0.498263]],[[0.820016,-0.572156,0.0145168],[0.19026,0.248584,-0.94974],[0.539791,0.781564,0.312702]]],"btipPosition":[-38.7218,247.223,-33.3043],"carpPosition":[-1.92307,292.584,79.7682],"dipPosition":[-28.8453,261.523,-27.5828],"direction":[-0.490177,-0.715165,-0.498263],"extended":false,"handId":936,"id":9363,"length":63.0937,"mcpPosition":[0.068208,304.158,19.5606],"pipPosition":[-15.5477,280.924,-14.0659],"stabilizedTipPosition":[-36.3121,250.615,-31.952],"timeVisible":1.11168,"tipPosition":[-35.3141,251.879,-33.8648],"tipVelocity":[-22.9616,-25.888,11.7146],"tool":false,"touchDistance":0.37934,"touchZone":"hovering","type":3,"width":17.7025},{"bases":[[[0.713387,-0.700737,0.00680647],[0.678095,0.692722,0.245607],[-0.176821,-0.170598,0.969346]],[[0.645747,-0.721111,0.251018],[0.704341,0.43563,-0.560473],[0.294812,0.538726,0.789215]],[[0.645747,-0.721111,0.251018],[0.558737,0.222204,-0.799023],[0.520407,0.65622,0.546399]],[[0.645747,-0.721111,0.251018],[0.442459,0.0854671,-0.892707],[0.622287,0.687528,0.374252]]],"btipPosition":[-14.4668,248.299,-21.514],"carpPosition":[6.17263,281.44,77.6399],"dipPosition":[-3.96282,259.904,-15.1967],"direction":[-0.520407,-0.65622,-0.546399],"extended":false,"handId":936,"id":9364,"length":49.4643,"mcpPosition":[16.2132,291.128,22.5967],"pipPosition":[6.00486,272.473,-4.73122],"stabilizedTipPosition":[-12.6139,250.031,-18.4009],"timeVisible":1.11168,"tipPosition":[-11.1671,252.34,-21.5239],"tipVelocity":[15.7436,33.9851,-72.5434],"tool":false,"touchDistance":0.333333,"touchZone":"hovering","type":4,"width":15.7248}],"r":[[0.81614,-0.518159,-0.255787],[0.445721,0.8462,-0.292025],[0.367763,0.124324,0.921572]],"s":0.871952,"t":[6.42221,-15.7136,-144],"timestamp":607583951506},false],[2,{"currentFrameRate":110.401,"devices":[],"gestures":[],"hands":[{"armBasis":[[0.841871,-0.0807826,-0.533598],[0.368672,0.808153,0.459315],[0.394124,-0.583406,0.710143]],"armWidth":62.3999,"confidence":0.758202,"direction":[-0.0255599,0.372683,-0.927607],"elbow":[95.5225,128.009,273.215],"grabStrength":0,"id":936,"palmNormal":[-0.368578,-0.866051,-0.337795],"palmPosition":[-18.5341,300.797,36.1568],"palmVelocity":[-14.3462,50.1246,-134.318],"palmWidth":89.105,"pinchStrength":0.804388,"r":[[0.819491,-0.512523,-0.256426],[0.44131,0.849817,-0.288195],[0.365622,0.12301,0.922599]],"s":0.871114,"sphereCenter":[-56.2582,268.602,5.64808],"sphereRadius":55.7061,"stabilizedPalmPosition":[-19.713,296.254,46.9527],"t":[6.17278,-15.1715,-145.501],"timeVisible":1.12089,"type":"right","wrist":[-8.6865,282.265,85.4482]}],"id":4492803,"interactionBox":{"center":[0,200,0],"size":[235.247,235.247,147.751]},"pointables":[{"bases":[[[0.698604,0.713238,0.0569453],[-0.573043,0.510072,0.641443],[0.428455,-0.480747,0.765055]],[[0.519739,0.831355,-0.196773],[-0.807262,0.553295,0.20541],[0.279642,0.0520871,0.95869]],[[0.519739,0.831355,-0.196773],[-0.852472,0.489507,-0.183505],[-0.0562366,0.263118,0.963123]],[[0.519739,0.831355,-0.196773],[-0.826932,0.431692,-0.360313],[-0.214603,0.349986,0.911842]]],"btipPosition":[-45.315,261.808,-10.4835],"carpPosition":[-38.4412,281.16,89.4369],"dipPosition":[-50.2334,269.829,10.4148],"direction":[0.0562366,-0.263118,-0.963123],"extended":false,"handId":936,"id":9360,"length":51.0367,"mcpPosition":[-38.4412,281.16,89.4369],"pipPosition":[-52.1111,278.614,42.5728],"stabilizedTipPosition":[-48.3755,261.219,1.28404],"timeVisible":1.12089,"tipPosition":[-47.7414,263.954,-5.80011],"tipVelocity":[27.921,51.1193,-149.219],"tool":false,"touchDistance":0.0616368,"touchZone":"hovering","type":0,"width":19.8305},{"bases":[[[0.911762,-0.265956,-0.312981],[0.337618,0.919269,0.202383],[0.233889,-0.290193,0.927946]],[[0.929439,-0.291572,-0.226117],[0.312708,0.947739,0.0632806],[0.195849,-0.129524,0.972042]],[[0.929439,-0.291572,-0.226117],[0.290767,0.956054,-0.0376279],[0.227152,-0.0307747,0.973373]],[[0.929439,-0.291572,-0.226117],[0.2719,0.955494,-0.11446],[0.249427,0.0449028,0.967352]]],"btipPosition":[-58.9524,325.35,-62.0501],"carpPosition":[-24.312,299.017,84.9251],"dipPosition":[-54.7791,326.102,-45.8647],"direction":[-0.227152,0.0307747,-0.973373],"extended":true,"handId":936,"id":9361,"length":57.5892,"mcpPosition":[-41.1627,319.924,18.0708],"pipPosition":[-49.4025,325.373,-22.8253],"stabilizedTipPosition":[-56.8329,322.72,-47.701],"timeVisible":1.12089,"tipPosition":[-57.2496,326.033,-58.402],"tipVelocity":[-31.3038,50.5848,-126.455],"tool":false,"touchDistance":0.054241,"touchZone":"hovering","type":1,"width":18.9421},{"bases":[[[0.863974,-0.455507,-0.21462],[0.491955,0.854477,0.16688],[0.107373,-0.249763,0.962335]],[[0.870616,-0.48348,-0.0909698],[0.335973,0.719386,-0.607952],[0.359375,0.498729,0.788745]],[[0.870616,-0.48348,-0.0909698],[0.208345,0.529856,-0.822098],[0.445669,0.696778,0.562031]],[[0.870616,-0.48348,-0.0909698],[0.12336,0.393546,-0.910991],[0.476246,0.781901,0.402269]]],"btipPosition":[-58.4822,257.275,-45.0396],"carpPosition":[-13.0082,297.544,80.9938],"dipPosition":[-49.718,271.664,-37.6368],"direction":[-0.445669,-0.696778,-0.562031],"extended":false,"handId":936,"id":9362,"length":65.6183,"mcpPosition":[-20.3442,314.609,15.2445],"pipPosition":[-37.3073,291.068,-21.9857],"stabilizedTipPosition":[-55.9294,260.9,-42.9165],"timeVisible":1.12089,"tipPosition":[-55.3702,262.293,-45.1608],"tipVelocity":[-44.3268,-48.9204,-13.4936],"tool":false,"touchDistance":0.318143,"touchZone":"hovering","type":2,"width":18.6036},{"bases":[[[0.830798,-0.550407,-0.0826303],[0.555597,0.811353,0.181712],[-0.0329729,-0.196875,0.979874]],[[0.824091,-0.566382,0.00920575],[0.435817,0.623569,-0.649018],[0.361852,0.538863,0.760717]],[[0.824091,-0.566382,0.00920575],[0.275168,0.386061,-0.880477],[0.495132,0.728127,0.473999]],[[0.824091,-0.566382,0.00920575],[0.165622,0.225377,-0.960091],[0.541703,0.792728,0.279536]]],"btipPosition":[-39.4709,247.287,-33.567],"carpPosition":[-2.31757,293.045,77.7985],"dipPosition":[-29.5594,261.792,-28.4524],"direction":[-0.495132,-0.728127,-0.473999],"extended":false,"handId":936,"id":9363,"length":63.0937,"mcpPosition":[-0.29493,305.122,17.6907],"pipPosition":[-16.1274,281.545,-15.5937],"stabilizedTipPosition":[-36.7509,250.619,-32.171],"timeVisible":1.12089,"tipPosition":[-36.032,252.045,-34.4048],"tipVelocity":[-39.0627,-15.2595,-3.79566],"tool":false,"touchDistance":0.368705,"touchZone":"hovering","type":3,"width":17.7025},{"bases":[[[0.7181,-0.695936,0.00245431],[0.672942,0.695265,0.252498],[-0.177429,-0.179668,0.967594]],[[0.649018,-0.718743,0.249368],[0.703732,0.44266,-0.55571],[0.289027,0.536154,0.793097]],[[0.649018,-0.718743,0.249368],[0.558323,0.227341,-0.797867],[0.51677,0.657058,0.548839]],[[0.649018,-0.718743,0.249368],[0.441595,0.0890034,-0.892789],[0.619491,0.689556,0.375158]]],"btipPosition":[-14.4305,249.387,-23.6559],"carpPosition":[5.85724,281.974,75.595],"dipPosition":[-3.97371,261.026,-17.3233],"direction":[-0.51677,-0.657058,-0.548839],"extended":false,"handId":936,"id":9364,"length":49.4643,"mcpPosition":[15.9324,292.176,20.6512],"pipPosition":[5.9243,273.611,-6.81109],"stabilizedTipPosition":[-12.4782,250.5,-19.2767],"timeVisible":1.12089,"tipPosition":[-11.1907,253.408,-23.6219],"tipVelocity":[12.1097,57.7682,-117.244],"tool":false,"touchDistance":0.297694,"touchZone":"hovering","type":4,"width":15.7248}],"r":[[0.819491,-0.512523,-0.256426],[0.44131,0.849817,-0.288195],[0.365622,0.12301,0.922599]],"s":0.871114,"t":[6.17278,-15.1715,-145.501],"timestamp":607583960715},false],[3,{"currentFrameRate":110.493,"devices":[],"gestures":[],"hands":[{"armBasis":[[0.844178,-0.0797301,-0.5301],[0.364614,0.810301,0.458769],[0.392963,-0.580564,0.713109]],"armWidth":62.3999,"confidence":0.764275,"direction":[-0.0294,0.375726,-0.926264],"elbow":[95.1144,129.035,272.768],"grabStrength":0,"id":936,"palmNormal":[-0.363902,-0.867096,-0.340175],"palmPosition":[-18.8315,301.182,35.0067],"palmVelocity":[-19.5403,48.2844,-132.985],"palmWidth":89.105,"pinchStrength":0.828736,"r":[[0.822678,-0.506823,-0.257548],[0.436632,0.853409,-0.284685],[0.364079,0.121751,0.923376]],"s":0.87075,"sphereCenter":[-55.8626,269.029,4.46415],"sphereRadius":55.1986,"stabilizedPalmPosition":[-19.7067,296.29,46.8667],"t":[5.89936,-14.7079,-146.826],"timeVisible":1.12978,"type":"right","wrist":[-8.78773,282.54,84.2169]}],"id":4492804,"interactionBox":{"center":[0,200,0],"size":[235.247,235.247,147.751]},"pointables":[{"bases":[[[0.694368,0.717259,0.0582405],[-0.575026,0.504368,0.644173],[0.432664,-0.480783,0.762659]],[[0.514456,0.835133,-0.194651],[-0.809148,0.547924,0.212271],[0.283928,0.0482974,0.957628]],[[0.514456,0.835133,-0.194651],[-0.855339,0.483587,-0.185844],[-0.0610737,0.262101,0.963106]],[[0.514456,0.835133,-0.194651],[-0.827638,0.424171,-0.36755],[-0.224388,0.350189,0.909405]]],"btipPosition":[-45.2259,262.103,-11.5601],"carpPosition":[-38.5284,281.241,88.2519],"dipPosition":[-50.3685,270.129,9.2823],"direction":[0.0610737,-0.262101,-0.963106],"extended":false,"handId":936,"id":9360,"length":51.0367,"mcpPosition":[-38.5284,281.241,88.2519],"pipPosition":[-52.4078,278.88,41.4397],"stabilizedTipPosition":[-48.3137,261.305,1.03092],"timeVisible":1.12978,"tipPosition":[-47.6835,264.251,-6.92186],"tipVelocity":[21.4836,46.2945,-141.987],"tool":false,"touchDistance":0.0434783,"touchZone":"hovering","type":0,"width":19.8305},{"bases":[[[0.91282,-0.25934,-0.315439],[0.332389,0.920593,0.205],[0.237226,-0.291977,0.926538]],[[0.930703,-0.284977,-0.229304],[0.306732,0.949586,0.0648298],[0.199269,-0.130672,0.971193]],[[0.930703,-0.284977,-0.229304],[0.284327,0.958028,-0.0365989],[0.23011,-0.0311347,0.972667]],[[0.930703,-0.284977,-0.229304],[0.265136,0.957472,-0.113801],[0.251983,0.0451185,0.966679]]],"btipPosition":[-59.6528,325.714,-63.0319],"carpPosition":[-24.5153,299.198,83.7783],"dipPosition":[-55.4367,326.469,-46.8577],"direction":[-0.23011,0.0311347,-0.972667],"extended":true,"handId":936,"id":9361,"length":57.5892,"mcpPosition":[-41.6063,320.234,17.0254],"pipPosition":[-49.9901,325.732,-23.8351],"stabilizedTipPosition":[-56.839,322.73,-47.7392],"timeVisible":1.12978,"tipPosition":[-57.9507,326.416,-59.386],"tipVelocity":[-43.9067,47.9754,-122.192],"tool":false,"touchDistance":0.0378354,"touchZone":"hovering","type":1,"width":18.9421},{"bases":[[[0.86635,-0.449516,-0.217655],[0.487055,0.856862,0.169012],[0.110526,-0.252433,0.961281]],[[0.873369,-0.477422,-0.0964059],[0.326473,0.720718,-0.611539],[0.361444,0.502626,0.785319]],[[0.873369,-0.477422,-0.0964059],[0.195523,0.524952,-0.828369],[0.44609,0.704623,0.551824]],[[0.873369,-0.477422,-0.0964059],[0.108987,0.38448,-0.916677],[0.474708,0.790091,0.387826]]],"btipPosition":[-58.9801,257.168,-45.4268],"carpPosition":[-13.2095,297.808,79.8228],"dipPosition":[-50.2441,271.708,-38.2898],"direction":[-0.44609,-0.704623,-0.551824],"extended":false,"handId":936,"id":9362,"length":65.6183,"mcpPosition":[-20.7609,315.055,14.1455],"pipPosition":[-37.8217,291.33,-22.923],"stabilizedTipPosition":[-56.3608,260.74,-43.2764],"timeVisible":1.12978,"tipPosition":[-55.9457,262.133,-45.5656],"tipVelocity":[-47.7018,-37.8372,-23.5321],"tool":false,"touchDistance":0.310671,"touchZone":"hovering","type":2,"width":18.6036},{"bases":[[[0.833974,-0.545071,-0.0859393],[0.550982,0.814073,0.183587],[-0.0301072,-0.200458,0.97924]],[[0.827666,-0.561202,0.00452185],[0.424915,0.621364,-0.658296],[0.366627,0.546771,0.752746]],[[0.827666,-0.561202,0.00452185],[0.258415,0.373936,-0.890726],[0.498187,0.738393,0.454517]],[[0.827666,-0.561202,0.00452185],[0.146337,0.208027,-0.967114],[0.541806,0.80111,0.254302]]],"btipPosition":[-40.1201,247.069,-33.3937],"carpPosition":[-2.49727,293.385,76.5939],"dipPosition":[-30.2067,261.727,-28.7408],"direction":[-0.498187,-0.738393,-0.454517],"extended":false,"handId":936,"id":9363,"length":63.0937,"mcpPosition":[-0.650427,305.681,16.5251],"pipPosition":[-16.6918,281.758,-16.4106],"stabilizedTipPosition":[-37.2919,250.53,-32.2468],"timeVisible":1.12978,"tipPosition":[-36.7386,251.823,-34.3434],"tipVelocity":[-48.2822,-16.7091,-0.712745],"tool":false,"touchDistance":0.366175,"touchZone":"hovering","type":3,"width":17.7025},{"bases":[[[0.722305,-0.691574,-0.00117001],[0.669149,0.698455,0.253773],[-0.174686,-0.184084,0.967263]],[[0.652608,-0.715654,0.248882],[0.700649,0.44495,-0.557773],[0.288432,0.538386,0.7918]],[[0.652608,-0.715654,0.248882],[0.553121,0.225481,-0.802008],[0.517842,0.661058,0.542994]],[[0.652608,-0.715654,0.248882],[0.434821,0.084734,-0.896521],[0.62051,0.693296,0.366479]]],"btipPosition":[-14.72,249.818,-24.5905],"carpPosition":[5.74067,282.371,74.3383],"dipPosition":[-4.24599,261.52,-18.4044],"direction":[-0.517842,-0.661058,-0.542993],"extended":false,"handId":936,"id":9364,"length":49.4643,"mcpPosition":[15.66,292.824,19.4133],"pipPosition":[5.67255,274.182,-8.00416],"stabilizedTipPosition":[-12.45,250.839,-19.9333],"timeVisible":1.12978,"tipPosition":[-11.4992,253.81,-24.5807],"tipVelocity":[0.0919969,55.6932,-114.993],"tool":false,"touchDistance":0.281555,"touchZone":"hovering","type":4,"width":15.7248}],"r":[[0.822678,-0.506823,-0.257548],[0.436632,0.853409,-0.284685],[0.364079,0.121751,0.923376]],"s":0.87075,"t":[5.89936,-14.7079,-146.826],"timestamp":607583969602},false],[4,{"currentFrameRate":110.441,"devices":[],"gestures":[],"hands":[{"armBasis":[[0.845261,-0.0789491,-0.528489],[0.36155,0.812756,0.456846],[0.393465,-0.57723,0.715535]],"armWidth":62.3999,"confidence":0.770297,"direction":[-0.0311325,0.376169,-0.926028],"elbow":[95.2463,130.144,272.599],"grabStrength":0,"id":936,"palmNormal":[-0.36054,-0.868329,-0.34061],"palmPosition":[-18.9189,301.399,34.2109],"palmVelocity":[-16.7603,41.4541,-120.181],"palmWidth":89.105,"pinchStrength":0.84872,"r":[[0.82559,-0.50156,-0.258531],[0.432177,0.856632,-0.281789],[0.362799,0.120911,0.92399]],"s":0.870273,"sphereCenter":[-55.3722,269.363,3.70094],"sphereRadius":54.6913,"stabilizedPalmPosition":[-19.702,296.32,46.7922],"t":[5.71895,-14.3674,-147.887],"timeVisible":1.13892,"type":"right","wrist":[-8.78841,282.767,83.4072]}],"id":4492805,"interactionBox":{"center":[0,200,0],"size":[235.247,235.247,147.751]},"pointables":[{"bases":[[[0.691526,0.719979,0.0584997],[-0.57686,0.501686,0.644627],[0.434769,-0.479523,0.762256]],[[0.510998,0.837318,-0.194371],[-0.810514,0.544654,0.215451],[0.286266,0.0474451,0.956975]],[[0.510998,0.837318,-0.194371],[-0.857168,0.479429,-0.188178],[-0.0643781,0.262767,0.962709]],[[0.510998,0.837318,-0.194371],[-0.828101,0.418897,-0.372523],[-0.230499,0.351317,0.907439]]],"btipPosition":[-45.084,262.203,-12.2728],"carpPosition":[-38.5226,281.348,87.449],"dipPosition":[-50.3667,270.255,8.52454],"direction":[0.0643781,-0.262767,-0.962709],"extended":false,"handId":936,"id":9360,"length":51.0367,"mcpPosition":[-38.5226,281.348,87.449],"pipPosition":[-52.5163,279.029,40.6687],"stabilizedTipPosition":[-48.2664,261.369,0.830861],"timeVisible":1.13892,"tipPosition":[-47.5311,264.351,-7.66612],"tipVelocity":[18.8405,36.6403,-124.462],"tool":false,"touchDistance":0.0314272,"touchZone":"hovering","type":0,"width":19.8305},{"bases":[[[0.913763,-0.255517,-0.31583],[0.32878,0.921783,0.205475],[0.238624,-0.291594,0.9263]],[[0.931657,-0.280942,-0.230405],[0.302603,0.950963,0.0640457],[0.201113,-0.12939,0.970985]],[[0.931657,-0.280942,-0.230405],[0.279813,0.959292,-0.0382603],[0.231774,-0.0288248,0.972342]],[[0.931657,-0.280942,-0.230405],[0.260335,0.958516,-0.116076],[0.253457,0.0481603,0.966147]]],"btipPosition":[-59.962,325.692,-63.7849],"carpPosition":[-24.5822,299.364,82.9827],"dipPosition":[-55.7213,326.498,-47.6197],"direction":[-0.231774,0.0288248,-0.972342],"extended":true,"handId":936,"id":9361,"length":57.5892,"mcpPosition":[-41.774,320.372,16.247],"pipPosition":[-50.2353,325.815,-24.6047],"stabilizedTipPosition":[-56.8453,322.74,-47.7757],"timeVisible":1.13892,"tipPosition":[-58.263,326.425,-60.1415],"tipVelocity":[-40.9223,34.3054,-111.153],"tool":false,"touchDistance":0.0252504,"touchZone":"hovering","type":1,"width":18.9421},{"bases":[[[0.868073,-0.445936,-0.21815],[0.483688,0.858689,0.169409],[0.111777,-0.252576,0.961099]],[[0.875226,-0.473419,-0.0992673],[0.318479,0.718448,-0.618388],[0.364075,0.509615,0.779578]],[[0.875226,-0.473419,-0.0992673],[0.182546,0.51331,-0.838564],[0.447947,0.715812,0.535683]],[[0.875226,-0.473419,-0.0992673],[0.0934524,0.366845,-0.925576],[0.474601,0.800812,0.365314]]],"btipPosition":[-59.3019,256.552,-45.079],"carpPosition":[-13.2719,298.02,79.0235],"dipPosition":[-50.568,271.289,-38.3562],"direction":[-0.447947,-0.715812,-0.535683],"extended":false,"handId":936,"id":9362,"length":65.6183,"mcpPosition":[-20.9088,315.277,13.3587],"pipPosition":[-38.0938,291.222,-23.4389],"stabilizedTipPosition":[-56.7489,260.407,-43.3831],"timeVisible":1.13892,"tipPosition":[-56.3091,261.528,-45.3468],"tipVelocity":[-44.2306,-44.6872,-9.29441],"tool":false,"touchDistance":0.314881,"touchZone":"hovering","type":2,"width":18.6036},{"bases":[[[0.836112,-0.541699,-0.0864845],[0.547789,0.816145,0.183942],[-0.0290573,-0.201171,0.979125]],[[0.830124,-0.557576,0.00179536],[0.416749,0.618314,-0.666339],[0.370425,0.553892,0.745647]],[[0.830124,-0.557576,0.00179536],[0.244831,0.36161,-0.899609],[0.500951,0.747226,0.436693]],[[0.830124,-0.557576,0.00179536],[0.130258,0.190796,-0.972949],[0.542151,0.807902,0.231013]]],"btipPosition":[-40.4777,246.694,-32.9712],"carpPosition":[-2.54307,293.642,75.7891],"dipPosition":[-30.5581,261.476,-28.7444],"direction":[-0.500951,-0.747226,-0.436693],"extended":false,"handId":936,"id":9363,"length":63.0937,"mcpPosition":[-0.760633,305.982,15.7273],"pipPosition":[-16.9682,281.747,-16.8977],"stabilizedTipPosition":[-37.7499,250.309,-32.1213],"timeVisible":1.13892,"tipPosition":[-37.1361,251.416,-34.0149],"tipVelocity":[-45.6804,-22.5924,9.36177],"tool":false,"touchDistance":0.367758,"touchZone":"hovering","type":3,"width":17.7025},{"bases":[[[0.725048,-0.688696,-0.0017759],[0.666433,0.700955,0.254027],[-0.173703,-0.185365,0.967195]],[[0.654516,-0.713205,0.250894],[0.698139,0.442762,-0.56264],[0.290192,0.543416,0.787711]],[[0.654516,-0.713205,0.250894],[0.547163,0.217831,-0.808184],[0.521749,0.666249,0.532814]],[[0.654516,-0.713205,0.250894],[0.426612,0.0744196,-0.901368],[0.624189,0.696994,0.352971]]],"btipPosition":[-14.9763,249.845,-24.8356],"carpPosition":[5.738,282.662,73.5247],"dipPosition":[-4.44022,261.611,-18.8776],"direction":[-0.521749,-0.666249,-0.532814],"extended":false,"handId":936,"id":9364,"length":49.4643,"mcpPosition":[15.6015,293.188,18.6035],"pipPosition":[5.55315,274.372,-8.6723],"stabilizedTipPosition":[-12.4633,251.06,-20.3903],"timeVisible":1.13892,"tipPosition":[-11.7253,253.794,-24.8893],"tipVelocity":[-7.29939,41.475,-92.035],"tool":false,"touchDistance":0.276596,"touchZone":"hovering","type":4,"width":15.7248}],"r":[[0.82559,-0.50156,-0.258531],[0.432177,0.856632,-0.281789],[0.362799,0.120911,0.92399]],"s":0.870273,"t":[5.71895,-14.3674,-147.887],"timestamp":607583978750},false],[5,{"currentFrameRate":110.52,"devices":[],"gestures":[],"hands":[{"armBasis":[[0.847628,-0.0760669,-0.525111],[0.35667,0.814397,0.45776],[0.392828,-0.575301,0.717436]],"armWidth":62.3999,"confidence":0.772043,"direction":[-0.0311725,0.379577,-0.924635],"elbow":[94.9169,130.864,271.907],"grabStrength":0,"id":936,"palmNormal":[-0.355566,-0.868782,-0.344661],"palmPosition":[-19.0752,301.749,33.0681],"palmVelocity":[-16.9733,40.8406,-122.39],"palmWidth":89.105,"pinchStrength":0.868572,"r":[[0.828494,-0.496317,-0.259359],[0.427859,0.859825,-0.278635],[0.361295,0.119878,0.924714]],"s":0.869715,"sphereCenter":[-54.8982,269.929,2.41329],"sphereRadius":54.1989,"stabilizedPalmPosition":[-19.6992,296.345,46.7292],"t":[5.55062,-14.0226,-148.989],"timeVisible":1.14783,"type":"right","wrist":[-8.94936,282.977,82.2125]}],"id":4492806,"interactionBox":{"center":[0,200,0],"size":[235.247,235.247,147.751]},"pointables":[{"bases":[[[0.687837,0.723158,0.0626411],[-0.580604,0.49634,0.645404],[0.435637,-0.480302,0.761269]],[[0.507292,0.840555,-0.190059],[-0.812986,0.539942,0.217981],[0.285846,0.0439354,0.957268]],[[0.507292,0.840555,-0.190059],[-0.859018,0.475593,-0.189472],[-0.0688705,0.259382,0.963316]],[[0.507292,0.840555,-0.190059],[-0.828646,0.415219,-0.375417],[-0.236643,0.347938,0.90716]]],"btipPosition":[-44.9341,262.613,-13.5603],"carpPosition":[-38.684,281.395,86.1897],"dipPosition":[-50.3576,270.587,7.23068],"direction":[0.0688705,-0.259382,-0.963316],"extended":false,"handId":936,"id":9360,"length":51.0367,"mcpPosition":[-38.684,281.395,86.1897],"pipPosition":[-52.6572,279.248,39.3951],"stabilizedTipPosition":[-48.2313,261.421,0.669221],"timeVisible":1.14783,"tipPosition":[-47.3731,264.722,-8.96794],"tipVelocity":[17.3029,38.6361,-129.973],"tool":false,"touchDistance":0.00994496,"touchZone":"hovering","type":0,"width":19.8305},{"bases":[[[0.915636,-0.249778,-0.314994],[0.323807,0.922598,0.209671],[0.238242,-0.293979,0.925644]],[[0.933401,-0.275291,-0.230167],[0.297476,0.952355,0.0672973],[0.200674,-0.131285,0.970821]],[[0.933401,-0.275291,-0.230167],[0.274583,0.960898,-0.0357599],[0.231012,-0.0298215,0.972494]],[[0.933401,-0.275291,-0.230167],[0.255041,0.96017,-0.114137],[0.25242,0.0478332,0.966435]]],"btipPosition":[-60.1227,326.106,-64.9015],"carpPosition":[-24.8242,299.497,81.8204],"dipPosition":[-55.8993,326.906,-48.7314],"direction":[-0.231012,0.0298215,-0.972494],"extended":true,"handId":936,"id":9361,"length":57.5892,"mcpPosition":[-41.9885,320.677,15.1319],"pipPosition":[-50.4313,326.2,-25.7128],"stabilizedTipPosition":[-56.851,322.748,-47.8088],"timeVisible":1.14783,"tipPosition":[-58.4395,326.851,-61.2535],"tipVelocity":[-34.8156,37.575,-114.985],"tool":false,"touchDistance":0.00665967,"touchZone":"hovering","type":1,"width":18.9421},{"bases":[[[0.870698,-0.440795,-0.218138],[0.479097,0.86041,0.17367],[0.111135,-0.255723,0.960341]],[[0.877741,-0.468239,-0.101601],[0.311379,0.718618,-0.621796],[0.364162,0.51414,0.776561]],[[0.877741,-0.468239,-0.101601],[0.171114,0.504406,-0.846342],[0.447539,0.725484,0.52286]],[[0.877741,-0.468239,-0.101601],[0.0798058,0.351962,-0.932606],[0.472442,0.810478,0.346299]]],"btipPosition":[-59.4388,256.31,-45.3227],"carpPosition":[-13.4997,298.225,77.8785],"dipPosition":[-50.7446,271.225,-38.9498],"direction":[-0.447539,-0.725484,-0.52286],"extended":false,"handId":936,"id":9362,"length":65.6183,"mcpPosition":[-21.0927,315.697,12.2655],"pipPosition":[-38.2818,291.428,-24.3896],"stabilizedTipPosition":[-57.018,260.148,-43.5679],"timeVisible":1.14783,"tipPosition":[-56.4979,261.296,-45.6881],"tipVelocity":[-36.6539,-38.6504,-16.6714],"tool":false,"touchDistance":0.309477,"touchZone":"hovering","type":2,"width":18.6036},{"bases":[[[0.838952,-0.537221,-0.0869052],[0.543378,0.818128,0.188166],[-0.0299874,-0.205085,0.978285]],[[0.833137,-0.553066,-0.00122301],[0.408833,0.617351,-0.672111],[0.372476,0.55946,0.74045]],[[0.833137,-0.553066,-0.00122301],[0.232471,0.352198,-0.906595],[0.501837,0.755033,0.422001]],[[0.833137,-0.553066,-0.00122301],[0.116102,0.177057,-0.977329],[0.540743,0.814106,0.211725]]],"btipPosition":[-40.7086,246.635,-33.0812],"carpPosition":[-2.74297,293.912,74.6487],"dipPosition":[-30.8147,261.531,-29.2073],"direction":[-0.501837,-0.755033,-0.422001],"extended":false,"handId":936,"id":9363,"length":63.0937,"mcpPosition":[-0.903466,306.492,14.6384],"pipPosition":[-17.2008,282.014,-17.7592],"stabilizedTipPosition":[-38.0909,250.186,-32.1557],"timeVisible":1.14783,"tipPosition":[-37.3929,251.351,-34.2194],"tipVelocity":[-40.4837,-17.4441,0.972857],"tool":false,"touchDistance":0.361449,"touchZone":"hovering","type":3,"width":17.7025},{"bases":[[[0.728451,-0.685091,-0.00298319],[0.662453,0.703256,0.258044],[-0.174686,-0.189949,0.966129]],[[0.656685,-0.710931,0.251677],[0.696091,0.442953,-0.565022],[0.290211,0.546232,0.785753]],[[0.656685,-0.710931,0.251677],[0.541961,0.212791,-0.813018],[0.524445,0.670296,0.525034]],[[0.656685,-0.710931,0.251677],[0.419225,0.0667061,-0.905428],[0.626909,0.700091,0.341845]]],"btipPosition":[-15.1599,250.198,-25.5366],"carpPosition":[5.59681,282.982,72.3585],"dipPosition":[-4.5779,262.016,-19.7664],"direction":[-0.524445,-0.670296,-0.525034],"extended":false,"handId":936,"id":9364,"length":49.4643,"mcpPosition":[15.5161,293.768,17.4979],"pipPosition":[5.46711,274.854,-9.71009],"stabilizedTipPosition":[-12.4887,251.239,-20.7585],"timeVisible":1.14783,"tipPosition":[-11.8735,254.106,-25.6425],"tipVelocity":[-10.6003,41.3349,-89.7258],"tool":false,"touchDistance":0.264192,"touchZone":"hovering","type":4,"width":15.7248}],"r":[[0.828494,-0.496317,-0.259359],[0.427859,0.859825,-0.278635],[0.361295,0.119878,0.924714]],"s":0.869715,"t":[5.55062,-14.0226,-148.989],"timestamp":607583987657},false],[6,{"currentFrameRate":110.464,"devices":[],"gestures":[],"hands":[{"armBasis":[[0.849432,-0.0739602,-0.522489],[0.352719,0.816027,0.457919],[0.392497,-0.573263,0.719246]],"armWidth":62.3999,"confidence":0.773252,"direction":[-0.0299981,0.383911,-0.922883],"elbow":[94.6136,131.594,271.232],"grabStrength":0,"id":936,"palmNormal":[-0.35166,-0.868324,-0.349784],"palmPosition":[-19.2238,302.141,31.9782],"palmVelocity":[-16.7698,41.4064,-121.468],"palmWidth":89.105,"pinchStrength":0.897407,"r":[[0.831273,-0.491291,-0.260036],[0.423948,0.862911,-0.275051],[0.359518,0.118401,0.925596]],"s":0.869171,"sphereCenter":[-54.1482,270.747,1.10033],"sphereRadius":53.4494,"stabilizedPalmPosition":[-19.6973,296.367,46.6729],"t":[5.39211,-13.654,-150.085],"timeVisible":1.15698,"type":"right","wrist":[-9.16534,283.168,81.059]}],"id":4492807,"interactionBox":{"center":[0,200,0],"size":[235.247,235.247,147.751]},"pointables":[{"bases":[[[0.685182,0.725194,0.0679642],[-0.584029,0.491244,0.646212],[0.435242,-0.482466,0.760126]],[[0.505105,0.843122,-0.184432],[-0.814682,0.536319,0.220579],[0.284889,0.0388383,0.957773]],[[0.505105,0.843122,-0.184432],[-0.859949,0.473536,-0.190401],[-0.0731961,0.254775,0.964226]],[[0.505105,0.843122,-0.184432],[-0.828078,0.413216,-0.378865],[-0.243219,0.344091,0.906888]]],"btipPosition":[-44.8131,263.174,-14.8504],"carpPosition":[-38.905,281.466,84.9484],"dipPosition":[-50.3874,271.06,5.93433],"direction":[0.0731961,-0.254775,-0.964226],"extended":false,"handId":936,"id":9360,"length":51.0367,"mcpPosition":[-38.905,281.466,84.9484],"pipPosition":[-52.8313,279.567,38.1291],"stabilizedTipPosition":[-48.2313,261.421,0.669221],"timeVisible":1.15698,"tipPosition":[-47.2395,265.236,-10.2713],"tipVelocity":[15.1101,44.3431,-133.074],"tool":false,"touchDistance":-0.0615809,"touchZone":"hovering","type":0,"width":19.8305},{"bases":[[[0.917328,-0.24513,-0.313721],[0.320078,0.92268,0.214968],[0.236769,-0.297612,0.924861]],[[0.934909,-0.270911,-0.229244],[0.293949,0.953068,0.0724938],[0.198845,-0.135161,0.970666]],[[0.934909,-0.270911,-0.229244],[0.271228,0.962024,-0.0307496],[0.228868,-0.0334293,0.972883]],[[0.934909,-0.270911,-0.229244],[0.251837,0.961577,-0.109302],[0.250046,0.044455,0.967213]]],"btipPosition":[-60.1206,326.811,-65.9777],"carpPosition":[-25.0957,299.635,80.7034],"dipPosition":[-55.9369,327.554,-49.7947],"direction":[-0.228868,0.0334293,-0.972883],"extended":true,"handId":936,"id":9361,"length":57.5892,"mcpPosition":[-42.1538,321.077,14.0714],"pipPosition":[-50.5197,326.763,-26.7668],"stabilizedTipPosition":[-56.851,322.748,-47.8088],"timeVisible":1.15698,"tipPosition":[-58.4571,327.537,-62.3224],"tipVelocity":[-25.3337,48.1686,-115.618],"tool":false,"touchDistance":-0.0612277,"touchZone":"hovering","type":1,"width":18.9421},{"bases":[[[0.872786,-0.436764,-0.217904],[0.475676,0.861197,0.179088],[0.109439,-0.259957,0.959398]],[[0.879604,-0.464442,-0.102915],[0.307531,0.720227,-0.62185],[0.362936,0.515332,0.776344]],[[0.879604,-0.464442,-0.102915],[0.164903,0.500619,-0.849816],[0.446211,0.73053,0.516934]],[[0.879604,-0.464442,-0.102915],[0.0723801,0.344487,-0.935997],[0.470169,0.815857,0.336629]]],"btipPosition":[-59.4429,256.5,-45.9976],"carpPosition":[-13.7563,298.421,76.786],"dipPosition":[-50.7905,271.514,-39.8027],"direction":[-0.446211,-0.73053,-0.516934],"extended":false,"handId":936,"id":9362,"length":65.6183,"mcpPosition":[-21.2335,316.182,11.2374],"pipPosition":[-38.3647,291.857,-25.4075],"stabilizedTipPosition":[-57.1604,260.084,-43.8968],"timeVisible":1.15698,"tipPosition":[-56.5677,261.442,-46.3553],"tipVelocity":[-26.8626,-21.4257,-33.811],"tool":false,"touchDistance":0.297547,"touchZone":"hovering","type":2,"width":18.6036},{"bases":[[[0.841019,-0.533928,-0.0872221],[0.540063,0.819065,0.193554],[-0.0319034,-0.209888,0.977205]],[[0.835451,-0.549537,-0.00563114],[0.398545,0.612893,-0.682293],[0.378396,0.567778,0.731057]],[[0.835451,-0.549537,-0.00563114],[0.214905,0.336112,-0.916976],[0.505804,0.764878,0.398903]],[[0.835451,-0.549537,-0.00563114],[0.0957513,0.155644,-0.983162],[0.54116,0.820844,0.182651]]],"btipPosition":[-41.1987,246.424,-32.5296],"carpPosition":[-2.97625,294.16,73.5645],"dipPosition":[-31.2971,261.443,-29.1877],"direction":[-0.505804,-0.764878,-0.398903],"extended":false,"handId":936,"id":9363,"length":63.0937,"mcpPosition":[-1.01923,307.035,13.6205],"pipPosition":[-17.5756,282.193,-18.3662],"stabilizedTipPosition":[-38.501,250.034,-31.9608],"timeVisible":1.15698,"tipPosition":[-37.8539,251.184,-33.8951],"tipVelocity":[-44.066,-18.1502,13.7628],"tool":false,"touchDistance":0.365075,"touchZone":"hovering","type":3,"width":17.7025},{"bases":[[[0.730802,-0.682576,-0.00430883],[0.659344,0.704267,0.2632],[-0.176619,-0.195188,0.964732]],[[0.657989,-0.709895,0.251195],[0.690672,0.436022,-0.576938],[0.300038,0.553112,0.777203]],[[0.657989,-0.709895,0.251195],[0.528159,0.197295,-0.825907],[0.536748,0.676109,0.504756]],[[0.657989,-0.709895,0.251195],[0.401055,0.0480318,-0.914794],[0.637343,0.702668,0.316311]]],"btipPosition":[-15.9919,250.391,-25.456],"carpPosition":[5.40706,283.27,71.2444],"dipPosition":[-5.23378,262.252,-20.1167],"direction":[-0.536748,-0.676109,-0.504756],"extended":false,"handId":936,"id":9364,"length":49.4643,"mcpPosition":[15.4362,294.354,16.4631],"pipPosition":[5.04688,275.202,-10.4488],"stabilizedTipPosition":[-12.576,251.399,-21.053],"timeVisible":1.15698,"tipPosition":[-12.4956,254.284,-25.7832],"tipVelocity":[-31.7332,35.9856,-65.296],"tool":false,"