{"sensorType":"Leap","data":[[0,{"currentFrameRate":108.721,"devices":[],"gestures":[],"hands":[{"armBasis":[[0.874483,0.122283,-0.469389],[0.145275,0.857252,0.493978],[0.46279,-0.500166,0.731887]],"armWidth":63.72,"confidence":0.768098,"direction":[-0.0701518,0.438711,-0.895886],"elbow":[106.723,147.875,287.343],"grabStrength":0,"id":929,"palmNormal":[-0.140311,-0.893509,-0.42656],"palmPosition":[-30.1528,303.481,40.4595],"palmVelocity":[-72.3465,90.9327,-157.622],"palmWidth":90.99,"pinchStrength":0.843293,"r":[[0.607614,-0.533849,0.588057],[0.759173,0.607938,-0.232524],[-0.233369,0.587722,0.774675]],"s":0.854447,"sphereCenter":[-39.3078,268.15,3.70286],"sphereRadius":47.7592,"stabilizedPalmPosition":[-2.28074,281.185,147.644],"t":[26.1921,12.1556,-198.677],"timeVisible":9.88799,"type":"right","wrist":[-18.2301,282.92,89.733]}],"id":4487804,"interactionBox":{"center":[0,200,0],"size":[235.247,235.247,147.751]},"pointables":[{"bases":[[[0.509224,0.846245,0.156718],[-0.704703,0.305458,0.640382],[0.494049,-0.436537,0.751898]],[[0.328378,0.940508,-0.0872561],[-0.90289,0.339685,0.263447],[0.277413,-0.00772741,0.96072]],[[0.328378,0.940508,-0.0872561],[-0.943984,0.329965,0.0040299],[0.0325816,0.0810451,0.996178]],[[0.328378,0.940508,-0.0872561],[-0.732443,0.19522,-0.65224],[-0.596402,0.278091,0.752974]]],"btipPosition":[-48.6612,265.613,-7.81079],"carpPosition":[-47.6605,274.499,91.7336],"dipPosition":[-62.6192,272.122,9.81151],"direction":[-0.0325816,-0.0810451,-0.996178],"extended":false,"handId":929,"id":9290,"length":52.1164,"mcpPosition":[-47.6605,274.499,91.7336],"pipPosition":[-61.5083,274.885,43.7768],"stabilizedTipPosition":[-54.1984,246.445,75.5598],"timeVisible":9.88799,"tipPosition":[-53.6953,267.192,-3.96046],"tipVelocity":[1.33914,88.4998,-155.369],"tool":false,"touchDistance":-0.479552,"touchZone":"hovering","type":0,"width":20.25},{"bases":[[[0.96182,-0.0207583,-0.272894],[0.103901,0.950164,0.293926],[0.253193,-0.311058,0.916044]],[[0.985814,-0.0592184,-0.157048],[0.0840753,0.984063,0.156691],[0.145266,-0.167672,0.975081]],[[0.985814,-0.0592184,-0.157048],[0.0670227,0.996742,0.0448682],[0.153879,-0.0547574,0.986571]],[[0.985814,-0.0592184,-0.157048],[0.0533892,0.997728,-0.0410831],[0.159124,0.0321156,0.986736]]],"btipPosition":[-69.0084,326.755,-60.5037],"carpPosition":[-37.7021,295.892,89.4859],"dipPosition":[-66.2897,327.304,-43.6448],"direction":[-0.153879,0.0547574,-0.986571],"extended":true,"handId":929,"id":9291,"length":58.8075,"mcpPosition":[-56.3294,318.777,22.0929],"pipPosition":[-62.5704,325.98,-19.7989],"stabilizedTipPosition":[-54.7875,312.233,-8.52592],"timeVisible":9.88799,"tipPosition":[-67.6484,326.556,-56.7185],"tipVelocity":[-44.8585,82.9448,-175.361],"tool":false,"touchDistance":-0.487068,"touchZone":"hovering","type":1,"width":19.3428},{"bases":[[[0.955285,-0.224266,-0.192707],[0.270546,0.925916,0.263599],[0.119314,-0.303948,0.945188]],[[0.962132,-0.250593,-0.10726],[0.105451,0.705038,-0.701286],[0.251359,0.663419,0.704765]],[[0.962132,-0.250593,-0.10726],[0.0149687,0.441473,-0.89715],[0.272172,0.861571,0.428507]],[[0.962132,-0.250593,-0.10726],[-0.0340479,0.27993,-0.959417],[0.270448,0.926738,0.260797]]],"btipPosition":[-59.2204,244.754,-30.8774],"carpPosition":[-25.9586,297.44,86.1225],"dipPosition":[-54.1381,262.169,-25.9765],"direction":[-0.272172,-0.861571,-0.428507],"extended":false,"handId":929,"id":9292,"length":67.0064,"mcpPosition":[-34.2829,318.646,20.1787],"pipPosition":[-46.3985,286.669,-13.7913],"stabilizedTipPosition":[-52.0721,241.145,-15.7693],"timeVisible":9.88799,"tipPosition":[-57.8528,249.765,-31.0879],"tipVelocity":[-52.3858,49.2082,-112.093],"tool":false,"touchDistance":-0.410256,"touchZone":"hovering","type":2,"width":18.9972},{"bases":[[[0.939299,-0.335707,-0.0708331],[0.341771,0.897366,0.279153],[-0.0301505,-0.286417,0.95763]],[[0.930797,-0.364204,0.0311814],[0.258354,0.595124,-0.760973],[0.258593,0.716368,0.648033]],[[0.930797,-0.364204,0.0311814],[0.152594,0.309632,-0.938532],[0.332162,0.878341,0.34378]],[[0.930797,-0.364204,0.0311814],[0.0915529,0.149695,-0.984484],[0.353885,0.91921,0.17268]]],"btipPosition":[-39.6135,240.209,-18.4609],"carpPosition":[-14.1348,295.782,83.2286],"dipPosition":[-33.0015,257.384,-15.2346],"direction":[-0.332162,-0.878341,-0.34378],"extended":false,"handId":929,"id":9293,"length":64.4285,"mcpPosition":[-12.2461,313.723,23.2427],"pipPosition":[-23.8,281.716,-5.7112],"stabilizedTipPosition":[-34.0251,241.152,-12.0786],"timeVisible":9.88799,"tipPosition":[-37.4527,245.277,-19.5581],"tipVelocity":[-73.5066,41.3476,-70.2231],"tool":false,"touchDistance":-0.358117,"touchZone":"touching","type":3,"width":18.077},{"bases":[[[0.860028,-0.510226,-0.00466573],[0.479691,0.805374,0.348238],[-0.173922,-0.301733,0.937394]],[[0.802866,-0.562986,0.196092],[0.495396,0.447058,-0.744796],[0.331645,0.695115,0.637829]],[[0.802866,-0.562986,0.196092],[0.345513,0.171371,-0.922633],[0.485825,0.808504,0.332108]],[[0.802866,-0.562986,0.196092],[0.255943,0.0284354,-0.966274],[0.538423,0.825977,0.166922]]],"btipPosition":[-23.7075,249.806,-5.62101],"carpPosition":[-3.28288,286.939,80.66],"dipPosition":[-14.4268,264.043,-2.74381],"direction":[-0.485825,-0.808504,-0.332108],"extended":false,"handId":929,"id":9294,"length":50.5107,"mcpPosition":[6.80205,304.435,26.3049],"pipPosition":[-4.92467,279.856,3.75181],"stabilizedTipPosition":[-20.4255,252.308,-3.81398],"timeVisible":9.88799,"tipPosition":[-20.4325,253.798,-6.6044],"tipVelocity":[-91.8006,60.7298,-81.2881],"tool":false,"touchDistance":-0.397967,"touchZone":"hovering","type":4,"width":16.0574}],"r":[[0.607614,-0.533849,0.588057],[0.759173,0.607938,-0.232524],[-0.233369,0.587722,0.774675]],"s":0.854447,"t":[26.1921,12.1556,-198.677],"timestamp":607537475677},false],[1,{"currentFrameRate":108.773,"devices":[],"gestures":[],"hands":[{"armBasis":[[0.876441,0.120655,-0.466147],[0.144387,0.857692,0.493474],[0.459351,-0.499806,0.734296]],"armWidth":63.72,"confidence":0.773868,"direction":[-0.0702765,0.427695,-0.901187],"elbow":[105.41,149.169,286.866],"grabStrength":0,"id":929,"palmNormal":[-0.138739,-0.898831,-0.415757],"palmPosition":[-30.5387,304.059,39.08],"palmVelocity":[-64.0469,83.361,-155.951],"palmWidth":90.99,"pinchStrength":0.847416,"r":[[0.605761,-0.532103,0.591541],[0.760061,0.606855,-0.232453],[-0.23529,0.590418,0.77204]],"s":0.854463,"sphereCenter":[-40.3254,268.557,2.91089],"sphereRadius":47.6104,"stabilizedPalmPosition":[-2.97606,281.747,144.972],"t":[25.6571,12.843,-200.105],"timeVisible":9.89709,"type":"right","wrist":[-18.6144,284.117,88.6063]}],"id":4487805,"interactionBox":{"center":[0,200,0],"size":[235.247,235.247,147.751]},"pointables":[{"bases":[[[0.50788,0.848842,0.146718],[-0.705529,0.312165,0.636225],[0.494254,-0.42664,0.757424]],[[0.327726,0.939713,-0.0976457],[-0.90462,0.341928,0.254455],[0.272503,0.00494062,0.962142]],[[0.327726,0.939713,-0.0976457],[-0.944376,0.328831,-0.00502121],[0.0273904,0.0938598,0.995209]],[[0.327726,0.939713,-0.0976457],[-0.723849,0.183327,-0.665157],[-0.607156,0.28867,0.740291]]],"btipPosition":[-48.3604,265.474,-8.5932],"carpPosition":[-48.0335,275.677,90.6924],"dipPosition":[-62.57,272.23,8.73228],"direction":[-0.0273904,-0.0938598,-0.995209],"extended":false,"handId":929,"id":9290,"length":52.1164,"mcpPosition":[-48.0335,275.677,90.6924],"pipPosition":[-61.6361,275.43,42.6645],"stabilizedTipPosition":[-54.1654,246.71,74.5296],"timeVisible":9.89709,"tipPosition":[-53.4438,267.133,-4.81805],"tipVelocity":[8.36795,61.4659,-138.216],"tool":false,"touchDistance":-0.472691,"touchZone":"hovering","type":0,"width":20.25},{"bases":[[[0.962009,-0.0226409,-0.272077],[0.102324,0.953817,0.282424],[0.253117,-0.299534,0.919897]],[[0.985741,-0.0590969,-0.157554],[0.0823433,0.985946,0.145365],[0.146749,-0.156266,0.976753]],[[0.985741,-0.0590969,-0.157554],[0.0652518,0.997283,0.0341788],[0.155106,-0.0439721,0.986919]],[[0.985741,-0.0590969,-0.157554],[0.0516096,0.997354,-0.0512007],[0.160162,0.0423393,0.986182]]],"btipPosition":[-69.5172,326.146,-62.1532],"carpPosition":[-38.1054,297.056,88.1906],"dipPosition":[-66.7808,326.869,-45.3037],"direction":[-0.155106,0.0439721,-0.986919],"extended":true,"handId":929,"id":9291,"length":58.8075,"mcpPosition":[-56.7271,319.093,20.5142],"pipPosition":[-63.0318,325.806,-21.4495],"stabilizedTipPosition":[-55.093,312.538,-9.60368],"timeVisible":9.89709,"tipPosition":[-68.1446,325.972,-58.3692],"tipVelocity":[-47.7983,42.6115,-177.063],"tool":false,"touchDistance":-0.49147,"touchZone":"hovering","type":1,"width":19.3428},{"bases":[[[0.955728,-0.22517,-0.189427],[0.269022,0.92945,0.252488],[0.11921,-0.29227,0.948877]],[[0.962494,-0.249881,-0.105667],[0.0996152,0.687768,-0.719063],[0.252355,0.681568,0.686864]],[[0.962494,-0.249881,-0.105667],[0.00830296,0.416426,-0.909132],[0.271178,0.874156,0.402882]],[[0.962494,-0.249881,-0.105667],[-0.0405282,0.252682,-0.9667],[0.26826,0.934725,0.233077]]],"btipPosition":[-59.5954,243.696,-30.3295],"carpPosition":[-26.3623,298.58,84.8154],"dipPosition":[-54.5543,261.262,-25.9495],"direction":[-0.271178,-0.874156,-0.402882],"extended":false,"handId":929,"id":9292,"length":67.0064,"mcpPosition":[-34.6793,318.971,18.6141],"pipPosition":[-46.8429,286.12,-14.493],"stabilizedTipPosition":[-52.5058,241.594,-16.693],"timeVisible":9.89709,"tipPosition":[-58.2182,248.818,-30.8254],"tipVelocity":[-49.5769,4.41495,-67.9866],"tool":false,"touchDistance":-0.391142,"touchZone":"hovering","type":2,"width":18.9972},{"bases":[[[0.939836,-0.335146,-0.0662182],[0.34028,0.901197,0.268428],[-0.0302871,-0.274811,0.961021]],[[0.931213,-0.362604,0.0368982],[0.260356,0.590929,-0.763556],[0.255064,0.720639,0.644687]],[[0.931213,-0.362604,0.0368982],[0.155713,0.304261,-0.939776],[0.32954,0.880877,0.339794]],[[0.931213,-0.362604,0.0368982],[0.0948641,0.143379,-0.985111],[0.351915,0.920848,0.167915]]],"btipPosition":[-39.7373,240.313,-19.6044],"carpPosition":[-14.5343,296.904,81.9486],"dipPosition":[-33.1622,257.519,-16.4671],"direction":[-0.32954,-0.880877,-0.339794],"extended":false,"handId":929,"id":9293,"length":64.4285,"mcpPosition":[-12.6371,314.118,21.7502],"pipPosition":[-24.0333,281.921,-7.05414],"stabilizedTipPosition":[-34.7477,241.689,-13.2494],"timeVisible":9.89709,"tipPosition":[-37.6926,245.175,-20.367],"tipVelocity":[-57.1626,33.2686,-86.2113],"tool":false,"touchDistance":-0.368098,"touchZone":"touching","type":3,"width":18.077},{"bases":[[[0.860784,-0.508966,0.00201883],[0.478295,0.810255,0.338704],[-0.174024,-0.290585,0.940891]],[[0.804295,-0.559016,0.201522],[0.492006,0.436295,-0.753377],[0.333227,0.705087,0.625949]],[[0.804295,-0.559016,0.201522],[0.341125,0.156669,-0.92687],[0.486564,0.814221,0.316702]],[[0.804295,-0.559016,0.201522],[0.251387,0.0128012,-0.967802],[0.538437,0.829058,0.150825]]],"btipPosition":[-24.1572,249.75,-5.99125],"carpPosition":[-3.66782,288.047,79.4936],"dipPosition":[-14.8762,264.04,-3.3915],"direction":[-0.486564,-0.814221,-0.316702],"extended":false,"handId":929,"id":9294,"length":50.5107,"mcpPosition":[6.42302,304.897,24.9359],"pipPosition":[-5.35964,279.965,2.80281],"stabilizedTipPosition":[-20.9956,252.568,-4.37772],"timeVisible":9.89709,"tipPosition":[-20.9301,253.701,-7.00004],"tipVelocity":[-80.0505,42.5745,-71.978],"tool":false,"touchDistance":-0.393015,"touchZone":"hovering","type":4,"width":16.0574}],"r":[[0.605761,-0.532103,0.591541],[0.760061,0.606855,-0.232453],[-0.23529,0.590418,0.77204]],"s":0.854463,"t":[25.6571,12.843,-200.105],"timestamp":607537484777},false],[2,{"currentFrameRate":108.887,"devices":[],"gestures":[],"hands":[{"armBasis":[[0.877257,0.120144,-0.464742],[0.143949,0.857768,0.49347],[0.457929,-0.499799,0.735188]],"armWidth":63.72,"confidence":0.778629,"direction":[-0.0698071,0.421003,-0.904369],"elbow":[104.71,149.928,286.434],"grabStrength":0,"id":929,"palmNormal":[-0.13793,-0.901946,-0.409229],"palmPosition":[-30.8275,304.444,38.2519],"palmVelocity":[-55.3107,72.261,-138.487],"palmWidth":90.99,"pinchStrength":0.850559,"r":[[0.604236,-0.529756,0.595195],[0.760742,0.605727,-0.233168],[-0.237003,0.593678,0.76901]],"s":0.854595,"sphereCenter":[-41.1941,268.902,2.46096],"sphereRadius":47.5286,"stabilizedPalmPosition":[-3.62029,282.272,142.504],"t":[25.2452,13.3791,-201.233],"timeVisible":9.90607,"type":"right","wrist":[-18.9309,284.873,87.9331]}],"id":4487806,"interactionBox":{"center":[0,200,0],"size":[235.247,235.247,147.751]},"pointables":[{"bases":[[[0.507307,0.850177,0.140851],[-0.706192,0.316459,0.633361],[0.493895,-0.420776,0.76093]],[[0.328118,0.938971,-0.103309],[-0.905608,0.343786,0.248366],[0.268724,0.0120638,0.963142]],[[0.328118,0.938971,-0.103309],[-0.944331,0.328829,-0.0105668],[0.0240489,0.101025,0.994593]],[[0.328118,0.938971,-0.103309],[-0.718771,0.177203,-0.672285],[-0.61295,0.294844,0.733048]]],"btipPosition":[-48.2359,265.486,-9.0864],"carpPosition":[-48.3471,276.433,90.0585],"dipPosition":[-62.5811,272.387,8.06957],"direction":[-0.0240489,-0.101025,-0.994593],"extended":false,"handId":929,"id":9290,"length":52.1164,"mcpPosition":[-48.3471,276.433,90.0585],"pipPosition":[-61.7611,275.831,41.9808],"stabilizedTipPosition":[-54.1387,246.916,73.7218],"timeVisible":9.90607,"tipPosition":[-53.3093,267.171,-5.345],"tipVelocity":[8.92324,46.0036,-116.582],"tool":false,"touchDistance":-0.461738,"touchZone":"hovering","type":0,"width":20.25},{"bases":[[[0.962233,-0.0241199,-0.271158],[0.101588,0.955928,0.275465],[0.252564,-0.292608,0.922275]],[[0.985653,-0.0591997,-0.158061],[0.0816068,0.986887,0.139267],[0.147743,-0.150168,0.977559]],[[0.985653,-0.0591997,-0.158061],[0.0645129,0.997504,0.0286943],[0.155967,-0.0384796,0.987012]],[[0.985653,-0.0591997,-0.158061],[0.0508768,0.997123,-0.0561965],[0.160933,0.0473487,0.985829]]],"btipPosition":[-69.8765,325.898,-63.1427],"carpPosition":[-38.4286,297.799,87.407],"dipPosition":[-67.1269,326.707,-46.2992],"direction":[-0.155967,0.0384796,-0.987012],"extended":true,"handId":929,"id":9291,"length":58.8075,"mcpPosition":[-57.0097,319.326,19.5556],"pipPosition":[-63.3571,325.777,-22.4427],"stabilizedTipPosition":[-55.3198,312.755,-10.3999],"timeVisible":9.90607,"tipPosition":[-68.4986,325.718,-59.3607],"tipVelocity":[-45.5715,23.9943,-158.781],"tool":false,"touchDistance":-0.485519,"touchZone":"hovering","type":1,"width":19.3428},{"bases":[[[0.955997,-0.226037,-0.187023],[0.268323,0.931432,0.245839],[0.11863,-0.285204,0.951097]],[[0.962681,-0.249903,-0.103896],[0.097293,0.677787,-0.728792],[0.252547,0.691486,0.676807]],[[0.962681,-0.249903,-0.103896],[0.00542882,0.401646,-0.915779],[0.270585,0.881039,0.388013]],[[0.962681,-0.249903,-0.103896],[-0.0434016,0.236371,-0.970693],[0.267137,0.938977,0.216703]]],"btipPosition":[-59.8477,243.174,-30.0548],"carpPosition":[-26.6837,299.305,84.0297],"dipPosition":[-54.8277,260.819,-25.9825],"direction":[-0.270585,-0.881039,-0.388013],"extended":false,"handId":929,"id":9292,"length":67.0064,"mcpPosition":[-34.9603,319.203,17.6735],"pipPosition":[-47.1332,285.873,-14.9488],"stabilizedTipPosition":[-52.9291,241.98,-17.5431],"timeVisible":9.90607,"tipPosition":[-58.4836,248.288,-30.6349],"tipVelocity":[-43.8389,-12.177,-43.1317],"tool":false,"touchDistance":-0.377303,"touchZone":"hovering","type":2,"width":18.9972},{"bases":[[[0.940069,-0.335112,-0.0630193],[0.339584,0.903336,0.262042],[-0.0308857,-0.267738,0.962997]],[[0.931365,-0.361839,0.0403972],[0.260984,0.586132,-0.767031],[0.253864,0.724929,0.640337]],[[0.931365,-0.361839,0.0403972],[0.156472,0.297613,-0.941777],[0.328749,0.883459,0.333804]],[[0.931365,-0.361839,0.0403972],[0.0955809,0.135931,-0.986097],[0.351317,0.922277,0.161186]]],"btipPosition":[-39.9314,240.29,-20.0063],"carpPosition":[-14.8526,297.614,81.1844],"dipPosition":[-33.3674,257.522,-16.9947],"direction":[-0.328749,-0.883459,-0.333804],"extended":false,"handId":929,"id":9293,"length":64.4285,"mcpPosition":[-12.9179,314.385,20.8623],"pipPosition":[-24.2604,281.996,-7.74767],"stabilizedTipPosition":[-35.2972,242.072,-14.1563],"timeVisible":9.90607,"tipPosition":[-37.9164,245.099,-20.7269],"tipVelocity":[-47.4999,23.6285,-75.7338],"tool":false,"touchDistance":-0.366083,"touchZone":"touching","type":3,"width":18.077},{"bases":[[[0.861057,-0.508467,0.00643573],[0.477593,0.812991,0.333092],[-0.174599,-0.283738,0.942872]],[[0.804513,-0.557041,0.206067],[0.492208,0.431129,-0.756214],[0.332401,0.709812,0.621029]],[[0.804513,-0.557041,0.206067],[0.341531,0.15003,-0.927819],[0.485917,0.816821,0.310948]],[[0.804513,-0.557041,0.206067],[0.251855,0.00574367,-0.967748],[0.537892,0.830465,0.144915]]],"btipPosition":[-24.3842,249.808,-6.4081],"carpPosition":[-3.97943,288.745,78.8032],"dipPosition":[-15.1127,264.123,-3.91024],"direction":[-0.485917,-0.816821,-0.310948],"extended":false,"handId":929,"id":9294,"length":50.5107,"mcpPosition":[6.14471,305.197,24.1306],"pipPosition":[-5.60871,280.099,2.17152],"stabilizedTipPosition":[-21.3877,252.735,-4.83219],"timeVisible":9.90607,"tipPosition":[-21.1763,253.742,-7.4181],"tipVelocity":[-65.1086,32.8652,-65.6908],"tool":false,"touchDistance":-0.388651,"touchZone":"hovering","type":4,"width":16.0574}],"r":[[0.604236,-0.529756,0.595195],[0.760742,0.605727,-0.233168],[-0.237003,0.593678,0.76901]],"s":0.854595,"t":[25.2452,13.3791,-201.233],"timestamp":607537493756},false],[3,{"currentFrameRate":108.945,"devices":[],"gestures":[],"hands":[{"armBasis":[[0.878663,0.116915,-0.462907],[0.145514,0.857849,0.49287],[0.454728,-0.500426,0.736747]],"armWidth":63.72,"confidence":0.737738,"direction":[-0.0655869,0.417701,-0.906214],"elbow":[103.106,150.756,285.121],"grabStrength":0,"id":929,"palmNormal":[-0.139766,-0.903062,-0.406133],"palmPosition":[-31.3474,305.288,36.4056],"palmVelocity":[-55.857,77.9837,-156.451],"palmWidth":90.99,"pinchStrength":0.857205,"r":[[0.602281,-0.527814,0.598891],[0.761845,0.604118,-0.233737],[-0.238431,0.597038,0.765961]],"s":0.854869,"sphereCenter":[-42.2852,269.827,0.824711],"sphereRadius":47.4675,"stabilizedPalmPosition":[-4.22837,282.777,140.177],"t":[24.7793,14.0689,-202.72],"timeVisible":9.91514,"type":"right","wrist":[-19.6705,285.871,86.1991]}],"id":4487807,"interactionBox":{"center":[0,200,0],"size":[235.247,235.247,147.751]},"pointables":[{"bases":[[[0.509785,0.848982,0.139099],[-0.707043,0.321344,0.629943],[0.490112,-0.419484,0.764083]],[[0.332617,0.937225,-0.104767],[-0.905732,0.34842,0.241357],[0.262709,0.014611,0.964765]],[[0.332617,0.937225,-0.104767],[-0.942877,0.332695,-0.0172437],[0.0186942,0.104518,0.994347]],[[0.332617,0.937225,-0.104767],[-0.711259,0.17636,-0.680447],[-0.619255,0.300845,0.725269]]],"btipPosition":[-48.3802,266.206,-10.7688],"carpPosition":[-49.1218,277.54,88.2667],"dipPosition":[-62.873,273.247,6.20514],"direction":[-0.0186942,-0.104518,-0.994347],"extended":false,"handId":929,"id":9290,"length":52.1164,"mcpPosition":[-49.1218,277.54,88.2667],"pipPosition":[-62.2356,276.81,40.108],"stabilizedTipPosition":[-54.1185,247.09,73.0509],"timeVisible":9.91514,"tipPosition":[-53.4564,267.918,-7.06872],"tipVelocity":[1.02382,56.1944,-136.883],"tool":false,"touchDistance":-0.469761,"touchZone":"hovering","type":0,"width":20.25},{"bases":[[[0.962972,-0.028468,-0.268095],[0.10402,0.956645,0.272049],[0.248727,-0.289863,0.924183]],[[0.985703,-0.0627068,-0.156388],[0.0843357,0.987148,0.135746],[0.145866,-0.146995,0.978323]],[[0.985703,-0.0627068,-0.156388],[0.0674834,0.997397,0.0254176],[0.154387,-0.0356078,0.987369]],[[0.985703,-0.0627068,-0.156388],[0.0540102,0.996781,-0.0592561],[0.1596,0.0499624,0.985917]]],"btipPosition":[-70.146,326.508,-65.1704],"carpPosition":[-39.1221,298.861,85.5625],"dipPosition":[-67.4192,327.362,-48.3254],"direction":[-0.154387,0.0356078,-0.987369],"extended":true,"handId":929,"id":9291,"length":58.8075,"mcpPosition":[-57.4208,320.186,17.5708],"pipPosition":[-63.6876,326.501,-24.4604],"stabilizedTipPosition":[-55.492,312.924,-11.0171],"timeVisible":9.91514,"tipPosition":[-68.7657,326.345,-61.3866],"tipVelocity":[-41.3424,36.2412,-176.651],"tool":false,"touchDistance":-0.495711,"touchZone":"hovering","type":1,"width":19.3428},{"bases":[[[0.955785,-0.230033,-0.183193],[0.27076,0.931463,0.243032],[0.114732,-0.281888,0.952563]],[[0.962132,-0.253594,-0.0999609],[0.101887,0.674707,-0.731019],[0.252826,0.693153,0.674995]],[[0.962132,-0.253594,-0.0999609],[0.00961918,0.398075,-0.917303],[0.272414,0.881605,0.38544]],[[0.962132,-0.253594,-0.0999609],[-0.0396306,0.232682,-0.971745],[0.269688,0.938909,0.21382]]],"btipPosition":[-60.3672,243.856,-31.7565],"carpPosition":[-27.3617,300.313,82.2156],"dipPosition":[-55.2992,261.5,-27.7383],"direction":[-0.272414,-0.881605,-0.38544],"extended":false,"handId":929,"id":9292,"length":67.0064,"mcpPosition":[-35.3664,319.98,15.7572],"pipPosition":[-47.5527,286.57,-16.7778],"stabilizedTipPosition":[-53.2863,242.318,-18.2998],"timeVisible":9.91514,"tipPosition":[-58.9863,248.95,-32.334],"tipVelocity":[-47.2089,11.9602,-83.4351],"tool":false,"touchDistance":-0.393617,"touchZone":"hovering","type":2,"width":18.9972},{"bases":[[[0.939103,-0.338566,-0.0588148],[0.341874,0.903188,0.259565],[-0.034759,-0.263865,0.963933]],[[0.93008,-0.364708,0.0440317],[0.263545,0.578936,-0.771607],[0.255919,0.72926,0.634574]],[[0.93008,-0.364708,0.0440317],[0.156648,0.285329,-0.945541],[0.332283,0.886327,0.32251]],[[0.93008,-0.364708,0.0440317],[0.0944693,0.121625,-0.98807],[0.355002,0.923144,0.147575]]],"btipPosition":[-40.6226,240.715,-21.0113],"carpPosition":[-15.5278,298.571,79.4134],"dipPosition":[-33.9898,257.963,-18.254],"direction":[-0.332283,-0.886327,-0.32251],"extended":false,"handId":929,"id":9293,"length":64.4285,"mcpPosition":[-13.3505,315.099,19.0327],"pipPosition":[-24.7849,282.516,-9.31985],"stabilizedTipPosition":[-35.8097,242.424,-14.9953],"timeVisible":9.91514,"tipPosition":[-38.5917,245.514,-21.8383],"tipVelocity":[-54.9441,30.1606,-87.1971],"tool":false,"touchDistance":-0.373761,"touchZone":"touching","type":3,"width":18.077},{"bases":[[[0.859285,-0.511378,0.0110715],[0.479354,0.812649,0.331392],[-0.178464,-0.279453,0.943428]],[[0.801997,-0.558962,0.210625],[0.495957,0.4266,-0.756333],[0.332908,0.711037,0.619353]],[[0.801997,-0.558962,0.210625],[0.344806,0.145282,-0.927363],[0.48776,0.816367,0.309249]],[[0.801997,-0.558962,0.210625],[0.25473,0.001101,-0.967012],[0.540291,0.829193,0.143267]]],"btipPosition":[-24.9539,250.458,-8.02236],"carpPosition":[-4.67789,289.655,77.1004],"dipPosition":[-15.641,264.751,-5.55289],"direction":[-0.48776,-0.816367,-0.309249],"extended":false,"handId":929,"id":9294,"length":50.5107,"mcpPosition":[5.67036,305.859,22.3955],"pipPosition":[-6.10101,280.718,0.495658],"stabilizedTipPosition":[-21.7571,252.997,-5.51218],"timeVisible":9.91514,"tipPosition":[-21.7372,254.372,-9.0264],"tipVelocity":[-64.1739,43.414,-96.9122],"tool":false,"touchDistance":-0.402431,"touchZone":"hovering","type":4,"width":16.0574}],"r":[[0.602281,-0.527814,0.598891],[0.761845,0.604118,-0.233737],[-0.238431,0.597038,0.765961]],"s":0.854869,"t":[24.7793,14.0689,-202.72],"timestamp":607537502831},false],[4,{"currentFrameRate":109.025,"devices":[],"gestures":[],"hands":[{"armBasis":[[0.879042,0.112477,-0.463286],[0.148484,0.858843,0.490247],[0.453031,-0.499738,0.738258]],"armWidth":63.72,"confidence":0.739451,"direction":[-0.0645902,0.414541,-0.907736],"elbow":[102.228,151.531,284.453],"grabStrength":0,"id":929,"palmNormal":[-0.142813,-0.904112,-0.402724],"palmPosition":[-31.7239,305.73,35.2621],"palmVelocity":[-51.9608,69.9899,-148.244],"palmWidth":90.99,"pinchStrength":0.86654,"r":[[0.600418,-0.526186,0.602186],[0.763098,0.602165,-0.234689],[-0.239125,0.600438,0.763082]],"s":0.855315,"sphereCenter":[-43.4358,270.416,-0.0612417],"sphereRadius":47.3926,"stabilizedPalmPosition":[-4.77951,283.237,138.074],"t":[24.3581,14.6348,-204.035],"timeVisible":9.92417,"type":"right","wrist":[-20.0906,286.46,85.1232]}],"id":4487808,"interactionBox":{"center":[0,200,0],"size":[235.247,235.247,147.751]},"pointables":[{"bases":[[[0.512556,0.847854,0.135757],[-0.705771,0.325947,0.629003],[0.489054,-0.418213,0.765457]],[[0.336221,0.935619,-0.107578],[-0.905425,0.352558,0.23645],[0.259155,0.0179042,0.96567]],[[0.336221,0.935619,-0.107578],[-0.941658,0.335838,-0.0222073],[0.0153512,0.108768,0.993949]],[[0.336221,0.935619,-0.107578],[-0.704901,0.174254,-0.687568],[-0.624556,0.307006,0.718107]]],"btipPosition":[-48.4106,266.444,-11.667],"carpPosition":[-49.5676,278.232,87.2325],"dipPosition":[-63.0274,273.629,5.13932],"direction":[-0.0153512,-0.108768,-0.993949],"extended":false,"handId":929,"id":9290,"length":52.1164,"mcpPosition":[-49.5676,278.232,87.2325],"pipPosition":[-62.504,277.338,39.0286],"stabilizedTipPosition":[-54.1029,247.23,72.5129],"timeVisible":9.92417,"tipPosition":[-53.5053,268.215,-8.0023],"tipVelocity":[-1.05442,49.0029,-127.76],"tool":false,"touchDistance":-0.465169,"touchZone":"hovering","type":0,"width":20.25},{"bases":[[[0.962774,-0.0325509,-0.26834],[0.107189,0.95731,0.268455],[0.248146,-0.287225,0.925162]],[[0.985219,-0.0659835,-0.158081],[0.087391,0.987317,0.132544],[0.14733,-0.144399,0.97849]],[[0.985219,-0.0659835,-0.158081],[0.0703628,0.997273,0.0222619],[0.156181,-0.0330559,0.987175]],[[0.985219,-0.0659835,-0.158081],[0.0567295,0.99644,-0.0623581],[0.161633,0.0524685,0.985455]]],"btipPosition":[-70.6228,326.747,-66.3542],"carpPosition":[-39.5006,299.51,84.4455],"dipPosition":[-67.8612,327.644,-49.5171],"direction":[-0.156181,0.0330559,-0.987175],"extended":true,"handId":929,"id":9291,"length":58.8075,"mcpPosition":[-57.7566,320.641,16.3816],"pipPosition":[-64.0863,326.845,-25.6567],"stabilizedTipPosition":[-55.6268,313.055,-11.4957],"timeVisible":9.92417,"tipPosition":[-69.2292,326.592,-62.5742],"tipVelocity":[-44.2561,33.8646,-164.166],"tool":false,"touchDistance":-0.492257,"touchZone":"hovering","type":1,"width":19.3428},{"bases":[[[0.954974,-0.233775,-0.182687],[0.273836,0.931487,0.239471],[0.114188,-0.278715,0.953561]],[[0.961276,-0.257044,-0.0993794],[0.103817,0.671804,-0.733418],[0.255284,0.6947,0.672475]],[[0.961276,-0.257044,-0.0993794],[0.0105517,0.394675,-0.91876],[0.275385,0.882134,0.382104]],[[0.961276,-0.257044,-0.0993794],[-0.0392775,0.229143,-0.9726],[0.272774,0.938841,0.210173]]],"btipPosition":[-60.9654,244.146,-32.668],"carpPosition":[-27.737,300.912,81.0889],"dipPosition":[-55.8394,261.788,-28.7184],"direction":[-0.275385,-0.882134,-0.382104],"extended":false,"handId":929,"id":9292,"length":67.0064,"mcpPosition":[-35.7036,320.358,14.5608],"pipPosition":[-48.0084,286.873,-17.8528],"stabilizedTipPosition":[-53.5987,242.601,-18.9467],"timeVisible":9.92417,"tipPosition":[-59.5719,249.215,-33.2403],"tipVelocity":[-52.0455,17.4909,-88.7402],"tool":false,"touchDistance":-0.396499,"touchZone":"hovering","type":2,"width":18.9972},{"bases":[[[0.93799,-0.341792,-0.0579002],[0.344865,0.903045,0.256082],[-0.0352404,-0.260171,0.964919]],[[0.929079,-0.367264,0.0439263],[0.262128,0.569974,-0.778729],[0.260962,0.735015,0.625821]],[[0.929079,-0.367264,0.0439263],[0.152458,0.272037,-0.950133],[0.337,0.889445,0.308736]],[[0.929079,-0.367264,0.0439263],[0.0891743,0.107151,-0.990236],[0.358971,0.923924,0.132302]]],"btipPosition":[-41.4046,240.677,-21.1396],"carpPosition":[-15.9097,299.122,78.2889],"dipPosition":[-34.6975,257.939,-18.6677],"direction":[-0.337,-0.889445,-0.308736],"extended":false,"handId":929,"id":9293,"length":64.4285,"mcpPosition":[-13.7023,315.419,17.8463],"pipPosition":[-25.362,282.579,-10.1151],"stabilizedTipPosition":[-36.3471,242.719,-15.7348],"timeVisible":9.92417,"tipPosition":[-39.3561,245.472,-22.0878],"tipVelocity":[-63.1402,20.7865,-69.1041],"tool":false,"touchDistance":-0.367628,"touchZone":"touching","type":3,"width":18.077},{"bases":[[[0.857645,-0.514086,0.0126569],[0.482081,0.812333,0.328195],[-0.179002,-0.275373,0.944525]],[[0.800487,-0.560652,0.211875],[0.496524,0.42234,-0.758349],[0.335686,0.712249,0.616454]],[[0.800487,-0.560652,0.211875],[0.344042,0.140366,-0.928403],[0.490771,0.816068,0.305249]],[[0.800487,-0.560652,0.211875],[0.253303,-0.00391994,-0.967379],[0.543193,0.828043,0.138877]]],"btipPosition":[-25.5413,250.712,-8.92496],"carpPosition":[-5.08932,290.163,76.0049],"dipPosition":[-16.1783,264.985,-6.53118],"direction":[-0.490771,-0.816068,-0.305249],"extended":false,"handId":929,"id":9294,"length":50.5107,"mcpPosition":[5.29015,306.131,21.2365],"pipPosition":[-6.57945,280.946,-0.560875],"stabilizedTipPosition":[-22.1033,253.209,-6.11993],"timeVisible":9.92417,"tipPosition":[-22.3343,254.596,-9.91887],"tipVelocity":[-64.0647,39.069,-98.2842],"tool":false,"touchDistance":-0.404321,"touchZone":"hovering","type":4,"width":16.0574}],"r":[[0.600418,-0.526186,0.602186],[0.763098,0.602165,-0.234689],[-0.239125,0.600438,0.763082]],"s":0.855315,"t":[24.3581,14.6348,-204.035],"timestamp":607537511860},false],[5,{"currentFrameRate":109.014,"devices":[],"gestures":[],"hands":[{"armBasis":[[0.879639,0.107469,-0.463343],[0.152096,0.859439,0.488089],[0.450669,-0.499815,0.73965]],"armWidth":63.72,"confidence":0.741594,"direction":[-0.0641521,0.412241,-0.908813],"elbow":[101.421,151.935,284.102],"grabStrength":0,"id":929,"palmNormal":[-0.146462,-0.904717,-0.400045],"palmPosition":[-31.8812,306.057,34.4949],"palmVelocity":[-42.2183,60.3721,-130.136],"palmWidth":90.99,"pinchStrength":0.870902,"r":[[0.598688,-0.524959,0.604971],[0.764471,0.599927,-0.235949],[-0.239075,0.603743,0.760485]],"s":0.855976,"sphereCenter":[-43.8731,270.86,-0.677508],"sphereRadius":47.2775,"stabilizedPalmPosition":[-5.27504,283.655,136.18],"t":[24.0688,15.0813,-205.077],"timeVisible":9.93336,"type":"right","wrist":[-20.2596,286.885,84.3963]}],"id":4487809,"interactionBox":{"center":[0,200,0],"size":[235.247,235.247,147.751]},"pointables":[{"bases":[[[0.515702,0.84641,0.132821],[-0.703903,0.330189,0.628885],[0.488438,-0.41781,0.76607]],[[0.340112,0.933966,-0.109685],[-0.904228,0.356835,0.234609],[0.258256,0.0193865,0.965882]],[[0.340112,0.933966,-0.109685],[-0.940264,0.339614,-0.02377],[0.0150501,0.111217,0.993682]],[[0.340112,0.933966,-0.109685],[-0.700557,0.173834,-0.6921],[-0.627331,0.312232,0.71342]]],"btipPosition":[-48.486,266.7,-12.2296],"carpPosition":[-49.7631,278.767,86.5616],"dipPosition":[-63.1678,274.007,4.46694],"direction":[-0.0150501,-0.111217,-0.993682],"extended":false,"handId":929,"id":9290,"length":52.1164,"mcpPosition":[-49.7631,278.767,86.5616],"pipPosition":[-62.6547,277.799,38.3471],"stabilizedTipPosition":[-54.0905,247.348,72.064],"timeVisible":9.93336,"tipPosition":[-53.5529,268.494,-8.5902],"tipVelocity":[-3.50768,43.9209,-109.926],"tool":false,"touchDistance":-0.455804,"touchZone":"hovering","type":0,"width":20.25},{"bases":[[[0.962349,-0.0367018,-0.269328],[0.110874,0.957668,0.265668],[0.248176,-0.285527,0.92568]],[[0.984573,-0.0694345,-0.160609],[0.0909241,0.98726,0.130574],[0.149497,-0.143163,0.978343]],[[0.984573,-0.0694345,-0.160609],[0.0736203,0.997081,0.0202525],[0.158734,-0.0317642,0.98681]],[[0.984573,-0.0694345,-0.160609],[0.0597438,0.996134,-0.0644042],[0.16446,0.0538152,0.984915]]],"btipPosition":[-70.9517,327.007,-67.1093],"carpPosition":[-39.6242,300.001,83.704],"dipPosition":[-68.1418,327.926,-50.2814],"direction":[-0.158734,0.0317642,-0.98681],"extended":true,"handId":929,"id":9291,"length":58.8075,"mcpPosition":[-57.8824,321.008,15.6022],"pipPosition":[-64.3051,327.158,-26.4298],"stabilizedTipPosition":[-55.7371,313.161,-11.8846],"timeVisible":9.93336,"tipPosition":[-69.5441,326.846,-63.3348],"tipVelocity":[-41.5479,32.4408,-141.303],"tool":false,"touchDistance":-0.482723,"touchZone":"hovering","type":1,"width":19.3428},{"bases":[[[0.953934,-0.237658,-0.183106],[0.277397,0.931175,0.236569],[0.114281,-0.276464,0.954205]],[[0.960246,-0.260695,-0.0998292],[0.104995,0.668633,-0.736143],[0.258658,0.696396,0.669424]],[[0.960246,-0.260695,-0.0998292],[0.0101173,0.389877,-0.920811],[0.278972,0.883195,0.377015]],[[0.960246,-0.260695,-0.0998292],[-0.040527,0.223636,-0.97383],[0.276198,0.939162,0.20418]]],"btipPosition":[-61.4233,244.311,-33.067],"carpPosition":[-27.8594,301.353,80.3304],"dipPosition":[-56.233,261.96,-29.2301],"direction":[-0.278972,-0.883195,-0.377015],"extended":false,"handId":929,"id":9292,"length":67.0064,"mcpPosition":[-35.8326,320.641,13.7574],"pipPosition":[-48.3,287.075,-18.5091],"stabilizedTipPosition":[-53.888,242.852,-19.5242],"timeVisible":9.93336,"tipPosition":[-60.0225,249.348,-33.6393],"tipVelocity":[-50.9722,17.6749,-76.8569],"tool":false,"touchDistance":-0.391556,"touchZone":"hovering","type":2,"width":18.9972},{"bases":[[[0.936711,-0.345267,-0.0580003],[0.348344,0.902528,0.25318],[-0.0350677,-0.25736,0.965679]],[[0.927964,-0.370193,0.0428905],[0.260871,0.563074,-0.784152],[0.266137,0.738854,0.619085]],[[0.927964,-0.370193,0.0428905],[0.148741,0.262384,-0.953431],[0.3417,0.89113,0.298546]],[[0.927964,-0.370193,0.0428905],[0.0844869,0.0968851,-0.991703],[0.362966,0.923889,0.121182]]],"btipPosition":[-41.9834,240.674,-21.163],"carpPosition":[-16.0418,299.513,77.5221],"dipPosition":[-35.2018,257.936,-18.8988],"direction":[-0.3417,-0.89113,-0.298546],"extended":false,"handId":929,"id":9293,"length":64.4285,"mcpPosition":[-13.8451,315.634,17.032],"pipPosition":[-25.736,282.622,-10.6285],"stabilizedTipPosition":[-36.9366,242.998,-16.4445],"timeVisible":9.93336,"tipPosition":[-39.9282,245.443,-22.1636],"tipVelocity":[-62.5726,14.8892,-51.9496],"tool":false,"touchDistance":-0.360265,"touchZone":"touching","type":3,"width":18.077},{"bases":[[[0.855837,-0.517079,0.0131264],[0.48532,0.811533,0.325391],[-0.178905,-0.272111,0.945489]],[[0.800906,-0.561916,0.206882],[0.487134,0.41052,-0.770827],[0.34821,0.718139,0.602516]],[[0.800906,-0.561916,0.206882],[0.328639,0.123685,-0.936322],[0.500546,0.817895,0.283728]],[[0.800906,-0.561916,0.206882],[0.23613,-0.0211182,-0.971492],[0.550266,0.826925,0.115772]]],"btipPosition":[-26.4692,250.644,-8.42274],"carpPosition":[-5.25566,290.509,75.251],"dipPosition":[-16.9843,264.898,-6.42721],"direction":[-0.500546,-0.817895,-0.283728],"extended":false,"handId":929,"id":9294,"length":50.5107,"mcpPosition":[5.11818,306.288,20.4267],"pipPosition":[-7.19426,280.895,-0.877836],"stabilizedTipPosition":[-22.5537,253.356,-6.50008],"timeVisible":9.93336,"tipPosition":[-23.1944,254.521,-9.6191],"tipVelocity":[-73.5217,25.9587,-58.3233],"tool":false,"touchDistance":-0.386063,"touchZone":"hovering","type":4,"width":16.0574}],"r":[[0.598688,-0.524959,0.604971],[0.764471,0.599927,-0.235949],[-0.239075,0.603743,0.760485]],"s":0.855976,"t":[24.0688,15.0813,-205.077],"timestamp":607537521052},false],[6,{"currentFrameRate":109.187,"devices":[],"gestures":[],"hands":[{"armBasis":[[0.879713,0.102572,-0.46431],[0.153327,0.863111,0.481176],[0.450106,-0.494488,0.743563]],"armWidth":63.72,"confidence":0.751654,"direction":[-0.0608589,0.412926,-0.908729],"elbow":[100.579,153.815,284.118],"grabStrength":0,"id":929,"palmNormal":[-0.148443,-0.904036,-0.400853],"palmPosition":[-32.4012,306.562,33.4391],"palmVelocity":[-46.6971,59.4716,-127.207],"palmWidth":90.99,"pinchStrength":0.875768,"r":[[0.596707,-0.52441,0.6074],[0.766049,0.597673,-0.23655],[-0.238978,0.606449,0.758359]],"s":0.856836,"sphereCenter":[-44.8036,271.646,-1.70705],"sphereRadius":47.1943,"stabilizedPalmPosition":[-5.71716,284.028,134.506],"t":[23.6642,15.5569,-206.125],"timeVisible":9.94221,"type":"right","wrist":[-20.9495,287.327,83.3555]}],"id":4487810,"interactionBox":{"center":[0,200,0],"size":[235.247,235.247,147.751]},"pointables":[{"bases":[[[0.518081,0.844705,0.134406],[-0.704232,0.332076,0.627521],[0.485437,-0.41976,0.766911]],[[0.344232,0.932735,-0.107279],[-0.904168,0.360117,0.229774],[0.252951,0.0179029,0.967313]],[[0.344232,0.932735,-0.107279],[-0.938824,0.343253,-0.0280525],[0.0106583,0.110373,0.993833]],[[0.344232,0.932735,-0.107279],[-0.692584,0.17512,-0.699757],[-0.633902,0.315179,0.706279]]],"btipPosition":[-48.6378,267.267,-13.2489],"carpPosition":[-50.4833,279.3,85.4518],"dipPosition":[-63.4734,274.643,3.28054],"direction":[-0.0106583,-0.110373,-0.993833],"extended":false,"handId":929,"id":9290,"length":52.1164,"mcpPosition":[-50.4833,279.3,85.4518],"pipPosition":[-63.11,278.407,37.1659],"stabilizedTipPosition":[-54.081,247.448,71.6853],"timeVisible":9.94221,"tipPosition":[-53.7236,269.077,-9.6531],"tipVelocity":[-8.28263,49.8784,-112.525],"tool":false,"touchDistance":-0.454423,"touchZone":"hovering","type":0,"width":20.25},{"bases":[[[0.962816,-0.0395992,-0.267241],[0.113317,0.957171,0.266427],[0.245245,-0.286803,0.926066]],[[0.984429,-0.071895,-0.160407],[0.0937339,0.986671,0.133022],[0.148705,-0.145987,0.978046]],[[0.984429,-0.071895,-0.160407],[0.0765395,0.996802,0.0229582],[0.158243,-0.0348781,0.986784]],[[0.984429,-0.071895,-0.160407],[0.062718,0.996131,-0.0615647],[0.164212,0.0505457,0.985129]]],"btipPosition":[-71.3328,327.856,-68.2041],"carpPosition":[-40.271,300.505,82.6279],"dipPosition":[-68.5271,328.719,-51.3726],"direction":[-0.158243,0.0348781,-0.986784],"extended":true,"handId":929,"id":9291,"length":58.8075,"mcpPosition":[-58.3136,321.605,14.4976],"pipPosition":[-64.7023,327.876,-27.5216],"stabilizedTipPosition":[-55.8325,313.256,-12.2191],"timeVisible":9.94221,"tipPosition":[-69.9252,327.646,-64.4321],"tipVelocity":[-41.9887,49.247,-136.521],"tool":false,"touchDistance":-0.479194,"touchZone":"hovering","type":1,"width":19.3428},{"bases":[[[0.953578,-0.240573,-0.181146],[0.279818,0.930167,0.237678],[0.111317,-0.277333,0.954303]],[[0.959632,-0.263654,-0.0979465],[0.108392,0.668018,-0.736208],[0.259534,0.695872,0.66963]],[[0.959632,-0.263654,-0.0979465],[0.0126596,0.388379,-0.921413],[0.280975,0.882977,0.376039]],[[0.959632,-0.263654,-0.0979465],[-0.0385461,0.221673,-0.974359],[0.278606,0.938801,0.202562]]],"btipPosition":[-61.9962,244.878,-34.0753],"carpPosition":[-28.4947,301.821,79.2807],"dipPosition":[-56.7607,262.519,-30.2687],"direction":[-0.280975,-0.882977,-0.376039],"extended":false,"handId":929,"id":9292,"length":67.0064,"mcpPosition":[-36.2611,321.169,12.7009],"pipPosition":[-48.7708,287.628,-19.5755],"stabilizedTipPosition":[-54.1513,243.084,-20.0458],"timeVisible":9.94221,"tipPosition":[-60.588,249.884,-34.622],"tipVelocity":[-54.3825,30.1711,-87.1076],"tool":false,"touchDistance":-0.395962,"touchZone":"hovering","type":2,"width":18.9972},{"bases":[[[0.93574,-0.348194,-0.0561365],[0.350638,0.901288,0.254429],[-0.0379954,-0.257763,0.965461]],[[0.926799,-0.372975,0.0439696],[0.26326,0.561706,-0.784335],[0.267839,0.738496,0.618778]],[[0.926799,-0.372975,0.0439696],[0.14906,0.257858,-0.954615],[0.34471,0.891291,0.294578]],[[0.926799,-0.372975,0.0439696],[0.0836169,0.0907907,-0.992353],[0.366131,0.923389,0.115332]]],"btipPosition":[-42.6537,241.152,-21.9411],"carpPosition":[-16.6768,299.945,76.4973],"dipPosition":[-35.8129,258.405,-19.7863],"direction":[-0.34471,-0.891291,-0.294578],"extended":false,"handId":929,"id":9293,"length":64.4285,"mcpPosition":[-14.2968,316.091,16.0209],"pipPosition":[-26.2637,283.095,-11.6259],"stabilizedTipPosition":[-37.5336,243.303,-17.165],"timeVisible":9.94221,"tipPosition":[-40.5973,245.883,-22.943],"tipVelocity":[-65.7203,25.4119,-62.4599],"tool":false,"touchDistance":-0.364622,"touchZone":"touching","type":3,"width":18.077},{"bases":[[[0.854169,-0.519787,0.0147202],[0.487167,0.809822,0.32689],[-0.181834,-0.272048,0.944948]],[[0.801228,-0.563375,0.201599],[0.480443,0.404894,-0.777969],[0.356662,0.720188,0.595082]],[[0.801228,-0.563375,0.201599],[0.318015,0.115543,-0.941019],[0.506853,0.818082,0.271738]],[[0.801228,-0.563375,0.201599],[0.224493,-0.0292789,-0.974036],[0.55465,0.825683,0.103014]]],"btipPosition":[-27.4557,250.985,-8.68012],"carpPosition":[-5.91425,290.908,74.245],"dipPosition":[-17.8953,265.217,-6.90449],"direction":[-0.506853,-0.818082,-0.271738],"extended":false,"handId":929,"id":9294,"length":50.5107,"mcpPosition":[4.62943,306.683,19.452],"pipPosition":[-7.98184,281.218,-1.58962],"stabilizedTipPosition":[-23.0968,253.537,-6.85603],"timeVisible":9.94221,"tipPosition":[-24.1687,254.828,-9.93707],"tipVelocity":[-83.2