{"sensorType":"Leap","data":[[0,{"currentFrameRate":108.634,"devices":[],"gestures":[],"hands":[{"armBasis":[[0.887359,0.127632,-0.443063],[0.186226,0.779853,0.59762],[0.421799,-0.612813,0.668241]],"armWidth":63.72,"confidence":0.788016,"direction":[0.0543912,0.294205,-0.954193],"elbow":[75.9474,122.522,278.406],"grabStrength":0,"id":932,"palmNormal":[-0.216385,-0.929427,-0.298903],"palmPosition":[-43.3667,301.551,45.263],"palmVelocity":[63.4099,-15.1483,-266.373],"palmWidth":90.99,"pinchStrength":0.896706,"r":[[0.871705,-0.250452,0.421193],[0.345946,0.923279,-0.166968],[-0.347061,0.291256,0.89147]],"s":0.929343,"sphereCenter":[-44.596,261.738,15.804],"sphereRadius":45.3645,"stabilizedPalmPosition":[-67.4421,276.307,252.245],"t":[32.3302,32.7081,-226.488],"timeVisible":0.515219,"type":"right","wrist":[-37.9384,287.981,97.9807]}],"id":4490523,"interactionBox":{"center":[0,200,0],"size":[235.247,235.247,147.751]},"pointables":[{"bases":[[[0.596408,0.799087,0.0758779],[-0.708963,0.480087,0.516611],[0.37639,-0.361906,0.852851]],[[0.433596,0.874444,-0.217583],[-0.872146,0.467968,0.142715],[0.226618,0.127883,0.965552]],[[0.433596,0.874444,-0.217583],[-0.896241,0.393434,-0.204846],[-0.093522,0.283827,0.954304]],[[0.433596,0.874444,-0.217583],[-0.775143,0.238818,-0.58491],[-0.459508,0.422272,0.78137]]],"btipPosition":[-65.6204,257.343,-0.630944],"carpPosition":[-68.251,283.286,98.3915],"dipPosition":[-76.3745,267.226,17.6559],"direction":[0.093522,-0.283827,-0.954304],"extended":false,"handId":932,"id":9320,"length":52.1164,"mcpPosition":[-68.251,283.286,98.3915],"pipPosition":[-79.5632,276.903,50.1935],"stabilizedTipPosition":[-97.3593,237.943,227.718],"timeVisible":0.515219,"tipPosition":[-67.4332,259.441,3.57524],"tipVelocity":[87.7942,-11.2431,-277.309],"tool":false,"touchDistance":-0.637646,"touchZone":"hovering","type":0,"width":20.25},{"bases":[[[0.970086,-0.170171,-0.173134],[0.197666,0.967714,0.156386],[0.140931,-0.185931,0.972403]],[[0.98026,-0.194453,-0.0357419],[0.186876,0.9703,-0.153608],[0.06455,0.143897,0.987485]],[[0.98026,-0.194453,-0.0357419],[0.179758,0.951837,-0.248381],[0.0823189,0.237053,0.968003]],[[0.98026,-0.194453,-0.0357419],[0.173583,0.932999,-0.315249],[0.0946482,0.302822,0.948336]]],"btipPosition":[-72.3241,299.405,-59.6439],"carpPosition":[-55.5759,302.812,93.92],"dipPosition":[-70.707,304.579,-43.441],"direction":[-0.0823189,-0.237053,-0.968003],"extended":true,"handId":932,"id":9321,"length":58.8075,"mcpPosition":[-65.9441,316.49,22.3807],"pipPosition":[-68.7173,310.308,-20.044],"stabilizedTipPosition":[-122.356,290.518,154.311],"timeVisible":0.515219,"tipPosition":[-71.6881,299.776,-55.6774],"tipVelocity":[106.637,14.0837,-288.376],"tool":false,"touchDistance":-0.730778,"touchZone":"hovering","type":1,"width":19.3428},{"bases":[[[0.932201,-0.356189,-0.064273],[0.361871,0.920696,0.146176],[0.0071098,-0.159524,0.987168]],[[0.93222,-0.358038,-0.0526714],[0.142649,0.497308,-0.855766],[0.332591,0.790249,0.514674]],[[0.93222,-0.358038,-0.0526714],[-0.271227,-0.594874,-0.756677],[0.239586,0.719676,-0.651663]],[[0.93222,-0.358038,-0.0526714],[-0.359913,-0.902055,-0.238242],[0.0377872,0.241051,-0.969776]]],"btipPosition":[-67.5561,250.54,34.5792],"carpPosition":[-43.5059,302.496,91.5045],"dipPosition":[-66.846,255.07,16.3552],"direction":[-0.239586,-0.719676,0.651663],"extended":false,"handId":932,"id":9322,"length":67.0064,"mcpPosition":[-44.002,313.625,22.6317],"pipPosition":[-60.033,275.535,-2.17579],"stabilizedTipPosition":[-84.4964,227.581,241.071],"timeVisible":0.515219,"tipPosition":[-67.304,251.613,30.6522],"tipVelocity":[70.5845,-14.8002,-272.915],"tool":false,"touchDistance":0.333333,"touchZone":"none","type":2,"width":18.9972},{"bases":[[[0.893137,-0.444167,0.0708623],[0.42759,0.887341,0.172604],[-0.139544,-0.123859,0.982439]],[[0.886985,-0.448678,0.109294],[0.298328,0.376067,-0.877254],[0.352503,0.810717,0.467419]],[[0.886985,-0.448678,0.109294],[-0.241224,-0.651977,-0.718844],[0.393787,0.61124,-0.686526]],[[0.886985,-0.448678,0.109294],[-0.420103,-0.882251,-0.212477],[0.191759,0.142549,-0.971035]]],"btipPosition":[-53.2901,251.041,44.7774],"carpPosition":[-31.79,299.101,90.0405],"dipPosition":[-49.7073,253.705,26.6346],"direction":[-0.393787,-0.61124,0.686526],"extended":false,"handId":932,"id":9323,"length":64.4285,"mcpPosition":[-23.0489,306.86,28.5005],"pipPosition":[-38.7986,270.637,7.61646],"stabilizedTipPosition":[-70.3014,224.247,255.135],"timeVisible":0.515219,"tipPosition":[-52.3954,251.638,40.5206],"tipVelocity":[65.2271,-14.4295,-267.369],"tool":false,"touchDistance":0.333333,"touchZone":"none","type":3,"width":18.077},{"bases":[[[0.787974,-0.595985,0.154593],[0.547281,0.793003,0.267638],[-0.282101,-0.126286,0.951037]],[[0.80686,-0.584875,0.0830543],[0.350014,0.360057,-0.864783],[0.475886,0.726829,0.49523]],[[0.80686,-0.584875,0.0830543],[-0.342349,-0.577527,-0.741121],[0.481429,0.569547,-0.666215]],[[0.80686,-0.584875,0.0830543],[-0.548302,-0.793781,-0.263204],[0.219868,0.16683,-0.961159]]],"btipPosition":[-35.6258,256.427,46.8237],"carpPosition":[-21.9505,288.819,89.883],"dipPosition":[-31.8359,259.302,30.2564],"direction":[-0.481429,-0.569547,0.666215],"extended":false,"handId":932,"id":9324,"length":50.5107,"mcpPosition":[-5.59282,296.142,34.7369],"pipPosition":[-22.4198,270.442,17.226],"stabilizedTipPosition":[-55.3172,231.316,253.665],"timeVisible":0.515219,"tipPosition":[-34.675,256.976,42.6197],"tipVelocity":[60.3427,-9.8615,-249.421],"tool":false,"touchDistance":0.333333,"touchZone":"none","type":4,"width":16.0574}],"r":[[0.871705,-0.250452,0.421193],[0.345946,0.923279,-0.166968],[-0.347061,0.291256,0.89147]],"s":0.929343,"t":[32.3302,32.7081,-226.488],"timestamp":607562720173},false],[1,{"currentFrameRate":108.666,"devices":[],"gestures":[],"hands":[{"armBasis":[[0.887846,0.118995,-0.444488],[0.189356,0.785913,0.58863],[0.419373,-0.606779,0.675238]],"armWidth":63.72,"confidence":0.792755,"direction":[0.0603143,0.29644,-0.953145],"elbow":[75.719,124.105,277.934],"grabStrength":0,"id":932,"palmNormal":[-0.219763,-0.92751,-0.302374],"palmPosition":[-42.6263,301.672,42.9144],"palmVelocity":[68.2935,-7.26363,-263.704],"palmWidth":90.99,"pinchStrength":0.896117,"r":[[0.869236,-0.252082,0.425304],[0.348184,0.922857,-0.16463],[-0.350995,0.291187,0.889951]],"s":0.931106,"sphereCenter":[-44.3003,262.176,13.3289],"sphereRadius":45.2768,"stabilizedPalmPosition":[-67.4417,276.307,252.242],"t":[32.9787,32.7672,-228.699],"timeVisible":0.524365,"type":"right","wrist":[-37.5117,287.935,95.6203]}],"id":4490524,"interactionBox":{"center":[0,200,0],"size":[235.247,235.247,147.751]},"pointables":[{"bases":[[[0.60014,0.795808,0.0807577],[-0.708875,0.48236,0.514612],[0.370578,-0.366087,0.853611]],[[0.439452,0.872724,-0.212685],[-0.870193,0.472344,0.140198],[0.222814,0.123466,0.967011]],[[0.439452,0.872724,-0.212685],[-0.893063,0.399038,-0.207861],[-0.0965362,0.281286,0.954756]],[[0.439452,0.872724,-0.212685],[-0.769448,0.243555,-0.59045],[-0.463499,0.423124,0.778546]]],"btipPosition":[-64.8328,257.739,-3.16592],"carpPosition":[-67.8495,283.395,95.8787],"dipPosition":[-75.6804,267.641,15.0549],"direction":[0.0965362,-0.281286,-0.954756],"extended":false,"handId":932,"id":9320,"length":52.1164,"mcpPosition":[-67.8495,283.395,95.8787],"pipPosition":[-78.9718,277.232,47.6078],"stabilizedTipPosition":[-97.3588,237.943,227.714],"timeVisible":0.524365,"tipPosition":[-66.7114,259.828,1.01936],"tipVelocity":[86.6713,4.06627,-277.732],"tool":false,"touchDistance":-0.640467,"touchZone":"hovering","type":0,"width":20.25},{"bases":[[[0.969991,-0.174698,-0.169109],[0.201901,0.966269,0.159875],[0.135475,-0.18922,0.972544]],[[0.979406,-0.199074,-0.0336732],[0.192219,0.970405,-0.146171],[0.0617754,0.136688,0.988686]],[[0.979406,-0.199074,-0.0336732],[0.185399,0.952796,-0.24043],[0.079947,0.229235,0.970082]],[[0.979406,-0.199074,-0.0336732],[0.179412,0.934617,-0.307088],[0.0926047,0.294722,0.951085]]],"btipPosition":[-71.1892,300.339,-62.2054],"carpPosition":[-55.0538,302.866,91.5178],"dipPosition":[-69.607,305.374,-45.9555],"direction":[-0.079947,-0.229235,-0.970082],"extended":true,"handId":932,"id":9321,"length":58.8075,"mcpPosition":[-65.0207,316.787,19.9681],"pipPosition":[-67.6747,310.915,-22.5082],"stabilizedTipPosition":[-122.344,290.52,154.261],"timeVisible":0.524365,"tipPosition":[-70.5639,300.618,-58.2222],"tipVelocity":[111.25,37.6152,-285.733],"tool":false,"touchDistance":-0.724293,"touchZone":"hovering","type":1,"width":19.3428},{"bases":[[[0.93065,-0.360805,-0.06092],[0.365908,0.918435,0.150296],[0.00172336,-0.162164,0.986762]],[[0.930602,-0.362741,-0.0489772],[0.149266,0.498257,-0.854084],[0.334214,0.787502,0.517824]],[[0.930602,-0.362741,-0.0489772],[-0.270705,-0.591991,-0.759122],[0.24637,0.719699,-0.649104]],[[0.930602,-0.362741,-0.0489772],[-0.363417,-0.899678,-0.241884],[0.0436776,0.242897,-0.969068]]],"btipPosition":[-67.0308,250.821,32.0223],"carpPosition":[-42.9747,302.495,89.1572],"dipPosition":[-66.21,255.385,13.8116],"direction":[-0.24637,-0.719699,0.649104],"extended":false,"handId":932,"id":9322,"length":67.0064,"mcpPosition":[-43.0949,313.809,20.3127],"pipPosition":[-59.2041,275.851,-4.64661],"stabilizedTipPosition":[-84.4962,227.582,241.069],"timeVisible":0.524365,"tipPosition":[-66.7559,251.898,28.0764],"tipVelocity":[67.6972,-1.90299,-274.673],"tool":false,"touchDistance":0.333333,"touchZone":"none","type":2,"width":18.9972},{"bases":[[[0.89051,-0.448938,0.0737987],[0.431332,0.884672,0.176939],[-0.144722,-0.125734,0.981451]],[[0.884075,-0.453569,0.112639],[0.303584,0.374116,-0.876284],[0.355315,0.808896,0.468443]],[[0.884075,-0.453569,0.112639],[-0.242456,-0.651177,-0.719154],[0.399534,0.608476,-0.68566]],[[0.884075,-0.453569,0.112639],[-0.42418,-0.879932,-0.213988],[0.196173,0.141402,-0.97032]]],"btipPosition":[-52.8127,251.281,42.4539],"carpPosition":[-31.2696,299.044,87.7382],"dipPosition":[-49.1474,253.923,24.3244],"direction":[-0.399534,-0.608476,0.68566],"extended":false,"handId":932,"id":9323,"length":64.4285,"mcpPosition":[-22.2042,306.92,26.2601],"pipPosition":[-38.0795,270.779,5.33025],"stabilizedTipPosition":[-70.3013,224.247,255.134],"timeVisible":0.524365,"tipPosition":[-51.8992,251.855,38.1296],"tipVelocity":[62.1779,-3.27131,-263.569],"tool":false,"touchDistance":0.333333,"touchZone":"none","type":3,"width":18.077},{"bases":[[[0.784183,-0.600434,0.156638],[0.550096,0.789469,0.272273],[-0.287143,-0.127346,0.949385]],[[0.80297,-0.589598,0.0872606],[0.35701,0.358553,-0.862545],[0.477267,0.72375,0.498399]],[[0.80297,-0.589598,0.0872606],[-0.341533,-0.575147,-0.743345],[0.488462,0.567081,-0.663192]],[[0.80297,-0.589598,0.0872606],[-0.551352,-0.790398,-0.266988],[0.226386,0.166272,-0.959741]]],"btipPosition":[-35.164,256.548,44.4395],"carpPosition":[-21.4824,288.712,87.5987],"dipPosition":[-31.2618,259.414,27.8966],"direction":[-0.488462,-0.567081,0.663192],"extended":false,"handId":932,"id":9324,"length":50.5107,"mcpPosition":[-4.83234,296.096,32.5484],"pipPosition":[-21.7081,270.505,14.9254],"stabilizedTipPosition":[-55.317,231.316,253.663],"timeVisible":0.524365,"tipPosition":[-34.1764,257.087,40.2386],"tipVelocity":[58.3856,-3.50313,-252.383],"tool":false,"touchDistance":0.333333,"touchZone":"none","type":4,"width":16.0574}],"r":[[0.869236,-0.252082,0.425304],[0.348184,0.922857,-0.16463],[-0.350995,0.291187,0.889951]],"s":0.931106,"t":[32.9787,32.7672,-228.699],"timestamp":607562729319},false],[2,{"currentFrameRate":108.831,"devices":[],"gestures":[],"hands":[{"armBasis":[[0.887659,0.11425,-0.446103],[0.190881,0.790306,0.58222],[0.419077,-0.601966,0.679715]],"armWidth":63.72,"confidence":0.793506,"direction":[0.0663409,0.298274,-0.952172],"elbow":[75.7125,125.636,277.317],"grabStrength":0,"id":932,"palmNormal":[-0.221819,-0.925986,-0.305526],"palmPosition":[-42.2296,302.037,41.0926],"palmVelocity":[61.8574,5.88789,-247.725],"palmWidth":90.99,"pinchStrength":0.896716,"r":[[0.866607,-0.254248,0.429359],[0.35085,0.922314,-0.161991],[-0.354818,0.291023,0.888487]],"s":0.932806,"sphereCenter":[-44.3493,262.881,11.3941],"sphereRadius":45.1671,"stabilizedPalmPosition":[-67.4412,276.308,252.238],"t":[33.5012,32.9796,-230.715],"timeVisible":0.533256,"type":"right","wrist":[-37.4382,288.166,93.7936]}],"id":4490525,"interactionBox":{"center":[0,200,0],"size":[235.247,235.247,147.751]},"pointables":[{"bases":[[[0.60281,0.793283,0.0855671],[-0.709616,0.484001,0.512043],[0.364781,-0.369384,0.854687]],[[0.444652,0.871357,-0.207415],[-0.868793,0.475905,0.136794],[0.217907,0.119375,0.968641]],[[0.444652,0.871357,-0.207415],[-0.889931,0.40353,-0.212569],[-0.101525,0.279105,0.954879]],[[0.444652,0.871357,-0.207415],[-0.761464,0.245799,-0.599796],[-0.471654,0.42464,0.772802]]],"btipPosition":[-64.1717,258.331,-5.1086],"carpPosition":[-67.7943,283.744,93.8872],"dipPosition":[-75.2101,268.269,12.9778],"direction":[0.101525,-0.279105,-0.954879],"extended":false,"handId":932,"id":9320,"length":52.1164,"mcpPosition":[-67.7943,283.744,93.8872],"pipPosition":[-78.6717,277.785,45.5349],"stabilizedTipPosition":[-97.3582,237.944,227.71],"timeVisible":0.533256,"tipPosition":[-66.1968,260.421,-0.972913],"tipVelocity":[81.983,21.3119,-262.58],"tool":false,"touchDistance":-0.634358,"touchZone":"hovering","type":0,"width":20.25},{"bases":[[[0.970157,-0.178112,-0.164537],[0.204837,0.965125,0.163024],[0.129762,-0.191861,0.972806]],[[0.978791,-0.202491,-0.0310589],[0.196419,0.970688,-0.138509],[0.0581953,0.12947,0.989874]],[[0.978791,-0.202491,-0.0310589],[0.189957,0.953867,-0.232496],[0.0767043,0.221665,0.972101]],[[0.978791,-0.202491,-0.0310589],[0.184202,0.936266,-0.299124],[0.0896494,0.287059,0.953708]]],"btipPosition":[-70.3333,301.465,-64.2527],"carpPosition":[-54.9009,303.175,89.6344],"dipPosition":[-68.8016,306.37,-47.958],"direction":[-0.0767043,-0.221665,-0.972101],"extended":true,"handId":932,"id":9321,"length":58.8075,"mcpPosition":[-64.4474,317.29,18.0654],"pipPosition":[-66.9476,311.728,-24.4619],"stabilizedTipPosition":[-122.328,290.524,154.198],"timeVisible":0.533256,"tipPosition":[-69.7251,301.653,-60.2528],"tipVelocity":[106.823,60.9123,-270.345],"tool":false,"touchDistance":-0.710752,"touchZone":"hovering","type":1,"width":19.3428},{"bases":[[[0.929539,-0.364299,-0.0569588],[0.368703,0.916672,0.154178],[-0.00395428,-0.164315,0.9864]],[[0.929418,-0.36631,-0.0447134],[0.155697,0.499095,-0.852445],[0.334575,0.785316,0.520901]],[[0.929418,-0.36631,-0.0447134],[-0.269034,-0.589649,-0.761534],[0.252592,0.719813,-0.64658]],[[0.929418,-0.36631,-0.0447134],[-0.365658,-0.897803,-0.245447],[0.0497658,0.244473,-0.968378]]],"btipPosition":[-66.7801,251.31,29.992],"carpPosition":[-42.8113,302.761,87.3346],"dipPosition":[-65.8449,255.904,11.7943],"direction":[-0.252592,-0.719813,0.64658],"extended":false,"handId":932,"id":9322,"length":67.0064,"mcpPosition":[-42.5355,314.225,18.5155],"pipPosition":[-58.6621,276.373,-6.59217],"stabilizedTipPosition":[-84.496,227.582,241.066],"timeVisible":0.533256,"tipPosition":[-66.4807,252.392,26.0331],"tipVelocity":[57.767,13.77,-261.994],"tool":false,"touchDistance":0.333333,"touchZone":"none","type":2,"width":18.9972},{"bases":[[[0.888368,-0.452567,0.0773595],[0.433859,0.882597,0.18108],[-0.150228,-0.127303,0.980421]],[[0.881663,-0.457289,0.116438],[0.309384,0.373862,-0.874362],[0.356304,0.806916,0.471098]],[[0.881663,-0.457289,0.116438],[-0.24161,-0.649422,-0.721024],[0.405334,0.607567,-0.683057]],[[0.881663,-0.457289,0.116438],[-0.426651,-0.877923,-0.217299],[0.201593,0.141906,-0.969135]]],"btipPosition":[-52.617,251.707,40.5352],"carpPosition":[-31.1127,299.268,85.9679],"dipPosition":[-48.8505,254.359,22.4279],"direction":[-0.405334,-0.607567,0.683057],"extended":false,"handId":932,"id":9323,"length":64.4285,"mcpPosition":[-21.7024,307.242,24.5543],"pipPosition":[-37.6219,271.189,3.50586],"stabilizedTipPosition":[-70.3012,224.247,255.132],"timeVisible":0.533256,"tipPosition":[-51.6793,252.28,36.1974],"tipVelocity":[51.9738,10.7174,-250.43],"tool":false,"touchDistance":0.333333,"touchZone":"none","type":3,"width":18.077},{"bases":[[[0.781031,-0.603827,0.159322],[0.551762,0.786724,0.27681],[-0.292488,-0.128289,0.947625]],[[0.799416,-0.59349,0.0932953],[0.363936,0.354836,-0.861187],[0.478001,0.7224,0.499653]],[[0.799416,-0.59349,0.0932953],[-0.340175,-0.575156,-0.74396],[0.495192,0.562996,-0.66168]],[[0.799416,-0.59349,0.0932953],[-0.553632,-0.788047,-0.269208],[0.233293,0.163558,-0.958553]]],"btipPosition":[-35.0135,256.963,42.7042],"carpPosition":[-21.3651,288.898,85.8557],"dipPosition":[-30.9922,259.782,26.1818],"direction":[-0.495192,-0.562996,0.66168],"extended":false,"handId":932,"id":9324,"length":50.5107,"mcpPosition":[-4.40515,296.337,30.9075],"pipPosition":[-21.3069,270.794,13.2401],"stabilizedTipPosition":[-55.3167,231.317,253.661],"timeVisible":0.533256,"tipPosition":[-33.9811,257.476,38.4755],"tipVelocity":[47.9572,9.8144,-236.693],"tool":false,"touchDistance":0.333333,"touchZone":"none","type":4,"width":16.0574}],"r":[[0.866607,-0.254248,0.429359],[0.35085,0.922314,-0.161991],[-0.354818,0.291023,0.888487]],"s":0.932806,"t":[33.5012,32.9796,-230.715],"timestamp":607562738210},false],[3,{"currentFrameRate":108.901,"devices":[],"gestures":[],"hands":[{"armBasis":[[0.888174,0.108872,-0.446424],[0.192298,0.794297,0.576293],[0.417336,-0.597695,0.684538]],"armWidth":63.72,"confidence":0.793701,"direction":[0.0690777,0.297864,-0.952106],"elbow":[75.6457,126.939,277.177],"grabStrength":0,"id":932,"palmNormal":[-0.223134,-0.925593,-0.305759],"palmPosition":[-41.6805,302.183,39.6369],"palmVelocity":[61.5162,8.70907,-223.701],"palmWidth":90.99,"pinchStrength":0.896732,"r":[[0.864187,-0.256328,0.432986],[0.353439,0.921713,-0.159766],[-0.358137,0.291102,0.887129]],"s":0.93422,"sphereCenter":[-44.2112,263.25,9.93702],"sphereRadius":45.0643,"stabilizedPalmPosition":[-67.4407,276.308,252.233],"t":[34.037,33.1587,-232.451],"timeVisible":0.542314,"type":"right","wrist":[-37.0349,288.317,92.3522]}],"id":4490526,"interactionBox":{"center":[0,200,0],"size":[235.247,235.247,147.751]},"pointables":[{"bases":[[[0.604323,0.792011,0.0866757],[-0.709701,0.485667,0.510345],[0.362104,-0.369927,0.85559]],[[0.447781,0.870221,-0.205444],[-0.8678,0.478323,0.134649],[0.215443,0.117991,0.969362]],[[0.447781,0.870221,-0.205444],[-0.888033,0.406007,-0.215768],[-0.104354,0.279058,0.954587]],[[0.447781,0.870221,-0.205444],[-0.754242,0.244213,-0.609491],[-0.48022,0.427873,0.765711]]],"btipPosition":[-63.3581,258.541,-6.47576],"carpPosition":[-67.4006,283.96,92.3801],"dipPosition":[-74.597,268.555,11.4446],"direction":[0.104354,-0.279058,-0.954587],"extended":false,"handId":932,"id":9320,"length":52.1164,"mcpPosition":[-67.4006,283.96,92.3801],"pipPosition":[-78.155,278.07,43.9919],"stabilizedTipPosition":[-97.3573,237.944,227.703],"timeVisible":0.542314,"tipPosition":[-65.5482,260.647,-2.40572],"tipVelocity":[82.742,22.3796,-232.92],"tool":false,"touchDistance":-0.620335,"touchZone":"hovering","type":0,"width":20.25},{"bases":[[[0.970132,-0.180241,-0.16235],[0.20655,0.964728,0.163208],[0.127207,-0.191867,0.973142]],[[0.978428,-0.204314,-0.0305536],[0.198495,0.970755,-0.135034],[0.0572494,0.126057,0.99037]],[[0.978428,-0.204314,-0.0305536],[0.19212,0.95428,-0.228996],[0.0759438,0.218186,0.972948]],[[0.978428,-0.204314,-0.0305536],[0.186411,0.936914,-0.295709],[0.0890436,0.283635,0.954789]]],"btipPosition":[-69.6313,301.942,-65.8217],"carpPosition":[-54.4562,303.362,88.1504],"dipPosition":[-68.1099,306.788,-49.5085],"direction":[-0.0759438,-0.218186,-0.972948],"extended":true,"handId":932,"id":9321,"length":58.8075,"mcpPosition":[-63.8148,317.477,16.5567],"pipPosition":[-66.2743,312.061,-25.992],"stabilizedTipPosition":[-122.308,290.529,154.116],"timeVisible":0.542314,"tipPosition":[-69.0233,302.09,-61.8178],"tipVelocity":[98.6567,58.2041,-243.4],"tool":false,"touchDistance":-0.691481,"touchZone":"hovering","type":1,"width":19.3428},{"bases":[[[0.928877,-0.36631,-0.0548109],[0.370331,0.915921,0.154737],[-0.00647903,-0.16403,0.986434]],[[0.928717,-0.368392,-0.0421007],[0.158643,0.497409,-0.852887],[0.335138,0.785411,0.520395]],[[0.928717,-0.368392,-0.0421007],[-0.268667,-0.590324,-0.761141],[0.255545,0.718196,-0.647218]],[[0.928717,-0.368392,-0.0421007],[-0.367052,-0.897328,-0.245103],[0.0525157,0.243084,-0.968583]]],"btipPosition":[-66.3179,251.517,28.5787],"carpPosition":[-42.3625,302.921,85.8774],"dipPosition":[-65.331,256.085,10.3771],"direction":[-0.255545,-0.718196,0.647218],"extended":false,"handId":932,"id":9322,"length":67.0064,"mcpPosition":[-41.9105,314.365,17.0558],"pipPosition":[-58.0643,276.508,-8.02744],"stabilizedTipPosition":[-84.4958,227.582,241.064],"timeVisible":0.542314,"tipPosition":[-66.0098,252.59,24.5787],"tipVelocity":[56.2683,16.1153,-232.765],"tool":false,"touchDistance":0.333333,"touchZone":"none","type":2,"width":18.9972},{"bases":[[[0.887222,-0.454452,0.0794407],[0.435354,0.881714,0.181792],[-0.15266,-0.126705,0.980123]],[[0.880356,-0.459185,0.118837],[0.311839,0.371549,-0.874476],[0.357392,0.806908,0.470288]],[[0.880356,-0.459185,0.118837],[-0.241891,-0.65016,-0.720264],[0.407997,0.605343,-0.683445]],[[0.880356,-0.459185,0.118837],[-0.428268,-0.877226,-0.216937],[0.203861,0.140087,-0.968925]]],"btipPosition":[-52.1852,251.9,39.1664],"carpPosition":[-30.6684,299.403,84.5374],"dipPosition":[-48.3763,254.518,21.063],"direction":[-0.407997,-0.605343,0.683445],"extended":false,"handId":932,"id":9323,"length":64.4285,"mcpPosition":[-21.1058,307.339,23.1425],"pipPosition":[-37.074,271.287,2.1302],"stabilizedTipPosition":[-70.301,224.248,255.13],"timeVisible":0.542314,"tipPosition":[-51.2364,252.459,34.8012],"tipVelocity":[51.0831,13.4065,-222.984],"tool":false,"touchDistance":0.333333,"touchZone":"none","type":3,"width":18.077},{"bases":[[[0.779379,-0.605458,0.161209],[0.55284,0.785615,0.277807],[-0.294849,-0.127394,0.947014]],[[0.797539,-0.595454,0.0967785],[0.367584,0.35246,-0.860613],[0.478345,0.721946,0.49998]],[[0.797539,-0.595454,0.0967785],[-0.339403,-0.575516,-0.744034],[0.498736,0.560549,-0.661095]],[[0.797539,-0.595454,0.0967785],[-0.554858,-0.787005,-0.26973],[0.236777,0.161422,-0.95806]]],"btipPosition":[-34.5959,257.125,41.3019],"carpPosition":[-20.9429,289.012,84.4495],"dipPosition":[-30.5146,259.908,24.788],"direction":[-0.498736,-0.560549,0.661095],"extended":false,"handId":932,"id":9324,"length":50.5107,"mcpPosition":[-3.84604,296.399,29.5367],"pipPosition":[-20.7599,270.871,11.8578],"stabilizedTipPosition":[-55.3165,231.317,253.658],"timeVisible":0.542314,"tipPosition":[-33.5422,257.625,37.0794],"tipVelocity":[47.8662,11.8002,-214.026],"tool":false,"touchDistance":0.333333,"touchZone":"none","type":4,"width":16.0574}],"r":[[0.864187,-0.256328,0.432986],[0.353439,0.921713,-0.159766],[-0.358137,0.291102,0.887129]],"s":0.93422,"t":[34.037,33.1587,-232.451],"timestamp":607562747268},false],[4,{"currentFrameRate":108.933,"devices":[],"gestures":[],"hands":[{"armBasis":[[0.888594,0.103178,-0.446939],[0.194043,0.798338,0.570092],[0.415629,-0.593306,0.689377]],"armWidth":63.72,"confidence":0.783678,"direction":[0.0745877,0.299407,-0.951206],"elbow":[75.4478,128.215,276.801],"grabStrength":0,"id":932,"palmNormal":[-0.225175,-0.92417,-0.308554],"palmPosition":[-41.1223,302.391,37.9595],"palmVelocity":[61.426,12.6261,-212.637],"palmWidth":90.99,"pinchStrength":0.896155,"r":[[0.86164,-0.258801,0.436577],[0.356337,0.921022,-0.157298],[-0.361388,0.291103,0.885809]],"s":0.93563,"sphereCenter":[-44.0466,263.764,8.15872],"sphereRadius":44.975,"stabilizedPalmPosition":[-67.4401,276.309,252.228],"t":[34.5841,33.3523,-234.158],"timeVisible":0.551437,"type":"right","wrist":[-36.7721,288.408,90.6691]}],"id":4490527,"interactionBox":{"center":[0,200,0],"size":[235.247,235.247,147.751]},"pointables":[{"bases":[[[0.606869,0.789578,0.0909763],[-0.710232,0.487353,0.507994],[0.356763,-0.3729,0.856543]],[[0.452584,0.868828,-0.200762],[-0.866379,0.481726,0.131635],[0.21108,0.114361,0.970756]],[[0.452584,0.868828,-0.200762],[-0.885103,0.410311,-0.21963],[-0.108445,0.277096,0.954703]],[[0.452584,0.868828,-0.200762],[-0.746434,0.245945,-0.618343],[-0.487857,0.429708,0.759833]]],"btipPosition":[-62.5751,258.951,-8.24325],"carpPosition":[-67.1536,284.164,90.5485],"dipPosition":[-73.9927,269.008,9.53959],"direction":[0.108445,-0.277096,-0.954703],"extended":false,"handId":932,"id":9320,"length":52.1164,"mcpPosition":[-67.1536,284.164,90.5485],"pipPosition":[-77.6902,278.456,42.0907],"stabilizedTipPosition":[-97.3559,237.945,227.693],"timeVisible":0.551437,"tipPosition":[-64.8862,261.063,-4.22353],"tipVelocity":[82.3465,28.9409,-223.001],"tool":false,"touchDistance":-0.613622,"touchZone":"hovering","type":0,"width":20.25},{"bases":[[[0.970192,-0.183564,-0.158218],[0.209395,0.963637,0.166003],[0.121992,-0.194185,0.97335]],[[0.977804,-0.207624,-0.0281477],[0.20246,0.970862,-0.128208],[0.0539465,0.119663,0.991348]],[[0.977804,-0.207624,-0.0281477],[0.196398,0.955041,-0.22209],[0.0729935,0.211633,0.97462]],[[0.977804,-0.207624,-0.0281477],[0.190887,0.938141,-0.288884],[0.0863858,0.277099,0.95695]]],"btipPosition":[-68.6503,302.821,-67.691],"carpPosition":[-54.1174,303.526,86.4157],"dipPosition":[-67.1743,307.555,-51.3409],"direction":[-0.0729935,-0.211633,-0.97462],"extended":true,"handId":932,"id":9321,"length":58.8075,"mcpPosition":[-63.0924,317.812,14.8067],"pipPosition":[-65.41,312.671,-27.784],"stabilizedTipPosition":[-122.281,290.535,154.005],"timeVisible":0.551437,"tipPosition":[-68.0592,302.901,-63.6768],"tipVelocity":[100.804,68.0276,-232.449],"tool":false,"touchDistance":-0.678579,"touchZone":"hovering","type":1,"width":19.3428},{"bases":[[[0.927746,-0.36968,-0.0512258],[0.37303,0.914234,0.158194],[-0.0116488,-0.165873,0.986078]],[[0.927509,-0.371854,-0.0381025],[0.164395,0.497333,-0.851841],[0.33571,0.783826,0.522412]],[[0.927509,-0.371854,-0.0381025],[-0.267427,-0.588888,-0.762689],[0.261171,0.71759,-0.645642]],[[0.927509,-0.371854,-0.0381025],[-0.369281,-0.895718,-0.247629],[0.0579528,0.243749,-0.968105]]],"btipPosition":[-65.8996,251.85,26.7728],"carpPosition":[-42.0151,303.044,84.1976],"dipPosition":[-64.8105,256.431,8.58019],"direction":[-0.261171,-0.71759,0.645642],"extended":false,"handId":932,"id":9322,"length":67.0064,"mcpPosition":[-41.2024,314.617,15.4009],"pipPosition":[-57.3838,276.836,-9.77956],"stabilizedTipPosition":[-84.4956,227.582,241.061],"timeVisible":0.551437,"tipPosition":[-65.5714,252.922,22.7366],"tipVelocity":[54.0922,21.8578,-223.032],"tool":false,"touchDistance":0.333333,"touchZone":"none","type":2,"width":18.9972},{"bases":[[[0.885142,-0.45792,0.0826635],[0.437799,0.879732,0.185483],[-0.157658,-0.127989,0.979164]],[[0.878008,-0.46274,0.122363],[0.316974,0.37057,-0.873044],[0.358649,0.805325,0.472041]],[[0.878008,-0.46274,0.122363],[-0.24153,-0.649041,-0.721394],[0.413237,0.603836,-0.681629]],[[0.878008,-0.46274,0.122363],[-0.43079,-0.875389,-0.219351],[0.208618,0.139879,-0.967942]]],"btipPosition":[-51.822,252.179,37.447],"carpPosition":[-30.3282,299.484,82.9049],"dipPosition":[-47.9242,254.793,19.3619],"direction":[-0.413237,-0.603836,0.681629],"extended":false,"handId":932,"id":9323,"length":64.4285,"mcpPosition":[-20.4525,307.502,21.57],"pipPosition":[-36.4767,271.52,0.479444],"stabilizedTipPosition":[-70.3008,224.248,255.128],"timeVisible":0.551437,"tipPosition":[-50.8513,252.731,33.0569],"tipVelocity":[48.575,18.1391,-213.27],"tool":false,"touchDistance":0.333333,"touchZone":"none","type":3,"width":18.077},{"bases":[[[0.776359,-0.608676,0.163644],[0.554481,0.783012,0.281856],[-0.299694,-0.128084,0.945398]],[[0.794337,-0.59897,0.101313],[0.374045,0.350839,-0.858488],[0.478664,0.719825,0.502726]],[[0.794337,-0.59897,0.101313],[-0.337731,-0.574058,-0.745919],[0.504942,0.558294,-0.658286]],[[0.794337,-0.59897,0.101313],[-0.556737,-0.784519,-0.273082],[0.24305,0.160515,-0.956641]]],"btipPosition":[-34.254,257.346,39.6116],"carpPosition":[-20.6412,289.058,82.842],"dipPosition":[-30.0646,260.113,23.1222],"direction":[-0.504942,-0.558294,0.658286],"extended":false,"handId":932,"id":9324,"length":50.5107,"mcpPosition":[-3.2634,296.485,28.0229],"pipPosition":[-20.1886,271.032,10.2469],"stabilizedTipPosition":[-55.3163,231.317,253.656],"timeVisible":0.551437,"tipPosition":[-33.1648,257.834,35.3942],"tipVelocity":[45.7357,15.1244,-205.871],"tool":false,"touchDistance":0.333333,"touchZone":"none","type":4,"width":16.0574}],"r":[[0.86164,-0.258801,0.436577],[0.356337,0.921022,-0.157298],[-0.361388,0.291103,0.885809]],"s":0.93563,"t":[34.5841,33.3523,-234.158],"timestamp":607562756391},false],[5,{"currentFrameRate":109.066,"devices":[],"gestures":[],"hands":[{"armBasis":[[0.890039,0.102913,-0.444117],[0.189678,0.802266,0.566031],[0.414552,-0.588029,0.694528]],"armWidth":63.72,"confidence":0.785155,"direction":[0.0773031,0.305687,-0.948989],"elbow":[75.4782,129.766,276.118],"grabStrength":0,"id":932,"palmNormal":[-0.219724,-0.923211,-0.315282],"palmPosition":[-40.6389,302.828,35.9557],"palmVelocity":[59.4373,22.52,-215.84],"palmWidth":90.99,"pinchStrength":0.894916,"r":[[0.859441,-0.260558,0.439852],[0.357956,0.920975,-0.153858],[-0.365004,0.28968,0.884792]],"s":0.937394,"sphereCenter":[-43.6479,264.62,5.90171],"sphereRadius":44.8923,"stabilizedPalmPosition":[-67.4394,276.31,252.223],"t":[35.0993,33.6675,-236.013],"timeVisible":0.560367,"type":"right","wrist":[-36.4509,288.534,88.5952]}],"id":4490528,"interactionBox":{"center":[0,200,0],"size":[235.247,235.247,147.751]},"pointables":[{"bases":[[[0.602941,0.791681,0.0985086],[-0.714563,0.481001,0.507975],[0.354771,-0.376669,0.85572]],[[0.450079,0.871981,-0.192556],[-0.868827,0.47742,0.131187],[0.206323,0.108253,0.972477]],[[0.450079,0.871981,-0.192556],[-0.885551,0.408056,-0.222014],[-0.115018,0.270442,0.955841]],[[0.450079,0.871981,-0.192556],[-0.741682,0.244933,-0.624432],[-0.49733,0.423859,0.756972]]],"btipPosition":[-61.5507,259.612,-10.5318],"carpPosition":[-66.8124,284.156,88.3178],"dipPosition":[-73.19,269.532,7.18408],"direction":[0.115018,-0.270442,-0.955841],"extended":false,"handId":932,"id":9320,"length":52.1164,"mcpPosition":[-66.8124,284.156,88.3178],"pipPosition":[-77.1116,278.753,39.7741],"stabilizedTipPosition":[-97.3539,237.947,227.679],"timeVisible":0.560367,"tipPosition":[-63.9777,261.692,-6.54377],"tipVelocity":[89.6199,40.2673,-232.548],"tool":false,"touchDistance":-0.615152,"touchZone":"hovering","type":0,"width":20.25},{"bases":[[[0.971668,-0.178256,-0.155196],[0.204376,0.963499,0.172914],[0.118709,-0.199734,0.972633]],[[0.978849,-0.202825,-0.0267806],[0.198398,0.973026,-0.117725],[0.0499358,0.109921,0.992685]],[[0.978849,-0.202825,-0.0267806],[0.192741,0.958136,-0.211722],[0.0686021,0.202082,0.976963]],[[0.978849,-0.202825,-0.0267806],[0.187538,0.941876,-0.278745],[0.0817606,0.267827,0.959992]]],"btipPosition":[-67.7792,304.112,-69.8581],"carpPosition":[-53.8454,303.601,84.3619],"dipPosition":[-66.3822,308.688,-53.4561],"direction":[-0.0686021,-0.202082,-0.976963],"extended":true,"handId":932,"id":9321,"length":58.8075,"mcpPosition":[-62.5787,318.295,12.8057],"pipPosition":[-64.7241,313.573,-29.8425],"stabilizedTipPosition":[-122.244,290.545,153.855],"timeVisible":0.560367,"tipPosition":[-67.2039,304.13,-65.8379],"tipVelocity":[99.3604,87.8045,-234.873],"tool":false,"touchDistance":-0.671382,"touchZone":"hovering","type":1,"width":19.3428},{"bases":[[[0.929599,-0.365226,-0.0495518],[0.368262,0.914873,0.165499],[-0.015111,-0.172096,0.984964]],[[0.929305,-0.367549,-0.0360573],[0.165641,0.502075,-0.848813],[0.330084,0.782834,0.527462]],[[0.929305,-0.367549,-0.0360573],[-0.261715,-0.586522,-0.766484],[0.260572,0.721734,-0.641251]],[[0.929305,-0.367549,-0.0360573],[-0.364251,-0.896079,-0.253701],[0.0609373,0.248899,-0.96661]]],"btipPosition":[-65.1424,252.261,24.4494],"carpPosition":[-41.7317,303.187,82.1928],"dipPosition":[-63.9973,256.938,6.28486],"direction":[-0.260572,-0.721734,0.641251],"extended":false,"handId":932,"id":9322,"length":67.0064,"mcpPosition":[-40.6774,315.194,13.4738],"pipPosition":[-56.5876,277.461,-11.95],"stabilizedTipPosition":[-84.4953,227.583,241.058],"timeVisible":0.560367,"tipPosition":[-64.8055,253.351,20.375],"tipVelocity":[62.8577,29.1133,-232.968],"tool":false,"touchDistance":0.333333,"touchZone":"none","type":2,"width":18.9972},{"bases":[[[0.886819,-0.454491,0.0835998],[0.433067,0.880489,0.19285],[-0.161258,-0.134819,0.97766]],[[0.879391,-0.459679,0.123966],[0.31684,0.370691,-0.873041],[0.355365,0.807021,0.471627]],[[0.879391,-0.459679,0.123966],[-0.2384,-0.650536,-0.721088],[0.412113,0.604565,-0.681663]],[[0.879391,-0.459679,0.123966],[-0.427004,-0.87666,-0.221661],[0.210569,0.141993,-0.967212]]],"btipPosition":[-51.1506,252.675,35.5701],"carpPosition":[-30.0236,299.688,80.928],"dipPosition":[-47.2163,255.328,17.4987],"direction":[-0.412113,-0.604565,0.681663],"extended":false,"handId":932,"id":9323,"length":64.4285,"mcpPosition":[-19.9224,308.133,19.6874],"pipPosition":[-35.8,272.075,-1.38472],"stabilizedTipPosition":[-70.3006,224.248,255.125],"timeVisible":0.560367,"tipPosition":[-50.1593,253.219,31.0324],"tipVelocity":[56.0899,28.6056,-212.331],"tool":false,"touchDistance":0.333333,"touchZone":"none","type":3,"width":18.077},{"bases":[[[0.778368,-0.606233,0.16317],[0.549769,0.783687,0.289117],[-0.303147,-0.135333,0.943285]],[[0.796164,-0.596336,0.102501],[0.377271,0.356797,-0.854613],[0.473064,0.719083,0.509049]],[[0.796164,-0.596336,0.102501],[-0.331449,-0.571541,-0.750655],[0.506226,0.563671,-0.652695]],[[0.796164,-0.596336,0.102501],[-0.552132,-0.785295,-0.280113],[0.247535,0.166422,-0.954479]]],"btipPosition":[-33.607,257.832,37.3636],"carpPosition":[-20.2899,289.305,80.8416],"dipPosition":[-29.3403,260.701,20.9114],"direction":[-0.506226,-0.563671,0.652695],"extended":false,"handId":932,"id":9324,"length":50.5107,"mcpPosition":[-2.71193,297.152,26.145],"pipPosition":[-19.4391,271.726,8.14546],"stabilizedTipPosition":[-55.316,231.317,253.653],"timeVisible":0.560367,"tipPosition":[-32.4909,258.342,33.1627],"tipVelocity":[53.5681,26.5766,-218.121],"tool":false,"touchDistance":0.333333,"touchZone":"none","type":4,"width":16.0574}],"r":[[0.859441,-0.260558,0.439852],[0.357956,0.920975,-0.153858],[-0.365004,0.28968,0.884792]],"s":0.937394,"t":[35.0993,33.6675,-236.013],"timestamp":607562765321},false],[6,{"currentFrameRate":109.056,"devices":[],"gestures":[],"hands":[{"armBasis":[[0.891301,0.102146,-0.441756],[0.187272,0.804373,0.563838],[0.412931,-0.585278,0.697809]],"armWidth":63.72,"confidence":0.787272,"direction":[0.0808214,0.310595,-0.9471],"elbow":[75.3622,130.472,275.641],"grabStrength":0,"id":932,"palmNormal":[-0.217018,-0.921929,-0.32086],"palmPosition":[-40.1178,303.051,34.649],"palmVelocity":[58.6785,23.0018,-195.275],"palmWidth":90.99,"pinchStrength":0.893326,"r":[[0.857377,-0.262158,0.442919],[0.359092,0.921191,-0.149868],[-0.368724,0.287543,0.883947]],"s":0.939823,"sphereCenter":[-43.3822,265.284,4.3862],"sphereRadius":44.8129,"stabilizedPalmPosition":[-67.4385,276.31,252.216],"t":[35.6175,33.9364,-237.594],"timeVisible":0.569554,"type":"right","wrist":[-36.1291,288.497,87.2327]}],"id":4490529,"interactionBox":{"center":[0,200,0],"size":[235.247,235.247,147.751]},"pointables":[{"bases":[[[0.601336,0.792062,0.105036],[-0.717405,0.47737,0.507393],[0.351746,-0.380467,0.855289]],[[0.449951,0.87354,-0.185666],[-0.86984,0.475772,0.130456],[0.202294,0.102801,0.973914]],[[0.449951,0.87354,-0.185666],[-0.884922,0.408121,-0.224389],[-0.120239,0.265264,0.956649]],[[0.449951,0.87354,-0.185666],[-0.737632,0.246326,-0.628667],[-0.503431,0.419822,0.755186]]],"btipPosition":[-60.6988,260.075,-12.1013],"carpPosition":[-66.4825,284.076,86.8058],"dipPosition":[-72.4809,269.9,5.57275],"direction":[0.120239,-0.265264,-0.956649],"extended":false,"handId":932,"id":9320,"length":52.1164,"mcpPosition":[-66.4825,284.076,86.8058],"pipPosition":[-76.5806,278.944,38.1903],"stabilizedTipPosition":[-97.3508,237.949,227.657],"timeVisible":0.569554,"tipPosition":[-63.1913,262.127,-8.13086],"tipVelocity":[89.4875,42.4314,-215.599],"tool":false,"touchDistance":-0.605658,"touchZone":"hovering","type":0,"width":20.25},{"bases":[[[0.972576,-0.176034,-0.152014],[0.202206,0.962914,0.178634],[0.114931,-0.204474,0.972102]],[[0.979278,-0.200907,-0.025524],[0.197096,0.974419,-0.107982],[0.0465655,0.100714,0.993825]],[[0.979278,-0.200907,-0.025524],[0.191812,0.960537,-0.201436],[0.0649867,0.192366,0.979169]],[[0.979278,-0.200907,-0.025524],[0.186894,0.94505,-0.268237],[0.0780122,0.257908,0.963015]]],"btipPosition":[-66.8878,305.219,-71.3323],"carpPosition":[-53.5282,303.559,83.0025],"dipPosition":[-65.5549,309.626,-54.8786],"direction":[-0.0649867,-0.192366,-0.979169],"extended":true,"handId":932,"id":9321,"length":58.8075,"mcpPosition":[-61.9836,318.602,11.4854],"pipPosition":[-63.9841,314.276,-31.2117],"stabilizedTipPosition":[-122.187,290.561,153.631],"timeVisible":0.569554,"tipPosition":[-66.3267,305.159,-67.3024],"tipVelocity":[98.2606,95.7549,-213.722],"tool":false,"touchDistance":-0.654511,"touchZone":"hovering","type":1,"width":19.3428},{"bases":[[[0.930345,-0.363598,-0.0474924],[0.366195,0.914567,0.171662],[-0.0189808,-0.177096,0.984011]],[[0.929985,-0.366057,-0.0336195],[0.168353,0.505432,-0.846283],[0.326781,0.781371,0.531671]],[[0.929985,-0.366057,-0.0336195],[-0.257751,-0.584142,-0.769638],[0.262093,0.724417,-0.637595]],[[0.929985,-0.366057,-0.0336195],[-0.361875,-0.895593,-0.258768],[0.0646145,0.252816,-0.965354]]],"btipPosition":[-64.4988,252.517,22.875],"carpPosition":[-41.4049,303.175,80.8823],"dipPosition":[-63.2846,257.268,4.73403],"direction":[-0.262093,-0.724417,0.637595],"extended":false,"handId":932,"id":9322,"length":67.0064,"mcpPosition":[-40.0806,315.53,12.2299],"pipPosition":[-55.8316,277.868,-13.3969],"stabilizedTipPosition":[-84.4948,227.583,241.053],"timeVisible":0.569554,"tipPosition":[-64.1491,253.622,18.7678],"tipVelocity":[65.353,29.3044,-215.594],"tool":false,"touchDistance":0.333333,"touchZone":"none","type":2,"width":18.9972},{"bases":[[[0.887141,-0.453598,0.0850259],[0.430936,0.880141,0.199111],[-0.165151,-0.139998,0.976281]],[[0.879371,-0.459108,0.126197],[0.317433,0.367748,-0.87407],[0.354884,0.808691,0.469123]],[[0.879371,-0.459108,0.126197],[-0.2378,-0.653104,-0.718962],[0.412501,0.602225,-0.683497]],[[0.879371,-0.459108,0.126197],[-0.426091,-0.877083,-0.221746],[0.212491,0.141225,-0.966904]]],"btipPosition":[-50.5946,253.015,34.5344],"carpPosition":[-29.6863,299.699,79.649],"dipPosition":[-46.6244,255.653,16.4688],"direction":[-0.412501,-0.602225,0.683497],"extended":false,"handId":932,"id":9323,"length":64.4285,"mcpPosition":[-19.3413,308.468,18.4948],"pipPosition":[-35.1973,272.336,-2.46546],"stabilizedTipPosition":[-70.3002,224.249,255.121],"timeVisible":0.569554,"tipPosition":[-49.5831,253.536,29.8415],"tipVelocity":[57.5785,30.8553,-184.462],"tool":false,"touchDistance":0.333333,"touchZone":"none","type":3,"width":18.077},{"bases":[[[0.778584,-0.605901,0.163373],[0.547378,0.783026,0.295376],[-0.306894,-0.140548,0.941309]],[[0.795632,-0.596351,0.106465],[0.381027,0.356023,-0.853268],[0.470943,0.719453,0.510489]],[[0.795632,-0.596351,0.106465],[-0.328338,-0.572221,-0.751503],[0.509081,0.562964,-0.651082]],[[0.795632,-0.596351,0.106465],[-0.550675,-0.785238,-0.283122],[0.252441,0.166634,-0.953156]]],"btipPosition":[-33.1021,258.158,36.0823],"carpPosition":[-19.9369,289.331,79.551],"dipPosition":[-28.7508,261.03,19.653],"direction":[-0.509081,-0.562964,0.651082],"extended":false,"handId":932,"id":9324,"length":50.5107,"mcpPosition":[-2.14159,297.48,24.9691],"pipPosition":[-18.7938,272.041,6.91857],"stabilizedTipPosition":[-55.3156,231.318,253.65],"timeVisible":0.569554,"tipPosition":[-31.9471,258.656,31.8326],"tipVelocity":[54.5486,29.0752,-195.984],"tool":false,"touchDistance":0.333333,"touchZone":"none","type":4,"width":16.0574}],"r":[[0.857377,-0.262158,0.442919],[0.359092,0.921191,-0.149868],[-0.368724,0.287543,0.883947]],"s":0.939823,"t":[