{"sensorType":"Leap","data":[[0,{"currentFrameRate":108.63,"devices":[],"gestures":[],"hands":[{"armBasis":[[0.894811,0.318763,-0.312576],[-0.0648985,0.785581,0.615345],[0.441704,-0.530332,0.723634]],"armWidth":54.8826,"confidence":0.600205,"direction":[0.0362892,0.381493,-0.923659],"elbow":[76.8769,166.239,243.905],"grabStrength":0,"id":937,"palmNormal":[0.0572041,-0.923545,-0.379199],"palmPosition":[-30.4926,303.62,30.8876],"palmVelocity":[-28.4049,28.0025,-149.992],"palmWidth":78.3705,"pinchStrength":0.579868,"r":[[0.914959,-0.1943,0.353693],[0.231911,0.970439,-0.0668172],[-0.330255,0.14316,0.932972]],"s":0.792322,"sphereCenter":[-47.0496,276.464,-1.15428],"sphereRadius":45.125,"stabilizedPalmPosition":[-32.1526,280.769,236.694],"t":[1.9498,23.0429,-205.942],"timeVisible":1.00324,"type":"right","wrist":[-25.8428,289.57,75.6219]}],"id":4493537,"interactionBox":{"center":[0,200,0],"size":[235.247,235.247,147.751]},"pointables":[{"bases":[[[0.357389,0.91621,0.181198],[-0.84269,0.232691,0.485519],[0.402674,-0.326213,0.855242]],[[0.24741,0.968291,-0.0346482],[-0.895516,0.242175,0.373367],[0.369919,-0.0613468,0.927036]],[[0.24741,0.968291,-0.0346482],[-0.967955,0.24542,-0.0532088],[-0.0430182,0.0467023,0.997982]],[[0.24741,0.968291,-0.0346482],[-0.841556,0.19703,-0.502954],[-0.48018,0.153594,0.863618]]],"btipPosition":[-54.8773,277.065,-13.1155],"carpPosition":[-49.9155,278.895,73.4581],"dipPosition":[-64.5566,280.161,4.29309],"direction":[0.0430182,-0.0467023,-0.997982],"extended":false,"handId":937,"id":9370,"length":44.8883,"mcpPosition":[-49.9155,278.895,73.4581],"pipPosition":[-65.8199,281.532,33.6007],"stabilizedTipPosition":[-66.6995,252.404,105.434],"timeVisible":1.00324,"tipPosition":[-56.4751,276.614,-9.22701],"tipVelocity":[-51.3951,63.8887,-148.367],"tool":false,"touchDistance":-0.462913,"touchZone":"touching","type":0,"width":17.4415},{"bases":[[[0.989632,0.102575,-0.100532],[-0.0761139,0.968142,0.238555],[0.121799,-0.228429,0.965912]],[[0.981172,0.115314,-0.154933],[-0.0530106,0.932178,0.358098],[0.185719,-0.343142,0.92074]],[[0.981172,0.115314,-0.154933],[-0.0798518,0.972627,0.218221],[0.175856,-0.201741,0.963522]],[[0.981172,0.115314,-0.154933],[-0.100927,0.990081,0.097742],[0.164667,-0.0802648,0.983078]]],"btipPosition":[-64.2881,330.79,-58.0868],"carpPosition":[-43.6136,298.236,71.716],"dipPosition":[-61.8648,329.608,-43.6199],"direction":[-0.175856,0.201741,-0.963522],"extended":true,"handId":937,"id":9371,"length":50.6514,"mcpPosition":[-51.3315,312.711,10.5099],"pipPosition":[-58.2038,325.408,-23.5611],"stabilizedTipPosition":[-78.6525,310.902,117.307],"timeVisible":1.00324,"tipPosition":[-62.9945,331.199,-54.6439],"tipVelocity":[-6.6384,9.21289,-167.302],"tool":false,"touchDistance":-0.474674,"touchZone":"touching","type":1,"width":16.6601},{"bases":[[[0.995367,-0.0957873,-0.00829443],[0.0949835,0.966295,0.239273],[-0.0149044,-0.238952,0.970917]],[[0.992743,-0.109752,0.049143],[0.115729,0.760949,-0.638408],[0.0326712,0.639462,0.768128]],[[0.992743,-0.109752,0.049143],[0.074596,0.241524,-0.967523],[0.0943183,0.964168,0.247959]],[[0.992743,-0.109752,0.049143],[0.0378867,-0.10239,-0.994023],[0.114128,0.988671,-0.0974887]]],"btipPosition":[-38.0224,249.042,-24.2076],"carpPosition":[-33.4043,300.848,70.5209],"dipPosition":[-36.1751,265.044,-25.7855],"direction":[-0.0943183,-0.964168,-0.247959],"extended":false,"handId":937,"id":9372,"length":57.7132,"mcpPosition":[-32.5087,315.207,12.1768],"pipPosition":[-33.865,288.659,-19.7124],"stabilizedTipPosition":[-36.1294,252.065,-18.8947],"timeVisible":1.00324,"tipPosition":[-37.2767,253.671,-26.0972],"tipVelocity":[-27.8341,10.6652,-125.612],"tool":false,"touchDistance":-0.386538,"touchZone":"touching","type":2,"width":16.3625},{"bases":[[[0.972314,-0.202476,0.116661],[0.165332,0.948873,0.268897],[-0.165142,-0.242165,0.956078]],[[0.963915,-0.213148,0.159485],[0.265215,0.71716,-0.644471],[0.0229919,0.663513,0.747811]],[[0.963915,-0.213148,0.159485],[0.200682,0.188174,-0.961414],[0.174913,0.958727,0.224159]],[[0.963915,-0.213148,0.159485],[0.130323,-0.144566,-0.980875],[0.232128,0.966265,-0.111572]]],"btipPosition":[-22.7236,249.864,-13.9805],"carpPosition":[-22.8396,300.757,69.9331],"dipPosition":[-18.988,265.414,-15.776],"direction":[-0.174913,-0.958727,-0.224159],"extended":false,"handId":937,"id":9373,"length":55.4928,"mcpPosition":[-13.9298,313.823,18.3504],"pipPosition":[-14.8146,288.289,-10.4275],"stabilizedTipPosition":[-19.753,250.101,5.27512],"timeVisible":1.00324,"tipPosition":[-21.4423,254.379,-16.0495],"tipVelocity":[-36.3472,-2.92919,-90.7476],"tool":false,"touchDistance":-0.388002,"touchZone":"touching","type":3,"width":15.5699},{"bases":[[[0.905892,-0.383123,0.180488],[0.299306,0.880682,0.367173],[-0.299625,-0.278598,0.912474]],[[0.841954,-0.424822,0.332626],[0.537361,0.604771,-0.587788],[0.0485426,0.673631,0.737472]],[[0.841954,-0.424822,0.332626],[0.408826,0.100001,-0.907117],[0.3521,0.899737,0.257874]],[[0.841954,-0.424822,0.332626],[0.275753,-0.191085,-0.942044],[0.46376,0.88488,-0.0437385]]],"btipPosition":[-11.6633,259.547,-1.80697],"carpPosition":[-12.3325,294.443,69.9195],"dipPosition":[-4.77821,272.685,-2.45633],"direction":[-0.3521,-0.899737,-0.257874],"extended":false,"handId":937,"id":9374,"length":43.5053,"mcpPosition":[2.6317,308.357,24.3477],"pipPosition":[1.15333,287.842,1.88787],"stabilizedTipPosition":[-7.66875,261.53,5.12941],"timeVisible":1.00324,"tipPosition":[-9.1483,263.258,-3.27219],"tipVelocity":[-35.7143,12.3361,-119.657],"tool":false,"touchDistance":-0.405131,"touchZone":"touching","type":4,"width":13.8304}],"r":[[0.914959,-0.1943,0.353693],[0.231911,0.970439,-0.0668172],[-0.330255,0.14316,0.932972]],"s":0.792322,"t":[1.9498,23.0429,-205.942],"timestamp":607590857075},false],[1,{"currentFrameRate":108.796,"devices":[],"gestures":[],"hands":[{"armBasis":[[0.896544,0.312489,-0.313942],[-0.0615735,0.789783,0.610288],[0.438655,-0.527819,0.727316]],"armWidth":54.8826,"confidence":0.584701,"direction":[0.0379365,0.381831,-0.923453],"elbow":[75.8479,166.997,242.521],"grabStrength":0,"id":937,"palmNormal":[0.0534464,-0.923571,-0.379684],"palmPosition":[-30.7508,303.836,28.6535],"palmVelocity":[-28.5765,26.9859,-177.507],"palmWidth":78.3705,"pinchStrength":0.581571,"r":[[0.913669,-0.196301,0.355913],[0.234689,0.969715,-0.067634],[-0.331857,0.145324,0.932069]],"s":0.794658,"sphereCenter":[-47.7785,276.973,-3.32613],"sphereRadius":45.09,"stabilizedPalmPosition":[-32.1524,280.772,236.67],"t":[1.66695,23.2898,-207.903],"timeVisible":1.01213,"type":"right","wrist":[-26.1627,289.743,73.3807]}],"id":4493538,"interactionBox":{"center":[0,200,0],"size":[235.247,235.247,147.751]},"pointables":[{"bases":[[[0.361131,0.914639,0.181714],[-0.841771,0.23589,0.48557],[0.401256,-0.328316,0.855104]],[[0.252243,0.967116,-0.0325439],[-0.894202,0.245816,0.374135],[0.369832,-0.0652723,0.926803]],[[0.252243,0.967116,-0.0325439],[-0.966687,0.250335,-0.0533709],[-0.043469,0.0449222,0.998044]],[[0.252243,0.967116,-0.0325439],[-0.834947,0.200525,-0.512498],[-0.489119,0.156447,0.858072]]],"btipPosition":[-55.0434,277.502,-15.2444],"carpPosition":[-50.2788,279.168,71.2092],"dipPosition":[-64.9029,280.655,2.05237],"direction":[0.043469,-0.0449222,-0.998044],"extended":false,"handId":937,"id":9370,"length":44.8883,"mcpPosition":[-50.2788,279.168,71.2092],"pipPosition":[-66.1795,281.974,31.3618],"stabilizedTipPosition":[-66.5817,252.728,103.969],"timeVisible":1.01213,"tipPosition":[-56.7875,277.099,-11.4052],"tipVelocity":[-43.7694,60.2747,-173.894],"tool":false,"touchDistance":-0.477274,"touchZone":"touching","type":0,"width":17.4415},{"bases":[[[0.990054,0.0985653,-0.100392],[-0.0721606,0.968319,0.239061],[0.120775,-0.229439,0.965801]],[[0.981381,0.111708,-0.156244],[-0.0489638,0.932103,0.358869],[0.185724,-0.344537,0.920218]],[[0.981381,0.111708,-0.156244],[-0.0758311,0.972737,0.219164],[0.176466,-0.203236,0.963097]],[[0.981381,0.111708,-0.156244],[-0.0970002,0.990368,0.0988046],[0.165776,-0.0818093,0.982764]]],"btipPosition":[-64.5362,331.207,-60.2851],"carpPosition":[-43.8974,298.484,69.4778],"dipPosition":[-62.0967,330.003,-45.8228],"direction":[-0.176466,0.203236,-0.963097],"extended":true,"handId":937,"id":9371,"length":50.6514,"mcpPosition":[-51.5505,313.023,8.27878],"pipPosition":[-58.423,325.772,-25.7729],"stabilizedTipPosition":[-78.6521,310.902,117.302],"timeVisible":1.01213,"tipPosition":[-63.2316,331.57,-56.8566],"tipVelocity":[-12.3036,19.3089,-189.05],"tool":false,"touchDistance":-0.48853,"touchZone":"touching","type":1,"width":16.6601},{"bases":[[[0.994966,-0.0998677,-0.00825931],[0.0989277,0.96577,0.239793],[-0.015971,-0.239403,0.970789]],[[0.992369,-0.113573,0.0480127],[0.117864,0.759314,-0.639961],[0.0362259,0.640737,0.766906]],[[0.992369,-0.113573,0.0480127],[0.0738648,0.235768,-0.968998],[0.0987327,0.96515,0.242357]],[[0.992369,-0.113573,0.0480127],[0.0354877,-0.109839,-0.993316],[0.118088,0.987439,-0.104971]]],"btipPosition":[-38.5512,249.219,-26.1267],"carpPosition":[-33.6774,301.054,68.2851],"dipPosition":[-36.6398,265.201,-27.8257],"direction":[-0.0987327,-0.96515,-0.242357],"extended":false,"handId":937,"id":9372,"length":57.7132,"mcpPosition":[-32.7177,315.441,9.94863],"pipPosition":[-34.2216,288.84,-21.8898],"stabilizedTipPosition":[-36.1844,252.088,-19.1062],"timeVisible":1.01213,"tipPosition":[-37.7918,253.806,-28.0329],"tipVelocity":[-35.9799,13.0311,-150.977],"tool":false,"touchDistance":-0.405422,"touchZone":"touching","type":2,"width":16.3625},{"bases":[[[0.971464,-0.206527,0.116637],[0.169201,0.948044,0.269415],[-0.166219,-0.241991,0.955935]],[[0.96218,-0.218106,0.163213],[0.27057,0.695575,-0.665558],[0.0316352,0.684547,0.728282]],[[0.96218,-0.218106,0.163213],[0.197929,0.148071,-0.968968],[0.187171,0.964627,0.185641]],[[0.96218,-0.218106,0.163213],[0.123441,-0.185014,-0.974952],[0.24284,0.958227,-0.151093]]],"btipPosition":[-23.7364,249.197,-13.9012],"carpPosition":[-23.1131,300.921,67.6981],"dipPosition":[-19.8285,264.618,-16.3327],"direction":[-0.187171,-0.964627,-0.185641],"extended":false,"handId":937,"id":9373,"length":55.4928,"mcpPosition":[-14.1452,313.977,16.1231],"pipPosition":[-15.3626,287.634,-11.9033],"stabilizedTipPosition":[-19.7831,250.127,5.0821],"timeVisible":1.01213,"tipPosition":[-22.3554,253.814,-16.4034],"tipVelocity":[-56.2125,-23.4139,-68.1286],"tool":false,"touchDistance":-0.378539,"touchZone":"touching","type":3,"width":15.5699},{"bases":[[[0.904296,-0.386933,0.180363],[0.302885,0.879251,0.367665],[-0.300847,-0.277849,0.9123]],[[0.839637,-0.428698,0.333507],[0.540756,0.602245,-0.587268],[0.0509074,0.673438,0.737488]],[[0.839637,-0.428698,0.333507],[0.408927,0.0948208,-0.907628],[0.357475,0.898458,0.254921]],[[0.839637,-0.428698,0.333507],[0.273275,-0.197217,-0.941502],[0.469393,0.88166,-0.0484382]]],"btipPosition":[-12.148,259.706,-3.9167],"carpPosition":[-12.632,294.564,67.6821],"dipPosition":[-5.17924,272.795,-4.63582],"direction":[-0.357475,-0.898458,-0.254921],"extended":false,"handId":937,"id":9374,"length":43.5053,"mcpPosition":[2.39323,308.44,22.119],"pipPosition":[0.842832,287.931,-0.341379],"stabilizedTipPosition":[-7.72664,261.554,4.94402],"timeVisible":1.01213,"tipPosition":[-9.64658,263.368,-5.37368],"tipVelocity":[-40.2324,13.4896,-152.106],"tool":false,"touchDistance":-0.424837,"touchZone":"touching","type":4,"width":13.8304}],"r":[[0.913669,-0.196301,0.355913],[0.234689,0.969715,-0.067634],[-0.331857,0.145324,0.932069]],"s":0.794658,"t":[1.66695,23.2898,-207.903],"timestamp":607590865968},false],[2,{"currentFrameRate":108.874,"devices":[],"gestures":[],"hands":[{"armBasis":[[0.896685,0.315126,-0.310888],[-0.0651246,0.788572,0.611485],[0.437852,-0.528063,0.727623]],"armWidth":54.8826,"confidence":0.594689,"direction":[0.0410986,0.378988,-0.924488],"elbow":[75.3546,167.277,241.452],"grabStrength":0,"id":937,"palmNormal":[0.056135,-0.924685,-0.376573],"palmPosition":[-30.8986,304.027,27.4521],"palmVelocity":[-25.2016,25.3586,-165.18],"palmWidth":78.3705,"pinchStrength":0.580992,"r":[[0.912399,-0.197437,0.358533],[0.236715,0.969147,-0.0687041],[-0.333907,0.147556,0.930985]],"s":0.79668,"sphereCenter":[-47.7616,277.217,-4.46122],"sphereRadius":44.9302,"stabilizedPalmPosition":[-32.1523,280.774,236.65],"t":[1.45163,23.5087,-209.484],"timeVisible":1.02118,"type":"right","wrist":[-26.4693,290.079,72.241]}],"id":4493539,"interactionBox":{"center":[0,200,0],"size":[235.247,235.247,147.751]},"pointables":[{"bases":[[[0.359233,0.915671,0.180273],[-0.843988,0.236316,0.481497],[0.398292,-0.325118,0.857707]],[[0.252457,0.967075,-0.0321182],[-0.895,0.246,0.372101],[0.367751,-0.0651937,0.927636]],[[0.252457,0.967075,-0.0321182],[-0.966531,0.250471,-0.0555066],[-0.0456344,0.0450562,0.997942]],[[0.252457,0.967075,-0.0321182],[-0.828681,0.198954,-0.523168],[-0.499552,0.158693,0.851624]]],"btipPosition":[-54.9643,277.748,-16.349],"carpPosition":[-50.563,279.467,70.0074],"dipPosition":[-65.0341,280.947,0.817778],"direction":[0.0456344,-0.0450562,-0.997942],"extended":false,"handId":937,"id":9370,"length":44.8883,"mcpPosition":[-50.563,279.467,70.0074],"pipPosition":[-66.3743,282.27,30.1242],"stabilizedTipPosition":[-66.4869,252.99,102.783],"timeVisible":1.02118,"tipPosition":[-56.7873,277.358,-12.5539],"tipVelocity":[-30.7622,51.4725,-160.526],"tool":false,"touchDistance":-0.474898,"touchZone":"touching","type":0,"width":17.4415},{"bases":[[[0.990316,0.0995353,-0.0967872],[-0.0743502,0.968968,0.235738],[0.117248,-0.226259,0.966985]],[[0.981582,0.112825,-0.154165],[-0.0513518,0.933103,0.355923],[0.184009,-0.341451,0.921711]],[[0.981582,0.112825,-0.154165],[-0.0779663,0.973301,0.215885],[0.174407,-0.199889,0.964172]],[[0.981582,0.112825,-0.154165],[-0.098887,0.990526,0.0952876],[0.163456,-0.0782877,0.98344]]],"btipPosition":[-64.4746,331.071,-61.6848],"carpPosition":[-44.1997,298.786,68.2408],"dipPosition":[-62.0692,329.919,-47.2125],"direction":[-0.174407,0.199889,-0.964172],"extended":true,"handId":937,"id":9371,"length":50.6514,"mcpPosition":[-51.6293,313.123,6.96667],"pipPosition":[-58.4383,325.758,-27.1402],"stabilizedTipPosition":[-78.6518,310.903,117.299],"timeVisible":1.02118,"tipPosition":[-63.175,331.418,-58.2646],"tipVelocity":[-7.27071,10.2088,-179.516],"tool":false,"touchDistance":-0.488972,"touchZone":"touching","type":1,"width":16.6601},{"bases":[[[0.995119,-0.0986019,-0.00401411],[0.096737,0.966644,0.237154],[-0.0195036,-0.236385,0.971464]],[[0.992482,-0.111633,0.0501777],[0.117334,0.751184,-0.649581],[0.0348222,0.650585,0.758635]],[[0.992482,-0.111633,0.0501777],[0.0735305,0.216108,-0.973597],[0.097842,0.969967,0.222692]],[[0.992482,-0.111633,0.0501777],[0.0351877,-0.13241,-0.99057],[0.117225,0.984889,-0.127486]]],"btipPosition":[-38.5458,248.863,-26.1825],"carpPosition":[-33.9784,301.365,67.0803],"dipPosition":[-36.6484,264.804,-28.246],"direction":[-0.097842,-0.969967,-0.222692],"extended":false,"handId":937,"id":9372,"length":57.7132,"mcpPosition":[-32.8064,315.57,8.70335],"pipPosition":[-34.252,288.561,-22.7917],"stabilizedTipPosition":[-36.2229,252.097,-19.2572],"timeVisible":1.02118,"tipPosition":[-37.7779,253.452,-28.2691],"tipVelocity":[-25.992,-1.70351,-113.598],"tool":false,"touchDistance":-0.395307,"touchZone":"touching","type":2,"width":16.3625},{"bases":[[[0.97126,-0.2049,0.121122],[0.166916,0.949101,0.267109],[-0.169688,-0.239215,0.956024]],[[0.961164,-0.217018,0.170489],[0.274728,0.693673,-0.66584],[0.0262357,0.686819,0.726355]],[[0.961164,-0.217018,0.170489],[0.204097,0.14314,-0.968429],[0.185763,0.965616,0.181874]],[[0.961164,-0.217018,0.170489],[0.129415,-0.191202,-0.972982],[0.243753,0.957259,-0.155691]]],"btipPosition":[-23.6212,249.275,-14.8305],"carpPosition":[-23.4117,301.244,66.5355],"dipPosition":[-19.6985,264.68,-17.336],"direction":[-0.185763,-0.965616,-0.181874],"extended":false,"handId":937,"id":9373,"length":55.4928,"mcpPosition":[-14.2566,314.15,14.9558],"pipPosition":[-15.2662,287.719,-12.9965],"stabilizedTipPosition":[-19.8102,250.151,4.89295],"timeVisible":1.02118,"tipPosition":[-22.2842,253.789,-17.2072],"tipVelocity":[-37.0935,-14.7018,-78.1908],"tool":false,"touchDistance":-0.383214,"touchZone":"touching","type":3,"width":15.5699},{"bases":[[[0.904072,-0.385193,0.185147],[0.300298,0.88079,0.366102],[-0.304096,-0.275383,0.91197]],[[0.838645,-0.42666,0.338579],[0.541367,0.584488,-0.604398],[0.0599772,0.69017,0.721157]],[[0.838645,-0.42666,0.338579],[0.398702,0.0573586,-0.915285],[0.371096,0.902591,0.218214]],[[0.838645,-0.42666,0.338579],[0.257596,-0.237018,-0.936732],[0.479916,0.872802,-0.0888678]]],"btipPosition":[-12.938,259.471,-3.28547],"carpPosition":[-12.9224,294.9,66.5809],"dipPosition":[-5.81308,272.429,-4.60482],"direction":[-0.371096,-0.902591,-0.218214],"extended":false,"handId":937,"id":9374,"length":43.5053,"mcpPosition":[2.26507,308.654,21.0342],"pipPosition":[0.438457,287.634,-0.928749],"stabilizedTipPosition":[-7.79263,261.57,4.78641],"timeVisible":1.02118,"tipPosition":[-10.2843,263.157,-5.1165],"tipVelocity":[-52.1273,1.70101,-95.1247],"tool":false,"touchDistance":-0.403289,"touchZone":"touching","type":4,"width":13.8304}],"r":[[0.912399,-0.197437,0.358533],[0.236715,0.969147,-0.0687041],[-0.333907,0.147556,0.930985]],"s":0.79668,"t":[1.45163,23.5087,-209.484],"timestamp":607590875014},false],[3,{"currentFrameRate":108.927,"devices":[],"gestures":[],"hands":[{"armBasis":[[0.897,0.31726,-0.307795],[-0.0681257,0.787223,0.612894],[0.43675,-0.528797,0.727752]],"armWidth":54.8826,"confidence":0.598187,"direction":[0.0436872,0.375262,-0.925889],"elbow":[74.7405,167.497,240.202],"grabStrength":0,"id":937,"palmNormal":[0.058361,-0.926149,-0.372614],"palmPosition":[-31.1261,304.23,26.1016],"palmVelocity":[-25.1603,24.5425,-160.609],"palmWidth":78.3705,"pinchStrength":0.58134,"r":[[0.911186,-0.197847,0.361381],[0.23817,0.968684,-0.0701924],[-0.336176,0.150028,0.929773]],"s":0.798477,"sphereCenter":[-47.9911,277.424,-5.71028],"sphereRadius":44.8518,"stabilizedPalmPosition":[-32.1522,280.776,236.634],"t":[1.23018,23.7199,-210.95],"timeVisible":1.03026,"type":"right","wrist":[-26.8272,290.471,70.9612]}],"id":4493540,"interactionBox":{"center":[0,200,0],"size":[235.247,235.247,147.751]},"pointables":[{"bases":[[[0.357652,0.916792,0.177699],[-0.845802,0.237349,0.477791],[0.395859,-0.321181,0.860313]],[[0.252445,0.967031,-0.0334985],[-0.895915,0.246677,0.36944],[0.365524,-0.0632515,0.92865]],[[0.252445,0.967031,-0.0334985],[-0.966406,0.250252,-0.0585929],[-0.0482782,0.0471646,0.99772]],[[0.252445,0.967031,-0.0334985],[-0.823311,0.19648,-0.532499],[-0.508361,0.162006,0.845768]]],"btipPosition":[-54.9523,277.891,-17.5826],"carpPosition":[-50.9019,279.822,68.6928],"dipPosition":[-65.1997,281.157,-0.53389],"direction":[0.0482781,-0.0471646,-0.99772],"extended":false,"handId":937,"id":9370,"length":44.8883,"mcpPosition":[-50.9019,279.822,68.6928],"pipPosition":[-66.6174,282.542,28.766],"stabilizedTipPosition":[-66.4151,253.191,101.873],"timeVisible":1.03026,"tipPosition":[-56.8607,277.533,-13.823],"tipVelocity":[-23.1258,42.0646,-154.51],"tool":false,"touchDistance":-0.474653,"touchZone":"touching","type":0,"width":17.4415},{"bases":[[[0.990516,0.100229,-0.0939823],[-0.0761671,0.969839,0.231541],[0.114355,-0.222187,0.968275]],[[0.981661,0.113637,-0.15306],[-0.0532084,0.934327,0.352423],[0.183057,-0.337816,0.923239]],[[0.981661,0.113637,-0.15306],[-0.0796533,0.973965,0.212246],[0.173194,-0.196162,0.965155]],[[0.981661,0.113637,-0.15306],[-0.100408,0.990723,0.0915758],[0.162047,-0.0745279,0.983965]]],"btipPosition":[-64.5642,330.901,-63.224],"carpPosition":[-44.5539,299.141,66.868],"dipPosition":[-62.1795,329.804,-48.744],"direction":[-0.173194,0.196162,-0.965155],"extended":true,"handId":937,"id":9371,"length":50.6514,"mcpPosition":[-51.8001,313.22,5.51219],"pipPosition":[-58.5739,325.721,-28.6512],"stabilizedTipPosition":[-78.6516,310.903,117.296],"timeVisible":1.03026,"tipPosition":[-63.2638,331.221,-59.8167],"tipVelocity":[-8.1343,2.58541,-176.674],"tool":false,"touchDistance":-0.49147,"touchZone":"touching","type":1,"width":16.6601},{"bases":[[[0.995233,-0.0975235,-0.000386611],[0.094917,0.967708,0.233521],[-0.0223997,-0.232445,0.972352]],[[0.992556,-0.109978,0.052313],[0.117106,0.743946,-0.657898],[0.0334364,0.659127,0.751288]],[[0.992556,-0.109978,0.052313],[0.0736349,0.1998,-0.977066],[0.0970037,0.973645,0.206411]],[[0.992556,-0.109978,0.052313],[0.0353611,-0.150792,-0.987933],[0.116539,0.982429,-0.145781]]],"btipPosition":[-38.6359,248.583,-26.5861],"carpPosition":[-34.3317,301.727,65.7302],"dipPosition":[-36.7496,264.484,-28.9457],"direction":[-0.0970037,-0.973645,-0.206411],"extended":false,"handId":937,"id":9372,"length":57.7132,"mcpPosition":[-32.9856,315.695,7.29987],"pipPosition":[-34.3738,288.331,-23.8902],"stabilizedTipPosition":[-36.2514,252.099,-19.3705],"timeVisible":1.03026,"tipPosition":[-37.8736,253.135,-28.7624],"tipVelocity":[-21.6212,-10.0405,-96.531],"tool":false,"touchDistance":-0.391186,"touchZone":"touching","type":2,"width":16.3625},{"bases":[[[0.971083,-0.203337,0.125104],[0.165017,0.950364,0.263774],[-0.17253,-0.235502,0.956437]],[[0.960273,-0.215835,0.176895],[0.278116,0.687959,-0.670346],[0.0229871,0.692912,0.720655]],[[0.960273,-0.215835,0.176895],[0.208247,0.132255,-0.969093],[0.185769,0.967432,0.171948]],[[0.960273,-0.215835,0.176895],[0.133122,-0.202828,-0.970123],[0.245266,0.955131,-0.166038]]],"btipPosition":[-23.7187,249.202,-15.5455],"carpPosition":[-23.7631,301.615,65.2202],"dipPosition":[-19.7717,264.573,-18.2175],"direction":[-0.185769,-0.967432,-0.171948],"extended":false,"handId":937,"id":9373,"length":55.4928,"mcpPosition":[-14.4547,314.321,13.6181],"pipPosition":[-15.3393,287.656,-14.1148],"stabilizedTipPosition":[-19.8337,250.172,4.72839],"timeVisible":1.03026,"tipPosition":[-22.392,253.666,-17.9374],"tipVelocity":[-29.6298,-13.0884,-79.5011],"tool":false,"touchDistance":-0.384525,"touchZone":"touching","type":3,"width":15.5699},{"bases":[[[0.903884,-0.383441,0.189646],[0.298152,0.882604,0.363477],[-0.306755,-0.271998,0.912096]],[[0.840046,-0.423443,0.339145],[0.538522,0.575132,-0.615806],[0.0657058,0.699942,0.71117]],[[0.840046,-0.423443,0.339145],[0.389572,0.035761,-0.920301],[0.377567,0.905217,0.195002]],[[0.840046,-0.423443,0.339145],[0.245682,-0.260434,-0.93371],[0.483698,0.867681,-0.114744]]],"btipPosition":[-13.4896,259.419,-3.4679],"carpPosition":[-13.2672,295.283,65.3254],"dipPosition":[-6.30853,272.301,-5.17142],"direction":[-0.377567,-0.905217,-0.195002],"extended":false,"handId":937,"id":9374,"length":43.5053,"mcpPosition":[2.05311,308.868,19.7725],"pipPosition":[0.0520247,287.551,-1.88637],"stabilizedTipPosition":[-7.8692,261.586,4.62275],"timeVisible":1.03026,"tipPosition":[-10.8148,263.041,-5.41619],"tipVelocity":[-54.1126,-0.886216,-77.0487],"tool":false,"touchDistance":-0.395356,"touchZone":"touching","type":4,"width":13.8304}],"r":[[0.911186,-0.197847,0.361381],[0.23817,0.968684,-0.0701924],[-0.336176,0.150028,0.929773]],"s":0.798477,"t":[1.23018,23.7199,-210.95],"timestamp":607590884098},false],[4,{"currentFrameRate":109.015,"devices":[],"gestures":[],"hands":[{"armBasis":[[0.89786,0.313303,-0.309337],[-0.0671921,0.791864,0.60699],[0.435124,-0.524207,0.732034]],"armWidth":54.8826,"confidence":0.598669,"direction":[0.0470321,0.370649,-0.927581],"elbow":[74.0307,169.049,239.217],"grabStrength":0,"id":937,"palmNormal":[0.0565085,-0.928109,-0.367995],"palmPosition":[-31.3089,304.51,24.0445],"palmVelocity":[-23.816,26.3253,-179.187],"palmWidth":78.3705,"pinchStrength":0.586121,"r":[[0.909917,-0.198358,0.364288],[0.239946,0.968098,-0.0721991],[-0.338346,0.153105,0.928483]],"s":0.800497,"sphereCenter":[-48.6098,277.876,-7.56267],"sphereRadius":44.7929,"stabilizedPalmPosition":[-32.1522,280.777,236.62],"t":[1.02807,23.9653,-212.712],"timeVisible":1.03928,"type":"right","wrist":[-27.1589,290.955,68.9803]}],"id":4493541,"interactionBox":{"center":[0,200,0],"size":[235.247,235.247,147.751]},"pointables":[{"bases":[[[0.359943,0.916579,0.174137],[-0.846242,0.242157,0.474588],[0.392829,-0.318187,0.862811]],[[0.256315,0.965929,-0.0358233],[-0.895391,0.251232,0.367637],[0.364111,-0.0621551,0.929279]],[[0.256315,0.965929,-0.0358233],[-0.965172,0.253754,-0.0636502],[-0.0523913,0.0508902,0.997329]],[[0.256315,0.965929,-0.0358233],[-0.812261,0.195153,-0.54968],[-0.52396,0.169989,0.834607]]],"btipPosition":[-54.814,278.118,-19.3611],"carpPosition":[-51.2597,280.367,66.705],"dipPosition":[-65.3759,281.545,-2.53729],"direction":[0.0523913,-0.0508902,-0.997329],"extended":false,"handId":937,"id":9370,"length":44.8883,"mcpPosition":[-51.2597,280.367,66.705],"pipPosition":[-66.9144,283.039,26.7511],"stabilizedTipPosition":[-66.3625,253.338,101.2],"timeVisible":1.03928,"tipPosition":[-56.9216,277.847,-15.6866],"tipVelocity":[-14.7556,38.5526,-167.842],"tool":false,"touchDistance":-0.482974,"touchZone":"touching","type":0,"width":17.4415},{"bases":[[[0.991033,0.096843,-0.092064],[-0.0738449,0.971168,0.22667],[0.111361,-0.217839,0.969611]],[[0.982058,0.110362,-0.152911],[-0.050911,0.935918,0.34852],[0.181575,-0.334482,0.924744]],[[0.982058,0.110362,-0.152911],[-0.0771435,0.975025,0.208269],[0.172077,-0.192736,0.966045]],[[0.982058,0.110362,-0.152911],[-0.0977696,0.991348,0.0875798],[0.161253,-0.0710585,0.984352]]],"btipPosition":[-64.5807,330.896,-65.4543],"carpPosition":[-44.8499,299.658,64.8023],"dipPosition":[-62.2078,329.851,-50.9686],"direction":[-0.172077,0.192736,-0.966045],"extended":true,"handId":937,"id":9371,"length":50.6514,"mcpPosition":[-51.9064,313.461,3.36183],"pipPosition":[-58.6254,325.838,-30.8573],"stabilizedTipPosition":[-78.6515,310.903,117.294],"timeVisible":1.03928,"tipPosition":[-63.2753,331.178,-62.0628],"tipVelocity":[-6.48412,2.09242,-196.075],"tool":false,"touchDistance":-0.50409,"touchZone":"touching","type":1,"width":16.6601},{"bases":[[[0.994937,-0.100467,0.00249662],[0.0972269,0.968541,0.229075],[-0.0254326,-0.227673,0.973406]],[[0.992306,-0.112061,0.0526338],[0.118036,0.728023,-0.675315],[0.037358,0.676332,0.735649]],[[0.992306,-0.112061,0.0526338],[0.0711294,0.168053,-0.983208],[0.101334,0.979388,0.17473]],[[0.992306,-0.112061,0.0526338],[0.0313103,-0.184165,-0.982396],[0.119782,0.976486,-0.17924]]],"btipPosition":[-39.0607,248.018,-26.7361],"carpPosition":[-34.6173,302.208,63.6768],"dipPosition":[-37.1219,263.823,-29.6373],"direction":[-0.101334,-0.979388,-0.17473],"extended":false,"handId":937,"id":9372,"length":57.7132,"mcpPosition":[-33.089,315.889,5.18313],"pipPosition":[-34.64,287.811,-25.3577],"stabilizedTipPosition":[-36.28,252.094,-19.4676],"timeVisible":1.03928,"tipPosition":[-38.2636,252.614,-29.2266],"tipVelocity":[-28.2632,-25.1746,-78.36],"tool":false,"touchDistance":-0.384519,"touchZone":"touching","type":2,"width":16.3625},{"bases":[[[0.970171,-0.205601,0.128438],[0.167202,0.951137,0.259581],[-0.175533,-0.230363,0.957142]],[[0.958531,-0.218451,0.183021],[0.283523,0.665942,-0.690026],[0.0288558,0.713302,0.700262]],[[0.958531,-0.218451,0.183021],[0.207488,0.0946979,-0.973643],[0.195362,0.971242,0.136097]],[[0.958531,-0.218451,0.183021],[0.129165,-0.239451,-0.962278],[0.254036,0.946014,-0.201305]]],"btipPosition":[-24.4375,248.643,-15.403],"carpPosition":[-24.0479,302.062,63.1929],"dipPosition":[-20.3493,263.867,-18.6426],"direction":[-0.195362,-0.971242,-0.136097],"extended":false,"handId":937,"id":9373,"length":55.4928,"mcpPosition":[-14.5775,314.491,11.5528],"pipPosition":[-15.688,287.041,-15.3953],"stabilizedTipPosition":[-19.8712,250.192,4.5146],"timeVisible":1.03928,"tipPosition":[-23.0124,253.141,-18.1479],"tipVelocity":[-42.4134,-27.5675,-57.2748],"tool":false,"touchDistance":-0.374227,"touchZone":"touching","type":3,"width":15.5699},{"bases":[[[0.902282,-0.385191,0.193686],[0.299894,0.883466,0.359933],[-0.309758,-0.266676,0.912652]],[[0.838877,-0.423882,0.341481],[0.539995,0.569142,-0.620066],[0.0684835,0.704558,0.706334]],[[0.838877,-0.423882,0.341481],[0.387633,0.0247907,-0.92148],[0.382133,0.905378,0.185107]],[[0.838877,-0.423882,0.341481],[0.24166,-0.272108,-0.931428],[0.487735,0.863876,-0.12583]]],"btipPosition":[-13.865,259.484,-4.98835],"carpPosition":[-13.5712,295.7,63.3542],"dipPosition":[-6.62404,272.309,-6.85645],"direction":[-0.382133,-0.905378,-0.185107],"extended":false,"handId":937,"id":9374,"length":43.5053,"mcpPosition":[1.89911,309.018,17.7734],"pipPosition":[-0.186563,287.561,-3.73811],"stabilizedTipPosition":[-7.93926,261.6,4.46029],"timeVisible":1.03928,"tipPosition":[-11.2136,263.035,-6.92516],"tipVelocity":[-50.2626,0.916894,-103.39],"tool":false,"touchDistance":-0.407528,"touchZone":"touching","type":4,"width":13.8304}],"r":[[0.909917,-0.198358,0.364288],[0.239946,0.968098,-0.0721991],[-0.338346,0.153105,0.928483]],"s":0.800497,"t":[1.02807,23.9653,-212.712],"timestamp":607590893114},false],[5,{"currentFrameRate":109.053,"devices":[],"gestures":[],"hands":[{"armBasis":[[0.898171,0.313811,-0.307915],[-0.0695988,0.793028,0.605196],[0.434103,-0.522139,0.734116]],"armWidth":54.8826,"confidence":0.603493,"direction":[0.0477528,0.365219,-0.929696],"elbow":[73.5264,170.197,237.765],"grabStrength":0,"id":937,"palmNormal":[0.058688,-0.930176,-0.362393],"palmPosition":[-31.533,304.903,22.0224],"palmVelocity":[-24.0376,31.002,-191.1],"palmWidth":78.3705,"pinchStrength":0.592007,"r":[[0.908857,-0.198004,0.367115],[0.241051,0.967619,-0.0748786],[-0.340402,0.156548,0.927157]],"s":0.801867,"sphereCenter":[-49.0195,278.208,-9.38951],"sphereRadius":44.773,"stabilizedPalmPosition":[-32.1522,280.779,236.609],"t":[0.814989,24.2846,-214.604],"timeVisible":1.04838,"type":"right","wrist":[-27.4256,291.622,67.0439]}],"id":4493542,"interactionBox":{"center":[0,200,0],"size":[235.247,235.247,147.751]},"pointables":[{"bases":[[[0.35807,0.918233,0.169219],[-0.847369,0.243472,0.471897],[0.392111,-0.312363,0.865262]],[[0.25541,0.966014,-0.0397761],[-0.895696,0.251906,0.366431],[0.363997,-0.057963,0.929595]],[[0.25541,0.966014,-0.0397761],[-0.965137,0.252311,-0.0696402],[-0.0572375,0.0561762,0.996779]],[[0.25541,0.966014,-0.0397761],[-0.797421,0.187215,-0.573646],[-0.546704,0.178233,0.818137]]],"btipPosition":[-54.453,278.228,-20.9353],"carpPosition":[-51.5043,280.978,64.7961],"dipPosition":[-65.4733,281.821,-4.44356],"direction":[0.0572375,-0.0561762,-0.996779],"extended":false,"handId":937,"id":9370,"length":44.8883,"mcpPosition":[-51.5043,280.978,64.7961],"pipPosition":[-67.1542,283.471,24.8287],"stabilizedTipPosition":[-66.3239,253.444,100.713],"timeVisible":1.04838,"tipPosition":[-56.8415,278.089,-17.3882],"tipVelocity":[-2.88121,32.3771,-171.586],"tool":false,"touchDistance":-0.487769,"touchZone":"touching","type":0,"width":17.4415},{"bases":[[[0.990996,0.0980488,-0.0911802],[-0.0758908,0.972364,0.220789],[0.110309,-0.211882,0.97105]],[[0.981787,0.111547,-0.15379],[-0.052702,0.937626,0.343629],[0.182528,-0.329265,0.926427]],[[0.981787,0.111547,-0.15379],[-0.0790169,0.975902,0.203399],[0.172773,-0.187542,0.966942]],[[0.981787,0.111547,-0.15379],[-0.0996898,0.991569,0.0827878],[0.161728,-0.0659486,0.984629]]],"btipPosition":[-64.8466,330.754,-67.6445],"carpPosition":[-45.1258,300.269,62.7883],"dipPosition":[-62.4667,329.783,-53.1547],"direction":[-0.172773,0.187542,-0.966942],"extended":true,"handId":937,"id":9371,"length":50.6514,"mcpPosition":[-52.1156,313.695,1.25665],"pipPosition":[-58.8698,325.879,-33.0248],"stabilizedTipPosition":[-78.6514,310.903,117.293],"timeVisible":1.04838,"tipPosition":[-63.5355,331.007,-64.2694],"tipVelocity":[-12.736,-2.30392,-208.398],"tool":false,"touchDistance":-0.514854,"touchZone":"touching","type":1,"width":16.6601},{"bases":[[[0.995108,-0.0986894,0.00455622],[0.0951815,0.970054,0.223461],[-0.026473,-0.221935,0.974702]],[[0.992529,-0.109693,0.0534208],[0.11605,0.713586,-0.690889],[0.0376652,0.691927,0.720984]],[[0.992529,-0.109693,0.0534208],[0.0685424,0.139075,-0.987907],[0.100937,0.984188,0.145554]],[[0.992529,-0.109693,0.0534208],[0.0288164,-0.214701,-0.976255],[0.118558,0.9705,-0.209936]]],"btipPosition":[-39.26,247.628,-27.0078],"carpPosition":[-34.896,302.831,61.6628],"dipPosition":[-37.3411,263.336,-30.4058],"direction":[-0.100937,-0.984188,-0.145554],"extended":false,"handId":937,"id":9372,"length":57.7132,"mcpPosition":[-33.3052,316.167,3.09117],"pipPosition":[-34.8689,287.441,-26.8408],"stabilizedTipPosition":[-36.3087,252.084,-19.5618],"timeVisible":1.04838,"tipPosition":[-38.4778,252.197,-29.7016],"tipVelocity":[-26.6386,-30.7618,-68.3926],"tool":false,"touchDistance":-0.38019,"touchZone":"touching","type":2,"width":16.3625},{"bases":[[[0.97034,-0.203117,0.131083],[0.165142,0.952955,0.254173],[-0.176544,-0.224987,0.958234]],[[0.95822,-0.216051,0.187449],[0.284858,0.661454,-0.693783],[0.0259035,0.718193,0.695362]],[[0.95822,-0.216051,0.187449],[0.209561,0.0842431,-0.97416],[0.194677,0.972741,0.125999]],[[0.95822,-0.216051,0.187449],[0.130828,-0.251725,-0.958915],[0.25436,0.943375,-0.212943]]],"btipPosition":[-24.5359,248.81,-16.8428],"carpPosition":[-24.3257,302.701,61.1953],"dipPosition":[-20.4425,263.991,-20.2696],"direction":[-0.194677,-0.972741,-0.125999],"extended":false,"handId":937,"id":9373,"length":55.4928,"mcpPosition":[-14.8007,314.839,9.49627],"pipPosition":[-15.7976,287.201,-17.2633],"stabilizedTipPosition":[-19.9038,250.21,4.32083],"timeVisible":1.04838,"tipPosition":[-23.1492,253.196,-19.5138],"tipVelocity":[-33.6169,-15.1384,-86.5599],"tool":false,"touchDistance":-0.387381,"touchZone":"touching","type":3,"width":15.5699},{"bases":[[[0.902672,-0.382437,0.197297],[0.297805,0.886116,0.35512],[-0.310639,-0.261801,0.913763]],[[0.839955,-0.42,0.343621],[0.538119,0.562946,-0.627312],[0.0700309,0.711823,0.698859]],[[0.839955,-0.42,0.343621],[0.38366,0.0118046,-0.923399],[0.383771,0.907447,0.171053]],[[0.839955,-0.42,0.343621],[0.236844,-0.285987,-0.928502],[0.488242,0.861285,-0.140741]]],"btipPosition":[-14.1701,259.681,-6.30251],"carpPosition":[-13.838,296.358,61.4097],"dipPosition":[-6.92156,272.467,-8.39198],"direction":[-0.383771,-0.907447,-0.171053],"extended":false,"handId":937,"id":9374,"length":43.5053,"mcpPosition":[1.67632,309.433,15.7735],"pipPosition":[-0.456481,287.754,-5.5104],"stabilizedTipPosition":[-7.99944,261.613,4.31203],"timeVisible":1.04838,"tipPosition":[-11.5341,263.188,-8.28218],"tipVelocity":[-45.5671,6.3931,-116.304],"tool":false,"touchDistance":-0.415585,"touchZone":"touching","type":4,"width":13.8304}],"r":[[0.908857,-0.198004,0.367115],[0.241051,0.967619,-0.0748786],[-0.340402,0.156548,0.927157]],"s":0.801867,"t":[0.814989,24.2846,-214.604],"timestamp":607590902216},false],[6,{"currentFrameRate":109.175,"devices":[],"gestures":[],"hands":[{"armBasis":[[0.898708,0.312043,-0.308143],[-0.0685334,0.793945,0.604114],[0.433159,-0.521804,0.734911]],"armWidth":54.8826,"confidence":0.605365,"direction":[0.0483644,0.365239,-0.929657],"elbow":[73.1505,170.28,237.01],"grabStrength":0,"id":937,"palmNormal":[0.0574497,-0.930222,-0.362472],"palmPosition":[-31.6658,304.919,21.0829],"palmVelocity":[-21.5306,23.004,-167.611],"palmWidth":78.3705,"pinchStrength":0.590742,"r":[[0.907942,-0.197969,0.369392],[0.242207,0.967165,-0.0769953],[-0.34202,0.159377,0.926078]],"s":0.803313,"sphereCenter":[-49.4572,278.366,-10.2875],"sphereRadius":44.7913,"stabilizedPalmPosition":[-32.1521,280.78,236.599],"t":[0.642035,24.452,-216.019],"timeVisible":1.05732,"type":"right","wrist":[-27.582,291.628,66.1037]}],"id":4493543,"interactionBox":{"center":[0,200,0],"size":[235.247,235.247,147.751]},"pointables":[{"bases":[[[0.359314,0.917723,0.169346],[-0.847089,0.244594,0.47182],[0.391579,-0.312983,0.865279]],[[0.257761,0.965472,-0.0377313],[-0.894348,0.253187,0.368833],[0.365651,-0.0613259,0.928729]],[[0.257761,0.965472,-0.0377313],[-0.964469,0.254758,-0.0699849],[-0.0579561,0.0544301,0.996834]],[[0.257761,0.965472,-0.0377313],[-0.788649,0.187671,-0.585502],[-0.558204,0.180676,0.809793]]],"btipPosition":[-54.4419,278.414,-21.6756],"carpPosition":[-51.6751,281.017,63.8521],"dipPosition":[-65.6941,282.056,-5.35203],"direction":[0.0579561,-0.0544301,-0.996834],"extended":false,"handId":937,"id":9370,"length":44.8883,"mcpPosition":[-51.6751,281.017,63.8521],"pipPosition":[-67.396,283.654,23.9218],"stabilizedTipPosition":[-66.2967,253.52,100.365],"timeVisible":1.05732,"tipPosition":[-56.944,278.31,-18.2022],"tipVelocity":[-3.3849,29.5467,-148.523],"tool":false,"touchDistance":-0.47901,"touchZone":"touching","type":0,"width":17.4415},{"bases":[[[0.99114,0.0966927,-0.0910552],[-0.0745779,0.972448,0.220871],[0.109903,-0.212123,0.971043]],[[0.981692,0.110522,-0.155134],[-0.0511224,0.937445,0.34436],[0.183489,-0.330125,0.925932]],[[0.981692,0.110522,-0.155134],[-0.0775558,0.975806,0.204419],[0.173974,-0.188645,0.966512]],[[0.981692,0.110522,-0.155134],[-0.0983615,0.991598,0.0840111],[0.163116,-0.0672137,0.984315]]],"btipPosition":[-65.0459,330.873,-68.5537],"carpPosition":[-45.2697,300.299,61.8468],"dipPosition":[-62.6455,329.884,-54.0685],"direction":[-0.173974,0.188645,-0.966512],"extended":true,"handId":937,"id":9371,"length":50.6514,"mcpPosition":[-52.2339,313.74,0.315567],"pipPosition":[-59.0237,325.956,-33.9475],"stabilizedTipPosition":[-78.6513,310.903,117.292],"timeVisible":1.05732,"tipPosition":[-63.7273,331.078,-65.1925],"tipVelocity":[-15.1996,1.82583,-179.292],"tool":false,"touchDistance":-0.505355,"touchZone":"touching","type":1,"width":16.6601},{"bases":[[[0.994971,-0.10006,0.00466344],[0.0964909,0.969902,0.223563],[-0.0268927,-0.221988,0.974678]],[[0.992432,-0.110891,0.0527477],[0.116089,0.707227,-0.69739],[0.0400295,0.698236,0.714748]],[[0.992432,-0.110891,0.0527477],[0.0666329,0.125493,-0.989854],[0.103146,0.985878,0.131932]],[[0.992432,-0.110891,0.0527477],[0.0261311,-0.229002,-0.973075],[0.119984,0.967089,-0.224371]]],"btipPosition":[-39.5505,247.399,-27.1203],"carpPosition":[-35.0363,302.847,60.7227],"dipPosition":[-37.6084,263.052,-30.7519],"direction":[-0.103146,-0.985878,-0.131932],"extended":false,"handId":937,"id":9372,"length":57.7132,"mcpPosition":[-33.4203,316.187,2.15251],"pipPosition":[-35.0821,287.199,-27.5205],"stabilizedTipPosition":[-36.341,252.071,-19.6588],"timeVisible":1.05732,"tipPosition":[-38.7799,251.92,-29.8512],"tipVelocity":[-28.0732,-29.7318,-54.7935],"tool":false,"touchDistance":-0.372997,"touchZone":"touching","type":2,"width":16.3625},{"bases":[[[0.970044,-0.204465,0.131178],[0.166424,0.952704,0.254281],[-0.176966,-0.224833,0.958193]],[[0.957547,-0.217706,0.188964],[0.286809,0.653397,-0.70058],[0.0290513,0.725035,0.688099]],[[0.957547,-0.217706,0.188964],[0.208089,0.0683419,-0.975719],[0.199505,0.973619,0.110743]],[[0.957547,-0.217706,0.188964],[0.12751,-0.26803,-0.954935],[0.258543,0.93849,-0.228892]]],"btipPosition":[-24.9572,248.598,-16.8792],"carpPosition":[-24.4661,302.702,60.2564],"dipPosition":[-20.7966,263.701,-20.5627],"direction":[-0.199505,-0.973619,-0.110743],"extended":false,"handId":937,"id":9373,"length":55.4928,"mcpPosition":[-14.9184,314.833,8.55966],"pipPosition":[-16.0364,286.931,-17.9204],"stabilizedTipPosition":[-19.9399,250.227,4.1267],"timeVisible":1.05732,"tipPosition":[-23.5435,252.945,-19.6487],"tipVelocity":[-36.8331,-18.039,-65.8394],"tool":false,"touchDistance":-0.378408,"touchZone":"touching","type":3,"width":15.5699},{"bases":[[[0.902121,-0.383698,0.197367],[0.298983,0.885673,0.355237],[-0.311106,-0.261457,0.913703]],[[0.839387,-0.421166,0.343582],[0.538906,0.562564,-0.626978],[0.0707752,0.711436,0.699178]],[[0.839387,-0.421166,0.343582],[0.383441,0.0108206,-0.923502],[0.38523,0.906919,0.170575]],[[0.839387,-0.421166,0.343582],[0.235868,-0.287255,-0.928359],[0.489689,0.860293,-0.141779]]],"btipPosition":[-14.3647,259.686,-7.22396],"carpPosition":[-13.9872,296.345,60.4715],"dipPosition":[-7.09469,272.458,-9.32883],"direction":[-0.38523,-0.906919,-0.170575],"extended":false,"handId":937,"id":9374,"length":43.5053,"mcpPosition":[1.55043,309.403,14.8383],"pipPosition":[-0.605041,287.736,-6.4553],"stabilizedTipPosition":[-8.0473,261.623,4.18946],"timeVisible":1.05