{"sensorType":"Leap","data":[[0,{"currentFrameRate":101.445,"devices":[],"gestures":[],"hands":[{"armBasis":[[0.856579,0.138029,-0.497213],[0.201308,0.797826,0.568286],[0.47513,-0.586874,0.655615]],"armWidth":62.1654,"confidence":0.783493,"direction":[0.0415898,0.342805,-0.938485],"elbow":[94.2686,136.83,267.342],"grabStrength":0,"id":942,"palmNormal":[-0.218796,-0.913375,-0.343329],"palmPosition":[-36.8675,307.263,44.0315],"palmVelocity":[4.96835,-6.36718,-130.735],"palmWidth":88.77,"pinchStrength":0.902226,"r":[[0.887031,-0.125527,0.444319],[0.209715,0.966874,-0.145514],[-0.411335,0.222255,0.883972]],"s":0.589551,"sphereCenter":[-57.3957,273.384,11.4804],"sphereRadius":48.097,"stabilizedPalmPosition":[-56.5836,272.679,229.419],"t":[31.2153,43.1668,-203.104],"timeVisible":0.858773,"type":"right","wrist":[-30.8865,291.42,94.645]}],"id":4496996,"interactionBox":{"center":[0,200,0],"size":[235.247,235.247,147.751]},"pointables":[{"bases":[[[0.596103,0.795467,0.109058],[-0.702963,0.451435,0.54959],[0.387948,-0.404276,0.828285]],[[0.409317,0.888726,-0.206458],[-0.884104,0.442248,0.150919],[0.225432,0.120756,0.966746]],[[0.409317,0.888726,-0.206458],[-0.91175,0.389929,-0.129102],[-0.0342325,0.241081,0.969901]],[[0.409317,0.888726,-0.206458],[-0.834944,0.273621,-0.477493],[-0.36787,0.367827,0.854035]]],"btipPosition":[-61.885,264.461,-3.65246],"carpPosition":[-60.4446,286.76,95.1902],"dipPosition":[-70.2844,272.859,15.8474],"direction":[0.0342325,-0.241081,-0.969901],"extended":false,"handId":942,"id":9420,"length":50.8448,"mcpPosition":[-60.4446,286.76,95.1902],"pipPosition":[-71.4231,280.879,48.1099],"stabilizedTipPosition":[-117.17,238.121,197.13],"timeVisible":0.858773,"tipPosition":[-64.1011,266.771,0.448497],"tipVelocity":[-13.7518,-14.4817,-107.536],"tool":false,"touchDistance":-0.492668,"touchZone":"touching","type":0,"width":19.7559},{"bases":[[[0.968027,-0.15894,-0.194065],[0.198176,0.958869,0.203214],[0.153784,-0.235175,0.95971]],[[0.975712,-0.173247,-0.134056],[0.181639,0.981934,0.0530406],[0.122445,-0.0761021,0.989553]],[[0.975712,-0.173247,-0.134056],[0.168988,0.984697,-0.0426081],[0.139386,0.0189194,0.990057]],[[0.975712,-0.173247,-0.134056],[0.158281,0.98064,-0.115295],[0.151435,0.0912758,0.984244]]],"btipPosition":[-70.1468,324.136,-58.4604],"carpPosition":[-48.1657,306.034,91.6511],"dipPosition":[-67.6226,325.657,-42.0543],"direction":[-0.139386,-0.0189194,-0.990057],"extended":true,"handId":942,"id":9421,"length":57.3727,"mcpPosition":[-59.2035,322.914,22.7683],"pipPosition":[-64.3357,326.103,-18.7081],"stabilizedTipPosition":[-103.563,294.616,122.127],"timeVisible":0.858773,"tipPosition":[-68.8467,323.946,-54.7399],"tipVelocity":[6.06464,-22.2328,-138.025],"tool":false,"touchDistance":-0.53207,"touchZone":"touching","type":1,"width":18.8709},{"bases":[[[0.931841,-0.350372,-0.0944012],[0.362308,0.912798,0.1885],[0.0201243,-0.209854,0.977526]],[[0.931091,-0.363666,-0.0285837],[0.243709,0.67844,-0.693055],[0.271433,0.638331,0.720318]],[[0.931091,-0.363666,-0.0285837],[0.103286,0.337969,-0.935473],[0.34986,0.868058,0.352242]],[[0.931091,-0.363666,-0.0285837],[0.0154409,0.117577,-0.992944],[0.36446,0.924079,0.115091]]],"btipPosition":[-66.9429,249.116,-23.1598],"carpPosition":[-36.4213,305.873,89.1308],"dipPosition":[-60.261,266.057,-21.0498],"direction":[-0.34986,-0.868058,-0.352242],"extended":false,"handId":942,"id":9422,"length":65.3716,"mcpPosition":[-37.7911,320.157,22.5948],"pipPosition":[-50.555,290.139,-11.2777],"stabilizedTipPosition":[-65.9755,260.126,-6.2492],"timeVisible":0.858773,"tipPosition":[-65.2988,253.391,-20.3901],"tipVelocity":[-1.95503,-36.3625,-108.938],"tool":false,"touchDistance":-0.468159,"touchZone":"touching","type":2,"width":18.5337},{"bases":[[[0.894665,-0.445242,0.0365391],[0.428415,0.878278,0.212339],[-0.126634,-0.174318,0.976513]],[[0.87756,-0.460415,0.133811],[0.40719,0.568312,-0.714995],[0.253148,0.681938,0.686204]],[[0.87756,-0.460415,0.133811],[0.27638,0.257702,-0.925853],[0.391794,0.849475,0.353399]],[[0.87756,-0.460415,0.133811],[0.18696,0.0716015,-0.979755],[0.441513,0.884811,0.148914]]],"btipPosition":[-46.938,244.505,-14.4649],"carpPosition":[-25.0055,302.664,87.3881],"dipPosition":[-38.89,260.633,-11.7505],"direction":[-0.391794,-0.849475,-0.353399],"extended":false,"handId":942,"id":9423,"length":62.8565,"mcpPosition":[-17.2667,313.317,27.7118],"pipPosition":[-28.3013,283.591,-2.19951],"stabilizedTipPosition":[-49.0916,255.261,14.5875],"timeVisible":0.858773,"tipPosition":[-44.6976,249.218,-15.1663],"tipVelocity":[-3.23697,-30.8519,-103.515],"tool":false,"touchDistance":-0.428468,"touchZone":"touching","type":3,"width":17.636},{"bases":[[[0.790828,-0.60138,0.113724],[0.54947,0.779461,0.30087],[-0.269581,-0.175448,0.94686]],[[0.749812,-0.618892,0.233998],[0.574021,0.432581,-0.69525],[0.329062,0.655627,0.679612]],[[0.749812,-0.618892,0.233998],[0.401166,0.144001,-0.904615],[0.526163,0.772163,0.356253]],[[0.749812,-0.618892,0.233998],[0.286383,-0.0152457,-0.957994],[0.596462,0.785328,0.165808]]],"btipPosition":[-31.5648,252.043,0.00277304],"carpPosition":[-15.3934,292.675,86.5975],"dipPosition":[-21.5346,265.249,2.79105],"direction":[-0.526163,-0.772164,-0.356253],"extended":false,"handId":942,"id":9424,"length":49.2784,"mcpPosition":[-0.143075,302.6,33.0331],"pipPosition":[-11.4945,279.983,9.58892],"stabilizedTipPosition":[-29.163,257.211,9.9938],"timeVisible":0.858773,"tipPosition":[-28.3375,255.7,-0.578274],"tipVelocity":[-3.75654,-27.4965,-104.741],"tool":false,"touchDistance":-0.427859,"touchZone":"touching","type":4,"width":15.6657}],"r":[[0.887031,-0.125527,0.444319],[0.209715,0.966874,-0.145514],[-0.411335,0.222255,0.883972]],"s":0.589551,"t":[31.2153,43.1668,-203.104],"timestamp":607623287116},false],[1,{"currentFrameRate":101.925,"devices":[],"gestures":[],"hands":[{"armBasis":[[0.857357,0.135874,-0.496464],[0.201946,0.798399,0.567254],[0.473452,-0.586598,0.657074]],"armWidth":62.1654,"confidence":0.789728,"direction":[0.0410311,0.338139,-0.940201],"elbow":[93.8141,137.104,266.337],"grabStrength":0,"id":942,"palmNormal":[-0.219679,-0.914915,-0.338632],"palmPosition":[-36.9119,307.219,42.5696],"palmVelocity":[2.26123,-6.00157,-139.896],"palmWidth":88.77,"pinchStrength":0.901698,"r":[[0.886418,-0.124495,0.44583],[0.210464,0.966236,-0.148639],[-0.412272,0.225587,0.88269]],"s":0.591817,"sphereCenter":[-57.5542,273.262,10.1945],"sphereRadius":48.1173,"stabilizedPalmPosition":[-56.5836,272.679,229.419],"t":[31.2178,43.0945,-204.461],"timeVisible":0.867663,"type":"right","wrist":[-30.899,291.621,93.2557]}],"id":4496997,"interactionBox":{"center":[0,200,0],"size":[235.247,235.247,147.751]},"pointables":[{"bases":[[[0.596713,0.795604,0.104633],[-0.70221,0.454605,0.547938],[0.388375,-0.400436,0.829949]],[[0.409599,0.887443,-0.21136],[-0.883,0.443885,0.15257],[0.229217,0.124138,0.965427]],[[0.409599,0.887443,-0.21136],[-0.911686,0.389941,-0.129516],[-0.0325199,0.245744,0.968789]],[[0.409599,0.887443,-0.21136],[-0.834553,0.270938,-0.479701],[-0.368442,0.372876,0.851595]]],"btipPosition":[-62.1283,264.25,-4.83726],"carpPosition":[-60.4598,286.983,93.8484],"dipPosition":[-70.5408,272.763,14.6069],"direction":[0.0325199,-0.245744,-0.968789],"extended":false,"handId":942,"id":9420,"length":50.8448,"mcpPosition":[-60.4598,286.983,93.8484],"pipPosition":[-71.6226,280.938,46.8324],"stabilizedTipPosition":[-117.169,238.122,197.127],"timeVisible":0.867663,"tipPosition":[-64.2776,266.545,-0.742182],"tipVelocity":[-17.5452,-16.1961,-114.922],"tool":false,"touchDistance":-0.489698,"touchZone":"touching","type":0,"width":19.7559},{"bases":[[[0.967761,-0.160533,-0.194082],[0.198972,0.959731,0.198311],[0.154431,-0.230534,0.960732]],[[0.975337,-0.1742,-0.135541],[0.182423,0.981911,0.0507206],[0.124254,-0.0741955,0.989473]],[[0.975337,-0.1742,-0.135541],[0.169468,0.984471,-0.0457943],[0.141413,0.0216951,0.989713]],[[0.975337,-0.1742,-0.135541],[0.158495,0.98014,-0.119185],[0.153611,0.0947631,0.983577]]],"btipPosition":[-70.3586,323.797,-59.9582],"carpPosition":[-48.1712,306.232,90.204],"dipPosition":[-67.798,325.377,-43.5632],"direction":[-0.141413,-0.0216951,-0.989713],"extended":true,"handId":942,"id":9421,"length":57.3727,"mcpPosition":[-59.2554,322.778,21.2478],"pipPosition":[-64.4634,325.888,-20.2251],"stabilizedTipPosition":[-103.563,294.616,122.127],"timeVisible":0.867663,"tipPosition":[-69.0655,323.586,-56.24],"tipVelocity":[-1.80088,-26.1342,-146.379],"tool":false,"touchDistance":-0.529702,"touchZone":"touching","type":1,"width":18.8709},{"bases":[[[0.931533,-0.351446,-0.0934436],[0.363061,0.91348,0.183688],[0.0208023,-0.205038,0.978533]],[[0.930768,-0.364672,-0.0261574],[0.244026,0.672927,-0.698298],[0.272252,0.643571,0.715329]],[[0.930768,-0.364672,-0.0261574],[0.10375,0.332053,-0.937538],[0.35058,0.869917,0.346899]],[[0.930768,-0.364672,-0.0261574],[0.016101,0.11236,-0.993537],[0.365255,0.924332,0.110453]]],"btipPosition":[-67.0698,248.663,-24.2166],"carpPosition":[-36.429,306.051,87.6748],"dipPosition":[-60.3734,265.609,-22.1916],"direction":[-0.35058,-0.869916,-0.346899],"extended":false,"handId":942,"id":9422,"length":65.3716,"mcpPosition":[-37.8449,320.007,21.0702],"pipPosition":[-50.6474,289.743,-12.5677],"stabilizedTipPosition":[-65.9722,260.069,-6.38119],"timeVisible":0.867663,"tipPosition":[-65.4313,252.968,-21.6194],"tipVelocity":[-5.20105,-40.2852,-112.234],"tool":false,"touchDistance":-0.465821,"touchZone":"touching","type":2,"width":18.5337},{"bases":[[[0.894404,-0.445644,0.0379945],[0.429165,0.879035,0.207643],[-0.125933,-0.169411,0.977467]],[[0.877076,-0.460495,0.13668],[0.407665,0.563094,-0.718843],[0.25406,0.686199,0.681604]],[[0.877076,-0.460495,0.13668],[0.276071,0.250391,-0.927949],[0.393092,0.851615,0.346742]],[[0.877076,-0.460495,0.13668],[0.186206,0.0636479,-0.980447],[0.442792,0.885377,0.141571]]],"btipPosition":[-47.0902,244.113,-15.4586],"carpPosition":[-25.0168,302.826,85.9385],"dipPosition":[-39.0189,260.252,-12.878],"direction":[-0.393092,-0.851615,-0.346742],"extended":false,"handId":942,"id":9423,"length":62.8565,"mcpPosition":[-17.3208,313.178,26.2039],"pipPosition":[-28.3951,283.267,-3.50691],"stabilizedTipPosition":[-49.0726,255.224,14.4424],"timeVisible":0.867663,"tipPosition":[-44.8614,248.794,-16.1755],"tipVelocity":[-6.84593,-34.3814,-106.699],"tool":false,"touchDistance":-0.429321,"touchZone":"touching","type":3,"width":17.636},{"bases":[[[0.790529,-0.601331,0.116036],[0.55023,0.780576,0.29656],[-0.268906,-0.170593,0.947939]],[[0.74881,-0.618418,0.238416],[0.575608,0.42846,-0.69649],[0.32857,0.658773,0.676801]],[[0.74881,-0.618418,0.238416],[0.402232,0.138118,-0.90506],[0.526776,0.773616,0.352172]],[[0.74881,-0.618418,0.238416],[0.286872,-0.0218663,-0.957719],[0.597484,0.785545,0.161033]]],"btipPosition":[-31.6334,251.78,-1.2114],"carpPosition":[-15.4118,292.827,85.1892],"dipPosition":[-21.586,264.99,1.49658],"direction":[-0.526776,-0.773616,-0.352172],"extended":false,"handId":942,"id":9424,"length":49.2784,"mcpPosition":[-0.19971,302.477,31.5639],"pipPosition":[-11.5342,279.752,8.21658],"stabilizedTipPosition":[-29.1643,257.192,9.90866],"timeVisible":0.867663,"tipPosition":[-28.451,255.411,-1.76524],"tipVelocity":[-4.71069,-28.036,-113.956],"tool":false,"touchDistance":-0.431896,"touchZone":"touching","type":4,"width":15.6657}],"r":[[0.886418,-0.124495,0.44583],[0.210464,0.966236,-0.148639],[-0.412272,0.225587,0.88269]],"s":0.591817,"t":[31.2178,43.0945,-204.461],"timestamp":607623296006},false],[2,{"currentFrameRate":102.219,"devices":[],"gestures":[],"hands":[{"armBasis":[[0.857473,0.132764,-0.497106],[0.204941,0.798063,0.566652],[0.471953,-0.587766,0.657109]],"armWidth":62.1654,"confidence":0.794493,"direction":[0.041579,0.332345,-0.942241],"elbow":[93.4434,136.927,265.457],"grabStrength":0,"id":942,"palmNormal":[-0.223454,-0.916076,-0.332977],"palmPosition":[-36.8683,307.069,41.5924],"palmVelocity":[2.95281,-8.86608,-130.389],"palmWidth":88.77,"pinchStrength":0.903593,"r":[[0.885901,-0.12381,0.447045],[0.211784,0.965373,-0.152325],[-0.412706,0.229622,0.881446]],"s":0.593811,"sphereCenter":[-57.5956,273.003,9.43149],"sphereRadius":48.1027,"stabilizedPalmPosition":[-56.5836,272.679,229.419],"t":[31.2409,42.9836,-205.628],"timeVisible":0.876884,"type":"right","wrist":[-30.8749,291.752,92.3663]}],"id":4496998,"interactionBox":{"center":[0,200,0],"size":[235.247,235.247,147.751]},"pointables":[{"bases":[[[0.599842,0.793919,0.0994054],[-0.700025,0.460569,0.545748],[0.387497,-0.396949,0.832032]],[[0.41279,0.884589,-0.217042],[-0.880463,0.448549,0.153588],[0.233216,0.127697,0.964004]],[[0.41279,0.884589,-0.217042],[-0.910317,0.392709,-0.130779],[-0.0304513,0.251561,0.967362]],[[0.41279,0.884589,-0.217042],[-0.833576,0.27086,-0.481441],[-0.36709,0.379655,0.84918]]],"btipPosition":[-62.4158,263.976,-5.50413],"carpPosition":[-60.4528,287.232,93.0097],"dipPosition":[-70.7974,272.645,13.8849],"direction":[0.0304513,-0.251561,-0.967362],"extended":false,"handId":942,"id":9420,"length":50.8448,"mcpPosition":[-60.4528,287.232,93.0097],"pipPosition":[-71.8103,281.013,46.0629],"stabilizedTipPosition":[-117.169,238.122,197.124],"timeVisible":0.876884,"tipPosition":[-64.4936,266.264,-1.41231],"tipVelocity":[-21.1483,-18.8834,-103.367],"tool":false,"touchDistance":-0.479255,"touchZone":"touching","type":0,"width":19.7559},{"bases":[[[0.966984,-0.165405,-0.193865],[0.202807,0.96013,0.192406],[0.15431,-0.225371,0.961975]],[[0.974446,-0.178509,-0.13634],[0.186279,0.981399,0.0464289],[0.125516,-0.0706397,0.989574]],[[0.974446,-0.178509,-0.13634],[0.173019,0.983586,-0.0512059],[0.143243,0.026308,0.989338]],[[0.974446,-0.178509,-0.13634],[0.161757,0.978823,-0.125463],[0.155849,0.100203,0.982685]]],"btipPosition":[-70.4054,323.257,-60.9915],"carpPosition":[-48.0934,306.411,89.2406],"dipPosition":[-67.8076,324.927,-44.6113],"direction":[-0.143243,-0.026308,-0.989338],"extended":true,"handId":942,"id":9421,"length":57.3727,"mcpPosition":[-59.169,322.587,20.1951],"pipPosition":[-64.4299,325.547,-21.2821],"stabilizedTipPosition":[-103.563,294.616,122.126],"timeVisible":0.876884,"tipPosition":[-69.1171,323.057,-57.2759],"tipVelocity":[-2.46039,-34.5988,-136.863],"tool":false,"touchDistance":-0.520615,"touchZone":"touching","type":1,"width":18.8709},{"bases":[[[0.930104,-0.355572,-0.092057],[0.366706,0.913163,0.177934],[0.0207947,-0.199255,0.979727]],[[0.929253,-0.368748,-0.0226841],[0.246246,0.663978,-0.706043],[0.275413,0.650506,0.707806]],[[0.929253,-0.368748,-0.0226841],[0.104972,0.322405,-0.940763],[0.354218,0.871826,0.338304]],[[0.929253,-0.368748,-0.0226841],[0.0169214,0.103818,-0.994452],[0.369057,0.923714,0.102713]]],"btipPosition":[-67.3136,248.02,-24.5352],"carpPosition":[-36.354,306.169,86.7034],"dipPosition":[-60.5474,264.955,-22.6521],"direction":[-0.354218,-0.871826,-0.338304],"extended":false,"handId":942,"id":9422,"length":65.3716,"mcpPosition":[-37.7694,319.732,20.0175],"pipPosition":[-50.7205,289.142,-13.2666],"stabilizedTipPosition":[-65.9704,260.001,-6.52868],"timeVisible":0.876884,"tipPosition":[-65.6632,252.38,-22.2515],"tipVelocity":[-10.6651,-48.6106,-91.4523],"tool":false,"touchDistance":-0.45284,"touchZone":"touching","type":2,"width":18.5337},{"bases":[[[0.892719,-0.448838,0.0399715],[0.432697,0.878608,0.202043],[-0.125804,-0.163072,0.978561]],[[0.875303,-0.463091,0.13925],[0.409754,0.55735,-0.722124],[0.256798,0.689136,0.677603]],[[0.875303,-0.463091,0.13925],[0.276584,0.243222,-0.929701],[0.396668,0.852285,0.340977]],[[0.875303,-0.463091,0.13925],[0.185716,0.0560438,-0.981004],[0.44649,0.884537,0.135059]]],"btipPosition":[-47.3203,243.659,-16.0374],"carpPosition":[-24.9556,302.89,84.9776],"dipPosition":[-39.1816,259.783,-13.5755],"direction":[-0.396668,-0.852285,-0.340977],"extended":false,"handId":942,"id":9423,"length":62.8565,"mcpPosition":[-17.2675,312.856,25.1761],"pipPosition":[-28.4612,282.816,-4.36026],"stabilizedTipPosition":[-49.0547,255.185,14.294],"timeVisible":0.876884,"tipPosition":[-45.0868,248.308,-16.7647],"tipVelocity":[-11.4509,-38.6414,-95.2179],"tool":false,"touchDistance":-0.423814,"touchZone":"touching","type":3,"width":17.636},{"bases":[[[0.78831,-0.603655,0.119024],[0.553454,0.78022,0.291455],[-0.268803,-0.163883,0.949151]],[[0.746006,-0.619989,0.243082],[0.577866,0.421259,-0.699008],[0.330977,0.661933,0.672532]],[[0.746006,-0.619989,0.243082],[0.403006,0.129717,-0.905958],[0.530152,0.773814,0.346629]],[[0.746006,-0.619989,0.243082],[0.286717,-0.0304286,-0.957532],[0.601056,0.78402,0.155062]]],"btipPosition":[-31.8245,251.337,-1.8349],"carpPosition":[-15.3897,292.85,84.2808],"dipPosition":[-21.717,264.521,0.772653],"direction":[-0.530152,-0.773813,-0.346629],"extended":false,"handId":942,"id":9424,"length":49.2784,"mcpPosition":[-0.183322,302.121,30.5869],"pipPosition":[-11.6009,279.287,7.38688],"stabilizedTipPosition":[-29.1667,257.172,9.82913],"timeVisible":0.876884,"tipPosition":[-28.6542,254.942,-2.39548],"tipVelocity":[-8.77945,-33.8341,-101.671],"tool":false,"touchDistance":-0.426738,"touchZone":"touching","type":4,"width":15.6657}],"r":[[0.885901,-0.12381,0.447045],[0.211784,0.965373,-0.152325],[-0.412706,0.229622,0.881446]],"s":0.593811,"t":[31.2409,42.9836,-205.628],"timestamp":607623305227},false],[3,{"currentFrameRate":102.672,"devices":[],"gestures":[],"hands":[{"armBasis":[[0.858374,0.131798,-0.495806],[0.203535,0.799636,0.564939],[0.470922,-0.585843,0.659561]],"armWidth":62.1654,"confidence":0.804918,"direction":[0.0418725,0.331964,-0.942362],"elbow":[93.1152,137.085,264.372],"grabStrength":0,"id":942,"palmNormal":[-0.221891,-0.916545,-0.332729],"palmPosition":[-36.9055,306.687,39.8499],"palmVelocity":[1.01662,-18.1271,-148.281],"palmWidth":88.77,"pinchStrength":0.904483,"r":[[0.88545,-0.122967,0.448171],[0.212594,0.964716,-0.155327],[-0.413257,0.232813,0.88035]],"s":0.595536,"sphereCenter":[-57.6903,272.656,7.69323],"sphereRadius":48.1239,"stabilizedPalmPosition":[-56.5836,272.679,229.419],"t":[31.2339,42.7373,-207.083],"timeVisible":0.885759,"type":"right","wrist":[-30.9315,291.403,90.6359]}],"id":4496999,"interactionBox":{"center":[0,200,0],"size":[235.247,235.247,147.751]},"pointables":[{"bases":[[[0.59864,0.794812,0.0995192],[-0.701116,0.459835,0.544966],[0.387383,-0.396013,0.832531]],[[0.411705,0.885071,-0.217139],[-0.880944,0.447523,0.153822],[0.233318,0.127958,0.963945]],[[0.411705,0.885071,-0.217139],[-0.910772,0.391364,-0.131639],[-0.0315296,0.25196,0.967224]],[[0.411705,0.885071,-0.217139],[-0.833255,0.269111,-0.482976],[-0.369033,0.379775,0.848284]]],"btipPosition":[-62.3912,263.557,-7.2284],"carpPosition":[-60.5035,286.841,91.2574],"dipPosition":[-70.8172,272.228,12.1401],"direction":[0.0315296,-0.25196,-0.967224],"extended":false,"handId":942,"id":9420,"length":50.8448,"mcpPosition":[-60.5035,286.841,91.2574],"pipPosition":[-71.866,280.609,44.3136],"stabilizedTipPosition":[-117.168,238.122,197.122],"timeVisible":0.885759,"tipPosition":[-64.4582,265.828,-3.13533],"tipVelocity":[-14.9704,-26.5694,-128.18],"tool":false,"touchDistance":-0.485598,"touchZone":"touching","type":0,"width":19.7559},{"bases":[[[0.967373,-0.16413,-0.193005],[0.201296,0.960505,0.192121],[0.15385,-0.224704,0.962205]],[[0.974713,-0.176988,-0.136416],[0.184927,0.981589,0.047802],[0.125444,-0.0718202,0.989498]],[[0.974713,-0.176988,-0.136416],[0.171513,0.983862,-0.0509845],[0.143238,0.0262981,0.989339]],[[0.974713,-0.176988,-0.136416],[0.16011,0.979004,-0.12616],[0.155881,0.101128,0.982586]]],"btipPosition":[-70.4445,322.868,-62.7543],"carpPosition":[-48.1681,306.035,87.4893],"dipPosition":[-67.8462,324.554,-46.3759],"direction":[-0.143238,-0.0262981,-0.989339],"extended":true,"handId":942,"id":9421,"length":57.3727,"mcpPosition":[-59.2107,322.163,18.4274],"pipPosition":[-64.4685,325.174,-23.0466],"stabilizedTipPosition":[-103.563,294.616,122.125],"timeVisible":0.885759,"tipPosition":[-69.1663,322.667,-59.0402],"tipVelocity":[-2.98438,-36.989,-153.635],"tool":false,"touchDistance":-0.523336,"touchZone":"touching","type":1,"width":18.8709},{"bases":[[[0.930679,-0.354301,-0.0911386],[0.365273,0.913762,0.177803],[0.020283,-0.198768,0.979837]],[[0.92972,-0.367708,-0.0202688],[0.246234,0.661624,-0.708253],[0.273841,0.653486,0.705668]],[[0.92972,-0.367708,-0.0202688],[0.10612,0.320208,-0.941385],[0.352645,0.873074,0.336725]],[[0.92972,-0.367708,-0.0202688],[0.0187986,0.102354,-0.99457],[0.367786,0.924291,0.102073]]],"btipPosition":[-67.2102,247.442,-26.1281],"carpPosition":[-36.4263,305.809,84.9618],"dipPosition":[-60.4674,264.387,-24.2568],"direction":[-0.352645,-0.873074,-0.336725],"extended":false,"handId":942,"id":9422,"length":65.3716,"mcpPosition":[-37.8069,319.339,18.2685],"pipPosition":[-50.6841,288.609,-14.9152],"stabilizedTipPosition":[-65.968,259.934,-6.6772],"timeVisible":0.885759,"tipPosition":[-65.5761,251.822,-24.0214],"tipVelocity":[-4.77566,-53.0265,-115.423],"tool":false,"touchDistance":-0.459825,"touchZone":"touching","type":2,"width":18.5337},{"bases":[[[0.893319,-0.447559,0.0409033],[0.431293,0.879312,0.201982],[-0.126366,-0.162793,0.978535]],[[0.87565,-0.461893,0.141035],[0.410227,0.557272,-0.721915],[0.254853,0.690001,0.677457]],[[0.87565,-0.461893,0.141035],[0.277012,0.241155,-0.930112],[0.395601,0.853522,0.339117]],[[0.87565,-0.461893,0.141035],[0.185895,0.0528326,-0.981148],[0.445734,0.885361,0.132127]]],"btipPosition":[-47.2249,243.211,-17.6566],"carpPosition":[-25.0219,302.545,83.2468],"dipPosition":[-39.1,259.35,-15.2482],"direction":[-0.395601,-0.853522,-0.339117],"extended":false,"handId":942,"id":9423,"length":62.8565,"mcpPosition":[-17.2995,312.494,23.4469],"pipPosition":[-28.4084,282.417,-6.08315],"stabilizedTipPosition":[-49.0388,255.15,14.1592],"timeVisible":0.885759,"tipPosition":[-45.0103,247.834,-18.3756],"tipVelocity":[-5.52458,-41.7406,-119.261],"tool":false,"touchDistance":-0.434238,"touchZone":"touching","type":3,"width":17.636},{"bases":[[[0.789065,-0.602486,0.119944],[0.552116,0.781136,0.291538],[-0.26934,-0.163819,0.94901]],[[0.745872,-0.619001,0.245992],[0.579751,0.421459,-0.697324],[0.327969,0.662729,0.673221]],[[0.745872,-0.619001,0.245992],[0.405224,0.128579,-0.90513],[0.528647,0.774793,0.346738]],[[0.745872,-0.619001,0.245992],[0.288702,-0.0323883,-0.956871],[0.600272,0.784722,0.154549]]],"btipPosition":[-31.7002,250.944,-3.56256],"carpPosition":[-15.4413,292.519,82.5624],"dipPosition":[-21.6058,264.14,-0.963624],"direction":[-0.528647,-0.774793,-0.346738],"extended":false,"handId":942,"id":9424,"length":49.2784,"mcpPosition":[-0.204603,301.786,28.8765],"pipPosition":[-11.5184,278.924,5.65269],"stabilizedTipPosition":[-29.1679,257.154,9.75664],"timeVisible":0.885759,"tipPosition":[-28.5783,254.533,-4.07944],"tipVelocity":[-2.68755,-36.5833,-126.965],"tool":false,"touchDistance":-0.438342,"touchZone":"touching","type":4,"width":15.6657}],"r":[[0.88545,-0.122967,0.448171],[0.212594,0.964716,-0.155327],[-0.413257,0.232813,0.88035]],"s":0.595536,"t":[31.2339,42.7373,-207.083],"timestamp":607623314102},false],[4,{"currentFrameRate":103.025,"devices":[],"gestures":[],"hands":[{"armBasis":[[0.858529,0.129957,-0.496023],[0.202896,0.802301,0.561379],[0.470915,-0.582601,0.662431]],"armWidth":62.1654,"confidence":0.806494,"direction":[0.0430843,0.329696,-0.943104],"elbow":[93.0739,137.706,263.443],"grabStrength":0,"id":942,"palmNormal":[-0.221319,-0.917377,-0.330813],"palmPosition":[-36.8792,306.332,38.1198],"palmVelocity":[1.53765,-23.9658,-160.177],"palmWidth":88.77,"pinchStrength":0.904492,"r":[[0.884973,-0.122047,0.449364],[0.213258,0.964113,-0.158135],[-0.413937,0.235776,0.879241]],"s":0.597088,"sphereCenter":[-57.742,272.298,6.0147],"sphereRadius":48.1518,"stabilizedPalmPosition":[-56.5836,272.679,229.419],"t":[31.2435,42.4365,-208.676],"timeVisible":0.894796,"type":"right","wrist":[-30.9709,291.171,88.9504]}],"id":4497000,"interactionBox":{"center":[0,200,0],"size":[235.247,235.247,147.751]},"pointables":[{"bases":[[[0.598397,0.795135,0.0984003],[-0.701907,0.461048,0.542919],[0.386327,-0.393949,0.834]],[[0.411755,0.884617,-0.218886],[-0.880895,0.447889,0.153036],[0.233415,0.129802,0.963675]],[[0.411755,0.884617,-0.218886],[-0.910698,0.39075,-0.133952],[-0.0329662,0.254494,0.966512]],[[0.411755,0.884617,-0.218886],[-0.832306,0.267241,-0.485643],[-0.371113,0.382146,0.84631]]],"btipPosition":[-62.3402,263.094,-8.86049],"carpPosition":[-60.543,286.606,89.5434],"dipPosition":[-70.8137,271.819,10.463],"direction":[0.0329662,-0.254494,-0.966512],"extended":false,"handId":942,"id":9420,"length":50.8448,"mcpPosition":[-60.543,286.606,89.5434],"pipPosition":[-71.9103,280.285,42.6128],"stabilizedTipPosition":[-117.167,238.123,197.119],"timeVisible":0.894796,"tipPosition":[-64.394,265.364,-4.77537],"tipVelocity":[-9.62502,-32.9793,-142.94],"tool":false,"touchDistance":-0.490008,"touchZone":"touching","type":0,"width":19.7559},{"bases":[[[0.967652,-0.164458,-0.191318],[0.200906,0.960994,0.190072],[0.152596,-0.22236,0.962949]],[[0.974798,-0.176911,-0.135907],[0.184798,0.981619,0.0476913],[0.124972,-0.0716048,0.989573]],[[0.974798,-0.176911,-0.135907],[0.17126,0.983837,-0.0522972],[0.142962,0.0277037,0.98934]],[[0.974798,-0.176911,-0.135907],[0.159726,0.978771,-0.128431],[0.155743,0.103486,0.982362]]],"btipPosition":[-70.3632,322.376,-64.551],"carpPosition":[-48.2054,305.793,85.7455],"dipPosition":[-67.7671,324.101,-48.1763],"direction":[-0.142962,-0.0277037,-0.98934],"extended":true,"handId":942,"id":9421,"length":57.3727,"mcpPosition":[-59.1579,321.753,16.6302],"pipPosition":[-64.396,324.755,-24.8469],"stabilizedTipPosition":[-103.562,294.616,122.124],"timeVisible":0.894796,"tipPosition":[-69.0944,322.173,-60.8377],"tipVelocity":[0.302393,-41.5128,-166.109],"tool":false,"touchDistance":-0.526299,"touchZone":"touching","type":1,"width":18.8709},{"bases":[[[0.93085,-0.354388,-0.0890414],[0.364908,0.914241,0.176086],[0.0190025,-0.196401,0.980339]],[[0.929752,-0.367784,-0.0172142],[0.247492,0.658904,-0.710347],[0.272597,0.656186,0.703641]],[[0.929752,-0.367784,-0.0172142],[0.107939,0.316972,-0.942273],[0.352009,0.874222,0.334404]],[[0.929752,-0.367784,-0.0172142],[0.0208435,0.0992559,-0.994844],[0.367596,0.924599,0.0999493]]],"btipPosition":[-67.0773,246.87,-27.6913],"carpPosition":[-36.4602,305.563,83.2342],"dipPosition":[-60.3379,263.821,-25.8589],"direction":[-0.352009,-0.874222,-0.334404],"extended":false,"handId":942,"id":9422,"length":65.3716,"mcpPosition":[-37.7536,318.931,16.5067],"pipPosition":[-50.5723,288.074,-16.5816],"stabilizedTipPosition":[-65.9647,259.867,-6.82871],"timeVisible":0.894796,"tipPosition":[-65.4545,251.255,-25.6913],"tipVelocity":[0.569365,-55.8164,-131.553],"tool":false,"touchDistance":-0.465757,"touchZone":"touching","type":2,"width":18.5337},{"bases":[[[0.893325,-0.447332,0.0431751],[0.430901,0.879858,0.200436],[-0.127649,-0.16045,0.978755]],[[0.875425,-0.46148,0.143765],[0.411576,0.555727,-0.722338],[0.25345,0.691523,0.676432]],[[0.875425,-0.46148,0.143765],[0.278531,0.238545,-0.930332],[0.395035,0.854478,0.337364]],[[0.875425,-0.46148,0.143765],[0.187312,0.0497043,-0.981042],[0.445585,0.885757,0.129953]]],"btipPosition":[-47.0984,242.72,-19.2428],"carpPosition":[-25.053,302.297,81.5423],"dipPosition":[-38.9762,258.866,-16.874],"direction":[-0.395035,-0.854478,-0.337364],"extended":false,"handId":942,"id":9423,"length":62.8565,"mcpPosition":[-17.2522,312.102,21.7289],"pipPosition":[-28.2999,281.959,-7.75639],"stabilizedTipPosition":[-49.024,255.116,14.032],"timeVisible":0.894796,"tipPosition":[-44.8951,247.323,-19.9502],"tipVelocity":[-0.163694,-45.1744,-135.043],"tool":false,"touchDistance":-0.443078,"touchZone":"touching","type":3,"width":17.636},{"bases":[[[0.788988,-0.602083,0.12245],[0.551618,0.781915,0.290389],[-0.270584,-0.161568,0.949042]],[[0.745049,-0.618422,0.249911],[0.58178,0.419253,-0.696964],[0.326242,0.664666,0.67215]],[[0.745049,-0.618422,0.249911],[0.407154,0.124891,-0.904781],[0.528325,0.775858,0.344843]],[[0.745049,-0.618422,0.249911],[0.290274,-0.0367166,-0.956239],[0.600535,0.784988,0.152156]]],"btipPosition":[-31.5973,250.476,-5.11854],"carpPosition":[-15.4701,292.269,80.8949],"dipPosition":[-21.4985,263.676,-2.55984],"direction":[-0.528325,-0.775858,-0.344843],"extended":false,"handId":942,"id":9424,"length":49.2784,"mcpPosition":[-0.16303,301.409,27.2071],"pipPosition":[-11.4172,278.481,4.02031],"stabilizedTipPosition":[-29.1684,257.136,9.68805],"timeVisible":0.894796,"tipPosition":[-28.4987,254.054,-5.62716],"tipVelocity":[1.22049,-40.7454,-139.705],"tool":false,"touchDistance":-0.44632,"touchZone":"touching","type":4,"width":15.6657}],"r":[[0.884973,-0.122047,0.449364],[0.213258,0.964113,-0.158135],[-0.413937,0.235776,0.879241]],"s":0.597088,"t":[31.2435,42.4365,-208.676],"timestamp":607623323139},false],[5,{"currentFrameRate":103.364,"devices":[],"gestures":[],"hands":[{"armBasis":[[0.859521,0.130646,-0.49412],[0.19999,0.803722,0.560388],[0.470348,-0.580485,0.664688]],"armWidth":62.1654,"confidence":0.811236,"direction":[0.0441026,0.329466,-0.943137],"elbow":[92.8561,138.061,262.724],"grabStrength":0,"id":942,"palmNormal":[-0.218449,-0.91803,-0.33091],"palmPosition":[-36.8865,306.097,36.7894],"palmVelocity":[0.891233,-24.5297,-156.621],"palmWidth":88.77,"pinchStrength":0.903273,"r":[[0.884475,-0.120846,0.450666],[0.213384,0.963717,-0.160367],[-0.414935,0.238005,0.87817]],"s":0.598488,"sphereCenter":[-57.7489,272.062,4.65274],"sphereRadius":48.1956,"stabilizedPalmPosition":[-56.5836,272.679,229.419],"t":[31.2446,42.1686,-210.137],"timeVisible":0.90383,"type":"right","wrist":[-31.0395,290.968,87.6367]}],"id":4497001,"interactionBox":{"center":[0,200,0],"size":[235.247,235.247,147.751]},"pointables":[{"bases":[[[0.59627,0.796623,0.0992693],[-0.704073,0.459531,0.541399],[0.385673,-0.392712,0.834885]],[[0.409976,0.885544,-0.218475],[-0.881923,0.445974,0.152705],[0.232661,0.130073,0.96382]],[[0.409976,0.885544,-0.218475],[-0.911398,0.388367,-0.136102],[-0.0356759,0.254917,0.966305]],[[0.409976,0.885544,-0.218475],[-0.831443,0.264364,-0.488686],[-0.374996,0.381999,0.844662]]],"btipPosition":[-62.1832,262.796,-10.1922],"carpPosition":[-60.6015,286.332,88.1743],"dipPosition":[-70.7453,271.518,9.09367],"direction":[0.0356759,-0.254917,-0.966305],"extended":false,"handId":942,"id":9420,"length":50.8448,"mcpPosition":[-60.6015,286.332,88.1743],"pipPosition":[-71.932,279.997,41.2366],"stabilizedTipPosition":[-117.167,238.123,197.117],"timeVisible":0.90383,"tipPosition":[-64.2384,265.05,-6.11442],"tipVelocity":[-2.80751,-33.0111,-144.434],"tool":false,"touchDistance":-0.489446,"touchZone":"touching","type":0,"width":19.7559},{"bases":[[[0.968417,-0.162171,-0.189391],[0.198201,0.961547,0.190114],[0.151278,-0.221647,0.963321]],[[0.975359,-0.174307,-0.135247],[0.182334,0.981998,0.049333],[0.124213,-0.0727775,0.989583]],[[0.975359,-0.174307,-0.135247],[0.16873,0.984303,-0.0517499],[0.142144,0.0276546,0.98946]],[[0.975359,-0.174307,-0.135247],[0.15713,0.979148,-0.128761],[0.154871,0.104337,0.98241]]],"btipPosition":[-70.3008,322.116,-65.9339],"carpPosition":[-48.3032,305.548,84.3934],"dipPosition":[-67.7193,323.855,-49.5584],"direction":[-0.142144,-0.0276546,-0.98946],"extended":true,"handId":942,"id":9421,"length":57.3727,"mcpPosition":[-59.1611,321.456,15.2513],"pipPosition":[-64.3674,324.507,-26.2262],"stabilizedTipPosition":[-103.562,294.617,122.123],"timeVisible":0.90383,"tipPosition":[-69.0374,321.913,-62.2217],"tipVelocity":[2.01906,-37.9282,-162.515],"tool":false,"touchDistance":-0.522743,"touchZone":"touching","type":1,"width":18.8709},{"bases":[[[0.931879,-0.352154,-0.0871182],[0.362343,0.915188,0.176462],[0.0175879,-0.196007,0.980445]],[[0.93064,-0.365646,-0.0145969],[0.247826,0.659109,-0.71004],[0.269244,0.657174,0.70401]],[[0.93064,-0.365646,-0.0145969],[0.109767,0.316986,-0.942057],[0.349086,0.875113,0.335136]],[[0.93064,-0.365646,-0.0145969],[0.0233648,0.0991809,-0.994795],[0.365191,0.925455,0.100845]]],"btipPosition":[-66.7907,246.538,-29.082],"carpPosition":[-36.5527,305.345,81.9048],"dipPosition":[-60.0954,263.505,-27.2331],"direction":[-0.349086,-0.875113,-0.335136],"extended":false,"handId":942,"id":9422,"length":65.3716,"mcpPosition":[-37.7498,318.686,15.1701],"pipPosition":[-50.4109,287.783,-17.9356],"stabilizedTipPosition":[-65.9601,259.805,-6.9714],"timeVisible":0.90383,"tipPosition":[-65.1922,250.916,-27.1082],"tipVelocity":[8.84223,-50.4445,-137.604],"tool":false,"touchDistance":-0.468318,"touchZone":"touching","type":2,"width":18.5337},{"bases":[[[0.894326,-0.445141,0.045059],[0.428372,0.880975,0.200951],[-0.129147,-0.160414,0.978564]],[[0.876171,-0.459346,0.146032],[0.412035,0.55658,-0.721419],[0.250102,0.692257,0.676926]],[[0.876171,-0.459346,0.146032],[0.279911,0.238255,-0.929992],[0.392395,0.855708,0.337328]],[[0.876171,-0.459346,0.146032],[0.188988,0.0486819,-0.980772],[0.443404,0.886922,0.129465]]],"btipPosition":[-46.8312,242.44,-20.5491],"carpPosition":[-25.1344,302.106,80.2361],"dipPosition":[-38.7487,258.607,-18.1892],"direction":[-0.392395,-0.855708,-0.337328],"extended":false,"handId":942,"id":9423,"length":62.8565,"mcpPosition":[-17.242,311.909,20.4343],"pipPosition":[-28.1438,281.734,-9.07253],"stabilizedTipPosition":[-49.0105,255.086,13.9184],"timeVisible":0.90383,"tipPosition":[-44.6474,247.031,-21.2398],"tipVelocity":[7.75046,-41.1062,-137.736],"tool":false,"touchDistance":-0.446728,"touchZone":"touching","type":3,"width":17.636},{"bases":[[[0.790212,-0.600118,0.124188],[0.549153,0.783358,0.291172],[-0.272021,-0.16189,0.948576]],[[0.745284,-0.616682,0.253484],[0.584008,0.420353,-0.694433],[0.321691,0.665587,0.67343]],[[0.745284,-0.616682,0.253484],[0.410183,0.124348,-0.903486],[0.525643,0.777329,0.345628]],[[0.745284,-0.616682,0.253484],[0.293208,-0.0383102,-0.955281],[0.598815,0.78628,0.152264]]],"btipPosition":[-31.3347,250.244,-6.43729],"carpPosition":[-15.5259,292.102,79.6107],"dipPosition":[-21.2648,263.467,-3.87677],"direction":[-0.525643,-0.777329,-0.345628],"extended":false,"handId":942,"id":9424,"length":49.2784,"mcpPosition":[-0.137479,301.26,25.9493],"pipPosition":[-11.2347,278.299,2.71836],"stabilizedTipPosition":[-29.1678,257.121,9.62708],"timeVisible":0.90383,"tipPosition":[-28.2875,253.808,-6.8978],"tipVelocity":[8.68939,-36.4161,-141.42],"tool":false,"touchDistance":-0.449796,"touchZone":"touching","type":4,"width":15.6657}],"r":[[0.884475,-0.120846,0.450666],[0.213384,0.963717,-0.160367],[-0.414935,0.238005,0.87817]],"s":0.598488,"t":[31.2446,42.1686,-210.137],"timestamp":607623332173},false],[6,{"currentFrameRate":103.682,"devices":[],"gestures":[],"hands":[{"armBasis":[[0.859518,0.127669,-0.494903],[0.200905,0.805963,0.556831],[0.469964,-0.578035,0.66709]],"armWidth":62.1654,"confidence":0.813953,"direction":[0.045121,0.327006,-0.943945],"elbow":[92.727,138.595,262.258],"grabStrength":0,"id":942,"palmNormal":[-0.21946,-0.918579,-0.328709],"palmPosition":[-36.8629,305.864,35.6493],"palmVelocity":[1.36309,-24.871,-148.191],"palmWidth":88.77,"pinchStrength":0.903029,"r":[[0.883989,-0.119886,0.451876],[0.213762,0.963256,-0.162615],[-0.415777,0.240343,0.877134]],"s":0.599817,"sphereCenter":[-57.9265,271.868,3.58442],"sphereRadius":48.2346,"stabilizedPalmPosition":[-56.5836,272.679,229.419],"t":[31.257,41.9181,-211.438],"timeVisible":0.912875,"type":"right","wrist":[-31.0674,290.857,86.5385]}],"id":4497002,"interactionBox":{"center":[0,200,0],"size":[235.247,235.247,147.751]},"pointables":[{"bases":[[[0.597263,0.796083,0.0976122],[-0.703798,0.461839,0.539791],[0.384637,-0.391096,0.836121]],[[0.411262,0.884444,-0.220503],[-0.881118,0.447692,0.152325],[0.23344,0.131643,0.963419]],[[0.411262,0.884444,-0.220503],[-0.910803,0.389164,-0.137799],[-0.036064,0.257506,0.965603]],[[0.411262,0.884444,-0.220503],[-0.83046,0.263838,-0.490639],[-0.375766,0.3849,0.843002]]],"btipPosition":[-62.225,262.496,-11.2161],"carpPosition":[-60.6358,286.261,87.0696],"dipPosition":[-70.8047,271.284,8.03185],"direction":[0.036064,-0.257506,-0.965603],"extended":false,"handId":942,"id":9420,"length":50.8448,"mcpPosition":[-60.6358,286.261,87.0696],"pipPosition":[-72.0043,279.85,40.1514],"stabilizedTipPosition":[-117.166,238.123,197.114],"timeVisible":0.912875,"tipPosition":[-64.2648,264.749,-7.1432],"tipVelocity":[-3.43048,-32.5796,-136.088],"tool":false,"touchDistance":-0.484324,"touchZone":"touching","type":0,"width":19.7559},{"bases":[[[0.968318,-0.163934,-0.188377],[0.199357,0.961765,0.18779],[0.15039,-0.219395,0.963976]],[[0.97507,-0.175636,-0.13561],[0.183628,0.981786,0.0487622],[0.124575,-0.0724482,0.989562]],[[0.97507,-0.175636,-0.13561],[0.169853,0.984033,-0.053194],[0.142787,0.0288342,0.989333]],[[0.97507,-0.175636,-0.13561],[0.158086,0.97871,-0.130905],[0.155714,0.106204,0.982076]]],"btipPosition":[-70.288,321.784,-67.1174],"carpPosition":[-48.3098,305.451,83.2474],"dipPosition":[-67.6924,323.555,-50.7474],"direction":[-0.142787,-0.0288342,-0.989333],"extended":true,"handId":942,"id":9421,"length":57.3727,"mcpPosition":[-59.1039,321.198,14.0584],"pipPosition":[-64.3254,324.235,-27.4183],"stabilizedTipPosition":[-103.562,294.617,122.122],"timeVisible":0.912875,"tipPosition":[-69.0262,321.577,-63.4069],"tipVelocity":[1.95132,-37.3489,-153.821],"tool":false,"touchDistance":-0.516574,"touchZone":"touching","type":1,"width":18.8709},{"bases":[[[0.931465,-0.353607,-0.0856436],[0.363446,0.915154,0.174357],[0.0167232,-0.193535,0.980951]],[[0.930124,-0.367037,-0.0123566],[0.249563,0.656397,-0.711942],[0.26942,0.659111,0.70213]],[[0.930124,-0.367037,-0.0123566],[0.111275,0.313732,-0.942969],[0.349981,0.875703,0.332652]],[[0.930124,-0.367037,-0.0123566],[0.0246385,0.0959377,-0.995082],[0.366418,0.925246,0.0982772]]],"btipPosition":[-66.7927,246.148,-30.0501],"carpPosition":[-36.558,305.226,80.7667],"dipPosition":[-60.075,263.111,-28.2484],"direction":[-0.349981,-0.875703,-0.332652],"extended":false,"handId":942,"id":9422,"length":65.3716,"mcpPosition":[-37.6963,318.399,13.9975],"pipPosition":[-50.3656,287.405,-19.0198],"stabilizedTipPosition":[-65.9559,259.747,-7.10512],"timeVisible":0.912875,"tipPosition":[-65.1966,250.525,-28.1503],"tipVelocity":[6.50041,-48.4698,-129.507],"tool":false,"touchDistance":-0.464505,"touchZone":"touching","type":2,"width":18.5337},{"bases":[[[0.893707,-0.446208,0.0467464],[0.429414,0.880916,0.198975],[-0.129964,-0.157752,0.978889]],[[0.875352,-0.460191,0.148267],[0.413835,0.554581,-0.721928],[0.249999,0.693299,0.675897]],[[0.875352,-0.460191,0.148267],[0.281174,0.235066,-0.930422],[0.39332,0.856136,0.335159]],[[0.875352,-0.460191,0.148267],[0.189718,0.0448672,-0.980813],[0.444709,0.886685,0.126581]]],"btipPosition":[-46.8341,242.087,-21.5357],"carpPosition":[-25.143,301.968,79.1133],"dipPosition":[-38.7279,258.25,-19.2284],"direction":[-0.39332,-0.856136,-0.335159],"extended":false,"handId":942,"id":9423,"length":62.8565,"mcpPosition":[-17.2007,311.608,19.2917],"pipPosition":[-28.098,281.388,-10.1703],"stabilizedTipPosition":[-48.9986,255.059,13.8155],"timeVisible":0.912875,"tipPosition":[-44.6596,246.649,-22.2089],"tipVelocity":[5.69042,-40.5743,-130.203],"tool":false,"touchDistance":-0.445369,"touchZone":"touching","type":3,"width":17.636},{"bases":[[[0.78934,-0.600845,0.126205],[0.55001,0.783369,0.289519],[-0.272821,-0.159115,0.948816]],[[0.743298,-0.617218,0.257973],[0.586718,0.416241,-0.694626],[0.321357,0.667671,0.671524]],[[0.743298,-0.617218,0.257973],[0.412099,0.118705,-0.903373],[0.526956,0.777786,0.342588]],[[0.743298,-0.617218,0.257973],[0.294411,-0.0444537,-0.954645],[0.600692,0.785535,0.148673]]],"btipPosition":[-31.3559,249.867,-7.35811],"carpPosition":[-15.5473,291.949,78.5193],"dipPosition":[-21.2545,263.077,-4.85798],"direction":[-0.526956,-0.777786,-0.342588],"extended":false,"handId":942,"id":9424,"length":49.2784,"mcpPosition":[-0.113696,300.951,24.8444],"pipPosition":[-11.1994,277.918,1.67915],"stabilizedTipPosition":[-29.1673,257.107,9.5722],"timeVisible":0.912875,"tipPosition":[-28.3308,253.417,-7.8195],"tipVelocity":[5.86647,-37.9663,-130.919],"tool":false,"touchDistance"