{"sensorType":"Leap","data":[[0,{"currentFrameRate":105.89,"devices":[],"gestures":[],"hands":[{"armBasis":[[-0.918972,-0.356259,0.169027],[-0.164874,0.736533,0.656],[0.3582,-0.574977,0.735591]],"armWidth":63.1234,"confidence":0.752464,"direction":[-0.545109,0.215879,-0.810094],"elbow":[89.9796,163.538,292.407],"grabStrength":0,"id":928,"palmNormal":[0.332438,-0.831405,-0.445254],"palmPosition":[-27.7545,329.184,47.5358],"palmVelocity":[-27.3417,4.60855,-120.697],"palmWidth":90.138,"pinchStrength":1,"r":[[0.692004,-0.626535,0.358586],[0.653575,0.332823,-0.679756],[0.306545,0.704757,0.639803]],"s":1.06502,"sphereCenter":[-20.6638,302.495,11.2715],"sphereRadius":43.6296,"stabilizedPalmPosition":[-51.1857,298.147,225.277],"t":[44.3676,79.4924,-245.187],"timeVisible":0.659726,"type":"left","wrist":[-5.82872,317.328,95.6571]}],"id":4486383,"interactionBox":{"center":[0,200,0],"size":[235.247,235.247,147.751]},"pointables":[{"bases":[[[-0.71341,0.579721,0.393662],[0.683465,0.699635,0.208294],[0.154667,-0.417653,0.895345]],[[-0.707214,0.705329,-0.0485715],[0.699762,0.688515,-0.190472],[0.100903,0.168693,0.98049]],[[-0.707214,0.705329,-0.0485715],[0.470913,0.418699,-0.776487],[0.527342,0.572015,0.628258]],[[-0.707214,0.705329,-0.0485715],[0.37349,0.314388,-0.872734],[0.600295,0.635351,0.485773]]],"btipPosition":[-15.4076,279.768,1.89913],"carpPosition":[21.3113,322.161,82.8672],"dipPosition":[-1.49009,294.498,13.1615],"direction":[-0.527342,-0.572015,-0.628258],"extended":false,"handId":928,"id":9280,"length":51.6284,"mcpPosition":[21.3113,322.161,82.8672],"pipPosition":[16.3216,313.819,34.3818],"stabilizedTipPosition":[-49.3144,257.083,214.236],"timeVisible":0.659726,"tipPosition":[-12.8423,282.762,4.83655],"tipVelocity":[-17.4719,11.1394,-119.546],"tool":false,"touchDistance":-0.490711,"touchZone":"hovering","type":0,"width":20.0604},{"bases":[[[-0.850236,-0.468503,0.240009],[-0.389305,0.866528,0.312364],[0.354318,-0.172146,0.919143]],[[-0.810406,-0.483408,0.330996],[-0.431805,0.874674,0.220203],[0.395961,-0.0355278,0.91758]],[[-0.810406,-0.483408,0.330996],[-0.485542,0.870331,0.0822916],[0.327857,0.0940229,0.940037]],[[-0.810406,-0.483408,0.330996],[-0.519898,0.853835,-0.0259171],[0.270087,0.193088,0.943276]]],"btipPosition":[-52.1524,345.002,-58.5616],"carpPosition":[2.9443,336.463,85.9523],"dipPosition":[-47.581,348.27,-42.5961],"direction":[-0.327857,-0.0940229,-0.940037],"extended":true,"handId":928,"id":9281,"length":58.2569,"mcpPosition":[-22.8786,349.009,18.9645],"pipPosition":[-39.7308,350.521,-20.0878],"stabilizedTipPosition":[-115.548,308.135,184.841],"timeVisible":0.659726,"tipPosition":[-50.8439,344.301,-54.761],"tipVelocity":[-8.24376,12.7639,-128.232],"tool":false,"touchDistance":-0.539017,"touchZone":"hovering","type":1,"width":19.1617},{"bases":[[[-0.715641,-0.628265,0.305191],[-0.519569,0.770857,0.368547],[0.466804,-0.10518,0.878084]],[[-0.703978,-0.630655,0.326633],[-0.675228,0.45173,-0.583102],[-0.220186,0.631043,0.743844]],[[-0.703978,-0.630655,0.326633],[-0.00542859,-0.455111,-0.890418],[-0.710201,0.628608,-0.316965]],[[-0.703978,-0.630655,0.326633],[0.427021,-0.743338,-0.51488],[-0.56751,0.222985,-0.792597]]],"btipPosition":[0.643331,287.65,16.3164],"carpPosition":[-8.17857,332.371,88.8389],"dipPosition":[-9.92146,291.801,1.56144],"direction":[0.710201,-0.628608,0.316965],"extended":false,"handId":928,"id":9282,"length":66.379,"mcpPosition":[-40.4416,339.641,28.1503],"pipPosition":[-29.9279,309.509,-7.36751],"stabilizedTipPosition":[-40.9613,276.458,234.702],"timeVisible":0.659726,"tipPosition":[-2.50945,288.756,11.6574],"tipVelocity":[2.2351,-7.99636,-55.0352],"tool":false,"touchDistance":0.333333,"touchZone":"none","type":2,"width":18.8193},{"bases":[[[-0.59793,-0.693206,0.402425],[-0.554225,0.720255,0.417214],[0.579064,-0.0264301,0.814854]],[[-0.583403,-0.693648,0.422485],[-0.791454,0.368768,-0.487454],[-0.182322,0.618759,0.76413]],[[-0.583403,-0.693648,0.422485],[-0.10619,-0.450573,-0.886401],[-0.805211,0.561993,-0.189207]],[[-0.583403,-0.693648,0.422485],[0.396039,-0.697111,-0.597653],[-0.709079,0.181352,-0.681409]]],"btipPosition":[-10.3296,281.01,25.5686],"carpPosition":[-17.688,325.536,92.1499],"dipPosition":[-23.454,284.366,12.9564],"direction":[0.805211,-0.561993,0.189207],"extended":false,"handId":928,"id":9283,"length":63.8252,"mcpPosition":[-53.6209,327.176,41.5854],"pipPosition":[-45.5511,299.789,7.76405],"stabilizedTipPosition":[-43.8102,259.993,229.252],"timeVisible":0.659726,"tipPosition":[-14.132,281.7,21.4457],"tipVelocity":[-10.6656,5.35387,-75.1809],"tool":false,"touchDistance":0.333333,"touchZone":"none","type":3,"width":17.9078},{"bases":[[[-0.427042,-0.80102,0.419526],[-0.587127,0.598485,0.545067],[0.687689,0.0135489,0.725879]],[[-0.507141,-0.79677,0.32858],[-0.833072,0.35546,-0.423839],[-0.220905,0.488677,0.844035]],[[-0.507141,-0.79677,0.32858],[-0.0934772,-0.328145,-0.939991],[-0.856779,0.507423,-0.091936]],[[-0.507141,-0.79677,0.32858],[0.424876,-0.562824,-0.70902],[-0.749859,0.219968,-0.62396]]],"btipPosition":[-25.3834,281.368,36.3957],"carpPosition":[-23.0236,312.852,95.221],"dipPosition":[-38.1875,285.124,25.7413],"direction":[0.856779,-0.507423,0.091936],"extended":false,"handId":928,"id":9284,"length":50.0378,"mcpPosition":[-62.5261,312.074,53.5249],"pipPosition":[-54.7882,294.956,23.96],"stabilizedTipPosition":[-54.6723,247.582,234.279],"timeVisible":0.659726,"tipPosition":[-29.0986,282.289,32.873],"tipVelocity":[-9.05596,4.18807,-75.4778],"tool":false,"touchDistance":0.333333,"touchZone":"none","type":4,"width":15.9071}],"r":[[0.692004,-0.626535,0.358586],[0.653575,0.332823,-0.679756],[0.306545,0.704757,0.639803]],"s":1.06502,"t":[44.3676,79.4924,-245.187],"timestamp":607524161994},false],[1,{"currentFrameRate":105.945,"devices":[],"gestures":[],"hands":[{"armBasis":[[-0.917967,-0.358086,0.170621],[-0.167248,0.739458,0.652096],[0.359674,-0.570067,0.738687]],"armWidth":63.1234,"confidence":0.759635,"direction":[-0.541349,0.219801,-0.811559],"elbow":[89.7536,164.616,292.221],"grabStrength":0,"id":928,"palmNormal":[0.329551,-0.832526,-0.445306],"palmPosition":[-28.1567,329.128,46.4673],"palmVelocity":[-31.7978,1.58211,-118.925],"palmWidth":90.138,"pinchStrength":1,"r":[[0.690194,-0.627092,0.361093],[0.655705,0.330913,-0.678637],[0.306077,0.705162,0.639581]],"s":1.06868,"sphereCenter":[-21.0156,302.605,10.149],"sphereRadius":43.649,"stabilizedPalmPosition":[-51.1847,298.148,225.269],"t":[44.0415,79.4836,-246.342],"timeVisible":0.669062,"type":"left","wrist":[-6.44902,317.092,94.6432]}],"id":4486384,"interactionBox":{"center":[0,200,0],"size":[235.247,235.247,147.751]},"pointables":[{"bases":[[[-0.711658,0.582898,0.392139],[0.686416,0.695787,0.211456],[0.149588,-0.419655,0.895273]],[[-0.703503,0.708986,-0.0492178],[0.70389,0.685538,-0.185949],[0.0980946,0.16546,0.981326]],[[-0.703503,0.708986,-0.0492178],[0.475779,0.418391,-0.773682],[0.527937,0.567704,0.63166]],[[-0.703503,0.708986,-0.0492178],[0.376956,0.313538,-0.871549],[0.602484,0.631691,0.487831]]],"btipPosition":[-15.8938,279.799,0.775792],"carpPosition":[20.7571,321.801,81.9478],"dipPosition":[-1.92549,294.444,12.0859],"direction":[-0.527937,-0.567704,-0.63166],"extended":false,"handId":928,"id":9280,"length":51.6284,"mcpPosition":[20.7571,321.801,81.9478],"pipPosition":[15.9063,313.619,33.4211],"stabilizedTipPosition":[-49.3142,257.083,214.235],"timeVisible":0.669062,"tipPosition":[-13.3005,282.76,3.71813],"tipVelocity":[-26.9179,8.32764,-119.433],"tool":false,"touchDistance":-0.486659,"touchZone":"hovering","type":0,"width":20.0604},{"bases":[[[-0.853435,-0.464392,0.236619],[-0.385803,0.868123,0.31228],[0.350435,-0.175223,0.92005]],[[-0.81441,-0.479499,0.32683],[-0.4268,0.876551,0.222487],[0.393165,-0.041705,0.918522]],[[-0.81441,-0.479499,0.32683],[-0.480272,0.873074,0.0841418],[0.325692,0.0884413,0.94133]],[[-0.81441,-0.479499,0.32683],[-0.514505,0.857136,-0.0245434],[0.268369,0.188144,0.944765]]],"btipPosition":[-52.159,345.438,-59.6834],"carpPosition":[2.45485,336.195,84.9929],"dipPosition":[-47.6167,348.622,-43.6927],"direction":[-0.325692,-0.0884413,-0.94133],"extended":true,"handId":928,"id":9281,"length":58.2569,"mcpPosition":[-23.0851,348.965,17.939],"pipPosition":[-39.8183,350.74,-21.1534],"stabilizedTipPosition":[-115.548,308.135,184.84],"timeVisible":0.669062,"tipPosition":[-50.8699,344.736,-55.8874],"tipVelocity":[-6.31073,21.7972,-125.768],"tool":false,"touchDistance":-0.530188,"touchZone":"hovering","type":1,"width":19.1617},{"bases":[[[-0.719885,-0.62494,0.302019],[-0.516745,0.773056,0.367911],[0.4634,-0.108787,0.879446]],[[-0.708359,-0.627409,0.323398],[-0.670861,0.455956,-0.584851],[-0.219485,0.631239,0.743884]],[[-0.708359,-0.627409,0.323398],[-0.00480486,-0.45387,-0.891055],[-0.705836,0.63274,-0.318488]],[[-0.708359,-0.627409,0.323398],[0.424788,-0.74483,-0.514571],[-0.563723,0.227125,-0.794123]]],"btipPosition":[0.131765,287.482,15.2907],"carpPosition":[-8.69846,332.157,87.8379],"dipPosition":[-10.3625,291.71,0.507256],"direction":[0.705836,-0.63274,0.318488],"extended":false,"handId":928,"id":9282,"length":66.379,"mcpPosition":[-40.7263,339.676,27.0552],"pipPosition":[-30.246,309.535,-8.46459],"stabilizedTipPosition":[-40.9596,276.459,234.693],"timeVisible":0.669062,"tipPosition":[-2.99029,288.61,10.6415],"tipVelocity":[-13.4252,-10.2805,-70.7648],"tool":false,"touchDistance":0.333333,"touchZone":"none","type":2,"width":18.8193},{"bases":[[[-0.602829,-0.690623,0.399545],[-0.551821,0.72257,0.416397],[0.576273,-0.0305383,0.816687]],[[-0.588015,-0.691176,0.420137],[-0.787633,0.371099,-0.491853],[-0.184044,0.620131,0.762605]],[[-0.588015,-0.691176,0.420137],[-0.10117,-0.452498,-0.886008],[-0.802498,0.563491,-0.196149]],[[-0.588015,-0.691176,0.420137],[0.398657,-0.699604,-0.592981],[-0.703784,0.181191,-0.686919]]],"btipPosition":[-10.8187,280.997,24.7738],"carpPosition":[-18.254,325.367,91.1088],"dipPosition":[-23.8451,284.35,12.0596],"direction":[0.802498,-0.563491,0.196149],"extended":false,"handId":928,"id":9283,"length":63.8252,"mcpPosition":[-54.0137,327.262,40.4306],"pipPosition":[-45.8677,299.814,6.67676],"stabilizedTipPosition":[-43.81,259.993,229.251],"timeVisible":0.669062,"tipPosition":[-14.5715,281.67,20.625],"tipVelocity":[-21.7974,3.42654,-78.7107],"tool":false,"touchDistance":0.333333,"touchZone":"none","type":3,"width":17.9078},{"bases":[[[-0.432561,-0.799348,0.417053],[-0.585771,0.600801,0.543977],[0.685393,0.00899404,0.728118]],[[-0.512446,-0.794545,0.325726],[-0.828811,0.358398,-0.429679],[-0.22466,0.490152,0.842187]],[[-0.512446,-0.794545,0.325726],[-0.0861263,-0.329848,-0.940097],[-0.85439,0.509802,-0.100598]],[[-0.512446,-0.794545,0.325726],[0.429502,-0.565614,-0.703995],[-0.743591,0.220859,-0.631106]]],"btipPosition":[-25.9151,281.372,35.546],"carpPosition":[-23.6655,312.707,94.1454],"dipPosition":[-38.6122,285.143,24.7696],"direction":[0.85439,-0.509803,0.100598],"extended":false,"handId":928,"id":9284,"length":50.0378,"mcpPosition":[-63.036,312.19,52.3207],"pipPosition":[-55.1666,295.021,22.8205],"stabilizedTipPosition":[-54.6722,247.582,234.278],"timeVisible":0.669062,"tipPosition":[-29.5808,282.283,31.982],"tipVelocity":[-21.8755,3.21429,-80.7278],"tool":false,"touchDistance":0.333333,"touchZone":"none","type":4,"width":15.9071}],"r":[[0.690194,-0.627092,0.361093],[0.655705,0.330913,-0.678637],[0.306077,0.705162,0.639581]],"s":1.06868,"t":[44.0415,79.4836,-246.342],"timestamp":607524171330},false],[2,{"currentFrameRate":106.301,"devices":[],"gestures":[],"hands":[{"armBasis":[[-0.918366,-0.357246,0.17023],[-0.167648,0.74088,0.650377],[0.358465,-0.568746,0.740291]],"armWidth":63.1234,"confidence":0.760359,"direction":[-0.539434,0.222202,-0.81218],"elbow":[89.2344,164.884,291.939],"grabStrength":0,"id":928,"palmNormal":[0.327456,-0.833269,-0.445462],"palmPosition":[-28.2424,329.151,45.7334],"palmVelocity":[-25.8972,1.86619,-109.522],"palmWidth":90.138,"pinchStrength":1,"r":[[0.688222,-0.628041,0.363201],[0.657819,0.329053,-0.677494],[0.305982,0.705186,0.639599]],"s":1.07187,"sphereCenter":[-21.0785,302.767,9.37254],"sphereRadius":43.6694,"stabilizedPalmPosition":[-51.1839,298.149,225.263],"t":[43.8356,79.4908,-247.287],"timeVisible":0.677814,"type":"left","wrist":[-6.64497,317.007,93.9317]}],"id":4486385,"interactionBox":{"center":[0,200,0],"size":[235.247,235.247,147.751]},"pointables":[{"bases":[[[-0.710305,0.584943,0.391546],[0.688396,0.693359,0.21299],[0.146895,-0.420826,0.895169]],[[-0.701171,0.711289,-0.0492779],[0.706452,0.683736,-0.182841],[0.0963594,0.163015,0.981907]],[[-0.701171,0.711289,-0.0492779],[0.478712,0.418429,-0.77185],[0.528389,0.564788,0.633892]],[[-0.701171,0.711289,-0.0492779],[0.378674,0.312944,-0.871018],[0.604124,0.629392,0.488774]]],"btipPosition":[-16.0233,279.906,-0.0183525],"carpPosition":[20.595,321.636,81.2796],"dipPosition":[-2.01698,294.499,11.3136],"direction":[-0.528389,-0.564788,-0.633892],"extended":false,"handId":928,"id":9280,"length":51.6284,"mcpPosition":[20.595,321.636,81.2796],"pipPosition":[15.8301,313.575,32.7242],"stabilizedTipPosition":[-49.3141,257.083,214.234],"timeVisible":0.677814,"tipPosition":[-13.4137,282.843,2.92834],"tipVelocity":[-23.4001,9.01493,-111.585],"tool":false,"touchDistance":-0.478163,"touchZone":"hovering","type":0,"width":20.0604},{"bases":[[[-0.855306,-0.461756,0.235017],[-0.383396,0.869152,0.312381],[0.34851,-0.177077,0.920426]],[[-0.816908,-0.476925,0.324351],[-0.423097,0.87771,0.224974],[0.391982,-0.0465512,0.918794]],[[-0.816908,-0.476925,0.324351],[-0.476595,0.874897,0.0860985],[0.324836,0.0842495,0.94201]],[[-0.816908,-0.476925,0.324351],[-0.510885,0.859338,-0.0231431],[0.26769,0.184612,0.945654]]],"btipPosition":[-52.0553,345.832,-60.4376],"carpPosition":[2.33591,336.087,84.309],"dipPosition":[-47.5245,348.957,-44.4319],"direction":[-0.324836,-0.0842495,-0.94201],"extended":true,"handId":928,"id":9281,"length":58.2569,"mcpPosition":[-23.0637,348.993,17.2277],"pipPosition":[-39.7465,350.974,-21.8763],"stabilizedTipPosition":[-115.548,308.135,184.838],"timeVisible":0.677814,"tipPosition":[-50.7811,345.134,-56.6467],"tipVelocity":[-1.52235,27.6141,-115.047],"tool":false,"touchDistance":-0.516764,"touchZone":"hovering","type":1,"width":19.1617},{"bases":[[[-0.722382,-0.622792,0.30049],[-0.514731,0.774476,0.367748],[0.461753,-0.110983,0.880038]],[[-0.711078,-0.625279,0.32155],[-0.667757,0.457367,-0.587295],[-0.220157,0.63233,0.742759]],[[-0.711078,-0.625279,0.32155],[-0.00329188,-0.454358,-0.890813],[-0.703106,0.634496,-0.321025]],[[-0.711078,-0.625279,0.32155],[0.42387,-0.746096,-0.513493],[-0.560984,0.228838,-0.795569]]],"btipPosition":[0.0134421,287.428,14.6987],"carpPosition":[-8.8348,332.085,87.1346],"dipPosition":[-10.4299,291.688,-0.111684],"direction":[0.703106,-0.634496,0.321025],"extended":false,"handId":928,"id":9282,"length":66.379,"mcpPosition":[-40.7487,339.755,26.311],"pipPosition":[-30.2364,309.562,-9.15501],"stabilizedTipPosition":[-40.9583,276.459,234.685],"timeVisible":0.677814,"tipPosition":[-3.08207,288.563,10.0597],"tipVelocity":[-13.0912,-8.95822,-70.1175],"tool":false,"touchDistance":0.333333,"touchZone":"none","type":2,"width":18.8193},{"bases":[[[-0.605686,-0.688936,0.398136],[-0.550045,0.724068,0.416144],[0.574974,-0.0330594,0.817504]],[[-0.59066,-0.689559,0.419082],[-0.78576,0.373357,-0.493139],[-0.183581,0.620575,0.762355]],[[-0.59066,-0.689559,0.419082],[-0.0997461,-0.452982,-0.885922],[-0.800732,0.565081,-0.198777]],[[-0.59066,-0.689559,0.419082],[0.399137,-0.701045,-0.590953],[-0.701292,0.181781,-0.689308]]],"btipPosition":[-11.0166,281.035,24.1281],"carpPosition":[-18.4175,325.323,90.3864],"dipPosition":[-23.9969,284.4,11.3697],"direction":[0.800732,-0.565081,0.198777],"extended":false,"handId":928,"id":9283,"length":63.8252,"mcpPosition":[-54.0966,327.375,39.6575],"pipPosition":[-45.9711,299.907,5.91473],"stabilizedTipPosition":[-43.8099,259.993,229.25],"timeVisible":0.677814,"tipPosition":[-14.7276,281.702,19.9927],"tipVelocity":[-21.6921,3.77221,-77.6992],"tool":false,"touchDistance":0.333333,"touchZone":"none","type":3,"width":17.9078},{"bases":[[[-0.435803,-0.798235,0.415809],[-0.584582,0.602315,0.543581],[0.684353,0.00618037,0.729124]],[[-0.515598,-0.79309,0.324294],[-0.825893,0.359225,-0.434577],[-0.228164,0.4919,0.840224]],[[-0.515598,-0.79309,0.324294],[-0.0794388,-0.332605,-0.939715],[-0.85314,0.510277,-0.108488]],[[-0.515598,-0.79309,0.324294],[0.434177,-0.568122,-0.699091],[-0.738681,0.219649,-0.637264]]],"btipPosition":[-26.0503,281.456,35.075],"carpPosition":[-23.8751,312.679,93.4054],"dipPosition":[-38.6635,285.207,24.1935],"direction":[0.85314,-0.510277,0.108488],"extended":false,"handId":928,"id":9284,"length":50.0378,"mcpPosition":[-63.1858,312.324,51.5229],"pipPosition":[-55.1937,295.093,22.0914],"stabilizedTipPosition":[-54.6722,247.582,234.278],"timeVisible":0.677814,"tipPosition":[-29.6784,282.348,31.4704],"tipVelocity":[-19.5596,4.78112,-74.2526],"tool":false,"touchDistance":0.333333,"touchZone":"none","type":4,"width":15.9071}],"r":[[0.688222,-0.628041,0.363201],[0.657819,0.329053,-0.677494],[0.305982,0.705186,0.639599]],"s":1.07187,"t":[43.8356,79.4908,-247.287],"timestamp":607524180082},false],[3,{"currentFrameRate":106.374,"devices":[],"gestures":[],"hands":[{"armBasis":[[-0.917959,-0.35948,0.167705],[-0.170892,0.739918,0.650629],[0.357976,-0.568591,0.740646]],"armWidth":63.1234,"confidence":0.762327,"direction":[-0.537773,0.222654,-0.813158],"elbow":[88.8801,164.952,291.43],"grabStrength":0,"id":928,"palmNormal":[0.329867,-0.832041,-0.445977],"palmPosition":[-28.3655,329.221,45.0958],"palmVelocity":[-22.3488,3.46685,-98.0616],"palmWidth":90.138,"pinchStrength":1,"r":[[0.686656,-0.628698,0.365025],[0.659739,0.327987,-0.676143],[0.305366,0.705099,0.63999]],"s":1.07463,"sphereCenter":[-21.0112,303.043,8.67376],"sphereRadius":43.69,"stabilizedPalmPosition":[-51.1832,298.15,225.256],"t":[43.6711,79.5294,-248.078],"timeVisible":0.687081,"type":"left","wrist":[-6.86834,317.034,93.328]}],"id":4486386,"interactionBox":{"center":[0,200,0],"size":[235.247,235.247,147.751]},"pointables":[{"bases":[[[-0.71219,0.583202,0.390718],[0.686776,0.694097,0.215799],[0.145342,-0.422026,0.894858]],[[-0.702281,0.710192,-0.0492707],[0.705824,0.685596,-0.17824],[0.0928047,0.159951,0.982753]],[[-0.702281,0.710192,-0.0492707],[0.480377,0.421672,-0.769045],[0.525394,0.563755,0.637293]],[[-0.702281,0.710192,-0.0492707],[0.379469,0.314887,-0.869971],[0.602332,0.629661,0.490635]]],"btipPosition":[-15.9043,280.176,-0.747015],"carpPosition":[20.3956,321.726,80.7508],"dipPosition":[-1.93952,294.775,10.6281],"direction":[-0.525394,-0.563755,-0.637293],"extended":false,"handId":928,"id":9280,"length":51.6284,"mcpPosition":[20.3956,321.726,80.7508],"pipPosition":[15.8064,313.816,32.1535],"stabilizedTipPosition":[-49.3139,257.083,214.233],"timeVisible":0.687081,"tipPosition":[-13.2924,283.095,2.20783],"tipVelocity":[-13.4898,14.7218,-102.008],"tool":false,"touchDistance":-0.469461,"touchZone":"hovering","type":0,"width":20.0604},{"bases":[[[-0.855158,-0.463471,0.232163],[-0.385533,0.868049,0.312816],[0.34651,-0.178001,0.921003]],[[-0.817437,-0.478576,0.320565],[-0.423801,0.876592,0.227987],[0.390114,-0.0505097,0.91938]],[[-0.817437,-0.478576,0.320565],[-0.477261,0.874317,0.0882678],[0.322518,0.0808397,0.943105]],[[-0.817437,-0.478576,0.320565],[-0.511473,0.859023,-0.021804],[0.264937,0.181783,0.946976]]],"btipPosition":[-51.9575,346.254,-61.1042],"carpPosition":[2.1063,336.144,83.758],"dipPosition":[-47.4733,349.331,-45.076],"direction":[-0.322518,-0.0808397,-0.943105],"extended":true,"handId":928,"id":9281,"length":58.2569,"mcpPosition":[-23.1476,349.116,16.6347],"pipPosition":[-39.7509,351.266,-22.4943],"stabilizedTipPosition":[-115.547,308.136,184.836],"timeVisible":0.687081,"tipPosition":[-50.701,345.564,-57.3177],"tipVelocity":[1.54949,32.313,-102.754],"tool":false,"touchDistance":-0.503342,"touchZone":"hovering","type":1,"width":19.1617},{"bases":[[[-0.722143,-0.624404,0.297707],[-0.516857,0.773079,0.367707],[0.459749,-0.111665,0.881001]],[[-0.711087,-0.626866,0.318424],[-0.666274,0.456121,-0.589943],[-0.224575,0.631658,0.742007]],[[-0.711087,-0.626866,0.318424],[0.00204532,-0.454726,-0.890629],[-0.703101,0.632664,-0.324632]],[[-0.711087,-0.626866,0.318424],[0.427997,-0.745231,-0.511321],[-0.557829,0.227309,-0.798221]]],"btipPosition":[0.0738193,287.622,14.234],"carpPosition":[-9.06505,332.119,86.5496],"dipPosition":[-10.3108,291.853,-0.625755],"direction":[0.703101,-0.632664,0.324632],"extended":false,"handId":928,"id":9282,"length":66.379,"mcpPosition":[-40.8405,339.836,25.6594],"pipPosition":[-30.1172,309.675,-9.77068],"stabilizedTipPosition":[-40.9573,276.459,234.68],"timeVisible":0.687081,"tipPosition":[-2.98255,288.735,9.59633],"tipVelocity":[-7.16258,-0.75784,-64.8412],"tool":false,"touchDistance":0.333333,"touchZone":"none","type":2,"width":18.8193},{"bases":[[[-0.605585,-0.69052,0.395537],[-0.552211,0.722539,0.415934],[0.573001,-0.033464,0.818871]],[[-0.59038,-0.691159,0.416834],[-0.785328,0.372689,-0.494331],[-0.186312,0.619194,0.762815]],[[-0.59038,-0.691159,0.416834],[-0.0958914,-0.452722,-0.886481],[-0.801409,0.563331,-0.201001]],[[-0.59038,-0.691159,0.416834],[0.403166,-0.699928,-0.589541],[-0.69922,0.18,-0.691875]]],"btipPosition":[-11.0207,281.217,23.5119],"carpPosition":[-18.6451,325.337,89.7669],"dipPosition":[-23.9626,284.548,10.706],"direction":[0.801409,-0.563331,0.201001],"extended":false,"handId":928,"id":9283,"length":63.8252,"mcpPosition":[-54.2018,327.414,38.9531],"pipPosition":[-45.9554,300.008,5.18996],"stabilizedTipPosition":[-43.8098,259.993,229.249],"timeVisible":0.687081,"tipPosition":[-14.6897,281.865,19.3899],"tipVelocity":[-15.4435,7.98501,-74.8783],"tool":false,"touchDistance":0.333333,"touchZone":"none","type":3,"width":17.9078},{"bases":[[[-0.435574,-0.799581,0.413456],[-0.586871,0.600528,0.543092],[0.682537,0.00608842,0.730826]],[[-0.515292,-0.794394,0.321577],[-0.824562,0.357272,-0.438696],[-0.233607,0.491217,0.839127]],[[-0.515292,-0.794394,0.321577],[-0.0717812,-0.333905,-0.93987],[-0.854004,0.50739,-0.115036]],[[-0.515292,-0.794394,0.321577],[0.44112,-0.567556,-0.695193],[-0.73477,0.216373,-0.64288]]],"btipPosition":[-26.0205,281.598,34.5852],"carpPosition":[-24.0902,312.68,92.7522],"dipPosition":[-38.567,285.292,23.6078],"direction":[0.854004,-0.50739,0.115036],"extended":false,"handId":928,"id":9284,"length":50.0378,"mcpPosition":[-63.2967,312.33,50.7719],"pipPosition":[-55.1139,295.123,21.3789],"stabilizedTipPosition":[-54.6721,247.582,234.278],"timeVisible":0.687081,"tipPosition":[-29.6051,282.463,30.9593],"tipVelocity":[-12.6849,7.35073,-68.8995],"tool":false,"touchDistance":0.333333,"touchZone":"none","type":4,"width":15.9071}],"r":[[0.686656,-0.628698,0.365025],[0.659739,0.327987,-0.676143],[0.305366,0.705099,0.63999]],"s":1.07463,"t":[43.6711,79.5294,-248.078],"timestamp":607524189349},false],[4,{"currentFrameRate":106.695,"devices":[],"gestures":[],"hands":[{"armBasis":[[-0.918343,-0.359288,0.166008],[-0.171502,0.739256,0.65122],[0.356698,-0.569572,0.740509]],"armWidth":63.1234,"confidence":0.765491,"direction":[-0.535293,0.221093,-0.815217],"elbow":[88.3324,164.755,290.809],"grabStrength":0,"id":928,"palmNormal":[0.331906,-0.832445,-0.443704],"palmPosition":[-28.4236,329.201,44.4245],"palmVelocity":[-18.1168,1.9312,-92.2408],"palmWidth":90.138,"pinchStrength":1,"r":[[0.685252,-0.629016,0.367108],[0.661662,0.327032,-0.674725],[0.304357,0.705258,0.640295]],"s":1.07681,"sphereCenter":[-20.9282,303.017,8.04929],"sphereRadius":43.7076,"stabilizedPalmPosition":[-51.1825,298.151,225.252],"t":[43.5598,79.5388,-248.809],"timeVisible":0.695865,"type":"left","wrist":[-7.0742,317.1,92.7437]}],"id":4486387,"interactionBox":{"center":[0,200,0],"size":[235.247,235.247,147.751]},"pointables":[{"bases":[[[-0.713871,0.583251,0.387565],[0.685575,0.694902,0.217021],[0.142742,-0.42063,0.895933]],[[-0.702787,0.709516,-0.0517475],[0.705948,0.686565,-0.173975],[0.0879097,0.158798,0.98339]],[[-0.702787,0.709516,-0.0517475],[0.483164,0.42266,-0.766753],[0.522152,0.563867,0.639853]],[[-0.702787,0.709516,-0.0517475],[0.379673,0.312568,-0.870718],[0.601613,0.631577,0.489052]]],"btipPosition":[-15.7046,280.252,-1.33093],"carpPosition":[20.227,321.793,80.2482],"dipPosition":[-1.75655,294.895,10.0075],"direction":[-0.522152,-0.563867,-0.639853],"extended":false,"handId":928,"id":9280,"length":51.6284,"mcpPosition":[20.227,321.793,80.2482],"pipPosition":[15.8798,313.94,31.6194],"stabilizedTipPosition":[-49.3137,257.083,214.232],"timeVisible":0.695865,"tipPosition":[-13.0912,283.15,1.60989],"tipVelocity":[-3.86574,13.3921,-92.7091],"tool":false,"touchDistance":-0.459734,"touchZone":"hovering","type":0,"width":20.0604},{"bases":[[[-0.855574,-0.463752,0.230059],[-0.387167,0.868222,0.310311],[0.34365,-0.176423,0.922377]],[[-0.81848,-0.478594,0.317866],[-0.42429,0.876546,0.227256],[0.387387,-0.0511371,0.920498]],[[-0.81848,-0.478594,0.317866],[-0.47761,0.874296,0.086572],[0.319342,0.0809586,0.944175]],[[-0.81848,-0.478594,0.317866],[-0.511649,0.85885,-0.0243291],[0.261355,0.182548,0.947824]]],"btipPosition":[-51.6849,346.208,-61.8746],"carpPosition":[1.91773,336.202,83.1753],"dipPosition":[-47.2613,349.297,-45.8321],"direction":[-0.319342,-0.0809586,-0.944175],"extended":true,"handId":928,"id":9281,"length":58.2569,"mcpPosition":[-23.1277,349.059,15.9518],"pipPosition":[-39.615,351.236,-23.2247],"stabilizedTipPosition":[-115.546,308.136,184.833],"timeVisible":0.695865,"tipPosition":[-50.4522,345.545,-58.0879],"tipVelocity":[9.05325,22.3012,-98.6071],"tool":false,"touchDistance":-0.492849,"touchZone":"hovering","type":1,"width":19.1617},{"bases":[[[-0.722657,-0.624494,0.296267],[-0.518599,0.773235,0.364913],[0.45697,-0.110063,0.882646]],[[-0.711717,-0.626909,0.31693],[-0.664631,0.454884,-0.592745],[-0.227431,0.632508,0.740411]],[[-0.711717,-0.626909,0.31693],[0.0054098,-0.456046,-0.88994],[-0.702446,0.631671,-0.327967]],[[-0.711717,-0.626909,0.31693],[0.430341,-0.745706,-0.508655],[-0.555216,0.22563,-0.800516]]],"btipPosition":[0.140428,287.583,13.7199],"carpPosition":[-9.25973,332.173,85.9364],"dipPosition":[-10.1955,291.784,-1.18255],"direction":[0.702446,-0.631671,0.327967],"extended":false,"handId":928,"id":9282,"length":66.379,"mcpPosition":[-40.8431,339.78,24.9325],"pipPosition":[-29.9835,309.578,-10.4214],"stabilizedTipPosition":[-40.9567,276.46,234.676],"timeVisible":0.695865,"tipPosition":[-2.89001,288.683,9.0855],"tipVelocity":[-2.85386,-1.94038,-63.4429],"tool":false,"touchDistance":0.333333,"touchZone":"none","type":2,"width":18.8193},{"bases":[[[-0.606369,-0.690385,0.394569],[-0.554073,0.72274,0.413098],[0.570368,-0.0318701,0.820771]],[[-0.591015,-0.690988,0.416217],[-0.78428,0.371523,-0.496865],[-0.188693,0.620086,0.761504]],[[-0.591015,-0.690988,0.416217],[-0.0919675,-0.454892,-0.885785],[-0.801401,0.561791,-0.2053]],[[-0.591015,-0.690988,0.416217],[0.407038,-0.70093,-0.585677],[-0.696435,0.176728,-0.695519]]],"btipPosition":[-11.0039,281.233,23.0029],"carpPosition":[-18.8453,325.389,89.1324],"dipPosition":[-23.8942,284.504,10.1296],"direction":[0.801401,-0.561791,0.2053],"extended":false,"handId":928,"id":9283,"length":63.8252,"mcpPosition":[-54.2386,327.367,38.2007],"pipPosition":[-45.8868,299.921,4.4956],"stabilizedTipPosition":[-43.8097,259.993,229.249],"timeVisible":0.695865,"tipPosition":[-14.6227,281.851,18.893],"tipVelocity":[-10.4107,5.90679,-70.7978],"tool":false,"touchDistance":0.333333,"touchZone":"none","type":3,"width":17.9078},{"bases":[[[-0.43634,-0.799297,0.413196],[-0.589059,0.600887,0.540319],[0.68016,0.00763431,0.733024]],[[-0.515699,-0.79431,0.321132],[-0.823125,0.355323,-0.442957],[-0.23774,0.492765,0.837056]],[[-0.515699,-0.79431,0.321132],[-0.0657228,-0.337038,-0.939194],[-0.854245,0.505447,-0.121606]],[[-0.515699,-0.79431,0.321132],[0.446622,-0.569091,-0.690408],[-0.731152,0.212618,-0.648236]]],"btipPosition":[-25.9971,281.609,34.1164],"carpPosition":[-24.291,312.732,92.1183],"dipPosition":[-38.4818,285.239,23.0475],"direction":[0.854245,-0.505447,0.121606],"extended":false,"handId":928,"id":9284,"length":50.0378,"mcpPosition":[-63.3609,312.293,50.0118],"pipPosition":[-55.0334,295.033,20.6913],"stabilizedTipPosition":[-54.672,247.582,234.277],"timeVisible":0.695865,"tipPosition":[-29.5367,282.443,30.4799],"tipVelocity":[-8.11967,5.25504,-65.3676],"tool":false,"touchDistance":0.333333,"touchZone":"none","type":4,"width":15.9071}],"r":[[0.685252,-0.629016,0.367108],[0.661662,0.327032,-0.674725],[0.304357,0.705258,0.640295]],"s":1.07681,"t":[43.5598,79.5388,-248.809],"timestamp":607524198133},false],[5,{"currentFrameRate":106.7,"devices":[],"gestures":[],"hands":[{"armBasis":[[-0.91872,-0.358907,0.164741],[-0.171911,0.739035,0.651363],[0.355528,-0.570099,0.740666]],"armWidth":63.1234,"confidence":0.770509,"direction":[-0.53244,0.220729,-0.817182],"elbow":[87.8386,164.592,290.241],"grabStrength":0,"id":928,"palmNormal":[0.332811,-0.833062,-0.441864],"palmPosition":[-28.4362,329.15,43.733],"palmVelocity":[-13.3539,-0.154431,-87.0194],"palmWidth":90.138,"pinchStrength":1,"r":[[0.683796,-0.629296,0.369337],[0.663687,0.326058,-0.673205],[0.30322,0.705459,0.640613]],"s":1.07865,"sphereCenter":[-20.7767,303.067,7.35296],"sphereRadius":43.73,"stabilizedPalmPosition":[-51.182,298.152,225.248],"t":[43.4979,79.5182,-249.521],"timeVisible":0.705229,"type":"left","wrist":[-7.25513,317.077,92.1333]}],"id":4486388,"interactionBox":{"center":[0,200,0],"size":[235.247,235.247,147.751]},"pointables":[{"bases":[[[-0.714756,0.584075,0.384682],[0.685322,0.694633,0.218675],[0.13949,-0.41993,0.896773]],[[-0.701998,0.710023,-0.0553803],[0.707271,0.685935,-0.171057],[0.0834669,0.15925,0.983704]],[[-0.701998,0.710023,-0.0553803],[0.486267,0.42105,-0.765677],[0.52033,0.564433,0.640836]],[[-0.701998,0.710023,-0.0553803],[0.380485,0.308176,-0.871928],[0.602022,0.633163,0.486492]]],"btipPosition":[-15.5694,280.122,-1.84433],"carpPosition":[20.0905,321.741,79.7242],"dipPosition":[-1.61185,294.802,9.43472],"direction":[-0.52033,-0.564433,-0.640836],"extended":false,"handId":928,"id":9280,"length":51.6284,"mcpPosition":[20.0905,321.741,79.7242],"pipPosition":[15.963,313.866,31.0798],"stabilizedTipPosition":[-49.3136,257.083,214.231],"timeVisible":0.705229,"tipPosition":[-12.9446,283.059,1.04154],"tipVelocity":[1.39837,5.90666,-82.367],"tool":false,"touchDistance":-0.449999,"touchZone":"hovering","type":0,"width":20.0604},{"bases":[[[-0.856644,-0.462972,0.227634],[-0.387606,0.868757,0.308258],[0.340473,-0.175835,0.923667]],[[-0.820264,-0.477633,0.314698],[-0.423329,0.876933,0.227554],[0.384656,-0.0534336,0.921512]],[[-0.820264,-0.477633,0.314698],[-0.476505,0.87496,0.0859533],[0.316402,0.0794507,0.945292]],[[-0.820264,-0.477633,0.314698],[-0.510398,0.859552,-0.0257743],[0.258188,0.181763,0.948842]]],"btipPosition":[-51.3495,346.275,-62.6532],"carpPosition":[1.78136,336.165,82.5778],"dipPosition":[-46.9795,349.352,-46.5935],"direction":[-0.316402,-0.0794507,-0.945292],"extended":true,"handId":928,"id":9281,"length":58.2569,"mcpPosition":[-23.0326,348.98,15.2603],"pipPosition":[-39.4036,351.254,-23.9593],"stabilizedTipPosition":[-115.545,308.137,184.83],"timeVisible":0.705229,"tipPosition":[-50.1371,345.627,-58.8681],"tipVelocity":[16.2781,17.9258,-94.0968],"tool":false,"touchDistance":-0.483516,"touchZone":"hovering","type":1,"width":19.1617},{"bases":[[[-0.724056,-0.623744,0.294424],[-0.519282,0.773908,0.362508],[0.453969,-0.109587,0.884252]],[[-0.713263,-0.626132,0.314983],[-0.662319,0.455073,-0.595182],[-0.229322,0.63314,0.739286]],[[-0.713263,-0.626132,0.314983],[0.00816643,-0.456793,-0.889535],[-0.700849,0.6319,-0.330927]],[[-0.713263,-0.626132,0.314983],[0.431711,-0.746499,-0.506325],[-0.552161,0.225161,-0.802758]]],"btipPosition":[0.188109,287.496,13.1568],"carpPosition":[-9.4079,332.146,85.3055],"dipPosition":[-10.0909,291.688,-1.7874],"direction":[0.700849,-0.6319,0.330927],"extended":false,"handId":928,"id":9282,"length":66.379,"mcpPosition":[-40.7839,339.72,24.1906],"pipPosition":[-29.8339,309.488,-11.1097],"stabilizedTipPosition":[-40.9562,276.46,234.673],"timeVisible":0.705229,"tipPosition":[-2.80871,288.587,8.53392],"tipVelocity":[-0.201005,-4.10601,-62.7947],"tool":false,"touchDistance":0.333333,"touchZone":"none","type":2,"width":18.8193},{"bases":[[[-0.608139,-0.689626,0.393169],[-0.55495,0.723479,0.41062],[0.567624,-0.0315253,0.822684]],[[-0.592513,-0.690228,0.415348],[-0.782984,0.372241,-0.49837],[-0.189379,0.620501,0.760995]],[[-0.592513,-0.690228,0.415348],[-0.0888064,-0.456491,-0.885285],[-0.800651,0.561428,-0.20918]],[[-0.592513,-0.690228,0.415348],[0.410428,-0.702322,-0.581629],[-0.693165,0.174152,-0.699424]]],"btipPosition":[-11.0477,281.233,22.4288],"carpPosition":[-19.0086,325.372,88.4757],"dipPosition":[-23.8775,284.457,9.48316],"direction":[0.800651,-0.561428,0.20918],"extended":false,"handId":928,"id":9283,"length":63.8252,"mcpPosition":[-54.2316,327.328,37.4253],"pipPosition":[-45.8495,299.864,3.74272],"stabilizedTipPosition":[-43.8096,259.993,229.248],"timeVisible":0.705229,"tipPosition":[-14.5945,281.819,18.3487],"tipVelocity":[-8.36095,3.90884,-68.6081],"tool":false,"touchDistance":0.333333,"touchZone":"none","type":3,"width":17.9078},{"bases":[[[-0.438246,-0.798636,0.412456],[-0.590439,0.601763,0.537832],[0.677733,0.00782722,0.735266]],[[-0.517305,-0.793676,0.320114],[-0.821391,0.355463,-0.446052],[-0.240232,0.493684,0.835802]],[[-0.517305,-0.793676,0.320114],[-0.0612938,-0.338731,-0.938885],[-0.853603,0.505311,-0.12658]],[[-0.517305,-0.793676,0.320114],[0.450486,-0.570573,-0.686665],[-0.727639,0.211009,-0.6527]]],"btipPosition":[-26.0245,281.584,33.5406],"carpPosition":[-24.4727,312.721,91.4548],"dipPosition":[-38.4492,285.187,22.3954],"direction":[0.853603,-0.505311,0.12658],"extended":false,"handId":928,"id":9284,"length":50.0378,"mcpPosition":[-63.4032,312.271,49.2194],"pipPosition":[-54.9884,294.978,19.9429],"stabilizedTipPosition":[-54.672,247.582,234.277],"timeVisible":0.705229,"tipPosition":[-29.5169,282.401,29.9041],"tipVelocity":[-6.22825,2.83421,-64.7988],"tool":false,"touchDistance":0.333333,"touchZone":"none","type":4,"width":15.9071}],"r":[[0.683796,-0.629296,0.369337],[0.663687,0.326058,-0.673205],[0.30322,0.705459,0.640613]],"s":1.07865,"t":[43.4979,79.5182,-249.521],"timestamp":607524207497},false],[6,{"currentFrameRate":107.054,"devices":[],"gestures":[],"hands":[{"armBasis":[[-0.917705,-0.363267,0.160797],[-0.177996,0.737853,0.651068],[0.355156,-0.568867,0.741792]],"armWidth":63.1234,"confidence":0.768312,"direction":[-0.525361,0.220089,-0.821923],"elbow":[87.042,165.08,288.877],"grabStrength":0,"id":928,"palmNormal":[0.338137,-0.832415,-0.439031],"palmPosition":[-28.7129,329.288,41.8817],"palmVelocity":[-18.2786,4.10349,-120.597],"palmWidth":90.138,"pinchStrength":1,"r":[[0.682154,-0.629318,0.372325],[0.666418,0.325525,-0.670761],[0.300921,0.705686,0.641446]],"s":1.08036,"sphereCenter":[-20.6092,303.403,5.50918],"sphereRadius":43.7511,"stabilizedPalmPosition":[-51.1817,298.152,225.245],"t":[43.3286,79.5766,-250.802],"timeVisible":0.713922,"type":"left","wrist":[-7.95225,317.236,90.4691]}],"id":4486389,"interactionBox":{"center":[0,200,0],"size":[235.247,235.247,147.751]},"pointables":[{"bases":[[[-0.719149,0.582833,0.378326],[0.682198,0.695671,0.22505],[0.132024,-0.419938,0.897898]],[[-0.702272,0.709102,-0.0631516],[0.708174,0.68676,-0.163864],[0.072826,0.159799,0.98446]],[[-0.702272,0.709102,-0.0631516],[0.492702,0.420087,-0.762084],[0.513866,0.566305,0.644391]],[[-0.702272,0.709102,-0.0631516],[0.385619,0.304333,-0.871022],[0.598424,0.636047,0.487167]]],"btipPosition":[-15.3347,280.171,-3.43201],"carpPosition":[19.4972,321.947,78.3096],"dipPosition":[-1.46054,294.917,7.86271],"direction":[-0.513866,-0.566306,-0.644391],"extended":false,"handId":928,"id":9280,"length":51.6284,"mcpPosition":[19.4972,321.947,78.3096],"pipPosition":[15.896,314.045,29.6279],"stabilizedTipPosition":[-49.3135,257.083,214.231],"timeVisible":0.713922,"tipPosition":[-12.708,283.191,-0.612247],"tipVelocity":[7.63556,6.29232,-108.988],"tool":false,"touchDistance":-0.457094,"touchZone":"hovering","type":0,"width":20.0604},{"bases":[[[-0.857931,-0.464399,0.219744],[-0.391775,0.868057,0.304941],[0.332365,-0.175529,0.926673]],[[-0.822705,-0.478901,0.306283],[-0.425655,0.876083,0.226485],[0.376794,-0.0559597,0.924605]],[[-0.822705,-0.478901,0.306283],[-0.477794,0.874457,0.0838925],[0.308008,0.0773214,0.948237]],[[-0.822705,-0.478901,0.306283],[-0.51083,0.859203,-0.0286957],[0.249417,0.180067,0.951508]]],"btipPosition":[-50.7159,346.616,-64.6968],"carpPosition":[1.13995,336.341,81.0006],"dipPosition":[-46.4944,349.664,-48.592],"direction":[-0.308008,-0.0773214,-0.948237],"extended":true,"handId":928,"id":9281,"length":58.2569,"mcpPosition":[-23.083,349.133,13.464],"pipPosition":[-39.1194,351.515,-25.8873],"stabilizedTipPosition":[-115.545,308.137,184.827],"timeVisible":0.713922,"tipPosition":[-49.5386,345.974,-60.9077],"tipVelocity":[30.3233,23.3915,-131.366],"tool":false,"touchDistance":-0.493996,"touchZone":"hovering","type":1,"width":19.1617},{"bases":[[[-0.725697,-0.624977,0.287694],[-0.523786,0.772984,0.357973],[0.446107,-0.109089,0.888306]],[[-0.715278,-0.627314,0.307985],[-0.657176,0.453895,-0.601747],[-0.237691,0.632817,0.736917]],[[-0.715278,-0.627314,0.307985],[0.0190365,-0.458035,-0.88873],[-0.69858,0.629827,-0.339565]],[[-0.715278,-0.627314,0.307985],[0.439364,-0.746387,-0.499866],[-0.543448,0.222226,-0.809493]]],"btipPosition":[0.24576,287.747,11.6787],"carpPosition":[-10.0671,332.303,83.6257],"dipPosition":[-9.8711,291.884,-3.39085],"direction":[0.69858,-0.629827,0.339565],"extended":false,"handId":928,"id":9282,"length":66.379,"mcpPosition":[-40.8997,339.843,22.2307],"pipPosition":[-29.5502,309.626,-12.9564],"stabilizedTipPosition":[-40.9559,276.46,234.671],"timeVisible":0.713922,"tipPosition":[-2.67373,288.8,7.03511],"tipVelocity":[2.7646,4.31048,-92.2676],"tool":false,"touchDistance":0.333333,"touchZone":"none","type":2,"width":18.8193},{"bases":[[[-0.610575,-0.690699,0.38747],[-0.559808,0.722485,0.405747],[0.560191,-0.0308301,0.82779]],[[-0.594843,-0.691287,0.410223],[-0.779533,0.37153,-0.504276],[-0.19619,0.619748,0.759883]],[[-0.594843,-0.691287,0.410223],[-0.079343,-0.457344,-0.885743],[-0.799916,0.559427,-0.217199]],[[-0.594843,-0.691287,0.410223],[0.418669,-0.70208,-0.57602],[-0.686205,0.170894,-0.707048]]],"btipPosition":[-11.1107,281.48,20.7538],"carpPosition":[-19.6853,325.513,86.7071],"dipPosition":[-23.8117,284.643,7.66703],"direction":[0.799916,-0.559427,0.217199],"extended":false,"handId":928,"id":9283,"length":63.8252,"mcpPosition":[-54.4471,327.426,35.3399],"pipPosition":[-45.7635,299.995,1.70652],"stabilizedTipPosition":[-43.8095,259.993,229.248],"timeVisible":0.713922,"tipPosition":[-14.5736,282.033,16.6735],"tipVelocity":[-7.15477,10,-102.682],"tool":false,"touchDistance":0.333333,"touchZone":"none","type":3,"width":17.9078},{"bases":[[[-0.44069,-0.799442,0.408271],[-0.596254,0.60068,0.532602],[0.671025,0.00872088,0.741384]],[[-0.518956,-0.794579,0.315166],[-0.817933,0.354473,-0.453139],[-0.248337,0.492944,0.833868]],[[-0.518956,-0.794579,0.315166],[-0.0511345,-0.339184,-0.939329],[-0.85327,0.503586,-0.135391]],[[-0.518956,-0.794579,0.315166],[0.459198,-0.570124,-0.681246],[-0.720987,0.208813,-0.660738]]],"btipPosition":[-26.1586,281.761,31.7435],"carpPosition":[-25.156,312.852,89.6334],"dipPosition":[-38.4697,285.327,20.4612],"direction":[0.85327,-0.503586,0.135391],"extended":false,"handId":928,"id":9284,"length":50.0378,"mcpPosition":[-63.7012,312.351,47.0467],"pipPosition":[-55.0024,295.084,17.8379],"stabilizedTipPosition":[-54.672,247.582,234.277],"timeVisible":0.713922,"tipPosition":[-29.5868,282.558,28.0901],"tipVelocity":[-7.87749,7.24465,-103.603],"tool":false,"touchDistance":0.333333,"touchZone":"none","type":4,"width":15.9071}],"r":[[0.682154,-0.629318,0.372325],[0.666418,0.325525,-0.670761]