{"sensorType":"Leap","data":[[0,{"currentFrameRate":109.761,"devices":[],"gestures":[],"hands":[{"armBasis":[[0.845193,0.129146,-0.518624],[0.174109,0.850902,0.495632],[0.505307,-0.509202,0.696691]],"armWidth":63.72,"confidence":0.479704,"direction":[-0.103847,0.183237,-0.977569],"elbow":[121.636,131.492,283.691],"grabStrength":0,"id":800,"palmNormal":[-0.147239,-0.974885,-0.167093],"palmPosition":[-28.5384,275.625,43.0509],"palmVelocity":[27.6438,-41.124,-225.979],"palmWidth":90.99,"pinchStrength":1,"r":[[0.950082,0.290295,0.114336],[-0.276898,0.953407,-0.119765],[-0.143776,0.0821267,0.986197]],"s":0.864788,"sphereCenter":[-35.6447,235.867,15.9084],"sphereRadius":44.941,"stabilizedPalmPosition":[-24.1743,269.507,277.101],"t":[-5.40846,28.9806,-225.114],"timeVisible":1.11184,"type":"right","wrist":[-14.7966,268.977,95.5841]}],"id":4405488,"interactionBox":{"center":[0,200,0],"size":[235.247,235.247,147.751]},"pointables":[{"bases":[[[0.507242,0.856782,-0.0928979],[-0.685248,0.466345,0.559426],[0.522628,-0.220106,0.823658]],[[0.294199,0.879899,-0.373129],[-0.916648,0.370292,0.150465],[0.270561,0.297761,0.915497]],[[0.294199,0.879899,-0.373129],[-0.952435,0.302374,-0.0379124],[0.0794655,0.366535,0.927005]],[[0.294199,0.879899,-0.373129],[-0.909184,0.137288,-0.39311],[-0.294671,0.454895,0.84038]]],"btipPosition":[-53.3918,223.423,3.80581],"carpPosition":[-44.073,261.429,100.78],"dipPosition":[-60.2882,234.069,23.4737],"direction":[-0.0794655,-0.366535,-0.927005],"extended":false,"handId":800,"id":8000,"length":52.1164,"mcpPosition":[-44.073,261.429,100.78],"pipPosition":[-57.5787,246.566,55.0805],"stabilizedTipPosition":[-66.5458,220.451,231.184],"timeVisible":1.11184,"tipPosition":[-55.8591,225.404,8.45358],"tipVelocity":[88.8375,-34.1092,-257.939],"tool":false,"touchDistance":-0.570764,"touchZone":"hovering","type":0,"width":20.25},{"bases":[[[0.952234,-0.0940212,-0.290534],[0.105925,0.994048,0.0254831],[0.286408,-0.0550406,0.956525]],[[0.985913,-0.101653,-0.132825],[0.0897748,0.991652,-0.0925591],[0.141125,0.0793309,0.986808]],[[0.985913,-0.101653,-0.132825],[0.0743959,0.977762,-0.196081],[0.149803,0.183437,0.97155]],[[0.985913,-0.101653,-0.132825],[0.0619733,0.959616,-0.274402],[0.155355,0.262305,0.952397]]],"btipPosition":[-67.781,273.157,-59.9693],"carpPosition":[-34.3718,281.431,92.5526],"dipPosition":[-65.1267,277.639,-43.697],"direction":[-0.149803,-0.183437,-0.97155],"extended":true,"handId":800,"id":8001,"length":58.8075,"mcpPosition":[-55.4428,285.481,22.1814],"pipPosition":[-61.5058,282.073,-20.2142],"stabilizedTipPosition":[-67.4386,259.221,182.012],"timeVisible":1.11184,"tipPosition":[-66.8901,273.163,-56.045],"tipVelocity":[25.4732,-11.2648,-228.897],"tool":false,"touchDistance":-0.602362,"touchZone":"hovering","type":1,"width":19.3428},{"bases":[[[0.950071,-0.268667,-0.158691],[0.271649,0.962392,-0.00300779],[0.153531,-0.0402506,0.987324]],[[0.95031,-0.26873,-0.157147],[0.0521152,0.635009,-0.770745],[0.306912,0.724257,0.61746]],[[0.95031,-0.26873,-0.157147],[-0.295157,-0.617323,-0.729243],[0.0989588,0.73939,-0.665966]],[[0.95031,-0.26873,-0.157147],[-0.276064,-0.960775,-0.0264581],[-0.143873,0.0685259,-0.987221]]],"btipPosition":[-48.3764,227.596,27.3377],"carpPosition":[-22.7612,282.011,88.4936],"dipPosition":[-51.0801,228.884,8.78581],"direction":[-0.0989588,-0.73939,0.665966],"extended":false,"handId":800,"id":8002,"length":67.0064,"mcpPosition":[-33.4728,284.819,19.61],"pipPosition":[-48.266,249.91,-10.1519],"stabilizedTipPosition":[-33.6467,218.975,257.89],"timeVisible":1.11184,"tipPosition":[-48.7403,228.028,24.354],"tipVelocity":[75.4528,-59.0394,-292.424],"tool":false,"touchDistance":0.333333,"touchZone":"none","type":2,"width":18.9972},{"bases":[[[0.93911,-0.343442,-0.0109874],[0.343589,0.938964,0.0171374],[0.00443106,-0.019869,0.999793]],[[0.938682,-0.343928,0.0242621],[0.242311,0.608002,-0.756055],[0.245277,0.715574,0.654058]],[[0.938682,-0.343928,0.0242621],[-0.205345,-0.614198,-0.761967],[0.276964,0.710263,-0.647161]],[[0.938682,-0.343928,0.0242621],[-0.342248,-0.937989,-0.055168],[0.0417314,0.0434816,-0.998182]]],"btipPosition":[-30.7168,228.411,30.4685],"carpPosition":[-11.0282,279.626,85.7409],"dipPosition":[-29.9371,229.223,11.8185],"direction":[-0.276964,-0.710263,0.647161],"extended":false,"handId":800,"id":8003,"length":64.4285,"mcpPosition":[-11.3057,280.871,23.1139],"pipPosition":[-22.2646,248.899,-6.10918],"stabilizedTipPosition":[-20.4976,221.362,259.517],"timeVisible":1.11184,"tipPosition":[-30.5042,228.715,27.0899],"tipVelocity":[82.2587,-34.7698,-249.1],"tool":false,"touchDistance":0.333333,"touchZone":"none","type":3,"width":18.077},{"bases":[[[0.863544,-0.493824,0.102122],[0.484504,0.868647,0.103481],[-0.13981,-0.0398822,0.989375]],[[0.787491,-0.484604,0.38081],[0.59689,0.445721,-0.667125],[0.153557,0.752657,0.640257]],[[0.787491,-0.484604,0.38081],[-0.0587594,-0.674089,-0.736309],[0.613518,0.557461,-0.559314]],[[0.787491,-0.484604,0.38081],[-0.478697,-0.870103,-0.117344],[0.388209,-0.0898853,-0.917177]]],"btipPosition":[-16.2105,236.752,31.996],"carpPosition":[-0.196596,270.406,85.2553],"dipPosition":[-9.51903,235.202,16.1868],"direction":[-0.613518,-0.557461,0.559314],"extended":false,"handId":800,"id":8004,"length":50.5107,"mcpPosition":[7.91029,272.719,27.8862],"pipPosition":[2.48065,246.106,5.24726],"stabilizedTipPosition":[-4.39005,232.024,259.949],"timeVisible":1.11184,"tipPosition":[-14.8635,236.62,29.3621],"tipVelocity":[73.2525,-17.2269,-249.188],"tool":false,"touchDistance":0.333333,"touchZone":"none","type":4,"width":16.0574}],"r":[[0.950082,0.290295,0.114336],[-0.276898,0.953407,-0.119765],[-0.143776,0.0821267,0.986197]],"s":0.864788,"t":[-5.40846,28.9806,-225.114],"timestamp":606769702222},false],[1,{"currentFrameRate":109.848,"devices":[],"gestures":[],"hands":[{"armBasis":[[0.846756,0.132669,-0.515174],[0.168688,0.851469,0.496532],[0.504529,-0.507345,0.698607]],"armWidth":63.72,"confidence":0.508651,"direction":[-0.104917,0.185255,-0.977074],"elbow":[121.736,131.643,283.087],"grabStrength":0,"id":800,"palmNormal":[-0.141152,-0.975323,-0.169766],"palmPosition":[-28.2658,275.332,41.9476],"palmVelocity":[28.416,-38.8133,-197.919],"palmWidth":90.99,"pinchStrength":1,"r":[[0.94771,0.297396,0.115768],[-0.28446,0.951643,-0.116005],[-0.144669,0.077008,0.986479]],"s":0.864221,"sphereCenter":[-34.8697,235.499,14.6596],"sphereRadius":45.0056,"stabilizedPalmPosition":[-24.1744,269.507,277.096],"t":[-5.1925,28.6505,-226.755],"timeVisible":1.12079,"type":"right","wrist":[-14.4866,268.627,94.4636]}],"id":4405489,"interactionBox":{"center":[0,200,0],"size":[235.247,235.247,147.751]},"pointables":[{"bases":[[[0.501903,0.860175,-0.0905142],[-0.688179,0.460539,0.560636],[0.523931,-0.219095,0.8231]],[[0.289245,0.8828,-0.370136],[-0.91759,0.365847,0.155513],[0.2727,0.294652,0.915869]],[[0.289245,0.8828,-0.370136],[-0.95429,0.296333,-0.0389604],[0.0752894,0.364486,0.92816]],[[0.289245,0.8828,-0.370136],[-0.907403,0.129703,-0.399746],[-0.304888,0.451487,0.838572]]],"btipPosition":[-52.7598,223.181,2.64652],"carpPosition":[-43.7157,260.883,99.6363],"dipPosition":[-59.8952,233.747,22.2721],"direction":[-0.0752894,-0.364486,-0.92816],"extended":false,"handId":800,"id":8000,"length":52.1164,"mcpPosition":[-43.7157,260.883,99.6363],"pipPosition":[-57.3282,246.175,53.9183],"stabilizedTipPosition":[-66.5445,220.452,231.16],"timeVisible":1.12079,"tipPosition":[-55.2274,225.132,7.2547],"tipVelocity":[82.1817,-32.724,-223.151],"tool":false,"touchDistance":-0.559556,"touchZone":"hovering","type":0,"width":20.25},{"bases":[[[0.952822,-0.0872949,-0.290705],[0.0997294,0.994615,0.0282057],[0.286678,-0.0558669,0.956397]],[[0.986481,-0.0951298,-0.133435],[0.0835961,0.992469,-0.0895371],[0.140948,0.077172,0.987005]],[[0.986481,-0.0951298,-0.133435],[0.0682448,0.978771,-0.193262],[0.148988,0.181543,0.972031]],[[0.986481,-0.0951298,-0.133435],[0.0558872,0.960739,-0.271766],[0.15405,0.260635,0.953068]]],"btipPosition":[-67.5181,272.921,-61.0795],"carpPosition":[-34.1387,280.968,91.4644],"dipPosition":[-64.886,277.374,-44.7958],"direction":[-0.148988,-0.181543,-0.972031],"extended":true,"handId":800,"id":8001,"length":58.8075,"mcpPosition":[-55.2295,285.078,21.1027],"pipPosition":[-61.285,281.762,-21.3014],"stabilizedTipPosition":[-67.4386,259.221,182.011],"timeVisible":1.12079,"tipPosition":[-66.6218,272.943,-57.1613],"tipVelocity":[26.3837,-15.5969,-200.17],"tool":false,"touchDistance":-0.587073,"touchZone":"hovering","type":1,"width":19.3428},{"bases":[[[0.951737,-0.26231,-0.15934],[0.265649,0.96407,-0.000356878],[0.153709,-0.041989,0.987224]],[[0.951951,-0.262369,-0.15796],[0.0494169,0.640628,-0.766259],[0.302236,0.721636,0.622813]],[[0.951951,-0.262369,-0.15796],[-0.290831,-0.612894,-0.734696],[0.0959484,0.745335,-0.65975]],[[0.951951,-0.262369,-0.15796],[-0.270769,-0.962049,-0.0338572],[-0.143082,0.0750011,-0.986865]]],"btipPosition":[-47.8631,227.173,25.8176],"carpPosition":[-22.5317,281.63,87.408],"dipPosition":[-50.5519,228.582,7.27247],"direction":[-0.0959485,-0.745335,0.65975],"extended":false,"handId":800,"id":8002,"length":67.0064,"mcpPosition":[-33.2556,284.56,18.5314],"pipPosition":[-47.8235,249.777,-11.4884],"stabilizedTipPosition":[-33.6479,218.976,257.872],"timeVisible":1.12079,"tipPosition":[-48.2248,227.635,22.8347],"tipVelocity":[70.612,-54.9886,-258.883],"tool":false,"touchDistance":0.333333,"touchZone":"none","type":2,"width":18.9972},{"bases":[[[0.941232,-0.337554,-0.0118422],[0.337732,0.941035,0.0197306],[0.00448375,-0.0225706,0.999735]],[[0.940813,-0.338137,0.0231089],[0.237792,0.609959,-0.755913],[0.241507,0.716668,0.654264]],[[0.940813,-0.338137,0.0231089],[-0.202345,-0.615074,-0.762063],[0.271895,0.712283,-0.64709]],[[0.940813,-0.338137,0.0231089],[-0.336475,-0.940022,-0.0560708],[0.0406825,0.0449765,-0.998159]]],"btipPosition":[-30.1472,228.147,29.3695],"carpPosition":[-10.7838,279.326,84.6498],"dipPosition":[-29.3871,228.988,10.7199],"direction":[-0.271895,-0.712283,0.64709],"extended":false,"handId":800,"id":8003,"length":64.4285,"mcpPosition":[-11.0647,280.74,22.0264],"pipPosition":[-21.8551,248.719,-7.20582],"stabilizedTipPosition":[-20.4985,221.363,259.495],"timeVisible":1.12079,"tipPosition":[-29.9404,228.45,25.8925],"tipVelocity":[77.0347,-33.1167,-214.587],"tool":false,"touchDistance":0.333333,"touchZone":"none","type":3,"width":18.077},{"bases":[[[0.866596,-0.488713,0.10085],[0.479077,0.871362,0.105895],[-0.139629,-0.0434532,0.98925]],[[0.790689,-0.480785,0.379022],[0.593666,0.450869,-0.666542],[0.149574,0.75204,0.641922]],[[0.790689,-0.480785,0.379022],[-0.0554557,-0.672797,-0.737746],[0.609702,0.562309,-0.558635]],[[0.790689,-0.480785,0.379022],[-0.473592,-0.872669,-0.118996],[0.387972,-0.0854129,-0.917705]]],"btipPosition":[-15.6998,236.578,30.8249],"carpPosition":[0.105033,270.176,84.1401],"dipPosition":[-9.01242,235.106,15.0066],"direction":[-0.609702,-0.562309,0.558635],"extended":false,"handId":800,"id":8004,"length":50.5107,"mcpPosition":[8.20143,272.695,26.7782],"pipPosition":[2.91262,246.104,4.08035],"stabilizedTipPosition":[-4.39073,232.025,259.932],"timeVisible":1.12079,"tipPosition":[-14.3464,236.451,28.1482],"tipVelocity":[68.8011,-17.2894,-216.919],"tool":false,"touchDistance":0.333333,"touchZone":"none","type":4,"width":16.0574}],"r":[[0.94771,0.297396,0.115768],[-0.28446,0.951643,-0.116005],[-0.144669,0.077008,0.986479]],"s":0.864221,"t":[-5.1925,28.6505,-226.755],"timestamp":606769711171},false],[2,{"currentFrameRate":109.882,"devices":[],"gestures":[],"hands":[{"armBasis":[[0.847359,0.131169,-0.514565],[0.167882,0.853137,0.493936],[0.503783,-0.504927,0.700893]],"armWidth":63.72,"confidence":0.538379,"direction":[-0.106318,0.184901,-0.976989],"elbow":[121.895,132.099,282.966],"grabStrength":0,"id":800,"palmNormal":[-0.139921,-0.975563,-0.169405],"palmPosition":[-27.9764,275.104,41.2235],"palmVelocity":[29.4088,-35.0713,-165.45],"palmWidth":90.99,"pinchStrength":1,"r":[[0.945708,0.303341,0.116703],[-0.290804,0.950089,-0.112978],[-0.145149,0.0729063,0.98672]],"s":0.863644,"sphereCenter":[-34.3545,235.174,13.9219],"sphereRadius":45.0553,"stabilizedPalmPosition":[-24.1745,269.507,277.092],"t":[-4.93981,28.3714,-227.937],"timeVisible":1.12982,"type":"right","wrist":[-14.1266,268.429,93.7249]}],"id":4405490,"interactionBox":{"center":[0,200,0],"size":[235.247,235.247,147.751]},"pointables":[{"bases":[[[0.500539,0.86089,-0.0912696],[-0.688203,0.459647,0.561339],[0.525203,-0.21816,0.822538]],[[0.288171,0.883237,-0.369932],[-0.916682,0.366141,0.160107],[0.27686,0.292972,0.915159]],[[0.288171,0.883237,-0.369932],[-0.954698,0.294942,-0.0394998],[0.0742209,0.364556,0.928219]],[[0.288171,0.883237,-0.369932],[-0.905591,0.125808,-0.405065],[-0.311228,0.451735,0.836106]]],"btipPosition":[-52.4053,223.018,2.03437],"carpPosition":[-43.3383,260.644,98.933],"dipPosition":[-59.6892,233.59,21.6023],"direction":[-0.0742209,-0.364556,-0.928219],"extended":false,"handId":800,"id":8000,"length":52.1164,"mcpPosition":[-43.3383,260.644,98.933],"pipPosition":[-57.1586,246.02,53.2504],"stabilizedTipPosition":[-66.5429,220.453,231.131],"timeVisible":1.12982,"tipPosition":[-54.8607,224.957,6.60787],"tipVelocity":[69.2995,-28.642,-180.721],"tool":false,"touchDistance":-0.541315,"touchZone":"hovering","type":0,"width":20.25},{"bases":[[[0.952612,-0.0859607,-0.291791],[0.0983069,0.994765,0.0278885],[0.287866,-0.055252,0.956076]],[[0.986416,-0.0936992,-0.134924],[0.0820415,0.9926,-0.089523],[0.142314,0.0772376,0.986804]],[[0.986416,-0.0936992,-0.134924],[0.0665249,0.978858,-0.19342],[0.150195,0.181817,0.971794]],[[0.986416,-0.0936992,-0.134924],[0.0540493,0.960761,-0.27206],[0.155121,0.261072,0.952774]]],"btipPosition":[-67.3731,272.632,-61.755],"carpPosition":[-33.8002,280.741,90.7459],"dipPosition":[-64.7228,277.093,-45.4763],"direction":[-0.150195,-0.181817,-0.971794],"extended":true,"handId":800,"id":8001,"length":58.8075,"mcpPosition":[-54.9784,284.806,20.4078],"pipPosition":[-61.0925,281.488,-21.9876],"stabilizedTipPosition":[-67.4386,259.221,182.009],"timeVisible":1.12982,"tipPosition":[-66.468,272.676,-57.8434],"tipVelocity":[23.6599,-20.0488,-165.634],"tool":false,"touchDistance":-0.566848,"touchZone":"hovering","type":1,"width":19.3428},{"bases":[[[0.951935,-0.26095,-0.160389],[0.264238,0.964457,-0.000859928],[0.154913,-0.0415623,0.987054]],[[0.952131,-0.261003,-0.159134],[0.0485109,0.642986,-0.76434],[0.301816,0.720033,0.624868]],[[0.952131,-0.261003,-0.159134],[-0.290463,-0.6102,-0.737081],[0.0952769,0.74802,-0.656802]],[[0.952131,-0.261003,-0.159134],[-0.269935,-0.962168,-0.036978],[-0.143462,0.0781636,-0.986564]]],"btipPosition":[-47.5678,226.874,24.9089],"carpPosition":[-22.1989,281.42,86.676],"dipPosition":[-50.2638,228.343,6.3694],"direction":[-0.0952769,-0.74802,0.656802],"extended":false,"handId":800,"id":8002,"length":67.0064,"mcpPosition":[-33.0068,284.32,17.8112],"pipPosition":[-47.5544,249.614,-12.3077],"stabilizedTipPosition":[-33.6491,218.977,257.852],"timeVisible":1.12982,"tipPosition":[-47.9321,227.351,21.9162],"tipVelocity":[60.1056,-48.5253,-215.204],"tool":false,"touchDistance":0.333333,"touchZone":"none","type":2,"width":18.9972},{"bases":[[[0.94171,-0.33618,-0.0128634],[0.336378,0.941532,0.0191488],[0.00567386,-0.0223595,0.999734]],[[0.941336,-0.336755,0.0219711],[0.235793,0.609745,-0.756712],[0.241429,0.717501,0.653379]],[[0.941336,-0.336755,0.0219711],[-0.202592,-0.615978,-0.761267],[0.269894,0.712157,-0.648066]],[[0.941336,-0.336755,0.0219711],[-0.335188,-0.940545,-0.0549999],[0.0391863,0.044409,-0.998245]]],"btipPosition":[-29.802,227.917,28.6926],"carpPosition":[-10.4508,279.132,83.9047],"dipPosition":[-29.0698,228.747,10.0414],"direction":[-0.269894,-0.712157,0.648066],"extended":false,"handId":800,"id":8003,"length":64.4285,"mcpPosition":[-10.8062,280.533,21.2814],"pipPosition":[-21.5932,248.475,-7.91137],"stabilizedTipPosition":[-20.4995,221.363,259.469],"timeVisible":1.12982,"tipPosition":[-29.6018,228.214,25.1781],"tipVelocity":[66.1355,-31.0809,-176.098],"tool":false,"touchDistance":0.333333,"touchZone":"none","type":3,"width":18.077},{"bases":[[[0.867426,-0.487424,0.0999455],[0.477924,0.872083,0.105163],[-0.13842,-0.0434551,0.98942]],[[0.792249,-0.479658,0.377187],[0.59111,0.449883,-0.669473],[0.151428,0.753349,0.63995]],[[0.792249,-0.479658,0.377187],[-0.0578057,-0.674355,-0.736141],[0.607454,0.561404,-0.561984]],[[0.792249,-0.479658,0.377187],[-0.473277,-0.873197,-0.116341],[0.385162,-0.0863429,-0.918801]]],"btipPosition":[-15.3973,236.387,30.2133],"carpPosition":[0.450776,269.998,83.3842],"dipPosition":[-8.75836,234.899,14.3761],"direction":[-0.607454,-0.561404,0.561984],"extended":false,"handId":800,"id":8004,"length":50.5107,"mcpPosition":[8.47709,272.517,26.0125],"pipPosition":[3.12271,245.88,3.38435],"stabilizedTipPosition":[-4.39145,232.025,259.915],"timeVisible":1.12982,"tipPosition":[-14.0293,236.241,27.4406],"tipVelocity":[58.7232,-18.4429,-175.918],"tool":false,"touchDistance":0.333333,"touchZone":"none","type":4,"width":16.0574}],"r":[[0.945708,0.303341,0.116703],[-0.290804,0.950089,-0.112978],[-0.145149,0.0729063,0.98672]],"s":0.863644,"t":[-4.93981,28.3714,-227.937],"timestamp":606769720210},false],[3,{"currentFrameRate":109.922,"devices":[],"gestures":[],"hands":[{"armBasis":[[0.847253,0.125176,-0.51623],[0.171862,0.854969,0.489378],[0.502619,-0.503348,0.702862]],"armWidth":63.72,"confidence":0.567526,"direction":[-0.107001,0.182321,-0.9774],"elbow":[121.895,132.324,282.454],"grabStrength":0,"id":800,"palmNormal":[-0.144016,-0.975518,-0.166203],"palmPosition":[-27.7117,274.797,40.1798],"palmVelocity":[29.3841,-34.8038,-151.734],"palmWidth":90.99,"pinchStrength":1,"r":[[0.944355,0.307411,0.11701],[-0.295153,0.948973,-0.111061],[-0.14518,0.0703453,0.986901]],"s":0.863249,"sphereCenter":[-34.1885,234.789,13.0021],"sphereRadius":45.0683,"stabilizedPalmPosition":[-24.1746,269.508,277.087],"t":[-4.68114,28.078,-229.05],"timeVisible":1.13885,"type":"right","wrist":[-13.8124,268.228,92.6815]}],"id":4405491,"interactionBox":{"center":[0,200,0],"size":[235.247,235.247,147.751]},"pointables":[{"bases":[[[0.5038,0.858621,-0.094634],[-0.685571,0.464083,0.56091],[0.525527,-0.217708,0.82245]],[[0.291475,0.881001,-0.372665],[-0.914058,0.371374,0.16303],[0.282028,0.293119,0.913533]],[[0.291475,0.881001,-0.372665],[-0.953628,0.298193,-0.0409205],[0.0750753,0.367311,0.927063]],[[0.291475,0.881001,-0.372665],[-0.903832,0.126065,-0.408896],[-0.313258,0.456009,0.833022]]],"btipPosition":[-52.3537,222.747,1.24955],"carpPosition":[-43.0471,260.574,97.9554],"dipPosition":[-59.685,233.419,20.7453],"direction":[-0.0750753,-0.367311,-0.927063],"extended":false,"handId":800,"id":8000,"length":52.1164,"mcpPosition":[-43.0471,260.574,97.9554],"pipPosition":[-57.1253,245.943,52.354],"stabilizedTipPosition":[-66.5413,220.453,231.102],"timeVisible":1.13885,"tipPosition":[-54.795,224.713,5.78924],"tipVelocity":[51.4643,-28.3233,-155.412],"tool":false,"touchDistance":-0.527538,"touchZone":"hovering","type":0,"width":20.25},{"bases":[[[0.951842,-0.0906193,-0.292891],[0.102273,0.99445,0.0246888],[0.289028,-0.0534546,0.955827]],[[0.985789,-0.0979946,-0.136445],[0.085849,0.99203,-0.0922316],[0.144396,0.0792073,0.986345]],[[0.985789,-0.0979946,-0.136445],[0.0700623,0.978048,-0.196246],[0.152681,0.183898,0.971015]],[[0.985789,-0.0979946,-0.136445],[0.0573473,0.959743,-0.274963],[0.157897,0.26323,0.951724]]],"btipPosition":[-67.297,272.195,-62.7332],"carpPosition":[-33.4416,280.608,89.693],"dipPosition":[-64.5993,276.693,-46.4724],"direction":[-0.152681,-0.183898,-0.971015],"extended":true,"handId":800,"id":8001,"length":58.8075,"mcpPosition":[-54.7053,284.541,19.3731],"pipPosition":[-60.9089,281.138,-23.0026],"stabilizedTipPosition":[-67.4386,259.221,182.008],"timeVisible":1.13885,"tipPosition":[-66.3821,272.264,-58.8283],"tipVelocity":[19.8011,-27.5949,-149.995],"tool":false,"touchDistance":-0.553232,"touchZone":"hovering","type":1,"width":19.3428},{"bases":[[[0.950665,-0.265201,-0.160951],[0.268041,0.963398,-0.00420431],[0.156175,-0.0391446,0.986953]],[[0.950865,-0.265251,-0.159682],[0.0498172,0.640116,-0.766662],[0.305573,0.721037,0.621877]],[[0.950865,-0.265251,-0.159682],[-0.293889,-0.611038,-0.735025],[0.0973946,0.745838,-0.658968]],[[0.950865,-0.265251,-0.159682],[-0.273925,-0.961128,-0.034602],[-0.144297,0.0766427,-0.986562]]],"btipPosition":[-47.5262,226.556,24.0499],"carpPosition":[-21.8436,281.229,85.6043],"dipPosition":[-50.2379,227.996,5.51045],"direction":[-0.0973946,-0.745838,0.658968],"extended":false,"handId":800,"id":8002,"length":67.0064,"mcpPosition":[-32.7396,283.96,16.7465],"pipPosition":[-47.4683,249.205,-13.2282],"stabilizedTipPosition":[-33.6504,218.977,257.831],"timeVisible":1.13885,"tipPosition":[-47.8954,227.039,21.0192],"tipVelocity":[44.7183,-45.0556,-182.158],"tool":false,"touchDistance":0.333333,"touchZone":"none","type":2,"width":18.9972},{"bases":[[[0.940356,-0.339936,-0.0131804],[0.340119,0.94025,0.0157713],[0.00703162,-0.0193135,0.999789]],[[0.940032,-0.340402,0.021596],[0.237113,0.606656,-0.758779],[0.245189,0.718397,0.65099]],[[0.940032,-0.340402,0.021596],[-0.206089,-0.617291,-0.759262],[0.271786,0.70928,-0.650426]],[[0.940032,-0.340402,0.021596],[-0.33897,-0.939367,-0.0518641],[0.0379412,0.0414335,-0.998421]]],"btipPosition":[-29.742,227.576,27.7831],"carpPosition":[-10.1087,278.886,82.8232],"dipPosition":[-29.0331,228.35,9.12856],"direction":[-0.271786,-0.70928,0.650426],"extended":false,"handId":800,"id":8003,"length":64.4285,"mcpPosition":[-10.5491,280.096,20.1964],"pipPosition":[-21.5041,247.998,-8.88954],"stabilizedTipPosition":[-20.5005,221.364,259.441],"timeVisible":1.13885,"tipPosition":[-29.546,227.861,24.2604],"tipVelocity":[49.596,-33.3351,-155.381],"tool":false,"touchDistance":0.333333,"touchZone":"none","type":3,"width":18.077},{"bases":[[[0.865639,-0.490539,0.100199],[0.481514,0.870506,0.101796],[-0.137159,-0.0398711,0.989746]],[[0.791543,-0.481798,0.375938],[0.589995,0.442162,-0.675572],[0.159264,0.756547,0.634249]],[[0.791543,-0.481798,0.375938],[-0.0659515,-0.678925,-0.73124],[0.607544,0.554014,-0.569174]],[[0.791543,-0.481798,0.375938],[-0.478403,-0.871303,-0.109369],[0.38025,-0.0932797,-0.920168]]],"btipPosition":[-15.3593,236.04,29.491],"carpPosition":[0.756016,269.707,82.3151],"dipPosition":[-8.80505,234.432,13.6303],"direction":[-0.607544,-0.554014,0.569174],"extended":false,"handId":800,"id":8004,"length":50.5107,"mcpPosition":[8.70922,272.019,24.9245],"pipPosition":[3.07778,245.268,2.49794],"stabilizedTipPosition":[-4.39217,232.025,259.897],"timeVisible":1.13885,"tipPosition":[-13.9686,235.845,26.5733],"tipVelocity":[43.122,-24.8016,-149.681],"tool":false,"touchDistance":0.333333,"touchZone":"none","type":4,"width":16.0574}],"r":[[0.944355,0.307411,0.11701],[-0.295153,0.948973,-0.111061],[-0.14518,0.0703453,0.986901]],"s":0.863249,"t":[-4.68114,28.078,-229.05],"timestamp":606769729237},false],[4,{"currentFrameRate":109.939,"devices":[],"gestures":[],"hands":[{"armBasis":[[0.845976,0.117412,-0.520134],[0.177721,0.857595,0.482645],[0.502732,-0.500745,0.704638]],"armWidth":63.72,"confidence":0.597131,"direction":[-0.108199,0.178448,-0.977982],"elbow":[122.345,132.856,281.872],"grabStrength":0,"id":800,"palmNormal":[-0.149964,-0.97543,-0.161391],"palmPosition":[-27.3747,274.465,39.1197],"palmVelocity":[31.5358,-35.3036,-142.121],"palmWidth":90.99,"pinchStrength":1,"r":[[0.943667,0.309691,0.116551],[-0.297594,0.948303,-0.110267],[-0.144674,0.0693705,0.987045]],"s":0.862884,"sphereCenter":[-34.1322,234.383,12.1332],"sphereRadius":45.0705,"stabilizedPalmPosition":[-24.1746,269.508,277.081],"t":[-4.38331,27.7653,-230.137],"timeVisible":1.14792,"type":"right","wrist":[-13.3928,268.057,91.6195]}],"id":4405492,"interactionBox":{"center":[0,200,0],"size":[235.247,235.247,147.751]},"pointables":[{"bases":[[[0.508476,0.855282,-0.0997211],[-0.681621,0.470563,0.560324],[0.52616,-0.216939,0.822249]],[[0.296035,0.877656,-0.37694],[-0.91075,0.378311,0.165578],[0.287921,0.294281,0.911318]],[[0.296035,0.877656,-0.37694],[-0.952036,0.303094,-0.0419798],[0.0774043,0.371288,0.925286]],[[0.296035,0.877656,-0.37694],[-0.902774,0.128171,-0.410575],[-0.312031,0.461836,0.830268]]],"btipPosition":[-52.3674,222.438,0.524492],"carpPosition":[-42.6586,260.595,96.9947],"dipPosition":[-59.67,233.246,19.9557],"direction":[-0.0774043,-0.371288,-0.925286],"extended":false,"handId":800,"id":8000,"length":52.1164,"mcpPosition":[-42.6586,260.595,96.9947],"pipPosition":[-57.0309,245.906,51.5039],"stabilizedTipPosition":[-66.5397,220.454,231.074],"timeVisible":1.14792,"tipPosition":[-54.7807,224.439,5.04086],"tipVelocity":[37.0296,-28.9603,-135.026],"tool":false,"touchDistance":-0.514216,"touchZone":"hovering","type":0,"width":20.25},{"bases":[[[0.950635,-0.0974037,-0.294629],[0.108005,0.993951,0.0198862],[0.29091,-0.050726,0.955405]],[[0.984828,-0.104238,-0.138736],[0.0913438,0.991154,-0.0962843],[0.147546,0.0821508,0.985638]],[[0.984828,-0.104238,-0.138736],[0.0751564,0.976822,-0.200424],[0.156413,0.186956,0.969836]],[[0.984828,-0.104238,-0.138736],[0.0620872,0.958218,-0.279218],[0.162045,0.266368,0.950152]]],"btipPosition":[-67.248,271.668,-63.6908],"carpPosition":[-32.9578,280.536,88.6185],"dipPosition":[-64.4794,276.219,-47.4569],"direction":[-0.156413,-0.186956,-0.969836],"extended":true,"handId":800,"id":8001,"length":58.8075,"mcpPosition":[-54.3599,284.268,18.3298],"pipPosition":[-60.6988,280.738,-24.0156],"stabilizedTipPosition":[-67.4386,259.222,182.007],"timeVisible":1.14792,"tipPosition":[-66.3185,271.764,-59.7938],"tipVelocity":[16.3205,-35.6593,-137.93],"tool":false,"touchDistance":-0.540699,"touchZone":"hovering","type":1,"width":19.3428},{"bases":[[[0.948763,-0.271369,-0.161886],[0.273527,0.96182,-0.00923966],[0.158212,-0.0355138,0.986766]],[[0.948975,-0.271417,-0.160557],[0.0522956,0.637537,-0.768643],[0.310984,0.721026,0.619201]],[[0.948975,-0.271417,-0.160557],[-0.298653,-0.61005,-0.733924],[0.101251,0.744427,-0.659982]],[[0.948975,-0.271417,-0.160557],[-0.280069,-0.959394,-0.033527],[-0.144938,0.0767834,-0.986457]]],"btipPosition":[-47.549,226.183,23.1153],"carpPosition":[-21.3658,281.071,84.5008],"dipPosition":[-50.2727,227.626,4.57782],"direction":[-0.101251,-0.744427,0.659982],"extended":false,"handId":800,"id":8002,"length":67.0064,"mcpPosition":[-32.4039,283.549,15.656],"pipPosition":[-47.3935,248.795,-14.1897],"stabilizedTipPosition":[-33.6517,218.978,257.81],"timeVisible":1.14792,"tipPosition":[-47.9156,226.688,20.066],"tipVelocity":[31.5851,-43.9512,-160.303],"tool":false,"touchDistance":0.333333,"touchZone":"none","type":2,"width":18.9972},{"bases":[[[0.938367,-0.345366,-0.01375],[0.345517,0.938352,0.0106786],[0.00921431,-0.0147713,0.999848]],[[0.938123,-0.345671,0.020896],[0.238871,0.60223,-0.761748],[0.25073,0.719605,0.647536]],[[0.938123,-0.345671,0.020896],[-0.21119,-0.618886,-0.756557],[0.274452,0.705331,-0.653594]],[[0.938123,-0.345671,0.020896],[-0.344416,-0.937603,-0.0477299],[0.036091,0.0375796,-0.998642]]],"btipPosition":[-29.7078,227.181,26.9062],"carpPosition":[-9.65089,278.649,81.7039],"dipPosition":[-29.0334,227.883,8.24757],"direction":[-0.274452,-0.705331,0.653594],"extended":false,"handId":800,"id":8003,"length":64.4285,"mcpPosition":[-10.2281,279.574,19.0734],"pipPosition":[-21.4306,247.422,-9.85829],"stabilizedTipPosition":[-20.5016,221.365,259.412],"timeVisible":1.14792,"tipPosition":[-29.5169,227.456,23.3747],"tipVelocity":[36.6946,-36.6484,-139.207],"tool":false,"touchDistance":0.333333,"touchZone":"none","type":3,"width":18.077},{"bases":[[[0.863052,-0.495018,0.10049],[0.486709,0.868195,0.0967021],[-0.135114,-0.0345496,0.990228]],[[0.790049,-0.484707,0.375343],[0.58925,0.431491,-0.683081],[0.169136,0.760838,0.626513]],[[0.790049,-0.484707,0.375343],[-0.0755827,-0.684605,-0.724985],[0.608367,0.544404,-0.577506]],[[0.790049,-0.484707,0.375343],[-0.484842,-0.868715,-0.101302],[0.375168,-0.101949,-0.921333]]],"btipPosition":[-15.3515,235.615,28.818],"carpPosition":[1.16003,269.405,81.2134],"dipPosition":[-8.88481,233.858,12.9372],"direction":[-0.608367,-0.544404,0.577506],"extended":false,"handId":800,"id":8004,"length":50.5107,"mcpPosition":[8.99465,271.409,23.7948],"pipPosition":[3.01412,244.506,1.64182],"stabilizedTipPosition":[-4.39292,232.026,259.878],"timeVisible":1.14792,"tipPosition":[-13.9329,235.373,25.7563],"tipVelocity":[30.834,-31.9315,-128.982],"tool":false,"touchDistance":0.333333,"touchZone":"none","type":4,"width":16.0574}],"r":[[0.943667,0.309691,0.116551],[-0.297594,0.948303,-0.110267],[-0.144674,0.0693705,0.987045]],"s":0.862884,"t":[-4.38331,27.7653,-230.137],"timestamp":606769738302},false],[5,{"currentFrameRate":109.986,"devices":[],"gestures":[],"hands":[{"armBasis":[[0.845978,0.109031,-0.521952],[0.182882,0.860167,0.476096],[0.500875,-0.498222,0.707742]],"armWidth":63.72,"confidence":0.622012,"direction":[-0.111277,0.176966,-0.977906],"elbow":[122.452,133.247,281.563],"grabStrength":0,"id":800,"palmNormal":[-0.154611,-0.975119,-0.158868],"palmPosition":[-26.9447,274.128,38.0155],"palmVelocity":[35.9856,-35.8689,-136.745],"palmWidth":90.99,"pinchStrength":1,"r":[[0.943459,0.310782,0.115327],[-0.298847,0.947966,-0.109776],[-0.143442,0.0691036,0.987243]],"s":0.862459,"sphereCenter":[-33.9806,234.035,11.1143],"sphereRadius":45.0842,"stabilizedPalmPosition":[-24.1747,269.508,277.074],"t":[-4.0194,27.4407,-231.232],"timeVisible":1.15693,"type":"right","wrist":[-12.7846,267.767,90.473]}],"id":4405493,"interactionBox":{"center":[0,200,0],"size":[235.247,235.247,147.751]},"pointables":[{"bases":[[[0.511603,0.852978,-0.103399],[-0.677485,0.474477,0.562037],[0.528465,-0.217489,0.820624]],[[0.298544,0.87573,-0.379431],[-0.907767,0.3833,0.17041],[0.294669,0.29356,0.909391]],[[0.298544,0.87573,-0.379431],[-0.950965,0.306632,-0.0405309],[0.0808513,0.372926,0.924332]],[[0.298544,0.87573,-0.379431],[-0.902756,0.130115,-0.410002],[-0.309681,0.464937,0.829416]]],"btipPosition":[-52.2779,222.186,-0.344645],"carpPosition":[-42.0597,260.436,95.977],"dipPosition":[-59.5255,233.067,19.0667],"direction":[-0.0808513,-0.372926,-0.924332],"extended":false,"handId":800,"id":8000,"length":52.1164,"mcpPosition":[-42.0597,260.436,95.977],"pipPosition":[-56.7689,245.782,50.5823],"stabilizedTipPosition":[-66.5383,220.454,231.047],"timeVisible":1.15693,"tipPosition":[-54.6552,224.205,4.16013],"tipVelocity":[29.9685,-28.1696,-124.567],"tool":false,"touchDistance":-0.504234,"touchZone":"hovering","type":0,"width":20.25},{"bases":[[[0.949069,-0.101908,-0.298133],[0.112177,0.993534,0.0174905],[0.294423,-0.0500434,0.954364]],[[0.983757,-0.108557,-0.14296],[0.0951528,0.990677,-0.0974916],[0.15221,0.0823051,0.984915]],[[0.983757,-0.108557,-0.14296],[0.0784362,0.976318,-0.201621],[0.161461,0.187133,0.968974]],[[0.983757,-0.108557,-0.14296],[0.0649274,0.957678,-0.280425],[0.167351,0.266588,0.94917]]],"btipPosition":[-67.2714,271.387,-64.6407],"carpPosition":[-32.3096,280.32,87.5235],"dipPosition":[-64.4121,275.942,-48.4235],"direction":[-0.161461,-0.187133,-0.968974],"extended":true,"handId":800,"id":8001,"length":58.8075,"mcpPosition":[-53.9702,284.001,17.3113],"pipPosition":[-60.5095,280.465,-25.003],"stabilizedTipPosition":[-67.4386,259.222,182.005],"timeVisible":1.15693,"tipPosition":[-66.3224,271.491,-60.751],"tipVelocity":[11.7588,-34.4022,-129.113],"tool":false,"touchDistance":-0.529268,"touchZone":"hovering","type":1,"width":19.3428},{"bases":[[[0.946998,-0.275603,-0.165038],[0.27745,0.960662,-0.0122156],[0.161913,-0.0342217,0.986212]],[[0.947241,-0.275654,-0.163552],[0.0533277,0.638693,-0.767611],[0.316054,0.718391,0.619697]],[[0.947241,-0.275654,-0.163552],[-0.303251,-0.605506,-0.7358],[0.103794,0.746577,-0.657153]],[[0.947241,-0.275654,-0.163552],[-0.285069,-0.957803,-0.0367286],[-0.146526,0.0814144,-0.985851]]],"btipPosition":[-47.4599,225.8,21.8971],"carpPosition":[-20.7316,280.799,83.3595],"dipPosition":[-50.2134,227.33,3.37097],"direction":[-0.103794,-0.746577,0.657153],"extended":false,"handId":800,"id":8002,"length":67.0064,"mcpPosition":[-32.0279,283.187,14.5535],"pipPosition":[-47.2619,248.56,-15.3161],"stabilizedTipPosition":[-33.6529,218.979,257.789],"timeVisible":1.15693,"tipPosition":[-47.8219,226.342,18.8565],"tipVelocity":[25.4132,-42.9538,-153.327],"tool":false,"touchDistance":0.333333,"touchZone":"none","type":2,"width":18.9972},{"bases":[[[0.936875,-0.349264,-0.0167165],[0.34942,0.936936,0.00746886],[0.0130537,-0.0128385,0.999832]],[[0.936769,-0.349499,0.0177338],[0.238611,0.600842,-0.762924],[0.255986,0.718915,0.646245]],[[0.936769,-0.349499,0.0177338],[-0.216173,-0.617776,-0.756057],[0.275197,0.704417,-0.654266]],[[0.936769,-0.349499,0.0177338],[-0.34839,-0.936176,-0.0468845],[0.032988,0.0377417,-0.998743]]],"btipPosition":[-29.5327,226.787,25.8034],"carpPosition":[-9.0378,278.323,80.5219],"dipPosition":[-28.9163,227.493,7.14293],"direction":[-0.275197,-0.704417,0.654266],"extended":false,"handId":800,"id":8003,"length":64.4285,"mcpPosition":[-9.85548,279.127,17.8924],"pipPosition":[-21.2928,247.006,-10.9815],"stabilizedTipPosition":[-20.5028,221.366,259.383],"timeVisible":1.15693,"tipPosition":[-29.3497,227.072,22.2738],"tipVelocity":[31.5435,-38.5694,-134.599],"tool":false,"touchDistance":0.333333,"touchZone":"none","type":3,"width":18.077},{"bases":[[[0.86139,-0.498378,0.0981128],[0.490656,0.866367,0.0930812],[-0.131391,-0.0320396,0.990813]],[[0.789779,-0.487306,0.372534],[0.587148,0.424846,-0.68903],[0.177499,0.762915,0.621656]],[[0.789779,-0.487306,0.372534],[-0.0839272,-0.687473,-0.721344],[0.607623,0.538437,-0.58385]],[[0.789779,-0.487306,0.372534],[-0.489553,-0.86669,-0.0958417],[0.369576,-0.106682,-0.923056]]],"btipPosition":[-15.1792,235.223,27.9039],"carpPosition":[1.73294,269.034,80.0077],"dipPosition":[-8.80888,233.385,11.9934],"direction":[-0.607623,-0.538437,0.58385],"extended":false,"handId":800,"id":8004,"length":50.5107,"mcpPosition":[9.3517,270.892,22.5552],"pipPosition":[3.07549,243.916,0.573954],"stabilizedTipPosition":[-4.3937,232.026,259.859],"timeVisible":1.15693,"tipPosition":[-13.7506,234.952,24.7405],"tipVelocity":[26.9398,-35.6878,-121.625],"tool":false,"touchDistance":0.333333,"touchZone":"none","type":4,"width":16.0574}],"r":[[0.943459,0.310782,0.115327],[-0.298847,0.947966,-0.109776],[-0.143442,0.0691036,0.987243]],"s":0.862459,"t":[-4.0194,27.4407,-231.232],"timestamp":606769747312},false],[6,{"currentFrameRate":110.012,"devices":[],"gestures":[],"hands":[{"armBasis":[[0.846445,0.103193,-0.522381],[0.185757,0.862183,0.471311],[0.499024,-0.495975,0.710622]],"armWidth":63.72,"confidence":0.644373,"direction":[-0.113971,0.177728,-0.977458],"elbow":[122.367,133.344,281.007],"grabStrength":0,"id":800,"palmNormal":[-0.157024,-0.974724,-0.158922],"palmPosition":[-26.6799,273.675,36.7297],"palmVelocity":[34.138,-39.7814,-138.245],"palmWidth":90.99,"pinchStrength":1,"r":[[0.943484,0.31127,0.113795],[-0.299545,0.947825,-0.109091],[-0.141815,0.0688388,0.987497]],"s":0.862075,"sphereCenter":[-33.8315,233.592,9.7994],"sphereRadius":45.1224,"stabilizedPalmPosition":[-24.1748,269.508,277.066],"t":[-3.70503,27.052,-232.423],"timeVisible":1.16597,"type":"right","wrist":[-12.3692,267.257,89.1394]}],"id":4405494,"interactionBox":{"center":[0,200,0],"size":[235.247,235.247,147.751]},"pointables":[{"bases":[[[0.512958,0.852027,-0.104522],[-0.674798,0.475496,0.564404],[0.530587,-0.218984,0.818855]],[[0.29957,0.875415,-0.379351],[-0.905619,0.386014,0.175632],[0.300186,0.290934,0.908431]],[[0.29957,0.875415,-0.379351],[-0.950482,0.308307,-0.0391166],[0.0827134,0.372285,0.924426]],[[0.29957,0.875415,-0.379351],[-0.902147,0.130524,-0.41121],[-0.310465,0.465417,0.828854]]],"btipPosition":[-52.1801,221.872,-1.53328],"carpPosition":[-41.6414,259.981,94.7304],"dipPosition":[-59.4461,232.765,17.8649],"direction":[-0.0827134,-0.372285,-0.924425],"extended":false,"handId":800,"id":8000,"length":52.1164,"mcpPosition":[-41.6414,259.981,94.7304],"pipPosition":[-56.6259,245.458,49.3837],"stabilizedTipPosition":[-66.5369,220.455,231.023],"timeVisible":1.16597,"tipPosition":[-54.5434,223.891,2.95707],"tipVelocity":[24.5585,-29.8803,-126.555],"tool":false,"touchDistance":-0.500018,"touchZone":"hovering","type":0,"width":20.25},{"bases":[[[0.947934,-0.103609,-0.301142],[0.114187,0.993302,0.0176875],[0.297292,-0.0511531,0.953415]],[[0.982978,-0.110385,-0.146863],[0.0969533,0.990678,-0.0956902],[0.156056,0.0798226,0.984518]],[[0.982978,-0.110385,-0.146863],[0.0798387,0.976606,-0.199664],[0.165467,0.18454,0.968796]],[[0.982978,-0.110385,-0.146863],[0.066006,0.958192,-0.278408],[0.171455,0.263975,0.949168]]],"btipPosition":[-67.3835,271.213,-65.8154],"carpPosition":[-31.8785,279.85,86.2575],"dipPosition":[-64.4541,275.724,-49.5983],"direction":[-0.165467,-0.18454,-0.968796],"extended":true,"handId":800,"id":8001,"length":58.8075,"mcpPosition":[-53.7502,283.613,16.1151],"pipPosition":[-60.4547,280.184,-26.1821],"stabilizedTipPosition":[-67.4386,259.222,182.003],"timeVisible":1.16597,"tipPosition":[-66.4171,271.307,-61.9305],"tipVelocity":[5.58933,-30.538,-129.331],"tool":false,"touchDistance":-0.522295,"touchZone":"hovering","type":1,"width":19.3428},{"bases":[[[0.945936,-0.277373,-0.168136],[0.279302,0.960121,-0.012551],[0.164913,-0.0350884,0.985684]],[[0.946206,-0.277431,-0.166515],[0.0528779,0.640289,-0.766312],[0.319216,0.716283,0.620515]],[[0.946206,-0.277431,-0.166515],[-0.30624,-0.601707,-0.737676],[0.104461,0.748987,-0.654298]],[[0.946206,-0.277431,-0.166515],[-0.287688,-0.956866,-0.0405274],[-0.148089,0.0862518,-0.985206]]],"btipPosition":[-47.3922,225.313,20.4995],"carpPosition":[-20.3126,280.309,82.0579],"dipPosition":[-50.1751,226.933,1.98548],"direction":[-0.104461,-0.748987,0.654298],"extended":false,"handId":800,"id":8002,"length":67.0064,"mcpPosition":[-31.8183,282.757,13.2887],"pipPosition":[-47.2046,248.232,-16.6204],"stabilizedTipPosition":[-33.6542,218.979,257.768],"timeVisible":1.16597,"tipPosition":[-47.7565,225.889,17.4389],"tipVelocity":[20.2654,-45.3374,-153.579],"tool":false,"touchDistance":0.333333,"touchZone":"none","type":2,"width":18.9972},{"bases":[[[0.936129,-0.351097,-0.0198245],[0.351286,0.936243,0.00689639],[0.0161392,-0.01342,0.99978]],[[0.936133,-0.351351,0.0143821],[0.237831,0.602486,-0.761871],[0.259019,0.716633,0.647569]],[[0.936133,-0.351351,0.0143821],[-0.218918,-0.614312,-0.758087],[0.27519,0.706522,-0.651995]],[[0.936133,-0.351351,0.0143821],[-0.350278,-0.935317,-0.049879],[0.0309768,0.0416557,-0.998652]]],"btipPosition":[-29.4185,226.283,24.3435],"carpPosition":[-8.63259,277.811,79.1825],"dipPosition":[-28.8397,227.061,5.68471],"direction":[-0.27519,-0.706522,0.651995],"extended":false,"handId":800,"id":8003,"length":64.4285,"mcpPosition":[-9.64355,278.652,16.5563],"pipPosition":[-21.2164,246.633,-12.3768],"stabilizedTipPosition":[-20.5038,221.366,259.353],"timeVisible":1.16597,"tipPosition":[-29.2382,226.597,20.8273],"tipVelocity":[26.0653,-42.8083,-141.987],"tool":false,"touchDistance":0.333333,"touchZone":"none","type":3,"width":18.077},{"bases":[[[0.860708,-0.500126,0.0951573],[0.492648,0.865349,0.09203],[-0.128371,-0.0323319,0.991199]],[[0.789936,-0.489055,0.369901],[0.586018,0.424524,-0.69019],[0.180509,0.761975,0.621941]],[[0.789936,-0.489055,0.369901],[-0.0869525,-0.686484,-0.721927],[0.606993,0.538113,-0.584803]],[[0.789936,-0.489055,0.369901],[-0.491288,-0.86575,-0.0954651],[0.366929,-0.106316,-0.924154]]],"btipPosition":[-15.0176,234.741,26.5309],"carpPosition":[2.11819,268.502,78.6296],"dipPosition":[-8.69291,232.909,10.6014],"direction":[-0.606993,-0.538113,0.584803],"extended":false,"handId":800,"id":8004,"length":50.5107,"mcpPosition":[9.56179,270.376,21.1547],"pipPosition":[3.17914,243.433,-0.836614],"stabilizedTipPosition":[-4.3945,232.026,259.838],"timeVisible":1.16597,"tipPosition":[-13.5993,234.471,23.3635],"tipVelocity":[24.1193,-40.506,-130.085],"tool":false,"touchDistance":0.333333,"touchZone":"none","type":4,"width":16.0574}],"r":[[0.94