{"sensorType":"Leap","data":[[0,{"currentFrameRate":109.076,"devices":[],"gestures":[],"hands":[{"armBasis":[[0.712547,-0.316525,-0.62617],[0.524571,0.833007,0.175853],[0.465942,-0.453775,0.759596]],"armWidth":63.72,"confidence":0.86297,"direction":[-0.0645159,0.47362,-0.878363],"elbow":[103.168,156.43,286.682],"grabStrength":0,"id":803,"palmNormal":[-0.549691,-0.751489,-0.364834],"palmPosition":[-34.8435,304.779,34.9369],"palmVelocity":[5.86016,28.8101,-69.4873],"palmWidth":90.99,"pinchStrength":1,"r":[[0.999864,-0.0050021,0.01572],[0.00753548,0.986183,-0.165488],[-0.014675,0.165584,0.986086]],"s":0.868801,"sphereCenter":[-56.8114,275.838,0.312663],"sphereRadius":45.3734,"stabilizedPalmPosition":[-35.8312,259.108,180.448],"t":[-12.4807,100.678,-210.437],"timeVisible":0.795268,"type":"right","wrist":[-22.6362,278.949,81.5905]}],"id":4406959,"interactionBox":{"center":[0,200,0],"size":[235.247,235.247,147.751]},"pointables":[{"bases":[[[0.814215,0.579753,0.0306484],[-0.399283,0.520874,0.754495],[0.421457,-0.626559,0.655589]],[[0.621443,0.758809,-0.194981],[-0.618102,0.627779,0.473121],[0.481414,-0.173499,0.85915]],[[0.621443,0.758809,-0.194981],[-0.772586,0.634856,0.00829174],[0.130077,0.145487,0.980772]],[[0.621443,0.758809,-0.194981],[-0.769882,0.545326,-0.331514],[-0.145227,0.356129,0.923082]]],"btipPosition":[-77.1629,277.671,-8.47005],"carpPosition":[-52.0957,282.306,89.4601],"dipPosition":[-80.5618,286.006,13.1334],"direction":[-0.130077,-0.145487,-0.980772],"extended":false,"handId":803,"id":8030,"length":52.1164,"mcpPosition":[-52.0957,282.306,89.4601],"pipPosition":[-76.1267,290.966,46.5734],"stabilizedTipPosition":[-83.4654,239.35,141.809],"timeVisible":0.795268,"tipPosition":[-77.8163,278.618,-3.23102],"tipVelocity":[6.1773,38.7507,-74.8039],"tool":false,"touchDistance":-0.436755,"touchZone":"hovering","type":0,"width":20.25},{"bases":[[[0.810217,-0.373249,-0.451923],[0.513431,0.823874,0.240042],[0.282732,-0.426517,0.859154]],[[0.842185,-0.4301,-0.325175],[0.466542,0.883613,0.0395865],[0.270302,-0.185047,0.944825]],[[0.842185,-0.4301,-0.325175],[0.43599,0.89804,-0.0586239],[0.317234,-0.0924009,0.943835]],[[0.842185,-0.4301,-0.325175],[0.410111,0.902499,-0.131546],[0.350048,-0.022572,0.93646]]],"btipPosition":[-81.3821,340.311,-57.9083],"carpPosition":[-35.3203,298.363,84.7041],"dipPosition":[-75.4013,339.926,-41.9083],"direction":[-0.317234,0.0924009,-0.943835],"extended":true,"handId":803,"id":8031,"length":58.8075,"mcpPosition":[-56.1208,329.742,21.4965],"pipPosition":[-67.7336,337.692,-19.0954],"stabilizedTipPosition":[-82.1837,288.319,101.566],"timeVisible":0.795268,"tipPosition":[-80.3652,338.774,-54.2039],"tipVelocity":[9.75041,39.4211,-76.1902],"tool":false,"touchDistance":-0.44413,"touchZone":"touching","type":1,"width":19.3428},{"bases":[[[0.741487,-0.562386,-0.365948],[0.649099,0.739347,0.178988],[0.169902,-0.370254,0.913261]],[[0.746926,-0.574871,-0.334103],[0.236677,0.69944,-0.674365],[0.621358,0.424626,0.658488]],[[0.746926,-0.574871,-0.334103],[-0.537088,-0.225424,-0.812847],[0.391967,0.78658,-0.477131]],[[0.746926,-0.574871,-0.334103],[-0.662885,-0.682978,-0.306798],[-0.051816,0.450627,-0.891207]]],"btipPosition":[-76.7196,270,13.9615],"carpPosition":[-24.7438,295.471,79.1019],"dipPosition":[-77.6933,278.468,-2.78603],"direction":[-0.391967,-0.78658,0.477131],"extended":false,"handId":803,"id":8032,"length":67.0064,"mcpPosition":[-36.5975,321.302,15.3855],"pipPosition":[-66.5472,300.835,-16.3539],"stabilizedTipPosition":[-76.5017,220.569,165.37],"timeVisible":0.795268,"tipPosition":[-77.2555,271.336,10.4705],"tipVelocity":[25.0729,21.9269,-73.5239],"tool":false,"touchDistance":0.333333,"touchZone":"none","type":2,"width":18.9972},{"bases":[[[0.707352,-0.664867,-0.24001],[0.705502,0.685098,0.181407],[0.0438192,-0.297646,0.95367]],[[0.707149,-0.663526,-0.244283],[0.363098,0.637234,-0.679774],[0.606713,0.392003,0.691544]],[[0.707149,-0.663526,-0.244283],[-0.485814,-0.204929,-0.8497],[0.513737,0.71954,-0.467265]],[[0.707149,-0.663526,-0.244283],[-0.703455,-0.625351,-0.337768],[0.0713556,0.410694,-0.908977]]],"btipPosition":[-60.6515,263.089,13.3318],"carpPosition":[-15.2342,289.565,74.0401],"dipPosition":[-59.3183,270.762,-3.65148],"direction":[-0.513737,-0.71954,0.467265],"extended":false,"handId":803,"id":8033,"length":64.4285,"mcpPosition":[-17.979,308.21,14.3022],"pipPosition":[-45.0867,290.695,-16.5957],"stabilizedTipPosition":[-59.6632,212.661,166.624],"timeVisible":0.795268,"tipPosition":[-60.6873,264.284,9.86238],"tipVelocity":[30.2514,28.0436,-72.4158],"tool":false,"touchDistance":0.333333,"touchZone":"none","type":3,"width":18.077},{"bases":[[[0.581312,-0.798845,-0.154672],[0.808013,0.544341,0.225405],[-0.0958691,-0.256008,0.961909]],[[0.570617,-0.818278,-0.0694041],[0.535525,0.434847,-0.723962],[0.622583,0.375938,0.686339]],[[0.570617,-0.818278,-0.0694041],[-0.44819,-0.23949,-0.861261],[0.688129,0.522556,-0.503401]],[[0.570617,-0.818278,-0.0694041],[-0.781715,-0.51533,-0.351222],[0.251631,0.254668,-0.933716]]],"btipPosition":[-43.5456,264.324,15.5935],"carpPosition":[-9.29425,277.382,69.6982],"dipPosition":[-39.2083,268.713,-0.500757],"direction":[-0.688129,-0.522556,0.503401],"extended":false,"handId":803,"id":8034,"length":50.5107,"mcpPosition":[-3.73526,292.227,13.9217],"pipPosition":[-25.7493,278.934,-10.3467],"stabilizedTipPosition":[-42.5111,215.834,162.231],"timeVisible":0.795268,"tipPosition":[-42.7535,264.781,12.0939],"tipVelocity":[28.1178,30.8725,-65.2345],"tool":false,"touchDistance":0.333333,"touchZone":"none","type":4,"width":16.0574}],"r":[[0.999864,-0.0050021,0.01572],[0.00753548,0.986183,-0.165488],[-0.014675,0.165584,0.986086]],"s":0.868801,"t":[-12.4807,100.678,-210.437],"timestamp":606783440620},false],[1,{"currentFrameRate":109.113,"devices":[],"gestures":[],"hands":[{"armBasis":[[0.714439,-0.315208,-0.624677],[0.523576,0.833083,0.178442],[0.464161,-0.454551,0.760222]],"armWidth":63.72,"confidence":0.857622,"direction":[-0.0664189,0.474246,-0.877883],"elbow":[102.842,156.764,285.84],"grabStrength":0,"id":803,"palmNormal":[-0.548601,-0.752264,-0.364879],"palmPosition":[-34.7915,305.339,33.962],"palmVelocity":[5.82153,37.8836,-79.9242],"palmWidth":90.99,"pinchStrength":1,"r":[[0.999869,-0.00175034,0.0160624],[0.0044015,0.986025,-0.16654],[-0.0155465,0.166589,0.985904]],"s":0.870231,"sphereCenter":[-56.8374,276.481,-0.660708],"sphereRadius":45.3819,"stabilizedPalmPosition":[-35.8309,259.121,180.407],"t":[-12.4201,101.073,-211.167],"timeVisible":0.804367,"type":"right","wrist":[-22.4818,279.493,80.5799]}],"id":4406960,"interactionBox":{"center":[0,200,0],"size":[235.247,235.247,147.751]},"pointables":[{"bases":[[[0.813098,0.58134,0.0302557],[-0.399486,0.519432,0.755381],[0.423418,-0.626286,0.654587]],[[0.620678,0.759655,-0.194122],[-0.618214,0.626433,0.474757],[0.482256,-0.174662,0.858442]],[[0.620678,0.759655,-0.194122],[-0.773057,0.634254,0.0102744],[0.130928,0.14369,0.980924]],[[0.620678,0.759655,-0.194122],[-0.770868,0.545998,-0.328099],[-0.143252,0.353287,0.924482]]],"btipPosition":[-77.1237,278.336,-9.44808],"carpPosition":[-51.9392,282.785,88.4847],"dipPosition":[-80.4763,286.604,12.1881],"direction":[-0.130928,-0.14369,-0.980924],"extended":false,"handId":803,"id":8030,"length":52.1164,"mcpPosition":[-51.9392,282.785,88.4847],"pipPosition":[-76.0122,291.503,45.6333],"stabilizedTipPosition":[-83.4624,239.371,141.732],"timeVisible":0.804367,"tipPosition":[-77.7669,279.268,-4.20884],"tipVelocity":[5.98382,47.7948,-83.6323],"tool":false,"touchDistance":-0.43597,"touchZone":"hovering","type":0,"width":20.25},{"bases":[[[0.810459,-0.371253,-0.453132],[0.51206,0.824684,0.240189],[0.28452,-0.426694,0.858476]],[[0.842552,-0.427868,-0.327163],[0.465663,0.883905,0.043251],[0.270675,-0.188789,0.943978]],[[0.842552,-0.427868,-0.327163],[0.434713,0.898828,-0.0559721],[0.318012,-0.0950626,0.943309]],[[0.842552,-0.427868,-0.327163],[0.408438,0.903515,-0.129767],[0.35112,-0.0242907,0.936015]]],"btipPosition":[-81.4473,341.095,-58.7816],"carpPosition":[-35.2009,298.88,83.7242],"dipPosition":[-75.4482,340.68,-42.7893],"direction":[-0.318012,0.0950626,-0.943309],"extended":true,"handId":803,"id":8031,"length":58.8075,"mcpPosition":[-56.1329,330.271,20.5664],"pipPosition":[-67.7618,338.382,-19.9891],"stabilizedTipPosition":[-82.1822,288.358,101.45],"timeVisible":0.804367,"tipPosition":[-80.4169,339.575,-55.087],"tipVelocity":[5.18884,52.1634,-81.7292],"tool":false,"touchDistance":-0.441177,"touchZone":"touching","type":1,"width":19.3428},{"bases":[[[0.742199,-0.5606,-0.367245],[0.647828,0.740479,0.178913],[0.171638,-0.370701,0.912755]],[[0.747609,-0.572889,-0.335975],[0.236209,0.702166,-0.671691],[0.620714,0.422802,0.660267]],[[0.747609,-0.572889,-0.335975],[-0.537965,-0.225724,-0.812184],[0.389453,0.787939,-0.476947]],[[0.747609,-0.572889,-0.335975],[-0.661748,-0.685459,-0.303704],[-0.0563086,0.449382,-0.891563]]],"btipPosition":[-76.5348,270.646,12.9185],"carpPosition":[-24.6248,296.013,78.1078],"dipPosition":[-77.593,279.09,-3.83573],"direction":[-0.389453,-0.787939,0.476947],"extended":false,"handId":803,"id":8032,"length":67.0064,"mcpPosition":[-36.5997,321.876,14.4267],"pipPosition":[-66.5183,301.497,-17.3984],"stabilizedTipPosition":[-76.5018,220.579,165.339],"timeVisible":0.804367,"tipPosition":[-77.0965,271.962,9.43638],"tipVelocity":[23.1604,35.363,-84.9624],"tool":false,"touchDistance":0.333333,"touchZone":"none","type":2,"width":18.9972},{"bases":[[[0.708405,-0.663256,-0.241358],[0.704341,0.68634,0.181224],[0.0454561,-0.298378,0.953365]],[[0.708196,-0.661926,-0.245584],[0.363111,0.639801,-0.677351],[0.605481,0.390523,0.693458]],[[0.708196,-0.661926,-0.245584],[-0.486101,-0.204886,-0.849546],[0.51202,0.721024,-0.466862]],[[0.708196,-0.661926,-0.245584],[-0.702736,-0.627398,-0.335461],[0.0679716,0.410153,-0.90948]]],"btipPosition":[-60.4631,263.735,12.2541],"carpPosition":[-15.1091,290.13,73.0306],"dipPosition":[-59.1931,271.399,-4.73859],"direction":[-0.51202,-0.721024,0.466862],"extended":false,"handId":803,"id":8033,"length":64.4285,"mcpPosition":[-17.9565,308.821,13.3118],"pipPosition":[-45.0091,291.372,-17.6716],"stabilizedTipPosition":[-59.6635,212.691,166.534],"timeVisible":0.804367,"tipPosition":[-60.5166,264.92,8.79351],"tipVelocity":[27.1628,39.8871,-85.2374],"tool":false,"touchDistance":0.333333,"touchZone":"none","type":3,"width":18.077},{"bases":[[[0.582724,-0.797557,-0.155998],[0.80718,0.545748,0.224988],[-0.0943054,-0.257025,0.961793]],[[0.571725,-0.817636,-0.0678315],[0.5381,0.436101,-0.721294],[0.619337,0.375882,0.6893]],[[0.571725,-0.817636,-0.0678315],[-0.446728,-0.240889,-0.86163],[0.68816,0.522918,-0.502984]],[[0.571725,-0.817636,-0.0678315],[-0.781439,-0.51749,-0.34865],[0.249967,0.252338,-0.934795]]],"btipPosition":[-43.349,264.999,14.4794],"carpPosition":[-9.14979,277.963,68.6716],"dipPosition":[-39.0403,269.348,-1.63344],"direction":[-0.68816,-0.522918,0.502984],"extended":false,"handId":803,"id":8034,"length":50.5107,"mcpPosition":[-3.68147,292.867,12.9019],"pipPosition":[-25.5807,279.576,-11.4712],"stabilizedTipPosition":[-42.5109,215.886,162.075],"timeVisible":0.804367,"tipPosition":[-42.5787,265.442,11.0077],"tipVelocity":[26.1136,42.5916,-81.2189],"tool":false,"touchDistance":0.333333,"touchZone":"none","type":4,"width":16.0574}],"r":[[0.999869,-0.00175034,0.0160624],[0.0044015,0.986025,-0.16654],[-0.0155465,0.166589,0.985904]],"s":0.870231,"t":[-12.4201,101.073,-211.167],"timestamp":606783449719},false],[2,{"currentFrameRate":109.209,"devices":[],"gestures":[],"hands":[{"armBasis":[[0.715112,-0.314413,-0.624308],[0.523622,0.83262,0.180458],[0.463072,-0.455949,0.760049]],"armWidth":63.72,"confidence":0.860041,"direction":[-0.0664774,0.474362,-0.877816],"elbow":[102.549,156.892,284.811],"grabStrength":0,"id":803,"palmNormal":[-0.548307,-0.75239,-0.365059],"palmPosition":[-34.7934,305.847,32.9822],"palmVelocity":[4.16493,43.0036,-87.9119],"palmWidth":90.99,"pinchStrength":1,"r":[[0.999866,0.000917767,0.0163564],[0.00183269,0.985896,-0.167352],[-0.0162793,0.167359,0.985762]],"s":0.87143,"sphereCenter":[-56.927,277.11,-1.63395],"sphereRadius":45.3776,"stabilizedPalmPosition":[-35.8306,259.136,180.359],"t":[-12.3908,101.525,-212.022],"timeVisible":0.813351,"type":"right","wrist":[-22.4804,279.998,79.5975]}],"id":4406961,"interactionBox":{"center":[0,200,0],"size":[235.247,235.247,147.751]},"pointables":[{"bases":[[[0.8129,0.581608,0.0304398],[-0.399746,0.51918,0.755417],[0.423553,-0.626247,0.654537]],[[0.62144,0.759316,-0.19301],[-0.617965,0.626495,0.474998],[0.481593,-0.175909,0.858559]],[[0.62144,0.759316,-0.19301],[-0.772474,0.634954,0.0108],[0.130753,0.142384,0.981137]],[[0.62144,0.759316,-0.19301],[-0.770585,0.547904,-0.325577],[-0.141465,0.351057,0.925606]]],"btipPosition":[-77.1272,278.989,-10.4728],"carpPosition":[-51.9398,283.278,87.4994],"dipPosition":[-80.4379,287.205,11.1897],"direction":[-0.130753,-0.142384,-0.981137],"extended":false,"handId":803,"id":8030,"length":52.1164,"mcpPosition":[-51.9398,283.278,87.4994],"pipPosition":[-75.9798,292.059,44.6422],"stabilizedTipPosition":[-83.4591,239.396,141.644],"timeVisible":0.813351,"tipPosition":[-77.765,279.91,-5.23014],"tipVelocity":[4.53149,54.247,-91.7904],"tool":false,"touchDistance":-0.435987,"touchZone":"hovering","type":0,"width":20.25},{"bases":[[[0.810634,-0.37091,-0.453098],[0.511757,0.824817,0.240377],[0.284564,-0.426734,0.858441]],[[0.842599,-0.42724,-0.327862],[0.466176,0.883452,0.0468288],[0.269643,-0.192299,0.943564]],[[0.842599,-0.42724,-0.327862],[0.435158,0.898799,-0.0528859],[0.317277,-0.0981104,0.943244]],[[0.842599,-0.42724,-0.327862],[0.408764,0.903739,-0.127156],[0.350628,-0.0268767,0.936129]]],"btipPosition":[-81.3857,341.867,-59.7426],"carpPosition":[-35.2064,299.38,82.7433],"dipPosition":[-75.395,341.408,-43.7482],"direction":[-0.317277,0.0981104,-0.943244],"extended":true,"handId":803,"id":8031,"length":58.8075,"mcpPosition":[-56.1417,330.775,19.5881],"pipPosition":[-67.7262,339.036,-20.9497],"stabilizedTipPosition":[-82.18,288.412,101.29],"timeVisible":0.813351,"tipPosition":[-80.3541,340.349,-56.0537],"tipVelocity":[5.58989,61.1036,-88.6328],"tool":false,"touchDistance":-0.439799,"touchZone":"touching","type":1,"width":19.3428},{"bases":[[[0.742428,-0.560294,-0.367248],[0.64756,0.740667,0.179104],[0.171658,-0.370787,0.912716]],[[0.747777,-0.572437,-0.336371],[0.237877,0.703973,-0.669206],[0.619874,0.420402,0.662585]],[[0.747777,-0.572437,-0.336371],[-0.538121,-0.225769,-0.812068],[0.388916,0.788254,-0.476865]],[[0.747777,-0.572437,-0.336371],[-0.661334,-0.687096,-0.300893],[-0.0588769,0.447454,-0.892367]]],"btipPosition":[-76.4361,271.299,11.8422],"carpPosition":[-24.6287,296.517,77.1277],"dipPosition":[-77.5425,279.708,-4.92719],"direction":[-0.388916,-0.788254,0.476865],"extended":false,"handId":803,"id":8032,"length":67.0064,"mcpPosition":[-36.6049,322.386,13.4493],"pipPosition":[-66.4831,302.123,-18.4875],"stabilizedTipPosition":[-76.5018,220.592,165.301],"timeVisible":0.813351,"tipPosition":[-77.0161,272.593,8.36718],"tipVelocity":[19.4855,45.3574,-94.6222],"tool":false,"touchDistance":0.333333,"touchZone":"none","type":2,"width":18.9972},{"bases":[[[0.708655,-0.662981,-0.241382],[0.70409,0.686547,0.181412],[0.0454471,-0.298513,0.953323]],[[0.708442,-0.661628,-0.245677],[0.364664,0.641185,-0.675205],[0.60426,0.388754,0.695515]],[[0.708442,-0.661628,-0.245677],[-0.485933,-0.204819,-0.849658],[0.511838,0.721316,-0.466609]],[[0.708442,-0.661628,-0.245677],[-0.702659,-0.628565,-0.333433],[0.0661846,0.408845,-0.910201]]],"btipPosition":[-60.3709,264.348,11.1914],"carpPosition":[-15.1105,290.639,72.0506],"dipPosition":[-59.1343,271.986,-5.81481],"direction":[-0.511838,-0.721316,0.466609],"extended":false,"handId":803,"id":8033,"length":64.4285,"mcpPosition":[-17.9573,309.338,12.3345],"pipPosition":[-44.9553,291.968,-18.7408],"stabilizedTipPosition":[-59.6638,212.723,166.437],"timeVisible":0.813351,"tipPosition":[-60.4383,265.521,7.73194],"tipVelocity":[22.2953,47.4677,-94.3953],"tool":false,"touchDistance":0.333333,"touchZone":"none","type":3,"width":18.077},{"bases":[[[0.583009,-0.797337,-0.156057],[0.806971,0.545983,0.225166],[-0.0943291,-0.257207,0.961741]],[[0.571737,-0.817769,-0.0661176],[0.539707,0.435578,-0.720408],[0.617927,0.3762,0.690391]],[[0.571737,-0.817769,-0.0661176],[-0.446384,-0.242443,-0.861372],[0.688373,0.521992,-0.503653]],[[0.571737,-0.817769,-0.0661176],[-0.781693,-0.518493,-0.346586],[0.249145,0.249839,-0.935685]]],"btipPosition":[-43.2845,265.57,13.4911],"carpPosition":[-9.14657,278.474,67.6905],"dipPosition":[-38.99,269.877,-2.63713],"direction":[-0.688373,-0.521992,0.503653],"extended":false,"handId":803,"id":8034,"length":50.5107,"mcpPosition":[-3.67688,293.388,11.9237],"pipPosition":[-25.5263,280.086,-12.488],"stabilizedTipPosition":[-42.5107,215.939,161.914],"timeVisible":0.813351,"tipPosition":[-42.5263,266.006,10.008],"tipVelocity":[20.8217,48.0605,-89.2206],"tool":false,"touchDistance":0.333333,"touchZone":"none","type":4,"width":16.0574}],"r":[[0.999866,0.000917767,0.0163564],[0.00183269,0.985896,-0.167352],[-0.0162793,0.167359,0.985762]],"s":0.87143,"t":[-12.3908,101.525,-212.022],"timestamp":606783458703},false],[3,{"currentFrameRate":109.223,"devices":[],"gestures":[],"hands":[{"armBasis":[[0.716403,-0.312952,-0.623561],[0.522336,0.833092,0.181995],[0.462528,-0.456091,0.760296]],"armWidth":63.72,"confidence":0.829859,"direction":[-0.0678022,0.475049,-0.877343],"elbow":[102.438,157.275,284.053],"grabStrength":0,"id":803,"palmNormal":[-0.547071,-0.753082,-0.365488],"palmPosition":[-34.8291,306.288,32.1882],"palmVelocity":[1.92227,44.4812,-87.6482],"palmWidth":90.99,"pinchStrength":1,"r":[[0.999858,0.0034257,0.0164918],[-0.000609573,0.985818,-0.167819],[-0.0168328,0.167785,0.98568]],"s":0.87254,"sphereCenter":[-57.0015,277.634,-2.4414],"sphereRadius":45.3873,"stabilizedPalmPosition":[-35.8302,259.154,180.302],"t":[-12.3939,101.971,-212.846],"timeVisible":0.822482,"type":"right","wrist":[-22.4445,280.419,78.7733]}],"id":4406962,"interactionBox":{"center":[0,200,0],"size":[235.247,235.247,147.751]},"pointables":[{"bases":[[[0.811819,0.583108,0.0305803],[-0.40035,0.517726,0.756095],[0.425053,-0.626055,0.653747]],[[0.621114,0.759964,-0.191498],[-0.618143,0.62525,0.476405],[0.481785,-0.177529,0.858118]],[[0.621114,0.759964,-0.191498],[-0.77258,0.634778,0.0133068],[0.131671,0.139682,0.981403]],[[0.621114,0.759964,-0.191498],[-0.771171,0.549091,-0.322172],[-0.139689,0.347783,0.927111]]],"btipPosition":[-77.1758,279.597,-11.3017],"carpPosition":[-51.9061,283.637,86.6928],"dipPosition":[-80.4451,287.736,10.3961],"direction":[-0.131671,-0.139682,-0.981403],"extended":false,"handId":803,"id":8030,"length":52.1164,"mcpPosition":[-51.9061,283.637,86.6928],"pipPosition":[-75.9557,292.499,43.8576],"stabilizedTipPosition":[-83.4552,239.426,141.54],"timeVisible":0.822482,"tipPosition":[-77.7973,280.492,-6.0585],"tipVelocity":[2.08049,57.1415,-91.2617],"tool":false,"touchDistance":-0.433033,"touchZone":"hovering","type":0,"width":20.25},{"bases":[[[0.811107,-0.368964,-0.453839],[0.510322,0.825556,0.240891],[0.28579,-0.426993,0.857905]],[[0.843111,-0.425069,-0.329363],[0.465356,0.883665,0.0507893],[0.269458,-0.196092,0.942836]],[[0.843111,-0.425069,-0.329363],[0.434104,0.899494,-0.049638],[0.31736,-0.101127,0.942898]],[[0.843111,-0.425069,-0.329363],[0.407458,0.90469,-0.124554],[0.350916,-0.0291888,0.935952]]],"btipPosition":[-81.4737,342.555,-60.4604],"carpPosition":[-35.2054,299.774,81.9434],"dipPosition":[-75.4781,342.057,-44.469],"direction":[-0.31736,0.101127,-0.942898],"extended":true,"handId":803,"id":8031,"length":58.8075,"mcpPosition":[-56.2308,331.188,18.8277],"pipPosition":[-67.8074,339.612,-21.6788],"stabilizedTipPosition":[-82.1769,288.491,101.059],"timeVisible":0.822482,"tipPosition":[-80.4351,341.044,-56.7793],"tipVelocity":[1.3908,64.8094,-85.8678],"tool":false,"touchDistance":-0.43493,"touchZone":"touching","type":1,"width":19.3428},{"bases":[[[0.7433,-0.558555,-0.368133],[0.646254,0.741718,0.179473],[0.172805,-0.371309,0.912287]],[[0.748648,-0.570624,-0.337513],[0.237858,0.706386,-0.666665],[0.618829,0.418817,0.664562]],[[0.748648,-0.570624,-0.337513],[-0.538302,-0.226034,-0.811875],[0.386986,0.789492,-0.476387]],[[0.748648,-0.570624,-0.337513],[-0.660042,-0.689299,-0.298682],[-0.062212,0.446381,-0.892678]]],"btipPosition":[-76.3445,271.816,10.9613],"carpPosition":[-24.6251,296.937,76.32],"dipPosition":[-77.5136,280.205,-5.81389],"direction":[-0.386986,-0.789492,0.476387],"extended":false,"handId":803,"id":8032,"length":67.0064,"mcpPosition":[-36.6813,322.842,12.6715],"pipPosition":[-66.5091,302.655,-19.3606],"stabilizedTipPosition":[-76.5019,220.607,165.256],"timeVisible":0.822482,"tipPosition":[-76.9415,273.096,7.49175],"tipVelocity":[16.4171,48.3532,-95.1762],"tool":false,"touchDistance":0.333333,"touchZone":"none","type":2,"width":18.9972},{"bases":[[[0.709782,-0.661422,-0.242344],[0.702887,0.687702,0.181703],[0.0464783,-0.29931,0.953023]],[[0.709557,-0.660021,-0.246781],[0.364589,0.643575,-0.672968],[0.602995,0.387536,0.69729]],[[0.709557,-0.660021,-0.246781],[-0.486168,-0.20504,-0.84947],[0.510068,0.722725,-0.466369]],[[0.709557,-0.660021,-0.246781],[-0.701826,-0.630648,-0.331244],[0.0629956,0.408234,-0.910701]]],"btipPosition":[-60.2582,264.866,10.3157],"carpPosition":[-15.0983,291.081,71.2328],"dipPosition":[-59.0812,272.494,-6.69986],"direction":[-0.510068,-0.722725,0.466369],"extended":false,"handId":803,"id":8033,"length":64.4285,"mcpPosition":[-18.0097,309.83,11.5354],"pipPosition":[-44.9513,292.515,-19.6192],"stabilizedTipPosition":[-59.664,212.759,166.33],"timeVisible":0.822482,"tipPosition":[-60.3458,266.031,6.85195],"tipVelocity":[19.1118,49.9886,-94.8801],"tool":false,"touchDistance":0.333333,"touchZone":"none","type":3,"width":18.077},{"bases":[[[0.584431,-0.796094,-0.157082],[0.806054,0.547292,0.225276],[-0.0933712,-0.258275,0.961549]],[[0.572839,-0.817125,-0.0645111],[0.540171,0.435532,-0.720088],[0.616499,0.377647,0.690877]],[[0.572839,-0.817125,-0.0645111],[-0.446846,-0.245337,-0.860313],[0.687157,0.521647,-0.505668]],[[0.572839,-0.817125,-0.0645111],[-0.781692,-0.520925,-0.342922],[0.246605,0.246867,-0.937146]]],"btipPosition":[-43.1891,266.096,12.7176],"carpPosition":[-9.11366,278.932,66.8584],"dipPosition":[-38.9384,270.352,-3.43578],"direction":[-0.687157,-0.521647,0.505668],"extended":false,"handId":803,"id":8034,"length":50.5107,"mcpPosition":[-3.69952,293.908,11.1028],"pipPosition":[-25.4984,280.554,-13.326],"stabilizedTipPosition":[-42.5103,215.997,161.742],"timeVisible":0.822482,"tipPosition":[-42.4514,266.521,9.19871],"tipVelocity":[17.6327,50.3582,-88.1426],"tool":false,"touchDistance":0.333333,"touchZone":"none","type":4,"width":16.0574}],"r":[[0.999858,0.0034257,0.0164918],[-0.000609573,0.985818,-0.167819],[-0.0168328,0.167785,0.98568]],"s":0.87254,"t":[-12.3939,101.971,-212.846],"timestamp":606783467834},false],[4,{"currentFrameRate":109.334,"devices":[],"gestures":[],"hands":[{"armBasis":[[0.718344,-0.310278,-0.622664],[0.519502,0.834539,0.183474],[0.462709,-0.455273,0.760675]],"armWidth":63.72,"confidence":0.835284,"direction":[-0.0687835,0.477577,-0.875893],"elbow":[102.512,157.664,283.501],"grabStrength":0,"id":803,"palmNormal":[-0.544646,-0.753564,-0.368107],"palmPosition":[-34.8582,306.565,31.6083],"palmVelocity":[0.508671,40.7612,-81.4069],"palmWidth":90.99,"pinchStrength":1,"r":[[0.999842,0.00601682,0.0167018],[-0.00313334,0.985854,-0.167578],[-0.0174738,0.1675,0.985717]],"s":0.873389,"sphereCenter":[-56.9325,277.936,-3.15433],"sphereRadius":45.4262,"stabilizedPalmPosition":[-35.8298,259.175,180.238],"t":[-12.4101,102.333,-213.549],"timeVisible":0.83143,"type":"right","wrist":[-22.4196,280.587,78.1189]}],"id":4406963,"interactionBox":{"center":[0,200,0],"size":[235.247,235.247,147.751]},"pointables":[{"bases":[[[0.810064,0.585423,0.0328042],[-0.402263,0.514174,0.757502],[0.426592,-0.626821,0.652008]],[[0.620508,0.761488,-0.187366],[-0.619034,0.622309,0.479091],[0.481422,-0.181294,0.857535]],[[0.620508,0.761488,-0.187366],[-0.773045,0.634121,0.0170533],[0.131799,0.134261,0.982142]],[[0.620508,0.761488,-0.187366],[-0.77173,0.550516,-0.318377],[-0.139292,0.342152,0.929263]]],"btipPosition":[-77.1598,280.157,-12.0074],"carpPosition":[-51.8946,283.693,86.0335],"dipPosition":[-80.4198,288.165,9.7407],"direction":[-0.131799,-0.134261,-0.982142],"extended":false,"handId":803,"id":8030,"length":52.1164,"mcpPosition":[-51.8946,283.693,86.0335],"pipPosition":[-75.926,292.742,43.2274],"stabilizedTipPosition":[-83.4507,239.46,141.419],"timeVisible":0.83143,"tipPosition":[-77.7675,280.999,-6.76725],"tipVelocity":[2.06581,57.7127,-87.5219],"tool":false,"touchDistance":-0.428475,"touchZone":"hovering","type":0,"width":20.25},{"bases":[[[0.812426,-0.365133,-0.454579],[0.507744,0.826316,0.243717],[0.286636,-0.428812,0.856715]],[[0.844458,-0.42136,-0.330676],[0.463156,0.884526,0.0556807],[0.26903,-0.200175,0.9421]],[[0.844458,-0.42136,-0.330676],[0.431629,0.900893,-0.0456875],[0.317154,-0.104148,0.942638]],[[0.844458,-0.42136,-0.330676],[0.40471,0.906352,-0.121389],[0.350857,-0.0313202,0.935905]]],"btipPosition":[-81.5459,343.094,-60.9347],"carpPosition":[-35.2396,299.894,81.3428],"dipPosition":[-75.5512,342.559,-44.9442],"direction":[-0.317154,0.104148,-0.942638],"extended":true,"handId":803,"id":8031,"length":58.8075,"mcpPosition":[-56.3273,331.442,18.3147],"pipPosition":[-67.8855,340.042,-22.1602],"stabilizedTipPosition":[-82.1729,288.6,100.743],"timeVisible":0.83143,"tipPosition":[-80.4939,341.603,-57.2631],"tipVelocity":[-1.20008,63.2964,-76.895],"tool":false,"touchDistance":-0.426888,"touchZone":"touching","type":1,"width":19.3428},{"bases":[[[0.745141,-0.555191,-0.369497],[0.643954,0.743075,0.182107],[0.17346,-0.373634,0.911213]],[[0.750469,-0.567243,-0.339163],[0.237599,0.710432,-0.662444],[0.616719,0.416559,0.667934]],[[0.750469,-0.567243,-0.339163],[-0.537458,-0.225151,-0.812678],[0.384623,0.792176,-0.473838]],[[0.750469,-0.567243,-0.339163],[-0.65769,-0.691537,-0.298697],[-0.0651099,0.447227,-0.892047]]],"btipPosition":[-76.1899,272.164,10.1853],"carpPosition":[-24.6481,297.106,75.7159],"dipPosition":[-77.4135,280.569,-6.57808],"direction":[-0.384623,-0.792176,0.473838],"extended":false,"handId":803,"id":8032,"length":67.0064,"mcpPosition":[-36.7501,323.174,12.1424],"pipPosition":[-66.4762,303.095,-20.0523],"stabilizedTipPosition":[-76.5019,220.624,165.205],"timeVisible":0.83143,"tipPosition":[-76.8016,273.438,6.72138],"tipVelocity":[16.2703,45.878,-92.7846],"tool":false,"touchDistance":0.333333,"touchZone":"none","type":2,"width":18.9972},{"bases":[[[0.711867,-0.658549,-0.244047],[0.700747,0.689221,0.184197],[0.0468992,-0.302139,0.95211]],[[0.711632,-0.657079,-0.248652],[0.364681,0.647994,-0.668664],[0.60049,0.385163,0.700757]],[[0.711632,-0.657079,-0.248652],[-0.485196,-0.203688,-0.850351],[0.5081,0.725781,-0.463763]],[[0.711632,-0.657079,-0.248652],[-0.699958,-0.632717,-0.331253],[0.0603328,0.409776,-0.910189]]],"btipPosition":[-60.0715,265.25,9.51867],"carpPosition":[-15.1014,291.294,70.6153],"dipPosition":[-58.9442,272.906,-7.48729],"direction":[-0.5081,-0.725782,0.463763],"extended":false,"handId":803,"id":8033,"length":64.4285,"mcpPosition":[-18.0392,310.22,10.9751],"pipPosition":[-44.8689,293.011,-20.3344],"stabilizedTipPosition":[-59.6641,212.797,166.218],"timeVisible":0.83143,"tipPosition":[-60.1757,266.412,6.06009],"tipVelocity":[19.2406,48.2299,-93.2256],"tool":false,"touchDistance":0.333333,"touchZone":"none","type":3,"width":18.077},{"bases":[[[0.586876,-0.793858,-0.159268],[0.804309,0.548983,0.227385],[-0.0930761,-0.261547,0.960692]],[[0.57489,-0.815716,-0.0641008],[0.540281,0.43727,-0.718952],[0.61449,0.378686,0.692098]],[[0.57489,-0.815716,-0.0641008],[-0.446996,-0.247477,-0.859622],[0.685344,0.522841,-0.506894]],[[0.57489,-0.815716,-0.0641008],[-0.781011,-0.523694,-0.340245],[0.243974,0.245667,-0.938149]]],"btipPosition":[-43.0192,266.492,12.113],"carpPosition":[-9.07853,279.177,66.2061],"dipPosition":[-38.8139,270.726,-4.05766],"direction":[-0.685344,-0.522841,0.506894],"extended":false,"handId":803,"id":8034,"length":50.5107,"mcpPosition":[-3.68149,294.342,10.5001],"pipPosition":[-25.4094,280.952,-13.9719],"stabilizedTipPosition":[-42.5098,216.057,161.563],"timeVisible":0.83143,"tipPosition":[-42.3007,266.916,8.53987],"tipVelocity":[17.6835,48.5226,-82.642],"tool":false,"touchDistance":0.333333,"touchZone":"none","type":4,"width":16.0574}],"r":[[0.999842,0.00601682,0.0167018],[-0.00313334,0.985854,-0.167578],[-0.0174738,0.1675,0.985717]],"s":0.873389,"t":[-12.4101,102.333,-213.549],"timestamp":606783476782},false],[5,{"currentFrameRate":109.403,"devices":[],"gestures":[],"hands":[{"armBasis":[[0.71843,-0.31085,-0.622279],[0.51914,0.835038,0.182223],[0.462983,-0.453964,0.761291]],"armWidth":63.72,"confidence":0.837974,"direction":[-0.06915,0.47769,-0.875803],"elbow":[102.661,158.2,283.187],"grabStrength":0,"id":803,"palmNormal":[-0.544589,-0.75363,-0.368055],"palmPosition":[-34.8023,306.751,31.1358],"palmVelocity":[2.07159,35.2436,-73.427],"palmWidth":90.99,"pinchStrength":1,"r":[[0.999826,0.00813337,0.0168109],[-0.00520602,0.985883,-0.167358],[-0.0179347,0.167241,0.985753]],"s":0.87413,"sphereCenter":[-56.8635,278.058,-3.66471],"sphereRadius":45.479,"stabilizedPalmPosition":[-35.8293,259.197,180.169],"t":[-12.3902,102.607,-214.136],"timeVisible":0.840448,"type":"right","wrist":[-22.3442,280.77,77.6389]}],"id":4406964,"interactionBox":{"center":[0,200,0],"size":[235.247,235.247,147.751]},"pointables":[{"bases":[[[0.809944,0.585597,0.0326488],[-0.402151,0.513974,0.757698],[0.426925,-0.626823,0.651789]],[[0.622085,0.760593,-0.185764],[-0.617749,0.622583,0.480392],[0.481036,-0.184089,0.857155]],[[0.622085,0.760593,-0.185764],[-0.771482,0.63593,0.0202221],[0.133514,0.130734,0.982386]],[[0.622085,0.760593,-0.185764],[-0.771307,0.55457,-0.312311],[-0.134523,0.337565,0.93164]]],"btipPosition":[-77.2336,280.699,-12.5232],"carpPosition":[-51.8175,283.868,85.5627],"dipPosition":[-80.3819,288.599,9.28054],"direction":[-0.133514,-0.130734,-0.982386],"extended":false,"handId":803,"id":8030,"length":52.1164,"mcpPosition":[-51.8175,283.868,85.5627],"pipPosition":[-75.8297,293.057,42.7756],"stabilizedTipPosition":[-83.4452,239.503,141.27],"timeVisible":0.840448,"tipPosition":[-77.7896,281.484,-7.27403],"tipVelocity":[0.0308356,57.6181,-78.7907],"tool":false,"touchDistance":-0.421506,"touchZone":"hovering","type":0,"width":20.25},{"bases":[[[0.812371,-0.364887,-0.454874],[0.507633,0.826393,0.243688],[0.286986,-0.428874,0.856566]],[[0.844369,-0.420942,-0.331434],[0.46323,0.884411,0.0568775],[0.269182,-0.201556,0.941762]],[[0.844369,-0.420942,-0.331434],[0.431389,0.901026,-0.0453426],[0.317717,-0.104691,0.942388]],[[0.844369,-0.420942,-0.331434],[0.404167,0.906551,-0.121713],[0.351696,-0.0311839,0.935595]]],"btipPosition":[-81.534,343.348,-61.3712],"carpPosition":[-35.1675,300.074,80.8695],"dipPosition":[-75.525,342.815,-45.386],"direction":[-0.317717,0.104691,-0.942388],"extended":true,"handId":803,"id":8031,"length":58.8075,"mcpPosition":[-56.281,331.626,17.8522],"pipPosition":[-67.8457,340.285,-22.6081],"stabilizedTipPosition":[-82.1678,288.737,100.345],"timeVisible":0.840448,"tipPosition":[-80.4637,341.885,-57.7064],"tipVelocity":[-0.407271,53.651,-69.0979],"tool":false,"touchDistance":-0.419099,"touchZone":"touching","type":1,"width":19.3428},{"bases":[[[0.745154,-0.554972,-0.3698],[0.643844,0.743191,0.182024],[0.173814,-0.37373,0.911106]],[[0.750448,-0.566918,-0.339754],[0.238105,0.711436,-0.661185],[0.61655,0.415287,0.668881]],[[0.750448,-0.566918,-0.339754],[-0.538332,-0.226069,-0.811845],[0.383441,0.792147,-0.474843]],[[0.750448,-0.566918,-0.339754],[-0.657417,-0.693207,-0.295408],[-0.0680481,0.445048,-0.892917]]],"btipPosition":[-76.0466,272.457,9.71505],"carpPosition":[-24.5771,297.288,75.239],"dipPosition":[-77.3254,280.82,-7.06465],"direction":[-0.383441,-0.792147,0.474843],"extended":false,"handId":803,"id":8032,"length":67.0064,"mcpPosition":[-36.7037,323.363,11.6729],"pipPosition":[-66.4217,303.346,-20.5675],"stabilizedTipPosition":[-76.5018,220.644,165.146],"timeVisible":0.840448,"tipPosition":[-76.6816,273.717,6.23002],"tipVelocity":[15.7791,41.8838,-81.7208],"tool":false,"touchDistance":0.333333,"touchZone":"none","type":2,"width":18.9972},{"bases":[[[0.71194,-0.658356,-0.244355],[0.700649,0.689349,0.18409],[0.0472496,-0.302268,0.952051]],[[0.711697,-0.656852,-0.249065],[0.364539,0.648401,-0.668347],[0.600499,0.384867,0.700913]],[[0.711697,-0.656852,-0.249065],[-0.486242,-0.204729,-0.849503],[0.507006,0.725694,-0.465094]],[[0.711697,-0.656852,-0.249065],[-0.700091,-0.633942,-0.328618],[0.0579604,0.408244,-0.911031]]],"btipPosition":[-59.9484,265.487,9.08737],"carpPosition":[-15.0306,291.48,70.1346],"dipPosition":[-58.8655,273.115,-7.93433],"direction":[-0.507006,-0.725694,0.465094],"extended":false,"handId":803,"id":8033,"length":64.4285,"mcpPosition":[-17.9903,310.414,10.4982],"pipPosition":[-44.8204,293.218,-20.8184],"stabilizedTipPosition":[-59.6641,212.837,166.1],"timeVisible":0.840448,"tipPosition":[-60.0688,266.65,5.59213],"tipVelocity":[17.3925,42.0135,-80.849],"tool":false,"touchDistance":0.333333,"touchZone":"none","type":3,"width":18.077},{"bases":[[[0.587004,-0.793705,-0.159559],[0.804256,0.549128,0.227226],[-0.0927321,-0.261709,0.960682]],[[0.574614,-0.816105,-0.0615726],[0.542757,0.436298,-0.717677],[0.612563,0.378968,0.693649]],[[0.574614,-0.816105,-0.0615726],[-0.446235,-0.249346,-0.859477],[0.68607,0.521343,-0.507453]],[[0.574614,-0.816105,-0.0615726],[-0.781404,-0.524696,-0.33779],[0.243366,0.242212,-0.939205]]],"btipPosition":[-42.9026,266.767,11.6037],"carpPosition":[-9.00634,279.364,65.7219],"dipPosition":[-38.7077,270.942,-4.58515],"direction":[-0.686071,-0.521343,0.507453],"extended":false,"handId":803,"id":8034,"length":50.5107,"mcpPosition":[-3.62925,294.539,10.0166],"pipPosition":[-25.289,281.139,-14.5103],"stabilizedTipPosition":[-42.5091,216.12,161.377],"timeVisible":0.840448,"tipPosition":[-42.1955,267.175,8.03385],"tipVelocity":[16.3032,43.1628,-75.5725],"tool":false,"touchDistance":0.333333,"touchZone":"none","type":4,"width":16.0574}],"r":[[0.999826,0.00813337,0.0168109],[-0.00520602,0.985883,-0.167358],[-0.0179347,0.167241,0.985753]],"s":0.87413,"t":[-12.3902,102.607,-214.136],"timestamp":606783485800},false],[6,{"currentFrameRate":109.439,"devices":[],"gestures":[],"hands":[{"armBasis":[[0.719305,-0.310896,-0.621244],[0.517731,0.836179,0.180996],[0.4632,-0.451829,0.762428]],"armWidth":63.72,"confidence":0.843972,"direction":[-0.0701183,0.478828,-0.875104],"elbow":[102.814,158.949,282.914],"grabStrength":0,"id":803,"palmNormal":[-0.543782,-0.753806,-0.368886],"palmPosition":[-34.7599,306.973,30.5964],"palmVelocity":[2.79249,32.262,-69.5644],"palmWidth":90.99,"pinchStrength":1,"r":[[0.999808,0.0100762,0.0168187],[-0.00712884,0.985947,-0.166904],[-0.0182641,0.166752,0.98583]],"s":0.874763,"sphereCenter":[-56.7136,278.138,-4.32692],"sphereRadius":45.5821,"stabilizedPalmPosition":[-35.8288,259.219,180.098],"t":[-12.359,102.855,-214.699],"timeVisible":0.84952,"type":"right","wrist":[-22.2495,280.943,77.0579]}],"id":4406965,"interactionBox":{"center":[0,200,0],"size":[235.247,235.247,147.751]},"pointables":[{"bases":[[[0.809213,0.586581,0.0331364],[-0.402491,0.512401,0.758582],[0.42799,-0.627191,0.650735]],[[0.623438,0.760222,-0.182722],[-0.616224,0.621591,0.483625],[0.481241,-0.188913,0.85599]],[[0.623438,0.760222,-0.182722],[-0.770011,0.637531,0.0252329],[0.135674,0.124967,0.982841]],[[0.623438,0.760222,-0.182722],[-0.771394,0.559918,-0.302397],[-0.127579,0.329477,0.935504]]],"btipPosition":[-77.3859,281.45,-13.1355],"carpPosition":[-51.7235,283.992,84.9982],"dipPosition":[-80.3718,289.161,8.75871],"direction":[-0.135674,-0.124967,-0.982841],"extended":false,"handId":803,"id":8030,"length":52.1164,"mcpPosition":[-51.7235,283.992,84.9982],"pipPosition":[-75.7459,293.422,42.2693],"stabilizedTipPosition":[-83.4382,239.56,141.074],"timeVisible":0.84952,"tipPosition":[-77.8552,282.131,-7.87421],"tipVelocity":[-3.48084,63.2427,-75.0328],"tool":false,"touchDistance":-0.416561,"touchZone":"hovering","type":0,"width":20.25},{"bases":[[[0.812647,-0.363216,-0.455718],[0.506683,0.826696,0.244636],[0.287885,-0.429708,0.855847]],[[0.8447,-0.419259,-0.332721],[0.462374,0.884718,0.0590325],[0.269614,-0.203706,0.941176]],[[0.8447,-0.419259,-0.332721],[0.430168,0.901671,-0.0440949],[0.318492,-0.105879,0.941994]],[[0.8447,-0.419259,-0.332721],[0.402604,0.907317,-0.121185],[0.352691,-0.0315894,0.935206]]],"btipPosition":[-81.5829,343.689,-61.8256],"carpPosition":[-35.0961,300.225,80.3208],"dipPosition":[-75.5569,343.15,-45.847],"direction":[-0.318492,0.105879,-0.941994],"extended":true,"handId":803,"id":8031,"length":58.8075,"mcpPosition":[-56.2756,331.839,17.3565],"pipPosition":[-67.8589,340.591,-23.0787],"stabilizedTipPosition":[-82.1619,288.901,99.8705],"timeVisible":0.84952,"tipPosition":[-80.4949,342.249,-58.1684],"tipVelocity":[-1.66596,49.1657,-63.8877],"tool":false,"touchDistance":-0.412361,"touchZone":"touching","type":1,"width":19.3428},{"bases":[[[0.745706,-0.553506,-0.370883],[0.642974,0.743753,0.1828],[0.174665,-0.374783,0.910511]],[[0.750968,-0.565346,-0.341219],[0.238194,0.713863,-0.658531],[0.615881,0.41326,0.67075]],[[0.750968,-0.565346,-0.341219],[-0.538885,-0.226041,-0.811485],[0.381641,0.793278,-0.474406]],[[0.750968,-0.565346,-0.341219],[-0.656459,-0.69509,-0.293107],[-0.0714707,0.44411,-0.893117]]],"btipPosition":[-75.8855,272.786,9.10099],"carpPosition":[-24.5044,297.462,74.6821],"dipPosition":[-77.2286,281.132,-7.68246],"direction":[-0.38164,-0.793278,0.474406],"extended":false,"handId":803,"id":8032,"length":67.0064,"mcpPosition":[-36.6904,323.609,11.1576],"pipPosition":[-66.3761,303.69,-21.1729],"stabilizedTipPosition":[-76.5017,220.666,165.08],"timeVisible":0.84952,"tipPosition":[-76.5423,274.034,5.61128],"tipVelocity":[15.8743,40.2339,-77.8676],"tool":false,"touchDistance":0.333333,"touchZone":"none","type":2,"width":18.9972},{"bases":[[[0.712675,-0.657107,-0.245569],[0.699848,0.689981,0.184767],[0.0480264,-0.30354,0.951607]],[[0.712419,-0.655538,-0.250458],[0.364422,0.650601,-0.66627],[0.599713,0.383391,0.702393]],[[0.712419,-0.655538,-0.250458],[-0.486771,-0.204543,-0.849244],[0.505483,0.726933,-0.464817]],[[0.712419,-0.655538,-0.250458],[-0.69959,-0.635439,-0.326789],[0.0550722,0.408029,-0.911307]]],"btipPosition":[-59.7878,265.795,8.47762],"carpPosition":[-14.9527,291.672,69.5657],"dipPosition":[-58.7589,273.419,-8.54923],"direction":[-0.505483,-0.726933,0.464817],"extended":false,"handId":803,"id":8033,"length":64.4285,"mcpPosition":[-17.9611,310.686,9.95703],"pipPosition":[-44.756,293.556,-21.4256],"stabilizedTipPosition":[-59.664,212.879,165.977],"timeVisible":0.84952,"tipPosition":[-59.9271,266.954,4.97087],"tipVelocity":[17.0983,39.7504,-77.1154],"tool":false,"touchDistance":0.333333,"touchZone":"none","type":3,"width":18.077},{"bases":[[[0.587947,-0.792734,-0.160911],[0.803651,0.549831,0.227664],[-0.0920032,-0.263171,0.960352]],[[0.575115,-0.815893,-0.0596845],[0.545537,0.436864,-0.71522],[0.609616,0.378773,0.696347]],[[0.575115,-0.815893,-0.0596845],[-0.444471,-0.250386,-0.860088],[0.686795,0.521178,-0.506642]],[[0.575115,-0.815893,-0.0596845],[-0.781122,-0.525996,-0.336418],[0.243087,0.2401,-0.939819]]],"btipPosition":[-42.7585,267.105,10.9338],"carpPosition":[-8.91483,279.57,65.1335],"dipPosition":[-38.5685,271.243,-5.26564],"direction":[-0.686795,-0.521178,0.506642],"extended":false,"handId":803,"id":8034,"length":50.5107,"mcpPosition":[-3.58001,294.83,9.44731],"pipPosition":[-25.1356,281.437,-15.1749],"stabilizedTipPosition":[-42.5082,216.183,161.189],"timeVisible":0.84952,"tipPosition":[-42.0592,267.5,7.38385],"tipVelocity":[16.1526,41.2647,-75.1686],"tool":false,"touchDistance":0.333333,"touchZone":"none","type":4,"width":16.0