{"sensorType":"Leap","data":[[0,{"currentFrameRate":110.24,"devices":[],"gestures":[],"hands":[{"armBasis":[[0.866312,0.0841804,-0.492358],[0.226923,0.811782,0.538067],[0.444982,-0.577861,0.684154]],"armWidth":63.72,"confidence":0.787695,"direction":[-0.0648135,0.213892,-0.974705],"elbow":[111.583,166.558,283.356],"grabStrength":0,"id":797,"palmNormal":[-0.218341,-0.956131,-0.195298],"palmPosition":[-20.4278,331.526,45.9851],"palmVelocity":[-10.6658,59.8501,-109.215],"palmWidth":90.99,"pinchStrength":0.934042,"r":[[0.964908,0.103566,0.241303],[-0.0950541,0.994377,-0.0466844],[-0.244781,0.0221093,0.969326]],"s":0.868739,"sphereCenter":[-25.1445,294.372,17.7435],"sphereRadius":45.8852,"stabilizedPalmPosition":[-19.3544,313.438,115.243],"t":[5.54413,49.0362,-165.735],"timeVisible":1.58168,"type":"right","wrist":[-8.56222,322.581,98.6345]}],"id":4404149,"interactionBox":{"center":[0,200,0],"size":[235.247,235.247,147.751]},"pointables":[{"bases":[[[0.574464,0.816383,-0.0592461],[-0.660703,0.505208,0.555191],[0.48318,-0.279793,0.82961]],[[0.432429,0.860724,-0.268623],[-0.855507,0.485762,0.179286],[0.284803,0.15228,0.946413]],[[0.432429,0.860724,-0.268623],[-0.90165,0.410938,-0.134745],[-0.00559063,0.300472,0.953774]],[[0.432429,0.860724,-0.268623],[-0.808138,0.237846,-0.538834],[-0.399897,0.450092,0.798436]]],"btipPosition":[-43.1244,288.849,4.51023],"carpPosition":[-38.4573,317.229,102.959],"dipPosition":[-52.4834,299.383,23.1965],"direction":[0.00559063,-0.300472,-0.953774],"extended":false,"handId":797,"id":7970,"length":52.1164,"mcpPosition":[-38.4573,317.229,102.959],"pipPosition":[-52.674,309.627,55.716],"stabilizedTipPosition":[-52.608,274.037,73.4387],"timeVisible":1.58168,"tipPosition":[-45.4852,291.05,8.92521],"tipVelocity":[-2.32004,44.0318,-93.2263],"tool":false,"touchDistance":-0.395462,"touchZone":"touching","type":0,"width":20.25},{"bases":[[[0.949012,-0.161405,-0.270784],[0.182195,0.981816,0.0533082],[0.257256,-0.0999255,0.961163]],[[0.980678,-0.17752,-0.0822038],[0.184899,0.97834,0.0930767],[0.0639003,-0.106478,0.99226]],[[0.980678,-0.17752,-0.0822038],[0.175545,0.983992,-0.0307188],[0.0863411,0.0156948,0.996142]],[[0.980678,-0.17752,-0.0822038],[0.165949,0.977399,-0.130963],[0.103595,0.114791,0.987973]]],"btipPosition":[-52.5566,346.184,-58.8284],"carpPosition":[-27.0282,336.599,95.4711],"dipPosition":[-50.7866,348.146,-41.9482],"direction":[-0.0863411,-0.0156948,-0.996142],"extended":true,"handId":797,"id":7971,"length":58.8075,"mcpPosition":[-45.9544,343.95,24.7588],"pipPosition":[-48.6997,348.525,-17.8711],"stabilizedTipPosition":[-56.3048,334.623,2.99427],"timeVisible":1.58168,"tipPosition":[-52.8032,346.205,-54.8758],"tipVelocity":[27.5689,39.937,-123.748],"tool":false,"touchDistance":-0.422869,"touchZone":"touching","type":1,"width":19.3428},{"bases":[[[0.929986,-0.338416,-0.143531],[0.345618,0.937962,0.0278508],[0.125202,-0.0755077,0.989254]],[[0.928508,-0.337539,-0.154727],[-0.0161283,0.379648,-0.92499],[0.370963,0.861356,0.347062]],[[0.928508,-0.337539,-0.154727],[-0.364793,-0.751485,-0.549723],[0.0692779,0.566866,-0.820892]],[[0.928508,-0.337539,-0.154727],[-0.333999,-0.941292,0.0491342],[-0.162228,0.0060573,-0.986735]]],"btipPosition":[-40.8469,283.88,47.8365],"carpPosition":[-15.3098,336.363,91.6973],"dipPosition":[-43.8955,283.994,29.2937],"direction":[-0.0692779,-0.566866,0.820892],"extended":false,"handId":797,"id":7972,"length":67.0064,"mcpPosition":[-24.0449,341.631,22.6791],"pipPosition":[-41.9254,300.113,5.95053],"stabilizedTipPosition":[-42.4446,255.878,157.305],"timeVisible":1.58168,"tipPosition":[-41.4575,283.93,43.9676],"tipVelocity":[-29.8823,67.0796,-91.6867],"tool":false,"touchDistance":0.333333,"touchZone":"none","type":2,"width":18.9972},{"bases":[[[0.909556,-0.415578,0.00192183],[0.414993,0.908502,0.049046],[-0.0221284,-0.0438125,0.998795]],[[0.90954,-0.415607,0.00259973],[0.272378,0.591341,-0.75903],[0.313921,0.691077,0.65105]],[[0.90954,-0.415607,0.00259973],[-0.206931,-0.458268,-0.86439],[0.360438,0.785659,-0.502816]],[[0.90954,-0.415607,0.00259973],[-0.389896,-0.855405,-0.340976],[0.143936,0.309117,-0.940069]]],"btipPosition":[-29.0464,277.46,28.9963],"carpPosition":[-3.73248,333.132,89.1562],"dipPosition":[-26.3571,283.235,11.432],"direction":[-0.360438,-0.785659,0.502816],"extended":false,"handId":797,"id":7973,"length":64.4285,"mcpPosition":[-2.34636,335.877,26.5917],"pipPosition":[-16.3722,305,-2.49699],"stabilizedTipPosition":[-27.9652,256.553,134.772],"timeVisible":1.58168,"tipPosition":[-28.4096,278.836,25.853],"tipVelocity":[-26.0631,57.3361,-107.977],"tool":false,"touchDistance":0.333333,"touchZone":"none","type":3,"width":18.077},{"bases":[[[0.819726,-0.562215,0.109378],[0.547814,0.825341,0.136795],[-0.167183,-0.0522156,0.984542]],[[0.738788,-0.553977,0.383799],[0.641422,0.403227,-0.652676],[0.206809,0.728366,0.653232]],[[0.738788,-0.553977,0.383799],[0.0123134,-0.558297,-0.82955],[0.673826,0.617587,-0.405642]],[[0.738788,-0.553977,0.383799],[-0.420125,-0.823863,-0.380453],[0.52696,0.11983,-0.8414]]],"btipPosition":[-13.5223,286.236,30.9356],"carpPosition":[6.3585,323.107,88.6854],"dipPosition":[-4.43921,288.301,16.4326],"direction":[-0.673826,-0.617587,0.405642],"extended":false,"handId":797,"id":7974,"length":50.5107,"mcpPosition":[16.0526,326.135,31.5965],"pipPosition":[8.74001,300.38,8.49873],"stabilizedTipPosition":[-11.3791,266.304,132.432],"timeVisible":1.58168,"tipPosition":[-11.6935,286.866,28.5306],"tipVelocity":[-17.7408,46.6199,-103.575],"tool":false,"touchDistance":0.333333,"touchZone":"none","type":4,"width":16.0574}],"r":[[0.964908,0.103566,0.241303],[-0.0950541,0.994377,-0.0466844],[-0.244781,0.0221093,0.969326]],"s":0.868739,"t":[5.54413,49.0362,-165.735],"timestamp":606757210937},false],[1,{"currentFrameRate":110.219,"devices":[],"gestures":[],"hands":[{"armBasis":[[0.868627,0.0852637,-0.488075],[0.22451,0.810413,0.541134],[0.441681,-0.579621,0.684804]],"armWidth":63.72,"confidence":0.799185,"direction":[-0.0646398,0.212079,-0.975112],"elbow":[110.844,166.421,282.152],"grabStrength":0,"id":797,"palmNormal":[-0.215923,-0.95698,-0.193822],"palmPosition":[-20.2596,331.746,44.582],"palmVelocity":[-2.58645,49.9411,-121.644],"palmWidth":90.99,"pinchStrength":0.940127,"r":[[0.964724,0.102544,0.242472],[-0.0930846,0.994393,-0.0501838],[-0.246258,0.0258431,0.96886]],"s":0.868327,"sphereCenter":[-24.8827,294.612,16.3799],"sphereRadius":45.8755,"stabilizedPalmPosition":[-19.3577,313.506,114.982],"t":[5.56517,49.4144,-166.907],"timeVisible":1.59079,"type":"right","wrist":[-8.4097,322.919,97.2548]}],"id":4404150,"interactionBox":{"center":[0,200,0],"size":[235.247,235.247,147.751]},"pointables":[{"bases":[[[0.572557,0.817649,-0.0602354],[-0.662295,0.504574,0.553869],[0.483264,-0.277228,0.830422]],[[0.430493,0.861302,-0.269879],[-0.857058,0.483846,0.177043],[0.283067,0.155086,0.946478]],[[0.430493,0.861302,-0.269879],[-0.902564,0.408327,-0.136558],[-0.00741901,0.30237,0.953162]],[[0.430493,0.861302,-0.269879],[-0.80826,0.23478,-0.539995],[-0.401737,0.450596,0.797227]]],"btipPosition":[-42.77,288.906,3.16475],"carpPosition":[-38.295,317.503,101.567],"dipPosition":[-52.1721,299.452,21.8227],"direction":[0.00741901,-0.30237,-0.953162],"extended":false,"handId":797,"id":7970,"length":52.1164,"mcpPosition":[-38.295,317.503,101.567],"pipPosition":[-52.425,309.761,54.3213],"stabilizedTipPosition":[-52.5773,274.106,73.1742],"timeVisible":1.59079,"tipPosition":[-45.1527,291.133,7.56901],"tipVelocity":[8.81349,33.6414,-108.535],"tool":false,"touchDistance":-0.404529,"touchZone":"touching","type":0,"width":20.25},{"bases":[[[0.949584,-0.159601,-0.269847],[0.179816,0.982337,0.0517635],[0.256819,-0.0976766,0.961511]],[[0.981195,-0.175357,-0.0806572],[0.182659,0.978634,0.0944002],[0.0623801,-0.107358,0.992262]],[[0.981195,-0.175357,-0.0806572],[0.173464,0.984384,-0.0299577],[0.084651,0.0154032,0.996292]],[[0.981195,-0.175357,-0.0806572],[0.163993,0.977756,-0.130765],[0.101794,0.115079,0.988127]]],"btipPosition":[-52.2662,346.347,-60.2767],"carpPosition":[-26.9068,336.887,94.0547],"dipPosition":[-50.5269,348.313,-43.394],"direction":[-0.084651,-0.0154032,-0.996292],"extended":true,"handId":797,"id":7971,"length":58.8075,"mcpPosition":[-45.8009,344.073,23.3168],"pipPosition":[-48.4809,348.686,-19.3132],"stabilizedTipPosition":[-56.3013,334.633,2.94785],"timeVisible":1.59079,"tipPosition":[-52.505,346.325,-56.3276],"tipVelocity":[28.5492,33.8478,-133.505],"tool":false,"touchDistance":-0.430632,"touchZone":"touching","type":1,"width":19.3428},{"bases":[[[0.93089,-0.336441,-0.142306],[0.343361,0.93883,0.0264947],[0.124687,-0.0735261,0.989468]],[[0.929418,-0.335586,-0.153504],[-0.01638,0.378044,-0.925643],[0.368665,0.862824,0.345864]],[[0.929418,-0.335586,-0.153504],[-0.362614,-0.753282,-0.548705],[0.0685058,0.565639,-0.821802]],[[0.929418,-0.335586,-0.153504],[-0.331789,-0.942001,0.0504992],[-0.161548,0.0039963,-0.986857]]],"btipPosition":[-40.5665,284.054,46.4996],"carpPosition":[-15.1853,336.673,90.2895],"dipPosition":[-43.6023,284.129,27.9546],"direction":[-0.0685058,-0.565639,0.821802],"extended":false,"handId":797,"id":7972,"length":67.0064,"mcpPosition":[-23.8845,341.803,21.2563],"pipPosition":[-41.6543,300.214,4.5855],"stabilizedTipPosition":[-42.4426,255.926,157.109],"timeVisible":1.59079,"tipPosition":[-41.1748,284.096,42.6291],"tipVelocity":[-12.9653,53.5102,-106.977],"tool":false,"touchDistance":0.333333,"touchZone":"none","type":2,"width":18.9972},{"bases":[[[0.910542,-0.413403,0.0032635],[0.412791,0.909571,0.0477885],[-0.0227243,-0.0421663,0.998852]],[[0.910525,-0.413434,0.00400931],[0.273167,0.594272,-0.756453],[0.310361,0.689864,0.654036]],[[0.910525,-0.413434,0.00400931],[-0.203318,-0.456177,-0.866351],[0.360008,0.788019,-0.499419]],[[0.910525,-0.413434,0.00400931],[-0.387092,-0.855838,-0.343076],[0.145271,0.310827,-0.939299]]],"btipPosition":[-28.729,277.647,27.3565],"carpPosition":[-3.59849,333.466,87.7619],"dipPosition":[-26.0148,283.454,9.80667],"direction":[-0.360008,-0.788019,0.499419],"extended":false,"handId":797,"id":7973,"length":64.4285,"mcpPosition":[-2.17504,336.107,25.1938],"pipPosition":[-16.0418,305.284,-4.02824],"stabilizedTipPosition":[-27.9652,256.565,134.713],"timeVisible":1.59079,"tipPosition":[-28.0926,279.02,24.2557],"tipVelocity":[-8.99405,47.3423,-127.855],"tool":false,"touchDistance":0.333333,"touchZone":"none","type":3,"width":18.077},{"bases":[[[0.820987,-0.560072,0.110907],[0.545748,0.826877,0.135772],[-0.167748,-0.0509396,0.984513]],[[0.739877,-0.551571,0.385164],[0.640859,0.403703,-0.652934],[0.204647,0.729927,0.65217]],[[0.739877,-0.551571,0.385164],[0.0141729,-0.559622,-0.828627],[0.672592,0.618541,-0.406234]],[[0.739877,-0.551571,0.385164],[-0.417911,-0.825493,-0.379358],[0.527192,0.119714,-0.841271]]],"btipPosition":[-13.2348,286.446,29.6141],"carpPosition":[6.51669,323.463,87.3152],"dipPosition":[-4.14768,288.51,15.1133],"direction":[-0.672592,-0.618541,0.406234],"extended":false,"handId":797,"id":7974,"length":50.5107,"mcpPosition":[16.2436,326.417,30.228],"pipPosition":[9.00742,300.608,7.16781],"stabilizedTipPosition":[-11.3791,266.311,132.397],"timeVisible":1.59079,"tipPosition":[-11.4053,287.077,27.2058],"tipVelocity":[-4.03497,40.085,-115.07],"tool":false,"touchDistance":0.333333,"touchZone":"none","type":4,"width":16.0574}],"r":[[0.964724,0.102544,0.242472],[-0.0930846,0.994393,-0.0501838],[-0.246258,0.0258431,0.96886]],"s":0.868327,"t":[5.56517,49.4144,-166.907],"timestamp":606757220047},false],[2,{"currentFrameRate":110.284,"devices":[],"gestures":[],"hands":[{"armBasis":[[0.86907,0.0889066,-0.486635],[0.221766,0.809313,0.543905],[0.442196,-0.58061,0.683633]],"armWidth":63.72,"confidence":0.809796,"direction":[-0.0624667,0.213021,-0.975049],"elbow":[110.803,166.32,280.906],"grabStrength":0,"id":797,"palmNormal":[-0.213872,-0.957119,-0.195402],"palmPosition":[-20.3184,331.95,43.6317],"palmVelocity":[-3.67408,42.5144,-117.414],"palmWidth":90.99,"pinchStrength":0.942021,"r":[[0.964415,0.10199,0.243929],[-0.0918,0.994376,-0.0528163],[-0.247944,0.0285441,0.968354]],"s":0.868253,"sphereCenter":[-24.8874,294.97,15.3733],"sphereRadius":45.8419,"stabilizedPalmPosition":[-19.3605,313.56,114.771],"t":[5.54631,49.7054,-167.969],"timeVisible":1.59974,"type":"right","wrist":[-8.59015,323.085,96.3254]}],"id":4404151,"interactionBox":{"center":[0,200,0],"size":[235.247,235.247,147.751]},"pointables":[{"bases":[[[0.571386,0.818638,-0.0578823],[-0.664538,0.502907,0.552696],[0.481568,-0.277338,0.83137]],[[0.429809,0.862285,-0.267823],[-0.858662,0.482073,0.174085],[0.279221,0.155146,0.94761]],[[0.429809,0.862285,-0.267823],[-0.902853,0.406835,-0.139073],[-0.0109611,0.30158,0.953378]],[[0.429809,0.862285,-0.267823],[-0.807142,0.233976,-0.542012],[-0.404704,0.449133,0.796551]]],"btipPosition":[-42.5704,289.078,2.10433],"carpPosition":[-38.4777,317.616,100.555],"dipPosition":[-52.042,299.589,20.7465],"direction":[0.0109611,-0.30158,-0.953378],"extended":false,"handId":797,"id":7970,"length":52.1164,"mcpPosition":[-38.4777,317.616,100.555],"pipPosition":[-52.4157,309.872,53.2525],"stabilizedTipPosition":[-52.5539,274.158,72.9747],"timeVisible":1.59974,"tipPosition":[-44.99,291.321,6.50213],"tipVelocity":[12.0099,29.4488,-111.361],"tool":false,"touchDistance":-0.40837,"touchZone":"touching","type":0,"width":20.25},{"bases":[[[0.950535,-0.157776,-0.267564],[0.17809,0.982571,0.0532781],[0.254495,-0.0982933,0.962066]],[[0.981724,-0.173724,-0.0776988],[0.180998,0.978469,0.0991902],[0.0587941,-0.111441,0.99203]],[[0.981724,-0.173724,-0.0776988],[0.172254,0.984728,-0.0252845],[0.0809047,0.0114385,0.996656]],[[0.981724,-0.173724,-0.0776988],[0.16315,0.978478,-0.126342],[0.0979752,0.111356,0.988939]]],"btipPosition":[-51.98,346.867,-61.2925],"carpPosition":[-27.1016,337.027,93.0926],"dipPosition":[-50.3061,348.77,-44.3958],"direction":[-0.0809047,-0.0114385,-0.996656],"extended":true,"handId":797,"id":7971,"length":58.8075,"mcpPosition":[-45.8246,344.258,22.3137],"pipPosition":[-48.3506,349.046,-20.3063],"stabilizedTipPosition":[-56.2979,334.642,2.90485],"timeVisible":1.59974,"tipPosition":[-52.2203,346.775,-57.3461],"tipVelocity":[29.0242,40.0326,-127.934],"tool":false,"touchDistance":-0.43109,"touchZone":"touching","type":1,"width":19.3428},{"bases":[[[0.931798,-0.334782,-0.140262],[0.34177,0.939355,0.0283852],[0.122253,-0.0743865,0.989708]],[[0.930354,-0.333918,-0.151462],[-0.0145992,0.379019,-0.925274],[0.366373,0.863043,0.347747]],[[0.930354,-0.333918,-0.151462],[-0.359975,-0.753273,-0.550452],[0.0697137,0.566638,-0.821012]],[[0.930354,-0.333918,-0.151462],[-0.330393,-0.94259,0.0486303],[-0.159005,0.00479864,-0.987266]]],"btipPosition":[-40.553,284.223,45.4452],"carpPosition":[-15.37,336.836,89.3574],"dipPosition":[-43.541,284.313,26.8925],"direction":[-0.0697137,-0.566638,0.821012],"extended":false,"handId":797,"id":7972,"length":67.0064,"mcpPosition":[-23.8993,342.026,20.3074],"pipPosition":[-41.5586,300.427,3.54589],"stabilizedTipPosition":[-42.4409,255.965,156.949],"timeVisible":1.59974,"tipPosition":[-41.1516,284.268,41.572],"tipVelocity":[-8.6743,44.1488,-109.988],"tool":false,"touchDistance":0.333333,"touchZone":"none","type":2,"width":18.9972},{"bases":[[[0.911199,-0.411933,0.00517268],[0.411192,0.910186,0.0498268],[-0.0252334,-0.0432752,0.998744]],[[0.91118,-0.411967,0.00594268],[0.274266,0.595727,-0.754909],[0.307457,0.689487,0.655803]],[[0.91118,-0.411967,0.00594268],[-0.200223,-0.455362,-0.8675],[0.360087,0.789258,-0.497402]],[[0.91118,-0.411967,0.00594268],[-0.384787,-0.856044,-0.345148],[0.147276,0.312205,-0.93853]]],"btipPosition":[-28.6548,277.857,26.3084],"carpPosition":[-3.77155,333.65,86.8563],"dipPosition":[-25.9031,283.691,8.77296],"direction":[-0.360087,-0.789258,0.497402],"extended":false,"handId":797,"id":7973,"length":64.4285,"mcpPosition":[-2.19093,336.361,24.2949],"pipPosition":[-15.928,305.555,-5.00606],"stabilizedTipPosition":[-27.9653,256.574,134.666],"timeVisible":1.59974,"tipPosition":[-28.0129,279.234,23.1949],"tipVelocity":[-4.00672,41.0152,-124.812],"tool":false,"touchDistance":0.333333,"touchZone":"none","type":3,"width":18.077},{"bases":[[[0.821604,-0.558862,0.112427],[0.544056,0.827612,0.138065],[-0.170205,-0.0522677,0.984021]],[[0.739862,-0.550811,0.386278],[0.641749,0.405522,-0.65093],[0.201895,0.729492,0.653513]],[[0.739862,-0.550811,0.386278],[0.0170778,-0.558609,-0.829255],[0.672542,0.620131,-0.403887]],[[0.739862,-0.550811,0.386278],[-0.415631,-0.825725,-0.381353],[0.529013,0.121599,-0.839857]]],"btipPosition":[-13.1811,286.676,28.6346],"carpPosition":[6.36094,323.665,86.425],"dipPosition":[-4.06262,288.772,14.1582],"direction":[-0.672541,-0.620131,0.403887],"extended":false,"handId":797,"id":7974,"length":50.5107,"mcpPosition":[16.2303,326.695,29.3663],"pipPosition":[9.09149,300.901,6.25864],"stabilizedTipPosition":[-11.379,266.316,132.369],"timeVisible":1.59974,"tipPosition":[-11.3458,287.313,26.2268],"tipVelocity":[-1.07263,36.3812,-113.355],"tool":false,"touchDistance":0.333333,"touchZone":"none","type":4,"width":16.0574}],"r":[[0.964415,0.10199,0.243929],[-0.0918,0.994376,-0.0528163],[-0.247944,0.0285441,0.968354]],"s":0.868253,"t":[5.54631,49.7054,-167.969],"timestamp":606757228998},false],[3,{"currentFrameRate":110.186,"devices":[],"gestures":[],"hands":[{"armBasis":[[0.86837,0.0864101,-0.488331],[0.223931,0.810275,0.541581],[0.44248,-0.579645,0.684268]],"armWidth":63.72,"confidence":0.810081,"direction":[-0.0604488,0.213806,-0.975004],"elbow":[110.892,166.845,280.15],"grabStrength":0,"id":797,"palmNormal":[-0.216916,-0.956261,-0.196247],"palmPosition":[-20.2064,332.285,42.6933],"palmVelocity":[0.76052,40.7495,-112.929],"palmWidth":90.99,"pinchStrength":0.943006,"r":[[0.964171,0.100856,0.245361],[-0.0900687,0.994425,-0.0548273],[-0.249523,0.0307635,0.96788]],"s":0.868585,"sphereCenter":[-24.9701,295.515,14.4002],"sphereRadius":45.8008,"stabilizedPalmPosition":[-19.3627,313.607,114.591],"t":[5.59287,50.0185,-168.968],"timeVisible":1.60899,"type":"right","wrist":[-8.57814,323.349,95.3971]}],"id":4404152,"interactionBox":{"center":[0,200,0],"size":[235.247,235.247,147.751]},"pointables":[{"bases":[[[0.574283,0.816695,-0.0566494],[-0.663525,0.504875,0.55212],[0.479514,-0.279485,0.831838]],[[0.43312,0.860954,-0.266768],[-0.857426,0.484813,0.17256],[0.277899,0.153995,0.948187]],[[0.43312,0.860954,-0.266768],[-0.901259,0.409814,-0.140656],[-0.0117735,0.301348,0.953441]],[[0.43312,0.860954,-0.266768],[-0.80553,0.236953,-0.543115],[-0.404386,0.450124,0.796154]]],"btipPosition":[-42.4964,289.485,1.11193],"carpPosition":[-38.4899,317.981,99.5841],"dipPosition":[-51.9605,300.019,19.7448],"direction":[0.0117735,-0.301348,-0.953441],"extended":false,"handId":797,"id":7970,"length":52.1164,"mcpPosition":[-38.4899,317.981,99.5841],"pipPosition":[-52.3619,310.294,52.2529],"stabilizedTipPosition":[-52.5348,274.201,72.8115],"timeVisible":1.60899,"tipPosition":[-44.9268,291.752,5.50333],"tipVelocity":[10.9363,33.6941,-110.281],"tool":false,"touchDistance":-0.410785,"touchZone":"touching","type":0,"width":20.25},{"bases":[[[0.950336,-0.160899,-0.266409],[0.18141,0.981919,0.0540911],[0.252889,-0.0997339,0.962341]],[[0.981254,-0.1771,-0.076001],[0.184455,0.977308,0.104146],[0.055832,-0.116213,0.991654]],[[0.981254,-0.1771,-0.076001],[0.176084,0.984173,-0.0199307],[0.0783279,0.00617458,0.996909]],[[0.981254,-0.1771,-0.076001],[0.16724,0.978481,-0.120852],[0.0957685,0.105876,0.989757]]],"btipPosition":[-51.5701,347.729,-62.261],"carpPosition":[-27.0371,337.357,92.1482],"dipPosition":[-49.9339,349.538,-45.3504],"direction":[-0.0783279,-0.00617458,-0.996909],"extended":true,"handId":797,"id":7971,"length":58.8075,"mcpPosition":[-45.642,344.694,21.3491],"pipPosition":[-48.0407,349.687,-21.2547],"stabilizedTipPosition":[-56.2936,334.653,2.85325],"timeVisible":1.60899,"tipPosition":[-51.8035,347.54,-58.3164],"tipVelocity":[33.0577,54.3005,-121.309],"tool":false,"touchDistance":-0.430794,"touchZone":"touching","type":1,"width":19.3428},{"bases":[[[0.930821,-0.337914,-0.139235],[0.344972,0.938153,0.0293877],[0.120693,-0.075387,0.989823]],[[0.929394,-0.337039,-0.150436],[-0.0120696,0.379618,-0.925065],[0.368891,0.861565,0.348747]],[[0.929394,-0.337039,-0.150436],[-0.361847,-0.751699,-0.551376],[0.0727523,0.566881,-0.820581]],[[0.929394,-0.337039,-0.150436],[-0.333708,-0.941472,0.047636],[-0.157687,0.00592924,-0.987471]]],"btipPosition":[-40.6081,284.627,44.4515],"carpPosition":[-15.3013,337.127,88.4283],"dipPosition":[-43.5714,284.739,25.8949],"direction":[-0.0727523,-0.566881,0.820581],"extended":false,"handId":797,"id":7972,"length":67.0064,"mcpPosition":[-23.7219,342.387,19.3703],"pipPosition":[-41.5026,300.859,2.56054],"stabilizedTipPosition":[-42.4396,255.998,156.812],"timeVisible":1.60899,"tipPosition":[-41.2017,284.677,40.5763],"tipVelocity":[-7.73798,44.1693,-109.297],"tool":false,"touchDistance":0.333333,"touchZone":"none","type":2,"width":18.9972},{"bases":[[[0.909765,-0.415079,0.00612636],[0.414265,0.908732,0.0509033],[-0.0266961,-0.0437721,0.998685]],[[0.909743,-0.415114,0.00693267],[0.277281,0.595078,-0.754319],[0.309003,0.688159,0.656471]],[[0.909743,-0.415114,0.00693267],[-0.200714,-0.454368,-0.867908],[0.363431,0.788181,-0.496677]],[[0.909743,-0.415114,0.00693267],[-0.387308,-0.854582,-0.345951],[0.149534,0.312041,-0.938227]]],"btipPosition":[-28.7062,278.233,25.3409],"carpPosition":[-3.71066,333.903,85.9406],"dipPosition":[-25.9123,284.064,7.81103],"direction":[-0.363431,-0.788181,0.496677],"extended":false,"handId":797,"id":7973,"length":64.4285,"mcpPosition":[-2.03842,336.645,23.3829],"pipPosition":[-15.8446,305.898,-5.94792],"stabilizedTipPosition":[-27.9653,256.582,134.625],"timeVisible":1.60899,"tipPosition":[-28.0559,279.608,22.2086],"tipVelocity":[-4.14697,40.8945,-119.094],"tool":false,"touchDistance":0.333333,"touchZone":"none","type":3,"width":18.077},{"bases":[[[0.819522,-0.56176,0.113177],[0.546727,0.825648,0.139267],[-0.171679,-0.0522555,0.983766]],[[0.738225,-0.5538,0.385136],[0.642594,0.403695,-0.651231],[0.205174,0.728242,0.653887]],[[0.738225,-0.5538,0.385136],[0.0143538,-0.557923,-0.829769],[0.674402,0.618084,-0.403923]],[[0.738225,-0.5538,0.385136],[-0.418669,-0.823834,-0.382118],[0.528905,0.120845,-0.840033]]],"btipPosition":[-13.2192,286.991,27.7317],"carpPosition":[6.38787,323.883,85.5167],"dipPosition":[-4.1026,289.074,13.2522],"direction":[-0.674402,-0.618084,0.403923],"extended":false,"handId":797,"id":7974,"length":50.5107,"mcpPosition":[16.3427,326.913,28.4728],"pipPosition":[9.08789,301.163,5.35191],"stabilizedTipPosition":[-11.3789,266.321,132.345],"timeVisible":1.60899,"tipPosition":[-11.3677,287.62,25.2742],"tipVelocity":[-1.94243,35.6259,-108.954],"tool":false,"touchDistance":0.333333,"touchZone":"none","type":4,"width":16.0574}],"r":[[0.964171,0.100856,0.245361],[-0.0900687,0.994425,-0.0548273],[-0.249523,0.0307635,0.96788]],"s":0.868585,"t":[5.59287,50.0185,-168.968],"timestamp":606757238248},false],[4,{"currentFrameRate":110.302,"devices":[],"gestures":[],"hands":[{"armBasis":[[0.869099,0.0858764,-0.487126],[0.224531,0.809013,0.543217],[0.440741,-0.581484,0.68383]],"armWidth":63.72,"confidence":0.806576,"direction":[-0.058816,0.214319,-0.974991],"elbow":[110.33,166.702,278.845],"grabStrength":0,"id":797,"palmNormal":[-0.218242,-0.955817,-0.196939],"palmPosition":[-20.2143,332.68,41.4954],"palmVelocity":[0.315213,41.7849,-118.965],"palmWidth":90.99,"pinchStrength":0.945892,"r":[[0.963941,0.0996114,0.24677],[-0.0883372,0.994494,-0.0563726],[-0.251027,0.0325409,0.967433]],"s":0.86911,"sphereCenter":[-25.1722,296.133,13.1822],"sphereRadius":45.74,"stabilizedPalmPosition":[-19.3643,313.645,114.447],"t":[5.61224,50.3725,-170.067],"timeVisible":1.61785,"type":"right","wrist":[-8.66991,323.702,94.2106]}],"id":4404153,"interactionBox":{"center":[0,200,0],"size":[235.247,235.247,147.751]},"pointables":[{"bases":[[[0.575708,0.815766,-0.0555482],[-0.663412,0.505739,0.551465],[0.477959,-0.280631,0.832347]],[[0.434714,0.860367,-0.266067],[-0.857148,0.485916,0.170829],[0.276262,0.153797,0.948697]],[[0.434714,0.860367,-0.266067],[-0.90046,0.41066,-0.143286],[-0.0140152,0.301871,0.953246]],[[0.434714,0.860367,-0.266067],[-0.803809,0.237461,-0.545439],[-0.406097,0.450977,0.794798]]],"btipPosition":[-42.4043,289.858,-0.1032],"carpPosition":[-38.596,318.382,98.3561],"dipPosition":[-51.9084,300.412,18.4979],"direction":[0.0140152,-0.301871,-0.953246],"extended":false,"handId":797,"id":7970,"length":52.1164,"mcpPosition":[-38.596,318.382,98.3561],"pipPosition":[-52.3863,310.705,50.9994],"stabilizedTipPosition":[-52.5201,274.235,72.6845],"timeVisible":1.61785,"tipPosition":[-44.8721,292.167,4.26624],"tipVelocity":[10.5085,36.1157,-117.784],"tool":false,"touchDistance":-0.416376,"touchZone":"touching","type":0,"width":20.25},{"bases":[[[0.950416,-0.16236,-0.265232],[0.182964,0.981594,0.0547477],[0.251461,-0.100561,0.962629]],[[0.981075,-0.178711,-0.0745295],[0.186118,0.976528,0.10841],[0.0534062,-0.120229,0.991309]],[[0.981075,-0.178711,-0.0745295],[0.17809,0.983901,-0.0149523],[0.0760018,0.00139638,0.997107]],[[0.981075,-0.178711,-0.0745295],[0.169515,0.978741,-0.115456],[0.0935783,0.100637,0.990513]]],"btipPosition":[-51.3315,348.552,-63.4898],"carpPosition":[-27.1013,337.742,90.9434],"dipPosition":[-49.7327,350.272,-46.5663],"direction":[-0.0760018,-0.00139638,-0.997107],"extended":true,"handId":797,"id":7971,"length":58.8075,"mcpPosition":[-45.6012,345.14,20.1232],"pipPosition":[-47.8957,350.305,-22.4658],"stabilizedTipPosition":[-56.2885,334.667,2.79257],"timeVisible":1.61785,"tipPosition":[-51.5521,348.28,-59.5472],"tipVelocity":[31.1354,64.1464,-125.929],"tool":false,"touchDistance":-0.434436,"touchZone":"touching","type":1,"width":19.3428},{"bases":[[[0.930442,-0.339396,-0.138159],[0.346486,0.937568,0.03024],[0.11927,-0.0760068,0.989948]],[[0.929031,-0.338514,-0.149361],[-0.0102235,0.380039,-0.924914],[0.369859,0.860801,0.349607]],[[0.929031,-0.338514,-0.149361],[-0.362367,-0.750859,-0.552178],[0.0747707,0.567114,-0.820238]],[[0.929031,-0.338514,-0.149361],[-0.33533,-0.940938,0.0467925],[-0.15638,0.00661352,-0.987675]]],"btipPosition":[-40.6973,285.055,43.2059],"carpPosition":[-15.3611,337.494,87.2388],"dipPosition":[-43.636,285.18,24.6455],"direction":[-0.0747707,-0.567114,0.820238],"extended":false,"handId":797,"id":7972,"length":67.0064,"mcpPosition":[-23.6824,342.797,18.1721],"pipPosition":[-41.5098,301.306,1.32087],"stabilizedTipPosition":[-42.4386,256.026,156.702],"timeVisible":1.61785,"tipPosition":[-41.286,285.107,39.3288],"tipVelocity":[-8.19459,45.3791,-117.802],"tool":false,"touchDistance":0.333333,"touchZone":"none","type":2,"width":18.9972},{"bases":[[[0.909067,-0.416588,0.00714176],[0.415702,0.908023,0.0518339],[-0.0280782,-0.0441516,0.99863]],[[0.909044,-0.416624,0.00796017],[0.279262,0.59493,-0.753705],[0.309276,0.687374,0.657165]],[[0.909044,-0.416624,0.00796017],[-0.200326,-0.453689,-0.868353],[0.365388,0.787776,-0.495884]],[[0.909044,-0.416624,0.00796017],[-0.38827,-0.853803,-0.346794],[0.151279,0.312161,-0.937907]]],"btipPosition":[-28.7805,278.651,24.1097],"carpPosition":[-3.77256,334.252,84.7649],"dipPosition":[-25.954,284.483,6.58581],"direction":[-0.365388,-0.787776,0.495884],"extended":false,"handId":797,"id":7973,"length":64.4285,"mcpPosition":[-2.01374,337.018,22.2107],"pipPosition":[-15.8321,306.306,-7.15115],"stabilizedTipPosition":[-27.9654,256.589,134.591],"timeVisible":1.61785,"tipPosition":[-28.124,280.024,20.9742],"tipVelocity":[-5.06714,42.5843,-124.435],"tool":false,"touchDistance":0.333333,"touchZone":"none","type":3,"width":18.077},{"bases":[[[0.818442,-0.563165,0.114011],[0.54791,0.824682,0.140335],[-0.173055,-0.0523885,0.983518]],[[0.737907,-0.555485,0.383313],[0.642044,0.402717,-0.652379],[0.20802,0.727499,0.653814]],[[0.737907,-0.555485,0.383313],[0.0115945,-0.557436,-0.830139],[0.674803,0.61701,-0.404895]],[[0.737907,-0.555485,0.383313],[-0.420665,-0.822686,-0.382398],[0.527763,0.120928,-0.840739]]],"btipPosition":[-13.3062,287.377,26.6131],"carpPosition":[6.30991,324.215,84.35],"dipPosition":[-4.20924,289.461,12.1215],"direction":[-0.674803,-0.61701,0.404895],"extended":false,"handId":797,"id":7974,"length":50.5107,"mcpPosition":[16.3445,327.253,27.3205],"pipPosition":[8.98909,301.529,4.2022],"stabilizedTipPosition":[-11.3789,266.325,132.324],"timeVisible":1.61785,"tipPosition":[-11.435,288,24.0844],"tipVelocity":[-4.21365,37.7945,-113.725],"tool":false,"touchDistance":0.333333,"touchZone":"none","type":4,"width":16.0574}],"r":[[0.963941,0.0996114,0.24677],[-0.0883372,0.994494,-0.0563726],[-0.251027,0.0325409,0.967433]],"s":0.86911,"t":[5.61224,50.3725,-170.067],"timestamp":606757247108},false],[5,{"currentFrameRate":110.245,"devices":[],"gestures":[],"hands":[{"armBasis":[[0.869856,0.0831083,-0.486255],[0.225703,0.809434,0.542101],[0.438645,-0.581299,0.685333]],"armWidth":63.72,"confidence":0.806584,"direction":[-0.0589512,0.215424,-0.97474],"elbow":[109.874,166.969,278.369],"grabStrength":0,"id":797,"palmNormal":[-0.219386,-0.955362,-0.197873],"palmPosition":[-20.1147,332.966,40.6277],"palmVelocity":[3.25442,38.8343,-112.162],"palmWidth":90.99,"pinchStrength":0.948429,"r":[[0.963795,0.0983493,0.247845],[-0.0867328,0.994577,-0.0573881],[-0.252145,0.0338141,0.967098]],"s":0.869759,"sphereCenter":[-25.2585,296.64,12.2772],"sphereRadius":45.6892,"stabilizedPalmPosition":[-19.3656,313.677,114.323],"t":[5.67168,50.6927,-171.051],"timeVisible":1.62702,"type":"right","wrist":[-8.56017,323.92,93.3289]}],"id":4404154,"interactionBox":{"center":[0,200,0],"size":[235.247,235.247,147.751]},"pointables":[{"bases":[[[0.576598,0.815181,-0.0549011],[-0.662634,0.505892,0.552259],[0.477965,-0.282052,0.831863]],[[0.435526,0.860169,-0.265379],[-0.85672,0.486571,0.171113],[0.276312,0.152831,0.948838]],[[0.435526,0.860169,-0.265379],[-0.900059,0.411358,-0.143802],[-0.0145288,0.301486,0.95336]],[[0.435526,0.860169,-0.265379],[-0.802692,0.237666,-0.546992],[-0.407434,0.451247,0.793961]]],"btipPosition":[-42.2526,290.159,-0.970389],"carpPosition":[-38.4906,318.628,97.4803],"dipPosition":[-51.788,300.72,17.6112],"direction":[0.0145288,-0.301486,-0.95336],"extended":false,"handId":797,"id":7970,"length":52.1164,"mcpPosition":[-38.4906,318.628,97.4803],"pipPosition":[-52.2834,310.999,50.1165],"stabilizedTipPosition":[-52.5076,274.263,72.5767],"timeVisible":1.62702,"tipPosition":[-44.753,292.495,3.37926],"tipVelocity":[11.9718,35.2481,-111.434],"tool":false,"touchDistance":-0.416147,"touchZone":"touching","type":0,"width":20.25},{"bases":[[[0.950132,-0.163139,-0.265771],[0.184082,0.98133,0.0557228],[0.251718,-0.101868,0.962424]],[[0.980871,-0.179755,-0.0746946],[0.187422,0.97576,0.112982],[0.0525748,-0.124821,0.990785]],[[0.980871,-0.179755,-0.0746946],[0.179535,0.983704,-0.00970326],[0.0752215,-0.00389265,0.997159]],[[0.980871,-0.179755,-0.0746946],[0.17107,0.979119,-0.109826],[0.0928767,0.0949476,0.99114]]],"btipPosition":[-51.1597,349.312,-64.3239],"carpPosition":[-26.9771,337.983,90.0838],"dipPosition":[-49.5728,350.934,-47.3897],"direction":[-0.0752215,0.00389265,-0.997159],"extended":true,"handId":797,"id":7971,"length":58.8075,"mcpPosition":[-45.496,345.478,19.2786],"pipPosition":[-47.7547,350.84,-23.2879],"stabilizedTipPosition":[-56.2813,334.686,2.71063],"timeVisible":1.62702,"tipPosition":[-51.3666,348.961,-60.3833],"tipVelocity":[27.5896,68.6772,-116.087],"tool":false,"touchDistance":-0.4318,"touchZone":"touching","type":1,"width":19.3428},{"bases":[[[0.930009,-0.340288,-0.138879],[0.347545,0.937147,0.0311052],[0.119566,-0.077195,0.989821]],[[0.928595,-0.339392,-0.150079],[-0.0101497,0.381044,-0.924501],[0.370955,0.86001,0.350391]],[[0.928595,-0.339392,-0.150079],[-0.363417,-0.74986,-0.552845],[0.075093,0.567911,-0.819657]],[[0.928595,-0.339392,-0.150079],[-0.336364,-0.940612,0.0459148],[-0.15675,0.00784494,-0.987607]]],"btipPosition":[-40.6505,285.363,42.2948],"carpPosition":[-15.2387,337.727,86.3744],"dipPosition":[-43.5961,285.51,23.7357],"direction":[-0.075093,-0.567911,0.819657],"extended":false,"handId":797,"id":7972,"length":67.0064,"mcpPosition":[-23.5805,343.112,17.3166],"pipPosition":[-41.4607,301.659,0.427555],"stabilizedTipPosition":[-42.4377,256.049,156.607],"timeVisible":1.62702,"tipPosition":[-41.2408,285.419,38.4169],"tipVelocity":[-4.5325,42.2276,-112.637],"tool":false,"touchDistance":0.333333,"touchZone":"none","type":2,"width":18.9972},{"bases":[[[0.908604,-0.417611,0.0063475],[0.416736,0.907502,0.0526409],[-0.0277438,-0.0451845,0.998593]],[[0.908581,-0.417648,0.00717037],[0.279611,0.595353,-0.753241],[0.310321,0.686385,0.657706]],[[0.908581,-0.417648,0.00717037],[-0.20121,-0.45264,-0.868695],[0.366054,0.787837,-0.495295]],[[0.908581,-0.417648,0.00717037],[-0.389373,-0.853035,-0.347448],[0.151227,0.312893,-0.937672]]],"btipPosition":[-28.7478,278.966,23.1948],"carpPosition":[-3.65468,334.474,83.8926],"dipPosition":[-25.9222,284.812,5.6753],"direction":[-0.366054,-0.787837,0.495295],"extended":false,"handId":797,"id":7973,"length":64.4285,"mcpPosition":[-1.91681,337.304,21.3407],"pipPosition":[-15.7818,306.637,-8.04535],"stabilizedTipPosition":[-27.9654,256.595,134.561],"timeVisible":1.62702,"tipPosition":[-28.0912,280.341,20.0471],"tipVelocity":[-2.66316,40.3892,-117.513],"tool":false,"touchDistance":0.333333,"touchZone":"none","type":3,"width":18.077},{"bases":[[[0.817856,-0.5642,0.113096],[0.548885,0.82392,0.141003],[-0.172735,-0.0532433,0.983528]],[[0.738535,-0.557013,0.379871],[0.640114,0.402372,-0.654485],[0.211707,0.726521,0.653718]],[[0.738535,-0.557013,0.379871],[0.00758911,-0.556524,-0.830797],[0.674172,0.616456,-0.406785]],[[0.738535,-0.557013,0.379871],[-0.422938,-0.821534,-0.382368],[0.525061,0.121731,-0.842314]]],"btipPosition":[-13.2897,287.669,25.7931],"carpPosition":[6.41642,324.426,83.4631],"dipPosition":[-4.23929,289.767,11.2743],"direction":[-0.674172,-0.616456,0.406785],"extended":false,"handId":797,"id":7974,"length":50.5107,"mcpPosition":[16.4325,327.514,26.433],"pipPosition":[8.94671,301.825,3.31807],"stabilizedTipPosition":[-11.3789,266.329,132.306],"timeVisible":1.62702,"tipPosition":[-11.4027,288.288,23.1868],"tipVelocity":[-2.86113,36.2319,-107.126],"tool":false,"touchDistance":0.333333,"touchZone":"none","type":4,"width":16.0574}],"r":[[0.963795,0.0983493,0.247845],[-0.0867328,0.994577,-0.0573881],[-0.252145,0.0338141,0.967098]],"s":0.869759,"t":[5.67168,50.6927,-171.051],"timestamp":606757256281},false],[6,{"currentFrameRate":110.334,"devices":[],"gestures":[],"hands":[{"armBasis":[[0.869481,0.0769466,-0.487936],[0.229599,0.811649,0.537131],[0.437364,-0.579055,0.688047]],"armWidth":63.72,"confidence":0.814109,"direction":[-0.0594823,0.214706,-0.974866],"elbow":[109.752,167.9,278.268],"grabStrength":0,"id":797,"palmNormal":[-0.223235,-0.954723,-0.196648],"palmPosition":[-19.9296,333.284,39.8013],"palmVelocity":[8.02739,37.9645,-106.892],"palmWidth":90.99,"pinchStrength":0.95207,"r":[[0.963816,0.0966661,0.248423],[-0.0847187,0.994694,-0.0583676],[-0.252747,0.0352095,0.966892]],"s":0.87043,"sphereCenter":[-25.3864,297.139,11.4969],"sphereRadius":45.631,"stabilizedPalmPosition":[-19.3664,313.704,114.219],"t":[5.79398,51.0114,-171.956],"timeVisible":1.63593,"type":"right","wrist":[-8.33661,324.244,92.4954]}],"id":4404155,"interactionBox":{"center":[0,200,0],"size":[235.247,235.247,147.751]},"pointables":[{"bases":[[[0.579572,0.812962,-0.0564789],[-0.659975,0.508902,0.552677],[0.478047,-0.283041,0.83148]],[[0.438079,0.858308,-0.267197],[-0.854684,0.4898,0.172083],[0.278573,0.152983,0.948153]],[[0.438079,0.858308,-0.267197],[-0.898823,0.4135,-0.145378],[-0.0142936,0.30385,0.952613]],[[0.438079,0.858308,-0.267197],[-0.800949,0.237738,-0.54951],[-0.408126,0.45474,0.791609]]],"btipPosition":[-42.1476,290.43,-1.64305],"carpPosition":[-38.2809,319.069,96.6929],"dipPosition":[-51.6992,301.073,16.8835],"direction":[0.0142936,-0.30385,-0.952613],"extended":false,"handId":797,"id":7970,"length":52.1164,"mcpPosition":[-38.2809,319.069,96.6929],"pipPosition":[-52.1866,311.433,49.3634],"stabilizedTipPosition":[-52.4972,274.287,72.488],"timeVisible":1.63593,"tipPosition":[-44.6791,292.824,2.66576],"tipVelocity":[11.8088,34.5149,-102.053],"tool":false,"touchDistance":-0.413145,"touchZone":"touching","type":0,"width":20.25},{"bases":[[[0.949149,-0.166954,-0.266914],[0.187834,0.980686,0.0545219],[0.252656,-0.101885,0.962177]],[[0.980106,-0.18352,-0.0755823],[0.191391,0.974744,0.115079],[0.0525542,-0.127255,0.990477]],[[0.980106,-0.18352,-0.0755823],[0.183502,0.982993,-0.00724214],[0.075626,-0.00677148,0.997113]],[[0.980106,-0.18352,-0.0755823],[0.174993,0.978716,-0.107204],[0.0936477,0.0918445,0.99136]]],"btipPosition":[-50.9788,349.931,-65.1169],"carpPosition":[-26.7052,338.374,89.2619],"dipPosition":[-49.3788,351.5,-48.179],"direction":[-0.075626,0.00677148,-0.997113],"extended":true,"handId":797,"id":7971,"length":58.8075,"mcpPosition":[-45.293,345.869,18.4749],"pipPosition":[-47.5509,351.337,-24.0783],"stabilizedTipPosition":[-56.2723,334.711,2.60811],"timeVisible":1.63593,"tipPosition":[-51.1675,349.527,-61.1785],"tipVelocity":[25.7015,68.5326,-108.705],"tool":false,"touchDistance":-0.428836,"touchZone":"touching","type":1,"width":19.3428},{"bases":[[[0.928536,-0.343904,-0.139824],[0.351096,0.935868,0.0297231],[0.120635,-0.0766906,0.98973]],[[0.92711,-0.343014,-0.151022],[-0.00998736,0.380199,-0.924851],[0.374655,0.858947,0.349061]],[[0.92711,-0.343014,-0.151022],[-0.366982,-0.749019,-0.551629],[0.0760979,0.566843,-0.820303]],[[0.92711,-0.343014,-0.151022],[-0.339822,-0.9393,0.0472805],[-0.158073,0.0074865,-0.987399]]],"btipPosition":[-40.6413,285.759,41.542],"carpPosition":[-14.9729,338.07,85.5367],"dipPosition":[-43.6118,285.9,22.9868],"direction":[-0.0760979,-0.566843,0.820303],"extended":false,"handId":797,"id":7972,"length":67.0064,"mcpPosition":[-23.3893,343.42,16.4852],"pipPosition":[-41.4479,302.019,-0.339696],"stabilizedTipPosition":[-42.437,256.069,156.528],"timeVisible":1.63593,"tipPosition":[-41.237,285.814,37.6637],"tipVelocity":[-3.19401,42.7965,-104.962],"tool":false,"touchDistance":0.333333,"touchZone":"none","type":2,"width":18.9972},{"bases":[[[0.907041,-0.421006,0.00550678],[0.420205,0.905984,0.0511927],[-0.0265415,-0.0441199,0.998674]],[[0.907018,-0.421043,0.00634252],[0.280763,0.593462,-0.754305],[0.313831,0.685949,0.656494]],[[0.907018,-0.421043,0.00634252],[-0.204164,-0.452888,-0.867876],[0.368286,0.785885,-0.49674]],[[0.907018,-0.421043,0.00634252],[-0.393067,-0.851963,-0.345914],[0.151048,0.311258,-0.938245]]],"btipPosition":[-28.7883,279.301,22.4442],"carpPosition":[-3.40457,334.771,83.0421],"dipPosition":[-25.9661,285.116,4.91402],"direction":[-0.368286,-0.785885,0.49674],"extended":false,"handId":797,"id":7973,"length":64.4285,"mcpPosition":[-1.74201,337.535,20.4852],"pipPosition":[-15.7638,306.887,-8.84667],"stabilizedTipPosition":[-27.9654,256.601,134.535],"timeVisible":1.63593,"tipPosition":[-28.1313,280.669,19.2762],"tipVelocity":[-3.19993,39.4118,-108.547],"tool":false,"touchDistance":0.333333,"touchZone":"none","type":3,"width":18.077},{"bases":[[[0.815891,-0.567152,0.112521],[0.552161,0.821992,0.139454],[-0.171583,-0.0516497,0.983815]],[[0.738612,-0.559859,0.375513],[0.637148,0.397795,-0.660153],[0.220215,0.726854,0.650529]],[[0.738612,-0.559859,0.375513],[-0.00129771,-0.558213,-0.829697],[0.674129,0.612337,-0.41303]],[[0.738612,-0.559859,0.375513],[-0.428917,-0.820024,-0.378933],[0.520079,0.118821,-0.845813]]],"btipPosition":[-13.3588,287.955,25.2172],"carpPosition":[6.62821,324.686,82.6086],"dipPosition":[-4.39432,290.003,10.6381],"direction":[-0.674129,-0.612337,0.41303],"extended":false,"handId":797,"id":7974,"length":50.5107,"mcpPosition":[16.5775,327.681,25.5619],"pipPosition":[8.79084,301.98,2.55971],"stabilizedTipPosition":[-11.3788,266.332,132.29],"timeVisible":1.63593,"tipPosition":[-11.4421,288.551,22.4741],"tipVelocity":[-4.79954,34.7515,-95.9978],"tool":false,"touchDistance":0.333333,"touchZon