{"sensorType":"Leap","data":[[0,{"currentFrameRate":106.572,"devices":[],"gestures":[],"hands":[{"armBasis":[[0.742987,-0.21459,-0.633973],[0.456233,0.85543,0.245134],[0.489717,-0.471371,0.733476]],"armWidth":63.72,"confidence":0.798756,"direction":[-0.0514719,0.28836,-0.956138],"elbow":[120.293,158.512,291.157],"grabStrength":0,"id":801,"palmNormal":[-0.455685,-0.858712,-0.234447],"palmPosition":[-23.4528,300.873,41.813],"palmVelocity":[26.1683,10.4407,-132.434],"palmWidth":90.99,"pinchStrength":1,"r":[[0.896107,-0.440279,-0.0560993],[0.350457,0.779454,-0.519261],[0.272346,0.445653,0.852772]],"s":0.753201,"sphereCenter":[-50.628,273.339,14.4123],"sphereRadius":43.5994,"stabilizedPalmPosition":[-48.2164,287.872,298.865],"t":[24.5304,12.7915,-256.946],"timeVisible":0.777464,"type":"right","wrist":[-11.9308,285.782,93.1187]}],"id":4406048,"interactionBox":{"center":[0,200,0],"size":[235.247,235.247,147.751]},"pointables":[{"bases":[[[0.755124,0.653856,-0.0475393],[-0.491305,0.612426,0.619317],[0.434058,-0.444305,0.7837]],[[0.560867,0.766461,-0.312996],[-0.770095,0.621777,0.142644],[0.303945,0.161032,0.938981]],[[0.560867,0.766461,-0.312996],[-0.827843,0.523875,-0.200578],[0.0102355,0.371609,0.928333]],[[0.560867,0.766461,-0.312996],[-0.79447,0.391916,-0.463917],[-0.232906,0.508862,0.828743]]],"btipPosition":[-52.0801,254.98,0.945225],"carpPosition":[-42.0098,287.598,98.8646],"dipPosition":[-57.531,266.889,20.3408],"direction":[-0.0102355,-0.371609,-0.928333],"extended":false,"handId":801,"id":8010,"length":52.1164,"mcpPosition":[-42.0098,287.598,98.8646],"pipPosition":[-57.182,279.559,51.9929],"stabilizedTipPosition":[-105.253,273.609,242.66],"timeVisible":0.777464,"tipPosition":[-53.7485,256.993,5.62525],"tipVelocity":[36.6949,26.8853,-143.335],"tool":false,"touchDistance":-0.489652,"touchZone":"touching","type":0,"width":20.25},{"bases":[[[0.867394,-0.3692,-0.333645],[0.420983,0.901931,0.0964062],[0.265332,-0.224081,0.937756]],[[0.898682,-0.40031,-0.179228],[0.392679,0.91638,-0.0777876],[0.19538,-0.000472758,0.980728]],[[0.898682,-0.40031,-0.179228],[0.371713,0.912042,-0.173228],[0.232808,0.0890554,0.968437]],[[0.898682,-0.40031,-0.179228],[0.353495,0.902969,-0.24431],[0.259637,0.156201,0.95299]]],"btipPosition":[-64.4606,315.742,-59.0133],"carpPosition":[-26.4831,304.057,91.8014],"dipPosition":[-60.0246,318.411,-42.7309],"direction":[-0.232808,-0.0890554,-0.968437],"extended":true,"handId":801,"id":8011,"length":58.8075,"mcpPosition":[-46.0035,320.543,22.811],"pipPosition":[-54.3975,320.563,-19.3234],"stabilizedTipPosition":[-81.1485,313.122,208.332],"timeVisible":0.777464,"tipPosition":[-63.8616,315.134,-55.0219],"tipVelocity":[41.5687,35.2149,-138.671],"tool":false,"touchDistance":-0.513348,"touchZone":"touching","type":1,"width":19.3428},{"bases":[[[0.810705,-0.544391,-0.215397],[0.567289,0.82139,0.0591764],[0.14471,-0.170167,0.974732]],[[0.810996,-0.544734,-0.213426],[0.21225,0.613889,-0.760323],[0.545194,0.571319,0.613481]],[[0.810996,-0.544734,-0.213426],[-0.51804,-0.49909,-0.694654],[0.271883,0.673924,-0.686954]],[[0.810996,-0.544734,-0.213426],[-0.554912,-0.831785,0.014388],[-0.185362,0.106764,-0.976853]]],"btipPosition":[-55.9799,264.392,27.6654],"carpPosition":[-15.3572,301.228,87.349],"dipPosition":[-59.4633,266.398,9.30837],"direction":[-0.271883,-0.673924,0.686954],"extended":false,"handId":801,"id":8012,"length":67.0064,"mcpPosition":[-25.4533,313.1,19.3439],"pipPosition":[-51.7319,285.562,-10.2261],"stabilizedTipPosition":[-58.1665,248.349,275.961],"timeVisible":0.777464,"tipPosition":[-56.4824,264.826,24.6385],"tipVelocity":[25.1959,8.96882,-173.918],"tool":false,"touchDistance":0.333333,"touchZone":"none","type":2,"width":18.9972},{"bases":[[[0.778077,-0.62386,-0.0734537],[0.628084,0.774553,0.0746782],[0.0103051,-0.10424,0.994499]],[[0.778101,-0.626168,-0.0497172],[0.376303,0.528054,-0.761285],[0.502946,0.573648,0.646509]],[[0.778101,-0.626168,-0.0497172],[-0.45871,-0.512368,-0.725992],[0.42912,0.587701,-0.685903]],[[0.778101,-0.626168,-0.0497172],[-0.627043,-0.77898,-0.0026179],[-0.0370895,0.0332118,-0.99876]]],"btipPosition":[-39.3659,259.45,30.45],"carpPosition":[-5.05448,295.452,83.9694],"dipPosition":[-40.0589,260.07,11.7892],"direction":[-0.42912,-0.587701,0.685903],"extended":false,"handId":801,"id":8013,"length":64.4285,"mcpPosition":[-5.69999,301.981,21.674],"pipPosition":[-28.1714,276.351,-7.21172],"stabilizedTipPosition":[-43.189,247.975,283.412],"timeVisible":0.777464,"tipPosition":[-39.3972,259.573,27.2847],"tipVelocity":[31.8647,10.3876,-165.669],"tool":false,"touchDistance":0.333333,"touchZone":"none","type":3,"width":18.077},{"bases":[[[0.659495,-0.751077,0.0308199],[0.739884,0.655819,0.149911],[-0.132807,-0.0760622,0.988219]],[[0.627265,-0.753063,0.198581],[0.603221,0.308507,-0.735491],[0.492608,0.581136,0.64778]],[[0.627265,-0.753063,0.198581],[-0.420955,-0.542363,-0.727076],[0.655237,0.372476,-0.657211]],[[0.627265,-0.753063,0.198581],[-0.761064,-0.646829,-0.0489189],[0.165287,-0.120448,-0.978863]]],"btipPosition":[-23.1616,261.977,31.8869],"carpPosition":[2.22043,283.324,82.3672],"dipPosition":[-20.3126,259.901,15.0144],"direction":[-0.655237,-0.372476,0.657211],"extended":false,"handId":801,"id":8014,"length":50.5107,"mcpPosition":[9.92125,287.735,25.0651],"pipPosition":[-7.49696,267.186,2.16016],"stabilizedTipPosition":[-33.5262,258.177,281.906],"timeVisible":0.777464,"tipPosition":[-22.6225,261.704,28.9709],"tipVelocity":[36.1908,9.56874,-154.096],"tool":false,"touchDistance":0.333333,"touchZone":"none","type":4,"width":16.0574}],"r":[[0.896107,-0.440279,-0.0560993],[0.350457,0.779454,-0.519261],[0.272346,0.445653,0.852772]],"s":0.753201,"t":[24.5304,12.7915,-256.946],"timestamp":606774908433},false],[1,{"currentFrameRate":106.85,"devices":[],"gestures":[],"hands":[{"armBasis":[[0.744356,-0.214062,-0.632543],[0.455769,0.855159,0.246936],[0.488065,-0.472102,0.734106]],"armWidth":63.72,"confidence":0.804446,"direction":[-0.0513626,0.289514,-0.955795],"elbow":[120.098,158.392,290.171],"grabStrength":0,"id":801,"palmNormal":[-0.455193,-0.85865,-0.235627],"palmPosition":[-23.1953,301.008,40.6719],"palmVelocity":[26.961,11.7444,-131.493],"palmWidth":90.99,"pinchStrength":1,"r":[[0.896641,-0.43927,-0.0554639],[0.350066,0.780042,-0.518641],[0.271088,0.445619,0.853191]],"s":0.751949,"sphereCenter":[-50.373,273.483,13.1821],"sphereRadius":43.653,"stabilizedPalmPosition":[-48.2164,287.872,298.865],"t":[24.7825,12.931,-258.201],"timeVisible":0.786313,"type":"right","wrist":[-11.6794,285.859,91.9619]}],"id":4406049,"interactionBox":{"center":[0,200,0],"size":[235.247,235.247,147.751]},"pointables":[{"bases":[[[0.754809,0.654292,-0.0465319],[-0.491776,0.611416,0.619941],[0.434073,-0.445054,0.783267]],[[0.561969,0.766716,-0.310382],[-0.769164,0.622413,0.144877],[0.304266,0.157318,0.939507]],[[0.561969,0.766716,-0.310382],[-0.827109,0.524961,-0.200766],[0.00900767,0.369545,0.929169]],[[0.561969,0.766716,-0.310382],[-0.793464,0.393678,-0.464148],[-0.233679,0.507114,0.829596]]],"btipPosition":[-51.7872,255.332,-0.29199],"carpPosition":[-41.7608,287.653,97.7021],"dipPosition":[-57.2562,267.2,19.1235],"direction":[-0.00900767,-0.369545,-0.929169],"extended":false,"handId":801,"id":8010,"length":52.1164,"mcpPosition":[-41.7608,287.653,97.7021],"pipPosition":[-56.949,279.8,50.8041],"stabilizedTipPosition":[-105.252,273.609,242.655],"timeVisible":0.786313,"tipPosition":[-53.4341,257.312,4.39129],"tipVelocity":[35.595,30.0888,-142.241],"tool":false,"touchDistance":-0.487509,"touchZone":"touching","type":0,"width":20.25},{"bases":[[[0.867667,-0.368354,-0.33387],[0.420506,0.902022,0.0976306],[0.265195,-0.225105,0.93755]],[[0.898806,-0.399474,-0.180465],[0.392782,0.916729,-0.0730023],[0.1946,-0.00526848,0.980869]],[[0.898806,-0.399474,-0.180465],[0.371767,0.912813,-0.169],[0.232242,0.0848071,0.968954]],[[0.898806,-0.399474,-0.180465],[0.353463,0.903976,-0.240606],[0.259252,0.15247,0.953699]]],"btipPosition":[-64.1541,316.262,-60.1668],"carpPosition":[-26.2405,304.129,90.6633],"dipPosition":[-59.7247,318.867,-43.8723],"direction":[-0.232242,-0.0848071,-0.968954],"extended":true,"handId":801,"id":8011,"length":58.8075,"mcpPosition":[-45.7508,320.69,21.6882],"pipPosition":[-54.1113,320.916,-20.4523],"stabilizedTipPosition":[-81.1478,313.122,208.322],"timeVisible":0.786313,"tipPosition":[-63.5355,315.632,-56.1838],"tipVelocity":[39.6452,41.1284,-136.336],"tool":false,"touchDistance":-0.507608,"touchZone":"touching","type":1,"width":19.3428},{"bases":[[[0.811034,-0.543719,-0.215853],[0.566862,0.8216,0.0603404],[0.144537,-0.171297,0.97456]],[[0.811331,-0.544072,-0.21384],[0.214531,0.617382,-0.756846],[0.5438,0.568178,0.617621]],[[0.811331,-0.544072,-0.21384],[-0.516182,-0.495039,-0.698923],[0.274405,0.677438,-0.68248]],[[0.811331,-0.544072,-0.21384],[-0.555224,-0.831648,0.00937766],[-0.182942,0.111121,-0.976824]]],"btipPosition":[-55.7726,264.523,26.2115],"carpPosition":[-15.112,301.31,86.2104],"dipPosition":[-59.2105,266.611,7.85502],"direction":[-0.274405,-0.677438,0.68248],"extended":false,"handId":801,"id":8012,"length":67.0064,"mcpPosition":[-25.196,313.261,18.2173],"pipPosition":[-51.4074,285.875,-11.5523],"stabilizedTipPosition":[-58.1665,248.349,275.961],"timeVisible":0.786313,"tipPosition":[-56.2633,264.976,23.1877],"tipVelocity":[25.037,11.1344,-171.312],"tool":false,"touchDistance":0.333333,"touchZone":"none","type":2,"width":18.9972},{"bases":[[[0.778409,-0.623379,-0.0740162],[0.627677,0.774775,0.0758006],[0.0100934,-0.105462,0.994372]],[[0.778425,-0.625746,-0.0499547],[0.379392,0.532373,-0.75673],[0.500116,0.570105,0.651816]],[[0.778425,-0.625746,-0.0499547],[-0.455382,-0.508132,-0.731046],[0.432066,0.591813,-0.680497]],[[0.778425,-0.625746,-0.0499547],[-0.626821,-0.779122,-0.00801837],[-0.0339033,0.0375544,-0.998719]]],"btipPosition":[-39.1183,259.582,28.9273],"carpPosition":[-4.80547,295.544,82.8265],"dipPosition":[-39.7518,260.283,10.2672],"direction":[-0.432066,-0.591813,0.680497],"extended":false,"handId":801,"id":8013,"length":64.4285,"mcpPosition":[-5.43772,302.15,20.539],"pipPosition":[-27.7827,276.678,-8.58389],"stabilizedTipPosition":[-43.189,247.975,283.411],"timeVisible":0.786313,"tipPosition":[-39.1362,259.725,25.7874],"tipVelocity":[31.2312,12.1841,-167.398],"tool":false,"touchDistance":0.333333,"touchZone":"none","type":3,"width":18.077},{"bases":[[[0.659863,-0.750784,0.0300688],[0.739516,0.656004,0.150916],[-0.133031,-0.0773477,0.988089]],[[0.627243,-0.75292,0.199193],[0.606405,0.311648,-0.731538],[0.488711,0.579644,0.652054]],[[0.627243,-0.75292,0.199193],[-0.416705,-0.540514,-0.730891],[0.657969,0.375442,-0.652779]],[[0.627243,-0.75292,0.199193],[-0.760305,-0.647405,-0.0529517],[0.168827,-0.118234,-0.978529]]],"btipPosition":[-22.8698,262.106,30.4949],"carpPosition":[2.47594,283.422,81.2112],"dipPosition":[-19.9598,260.068,13.6282],"direction":[-0.657969,-0.375442,0.652779],"extended":false,"handId":801,"id":8014,"length":50.5107,"mcpPosition":[10.1898,287.907,23.9167],"pipPosition":[-7.09068,267.412,0.860585],"stabilizedTipPosition":[-33.5262,258.177,281.905],"timeVisible":0.786313,"tipPosition":[-22.3157,261.834,27.5918],"tipVelocity":[35.7505,11.1922,-154.925],"tool":false,"touchDistance":0.333333,"touchZone":"none","type":4,"width":16.0574}],"r":[[0.896641,-0.43927,-0.0554639],[0.350066,0.780042,-0.518641],[0.271088,0.445619,0.853191]],"s":0.751949,"t":[24.7825,12.931,-258.201],"timestamp":606774917282},false],[2,{"currentFrameRate":106.992,"devices":[],"gestures":[],"hands":[{"armBasis":[[0.745548,-0.21298,-0.631505],[0.455523,0.854519,0.249591],[0.486475,-0.473747,0.734102]],"armWidth":63.72,"confidence":0.805295,"direction":[-0.0529524,0.291967,-0.954961],"elbow":[119.923,158.106,289.021],"grabStrength":0,"id":801,"palmNormal":[-0.454874,-0.858381,-0.237216],"palmPosition":[-23.0264,301.291,39.5798],"palmVelocity":[24.6436,17.126,-128.362],"palmWidth":90.99,"pinchStrength":1,"r":[[0.897119,-0.438296,-0.0554406],[0.349484,0.780836,-0.517838],[0.270256,0.445186,0.853681]],"s":0.750748,"sphereCenter":[-50.2548,273.81,12.0189],"sphereRadius":43.6989,"stabilizedPalmPosition":[-48.2163,287.872,298.864],"t":[24.9931,13.1425,-259.375],"timeVisible":0.7954,"type":"right","wrist":[-11.4255,286.018,90.8136]}],"id":4406050,"interactionBox":{"center":[0,200,0],"size":[235.247,235.247,147.751]},"pointables":[{"bases":[[[0.754242,0.65499,-0.0459033],[-0.491355,0.609418,0.622238],[0.435534,-0.446763,0.781481]],[[0.561785,0.767703,-0.308269],[-0.768652,0.622161,0.148628],[0.305895,0.153455,0.939617]],[[0.561785,0.767703,-0.308269],[-0.827232,0.525442,-0.198991],[0.00921184,0.3668,0.930254]],[[0.561785,0.767703,-0.308269],[-0.793485,0.394605,-0.463323],[-0.23405,0.504895,0.830844]]],"btipPosition":[-51.606,255.791,-1.46432],"carpPosition":[-41.5,287.773,96.6014],"dipPosition":[-57.0836,267.607,17.9804],"direction":[-0.00921184,-0.3668,-0.930254],"extended":false,"handId":801,"id":8010,"length":52.1164,"mcpPosition":[-41.5,287.773,96.6014],"pipPosition":[-56.7695,280.113,49.698],"stabilizedTipPosition":[-105.25,273.608,242.648],"timeVisible":0.7954,"tipPosition":[-53.2475,257.757,3.21693],"tipVelocity":[31.2011,35.3704,-138.374],"tool":false,"touchDistance":-0.484576,"touchZone":"touching","type":0,"width":20.25},{"bases":[[[0.867469,-0.366816,-0.336071],[0.419956,0.902086,0.0993832],[0.266709,-0.227347,0.936579]],[[0.898746,-0.398171,-0.183619],[0.39237,0.917251,-0.0685239],[0.195709,-0.0104612,0.980606]],[[0.898746,-0.398171,-0.183619],[0.371071,0.913782,-0.165252],[0.233587,0.0803836,0.969008]],[[0.898746,-0.398171,-0.183619],[0.352502,0.905177,-0.237481],[0.260766,0.148709,0.95388]]],"btipPosition":[-64.1335,316.971,-61.1683],"carpPosition":[-26.0024,304.28,89.5835],"dipPosition":[-59.6781,319.512,-44.8707],"direction":[-0.233587,-0.0803836,-0.969008],"extended":true,"handId":801,"id":8011,"length":58.8075,"mcpPosition":[-45.6241,321.006,20.6798],"pipPosition":[-54.0322,321.455,-21.4494],"stabilizedTipPosition":[-81.1468,313.123,208.307],"timeVisible":0.7954,"tipPosition":[-63.485,316.337,-57.1983],"tipVelocity":[29.482,50.9158,-129.082],"tool":false,"touchDistance":-0.500192,"touchZone":"touching","type":1,"width":19.3428},{"bases":[[[0.81114,-0.542532,-0.218431],[0.56632,0.821875,0.061674],[0.146063,-0.173728,0.973902]],[[0.811444,-0.542895,-0.216386],[0.21486,0.62144,-0.753424],[0.543501,0.564869,0.620911]],[[0.811444,-0.542895,-0.216386],[-0.515675,-0.490866,-0.702232],[0.275022,0.681407,-0.678268]],[[0.811444,-0.542895,-0.216386],[-0.555146,-0.831738,0.0049729],[-0.182676,0.116091,-0.976295]]],"btipPosition":[-55.6534,264.817,24.8661],"carpPosition":[-14.8781,301.481,85.1073],"dipPosition":[-59.0862,266.998,6.51956],"direction":[-0.275022,-0.681407,0.678268],"extended":false,"handId":801,"id":8012,"length":67.0064,"mcpPosition":[-25.0686,313.602,17.1602],"pipPosition":[-51.2656,286.375,-12.7679],"stabilizedTipPosition":[-58.1665,248.349,275.961],"timeVisible":0.7954,"tipPosition":[-56.1426,265.289,21.8375],"tipVelocity":[21.7748,17.651,-164.804],"tool":false,"touchDistance":0.333333,"touchZone":"none","type":2,"width":18.9972},{"bases":[[[0.778778,-0.622586,-0.0767561],[0.627193,0.775056,0.0769249],[0.0115979,-0.108048,0.994078]],[[0.778829,-0.625034,-0.052516],[0.380802,0.537706,-0.752239],[0.498413,0.565867,0.656795]],[[0.778829,-0.625034,-0.052516],[-0.453402,-0.503151,-0.735708],[0.433419,0.596801,-0.67526]],[[0.778829,-0.625034,-0.052516],[-0.62638,-0.779408,-0.0130865],[-0.0327519,0.0430871,-0.998534]]],"btipPosition":[-38.962,259.879,27.4419],"carpPosition":[-4.57203,295.731,81.6936],"dipPosition":[-39.574,260.684,8.78531],"direction":[-0.433419,-0.596802,0.67526],"extended":false,"handId":801,"id":8013,"length":64.4285,"mcpPosition":[-5.29852,302.499,19.4246],"pipPosition":[-27.5674,277.217,-9.92074],"stabilizedTipPosition":[-43.189,247.975,283.411],"timeVisible":0.7954,"tipPosition":[-38.9756,260.045,24.3198],"tipVelocity":[27.4981,18.5932,-166.284],"tool":false,"touchDistance":0.333333,"touchZone":"none","type":3,"width":18.077},{"bases":[[[0.660479,-0.750353,0.0271655],[0.73923,0.656175,0.15157],[-0.131557,-0.0800274,0.988073]],[[0.627834,-0.752899,0.197402],[0.607993,0.316038,-0.72833],[0.485972,0.577289,0.656177]],[[0.627834,-0.752899,0.197402],[-0.41379,-0.537669,-0.734636],[0.659244,0.379546,-0.649109]],[[0.627834,-0.752899,0.197402],[-0.759456,-0.648104,-0.0564584],[0.170445,-0.114472,-0.978695]]],"btipPosition":[-22.6709,262.397,29.1062],"carpPosition":[2.71631,283.62,80.0363],"dipPosition":[-19.733,260.424,12.2366],"direction":[-0.659244,-0.379546,0.649109],"extended":false,"handId":801,"id":8014,"length":50.5107,"mcpPosition":[10.3446,288.26,22.7427],"pipPosition":[-6.83895,267.848,-0.459157],"stabilizedTipPosition":[-33.5261,258.177,281.904],"timeVisible":0.7954,"tipPosition":[-22.109,262.131,26.2118],"tipVelocity":[32.1086,17.4107,-154.362],"tool":false,"touchDistance":0.333333,"touchZone":"none","type":4,"width":16.0574}],"r":[[0.897119,-0.438296,-0.0554406],[0.349484,0.780836,-0.517838],[0.270256,0.445186,0.853681]],"s":0.750748,"t":[24.9931,13.1425,-259.375],"timestamp":606774926369},false],[3,{"currentFrameRate":107.172,"devices":[],"gestures":[],"hands":[{"armBasis":[[0.749169,-0.205615,-0.629657],[0.451922,0.853649,0.258939],[0.484265,-0.478545,0.73245]],"armWidth":63.72,"confidence":0.807564,"direction":[-0.0521562,0.293463,-0.954547],"elbow":[119.321,157.021,287.003],"grabStrength":0,"id":801,"palmNormal":[-0.450959,-0.859761,-0.239682],"palmPosition":[-22.9872,301.547,38.0112],"palmVelocity":[19.072,20.2237,-140.958],"palmWidth":90.99,"pinchStrength":1,"r":[[0.897872,-0.436782,-0.0552078],[0.348607,0.781933,-0.516772],[0.268885,0.444749,0.854341]],"s":0.749657,"sphereCenter":[-50.0492,273.953,10.3066],"sphereRadius":43.7479,"stabilizedPalmPosition":[-48.2162,287.872,298.864],"t":[25.118,13.3761,-260.746],"timeVisible":0.804403,"type":"right","wrist":[-11.4306,286.228,89.2416]}],"id":4406051,"interactionBox":{"center":[0,200,0],"size":[235.247,235.247,147.751]},"pointables":[{"bases":[[[0.751716,0.658071,-0.0431822],[-0.495057,0.606341,0.62231],[0.435707,-0.446423,0.781579]],[[0.560187,0.770238,-0.304835],[-0.770668,0.619534,0.149163],[0.303747,0.151367,0.940652]],[[0.560187,0.770238,-0.304835],[-0.828349,0.52323,-0.200171],[0.00531971,0.364643,0.931132]],[[0.560187,0.770238,-0.304835],[-0.793128,0.392528,-0.465693],[-0.239038,0.502648,0.830786]]],"btipPosition":[-51.2731,256.101,-3.17544],"carpPosition":[-41.5237,287.854,94.9705],"dipPosition":[-56.8674,267.865,16.2679],"direction":[-0.00531971,-0.364643,-0.931132],"extended":false,"handId":801,"id":8010,"length":52.1164,"mcpPosition":[-41.5237,287.854,94.9705],"pipPosition":[-56.686,280.298,48.0155],"stabilizedTipPosition":[-105.249,273.608,242.64],"timeVisible":0.804403,"tipPosition":[-52.9299,258.051,1.49707],"tipVelocity":[31.9698,34.7587,-152.58],"tool":false,"touchDistance":-0.490123,"touchZone":"touching","type":0,"width":20.25},{"bases":[[[0.869613,-0.362754,-0.334937],[0.41615,0.903573,0.101856],[0.265691,-0.227959,0.936719]],[[0.900615,-0.394142,-0.183152],[0.389166,0.918947,-0.063919],[0.1935,-0.01371,0.981004]],[[0.900615,-0.394142,-0.183152],[0.367991,0.915754,-0.161173],[0.231247,0.0777565,0.969783]],[[0.900615,-0.394142,-0.183152],[0.349498,0.907279,-0.233871],[0.258348,0.146617,0.954861]]],"btipPosition":[-63.941,317.409,-62.8008],"carpPosition":[-26.0777,304.434,88.014],"dipPosition":[-59.527,319.915,-46.4864],"direction":[-0.231247,-0.0777565,-0.969783],"extended":true,"handId":801,"id":8011,"length":58.8075,"mcpPosition":[-45.6245,321.205,19.0999],"pipPosition":[-53.9377,321.794,-23.0464],"stabilizedTipPosition":[-81.1454,313.123,208.287],"timeVisible":0.804403,"tipPosition":[-63.2794,316.777,-58.8391],"tipVelocity":[26.9646,50.048,-143.313],"tool":false,"touchDistance":-0.502936,"touchZone":"touching","type":1,"width":19.3428},{"bases":[[[0.813743,-0.538903,-0.217727],[0.56291,0.824013,0.0643052],[0.144755,-0.174888,0.973889]],[[0.814049,-0.539274,-0.215656],[0.215384,0.625137,-0.750209],[0.539382,0.564258,0.625044]],[[0.814049,-0.539274,-0.215656],[-0.511389,-0.489505,-0.706305],[0.275327,0.685251,-0.67426]],[[0.814049,-0.539274,-0.215656],[-0.552272,-0.833664,-0.0000165457],[-0.179776,0.119114,-0.976469]]],"btipPosition":[-55.4819,264.968,23.0055],"carpPosition":[-14.9332,301.688,83.5558],"dipPosition":[-58.8602,267.206,4.65565],"direction":[-0.275327,-0.685251,0.67426],"extended":false,"handId":801,"id":8012,"length":67.0064,"mcpPosition":[-25.0324,313.889,15.6095],"pipPosition":[-51.0309,286.692,-14.5179],"stabilizedTipPosition":[-58.1665,248.349,275.961],"timeVisible":0.804403,"tipPosition":[-55.9638,265.453,19.965],"tipVelocity":[21.4084,17.8064,-176.325],"tool":false,"touchDistance":0.333333,"touchZone":"none","type":2,"width":18.9972},{"bases":[[[0.78141,-0.61934,-0.0762616],[0.623937,0.77741,0.079598],[0.00998835,-0.109781,0.993906]],[[0.78142,-0.621853,-0.0517876],[0.381614,0.541896,-0.748812],[0.493715,0.565374,0.660756]],[[0.78142,-0.621853,-0.0517876],[-0.448578,-0.502109,-0.739368],[0.433775,0.600987,-0.671307]],[[0.78142,-0.621853,-0.0517876],[-0.623306,-0.78178,-0.017586],[-0.0295506,0.0460216,-0.998503]]],"btipPosition":[-38.7462,260.093,25.6251],"carpPosition":[-4.59725,295.985,80.153],"dipPosition":[-39.2983,260.953,6.96904],"direction":[-0.433775,-0.600987,0.671307],"extended":false,"handId":801,"id":8013,"length":64.4285,"mcpPosition":[-5.22292,302.862,17.8948],"pipPosition":[-27.2819,277.601,-11.6275],"stabilizedTipPosition":[-43.189,247.975,283.411],"timeVisible":0.804403,"tipPosition":[-38.7516,260.27,22.4892],"tipVelocity":[26.9493,20.3912,-176.036],"tool":false,"touchDistance":0.333333,"touchZone":"none","type":3,"width":18.077},{"bases":[[[0.663409,-0.747763,0.0271881],[0.736295,0.658843,0.154262],[-0.133264,-0.0823203,0.987656]],[[0.629994,-0.750659,0.199043],[0.613645,0.32409,-0.720004],[0.475969,0.57574,0.664813]],[[0.629994,-0.750659,0.199043],[-0.403226,-0.535224,-0.742256],[0.663714,0.387358,-0.639873]],[[0.629994,-0.750659,0.199043],[-0.755834,-0.651541,-0.0648826],[0.17839,-0.109568,-0.977841]]],"btipPosition":[-22.4161,262.634,27.0825],"carpPosition":[2.74273,283.906,78.4892],"dipPosition":[-19.3413,260.745,10.2277],"direction":[-0.663714,-0.387358,0.639873],"extended":false,"handId":801,"id":8014,"length":50.5107,"mcpPosition":[10.4701,288.679,21.2198],"pipPosition":[-6.35982,268.321,-2.28749],"stabilizedTipPosition":[-33.5261,258.177,281.903],"timeVisible":0.804403,"tipPosition":[-21.8302,262.381,24.2443],"tipVelocity":[32.0226,20.4342,-173.6],"tool":false,"touchDistance":0.333333,"touchZone":"none","type":4,"width":16.0574}],"r":[[0.897872,-0.436782,-0.0552078],[0.348607,0.781933,-0.516772],[0.268885,0.444749,0.854341]],"s":0.749657,"t":[25.118,13.3761,-260.746],"timestamp":606774935372},false],[4,{"currentFrameRate":98.2371,"devices":[],"gestures":[],"hands":[{"armBasis":[[0.746816,-0.214421,-0.629516],[0.455694,0.854433,0.249575],[0.484365,-0.473253,0.735814]],"armWidth":63.72,"confidence":0.833477,"direction":[-0.0522942,0.290085,-0.955571],"elbow":[119.51,158.959,285.043],"grabStrength":0,"id":801,"palmNormal":[-0.454985,-0.858717,-0.235783],"palmPosition":[-22.8342,301.913,35.1025],"palmVelocity":[10.7319,16.0273,-119.923],"palmWidth":90.99,"pinchStrength":1,"r":[[0.898082,-0.436381,-0.0549497],[0.348426,0.782121,-0.516611],[0.268416,0.444813,0.854455]],"s":0.748543,"sphereCenter":[-50.1493,274.382,7.48674],"sphereRadius":43.8237,"stabilizedPalmPosition":[-48.2161,287.872,298.862],"t":[25.2569,13.6758,-262.886],"timeVisible":0.831572,"type":"right","wrist":[-11.2684,286.738,86.3736]}],"id":4406052,"interactionBox":{"center":[0,200,0],"size":[235.247,235.247,147.751]},"pointables":[{"bases":[[[0.754463,0.654675,-0.0467523],[-0.491547,0.610798,0.620731],[0.434934,-0.445338,0.782628]],[[0.56475,0.766161,-0.306684],[-0.766245,0.624817,0.149904],[0.306472,0.150337,0.939933]],[[0.56475,0.766161,-0.306684],[-0.82522,0.528021,-0.200513],[0.00831033,0.366321,0.930451]],[[0.56475,0.766161,-0.306684],[-0.790152,0.394759,-0.468855],[-0.238152,0.507113,0.828324]]],"btipPosition":[-51.354,256.651,-5.88942],"carpPosition":[-41.3459,288.514,92.1398],"dipPosition":[-56.9276,268.519,13.4963],"direction":[-0.00831033,-0.366321,-0.930451],"extended":false,"handId":801,"id":8010,"length":52.1164,"mcpPosition":[-41.3459,288.514,92.1398],"pipPosition":[-56.6442,281.009,45.2206],"stabilizedTipPosition":[-105.245,273.607,242.622],"timeVisible":0.831572,"tipPosition":[-52.981,258.605,-1.23296],"tipVelocity":[10.3917,26.2957,-120.187],"tool":false,"touchDistance":-0.510352,"touchZone":"touching","type":0,"width":20.25},{"bases":[[[0.867562,-0.367738,-0.334821],[0.420163,0.902158,0.0978427],[0.266081,-0.225564,0.937188]],[[0.898466,-0.398447,-0.184386],[0.393652,0.917061,-0.0635448],[0.194413,-0.0154911,0.980797]],[[0.898466,-0.398447,-0.184386],[0.372372,0.914057,-0.160746],[0.232588,0.0757645,0.96962]],[[0.898466,-0.398447,-0.184386],[0.353742,0.905724,-0.233518],[0.260048,0.144583,0.95471]]],"btipPosition":[-63.8319,317.96,-65.7354],"carpPosition":[-25.8392,305.001,85.0984],"dipPosition":[-59.3889,320.43,-49.4236],"direction":[-0.232588,-0.0757645,-0.96962],"extended":true,"handId":801,"id":8011,"length":58.8075,"mcpPosition":[-45.4147,321.596,16.1499],"pipPosition":[-53.7671,322.262,-25.9875],"stabilizedTipPosition":[-81.1421,313.124,208.238],"timeVisible":0.831572,"tipPosition":[-63.1426,317.316,-61.7812],"tipVelocity":[12.876,31.3838,-121.422],"tool":false,"touchDistance":-0.525004,"touchZone":"touching","type":1,"width":19.3428},{"bases":[[[0.81111,-0.543203,-0.216867],[0.566526,0.821829,0.0603807],[0.145428,-0.171836,0.974332]],[[0.811468,-0.543628,-0.214449],[0.222479,0.626699,-0.746827],[0.540391,0.558316,0.629492]],[[0.811468,-0.543628,-0.214449],[-0.511304,-0.482742,-0.711005],[0.282998,0.686607,-0.669689]],[[0.811468,-0.543628,-0.214449],[-0.557211,-0.830363,-0.00349849],[-0.176169,0.122332,-0.976729]]],"btipPosition":[-55.6433,265.445,19.7138],"carpPosition":[-14.7131,302.191,80.6345],"dipPosition":[-58.9538,267.744,1.35906],"direction":[-0.282998,-0.686607,0.669689],"extended":false,"handId":801,"id":8012,"length":67.0064,"mcpPosition":[-24.8593,314.179,12.6573],"pipPosition":[-50.9064,287.268,-17.6845],"stabilizedTipPosition":[-58.1665,248.349,275.961],"timeVisible":0.831572,"tipPosition":[-56.1011,265.936,16.7197],"tipVelocity":[4.79302,17.9752,-142.116],"tool":false,"touchDistance":0.333333,"touchZone":"none","type":2,"width":18.9972},{"bases":[[[0.77864,-0.622967,-0.0750524],[0.627376,0.775023,0.075761],[0.0109707,-0.106077,0.994297]],[[0.778671,-0.625418,-0.0502365],[0.385384,0.539926,-0.748304],[0.495127,0.563322,0.661451]],[[0.778671,-0.625418,-0.0502365],[-0.449378,-0.50003,-0.74029],[0.437871,0.599017,-0.670408]],[[0.778671,-0.625418,-0.0502365],[-0.626794,-0.778992,-0.0173273],[-0.028297,0.0449802,-0.998587]]],"btipPosition":[-38.8171,260.472,22.6315],"carpPosition":[-4.40664,296.431,77.2384],"dipPosition":[-39.3458,261.313,3.97389],"direction":[-0.437871,-0.599018,0.670408],"extended":false,"handId":801,"id":8013,"length":64.4285,"mcpPosition":[-5.09384,303.076,14.9556],"pipPosition":[-27.2159,277.907,-14.5978],"stabilizedTipPosition":[-43.189,247.975,283.41],"timeVisible":0.831572,"tipPosition":[-38.8185,260.65,19.4883],"tipVelocity":[8.7291,16.3013,-135.179],"tool":false,"touchDistance":0.333333,"touchZone":"none","type":3,"width":18.077},{"bases":[[[0.66024,-0.750492,0.0290519],[0.739333,0.656257,0.15071],[-0.132172,-0.0780255,0.988151]],[[0.626701,-0.752516,0.202398],[0.616795,0.320285,-0.719014],[0.476245,0.575445,0.664872]],[[0.626701,-0.752516,0.202398],[-0.403298,-0.535453,-0.742052],[0.66678,0.383418,-0.639058]],[[0.626701,-0.752516,0.202398],[-0.758386,-0.648695,-0.0636006],[0.179155,-0.113637,-0.977236]]],"btipPosition":[-22.426,262.951,24.1457],"carpPosition":[2.87911,284.314,75.6095],"dipPosition":[-19.3379,260.992,7.30128],"direction":[-0.66678,-0.383418,0.639058],"extended":false,"handId":801,"id":8014,"length":50.5107,"mcpPosition":[10.5431,288.838,18.3114],"pipPosition":[-6.29651,268.491,-5.19792],"stabilizedTipPosition":[-33.526,258.177,281.902],"timeVisible":0.831572,"tipPosition":[-21.8347,262.673,21.2904],"tipVelocity":[11.9951,14.6231,-132.895],"tool":false,"touchDistance":0.333333,"touchZone":"none","type":4,"width":16.0574}],"r":[[0.898082,-0.436381,-0.0549497],[0.348426,0.782121,-0.516611],[0.268416,0.444813,0.854455]],"s":0.748543,"t":[25.2569,13.6758,-262.886],"timestamp":606774962541},false],[5,{"currentFrameRate":98.7641,"devices":[],"gestures":[],"hands":[{"armBasis":[[0.747053,-0.215525,-0.628857],[0.455556,0.854913,0.248179],[0.484129,-0.471882,0.736849]],"armWidth":63.72,"confidence":0.839832,"direction":[-0.0531836,0.290416,-0.955421],"elbow":[119.547,159.404,284.774],"grabStrength":0,"id":801,"palmNormal":[-0.4549,-0.85878,-0.235718],"palmPosition":[-22.7809,302.002,34.5687],"palmVelocity":[9.38336,14.3216,-103.005],"palmWidth":90.99,"pinchStrength":1,"r":[[0.89827,-0.435998,-0.0549243],[0.348144,0.782331,-0.516483],[0.268154,0.444819,0.854534]],"s":0.747619,"sphereCenter":[-50.148,274.485,6.94985],"sphereRadius":43.8512,"stabilizedPalmPosition":[-48.2161,287.872,298.862],"t":[25.353,13.8704,-264.223],"timeVisible":0.840654,"type":"right","wrist":[-11.1676,286.812,85.8245]}],"id":4406053,"interactionBox":{"center":[0,200,0],"size":[235.247,235.247,147.751]},"pointables":[{"bases":[[[0.754209,0.65494,-0.0471403],[-0.491231,0.61041,0.621363],[0.43573,-0.445481,0.782104]],[[0.565182,0.766174,-0.305854],[-0.765647,0.625205,0.151336],[0.307171,0.148644,0.939974]],[[0.565182,0.766174,-0.305854],[-0.824917,0.528943,-0.199328],[0.00905916,0.36496,0.930979]],[[0.565182,0.766174,-0.305854],[-0.789879,0.395603,-0.468604],[-0.238035,0.506434,0.828773]]],"btipPosition":[-51.3121,256.861,-6.44337],"carpPosition":[-41.2409,288.576,91.6164],"dipPosition":[-56.883,268.713,12.9529],"direction":[-0.00905916,-0.36496,-0.930979],"extended":false,"handId":801,"id":8010,"length":52.1164,"mcpPosition":[-41.2409,288.576,91.6164],"pipPosition":[-56.5741,281.156,44.6952],"stabilizedTipPosition":[-105.244,273.606,242.616],"timeVisible":0.840654,"tipPosition":[-52.9278,258.795,-1.78027],"tipVelocity":[8.81071,25.2913,-103.735],"tool":false,"touchDistance":-0.495924,"touchZone":"touching","type":0,"width":20.25},{"bases":[[[0.867404,-0.367331,-0.335676],[0.419949,0.90226,0.0978229],[0.266934,-0.225819,0.936884]],[[0.898377,-0.397999,-0.185782],[0.393497,0.917223,-0.062144],[0.195137,-0.0172759,0.980624]],[[0.898377,-0.397999,-0.185782],[0.372191,0.91441,-0.159147],[0.233221,0.0738275,0.969617]],[[0.898377,-0.397999,-0.185782],[0.353543,0.906239,-0.231815],[0.260625,0.142575,0.954854]]],"btipPosition":[-63.8572,318.207,-66.2383],"carpPosition":[-25.7454,305.072,84.5682],"dipPosition":[-59.4043,320.643,-49.924],"direction":[-0.233221,-0.0738275,-0.969617],"extended":true,"handId":801,"id":8011,"length":58.8075,"mcpPosition":[-45.3837,321.685,15.642],"pipPosition":[-53.7672,322.427,-26.488],"stabilizedTipPosition":[-81.141,313.124,208.222],"timeVisible":0.840654,"tipPosition":[-63.1562,317.553,-62.2875],"tipVelocity":[8.61247,29.9811,-103.127],"tool":false,"touchDistance":-0.508371,"touchZone":"touching","type":1,"width":19.3428},{"bases":[[[0.811107,-0.542858,-0.217739],[0.566306,0.821993,0.0602098],[0.146294,-0.172144,0.974148]],[[0.811481,-0.5433,-0.215229],[0.223139,0.628472,-0.745139],[0.540099,0.556641,0.631224]],[[0.811481,-0.5433,-0.215229],[-0.510862,-0.480691,-0.712711],[0.283757,0.688304,-0.667623]],[[0.811481,-0.5433,-0.215229],[-0.557308,-0.830288,-0.00534293],[-0.175799,0.124285,-0.976549]]],"btipPosition":[-55.6272,265.538,19.0404],"carpPosition":[-14.6221,302.266,80.094],"dipPosition":[-58.9308,267.873,0.68914],"direction":[-0.283757,-0.688304,0.667623],"extended":false,"handId":801,"id":8012,"length":67.0064,"mcpPosition":[-24.8288,314.276,12.1296],"pipPosition":[-50.8618,287.446,-18.2956],"stabilizedTipPosition":[-58.1665,248.349,275.961],"timeVisible":0.840654,"tipPosition":[-56.083,266.034,16.051],"tipVelocity":[4.00584,16.0886,-123.282],"tool":false,"touchDistance":0.333333,"touchZone":"none","type":2,"width":18.9972},{"bases":[[[0.778781,-0.622684,-0.0759269],[0.627184,0.775201,0.0755226],[0.0118319,-0.106436,0.994249]],[[0.778833,-0.625156,-0.0509775],[0.385669,0.541395,-0.747095],[0.49465,0.562202,0.662759]],[[0.778833,-0.625156,-0.0509775],[-0.448758,-0.498597,-0.741632],[0.438218,0.600484,-0.668868]],[[0.778833,-0.625156,-0.0509775],[-0.626606,-0.77911,-0.0187521],[-0.0279941,0.0465476,-0.998524]]],"btipPosition":[-38.775,260.555,21.981],"carpPosition":[-4.31662,296.511,76.6872],"dipPosition":[-39.2981,261.425,3.32458],"direction":[-0.438218,-0.600484,0.668868],"extended":false,"handId":801,"id":8013,"length":64.4285,"mcpPosition":[-5.05777,303.178,14.4074],"pipPosition":[-27.1586,278.059,-15.2044],"stabilizedTipPosition":[-43.189,247.975,283.41],"timeVisible":0.840654,"tipPosition":[-38.774,260.741,18.8408],"tipVelocity":[7.63526,14.5217,-117.585],"tool":false,"touchDistance":0.333333,"touchZone":"none","type":3,"width":18.077},{"bases":[[[0.66051,-0.750286,0.0282291],[0.739243,0.656445,0.150335],[-0.131325,-0.0784294,0.988232]],[[0.626975,-0.752353,0.202158],[0.617108,0.321257,-0.718312],[0.475479,0.575117,0.665703]],[[0.626975,-0.752353,0.202158],[-0.402524,-0.535029,-0.742777],[0.666991,0.384329,-0.63829]],[[0.626975,-0.752353,0.202158],[-0.7581,-0.648983,-0.0640808],[0.179408,-0.113079,-0.977254]]],"btipPosition":[-22.3639,263.041,23.5352],"carpPosition":[2.97175,284.397,75.0479],"dipPosition":[-19.2715,261.092,6.6905],"direction":[-0.666991,-0.384329,0.63829],"extended":false,"handId":801,"id":8014,"length":50.5107,"mcpPosition":[10.5866,288.945,17.745],"pipPosition":[-6.22592,268.609,-5.79369],"stabilizedTipPosition":[-33.526,258.177,281.901],"timeVisible":0.840654,"tipPosition":[-21.7706,262.762,20.6773],"tipVelocity":[10.5988,13.4113,-114.724],"tool":false,"touchDistance":0.333333,"touchZone":"none","type":4,"width":16.0574}],"r":[[0.89827,-0.435998,-0.0549243],[0.348144,0.782331,-0.516483],[0.268154,0.444819,0.854534]],"s":0.747619,"t":[25.353,13.8704,-264.223],"timestamp":606774971623},false],[6,{"currentFrameRate":99.3244,"devices":[],"gestures":[],"hands":[{"armBasis":[[0.748039,-0.215125,-0.62782],[0.454744,0.855166,0.248795],[0.483369,-0.471606,0.737525]],"armWidth":63.72,"confidence":0.846906,"direction":[-0.053738,0.291788,-0.954972],"elbow":[119.385,159.508,284.12],"grabStrength":0,"id":801,"palmNormal":[-0.454108,-0.858881,-0.236875],"palmPosition":[-22.7674,302.096,33.758],"palmVelocity":[7.22895,13.277,-99.5625],"palmWidth":90.99,"pinchStrength":1,"r":[[0.898504,-0.435495,-0.0550835],[0.347733,0.782723,-0.516166],[0.267903,0.444623,0.854716]],"s":0.746678,"sphereCenter":[-50.2031,274.62,6.08054],"sphereRadius":43.9071,"stabilizedPalmPosition":[-48.216,287.872,298.861],"t":[25.4078,14.0148,-265.296],"timeVisible":0.849619,"type":"right","wrist":[-11.1247,286.842,84.9879]}],"id":4406054,"interactionBox":{"center":[0,200,0],"size":[235.247,235.247,147.751]},"pointables":[{"bases":[[[0.753542,0.655762,-0.0463704],[-0.491668,0.608992,0.622408],[0.436391,-0.446212,0.781318]],[[0.566311,0.766589,-0.30271],[-0.764882,0.625633,0.153422],[0.306997,0.144654,0.940653]],[[0.566311,0.766589,-0.30271],[-0.82414,0.530836,-0.197503],[0.00928547,0.361324,0.932394]],[[0.566311,0.766589,-0.30271],[-0.788841,0.397726,-0.468555],[-0.238793,0.504138,0.829954]]],"btipPosition":[-51.2506,257.228,-7.37884],"carpPosition":[-41.1981,288.567,90.7907],"dipPosition":[-56.8392,269.027,12.0451],"direction":[-0.00928547,-0.361324,-0.932394],"extended":false,"handId":801,"id":8010,"length":52.1164,"mcpPosition":[-41.1981,288.567,90.7907],"pipPosition":[-56.5227,281.346,43.8356],"stabilizedTipPosition":[-105.242,273.606,242.61],"timeVisible":0.849619,"tipPosition":[-52.8497,259.117,-2.69934],"tipVelocity":[8.1516,29.2115,-103.709],"tool":false,"touchDistance":-0.488601,"touchZone":"touching","type":0,"width":20.25},{"bases":[[[0.867677,-0.365963,-0.336463],[0.419075,0.902532,0.0990539],[0.267419,-0.22695,0.936473]],[[0.898573,-0.39663,-0.187755],[0.392928,0.917727,-0.0581834],[0.195385,-0.021492,0.980491]],[[0.898573,-0.39663,-0.187755],[0.371645,0.915343,-0.155007],[0.23334,0.0695069,0.969908]],[[0.898573,-0.39663,-0.187755],[0.35301,0.907506,-0.227635],[0.260675,0.138267,0.955474]]],"btipPosition":[-63.8829,318.666,-67.0252],"carpPosition":[-25.7211,305.088,83.7628],"dipPosition":[-59.4291,321.028,-50.7004],"direction":[-0.23334,-0.0695069,-0.969908],"extended":true,"handId":801,"id":8011,"length":58.8075,"mcpPosition":[-45.395,321.785,14.8669],"pipPosition":[-53.7892,322.708,-27.2573],"stabilizedTipPosition":[-81.1398,313.125,208.205],"timeVisible":0.849619,"tipPosition":[-63.1598,317.99,-63.0819],"tipVelocity":[5.47693,35.2707,-98.8531],"tool":false,"touchDistance":-0.497635,"touchZone":"touching","type":1,"width":19.3428},{"bases":[[[0.811588,-0.541722,-0.218772],[0.565502,0.822467,0.0612807],[0.146736,-0.173451,0.97385]],[[0.811983,-0.54219,-0.216133],[0.224373,0.631787,-0.741958],[0.538833,0.553963,0.634653]],[[0.811983,-0.54219,-0.216133],[-0.509356,-0.477391,-0.715999],[0.285027,0.691467,-0.663801]],[[0.811983,-0.54219,-0.216133],[-0.556989,-0.830469,-0.00922354],[-0.174491,0.127873,-0.97632]]],"btipPosition":[-55.6318,265.635,17.9705],"carpPosition":[-14.5962,302.301,79.2814],"dipPosition":[-58.9108,268.038,-0.376547],"direction":[-0.285028,-0.691467,0.663801],"extended":false,"handId":801,"id":8012,"length":67.0064,"mcpPosition":[-24.8337,314.402,11.3379],"pipPosition":[-50.8056,287.701,-19.2527],"stabilizedTipPosition":[-58.1665,248.349,275.961],"timeVisible":0.849619,"tipPosition":[-56.0848,266.142,14.9781],"tipVelocity":[2.94208,15.1281,-122.176],"tool":false,"touchDistance":0.333333,"touchZone":"none","type":2,"width":18.9972},{"bases":[[[0.779381,-0.621792,-0.0770708],[0.626431,0.775713,0.0765068],[0.0122135,-0.107908,0.994086]],[[0.77944,-0.624333,-0.0517822],[0.387463,0.545369,-0.743267],[0.492287,0.559268,0.666988]],[[0.77944,-0.624333,-0.0517822],[-0.44591,-0.494828,-0.745861],[0.440043,0.604444,-0.664086]],[[0.77944,-0.624333,-0.0517822],[-0.625956,-0.779497,-0.0237327],[-0.025547,0.0509116,-0.998376]]],"btipPosition":[-38.7589,260.637,20.8431],"carpPosition":[-4.28594,296.561,75.8632],"dipPosition":[-39.2362,261.588,2.18939],"direction":[-0.440043,-0.604444,0.664086],"extended":false,"handId":801,"id":8013,"length":64.4285,"mcpPosition":[-5.05099,303.32,13.5937],"pipPosition":[-27.0462,278.332,-16.2071],"stabilizedTipPosition":[-43.189,247.975,283.41],"timeVisible":0.849619,"tipPosition":[-38.745,260.845,17.7174],"tipVelocity":[6.35907,13.6169,-120.124],"tool":false,"touchDistance":0.333333,"touchZone":"none","type":3,"width":18.077},{"bases":[[[0.661267,-0.749668,0.0269272],[0.738629,0.656957,0.151111],[-0.130973,-0.0800352,0.98815]],[[0.627472,-0.751959,0.202079],[0.618709,0.32394,-0.715725],[0.472734,0.574125,0.668508]],[[0.627472,-0.751959,0.202079],[-0.399486,-0.533665,-0.745394],[0.668349,0.386986,-0.635257]],[[0.627472,-0.751959,0.202079],[-0.757137,-0.649807,-0.0670352],[0.18172,-0.110939,-0.977072]]],"btipPosition":[-22.3113,263.14,22.5343],"carpPosition":[3.01406,284.457,74.2038],"dipPosition":[-19.1791,261.228,5.69267],"direction":[-0.668349,-0.386986,0.635257],"extended":false,"handId":801,"id":8014,"length":50.5107,"mcpPosition":[10.6086,289.098,16.9057],"pipPosition":[-6.10696,268.797,-6.73219],"stabilizedTipPosition":[-33.526,258.177,281.901],"timeVisible":0.849619,"tipPosition":[-21.7058,262.863,19.6746],"tipVelocity":[9.58216,13.0163,-113.861],"tool":false,"touchDistance":0.333333,"touchZone":"none","type":4,"width":16.0574}],"r":[[0.898504,-0.435495,-0.0550835],[0.347733,0.782723,-0.516166],[0