{"sensorType":"Leap","data":[[0,{"currentFrameRate":109.437,"devices":[],"gestures":[],"hands":[{"armBasis":[[0.847744,0.148657,-0.509148],[0.18008,0.822235,0.539908],[0.498901,-0.549391,0.670274]],"armWidth":63.72,"confidence":0.727666,"direction":[-0.08045,0.0217802,-0.996521],"elbow":[117.458,173.949,281.781],"grabStrength":0,"id":796,"palmNormal":[-0.162195,-0.986722,-0.00847188],"palmPosition":[-29.7871,320.425,47.59],"palmVelocity":[-15.468,17.1258,-103.218],"palmWidth":90.99,"pinchStrength":1,"r":[[0.98482,-0.153103,0.0817919],[0.17356,0.861294,-0.477545],[0.00266642,0.484491,0.874792]],"s":0.784889,"sphereCenter":[-39.06,283.842,25.0093],"sphereRadius":44.5867,"stabilizedPalmPosition":[-24.4609,281.599,173.263],"t":[-6.01354,46.8378,-150.573],"timeVisible":0.795345,"type":"right","wrist":[-17.2453,322.284,100.807]}],"id":4403383,"interactionBox":{"center":[0,200,0],"size":[235.247,235.247,147.751]},"pointables":[{"bases":[[[0.52512,0.822036,-0.220241],[-0.687561,0.562307,0.459424],[0.501506,-0.0898242,0.860479]],[[0.334499,0.80685,-0.486932],[-0.904872,0.419336,0.0732394],[0.263282,0.416112,0.870364]],[[0.334499,0.80685,-0.486932],[-0.941922,0.269856,-0.199903],[-0.0298904,0.525519,0.850256]],[[0.334499,0.80685,-0.486932],[-0.802036,-0.027567,-0.59664],[-0.494822,0.590112,0.637902]]],"btipPosition":[-47.3013,263.641,19.1233],"carpPosition":[-46.7587,316.141,106.489],"dipPosition":[-58.8819,277.452,34.0525],"direction":[0.0298904,-0.525519,-0.850256],"extended":false,"handId":796,"id":7960,"length":52.1164,"mcpPosition":[-46.7587,316.141,106.489],"pipPosition":[-59.9011,295.37,63.0425],"stabilizedTipPosition":[-52.167,264.896,38.0577],"timeVisible":0.795345,"tipPosition":[-50.4443,266.677,22.9332],"tipVelocity":[-5.70478,-8.3293,-63.4938],"tool":false,"touchDistance":-0.367237,"touchZone":"touching","type":0,"width":20.25},{"bases":[[[0.956004,-0.155007,-0.249055],[0.124141,0.982999,-0.135283],[0.265791,0.0984128,0.958994]],[[0.989795,-0.132288,-0.0529626],[0.131944,0.991207,-0.00994277],[0.0538122,0.00285319,0.998547]],[[0.989795,-0.132288,-0.0529626],[0.126117,0.986278,-0.106536],[0.0663293,0.0987697,0.992897]],[[0.989795,-0.132288,-0.0529626],[0.120346,0.975074,-0.186408],[0.076302,0.178132,0.981044]]],"btipPosition":[-61.2889,321.577,-58.8906],"carpPosition":[-36.516,334.37,95.3226],"dipPosition":[-59.9852,324.62,-42.1289],"direction":[-0.0663293,-0.0987697,-0.992897],"extended":true,"handId":796,"id":7961,"length":58.8075,"mcpPosition":[-56.0701,327.13,24.7698],"pipPosition":[-58.382,327.007,-18.1302],"stabilizedTipPosition":[-60.416,282.832,96.0071],"timeVisible":0.795345,"tipPosition":[-61.0787,320.731,-54.8066],"tipVelocity":[-21.2179,-29.8286,-106.628],"tool":false,"touchDistance":-0.422992,"touchZone":"touching","type":1,"width":19.3428},{"bases":[[[0.94786,-0.305577,-0.0904656],[0.289783,0.944564,-0.154353],[0.132617,0.12009,0.983865]],[[0.94613,-0.307053,-0.102745],[0.0584825,0.474161,-0.878494],[0.318461,0.82516,0.466575]],[[0.94613,-0.307053,-0.102745],[-0.290034,-0.662635,-0.690503],[0.143939,0.683105,-0.715995]],[[0.94613,-0.307053,-0.102745],[-0.312785,-0.948761,-0.0449249],[-0.0836857,0.0746418,-0.993693]]],"btipPosition":[-51.9392,265.118,39.3961],"carpPosition":[-24.8163,334.097,91.4937],"dipPosition":[-53.5119,266.521,20.7226],"direction":[-0.143939,-0.683105,0.715995],"extended":false,"handId":796,"id":7962,"length":67.0064,"mcpPosition":[-34.0688,325.719,22.8514],"pipPosition":[-49.4188,285.946,0.362282],"stabilizedTipPosition":[-35.3436,235.165,166.58],"timeVisible":0.795345,"tipPosition":[-52.094,265.771,36.042],"tipVelocity":[-3.18241,0.426042,-64.8246],"tool":false,"touchDistance":0.333333,"touchZone":"none","type":2,"width":18.9972},{"bases":[[[0.932484,-0.354904,0.0671992],[0.360842,0.923665,-0.12898],[-0.016294,0.14452,0.989368]],[[0.932425,-0.354418,0.070515],[0.243928,0.473335,-0.846436],[0.266615,0.806438,0.527802]],[[0.932425,-0.354418,0.070515],[-0.185857,-0.637693,-0.747533],[0.309906,0.683912,-0.660471]],[[0.932425,-0.354418,0.070515],[-0.345229,-0.931325,-0.115981],[0.106778,0.0838,-0.990745]]],"btipPosition":[-34.5485,265.518,40.6932],"carpPosition":[-13.0768,331.114,89.4417],"dipPosition":[-32.5534,267.084,22.1821],"direction":[-0.309906,-0.683912,0.660471],"extended":false,"handId":796,"id":7963,"length":64.4285,"mcpPosition":[-12.0562,322.061,27.4677],"pipPosition":[-23.9684,286.03,3.88571],"stabilizedTipPosition":[-21.0338,236.887,165.385],"timeVisible":0.795345,"tipPosition":[-34.0549,266.116,37.3831],"tipVelocity":[-2.16756,6.01228,-60.5105],"tool":false,"touchDistance":0.333333,"touchZone":"none","type":3,"width":18.077},{"bases":[[[0.851806,-0.483497,0.201637],[0.498618,0.866335,-0.0290395],[-0.160645,0.125276,0.97903]],[[0.787805,-0.438937,0.432085],[0.582259,0.301988,-0.754836],[0.200841,0.846249,0.493483]],[[0.787805,-0.438937,0.432085],[-0.0265148,-0.725041,-0.688195],[0.615354,0.530707,-0.582829]],[[0.787805,-0.438937,0.432085],[-0.419223,-0.896078,-0.145933],[0.451237,-0.0661734,-0.889947]]],"btipPosition":[-20.0137,275.349,43.2453],"carpPosition":[-2.41369,321.775,90.7244],"dipPosition":[-12.2358,274.208,27.9054],"direction":[-0.615354,-0.530707,0.582829],"extended":false,"handId":796,"id":7964,"length":50.5107,"mcpPosition":[6.90135,314.511,33.9551],"pipPosition":[-0.200231,284.588,16.506],"stabilizedTipPosition":[-11.7465,250.798,146.928],"timeVisible":0.795345,"tipPosition":[-18.3633,275.323,40.1491],"tipVelocity":[-5.48824,13.9294,-63.3956],"tool":false,"touchDistance":0.333333,"touchZone":"none","type":4,"width":16.0574}],"r":[[0.98482,-0.153103,0.0817919],[0.17356,0.861294,-0.477545],[0.00266642,0.484491,0.874792]],"s":0.784889,"t":[-6.01354,46.8378,-150.573],"timestamp":606750115751},false],[1,{"currentFrameRate":109.497,"devices":[],"gestures":[],"hands":[{"armBasis":[[0.849235,0.148255,-0.506774],[0.177289,0.823991,0.538151],[0.497361,-0.546863,0.673478]],"armWidth":63.72,"confidence":0.732534,"direction":[-0.0802314,0.0165399,-0.996639],"elbow":[116.971,175.037,281.53],"grabStrength":0,"id":796,"palmNormal":[-0.159088,-0.987258,-0.00357726],"palmPosition":[-29.8375,320.524,46.4804],"palmVelocity":[-12.7477,15.451,-108.652],"palmWidth":90.99,"pinchStrength":1,"r":[[0.9853,-0.149377,0.0828833],[0.170828,0.858573,-0.483395],[0.00104682,0.490448,0.87147]],"s":0.78644,"sphereCenter":[-39.2093,283.971,24.0436],"sphereRadius":44.5863,"stabilizedPalmPosition":[-24.4671,281.644,173.115],"t":[-6.0603,46.9016,-151.601],"timeVisible":0.804369,"type":"right","wrist":[-17.3169,322.69,99.6905]}],"id":4403384,"interactionBox":{"center":[0,200,0],"size":[235.247,235.247,147.751]},"pointables":[{"bases":[[[0.522596,0.822572,-0.224209],[-0.689458,0.562432,0.456417],[0.501539,-0.0839386,0.861054]],[[0.332497,0.805567,-0.490416],[-0.906282,0.416804,0.0702013],[0.260959,0.421113,0.868656]],[[0.332497,0.805567,-0.490416],[-0.942607,0.26697,-0.200546],[-0.030627,0.528951,0.8481]],[[0.332497,0.805567,-0.490416],[-0.803625,-0.0301487,-0.594372],[-0.493592,0.591737,0.63735]]],"btipPosition":[-47.2428,263.578,18.2014],"carpPosition":[-46.8124,316.483,105.395],"dipPosition":[-58.7947,277.427,33.1177],"direction":[0.030627,-0.528951,-0.8481],"extended":false,"handId":796,"id":7960,"length":52.1164,"mcpPosition":[-46.8124,316.483,105.395],"pipPosition":[-59.8389,295.462,62.0342],"stabilizedTipPosition":[-52.1653,264.898,38.0457],"timeVisible":0.804369,"tipPosition":[-50.3339,266.618,22.022],"tipVelocity":[-2.14942,-7.71022,-74.2242],"tool":false,"touchDistance":-0.372719,"touchZone":"touching","type":0,"width":20.25},{"bases":[[[0.956559,-0.153243,-0.248016],[0.121087,0.982696,-0.140167],[0.265204,0.104046,0.958562]],[[0.990182,-0.129512,-0.0526008],[0.129111,0.991569,-0.0109828],[0.0535797,0.00408367,0.998555]],[[0.990182,-0.129512,-0.0526008],[0.123267,0.98644,-0.108362],[0.0659217,0.100814,0.992719]],[[0.990182,-0.129512,-0.0526008],[0.11748,0.974932,-0.188962],[0.0757551,0.180927,0.980575]]],"btipPosition":[-61.3245,321.329,-60.0287],"carpPosition":[-36.624,334.687,94.1408],"dipPosition":[-60.0302,324.42,-43.275],"direction":[-0.0659217,-0.100814,-0.992719],"extended":true,"handId":796,"id":7961,"length":58.8075,"mcpPosition":[-56.1349,327.033,23.6198],"pipPosition":[-58.4368,326.857,-19.2806],"stabilizedTipPosition":[-60.4161,282.835,95.9955],"timeVisible":0.804369,"tipPosition":[-61.1007,320.516,-55.9501],"tipVelocity":[-16.5297,-28.83,-112.047],"tool":false,"touchDistance":-0.426124,"touchZone":"touching","type":1,"width":19.3428},{"bases":[[[0.948842,-0.303042,-0.0886773],[0.286855,0.944687,-0.159],[0.131956,0.125429,0.983288]],[[0.947131,-0.304576,-0.100877],[0.0575849,0.470673,-0.880426],[0.315637,0.82807,0.463328]],[[0.947131,-0.304576,-0.100877],[-0.287595,-0.666533,-0.687766],[0.142239,0.680417,-0.718889]],[[0.947131,-0.304576,-0.100877],[-0.309796,-0.949938,-0.0405379],[-0.0834805,0.0696461,-0.994073]]],"btipPosition":[-51.8185,265.111,38.5051],"carpPosition":[-24.9224,334.432,90.3165],"dipPosition":[-53.3873,266.419,19.8244],"direction":[-0.142239,-0.680417,0.718889],"extended":false,"handId":796,"id":7962,"length":67.0064,"mcpPosition":[-34.1287,325.681,21.7144],"pipPosition":[-49.3425,285.768,-0.61818],"stabilizedTipPosition":[-35.3452,235.168,166.567],"timeVisible":0.804369,"tipPosition":[-51.9786,265.735,35.1368],"tipVelocity":[1.40261,-0.583026,-74.2082],"tool":false,"touchDistance":0.333333,"touchZone":"none","type":2,"width":18.9972},{"bases":[[[0.933577,-0.351628,0.0692282],[0.357973,0.924139,-0.133503],[-0.0170331,0.149417,0.988627]],[[0.933507,-0.35107,0.0729011],[0.243087,0.470199,-0.848423],[0.263578,0.80973,0.524274]],[[0.933507,-0.35107,0.0729011],[-0.183276,-0.641942,-0.744527],[0.308179,0.68166,-0.6636]],[[0.933507,-0.35107,0.0729011],[-0.342192,-0.933014,-0.111309],[0.107095,0.0789613,-0.991108]]],"btipPosition":[-34.4207,265.579,39.8315],"carpPosition":[-13.173,331.475,88.2826],"dipPosition":[-32.4198,267.054,21.3136],"direction":[-0.308179,-0.68166,0.6636],"extended":false,"handId":796,"id":7963,"length":64.4285,"mcpPosition":[-12.106,322.116,26.3549],"pipPosition":[-23.8826,285.937,2.93058],"stabilizedTipPosition":[-21.036,236.892,165.364],"timeVisible":0.804369,"tipPosition":[-33.9292,266.151,36.5064],"tipVelocity":[2.36663,5.56542,-70.1836],"tool":false,"touchDistance":0.333333,"touchZone":"none","type":3,"width":18.077},{"bases":[[[0.853264,-0.479799,0.204286],[0.495899,0.867744,-0.0332396],[-0.16132,0.129668,0.978347]],[[0.788844,-0.434146,0.435021],[0.582119,0.300753,-0.755437],[0.197136,0.849156,0.489972]],[[0.788844,-0.434146,0.435021],[-0.0231305,-0.728288,-0.68488],[0.614158,0.530201,-0.584548]],[[0.788844,-0.434146,0.435021],[-0.416089,-0.898189,-0.141869],[0.452323,-0.0690944,-0.889174]]],"btipPosition":[-19.9061,275.453,42.3198],"carpPosition":[-2.48086,322.177,89.6149],"dipPosition":[-12.1095,274.262,26.9933],"direction":[-0.614158,-0.530201,0.584548],"extended":false,"handId":796,"id":7964,"length":50.5107,"mcpPosition":[6.8733,314.658,32.8853],"pipPosition":[-0.0972717,284.632,15.5603],"stabilizedTipPosition":[-11.7501,250.812,146.868],"timeVisible":0.804369,"tipPosition":[-18.2544,275.412,39.2292],"tipVelocity":[-0.564346,12.9272,-74.0786],"tool":false,"touchDistance":0.333333,"touchZone":"none","type":4,"width":16.0574}],"r":[[0.9853,-0.149377,0.0828833],[0.170828,0.858573,-0.483395],[0.00104682,0.490448,0.87147]],"s":0.78644,"t":[-6.0603,46.9016,-151.601],"timestamp":606750124775},false],[2,{"currentFrameRate":109.525,"devices":[],"gestures":[],"hands":[{"armBasis":[[0.851043,0.155917,-0.501415],[0.170403,0.821215,0.544582],[0.496678,-0.548905,0.67232]],"armWidth":63.72,"confidence":0.715037,"direction":[-0.0785817,0.00763795,-0.996878],"elbow":[116.699,175.162,280.49],"grabStrength":0,"id":796,"palmNormal":[-0.152285,-0.988327,0.00443184],"palmPosition":[-29.8157,320.669,45.7524],"palmVelocity":[-8.55781,15.5987,-100.766],"palmWidth":90.99,"pinchStrength":1,"r":[[0.985848,-0.14489,0.0843229],[0.167637,0.855773,-0.489438],[-0.00124636,0.496647,0.867951]],"s":0.787758,"sphereCenter":[-39.0737,283.986,23.5688],"sphereRadius":44.5953,"stabilizedPalmPosition":[-24.4716,281.677,173.009],"t":[-6.07281,47.0061,-152.479],"timeVisible":0.813451,"type":"right","wrist":[-17.4044,323.367,98.9638]}],"id":4403385,"interactionBox":{"center":[0,200,0],"size":[235.247,235.247,147.751]},"pointables":[{"bases":[[[0.517319,0.824249,-0.230207],[-0.694118,0.561468,0.450504],[0.500582,-0.0732633,0.862584]],[[0.328687,0.803973,-0.495573],[-0.909133,0.411472,0.0645562],[0.255816,0.429323,0.866164]],[[0.328687,0.803973,-0.495573],[-0.943905,0.262005,-0.200989],[-0.0317475,0.533836,0.844992]],[[0.328687,0.803973,-0.495573],[-0.807809,-0.0325276,-0.588546],[-0.489295,0.593776,0.638765]]],"btipPosition":[-47.1026,263.476,17.6735],"carpPosition":[-46.8666,317.004,104.67],"dipPosition":[-58.5539,277.372,32.6229],"direction":[0.0317475,-0.533836,-0.844992],"extended":false,"handId":796,"id":7960,"length":52.1164,"mcpPosition":[-46.8666,317.004,104.67],"pipPosition":[-59.6363,295.574,61.4334],"stabilizedTipPosition":[-52.1641,264.899,38.037],"timeVisible":0.813451,"tipPosition":[-50.0356,266.506,21.5494],"tipVelocity":[3.42292,-8.35806,-69.5396],"tool":false,"touchDistance":-0.371585,"touchZone":"touching","type":0,"width":20.25},{"bases":[[[0.958027,-0.148715,-0.245086],[0.11457,0.982299,-0.148198],[0.262787,0.113898,0.958108]],[[0.991096,-0.12321,-0.0504676],[0.122568,0.992337,-0.0156481],[0.0520089,0.00932304,0.998603]],[[0.991096,-0.12321,-0.0504676],[0.116828,0.986557,-0.114261],[0.0638674,0.107348,0.992168]],[[0.991096,-0.12321,-0.0504676],[0.111146,0.974302,-0.195914],[0.0733093,0.18856,0.979322]]],"btipPosition":[-61.1475,320.588,-60.8227],"carpPosition":[-36.7837,335.184,93.2807],"dipPosition":[-59.895,323.809,-44.0904],"direction":[-0.0638674,-0.107348,-0.992168],"extended":true,"handId":796,"id":7961,"length":58.8075,"mcpPosition":[-56.1169,326.805,22.7931],"pipPosition":[-58.3513,326.404,-20.1093],"stabilizedTipPosition":[-60.4161,282.839,95.9814],"timeVisible":0.813451,"tipPosition":[-60.9089,319.831,-56.7481],"tipVelocity":[-6.85723,-42.5286,-105.384],"tool":false,"touchDistance":-0.423829,"touchZone":"touching","type":1,"width":19.3428},{"bases":[[[0.95106,-0.297224,-0.08451],[0.280628,0.945277,-0.166428],[0.129352,0.134567,0.982425]],[[0.949388,-0.298865,-0.0966512],[0.0567213,0.465768,-0.883087],[0.308941,0.83291,0.459147]],[[0.949388,-0.298865,-0.0966512],[-0.281469,-0.672894,-0.684097],[0.139417,0.676678,-0.722959]],[[0.949388,-0.298865,-0.0966512],[-0.303241,-0.952309,-0.0339448],[-0.0818969,0.0615354,-0.994739]]],"btipPosition":[-51.4151,265.044,38.0572],"carpPosition":[-25.0739,334.978,89.4787],"dipPosition":[-52.9541,266.2,19.3641],"direction":[-0.139417,-0.676678,0.722959],"extended":false,"handId":796,"id":7962,"length":67.0064,"mcpPosition":[-34.0985,325.589,20.9368],"pipPosition":[-48.9896,285.442,-1.19426],"stabilizedTipPosition":[-35.3465,235.17,166.557],"timeVisible":0.813451,"tipPosition":[-51.5777,265.623,34.6887],"tipVelocity":[13.5121,-3.52218,-67.4057],"tool":false,"touchDistance":0.333333,"touchZone":"none","type":2,"width":18.9972},{"bases":[[[0.93585,-0.34459,0.0737712],[0.351841,0.925435,-0.140638],[-0.019808,0.157572,0.987309]],[[0.935754,-0.343893,0.0781176],[0.24231,0.466045,-0.850934],[0.256224,0.815193,0.519432]],[[0.935754,-0.343893,0.0781176],[-0.176656,-0.648822,-0.74015],[0.305217,0.678799,-0.667889]],[[0.935754,-0.343893,0.0781176],[-0.335394,-0.936298,-0.104197],[0.108974,0.0713029,-0.991484]]],"btipPosition":[-33.9992,265.656,39.4634],"carpPosition":[-13.3009,332.085,87.4897],"dipPosition":[-31.9632,266.988,20.9386],"direction":[-0.305217,-0.678799,0.667889],"extended":false,"handId":796,"id":7963,"length":64.4285,"mcpPosition":[-12.0601,322.214,25.6447],"pipPosition":[-23.5081,285.792,2.4367],"stabilizedTipPosition":[-21.0376,236.896,165.347],"timeVisible":0.813451,"tipPosition":[-33.5084,266.188,36.1298],"tipVelocity":[14.7989,5.37021,-62.0265],"tool":false,"touchDistance":0.333333,"touchZone":"none","type":3,"width":18.077},{"bases":[[[0.856183,-0.472177,0.209762],[0.489975,0.870833,-0.0396691],[-0.163937,0.136742,0.976947]],[[0.790853,-0.42491,0.440457],[0.581917,0.299203,-0.756208],[0.189534,0.854359,0.483888]],[[0.790853,-0.42491,0.440457],[-0.0160442,-0.733842,-0.679131],[0.611795,0.530027,-0.587178]],[[0.790853,-0.42491,0.440457],[-0.409393,-0.902264,-0.135339],[0.454915,-0.0732868,-0.887514]]],"btipPosition":[-19.5505,275.63,41.9423],"carpPosition":[-2.54741,322.872,88.9183],"dipPosition":[-11.7092,274.367,26.6444],"direction":[-0.611795,-0.530026,0.587178],"extended":false,"handId":796,"id":7964,"length":50.5107,"mcpPosition":[6.95852,314.943,32.2698],"pipPosition":[0.256742,284.733,15.1599],"stabilizedTipPosition":[-11.7526,250.822,146.822],"timeVisible":0.813451,"tipPosition":[-17.8934,275.569,38.8595],"tipVelocity":[10.7374,14.2206,-64.8826],"tool":false,"touchDistance":0.333333,"touchZone":"none","type":4,"width":16.0574}],"r":[[0.985848,-0.14489,0.0843229],[0.167637,0.855773,-0.489438],[-0.00124636,0.496647,0.867951]],"s":0.787758,"t":[-6.07281,47.0061,-152.479],"timestamp":606750133857},false],[3,{"currentFrameRate":109.582,"devices":[],"gestures":[],"hands":[{"armBasis":[[0.85208,0.159685,-0.498458],[0.166763,0.819872,0.547723],[0.496135,-0.549828,0.671967]],"armWidth":63.72,"confidence":0.719337,"direction":[-0.0773469,0.00186829,-0.997002],"elbow":[116.588,175.382,279.873],"grabStrength":0,"id":796,"palmNormal":[-0.148934,-0.9888,0.00970126],"palmPosition":[-29.7027,320.802,45.2308],"palmVelocity":[-2.75542,15.3547,-88.9434],"palmWidth":90.99,"pinchStrength":1,"r":[[0.986347,-0.140527,0.0858546],[0.164637,0.85306,-0.49516],[-0.00365579,0.502535,0.864549]],"s":0.789209,"sphereCenter":[-38.9856,284.128,23.182],"sphereRadius":44.6129,"stabilizedPalmPosition":[-24.4747,281.701,172.932],"t":[-6.02255,47.1248,-153.179],"timeVisible":0.822475,"type":"right","wrist":[-17.3679,323.835,98.4419]}],"id":4403386,"interactionBox":{"center":[0,200,0],"size":[235.247,235.247,147.751]},"pointables":[{"bases":[[[0.514808,0.824721,-0.234112],[-0.696589,0.561581,0.446531],[0.499737,-0.0667978,0.863598]],[[0.327305,0.802568,-0.498755],[-0.910325,0.409333,0.0612785],[0.253337,0.433973,0.864574]],[[0.327305,0.802568,-0.498755],[-0.944456,0.261338,-0.199263],[-0.0295784,0.536272,0.843527]],[[0.327305,0.802568,-0.498755],[-0.813828,-0.0287867,-0.580392],[-0.480161,0.595866,0.64373]]],"btipPosition":[-47.2155,263.512,17.163],"carpPosition":[-46.8155,317.404,104.147],"dipPosition":[-58.453,277.457,32.2286],"direction":[0.0295784,-0.536272,-0.843527],"extended":false,"handId":796,"id":7960,"length":52.1164,"mcpPosition":[-46.8155,317.404,104.147],"pipPosition":[-59.4614,295.741,60.9891],"stabilizedTipPosition":[-52.1632,264.899,38.0309],"timeVisible":0.822475,"tipPosition":[-49.9319,266.535,21.1121],"tipVelocity":[0.538154,-4.61864,-65.1548],"tool":false,"touchDistance":-0.370016,"touchZone":"touching","type":0,"width":20.25},{"bases":[[[0.958836,-0.146805,-0.243068],[0.111422,0.98185,-0.153478],[0.261188,0.120078,0.95779]],[[0.991518,-0.120233,-0.0493531],[0.119578,0.992695,-0.0160322],[0.0509202,0.00999468,0.998653]],[[0.991518,-0.120233,-0.0493531],[0.113894,0.986732,-0.11571],[0.0626105,0.109108,0.992056]],[[0.991518,-0.120233,-0.0493531],[0.108252,0.974132,-0.198363],[0.0719263,0.191338,0.978885]]],"btipPosition":[-60.9254,320.385,-61.4026],"carpPosition":[-36.78,335.555,92.6694],"dipPosition":[-59.6965,323.654,-44.6777],"direction":[-0.0626105,-0.109108,-0.992056],"extended":true,"handId":796,"id":7961,"length":58.8075,"mcpPosition":[-55.9955,326.721,22.2052],"pipPosition":[-58.1831,326.292,-20.6993],"stabilizedTipPosition":[-60.4161,282.843,95.966],"timeVisible":0.822475,"tipPosition":[-60.6745,319.642,-57.3313],"tipVelocity":[1.64005,-36.6649,-94.1193],"tool":false,"touchDistance":-0.418504,"touchZone":"touching","type":1,"width":19.3428},{"bases":[[[0.95217,-0.294449,-0.0816824],[0.277628,0.945294,-0.171297],[0.127652,0.140427,0.981828]],[[0.950525,-0.296157,-0.0937737],[0.0569712,0.462934,-0.88456],[0.305379,0.835454,0.456903]],[[0.950525,-0.296157,-0.0937737],[-0.27804,-0.676433,-0.682006],[0.138549,0.674336,-0.72531]],[[0.950525,-0.296157,-0.0937737],[-0.300015,-0.953469,-0.0298084],[-0.0805823,0.0564671,-0.995147]]],"btipPosition":[-51.1157,265.064,37.6862],"carpPosition":[-25.0648,335.367,88.8832],"dipPosition":[-52.63,266.125,18.9854],"direction":[-0.138549,-0.674336,0.72531],"extended":false,"handId":796,"id":7962,"length":67.0064,"mcpPosition":[-33.9708,325.57,20.383],"pipPosition":[-48.6902,285.301,-1.63985],"stabilizedTipPosition":[-35.3476,235.172,166.548],"timeVisible":0.822475,"tipPosition":[-51.2803,265.609,34.3145],"tipVelocity":[19.0974,-2.60093,-60.2262],"tool":false,"touchDistance":0.333333,"touchZone":"none","type":2,"width":18.9972},{"bases":[[[0.936921,-0.340991,0.076839],[0.348874,0.925836,-0.145309],[-0.0215911,0.16295,0.986398]],[[0.936803,-0.340186,0.0816882],[0.24242,0.462829,-0.852656],[0.252254,0.818574,0.516047]],[[0.936803,-0.340186,0.0816882],[-0.172986,-0.653349,-0.737028],[0.304098,0.676319,-0.670907]],[[0.936803,-0.340186,0.0816882],[-0.331987,-0.938051,-0.0992203],[0.110381,0.0658305,-0.991707]]],"btipPosition":[-33.6841,265.758,39.1947],"carpPosition":[-13.2795,332.504,86.9249],"dipPosition":[-31.6217,266.988,20.6656],"direction":[-0.304098,-0.676319,0.670907],"extended":false,"handId":796,"id":7963,"length":64.4285,"mcpPosition":[-11.927,322.297,25.137],"pipPosition":[-23.1976,285.723,2.08017],"stabilizedTipPosition":[-21.0391,236.9,165.331],"timeVisible":0.822475,"tipPosition":[-33.193,266.258,35.8464],"tipVelocity":[20.5221,6.28687,-53.1815],"tool":false,"touchDistance":0.333333,"touchZone":"none","type":3,"width":18.077},{"bases":[[[0.857515,-0.468096,0.213433],[0.487065,0.872263,-0.0438684],[-0.165635,0.141574,0.975972]],[[0.791531,-0.419641,0.444274],[0.582575,0.298506,-0.755976],[0.18462,0.857202,0.48075]],[[0.791531,-0.419641,0.444274],[-0.0113316,-0.736926,-0.675878],[0.611024,0.529944,-0.588055]],[[0.791531,-0.419641,0.444274],[-0.405687,-0.904494,-0.131561],[0.457052,-0.0761015,-0.886178]]],"btipPosition":[-19.2492,275.763,41.6034],"carpPosition":[-2.4966,323.335,88.4177],"dipPosition":[-11.3711,274.451,26.3285],"direction":[-0.611024,-0.529944,0.588055],"extended":false,"handId":796,"id":7964,"length":50.5107,"mcpPosition":[7.1078,315.126,31.8258],"pipPosition":[0.579784,284.816,14.8269],"stabilizedTipPosition":[-11.7546,250.831,146.784],"timeVisible":0.822475,"tipPosition":[-17.5911,275.689,38.5363],"tipVelocity":[17.2294,14.0282,-57.2003],"tool":false,"touchDistance":0.333333,"touchZone":"none","type":4,"width":16.0574}],"r":[[0.986347,-0.140527,0.0858546],[0.164637,0.85306,-0.49516],[-0.00365579,0.502535,0.864549]],"s":0.789209,"t":[-6.02255,47.1248,-153.179],"timestamp":606750142881},false],[4,{"currentFrameRate":109.642,"devices":[],"gestures":[],"hands":[{"armBasis":[[0.853996,0.161929,-0.494438],[0.162425,0.819859,0.549045],[0.494276,-0.549191,0.673855]],"armWidth":63.72,"confidence":0.702422,"direction":[-0.077284,-0.00143128,-0.997008],"elbow":[116.245,175.655,279.441],"grabStrength":0,"id":796,"palmNormal":[-0.143837,-0.989522,0.0125702],"palmPosition":[-29.5245,320.685,44.2973],"palmVelocity":[3.4378,7.55052,-92.9628],"palmWidth":90.99,"pinchStrength":1,"r":[[0.986874,-0.135959,0.0871494],[0.161377,0.850728,-0.500219],[-0.00613093,0.507717,0.861502]],"s":0.790475,"sphereCenter":[-38.8216,284.052,22.2919],"sphereRadius":44.6285,"stabilizedPalmPosition":[-24.4768,281.717,172.879],"t":[-5.90832,47.1253,-153.996],"timeVisible":0.831488,"type":"right","wrist":[-17.2093,323.936,97.5001]}],"id":4403387,"interactionBox":{"center":[0,200,0],"size":[235.247,235.247,147.751]},"pointables":[{"bases":[[[0.510568,0.826678,-0.236482],[-0.699505,0.559281,0.444856],[0.500012,-0.0617087,0.863817]],[[0.323664,0.802939,-0.500531],[-0.912216,0.405258,0.0602275],[0.251203,0.437099,0.863621]],[[0.323664,0.802939,-0.500531],[-0.945743,0.258603,-0.196712],[-0.028509,0.537042,0.843074]],[[0.323664,0.802939,-0.500531],[-0.818356,-0.0279575,-0.574031],[-0.474906,0.595406,0.648041]]],"btipPosition":[-47.0767,263.306,16.2004],"carpPosition":[-46.6238,317.37,103.222],"dipPosition":[-58.1912,277.241,31.3669],"direction":[0.028509,-0.537042,-0.843074],"extended":false,"handId":796,"id":7960,"length":52.1164,"mcpPosition":[-46.6238,317.37,103.222],"pipPosition":[-59.1632,295.551,60.112],"stabilizedTipPosition":[-52.1626,264.9,38.0264],"timeVisible":0.831488,"tipPosition":[-49.6479,266.317,20.1922],"tipVelocity":[5.48592,-9.69837,-75.897],"tool":false,"touchDistance":-0.375439,"touchZone":"touching","type":0,"width":20.25},{"bases":[[[0.959597,-0.142569,-0.242585],[0.106372,0.98196,-0.156329],[0.260497,0.124208,0.957452]],[[0.992072,-0.115392,-0.0497765],[0.114796,0.993281,-0.0146714],[0.051135,0.00884096,0.998653]],[[0.992072,-0.115392,-0.0497765],[0.109034,0.987291,-0.115622],[0.0624857,0.109278,0.992045]],[[0.992072,-0.115392,-0.0497765],[0.103335,0.974447,-0.199437],[0.071518,0.192712,0.978646]]],"btipPosition":[-60.7749,320.087,-62.3503],"carpPosition":[-36.6811,335.539,91.6925],"dipPosition":[-59.553,323.38,-45.6295],"direction":[-0.0624857,-0.109278,-0.992045],"extended":true,"handId":796,"id":7961,"length":58.8075,"mcpPosition":[-55.8458,326.401,21.2531],"pipPosition":[-58.0427,326.021,-21.6514],"stabilizedTipPosition":[-60.4161,282.847,95.9498],"timeVisible":0.831488,"tipPosition":[-60.5028,319.365,-58.2867],"tipVelocity":[5.72998,-35.5124,-97.1792],"tool":false,"touchDistance":-0.419216,"touchZone":"touching","type":1,"width":19.3428},{"bases":[[[0.953681,-0.289775,-0.0807712],[0.272765,0.946209,-0.174031],[0.126856,0.143939,0.981422]],[[0.952073,-0.291498,-0.0926611],[0.0565479,0.465463,-0.883259],[0.300599,0.835687,0.459638]],[[0.952073,-0.291498,-0.0926611],[-0.273637,-0.676346,-0.68387],[0.136676,0.67645,-0.723696]],[[0.952073,-0.291498,-0.0926611],[-0.295295,-0.954935,-0.0300045],[-0.0797391,0.0559288,-0.995246]]],"btipPosition":[-50.6924,264.791,36.5628],"carpPosition":[-24.9648,335.401,87.9075],"dipPosition":[-52.1909,265.842,17.8602],"direction":[-0.136676,-0.67645,0.723696],"extended":false,"handId":796,"id":7962,"length":67.0064,"mcpPosition":[-33.8153,325.358,19.4356],"pipPosition":[-48.3043,285.078,-2.71912],"stabilizedTipPosition":[-35.3486,235.174,166.539],"timeVisible":0.831488,"tipPosition":[-50.8549,265.32,33.2394],"tipVelocity":[26.8704,-10.2859,-77.946],"tool":false,"touchDistance":0.333333,"touchZone":"none","type":2,"width":18.9972},{"bases":[[[0.93866,-0.335934,0.0778841],[0.344109,0.927195,-0.147983],[-0.0225011,0.165706,0.985918]],[[0.938517,-0.334989,0.0834733],[0.241149,0.46309,-0.852875],[0.247048,0.820567,0.5154]],[[0.938517,-0.334989,0.0834733],[-0.168362,-0.655201,-0.736455],[0.301396,0.677122,-0.671317]],[[0.938517,-0.334989,0.0834733],[-0.326821,-0.94001,-0.097822],[0.111235,0.0645268,-0.991697]]],"btipPosition":[-33.2209,265.586,38.2981],"carpPosition":[-13.1648,332.592,85.9582],"dipPosition":[-31.1426,266.792,19.7693],"direction":[-0.301396,-0.677122,0.671317],"extended":false,"handId":796,"id":7963,"length":64.4285,"mcpPosition":[-11.7553,322.212,24.2003],"pipPosition":[-22.7933,285.55,1.17243],"stabilizedTipPosition":[-21.0405,236.903,165.315],"timeVisible":0.831488,"tipPosition":[-32.7293,266.078,34.9502],"tipVelocity":[29.1207,-0.836759,-65.9072],"tool":false,"touchDistance":0.333333,"touchZone":"none","type":3,"width":18.077},{"bases":[[[0.859901,-0.463048,0.214843],[0.482567,0.87463,-0.0463789],[-0.166433,0.143558,0.975547]],[[0.79359,-0.414221,0.445685],[0.581388,0.300195,-0.756222],[0.179451,0.859246,0.479055]],[[0.79359,-0.414221,0.445685],[-0.00685209,-0.738527,-0.674189],[0.608414,0.531976,-0.588926]],[[0.79359,-0.414221,0.445685],[-0.400813,-0.906994,-0.129273],[0.457781,-0.0760467,-0.885807]]],"btipPosition":[-18.82,275.683,40.7592],"carpPosition":[-2.33491,323.484,87.4783],"dipPosition":[-10.9294,274.372,25.4907],"direction":[-0.608414,-0.531976,0.588926],"extended":false,"handId":796,"id":7964,"length":50.5107,"mcpPosition":[7.31573,315.16,30.911],"pipPosition":[0.970486,284.777,13.972],"stabilizedTipPosition":[-11.7562,250.838,146.75],"timeVisible":0.831488,"tipPosition":[-17.1628,275.605,37.6951],"tipVelocity":[25.6721,7.74863,-67.1802],"tool":false,"touchDistance":0.333333,"touchZone":"none","type":4,"width":16.0574}],"r":[[0.986874,-0.135959,0.0871494],[0.161377,0.850728,-0.500219],[-0.00613093,0.507717,0.861502]],"s":0.790475,"t":[-5.90832,47.1253,-153.996],"timestamp":606750151894},false],[5,{"currentFrameRate":109.683,"devices":[],"gestures":[],"hands":[{"armBasis":[[0.854888,0.162734,-0.49263],[0.159994,0.820561,0.548709],[0.493527,-0.547903,0.675451]],"armWidth":63.72,"confidence":0.6812,"direction":[-0.0772202,-0.00494595,-0.997002],"elbow":[116.157,176.084,278.986],"grabStrength":0,"id":796,"palmNormal":[-0.140997,-0.989883,0.0158312],"palmPosition":[-29.3974,320.555,43.4222],"palmVelocity":[6.36478,1.51257,-94.0141],"palmWidth":90.99,"pinchStrength":1,"r":[[0.987356,-0.131673,0.088263],[0.158295,0.848589,-0.504816],[-0.0084282,0.512405,0.858703]],"s":0.791368,"sphereCenter":[-38.6911,283.885,21.5002],"sphereRadius":44.6424,"stabilizedPalmPosition":[-24.4782,281.727,172.843],"t":[-5.78765,47.0608,-154.842],"timeVisible":0.840531,"type":"right","wrist":[-17.0948,324.017,96.6145]}],"id":4403388,"interactionBox":{"center":[0,200,0],"size":[235.247,235.247,147.751]},"pointables":[{"bases":[[[0.508207,0.827355,-0.239185],[-0.701134,0.558737,0.442971],[0.500136,-0.0574199,0.864041]],[[0.322009,0.802412,-0.502439],[-0.913171,0.403306,0.0588488],[0.249858,0.439863,0.862607]],[[0.322009,0.802412,-0.502439],[-0.946333,0.257316,-0.195554],[-0.0276291,0.538445,0.842207]],[[0.322009,0.802412,-0.502439],[-0.821669,-0.0267603,-0.569337],[-0.470288,0.59617,0.6507]]],"btipPosition":[-47.0144,263.118,15.3529],"carpPosition":[-46.4906,317.386,102.356],"dipPosition":[-58.0209,277.07,30.5816],"direction":[0.0276291,-0.538445,-0.842207],"extended":false,"handId":796,"id":7960,"length":52.1164,"mcpPosition":[-46.4906,317.386,102.356],"pipPosition":[-58.9629,295.429,59.2972],"stabilizedTipPosition":[-52.1621,264.9,38.0229],"timeVisible":0.840531,"tipPosition":[-49.4874,266.121,19.3735],"tipVelocity":[6.62965,-12.6289,-80.373],"tool":false,"touchDistance":-0.378726,"touchZone":"touching","type":0,"width":20.25},{"bases":[[[0.960017,-0.140615,-0.242065],[0.103562,0.98174,-0.159566],[0.260082,0.128117,0.957049]],[[0.992371,-0.11278,-0.0498094],[0.112135,0.993571,-0.0155628],[0.0512444,0.00985874,0.998637]],[[0.992371,-0.11278,-0.0498094],[0.106295,0.987334,-0.117785],[0.0624622,0.111592,0.991789]],[[0.992371,-0.11278,-0.0498094],[0.100526,0.97407,-0.202689],[0.071377,0.196135,0.977976]]],"btipPosition":[-60.6644,319.648,-63.2272],"carpPosition":[-36.5995,335.545,90.7677],"dipPosition":[-59.4449,322.999,-46.5179],"direction":[-0.0624622,-0.111592,-0.991789],"extended":true,"handId":796,"id":7961,"length":58.8075,"mcpPosition":[-55.7336,326.119,20.3579],"pipPosition":[-57.9352,325.696,-22.5459],"stabilizedTipPosition":[-60.4161,282.851,95.9314],"timeVisible":0.840531,"tipPosition":[-60.3796,318.973,-59.1718],"tipVelocity":[7.50065,-38.7146,-97.2028],"tool":false,"touchDistance":-0.418821,"touchZone":"touching","type":1,"width":19.3428},{"bases":[[[0.954513,-0.287301,-0.0797659],[0.270059,0.946408,-0.177142],[0.126384,0.147543,0.980948]],[[0.952934,-0.289045,-0.0914864],[0.0568339,0.46672,-0.882577],[0.297803,0.835838,0.461181]],[[0.952934,-0.289045,-0.0914864],[-0.270933,-0.676467,-0.684827],[0.136058,0.677381,-0.72294]],[[0.952934,-0.289045,-0.0914864],[-0.292714,-0.95575,-0.0293283],[-0.078961,0.0547273,-0.995374]]],"btipPosition":[-50.4395,264.556,35.5787],"carpPosition":[-24.8826,335.428,86.9837],"dipPosition":[-51.9234,265.584,16.8737],"direction":[-0.136058,-0.677381,0.72294],"extended":false,"handId":796,"id":7962,"length":67.0064,"mcpPosition":[-33.7002,325.134,18.5449],"pipPosition":[-48.0544,284.846,-3.68415],"stabilizedTipPosition":[-35.3495,235.176,166.531],"timeVisible":0.840531,"tipPosition":[-50.6016,265.066,32.2817],"tipVelocity":[27.2754,-14.7863,-86.4757],"tool":false,"touchDistance":0.333333,"touchZone":"none","type":2,"width":18.9972},{"bases":[[[0.939616,-0.332979,0.0790402],[0.341455,0.927685,-0.151027],[-0.0230354,0.168896,0.985365]],[[0.93945,-0.3319,0.0852955],[0.240832,0.462376,-0.853351],[0.243789,0.822223,0.514312]],[[0.93945,-0.3319,0.0852955],[-0.165254,-0.656827,-0.735711],[0.300207,0.677068,-0.671904]],[[0.93945,-0.3319,0.0852955],[-0.323773,-0.941214,-0.0963761],[0.112269,0.0629242,-0.991684]]],"btipPosition":[-32.9378,265.399,37.4835],"carpPosition":[-13.0744,332.647,85.0443],"dipPosition":[-30.8402,266.574,18.9549],"direction":[-0.300207,-0.677068,0.671904],"extended":false,"handId":796,"id":7963,"length":64.4285,"mcpPosition":[-11.6314,322.067,23.3211],"pipPosition":[-22.5238,285.33,0.341855],"stabilizedTipPosition":[-21.0419,236.907,165.299],"timeVisible":0.840531,"tipPosition":[-32.4432,265.884,34.1338],"tipVelocity":[29.8585,-6.53904,-72.5694],"tool":false,"touchDistance":0.333333,"touchZone":"none","type":3,"width":18.077},{"bases":[[[0.861213,-0.459866,0.216415],[0.480058,0.875854,-0.0492433],[-0.166902,0.1463,0.975059]],[[0.794761,-0.410475,0.447064],[0.58084,0.300792,-0.756405],[0.176012,0.860834,0.477478]],[[0.794761,-0.410475,0.447064],[-0.00379203,-0.739951,-0.67265],[0.606911,0.532901,-0.58964]],[[0.794761,-0.410475,0.447064],[-0.397798,-0.908629,-0.127086],[0.45838,-0.076838,-0.885428]]],"btipPosition":[-18.5358,275.555,39.9674],"carpPosition":[-2.21853,323.575,86.595],"dipPosition":[-10.6348,274.23,24.7055],"direction":[-0.606911,-0.532901,0.58964],"extended":false,"handId":796,"id":7964,"length":50.5107,"mcpPosition":[7.45933,315.091,30.0561],"pipPosition":[1.23567,284.653,13.1728],"stabilizedTipPosition":[-11.7576,250.845,146.721],"timeVisible":0.840531,"tipPosition":[-16.8817,275.471,36.9119],"tipVelocity":[27.3325,1.59119,-72.7521],"tool":false,"touchDistance":0.333333,"touchZone":"none","type":4,"width":16.0574}],"r":[[0.987356,-0.131673,0.088263],[0.158295,0.848589,-0.504816],[-0.0084282,0.512405,0.858703]],"s":0.791368,"t":[-5.78765,47.0608,-154.842],"timestamp":606750160937},false],[6,{"currentFrameRate":109.723,"devices":[],"gestures":[],"hands":[{"armBasis":[[0.855393,0.161783,-0.492067],[0.159116,0.82197,0.546852],[0.492935,-0.546069,0.677365]],"armWidth":63.72,"confidence":0.677023,"direction":[-0.0760964,-0.00816878,-0.997067],"elbow":[116.065,176.554,278.599],"grabStrength":0,"id":796,"palmNormal":[-0.140715,-0.989871,0.0188492],"palmPosition":[-29.2693,320.356,42.5153],"palmVelocity":[8.51417,-4.97099,-95.7402],"palmWidth":90.99,"pinchStrength":1,"r":[[0.987717,-0.128121,0.0894418],[0.155899,0.846534,-0.508994],[-0.0105027,0.516686,0.856111]],"s":0.791798,"sphereCenter":[-38.5397,283.606,20.6753],"sphereRadius":44.6617,"stabilizedPalmPosition":[-24.4791,281.735,172.817],"t":[-5.66328,46.929,-155.718],"timeVisible":0.849575,"type":"right","wrist":[-17.0276,323.993,95.7101]}],"id":4403389,"interactionBox":{"center":[0,200,0],"size":[235.247,235.247,147.751]},"pointables":[{"bases":[[[0.508226,0.826739,-0.241268],[-0.701802,0.559941,0.440387],[0.49918,-0.0544938,0.864783]],[[0.322634,0.800995,-0.504296],[-0.913305,0.403357,0.0563631],[0.248558,0.442391,0.86169]],[[0.322634,0.800995,-0.504296],[-0.946115,0.257261,-0.196678],[-0.0278028,0.540577,0.840835]],[[0.322634,0.800995,-0.504296],[-0.821416,-0.0277862,-0.569652],[-0.470301,0.598025,0.648985]]],"btipPosition":[-46.8806,262.861,14.5693],"carpPosition":[-46.4279,317.371,101.44],"dipPosition":[-57.8873,276.856,29.7579],"direction":[0.0278028,-0.540577,-0.840835],"extended":false,"handId":796,"id":7960,"length":52.1164,"mcpPosition":[-46.4279,317.371,101.44],"pipPosition":[-58.8353,295.288,58.4267],"stabilizedTipPosition":[-52.1617,264.9,38.0199],"timeVisible":0.849575,"tipPosition":[-49.3417,265.87,18.5753],"tipVelocity":[8.87937,-16.6893,-82.382],"tool":false,"touchDistance":-0.381078,"touchZone":"touching","type":0,"width":20.25},{"bases":[[[0.960331,-0.141096,-0.240533],[0.103445,0.981255,-0.162599],[0.258966,0.131267,0.956925]],[[0.992446,-0.112669,-0.0485497],[0.111941,0.993561,-0.0174818],[0.0502067,0.011915,0.998668]],[[0.992446,-0.112669,-0.0485497],[0.106149,0.987003,-0.120651],[0.0615123,0.114586,0.991507]],[[0.992446,-0.112669,-0.0485497],[0.100403,0.973315,-0.206344],[0.0705027,0.19991,0.977274]]],"btipPosition":[-60.4296,319.141,-64.1639],"carpPosition":[-36.5292,335.496,89.8043],"dipPosition":[-59.225,322.557,-47.4666],"direction":[-0.0615123,-0.114586,-0.991507],"extended":true,"handId":796,"id":7961,"length":58.8075,"mcpPosition":[-55.5812,325.838,19.4037],"pipPosition":[-57.7382,325.326,-23.5015],"stabilizedTipPosition":[-60.4161,282.857,95.9088],"timeVisible":0.849575,"tipPosition":[-60.1433,318.512,-60.114],"tipVelocity":[12.4873,-43.0235,-99.0436],"tool":false,"touchDistance":-0.419365,"touchZone":"touching","type":1,"width":19.3428},{"bases":[[[0.954689,-0.287263,-0.0777699],[0.269971,0.945918,-0.179874],[0.125235,0.150728,0.980611]],[[0.953151,-0.289016,-0.0892951],[0.0589916,0.467123,-0.882222],[0.296688,0.835623,0.462288]],[[0.953151,-0.289016,-0.0892951],[-0.269288,-0.676233,-0.685706],[0.137796,0.677628,-0.72238]],[[0.953151,-0.289016,-0.0892951],[-0.292538,-0.955815,-0.0289773],[-0.0769747,0.053742,-0.995584]]],"btipPosition":[-50.3178,264.297,34.5871],"carpPosition":[-24.8081,335.37,86.0339],"dipPosition":[-51.7644,265.307,15.8781],"direction":[-0.137796,-0.677628,0.72238],"extended":false,"handId":796,"id":7962,"length":67.0064,"mcpPosition":[-33.5455,324.854,17.6187],"pipPosition":[-47.8459,284.577,-4.66381],"stabilizedTipPosition":[-35.3504,235.178,166.523],"timeVisible":0.849575,"tipPosition":[-50.4743,264.795,31.3036],"tipVelocity":[23.7262,-18.7127,-92.8921],"tool":false,"touchDistance":0.333333,"touchZone":"none","type":2,"width":18.9972},{"bases":[[[0.939627,-0.332436,0.0811651],[0.341344,0.9273,-0.15362],[-0.0241957,0.17205,0.984791]],[[0.939432,-0.33121,0.0881292],[0.242768,0.461542,-0.853254],[0.241931,0.822969,0.513995]],[[0.939432,-0.33121,0.0881292],[-0.162788,-0.657477,-0.73568],[0.301608,0.676775,-0.671572]],[[0.939432,-0.33121,0.0881292],[-0.322944,-0.941535,-0.0960204],[0.11478,0.0617439,-0.99147]]],"btipPosition":[-32.7903,265.137,36.5929],"carpPosition":[-12.9968,332.586,84.1168],"dipPosition":[-30.6458,266.291,18.0682],"direction":[-0.301608,-0.676775,0.671572],"extended":false,"handId":796,"id":7963,"length":64.4285,"mcpPosition":[-11.4812,321.809,22.4294],"pipPosition":[-22.2906,285.039,-0.535634],"stabilizedTipPosition":[-21.0431,236.91,165.285],"timeVisible":0.849575,"tipPosition":[-32.2863,265.622,33.249],"tipVelocity":[26.451,-12.8544,-79.6861],"tool":false,"touchDistance":0.333333,"touchZone":"none","type":3,"width":18.077},{"bases":[[[0.861108,-0.458905,0.218858],[0.479848,0.875838,-0.0515138],[-0.168044,0.149377,0.974396]],[[0.7944,-0.408808,0.449227],[0.582489,0.303132,-0.7542],[0.172148,0.860806,0.478934]],[[0.7944,-0.408808,0.449227],[0.000471547,-0.739181,-0.673507],[0.607395,0.535246,-0.587012]],[[0.7944,-0.408808,0.449227],[-0.395654,-0.909443,-0.127953],[0.460854,-0.0760928,-0.884208]]],"btipPosition":[-18.3065,275.266,38.9957],"carpPosition":[-2.13999,323.522,85.7088],"dipPosition":[-10.3628,273.955,23.7548],"direction":[-0.607395,-0.535246,0.587012],"extended":false,"handId":796,"id":7964,"length":50.5107,"mcpPosition":[7.60407,314.861,29.2082],"pipPosition":[1.51707,284.423,12.2735],"stabilizedTipPosition":[-11.7586,250.85,146.696],"timeVisible":0.849575,"tipPosition":[-16.6633,275.2,35.9935],"tipVelocity":[27.0859,-7.54654,-82.1707],"tool":false,"touchDistance":0.333333