{"sensorType":"Leap","data":[[0,{"currentFrameRate":106.103,"devices":[],"gestures":[],"hands":[{"armBasis":[[0.684911,-0.386602,-0.617605],[0.5848,0.797292,0.14945],[0.434633,-0.463535,0.772159]],"armWidth":63.72,"confidence":0.85678,"direction":[-0.053794,0.398441,-0.915615],"elbow":[115.242,132.82,293.536],"grabStrength":0,"id":806,"palmNormal":[-0.599562,-0.746145,-0.289469],"palmPosition":[-13.6907,280.333,36.4863],"palmVelocity":[1.87031,21.8247,-47.9502],"palmWidth":90.99,"pinchStrength":1,"r":[[0.988881,-0.105095,0.105211],[0.117836,0.985351,-0.123279],[-0.0907134,0.134305,0.986779]],"s":0.821203,"sphereCenter":[-38.9194,250.47,5.5861],"sphereRadius":44.465,"stabilizedPalmPosition":[-45.1051,234.145,264.174],"t":[32.9108,47.6955,-232.404],"timeVisible":1.06653,"type":"right","wrist":[-2.10878,257.975,85.0531]}],"id":4408360,"interactionBox":{"center":[0,200,0],"size":[235.247,235.247,147.751]},"pointables":[{"bases":[[[0.847089,0.530484,-0.0320378],[-0.353516,0.607464,0.711347],[0.39682,-0.591248,0.702111]],[[0.643672,0.709761,-0.286226],[-0.591582,0.69872,0.402269],[0.485506,-0.0896032,0.869629]],[[0.643672,0.709761,-0.286226],[-0.754854,0.650398,-0.0847285],[0.126023,0.270596,0.954409]],[[0.643672,0.709761,-0.286226],[-0.745308,0.496433,-0.445052],[-0.173789,0.499794,0.84853]]],"btipPosition":[-55.629,247.308,-2.79503],"carpPosition":[-31.1642,263.759,93.0146],"dipPosition":[-59.6963,259.005,17.0636],"direction":[-0.126023,-0.270596,-0.954409],"extended":false,"handId":806,"id":8060,"length":52.1164,"mcpPosition":[-31.1642,263.759,93.0146],"pipPosition":[-55.3995,268.232,49.6048],"stabilizedTipPosition":[-79.8334,208.097,224.168],"timeVisible":1.06653,"tipPosition":[-57.0599,249.68,1.63844],"tipVelocity":[18.959,18.1202,-52.681],"tool":false,"touchDistance":-0.357352,"touchZone":"hovering","type":0,"width":20.25},{"bases":[[[0.77815,-0.458925,-0.428801],[0.565174,0.809441,0.159321],[0.273972,-0.366323,0.889239]],[[0.810715,-0.509202,-0.288885],[0.507909,0.857158,-0.0854931],[0.291153,-0.0774167,0.953539]],[[0.810715,-0.509202,-0.288885],[0.46822,0.86017,-0.202183],[0.351442,0.0286511,0.935771]],[[0.810715,-0.509202,-0.288885],[0.43447,0.854041,-0.286095],[0.3924,0.10643,0.913617]]],"btipPosition":[-61.4396,306.075,-57.9883],"carpPosition":[-13.576,278.31,86.6267],"dipPosition":[-54.7352,307.894,-42.3786],"direction":[-0.351442,-0.0286511,-0.935771],"extended":true,"handId":806,"id":8061,"length":58.8075,"mcpPosition":[-33.7321,305.26,21.2057],"pipPosition":[-46.2407,308.586,-19.7606],"stabilizedTipPosition":[-92.0987,270.82,168.615],"timeVisible":1.06653,"tipPosition":[-60.2808,305.633,-54.2409],"tipVelocity":[4.79659,23.827,-49.1949],"tool":false,"touchDistance":-0.358454,"touchZone":"touching","type":1,"width":19.3428},{"bases":[[[0.700184,-0.635418,-0.325554],[0.694471,0.711962,0.104018],[0.165687,-0.29892,0.939784]],[[0.705662,-0.645703,-0.291732],[0.267642,0.624139,-0.734043],[0.656055,0.439907,0.613249]],[[0.705662,-0.645703,-0.291732],[-0.55326,-0.244912,-0.796191],[0.442655,0.723246,-0.530068]],[[0.705662,-0.645703,-0.291732],[-0.70835,-0.652619,-0.268939],[-0.0167352,0.396428,-0.917913]]],"btipPosition":[-58.7516,245.949,18.3478],"carpPosition":[-3.29681,274.314,81.1509],"dipPosition":[-59.0661,253.398,1.09842],"direction":[-0.442655,-0.723246,0.530068],"extended":false,"handId":806,"id":8062,"length":67.0064,"mcpPosition":[-14.8565,295.169,15.584],"pipPosition":[-46.4786,273.965,-13.9748],"stabilizedTipPosition":[-80.7033,192.366,264.709],"timeVisible":1.06653,"tipPosition":[-58.4164,247.707,15.1943],"tipVelocity":[11.1959,9.94481,-59.375],"tool":false,"touchDistance":0.333333,"touchZone":"none","type":2,"width":18.9972},{"bases":[[[0.662577,-0.724332,-0.190618],[0.747649,0.654854,0.110398],[0.0448617,-0.215662,0.975437]],[[0.663573,-0.730086,-0.163231],[0.378379,0.51576,-0.768649],[0.645368,0.448292,0.618494]],[[0.663573,-0.730086,-0.163231],[-0.512943,-0.28519,-0.809664],[0.544573,0.621,-0.563737]],[[0.663573,-0.730086,-0.163231],[-0.742474,-0.615972,-0.263268],[0.0916628,0.295893,-0.950813]]],"btipPosition":[-42.6912,238.18,21.1399],"carpPosition":[5.75214,267.432,76.4938],"dipPosition":[-40.9785,243.709,3.37495],"direction":[-0.544573,-0.621,0.563737],"extended":false,"handId":806,"id":8063,"length":64.4285,"mcpPosition":[2.94201,280.941,15.3924],"pipPosition":[-25.8928,260.911,-12.2417],"stabilizedTipPosition":[-61.4291,187.406,269.539],"timeVisible":1.06653,"tipPosition":[-42.0064,239.55,17.8834],"tipVelocity":[13.9077,14.233,-60.9534],"tool":false,"touchDistance":0.333333,"touchZone":"none","type":3,"width":18.077},{"bases":[[[0.530614,-0.842601,-0.0920433],[0.842609,0.512578,0.165147],[-0.0919738,-0.165186,0.981965]],[[0.505093,-0.858588,0.0877877],[0.591617,0.270379,-0.759529],[0.628387,0.43557,0.644522]],[[0.505093,-0.858588,0.0877877],[-0.433212,-0.340189,-0.834625],[0.746464,0.383533,-0.543778]],[[0.505093,-0.858588,0.0877877],[-0.806374,-0.505725,-0.3066],[0.30764,0.0840717,-0.947782]]],"btipPosition":[-25.9028,239.811,20.3996],"carpPosition":[10.886,254.584,73.1564],"dipPosition":[-20.6001,241.26,4.06284],"direction":[-0.746464,-0.383533,0.543778],"extended":false,"handId":806,"id":8064,"length":50.5107,"mcpPosition":[16.2191,264.163,16.217],"pipPosition":[-6.00014,248.761,-6.5728],"stabilizedTipPosition":[-50.1215,187.176,258.431],"timeVisible":1.06653,"tipPosition":[-24.2183,239.842,17.5581],"tipVelocity":[9.93521,25.5919,-75.3546],"tool":false,"touchDistance":0.333333,"touchZone":"none","type":4,"width":16.0574}],"r":[[0.988881,-0.105095,0.105211],[0.117836,0.985351,-0.123279],[-0.0907134,0.134305,0.986779]],"s":0.821203,"t":[32.9108,47.6955,-232.404],"timestamp":606796636814},false],[1,{"currentFrameRate":106.282,"devices":[],"gestures":[],"hands":[{"armBasis":[[0.687068,-0.383411,-0.617198],[0.58135,0.799628,0.150423],[0.435855,-0.462159,0.772295]],"armWidth":63.72,"confidence":0.578138,"direction":[-0.0536851,0.404438,-0.912988],"elbow":[115.543,133.132,293.158],"grabStrength":0,"id":806,"palmNormal":[-0.596863,-0.745998,-0.295368],"palmPosition":[-13.7181,280.565,36.2063],"palmVelocity":[0.517773,22.8668,-43.2173],"palmWidth":90.99,"pinchStrength":1,"r":[[0.98908,-0.10297,0.105445],[0.115534,0.985913,-0.120945],[-0.0915059,0.131806,0.987043]],"s":0.820391,"sphereCenter":[-38.8026,250.798,5.05514],"sphereRadius":44.4808,"stabilizedPalmPosition":[-45.1005,234.152,264.141],"t":[32.8946,47.9243,-232.785],"timeVisible":1.07561,"type":"right","wrist":[-2.13827,257.915,84.6383]}],"id":4408361,"interactionBox":{"center":[0,200,0],"size":[235.247,235.247,147.751]},"pointables":[{"bases":[[[0.845512,0.533262,-0.0272207],[-0.356397,0.601577,0.714903],[0.397606,-0.594758,0.698693]],[[0.642467,0.713338,-0.279974],[-0.593541,0.69431,0.406992],[0.484711,-0.0953029,0.869467]],[[0.642467,0.713338,-0.279974],[-0.756442,0.648801,-0.0827741],[0.122601,0.264963,0.956433]],[[0.642467,0.713338,-0.279974],[-0.745285,0.496641,-0.444857],[-0.178287,0.494466,0.850715]]],"btipPosition":[-55.4259,247.708,-3.32574],"carpPosition":[-31.2227,263.557,92.5959],"dipPosition":[-59.5985,259.281,16.5841],"direction":[-0.122601,-0.264963,-0.956433],"extended":false,"handId":806,"id":8060,"length":52.1164,"mcpPosition":[-31.2227,263.557,92.5959],"pipPosition":[-55.4183,268.315,49.1942],"stabilizedTipPosition":[-79.8219,208.118,224.06],"timeVisible":1.07561,"tipPosition":[-56.8839,250.05,1.11254],"tipVelocity":[19.1657,24.4163,-53.9182],"tool":false,"touchDistance":-0.357734,"touchZone":"hovering","type":0,"width":20.25},{"bases":[[[0.780167,-0.453655,-0.43074],[0.56247,0.810064,0.165599],[0.273802,-0.371473,0.887153]],[[0.812711,-0.504831,-0.29094],[0.505506,0.859216,-0.0788114],[0.289767,-0.0830212,0.95349]],[[0.812711,-0.504831,-0.29094],[0.465849,0.862892,-0.195965],[0.349979,0.0237287,0.936457]],[[0.812711,-0.504831,-0.29094],[0.43211,0.857163,-0.280271],[0.390873,0.102061,0.914769]]],"btipPosition":[-61.3999,306.783,-58.1636],"carpPosition":[-13.6698,278.205,86.332],"dipPosition":[-54.7216,308.527,-42.5342],"direction":[-0.349979,-0.0237287,-0.936457],"extended":true,"handId":806,"id":8061,"length":58.8075,"mcpPosition":[-33.8133,305.534,21.0645],"pipPosition":[-46.2624,309.101,-19.8997],"stabilizedTipPosition":[-91.962,270.974,167.669],"timeVisible":1.07561,"tipPosition":[-60.2414,306.342,-54.4202],"tipVelocity":[4.49711,38.2873,-40.7886],"tool":false,"touchDistance":-0.353504,"touchZone":"touching","type":1,"width":19.3428},{"bases":[[[0.70259,-0.631076,-0.3288],[0.692144,0.713354,0.109831],[0.165239,-0.304742,0.937992]],[[0.708069,-0.64161,-0.294915],[0.267557,0.630271,-0.728816],[0.653491,0.437146,0.617942]],[[0.708069,-0.64161,-0.294915],[-0.550462,-0.239926,-0.799642],[0.4423,0.728542,-0.523065]],[[0.708069,-0.64161,-0.294915],[-0.705981,-0.652165,-0.276174],[-0.0151376,0.403754,-0.914742]]],"btipPosition":[-58.6904,246.163,17.6816],"carpPosition":[-3.37052,274.277,80.8445],"dipPosition":[-58.9749,253.75,0.491745],"direction":[-0.4423,-0.728542,0.523065],"extended":false,"handId":806,"id":8062,"length":67.0064,"mcpPosition":[-14.8989,295.538,15.4027],"pipPosition":[-46.3975,274.467,-14.3824],"stabilizedTipPosition":[-80.7031,192.366,264.708],"timeVisible":1.07561,"tipPosition":[-58.353,247.947,14.5399],"tipVelocity":[10.1732,14.6829,-62.8312],"tool":false,"touchDistance":0.333333,"touchZone":"none","type":2,"width":18.9972},{"bases":[[[0.66506,-0.721011,-0.19452],[0.745486,0.656366,0.115904],[0.0441085,-0.222095,0.974027]],[[0.666021,-0.726847,-0.167658],[0.377834,0.522521,-0.764339],[0.643162,0.445719,0.622637]],[[0.666021,-0.726847,-0.167658],[-0.510643,-0.280432,-0.812774],[0.543745,0.626938,-0.557934]],[[0.666021,-0.726847,-0.167658],[-0.740155,-0.616033,-0.269582],[0.0926621,0.30364,-0.94827]]],"btipPosition":[-42.5872,238.411,20.4955],"carpPosition":[5.70612,267.454,76.1544],"dipPosition":[-40.8559,244.084,2.77802],"direction":[-0.543745,-0.626938,0.557934],"extended":false,"handId":806,"id":8063,"length":64.4285,"mcpPosition":[2.94316,281.366,15.1413],"pipPosition":[-25.7931,261.452,-12.6779],"stabilizedTipPosition":[-61.429,187.406,269.537],"timeVisible":1.07561,"tipPosition":[-41.9017,239.812,17.2399],"tipVelocity":[13.3587,18.3432,-63.3925],"tool":false,"touchDistance":0.333333,"touchZone":"none","type":3,"width":18.077},{"bases":[[[0.533316,-0.840344,-0.0969388],[0.840801,0.514014,0.169832],[-0.0928897,-0.172081,0.980694]],[[0.507075,-0.857662,0.0853867],[0.593241,0.275432,-0.756441],[0.625252,0.434227,0.648465]],[[0.507075,-0.857662,0.0853867],[-0.429359,-0.337259,-0.837799],[0.747346,0.388166,-0.53926]],[[0.507075,-0.857662,0.0853867],[-0.80388,-0.506347,-0.312074],[0.310889,0.0896042,-0.946213]]],"btipPosition":[-25.8141,240.133,19.8001],"carpPosition":[10.884,254.645,72.7381],"dipPosition":[-20.4554,241.677,3.49046],"direction":[-0.747346,-0.388166,0.53926],"extended":false,"handId":806,"id":8064,"length":50.5107,"mcpPosition":[16.2702,264.623,15.8724],"pipPosition":[-5.8382,249.269,-7.05682],"stabilizedTipPosition":[-50.121,187.177,258.427],"timeVisible":1.07561,"tipPosition":[-24.1207,240.185,16.9482],"tipVelocity":[10.2811,28.989,-72.5811],"tool":false,"touchDistance":0.333333,"touchZone":"none","type":4,"width":16.0574}],"r":[[0.98908,-0.10297,0.105445],[0.115534,0.985913,-0.120945],[-0.0915059,0.131806,0.987043]],"s":0.820391,"t":[32.8946,47.9243,-232.785],"timestamp":606796645894},false],[2,{"currentFrameRate":106.504,"devices":[],"gestures":[],"hands":[{"armBasis":[[0.690219,-0.381933,-0.614593],[0.576798,0.803258,0.148596],[0.436923,-0.45706,0.774722]],"armWidth":63.72,"confidence":0.61623,"direction":[-0.0533442,0.404523,-0.912971],"elbow":[115.79,134.718,293.299],"grabStrength":0,"id":806,"palmNormal":[-0.592747,-0.748603,-0.297061],"palmPosition":[-13.7459,280.739,35.6722],"palmVelocity":[-0.473268,21.889,-47.6686],"palmWidth":90.99,"pinchStrength":1,"r":[[0.989276,-0.100376,0.106103],[0.112849,0.986466,-0.118952],[-0.0927269,0.12965,0.987215]],"s":0.819625,"sphereCenter":[-38.5862,250.808,4.43101],"sphereRadius":44.5021,"stabilizedPalmPosition":[-45.0959,234.159,264.107],"t":[32.8725,48.1253,-233.242],"timeVisible":1.08459,"type":"right","wrist":[-2.17885,258.124,84.1238]}],"id":4408362,"interactionBox":{"center":[0,200,0],"size":[235.247,235.247,147.751]},"pointables":[{"bases":[[[0.843134,0.537121,-0.0250069],[-0.360846,0.599684,0.714262],[0.398641,-0.593195,0.699432]],[[0.640449,0.71606,-0.277638],[-0.596755,0.691547,0.406997],[0.483435,-0.094979,0.870213]],[[0.640449,0.71606,-0.277638],[-0.758866,0.645624,-0.0853968],[0.118101,0.265383,0.956883]],[[0.640449,0.71606,-0.277638],[-0.745658,0.493199,-0.44805],[-0.1839,0.493976,0.849805]]],"btipPosition":[-55.1623,247.762,-3.93916],"carpPosition":[-31.3076,263.631,92.0137],"dipPosition":[-59.4662,259.323,15.9493],"direction":[-0.118101,-0.265383,-0.956883],"extended":false,"handId":806,"id":8060,"length":52.1164,"mcpPosition":[-31.3076,263.631,92.0137],"pipPosition":[-55.4395,268.372,48.5748],"stabilizedTipPosition":[-79.8117,208.136,223.963],"timeVisible":1.08459,"tipPosition":[-56.6432,250.09,0.488475],"tipVelocity":[21.0339,19.2938,-58.0084],"tool":false,"touchDistance":-0.359569,"touchZone":"hovering","type":0,"width":20.25},{"bases":[[[0.783255,-0.449936,-0.429032],[0.558372,0.81256,0.167233],[0.27337,-0.370546,0.887674]],[[0.815743,-0.501104,-0.288891],[0.50188,0.861489,-0.077156],[0.287539,-0.082049,0.954248]],[[0.815743,-0.501104,-0.288891],[0.462246,0.865006,-0.195173],[0.347694,0.0256728,0.937256]],[[0.815743,-0.501104,-0.288891],[0.428498,0.85903,-0.2801],[0.388525,0.104701,0.91547]]],"btipPosition":[-61.314,306.737,-58.8007],"carpPosition":[-13.8068,278.36,85.7971],"dipPosition":[-54.6758,308.525,-43.1594],"direction":[-0.347694,-0.0256728,-0.937256],"extended":true,"handId":806,"id":8061,"length":58.8075,"mcpPosition":[-33.9185,305.621,20.4913],"pipPosition":[-46.2719,309.146,-20.5055],"stabilizedTipPosition":[-91.8444,271.106,166.854],"timeVisible":1.08459,"tipPosition":[-60.1546,306.338,-55.0595],"tipVelocity":[5.60408,26.6791,-48.9679],"tool":false,"touchDistance":-0.356002,"touchZone":"touching","type":1,"width":19.3428},{"bases":[[[0.706245,-0.627746,-0.327341],[0.688619,0.716462,0.111741],[0.164382,-0.304329,0.938276]],[[0.711704,-0.638293,-0.293358],[0.266658,0.631822,-0.727801],[0.6499,0.439753,0.619877]],[[0.711704,-0.638293,-0.293358],[-0.547063,-0.241633,-0.801458],[0.44068,0.730887,-0.521158]],[[0.711704,-0.638293,-0.293358],[-0.702338,-0.654913,-0.278944],[-0.0140761,0.404562,-0.914402]]],"btipPosition":[-58.5375,246.131,16.9962],"carpPosition":[-3.47661,274.481,80.3329],"dipPosition":[-58.8021,253.733,-0.187215],"direction":[-0.44068,-0.730887,0.521158],"extended":false,"handId":806,"id":8062,"length":67.0064,"mcpPosition":[-14.9452,295.713,14.8712],"pipPosition":[-46.2707,274.517,-15.0071],"stabilizedTipPosition":[-80.703,192.367,264.706],"timeVisible":1.08459,"tipPosition":[-58.2018,247.92,13.8459],"tipVelocity":[12.1909,9.78485,-66.4791],"tool":false,"touchDistance":0.333333,"touchZone":"none","type":2,"width":18.9972},{"bases":[[[0.668804,-0.717901,-0.193183],[0.742206,0.659715,0.117921],[0.0427902,-0.222248,0.974051]],[[0.669715,-0.723638,-0.16682],[0.377074,0.524891,-0.763089],[0.639763,0.448149,0.624393]],[[0.669715,-0.723638,-0.16682],[-0.507264,-0.28171,-0.814446],[0.542369,0.630069,-0.555741]],[[0.669715,-0.723638,-0.16682],[-0.736649,-0.618929,-0.272536],[0.0939671,0.305409,-0.947573]]],"btipPosition":[-42.4029,238.44,19.8495],"carpPosition":[5.64224,267.702,75.6621],"dipPosition":[-40.6472,244.146,2.14506],"direction":[-0.542369,-0.630069,0.555741],"extended":false,"handId":806,"id":8063,"length":64.4285,"mcpPosition":[2.96186,281.623,14.6475],"pipPosition":[-25.6225,261.6,-13.2501],"stabilizedTipPosition":[-61.4288,187.407,269.535],"timeVisible":1.08459,"tipPosition":[-41.7155,239.853,16.5858],"tipVelocity":[15.493,14.4217,-65.6386],"tool":false,"touchDistance":0.333333,"touchZone":"none","type":3,"width":18.077},{"bases":[[[0.537372,-0.837868,-0.09596],[0.83804,0.51778,0.172028],[-0.0944502,-0.172861,0.980407]],[[0.510435,-0.855399,0.0880324],[0.594592,0.277131,-0.754757],[0.621222,0.437598,0.650071]],[[0.510435,-0.855399,0.0880324],[-0.424857,-0.33987,-0.839038],[0.747632,0.390873,-0.536903]],[[0.510435,-0.855399,0.0880324],[-0.800509,-0.510065,-0.314672],[0.314072,0.0901488,-0.945109]]],"btipPosition":[-25.6389,240.269,19.2104],"carpPosition":[10.8866,254.917,72.2536],"dipPosition":[-20.2253,241.823,2.91973],"direction":[-0.747632,-0.390873,0.536903],"extended":false,"handId":806,"id":8064,"length":50.5107,"mcpPosition":[16.3633,264.941,15.4045],"pipPosition":[-5.60256,249.468,-7.58145],"stabilizedTipPosition":[-50.1205,187.178,258.422],"timeVisible":1.08459,"tipPosition":[-23.9369,240.329,16.3495],"tipVelocity":[13.1943,25.2638,-70.5502],"tool":false,"touchDistance":0.333333,"touchZone":"none","type":4,"width":16.0574}],"r":[[0.989276,-0.100376,0.106103],[0.112849,0.986466,-0.118952],[-0.0927269,0.12965,0.987215]],"s":0.819625,"t":[32.8725,48.1253,-233.242],"timestamp":606796654876},false],[3,{"currentFrameRate":106.655,"devices":[],"gestures":[],"hands":[{"armBasis":[[0.692595,-0.380523,-0.612793],[0.573224,0.806041,0.14735],[0.437866,-0.453322,0.776384]],"armWidth":63.72,"confidence":0.637231,"direction":[-0.0526692,0.405376,-0.912632],"elbow":[115.982,135.866,293.371],"grabStrength":0,"id":806,"palmNormal":[-0.589557,-0.750257,-0.299228],"palmPosition":[-13.777,280.894,35.2949],"palmVelocity":[-1.28948,20.5411,-45.9496],"palmWidth":90.99,"pinchStrength":1,"r":[[0.989445,-0.0976591,0.107053],[0.110086,0.987002,-0.117086],[-0.0942267,0.127635,0.987335]],"s":0.818983,"sphereCenter":[-38.4371,250.915,3.96233],"sphereRadius":44.5006,"stabilizedPalmPosition":[-45.0912,234.166,264.073],"t":[32.846,48.3033,-233.66],"timeVisible":1.09369,"type":"right","wrist":[-2.24198,258.263,83.7467]}],"id":4408363,"interactionBox":{"center":[0,200,0],"size":[235.247,235.247,147.751]},"pointables":[{"bases":[[[0.841373,0.539985,-0.0225173],[-0.364457,0.597656,0.714128],[0.399076,-0.592642,0.699653]],[[0.639091,0.718295,-0.274981],[-0.599334,0.689157,0.40726],[0.482038,-0.095471,0.870933]],[[0.639091,0.718295,-0.274981],[-0.760625,0.643274,-0.0874524],[0.114072,0.265047,0.957464]],[[0.639091,0.718295,-0.274981],[-0.745883,0.491571,-0.449463],[-0.187674,0.492351,0.849923]]],"btipPosition":[-54.966,247.868,-4.4337],"carpPosition":[-31.4067,263.663,91.5778],"dipPosition":[-59.3582,259.391,15.4576],"direction":[-0.114072,-0.265047,-0.957464],"extended":false,"handId":806,"id":8060,"length":52.1164,"mcpPosition":[-31.4067,263.663,91.5778],"pipPosition":[-55.4689,268.428,48.1029],"stabilizedTipPosition":[-79.8025,208.152,223.876],"timeVisible":1.09369,"tipPosition":[-56.4588,250.18,-0.00610473],"tipVelocity":[20.5664,16.9107,-56.9756],"tool":false,"touchDistance":-0.359354,"touchZone":"hovering","type":0,"width":20.25},{"bases":[[[0.785722,-0.44681,-0.427786],[0.555257,0.814245,0.169396],[0.272635,-0.370629,0.887865]],[[0.818098,-0.498082,-0.287454],[0.499293,0.863206,-0.0747133],[0.285346,-0.0824012,0.954876]],[[0.818098,-0.498082,-0.287454],[0.459789,0.866741,-0.193271],[0.345413,0.0259459,0.938092]],[[0.818098,-0.498082,-0.287454],[0.426121,0.860695,-0.278612],[0.386182,0.105442,0.916376]]],"btipPosition":[-61.2055,306.836,-59.2577],"carpPosition":[-13.9417,278.458,85.4168],"dipPosition":[-54.6073,308.638,-43.6009],"direction":[-0.345413,-0.0259459,-0.938092],"extended":true,"handId":806,"id":8061,"length":58.8075,"mcpPosition":[-33.9994,305.725,20.097],"pipPosition":[-46.2585,309.265,-20.9268],"stabilizedTipPosition":[-91.7456,271.217,166.17],"timeVisible":1.09369,"tipPosition":[-60.0525,306.454,-55.5159],"tipVelocity":[7.07567,22.4175,-49.2074],"tool":false,"touchDistance":-0.355537,"touchZone":"touching","type":1,"width":19.3428},{"bases":[[[0.709085,-0.624994,-0.326467],[0.68595,0.718649,0.114086],[0.163312,-0.304837,0.938298]],[[0.714525,-0.635603,-0.292341],[0.266402,0.633571,-0.726373],[0.646904,0.441131,0.622028]],[[0.714525,-0.635603,-0.292341],[-0.54394,-0.241918,-0.803495],[0.439982,0.733133,-0.518587]],[[0.714525,-0.635603,-0.292341],[-0.699501,-0.656448,-0.282445],[-0.0123838,0.406306,-0.913653]]],"btipPosition":[-58.4402,246.142,16.4423],"carpPosition":[-3.58638,274.62,79.9714],"dipPosition":[-58.6729,253.777,-0.727077],"direction":[-0.439982,-0.733133,0.518587],"extended":false,"handId":806,"id":8062,"length":67.0064,"mcpPosition":[-14.9804,295.888,14.5082],"pipPosition":[-46.1614,274.625,-15.4738],"stabilizedTipPosition":[-80.7029,192.367,264.705],"timeVisible":1.09369,"tipPosition":[-58.1011,247.943,13.2852],"tipVelocity":[12.0011,7.64561,-64.8285],"tool":false,"touchDistance":0.333333,"touchZone":"none","type":2,"width":18.9972},{"bases":[[[0.671648,-0.715426,-0.192496],[0.739714,0.662076,0.120323],[0.0413649,-0.223207,0.973893]],[[0.672511,-0.72111,-0.166519],[0.376777,0.527254,-0.761605],[0.636999,0.449448,0.626282]],[[0.672511,-0.72111,-0.166519],[-0.504422,-0.281967,-0.816121],[0.54156,0.632846,-0.55337]],[[0.672511,-0.72111,-0.166519],[-0.733918,-0.620814,-0.275599],[0.0953602,0.307555,-0.94674]]],"btipPosition":[-42.2703,238.5,19.345],"carpPosition":[5.56566,267.876,75.3133],"dipPosition":[-40.4886,244.246,1.65608],"direction":[-0.54156,-0.632846,0.55337],"extended":false,"handId":806,"id":8063,"length":64.4285,"mcpPosition":[2.97456,281.858,14.3086],"pipPosition":[-25.4863,261.777,-13.6734],"stabilizedTipPosition":[-61.4287,187.407,269.533],"timeVisible":1.09369,"tipPosition":[-41.5803,239.925,16.0731],"tipVelocity":[15.4188,12.531,-62.7062],"tool":false,"touchDistance":0.333333,"touchZone":"none","type":3,"width":18.077},{"bases":[[[0.540405,-0.835945,-0.0957017],[0.835904,0.520403,0.174483],[-0.096055,-0.174289,0.979998]],[[0.512149,-0.853842,0.0930449],[0.594478,0.274204,-0.755916],[0.619919,0.442455,0.648023]],[[0.512149,-0.853842,0.0930449],[-0.422777,-0.344911,-0.838031],[0.747638,0.389859,-0.537631]],[[0.512149,-0.853842,0.0930449],[-0.798193,-0.513154,-0.315533],[0.317161,0.0873319,-0.944342]]],"btipPosition":[-25.5792,240.445,18.9561],"carpPosition":[10.8607,255.114,71.9022],"dipPosition":[-20.1123,241.95,2.67865],"direction":[-0.747638,-0.389859,0.537631],"extended":false,"handId":806,"id":8064,"length":50.5107,"mcpPosition":[16.4304,265.22,15.0768],"pipPosition":[-5.48941,249.575,-7.83676],"stabilizedTipPosition":[-50.1199,187.179,258.416],"timeVisible":1.09369,"tipPosition":[-23.8666,240.51,15.969],"tipVelocity":[11.7314,23.2825,-58.6511],"tool":false,"touchDistance":0.333333,"touchZone":"none","type":4,"width":16.0574}],"r":[[0.989445,-0.0976591,0.107053],[0.110086,0.987002,-0.117086],[-0.0942267,0.127635,0.987335]],"s":0.818983,"t":[32.846,48.3033,-233.66],"timestamp":606796663975},false],[4,{"currentFrameRate":106.846,"devices":[],"gestures":[],"hands":[{"armBasis":[[0.69408,-0.378617,-0.612293],[0.570533,0.807991,0.147113],[0.439027,-0.451442,0.776824]],"armWidth":63.72,"confidence":0.653646,"direction":[-0.0522415,0.405573,-0.912569],"elbow":[116.234,136.49,293.216],"grabStrength":0,"id":806,"palmNormal":[-0.586995,-0.751756,-0.300499],"palmPosition":[-13.819,280.996,35.0113],"palmVelocity":[-2.21646,18.0168,-41.972],"palmWidth":90.99,"pinchStrength":1,"r":[[0.98959,-0.0949529,0.108143],[0.107371,0.987489,-0.115485],[-0.0958245,0.125894,0.987405]],"s":0.81843,"sphereCenter":[-38.3262,250.952,3.62233],"sphereRadius":44.4994,"stabilizedPalmPosition":[-45.0866,234.172,264.039],"t":[32.8117,48.4434,-234.01],"timeVisible":1.1027,"type":"right","wrist":[-2.3037,258.379,83.4741]}],"id":4408364,"interactionBox":{"center":[0,200,0],"size":[235.247,235.247,147.751]},"pointables":[{"bases":[[[0.839928,0.542295,-0.0208989],[-0.367295,0.596388,0.713734],[0.399518,-0.591809,0.700105]],[[0.637977,0.719939,-0.273263],[-0.601412,0.687455,0.407075],[0.480925,-0.0953608,0.87156]],[[0.637977,0.719939,-0.273263],[-0.762013,0.64138,-0.0892634],[0.111001,0.265178,0.957789]],[[0.637977,0.719939,-0.273263],[-0.746355,0.490737,-0.44959],[-0.189577,0.490779,0.850409]]],"btipPosition":[-54.8507,247.928,-4.80726],"carpPosition":[-31.4962,263.696,91.258],"dipPosition":[-59.2875,259.414,15.0954],"direction":[-0.111001,-0.265178,-0.957789],"extended":false,"handId":806,"id":8060,"length":52.1164,"mcpPosition":[-31.4962,263.696,91.258],"pipPosition":[-55.5029,268.456,47.7518],"stabilizedTipPosition":[-79.7945,208.166,223.802],"timeVisible":1.1027,"tipPosition":[-56.3383,250.221,-0.370839],"tipVelocity":[18.1166,13.83,-52.6316],"tool":false,"touchDistance":-0.357316,"touchZone":"hovering","type":0,"width":20.25},{"bases":[[[0.787662,-0.444497,-0.426627],[0.552739,0.815698,0.170633],[0.272153,-0.370215,0.888186]],[[0.819975,-0.4958,-0.286046],[0.497166,0.86455,-0.0733448],[0.283666,-0.0820718,0.955405]],[[0.819975,-0.4958,-0.286046],[0.457704,0.86802,-0.192481],[0.343726,0.0269047,0.938685]],[[0.819975,-0.4958,-0.286046],[0.424047,0.861837,-0.278247],[0.38448,0.106859,0.916927]]],"btipPosition":[-61.1477,306.827,-59.6126],"carpPosition":[-14.0615,278.541,85.132],"dipPosition":[-54.5786,308.653,-43.9464],"direction":[-0.343726,-0.0269047,-0.938685],"extended":true,"handId":806,"id":8061,"length":58.8075,"mcpPosition":[-34.0837,305.777,19.7885],"pipPosition":[-46.2707,309.303,-21.258],"stabilizedTipPosition":[-91.6694,271.303,165.643],"timeVisible":1.1027,"tipPosition":[-59.9971,306.471,-55.8715],"tipVelocity":[6.68824,16.1526,-46.4437],"tool":false,"touchDistance":-0.353608,"touchZone":"touching","type":1,"width":19.3428},{"bases":[[[0.711343,-0.622928,-0.325503],[0.683786,0.720482,0.115509],[0.162566,-0.304741,0.938459]],[[0.716765,-0.633558,-0.291296],[0.265855,0.634471,-0.725787],[0.644647,0.442776,0.623201]],[[0.716765,-0.633558,-0.291296],[-0.541804,-0.243021,-0.804605],[0.438972,0.734538,-0.517453]],[[0.716765,-0.633558,-0.291296],[-0.697218,-0.658113,-0.284207],[-0.0116442,0.406807,-0.91344]]],"btipPosition":[-58.3646,246.12,16.0695],"carpPosition":[-3.68652,274.733,79.7025],"dipPosition":[-58.5834,253.765,-1.09589],"direction":[-0.438972,-0.734538,0.517453],"extended":false,"handId":806,"id":8062,"length":67.0064,"mcpPosition":[-15.0284,295.994,14.2281],"pipPosition":[-46.1006,274.652,-15.8104],"stabilizedTipPosition":[-80.7028,192.367,264.704],"timeVisible":1.1027,"tipPosition":[-58.0267,247.926,12.9018],"tipVelocity":[11.1042,4.94339,-58.3553],"tool":false,"touchDistance":0.333333,"touchZone":"none","type":2,"width":18.9972},{"bases":[[[0.673928,-0.713512,-0.191629],[0.737695,0.664053,0.121815],[0.0403353,-0.223458,0.973879]],[[0.674751,-0.719098,-0.166162],[0.376471,0.528994,-0.760549],[0.634808,0.450626,0.627658]],[[0.674751,-0.719098,-0.166162],[-0.50204,-0.282175,-0.817517],[0.540988,0.63504,-0.551413]],[[0.674751,-0.719098,-0.166162],[-0.731691,-0.622286,-0.27819],[0.0966454,0.309288,-0.946045]]],"btipPosition":[-42.1899,238.51,18.9613],"carpPosition":[5.49178,268.017,75.0574],"dipPosition":[-40.3842,244.289,1.28539],"direction":[-0.540988,-0.63504,0.551413],"extended":false,"handId":806,"id":8063,"length":64.4285,"mcpPosition":[2.96518,282.014,14.0537],"pipPosition":[-25.3978,261.88,-13.9899],"stabilizedTipPosition":[-61.4286,187.407,269.532],"timeVisible":1.1027,"tipPosition":[-41.497,239.947,15.6829],"tipVelocity":[13.8018,9.62669,-57.0845],"tool":false,"touchDistance":0.333333,"touchZone":"none","type":3,"width":18.077},{"bases":[[[0.542852,-0.834426,-0.0951006],[0.834181,0.522624,0.176085],[-0.0972281,-0.174919,0.97977]],[[0.513488,-0.852517,0.0977012],[0.594035,0.270996,-0.757419],[0.619236,0.446964,0.645578]],[[0.513488,-0.852517,0.0977012],[-0.421493,-0.349759,-0.836667],[0.747445,0.388438,-0.538927]],[[0.513488,-0.852517,0.0977012],[-0.796423,-0.515868,-0.315579],[0.319437,0.0842345,-0.943856]]],"btipPosition":[-25.5556,240.559,18.8211],"carpPosition":[10.8275,255.27,71.6505],"dipPosition":[-20.0495,242.011,2.552],"direction":[-0.747445,-0.388438,0.538927],"extended":false,"handId":806,"id":8064,"length":50.5107,"mcpPosition":[16.4653,265.413,14.8383],"pipPosition":[-5.43042,249.608,-7.98877],"stabilizedTipPosition":[-50.1191,187.181,258.409],"timeVisible":1.1027,"tipPosition":[-23.8384,240.628,15.719],"tipVelocity":[9.50051,19.999,-46.5915],"tool":false,"touchDistance":0.333333,"touchZone":"none","type":4,"width":16.0574}],"r":[[0.98959,-0.0949529,0.108143],[0.107371,0.987489,-0.115485],[-0.0958245,0.125894,0.987405]],"s":0.81843,"t":[32.8117,48.4434,-234.01],"timestamp":606796672985},false],[5,{"currentFrameRate":107.017,"devices":[],"gestures":[],"hands":[{"armBasis":[[0.695771,-0.377017,-0.61136],[0.568679,0.809091,0.148243],[0.438756,-0.450811,0.777344]],"armWidth":63.72,"confidence":0.685082,"direction":[-0.0522889,0.405465,-0.912614],"elbow":[116.212,136.772,293.076],"grabStrength":0,"id":806,"palmNormal":[-0.585032,-0.753062,-0.301058],"palmPosition":[-13.7722,281.082,34.7202],"palmVelocity":[-0.179985,15.6938,-39.2912],"palmWidth":90.99,"pinchStrength":1,"r":[[0.98972,-0.0923469,0.109205],[0.104778,0.987919,-0.114184],[-0.0973408,0.124452,0.987439]],"s":0.817877,"sphereCenter":[-38.1456,250.922,3.28396],"sphereRadius":44.5254,"stabilizedPalmPosition":[-45.0823,234.179,264.008],"t":[32.8179,48.5568,-234.331],"timeVisible":1.11173,"type":"right","wrist":[-2.25203,258.491,83.1936]}],"id":4408365,"interactionBox":{"center":[0,200,0],"size":[235.247,235.247,147.751]},"pointables":[{"bases":[[[0.838734,0.54417,-0.0201038],[-0.369298,0.595558,0.713394],[0.40018,-0.590923,0.700475]],[[0.637167,0.721082,-0.272139],[-0.602484,0.686201,0.407603],[0.480657,-0.095752,0.871665]],[[0.637167,0.721082,-0.272139],[-0.762977,0.640077,-0.0903783],[0.109019,0.265221,0.958004]],[[0.637167,0.721082,-0.272139],[-0.746962,0.49074,-0.448577],[-0.189912,0.489095,0.851304]]],"btipPosition":[-54.7294,248.032,-5.14874],"carpPosition":[-31.4637,263.742,90.95],"dipPosition":[-59.174,259.479,14.7748],"direction":[-0.109019,-0.265221,-0.958004],"extended":false,"handId":806,"id":8060,"length":52.1164,"mcpPosition":[-31.4637,263.742,90.95],"pipPosition":[-55.4569,268.522,47.4386],"stabilizedTipPosition":[-79.7876,208.179,223.737],"timeVisible":1.11173,"tipPosition":[-56.1846,250.293,-0.698664],"tipVelocity":[16.7724,12.9135,-48.4036],"tool":false,"touchDistance":-0.354968,"touchZone":"hovering","type":0,"width":20.25},{"bases":[[[0.789054,-0.442731,-0.42589],[0.550755,0.816929,0.171161],[0.272144,-0.369616,0.888438]],[[0.821372,-0.494008,-0.28514],[0.495399,0.865622,-0.0726576],[0.282716,-0.081579,0.955728]],[[0.821372,-0.494008,-0.28514],[0.455872,0.869005,-0.192382],[0.342826,0.0280301,0.938981]],[[0.821372,-0.494008,-0.28514],[0.422138,0.862668,-0.278575],[0.383599,0.108445,0.91711]]],"btipPosition":[-61.0643,306.793,-59.9468],"carpPosition":[-14.0564,278.626,84.8405],"dipPosition":[-54.5103,308.646,-44.2774],"direction":[-0.342826,-0.0280301,-0.938981],"extended":true,"handId":806,"id":8061,"length":58.8075,"mcpPosition":[-34.0779,305.819,19.4785],"pipPosition":[-46.2241,309.324,-21.5818],"stabilizedTipPosition":[-91.6126,271.366,165.25],"timeVisible":1.11173,"tipPosition":[-59.9117,306.461,-56.2077],"tipVelocity":[7.28351,10.8543,-43.8212],"tool":false,"touchDistance":-0.351582,"touchZone":"touching","type":1,"width":19.3428},{"bases":[[[0.713038,-0.621333,-0.32484],[0.682066,0.722006,0.116159],[0.162363,-0.304388,0.938609]],[[0.718472,-0.631993,-0.290488],[0.265258,0.63503,-0.725518],[0.64299,0.44421,0.623892]],[[0.718472,-0.631993,-0.290488],[-0.540021,-0.243621,-0.805621],[0.438378,0.735686,-0.516325]],[[0.718472,-0.631993,-0.290488],[-0.695474,-0.659137,-0.2861],[-0.0106579,0.407582,-0.913106]]],"btipPosition":[-58.2536,246.088,15.7057],"carpPosition":[-3.66783,274.842,79.4209],"dipPosition":[-58.4539,253.747,-1.45341],"direction":[-0.438378,-0.735686,0.516325],"extended":false,"handId":806,"id":8062,"length":67.0064,"mcpPosition":[-14.9956,296.078,13.936],"pipPosition":[-45.988,274.667,-16.1358],"stabilizedTipPosition":[-80.7027,192.367,264.703],"timeVisible":1.11173,"tipPosition":[-57.913,247.903,12.5279],"tipVelocity":[11.5623,2.69933,-53.3343],"tool":false,"touchDistance":0.333333,"touchZone":"none","type":2,"width":18.9972},{"bases":[[[0.6757,-0.712003,-0.191001],[0.736095,0.665698,0.122515],[0.0399182,-0.223379,0.973914]],[[0.676504,-0.717519,-0.165857],[0.376711,0.530681,-0.759254],[0.632796,0.451158,0.629305]],[[0.676504,-0.717519,-0.165857],[-0.499459,-0.28152,-0.819321],[0.541187,0.637113,-0.548821]],[[0.676504,-0.717519,-0.165857],[-0.729818,-0.623069,-0.281337],[0.0985244,0.311371,-0.945167]]],"btipPosition":[-42.0765,238.514,18.5242],"carpPosition":[5.52982,268.146,74.7843],"dipPosition":[-40.2357,244.332,0.864673],"direction":[-0.541187,-0.637113,0.548821],"extended":false,"handId":806,"id":8063,"length":64.4285,"mcpPosition":[3.02934,282.138,13.7783],"pipPosition":[-25.2437,261.981,-14.3388],"stabilizedTipPosition":[-61.4284,187.408,269.53],"timeVisible":1.11173,"tipPosition":[-41.3761,239.96,15.2542],"tipVelocity":[13.7056,7.37426,-54.5784],"tool":false,"touchDistance":0.333333,"touchZone":"none","type":3,"width":18.077},{"bases":[[[0.544804,-0.83321,-0.0945975],[0.832846,0.524484,0.176874],[-0.0977587,-0.175147,0.979677]],[[0.514932,-0.851384,0.0999531],[0.594401,0.2706,-0.757273],[0.617683,0.449356,0.645404]],[[0.514932,-0.851384,0.0999531],[-0.419567,-0.35199,-0.8367],[0.747535,0.388906,-0.538463]],[[0.514932,-0.851384,0.0999531],[-0.794808,-0.517858,-0.316391],[0.321132,0.0834762,-0.943348]]],"btipPosition":[-25.4312,240.633,18.5466],"carpPosition":[10.8972,255.411,71.3823],"dipPosition":[-19.896,242.072,2.2863],"direction":[-0.747535,-0.388906,0.538463],"extended":false,"handId":806,"id":8064,"length":50.5107,"mcpPosition":[16.5657,265.567,14.5756],"pipPosition":[-5.27506,249.678,-8.2454],"stabilizedTipPosition":[-50.1183,187.183,258.401],"timeVisible":1.11173,"tipPosition":[-23.712,240.705,15.4159],"tipVelocity":[10.8817,16.6491,-42.0686],"tool":false,"touchDistance":0.333333,"touchZone":"none","type":4,"width":16.0574}],"r":[[0.98972,-0.0923469,0.109205],[0.104778,0.987919,-0.114184],[-0.0973408,0.124452,0.987439]],"s":0.817877,"t":[32.8179,48.5568,-234.331],"timestamp":606796682016},false],[6,{"currentFrameRate":107.198,"devices":[],"gestures":[],"hands":[{"armBasis":[[0.697373,-0.37358,-0.611645],[0.566727,0.809853,0.151518],[0.438738,-0.4523,0.776488]],"armWidth":63.72,"confidence":0.701549,"direction":[-0.051969,0.407933,-0.911532],"elbow":[116.22,136.374,292.423],"grabStrength":0,"id":806,"palmNormal":[-0.582965,-0.753494,-0.30397],"palmPosition":[-13.7453,281.199,34.3465],"palmVelocity":[0.692433,14.9342,-39.9062],"palmWidth":90.99,"pinchStrength":1,"r":[[0.989829,-0.0898881,0.110269],[0.102294,0.988366,-0.112558],[-0.0988685,0.122693,0.987508]],"s":0.817371,"sphereCenter":[-38.0067,251.05,2.78296],"sphereRadius":44.5391,"stabilizedPalmPosition":[-45.0784,234.185,263.98],"t":[32.8345,48.6716,-234.678],"timeVisible":1.12073,"type":"right","wrist":[-2.23975,258.495,82.7711]}],"id":4408366,"interactionBox":{"center":[0,200,0],"size":[235.247,235.247,147.751]},"pointables":[{"bases":[[[0.837556,0.546073,-0.0174416],[-0.371562,0.592719,0.714581],[0.400551,-0.592021,0.699335]],[[0.636188,0.72312,-0.269002],[-0.604039,0.683736,0.409442],[0.480002,-0.0979946,0.871777]],[[0.636188,0.72312,-0.269002],[-0.764153,0.638675,-0.0903578],[0.106465,0.263043,0.958892]],[[0.636188,0.72312,-0.269002],[-0.747101,0.490336,-0.448788],[-0.192627,0.486485,0.85219]]],"btipPosition":[-54.5556,248.198,-5.65206],"carpPosition":[-31.4732,263.66,90.5033],"dipPosition":[-59.0638,259.583,14.2922],"direction":[-0.106465,-0.263043,-0.958892],"extended":false,"handId":806,"id":8060,"length":52.1164,"mcpPosition":[-31.4732,263.66,90.5033],"pipPosition":[-55.4338,268.552,46.9862],"stabilizedTipPosition":[-79.7815,208.19,223.681],"timeVisible":1.12073,"tipPosition":[-56.0188,250.444,-1.20142],"tipVelocity":[17.0243,13.9878,-50.3249],"tool":false,"touchDistance":-0.355283,"touchZone":"hovering","type":0,"width":20.25},{"bases":[[[0.790597,-0.439782,-0.426085],[0.548721,0.817653,0.174208],[0.271776,-0.37153,0.887752]],[[0.822845,-0.491397,-0.285402],[0.493626,0.866899,-0.0694237],[0.281529,-0.0837572,0.95589]],[[0.822845,-0.491397,-0.285402],[0.454181,0.87054,-0.18942],[0.341535,0.026239,0.939503]],[[0.822845,-0.491397,-0.285402],[0.420505,0.864343,-0.27584],[0.382232,0.10696,0.917855]]],"btipPosition":[-60.9661,307.07,-60.3099],"carpPosition":[-14.0907,278.6,84.4592],"dipPosition":[-54.4354,308.898,-44.6278],"direction":[-0.341535,-0.026239,-0.939503],"extended":true,"handId":806,"id":8061,"length":58.8075,"mcpPosition":[-34.0852,305.933,19.1477],"pipPosition":[-46.1804,309.532,-21.9196],"stabilizedTipPosition":[-91.5658,271.419,164.927],"timeVisible":1.12073,"tipPosition":[-59.8153,306.738,-56.5717],"tipVelocity":[8.11777,16.1416,-42.7799],"tool":false,"touchDistance":-0.35016,"touchZone":"touching","type":1,"width":19.3428},{"bases":[[[0.714841,-0.618837,-0.325642],[0.680315,0.723176,0.119114],[0.161785,-0.306687,0.93796]],[[0.720279,-0.629637,-0.291128],[0.265578,0.638007,-0.722783],[0.640833,0.443288,0.626761]],[[0.720279,-0.629637,-0.291128],[-0.537077,-0.240562,-0.808504],[0.43903,0.738706,-0.511435]],[[0.720279,-0.629637,-0.291128],[-0.693641,-0.658466,-0.292036],[-0.0078211,0.412286,-0.911021]]],"btipPosition":[-58.1999,246.13,15.0563],"carpPosition":[-3.68664,274.854,79.0428],"dipPosition":[-58.3469,253.878,-2.06359],"direction":[-0.43903,-0.738706,0.511435],"extended":false,"handId":806,"id":8062,"length":67.0064,"mcpPosition":[-14.974,296.251,13.6032],"pipPosition":[-45.8624,274.884,-16.607],"stabilizedTipPosition":[-80.7026,192.368,264.702],"timeVisible":1.12073,"tipPosition":[-57.8429,247.971,11.8905],"tipVelocity":[10.4001,3.87739,-58.228],"tool":false,"touchDistance":0.333333,"touchZone":"none","type":2,"width":18.9972},{"bases":[[[0.677525,-0.709967,-0.192111],[0.734459,0.66697,0.125383],[0.0391145,-0.226048,0.973331]],[[0.678301,-0.71549,-0.167279],[0.37648,0.533919,-0.757095],[0.631007,0.450561,0.631525]],[[0.678301,-0.71549,-0.167279],[-0.497434,-0.279582,-0.821214],[0.540802,0.640241,-0.54555]],[[0.678301,-0.71549,-0.167279],[-0.727982,-0.62347,-0.285179],[0.0997493,0.315213,-0.943764]]],"btipPosition":[-41.9564,238.595,17.96],"carpPosition":[5.53195,268.191,74.3996],"dipPosition":[-40.0926,244.484,0.3267],"direction":[-0.540802,-0.640241,0.54555],"extended":false,"handId":806,"id":8063,"length":64.4285,"mcpPosition":[3.08182,282.351,13.4302],"pipPosition":[-25.1113,262.22,-14.7861],"stabilizedTipPosition":[-61.4283,187.408,269.528],"timeVisible":1.12073,"tipPosition":[-41.2525,240.059,14.6848],"tipVelocity":[13.7698,8.32257,-56.6228],"tool":false,"touchDistance":0.333333,"touchZone":"none","type":3,"width":18.077},{"bases":[[[0.546769,-0.831736,-0.0962258],[0.831449,0.525816,0.179472],[-0.0986762,-0.178137,0.979046]],[[0.516473,-0.850537,0.0992093],[0.595124,0.273224,-0.755762],[0.615697,0.449372,0.647288]],[[0.516473,-0.850537,0.0992093],[-0.417213,-0.35112,-0.838241],[0.747789,0.391538,-0.536199]],[[0.516473,-0.850537,0.0992093],[-0.793052,-0.518803,-0.319236],[0.322992,0.086199,-0.942468]]],"btipPosition":[-25.3101,240.774,18.0436],"carpPosition":[10.9319,255.478,70.9688],"dipPosition":[-19.7427,242.26,1.79844],"direction":[-0.747789,-0.391538,0.536199],"extended":false,"handId":806,"id":8064,"length":50.5107,"mcpPosition":[16.6537,265.808,14.1986],"pipPosition":[-5.11685,249.918,-8.68897],"stabilizedTipPosition":[-50.1173,187.184,258.392],"timeVisible":1.12073,"tipPosition":[-23.5859,240.861,14.9052],"tipVelocity":[11.8161,16.7219,-45.7594],"tool":false,"touchDistance":0.333333,"touchZone":"none","type":4,"width":16.0574}],"r":[[0.989829,-0.0898881,0.110269],[0.102294,0.988366,-0.112558],[-0.0988685,0.122693,0.987508]],"s":0.817371,"t":[32.8345,48.6716,-234.678],"timestamp":606796691015}