{"sensorType":"Leap","data":[[0,{"currentFrameRate":103.704,"devices":[],"gestures":[],"hands":[{"armBasis":[[0.659464,-0.400308,-0.636286],[0.583245,0.80647,0.0971136],[0.474271,-0.435154,0.765316]],"armWidth":63.72,"confidence":0.876029,"direction":[-0.0481226,0.324223,-0.944756],"elbow":[97.5657,143.102,295.007],"grabStrength":0,"id":807,"palmNormal":[-0.596073,-0.768289,-0.233301],"palmPosition":[-41.7706,278.989,38.1018],"palmVelocity":[-11.889,5.59037,-110.291],"palmWidth":90.99,"pinchStrength":1,"r":[[0.845085,-0.52668,-0.0918676],[0.484103,0.826754,-0.286571],[0.226883,0.197704,0.953644]],"s":0.725929,"sphereCenter":[-65.4423,244.917,8.9313],"sphereRadius":44.9969,"stabilizedPalmPosition":[-29.0614,254.062,271.837],"t":[-12.5241,24.9202,-233.296],"timeVisible":0.705149,"type":"right","wrist":[-30.4875,260.593,88.3715]}],"id":4408749,"interactionBox":{"center":[0,200,0],"size":[235.247,235.247,147.751]},"pointables":[{"bases":[[[0.84627,0.528355,-0.0683267],[-0.359679,0.661235,0.65833],[0.393012,-0.532549,0.749622]],[[0.640692,0.687948,-0.340942],[-0.613786,0.72569,0.310873],[0.461282,0.0100915,0.887196]],[[0.640692,0.687948,-0.340942],[-0.748352,0.658827,-0.076916],[0.171707,0.304424,0.936933]],[[0.640692,0.687948,-0.340942],[-0.754513,0.481882,-0.445533],[-0.14221,0.542694,0.827804]]],"btipPosition":[-85.1616,243.336,0.0426636],"carpPosition":[-59.6092,266.92,95.6482],"dipPosition":[-88.4898,256.037,19.4163],"direction":[-0.171707,-0.304424,-0.936933],"extended":false,"handId":807,"id":8070,"length":52.1164,"mcpPosition":[-59.6092,266.92,95.6482],"pipPosition":[-82.6353,266.416,51.3615],"stabilizedTipPosition":[-82.3338,227.733,225.108],"timeVisible":0.705149,"tipPosition":[-86.4738,246.394,4.36494],"tipVelocity":[4.86703,3.40851,-109.644],"tool":false,"touchDistance":-0.459114,"touchZone":"hovering","type":0,"width":20.25},{"bases":[[[0.782029,-0.489643,-0.385591],[0.562479,0.820948,0.0982984],[0.268419,-0.293759,0.917419]],[[0.81406,-0.529076,-0.239552],[0.501112,0.848362,-0.170788],[0.293587,0.0189892,0.955744]],[[0.81406,-0.529076,-0.239552],[0.468826,0.842084,-0.266639],[0.342796,0.104752,0.933551]],[[0.81406,-0.529076,-0.239552],[0.442214,0.832042,-0.334894],[0.376502,0.16669,0.911296]]],"btipPosition":[-89.0836,296.377,-58.4457],"carpPosition":[-42.0047,280.961,88.2438],"dipPosition":[-82.6508,299.225,-42.8757],"direction":[-0.342796,-0.104752,-0.933551],"extended":true,"handId":807,"id":8071,"length":58.8075,"mcpPosition":[-61.7521,302.572,20.7497],"pipPosition":[-74.3653,301.757,-20.3114],"stabilizedTipPosition":[-68.9086,261.121,174.854],"timeVisible":0.705149,"tipPosition":[-87.9504,295.78,-54.5478],"tipVelocity":[4.492,3.66532,-125.803],"tool":false,"touchDistance":-0.507234,"touchZone":"hovering","type":1,"width":19.3428},{"bases":[[[0.703679,-0.657559,-0.269169],[0.692349,0.7197,0.0518124],[0.159651,-0.222818,0.961698]],[[0.706678,-0.661807,-0.250233],[0.301953,0.601941,-0.739251],[0.639867,0.446854,0.625213]],[[0.706678,-0.661807,-0.250233],[-0.541884,-0.278843,-0.792849],[0.454937,0.695886,-0.555675]],[[0.706678,-0.661807,-0.250233],[-0.707041,-0.673762,-0.2148],[-0.0264415,0.32872,-0.944057]]],"btipPosition":[-86.0998,244.608,19.4847],"carpPosition":[-31.6795,276.567,83.1739],"dipPosition":[-86.5967,250.785,1.744],"direction":[-0.454937,-0.695886,0.555675],"extended":false,"handId":807,"id":8072,"length":67.0064,"mcpPosition":[-42.8181,292.112,16.0781],"pipPosition":[-73.6599,270.574,-14.0574],"stabilizedTipPosition":[-48.772,212.977,248.438],"timeVisible":0.705149,"tipPosition":[-85.9405,245.769,16.7963],"tipVelocity":[-4.18105,-3.81317,-134.356],"tool":false,"touchDistance":0.333333,"touchZone":"none","type":2,"width":18.9972},{"bases":[[[0.665296,-0.735552,-0.127848],[0.745591,0.663412,0.0630795],[0.0384176,-0.137289,0.989786]],[[0.664153,-0.731963,-0.152088],[0.39608,0.517051,-0.758801],[0.634051,0.443721,0.633317]],[[0.664153,-0.731963,-0.152088],[-0.511461,-0.296497,-0.806534],[0.545259,0.613449,-0.57129]],[[0.664153,-0.731963,-0.152088],[-0.744688,-0.629805,-0.220875],[0.0658863,0.259953,-0.963371]]],"btipPosition":[-69.6562,236.283,22.67],"carpPosition":[-22.5848,269.359,79.1411],"dipPosition":[-68.4252,241.14,4.6704],"direction":[-0.545259,-0.613449,0.57129],"extended":false,"handId":807,"id":8073,"length":64.4285,"mcpPosition":[-24.9913,277.959,17.1409],"pipPosition":[-53.3204,258.134,-11.1555],"stabilizedTipPosition":[-32.4912,212.654,255.555],"timeVisible":0.705149,"tipPosition":[-69.2495,237.308,19.8578],"tipVelocity":[1.14521,-3.17513,-118.654],"tool":false,"touchDistance":0.333333,"touchZone":"none","type":3,"width":18.077},{"bases":[[[0.532871,-0.845934,-0.0210852],[0.840437,0.526178,0.129622],[-0.0985574,-0.0867928,0.991339]],[[0.537688,-0.839481,-0.0785119],[0.503154,0.394196,-0.769055],[0.676556,0.374008,0.634342]],[[0.537688,-0.839481,-0.0785119],[-0.523649,-0.259507,-0.811448],[0.66082,0.477418,-0.579127]],[[0.537688,-0.839481,-0.0785119],[-0.82676,-0.506681,-0.24442],[0.165406,0.196332,-0.966486]]],"btipPosition":[-51.3864,235.386,24.9449],"carpPosition":[-17.4028,256.3,76.8715],"dipPosition":[-48.5353,238.77,8.28576],"direction":[-0.66082,-0.477418,0.579127],"extended":false,"handId":807,"id":8074,"length":50.5107,"mcpPosition":[-11.688,261.332,19.3885],"pipPosition":[-35.6105,248.108,-3.04127],"stabilizedTipPosition":[-16.014,218.54,264.445],"timeVisible":0.705149,"tipPosition":[-50.5627,236.029,22.3604],"tipVelocity":[0.772379,1.75613,-113.543],"tool":false,"touchDistance":0.333333,"touchZone":"none","type":4,"width":16.0574}],"r":[[0.845085,-0.52668,-0.0918676],[0.484103,0.826754,-0.286571],[0.226883,0.197704,0.953644]],"s":0.725929,"t":[-12.5241,24.9202,-233.296],"timestamp":606800333681},false],[1,{"currentFrameRate":104.097,"devices":[],"gestures":[],"hands":[{"armBasis":[[0.661584,-0.398977,-0.634921],[0.580547,0.808439,0.0969123],[0.474629,-0.432717,0.766475]],"armWidth":63.72,"confidence":0.880158,"direction":[-0.0479312,0.322428,-0.94538],"elbow":[97.5058,143.958,294.364],"grabStrength":0,"id":807,"palmNormal":[-0.593261,-0.770629,-0.232749],"palmPosition":[-41.9206,279.064,37.0992],"palmVelocity":[-13.2511,6.36238,-111.041],"palmWidth":90.99,"pinchStrength":1,"r":[[0.846392,-0.524906,-0.089967],[0.482422,0.827246,-0.287981],[0.225588,0.200343,0.953401]],"s":0.726413,"sphereCenter":[-65.5465,244.999,7.9607],"sphereRadius":44.9948,"stabilizedPalmPosition":[-29.0614,254.062,271.837],"t":[-12.6769,24.9959,-234.327],"timeVisible":0.714017,"type":"right","wrist":[-30.6439,260.792,87.4156]}],"id":4408750,"interactionBox":{"center":[0,200,0],"size":[235.247,235.247,147.751]},"pointables":[{"bases":[[[0.844635,0.530989,-0.0681325],[-0.362698,0.6612,0.656708],[0.393754,-0.529967,0.751061]],[[0.640143,0.688896,-0.340059],[-0.615463,0.724776,0.309684],[0.459807,0.0110518,0.88795]],[[0.640143,0.688896,-0.340059],[-0.749533,0.657153,-0.0796878],[0.168574,0.305897,0.937022]],[[0.640143,0.688896,-0.340059],[-0.753894,0.478099,-0.450628],[-0.147854,0.544835,0.825406]]],"btipPosition":[-85.0355,243.304,-0.947068],"carpPosition":[-59.7957,267.037,94.6431],"dipPosition":[-88.4958,256.055,18.3704],"direction":[-0.168574,-0.305897,-0.937022],"extended":false,"handId":807,"id":8070,"length":52.1164,"mcpPosition":[-59.7957,267.037,94.6431],"pipPosition":[-82.7482,266.485,50.3187],"stabilizedTipPosition":[-82.3338,227.733,225.108],"timeVisible":0.714017,"tipPosition":[-86.3841,246.324,3.36981],"tipVelocity":[6.47263,1.8653,-110.571],"tool":false,"touchDistance":-0.456576,"touchZone":"hovering","type":0,"width":20.25},{"bases":[[[0.784126,-0.487761,-0.383712],[0.559674,0.822944,0.0976113],[0.268163,-0.291293,0.918279]],[[0.815955,-0.526632,-0.238488],[0.499533,0.849909,-0.167694],[0.291006,0.0176978,0.956557]],[[0.815955,-0.526632,-0.238488],[0.467573,0.843771,-0.263488],[0.339991,0.103484,0.934718]],[[0.815955,-0.526632,-0.238488],[0.44118,0.833821,-0.331818],[0.373602,0.165532,0.9127]]],"btipPosition":[-89.0591,296.462,-59.6026],"carpPosition":[-42.2272,281.122,87.2374],"dipPosition":[-82.6759,299.29,-44.0086],"direction":[-0.339991,-0.103484,-0.934718],"extended":true,"handId":807,"id":8071,"length":58.8075,"mcpPosition":[-61.9558,302.552,19.68],"pipPosition":[-74.4582,301.792,-21.416],"stabilizedTipPosition":[-68.9086,261.121,174.854],"timeVisible":0.714017,"tipPosition":[-87.9405,295.853,-55.7006],"tipVelocity":[3.67465,5.14466,-126.895],"tool":false,"touchDistance":-0.502114,"touchZone":"hovering","type":1,"width":19.3428},{"bases":[[[0.70617,-0.655729,-0.267102],[0.689934,0.72204,0.0514719],[0.159107,-0.220631,0.962293]],[[0.709208,-0.660005,-0.247826],[0.301944,0.602014,-0.739195],[0.637067,0.449413,0.626237]],[[0.709208,-0.660005,-0.247826],[-0.53928,-0.281455,-0.7937],[0.454094,0.696546,-0.555538]],[[0.709208,-0.660005,-0.247826],[-0.704531,-0.67632,-0.215007],[-0.0257044,0.327086,-0.944645]]],"btipPosition":[-86.1184,244.53,18.4158],"carpPosition":[-31.8811,276.753,82.1887],"dipPosition":[-86.6014,250.677,0.664057],"direction":[-0.454094,-0.696546,0.555538],"extended":false,"handId":807,"id":8072,"length":67.0064,"mcpPosition":[-42.9817,292.146,15.0515],"pipPosition":[-73.6886,270.484,-15.1334],"stabilizedTipPosition":[-48.772,212.977,248.438],"timeVisible":0.714017,"tipPosition":[-85.9662,245.688,15.696],"tipVelocity":[-3.51739,-5.38711,-130.686],"tool":false,"touchDistance":0.333333,"touchZone":"none","type":2,"width":18.9972},{"bases":[[[0.667854,-0.733601,-0.125696],[0.743344,0.665945,0.0629067],[0.0375585,-0.135448,0.990072]],[[0.666728,-0.730046,-0.150021],[0.395399,0.517101,-0.759122],[0.63177,0.44681,0.633425]],[[0.666728,-0.730046,-0.150021],[-0.509448,-0.299489,-0.806703],[0.544001,0.614279,-0.571598]],[[0.666728,-0.730046,-0.150021],[-0.74235,-0.6326,-0.220756],[0.0662587,0.258552,-0.963722]]],"btipPosition":[-69.6455,236.241,21.7016],"carpPosition":[-22.7577,269.568,78.1803],"dipPosition":[-68.4075,241.072,3.69543],"direction":[-0.544001,-0.614279,0.571598],"extended":false,"handId":807,"id":8073,"length":64.4285,"mcpPosition":[-25.1104,278.052,16.1622],"pipPosition":[-53.3376,258.089,-12.139],"stabilizedTipPosition":[-32.4912,212.654,255.555],"timeVisible":0.714017,"tipPosition":[-69.2401,237.264,18.8779],"tipVelocity":[1.21208,-3.77215,-116.137],"tool":false,"touchDistance":0.333333,"touchZone":"none","type":3,"width":18.077},{"bases":[[[0.535649,-0.844229,-0.0189161],[0.838549,0.529136,0.129812],[-0.0995821,-0.0853959,0.991358]],[[0.540446,-0.838005,-0.0752716],[0.504295,0.394239,-0.768285],[0.673502,0.377257,0.635667]],[[0.540446,-0.838005,-0.0752716],[-0.52049,-0.262697,-0.812453],[0.661067,0.478265,-0.578147]],[[0.540446,-0.838005,-0.0752716],[-0.824599,-0.509766,-0.245304],[0.167195,0.194643,-0.96652]]],"btipPosition":[-51.3821,235.424,23.9471],"carpPosition":[-17.5303,256.521,75.9403],"dipPosition":[-48.5001,238.779,7.28739],"direction":[-0.661067,-0.478265,0.578147],"extended":false,"handId":807,"id":8074,"length":50.5107,"mcpPosition":[-11.756,261.473,18.4562],"pipPosition":[-35.5705,248.133,-4.02047],"stabilizedTipPosition":[-16.014,218.54,264.445],"timeVisible":0.714017,"tipPosition":[-50.5576,236.062,21.341],"tipVelocity":[0.9122,2.24287,-113.268],"tool":false,"touchDistance":0.333333,"touchZone":"none","type":4,"width":16.0574}],"r":[[0.846392,-0.524906,-0.089967],[0.482422,0.827246,-0.287981],[0.225588,0.200343,0.953401]],"s":0.726413,"t":[-12.6769,24.9959,-234.327],"timestamp":606800342549},false],[2,{"currentFrameRate":104.302,"devices":[],"gestures":[],"hands":[{"armBasis":[[0.663845,-0.396821,-0.633911],[0.57841,0.809736,0.098838],[0.47408,-0.432273,0.767065]],"armWidth":63.72,"confidence":0.889081,"direction":[-0.0483022,0.321725,-0.9456],"elbow":[97.3033,144.196,293.957],"grabStrength":0,"id":807,"palmNormal":[-0.590875,-0.772492,-0.232645],"palmPosition":[-41.9978,279.12,36.5155],"palmVelocity":[-11.8898,6.27459,-97.7171],"palmWidth":90.99,"pinchStrength":1,"r":[[0.847749,-0.522999,-0.0882848],[0.480629,0.827881,-0.289152],[0.224316,0.202696,0.953203]],"s":0.727154,"sphereCenter":[-65.615,245.122,7.39033],"sphereRadius":44.9863,"stabilizedPalmPosition":[-29.0614,254.062,271.837],"t":[-12.7919,25.0616,-235.135],"timeVisible":0.72322,"type":"right","wrist":[-30.6982,260.91,86.8495]}],"id":4408751,"interactionBox":{"center":[0,200,0],"size":[235.247,235.247,147.751]},"pointables":[{"bases":[[[0.843126,0.533406,-0.0679435],[-0.365016,0.660531,0.656096],[0.394845,-0.528371,0.751613]],[[0.639564,0.69002,-0.338867],[-0.61672,0.723708,0.309683],[0.458928,0.0109241,0.888406]],[[0.639564,0.69002,-0.338867],[-0.750569,0.655776,-0.081264],[0.166147,0.306316,0.937318]],[[0.639564,0.69002,-0.338867],[-0.753194,0.474269,-0.455816],[-0.153808,0.546756,0.823044]]],"btipPosition":[-84.8461,243.289,-1.51193],"carpPosition":[-59.8723,267.074,94.0558],"dipPosition":[-88.4458,256.085,17.7503],"direction":[-0.166147,-0.306316,-0.937318],"extended":false,"handId":807,"id":8070,"length":52.1164,"mcpPosition":[-59.8723,267.074,94.0558],"pipPosition":[-82.7809,266.529,49.7087],"stabilizedTipPosition":[-82.3338,227.733,225.108],"timeVisible":0.72322,"tipPosition":[-86.2406,246.28,2.79622],"tipVelocity":[9.44456,1.20204,-97.1927],"tool":false,"touchDistance":-0.447915,"touchZone":"hovering","type":0,"width":20.25},{"bases":[[[0.785774,-0.485703,-0.382952],[0.557216,0.824629,0.0974555],[0.268458,-0.289965,0.918613]],[[0.817493,-0.524199,-0.23858],[0.498229,0.851466,-0.163628],[0.288916,0.0148974,0.957238]],[[0.817493,-0.524199,-0.23858],[0.466532,0.845616,-0.259385],[0.337717,0.10074,0.935841]],[[0.817493,-0.524199,-0.23858],[0.440306,0.835862,-0.327819],[0.371262,0.162941,0.91412]]],"btipPosition":[-89.0094,296.68,-60.2929],"carpPosition":[-42.3405,281.206,86.6523],"dipPosition":[-82.6661,299.464,-44.6747],"direction":[-0.337717,-0.10074,-0.935841],"extended":true,"handId":807,"id":8071,"length":58.8075,"mcpPosition":[-62.0909,302.539,19.0703],"pipPosition":[-74.5034,301.899,-22.055],"stabilizedTipPosition":[-68.9086,261.121,174.854],"timeVisible":0.72322,"tipPosition":[-87.9067,296.05,-56.387],"tipVelocity":[3.87799,10.016,-112.209],"tool":false,"touchDistance":-0.490508,"touchZone":"hovering","type":1,"width":19.3428},{"bases":[[[0.708237,-0.653828,-0.266288],[0.687797,0.724077,0.0514543],[0.159171,-0.219594,0.962519]],[[0.711294,-0.658111,-0.246882],[0.300722,0.602394,-0.739383],[0.635317,0.451676,0.626388]],[[0.711294,-0.658111,-0.246882],[-0.538009,-0.283719,-0.793757],[0.452335,0.697419,-0.555877]],[[0.711294,-0.658111,-0.246882],[-0.702404,-0.678631,-0.214682],[-0.0262569,0.326113,-0.944966]]],"btipPosition":[-86.0756,244.454,17.8321],"carpPosition":[-31.9787,276.864,81.6124],"dipPosition":[-86.569,250.582,0.0743212],"direction":[-0.452335,-0.697419,0.555877],"extended":false,"handId":807,"id":8072,"length":67.0064,"mcpPosition":[-43.0837,292.185,14.4593],"pipPosition":[-73.7062,270.414,-15.7328],"stabilizedTipPosition":[-48.772,212.977,248.438],"timeVisible":0.72322,"tipPosition":[-85.9326,245.611,15.089],"tipVelocity":[-1.30556,-6.32535,-111.907],"tool":false,"touchDistance":0.333333,"touchZone":"none","type":2,"width":18.9972},{"bases":[[[0.670063,-0.731728,-0.124859],[0.741364,0.668144,0.0629545],[0.0373582,-0.134749,0.990175]],[[0.668925,-0.728146,-0.149475],[0.39476,0.518377,-0.758584],[0.629844,0.448429,0.634198]],[[0.668925,-0.728146,-0.149475],[-0.507807,-0.300792,-0.807252],[0.542837,0.615896,-0.570965]],[[0.668925,-0.728146,-0.149475],[-0.740375,-0.634744,-0.221233],[0.0662118,0.258656,-0.963698]]],"btipPosition":[-69.5881,236.214,21.076],"carpPosition":[-22.832,269.704,77.6137],"dipPosition":[-68.351,241.047,3.07031],"direction":[-0.542837,-0.615896,0.570965],"extended":false,"handId":807,"id":8073,"length":64.4285,"mcpPosition":[-25.1721,278.144,15.5892],"pipPosition":[-53.3133,258.109,-12.7466],"stabilizedTipPosition":[-32.4912,212.654,255.555],"timeVisible":0.72322,"tipPosition":[-69.1876,237.238,18.2297],"tipVelocity":[2.61327,-3.52124,-102.658],"tool":false,"touchDistance":0.333333,"touchZone":"none","type":3,"width":18.077},{"bases":[[[0.538116,-0.842677,-0.0180919],[0.836926,0.531653,0.129999],[-0.0999283,-0.0850959,0.991349]],[[0.542868,-0.836587,-0.0735902],[0.504532,0.394932,-0.767774],[0.671373,0.379671,0.636481]],[[0.542868,-0.836587,-0.0735902],[-0.51848,-0.264929,-0.813014],[0.660661,0.479515,-0.577575]],[[0.542868,-0.836587,-0.0735902],[-0.822864,-0.512345,-0.245758],[0.167894,0.193969,-0.966534]]],"btipPosition":[-51.3258,235.458,23.3522],"carpPosition":[-17.5652,256.671,75.3846],"dipPosition":[-48.4318,238.802,6.69227],"direction":[-0.660661,-0.479515,0.577575],"extended":false,"handId":807,"id":8074,"length":50.5107,"mcpPosition":[-11.7709,261.605,17.9011],"pipPosition":[-35.5101,248.18,-4.6044],"stabilizedTipPosition":[-16.014,218.54,264.445],"timeVisible":0.72322,"tipPosition":[-50.5034,236.093,20.7254],"tipVelocity":[2.45217,2.57718,-99.6627],"tool":false,"touchDistance":0.333333,"touchZone":"none","type":4,"width":16.0574}],"r":[[0.847749,-0.522999,-0.0882848],[0.480629,0.827881,-0.289152],[0.224316,0.202696,0.953203]],"s":0.727154,"t":[-12.7919,25.0616,-235.135],"timestamp":606800351752},false],[3,{"currentFrameRate":104.659,"devices":[],"gestures":[],"hands":[{"armBasis":[[0.667474,-0.392924,-0.632526],[0.575249,0.811474,0.102946],[0.472828,-0.432574,0.767667]],"armWidth":63.72,"confidence":0.897586,"direction":[-0.0489733,0.320438,-0.946003],"elbow":[96.8903,144.316,293.324],"grabStrength":0,"id":807,"palmNormal":[-0.587167,-0.775428,-0.232263],"palmPosition":[-42.1135,279.212,35.6902],"palmVelocity":[-12.1964,7.38831,-96.4016],"palmWidth":90.99,"pinchStrength":1,"r":[[0.849318,-0.520717,-0.0866824],[0.47849,0.828753,-0.290199],[0.222949,0.204994,0.953033]],"s":0.728166,"sphereCenter":[-65.6645,245.232,6.59062],"sphereRadius":44.9829,"stabilizedPalmPosition":[-29.0614,254.062,271.837],"t":[-12.9073,25.1405,-235.951],"timeVisible":0.732107,"type":"right","wrist":[-30.7733,261.111,86.054]}],"id":4408752,"interactionBox":{"center":[0,200,0],"size":[235.247,235.247,147.751]},"pointables":[{"bases":[[[0.840752,0.537152,-0.0678463],[-0.368558,0.659605,0.655047],[0.396612,-0.525727,0.752536]],[[0.638104,0.691931,-0.337721],[-0.618941,0.721872,0.309538],[0.45797,0.0115118,0.888893]],[[0.638104,0.691931,-0.337721],[-0.752513,0.653278,-0.0833765],[0.162935,0.307342,0.937546]],[[0.638104,0.691931,-0.337721],[-0.753069,0.469524,-0.460906],[-0.160347,0.548433,0.820677]]],"btipPosition":[-84.6446,243.261,-2.31527],"carpPosition":[-59.9812,267.15,93.2291],"dipPosition":[-88.3973,256.097,16.8915],"direction":[-0.162935,-0.307342,-0.937546],"extended":false,"handId":807,"id":8070,"length":52.1164,"mcpPosition":[-59.9812,267.15,93.2291],"pipPosition":[-82.8419,266.576,48.8577],"stabilizedTipPosition":[-82.3338,227.733,225.108],"timeVisible":0.732107,"tipPosition":[-86.0804,246.209,1.98558],"tipVelocity":[11.9643,0.305594,-95.7355],"tool":false,"touchDistance":-0.443698,"touchZone":"hovering","type":0,"width":20.25},{"bases":[[[0.78829,-0.482561,-0.381752],[0.553385,0.827259,0.0969868],[0.269006,-0.287709,0.919162]],[[0.819899,-0.520513,-0.238392],[0.495584,0.853758,-0.159667],[0.286638,0.0127675,0.957954]],[[0.819899,-0.520513,-0.238392],[0.464231,0.848142,-0.255235],[0.335044,0.0985974,0.93703]],[[0.819899,-0.520513,-0.238392],[0.438246,0.838556,-0.323674],[0.368382,0.160905,0.915644]]],"btipPosition":[-89.0049,296.839,-61.2469],"carpPosition":[-42.5075,281.353,85.8242],"dipPosition":[-82.7109,299.588,-45.6026],"direction":[-0.335044,-0.0985974,-0.93703],"extended":true,"handId":807,"id":8071,"length":58.8075,"mcpPosition":[-62.2981,302.52,18.2018],"pipPosition":[-74.6128,301.971,-22.9542],"stabilizedTipPosition":[-68.9086,261.121,174.854],"timeVisible":0.732107,"tipPosition":[-87.9168,296.183,-57.3357],"tipVelocity":[2.61473,11.9159,-110.704],"tool":false,"touchDistance":-0.48401,"touchZone":"hovering","type":1,"width":19.3428},{"bases":[[[0.71142,-0.650905,-0.264963],[0.68446,0.72725,0.0512073],[0.159363,-0.217786,0.962898]],[[0.714494,-0.655172,-0.245454],[0.298704,0.602904,-0.739786],[0.632672,0.455255,0.626474]],[[0.714494,-0.655172,-0.245454],[-0.535972,-0.287062,-0.793933],[0.449702,0.698817,-0.556258]],[[0.714494,-0.655172,-0.245454],[-0.699125,-0.682058,-0.214524],[-0.026864,0.324879,-0.945374]]],"btipPosition":[-86.0184,244.327,17.0055],"carpPosition":[-32.1219,277.053,80.7978],"dipPosition":[-86.5233,250.432,-0.759976],"direction":[-0.449702,-0.698817,0.556258],"extended":false,"handId":807,"id":8072,"length":67.0064,"mcpPosition":[-43.2403,292.247,13.6183],"pipPosition":[-73.7354,270.304,-16.578],"stabilizedTipPosition":[-48.772,212.977,248.438],"timeVisible":0.732107,"tipPosition":[-85.8803,245.483,14.2505],"tipVelocity":[0.716184,-8.64375,-106.829],"tool":false,"touchDistance":0.333333,"touchZone":"none","type":2,"width":18.9972},{"bases":[[[0.673482,-0.728818,-0.123478],[0.73827,0.671574,0.0628151],[0.0371435,-0.133465,0.990357]],[[0.672346,-0.725262,-0.148145],[0.393033,0.519355,-0.758812],[0.627277,0.451958,0.634238]],[[0.672346,-0.725262,-0.148145],[-0.505797,-0.303987,-0.807318],[0.540482,0.617728,-0.571219]],[[0.672346,-0.725262,-0.148145],[-0.73731,-0.638359,-0.22107],[0.0657639,0.257864,-0.96394]]],"btipPosition":[-69.4937,236.166,20.2755],"carpPosition":[-22.9394,269.929,76.8148],"dipPosition":[-68.265,240.984,2.26526],"direction":[-0.540482,-0.617728,0.571219],"extended":false,"handId":807,"id":8073,"length":64.4285,"mcpPosition":[-25.2661,278.289,14.7788],"pipPosition":[-53.2926,258.096,-13.5587],"stabilizedTipPosition":[-32.4912,212.654,255.555],"timeVisible":0.732107,"tipPosition":[-69.0974,237.188,17.4193],"tipVelocity":[4.72773,-4.15214,-99.2722],"tool":false,"touchDistance":0.333333,"touchZone":"none","type":3,"width":18.077},{"bases":[[[0.541951,-0.840244,-0.0166947],[0.834395,0.535593,0.130092],[-0.100368,-0.0844337,0.991361]],[[0.546656,-0.834319,-0.0712702],[0.504404,0.396036,-0.767289],[0.668389,0.383494,0.637329]],[[0.546656,-0.834319,-0.0712702],[-0.515749,-0.268424,-0.813604],[0.659674,0.481519,-0.577035]],[[0.546656,-0.834319,-0.0712702],[-0.820212,-0.516385,-0.246167],[0.168579,0.193026,-0.966603]]],"btipPosition":[-51.2337,235.509,22.5323],"carpPosition":[-17.6117,256.918,74.6048],"dipPosition":[-48.328,238.836,5.87117],"direction":[-0.659674,-0.481519,0.577035],"extended":false,"handId":807,"id":8074,"length":50.5107,"mcpPosition":[-11.7919,261.814,17.1205],"pipPosition":[-35.4255,248.254,-5.41493],"stabilizedTipPosition":[-16.014,218.54,264.445],"timeVisible":0.732107,"tipPosition":[-50.4136,236.141,19.886],"tipVelocity":[4.68221,3.30909,-97.6597],"tool":false,"touchDistance":0.333333,"touchZone":"none","type":4,"width":16.0574}],"r":[[0.849318,-0.520717,-0.0866824],[0.47849,0.828753,-0.290199],[0.222949,0.204994,0.953033]],"s":0.728166,"t":[-12.9073,25.1405,-235.951],"timestamp":606800360639},false],[4,{"currentFrameRate":104.918,"devices":[],"gestures":[],"hands":[{"armBasis":[[0.669,-0.391379,-0.631871],[0.573958,0.812173,0.104627],[0.47224,-0.432663,0.767979]],"armWidth":63.72,"confidence":0.893669,"direction":[-0.0495714,0.318592,-0.946595],"elbow":[96.7243,144.339,292.793],"grabStrength":0,"id":807,"palmNormal":[-0.585531,-0.777078,-0.230875],"palmPosition":[-42.1545,279.142,35.0409],"palmVelocity":[-10.083,3.23476,-89.5992],"palmWidth":90.99,"pinchStrength":1,"r":[[0.850785,-0.518562,-0.0851987],[0.476437,0.829537,-0.291337],[0.221752,0.207273,0.952819]],"s":0.729359,"sphereCenter":[-65.7459,245.217,6.00284],"sphereRadius":44.9874,"stabilizedPalmPosition":[-29.0614,254.062,271.837],"t":[-12.9855,25.1453,-236.684],"timeVisible":0.741157,"type":"right","wrist":[-30.7804,261.158,85.4388]}],"id":4408753,"interactionBox":{"center":[0,200,0],"size":[235.247,235.247,147.751]},"pointables":[{"bases":[[[0.839635,0.538779,-0.0687767],[-0.369982,0.66004,0.653805],[0.397652,-0.523511,0.753531]],[[0.638308,0.691936,-0.337323],[-0.618953,0.721871,0.309515],[0.457668,0.0112208,0.889052]],[[0.638308,0.691936,-0.337323],[-0.752667,0.65289,-0.0850095],[0.161413,0.308154,0.937543]],[[0.638308,0.691936,-0.337323],[-0.751874,0.466444,-0.465957],[-0.16507,0.551048,0.817984]]],"btipPosition":[-84.4872,243.186,-2.88848],"carpPosition":[-60.0013,267.15,92.6007],"dipPosition":[-88.3505,256.083,16.2553],"direction":[-0.161413,-0.308154,-0.937543],"extended":false,"handId":807,"id":8070,"length":52.1164,"mcpPosition":[-60.0013,267.15,92.6007],"pipPosition":[-82.847,266.59,48.2214],"stabilizedTipPosition":[-82.3338,227.733,225.108],"timeVisible":0.741157,"tipPosition":[-85.9493,246.087,1.406],"tipVelocity":[12.6845,-1.63534,-87.2397],"tool":false,"touchDistance":-0.436477,"touchZone":"hovering","type":0,"width":20.25},{"bases":[[[0.789323,-0.481618,-0.380806],[0.551651,0.82859,0.0955013],[0.269537,-0.285453,0.91971]],[[0.820804,-0.51896,-0.238666],[0.495042,0.854741,-0.156048],[0.28498,0.00993512,0.958482]],[[0.820804,-0.51896,-0.238666],[0.463804,0.849389,-0.251843],[0.333416,0.0960199,0.937877]],[[0.820804,-0.51896,-0.238666],[0.437842,0.839947,-0.320599],[0.366844,0.158651,0.916654]]],"btipPosition":[-88.9564,296.918,-62.001],"carpPosition":[-42.5567,281.375,85.1709],"dipPosition":[-82.6886,299.628,-46.3394],"direction":[-0.333416,-0.0960199,-0.937877],"extended":true,"handId":807,"id":8071,"length":58.8075,"mcpPosition":[-62.3864,302.376,17.5082],"pipPosition":[-74.6298,301.949,-23.6705],"stabilizedTipPosition":[-68.9086,261.121,174.854],"timeVisible":0.741157,"tipPosition":[-87.8783,296.233,-58.0867],"tipVelocity":[3.18858,10.757,-103.029],"tool":false,"touchDistance":-0.475194,"touchZone":"hovering","type":1,"width":19.3428},{"bases":[[[0.712796,-0.649906,-0.263712],[0.682937,0.728769,0.0499155],[0.159745,-0.215679,0.963309]],[[0.715918,-0.654188,-0.243925],[0.297938,0.602217,-0.740653],[0.631422,0.457573,0.626046]],[[0.715918,-0.654188,-0.243925],[-0.534939,-0.289449,-0.793763],[0.448666,0.698754,-0.557172]],[[0.715918,-0.654188,-0.243925],[-0.697661,-0.683826,-0.213664],[-0.0270258,0.323143,-0.945964]]],"btipPosition":[-85.9923,244.137,16.3898],"carpPosition":[-32.1618,277.087,80.1531],"dipPosition":[-86.5001,250.21,-1.38671],"direction":[-0.448666,-0.698754,0.557172],"extended":false,"handId":807,"id":8072,"length":67.0064,"mcpPosition":[-43.3069,292.135,12.945],"pipPosition":[-73.7417,270.08,-17.2307],"stabilizedTipPosition":[-48.772,212.977,248.438],"timeVisible":0.741157,"tipPosition":[-85.8584,245.292,13.6115],"tipVelocity":[1.29459,-12.2737,-96.2025],"tool":false,"touchDistance":0.333333,"touchZone":"none","type":2,"width":18.9972},{"bases":[[[0.67501,-0.727637,-0.122087],[0.736863,0.673228,0.0616296],[0.0373482,-0.131562,0.990604]],[[0.673849,-0.724075,-0.147118],[0.392604,0.519563,-0.758892],[0.625932,0.453619,0.634381]],[[0.673849,-0.724075,-0.147118],[-0.504772,-0.30573,-0.8073],[0.539567,0.618259,-0.571509]],[[0.673849,-0.724075,-0.147118],[-0.735977,-0.640168,-0.22028],[0.0653187,0.256711,-0.964279]]],"btipPosition":[-69.4376,236.026,19.6371],"carpPosition":[-22.9642,269.976,76.1839],"dipPosition":[-68.2171,240.822,1.62054],"direction":[-0.539567,-0.618259,0.571509],"extended":false,"handId":807,"id":8073,"length":64.4285,"mcpPosition":[-25.3037,278.217,14.1325],"pipPosition":[-53.2701,257.949,-14.2114],"stabilizedTipPosition":[-32.4912,212.654,255.555],"timeVisible":0.741157,"tipPosition":[-69.0495,237.043,16.7577],"tipVelocity":[5.07722,-7.43106,-91.3904],"tool":false,"touchDistance":0.333333,"touchZone":"none","type":3,"width":18.077},{"bases":[[[0.543704,-0.839141,-0.015108],[0.833266,0.537572,0.129164],[-0.100265,-0.0828161,0.991508]],[[0.548388,-0.833329,-0.0695178],[0.503728,0.395554,-0.767981],[0.667479,0.386134,0.636688]],[[0.548388,-0.833329,-0.0695178],[-0.515067,-0.271116,-0.813143],[0.658768,0.481725,-0.577897]],[[0.548388,-0.833329,-0.0695178],[-0.81911,-0.518574,-0.245234],[0.168311,0.191426,-0.966968]]],"btipPosition":[-51.1827,235.399,21.9631],"carpPosition":[-17.6092,256.972,73.9983],"dipPosition":[-48.2815,238.698,5.29567],"direction":[-0.658768,-0.481725,0.577897],"extended":false,"handId":807,"id":8074,"length":50.5107,"mcpPosition":[-11.7953,261.774,16.5055],"pipPosition":[-35.3968,248.12,-6.00731],"stabilizedTipPosition":[-16.014,218.54,264.445],"timeVisible":0.741157,"tipPosition":[-50.3644,236.027,19.3082],"tipVelocity":[4.91501,-1.15248,-88.1137],"tool":false,"touchDistance":0.333333,"touchZone":"none","type":4,"width":16.0574}],"r":[[0.850785,-0.518562,-0.0851987],[0.476437,0.829537,-0.291337],[0.221752,0.207273,0.952819]],"s":0.729359,"t":[-12.9855,25.1453,-236.684],"timestamp":606800369689},false],[5,{"currentFrameRate":105.076,"devices":[],"gestures":[],"hands":[{"armBasis":[[0.669976,-0.390267,-0.631525],[0.572846,0.812858,0.105399],[0.472207,-0.432381,0.768158]],"armWidth":63.72,"confidence":0.89824,"direction":[-0.0503275,0.317369,-0.946966],"elbow":[96.7588,144.438,292.407],"grabStrength":0,"id":807,"palmNormal":[-0.584263,-0.778348,-0.229807],"palmPosition":[-42.1531,279.086,34.5877],"palmVelocity":[-7.21301,0.600465,-78.2546],"palmWidth":90.99,"pinchStrength":1,"r":[[0.852125,-0.516565,-0.0839284],[0.474497,0.830249,-0.29247],[0.220761,0.209398,0.952584]],"s":0.730585,"sphereCenter":[-65.8075,245.227,5.59589],"sphereRadius":44.9956,"stabilizedPalmPosition":[-29.0614,254.062,271.837],"t":[-13.0239,25.1193,-237.277],"timeVisible":0.75038,"type":"right","wrist":[-30.737,261.181,85.0046]}],"id":4408754,"interactionBox":{"center":[0,200,0],"size":[235.247,235.247,147.751]},"pointables":[{"bases":[[[0.838703,0.540121,-0.0696165],[-0.370954,0.660196,0.653096],[0.398712,-0.521929,0.754068]],[[0.638816,0.691853,-0.336532],[-0.618611,0.721967,0.309975],[0.457422,0.0101656,0.889192]],[[0.638816,0.691853,-0.336532],[-0.752454,0.653031,-0.0858098],[0.160398,0.308041,0.937754]],[[0.638816,0.691853,-0.336532],[-0.750906,0.465451,-0.468504],[-0.167497,0.551991,0.816854]]],"btipPosition":[-84.3486,243.203,-3.31088],"carpPosition":[-59.9664,267.132,92.1661],"dipPosition":[-88.2687,256.121,15.8064],"direction":[-0.160398,-0.308041,-0.937754],"extended":false,"handId":807,"id":8070,"length":52.1164,"mcpPosition":[-59.9664,267.132,92.1661],"pipPosition":[-82.7998,266.624,47.7797],"stabilizedTipPosition":[-82.3338,227.733,225.108],"timeVisible":0.75038,"tipPosition":[-85.8125,246.04,0.995635],"tipVelocity":[12.9447,-0.520831,-75.8073],"tool":false,"touchDistance":-0.42759,"touchZone":"hovering","type":0,"width":20.25},{"bases":[[[0.790053,-0.480734,-0.380408],[0.550265,0.829639,0.0943792],[0.27023,-0.28389,0.91999]],[[0.821422,-0.51756,-0.239576],[0.494636,0.85562,-0.15248],[0.283904,0.00674711,0.958829]],[[0.821422,-0.51756,-0.239576],[0.463456,0.85057,-0.248473],[0.332376,0.0930682,0.938544]],[[0.821422,-0.51756,-0.239576],[0.437485,0.841306,-0.317507],[0.365886,0.155996,0.917493]]],"btipPosition":[-88.9107,297.059,-62.5227],"carpPosition":[-42.5477,281.378,84.7151],"dipPosition":[-82.6593,299.724,-46.8468],"direction":[-0.332376,-0.0930682,-0.938544],"extended":true,"handId":807,"id":8071,"length":58.8075,"mcpPosition":[-62.4284,302.264,17.0318],"pipPosition":[-74.6256,301.974,-24.1618],"stabilizedTipPosition":[-68.9086,261.121,174.854],"timeVisible":0.75038,"tipPosition":[-87.8339,296.352,-58.6098],"tipVelocity":[3.57073,11.721,-89.9048],"tool":false,"touchDistance":-0.463784,"touchZone":"hovering","type":1,"width":19.3428},{"bases":[[[0.713839,-0.649011,-0.263095],[0.68171,0.729988,0.0488833],[0.16033,-0.214249,0.963531]],[[0.716991,-0.653288,-0.243186],[0.296794,0.601753,-0.74149],[0.630744,0.459465,0.625343]],[[0.716991,-0.653288,-0.243186],[-0.534611,-0.291456,-0.793249],[0.447342,0.698762,-0.558226]],[[0.716991,-0.653288,-0.243186],[-0.696528,-0.685328,-0.212542],[-0.0278107,0.321776,-0.946407]]],"btipPosition":[-85.9329,243.986,15.9936],"carpPosition":[-32.1466,277.102,79.7001],"dipPosition":[-86.4555,250.033,-1.79132],"direction":[-0.447342,-0.698762,0.558226],"extended":false,"handId":807,"id":8072,"length":67.0064,"mcpPosition":[-43.3326,292.05,12.4765],"pipPosition":[-73.7347,269.903,-17.6653],"stabilizedTipPosition":[-48.772,212.977,248.438],"timeVisible":0.75038,"tipPosition":[-85.8053,245.139,13.1986],"tipVelocity":[2.63448,-13.6062,-81.3371],"tool":false,"touchDistance":0.333333,"touchZone":"none","type":2,"width":18.9972},{"bases":[[[0.676217,-0.726636,-0.121367],[0.735732,0.674551,0.0606517],[0.0377966,-0.130307,0.990753]],[[0.675016,-0.723029,-0.14691],[0.392869,0.520779,-0.75792],[0.624506,0.453892,0.63559]],[[0.675016,-0.723029,-0.14691],[-0.503472,-0.30585,-0.808067],[0.539324,0.619423,-0.570478]],[[0.675016,-0.723029,-0.14691],[-0.734912,-0.641297,-0.220551],[0.0652517,0.256841,-0.964248]]],"btipPosition":[-69.3676,235.925,19.0981],"carpPosition":[-22.9379,270.001,75.7374],"dipPosition":[-68.1485,240.724,1.08212],"direction":[-0.539324,-0.619423,0.570478],"extended":false,"handId":807,"id":8073,"length":64.4285,"mcpPosition":[-25.3055,278.163,13.6766],"pipPosition":[-53.2081,257.884,-14.7213],"stabilizedTipPosition":[-32.4912,212.654,255.555],"timeVisible":0.75038,"tipPosition":[-68.9853,236.94,16.204],"tipVelocity":[5.7703,-8.37615,-82.1492],"tool":false,"touchDistance":0.333333,"touchZone":"none","type":3,"width":18.077},{"bases":[[[0.545125,-0.838234,-0.0142245],[0.832382,0.539141,0.128327],[-0.0998993,-0.0817945,0.99163]],[[0.549754,-0.832539,-0.0681797],[0.503262,0.395252,-0.768442],[0.666706,0.388142,0.636277]],[[0.549754,-0.832539,-0.0681797],[-0.514508,-0.273184,-0.812805],[0.658067,0.481922,-0.578532]],[[0.549754,-0.832539,-0.0681797],[-0.818253,-0.520304,-0.24443],[0.168024,0.190165,-0.967267]]],"btipPosition":[-51.11,235.318,21.556],"carpPosition":[-17.5613,257.003,73.5661],"dipPosition":[-48.2138,238.596,4.8834],"direction":[-0.658067,-0.481922,0.578532],"extended":false,"handId":807,"id":8074,"length":50.5107,"mcpPosition":[-11.7686,261.746,16.0663],"pipPosition":[-35.3428,248.022,-6.43199],"stabilizedTipPosition":[-16.014,218.54,264.445],"timeVisible":0.75038,"tipPosition":[-50.2949,235.943,18.8864],"tipVelocity":[5.71177,-3.4326,-75.8229],"tool":false,"touchDistance":0.333333,"touchZone":"none","type":4,"width":16.0574}],"r":[[0.852125,-0.516565,-0.0839284],[0.474497,0.830249,-0.29247],[0.220761,0.209398,0.952584]],"s":0.730585,"t":[-13.0239,25.1193,-237.277],"timestamp":606800378912},false],[6,{"currentFrameRate":105.428,"devices":[],"gestures":[],"hands":[{"armBasis":[[0.672737,-0.389779,-0.628886],[0.570472,0.814524,0.105413],[0.471155,-0.429677,0.770318]],"armWidth":63.72,"confidence":0.901129,"direction":[-0.0513548,0.317544,-0.946852],"elbow":[96.4923,145.201,292.223],"grabStrength":0,"id":807,"palmNormal":[-0.582028,-0.779962,-0.230006],"palmPosition":[-42.1933,279.103,33.8274],"palmVelocity":[-6.49386,0.956203,-80.3713],"palmWidth":90.99,"pinchStrength":1,"r":[[0.85349,-0.514462,-0.0829685],[0.472456,0.831108,-0.293333],[0.219865,0.211158,0.952403]],"s":0.731843,"sphereCenter":[-65.8568,245.301,4.82214],"sphereRadius":45.0154,"stabilizedPalmPosition":[-29.0614,254.062,271.837],"t":[-13.0632,25.1147,-237.954],"timeVisible":0.759212,"type":"right","wrist":[-30.7196,261.214,84.2369]}],"id":4408755,"interactionBox":{"center":[0,200,0],"size":[235.247,235.247,147.751]},"pointables":[{"bases":[[[0.837125,0.542576,-0.0695265],[-0.372794,0.658895,0.653362],[0.400309,-0.521026,0.753846]],[[0.638727,0.69297,-0.334396],[-0.618984,0.720923,0.311656],[0.457042,0.00792299,0.88941]],[[0.638727,0.69297,-0.334396],[-0.752749,0.652792,-0.0850357],[0.159364,0.306031,0.938588]],[[0.638727,0.69297,-0.334396],[-0.750266,0.464521,-0.470447],[-0.170672,0.551373,0.816614]]],"btipPosition":[-84.2191,243.344,-4.107],"carpPosition":[-59.9654,267.078,91.4037],"dipPosition":[-88.2134,256.248,15.0047],"direction":[-0.159364,-0.306031,-0.938588],"extended":false,"handId":807,"id":8070,"length":52.1164,"mcpPosition":[-59.9654,267.078,91.4037],"pipPosition":[-82.7798,266.682,47.0064],"stabilizedTipPosition":[-82.3338,227.733,225.108],"timeVisible":0.759212,"tipPosition":[-85.6806,246.099,0.217603],"tipVelocity":[12.8885,3.82295,-79.7201],"tool":false,"touchDistance":-0.425126,"touchZone":"hovering","type":0,"width":20.25},{"bases":[[[0.791402,-0.478311,-0.38066],[0.547866,0.8312,0.0945998],[0.271156,-0.283417,0.919864]],[[0.822704,-0.514832,-0.241052],[0.493228,0.857287,-0.147597],[0.282638,0.00253502,0.959223]],[[0.822704,-0.514832,-0.241052],[0.462177,0.852652,-0.243672],[0.330984,0.0890609,0.939424]],[[0.822704,-0.514832,-0.241052],[0.436265,0.843661,-0.312906],[0.36446,0.152266,0.918686]]],"btipPosition":[-88.9076,297.365,-63.3315],"carpPosition":[-42.5889,281.377,83.9556],"dipPosition":[-82.6806,299.966,-47.6352],"direction":[-0.330984,-0.0890609,-0.939424],"extended":true,"handId":807,"id":8071,"length":58.8075,"mcpPosition":[-62.5377,302.228,16.2816],"pipPosition":[-74.6806,302.119,-24.9289],"stabilizedTipPosition":[-68.9086,261.121,174.854],"timeVisible":0.759212,"tipPosition":[-87.8368,296.629,-59.4187],"tipVelocity":[2.52808,17.4531,-90.2124],"tool":false,"touchDistance":-0.457801,"touchZone":"hovering","type":1,"width":19.3428},{"bases":[[[0.715689,-0.646848,-0.263395],[0.679595,0.731945,0.0490553],[0.16106,-0.214111,0.96344]],[[0.718909,-0.651196,-0.243131],[0.295451,0.602876,-0.741114],[0.629188,0.46096,0.62581]],[[0.718909,-0.651196,-0.243131],[-0.533477,-0.292662,-0.793568],[0.445614,0.700209,-0.557796]],[[0.718909,-0.651196,-0.243131],[-0.694521,-0.687254,-0.21289],[-0.0284595,0.321909,-0.946343]]],"btipPosition":[-85.8768,243.891,15.2018],"carpPosition":[-32.176,277.132,78.938],"dipPosition":[-86.4116,249.941,-2.58183],"direction":[-0.445614,-0.700209,0.557796],"extended":false,"handId":807,"id":8072,"length":67.0064,"mcpPosition":[-43.4129,292.07,11.7207],"pipPosition":[-73.74,269.852,-18.4435],"stabilizedTipPosition":[-48.772,212.977,248.438],"timeVisible":0.759212,"tipPosition":[-85.7558,245.047,12.3876],"tipVelocity":[3.55088,-12.8093,-83.5729],"tool":false,"touchDistance":0.333333,"touchZone":"none","type":2,"width":18.9972},{"bases":[[[0.678309,-0.72463,-0.12169],[0.733779,0.676662,0.0607989],[0.0382863,-0.130534,0.990704]],[[0.677081,-0.720984,-0.147454],[0.391793,0.522776,-0.757102],[0.622944,0.454848,0.636438]],[[0.677081,-0.720984,-0.147454],[-0.502365,-0.306413,-0.808542],[0.537765,0.621524,-0.569664]],[[0.677081,-0.720984,-0.147454],[-0.733079,-0.643245,-0.220978],[0.0644728,0.257715,-0.964067]]],"btipPosition":[-69.2801,235.881,18.2717],"carpPosition":[-22.9472,270.06,74.9718],"dipPosition":[-68.0755,240.696,0.259111],"direction":[-0.537764,-0.621524,0.569664],"extended":false,"handId":807,"id":8073,"length":64.4285,"mcpPosition":[-25.3454,278.236,12.9141],"pipPosition":[-53.1783,257.914,-15.5217],"stabilizedTipPosition":[-32.4912,212.654,255.555],"timeVisible":0.759212,"tipPosition":[-68.9059,236.898,15.3553],"tipVelocity":[6.78835,-7.35495,-85.211],"tool":false,"touchDistance":0.333333,"touchZone":"none","type":3,"width":18.077},{"bases":[[[0.547553,-0.836644,-0.0145706],[0.830829,0.54151,0.128418],[-0.0995497,-0.082421,0.991613]],[[0.552051,-0.831116,-0.0669851],[0.504457,0.396877,-0.766819],[0.6639,0.389532,0.638358]],[[0.552051,-0.831116,-0.0669851],[-0.511728,-0.274283,-0.814189],[0.658312,0.483751,-0.576723]],[[0.552051,-0.831116,-0.0669851],[-0.816476,-0.52253,-0.24562],[0.169137,0.190287,-0.967049]]],"btipPosition":[-51.0269,235.343,20.6737],"carpPosition":[-17.5331,257.078,72.7955],"dipPosition":[-48.1115,238.622,4.00483],"direction":[-0.658312,-0.483751,0.576723],"extended":false,"handId":807,"id":8074,"length":50.5107,"mcpPosition":[-11.7607,261.858,15.2966],"pipPosition":[-35.2357,248.084,-7.27519],"stabilizedTipPosition":[-16.014,218.54,264.445],"timeVisible":0.759212,"tipPosition":[-50.2141,235.963,17.9921],"tipVelocity":[6.84582,-1.74317,-82.3032],"tool":false,"touchDistance":0.333333,"touchZone":"none","type":4,"width":16.0574}],"r