{"sensorType":"Leap","data":[[0,{"currentFrameRate":108.615,"devices":[],"gestures":[],"hands":[{"armBasis":[[0.761939,-0.195102,-0.617563],[0.477632,0.813266,0.332366],[0.437397,-0.54821,0.712846]],"armWidth":63.72,"confidence":0.841958,"direction":[-0.0331106,0.36778,-0.929323],"elbow":[111.968,146.712,281.888],"grabStrength":0,"id":802,"palmNormal":[-0.476941,-0.822945,-0.308688],"palmPosition":[-16.6726,314.334,39.4477],"palmVelocity":[16.2693,-22.6233,-61.7247],"palmWidth":90.99,"pinchStrength":1,"r":[[0.885785,-0.452965,-0.101037],[0.415814,0.871285,-0.260694],[0.206117,0.188906,0.96012]],"s":0.829551,"sphereCenter":[-47.421,297.478,9.93476],"sphereRadius":45.1036,"stabilizedPalmPosition":[-23.5336,282.439,112.673],"t":[5.36772,106.355,-221.952],"timeVisible":1.73557,"type":"right","wrist":[-6.12908,294.729,89.4199]}],"id":4406577,"interactionBox":{"center":[0,200,0],"size":[235.247,235.247,147.751]},"pointables":[{"bases":[[[0.773558,0.633588,0.0132093],[-0.480643,0.572986,0.663829],[0.413025,-0.519859,0.747768]],[[0.594672,0.769322,-0.233472],[-0.731883,0.638209,0.238823],[0.332735,0.0288527,0.942579]],[[0.594672,0.769322,-0.233472],[-0.80393,0.566168,-0.182074],[-0.00788924,0.295969,0.955165]],[[0.594672,0.769322,-0.233472],[-0.774106,0.469496,-0.424656],[-0.217083,0.433263,0.874733]]],"btipPosition":[-47.4655,275.255,-5.04656],"carpPosition":[-36.2057,296.927,95.0435],"dipPosition":[-52.5461,285.395,15.4253],"direction":[0.00788924,-0.295969,-0.955165],"extended":false,"handId":802,"id":8020,"length":52.1164,"mcpPosition":[-36.2057,296.927,95.0435],"pipPosition":[-52.8151,295.486,47.9923],"stabilizedTipPosition":[-61.6754,244.286,85.9971],"timeVisible":1.73557,"tipPosition":[-48.7414,278.149,-0.338226],"tipVelocity":[0.797022,-20.7389,-57.005],"tool":false,"touchDistance":-0.338577,"touchZone":"touching","type":0,"width":20.25},{"bases":[[[0.860284,-0.365113,-0.355816],[0.444946,0.878408,0.174422],[0.248868,-0.308371,0.918135]],[[0.884027,-0.399654,-0.24243],[0.446753,0.874963,0.186687],[0.137507,-0.273343,0.952038]],[[0.884027,-0.399654,-0.24243],[0.426712,0.901712,0.0695123],[0.190821,-0.164899,0.967675]],[[0.884027,-0.399654,-0.24243],[0.405959,0.913531,-0.0256481],[0.231718,-0.0757432,0.96983]]],"btipPosition":[-52.9383,353.171,-58.9072],"carpPosition":[-20.1503,313.461,89.5007],"dipPosition":[-48.9793,351.877,-42.337],"direction":[-0.190821,0.164899,-0.967675],"extended":true,"handId":802,"id":8021,"length":58.8075,"mcpPosition":[-38.4594,336.148,21.9539],"pipPosition":[-44.3671,347.891,-18.9479],"stabilizedTipPosition":[-61.9442,325.352,-10.31],"timeVisible":1.73557,"tipPosition":[-52.3055,352.584,-55.0911],"tipVelocity":[17.9282,-19.672,-60.3973],"tool":false,"touchDistance":-0.309953,"touchZone":"touching","type":1,"width":19.3428},{"bases":[[[0.797455,-0.54778,-0.252987],[0.589338,0.797052,0.131871],[0.129408,-0.254256,0.95844]],[[0.80154,-0.556446,-0.218864],[0.287197,0.679315,-0.675314],[0.524453,0.478434,0.704308]],[[0.80154,-0.556446,-0.218864],[-0.511059,-0.447519,-0.733856],[0.310406,0.700067,-0.643082]],[[0.80154,-0.556446,-0.218864],[-0.567978,-0.822953,0.0122082],[-0.186908,0.114524,-0.975679]]],"btipPosition":[-48.6823,283.309,20.7282],"carpPosition":[-9.06054,310.691,84.9227],"dipPosition":[-52.1947,285.461,2.39321],"direction":[-0.310406,-0.700067,0.643082],"extended":false,"handId":802,"id":8022,"length":67.0064,"mcpPosition":[-18.0891,328.43,18.0542],"pipPosition":[-43.3679,305.369,-15.8937],"stabilizedTipPosition":[-49.034,231.588,111.985],"timeVisible":1.73557,"tipPosition":[-49.6087,283.693,16.3259],"tipVelocity":[3.88321,-13.3967,-60.2158],"tool":false,"touchDistance":0.333333,"touchZone":"none","type":2,"width":18.9972},{"bases":[[[0.761096,-0.637741,-0.118404],[0.648631,0.747367,0.143945],[-0.00330849,-0.186356,0.982477]],[[0.760663,-0.642986,-0.0892226],[0.433687,0.605638,-0.667172],[0.483019,0.468798,0.739541]],[[0.760663,-0.642986,-0.0892226],[-0.452173,-0.426206,-0.78351],[0.465759,0.636331,-0.61494]],[[0.760663,-0.642986,-0.0892226],[-0.648044,-0.760173,-0.0466481],[-0.0378305,0.0933036,-0.994919]]],"btipPosition":[-32.4568,276.277,22.2018],"carpPosition":[1.11264,304.92,81.1624],"dipPosition":[-33.1637,278.02,3.6127],"direction":[-0.465759,-0.636331,0.61494],"extended":false,"handId":802,"id":8023,"length":64.4285,"mcpPosition":[1.31988,316.594,19.62],"pipPosition":[-20.2612,295.648,-13.4224],"stabilizedTipPosition":[-32.3708,226.097,117.833],"timeVisible":1.73557,"tipPosition":[-32.7199,276.578,18.0356],"tipVelocity":[3.25716,-18.1322,-62.2065],"tool":false,"touchDistance":0.333333,"touchZone":"none","type":3,"width":18.077},{"bases":[[[0.637893,-0.769685,-0.0260422],[0.756256,0.619657,0.210007],[-0.145502,-0.153656,0.977353]],[[0.641084,-0.76593,-0.0486138],[0.551703,0.503956,-0.664568],[0.533512,0.399224,0.745644]],[[0.641084,-0.76593,-0.0486138],[-0.491933,-0.361476,-0.792046],[0.589079,0.531683,-0.608522]],[[0.641084,-0.76593,-0.0486138],[-0.766772,-0.636511,-0.0831483],[0.0327425,0.0905807,-0.995351]]],"btipPosition":[-14.4508,275.596,24.6422],"carpPosition":[8.06284,292.763,78.621],"dipPosition":[-13.8865,277.158,7.48557],"direction":[-0.589079,-0.531683,0.608522],"extended":false,"handId":802,"id":8024,"length":50.5107,"mcpPosition":[16.4998,301.673,21.949],"pipPosition":[-2.36477,287.557,-4.4164],"stabilizedTipPosition":[-15.3511,223.466,138.59],"timeVisible":1.73557,"tipPosition":[-14.533,275.976,20.8112],"tipVelocity":[2.57002,-24.5115,-60.6295],"tool":false,"touchDistance":0.333333,"touchZone":"none","type":4,"width":16.0574}],"r":[[0.885785,-0.452965,-0.101037],[0.415814,0.871285,-0.260694],[0.206117,0.188906,0.96012]],"s":0.829551,"t":[5.36772,106.355,-221.952],"timestamp":606779879694},false],[1,{"currentFrameRate":108.822,"devices":[],"gestures":[],"hands":[{"armBasis":[[0.761115,-0.198853,-0.617383],[0.479806,0.813105,0.329616],[0.436452,-0.5471,0.714277]],"armWidth":63.72,"confidence":0.855979,"direction":[-0.0337487,0.36549,-0.930203],"elbow":[111.824,146.781,281.69],"grabStrength":0,"id":802,"palmNormal":[-0.479098,-0.822739,-0.305884],"palmPosition":[-16.5959,313.999,38.8297],"palmVelocity":[14.2257,-26.7991,-63.9835],"palmWidth":90.99,"pinchStrength":1,"r":[[0.884722,-0.454934,-0.101499],[0.417468,0.870224,-0.261591],[0.207333,0.189063,0.959827]],"s":0.829389,"sphereCenter":[-47.4525,297.147,9.40662],"sphereRadius":45.1148,"stabilizedPalmPosition":[-23.5335,282.439,112.672],"t":[5.4959,106.029,-222.564],"timeVisible":1.74439,"type":"right","wrist":[-6.01777,294.498,88.8356]}],"id":4406578,"interactionBox":{"center":[0,200,0],"size":[235.247,235.247,147.751]},"pointables":[{"bases":[[[0.774881,0.632021,0.0104429],[-0.478464,0.575658,0.663091],[0.413076,-0.518813,0.748466]],[[0.595878,0.76751,-0.236342],[-0.730334,0.640297,0.237976],[0.333978,0.0308042,0.942077]],[[0.595878,0.76751,-0.236342],[-0.803054,0.56737,-0.182195],[-0.00574268,0.298362,0.954436]],[[0.595878,0.76751,-0.236342],[-0.774035,0.47047,-0.423708],[-0.214008,0.435416,0.874422]]],"btipPosition":[-47.5483,274.871,-5.53422],"carpPosition":[-36.0813,296.772,94.4987],"dipPosition":[-52.5569,285.062,14.9304],"direction":[0.00574268,-0.298362,-0.954436],"extended":false,"handId":802,"id":8020,"length":52.1164,"mcpPosition":[-36.0813,296.772,94.4987],"pipPosition":[-52.7527,295.234,47.4725],"stabilizedTipPosition":[-61.6748,244.287,85.9928],"timeVisible":1.74439,"tipPosition":[-48.8018,277.769,-0.823593],"tipVelocity":[-1.44586,-26.5377,-56.5987],"tool":false,"touchDistance":-0.340393,"touchZone":"touching","type":0,"width":20.25},{"bases":[[[0.858994,-0.367789,-0.356175],[0.447016,0.877927,0.171525],[0.249611,-0.306555,0.918542]],[[0.882834,-0.402087,-0.242755],[0.44884,0.874498,0.183835],[0.138371,-0.271254,0.95251]],[[0.882834,-0.402087,-0.242755],[0.428683,0.900994,0.0666441],[0.191924,-0.162901,0.967796]],[[0.882834,-0.402087,-0.242755],[0.407816,0.912619,-0.0284988],[0.233002,-0.0738397,0.969669]]],"btipPosition":[-52.9286,352.665,-59.5683],"carpPosition":[-20.0003,313.259,88.8899],"dipPosition":[-48.9477,351.403,-43.0009],"direction":[-0.191924,0.162901,-0.967796],"extended":true,"handId":802,"id":8021,"length":58.8075,"mcpPosition":[-38.364,335.812,21.3132],"pipPosition":[-44.3088,347.466,-19.6089],"stabilizedTipPosition":[-61.9436,325.354,-10.3127],"timeVisible":1.74439,"tipPosition":[-52.289,352.087,-55.7521],"tipVelocity":[13.5415,-29.6201,-64.3536],"tool":false,"touchDistance":-0.317218,"touchZone":"touching","type":1,"width":19.3428},{"bases":[[[0.795944,-0.550064,-0.252789],[0.591176,0.796165,0.128965],[0.130323,-0.252092,0.958888]],[[0.800077,-0.558686,-0.21851],[0.287823,0.67708,-0.67729],[0.526341,0.478992,0.702519]],[[0.800077,-0.558686,-0.21851],[-0.512966,-0.448287,-0.732055],[0.311034,0.697789,-0.645251]],[[0.800077,-0.558686,-0.21851],[-0.569656,-0.821742,0.0152261],[-0.188065,0.112293,-0.975716]]],"btipPosition":[-48.6959,283.002,20.2252],"carpPosition":[-8.92309,310.454,84.3023],"dipPosition":[-52.23,285.112,1.88954],"direction":[-0.311034,-0.697789,0.645251],"extended":false,"handId":802,"id":8022,"length":67.0064,"mcpPosition":[-18.0155,328.042,17.4026],"pipPosition":[-43.3853,304.955,-16.4591],"stabilizedTipPosition":[-49.034,231.588,111.985],"timeVisible":1.74439,"tipPosition":[-49.6264,283.374,15.8311],"tipVelocity":[2.26844,-19.4864,-59.3653],"tool":false,"touchDistance":0.333333,"touchZone":"none","type":2,"width":18.9972},{"bases":[[[0.759602,-0.639609,-0.117924],[0.650385,0.746389,0.141076],[-0.00221658,-0.183857,0.98295]],[[0.759217,-0.644679,-0.0893248],[0.434034,0.603789,-0.66862],[0.484979,0.468857,0.73822]],[[0.759217,-0.644679,-0.0893248],[-0.4543,-0.426658,-0.782033],[0.466049,0.634312,-0.616803]],[[0.759217,-0.644679,-0.0893248],[-0.649629,-0.758996,-0.043666],[-0.0396466,0.0911799,-0.995045]]],"btipPosition":[-32.467,275.947,21.6642],"carpPosition":[1.23252,304.654,80.5414],"dipPosition":[-33.2078,277.65,3.07274],"direction":[-0.466049,-0.634312,0.616803],"extended":false,"handId":802,"id":8023,"length":64.4285,"mcpPosition":[1.37136,316.17,18.9694],"pipPosition":[-20.2973,295.222,-14.0139],"stabilizedTipPosition":[-32.3708,226.097,117.833],"timeVisible":1.74439,"tipPosition":[-32.7408,276.235,17.51],"tipVelocity":[1.82775,-23.6294,-61.8904],"tool":false,"touchDistance":0.333333,"touchZone":"none","type":3,"width":18.077},{"bases":[[[0.636266,-0.771063,-0.0250431],[0.757845,0.618625,0.207301],[-0.14435,-0.150877,0.977957]],[[0.639495,-0.767288,-0.0481188],[0.552718,0.502362,-0.664932],[0.534367,0.398625,0.745352]],[[0.639495,-0.767288,-0.0481188],[-0.492758,-0.361037,-0.791734],[0.590115,0.530021,-0.608968]],[[0.639495,-0.767288,-0.0481188],[-0.768124,-0.635071,-0.0816709],[0.0321063,0.0891894,-0.995497]]],"btipPosition":[-14.4662,275.225,24.0283],"carpPosition":[8.15384,292.476,78.0205],"dipPosition":[-13.9128,276.763,6.86916],"direction":[-0.590115,-0.530021,0.608968],"extended":false,"handId":802,"id":8024,"length":50.5107,"mcpPosition":[16.524,301.224,21.3135],"pipPosition":[-2.37082,287.129,-5.04153],"stabilizedTipPosition":[-15.3511,223.466,138.59],"timeVisible":1.74439,"tipPosition":[-14.5462,275.595,20.2269],"tipVelocity":[1.32991,-29.4215,-63.0748],"tool":false,"touchDistance":0.333333,"touchZone":"none","type":4,"width":16.0574}],"r":[[0.884722,-0.454934,-0.101499],[0.417468,0.870224,-0.261591],[0.207333,0.189063,0.959827]],"s":0.829389,"t":[5.4959,106.029,-222.564],"timestamp":606779888511},false],[2,{"currentFrameRate":108.919,"devices":[],"gestures":[],"hands":[{"armBasis":[[0.76112,-0.200332,-0.616898],[0.480328,0.813235,0.328531],[0.435868,-0.546365,0.715195]],"armWidth":63.72,"confidence":0.856297,"direction":[-0.0340599,0.364229,-0.930686],"elbow":[111.742,146.823,281.545],"grabStrength":0,"id":802,"palmNormal":[-0.479607,-0.822951,-0.304515],"palmPosition":[-16.5376,313.778,38.4153],"palmVelocity":[12.0955,-26.1624,-59.0435],"palmWidth":90.99,"pinchStrength":1,"r":[[0.88382,-0.456611,-0.10183],[0.418837,0.869265,-0.26259],[0.208419,0.189432,0.959519]],"s":0.829226,"sphereCenter":[-47.4382,296.92,9.03126],"sphereRadius":45.1222,"stabilizedPalmPosition":[-23.5333,282.44,112.669],"t":[5.58913,105.757,-223.077],"timeVisible":1.75339,"type":"right","wrist":[-5.94268,294.341,88.4426]}],"id":4406579,"interactionBox":{"center":[0,200,0],"size":[235.247,235.247,147.751]},"pointables":[{"bases":[[[0.775158,0.631701,0.00918639],[-0.477882,0.576773,0.662542],[0.41323,-0.517965,0.748968]],[[0.596085,0.76693,-0.237699],[-0.730019,0.640927,0.237245],[0.334298,0.0321065,0.94192]],[[0.596085,0.76693,-0.237699],[-0.802906,0.56755,-0.182287],[-0.00489527,0.299509,0.954081]],[[0.596085,0.76693,-0.237699],[-0.774158,0.470441,-0.423515],[-0.212983,0.436468,0.874148]]],"btipPosition":[-47.5383,274.607,-5.88888],"carpPosition":[-36.0024,296.636,94.1177],"dipPosition":[-52.5229,284.822,14.5693],"direction":[0.00489527,-0.299509,-0.954081],"extended":false,"handId":802,"id":8020,"length":52.1164,"mcpPosition":[-36.0024,296.636,94.1177],"pipPosition":[-52.6898,295.034,47.0993],"stabilizedTipPosition":[-61.6739,244.289,85.9868],"timeVisible":1.75339,"tipPosition":[-48.7817,277.501,-1.17707],"tipVelocity":[-0.573433,-27.1422,-51.9114],"tool":false,"touchDistance":-0.340029,"touchZone":"touching","type":0,"width":20.25},{"bases":[[[0.858656,-0.368647,-0.356103],[0.447481,0.877968,0.170096],[0.249941,-0.305403,0.918835]],[[0.88253,-0.402785,-0.242703],[0.449327,0.874522,0.182527],[0.13873,-0.270139,0.952774]],[[0.88253,-0.402785,-0.242703],[0.429119,0.900885,0.0652966],[0.192347,-0.161775,0.967901]],[[0.88253,-0.402785,-0.242703],[0.408205,0.912402,-0.0298676],[0.233473,-0.0727134,0.969641]]],"btipPosition":[-52.9034,352.335,-60.015],"carpPosition":[-19.9171,313.109,88.4782],"dipPosition":[-48.9144,351.093,-43.4482],"direction":[-0.192347,0.161775,-0.967901],"extended":true,"handId":802,"id":8021,"length":58.8075,"mcpPosition":[-38.3051,335.577,20.8799],"pipPosition":[-44.2653,347.183,-20.0536],"stabilizedTipPosition":[-61.9427,325.356,-10.3168],"timeVisible":1.75339,"tipPosition":[-52.258,351.762,-56.1993],"tipVelocity":[10.6461,-31.3985,-60.3026],"tool":false,"touchDistance":-0.320532,"touchZone":"touching","type":1,"width":19.3428},{"bases":[[[0.79558,-0.550754,-0.252435],[0.591584,0.796086,0.127575],[0.130698,-0.250833,0.959167]],[[0.799755,-0.559395,-0.217875],[0.288391,0.676307,-0.677819],[0.526519,0.479256,0.702204]],[[0.799755,-0.559395,-0.217875],[-0.513189,-0.44874,-0.731621],[0.311496,0.696929,-0.645957]],[[0.799755,-0.559395,-0.217875],[-0.570065,-0.821434,0.016495],[-0.188197,0.111011,-0.975837]]],"btipPosition":[-48.6616,282.788,19.8298],"carpPosition":[-8.84341,310.293,83.8889],"dipPosition":[-52.1982,284.874,1.49189],"direction":[-0.311496,-0.696929,0.645957],"extended":false,"handId":802,"id":8022,"length":67.0064,"mcpPosition":[-17.9619,327.793,16.9697],"pipPosition":[-43.3404,304.693,-16.8768],"stabilizedTipPosition":[-49.034,231.588,111.984],"timeVisible":1.75339,"tipPosition":[-49.5891,283.151,15.4562],"tipVelocity":[2.67421,-20.8134,-55.1311],"tool":false,"touchDistance":0.333333,"touchZone":"none","type":2,"width":18.9972},{"bases":[[[0.759267,-0.640098,-0.117429],[0.650777,0.746301,0.139725],[-0.00180058,-0.182509,0.983203]],[[0.758907,-0.64504,-0.0893531],[0.434128,0.60342,-0.668892],[0.48538,0.468836,0.73797]],[[0.758907,-0.64504,-0.0893531],[-0.454867,-0.426897,-0.781572],[0.466001,0.633784,-0.617382]],[[0.758907,-0.64504,-0.0893531],[-0.649939,-0.758807,-0.0423265],[-0.0404995,0.0901959,-0.9951]]],"btipPosition":[-32.4185,275.725,21.2661],"carpPosition":[1.3078,304.483,80.1309],"dipPosition":[-33.1751,277.41,2.6736],"direction":[-0.466001,-0.633784,0.617382],"extended":false,"handId":802,"id":8023,"length":64.4285,"mcpPosition":[1.42059,315.915,18.5431],"pipPosition":[-20.266,294.967,-14.4291],"stabilizedTipPosition":[-32.3708,226.097,117.833],"timeVisible":1.75339,"tipPosition":[-32.6979,276.007,17.125],"tipVelocity":[2.69518,-24.0234,-57.0369],"tool":false,"touchDistance":0.333333,"touchZone":"none","type":3,"width":18.077},{"bases":[[[0.635921,-0.771371,-0.024306],[0.758216,0.618582,0.206071],[-0.143922,-0.149474,0.978235]],[[0.639201,-0.76755,-0.0478458],[0.552634,0.501707,-0.665496],[0.534806,0.398945,0.744866]],[[0.639201,-0.76755,-0.0478458],[-0.493247,-0.361443,-0.791244],[0.590026,0.529363,-0.609626]],[[0.639201,-0.76755,-0.0478458],[-0.768395,-0.634879,-0.0806135],[0.0314986,0.0882927,-0.995596]]],"btipPosition":[-14.4255,274.984,23.6466],"carpPosition":[8.22261,292.298,77.6232],"dipPosition":[-13.8826,276.506,6.48572],"direction":[-0.590026,-0.529363,0.609626],"extended":false,"handId":802,"id":8024,"length":50.5107,"mcpPosition":[16.5679,300.966,20.9],"pipPosition":[-2.34238,286.859,-5.43784],"stabilizedTipPosition":[-15.3511,223.466,138.589],"timeVisible":1.75339,"tipPosition":[-14.5057,275.349,19.8493],"tipVelocity":[2.13144,-28.8215,-57.401],"tool":false,"touchDistance":0.333333,"touchZone":"none","type":4,"width":16.0574}],"r":[[0.88382,-0.456611,-0.10183],[0.418837,0.869265,-0.26259],[0.208419,0.189432,0.959519]],"s":0.829226,"t":[5.58913,105.757,-223.077],"timestamp":606779897518},false],[3,{"currentFrameRate":108.957,"devices":[],"gestures":[],"hands":[{"armBasis":[[0.761205,-0.201377,-0.616453],[0.480539,0.81347,0.32764],[0.435487,-0.545631,0.715987]],"armWidth":63.72,"confidence":0.860138,"direction":[-0.0344176,0.363647,-0.930901],"elbow":[111.69,146.917,281.479],"grabStrength":0,"id":802,"palmNormal":[-0.479813,-0.823097,-0.303795],"palmPosition":[-16.5055,313.643,38.127],"palmVelocity":[9.71683,-23.0101,-51.4439],"palmWidth":90.99,"pinchStrength":1,"r":[[0.883078,-0.457982,-0.102111],[0.419925,0.868454,-0.263534],[0.209373,0.189842,0.95923]],"s":0.828993,"sphereCenter":[-47.4456,296.795,8.76245],"sphereRadius":45.1317,"stabilizedPalmPosition":[-23.533,282.441,112.666],"t":[5.65179,105.553,-223.478],"timeVisible":1.7625,"type":"right","wrist":[-5.89137,294.237,88.162]}],"id":4406580,"interactionBox":{"center":[0,200,0],"size":[235.247,235.247,147.751]},"pointables":[{"bases":[[[0.775222,0.631633,0.00846255],[-0.477548,0.577235,0.66238],[0.413496,-0.517533,0.74912]],[[0.596054,0.766725,-0.238436],[-0.729923,0.641137,0.236971],[0.334562,0.0327926,0.941803]],[[0.596054,0.766725,-0.238436],[-0.802932,0.56753,-0.182234],[-0.00440373,0.30007,0.953907]],[[0.596054,0.766725,-0.238436],[-0.774371,0.470401,-0.42317],[-0.212295,0.436871,0.874114]]],"btipPosition":[-47.5304,274.446,-6.14567],"carpPosition":[-35.9485,296.538,93.8483],"dipPosition":[-52.4989,284.67,14.3117],"direction":[0.00440373,-0.30007,-0.953907],"extended":false,"handId":802,"id":8020,"length":52.1164,"mcpPosition":[-35.9485,296.538,93.8483],"pipPosition":[-52.649,294.901,46.8358],"stabilizedTipPosition":[-61.6727,244.292,85.979],"timeVisible":1.7625,"tipPosition":[-48.7689,277.337,-1.43223],"tipVelocity":[-0.0609261,-24.4416,-45.3354],"tool":false,"touchDistance":-0.338214,"touchZone":"touching","type":0,"width":20.25},{"bases":[[[0.858471,-0.368953,-0.356233],[0.447636,0.878032,0.169355],[0.2503,-0.304849,0.918922]],[[0.882372,-0.402991,-0.242936],[0.449517,0.874537,0.181986],[0.139118,-0.269784,0.952818]],[[0.882372,-0.402991,-0.242936],[0.429248,0.900867,0.0646901],[0.192784,-0.161361,0.967883]],[[0.882372,-0.402991,-0.242936],[0.408276,0.912348,-0.0305282],[0.233945,-0.0722478,0.969562]]],"btipPosition":[-52.912,352.158,-60.308],"carpPosition":[-19.8639,313.006,88.1917],"dipPosition":[-48.9149,350.924,-43.7425],"direction":[-0.192784,0.161361,-0.967883],"extended":true,"handId":802,"id":8021,"length":58.8075,"mcpPosition":[-38.2784,335.433,20.587],"pipPosition":[-44.2552,347.024,-20.3484],"stabilizedTipPosition":[-61.9415,325.359,-10.3224],"timeVisible":1.7625,"tipPosition":[-52.2588,351.586,-56.494],"tipVelocity":[7.48877,-28.0223,-52.5045],"tool":false,"touchDistance":-0.321211,"touchZone":"touching","type":1,"width":19.3428},{"bases":[[[0.795421,-0.550988,-0.252424],[0.591713,0.79611,0.126825],[0.131078,-0.250242,0.959269]],[[0.799651,-0.559699,-0.217475],[0.289432,0.676601,-0.677082],[0.526106,0.478485,0.703039]],[[0.799651,-0.559699,-0.217475],[-0.512807,-0.44813,-0.732262],[0.31239,0.697077,-0.645366]],[[0.799651,-0.559699,-0.217475],[-0.570327,-0.821251,0.0165133],[-0.187844,0.110827,-0.975926]]],"btipPosition":[-48.6494,282.677,19.4779],"carpPosition":[-8.7925,310.186,83.5995],"dipPosition":[-52.1793,284.759,1.13828],"direction":[-0.31239,-0.697077,0.645366],"extended":false,"handId":802,"id":8022,"length":67.0064,"mcpPosition":[-17.9375,327.645,16.6732],"pipPosition":[-43.2961,304.582,-17.2136],"stabilizedTipPosition":[-49.034,231.588,111.984],"timeVisible":1.7625,"tipPosition":[-49.5673,283.031,15.1483],"tipVelocity":[2.35065,-18.467,-50.5653],"tool":false,"touchDistance":0.333333,"touchZone":"none","type":2,"width":18.9972},{"bases":[[[0.759156,-0.640243,-0.117346],[0.650907,0.746327,0.138982],[-0.00140354,-0.18189,0.983318]],[[0.758824,-0.64505,-0.0899804],[0.434324,0.60413,-0.668124],[0.485333,0.467908,0.738589]],[[0.758824,-0.64505,-0.0899804],[-0.454797,-0.425909,-0.782152],[0.466204,0.634439,-0.616556]],[[0.758824,-0.64505,-0.0899804],[-0.65002,-0.758718,-0.0426697],[-0.0407456,0.0908678,-0.995029]]],"btipPosition":[-32.3935,275.587,20.9169],"carpPosition":[1.35658,304.372,79.8409],"dipPosition":[-33.1548,277.285,2.3258],"direction":[-0.466204,-0.634439,0.616556],"extended":false,"handId":802,"id":8023,"length":64.4285,"mcpPosition":[1.4445,315.766,18.2458],"pipPosition":[-20.24,294.86,-14.754],"stabilizedTipPosition":[-32.3708,226.097,117.832],"timeVisible":1.7625,"tipPosition":[-32.6711,275.873,16.8053],"tipVelocity":[2.67564,-21.4808,-51.836],"tool":false,"touchDistance":0.333333,"touchZone":"none","type":3,"width":18.077},{"bases":[[[0.635837,-0.771447,-0.0240889],[0.758361,0.618639,0.205362],[-0.143524,-0.148845,0.97839]],[[0.639129,-0.767614,-0.0477911],[0.552305,0.501327,-0.666056],[0.535232,0.3993,0.744369]],[[0.639129,-0.767614,-0.0477911],[-0.49369,-0.361821,-0.790794],[0.589733,0.529013,-0.610214]],[[0.639129,-0.767614,-0.0477911],[-0.768476,-0.634872,-0.0798907],[0.030984,0.0877868,-0.995657]]],"btipPosition":[-14.4025,274.838,23.3825],"carpPosition":[8.26917,292.186,77.3379],"dipPosition":[-13.8684,276.351,6.22054],"direction":[-0.589733,-0.529013,0.610214],"extended":false,"handId":802,"id":8024,"length":50.5107,"mcpPosition":[16.5914,300.817,20.6058],"pipPosition":[-2.33396,286.698,-5.7145],"stabilizedTipPosition":[-15.3511,223.467,138.588],"timeVisible":1.7625,"tipPosition":[-14.4837,275.202,19.5839],"tipVelocity":[2.17883,-25.3323,-49.5273],"tool":false,"touchDistance":0.333333,"touchZone":"none","type":4,"width":16.0574}],"r":[[0.883078,-0.457982,-0.102111],[0.419925,0.868454,-0.263534],[0.209373,0.189842,0.95923]],"s":0.828993,"t":[5.65179,105.553,-223.478],"timestamp":606779906628},false],[4,{"currentFrameRate":109.068,"devices":[],"gestures":[],"hands":[{"armBasis":[[0.75969,-0.204966,-0.617139],[0.48314,0.813114,0.324685],[0.435255,-0.544825,0.716742]],"armWidth":63.72,"confidence":0.867484,"direction":[-0.0342984,0.361375,-0.931789],"elbow":[111.739,146.914,281.504],"grabStrength":0,"id":802,"palmNormal":[-0.482428,-0.822509,-0.301235],"palmPosition":[-16.388,313.325,37.9101],"palmVelocity":[10.6458,-26.4142,-43.981],"palmWidth":90.99,"pinchStrength":1,"r":[[0.882204,-0.459627,-0.102272],[0.421232,0.867432,-0.264813],[0.210429,0.190539,0.958861]],"s":0.828668,"sphereCenter":[-47.4533,296.546,8.61321],"sphereRadius":45.1518,"stabilizedPalmPosition":[-23.5326,282.443,112.661],"t":[5.74191,105.292,-223.787],"timeVisible":1.77147,"type":"right","wrist":[-5.77983,294.016,87.9841]}],"id":4406581,"interactionBox":{"center":[0,200,0],"size":[235.247,235.247,147.751]},"pointables":[{"bases":[[[0.777007,0.629462,0.00610587],[-0.475274,0.580262,0.661371],[0.412765,-0.516792,0.750034]],[[0.598034,0.764408,-0.240905],[-0.727937,0.643817,0.23581],[0.335354,0.0343409,0.941466]],[[0.598034,0.764408,-0.240905],[-0.801467,0.569422,-0.182785],[-0.00254594,0.302389,0.953181]],[[0.598034,0.764408,-0.240905],[-0.773568,0.471901,-0.422968],[-0.209637,0.439306,0.873535]]],"btipPosition":[-47.5718,274.111,-6.24535],"carpPosition":[-35.8248,296.417,93.6935],"dipPosition":[-52.478,284.393,14.1985],"direction":[0.00254594,-0.302389,-0.953181],"extended":false,"handId":802,"id":8020,"length":52.1164,"mcpPosition":[-35.8248,296.417,93.6935],"pipPosition":[-52.5648,294.703,46.6978],"stabilizedTipPosition":[-61.6707,244.297,85.9657],"timeVisible":1.77147,"tipPosition":[-48.7919,277.005,-1.53201],"tipVelocity":[-0.870702,-27.5635,-36.0614],"tool":false,"touchDistance":-0.334268,"touchZone":"touching","type":0,"width":20.25},{"bases":[[[0.85708,-0.372278,-0.356122],[0.450275,0.877193,0.166688],[0.250334,-0.303217,0.919452]],[[0.880941,-0.405999,-0.243122],[0.452253,0.873548,0.179945],[0.139322,-0.268474,0.953159]],[[0.880941,-0.405999,-0.243122],[0.431936,0.899729,0.0626062],[0.193326,-0.160166,0.967973]],[[0.880941,-0.405999,-0.243122],[0.41089,0.9111,-0.0326431],[0.234762,-0.0711399,0.969446]]],"btipPosition":[-52.7858,351.753,-60.5741],"carpPosition":[-19.6994,312.825,87.9795],"dipPosition":[-48.7747,350.538,-44.0105],"direction":[-0.193326,0.160166,-0.967973],"extended":true,"handId":802,"id":8021,"length":58.8075,"mcpPosition":[-38.1163,335.132,20.3357],"pipPosition":[-44.1019,346.666,-20.6142],"stabilizedTipPosition":[-61.9395,325.364,-10.3315],"timeVisible":1.77147,"tipPosition":[-52.1194,351.174,-56.7645],"tipVelocity":[9.38974,-32.5888,-46.2659],"tool":false,"touchDistance":-0.321422,"touchZone":"touching","type":1,"width":19.3428},{"bases":[[[0.793618,-0.55387,-0.25179],[0.594079,0.794757,0.124227],[0.131306,-0.248172,0.959776]],[[0.797896,-0.562591,-0.216457],[0.291566,0.674482,-0.678279],[0.52759,0.478085,0.702199]],[[0.797896,-0.562591,-0.216457],[-0.51436,-0.448186,-0.731138],[0.314319,0.694709,-0.64698]],[[0.797896,-0.562591,-0.216457],[-0.572654,-0.819571,0.0192402],[-0.188226,0.108603,-0.976103]]],"btipPosition":[-48.6324,282.436,19.3165],"carpPosition":[-8.64042,309.962,83.3837],"dipPosition":[-52.1695,284.477,0.973604],"direction":[-0.314319,-0.694709,0.64698],"extended":false,"handId":802,"id":8022,"length":67.0064,"mcpPosition":[-17.8014,327.276,16.4221],"pipPosition":[-43.2314,304.232,-17.4242],"stabilizedTipPosition":[-49.034,231.589,111.983],"timeVisible":1.77147,"tipPosition":[-49.5503,282.774,15.0119],"tipVelocity":[2.17478,-21.033,-41.6706],"tool":false,"touchDistance":0.333333,"touchZone":"none","type":2,"width":18.9972},{"bases":[[[0.757233,-0.64268,-0.11645],[0.653144,0.744838,0.136453],[-0.000958987,-0.179385,0.983778]],[[0.756937,-0.647247,-0.0901003],[0.437272,0.604117,-0.666211],[0.485634,0.464881,0.740301]],[[0.756937,-0.647247,-0.0901003],[-0.455276,-0.423402,-0.783233],[0.468797,0.633879,-0.615165]],[[0.756937,-0.647247,-0.0901003],[-0.652198,-0.756886,-0.0419612],[-0.0410364,0.0905252,-0.995048]]],"btipPosition":[-32.3692,275.325,20.5627],"carpPosition":[1.48856,304.11,79.6301],"dipPosition":[-33.1359,277.016,1.97118],"direction":[-0.468797,-0.633879,0.615165],"extended":false,"handId":802,"id":8023,"length":64.4285,"mcpPosition":[1.54863,315.347,18.0062],"pipPosition":[-20.1493,294.576,-15.0701],"stabilizedTipPosition":[-32.3708,226.097,117.832],"timeVisible":1.77147,"tipPosition":[-32.6518,275.597,16.5329],"tipVelocity":[2.64683,-23.6407,-48.4606],"tool":false,"touchDistance":0.333333,"touchZone":"none","type":3,"width":18.077},{"bases":[[[0.633636,-0.773297,-0.0227402],[0.760302,0.617017,0.203054],[-0.14299,-0.145952,0.978903]],[[0.636932,-0.769511,-0.0465905],[0.552985,0.498149,-0.667874],[0.537145,0.399627,0.742815]],[[0.636932,-0.769511,-0.0465905],[-0.495532,-0.362363,-0.789393],[0.590563,0.525877,-0.612118]],[[0.636932,-0.769511,-0.0465905],[-0.770328,-0.632913,-0.0775628],[0.0301977,0.0852922,-0.995898]]],"btipPosition":[-14.4086,274.475,23.2627],"carpPosition":[8.36432,291.898,77.1515],"dipPosition":[-13.8881,275.945,6.09657],"direction":[-0.590563,-0.525877,0.612118],"extended":false,"handId":802,"id":8024,"length":50.5107,"mcpPosition":[16.6556,300.361,20.3896],"pipPosition":[-2.33738,286.23,-5.87573],"stabilizedTipPosition":[-15.3511,223.468,138.585],"timeVisible":1.77147,"tipPosition":[-14.4916,274.831,19.4624],"tipVelocity":[1.30051,-29.7782,-39.6544],"tool":false,"touchDistance":0.333333,"touchZone":"none","type":4,"width":16.0574}],"r":[[0.882204,-0.459627,-0.102272],[0.421232,0.867432,-0.264813],[0.210429,0.190539,0.958861]],"s":0.828668,"t":[5.74191,105.292,-223.787],"timestamp":606779915597},false],[5,{"currentFrameRate":109.08,"devices":[],"gestures":[],"hands":[{"armBasis":[[0.758514,-0.207879,-0.617611],[0.484841,0.813282,0.321715],[0.435414,-0.543468,0.717674]],"armWidth":63.72,"confidence":0.868896,"direction":[-0.0350534,0.359926,-0.932322],"elbow":[111.911,147.071,281.558],"grabStrength":0,"id":802,"palmNormal":[-0.484134,-0.82224,-0.299225],"palmPosition":[-16.2994,313.052,37.6959],"palmVelocity":[10.3761,-27.3764,-38.2554],"palmWidth":90.99,"pinchStrength":1,"r":[[0.881329,-0.461251,-0.1025],[0.422471,0.866394,-0.266235],[0.211606,0.191337,0.958443]],"s":0.8283,"sphereCenter":[-47.4837,296.342,8.4639],"sphereRadius":45.1756,"stabilizedPalmPosition":[-23.5316,282.447,112.652],"t":[5.83123,105.025,-224.048],"timeVisible":1.78062,"type":"right","wrist":[-5.6506,293.807,87.786]}],"id":4406582,"interactionBox":{"center":[0,200,0],"size":[235.247,235.247,147.751]},"pointables":[{"bases":[[[0.777995,0.628257,0.00399222],[-0.473432,0.582069,0.661103],[0.413019,-0.516225,0.750284]],[[0.598916,0.763071,-0.242948],[-0.726631,0.645345,0.235662],[0.336612,0.0353918,0.940978]],[[0.598916,0.763071,-0.242948],[-0.800812,0.570438,-0.182486],[-0.000663524,0.303849,0.95272]],[[0.598916,0.763071,-0.242948],[-0.773469,0.472604,-0.422364],[-0.207475,0.440873,0.873261]]],"btipPosition":[-47.6082,273.82,-6.35837],"carpPosition":[-35.6837,296.264,93.534],"dipPosition":[-52.4639,284.138,14.0791],"direction":[0.000663524,-0.303849,-0.95272],"extended":false,"handId":802,"id":8020,"length":52.1164,"mcpPosition":[-35.6837,296.264,93.534],"pipPosition":[-52.4865,294.498,46.5626],"stabilizedTipPosition":[-61.667,244.306,85.9405],"timeVisible":1.78062,"tipPosition":[-48.8148,276.715,-1.6451],"tipVelocity":[-1.38331,-28.5152,-29.5082],"tool":false,"touchDistance":-0.330892,"touchZone":"touching","type":0,"width":20.25},{"bases":[[[0.855994,-0.374189,-0.35673],[0.451877,0.876757,0.164635],[0.251161,-0.302125,0.919586]],[[0.879907,-0.40767,-0.244067],[0.454016,0.872856,0.178865],[0.140117,-0.268194,0.953121]],[[0.879907,-0.40767,-0.244067],[0.43358,0.899014,0.0614966],[0.194349,-0.159934,0.967807]],[[0.879907,-0.40767,-0.244067],[0.412409,0.910371,-0.0337991],[0.23597,-0.0709153,0.969169]]],"btipPosition":[-52.7676,351.464,-60.7823],"carpPosition":[-19.5408,312.637,87.7707],"dipPosition":[-48.7359,350.252,-44.2235],"direction":[-0.194349,0.159934,-0.967807],"extended":true,"handId":802,"id":8021,"length":58.8075,"mcpPosition":[-38.0187,334.865,20.1171],"pipPosition":[-44.0384,346.387,-20.8312],"stabilizedTipPosition":[-61.9361,325.373,-10.3471],"timeVisible":1.78062,"tipPosition":[-52.0895,350.867,-56.9788],"tipVelocity":[7.4729,-32.29,-39.7578],"tool":false,"touchDistance":-0.320752,"touchZone":"touching","type":1,"width":19.3428},{"bases":[[[0.792397,-0.555514,-0.252016],[0.595492,0.794028,0.122105],[0.132277,-0.246829,0.959989]],[[0.796756,-0.564282,-0.216256],[0.29296,0.673676,-0.67848],[0.52854,0.477228,0.702067]],[[0.796756,-0.564282,-0.216256],[-0.515353,-0.447597,-0.7308],[0.315581,0.693717,-0.64743]],[[0.796756,-0.564282,-0.216256],[-0.574077,-0.818538,0.0207478],[-0.188722,0.107617,-0.976116]]],"btipPosition":[-48.6249,282.219,19.1013],"carpPosition":[-8.49284,309.75,83.164],"dipPosition":[-52.1714,284.241,0.758144],"direction":[-0.315581,-0.693717,0.64743],"extended":false,"handId":802,"id":8022,"length":67.0064,"mcpPosition":[-17.7215,326.971,16.1875],"pipPosition":[-43.1974,303.968,-17.6524],"stabilizedTipPosition":[-49.034,231.589,111.982],"timeVisible":1.78062,"tipPosition":[-49.5384,282.544,14.8381],"tipVelocity":[1.73153,-21.9317,-36.6229],"tool":false,"touchDistance":0.333333,"touchZone":"none","type":2,"width":18.9972},{"bases":[[[0.756065,-0.644048,-0.116481],[0.654496,0.744037,0.134327],[0.000153216,-0.177797,0.984067]],[[0.755819,-0.648407,-0.091138],[0.438804,0.604894,-0.664495],[0.485992,0.462246,0.741714]],[[0.755819,-0.648407,-0.091138],[-0.455864,-0.42117,-0.784095],[0.470028,0.63418,-0.613913]],[[0.755819,-0.648407,-0.091138],[-0.653428,-0.755858,-0.0413637],[-0.0420669,0.0908156,-0.994979]]],"btipPosition":[-32.3366,275.096,20.2209],"carpPosition":[1.62168,303.876,79.4055],"dipPosition":[-33.1225,276.792,1.63069],"direction":[-0.470028,-0.63418,0.613913],"extended":false,"handId":802,"id":8023,"length":64.4285,"mcpPosition":[1.61208,315.013,17.7636],"pipPosition":[-20.1018,294.36,-15.3759],"stabilizedTipPosition":[-32.3708,226.098,117.83],"timeVisible":1.78062,"tipPosition":[-32.6261,275.36,16.2538],"tipVelocity":[2.76793,-24.0026,-45.3646],"tool":false,"touchDistance":0.333333,"touchZone":"none","type":3,"width":18.077},{"bases":[[[0.632397,-0.774321,-0.0223863],[0.761549,0.616156,0.200984],[-0.141833,-0.14415,0.979339]],[[0.635748,-0.770471,-0.0468881],[0.553129,0.497095,-0.668539],[0.538398,0.399087,0.742197]],[[0.635748,-0.770471,-0.0468881],[-0.496747,-0.361881,-0.78885],[0.590818,0.524802,-0.612795]],[[0.635748,-0.770471,-0.0468881],[-0.771347,-0.63183,-0.0762539],[0.0291261,0.0846453,-0.995985]]],"btipPosition":[-14.396,274.173,23.0594],"carpPosition":[8.47489,291.649,76.937],"dipPosition":[-13.8939,275.632,5.89182],"direction":[-0.590818,-0.524802,0.612795],"extended":false,"handId":802,"id":8024,"length":50.5107,"mcpPosition":[16.6991,300.008,20.1498],"pipPosition":[-2.33824,285.896,-6.09371],"stabilizedTipPosition":[-15.351,223.47,138.579],"timeVisible":1.78062,"tipPosition":[-14.479,274.526,19.2733],"tipVelocity":[1.19357,-30.7509,-34.8129],"tool":false,"touchDistance":0.333333,"touchZone":"none","type":4,"width":16.0574}],"r":[[0.881329,-0.461251,-0.1025],[0.422471,0.866394,-0.266235],[0.211606,0.191337,0.958443]],"s":0.8283,"t":[5.83123,105.025,-224.048],"timestamp":606779924743},false],[6,{"currentFrameRate":109.211,"devices":[],"gestures":[],"hands":[{"armBasis":[[0.757503,-0.210467,-0.617975],[0.486606,0.813078,0.319559],[0.435205,-0.542778,0.718323]],"armWidth":63.72,"confidence":0.872621,"direction":[-0.0357313,0.358773,-0.932741],"elbow":[111.928,147.083,281.528],"grabStrength":0,"id":802,"palmNormal":[-0.485895,-0.821828,-0.297497],"palmPosition":[-16.2626,312.83,37.4799],"palmVelocity":[8.67245,-26.6909,-34.4271],"palmWidth":90.99,"pinchStrength":1,"r":[[0.880447,-0.462866,-0.102799],[0.423672,0.865351,-0.267712],[0.212872,0.192153,0.957999]],"s":0.827825,"sphereCenter":[-47.6095,296.223,8.31019],"sphereRadius":45.2181,"stabilizedPalmPosition":[-23.5301,282.453,112.636],"t":[5.89429,104.78,-224.287],"timeVisible":1.78954,"type":"right","wrist":[-5.57724,293.633,87.5805]}],"id":4406583,"interactionBox":{"center":[0,200,0],"size":[235.247,235.247,147.751]},"pointables":[{"bases":[[[0.779033,0.626979,0.00211707],[-0.471572,0.583706,0.66099],[0.413191,-0.515932,0.750392]],[[0.599955,0.761716,-0.244627],[-0.725362,0.646895,0.235322],[0.337497,0.0362611,0.940628]],[[0.599955,0.761716,-0.244627],[-0.800033,0.571595,-0.18228],[0.00098208,0.30507,0.952329]],[[0.599955,0.761716,-0.244627],[-0.772705,0.47247,-0.423909],[-0.207319,0.443351,0.872043]]],"btipPosition":[-47.6268,273.559,-6.46697],"carpPosition":[-35.5983,296.147,93.3661],"dipPosition":[-52.4788,283.935,13.942],"direction":[-0.00098208,-0.30507,-0.95233],"extended":false,"handId":802,"id":8020,"length":52.1164,"mcpPosition":[-35.5983,296.147,93.3661],"pipPosition":[-52.4454,294.337,46.4122],"stabilizedTipPosition":[-61.6606,244.322,85.8967],"timeVisible":1.78954,"tipPosition":[-48.8515,276.46,-1.76418],"tipVelocity":[-1.54949,-28.2902,-24.9834],"tool":false,"touchDistance":-0.327863,"touchZone":"touching","type":0,"width":20.25},{"bases":[[[0.85489,-0.376062,-0.357408],[0.453543,0.876224,0.16288],[0.251917,-0.301345,0.919635]],[[0.878829,-0.409311,-0.245202],[0.455867,0.872022,0.178222],[0.140874,-0.268407,0.952949]],[[0.878829,-0.409311,-0.245202],[0.435323,0.898214,0.060869],[0.19533,-0.160236,0.967559]],[[0.878829,-0.409311,-0.245202],[0.414037,0.909608,-0.0344429],[0.237136,-0.0712535,0.96886]]],"btipPosition":[-52.7949,351.277,-60.9785],"carpPosition":[-19.4365,312.486,87.5596],"dipPosition":[-48.7433,350.06,-44.4249],"direction":[-0.19533,0.160236,-0.967559],"extended":true,"handId":802,"id":8021,"length":58.8075,"mcpPosition":[-37.9699,334.656,19.9024],"pipPosition":[-44.0221,346.187,-21.0386],"stabilizedTipPosition":[-61.9313,325.385,-10.3697],"timeVisible":1.78954,"tipPosition":[-52.1039,350.656,-57.1822],"tipVelocity":[4.74141,-29.2325,-34.9504],"tool":false,"touchDistance":-0.319971,"touchZone":"touching","type":1,"width":19.3428},{"bases":[[[0.791137,-0.557145,-0.252371],[0.596964,0.793203,0.120262],[0.133178,-0.245801,0.960128]],[[0.795576,-0.565974,-0.216178],[0.295159,0.673682,-0.67752],[0.529094,0.475212,0.703017]],[[0.795576,-0.565974,-0.216178],[-0.515935,-0.445853,-0.731455],[0.317601,0.693462,-0.646715]],[[0.795576,-0.565974,-0.216178],[-0.575705,-0.817381,0.0212736],[-0.18874,0.10753,-0.976122]]],"btipPosition":[-48.6783,282.078,18.8032],"carpPosition":[-8.39952,309.574,82.9416],"dipPosition":[-52.2251,284.098,0.459919],"direction":[-0.317601,-0.693462,0.646715],"extended":false,"handId":802,"id":8022,"length":67.0064,"mcpPosition":[-17.6911,326.723,15.9554],"pipPosition":[-43.1936,303.818,-17.9303],"stabilizedTipPosition":[-49.034,231.59,111.98],"timeVisible":1.78954,"tipPosition":[-49.5814,282.391,14.6058],"tipVelocity":[-0.372564,-20.2828,-35.7488],"tool":false,"touchDistance":0.333333,"touchZone":"none","type":2,"width":18.9972},{"bases":[[[0.754844,-0.645444,-0.116673],[0.655903,0.743131,0.13247],[0.00120163,-0.17652,0.984296]],[[0.75464,-0.649645,-0.0920915],[0.439923,0.605089,-0.663577],[0.486813,0.460248,0.742418]],[[0.75464,-0.649645,-0.0920915],[-0.456732,-0.41933,-0.784575],[0.471078,0.634132,-0.613157]],[[0.75464,-0.649645,-0.0920915],[-0.654734,-0.754751,-0.0409224],[-0.0429211,0.0911771,-0.994909]]],"btipPosition":[-32.3736,274.902,19.9243],"carpPosition":[1.70019,303.679,79.177],"dipPosition":[-33.1755,276.606,1.33541],"direction":[-0.471078,-0.634132,0.613157],"extended":false,"handId":802,"id":8023,"length":64.4285,"mcpPosition":[1.62492,314.736,17.5207],"pipPosition":[-20.1257,294.172,-15.6503],"stabilizedTipPosition":[-32.3708,226.099,117.829],"timeVisible":1.78954,"tipPosition":[-32.6652,275.165,15.9971],"tipVelocity":[0.771326,-23.3199,-42.0511],"tool":false,"touchDistance":0.333333,"touchZone":"none","type":3,"width":18.077},{"bases":[[[0.63109,-0.775391,-0.0222405],[0.762836,0.61516,0.199146],[-0.140735,-0.142645,0.979717]],[[0.634557,-0.771393,-0.0478685],[0.554924,0.497846,-0.66649],[0.537956,0.396362,0.743976]],[[0.634557,-0.771393,-0.0478685],[-0.495888,-0.358852,-0.790772],[0.592818,0.525527,-0.610237]],[[0.634557,-0.771393,-0.0478685],[-0.772296,-0.630463,-0.0779421],[0.0299447,0.0864273,-0.995808]]],"btipPosition":[-14.4422,273.925,22.6995],"carpPosition":[8.52988,291.438,76.715],"dipPosition":[-13.9261,275.415,5.53498],"direction":[-0.592818,-0.525527,0.610237],"extended":false,"handId":802,"id":8024,"length":50.5107,"mcpPosition":[16.6904,299.709,19.9059],"pipPosition":[-2.33129,285.694,-6.40051],"stabilizedTipPosition":[-15.351,223.474,138.57],"timeVisible":1.78954,"tipPosition":[-14.5117,274.284,18.976],"tipVelocity":[-0.445947,-29.7134,-36.2972],"tool":false,"touchDistance":0.333333,"touchZone":"none","type":4,"width":16.0574}],"r":[[0.880447,-0.462866,-0.102799],[0.