{"sensorType":"Leap","data":[[0,{"currentFrameRate":108.966,"devices":[],"gestures":[],"hands":[{"armBasis":[[0.724959,-0.380835,-0.573933],[0.532342,0.838543,0.116006],[0.437089,-0.389629,0.810644]],"armWidth":63.72,"confidence":0.777997,"direction":[-0.0780282,0.310953,-0.947217],"elbow":[100.277,164.764,307.647],"grabStrength":0,"id":809,"palmNormal":[-0.544134,-0.809399,-0.220886],"palmPosition":[-30.6688,287.056,38.4402],"palmVelocity":[30.6109,-14.7611,-214.196],"palmWidth":90.99,"pinchStrength":0.798786,"r":[[0.973618,-0.181593,-0.138173],[0.172941,0.982272,-0.0723411],[0.14886,0.0465369,0.987763]],"s":0.767474,"sphereCenter":[-51.2823,255.601,11.4901],"sphereRadius":42.9222,"stabilizedPalmPosition":[-43.5597,272.962,195.672],"t":[21.5717,50.2946,-207.242],"timeVisible":0.641719,"type":"right","wrist":[-17.7369,269.964,88.773]}],"id":4409885,"interactionBox":{"center":[0,200,0],"size":[235.247,235.247,147.751]},"pointables":[{"bases":[[[0.80761,0.58416,-0.0807659],[-0.398498,0.641552,0.655447],[0.434701,-0.497161,0.75091]],[[0.562122,0.735528,-0.378176],[-0.699637,0.666743,0.25683],[0.441052,0.120216,0.889394]],[[0.562122,0.735528,-0.378176],[-0.820699,0.552648,-0.145025],[0.102328,0.391891,0.914303]],[[0.562122,0.735528,-0.378176],[-0.821048,0.441275,-0.362156],[-0.0994961,0.514077,0.851954]]],"btipPosition":[-70.3377,242.967,0.743849],"carpPosition":[-47.1611,274.361,96.2527],"dipPosition":[-72.6663,254.998,20.6826],"direction":[-0.102328,-0.391891,-0.914303],"extended":false,"handId":809,"id":8090,"length":52.1164,"mcpPosition":[-47.1611,274.361,96.2527],"pipPosition":[-69.1774,268.36,51.8564],"stabilizedTipPosition":[-88.167,261.853,108.263],"timeVisible":0.641719,"tipPosition":[-70.6792,245.256,5.33986],"tipVelocity":[26.5599,8.05445,-222.729],"tool":false,"touchDistance":-0.566361,"touchZone":"hovering","type":0,"width":20.25},{"bases":[[[0.810402,-0.438896,-0.388097],[0.505898,0.858324,0.0857134],[0.295494,-0.2658,0.917624]],[[0.852908,-0.482894,-0.198396],[0.454394,0.873778,-0.173316],[0.257047,0.0576733,0.964676]],[[0.852908,-0.482894,-0.198396],[0.423479,0.86219,-0.278016],[0.305307,0.153106,0.939865]],[[0.852908,-0.482894,-0.198396],[0.397571,0.847095,-0.352657],[0.338356,0.221908,0.914479]]],"btipPosition":[-76.562,299.081,-58.7333],"carpPosition":[-30.6189,289.496,88.5621],"dipPosition":[-70.781,302.873,-43.1089],"direction":[-0.305307,-0.153106,-0.939865],"extended":true,"handId":809,"id":8091,"length":58.8075,"mcpPosition":[-52.3582,309.051,21.0529],"pipPosition":[-63.4016,306.573,-20.3919],"stabilizedTipPosition":[-79.3575,277.146,112.288],"timeVisible":0.641719,"tipPosition":[-75.2068,299.662,-55.0529],"tipVelocity":[43.0662,12.0073,-219.177],"tool":false,"touchDistance":-0.605855,"touchZone":"hovering","type":1,"width":19.3428},{"bases":[[[0.744676,-0.610621,-0.269442],[0.641987,0.765723,0.0389925],[0.182508,-0.202015,0.962227]],[[0.745682,-0.611738,-0.264073],[-0.0174651,0.378245,-0.925541],[0.666073,0.694771,0.271367]],[[0.745682,-0.611738,-0.264073],[-0.66411,-0.650244,-0.368972],[0.0540023,0.450509,-0.891137]],[[0.745682,-0.611738,-0.264073],[-0.55547,-0.789621,0.260675],[-0.367983,-0.0476965,-0.928609]]],"btipPosition":[-59.5191,254.459,46.0186],"carpPosition":[-20.0604,285.768,83.4401],"dipPosition":[-66.4342,253.563,28.5682],"direction":[-0.0540023,-0.450509,0.891137],"extended":false,"handId":809,"id":8092,"length":67.0064,"mcpPosition":[-32.7936,299.862,16.3075],"pipPosition":[-64.8986,266.374,3.2275],"stabilizedTipPosition":[-69.5226,250.093,181],"timeVisible":0.641719,"tipPosition":[-61.0111,254.124,42.3976],"tipVelocity":[21.5569,-7.39742,-219.82],"tool":false,"touchDistance":0.333333,"touchZone":"none","type":2,"width":18.9972},{"bases":[[[0.712889,-0.689668,-0.127073],[0.699041,0.71331,0.0502963],[0.0559548,-0.124685,0.990617]],[[0.712712,-0.689279,-0.130136],[0.28465,0.453757,-0.84444],[0.641105,0.564799,0.519602]],[[0.712712,-0.689279,-0.130136],[-0.603334,-0.507738,-0.614971],[0.357812,0.516813,-0.777737]],[[0.712712,-0.689279,-0.130136],[-0.684081,-0.724029,0.0884111],[-0.155162,0.026012,-0.987546]]],"btipPosition":[-49.691,246.931,34.1203],"carpPosition":[-10.5286,279.158,79.392],"dipPosition":[-52.59,247.417,15.669],"direction":[-0.357812,-0.516813,0.777737],"extended":false,"handId":809,"id":8093,"length":64.4285,"mcpPosition":[-14.0336,286.969,17.3397],"pipPosition":[-42.6779,261.734,-5.87591],"stabilizedTipPosition":[-56.6886,233.723,201.479],"timeVisible":0.641719,"tipPosition":[-49.9878,247.211,31.0567],"tipVelocity":[16.0916,-11.6308,-236.655],"tool":false,"touchDistance":0.333333,"touchZone":"none","type":3,"width":18.077},{"bases":[[[0.589206,-0.80778,-0.0181178],[0.803591,0.583521,0.117239],[-0.0841314,-0.0836375,0.992938]],[[0.56253,-0.808971,0.170663],[0.511381,0.178247,-0.840665],[0.649653,0.560173,0.513962]],[[0.56253,-0.808971,0.170663],[-0.584699,-0.535196,-0.609666],[0.584541,0.243169,-0.774068]],[[0.56253,-0.808971,0.170663],[-0.825554,-0.560825,0.0627411],[0.0449562,-0.176185,-0.98333]]],"btipPosition":[-34.7866,249.784,33.5361],"carpPosition":[-4.48593,266.461,77.1958],"dipPosition":[-34.0117,246.748,16.5866],"direction":[-0.58454,-0.243169,0.774068],"extended":false,"handId":809,"id":8094,"length":50.5107,"mcpPosition":[0.392446,271.311,19.62],"pipPosition":[-22.5788,251.504,1.44675],"stabilizedTipPosition":[-41.4784,237.823,203.008],"timeVisible":0.641719,"tipPosition":[-34.3405,249.467,30.6838],"tipVelocity":[19.3475,-17.3037,-233.161],"tool":false,"touchDistance":0.333333,"touchZone":"none","type":4,"width":16.0574}],"r":[[0.973618,-0.181593,-0.138173],[0.172941,0.982272,-0.0723411],[0.14886,0.0465369,0.987763]],"s":0.767474,"t":[21.5717,50.2946,-207.242],"timestamp":606810890489},false],[1,{"currentFrameRate":109.044,"devices":[],"gestures":[],"hands":[{"armBasis":[[0.727945,-0.381389,-0.569771],[0.528471,0.841548,0.111871],[0.436823,-0.382543,0.814154]],"armWidth":63.72,"confidence":0.790524,"direction":[-0.0765686,0.315138,-0.945952],"elbow":[100.301,166.435,306.253],"grabStrength":0,"id":809,"palmNormal":[-0.541418,-0.80982,-0.225962],"palmPosition":[-30.4974,287.013,36.1476],"palmVelocity":[27.4083,-12.0105,-225.119],"palmWidth":90.99,"pinchStrength":0.804488,"r":[[0.973491,-0.182789,-0.13749],[0.174334,0.982101,-0.0713115],[0.148065,0.0454518,0.987933]],"s":0.766568,"sphereCenter":[-50.9489,255.568,8.98147],"sphereRadius":42.9444,"stabilizedPalmPosition":[-43.5594,272.962,195.668],"t":[21.7906,50.2475,-209.295],"timeVisible":0.65075,"type":"right","wrist":[-17.6416,269.722,86.4319]}],"id":4409886,"interactionBox":{"center":[0,200,0],"size":[235.247,235.247,147.751]},"pointables":[{"bases":[[[0.806229,0.58669,-0.0760881],[-0.40181,0.637431,0.657443],[0.434216,-0.499476,0.749653]],[[0.562357,0.738385,-0.372213],[-0.701112,0.664428,0.2588],[0.438403,0.115425,0.891336]],[[0.562357,0.738385,-0.372213],[-0.820899,0.552628,-0.143968],[0.0993916,0.38651,0.916914]],[[0.562357,0.738385,-0.372213],[-0.820163,0.440754,-0.364787],[-0.105299,0.510415,0.853457]]],"btipPosition":[-69.904,243.119,-1.86977],"carpPosition":[-47.0955,274.005,93.8603],"dipPosition":[-72.3683,255.065,18.1042],"direction":[-0.0993916,-0.38651,-0.916914],"extended":false,"handId":809,"id":8090,"length":52.1164,"mcpPosition":[-47.0955,274.005,93.8603],"pipPosition":[-68.9795,268.243,49.3669],"stabilizedTipPosition":[-88.1663,261.852,108.259],"timeVisible":0.65075,"tipPosition":[-70.3005,245.366,2.74242],"tipVelocity":[31.5203,9.89201,-240.844],"tool":false,"touchDistance":-0.577141,"touchZone":"hovering","type":0,"width":20.25},{"bases":[[[0.812518,-0.434916,-0.388153],[0.503378,0.859269,0.0909254],[0.293983,-0.269266,0.917099]],[[0.854634,-0.479611,-0.198933],[0.452508,0.875864,-0.167625],[0.254634,0.0532393,0.965571]],[[0.854634,-0.479611,-0.198933],[0.421884,0.864758,-0.272412],[0.302681,0.148886,0.941391]],[[0.854634,-0.479611,-0.198933],[0.396198,0.849998,-0.347174],[0.335602,0.21789,0.916458]]],"btipPosition":[-76.1933,299.422,-61.0856],"carpPosition":[-30.5755,289.221,86.2802],"dipPosition":[-70.4593,303.145,-45.4274],"direction":[-0.302681,-0.148886,-0.941391],"extended":true,"handId":809,"id":8091,"length":58.8075,"mcpPosition":[-52.2037,309.03,18.8097],"pipPosition":[-63.1434,306.743,-22.6736],"stabilizedTipPosition":[-79.3573,277.147,112.284],"timeVisible":0.65075,"tipPosition":[-74.847,299.976,-57.3997],"tipVelocity":[42.1207,18.5982,-230.312],"tool":false,"touchDistance":-0.608771,"touchZone":"hovering","type":1,"width":19.3428},{"bases":[[[0.746967,-0.607366,-0.270456],[0.639829,0.767251,0.0441072],[0.180718,-0.205992,0.961721]],[[0.747966,-0.608509,-0.265073],[-0.0161483,0.382563,-0.923788],[0.66354,0.695243,0.276318]],[[0.747966,-0.608509,-0.265073],[-0.661452,-0.650259,-0.373691],[0.0550282,0.454841,-0.888871]],[[0.747966,-0.608509,-0.265073],[-0.553995,-0.792307,0.255614],[-0.365563,-0.0443414,-0.92973]]],"btipPosition":[-59.2811,254.304,43.4985],"carpPosition":[-19.9946,285.544,81.1668],"dipPosition":[-66.1507,253.471,26.027],"direction":[-0.0550282,-0.454841,0.888871],"extended":false,"handId":809,"id":8092,"length":67.0064,"mcpPosition":[-32.603,299.916,14.0694],"pipPosition":[-64.5859,266.405,0.750746],"stabilizedTipPosition":[-69.5226,250.093,180.999],"timeVisible":0.65075,"tipPosition":[-60.7632,253.984,39.8701],"tipVelocity":[23.1979,-9.6491,-236.28],"tool":false,"touchDistance":0.333333,"touchZone":"none","type":2,"width":18.9972},{"bases":[[[0.715047,-0.687158,-0.128533],[0.696996,0.714939,0.0553067],[0.053889,-0.129134,0.990162]],[[0.714858,-0.686712,-0.131926],[0.287968,0.461024,-0.839364],[0.637222,0.562036,0.527318]],[[0.714858,-0.686712,-0.131926],[-0.598857,-0.503806,-0.622535],[0.361037,0.524029,-0.771392]],[[0.714858,-0.686712,-0.131926],[-0.682858,-0.726179,0.079806],[-0.150606,0.0330367,-0.988042]]],"btipPosition":[-49.4693,246.823,31.3568],"carpPosition":[-10.4353,278.979,77.1112],"dipPosition":[-52.2832,247.44,12.8962],"direction":[-0.361037,-0.524029,0.771392],"extended":false,"handId":809,"id":8093,"length":64.4285,"mcpPosition":[-13.8109,287.068,15.0875],"pipPosition":[-42.2817,261.957,-8.47287],"stabilizedTipPosition":[-56.6885,233.723,201.478],"timeVisible":0.65075,"tipPosition":[-49.7535,247.127,28.2943],"tipVelocity":[19.0178,-10.8073,-255.816],"tool":false,"touchDistance":0.333333,"touchZone":"none","type":3,"width":18.077},{"bases":[[[0.591419,-0.806105,-0.0204286],[0.801731,0.585121,0.121902],[-0.0863123,-0.0884732,0.992332]],[[0.564214,-0.80822,0.168651],[0.514807,0.184691,-0.837176],[0.645474,0.559169,0.520283]],[[0.564214,-0.80822,0.168651],[-0.579912,-0.533339,-0.615834],[0.587678,0.249659,-0.769614]],[[0.564214,-0.80822,0.168651],[-0.824123,-0.563641,0.0559458],[0.0498423,-0.170555,-0.984087]]],"btipPosition":[-34.5252,249.724,30.9488],"carpPosition":[-4.3532,266.309,74.8709],"dipPosition":[-33.6661,246.784,13.9863],"direction":[-0.587678,-0.249659,0.769614],"extended":false,"handId":809,"id":8094,"length":50.5107,"mcpPosition":[0.651635,271.439,17.3303],"pipPosition":[-22.1718,251.667,-1.06645],"stabilizedTipPosition":[-41.4783,237.823,203.005],"timeVisible":0.65075,"tipPosition":[-34.0701,249.416,28.0853],"tipVelocity":[22.581,-13.7105,-247.938],"tool":false,"touchDistance":0.333333,"touchZone":"none","type":4,"width":16.0574}],"r":[[0.973491,-0.182789,-0.13749],[0.174334,0.982101,-0.0713115],[0.148065,0.0454518,0.987933]],"s":0.766568,"t":[21.7906,50.2475,-209.295],"timestamp":606810899520},false],[2,{"currentFrameRate":109.085,"devices":[],"gestures":[],"hands":[{"armBasis":[[0.730063,-0.37867,-0.568873],[0.528778,0.840343,0.119233],[0.432899,-0.387856,0.813736]],"armWidth":63.72,"confidence":0.798493,"direction":[-0.0762664,0.318562,-0.944829],"elbow":[99.2843,165.006,303.873],"grabStrength":0,"id":809,"palmNormal":[-0.5411,-0.80914,-0.229135],"palmPosition":[-30.4383,287.198,33.938],"palmVelocity":[21.618,-3.05091,-230.078],"palmWidth":90.99,"pinchStrength":0.808247,"r":[[0.973409,-0.183592,-0.136998],[0.175399,0.982023,-0.0697567],[0.147342,0.0438725,0.988112]],"s":0.765721,"sphereCenter":[-50.8753,255.82,6.63876],"sphereRadius":42.959,"stabilizedPalmPosition":[-43.5592,272.962,195.666],"t":[21.9295,50.3163,-211.426],"timeVisible":0.659842,"type":"right","wrist":[-17.5984,269.728,84.1643]}],"id":4409887,"interactionBox":{"center":[0,200,0],"size":[235.247,235.247,147.751]},"pointables":[{"bases":[[[0.806097,0.587186,-0.0736168],[-0.402258,0.63492,0.659595],[0.434046,-0.502085,0.748007]],[[0.563503,0.739522,-0.3682],[-0.70061,0.663967,0.261329],[0.437731,0.110705,0.892264]],[[0.563503,0.739522,-0.3682],[-0.820148,0.554263,-0.141952],[0.0991027,0.381969,0.918846]],[[0.563503,0.739522,-0.3682],[-0.818975,0.441612,-0.366414],[-0.10837,0.508023,0.854499]]],"btipPosition":[-69.7498,243.536,-4.2706],"carpPosition":[-47.0566,273.975,91.5961],"dipPosition":[-72.286,255.426,15.7278],"direction":[-0.0991027,-0.381969,-0.918846],"extended":false,"handId":809,"id":8090,"length":52.1164,"mcpPosition":[-47.0566,273.975,91.5961],"pipPosition":[-68.9071,268.449,47.0564],"stabilizedTipPosition":[-88.1657,261.852,108.255],"timeVisible":0.659842,"tipPosition":[-70.1915,245.754,0.353215],"tipVelocity":[26.9835,19.4482,-247.103],"tool":false,"touchDistance":-0.583689,"touchZone":"hovering","type":0,"width":20.25},{"bases":[[[0.812798,-0.433275,-0.3894],[0.503102,0.859071,0.0942639],[0.29368,-0.272525,0.916233]],[[0.854795,-0.478572,-0.200734],[0.452417,0.876681,-0.163553],[0.254251,0.0489893,0.965897]],[[0.854795,-0.478572,-0.200734],[0.421855,0.866045,-0.268337],[0.302263,0.144693,0.942179]],[[0.854795,-0.478572,-0.200734],[0.396213,0.851624,-0.343149],[0.335171,0.213789,0.917581]]],"btipPosition":[-76.0992,300.018,-63.276],"carpPosition":[-30.5377,289.223,84.0783],"dipPosition":[-70.3726,303.67,-47.5986],"direction":[-0.302263,-0.144693,-0.942179],"extended":true,"handId":809,"id":8091,"length":58.8075,"mcpPosition":[-52.1436,309.272,16.6715],"pipPosition":[-63.0668,307.168,-24.8258],"stabilizedTipPosition":[-79.3572,277.148,112.28],"timeVisible":0.659842,"tipPosition":[-74.7551,300.541,-59.5869],"tipVelocity":[33.2682,31.1106,-233.114],"tool":false,"touchDistance":-0.609017,"touchZone":"hovering","type":1,"width":19.3428},{"bases":[[[0.747247,-0.60617,-0.272359],[0.639597,0.767262,0.0471671],[0.180379,-0.209446,0.961039]],[[0.748247,-0.607336,-0.266963],[-0.0157859,0.385992,-0.922367],[0.663232,0.694373,0.27923]],[[0.748247,-0.607336,-0.266963],[-0.661107,-0.649035,-0.376419],[0.055344,0.458146,-0.887152]],[[0.748247,-0.607336,-0.266963],[-0.553901,-0.793385,0.252455],[-0.36513,-0.0410273,-0.930052]]],"btipPosition":[-59.2187,254.455,41.1521],"carpPosition":[-19.9537,285.568,78.9559],"dipPosition":[-66.0802,253.684,23.6745],"direction":[-0.055344,-0.458146,0.887152],"extended":false,"handId":809,"id":8092,"length":67.0064,"mcpPosition":[-32.5384,300.181,11.9061],"pipPosition":[-64.5064,266.712,-1.5529],"stabilizedTipPosition":[-69.5225,250.093,180.998],"timeVisible":0.659842,"tipPosition":[-60.6992,254.148,37.5196],"tipVelocity":[18.7299,-1.95883,-242.36],"tool":false,"touchDistance":0.333333,"touchZone":"none","type":2,"width":18.9972},{"bases":[[[0.715291,-0.686488,-0.130741],[0.696775,0.714925,0.0581995],[0.053517,-0.132727,0.989707]],[[0.715092,-0.686001,-0.134339],[0.289599,0.465642,-0.836248],[0.63622,0.559089,0.531642]],[[0.715092,-0.686001,-0.134339],[-0.597484,-0.500064,-0.626857],[0.362846,0.528526,-0.767465]],[[0.715092,-0.686001,-0.134339],[-0.683012,-0.726587,0.0746071],[-0.14879,0.0384045,-0.988123]]],"btipPosition":[-49.4408,246.996,28.854],"carpPosition":[-10.3908,279.02,74.8804],"dipPosition":[-52.2208,247.713,10.3919],"direction":[-0.362846,-0.528526,0.767465],"extended":false,"handId":809,"id":8093,"length":64.4285,"mcpPosition":[-13.7432,287.334,12.8851],"pipPosition":[-42.1692,262.355,-10.8684],"stabilizedTipPosition":[-56.6885,233.723,201.477],"timeVisible":0.659842,"tipPosition":[-49.7238,247.317,25.776],"tipVelocity":[14.8556,-1.83905,-261.216],"tool":false,"touchDistance":0.333333,"touchZone":"none","type":3,"width":18.077},{"bases":[[[0.591652,-0.805862,-0.0231218],[0.801519,0.584894,0.124364],[-0.0866965,-0.0921127,0.991967]],[[0.564345,-0.808666,0.166054],[0.51624,0.188727,-0.835391],[0.644214,0.557173,0.523973]],[[0.564345,-0.808666,0.166054],[-0.578288,-0.530792,-0.619551],[0.58915,0.253613,-0.767192]],[[0.564345,-0.808666,0.166054],[-0.823922,-0.564311,0.0520143],[0.0516442,-0.16617,-0.984744]]],"btipPosition":[-34.4693,249.904,28.5289],"carpPosition":[-4.30429,266.36,72.5964],"dipPosition":[-33.5791,247.039,11.5551],"direction":[-0.58915,-0.253613,0.767192],"extended":false,"handId":809,"id":8094,"length":50.5107,"mcpPosition":[0.722818,271.701,15.077],"pipPosition":[-22.0561,252,-3.45027],"stabilizedTipPosition":[-41.4782,237.823,203.003],"timeVisible":0.659842,"tipPosition":[-34.0136,249.602,25.6497],"tipVelocity":[18.247,-3.90466,-253.062],"tool":false,"touchDistance":0.333333,"touchZone":"none","type":4,"width":16.0574}],"r":[[0.973409,-0.183592,-0.136998],[0.175399,0.982023,-0.0697567],[0.147342,0.0438725,0.988112]],"s":0.765721,"t":[21.9295,50.3163,-211.426],"timestamp":606810908612},false],[3,{"currentFrameRate":109.191,"devices":[],"gestures":[],"hands":[{"armBasis":[[0.730108,-0.378614,-0.568853],[0.52868,0.840411,0.119191],[0.432943,-0.387764,0.813756]],"armWidth":63.72,"confidence":0.800993,"direction":[-0.0743723,0.319615,-0.944624],"elbow":[99.2778,165.054,302.221],"grabStrength":0,"id":809,"palmNormal":[-0.541056,-0.808638,-0.231005],"palmPosition":[-30.3559,287.281,32.2759],"palmVelocity":[18.2148,0.325177,-217.824],"palmWidth":90.99,"pinchStrength":0.811559,"r":[[0.973376,-0.184297,-0.136286],[0.176367,0.981956,-0.0682359],[0.146402,0.0423828,0.988317]],"s":0.764951,"sphereCenter":[-50.7561,255.918,4.89276],"sphereRadius":42.9749,"stabilizedPalmPosition":[-43.5591,272.962,195.664],"t":[22.0402,50.3924,-213.323],"timeVisible":0.668811,"type":"right","wrist":[-17.6169,269.751,82.5069]}],"id":4409888,"interactionBox":{"center":[0,200,0],"size":[235.247,235.247,147.751]},"pointables":[{"bases":[[[0.806508,0.586885,-0.0714961],[-0.403176,0.634399,0.659535],[0.432428,-0.503095,0.748266]],[[0.565392,0.739382,-0.365576],[-0.700101,0.664531,0.261261],[0.436108,0.108225,0.893363]],[[0.565392,0.739382,-0.365576],[-0.819025,0.555718,-0.14274],[0.0976176,0.38012,0.919771]],[[0.565392,0.739382,-0.365576],[-0.817075,0.44146,-0.370813],[-0.112785,0.508357,0.853729]]],"btipPosition":[-69.545,243.744,-6.04614],"carpPosition":[-47.0868,274.004,89.8889],"dipPosition":[-72.1846,255.641,13.9342],"direction":[-0.0976176,-0.38012,-0.919771],"extended":false,"handId":809,"id":8090,"length":52.1164,"mcpPosition":[-47.0868,274.004,89.8889],"pipPosition":[-68.8562,268.602,45.2943],"stabilizedTipPosition":[-88.1653,261.852,108.253],"timeVisible":0.668811,"tipPosition":[-70.0384,245.959,-1.42642],"tipVelocity":[25.1214,20.5288,-233.776],"tool":false,"touchDistance":-0.580349,"touchZone":"hovering","type":0,"width":20.25},{"bases":[[[0.813312,-0.433239,-0.388365],[0.50333,0.858732,0.0961179],[0.29186,-0.27365,0.916479]],[[0.854898,-0.478698,-0.199995],[0.453267,0.876724,-0.160946],[0.252385,0.0469412,0.966488]],[[0.854898,-0.478698,-0.199995],[0.422938,0.866328,-0.265706],[0.300454,0.142566,0.943081]],[[0.854898,-0.478698,-0.199995],[0.397457,0.852089,-0.340547],[0.333432,0.211643,0.918711]]],"btipPosition":[-75.8209,300.306,-65.0209],"carpPosition":[-30.5469,289.252,82.4181],"dipPosition":[-70.124,303.922,-49.3242],"direction":[-0.300454,-0.142566,-0.943081],"extended":true,"handId":809,"id":8091,"length":58.8075,"mcpPosition":[-52.0189,309.384,14.9931],"pipPosition":[-62.8619,307.368,-26.5295],"stabilizedTipPosition":[-79.3571,277.148,112.276],"timeVisible":0.668811,"tipPosition":[-74.4887,300.805,-61.3262],"tipVelocity":[32.446,31.1302,-222.419],"tool":false,"touchDistance":-0.602556,"touchZone":"hovering","type":1,"width":19.3428},{"bases":[[[0.747464,-0.606229,-0.271632],[0.63987,0.766909,0.0491741],[0.178506,-0.210565,0.961144]],[[0.748456,-0.607404,-0.266221],[-0.0138178,0.387058,-0.921952],[0.66304,0.693719,0.281303]],[[0.748456,-0.607404,-0.266221],[-0.660707,-0.648278,-0.378421],[0.0572692,0.459125,-0.886524]],[[0.748456,-0.607404,-0.266221],[-0.554758,-0.793394,0.250538],[-0.363395,-0.0398285,-0.930783]]],"btipPosition":[-59.1676,254.544,39.396],"carpPosition":[-19.9552,285.598,77.3112],"dipPosition":[-65.9965,253.795,21.9048],"direction":[-0.0572692,-0.459125,0.886524],"extended":false,"handId":809,"id":8092,"length":67.0064,"mcpPosition":[-32.4092,300.289,10.2541],"pipPosition":[-64.368,266.851,-3.30479],"stabilizedTipPosition":[-69.5225,250.093,180.998],"timeVisible":0.668811,"tipPosition":[-60.6414,254.244,35.7584],"tipVelocity":[15.3905,1.4546,-229.706],"tool":false,"touchDistance":0.333333,"touchZone":"none","type":2,"width":18.9972},{"bases":[[[0.715208,-0.686684,-0.13016],[0.697002,0.714533,0.0602556],[0.0516273,-0.133817,0.98966]],[[0.715007,-0.686171,-0.133914],[0.292415,0.467512,-0.834222],[0.635026,0.557316,0.534921]],[[0.715007,-0.686171,-0.133914],[-0.595824,-0.497879,-0.630167],[0.365729,0.530363,-0.764825]],[[0.715007,-0.686171,-0.133914],[-0.683726,-0.72629,0.0708685],[-0.145889,0.0408892,-0.988456]]],"btipPosition":[-49.4002,247.076,27.0094],"carpPosition":[-10.3879,279.05,73.2463],"dipPosition":[-52.126,247.84,8.54113],"direction":[-0.365729,-0.530363,0.764825],"extended":false,"handId":809,"id":8093,"length":64.4285,"mcpPosition":[-13.6218,287.433,11.254],"pipPosition":[-41.9945,262.532,-12.6461],"stabilizedTipPosition":[-56.6885,233.723,201.477],"timeVisible":0.668811,"tipPosition":[-49.679,247.404,23.9137],"tipVelocity":[12.4088,1.42938,-246.05],"tool":false,"touchDistance":0.333333,"touchZone":"none","type":3,"width":18.077},{"bases":[[[0.591315,-0.806116,-0.0228979],[0.801562,0.584382,0.126473],[-0.088571,-0.0931396,0.991706]],[[0.563609,-0.809095,0.166463],[0.519524,0.190526,-0.832944],[0.642215,0.555936,0.527726]],[[0.563609,-0.809095,0.166463],[-0.575684,-0.529251,-0.623283],[0.592396,0.255457,-0.764074]],[[0.563609,-0.809095,0.166463],[-0.824194,-0.564282,0.0478473],[0.0552191,-0.164165,-0.984886]]],"btipPosition":[-34.4139,249.966,26.7164],"carpPosition":[-4.3031,266.389,70.96],"dipPosition":[-33.4621,247.136,9.7401],"direction":[-0.592396,-0.255457,0.764074],"extended":false,"handId":809,"id":8094,"length":50.5107,"mcpPosition":[0.832707,271.79,13.4557],"pipPosition":[-21.8755,252.132,-5.20426],"stabilizedTipPosition":[-41.4782,237.823,203.002],"timeVisible":0.668811,"tipPosition":[-33.9518,249.664,23.8284],"tipVelocity":[15.3764,-0.701756,-239.124],"tool":false,"touchDistance":0.333333,"touchZone":"none","type":4,"width":16.0574}],"r":[[0.973376,-0.184297,-0.136286],[0.176367,0.981956,-0.0682359],[0.146402,0.0423828,0.988317]],"s":0.764951,"t":[22.0402,50.3924,-213.323],"timestamp":606810917581},false],[4,{"currentFrameRate":109.237,"devices":[],"gestures":[],"hands":[{"armBasis":[[0.729714,-0.375205,-0.571611],[0.52949,0.839026,0.125206],[0.432618,-0.394026,0.810916]],"armWidth":63.72,"confidence":0.810955,"direction":[-0.0738546,0.321055,-0.944177],"elbow":[99.1752,163.566,299.853],"grabStrength":0,"id":809,"palmNormal":[-0.541173,-0.80814,-0.232466],"palmPosition":[-30.343,287.563,30.695],"palmVelocity":[13.5723,8.81092,-205.774],"palmWidth":90.99,"pinchStrength":0.814017,"r":[[0.973351,-0.184874,-0.135683],[0.177201,0.981911,-0.0667075],[0.145562,0.0408865,0.988504]],"s":0.764297,"sphereCenter":[-50.7427,256.229,3.24628],"sphereRadius":42.9888,"stabilizedPalmPosition":[-43.559,272.963,195.663],"t":[22.102,50.5712,-215.062],"timeVisible":0.677884,"type":"right","wrist":[-17.6317,269.953,80.9054]}],"id":4409889,"interactionBox":{"center":[0,200,0],"size":[235.247,235.247,147.751]},"pointables":[{"bases":[[[0.806701,0.586769,-0.0702476],[-0.403302,0.633518,0.660305],[0.43195,-0.504338,0.747705]],[[0.566669,0.739488,-0.363379],[-0.699374,0.664858,0.262373],[0.435617,0.105459,0.893933]],[[0.566669,0.739488,-0.363379],[-0.818147,0.557235,-0.141863],[0.097581,0.377686,0.920777]],[[0.566669,0.739488,-0.363379],[-0.815868,0.441995,-0.372827],[-0.11509,0.507738,0.853789]]],"btipPosition":[-69.4822,244.179,-7.71882],"carpPosition":[-47.1037,274.204,88.2804],"dipPosition":[-72.1758,256.062,12.2629],"direction":[-0.097581,-0.377686,-0.920777],"extended":false,"handId":809,"id":8090,"length":52.1164,"mcpPosition":[-47.1037,274.204,88.2804],"pipPosition":[-68.8487,268.939,43.6574],"stabilizedTipPosition":[-88.165,261.851,108.251],"timeVisible":0.677884,"tipPosition":[-70.0059,246.38,-3.09501],"tipVelocity":[19.7105,28.0076,-220.104],"tool":false,"touchDistance":-0.575732,"touchZone":"hovering","type":0,"width":20.25},{"bases":[[[0.81337,-0.432879,-0.388646],[0.503523,0.858447,0.0976369],[0.291367,-0.275107,0.916199]],[[0.854808,-0.47856,-0.200709],[0.453691,0.876924,-0.158649],[0.251929,0.0445542,0.966719]],[[0.854808,-0.47856,-0.200709],[0.423448,0.866806,-0.263324],[0.299992,0.140101,0.943598]],[[0.854808,-0.47856,-0.200709],[0.398029,0.85278,-0.338142],[0.332982,0.209158,0.919443]]],"btipPosition":[-75.7556,300.824,-66.6133],"carpPosition":[-30.5562,289.458,80.84],"dipPosition":[-70.0664,304.397,-50.9041],"direction":[-0.299992,-0.140101,-0.943598],"extended":true,"handId":809,"id":8091,"length":58.8075,"mcpPosition":[-51.992,309.698,13.4356],"pipPosition":[-62.8155,307.784,-28.097],"stabilizedTipPosition":[-79.357,277.149,112.273],"timeVisible":0.677884,"tipPosition":[-74.4279,301.298,-62.9156],"tipVelocity":[25.4116,38.0082,-209.364],"tool":false,"touchDistance":-0.594477,"touchZone":"hovering","type":1,"width":19.3428},{"bases":[[[0.747421,-0.606026,-0.272203],[0.640058,0.766657,0.0506173],[0.178011,-0.212058,0.960908]],[[0.748413,-0.607213,-0.266777],[-0.0132099,0.388511,-0.921349],[0.663101,0.693074,0.282745]],[[0.748413,-0.607213,-0.266777],[-0.660703,-0.647489,-0.379776],[0.0578694,0.46049,-0.885777]],[[0.748413,-0.607213,-0.266777],[-0.55511,-0.793615,0.249055],[-0.362948,-0.038305,-0.931022]]],"btipPosition":[-59.1695,254.822,37.7475],"carpPosition":[-19.9632,285.809,75.7325],"dipPosition":[-65.9901,254.103,20.2518],"direction":[-0.0578694,-0.46049,0.885777],"extended":false,"handId":809,"id":8092,"length":67.0064,"mcpPosition":[-32.3827,300.604,8.69189],"pipPosition":[-64.3445,267.197,-4.93654],"stabilizedTipPosition":[-69.5225,250.093,180.997],"timeVisible":0.677884,"tipPosition":[-60.6417,254.53,34.1066],"tipVelocity":[11.1358,9.7464,-216.464],"tool":false,"touchDistance":0.333333,"touchZone":"none","type":2,"width":18.9972},{"bases":[[[0.715079,-0.686685,-0.130867],[0.697171,0.71425,0.0616461],[0.0511403,-0.135318,0.989481]],[[0.714871,-0.686144,-0.134782],[0.293826,0.469662,-0.832516],[0.634528,0.555539,0.537355]],[[0.714871,-0.686144,-0.134782],[-0.595025,-0.49566,-0.632666],[0.367294,0.532473,-0.762606]],[[0.714871,-0.686144,-0.134782],[-0.684168,-0.726155,0.0679261],[-0.144479,0.0436549,-0.988544]]],"btipPosition":[-49.4251,247.353,25.2679],"carpPosition":[-10.3959,279.265,71.6621],"dipPosition":[-52.1246,248.169,6.7979],"direction":[-0.367294,-0.532473,0.762606],"extended":false,"handId":809,"id":8093,"length":64.4285,"mcpPosition":[-13.5993,287.741,9.68099],"pipPosition":[-41.9498,262.92,-14.3278],"stabilizedTipPosition":[-56.6884,233.723,201.477],"timeVisible":0.677884,"tipPosition":[-49.7042,247.69,22.1547],"tipVelocity":[8.40309,9.85807,-231.105],"tool":false,"touchDistance":0.333333,"touchZone":"none","type":3,"width":18.077},{"bases":[[[0.591103,-0.806244,-0.0238404],[0.801665,0.58397,0.127716],[-0.0890478,-0.0946052,0.991524]],[[0.563355,-0.809513,0.165284],[0.520709,0.192549,-0.831737],[0.641477,0.554628,0.529994]],[[0.563355,-0.809513,0.165284],[-0.574591,-0.527616,-0.625673],[0.593697,0.257506,-0.762374]],[[0.563355,-0.809513,0.165284],[-0.82427,-0.564385,0.0452543],[0.0566498,-0.161733,-0.985207]]],"btipPosition":[-34.4207,250.231,25.0185],"carpPosition":[-4.31354,266.605,69.3595],"dipPosition":[-33.4442,247.443,8.03671],"direction":[-0.593697,-0.257506,0.762374],"extended":false,"handId":809,"id":8094,"length":50.5107,"mcpPosition":[0.84991,272.091,11.8658],"pipPosition":[-21.8322,252.48,-6.87442],"stabilizedTipPosition":[-41.4781,237.824,203.001],"timeVisible":0.677884,"tipPosition":[-33.959,249.933,22.1146],"tipVelocity":[11.0905,7.87242,-224.789],"tool":false,"touchDistance":0.333333,"touchZone":"none","type":4,"width":16.0574}],"r":[[0.973351,-0.184874,-0.135683],[0.177201,0.981911,-0.0667075],[0.145562,0.0408865,0.988504]],"s":0.764297,"t":[22.102,50.5712,-215.062],"timestamp":606810926654},false],[5,{"currentFrameRate":109.327,"devices":[],"gestures":[],"hands":[{"armBasis":[[0.727716,-0.375496,-0.573962],[0.532271,0.836947,0.127311],[0.432571,-0.398149,0.808925]],"armWidth":63.72,"confidence":0.811996,"direction":[-0.0722212,0.320122,-0.94462],"elbow":[99.2487,162.595,298.24],"grabStrength":0,"id":809,"palmNormal":[-0.54341,-0.806809,-0.231872],"palmPosition":[-30.1682,287.682,29.589],"palmVelocity":[15.1849,10.0257,-183.098],"palmWidth":90.99,"pinchStrength":0.816055,"r":[[0.973239,-0.18595,-0.135017],[0.178462,0.981751,-0.0656977],[0.144769,0.0398442,0.988663]],"s":0.763739,"sphereCenter":[-50.6488,256.356,2.15493],"sphereRadius":43.005,"stabilizedPalmPosition":[-43.5589,272.963,195.662],"t":[22.2203,50.72,-216.484],"timeVisible":0.68687,"type":"right","wrist":[-17.5454,270.096,79.83]}],"id":4409890,"interactionBox":{"center":[0,200,0],"size":[235.247,235.247,147.751]},"pointables":[{"bases":[[[0.808495,0.584279,-0.0703802],[-0.401887,0.635521,0.659242],[0.42991,-0.504709,0.74863]],[[0.570494,0.736917,-0.362616],[-0.69673,0.66801,0.2614],[0.434861,0.103518,0.894528]],[[0.570494,0.736917,-0.362616],[-0.815326,0.561316,-0.142011],[0.098892,0.376666,0.921055]],[[0.570494,0.736917,-0.362616],[-0.813205,0.444989,-0.375077],[-0.115041,0.50886,0.853128]]],"btipPosition":[-69.3966,244.524,-8.84436],"carpPosition":[-47.0099,274.443,87.1785],"dipPosition":[-72.0889,256.433,11.1219],"direction":[-0.098892,-0.376666,-0.921055],"extended":false,"handId":809,"id":8090,"length":52.1164,"mcpPosition":[-47.0099,274.443,87.1785],"pipPosition":[-68.7172,269.275,42.5258],"stabilizedTipPosition":[-88.1647,261.851,108.249],"timeVisible":0.68687,"tipPosition":[-69.9292,246.702,-4.2076],"tipVelocity":[16.9277,31.027,-194.203],"tool":false,"touchDistance":-0.563429,"touchZone":"hovering","type":0,"width":20.25},{"bases":[[[0.812356,-0.435771,-0.387533],[0.506006,0.857063,0.0969549],[0.28989,-0.274856,0.916743]],[[0.853459,-0.481253,-0.200008],[0.456521,0.875478,-0.158512],[0.251387,0.0439759,0.966887]],[[0.853459,-0.481253,-0.200008],[0.426353,0.865447,-0.263107],[0.299717,0.139277,0.943807]],[[0.853459,-0.481253,-0.200008],[0.400964,0.851502,-0.337894],[0.33292,0.208183,0.919687]]],"btipPosition":[-75.4714,301.047,-67.7783],"carpPosition":[-30.4117,289.639,79.7315],"dipPosition":[-69.7833,304.604,-52.0649],"direction":[-0.299717,-0.139277,-0.943807],"extended":true,"handId":809,"id":8091,"length":58.8075,"mcpPosition":[-51.7388,309.86,12.2871],"pipPosition":[-62.539,307.971,-29.2527],"stabilizedTipPosition":[-79.3569,277.149,112.27],"timeVisible":0.68687,"tipPosition":[-74.1458,301.5,-64.0788],"tipVelocity":[27.1085,34.2951,-187.473],"tool":false,"touchDistance":-0.580822,"touchZone":"hovering","type":1,"width":19.3428},{"bases":[[[0.745808,-0.60858,-0.270927],[0.642301,0.76481,0.0501455],[0.17669,-0.211415,0.961293]],[[0.746796,-0.609766,-0.265484],[-0.011314,0.387486,-0.921806],[0.664957,0.691405,0.282474]],[[0.746796,-0.609766,-0.265484],[-0.662347,-0.645945,-0.379541],[0.0599428,0.459282,-0.886266]],[[0.746796,-0.609766,-0.265484],[-0.557667,-0.791654,0.249584],[-0.362359,-0.0383362,-0.93125]]],"btipPosition":[-59.0996,255.036,36.6555],"carpPosition":[-19.826,285.952,74.6361],"dipPosition":[-65.909,254.316,19.1554],"direction":[-0.0599428,-0.459282,0.886266],"extended":false,"handId":809,"id":8092,"length":67.0064,"mcpPosition":[-32.1533,300.702,7.56859],"pipPosition":[-64.2045,267.376,-6.04676],"stabilizedTipPosition":[-69.5224,250.093,180.997],"timeVisible":0.68687,"tipPosition":[-60.57,254.745,33.0117],"tipVelocity":[10.2939,13.5869,-190.46],"tool":false,"touchDistance":0.333333,"touchZone":"none","type":2,"width":18.9972},{"bases":[[[0.713125,-0.688969,-0.129516],[0.69925,0.712246,0.0612792],[0.0500275,-0.134264,0.989682]],[[0.712905,-0.688392,-0.133724],[0.296946,0.469088,-0.831733],[0.635287,0.553238,0.538831]],[[0.712905,-0.688392,-0.133724],[-0.595257,-0.493229,-0.634346],[0.370722,0.531828,-0.761396]],[[0.712905,-0.688392,-0.133724],[-0.68662,-0.723975,0.0664349],[-0.142546,0.0444555,-0.988789]]],"btipPosition":[-49.3998,247.503,24.0789],"carpPosition":[-10.2753,279.374,70.5806],"dipPosition":[-52.0631,248.333,5.60433],"direction":[-0.370722,-0.531828,0.761396],"extended":false,"handId":809,"id":8093,"length":64.4285,"mcpPosition":[-13.409,287.784,8.58688],"pipPosition":[-41.7934,263.066,-15.4879],"stabilizedTipPosition":[-56.6884,233.724,201.476],"timeVisible":0.68687,"tipPosition":[-49.6768,247.842,20.9521],"tipVelocity":[7.12586,11.8135,-204.047],"tool":false,"touchDistance":0.333333,"touchZone":"none","type":3,"width":18.077},{"bases":[[[0.588717,-0.808028,-0.022433],[0.803309,0.581737,0.127583],[-0.0900402,-0.0931307,0.991574]],[[0.560862,-0.810996,0.16649],[0.522069,0.190372,-0.831386],[0.642556,0.553212,0.530168]],[[0.560862,-0.810996,0.16649],[-0.575324,-0.526395,-0.626028],[0.595346,0.255329,-0.76182]],[[0.560862,-0.810996,0.16649],[-0.82592,-0.562018,0.044642],[0.0573661,-0.162546,-0.985032]]],"btipPosition":[-34.3613,250.341,23.9339],"carpPosition":[-4.22899,266.694,68.2977],"dipPosition":[-33.3725,247.539,6.95507],"direction":[-0.595346,-0.255329,0.76182],"extended":false,"handId":809,"id":8094,"length":50.5107,"mcpPosition":[0.992008,272.094,10.8011],"pipPosition":[-21.7283,252.533,-7.94522],"stabilizedTipPosition":[-41.4781,237.824,203],"timeVisible":0.68687,"tipPosition":[-33.8995,250.037,21.0151],"tipVelocity":[9.94746,8.96973,-196.226],"tool":false,"touchDistance":0.333333,"touchZone":"none","type":4,"width":16.0574}],"r":[[0.973239,-0.18595,-0.135017],[0.178462,0.981751,-0.0656977],[0.144769,0.0398442,0.988663]],"s":0.763739,"t":[22.2203,50.72,-216.484],"timestamp":606810935640},false],[6,{"currentFrameRate":109.325,"devices":[],"gestures":[],"hands":[{"armBasis":[[0.726732,-0.375354,-0.5753],[0.533096,0.836356,0.127739],[0.433208,-0.399522,0.807907]],"armWidth":63.72,"confidence":0.823584,"direction":[-0.0710396,0.319277,-0.944995],"elbow":[99.4724,162.342,297.098],"grabStrength":0,"id":809,"palmNormal":[-0.544008,-0.806488,-0.231586],"palmPosition":[-30.0531,287.763,28.6934],"palmVelocity":[14.4578,9.71006,-159.373],"palmWidth":90.99,"pinchStrength":0.817856,"r":[[0.973134,-0.187031,-0.134271],[0.179678,0.981573,-0.0650468],[0.143962,0.0391738,0.988807]],"s":0.76322,"sphereCenter":[-50.5388,256.389,1.25636],"sphereRadius":43.0295,"stabilizedPalmPosition":[-43.5589,272.963,195.661],"t":[22.337,50.8351,-217.643],"timeVisible":0.696019,"type":"right","wrist":[-17.4938,270.213,78.9629]}],"id":4409891,"interactionBox":{"center":[0,200,0],"size":[235.247,235.247,147.751]},"pointables":[{"bases":[[[0.809145,0.5834,-0.0702093],[-0.40185,0.636562,0.658259],[0.428721,-0.504413,0.74951]],[[0.573312,0.735427,-0.361194],[-0.695241,0.669917,0.260482],[0.433536,0.101779,0.89537]],[[0.573312,0.735427,-0.361194],[-0.81319,0.564635,-0.141099],[0.100175,0.374613,0.921754]],[[0.573312,0.735427,-0.361194],[-0.811292,0.447918,-0.375733],[-0.114538,0.508446,0.853442]]],"btipPosition":[-69.3366,244.844,-9.81572],"carpPosition":[-46.9606,274.597,86.2804],"dipPosition":[-72.0172,256.744,10.1579],"direction":[-0.100175,-0.374613,-0.921754],"extended":false,"handId":809,"id":8090,"length":52.1164,"mcpPosition":[-46.9606,274.597,86.2804],"pipPosition":[-68.6017,269.516,41.5856],"stabilizedTipPosition":[-88.1644,261.851,108.247],"timeVisible":0.696019,"tipPosition":[-69.8562,246.977,-5.15009],"tipVelocity":[14.122,32.0766,-169.641],"tool":false,"touchDistance":-0.549964,"touchZone":"hovering","type":0,"width":20.25},{"bases":[[[0.812271,-0.436961,-0.386369],[0.506777,0.856649,0.0965855],[0.288779,-0.274257,0.917273]],[[0.853083,-0.482191,-0.199354],[0.457652,0.874984,-0.157981],[0.250608,0.0435362,0.967109]],[[0.853083,-0.482191,-0.199354],[0.427525,0.864986,-0.262719],[0.299119,0.138893,0.944053]],[[0.853083,-0.482191,-0.199354],[0.40214,0.851049,-0.337637],[0.332465,0.207864,0.919924]]],"btipPosition":[-75.2627,301.167,-68.7345],"carpPosition":[-30.3404,289.769,78.8338],"dipPosition":[-69.5823,304.719,-53.0171],"direction":[-0.299119,-0.138893,-0.944053],"extended":true,"handId":809,"id":8091,"length":58.8075,"mcpPosition":[-51.5858,309.946,11.3504],"pipPosition":[-62.3525,308.076,-30.1989],"stabilizedTipPosition":[-79.3568,277.149,112.267],"timeVisible":0.696019,"tipPosition":[-73.9373,301.603,-65.0346],"tipVelocity":[25.8587,28.3539,-164.348],"tool":false,"touchDistance":-0.565403,"touchZone":"hovering","type":1,"width":19.3428},{"bases":[[[0.745443,-0.609589,-0.269657],[0.643022,0.764214,0.0499898],[0.175602,-0.21066,0.961658]],[[0.746427,-0.610775,-0.264198],[-0.0100092,0.386662,-0.922167],[0.665391,0.690975,0.282502]],[[0.746427,-0.610775,-0.264198],[-0.66264,-0.645614,-0.379594],[0.0612766,0.458407,-0.886627]],[[0.746427,-0.610775,-0.264198],[-0.558706,-0.790851,0.249806],[-0.361516,-0.0388535,-0.931556]]],"btipPosition":[-59.0261,255.153,35.7602],"carpPosition":[-19.7537,286.067,73.7516],"dipPosition":[-65.8197,254.423,18.2544],"direction":[-0.0612766,-0.458407,0.886627],"extended":false,"handId":809,"id":8092,"length":67.0064,"mcpPosition":[-32.0051,300.764,6.65861],"pipPosition":[-64.0773,267.459,-6.95809],"stabilizedTipPosition":[-69.5224,250.093,180.997],"timeVisible":0.696019,"tipPosition":[-60.4935,254.861,32.1133],"tipVelocity":[9.77438,13.304,-164.717],"tool":false,"touchDistance":0.333333,"touchZone":"none","type":2,"width":18.9972},{"bases":[[[0.712551,-0.689809,-0.128198],[0.699908,0.711604,0.0612264],[0.0489914,-0.133353,0.989857]],[[0.712316,-0.689184,-0.132782],[0.299835,0.469861,-0.830259],[0.63459,0.551594,0.541331]],[[0.712316,-0.689184,-0.132782],[-0.594017,-0.491215,-0.637065],[0.37383,0.532667,-0.759287]],[[0.712316,-0.689184,-0.132782],[-0.68775,-0.723135,0.0638427],[-0.140019,0.0458447,-0.989087]]],"btipPosition":[-49.3677,247.571,23.0339],"carpPosition":[-10.2059,279.475,69.7112],"dipPosition":[-51.9839,248.428,4.55385],"direction":[-0.37383,-0.532667,0.759287],"extended":false,"handId":809,"id":8093,"length":64.4285,"mcpPosition":[-13.2748,287.829,7.70652],"pipPosition":[-41.628,263.184,-16.4799],"stabilizedTipPosition":[-56.6884,233.724,201.476],"timeVisible":0.696019,"tipPosition":[-49.639,247.916,19.9013],"tipVelocity":[6.44723,10.7893,-179.073],"tool":false,"touchDistance":0.333333,"touchZone":"none","type":3,"width":18.077},{"bases":[[[0.587926,-0.808639,-0.0211131],[0.803775,0.581055,0.127751],[-0.0910366,-0.0920784,0.991582]],[[0.559924,-0.811405,0.167652],[0.523379,0.189516,-0.830757],[0.642308,0.552907,0.530787]],[[0.559924,-0.811405,0.167652],[-0.574719,-0.526109,-0.626823],[0.596811,0.254621,-0.760911]],[[0.559924,-0.811405,0.167652],[-0.826456,-0.561317,0.043526],[0.0587887,-0.162928,-0.984885]]],"btipPosition":[-34.2892,250.404,23.0396],"carpPosition":[-4.17029,266.787,67.4461],"dipPosition":[-33.2759,247.596,6.06337],"direction":[-0.596811,-0.25462,0.760911],"extended":false,"handId":809,"id":8094,"length":50.5107,"mcpPosition":[1.10849,272.126,9.94908],"pipPosition":[-21.603,252.576,-8.81913],"stabilizedTipPosition":[-41.4781,237.824,203],"timeVisible":0.696019,"tipPosition":[-33.8255,250.096,20.1068],"tipVelocity":[9.54286,8.34841,-168.787],"tool":false,"touchDistance":0.333333,"touchZone":"none","type":4,"width":16.0574}],"r":[[0.9