{"sensorType":"Leap","data":[[0,{"currentFrameRate":99.643,"devices":[],"gestures":[],"hands":[{"armBasis":[[0.681808,-0.446999,-0.579077],[0.63677,0.7523,0.169024],[0.360086,-0.48398,0.79756]],"armWidth":63.72,"confidence":0.839117,"direction":[0.012102,0.437287,-0.89924],"elbow":[123.916,136.87,299.292],"grabStrength":0,"id":805,"palmNormal":[-0.645642,-0.683293,-0.340965],"palmPosition":[18.7367,292.663,36.0081],"palmVelocity":[50.9458,51.4534,-113.114],"palmWidth":90.99,"pinchStrength":1,"r":[[0.961978,-0.266394,0.0602726],[0.266224,0.865245,-0.424825],[0.0610204,0.424718,0.903267]],"s":0.883938,"sphereCenter":[-6.76583,266.314,3.69633],"sphereRadius":43.6453,"stabilizedPalmPosition":[-38.2937,267.015,292.524],"t":[59.8718,26.8831,-267.83],"timeVisible":0.831535,"type":"right","wrist":[26.6927,267.545,83.9509]}],"id":4407889,"interactionBox":{"center":[0,200,0],"size":[235.247,235.247,147.751]},"pointables":[{"bases":[[[0.887089,0.461198,0.0192153],[-0.330479,0.605494,0.723989],[0.322268,-0.648593,0.689544]],[[0.678234,0.6858,-0.263963],[-0.582628,0.720756,0.375573],[0.447821,-0.100935,0.888408]],[[0.678234,0.6858,-0.263963],[-0.728378,0.67495,-0.117932],[0.0972835,0.27225,0.957296]],[[0.678234,0.6858,-0.263963],[-0.707133,0.511379,-0.488318],[-0.199903,0.51785,0.831787]]],"btipPosition":[-23.0815,258.974,-5.29493],"carpPosition":[-2.08885,275.338,91.1587],"dipPosition":[-27.7599,271.094,14.1719],"direction":[-0.0972835,-0.27225,-0.957296],"extended":false,"handId":805,"id":8050,"length":52.1164,"mcpPosition":[-2.08885,275.338,91.1587],"pipPosition":[-24.443,280.376,46.8115],"stabilizedTipPosition":[-76.0694,245.013,250.951],"timeVisible":0.831535,"tipPosition":[-24.5873,261.422,-0.852742],"tipVelocity":[47.5686,42.2112,-93.4166],"tool":false,"touchDistance":-0.471332,"touchZone":"hovering","type":0,"width":20.25},{"bases":[[[0.754737,-0.502991,-0.421155],[0.621251,0.754244,0.212518],[0.210759,-0.422039,0.881739]],[[0.778448,-0.562945,-0.277689],[0.56625,0.820688,-0.0763676],[0.270887,-0.0977929,0.957631]],[[0.778448,-0.562945,-0.277689],[0.536599,0.826341,-0.170948],[0.325699,-0.0159335,0.945339]],[[0.778448,-0.562945,-0.277689],[0.51184,0.825353,-0.238351],[0.36337,0.0434121,0.930633]]],"btipPosition":[-24.4007,323.556,-58.768],"carpPosition":[16.8234,288.662,85.993],"dipPosition":[-18.1923,324.297,-42.8676],"direction":[-0.325699,0.0159335,-0.945339],"extended":true,"handId":805,"id":8051,"length":58.8075,"mcpPosition":[1.31791,319.711,21.1238],"pipPosition":[-10.32,323.912,-20.0184],"stabilizedTipPosition":[-83.9916,310.204,197.959],"timeVisible":0.831535,"tipPosition":[-23.693,322.391,-54.823],"tipVelocity":[34.9417,70.0625,-108.474],"tool":false,"touchDistance":-0.498603,"touchZone":"hovering","type":1,"width":19.3428},{"bases":[[[0.659232,-0.676547,-0.328174],[0.744381,0.6489,0.157564],[0.106352,-0.348158,0.931383]],[[0.662818,-0.689373,-0.292295],[0.297826,0.600873,-0.741789],[0.687002,0.404618,0.603583]],[[0.662818,-0.689373,-0.292295],[-0.563771,-0.202554,-0.800708],[0.492781,0.695512,-0.522905]],[[0.662818,-0.689373,-0.292295],[-0.747669,-0.588066,-0.308497],[0.040781,0.423017,-0.905204]]],"btipPosition":[-28.363,261.128,18.5117],"carpPosition":[26.9501,284.067,80.7053],"dipPosition":[-27.5966,269.077,1.50111],"direction":[-0.492781,-0.695512,0.522905],"extended":false,"handId":805,"id":8052,"length":67.0064,"mcpPosition":[19.5301,308.358,15.7245],"pipPosition":[-13.5837,288.855,-13.3684],"stabilizedTipPosition":[-70.0591,226.134,277.428],"timeVisible":0.831535,"tipPosition":[-28.1129,262.704,15.3389],"tipVelocity":[55.2492,37.3435,-92.6729],"tool":false,"touchDistance":0.333333,"touchZone":"none","type":2,"width":18.9972},{"bases":[[[0.609694,-0.767386,-0.198474],[0.792589,0.587476,0.163325],[-0.00873465,-0.256887,0.966402]],[[0.609549,-0.756375,-0.237374],[0.377214,0.540095,-0.752334],[0.697251,0.369044,0.61453]],[[0.609549,-0.756375,-0.237374],[-0.547356,-0.184953,-0.816207],[0.573456,0.627446,-0.526745]],[[0.609549,-0.756375,-0.237374],[-0.784169,-0.531356,-0.32053],[0.116311,0.38152,-0.917014]]],"btipPosition":[-13.0728,251.759,19.8042],"carpPosition":[35.592,276.667,76.0712],"dipPosition":[-10.8996,258.888,2.67069],"direction":[-0.573456,-0.627446,0.526745],"extended":false,"handId":805,"id":8053,"length":64.4285,"mcpPosition":[36.1391,292.758,15.5358],"pipPosition":[4.98623,276.269,-11.9212],"stabilizedTipPosition":[-52.3827,221.302,277.435],"timeVisible":0.831535,"tipPosition":[-12.4988,253.171,16.8379],"tipVelocity":[56.1867,42.6133,-106.452],"tool":false,"touchDistance":0.333333,"touchZone":"none","type":3,"width":18.077},{"bases":[[[0.46519,-0.878409,-0.109529],[0.873863,0.435949,0.215201],[-0.141285,-0.195823,0.970408]],[[0.473168,-0.864323,-0.170463],[0.488027,0.418256,-0.766089],[0.733445,0.279299,0.619718]],[[0.473168,-0.864323,-0.170463],[-0.546253,-0.13604,-0.826499],[0.691173,0.484189,-0.536509]],[[0.473168,-0.864323,-0.170463],[-0.851375,-0.398896,-0.340651],[0.226436,0.306313,-0.924608]]],"btipPosition":[4.64855,250.317,20.6183],"carpPosition":[39.8117,263.588,72.3697],"dipPosition":[8.55158,255.597,4.68107],"direction":[-0.691173,-0.484189,0.536509],"extended":false,"handId":805,"id":8054,"length":50.5107,"mcpPosition":[48.0041,274.943,16.1003],"pipPosition":[22.0701,265.067,-5.8124],"stabilizedTipPosition":[-35.9111,227.222,271.518],"timeVisible":0.831535,"tipPosition":[5.64402,251.244,17.9537],"tipVelocity":[56.3039,51.401,-128.961],"tool":false,"touchDistance":0.333333,"touchZone":"none","type":4,"width":16.0574}],"r":[[0.961978,-0.266394,0.0602726],[0.266224,0.865245,-0.424825],[0.0610204,0.424718,0.903267]],"s":0.883938,"t":[59.8718,26.8831,-267.83],"timestamp":606792216956},false],[1,{"currentFrameRate":100.058,"devices":[],"gestures":[],"hands":[{"armBasis":[[0.685803,-0.444238,-0.576478],[0.63334,0.754514,0.172015],[0.358545,-0.483075,0.798802]],"armWidth":63.72,"confidence":0.840658,"direction":[0.00802295,0.437747,-0.899063],"elbow":[124.063,137.919,298.595],"grabStrength":0,"id":805,"palmNormal":[-0.642468,-0.686713,-0.340089],"palmPosition":[19.073,293.445,35.0016],"palmVelocity":[46.9423,60.8508,-112.13],"palmWidth":90.99,"pinchStrength":1,"r":[[0.962861,-0.263775,0.0576329],[0.262652,0.865628,-0.426264],[0.0625491,0.425571,0.902761]],"s":0.885926,"sphereCenter":[-6.38796,267.135,2.72437],"sphereRadius":43.6589,"stabilizedPalmPosition":[-38.1912,267.062,292.064],"t":[60.2889,27.5615,-268.895],"timeVisible":0.840719,"type":"right","wrist":[27.2563,268.349,82.9184]}],"id":4407890,"interactionBox":{"center":[0,200,0],"size":[235.247,235.247,147.751]},"pointables":[{"bases":[[[0.884551,0.466103,0.0177957],[-0.332501,0.603331,0.724869],[0.327127,-0.647101,0.688656]],[[0.674203,0.689506,-0.264636],[-0.585233,0.717343,0.378051],[0.450503,-0.100009,0.887156]],[[0.674203,0.689506,-0.264636],[-0.732269,0.670702,-0.118071],[0.0960817,0.273389,0.957093]],[[0.674203,0.689506,-0.264636],[-0.710188,0.506928,-0.488524],[-0.202688,0.517306,0.831452]]],"btipPosition":[-22.5751,259.544,-6.19383],"carpPosition":[-1.55474,275.98,90.1825],"dipPosition":[-27.3187,271.65,13.2651],"direction":[-0.0960817,-0.273389,-0.957093],"extended":false,"handId":805,"id":8050,"length":52.1164,"mcpPosition":[-1.55474,275.98,90.1825],"pipPosition":[-24.0428,280.972,45.8978],"stabilizedTipPosition":[-75.9021,245.068,250.144],"timeVisible":0.840719,"tipPosition":[-24.0978,261.997,-1.76611],"tipVelocity":[49.2275,47.6529,-94.7176],"tool":false,"touchDistance":-0.466043,"touchZone":"hovering","type":0,"width":20.25},{"bases":[[[0.75674,-0.49861,-0.422769],[0.617448,0.757584,0.211719],[0.214717,-0.421254,0.881159]],[[0.781017,-0.558387,-0.279674],[0.563319,0.823226,-0.0705007],[0.269601,-0.102483,0.957503]],[[0.781017,-0.558387,-0.279674],[0.533619,0.829343,-0.165653],[0.324444,-0.019861,0.945696]],[[0.781017,-0.558387,-0.279674],[0.508739,0.828606,-0.233661],[0.362212,0.0402122,0.931228]]],"btipPosition":[-24.1362,324.598,-59.7435],"carpPosition":[17.2737,289.411,84.9881],"dipPosition":[-17.9476,325.285,-43.8329],"direction":[-0.324444,0.019861,-0.945696],"extended":true,"handId":805,"id":8051,"length":58.8075,"mcpPosition":[1.47708,320.402,20.1616],"pipPosition":[-10.1056,324.805,-20.9751],"stabilizedTipPosition":[-83.5809,310.301,196.256],"timeVisible":0.840719,"tipPosition":[-23.441,323.405,-55.8007],"tipVelocity":[33.0884,81.8073,-107.773],"tool":false,"touchDistance":-0.491673,"touchZone":"hovering","type":1,"width":19.3428},{"bases":[[[0.662369,-0.672734,-0.329691],[0.741059,0.652949,0.156492],[0.109994,-0.347976,0.931029]],[[0.666096,-0.685566,-0.293796],[0.293473,0.603024,-0.741779],[0.685704,0.407875,0.602867]],[[0.666096,-0.685566,-0.293796],[-0.564797,-0.206343,-0.799016],[0.487155,0.698156,-0.52465]],[[0.666096,-0.685566,-0.293796],[-0.745052,-0.593175,-0.305026],[0.0348435,0.42207,-0.905893]]],"btipPosition":[-27.817,261.708,17.6081],"carpPosition":[27.4161,284.875,79.6798],"dipPosition":[-27.1622,269.64,0.584516],"direction":[-0.487155,-0.698156,0.52465],"extended":false,"handId":805,"id":8052,"length":67.0064,"mcpPosition":[19.742,309.152,14.7238],"pipPosition":[-13.3092,289.493,-14.3346],"stabilizedTipPosition":[-69.978,226.205,276.923],"timeVisible":0.840719,"tipPosition":[-27.6149,263.274,14.3911],"tipVelocity":[55.6425,44.4378,-94.3608],"tool":false,"touchDistance":0.333333,"touchZone":"none","type":2,"width":18.9972},{"bases":[[[0.613575,-0.763904,-0.199942],[0.789617,0.591791,0.162136],[-0.00553277,-0.25736,0.9663]],[[0.613295,-0.752849,-0.238928],[0.37397,0.543214,-0.751708],[0.695712,0.371667,0.614694]],[[0.613295,-0.752849,-0.238928],[-0.547428,-0.187086,-0.815672],[0.569378,0.631044,-0.52687]],[[0.613295,-0.752849,-0.238928],[-0.781841,-0.535656,-0.319056],[0.112218,0.38248,-0.917124]]],"btipPosition":[-12.5168,252.412,18.764],"carpPosition":[36.0904,277.524,75.0265],"dipPosition":[-10.4201,259.558,1.6285],"direction":[-0.569378,-0.631044,0.52687],"extended":false,"handId":805,"id":8053,"length":64.4285,"mcpPosition":[36.4369,293.645,14.4974],"pipPosition":[5.35281,277.039,-12.9669],"stabilizedTipPosition":[-52.3261,221.348,277.067],"timeVisible":0.840719,"tipPosition":[-11.9682,253.823,15.7843],"tipVelocity":[56.8682,50.676,-108.367],"tool":false,"touchDistance":0.333333,"touchZone":"none","type":3,"width":18.077},{"bases":[[[0.469852,-0.875766,-0.110782],[0.871826,0.440694,0.213793],[-0.138412,-0.197034,0.970577]],[[0.477604,-0.861694,-0.1714],[0.485012,0.421261,-0.766357],[0.732569,0.282884,0.619128]],[[0.477604,-0.861694,-0.1714],[-0.546638,-0.138721,-0.825798],[0.687809,0.488099,-0.537289]],[[0.477604,-0.861694,-0.1714],[-0.849774,-0.403529,-0.339188],[0.223111,0.307649,-0.924972]]],"btipPosition":[5.20007,251.044,19.5926],"carpPosition":[40.3757,264.471,71.3112],"dipPosition":[9.04578,256.347,3.64899],"direction":[-0.687809,-0.488099,0.537289],"extended":false,"handId":805,"id":8054,"length":50.5107,"mcpPosition":[48.4015,275.896,15.0321],"pipPosition":[22.4985,265.893,-6.85973],"stabilizedTipPosition":[-35.859,227.253,271.201],"timeVisible":0.840719,"tipPosition":[6.17994,251.978,16.9106],"tipVelocity":[56.95,59.3067,-124.181],"tool":false,"touchDistance":0.333333,"touchZone":"none","type":4,"width":16.0574}],"r":[[0.962861,-0.263775,0.0576329],[0.262652,0.865628,-0.426264],[0.0625491,0.425571,0.902761]],"s":0.885926,"t":[60.2889,27.5615,-268.895],"timestamp":606792226140},false],[2,{"currentFrameRate":100.593,"devices":[],"gestures":[],"hands":[{"armBasis":[[0.691319,-0.437043,-0.575388],[0.626883,0.758776,0.176852],[0.359298,-0.482963,0.798531]],"armWidth":63.72,"confidence":0.84214,"direction":[0.00788254,0.439004,-0.89845],"elbow":[124.332,139.189,297.596],"grabStrength":0,"id":805,"palmNormal":[-0.635757,-0.691311,-0.343369],"palmPosition":[19.1173,294.683,34.0793],"palmVelocity":[35.5292,82.1345,-109.818],"palmWidth":90.99,"pinchStrength":1,"r":[[0.963928,-0.260171,0.0561617],[0.258739,0.866451,-0.426986],[0.0624284,0.426115,0.902512]],"s":0.887755,"sphereCenter":[-6.05713,268.335,1.67537],"sphereRadius":43.6654,"stabilizedPalmPosition":[-38.0695,267.121,291.516],"t":[60.5197,28.5197,-269.889],"timeVisible":0.849619,"type":"right","wrist":[27.3217,269.589,81.993]}],"id":4407891,"interactionBox":{"center":[0,200,0],"size":[235.247,235.247,147.751]},"pointables":[{"bases":[[[0.880766,0.473054,0.0216851],[-0.339936,0.59971,0.724425],[0.329688,-0.645421,0.689012]],[[0.66999,0.694994,-0.260953],[-0.591738,0.712227,0.377597],[0.448286,-0.0985701,0.888439]],[[0.66999,0.694994,-0.260953],[-0.736941,0.665082,-0.120766],[0.0896236,0.273219,0.957768]],[[0.66999,0.694994,-0.260953],[-0.71206,0.502205,-0.490673],[-0.209963,0.51456,0.83135]]],"btipPosition":[-22.0946,260.543,-7.30065],"carpPosition":[-1.57536,276.981,89.1603],"dipPosition":[-27.0085,272.586,12.1559],"direction":[-0.0896236,-0.273219,-0.957768],"extended":false,"handId":805,"id":8050,"length":52.1164,"mcpPosition":[-1.57536,276.981,89.1603],"pipPosition":[-23.9527,281.901,44.8116],"stabilizedTipPosition":[-75.7211,245.131,249.275],"timeVisible":0.849619,"tipPosition":[-23.6466,262.974,-2.87906],"tipVelocity":[49.3253,64.7897,-102.797],"tool":false,"touchDistance":-0.464382,"touchZone":"hovering","type":0,"width":20.25},{"bases":[[[0.762215,-0.492046,-0.420618],[0.610652,0.762154,0.215001],[0.214785,-0.420728,0.881394]],[[0.786395,-0.551677,-0.277912],[0.558204,0.827325,-0.062778],[0.264557,-0.105763,0.958553]],[[0.786395,-0.551677,-0.277912],[0.528734,0.83377,-0.15896],[0.319409,-0.0219362,0.947363]],[[0.786395,-0.551677,-0.277912],[0.503945,0.83314,-0.227855],[0.357242,0.0391321,0.933192]]],"btipPosition":[-23.8262,325.926,-60.8144],"carpPosition":[17.1654,290.567,84.0534],"dipPosition":[-17.7225,326.594,-44.8703],"direction":[-0.319409,0.0219362,-0.947363],"extended":true,"handId":805,"id":8051,"length":58.8075,"mcpPosition":[1.36375,321.52,19.2096],"pipPosition":[-10.0022,326.064,-21.9721],"stabilizedTipPosition":[-83.1256,310.419,194.369],"timeVisible":0.849619,"tipPosition":[-23.1341,324.734,-56.8797],"tipVelocity":[32.9655,99.9988,-110.951],"tool":false,"touchDistance":-0.486787,"touchZone":"hovering","type":1,"width":19.3428},{"bases":[[[0.668881,-0.667035,-0.328119],[0.73529,0.658574,0.160094],[0.109302,-0.348347,0.930971]],[[0.672579,-0.679896,-0.292197],[0.291006,0.606031,-0.740299],[0.680407,0.412878,0.605457]],[[0.672579,-0.679896,-0.292197],[-0.561799,-0.212102,-0.799621],[0.481683,0.701965,-0.52462]],[[0.672579,-0.679896,-0.292197],[-0.739355,-0.600564,-0.304431],[0.0314981,0.420791,-0.906611]]],"btipPosition":[-27.3481,262.653,16.5968],"carpPosition":[27.3628,286.119,78.7767],"dipPosition":[-26.7562,270.56,-0.440241],"direction":[-0.481683,-0.701965,0.52462],"extended":false,"handId":805,"id":8052,"length":67.0064,"mcpPosition":[19.737,310.422,13.8247],"pipPosition":[-13.0589,290.522,-15.3586],"stabilizedTipPosition":[-69.8834,226.29,276.339],"timeVisible":0.849619,"tipPosition":[-27.1984,264.213,13.2908],"tipVelocity":[54.394,61.05,-99.6958],"tool":false,"touchDistance":0.333333,"touchZone":"none","type":2,"width":18.9972},{"bases":[[[0.62033,-0.758762,-0.198671],[0.784309,0.597794,0.165838],[-0.00706711,-0.258694,0.965933]],[[0.620105,-0.747623,-0.237759],[0.373972,0.548111,-0.748144],[0.689648,0.375012,0.619477]],[[0.620105,-0.747623,-0.237759],[-0.542472,-0.189685,-0.818379],[0.56674,0.636459,-0.523189]],[[0.620105,-0.747623,-0.237759],[-0.776483,-0.541622,-0.322056],[0.112001,0.384324,-0.916379]]],"btipPosition":[-12.0509,253.481,17.5769],"carpPosition":[36.1121,278.843,74.1459],"dipPosition":[-9.95825,260.661,0.455259],"direction":[-0.566739,-0.636459,0.523189],"extended":false,"handId":805,"id":8053,"length":64.4285,"mcpPosition":[36.5548,295.048,13.6399],"pipPosition":[5.74157,278.293,-14.0381],"stabilizedTipPosition":[-52.2579,221.405,276.625],"timeVisible":0.849619,"tipPosition":[-11.5202,254.889,14.5901],"tipVelocity":[55.6106,69.799,-115.075],"tool":false,"touchDistance":0.333333,"touchZone":"none","type":3,"width":18.077},{"bases":[[[0.477168,-0.871876,-0.110192],[0.867519,0.447282,0.217601],[-0.140434,-0.199426,0.969798]],[[0.484965,-0.857818,-0.170171],[0.486525,0.426334,-0.762583],[0.726707,0.287034,0.624106]],[[0.484965,-0.857818,-0.170171],[-0.54112,-0.141474,-0.82896],[0.687022,0.494099,-0.532792]],[[0.484965,-0.857818,-0.170171],[-0.845152,-0.409698,-0.343317],[0.224784,0.310317,-0.923675]]],"btipPosition":[5.64962,252.231,18.4696],"carpPosition":[40.5142,265.829,70.4295],"dipPosition":[9.52418,257.58,2.54842],"direction":[-0.687022,-0.494099,0.532792],"extended":false,"handId":805,"id":8054,"length":50.5107,"mcpPosition":[48.6573,277.393,14.1955],"pipPosition":[22.9615,267.244,-7.87235],"stabilizedTipPosition":[-35.7935,227.294,270.805],"timeVisible":0.849619,"tipPosition":[6.62566,253.174,15.7847],"tipVelocity":[55.4016,79.7778,-124.566],"tool":false,"touchDistance":0.333333,"touchZone":"none","type":4,"width":16.0574}],"r":[[0.963928,-0.260171,0.0561617],[0.258739,0.866451,-0.426986],[0.0624284,0.426115,0.902512]],"s":0.887755,"t":[60.5197,28.5197,-269.889],"timestamp":606792235040},false],[3,{"currentFrameRate":101.039,"devices":[],"gestures":[],"hands":[{"armBasis":[[0.694062,-0.433879,-0.57448],[0.62438,0.760017,0.180342],[0.358368,-0.483863,0.798404]],"armWidth":63.72,"confidence":0.842181,"direction":[0.00614438,0.437739,-0.899081],"elbow":[124.409,139.842,296.769],"grabStrength":0,"id":805,"palmNormal":[-0.633008,-0.694321,-0.342373],"palmPosition":[19.3461,295.478,33.2506],"palmVelocity":[32.7189,83.7391,-104.832],"palmWidth":90.99,"pinchStrength":1,"r":[[0.964974,-0.256505,0.0550569],[0.254918,0.867178,-0.427809],[0.0619908,0.426859,0.902191]],"s":0.889406,"sphereCenter":[-5.75265,269.056,0.874854],"sphereRadius":43.6869,"stabilizedPalmPosition":[-37.9176,267.196,290.833],"t":[60.7494,29.3962,-270.8],"timeVisible":0.858654,"type":"right","wrist":[27.6499,270.485,81.2004]}],"id":4407892,"interactionBox":{"center":[0,200,0],"size":[235.247,235.247,147.751]},"pointables":[{"bases":[[[0.878882,0.476576,0.0210032],[-0.342316,0.599398,0.723562],[0.332243,-0.643116,0.68994]],[[0.667869,0.69689,-0.261335],[-0.593546,0.710549,0.377919],[0.449059,-0.0972862,0.88819]],[[0.667869,0.69689,-0.261335],[-0.739103,0.662333,-0.122644],[0.0876215,0.275063,0.957425]],[[0.667869,0.69689,-0.261335],[-0.71432,0.501554,-0.488048],[-0.209042,0.512628,0.832775]]],"btipPosition":[-21.7875,261.254,-8.11312],"carpPosition":[-1.27635,277.773,88.3571],"dipPosition":[-26.6798,273.251,11.3768],"direction":[-0.0876215,-0.275063,-0.957425],"extended":false,"handId":805,"id":8050,"length":52.1164,"mcpPosition":[-1.27635,277.773,88.3571],"pipPosition":[-23.6923,282.629,44.0208],"stabilizedTipPosition":[-75.5146,245.205,248.286],"timeVisible":0.858654,"tipPosition":[-23.295,263.643,-3.6711],"tipVelocity":[45.2521,68.2804,-99.017],"tool":false,"touchDistance":-0.458349,"touchZone":"hovering","type":0,"width":20.25},{"bases":[[[0.764163,-0.489622,-0.41991],[0.607622,0.764879,0.213903],[0.216449,-0.418604,0.881998]],[[0.788546,-0.548833,-0.277448],[0.556036,0.829019,-0.0595893],[0.262715,-0.107282,0.958891]],[[0.788546,-0.548833,-0.277448],[0.526393,0.835635,-0.156925],[0.317971,-0.0223039,0.947838]],[[0.788546,-0.548833,-0.277448],[0.501368,0.834988,-0.226772],[0.356126,0.0397163,0.933594]]],"btipPosition":[-23.5707,326.692,-61.7145],"carpPosition":[17.4104,291.426,83.2306],"dipPosition":[-17.486,327.371,-45.7635],"direction":[-0.317971,0.0223039,-0.947838],"extended":true,"handId":805,"id":8051,"length":58.8075,"mcpPosition":[1.48631,322.223,18.3424],"pipPosition":[-9.80054,326.832,-22.8539],"stabilizedTipPosition":[-82.6121,310.557,192.243],"timeVisible":0.858654,"tipPosition":[-22.8723,325.514,-57.7868],"tipVelocity":[31.5419,95.9011,-107.783],"tool":false,"touchDistance":-0.47992,"touchZone":"hovering","type":1,"width":19.3428},{"bases":[[[0.671524,-0.664847,-0.32716],[0.73267,0.661715,0.159145],[0.11068,-0.34657,0.931471]],[[0.675274,-0.677645,-0.291208],[0.28842,0.605992,-0.741342],[0.678837,0.416618,0.604657]],[[0.675274,-0.677645,-0.291208],[-0.562266,-0.21743,-0.79786],[0.477349,0.702511,-0.527842]],[[0.675274,-0.677645,-0.291208],[-0.737076,-0.605597,-0.299952],[0.0269067,0.417193,-0.90842]]],"btipPosition":[-26.8964,263.292,15.9096],"carpPosition":[27.6254,287.011,77.9603],"dipPosition":[-26.3908,271.132,-1.16138],"direction":[-0.477349,-0.702511,0.527842],"extended":false,"handId":805,"id":8052,"length":67.0064,"mcpPosition":[19.9035,311.19,12.9734],"pipPosition":[-12.8167,291.109,-16.1713],"stabilizedTipPosition":[-69.7661,226.396,275.62],"timeVisible":0.858654,"tipPosition":[-26.7972,264.836,12.5285],"tipVelocity":[52.5764,63.2633,-93.4209],"tool":false,"touchDistance":0.333333,"touchZone":"none","type":2,"width":18.9972},{"bases":[[[0.623337,-0.75658,-0.197581],[0.78193,0.601139,0.164977],[-0.00604468,-0.25733,0.966305]],[[0.623066,-0.745473,-0.236767],[0.372103,0.548763,-0.748598],[0.687988,0.378324,0.619309]],[[0.623066,-0.745473,-0.236767],[-0.542066,-0.193321,-0.817797],[0.563873,0.637885,-0.524548]],[[0.623066,-0.745473,-0.236767],[-0.774477,-0.545646,-0.320087],[0.109426,0.382806,-0.917325]]],"btipPosition":[-11.6219,254.156,16.8105],"carpPosition":[36.4035,279.763,73.34],"dipPosition":[-9.57735,261.308,-0.328808],"direction":[-0.563873,-0.637885,0.524548],"extended":false,"handId":805,"id":8053,"length":64.4285,"mcpPosition":[36.7821,295.882,12.8106],"pipPosition":[6.04306,278.979,-14.8598],"stabilizedTipPosition":[-52.1709,221.478,276.068],"timeVisible":0.858654,"tipPosition":[-11.115,255.557,13.7912],"tipVelocity":[53.0341,70.9651,-106.865],"tool":false,"touchDistance":0.333333,"touchZone":"none","type":3,"width":18.077},{"bases":[[[0.480624,-0.870134,-0.108938],[0.865736,0.451033,0.216956],[-0.139646,-0.198586,0.970084]],[[0.488245,-0.856405,-0.167889],[0.489932,0.42818,-0.759361],[0.722207,0.2885,0.628637]],[[0.488245,-0.856405,-0.167889],[-0.536593,-0.14288,-0.831657],[0.688247,0.496141,-0.529301]],[[0.488245,-0.856405,-0.167889],[-0.84288,-0.412886,-0.345077],[0.226206,0.309993,-0.923437]]],"btipPosition":[6.05754,253.028,17.4332],"carpPosition":[40.8572,266.761,69.6422],"dipPosition":[9.95662,258.371,1.5161],"direction":[-0.688247,-0.496141,0.529301],"extended":false,"handId":805,"id":8054,"length":50.5107,"mcpPosition":[48.9546,278.276,13.3917],"pipPosition":[23.4179,268.075,-8.8364],"stabilizedTipPosition":[-35.7092,227.347,270.298],"timeVisible":0.858654,"tipPosition":[7.03005,253.965,14.7753],"tipVelocity":[52.7491,82.07,-121.823],"tool":false,"touchDistance":0.333333,"touchZone":"none","type":4,"width":16.0574}],"r":[[0.964974,-0.256505,0.0550569],[0.254918,0.867178,-0.427809],[0.0619908,0.426859,0.902191]],"s":0.889406,"t":[60.7494,29.3962,-270.8],"timestamp":606792244075},false],[4,{"currentFrameRate":101.472,"devices":[],"gestures":[],"hands":[{"armBasis":[[0.694839,-0.433318,-0.573963],[0.623846,0.760232,0.181284],[0.357792,-0.484028,0.798563]],"armWidth":63.72,"confidence":0.814159,"direction":[0.0046896,0.437352,-0.899278],"elbow":[124.568,140.302,296.239],"grabStrength":0,"id":805,"palmNormal":[-0.632507,-0.695245,-0.341422],"palmPosition":[19.5805,295.951,32.6752],"palmVelocity":[30.8637,75.1232,-93.5403],"palmWidth":90.99,"pinchStrength":1,"r":[[0.965872,-0.253328,0.0539953],[0.251558,0.867772,-0.428591],[0.0617182,0.427547,0.901884]],"s":0.890935,"sphereCenter":[-5.5282,269.527,0.318653],"sphereRadius":43.7168,"stabilizedPalmPosition":[-37.7379,267.286,290.026],"t":[60.9815,30.0708,-271.544],"timeVisible":0.867675,"type":"right","wrist":[27.9638,270.989,80.6273]}],"id":4407893,"interactionBox":{"center":[0,200,0],"size":[235.247,235.247,147.751]},"pointables":[{"bases":[[[0.87832,0.47766,0.0198961],[-0.342309,0.599295,0.72365],[0.333735,-0.642407,0.68988]],[[0.667709,0.697021,-0.261395],[-0.592806,0.710249,0.379641],[0.450273,-0.0985333,0.887438]],[[0.667709,0.697021,-0.261395],[-0.739239,0.662203,-0.122526],[0.0876931,0.275045,0.957424]],[[0.667709,0.697021,-0.261395],[-0.716034,0.505305,-0.481625],[-0.203618,0.508752,0.836487]]],"btipPosition":[-21.6651,261.879,-8.70905],"carpPosition":[-0.964001,278.245,87.8104],"dipPosition":[-26.4305,273.786,10.8678],"direction":[-0.0876931,-0.275045,-0.957424],"extended":false,"handId":805,"id":8050,"length":52.1164,"mcpPosition":[-0.964001,278.245,87.8104],"pipPosition":[-23.4405,283.163,43.5117],"stabilizedTipPosition":[-75.2833,245.29,247.179],"timeVisible":0.867675,"tipPosition":[-23.0853,264.201,-4.21985],"tipVelocity":[37.4254,67.933,-89.3404],"tool":false,"touchDistance":-0.449487,"touchZone":"hovering","type":0,"width":20.25},{"bases":[[[0.764332,-0.488871,-0.420478],[0.606904,0.765716,0.212948],[0.217863,-0.417952,0.881959]],[[0.788895,-0.547857,-0.278383],[0.55598,0.829276,-0.0564491],[0.261782,-0.110243,0.95881]],[[0.788895,-0.547857,-0.278383],[0.526051,0.836221,-0.154932],[0.317671,-0.0242183,0.947892]],[[0.788895,-0.547857,-0.278383],[0.500697,0.835678,-0.22571],[0.356295,0.0386764,0.933573]]],"btipPosition":[-23.3399,327.328,-62.2808],"carpPosition":[17.7008,291.919,82.6589],"dipPosition":[-17.2523,327.989,-46.3302],"direction":[-0.317671,0.0242183,-0.947892],"extended":true,"handId":805,"id":8051,"length":58.8075,"mcpPosition":[1.67269,322.667,17.7735],"pipPosition":[-9.57411,327.404,-23.4193],"stabilizedTipPosition":[-82.0444,310.715,189.896],"timeVisible":0.867675,"tipPosition":[-22.631,326.158,-58.3628],"tipVelocity":[29.9231,88.7806,-95.4032],"tool":false,"touchDistance":-0.468757,"touchZone":"hovering","type":1,"width":19.3428},{"bases":[[[0.672002,-0.664168,-0.327556],[0.732022,0.662681,0.158107],[0.112056,-0.346027,0.931509]],[[0.675807,-0.676956,-0.291575],[0.287213,0.606172,-0.741663],[0.678818,0.417477,0.604086]],[[0.675807,-0.676956,-0.291575],[-0.563502,-0.219517,-0.796416],[0.475132,0.702526,-0.529817]],[[0.675807,-0.676956,-0.291575],[-0.736702,-0.607714,-0.296571],[0.0235707,0.415228,-0.909412]]],"btipPosition":[-26.5754,263.752,15.4291],"carpPosition":[27.9157,287.513,77.3801],"dipPosition":[-26.1325,271.555,-1.66053],"direction":[-0.475132,-0.702526,0.529817],"extended":false,"handId":805,"id":8052,"length":67.0064,"mcpPosition":[20.0978,311.655,12.3906],"pipPosition":[-12.6215,291.532,-16.7266],"stabilizedTipPosition":[-69.6255,226.523,274.762],"timeVisible":0.867675,"tipPosition":[-26.5107,265.282,12.0094],"tipVelocity":[47.4618,59.621,-82.504],"tool":false,"touchDistance":0.333333,"touchZone":"none","type":2,"width":18.9972},{"bases":[[[0.62406,-0.755903,-0.197887],[0.781362,0.602167,0.163914],[-0.00474197,-0.256914,0.966423]],[[0.623734,-0.744789,-0.237162],[0.371184,0.549258,-0.748691],[0.68788,0.378953,0.619044]],[[0.623734,-0.744789,-0.237162],[-0.542884,-0.194497,-0.816975],[0.562346,0.638326,-0.525648]],[[0.623734,-0.744789,-0.237162],[-0.774273,-0.547178,-0.317959],[0.107043,0.38195,-0.917963]]],"btipPosition":[-11.3173,254.617,16.2713],"carpPosition":[36.698,280.275,72.7539],"dipPosition":[-9.3173,261.753,-0.879937],"direction":[-0.562346,-0.638326,0.525648],"extended":false,"handId":805,"id":8053,"length":64.4285,"mcpPosition":[36.995,296.368,12.2172],"pipPosition":[6.26082,279.436,-15.4414],"stabilizedTipPosition":[-52.0651,221.567,275.392],"timeVisible":0.867675,"tipPosition":[-10.833,256.011,13.2264],"tipVelocity":[47.42,65.3859,-93.9926],"tool":false,"touchDistance":0.333333,"touchZone":"none","type":3,"width":18.077},{"bases":[[[0.481577,-0.869593,-0.109049],[0.865405,0.452187,0.215873],[-0.138411,-0.198331,0.970313]],[[0.489023,-0.856105,-0.167152],[0.491013,0.42856,-0.758447],[0.720946,0.288825,0.629935]],[[0.489023,-0.856105,-0.167152],[-0.535889,-0.143669,-0.831975],[0.688244,0.49643,-0.529035]],[[0.489023,-0.856105,-0.167152],[-0.842661,-0.414163,-0.34408],[0.225341,0.309116,-0.923942]]],"btipPosition":[6.35219,253.527,16.7926],"carpPosition":[41.1638,267.277,69.0573],"dipPosition":[10.2363,258.855,0.866811],"direction":[-0.688244,-0.49643,0.529035],"extended":false,"handId":805,"id":8054,"length":50.5107,"mcpPosition":[49.1896,278.777,12.7935],"pipPosition":[23.6976,268.564,-9.48047],"stabilizedTipPosition":[-35.6066,227.412,269.683],"timeVisible":0.867675,"tipPosition":[7.30978,254.458,14.1189],"tipVelocity":[47.1179,74.5852,-107.904],"tool":false,"touchDistance":0.333333,"touchZone":"none","type":4,"width":16.0574}],"r":[[0.965872,-0.253328,0.0539953],[0.251558,0.867772,-0.428591],[0.0617182,0.427547,0.901884]],"s":0.890935,"t":[60.9815,30.0708,-271.544],"timestamp":606792253096},false],[5,{"currentFrameRate":101.865,"devices":[],"gestures":[],"hands":[{"armBasis":[[0.698013,-0.428076,-0.574047],[0.620904,0.761161,0.187379],[0.35673,-0.487221,0.797094]],"armWidth":63.72,"confidence":0.816902,"direction":[0.00363353,0.437996,-0.89897],"elbow":[124.518,140.273,295.047],"grabStrength":0,"id":805,"palmNormal":[-0.629153,-0.697753,-0.342502],"palmPosition":[19.7545,296.781,31.8887],"palmVelocity":[27.6441,79.6931,-91.6786],"palmWidth":90.99,"pinchStrength":1,"r":[[0.966791,-0.24995,0.0532913],[0.248193,0.868516,-0.429045],[0.0609556,0.428024,0.90171]],"s":0.892372,"sphereCenter":[-5.2433,270.365,-0.507466],"sphereRadius":43.7231,"stabilizedPalmPosition":[-37.5224,267.396,289.059],"t":[61.1845,30.8235,-272.308],"timeVisible":0.876736,"type":"right","wrist":[28.2012,271.823,79.8314]}],"id":4407894,"interactionBox":{"center":[0,200,0],"size":[235.247,235.247,147.751]},"pointables":[{"bases":[[[0.876213,0.481464,0.0210581],[-0.345597,0.597295,0.723742],[0.335877,-0.641429,0.68975]],[[0.665464,0.699777,-0.259749],[-0.595605,0.707557,0.380285],[0.449902,-0.0983583,0.887645]],[[0.665464,0.699777,-0.259749],[-0.741581,0.659421,-0.123379],[0.0849462,0.274729,0.957762]],[[0.665464,0.699777,-0.259749],[-0.717699,0.504239,-0.480262],[-0.205101,0.506018,0.837782]]],"btipPosition":[-21.3189,262.648,-9.57949],"carpPosition":[-0.764684,278.948,86.9922],"dipPosition":[-26.119,274.491,10.0276],"direction":[-0.0849462,-0.274729,-0.957762],"extended":false,"handId":805,"id":8050,"length":52.1164,"mcpPosition":[-0.764684,278.948,86.9922],"pipPosition":[-23.2227,283.858,42.6831],"stabilizedTipPosition":[-75.0216,245.389,245.93],"timeVisible":0.876736,"tipPosition":[-22.728,264.941,-5.07692],"tipVelocity":[37.3973,72.1598,-90.9847],"tool":false,"touchDistance":-0.445824,"touchZone":"hovering","type":0,"width":20.25},{"bases":[[[0.766849,-0.485246,-0.420094],[0.603364,0.768201,0.214053],[0.218848,-0.417616,0.881874]],[[0.791487,-0.54406,-0.278471],[0.55332,0.831369,-0.0516014],[0.259586,-0.113242,0.959058]],[[0.791487,-0.54406,-0.278471],[0.52329,0.838641,-0.151161],[0.315778,-0.0260789,0.948475]],[[0.791487,-0.54406,-0.278471],[0.497771,0.838197,-0.222825],[0.354644,0.0377486,0.934239]]],"btipPosition":[-23.0996,328.281,-63.1018],"carpPosition":[17.8452,292.706,81.8678],"dipPosition":[-17.0403,328.926,-47.1398],"direction":[-0.315778,0.0260789,-0.948475],"extended":true,"handId":805,"id":8051,"length":58.8075,"mcpPosition":[1.74464,323.43,16.9886],"pipPosition":[-9.40781,328.295,-24.2148],"stabilizedTipPosition":[-81.4061,310.903,187.258],"timeVisible":0.876736,"tipPosition":[-22.3805,327.117,-59.1939],"tipVelocity":[28.7848,93.1814,-93.9989],"tool":false,"touchDistance":-0.46249,"touchZone":"hovering","type":1,"width":19.3428},{"bases":[[[0.675196,-0.661009,-0.327381],[0.728981,0.66575,0.159259],[0.112683,-0.346186,0.931374]],[[0.679025,-0.673815,-0.291375],[0.285173,0.607841,-0.741084],[0.676463,0.420122,0.604893]],[[0.679025,-0.673815,-0.291375],[-0.56308,-0.223379,-0.79564],[0.471027,0.704326,-0.531091]],[[0.679025,-0.673815,-0.291375],[-0.733852,-0.612401,-0.293983],[0.0196518,0.413448,-0.910316]]],"btipPosition":[-26.1468,264.454,14.6684],"carpPosition":[28.0843,288.349,76.5956],"dipPosition":[-25.7775,272.223,-2.43828],"direction":[-0.471027,-0.704326,0.531091],"extended":false,"handId":805,"id":8052,"length":67.0064,"mcpPosition":[20.2226,312.502,11.6155],"pipPosition":[-12.3832,292.252,-17.5406],"stabilizedTipPosition":[-69.4565,226.677,273.737],"timeVisible":0.876736,"tipPosition":[-26.1282,265.971,11.1842],"tipVelocity":[46.903,64.3067,-83.0251],"tool":false,"touchDistance":0.333333,"touchZone":"none","type":2,"width":18.9972},{"bases":[[[0.627531,-0.753042,-0.197822],[0.778579,0.605448,0.165071],[-0.00453461,-0.257607,0.966239]],[[0.627192,-0.741882,-0.237153],[0.370545,0.552037,-0.746961],[0.685074,0.380612,0.621134]],[[0.627192,-0.741882,-0.237153],[-0.541179,-0.196122,-0.817717],[0.560139,0.641207,-0.524497]],[[0.627192,-0.741882,-0.237153],[-0.771702,-0.550716,-0.318102],[0.10539,0.382522,-0.917916]]],"btipPosition":[-10.9086,255.373,15.3754],"carpPosition":[36.9023,281.152,71.9727],"dipPosition":[-8.93949,262.52,-1.77493],"direction":[-0.560139,-0.641207,0.524497],"extended":false,"handId":805,"id":8053,"length":64.4285,"mcpPosition":[37.1863,297.288,11.4475],"pipPosition":[6.57749,280.283,-16.3045],"stabilizedTipPosition":[-51.9364,221.676,274.575],"timeVisible":0.876736,"tipPosition":[-10.4453,256.761,12.3151],"tipVelocity":[46.5638,70.4479,-95.3334],"tool":false,"touchDistance":0.333333,"touchZone":"none","type":3,"width":18.077},{"bases":[[[0.485461,-0.867412,-0.109197],[0.863225,0.455798,0.217005],[-0.138461,-0.199609,0.970044]],[[0.492852,-0.853969,-0.166834],[0.490502,0.431046,-0.757369],[0.718683,0.291438,0.631315]],[[0.492852,-0.853969,-0.166834],[-0.534375,-0.145747,-0.832587],[0.686689,0.499494,-0.528171]],[[0.492852,-0.853969,-0.166834],[-0.840642,-0.417844,-0.344569],[0.224541,0.310069,-0.923817]]],"btipPosition":[6.74363,254.331,15.9544],"carpPosition":[41.4282,268.176,68.2713],"dipPosition":[10.614,259.676,0.03071],"direction":[-0.686688,-0.499494,0.528171],"extended":false,"handId":805,"id":8054,"length":50.5107,"mcpPosition":[49.4568,279.75,12.0231],"pipPosition":[24.0448,269.445,-10.2997],"stabilizedTipPosition":[-35.4789,227.495,268.923],"timeVisible":0.876736,"tipPosition":[7.69055,255.267,13.2611],"tipVelocity":[45.9394,78.6313,-103.638],"tool":false,"touchDistance":0.333333,"touchZone":"none","type":4,"width":16.0574}],"r":[[0.966791,-0.24995,0.0532913],[0.248193,0.868516,-0.429045],[0.0609556,0.428024,0.90171]],"s":0.892372,"t":[61.1845,30.8235,-272.308],"timestamp":606792262157},false],[6,{"currentFrameRate":102.199,"devices":[],"gestures":[],"hands":[{"armBasis":[[0.699172,-0.425449,-0.574588],[0.620287,0.760617,0.191586],[0.355532,-0.490361,0.795703]],"armWidth":63.72,"confidence":0.808373,"direction":[0.00217079,0.437846,-0.899047],"elbow":[124.484,140.073,293.932],"grabStrength":0,"id":805,"palmNormal":[-0.628248,-0.698874,-0.341877],"palmPosition":[19.9633,297.406,31.1519],"palmVelocity":[26.3037,76.5154,-88.5793],"palmWidth":90.99,"pinchStrength":1,"r":[[0.967609,-0.246918,0.0525799],[0.245136,0.869171,-0.429477],[0.0603445,0.428455,0.901546]],"s":0.893907,"sphereCenter":[-5.06446,271.065,-1.21071],"sphereRadius":43.7292,"stabilizedPalmPosition":[-37.2715,267.527,287.933],"t":[61.3905,31.5121,-273.059],"timeVisible":0.885883,"type":"right","wrist":[28.4907,272.47,79.0921]}],"id":4407895,"interactionBox":{"center":[0,200,0],"size":[235.247,235.247,147.751]},"pointables":[{"bases":[[[0.875415,0.482947,0.0202711],[-0.346024,0.596835,0.723917],[0.337515,-0.640742,0.689589]],[[0.664647,0.700516,-0.259848],[-0.595822,0.706783,0.381383],[0.450822,-0.098662,0.887145]],[[0.664647,0.700516,-0.259848],[-0.742356,0.658517,-0.123543],[0.084571,0.275012,0.957714]],[[0.664647,0.700516,-0.259848],[-0.719085,0.505306,-0.477056],[-0.202883,0.503927,0.839581]]],"btipPosition":[-21.1207,263.302,-10.3122],"carpPosition":[-0.481402,279.547,86.275],"dipPosition":[-25.8688,275.095,9.33704],"direction":[-0.084571,-0.275012,-0.957714],"extended":false,"handId":805,"id":8050,"length":52.1164,"mcpPosition":[-0.481402,279.547,86.275],"pipPosition":[-22.9853,284.472,41.9909],"stabilizedTipPosition":[-74.7292,245.503,244.536],"timeVisible":0.885883,"tipPosition":[-22.4943,265.567,-5.78862],"tipVelocity":[33.3838,71.6284,-87.6604],"tool":false,"touchDistance":-0.44042,"touchZone":"hovering","type":0,"width":20.25},{"bases":[[[0.76733,-0.484022,-0.420627],[0.602237,0.769257,0.213436],[0.220262,-0.417093,0.88177]],[[0.792117,-0.54255,-0.279626],[0.552883,0.831882,-0.0478829],[0.258594,-0.116671,0.958914]],[[0.792117,-0.54255,-0.279626],[0.522686,0.839533,-0.14827],[0.315199,-0.0287093,0.948591]],[[0.792117,-0.54255,-0.279626],[0.496946,0.83926,-0.220653],[0.354394,0.0358241,0.93441]]],"btipPosition":[-22.8869,329.116,-63.8282],"carpPosition":[18.1011,293.336,81.1333],"dipPosition":[-16.8318,329.728,-47.8633],"direction":[-0.315199,0.0287093,-0.948591],"extended":true,"handId":805,"id":8051,"length":58.8075,"mcpPosition":[1.89648,324.022,16.2618],"pipPosition":[-9.21336,329.034,-24.9354],"stabilizedTipPosition":[-80.6891,311.123,184.297],"timeVisible":0.885883,"tipPosition":[-22.1582,327.947,-59.9294],"tipVelocity":[27.2157,92.4332,-89.9186],"tool":false,"touchDistance":-0.455461,"touchZone":"hovering","type":1,"width":19.3428},{"bases":[[[0.676048,-0.659923,-0.327811],[0.727983,0.667009,0.158559],[0.114016,-0.345834,0.931343]],[[0.679934,-0.672738,-0.291742],[0.283807,0.608291,-0.741239],[0.676124,0.421195,0.604526]],[[0.679934,-0.672738,-0.291742],[-0.564226,-0.22588,-0.794121],[0.468336,0.704558,-0.533159]],[[0.679934,-0.672738,-0.291742],[-0.733102,-0.615044,-0.290315],[0.0158713,0.411272,-0.911375]]],"btipPosition":[-25.8169,265.058,14.025],"carpPosition":[28.3432,288.996,75.8536],"dipPosition":[-25.5187,272.787,-3.10158],"direction":[-0.468336,-0.704558,0.533159],"extended":false,"handId":805,"id":8052,"length":67.0064,"mcpPosition":[20.3886,313.124,10.8757],"pipPosition":[-12.2009,292.822,-18.2627],"stabilizedTipPosition":[-69.2565,226.86,272.531],"timeVisible":0.885883,"tipPosition":[-25.8372,266.56,10.497],"tipVelocity":[43.3876,64.5131,-79.6333],"tool":false,"touchDistance":0.333333,"touchZone":"none","type":2,"width":18.9972},{"bases":[[[0.628643,-0.752014,-0.198197],[0.777687,0.606791,0.164341],[-0.00332267,-0.257447,0.966287]],[[0.628254,-0.740871,-0.237501],[0.369162,0.552589,-0.747238],[0.684847,0.381779,0.620668]],[[0.628254,-0.740871,-0.237501],[-0.542021,-0.197804,-0.816754],[0.558131,0.64186,-0.525839]],[[0.628254,-0.740871,-0.237501],[-0.77119,-0.552696,-0.315901],[0.102776,0.381624,-0.918586]]],"btipPosition":[-10.6025,255.97,14.6951],"carpPosition":[37.1697,281.812,71.2248],"dipPosition":[-8.68219,263.1,-2.46777],"direction":[-0.558131,-0.64186,0.525839],"extended":false,"handId":805,"id":8053,"length":64.4285,"mcpPosition":[37.3778,297.939,10.6966],"pipPosition":[6.77914,280.881,-17.0346],"stabilizedTipPosition":[-51.7828,221.808,273.605],"timeVisible":0.885883,"tipPosition":[-10.1632,257.354,11.5953],"tipVelocity":[42.5766,68.8889,-89.5874],"tool":false,"touchDistance":0.333333,"touchZone":"none","type":3,"width":18.077},{"bases":[[[0.486838,-0.866609,-0.109439],[0.862627,0.457294,0.216233],[-0.137344,-0.199675,0.970189]],[[0.494132,-0.853229,-0.166835],[0.489514,0.431642,-0.757668],[0.718478,0.29272,0.630955]],[[0.494132,-0.853229,-0.166835],[-0.534952,-0.147129,-0.831974],[0.685318,0.500353,-0.529137]],[[0.494132,-0.853229,-0.166835],[-0.840377,-0.419607,-0.34307],[0.222712,0.309726,-0.924375]]],"btipPosition":[7.03079,254.946,15.2379],"carpPosition":[41.7145,268.844,67.522],"dipPosition":[10.8696,260.285,-0.695366],"direction":[-0.685318,-0.500353,0.529137],"extended":false,"handId":805,"id":8054,"length":50.5107,"mcpPosition":[49.6784,280.422,11.2654],"pipPosition":[24.2736,270.071,-11.0447],"stabilizedTipPosition":[-35.3243,227.597,268.007],"timeVisible":0.885883,"tipPosition":[7.96386,255.882,12.5214],"tipVelocity":[41.6698,75.4203,-96.6597],"tool":false,"touchDistance":0.333333,"touchZone":"none","type":4,"width":16.0574}],"r":[[0.967609,-0.246918,0.0525799],[0.245136,0.869171,-0.429477],[0.0603445,0.428455,0.901546]],"s":0.893907,"t":[61.3905,31.5121,-273.059],"tim