{"sensorType":"Leap","data":[[0,{"currentFrameRate":104.329,"devices":[],"gestures":[],"hands":[{"armBasis":[[0.742193,-0.248541,-0.622396],[0.548483,0.758927,0.350992],[0.385117,-0.601878,0.699591]],"armWidth":63.1234,"confidence":0.860883,"direction":[-0.041458,0.306999,-0.950806],"elbow":[90.7695,136.707,278.352],"grabStrength":0,"id":902,"palmNormal":[-0.547554,-0.802979,-0.235393],"palmPosition":[-23.1106,314.536,40.8816],"palmVelocity":[18.3442,25.3072,-92.89],"palmWidth":90.138,"pinchStrength":1,"r":[[0.83124,-0.474448,0.289721],[0.55174,0.76784,-0.325583],[-0.0679875,0.430488,0.900032]],"s":0.871215,"sphereCenter":[-50.7889,286.738,13.8171],"sphereRadius":43.6215,"stabilizedPalmPosition":[-62.2943,288.934,141.148],"t":[81.156,72.6139,-180.685],"timeVisible":0.686981,"type":"right","wrist":[-12.2385,297.692,91.231]}],"id":4466243,"interactionBox":{"center":[0,200,0],"size":[235.247,235.247,147.751]},"pointables":[{"bases":[[[0.817958,0.572543,-0.0560298],[-0.411547,0.650429,0.638413],[0.401962,-0.499136,0.767652]],[[0.652648,0.699259,-0.291697],[-0.68379,0.709426,0.170722],[0.326317,0.0880382,0.941152]],[[0.652648,0.699259,-0.291697],[-0.755603,0.629065,-0.182597],[0.0558138,0.339579,0.93892]],[[0.652648,0.699259,-0.291697],[-0.704515,0.418437,-0.57321],[-0.278765,0.579609,0.765731]]],"btipPosition":[-53.1171,273.227,1.61667],"carpPosition":[-41.5585,302.488,97.6232],"dipPosition":[-59.5801,286.665,19.3697],"direction":[-0.0558138,-0.339579,-0.93892],"extended":false,"handId":902,"id":9020,"length":51.6284,"mcpPosition":[-41.5585,302.488,97.6232],"pipPosition":[-57.6949,298.135,51.083],"stabilizedTipPosition":[-88.0322,250.258,89.7936],"timeVisible":0.686981,"tipPosition":[-54.5037,275.165,6.00839],"tipVelocity":[3.37732,86.0258,-116.17],"tool":false,"touchDistance":-0.483382,"touchZone":"touching","type":0,"width":20.0604},{"bases":[[[0.816917,-0.452061,-0.358172],[0.514618,0.851712,0.0987635],[0.260412,-0.265003,0.928417]],[[0.849843,-0.491397,-0.190512],[0.488741,0.870076,-0.0640336],[0.197226,-0.0386925,0.979594]],[[0.849843,-0.491397,-0.190512],[0.468547,0.869949,-0.153792],[0.241309,0.0414353,0.969563]],[[0.849843,-0.491397,-0.190512],[0.450563,0.864936,-0.221086],[0.273422,0.102051,0.956465]]],"btipPosition":[-62.493,335.456,-58.2645],"carpPosition":[-24.7143,317.215,90.4949],"dipPosition":[-57.8652,337.183,-42.0758],"direction":[-0.241309,-0.0414353,-0.969563],"extended":true,"handId":902,"id":9021,"length":58.2569,"mcpPosition":[-43.6933,336.528,22.8312],"pipPosition":[-52.0872,338.175,-18.8605],"stabilizedTipPosition":[-97.4663,309.98,27.0438],"timeVisible":0.686981,"tipPosition":[-61.6281,334.671,-54.4149],"tipVelocity":[42.536,68.7851,-97.5753],"tool":false,"touchDistance":-0.490667,"touchZone":"touching","type":1,"width":19.1617},{"bases":[[[0.74481,-0.622236,-0.241],[0.650911,0.757,0.0571477],[0.146877,-0.199434,0.968841]],[[0.74524,-0.622822,-0.238137],[0.16766,0.520689,-0.837122],[0.645374,0.583931,0.492461]],[[0.74524,-0.622822,-0.238137],[-0.517301,-0.314684,-0.795848],[0.420734,0.716286,-0.556702]],[[0.74524,-0.622822,-0.238137],[-0.663781,-0.659024,-0.353668],[0.0633345,0.421639,-0.904549]]],"btipPosition":[-68.1394,271.225,27.8434],"carpPosition":[-14.1409,313.351,85.7977],"dipPosition":[-66.9604,279.074,11.0043],"direction":[-0.420734,-0.716286,0.556702],"extended":false,"handId":902,"id":9022,"length":66.379,"mcpPosition":[-24.2922,327.134,18.8365],"pipPosition":[-55.1082,299.252,-4.67806],"stabilizedTipPosition":[-99.5676,238.356,133.23],"timeVisible":0.686981,"tipPosition":[-67.6421,272.968,24.8232],"tipVelocity":[10.6305,39.9125,-110.003],"tool":false,"touchDistance":0.333333,"touchZone":"none","type":2,"width":18.8193},{"bases":[[[0.707104,-0.700086,-0.0994177],[0.706812,0.703866,0.0706388],[0.0205235,-0.120219,0.992535]],[[0.706971,-0.699367,-0.105254],[0.417621,0.532918,-0.735929],[0.570776,0.476324,0.668827]],[[0.706971,-0.699367,-0.105254],[-0.323665,-0.187615,-0.927384],[0.628834,0.689701,-0.358999]],[[0.706971,-0.699367,-0.105254],[-0.63052,-0.555845,-0.541739],[0.32037,0.449358,-0.833931]]],"btipPosition":[-54.3832,265.785,16.2364],"carpPosition":[-4.65977,306.652,82.1427],"dipPosition":[-48.4534,274.102,0.801182],"direction":[-0.628834,-0.689701,0.358999],"extended":false,"handId":902,"id":9023,"length":63.8252,"mcpPosition":[-5.93333,314.112,20.5524],"pipPosition":[-31.1966,293.03,-9.05069],"stabilizedTipPosition":[-89.2791,229.442,144.429],"timeVisible":0.686981,"tipPosition":[-52.9559,267.584,14.0337],"tipVelocity":[12.1228,42.52,-134.764],"tool":false,"touchDistance":0.333333,"touchZone":"none","type":3,"width":17.9078},{"bases":[[[0.578156,-0.815906,0.00582988],[0.807206,0.573004,0.141725],[-0.118974,-0.077233,0.989889]],[[0.575584,-0.817322,0.0262049],[0.571347,0.379021,-0.727946],[0.585034,0.433966,0.685134]],[[0.575584,-0.817322,0.0262049],[-0.268969,-0.219484,-0.937807],[0.772242,0.532739,-0.346166]],[[0.575584,-0.817322,0.0262049],[-0.663245,-0.485343,-0.569692],[0.47834,0.310525,-0.821441]]],"btipPosition":[-35.5683,267.592,20.1058],"carpPosition":[1.22072,293.981,80.2325],"dipPosition":[-27.4005,272.895,6.07935],"direction":[-0.772242,-0.532739,0.346166],"extended":false,"handId":902,"id":9024,"length":50.0378,"mcpPosition":[8.05488,298.418,23.3711],"pipPosition":[-12.4378,283.217,-0.627847],"stabilizedTipPosition":[-77.1019,228.927,155.184],"timeVisible":0.686981,"tipPosition":[-33.6586,268.744,18.091],"tipVelocity":[13.5475,33.6819,-124.193],"tool":false,"touchDistance":0.333333,"touchZone":"none","type":4,"width":15.9071}],"r":[[0.83124,-0.474448,0.289721],[0.55174,0.76784,-0.325583],[-0.0679875,0.430488,0.900032]],"s":0.871215,"t":[81.156,72.6139,-180.685],"timestamp":607336414772},false],[1,{"currentFrameRate":104.659,"devices":[],"gestures":[],"hands":[{"armBasis":[[0.741431,-0.252288,-0.621797],[0.551991,0.756203,0.351373],[0.381557,-0.603746,0.699932]],"armWidth":63.1234,"confidence":0.838744,"direction":[-0.0381812,0.312909,-0.949015],"elbow":[89.6233,136.325,277.266],"grabStrength":0,"id":902,"palmNormal":[-0.551336,-0.79867,-0.241155],"palmPosition":[-23.1279,315.013,39.7882],"palmVelocity":[12.8077,32.9365,-100.92],"palmWidth":90.138,"pinchStrength":1,"r":[[0.829326,-0.477446,0.290283],[0.554558,0.766925,-0.322942],[-0.0684381,0.428803,0.900802]],"s":0.870339,"sphereCenter":[-50.819,287.379,12.4631],"sphereRadius":43.6782,"stabilizedPalmPosition":[-62.2906,288.936,141.138],"t":[81.2103,72.9846,-181.605],"timeVisible":0.695921,"type":"right","wrist":[-12.4325,297.81,90.0542]}],"id":4466244,"interactionBox":{"center":[0,200,0],"size":[235.247,235.247,147.751]},"pointables":[{"bases":[[[0.821041,0.568571,-0.0511794],[-0.409257,0.648738,0.641598],[0.397996,-0.505832,0.765332]],[[0.659141,0.696437,-0.28374],[-0.677491,0.713691,0.177906],[0.326403,0.0749669,0.942253]],[[0.659141,0.696437,-0.28374],[-0.749715,0.638067,-0.175492],[0.0588265,0.328398,0.942706]],[[0.659141,0.696437,-0.28374],[-0.698686,0.427574,-0.573601],[-0.278157,0.576329,0.768423]]],"btipPosition":[-53.4169,274.56,0.173281],"carpPosition":[-41.7382,302.721,96.4245],"dipPosition":[-59.8658,287.922,17.9887],"direction":[-0.0588265,-0.328398,-0.942706],"extended":false,"handId":902,"id":9020,"length":51.6284,"mcpPosition":[-41.7382,302.721,96.4245],"pipPosition":[-57.8789,299.014,49.8299],"stabilizedTipPosition":[-87.9506,250.326,89.5831],"timeVisible":0.695921,"tipPosition":[-54.7647,276.435,4.56458],"tipVelocity":[-6.60285,102.713,-128.095],"tool":false,"touchDistance":-0.484813,"touchZone":"touching","type":0,"width":20.0604},{"bases":[[[0.815167,-0.454183,-0.359471],[0.518895,0.848394,0.104765],[0.257391,-0.271929,0.927257]],[[0.847421,-0.494406,-0.193494],[0.493682,0.867874,-0.0554321],[0.195334,-0.04855,0.979534]],[[0.847421,-0.494406,-0.193494],[0.473394,0.86863,-0.146218],[0.240366,0.0323096,0.970145]],[[0.847421,-0.494406,-0.193494],[0.455234,0.864179,-0.214375],[0.273201,0.0935807,0.957394]]],"btipPosition":[-62.2564,336.928,-59.288],"carpPosition":[-24.8046,317.401,89.4139],"dipPosition":[-57.6322,338.512,-43.0836],"direction":[-0.240366,-0.0323096,-0.970145],"extended":true,"handId":902,"id":9021,"length":58.2569,"mcpPosition":[-43.5635,337.22,21.8348],"pipPosition":[-51.8769,339.286,-19.8543],"stabilizedTipPosition":[-97.2408,310.15,26.5303],"timeVisible":0.695921,"tipPosition":[-61.3765,336.115,-55.4517],"tipVelocity":[38.123,93.9825,-102.082],"tool":false,"touchDistance":-0.485232,"touchZone":"touching","type":1,"width":19.1617},{"bases":[[[0.741964,-0.624677,-0.243448],[0.654763,0.753219,0.0628158],[0.14413,-0.206008,0.967878]],[[0.742387,-0.625283,-0.240588],[0.171905,0.52486,-0.833649],[0.647542,0.577532,0.497138]],[[0.742387,-0.625283,-0.240588],[-0.517507,-0.30713,-0.79866],[0.425497,0.71742,-0.551598]],[[0.742387,-0.625283,-0.240588],[-0.666596,-0.653376,-0.358817],[0.0671684,0.426756,-0.901869]]],"btipPosition":[-68.3611,272.017,26.4071],"carpPosition":[-14.2433,313.51,84.7118],"dipPosition":[-67.1107,279.962,9.61788],"direction":[-0.425497,-0.71742,0.551598],"extended":false,"handId":902,"id":9022,"length":66.379,"mcpPosition":[-24.2049,327.748,17.8172],"pipPosition":[-55.1244,300.172,-5.92071],"stabilizedTipPosition":[-99.5641,238.36,133.217],"timeVisible":0.695921,"tipPosition":[-67.8511,273.776,23.3915],"tipVelocity":[1.45911,53.8836,-123.484],"tool":false,"touchDistance":0.333333,"touchZone":"none","type":2,"width":18.8193},{"bases":[[[0.703603,-0.703176,-0.102401],[0.710361,0.699713,0.0760838],[0.0181514,-0.126275,0.991829]],[[0.703482,-0.70241,-0.10832],[0.422478,0.535853,-0.731009],[0.571511,0.468489,0.673716]],[[0.703482,-0.70241,-0.10832],[-0.322025,-0.179157,-0.929625],[0.633571,0.688857,-0.352227]],[[0.703482,-0.70241,-0.10832],[-0.632062,-0.548633,-0.547265],[0.324976,0.453456,-0.82992]]],"btipPosition":[-54.615,266.587,14.6941],"carpPosition":[-4.79105,306.784,81.033],"dipPosition":[-48.6,274.98,-0.666942],"direction":[-0.633571,-0.688857,0.352227],"extended":false,"handId":902,"id":9023,"length":63.8252,"mcpPosition":[-5.91741,314.62,19.4865],"pipPosition":[-31.2132,293.884,-10.333],"stabilizedTipPosition":[-89.2776,229.444,144.423],"timeVisible":0.695921,"tipPosition":[-53.1738,268.395,12.4808],"tipVelocity":[2.33041,55.9378,-144.551],"tool":false,"touchDistance":0.333333,"touchZone":"none","type":3,"width":17.9078},{"bases":[[[0.573866,-0.818947,0.00192602],[0.809944,0.567902,0.146555],[-0.121115,-0.0825432,0.989201]],[[0.570817,-0.820681,0.025497],[0.578741,0.380122,-0.721502],[0.582431,0.426602,0.691943]],[[0.570817,-0.820681,0.025497],[-0.263196,-0.212301,-0.941093],[0.77775,0.530481,-0.337185]],[[0.570817,-0.820681,0.025497],[-0.662254,-0.478537,-0.576561],[0.485374,0.312225,-0.816656]]],"btipPosition":[-35.7754,268.283,18.4755],"carpPosition":[1.02639,294.094,79.0569],"dipPosition":[-27.4874,273.614,4.53073],"direction":[-0.77775,-0.530481,0.337185],"extended":false,"handId":902,"id":9024,"length":50.0378,"mcpPosition":[7.98349,298.836,22.235],"pipPosition":[-12.418,283.893,-2.00246],"stabilizedTipPosition":[-77.1008,228.928,155.18],"timeVisible":0.695921,"tipPosition":[-33.8512,269.43,16.4787],"tipVelocity":[4.36924,45.7867,-139.501],"tool":false,"touchDistance":0.333333,"touchZone":"none","type":4,"width":15.9071}],"r":[[0.829326,-0.477446,0.290283],[0.554558,0.766925,-0.322942],[-0.0684381,0.428803,0.900802]],"s":0.870339,"t":[81.2103,72.9846,-181.605],"timestamp":607336423712},false],[2,{"currentFrameRate":104.818,"devices":[],"gestures":[],"hands":[{"armBasis":[[0.7429,-0.25342,-0.619579],[0.552582,0.754577,0.35393],[0.377827,-0.605303,0.700611]],"armWidth":63.1234,"confidence":0.842867,"direction":[-0.0351157,0.316638,-0.947896],"elbow":[88.3775,136.205,276.357],"grabStrength":0,"id":902,"palmNormal":[-0.552235,-0.796671,-0.245664],"palmPosition":[-23.2123,315.523,38.7361],"palmVelocity":[6.64648,39.2045,-104.543],"palmWidth":90.138,"pinchStrength":1,"r":[[0.827452,-0.480383,0.290785],[0.557268,0.766216,-0.319946],[-0.0691076,0.426785,0.901709]],"s":0.869481,"sphereCenter":[-50.7934,287.9,11.1831],"sphereRadius":43.7294,"stabilizedPalmPosition":[-62.2861,288.939,141.126],"t":[81.1953,73.4253,-182.591],"timeVisible":0.705165,"type":"right","wrist":[-12.6805,298.107,88.9629]}],"id":4466245,"interactionBox":{"center":[0,200,0],"size":[235.247,235.247,147.751]},"pointables":[{"bases":[[[0.822258,0.567182,-0.0468567],[-0.40968,0.647046,0.643034],[0.395036,-0.509544,0.764402]],[[0.663046,0.695343,-0.277251],[-0.674169,0.715654,0.182578],[0.32537,0.0658569,0.943291]],[[0.663046,0.695343,-0.277251],[-0.746225,0.643302,-0.171203],[0.0593119,0.320407,0.945421]],[[0.663046,0.695343,-0.277251],[-0.694016,0.432193,-0.575804],[-0.280555,0.574202,0.769143]]],"btipPosition":[-53.5816,275.658,-1.13486],"carpPosition":[-41.9932,303.049,95.2761],"dipPosition":[-60.0862,288.97,16.6973],"direction":[-0.0593119,-0.320407,-0.945421],"extended":false,"handId":902,"id":9020,"length":51.6284,"mcpPosition":[-41.9932,303.049,95.2761],"pipPosition":[-58.0828,299.793,48.6302],"stabilizedTipPosition":[-87.8265,250.433,89.2561],"timeVisible":0.705165,"tipPosition":[-54.9156,277.499,3.24139],"tipVelocity":[-10.1414,106.883,-131.747],"tool":false,"touchDistance":-0.48423,"touchZone":"touching","type":0,"width":20.0604},{"bases":[[[0.815228,-0.454362,-0.359108],[0.520244,0.846984,0.109383],[0.254459,-0.275996,0.926864]],[[0.846824,-0.495024,-0.194528],[0.495658,0.867138,-0.0489367],[0.192907,-0.0549784,0.979676]],[[0.846824,-0.495024,-0.194528],[0.475358,0.86847,-0.140694],[0.238588,0.0266729,0.970754]],[[0.846824,-0.495024,-0.194528],[0.45711,0.864349,-0.209648],[0.27192,0.0886141,0.958231]]],"btipPosition":[-62.0839,338.04,-60.342],"carpPosition":[-25.0134,317.724,88.3661],"dipPosition":[-57.4815,339.54,-44.1233],"direction":[-0.238588,-0.0266729,-0.970754],"extended":true,"handId":902,"id":9021,"length":58.2569,"mcpPosition":[-43.5586,337.839,20.8156],"pipPosition":[-51.7687,340.179,-20.8795],"stabilizedTipPosition":[-96.9068,310.411,25.7635],"timeVisible":0.705165,"tipPosition":[-61.1868,337.222,-56.5172],"tipVelocity":[32.5029,100.777,-105.335],"tool":false,"touchDistance":-0.480802,"touchZone":"touching","type":1,"width":19.1617},{"bases":[[[0.741397,-0.625161,-0.243934],[0.656039,0.75171,0.0674191],[0.14122,-0.210015,0.967445]],[[0.741811,-0.625779,-0.241074],[0.175128,0.527783,-0.831129],[0.647338,0.574322,0.501106]],[[0.741811,-0.625779,-0.241074],[-0.515982,-0.302994,-0.801222],[0.428344,0.718745,-0.547656]],[[0.741811,-0.625779,-0.241074],[-0.666907,-0.650679,-0.363115],[0.0703682,0.430137,-0.900017]]],"btipPosition":[-68.494,272.668,25.0666],"carpPosition":[-14.4474,313.831,83.6764],"dipPosition":[-67.1841,280.675,8.31183],"direction":[-0.428344,-0.718745,0.547656],"extended":false,"handId":902,"id":9022,"length":66.379,"mcpPosition":[-24.2078,328.346,16.8117],"pipPosition":[-55.1175,300.922,-7.11569],"stabilizedTipPosition":[-99.5594,238.365,133.201],"timeVisible":0.705165,"tipPosition":[-67.9746,274.438,22.0524],"tipVelocity":[-2.5739,58.9514,-129.29],"tool":false,"touchDistance":0.333333,"touchZone":"none","type":2,"width":18.8193},{"bases":[[[0.702519,-0.704129,-0.103291],[0.7115,0.698046,0.0806246],[0.0153321,-0.130132,0.991378]],[[0.702404,-0.703261,-0.109784],[0.427675,0.540284,-0.724698],[0.568967,0.462079,0.680265]],[[0.702404,-0.703261,-0.109784],[-0.317169,-0.171167,-0.932795],[0.637207,0.690018,-0.343281]],[[0.702404,-0.703261,-0.109784],[-0.630614,-0.543334,-0.554179],[0.330083,0.458489,-0.825126]]],"btipPosition":[-54.7292,267.302,13.0612],"carpPosition":[-4.99847,307.101,79.9961],"dipPosition":[-48.6197,275.788,-2.21114],"direction":[-0.637207,-0.690018,0.343281],"extended":false,"handId":902,"id":9023,"length":63.8252,"mcpPosition":[-5.94987,315.176,18.4777],"pipPosition":[-31.133,294.724,-11.6317],"stabilizedTipPosition":[-89.2754,229.446,144.415],"timeVisible":0.705165,"tipPosition":[-53.275,269.118,10.875],"tipVelocity":[-1.13186,62.5893,-152.946],"tool":false,"touchDistance":0.333333,"touchZone":"none","type":3,"width":17.9078},{"bases":[[[0.57229,-0.820051,0.000251907],[0.810646,0.565773,0.150845],[-0.123843,-0.0861226,0.988557]],[[0.568894,-0.822005,0.0258297],[0.583545,0.381331,-0.716981],[0.579513,0.422959,0.696614]],[[0.568894,-0.822005,0.0258297],[-0.258208,-0.208343,-0.943357],[0.780825,0.530001,-0.330773]],[[0.568894,-0.822005,0.0258297],[-0.660162,-0.475165,-0.581726],[0.490455,0.313889,-0.812975]]],"btipPosition":[-35.8894,268.91,17.091],"carpPosition":[0.799778,294.408,77.9862],"dipPosition":[-27.5147,274.27,3.20911],"direction":[-0.780825,-0.530001,0.330773],"extended":false,"handId":902,"id":9024,"length":50.0378,"mcpPosition":[7.91359,299.355,21.2012],"pipPosition":[-12.3856,284.539,-3.19984],"stabilizedTipPosition":[-77.0994,228.929,155.176],"timeVisible":0.705165,"tipPosition":[-33.9528,270.06,15.0893],"tipVelocity":[0.284217,52.182,-141.946],"tool":false,"touchDistance":0.333333,"touchZone":"none","type":4,"width":15.9071}],"r":[[0.827452,-0.480383,0.290785],[0.557268,0.766216,-0.319946],[-0.0691076,0.426785,0.901709]],"s":0.869481,"t":[81.1953,73.4253,-182.591],"timestamp":607336432956},false],[3,{"currentFrameRate":105.176,"devices":[],"gestures":[],"hands":[{"armBasis":[[0.743659,-0.254477,-0.618233],[0.553639,0.752778,0.356102],[0.374773,-0.607097,0.700699]],"armWidth":63.1234,"confidence":0.849666,"direction":[-0.0319505,0.320974,-0.946549],"elbow":[87.2723,135.974,275.249],"grabStrength":0,"id":902,"palmNormal":[-0.553579,-0.79419,-0.250623],"palmPosition":[-23.3312,316.023,37.6577],"palmVelocity":[1.21082,43.8859,-109.258],"palmWidth":90.138,"pinchStrength":1,"r":[[0.825561,-0.483399,0.29116],[0.559967,0.765647,-0.316578],[-0.069892,0.424394,0.902776]],"s":0.86893,"sphereCenter":[-50.8884,288.549,9.88096],"sphereRadius":43.7746,"stabilizedPalmPosition":[-62.281,288.943,141.113],"t":[81.1283,73.8955,-183.623],"timeVisible":0.714006,"type":"right","wrist":[-12.9688,298.355,87.8319]}],"id":4466246,"interactionBox":{"center":[0,200,0],"size":[235.247,235.247,147.751]},"pointables":[{"bases":[[[0.82377,0.565348,-0.0422485],[-0.409699,0.645167,0.644908],[0.391855,-0.513946,0.763092]],[[0.666531,0.694385,-0.271229],[-0.671117,0.717323,0.187216],[0.324559,0.0572407,0.944132]],[[0.666531,0.694385,-0.271229],[-0.743146,0.647656,-0.168151],[0.0589018,0.31364,0.947713]],[[0.666531,0.694385,-0.271229],[-0.689655,0.436222,-0.578002],[-0.28304,0.572311,0.769642]]],"btipPosition":[-53.7618,276.649,-2.44768],"carpPosition":[-42.285,303.342,94.0938],"dipPosition":[-60.324,289.918,15.3961],"direction":[-0.0589018,-0.31364,-0.947713],"extended":false,"handId":902,"id":9020,"length":51.6284,"mcpPosition":[-42.285,303.342,94.0938],"pipPosition":[-58.3345,300.511,47.4063],"stabilizedTipPosition":[-87.6673,250.576,88.8277],"timeVisible":0.714006,"tipPosition":[-55.0967,278.482,1.90341],"tipVelocity":[-13.3165,107.986,-136.194],"tool":false,"touchDistance":-0.483792,"touchZone":"touching","type":0,"width":20.0604},{"bases":[[[0.815005,-0.454765,-0.359104],[0.522055,0.845193,0.11449],[0.251446,-0.280782,0.926249]],[[0.845917,-0.495931,-0.196158],[0.498169,0.866093,-0.041359],[0.190402,-0.0627335,0.9797]],[[0.845917,-0.495931,-0.196158],[0.477889,0.868141,-0.133992],[0.236744,0.0196048,0.971374]],[[0.845917,-0.495931,-0.196158],[0.459571,0.864467,-0.203695],[0.270591,0.0821603,0.959182]]],"btipPosition":[-61.9293,339.279,-61.4028],"carpPosition":[-25.2517,318.005,87.2924],"dipPosition":[-57.3494,340.67,-45.1681],"direction":[-0.236744,-0.0196048,-0.971374],"extended":true,"handId":902,"id":9021,"length":58.2569,"mcpPosition":[-43.5773,338.469,19.7867],"pipPosition":[-51.6808,341.139,-21.9094],"stabilizedTipPosition":[-96.468,310.766,24.7474],"timeVisible":0.714006,"tipPosition":[-61.0202,338.437,-57.5885],"tipVelocity":[28.2833,110.646,-109.184],"tool":false,"touchDistance":-0.476912,"touchZone":"touching","type":1,"width":19.1617},{"bases":[[[0.740464,-0.625895,-0.244884],[0.657719,0.749772,0.0724388],[0.138268,-0.214703,0.966843]],[[0.74087,-0.626527,-0.242025],[0.178567,0.531113,-0.828271],[0.647477,0.570423,0.505362]],[[0.74087,-0.626527,-0.242025],[-0.514678,-0.298063,-0.803906],[0.43153,0.720154,-0.543286]],[[0.74087,-0.626527,-0.242025],[-0.66759,-0.647365,-0.367753],[0.073729,0.43403,-0.897876]]],"btipPosition":[-68.6851,273.342,23.6774],"carpPosition":[-14.6836,314.107,82.6117],"dipPosition":[-67.3126,281.422,6.96252],"direction":[-0.43153,-0.720154,0.543286],"extended":false,"handId":902,"id":9022,"length":66.379,"mcpPosition":[-24.2399,328.946,15.7887],"pipPosition":[-55.1563,301.709,-8.34191],"stabilizedTipPosition":[-99.5538,238.372,133.18],"timeVisible":0.714006,"tipPosition":[-68.1553,275.125,20.6661],"tipVelocity":[-7.2836,64.1457,-136.539],"tool":false,"touchDistance":0.333333,"touchZone":"none","type":2,"width":18.8193},{"bases":[[[0.701038,-0.705397,-0.104695],[0.713014,0.695912,0.0855418],[0.0125176,-0.134617,0.990819]],[[0.700928,-0.704394,-0.111932],[0.431885,0.544069,-0.71935],[0.567605,0.455871,0.685571]],[[0.700928,-0.704394,-0.111932],[-0.313864,-0.163704,-0.935249],[0.64046,0.690674,-0.335829]],[[0.700928,-0.704394,-0.111932],[-0.630036,-0.537937,-0.560071],[0.334298,0.46309,-0.820848]]],"btipPosition":[-54.9051,268.021,11.5062],"carpPosition":[-5.24205,307.37,78.925],"dipPosition":[-48.7176,276.593,-3.68696],"direction":[-0.64046,-0.690674,0.335829],"extended":false,"handId":902,"id":9023,"length":63.8252,"mcpPosition":[-6.01881,315.724,17.4412],"pipPosition":[-31.1417,295.547,-12.903],"stabilizedTipPosition":[-89.2727,229.45,144.404],"timeVisible":0.714006,"tipPosition":[-53.4398,269.849,9.31966],"tipVelocity":[-5.65907,68.2687,-158.593],"tool":false,"touchDistance":0.333333,"touchZone":"none","type":3,"width":17.9078},{"bases":[[[0.570263,-0.821459,-0.00199993],[0.811657,0.56308,0.155415],[-0.126541,-0.0902506,0.987847]],[[0.566541,-0.823643,0.0253531],[0.588666,0.382999,-0.711888],[0.576632,0.418238,0.701835]],[[0.566541,-0.823643,0.0253531],[-0.253047,-0.203174,-0.945879],[0.784218,0.529464,-0.323527]],[[0.566541,-0.823643,0.0253531],[-0.658167,-0.470803,-0.587504],[0.49583,0.316159,-0.808824]]],"btipPosition":[-36.0609,269.549,15.6239],"carpPosition":[0.529906,294.672,76.8725],"dipPosition":[-27.5944,274.947,1.81291],"direction":[-0.784218,-0.529464,0.323527],"extended":false,"handId":902,"id":9024,"length":50.0378,"mcpPosition":[7.79869,299.856,20.1283],"pipPosition":[-12.3996,285.206,-4.45564],"stabilizedTipPosition":[-77.0976,228.931,155.17],"timeVisible":0.714006,"tipPosition":[-34.1115,270.703,13.6273],"tipVelocity":[-4.39339,57.8721,-147.937],"tool":false,"touchDistance":0.333333,"touchZone":"none","type":4,"width":15.9071}],"r":[[0.825561,-0.483399,0.29116],[0.559967,0.765647,-0.316578],[-0.069892,0.424394,0.902776]],"s":0.86893,"t":[81.1283,73.8955,-183.623],"timestamp":607336441797},false],[4,{"currentFrameRate":105.352,"devices":[],"gestures":[],"hands":[{"armBasis":[[0.743645,-0.256169,-0.617551],[0.554834,0.751825,0.356255],[0.373029,-0.607566,0.701223]],"armWidth":63.1234,"confidence":0.85572,"direction":[-0.0290572,0.323786,-0.945684],"elbow":[86.5923,136.027,274.572],"grabStrength":0,"id":902,"palmNormal":[-0.554993,-0.792082,-0.254143],"palmPosition":[-23.3897,316.372,36.869],"palmVelocity":[-0.908745,42.272,-102.789],"palmWidth":90.138,"pinchStrength":1,"r":[[0.823672,-0.486387,0.291533],[0.56264,0.765081,-0.313189],[-0.0707153,0.421994,0.903837]],"s":0.868578,"sphereCenter":[-50.8734,288.953,8.90568],"sphereRadius":43.823,"stabilizedPalmPosition":[-62.2747,288.947,141.096],"t":[81.0656,74.3052,-184.534],"timeVisible":0.723171,"type":"right","wrist":[-13.1824,298.534,87.0146]}],"id":4466247,"interactionBox":{"center":[0,200,0],"size":[235.247,235.247,147.751]},"pointables":[{"bases":[[[0.825263,0.563415,-0.0387932],[-0.409523,0.644319,0.645867],[0.388886,-0.517123,0.762464]],[[0.669971,0.692922,-0.266455],[-0.667573,0.719334,0.192107],[0.324785,0.0491724,0.944509]],[[0.669971,0.692922,-0.266455],[-0.739946,0.652361,-0.164031],[0.0601642,0.307058,0.949787]],[[0.669971,0.692922,-0.266455],[-0.686732,0.442101,-0.577015],[-0.282026,0.569566,0.772047]]],"btipPosition":[-54.0541,277.567,-3.45974],"carpPosition":[-42.4999,303.575,93.2262],"dipPosition":[-60.5927,290.772,14.4397],"direction":[-0.0601642,-0.307058,-0.949787],"extended":false,"handId":902,"id":9020,"length":51.6284,"mcpPosition":[-42.4999,303.575,93.2262],"pipPosition":[-58.5606,301.144,46.5201],"stabilizedTipPosition":[-87.4507,250.779,88.2331],"timeVisible":0.723171,"tipPosition":[-55.3229,279.369,0.893468],"tipVelocity":[-18.331,105.369,-128.619],"tool":false,"touchDistance":-0.478735,"touchZone":"touching","type":0,"width":20.0604},{"bases":[[[0.814667,-0.455753,-0.358619],[0.523897,0.843556,0.118088],[0.248696,-0.284082,0.925985]],[[0.844928,-0.497113,-0.197421],[0.500656,0.86493,-0.035201],[0.188254,-0.0690977,0.979687]],[[0.844928,-0.497113,-0.197421],[0.480403,0.867577,-0.128545],[0.235179,0.0137696,0.971855]],[[0.844928,-0.497113,-0.197421],[0.462032,0.864279,-0.198866],[0.269486,0.0768129,0.959936]]],"btipPosition":[-61.7449,340.231,-62.1948],"carpPosition":[-25.4152,318.216,86.5049],"dipPosition":[-57.1837,341.531,-45.9473],"direction":[-0.235179,-0.0137696,-0.971855],"extended":true,"handId":902,"id":9021,"length":58.2569,"mcpPosition":[-43.5404,338.92,19.0184],"pipPosition":[-51.5525,341.861,-22.6771],"stabilizedTipPosition":[-95.864,311.269,23.3426],"timeVisible":0.723171,"tipPosition":[-60.8221,339.37,-58.3898],"tipVelocity":[25.8775,108.128,-102.746],"tool":false,"touchDistance":-0.46939,"touchZone":"touching","type":1,"width":19.1617},{"bases":[[[0.739448,-0.627026,-0.24506],[0.659417,0.74792,0.0760607],[0.135593,-0.217839,0.96652]],[[0.739846,-0.627668,-0.242201],[0.181767,0.533099,-0.826296],[0.647757,0.567308,0.508501]],[[0.739846,-0.627668,-0.242201],[-0.513602,-0.294402,-0.805941],[0.434559,0.720667,-0.540184]],[[0.739846,-0.627668,-0.242201],[-0.668375,-0.644612,-0.371147],[0.0768316,0.436473,-0.896431]]],"btipPosition":[-68.8196,273.846,22.6601],"carpPosition":[-14.8465,314.305,81.8363],"dipPosition":[-67.3893,281.971,5.97211],"direction":[-0.434559,-0.720667,0.540184],"extended":false,"handId":902,"id":9022,"length":66.379,"mcpPosition":[-24.218,329.361,15.0355],"pipPosition":[-55.1477,302.272,-9.24494],"stabilizedTipPosition":[-99.5467,238.38,133.154],"timeVisible":0.723171,"tipPosition":[-68.2803,275.637,19.6486],"tipVelocity":[-8.94004,61.8932,-129.229],"tool":false,"touchDistance":0.333333,"touchZone":"none","type":2,"width":18.8193},{"bases":[[[0.699514,-0.706834,-0.105189],[0.714549,0.693885,0.0891297],[0.00998911,-0.13751,0.99045]],[[0.699413,-0.705721,-0.113042],[0.435609,0.546306,-0.715398],[0.566627,0.451117,0.689512]],[[0.699413,-0.705721,-0.113042],[-0.311241,-0.158365,-0.937043],[0.643389,0.690563,-0.330412]],[[0.699413,-0.705721,-0.113042],[-0.629801,-0.533783,-0.564293],[0.337894,0.465868,-0.817799]]],"btipPosition":[-55.0235,268.548,10.3754],"carpPosition":[-5.41359,307.555,78.1508],"dipPosition":[-48.7694,277.171,-4.76131],"direction":[-0.64339,-0.690563,0.330412],"extended":false,"handId":902,"id":9023,"length":63.8252,"mcpPosition":[-6.03345,316.088,16.69],"pipPosition":[-31.1131,296.121,-13.8287],"stabilizedTipPosition":[-89.269,229.454,144.39],"timeVisible":0.723171,"tipPosition":[-53.5496,270.382,8.17959],"tipVelocity":[-7.2154,65.6107,-148.38],"tool":false,"touchDistance":0.333333,"touchZone":"none","type":3,"width":17.9078},{"bases":[[[0.568225,-0.822867,-0.00311935],[0.812707,0.560606,0.158835],[-0.128952,-0.0927893,0.9873]],[[0.564159,-0.825253,0.0261048],[0.593205,0.38313,-0.708039],[0.57431,0.414932,0.705691]],[[0.564159,-0.825253,0.0261048],[-0.248658,-0.199966,-0.947725],[0.787333,0.528176,-0.318019]],[[0.564159,-0.825253,0.0261048],[-0.656554,-0.467556,-0.591886],[0.500661,0.316778,-0.805599]]],"btipPosition":[-36.1825,270.001,14.5604],"carpPosition":[0.331346,294.848,76.0744],"dipPosition":[-27.6335,275.41,0.80444],"direction":[-0.787333,-0.528176,0.318019],"extended":false,"handId":902,"id":9024,"length":50.0378,"mcpPosition":[7.73862,300.178,19.3616],"pipPosition":[-12.3784,285.644,-5.35738],"stabilizedTipPosition":[-77.0951,228.934,155.161],"timeVisible":0.723171,"tipPosition":[-34.2201,271.156,12.5595],"tipVelocity":[-6.29039,55.5794,-138.658],"tool":false,"touchDistance":0.333333,"touchZone":"none","type":4,"width":15.9071}],"r":[[0.823672,-0.486387,0.291533],[0.56264,0.765081,-0.313189],[-0.0707153,0.421994,0.903837]],"s":0.868578,"t":[81.0656,74.3052,-184.534],"timestamp":607336450962},false],[5,{"currentFrameRate":105.624,"devices":[],"gestures":[],"hands":[{"armBasis":[[0.744039,-0.257605,-0.616478],[0.555311,0.751506,0.356187],[0.371531,-0.607354,0.7022]],"armWidth":63.1234,"confidence":0.862253,"direction":[-0.0273327,0.325567,-0.945124],"elbow":[86.1112,136.212,274.295],"grabStrength":0,"id":902,"palmNormal":[-0.555581,-0.790945,-0.25639],"palmPosition":[-23.3781,316.605,36.3492],"palmVelocity":[-0.303434,37.8188,-90.5233],"palmWidth":90.138,"pinchStrength":1,"r":[[0.821955,-0.48908,0.291875],[0.565043,0.764595,-0.310033],[-0.0715351,0.419755,0.904814]],"s":0.868362,"sphereCenter":[-50.748,289.158,8.24337],"sphereRadius":43.8688,"stabilizedPalmPosition":[-62.2676,288.952,141.077],"t":[81.04,74.6266,-185.249],"timeVisible":0.732136,"type":"right","wrist":[-13.263,298.662,86.4762]}],"id":4466248,"interactionBox":{"center":[0,200,0],"size":[235.247,235.247,147.751]},"pointables":[{"bases":[[[0.82599,0.562495,-0.0365869],[-0.409664,0.643616,0.646478],[0.387189,-0.518996,0.762055]],[[0.671886,0.692234,-0.263405],[-0.665129,0.720385,0.196596],[0.325843,0.0431084,0.944441]],[[0.671886,0.692234,-0.263405],[-0.738061,0.6555,-0.159957],[0.0619343,0.301882,0.951332]],[[0.671886,0.692234,-0.263405],[-0.684307,0.444125,-0.57834],[-0.283362,0.568828,0.772102]]],"btipPosition":[-54.2185,278.211,-4.08031],"carpPosition":[-42.5832,303.727,92.6557],"dipPosition":[-60.7881,291.399,13.8205],"direction":[-0.0619343,-0.301882,-0.951332],"extended":false,"handId":902,"id":9020,"length":51.6284,"mcpPosition":[-42.5832,303.727,92.6557],"pipPosition":[-58.6962,301.596,45.9529],"stabilizedTipPosition":[-87.1833,251.036,87.4895],"timeVisible":0.732136,"tipPosition":[-55.4456,280.011,0.249186],"tipVelocity":[-18.5502,96.0652,-112.354],"tool":false,"touchDistance":-0.468499,"touchZone":"touching","type":0,"width":20.0604},{"bases":[[[0.814627,-0.456067,-0.358311],[0.524739,0.842707,0.120387],[0.247047,-0.28609,0.925808]],[[0.844456,-0.497463,-0.198556],[0.501991,0.864333,-0.0305434],[0.186813,-0.073881,0.979613]],[[0.844456,-0.497463,-0.198556],[0.481677,0.867431,-0.124701],[0.234268,0.00966421,0.972124]],[[0.844456,-0.497463,-0.198556],[0.463186,0.864383,-0.195706],[0.268985,0.0732966,0.960351]]],"btipPosition":[-61.5893,340.883,-62.7116],"carpPosition":[-25.4715,318.36,85.9856],"dipPosition":[-57.0366,342.123,-46.4571],"direction":[-0.234268,-0.00966421,-0.972124],"extended":true,"handId":902,"id":9021,"length":58.2569,"mcpPosition":[-43.4765,339.21,18.512],"pipPosition":[-51.4273,342.355,-23.1805],"stabilizedTipPosition":[-95.1255,311.894,21.6214],"timeVisible":0.732136,"tipPosition":[-60.6543,340.013,-58.9146],"tipVelocity":[23.4846,98.0086,-90.354],"tool":false,"touchDistance":-0.458512,"touchZone":"touching","type":1,"width":19.1617},{"bases":[[[0.739043,-0.627459,-0.245174],[0.660204,0.746986,0.0783737],[0.133966,-0.219786,0.966306]],[[0.739436,-0.628107,-0.242315],[0.183619,0.534445,-0.825017],[0.647703,0.565553,0.51052]],[[0.739436,-0.628107,-0.242315],[-0.512783,-0.292246,-0.807246],[0.436221,0.721162,-0.53818]],[[0.739436,-0.628107,-0.242315],[-0.668616,-0.643101,-0.373327],[0.0786558,0.438067,-0.895494]]],"btipPosition":[-68.8397,274.16,21.993],"carpPosition":[-14.9009,314.445,81.3247],"dipPosition":[-67.3755,282.315,5.32243],"direction":[-0.436221,-0.721162,0.53818],"extended":false,"handId":902,"id":9022,"length":66.379,"mcpPosition":[-24.1599,329.635,14.5387],"pipPosition":[-55.0871,302.63,-9.83816],"stabilizedTipPosition":[-99.5386,238.39,133.124],"timeVisible":0.732136,"tipPosition":[-68.2956,275.957,18.9794],"tipVelocity":[-6.86903,54.7642,-114.105],"tool":false,"touchDistance":0.333333,"touchZone":"none","type":2,"width":18.8193},{"bases":[[[0.698816,-0.707478,-0.105508],[0.715252,0.692861,0.0914206],[0.00842435,-0.139351,0.990207]],[[0.698719,-0.706264,-0.113942],[0.438682,0.548798,-0.711603],[0.565111,0.447227,0.693281]],[[0.698719,-0.706264,-0.113942],[-0.308261,-0.153506,-0.938835],[0.645575,0.691105,-0.324971]],[[0.698719,-0.706264,-0.113942],[-0.628898,-0.530479,-0.568401],[0.340998,0.46881,-0.814823]]],"btipPosition":[-55.0339,268.9,9.50852],"carpPosition":[-5.47085,307.691,77.6401],"dipPosition":[-48.7224,277.577,-5.57309],"direction":[-0.645575,-0.691105,0.324971],"extended":false,"handId":902,"id":9023,"length":63.8252,"mcpPosition":[-5.99361,316.338,16.1943],"pipPosition":[-31.0061,296.543,-14.4912],"stabilizedTipPosition":[-89.2645,229.459,144.373],"timeVisible":0.732136,"tipPosition":[-53.5516,270.742,7.31805],"tipVelocity":[-5.15721,58.795,-133.848],"tool":false,"touchDistance":0.333333,"touchZone":"none","type":3,"width":17.9078},{"bases":[[[0.567243,-0.823541,-0.00383835],[0.813152,0.559337,0.161018],[-0.130458,-0.0944577,0.986944]],[[0.56288,-0.826095,0.0270654],[0.596208,0.383126,-0.705515],[0.572453,0.413257,0.708178]],[[0.56288,-0.826095,0.0270654],[-0.245481,-0.198353,-0.948892],[0.789243,0.527468,-0.31444]],[[0.56288,-0.826095,0.0270654],[-0.655187,-0.465912,-0.594691],[0.503881,0.317007,-0.803499]]],"btipPosition":[-36.1924,270.298,13.8624],"carpPosition":[0.261801,294.981,75.5483],"dipPosition":[-27.5884,275.711,0.142301],"direction":[-0.789243,-0.527469,0.31444],"extended":false,"handId":902,"id":9024,"length":50.0378,"mcpPosition":[7.75562,300.407,18.856],"pipPosition":[-12.2963,285.931,-5.95017],"stabilizedTipPosition":[-77.0922,228.937,155.152],"timeVisible":0.732136,"tipPosition":[-34.2214,271.452,11.8514],"tipVelocity":[-4.48612,49.4508,-121.767],"tool":false,"touchDistance":0.333333,"touchZone":"none","type":4,"width":15.9071}],"r":[[0.821955,-0.48908,0.291875],[0.565043,0.764595,-0.310033],[-0.0715351,0.419755,0.904814]],"s":0.868362,"t":[81.04,74.6266,-185.249],"timestamp":607336459927},false],[6,{"currentFrameRate":105.737,"devices":[],"gestures":[],"hands":[{"armBasis":[[0.743591,-0.261379,-0.615429],[0.557722,0.750154,0.355268],[0.368807,-0.607413,0.703585]],"armWidth":63.1234,"confidence":0.862846,"direction":[-0.0247734,0.328541,-0.944165],"elbow":[85.2341,136.283,273.808],"grabStrength":0,"id":902,"palmNormal":[-0.558132,-0.7881,-0.259591],"palmPosition":[-23.3881,316.882,35.5326],"palmVelocity":[-0.522479,35.589,-89.9012],"palmWidth":90.138,"pinchStrength":1,"r":[[0.820129,-0.492017,0.292075],[0.567612,0.763965,-0.306878],[-0.0721458,0.417465,0.905824]],"s":0.868565,"sphereCenter":[-50.8574,289.691,7.2935],"sphereRadius":43.9011,"stabilizedPalmPosition":[-62.2596,288.958,141.055],"t":[81.0223,74.9255,-186.014],"timeVisible":0.741384,"type":"right","wrist":[-13.4113,298.748,85.6189]}],"id":4466249,"interactionBox":{"center":[0,200,0],"size":[235.247,235.247,147.751]},"pointables":[{"bases":[[[0.828115,0.559544,-0.0336957],[-0.40821,0.643156,0.647854],[0.384175,-0.522743,0.761019]],[[0.675128,0.690374,-0.259973],[-0.661747,0.722511,0.200171],[0.326027,0.0368951,0.94464]],[[0.675128,0.690374,-0.259973],[-0.734999,0.659633,-0.157035],[0.0630743,0.297099,0.952761]],[[0.675128,0.690374,-0.259973],[-0.680912,0.447587,-0.579676],[-0.283833,0.568375,0.772262]]],"btipPosition":[-54.3934,278.867,-5.02581],"carpPosition":[-42.7214,303.903,91.7721],"dipPosition":[-60.9739,292.044,12.8787],"direction":[-0.0630743,-0.297099,-0.952761],"extended":false,"handId":902,"id":9020,"length":51.6284,"mcpPosition":[-42.7214,303.903,91.7721],"pipPosition":[-58.8435,302.079,45.0595],"stabilizedTipPosition":[-86.8591,251.355,86.5731],"timeVisible":0.741384,"tipPosition":[-55.6119,280.688,-0.720653],"tipVelocity":[-18.7285,88.9144,-109.486],"tool":false,"touchDistance":-0.464152,"touchZone":"touching","type":0,"width":20.0604},{"bases":[[[0.813449,-0.457985,-0.35854],[0.527677,0.84039,0.123703],[0.244659,-0.289819,0.925282]],[[0.842728,-0.499646,-0.200406],[0.505568,0.862446,-0.0242542],[0.184958,-0.0808793,0.979413]],[[0.842728,-0.499646,-0.200406],[0.485322,0.866225,-0.118817],[0.232963,0.00286899,0.972481]],[[0.842728,-0.499646,-0.200406],[0.466814,0.863653,-0.190232],[0.26813,0.0667616,0.961067]]],"btipPosition":[-61.3654,341.859,-63.5],"carpPosition":[-25.5462,318.493,85.171],"dipPosition":[-56.8271,342.989,-47.2333],"direction":[-0.232963,-0.00286899,-0.972481],"extended":true,"handId":902,"id":9021,"length":58.2569,"mcpPosition":[-43.3772,339.615,17.7358],"pipPosition":[-51.249,343.057,-23.9482],"stabilizedTipPosition":[-94.1894,312.707,19.4327],"timeVisible":0.741384,"tipPosition":[-60.4312,340.957,-59.7089],"tipVelocity":[23.5888,99.3485,-88.8347],"tool":false,"touchDistance":-0.452778,"touchZone":"touching","type":1,"width":19.1617},{"bases":[[[0.73707,-0.62944,-0.246034],[0.662847,0.744296,0.0815908],[0.131766,-0.223221,0.965821]],[[0.737456,-0.630098,-0.243176],[0.186821,0.536309,-0.823086],[0.649042,0.561559,0.513221]],[[0.737456,-0.630098,-0.243176],[-0.512669,-0.287838,-0.8089],[0.439691,0.721198,-0.535299]],[[0.737456,-0.630098,-0.243176],[-0.670448,-0.639461,-0.376283],[0.0815934,0.440529,-0.894023]]],"btipPosition":[-68.9867,274.649,20.9776],"carpPosition":[-14.9835,314.553,80.5132],"dipPosition":[-67.4678,282.85,4.33441],"direction":[-0.439691,-0.721198,0.535299],"extended":false,"handId":902,"id":9022,"length":66.379,"mcpPosition":[-24.0904,329.981,13.7608],"pipPosition":[-55.0816,303.167,-10.745],"stabilizedTipPosition":[-99.529,238.402,133.088],"timeVisible":0.741384,"tipPosition":[-68.4331,276.454,17.9641],"tipVelocity":[-9.02214,54.5648,-112.704],"tool":false,"touchDistance":0.333333,"touchZone":"none","type":2,"width":18.8193},{"bases":[[[0.696347,-0.709734,-0.10667],[0.717676,0.689929,0.094551],[0.00648874,-0.142395,0.989789]],[[0.696263,-0.70845,-0.115398],[0.441759,0.549652,-0.709036],[0.565745,0.442697,0.695667]],[[0.696263,-0.70845,-0.115398],[-0.307291,-0.148908,-0.939893],[0.648684,0.689873,-0.321379]],[[0.696263,-0.70845,-0.115398],[-0.629927,-0.526017,-0.5714],[0.344107,0.470537,-0.812518]]],"btipPosition":[-55.1871,269.376,8.46902],"carpPosition":[-5.57319,307.775,76.8215],"dipPosition":[-48.818,278.085,-6.56992],"direction":[-0.648684,-0.689873,0.321379],"extended":false,"handId":902,"id":9023,"length":63.8252,"mcpPosition":[-5.97584,316.611,15.4017],"pipPosition":[-31.0164,297.017,-15.3894],"stabilizedTipPosition":[-89.259,229.466,144.351],"timeVisible":0.741384,"tipPosition":[-53.693,271.225,6.26319],"tipVelocity":[-7.95869,56.9519,-127.524],"tool":false,"touchDistance":0.333333,"touchZone":"none","type":3,"width":17.9078},{"bases":[[[0.564201,-0.825619,-0.00554232],[0.814981,0.555831,0.16388],[-0.132222,-0.0969784,0.986465]],[[0.559464,-0.8284,0.0274481],[0.600508,0.382285,-0.702317],[0.571306,0.409403,0.711335]],[[0.559464,-0.8284,0.0274481],[-0.242306,-0.195132,-0.950374],[0.792646,0.525049,-0.309895]],[[0.559464,-0.8284,0.0274481],[-0.654703,-0.46198,-0.59828],[0.508296,0.316746,-0.800817]]],"btipPosition":[-36.3386,270.699,12.7963],"carpPosition":[0.115448,295.051,74.6991],"dipPosition":[-27.6592,276.107,-0.878002],"direction":[-0.792646,-0.525049,0.309895],"extended":false,"handId":902,"id":9024,"length":50.0378,"mcpPosition":[7.71059,300.621,18.0343],"pipPosition":[-12.3012,286.281,-6.88243],"stabilizedTipPosition":[-77.0886,228.94,155.139],"timeVisible":0.741384,"tipPosition":[-34.3545,271.85,10.7795],"tipVelocity":[-7.1402,47.7061,-119.624],"tool":false,"touchDistance":0.333333,"touchZone":"none","type":4,"width":15.9071}],"r":[[0.8201