{"sensorType":"Leap","data":[[0,{"currentFrameRate":107.177,"devices":[],"gestures":[],"hands":[{"armBasis":[[0.690707,-0.264572,-0.672997],[0.563784,0.779831,0.27205],[0.452848,-0.567332,0.687796]],"armWidth":63.1234,"confidence":0.876197,"direction":[-0.00588123,0.396089,-0.918193],"elbow":[82.4005,117.169,270.475],"grabStrength":0,"id":909,"palmNormal":[-0.564992,-0.758921,-0.323764],"palmPosition":[-47.6865,290.758,37.7287],"palmVelocity":[28.4351,28.0719,-176.3],"palmWidth":90.138,"pinchStrength":1,"r":[[0.844329,-0.108161,0.524795],[0.104531,0.993846,0.036655],[-0.52553,0.0239085,0.850439]],"s":0.781887,"sphereCenter":[-69.3738,263.025,5.23544],"sphereRadius":44.1726,"stabilizedPalmPosition":[-77.3705,278.956,216.091],"t":[31.6403,11.9667,-182.956],"timeVisible":0.469949,"type":"right","wrist":[-38.7235,268.914,86.5088]}],"id":4470680,"interactionBox":{"center":[0,200,0],"size":[235.247,235.247,147.751]},"pointables":[{"bases":[[[0.836204,0.548104,0.0185663],[-0.409049,0.600792,0.686824],[0.365296,-0.58192,0.726586]],[[0.650564,0.719801,-0.242185],[-0.638591,0.691075,0.338552],[0.411058,-0.0655921,0.909247]],[[0.650564,0.719801,-0.242185],[-0.754138,0.649942,-0.0940859],[0.089683,0.24385,0.965657]],[[0.650564,0.719801,-0.242185],[-0.704932,0.453688,-0.545196],[-0.282556,0.525409,0.802563]]],"btipPosition":[-84.8545,256.874,-3.58221],"carpPosition":[-68.0494,274.048,92.6036],"dipPosition":[-91.4054,269.056,15.0248],"direction":[-0.089683,-0.24385,-0.965657],"extended":false,"handId":909,"id":9090,"length":51.6284,"mcpPosition":[-68.0494,274.048,92.6036],"pipPosition":[-88.3763,277.292,47.6412],"stabilizedTipPosition":[-137.308,255.775,206.361],"timeVisible":0.469949,"tipPosition":[-87.04,259.698,0.540944],"tipVelocity":[43.9541,53.6278,-181.066],"tool":false,"touchDistance":-0.544123,"touchZone":"hovering","type":0,"width":20.0604},{"bases":[[[0.812375,-0.443026,-0.379176],[0.537331,0.82132,0.191595],[0.226544,-0.35939,0.905272]],[[0.838878,-0.497075,-0.221811],[0.519816,0.852471,0.0555469],[0.161476,-0.161898,0.973506]],[[0.838878,-0.497075,-0.221811],[0.501886,0.864086,-0.0382927],[0.210698,-0.0792007,0.974338]],[[0.838878,-0.497075,-0.221811],[0.485016,0.867571,-0.109906],[0.247068,-0.0153836,0.968876]]],"btipPosition":[-83.1853,324.058,-59.8197],"carpPosition":[-50.5755,288.818,87.3182],"dipPosition":[-79.0036,323.797,-43.4208],"direction":[-0.210698,0.0792007,-0.974338],"extended":true,"handId":909,"id":9091,"length":58.2569,"mcpPosition":[-67.0862,315.011,21.3413],"pipPosition":[-73.9586,321.901,-20.0912],"stabilizedTipPosition":[-136.568,308.385,117.108],"timeVisible":0.469949,"tipPosition":[-82.3232,322.604,-56.0841],"tipVelocity":[56.3955,73.2065,-182.723],"tool":false,"touchDistance":-0.583029,"touchZone":"hovering","type":1,"width":19.1617},{"bases":[[[0.731929,-0.620988,-0.280454],[0.67178,0.726508,0.144561],[0.113982,-0.294212,0.948919]],[[0.730735,-0.617972,-0.290064],[0.298207,0.671177,-0.678671],[0.614084,0.40943,0.674736]],[[0.730735,-0.617972,-0.290064],[-0.530944,-0.2474,-0.810488],[0.429097,0.74626,-0.508893]],[[0.730735,-0.617972,-0.290064],[-0.681141,-0.688355,-0.249428],[-0.0455269,0.37984,-0.923931]]],"btipPosition":[-88.4387,257.758,16.2708],"carpPosition":[-39.9988,285.067,82.5376],"dipPosition":[-89.2863,264.829,-0.929163],"direction":[-0.429097,-0.74626,0.508893],"extended":false,"handId":909,"id":9092,"length":66.379,"mcpPosition":[-47.8766,305.401,16.9533],"pipPosition":[-77.1985,285.851,-15.2647],"stabilizedTipPosition":[-106.951,238.084,235.788],"timeVisible":0.469949,"tipPosition":[-88.5373,258.862,13.5934],"tipVelocity":[41.7583,29.6156,-190.664],"tool":false,"touchDistance":0.333333,"touchZone":"none","type":2,"width":18.8193},{"bases":[[[0.687986,-0.710504,-0.14785],[0.725648,0.670535,0.15433],[-0.0105132,-0.213464,0.976894]],[[0.687985,-0.703628,-0.17772],[0.41632,0.583238,-0.697503],[0.594435,0.405883,0.694194]],[[0.687985,-0.703628,-0.17772],[-0.481549,-0.259398,-0.837152],[0.542943,0.661529,-0.517294]],[[0.687985,-0.703628,-0.17772],[-0.721776,-0.637896,-0.268566],[0.0756033,0.313044,-0.946725]]],"btipPosition":[-72.5855,249.767,18.8722],"carpPosition":[-30.6284,278.434,78.4989],"dipPosition":[-71.1862,255.561,1.34922],"direction":[-0.542943,-0.661529,0.517294],"extended":false,"handId":909,"id":9093,"length":63.8252,"mcpPosition":[-29.976,291.68,17.8792],"pipPosition":[-56.2864,273.715,-12.8467],"stabilizedTipPosition":[-93.9879,235.694,227.211],"timeVisible":0.469949,"tipPosition":[-72.3333,250.775,16.1623],"tipVelocity":[43.1373,33.488,-196.301],"tool":false,"touchDistance":0.333333,"touchZone":"none","type":3,"width":17.9078},{"bases":[[[0.552727,-0.831394,-0.0572455],[0.820022,0.530352,0.215151],[-0.148515,-0.165862,0.974901]],[[0.560194,-0.82077,-0.111894],[0.531936,0.459982,-0.710957],[0.635001,0.338753,0.694276]],[[0.560194,-0.82077,-0.111894],[-0.490214,-0.219591,-0.843487],[0.667738,0.527368,-0.525366]],[[0.560194,-0.82077,-0.111894],[-0.807638,-0.511147,-0.294024],[0.184131,0.25508,-0.949226]]],"btipPosition":[-54.8788,248.9,21.6106],"carpPosition":[-25.085,265.812,75.5426],"dipPosition":[-51.7347,253.255,5.40221],"direction":[-0.667738,-0.527368,0.525366],"extended":false,"handId":909,"id":9094,"length":50.0378,"mcpPosition":[-16.554,275.339,19.5421],"pipPosition":[-38.7969,263.473,-4.77709],"stabilizedTipPosition":[-81.3044,236.437,212.632],"timeVisible":0.469949,"tipPosition":[-54.1902,249.616,19.075],"tipVelocity":[42.1568,33.2176,-192.667],"tool":false,"touchDistance":0.333333,"touchZone":"none","type":4,"width":15.9071}],"r":[[0.844329,-0.108161,0.524795],[0.104531,0.993846,0.036655],[-0.52553,0.0239085,0.850439]],"s":0.781887,"t":[31.6403,11.9667,-182.956],"timestamp":607377964621},false],[1,{"currentFrameRate":107.329,"devices":[],"gestures":[],"hands":[{"armBasis":[[0.696325,-0.263868,-0.667462],[0.559398,0.782173,0.274372],[0.449673,-0.564429,0.692253]],"armWidth":63.1234,"confidence":0.868313,"direction":[-0.00383257,0.395799,-0.918329],"elbow":[81.7618,118.311,270.288],"grabStrength":0,"id":909,"palmNormal":[-0.560474,-0.761388,-0.325818],"palmPosition":[-47.3703,291.072,36.3075],"palmVelocity":[30.2388,29.908,-171.043],"palmWidth":90.138,"pinchStrength":1,"r":[[0.842982,-0.106781,0.527238],[0.103119,0.994001,0.0364402],[-0.527966,0.0236498,0.848936]],"s":0.782841,"sphereCenter":[-68.7798,263.199,3.66941],"sphereRadius":44.263,"stabilizedPalmPosition":[-77.3705,278.956,216.09],"t":[31.9388,12.2743,-184.446],"timeVisible":0.478988,"type":"right","wrist":[-38.5129,269.28,85.1301]}],"id":4470681,"interactionBox":{"center":[0,200,0],"size":[235.247,235.247,147.751]},"pointables":[{"bases":[[[0.833806,0.551628,0.0217848],[-0.414353,0.599259,0.684982],[0.3648,-0.580168,0.728235]],[[0.650722,0.721261,-0.237369],[-0.638185,0.688892,0.343726],[0.411438,-0.0721844,0.908575]],[[0.650722,0.721261,-0.237369],[-0.75477,0.648564,-0.0984169],[0.0829649,0.243201,0.966421]],[[0.650722,0.721261,-0.237369],[-0.699427,0.447669,-0.557131],[-0.295574,0.528559,0.795777]]],"btipPosition":[-84.1798,257.393,-4.91646],"carpPosition":[-67.8846,274.292,91.1046],"dipPosition":[-91.0325,269.648,13.5332],"direction":[-0.0829649,-0.243201,-0.966421],"extended":false,"handId":909,"id":9090,"length":51.6284,"mcpPosition":[-67.8846,274.292,91.1046],"pipPosition":[-88.2303,277.862,46.1754],"stabilizedTipPosition":[-137.305,255.775,206.349],"timeVisible":0.478988,"tipPosition":[-86.3611,260.094,-0.879107],"tipVelocity":[50.295,55.1786,-172.949],"tool":false,"touchDistance":-0.5386,"touchZone":"hovering","type":0,"width":20.0604},{"bases":[[[0.815763,-0.439706,-0.375752],[0.533086,0.823632,0.19352],[0.224389,-0.358174,0.90629]],[[0.841673,-0.492996,-0.220322],[0.516446,0.854086,0.0618079],[0.157703,-0.165806,0.973467]],[[0.841673,-0.492996,-0.220322],[0.49874,0.866132,-0.0327865],[0.206991,-0.0822877,0.974876]],[[0.841673,-0.492996,-0.220322],[0.481984,0.869851,-0.10512],[0.243471,-0.017715,0.969746]]],"btipPosition":[-82.5944,324.565,-61.3525],"carpPosition":[-50.4518,289.134,85.8855],"dipPosition":[-78.4735,324.265,-44.9389],"direction":[-0.206991,0.0822877,-0.974876],"extended":true,"handId":909,"id":9091,"length":58.2569,"mcpPosition":[-66.8055,315.238,19.8344],"pipPosition":[-73.5173,322.295,-21.5964],"stabilizedTipPosition":[-136.534,308.395,116.997],"timeVisible":0.478988,"tipPosition":[-81.7403,323.098,-57.6215],"tipVelocity":[58.4423,68.2142,-178.998],"tool":false,"touchDistance":-0.576001,"touchZone":"hovering","type":1,"width":19.1617},{"bases":[[[0.735668,-0.617978,-0.277302],[0.668123,0.729374,0.147059],[0.111377,-0.293458,0.949462]],[[0.734545,-0.615082,-0.286563],[0.298653,0.672257,-0.677405],[0.609303,0.412001,0.677499]],[[0.734545,-0.615082,-0.286563],[-0.526665,-0.250498,-0.812326],[0.427864,0.747613,-0.507944]],[[0.734545,-0.615082,-0.286563],[-0.677128,-0.691849,-0.250686],[-0.0440659,0.378179,-0.924683]]],"btipPosition":[-87.8643,257.935,14.6999],"carpPosition":[-39.8402,285.426,81.1488],"dipPosition":[-88.6846,264.975,-2.514],"direction":[-0.427864,-0.747613,0.507945],"extended":false,"handId":909,"id":9092,"length":66.379,"mcpPosition":[-47.538,305.708,15.5271],"pipPosition":[-76.6317,286.036,-16.8229],"stabilizedTipPosition":[-106.951,238.084,235.788],"timeVisible":0.478988,"tipPosition":[-87.9735,259.036,11.9787],"tipVelocity":[47.9541,26.6371,-186.11],"tool":false,"touchDistance":0.333333,"touchZone":"none","type":2,"width":18.8193},{"bases":[[[0.691566,-0.70764,-0.14485],[0.722185,0.673632,0.157063],[-0.0135686,-0.213228,0.976908]],[[0.691659,-0.700833,-0.174471],[0.419434,0.586447,-0.692932],[0.587947,0.406094,0.699575]],[[0.691659,-0.700833,-0.174471],[-0.476018,-0.260694,-0.839908],[0.543152,0.663982,-0.51392]],[[0.691659,-0.700833,-0.174471],[-0.718078,-0.641473,-0.269956],[0.0772762,0.312001,-0.946934]]],"btipPosition":[-71.9427,250.092,17.1957],"carpPosition":[-30.4256,278.831,77.1502],"dipPosition":[-70.5124,255.867,-0.331143],"direction":[-0.543152,-0.663982,0.51392],"extended":false,"handId":909,"id":9093,"length":63.8252,"mcpPosition":[-29.5836,292.063,16.5296],"pipPosition":[-55.6069,274.089,-14.4345],"stabilizedTipPosition":[-93.9879,235.694,227.21],"timeVisible":0.478988,"tipPosition":[-71.708,251.075,14.459],"tipVelocity":[51.0648,34.0507,-193.345],"tool":false,"touchDistance":0.333333,"touchZone":"none","type":3,"width":17.9078},{"bases":[[[0.556452,-0.829074,-0.0547567],[0.816903,0.533865,0.218308],[-0.151761,-0.166209,0.974343]],[[0.564022,-0.818562,-0.108792],[0.534543,0.462348,-0.707459],[0.629398,0.340869,0.698331]],[[0.564022,-0.818562,-0.108792],[-0.485191,-0.221907,-0.845782],[0.668183,0.529825,-0.522319]],[[0.564022,-0.818562,-0.108792],[-0.804429,-0.514912,-0.296242],[0.186474,0.254602,-0.948897]]],"btipPosition":[-54.277,249.226,20.1136],"carpPosition":[-24.8172,266.232,74.2202],"dipPosition":[-51.0928,253.574,3.91079],"direction":[-0.668183,-0.529825,0.522319],"extended":false,"handId":909,"id":9094,"length":50.0378,"mcpPosition":[-16.0997,275.779,18.2517],"pipPosition":[-38.1464,263.839,-6.20949],"stabilizedTipPosition":[-81.3043,236.437,212.631],"timeVisible":0.478988,"tipPosition":[-53.5966,249.936,17.5524],"tipVelocity":[49.1699,33.9632,-185.174],"tool":false,"touchDistance":0.333333,"touchZone":"none","type":4,"width":15.9071}],"r":[[0.842982,-0.106781,0.527238],[0.103119,0.994001,0.0364402],[-0.527966,0.0236498,0.848936]],"s":0.782841,"t":[31.9388,12.2743,-184.446],"timestamp":607377973660},false],[2,{"currentFrameRate":107.466,"devices":[],"gestures":[],"hands":[{"armBasis":[[0.697618,-0.269079,-0.664022],[0.560816,0.78186,0.27236],[0.445886,-0.562398,0.696343]],"armWidth":63.1234,"confidence":0.874686,"direction":[-0.00194377,0.393009,-0.919532],"elbow":[81.0445,119.171,269.803],"grabStrength":0,"id":909,"palmNormal":[-0.561798,-0.761136,-0.324123],"palmPosition":[-46.9728,291.259,34.652],"palmVelocity":[34.006,27.3606,-174.29],"palmWidth":90.138,"pinchStrength":1,"r":[[0.841733,-0.105728,0.529441],[0.102422,0.994101,0.0356834],[-0.530091,0.0241906,0.847596]],"s":0.783433,"sphereCenter":[-68.4063,263.319,1.9903],"sphereRadius":44.3615,"stabilizedPalmPosition":[-77.3704,278.956,216.09],"t":[32.2868,12.5217,-186.019],"timeVisible":0.488044,"type":"right","wrist":[-38.2176,269.596,83.5505]}],"id":4470682,"interactionBox":{"center":[0,200,0],"size":[235.247,235.247,147.751]},"pointables":[{"bases":[[[0.835,0.549848,0.0210323],[-0.413781,0.602255,0.682696],[0.362712,-0.578754,0.7304]],[[0.655203,0.717652,-0.235975],[-0.631709,0.691774,0.349846],[0.414309,-0.080153,0.9066]],[[0.655203,0.717652,-0.235975],[-0.751076,0.652387,-0.101371],[0.0811981,0.243653,0.966457]],[[0.655203,0.717652,-0.235975],[-0.692439,0.445609,-0.567416],[-0.302055,0.535171,0.788895]]],"btipPosition":[-83.812,258.018,-6.28796],"carpPosition":[-67.5847,274.692,89.4771],"dipPosition":[-90.8149,270.426,12.0021],"direction":[-0.0811981,-0.243653,-0.966457],"extended":false,"handId":909,"id":9090,"length":51.6284,"mcpPosition":[-67.5847,274.692,89.4771],"pipPosition":[-88.0724,278.656,44.6455],"stabilizedTipPosition":[-137.301,255.775,206.33],"timeVisible":0.488044,"tipPosition":[-85.9365,260.599,-2.32646],"tipVelocity":[46.5713,60.072,-168.132],"tool":false,"touchDistance":-0.534197,"touchZone":"hovering","type":0,"width":20.0604},{"bases":[[[0.815202,-0.44265,-0.373507],[0.534694,0.823037,0.191606],[0.222596,-0.355909,0.907623]],[[0.840617,-0.494856,-0.220182],[0.518731,0.852506,0.0644325],[0.155822,-0.168378,0.973328]],[[0.840617,-0.494856,-0.220182],[0.50112,0.864839,-0.0305202],[0.205525,-0.084682,0.974981]],[[0.840617,-0.494856,-0.220182],[0.48437,0.868748,-0.103255],[0.242379,-0.0198514,0.969978]]],"btipPosition":[-81.9917,324.948,-63.1035],"carpPosition":[-50.1134,289.479,84.2322],"dipPosition":[-77.8892,324.612,-46.686],"direction":[-0.205525,0.084682,-0.974981],"extended":true,"handId":909,"id":9091,"length":58.2569,"mcpPosition":[-66.3363,315.418,18.084],"pipPosition":[-72.9681,322.584,-23.341],"stabilizedTipPosition":[-136.495,308.407,116.875],"timeVisible":0.488044,"tipPosition":[-81.1455,323.461,-59.3756],"tipVelocity":[60.554,60.8016,-182.933],"tool":false,"touchDistance":-0.572986,"touchZone":"hovering","type":1,"width":19.1617},{"bases":[[[0.734604,-0.620443,-0.274605],[0.669573,0.72834,0.145581],[0.10968,-0.290813,0.950473]],[[0.733646,-0.617952,-0.282662],[0.306297,0.672036,-0.674203],[0.606585,0.408048,0.682314]],[[0.733646,-0.617952,-0.282662],[-0.524727,-0.250875,-0.813464],[0.431769,0.745115,-0.50831]],[[0.733646,-0.617952,-0.282662],[-0.678115,-0.692617,-0.245849],[-0.0438536,0.372044,-0.927179]]],"btipPosition":[-87.3957,258.433,12.8267],"carpPosition":[-39.5047,285.733,79.5186],"dipPosition":[-88.2121,265.359,-4.43369],"direction":[-0.431769,-0.745115,0.50831],"extended":false,"handId":909,"id":9092,"length":66.379,"mcpPosition":[-47.0853,305.833,13.827],"pipPosition":[-76.0491,286.349,-18.7529],"stabilizedTipPosition":[-106.951,238.084,235.786],"timeVisible":0.488044,"tipPosition":[-87.55,259.459,10.0902],"tipVelocity":[49.028,33.652,-192.161],"tool":false,"touchDistance":0.333333,"touchZone":"none","type":2,"width":18.8193},{"bases":[[[0.690158,-0.709604,-0.14193],[0.723501,0.672509,0.155815],[-0.0151179,-0.210223,0.977537]],[[0.6903,-0.702946,-0.171327],[0.42391,0.584838,-0.691567],[0.586333,0.404761,0.701699]],[[0.6903,-0.702946,-0.171327],[-0.47474,-0.261366,-0.840422],[0.545992,0.66148,-0.514137]],[[0.6903,-0.702946,-0.171327],[-0.719275,-0.641107,-0.267628],[0.0782888,0.307975,-0.948168]]],"btipPosition":[-71.5466,250.382,15.4918],"carpPosition":[-30.1004,279.105,75.5505],"dipPosition":[-70.0975,256.083,-2.05787],"direction":[-0.545992,-0.66148,0.514137],"extended":false,"handId":909,"id":9093,"length":63.8252,"mcpPosition":[-29.1622,292.15,14.8909],"pipPosition":[-55.1141,274.235,-16.1671],"stabilizedTipPosition":[-93.9878,235.694,227.209],"timeVisible":0.488044,"tipPosition":[-71.3265,251.337,12.7234],"tipVelocity":[49.1763,32.9663,-192.071],"tool":false,"touchDistance":0.333333,"touchZone":"none","type":3,"width":17.9078},{"bases":[[[0.554676,-0.830464,-0.0516177],[0.817841,0.53272,0.21759],[-0.153203,-0.162907,0.974674]],[[0.562249,-0.820269,-0.105045],[0.537689,0.459118,-0.707178],[0.628305,0.341129,0.699188]],[[0.562249,-0.820269,-0.105045],[-0.484363,-0.223692,-0.845786],[0.670274,0.526423,-0.523079]],[[0.562249,-0.820269,-0.105045],[-0.805429,-0.514368,-0.294466],[0.187509,0.250169,-0.949871]]],"btipPosition":[-53.9134,249.422,18.5407],"carpPosition":[-24.5166,266.485,72.665],"dipPosition":[-50.7116,253.694,2.32128],"direction":[-0.670274,-0.526423,0.523079],"extended":false,"handId":909,"id":9094,"length":50.0378,"mcpPosition":[-15.7163,275.843,16.6775],"pipPosition":[-37.7246,263.893,-7.81371],"stabilizedTipPosition":[-81.3041,236.437,212.63],"timeVisible":0.488044,"tipPosition":[-53.2433,250.114,15.9476],"tipVelocity":[46.8015,30.0259,-182.118],"tool":false,"touchDistance":0.333333,"touchZone":"none","type":4,"width":15.9071}],"r":[[0.841733,-0.105728,0.529441],[0.102422,0.994101,0.0356834],[-0.530091,0.0241906,0.847596]],"s":0.783433,"t":[32.2868,12.5217,-186.019],"timestamp":607377982716},false],[3,{"currentFrameRate":107.503,"devices":[],"gestures":[],"hands":[{"armBasis":[[0.699643,-0.272745,-0.660386],[0.560621,0.782561,0.270744],[0.442948,-0.55965,0.70042]],"armWidth":63.1234,"confidence":0.880755,"direction":[-0.000063379,0.39032,-0.920679],"elbow":[80.4754,120.268,269.571],"grabStrength":0,"id":909,"palmNormal":[-0.56151,-0.761848,-0.322945],"palmPosition":[-46.6558,291.482,33.251],"palmVelocity":[34.0978,26.4738,-167.954],"palmWidth":90.138,"pinchStrength":1,"r":[[0.840522,-0.104644,0.531576],[0.101936,0.994191,0.0345334],[-0.532102,0.0251607,0.846306]],"s":0.783843,"sphereCenter":[-68.0892,263.494,0.575215],"sphereRadius":44.4336,"stabilizedPalmPosition":[-77.3703,278.956,216.089],"t":[32.6193,12.7572,-187.505],"timeVisible":0.497279,"type":"right","wrist":[-38.0008,269.959,82.2288]}],"id":4470683,"interactionBox":{"center":[0,200,0],"size":[235.247,235.247,147.751]},"pointables":[{"bases":[[[0.835189,0.549562,0.0209839],[-0.414803,0.60442,0.680158],[0.361106,-0.576765,0.732765]],[[0.658484,0.715278,-0.234044],[-0.627564,0.693514,0.353839],[0.415406,-0.0861192,0.90555]],[[0.658484,0.715278,-0.234044],[-0.748536,0.654713,-0.105096],[0.078059,0.244395,0.966529]],[[0.658484,0.715278,-0.234044],[-0.686262,0.443014,-0.576874],[-0.30894,0.540478,0.782585]]],"btipPosition":[-83.3927,258.558,-7.48366],"carpPosition":[-67.3768,275.084,88.0856],"dipPosition":[-90.5553,271.088,10.6602],"direction":[-0.078059,-0.244395,-0.966529],"extended":false,"handId":909,"id":9090,"length":51.6284,"mcpPosition":[-67.3768,275.084,88.0856],"pipPosition":[-87.9187,279.343,43.306],"stabilizedTipPosition":[-137.294,255.776,206.303],"timeVisible":0.497279,"tipPosition":[-85.4946,261.045,-3.57964],"tipVelocity":[45.1274,60.4638,-158.306],"tool":false,"touchDistance":-0.527551,"touchZone":"hovering","type":0,"width":20.0604},{"bases":[[[0.815712,-0.444076,-0.370689],[0.534679,0.823373,0.190197],[0.220753,-0.353345,0.909074]],[[0.840613,-0.495175,-0.219482],[0.519426,0.851841,0.0675511],[0.153514,-0.170789,0.973275]],[[0.840613,-0.495175,-0.219482],[0.501933,0.864456,-0.0279063],[0.203551,-0.0867071,0.975217]],[[0.840613,-0.495175,-0.219482],[0.485206,0.868528,-0.101159],[0.240718,-0.0214584,0.970358]]],"btipPosition":[-81.4599,325.309,-64.6211],"carpPosition":[-49.8896,289.849,82.8302],"dipPosition":[-77.3856,324.946,-48.1972],"direction":[-0.203551,0.0867071,-0.975217],"extended":true,"handId":909,"id":9091,"length":58.2569,"mcpPosition":[-65.9782,315.601,16.5762],"pipPosition":[-72.5118,322.87,-24.8465],"stabilizedTipPosition":[-136.453,308.419,116.742],"timeVisible":0.497279,"tipPosition":[-80.6194,323.807,-60.8963],"tipVelocity":[59.522,54.5252,-177.667],"tool":false,"touchDistance":-0.566762,"touchZone":"hovering","type":1,"width":19.1617},{"bases":[[[0.734855,-0.621547,-0.271417],[0.669604,0.728486,0.144702],[0.107785,-0.288077,0.951522]],[[0.734019,-0.619349,-0.27861],[0.309681,0.670358,-0.674328],[0.604413,0.408689,0.683856]],[[0.734019,-0.619349,-0.27861],[-0.523406,-0.254506,-0.813187],[0.432739,0.74272,-0.510983]],[[0.734019,-0.619349,-0.27861],[-0.677696,-0.694634,-0.241271],[-0.0441011,0.36591,-0.929605]]],"btipPosition":[-86.9527,258.746,11.4298],"carpPosition":[-39.2737,286.085,78.1474],"dipPosition":[-87.7737,265.558,-5.87579],"direction":[-0.432739,-0.74272,0.510983],"extended":false,"handId":909,"id":9092,"length":66.379,"mcpPosition":[-46.7232,305.995,12.3832],"pipPosition":[-75.5834,286.481,-20.2703],"stabilizedTipPosition":[-106.951,238.084,235.784],"timeVisible":0.497279,"tipPosition":[-87.1455,259.739,8.61731],"tipVelocity":[48.6998,32.9406,-181],"tool":false,"touchDistance":0.333333,"touchZone":"none","type":2,"width":18.8193},{"bases":[[[0.690125,-0.710301,-0.138566],[0.72349,0.672663,0.155199],[-0.0170301,-0.207357,0.978117]],[[0.690325,-0.703788,-0.167732],[0.430194,0.585685,-0.686954],[0.581708,0.402064,0.707079]],[[0.690325,-0.703788,-0.167732],[-0.471254,-0.261486,-0.842345],[0.548972,0.660536,-0.512173]],[[0.690325,-0.703788,-0.167732],[-0.719167,-0.642166,-0.265369],[0.0790516,0.303818,-0.949445]]],"btipPosition":[-71.0835,250.763,13.8531],"carpPosition":[-29.8647,279.442,74.2162],"dipPosition":[-69.6203,256.386,-3.72018],"direction":[-0.548972,-0.660536,0.512173],"extended":false,"handId":909,"id":9093,"length":63.8252,"mcpPosition":[-28.808,292.309,13.5206],"pipPosition":[-54.5551,274.513,-17.7755],"stabilizedTipPosition":[-93.9876,235.694,227.207],"timeVisible":0.497279,"tipPosition":[-70.893,251.666,11.083],"tipVelocity":[49.5471,34.7409,-188.131],"tool":false,"touchDistance":0.333333,"touchZone":"none","type":3,"width":17.9078},{"bases":[[[0.554423,-0.83084,-0.0481537],[0.817656,0.533016,0.217558],[-0.155089,-0.159993,0.974859]],[[0.562014,-0.820948,-0.100921],[0.541284,0.457301,-0.705612],[0.625421,0.341937,0.701375]],[[0.562014,-0.820948,-0.100921],[-0.48205,-0.225944,-0.846509],[0.672137,0.524399,-0.522721]],[[0.562014,-0.820948,-0.100921],[-0.805293,-0.51524,-0.293309],[0.188793,0.246115,-0.950676]]],"btipPosition":[-53.5263,249.66,17.1734],"carpPosition":[-24.2809,266.81,71.3781],"dipPosition":[-50.3026,253.863,0.940217],"direction":[-0.672137,-0.524399,0.522721],"extended":false,"handId":909,"id":9094,"length":50.0378,"mcpPosition":[-15.3722,276.001,15.38],"pipPosition":[-37.2795,264.023,-9.18785],"stabilizedTipPosition":[-81.3039,236.438,212.628],"timeVisible":0.497279,"tipPosition":[-52.8702,250.333,14.5536],"tipVelocity":[45.5837,28.355,-172.656],"tool":false,"touchDistance":0.333333,"touchZone":"none","type":4,"width":15.9071}],"r":[[0.840522,-0.104644,0.531576],[0.101936,0.994191,0.0345334],[-0.532102,0.0251607,0.846306]],"s":0.783843,"t":[32.6193,12.7572,-187.505],"timestamp":607377991951},false],[4,{"currentFrameRate":107.765,"devices":[],"gestures":[],"hands":[{"armBasis":[[0.701207,-0.275521,-0.657569],[0.56075,0.782725,0.270001],[0.440305,-0.558058,0.703351]],"armWidth":63.1234,"confidence":0.880938,"direction":[0.00242803,0.388363,-0.921503],"elbow":[79.9902,120.948,269.33],"grabStrength":0,"id":909,"palmNormal":[-0.561511,-0.761987,-0.322616],"palmPosition":[-46.3006,291.64,32.1607],"palmVelocity":[35.7816,24.1699,-156.064],"palmWidth":90.138,"pinchStrength":1,"r":[[0.839284,-0.103713,0.53371],[0.101727,0.994257,0.0332373],[-0.534092,0.0263973,0.845014]],"s":0.784374,"sphereCenter":[-67.817,263.734,-0.522352],"sphereRadius":44.4781,"stabilizedPalmPosition":[-77.3702,278.956,216.089],"t":[32.9631,12.9538,-188.794],"timeVisible":0.506083,"type":"right","wrist":[-37.7789,270.213,81.2039]}],"id":4470684,"interactionBox":{"center":[0,200,0],"size":[235.247,235.247,147.751]},"pointables":[{"bases":[[[0.835674,0.548795,0.0217346],[-0.415772,0.606265,0.677921],[0.358863,-0.575558,0.734814]],[[0.661993,0.71286,-0.231508],[-0.62382,0.695255,0.357029],[0.415469,-0.0919311,0.90495]],[[0.661993,0.71286,-0.231508],[-0.745768,0.657307,-0.108525],[0.0748087,0.244494,0.966761]],[[0.661993,0.71286,-0.231508],[-0.679685,0.44078,-0.586295],[-0.315902,0.545476,0.776313]]],"btipPosition":[-82.911,259.02,-8.41963],"carpPosition":[-67.1633,275.379,86.9824],"dipPosition":[-90.235,271.667,9.57877],"direction":[-0.0748087,-0.244494,-0.966761],"extended":false,"handId":909,"id":9090,"length":51.6284,"mcpPosition":[-67.1633,275.379,86.9824],"pipPosition":[-87.7083,279.925,42.2324],"stabilizedTipPosition":[-137.284,255.777,206.265],"timeVisible":0.506083,"tipPosition":[-85.012,261.443,-4.57057],"tipVelocity":[46.573,59.144,-145.318],"tool":false,"touchDistance":-0.51767,"touchZone":"hovering","type":0,"width":20.0604},{"bases":[[[0.816127,-0.445654,-0.367873],[0.535044,0.823256,0.189676],[0.218324,-0.351628,0.910326]],[[0.840406,-0.495727,-0.219026],[0.520568,0.850796,0.0718014],[0.150753,-0.17436,0.973074]],[[0.840406,-0.495727,-0.219026],[0.503256,0.863802,-0.0240632],[0.201124,-0.0900034,0.975422]],[[0.840406,-0.495727,-0.219026],[0.486602,0.868135,-0.0977746],[0.238614,-0.0244081,0.970808]]],"btipPosition":[-80.8317,325.731,-65.8107],"carpPosition":[-49.6496,290.115,81.7358],"dipPosition":[-76.793,325.318,-49.3791],"direction":[-0.201124,0.0900034,-0.975422],"extended":true,"handId":909,"id":9091,"length":58.2569,"mcpPosition":[-65.5612,315.742,15.3906],"pipPosition":[-71.9772,323.163,-26.0235],"stabilizedTipPosition":[-136.409,308.433,116.601],"timeVisible":0.506083,"tipPosition":[-79.9984,324.202,-62.0904],"tipVelocity":[62.4623,52.3947,-166.147],"tool":false,"touchDistance":-0.556237,"touchZone":"hovering","type":1,"width":19.1617},{"bases":[[[0.734869,-0.622834,-0.268411],[0.669981,0.728141,0.144692],[0.105322,-0.28616,0.952376]],[[0.734137,-0.620875,-0.274877],[0.312726,0.668507,-0.674759],[0.602699,0.409404,0.68494]],[[0.734137,-0.620875,-0.274877],[-0.522142,-0.257421,-0.813082],[0.434063,0.740438,-0.513167]],[[0.734137,-0.620875,-0.274877],[-0.677616,-0.695767,-0.238212],[-0.0433505,0.361141,-0.931503]]],"btipPosition":[-86.5049,258.979,10.3538],"carpPosition":[-39.0267,286.331,77.0854],"dipPosition":[-87.3119,265.702,-6.98707],"direction":[-0.434063,-0.740438,0.513168],"extended":false,"handId":909,"id":9092,"length":66.379,"mcpPosition":[-46.306,306.109,11.2622],"pipPosition":[-75.0843,286.56,-21.4431],"stabilizedTipPosition":[-106.95,238.084,235.782],"timeVisible":0.506083,"tipPosition":[-86.7227,259.954,7.46694],"tipVelocity":[49.3797,30.553,-165.405],"tool":false,"touchDistance":0.333333,"touchZone":"none","type":2,"width":18.8193},{"bases":[[[0.689748,-0.711263,-0.135474],[0.723788,0.672289,0.155432],[-0.0194748,-0.205263,0.978513]],[[0.690022,-0.704894,-0.164297],[0.435108,0.585381,-0.684113],[0.578404,0.400566,0.710631]],[[0.690022,-0.704894,-0.164297],[-0.468864,-0.262393,-0.843396],[0.551394,0.658995,-0.511556]],[[0.690022,-0.704894,-0.164297],[-0.719362,-0.642833,-0.26322],[0.0799269,0.299817,-0.950643]]],"btipPosition":[-70.6187,251.044,12.6503],"carpPosition":[-29.6152,279.67,73.1899],"dipPosition":[-69.1393,256.593,-4.94522],"direction":[-0.551394,-0.658995,0.511557],"extended":false,"handId":909,"id":9093,"length":63.8252,"mcpPosition":[-28.4068,292.407,12.4697],"pipPosition":[-54.0076,274.678,-18.9837],"stabilizedTipPosition":[-93.9874,235.695,227.205],"timeVisible":0.506083,"tipPosition":[-70.452,251.912,9.84089],"tipVelocity":[50.5353,33.4673,-174.407],"tool":false,"touchDistance":0.333333,"touchZone":"none","type":3,"width":17.9078},{"bases":[[[0.553722,-0.831478,-0.0451186],[0.817675,0.532684,0.218303],[-0.15748,-0.157771,0.974838]],[[0.561312,-0.821914,-0.0968835],[0.547718,0.456688,-0.701028],[0.620431,0.340431,0.706522]],[[0.561312,-0.821914,-0.0968835],[-0.477974,-0.226383,-0.8487],[0.675626,0.522693,-0.519925]],[[0.561312,-0.821914,-0.0968835],[-0.805291,-0.515422,-0.292996],[0.190882,0.242482,-0.951192]]],"btipPosition":[-53.0738,249.898,15.9623],"carpPosition":[-24.0372,267.027,70.3914],"dipPosition":[-49.8144,254.038,-0.27973],"direction":[-0.675626,-0.522693,0.519925],"extended":false,"handId":909,"id":9094,"length":50.0378,"mcpPosition":[-14.9912,276.09,14.3945],"pipPosition":[-36.7237,264.166,-10.3536],"stabilizedTipPosition":[-81.3036,236.438,212.626],"timeVisible":0.506083,"tipPosition":[-52.4402,250.542,13.3382],"tipVelocity":[47.4026,27.5443,-163.262],"tool":false,"touchDistance":0.333333,"touchZone":"none","type":4,"width":15.9071}],"r":[[0.839284,-0.103713,0.53371],[0.101727,0.994257,0.0332373],[-0.534092,0.0263973,0.845014]],"s":0.784374,"t":[32.9631,12.9538,-188.794],"timestamp":607378000755},false],[5,{"currentFrameRate":107.814,"devices":[],"gestures":[],"hands":[{"armBasis":[[0.702065,-0.279213,-0.655091],[0.561229,0.783185,0.267663],[0.438323,-0.555573,0.70655]],"armWidth":63.1234,"confidence":0.885356,"direction":[0.00361022,0.386258,-0.922384],"elbow":[79.673,121.857,269.037],"grabStrength":0,"id":909,"palmNormal":[-0.561955,-0.762185,-0.321373],"palmPosition":[-46.0239,291.78,30.9559],"palmVelocity":[34.1978,21.682,-149.107],"palmWidth":90.138,"pinchStrength":1,"r":[[0.838176,-0.102881,0.535609],[0.101747,0.994303,0.0317646],[-0.535826,0.0278724,0.843868]],"s":0.785225,"sphereCenter":[-67.7514,264.088,-1.669],"sphereRadius":44.4906,"stabilizedPalmPosition":[-77.3701,278.956,216.088],"t":[33.2734,13.1222,-190.041],"timeVisible":0.515269,"type":"right","wrist":[-37.566,270.457,80.0552]}],"id":4470685,"interactionBox":{"center":[0,200,0],"size":[235.247,235.247,147.751]},"pointables":[{"bases":[[[0.836179,0.548045,0.0212204],[-0.415788,0.608206,0.67617],[0.357665,-0.574222,0.73644]],[[0.665384,0.710274,-0.229727],[-0.620446,0.697311,0.358893],[0.415104,-0.0962682,0.904666]],[[0.665384,0.710274,-0.229727],[-0.742737,0.660766,-0.108303],[0.0748714,0.24269,0.96721]],[[0.665384,0.710274,-0.229727],[-0.674772,0.440636,-0.59205],[-0.319292,0.548954,0.772465]]],"btipPosition":[-82.6037,259.5,-9.51795],"carpPosition":[-66.9504,275.664,85.796],"dipPosition":[-90.0063,272.227,8.39124],"direction":[-0.0748714,-0.24269,-0.96721],"extended":false,"handId":909,"id":9090,"length":51.6284,"mcpPosition":[-66.9504,275.664,85.796],"pipPosition":[-87.4774,280.424,41.0601],"stabilizedTipPosition":[-137.271,255.779,206.213],"timeVisible":0.515269,"tipPosition":[-84.681,261.845,-5.67611],"tipVelocity":[42.3602,57.783,-138.747],"tool":false,"touchDistance":-0.511019,"touchZone":"hovering","type":0,"width":20.0604},{"bases":[[[0.816023,-0.44727,-0.366136],[0.535664,0.823176,0.18827],[0.217186,-0.349759,0.911317]],[[0.83987,-0.496217,-0.219972],[0.521945,0.849552,0.0763884],[0.148972,-0.178969,0.972511]],[[0.83987,-0.496217,-0.219972],[0.504822,0.863007,-0.0193379],[0.199433,-0.0948053,0.975315]],[[0.83987,-0.496217,-0.219972],[0.488273,0.867708,-0.0931273],[0.237082,-0.0291915,0.971051]]],"btipPosition":[-80.375,326.243,-67.065],"carpPosition":[-49.4181,290.371,80.5313],"dipPosition":[-76.3623,325.749,-50.6294],"direction":[-0.199433,0.0948053,-0.975315],"extended":true,"handId":909,"id":9091,"length":58.2569,"mcpPosition":[-65.2468,315.862,14.1138],"pipPosition":[-71.587,323.479,-27.2764],"stabilizedTipPosition":[-136.358,308.449,116.44],"timeVisible":0.515269,"tipPosition":[-79.5607,324.663,-63.3488],"tipVelocity":[58.7179,52.7736,-157.849],"tool":false,"touchDistance":-0.547747,"touchZone":"hovering","type":1,"width":19.1617},{"bases":[[[0.734509,-0.624146,-0.266342],[0.670549,0.72783,0.143623],[0.10421,-0.284088,0.953118]],[[0.733879,-0.622452,-0.271983],[0.31565,0.667036,-0.674854],[0.601487,0.40941,0.686001]],[[0.733879,-0.622452,-0.271983],[-0.521459,-0.259645,-0.812813],[0.435318,0.738335,-0.515131]],[[0.733879,-0.622452,-0.271983],[-0.677891,-0.6967,-0.234677],[-0.0434154,0.3566,-0.933248]]],"btipPosition":[-86.1724,259.215,9.15315],"carpPosition":[-38.7947,286.567,75.8989],"dipPosition":[-86.9806,265.853,-8.22023],"direction":[-0.435318,-0.738335,0.515131],"extended":false,"handId":909,"id":9092,"length":66.379,"mcpPosition":[-45.9972,306.201,10.0244],"pipPosition":[-74.7176,286.652,-22.7315],"stabilizedTipPosition":[-106.95,238.085,235.778],"timeVisible":0.515269,"tipPosition":[-86.4134,260.166,6.21864],"tipVelocity":[45.6896,28.6051,-155.939],"tool":false,"touchDistance":0.333333,"touchZone":"none","type":2,"width":18.8193},{"bases":[[[0.689186,-0.712228,-0.133244],[0.724293,0.671951,0.154537],[-0.020532,-0.203012,0.978961]],[[0.689492,-0.705971,-0.161882],[0.438374,0.584672,-0.682633],[0.576567,0.399705,0.712606]],[[0.689492,-0.705971,-0.161882],[-0.468104,-0.263786,-0.843384],[0.552702,0.657284,-0.512346]],[[0.689492,-0.705971,-0.161882],[-0.719945,-0.643559,-0.259829],[0.0792509,0.295696,-0.951989]]],"btipPosition":[-70.2661,251.284,11.4187],"carpPosition":[-29.3862,279.888,72.0269],"dipPosition":[-68.7993,256.757,-6.20175],"direction":[-0.552702,-0.657284,0.512346],"extended":false,"handId":909,"id":9093,"length":63.8252,"mcpPosition":[-28.1121,292.486,11.279],"pipPosition":[-53.6317,274.794,-20.2618],"stabilizedTipPosition":[-93.987,235.695,227.202],"timeVisible":0.515269,"tipPosition":[-70.1254,252.121,8.56497],"tipVelocity":[47.0523,30.8697,-163.313],"tool":false,"touchDistance":0.333333,"touchZone":"none","type":3,"width":17.9078},{"bases":[[[0.552966,-0.832107,-0.0427344],[0.817991,0.5324,0.217809],[-0.158489,-0.155397,0.975055]],[[0.56034,-0.823083,-0.0924825],[0.552412,0.45458,-0.698712],[0.617139,0.340427,0.7094]],[[0.56034,-0.823083,-0.0924825],[-0.475872,-0.228536,-0.849304],[0.677912,0.519908,-0.519741]],[[0.56034,-0.823083,-0.0924825],[-0.80585,-0.515969,-0.290485],[0.191376,0.237298,-0.9524]]],"btipPosition":[-52.7339,250.11,14.7367],"carpPosition":[-23.8178,267.234,69.2621],"dipPosition":[-49.4661,254.162,-1.52588],"direction":[-0.677912,-0.519908,0.519741],"extended":false,"handId":909,"id":9094,"length":50.0378,"mcpPosition":[-14.7139,276.16,13.2528],"pipPosition":[-36.3311,264.236,-11.5962],"stabilizedTipPosition":[-81.3032,236.438,212.623],"timeVisible":0.515269,"tipPosition":[-52.1228,250.721,12.0828],"tipVelocity":[44.5568,25.6912,-155.067],"tool":false,"touchDistance":0.333333,"touchZone":"none","type":4,"width":15.9071}],"r":[[0.838176,-0.102881,0.535609],[0.101747,0.994303,0.0317646],[-0.535826,0.0278724,0.843868]],"s":0.785225,"t":[33.2734,13.1222,-190.041],"timestamp":607378009941},false],[6,{"currentFrameRate":108.029,"devices":[],"gestures":[],"hands":[{"armBasis":[[0.704024,-0.280547,-0.652413],[0.55964,0.784728,0.266468],[0.43721,-0.552717,0.709473]],"armWidth":63.1234,"confidence":0.890172,"direction":[0.00410389,0.38423,-0.923228],"elbow":[79.538,123.026,268.837],"grabStrength":0,"id":909,"palmNormal":[-0.56034,-0.763796,-0.320368],"palmPosition":[-45.8363,292.064,29.9165],"palmVelocity":[30.6622,24.4877,-140.46],"palmWidth":90.138,"pinchStrength":1,"r":[[0.83719,-0.101708,0.537372],[0.101438,0.994384,0.0301722],[-0.537423,0.0292501,0.842805]],"s":0.786022,"sphereCenter":[-67.6449,264.442,-2.67646],"sphereRadius":44.5143,"stabilizedPalmPosition":[-77.3699,278.956,216.087],"t":[33.5223,13.3485,-191.184],"timeVisible":0.524136,"type":"right","wrist":[-37.4034,270.863,79.073]}],"id":4470686,"interactionBox":{"center":[0,200,0],"size":[235.247,235.247,147.751]},"pointables":[{"bases":[[[0.83527,0.549437,0.0210193],[-0.417583,0.609024,0.674325],[0.357698,-0.572021,0.738135]],[[0.666989,0.709425,-0.227685],[-0.619455,0.697818,0.359618],[0.414005,-0.0988203,0.904895]],[[0.666989,0.709425,-0.227685],[-0.741346,0.662414,-0.107767],[0.0743694,0.240673,0.967753]],[[0.666989,0.709425,-0.227685],[-0.671437,0.439862,-0.596401],[-0.322951,0.550669,0.769718]]],"btipPosition":[-82.3002,260.026,-10.513],"carpPosition":[-66.8031,276.035,84.7668],"dipPosition":[-89.7877,272.793,7.33245],"direction":[-0.0743694,-0.240673,-0.967753],"extended":false,"handId":909,"id":9090,"length":51.6284,"mcpPosition":[-66.8031,276.035,84.7668],"pipPosition":[-87.2758,280.922,40.0196],"stabilizedTipPosition":[-137.255,255.781,206.149],"timeVisible":0.524136,"tipPosition":[-84.3586,262.293,-6.66052],"tipVelocity":[39.5559,58.4724,-132.004],"tool":false,"touchDistance":-0.503397,"touchZone":"hovering","type":0,"width":20.0604},{"bases":[[[0.817184,-0.446761,-0.364165],[0.534111,0.824451,0.1871],[0.216647,-0.347399,0.912347]],[[0.840722,-0.494691,-0.220155],[0.520972,0.849826,0.079905],[0.147565,-0.181872,0.972187]],[[0.840722,-0.494691,-0.220155],[0.503934,0.863592,-0.0160942],[0.198086,-0.0974128,0.975332]],[[0.840722,-0.494691,-0.220155],[0.487406,0.8685,-0.0902362],[0.235844,-0.0314415,0.971282]]],"btipPosition":[-80.0927,326.683,-68.1711],"carpPosition":[-49.2881,290.759,79.4908],"dipPosition":[-76.1009,326.151,-51.7316],"direction":[-0.198086,0.0974128,-0.975332],"extended":true,"handId":909,"id":9091,"length":58.2569,"mcpPosition":[-65.0775,316.078,12.9983],"pipPosition":[-71.3579,323.818,-28.3781],"stabilizedTipPosition":[-136.305,308.465,116.275],"timeVisible":0.524136,"tipPosition":[-79.2828,325.089,-64.4587],"tipVelocity":[51.2843,51.6485,-148.846],"tool":false,"touchDistance":-0.537884,"touchZone":"hovering","type":1,"width":19.1617},{"bases":[[[0.735834,-0.623547,-0.264079],[0.669204,0.729224,0.142825],[0.103515,-0.281818,0.953867]],[[0.735293,-0.622094,-0.268966],[0.316692,0.666229,-0.675163],[0.599208,0.411263,0.686886]],[[0.735293,-0.622094,-0.268966],[-0.520115,-0.263496,-0.812435],[0.434539,0.737271,-0.517307]],[[0.735293,-0.622094,-0.268966],[-0.676297,-0.699432,-0.231123],[-0.0443435,0.351844,-0.935008]]],"btipPosition":[-85.8346,259.483,8.13391],"carpPosition":[-38.6531,286.961,74.8796],"dipPosition":[-86.6601,266.033,-9.27223],"direction":[-0.434539,-0.737271,0.517307],"extended":false,"handId":909,"id":9092,"length":66.379,"mcpPosition":[-45.8075,306.439,8.95332],"pipPosition":[-74.4191,286.802,-23.8448],"stabilizedTipPosition":[-106.95,238.085,235.773],"timeVisible":0.524136,"tipPosition":[-86.1016,260.411,5.14501],"tipVelocity":[43.5076,28.4168,-145.055],"tool":false,"touchDistance":0.333333,"touchZone":"none","type":2,"width":18.8193},{"bases":[[[0.690491,-0.711408,-0.130842],[0.723024,0.673456,0.153927],[-0.0213888,-0.200887,0.979381]],[[0.690821,-0.70527,-0.159248],[0.441917,0.586189,-0.679037],[0.572254,0.398719,0.716623]],[[0.690821,-0.70527,-0.159248],[-0.465258,-0.265025,-0.844569],[0.553444,0.657538,-0.511217]],[[0.690821,-0.70527,-0.159248],[-0.718737,-0.645907,-0.257333],[0.07863,0.292229,-0.95311]]],"btipPosition":[-69.8739,251.654,10.2114],"carpPosition":[-29.2291,280.289,71.0337],"dipPosition":[-68.4185,257.063,-7.42976],"direction":[-0.553444,-0.657538,0.511217],"extended":false,"handId":909,"id":9093,"length":63.8252,"mcpPosition":[-27.9019,292.755,10.2597],"pipPosition":[-53.2306,275.107,-21.4589],"stabilizedTipPosition":[-93.9866,235.695,227.198],"timeVisible":0.524136,"tipPosition":[-69.7591,252.454,7.34644],"tipVelocity":[46.2077,33.373,-156.095],"tool":false,"touchDistance":0.333333,"touchZone":"none","type":3,"width":17.9078},{"bases":[[[0.554355,-0.831307,-0.0402324],[0.81687,0.534196,0.21762],[-0.159417,-0.153503,0.975204]],[[0.561556,-0.822706,-0.0883722],[0.556181,0.454379,-0.695847],[0.612632,0.341606,0.712733]],[[0.561556,-0.822706,-0.0883722],[-0.472852,-0.231429,-0.850207],[0.679019,0.519225,-0.518979]],[[0.561556,-0.822706,-0.0883722],[-0.804984,-0.518478,-0.288412],[0.19146,0.233098,-0.953419]]],"btipPosition":[-52.3648,250.449,13.6556],"carpPosition":[-23.6371,267.638,68.3036],"dipPosition":[-49.0956,254.429,-2.62445],"direction":[-0.679019,-0.519225,0.518979],"extended":false,"handId":909,"id":9094,"length":50.0378,"mcpPosition":[-14.4798,276.456,12.2857],"pipPosition":[-35.9391,264.49,-12.68],"stabilizedTipPosition":[-81.3027,236.438,212.62],"timeVisible":0.524136,"tipPosition":[-51.7778,251.031,10.9801],"tipVelocity":[43.7709,28.5926,-146.205],"tool":false,"touchDistance":0.333333,"touchZone":"none","type":4,"width":15.9071}],"r":[