{"sensorType":"Leap","data":[[0,{"currentFrameRate":98.9085,"devices":[],"gestures":[],"hands":[{"armBasis":[[0.69704,-0.279791,-0.660191],[0.578314,0.763687,0.28694],[0.423896,-0.581807,0.694128]],"armWidth":63.1234,"confidence":0.846445,"direction":[0.060788,0.392907,-0.917567],"elbow":[78.9138,133.214,274.955],"grabStrength":0,"id":904,"palmNormal":[-0.575432,-0.737337,-0.353853],"palmPosition":[-39.836,310.843,40.0654],"palmVelocity":[51.1426,8.03399,-143.276],"palmWidth":90.138,"pinchStrength":1,"r":[[0.880477,-0.290599,0.374583],[0.360217,0.923757,-0.130065],[-0.308227,0.24945,0.918025]],"s":0.832549,"sphereCenter":[-66.0647,287.299,8.31381],"sphereRadius":42.6823,"stabilizedPalmPosition":[-98.9943,285.913,203.192],"t":[72.799,36.7143,-190.906],"timeVisible":0.695954,"type":"right","wrist":[-34.4664,288.831,89.2955]}],"id":4468090,"interactionBox":{"center":[0,200,0],"size":[235.247,235.247,147.751]},"pointables":[{"bases":[[[0.854734,0.515042,0.0645064],[-0.422762,0.61865,0.662227],[0.301168,-0.593299,0.746521]],[[0.673389,0.703479,-0.227299],[-0.664152,0.710697,0.231975],[0.32473,-0.00524804,0.945792]],[[0.673389,0.703479,-0.227299],[-0.738988,0.631747,-0.23408],[-0.0210743,0.325598,0.945273]],[[0.673389,0.703479,-0.227299],[-0.679165,0.467209,-0.566083],[-0.292031,0.535568,0.792392]]],"btipPosition":[-72.4376,271.974,-3.32919],"carpPosition":[-63.862,295.129,93.7395],"dipPosition":[-79.2082,284.391,15.042],"direction":[0.0210743,-0.325598,-0.945273],"extended":false,"handId":904,"id":9040,"length":51.6284,"mcpPosition":[-63.862,295.129,93.7395],"pipPosition":[-79.92,295.388,46.9699],"stabilizedTipPosition":[-140.883,261.151,154.41],"timeVisible":0.695954,"tipPosition":[-75.1116,275.233,0.93216],"tipVelocity":[83.4259,-12.2902,-141.255],"tool":false,"touchDistance":-0.525699,"touchZone":"touching","type":0,"width":20.0604},{"bases":[[[0.814215,-0.475737,-0.332758],[0.557642,0.800322,0.220273],[0.161521,-0.36491,0.916925]],[[0.828932,-0.522945,-0.198493],[0.528619,0.84841,-0.0276189],[0.182847,-0.0820331,0.979713]],[[0.828932,-0.522945,-0.198493],[0.509076,0.852364,-0.119651],[0.231759,-0.00186528,0.972771]],[[0.828932,-0.522945,-0.198493],[0.491806,0.850447,-0.186723],[0.266454,0.0571608,0.962151]]],"btipPosition":[-75.1679,338.349,-58.6811],"carpPosition":[-45.555,309.186,89.4189],"dipPosition":[-70.658,339.317,-42.3961],"direction":[-0.231759,0.00186528,-0.972771],"extended":true,"handId":904,"id":9041,"length":58.2569,"mcpPosition":[-57.3268,335.781,22.5928],"pipPosition":[-65.1087,339.272,-19.104],"stabilizedTipPosition":[-136.373,327.246,73.1226],"timeVisible":0.695954,"tipPosition":[-74.7191,337.348,-54.7474],"tipVelocity":[75.5064,-7.30285,-161.276],"tool":false,"touchDistance":-0.586599,"touchZone":"hovering","type":1,"width":19.1617},{"bases":[[[0.721477,-0.650082,-0.238462],[0.690677,0.700165,0.180923],[0.049348,-0.295232,0.95415]],[[0.721985,-0.653346,-0.227766],[0.346232,0.626152,-0.698611],[0.599051,0.425527,0.678281]],[[0.721985,-0.653346,-0.227766],[-0.497181,-0.260942,-0.827479],[0.481196,0.710668,-0.513227]],[[0.721985,-0.653346,-0.227766],[-0.691095,-0.664982,-0.283172],[0.0335491,0.361854,-0.931631]]],"btipPosition":[-81.0786,278.338,18.7078],"carpPosition":[-34.8839,305.008,85.24],"dipPosition":[-80.4541,285.074,1.36452],"direction":[-0.481196,-0.710668,0.513227],"extended":false,"handId":904,"id":9042,"length":66.379,"mcpPosition":[-38.2946,325.412,19.2941],"pipPosition":[-66.8987,305.094,-13.0931],"stabilizedTipPosition":[-132.802,233.953,215.917],"timeVisible":0.695954,"tipPosition":[-81.1657,279.353,15.5164],"tipVelocity":[66.1175,-5.92424,-151.714],"tool":false,"touchDistance":0.333333,"touchZone":"none","type":2,"width":18.8193},{"bases":[[[0.666743,-0.737361,-0.108407],[0.74168,0.642163,0.193748],[-0.0732469,-0.209583,0.975043]],[[0.668423,-0.731657,-0.133747],[0.467126,0.552887,-0.690006],[0.578795,0.39874,0.711339]],[[0.668423,-0.731657,-0.133747],[-0.447826,-0.25232,-0.85778],[0.593854,0.633255,-0.496312]],[[0.668423,-0.731657,-0.133747],[-0.72932,-0.609456,-0.310895],[0.145956,0.305354,-0.940987]]],"btipPosition":[-65.642,270.326,20.7853],"carpPosition":[-25.5707,297.999,81.738],"dipPosition":[-62.9405,275.978,3.36858],"direction":[-0.593854,-0.633255,0.496312],"extended":false,"handId":904,"id":9043,"length":63.8252,"mcpPosition":[-21.0254,311.005,21.2332],"pipPosition":[-46.6436,293.356,-10.2515],"stabilizedTipPosition":[-117.821,231.523,211.755],"timeVisible":0.695954,"tipPosition":[-65.4113,271.187,17.6426],"tipVelocity":[70.3566,-1.80379,-143.222],"tool":false,"touchDistance":0.333333,"touchZone":"none","type":3,"width":17.9078},{"bases":[[[0.52201,-0.852563,-0.0253407],[0.826949,0.498603,0.259904],[-0.20895,-0.156628,0.965302]],[[0.50163,-0.863028,0.0595808],[0.632997,0.319236,-0.705268],[0.589646,0.391498,0.706433]],[[0.50163,-0.863028,0.0595808],[-0.412087,-0.298944,-0.860707],[0.760626,0.407204,-0.505602]],[[0.50163,-0.863028,0.0595808],[-0.80366,-0.490396,-0.337109],[0.320153,0.121221,-0.939578]]],"btipPosition":[-49.2268,270.484,24.7565],"carpPosition":[-20.3708,285.16,79.1106],"dipPosition":[-43.7601,272.554,8.71284],"direction":[-0.760626,-0.407204,0.505602],"extended":false,"handId":904,"id":9044,"length":50.0378,"mcpPosition":[-8.36827,294.157,23.6615],"pipPosition":[-29.0224,280.444,-1.08353],"stabilizedTipPosition":[-105.343,240.722,208.797],"timeVisible":0.695954,"tipPosition":[-48.4785,270.846,21.8618],"tipVelocity":[71.9081,2.12318,-140.164],"tool":false,"touchDistance":0.333333,"touchZone":"none","type":4,"width":15.9071}],"r":[[0.880477,-0.290599,0.374583],[0.360217,0.923757,-0.130065],[-0.308227,0.24945,0.918025]],"s":0.832549,"t":[72.799,36.7143,-190.906],"timestamp":607353642036},false],[1,{"currentFrameRate":99.3781,"devices":[],"gestures":[],"hands":[{"armBasis":[[0.699642,-0.279252,-0.657663],[0.576801,0.763968,0.289229],[0.421666,-0.581697,0.695577]],"armWidth":63.1234,"confidence":0.849325,"direction":[0.0598236,0.39204,-0.918001],"elbow":[78.6535,133.393,274.659],"grabStrength":0,"id":904,"palmNormal":[-0.574052,-0.738849,-0.352941],"palmPosition":[-39.5533,310.93,39.3589],"palmVelocity":[45.5189,8.43205,-124.926],"palmWidth":90.138,"pinchStrength":1,"r":[[0.880322,-0.287833,0.377075],[0.358786,0.923995,-0.13231],[-0.310332,0.251764,0.916684]],"s":0.83318,"sphereCenter":[-65.8747,287.436,7.65225],"sphereRadius":42.7035,"stabilizedPalmPosition":[-98.9333,285.939,203.024],"t":[73.1516,36.8165,-191.923],"timeVisible":0.705093,"type":"right","wrist":[-34.1302,288.981,88.6115]}],"id":4468091,"interactionBox":{"center":[0,200,0],"size":[235.247,235.247,147.751]},"pointables":[{"bases":[[[0.853731,0.516794,0.0637742],[-0.423843,0.618527,0.661651],[0.302491,-0.591902,0.747095]],[[0.673469,0.703689,-0.226412],[-0.665111,0.710496,0.22983],[0.322594,-0.00419447,0.946528]],[[0.673469,0.703689,-0.226412],[-0.738895,0.631805,-0.234215],[-0.0217666,0.325031,0.945453]],[[0.673469,0.703689,-0.226412],[-0.678728,0.467297,-0.566535],[-0.292863,0.535216,0.792323]]],"btipPosition":[-71.9645,272.046,-4.05471],"carpPosition":[-63.5373,295.226,93.0548],"dipPosition":[-78.7544,284.455,14.3149],"direction":[0.0217666,-0.325031,-0.945453],"extended":false,"handId":904,"id":9040,"length":51.6284,"mcpPosition":[-63.5373,295.226,93.0548],"pipPosition":[-79.4896,295.433,46.2488],"stabilizedTipPosition":[-140.184,261.294,152.808],"timeVisible":0.705093,"tipPosition":[-74.6205,275.243,0.229178],"tipVelocity":[74.4839,-6.73401,-124.056],"tool":false,"touchDistance":-0.512351,"touchZone":"touching","type":0,"width":20.0604},{"bases":[[[0.815082,-0.474489,-0.332417],[0.556109,0.801655,0.219297],[0.16243,-0.363605,0.917283]],[[0.829909,-0.521453,-0.198336],[0.527502,0.849176,-0.0253414],[0.181637,-0.0835917,0.979806]],[[0.829909,-0.521453,-0.198336],[0.507809,0.853277,-0.11853],[0.231043,-0.00234798,0.972941]],[[0.829909,-0.521453,-0.198336],[0.490337,0.851337,-0.186535],[0.26612,0.0575552,0.96222]]],"btipPosition":[-74.8637,338.453,-59.4199],"carpPosition":[-45.2589,309.314,88.7153],"dipPosition":[-70.3595,339.428,-43.1337],"direction":[-0.231043,0.00234798,-0.972941],"extended":true,"handId":904,"id":9041,"length":58.2569,"mcpPosition":[-57.0969,335.814,21.8631],"pipPosition":[-64.8274,339.371,-19.8376],"stabilizedTipPosition":[-136.034,327.308,72.4242],"timeVisible":0.705093,"tipPosition":[-74.4085,337.467,-55.4924],"tipVelocity":[63.7223,-2.04659,-138.894],"tool":false,"touchDistance":-0.567351,"touchZone":"hovering","type":1,"width":19.1617},{"bases":[[[0.722708,-0.648915,-0.237914],[0.689334,0.701719,0.180026],[0.0501273,-0.294109,0.954457]],[[0.723225,-0.652177,-0.22718],[0.345667,0.626628,-0.698464],[0.597879,0.426618,0.678629]],[[0.723225,-0.652177,-0.22718],[-0.496415,-0.262231,-0.827531],[0.480123,0.711267,-0.513402]],[[0.723225,-0.652177,-0.22718],[-0.689835,-0.666604,-0.282429],[0.0327547,0.360977,-0.931999]]],"btipPosition":[-80.728,278.353,17.9805],"carpPosition":[-34.5804,305.152,84.5387],"dipPosition":[-80.1183,285.073,0.630334],"direction":[-0.480123,-0.711267,0.513402],"extended":false,"handId":904,"id":9042,"length":66.379,"mcpPosition":[-38.045,325.48,18.5716],"pipPosition":[-66.5932,305.109,-13.8323],"stabilizedTipPosition":[-132.74,234.007,215.677],"timeVisible":0.705093,"tipPosition":[-80.8114,279.373,14.7816],"tipVelocity":[58.2925,-3.94832,-131.698],"tool":false,"touchDistance":0.333333,"touchZone":"none","type":2,"width":18.8193},{"bases":[[[0.668172,-0.736162,-0.107755],[0.740453,0.643831,0.192903],[-0.0726318,-0.208679,0.975283]],[[0.669823,-0.730536,-0.132871],[0.467172,0.553719,-0.689308],[0.577137,0.399641,0.712179]],[[0.669823,-0.730536,-0.132871],[-0.446795,-0.253621,-0.857934],[0.593052,0.63403,-0.496281]],[[0.669823,-0.730536,-0.132871],[-0.728195,-0.611316,-0.309879],[0.145152,0.30432,-0.941446]]],"btipPosition":[-65.2534,270.387,20.0452],"carpPosition":[-25.2541,298.159,81.0423],"dipPosition":[-62.5668,276.02,2.61991],"direction":[-0.593052,-0.63403,0.496281],"extended":false,"handId":904,"id":9043,"length":63.8252,"mcpPosition":[-20.7471,311.108,20.5226],"pipPosition":[-46.2919,293.419,-10.9993],"stabilizedTipPosition":[-117.735,231.588,211.437],"timeVisible":0.705093,"tipPosition":[-65.0184,271.247,16.8942],"tipVelocity":[62.51,0.430424,-125.97],"tool":false,"touchDistance":0.333333,"touchZone":"none","type":3,"width":17.9078},{"bases":[[[0.523684,-0.851559,-0.0245339],[0.826019,0.50051,0.259196],[-0.208441,-0.156002,0.965513]],[[0.50345,-0.861939,0.0599945],[0.633488,0.321011,-0.70402],[0.587564,0.392445,0.707641]],[[0.50345,-0.861939,0.0599945],[-0.411094,-0.300031,-0.860804],[0.759961,0.408708,-0.505389]],[[0.50345,-0.861939,0.0599945],[-0.802994,-0.492393,-0.335782],[0.318965,0.120874,-0.940027]]],"btipPosition":[-48.8086,270.559,24.0225],"carpPosition":[-20.0295,285.327,78.4276],"dipPosition":[-43.3622,272.623,7.9712],"direction":[-0.759961,-0.408708,0.505389],"extended":false,"handId":904,"id":9044,"length":50.0378,"mcpPosition":[-8.05621,294.288,22.9663],"pipPosition":[-28.6375,280.542,-1.82104],"stabilizedTipPosition":[-105.223,240.785,208.407],"timeVisible":0.705093,"tipPosition":[-48.0629,270.916,21.1196],"tipVelocity":[64.4913,3.76061,-123.569],"tool":false,"touchDistance":0.333333,"touchZone":"none","type":4,"width":15.9071}],"r":[[0.880322,-0.287833,0.377075],[0.358786,0.923995,-0.13231],[-0.310332,0.251764,0.916684]],"s":0.83318,"t":[73.1516,36.8165,-191.923],"timestamp":607353651175},false],[2,{"currentFrameRate":99.9338,"devices":[],"gestures":[],"hands":[{"armBasis":[[0.704202,-0.276881,-0.653786],[0.572404,0.766196,0.292057],[0.420064,-0.579897,0.698045]],"armWidth":63.1234,"confidence":0.855656,"direction":[0.0614872,0.388113,-0.919558],"elbow":[78.3671,134.441,274.063],"grabStrength":0,"id":904,"palmNormal":[-0.569637,-0.742879,-0.351632],"palmPosition":[-39.3257,311.249,37.9847],"palmVelocity":[40.0697,15.8921,-132.866],"palmWidth":90.138,"pinchStrength":1,"r":[[0.880159,-0.284522,0.379957],[0.356956,0.92436,-0.134692],[-0.312894,0.254178,0.915145]],"s":0.834039,"sphereCenter":[-65.6143,287.725,6.32069],"sphereRadius":42.7273,"stabilizedPalmPosition":[-98.8826,285.961,202.883],"t":[73.4418,37.0273,-193.118],"timeVisible":0.714012,"type":"right","wrist":[-33.9881,289.547,87.3562]}],"id":4468092,"interactionBox":{"center":[0,200,0],"size":[235.247,235.247,147.751]},"pointables":[{"bases":[[[0.851299,0.520703,0.0644909],[-0.428851,0.619722,0.657291],[0.302287,-0.587208,0.750872]],[[0.672696,0.704711,-0.225529],[-0.668623,0.709494,0.222624],[0.316897,0.0010356,0.948459]],[[0.672696,0.704711,-0.225529],[-0.739427,0.629149,-0.239622],[-0.0269728,0.327955,0.944308]],[[0.672696,0.704711,-0.225529],[-0.676205,0.461779,-0.574027],[-0.300379,0.53865,0.787165]]],"btipPosition":[-71.2327,272.071,-5.38176],"carpPosition":[-63.4372,295.688,91.665],"dipPosition":[-78.1968,284.559,12.8682],"direction":[0.0269728,-0.327955,-0.944308],"extended":false,"handId":904,"id":9040,"length":51.6284,"mcpPosition":[-63.4372,295.688,91.665],"pipPosition":[-79.1078,295.636,44.7635],"stabilizedTipPosition":[-139.536,261.426,151.326],"timeVisible":0.714012,"tipPosition":[-73.9258,275.244,-1.12424],"tipVelocity":[75.322,-3.57954,-131.636],"tool":false,"touchDistance":-0.509767,"touchZone":"touching","type":0,"width":20.0604},{"bases":[[[0.818282,-0.472527,-0.327311],[0.551913,0.805,0.217639],[0.160645,-0.358738,0.919511]],[[0.832789,-0.518592,-0.193715],[0.524606,0.851035,-0.0229921],[0.176782,-0.0824766,0.980788]],[[0.832789,-0.518592,-0.193715],[0.505277,0.855022,-0.116761],[0.226182,-0.000642391,0.974085]],[[0.832789,-0.518592,-0.193715],[0.48803,0.85293,-0.185305],[0.261323,0.059781,0.963398]]],"btipPosition":[-74.2736,338.492,-61.0596],"carpPosition":[-45.203,309.833,87.3272],"dipPosition":[-69.8506,339.504,-44.7534],"direction":[-0.226182,0.000642391,-0.974085],"extended":true,"handId":904,"id":9041,"length":58.2569,"mcpPosition":[-56.911,335.979,20.3126],"pipPosition":[-64.4349,339.489,-21.4299],"stabilizedTipPosition":[-135.754,327.359,71.846],"timeVisible":0.714012,"tipPosition":[-73.828,337.501,-57.1317],"tipVelocity":[63.8161,-0.0376799,-151],"tool":false,"touchDistance":-0.563475,"touchZone":"hovering","type":1,"width":19.1617},{"bases":[[[0.726305,-0.646912,-0.232347],[0.6857,0.705454,0.179305],[0.0479154,-0.289551,0.955963]],[[0.726799,-0.650132,-0.221567],[0.346235,0.625386,-0.699295],[0.593199,0.431532,0.679629]],[[0.726799,-0.650132,-0.221567],[-0.491937,-0.267598,-0.828486],[0.479335,0.71114,-0.514314]],[[0.726799,-0.650132,-0.221567],[-0.685974,-0.670771,-0.281969],[0.0346969,0.356924,-0.933489]]],"btipPosition":[-80.2772,278.428,16.5515],"carpPosition":[-34.492,305.698,83.208],"dipPosition":[-79.6313,285.073,-0.826399],"direction":[-0.479335,-0.71114,0.514314],"extended":false,"handId":904,"id":9042,"length":66.379,"mcpPosition":[-37.8037,325.711,17.1369],"pipPosition":[-66.1284,305.105,-15.3147],"stabilizedTipPosition":[-132.686,234.055,215.468],"timeVisible":0.714012,"tipPosition":[-80.3475,279.442,13.3407],"tipVelocity":[56.4356,-1.09987,-139.665],"tool":false,"touchDistance":0.333333,"touchZone":"none","type":2,"width":18.8193},{"bases":[[[0.671669,-0.733798,-0.101988],[0.737017,0.647842,0.19263],[-0.075279,-0.20455,0.975957]],[[0.673385,-0.728286,-0.127093],[0.467302,0.552518,-0.690183],[0.572872,0.405368,0.712387]],[[0.673385,-0.728286,-0.127093],[-0.442797,-0.259653,-0.858202],[0.592017,0.634177,-0.497329]],[[0.673385,-0.728286,-0.127093],[-0.724542,-0.615955,-0.309255],[0.146942,0.300332,-0.942448]]],"btipPosition":[-64.7745,270.517,18.7764],"carpPosition":[-25.1236,298.729,79.7772],"dipPosition":[-62.0548,276.076,1.3326],"direction":[-0.592017,-0.634177,0.497329],"extended":false,"handId":904,"id":9043,"length":63.8252,"mcpPosition":[-20.4523,311.422,19.2157],"pipPosition":[-45.8083,293.48,-12.3154],"stabilizedTipPosition":[-117.657,231.647,211.15],"timeVisible":0.714012,"tipPosition":[-64.5297,271.367,15.6024],"tipVelocity":[60.34,3.76599,-130.538],"tool":false,"touchDistance":0.333333,"touchZone":"none","type":3,"width":17.9078},{"bases":[[[0.52737,-0.849428,-0.0187629],[0.822949,0.505189,0.259883],[-0.211273,-0.152496,0.965458]],[[0.506988,-0.859475,0.0653091],[0.635316,0.321403,-0.702192],[0.582526,0.397495,0.708986]],[[0.506988,-0.859475,0.0653091],[-0.406601,-0.305278,-0.861093],[0.760026,0.410009,-0.504236]],[[0.506988,-0.859475,0.0653091],[-0.799935,-0.497378,-0.335736],[0.32104,0.117971,-0.939689]]],"btipPosition":[-48.312,270.785,22.7629],"carpPosition":[-19.8353,285.908,77.2399],"dipPosition":[-42.8301,272.8,6.71728],"direction":[-0.760026,-0.410009,0.504236],"extended":false,"handId":904,"id":9044,"length":50.0378,"mcpPosition":[-7.69927,294.667,21.7818],"pipPosition":[-28.1041,280.744,-3.05262],"stabilizedTipPosition":[-105.115,240.841,208.054],"timeVisible":0.714012,"tipPosition":[-47.5577,271.131,19.8473],"tipVelocity":[62.3416,9.30748,-128.343],"tool":false,"touchDistance":0.333333,"touchZone":"none","type":4,"width":15.9071}],"r":[[0.880159,-0.284522,0.379957],[0.356956,0.92436,-0.134692],[-0.312894,0.254178,0.915145]],"s":0.834039,"t":[73.4418,37.0273,-193.118],"timestamp":607353660094},false],[3,{"currentFrameRate":100.359,"devices":[],"gestures":[],"hands":[{"armBasis":[[0.707994,-0.274922,-0.650509],[0.569167,0.767429,0.295129],[0.418083,-0.579198,0.699812]],"armWidth":63.1234,"confidence":0.858826,"direction":[0.0609683,0.384366,-0.921165],"elbow":[78.141,135.034,273.656],"grabStrength":0,"id":904,"palmNormal":[-0.56659,-0.746457,-0.348967],"palmPosition":[-39.053,311.422,37.006],"palmVelocity":[37.2271,16.7329,-125.705],"palmWidth":90.138,"pinchStrength":1,"r":[[0.88015,-0.280897,0.382666],[0.354849,0.924782,-0.137331],[-0.315307,0.256661,0.913623]],"s":0.834804,"sphereCenter":[-65.3883,287.841,5.44492],"sphereRadius":42.7438,"stabilizedPalmPosition":[-98.8381,285.98,202.76],"t":[73.7232,37.2192,-194.206],"timeVisible":0.723149,"type":"right","wrist":[-33.6844,289.953,86.4757]}],"id":4468093,"interactionBox":{"center":[0,200,0],"size":[235.247,235.247,147.751]},"pointables":[{"bases":[[[0.849337,0.524071,0.0630564],[-0.431739,0.620985,0.654201],[0.303691,-0.582861,0.753687]],[[0.671714,0.705403,-0.22629],[-0.671133,0.708782,0.217276],[0.313658,0.00592371,0.949518]],[[0.671714,0.705403,-0.22629],[-0.74022,0.626904,-0.243035],[-0.029575,0.330754,0.943253]],[[0.671714,0.705403,-0.22629],[-0.675525,0.457857,-0.577956],[-0.304083,0.541086,0.784066]]],"btipPosition":[-70.6213,271.995,-6.26173],"carpPosition":[-63.1599,296.004,90.7299],"dipPosition":[-77.6714,284.54,11.9164],"direction":[0.029575,-0.330754,-0.943253],"extended":false,"handId":904,"id":9040,"length":51.6284,"mcpPosition":[-63.1599,296.004,90.7299],"pipPosition":[-78.6703,295.711,43.7761],"stabilizedTipPosition":[-138.897,261.553,149.869],"timeVisible":0.723149,"tipPosition":[-73.3238,275.14,-2.00968],"tipVelocity":[72.3808,-4.50163,-122.314],"tool":false,"touchDistance":-0.500571,"touchZone":"touching","type":0,"width":20.0604},{"bases":[[[0.820312,-0.470952,-0.324488],[0.54877,0.807935,0.214691],[0.161056,-0.354183,0.921203]],[[0.83483,-0.516212,-0.191271],[0.521914,0.85268,-0.0232872],[0.175114,-0.0803861,0.981261]],[[0.83483,-0.516212,-0.191271],[0.502604,0.856458,-0.117768],[0.224609,0.00218252,0.974447]],[[0.83483,-0.516212,-0.191271],[0.485324,0.854126,-0.186893],[0.259846,0.0631957,0.96358]]],"btipPosition":[-73.9399,338.31,-62.1935],"carpPosition":[-44.973,310.198,86.3485],"dipPosition":[-69.5418,339.38,-45.8843],"direction":[-0.224609,-0.00218252,-0.974447],"extended":true,"handId":904,"id":9041,"length":58.2569,"mcpPosition":[-56.7109,336.011,19.2105],"pipPosition":[-64.1638,339.432,-22.5521],"stabilizedTipPosition":[-135.511,327.402,71.3425],"timeVisible":0.723149,"tipPosition":[-73.4802,337.343,-58.2695],"tipVelocity":[56.0524,-5.16789,-143.498],"tool":false,"touchDistance":-0.552459,"touchZone":"touching","type":1,"width":19.1617},{"bases":[[[0.728878,-0.64526,-0.22886],[0.682956,0.708711,0.176914],[0.0480398,-0.28525,0.957248]],[[0.729374,-0.648439,-0.218038],[0.345267,0.624058,-0.700958],[0.590597,0.43598,0.679056]],[[0.729374,-0.648439,-0.218038],[-0.489828,-0.272504,-0.828137],[0.47758,0.710822,-0.516381]],[[0.729374,-0.648439,-0.218038],[-0.683251,-0.674441,-0.279819],[0.034392,0.353067,-0.934966]]],"btipPosition":[-79.8575,278.385,15.6251],"carpPosition":[-34.2431,306.084,82.2574],"dipPosition":[-79.2173,284.957,-1.78029],"direction":[-0.47758,-0.710822,0.516381],"extended":false,"handId":904,"id":9042,"length":66.379,"mcpPosition":[-37.5633,325.799,16.0975],"pipPosition":[-65.7638,304.981,-16.3268],"stabilizedTipPosition":[-132.636,234.098,215.274],"timeVisible":0.723149,"tipPosition":[-79.9229,279.393,12.4023],"tipVelocity":[53.4753,-2.6159,-129.212],"tool":false,"touchDistance":0.333333,"touchZone":"none","type":2,"width":18.8193},{"bases":[[[0.674431,-0.731781,-0.0981791],[0.73447,0.651345,0.190536],[-0.0754822,-0.200613,0.976758]],[[0.676143,-0.726404,-0.123162],[0.46665,0.551584,-0.691371],[0.570148,0.409992,0.711925]],[[0.676143,-0.726404,-0.123162],[-0.440715,-0.264797,-0.857702],[0.590425,0.634208,-0.499178]],[[0.676143,-0.726404,-0.123162],[-0.722036,-0.620033,-0.306957],[0.14661,0.296474,-0.943721]]],"btipPosition":[-64.314,270.544,17.9099],"carpPosition":[-24.846,299.134,78.8657],"dipPosition":[-61.6004,276.031,0.442498],"direction":[-0.590425,-0.634208,0.499178],"extended":false,"handId":904,"id":9043,"length":63.8252,"mcpPosition":[-20.1621,311.582,18.2545],"pipPosition":[-45.3976,293.436,-13.2562],"stabilizedTipPosition":[-117.581,231.702,210.876],"timeVisible":0.723149,"tipPosition":[-64.0652,271.383,14.7204],"tipVelocity":[57.534,3.0244,-120.774],"tool":false,"touchDistance":0.333333,"touchZone":"none","type":3,"width":17.9078},{"bases":[[[0.530473,-0.847576,-0.0145935],[0.820854,0.509298,0.258487],[-0.211655,-0.149099,0.965905]],[[0.510094,-0.85732,0.06932],[0.634978,0.320987,-0.702688],[0.580178,0.402454,0.708113]],[[0.510094,-0.85732,0.06932],[-0.404865,-0.310432,-0.860068],[0.758873,0.410651,-0.505449]],[[0.510094,-0.85732,0.06932],[-0.798009,-0.501791,-0.333748],[0.320913,0.114925,-0.94011]]],"btipPosition":[-47.8567,270.87,21.9473],"carpPosition":[-19.5087,286.321,76.3887],"dipPosition":[-42.377,272.832,5.89455],"direction":[-0.758873,-0.410651,0.505449],"extended":false,"handId":904,"id":9044,"length":50.0378,"mcpPosition":[-7.35075,294.886,20.905],"pipPosition":[-27.6733,280.789,-3.89885],"stabilizedTipPosition":[-105.01,240.896,207.715],"timeVisible":0.723149,"tipPosition":[-47.0996,271.204,19.0152],"tipVelocity":[58.8463,8.91874,-117.523],"tool":false,"touchDistance":0.333333,"touchZone":"none","type":4,"width":15.9071}],"r":[[0.88015,-0.280897,0.382666],[0.354849,0.924782,-0.137331],[-0.315307,0.256661,0.913623]],"s":0.834804,"t":[73.7232,37.2192,-194.206],"timestamp":607353669231},false],[4,{"currentFrameRate":100.845,"devices":[],"gestures":[],"hands":[{"armBasis":[[0.712072,-0.271962,-0.647294],[0.564737,0.769631,0.297892],[0.417163,-0.577672,0.70162]],"armWidth":63.1234,"confidence":0.862292,"direction":[0.0610075,0.3811,-0.922519],"elbow":[78.0167,135.928,273.317],"grabStrength":0,"id":904,"palmNormal":[-0.562296,-0.750505,-0.347225],"palmPosition":[-38.9329,311.691,36.0907],"palmVelocity":[30.6963,20.3568,-119.215],"palmWidth":90.138,"pinchStrength":1,"r":[[0.880242,-0.276848,0.385395],[0.352337,0.92534,-0.140019],[-0.317858,0.259039,0.912066]],"s":0.835486,"sphereCenter":[-65.2304,288.005,4.58756],"sphereRadius":42.7639,"stabilizedPalmPosition":[-98.8012,285.995,202.657],"t":[73.924,37.4495,-195.207],"timeVisible":0.732122,"type":"right","wrist":[-33.5626,290.439,85.6538]}],"id":4468094,"interactionBox":{"center":[0,200,0],"size":[235.247,235.247,147.751]},"pointables":[{"bases":[[[0.846687,0.528378,0.0627484],[-0.436042,0.621424,0.650922],[0.304939,-0.578488,0.756547]],[[0.670402,0.706835,-0.225712],[-0.674458,0.707304,0.211725],[0.309302,0.0102926,0.950908]],[[0.670402,0.706835,-0.225712],[-0.741266,0.624486,-0.246053],[-0.0329648,0.332267,0.942609]],[[0.670402,0.706835,-0.225712],[-0.674913,0.454495,-0.581314],[-0.308308,0.54205,0.781746]]],"btipPosition":[-70.109,272.066,-7.15997],"carpPosition":[-63.0753,296.365,89.8249],"dipPosition":[-77.2569,284.633,10.9644],"direction":[0.0329648,-0.332267,-0.942609],"extended":false,"handId":904,"id":9040,"length":51.6284,"mcpPosition":[-63.0753,296.365,89.8249],"pipPosition":[-78.3703,295.856,42.8023],"stabilizedTipPosition":[-138.301,261.672,148.514],"timeVisible":0.732122,"tipPosition":[-72.8095,275.153,-2.90059],"tipVelocity":[67.5091,-0.940063,-116.609],"tool":false,"touchDistance":-0.492507,"touchZone":"touching","type":0,"width":20.0604},{"bases":[[[0.823218,-0.46826,-0.321005],[0.544456,0.811379,0.212676],[0.160869,-0.349852,0.922889]],[[0.837664,-0.512826,-0.18796],[0.5183,0.854899,-0.022631],[0.172293,-0.0784626,0.981916]],[[0.837664,-0.512826,-0.18796],[0.499136,0.858479,-0.117805],[0.221773,0.00486343,0.975086]],[[0.837664,-0.512826,-0.18796],[0.481927,0.855914,-0.187502],[0.257034,0.0664808,0.964113]]],"btipPosition":[-73.6654,338.224,-63.2916],"carpPosition":[-44.9477,310.628,85.4254],"dipPosition":[-69.3149,339.349,-46.9734],"direction":[-0.221773,-0.00486343,-0.975086],"extended":true,"handId":904,"id":9041,"length":58.2569,"mcpPosition":[-56.672,336.126,18.1646],"pipPosition":[-64.0048,339.465,-23.6259],"stabilizedTipPosition":[-135.315,327.436,70.9328],"timeVisible":0.732122,"tipPosition":[-73.2044,337.278,-59.3691],"tipVelocity":[48.7442,-6.00383,-137.651],"tool":false,"touchDistance":-0.541987,"touchZone":"touching","type":1,"width":19.1617},{"bases":[[[0.732425,-0.642634,-0.224889],[0.679193,0.712656,0.175555],[0.0474508,-0.281324,0.958439]],[[0.732915,-0.645776,-0.21403],[0.34425,0.623385,-0.702056],[0.586794,0.440867,0.679197]],[[0.732915,-0.645776,-0.21403],[-0.48654,-0.277645,-0.828367],[0.475515,0.711257,-0.517687]],[[0.732915,-0.645776,-0.21403],[-0.679436,-0.678756,-0.278671],[0.0346851,0.349662,-0.936234]]],"btipPosition":[-79.5293,278.398,14.711],"carpPosition":[-34.1899,306.55,81.372],"dipPosition":[-78.8836,284.907,-2.71793],"direction":[-0.475515,-0.711257,0.517687],"extended":false,"handId":904,"id":9042,"length":66.379,"mcpPosition":[-37.4694,325.994,15.1298],"pipPosition":[-65.4883,304.943,-17.3012],"stabilizedTipPosition":[-132.591,234.136,215.104],"timeVisible":0.732122,"tipPosition":[-79.588,279.401,11.4764],"tipVelocity":[48.8851,-1.95063,-121.888],"tool":false,"touchDistance":0.333333,"touchZone":"none","type":2,"width":18.8193},{"bases":[[[0.678126,-0.728911,-0.0939857],[0.730952,0.65559,0.189503],[-0.0765145,-0.197206,0.977372]],[[0.679861,-0.72363,-0.11895],[0.465783,0.55138,-0.692117],[0.566423,0.415138,0.711916]],[[0.679861,-0.72363,-0.11895],[-0.437577,-0.270131,-0.857645],[0.588486,0.63513,-0.500295]],[[0.679861,-0.72363,-0.11895],[-0.718472,-0.624758,-0.305738],[0.146926,0.293321,-0.944656]]],"btipPosition":[-63.9444,270.636,17.0807],"carpPosition":[-24.7527,299.632,78.0262],"dipPosition":[-61.2249,276.065,-0.403998],"direction":[-0.588486,-0.63513,0.500295],"extended":false,"handId":904,"id":9043,"length":63.8252,"mcpPosition":[-20.0048,311.87,17.3769],"pipPosition":[-45.0753,293.495,-14.1334],"stabilizedTipPosition":[-117.512,231.754,210.624],"timeVisible":0.732122,"tipPosition":[-63.6897,271.467,13.8756],"tipVelocity":[53.0983,4.60845,-113.127],"tool":false,"touchDistance":0.333333,"touchZone":"none","type":3,"width":17.9078},{"bases":[[[0.534554,-0.845072,-0.0102446],[0.817876,0.514221,0.258176],[-0.21291,-0.146388,0.966043]],[[0.514096,-0.854578,0.073498],[0.635489,0.321939,-0.701789],[0.576072,0.407494,0.708583]],[[0.514096,-0.854578,0.073498],[-0.401421,-0.315439,-0.85986],[0.758002,0.412547,-0.505211]],[[0.514096,-0.854578,0.073498],[-0.795092,-0.506943,-0.332923],[0.321768,0.112716,-0.940085]]],"btipPosition":[-47.4789,271.053,21.1387],"carpPosition":[-19.3491,286.836,75.6096],"dipPosition":[-41.9845,272.978,5.08635],"direction":[-0.758002,-0.412547,0.505211],"extended":false,"handId":904,"id":9044,"length":50.0378,"mcpPosition":[-7.11905,295.245,20.1179],"pipPosition":[-27.2978,280.971,-4.70245],"stabilizedTipPosition":[-104.913,240.946,207.401],"timeVisible":0.732122,"tipPosition":[-46.7157,271.378,18.1958],"tipVelocity":[54.3639,11.8149,-110.014],"tool":false,"touchDistance":0.333333,"touchZone":"none","type":4,"width":15.9071}],"r":[[0.880242,-0.276848,0.385395],[0.352337,0.92534,-0.140019],[-0.317858,0.259039,0.912066]],"s":0.835486,"t":[73.924,37.4495,-195.207],"timestamp":607353678204},false],[5,{"currentFrameRate":101.211,"devices":[],"gestures":[],"hands":[{"armBasis":[[0.714893,-0.271539,-0.644356],[0.562793,0.770322,0.29978],[0.414959,-0.57695,0.703518]],"armWidth":63.1234,"confidence":0.867624,"direction":[0.0594064,0.377669,-0.924033],"elbow":[77.765,136.371,273.267],"grabStrength":0,"id":904,"palmNormal":[-0.560609,-0.753283,-0.343922],"palmPosition":[-38.6832,311.734,35.4541],"palmVelocity":[29.726,16.006,-105.313],"palmWidth":90.138,"pinchStrength":1,"r":[[0.880495,-0.272852,0.38766],[0.349837,0.925841,-0.14294],[-0.319911,0.261476,0.910652]],"s":0.83604,"sphereCenter":[-65.0716,287.978,4.0805],"sphereRadius":42.7832,"stabilizedPalmPosition":[-98.7688,286.009,202.567],"t":[74.1492,37.5865,-196.026],"timeVisible":0.741295,"type":"right","wrist":[-33.2249,290.689,85.0956]}],"id":4468095,"interactionBox":{"center":[0,200,0],"size":[235.247,235.247,147.751]},"pointables":[{"bases":[[[0.845375,0.53078,0.0601142],[-0.437189,0.622831,0.648805],[0.306932,-0.574764,0.758577]],[[0.670098,0.70674,-0.226909],[-0.675499,0.707341,0.208256],[0.307685,0.0137249,0.951389]],[[0.670098,0.70674,-0.226909],[-0.741553,0.623944,-0.246561],[-0.0326757,0.333485,0.942189]],[[0.670098,0.70674,-0.226909],[-0.67472,0.452537,-0.583064],[-0.309389,0.54381,0.780095]]],"btipPosition":[-69.6883,272.005,-7.69215],"carpPosition":[-62.7499,296.556,89.264],"dipPosition":[-76.8613,284.613,10.3939],"direction":[0.0326757,-0.333485,-0.942189],"extended":false,"handId":904,"id":9040,"length":51.6284,"mcpPosition":[-62.7499,296.556,89.264],"pipPosition":[-77.965,295.877,42.2176],"stabilizedTipPosition":[-137.712,261.789,147.177],"timeVisible":0.741295,"tipPosition":[-72.3623,275.035,-3.42015],"tipVelocity":[61.2927,-2.24297,-100.526],"tool":false,"touchDistance":-0.479704,"touchZone":"touching","type":0,"width":20.0604},{"bases":[[[0.824196,-0.467397,-0.319752],[0.542523,0.813588,0.20915],[0.16239,-0.345853,0.924129]],[[0.838823,-0.511272,-0.187022],[0.516417,0.856004,-0.0238911],[0.172306,-0.0765408,0.982065]],[[0.838823,-0.511272,-0.187022],[0.497078,0.859385,-0.119873],[0.222012,0.00758821,0.975015]],[[0.838823,-0.511272,-0.187022],[0.479683,0.856576,-0.190213],[0.257449,0.0698442,0.963764]]],"btipPosition":[-73.5036,337.948,-64.0094],"carpPosition":[-44.6618,310.848,84.7968],"dipPosition":[-69.1461,339.13,-47.6971],"direction":[-0.222012,-0.00758821,-0.975015],"extended":true,"handId":904,"id":9041,"length":58.2569,"mcpPosition":[-56.4969,336.054,17.4456],"pipPosition":[-63.8303,339.312,-24.3512],"stabilizedTipPosition":[-135.151,327.465,70.5904],"timeVisible":0.741295,"tipPosition":[-73.0238,337.029,-60.0915],"tipVelocity":[40.1121,-12.31,-121.116],"tool":false,"touchDistance":-0.526909,"touchZone":"touching","type":1,"width":19.1617},{"bases":[[[0.733914,-0.641629,-0.222897],[0.677486,0.715066,0.17232],[0.0488207,-0.277478,0.959491]],[[0.73442,-0.644733,-0.212005],[0.342676,0.621888,-0.704151],[0.585833,0.444493,0.677662]],[[0.73442,-0.644733,-0.212005],[-0.48613,-0.281741,-0.827224],[0.473608,0.710592,-0.520341]],[[0.73442,-0.644733,-0.212005],[-0.677881,-0.681542,-0.27564],[0.0332242,0.34615,-0.937591]]],"btipPosition":[-79.2036,278.274,14.1914],"carpPosition":[-33.8963,306.782,80.7518],"dipPosition":[-78.5851,284.718,-3.26278],"direction":[-0.473608,-0.710592,0.520341],"extended":false,"handId":904,"id":9042,"length":66.379,"mcpPosition":[-37.2706,325.96,14.4369],"pipPosition":[-65.2435,304.736,-17.9208],"stabilizedTipPosition":[-132.549,234.173,214.941],"timeVisible":0.741295,"tipPosition":[-79.2625,279.273,10.9448],"tipVelocity":[44.9614,-5.60989,-103.859],"tool":false,"touchDistance":0.333333,"touchZone":"none","type":2,"width":18.8193},{"bases":[[[0.679925,-0.727535,-0.0916225],[0.7294,0.658187,0.186453],[-0.0753466,-0.193604,0.978182]],[[0.681623,-0.722369,-0.116502],[0.464039,0.549869,-0.694486],[0.565736,0.419316,0.710011]],[[0.681623,-0.722369,-0.116502],[-0.437452,-0.274681,-0.856263],[0.586537,0.634612,-0.503231]],[[0.681623,-0.722369,-0.116502],[-0.717103,-0.627851,-0.302601],[0.145444,0.289803,-0.94597]]],"btipPosition":[-63.5966,270.55,16.6198],"carpPosition":[-24.4438,299.875,77.4264],"dipPosition":[-60.9046,275.914,-0.889249],"direction":[-0.586537,-0.634612,0.503231],"extended":false,"handId":904,"id":9043,"length":63.8252,"mcpPosition":[-19.7683,311.889,16.7268],"pipPosition":[-44.8085,293.329,-14.6992],"stabilizedTipPosition":[-117.444,231.804,210.375],"timeVisible":0.741295,"tipPosition":[-63.3437,271.372,13.4004],"tipVelocity":[48.6686,0.244583,-95.7512],"tool":false,"touchDistance":0.333333,"touchZone":"none","type":3,"width":17.9078},{"bases":[[[0.536707,-0.843737,-0.0073323],[0.816733,0.517309,0.255616],[-0.211879,-0.143179,0.966751]],[[0.516351,-0.852964,0.0763822],[0.634784,0.321348,-0.702698],[0.57483,0.411325,0.707377]],[[0.516351,-0.852964,0.0763822],[-0.401008,-0.319633,-0.858503],[0.756686,0.412659,-0.507088]],[[0.516351,-0.852964,0.0763822],[-0.794186,-0.510314,-0.329922],[0.32039,0.109694,-0.940913]]],"btipPosition":[-47.1055,271.031,20.637],"carpPosition":[-19.0091,287.084,75.0557],"dipPosition":[-41.6348,272.905,4.57048],"direction":[-0.756686,-0.412659,0.507088],"extended":false,"handId":904,"id":9044,"length":50.0378,"mcpPosition":[-6.83824,295.308,19.5234],"pipPosition":[-26.9735,280.9,-5.25468],"stabilizedTipPosition":[-104.817,240.996,207.091],"timeVisible":0.741295,"tipPosition":[-46.3426,271.344,17.6807],"tipVelocity":[50.3856,7.50032,-94.6767],"tool":false,"touchDistance":0.333333,"touchZone":"none","type":4,"width":15.9071}],"r":[[0.880495,-0.272852,0.38766],[0.349837,0.925841,-0.14294],[-0.319911,0.261476,0.910652]],"s":0.83604,"t":[74.1492,37.5865,-196.026],"timestamp":607353687377},false],[6,{"currentFrameRate":101.701,"devices":[],"gestures":[],"hands":[{"armBasis":[[0.71613,-0.273351,-0.642213],[0.562068,0.771373,0.298433],[0.413809,-0.574684,0.706046]],"armWidth":63.1234,"confidence":0.869252,"direction":[0.0599264,0.373845,-0.925553],"elbow":[77.6613,137.309,273.258],"grabStrength":0,"id":904,"palmNormal":[-0.55991,-0.75503,-0.34122],"palmPosition":[-38.4516,311.856,34.6776],"palmVelocity":[28.7271,15.3756,-100.427],"palmWidth":90.138,"pinchStrength":1,"r":[[0.880655,-0.269223,0.389827],[0.347757,0.926147,-0.145999],[-0.321731,0.26414,0.909241]],"s":0.836585,"sphereCenter":[-64.9575,288.117,3.40282],"sphereRadius":42.8072,"stabilizedPalmPosition":[-98.7413,286.021,202.49],"t":[74.3776,37.7159,-196.823],"timeVisible":0.750186,"type":"right","wrist":[-33.0208,291.021,84.4108]}],"id":4468096,"interactionBox":{"center":[0,200,0],"size":[235.247,235.247,147.751]},"pointables":[{"bases":[[[0.845026,0.531507,0.0585686],[-0.438056,0.625283,0.645854],[0.306654,-0.57142,0.761211]],[[0.671448,0.705295,-0.227415],[-0.675499,0.708712,0.20354],[0.304727,0.0169518,0.952289]],[[0.671448,0.705295,-0.227415],[-0.740328,0.624859,-0.247924],[-0.0327573,0.334829,0.941709]],[[0.671448,0.705295,-0.227415],[-0.67254,0.451093,-0.58669],[-0.311204,0.546877,0.777225]]],"btipPosition":[-69.2997,272.062,-8.38659],"carpPosition":[-62.5524,296.888,88.5313],"dipPosition":[-76.5148,284.741,9.63294],"direction":[0.0327573,-0.334829,-0.941709],"extended":false,"handId":904,"id":9040,"length":51.6284,"mcpPosition":[-62.5524,296.888,88.5313],"pipPosition":[-77.6212,296.05,41.4404],"stabilizedTipPosition":[-137.169,261.896,145.945],"timeVisible":0.750186,"tipPosition":[-71.9547,275.052,-4.11377],"tipVelocity":[56.2171,0.594151,-94.9015],"tool":false,"touchDistance":-0.470713,"touchZone":"touching","type":0,"width":20.0604},{"bases":[[[0.824714,-0.468258,-0.317146],[0.541896,0.814762,0.206184],[0.161852,-0.341903,0.925692]],[[0.839226,-0.511361,-0.184958],[0.516349,0.856046,-0.0238729],[0.17054,-0.0754678,0.982457]],[[0.839226,-0.511361,-0.184958],[0.497016,0.859315,-0.120631],[0.220623,0.00931019,0.975315]],[[0.839226,-0.511361,-0.184958],[0.479558,0.856335,-0.191609],[0.256367,0.0721057,0.963886]]],"btipPosition":[-73.1448,337.859,-64.9272],"carpPosition":[-44.4689,311.172,84.0188],"dipPosition":[-68.8056,339.08,-48.6128],"direction":[-0.220623,-0.00931019,-0.975315],"extended":true,"handId":904,"id":9041,"length":58.2569,"mcpPosition":[-56.2648,336.091,16.5537],"pipPosition":[-63.523,339.303,-25.2598],"stabilizedTipPosition":[-135.017,327.487,70.311],"timeVisible":0.750186,"tipPosition":[-72.6563,336.951,-61.0124],"tipVelocity":[40.052,-11.4148,-116.241],"tool":false,"touchDistance":-0.516312,"touchZone":"touching","type":1,"width":19.1617},{"bases":[[[0.734454,-0.642135,-0.219637],[0.676944,0.716164,0.169872],[0.0482158,-0.273445,0.960678]],[[0.734954,-0.645199,-0.208713],[0.343321,0.619455,-0.705979],[0.584785,0.447206,0.676781]],[[0.734954,-0.645199,-0.208713],[-0.485084,-0.28515,-0.82667],[0.473852,0.708807,-0.522548]],[[0.734954,-0.645199,-0.208713],[-0.677273,-0.68305,-0.273396],[0.0338335,0.342288,-0.938986]]],"btipPosition":[-78.9316,278.302,13.4871],"carpPosition":[-33.6979,307.096,79.9994],"dipPosition":[-78.3017,284.674,-3.9931],"direction":[-0.473852,-0.708807,0.522548],"extended":false,"handId":904,"id":9042,"length":66.379,"mcpPosition":[-37.0303,325.995,13.6023],"pipPosition":[-64.9533,304.641,-18.7133],"stabilizedTipPosition":[-132.511,234.205,214.796],"timeVisible":0.750186,"tipPosition":[-78.9842,279.294,10.2282],"tipVelocity":[41.1381,-3.7564,-97.3457],"tool":false,"touchDistance":0.333333,"touchZone":"none","type":2,"width":18.8193},{"bases":[[[0.680409,-0.727524,-0.0880481],[0.72888,0.659374,0.184283],[-0.0760138,-0.189564,0.978921]],[[0.682111,-0.722506,-0.112736],[0.465138,0.547655,-0.6955],[0.564243,0.42197,0.709627]],[[0.682111,-0.722506,-0.112736],[-0.436116,-0.278197,-0.855809],[0.586964,0.632923,-0.504858]],[[0.682111,-0.722506,-0.112736],[-0.716509,-0.629573,-0.300421],[0.14608,0.285697,-0.947121]]],"btipPosition":[-63.3076,270.609,15.9407],"carpPosition":[-24.2388,300.18,76.7102],"dipPosition":[-60.6038,275.897,-1.5896],"direction":[-0.586964,-0.632923,0.504858],"extended":false,"handId":904,"id":9043,"length":63.8252,"mcpPosition":[-19.5219,311.943,15.9648],"pipPosition":[-44.496,293.266,-15.4442],"stabilizedTipPosition":[-117.381,231.85,210.147],"timeVisible":0.750186,"tipPosition":[-63.0464,271.42,12.7104],"tipVelocity":[44.3582,1.45409,-90.6354],"tool":false,"touchDistance":0.333333,"touchZone":"none","type":3,"width":17.9078},{"bases":[[[0.53719,-0.843454,-0.00338729],[0.816237,0.518835,0.254102],[-0.212566,-0.139266,0.967172]],[[0.516807,-0.852335,0.0802244],[0.635357,0.319054,-0.703226],[0.573788,0.414403,0.706426]],[[0.516807,-0.852335,0.0802244],[-0.40024,-0.323389,-0.857454],[0.756782,0.411029,-0.508268]],[[0.516807,-0.852335,0.0802244],[-0.793794,-0.51218,-0.327969],[0.320629,0.105815,-0.941276]]],"btipPosition":[-46.8214,271.095,20.0167],"carpPosition":[-18.7949,287.382,74.3973],"dipPosition":[-41.3466,272.902,3.94404],"direction":[-0.756782,-0.411029,0.508268],"extended":false,"handId":904,"id":9044,"length":50.0378,"mcpPosition":[-6.5847,295.382,18.8408],"pipPosition":[-26.6834,280.866,-5.904],"stabilizedTipPosition":[-104.728,241.042,206.805],"timeVisible":0.750186,"tipPosition":[-46.0543,271.395,17.0472],"tipVelocity":[45.406,6.93813,-87.9494],"tool":false,"touchDistance":0.333333,"touchZone":"none","type":4,"width":15.9071}],"r":[[0.880655,-0.269223,0.38982