{"sensorType":"Leap","data":[[0,{"currentFrameRate":103.126,"devices":[],"gestures":[],"hands":[{"armBasis":[[0.741021,-0.222952,-0.633388],[0.521855,0.784807,0.334284],[0.422558,-0.578248,0.697907]],"armWidth":63.1234,"confidence":0.810411,"direction":[0.0295154,0.455454,-0.88977],"elbow":[83.8183,126.601,271.978],"grabStrength":0,"id":907,"palmNormal":[-0.521113,-0.752604,-0.402528],"palmPosition":[-36.2964,306.001,37.6113],"palmVelocity":[47.6283,4.62005,-172.811],"palmWidth":90.138,"pinchStrength":1,"r":[[0.791322,-0.567393,0.227761],[0.598286,0.795355,-0.0972872],[-0.125951,0.213252,0.968845]],"s":0.802098,"sphereCenter":[-60.4609,283.348,4.09111],"sphereRadius":43.3371,"stabilizedPalmPosition":[-84.4592,280.42,190.233],"t":[55.4822,31.1439,-169.882],"timeVisible":0.470066,"type":"right","wrist":[-29.204,281.266,85.3071]}],"id":4469542,"interactionBox":{"center":[0,200,0],"size":[235.247,235.247,147.751]},"pointables":[{"bases":[[[0.815093,0.570662,0.0998412],[-0.46494,0.541548,0.700397],[0.345621,-0.617309,0.706736]],[[0.634987,0.755251,-0.162442],[-0.678248,0.645696,0.350794],[0.369826,-0.112574,0.922256]],[[0.634987,0.755251,-0.162442],[-0.770328,0.634867,-0.0594935],[0.0581966,0.162911,0.984923]],[[0.634987,0.755251,-0.162442],[-0.704455,0.479787,-0.523018],[-0.317072,0.446542,0.836699]]],"btipPosition":[-71.8709,274.812,-8.17896],"carpPosition":[-58.9684,285.1,90.0923],"dipPosition":[-79.2221,285.165,11.2195],"direction":[-0.0581966,-0.162911,-0.984923],"extended":false,"handId":907,"id":9070,"length":51.6284,"mcpPosition":[-58.9684,285.1,90.0923],"pipPosition":[-77.2564,290.667,44.4865],"stabilizedTipPosition":[-124.57,252.673,141.031],"timeVisible":0.470066,"tipPosition":[-74.5993,278.429,-3.94039],"tipVelocity":[60.2179,-23.3544,-157.848],"tool":false,"touchDistance":-0.548286,"touchZone":"hovering","type":0,"width":20.0604},{"bases":[[[0.845824,-0.392329,-0.36147],[0.498419,0.822725,0.273317],[0.19016,-0.411342,0.891424]],[[0.861745,-0.435718,-0.259896],[0.471286,0.87716,0.0920885],[0.187846,-0.201842,0.961235]],[[0.861745,-0.435718,-0.259896],[0.447528,0.894141,-0.0151531],[0.238986,-0.103253,0.965518]],[[0.861745,-0.435718,-0.259896],[0.426004,0.899641,-0.0957437],[0.275531,-0.0282102,0.960878]]],"btipPosition":[-73.9859,342.226,-58.5211],"carpPosition":[-41.7463,300.707,86.7387],"dipPosition":[-69.3224,341.748,-42.2577],"direction":[-0.238986,0.103253,-0.965518],"extended":true,"handId":907,"id":9071,"length":58.2569,"mcpPosition":[-55.6053,330.686,21.7711],"pipPosition":[-63.6001,339.276,-19.1392],"stabilizedTipPosition":[-116.206,315.395,52.7663],"timeVisible":0.470066,"tipPosition":[-73.2079,340.817,-54.7215],"tipVelocity":[63.0634,15.1806,-183.704],"tool":false,"touchDistance":-0.591711,"touchZone":"hovering","type":1,"width":19.1617},{"bases":[[[0.766294,-0.578763,-0.278974],[0.638294,0.735322,0.227777],[0.0733069,-0.352611,0.932894]],[[0.765773,-0.576329,-0.285371],[0.278798,0.697372,-0.660261],[0.579537,0.426049,0.694708]],[[0.765773,-0.576329,-0.285371],[-0.51488,-0.283538,-0.809015],[0.385345,0.766453,-0.513866]],[[0.765773,-0.576329,-0.285371],[-0.639841,-0.727459,-0.247805],[-0.0647788,0.372354,-0.925827]]],"btipPosition":[-73.1987,273.104,16.3802],"carpPosition":[-30.8104,297.6,82.3176],"dipPosition":[-74.4046,280.036,-0.855063],"direction":[-0.385345,-0.766453,0.513866],"extended":false,"handId":907,"id":9072,"length":66.379,"mcpPosition":[-35.877,321.971,17.8409],"pipPosition":[-63.5494,301.627,-15.3307],"stabilizedTipPosition":[-96.5126,232.671,200.449],"timeVisible":0.470066,"tipPosition":[-73.0773,274.595,13.6379],"tipVelocity":[38.7629,0.0943995,-180.749],"tool":false,"touchDistance":0.333333,"touchZone":"none","type":2,"width":18.8193},{"bases":[[[0.718417,-0.678119,-0.155022],[0.693423,0.680478,0.236886],[-0.0551477,-0.277679,0.95909]],[[0.717499,-0.682247,-0.140478],[0.415294,0.580899,-0.700062],[0.559219,0.443955,0.700128]],[[0.717499,-0.682247,-0.140478],[-0.472005,-0.327891,-0.818351],[0.512256,0.653473,-0.557285]],[[0.717499,-0.682247,-0.140478],[-0.693798,-0.682031,-0.231254],[0.0619621,0.263388,-0.962698]]],"btipPosition":[-57.5547,266.306,20.9928],"carpPosition":[-21.0206,291.533,78.3841],"dipPosition":[-56.4079,271.181,3.17414],"direction":[-0.512256,-0.653473,0.557285],"extended":false,"handId":907,"id":9073,"length":63.8252,"mcpPosition":[-17.5985,308.764,18.8693],"pipPosition":[-42.3502,289.114,-12.1192],"stabilizedTipPosition":[-81.6961,236.066,201.469],"timeVisible":0.470066,"tipPosition":[-56.9989,267.412,18.1725],"tipVelocity":[38.7328,-1.96272,-180.136],"tool":false,"touchDistance":0.333333,"touchZone":"none","type":3,"width":17.9078},{"bases":[[[0.582691,-0.80875,-0.0799709],[0.789107,0.539498,0.293687],[-0.194375,-0.234234,0.952551]],[[0.535794,-0.838356,0.10042],[0.632861,0.320011,-0.705039],[0.558938,0.441308,0.702023]],[[0.535794,-0.838356,0.10042],[-0.434183,-0.375565,-0.818802],[0.724161,0.395109,-0.565225]],[[0.535794,-0.838356,0.10042],[-0.803305,-0.542761,-0.245178],[0.26005,0.0506968,-0.964263]]],"btipPosition":[-41.7907,268.783,23.0429],"carpPosition":[-14.906,279.307,74.9333],"dipPosition":[-37.3503,269.648,6.5777],"direction":[-0.724161,-0.395109,0.565225],"extended":false,"handId":907,"id":9074,"length":50.0378,"mcpPosition":[-3.74061,292.762,20.2166],"pipPosition":[-23.3192,277.304,-4.37391],"stabilizedTipPosition":[-74.3992,244.528,192.292],"timeVisible":0.470066,"tipPosition":[-40.6593,269.005,20.5178],"tipVelocity":[46.1316,-5.76945,-207.897],"tool":false,"touchDistance":0.333333,"touchZone":"none","type":4,"width":15.9071}],"r":[[0.791322,-0.567393,0.227761],[0.598286,0.795355,-0.0972872],[-0.125951,0.213252,0.968845]],"s":0.802098,"t":[55.4822,31.1439,-169.882],"timestamp":607367317381},false],[1,{"currentFrameRate":103.514,"devices":[],"gestures":[],"hands":[{"armBasis":[[0.74212,-0.226312,-0.630904],[0.523013,0.784195,0.333911],[0.419184,-0.577773,0.700331]],"armWidth":63.1234,"confidence":0.827432,"direction":[0.029861,0.450051,-0.892503],"elbow":[83.367,126.892,271.421],"grabStrength":0,"id":907,"palmNormal":[-0.522207,-0.754331,-0.397849],"palmPosition":[-35.8263,305.886,36.2602],"palmVelocity":[48.9985,-0.142421,-166.953],"palmWidth":90.138,"pinchStrength":1,"r":[[0.789824,-0.568748,0.229572],[0.600457,0.793327,-0.100414],[-0.125015,0.217157,0.968098]],"s":0.801856,"sphereCenter":[-60.2434,283.281,2.90652],"sphereRadius":43.3636,"stabilizedPalmPosition":[-84.4556,280.422,190.221],"t":[55.9456,31.0462,-171.31],"timeVisible":0.478994,"type":"right","wrist":[-28.7529,281.43,84.1021]}],"id":4469543,"interactionBox":{"center":[0,200,0],"size":[235.247,235.247,147.751]},"pointables":[{"bases":[[[0.815864,0.570188,0.0961832],[-0.464038,0.546361,0.697251],[0.345013,-0.613495,0.710345]],[[0.63576,0.753528,-0.167345],[-0.677583,0.648656,0.346593],[0.369717,-0.10696,0.922967]],[[0.63576,0.753528,-0.167345],[-0.769795,0.634908,-0.0656376],[0.0567888,0.170551,0.983711]],[[0.63576,0.753528,-0.167345],[-0.70485,0.478366,-0.523787],[-0.314636,0.450956,0.83525]]],"btipPosition":[-71.417,274.405,-9.35971],"carpPosition":[-58.5109,285.331,88.8722],"dipPosition":[-78.7116,284.86,10.0051],"direction":[-0.0567888,-0.170551,-0.983711],"extended":false,"handId":907,"id":9070,"length":51.6284,"mcpPosition":[-58.5109,285.331,88.8722],"pipPosition":[-76.7935,290.621,43.2313],"stabilizedTipPosition":[-124.55,252.682,140.976],"timeVisible":0.478994,"tipPosition":[-74.1044,278.02,-5.11669],"tipVelocity":[58.0591,-28.6912,-151.104],"tool":false,"touchDistance":-0.539618,"touchZone":"hovering","type":0,"width":20.0604},{"bases":[[[0.84521,-0.395602,-0.359331],[0.499568,0.823703,0.268225],[0.189872,-0.406217,0.893832]],[[0.860962,-0.437865,-0.258881],[0.473012,0.87636,0.0908421],[0.187097,-0.200665,0.961628]],[[0.860962,-0.437865,-0.258881],[0.449376,0.893195,-0.0162353],[0.23834,-0.102357,0.965773]],[[0.860962,-0.437865,-0.258881],[0.427906,0.898622,-0.096818],[0.27503,-0.0274203,0.961045]]],"btipPosition":[-73.4322,341.956,-60.0409],"carpPosition":[-41.2694,300.895,85.4201],"dipPosition":[-68.7771,341.492,-43.7746],"direction":[-0.23834,0.102357,-0.965773],"extended":true,"handId":907,"id":9071,"length":58.2569,"mcpPosition":[-55.1074,330.5,20.2769],"pipPosition":[-63.0703,339.041,-20.6501],"stabilizedTipPosition":[-116.138,315.436,52.5964],"timeVisible":0.478994,"tipPosition":[-72.6533,340.54,-56.249],"tipVelocity":[62.7196,2.88229,-180.008],"tool":false,"touchDistance":-0.58366,"touchZone":"hovering","type":1,"width":19.1617},{"bases":[[[0.76546,-0.581432,-0.275693],[0.639317,0.735845,0.223173],[0.0731074,-0.347086,0.93498]],[[0.764956,-0.579106,-0.28192],[0.280246,0.693364,-0.663858],[0.579918,0.428815,0.692685]],[[0.764956,-0.579106,-0.28192],[-0.514811,-0.286705,-0.807942],[0.387055,0.763176,-0.517447]],[[0.764956,-0.579106,-0.28192],[-0.640938,-0.727626,-0.244456],[-0.0635671,0.367691,-0.927773]]],"btipPosition":[-72.8022,272.917,15.1669],"carpPosition":[-30.3388,297.747,81.0148],"dipPosition":[-73.9855,279.762,-2.10458],"direction":[-0.387055,-0.763175,0.517447],"extended":false,"handId":907,"id":9072,"length":66.379,"mcpPosition":[-35.3916,321.736,16.3939],"pipPosition":[-63.0822,301.261,-16.6811],"stabilizedTipPosition":[-96.5122,232.672,200.447],"timeVisible":0.478994,"tipPosition":[-72.6828,274.395,12.3956],"tipVelocity":[40.462,-6.26756,-168.772],"tool":false,"touchDistance":0.333333,"touchZone":"none","type":2,"width":18.8193},{"bases":[[[0.717489,-0.679977,-0.151132],[0.694376,0.680985,0.232597],[-0.055242,-0.271829,0.960759]],[[0.71655,-0.684095,-0.136274],[0.419403,0.578639,-0.699484],[0.557367,0.444062,0.701535]],[[0.71655,-0.684095,-0.136274],[-0.468404,-0.327137,-0.820718],[0.516869,0.651917,-0.554843]],[[0.71655,-0.684095,-0.136274],[-0.694308,-0.680717,-0.233582],[0.0670289,0.261989,-0.96274]]],"btipPosition":[-57.2247,266.118,19.4918],"carpPosition":[-20.558,291.645,77.1153],"dipPosition":[-55.9841,270.967,1.67239],"direction":[-0.516869,-0.651917,0.554843],"extended":false,"handId":907,"id":9073,"length":63.8252,"mcpPosition":[-17.1301,308.512,17.4968],"pipPosition":[-41.7998,288.858,-13.554],"stabilizedTipPosition":[-81.6959,236.066,201.468],"timeVisible":0.478994,"tipPosition":[-56.6468,267.224,16.696],"tipVelocity":[38.9092,-7.35453,-176.864],"tool":false,"touchDistance":0.333333,"touchZone":"none","type":3,"width":17.9078},{"bases":[[[0.581613,-0.809977,-0.0752596],[0.789892,0.540225,0.29022],[-0.194414,-0.228243,0.953996]],[[0.535024,-0.838364,0.104381],[0.637901,0.319872,-0.700545],[0.553923,0.441393,0.705933]],[[0.535024,-0.838364,0.104381],[-0.426311,-0.374577,-0.823378],[0.729389,0.396029,-0.557811]],[[0.535024,-0.838364,0.104381],[-0.801342,-0.542723,-0.251598],[0.267581,0.0509664,-0.962187]]],"btipPosition":[-41.397,268.496,21.4469],"carpPosition":[-14.4603,279.39,73.7364],"dipPosition":[-36.828,269.366,5.01716],"direction":[-0.729389,-0.396029,0.557811],"extended":false,"handId":907,"id":9074,"length":50.0378,"mcpPosition":[-3.29269,292.5,18.9367],"pipPosition":[-22.6956,277.039,-5.79079],"stabilizedTipPosition":[-74.399,244.528,192.291],"timeVisible":0.478994,"tipPosition":[-40.244,268.752,18.9518],"tipVelocity":[46.4803,-12.9319,-199.702],"tool":false,"touchDistance":0.333333,"touchZone":"none","type":4,"width":15.9071}],"r":[[0.789824,-0.568748,0.229572],[0.600457,0.793327,-0.100414],[-0.125015,0.217157,0.968098]],"s":0.801856,"t":[55.9456,31.0462,-171.31],"timestamp":607367326309},false],[2,{"currentFrameRate":103.82,"devices":[],"gestures":[],"hands":[{"armBasis":[[0.743716,-0.230331,-0.627562],[0.522554,0.785788,0.33087],[0.416921,-0.574008,0.704763]],"armWidth":63.1234,"confidence":0.843136,"direction":[0.0292477,0.448578,-0.893265],"elbow":[83.0611,128.139,271.404],"grabStrength":0,"id":907,"palmNormal":[-0.521805,-0.755365,-0.396413],"palmPosition":[-35.56,306.042,35.0187],"palmVelocity":[43.5912,4.6385,-158.71],"palmWidth":90.138,"pinchStrength":1,"r":[[0.78872,-0.569636,0.231163],[0.60207,0.791743,-0.103215],[-0.124226,0.220584,0.967425]],"s":0.801297,"sphereCenter":[-60.1281,283.471,1.69524],"sphereRadius":43.4102,"stabilizedPalmPosition":[-84.4521,280.424,190.21],"t":[56.3105,31.0751,-172.645],"timeVisible":0.48805,"type":"right","wrist":[-28.4535,281.67,82.8991]}],"id":4469544,"interactionBox":{"center":[0,200,0],"size":[235.247,235.247,147.751]},"pointables":[{"bases":[[[0.815493,0.570924,0.0949584],[-0.464194,0.547199,0.696489],[0.345682,-0.612061,0.711256]],[[0.635252,0.753649,-0.168725],[-0.678005,0.648829,0.345443],[0.369816,-0.105047,0.923147]],[[0.635252,0.753649,-0.168725],[-0.770244,0.634203,-0.0671692],[0.0563842,0.172629,0.983372]],[[0.635252,0.753649,-0.168725],[-0.705889,0.477962,-0.522755],[-0.313329,0.451183,0.835619]]],"btipPosition":[-71.1403,274.462,-10.5653],"carpPosition":[-58.2127,285.559,87.6725],"dipPosition":[-78.4046,284.923,8.80803],"direction":[-0.0563842,-0.172629,-0.983372],"extended":false,"handId":907,"id":9070,"length":51.6284,"mcpPosition":[-58.2127,285.559,87.6725],"pipPosition":[-76.5002,290.754,42.0227],"stabilizedTipPosition":[-124.531,252.691,140.921],"timeVisible":0.48805,"tipPosition":[-73.8027,278.051,-6.3075],"tipVelocity":[50.6797,-18.9808,-146.083],"tool":false,"touchDistance":-0.532044,"touchZone":"hovering","type":0,"width":20.0604},{"bases":[[[0.845371,-0.395605,-0.358949],[0.499074,0.824504,0.266681],[0.190455,-0.404586,0.894448]],[[0.861066,-0.437247,-0.259576],[0.472889,0.876234,0.0926837],[0.186924,-0.202558,0.961265]],[[0.861066,-0.437247,-0.259576],[0.449217,0.893303,-0.0145954],[0.238262,-0.104038,0.965612]],[[0.861066,-0.437247,-0.259576],[0.427676,0.898879,-0.0954429],[0.27506,-0.0288319,0.960995]]],"btipPosition":[-73.1798,342.216,-61.297],"carpPosition":[-40.9833,301.129,84.1887],"dipPosition":[-68.5243,341.728,-45.0316],"direction":[-0.238262,0.104038,-0.965612],"extended":true,"handId":907,"id":9071,"length":58.2569,"mcpPosition":[-54.8638,330.616,19.0006],"pipPosition":[-62.8193,339.236,-21.9109],"stabilizedTipPosition":[-116.079,315.472,52.4493],"timeVisible":0.48805,"tipPosition":[-72.3924,340.797,-57.517],"tipVelocity":[53.1027,9.83886,-168.614],"tool":false,"touchDistance":-0.572472,"touchZone":"hovering","type":1,"width":19.1617},{"bases":[[[0.76578,-0.581352,-0.274974],[0.63887,0.736669,0.221729],[0.0736618,-0.345468,0.935535]],[[0.765284,-0.579087,-0.281068],[0.281013,0.693405,-0.663492],[0.579114,0.428776,0.693382]],[[0.765284,-0.579087,-0.281068],[-0.513404,-0.285735,-0.809179],[0.388274,0.763554,-0.515974]],[[0.765284,-0.579087,-0.281068],[-0.640715,-0.727242,-0.246177],[-0.061847,0.36848,-0.927576]]],"btipPosition":[-72.5816,273.016,13.8203],"carpPosition":[-30.052,297.982,79.785],"dipPosition":[-73.7329,279.876,-3.44748],"direction":[-0.388274,-0.763554,0.515974],"extended":false,"handId":907,"id":9072,"length":66.379,"mcpPosition":[-35.1431,321.859,15.1258],"pipPosition":[-62.7952,301.385,-17.9825],"stabilizedTipPosition":[-96.5119,232.673,200.444],"timeVisible":0.48805,"tipPosition":[-72.4574,274.501,11.0403],"tipVelocity":[36.2417,-1.41293,-163.203],"tool":false,"touchDistance":0.333333,"touchZone":"none","type":2,"width":18.8193},{"bases":[[[0.71792,-0.679722,-0.150232],[0.693971,0.681864,0.231227],[-0.0547322,-0.270259,0.961231]],[[0.716975,-0.683867,-0.135177],[0.423006,0.58094,-0.695395],[0.554087,0.441401,0.705799]],[[0.716975,-0.683867,-0.135177],[-0.463598,-0.322951,-0.825094],[0.520599,0.65424,-0.548587]],[[0.716975,-0.683867,-0.135177],[-0.693388,-0.679643,-0.23937],[0.0718254,0.265352,-0.961472]]],"btipPosition":[-57.0124,266.247,17.8558],"carpPosition":[-20.2681,291.879,75.8925],"dipPosition":[-55.683,271.159,0.059888],"direction":[-0.520599,-0.654239,0.548587],"extended":false,"handId":907,"id":9073,"length":63.8252,"mcpPosition":[-16.8718,308.65,16.2448],"pipPosition":[-41.3964,289.113,-14.9948],"stabilizedTipPosition":[-81.6958,236.066,201.467],"timeVisible":0.48805,"tipPosition":[-56.4191,267.361,15.0983],"tipVelocity":[35.263,-0.951384,-177.745],"tool":false,"touchDistance":0.333333,"touchZone":"none","type":3,"width":17.9078},{"bases":[[[0.582161,-0.80969,-0.0740969],[0.789606,0.541268,0.289054],[-0.193938,-0.226783,0.954441]],[[0.535548,-0.837834,0.105936],[0.644808,0.324672,-0.691961],[0.545354,0.438887,0.71412]],[[0.535548,-0.837834,0.105936],[-0.414264,-0.369945,-0.83158],[0.735917,0.401465,-0.545208]],[[0.535548,-0.837834,0.105936],[-0.79743,-0.542997,-0.263174],[0.278019,0.0564652,-0.958915]]],"btipPosition":[-41.1315,268.534,19.6302],"carpPosition":[-14.1628,279.623,72.5321],"dipPosition":[-36.3842,269.498,3.25634],"direction":[-0.735917,-0.401465,0.545208],"extended":false,"handId":907,"id":9074,"length":50.0378,"mcpPosition":[-3.02262,292.65,17.7068],"pipPosition":[-22.1254,277.277,-7.30743],"stabilizedTipPosition":[-74.3988,244.528,192.29],"timeVisible":0.48805,"tipPosition":[-39.9442,268.835,17.2169],"tipVelocity":[42.9925,-7.54121,-199.56],"tool":false,"touchDistance":0.333333,"touchZone":"none","type":4,"width":15.9071}],"r":[[0.78872,-0.569636,0.231163],[0.60207,0.791743,-0.103215],[-0.124226,0.220584,0.967425]],"s":0.801297,"t":[56.3105,31.0751,-172.645],"timestamp":607367335365},false],[3,{"currentFrameRate":104.076,"devices":[],"gestures":[],"hands":[{"armBasis":[[0.742689,-0.237085,-0.626262],[0.525774,0.785634,0.326101],[0.414699,-0.571463,0.708135]],"armWidth":63.1234,"confidence":0.802933,"direction":[0.0312076,0.44616,-0.894409],"elbow":[82.7023,129.055,271.295],"grabStrength":0,"id":907,"palmNormal":[-0.524914,-0.754195,-0.394532],"palmPosition":[-35.2179,306.183,33.9459],"palmVelocity":[41.8909,7.65781,-147.268],"palmWidth":90.138,"pinchStrength":1,"r":[[0.787354,-0.570878,0.232747],[0.60402,0.789909,-0.105846],[-0.123424,0.223922,0.96676]],"s":0.800906,"sphereCenter":[-60.0725,283.851,0.704297],"sphereRadius":43.4297,"stabilizedPalmPosition":[-84.4487,280.426,190.2],"t":[56.6639,31.1603,-173.849],"timeVisible":0.497178,"type":"right","wrist":[-28.2179,281.905,81.8894]}],"id":4469545,"interactionBox":{"center":[0,200,0],"size":[235.247,235.247,147.751]},"pointables":[{"bases":[[[0.817859,0.567758,0.0935835],[-0.461975,0.550916,0.695033],[0.343054,-0.611673,0.712861]],[[0.638396,0.750563,-0.170602],[-0.675517,0.652582,0.343239],[0.368955,-0.103878,0.923624]],[[0.638396,0.750563,-0.170602],[-0.767749,0.636736,-0.0716137],[0.054878,0.176698,0.982734]],[[0.638396,0.750563,-0.170602],[-0.704859,0.481022,-0.521336],[-0.309232,0.453069,0.836124]]],"btipPosition":[-70.8902,274.595,-11.6021],"carpPosition":[-57.9611,285.93,86.6496],"dipPosition":[-78.0596,285.099,7.783],"direction":[-0.054878,-0.176698,-0.982734],"extended":false,"handId":907,"id":9070,"length":51.6284,"mcpPosition":[-57.9611,285.93,86.6496],"pipPosition":[-76.206,291.067,40.9762],"stabilizedTipPosition":[-124.513,252.699,140.87],"timeVisible":0.497178,"tipPosition":[-73.5062,278.171,-7.32269],"tipVelocity":[44.8743,-9.37103,-136.968],"tool":false,"touchDistance":-0.522684,"touchZone":"hovering","type":0,"width":20.0604},{"bases":[[[0.843748,-0.400049,-0.357841],[0.502485,0.823095,0.264621],[0.188676,-0.403083,0.895503]],[[0.859144,-0.441072,-0.259474],[0.477068,0.873795,0.0942786],[0.185144,-0.204786,0.961137]],[[0.859144,-0.441072,-0.259474],[0.453595,0.891115,-0.0128814],[0.236903,-0.106629,0.965664]],[[0.859144,-0.441072,-0.259474],[0.432148,0.896916,-0.093755],[0.274079,-0.0315824,0.961188]]],"btipPosition":[-72.6086,342.6,-62.434],"carpPosition":[-40.6666,301.419,83.1276],"dipPosition":[-67.9696,342.065,-46.1653],"direction":[-0.236903,0.106629,-0.965664],"extended":true,"handId":907,"id":9071,"length":58.2569,"mcpPosition":[-54.4174,330.796,17.8627],"pipPosition":[-62.2972,339.512,-23.0434],"stabilizedTipPosition":[-116.024,315.505,52.3123],"timeVisible":0.497178,"tipPosition":[-71.8304,341.166,-58.6624],"tipVelocity":[55.6206,18.473,-156.349],"tool":false,"touchDistance":-0.560601,"touchZone":"hovering","type":1,"width":19.1617},{"bases":[[[0.763375,-0.585246,-0.273399],[0.641917,0.734563,0.21991],[0.0721272,-0.343373,0.936425]],[[0.762897,-0.583033,-0.279394],[0.285233,0.691344,-0.663841],[0.580199,0.42675,0.693725]],[[0.762897,-0.583033,-0.279394],[-0.513366,-0.283602,-0.809954],[0.392993,0.761342,-0.515668]],[[0.762897,-0.583033,-0.279394],[-0.643862,-0.724304,-0.246628],[-0.0585738,0.368043,-0.927962]]],"btipPosition":[-72.4173,273.272,12.6892],"carpPosition":[-29.748,298.215,78.7333],"dipPosition":[-73.5077,280.123,-4.58575],"direction":[-0.392993,-0.761342,0.515668],"extended":false,"handId":907,"id":9072,"length":66.379,"mcpPosition":[-34.7331,321.947,14.0125],"pipPosition":[-62.437,301.57,-19.1122],"stabilizedTipPosition":[-96.5116,232.673,200.442],"timeVisible":0.497178,"tipPosition":[-72.2873,274.754,9.89257],"tipVelocity":[31.5995,6.7093,-152.336],"tool":false,"touchDistance":0.333333,"touchZone":"none","type":2,"width":18.8193},{"bases":[[[0.715091,-0.683095,-0.148411],[0.696788,0.679552,0.229554],[-0.0559544,-0.267563,0.961914]],[[0.714118,-0.687235,-0.133201],[0.428703,0.579768,-0.692881],[0.553398,0.437695,0.708642]],[[0.714118,-0.687235,-0.133201],[-0.461144,-0.318674,-0.828126],[0.52667,0.652805,-0.544485]],[[0.714118,-0.687235,-0.133201],[-0.695771,-0.675866,-0.243119],[0.0770543,0.266293,-0.960807]]],"btipPosition":[-56.8907,266.449,16.5277],"carpPosition":[-19.9894,292.062,74.8575],"dipPosition":[-55.4645,271.378,-1.25593],"direction":[-0.52667,-0.652805,0.544486],"extended":false,"handId":907,"id":9073,"length":63.8252,"mcpPosition":[-16.5172,308.665,15.1673],"pipPosition":[-41.0113,289.292,-16.198],"stabilizedTipPosition":[-81.6957,236.066,201.466],"timeVisible":0.497178,"tipPosition":[-56.284,267.562,13.7792],"tipVelocity":[29.8476,5.56397,-168.698],"tool":false,"touchDistance":0.333333,"touchZone":"none","type":3,"width":17.9078},{"bases":[[[0.578784,-0.8123,-0.0719574],[0.791829,0.538707,0.287751],[-0.194976,-0.223524,0.954998]],[[0.532132,-0.839766,0.107839],[0.648151,0.3221,-0.690037],[0.544735,0.437086,0.715695]],[[0.532132,-0.839766,0.107839],[-0.411816,-0.368008,-0.833654],[0.739759,0.399204,-0.541657]],[[0.532132,-0.839766,0.107839],[-0.798279,-0.540076,-0.266587],[0.282112,0.055774,-0.957759]]],"btipPosition":[-40.9666,268.614,18.4516],"carpPosition":[-13.9349,279.772,71.5292],"dipPosition":[-36.1494,269.566,2.09745],"direction":[-0.739759,-0.399204,0.541657],"extended":false,"handId":907,"id":9074,"length":50.0378,"mcpPosition":[-2.73504,292.611,16.6719],"pipPosition":[-21.8161,277.301,-8.39752],"stabilizedTipPosition":[-74.3986,244.528,192.289],"timeVisible":0.497178,"tipPosition":[-39.7655,268.924,16.016],"tipVelocity":[36.5561,-3.08689,-179.848],"tool":false,"touchDistance":0.333333,"touchZone":"none","type":4,"width":15.9071}],"r":[[0.787354,-0.570878,0.232747],[0.60402,0.789909,-0.105846],[-0.123424,0.223922,0.96676]],"s":0.800906,"t":[56.6639,31.1603,-173.849],"timestamp":607367344493},false],[4,{"currentFrameRate":104.431,"devices":[],"gestures":[],"hands":[{"armBasis":[[0.744242,-0.237871,-0.624116],[0.524068,0.787278,0.32488],[0.414074,-0.568868,0.710586]],"armWidth":63.1234,"confidence":0.812332,"direction":[0.0338006,0.440319,-0.897205],"elbow":[82.5917,130.194,271.225],"grabStrength":0,"id":907,"palmNormal":[-0.522995,-0.757199,-0.391312],"palmPosition":[-35.0225,306.307,33.0391],"palmVelocity":[36.4553,9.36855,-134.878],"palmWidth":90.138,"pinchStrength":1,"r":[[0.786201,-0.571428,0.235284],[0.605515,0.788391,-0.108582],[-0.12345,0.227835,0.965842]],"s":0.800563,"sphereCenter":[-59.9224,283.919,-0.114175],"sphereRadius":43.4453,"stabilizedPalmPosition":[-84.4455,280.427,190.189],"t":[56.9383,31.265,-174.904],"timeVisible":0.506089,"type":"right","wrist":[-28.1613,282.35,81.1634]}],"id":4469546,"interactionBox":{"center":[0,200,0],"size":[235.247,235.247,147.751]},"pointables":[{"bases":[[[0.817084,0.569039,0.092559],[-0.464715,0.555071,0.689881],[0.341193,-0.606705,0.717981]],[[0.638272,0.750005,-0.173495],[-0.677481,0.654288,0.336045],[0.365551,-0.0969482,0.925729]],[[0.638272,0.750005,-0.173495],[-0.768267,0.63487,-0.0818903],[0.0487287,0.185559,0.981424]],[[0.638272,0.750005,-0.173495],[-0.70473,0.478585,-0.523748],[-0.309782,0.456561,0.834019]]],"btipPosition":[-70.4636,274.323,-12.4636],"carpPosition":[-57.9233,286.381,85.799],"dipPosition":[-77.6457,284.908,6.87262],"direction":[-0.0487287,-0.185559,-0.981424],"extended":false,"handId":907,"id":9070,"length":51.6284,"mcpPosition":[-57.9233,286.381,85.799],"pipPosition":[-75.9999,291.175,40.0215],"stabilizedTipPosition":[-124.496,252.707,140.821],"timeVisible":0.506089,"tipPosition":[-73.0637,277.892,-8.18153],"tipVelocity":[45.6009,-14.5629,-126.343],"tool":false,"touchDistance":-0.511841,"touchZone":"hovering","type":0,"width":20.0604},{"bases":[[[0.84525,-0.401681,-0.352428],[0.50094,0.825228,0.260878],[0.186043,-0.397052,0.898742]],[[0.860257,-0.441687,-0.254696],[0.476416,0.874292,0.0929609],[0.181619,-0.201311,0.962543]],[[0.860257,-0.441687,-0.254696],[0.453331,0.891226,-0.0143764],[0.233342,-0.103094,0.966914]],[[0.860257,-0.441687,-0.254696],[0.432155,0.896734,-0.0954503],[0.270554,-0.0279564,0.962299]]],"btipPosition":[-72.0849,342.308,-63.6735],"carpPosition":[-40.6298,301.861,82.2327],"dipPosition":[-67.5056,341.835,-47.386],"direction":[-0.233342,0.103094,-0.966914],"extended":true,"handId":907,"id":9071,"length":58.2569,"mcpPosition":[-54.1888,330.799,16.7318],"pipPosition":[-61.9185,339.366,-24.2342],"stabilizedTipPosition":[-115.974,315.535,52.1885],"timeVisible":0.506089,"tipPosition":[-71.3128,340.897,-59.9007],"tipVelocity":[56.0569,4.96745,-151.52],"tool":false,"touchDistance":-0.551403,"touchZone":"hovering","type":1,"width":19.1617},{"bases":[[[0.764748,-0.586388,-0.267039],[0.640591,0.736522,0.217209],[0.0693114,-0.337173,0.938888]],[[0.764297,-0.584254,-0.272943],[0.287457,0.687552,-0.666813],[0.577251,0.431184,0.693442]],[[0.764297,-0.584254,-0.272943],[-0.509982,-0.288577,-0.810334],[0.394676,0.758532,-0.518518]],[[0.764297,-0.584254,-0.272943],[-0.642498,-0.726151,-0.244748],[-0.0552031,0.362425,-0.930377]]],"btipPosition":[-72.1382,273.238,11.82],"carpPosition":[-29.6942,298.638,77.8955],"dipPosition":[-73.1659,279.985,-5.49993],"direction":[-0.394676,-0.758532,0.518518],"extended":false,"handId":907,"id":9072,"length":66.379,"mcpPosition":[-34.4846,321.941,13.0046],"pipPosition":[-62.0478,301.352,-20.1066],"stabilizedTipPosition":[-96.5113,232.674,200.439],"timeVisible":0.506089,"tipPosition":[-72.0067,274.702,8.99378],"tipVelocity":[31.9641,3.10146,-137.734],"tool":false,"touchDistance":0.333333,"touchZone":"none","type":2,"width":18.8193},{"bases":[[[0.716132,-0.683457,-0.141573],[0.695474,0.681621,0.227394],[-0.0589151,-0.261304,0.963457]],[[0.715102,-0.687531,-0.126211],[0.433583,0.577893,-0.691408],[0.548301,0.439705,0.711355]],[[0.715102,-0.687531,-0.126211],[-0.454522,-0.320163,-0.831207],[0.531072,0.651764,-0.541448]],[[0.715102,-0.687531,-0.126211],[-0.693966,-0.676592,-0.246242],[0.0839055,0.263675,-0.960956]]],"btipPosition":[-56.6574,266.454,15.4661],"carpPosition":[-19.9178,292.467,74.0923],"dipPosition":[-55.1044,271.334,-2.32023],"direction":[-0.531072,-0.651764,0.541448],"extended":false,"handId":907,"id":9073,"length":63.8252,"mcpPosition":[-16.2619,308.682,14.3065],"pipPosition":[-40.5304,289.22,-17.179],"stabilizedTipPosition":[-81.6956,236.066,201.466],"timeVisible":0.506089,"tipPosition":[-56.0337,267.559,12.7252],"tipVelocity":[29.7393,3.85708,-155.221],"tool":false,"touchDistance":0.333333,"touchZone":"none","type":3,"width":17.9078},{"bases":[[[0.579677,-0.812272,-0.0647243],[0.790437,0.541239,0.286826],[-0.197949,-0.217427,0.955794]],[[0.532477,-0.838594,0.11502],[0.652469,0.32008,-0.686901],[0.539215,0.440806,0.717591]],[[0.532477,-0.838594,0.11502],[-0.404665,-0.371554,-0.83558],[0.743448,0.398382,-0.537193]],[[0.532477,-0.838594,0.11502],[-0.795623,-0.54224,-0.270111],[0.288882,0.0523155,-0.955934]]],"btipPosition":[-40.697,268.597,17.5572],"carpPosition":[-13.8424,280.16,70.8646],"dipPosition":[-35.7642,269.49,1.23425],"direction":[-0.743448,-0.398382,0.537193],"extended":false,"handId":907,"id":9074,"length":50.0378,"mcpPosition":[-2.47175,292.65,15.9616],"pipPosition":[-21.3594,277.209,-9.17422],"stabilizedTipPosition":[-74.3984,244.528,192.288],"timeVisible":0.506089,"tipPosition":[-39.4799,268.906,15.1176],"tipVelocity":[35.6516,-3.17662,-157.988],"tool":false,"touchDistance":0.333333,"touchZone":"none","type":4,"width":15.9071}],"r":[[0.786201,-0.571428,0.235284],[0.605515,0.788391,-0.108582],[-0.12345,0.227835,0.965842]],"s":0.800563,"t":[56.9383,31.265,-174.904],"timestamp":607367353404},false],[5,{"currentFrameRate":104.667,"devices":[],"gestures":[],"hands":[{"armBasis":[[0.744727,-0.239157,-0.623045],[0.524835,0.786543,0.32542],[0.412226,-0.569345,0.711278]],"armWidth":63.1234,"confidence":0.829513,"direction":[0.0345717,0.43588,-0.89934],"elbow":[82.2885,130.449,270.568],"grabStrength":0,"id":907,"palmNormal":[-0.523697,-0.758536,-0.387769],"palmPosition":[-34.7898,306.462,32.0777],"palmVelocity":[33.4268,11.4721,-126.723],"palmWidth":90.138,"pinchStrength":1,"r":[[0.785136,-0.571798,0.237927],[0.60689,0.786926,-0.111498],[-0.123476,0.231936,0.964862]],"s":0.799817,"sphereCenter":[-59.7702,283.941,-1.00989],"sphereRadius":43.4881,"stabilizedPalmPosition":[-84.4425,280.429,190.18],"t":[57.1919,31.3946,-175.912],"timeVisible":0.515202,"type":"right","wrist":[-27.9702,282.733,80.3211]}],"id":4469547,"interactionBox":{"center":[0,200,0],"size":[235.247,235.247,147.751]},"pointables":[{"bases":[[[0.817676,0.568594,0.0900379],[-0.464331,0.558951,0.687001],[0.340297,-0.603552,0.721057]],[[0.639207,0.748415,-0.176891],[-0.676998,0.656734,0.332225],[0.364812,-0.0926058,0.926464]],[[0.639207,0.748415,-0.176891],[-0.767593,0.634982,-0.0871757],[0.0470788,0.191503,0.980362]],[[0.639207,0.748415,-0.176891],[-0.705029,0.478421,-0.523495],[-0.307163,0.459335,0.833464]]],"btipPosition":[-70.2381,274.281,-13.3232],"carpPosition":[-57.7293,286.82,84.9271],"dipPosition":[-77.3595,284.931,6.00024],"direction":[-0.0470788,-0.191503,-0.980362],"extended":false,"handId":907,"id":9070,"length":51.6284,"mcpPosition":[-57.7293,286.82,84.9271],"pipPosition":[-75.7694,291.399,39.1133],"stabilizedTipPosition":[-124.479,252.715,140.772],"timeVisible":0.515202,"tipPosition":[-72.8032,277.839,-9.0295],"tipVelocity":[40.2385,-11.3376,-117.546],"tool":false,"touchDistance":-0.501927,"touchZone":"hovering","type":0,"width":20.0604},{"bases":[[[0.844924,-0.404326,-0.350178],[0.501758,0.825949,0.256996],[0.185319,-0.392847,0.900738]],[[0.859819,-0.443731,-0.252616],[0.477595,0.873904,0.0905216],[0.180595,-0.19848,0.963323]],[[0.859819,-0.443731,-0.252616],[0.454587,0.89054,-0.0170116],[0.232513,-0.100209,0.967417]],[[0.859819,-0.443731,-0.252616],[0.433437,0.895811,-0.0982583],[0.269896,-0.0250087,0.962565]]],"btipPosition":[-71.7455,342.164,-64.8107],"carpPosition":[-40.4178,302.263,81.2908],"dipPosition":[-67.1774,341.741,-48.5187],"direction":[-0.232513,0.100209,-0.967417],"extended":true,"handId":907,"id":9071,"length":58.2569,"mcpPosition":[-53.9239,330.894,15.6443],"pipPosition":[-61.6101,339.341,-25.3548],"stabilizedTipPosition":[-115.929,315.561,52.0742],"timeVisible":0.515202,"tipPosition":[-70.9748,340.788,-61.036],"tipVelocity":[50.7581,-0.455845,-144.07],"tool":false,"touchDistance":-0.541638,"touchZone":"hovering","type":1,"width":19.1617},{"bases":[[[0.764193,-0.588524,-0.263912],[0.641325,0.736877,0.213808],[0.0686396,-0.332644,0.940551]],[[0.763768,-0.586523,-0.269534],[0.290343,0.6851,-0.668086],[0.576506,0.432006,0.69355]],[[0.763768,-0.586523,-0.269534],[-0.508423,-0.289359,-0.811035],[0.397699,0.75648,-0.519205]],[[0.763768,-0.586523,-0.269534],[-0.643362,-0.72559,-0.24414],[-0.0523776,0.359874,-0.931529]]],"btipPosition":[-71.984,273.359,10.8181],"carpPosition":[-29.4843,299.006,76.973],"dipPosition":[-72.9591,280.059,-6.52326],"direction":[-0.397699,-0.75648,0.519205],"extended":false,"handId":907,"id":9072,"length":66.379,"mcpPosition":[-34.2283,321.997,11.967],"pipPosition":[-61.7559,301.369,-21.1493],"stabilizedTipPosition":[-96.511,232.674,200.437],"timeVisible":0.515202,"tipPosition":[-71.8478,274.81,7.98453],"tipVelocity":[28.1564,5.60901,-130.171],"tool":false,"touchDistance":0.333333,"touchZone":"none","type":2,"width":18.8193},{"bases":[[[0.715429,-0.684924,-0.137987],[0.696146,0.681967,0.22428],[-0.0595119,-0.256516,0.964706]],[[0.714381,-0.688957,-0.122466],[0.43745,0.576297,-0.690304],[0.546167,0.439567,0.71308]],[[0.714381,-0.688957,-0.122466],[-0.451143,-0.31968,-0.833231],[0.534911,0.650494,-0.539192]],[[0.714381,-0.688957,-0.122466],[-0.694193,-0.675737,-0.247942],[0.0880671,0.26214,-0.961003]]],"btipPosition":[-56.5039,266.565,14.3622],"carpPosition":[-19.7134,292.806,73.2032],"dipPosition":[-54.8739,271.417,-3.42509],"direction":[-0.534911,-0.650494,0.539192],"extended":false,"handId":907,"id":9073,"length":63.8252,"mcpPosition":[-16.0205,308.724,13.3399],"pipPosition":[-40.1945,289.268,-18.2219],"stabilizedTipPosition":[-81.6955,236.067,201.465],"timeVisible":0.515202,"tipPosition":[-55.8733,267.662,11.6244],"tipVelocity":[26.7003,5.9827,-145.771],"tool":false,"touchDistance":0.333333,"touchZone":"none","type":3,"width":17.9078},{"bases":[[[0.578809,-0.813212,-0.0605535],[0.790936,0.541775,0.28443],[-0.198496,-0.212525,0.956783]],[[0.531359,-0.838631,0.119813],[0.660255,0.321358,-0.678817],[0.530774,0.439803,0.724467]],[[0.531359,-0.838631,0.119813],[-0.39238,-0.368986,-0.842548],[0.750797,0.400683,-0.525126]],[[0.531359,-0.838631,0.119813],[-0.792153,-0.541998,-0.280591],[0.300251,0.0541842,-0.95232]]],"btipPosition":[-40.5145,268.591,16.1373],"carpPosition":[-13.6505,280.477,70.0378],"dipPosition":[-35.3876,269.516,-0.123951],"direction":[-0.750797,-0.400683,0.525126],"extended":false,"handId":907,"id":9074,"length":50.0378,"mcpPosition":[-2.24844,292.685,15.0781],"pipPosition":[-20.8404,277.28,-10.2986],"stabilizedTipPosition":[-74.3982,244.529,192.287],"timeVisible":0.515202,"tipPosition":[-39.2602,268.93,13.7827],"tipVelocity":[32.6748,-2.25308,-156.952],"tool":false,"touchDistance":0.333333,"touchZone":"none","type":4,"width":15.9071}],"r":[[0.785136,-0.571798,0.237927],[0.60689,0.786926,-0.111498],[-0.123476,0.231936,0.964862]],"s":0.799817,"t":[57.1919,31.3946,-175.912],"timestamp":607367362517},false],[6,{"currentFrameRate":104.944,"devices":[],"gestures":[],"hands":[{"armBasis":[[0.744455,-0.240402,-0.622891],[0.52502,0.787132,0.323694],[0.412481,-0.568006,0.7122]],"armWidth":63.1234,"confidence":0.827476,"direction":[0.0372413,0.432787,-0.900727],"elbow":[82.4332,131.099,270.109],"grabStrength":0,"id":907,"palmNormal":[-0.523699,-0.759211,-0.386444],"palmPosition":[-34.5697,306.598,31.2759],"palmVelocity":[30.9518,12.4659,-116.346],"palmWidth":90.138,"pinchStrength":1,"r":[[0.784029,-0.572112,0.240802],[0.608234,0.785519,-0.11407],[-0.123894,0.235898,0.963848]],"s":0.799463,"sphereCenter":[-59.7006,284.246,-1.76929],"sphereRadius":43.5112,"stabilizedPalmPosition":[-84.4395,280.43,190.17],"t":[57.4288,31.5273,-176.817],"timeVisible":0.524214,"type":"right","wrist":[-27.8938,283.024,79.6155]}],"id":4469548,"interactionBox":{"center":[0,200,0],"size":[235.247,235.247,147.751]},"pointables":[{"bases":[[[0.818153,0.567904,0.0900586],[-0.46528,0.561839,0.683996],[0.337846,-0.601516,0.723905]],[[0.640621,0.746987,-0.177806],[-0.677102,0.658757,0.327982],[0.362129,-0.0897193,0.9278]],[[0.640621,0.746987,-0.177806],[-0.766642,0.635246,-0.0933964],[0.0431846,0.196145,0.979623]],[[0.640621,0.746987,-0.177806],[-0.705281,0.48086,-0.520914],[-0.303617,0.459112,0.834885]]],"btipPosition":[-69.9855,274.33,-14.1876],"carpPosition":[-57.6587,287.163,84.1367],"dipPosition":[-77.0247,284.974,5.16876],"direction":[-0.0431846,-0.196145,-0.979623],"extended":false,"handId":907,"id":9070,"length":51.6284,"mcpPosition":[-57.6587,287.163,84.1367],"pipPosition":[-75.5661,291.599,38.2569],"stabilizedTipPosition":[-124.463,252.722,140.727],"timeVisible":0.524214,"tipPosition":[-72.4947,277.848,-9.85595],"tipVelocity":[37.4584,-6.77232,-111.37],"tool":false,"touchDistance":-0.492921,"touchZone":"hovering","type":0,"width":20.0604},{"bases":[[[0.84526,-0.406534,-0.346794],[0.502153,0.826207,0.255392],[0.182698,-0.390016,0.902502]],[[0.859777,-0.445264,-0.250045],[0.479034,0.872879,0.092786],[0.176944,-0.199555,0.963778]],[[0.859777,-0.445264,-0.250045],[0.456529,0.889593,-0.0143587],[0.228831,-0.101807,0.968128]],[[0.859777,-0.445264,-0.250045],[0.435746,0.894995,-0.0954417],[0.266286,-0.0268973,0.963519]]],"btipPosition":[-71.1519,342.383,-65.7933],"carpPosition":[-40.3197,302.572,80.4893],"dipPosition":[-66.6448,341.928,-49.4851],"direction":[-0.228831,0.101807,-0.968128],"extended":true,"handId":907,"id":9071,"length":58.2569,"mcpPosition":[-53.6349,330.997,14.7143],"pipPosition":[-61.1657,339.49,-26.3042],"stabilizedTipPosition":[-115.884,315.587,51.9632],"timeVisible":0.524214,"tipPosition":[-70.4074,340.983,-62.0206],"tipVelocity":[54.4848,6.13447,-134.323],"tool":false,"touchDistance":-0.53049,"touchZone":"hovering","type":1,"width":19.1617},{"bases":[[[0.764099,-0.590341,-0.260097],[0.641714,0.73682,0.212838],[0.0659977,-0.329537,0.941833]],[[0.763714,-0.588472,-0.265407],[0.295322,0.684071,-0.666957],[0.574043,0.430984,0.696224]],[[0.763714,-0.588472,-0.265407],[-0.50474,-0.28801,-0.813811],[0.402465,0.75548,-0.516983]],[[0.763714,-0.588472,-0.265407],[-0.643836,-0.724304,-0.246695],[-0.0470621,0.359283,-0.932041]]],"btipPosition":[-71.8128,273.514,9.78445],"carpPosition":[-29.38,299.288,76.2086],"dipPosition":[-72.6889,280.203,-7.56646],"direction":[-0.402465,-0.75548,0.516983],"extended":false,"handId":907,"id":9072,"length":66.379,"mcpPosition":[-33.9414,322.064,11.1141],"pipPosition":[-61.3514,301.485,-22.1299],"stabilizedTipPosition":[-96.5108,232.674,200.435],"timeVisible":0.524214,"tipPosition":[-71.6636,274.954,6.95691],"tipVelocity":[26.3344,8.71768,-125.985],"tool":false,"touchDistance":0.333333,"touchZone":"none","type":2,"width":18.8193},{"bases":[[[0.714919,-0.686254,-0.133963],[0.696443,0.681879,0.223626],[-0.0621178,-0.253172,0.965425]],[[0.713813,-0.690285,-0.118228],[0.442085,0.575055,-0.688384],[0.543169,0.439111,0.715646]],[[0.713813,-0.690285,-0.118228],[-0.446858,-0.318935,-0.835822],[0.539248,0.649451,-0.53612]],[[0.713813,-0.690285,-0.118228],[-0.69407,-0.674739,-0.250986],[0.0934793,0.261216,-0.960743]]],"btipPosition":[-56.3231,266.681,13.3948],"carpPosition":[-19.6078,293.064,72.4832],"dipPosition":[-54.5929,271.516,-4.38764],"direction":[-0.539248,-0.649451,0.53612],"extended":false,"handId":907,"id":9073,"length":63.8252,"mcpPosition":[-15.7532,308.774,12.5752],"pipPosition":[-39.7945,289.338,-19.1002],"stabilizedTipPosition":[-81.6954,236.067,201.464],"timeVisible":0.524214,"tipPosition":[-55.6818,267.772,10.6485],"tipVelocity":[25.5797,7.74452,-135.173],"tool":false,"touchDistance":0.333333,"touchZone":"none","type":3,"width":17.9078},{"bases":[[[0.577959,-0.814113,-0.0564207],[0.790918,0.541777,0.284476],[-0.201028,-0.20904,0.957021]],[[0.530061,-0.838862,0.123881],[0.663159,0.31905,-0.677073],[0.528446,0.441042,0.725415]],[[0.530061,-0.838862,0.123881],[-0.388747,-0.370235,-0.843684],[0.753599,0.399045,-0.522352]],[[0.530061,-0.838862,0.123881],[-0.791326,-0.541847,-0.283206],[0.304695,0.0520867,-0.951025]]],"btipPosition":[-40.3196,268.654,15.3507],"carpPosition":[-13.5524,280.717,69.374],"dipPosition":[-35.1168,269.544,-0.888433],"direction":[-0.753599,-0.399045,0.522352],"extended":false,"handId":907,"id":9074,"length":50.0378,"mcpPosition":[-2.00485,292.724,14.4006],"pipPosition":[-20.5153,277.275,-11.0093],"stabilizedTipPosition":[-74.398,244.529,192.286],"timeVisible":0.524214,"tipPosition":[-39.051,268.991,12.9611],"tipVelocity":[30.1711,0.0403608,-137.645],"tool":false,"touchDistance":0.333333,"touchZone":"none","type":4,"width":15.9071}],"r"