{"sensorType":"Leap","data":[[0,{"currentFrameRate":110.634,"devices":[],"gestures":[],"hands":[{"armBasis":[[0.730272,-0.235565,-0.641258],[0.527937,0.790334,0.310893],[0.433572,-0.56558,0.701523]],"armWidth":63.1234,"confidence":0.852072,"direction":[0.0330793,0.364635,-0.930563],"elbow":[96.3847,125.589,278.786],"grabStrength":0,"id":903,"palmNormal":[-0.527467,-0.78448,-0.326144],"palmPosition":[-26.482,296.803,41.2294],"palmVelocity":[-34.1556,-38.9966,-111.908],"palmWidth":90.138,"pinchStrength":1,"r":[[0.836322,-0.508415,0.205132],[0.546339,0.804005,-0.234711],[-0.0455969,0.308366,0.950175]],"s":0.859037,"sphereCenter":[-56.2015,275.248,10.4336],"sphereRadius":44.0419,"stabilizedPalmPosition":[-35.6865,305.222,139.378],"t":[50.1149,12.0845,-212.129],"timeVisible":7.19455,"type":"right","wrist":[-19.5836,276.866,91.1486]}],"id":4467447,"interactionBox":{"center":[0,200,0],"size":[235.247,235.247,147.751]},"pointables":[{"bases":[[[0.819843,0.570958,0.0431767],[-0.460234,0.612235,0.642925],[0.340649,-0.546969,0.764711]],[[0.679596,0.708928,-0.188602],[-0.70178,0.70316,0.114327],[0.213666,0.0546611,0.975376]],[[0.679596,0.708928,-0.188602],[-0.732211,0.639787,-0.233537],[-0.0448956,0.296807,0.953882]],[[0.679596,0.708928,-0.188602],[-0.684993,0.521234,-0.509018],[-0.262551,0.475117,0.83984]]],"btipPosition":[-52.2762,257.66,-4.40977],"carpPosition":[-49.3138,281.403,95.5126],"dipPosition":[-58.3633,268.675,15.0615],"direction":[0.0448956,-0.296807,-0.953882],"extended":false,"handId":903,"id":9030,"length":51.6284,"mcpPosition":[-49.3138,281.403,95.5126],"pipPosition":[-59.8797,278.7,47.2801],"stabilizedTipPosition":[-69.922,272.472,87.3232],"timeVisible":7.19455,"tipPosition":[-54.5309,260.152,-0.00918835],"tipVelocity":[-53.4701,-12.0377,-118.356],"tool":false,"touchDistance":-0.476067,"touchZone":"touching","type":0,"width":20.0604},{"bases":[[[0.842434,-0.433285,-0.320264],[0.505324,0.841617,0.190599],[0.186956,-0.322404,0.927956]],[[0.862163,-0.483098,-0.152617],[0.494419,0.86804,0.0453501],[0.110569,-0.114556,0.987244]],[[0.862163,-0.483098,-0.152617],[0.480849,0.87515,-0.0538179],[0.159562,-0.026986,0.986819]],[[0.862163,-0.483098,-0.152617],[0.467219,0.874648,-0.129221],[0.195913,0.0401039,0.979801]]],"btipPosition":[-57.431,324.796,-59.223],"carpPosition":[-31.9632,296.456,90.6365],"dipPosition":[-54.1151,325.475,-42.6393],"direction":[-0.159562,0.026986,-0.986819],"extended":true,"handId":903,"id":9031,"length":58.2569,"mcpPosition":[-45.5887,319.953,23.0064],"pipPosition":[-50.2945,324.829,-19.0108],"stabilizedTipPosition":[-76.2993,325.865,45.2694],"timeVisible":7.19455,"tipPosition":[-56.8516,323.94,-55.394],"tipVelocity":[-25.1433,2.27099,-104.875],"tool":false,"touchDistance":-0.481695,"touchZone":"hovering","type":1,"width":19.1617},{"bases":[[[0.761375,-0.609944,-0.219718],[0.644455,0.748966,0.154037],[0.070607,-0.258878,0.963326]],[[0.760295,-0.606203,-0.233387],[0.323559,0.664966,-0.673149],[0.563259,0.436278,0.701713]],[[0.760295,-0.606203,-0.233387],[-0.501758,-0.319883,-0.803688],[0.412542,0.728143,-0.547373]],[[0.760295,-0.606203,-0.233387],[-0.646466,-0.741255,-0.180617],[-0.0635085,0.288199,-0.955462]]],"btipPosition":[-63.2688,264.019,19.6722],"carpPosition":[-21.0547,292.835,86.5519],"dipPosition":[-64.4511,269.384,1.8853],"direction":[-0.412542,-0.728143,0.547373],"extended":false,"handId":903,"id":9032,"length":66.379,"mcpPosition":[-25.9347,310.728,19.9719],"pipPosition":[-52.8298,289.896,-13.5343],"stabilizedTipPosition":[-72.212,268.003,123.863],"timeVisible":7.19455,"tipPosition":[-63.4314,265.064,16.4436],"tipVelocity":[-50.5473,-15.5997,-118.471],"tool":false,"touchDistance":0.333333,"touchZone":"none","type":2,"width":18.8193},{"bases":[[[0.712705,-0.696105,-0.0865443],[0.699127,0.69484,0.168576],[-0.0572122,-0.18065,0.981882]],[[0.713311,-0.693999,-0.097742],[0.525047,0.62154,-0.581389],[0.464234,0.363392,0.807733]],[[0.713311,-0.693999,-0.097742],[-0.347407,-0.229006,-0.909321],[0.608684,0.682585,-0.404452]],[[0.713311,-0.693999,-0.097742],[-0.680443,-0.652367,-0.333789],[0.167885,0.304603,-0.937567]]],"btipPosition":[-48.1254,257.083,15.0177],"carpPosition":[-11.3167,286.327,83.2455],"dipPosition":[-45.018,262.721,-2.33573],"direction":[-0.608684,-0.682585,0.404452],"extended":false,"handId":903,"id":9033,"length":63.8252,"mcpPosition":[-7.76653,297.537,22.3163],"pipPosition":[-28.3141,281.453,-13.435],"stabilizedTipPosition":[-54.8878,263.319,124.305],"timeVisible":7.19455,"tipPosition":[-47.2411,258.347,12.4723],"tipVelocity":[-61.3069,-23.7417,-172.834],"tool":false,"touchDistance":0.333333,"touchZone":"none","type":3,"width":17.9078},{"bases":[[[0.575914,-0.81751,0.00102356],[0.793648,0.559404,0.239143],[-0.196075,-0.136914,0.970984]],[[0.587026,-0.807374,-0.0595621],[0.641532,0.508796,-0.574075],[0.493799,0.298786,0.816633]],[[0.587026,-0.807374,-0.0595621],[-0.363547,-0.19716,-0.910473],[0.72335,0.556125,-0.409256]],[[0.587026,-0.807374,-0.0595621],[-0.771572,-0.535683,-0.343104],[0.245107,0.247367,-0.937407]]],"btipPosition":[-29.5395,256.168,20.5842],"carpPosition":[-5.305,273.768,81.0286],"dipPosition":[-25.3542,260.392,4.57758],"direction":[-0.72335,-0.556125,0.409256],"extended":false,"handId":903,"id":9034,"length":50.0378,"mcpPosition":[5.95796,281.633,25.2531],"pipPosition":[-11.3389,271.167,-3.35202],"stabilizedTipPosition":[-35.7487,265.019,123.278],"timeVisible":7.19455,"tipPosition":[-28.5404,257.034,18.0897],"tipVelocity":[-56.9877,-32.4269,-154.725],"tool":false,"touchDistance":0.333333,"touchZone":"none","type":4,"width":15.9071}],"r":[[0.836322,-0.508415,0.205132],[0.546339,0.804005,-0.234711],[-0.0455969,0.308366,0.950175]],"s":0.859037,"t":[50.1149,12.0845,-212.129],"timestamp":607347667588},false],[1,{"currentFrameRate":110.578,"devices":[],"gestures":[],"hands":[{"armBasis":[[0.730149,-0.241135,-0.639325],[0.530154,0.790206,0.307427],[0.431067,-0.563408,0.704807]],"armWidth":63.1234,"confidence":0.861667,"direction":[0.0350764,0.364499,-0.930543],"elbow":[95.0843,125.912,277.848],"grabStrength":0,"id":903,"palmNormal":[-0.529545,-0.78288,-0.32662],"palmPosition":[-27.004,296.564,39.4057],"palmVelocity":[-40.5385,-35.4194,-136.272],"palmWidth":90.138,"pinchStrength":1,"r":[[0.834377,-0.511824,0.204575],[0.549391,0.802242,-0.23362],[-0.0445463,0.307319,0.950563]],"s":0.857302,"sphereCenter":[-56.7794,275.078,8.55435],"sphereRadius":44.0803,"stabilizedPalmPosition":[-35.683,305.219,139.338],"t":[49.7125,11.7894,-213.494],"timeVisible":7.20369,"type":"right","wrist":[-20.2139,276.608,89.3321]}],"id":4467448,"interactionBox":{"center":[0,200,0],"size":[235.247,235.247,147.751]},"pointables":[{"bases":[[[0.821539,0.568457,0.0439384],[-0.458977,0.613658,0.642467],[0.338252,-0.547978,0.765052]],[[0.682136,0.706721,-0.187714],[-0.699412,0.70549,0.114483],[0.213338,0.0531963,0.975529]],[[0.682136,0.706721,-0.187714],[-0.729808,0.642019,-0.234932],[-0.0455153,0.297251,0.953714]],[[0.682136,0.706721,-0.187714],[-0.681968,0.52224,-0.51204],[-0.263837,0.477296,0.8382]]],"btipPosition":[-52.8297,257.499,-6.21858],"carpPosition":[-49.9343,281.236,93.6677],"dipPosition":[-58.9466,268.565,13.2146],"direction":[0.0455153,-0.297251,-0.953714],"extended":false,"handId":903,"id":9030,"length":51.6284,"mcpPosition":[-49.9343,281.236,93.6677],"pipPosition":[-60.4839,278.605,45.4276],"stabilizedTipPosition":[-69.9157,272.467,87.2876],"timeVisible":7.20369,"tipPosition":[-55.0789,260.003,-1.83602],"tipVelocity":[-55.646,-13.2184,-140.739],"tool":false,"touchDistance":-0.484057,"touchZone":"touching","type":0,"width":20.0604},{"bases":[[[0.841413,-0.435863,-0.319448],[0.507706,0.840079,0.191052],[0.185089,-0.32294,0.928144]],[[0.860803,-0.485537,-0.152553],[0.497021,0.866479,0.0467328],[0.109494,-0.11605,0.98719]],[[0.860803,-0.485537,-0.152553],[0.483417,0.87377,-0.0532315],[0.159142,-0.0279249,0.986861]],[[0.860803,-0.485537,-0.152553],[0.469687,0.873318,-0.129265],[0.19599,0.0396196,0.979805]]],"btipPosition":[-57.8105,324.709,-61.0644],"carpPosition":[-32.5332,296.236,88.8076],"dipPosition":[-54.4932,325.379,-44.4806],"direction":[-0.159142,0.0279249,-0.986861],"extended":true,"handId":903,"id":9031,"length":58.2569,"mcpPosition":[-46.0227,319.772,21.1638],"pipPosition":[-50.6827,324.711,-20.8511],"stabilizedTipPosition":[-76.2987,325.865,45.266],"timeVisible":7.20369,"tipPosition":[-57.2134,323.867,-57.2402],"tipVelocity":[-29.6863,-1.07435,-131.733],"tool":false,"touchDistance":-0.489479,"touchZone":"hovering","type":1,"width":19.1617},{"bases":[[[0.759721,-0.61227,-0.218973],[0.646588,0.747003,0.154626],[0.0689006,-0.259058,0.963401]],[[0.758665,-0.608526,-0.232645],[0.326296,0.664009,-0.672773],[0.563878,0.434498,0.70232]],[[0.758665,-0.608526,-0.232645],[-0.501915,-0.318289,-0.804222],[0.415342,0.726903,-0.546903]],[[0.758665,-0.608526,-0.232645],[-0.648555,-0.739265,-0.181281],[-0.061672,0.288414,-0.955518]]],"btipPosition":[-63.8708,263.893,17.8074],"carpPosition":[-21.6319,292.581,84.7335],"dipPosition":[-65.0189,269.262,0.0194884],"direction":[-0.415342,-0.726903,0.546903],"extended":false,"handId":903,"id":9032,"length":66.379,"mcpPosition":[-26.394,310.486,18.1483],"pipPosition":[-53.3186,289.739,-15.3868],"stabilizedTipPosition":[-72.2098,268.003,123.832],"timeVisible":7.20369,"tipPosition":[-64.028,264.941,14.5708],"tipVelocity":[-54.5621,-15.0539,-142.267],"tool":false,"touchDistance":0.333333,"touchZone":"none","type":2,"width":18.8193},{"bases":[[[0.710661,-0.698278,-0.0858432],[0.701082,0.692712,0.169219],[-0.0586972,-0.18044,0.981833]],[[0.711289,-0.696157,-0.0971258],[0.530086,0.622011,-0.576291],[0.461602,0.358424,0.811453]],[[0.711289,-0.696157,-0.0971258],[-0.340149,-0.219986,-0.914278],[0.615115,0.683353,-0.393271]],[[0.711289,-0.696157,-0.0971258],[-0.679827,-0.646229,-0.346733],[0.178615,0.312656,-0.932922]]],"btipPosition":[-48.8858,256.836,12.6544],"carpPosition":[-11.9108,286.043,81.4366],"dipPosition":[-45.5798,262.623,-4.61309],"direction":[-0.615115,-0.683353,0.393271],"extended":false,"handId":903,"id":9033,"length":63.8252,"mcpPosition":[-8.26839,297.24,20.5104],"pipPosition":[-28.6995,281.376,-15.4055],"stabilizedTipPosition":[-54.8869,263.318,124.288],"timeVisible":7.20369,"tipPosition":[-47.9325,258.157,10.1495],"tipVelocity":[-66.0014,-23.609,-196.067],"tool":false,"touchDistance":0.333333,"touchZone":"none","type":3,"width":17.9078},{"bases":[[[0.573418,-0.819262,0.00159835],[0.795122,0.55699,0.23988],[-0.197415,-0.136281,0.970801]],[[0.584312,-0.809515,-0.057145],[0.646912,0.507145,-0.569482],[0.489984,0.295787,0.820015]],[[0.584312,-0.809515,-0.057145],[-0.355894,-0.192329,-0.914521],[0.729328,0.554703,-0.400482]],[[0.584312,-0.809515,-0.057145],[-0.770372,-0.531162,-0.352696],[0.255159,0.250107,-0.933992]]],"btipPosition":[-30.2466,255.915,18.4451],"carpPosition":[-5.93521,273.466,79.2258],"dipPosition":[-25.8897,260.186,2.4968],"direction":[-0.729328,-0.554703,0.400482],"extended":false,"handId":903,"id":9034,"length":50.0378,"mcpPosition":[5.40476,281.294,23.4608],"pipPosition":[-11.7585,270.933,-5.26279],"stabilizedTipPosition":[-35.7473,265.017,123.254],"timeVisible":7.20369,"tipPosition":[-29.1897,256.805,15.9722],"tipVelocity":[-61.4483,-30.7641,-176.366],"tool":false,"touchDistance":0.333333,"touchZone":"none","type":4,"width":15.9071}],"r":[[0.834377,-0.511824,0.204575],[0.549391,0.802242,-0.23362],[-0.0445463,0.307319,0.950563]],"s":0.857302,"t":[49.7125,11.7894,-213.494],"timestamp":607347676731},false],[2,{"currentFrameRate":110.634,"devices":[],"gestures":[],"hands":[{"armBasis":[[0.730169,-0.24632,-0.637322],[0.53055,0.792153,0.30168],[0.430547,-0.558409,0.70909]],"armWidth":63.1234,"confidence":0.869073,"direction":[0.0377028,0.362986,-0.931031],"elbow":[94.2646,127.133,277.288],"grabStrength":0,"id":903,"palmNormal":[-0.529733,-0.78275,-0.326627],"palmPosition":[-27.5431,296.376,37.653],"palmVelocity":[-45.9377,-31.4671,-152.6],"palmWidth":90.138,"pinchStrength":1,"r":[[0.832591,-0.514683,0.204679],[0.552131,0.800613,-0.232744],[-0.044079,0.30679,0.950756]],"s":0.855617,"sphereCenter":[-57.2743,274.845,6.736],"sphereRadius":44.1147,"stabilizedPalmPosition":[-35.68,305.216,139.3],"t":[49.2417,11.5482,-215.052],"timeVisible":7.21263,"type":"right","wrist":[-20.8945,276.491,87.6266]}],"id":4467449,"interactionBox":{"center":[0,200,0],"size":[235.247,235.247,147.751]},"pointables":[{"bases":[[[0.822126,0.567527,0.0449699],[-0.459733,0.61523,0.64042],[0.335789,-0.54718,0.766707]],[[0.683716,0.705419,-0.186858],[-0.698428,0.706767,0.112603],[0.211497,0.0535188,0.975912]],[[0.683716,0.705419,-0.186858],[-0.728178,0.642711,-0.238075],[-0.0478467,0.298842,0.953102]],[[0.683716,0.705419,-0.186858],[-0.678946,0.521044,-0.517248],[-0.267515,0.480517,0.835188]]],"btipPosition":[-53.2596,257.281,-7.92968],"carpPosition":[-50.6193,281.162,91.8851],"dipPosition":[-59.4618,268.422,11.4337],"direction":[0.0478467,-0.298842,-0.953102],"extended":false,"handId":903,"id":9030,"length":51.6284,"mcpPosition":[-50.6193,281.162,91.8851],"pipPosition":[-61.0779,278.516,43.626],"stabilizedTipPosition":[-69.9098,272.463,87.2523],"timeVisible":7.21263,"tipPosition":[-55.5156,259.798,-3.57315],"tipVelocity":[-54.1849,-15.7417,-155.065],"tool":false,"touchDistance":-0.489892,"touchZone":"touching","type":0,"width":20.0604},{"bases":[[[0.841628,-0.43739,-0.316785],[0.508281,0.839762,0.190919],[0.182518,-0.321698,0.929084]],[[0.860543,-0.486665,-0.150407],[0.497993,0.865876,0.0475593],[0.107089,-0.115829,0.987479]],[[0.860543,-0.486665,-0.150407],[0.484502,0.873169,-0.0532265],[0.157235,-0.027069,0.98719]],[[0.860543,-0.486665,-0.150407],[0.470793,0.872627,-0.129908],[0.194471,0.0409808,0.980052]]],"btipPosition":[-58.1048,324.463,-62.9227],"carpPosition":[-33.1886,296.133,87.0422],"dipPosition":[-54.8132,325.157,-46.3347],"direction":[-0.157235,0.027069,-0.98719],"extended":true,"handId":903,"id":9031,"length":58.2569,"mcpPosition":[-46.4907,319.579,19.3299],"pipPosition":[-51.0484,324.508,-22.6974],"stabilizedTipPosition":[-76.2981,325.865,45.2629],"timeVisible":7.21263,"tipPosition":[-57.5002,323.64,-59.1003],"tipVelocity":[-30.7499,-8.12829,-152.494],"tool":false,"touchDistance":-0.496725,"touchZone":"hovering","type":1,"width":19.1617},{"bases":[[[0.759485,-0.613539,-0.216224],[0.647135,0.74646,0.154965],[0.0663255,-0.25762,0.963967]],[[0.758465,-0.609815,-0.229905],[0.328749,0.6626,-0.672967],[0.562721,0.434841,0.703035]],[[0.758465,-0.609815,-0.229905],[-0.500368,-0.318863,-0.804959],[0.417567,0.725571,-0.546978]],[[0.758465,-0.609815,-0.229905],[-0.649034,-0.738741,-0.181705],[-0.0590343,0.287033,-0.9561]]],"btipPosition":[-64.3996,263.718,16.013],"carpPosition":[-22.2823,292.459,82.9994],"dipPosition":[-65.4986,269.062,-1.78576],"direction":[-0.417567,-0.72557,0.546978],"extended":false,"handId":903,"id":9032,"length":66.379,"mcpPosition":[-26.8663,310.264,16.3751],"pipPosition":[-53.7357,289.501,-17.1942],"stabilizedTipPosition":[-72.2078,268.002,123.803],"timeVisible":7.21263,"tipPosition":[-64.5488,264.763,12.767],"tipVelocity":[-55.4735,-16.4596,-158.306],"tool":false,"touchDistance":0.333333,"touchZone":"none","type":2,"width":18.8193},{"bases":[[[0.710008,-0.699276,-0.0830742],[0.701527,0.692125,0.169771],[-0.0612192,-0.178818,0.981976]],[[0.710662,-0.697184,-0.0943046],[0.534658,0.622326,-0.571709],[0.457275,0.355871,0.815019]],[[0.710662,-0.697184,-0.0943046],[-0.331118,-0.213184,-0.919192],[0.620742,0.684461,-0.382352]],[[0.710662,-0.697184,-0.0943046],[-0.677315,-0.641751,-0.359721],[0.190272,0.319514,-0.928282]]],"btipPosition":[-49.5586,256.552,10.4013],"carpPosition":[-12.5613,285.904,79.7356],"dipPosition":[-46.0368,262.466,-6.78035],"direction":[-0.620742,-0.684461,0.382352],"extended":false,"handId":903,"id":9033,"length":63.8252,"mcpPosition":[-8.76249,297,18.8006],"pipPosition":[-29.002,281.249,-17.2731],"stabilizedTipPosition":[-54.886,263.318,124.272],"timeVisible":7.21263,"tipPosition":[-48.5347,257.927,7.93162],"tipVelocity":[-67.0129,-24.9503,-210.749],"tool":false,"touchDistance":0.333333,"touchZone":"none","type":3,"width":17.9078},{"bases":[[[0.572413,-0.819955,0.00423561],[0.795236,0.556401,0.240867],[-0.199857,-0.134507,0.970549]],[[0.583154,-0.810648,-0.0527269],[0.651951,0.50574,-0.564967],[0.484655,0.295087,0.823427]],[[0.583154,-0.810648,-0.0527269],[-0.346547,-0.189541,-0.918684],[0.734735,0.554007,-0.391459]],[[0.583154,-0.810648,-0.0527269],[-0.767491,-0.52851,-0.362816],[0.26625,0.252045,-0.930368]]],"btipPosition":[-30.8746,255.668,16.4363],"carpPosition":[-6.59599,273.316,77.5587],"dipPosition":[-26.3283,259.972,0.549895],"direction":[-0.734735,-0.554007,0.391459],"extended":false,"handId":903,"id":9034,"length":50.0378,"mcpPosition":[4.88424,281.043,21.8082],"pipPosition":[-12.0923,270.706,-7.03489],"stabilizedTipPosition":[-35.7461,265.015,123.231],"timeVisible":7.21263,"tipPosition":[-29.7559,256.582,13.9876],"tipVelocity":[-62.5222,-29.672,-189.132],"tool":false,"touchDistance":0.333333,"touchZone":"none","type":4,"width":15.9071}],"r":[[0.832591,-0.514683,0.204679],[0.552131,0.800613,-0.232744],[-0.044079,0.30679,0.950756]],"s":0.855617,"t":[49.2417,11.5482,-215.052],"timestamp":607347685670},false],[3,{"currentFrameRate":110.49,"devices":[],"gestures":[],"hands":[{"armBasis":[[0.730504,-0.24947,-0.635711],[0.532482,0.790923,0.301502],[0.427583,-0.558754,0.710611]],"armWidth":63.1234,"confidence":0.874557,"direction":[0.0413567,0.361454,-0.931472],"elbow":[92.7652,126.9,275.713],"grabStrength":0,"id":903,"palmNormal":[-0.531558,-0.781427,-0.32683],"palmPosition":[-28.0521,296.183,35.6245],"palmVelocity":[-48.4133,-28.4444,-171.071],"palmWidth":90.138,"pinchStrength":1,"r":[[0.830696,-0.517472,0.205345],[0.554985,0.798855,-0.231996],[-0.0439899,0.306682,0.950795]],"s":0.854293,"sphereCenter":[-57.8515,274.787,4.65314],"sphereRadius":44.161,"stabilizedPalmPosition":[-35.6771,305.212,139.261],"t":[48.7518,11.331,-216.846],"timeVisible":7.22194,"type":"right","wrist":[-21.6011,276.351,85.6449]}],"id":4467450,"interactionBox":{"center":[0,200,0],"size":[235.247,235.247,147.751]},"pointables":[{"bases":[[[0.823943,0.564782,0.0462555],[-0.459285,0.617759,0.638303],[0.331927,-0.547169,0.768394]],[[0.686856,0.702641,-0.185806],[-0.695945,0.709538,0.110528],[0.209498,0.0533937,0.97635]],[[0.686856,0.702641,-0.185806],[-0.725082,0.644933,-0.24149],[-0.0498486,0.300594,0.952449]],[[0.686856,0.702641,-0.185806],[-0.674666,0.521332,-0.522531],[-0.270286,0.484261,0.832128]]],"btipPosition":[-53.7303,257.109,-9.92422],"carpPosition":[-51.3207,281.13,89.8192],"dipPosition":[-59.9967,268.336,9.36822],"direction":[0.0498486,-0.300594,-0.952449],"extended":false,"handId":903,"id":9030,"length":51.6284,"mcpPosition":[-51.3207,281.13,89.8192],"pipPosition":[-61.6804,278.489,41.5385],"stabilizedTipPosition":[-69.9042,272.458,87.2173],"timeVisible":7.22194,"tipPosition":[-55.9894,259.646,-5.5944],"tipVelocity":[-53.6157,-15.9239,-172.305],"tool":false,"touchDistance":-0.499399,"touchZone":"touching","type":0,"width":20.0604},{"bases":[[[0.840945,-0.440738,-0.313943],[0.510653,0.838307,0.190981],[0.179008,-0.320921,0.930035]],[[0.859222,-0.489516,-0.148702],[0.500894,0.864077,0.0497553],[0.104134,-0.117235,0.98763]],[[0.859222,-0.489516,-0.148702],[0.487566,0.871546,-0.0518387],[0.154976,-0.027961,0.987522]],[[0.859222,-0.489516,-0.148702],[0.473896,0.871051,-0.1292],[0.192772,0.0405426,0.980406]]],"btipPosition":[-58.2782,324.395,-65.0554],"carpPosition":[-33.8264,296.034,84.9992],"dipPosition":[-55.0154,325.082,-48.4614],"direction":[-0.154976,0.027961,-0.987522],"extended":true,"handId":903,"id":9031,"length":58.2569,"mcpPosition":[-46.8727,319.423,17.2175],"pipPosition":[-51.3046,324.412,-24.8161],"stabilizedTipPosition":[-76.2977,325.865,45.2604],"timeVisible":7.22194,"tipPosition":[-57.668,323.567,-61.2359],"tipVelocity":[-27.5294,-7.93707,-174.116],"tool":false,"touchDistance":-0.507355,"touchZone":"hovering","type":1,"width":19.1617},{"bases":[[[0.75794,-0.616454,-0.213333],[0.64928,0.744478,0.155528],[0.0629455,-0.256394,0.964521]],[[0.756969,-0.612746,-0.227024],[0.332821,0.660512,-0.673019],[0.562342,0.433896,0.703922]],[[0.756969,-0.612746,-0.227024],[-0.499319,-0.318279,-0.80584],[0.421519,0.723353,-0.546884]],[[0.756969,-0.612746,-0.227024],[-0.651087,-0.736772,-0.182352],[-0.0555292,0.285847,-0.956665]]],"btipPosition":[-64.9645,263.62,13.9311],"carpPosition":[-22.9222,292.316,80.9902],"dipPosition":[-65.9982,268.942,-3.8782],"direction":[-0.421519,-0.723353,0.546884],"extended":false,"handId":903,"id":9032,"length":66.379,"mcpPosition":[-27.2727,310.037,14.3276],"pipPosition":[-54.124,289.319,-19.284],"stabilizedTipPosition":[-72.2061,268.001,123.775],"timeVisible":7.22194,"tipPosition":[-65.1025,264.662,10.6757],"tipVelocity":[-56.4953,-14.9385,-176.86],"tool":false,"touchDistance":0.333333,"touchZone":"none","type":2,"width":18.8193},{"bases":[[[0.707826,-0.701821,-0.0801837],[0.703448,0.68998,0.170557],[-0.0643752,-0.177129,0.98208]],[[0.708514,-0.699756,-0.0913745],[0.540114,0.621039,-0.567967],[0.454186,0.35306,0.817963]],[[0.708514,-0.699756,-0.0913745],[-0.323985,-0.207511,-0.923024],[0.626931,0.683579,-0.373735]],[[0.708514,-0.699756,-0.0913745],[-0.676574,-0.636742,-0.369874],[0.20064,0.323883,-0.924578]]],"btipPosition":[-50.2418,256.334,7.98533],"carpPosition":[-13.2154,285.723,77.7615],"dipPosition":[-46.5281,262.329,-9.12773],"direction":[-0.626931,-0.683579,0.373735],"extended":false,"handId":903,"id":9033,"length":63.8252,"mcpPosition":[-9.22067,296.715,16.8201],"pipPosition":[-29.3235,281.088,-19.384],"stabilizedTipPosition":[-54.8853,263.317,124.255],"timeVisible":7.22194,"tipPosition":[-49.1653,257.743,5.52317],"tipVelocity":[-67.4841,-23.9552,-224.079],"tool":false,"touchDistance":0.333333,"touchZone":"none","type":3,"width":17.9078},{"bases":[[[0.569593,-0.821898,0.006949],[0.796507,0.554043,0.242099],[-0.202831,-0.132363,0.970227]],[[0.580277,-0.812965,-0.0486458],[0.657001,0.502578,-0.56193],[0.481278,0.294115,0.825753]],[[0.580277,-0.812965,-0.0486458],[-0.339469,-0.187147,-0.921812],[0.740297,0.55142,-0.384573]],[[0.580277,-0.812965,-0.0486458],[-0.766171,-0.524672,-0.371082],[0.276154,0.252601,-0.927325]]],"btipPosition":[-31.5539,255.415,14.2482],"carpPosition":[-7.28748,273.112,75.6189],"dipPosition":[-26.8384,259.728,-1.58627],"direction":[-0.740297,-0.55142,0.384573],"extended":false,"handId":903,"id":9034,"length":50.0378,"mcpPosition":[4.36357,280.715,19.8869],"pipPosition":[-12.4947,270.413,-9.03762],"stabilizedTipPosition":[-35.745,265.013,123.207],"timeVisible":7.22194,"tipPosition":[-30.3792,256.349,11.7999],"tipVelocity":[-64.3001,-28.9053,-201.768],"tool":false,"touchDistance":0.333333,"touchZone":"none","type":4,"width":15.9071}],"r":[[0.830696,-0.517472,0.205345],[0.554985,0.798855,-0.231996],[-0.0439899,0.306682,0.950795]],"s":0.854293,"t":[48.7518,11.331,-216.846],"timestamp":607347694975},false],[4,{"currentFrameRate":110.626,"devices":[],"gestures":[],"hands":[{"armBasis":[[0.73024,-0.252303,-0.634895],[0.534156,0.790237,0.300338],[0.425942,-0.558452,0.711832]],"armWidth":63.1234,"confidence":0.87597,"direction":[0.0421623,0.361268,-0.931508],"elbow":[91.9146,126.774,274.979],"grabStrength":0,"id":903,"palmNormal":[-0.533178,-0.780345,-0.326776],"palmPosition":[-28.4196,295.985,34.5608],"palmVelocity":[-46.621,-26.8341,-157.549],"palmWidth":90.138,"pinchStrength":1,"r":[[0.828953,-0.520042,0.205896],[0.557601,0.797203,-0.231407],[-0.0438001,0.306633,0.950819]],"s":0.853428,"sphereCenter":[-58.4071,274.818,3.59938],"sphereRadius":44.2199,"stabilizedPalmPosition":[-35.6747,305.209,139.227],"t":[48.3231,11.1236,-218.275],"timeVisible":7.23074,"type":"right","wrist":[-22.0128,276.145,84.5836]}],"id":4467451,"interactionBox":{"center":[0,200,0],"size":[235.247,235.247,147.751]},"pointables":[{"bases":[[[0.825122,0.563059,0.0462389],[-0.458022,0.618788,0.638214],[0.33074,-0.547783,0.768469]],[[0.68855,0.701046,-0.185562],[-0.69418,0.71119,0.111013],[0.209795,0.0523753,0.976342]],[[0.68855,0.701046,-0.185562],[-0.72351,0.646681,-0.241531],[-0.049325,0.300562,0.952486]],[[0.68855,0.701046,-0.185562],[-0.672941,0.522304,-0.523782],[-0.270276,0.485523,0.831396]]],"btipPosition":[-54.1647,256.988,-10.9714],"carpPosition":[-51.7225,280.986,88.7558],"dipPosition":[-60.4309,268.245,8.30405],"direction":[0.049325,-0.300562,-0.952486],"extended":false,"handId":903,"id":9030,"length":51.6284,"mcpPosition":[-51.7225,280.986,88.7558],"pipPosition":[-62.0969,278.396,40.4755],"stabilizedTipPosition":[-69.8993,272.453,87.1847],"timeVisible":7.23074,"tipPosition":[-56.4058,259.522,-6.64629],"tipVelocity":[-52.4678,-15.1331,-158.064],"tool":false,"touchDistance":-0.493559,"touchZone":"touching","type":0,"width":20.0604},{"bases":[[[0.840036,-0.442533,-0.313854],[0.5124,0.837255,0.19092],[0.178287,-0.321198,0.930078]],[[0.858149,-0.490934,-0.150212],[0.502791,0.862812,0.0525015],[0.10383,-0.12058,0.987259]],[[0.858149,-0.490934,-0.150212],[0.489378,0.870652,-0.0497529],[0.155208,-0.0308152,0.987401]],[[0.858149,-0.490934,-0.150212],[0.475566,0.870361,-0.127705],[0.193434,0.0381536,0.980371]]],"btipPosition":[-58.5998,324.486,-66.1032],"carpPosition":[-34.1967,295.853,83.9352],"dipPosition":[-55.3258,325.132,-49.5098],"direction":[-0.155208,0.0308152,-0.987401],"extended":true,"handId":903,"id":9031,"length":58.2569,"mcpPosition":[-47.1905,319.262,16.1504],"pipPosition":[-51.6095,324.394,-25.8674],"stabilizedTipPosition":[-76.2973,325.865,45.2583],"timeVisible":7.23074,"tipPosition":[-57.9742,323.632,-62.2895],"tipVelocity":[-29.8796,-3.30079,-159.292],"tool":false,"touchDistance":-0.500672,"touchZone":"hovering","type":1,"width":19.1617},{"bases":[[[0.756657,-0.618064,-0.213229],[0.650831,0.743131,0.155484],[0.0623583,-0.256424,0.964551]],[[0.755694,-0.614355,-0.226922],[0.3343,0.65979,-0.672994],[0.563178,0.432718,0.703978]],[[0.755694,-0.614355,-0.226922],[-0.4999,-0.317239,-0.80589],[0.423115,0.722445,-0.546852]],[[0.755694,-0.614355,-0.226922],[-0.652625,-0.735406,-0.182371],[-0.0548393,0.285911,-0.956686]]],"btipPosition":[-65.3996,263.499,12.8628],"carpPosition":[-23.3002,292.113,79.9272],"dipPosition":[-66.4205,268.822,-4.94689],"direction":[-0.423115,-0.722445,0.546852],"extended":false,"handId":903,"id":9032,"length":66.379,"mcpPosition":[-27.61,309.835,13.2625],"pipPosition":[-54.5013,289.173,-20.3518],"stabilizedTipPosition":[-72.2046,268,123.749],"timeVisible":7.23074,"tipPosition":[-65.5361,264.543,9.60031],"tipVelocity":[-54.5051,-14.6087,-161.922],"tool":false,"touchDistance":0.333333,"touchZone":"none","type":2,"width":18.8193},{"bases":[[[0.706357,-0.703312,-0.0800736],[0.704884,0.688521,0.170521],[-0.0647969,-0.176891,0.982095]],[[0.707052,-0.701244,-0.0912979],[0.542261,0.620508,-0.5665],[0.453906,0.351038,0.818988]],[[0.707052,-0.701244,-0.0912979],[-0.320994,-0.20322,-0.925021],[0.630112,0.683344,-0.368782]],[[0.707052,-0.701244,-0.0912979],[-0.676492,-0.633117,-0.376193],[0.206001,0.32775,-0.922032]]],"btipPosition":[-50.7813,256.119,6.69412],"carpPosition":[-13.607,285.499,76.6997],"dipPosition":[-46.9685,262.185,-10.3718],"direction":[-0.630112,-0.683344,0.368782],"extended":false,"handId":903,"id":9033,"length":63.8252,"mcpPosition":[-9.58612,296.476,15.7573],"pipPosition":[-29.6766,280.938,-20.4922],"stabilizedTipPosition":[-54.8846,263.316,124.239],"timeVisible":7.23074,"tipPosition":[-49.6705,257.56,4.21491],"tipVelocity":[-65.1237,-23.5735,-202.909],"tool":false,"touchDistance":0.333333,"touchZone":"none","type":3,"width":17.9078},{"bases":[[[0.567868,-0.823089,0.00706452],[0.797655,0.552398,0.242082],[-0.203157,-0.131835,0.97023]],[[0.578325,-0.814444,-0.0471189],[0.660054,0.501075,-0.55969],[0.479447,0.292582,0.827361]],[[0.578325,-0.814444,-0.0471189],[-0.334155,-0.183797,-0.924424],[0.744231,0.550362,-0.378445]],[[0.578325,-0.814444,-0.0471189],[-0.764895,-0.521245,-0.378471],[0.283683,0.25492,-0.924413]]],"btipPosition":[-32.0937,255.182,12.963],"carpPosition":[-7.70544,272.875,74.5587],"dipPosition":[-27.2497,259.535,-2.82173],"direction":[-0.744231,-0.550362,0.378445],"extended":false,"handId":903,"id":9034,"length":50.0378,"mcpPosition":[3.96439,280.448,18.8265],"pipPosition":[-12.8297,270.199,-10.1544],"stabilizedTipPosition":[-35.744,265.011,123.184],"timeVisible":7.23074,"tipPosition":[-30.8698,256.141,10.5214],"tipVelocity":[-62.5987,-27.9631,-186.406],"tool":false,"touchDistance":0.333333,"touchZone":"none","type":4,"width":15.9071}],"r":[[0.828953,-0.520042,0.205896],[0.557601,0.797203,-0.231407],[-0.0438001,0.306633,0.950819]],"s":0.853428,"t":[48.3231,11.1236,-218.275],"timestamp":607347703775},false],[5,{"currentFrameRate":110.595,"devices":[],"gestures":[],"hands":[{"armBasis":[[0.729877,-0.25723,-0.633334],[0.535553,0.790948,0.295945],[0.424808,-0.555188,0.715056]],"armWidth":63.1234,"confidence":0.877288,"direction":[0.0433628,0.36099,-0.931561],"elbow":[91.1083,127.513,274.502],"grabStrength":0,"id":903,"palmNormal":[-0.534412,-0.779441,-0.326918],"palmPosition":[-28.8574,295.852,33.2141],"palmVelocity":[-47.04,-23.4732,-154.916],"palmWidth":90.138,"pinchStrength":1,"r":[[0.827338,-0.522388,0.206454],[0.560006,0.795661,-0.230903],[-0.0436467,0.306651,0.950821]],"s":0.853188,"sphereCenter":[-59.0026,274.941,2.24769],"sphereRadius":44.285,"stabilizedPalmPosition":[-35.6725,305.206,139.192],"t":[47.8899,10.953,-219.662],"timeVisible":7.23983,"type":"right","wrist":[-22.5159,276.01,83.2449]}],"id":4467452,"interactionBox":{"center":[0,200,0],"size":[235.247,235.247,147.751]},"pointables":[{"bases":[[[0.826122,0.561562,0.0465974],[-0.457262,0.619761,0.637815],[0.329293,-0.54822,0.768779]],[[0.690313,0.69951,-0.18481],[-0.692361,0.712822,0.111898],[0.21001,0.0507109,0.976383]],[[0.690313,0.69951,-0.18481],[-0.721732,0.647865,-0.243668],[-0.0507156,0.30159,0.952088]],[[0.690313,0.69951,-0.18481],[-0.669969,0.521587,-0.528288],[-0.273148,0.488501,0.828708]]],"btipPosition":[-54.5584,256.887,-12.2547],"carpPosition":[-52.2191,280.907,87.3989],"dipPosition":[-60.8912,268.213,6.95849],"direction":[0.0507156,-0.30159,-0.952088],"extended":false,"handId":903,"id":9030,"length":51.6284,"mcpPosition":[-52.2191,280.907,87.3989],"pipPosition":[-62.6042,278.399,39.1165],"stabilizedTipPosition":[-69.8945,272.449,87.1521],"timeVisible":7.23983,"tipPosition":[-56.8085,259.438,-7.959],"tipVelocity":[-50.3906,-13.5319,-153.795],"tool":false,"touchDistance":-0.492,"touchZone":"touching","type":0,"width":20.0604},{"bases":[[[0.839409,-0.444134,-0.31327],[0.513816,0.83636,0.191037],[0.17716,-0.321322,0.930251]],[[0.857269,-0.492006,-0.151722],[0.504529,0.861511,0.0570002],[0.102666,-0.125413,0.986778]],[[0.857269,-0.492006,-0.151722],[0.491176,0.869869,-0.0455497],[0.154389,-0.0354739,0.987373]],[[0.857269,-0.492006,-0.151722],[0.477354,0.869937,-0.123867],[0.192932,0.0337625,0.980631]]],"btipPosition":[-58.9067,324.774,-67.4491],"carpPosition":[-34.6635,295.741,82.5852],"dipPosition":[-55.6412,325.346,-50.8513],"direction":[-0.154389,0.0354739,-0.987373],"extended":true,"handId":903,"id":9031,"length":58.2569,"mcpPosition":[-47.5751,319.159,14.7879],"pipPosition":[-51.9445,324.496,-27.2095],"stabilizedTipPosition":[-76.297,325.865,45.2563],"timeVisible":7.23983,"tipPosition":[-58.2821,323.858,-63.6393],"tipVelocity":[-31.0103,5.86762,-156.121],"tool":false,"touchDistance":-0.499111,"touchZone":"hovering","type":1,"width":19.1617},{"bases":[[[0.755652,-0.61949,-0.212656],[0.652096,0.741975,0.155702],[0.0613298,-0.256329,0.964642]],[[0.754703,-0.615782,-0.226352],[0.335955,0.659081,-0.672864],[0.563522,0.431769,0.704286]],[[0.754703,-0.615782,-0.226352],[-0.499966,-0.316423,-0.80617],[0.424803,0.721588,-0.546675]],[[0.754703,-0.615782,-0.226352],[-0.653863,-0.734234,-0.182654],[-0.0537198,0.285853,-0.956767]]],"btipPosition":[-65.8846,263.43,11.4955],"carpPosition":[-23.7714,291.979,78.5844],"dipPosition":[-66.8846,268.752,-6.31567],"direction":[-0.424803,-0.721588,0.546676],"extended":false,"handId":903,"id":9032,"length":66.379,"mcpPosition":[-28.0102,309.695,11.9134],"pipPosition":[-54.9179,289.079,-21.7156],"stabilizedTipPosition":[-72.2033,267.999,123.724],"timeVisible":7.23983,"tipPosition":[-66.018,264.475,8.22564],"tipVelocity":[-54.0304,-12.6796,-158.717],"tool":false,"touchDistance":0.333333,"touchZone":"none","type":2,"width":18.8193},{"bases":[[[0.705118,-0.704618,-0.0795118],[0.70604,0.68727,0.170782],[-0.0656902,-0.17656,0.982095]],[[0.705835,-0.702516,-0.0909303],[0.54409,0.619851,-0.565465],[0.453612,0.349651,0.819744]],[[0.705835,-0.702516,-0.0909303],[-0.318272,-0.199828,-0.926699],[0.632851,0.683037,-0.364637]],[[0.705835,-0.702516,-0.0909303],[-0.676251,-0.630032,-0.381763],[0.210906,0.330954,-0.919776]]],"btipPosition":[-51.3603,255.957,5.16939],"carpPosition":[-14.0885,285.347,75.3639],"dipPosition":[-47.4567,262.083,-11.8548],"direction":[-0.632851,-0.683037,0.364637],"extended":false,"handId":903,"id":9033,"length":63.8252,"mcpPosition":[-10.0122,296.303,14.4215],"pipPosition":[-30.0896,280.827,-21.8614],"stabilizedTipPosition":[-54.884,263.315,124.222],"timeVisible":7.23983,"tipPosition":[-50.2177,257.427,2.6666],"tipVelocity":[-64.08,-21.5513,-192.842],"tool":false,"touchDistance":0.333333,"touchZone":"none","type":3,"width":17.9078},{"bases":[[[0.56636,-0.824123,0.00757162],[0.798521,0.550993,0.242427],[-0.203961,-0.131255,0.97014]],[[0.576614,-0.815766,-0.0451971],[0.66309,0.499581,-0.557433],[0.477314,0.291454,0.828991]],[[0.576614,-0.815766,-0.0451971],[-0.328482,-0.180821,-0.92704],[0.748075,0.549391,-0.372228]],[[0.576614,-0.815766,-0.0451971],[-0.763238,-0.518096,-0.386063],[0.291521,0.257106,-0.921364]]],"btipPosition":[-32.6844,255.007,11.4089],"carpPosition":[-8.20871,272.712,73.2291],"dipPosition":[-27.7066,259.397,-4.32374],"direction":[-0.748075,-0.549391,0.372228],"extended":false,"handId":903,"id":9034,"length":50.0378,"mcpPosition":[3.50728,280.251,17.5021],"pipPosition":[-13.2121,270.042,-11.5359],"stabilizedTipPosition":[-35.7431,265.01,123.16],"timeVisible":7.23983,"tipPosition":[-31.4111,255.99,8.9702],"tipVelocity":[-62.3102,-25.2904,-181.732],"tool":false,"touchDistance":0.333333,"touchZone":"none","type":4,"width":15.9071}],"r":[[0.827338,-0.522388,0.206454],[0.560006,0.795661,-0.230903],[-0.0436467,0.306651,0.950821]],"s":0.853188,"t":[47.8899,10.953,-219.662],"timestamp":607347712871},false],[6,{"currentFrameRate":110.611,"devices":[],"gestures":[],"hands":[{"armBasis":[[0.73143,-0.258437,-0.631047],[0.534834,0.791503,0.295763],[0.423039,-0.553835,0.71715]],"armWidth":63.1234,"confidence":0.878524,"direction":[0.0441179,0.360024,-0.931899],"elbow":[90.1319,127.807,273.718],"grabStrength":0,"id":903,"palmNormal":[-0.533671,-0.780069,-0.326632],"palmPosition":[-29.3204,295.728,31.842],"palmVelocity":[-48.2307,-20.8065,-154.185],"palmWidth":90.138,"pinchStrength":1,"r":[[0.826054,-0.52413,0.207178],[0.561891,0.794433,-0.230554],[-0.0437485,0.306862,0.950748]],"s":0.853514,"sphereCenter":[-59.6137,275.052,0.887773],"sphereRadius":44.3598,"stabilizedPalmPosition":[-35.6705,305.203,139.158],"t":[47.4418,10.8056,-221.042],"timeVisible":7.24885,"type":"right","wrist":[-23.0192,275.942,81.9002]}],"id":4467453,"interactionBox":{"center":[0,200,0],"size":[235.247,235.247,147.751]},"pointables":[{"bases":[[[0.825779,0.562045,0.0468389],[-0.458234,0.620196,0.636693],[0.328801,-0.547231,0.769693]],[[0.69043,0.699488,-0.184455],[-0.692398,0.712843,0.111532],[0.209502,0.0507116,0.976492]],[[0.69043,0.699488,-0.184455],[-0.721476,0.647251,-0.246045],[-0.0527165,0.302956,0.951545]],[[0.69043,0.699488,-0.184455],[-0.668806,0.52005,-0.531268],[-0.27569,0.490168,0.82688]]],"btipPosition":[-54.9168,256.723,-13.5794],"carpPosition":[-52.7292,280.828,86.0188],"dipPosition":[-61.3085,268.088,5.5914],"direction":[0.0527165,-0.302956,-0.951545],"extended":false,"handId":903,"id":9030,"length":51.6284,"mcpPosition":[-52.7292,280.828,86.0188],"pipPosition":[-63.0891,278.32,37.7311],"stabilizedTipPosition":[-69.8902,272.445,87.1211],"timeVisible":7.24885,"tipPosition":[-57.1668,259.274,-9.29944],"tipVelocity":[-47.8845,-14.536,-152.223],"tool":false,"touchDistance":-0.49115,"touchZone":"touching","type":0,"width":20.0604},{"bases":[[[0.839959,-0.444024,-0.311948],[0.513183,0.836832,0.190671],[0.176386,-0.320242,0.93077]],[[0.857604,-0.491158,-0.152574],[0.504218,0.861407,0.0611692],[0.101384,-0.129389,0.986397]],[[0.857604,-0.491158,-0.152574],[0.491045,0.870165,-0.0410734],[0.152938,-0.0396958,0.987438]],[[0.857604,-0.491158,-0.152574],[0.477359,0.870571,-0.119305],[0.191424,0.0294841,0.981065]]],"btipPosition":[-59.2484,324.964,-68.8576],"carpPosition":[-35.1764,295.666,81.2073],"dipPosition":[-56.0084,325.463,-52.2524],"direction":[-0.152938,0.0396958,-0.987438],"extended":true,"handId":903,"id":9031,"length":58.2569,"mcpPosition":[-48.0316,319.005,13.3721],"pipPosition":[-52.3465,324.512,-28.6091],"stabilizedTipPosition":[-76.2967,325.865,45.2544],"timeVisible":7.24885,"tipPosition":[-58.6301,323.982,-65.0495],"tipVelocity":[-33.0868,9.51882,-156.116],"tool":false,"touchDistance":-0.498635,"touchZone":"hovering","type":1,"width":19.1617},{"bases":[[[0.756192,-0.619318,-0.211233],[0.651548,0.742483,0.155576],[0.0604861,-0.255274,0.964975]],[[0.755255,-0.615625,-0.224935],[0.336348,0.658589,-0.67315],[0.562547,0.432744,0.704467]],[[0.755255,-0.615625,-0.224935],[-0.49894,-0.317467,-0.806395],[0.425027,0.721263,-0.546929]],[[0.755255,-0.615625,-0.224935],[-0.653296,-0.734754,-0.182597],[-0.0528603,0.284856,-0.957112]]],"btipPosition":[-66.309,263.265,10.1145],"carpPosition":[-24.2784,291.906,77.2214],"dipPosition":[-67.293,268.568,-7.70315],"direction":[-0.425027,-0.721263,0.546929],"extended":false,"handId":903,"id":9032,"length":66.379,"mcpPosition":[-28.4588,309.549,10.5274],"pipPosition":[-55.3199,288.886,-23.1102],"stabilizedTipPosition":[-72.2021,267.999,123.7],"timeVisible":7.24885,"tipPosition":[-66.4404,264.308,6.83656],"tipVelocity":[-52.0108,-14.3608,-157.258],"tool":false,"touchDistance":0.333333,"touchZone":"none","type":2,"width":18.8193},{"bases":[[[0.705568,-0.704331,-0.0780495],[0.705506,0.687822,0.170769],[-0.0665933,-0.175553,0.982215]],[[0.706311,-0.702192,-0.0897297],[0.544643,0.620006,-0.564762],[0.452205,0.350027,0.820361]],[[0.706311,-0.702192,-0.0897297],[-0.315193,-0.198452,-0.928046],[0.63386,0.683771,-0.361495]],[[0.706311,-0.702192,-0.0897297],[-0.674592,-0.629222,-0.386013],[0.214596,0.333176,-0.918119]]],"btipPosition":[-51.8382,255.745,3.67167],"carpPosition":[-14.5887,285.276,74.0178],"dipPosition":[-47.8662,261.912,-13.3218],"direction":[-0.63386,-0.683771,0.361495],"extended":false,"handId":903,"id":9033,"length":63.8252,"mcpPosition":[-10.4563,296.169,13.068],"pipPosition":[-30.4714,280.677,-23.2422],"stabilizedTipPosition":[-54.8834,263.314,124.204],"timeVisible":7.24885,"tipPosition":[-50.675,257.237,1.14587],"tipVelocity":[-60.5615,-21.807,-185.3],"tool":false,"touchDistance":0.333333,"touchZone":"none","type":3,"width":17.9078},{"bases":[[[0.566785,-0.823816,0.00901991],[0.797985,0.55167,0.242651],[-0.204876,-0.130333,0.970072]],[[0.576872,-0.815726,-0.0425474],[0.664507,0.498949,-0.55631],[0.475025,0.292646,0.829885]],[[0.576872,-0.815726,-0.0425474],[-0.323399,-0.180252,-0.928936],[0.750088,0.549637,-0.367787]],[[0.576872,-0.815726,-0.0425474],[-0.760644,-0.517474,-0.391972],[0.297724,0.258481,-0.918993]]],"btipPosition":[-33.188,254.814,9.92828],"carpPosition":[-8.70012,272.641,71.9024],"dipPosition":[-28.1043,259.227,-5.76389],"direction":[-0.750088,-0.549637,0.367787],"extended":false,"handId":903,"id":9034,"length":50.0378,"mcpPosition":[3.06843,280.128,16.1793],"pipPosition":[-13.5708,269.877,-12.89],"stabilizedTipPosition":[-35.7424,265.008,123.137],"timeVisible":7.24885,"tipPosition":[-31.8733,255.818,7.48001],"tipVelocity":[-59.8,-24.0844,-176.655],"tool":false,"touchDistance":0.333333,"touchZone":"n