{"sensorType":"Leap","data":[[0,{"currentFrameRate":106.465,"devices":[],"gestures":[],"hands":[{"armBasis":[[0.718556,-0.298579,-0.628115],[0.580565,0.75478,0.30537],[0.382912,-0.584087,0.715696]],"armWidth":63.1234,"confidence":0.9374,"direction":[-0.0205978,0.43914,-0.898182],"elbow":[78.7191,118.097,273.714],"grabStrength":0,"id":897,"palmNormal":[-0.582092,-0.735676,-0.346338],"palmPosition":[-33.4302,298.561,34.7999],"palmVelocity":[4.95591,13.1429,-107.258],"palmWidth":90.138,"pinchStrength":1,"r":[[0.960356,0.0351413,0.276552],[0.01578,0.98358,-0.17978],[-0.278329,0.177017,0.944033]],"s":0.863662,"sphereCenter":[-62.6976,277.336,2.47461],"sphereRadius":45.0461,"stabilizedPalmPosition":[-47.8569,309.715,183.32],"t":[14.4182,-11.2496,-148.362],"timeVisible":0.686957,"type":"right","wrist":[-23.699,274.324,82.285]}],"id":4463306,"interactionBox":{"center":[0,200,0],"size":[235.247,235.247,147.751]},"pointables":[{"bases":[[[0.843713,0.536186,0.0255513],[-0.385828,0.572649,0.723333],[0.373209,-0.620144,0.690027]],[[0.681537,0.705356,-0.194883],[-0.587245,0.686073,0.429472],[0.436635,-0.178257,0.881802]],[[0.681537,0.705356,-0.194883],[-0.721114,0.692657,-0.0148634],[0.124503,0.150663,0.980714]],[[0.681537,0.705356,-0.194883],[-0.711469,0.576376,-0.401997],[-0.171225,0.412629,0.894662]]],"btipPosition":[-74.6402,273.688,-8.20113],"carpPosition":[-52.813,279.528,89.2713],"dipPosition":[-78.6099,283.254,12.5411],"direction":[-0.124503,-0.150663,-0.980714],"extended":false,"handId":897,"id":8970,"length":51.6284,"mcpPosition":[-52.813,279.528,89.2713],"pipPosition":[-74.4047,288.343,45.666],"stabilizedTipPosition":[-98.7898,289.433,122.419],"timeVisible":0.686957,"tipPosition":[-75.6622,274.934,-3.58842],"tipVelocity":[21.8065,16.9187,-108.772],"tool":false,"touchDistance":-0.415523,"touchZone":"touching","type":0,"width":20.0604},{"bases":[[[0.797864,-0.434638,-0.417736],[0.552394,0.804598,0.217905],[0.2414,-0.404614,0.882051]],[[0.816201,-0.468964,-0.337474],[0.532487,0.837249,0.124384],[0.224219,-0.281223,0.933081]],[[0.816201,-0.468964,-0.337474],[0.504924,0.862881,0.0221046],[0.280834,-0.188441,0.941075]],[[0.816201,-0.468964,-0.337474],[0.47939,0.875717,-0.0574882],[0.322492,-0.11486,0.939578]]],"btipPosition":[-74.5803,342.227,-58.1371],"carpPosition":[-35.2615,294.313,84.2956],"dipPosition":[-69.1219,340.283,-42.2342],"direction":[-0.280834,0.188441,-0.941075],"extended":true,"handId":897,"id":8971,"length":58.2569,"mcpPosition":[-52.8549,323.802,20.011],"pipPosition":[-62.3976,335.771,-19.701],"stabilizedTipPosition":[-108.153,355.086,109.356],"timeVisible":0.686957,"tipPosition":[-73.3642,340.466,-54.6951],"tipVelocity":[6.03832,18.7318,-112.111],"tool":false,"touchDistance":-0.431016,"touchZone":"touching","type":1,"width":19.1617},{"bases":[[[0.717204,-0.61606,-0.325713],[0.684496,0.710456,0.163457],[0.130705,-0.340181,0.931232]],[[0.719691,-0.622786,-0.306892],[0.387405,0.727027,-0.566877],[0.576161,0.289085,0.764505]],[[0.719691,-0.622786,-0.306892],[-0.462555,-0.100455,-0.880881],[0.517772,0.775916,-0.360369]],[[0.719691,-0.622786,-0.306892],[-0.69291,-0.616378,-0.374104],[0.0438256,0.481888,-0.875136]]],"btipPosition":[-76.7895,269.541,4.68455],"carpPosition":[-24.8432,290.661,79.1076],"dipPosition":[-75.9737,278.512,-11.607],"direction":[-0.517772,-0.775916,0.360369],"extended":false,"handId":897,"id":8972,"length":66.379,"mcpPosition":[-33.8768,314.173,14.7457],"pipPosition":[-61.388,300.369,-21.7587],"stabilizedTipPosition":[-89.0541,275.496,181.332],"timeVisible":0.686957,"tipPosition":[-76.7474,271.282,1.27952],"tipVelocity":[25.4078,-8.02557,-101.136],"tool":false,"touchDistance":0.333333,"touchZone":"none","type":2,"width":18.8193},{"bases":[[[0.674967,-0.711198,-0.196513],[0.737805,0.653419,0.169371],[0.00794908,-0.259308,0.965762]],[[0.674575,-0.722783,-0.150113],[0.491304,0.591347,-0.639476],[0.550971,0.357623,0.754014]],[[0.674575,-0.722783,-0.150113],[-0.422543,-0.211312,-0.881365],[0.605315,0.657976,-0.447953]],[[0.674575,-0.722783,-0.150113],[-0.72409,-0.608272,-0.325113],[0.143677,0.328009,-0.933685]]],"btipPosition":[-59.804,260.245,10.8242],"carpPosition":[-15.6533,284.111,74.5521],"dipPosition":[-57.1447,266.316,-6.4574],"direction":[-0.605315,-0.657976,0.447953],"extended":false,"handId":897,"id":8973,"length":63.8252,"mcpPosition":[-16.1466,300.202,14.6232],"pipPosition":[-40.5332,284.373,-18.7504],"stabilizedTipPosition":[-77.2569,269.734,172.805],"timeVisible":0.686957,"tipPosition":[-59.3802,261.537,6.46492],"tipVelocity":[29.3744,-2.24316,-74.0032],"tool":false,"touchDistance":0.333333,"touchZone":"none","type":3,"width":17.9078},{"bases":[[[0.540103,-0.834552,-0.108682],[0.83159,0.509354,0.221397],[-0.12941,-0.209956,0.969109]],[[0.508124,-0.858679,0.0669401],[0.680658,0.352724,-0.642099],[0.527745,0.371829,0.763694]],[[0.508124,-0.858679,0.0669401],[-0.353621,-0.27886,-0.892855],[0.785342,0.43001,-0.445342]],[[0.508124,-0.858679,0.0669401],[-0.79316,-0.496813,-0.352243],[0.33572,0.125889,-0.933512]]],"btipPosition":[-42.3476,260.13,13.032],"carpPosition":[-10.3462,271.575,70.8817],"dipPosition":[-36.6151,262.279,-2.90809],"direction":[-0.785342,-0.43001,0.445342],"extended":false,"handId":897,"id":8974,"length":50.0378,"mcpPosition":[-2.91262,283.635,15.2139],"pipPosition":[-21.3985,270.611,-11.5369],"stabilizedTipPosition":[-59.1861,269.081,164.836],"timeVisible":0.686957,"tipPosition":[-41.1572,260.362,9.45357],"tipVelocity":[26.5853,11.4455,-82.1736],"tool":false,"touchDistance":0.333333,"touchZone":"none","type":4,"width":15.9071}],"r":[[0.960356,0.0351413,0.276552],[0.01578,0.98358,-0.17978],[-0.278329,0.177017,0.944033]],"s":0.863662,"t":[14.4182,-11.2496,-148.362],"timestamp":607308892594},false],[1,{"currentFrameRate":106.682,"devices":[],"gestures":[],"hands":[{"armBasis":[[0.721846,-0.29682,-0.625169],[0.577028,0.756864,0.306913],[0.38207,-0.582283,0.717613]],"armWidth":63.1234,"confidence":0.938692,"direction":[-0.0210077,0.441175,-0.897175],"elbow":[78.6476,118.565,273.173],"grabStrength":0,"id":897,"palmNormal":[-0.578627,-0.737174,-0.348948],"palmPosition":[-33.3022,298.62,33.7889],"palmVelocity":[7.50266,11.3253,-108.728],"palmWidth":90.138,"pinchStrength":1,"r":[[0.959771,0.0386387,0.278113],[0.0126531,0.983529,-0.180309],[-0.280499,0.176574,0.943473]],"s":0.865978,"sphereCenter":[-62.5242,277.514,1.41937],"sphereRadius":45.0499,"stabilizedPalmPosition":[-47.8567,309.715,183.318],"t":[14.5073,-11.1819,-149.351],"timeVisible":0.695934,"type":"right","wrist":[-23.5454,274.309,81.2314]}],"id":4463307,"interactionBox":{"center":[0,200,0],"size":[235.247,235.247,147.751]},"pointables":[{"bases":[[[0.841524,0.53949,0.0280866],[-0.389197,0.569392,0.724098],[0.374651,-0.620277,0.689125]],[[0.679953,0.707894,-0.191181],[-0.588733,0.682476,0.433152],[0.437102,-0.181968,0.880812]],[[0.679953,0.707894,-0.191181],[-0.722921,0.690803,-0.0132679],[0.122676,0.14723,0.981465]],[[0.679953,0.707894,-0.191181],[-0.712456,0.576154,-0.400565],[-0.173408,0.408574,0.896101]]],"btipPosition":[-74.4284,273.934,-9.29623],"carpPosition":[-52.6904,279.381,88.186],"dipPosition":[-78.4487,283.406,11.4794],"direction":[-0.122676,-0.14723,-0.981465],"extended":false,"handId":897,"id":8970,"length":51.6284,"mcpPosition":[-52.6904,279.381,88.186],"pipPosition":[-74.3052,288.379,44.6297],"stabilizedTipPosition":[-98.7651,289.419,122.285],"timeVisible":0.695934,"tipPosition":[-75.4185,275.141,-4.68034],"tipVelocity":[21.9412,19.1306,-112.159],"tool":false,"touchDistance":-0.418615,"touchZone":"touching","type":0,"width":20.0604},{"bases":[[[0.80022,-0.430459,-0.417556],[0.548846,0.806281,0.220633],[0.241694,-0.405729,0.881458]],[[0.818247,-0.464199,-0.339103],[0.529607,0.838127,0.130614],[0.22358,-0.286466,0.931638]],[[0.818247,-0.464199,-0.339103],[0.501872,0.864502,0.0275853],[0.28035,-0.192758,0.940345]],[[0.818247,-0.464199,-0.339103],[0.476123,0.877796,-0.0527443],[0.322147,-0.118297,0.93927]]],"btipPosition":[-74.4864,342.627,-59.0337],"carpPosition":[-35.1907,294.247,83.2716],"dipPosition":[-69.0338,340.625,-43.136],"direction":[-0.28035,0.192758,-0.940345],"extended":true,"handId":897,"id":8971,"length":58.2569,"mcpPosition":[-52.8055,323.817,19.0303],"pipPosition":[-62.3211,336.009,-20.6203],"stabilizedTipPosition":[-108.153,355.085,109.354],"timeVisible":0.695934,"tipPosition":[-73.2651,340.857,-55.602],"tipVelocity":[7.21062,25.4054,-108.797],"tool":false,"touchDistance":-0.429716,"touchZone":"touching","type":1,"width":19.1617},{"bases":[[[0.720148,-0.612419,-0.326082],[0.681405,0.712795,0.166163],[0.130669,-0.341856,0.930624]],[[0.722761,-0.619542,-0.306242],[0.383215,0.728036,-0.568427],[0.57512,0.29348,0.763614]],[[0.722761,-0.619542,-0.306242],[-0.463518,-0.105884,-0.879738],[0.512609,0.777789,-0.363698]],[[0.722761,-0.619542,-0.306242],[-0.689947,-0.621288,-0.371448],[0.0398629,0.479759,-0.876494]]],"btipPosition":[-76.425,269.422,3.87133],"carpPosition":[-24.7501,290.65,78.0907],"dipPosition":[-75.6829,278.353,-12.4455],"direction":[-0.512609,-0.777789,0.363698],"extended":false,"handId":897,"id":8972,"length":66.379,"mcpPosition":[-33.7812,314.277,13.7709],"pipPosition":[-61.2427,300.263,-22.6909],"stabilizedTipPosition":[-89.0534,275.496,181.322],"timeVisible":0.695934,"tipPosition":[-76.4077,271.218,0.314379],"tipVelocity":[29.0538,-9.74161,-98.4244],"tool":false,"touchDistance":0.333333,"touchZone":"none","type":2,"width":18.8193},{"bases":[[[0.678098,-0.70803,-0.197171],[0.734933,0.655959,0.172023],[0.00753901,-0.261556,0.965159]],[[0.677682,-0.719737,-0.150753],[0.489508,0.59452,-0.637909],[0.548753,0.358504,0.755212]],[[0.677682,-0.719737,-0.150753],[-0.421136,-0.211805,-0.88192],[0.60282,0.661149,-0.446644]],[[0.677682,-0.719737,-0.150753],[-0.721356,-0.610847,-0.326361],[0.142807,0.329915,-0.933146]]],"btipPosition":[-59.4698,260.259,9.74427],"carpPosition":[-15.5273,284.147,73.5336],"dipPosition":[-56.8265,266.366,-7.52739],"direction":[-0.60282,-0.661148,0.446644],"extended":false,"handId":897,"id":8973,"length":63.8252,"mcpPosition":[-15.9951,300.377,13.6422],"pipPosition":[-40.2836,284.509,-19.7845],"stabilizedTipPosition":[-77.2516,269.732,172.757],"timeVisible":0.695934,"tipPosition":[-59.047,261.563,5.37723],"tipVelocity":[31.4135,-0.960834,-86.6185],"tool":false,"touchDistance":0.333333,"touchZone":"none","type":3,"width":17.9078},{"bases":[[[0.543597,-0.832129,-0.109834],[0.829215,0.512146,0.22385],[-0.130021,-0.21276,0.968415]],[[0.511032,-0.856908,0.0674868],[0.679024,0.354311,-0.642955],[0.527042,0.374396,0.762925]],[[0.511032,-0.856908,0.0674868],[-0.354768,-0.281782,-0.891481],[0.782934,0.431634,-0.448003]],[[0.511032,-0.856908,0.0674868],[-0.792279,-0.500028,-0.349667],[0.333378,0.125223,-0.93444]]],"btipPosition":[-42.0197,260.246,12.1262],"carpPosition":[-10.1647,271.641,69.8417],"dipPosition":[-36.3271,262.385,-3.82972],"direction":[-0.782934,-0.431634,0.448003],"extended":false,"handId":897,"id":8974,"length":50.0378,"mcpPosition":[-2.69597,283.862,14.2138],"pipPosition":[-21.1572,270.748,-12.5101],"stabilizedTipPosition":[-59.181,269.078,164.793],"timeVisible":0.695934,"tipPosition":[-40.8275,260.488,8.46149],"tipVelocity":[29.0298,11.7932,-87.4157],"tool":false,"touchDistance":0.333333,"touchZone":"none","type":4,"width":15.9071}],"r":[[0.959771,0.0386387,0.278113],[0.0126531,0.983529,-0.180309],[-0.280499,0.176574,0.943473]],"s":0.865978,"t":[14.5073,-11.1819,-149.351],"timestamp":607308901571},false],[2,{"currentFrameRate":106.865,"devices":[],"gestures":[],"hands":[{"armBasis":[[0.728714,-0.291915,-0.619484],[0.569502,0.760697,0.311461],[0.38032,-0.579763,0.720577]],"armWidth":63.1234,"confidence":0.879341,"direction":[-0.0184051,0.442902,-0.896381],"elbow":[78.0631,119.48,272.076],"grabStrength":0,"id":897,"palmNormal":[-0.571009,-0.740599,-0.354206],"palmPosition":[-33.2877,298.89,31.8873],"palmVelocity":[5.88266,16.4365,-136.803],"palmWidth":90.138,"pinchStrength":1,"r":[[0.958869,0.0427063,0.280618],[0.00896347,0.983568,-0.180314],[-0.283708,0.175413,0.94273]],"s":0.869358,"sphereCenter":[-62.4294,278.112,-0.486589],"sphereRadius":44.9749,"stabilizedPalmPosition":[-47.8566,309.715,183.316],"t":[14.5591,-11.0132,-150.797],"timeVisible":0.704956,"type":"right","wrist":[-23.6617,274.55,79.3419]}],"id":4463308,"interactionBox":{"center":[0,200,0],"size":[235.247,235.247,147.751]},"pointables":[{"bases":[[[0.837397,0.545496,0.0346464],[-0.397979,0.565038,0.722734],[0.374672,-0.619004,0.690257]],[[0.676714,0.712733,-0.184581],[-0.595057,0.677106,0.432938],[0.43355,-0.183139,0.882323]],[[0.676714,0.712733,-0.184581],[-0.727244,0.686177,-0.0166579],[0.114783,0.145508,0.982676]],[[0.676714,0.712733,-0.184581],[-0.71329,0.572559,-0.404221],[-0.182418,0.405202,0.895843]]],"btipPosition":[-73.9739,274.143,-11.4738],"carpPosition":[-52.8871,279.396,86.1181],"dipPosition":[-78.2031,283.538,9.29581],"direction":[-0.114783,-0.145508,-0.982676],"extended":false,"handId":897,"id":8970,"length":51.6284,"mcpPosition":[-52.8871,279.396,86.1181],"pipPosition":[-74.3262,288.453,42.487],"stabilizedTipPosition":[-98.7459,289.408,122.181],"timeVisible":0.704956,"tipPosition":[-74.9905,275.338,-6.86656],"tipVelocity":[28.2996,19.7166,-147.753],"tool":false,"touchDistance":-0.437772,"touchZone":"touching","type":0,"width":20.0604},{"bases":[[[0.805996,-0.423785,-0.413252],[0.541558,0.809759,0.225843],[0.238926,-0.405829,0.882166]],[[0.823437,-0.456854,-0.336505],[0.523269,0.840753,0.139012],[0.21941,-0.29055,0.931365]],[[0.823437,-0.456854,-0.336505],[0.495808,0.867719,0.0352026],[0.275909,-0.195829,0.941023]],[[0.823437,-0.456854,-0.336505],[0.470229,0.88135,-0.0458949],[0.317546,-0.120443,0.940563]]],"btipPosition":[-74.1962,343.07,-61.0358],"carpPosition":[-35.464,294.399,81.3477],"dipPosition":[-68.8216,341.031,-45.1162],"direction":[-0.275909,0.195829,-0.941023],"extended":true,"handId":897,"id":8971,"length":58.2569,"mcpPosition":[-52.8771,323.976,17.0548],"pipPosition":[-62.2152,336.342,-22.5842],"stabilizedTipPosition":[-108.152,355.085,109.353],"timeVisible":0.704956,"tipPosition":[-72.979,341.295,-57.6078],"tipVelocity":[13.5281,31.6686,-139.765],"tool":false,"touchDistance":-0.445032,"touchZone":"touching","type":1,"width":19.1617},{"bases":[[[0.726654,-0.606511,-0.322674],[0.675139,0.717349,0.17204],[0.127126,-0.342863,0.930744]],[[0.729292,-0.613955,-0.301981],[0.380294,0.730642,-0.567044],[0.56878,0.298699,0.766334]],[[0.729292,-0.613955,-0.301981],[-0.458836,-0.111455,-0.881503],[0.507546,0.781432,-0.362988]],[[0.729292,-0.613955,-0.301981],[-0.68305,-0.627704,-0.373403],[0.0396979,0.478587,-0.877142]]],"btipPosition":[-75.9461,269.4,1.86161],"carpPosition":[-24.9644,290.888,76.2271],"dipPosition":[-75.207,278.309,-14.4673],"direction":[-0.507546,-0.781432,0.362988],"extended":false,"handId":897,"id":8972,"length":66.379,"mcpPosition":[-33.7507,314.585,11.899],"pipPosition":[-60.9094,300.322,-24.6927],"stabilizedTipPosition":[-89.0527,275.496,181.313],"timeVisible":0.704956,"tipPosition":[-75.9346,271.233,-1.79587],"tipVelocity":[35.6458,-7.88375,-132.719],"tool":false,"touchDistance":0.333333,"touchZone":"none","type":2,"width":18.8193},{"bases":[[[0.684466,-0.702695,-0.194235],[0.729038,0.660888,0.178129],[0.00319741,-0.263528,0.964646]],[[0.683819,-0.71462,-0.147342],[0.474901,0.58921,-0.653683],[0.55395,0.377028,0.742286]],[[0.683819,-0.71462,-0.147342],[-0.432046,-0.233838,-0.871009],[0.587986,0.659271,-0.468652]],[[0.683819,-0.71462,-0.147342],[-0.718054,-0.623224,-0.309824],[0.12958,0.317663,-0.939308]]],"btipPosition":[-58.9168,260.155,9.24902],"carpPosition":[-15.6655,284.461,71.7165],"dipPosition":[-56.5184,266.034,-8.13667],"direction":[-0.587986,-0.659271,0.468652],"extended":false,"handId":897,"id":8973,"length":63.8252,"mcpPosition":[-15.8639,300.814,11.8568],"pipPosition":[-40.3825,284.126,-20.9977],"stabilizedTipPosition":[-77.2462,269.729,172.71],"timeVisible":0.704956,"tipPosition":[-58.4941,261.555,4.39636],"tipVelocity":[37.9185,-5.46878,-78.6892],"tool":false,"touchDistance":0.333333,"touchZone":"none","type":3,"width":17.9078},{"bases":[[[0.550305,-0.827946,-0.108026],[0.824022,0.517652,0.23027],[-0.134731,-0.215735,0.967112]],[[0.516432,-0.853424,0.0704643],[0.676076,0.355841,-0.645212],[0.525565,0.380847,0.760747]],[[0.516432,-0.853424,0.0704643],[-0.356109,-0.288867,-0.888674],[0.778771,0.433847,-0.453093]],[[0.516432,-0.853424,0.0704643],[-0.789791,-0.506491,-0.345972],[0.33095,0.123019,-0.935595]]],"btipPosition":[-41.5994,260.548,10.5876],"carpPosition":[-10.1888,272.003,68.0336],"dipPosition":[-35.9483,262.648,-5.3881],"direction":[-0.778771,-0.433847,0.453093],"extended":false,"handId":897,"id":8974,"length":50.0378,"mcpPosition":[-2.44954,284.395,12.4805],"pipPosition":[-20.8591,271.054,-14.1671],"stabilizedTipPosition":[-59.1765,269.076,164.756],"timeVisible":0.704956,"tipPosition":[-40.3814,260.803,6.74273],"tipVelocity":[33.5683,17.4755,-110.427],"tool":false,"touchDistance":0.333333,"touchZone":"none","type":4,"width":15.9071}],"r":[[0.958869,0.0427063,0.280618],[0.00896347,0.983568,-0.180314],[-0.283708,0.175413,0.94273]],"s":0.869358,"t":[14.5591,-11.0132,-150.797],"timestamp":607308910593},false],[3,{"currentFrameRate":107.034,"devices":[],"gestures":[],"hands":[{"armBasis":[[0.732926,-0.288892,-0.615922],[0.564441,0.763629,0.313492],[0.379771,-0.577418,0.722746]],"armWidth":63.1234,"confidence":0.890297,"direction":[-0.0168592,0.444269,-0.895735],"elbow":[77.9285,120.158,271.504],"grabStrength":0,"id":897,"palmNormal":[-0.565944,-0.742779,-0.357754],"palmPosition":[-33.1978,298.971,30.7346],"palmVelocity":[7.0033,14.3807,-134.263],"palmWidth":90.138,"pinchStrength":1,"r":[[0.957852,0.0467949,0.283425],[0.00520621,0.983653,-0.180001],[-0.287215,0.17389,0.94195]],"s":0.872968,"sphereCenter":[-62.2884,278.435,-1.621],"sphereRadius":44.9051,"stabilizedPalmPosition":[-47.8565,309.715,183.315],"t":[14.63,-10.8883,-152.096],"timeVisible":0.713991,"type":"right","wrist":[-23.6495,274.601,78.1892]}],"id":4463309,"interactionBox":{"center":[0,200,0],"size":[235.247,235.247,147.751]},"pointables":[{"bases":[[[0.83459,0.54949,0.0389834],[-0.403691,0.561923,0.721995],[0.374823,-0.618307,0.6908]],[[0.67492,0.715689,-0.179645],[-0.598431,0.673325,0.434182],[0.431699,-0.185533,0.882731]],[[0.67492,0.715689,-0.179645],[-0.729751,0.683454,-0.0188286],[0.109304,0.143804,0.983551]],[[0.67492,0.715689,-0.179645],[-0.713635,0.571184,-0.405554],[-0.18764,0.401917,0.896244]]],"btipPosition":[-73.6148,274.293,-12.7984],"carpPosition":[-52.9257,279.294,84.8525],"dipPosition":[-77.9652,283.612,7.9805],"direction":[-0.109304,-0.143804,-0.983551],"extended":false,"handId":897,"id":8970,"length":51.6284,"mcpPosition":[-52.9257,279.294,84.8525],"pipPosition":[-74.2733,288.469,41.2013],"stabilizedTipPosition":[-98.7307,289.4,122.099],"timeVisible":0.713991,"tipPosition":[-74.6376,275.464,-8.19312],"tipVelocity":[30.6022,18.3241,-147.372],"tool":false,"touchDistance":-0.442165,"touchZone":"touching","type":0,"width":20.0604},{"bases":[[[0.809739,-0.419199,-0.410603],[0.536687,0.812004,0.229383],[0.237254,-0.406105,0.88249]],[[0.82679,-0.451795,-0.335111],[0.518902,0.842567,0.144298],[0.21716,-0.293194,0.931063]],[[0.82679,-0.451795,-0.335111],[0.491448,0.870008,0.0395678],[0.273672,-0.197404,0.941348]],[[0.82679,-0.451795,-0.335111],[0.465821,0.883865,-0.0423408],[0.315322,-0.121095,0.941227]]],"btipPosition":[-73.9796,343.241,-62.235],"carpPosition":[-35.5561,294.389,80.1783],"dipPosition":[-68.6426,341.191,-46.3041],"direction":[-0.273672,0.197404,-0.941348],"extended":true,"handId":897,"id":8971,"length":58.2569,"mcpPosition":[-52.8474,323.986,15.8617],"pipPosition":[-62.0897,336.465,-23.7644],"stabilizedTipPosition":[-108.152,355.085,109.351],"timeVisible":0.713991,"tipPosition":[-72.7489,341.49,-58.81],"tipVelocity":[16.1433,28.0893,-137.748],"tool":false,"touchDistance":-0.446812,"touchZone":"touching","type":1,"width":19.1617},{"bases":[[[0.730913,-0.602455,-0.320647],[0.670935,0.72033,0.175982],[0.124951,-0.343761,0.930707]],[[0.733578,-0.610156,-0.299289],[0.378169,0.732395,-0.566203],[0.564669,0.302172,0.768011]],[[0.733578,-0.610156,-0.299289],[-0.455832,-0.115116,-0.88259],[0.504065,0.783874,-0.362575]],[[0.733578,-0.610156,-0.299289],[-0.678457,-0.631905,-0.374689],[0.0394965,0.477918,-0.877516]]],"btipPosition":[-75.5518,269.289,0.647775],"carpPosition":[-25.0186,290.937,75.0955],"dipPosition":[-74.8166,278.186,-15.6881],"direction":[-0.504065,-0.783874,0.362575],"extended":false,"handId":897,"id":8972,"length":66.379,"mcpPosition":[-33.6545,314.696,10.7699],"pipPosition":[-60.617,300.268,-25.9019],"stabilizedTipPosition":[-89.0521,275.495,181.305],"timeVisible":0.713991,"tipPosition":[-75.542,271.149,-3.07673],"tipVelocity":[37.8199,-9.18113,-133.217],"tool":false,"touchDistance":0.333333,"touchZone":"none","type":2,"width":18.8193},{"bases":[[[0.688662,-0.699052,-0.192539],[0.725082,0.664122,0.182203],[0.00050007,-0.265083,0.964225]],[[0.687867,-0.711145,-0.1453],[0.464034,0.584789,-0.665352],[0.558131,0.39025,0.732253]],[[0.687867,-0.711145,-0.1453],[-0.44037,-0.249756,-0.862378],[0.576986,0.657188,-0.484965]],[[0.687867,-0.711145,-0.1453],[-0.715923,-0.631767,-0.297194],[0.119552,0.308453,-0.943697]]],"btipPosition":[-58.4516,259.995,9.14459],"carpPosition":[-15.6701,284.563,70.6129],"dipPosition":[-56.2388,265.704,-8.32235],"direction":[-0.576986,-0.657188,0.484965],"extended":false,"handId":897,"id":8973,"length":63.8252,"mcpPosition":[-15.7012,301.012,10.7794],"pipPosition":[-40.4048,283.739,-21.6311],"stabilizedTipPosition":[-77.2395,269.726,172.651],"timeVisible":0.713991,"tipPosition":[-58.0429,261.432,4.03105],"tipVelocity":[40.3547,-10.019,-60.7654],"tool":false,"touchDistance":0.333333,"touchZone":"none","type":3,"width":17.9078},{"bases":[[[0.554757,-0.825092,-0.107087],[0.820544,0.521263,0.234505],[-0.137667,-0.217963,0.966199]],[[0.520048,-0.851085,0.0721389],[0.668958,0.353331,-0.653951],[0.531079,0.388344,0.753089]],[[0.520048,-0.851085,0.0721389],[-0.364376,-0.297448,-0.882471],[0.772515,0.432641,-0.464803]],[[0.520048,-0.851085,0.0721389],[-0.790111,-0.511429,-0.337882],[0.324461,0.118717,-0.93842]]],"btipPosition":[-41.3209,260.644,10.0824],"carpPosition":[-10.1179,272.137,66.9326],"dipPosition":[-35.7806,262.672,-5.94151],"direction":[-0.772515,-0.432641,0.464803],"extended":false,"handId":897,"id":8974,"length":50.0378,"mcpPosition":[-2.20994,284.657,11.4319],"pipPosition":[-20.8126,271.054,-14.9474],"stabilizedTipPosition":[-59.1726,269.075,164.722],"timeVisible":0.713991,"tipPosition":[-40.0602,260.924,5.99703],"tipVelocity":[32.0342,15.0913,-95.7476],"tool":false,"touchDistance":0.333333,"touchZone":"none","type":4,"width":15.9071}],"r":[[0.957852,0.0467949,0.283425],[0.00520621,0.983653,-0.180001],[-0.287215,0.17389,0.94195]],"s":0.872968,"t":[14.63,-10.8883,-152.096],"timestamp":607308919628},false],[4,{"currentFrameRate":107.178,"devices":[],"gestures":[],"hands":[{"armBasis":[[0.735311,-0.287423,-0.613764],[0.561597,0.76535,0.314403],[0.379378,-0.575871,0.724186]],"armWidth":63.1234,"confidence":0.900292,"direction":[-0.0159513,0.445315,-0.895232],"elbow":[77.868,120.525,271.216],"grabStrength":0,"id":897,"palmNormal":[-0.563116,-0.743851,-0.35998],"palmPosition":[-33.1072,298.957,30.0697],"palmVelocity":[7.8294,9.97694,-117.429],"palmWidth":90.138,"pinchStrength":1,"r":[[0.956859,0.0505043,0.28613],[0.00175735,0.983753,-0.179518],[-0.290547,0.172276,0.941224]],"s":0.875643,"sphereCenter":[-62.0786,278.474,-2.34899],"sphereRadius":44.8696,"stabilizedPalmPosition":[-47.8564,309.715,183.314],"t":[14.7107,-10.8329,-153.078],"timeVisible":0.723058,"type":"right","wrist":[-23.6048,274.555,77.5169]}],"id":4463310,"interactionBox":{"center":[0,200,0],"size":[235.247,235.247,147.751]},"pointables":[{"bases":[[[0.833024,0.55167,0.0416057],[-0.406881,0.559961,0.721728],[0.374858,-0.618145,0.690925]],[[0.674587,0.716925,-0.17593],[-0.599127,0.670954,0.436884],[0.431254,-0.189312,0.882146]],[[0.674587,0.716925,-0.17593],[-0.730465,0.682689,-0.0188995],[0.106556,0.14126,0.984221]],[[0.674587,0.716925,-0.17593],[-0.713413,0.57192,-0.404908],[-0.189671,0.398656,0.897273]]],"btipPosition":[-73.4362,274.509,-13.5512],"carpPosition":[-52.909,279.161,84.1172],"dipPosition":[-77.8336,283.752,7.25155],"direction":[-0.106556,-0.14126,-0.984221],"extended":false,"handId":897,"id":8970,"length":51.6284,"mcpPosition":[-52.909,279.161,84.1172],"pipPosition":[-74.2346,288.523,40.4949],"stabilizedTipPosition":[-98.7185,289.394,122.034],"timeVisible":0.723058,"tipPosition":[-74.4335,275.641,-8.94212],"tipVelocity":[27.2599,19.3037,-129.425],"tool":false,"touchDistance":-0.437491,"touchZone":"touching","type":0,"width":20.0604},{"bases":[[[0.811816,-0.416533,-0.409212],[0.533975,0.813155,0.231625],[0.236274,-0.406546,0.88255]],[[0.828581,-0.448741,-0.334791],[0.516537,0.843387,0.147946],[0.215969,-0.295517,0.930606]],[[0.828581,-0.448741,-0.334791],[0.488907,0.871318,0.0421259],[0.272805,-0.198586,0.94135]],[[0.828581,-0.448741,-0.334791],[0.463061,0.885391,-0.0407041],[0.314686,-0.121302,0.941413]]],"btipPosition":[-73.8387,343.323,-62.8993],"carpPosition":[-35.569,294.309,79.5021],"dipPosition":[-68.5125,341.27,-46.9653],"direction":[-0.272805,0.198586,-0.94135],"extended":true,"handId":897,"id":8971,"length":58.2569,"mcpPosition":[-52.7888,323.938,15.1811],"pipPosition":[-61.9804,336.515,-24.4256],"stabilizedTipPosition":[-108.152,355.085,109.349],"timeVisible":0.723058,"tipPosition":[-72.5903,341.599,-59.4779],"tipVelocity":[15.8997,22.8057,-119.91],"tool":false,"touchDistance":-0.440418,"touchZone":"touching","type":1,"width":19.1617},{"bases":[[[0.73327,-0.600108,-0.319665],[0.668593,0.721905,0.178428],[0.123691,-0.344561,0.930579]],[[0.735971,-0.608031,-0.297733],[0.376407,0.733032,-0.566552],[0.562729,0.304897,0.768358]],[[0.735971,-0.608031,-0.297733],[-0.454752,-0.118189,-0.882741],[0.501545,0.785067,-0.363487]],[[0.735971,-0.608031,-0.297733],[-0.675902,-0.634713,-0.37456],[0.0387692,0.476904,-0.8781]]],"btipPosition":[-75.2794,269.153,0.0208791],"carpPosition":[-25.0104,290.891,74.4398],"dipPosition":[-74.5577,278.031,-16.3259],"direction":[-0.501545,-0.785067,0.363487],"extended":false,"handId":897,"id":8972,"length":66.379,"mcpPosition":[-33.5593,314.705,10.123],"pipPosition":[-60.4291,300.147,-26.5653],"stabilizedTipPosition":[-89.0516,275.495,181.297],"timeVisible":0.723058,"tipPosition":[-75.2714,271.042,-3.77124],"tipVelocity":[35.5767,-10.9175,-115.588],"tool":false,"touchDistance":0.333333,"touchZone":"none","type":2,"width":18.8193},{"bases":[[[0.690978,-0.696974,-0.191773],[0.722875,0.665834,0.184707],[-0.00104726,-0.266257,0.963902]],[[0.690103,-0.709139,-0.144499],[0.467803,0.589441,-0.658573],[0.552193,0.386887,0.738513]],[[0.690103,-0.709139,-0.144499],[-0.43341,-0.245063,-0.867237],[0.57958,0.66111,-0.476467]],[[0.690103,-0.709139,-0.144499],[-0.71288,-0.631675,-0.304612],[0.124736,0.313224,-0.941452]]],"btipPosition":[-58.2241,260.005,7.97131],"carpPosition":[-15.6344,284.547,69.9714],"dipPosition":[-55.9154,265.803,-9.45407],"direction":[-0.57958,-0.66111,0.476467],"extended":false,"handId":897,"id":8973,"length":63.8252,"mcpPosition":[-15.5694,301.069,10.1579],"pipPosition":[-40.0102,283.945,-22.5296],"stabilizedTipPosition":[-77.233,269.724,172.595],"timeVisible":0.723058,"tipPosition":[-57.7783,261.43,3.09328],"tipVelocity":[36.8077,-6.33023,-79.4389],"tool":false,"touchDistance":0.333333,"touchZone":"none","type":3,"width":17.9078},{"bases":[[[0.557211,-0.823476,-0.106788],[0.818596,0.523167,0.237059],[-0.139344,-0.219508,0.965608]],[[0.522039,-0.849811,0.0727814],[0.657548,0.346642,-0.668932],[0.543237,0.397066,0.739752]],[[0.522039,-0.849811,0.0727814],[-0.380657,-0.308498,-0.871739],[0.763266,0.427377,-0.484534]],[[0.522039,-0.849811,0.0727814],[-0.793836,-0.515311,-0.322922],[0.311928,0.110801,-0.943623]]],"btipPosition":[-41.1797,260.668,10.4111],"carpPosition":[-10.0403,272.14,66.289],"dipPosition":[-35.8534,262.56,-5.70165],"direction":[-0.763266,-0.427377,0.484534],"extended":false,"handId":897,"id":8974,"length":50.0378,"mcpPosition":[-2.03608,284.749,10.8223],"pipPosition":[-21.0646,270.841,-15.0898],"stabilizedTipPosition":[-59.1686,269.073,164.69],"timeVisible":0.723058,"tipPosition":[-39.8887,260.962,6.01934],"tipVelocity":[25.9871,10.7029,-59.8967],"tool":false,"touchDistance":0.333333,"touchZone":"none","type":4,"width":15.9071}],"r":[[0.956859,0.0505043,0.28613],[0.00175735,0.983753,-0.179518],[-0.290547,0.172276,0.941224]],"s":0.875643,"t":[14.7107,-10.8329,-153.078],"timestamp":607308928695},false],[5,{"currentFrameRate":107.334,"devices":[],"gestures":[],"hands":[{"armBasis":[[0.737393,-0.286229,-0.611821],[0.559028,0.767009,0.314935],[0.379129,-0.574256,0.725597]],"armWidth":63.1234,"confidence":0.850487,"direction":[-0.0139869,0.445191,-0.895327],"elbow":[77.6018,121.374,269.872],"grabStrength":0,"id":897,"palmNormal":[-0.5605,-0.744999,-0.361686],"palmPosition":[-33.2042,299.349,28.3155],"palmVelocity":[2.71251,19.2058,-138.577],"palmWidth":90.138,"pinchStrength":1,"r":[[0.955844,0.0538514,0.288899],[-0.00127757,0.983819,-0.179159],[-0.293872,0.170879,0.940446]],"s":0.878564,"sphereCenter":[-62.0073,278.795,-4.10994],"sphereRadius":44.8333,"stabilizedPalmPosition":[-47.8563,309.715,183.314],"t":[14.7026,-10.6088,-154.446],"timeVisible":0.73209,"type":"right","wrist":[-23.8045,274.971,75.7953]}],"id":4463311,"interactionBox":{"center":[0,200,0],"size":[235.247,235.247,147.751]},"pointables":[{"bases":[[[0.831797,0.553318,0.0441912],[-0.410276,0.559231,0.720371],[0.373882,-0.617333,0.69218]],[[0.674465,0.717738,-0.173055],[-0.600649,0.669724,0.436681],[0.429322,-0.190581,0.882815]],[[0.674465,0.717738,-0.173055],[-0.73116,0.681863,-0.0216258],[0.102478,0.141117,0.984675]],[[0.674465,0.717738,-0.173055],[-0.712738,0.571817,-0.40624],[-0.192618,0.397338,0.89723]]],"btipPosition":[-73.3642,274.966,-15.4138],"carpPosition":[-53.1385,279.521,82.302],"dipPosition":[-77.8299,284.178,5.38796],"direction":[-0.102478,-0.141117,-0.984675],"extended":false,"handId":897,"id":8970,"length":51.6284,"mcpPosition":[-53.1385,279.521,82.302],"pipPosition":[-74.3686,288.945,38.6467],"stabilizedTipPosition":[-98.709,289.389,121.982],"timeVisible":0.73209,"tipPosition":[-74.3684,276.096,-10.8016],"tipVelocity":[21.4698,27.7193,-150.583],"tool":false,"touchDistance":-0.450018,"touchZone":"touching","type":0,"width":20.0604},{"bases":[[[0.813933,-0.414971,-0.406586],[0.53163,0.814231,0.233231],[0.234271,-0.405988,0.883341]],[[0.83034,-0.446728,-0.333121],[0.514656,0.843993,0.15101],[0.213691,-0.296833,0.930713]],[[0.83034,-0.446728,-0.333121],[0.487005,0.872283,0.0441477],[0.270853,-0.198889,0.94185]],[[0.83034,-0.446728,-0.333121],[0.461062,0.886486,-0.0395634],[0.312981,-0.120738,0.942054]]],"btipPosition":[-73.7652,343.729,-64.746],"carpPosition":[-35.8139,294.702,77.7403],"dipPosition":[-68.4678,341.686,-48.8012],"direction":[-0.270853,0.198889,-0.94185],"extended":true,"handId":897,"id":8971,"length":58.2569,"mcpPosition":[-52.8877,324.29,13.3618],"pipPosition":[-61.9825,336.923,-26.2495],"stabilizedTipPosition":[-108.151,355.085,109.348],"timeVisible":0.73209,"tipPosition":[-72.5091,342.03,-61.3241],"tipVelocity":[13.5609,28.9723,-143.121],"tool":false,"touchDistance":-0.452373,"touchZone":"touching","type":1,"width":19.1617},{"bases":[[[0.735465,-0.598692,-0.317269],[0.666596,0.723243,0.180472],[0.121415,-0.344221,0.931005]],[[0.738301,-0.607209,-0.293615],[0.362204,0.724169,-0.586845],[0.568964,0.32692,0.754588]],[[0.738301,-0.607209,-0.293615],[-0.464853,-0.14268,-0.873816],[0.488695,0.781627,-0.387604]],[[0.738301,-0.607209,-0.293615],[-0.673871,-0.645715,-0.359097],[0.0284553,0.46298,-0.885912]]],"btipPosition":[-75.0879,268.847,-0.254088],"carpPosition":[-25.2325,291.304,72.712],"dipPosition":[-74.5582,277.466,-16.7463],"direction":[-0.488695,-0.781627,0.387604],"extended":false,"handId":897,"id":8972,"length":66.379,"mcpPosition":[-33.6241,315.095,8.36579],"pipPosition":[-60.7916,299.485,-27.6651],"stabilizedTipPosition":[-89.0509,275.495,181.289],"timeVisible":0.73209,"tipPosition":[-75.0964,270.957,-4.5732],"tipVelocity":[30.2703,-19.0483,-93.1583],"tool":false,"touchDistance":0.333333,"touchZone":"none","type":2,"width":18.8193},{"bases":[[[0.692958,-0.695628,-0.189501],[0.720969,0.667279,0.18693],[-0.00358321,-0.266159,0.963922]],[[0.691961,-0.70777,-0.142311],[0.467785,0.58971,-0.658346],[0.549879,0.388979,0.73914]],[[0.691961,-0.70777,-0.142311],[-0.431096,-0.246969,-0.867849],[0.579091,0.661867,-0.47601]],[[0.691961,-0.70777,-0.142311],[-0.710782,-0.633387,-0.305958],[0.12641,0.312863,-0.941349]]],"btipPosition":[-58.1774,260.324,6.23047],"carpPosition":[-15.8299,284.979,68.2741],"dipPosition":[-55.8377,266.115,-11.193],"direction":[-0.579091,-0.661867,0.47601],"extended":false,"handId":897,"id":8973,"length":63.8252,"mcpPosition":[-15.6076,301.495,8.45933],"pipPosition":[-39.9459,284.278,-24.2559],"stabilizedTipPosition":[-77.228,269.722,172.552],"timeVisible":0.73209,"tipPosition":[-57.7159,261.753,1.35085],"tipVelocity":[28.3121,5.08334,-110.63],"tool":false,"touchDistance":0.333333,"touchZone":"none","type":3,"width":17.9078},{"bases":[[[0.559172,-0.822385,-0.104928],[0.816804,0.524807,0.239601],[-0.141977,-0.219684,0.965185]],[[0.523542,-0.848755,0.0742938],[0.65982,0.348739,-0.665597],[0.539019,0.397488,0.742605]],[[0.523542,-0.848755,0.0742938],[-0.374794,-0.307738,-0.874544],[0.765136,0.430015,-0.479222]],[[0.523542,-0.848755,0.0742938],[-0.790642,-0.51648,-0.328835],[0.317472,0.113419,-0.94146]]],"btipPosition":[-41.171,261.01,8.51746],"carpPosition":[-10.1997,272.583,64.6108],"dipPosition":[-35.75,262.947,-7.55835],"direction":[-0.765136,-0.430015,0.479222],"extended":false,"handId":897,"id":8974,"length":50.0378,"mcpPosition":[-2.0442,285.202,9.16844],"pipPosition":[-20.925,271.278,-16.8436],"stabilizedTipPosition":[-59.1654,269.072,164.664],"timeVisible":0.73209,"tipPosition":[-39.8487,261.329,4.20185],"tipVelocity":[19.7594,18.4842,-100.883],"tool":false,"touchDistance":0.333333,"touchZone":"none","type":4,"width":15.9071}],"r":[[0.955844,0.0538514,0.288899],[-0.00127757,0.983819,-0.179159],[-0.293872,0.170879,0.940446]],"s":0.878564,"t":[14.7026,-10.6088,-154.446],"timestamp":607308937727},false],[6,{"currentFrameRate":107.471,"devices":[],"gestures":[],"hands":[{"armBasis":[[0.73946,-0.286289,-0.609293],[0.556421,0.769372,0.313787],[0.378939,-0.571056,0.728217]],"armWidth":63.1234,"confidence":0.864093,"direction":[-0.0136664,0.444459,-0.895695],"elbow":[77.5667,122.182,269.381],"grabStrength":0,"id":897,"palmNormal":[-0.557942,-0.746747,-0.362035],"palmPosition":[-33.1736,299.24,27.0892],"palmVelocity":[2.89902,10.573,-137.703],"palmWidth":90.138,"pinchStrength":1,"r":[[0.954891,0.0570716,0.291421],[-0.00416272,0.983834,-0.179033],[-0.296928,0.169744,0.939692]],"s":0.8808,"sphereCenter":[-61.9535,278.656,-5.33137],"sphereRadius":44.8438,"stabilizedPalmPosition":[-47.8563,309.715,183.313],"t":[14.7138,-10.5515,-155.743],"timeVisible":0.741146,"type":"right","wrist":[-23.7889,274.923,74.6035]}],"id":4463312,"interactionBox":{"center":[0,200,0],"size":[235.247,235.247,147.751]},"pointables":[{"bases":[[[0.830268,0.555533,0.0451408],[-0.412938,0.55871,0.719253],[0.374348,-0.615813,0.69328]],[[0.673359,0.71904,-0.171955],[-0.602528,0.668506,0.435958],[0.428424,-0.189949,0.883387]],[[0.673359,0.71904,-0.171955],[-0.732548,0.680297,-0.0238859],[0.0998053,0.142049,0.984815]],[[0.673359,0.71904,-0.171955],[-0.713474,0.571046,-0.406031],[-0.193758,0.39609,0.897536]]],"btipPosition":[-73.21,274.813,-16.698],"carpPosition":[-53.1455,279.401,81.058],"dipPosition":[-77.7022,283.996,4.1109],"direction":[-0.0998053,-0.142049,-0.984815],"extended":false,"handId":897,"id":8970,"length":51.6284,"mcpPosition":[-53.1455,279.401,81.058],"pipPosition":[-74.3311,288.794,37.3744],"stabilizedTipPosition":[-98.7019,289.385,121.943],"timeVisible":0.741146,"tipPosition":[-74.2156,275.947,-12.0732],"tipVelocity":[20.0581,15.1865,-148.109],"tool":false,"touchDistance":-0.452587,"touchZone":"touching","type":0,"width":20.0604},{"bases":[[[0.815693,-0.413149,-0.404911],[0.529104,0.815804,0.233479],[0.233867,-0.404687,0.884044]],[[0.831916,-0.444483,-0.332191],[0.512349,0.845181,0.15221],[0.213107,-0.296823,0.93085]],[[0.831916,-0.444483,-0.332191],[0.48448,0.873681,0.0442837],[0.270546,-0.19778,0.942172]],[[0.831916,-0.444483,-0.332191],[0.458297,0.887885,-0.0402918],[0.312857,-0.118723,0.942351]]],"btipPosition":[-73.7407,343.496,-66.0429],"carpPosition":[-35.8531,294.624,76.5132],"dipPosition":[-68.4454,341.486,-50.0931],"direction":[-0.270546,0.19778,-0.942172],"extended":true,"handId":897,"id":8971,"length":58.2569,"mcpPosition":[-52.8975,324.118,12.0834],"pipPosition":[-61.9674,336.75,-27.5336],"stabilizedTipPosition":[-108.151,355.085,109.346],"timeVisible":0.741146,"tipPosition":[-72.4678,341.832,-62.6198],"tipVelocity":[10.5504,14.0921,-143.11],"tool":false,"touchDistance":-0.454905,"touchZone":"touching","type":1,"width":19.1617},{"bases":[[[0.737559,-0.597006,-0.315581],[0.664396,0.725129,0.181015],[0.12077,-0.34318,0.931473]],[[0.74041,-0.605601,-0.291617],[0.361385,0.724477,-0.586971],[0.56674,0.329214,0.755265]],[[0.74041,-0.605601,-0.291617],[-0.463483,-0.145781,-0.874032],[0.486802,0.782301,-0.388624]],[[0.74041,-0.605601,-0.291617],[-0.671588,-0.64872,-0.357954],[0.0275994,0.460879,-0.887034]]],"btipPosition":[-74.8899,268.632,-1.47597],"carpPosition":[-25.2546,291.25,71.5051],"dipPosition":[-74.3761,277.212,-17.989],"direction":[-0.486802,-0.782301,0.388624],"extended":false,"handId":897,"id":8972,"length":66.379,"mcpPosition":[-33.6016,314.969,7.12658],"pipPosition":[-60.6628,299.249,-28.9366],"stabilizedTipPosition":[-89.0503,275.495,181.281],"timeVisible":0.741146,"tipPosition":[-74.9059,270.716,-5.78313],"tipVelocity":[27.8391,-20.6284,-104.833],"tool":false,"touchDistance":0.333333,"touchZone":"none","type":2,"width":18.8193},{"bases":[[[0.695094,-0.693954,-0.187809],[0.718905,0.669313,0.187606],[-0.00448719,-0.265421,0.964122]],[[0.694062,-0.705987,-0.140923],[0.463827,0.588227,-0.66246],[0.550583,0.394425,0.735722]],[[0.694062,-0.705987,-0.140923],[-0.432396,-0.252295,-0.865668],[0.575597,0.661762,-0.480374]],[[0.694062,-0.705987,-0.140923],[-0.709042,-0.636464,-0.3036],[0.124645,0.310638,-0.94232]]],"btipPosition":[-58.022,260.048,5.32081],"carpPosition":[-15.8281,284.946,67.0877],"dipPosition":[-55.715,265.798,-12.1206],"direction":[-0.575597,-0.661762,0.480374],"extended":false,"handId":897,"id":8973,"length":63.8252,"mcpPosition":[-15.5496,301.416,7.26062],"pipPosition":[-39.9191,283.958,-25.3034],"stabilizedTipPosition":[-77.2242,269.72,172.519],"timeVisible":0.741146,"tipPosition":[-57.5481,261.495,0.391573],"tipVelocity":[25.0044,-5.00587,-107.946],"tool":false,"touchDistance":0.333333,"touchZone":"none","type":3,"width":17.9078},{"bases":[[[0.5615,-0.820996,-0.103359],[0.815026,0.527134,0.240547],[-0.143004,-0.219308,0.965119]],[[0.525524,-0.847351,0.0762915],[0.66243,0.351264,-0.661664],[0.533864,0.398258,0.745909]],[[0.525524,-0.847351,0.0762915],[-0.368014,-0.307255,-0.877588],[0.767066,0.433117,-0.473307]],[[0.525524,-0.847351,0.0762915],[-0.787094,-0.518268,-0.334488],[0.322968,0.115733,-0.939307]]],"btipPosition":[-41.0222,260.841,7.08685],"carpPosition":[-10.1592,272.562,63.4435],"dipPosition":[-35.5074,262.817,-8.9522],"direction":[-0.767066,-0.433117,0.473307],"extended":false,"handId":897,"id":8974,"length":50.0378,"mcpPosition":[-1.94474,285.159,8.00494],"pipPosition":[-20.645,271.209,-18.1228],"stabilizedTipPosition":[-59.1631,269.071,164.644],"timeVisible":0.741146,"tipPosition":[-39.6798,261.184,2.90044],"tipVelocity":[19.4987,8.51111,-116.384],"tool":false,"touchDistance":0.333333,"touchZone":"none","type":4,"width":15.9071}],"r":[[0.954891,0.0570716,0.291421],[