{"sensorType":"Leap","data":[[0,{"currentFrameRate":107.196,"devices":[],"gestures":[],"hands":[{"armBasis":[[0.716739,-0.289521,-0.6344],[0.539605,0.806518,0.241569],[0.441715,-0.515467,0.73429]],"armWidth":63.1234,"confidence":0.815165,"direction":[-0.0202607,0.528755,-0.848533],"elbow":[99.1058,134.105,272.744],"grabStrength":0,"id":901,"palmNormal":[-0.556341,-0.711134,-0.429852],"palmPosition":[-28.7782,300.719,31.4407],"palmVelocity":[-0.805786,58.4689,-158.508],"palmWidth":90.138,"pinchStrength":1,"r":[[0.910283,-0.306952,0.277785],[0.371301,0.902094,-0.219916],[-0.183085,0.303328,0.935132]],"s":0.907541,"sphereCenter":[-51.9206,274.823,-4.36045],"sphereRadius":44.5708,"stabilizedPalmPosition":[-42.8478,277.565,89.131],"t":[107.656,106.408,-169.788],"timeVisible":0.569417,"type":"right","wrist":[-19.0405,271.978,76.3418]}],"id":4465764,"interactionBox":{"center":[0,200,0],"size":[235.247,235.247,147.751]},"pointables":[{"bases":[[[0.827927,0.552779,0.0947253],[-0.411838,0.484588,0.771728],[0.380692,-0.677946,0.628858]],[[0.648894,0.750542,-0.124997],[-0.610094,0.611399,0.503961],[0.454667,-0.250757,0.854634]],[[0.648894,0.750542,-0.124997],[-0.757292,0.652993,-0.0104275],[0.0737962,0.101426,0.992102]],[[0.648894,0.750542,-0.124997],[-0.663171,0.477344,-0.576496],[-0.373017,0.456979,0.807483]]],"btipPosition":[-64.7119,274.042,-11.1586],"carpPosition":[-48.3842,275.663,83.3338],"dipPosition":[-73.3601,284.637,7.56244],"direction":[-0.0737962,-0.101426,-0.992102],"extended":false,"handId":901,"id":9010,"length":51.6284,"mcpPosition":[-48.3842,275.663,83.3338],"pipPosition":[-70.8675,288.063,41.072],"stabilizedTipPosition":[-87.6563,253.884,57.6193],"timeVisible":0.569417,"tipPosition":[-66.8085,276.194,-6.56886],"tipVelocity":[10.3955,62.8435,-170.692],"tool":false,"touchDistance":-0.541316,"touchZone":"hovering","type":0,"width":20.0604},{"bases":[[[0.815513,-0.368007,-0.446665],[0.526532,0.79213,0.308697],[0.240214,-0.48693,0.839759]],[[0.837382,-0.420518,-0.349222],[0.471895,0.878578,0.0735888],[0.275873,-0.226418,0.934146]],[[0.837382,-0.420518,-0.349222],[0.435984,0.89918,-0.0373283],[0.329711,-0.120997,0.936296]],[[0.837382,-0.420518,-0.349222],[0.405688,0.906292,-0.11854],[0.366345,-0.0424119,0.929512]]],"btipPosition":[-74.5287,340.08,-58.9109],"carpPosition":[-31.1853,291.341,80.2],"dipPosition":[-68.3281,339.362,-43.1783],"direction":[-0.329711,0.120997,-0.936296],"extended":true,"handId":901,"id":9011,"length":58.2569,"mcpPosition":[-48.6923,326.828,18.9978],"pipPosition":[-60.4335,336.465,-20.7596],"stabilizedTipPosition":[-92.5988,318.101,0.711185],"timeVisible":0.569417,"tipPosition":[-73.3948,338.4,-55.2363],"tipVelocity":[34.7031,76.6397,-180.441],"tool":false,"touchDistance":-0.588909,"touchZone":"hovering","type":1,"width":19.1617},{"bases":[[[0.738679,-0.56002,-0.375141],[0.66197,0.707627,0.247101],[0.127079,-0.430861,0.893426]],[[0.743581,-0.578547,-0.335219],[0.240671,0.699316,-0.673078],[0.623831,0.41981,0.659237]],[[0.743581,-0.578547,-0.335219],[-0.459474,-0.0778929,-0.884769],[0.485769,0.811921,-0.323747]],[[0.743581,-0.578547,-0.335219],[-0.652113,-0.516678,-0.55479],[0.147771,0.631132,-0.76147]]],"btipPosition":[-75.6024,263.632,4.90944],"carpPosition":[-20.5969,288.52,74.8408],"dipPosition":[-72.8515,275.381,-9.26612],"direction":[-0.485769,-0.811921,0.323747],"extended":false,"handId":901,"id":9012,"length":66.379,"mcpPosition":[-29.3799,318.299,13.0919],"pipPosition":[-59.1673,298.253,-18.3861],"stabilizedTipPosition":[-93.3297,235.461,78.0836],"timeVisible":0.569417,"tipPosition":[-75.0635,265.533,2.82025],"tipVelocity":[20.4223,65.8016,-185.262],"tool":false,"touchDistance":0.333333,"touchZone":"none","type":2,"width":18.8193},{"bases":[[[0.69731,-0.669061,-0.25713],[0.716768,0.651712,0.248022],[0.0016332,-0.357251,0.934007]],[[0.696789,-0.655625,-0.290929],[0.360359,0.670677,-0.648332],[0.620182,0.346912,0.703581]],[[0.696789,-0.655625,-0.290929],[-0.391069,-0.0072308,-0.920333],[0.60129,0.755052,-0.261433]],[[0.696789,-0.655625,-0.290929],[-0.660591,-0.428532,-0.616425],[0.279472,0.621704,-0.731697]]],"btipPosition":[-60.3893,257.305,1.40963],"carpPosition":[-11.1641,282.719,69.792],"dipPosition":[-55.2165,268.812,-12.1334],"direction":[-0.60129,-0.755052,0.261433],"extended":false,"handId":901,"id":9013,"length":63.8252,"mcpPosition":[-11.2655,304.888,11.8336],"pipPosition":[-38.7155,289.533,-19.3078],"stabilizedTipPosition":[-80.0825,228.193,76.4012],"timeVisible":0.569417,"tipPosition":[-59.3463,259.241,-0.483281],"tipVelocity":[21.45,60.8733,-176.414],"tool":false,"touchDistance":0.333333,"touchZone":"none","type":3,"width":17.9078},{"bases":[[[0.564732,-0.804335,-0.184723],[0.813809,0.505576,0.286546],[-0.137087,-0.312151,0.94009]],[[0.574024,-0.776229,-0.260702],[0.473189,0.574292,-0.668042],[0.668273,0.260111,0.69696]],[[0.574024,-0.776229,-0.260702],[-0.375284,0.0335816,-0.926301],[0.727776,0.629556,-0.27203]],[[0.574024,-0.776229,-0.260702],[-0.709288,-0.312264,-0.631983],[0.409155,0.547686,-0.729816]]],"btipPosition":[-42.0785,258.043,4.2617],"carpPosition":[-5.45711,270.773,64.9431],"dipPosition":[-35.092,267.395,-8.2002],"direction":[-0.727776,-0.629556,0.27203],"extended":false,"handId":901,"id":9014,"length":50.0378,"mcpPosition":[2.41751,288.704,10.9422],"pipPosition":[-20.9908,279.593,-13.471],"stabilizedTipPosition":[-59.8845,232.334,70.615],"timeVisible":0.569417,"tipPosition":[-40.6764,259.578,2.57754],"tipVelocity":[22.6698,63.6691,-172.708],"tool":false,"touchDistance":0.333333,"touchZone":"none","type":4,"width":15.9071}],"r":[[0.910283,-0.306952,0.277785],[0.371301,0.902094,-0.219916],[-0.183085,0.303328,0.935132]],"s":0.907541,"t":[107.656,106.408,-169.788],"timestamp":607331886427},false],[1,{"currentFrameRate":107.275,"devices":[],"gestures":[],"hands":[{"armBasis":[[0.717458,-0.29611,-0.630534],[0.541923,0.805987,0.238125],[0.437691,-0.512546,0.738731]],"armWidth":63.1234,"confidence":0.801248,"direction":[-0.0185354,0.523643,-0.851736],"elbow":[98.1311,135.111,272.142],"grabStrength":0,"id":901,"palmNormal":[-0.558149,-0.712206,-0.425714],"palmPosition":[-28.5833,300.697,29.4743],"palmVelocity":[5.34953,41.4899,-174.067],"palmWidth":90.138,"pinchStrength":1,"r":[[0.909598,-0.305744,0.281341],[0.371633,0.901485,-0.221842],[-0.185798,0.306343,0.933613]],"s":0.908722,"sphereCenter":[-51.8918,274.768,-6.16062],"sphereRadius":44.5782,"stabilizedPalmPosition":[-42.8282,277.597,89.0488],"t":[107.726,106.679,-171.453],"timeVisible":0.578595,"type":"right","wrist":[-18.939,272.203,74.5526]}],"id":4465765,"interactionBox":{"center":[0,200,0],"size":[235.247,235.247,147.751]},"pointables":[{"bases":[[[0.829409,0.551073,0.0916479],[-0.410758,0.490394,0.76863],[0.378628,-0.675154,0.633095]],[[0.651799,0.74742,-0.128539],[-0.608158,0.61638,0.500219],[0.453103,-0.24787,0.856305]],[[0.651799,0.74742,-0.128539],[-0.754739,0.65589,-0.0133244],[0.0743485,0.105698,0.991615]],[[0.651799,0.74742,-0.128539],[-0.661669,0.477617,-0.577993],[-0.370611,0.461785,0.805855]]],"btipPosition":[-64.5995,273.992,-13.0088],"carpPosition":[-48.2747,276.011,81.5121],"dipPosition":[-73.1919,284.698,5.67451],"direction":[-0.0743485,-0.105698,-0.991615],"extended":false,"handId":901,"id":9010,"length":51.6284,"mcpPosition":[-48.2747,276.011,81.5121],"pipPosition":[-70.6807,288.268,39.1676],"stabilizedTipPosition":[-87.6308,253.911,57.5392],"timeVisible":0.578595,"tipPosition":[-66.6718,276.139,-8.42996],"tipVelocity":[11.3032,44.5426,-179.582],"tool":false,"touchDistance":-0.543401,"touchZone":"hovering","type":0,"width":20.0604},{"bases":[[[0.814645,-0.372947,-0.444144],[0.528603,0.792545,0.304059],[0.238606,-0.482476,0.842784]],[[0.83619,-0.424477,-0.347283],[0.475049,0.877021,0.0718587],[0.274072,-0.225064,0.935003]],[[0.83619,-0.424477,-0.347283],[0.439335,0.897471,-0.0391297],[0.328286,-0.119854,0.936944]],[[0.83619,-0.424477,-0.347283],[0.409109,0.904495,-0.120492],[0.365262,-0.0413222,0.929987]]],"btipPosition":[-74.1289,339.933,-61.1024],"carpPosition":[-31.0318,291.622,78.289],"dipPosition":[-67.9466,339.234,-45.3618],"direction":[-0.328286,0.119854,-0.936944],"extended":true,"handId":901,"id":9011,"length":58.2569,"mcpPosition":[-48.4216,326.785,16.8663],"pipPosition":[-60.0861,336.364,-22.9275],"stabilizedTipPosition":[-92.521,318.186,0.483424],"timeVisible":0.578595,"tipPosition":[-73.0032,338.278,-57.4299],"tipVelocity":[37.047,50.9126,-196.67],"tool":false,"touchDistance":-0.591196,"touchZone":"hovering","type":1,"width":19.1617},{"bases":[[[0.737262,-0.564311,-0.371481],[0.663828,0.707299,0.243024],[0.125607,-0.425771,0.89607]],[[0.742097,-0.582598,-0.331468],[0.244539,0.695745,-0.675382],[0.624093,0.420142,0.658778]],[[0.742097,-0.582598,-0.331468],[-0.459491,-0.0821214,-0.884378],[0.488016,0.808601,-0.32864]],[[0.742097,-0.582598,-0.331468],[-0.65373,-0.519824,-0.549927],[0.148081,0.62479,-0.766622]]],"btipPosition":[-75.4348,263.696,3.09217],"carpPosition":[-20.4495,288.74,72.9505],"dipPosition":[-72.6781,275.327,-11.1793],"direction":[-0.488016,-0.808601,0.32864],"extended":false,"handId":901,"id":9012,"length":66.379,"mcpPosition":[-29.1308,318.167,11.0189],"pipPosition":[-58.9307,298.105,-20.4371],"stabilizedTipPosition":[-93.3068,235.499,77.9869],"timeVisible":0.578595,"tipPosition":[-74.913,265.58,0.94502],"tipVelocity":[19.8579,48.5513,-189.49],"tool":false,"touchDistance":0.333333,"touchZone":"none","type":2,"width":18.8193},{"bases":[[[0.695556,-0.672519,-0.252824],[0.718472,0.651241,0.244303],[0.000350675,-0.351573,0.93616]],[[0.695084,-0.659298,-0.286679],[0.365607,0.667507,-0.648665],[0.619024,0.346065,0.705017]],[[0.695084,-0.659298,-0.286679],[-0.389363,-0.0100107,-0.92103],[0.604364,0.751815,-0.263664]],[[0.695084,-0.659298,-0.286679],[-0.661739,-0.430868,-0.613559],[0.280997,0.616181,-0.735773]]],"btipPosition":[-60.2379,257.345,-0.502532],"carpPosition":[-11.031,282.883,67.9403],"dipPosition":[-55.0369,268.75,-14.121],"direction":[-0.604364,-0.751815,0.263664],"extended":false,"handId":901,"id":9013,"length":63.8252,"mcpPosition":[-11.0528,304.699,9.8483],"pipPosition":[-38.4516,289.382,-21.3566],"stabilizedTipPosition":[-80.0555,228.234,76.2984],"timeVisible":0.578595,"tipPosition":[-59.2015,259.26,-2.42255],"tipVelocity":[20.2642,44.3727,-185.855],"tool":false,"touchDistance":0.333333,"touchZone":"none","type":3,"width":17.9078},{"bases":[[[0.562584,-0.806987,-0.179641],[0.815099,0.505075,0.283747],[-0.138248,-0.306057,0.941922]],[[0.571933,-0.779547,-0.255342],[0.476755,0.569198,-0.669865],[0.667531,0.261382,0.697196]],[[0.571933,-0.779547,-0.255342],[-0.374484,0.0288217,-0.926785],[0.729832,0.625681,-0.275444]],[[0.571933,-0.779547,-0.255342],[-0.710433,-0.315104,-0.629281],[0.410094,0.54131,-0.734034]]],"btipPosition":[-41.9398,257.951,2.50932],"carpPosition":[-5.35522,270.892,63.166],"dipPosition":[-34.9373,267.194,-10.0246],"direction":[-0.729832,-0.625681,0.275444],"extended":false,"handId":901,"id":9014,"length":50.0378,"mcpPosition":[2.58605,288.473,9.05994],"pipPosition":[-20.7963,279.317,-15.3615],"stabilizedTipPosition":[-59.8548,232.376,70.5074],"timeVisible":0.578595,"tipPosition":[-40.5446,259.476,0.775471],"tipVelocity":[20.6713,42.3374,-178.3],"tool":false,"touchDistance":0.333333,"touchZone":"none","type":4,"width":15.9071}],"r":[[0.909598,-0.305744,0.281341],[0.371633,0.901485,-0.221842],[-0.185798,0.306343,0.933613]],"s":0.908722,"t":[107.726,106.679,-171.453],"timestamp":607331895605},false],[2,{"currentFrameRate":107.472,"devices":[],"gestures":[],"hands":[{"armBasis":[[0.718432,-0.29931,-0.627908],[0.542765,0.805777,0.236918],[0.435042,-0.511016,0.741351]],"armWidth":63.1234,"confidence":0.805622,"direction":[-0.0173191,0.520793,-0.853508],"elbow":[97.5291,135.694,271.871],"grabStrength":0,"id":901,"palmNormal":[-0.558588,-0.713035,-0.423745],"palmPosition":[-28.4115,300.729,28.3987],"palmVelocity":[9.13194,31.1296,-159.366],"palmWidth":90.138,"pinchStrength":1,"r":[[0.908932,-0.304774,0.284527],[0.372132,0.900762,-0.22393],[-0.188043,0.309419,0.932148]],"s":0.909734,"sphereCenter":[-51.8056,274.787,-7.16849],"sphereRadius":44.6019,"stabilizedPalmPosition":[-42.8136,277.62,88.9876],"t":[107.846,106.831,-172.824],"timeVisible":0.58754,"type":"right","wrist":[-18.8325,272.376,73.58]}],"id":4465766,"interactionBox":{"center":[0,200,0],"size":[235.247,235.247,147.751]},"pointables":[{"bases":[[[0.829931,0.550488,0.0904317],[-0.410819,0.493419,0.766658],[0.377416,-0.673424,0.635655]],[[0.653681,0.745594,-0.129582],[-0.60727,0.618976,0.498088],[0.45158,-0.246899,0.857389]],[[0.653681,0.745594,-0.129582],[-0.753073,0.657786,-0.0141072],[0.0747191,0.106806,0.991468]],[[0.653681,0.745594,-0.129582],[-0.660664,0.478727,-0.578225],[-0.369086,0.463585,0.805521]]],"btipPosition":[-64.4668,274.093,-14.0577],"carpPosition":[-48.1694,276.239,80.5041],"dipPosition":[-73.0238,284.841,4.61782],"direction":[-0.0747191,-0.106806,-0.991468],"extended":false,"handId":901,"id":9010,"length":51.6284,"mcpPosition":[-48.1694,276.239,80.5041],"pipPosition":[-70.5001,288.448,38.106],"stabilizedTipPosition":[-87.6113,253.932,57.4772],"timeVisible":0.58754,"tipPosition":[-66.512,276.208,-9.48528],"tipVelocity":[12.5169,35.7579,-162.614],"tool":false,"touchDistance":-0.533155,"touchZone":"hovering","type":0,"width":20.0604},{"bases":[[[0.814584,-0.375314,-0.442258],[0.529221,0.792996,0.301798],[0.23744,-0.479892,0.844586]],[[0.835877,-0.426176,-0.345953],[0.476696,0.876069,0.0725507],[0.27216,-0.225558,0.935443]],[[0.835877,-0.426176,-0.345953],[0.441156,0.8966,-0.0386099],[0.326636,-0.120346,0.937457]],[[0.835877,-0.426176,-0.345953],[0.410995,0.903678,-0.120204],[0.363859,-0.0417088,0.93052]]],"btipPosition":[-73.7748,339.983,-62.321],"carpPosition":[-30.9073,291.821,77.2417],"dipPosition":[-67.6163,339.277,-46.5714],"direction":[-0.326636,0.120346,-0.937457],"extended":true,"handId":901,"id":9011,"length":58.2569,"mcpPosition":[-48.2121,326.796,15.6877],"pipPosition":[-59.7953,336.396,-24.1249],"stabilizedTipPosition":[-92.4591,318.252,0.30192],"timeVisible":0.58754,"tipPosition":[-72.6585,338.345,-58.6526],"tipVelocity":[37.5743,38.4831,-180.099],"tool":false,"touchDistance":-0.578658,"touchZone":"hovering","type":1,"width":19.1617},{"bases":[[[0.736939,-0.566349,-0.369011],[0.664402,0.7074,0.241153],[0.124462,-0.422887,0.897595]],[[0.741721,-0.58449,-0.32897],[0.247286,0.694241,-0.675929],[0.623458,0.420001,0.659469]],[[0.741721,-0.58449,-0.32897],[-0.458674,-0.0841725,-0.884609],[0.489355,0.807023,-0.330523]],[[0.741721,-0.58449,-0.32897],[-0.654054,-0.521699,-0.547763],[0.148539,0.621451,-0.769243]]],"btipPosition":[-75.2461,263.779,2.02628],"carpPosition":[-20.324,288.909,71.9212],"dipPosition":[-72.4809,275.348,-12.294],"direction":[-0.489356,-0.807023,0.330523],"extended":false,"handId":901,"id":9012,"length":66.379,"mcpPosition":[-28.9262,318.137,9.88417],"pipPosition":[-58.6957,298.082,-21.6049],"stabilizedTipPosition":[-93.2889,235.528,77.911],"timeVisible":0.58754,"tipPosition":[-74.7301,265.661,-0.156386],"tipVelocity":[20.2563,37.4045,-170.622],"tool":false,"touchDistance":0.333333,"touchZone":"none","type":2,"width":18.8193},{"bases":[[[0.695026,-0.674112,-0.250023],[0.718984,0.651288,0.242663],[-0.00074536,-0.34842,0.937338]],[[0.69459,-0.660945,-0.28407],[0.370394,0.667066,-0.646398],[0.616728,0.343764,0.708148]],[[0.69459,-0.660945,-0.28407],[-0.386743,-0.0101036,-0.922132],[0.606609,0.750366,-0.262634]],[[0.69459,-0.660945,-0.28407],[-0.661716,-0.432039,-0.61276],[0.282271,0.613591,-0.737448]]],"btipPosition":[-60.0304,257.482,-1.71385],"carpPosition":[-10.908,283.025,66.9379],"dipPosition":[-54.8058,268.839,-15.3633],"direction":[-0.606609,-0.750366,0.262634],"extended":false,"handId":901,"id":9013,"length":63.8252,"mcpPosition":[-10.8618,304.646,8.77283],"pipPosition":[-38.1589,289.431,-22.5707],"stabilizedTipPosition":[-80.0346,228.265,76.2185],"timeVisible":0.58754,"tipPosition":[-58.9966,259.386,-3.64151],"tipVelocity":[21.2305,36.0842,-172.296],"tool":false,"touchDistance":0.333333,"touchZone":"none","type":3,"width":17.9078},{"bases":[[[0.561853,-0.80819,-0.176491],[0.815424,0.505153,0.282673],[-0.139299,-0.302736,0.94284]],[[0.571221,-0.781286,-0.251593],[0.480641,0.566865,-0.669065],[0.66535,0.261258,0.699324]],[[0.571221,-0.781286,-0.251593],[-0.372519,0.0263654,-0.92765],[0.731393,0.623616,-0.275984]],[[0.571221,-0.781286,-0.251593],[-0.710568,-0.317274,-0.628037],[0.410853,0.537521,-0.73639]]],"btipPosition":[-41.7324,257.99,1.47514],"carpPosition":[-5.24141,271.013,62.2084],"dipPosition":[-34.7169,267.168,-11.099],"direction":[-0.731393,-0.623616,0.275984],"extended":false,"handId":901,"id":9014,"length":50.0378,"mcpPosition":[2.76024,288.402,8.0496],"pipPosition":[-20.5457,279.251,-16.4464],"stabilizedTipPosition":[-59.8323,232.407,70.4253],"timeVisible":0.58754,"tipPosition":[-40.3453,259.505,-0.290108],"tipVelocity":[21.449,31.5038,-161.46],"tool":false,"touchDistance":0.333333,"touchZone":"none","type":4,"width":15.9071}],"r":[[0.908932,-0.304774,0.284527],[0.372132,0.900762,-0.22393],[-0.188043,0.309419,0.932148]],"s":0.909734,"t":[107.846,106.831,-172.824],"timestamp":607331904550},false],[3,{"currentFrameRate":107.544,"devices":[],"gestures":[],"hands":[{"armBasis":[[0.722887,-0.300297,-0.622299],[0.539275,0.808267,0.236405],[0.431992,-0.506485,0.746228]],"armWidth":63.1234,"confidence":0.806832,"direction":[-0.0132539,0.51854,-0.854951],"elbow":[96.3612,137.599,271.183],"grabStrength":0,"id":901,"palmNormal":[-0.554402,-0.715377,-0.425292],"palmPosition":[-28.55,301.284,26.2755],"palmVelocity":[2.37387,39.3127,-179.505],"palmWidth":90.138,"pinchStrength":1,"r":[[0.908178,-0.303435,0.28834],[0.372409,0.900228,-0.225611],[-0.191114,0.312276,0.930569]],"s":0.910845,"sphereCenter":[-51.8327,275.387,-9.32065],"sphereRadius":44.594,"stabilizedPalmPosition":[-42.8023,277.639,88.9379],"t":[107.837,107.184,-174.571],"timeVisible":0.596709,"type":"right","wrist":[-19.1845,273.069,71.5882]}],"id":4465767,"interactionBox":{"center":[0,200,0],"size":[235.247,235.247,147.751]},"pointables":[{"bases":[[[0.828138,0.552574,0.0940679],[-0.416595,0.494484,0.762846],[0.375014,-0.67093,0.639701]],[[0.653782,0.746026,-0.126546],[-0.611371,0.619334,0.492596],[0.445864,-0.244684,0.861008]],[[0.653782,0.746026,-0.126546],[-0.753618,0.657001,-0.0202472],[0.0680361,0.108605,0.991754]],[[0.653782,0.746026,-0.126546],[-0.657208,0.476951,-0.583605],[-0.375028,0.464718,0.802117]]],"btipPosition":[-64.223,274.542,-16.3487],"carpPosition":[-48.5718,276.885,78.3227],"dipPosition":[-72.9178,285.316,2.2479],"direction":[-0.0680361,-0.108605,-0.991754],"extended":false,"handId":901,"id":9010,"length":51.6284,"mcpPosition":[-48.5718,276.885,78.3227],"pipPosition":[-70.6198,288.984,35.7457],"stabilizedTipPosition":[-87.5956,253.949,57.4261],"timeVisible":0.596709,"tipPosition":[-66.3204,276.648,-11.8003],"tipVelocity":[15.4769,39.6213,-187.504],"tool":false,"touchDistance":-0.54281,"touchZone":"hovering","type":0,"width":20.0604},{"bases":[[[0.818105,-0.374637,-0.436293],[0.525604,0.794956,0.30296],[0.233334,-0.477171,0.847268]],[[0.838745,-0.424665,-0.340831],[0.475257,0.876422,0.0775578],[0.265776,-0.227034,0.93692]],[[0.838745,-0.424665,-0.340831],[0.440558,0.897095,-0.03359],[0.320023,-0.121983,0.939524]],[[0.838745,-0.424665,-0.340831],[0.410988,0.904313,-0.115353],[0.357205,-0.0433258,0.933021]]],"btipPosition":[-73.3502,340.589,-64.7876],"carpPosition":[-31.3247,292.496,75.1254],"dipPosition":[-67.3043,339.856,-48.9956],"direction":[-0.320023,0.121983,-0.939524],"extended":true,"handId":901,"id":9011,"length":58.2569,"mcpPosition":[-48.3302,327.273,13.3759],"pipPosition":[-59.6417,336.935,-26.4996],"stabilizedTipPosition":[-92.4072,318.308,0.146271],"timeVisible":0.596709,"tipPosition":[-72.2627,338.944,-61.1205],"tipVelocity":[39.2218,46.0063,-204.603],"tool":false,"touchDistance":-0.585977,"touchZone":"hovering","type":1,"width":19.1617},{"bases":[[[0.740438,-0.565655,-0.363025],[0.661343,0.709506,0.243366],[0.119907,-0.420281,0.899436]],[[0.745011,-0.583668,-0.322939],[0.251146,0.69394,-0.674813],[0.617967,0.421639,0.663579]],[[0.745011,-0.583668,-0.322939],[-0.452869,-0.0871134,-0.887311],[0.489762,0.807306,-0.329226]],[[0.745011,-0.583668,-0.322939],[-0.649696,-0.525205,-0.549595],[0.151171,0.619267,-0.770491]]],"btipPosition":[-75.1082,264.239,-0.35458],"carpPosition":[-20.7026,289.595,69.8772],"dipPosition":[-72.294,275.767,-14.6981],"direction":[-0.489762,-0.807306,0.329226],"extended":false,"handId":901,"id":9012,"length":66.379,"mcpPosition":[-28.9899,318.642,7.71289],"pipPosition":[-58.4973,298.509,-23.9724],"stabilizedTipPosition":[-93.2744,235.552,77.8484],"timeVisible":0.596709,"tipPosition":[-74.5905,266.123,-2.56775],"tipVelocity":[19.1452,40.6711,-195.622],"tool":false,"touchDistance":0.333333,"touchZone":"none","type":2,"width":18.8193},{"bases":[[[0.698037,-0.673203,-0.244015],[0.716039,0.65352,0.245356],[-0.00570551,-0.345991,0.93822]],[[0.697777,-0.660077,-0.278219],[0.375744,0.667962,-0.642373],[0.609855,0.343694,0.714108]],[[0.697777,-0.660077,-0.278219],[-0.379499,-0.0112384,-0.925124],[0.607526,0.751114,-0.25834]],[[0.697777,-0.660077,-0.278219],[-0.656981,-0.434955,-0.615784],[0.285452,0.612465,-0.737159]]],"btipPosition":[-59.8377,258.028,-4.12657],"carpPosition":[-11.2432,283.719,64.9669],"dipPosition":[-54.5542,269.364,-17.7707],"direction":[-0.607526,-0.751114,0.25834],"extended":false,"handId":901,"id":9013,"length":63.8252,"mcpPosition":[-10.8892,305.189,6.7471],"pipPosition":[-37.8821,289.976,-24.8602],"stabilizedTipPosition":[-80.0176,228.291,76.1521],"timeVisible":0.596709,"tipPosition":[-58.7999,259.933,-6.06576],"tipVelocity":[21.5828,42.4885,-197.598],"tool":false,"touchDistance":0.333333,"touchZone":"none","type":3,"width":17.9078},{"bases":[[[0.564715,-0.807387,-0.170949],[0.812557,0.507705,0.286335],[-0.144391,-0.300603,0.942756]],[[0.574465,-0.780716,-0.24591],[0.484785,0.566586,-0.666306],[0.659525,0.263557,0.703963]],[[0.574465,-0.780716,-0.24591],[-0.366701,0.0231217,-0.930051],[0.731792,0.624458,-0.273007]],[[0.574465,-0.780716,-0.24591],[-0.706495,-0.32122,-0.630621],[0.413345,0.536004,-0.736102]]],"btipPosition":[-41.5659,258.49,-0.650165],"carpPosition":[-5.52117,271.707,60.3034],"dipPosition":[-34.5079,267.643,-13.2194],"direction":[-0.731792,-0.624458,0.273007],"extended":false,"handId":901,"id":9014,"length":50.0378,"mcpPosition":[2.773,288.974,6.14942],"pipPosition":[-20.3289,279.742,-18.5091],"stabilizedTipPosition":[-59.8142,232.433,70.3579],"timeVisible":0.596709,"tipPosition":[-40.181,260.01,-2.44483],"tipVelocity":[20.8289,37.762,-181.044],"tool":false,"touchDistance":0.333333,"touchZone":"none","type":4,"width":15.9071}],"r":[[0.908178,-0.303435,0.28834],[0.372409,0.900228,-0.225611],[-0.191114,0.312276,0.930569]],"s":0.910845,"t":[107.837,107.184,-174.571],"timestamp":607331913719},false],[4,{"currentFrameRate":107.755,"devices":[],"gestures":[],"hands":[{"armBasis":[[0.727089,-0.298035,-0.618479],[0.535018,0.810507,0.238401],[0.43023,-0.504236,0.748764]],"armWidth":63.1234,"confidence":0.780786,"direction":[-0.00883285,0.515878,-0.856617],"elbow":[95.5239,138.611,270.471],"grabStrength":0,"id":901,"palmNormal":[-0.549011,-0.718491,-0.427034],"palmPosition":[-28.6837,301.524,24.7322],"palmVelocity":[-2.35746,35.9846,-177.862],"palmWidth":90.138,"pinchStrength":1,"r":[[0.907346,-0.301581,0.292868],[0.372368,0.899902,-0.226976],[-0.195101,0.315001,0.928822]],"s":0.912228,"sphereCenter":[-51.8404,275.698,-10.8786],"sphereRadius":44.5745,"stabilizedPalmPosition":[-42.794,277.653,88.9001],"t":[107.766,107.481,-176.216],"timeVisible":0.605606,"type":"right","wrist":[-19.5504,273.48,70.1973]}],"id":4465768,"interactionBox":{"center":[0,200,0],"size":[235.247,235.247,147.751]},"pointables":[{"bases":[[[0.825638,0.555576,0.098275],[-0.423649,0.495443,0.758326],[0.372618,-0.667736,0.644426]],[[0.653415,0.746946,-0.122969],[-0.616544,0.619362,0.48607],[0.439231,-0.24179,0.865225]],[[0.653415,0.746946,-0.122969],[-0.754631,0.65556,-0.0278022],[0.0598469,0.110962,0.992021]],[[0.653415,0.746946,-0.122969],[-0.6529,0.473864,-0.59091],[-0.383107,0.466395,0.797311]]],"btipPosition":[-63.8567,274.615,-18.0675],"carpPosition":[-48.9973,277.219,76.7101],"dipPosition":[-72.7388,285.428,0.417697],"direction":[-0.0598469,-0.110962,-0.992021],"extended":false,"handId":901,"id":9010,"length":51.6284,"mcpPosition":[-48.9973,277.219,76.7101],"pipPosition":[-70.7174,289.176,33.9245],"stabilizedTipPosition":[-87.5837,253.961,57.3872],"timeVisible":0.605606,"tipPosition":[-66.0312,276.718,-13.5547],"tipVelocity":[21.1491,31.3467,-189.832],"tool":false,"touchDistance":-0.543029,"touchZone":"hovering","type":0,"width":20.0604},{"bases":[[[0.822421,-0.37328,-0.429285],[0.520829,0.797601,0.304254],[0.228826,-0.473809,0.850378]],[[0.842329,-0.422284,-0.334901],[0.472952,0.877115,0.0835753],[0.258454,-0.22879,0.93854]],[[0.842329,-0.422284,-0.334901],[0.4393,0.897925,-0.027306],[0.312247,-0.124121,0.941858]],[[0.842329,-0.422284,-0.334901],[0.410486,0.905317,-0.109099],[0.349262,-0.0455752,0.935916]]],"btipPosition":[-72.8436,340.89,-66.7256],"carpPosition":[-31.7788,292.877,73.5879],"dipPosition":[-66.9322,340.118,-50.8846],"direction":[-0.312247,0.124121,-0.941858],"extended":true,"handId":901,"id":9011,"length":58.2569,"mcpPosition":[-48.4559,327.409,11.6117],"pipPosition":[-59.4557,337.146,-28.3327],"stabilizedTipPosition":[-92.3653,318.353,0.0196912],"timeVisible":0.605606,"tipPosition":[-71.7922,339.218,-63.0592],"tipVelocity":[43.0947,42.405,-207.854],"tool":false,"touchDistance":-0.584614,"touchZone":"hovering","type":1,"width":19.1617},{"bases":[[[0.744855,-0.564327,-0.355985],[0.657268,0.712415,0.245894],[0.114844,-0.417133,0.90156]],[[0.749199,-0.582191,-0.315839],[0.254743,0.693447,-0.673971],[0.611398,0.424481,0.667839]],[[0.749199,-0.582191,-0.315839],[-0.446064,-0.0910009,-0.890362],[0.48962,0.807943,-0.327873]],[[0.749199,-0.582191,-0.315839],[-0.644173,-0.529534,-0.551938],[0.154086,0.616966,-0.771758]]],"btipPosition":[-74.9023,264.311,-2.17188],"carpPosition":[-21.1101,289.995,68.4246],"dipPosition":[-72.0339,275.796,-16.539],"direction":[-0.48962,-0.807943,0.327873],"extended":false,"handId":901,"id":9012,"length":66.379,"mcpPosition":[-29.0475,318.825,6.11352],"pipPosition":[-58.2412,298.556,-25.7752],"stabilizedTipPosition":[-93.2637,235.57,77.8016],"timeVisible":0.605606,"tipPosition":[-74.3805,266.197,-4.41349],"tipVelocity":[20.612,31.5019,-198.136],"tool":false,"touchDistance":0.333333,"touchZone":"none","type":2,"width":18.8193},{"bases":[[[0.701956,-0.671649,-0.23695],[0.712131,0.656615,0.248447],[-0.0112841,-0.343138,0.939217]],[[0.701897,-0.658593,-0.271288],[0.380306,0.668555,-0.639063],[0.602253,0.345384,0.719723]],[[0.701897,-0.658593,-0.271288],[-0.371642,-0.0137026,-0.928275],[0.607638,0.752375,-0.254378]],[[0.701897,-0.658593,-0.271288],[-0.651129,-0.438879,-0.619206],[0.288742,0.611262,-0.736876]]],"btipPosition":[-59.5725,258.18,-5.91773],"carpPosition":[-11.5968,284.135,63.6001],"dipPosition":[-54.2282,269.494,-19.5566],"direction":[-0.607638,-0.752375,0.254378],"extended":false,"handId":901,"id":9013,"length":63.8252,"mcpPosition":[-10.8965,305.428,5.31843],"pipPosition":[-37.553,290.141,-26.5374],"stabilizedTipPosition":[-80.0046,228.31,76.101],"timeVisible":0.605606,"tipPosition":[-58.5287,260.09,-7.87299],"tipVelocity":[24.2461,35.4248,-198.574],"tool":false,"touchDistance":0.333333,"touchZone":"none","type":3,"width":17.9078},{"bases":[[[0.568553,-0.806047,-0.164425],[0.808828,0.511243,0.290563],[-0.150146,-0.298192,0.942623]],[[0.578742,-0.779612,-0.239298],[0.488551,0.566397,-0.663711],[0.652975,0.267208,0.708677]],[[0.578742,-0.779612,-0.239298],[-0.360159,0.018925,-0.932699],[0.731672,0.625977,-0.269832]],[[0.578742,-0.779612,-0.239298],[-0.701392,-0.326138,-0.633785],[0.416062,0.53464,-0.735563]]],"btipPosition":[-41.3312,258.639,-2.16718],"carpPosition":[-5.80236,272.127,59.0146],"dipPosition":[-34.2267,267.768,-14.7272],"direction":[-0.731672,-0.625977,0.269832],"extended":false,"handId":901,"id":9014,"length":50.0378,"mcpPosition":[2.82238,289.256,4.86825],"pipPosition":[-20.0501,279.896,-19.9554],"stabilizedTipPosition":[-59.8004,232.452,70.3064],"timeVisible":0.605606,"tipPosition":[-39.9462,260.162,-3.98786],"tipVelocity":[22.6662,31.8624,-178.114],"tool":false,"touchDistance":0.333333,"touchZone":"none","type":4,"width":15.9071}],"r":[[0.907346,-0.301581,0.292868],[0.372368,0.899902,-0.226976],[-0.195101,0.315001,0.928822]],"s":0.912228,"t":[107.766,107.481,-176.216],"timestamp":607331922616},false],[5,{"currentFrameRate":107.843,"devices":[],"gestures":[],"hands":[{"armBasis":[[0.730632,-0.294429,-0.616026],[0.530946,0.812264,0.241503],[0.42927,-0.503527,0.749792]],"armWidth":63.1234,"confidence":0.712368,"direction":[-0.00473682,0.510734,-0.859726],"elbow":[95.0118,139.171,269.867],"grabStrength":0,"id":901,"palmNormal":[-0.543424,-0.723024,-0.426529],"palmPosition":[-28.7238,301.59,23.625],"palmVelocity":[-2.92597,27.9938,-162.228],"palmWidth":90.138,"pinchStrength":1,"r":[[0.906472,-0.299073,0.2981],[0.372002,0.899636,-0.228625],[-0.199807,0.318136,0.926751]],"s":0.913685,"sphereCenter":[-51.7418,275.718,-11.9426],"sphereRadius":44.5668,"stabilizedPalmPosition":[-42.7877,277.663,88.871],"t":[107.71,107.662,-177.592],"timeVisible":0.614718,"type":"right","wrist":[-19.8058,273.85,69.3191]}],"id":4465769,"interactionBox":{"center":[0,200,0],"size":[235.247,235.247,147.751]},"pointables":[{"bases":[[[0.822919,0.559167,0.100677],[-0.430705,0.498395,0.752393],[0.370536,-0.662521,0.650975]],[[0.65257,0.747869,-0.121837],[-0.621855,0.620459,0.477836],[0.432954,-0.236057,0.869959]],[[0.65257,0.747869,-0.121837],[-0.755866,0.653763,-0.0355086],[0.0530968,0.115264,0.991915]],[[0.65257,0.747869,-0.121837],[-0.649776,0.469602,-0.597716],[-0.389799,0.469219,0.792396]]],"btipPosition":[-63.4765,274.422,-19.2891],"carpPosition":[-49.3107,277.52,75.605],"dipPosition":[-72.5138,285.3,-0.917861],"direction":[-0.0530968,-0.115264,-0.991915],"extended":false,"handId":901,"id":9010,"length":51.6284,"mcpPosition":[-49.3107,277.52,75.605],"pipPosition":[-70.7203,289.193,32.5854],"stabilizedTipPosition":[-87.5745,253.971,57.3569],"timeVisible":0.614718,"tipPosition":[-65.6896,276.516,-14.8028],"tipVelocity":[25.7708,17.2275,-175.156],"tool":false,"touchDistance":-0.535776,"touchZone":"hovering","type":0,"width":20.0604},{"bases":[[[0.826733,-0.372818,-0.421331],[0.515811,0.801297,0.303087],[0.224615,-0.467899,0.854762]],[[0.845944,-0.420504,-0.327955],[0.470307,0.878193,0.087115],[0.251376,-0.227934,0.940668]],[[0.845944,-0.420504,-0.327955],[0.437732,0.898803,-0.0233378],[0.304581,-0.123814,0.944405]],[[0.845944,-0.420504,-0.327955],[0.409722,0.906147,-0.105004],[0.34133,-0.0455425,0.938839]]],"btipPosition":[-72.2664,340.76,-68.3252],"carpPosition":[-32.1276,293.223,72.5088],"dipPosition":[-66.4892,339.989,-52.4348],"direction":[-0.304581,0.123814,-0.944405],"extended":true,"handId":901,"id":9011,"length":58.2569,"mcpPosition":[-48.4977,327.323,10.2131],"pipPosition":[-59.1963,337.024,-29.8219],"stabilizedTipPosition":[-92.33,318.39,-0.0868502],"timeVisible":0.614718,"tipPosition":[-71.2499,339.073,-64.6548],"tipVelocity":[47.7747,26.6863,-198.546],"tool":false,"touchDistance":-0.57831,"touchZone":"hovering","type":1,"width":19.1617},{"bases":[[[0.74935,-0.563708,-0.34743],[0.652961,0.716265,0.246185],[0.110075,-0.411337,0.904812]],[[0.753474,-0.581294,-0.307203],[0.261375,0.693567,-0.671304],[0.603291,0.425515,0.67452]],[[0.753474,-0.581294,-0.307203],[-0.437859,-0.0950899,-0.894001],[0.490465,0.808119,-0.326172]],[[0.753474,-0.581294,-0.307203],[-0.638539,-0.535641,-0.552591],[0.156667,0.612524,-0.774771]]],"btipPosition":[-74.5602,264.292,-3.69512],"carpPosition":[-21.4128,290.348,67.437],"dipPosition":[-71.6437,275.695,-18.1183],"direction":[-0.490465,-0.808119,0.326172],"extended":false,"handId":901,"id":9012,"length":66.379,"mcpPosition":[-29.0207,318.778,4.90111],"pipPosition":[-57.8272,298.46,-27.3066],"stabilizedTipPosition":[-93.2554,235.584,77.7652],"timeVisible":0.614718,"tipPosition":[-74.0364,266.148,-5.9228],"tipVelocity":[25.6474,21.6112,-189.937],"tool":false,"touchDistance":0.333333,"touchZone":"none","type":2,"width":18.8193},{"bases":[[[0.706012,-0.670476,-0.228056],[0.708006,0.660683,0.249452],[-0.016579,-0.33758,0.941151]],[[0.706144,-0.657605,-0.262519],[0.383706,0.666987,-0.638669],[0.595089,0.350262,0.723316]],[[0.706144,-0.657605,-0.262519],[-0.36459,-0.0198589,-0.930956],[0.606989,0.753101,-0.253779]],[[0.706144,-0.657605,-0.262519],[-0.645385,-0.445246,-0.620672],[0.291272,0.60771,-0.738817]]],"btipPosition":[-59.2041,258.025,-7.06364],"carpPosition":[-11.845,284.495,62.7137],"dipPosition":[-53.813,269.273,-20.7384],"direction":[-0.606989,-0.753101,0.253779],"extended":false,"handId":901,"id":9013,"length":63.8252,"mcpPosition":[-10.8163,305.443,4.31205],"pipPosition":[-37.1556,289.94,-27.7028],"stabilizedTipPosition":[-79.9943,228.325,76.0606],"timeVisible":0.614718,"tipPosition":[-58.1584,259.934,-9.0523],"tipVelocity":[29.0642,20.4083,-178.621],"tool":false,"touchDistance":0.333333,"touchZone":"none","type":3,"width":17.9078},{"bases":[[[0.572595,-0.804926,-0.155656],[0.804933,0.515919,0.293106],[-0.155623,-0.293123,0.943324]],[[0.583197,-0.778936,-0.23052],[0.491616,0.564345,-0.663195],[0.646679,0.273446,0.712062]],[[0.583197,-0.778936,-0.23052],[-0.353909,0.0117908,-0.935205],[0.731183,0.626992,-0.268797]],[[0.583197,-0.778936,-0.23052],[-0.696199,-0.333059,-0.635908],[0.418555,0.531347,-0.736534]]],"btipPosition":[-41.0023,258.519,-3.10374],"carpPosition":[-5.97548,272.481,58.2404],"dipPosition":[-33.8553,267.592,-15.6804],"direction":[-0.731183,-0.626992,0.268797],"extended":false,"handId":901,"id":9014,"length":50.0378,"mcpPosition":[2.96386,289.319,4.05374],"pipPosition":[-19.6881,279.741,-20.8885],"stabilizedTipPosition":[-59.7895,232.467,70.2654],"timeVisible":0.614718,"tipPosition":[-39.6154,260.043,-4.95322],"tipVelocity":[26.6906,18.9981,-157.328],"tool":false,"touchDistance":0.333333,"touchZone":"none","type":4,"width":15.9071}],"r":[[0.906472,-0.299073,0.2981],[0.372002,0.899636,-0.228625],[-0.199807,0.318136,0.926751]],"s":0.913685,"t":[107.71,107.662,-177.592],"timestamp":607331931728},false],[6,{"currentFrameRate":107.979,"devices":[],"gestures":[],"hands":[{"armBasis":[[0.737261,-0.287122,-0.611562],[0.524179,0.814189,0.249665],[0.426243,-0.504636,0.750772]],"armWidth":63.1234,"confidence":0.724716,"direction":[-0.00282156,0.509163,-0.860666],"elbow":[93.9988,139.37,269.022],"grabStrength":0,"id":901,"palmNormal":[-0.535359,-0.72771,-0.428753],"palmPosition":[-28.8292,301.939,22.41],"palmVelocity":[-5.33546,30.9531,-154.673],"palmWidth":90.138,"pinchStrength":1,"r":[[0.905788,-0.295626,0.303566],[0.370707,0.899875,-0.229785],[-0.205242,0.32067,0.924687]],"s":0.915253,"sphereCenter":[-51.6239,276.092,-13.2048],"sphereRadius":44.5523,"stabilizedPalmPosition":[-42.7829,277.672,88.8482],"t":[107.63,107.927,-178.887],"timeVisible":0.623734,"type":"right","wrist":[-20.0091,274.346,68.2117]}],"id":4465770,"interactionBox":{"center":[0,200,0],"size":[235.247,235.247,147.751]},"pointables":[{"bases":[[[0.818162,0.565314,0.10503],[-0.439224,0.496581,0.748659],[0.371071,-0.658656,0.654583]],[[0.64887,0.751706,-0.117923],[-0.629476,0.617376,0.471811],[0.427466,-0.231914,0.873778]],[[0.64887,0.751706,-0.117923],[-0.759507,0.649229,-0.0406356],[0.0460129,0.11593,0.992191]],[[0.64887,0.751706,-0.117923],[-0.649107,0.465984,-0.601265],[-0.397024,0.466687,0.790301]]],"btipPosition":[-63.0679,274.545,-20.7456],"carpPosition":[-49.5803,277.813,74.2982],"dipPosition":[-72.2727,285.365,-2.42286],"direction":[-0.0460129,-0.11593,-0.992191],"extended":false,"handId":901,"id":9010,"length":51.6284,"mcpPosition":[-49.5803,277.813,74.2982],"pipPosition":[-70.7186,289.281,31.0897],"stabilizedTipPosition":[-87.5673,253.978,57.3331],"timeVisible":0.623734,"tipPosition":[-65.3265,276.61,-16.261],"tipVelocity":[29.9695,15.8532,-171.752],"tool":false,"touchDistance":-0.532546,"touchZone":"hovering","type":0,"width":20.0604},{"bases":[[[0.832156,-0.367542,-0.415247],[0.507987,0.805562,0.30499],[0.22241,-0.464739,0.85706]],[[0.850932,-0.414382,-0.322804],[0.464463,0.880596,0.0939392],[0.245333,-0.229866,0.941793]],[[0.850932,-0.414382,-0.322804],[0.432941,0.901285,-0.0157155],[0.297451,-0.126382,0.946335]],[[0.850932,-0.414382,-0.322804],[0.405767,0.908813,-0.0970101],[0.333568,-0.0484342,0.941481]]],"btipPosition":[-71.9107,341.134,-69.8545],"carpPosition":[-32.4918,293.634,71.2857],"dipPosition":[-66.2648,340.314,-53.9194],"direction":[-0.297451,0.126382,-0.946335],"extended":true,"handId":901,"id":9011,"length":58.2569,"mcpPosition":[-48.7012,327.505,8.82255],"pipPosition":[-59.1426,337.288,-31.2603],"stabilizedTipPosition":[-92.301,318.42,-0.175296],"timeVisible":0.623734,"tipPosition":[-70.9297,339.422,-66.1837],"tipVelocity":[44.5655,30.4069,-190.278],"tool":false,"touchDistance":-0.571598,"touchZone":"hovering","type":1,"width":19.1617},{"bases":[[[0.75568,-0.558858,-0.341506],[0.646119,0.721429,0.24914],[0.107138,-0.408923,0.906258]],[[0.759664,-0.576323,-0.301267],[0.264333,0.696914,-0.666662],[0.59417,0.426805,0.681762]],[[0.759664,-0.576323,-0.301267],[-0.429934,-0.0975047,-0.89758],[0.487921,0.811384,-0.321852]],[[0.759664,-0.576323,-0.301267],[-0.631122,-0.541642,-0.555255],[0.156827,0.611944,-0.775197]]],"btipPosition":[-74.1637,264.463,-5.40241],"carpPosition":[-21.7235,290.829,66.2892],"dipPosition":[-71.2442,275.855,-19.8335],"direction":[-0.487921,-0.811384,0.321852],"extended":false,"handId":901,"id":9012,"length":66.379,"mcpPosition":[-29.1283,319.091,3.65339],"pipPosition":[-57.4994,298.712,-28.9001],"stabilizedTipPosition":[-93.2489,235.594,77.7367],"timeVisible":0.623734,"tipPosition":[-73.6431,266.312,-7.6276],"tipVelocity":[30.7086,20.8031,-189.834],"tool":false,"touchDistance":0.333333,"touchZone":"none","type":2,"width":18.8193},{"bases":[[[0.712338,-0.665727,-0.222223],[0.701544,0.666254,0.252866],[-0.0202829,-0.336025,0.941634]],[[0.712601,-0.652908,-0.256729],[0.383854,0.669152,-0.636311],[0.587244,0.35489,0.72746]],[[0.712601,-0.652908,-0.256729],[-0.358251,-0.0240159,-0.933317],[0.603205,0.757056,-0.251019]],[[0.712601,-0.652908,-0.256729],[-0.63834,-0.451587,-0.623371],[0.291069,0.608096,-0.738579]]],"btipPosition":[-58.7572,258.149,-8.43186],"carpPosition":[-12.0828,285.037,61.6391],"dipPosition":[-53.3698,269.405,-22.1023],"direction":[-0.603205,-0.757056,0.251019],"extended":false,"handId":901,"id":9013,"length":63.8252,"mcpPosition":[-10.8241,305.888,3.20741],"pipPosition":[-36.8163,290.18,-28.9909],"stabilizedTipPosition":[-79.9859,228.337,76.0279],"timeVisible":0.623734,"tipPosition":[-57.7192,260.069,-10.4498],"tipVelocity":[34.6774,18.6538,-171.202],"tool":false,"touchDistance":0.333333,"touchZone":"none","type":3,"width":17.9078},{"bases":[[[0.579429,-0.801016,-0.150451],[0.799232,0.522277,0.297416],[-0.159657,-0.292577,0.942819]],[[0.590307,-0.775161,-0.225085],[0.492605,0.566867,-0.660305],[0.639436,0.278905,0.716473]],[[0.590307,-0.775161,-0.225085],[-0.347841,0.00734035,-0.937525],[0.728385,0.631721,-0.265299]],[[0.590307,-0.775161,-0.225085],[-0.689961,-0.339847,-0.639107],[0.418916,0.532569,-0.735445]]],"btipPosition":[-40.5903,258.761,-4.32998],"carpPosition":[-6.09701,273.058,57.226],"dipPosition":[-33.4371,267.855,-16.888],"direction":[-0.728385,-0.631721,0.265299],"extended":false,"handId":901,"id":9014,"length":50.0378,"mcpPosition":[3.07406,289.865,3.06836],"pipPosition":[-19.3242,280.095,-22.0283],"stabilizedTipPosition":[-59.7804,232.48,70.2315],"timeVisible":0.623734,"tipPosition":[-39.2076,260.295,-6.20048],"tipVelocity":[31.9602,21.2966,-151.334],"tool":false,"touchDistance":0.333333,"touchZone":"none","type":4,"width":15.9071}