{"sensorType":"Leap","data":[[0,{"currentFrameRate":108.185,"devices":[],"gestures":[],"hands":[{"armBasis":[[0.744368,-0.231823,-0.626238],[0.517658,0.792746,0.321845],[0.421836,-0.563748,0.7101]],"armWidth":63.1234,"confidence":0.865795,"direction":[-0.0464061,0.414844,-0.908708],"elbow":[95.9214,125.836,275.089],"grabStrength":0,"id":898,"palmNormal":[-0.518272,-0.78767,-0.333121],"palmPosition":[-28.0569,298.884,37.0202],"palmVelocity":[11.6486,37.8277,-134.311],"palmWidth":90.138,"pinchStrength":1,"r":[[0.960841,-0.0933096,0.260919],[0.169865,0.942274,-0.288557],[-0.218932,0.321579,0.921225]],"s":0.567937,"sphereCenter":[-49.2531,270.156,3.64082],"sphereRadius":44.5767,"stabilizedPalmPosition":[-69.7606,290.501,225.119],"t":[58.877,11.6152,-218.578],"timeVisible":0.750212,"type":"right","wrist":[-16.9079,276.623,85.157]}],"id":4463957,"interactionBox":{"center":[0,200,0],"size":[235.247,235.247,147.751]},"pointables":[{"bases":[[[0.798131,0.602171,0.0194085],[-0.437369,0.556941,0.706063],[0.414361,-0.572019,0.707883]],[[0.623942,0.753352,-0.207743],[-0.674698,0.653443,0.343213],[0.394308,-0.0739811,0.915996]],[[0.623942,0.753352,-0.207743],[-0.776023,0.628632,-0.0510881],[0.0921067,0.19309,0.976848]],[[0.623942,0.753352,-0.207743],[-0.760313,0.523767,-0.384178],[-0.180612,0.397655,0.899583]]],"btipPosition":[-64.8344,267.57,-7.36929],"carpPosition":[-46.4122,279.653,91.7776],"dipPosition":[-69.0218,276.79,13.4871],"direction":[-0.0921067,-0.19309,-0.976848],"extended":false,"handId":898,"id":8980,"length":51.6284,"mcpPosition":[-46.4122,279.653,91.7776],"pipPosition":[-65.9108,283.312,46.4814],"stabilizedTipPosition":[-100.364,284.033,159.568],"timeVisible":0.750212,"tipPosition":[-65.2818,268.525,-2.33687],"tipVelocity":[-7.97723,70.4478,-141.981],"tool":false,"touchDistance":-0.481893,"touchZone":"hovering","type":0,"width":20.0604},{"bases":[[[0.834041,-0.37938,-0.400558],[0.484483,0.850965,0.202816],[0.263916,-0.36322,0.893543]],[[0.86592,-0.433549,-0.249434],[0.463657,0.882823,0.0751426],[0.187628,-0.180719,0.965472]],[[0.86592,-0.433549,-0.249434],[0.44114,0.897011,-0.0276856],[0.235748,-0.0860618,0.967996]],[[0.86592,-0.433549,-0.249434],[0.420468,0.901041,-0.106452],[0.270902,-0.0127005,0.962523]]],"btipPosition":[-67.4919,332.108,-59.094],"carpPosition":[-30.0421,295.669,86.5878],"dipPosition":[-62.9067,331.893,-42.8027],"direction":[-0.235748,0.0860618,-0.967996],"extended":true,"handId":898,"id":8981,"length":58.2569,"mcpPosition":[-49.2765,322.141,21.4657],"pipPosition":[-57.262,329.832,-19.6249],"stabilizedTipPosition":[-115.055,313.268,119.328],"timeVisible":0.750212,"tipPosition":[-66.7356,330.727,-55.3574],"tipVelocity":[18.9215,36.4202,-141.6],"tool":false,"touchDistance":-0.50326,"touchZone":"hovering","type":1,"width":19.1617},{"bases":[[[0.767134,-0.564437,-0.304821],[0.62419,0.766395,0.151745],[0.147962,-0.306675,0.940243]],[[0.769811,-0.570171,-0.286875],[0.310189,0.727007,-0.612572],[0.55783,0.382579,0.736518]],[[0.769811,-0.570171,-0.286875],[-0.519018,-0.297589,-0.801287],[0.3715,0.765733,-0.525016]],[[0.769811,-0.570171,-0.286875],[-0.622679,-0.769615,-0.141293],[-0.140222,0.2874,-0.947491]]],"btipPosition":[-64.032,268.745,13.8505],"carpPosition":[-19.3149,292.738,81.5749],"dipPosition":[-66.6424,274.095,-3.78802],"direction":[-0.3715,-0.765733,0.525016],"extended":false,"handId":898,"id":8982,"length":66.379,"mcpPosition":[-29.5413,313.934,16.5903],"pipPosition":[-56.1772,295.666,-18.5778],"stabilizedTipPosition":[-97.2415,255.371,233.82],"timeVisible":0.750212,"tipPosition":[-65.0903,269.234,10.0242],"tipVelocity":[33.1328,51.3344,-120.113],"tool":false,"touchDistance":0.333333,"touchZone":"none","type":2,"width":18.8193},{"bases":[[[0.731295,-0.659572,-0.1737],[0.681801,0.713943,0.159475],[0.0188266,-0.235052,0.9718]],[[0.730824,-0.655128,-0.191581],[0.441078,0.667481,-0.599933],[0.52091,0.353943,0.776774]],[[0.730824,-0.655128,-0.191581],[-0.45698,-0.261129,-0.850283],[0.507017,0.708956,-0.49022]],[[0.730824,-0.655128,-0.191581],[-0.682556,-0.702943,-0.199969],[-0.00366544,0.276907,-0.96089]]],"btipPosition":[-47.6586,261.174,13.8082],"carpPosition":[-9.58817,286.835,77.2546],"dipPosition":[-47.7264,266.299,-3.977],"direction":[-0.507017,-0.708956,0.49022],"extended":false,"handId":898,"id":8983,"length":63.8252,"mcpPosition":[-10.7564,301.421,16.9511],"pipPosition":[-33.8125,285.755,-17.4299],"stabilizedTipPosition":[-84.8694,252.918,236.397],"timeVisible":0.750212,"tipPosition":[-48.1531,261.713,10.213],"tipVelocity":[31.468,48.6505,-123.139],"tool":false,"touchDistance":0.333333,"touchZone":"none","type":3,"width":17.9078},{"bases":[[[0.605786,-0.791181,-0.0840035],[0.786211,0.579074,0.215743],[-0.122047,-0.196738,0.97283]],[[0.613694,-0.772599,-0.162696],[0.554651,0.568517,-0.607577],[0.561909,0.282627,0.777419]],[[0.613694,-0.772599,-0.162696],[-0.470012,-0.191915,-0.861544],[0.634405,0.605193,-0.480908]],[[0.613694,-0.772599,-0.162696],[-0.783368,-0.570101,-0.247627],[0.0985635,0.279418,-0.955097]]],"btipPosition":[-29.912,259.583,16.4463],"carpPosition":[-3.26498,274.679,73.9327],"dipPosition":[-28.229,264.355,0.137582],"direction":[-0.634405,-0.605193,0.480908],"extended":false,"handId":898,"id":8984,"length":50.0378,"mcpPosition":[3.74568,285.98,18.0512],"pipPosition":[-15.9369,276.081,-9.18032],"stabilizedTipPosition":[-69.0722,256.5,220.098],"timeVisible":0.750212,"tipPosition":[-29.9364,260.222,13.4775],"tipVelocity":[28.7063,44.2207,-130.182],"tool":false,"touchDistance":0.333333,"touchZone":"none","type":4,"width":15.9071}],"r":[[0.960841,-0.0933096,0.260919],[0.169865,0.942274,-0.288557],[-0.218932,0.321579,0.921225]],"s":0.567937,"t":[58.877,11.6152,-218.578],"timestamp":607314966401},false],[1,{"currentFrameRate":108.221,"devices":[],"gestures":[],"hands":[{"armBasis":[[0.748507,-0.228953,-0.622349],[0.513624,0.793786,0.325721],[0.419437,-0.563458,0.71175]],"armWidth":63.1234,"confidence":0.871908,"direction":[-0.045287,0.417425,-0.907582],"elbow":[95.2912,126.437,274.005],"grabStrength":0,"id":898,"palmNormal":[-0.514229,-0.788643,-0.337062],"palmPosition":[-27.9871,299.509,35.5291],"palmVelocity":[10.5194,46.3078,-142.172],"palmWidth":90.138,"pinchStrength":1,"r":[[0.960714,-0.0919373,0.26187],[0.169046,0.942163,-0.2894],[-0.220118,0.322298,0.920691]],"s":0.569074,"sphereCenter":[-49.0176,270.867,1.99722],"sphereRadius":44.581,"stabilizedPalmPosition":[-69.7597,290.501,225.115],"t":[58.9966,12.0797,-219.926],"timeVisible":0.759389,"type":"right","wrist":[-16.8964,277.146,83.6315]}],"id":4463958,"interactionBox":{"center":[0,200,0],"size":[235.247,235.247,147.751]},"pointables":[{"bases":[[[0.795739,0.605178,0.0236312],[-0.441627,0.553103,0.70643],[0.414446,-0.57257,0.707388]],[[0.622555,0.755887,-0.202634],[-0.677674,0.650216,0.343478],[0.391386,-0.0765145,0.91704]],[[0.622555,0.755887,-0.202634],[-0.777601,0.626651,-0.0514301],[0.0881053,0.189586,0.977903]],[[0.622555,0.755887,-0.202634],[-0.762605,0.527853,-0.373905],[-0.175669,0.387306,0.905061]]],"btipPosition":[-64.6891,268.443,-9.18848],"carpPosition":[-46.4319,280.042,90.1727],"dipPosition":[-68.7619,277.422,11.7949],"direction":[-0.0881053,-0.189586,-0.977903],"extended":false,"handId":898,"id":8980,"length":51.6284,"mcpPosition":[-46.4319,280.042,90.1727],"pipPosition":[-65.786,283.826,44.8249],"stabilizedTipPosition":[-100.296,284.006,159.245],"timeVisible":0.759389,"tipPosition":[-65.1007,269.362,-4.1065],"tipVelocity":[-0.526891,75.6425,-156.796],"tool":false,"touchDistance":-0.488887,"touchZone":"hovering","type":0,"width":20.0604},{"bases":[[[0.836694,-0.374945,-0.399198],[0.480586,0.852204,0.206848],[0.262641,-0.364918,0.893227]],[[0.868254,-0.429264,-0.248734],[0.460366,0.883988,0.0814158],[0.184929,-0.185198,0.965144]],[[0.868254,-0.429264,-0.248734],[0.437896,0.898744,-0.0224887],[0.233202,-0.0893935,0.968311]],[[0.868254,-0.429264,-0.248734],[0.417194,0.903054,-0.102188],[0.268486,-0.0150448,0.963166]]],"btipPosition":[-67.2483,333.009,-60.5826],"carpPosition":[-30.1082,296.136,85.0806],"dipPosition":[-62.7041,332.754,-44.2804],"direction":[-0.233202,0.0893935,-0.968311],"extended":true,"handId":898,"id":8981,"length":58.2569,"mcpPosition":[-49.2497,322.732,19.9816],"pipPosition":[-57.1203,330.614,-21.0951],"stabilizedTipPosition":[-115.051,313.269,119.315],"timeVisible":0.759389,"tipPosition":[-66.4866,331.639,-56.8538],"tipVelocity":[20.7631,53.3927,-147.277],"tool":false,"touchDistance":-0.503559,"touchZone":"hovering","type":1,"width":19.1617},{"bases":[[[0.770216,-0.560549,-0.304224],[0.62077,0.768327,0.155942],[0.14633,-0.308962,0.93975]],[[0.772886,-0.566385,-0.286104],[0.309959,0.73041,-0.608627],[0.55369,0.381719,0.74008]],[[0.772886,-0.566385,-0.286104],[-0.517159,-0.300984,-0.801221],[0.367686,0.767214,-0.525538]],[[0.772886,-0.566385,-0.286104],[-0.618036,-0.774095,-0.137139],[-0.143798,0.282816,-0.948334]]],"btipPosition":[-63.5874,269.512,12.2612],"carpPosition":[-19.3548,293.262,80.0911],"dipPosition":[-66.2644,274.777,-5.39307],"direction":[-0.367686,-0.767214,0.525538],"extended":false,"handId":898,"id":8982,"length":66.379,"mcpPosition":[-29.4684,314.616,15.1406],"pipPosition":[-55.9066,296.389,-20.1975],"stabilizedTipPosition":[-97.2374,255.372,233.792],"timeVisible":0.759389,"tipPosition":[-64.6851,269.972,8.37205],"tipVelocity":[36.9405,59.7338,-135.038],"tool":false,"touchDistance":0.333333,"touchZone":"none","type":2,"width":18.8193},{"bases":[[[0.734352,-0.65622,-0.1735],[0.67856,0.716075,0.163686],[0.0168251,-0.237933,0.971136]],[[0.733893,-0.651525,-0.192138],[0.440877,0.672065,-0.594942],[0.516748,0.351915,0.780466]],[[0.733893,-0.651525,-0.192138],[-0.455228,-0.261813,-0.851012],[0.504151,0.712018,-0.488735]],[[0.733893,-0.651525,-0.192138],[-0.679233,-0.706642,-0.198242],[-0.00661321,0.275994,-0.961137]]],"btipPosition":[-47.2213,261.95,12.1774],"carpPosition":[-9.59253,287.41,75.7822],"dipPosition":[-47.3437,267.059,-5.61233],"direction":[-0.504151,-0.712018,0.488735],"extended":false,"handId":898,"id":8983,"length":63.8252,"mcpPosition":[-10.6366,302.175,15.5199],"pipPosition":[-33.5085,286.598,-19.0245],"stabilizedTipPosition":[-84.8664,252.919,236.379],"timeVisible":0.759389,"tipPosition":[-47.7449,262.473,8.53373],"tipVelocity":[35.6022,58.5622,-138.402],"tool":false,"touchDistance":0.333333,"touchZone":"none","type":3,"width":17.9078},{"bases":[[[0.609084,-0.788583,-0.08458],[0.783321,0.581439,0.219858],[-0.124198,-0.200165,0.971858]],[[0.617222,-0.769494,-0.164059],[0.554753,0.573492,-0.60279],[0.55793,0.281043,0.780851]],[[0.617222,-0.769494,-0.164059],[-0.468723,-0.192147,-0.862194],[0.63193,0.609064,-0.479277]],[[0.617222,-0.769494,-0.164059],[-0.780978,-0.573901,-0.246396],[0.0954469,0.280208,-0.955182]]],"btipPosition":[-29.4954,260.357,14.8615],"carpPosition":[-3.21256,275.289,72.4425],"dipPosition":[-27.8656,265.141,-1.44863],"direction":[-0.63193,-0.609064,0.479277],"extended":false,"handId":898,"id":8984,"length":50.0378,"mcpPosition":[3.92165,286.787,16.6168],"pipPosition":[-15.6216,276.942,-10.7349],"stabilizedTipPosition":[-69.0702,256.5,220.087],"timeVisible":0.759389,"tipPosition":[-29.5522,260.99,11.8354],"tipVelocity":[32.9909,55.4917,-142.058],"tool":false,"touchDistance":0.333333,"touchZone":"none","type":4,"width":15.9071}],"r":[[0.960714,-0.0919373,0.26187],[0.169046,0.942163,-0.2894],[-0.220118,0.322298,0.920691]],"s":0.569074,"t":[58.9966,12.0797,-219.926],"timestamp":607314975578},false],[2,{"currentFrameRate":108.393,"devices":[],"gestures":[],"hands":[{"armBasis":[[0.746737,-0.234248,-0.622505],[0.518374,0.791389,0.324025],[0.416741,-0.564652,0.712387]],"armWidth":63.1234,"confidence":0.793056,"direction":[-0.0430733,0.406831,-0.912487],"elbow":[94.8594,126.616,273.337],"grabStrength":0,"id":898,"palmNormal":[-0.518549,-0.789782,-0.327646],"palmPosition":[-27.5789,299.494,34.428],"palmVelocity":[20.126,33.2202,-137.094],"palmWidth":90.138,"pinchStrength":1,"r":[[0.960512,-0.0912632,0.262846],[0.169421,0.941195,-0.292316],[-0.220712,0.325304,0.919491]],"s":0.570273,"sphereCenter":[-48.8985,270.751,1.26867],"sphereRadius":44.5567,"stabilizedPalmPosition":[-69.7588,290.501,225.111],"t":[59.2605,12.3042,-221.15],"timeVisible":0.768303,"type":"right","wrist":[-16.607,277.644,82.7932]}],"id":4463959,"interactionBox":{"center":[0,200,0],"size":[235.247,235.247,147.751]},"pointables":[{"bases":[[[0.799031,0.601065,0.0164198],[-0.438551,0.563875,0.699798],[0.411365,-0.566361,0.714152]],[[0.627142,0.749751,-0.211107],[-0.673691,0.658158,0.336108],[0.39094,-0.0685663,0.917859]],[[0.627142,0.749751,-0.211107],[-0.773838,0.630607,-0.0592481],[0.0887043,0.20052,0.975666]],[[0.627142,0.749751,-0.211107],[-0.760218,0.530172,-0.375482],[-0.169595,0.395968,0.902467]]],"btipPosition":[-64.5219,268.217,-9.96639],"carpPosition":[-46.1257,280.78,89.2995],"dipPosition":[-68.4539,277.397,10.9568],"direction":[-0.0887043,-0.20052,-0.975666],"extended":false,"handId":898,"id":8980,"length":51.6284,"mcpPosition":[-46.1257,280.78,89.2995],"pipPosition":[-65.4577,284.17,43.9112],"stabilizedTipPosition":[-100.239,283.984,158.979],"timeVisible":0.768303,"tipPosition":[-64.9163,269.205,-4.88243],"tipVelocity":[5.71434,49.5506,-138.282],"tool":false,"touchDistance":-0.480207,"touchZone":"hovering","type":0,"width":20.0604},{"bases":[[[0.834607,-0.384232,-0.394711],[0.485244,0.85197,0.196685],[0.260709,-0.355686,0.897507]],[[0.865741,-0.436597,-0.244695],[0.465676,0.881843,0.0741544],[0.183407,-0.178147,0.96676]],[[0.865741,-0.436597,-0.244695],[0.442984,0.895981,-0.0313571],[0.232932,-0.0812488,0.969093]],[[0.865741,-0.436597,-0.244695],[0.421946,0.899637,-0.112314],[0.269172,-0.00601333,0.963073]]],"btipPosition":[-66.6546,332.274,-62.0449],"carpPosition":[-29.7149,296.723,84.0162],"dipPosition":[-62.0987,332.173,-45.7442],"direction":[-0.232932,0.0812488,-0.969093],"extended":true,"handId":898,"id":8981,"length":58.2569,"mcpPosition":[-48.7156,322.645,18.6052],"pipPosition":[-56.5214,330.227,-22.5402],"stabilizedTipPosition":[-115.048,313.27,119.304],"timeVisible":0.768303,"tipPosition":[-65.8831,330.949,-58.3096],"tipVelocity":[33.3298,17.4812,-151.855],"tool":false,"touchDistance":-0.503476,"touchZone":"hovering","type":1,"width":19.1617},{"bases":[[[0.767124,-0.568326,-0.297534],[0.624964,0.76673,0.14678],[0.144709,-0.298546,0.943361]],[[0.769781,-0.573999,-0.279215],[0.314727,0.721874,-0.616315],[0.555323,0.386551,0.736339]],[[0.769781,-0.573999,-0.279215],[-0.519962,-0.310162,-0.795889],[0.370237,0.757842,-0.537215]],[[0.769781,-0.573999,-0.279215],[-0.621347,-0.774002,-0.121857],[-0.146167,0.267293,-0.952465]]],"btipPosition":[-63.204,269.582,11.5662],"carpPosition":[-18.9777,293.73,79.0612],"dipPosition":[-65.925,274.558,-6.16497],"direction":[-0.370237,-0.757842,0.537215],"extended":false,"handId":898,"id":8982,"length":66.379,"mcpPosition":[-28.9792,314.364,13.8611],"pipPosition":[-55.4954,295.907,-21.2984],"stabilizedTipPosition":[-97.2326,255.375,233.76],"timeVisible":0.768303,"tipPosition":[-64.3299,269.977,7.63854],"tipVelocity":[38.2857,43.5958,-120.035],"tool":false,"touchDistance":0.333333,"touchZone":"none","type":2,"width":18.8193},{"bases":[[[0.730748,-0.662237,-0.16568],[0.682469,0.714259,0.155145],[0.0155958,-0.226443,0.973899]],[[0.730295,-0.657613,-0.184973],[0.444907,0.663328,-0.601709],[0.51839,0.357129,0.777001]],[[0.730295,-0.657613,-0.184973],[-0.45867,-0.271357,-0.84616],[0.506252,0.702788,-0.499798]],[[0.730295,-0.657613,-0.184973],[-0.683059,-0.706906,-0.183615],[-0.0100105,0.260441,-0.965438]]],"btipPosition":[-46.8677,261.912,11.5824],"carpPosition":[-9.24776,287.774,74.8222],"dipPosition":[-47.053,266.733,-6.2869],"direction":[-0.506252,-0.702788,0.499798],"extended":false,"handId":898,"id":8983,"length":63.8252,"mcpPosition":[-10.2155,301.826,14.3884],"pipPosition":[-33.1601,286.019,-20.0027],"stabilizedTipPosition":[-84.8629,252.92,236.358],"timeVisible":0.768303,"tipPosition":[-47.4258,262.37,7.87771],"tipVelocity":[36.2681,39.419,-119.445],"tool":false,"touchDistance":0.333333,"touchZone":"none","type":3,"width":17.9078},{"bases":[[[0.604765,-0.792846,-0.0751899],[0.786498,0.579731,0.212915],[-0.125219,-0.1879,0.974173]],[[0.613059,-0.774557,-0.155625],[0.55805,0.563992,-0.608682],[0.55923,0.286311,0.778002]],[[0.613059,-0.774557,-0.155625],[-0.471728,-0.200868,-0.858559],[0.633743,0.599761,-0.488525]],[[0.613059,-0.774557,-0.155625],[-0.784583,-0.573794,-0.234925],[0.0926662,0.266124,-0.959474]]],"btipPosition":[-29.1917,260.179,14.2652],"carpPosition":[-2.93427,275.579,71.627],"dipPosition":[-27.6094,264.723,-2.11817],"direction":[-0.633743,-0.599761,0.488525],"extended":false,"handId":898,"id":8984,"length":50.0378,"mcpPosition":[4.25859,286.373,15.6683],"pipPosition":[-15.3302,276.344,-11.5837],"stabilizedTipPosition":[-69.0681,256.5,220.076],"timeVisible":0.768303,"tipPosition":[-29.2752,260.768,11.1773],"tipVelocity":[32.9524,33.2634,-122.1],"tool":false,"touchDistance":0.333333,"touchZone":"none","type":4,"width":15.9071}],"r":[[0.960512,-0.0912632,0.262846],[0.169421,0.941195,-0.292316],[-0.220712,0.325304,0.919491]],"s":0.570273,"t":[59.2605,12.3042,-221.15],"timestamp":607314984492},false],[3,{"currentFrameRate":108.484,"devices":[],"gestures":[],"hands":[{"armBasis":[[0.747091,-0.237266,-0.620935],[0.520591,0.789692,0.32461],[0.413328,-0.565766,0.71349]],"armWidth":63.1234,"confidence":0.794596,"direction":[-0.0430421,0.407613,-0.91214],"elbow":[94.1229,126.833,272.265],"grabStrength":0,"id":898,"palmNormal":[-0.52074,-0.788314,-0.327705],"palmPosition":[-27.4003,300.071,33.0885],"palmVelocity":[20.0143,41.6423,-140.088],"palmWidth":90.138,"pinchStrength":1,"r":[[0.96036,-0.0912128,0.263417],[0.170104,0.940378,-0.294541],[-0.220845,0.327674,0.918617]],"s":0.571628,"sphereCenter":[-49.0539,271.722,-0.00424603],"sphereRadius":44.4969,"stabilizedPalmPosition":[-69.7579,290.502,225.107],"t":[59.4817,12.705,-222.432],"timeVisible":0.777357,"type":"right","wrist":[-16.4308,278.159,81.4262]}],"id":4463960,"interactionBox":{"center":[0,200,0],"size":[235.247,235.247,147.751]},"pointables":[{"bases":[[[0.800461,0.59917,0.0160538],[-0.436511,0.564384,0.700663],[0.410756,-0.567861,0.713311]],[[0.629041,0.74824,-0.210817],[-0.671856,0.659704,0.336748],[0.391045,-0.0701899,0.917691]],[[0.629041,0.74824,-0.210817],[-0.772206,0.632658,-0.058673],[0.0894733,0.199702,0.975763]],[[0.629041,0.74824,-0.210817],[-0.759861,0.534593,-0.369894],[-0.164069,0.39287,0.904839]]],"btipPosition":[-64.4909,268.977,-11.351],"carpPosition":[-45.9354,281.359,87.965],"dipPosition":[-68.2948,278.085,9.62724],"direction":[-0.0894733,-0.199702,-0.975763],"extended":false,"handId":898,"id":8980,"length":51.6284,"mcpPosition":[-45.9354,281.359,87.965],"pipPosition":[-65.2727,284.83,42.585],"stabilizedTipPosition":[-100.187,283.965,158.732],"timeVisible":0.777357,"tipPosition":[-64.8741,269.973,-6.24526],"tipVelocity":[5.9793,58.5254,-141.938],"tool":false,"touchDistance":-0.481099,"touchZone":"hovering","type":0,"width":20.0604},{"bases":[[[0.833298,-0.385901,-0.395846],[0.487449,0.850678,0.196825],[0.260783,-0.356969,0.896976]],[[0.864287,-0.438041,-0.247241],[0.468474,0.879975,0.0785909],[0.18314,-0.183751,0.965762]],[[0.864287,-0.438041,-0.247241],[0.445465,0.894855,-0.0282084],[0.233601,-0.0857569,0.968543]],[[0.864287,-0.438041,-0.247241],[0.424034,0.898905,-0.110297],[0.270561,-0.00951026,0.962656]]],"btipPosition":[-66.4657,333.319,-63.2829],"carpPosition":[-29.4924,297.268,82.6767],"dipPosition":[-61.8863,333.158,-46.9893],"direction":[-0.233601,0.0857569,-0.968543],"extended":true,"handId":898,"id":8981,"length":58.2569,"mcpPosition":[-48.4985,323.284,17.3045],"pipPosition":[-56.2929,331.104,-23.7984],"stabilizedTipPosition":[-115.045,313.272,119.292],"timeVisible":0.777357,"tipPosition":[-65.6822,331.976,-59.5593],"tipVelocity":[30.0552,44.0711,-147.732],"tool":false,"touchDistance":-0.500056,"touchZone":"hovering","type":1,"width":19.1617},{"bases":[[[0.76548,-0.569909,-0.298737],[0.626917,0.765147,0.146714],[0.144964,-0.29959,0.94299]],[[0.768166,-0.575652,-0.28026],[0.31667,0.722047,-0.615117],[0.556454,0.383762,0.736943]],[[0.768166,-0.575652,-0.28026],[-0.52283,-0.311333,-0.79355],[0.369554,0.756106,-0.540123]],[[0.768166,-0.575652,-0.28026],[-0.622193,-0.774411,-0.114737],[-0.150988,0.262513,-0.953042]]],"btipPosition":[-62.9563,270.449,10.303],"carpPosition":[-18.7674,294.254,77.7086],"dipPosition":[-65.7671,275.336,-7.43891],"direction":[-0.369554,-0.756106,0.540123],"extended":false,"handId":898,"id":8982,"length":66.379,"mcpPosition":[-28.7865,314.96,12.5341],"pipPosition":[-55.3567,296.636,-22.6543],"stabilizedTipPosition":[-97.2266,255.378,233.719],"timeVisible":0.777357,"tipPosition":[-64.1226,270.817,6.33841],"tipVelocity":[34.6391,57.3601,-125.487],"tool":false,"touchDistance":0.333333,"touchZone":"none","type":2,"width":18.8193},{"bases":[[[0.729017,-0.663832,-0.166916],[0.684307,0.712534,0.154982],[0.016052,-0.227206,0.973714]],[[0.72853,-0.658994,-0.187006],[0.446646,0.663961,-0.59972],[0.519376,0.353388,0.778052]],[[0.72853,-0.658994,-0.187006],[-0.46243,-0.271721,-0.843994],[0.505374,0.701352,-0.502695]],[[0.72853,-0.658994,-0.187006],[-0.684817,-0.707195,-0.175784],[-0.016409,0.256128,-0.966504]]],"btipPosition":[-46.6052,262.748,10.2797],"carpPosition":[-9.05583,288.278,73.4553],"dipPosition":[-46.9089,267.489,-7.60934],"direction":[-0.505374,-0.701352,0.502695],"extended":false,"handId":898,"id":8983,"length":63.8252,"mcpPosition":[-10.0519,302.377,13.033],"pipPosition":[-33.0401,286.736,-21.4046],"stabilizedTipPosition":[-84.8584,252.921,236.331],"timeVisible":0.777357,"tipPosition":[-47.2162,263.173,6.52429],"tipVelocity":[33.4302,53.4616,-126.328],"tool":false,"touchDistance":0.333333,"touchZone":"none","type":3,"width":17.9078},{"bases":[[[0.60282,-0.794212,-0.0763954],[0.788077,0.577719,0.212546],[-0.124671,-0.188332,0.97416]],[[0.611131,-0.775689,-0.157559],[0.558872,0.563825,-0.608082],[0.560519,0.283563,0.778082]],[[0.611131,-0.775689,-0.157559],[-0.475142,-0.200308,-0.856806],[0.633055,0.598484,-0.490977]],[[0.611131,-0.775689,-0.157559],[-0.786636,-0.573099,-0.229699],[0.0878783,0.264318,-0.960424]]],"btipPosition":[-29.0132,260.847,12.9445],"carpPosition":[-2.77432,276.071,70.2446],"dipPosition":[-27.5127,265.36,-3.45508],"direction":[-0.633055,-0.598484,0.490977],"extended":false,"handId":898,"id":8984,"length":50.0378,"mcpPosition":[4.38708,286.889,14.2866],"pipPosition":[-15.2468,276.956,-12.9681],"stabilizedTipPosition":[-69.0656,256.501,220.063],"timeVisible":0.777357,"tipPosition":[-29.1288,261.429,9.80095],"tipVelocity":[28.7243,44.2291,-128.774],"tool":false,"touchDistance":0.333333,"touchZone":"none","type":4,"width":15.9071}],"r":[[0.96036,-0.0912128,0.263417],[0.170104,0.940378,-0.294541],[-0.220845,0.327674,0.918617]],"s":0.571628,"t":[59.4817,12.705,-222.432],"timestamp":607314993546},false],[4,{"currentFrameRate":108.608,"devices":[],"gestures":[],"hands":[{"armBasis":[[0.754054,-0.229667,-0.61535],[0.512111,0.792218,0.331864],[0.411273,-0.565371,0.71499]],"armWidth":63.1234,"confidence":0.806138,"direction":[-0.0410447,0.406143,-0.912887],"elbow":[93.3285,128.249,270.82],"grabStrength":0,"id":898,"palmNormal":[-0.512021,-0.793121,-0.329838],"palmPosition":[-27.5414,301.229,31.151],"palmVelocity":[10.2217,65.5667,-160.805],"palmWidth":90.138,"pinchStrength":1,"r":[[0.960076,-0.0894664,0.265045],[0.169402,0.939936,-0.296349],[-0.222613,0.329417,0.917566]],"s":0.573437,"sphereCenter":[-48.9256,272.913,-1.96324],"sphereRadius":44.4365,"stabilizedPalmPosition":[-69.7566,290.502,225.101],"t":[59.5218,13.4844,-224.042],"timeVisible":0.786342,"type":"right","wrist":[-16.6755,279.47,79.5807]}],"id":4463961,"interactionBox":{"center":[0,200,0],"size":[235.247,235.247,147.751]},"pointables":[{"bases":[[[0.79521,0.606001,0.020103],[-0.445506,0.561471,0.697335],[0.411298,-0.563483,0.716464]],[[0.624307,0.753109,-0.207528],[-0.679507,0.654594,0.331326],[0.385371,-0.0658322,0.92041]],[[0.624307,0.753109,-0.207528],[-0.776925,0.626283,-0.0644761],[0.0814137,0.201487,0.976102]],[[0.624307,0.753109,-0.207528],[-0.763281,0.531541,-0.367241],[-0.166263,0.387673,0.906679]]],"btipPosition":[-64.1969,269.887,-13.5659],"carpPosition":[-46.2451,282.425,85.9386],"dipPosition":[-68.0516,278.875,7.45499],"direction":[-0.0814137,-0.201487,-0.976102],"extended":false,"handId":898,"id":8980,"length":51.6284,"mcpPosition":[-46.2451,282.425,85.9386],"pipPosition":[-65.3018,285.681,40.4241],"stabilizedTipPosition":[-100.14,283.948,158.505],"timeVisible":0.786342,"tipPosition":[-64.5865,270.884,-8.42775],"tipVelocity":[12.9552,69.423,-170.312],"tool":false,"touchDistance":-0.494399,"touchZone":"hovering","type":0,"width":20.0604},{"bases":[[[0.83892,-0.379243,-0.390368],[0.478984,0.855043,0.198684],[0.258432,-0.35366,0.898965]],[[0.869345,-0.430667,-0.242414],[0.460978,0.883463,0.083621],[0.178151,-0.184443,0.966563]],[[0.869345,-0.430667,-0.242414],[0.438267,0.898509,-0.0245566],[0.228387,-0.0848938,0.969862]],[[0.869345,-0.430667,-0.242414],[0.417015,0.902481,-0.107826],[0.265211,-0.0073523,0.964162]]],"btipPosition":[-66.2812,334.249,-65.4665],"carpPosition":[-29.907,298.467,80.7292],"dipPosition":[-61.7924,334.125,-49.1474],"direction":[-0.228387,0.0848938,-0.969862],"extended":true,"handId":898,"id":8981,"length":58.2569,"mcpPosition":[-48.7417,324.242,15.212],"pipPosition":[-56.3238,332.092,-25.925],"stabilizedTipPosition":[-115.041,313.273,119.278],"timeVisible":0.786342,"tipPosition":[-65.5007,332.924,-61.7435],"tipVelocity":[26.8084,60.6417,-173.683],"tool":false,"touchDistance":-0.51105,"touchZone":"hovering","type":1,"width":19.1617},{"bases":[[[0.772093,-0.563708,-0.293439],[0.619475,0.770646,0.149515],[0.141855,-0.297218,0.944213]],[[0.774738,-0.569455,-0.274775],[0.314591,0.724136,-0.613726],[0.548464,0.389035,0.740161]],[[0.774738,-0.569455,-0.274775],[-0.517195,-0.320764,-0.793486],[0.363717,0.756856,-0.543027]],[[0.774738,-0.569455,-0.274775],[-0.613549,-0.782082,-0.109106],[-0.152766,0.253116,-0.955298]]],"btipPosition":[-62.5219,271.472,8.30913],"carpPosition":[-19.127,295.539,75.8292],"dipPosition":[-65.3658,276.184,-9.47474],"direction":[-0.363717,-0.756856,0.543027],"extended":false,"handId":898,"id":8982,"length":66.379,"mcpPosition":[-28.9312,316.081,10.5701],"pipPosition":[-55.1199,297.505,-24.7719],"stabilizedTipPosition":[-97.219,255.381,233.668],"timeVisible":0.786342,"tipPosition":[-63.7113,271.793,4.27842],"tipVelocity":[38.1654,71.631,-152.22],"tool":false,"touchDistance":0.333333,"touchZone":"none","type":2,"width":18.8193},{"bases":[[[0.735642,-0.657781,-0.161722],[0.677261,0.718535,0.158192],[0.0121476,-0.225901,0.974075]],[[0.735206,-0.652727,-0.182812],[0.441739,0.665929,-0.601169],[0.514139,0.361228,0.77793]],[[0.735206,-0.652727,-0.182812],[-0.461577,-0.28458,-0.840215],[0.496406,0.702112,-0.510509]],[[0.735206,-0.652727,-0.182812],[-0.677437,-0.71688,-0.16481],[-0.0234782,0.245013,-0.969236]]],"btipPosition":[-46.0378,263.868,8.71397],"carpPosition":[-9.33946,289.641,71.6415],"dipPosition":[-46.4724,268.403,-9.22566],"direction":[-0.496406,-0.702112,0.510509],"extended":false,"handId":898,"id":8983,"length":63.8252,"mcpPosition":[-10.0933,303.659,11.1968],"pipPosition":[-32.8497,287.671,-23.2354],"stabilizedTipPosition":[-84.852,252.923,236.292],"timeVisible":0.786342,"tipPosition":[-46.6915,264.274,4.74713],"tipVelocity":[40.6601,71.5423,-139.826],"tool":false,"touchDistance":0.333333,"touchZone":"none","type":3,"width":17.9078},{"bases":[[[0.610021,-0.789126,-0.0717967],[0.781831,0.584679,0.216544],[-0.128902,-0.188229,0.973629]],[[0.618864,-0.769956,-0.155486],[0.556311,0.56937,-0.605257],[0.55455,0.288073,0.780698]],[[0.618864,-0.769956,-0.155486],[-0.472544,-0.206812,-0.856698],[0.627463,0.603653,-0.491826]],[[0.618864,-0.769956,-0.155486],[-0.781002,-0.581997,-0.22653],[0.083926,0.261626,-0.961514]]],"btipPosition":[-28.5459,262.043,11.1575],"carpPosition":[-2.9349,277.484,68.4837],"dipPosition":[-27.1128,266.51,-5.26071],"direction":[-0.627463,-0.603653,0.491826],"extended":false,"handId":898,"id":8984,"length":50.0378,"mcpPosition":[4.46954,288.297,12.5562],"pipPosition":[-14.9553,278.206,-14.7902],"stabilizedTipPosition":[-69.0621,256.501,220.045],"timeVisible":0.786342,"tipPosition":[-28.6937,262.615,7.92709],"tipVelocity":[34.6376,68.261,-148.13],"tool":false,"touchDistance":0.333333,"touchZone":"none","type":4,"width":15.9071}],"r":[[0.960076,-0.0894664,0.265045],[0.169402,0.939936,-0.296349],[-0.222613,0.329417,0.917566]],"s":0.573437,"t":[59.5218,13.4844,-224.042],"timestamp":607315002531},false],[5,{"currentFrameRate":108.556,"devices":[],"gestures":[],"hands":[{"armBasis":[[0.757329,-0.229829,-0.611254],[0.510389,0.792226,0.334486],[0.407377,-0.565293,0.717278]],"armWidth":63.1234,"confidence":0.813929,"direction":[-0.0405482,0.400483,-0.915406],"elbow":[92.4246,129.116,269.756],"grabStrength":0,"id":898,"palmNormal":[-0.510023,-0.796113,-0.325702],"palmPosition":[-27.3773,301.759,29.3274],"palmVelocity":[12.3161,63.1271,-170.734],"palmWidth":90.138,"pinchStrength":1,"r":[[0.959805,-0.08737,0.266721],[0.168562,0.939281,-0.298896],[-0.224411,0.331841,0.916254]],"s":0.575239,"sphereCenter":[-48.7809,273.386,-3.60556],"sphereRadius":44.3997,"stabilizedPalmPosition":[-69.7549,290.502,225.093],"t":[59.6239,14.1391,-225.758],"timeVisible":0.795648,"type":"right","wrist":[-16.5373,280.316,77.9042]}],"id":4463962,"interactionBox":{"center":[0,200,0],"size":[235.247,235.247,147.751]},"pointables":[{"bases":[[[0.794008,0.607656,0.0175091],[-0.447569,0.56485,0.693272],[0.411381,-0.5583,0.720463]],[[0.623549,0.752824,-0.210815],[-0.681239,0.655518,0.325899],[0.383538,-0.059599,0.9216]],[[0.623549,0.752824,-0.210815],[-0.777766,0.62467,-0.0697692],[0.0791656,0.207469,0.975033]],[[0.623549,0.752824,-0.210815],[-0.76486,0.531645,-0.36379],[-0.161791,0.388084,0.907311]]],"btipPosition":[-64.0104,270.196,-15.3391],"carpPosition":[-46.1215,283.254,84.2028],"dipPosition":[-67.7614,279.193,5.69639],"direction":[-0.0791656,-0.207469,-0.975033],"extended":false,"handId":898,"id":8980,"length":51.6284,"mcpPosition":[-46.1215,283.254,84.2028],"pipPosition":[-65.0875,286.201,38.6294],"stabilizedTipPosition":[-100.097,283.934,158.303],"timeVisible":0.795648,"tipPosition":[-64.3767,271.222,-10.1756],"tipVelocity":[15.6821,59.2421,-175.926],"tool":false,"touchDistance":-0.499841,"touchZone":"hovering","type":0,"width":20.0604},{"bases":[[[0.840199,-0.379989,-0.386877],[0.477051,0.857169,0.194125],[0.257853,-0.347664,0.901466]],[[0.870435,-0.430261,-0.239202],[0.459566,0.884393,0.0815307],[0.176469,-0.180896,0.967541]],[[0.870435,-0.430261,-0.239202],[0.436804,0.899127,-0.0277993],[0.227034,-0.0802869,0.970572]],[[0.870435,-0.430261,-0.239202],[0.415432,0.902702,-0.112002],[0.264118,-0.00188161,0.964489]]],"btipPosition":[-66.0167,334.286,-67.5239],"carpPosition":[-29.8071,299.295,78.9182],"dipPosition":[-61.5463,334.254,-51.1994],"direction":[-0.227034,0.0802869,-0.970572],"extended":true,"handId":898,"id":8981,"length":58.2569,"mcpPosition":[-48.5997,324.633,13.2187],"pipPosition":[-56.1102,332.332,-27.9599],"stabilizedTipPosition":[-115.037,313.275,119.265],"timeVisible":0.795648,"tipPosition":[-65.2336,332.999,-63.7967],"tipVelocity":[27.1365,45.2825,-187.035],"tool":false,"touchDistance":-0.519121,"touchZone":"hovering","type":1,"width":19.1617},{"bases":[[[0.773593,-0.563988,-0.288916],[0.617774,0.772746,0.145669],[0.141103,-0.291173,0.946207]],[[0.776219,-0.569608,-0.270241],[0.314859,0.721592,-0.616578],[0.546212,0.393512,0.73946]],[[0.776219,-0.569608,-0.270241],[-0.516973,-0.32971,-0.789956],[0.360864,0.752886,-0.550399]],[[0.776219,-0.569608,-0.270241],[-0.610648,-0.785873,-0.0975326],[-0.15682,0.240729,-0.95784]]],"btipPosition":[-62.0942,272.002,6.6818],"carpPosition":[-19.0146,296.358,74.0512],"dipPosition":[-65.0136,276.484,-11.1494],"direction":[-0.360864,-0.752886,0.550399],"extended":false,"handId":898,"id":8982,"length":66.379,"mcpPosition":[-28.7669,316.482,8.65432],"pipPosition":[-54.848,297.693,-26.6542],"stabilizedTipPosition":[-97.2101,255.386,233.608],"timeVisible":0.795648,"tipPosition":[-63.3166,272.26,2.61498],"tipVelocity":[39.8394,65.8702,-158.947],"tool":false,"touchDistance":0.333333,"touchZone":"none","type":2,"width":18.8193},{"bases":[[[0.737139,-0.657326,-0.156678],[0.675648,0.720801,0.154744],[0.0112167,-0.219927,0.975452]],[[0.736699,-0.652203,-0.178623],[0.440806,0.663485,-0.604547],[0.512801,0.366631,0.776284]],[[0.736699,-0.652203,-0.178623],[-0.463688,-0.294948,-0.835463],[0.492207,0.69831,-0.519706]],[[0.736699,-0.652203,-0.178623],[-0.675534,-0.721716,-0.150933],[-0.0304763,0.231858,-0.972272]]],"btipPosition":[-45.5464,264.419,7.28172],"carpPosition":[-9.20983,290.454,69.9132],"dipPosition":[-46.1105,268.71,-10.7141],"direction":[-0.492207,-0.69831,0.519706],"extended":false,"handId":898,"id":8983,"length":63.8252,"mcpPosition":[-9.90587,304.101,9.38307],"pipPosition":[-32.6031,287.874,-24.9762],"stabilizedTipPosition":[-84.8432,252.926,236.24],"timeVisible":0.795648,"tipPosition":[-46.2498,264.765,3.2201],"tipVelocity":[43.1855,66.3435,-144.195],"tool":false,"touchDistance":0.333333,"touchZone":"none","type":3,"width":17.9078},{"bases":[[[0.611645,-0.788363,-0.0661272],[0.780394,0.587507,0.214058],[-0.129905,-0.182533,0.97458]],[[0.620774,-0.769008,-0.152534],[0.554596,0.568264,-0.607864],[0.554132,0.292752,0.779252]],[[0.620774,-0.769008,-0.152534],[-0.475159,-0.214294,-0.853406],[0.623589,0.60225,-0.498429]],[[0.620774,-0.769008,-0.152534],[-0.780151,-0.586701,-0.217133],[0.0774849,0.25379,-0.964151]]],"btipPosition":[-28.131,262.518,9.68144],"carpPosition":[-2.77735,278.29,66.8386],"dipPosition":[-26.8079,266.852,-6.78182],"direction":[-0.623589,-0.60225,0.498429],"extended":false,"handId":898,"id":8984,"length":50.0378,"mcpPosition":[4.68469,288.775,10.8565],"pipPosition":[-14.7255,278.521,-16.4392],"stabilizedTipPosition":[-69.0573,256.502,220.02],"timeVisible":0.795648,"tipPosition":[-28.3178,263.067,6.36746],"tipVelocity":[36.6775,62.4877,-151.406],"tool":false,"touchDistance":0.333333,"touchZone":"none","type":4,"width":15.9071}],"r":[[0.959805,-0.08737,0.266721],[0.168562,0.939281,-0.298896],[-0.224411,0.331841,0.916254]],"s":0.575239,"t":[59.6239,14.1391,-225.758],"timestamp":607315011837},false],[6,{"currentFrameRate":108.761,"devices":[],"gestures":[],"hands":[{"armBasis":[[0.754183,-0.239739,-0.611337],[0.516363,0.79166,0.326563],[0.405681,-0.561961,0.720849]],"armWidth":63.1234,"confidence":0.820514,"direction":[-0.0383269,0.395673,-0.917592],"elbow":[92.1214,130.41,269.555],"grabStrength":0,"id":898,"palmNormal":[-0.516136,-0.79413,-0.320877],"palmPosition":[-27.1073,301.97,28.061],"palmVelocity":[17.2524,52.5399,-163.38],"palmWidth":90.138,"pinchStrength":1,"r":[[0.959498,-0.0868068,0.268007],[0.169232,0.938165,-0.302003],[-0.225219,0.335127,0.914859]],"s":0.577458,"sphereCenter":[-48.9398,273.92,-4.6151],"sphereRadius":44.3234,"stabilizedPalmPosition":[-69.7532,290.503,225.085],"t":[59.81,14.5719,-227.25],"timeVisible":0.804473,"type":"right","wrist":[-16.3868,280.719,76.7482]}],"id":4463963,"interactionBox":{"center":[0,200,0],"size":[235.247,235.247,147.751]},"pointables":[{"bases":[[[0.798478,0.601873,0.0135233],[-0.44284,0.571983,0.690455],[0.407831,-0.557301,0.723249]],[[0.629019,0.746964,-0.215359],[-0.676208,0.6624,0.322444],[0.383508,-0.0571956,0.921765]],[[0.629019,0.746964,-0.215359],[-0.773202,0.629862,-0.0737096],[0.0805883,0.212881,0.973749]],[[0.629019,0.746964,-0.215359],[-0.761492,0.5363,-0.364023],[-0.156415,0.392972,0.90615]]],"btipPosition":[-64.0036,270.436,-16.427],"carpPosition":[-45.9435,283.909,83.0527],"dipPosition":[-67.63,279.547,4.58161],"direction":[-0.0805883,-0.212881,-0.973749],"extended":false,"handId":898,"id":8980,"length":51.6284,"mcpPosition":[-45.9435,283.909,83.0527],"pipPosition":[-64.908,286.737,37.4713],"stabilizedTipPosition":[-100.064,283.923,158.142],"timeVisible":0.804473,"tipPosition":[-64.3647,271.51,-11.2622],"tipVelocity":[12.5309,51.3986,-161.896],"tool":false,"touchDistance":-0.494601,"touchZone":"hovering","type":0,"width":20.0604},{"bases":[[[0.837067,-0.38832,-0.385391],[0.483509,0.854694,0.188987],[0.256004,-0.344535,0.903193]],[[0.86691,-0.437668,-0.238567],[0.466818,0.880664,0.0806916],[0.174781,-0.18132,0.967768]],[[0.86691,-0.437668,-0.238567],[0.444161,0.895483,-0.028828],[0.226249,-0.0809707,0.970698]],[[0.86691,-0.437668,-0.238567],[0.42276,0.899133,-0.113288],[0.264086,-0.00264565,0.964496]]],"btipPosition":[-65.4992,334.61,-68.9142],"carpPosition":[-29.5156,299.8,77.6666],"dipPosition":[-61.0294,334.566,-52.5895],"direction":[-0.226249,0.0809707,-0.970698],"extended":true,"handId":898,"id":8981,"length":58.2569,"mcpPosition":[-48.1734,324.91,11.8413],"pipPosition":[-55.6121,332.627,-29.3471],"stabilizedTipPosition":[-115.034,313.276,119.253],"timeVisible":0.804473,"tipPosition":[-64.7339,333.303,-65.1843],"tipVelocity":[35.6387,42.8874,-179.068],"tool":false,"touchDistance":-0.516396,"touchZone":"hovering","type":1,"width":19.1617},{"bases":[[[0.769184,-0.571275,-0.286357],[0.623568,0.768968,0.140895],[0.139709,-0.286937,0.947707]],[[0.771794,-0.57683,-0.267585],[0.317899,0.714474,-0.623272],[0.550704,0.395972,0.7348]],[[0.771794,-0.57683,-0.267585],[-0.523789,-0.338126,-0.781867],[0.360527,0.743598,-0.563101]],[[0.771794,-0.57683,-0.267585],[-0.614375,-0.784957,-0.0799133],[-0.163946,0.226074,-0.960215]]],"btipPosition":[-61.8046,272.525,5.9593],"carpPosition":[-18.7489,296.757,72.8078],"dipPosition":[-64.8566,276.734,-11.9161],"direction":[-0.360527,-0.743598,0.563101],"extended":false,"handId":898,"id":8982,"length":66.379,"mcpPosition":[-28.4049,316.588,7.3073],"pipPosition":[-54.7005,297.681,-27.7787],"stabilizedTipPosition":[-97.2003,255.391,233.543],"timeVisible":0.804473,"tipPosition":[-63.0899,272.753,1.75112],"tipVelocity":[37.0112,62.1578,-138.444],"tool":false,"touchDistance":0.333333,"touchZone":"none","type":2,"width":18.8193},{"bases":[[[0.73215,-0.663605,-0.153574],[0.681065,0.716649,0.150215],[0.0103748,-0.214574,0.976653]],[[0.731714,-0.658462,-0.176134],[0.444854,0.657118,-0.608523],[0.51643,0.366911,0.773742]],[[0.731714,-0.658462,-0.176134],[-0.469258,-0.299223,-0.830821],[0.494361,0.690575,-0.527934]],[[0.731714,-0.658462,-0.176134],[-0.680703,-0.719263,-0.138942],[-0.0351984,0.221561,-0.974511]]],"btipPosition":[-45.4079,264.78,6.36909],"carpPosition":[-8.99121,290.757,68.6954],"dipPosition":[-46.0594,268.881,-11.6682],"direction":[-0.494361,-0.690575,0.527934],"extended":false,"handId":898,"id":8983,"length":63.8252,"mcpPosition":[-9.63501,304.072,8.0907],"pipPosition":[-32.4928,287.832,-26.1561],"stabilizedTipPosition":[-84.8338,252.929,236.184],"timeVisible":0.804473,"tipPosition":[-46.1457,265.09,2.24603],"tipVelocity":[35.1476,58.1552,-133.474],"tool":false,"touchDistance":0.333333,"touchZone":"none","type":3,"width":17.9078},{"bases":[[[0.605766,-0.793208,-0.0621993],[0.784873,0.582919,0.210191],[-0.130468,-0.176145,0.97568]],[[0.615105,-0.773955,-0.150466],[0.556562,0.561395,-0.612434],[0.558466,0.292968,0.77607]],[[0.615105,-0.773955,-0.150466],[-0.481874,-0.217976,-0.848696],[0.624054,0.594542,-0.507026]],[[0.615105,-0.773955,-0.150466],[-0.785201,-0.584021,-0.205861],[0.0714517,0.244772,-0.966944]]],"btipPosition":[-28.0302,262.687,8.78908],"carpPosition":[-2.651,278.53,65.6837],"dipPosition":[-26.8101,266.866,-7.72188],"direction":[-0.624054,-0.594542,0.507026],"extended":false,"handId":898,"id":8984,"length":50.0378,"mcpPosition":[4.84339,288.648,9.63842],"pipPosition":[-14.7186,278.386,-17.5459],"stabilizedTipPosition":[-69.0525,256.503,219.995],"timeVisible":0.804473,"tipPosition":[-28.2508,263.217,5.37841],"tipVelocity":[29.1343,49.6788,-138.162],"tool":false,"touchDistance":0.333333,"touchZone":"none","type":4,"width":15.9071}],"r":[[0.959498,-0.0