{"sensorType":"Leap","data":[[0,{"currentFrameRate":109.412,"devices":[],"gestures":[],"hands":[{"armBasis":[[0.696973,-0.28236,-0.659168],[0.555659,0.793705,0.247538],[0.45329,-0.5388,0.710086]],"armWidth":63.1234,"confidence":0.857916,"direction":[0.0211474,0.467548,-0.883715],"elbow":[92.1087,133.745,272.794],"grabStrength":0,"id":900,"palmNormal":[-0.559777,-0.726836,-0.397943],"palmPosition":[-36.6534,303.559,35.7496],"palmVelocity":[92.3752,-8.10577,-130.758],"palmWidth":90.138,"pinchStrength":1,"r":[[0.888966,-0.173491,0.423841],[0.285847,0.93326,-0.217525],[-0.357815,0.314526,0.879228]],"s":0.748283,"sphereCenter":[-63.7444,282.621,2.05998],"sphereRadius":43.5863,"stabilizedPalmPosition":[-69.4084,297.231,162.314],"t":[69.3841,57.2753,-194.85],"timeVisible":0.578449,"type":"right","wrist":[-29.1337,277.859,82.8661]}],"id":4465324,"interactionBox":{"center":[0,200,0],"size":[235.247,235.247,147.751]},"pointables":[{"bases":[[[0.838141,0.53889,0.0843585],[-0.424583,0.547475,0.721111],[0.342415,-0.64021,0.687665]],[[0.618101,0.757256,-0.210985],[-0.669118,0.647686,0.364395],[0.412593,-0.084059,0.907029]],[[0.618101,0.757256,-0.210985],[-0.785557,0.604975,-0.130019],[0.0291829,0.246106,0.968804]],[[0.618101,0.757256,-0.210985],[-0.714896,0.429872,-0.551483],[-0.326917,0.491705,0.807064]]],"btipPosition":[-72.3977,267.15,-7.72524],"carpPosition":[-58.5886,282.706,88.5615],"dipPosition":[-79.9771,278.55,10.9861],"direction":[-0.0291829,-0.246106,-0.968804],"extended":false,"handId":900,"id":9000,"length":51.6284,"mcpPosition":[-58.5886,282.706,88.5615],"pipPosition":[-78.9914,286.863,43.7087],"stabilizedTipPosition":[-123.046,265.992,136.9],"timeVisible":0.578449,"tipPosition":[-74.7679,269.938,-3.43115],"tipVelocity":[87.8714,4.90064,-136.197],"tool":false,"touchDistance":-0.48502,"touchZone":"hovering","type":0,"width":20.0604},{"bases":[[[0.820164,-0.417454,-0.391232],[0.536044,0.799697,0.270447],[0.199968,-0.431528,0.879657]],[[0.836237,-0.459138,-0.299834],[0.497937,0.864815,0.0644492],[0.22971,-0.203193,0.951812]],[[0.836237,-0.459138,-0.299834],[0.469863,0.881836,-0.0399123],[0.28273,-0.107505,0.953156]],[[0.836237,-0.459138,-0.299834],[0.445274,0.887663,-0.117414],[0.320061,-0.0353226,0.946738]]],"btipPosition":[-77.44,340.991,-58.532],"carpPosition":[-40.9028,297.721,84.9338],"dipPosition":[-72.0228,340.394,-42.5079],"direction":[-0.28273,0.107505,-0.953156],"extended":true,"handId":900,"id":9001,"length":58.2569,"mcpPosition":[-55.4766,329.172,20.8238],"pipPosition":[-65.2531,337.819,-19.6854],"stabilizedTipPosition":[-129.473,329.65,84.8458],"timeVisible":0.578449,"tipPosition":[-76.4188,339.487,-54.8974],"tipVelocity":[95.1383,3.50444,-133.126],"tool":false,"touchDistance":-0.515633,"touchZone":"hovering","type":1,"width":19.1617},{"bases":[[[0.73616,-0.602089,-0.309124],[0.671246,0.70794,0.219658],[0.0865877,-0.369201,0.925307]],[[0.738793,-0.61495,-0.27572],[0.384602,0.720676,-0.576809],[0.553413,0.3201,0.768941]],[[0.738793,-0.61495,-0.27572],[-0.469177,-0.175621,-0.865465],[0.483795,0.768761,-0.418268]],[[0.738793,-0.61495,-0.27572],[-0.673887,-0.66933,-0.312849],[0.00783854,0.416935,-0.908902]]],"btipPosition":[-76.4028,275.099,8.18993],"carpPosition":[-30.2188,294.285,80.1556],"dipPosition":[-76.2568,282.861,-8.73023],"direction":[-0.483795,-0.768762,0.418268],"extended":false,"handId":900,"id":9002,"length":66.379,"mcpPosition":[-36.2033,319.802,16.2033],"pipPosition":[-62.6283,304.517,-20.5129],"stabilizedTipPosition":[-113.348,256.203,157.921],"timeVisible":0.578449,"tipPosition":[-76.8192,276.111,4.80003],"tipVelocity":[106.225,2.92169,-127.72],"tool":false,"touchDistance":0.333333,"touchZone":"none","type":2,"width":18.8193},{"bases":[[[0.688168,-0.7015,-0.185261],[0.724544,0.650985,0.226396],[-0.0382146,-0.290028,0.956255]],[[0.689045,-0.691746,-0.216114],[0.477968,0.65792,-0.581969],[0.54476,0.297707,0.783968]],[[0.689045,-0.691746,-0.216114],[-0.437103,-0.158819,-0.885278],[0.578064,0.70446,-0.411798]],[[0.689045,-0.691746,-0.216114],[-0.71771,-0.60996,-0.335919],[0.10055,0.386571,-0.916762]]],"btipPosition":[-60.2404,266.258,10.0868],"carpPosition":[-20.7753,287.924,75.856],"dipPosition":[-58.3794,273.413,-6.88156],"direction":[-0.578064,-0.70446,0.411798],"extended":false,"handId":900,"id":9003,"length":63.8252,"mcpPosition":[-18.404,305.922,16.517],"pipPosition":[-42.5158,292.745,-18.1824],"stabilizedTipPosition":[-98.1912,249.64,155.526],"timeVisible":0.578449,"tipPosition":[-60.3784,267.144,6.78765],"tipVelocity":[111.706,8.15779,-132.924],"tool":false,"touchDistance":0.333333,"touchZone":"none","type":3,"width":17.9078},{"bases":[[[0.549881,-0.828207,-0.108183],[0.816517,0.505753,0.278412],[-0.175869,-0.241427,0.954349]],[[0.526797,-0.849991,-0.000910875],[0.668074,0.414713,-0.617811],[0.525511,0.324853,0.786326]],[[0.526797,-0.849991,-0.000910875],[-0.369353,-0.227948,-0.900898],[0.765548,0.474927,-0.434029]],[[0.526797,-0.849991,-0.000910875],[-0.791998,-0.490466,-0.363569],[0.308584,0.192249,-0.931567]]],"btipPosition":[-43.6247,265.541,14.0104],"carpPosition":[-15.2172,275.537,72.0574],"dipPosition":[-38.3555,268.824,-1.89645],"direction":[-0.765548,-0.474927,0.434029],"extended":false,"handId":900,"id":9004,"length":50.0378,"mcpPosition":[-5.11488,289.405,17.2375],"pipPosition":[-23.5226,278.026,-10.306],"stabilizedTipPosition":[-79.5315,252.97,150.208],"timeVisible":0.578449,"tipPosition":[-42.929,265.705,10.9466],"tipVelocity":[115.394,2.06105,-139.205],"tool":false,"touchDistance":0.333333,"touchZone":"none","type":4,"width":15.9071}],"r":[[0.888966,-0.173491,0.423841],[0.285847,0.93326,-0.217525],[-0.357815,0.314526,0.879228]],"s":0.748283,"t":[69.3841,57.2753,-194.85],"timestamp":607327764848},false],[1,{"currentFrameRate":109.352,"devices":[],"gestures":[],"hands":[{"armBasis":[[0.701332,-0.281911,-0.654721],[0.553776,0.793807,0.251402],[0.448849,-0.538884,0.712838]],"armWidth":63.1234,"confidence":0.830579,"direction":[0.0233615,0.460773,-0.88721],"elbow":[91.6743,133.903,271.938],"grabStrength":0,"id":900,"palmNormal":[-0.556928,-0.730995,-0.394307],"palmPosition":[-35.7833,303.36,33.9346],"palmVelocity":[92.8471,-11.8659,-149.147],"palmWidth":90.138,"pinchStrength":1,"r":[[0.888594,-0.171946,0.425248],[0.285674,0.932785,-0.219778],[-0.358875,0.316775,0.877987]],"s":0.748975,"sphereCenter":[-62.7276,282.023,0.258634],"sphereRadius":43.6573,"stabilizedPalmPosition":[-69.3671,297.238,162.156],"t":[70.2814,57.1132,-196.33],"timeVisible":0.5877,"type":"right","wrist":[-28.3802,278.039,81.274]}],"id":4465325,"interactionBox":{"center":[0,200,0],"size":[235.247,235.247,147.751]},"pointables":[{"bases":[[[0.836773,0.541197,0.0831652],[-0.428218,0.552159,0.715367],[0.341234,-0.634212,0.693782]],[[0.621127,0.754825,-0.21081],[-0.668632,0.650708,0.359876],[0.408819,-0.0825746,0.908872]],[[0.621127,0.754825,-0.21081],[-0.783175,0.607764,-0.131376],[0.028957,0.246702,0.968659]],[[0.621127,0.754825,-0.21081],[-0.720965,0.444878,-0.531312],[-0.307263,0.481999,0.820528]]],"btipPosition":[-71.9351,267.446,-9.85734],"carpPosition":[-57.8646,282.871,86.8278],"dipPosition":[-79.0588,278.621,9.16617],"direction":[-0.028957,-0.246702,-0.968659],"extended":false,"handId":900,"id":9000,"length":51.6284,"mcpPosition":[-57.8646,282.871,86.8278],"pipPosition":[-78.0808,286.954,41.8839],"stabilizedTipPosition":[-122.879,266.006,136.42],"timeVisible":0.5877,"tipPosition":[-73.9333,269.897,-5.34516],"tipVelocity":[80.4122,10.9452,-160.512],"tool":false,"touchDistance":-0.495755,"touchZone":"hovering","type":0,"width":20.0604},{"bases":[[[0.822369,-0.418813,-0.385104],[0.533504,0.802825,0.26617],[0.197695,-0.424344,0.883656]],[[0.83804,-0.459227,-0.294618],[0.49636,0.865884,0.0622237],[0.22653,-0.198383,0.953587]],[[0.83804,-0.459227,-0.294618],[0.468485,0.882431,-0.0428606],[0.279663,-0.102105,0.954653]],[[0.83804,-0.459227,-0.294618],[0.443991,0.887831,-0.12095],[0.317115,-0.0294468,0.94793]]],"btipPosition":[-76.3087,340.206,-60.7418],"carpPosition":[-40.1957,297.893,83.1471],"dipPosition":[-70.9413,339.707,-44.6975],"direction":[-0.279663,0.102105,-0.954653],"extended":true,"handId":900,"id":9001,"length":58.2569,"mcpPosition":[-54.6039,328.819,18.7456],"pipPosition":[-64.245,337.263,-21.8392],"stabilizedTipPosition":[-129.216,329.699,84.1741],"timeVisible":0.5877,"tipPosition":[-75.2822,338.736,-57.1007],"tipVelocity":[102.422,-20.6503,-162.704],"tool":false,"touchDistance":-0.52548,"touchZone":"hovering","type":1,"width":19.1617},{"bases":[[[0.738438,-0.602978,-0.301873],[0.669065,0.71095,0.216568],[0.0840312,-0.361895,0.928424]],[[0.740998,-0.615699,-0.268022],[0.387311,0.717926,-0.578422],[0.548554,0.324802,0.770449]],[[0.740998,-0.615699,-0.268022],[-0.466858,-0.185466,-0.864665],[0.482665,0.765844,-0.424874]],[[0.740998,-0.615699,-0.268022],[-0.671484,-0.676128,-0.303249],[0.00549292,0.40468,-0.914442]]],"btipPosition":[-75.1878,274.836,6.46936],"carpPosition":[-29.4881,294.441,78.4333],"dipPosition":[-75.0855,282.37,-10.5539],"direction":[-0.482665,-0.765844,0.424874],"extended":false,"handId":900,"id":9002,"length":66.379,"mcpPosition":[-35.2959,319.453,14.2656],"pipPosition":[-61.4888,303.944,-22.5227],"stabilizedTipPosition":[-113.21,256.276,157.36],"timeVisible":0.5877,"tipPosition":[-75.6419,275.784,3.01895],"tipVelocity":[112.976,-7.48373,-144.817],"tool":false,"touchDistance":0.333333,"touchZone":"none","type":2,"width":18.8193},{"bases":[[[0.690203,-0.701529,-0.177419],[0.722451,0.654155,0.223933],[-0.0410358,-0.282735,0.95832]],[[0.691167,-0.692045,-0.208235],[0.478752,0.654292,-0.585404],[0.541372,0.304919,0.783543]],[[0.691167,-0.692045,-0.208235],[-0.435577,-0.168987,-0.884147],[0.576681,0.701796,-0.418237]],[[0.691167,-0.692045,-0.208235],[-0.71584,-0.615984,-0.328841],[0.0993037,0.376347,-0.921141]]],"btipPosition":[-59.0959,265.89,8.59546],"carpPosition":[-20.0169,288.067,74.2162],"dipPosition":[-57.2579,272.856,-8.454],"direction":[-0.576681,-0.701796,0.418237],"extended":false,"handId":900,"id":9003,"length":63.8252,"mcpPosition":[-17.4705,305.611,14.7491],"pipPosition":[-41.4323,292.115,-19.9315],"stabilizedTipPosition":[-98.0404,249.709,154.95],"timeVisible":0.5877,"tipPosition":[-59.2419,266.758,5.20322],"tipVelocity":[114.921,-6.61471,-141.441],"tool":false,"touchDistance":0.333333,"touchZone":"none","type":3,"width":17.9078},{"bases":[[[0.551893,-0.827915,-0.0998561],[0.814526,0.509512,0.277391],[-0.178778,-0.234426,0.955554]],[[0.52798,-0.849204,0.00946822],[0.67476,0.4127,-0.611865],[0.515691,0.329441,0.790906]],[[0.52798,-0.849204,0.00946822],[-0.363234,-0.235885,-0.901343],[0.767658,0.472452,-0.433003]],[[0.52798,-0.849204,0.00946822],[-0.791012,-0.495796,-0.358448],[0.30909,0.181764,-0.933502]]],"btipPosition":[-42.3668,265.33,12.2694],"carpPosition":[-14.4209,275.661,70.5329],"dipPosition":[-37.089,268.433,-3.67053],"direction":[-0.767658,-0.472452,0.433003],"extended":false,"handId":900,"id":9004,"length":50.0378,"mcpPosition":[-4.15145,289.127,15.6437],"pipPosition":[-22.2151,277.587,-12.0602],"stabilizedTipPosition":[-79.4029,253.014,149.734],"timeVisible":0.5877,"tipPosition":[-41.7027,265.452,9.22468],"tipVelocity":[121.238,-6.1945,-153.205],"tool":false,"touchDistance":0.333333,"touchZone":"none","type":4,"width":15.9071}],"r":[[0.888594,-0.171946,0.425248],[0.285674,0.932785,-0.219778],[-0.358875,0.316775,0.877987]],"s":0.748975,"t":[70.2814,57.1132,-196.33],"timestamp":607327774099},false],[2,{"currentFrameRate":109.518,"devices":[],"gestures":[],"hands":[{"armBasis":[[0.703548,-0.284247,-0.651325],[0.553665,0.793814,0.251626],[0.445506,-0.537646,0.715864]],"armWidth":63.1234,"confidence":0.834073,"direction":[0.0250133,0.453883,-0.89071],"elbow":[91.5102,134.253,271.49],"grabStrength":0,"id":900,"palmNormal":[-0.556207,-0.734029,-0.389662],"palmPosition":[-34.9651,303.012,32.469],"palmVelocity":[92.7856,-19.3115,-153.678],"palmWidth":90.138,"pinchStrength":1,"r":[[0.888136,-0.170047,0.426964],[0.285622,0.932056,-0.222917],[-0.360048,0.319931,0.876361]],"s":0.749653,"sphereCenter":[-61.9264,281.476,-1.09671],"sphereRadius":43.6944,"stabilizedPalmPosition":[-69.3191,297.246,161.976],"t":[71.1391,56.858,-197.803],"timeVisible":0.596534,"type":"right","wrist":[-27.6502,278.058,80.0168]}],"id":4465326,"interactionBox":{"center":[0,200,0],"size":[235.247,235.247,147.751]},"pointables":[{"bases":[[[0.836626,0.541825,0.0805193],[-0.429534,0.557688,0.710271],[0.339938,-0.628817,0.699308]],[[0.624523,0.751562,-0.212429],[-0.667158,0.654782,0.355193],[0.406044,-0.080102,0.910336]],[[0.624523,0.751562,-0.212429],[-0.780414,0.611112,-0.132273],[0.0304071,0.24839,0.968183]],[[0.624523,0.751562,-0.212429],[-0.723473,0.454245,-0.519854],[-0.294208,0.478348,0.827421]]],"btipPosition":[-71.4297,267.414,-11.423],"carpPosition":[-57.1447,282.933,85.4783],"dipPosition":[-78.2507,278.504,7.76035],"direction":[-0.0304071,-0.24839,-0.968183],"extended":false,"handId":900,"id":9000,"length":51.6284,"mcpPosition":[-57.1447,282.933,85.4783],"pipPosition":[-77.2237,286.894,40.462],"stabilizedTipPosition":[-122.732,266.017,135.999],"timeVisible":0.596534,"tipPosition":[-73.2002,269.664,-6.79408],"tipVelocity":[76.2717,6.40437,-163.905],"tool":false,"touchDistance":-0.497446,"touchZone":"hovering","type":0,"width":20.0604},{"bases":[[[0.823075,-0.421786,-0.380321],[0.533022,0.804863,0.260928],[0.19605,-0.417483,0.887284]],[[0.838404,-0.460924,-0.290909],[0.496723,0.865855,0.0596767],[0.224379,-0.194534,0.954888]],[[0.838404,-0.460924,-0.290909],[0.468953,0.882026,-0.0459774],[0.277781,-0.097875,0.955645]],[[0.838404,-0.460924,-0.290909],[0.444475,0.88709,-0.124547],[0.315469,-0.0248809,0.948609]]],"btipPosition":[-75.2974,339.397,-62.5298],"carpPosition":[-39.4688,297.926,81.714],"dipPosition":[-69.9579,338.976,-46.474],"direction":[-0.277781,0.097875,-0.955645],"extended":true,"handId":900,"id":9001,"length":58.2569,"mcpPosition":[-53.7571,328.353,17.0482],"pipPosition":[-63.3067,336.632,-23.592],"stabilizedTipPosition":[-128.948,329.746,83.4786],"timeVisible":0.596534,"tipPosition":[-74.2688,337.949,-58.8835],"tipVelocity":[105.484,-39.277,-173.353],"tool":false,"touchDistance":-0.528046,"touchZone":"hovering","type":1,"width":19.1617},{"bases":[[[0.738987,-0.6053,-0.295821],[0.668674,0.712607,0.212291],[0.0823044,-0.354688,0.931355]],[[0.741505,-0.617882,-0.261518],[0.390412,0.714337,-0.580777],[0.545663,0.328549,0.770913]],[[0.741505,-0.617882,-0.261518],[-0.466421,-0.194514,-0.862911],[0.482309,0.76183,-0.432426]],[[0.741505,-0.617882,-0.261518],[-0.670943,-0.681477,-0.292275],[0.00237315,0.392187,-0.919883]]],"btipPosition":[-74.1268,274.502,5.17235],"carpPosition":[-28.7525,294.438,77.047],"dipPosition":[-74.0826,281.803,-11.9522],"direction":[-0.482309,-0.761831,0.432426],"extended":false,"handId":900,"id":9002,"length":66.379,"mcpPosition":[-34.441,318.952,12.6767],"pipPosition":[-60.4959,303.264,-24.1337],"stabilizedTipPosition":[-113.046,256.359,156.706],"timeVisible":0.596534,"tipPosition":[-74.6212,275.386,1.66371],"tipVelocity":[114.496,-17.3286,-146.071],"tool":false,"touchDistance":0.333333,"touchZone":"none","type":2,"width":18.8193},{"bases":[[[0.69052,-0.702883,-0.170696],[0.722045,0.65587,0.220195],[-0.0428167,-0.275299,0.960405]],[[0.691537,-0.693709,-0.201357],[0.480701,0.650029,-0.588549],[0.53917,0.310211,0.782985]],[[0.691537,-0.693709,-0.201357],[-0.434786,-0.177141,-0.88294],[0.576835,0.698132,-0.424114]],[[0.691537,-0.693709,-0.201357],[-0.715609,-0.619966,-0.321784],[0.0983897,0.366619,-0.925154]]],"btipPosition":[-58.132,265.44,7.40717],"carpPosition":[-19.2736,288.031,72.897],"dipPosition":[-56.3109,272.226,-9.71656],"direction":[-0.576835,-0.698132,0.424114],"extended":false,"handId":900,"id":9003,"length":63.8252,"mcpPosition":[-16.6167,305.114,13.3005],"pipPosition":[-40.481,291.384,-21.3554],"stabilizedTipPosition":[-97.8606,249.786,154.275],"timeVisible":0.596534,"tipPosition":[-58.2869,266.277,3.96579],"tipVelocity":[113.234,-19.8789,-140.091],"tool":false,"touchDistance":0.333333,"touchZone":"none","type":3,"width":17.9078},{"bases":[[[0.552065,-0.828664,-0.0924131],[0.814018,0.511645,0.274943],[-0.180553,-0.227012,0.957009]],[[0.527759,-0.849208,0.0177808],[0.676292,0.407446,-0.613691],[0.513907,0.335906,0.789346]],[[0.527759,-0.849208,0.0177808],[-0.363884,-0.24496,-0.898656],[0.767502,0.467803,-0.438293]],[[0.527759,-0.849208,0.0177808],[-0.791984,-0.499545,-0.351021],[0.306972,0.171172,-0.936199]]],"btipPosition":[-41.4133,264.884,11.1764],"carpPosition":[-13.671,275.597,69.3203],"dipPosition":[-36.1717,267.807,-4.80954],"direction":[-0.767502,-0.467803,0.438293],"extended":false,"handId":900,"id":9004,"length":50.0378,"mcpPosition":[-3.29962,288.637,14.3475],"pipPosition":[-21.3008,276.871,-13.3018],"stabilizedTipPosition":[-79.2473,253.063,149.17],"timeVisible":0.596534,"tipPosition":[-40.76,264.98,8.05991],"tipVelocity":[117.388,-19.4098,-145.561],"tool":false,"touchDistance":0.333333,"touchZone":"none","type":4,"width":15.9071}],"r":[[0.888136,-0.170047,0.426964],[0.285622,0.932056,-0.222917],[-0.360048,0.319931,0.876361]],"s":0.749653,"t":[71.1391,56.858,-197.803],"timestamp":607327782933},false],[3,{"currentFrameRate":109.468,"devices":[],"gestures":[],"hands":[{"armBasis":[[0.707643,-0.281281,-0.648168],[0.550373,0.794703,0.256002],[0.443093,-0.537892,0.717176]],"armWidth":63.1234,"confidence":0.840731,"direction":[0.0235643,0.451546,-0.891937],"elbow":[91.5568,134.483,270.833],"grabStrength":0,"id":900,"palmNormal":[-0.55271,-0.737548,-0.387988],"palmPosition":[-34.3533,303.144,31.3879],"palmVelocity":[85.3635,-9.87997,-143.446],"palmWidth":90.138,"pinchStrength":1,"r":[[0.887864,-0.167503,0.428534],[0.284786,0.931592,-0.225903],[-0.361379,0.322612,0.87483]],"s":0.750538,"sphereCenter":[-61.3507,281.541,-2.0946],"sphereRadius":43.7148,"stabilizedPalmPosition":[-69.2617,297.256,161.761],"t":[71.8739,56.7965,-199.08],"timeVisible":0.605759,"type":"right","wrist":[-26.9579,278.354,79.0086]}],"id":4465327,"interactionBox":{"center":[0,200,0],"size":[235.247,235.247,147.751]},"pointables":[{"bases":[[[0.83417,0.54574,0.0795468],[-0.432442,0.557727,0.708473],[0.342277,-0.625387,0.70124]],[[0.624413,0.752078,-0.21092],[-0.668814,0.65428,0.352995],[0.403481,-0.0793484,0.911541]],[[0.624413,0.752078,-0.21092],[-0.780459,0.611617,-0.129648],[0.0314968,0.245569,0.968867]],[[0.624413,0.752078,-0.21092],[-0.727778,0.462124,-0.506735],[-0.283633,0.469915,0.835902]]],"btipPosition":[-70.9174,267.847,-12.7421],"carpPosition":[-56.4772,283.113,84.4386],"dipPosition":[-77.4932,278.742,6.63787],"direction":[-0.0314968,-0.245569,-0.968867],"extended":false,"handId":900,"id":9000,"length":51.6284,"mcpPosition":[-56.4772,283.113,84.4386],"pipPosition":[-76.4294,287.036,39.3627],"stabilizedTipPosition":[-122.591,266.03,135.595],"timeVisible":0.605759,"tipPosition":[-72.528,269.911,-7.99341],"tipVelocity":[72.1716,16.4077,-156.667],"tool":false,"touchDistance":-0.495143,"touchZone":"hovering","type":0,"width":20.0604},{"bases":[[[0.825171,-0.419182,-0.378656],[0.529293,0.807926,0.259046],[0.197338,-0.414177,0.888546]],[[0.840415,-0.457361,-0.290729],[0.493372,0.86766,0.061237],[0.224247,-0.194902,0.954844]],[[0.840415,-0.457361,-0.290729],[0.465396,0.883945,-0.0452498],[0.277684,-0.0972758,0.955735]],[[0.840415,-0.457361,-0.290729],[0.440697,0.888972,-0.124557],[0.315417,-0.0234444,0.948663]]],"btipPosition":[-74.7791,339.38,-63.6931],"carpPosition":[-38.8654,298.174,80.644],"dipPosition":[-69.4404,338.983,-47.6363],"direction":[-0.277684,0.0972758,-0.955735],"extended":true,"handId":900,"id":9001,"length":58.2569,"mcpPosition":[-53.2476,328.359,15.8861],"pipPosition":[-62.7915,336.654,-24.7522],"stabilizedTipPosition":[-128.663,329.795,82.7422],"timeVisible":0.605759,"tipPosition":[-73.7335,337.941,-60.052],"tipVelocity":[91.6562,-28.5994,-160.096],"tool":false,"touchDistance":-0.52102,"touchZone":"hovering","type":1,"width":19.1617},{"bases":[[[0.741842,-0.602833,-0.293704],[0.665382,0.716138,0.210746],[0.083288,-0.351766,0.932375]],[[0.744421,-0.615464,-0.258924],[0.386354,0.713306,-0.584743],[0.544581,0.335258,0.768787]],[[0.744421,-0.615464,-0.258924],[-0.469479,-0.206719,-0.858404],[0.474792,0.760573,-0.442833]],[[0.744421,-0.615464,-0.258924],[-0.667673,-0.690241,-0.278891],[-0.00707245,0.380489,-0.924758]]],"btipPosition":[-73.1338,274.515,4.53344],"carpPosition":[-28.1309,294.72,75.9932],"dipPosition":[-73.2655,281.598,-12.6819],"direction":[-0.474792,-0.760573,0.442833],"extended":false,"handId":900,"id":9002,"length":66.379,"mcpPosition":[-33.8873,319.032,11.5523],"pipPosition":[-59.8905,303.024,-25.1566],"stabilizedTipPosition":[-112.824,256.47,155.836],"timeVisible":0.605759,"tipPosition":[-73.689,275.396,0.825287],"tipVelocity":[111.343,-13.6024,-125.169],"tool":false,"touchDistance":0.333333,"touchZone":"none","type":2,"width":18.8193},{"bases":[[[0.693729,-0.700287,-0.168342],[0.718999,0.659659,0.218838],[-0.0422011,-0.272852,0.96113]],[[0.694719,-0.691274,-0.198761],[0.479984,0.651348,-0.587674],[0.535707,0.312866,0.784304]],[[0.694719,-0.691274,-0.198761],[-0.433833,-0.182291,-0.88236],[0.57372,0.699221,-0.426539]],[[0.694719,-0.691274,-0.198761],[-0.713054,-0.625602,-0.316506],[0.0944469,0.361609,-0.927533]]],"btipPosition":[-57.2059,265.546,6.38392],"carpPosition":[-18.6211,288.344,71.8666],"dipPosition":[-55.4578,272.239,-10.7838],"direction":[-0.57372,-0.699221,0.426539],"extended":false,"handId":900,"id":9003,"length":63.8252,"mcpPosition":[-16.0024,305.275,12.2251],"pipPosition":[-39.7134,291.427,-22.4892],"stabilizedTipPosition":[-97.6325,249.882,153.431],"timeVisible":0.605759,"tipPosition":[-57.3832,266.357,2.91707],"tipVelocity":[109.12,-11.7295,-132.22],"tool":false,"touchDistance":0.333333,"touchZone":"none","type":3,"width":17.9078},{"bases":[[[0.555782,-0.826464,-0.089799],[0.811574,0.515994,0.274039],[-0.180147,-0.225185,0.957517]],[[0.53147,-0.846828,0.0205475],[0.675052,0.40876,-0.614182],[0.511708,0.34029,0.788896]],[[0.53147,-0.846828,0.0205475],[-0.364581,-0.250572,-0.896825],[0.764605,0.469144,-0.441908]],[[0.53147,-0.846828,0.0205475],[-0.791088,-0.504868,-0.345382],[0.302853,0.167305,-0.938237]]],"btipPosition":[-40.5235,264.994,10.275],"carpPosition":[-12.9613,275.925,68.3275],"dipPosition":[-35.3521,267.85,-5.74576],"direction":[-0.764605,-0.469144,0.441908],"extended":false,"handId":900,"id":9004,"length":50.0378,"mcpPosition":[-2.61324,288.86,13.3255],"pipPosition":[-20.5374,276.94,-14.308],"stabilizedTipPosition":[-79.0454,253.127,148.448],"timeVisible":0.605759,"tipPosition":[-39.8857,265.083,7.09435],"tipVelocity":[111.03,-11.1087,-132.389],"tool":false,"touchDistance":0.333333,"touchZone":"none","type":4,"width":15.9071}],"r":[[0.887864,-0.167503,0.428534],[0.284786,0.931592,-0.225903],[-0.361379,0.322612,0.87483]],"s":0.750538,"t":[71.8739,56.7965,-199.08],"timestamp":607327792158},false],[4,{"currentFrameRate":109.618,"devices":[],"gestures":[],"hands":[{"armBasis":[[0.705529,-0.288659,-0.647229],[0.555055,0.792907,0.251422],[0.440617,-0.536633,0.71964]],"armWidth":63.1234,"confidence":0.843467,"direction":[0.0216205,0.449372,-0.893083],"elbow":[91.6535,134.668,270.784],"grabStrength":0,"id":900,"palmNormal":[-0.557741,-0.735946,-0.383808],"palmPosition":[-33.6951,302.916,30.6552],"palmVelocity":[82.3758,-14.183,-127.008],"palmWidth":90.138,"pinchStrength":1,"r":[[0.887875,-0.166063,0.429071],[0.284756,0.93085,-0.228979],[-0.361376,0.325485,0.873766]],"s":0.751612,"sphereCenter":[-61.0733,281.504,-2.61641],"sphereRadius":43.7297,"stabilizedPalmPosition":[-69.1962,297.266,161.52],"t":[72.5704,56.6517,-200.084],"timeVisible":0.614614,"type":"right","wrist":[-26.1992,278.203,78.3001]}],"id":4465328,"interactionBox":{"center":[0,200,0],"size":[235.247,235.247,147.751]},"pointables":[{"bases":[[[0.83696,0.54216,0.0745675],[-0.426773,0.561304,0.709085],[0.342583,-0.625299,0.701169]],[[0.628979,0.747607,-0.213238],[-0.663412,0.65915,0.354127],[0.405303,-0.0812736,0.910562]],[[0.628979,0.747607,-0.213238],[-0.776451,0.617806,-0.124253],[0.0388475,0.243721,0.969067]],[[0.628979,0.747607,-0.213238],[-0.72938,0.472551,-0.494672],[-0.269054,0.46667,0.842514]]],"btipPosition":[-70.7889,268.074,-13.4421],"carpPosition":[-55.6723,283.107,83.8501],"dipPosition":[-77.0267,278.894,6.09109],"direction":[-0.0388475,-0.243721,-0.969067],"extended":false,"handId":900,"id":9000,"length":51.6284,"mcpPosition":[-55.6723,283.107,83.8501],"pipPosition":[-75.7146,287.126,38.8226],"stabilizedTipPosition":[-122.468,266.041,135.242],"timeVisible":0.614614,"tipPosition":[-72.2645,270.043,-8.61651],"tipVelocity":[58.9333,18.3823,-134.571],"tool":false,"touchDistance":-0.483934,"touchZone":"hovering","type":0,"width":20.0604},{"bases":[[[0.821585,-0.423767,-0.38134],[0.534066,0.806131,0.254808],[0.19943,-0.413007,0.888624]],[[0.836888,-0.461311,-0.294637],[0.498068,0.865037,0.0603304],[0.227041,-0.197239,0.953703]],[[0.836888,-0.461311,-0.294637],[0.469488,0.881691,-0.0469236],[0.281425,-0.0990589,0.954456]],[[0.836888,-0.461311,-0.294637],[0.444209,0.886894,-0.126872],[0.31984,-0.024703,0.94715]]],"btipPosition":[-74.3596,339.364,-64.2957],"carpPosition":[-38.0101,298.08,79.9423],"dipPosition":[-68.9461,338.946,-48.2646],"direction":[-0.281425,0.0990589,-0.954456],"extended":true,"handId":900,"id":9001,"length":58.2569,"mcpPosition":[-52.5447,328.18,15.1787],"pipPosition":[-62.2076,336.574,-25.411],"stabilizedTipPosition":[-128.386,329.842,82.0275],"timeVisible":0.614614,"tipPosition":[-73.2981,337.93,-60.6631],"tipVelocity":[80.1898,-21.4867,-135.35],"tool":false,"touchDistance":-0.506379,"touchZone":"hovering","type":1,"width":19.1617},{"bases":[[[0.737811,-0.606845,-0.295591],[0.669525,0.713619,0.206118],[0.0858581,-0.349981,0.932814]],[[0.740509,-0.619527,-0.260447],[0.385614,0.70909,-0.590333],[0.550407,0.336715,0.763986]],[[0.740509,-0.619527,-0.260447],[-0.478504,-0.213926,-0.851628],[0.47189,0.755263,-0.454861]],[[0.740509,-0.619527,-0.260447],[-0.67182,-0.692459,-0.262978],[-0.0174267,0.369711,-0.928983]]],"btipPosition":[-72.4963,274.519,4.40854],"carpPosition":[-27.312,294.567,75.2519],"dipPosition":[-72.8207,281.402,-12.8854],"direction":[-0.47189,-0.755263,0.454861],"extended":false,"handId":900,"id":9002,"length":66.379,"mcpPosition":[-33.2461,318.756,10.7807],"pipPosition":[-59.5275,302.678,-25.6989],"stabilizedTipPosition":[-112.543,256.607,154.751],"timeVisible":0.614614,"tipPosition":[-73.1157,275.403,0.529565],"tipVelocity":[99.3314,-11.1965,-95.6436],"tool":false,"touchDistance":0.333333,"touchZone":"none","type":2,"width":18.8193},{"bases":[[[0.689819,-0.703791,-0.16979],[0.722923,0.656919,0.214103],[-0.039146,-0.270437,0.961941]],[[0.690706,-0.694986,-0.199801],[0.481726,0.648276,-0.589643],[0.539319,0.311021,0.782561]],[[0.690706,-0.694986,-0.199801],[-0.439637,-0.184203,-0.879084],[0.574147,0.695028,-0.432772]],[[0.690706,-0.694986,-0.199801],[-0.717738,-0.625169,-0.30662],[0.0881875,0.355189,-0.930626]]],"btipPosition":[-56.6796,265.506,5.87037],"carpPosition":[-17.8495,288.138,71.0979],"dipPosition":[-55.0473,272.081,-11.3546],"direction":[-0.574147,-0.695028,0.432772],"extended":false,"handId":900,"id":9003,"length":63.8252,"mcpPosition":[-15.4203,304.92,11.4061],"pipPosition":[-39.2913,291.154,-23.231],"stabilizedTipPosition":[-97.3779,249.987,152.498],"timeVisible":0.614614,"tipPosition":[-56.897,266.293,2.35527],"tipVelocity":[94.8507,-10.5983,-112.521],"tool":false,"touchDistance":0.333333,"touchZone":"none","type":3,"width":17.9078},{"bases":[[[0.551658,-0.829163,-0.0903405],[0.815097,0.512966,0.269227],[-0.176891,-0.222158,0.95883]],[[0.527786,-0.849142,0.0199976],[0.674922,0.404973,-0.616828],[0.515676,0.33905,0.786844]],[[0.527786,-0.849142,0.0199976],[-0.370784,-0.251516,-0.894013],[0.764173,0.464433,-0.447595]],[[0.527786,-0.849142,0.0199976],[-0.795953,-0.502671,-0.337315],[0.29648,0.162113,-0.94118]]],"btipPosition":[-40.0323,264.804,9.66708],"carpPosition":[-12.2613,275.686,67.5626],"dipPosition":[-34.9698,267.573,-6.40394],"direction":[-0.764173,-0.464433,0.447595],"extended":false,"handId":900,"id":9004,"length":50.0378,"mcpPosition":[-2.10028,288.448,12.4853],"pipPosition":[-20.1634,276.571,-15.0764],"stabilizedTipPosition":[-78.8205,253.196,147.651],"timeVisible":0.614614,"tipPosition":[-39.427,264.883,6.45358],"tipVelocity":[95.2163,-14.5135,-115.482],"tool":false,"touchDistance":0.333333,"touchZone":"none","type":4,"width":15.9071}],"r":[[0.887875,-0.166063,0.429071],[0.284756,0.93085,-0.228979],[-0.361376,0.325485,0.873766]],"s":0.751612,"t":[72.5704,56.6517,-200.084],"timestamp":607327801013},false],[5,{"currentFrameRate":109.496,"devices":[],"gestures":[],"hands":[{"armBasis":[[0.701143,-0.300032,-0.646822],[0.561943,0.790902,0.24227],[0.438884,-0.533343,0.723136]],"armWidth":63.1234,"confidence":0.822436,"direction":[0.0209939,0.445096,-0.895236],"elbow":[91.9316,135.253,270.693],"grabStrength":0,"id":900,"palmNormal":[-0.56499,-0.733462,-0.377914],"palmPosition":[-32.9809,302.458,29.5502],"palmVelocity":[80.6744,-24.0461,-124.5],"palmWidth":90.138,"pinchStrength":1,"r":[[0.888017,-0.165855,0.428857],[0.28593,0.929604,-0.232551],[-0.360098,0.329132,0.872927]],"s":0.752727,"sphereCenter":[-60.7722,281.173,-3.48581],"sphereRadius":43.7649,"stabilizedPalmPosition":[-69.1141,297.278,161.22],"t":[73.2757,56.3503,-201.139],"timeVisible":0.623965,"type":"right","wrist":[-25.4575,277.907,77.2749]}],"id":4465329,"interactionBox":{"center":[0,200,0],"size":[235.247,235.247,147.751]},"pointables":[{"bases":[[[0.841349,0.536156,0.0683304],[-0.41934,0.567759,0.708381],[0.341008,-0.624649,0.702515]],[[0.636853,0.740065,-0.216156],[-0.655159,0.667268,0.354289],[0.406431,-0.084014,0.909811]],[[0.636853,0.740065,-0.216156],[-0.769521,0.627424,-0.119067],[0.0475042,0.242164,0.969072]],[[0.636853,0.740065,-0.216156],[-0.729013,0.486788,-0.481225],[-0.250916,0.46405,0.849529]]],"btipPosition":[-70.7528,268.276,-14.4843],"carpPosition":[-54.8676,283.06,82.9335],"dipPosition":[-76.5701,279.035,5.21152],"direction":[-0.0475042,-0.242164,-0.969072],"extended":false,"handId":900,"id":9000,"length":51.6284,"mcpPosition":[-54.8676,283.06,82.9335],"pipPosition":[-74.9656,287.214,37.9432],"stabilizedTipPosition":[-122.359,266.051,134.926],"timeVisible":0.623965,"tipPosition":[-72.0683,270.11,-9.57136],"tipVelocity":[46.2471,18.865,-126.88],"tool":false,"touchDistance":-0.478946,"touchZone":"hovering","type":0,"width":20.0604},{"bases":[[[0.816646,-0.431708,-0.383037],[0.541266,0.803231,0.248699],[0.200302,-0.410424,0.889624]],[[0.831916,-0.468549,-0.297283],[0.505425,0.860958,0.057421],[0.229044,-0.198024,0.953061]],[[0.831916,-0.468549,-0.297283],[0.476354,0.877803,-0.0504828],[0.28461,-0.0996147,0.953454]],[[0.831916,-0.468549,-0.297283],[0.45056,0.883084,-0.130987],[0.3239,-0.0249738,0.945762]]],"btipPosition":[-73.754,339.028,-65.3581],"carpPosition":[-37.1108,297.881,78.8779],"dipPosition":[-68.2718,338.606,-49.3505],"direction":[-0.28461,0.0996147,-0.953454],"extended":true,"handId":900,"id":9001,"length":58.2569,"mcpPosition":[-51.7089,327.793,14.0414],"pipPosition":[-61.4571,336.221,-26.521],"stabilizedTipPosition":[-128.088,329.891,81.2608],"timeVisible":0.623965,"tipPosition":[-72.6884,337.604,-61.7284],"tipVelocity":[76.2932,-25.6164,-129.351],"tool":false,"touchDistance":-0.500093,"touchZone":"hovering","type":1,"width":19.1617},{"bases":[[[0.731881,-0.613752,-0.296072],[0.675803,0.709477,0.199832],[0.0874082,-0.34634,0.934028]],[[0.734658,-0.626384,-0.260617],[0.388136,0.703119,-0.595797],[0.556442,0.336552,0.759674]],[[0.734658,-0.626384,-0.260617],[-0.486327,-0.218379,-0.846048],[0.473037,0.748301,-0.465061]],[[0.734658,-0.626384,-0.260617],[-0.678013,-0.691451,-0.249385],[-0.0239935,0.359915,-0.932677]]],"btipPosition":[-71.9502,274.353,3.79084],"carpPosition":[-26.4606,294.265,74.1561],"dipPosition":[-72.3969,281.053,-13.5719],"direction":[-0.473037,-0.748301,0.465061],"extended":false,"handId":900,"id":9002,"length":66.379,"mcpPosition":[-32.5018,318.203,9.60099],"pipPosition":[-59.0714,302.133,-26.6727],"stabilizedTipPosition":[-112.18,256.78,153.363],"timeVisible":0.623965,"tipPosition":[-72.6119,275.22,-0.173013],"tipVelocity":[86.8682,-14.3493,-87.7323],"tool":false,"touchDistance":0.333333,"touchZone":"none","type":2,"width":18.8193},{"bases":[[[0.683725,-0.709755,-0.169611],[0.728808,0.652412,0.207842],[-0.0368607,-0.26572,0.963345]],[[0.684534,-0.701284,-0.199035],[0.485082,0.642007,-0.593736],[0.544159,0.309884,0.779655]],[[0.684534,-0.701284,-0.199035],[-0.446678,-0.187733,-0.874777],[0.576102,0.687719,-0.441757]],[[0.684534,-0.701284,-0.199035],[-0.724348,-0.623605,-0.294001],[0.0820585,0.345424,-0.934852]]],"btipPosition":[-56.1919,265.254,5.12848],"carpPosition":[-17.0655,287.747,69.9897],"dipPosition":[-54.6731,271.647,-12.1747],"direction":[-0.576102,-0.687719,0.441757],"extended":false,"handId":900,"id":9003,"length":63.8252,"mcpPosition":[-14.7782,304.236,10.2108],"pipPosition":[-38.8634,290.52,-24.2977],"stabilizedTipPosition":[-97.0823,250.106,151.421],"timeVisible":0.623965,"tipPosition":[-56.4525,266.009,1.54],"tipVelocity":[81.9494,-16.5155,-103.656],"tool":false,"touchDistance":0.333333,"touchZone":"none","type":3,"width":17.9078},{"bases":[[[0.544982,-0.833714,-0.0889683],[0.820141,0.508021,0.263218],[-0.174251,-0.216416,0.960625]],[[0.521432,-0.853018,0.0216641],[0.676797,0.397983,-0.619318],[0.519667,0.337595,0.784841]],[[0.521432,-0.853018,0.0216641],[-0.377415,-0.253328,-0.890721],[0.765288,0.456274,-0.454035]],[[0.521432,-0.853018,0.0216641],[-0.802487,-0.498858,-0.327346],[0.290039,0.153304,-0.944656]]],"btipPosition":[-39.5615,264.385,8.74277],"carpPosition":[-11.5874,275.237,66.4871],"dipPosition":[-34.6089,267.002,-7.38761],"direction":[-0.765288,-0.456274,0.454035],"extended":false,"handId":900,"id":9004,"length":50.0378,"mcpPosition":[-1.57798,287.668,11.3067],"pipPosition":[-19.781,275.843,-16.1848],"stabilizedTipPosition":[-78.564,253.271,146.745],"timeVisible":0.623965,"tipPosition":[-38.9978,264.438,5.50428],"tipVelocity":[81.7256,-24.1806,-111.178],"tool":false,"touchDistance":0.333333,"touchZone":"none","type":4,"width":15.9071}],"r":[[0.888017,-0.165855,0.428857],[0.28593,0.929604,-0.232551],[-0.360098,0.329132,0.872927]],"s":0.752727,"t":[73.2757,56.3503,-201.139],"timestamp":607327810364},false],[6,{"currentFrameRate":109.711,"devices":[],"gestures":[],"hands":[{"armBasis":[[0.698713,-0.306703,-0.646323],[0.56663,0.788774,0.238258],[0.436728,-0.5327,0.724913]],"armWidth":63.1234,"confidence":0.829598,"direction":[0.0196132,0.439252,-0.89815],"elbow":[92.0127,135.228,270.184],"grabStrength":0,"id":900,"palmNormal":[-0.569717,-0.7333,-0.371071],"palmPosition":[-32.3929,301.989,28.4374],"palmVelocity":[77.1079,-32.0003,-125.292],"palmWidth":90.138,"pinchStrength":1,"r":[[0.888303,-0.165944,0.42823],[0.287528,0.928034,-0.236813],[-0.358114,0.33349,0.872088]],"s":0.75399,"sphereCenter":[-60.5875,280.797,-4.30878],"sphereRadius":43.7946,"stabilizedPalmPosition":[-69.0274,297.289,160.907],"t":[73.9224,55.9649,-202.223],"timeVisible":0.632696,"type":"right","wrist":[-24.7997,277.71,76.2902]}],"id":4465330,"interactionBox":{"center":[0,200,0],"size":[235.247,235.247,147.751]},"pointables":[{"bases":[[[0.84401,0.532764,0.0617255],[-0.414093,0.574181,0.706289],[0.340843,-0.621675,0.705228]],[[0.642217,0.734176,-0.220324],[-0.649682,0.67389,0.351833],[0.406782,-0.0828122,0.909764]],[[0.642217,0.734176,-0.220324],[-0.764691,0.633508,-0.117965],[0.0529704,0.244239,0.968267]],[[0.642217,0.734176,-0.220324],[-0.728253,0.494717,-0.474239],[-0.239177,0.465016,0.852382]]],"btipPosition":[-70.5241,268.097,-15.4285],"carpPosition":[-54.1647,283.032,82.026],"dipPosition":[-76.0692,278.878,4.33346],"direction":[-0.0529704,-0.244239,-0.968267],"extended":false,"handId":900,"id":9000,"length":51.6284,"mcpPosition":[-54.1647,283.032,82.026],"pipPosition":[-74.2801,287.127,37.038],"stabilizedTipPosition":[-122.273,266.059,134.679],"timeVisible":0.632696,"tipPosition":[-71.7751,269.87,-10.4691],"tipVelocity":[42.8005,8.47151,-121.4],"tool":false,"touchDistance":-0.47332,"touchZone":"hovering","type":0,"width":20.0604},{"bases":[[[0.813236,-0.437851,-0.38332],[0.545819,0.802346,0.2415],[0.201814,-0.405619,0.891484]],[[0.828495,-0.473717,-0.298644],[0.510157,0.858407,0.0536444],[0.230946,-0.1968,0.952856]],[[0.828495,-0.473717,-0.298644],[0.480745,0.875163,-0.0545303],[0.287195,-0.0983938,0.952805]],[[0.828495,-0.473717,-0.298644],[0.454602,0.880359,-0.135297],[0.327007,-0.0236719,0.944726]]],"btipPosition":[-73.3056,338.44,-66.5212],"carpPosition":[-36.3567,297.746,77.8086],"dipPosition":[-67.7708,338.04,-50.5311],"direction":[-0.287195,0.0983938,-0.952805],"extended":true,"handId":900,"id":9001,"length":58.2569,"mcpPosition":[-51.0651,327.308,12.8366],"pipPosition":[-60.8942,335.684,-27.7171],"stabilizedTipPosition":[-127.811,329.933,80.5478],"timeVisible":0.632696,"tipPosition":[-72.238,337.018,-62.8908],"tipVelocity":[69.9929,-36.6306,-130.507],"tool":false,"touchDistance":-0.495923,"touchZone":"hovering","type":1,"width":19.1617},{"bases":[[[0.727981,-0.618948,-0.294868],[0.679746,0.707672,0.192732],[0.089379,-0.340741,0.935899]],[[0.73084,-0.63139,-0.259267],[0.388209,0.696947,-0.602958],[0.561397,0.340017,0.754468]],[[0.73084,-0.63139,-0.259267],[-0.4939,-0.22703,-0.839357],[0.4711,0.741488,-0.477766]],[[0.73084,-0.63139,-0.259267],[-0.681769,-0.693442,-0.233087],[-0.0326178,0.347109,-0.937257]]],"btipPosition":[-71.3882,274.018,3.26737],"carpPosition":[-25.7409,294.052,73.0702],"dipPosition":[-71.9954,280.479,-14.1806],"direction":[-0.4711,-0.741488,0.477766],"extended":false,"handId":900,"id":9002,"length":66.379,"mcpPosition":[-31.9183,317.603,8.38576],"pipPosition":[-58.7245,301.367,-27.6394],"stabilizedTipPosition":[-111.783,256.963,151.856],"timeVisible":0.632696,"tipPosition":[-72.1049,274.856,-0.80889],"tipVelocity":[79.7163,-22.4589,-80.9007],"tool":false,"touchDistance":0.333333,"touchZone":"none","type":2,"width":18.8193},{"bases":[[[0.679872,-0.713919,-0.167614],[0.732523,0.65042,0.200909],[-0.0344133,-0.259373,0.965164]],[[0.680598,-0.705823,-0.196472],[0.486829,0.636076,-0.598669],[0.547525,0.311805,0.776527]],[[0.680598,-0.705823,-0.196472],[-0.452179,-0.193667,-0.870647],[0.576472,0.681401,-0.450968]],[[0.680598,-0.705823,-0.196472],[-0.728685,-0.624228,-0.281706],[0.0761913,0.334894,-0.93917]]],"btipPosition":[-55.72,264.861,4.40757],"carpPosition":[-16.3912,287.465,68.9105],"dipPosition":[-54.3097,271.06,-12.9756],"direction":[-0.576473,-0.681401,0.450968],"extended":false,"handId":900,"id":9003,"length":63.8252,"mcpPosition":[-14.2557,303.56,9.01873],"pipPosition":[-38.4898,289.759,-25.3513],"stabilizedTipPosition":[-96.7889,250.22,150.358],"timeVisible":0.632696,"tipPosition":[-56.0168,265.58,0.760319],"tipVelocity":[73.7201,-25.5057,-98.5767],"tool":false,"touchDistance":0.333333,"touchZone":"none","type":3,"width":17.9078},{"bases":[[[0.540877,-0.836729,-0.0856563],[0.823413,0.505974,0.256868],[-0.171589,-0.209465,0.962643]],[[0.517126,-0.855471,0.0273979],[0.678645,0.39031,-0.622173],[0.521557,0.340335,0.7824]],[[0.517126,-0.855471,0.0273979],[-0.382643,-0.259701,-0.886645],[0.765614,0.448023,-0.461638]],[[0.517126,-0.855471,0.0273979],[-0.807539,-0.49826,-0.315622],[0.283657,0.141091,-0.948489]]],"btipPosition":[-39.0732,263.929,7.90581],"carpPosition":[-10.9827,274.908,65.4678],"dipPosition":[-34.2297,266.338,-8.29002],"direction":[-0.765614,-0.448023,0.461638],"extended":false,"handId":900,"id":9004,"length":50.0378,"mcpPosition":[-1.12624,286.94,10.1714],"pipPosition":[-19.3954,275.019,-17.2346],"stabilizedTipPosition":[-78.3121,253.34,145.861],"timeVisible":0.632696,"tipPosition":[-38.5515,263.936,4.62946],"tipVelocity":[74.0514,-33.151,-107.54],"tool":false,"touchDistance":0.333333,"touchZone":"none","type":4,"width":15.9071}],"r":[[0.888303,-0.165944,0.428