{"sensorType":"Leap","data":[[0,{"currentFrameRate":108.721,"devices":[],"gestures":[],"hands":[{"armBasis":[[0.775704,-0.168482,-0.608192],[0.478542,0.785307,0.392798],[0.411439,-0.59574,0.689791]],"armWidth":63.1234,"confidence":0.853546,"direction":[0.00240657,0.406895,-0.913472],"elbow":[85.6238,128.897,272.984],"grabStrength":0,"id":908,"palmNormal":[-0.478982,-0.801401,-0.358236],"palmPosition":[-32.9743,309.888,39.5428],"palmVelocity":[15.4681,-20.0162,-145.353],"palmWidth":90.138,"pinchStrength":1,"r":[[0.807897,-0.534508,0.2482],[0.589057,0.745079,-0.312839],[-0.0177135,0.398946,0.916803]],"s":0.806621,"sphereCenter":[-54.8676,282.718,7.27552],"sphereRadius":42.793,"stabilizedPalmPosition":[-77.6201,296.445,174.42],"t":[60.8448,27.0027,-165.054],"timeVisible":0.56031,"type":"right","wrist":[-24.4245,288.24,88.4843]}],"id":4470020,"interactionBox":{"center":[0,200,0],"size":[235.247,235.247,147.751]},"pointables":[{"bases":[[[0.782117,0.619783,0.064519],[-0.493197,0.552421,0.672002],[0.380854,-0.557405,0.737733]],[[0.594962,0.777771,-0.202713],[-0.737442,0.628543,0.24721],[0.319687,0.00240902,0.94752]],[[0.594962,0.777771,-0.202713],[-0.803754,0.575945,-0.149222],[0.000690971,0.251713,0.967802]],[[0.594962,0.777771,-0.202713],[-0.727165,0.41342,-0.54801],[-0.342421,0.473451,0.811537]]],"btipPosition":[-62.2409,271.07,-5.16114],"carpPosition":[-54.3479,290.668,93.1978],"dipPosition":[-70.1798,282.047,13.6539],"direction":[-0.000690971,-0.251713,-0.967802],"extended":false,"handId":908,"id":9080,"length":51.6284,"mcpPosition":[-54.3479,290.668,93.1978],"pipPosition":[-70.1564,290.549,46.3427],"stabilizedTipPosition":[-113.898,261.405,130.981],"timeVisible":0.56031,"tipPosition":[-64.5276,273.029,-0.811515],"tipVelocity":[27.8754,-8.07147,-147.878],"tool":false,"touchDistance":-0.511362,"touchZone":"hovering","type":0,"width":20.0604},{"bases":[[[0.865764,-0.363856,-0.343601],[0.452171,0.862955,0.225498],[0.214463,-0.350594,0.911641]],[[0.88882,-0.414858,-0.194656],[0.422462,0.906377,-0.00269559],[0.17755,-0.0798389,0.980868]],[[0.88882,-0.414858,-0.194656],[0.403573,0.909858,-0.0963677],[0.217088,0.00709577,0.976126]],[[0.88882,-0.414858,-0.194656],[0.387186,0.907072,-0.165252],[0.245123,0.0715117,0.966851]]],"btipPosition":[-70.5644,334.571,-59.0118],"carpPosition":[-38.0307,307.002,88.9121],"dipPosition":[-66.4155,335.781,-42.6473],"direction":[-0.217088,-0.00709577,-0.976126],"extended":true,"handId":908,"id":9081,"length":58.2569,"mcpPosition":[-53.661,332.553,22.471],"pipPosition":[-61.2175,335.951,-19.2748],"stabilizedTipPosition":[-114.558,321.662,60.9125],"timeVisible":0.56031,"tipPosition":[-70.0524,333.699,-55.1215],"tipVelocity":[32.7258,-8.57233,-153.585],"tool":false,"touchDistance":-0.538478,"touchZone":"hovering","type":1,"width":19.1617},{"bases":[[[0.796925,-0.549624,-0.25065],[0.596628,0.781111,0.184122],[0.0945875,-0.296276,0.950407]],[[0.796317,-0.547759,-0.256591],[0.250437,0.684699,-0.684447],[0.5506,0.480777,0.682417]],[[0.796317,-0.547759,-0.256591],[-0.504013,-0.366326,-0.782162],[0.33444,0.752174,-0.567789]],[[0.796317,-0.547759,-0.256591],[-0.594613,-0.786703,-0.165932],[-0.11097,0.284707,-0.95217]]],"btipPosition":[-67.1298,275.302,20.0626],"carpPosition":[-26.9464,304.271,84.6142],"dipPosition":[-69.1956,280.603,2.33697],"direction":[-0.33444,-0.752174,0.567789],"extended":false,"handId":908,"id":9082,"length":66.379,"mcpPosition":[-33.4837,324.748,18.9271],"pipPosition":[-59.7744,301.791,-13.6577],"stabilizedTipPosition":[-95.8906,246.951,174.942],"timeVisible":0.56031,"tipPosition":[-67.4362,276.128,17.2633],"tipVelocity":[28.0882,-20.8935,-179.587],"tool":false,"touchDistance":0.333333,"touchZone":"none","type":2,"width":18.8193},{"bases":[[[0.754899,-0.644542,-0.121219],[0.654751,0.730004,0.195947],[-0.0378051,-0.227288,0.973093]],[[0.755251,-0.642145,-0.131323],[0.405916,0.61556,-0.675513],[0.514615,0.456876,0.72556]],[[0.755251,-0.642145,-0.131323],[-0.441713,-0.350634,-0.8258],[0.484237,0.681693,-0.548461]],[[0.755251,-0.642145,-0.131323],[-0.654534,-0.72841,-0.202496],[0.0343749,0.23889,-0.970438]]],"btipPosition":[-51.1966,269.305,21.4857],"carpPosition":[-16.8401,298.552,80.9706],"dipPosition":[-50.5603,273.727,3.52378],"direction":[-0.484237,-0.681693,0.548461],"extended":false,"handId":908,"id":9083,"length":63.8252,"mcpPosition":[-14.4941,312.656,20.5868],"pipPosition":[-37.2716,292.434,-11.5274],"stabilizedTipPosition":[-82.2701,246.889,184.36],"timeVisible":0.56031,"tipPosition":[-51.0719,270.071,18.7817],"tipVelocity":[34.5132,-17.866,-186.868],"tool":false,"touchDistance":0.333333,"touchZone":"none","type":3,"width":17.9078},{"bases":[[[0.626819,-0.778214,-0.0384783],[0.758265,0.5979,0.259903],[-0.179254,-0.192089,0.964868]],[[0.593984,-0.797905,0.102616],[0.606432,0.360286,-0.708826],[0.528605,0.483261,0.697879]],[[0.593984,-0.797905,0.102616],[-0.419259,-0.415895,-0.807003],[0.686589,0.436324,-0.581564]],[[0.593984,-0.797905,0.102616],[-0.771715,-0.601171,-0.207481],[0.22724,0.04405,-0.972842]]],"btipPosition":[-35.4608,271.415,26.1737],"carpPosition":[-10.0581,286.515,78.1635],"dipPosition":[-31.5805,272.167,9.56208],"direction":[-0.686589,-0.436324,0.581564],"extended":false,"handId":908,"id":9084,"length":50.0378,"mcpPosition":[0.238611,297.549,22.7393],"pipPosition":[-18.2774,280.621,-1.70611],"stabilizedTipPosition":[-72.7467,256.642,183.643],"timeVisible":0.56031,"tipPosition":[-34.7906,271.646,23.4939],"tipVelocity":[38.3881,-23.6026,-166.392],"tool":false,"touchDistance":0.333333,"touchZone":"none","type":4,"width":15.9071}],"r":[[0.807897,-0.534508,0.2482],[0.589057,0.745079,-0.312839],[-0.0177135,0.398946,0.916803]],"s":0.806621,"t":[60.8448,27.0027,-165.054],"timestamp":607371809386},false],[1,{"currentFrameRate":108.683,"devices":[],"gestures":[],"hands":[{"armBasis":[[0.778142,-0.170399,-0.604533],[0.476707,0.78692,0.3918],[0.408957,-0.593061,0.693565]],"armWidth":63.1234,"confidence":0.855072,"direction":[0.00196335,0.404018,-0.914749],"elbow":[85.0743,129.637,272.516],"grabStrength":0,"id":908,"palmNormal":[-0.477158,-0.80352,-0.355916],"palmPosition":[-32.8834,309.74,37.9933],"palmVelocity":[13.8757,-18.8859,-151.5],"palmWidth":90.138,"pinchStrength":1,"r":[[0.809014,-0.532062,0.249811],[0.587448,0.746352,-0.312829],[-0.0200019,0.399834,0.916369]],"s":0.806139,"sphereCenter":[-54.7429,282.527,5.76936],"sphereRadius":42.831,"stabilizedPalmPosition":[-77.6199,296.445,174.42],"t":[60.963,26.8249,-166.447],"timeVisible":0.569578,"type":"right","wrist":[-24.3101,288.264,87.0065]}],"id":4470021,"interactionBox":{"center":[0,200,0],"size":[235.247,235.247,147.751]},"pointables":[{"bases":[[[0.780799,0.621607,0.0629041],[-0.49464,0.55351,0.670044],[0.381686,-0.554284,0.739652]],[[0.593307,0.778423,-0.205049],[-0.73858,0.627716,0.245911],[0.320135,0.00554474,0.947356]],[[0.593307,0.778423,-0.205049],[-0.804975,0.573237,-0.153019],[-0.00157235,0.255847,0.966716]],[[0.593307,0.778423,-0.205049],[-0.727698,0.409752,-0.550054],[-0.344156,0.475564,0.809565]]],"btipPosition":[-62.0391,270.703,-6.5691],"carpPosition":[-54.2406,290.644,91.6993],"dipPosition":[-70.0182,281.729,12.2002],"direction":[0.00157235,-0.255847,-0.966716],"extended":false,"handId":908,"id":9080,"length":51.6284,"mcpPosition":[-54.2406,290.644,91.6993],"pipPosition":[-70.0713,290.37,44.8524],"stabilizedTipPosition":[-113.897,261.406,130.978],"timeVisible":0.569578,"tipPosition":[-64.3242,272.695,-2.2398],"tipVelocity":[25.8767,-16.609,-149.334],"tool":false,"touchDistance":-0.509836,"touchZone":"hovering","type":0,"width":20.0604},{"bases":[[[0.866669,-0.363137,-0.342077],[0.450278,0.8646,0.222973],[0.21479,-0.347273,0.912834]],[[0.889753,-0.413571,-0.193127],[0.421548,0.906806,0.000228508],[0.175034,-0.0816156,0.981174]],[[0.889753,-0.413571,-0.193127],[0.402764,0.910452,-0.0941177],[0.214757,0.00595693,0.976649]],[[0.889753,-0.413571,-0.193127],[0.386392,0.9077,-0.163649],[0.242982,0.0709842,0.96743]]],"btipPosition":[-70.3138,334.438,-60.677],"carpPosition":[-37.9555,306.999,87.3692],"dipPosition":[-66.2012,335.639,-44.3027],"direction":[-0.214757,-0.00595693,-0.976649],"extended":true,"handId":908,"id":9081,"length":58.2569,"mcpPosition":[-53.6096,332.308,20.8412],"pipPosition":[-61.059,335.782,-20.9177],"stabilizedTipPosition":[-114.555,321.663,60.9055],"timeVisible":0.569578,"tipPosition":[-69.8231,333.534,-56.7826],"tipVelocity":[30.8694,-10.2749,-160.86],"tool":false,"touchDistance":-0.537908,"touchZone":"hovering","type":1,"width":19.1617},{"bases":[[[0.798175,-0.548753,-0.24857],[0.594922,0.782926,0.181917],[0.0947844,-0.293082,0.951377]],[[0.797622,-0.547075,-0.253984],[0.252038,0.684873,-0.683685],[0.547974,0.481309,0.684154]],[[0.797622,-0.547075,-0.253984],[-0.501974,-0.368635,-0.782388],[0.334397,0.751543,-0.568649]],[[0.797622,-0.547075,-0.253984],[-0.592798,-0.788741,-0.162723],[-0.111306,0.280353,-0.953422]]],"btipPosition":[-66.9278,275.161,18.4307],"carpPosition":[-26.8636,304.277,83.0848],"dipPosition":[-68.9999,280.38,0.681789],"direction":[-0.334397,-0.751543,0.568649],"extended":false,"handId":908,"id":9082,"length":66.379,"mcpPosition":[-33.4146,324.534,17.3306],"pipPosition":[-59.5799,301.552,-15.3371],"stabilizedTipPosition":[-95.8905,246.951,174.942],"timeVisible":0.569578,"tipPosition":[-67.2568,275.952,15.6033],"tipVelocity":[26.2728,-19.8612,-178.762],"tool":false,"touchDistance":0.333333,"touchZone":"none","type":2,"width":18.8193},{"bases":[[[0.756289,-0.64335,-0.11886],[0.653146,0.731978,0.193928],[-0.0377612,-0.224299,0.973789]],[[0.756655,-0.640873,-0.129438],[0.405474,0.61527,-0.676043],[0.512897,0.459047,0.725405]],[[0.756655,-0.640873,-0.129438],[-0.440472,-0.353362,-0.8253],[0.483174,0.681481,-0.54966]],[[0.756655,-0.640873,-0.129438],[-0.652939,-0.730447,-0.200294],[0.0338153,0.236069,-0.971148]]],"btipPosition":[-50.9876,269.098,19.9884],"carpPosition":[-16.7439,298.568,79.4636],"dipPosition":[-50.3617,273.467,2.01338],"direction":[-0.483174,-0.681481,0.54966],"extended":false,"handId":908,"id":9083,"length":63.8252,"mcpPosition":[-14.4007,312.487,19.0366],"pipPosition":[-37.1021,292.169,-13.0707],"stabilizedTipPosition":[-82.27,246.889,184.36],"timeVisible":0.569578,"tipPosition":[-50.8734,269.854,17.245],"tipVelocity":[31.0744,-19.511,-179.834],"tool":false,"touchDistance":0.333333,"touchZone":"none","type":3,"width":17.9078},{"bases":[[[0.628451,-0.777027,-0.035753],[0.756907,0.600291,0.258346],[-0.179279,-0.189419,0.965391]],[[0.596399,-0.796115,0.102509],[0.60834,0.364982,-0.704777],[0.52367,0.482689,0.701984]],[[0.596399,-0.796115,0.102509],[-0.41479,-0.415001,-0.809767],[0.68721,0.440425,-0.577727]],[[0.596399,-0.796115,0.102509],[-0.769568,-0.603415,-0.208938],[0.228194,0.045723,-0.972541]]],"btipPosition":[-35.1923,271.195,24.4544],"carpPosition":[-9.93571,286.536,76.6974],"dipPosition":[-31.2958,271.975,7.84782],"direction":[-0.68721,-0.440425,0.577727],"extended":false,"handId":908,"id":9084,"length":50.0378,"mcpPosition":[0.362497,297.416,21.2431],"pipPosition":[-17.9807,280.509,-3.34603],"stabilizedTipPosition":[-72.7464,256.643,183.642],"timeVisible":0.569578,"tipPosition":[-34.5344,271.439,21.7927],"tipVelocity":[35.8492,-23.4434,-171.74],"tool":false,"touchDistance":0.333333,"touchZone":"none","type":4,"width":15.9071}],"r":[[0.809014,-0.532062,0.249811],[0.587448,0.746352,-0.312829],[-0.0200019,0.399834,0.916369]],"s":0.806139,"t":[60.963,26.8249,-166.447],"timestamp":607371818654},false],[2,{"currentFrameRate":108.875,"devices":[],"gestures":[],"hands":[{"armBasis":[[0.779025,-0.175616,-0.601897],[0.477188,0.788767,0.387477],[0.406709,-0.589072,0.698271]],"armWidth":63.1234,"confidence":0.855007,"direction":[0.00354805,0.397262,-0.917698],"elbow":[84.5443,130.875,272.178],"grabStrength":0,"id":908,"palmNormal":[-0.477724,-0.805537,-0.350556],"palmPosition":[-32.7275,309.559,36.2294],"palmVelocity":[14.8918,-19.2897,-164.489],"palmWidth":90.138,"pinchStrength":1,"r":[[0.80971,-0.529931,0.252076],[0.586419,0.746762,-0.313783],[-0.021957,0.401895,0.915422]],"s":0.806103,"sphereCenter":[-54.6255,282.235,4.14381],"sphereRadius":42.8758,"stabilizedPalmPosition":[-77.6198,296.445,174.419],"t":[61.1001,26.6459,-168.026],"timeVisible":0.578418,"type":"right","wrist":[-24.239,288.436,85.4098]}],"id":4470022,"interactionBox":{"center":[0,200,0],"size":[235.247,235.247,147.751]},"pointables":[{"bases":[[[0.781489,0.621099,0.0592562],[-0.494753,0.559038,0.665354],[0.380124,-0.549284,0.744173]],[[0.594179,0.776315,-0.210441],[-0.737567,0.630246,0.242455],[0.320851,0.0111525,0.947064]],[[0.594179,0.776315,-0.210441],[-0.804311,0.57156,-0.16249],[-0.00586396,0.265808,0.964008]],[[0.594179,0.776315,-0.210441],[-0.725835,0.404779,-0.556164],[-0.346576,0.483206,0.803988]]],"btipPosition":[-61.8049,270.154,-7.98407],"carpPosition":[-54.172,290.887,90.0491],"dipPosition":[-69.8401,281.357,10.656],"direction":[0.00586396,-0.265808,-0.964008],"extended":false,"handId":908,"id":9080,"length":51.6284,"mcpPosition":[-54.172,290.887,90.0491],"pipPosition":[-70.0382,290.335,43.2166],"stabilizedTipPosition":[-113.896,261.406,130.974],"timeVisible":0.578418,"tipPosition":[-64.1034,272.244,-3.71126],"tipVelocity":[25.6485,-27.6527,-153.146],"tool":false,"touchDistance":-0.508856,"touchZone":"hovering","type":0,"width":20.0604},{"bases":[[[0.866627,-0.366708,-0.338353],[0.451077,0.865669,0.217134],[0.213277,-0.340797,0.915625]],[[0.889417,-0.415864,-0.189724],[0.423465,0.905912,-0.000520001],[0.172089,-0.079879,0.981837]],[[0.889417,-0.415864,-0.189724],[0.404824,0.90939,-0.0955363],[0.212263,0.00816698,0.977178]],[[0.889417,-0.415864,-0.189724],[0.38848,0.906439,-0.165686],[0.240876,0.07366,0.967757]]],"btipPosition":[-69.889,333.984,-62.678],"carpPosition":[-37.8617,307.189,85.6181],"dipPosition":[-65.8121,335.23,-46.2981],"direction":[-0.212263,-0.00816698,-0.977178],"extended":true,"handId":908,"id":9081,"length":58.2569,"mcpPosition":[-53.4055,332.026,18.8867],"pipPosition":[-60.7296,335.426,-22.9004],"stabilizedTipPosition":[-114.553,321.663,60.8994],"timeVisible":0.578418,"tipPosition":[-69.4076,333.062,-58.779],"tipVelocity":[35.2662,-21.0655,-178.532],"tool":false,"touchDistance":-0.542446,"touchZone":"hovering","type":1,"width":19.1617},{"bases":[[[0.797793,-0.551546,-0.243563],[0.59567,0.783518,0.176855],[0.0932927,-0.286177,0.953624]],[[0.797295,-0.550044,-0.248539],[0.256213,0.681245,-0.685755],[0.546512,0.48307,0.684082]],[[0.797295,-0.550044,-0.248539],[-0.500653,-0.372657,-0.781328],[0.337145,0.747381,-0.572499]],[[0.797295,-0.550044,-0.248539],[-0.593472,-0.789465,-0.156643],[-0.110053,0.272391,-0.955872]]],"btipPosition":[-66.7601,275.011,16.7153],"carpPosition":[-26.7681,304.422,81.3671],"dipPosition":[-68.8088,280.081,-1.07924],"direction":[-0.337145,-0.747381,0.572499],"extended":false,"handId":908,"id":9082,"length":66.379,"mcpPosition":[-33.216,324.201,15.4577],"pipPosition":[-59.3114,301.135,-17.2066],"stabilizedTipPosition":[-95.8905,246.951,174.942],"timeVisible":0.578418,"tipPosition":[-67.1051,275.757,13.8597],"tipVelocity":[24.4633,-20.1478,-183.218],"tool":false,"touchDistance":0.333333,"touchZone":"none","type":2,"width":18.8193},{"bases":[[[0.755637,-0.645133,-0.113209],[0.653817,0.732588,0.189311],[-0.0391947,-0.217068,0.975369]],[[0.756032,-0.642633,-0.124247],[0.407677,0.610841,-0.678729],[0.512069,0.462489,0.723802]],[[0.756032,-0.642633,-0.124247],[-0.439793,-0.358166,-0.82359],[0.484765,0.677303,-0.55341]],[[0.756032,-0.642633,-0.124247],[-0.653618,-0.731206,-0.195248],[0.034623,0.228824,-0.972852]]],"btipPosition":[-50.8278,268.852,18.4324],"carpPosition":[-16.6511,298.674,77.8002],"dipPosition":[-50.1869,273.087,0.425817],"direction":[-0.484765,-0.677303,0.55341],"extended":false,"handId":908,"id":9083,"length":63.8252,"mcpPosition":[-14.2189,312.144,17.2752],"pipPosition":[-36.8837,291.674,-14.7612],"stabilizedTipPosition":[-82.2699,246.889,184.359],"timeVisible":0.578418,"tipPosition":[-50.7221,269.581,15.6518],"tipVelocity":[27.6648,-22.7073,-179.025],"tool":false,"touchDistance":0.333333,"touchZone":"none","type":3,"width":17.9078},{"bases":[[[0.627536,-0.778037,-0.0292731],[0.757338,0.601253,0.254821],[-0.180659,-0.182079,0.966545]],[[0.595914,-0.795906,0.10687],[0.613164,0.365023,-0.700563],[0.518572,0.483004,0.705542]],[[0.595914,-0.795906,0.10687],[-0.409886,-0.415896,-0.811803],[0.690565,0.43996,-0.574069]],[[0.595914,-0.795906,0.10687],[-0.769142,-0.603938,-0.208995],[0.230883,0.0423453,-0.97206]]],"btipPosition":[-34.9641,270.906,22.6179],"carpPosition":[-9.85444,286.614,75.1309],"dipPosition":[-31.0217,271.629,6.01955],"direction":[-0.690565,-0.43996,0.574069],"extended":false,"handId":908,"id":9084,"length":50.0378,"mcpPosition":[0.523048,297.073,19.6104],"pipPosition":[-17.6416,280.154,-5.10342],"stabilizedTipPosition":[-72.7462,256.643,183.64],"timeVisible":0.578418,"tipPosition":[-34.3127,271.144,19.9857],"tipVelocity":[33.4578,-26.3289,-181.42],"tool":false,"touchDistance":0.333333,"touchZone":"none","type":4,"width":15.9071}],"r":[[0.80971,-0.529931,0.252076],[0.586419,0.746762,-0.313783],[-0.021957,0.401895,0.915422]],"s":0.806103,"t":[61.1001,26.6459,-168.026],"timestamp":607371827494},false],[3,{"currentFrameRate":108.89,"devices":[],"gestures":[],"hands":[{"armBasis":[[0.78033,-0.178458,-0.599365],[0.476524,0.790341,0.385079],[0.404982,-0.5861,0.701766]],"armWidth":63.1234,"confidence":0.859688,"direction":[0.00239464,0.394742,-0.918789],"elbow":[84.1499,131.731,272.08],"grabStrength":0,"id":908,"palmNormal":[-0.477016,-0.807069,-0.347987],"palmPosition":[-32.7216,309.475,35.1452],"palmVelocity":[10.9221,-16.4821,-151.645],"palmWidth":90.138,"pinchStrength":1,"r":[[0.810426,-0.527888,0.254055],[0.58537,0.747053,-0.315045],[-0.0234846,0.404037,0.914441]],"s":0.806484,"sphereCenter":[-54.6616,282.188,3.13426],"sphereRadius":42.8991,"stabilizedPalmPosition":[-77.6197,296.445,174.419],"t":[61.1716,26.5142,-169.357],"timeVisible":0.587576,"type":"right","wrist":[-24.1714,288.497,84.3771]}],"id":4470023,"interactionBox":{"center":[0,200,0],"size":[235.247,235.247,147.751]},"pointables":[{"bases":[[[0.780787,0.622195,0.0569703],[-0.494933,0.560272,0.664181],[0.381331,-0.546781,0.745398]],[[0.592404,0.776757,-0.213789],[-0.737571,0.629663,0.243955],[0.324109,0.0131652,0.945928]],[[0.592404,0.776757,-0.213789],[-0.80553,0.566684,-0.173179],[-0.0133671,0.274806,0.961407]],[[0.592404,0.776757,-0.213789],[-0.72109,0.392879,-0.57068],[-0.359286,0.492235,0.792854]]],"btipPosition":[-61.3499,269.58,-8.59922],"carpPosition":[-54.104,290.925,89.0318],"dipPosition":[-69.6797,280.992,9.78268],"direction":[0.0133671,-0.274806,-0.961407],"extended":false,"handId":908,"id":9080,"length":51.6284,"mcpPosition":[-54.104,290.925,89.0318],"pipPosition":[-70.1312,290.274,42.2555],"stabilizedTipPosition":[-113.894,261.406,130.97],"timeVisible":0.587576,"tipPosition":[-63.8001,271.882,-4.47159],"tipVelocity":[30.286,-35.972,-130.994],"tool":false,"touchDistance":-0.496422,"touchZone":"touching","type":0,"width":20.0604},{"bases":[[[0.866816,-0.366599,-0.337986],[0.450199,0.866802,0.21442],[0.214361,-0.338024,0.9164]],[[0.889708,-0.415074,-0.190087],[0.423184,0.906041,0.00229484],[0.171274,-0.0824836,0.981765]],[[0.889708,-0.415074,-0.190087],[0.404448,0.909766,-0.0935304],[0.211757,0.00633431,0.977302]],[[0.889708,-0.415074,-0.190087],[0.387962,0.906891,-0.164419],[0.240635,0.0725386,0.967901]]],"btipPosition":[-69.8719,334,-63.8109],"carpPosition":[-37.8165,307.234,84.544],"dipPosition":[-65.799,335.228,-47.4285],"direction":[-0.211757,-0.00633431,-0.977302],"extended":true,"handId":908,"id":9081,"length":58.2569,"mcpPosition":[-53.4393,331.869,17.7561],"pipPosition":[-60.7287,335.38,-24.0279],"stabilizedTipPosition":[-114.551,321.664,60.8942],"timeVisible":0.587576,"tipPosition":[-69.3859,333.047,-59.9139],"tipVelocity":[25.9303,-14.8171,-163.237],"tool":false,"touchDistance":-0.53352,"touchZone":"hovering","type":1,"width":19.1617},{"bases":[[[0.798274,-0.551258,-0.242638],[0.59486,0.784713,0.17426],[0.0943393,-0.283443,0.954338]],[[0.79781,-0.549884,-0.247237],[0.25647,0.680653,-0.686247],[0.545639,0.484086,0.68406]],[[0.79781,-0.549884,-0.247237],[-0.500378,-0.375141,-0.780315],[0.336334,0.746255,-0.574441]],[[0.79781,-0.549884,-0.247237],[-0.592495,-0.790964,-0.152728],[-0.111573,0.268335,-0.956843]]],"btipPosition":[-66.6942,274.927,15.6651],"carpPosition":[-26.7227,304.469,80.2924],"dipPosition":[-68.7713,279.922,-2.14756],"direction":[-0.336334,-0.746255,0.574441],"extended":false,"handId":908,"id":9082,"length":66.379,"mcpPosition":[-33.2429,324.059,14.3336],"pipPosition":[-59.2967,300.945,-18.3296],"stabilizedTipPosition":[-95.8904,246.951,174.941],"timeVisible":0.587576,"tipPosition":[-67.0621,275.648,12.7727],"tipVelocity":[19.4515,-17.5997,-164.246],"tool":false,"touchDistance":0.333333,"touchZone":"none","type":2,"width":18.8193},{"bases":[[[0.756327,-0.644536,-0.111996],[0.653077,0.733888,0.186813],[-0.0382148,-0.214433,0.975991]],[[0.756719,-0.642006,-0.123306],[0.40672,0.610005,-0.680054],[0.511816,0.464459,0.722719]],[[0.756719,-0.642006,-0.123306],[-0.440121,-0.360838,-0.822247],[0.483394,0.676479,-0.555613]],[[0.756719,-0.642006,-0.123306],[-0.652912,-0.732705,-0.191961],[0.0328931,0.225768,-0.973626]]],"btipPosition":[-50.7581,268.729,17.4501],"carpPosition":[-16.6014,298.724,76.7338],"dipPosition":[-50.1493,272.908,-0.570778],"direction":[-0.483394,-0.676479,0.555613],"extended":false,"handId":908,"id":9083,"length":63.8252,"mcpPosition":[-14.2301,312.03,16.1702],"pipPosition":[-36.8837,291.472,-15.8182],"stabilizedTipPosition":[-82.2699,246.889,184.359],"timeVisible":0.587576,"tipPosition":[-50.6668,269.445,14.6329],"tipVelocity":[21.8508,-20.499,-159.127],"tool":false,"touchDistance":0.333333,"touchZone":"none","type":3,"width":17.9078},{"bases":[[[0.628447,-0.777363,-0.0276001],[0.756804,0.602858,0.252607],[-0.179728,-0.179638,0.967175]],[[0.597399,-0.794777,0.106977],[0.613479,0.367007,-0.69925],[0.516486,0.483359,0.706828]],[[0.597399,-0.794777,0.106977],[-0.408677,-0.416494,-0.812106],[0.689998,0.441433,-0.57362]],[[0.597399,-0.794777,0.106977],[-0.768377,-0.605469,-0.207375],[0.229588,0.0416872,-0.972395]]],"btipPosition":[-34.8494,270.786,21.4953],"carpPosition":[-9.79233,286.664,74.0926],"dipPosition":[-30.9291,271.498,4.8913],"direction":[-0.689998,-0.441433,0.57362],"extended":false,"handId":908,"id":9084,"length":50.0378,"mcpPosition":[0.53165,296.982,18.5359],"pipPosition":[-17.5599,280.051,-6.22297],"stabilizedTipPosition":[-72.7459,256.643,183.639],"timeVisible":0.587576,"tipPosition":[-34.2121,271.018,18.8428],"tipVelocity":[27.4722,-22.7202,-165.062],"tool":false,"touchDistance":0.333333,"touchZone":"none","type":4,"width":15.9071}],"r":[[0.810426,-0.527888,0.254055],[0.58537,0.747053,-0.315045],[-0.0234846,0.404037,0.914441]],"s":0.806484,"t":[61.1716,26.5142,-169.357],"timestamp":607371836652},false],[4,{"currentFrameRate":99.8192,"devices":[],"gestures":[],"hands":[{"armBasis":[[0.778956,-0.194111,-0.596279],[0.480539,0.795688,0.368731],[0.402877,-0.57376,0.713084]],"armWidth":63.1234,"confidence":0.839455,"direction":[0.00709176,0.392616,-0.919675],"elbow":[82.9377,135.731,271.064],"grabStrength":0,"id":908,"palmNormal":[-0.480835,-0.805057,-0.347393],"palmPosition":[-33.12,310.112,31.0329],"palmVelocity":[-4.95283,8.28245,-152.057],"palmWidth":90.138,"pinchStrength":1,"r":[[0.810244,-0.527082,0.256299],[0.585571,0.746454,-0.31609],[-0.0247097,0.406191,0.913454]],"s":0.807499,"sphereCenter":[-55.1923,283.15,-0.998674],"sphereRadius":42.9305,"stabilizedPalmPosition":[-77.6196,296.445,174.418],"t":[61.0081,26.7666,-172.079],"timeVisible":0.614575,"type":"right","wrist":[-24.8207,289.196,80.3345]}],"id":4470024,"interactionBox":{"center":[0,200,0],"size":[235.247,235.247,147.751]},"pointables":[{"bases":[[[0.78427,0.617741,0.0575905],[-0.493361,0.56468,0.661613],[0.376185,-0.547296,0.747631]],[[0.596111,0.773417,-0.215588],[-0.733251,0.633797,0.246262],[0.327102,0.0112807,0.944922]],[[0.596111,0.773417,-0.215588],[-0.802407,0.56444,-0.193779],[-0.0281856,0.288503,0.957064]],[[0.596111,0.773417,-0.215588],[-0.70057,0.369859,-0.610251],[-0.392241,0.514811,0.76231]]],"btipPosition":[-60.8798,269.572,-11.8207],"carpPosition":[-54.7504,291.81,84.9057],"dipPosition":[-69.9737,281.508,5.85299],"direction":[0.0281856,-0.288503,-0.957064],"extended":false,"handId":908,"id":9080,"length":51.6284,"mcpPosition":[-54.7504,291.81,84.9057],"pipPosition":[-70.9257,291.252,38.1791],"stabilizedTipPosition":[-113.891,261.407,130.962],"timeVisible":0.614575,"tipPosition":[-63.6853,272.295,-8.05225],"tipVelocity":[18.3025,-11.1456,-127.507],"tool":false,"touchDistance":-0.525879,"touchZone":"touching","type":0,"width":20.0604},{"bases":[[[0.865526,-0.372441,-0.334891],[0.454714,0.864639,0.213621],[0.209998,-0.337174,0.917722]],[[0.887619,-0.420213,-0.188557],[0.429718,0.9029,0.0106865],[0.165758,-0.0905119,0.982004]],[[0.887619,-0.420213,-0.188557],[0.411328,0.907424,-0.0859662],[0.207225,-0.00125358,0.978292]],[[0.887619,-0.420213,-0.188557],[0.394953,0.905054,-0.157765],[0.236949,0.065564,0.969307]]],"btipPosition":[-69.6878,335.359,-68.0857],"carpPosition":[-38.356,308.013,80.4232],"dipPosition":[-65.6773,336.469,-51.6796],"direction":[-0.207225,0.00125358,-0.978292],"extended":true,"handId":908,"id":9081,"length":58.2569,"mcpPosition":[-53.6608,332.587,13.539],"pipPosition":[-60.7155,336.439,-28.2553],"stabilizedTipPosition":[-114.547,321.665,60.8854],"timeVisible":0.614575,"tipPosition":[-69.2165,334.321,-64.1921],"tipVelocity":[13.786,24.8405,-160.08],"tool":false,"touchDistance":-0.572541,"touchZone":"hovering","type":1,"width":19.1617},{"bases":[[[0.795656,-0.556477,-0.239301],[0.598996,0.781614,0.174025],[0.0902004,-0.281804,0.955223]],[[0.79528,-0.555319,-0.243208],[0.264576,0.678875,-0.68493],[0.545462,0.480364,0.68682]],[[0.79528,-0.555319,-0.243208],[-0.500039,-0.374039,-0.78106],[0.342768,0.742775,-0.575148]],[[0.79528,-0.555319,-0.243208],[-0.596449,-0.788526,-0.149915],[-0.108525,0.264286,-0.958319]]],"btipPosition":[-67.1827,275.87,11.434],"carpPosition":[-27.2676,305.174,76.2069],"dipPosition":[-69.203,280.79,-6.40608],"direction":[-0.342768,-0.742775,0.575148],"extended":false,"handId":908,"id":9082,"length":66.379,"mcpPosition":[-33.5018,324.651,10.1869],"pipPosition":[-59.5471,301.714,-22.6081],"stabilizedTipPosition":[-95.8904,246.951,174.941],"timeVisible":0.614575,"tipPosition":[-67.5718,276.556,8.48593],"tipVelocity":[-3.46024,14.4713,-159.732],"tool":false,"touchDistance":0.333333,"touchZone":"none","type":2,"width":18.8193},{"bases":[[[0.752823,-0.649209,-0.108558],[0.656881,0.730477,0.186845],[-0.0420026,-0.211971,0.976373]],[[0.753268,-0.646652,-0.120116],[0.412294,0.606542,-0.679795],[0.512446,0.462545,0.7235]],[[0.753268,-0.646652,-0.120116],[-0.440429,-0.360298,-0.822319],[0.488477,0.672329,-0.556205]],[[0.753268,-0.646652,-0.120116],[-0.656746,-0.729607,-0.190678],[0.0356651,0.222517,-0.974276]]],"btipPosition":[-51.3113,269.473,13.3741],"carpPosition":[-17.171,299.361,72.6878],"dipPosition":[-50.6512,273.591,-4.65884],"direction":[-0.488477,-0.672329,0.556205],"extended":false,"handId":908,"id":9083,"length":63.8252,"mcpPosition":[-14.5646,312.515,12.1004],"pipPosition":[-37.2461,292.042,-19.9226],"stabilizedTipPosition":[-82.2698,246.89,184.359],"timeVisible":0.614575,"tipPosition":[-51.2238,270.174,10.5054],"tipVelocity":[-4.05658,8.88245,-154.147],"tool":false,"touchDistance":0.333333,"touchZone":"none","type":3,"width":17.9078},{"bases":[[[0.623949,-0.781091,-0.0241932],[0.759667,0.598992,0.253207],[-0.183286,-0.176367,0.96711]],[[0.592817,-0.797923,0.109027],[0.618215,0.364122,-0.696581],[0.516119,0.480347,0.709146]],[[0.592817,-0.797923,0.109027],[-0.408562,-0.414643,-0.81311],[0.694007,0.437481,-0.571808]],[[0.592817,-0.797923,0.109027],[-0.771437,-0.6015,-0.207562],[0.231199,0.0389388,-0.972127]]],"btipPosition":[-35.3709,271.419,17.3774],"carpPosition":[-10.4259,287.255,70.0918],"dipPosition":[-31.4231,272.084,0.777962],"direction":[-0.694007,-0.437481,0.571808],"extended":false,"handId":908,"id":9084,"length":50.0378,"mcpPosition":[0.102444,297.386,14.5388],"pipPosition":[-17.9762,280.561,-10.3012],"stabilizedTipPosition":[-72.7456,256.643,183.638],"timeVisible":0.614575,"tipPosition":[-34.7379,271.634,14.6885],"tipVelocity":[-1.31013,5.5732,-157.284],"tool":false,"touchDistance":0.333333,"touchZone":"none","type":4,"width":15.9071}],"r":[[0.810244,-0.527082,0.256299],[0.585571,0.746454,-0.31609],[-0.0247097,0.406191,0.913454]],"s":0.807499,"t":[61.0081,26.7666,-172.079],"timestamp":607371863651},false],[5,{"currentFrameRate":100.321,"devices":[],"gestures":[],"hands":[{"armBasis":[[0.777953,-0.198263,-0.596222],[0.483443,0.794987,0.36644],[0.401338,-0.573312,0.714311]],"armWidth":63.1234,"confidence":0.84162,"direction":[0.00771205,0.389611,-0.920947],"elbow":[82.4562,135.97,270.586],"grabStrength":0,"id":908,"palmNormal":[-0.483768,-0.804573,-0.344429],"palmPosition":[-33.1568,310.099,30.1643],"palmVelocity":[-4.71823,5.61321,-136.85],"palmWidth":90.138,"pinchStrength":1,"r":[[0.809784,-0.526806,0.258314],[0.586183,0.745377,-0.317494],[-0.0252833,0.408521,0.912399]],"s":0.808512,"sphereCenter":[-55.3797,283.212,-1.76685],"sphereRadius":42.9391,"stabilizedPalmPosition":[-77.6195,296.445,174.418],"t":[60.908,26.8863,-173.874],"timeVisible":0.623565,"type":"right","wrist":[-24.8904,289.315,79.5273]}],"id":4470025,"interactionBox":{"center":[0,200,0],"size":[235.247,235.247,147.751]},"pointables":[{"bases":[[[0.786363,0.615311,0.0550126],[-0.490988,0.568458,0.660141],[0.37492,-0.546121,0.749124]],[[0.598101,0.770917,-0.219003],[-0.730606,0.63681,0.24635],[0.329379,0.0126631,0.944113]],[[0.598101,0.770917,-0.219003],[-0.800845,0.564569,-0.199773],[-0.0303657,0.294872,0.955054]],[[0.598101,0.770917,-0.219003],[-0.695957,0.364123,-0.618917],[-0.397389,0.522592,0.754307]]],"btipPosition":[-60.8568,269.342,-12.3211],"carpPosition":[-54.8079,292.044,84.1119],"dipPosition":[-70.0701,281.458,5.16714],"direction":[0.0303657,-0.294872,-0.955054],"extended":false,"handId":908,"id":9080,"length":51.6284,"mcpPosition":[-54.8079,292.044,84.1119],"pipPosition":[-71.0957,291.418,37.4254],"stabilizedTipPosition":[-113.89,261.407,130.96],"timeVisible":0.623565,"tipPosition":[-63.7147,272.17,-8.63659],"tipVelocity":[13.1446,-13.8497,-109.098],"tool":false,"touchDistance":-0.509769,"touchZone":"touching","type":0,"width":20.0604},{"bases":[[[0.864033,-0.376402,-0.334317],[0.457746,0.863809,0.210484],[0.20956,-0.334898,0.918656]],[[0.88602,-0.423565,-0.188577],[0.433113,0.901277,0.0105891],[0.165475,-0.0910572,0.982001]],[[0.88602,-0.423565,-0.188577],[0.414631,0.905864,-0.0865516],[0.207485,-0.00150333,0.978237]],[[0.88602,-0.423565,-0.188577],[0.398119,0.903486,-0.158791],[0.237635,0.0656162,0.969136]]],"btipPosition":[-69.6687,335.386,-69.0076],"carpPosition":[-38.363,308.178,79.565],"dipPosition":[-65.6465,336.497,-52.6044],"direction":[-0.207485,0.00150333,-0.978237],"extended":true,"handId":908,"id":9081,"length":58.2569,"mcpPosition":[-53.6359,332.585,12.6127],"pipPosition":[-60.6785,336.461,-29.1814],"stabilizedTipPosition":[-114.547,321.665,60.8831],"timeVisible":0.623565,"tipPosition":[-69.1916,334.333,-65.1152],"tipVelocity":[10.6711,18.8487,-144.319],"tool":false,"touchDistance":-0.557459,"touchZone":"hovering","type":1,"width":19.1617},{"bases":[[[0.793623,-0.559893,-0.238081],[0.601721,0.780175,0.171051],[0.0899745,-0.279009,0.956064]],[[0.793276,-0.558832,-0.241703],[0.266782,0.675863,-0.687049],[0.547303,0.480537,0.685232]],[[0.793276,-0.558832,-0.241703],[-0.501995,-0.375652,-0.77903],[0.34455,0.739319,-0.578526]],[[0.793276,-0.558832,-0.241703],[-0.598992,-0.787477,-0.145215],[-0.109185,0.259974,-0.959423]]],"btipPosition":[-67.3125,275.96,10.7102],"carpPosition":[-27.2873,305.288,75.3497],"dipPosition":[-69.3451,280.799,-7.15045],"direction":[-0.34455,-0.739319,0.578526],"extended":false,"handId":908,"id":9082,"length":66.379,"mcpPosition":[-33.5058,324.571,9.27159],"pipPosition":[-59.6391,301.626,-23.4476],"stabilizedTipPosition":[-95.8903,246.951,174.941],"timeVisible":0.623565,"tipPosition":[-67.7192,276.624,7.72684],"tipVelocity":[-6.55878,12.6827,-138.145],"tool":false,"touchDistance":0.333333,"touchZone":"none","type":2,"width":18.8193},{"bases":[[[0.750579,-0.652058,-0.107006],[0.659445,0.728888,0.183995],[-0.0419798,-0.208667,0.977085]],[[0.751027,-0.649523,-0.118652],[0.4141,0.603318,-0.681563],[0.514276,0.462738,0.722075]],[[0.751027,-0.649523,-0.118652],[-0.442264,-0.361431,-0.820835],[0.490267,0.668945,-0.558705]],[[0.751027,-0.649523,-0.118652],[-0.659331,-0.728157,-0.187272],[0.0352396,0.218877,-0.975116]]],"btipPosition":[-51.4767,269.488,12.6313],"carpPosition":[-17.2127,299.43,71.842],"dipPosition":[-50.8244,273.539,-5.41714],"direction":[-0.490267,-0.668945,0.558705],"extended":false,"handId":908,"id":9083,"length":63.8252,"mcpPosition":[-14.6077,312.378,11.2105],"pipPosition":[-37.3702,291.897,-20.7495],"stabilizedTipPosition":[-82.2698,246.89,184.359],"timeVisible":0.623565,"tipPosition":[-51.3965,270.174,9.74322],"tipVelocity":[-8.04358,6.44812,-134.634],"tool":false,"touchDistance":0.333333,"touchZone":"none","type":3,"width":17.9078},{"bases":[[[0.62133,-0.783237,-0.0221202],[0.761843,0.597278,0.250707],[-0.183151,-0.172624,0.96781]],[[0.590314,-0.799517,0.110915],[0.61902,0.36023,-0.697888],[0.518019,0.480632,0.707566]],[[0.590314,-0.799517,0.110915],[-0.410547,-0.415709,-0.811565],[0.694968,0.433543,-0.573638]],[[0.590314,-0.799517,0.110915],[-0.773631,-0.599617,-0.20483],[0.230271,0.035107,-0.972493]]],"btipPosition":[-35.5318,271.374,16.6227],"carpPosition":[-10.5098,287.294,69.2803],"dipPosition":[-31.5999,271.974,0.0170361],"direction":[-0.694968,-0.433543,0.573638],"extended":false,"handId":908,"id":9084,"length":50.0378,"mcpPosition":[0.0108135,297.209,13.6871],"pipPosition":[-18.1344,280.374,-11.0976],"stabilizedTipPosition":[-72.7456,256.643,183.638],"timeVisible":0.623565,"tipPosition":[-34.9026,271.576,13.9209],"tipVelocity":[-5.97307,2.21049,-137.21],"tool":false,"touchDistance":0.333333,"touchZone":"none","type":4,"width":15.9071}],"r":[[0.809784,-0.526806,0.258314],[0.586183,0.745377,-0.317494],[-0.0252833,0.408521,0.912399]],"s":0.808512,"t":[60.908,26.8863,-173.874],"timestamp":607371872641},false],[6,{"currentFrameRate":100.752,"devices":[],"gestures":[],"hands":[{"armBasis":[[0.781052,-0.195649,-0.593025],[0.480082,0.795435,0.369871],[0.399348,-0.57359,0.715204]],"armWidth":63.1234,"confidence":0.843651,"direction":[0.00612822,0.388389,-0.921475],"elbow":[81.9032,136.01,269.789],"grabStrength":0,"id":908,"palmNormal":[-0.480461,-0.807016,-0.343341],"palmPosition":[-33.2619,310.111,29.1005],"palmVelocity":[-6.61268,4.44693,-131.361],"palmWidth":90.138,"pinchStrength":1,"r":[[0.809845,-0.525846,0.260069],[0.586063,0.744907,-0.318816],[-0.026079,0.410609,0.911438]],"s":0.810032,"sphereCenter":[-55.4731,283.297,-2.79496],"sphereRadius":42.9683,"stabilizedPalmPosition":[-77.6195,296.445,174.418],"t":[60.8054,26.9525,-175.303],"timeVisible":0.632655,"type":"right","wrist":[-24.911,289.429,78.4918]}],"id":4470026,"interactionBox":{"center":[0,200,0],"size":[235.247,235.247,147.751]},"pointables":[{"bases":[[[0.783833,0.618603,0.0541842],[-0.493323,0.567336,0.659365],[0.377144,-0.543562,0.749868]],[[0.594655,0.773191,-0.220367],[-0.732623,0.634014,0.247566],[0.331132,0.014229,0.943477]],[[0.594655,0.773191,-0.220367],[-0.803253,0.559707,-0.203745],[-0.0341927,0.298168,0.953901]],[[0.594655,0.773191,-0.220367],[-0.695079,0.356672,-0.624219],[-0.404042,0.524367,0.749526]]],"btipPosition":[-60.6916,269.109,-13.1793],"carpPosition":[-54.8395,292.041,83.0724],"dipPosition":[-70.0591,281.267,4.19801],"direction":[0.0341927,-0.298168,-0.953901],"extended":false,"handId":908,"id":9080,"length":51.6284,"mcpPosition":[-54.8395,292.041,83.0724],"pipPosition":[-71.214,291.338,36.4173],"stabilizedTipPosition":[-113.89,261.407,130.958],"timeVisible":0.632655,"tipPosition":[-63.5688,271.967,-9.54473],"tipVelocity":[13.4551,-16.8094,-105.81],"tool":false,"touchDistance":-0.500382,"touchZone":"touching","type":0,"width":20.0604},{"bases":[[[0.865574,-0.373311,-0.333799],[0.454198,0.865962,0.209315],[0.210917,-0.332789,0.919111]],[[0.887627,-0.41974,-0.189567],[0.430184,0.902604,0.0157396],[0.164498,-0.0955197,0.981742]],[[0.887627,-0.41974,-0.189567],[0.411714,0.907628,-0.0818709],[0.206421,-0.00537665,0.978448]],[[0.887627,-0.41974,-0.189567],[0.395164,0.905499,-0.15465],[0.236566,0.062361,0.969612]]],"btipPosition":[-69.7803,335.629,-70.1042],"carpPosition":[-38.4609,308.236,78.5037],"dipPosition":[-65.7763,336.684,-53.6929],"direction":[-0.206421,0.00537665,-0.978448],"extended":true,"handId":908,"id":9081,"length":58.2569,"mcpPosition":[-53.8327,332.49,11.5182],"pipPosition":[-60.8337,336.555,-30.2648],"stabilizedTipPosition":[-114.546,321.665,60.8812],"timeVisible":0.632655,"tipPosition":[-69.2909,334.519,-66.2162],"tipVelocity":[4.18797,20.6315,-137.703],"tool":false,"touchDistance":-0.546467,"touchZone":"touching","type":1,"width":19.1617},{"bases":[[[0.795914,-0.556958,-0.237314],[0.598515,0.782867,0.169997],[0.0911036,-0.277339,0.956443]],[[0.795611,-0.556045,-0.240453],[0.264711,0.676105,-0.687612],[0.544915,0.483421,0.685108]],[[0.795611,-0.556045,-0.240453],[-0.500649,-0.380008,-0.777782],[0.341108,0.739194,-0.580722]],[[0.795611,-0.556045,-0.240453],[-0.595458,-0.790837,-0.141449],[-0.111507,0.255718,-0.960299]]],"btipPosition":[-67.2223,275.888,9.71089],"carpPosition":[-27.3733,305.386,74.2925],"dipPosition":[-69.2981,280.648,-8.16607],"direction":[-0.341108,-0.739194,0.580722],"extended":false,"handId":908,"id":9082,"length":66.379,"mcpPosition":[-33.6699,324.554,8.18817],"pipPosition":[-59.6891,301.471,-24.5251],"stabilizedTipPosition":[-95.8903,246.951,174.941],"timeVisible":0.632655,"tipPosition":[-67.6586,276.528,6.66972],"tipVelocity":[-2.29886,6.41865,-130.448],"tool":false,"touchDistance":0.333333,"touchZone":"none","type":2,"width":18.8193},{"bases":[[[0.753247,-0.649121,-0.106114],[0.65645,0.731834,0.183011],[-0.0411381,-0.207511,0.977367]],[[0.753685,-0.646593,-0.117795],[0.412098,0.604541,-0.681692],[0.511989,0.465239,0.722094]],[[0.753685,-0.646593,-0.117795],[-0.44101,-0.364652,-0.820085],[0.487307,0.670035,-0.559987]],[[0.753685,-0.646593,-0.117795],[-0.656392,-0.731454,-0.184729],[0.033283,0.216547,-0.975705]]],"btipPosition":[-51.3723,269.454,11.6099],"carpPosition":[-17.2748,299.565,70.7928],"dipPosition":[-50.7563,273.462,-6.44948],"direction":[-0.487307,-0.670035,0.559987],"extended":false,"handId":908,"id":9083,"length":63.8252,"mcpPosition":[-14.722,312.441,10.1438],"pipPosition":[-37.3833,291.849,-21.817],"stabilizedTipPosition":[-82.2698,246.89,184.359],"timeVisible":0.632655,"tipPosition":[-51.3116,270.122,8.67993],"tipVelocity":[-2.89114,3.31196,-128.546],"tool":false,"touchDistance":0.333333,"touchZone":"none","type":3,"width":17.9078},{"bases":[[[0.624535,-0.780713,-0.0210516],[0.759385,0.600735,0.249903],[-0.182456,-0.172059,0.968042]],[[0.596165,-0.796281,0.102583],[0.615208,0.370982,-0.695623],[0.515856,0.477816,0.711045]],[[0.596165,-0.796281,0.102583],[-0.410416,-0.412072,-0.813484],[0.690034,0.442869,-0.572469]],[[0.596165,-0.796281,0.102583],[-0.770847,-0.603422,-0.204147],[0.224459,0.0426295,-0.973551]]],"btipPosition":[-35.3135,271.29,15.4503],"carpPosition":[-10.5221,287.452,68.2477],"dipPosition":[-31.4808,272.018,-1.17345],"direction":[-0.690033,-0.442869,0.572469],"extended":false,"handId":908,"id":9084,"length":50.0378,"mcpPosition":[-0.0414786,297.336,12.6411],"pipPosition":[-18.1109,280.599,-12.2654],"stabilizedTipPosition":[-72.7455,256.643,183.638],"timeVisible":0.632655,"tipPosition":[-34.7452,271.54,12.7308],"tipVelocity":[1.63653,-0.063067,-135.057],"tool":false,"touchDistance":0.333333,"touchZone":"