{"sensorType":"Leap","data":[[0,{"currentFrameRate":109.859,"devices":[],"gestures":[],"hands":[{"armBasis":[[0.804796,-0.161319,-0.571209],[0.452542,0.789481,0.414639],[0.38407,-0.592195,0.708375]],"armWidth":63.1234,"confidence":0.786298,"direction":[-0.0812621,0.310634,-0.94705],"elbow":[93.4977,149.976,280.118],"grabStrength":0,"id":906,"palmNormal":[-0.445191,-0.861449,-0.244357],"palmPosition":[-22.2163,324.336,40.5134],"palmVelocity":[-36.6044,-80.9569,-92.2728],"palmWidth":90.138,"pinchStrength":1,"r":[[0.759301,-0.523781,0.386155],[0.618635,0.765098,-0.17865],[-0.201873,0.374538,0.904969]],"s":0.707888,"sphereCenter":[-52.4547,297.501,12.8572],"sphereRadius":45.4677,"stabilizedPalmPosition":[-76.4453,307.504,201.09],"t":[72.2328,29.148,-200.087],"timeVisible":0.659804,"type":"right","wrist":[-9.23016,308.371,90.648]}],"id":4469111,"interactionBox":{"center":[0,200,0],"size":[235.247,235.247,147.751]},"pointables":[{"bases":[[[0.741168,0.669451,-0.050058],[-0.486858,0.587358,0.646514],[0.462211,-0.454804,0.761258]],[[0.559484,0.77809,-0.285574],[-0.769999,0.615443,0.168318],[0.306722,0.125721,0.94346]],[[0.559484,0.77809,-0.285574],[-0.817543,0.461373,-0.344613],[-0.136384,0.426275,0.894253]],[[0.559484,0.77809,-0.285574],[-0.808801,0.437221,-0.393292],[-0.181158,0.451014,0.873938]]],"btipPosition":[-45.2623,278.376,0.00593127],"carpPosition":[-38.9015,309.448,97.1266],"dipPosition":[-49.4624,288.833,20.2677],"direction":[0.136384,-0.426275,-0.894253],"extended":false,"handId":906,"id":9060,"length":51.6284,"mcpPosition":[-38.9015,309.448,97.1266],"pipPosition":[-54.0689,303.231,50.4723],"stabilizedTipPosition":[-88.969,280.015,128.303],"timeVisible":0.659804,"tipPosition":[-45.9413,280.786,5.05171],"tipVelocity":[-70.0231,-71.402,-86.8351],"tool":false,"touchDistance":-0.437571,"touchZone":"hovering","type":0,"width":20.0604},{"bases":[[[0.865437,-0.343902,-0.364349],[0.406172,0.90735,0.10835],[0.293331,-0.241758,0.924938]],[[0.900931,-0.377802,-0.213514],[0.383632,0.923363,-0.0150924],[0.202853,-0.0683136,0.976823]],[[0.900931,-0.377802,-0.213514],[0.359863,0.925389,-0.118972],[0.242531,0.0303496,0.969669]],[[0.900931,-0.377802,-0.213514],[0.338795,0.919796,-0.197972],[0.271184,0.106022,0.956671]]],"btipPosition":[-64.4233,344.223,-58.2373],"carpPosition":[-24.0146,326.217,90.1566],"dipPosition":[-59.8333,346.017,-42.0451],"direction":[-0.242531,-0.0303496,-0.969669],"extended":true,"handId":906,"id":9061,"length":58.2569,"mcpPosition":[-45.3927,343.837,22.7465],"pipPosition":[-54.0262,346.744,-18.8272],"stabilizedTipPosition":[-112.416,346.596,68.4756],"timeVisible":0.659804,"tipPosition":[-63.2915,344.459,-54.4384],"tipVelocity":[-22.9951,-81.5956,-99.4029],"tool":false,"touchDistance":-0.469599,"touchZone":"hovering","type":1,"width":19.1617},{"bases":[[[0.815103,-0.523011,-0.249134],[0.552978,0.830619,0.065473],[0.172692,-0.191133,0.966253]],[[0.815517,-0.523471,-0.246799],[0.278672,0.728945,-0.625285],[0.507221,0.441154,0.740344]],[[0.815517,-0.523471,-0.246799],[-0.357181,-0.11972,-0.926331],[0.45536,0.843591,-0.284607]],[[0.815517,-0.523471,-0.246799],[-0.56661,-0.635368,-0.524653],[0.117832,0.567702,-0.814758]]],"btipPosition":[-64.2338,281.551,6.45496],"carpPosition":[-13.0578,323.738,85.4031],"dipPosition":[-62.0402,292.12,-8.71259],"direction":[-0.45536,-0.843591,0.284607],"extended":false,"handId":906,"id":9062,"length":66.379,"mcpPosition":[-24.9933,336.949,18.6207],"pipPosition":[-49.2127,315.884,-16.73],"stabilizedTipPosition":[-92.2925,245.338,217.827],"timeVisible":0.659804,"tipPosition":[-63.5166,283.521,4.64546],"tipVelocity":[-58.9163,-58.2755,-115.588],"tool":false,"touchDistance":0.333333,"touchZone":"none","type":2,"width":18.8193},{"bases":[[[0.787611,-0.606554,-0.108448],[0.615024,0.784614,0.0782749],[0.0376118,-0.128348,0.991016]],[[0.78539,-0.600747,-0.149217],[0.386309,0.66405,-0.640158],[0.483661,0.44513,0.753612]],[[0.78539,-0.600747,-0.149217],[-0.29104,-0.145629,-0.945562],[0.546313,0.786063,-0.289217]],[[0.78539,-0.600747,-0.149217],[-0.57309,-0.614589,-0.542078],[0.233944,0.511258,-0.826974]]],"btipPosition":[-45.8974,275.529,10.0507],"carpPosition":[-2.83374,318.301,81.6591],"dipPosition":[-41.5673,284.992,-5.25582],"direction":[-0.546313,-0.786063,0.289217],"extended":false,"handId":906,"id":9063,"length":63.8252,"mcpPosition":[-5.16768,326.265,20.1631],"pipPosition":[-26.5751,306.563,-13.1927],"stabilizedTipPosition":[-76.157,250.054,225.821],"timeVisible":0.659804,"tipPosition":[-44.8514,277.383,8.26995],"tipVelocity":[-60.2707,-60.0137,-146.023],"tool":false,"touchDistance":0.333333,"touchZone":"none","type":3,"width":17.9078},{"bases":[[[0.674151,-0.73858,-0.00445232],[0.73093,0.666278,0.147699],[-0.106121,-0.102826,0.989022]],[[0.671278,-0.740926,0.0203493],[0.560309,0.489284,-0.668322],[0.485221,0.460032,0.743593]],[[0.671278,-0.740926,0.0203493],[-0.221707,-0.226912,-0.948344],[0.70727,0.632091,-0.31659]],[[0.671278,-0.740926,0.0203493],[-0.610005,-0.567843,-0.552674],[0.421046,0.358585,-0.833149]]],"btipPosition":[-27.2378,277.895,17.0947],"carpPosition":[4.55616,306.473,79.5926],"dipPosition":[-20.0482,284.018,2.86834],"direction":[-0.70727,-0.632091,0.31659],"extended":false,"handId":906,"id":9064,"length":50.0378,"mcpPosition":[10.652,312.379,22.7809],"pipPosition":[-6.34439,296.265,-3.26579],"stabilizedTipPosition":[-69.6224,262.891,215.194],"timeVisible":0.659804,"tipPosition":[-25.7391,279.302,15.2093],"tipVelocity":[-53.9,-83.0602,-117.243],"tool":false,"touchDistance":0.333333,"touchZone":"none","type":4,"width":15.9071}],"r":[[0.759301,-0.523781,0.386155],[0.618635,0.765098,-0.17865],[-0.201873,0.374538,0.904969]],"s":0.707888,"t":[72.2328,29.148,-200.087],"timestamp":607363277064},false],[1,{"currentFrameRate":109.898,"devices":[],"gestures":[],"hands":[{"armBasis":[[0.803468,-0.163669,-0.572409],[0.454914,0.789006,0.412944],[0.384048,-0.592184,0.708396]],"armWidth":63.1234,"confidence":0.799233,"direction":[-0.0811194,0.3085,-0.947759],"elbow":[93.0502,149.68,279.734],"grabStrength":0,"id":906,"palmNormal":[-0.447633,-0.860875,-0.241905],"palmPosition":[-22.6515,323.947,40.0934],"palmVelocity":[-39.7953,-70.5056,-79.6728],"palmWidth":90.138,"pinchStrength":1,"r":[[0.757008,-0.525866,0.387819],[0.621763,0.762209,-0.180135],[-0.200872,0.377495,0.903962]],"s":0.705777,"sphereCenter":[-53.0434,297.104,12.5046],"sphereRadius":45.5331,"stabilizedPalmPosition":[-75.9705,307.65,199.669],"t":[71.8437,28.6026,-200.632],"timeVisible":0.668834,"type":"right","wrist":[-9.67166,308.073,90.2582]}],"id":4469112,"interactionBox":{"center":[0,200,0],"size":[235.247,235.247,147.751]},"pointables":[{"bases":[[[0.742893,0.667368,-0.0522417],[-0.484848,0.590239,0.6454],[0.461555,-0.454134,0.762056]],[[0.561685,0.775784,-0.287522],[-0.76807,0.618116,0.167333],[0.307536,0.126849,0.943043]],[[0.561685,0.775784,-0.287522],[-0.816445,0.463491,-0.344374],[-0.133896,0.428175,0.893721]],[[0.561685,0.775784,-0.287522],[-0.808004,0.439644,-0.392228],[-0.177877,0.452627,0.873778]]],"btipPosition":[-45.8966,278.015,-0.3233],"carpPosition":[-39.3354,309.244,96.7551],"dipPosition":[-50.0206,288.509,19.9348],"direction":[0.133896,-0.428175,-0.893721],"extended":false,"handId":906,"id":9060,"length":51.6284,"mcpPosition":[-39.3354,309.244,96.7551],"pipPosition":[-54.5431,302.971,50.1214],"stabilizedTipPosition":[-88.496,280.02,126.911],"timeVisible":0.668834,"tipPosition":[-46.5537,280.411,4.71932],"tipVelocity":[-69.551,-62.4978,-72.9899],"tool":false,"touchDistance":-0.427099,"touchZone":"hovering","type":0,"width":20.0604},{"bases":[[[0.864268,-0.347083,-0.364107],[0.408638,0.906542,0.105813],[0.293353,-0.240239,0.925327]],[[0.899761,-0.380681,-0.213336],[0.386086,0.922298,-0.0174175],[0.20339,-0.0666943,0.976824]],[[0.899761,-0.380681,-0.213336],[0.362343,0.924171,-0.120898],[0.243182,0.0314787,0.96947]],[[0.899761,-0.380681,-0.213336],[0.341295,0.918522,-0.199589],[0.271933,0.106772,0.956374]]],"btipPosition":[-64.8708,343.743,-58.6795],"carpPosition":[-24.4094,325.956,89.733],"dipPosition":[-60.2682,345.55,-42.4922],"direction":[-0.243182,-0.0314787,-0.96947],"extended":true,"handId":906,"id":9061,"length":58.2569,"mcpPosition":[-45.7891,343.465,22.2946],"pipPosition":[-54.4454,346.304,-19.2792],"stabilizedTipPosition":[-112.069,346.579,67.5935],"timeVisible":0.668834,"tipPosition":[-63.7405,343.972,-54.8825],"tipVelocity":[-30.2204,-73.6758,-85.5498],"tool":false,"touchDistance":-0.457622,"touchZone":"hovering","type":1,"width":19.1617},{"bases":[[[0.813544,-0.525773,-0.248412],[0.555211,0.829318,0.0630224],[0.172877,-0.189193,0.966602]],[[0.813959,-0.526228,-0.246079],[0.281015,0.727413,-0.62602],[0.50843,0.440403,0.739962]],[[0.813959,-0.526228,-0.246079],[-0.357311,-0.119514,-0.926307],[0.458039,0.841903,-0.285307]],[[0.813959,-0.526228,-0.246079],[-0.568489,-0.634372,-0.523825],[0.119546,0.566265,-0.815508]]],"btipPosition":[-64.8165,281.226,6.0576],"carpPosition":[-13.4625,323.437,84.9779],"dipPosition":[-62.591,291.768,-9.12392],"direction":[-0.458039,-0.841903,0.285307],"extended":false,"handId":906,"id":9062,"length":66.379,"mcpPosition":[-25.4109,336.513,18.1715],"pipPosition":[-49.688,315.484,-17.1611],"stabilizedTipPosition":[-92.281,245.353,217.739],"timeVisible":0.668834,"tipPosition":[-64.0995,283.202,4.2033],"tipVelocity":[-60.2368,-52.33,-95.9749],"tool":false,"touchDistance":0.333333,"touchZone":"none","type":2,"width":18.8193},{"bases":[[[0.785933,-0.608895,-0.107501],[0.617144,0.783181,0.0758944],[0.0379808,-0.125991,0.991304]],[[0.783566,-0.6029,-0.150119],[0.389772,0.665157,-0.636902],[0.483841,0.440543,0.756188]],[[0.783566,-0.6029,-0.150119],[-0.289575,-0.140608,-0.946771],[0.549701,0.785328,-0.284761]],[[0.783566,-0.6029,-0.150119],[-0.574537,-0.611141,-0.544439],[0.236499,0.512853,-0.825258]]],"btipPosition":[-46.4904,275.239,9.34583],"carpPosition":[-3.25552,317.963,81.2402],"dipPosition":[-42.113,284.731,-5.92891],"direction":[-0.549701,-0.785328,0.284761],"extended":false,"handId":906,"id":9063,"length":63.8252,"mcpPosition":[-5.61236,325.782,19.7263],"pipPosition":[-27.0278,306.283,-13.7435],"stabilizedTipPosition":[-76.1342,250.074,225.657],"timeVisible":0.668834,"tipPosition":[-45.4377,277.096,7.54593],"tipVelocity":[-61.4234,-52.1238,-127.085],"tool":false,"touchDistance":0.333333,"touchZone":"none","type":3,"width":17.9078},{"bases":[[[0.6722,-0.740363,-0.00309783],[0.732788,0.664713,0.145529],[-0.105685,-0.100095,0.989349]],[[0.669723,-0.742379,0.0185822],[0.56496,0.493108,-0.661562],[0.481967,0.453562,0.74966]],[[0.669723,-0.742379,0.0185822],[-0.216544,-0.219164,-0.951355],[0.710338,0.63312,-0.307537]],[[0.669723,-0.742379,0.0185822],[-0.609162,-0.563512,-0.55801],[0.424726,0.362393,-0.829626]]],"btipPosition":[-27.7255,277.518,16.2331],"carpPosition":[4.10171,306.111,79.1978],"dipPosition":[-20.4731,283.706,2.06688],"direction":[-0.710338,-0.63312,0.307537],"extended":false,"handId":906,"id":9064,"length":50.0378,"mcpPosition":[10.1725,311.861,22.3673],"pipPosition":[-6.70986,295.973,-3.89185],"stabilizedTipPosition":[-69.5059,262.934,214.653],"timeVisible":0.668834,"tipPosition":[-26.2267,278.924,14.4039],"tipVelocity":[-53.4907,-71.2319,-110.811],"tool":false,"touchDistance":0.333333,"touchZone":"none","type":4,"width":15.9071}],"r":[[0.757008,-0.525866,0.387819],[0.621763,0.762209,-0.180135],[-0.200872,0.377495,0.903962]],"s":0.705777,"t":[71.8437,28.6026,-200.632],"timestamp":607363286094},false],[2,{"currentFrameRate":109.899,"devices":[],"gestures":[],"hands":[{"armBasis":[[0.801318,-0.165722,-0.574827],[0.457879,0.788291,0.411028],[0.385014,-0.592565,0.707552]],"armWidth":63.1234,"confidence":0.800277,"direction":[-0.0800415,0.309213,-0.947618],"elbow":[92.6874,149.163,278.965],"grabStrength":0,"id":906,"palmNormal":[-0.450843,-0.859102,-0.242249],"palmPosition":[-23.2175,323.602,39.5577],"palmVelocity":[-46.0062,-61.4865,-73.9099],"palmWidth":90.138,"pinchStrength":1,"r":[[0.75478,-0.52812,0.389097],[0.62482,0.759438,-0.181258],[-0.199769,0.379925,0.903188]],"s":0.704254,"sphereCenter":[-53.7639,296.874,11.9494],"sphereRadius":45.5886,"stabilizedPalmPosition":[-75.3624,307.833,197.823],"t":[71.3662,28.1572,-201.171],"timeVisible":0.677932,"type":"right","wrist":[-10.2931,307.658,89.7147]}],"id":4469113,"interactionBox":{"center":[0,200,0],"size":[235.247,235.247,147.751]},"pointables":[{"bases":[[[0.745361,0.664629,-0.0520045],[-0.482607,0.591752,0.645693],[0.45992,-0.456177,0.761824]],[[0.564633,0.773788,-0.287126],[-0.765726,0.620944,0.16761],[0.307983,0.125222,0.943115]],[[0.564633,0.773788,-0.287126],[-0.814709,0.466881,-0.343905],[-0.132056,0.428104,0.894029]],[[0.564633,0.773788,-0.287126],[-0.806329,0.442927,-0.391981],[-0.176134,0.452843,0.874019]]],"btipPosition":[-46.6377,277.785,-0.883686],"carpPosition":[-39.9518,308.936,96.2142],"dipPosition":[-50.7213,288.284,19.38],"direction":[0.132056,-0.428104,-0.894029],"extended":false,"handId":906,"id":9060,"length":51.6284,"mcpPosition":[-39.9518,308.936,96.2142],"pipPosition":[-55.1817,302.743,49.577],"stabilizedTipPosition":[-87.9201,280.022,125.178],"timeVisible":0.677932,"tipPosition":[-47.2897,280.176,4.15612],"tipVelocity":[-72.5657,-52.1561,-69.7929],"tool":false,"touchDistance":-0.421109,"touchZone":"hovering","type":0,"width":20.0604},{"bases":[[[0.862948,-0.35013,-0.364322],[0.412008,0.904973,0.106179],[0.292525,-0.24173,0.9252]],[[0.8983,-0.383893,-0.213737],[0.38957,0.920846,-0.0166324],[0.203204,-0.0683245,0.97675]],[[0.8983,-0.383893,-0.213737],[0.365958,0.922916,-0.119589],[0.24317,0.0292086,0.969544]],[[0.8983,-0.383893,-0.213737],[0.345009,0.917498,-0.197905],[0.272077,0.104037,0.956635]]],"btipPosition":[-65.3597,343.661,-59.2079],"carpPosition":[-24.9643,325.596,89.1984],"dipPosition":[-60.7546,345.422,-43.0163],"direction":[-0.24317,-0.0292086,-0.969544],"extended":true,"handId":906,"id":9061,"length":58.2569,"mcpPosition":[-46.2838,343.213,21.7691],"pipPosition":[-54.9321,346.121,-19.8015],"stabilizedTipPosition":[-111.683,346.559,66.5995],"timeVisible":0.677932,"tipPosition":[-64.2355,343.863,-55.4109],"tipVelocity":[-36.7196,-56.0749,-77.9084],"tool":false,"touchDistance":-0.448105,"touchZone":"hovering","type":1,"width":19.1617},{"bases":[[[0.811569,-0.528681,-0.248701],[0.55829,0.827224,0.063344],[0.172243,-0.190256,0.966507]],[[0.811982,-0.529138,-0.246369],[0.284408,0.727274,-0.624648],[0.509703,0.437134,0.741024]],[[0.811982,-0.529138,-0.246369],[-0.357096,-0.116465,-0.926778],[0.4617,0.840505,-0.283521]],[[0.811982,-0.529138,-0.246369],[-0.570732,-0.631352,-0.525033],[0.122269,0.566929,-0.814642]]],"btipPosition":[-65.5519,281.084,5.41051],"carpPosition":[-14.0272,323.038,84.4413],"dipPosition":[-63.2758,291.638,-9.75491],"direction":[-0.4617,-0.840505,0.283521],"extended":false,"handId":906,"id":9062,"length":66.379,"mcpPosition":[-25.9318,336.188,17.6415],"pipPosition":[-50.2696,315.315,-17.7417],"stabilizedTipPosition":[-92.2613,245.381,217.583],"timeVisible":0.677932,"tipPosition":[-64.8317,283.069,3.51968],"tipVelocity":[-65.5911,-42.0827,-88.9758],"tool":false,"touchDistance":0.333333,"touchZone":"none","type":2,"width":18.8193},{"bases":[[[0.783659,-0.611761,-0.107824],[0.620053,0.780852,0.0761914],[0.0375837,-0.126565,0.991246]],[[0.781304,-0.605722,-0.150552],[0.392027,0.663938,-0.636789],[0.485674,0.438506,0.756197]],[[0.781304,-0.605722,-0.150552],[-0.290382,-0.139247,-0.946725],[0.552488,0.783397,-0.284685]],[[0.781304,-0.605722,-0.150552],[-0.576932,-0.608836,-0.544489],[0.238147,0.512269,-0.825146]]],"btipPosition":[-47.2392,274.993,8.8052],"carpPosition":[-3.8409,317.528,80.7005],"dipPosition":[-42.8313,284.475,-6.46747],"direction":[-0.552488,-0.783397,0.284685],"extended":false,"handId":906,"id":9063,"length":63.8252,"mcpPosition":[-6.1731,325.382,19.1902],"pipPosition":[-27.6696,305.973,-14.28],"stabilizedTipPosition":[-76.1037,250.102,225.432],"timeVisible":0.677932,"tipPosition":[-46.1807,276.851,6.9805],"tipVelocity":[-66.9979,-45.2407,-108.32],"tool":false,"touchDistance":0.333333,"touchZone":"none","type":3,"width":17.9078},{"bases":[[[0.669447,-0.742852,-0.00347035],[0.73526,0.661925,0.145766],[-0.105986,-0.100134,0.989313]],[[0.667297,-0.744631,0.0154535],[0.571536,0.498655,-0.651683],[0.477557,0.443698,0.758334]],[[0.667297,-0.744631,0.0154535],[-0.209863,-0.207895,-0.955373],[0.714613,0.634275,-0.294998]],[[0.667297,-0.744631,0.0154535],[-0.608232,-0.556804,-0.565706],[0.429847,0.368095,-0.824462]]],"btipPosition":[-28.3536,277.284,15.0548],"carpPosition":[3.47214,305.649,78.6524],"dipPosition":[-21.0138,283.57,0.97675],"direction":[-0.714613,-0.634275,0.294998],"extended":false,"handId":906,"id":9064,"length":50.0378,"mcpPosition":[9.5602,311.401,21.824],"pipPosition":[-7.16773,295.859,-4.73903],"stabilizedTipPosition":[-69.3812,262.98,214.063],"timeVisible":0.677932,"tipPosition":[-26.8548,278.688,13.2934],"tipVelocity":[-57.1875,-57.9257,-115.376],"tool":false,"touchDistance":0.333333,"touchZone":"none","type":4,"width":15.9071}],"r":[[0.75478,-0.52812,0.389097],[0.62482,0.759438,-0.181258],[-0.199769,0.379925,0.903188]],"s":0.704254,"t":[71.3662,28.1572,-201.171],"timestamp":607363295192},false],[3,{"currentFrameRate":109.974,"devices":[],"gestures":[],"hands":[{"armBasis":[[0.800039,-0.16845,-0.575815],[0.45948,0.789172,0.407536],[0.385767,-0.59062,0.708768]],"armWidth":63.1234,"confidence":0.803618,"direction":[-0.0798244,0.307347,-0.948243],"elbow":[91.9906,149.432,278.032],"grabStrength":0,"id":906,"palmNormal":[-0.452504,-0.858787,-0.24026],"palmPosition":[-24.1049,323.267,38.2707],"palmVelocity":[-60.5141,-54.8763,-92.984],"palmWidth":90.138,"pinchStrength":1,"r":[[0.752826,-0.530025,0.39029],[0.627521,0.756904,-0.18252],[-0.198672,0.382321,0.902419]],"s":0.703277,"sphereCenter":[-54.7678,296.561,10.7253],"sphereRadius":45.6342,"stabilizedPalmPosition":[-74.6944,308.035,195.744],"t":[70.6838,27.7673,-202.085],"timeVisible":0.686892,"type":"right","wrist":[-11.1912,307.406,88.4567]}],"id":4469114,"interactionBox":{"center":[0,200,0],"size":[235.247,235.247,147.751]},"pointables":[{"bases":[[[0.746558,0.663151,-0.053687],[-0.481285,0.594004,0.644611],[0.459365,-0.455401,0.762623]],[[0.566027,0.772113,-0.288884],[-0.764505,0.622745,0.166499],[0.308457,0.12661,0.942775]],[[0.566027,0.772113,-0.288884],[-0.813947,0.46783,-0.344421],[-0.130783,0.430088,0.893264]],[[0.566027,0.772113,-0.288884],[-0.805609,0.443694,-0.392594],[-0.174951,0.454947,0.873164]]],"btipPosition":[-47.6249,277.417,-2.07108],"carpPosition":[-40.8452,308.752,94.9643],"dipPosition":[-51.6811,287.965,18.1728],"direction":[0.130783,-0.430088,-0.893264],"extended":false,"handId":906,"id":9060,"length":51.6284,"mcpPosition":[-40.8452,308.752,94.9643],"pipPosition":[-56.0985,302.491,48.3439],"stabilizedTipPosition":[-87.3044,280.019,123.26],"timeVisible":0.686892,"tipPosition":[-48.2744,279.817,2.9609],"tipVelocity":[-82.6632,-48.7784,-87.0914],"tool":false,"touchDistance":-0.425211,"touchZone":"hovering","type":0,"width":20.0604},{"bases":[[[0.862171,-0.352482,-0.363892],[0.413703,0.90444,0.104107],[0.292423,-0.240302,0.925605]],[[0.897483,-0.38595,-0.213462],[0.391373,0.920056,-0.018013],[0.203349,-0.0673768,0.976785]],[[0.897483,-0.38595,-0.213462],[0.367937,0.922054,-0.12016],[0.243199,0.0293012,0.969534]],[[0.897483,-0.38595,-0.213462],[0.347148,0.916696,-0.197879],[0.272051,0.10349,0.956702]]],"btipPosition":[-66.2242,343.298,-60.5305],"carpPosition":[-25.8298,325.37,87.9077],"dipPosition":[-61.6195,345.049,-44.3378],"direction":[-0.243199,-0.0293012,-0.969534],"extended":true,"handId":906,"id":9061,"length":58.2569,"mcpPosition":[-47.1418,342.883,20.4489],"pipPosition":[-55.7963,345.751,-21.1232],"stabilizedTipPosition":[-111.299,346.535,65.5815],"timeVisible":0.686892,"tipPosition":[-65.111,343.471,-56.7328],"tipVelocity":[-53.0702,-51.8917,-96.9672],"tool":false,"touchDistance":-0.451463,"touchZone":"hovering","type":1,"width":19.1617},{"bases":[[[0.810508,-0.530693,-0.247874],[0.559827,0.826333,0.0613843],[0.172251,-0.188519,0.966845]],[[0.810921,-0.531146,-0.245543],[0.286135,0.725962,-0.625385],[0.510425,0.436879,0.740677]],[[0.810921,-0.531146,-0.245543],[-0.357037,-0.116664,-0.926776],[0.463607,0.83921,-0.284244]],[[0.810921,-0.531146,-0.245543],[-0.571956,-0.630846,-0.524308],[0.123584,0.565612,-0.815359]]],"btipPosition":[-66.5371,280.781,4.14811],"carpPosition":[-14.8992,322.782,83.1521],"dipPosition":[-64.2364,291.31,-11.0306],"direction":[-0.463607,-0.83921,0.284244],"extended":false,"handId":906,"id":9062,"length":66.379,"mcpPosition":[-26.8042,335.812,16.3288],"pipPosition":[-51.1765,314.951,-19.0378],"stabilizedTipPosition":[-92.2336,245.421,217.354],"timeVisible":0.686892,"tipPosition":[-65.8176,282.771,2.21799],"tipVelocity":[-77.5528,-39.9893,-103.271],"tool":false,"touchDistance":0.333333,"touchZone":"none","type":2,"width":18.8193},{"bases":[[[0.782498,-0.613423,-0.106811],[0.621509,0.779875,0.0743076],[0.0377171,-0.12453,0.991499]],[[0.780121,-0.607433,-0.149787],[0.392656,0.661771,-0.638655],[0.487065,0.439413,0.754774]],[[0.780121,-0.607433,-0.149787],[-0.291448,-0.140995,-0.946139],[0.553597,0.781758,-0.287028]],[[0.780121,-0.607433,-0.149787],[-0.578439,-0.60908,-0.542614],[0.238369,0.509947,-0.826519]]],"btipPosition":[-48.227,274.632,7.66094],"carpPosition":[-4.72431,317.246,79.4192],"dipPosition":[-43.8151,284.071,-7.63714],"direction":[-0.553597,-0.781758,0.287028],"extended":false,"handId":906,"id":9063,"length":63.8252,"mcpPosition":[-7.06479,324.973,17.8933],"pipPosition":[-28.6229,305.524,-15.5139],"stabilizedTipPosition":[-76.0645,250.138,225.132],"timeVisible":0.686892,"tipPosition":[-47.1678,276.494,5.77764],"tipVelocity":[-78.7999,-44.1894,-113.802],"tool":false,"touchDistance":0.333333,"touchZone":"none","type":3,"width":17.9078},{"bases":[[[0.668085,-0.744082,-0.00213748],[0.736525,0.660885,0.144093],[-0.105804,-0.0978404,0.989562]],[[0.666261,-0.745586,0.0140791],[0.575412,0.502,-0.645676],[0.474339,0.43829,0.763482]],[[0.666261,-0.745586,0.0140791],[-0.205391,-0.201623,-0.957686],[0.716876,0.635177,-0.287471]],[[0.666261,-0.745586,0.0140791],[-0.607401,-0.553537,-0.56979],[0.43262,0.371077,-0.82167]]],"btipPosition":[-29.2485,276.973,13.4079],"carpPosition":[2.56622,305.349,77.3936],"dipPosition":[-21.8613,283.31,-0.622422],"direction":[-0.716876,-0.635177,0.287471],"extended":false,"handId":906,"id":9064,"length":50.0378,"mcpPosition":[8.64385,310.969,20.551],"pipPosition":[-7.97135,295.617,-6.19236],"stabilizedTipPosition":[-69.2589,263.026,213.466],"timeVisible":0.686892,"tipPosition":[-27.7509,278.373,11.6664],"tipVelocity":[-68.53,-51.2171,-133.758],"tool":false,"touchDistance":0.333333,"touchZone":"none","type":4,"width":15.9071}],"r":[[0.752826,-0.530025,0.39029],[0.627521,0.756904,-0.18252],[-0.198672,0.382321,0.902419]],"s":0.703277,"t":[70.6838,27.7673,-202.085],"timestamp":607363304152},false],[4,{"currentFrameRate":109.94,"devices":[],"gestures":[],"hands":[{"armBasis":[[0.798582,-0.170436,-0.577251],[0.461934,0.78839,0.406274],[0.385855,-0.591095,0.708323]],"armWidth":63.1234,"confidence":0.806447,"direction":[-0.0791715,0.30571,-0.948827],"elbow":[91.1086,148.831,276.656],"grabStrength":0,"id":906,"palmNormal":[-0.455121,-0.85791,-0.238441],"palmPosition":[-24.9771,322.733,36.9854],"palmVelocity":[-70.1967,-55.8549,-106.187],"palmWidth":90.138,"pinchStrength":1,"r":[[0.750962,-0.531835,0.391417],[0.630115,0.754421,-0.183857],[-0.197511,0.384707,0.901659]],"s":0.702876,"sphereCenter":[-55.7958,296.159,9.50446],"sphereRadius":45.6611,"stabilizedPalmPosition":[-73.9508,308.254,193.37],"t":[69.9064,27.3051,-203.184],"timeVisible":0.696048,"type":"right","wrist":[-12.0969,306.932,87.1992]}],"id":4469115,"interactionBox":{"center":[0,200,0],"size":[235.247,235.247,147.751]},"pointables":[{"bases":[[[0.748511,0.660821,-0.055198],[-0.479339,0.596704,0.643566],[0.458219,-0.455258,0.763397]],[[0.568359,0.769815,-0.290436],[-0.762571,0.625407,0.165383],[0.308955,0.127481,0.942494]],[[0.568359,0.769815,-0.290436],[-0.812584,0.469781,-0.344983],[-0.129132,0.432078,0.892544]],[[0.568359,0.769815,-0.290436],[-0.804326,0.445502,-0.393176],[-0.173283,0.45707,0.872387]]],"btipPosition":[-48.6437,276.885,-3.26708],"carpPosition":[-41.7449,308.379,93.7121],"dipPosition":[-52.6612,287.482,16.9588],"direction":[0.129132,-0.432078,-0.892544],"extended":false,"handId":906,"id":9060,"length":51.6284,"mcpPosition":[-41.7449,308.379,93.7121],"pipPosition":[-57.0228,302.076,47.1056],"stabilizedTipPosition":[-86.6458,280.007,121.133],"timeVisible":0.696048,"tipPosition":[-49.2894,279.292,1.7574],"tipVelocity":[-90.3625,-51.0405,-99.3459],"tool":false,"touchDistance":-0.429025,"touchZone":"hovering","type":0,"width":20.0604},{"bases":[[[0.861019,-0.355762,-0.363428],[0.416419,0.90341,0.102209],[0.291962,-0.239342,0.925999]],[[0.896227,-0.388984,-0.213234],[0.394397,0.918757,-0.0183461],[0.203046,-0.0676564,0.976829]],[[0.896227,-0.388984,-0.213234],[0.371236,0.920822,-0.11946],[0.242818,0.0279032,0.96967]],[[0.896227,-0.388984,-0.213234],[0.350679,0.91566,-0.196445],[0.271663,0.101282,0.957048]]],"btipPosition":[-67.0143,342.879,-61.8593],"carpPosition":[-26.6821,324.939,86.6186],"dipPosition":[-62.4163,344.593,-45.6606],"direction":[-0.242818,-0.0279032,-0.96967],"extended":true,"handId":906,"id":9061,"length":58.2569,"mcpPosition":[-47.9605,342.382,19.1312],"pipPosition":[-56.6022,345.261,-22.4428],"stabilizedTipPosition":[-110.915,346.507,64.5317],"timeVisible":0.696048,"tipPosition":[-65.9237,342.993,-58.0581],"tipVelocity":[-62.3745,-50.4356,-110.343],"tool":false,"touchDistance":-0.454561,"touchZone":"hovering","type":1,"width":19.1617},{"bases":[[[0.808858,-0.533589,-0.247044],[0.562298,0.824784,0.0596011],[0.171956,-0.187121,0.967169]],[[0.80927,-0.534038,-0.244713],[0.288674,0.724345,-0.626092],[0.511614,0.436036,0.740354]],[[0.80927,-0.534038,-0.244713],[-0.357093,-0.116451,-0.926782],[0.46644,0.837402,-0.284941]],[[0.80927,-0.534038,-0.244713],[-0.573863,-0.629674,-0.523634],[0.125551,0.564193,-0.816041]]],"btipPosition":[-67.5513,280.329,2.88663],"carpPosition":[-15.7606,322.309,81.8652],"dipPosition":[-65.214,290.832,-12.3048],"direction":[-0.46644,-0.837402,0.284941],"extended":false,"handId":906,"id":9062,"length":66.379,"mcpPosition":[-27.6452,335.242,15.0196],"pipPosition":[-52.0743,314.421,-20.3317],"stabilizedTipPosition":[-92.1952,245.478,217.022],"timeVisible":0.696048,"tipPosition":[-66.8299,282.323,0.918945],"tipVelocity":[-86.5505,-42.7979,-112.974],"tool":false,"touchDistance":0.333333,"touchZone":"none","type":2,"width":18.8193},{"bases":[[[0.780642,-0.615957,-0.10581],[0.623846,0.778168,0.0725994],[0.0376199,-0.122683,0.991733]],[[0.778255,-0.610013,-0.149006],[0.394206,0.659317,-0.640237],[0.488795,0.439528,0.753587]],[[0.778255,-0.610013,-0.149006],[-0.29236,-0.141988,-0.945709],[0.555738,0.779566,-0.288846]],[[0.778255,-0.610013,-0.149006],[-0.580477,-0.608366,-0.541237],[0.239511,0.507715,-0.827563]]],"btipPosition":[-49.2564,274.103,6.48949],"carpPosition":[-5.60324,316.735,78.1405],"dipPosition":[-44.8233,283.5,-8.82791],"direction":[-0.555738,-0.779566,0.288846],"extended":false,"handId":906,"id":9063,"length":63.8252,"mcpPosition":[-7.93768,324.348,16.6001],"pipPosition":[-29.5724,304.893,-16.7546],"stabilizedTipPosition":[-76.012,250.188,224.713],"timeVisible":0.696048,"tipPosition":[-48.1916,275.966,4.5702],"tipVelocity":[-88.0199,-48.2689,-117.877],"tool":false,"touchDistance":0.333333,"touchZone":"none","type":3,"width":17.9078},{"bases":[[[0.665869,-0.746068,-0.0008479],[0.738526,0.658975,0.142588],[-0.105822,-0.0955714,0.989782]],[[0.66421,-0.747416,0.0139719],[0.576867,0.500581,-0.64548],[0.475448,0.436794,0.76365]],[[0.66421,-0.747416,0.0139719],[-0.205423,-0.200461,-0.957923],[0.718768,0.633392,-0.286685]],[[0.66421,-0.747416,0.0139719],[-0.608697,-0.551594,-0.570291],[0.433951,0.370288,-0.821324]]],"btipPosition":[-30.2605,276.407,12.1112],"carpPosition":[1.65133,304.812,76.1365],"dipPosition":[-22.8506,282.73,-1.91328],"direction":[-0.718768,-0.633392,0.286685],"extended":false,"handId":906,"id":9064,"length":50.0378,"mcpPosition":[7.72998,310.302,19.2812],"pipPosition":[-8.92404,295.002,-7.46799],"stabilizedTipPosition":[-69.1264,263.074,212.8],"timeVisible":0.696048,"tipPosition":[-28.7495,277.807,10.3308],"tipVelocity":[-80.0744,-54.2776,-135.91],"tool":false,"touchDistance":0.333333,"touchZone":"none","type":4,"width":15.9071}],"r":[[0.750962,-0.531835,0.391417],[0.630115,0.754421,-0.183857],[-0.197511,0.384707,0.901659]],"s":0.702876,"t":[69.9064,27.3051,-203.184],"timestamp":607363313308},false],[5,{"currentFrameRate":110.024,"devices":[],"gestures":[],"hands":[{"armBasis":[[0.800138,-0.168186,-0.575754],[0.458088,0.791,0.405554],[0.387213,-0.588245,0.709953]],"armWidth":63.1234,"confidence":0.811384,"direction":[-0.0790787,0.307685,-0.948197],"elbow":[90.5195,149.455,276.099],"grabStrength":0,"id":906,"palmNormal":[-0.451216,-0.859207,-0.241177],"palmPosition":[-25.9229,322.663,36.0126],"palmVelocity":[-79.9164,-42.7338,-106.907],"palmWidth":90.138,"pinchStrength":1,"r":[[0.749795,-0.532845,0.392279],[0.631614,0.75304,-0.184376],[-0.197158,0.386013,0.901178]],"s":0.702865,"sphereCenter":[-56.6159,296.08,8.42879],"sphereRadius":45.666,"stabilizedPalmPosition":[-73.1733,308.488,190.822],"t":[69.0448,27.0391,-204.22],"timeVisible":0.704987,"type":"right","wrist":[-13.0492,306.794,86.2065]}],"id":4469116,"interactionBox":{"center":[0,200,0],"size":[235.247,235.247,147.751]},"pointables":[{"bases":[[[0.745842,0.66405,-0.0525152],[-0.482733,0.593147,0.644318],[0.459009,-0.455209,0.762952]],[[0.565668,0.772837,-0.287651],[-0.765344,0.621898,0.165805],[0.30703,0.126361,0.943274]],[[0.565668,0.772837,-0.287651],[-0.813989,0.467432,-0.344861],[-0.132064,0.429221,0.893492]],[[0.565668,0.772837,-0.287651],[-0.805506,0.443149,-0.39342],[-0.176577,0.45425,0.8732]]],"btipPosition":[-49.3405,276.825,-4.38853],"carpPosition":[-42.7123,308.103,92.6801],"dipPosition":[-53.4343,287.357,15.8561],"direction":[0.132064,-0.429221,-0.893492],"extended":false,"handId":906,"id":9060,"length":51.6284,"mcpPosition":[-42.7123,308.103,92.6801],"pipPosition":[-57.8949,301.854,46.035],"stabilizedTipPosition":[-86.0191,279.994,119.05],"timeVisible":0.704987,"tipPosition":[-50.0083,279.214,0.636642],"tipVelocity":[-87.5091,-39.3862,-106.342],"tool":false,"touchDistance":-0.431213,"touchZone":"hovering","type":0,"width":20.0604},{"bases":[[[0.863007,-0.351306,-0.363046],[0.412521,0.904877,0.105],[0.291625,-0.24038,0.925836]],[[0.898131,-0.384738,-0.212925],[0.390784,0.920365,-0.0146713],[0.201614,-0.0700311,0.976958]],[[0.898131,-0.384738,-0.212925],[0.367958,0.922685,-0.115147],[0.240764,0.0250693,0.97026]],[[0.898131,-0.384738,-0.212925],[0.347713,0.917794,-0.191704],[0.269177,0.0981387,0.958077]]],"btipPosition":[-67.8635,342.979,-62.8546],"carpPosition":[-27.7082,324.741,85.6485],"dipPosition":[-63.3076,344.641,-46.6385],"direction":[-0.240764,-0.0250693,-0.97026],"extended":true,"handId":906,"id":9061,"length":58.2569,"mcpPosition":[-48.962,342.26,18.1729],"pipPosition":[-57.5427,345.241,-23.4066],"stabilizedTipPosition":[-110.551,346.481,63.5113],"timeVisible":0.704987,"tipPosition":[-66.7964,343.058,-59.0494],"tipVelocity":[-71.5773,-33.9749,-110.494],"tool":false,"touchDistance":-0.452307,"touchZone":"hovering","type":1,"width":19.1617},{"bases":[[[0.811418,-0.52963,-0.247169],[0.558786,0.82696,0.0624121],[0.171344,-0.188757,0.96696]],[[0.811829,-0.530083,-0.244839],[0.287035,0.72746,-0.623228],[0.508473,0.435677,0.742725]],[[0.811829,-0.530083,-0.244839],[-0.354814,-0.114835,-0.927858],[0.463726,0.840134,-0.281307]],[[0.811829,-0.530083,-0.244839],[-0.5704,-0.630339,-0.526609],[0.124815,0.567173,-0.814086]]],"btipPosition":[-68.2772,280.186,1.68839],"carpPosition":[-16.769,322.168,80.9045],"dipPosition":[-65.9537,290.744,-13.4667],"direction":[-0.463726,-0.840134,0.281307],"extended":false,"handId":906,"id":9062,"length":66.379,"mcpPosition":[-28.6113,335.214,14.0733],"pipPosition":[-52.8905,314.411,-21.3911],"stabilizedTipPosition":[-92.1503,245.546,216.621],"timeVisible":0.704987,"tipPosition":[-67.5646,282.197,-0.304238],"tipVelocity":[-85.1901,-35.084,-118.471],"tool":false,"touchDistance":0.333333,"touchZone":"none","type":2,"width":18.8193},{"bases":[[[0.783341,-0.612457,-0.106176],[0.620507,0.780569,0.0753862],[0.0367067,-0.124936,0.991486]],[[0.780958,-0.606346,-0.14983],[0.390757,0.661464,-0.640137],[0.487252,0.441373,0.753509]],[[0.780958,-0.606346,-0.14983],[-0.292233,-0.142719,-0.945638],[0.552001,0.782289,-0.288652]],[[0.780958,-0.606346,-0.14983],[-0.577766,-0.610198,-0.542075],[0.237259,0.509904,-0.826865]]],"btipPosition":[-49.9672,273.956,5.5305],"carpPosition":[-6.58328,316.645,77.181],"dipPosition":[-45.5758,283.394,-9.77398],"direction":[-0.552001,-0.782289,0.288652],"extended":false,"handId":906,"id":9063,"length":63.8252,"mcpPosition":[-8.86106,324.398,15.6559],"pipPosition":[-30.4274,304.862,-17.6953],"stabilizedTipPosition":[-75.9499,250.247,224.201],"timeVisible":0.704987,"tipPosition":[-48.908,275.864,3.45993],"tipVelocity":[-85.9915,-39.2772,-114.894],"tool":false,"touchDistance":0.333333,"touchZone":"none","type":3,"width":17.9078},{"bases":[[[0.668959,-0.743298,-0.00169529],[0.735581,0.661682,0.145252],[-0.106843,-0.0984143,0.989393]],[[0.667457,-0.744557,0.0116458],[0.575468,0.505826,-0.642632],[0.472586,0.435631,0.766086]],[[0.667457,-0.744557,0.0116458],[-0.203171,-0.197134,-0.959093],[0.716396,0.637788,-0.28285]],[[0.667457,-0.744557,0.0116458],[-0.60553,-0.551796,-0.573458],[0.433398,0.375706,-0.819152]]],"btipPosition":[-30.974,276.379,10.9588],"carpPosition":[0.723546,304.758,75.1585],"dipPosition":[-23.5736,282.794,-3.02857],"direction":[-0.716396,-0.637788,0.28285],"extended":false,"handId":906,"id":9064,"length":50.0378,"mcpPosition":[6.86087,310.411,18.3256],"pipPosition":[-9.69291,295.152,-8.50898],"stabilizedTipPosition":[-68.9954,263.122,212.127],"timeVisible":0.704987,"tipPosition":[-29.4618,277.796,9.15769],"tipVelocity":[-80.0699,-39.6618,-133.74],"tool":false,"touchDistance":0.333333,"touchZone":"none","type":4,"width":15.9071}],"r":[[0.749795,-0.532845,0.392279],[0.631614,0.75304,-0.184376],[-0.197158,0.386013,0.901178]],"s":0.702865,"t":[69.0448,27.0391,-204.22],"timestamp":607363322247},false],[6,{"currentFrameRate":110.058,"devices":[],"gestures":[],"hands":[{"armBasis":[[0.802514,-0.164507,-0.573505],[0.453286,0.793132,0.406783],[0.387947,-0.586411,0.711069]],"armWidth":63.1234,"confidence":0.812411,"direction":[-0.0800078,0.312401,-0.946575],"elbow":[89.9398,149.744,275.43],"grabStrength":0,"id":906,"palmNormal":[-0.446171,-0.860402,-0.246249],"palmPosition":[-26.7454,322.663,35.1215],"palmVelocity":[-83.0043,-30.9826,-104.66],"palmWidth":90.138,"pinchStrength":1,"r":[[0.749391,-0.533237,0.39252],[0.631997,0.752845,-0.183858],[-0.197467,0.385853,0.901179]],"s":0.703158,"sphereCenter":[-57.2815,296.117,7.36995],"sphereRadius":45.6683,"stabilizedPalmPosition":[-72.3448,308.741,188.044],"t":[68.2028,26.906,-205.184],"timeVisible":0.714012,"type":"right","wrist":[-13.825,306.593,85.2394]}],"id":4469117,"interactionBox":{"center":[0,200,0],"size":[235.247,235.247,147.751]},"pointables":[{"bases":[[[0.742138,0.668508,-0.0482441],[-0.486606,0.586902,0.647118],[0.460918,-0.456775,0.760862]],[[0.561598,0.777546,-0.282895],[-0.768892,0.616723,0.168694],[0.305635,0.122778,0.9442]],[[0.561598,0.777546,-0.282895],[-0.816391,0.465111,-0.34231],[-0.134585,0.423194,0.895988]],[[0.561598,0.777546,-0.282895],[-0.807642,0.440852,-0.391617],[-0.179786,0.448409,0.87556]]],"btipPosition":[-49.9001,276.938,-5.55936],"carpPosition":[-43.5004,307.699,91.6941],"dipPosition":[-54.0684,287.334,14.74],"direction":[0.134585,-0.423194,-0.895988],"extended":false,"handId":906,"id":9060,"length":51.6284,"mcpPosition":[-43.5004,307.699,91.6941],"pipPosition":[-58.6141,301.628,45.0032],"stabilizedTipPosition":[-85.446,279.983,117.095],"timeVisible":0.714012,"tipPosition":[-50.5814,279.288,-0.527831],"tipVelocity":[-81.0132,-26.0519,-112.396],"tool":false,"touchDistance":-0.433798,"touchZone":"hovering","type":0,"width":20.0604},{"bases":[[[0.865276,-0.344464,-0.364199],[0.407334,0.906595,0.110289],[0.292191,-0.243781,0.924768]],[[0.900459,-0.378514,-0.214247],[0.38586,0.922522,-0.0081053],[0.200715,-0.0753706,0.976746]],[[0.900459,-0.378514,-0.214247],[0.363336,0.925395,-0.107846],[0.239084,0.0192669,0.970808]],[[0.900459,-0.378514,-0.214247],[0.343389,0.921007,-0.18393],[0.266943,0.0920518,0.959306]]],"btipPosition":[-68.6646,343.415,-63.6838],"carpPosition":[-28.5842,324.46,84.7664],"dipPosition":[-64.1464,344.974,-47.4469],"direction":[-0.239084,-0.0192669,-0.970808],"extended":true,"handId":906,"id":9061,"length":58.2569,"mcpPosition":[-49.8793,342.227,17.3686],"pipPosition":[-58.4218,345.435,-24.2018],"stabilizedTipPosition":[-110.191,346.459,62.4778],"timeVisible":0.714012,"tipPosition":[-67.6236,343.439,-59.8742],"tipVelocity":[-76.5704,-12.0494,-105.223],"tool":false,"touchDistance":-0.447776,"touchZone":"hovering","type":1,"width":19.1617},{"bases":[[[0.814594,-0.523705,-0.249341],[0.554072,0.829736,0.0674052],[0.171586,-0.19306,0.966067]],[[0.815004,-0.524168,-0.247014],[0.283885,0.732812,-0.618382],[0.505151,0.433861,0.746048]],[[0.815004,-0.524168,-0.247014],[-0.352966,-0.111006,-0.929028],[0.459547,0.844349,-0.275484]],[[0.815004,-0.524168,-0.247014],[-0.566316,-0.630262,-0.53109],[0.122697,0.572729,-0.810511]]],"btipPosition":[-68.836,280.154,0.474329],"carpPosition":[-17.6267,321.975,80.018],"dipPosition":[-66.5519,290.816,-14.6142],"direction":[-0.459547,-0.844349,0.275484],"extended":false,"handId":906,"id":9062,"length":66.379,"mcpPosition":[-29.4859,335.318,13.2485],"pipPosition":[-53.6064,314.602,-22.3746],"stabilizedTipPosition":[-92.102,245.621,216.176],"timeVisible":0.714012,"tipPosition":[-68.1362,282.189,-1.53623],"tipVelocity":[-79.0597,-25.6686,-122.422],"tool":false,"touchDistance":0.333333,"touchZone":"none","type":2,"width":18.8193},{"bases":[[[0.786864,-0.607456,-0.108825],[0.616042,0.783622,0.0801805],[0.0365718,-0.130132,0.990822]],[[0.784452,-0.601053,-0.152871],[0.386084,0.666178,-0.638079],[0.485359,0.441522,0.754642]],[[0.784452,-0.601053,-0.152871],[-0.292279,-0.140883,-0.945899],[0.546999,0.786694,-0.286192]],[[0.784452,-0.601053,-0.152871],[-0.574402,-0.611168,-0.544551],[0.233874,0.514984,-0.824678]]],"btipPosition":[-50.4989,273.941,4.50589],"carpPosition":[-7.407,316.529,76.2734],"dipPosition":[-46.1701,283.473,-10.7581],"direction":[-0.546999,-0.786694,0.286192],"extended":false,"handId":906,"id":9063,"length":63.8252,"mcpPosition":[-9.67641,324.605,14.7894],"pipPosition":[-31.159,305.062,-18.612],"stabilizedTipPosition":[-75.8814,250.314,223.623],"timeVisible":0.714012,"tipPosition":[-49.4502,275.898,2.30294],"tipVelocity":[-78.9774,-28.2646,-114.235],"tool":false,"touchDistance":0.333333,"touchZone":"none","type":3,"width":17.9078},{"bases":[[[0.673131,-0.739505,-0.0051592],[0.731723,0.665005,0.149498],[-0.107124,-0.104407,0.988749]],[[0.671813,-0.740692,0.00656847],[0.572688,0.513767,-0.638805],[0.469783,0.432919,0.769341]],[[0.671813,-0.740692,0.00656847],[-0.201591,-0.191363,-0.960594],[0.712761,0.644016,-0.277877]],[[0.671813,-0.740692,0.00656847],[-0.602083,-0.551216,-0.57763],[0.431466,0.384105,-0.816272]]],"btipPosition":[-31.5116,276.491,9.7703],"carpPosition":[-0.0317076,304.695,74.1926],"dipPosition":[-24.1441,283.05,-4.16788],"direction":[-0.712761,-0.644016,0.277877],"extended":false,"handId":906,"id":9064,"length":50.0378,"mcpPosition":[6.12171,310.692,17.3966],"pipPosition":[-10.3339,295.528,-9.55193],"stabilizedTipPosition":[-68.8705,263.17,211.471],"timeVisible":0.714012,"tipPosition":[-30.0032,277.931,7.9539],"tipVelocity":[-74.6576,-24.3337,-132.83],"tool":false,"touchDistance":0.333333,"touchZone":"none","type":4,"width":15.9