{"sensorType":"Leap","data":[[0,{"currentFrameRate":108.015,"devices":[],"gestures":[],"hands":[{"armBasis":[[0.665308,-0.398851,-0.631097],[0.642704,0.736104,0.212329],[0.379865,-0.546873,0.746078]],"armWidth":62.8676,"confidence":0.838528,"direction":[0.0485142,0.356758,-0.932936],"elbow":[104.452,159.768,288.72],"grabStrength":0,"id":887,"palmNormal":[-0.641003,-0.705198,-0.303004],"palmPosition":[-2.6479,326.059,40.4398],"palmVelocity":[-31.8451,-17.9654,-166.279],"palmWidth":89.7729,"pinchStrength":1,"r":[[0.880844,-0.262533,0.393943],[0.371321,0.899329,-0.230928],[-0.293658,0.349691,0.889652]],"s":0.555823,"sphereCenter":[-23.2588,294.028,7.91465],"sphereRadius":45.5719,"stabilizedPalmPosition":[-15.0251,304.658,142.222],"t":[87.1633,80.7613,-223.253],"timeVisible":0.732114,"type":"right","wrist":[3.26041,305.449,89.9734]}],"id":4458185,"interactionBox":{"center":[0,200,0],"size":[235.247,235.247,147.751]},"pointables":[{"bases":[[[0.891035,0.453809,0.0107139],[-0.348743,0.669253,0.656108],[0.290577,-0.588352,0.754591]],[[0.724522,0.63659,-0.264237],[-0.55357,0.765841,0.327182],[0.410644,-0.0907771,0.907266]],[[0.724522,0.63659,-0.264237],[-0.677893,0.72745,-0.106195],[0.124617,0.256064,0.958594]],[[0.724522,0.63659,-0.264237],[-0.648963,0.500902,-0.572663],[-0.232195,0.586387,0.776038]]],"btipPosition":[-44.3335,296.281,0.515839],"carpPosition":[-25.2788,313.964,95.3643],"dipPosition":[-49.695,309.821,18.435],"direction":[-0.124617,-0.256064,-0.958594],"extended":false,"handId":887,"id":8870,"length":51.4192,"mcpPosition":[-25.2788,313.964,95.3643],"pipPosition":[-45.503,318.435,50.6816],"stabilizedTipPosition":[-72.0953,281.598,122.557],"timeVisible":0.732114,"tipPosition":[-45.6838,299.301,5.10198],"tipVelocity":[-39.474,10.9126,-193.295],"tool":false,"touchDistance":-0.556279,"touchZone":"hovering","type":0,"width":19.9791},{"bases":[[[0.763275,-0.544116,-0.348352],[0.621927,0.764827,0.168067],[0.174981,-0.344931,0.922174]],[[0.78264,-0.599945,-0.165953],[0.606313,0.795086,-0.0149591],[0.140921,-0.0889116,0.98602]],[[0.78264,-0.599945,-0.165953],[0.589818,0.799959,-0.110364],[0.198968,-0.0115063,0.979938]],[[0.78264,-0.599945,-0.165953],[0.573714,0.798663,-0.181631],[0.241509,0.0469424,0.969263]]],"btipPosition":[-33.7954,354.748,-58.6262],"carpPosition":[-6.30507,326.459,89.813],"dipPosition":[-29.7243,355.539,-42.2872],"direction":[-0.198968,0.0115063,-0.979939],"extended":true,"handId":887,"id":8871,"length":58.0209,"mcpPosition":[-19.0061,351.496,22.8766],"pipPosition":[-24.9795,355.265,-18.9186],"stabilizedTipPosition":[-67.4887,328.973,66.2111],"timeVisible":0.732114,"tipPosition":[-33.5378,353.877,-54.72],"tipVelocity":[1.96664,22.7865,-170.028],"tool":false,"touchDistance":-0.567144,"touchZone":"hovering","type":1,"width":19.0841},{"bases":[[[0.662616,-0.708073,-0.244073],[0.745705,0.654068,0.12696],[0.0697436,-0.266133,0.96141]],[[0.664179,-0.71463,-0.219475],[0.378603,0.574695,-0.725524],[0.644613,0.398784,0.652262]],[[0.664179,-0.71463,-0.219475],[-0.532059,-0.245643,-0.810292],[0.525147,0.654953,-0.543376]],[[0.664179,-0.71463,-0.219475],[-0.746497,-0.618249,-0.245989],[0.0401014,0.327218,-0.944098]]],"btipPosition":[-47.1221,296.317,20.9248],"carpPosition":[3.81072,321.405,85.3729],"dipPosition":[-46.3786,302.384,3.42067],"direction":[-0.525147,-0.654953,0.543376],"extended":false,"handId":887,"id":8872,"length":66.1101,"mcpPosition":[-0.99006,339.724,19.1944],"pipPosition":[-31.645,320.76,-11.8243],"stabilizedTipPosition":[-73.6154,255.189,171.635],"timeVisible":0.732114,"tipPosition":[-46.9444,297.409,17.7478],"tipVelocity":[-27.6911,0.56517,-181.789],"tool":false,"touchDistance":0.333333,"touchZone":"none","type":2,"width":18.7431},{"bases":[[[0.607545,-0.786798,-0.108805],[0.792983,0.592991,0.139781],[-0.0454585,-0.171204,0.984186]],[[0.606862,-0.78908,-0.0952448],[0.502352,0.473662,-0.723386],[0.615923,0.391148,0.683843]],[[0.606862,-0.78908,-0.0952448],[-0.468882,-0.258667,-0.844536],[0.64177,0.557175,-0.52696]],[[0.606862,-0.78908,-0.0952448],[-0.776682,-0.563303,-0.281878],[0.168773,0.245036,-0.954711]]],"btipPosition":[-32.5846,287.254,22.7955],"carpPosition":[12.4087,313.661,81.7636],"dipPosition":[-29.4735,291.771,5.19629],"direction":[-0.64177,-0.557175,0.52696],"extended":false,"handId":887,"id":8873,"length":63.5667,"mcpPosition":[15.2181,324.242,20.9388],"pipPosition":[-11.933,306.999,-9.2063],"stabilizedTipPosition":[-58.6253,249.64,172.91],"timeVisible":0.732114,"tipPosition":[-31.9404,288.162,19.8508],"tipVelocity":[-30.8345,-6.30704,-182.199],"tool":false,"touchDistance":0.333333,"touchZone":"none","type":3,"width":17.8352},{"bases":[[[0.458769,-0.888416,-0.0157554],[0.870673,0.445926,0.207554],[-0.177368,-0.108937,0.978097]],[[0.473489,-0.874128,-0.108203],[0.573524,0.399208,-0.715334],[0.668489,0.276646,0.690354]],[[0.473489,-0.874128,-0.108203],[-0.498325,-0.164559,-0.85123],[0.726278,0.456969,-0.513517]],[[0.473489,-0.874128,-0.108203],[-0.849736,-0.420994,-0.317354],[0.231855,0.242208,-0.942114]]],"btipPosition":[-14.5811,284.097,25.2934],"carpPosition":[16.5509,300.453,79.4025],"dipPosition":[-10.6381,288.216,9.27158],"direction":[-0.726278,-0.456969,0.513517],"extended":false,"handId":887,"id":8874,"length":49.8351,"mcpPosition":[26.6981,306.686,23.446],"pipPosition":[3.377,297.035,-0.637842],"stabilizedTipPosition":[-37.3104,254.727,151.71],"timeVisible":0.732114,"tipPosition":[-13.6646,284.931,22.6079],"tipVelocity":[-33.8031,-11.4218,-180.425],"tool":false,"touchDistance":0.333333,"touchZone":"none","type":4,"width":15.8426}],"r":[[0.880844,-0.262533,0.393943],[0.371321,0.899329,-0.230928],[-0.293658,0.349691,0.889652]],"s":0.555823,"t":[87.1633,80.7613,-223.253],"timestamp":607261051911},false],[1,{"currentFrameRate":108.142,"devices":[],"gestures":[],"hands":[{"armBasis":[[0.668633,-0.397083,-0.628693],[0.639824,0.738029,0.214332],[0.378887,-0.545562,0.747534]],"armWidth":62.8676,"confidence":0.847998,"direction":[0.0496678,0.358429,-0.932235],"elbow":[103.856,159.943,287.781],"grabStrength":0,"id":887,"palmNormal":[-0.638009,-0.706739,-0.305721],"palmPosition":[-2.92736,325.946,39.1322],"palmVelocity":[-31.6096,-16.4546,-160.427],"palmWidth":89.7729,"pinchStrength":1,"r":[[0.880031,-0.263515,0.395101],[0.372244,0.899369,-0.22928],[-0.294923,0.348847,0.889565]],"s":0.557133,"sphereCenter":[-23.3075,293.884,6.46252],"sphereRadius":45.6299,"stabilizedPalmPosition":[-15.025,304.659,142.221],"t":[86.8747,80.6533,-224.529],"timeVisible":0.741132,"type":"right","wrist":[2.92494,305.275,88.6467]}],"id":4458186,"interactionBox":{"center":[0,200,0],"size":[235.247,235.247,147.751]},"pointables":[{"bases":[[[0.889556,0.456622,0.0136407],[-0.352482,0.667072,0.656332],[0.290596,-0.588652,0.754349]],[[0.724123,0.638684,-0.260246],[-0.556313,0.763953,0.326941],[0.407628,-0.0919673,0.908505]],[[0.724123,0.638684,-0.260246],[-0.678707,0.726945,-0.104439],[0.122481,0.252258,0.959877]],[[0.724123,0.638684,-0.260246],[-0.652566,0.512409,-0.558207],[-0.223165,0.574038,0.787831]]],"btipPosition":[-44.6972,296.479,-1.24379],"carpPosition":[-25.6544,313.69,93.9812],"dipPosition":[-49.8502,309.734,16.9476],"direction":[-0.122481,-0.252258,-0.959877],"extended":false,"handId":887,"id":8870,"length":51.4192,"mcpPosition":[-25.6544,313.69,93.9812],"pipPosition":[-45.73,318.219,49.2375],"stabilizedTipPosition":[-72.095,281.598,122.556],"timeVisible":0.741132,"tipPosition":[-45.9142,299.335,3.45459],"tipVelocity":[-38.2472,11.951,-191.888],"tool":false,"touchDistance":-0.55444,"touchZone":"hovering","type":0,"width":19.9791},{"bases":[[[0.765856,-0.541118,-0.347355],[0.619074,0.766526,0.170835],[0.173814,-0.345874,0.922041]],[[0.784932,-0.596994,-0.16577],[0.604196,0.796789,-0.00860333],[0.13722,-0.0934045,0.986127]],[[0.784932,-0.596994,-0.16577],[0.587986,0.802096,-0.104469],[0.195331,-0.0154695,0.980615]],[[0.784932,-0.596994,-0.16577],[0.572054,0.801067,-0.176198],[0.237982,0.0434742,0.970296]]],"btipPosition":[-33.8095,354.955,-59.9708],"carpPosition":[-6.70696,326.255,88.4968],"dipPosition":[-29.7979,355.688,-43.6145],"direction":[-0.195331,0.0154695,-0.980615],"extended":true,"handId":887,"id":8871,"length":58.0209,"mcpPosition":[-19.3234,351.36,21.57],"pipPosition":[-25.1398,355.319,-20.2297],"stabilizedTipPosition":[-67.4885,328.973,66.2102],"timeVisible":0.741132,"tipPosition":[-33.5516,354.058,-56.0707],"tipVelocity":[0.577421,22.4331,-164.152],"tool":false,"touchDistance":-0.558872,"touchZone":"hovering","type":1,"width":19.0841},{"bases":[[[0.665464,-0.705564,-0.24359],[0.743305,0.656229,0.129853],[0.0682306,-0.267474,0.961146]],[[0.667021,-0.712316,-0.21838],[0.380035,0.577408,-0.722616],[0.640825,0.399008,0.655848]],[[0.667021,-0.712316,-0.21838],[-0.528852,-0.246215,-0.812216],[0.524785,0.657255,-0.54094]],[[0.667021,-0.712316,-0.21838],[-0.743917,-0.620684,-0.247664],[0.0408698,0.327654,-0.943913]]],"btipPosition":[-47.2169,296.161,19.4012],"carpPosition":[3.43574,321.24,84.0734],"dipPosition":[-46.4591,302.236,1.90049],"direction":[-0.524785,-0.657255,0.54094],"extended":false,"handId":887,"id":8872,"length":66.1101,"mcpPosition":[-1.26089,339.651,17.9131],"pipPosition":[-31.7358,320.676,-13.2761],"stabilizedTipPosition":[-73.6153,255.189,171.635],"timeVisible":0.741132,"tipPosition":[-47.0517,297.244,16.2094],"tipVelocity":[-22.8669,-4.29212,-178.234],"tool":false,"touchDistance":0.333333,"touchZone":"none","type":2,"width":18.7431},{"bases":[[[0.610312,-0.784684,-0.108585],[0.790746,0.595282,0.142691],[-0.0473287,-0.17295,0.983793]],[[0.60962,-0.786939,-0.0953429],[0.503757,0.477468,-0.719898],[0.612039,0.390835,0.6875]],[[0.60962,-0.786939,-0.0953429],[-0.465986,-0.258464,-0.846199],[0.641264,0.560289,-0.524268]],[[0.60962,-0.786939,-0.0953429],[-0.774482,-0.565658,-0.28321],[0.168937,0.246492,-0.954307]]],"btipPosition":[-32.6286,287.132,21.2867],"carpPosition":[12.0671,313.529,80.4728],"dipPosition":[-29.5144,291.676,3.69496],"direction":[-0.641264,-0.560289,0.524268],"extended":false,"handId":887,"id":8873,"length":63.5667,"mcpPosition":[14.9922,324.218,19.6723],"pipPosition":[-11.9877,306.989,-10.634],"stabilizedTipPosition":[-58.6253,249.64,172.909],"timeVisible":0.741132,"tipPosition":[-32.0059,288.03,18.3172],"tipVelocity":[-23.6728,-8.10618,-178.05],"tool":false,"touchDistance":0.333333,"touchZone":"none","type":3,"width":17.8352},{"bases":[[[0.461633,-0.886926,-0.0160661],[0.868737,0.448354,0.210417],[-0.179421,-0.111092,0.97748]],[[0.476503,-0.872486,-0.108229],[0.575088,0.402435,-0.712264],[0.664995,0.277155,0.693517]],[[0.476503,-0.872486,-0.108229],[-0.495424,-0.164776,-0.85288],[0.726292,0.460019,-0.510767]],[[0.476503,-0.872486,-0.108229],[-0.847803,-0.423415,-0.319296],[0.232756,0.243902,-0.941454]]],"btipPosition":[-14.6511,284.001,23.852],"carpPosition":[16.2572,300.339,78.1004],"dipPosition":[-10.6928,288.148,7.84141],"direction":[-0.726292,-0.460019,0.510767],"extended":false,"handId":887,"id":8874,"length":49.8351,"mcpPosition":[26.5218,306.694,22.1793],"pipPosition":[3.32259,297.025,-2.01495],"stabilizedTipPosition":[-37.3103,254.727,151.71],"timeVisible":0.741132,"tipPosition":[-13.747,284.833,21.1491],"tipVelocity":[-26.5329,-11.0305,-174.683],"tool":false,"touchDistance":0.333333,"touchZone":"none","type":4,"width":15.8426}],"r":[[0.880031,-0.263515,0.395101],[0.372244,0.899369,-0.22928],[-0.294923,0.348847,0.889565]],"s":0.557133,"t":[86.8747,80.6533,-224.529],"timestamp":607261060929},false],[2,{"currentFrameRate":108.253,"devices":[],"gestures":[],"hands":[{"armBasis":[[0.668205,-0.401292,-0.626471],[0.640329,0.738935,0.209653],[0.378789,-0.541239,0.750719]],"armWidth":62.8676,"confidence":0.855317,"direction":[0.0511479,0.360125,-0.931501],"elbow":[103.43,160.85,287.465],"grabStrength":0,"id":887,"palmNormal":[-0.638465,-0.705431,-0.307782],"palmPosition":[-3.24731,325.801,38.0002],"palmVelocity":[-32.6563,-16.344,-150.742],"palmWidth":89.7729,"pinchStrength":1,"r":[[0.879228,-0.264652,0.396128],[0.373238,0.8994,-0.227536],[-0.29606,0.347906,0.889556]],"s":0.558638,"sphereCenter":[-23.5682,293.813,5.19817],"sphereRadius":45.6906,"stabilizedPalmPosition":[-15.0248,304.659,142.219],"t":[86.5704,80.5267,-225.734],"timeVisible":0.750168,"type":"right","wrist":[2.5245,305.03,87.4824]}],"id":4458187,"interactionBox":{"center":[0,200,0],"size":[235.247,235.247,147.751]},"pointables":[{"bases":[[[0.890062,0.455576,0.0155197],[-0.352472,0.666239,0.657182],[0.289057,-0.590403,0.753572]],[[0.726165,0.63768,-0.256998],[-0.555449,0.764431,0.327295],[0.405166,-0.0949204,0.909302]],[[0.726165,0.63768,-0.256998],[-0.676459,0.729471,-0.101369],[0.122831,0.24746,0.961081]],[[0.726165,0.63768,-0.256998],[-0.654894,0.527776,-0.540894],[-0.20928,0.561085,0.800865]]],"btipPosition":[-45.3053,296.862,-2.80573],"carpPosition":[-26.0513,313.468,92.8],"dipPosition":[-50.1377,309.818,15.6867],"direction":[-0.122831,-0.24746,-0.961081],"extended":false,"handId":887,"id":8870,"length":51.4192,"mcpPosition":[-26.0513,313.468,92.8],"pipPosition":[-46.0057,318.143,48.017],"stabilizedTipPosition":[-72.0947,281.598,122.554],"timeVisible":0.750168,"tipPosition":[-46.366,299.556,2.01346],"tipVelocity":[-44.0018,18.2622,-184.534],"tool":false,"touchDistance":-0.54972,"touchZone":"hovering","type":0,"width":19.9791},{"bases":[[[0.765636,-0.541341,-0.347495],[0.619753,0.765494,0.172987],[0.17236,-0.347806,0.921587]],[[0.78442,-0.597396,-0.166741],[0.605576,0.795785,-0.00223668],[0.134026,-0.0992195,0.985998]],[[0.78442,-0.597396,-0.166741],[0.589624,0.801667,-0.0983527],[0.192426,-0.0211644,0.981083]],[[0.78442,-0.597396,-0.166741],[0.573836,0.801046,-0.170403],[0.235365,0.0379857,0.971164]]],"btipPosition":[-33.8315,355.337,-61.094],"carpPosition":[-7.08324,326.021,87.361],"dipPosition":[-29.8639,355.977,-44.7231],"direction":[-0.192426,0.0211644,-0.981083],"extended":true,"handId":887,"id":8871,"length":58.0209,"mcpPosition":[-19.5941,351.267,20.4671],"pipPosition":[-25.2751,355.472,-21.3271],"stabilizedTipPosition":[-67.4883,328.973,66.2094],"timeVisible":0.750168,"tipPosition":[-33.5825,354.402,-57.1985],"tipVelocity":[-0.559794,27.2362,-153.072],"tool":false,"touchDistance":-0.548116,"touchZone":"hovering","type":1,"width":19.0841},{"bases":[[[0.664937,-0.705867,-0.244154],[0.743905,0.655132,0.13194],[0.0668211,-0.26936,0.960719]],[[0.666486,-0.71282,-0.218366],[0.383021,0.578692,-0.720007],[0.639602,0.396236,0.658715]],[[0.666486,-0.71282,-0.218366],[-0.527995,-0.244533,-0.81328],[0.526325,0.657336,-0.539343]],[[0.666486,-0.71282,-0.218366],[-0.744373,-0.62005,-0.247886],[0.0412999,0.327758,-0.943858]]],"btipPosition":[-47.4898,296.182,18.1148],"carpPosition":[3.0588,321.003,82.9397],"dipPosition":[-46.7241,302.259,0.615096],"direction":[-0.526325,-0.657336,0.539343],"extended":false,"handId":887,"id":8872,"length":66.1101,"mcpPosition":[-1.54082,339.544,16.8089],"pipPosition":[-31.9575,320.701,-14.5167],"stabilizedTipPosition":[-73.6153,255.189,171.634],"timeVisible":0.750168,"tipPosition":[-47.3436,297.251,14.9032],"tipVelocity":[-24.8328,-2.47043,-168.344],"tool":false,"touchDistance":0.333333,"touchZone":"none","type":2,"width":18.7431},{"bases":[[[0.609539,-0.785176,-0.109362],[0.791261,0.594106,0.144718],[-0.048656,-0.174745,0.983411]],[[0.608848,-0.787401,-0.0964528],[0.507161,0.479852,-0.715912],[0.609993,0.386965,0.691496]],[[0.608848,-0.787401,-0.0964528],[-0.464622,-0.255403,-0.847877],[0.642985,0.561043,-0.521346]],[[0.608848,-0.787401,-0.0964528],[-0.775036,-0.564497,-0.284012],[0.169184,0.247674,-0.953957]]],"btipPosition":[-32.8896,287.131,19.9096],"carpPosition":[11.6855,313.289,79.3345],"dipPosition":[-29.7708,291.697,2.32431],"direction":[-0.642985,-0.561043,0.521346],"extended":false,"handId":887,"id":8873,"length":63.5667,"mcpPosition":[14.6926,324.089,18.5577],"pipPosition":[-12.1971,307.031,-11.9248],"stabilizedTipPosition":[-58.6252,249.641,172.909],"timeVisible":0.750168,"tipPosition":[-32.2898,288.014,16.9296],"tipVelocity":[-25.0765,-5.74337,-170.939],"tool":false,"touchDistance":0.333333,"touchZone":"none","type":3,"width":17.8352},{"bases":[[[0.460637,-0.887422,-0.0172065],[0.869007,0.446962,0.212256],[-0.18067,-0.112725,0.977063]],[[0.475611,-0.872852,-0.109195],[0.577363,0.403407,-0.70987],[0.663661,0.274577,0.695817]],[[0.475611,-0.872852,-0.109195],[-0.494492,-0.16263,-0.853832],[0.72751,0.460088,-0.508967]],[[0.475611,-0.872852,-0.109195],[-0.848159,-0.422114,-0.320072],[0.233283,0.244845,-0.941079]]],"btipPosition":[-14.9596,283.926,22.5962],"carpPosition":[15.8632,300.099,76.9421],"dipPosition":[-10.9923,288.09,6.59203],"direction":[-0.72751,-0.460088,0.508967],"extended":false,"handId":887,"id":8874,"length":49.8351,"mcpPosition":[26.1992,306.547,21.0448],"pipPosition":[3.04659,296.969,-3.2296],"stabilizedTipPosition":[-37.3102,254.727,151.709],"timeVisible":0.750168,"tipPosition":[-14.0691,284.755,19.8735],"tipVelocity":[-28.5655,-10.1435,-164.8],"tool":false,"touchDistance":0.333333,"touchZone":"none","type":4,"width":15.8426}],"r":[[0.879228,-0.264652,0.396128],[0.373238,0.8994,-0.227536],[-0.29606,0.347906,0.889556]],"s":0.558638,"t":[86.5704,80.5267,-225.734],"timestamp":607261069965},false],[3,{"currentFrameRate":108.352,"devices":[],"gestures":[],"hands":[{"armBasis":[[0.668442,-0.404038,-0.62445],[0.639898,0.740348,0.20595],[0.379099,-0.53725,0.753423]],"armWidth":62.8676,"confidence":0.855639,"direction":[0.05179,0.366122,-0.929125],"elbow":[102.952,161.772,286.787],"grabStrength":0,"id":887,"palmNormal":[-0.638129,-0.703527,-0.312795],"palmPosition":[-3.77331,325.977,36.7319],"palmVelocity":[-39.679,-6.4592,-147.81],"palmWidth":89.7729,"pinchStrength":1,"r":[[0.878532,-0.266046,0.396738],[0.374038,0.899724,-0.224926],[-0.297114,0.346,0.889948]],"s":0.560171,"sphereCenter":[-24.0147,294.194,3.6694],"sphereRadius":45.7346,"stabilizedPalmPosition":[-15.0247,304.659,142.218],"t":[86.1553,80.5516,-226.97],"timeVisible":0.75922,"type":"right","wrist":[1.96464,304.889,86.0836]}],"id":4458188,"interactionBox":{"center":[0,200,0],"size":[235.247,235.247,147.751]},"pointables":[{"bases":[[[0.889982,0.455595,0.019118],[-0.353062,0.661944,0.661194],[0.288582,-0.5952,0.749971]],[[0.727002,0.638934,-0.251457],[-0.556165,0.762721,0.330056],[0.402676,-0.1001,0.909853]],[[0.727002,0.638934,-0.251457],[-0.675319,0.731562,-0.0936078],[0.124147,0.237866,0.963331]],[[0.727002,0.638934,-0.251457],[-0.657687,0.542764,-0.522354],[-0.197269,0.545133,0.81481]]],"btipPosition":[-46.0693,297.629,-4.59649],"carpPosition":[-26.6164,313.288,91.4341],"dipPosition":[-50.6243,310.217,14.2179],"direction":[-0.124147,-0.237866,-0.963331],"extended":false,"handId":887,"id":8870,"length":51.4192,"mcpPosition":[-26.6164,313.288,91.4341],"pipPosition":[-46.4481,318.218,46.6239],"stabilizedTipPosition":[-72.0941,281.599,122.551],"timeVisible":0.75922,"tipPosition":[-46.9978,300.172,0.340308],"tipVelocity":[-53.2045,34.0106,-185.945],"tool":false,"touchDistance":-0.548832,"touchZone":"hovering","type":0,"width":19.9791},{"bases":[[[0.765975,-0.538982,-0.3504],[0.61951,0.764454,0.178376],[0.171723,-0.353708,0.919458]],[[0.78462,-0.596058,-0.170547],[0.605853,0.795547,0.00687742],[0.131579,-0.108722,0.985326]],[[0.78462,-0.596058,-0.170547],[0.590049,0.802371,-0.0896845],[0.190299,-0.0302626,0.98126]],[[0.78462,-0.596058,-0.170547],[0.574311,0.802406,-0.162209],[0.233533,0.0293254,0.971906]]],"btipPosition":[-34.1628,356.389,-62.1985],"carpPosition":[-7.64613,325.879,86.0902],"dipPosition":[-30.2261,356.883,-45.815],"direction":[-0.190299,0.0302626,-0.98126],"extended":true,"handId":887,"id":8871,"length":58.0209,"mcpPosition":[-20.1108,351.553,19.3509],"pipPosition":[-25.6881,356.162,-22.4148],"stabilizedTipPosition":[-67.4878,328.974,66.2076],"timeVisible":0.75922,"tipPosition":[-33.9147,355.417,-58.3133],"tipVelocity":[-10.7223,50.7676,-144.413],"tool":false,"touchDistance":-0.538161,"touchZone":"hovering","type":1,"width":19.0841},{"bases":[[[0.665224,-0.704184,-0.248196],[0.743708,0.654376,0.136712],[0.0661437,-0.27553,0.959014]],[[0.666787,-0.711471,-0.22182],[0.384918,0.583655,-0.714972],[0.638148,0.391352,0.663031]],[[0.666787,-0.711471,-0.22182],[-0.527301,-0.240068,-0.815059],[0.526639,0.660436,-0.535234]],[[0.666787,-0.711471,-0.22182],[-0.744139,-0.619386,-0.250234],[0.0406423,0.331918,-0.942432]]],"btipPosition":[-47.9295,296.563,16.5897],"carpPosition":[2.49996,320.891,81.6443],"dipPosition":[-47.176,302.717,-0.883568],"direction":[-0.526639,-0.660436,0.535234],"extended":false,"handId":887,"id":8872,"length":66.1101,"mcpPosition":[-2.05303,339.857,15.6308],"pipPosition":[-32.4006,321.246,-15.9001],"stabilizedTipPosition":[-73.6152,255.189,171.634],"timeVisible":0.75922,"tipPosition":[-47.8081,297.632,13.358],"tipVelocity":[-31.4689,10.3633,-168.197],"tool":false,"touchDistance":0.333333,"touchZone":"none","type":2,"width":18.7431},{"bases":[[[0.609738,-0.784368,-0.113959],[0.791065,0.593276,0.149131],[-0.0493644,-0.18108,0.982229]],[[0.609106,-0.78647,-0.102247],[0.509369,0.486757,-0.709656],[0.607892,0.380174,0.69709]],[[0.609106,-0.78647,-0.102247],[-0.463617,-0.248494,-0.850476],[0.643466,0.565434,-0.51598]],[[0.609106,-0.78647,-0.102247],[-0.775063,-0.562964,-0.286966],[0.168128,0.254041,-0.952468]]],"btipPosition":[-33.3019,287.497,18.2234],"carpPosition":[11.1305,313.202,77.9959],"dipPosition":[-30.2026,292.18,0.665549],"direction":[-0.643466,-0.565434,0.51598],"extended":false,"handId":887,"id":8873,"length":63.5667,"mcpPosition":[14.1813,324.393,17.2921],"pipPosition":[-12.6157,307.634,-13.4369],"stabilizedTipPosition":[-58.6251,249.641,172.909],"timeVisible":0.75922,"tipPosition":[-32.7318,288.384,15.2376],"tipVelocity":[-30.862,7.82432,-174.979],"tool":false,"touchDistance":0.333333,"touchZone":"none","type":3,"width":17.8352},{"bases":[[[0.460782,-0.887226,-0.0225749],[0.868781,0.445712,0.215779],[-0.181383,-0.11904,0.976181]],[[0.475833,-0.872046,-0.114534],[0.579181,0.408673,-0.705362],[0.661915,0.269299,0.699533]],[[0.475833,-0.872046,-0.114534],[-0.49351,-0.156929,-0.855465],[0.728032,0.463583,-0.505036]],[[0.475833,-0.872046,-0.114534],[-0.848119,-0.420437,-0.322376],[0.232973,0.250536,-0.939657]]],"btipPosition":[-15.4139,284.236,20.9967],"carpPosition":[15.3119,300.027,75.5218],"dipPosition":[-11.4519,288.497,5.01664],"direction":[-0.728032,-0.463583,0.505036],"extended":false,"handId":887,"id":8874,"length":49.8351,"mcpPosition":[25.6888,306.838,19.6749],"pipPosition":[2.59704,297.443,-4.72913],"stabilizedTipPosition":[-37.3101,254.727,151.708],"timeVisible":0.75922,"tipPosition":[-14.5431,285.074,18.2606],"tipVelocity":[-34.5698,2.78458,-167.917],"tool":false,"touchDistance":0.333333,"touchZone":"none","type":4,"width":15.8426}],"r":[[0.878532,-0.266046,0.396738],[0.374038,0.899724,-0.224926],[-0.297114,0.346,0.889948]],"s":0.560171,"t":[86.1553,80.5516,-226.97],"timestamp":607261079017},false],[4,{"currentFrameRate":108.444,"devices":[],"gestures":[],"hands":[{"armBasis":[[0.668629,-0.403514,-0.624589],[0.640269,0.739559,0.207625],[0.378141,-0.53873,0.752848]],"armWidth":62.8676,"confidence":0.866506,"direction":[0.0530487,0.364997,-0.929496],"elbow":[102.138,161.53,285.494],"grabStrength":0,"id":887,"palmNormal":[-0.638324,-0.703415,-0.31265],"palmPosition":[-4.2642,326.076,35.5614],"palmVelocity":[-43.6902,-1.6643,-142.692],"palmWidth":89.7729,"pinchStrength":1,"r":[[0.87785,-0.267201,0.397471],[0.374858,0.899871,-0.222967],[-0.298096,0.344726,0.890114]],"s":0.561643,"sphereCenter":[-24.4639,294.281,2.48974],"sphereRadius":45.7561,"stabilizedPalmPosition":[-15.0244,304.66,142.216],"t":[85.7022,80.6135,-228.174],"timeVisible":0.768275,"type":"right","wrist":[1.40566,305.041,84.9438]}],"id":4458189,"interactionBox":{"center":[0,200,0],"size":[235.247,235.247,147.751]},"pointables":[{"bases":[[[0.890302,0.454952,0.01953],[-0.353267,0.66298,0.660046],[0.287341,-0.594539,0.750972]],[[0.72816,0.637821,-0.250933],[-0.556779,0.763953,0.326148],[0.399725,-0.097774,0.911406]],[[0.72816,0.637821,-0.250933],[-0.673768,0.733281,-0.0912975],[0.125773,0.23555,0.96369]],[[0.72816,0.637821,-0.250933],[-0.659607,0.552597,-0.509465],[-0.186283,0.536489,0.823091]]],"btipPosition":[-46.7907,297.972,-6.05622],"carpPosition":[-27.1747,313.468,90.2541],"dipPosition":[-51.092,310.36,12.9494],"direction":[-0.125773,-0.23555,-0.96369],"extended":false,"handId":887,"id":8870,"length":51.4192,"mcpPosition":[-27.1747,313.468,90.2541],"pipPosition":[-46.8611,318.284,45.3674],"stabilizedTipPosition":[-72.0931,281.6,122.546],"timeVisible":0.768275,"tipPosition":[-47.6024,300.433,-1.0368],"tipVelocity":[-58.73,33.6721,-177.777],"tool":false,"touchDistance":-0.543518,"touchZone":"hovering","type":0,"width":19.9791},{"bases":[[[0.765943,-0.539963,-0.348958],[0.619893,0.764198,0.17814],[0.170484,-0.352761,0.920052]],[[0.784342,-0.596714,-0.169531],[0.606703,0.794876,0.00913673],[0.129304,-0.110021,0.985483]],[[0.784342,-0.596714,-0.169531],[0.591027,0.801846,-0.0879178],[0.188399,-0.0312396,0.981596]],[[0.784342,-0.596714,-0.169531],[0.575329,0.801943,-0.160886],[0.231957,0.0286536,0.972304]]],"btipPosition":[-34.4478,356.569,-63.4375],"carpPosition":[-8.1894,326.038,84.9156],"dipPosition":[-30.5377,357.052,-47.0473],"direction":[-0.188399,0.0312396,-0.981596],"extended":true,"handId":887,"id":8871,"length":58.0209,"mcpPosition":[-20.5641,351.644,18.1332],"pipPosition":[-26.045,356.307,-23.6392],"stabilizedTipPosition":[-67.4871,328.974,66.205],"timeVisible":0.768275,"tipPosition":[-34.193,355.602,-59.5565],"tipVelocity":[-16.6365,42.1738,-142.275],"tool":false,"touchDistance":-0.531241,"touchZone":"hovering","type":1,"width":19.0841},{"bases":[[[0.664959,-0.704971,-0.246668],[0.744053,0.653979,0.136736],[0.064921,-0.274458,0.959405]],[[0.666519,-0.712391,-0.219663],[0.38702,0.582499,-0.71478],[0.637156,0.3914,0.663956]],[[0.666519,-0.712391,-0.219663],[-0.527494,-0.242465,-0.814224],[0.526786,0.658567,-0.537389]],[[0.666519,-0.712391,-0.219663],[-0.744462,-0.620592,-0.246256],[0.0391094,0.327665,-0.943984]]],"btipPosition":[-48.3162,296.765,15.4501],"carpPosition":[1.95765,321.038,80.4863],"dipPosition":[-47.5911,302.84,-2.05194],"direction":[-0.526786,-0.658567,0.537389],"extended":false,"handId":887,"id":8872,"length":66.1101,"mcpPosition":[-2.51117,339.93,14.4459],"pipPosition":[-32.8116,321.317,-17.1289],"stabilizedTipPosition":[-73.6152,255.189,171.634],"timeVisible":0.768275,"tipPosition":[-48.2345,297.805,12.1559],"tipVelocity":[-34.7684,13.1031,-156.712],"tool":false,"touchDistance":0.333333,"touchZone":"none","type":2,"width":18.7431},{"bases":[[[0.609271,-0.784956,-0.112397],[0.79135,0.592859,0.149277],[-0.050541,-0.179895,0.982387]],[[0.608682,-0.786874,-0.101662],[0.511926,0.487389,-0.707379],[0.606167,0.378526,0.699486]],[[0.608682,-0.786874,-0.101662],[-0.462624,-0.247889,-0.851193],[0.644581,0.565138,-0.514912]],[[0.608682,-0.786874,-0.101662],[-0.775446,-0.562881,-0.286092],[0.167894,0.252972,-0.952794]]],"btipPosition":[-33.7235,287.66,16.945],"carpPosition":[10.5863,313.338,76.8561],"dipPosition":[-30.6285,292.324,-0.61885],"direction":[-0.644581,-0.565138,0.514912],"extended":false,"handId":887,"id":8873,"length":63.5667,"mcpPosition":[13.7098,324.456,16.1425],"pipPosition":[-13.0112,307.77,-14.6921],"stabilizedTipPosition":[-58.6251,249.641,172.908],"timeVisible":0.768275,"tipPosition":[-33.1741,288.532,13.9434],"tipVelocity":[-35.2237,10.4992,-165.693],"tool":false,"touchDistance":0.333333,"touchZone":"none","type":3,"width":17.8352},{"bases":[[[0.460141,-0.887596,-0.0210501],[0.868885,0.445314,0.21618],[-0.182506,-0.117763,0.976127]],[[0.47536,-0.87245,-0.113421],[0.581979,0.408508,-0.703151],[0.659798,0.268241,0.701936]],[[0.47536,-0.87245,-0.113421],[-0.491975,-0.156723,-0.856387],[0.729379,0.462893,-0.503723]],[[0.47536,-0.87245,-0.113421],[-0.848273,-0.420308,-0.322141],[0.23338,0.249346,-0.939873]]],"btipPosition":[-15.8601,284.364,19.7743],"carpPosition":[14.7605,300.157,74.4018],"dipPosition":[-11.8912,288.604,3.79058],"direction":[-0.729379,-0.462893,0.503723],"extended":false,"handId":887,"id":8874,"length":49.8351,"mcpPosition":[25.2016,306.895,18.558],"pipPosition":[2.18376,297.537,-5.92985],"stabilizedTipPosition":[-37.31,254.728,151.708],"timeVisible":0.768275,"tipPosition":[-15.0075,285.19,17.0268],"tipVelocity":[-38.5808,5.75574,-158.856],"tool":false,"touchDistance":0.333333,"touchZone":"none","type":4,"width":15.8426}],"r":[[0.87785,-0.267201,0.397471],[0.374858,0.899871,-0.222967],[-0.298096,0.344726,0.890114]],"s":0.561643,"t":[85.7022,80.6135,-228.174],"timestamp":607261088072},false],[5,{"currentFrameRate":108.558,"devices":[],"gestures":[],"hands":[{"armBasis":[[0.666023,-0.407202,-0.624979],[0.643458,0.737457,0.20523],[0.377325,-0.538836,0.753181]],"armWidth":62.8676,"confidence":0.871778,"direction":[0.0538617,0.364881,-0.929495],"elbow":[101.512,161.467,284.701],"grabStrength":0,"id":887,"palmNormal":[-0.64148,-0.700719,-0.312245],"palmPosition":[-4.62319,326.071,34.6871],"palmVelocity":[-42.6369,-1.37132,-130.155],"palmWidth":89.7729,"pinchStrength":1,"r":[[0.87714,-0.268864,0.397916],[0.376226,0.899678,-0.221435],[-0.29846,0.343936,0.890297]],"s":0.563228,"sphereCenter":[-24.9282,294.342,1.5925],"sphereRadius":45.7998,"stabilizedPalmPosition":[-15.0241,304.66,142.213],"t":[85.2962,80.6417,-229.212],"timeVisible":0.777282,"type":"right","wrist":[0.996563,305.007,84.0628]}],"id":4458190,"interactionBox":{"center":[0,200,0],"size":[235.247,235.247,147.751]},"pointables":[{"bases":[[[0.8922,0.451244,0.0189063],[-0.350007,0.664366,0.660388],[0.285435,-0.595816,0.750687]],[[0.730993,0.634563,-0.250958],[-0.554063,0.766609,0.324538],[0.398326,-0.0981889,0.911973]],[[0.730993,0.634563,-0.250958],[-0.669716,0.73768,-0.0854852],[0.130881,0.230559,0.964216]],[[0.730993,0.634563,-0.250958],[-0.660837,0.566609,-0.492187],[-0.170129,0.525627,0.83353]]],"btipPosition":[-47.6364,298.495,-7.20126],"carpPosition":[-27.5445,313.552,89.3957],"dipPosition":[-51.5648,310.632,12.0454],"direction":[-0.130881,-0.230559,-0.964216],"extended":false,"handId":887,"id":8870,"length":51.4192,"mcpPosition":[-27.5445,313.552,89.3957],"pipPosition":[-47.162,318.388,44.4812],"stabilizedTipPosition":[-72.0912,281.601,122.536],"timeVisible":0.777282,"tipPosition":[-48.285,300.841,-2.09025],"tipVelocity":[-65.7757,38.6077,-162.169],"tool":false,"touchDistance":-0.533843,"touchZone":"hovering","type":0,"width":19.9791},{"bases":[[[0.763426,-0.543103,-0.349599],[0.6232,0.761594,0.177756],[0.169713,-0.353574,0.919882]],[[0.781711,-0.5998,-0.170784],[0.610254,0.792126,0.0112723],[0.128521,-0.113033,0.985244]],[[0.781711,-0.5998,-0.170784],[0.594571,0.799417,-0.086121],[0.188183,-0.0342212,0.981538]],[[0.781711,-0.5998,-0.170784],[0.578801,0.799735,-0.159417],[0.2322,0.0257685,0.972327]]],"btipPosition":[-34.6793,356.881,-64.2854],"carpPosition":[-8.51113,326.044,84.0443],"dipPosition":[-30.7651,357.315,-47.8949],"direction":[-0.188183,0.0342212,-0.981538],"extended":true,"handId":887,"id":8871,"length":58.0209,"mcpPosition":[-20.8298,351.708,17.2742],"pipPosition":[-26.2775,356.499,-24.4881],"stabilizedTipPosition":[-67.4861,328.975,66.2013],"timeVisible":0.777282,"tipPosition":[-34.4143,355.909,-60.41],"tipVelocity":[-19.0984,39.7501,-129.046],"tool":false,"touchDistance":-0.519168,"touchZone":"hovering","type":1,"width":19.0841},{"bases":[[[0.661835,-0.707701,-0.247252],[0.746869,0.650864,0.136246],[0.064506,-0.274837,0.959325]],[[0.66341,-0.715277,-0.219695],[0.389757,0.580964,-0.714542],[0.63873,0.388407,0.664202]],[[0.66341,-0.715277,-0.219695],[-0.530026,-0.241966,-0.812727],[0.528166,0.655616,-0.539638]],[[0.66341,-0.715277,-0.219695],[-0.747344,-0.618904,-0.241735],[0.0369373,0.324557,-0.945145]]],"btipPosition":[-48.7069,297.037,14.649],"carpPosition":[1.61169,321.001,79.6068],"dipPosition":[-48.022,303.055,-2.87456],"direction":[-0.528166,-0.655616,0.539638],"extended":false,"handId":887,"id":8872,"length":66.1101,"mcpPosition":[-2.82857,339.92,13.5719],"pipPosition":[-33.2038,321.449,-18.0146],"stabilizedTipPosition":[-73.615,255.189,171.633],"timeVisible":0.777282,"tipPosition":[-48.6658,298.054,11.2963],"tipVelocity":[-37.4164,17.4088,-138.242],"tool":false,"touchDistance":0.333333,"touchZone":"none","type":2,"width":18.7431},{"bases":[[[0.605916,-0.78747,-0.112947],[0.793921,0.589546,0.148744],[-0.0505443,-0.179797,0.982404]],[[0.605364,-0.789277,-0.102837],[0.514362,0.486521,-0.706207],[0.607426,0.374618,0.700497]],[[0.605364,-0.789277,-0.102837],[-0.464758,-0.245625,-0.850687],[0.646168,0.56277,-0.515516]],[[0.605364,-0.789277,-0.102837],[-0.778431,-0.560122,-0.283387],[0.16607,0.251604,-0.953476]]],"btipPosition":[-34.1693,287.845,16.0415],"carpPosition":[10.2055,313.266,75.9691],"dipPosition":[-31.108,292.483,-1.53499],"direction":[-0.646168,-0.56277,0.515516],"extended":false,"handId":887,"id":8873,"length":63.5667,"mcpPosition":[13.3292,324.378,15.2545],"pipPosition":[-13.4473,307.864,-15.6248],"stabilizedTipPosition":[-58.625,249.641,172.907],"timeVisible":0.777282,"tipPosition":[-33.6489,288.698,13.0053],"tipVelocity":[-39.3827,13.0617,-147.819],"tool":false,"touchDistance":0.333333,"touchZone":"none","type":3,"width":17.8352},{"bases":[[[0.45643,-0.889499,-0.0214989],[0.870893,0.441672,0.215571],[-0.182255,-0.117116,0.976251]],[[0.471705,-0.874314,-0.114321],[0.585757,0.407621,-0.700524],[0.659078,0.263477,0.704412]],[[0.471705,-0.874314,-0.114321],[-0.49195,-0.153356,-0.85701],[0.731764,0.460496,-0.502458]],[[0.471705,-0.874314,-0.114321],[-0.850431,-0.416856,-0.320933],[0.232941,0.248608,-0.940177]]],"btipPosition":[-16.3255,284.463,18.7699],"carpPosition":[14.323,300.069,73.5102],"dipPosition":[-12.364,288.691,2.78102],"direction":[-0.731764,-0.460496,0.502458],"extended":false,"handId":887,"id":8874,"length":49.8351,"mcpPosition":[24.7497,306.769,17.6593],"pipPosition":[1.75698,297.577,-6.915],"stabilizedTipPosition":[-37.3098,254.728,151.707],"timeVisible":0.777282,"tipPosition":[-15.4983,285.276,16.019],"tipVelocity":[-42.2281,7.11377,-145.884],"tool":false,"touchDistance":0.333333,"touchZone":"none","type":4,"width":15.8426}],"r":[[0.87714,-0.268864,0.397916],[0.376226,0.899678,-0.221435],[-0.29846,0.343936,0.890297]],"s":0.563228,"t":[85.2962,80.6417,-229.212],"timestamp":607261097079},false],[6,{"currentFrameRate":108.591,"devices":[],"gestures":[],"hands":[{"armBasis":[[0.665196,-0.408049,-0.625308],[0.644163,0.737115,0.204243],[0.377583,-0.538662,0.753176]],"armWidth":62.8676,"confidence":0.878086,"direction":[0.0555635,0.365221,-0.929261],"elbow":[101.025,161.229,283.482],"grabStrength":0,"id":887,"palmNormal":[-0.642037,-0.699698,-0.313387],"palmPosition":[-5.08592,325.817,33.4712],"palmVelocity":[-44.8479,-8.72392,-130.92],"palmWidth":89.7729,"pinchStrength":1,"r":[[0.876393,-0.27047,0.398473],[0.377624,0.899437,-0.220031],[-0.298889,0.343307,0.890396]],"s":0.564651,"sphereCenter":[-25.4524,294.273,0.339178],"sphereRadius":45.7649,"stabilizedPalmPosition":[-15.0237,304.661,142.208],"t":[84.8619,80.5288,-230.34],"timeVisible":0.786431,"type":"right","wrist":[0.441104,304.723,82.8447]}],"id":4458191,"interactionBox":{"center":[0,200,0],"size":[235.247,235.247,147.751]},"pointables":[{"bases":[[[0.892793,0.45001,0.0202606],[-0.349949,0.664552,0.660232],[0.283647,-0.596541,0.750788]],[[0.732564,0.633415,-0.249272],[-0.553984,0.767572,0.322389],[0.39554,-0.0980779,0.913197]],[[0.732564,0.633415,-0.249272],[-0.668087,0.739212,-0.0849996],[0.130425,0.228803,0.964696]],[[0.732564,0.633415,-0.249272],[-0.660547,0.573052,-0.485066],[-0.164402,0.519997,0.838197]]],"btipPosition":[-48.1666,298.431,-8.63662],"carpPosition":[-28.0951,313.305,88.1446],"dipPosition":[-51.9628,310.438,10.7178],"direction":[-0.130425,-0.228803,-0.964696],"extended":false,"handId":887,"id":8870,"length":51.4192,"mcpPosition":[-28.0951,313.305,88.1446],"pipPosition":[-47.5754,318.135,43.1697],"stabilizedTipPosition":[-72.0885,281.604,122.521],"timeVisible":0.786431,"tipPosition":[-48.7823,300.747,-3.49244],"tipVelocity":[-62.673,25.0185,-159.944],"tool":false,"touchDistance":-0.529951,"touchZone":"hovering","type":0,"width":19.9791},{"bases":[[[0.763132,-0.543994,-0.348855],[0.624014,0.760659,0.178901],[0.168038,-0.354216,0.919943]],[[0.781093,-0.600631,-0.170695],[0.611601,0.791019,0.0152733],[0.125849,-0.116327,0.985206]],[[0.781093,-0.600631,-0.170695],[0.596154,0.798646,-0.0822532],[0.185728,-0.0375128,0.981885]],[[0.781093,-0.600631,-0.170695],[0.580526,0.799208,-0.155744],[0.229965,0.0225583,0.972937]]],"btipPosition":[-34.8749,356.929,-65.5278],"carpPosition":[-9.03768,325.773,82.8233],"dipPosition":[-30.9984,357.309,-49.1269],"direction":[-0.185728,0.0375128,-0.981885],"extended":true,"handId":887,"id":8871,"length":58.0209,"mcpPosition":[-21.2348,351.484,16.0488],"pipPosition":[-26.5693,356.415,-25.7118],"stabilizedTipPosition":[-67.485,328.976,66.1973],"timeVisible":0.786431,"tipPosition":[-34.6104,355.943,-61.6567],"tipVelocity":[-19.9963,29.766,-130.851],"tool":false,"touchDistance":-0.514184,"touchZone":"hovering","type":1,"width":19.0841},{"bases":[[[0.661183,-0.708499,-0.246713],[0.747584,0.649778,0.137501],[0.062889,-0.275352,0.959284]],[[0.662735,-0.716227,-0.218634],[0.393114,0.581243,-0.712473],[0.637372,0.386233,0.66677]],[[0.662735,-0.716227,-0.218634],[-0.529552,-0.241801,-0.813085],[0.529487,0.654639,-0.539529]],[[0.662735,-0.716227,-0.218634],[-0.747968,-0.618914,-0.239771],[0.0364144,0.322436,-0.945891]]],"btipPosition":[-49.0861,296.96,13.3303],"carpPosition":[1.08393,320.719,78.3966],"dipPosition":[-48.4109,302.938,-4.20712],"direction":[-0.529487,-0.654639,0.539529],"extended":false,"handId":887,"id":8872,"length":66.1101,"mcpPosition":[-3.24502,339.672,12.3645],"pipPosition":[-33.5556,321.305,-19.3442],"stabilizedTipPosition":[-73.6149,255.19,171.632],"timeVisible":0.786431,"tipPosition":[-49.0749,297.951,9.95148],"tipVelocity":[-38.6072,9.94029,-139.981],"tool":false,"touchDistance":0.333333,"touchZone":"none","type":2,"width":18.7431},{"bases":[[[0.604981,-0.78825,-0.112516],[0.794536,0.588389,0.150033],[-0.0520605,-0.180165,0.982258]],[[0.60445,-0.789953,-0.103024],[0.516928,0.487323,-0.703776],[0.606157,0.372142,0.702912]],[[0.60445,-0.789953,-0.103024],[-0.464509,-0.244421,-0.85117],[0.647203,0.562345,-0.514681]],[[0.60445,-0.789953,-0.103024],[-0.779294,-0.559478,-0.282285],[0.165352,0.250913,-0.953783]]],"btipPosition":[-34.5684,287.708,14.7244],"carpPosition":[9.67182,312.973,74.7666],"dipPosition":[-31.5203,292.333,-2.85773],"direction":[-0.647203,-0.562345,0.514681],"extended":false,"handId":887,"id":8873,"length":63.5667,"mcpPosition":[12.8893,324.108,14.061],"pipPosition":[-13.8313,307.703,-16.9247],"stabilizedTipPosition":[-58.6248,249.641,172.906],"timeVisible":0.786431,"tipPosition":[-34.0743,288.545,11.6552],"tipVelocity":[-40.6553,5.17727,-146.784],"tool":false,"touchDistance":0.333333,"touchZone":"none","type":3,"width":17.8352},{"bases":[[[0.455237,-0.890115,-0.0213069],[0.871219,0.440381,0.216893],[-0.183677,-0.117301,0.975963]],[[0.470662,-0.874896,-0.114166],[0.589416,0.408061,-0.697191],[0.656557,0.26085,0.707736]],[[0.470662,-0.874896,-0.114166],[-0.49029,-0.151765,-0.858244],[0.733548,0.459917,-0.500383]],[[0.470662,-0.874896,-0.114166],[-0.850905,-0.415875,-0.320949],[0.233318,0.248203,-0.94019]]],"btipPosition":[-16.7456,284.286,17.4275],"carpPosition":[13.7744,299.771,72.3071],"dipPosition":[-12.7777,288.507,1.43842],"direction":[-0.733548,-0.459917,0.500383],"extended":false,"handId":887,"id":8874,"length":49.8351,"mcpPosition":[24.2824,306.482,16.4727],"pipPosition":[1.37767,297.382,-8.21755],"stabilizedTipPosition":[-37.3096,254.728,151.705],"timeVisible":0.786431,"tipPosition":[-15.941,285.086,14.6633],"tipVelocity":[-43.2119,-0.306678,-146.119],"tool":false,"touchDistance":0.333333,"touchZone":"none","type":4,"width":15.8426}],"r":[[0.876393,-0.27047,0.398473],[0.377624,0.899437,-0.220031],[-0.298889,0.34330