{"sensorType":"Leap","data":[[0,{"currentFrameRate":108.428,"devices":[],"gestures":[],"hands":[{"armBasis":[[0.822943,-0.0963396,-0.559895],[0.402296,0.79469,0.454561],[0.401151,-0.599322,0.692742]],"armWidth":62.8676,"confidence":0.822978,"direction":[0.029673,0.269872,-0.962439],"elbow":[104.946,149.074,279.311],"grabStrength":0,"id":884,"palmNormal":[-0.417978,-0.871288,-0.2572],"palmPosition":[-8.94541,322.474,43.0536],"palmVelocity":[55.3335,-19.6371,-155.123],"palmWidth":89.7729,"pinchStrength":1,"r":[[0.589535,-0.711071,0.38318],[0.806335,0.490077,-0.331132],[0.0476707,0.504186,0.862278]],"s":0.726513,"sphereCenter":[-37.3166,301.428,12.611],"sphereRadius":46.3367,"stabilizedPalmPosition":[-12.7796,312.285,149.277],"t":[61.2418,65.6657,-182.28],"timeVisible":0.985182,"type":"right","wrist":[-1.91614,308.727,94.7724]}],"id":4456724,"interactionBox":{"center":[0,200,0],"size":[235.247,235.247,147.751]},"pointables":[{"bases":[[[0.745006,0.667018,0.0072564],[-0.555386,0.614223,0.560603],[0.369476,-0.421683,0.828053]],[[0.603901,0.761353,-0.235894],[-0.743031,0.644853,0.17908],[0.28846,0.06713,0.955136]],[[0.603901,0.761353,-0.235894],[-0.796781,0.584469,-0.153415],[0.02107,0.280603,0.959593]],[[0.603901,0.761353,-0.235894],[-0.777224,0.496878,-0.386051],[-0.17671,0.416479,0.891807]]],"btipPosition":[-42.8435,287.699,-2.18613],"carpPosition":[-32.0084,310.061,97.7267],"dipPosition":[-46.9238,297.315,18.4062],"direction":[-0.02107,-0.280603,-0.959593],"extended":false,"handId":884,"id":8840,"length":51.4192,"mcpPosition":[-32.0084,310.061,97.7267],"pipPosition":[-46.215,306.755,50.6864],"stabilizedTipPosition":[-52.0284,282.907,108.282],"timeVisible":0.985182,"tipPosition":[-43.4768,289.424,2.57729],"tipVelocity":[56.4787,4.49596,-171.932],"tool":false,"touchDistance":-0.509398,"touchZone":"touching","type":0,"width":19.9791},{"bases":[[[0.900065,-0.358778,-0.247308],[0.395078,0.911323,0.115778],[0.183839,-0.201914,0.961995]],[[0.912075,-0.374074,-0.167894],[0.402575,0.894684,0.193579],[0.0777999,-0.244148,0.966612]],[[0.912075,-0.374074,-0.167894],[0.391165,0.91659,0.0827862],[0.122922,-0.141182,0.982323]],[[0.912075,-0.374074,-0.167894],[0.377993,0.925763,-0.00920484],[0.158874,-0.0550675,0.985762]]],"btipPosition":[-38.6577,355.757,-59.006],"carpPosition":[-16.4064,326.457,91.8359],"dipPosition":[-35.9795,354.828,-42.389],"direction":[-0.122922,0.141182,-0.982323],"extended":true,"handId":884,"id":8841,"length":58.0209,"mcpPosition":[-29.7505,341.113,22.009],"pipPosition":[-33.0482,351.462,-18.9634],"stabilizedTipPosition":[-51.9742,343.526,54.6982],"timeVisible":0.985182,"tipPosition":[-38.0271,354.47,-55.3272],"tipVelocity":[119.286,8.50612,-167.916],"tool":false,"touchDistance":-0.514758,"touchZone":"touching","type":1,"width":19.0841},{"bases":[[[0.836,-0.532825,-0.131155],[0.545497,0.832893,0.0933933],[0.0594754,-0.149621,0.986953]],[[0.837888,-0.539372,-0.0837968],[0.369666,0.673677,-0.639927],[0.401611,0.505211,0.763853]],[[0.837888,-0.539372,-0.0837968],[-0.274185,-0.283149,-0.919048],[0.471982,0.793035,-0.385135]],[[0.837888,-0.539372,-0.0837968],[-0.523115,-0.749643,-0.405447],[0.155869,0.383554,-0.91027]]],"btipPosition":[-44.3575,280.706,11.9193],"carpPosition":[-5.03286,323.793,88.4991],"dipPosition":[-41.4676,287.817,-4.95768],"direction":[-0.471982,-0.793035,0.385135],"extended":false,"handId":884,"id":8842,"length":66.1101,"mcpPosition":[-9.12683,334.092,20.5625],"pipPosition":[-28.2257,310.067,-15.763],"stabilizedTipPosition":[-50.1712,256.171,143.127],"timeVisible":0.985182,"tipPosition":[-43.7464,282.289,7.8848],"tipVelocity":[51.6677,-7.10457,-152.721],"tool":false,"touchDistance":0.333333,"touchZone":"none","type":2,"width":18.7431},{"bases":[[[0.792124,-0.610297,0.00884847],[0.605449,0.787503,0.115199],[-0.0772735,-0.0858942,0.993303]],[[0.787358,-0.613785,0.0577424],[0.491759,0.568802,-0.659271],[0.371807,0.547478,0.749685]],[[0.787358,-0.613785,0.0577424],[-0.208681,-0.35348,-0.911869],[0.580102,0.705918,-0.406401]],[[0.787358,-0.613785,0.0577424],[-0.544929,-0.736699,-0.40041],[0.288304,0.2838,-0.914515]]],"btipPosition":[-27.2972,274.877,19.7313],"carpPosition":[5.48679,318.227,86.2013],"dipPosition":[-21.9825,280.108,2.87307],"direction":[-0.580102,-0.705918,0.406401],"extended":false,"handId":884,"id":8843,"length":63.5667,"mcpPosition":[10.2625,323.536,24.8131],"pipPosition":[-6.12751,299.402,-8.23445],"stabilizedTipPosition":[-37.5386,241.928,171.603],"timeVisible":0.985182,"tipPosition":[-26.0296,276.084,15.2693],"tipVelocity":[43.5679,-12.9339,-139.498],"tool":false,"touchDistance":0.333333,"touchZone":"none","type":3,"width":17.8352},{"bases":[[[0.666857,-0.737809,0.104596],[0.712062,0.672289,0.202473],[-0.219705,-0.0605413,0.973686]],[[0.605984,-0.734107,0.306382],[0.728328,0.357149,-0.584793],[0.319876,0.577522,0.751097]],[[0.605984,-0.734107,0.306382],[-0.0852763,-0.442887,-0.892513],[0.790893,0.514722,-0.330984]],[[0.605984,-0.734107,0.306382],[-0.587521,-0.672697,-0.449775],[0.536285,0.0925501,-0.838947]]],"btipPosition":[-9.99053,278.183,24.2541],"carpPosition":[12.9817,306.373,85.5068],"dipPosition":[-0.870339,279.757,9.98673],"direction":[-0.790893,-0.514722,0.330984],"extended":false,"handId":884,"id":8844,"length":49.8351,"mcpPosition":[25.5509,309.837,29.8026],"pipPosition":[14.3917,289.689,3.59967],"stabilizedTipPosition":[-24.6277,253.783,166.12],"timeVisible":0.985182,"tipPosition":[-7.86809,278.386,20.8634],"tipVelocity":[39.1695,-18.5522,-138.419],"tool":false,"touchDistance":0.333333,"touchZone":"none","type":4,"width":15.8426}],"r":[[0.589535,-0.711071,0.38318],[0.806335,0.490077,-0.331132],[0.0476707,0.504186,0.862278]],"s":0.726513,"t":[61.2418,65.6657,-182.28],"timestamp":607247232058},false],[1,{"currentFrameRate":108.46,"devices":[],"gestures":[],"hands":[{"armBasis":[[0.825779,-0.0948938,-0.555954],[0.399697,0.793927,0.458172],[0.397909,-0.600562,0.693537]],"armWidth":62.8676,"confidence":0.82993,"direction":[0.0361047,0.271811,-0.961673],"elbow":[104.252,148.324,278.23],"grabStrength":0,"id":884,"palmNormal":[-0.416617,-0.870596,-0.26171],"palmPosition":[-8.43036,322.162,41.7436],"palmVelocity":[55.5794,-23.6591,-151.739],"palmWidth":89.7729,"pinchStrength":1,"r":[[0.585094,-0.713279,0.385873],[0.809687,0.487097,-0.327328],[0.0455189,0.503954,0.86253]],"s":0.727416,"sphereCenter":[-36.641,301.252,11.0849],"sphereRadius":46.3191,"stabilizedPalmPosition":[-12.7791,312.286,149.266],"t":[61.7591,65.4391,-183.615],"timeVisible":0.994344,"type":"right","wrist":[-1.74661,308.307,93.4795]}],"id":4456725,"interactionBox":{"center":[0,200,0],"size":[235.247,235.247,147.751]},"pointables":[{"bases":[[[0.745202,0.666702,0.0135074],[-0.55882,0.613309,0.558186],[0.36386,-0.42351,0.829606]],[[0.606355,0.761356,-0.2295],[-0.743054,0.645273,0.177465],[0.283204,0.0629241,0.956993]],[[0.606355,0.761356,-0.2295],[-0.795054,0.585866,-0.157002],[0.0149216,0.277664,0.960562]],[[0.606355,0.761356,-0.2295],[-0.773989,0.498867,-0.389965],[-0.182413,0.414088,0.891772]]],"btipPosition":[-42.0948,287.646,-3.79752],"carpPosition":[-31.8571,309.647,96.2386],"dipPosition":[-46.3068,297.208,16.794],"direction":[-0.0149216,-0.277664,-0.960562],"extended":false,"handId":884,"id":8840,"length":51.4192,"mcpPosition":[-31.8571,309.647,96.2386],"pipPosition":[-45.8049,306.548,49.1068],"stabilizedTipPosition":[-52.0281,282.907,108.279],"timeVisible":0.994344,"tipPosition":[-42.7559,289.331,0.968475],"tipVelocity":[62.5915,1.26152,-173.037],"tool":false,"touchDistance":-0.510965,"touchZone":"touching","type":0,"width":19.9791},{"bases":[[[0.901531,-0.358639,-0.242114],[0.394663,0.910927,0.120222],[0.177432,-0.203938,0.962771]],[[0.912978,-0.374042,-0.16298],[0.4017,0.894006,0.198472],[0.0714683,-0.24667,0.966461]],[[0.912978,-0.374042,-0.16298],[0.390997,0.91622,0.0875371],[0.116583,-0.143644,0.982738]],[[0.912978,-0.374042,-0.16298],[0.378398,0.925631,-0.00463641],[0.152594,-0.0574386,0.986618]]],"btipPosition":[-37.4712,355.701,-60.4324],"carpPosition":[-16.2104,326.049,90.4838],"dipPosition":[-34.8989,354.733,-43.8009],"direction":[-0.116583,0.143644,-0.982738],"extended":true,"handId":884,"id":8841,"length":58.0209,"mcpPosition":[-29.0893,340.852,20.6006],"pipPosition":[-32.1187,351.308,-20.3654],"stabilizedTipPosition":[-51.8976,343.587,54.1337],"timeVisible":0.994344,"tipPosition":[-36.8601,354.423,-56.7513],"tipVelocity":[121.394,4.16657,-164.405],"tool":false,"touchDistance":-0.512961,"touchZone":"touching","type":1,"width":19.0841},{"bases":[[[0.836636,-0.532895,-0.126738],[0.545196,0.832482,0.0986676],[0.0529275,-0.151646,0.987017]],[[0.83821,-0.539539,-0.0793794],[0.374164,0.674867,-0.636046],[0.396742,0.50344,0.767557]],[[0.83821,-0.539539,-0.0793794],[-0.268227,-0.281145,-0.921419],[0.474824,0.793634,-0.380377]],[[0.83821,-0.539539,-0.0793794],[-0.520733,-0.748616,-0.41038],[0.161991,0.38532,-0.908453]]],"btipPosition":[-43.6518,280.474,10.2889],"carpPosition":[-4.81615,323.387,87.2164],"dipPosition":[-40.6484,287.618,-6.55441],"direction":[-0.474824,-0.793634,0.380377],"extended":false,"handId":884,"id":8842,"length":66.1101,"mcpPosition":[-8.4594,333.826,19.2754],"pipPosition":[-27.3267,309.884,-17.2263],"stabilizedTipPosition":[-50.1712,256.171,143.125],"timeVisible":0.994344,"tipPosition":[-43.0138,282.065,6.26426],"tipVelocity":[59.5308,-11.9478,-159.519],"tool":false,"touchDistance":0.333333,"touchZone":"none","type":2,"width":18.7431},{"bases":[[[0.79181,-0.610632,0.0128162],[0.604986,0.787023,0.120774],[-0.0838353,-0.0878767,0.992597]],[[0.786743,-0.614209,0.0615055],[0.497434,0.571841,-0.652348],[0.365507,0.543825,0.75542]],[[0.786743,-0.614209,0.0615055],[-0.201291,-0.349467,-0.915071],[0.583539,0.707545,-0.398575]],[[0.786743,-0.614209,0.0615055],[-0.542201,-0.735238,-0.406746],[0.295048,0.286656,-0.911468]]],"btipPosition":[-26.6027,274.658,18.0273],"carpPosition":[5.71621,317.822,84.9766],"dipPosition":[-21.1638,279.942,1.22524],"direction":[-0.583539,-0.707545,0.398575],"extended":false,"handId":884,"id":8843,"length":63.5667,"mcpPosition":[10.8974,323.253,23.632],"pipPosition":[-5.21483,299.28,-9.6684],"stabilizedTipPosition":[-37.5384,241.929,171.6],"timeVisible":0.994344,"tipPosition":[-25.3225,275.863,13.6802],"tipVelocity":[53.4219,-15.6228,-152.063],"tool":false,"touchDistance":0.333333,"touchZone":"none","type":3,"width":17.8352},{"bases":[[[0.665867,-0.738288,0.10748],[0.710977,0.67159,0.208513],[-0.226125,-0.0624266,0.972096]],[[0.606903,-0.735787,0.300476],[0.725999,0.359395,-0.586312],[0.323411,0.57398,0.752298]],[[0.606903,-0.735787,0.300476],[-0.0906172,-0.43966,-0.893581],[0.789593,0.515089,-0.333506]],[[0.606903,-0.735787,0.300476],[-0.589998,-0.670403,-0.449958],[0.532513,0.0958004,-0.840983]]],"btipPosition":[-9.42813,277.945,23.1869],"carpPosition":[13.2109,305.966,84.3072],"dipPosition":[-0.37208,279.574,8.88491],"direction":[-0.789593,-0.515089,0.333506],"extended":false,"handId":884,"id":8844,"length":49.8351,"mcpPosition":[26.1474,309.538,28.694],"pipPosition":[14.8648,289.514,2.44919],"stabilizedTipPosition":[-24.6275,253.783,166.119],"timeVisible":0.994344,"tipPosition":[-7.27519,278.152,19.6846],"tipVelocity":[44.9132,-20.2321,-132.546],"tool":false,"touchDistance":0.333333,"touchZone":"none","type":4,"width":15.8426}],"r":[[0.585094,-0.713279,0.385873],[0.809687,0.487097,-0.327328],[0.0455189,0.503954,0.86253]],"s":0.727416,"t":[61.7591,65.4391,-183.615],"timestamp":607247241220},false],[2,{"currentFrameRate":108.63,"devices":[],"gestures":[],"hands":[{"armBasis":[[0.827331,-0.0947064,-0.553673],[0.398108,0.794235,0.459022],[0.396274,-0.600185,0.694798]],"armWidth":62.8676,"confidence":0.83004,"direction":[0.0406159,0.272358,-0.961338],"elbow":[104.041,148.236,277.478],"grabStrength":0,"id":884,"palmNormal":[-0.415751,-0.870281,-0.264126],"palmPosition":[-7.96281,322.007,40.6339],"palmVelocity":[54.7511,-21.9702,-144.382],"palmWidth":89.7729,"pinchStrength":1,"r":[[0.581115,-0.715125,0.388462],[0.812683,0.484678,-0.323472],[0.0430443,0.50367,0.862823]],"s":0.728072,"sphereCenter":[-35.7753,300.903,9.79906],"sphereRadius":46.2634,"stabilizedPalmPosition":[-12.7785,312.287,149.252],"t":[62.2516,65.2481,-184.837],"timeVisible":1.00324,"type":"right","wrist":[-1.52155,308.119,92.3917]}],"id":4456726,"interactionBox":{"center":[0,200,0],"size":[235.247,235.247,147.751]},"pointables":[{"bases":[[[0.745391,0.666402,0.0173119],[-0.561134,0.613202,0.555979],[0.35989,-0.424136,0.831016]],[[0.608787,0.760842,-0.224717],[-0.741888,0.646335,0.178474],[0.281033,0.0580627,0.95794]],[[0.608787,0.760842,-0.224717],[-0.79326,0.587651,-0.159388],[0.0107867,0.275293,0.9613]],[[0.608787,0.760842,-0.224717],[-0.771132,0.500971,-0.392917],[-0.186371,0.41249,0.891694]]],"btipPosition":[-41.5442,287.824,-5.09215],"carpPosition":[-31.6439,309.469,95.0136],"dipPosition":[-45.8476,297.349,15.4975],"direction":[-0.0107867,-0.275293,-0.9613],"extended":false,"handId":884,"id":8840,"length":51.4192,"mcpPosition":[-31.6439,309.469,95.0136],"pipPosition":[-45.4847,306.61,47.8352],"stabilizedTipPosition":[-52.0277,282.907,108.274],"timeVisible":1.00324,"tipPosition":[-42.2054,289.441,-0.323443],"tipVelocity":[61.7535,6.10302,-165.55],"tool":false,"touchDistance":-0.507627,"touchZone":"touching","type":0,"width":19.9791},{"bases":[[[0.902492,-0.35885,-0.238191],[0.394462,0.910702,0.122563],[0.172939,-0.204569,0.963454]],[[0.913529,-0.374231,-0.159424],[0.401201,0.893582,0.201367],[0.0671009,-0.247916,0.966455]],[[0.913529,-0.374231,-0.159424],[0.390973,0.915971,0.0902051],[0.112271,-0.144736,0.98308]],[[0.913529,-0.374231,-0.159424],[0.378749,0.925497,-0.00220065],[0.14837,-0.0583715,0.987208]]],"btipPosition":[-36.5401,355.661,-61.6434],"carpPosition":[-15.9646,325.868,89.3402],"dipPosition":[-34.039,354.677,-45.002],"direction":[-0.112271,0.144736,-0.98308],"extended":true,"handId":884,"id":8841,"length":58.0209,"mcpPosition":[-28.5174,340.717,19.4074],"pipPosition":[-31.3617,351.225,-21.5584],"stabilizedTipPosition":[-51.7976,343.661,53.4305],"timeVisible":1.00324,"tipPosition":[-35.9393,354.395,-57.9602],"tipVelocity":[116.329,1.69039,-156.629],"tool":false,"touchDistance":-0.50813,"touchZone":"touching","type":1,"width":19.0841},{"bases":[[[0.837001,-0.533148,-0.123215],[0.545061,0.832211,0.101652],[0.0483458,-0.152243,0.98716]],[[0.838356,-0.539821,-0.0758457],[0.377305,0.675043,-0.634001],[0.393446,0.502902,0.769604]],[[0.838356,-0.539821,-0.0758457],[-0.264217,-0.280694,-0.922714],[0.476811,0.793602,-0.377951]],[[0.838356,-0.539821,-0.0758457],[-0.519183,-0.748287,-0.412935],[0.166157,0.385564,-0.907597]]],"btipPosition":[-43.053,280.354,9.00482],"carpPosition":[-4.5565,323.204,86.1235],"dipPosition":[-39.9724,287.502,-7.8226],"direction":[-0.476811,-0.793602,0.377951],"extended":false,"handId":884,"id":8842,"length":66.1101,"mcpPosition":[-7.88437,333.684,18.1726],"pipPosition":[-26.595,309.768,-18.4264],"stabilizedTipPosition":[-50.171,256.171,143.123],"timeVisible":1.00324,"tipPosition":[-42.3967,281.946,4.98159],"tipVelocity":[62.1816,-12.3403,-155.262],"tool":false,"touchDistance":0.333333,"touchZone":"none","type":2,"width":18.7431},{"bases":[[[0.791506,-0.610949,0.0160862],[0.604731,0.786716,0.124006],[-0.0884164,-0.0884234,0.992151]],[[0.786244,-0.614539,0.0645224],[0.501776,0.574036,-0.647073],[0.360613,0.541133,0.759693]],[[0.786244,-0.614539,0.0645224],[-0.195697,-0.34669,-0.917338],[0.586109,0.708624,-0.392847]],[[0.786244,-0.614539,0.0645224],[-0.540266,-0.73436,-0.410887],[0.299889,0.288198,-0.9094]]],"btipPosition":[-25.9957,274.566,16.6239],"carpPosition":[5.98385,317.636,83.9286],"dipPosition":[-20.4676,279.879,-0.140039],"direction":[-0.586109,-0.708624,0.392847],"extended":false,"handId":884,"id":8843,"length":63.5667,"mcpPosition":[11.4482,323.101,22.6116],"pipPosition":[-4.44837,299.247,-10.8771],"stabilizedTipPosition":[-37.5382,241.929,171.597],"timeVisible":1.00324,"tipPosition":[-24.7132,275.763,12.3847],"tipVelocity":[58.0688,-13.9709,-153.325],"tool":false,"touchDistance":0.333333,"touchZone":"none","type":3,"width":17.8352},{"bases":[[[0.665081,-0.738611,0.110097],[0.710275,0.671191,0.212162],[-0.230601,-0.0629058,0.971013]],[[0.605567,-0.736279,0.301961],[0.72847,0.360136,-0.582781],[0.320343,0.572883,0.754444]],[[0.605567,-0.736279,0.301961],[-0.0871001,-0.43849,-0.894506],[0.791013,0.515383,-0.329665]],[[0.605567,-0.736279,0.301961],[-0.588405,-0.669738,-0.453023],[0.535786,0.0966604,-0.838803]]],"btipPosition":[-8.88207,277.802,22.0422],"carpPosition":[13.4769,305.778,83.2867],"dipPosition":[0.229639,279.445,7.77736],"direction":[-0.791013,-0.515383,0.329665],"extended":false,"handId":884,"id":8844,"length":49.8351,"mcpPosition":[26.6695,309.377,27.7355],"pipPosition":[15.494,289.391,1.41576],"stabilizedTipPosition":[-24.6273,253.783,166.117],"timeVisible":1.00324,"tipPosition":[-6.71965,278.014,18.5536],"tipVelocity":[49.7764,-19.0031,-131.214],"tool":false,"touchDistance":0.333333,"touchZone":"none","type":4,"width":15.8426}],"r":[[0.581115,-0.715125,0.388462],[0.812683,0.484678,-0.323472],[0.0430443,0.50367,0.862823]],"s":0.728072,"t":[62.2516,65.2481,-184.837],"timestamp":607247250120},false],[3,{"currentFrameRate":108.699,"devices":[],"gestures":[],"hands":[{"armBasis":[[0.829087,-0.0947956,-0.551025],[0.396261,0.794897,0.459474],[0.394452,-0.599293,0.696602]],"armWidth":62.8676,"confidence":0.838892,"direction":[0.0437845,0.276653,-0.959972],"elbow":[103.763,148.332,276.739],"grabStrength":0,"id":884,"palmNormal":[-0.413873,-0.869538,-0.269468],"palmPosition":[-7.58423,322.086,39.4538],"palmVelocity":[51.1451,-13.4624,-140.409],"palmWidth":89.7729,"pinchStrength":1,"r":[[0.577789,-0.716815,0.390303],[0.815189,0.483192,-0.319362],[0.0403322,0.502695,0.863523]],"s":0.728695,"sphereCenter":[-35.2419,301.107,8.43558],"sphereRadius":46.239,"stabilizedPalmPosition":[-12.7777,312.288,149.236],"t":[62.6871,65.1926,-186.038],"timeVisible":1.01232,"type":"right","wrist":[-1.31445,307.976,91.1726]}],"id":4456727,"interactionBox":{"center":[0,200,0],"size":[235.247,235.247,147.751]},"pointables":[{"bases":[[[0.744615,0.6671,0.0229436],[-0.563782,0.610147,0.556661],[0.357349,-0.427433,0.830423]],[[0.609265,0.762279,-0.218463],[-0.742287,0.645166,0.181025],[0.278937,0.0518699,0.958908]],[[0.609265,0.762279,-0.218463],[-0.792939,0.587984,-0.15976],[0.00667127,0.270564,0.962679]],[[0.609265,0.762279,-0.218463],[-0.769796,0.502461,-0.393633],[-0.190289,0.407999,0.892932]]],"btipPosition":[-41.0156,288.207,-6.53644],"carpPosition":[-31.4474,309.284,93.692],"dipPosition":[-45.4094,297.627,14.0818],"direction":[-0.00667127,-0.270564,-0.962679],"extended":false,"handId":884,"id":8840,"length":51.4192,"mcpPosition":[-31.4474,309.284,93.692],"pipPosition":[-45.185,306.729,46.4659],"stabilizedTipPosition":[-52.0271,282.908,108.268],"timeVisible":1.01232,"tipPosition":[-41.6949,289.785,-1.76669],"tipVelocity":[60.1481,15.3348,-163.575],"tool":false,"touchDistance":-0.506764,"touchZone":"touching","type":0,"width":19.9791},{"bases":[[[0.903724,-0.356846,-0.236523],[0.393049,0.910563,0.128009],[0.16969,-0.20865,0.963157]],[[0.914469,-0.372518,-0.158038],[0.399571,0.892983,0.207181],[0.0639464,-0.252608,0.965453]],[[0.914469,-0.372518,-0.158038],[0.389688,0.915943,0.095878],[0.109037,-0.149263,0.982767]],[[0.914469,-0.372518,-0.158038],[0.377744,0.925904,0.0032844],[0.145104,-0.0627013,0.987428]]],"btipPosition":[-35.8391,356.193,-62.7682],"carpPosition":[-15.7653,325.724,88.1476],"dipPosition":[-33.393,355.136,-46.1231],"direction":[-0.109037,0.149263,-0.982767],"extended":true,"handId":884,"id":8841,"length":58.0209,"mcpPosition":[-28.0823,340.869,18.2364],"pipPosition":[-30.7928,351.576,-22.687],"stabilizedTipPosition":[-51.6711,343.755,52.5707],"timeVisible":1.01232,"tipPosition":[-35.2465,354.926,-59.0876],"tipVelocity":[105.135,16.9173,-147.56],"tool":false,"touchDistance":-0.502509,"touchZone":"touching","type":1,"width":19.0841},{"bases":[[[0.838006,-0.53172,-0.122556],[0.543806,0.832324,0.107294],[0.0449559,-0.15656,0.986645]],[[0.839197,-0.538606,-0.0751795],[0.379543,0.679068,-0.628342],[0.389481,0.498769,0.774296]],[[0.839197,-0.538606,-0.0751795],[-0.259921,-0.275811,-0.925402],[0.477692,0.796136,-0.371455]],[[0.839197,-0.538606,-0.0751795],[-0.516785,-0.74676,-0.418668],[0.169356,0.390196,-0.905022]]],"btipPosition":[-42.5015,280.573,7.42393],"carpPosition":[-4.34288,323.086,84.9603],"dipPosition":[-39.3616,287.807,-9.35575],"direction":[-0.477692,-0.796136,0.371455],"extended":false,"handId":884,"id":8842,"length":66.1101,"mcpPosition":[-7.43741,333.863,17.0448],"pipPosition":[-25.9594,310.143,-19.7773],"stabilizedTipPosition":[-50.1708,256.172,143.12],"timeVisible":1.01232,"tipPosition":[-41.8344,282.173,3.45255],"tipVelocity":[62.2059,-1.66036,-160.16],"tool":false,"touchDistance":0.333333,"touchZone":"none","type":2,"width":18.7431},{"bases":[[[0.792093,-0.610185,0.0162355],[0.603444,0.786793,0.129661],[-0.0918912,-0.0929063,0.991425]],[[0.786693,-0.613978,0.0643806],[0.502371,0.57608,-0.644791],[0.358799,0.539595,0.761643]],[[0.786693,-0.613978,0.0643806],[-0.194169,-0.345078,-0.91827],[0.586014,0.709896,-0.390685]],[[0.786693,-0.613978,0.0643806],[-0.53892,-0.73388,-0.413503],[0.30113,0.290604,-0.908224]]],"btipPosition":[-25.4939,274.735,15.3522],"carpPosition":[6.21121,317.539,82.7788],"dipPosition":[-19.9429,280.092,-1.39007],"direction":[-0.586014,-0.709896,0.390685],"extended":false,"handId":884,"id":8843,"length":63.5667,"mcpPosition":[11.8903,323.281,21.5066],"pipPosition":[-3.92627,299.494,-12.0681],"stabilizedTipPosition":[-37.5379,241.93,171.594],"timeVisible":1.01232,"tipPosition":[-24.1962,275.948,11.0728],"tipVelocity":[57.4608,-4.66027,-149.521],"tool":false,"touchDistance":0.333333,"touchZone":"none","type":3,"width":17.8352},{"bases":[[[0.665466,-0.738394,0.109225],[0.708793,0.670989,0.217685],[-0.234026,-0.0674443,0.969888]],[[0.607076,-0.737375,0.296204],[0.726413,0.363841,-0.583046],[0.322152,0.56912,0.756519]],[[0.607076,-0.737375,0.296204],[-0.0906494,-0.434579,-0.89606],[0.789456,0.517126,-0.330665]],[[0.607076,-0.737375,0.296204],[-0.589715,-0.667896,-0.454039],[0.53263,0.10096,-0.840305]]],"btipPosition":[-8.42332,277.999,20.9038],"carpPosition":[13.7191,305.691,82.1114],"dipPosition":[0.634713,279.716,6.61336],"direction":[-0.789456,-0.517126,0.330665],"extended":false,"handId":884,"id":8844,"length":49.8351,"mcpPosition":[27.1077,309.55,26.6245],"pipPosition":[15.869,289.695,0.232457],"stabilizedTipPosition":[-24.6269,253.784,166.114],"timeVisible":1.01232,"tipPosition":[-6.24946,278.225,17.3407],"tipVelocity":[49.6129,-7.20768,-129.795],"tool":false,"touchDistance":0.333333,"touchZone":"none","type":4,"width":15.8426}],"r":[[0.577789,-0.716815,0.390303],[0.815189,0.483192,-0.319362],[0.0403322,0.502695,0.863523]],"s":0.728695,"t":[62.6871,65.1926,-186.038],"timestamp":607247259196},false],[4,{"currentFrameRate":108.816,"devices":[],"gestures":[],"hands":[{"armBasis":[[0.829818,-0.0956566,-0.549775],[0.395811,0.795372,0.459039],[0.393365,-0.598526,0.697876]],"armWidth":62.8676,"confidence":0.822627,"direction":[0.0467676,0.278487,-0.959301],"elbow":[103.664,148.414,276.269],"grabStrength":0,"id":884,"palmNormal":[-0.413565,-0.86878,-0.272371],"palmPosition":[-7.23325,322.068,38.6532],"palmVelocity":[47.8398,-10.327,-126.363],"palmWidth":89.7729,"pinchStrength":1,"r":[[0.574809,-0.718379,0.391825],[0.817419,0.482027,-0.315399],[0.0377057,0.501579,0.86429]],"s":0.729229,"sphereCenter":[-34.9832,301.406,7.57387],"sphereRadius":46.2058,"stabilizedPalmPosition":[-12.7768,312.29,149.218],"t":[63.0804,65.1557,-187.039],"timeVisible":1.0213,"type":"right","wrist":[-1.12378,307.854,90.3628]}],"id":4456728,"interactionBox":{"center":[0,200,0],"size":[235.247,235.247,147.751]},"pointables":[{"bases":[[[0.744919,0.666631,0.0264297],[-0.565077,0.609387,0.55618],[0.354661,-0.429244,0.830642]],[[0.61069,0.762216,-0.214674],[-0.741706,0.645539,0.182075],[0.277361,0.0480337,0.959564]],[[0.61069,0.762216,-0.214674],[-0.791859,0.589201,-0.160627],[0.0040535,0.268085,0.963387]],[[0.61069,0.762216,-0.214674],[-0.767972,0.503982,-0.395248],[-0.193072,0.406238,0.893137]]],"btipPosition":[-40.6015,288.41,-7.4934],"carpPosition":[-31.2633,309.174,92.7959],"dipPosition":[-45.0596,297.79,13.1296],"direction":[-0.0040535,-0.268085,-0.963387],"extended":false,"handId":884,"id":8840,"length":51.4192,"mcpPosition":[-31.2633,309.174,92.7959],"pipPosition":[-44.9233,306.808,45.5375],"stabilizedTipPosition":[-52.0263,282.908,108.259],"timeVisible":1.0213,"tipPosition":[-41.2907,289.968,-2.72653],"tipVelocity":[55.8497,17.0514,-147.918],"tool":false,"touchDistance":-0.498759,"touchZone":"touching","type":0,"width":19.9791},{"bases":[[[0.904217,-0.3569,-0.234552],[0.393182,0.910091,0.130931],[0.166734,-0.210612,0.963246]],[[0.91471,-0.372707,-0.156191],[0.399477,0.892316,0.210214],[0.0610229,-0.25468,0.965098]],[[0.91471,-0.372707,-0.156191],[0.389914,0.915536,0.0987974],[0.106176,-0.151272,0.982773]],[[0.91471,-0.372707,-0.156191],[0.378221,0.925695,0.00607635],[0.14232,-0.0646326,0.987708]]],"btipPosition":[-35.1758,356.396,-63.5825],"carpPosition":[-15.5556,325.616,87.3296],"dipPosition":[-32.7767,355.306,-46.9326],"direction":[-0.106176,0.151272,-0.982773],"extended":true,"handId":884,"id":8841,"length":58.0209,"mcpPosition":[-27.6581,340.903,17.4119],"pipPosition":[-30.2448,351.699,-23.4964],"stabilizedTipPosition":[-51.5203,343.865,51.5767],"timeVisible":1.0213,"tipPosition":[-34.5917,355.134,-59.9015],"tipVelocity":[96.2325,18.2422,-131.937],"tool":false,"touchDistance":-0.492789,"touchZone":"touching","type":1,"width":19.0841},{"bases":[[[0.838064,-0.531957,-0.121118],[0.543955,0.831806,0.110508],[0.0419613,-0.158496,0.986468]],[[0.839112,-0.538933,-0.0737673],[0.381788,0.680104,-0.625856],[0.387464,0.497,0.776442]],[[0.839112,-0.538933,-0.0737673],[-0.257433,-0.273985,-0.926639],[0.479185,0.796544,-0.368644]],[[0.839112,-0.538933,-0.0737673],[-0.516025,-0.74577,-0.421362],[0.172072,0.391636,-0.903888]]],"btipPosition":[-42.0743,280.644,6.44472],"carpPosition":[-4.12541,322.978,84.1709],"dipPosition":[-38.8839,287.905,-10.3139],"direction":[-0.479185,-0.796544,0.368644],"extended":false,"handId":884,"id":8842,"length":66.1101,"mcpPosition":[-7.0138,333.888,16.2676],"pipPosition":[-25.4399,310.253,-20.6566],"stabilizedTipPosition":[-50.1706,256.173,143.116],"timeVisible":1.0213,"tipPosition":[-41.3963,282.249,2.4778],"tipVelocity":[58.5506,1.15294,-146.003],"tool":false,"touchDistance":0.333333,"touchZone":"none","type":2,"width":18.7431},{"bases":[[[0.791699,-0.610664,0.0173848],[0.603502,0.786198,0.132963],[-0.0948635,-0.0947747,0.990969]],[[0.786161,-0.614545,0.0654608],[0.504573,0.577075,-0.642176],[0.35687,0.537884,0.763757]],[[0.786161,-0.614545,0.0654608],[-0.191726,-0.343209,-0.919483],[0.58753,0.710311,-0.387642]],[[0.786161,-0.614545,0.0654608],[-0.538159,-0.7328,-0.4164],[0.303866,0.29213,-0.906822]]],"btipPosition":[-25.0963,274.776,14.4091],"carpPosition":[6.43195,317.429,82.0097],"dipPosition":[-19.4949,280.161,-2.30729],"direction":[-0.58753,-0.710311,0.387642],"extended":false,"handId":884,"id":8843,"length":63.5667,"mcpPosition":[12.2947,323.286,20.7658],"pipPosition":[-3.43681,299.575,-12.9021],"stabilizedTipPosition":[-37.5375,241.931,171.589],"timeVisible":1.0213,"tipPosition":[-23.7867,275.996,10.1395],"tipVelocity":[54.2007,-1.91766,-137.143],"tool":false,"touchDistance":0.333333,"touchZone":"none","type":3,"width":17.8352},{"bases":[[[0.664726,-0.738981,0.109752],[0.708525,0.670164,0.221072],[-0.23692,-0.0691904,0.969062]],[[0.612236,-0.739549,0.279704],[0.713942,0.365051,-0.597515],[0.339785,0.565513,0.751493]],[[0.612236,-0.739549,0.279704],[-0.110449,-0.430278,-0.895914],[0.782923,0.517618,-0.345114]],[[0.612236,-0.739549,0.279704],[-0.596965,-0.664315,-0.449799],[0.51846,0.108409,-0.848202]]],"btipPosition":[-8.28982,277.976,20.7695],"carpPosition":[13.9352,305.579,81.3415],"dipPosition":[0.527232,279.82,6.34479],"direction":[-0.782923,-0.517618,0.345114],"extended":false,"handId":884,"id":8844,"length":49.8351,"mcpPosition":[27.4892,309.537,25.9018],"pipPosition":[15.6354,289.808,-0.31492],"stabilizedTipPosition":[-24.6265,253.784,166.11],"timeVisible":1.0213,"tipPosition":[-6.0385,278.244,16.9762],"tipVelocity":[38.3985,-5.05323,-99.2635],"tool":false,"touchDistance":0.333333,"touchZone":"none","type":4,"width":15.8426}],"r":[[0.574809,-0.718379,0.391825],[0.817419,0.482027,-0.315399],[0.0377057,0.501579,0.86429]],"s":0.729229,"t":[63.0804,65.1557,-187.039],"timestamp":607247268176},false],[5,{"currentFrameRate":108.872,"devices":[],"gestures":[],"hands":[{"armBasis":[[0.828405,-0.106182,-0.549973],[0.401016,0.797937,0.44998],[0.391064,-0.593314,0.703596]],"armWidth":62.8676,"confidence":0.828467,"direction":[0.0497326,0.279964,-0.958721],"elbow":[103.462,149.474,276.448],"grabStrength":0,"id":884,"palmNormal":[-0.417825,-0.866043,-0.274575],"palmPosition":[-6.66701,321.866,37.3252],"palmVelocity":[51.8511,-13.6406,-131.85],"palmWidth":89.7729,"pinchStrength":1,"r":[[0.571522,-0.720387,0.392945],[0.819802,0.480319,-0.311799],[0.035877,0.500337,0.865087]],"s":0.729719,"sphereCenter":[-34.2407,301.212,6.14923],"sphereRadius":46.1451,"stabilizedPalmPosition":[-12.7757,312.292,149.197],"t":[63.5601,65.036,-188.204],"timeVisible":1.03038,"type":"right","wrist":[-0.713192,307.526,89.0181]}],"id":4456729,"interactionBox":{"center":[0,200,0],"size":[235.247,235.247,147.751]},"pointables":[{"bases":[[[0.748459,0.662556,0.0287699],[-0.562633,0.611419,0.556427],[0.351074,-0.43265,0.830398]],[[0.615741,0.759046,-0.211454],[-0.737203,0.649703,0.185519],[0.2782,0.0416533,0.95962]],[[0.615741,0.759046,-0.211454],[-0.787938,0.594564,-0.16015],[0.00416215,0.265224,0.964178]],[[0.615741,0.759046,-0.211454],[-0.76393,0.509317,-0.396242],[-0.193068,0.405518,0.893465]]],"btipPosition":[-40.2321,288.666,-8.91832],"carpPosition":[-30.8488,309.003,91.4079],"dipPosition":[-44.6902,298.03,11.7123],"direction":[-0.00416215,-0.265224,-0.964178],"extended":false,"handId":884,"id":8840,"length":51.4192,"mcpPosition":[-30.8488,309.003,91.4079],"pipPosition":[-44.5502,306.952,44.1468],"stabilizedTipPosition":[-52.0253,282.909,108.248],"timeVisible":1.03038,"tipPosition":[-40.9098,290.19,-4.15607],"tipVelocity":[51.6468,20.0297,-150.339],"tool":false,"touchDistance":-0.498564,"touchZone":"touching","type":0,"width":19.9791},{"bases":[[[0.902637,-0.361346,-0.233827],[0.39788,0.907719,0.133179],[0.164126,-0.213248,0.963114]],[[0.912914,-0.377327,-0.155604],[0.403971,0.889751,0.212487],[0.0582715,-0.256842,0.964695]],[[0.912914,-0.377327,-0.155604],[0.394682,0.913248,0.10101],[0.103991,-0.153628,0.982642]],[[0.912914,-0.377327,-0.155604],[0.383163,0.923644,0.00821672],[0.140622,-0.0671229,0.987785]]],"btipPosition":[-34.278,356.531,-64.8883],"carpPosition":[-15.0445,325.37,85.9953],"dipPosition":[-31.9075,355.4,-48.2371],"direction":[-0.103991,0.153628,-0.982642],"extended":true,"handId":884,"id":8841,"length":58.0209,"mcpPosition":[-26.9576,340.849,16.0872],"pipPosition":[-29.4276,351.736,-24.804],"stabilizedTipPosition":[-51.34,343.991,50.4348],"timeVisible":1.03038,"tipPosition":[-33.7024,355.273,-61.2073],"tipVelocity":[96.7527,17.0261,-135.196],"tool":false,"touchDistance":-0.491426,"touchZone":"touching","type":1,"width":19.0841},{"bases":[[[0.835369,-0.536248,-0.120812],[0.548261,0.82866,0.112843],[0.0396002,-0.160502,0.986241]],[[0.836307,-0.543309,-0.0735176],[0.385528,0.678107,-0.625731],[0.389818,0.494961,0.776566]],[[0.836307,-0.543309,-0.0735176],[-0.259171,-0.2736,-0.926268],[0.483136,0.793699,-0.369624]],[[0.836307,-0.543309,-0.0735176],[-0.519999,-0.743538,-0.420419],[0.173754,0.389828,-0.904347]]],"btipPosition":[-41.6641,280.69,5.16869],"carpPosition":[-3.62382,322.676,82.8491],"dipPosition":[-38.4426,287.918,-11.5985],"direction":[-0.483136,-0.793699,0.369624],"extended":false,"handId":884,"id":8842,"length":66.1101,"mcpPosition":[-6.34968,333.724,14.9615],"pipPosition":[-24.8878,310.186,-21.9687],"stabilizedTipPosition":[-50.1702,256.174,143.111],"timeVisible":1.03038,"tipPosition":[-40.9787,282.297,1.14063],"tipVelocity":[55.0602,2.02567,-144.531],"tool":false,"touchDistance":0.333333,"touchZone":"none","type":2,"width":18.7431},{"bases":[[[0.788369,-0.614955,0.0174775],[0.607526,0.782691,0.135305],[-0.096886,-0.0960524,0.99065]],[[0.78275,-0.618886,0.0654465],[0.508811,0.575859,-0.63992],[0.358349,0.534197,0.76565]],[[0.78275,-0.618886,0.0654465],[-0.192058,-0.340252,-0.920512],[0.59196,0.707961,-0.385194]],[[0.78275,-0.618886,0.0654465],[-0.541507,-0.729138,-0.418482],[0.306712,0.292127,-0.905864]]],"btipPosition":[-24.7353,274.727,12.945],"carpPosition":[6.90677,317.074,80.6939],"dipPosition":[-19.0813,280.113,-3.75374],"direction":[-0.59196,-0.707961,0.385194],"extended":false,"handId":884,"id":8843,"length":63.5667,"mcpPosition":[12.8945,323.011,19.4697],"pipPosition":[-2.9022,299.462,-14.2816],"stabilizedTipPosition":[-37.537,241.932,171.584],"timeVisible":1.03038,"tipPosition":[-23.4182,275.944,8.69889],"tipVelocity":[50.5684,-2.87254,-143.67],"tool":false,"touchDistance":0.333333,"touchZone":"none","type":3,"width":17.8352},{"bases":[[[0.660566,-0.742752,0.109419],[0.711788,0.665933,0.223363],[-0.238769,-0.069663,0.968574]],[[0.608325,-0.743435,0.277932],[0.716205,0.363271,-0.59589],[0.342041,0.561551,0.753438]],[[0.608325,-0.743435,0.277932],[-0.112024,-0.427097,-0.89724],[0.785743,0.514678,-0.343096]],[[0.608325,-0.743435,0.277932],[-0.600086,-0.660003,-0.451987],[0.519459,0.108172,-0.847621]]],"btipPosition":[-7.92229,277.809,19.3548],"carpPosition":[14.347,305.185,80.0155],"dipPosition":[0.911749,279.648,4.93999],"direction":[-0.785743,-0.514678,0.343096],"extended":false,"handId":884,"id":8844,"length":49.8351,"mcpPosition":[28.0069,309.17,24.6038],"pipPosition":[16.0744,289.58,-1.68079],"stabilizedTipPosition":[-24.6261,253.785,166.107],"timeVisible":1.03038,"tipPosition":[-5.67362,278.077,15.5728],"tipVelocity":[39.0879,-8.78853,-114.823],"tool":false,"touchDistance":0.333333,"touchZone":"none","type":4,"width":15.8426}],"r":[[0.571522,-0.720387,0.392945],[0.819802,0.480319,-0.311799],[0.035877,0.500337,0.865087]],"s":0.729719,"t":[63.5601,65.036,-188.204],"timestamp":607247277260},false],[6,{"currentFrameRate":108.963,"devices":[],"gestures":[],"hands":[{"armBasis":[[0.827577,-0.112609,-0.549941],[0.403489,0.800433,0.443288],[0.390273,-0.58875,0.707856]],"armWidth":62.8676,"confidence":0.795215,"direction":[0.054617,0.281448,-0.958021],"elbow":[103.393,150.41,276.348],"grabStrength":0,"id":884,"palmNormal":[-0.419832,-0.86405,-0.277775],"palmPosition":[-6.26408,321.697,36.092],"palmVelocity":[49.8851,-15.0311,-133.214],"palmWidth":89.7729,"pinchStrength":1,"r":[[0.568047,-0.722535,0.394037],[0.822291,0.478459,-0.308083],[0.0340705,0.499019,0.865921]],"s":0.730228,"sphereCenter":[-33.5833,301.036,4.76381],"sphereRadius":46.0801,"stabilizedPalmPosition":[-12.7744,312.294,149.174],"t":[64.0014,64.8919,-189.403],"timeVisible":1.0394,"type":"right","wrist":[-0.571028,307.246,87.7833]}],"id":4456730,"interactionBox":{"center":[0,200,0],"size":[235.247,235.247,147.751]},"pointables":[{"bases":[[[0.750721,0.659797,0.0329512],[-0.562669,0.61248,0.555222],[0.346152,-0.435357,0.831049]],[[0.620214,0.756812,-0.206327],[-0.734052,0.652687,0.187528],[0.27659,0.0351471,0.960345]],[[0.620214,0.756812,-0.206327],[-0.784432,0.598826,-0.161477],[0.00134598,0.261999,0.965067]],[[0.620214,0.756812,-0.206327],[-0.759457,0.513479,-0.399456],[-0.196369,0.404444,0.893233]]],"btipPosition":[-39.8436,288.945,-10.3325],"carpPosition":[-30.7106,308.828,90.054],"dipPosition":[-44.3779,298.284,10.2928],"direction":[-0.00134598,-0.261999,-0.965067],"extended":false,"handId":884,"id":8840,"length":51.4192,"mcpPosition":[-30.7106,308.828,90.054],"pipPosition":[-44.3326,307.097,42.7571],"stabilizedTipPosition":[-52.0241,282.91,108.236],"timeVisible":1.0394,"tipPosition":[-40.5302,290.423,-5.57534],"tipVelocity":[48.7624,22.8488,-152.177],"tool":false,"touchDistance":-0.498272,"touchZone":"touching","type":0,"width":19.9791},{"bases":[[[0.902266,-0.364198,-0.230815],[0.400609,0.906043,0.136374],[0.159461,-0.215512,0.963393]],[[0.912151,-0.380314,-0.152782],[0.406327,0.887922,0.215621],[0.0536544,-0.258759,0.964451]],[[0.912151,-0.380314,-0.152782],[0.397527,0.911687,0.103923],[0.0997655,-0.155529,0.982781]],[[0.912151,-0.380314,-0.152782],[0.386366,0.922281,0.0109181],[0.136755,-0.0689886,0.9882]]],"btipPosition":[-33.3588,356.631,-66.1699],"carpPosition":[-14.8255,325.147,84.7339],"dipPosition":[-31.0535,355.468,-49.5118],"direction":[-0.0997655,0.155529,-0.982781],"extended":true,"handId":884,"id":8841,"length":58.0209,"mcpPosition":[-26.4001,340.791,14.8056],"pipPosition":[-28.6744,351.759,-26.0753],"stabilizedTipPosition":[-51.1331,344.129,49.1748],"timeVisible":1.0394,"tipPosition":[-32.7935,355.39,-62.4862],"tipVelocity":[97.7314,15.1597,-137.067],"tool":false,"touchDistance":-0.489817,"touchZone":"touching","type":1,"width":19.0841},{"bases":[[[0.833912,-0.539052,-0.118379],[0.550785,0.826476,0.116507],[0.0350339,-0.162358,0.98611]],[[0.834633,-0.546192,-0.0711396],[0.389704,0.676844,-0.62451],[0.389253,0.493513,0.77777]],[[0.834633,-0.546192,-0.0711396],[-0.257773,-0.273192,-0.926779],[0.486765,0.791859,-0.368809]],[[0.834633,-0.546192,-0.0711396],[-0.521436,-0.741899,-0.421533],[0.17746,0.38892,-0.904018]]],"btipPosition":[-41.2717,280.697,3.87151],"carpPosition":[-3.40204,322.418,81.6291],"dipPosition":[-37.9814,287.908,-12.8896],"direction":[-0.486765,-0.791859,0.368809],"extended":false,"handId":884,"id":8842,"length":66.1101,"mcpPosition":[-5.81359,333.593,13.7505],"pipPosition":[-24.3248,310.124,-23.2369],"stabilizedTipPosition":[-50.1699,256.175,143.105],"timeVisible":1.0394,"tipPosition":[-40.5668,282.31,-0.200337],"tipVelocity":[52.3747,1.54459,-144.317],"tool":false,"touchDistance":0.333333,"touchZone":"none","type":2,"width":18.7431},{"bases":[[[0.786069,-0.617828,0.0195821],[0.609792,0.780254,0.139127],[-0.101236,-0.0974225,0.990081]],[[0.780266,-0.621811,0.0673529],[0.513895,0.575989,-0.635726],[0.356507,0.530648,0.76897]],[[0.780266,-0.621811,0.0673529],[-0.189249,-0.337361,-0.922156],[0.596129,0.70678,-0.380909]],[[0.780266,-0.621811,0.0673529],[-0.542546,-0.726483,-0.421742],[0.311175,0.292529,-0.904211]]],"btipPosition":[-24.3713,274.701,11.499],"carpPosition":[7.11691,316.781,79.5067],"dipPosition":[-18.6351,280.093,-5.16934],"direction":[-0.596129,-0.70678,0.380909],"extended":false,"handId":884,"id":8843,"length":63.5667,"mcpPosition":[13.3735,322.802,18.3176],"pipPosition":[-2.34204,299.41,-15.5801],"stabilizedTipPosition":[-37.5365,241.933,171.578],"timeVisible":1.0394,"tipPosition":[-23.0463,275.908,7.29806],"tipVelocity":[48.3431,-2.85129,-148.063],"tool":false,"touchDistance":0.333333,"touchZone":"none","type":3,"width":17.8352},{"bases":[[[0.657436,-0.745322,0.110783],[0.713276,0.662968,0.2274],[-0.242932,-0.0704823,0.967479]],[[0.606703,-0.746478,0.273281],[0.715588,0.363146,-0.596707],[0.346187,0.557581,0.754492]],[[0.606703,-0.746478,0.273281],[-0.118183,-0.424662,-0.897605],[0.786094,0.512282,-0.345865]],[[0.606703,-0.746478,0.273281],[-0.605033,-0.656608,-0.450334],[0.515603,0.107875,-0.85001]]],"btipPosition":[-7.60007,277.727,18.2967],"carpPosition":[14.5169,304.867,78.8375],"dipPosition":[1.16839,279.561,3.84126],"direction":[-0.786094,-0.512282,0.345865],"extended":false,"handId":884,"id":8844,"length":49.8351,"mcpPosition":[28.415,308.899,23.4884],"pipPosition":[16.3378,289.447,-2.83295],"stabilizedTipPosition":[-24.6256,253.786,166.103],"timeVisible":1.0394,"tipPosition":[-5.36372,277.982,14.4499],"tipVelocity":[37.7091,-8.90358,-115.812],"tool":false,"touchDistance":0.333333,"touchZone":"none","type":4,"width":15.8426}],"r":[[0.568047,-0.722535,0.394037],[0.822291,0.478459,-0.308083],[0.0340705,0.499019,0.8