{"sensorType":"Leap","data":[[0,{"currentFrameRate":101.054,"devices":[],"gestures":[],"hands":[{"armBasis":[[0.672941,-0.362462,-0.644804],[0.633574,0.732328,0.249559],[0.381753,-0.576469,0.72246]],"armWidth":62.8676,"confidence":0.893153,"direction":[0.0388704,0.30169,-0.952614],"elbow":[103.619,147.501,283.048],"grabStrength":0,"id":891,"palmNormal":[-0.633289,-0.729988,-0.257026],"palmPosition":[-4.51665,318.64,39.968],"palmVelocity":[5.03394,20.0225,-116.149],"palmWidth":89.7729,"pinchStrength":1,"r":[[0.918891,-0.116849,0.37681],[0.280488,0.865165,-0.415711],[-0.277427,0.487683,0.827768]],"s":0.773554,"sphereCenter":[-26.0689,285.541,9.10658],"sphereRadius":45.602,"stabilizedPalmPosition":[-60.1655,281.735,250.447],"t":[65.7693,42.2227,-230.924],"timeVisible":0.705164,"type":"right","wrist":[1.92475,301.066,90.593]}],"id":4459829,"interactionBox":{"center":[0,200,0],"size":[235.247,235.247,147.751]},"pointables":[{"bases":[[[0.885044,0.465012,-0.0214579],[-0.354011,0.702278,0.617642],[0.302281,-0.539044,0.786167]],[[0.727884,0.621569,-0.289547],[-0.550193,0.781429,0.294375],[0.409234,-0.054964,0.910772]],[[0.727884,0.621569,-0.289547],[-0.675726,0.721972,-0.148833],[0.116534,0.303987,0.945522]],[[0.727884,0.621569,-0.289547],[-0.657521,0.512883,-0.551922],[-0.194554,0.592118,0.782014]]],"btipPosition":[-46.2773,288.327,0.926728],"carpPosition":[-26.6948,309.518,95.6462],"dipPosition":[-50.7696,301.999,18.9838],"direction":[-0.116534,-0.303987,-0.945522],"extended":false,"handId":891,"id":8910,"length":51.4192,"mcpPosition":[-26.6948,309.518,95.6462],"pipPosition":[-46.8495,312.225,50.7907],"stabilizedTipPosition":[-115.887,275.408,220.282],"timeVisible":0.705164,"tipPosition":[-47.3425,290.747,5.09084],"tipVelocity":[21.2227,7.91375,-117.225],"tool":false,"touchDistance":-0.525971,"touchZone":"hovering","type":0,"width":19.9791},{"bases":[[[0.768492,-0.55391,-0.320318],[0.612715,0.781304,0.118929],[0.18439,-0.287659,0.939815]],[[0.788873,-0.595592,-0.151491],[0.596187,0.801496,-0.0465273],[0.149131,-0.0536129,0.987363]],[[0.788873,-0.595592,-0.151491],[0.57953,0.802987,-0.139127],[0.204508,0.0219597,0.978619]],[[0.788873,-0.595592,-0.151491],[0.563474,0.799378,-0.208549],[0.245309,0.0791579,0.966208]]],"btipPosition":[-36.6339,343.2,-60.4406],"carpPosition":[-7.91648,321.906,89.2531],"dipPosition":[-32.4987,344.534,-44.1531],"direction":[-0.204508,-0.0219597,-0.978619],"extended":true,"handId":891,"id":8911,"length":58.0209,"mcpPosition":[-21.3005,342.785,21.0361],"pipPosition":[-27.6218,345.058,-20.8159],"stabilizedTipPosition":[-106.57,334.77,158.493],"timeVisible":0.705164,"tipPosition":[-36.0675,342.592,-56.5736],"tipVelocity":[25.5657,-16.7901,-133.541],"tool":false,"touchDistance":-0.5776,"touchZone":"hovering","type":1,"width":19.0841},{"bases":[[[0.67055,-0.712704,-0.20595],[0.737717,0.669906,0.0836677],[0.0783369,-0.208036,0.974979]],[[0.67218,-0.717316,-0.183389],[0.406819,0.564783,-0.717996],[0.618606,0.408016,0.671453]],[[0.67218,-0.717316,-0.183389],[-0.556985,-0.326727,-0.763556],[0.487793,0.615392,-0.619154]],[[0.67218,-0.717316,-0.183389],[-0.737368,-0.670926,-0.0783996],[-0.0668032,0.187924,-0.979909]]],"btipPosition":[-45.0164,290.895,21.5523],"carpPosition":[2.24108,316.728,85.057],"dipPosition":[-46.2549,294.379,3.38419],"direction":[-0.487793,-0.615392,0.619154],"extended":false,"handId":891,"id":8912,"length":66.1101,"mcpPosition":[-3.15123,331.048,17.9446],"pipPosition":[-32.5694,311.645,-13.9868],"stabilizedTipPosition":[-97.8702,239.633,255.866],"timeVisible":0.705164,"tipPosition":[-45.7479,291.495,16.5377],"tipVelocity":[23.4484,4.08369,-108.049],"tool":false,"touchDistance":0.333333,"touchZone":"none","type":2,"width":18.7431},{"bases":[[[0.617236,-0.784009,-0.0659465],[0.785861,0.610301,0.0997772],[-0.037979,-0.113411,0.992822]],[[0.617705,-0.782357,-0.0797392],[0.526182,0.486528,-0.697441],[0.584443,0.388855,0.712192]],[[0.617705,-0.782357,-0.0797392],[-0.492964,-0.306213,-0.814383],[0.612721,0.542357,-0.574823]],[[0.617705,-0.782357,-0.0797392],[-0.783508,-0.60355,-0.147792],[0.0674991,0.153768,-0.985799]]],"btipPosition":[-30.4864,281.105,22.9879],"carpPosition":[10.9207,308.896,81.8582],"dipPosition":[-29.2421,283.94,4.81563],"direction":[-0.612721,-0.542357,0.574823],"extended":false,"handId":891,"id":8913,"length":63.5667,"mcpPosition":[13.2679,315.905,20.4997],"pipPosition":[-12.4955,298.763,-10.8951],"stabilizedTipPosition":[-85.0395,238.076,250.918],"timeVisible":0.705164,"tipPosition":[-30.6395,281.458,18.3419],"tipVelocity":[28.8788,10.7569,-97.0807],"tool":false,"touchDistance":0.333333,"touchZone":"none","type":3,"width":17.8352},{"bases":[[[0.470304,-0.881856,0.0338316],[0.865833,0.468496,0.175624],[-0.170725,-0.0533043,0.983876]],[[0.480379,-0.876548,-0.0299998],[0.629174,0.368236,-0.684502],[0.611045,0.309945,0.728394]],[[0.480379,-0.876548,-0.0299998],[-0.494126,-0.242222,-0.834966],[0.724621,0.415924,-0.549483]],[[0.480379,-0.876548,-0.0299998],[-0.860922,-0.464732,-0.20697],[0.167477,0.125251,-0.977887]]],"btipPosition":[-13.1579,277.706,25.7899],"carpPosition":[15.2234,295.626,80.2542],"dipPosition":[-10.3097,279.836,9.1597],"direction":[-0.724621,-0.415924,0.549483],"extended":false,"handId":891,"id":8914,"length":49.8351,"mcpPosition":[24.9905,298.675,23.9671],"pipPosition":[3.67342,287.862,-1.44376],"stabilizedTipPosition":[-68.2066,242.667,236.43],"timeVisible":0.705164,"tipPosition":[-12.913,277.972,21.7748],"tipVelocity":[28.7842,14.7778,-91.6641],"tool":false,"touchDistance":0.333333,"touchZone":"none","type":4,"width":15.8426}],"r":[[0.918891,-0.116849,0.37681],[0.280488,0.865165,-0.415711],[-0.277427,0.487683,0.827768]],"s":0.773554,"t":[65.7693,42.2227,-230.924],"timestamp":607276589153},false],[1,{"currentFrameRate":101.546,"devices":[],"gestures":[],"hands":[{"armBasis":[[0.674212,-0.364027,-0.64259],[0.633344,0.732537,0.249529],[0.379886,-0.575216,0.72444]],"armWidth":62.8676,"confidence":0.895829,"direction":[0.040846,0.301923,-0.952457],"elbow":[103.045,147.813,282.701],"grabStrength":0,"id":891,"palmNormal":[-0.632989,-0.729739,-0.258469],"palmPosition":[-4.48797,318.633,39.086],"palmVelocity":[4.54128,14.36,-111.516],"palmWidth":89.7729,"pinchStrength":1,"r":[[0.917874,-0.113336,0.380345],[0.279857,0.864359,-0.417808],[-0.281402,0.489937,0.825091]],"s":0.774971,"sphereCenter":[-25.9259,285.454,8.15932],"sphereRadius":45.6474,"stabilizedPalmPosition":[-60.1655,281.735,250.447],"t":[65.8235,42.4131,-232.304],"timeVisible":0.714063,"type":"right","wrist":[1.84797,301.044,89.7191]}],"id":4459830,"interactionBox":{"center":[0,200,0],"size":[235.247,235.247,147.751]},"pointables":[{"bases":[[[0.885219,0.464761,-0.0195835],[-0.355031,0.702222,0.61712],[0.300566,-0.539334,0.786625]],[[0.729255,0.621065,-0.287168],[-0.549922,0.781715,0.29412],[0.407151,-0.0565688,0.911607]],[[0.729255,0.621065,-0.287168],[-0.674314,0.723551,-0.147562],[0.116135,0.301252,0.946446]],[[0.729255,0.621065,-0.287168],[-0.655674,0.514285,-0.552813],[-0.195647,0.59143,0.782261]]],"btipPosition":[-46.2203,288.498,-0.0796449],"carpPosition":[-26.779,309.503,94.7177],"dipPosition":[-50.7379,302.155,17.9832],"direction":[-0.116135,-0.301252,-0.946446],"extended":false,"handId":891,"id":8910,"length":51.4192,"mcpPosition":[-26.779,309.503,94.7177],"pipPosition":[-46.8312,312.289,49.8212],"stabilizedTipPosition":[-115.886,275.408,220.28],"timeVisible":0.714063,"tipPosition":[-47.2741,290.888,4.09825],"tipVelocity":[17.0149,10.9041,-116.06],"tool":false,"touchDistance":-0.516783,"touchZone":"hovering","type":0,"width":19.9791},{"bases":[[[0.768965,-0.55405,-0.318937],[0.612704,0.781096,0.120345],[0.182443,-0.287955,0.940105]],[[0.789002,-0.595789,-0.150039],[0.596536,0.801324,-0.0450048],[0.147043,-0.0539945,0.987655]],[[0.789002,-0.595789,-0.150039],[0.580065,0.80285,-0.137682],[0.202488,0.0215991,0.979047]],[[0.789002,-0.595789,-0.150039],[0.564142,0.799264,-0.207174],[0.243353,0.0788179,0.96673]]],"btipPosition":[-36.3911,343.233,-61.381],"carpPosition":[-7.98455,321.887,88.3651],"dipPosition":[-32.2888,344.562,-45.0847],"direction":[-0.202488,-0.0215991,-0.979047],"extended":true,"handId":891,"id":8911,"length":58.0209,"mcpPosition":[-21.2273,342.788,20.1271],"pipPosition":[-27.4601,345.077,-21.7373],"stabilizedTipPosition":[-106.568,334.771,158.487],"timeVisible":0.714063,"tipPosition":[-35.832,342.631,-57.5136],"tipVelocity":[25.8035,-11.2513,-125.901],"tool":false,"touchDistance":-0.562249,"touchZone":"hovering","type":1,"width":19.0841},{"bases":[[[0.670751,-0.712845,-0.204804],[0.737743,0.66967,0.0853026],[0.0763438,-0.20831,0.975079]],[[0.672338,-0.717476,-0.182178],[0.40818,0.564642,-0.717335],[0.617536,0.40793,0.67249]],[[0.672338,-0.717476,-0.182178],[-0.55629,-0.327354,-0.763794],[0.488367,0.614871,-0.619218]],[[0.672338,-0.717476,-0.182178],[-0.737273,-0.671072,-0.078044],[-0.0662597,0.186787,-0.980163]]],"btipPosition":[-44.9158,290.933,20.6335],"carpPosition":[2.1798,316.707,84.1878],"dipPosition":[-46.1443,294.396,2.46064],"direction":[-0.488367,-0.614871,0.619218],"extended":false,"handId":891,"id":8912,"length":66.1101,"mcpPosition":[-3.0753,331.046,17.0685],"pipPosition":[-32.4426,311.647,-14.9121],"stabilizedTipPosition":[-97.8695,239.634,255.863],"timeVisible":0.714063,"tipPosition":[-45.6456,291.525,15.6195],"tipVelocity":[20.2166,3.98466,-106.777],"tool":false,"touchDistance":0.333333,"touchZone":"none","type":2,"width":18.7431},{"bases":[[[0.617139,-0.784171,-0.064925],[0.785838,0.610048,0.101492],[-0.0399799,-0.113655,0.992716]],[[0.617651,-0.782451,-0.0792278],[0.526776,0.486409,-0.697075],[0.583964,0.388814,0.712608]],[[0.617651,-0.782451,-0.0792278],[-0.493648,-0.307298,-0.81356],[0.612225,0.541607,-0.576058]],[[0.617651,-0.782451,-0.0792278],[-0.783671,-0.603871,-0.145604],[0.0660851,0.152021,-0.986165]]],"btipPosition":[-30.3592,281.152,22.1627],"carpPosition":[10.8635,308.873,81.0042],"dipPosition":[-29.141,283.955,3.98365],"direction":[-0.612225,-0.541607,0.576058],"extended":false,"handId":891,"id":8913,"length":63.5667,"mcpPosition":[13.3343,315.897,19.6523],"pipPosition":[-12.408,298.758,-11.7608],"stabilizedTipPosition":[-85.0382,238.077,250.912],"timeVisible":0.714063,"tipPosition":[-30.5231,281.497,17.4858],"tipVelocity":[24.7287,9.04943,-95.9456],"tool":false,"touchDistance":0.333333,"touchZone":"none","type":3,"width":17.8352},{"bases":[[[0.469981,-0.882001,0.0345363],[0.865619,0.4682,0.177461],[-0.172691,-0.053508,0.983522]],[[0.480332,-0.876563,-0.0303022],[0.629895,0.368794,-0.683538],[0.610339,0.309238,0.729286]],[[0.480332,-0.876563,-0.0303022],[-0.494749,-0.242258,-0.834586],[0.724227,0.415871,-0.550043]],[[0.480332,-0.876563,-0.0303022],[-0.861239,-0.464834,-0.205417],[0.165975,0.124766,-0.978205]]],"btipPosition":[-13.0455,277.729,24.9463],"carpPosition":[15.1655,295.602,79.4053],"dipPosition":[-10.2229,279.85,8.31075],"direction":[-0.724227,-0.415871,0.550043],"extended":false,"handId":891,"id":8914,"length":49.8351,"mcpPosition":[25.045,298.664,23.1385],"pipPosition":[3.75261,287.875,-2.30353],"stabilizedTipPosition":[-68.2052,242.668,236.425],"timeVisible":0.714063,"tipPosition":[-12.8132,277.991,20.9093],"tipVelocity":[24.2101,11.3863,-92.5526],"tool":false,"touchDistance":0.333333,"touchZone":"none","type":4,"width":15.8426}],"r":[[0.917874,-0.113336,0.380345],[0.279857,0.864359,-0.417808],[-0.281402,0.489937,0.825091]],"s":0.774971,"t":[65.8235,42.4131,-232.304],"timestamp":607276598052},false],[2,{"currentFrameRate":101.817,"devices":[],"gestures":[],"hands":[{"armBasis":[[0.674861,-0.366783,-0.640338],[0.634192,0.731938,0.249132],[0.377311,-0.574227,0.726567]],"armWidth":62.8676,"confidence":0.90105,"direction":[0.042684,0.302476,-0.952201],"elbow":[102.339,148.159,282.23],"grabStrength":0,"id":891,"palmNormal":[-0.633752,-0.728585,-0.259851],"palmPosition":[-4.40853,318.758,38.0504],"palmVelocity":[5.67012,14.1073,-111.46],"palmWidth":89.7729,"pinchStrength":1,"r":[[0.916902,-0.110852,0.383409],[0.279747,0.863675,-0.419293],[-0.284662,0.491708,0.822916]],"s":0.776424,"sphereCenter":[-25.7365,285.485,7.05006],"sphereRadius":45.7154,"stabilizedPalmPosition":[-60.1654,281.735,250.447],"t":[65.8903,42.5709,-233.512],"timeVisible":0.723366,"type":"right","wrist":[1.82729,301.126,88.6811]}],"id":4459831,"interactionBox":{"center":[0,200,0],"size":[235.247,235.247,147.751]},"pointables":[{"bases":[[[0.885969,0.463395,-0.018011],[-0.354824,0.702375,0.617066],[0.298596,-0.54031,0.786705]],[[0.73175,0.619443,-0.284311],[-0.548231,0.782776,0.294456],[0.40495,-0.0596001,0.912394]],[[0.73175,0.619443,-0.284311],[-0.671434,0.726835,-0.144522],[0.117124,0.29665,0.947777]],[[0.73175,0.619443,-0.284311],[-0.653491,0.519141,-0.550856],[-0.193626,0.588883,0.784682]]],"btipPosition":[-46.2065,288.985,-1.29265],"carpPosition":[-26.7937,309.627,93.6441],"dipPosition":[-50.6774,302.583,16.8261],"direction":[-0.117124,-0.29665,-0.947777],"extended":false,"handId":891,"id":8910,"length":51.4192,"mcpPosition":[-26.7937,309.627,93.6441],"pipPosition":[-46.7374,312.562,48.7088],"stabilizedTipPosition":[-115.886,275.408,220.278],"timeVisible":0.723366,"tipPosition":[-47.2246,291.325,2.92917],"tipVelocity":[12.9562,22.1936,-119.716],"tool":false,"touchDistance":-0.51144,"touchZone":"hovering","type":0,"width":19.9791},{"bases":[[[0.76856,-0.55504,-0.318192],[0.613746,0.780063,0.121731],[0.180644,-0.288847,0.940178]],[[0.788294,-0.596945,-0.149163],[0.597948,0.800377,-0.0430533],[0.145088,-0.0552534,0.987875]],[[0.788294,-0.596945,-0.149163],[0.581606,0.802022,-0.136],[0.200817,0.020454,0.979415]],[[0.788294,-0.596945,-0.149163],[0.565749,0.798503,-0.205719],[0.24191,0.0777778,0.967176]]],"btipPosition":[-36.0997,343.495,-62.4505],"carpPosition":[-7.97083,321.986,87.3265],"dipPosition":[-32.0218,344.806,-46.1468],"direction":[-0.200817,-0.020454,-0.979415],"extended":true,"handId":891,"id":8911,"length":58.0209,"mcpPosition":[-21.083,342.952,19.0832],"pipPosition":[-27.2329,345.294,-22.7906],"stabilizedTipPosition":[-106.566,334.771,158.482],"timeVisible":0.723366,"tipPosition":[-35.5484,342.906,-58.5841],"tipVelocity":[27.1909,-0.250853,-122.761],"tool":false,"touchDistance":-0.550374,"touchZone":"hovering","type":1,"width":19.0841},{"bases":[[[0.669934,-0.713756,-0.204304],[0.738661,0.668465,0.0867964],[0.0746188,-0.209059,0.975052]],[[0.671482,-0.718404,-0.181679],[0.408752,0.56359,-0.717836],[0.618089,0.407752,0.67209]],[[0.671482,-0.718404,-0.181679],[-0.55892,-0.330036,-0.760714],[0.486539,0.612349,-0.623143]],[[0.671482,-0.718404,-0.181679],[-0.737643,-0.671403,-0.0714178],[-0.0706729,0.18197,-0.980761]]],"btipPosition":[-44.6786,291.239,19.7483],"carpPosition":[2.19144,316.793,83.1605],"dipPosition":[-45.9889,294.613,1.56433],"direction":[-0.48654,-0.612349,0.623143],"extended":false,"handId":891,"id":8912,"length":66.1101,"mcpPosition":[-2.94492,331.184,16.0431],"pipPosition":[-32.3385,311.793,-15.9186],"stabilizedTipPosition":[-97.8688,239.635,255.86],"timeVisible":0.723366,"tipPosition":[-45.4459,291.799,14.7077],"tipVelocity":[21.1361,11.5192,-103.573],"tool":false,"touchDistance":0.333333,"touchZone":"none","type":2,"width":18.7431},{"bases":[[[0.61601,-0.785089,-0.0645483],[0.78664,0.608757,0.103016],[-0.0415826,-0.114235,0.992583]],[[0.616579,-0.783232,-0.07986],[0.527716,0.486431,-0.696348],[0.584249,0.38721,0.713247]],[[0.616579,-0.783232,-0.07986],[-0.496129,-0.307785,-0.811864],[0.611299,0.540199,-0.578358]],[[0.616579,-0.783232,-0.07986],[-0.784841,-0.603488,-0.140807],[0.0620898,0.149496,-0.986811]]],"btipPosition":[-30.1697,281.418,21.1975],"carpPosition":[10.8675,308.947,79.9842],"dipPosition":[-29.0251,284.174,3.00655],"direction":[-0.611299,-0.540199,0.578358],"extended":false,"handId":891,"id":8913,"length":63.5667,"mcpPosition":[13.4374,316.007,18.6405],"pipPosition":[-12.3175,298.938,-12.8008],"stabilizedTipPosition":[-85.0368,238.078,250.906],"timeVisible":0.723366,"tipPosition":[-30.3655,281.744,16.4982],"tipVelocity":[22.9828,14.2376,-98.2328],"tool":false,"touchDistance":0.333333,"touchZone":"none","type":3,"width":17.8352},{"bases":[[[0.468557,-0.882754,0.0346382],[0.866091,0.466737,0.179008],[-0.174187,-0.0538755,0.983238]],[[0.479372,-0.877003,-0.0326799],[0.629181,0.369395,-0.68387],[0.611828,0.307266,0.728872]],[[0.479372,-0.877003,-0.0326799],[-0.499304,-0.241919,-0.831968],[0.721733,0.415139,-0.55386]],[[0.479372,-0.877003,-0.0326799],[-0.86296,-0.464266,-0.199392],[0.159695,0.123784,-0.979375]]],"btipPosition":[-12.8713,277.918,24.0482],"carpPosition":[15.1511,295.671,78.3829],"dipPosition":[-10.1555,280.023,7.39271],"direction":[-0.721733,-0.415139,0.55386],"extended":false,"handId":891,"id":8914,"length":49.8351,"mcpPosition":[25.1162,298.753,22.1323],"pipPosition":[3.77188,288.034,-3.29522],"stabilizedTipPosition":[-68.2039,242.669,236.419],"timeVisible":0.723366,"tipPosition":[-12.6736,278.178,19.9529],"tipVelocity":[21.9152,13.7974,-93.8186],"tool":false,"touchDistance":0.333333,"touchZone":"none","type":4,"width":15.8426}],"r":[[0.916902,-0.110852,0.383409],[0.279747,0.863675,-0.419293],[-0.284662,0.491708,0.822916]],"s":0.776424,"t":[65.8903,42.5709,-233.512],"timestamp":607276607355},false],[3,{"currentFrameRate":102.341,"devices":[],"gestures":[],"hands":[{"armBasis":[[0.677049,-0.36736,-0.637692],[0.632467,0.733489,0.248954],[0.376284,-0.571874,0.728952]],"armWidth":62.8676,"confidence":0.902167,"direction":[0.0451026,0.30198,-0.952247],"elbow":[101.957,148.889,281.814],"grabStrength":0,"id":891,"palmNormal":[-0.631936,-0.729637,-0.261317],"palmPosition":[-4.38972,318.823,36.9701],"palmVelocity":[4.72349,12.3136,-114.61],"palmWidth":89.7729,"pinchStrength":1,"r":[[0.915915,-0.108554,0.386414],[0.279669,0.863156,-0.420413],[-0.287898,0.493131,0.820936]],"s":0.778039,"sphereCenter":[-25.4721,285.385,5.91323],"sphereRadius":45.7717,"stabilizedPalmPosition":[-60.1654,281.735,250.447],"t":[65.9331,42.6824,-234.657],"timeVisible":0.732135,"type":"right","wrist":[1.71965,301.23,87.6297]}],"id":4459832,"interactionBox":{"center":[0,200,0],"size":[235.247,235.247,147.751]},"pointables":[{"bases":[[[0.885359,0.464645,-0.0156335],[-0.357666,0.702229,0.615589],[0.297008,-0.539426,0.787913]],[[0.732748,0.619694,-0.281175],[-0.549417,0.782537,0.292877],[0.401524,-0.0601227,0.913873]],[[0.732748,0.619694,-0.281175],[-0.670553,0.727909,-0.143202],[0.115929,0.293474,0.948912]],[[0.732748,0.619694,-0.281175],[-0.651991,0.520975,-0.550902],[-0.194906,0.586996,0.785778]]],"btipPosition":[-46.1024,289.227,-2.57105],"carpPosition":[-26.9281,309.693,92.5021],"dipPosition":[-50.6029,302.781,15.573],"direction":[-0.115929,-0.293474,-0.948912],"extended":false,"handId":891,"id":8910,"length":51.4192,"mcpPosition":[-26.9281,309.693,92.5021],"pipPosition":[-46.7031,312.654,47.4939],"stabilizedTipPosition":[-115.885,275.408,220.277],"timeVisible":0.732135,"tipPosition":[-47.1017,291.527,1.68422],"tipVelocity":[12.4556,23.3354,-126.539],"tool":false,"touchDistance":-0.507718,"touchZone":"hovering","type":0,"width":19.9791},{"bases":[[[0.770296,-0.554132,-0.315566],[0.612269,0.781006,0.123108],[0.178241,-0.288041,0.940884]],[[0.789585,-0.595914,-0.146431],[0.597054,0.801156,-0.0409367],[0.141709,-0.0551044,0.988373]],[[0.789585,-0.595914,-0.146431],[0.580979,0.802777,-0.134213],[0.197531,0.0208988,0.980074]],[[0.789585,-0.595914,-0.146431],[0.565303,0.799206,-0.204209],[0.23872,0.0784626,0.967913]]],"btipPosition":[-35.7831,343.497,-63.644],"carpPosition":[-8.10401,322.074,86.2335],"dipPosition":[-31.759,344.819,-47.3278],"direction":[-0.197531,-0.0208988,-0.980074],"extended":true,"handId":891,"id":8911,"length":58.0209,"mcpPosition":[-21.0417,342.982,17.939],"pipPosition":[-27.0484,345.318,-23.9559],"stabilizedTipPosition":[-106.564,334.771,158.477],"timeVisible":0.732135,"tipPosition":[-35.2431,342.923,-59.7772],"tipVelocity":[29.2068,-0.0456636,-126.258],"tool":false,"touchDistance":-0.54153,"touchZone":"hovering","type":1,"width":19.0841},{"bases":[[[0.671556,-0.712921,-0.20188],[0.737447,0.669566,0.0886123],[0.0719984,-0.208384,0.975393]],[[0.673043,-0.717554,-0.179248],[0.408269,0.562536,-0.718936],[0.616709,0.410694,0.671566]],[[0.673043,-0.717554,-0.179248],[-0.560014,-0.336113,-0.75724],[0.483113,0.610037,-0.628058]],[[0.673043,-0.717554,-0.179248],[-0.735785,-0.674201,-0.0638207],[-0.0750544,0.174842,-0.981732]]],"btipPosition":[-44.3686,291.35,18.846],"carpPosition":[2.07805,316.894,82.101],"dipPosition":[-45.7602,294.592,0.644078],"direction":[-0.483113,-0.610036,0.628058],"extended":false,"handId":891,"id":8912,"length":66.1101,"mcpPosition":[-2.87794,331.238,14.96],"pipPosition":[-32.2059,311.707,-16.9767],"stabilizedTipPosition":[-97.8681,239.635,255.857],"timeVisible":0.732135,"tipPosition":[-45.1719,291.869,13.7653],"tipVelocity":[24.3808,10.9102,-103.517],"tool":false,"touchDistance":0.333333,"touchZone":"none","type":2,"width":18.7431},{"bases":[[[0.617316,-0.784249,-0.062244],[0.785462,0.609936,0.105011],[-0.0443897,-0.113715,0.992521]],[[0.617965,-0.782264,-0.0786279],[0.527155,0.486469,-0.696747],[0.58329,0.389116,0.712995]],[[0.617965,-0.782264,-0.0786279],[-0.498085,-0.312158,-0.808993],[0.608301,0.539093,-0.582536]],[[0.617965,-0.782264,-0.0786279],[-0.784118,-0.605951,-0.134095],[0.0572532,0.14452,-0.987844]]],"btipPosition":[-29.8757,281.535,20.3167],"carpPosition":[10.7747,309.059,78.9553],"dipPosition":[-28.8202,284.199,2.10672],"direction":[-0.608301,-0.539093,0.582536],"extended":false,"handId":891,"id":8913,"length":63.5667,"mcpPosition":[13.5181,316.087,17.6154],"pipPosition":[-12.1945,298.934,-13.8148],"stabilizedTipPosition":[-85.0356,238.079,250.901],"timeVisible":0.732135,"tipPosition":[-30.1029,281.835,15.5561],"tipVelocity":[25.1882,13.3565,-98.9607],"tool":false,"touchDistance":0.333333,"touchZone":"none","type":3,"width":17.8352},{"bases":[[[0.469706,-0.882066,0.0365585],[0.864887,0.468073,0.181323],[-0.177051,-0.0535494,0.982744]],[[0.481078,-0.876048,-0.0332184],[0.62926,0.371442,-0.682688],[0.610406,0.307523,0.729955]],[[0.481078,-0.876048,-0.0332184],[-0.50052,-0.243355,-0.830818],[0.719753,0.416315,-0.555552]],[[0.481078,-0.876048,-0.0332184],[-0.862702,-0.46633,-0.195657],[0.155914,0.122784,-0.98011]]],"btipPosition":[-12.6245,278.001,23.0755],"carpPosition":[15.082,295.788,77.3746],"dipPosition":[-9.973,280.089,6.40749],"direction":[-0.719753,-0.416315,0.555552],"extended":false,"handId":891,"id":8914,"length":49.8351,"mcpPosition":[25.211,298.851,21.1523],"pipPosition":[3.91619,288.123,-4.3131],"stabilizedTipPosition":[-68.2027,242.67,236.415],"timeVisible":0.732135,"tipPosition":[-12.4533,278.256,18.9496],"tipVelocity":[23.1361,12.5226,-98.5017],"tool":false,"touchDistance":0.333333,"touchZone":"none","type":4,"width":15.8426}],"r":[[0.915915,-0.108554,0.386414],[0.279669,0.863156,-0.420413],[-0.287898,0.493131,0.820936]],"s":0.778039,"t":[65.9331,42.6824,-234.657],"timestamp":607276616124},false],[4,{"currentFrameRate":102.613,"devices":[],"gestures":[],"hands":[{"armBasis":[[0.678957,-0.368437,-0.635037],[0.631752,0.733862,0.249672],[0.374041,-0.570702,0.731022]],"armWidth":62.8676,"confidence":0.906139,"direction":[0.0464638,0.302407,-0.952046],"elbow":[101.386,149.256,281.54],"grabStrength":0,"id":891,"palmNormal":[-0.631179,-0.729823,-0.262625],"palmPosition":[-4.29139,318.897,36.1425],"palmVelocity":[6.38724,11.0954,-107.622],"palmWidth":89.7729,"pinchStrength":1,"r":[[0.915004,-0.106658,0.389092],[0.27966,0.862801,-0.421148],[-0.29079,0.494165,0.819294]],"s":0.779711,"sphereCenter":[-25.1146,285.158,4.98025],"sphereRadius":45.9316,"stabilizedPalmPosition":[-60.1654,281.735,250.446],"t":[66.0037,42.7749,-235.642],"timeVisible":0.741362,"type":"right","wrist":[1.74627,301.285,86.8042]}],"id":4459833,"interactionBox":{"center":[0,200,0],"size":[235.247,235.247,147.751]},"pointables":[{"bases":[[[0.885164,0.465067,-0.0140377],[-0.358968,0.701798,0.615322],[0.296018,-0.539622,0.788151]],[[0.73451,0.619177,-0.277695],[-0.548343,0.782627,0.294643],[0.399768,-0.0641464,0.914369]],[[0.73451,0.619177,-0.277695],[-0.668226,0.731223,-0.137064],[0.11819,0.286237,0.950841]],[[0.73451,0.619177,-0.277695],[-0.650661,0.526396,-0.54731],[-0.192705,0.58269,0.789517]]],"btipPosition":[-46.1278,289.808,-3.61387],"carpPosition":[-26.9131,309.732,91.6349],"dipPosition":[-50.5775,303.262,14.6165],"direction":[-0.11819,-0.286237,-0.950841],"extended":false,"handId":891,"id":8910,"length":51.4192,"mcpPosition":[-26.9131,309.732,91.6349],"pipPosition":[-46.6016,312.891,46.6024],"stabilizedTipPosition":[-115.884,275.408,220.275],"timeVisible":0.741362,"tipPosition":[-47.0507,292.001,0.698044],"tipVelocity":[8.54536,33.7326,-122.144],"tool":false,"touchDistance":-0.500624,"touchZone":"hovering","type":0,"width":19.9791},{"bases":[[[0.771054,-0.553635,-0.314585],[0.611707,0.781241,0.124407],[0.176891,-0.288358,0.941042]],[[0.790095,-0.595478,-0.145449],[0.596828,0.801419,-0.0390255],[0.139805,-0.0559744,0.988596]],[[0.790095,-0.595478,-0.145449],[0.580878,0.803116,-0.132614],[0.195781,0.0202895,0.980438]],[[0.790095,-0.595478,-0.145449],[0.565272,0.79957,-0.20287],[0.237101,0.0780683,0.968343]]],"btipPosition":[-35.5163,343.629,-64.5129],"carpPosition":[-8.08498,322.125,85.4013],"dipPosition":[-31.5195,344.945,-48.1895],"direction":[-0.195781,-0.0202895,-0.980438],"extended":true,"handId":891,"id":8911,"length":58.0209,"mcpPosition":[-20.9247,343.056,17.0954],"pipPosition":[-26.8507,345.428,-24.8089],"stabilizedTipPosition":[-106.563,334.771,158.473],"timeVisible":0.741362,"tipPosition":[-34.9797,343.066,-60.6476],"tipVelocity":[28.9323,3.92854,-117.209],"tool":false,"touchDistance":-0.528719,"touchZone":"hovering","type":1,"width":19.0841},{"bases":[[[0.67221,-0.712519,-0.201123],[0.736991,0.669875,0.0900615],[0.0705565,-0.208766,0.975417]],[[0.673658,-0.717145,-0.178573],[0.408606,0.562757,-0.718572],[0.615814,0.411106,0.672135]],[[0.673658,-0.717145,-0.178573],[-0.560815,-0.338684,-0.755499],[0.481322,0.609095,-0.630343]],[[0.673658,-0.717145,-0.178573],[-0.734901,-0.675581,-0.0592624],[-0.0781407,0.171156,-0.98214]]],"btipPosition":[-44.0913,291.509,18.0707],"carpPosition":[2.10603,316.951,81.2827],"dipPosition":[-45.5401,294.683,-0.138779],"direction":[-0.481322,-0.609095,0.630343],"extended":false,"handId":891,"id":8912,"length":66.1101,"mcpPosition":[-2.75071,331.322,14.1401],"pipPosition":[-32.0361,311.771,-17.8237],"stabilizedTipPosition":[-97.8673,239.636,255.853],"timeVisible":0.741362,"tipPosition":[-44.9174,291.999,12.9982],"tipVelocity":[25.5709,12.1985,-98.1031],"tool":false,"touchDistance":0.333333,"touchZone":"none","type":2,"width":18.7431},{"bases":[[[0.617783,-0.783932,-0.0616029],[0.785008,0.610261,0.10651],[-0.045903,-0.114159,0.992401]],[[0.61849,-0.781819,-0.0789239],[0.526679,0.486987,-0.696744],[0.583163,0.389362,0.712965]],[[0.61849,-0.781819,-0.0789239],[-0.50057,-0.31458,-0.806517],[0.605722,0.538329,-0.58592]],[[0.61849,-0.781819,-0.0789239],[-0.784054,-0.607323,-0.128133],[0.0522444,0.141129,-0.988612]]],"btipPosition":[-29.5771,281.698,19.6242],"carpPosition":[10.8113,309.122,78.1474],"dipPosition":[-28.614,284.3,1.40007],"direction":[-0.605722,-0.538329,0.58592],"extended":false,"handId":891,"id":8913,"length":63.5667,"mcpPosition":[13.6482,316.177,16.8149],"pipPosition":[-12.0587,299.013,-14.614],"stabilizedTipPosition":[-85.0341,238.081,250.895],"timeVisible":0.741362,"tipPosition":[-29.8355,281.979,14.8295],"tipVelocity":[26.5538,14.1196,-92.3547],"tool":false,"touchDistance":0.333333,"touchZone":"none","type":3,"width":17.8352},{"bases":[[[0.470063,-0.88186,0.0369247],[0.864379,0.468402,0.182887],[-0.178577,-0.0540516,0.98244]],[[0.481874,-0.875538,-0.0350928],[0.629269,0.373648,-0.681475],[0.609769,0.306302,0.731]],[[0.481874,-0.875538,-0.0350928],[-0.502484,-0.243301,-0.829647],[0.717849,0.417419,-0.557184]],[[0.481874,-0.875538,-0.0350928],[-0.863055,-0.467321,-0.191695],[0.151437,0.12266,-0.980827]]],"btipPosition":[-12.3568,278.119,22.2934],"carpPosition":[15.1273,295.853,76.5679],"dipPosition":[-9.78139,280.205,5.6132],"direction":[-0.717849,-0.417419,0.557184],"extended":false,"handId":891,"id":8914,"length":49.8351,"mcpPosition":[25.3436,298.945,20.3629],"pipPosition":[4.07107,288.26,-5.13888],"stabilizedTipPosition":[-68.2014,242.671,236.41],"timeVisible":0.741362,"tipPosition":[-12.2173,278.37,18.1507],"tipVelocity":[24.2535,12.5695,-94.7337],"tool":false,"touchDistance":0.333333,"touchZone":"none","type":4,"width":15.8426}],"r":[[0.915004,-0.106658,0.389092],[0.27966,0.862801,-0.421148],[-0.29079,0.494165,0.819294]],"s":0.779711,"t":[66.0037,42.7749,-235.642],"timestamp":607276625351},false],[5,{"currentFrameRate":103.064,"devices":[],"gestures":[],"hands":[{"armBasis":[[0.680357,-0.37094,-0.632074],[0.630694,0.735618,0.247166],[0.373281,-0.566807,0.734433]],"armWidth":62.8676,"confidence":0.908396,"direction":[0.0474331,0.307368,-0.950408],"elbow":[101.182,150.05,281.556],"grabStrength":0,"id":891,"palmNormal":[-0.629833,-0.729291,-0.267291],"palmPosition":[-4.24367,318.905,35.3328],"palmVelocity":[6.11883,8.36564,-103.271],"palmWidth":89.7729,"pinchStrength":1,"r":[[0.914183,-0.105298,0.391385],[0.279546,0.863024,-0.420766],[-0.293469,0.494067,0.818397]],"s":0.781431,"sphereCenter":[-24.8057,285.05,3.9176],"sphereRadius":46.068,"stabilizedPalmPosition":[-60.1653,281.735,250.446],"t":[66.0628,42.8256,-236.54],"timeVisible":0.750208,"type":"right","wrist":[1.74441,301.041,85.9117]}],"id":4459834,"interactionBox":{"center":[0,200,0],"size":[235.247,235.247,147.751]},"pointables":[{"bases":[[[0.884567,0.466299,-0.0103632],[-0.360782,0.698146,0.618408],[0.295598,-0.543284,0.785789]],[[0.73551,0.620685,-0.271616],[-0.548175,0.780783,0.299803],[0.398156,-0.0716153,0.914518]],[[0.73551,0.620685,-0.271616],[-0.666866,0.734023,-0.128452],[0.119644,0.275609,0.953795]],[[0.73551,0.620685,-0.271616],[-0.649754,0.532628,-0.542335],[-0.191949,0.575377,0.795045]]],"btipPosition":[-46.1348,290.395,-4.73866],"carpPosition":[-26.9331,309.425,90.7445],"dipPosition":[-50.567,303.681,13.6194],"direction":[-0.119644,-0.275609,-0.953795],"extended":false,"handId":891,"id":8910,"length":51.4192,"mcpPosition":[-26.9331,309.425,90.7445],"pipPosition":[-46.5422,312.952,45.7046],"stabilizedTipPosition":[-115.884,275.409,220.272],"timeVisible":0.750208,"tipPosition":[-47.0107,292.495,-0.37774],"tipVelocity":[6.14327,41.3924,-122.601],"tool":false,"touchDistance":-0.495327,"touchZone":"hovering","type":0,"width":19.9791},{"bases":[[[0.772239,-0.550991,-0.316316],[0.610492,0.781395,0.129312],[0.175918,-0.292968,0.939799]],[[0.791093,-0.593684,-0.14735],[0.595942,0.802341,-0.0331978],[0.137934,-0.0615492,0.988527]],[[0.791093,-0.593684,-0.14735],[0.580114,0.804557,-0.127103],[0.19401,0.0150709,0.980884]],[[0.791093,-0.593684,-0.14735],[0.564579,0.801365,-0.197649],[0.235422,0.0731681,0.969135]]],"btipPosition":[-35.3233,344.157,-65.2432],"carpPosition":[-8.11241,321.875,84.602],"dipPosition":[-31.3548,345.39,-48.9064],"direction":[-0.19401,-0.0150709,-0.980884],"extended":true,"handId":891,"id":8911,"length":58.0209,"mcpPosition":[-20.8815,343.141,16.3862],"pipPosition":[-26.7282,345.75,-25.5152],"stabilizedTipPosition":[-106.561,334.772,158.468],"timeVisible":0.750208,"tipPosition":[-34.7923,343.586,-61.3815],"tipVelocity":[26.8091,18.439,-107.737],"tool":false,"touchDistance":-0.515088,"touchZone":"hovering","type":1,"width":19.0841},{"bases":[[[0.673441,-0.710588,-0.203817],[0.735973,0.670372,0.0945749],[0.0694292,-0.213694,0.97443]],[[0.674857,-0.715304,-0.181407],[0.408131,0.566592,-0.715823],[0.614815,0.40904,0.674306]],[[0.674857,-0.715304,-0.181407],[-0.561408,-0.338108,-0.755317],[0.478946,0.611574,-0.629752]],[[0.674857,-0.715304,-0.181407],[-0.733467,-0.677226,-0.0582291],[-0.0812019,0.172352,-0.981683]]],"btipPosition":[-43.8575,291.64,17.1991],"carpPosition":[2.09136,316.736,80.4715],"dipPosition":[-45.363,294.835,-1.0019],"direction":[-0.478946,-0.611574,0.629752],"extended":false,"handId":891,"id":8912,"length":66.1101,"mcpPosition":[-2.68778,331.446,13.3968],"pipPosition":[-31.9257,311.994,-18.6702],"stabilizedTipPosition":[-97.8665,239.637,255.849],"timeVisible":0.750208,"tipPosition":[-44.7033,292.13,12.1288],"tipVelocity":[25.4058,13.0481,-98.1591],"tool":false,"touchDistance":0.333333,"touchZone":"none","type":2,"width":18.7431},{"bases":[[[0.618908,-0.78279,-0.0647453],[0.784045,0.610737,0.110786],[-0.0471798,-0.11933,0.991733]],[[0.619665,-0.780488,-0.082788],[0.526113,0.491332,-0.694117],[0.582426,0.386564,0.715086]],[[0.619665,-0.780488,-0.082788],[-0.502097,-0.313129,-0.806132],[0.603253,0.541099,-0.585915]],[[0.619665,-0.780488,-0.082788],[-0.783391,-0.608583,-0.126197],[0.0481118,0.143055,-0.988545]]],"btipPosition":[-29.3219,281.842,18.7318],"carpPosition":[10.8115,308.934,77.3085],"dipPosition":[-28.435,284.479,0.508864],"direction":[-0.603253,-0.541099,0.585916],"extended":false,"handId":891,"id":8913,"length":63.5667,"mcpPosition":[13.7273,316.309,16.0173],"pipPosition":[-11.9472,299.268,-15.5051],"stabilizedTipPosition":[-85.0327,238.082,250.889],"timeVisible":0.750208,"tipPosition":[-29.606,282.129,13.9186],"tipVelocity":[26.6396,14.9617,-94.6545],"tool":false,"touchDistance":0.333333,"touchZone":"none","type":3,"width":17.8352},{"bases":[[[0.471177,-0.881419,0.0330631],[0.863494,0.468592,0.186546],[-0.179918,-0.0593464,0.98189]],[[0.483474,-0.874371,-0.0415638],[0.627882,0.379482,-0.679528],[0.609932,0.302437,0.732472]],[[0.483474,-0.874371,-0.0415638],[-0.505666,-0.240214,-0.828613],[0.714531,0.42163,-0.558277]],[[0.483474,-0.874371,-0.0415638],[-0.863201,-0.468335,-0.188539],[0.145387,0.127032,-0.981186]]],"btipPosition":[-12.0987,278.227,21.3998],"carpPosition":[15.1474,295.68,75.667],"dipPosition":[-9.62625,280.388,4.71349],"direction":[-0.714531,-0.42163,0.558277],"extended":false,"handId":891,"id":8914,"length":49.8351,"mcpPosition":[25.4404,299.075,19.4935],"pipPosition":[4.16218,288.524,-6.05967],"stabilizedTipPosition":[-68.2001,242.671,236.405],"timeVisible":0.750208,"tipPosition":[-11.9934,278.496,17.2196],"tipVelocity":[24.8593,13.0173,-96.4772],"tool":false,"touchDistance":0.333333,"touchZone":"none","type":4,"width":15.8426}],"r":[[0.914183,-0.105298,0.391385],[0.279546,0.863024,-0.420766],[-0.293469,0.494067,0.818397]],"s":0.781431,"t":[66.0628,42.8256,-236.54],"timestamp":607276634197},false],[6,{"currentFrameRate":103.337,"devices":[],"gestures":[],"hands":[{"armBasis":[[0.685613,-0.367894,-0.628163],[0.625603,0.738996,0.250013],[0.372231,-0.564393,0.736821]],"armWidth":62.8676,"confidence":0.906752,"direction":[0.0496744,0.308122,-0.950049],"elbow":[100.689,150.954,281.08],"grabStrength":0,"id":891,"palmNormal":[-0.624688,-0.732613,-0.270265],"palmPosition":[-4.34577,319.16,34.2055],"palmVelocity":[1.30661,13.7682,-108.783],"palmWidth":89.7729,"pinchStrength":1,"r":[[0.913309,-0.103243,0.393964],[0.27885,0.863553,-0.420142],[-0.296832,0.493576,0.81748]],"s":0.783196,"sphereCenter":[-24.5561,285.231,2.69417],"sphereRadius":46.0617,"stabilizedPalmPosition":[-60.1653,281.735,250.446],"t":[66.0413,42.9781,-237.553],"timeVisible":0.759369,"type":"right","wrist":[1.53114,301.302,84.8]}],"id":4459835,"interactionBox":{"center":[0,200,0],"size":[235.247,235.247,147.751]},"pointables":[{"bases":[[[0.882016,0.471175,-0.0064626],[-0.367187,0.695823,0.617255],[0.295332,-0.542056,0.786736]],[[0.733525,0.624668,-0.267826],[-0.553653,0.777744,0.29763],[0.39422,-0.0700365,0.916343]],[[0.733525,0.624668,-0.267826],[-0.669983,0.730838,-0.130377],[0.114296,0.275074,0.954605]],[[0.733525,0.624668,-0.267826],[-0.650505,0.53107,-0.542962],[-0.196936,0.572499,0.795903]]],"btipPosition":[-45.9247,290.502,-6.10216],"carpPosition":[-27.2119,309.526,89.5179],"dipPosition":[-50.4721,303.721,12.2757],"direction":[-0.114296,-0.275074,-0.954605],"extended":false,"handId":891,"id":8910,"length":51.4192,"mcpPosition":[-27.2119,309.526,89.5179],"pipPosition":[-46.6272,312.975,44.3881],"stabilizedTipPosition":[-115.883,275.409,220.27],"timeVisible":0.759369,"tipPosition":[-46.8271,292.609,-1.72653],"tipVelocity":[10.017,32.6454,-129.776],"tool":false,"touchDistance":-0.494511,"touchZone":"hovering","type":0,"width":19.9791},{"bases":[[[0.77657,-0.54656,-0.313387],[0.605631,0.784682,0.132232],[0.173636,-0.292485,0.940374]],[[0.79496,-0.589238,-0.144351],[0.591809,0.805553,-0.0290882],[0.133422,-0.0623041,0.989099]],[[0.79496,-0.589238,-0.144351],[0.576369,0.807822,-0.123376],[0.189308,0.0148793,0.981805]],[[0.79496,-0.589238,-0.144351],[0.561121,0.804615,-0.19426],[0.230612,0.0734304,0.970271]]],"btipPosition":[-35.0958,344.361,-66.4925],"carpPosition":[-8.43494,322.082,83.4598],"dipPosition":[-31.2083,345.599,-50.1366],"direction":[-0.189308,-0.0148793,-0.981805],"extended":true,"handId":891,"id":8911,"length":58.0209,"mcpPosition":[-21.0384,343.313,15.2023],"pipPosition":[-26.6939,345.953,-26.7234],"stabilizedTipPosition":[-106.56,334.772,158.462],"timeVisible":0.759369,"tipPosition":[-34.5824,343.799,-62.63],"tipVelocity":[25.6927,19.5413,-115.585],"tool":false,"touchDistance":-0.510586,"touchZone":"hovering","type":1,"width":19.0841},{"bases":[[[0.678189,-0.706758,-0.201378],[0.731866,0.674371,0.0979604],[0.0665689,-0.213817,0.974603]],[[0.679529,-0.71144,-0.179147],[0.407141,0.568825,-0.714615],[0.610309,0.412664,0.676189]],[[0.679529,-0.71144,-0.179147],[-0.558863,-0.343768,-0.75465],[0.475303,0.612925,-0.631197]],[[0.679529,-0.71144,-0.179147],[-0.72893,-0.682371,-0.0550539],[-0.0830769,0.167996,-0.982281]]],"btipPosition":[-43.5867,291.784,16.0469],"carpPosition":[1.81405,317.002,79.3691],"dipPosition":[-45.127,294.899,-2.1652],"direction":[-0.475303,-0.612925,0.631197],"extended":false,"handId":891,"id":8912,"length":66.1101,"mcpPosition":[-2.76821,331.72,12.2825],"pipPosition":[-31.7918,312.095,-19.8741],"stabilizedTipPosition":[-97.8656,239.638,255.846],"timeVisible":0.759369,"tipPosition":[-44.4477,292.242,10.9728],"tipVelocity":[26.3207,13.2463,-105.934],"tool":false,"touchDistance":0.333333,"touchZone":"none","type":2,"width":18.7431},{"bases":[[[0.62348,-0.779332,-0.0625697],[0.780198,0.614993,0.114341],[-0.0506295,-0.120106,0.991469]],[[0.624351,-0.776834,-0.0819443],[0.524369,0.494558,-0.693144],[0.578984,0.389796,0.716126]],[[0.624351,-0.776834,-0.0819443],[-0.501764,-0.318437,-0.804258],[0.598681,0.543256,-0.588604]],[[0.624351,-0.776834,-0.0819443],[-0.779918,-0.614055,-0.121095],[0.0437527,0.139516,-0.989253]]],"btipPosition":[-28.973,282.07,17.7186],"carpPosition":[10.5901,309.25,76.2384],"dipPosition":[-28.1664,284.641,-0.517349],"direction":[-0.598681,-0.543256,0.588604],"extended":false,"handId":891,"id":8913,"length":63.5667,"mcpPosition":[13.7191,316.672,14.9635],"pipPosition":[-11.8036,299.489,-16.6047],"stabilizedTipPosition":[-85.031,238.083,250.882],"timeVisible":0.759369,"tipPosition":[-29.2839,282.334,12.8595],"tipVelocity":[29.2666,17.2489,-99.189],"tool":false,"touchDistance":0.333333,"touchZone":"none","type":3,"width":17.8352},{"bases":[[[0.47589,-0.878825,0.0345761],[0.860116,0.473249,0.190359],[-0.183655,-0.0608505,0.981106]],[[0.488896,-0.871285,-0.0429332],[0.626294,0.384835,-0.677981],[0.607236,0.304573,0.733825]],[[0.488896,-0.871285,-0.0429332],[-0.506175,-0.243254,-0.827415],[0.71047,0.426251,-0.559948]],[[0.488896,-0.871285,-0.0429332],[-0.860907,-0.47396,-0.184935],[0.140783,0.127376,-0.981812]]],"btipPosition":[-11.7758,278.484,20.3815],"carpPosition":[15.0058,296.02,74.6082],"dipPosition":[-9.38163,280.65,3.6846],"direction":[-0.71047,-0.426251,0.559948],"extended":false,"handId":891,"id":8914,"length":49.8351,"mcpPosition":[25.5126,299.501,18.4796],"pipPosition":[4.32843,288.876,-7.12082],"stabilizedTipPosition":[-68.1988,242.672,236.4],"timeVisible":0.759369,"tipPosition":[-11.6948,278.754,16.1577],"tipVelocity":[27.2076,17.2466,-100.641],"tool":false,"touchDistance":0.333333,"touchZone":"none","type":4,"width":15.8426}],"r":[[0.91330