{"sensorType":"Leap","data":[[0,{"currentFrameRate":107.866,"devices":[],"gestures":[],"hands":[{"armBasis":[[0.637599,-0.386652,-0.66631],[0.658945,0.721783,0.211709],[0.399073,-0.574047,0.71499]],"armWidth":62.8676,"confidence":0.90916,"direction":[0.0516806,0.3752,-0.925502],"elbow":[116.486,126.912,278.295],"grabStrength":0,"id":892,"palmNormal":[-0.657227,-0.684988,-0.314395],"palmPosition":[4.47489,301.599,38.7697],"palmVelocity":[-1.6366,12.1514,-132.23],"palmWidth":89.7729,"pinchStrength":1,"r":[[0.927191,-0.0996821,0.361082],[0.26412,0.857517,-0.441481],[-0.265626,0.504706,0.82141]],"s":0.807299,"sphereCenter":[-22.9428,277.857,6.56102],"sphereRadius":44.768,"stabilizedPalmPosition":[-32.4447,289.167,254.315],"t":[54.8969,25.5303,-248.337],"timeVisible":0.840514,"type":"right","wrist":[10.1777,279.832,87.83]}],"id":4460262,"interactionBox":{"center":[0,200,0],"size":[235.247,235.247,147.751]},"pointables":[{"bases":[[[0.900496,0.434583,0.0156255],[-0.331388,0.662513,0.671758],[0.281583,-0.610093,0.740606]],[[0.724563,0.634732,-0.268559],[-0.548756,0.767059,0.332397],[0.416983,-0.0934695,0.904095]],[[0.724563,0.634732,-0.268559],[-0.659598,0.751612,-0.00315771],[0.199848,0.179429,0.963258]],[[0.724563,0.634732,-0.268559],[-0.687221,0.635797,-0.351411],[-0.0523033,0.439179,0.896876]]],"btipPosition":[-44.2003,277.258,-4.09475],"carpPosition":[-18.1489,288.831,93.5447],"dipPosition":[-45.408,287.399,16.6146],"direction":[-0.199848,-0.179429,-0.963258],"extended":false,"handId":892,"id":8920,"length":51.4192,"mcpPosition":[-18.1489,288.831,93.5447],"pipPosition":[-38.6853,293.435,49.0181],"stabilizedTipPosition":[-83.4843,282.85,211.548],"timeVisible":0.840514,"tipPosition":[-43.792,278.885,0.886552],"tipVelocity":[-33.5222,43.4402,-121.429],"tool":false,"touchDistance":-0.485646,"touchZone":"touching","type":0,"width":19.9791},{"bases":[[[0.749922,-0.55265,-0.363586],[0.638785,0.747831,0.180837],[0.171962,-0.367867,0.91384]],[[0.765432,-0.593902,-0.247779],[0.620323,0.783398,0.0385525],[0.171213,-0.183212,0.968049]],[[0.765432,-0.593902,-0.247779],[0.600004,0.797832,-0.0588112],[0.232614,-0.103652,0.96703]],[[0.765432,-0.593902,-0.247779],[0.580404,0.803431,-0.132778],[0.27793,-0.0421794,0.959675]]],"btipPosition":[-28.9123,338.688,-58.4444],"carpPosition":[1.05917,301.038,88.1586],"dipPosition":[-24.2273,337.977,-42.2672],"direction":[-0.232614,0.103652,-0.96703],"extended":true,"handId":892,"id":8921,"length":58.0209,"mcpPosition":[-11.4228,327.739,21.8271],"pipPosition":[-18.6801,335.505,-19.2063],"stabilizedTipPosition":[-86.4003,342.793,181.168],"timeVisible":0.840514,"tipPosition":[-28.455,337.376,-54.6638],"tipVelocity":[20.9752,24.429,-139.222],"tool":false,"touchDistance":-0.52332,"touchZone":"touching","type":1,"width":19.0841},{"bases":[[[0.646301,-0.716605,-0.262246],[0.759992,0.635375,0.136784],[0.0686045,-0.287708,0.955258]],[[0.64835,-0.72649,-0.227715],[0.4685,0.616468,-0.632832],[0.600125,0.303612,0.740047]],[[0.64835,-0.72649,-0.227715],[-0.399477,-0.0699991,-0.914067],[0.64812,0.683603,-0.3356]],[[0.64835,-0.72649,-0.227715],[-0.724014,-0.495833,-0.479533],[0.235467,0.475775,-0.847463]]],"btipPosition":[-44.7665,273.231,7.74139],"carpPosition":[11.0446,295.866,83.5616],"dipPosition":[-40.4008,282.052,-7.97111],"direction":[-0.64812,-0.683603,0.3356],"extended":false,"handId":892,"id":8922,"length":66.1101,"mcpPosition":[6.32219,315.67,17.8067],"pipPosition":[-22.2171,301.232,-17.3867],"stabilizedTipPosition":[-77.0179,251.506,251.034],"timeVisible":0.840514,"tipPosition":[-43.4006,275.091,5.66597],"tipVelocity":[-30.6979,34.541,-168.95],"tool":false,"touchDistance":0.333333,"touchZone":"none","type":2,"width":18.7431},{"bases":[[[0.59021,-0.796977,-0.128374],[0.806025,0.573058,0.14808],[-0.0444508,-0.190871,0.980608]],[[0.58781,-0.804317,-0.0869081],[0.555538,0.479405,-0.679373],[0.588096,0.351062,0.728628]],[[0.58781,-0.804317,-0.0869081],[-0.373599,-0.174596,-0.911011],[0.717568,0.56797,-0.403121]],[[0.58781,-0.804317,-0.0869081],[-0.74803,-0.499452,-0.437034],[0.308107,0.321903,-0.895237]]],"btipPosition":[-29.0097,262.883,14.5447],"carpPosition":[19.4594,288.02,79.7469],"dipPosition":[-23.3301,268.817,-1.95816],"direction":[-0.717568,-0.56797,0.403121],"extended":false,"handId":892,"id":8923,"length":63.5667,"mcpPosition":[22.2065,299.816,19.1433],"pipPosition":[-3.71791,284.341,-12.976],"stabilizedTipPosition":[-59.5127,248.887,242.201],"timeVisible":0.840514,"tipPosition":[-27.4593,264.259,12.2127],"tipVelocity":[-30.5189,20.5521,-149.376],"tool":false,"touchDistance":0.333333,"touchZone":"none","type":3,"width":17.8352},{"bases":[[[0.439752,-0.897369,-0.0367066],[0.880897,0.422993,0.212359],[-0.175038,-0.12572,0.976502]],[[0.41511,-0.906004,0.0827123],[0.678534,0.247756,-0.691527],[0.606033,0.343182,0.7176]],[[0.41511,-0.906004,0.0827123],[-0.357165,-0.245908,-0.901089],[0.83673,0.344509,-0.425672]],[[0.41511,-0.906004,0.0827123],[-0.803083,-0.407632,-0.434618],[0.427482,0.113989,-0.896808]]],"btipPosition":[-11.2353,261.414,19.6546],"carpPosition":[23.3095,274.78,77.0886],"dipPosition":[-3.96539,263.352,4.40326],"direction":[-0.83673,-0.344509,0.425672],"extended":false,"handId":892,"id":8924,"length":49.8351,"mcpPosition":[33.3233,281.973,21.2233],"pipPosition":[12.1811,270,-3.811],"stabilizedTipPosition":[-44.6857,247.29,243.611],"timeVisible":0.840514,"tipPosition":[-9.31023,261.754,17.4053],"tipVelocity":[-28.8638,10.6718,-140.288],"tool":false,"touchDistance":0.333333,"touchZone":"none","type":4,"width":15.8426}],"r":[[0.927191,-0.0996821,0.361082],[0.26412,0.857517,-0.441481],[-0.265626,0.504706,0.82141]],"s":0.807299,"t":[54.8969,25.5303,-248.337],"timestamp":607280602100},false],[1,{"currentFrameRate":107.995,"devices":[],"gestures":[],"hands":[{"armBasis":[[0.636489,-0.391041,-0.664807],[0.661325,0.720247,0.209505],[0.3969,-0.573002,0.717035]],"armWidth":62.8676,"confidence":0.913391,"direction":[0.0506193,0.373912,-0.926082],"elbow":[116.003,127.295,278.018],"grabStrength":0,"id":892,"palmNormal":[-0.659734,-0.683634,-0.312083],"palmPosition":[4.51929,301.657,37.9333],"palmVelocity":[0.167956,10.5837,-121.337],"palmWidth":89.7729,"pinchStrength":1,"r":[[0.927213,-0.102892,0.360125],[0.267289,0.855329,-0.443812],[-0.262361,0.507765,0.820574]],"s":0.8066,"sphereCenter":[-22.9004,277.672,5.6608],"sphereRadius":44.9152,"stabilizedPalmPosition":[-32.4447,289.167,254.315],"t":[54.9159,25.6055,-249.315],"timeVisible":0.849541,"type":"right","wrist":[10.2734,279.936,87.0079]}],"id":4460263,"interactionBox":{"center":[0,200,0],"size":[235.247,235.247,147.751]},"pointables":[{"bases":[[[0.901676,0.432215,0.0130875],[-0.328141,0.664223,0.671663],[0.28161,-0.609917,0.740741]],[[0.725937,0.632282,-0.270621],[-0.545535,0.768979,0.333261],[0.418817,-0.0942933,0.903162]],[[0.725937,0.632282,-0.270621],[-0.656594,0.754244,0.000921301],[0.204697,0.177019,0.962686]],[[0.725937,0.632282,-0.270621],[-0.686259,0.639923,-0.345755],[-0.0454382,0.436712,0.898453]]],"btipPosition":[-44.4799,277.623,-4.83647],"carpPosition":[-18.0166,289.018,92.7742],"dipPosition":[-45.5291,287.707,15.9093],"direction":[-0.204697,-0.177019,-0.962686],"extended":false,"handId":892,"id":8920,"length":51.4192,"mcpPosition":[-18.0166,289.018,92.7742],"pipPosition":[-38.6432,293.662,48.2936],"stabilizedTipPosition":[-83.4534,282.848,211.379],"timeVisible":0.849541,"tipPosition":[-44.0335,279.211,0.150772],"tipVelocity":[-31.7092,42.2102,-110.365],"tool":false,"touchDistance":-0.476415,"touchZone":"touching","type":0,"width":19.9791},{"bases":[[[0.747647,-0.555087,-0.364558],[0.641162,0.74636,0.178487],[0.173015,-0.367186,0.913915]],[[0.763302,-0.596223,-0.248774],[0.622916,0.781331,0.0386911],[0.171306,-0.184498,0.967789]],[[0.763302,-0.596223,-0.248774],[0.602378,0.795993,-0.0594662],[0.233477,-0.104465,0.966734]],[[0.763302,-0.596223,-0.248774],[0.582501,0.80169,-0.134107],[0.279397,-0.042547,0.959233]]],"btipPosition":[-28.8855,338.848,-59.2527],"carpPosition":[1.21173,301.166,87.3303],"dipPosition":[-24.1757,338.13,-43.0828],"direction":[-0.233477,0.104465,-0.966734],"extended":true,"handId":892,"id":8921,"length":58.0209,"mcpPosition":[-11.3467,327.819,20.9933],"pipPosition":[-18.608,335.639,-20.029],"stabilizedTipPosition":[-86.3993,342.793,181.164],"timeVisible":0.849541,"tipPosition":[-28.4239,337.556,-55.4739],"tipVelocity":[16.1929,22.5199,-125.596],"tool":false,"touchDistance":-0.51147,"touchZone":"touching","type":1,"width":19.0841},{"bases":[[[0.643818,-0.71864,-0.262783],[0.761973,0.633529,0.134306],[0.0699627,-0.286702,0.955462]],[[0.645908,-0.728432,-0.228451],[0.471605,0.616049,-0.630929],[0.600326,0.299784,0.741444]],[[0.645908,-0.728432,-0.228451],[-0.397206,-0.0651136,-0.915417],[0.651943,0.682017,-0.331395]],[[0.645908,-0.728432,-0.228451],[-0.724842,-0.491251,-0.482986],[0.239596,0.477556,-0.845301]]],"btipPosition":[-44.9248,273.452,6.65892],"carpPosition":[11.1732,295.962,82.7177],"dipPosition":[-40.4825,282.306,-9.0135],"direction":[-0.651943,-0.682017,0.331395],"extended":false,"handId":892,"id":8922,"length":66.1101,"mcpPosition":[6.3573,315.697,16.9487],"pipPosition":[-22.1916,301.441,-18.3111],"stabilizedTipPosition":[-77.0173,251.506,251.03],"timeVisible":0.849541,"tipPosition":[-43.5567,275.309,4.57808],"tipVelocity":[-26.5365,31.9982,-155.17],"tool":false,"touchDistance":0.333333,"touchZone":"none","type":2,"width":18.7431},{"bases":[[[0.587812,-0.798697,-0.128687],[0.807866,0.571104,0.145578],[-0.0427793,-0.189534,0.980942]],[[0.585404,-0.806164,-0.0860313],[0.568784,0.483995,-0.665007],[0.577744,0.340364,0.741865]],[[0.585404,-0.806164,-0.0860313],[-0.353445,-0.158268,-0.92197],[0.729643,0.570132,-0.377585]],[[0.585404,-0.806164,-0.0860313],[-0.741155,-0.489125,-0.459833],[0.328621,0.33295,-0.883828]]],"btipPosition":[-29.2656,263.079,12.1795],"carpPosition":[19.5587,288.089,78.8941],"dipPosition":[-23.2077,269.217,-4.11308],"direction":[-0.729643,-0.570132,0.377585],"extended":false,"handId":892,"id":8923,"length":63.5667,"mcpPosition":[22.2025,299.803,18.2698],"pipPosition":[-3.26554,284.799,-14.433],"stabilizedTipPosition":[-59.5125,248.887,242.199],"timeVisible":0.849541,"tipPosition":[-27.6155,264.478,10.1587],"tipVelocity":[-27.2667,22.2925,-178.909],"tool":false,"touchDistance":0.333333,"touchZone":"none","type":3,"width":17.8352},{"bases":[[[0.437292,-0.898576,-0.0365613],[0.882483,0.420921,0.209879],[-0.173202,-0.124043,0.977044]],[[0.413871,-0.90693,0.0786728],[0.681358,0.251299,-0.687459],[0.603707,0.338124,0.721949]],[[0.413871,-0.90693,0.0786728],[-0.351749,-0.239029,-0.905063],[0.839633,0.346906,-0.417938]],[[0.413871,-0.90693,0.0786728],[-0.801234,-0.40393,-0.441435],[0.432129,0.119662,-0.893838]]],"btipPosition":[-11.3358,261.408,18.4273],"carpPosition":[23.3678,274.836,76.2438],"dipPosition":[-3.98691,263.443,3.22647],"direction":[-0.839633,-0.346906,0.417938],"extended":false,"handId":892,"id":8924,"length":49.8351,"mcpPosition":[33.2767,281.933,20.3475],"pipPosition":[12.2156,270.137,-4.83855],"stabilizedTipPosition":[-44.6856,247.29,243.61],"timeVisible":0.849541,"tipPosition":[-9.41966,261.809,16.235],"tipVelocity":[-23.43,8.22413,-138.742],"tool":false,"touchDistance":0.333333,"touchZone":"none","type":4,"width":15.8426}],"r":[[0.927213,-0.102892,0.360125],[0.267289,0.855329,-0.443812],[-0.262361,0.507765,0.820574]],"s":0.8066,"t":[54.9159,25.6055,-249.315],"timestamp":607280611127},false],[2,{"currentFrameRate":108.117,"devices":[],"gestures":[],"hands":[{"armBasis":[[0.636487,-0.394216,-0.662932],[0.661606,0.720839,0.206563],[0.396437,-0.570074,0.71962]],"armWidth":62.8676,"confidence":0.916904,"direction":[0.0504975,0.376398,-0.925081],"elbow":[115.863,128.037,277.838],"grabStrength":0,"id":892,"palmNormal":[-0.660144,-0.682485,-0.313726],"palmPosition":[4.49694,301.755,37.1256],"palmVelocity":[-0.559658,10.6659,-112.562],"palmWidth":89.7729,"pinchStrength":1,"r":[[0.927231,-0.105741,0.359251],[0.269867,0.853782,-0.445229],[-0.259643,0.50978,0.820189]],"s":0.806168,"sphereCenter":[-22.9337,277.838,4.74512],"sphereRadius":44.9881,"stabilizedPalmPosition":[-32.4447,289.167,254.315],"t":[54.9143,25.6922,-250.208],"timeVisible":0.858569,"type":"right","wrist":[10.2566,279.898,86.1394]}],"id":4460264,"interactionBox":{"center":[0,200,0],"size":[235.247,235.247,147.751]},"pointables":[{"bases":[[[0.901877,0.431767,0.0139731],[-0.327626,0.662549,0.673565],[0.281565,-0.612051,0.738996]],[[0.726246,0.632612,-0.269015],[-0.545029,0.768367,0.335494],[0.41894,-0.0970297,0.902815]],[[0.726246,0.632612,-0.269015],[-0.65569,0.755011,0.0053436],[0.20649,0.17251,0.963121]],[[0.726246,0.632612,-0.269015],[-0.686197,0.643647,-0.338899],[-0.0412405,0.430721,0.901542]]],"btipPosition":[-44.6541,278.008,-5.74037],"carpPosition":[-18.0274,288.978,91.9392],"dipPosition":[-45.6063,287.953,15.0767],"direction":[-0.20649,-0.17251,-0.963121],"extended":false,"handId":892,"id":8920,"length":51.4192,"mcpPosition":[-18.0274,288.978,91.9392],"pipPosition":[-38.6601,293.756,47.4757],"stabilizedTipPosition":[-83.4217,282.846,211.205],"timeVisible":0.858569,"tipPosition":[-44.1879,279.561,-0.736625],"tipVelocity":[-27.6091,41.3507,-107.045],"tool":false,"touchDistance":-0.470419,"touchZone":"touching","type":0,"width":19.9791},{"bases":[[[0.747279,-0.554437,-0.366298],[0.641559,0.745582,0.180306],[0.173136,-0.369741,0.912861]],[[0.76295,-0.59589,-0.250644],[0.623878,0.780283,0.0439856],[0.169363,-0.18993,0.967079]],[[0.76295,-0.59589,-0.250644],[0.603395,0.795565,-0.0546956],[0.231996,-0.109507,0.966533]],[[0.76295,-0.59589,-0.250644],[0.583478,0.80168,-0.129859],[0.278318,-0.0471696,0.95933]]],"btipPosition":[-28.7654,339.427,-59.9511],"carpPosition":[1.20475,301.132,86.5221],"dipPosition":[-24.0738,338.632,-43.7796],"direction":[-0.231996,0.109507,-0.966533],"extended":true,"handId":892,"id":8921,"length":58.0209,"mcpPosition":[-11.3624,327.97,20.2616],"pipPosition":[-18.5413,336.021,-20.7306],"stabilizedTipPosition":[-86.3979,342.793,181.158],"timeVisible":0.858569,"tipPosition":[-28.3193,338.126,-56.1766],"tipVelocity":[15.2701,33.4514,-112.306],"tool":false,"touchDistance":-0.499128,"touchZone":"touching","type":1,"width":19.0841},{"bases":[[[0.643407,-0.718218,-0.264934],[0.762305,0.632815,0.135781],[0.0701335,-0.289323,0.954659]],[[0.6455,-0.728081,-0.230713],[0.47331,0.618413,-0.62733],[0.599423,0.295742,0.743793]],[[0.6455,-0.728081,-0.230713],[-0.394573,-0.0592561,-0.916952],[0.653944,0.682925,-0.32553]],[[0.6455,-0.728081,-0.230713],[-0.724089,-0.487291,-0.488101],[0.242952,0.482126,-0.841741]]],"btipPosition":[-45.0228,273.688,5.54653],"carpPosition":[11.1624,295.936,81.8923],"dipPosition":[-40.5183,282.627,-10.0599],"direction":[-0.653944,-0.682925,0.32553],"extended":false,"handId":892,"id":8922,"length":66.1101,"mcpPosition":[6.33473,315.852,16.1786],"pipPosition":[-22.1712,301.787,-19.193],"stabilizedTipPosition":[-77.0168,251.507,251.026],"timeVisible":0.858569,"tipPosition":[-43.6502,275.561,3.45247],"tipVelocity":[-21.7829,30.9858,-145.91],"tool":false,"touchDistance":0.333333,"touchZone":"none","type":2,"width":18.7431},{"bases":[[[0.587407,-0.798613,-0.131037],[0.808172,0.570339,0.146869],[-0.0425561,-0.192173,0.980438]],[[0.584983,-0.806254,-0.0880317],[0.569439,0.485582,-0.663286],[0.577524,0.337883,0.74317]],[[0.584983,-0.806254,-0.0880317],[-0.352579,-0.155054,-0.922847],[0.730399,0.570888,-0.374973]],[[0.584983,-0.806254,-0.0880317],[-0.740966,-0.487144,-0.462234],[0.329794,0.335628,-0.882377]]],"btipPosition":[-29.3275,263.262,11.2056],"carpPosition":[19.5431,288.07,78.0447],"dipPosition":[-23.2481,269.449,-5.06023],"direction":[-0.730399,-0.570888,0.374972],"extended":false,"handId":892,"id":8923,"length":63.5667,"mcpPosition":[22.1731,299.947,17.4516],"pipPosition":[-3.28524,285.052,-15.3088],"stabilizedTipPosition":[-59.5123,248.887,242.198],"timeVisible":0.858569,"tipPosition":[-27.6864,264.669,9.09704],"tipVelocity":[-21.4985,22.0781,-159.165],"tool":false,"touchDistance":0.333333,"touchZone":"none","type":3,"width":17.8352},{"bases":[[[0.436871,-0.898672,-0.0391352],[0.882741,0.419949,0.210739],[-0.17295,-0.126612,0.976759]],[[0.414753,-0.907199,0.0705022],[0.690596,0.26338,-0.673578],[0.5925,0.328057,0.735746]],[[0.414753,-0.907199,0.0705022],[-0.333171,-0.223505,-0.915993],[0.846745,0.356422,-0.394951]],[[0.414753,-0.907199,0.0705022],[-0.792495,-0.398211,-0.461929],[0.447136,0.135714,-0.88411]]],"btipPosition":[-11.3742,261.435,16.4668],"carpPosition":[23.3454,274.822,75.3573],"dipPosition":[-3.77011,263.743,1.4314],"direction":[-0.846745,-0.356422,0.394951],"extended":false,"handId":892,"id":8924,"length":49.8351,"mcpPosition":[33.2398,282.066,19.4773],"pipPosition":[12.5697,270.621,-6.19004],"stabilizedTipPosition":[-44.6856,247.29,243.61],"timeVisible":0.858569,"tipPosition":[-9.43661,261.955,14.4651],"tipVelocity":[-16.3612,8.71224,-159.17],"tool":false,"touchDistance":0.333333,"touchZone":"none","type":4,"width":15.8426}],"r":[[0.927231,-0.105741,0.359251],[0.269867,0.853782,-0.445229],[-0.259643,0.50978,0.820189]],"s":0.806168,"t":[54.9143,25.6922,-250.208],"timestamp":607280620155},false],[3,{"currentFrameRate":108.213,"devices":[],"gestures":[],"hands":[{"armBasis":[[0.635824,-0.397477,-0.66162],[0.663143,0.719936,0.204777],[0.39493,-0.568951,0.721336]],"armWidth":62.8676,"confidence":0.905362,"direction":[0.051982,0.375413,-0.925399],"elbow":[115.368,128.423,277.386],"grabStrength":0,"id":892,"palmNormal":[-0.66156,-0.681211,-0.313513],"palmPosition":[4.48692,301.809,36.1924],"palmVelocity":[-0.710352,9.36651,-109.896],"palmWidth":89.7729,"pinchStrength":1,"r":[[0.92714,-0.108393,0.358694],[0.272385,0.852323,-0.446489],[-0.257327,0.51166,0.819748]],"s":0.806173,"sphereCenter":[-22.9556,277.912,3.76834],"sphereRadius":45.047,"stabilizedPalmPosition":[-32.4447,289.167,254.315],"t":[54.9085,25.7626,-251.121],"timeVisible":0.867637,"type":"right","wrist":[10.1634,279.985,85.2302]}],"id":4460265,"interactionBox":{"center":[0,200,0],"size":[235.247,235.247,147.751]},"pointables":[{"bases":[[[0.902889,0.42964,0.0141494],[-0.326485,0.663953,0.672736],[0.27964,-0.612026,0.739747]],[[0.72786,0.630674,-0.269204],[-0.543526,0.769964,0.334268],[0.418091,-0.0969808,0.903213]],[[0.72786,0.630674,-0.269204],[-0.652984,0.757322,0.0087042],[0.209363,0.16945,0.963044]],[[0.72786,0.630674,-0.269204],[-0.684867,0.648934,-0.331425],[-0.0343255,0.425599,0.904261]]],"btipPosition":[-44.9439,278.385,-6.75599],"carpPosition":[-18.1027,289.136,91.0034],"dipPosition":[-45.7365,288.212,14.1239],"direction":[-0.209363,-0.16945,-0.963044],"extended":false,"handId":892,"id":8920,"length":51.4192,"mcpPosition":[-18.1027,289.136,91.0034],"pipPosition":[-38.6936,293.913,46.5202],"stabilizedTipPosition":[-83.3897,282.844,211.027],"timeVisible":0.867637,"tipPosition":[-44.4182,279.892,-1.72878],"tipVelocity":[-27.6936,40.5997,-107.974],"tool":false,"touchDistance":-0.466728,"touchZone":"touching","type":0,"width":19.9791},{"bases":[[[0.746196,-0.556549,-0.365301],[0.64321,0.744226,0.180023],[0.171675,-0.369297,0.913317]],[[0.761713,-0.598002,-0.249374],[0.626195,0.778286,0.0463743],[0.166352,-0.191481,0.967296]],[[0.761713,-0.598002,-0.249374],[0.605863,0.793805,-0.0529451],[0.229616,-0.110757,0.966959]],[[0.761713,-0.598002,-0.249374],[0.585971,0.80005,-0.12868],[0.276462,-0.0481084,0.95982]]],"btipPosition":[-28.4867,339.614,-60.9466],"carpPosition":[1.16166,301.24,85.5873],"dipPosition":[-23.8264,338.803,-44.7668],"direction":[-0.229616,0.110757,-0.966959],"extended":true,"handId":892,"id":8921,"length":58.0209,"mcpPosition":[-11.2994,328.046,19.2938],"pipPosition":[-18.3507,336.162,-21.7077],"stabilizedTipPosition":[-86.3964,342.793,181.152],"timeVisible":0.867637,"tipPosition":[-28.0581,338.332,-57.1701],"tipVelocity":[19.3233,29.8014,-111.55],"tool":false,"touchDistance":-0.492452,"touchZone":"touching","type":1,"width":19.0841},{"bases":[[[0.641871,-0.719989,-0.263851],[0.763717,0.631132,0.135681],[0.0688363,-0.288597,0.954973]],[[0.643898,-0.729711,-0.230039],[0.479309,0.619063,-0.622113],[0.596371,0.290317,0.74837]],[[0.643898,-0.729711,-0.230039],[-0.388338,-0.0526394,-0.920012],[0.659234,0.681727,-0.317269]],[[0.643898,-0.729711,-0.230039],[-0.723055,-0.482041,-0.494801],[0.250173,0.484932,-0.838006]]],"btipPosition":[-45.1231,273.958,4.08262],"carpPosition":[11.1099,296.016,80.9687],"dipPosition":[-40.4847,282.949,-11.4545],"direction":[-0.659234,-0.681727,0.317269],"extended":false,"handId":892,"id":8922,"length":66.1101,"mcpPosition":[6.37155,315.882,15.2334],"pipPosition":[-21.9892,302.075,-20.3558],"stabilizedTipPosition":[-77.0163,251.507,251.022],"timeVisible":0.867637,"tipPosition":[-43.7436,275.816,2.03068],"tipVelocity":[-17.8813,31.0067,-149.715],"tool":false,"touchDistance":0.333333,"touchZone":"none","type":2,"width":18.7431},{"bases":[[[0.585594,-0.800126,-0.129915],[0.809429,0.568558,0.146856],[-0.0436391,-0.191155,0.980589]],[[0.583112,-0.807751,-0.0867142],[0.569327,0.482455,-0.66566],[0.579523,0.338786,0.7412]],[[0.583112,-0.807751,-0.0867142],[-0.355006,-0.157349,-0.921527],[0.73072,0.568137,-0.378509]],[[0.583112,-0.807751,-0.0867142],[-0.74284,-0.486931,-0.459442],[0.328891,0.332321,-0.883965]]],"btipPosition":[-29.4096,263.352,10.4982],"carpPosition":[19.4744,288.126,77.1339],"dipPosition":[-23.3468,269.478,-5.79691],"direction":[-0.73072,-0.568137,0.378509],"extended":false,"handId":892,"id":8923,"length":63.5667,"mcpPosition":[22.1713,299.94,16.5314],"pipPosition":[-3.37517,285.006,-16.1421],"stabilizedTipPosition":[-59.5122,248.887,242.197],"timeVisible":0.867637,"tipPosition":[-27.7844,264.758,8.20429],"tipVelocity":[-18.1744,18.296,-136.945],"tool":false,"touchDistance":0.333333,"touchZone":"none","type":3,"width":17.8352},{"bases":[[[0.434763,-0.899742,-0.0380166],[0.8836,0.418051,0.210914],[-0.173875,-0.125289,0.976765]],[[0.413409,-0.908015,0.0678394],[0.69631,0.267255,-0.666128],[0.586724,0.322621,0.742745]],[[0.413409,-0.908015,0.0678394],[-0.323048,-0.215921,-0.921422],[0.851312,0.359009,-0.382596]],[[0.413409,-0.908015,0.0678394],[-0.788173,-0.394161,-0.472673],[0.455934,0.141938,-0.878623]]],"btipPosition":[-11.456,261.439,14.9944],"carpPosition":[23.2469,274.868,74.4612],"dipPosition":[-3.70225,263.852,0.0523772],"direction":[-0.851312,-0.359009,0.382596],"extended":false,"handId":892,"id":8924,"length":49.8351,"mcpPosition":[33.1943,282.035,18.5809],"pipPosition":[12.7257,270.78,-7.33064],"stabilizedTipPosition":[-44.6855,247.29,243.609],"timeVisible":0.867637,"tipPosition":[-9.51558,262.008,13.0328],"tipVelocity":[-13.2827,7.14936,-159.399],"tool":false,"touchDistance":0.333333,"touchZone":"none","type":4,"width":15.8426}],"r":[[0.92714,-0.108393,0.358694],[0.272385,0.852323,-0.446489],[-0.257327,0.51166,0.819748]],"s":0.806173,"t":[54.9085,25.7626,-251.121],"timestamp":607280629223},false],[4,{"currentFrameRate":108.345,"devices":[],"gestures":[],"hands":[{"armBasis":[[0.638797,-0.395795,-0.659761],[0.661533,0.720394,0.208343],[0.392827,-0.569543,0.722017]],"armWidth":62.8676,"confidence":0.907025,"direction":[0.0528341,0.370098,-0.927489],"elbow":[114.719,128.746,276.735],"grabStrength":0,"id":892,"palmNormal":[-0.659692,-0.684328,-0.310648],"palmPosition":[4.43995,301.992,35.2242],"palmVelocity":[-1.94867,12.3831,-109.285],"palmWidth":89.7729,"pinchStrength":1,"r":[[0.926984,-0.109732,0.358693],[0.274212,0.850732,-0.4484],[-0.255947,0.514017,0.818705]],"s":0.80688,"sphereCenter":[-22.8991,277.94,2.89334],"sphereRadius":45.0548,"stabilizedPalmPosition":[-32.4447,289.167,254.315],"t":[54.8821,25.8893,-252.061],"timeVisible":0.876629,"type":"right","wrist":[10.075,280.466,84.3984]}],"id":4460266,"interactionBox":{"center":[0,200,0],"size":[235.247,235.247,147.751]},"pointables":[{"bases":[[[0.902024,0.431485,0.0131723],[-0.328931,0.667232,0.668285],[0.279566,-0.607142,0.743788]],[[0.727357,0.630339,-0.271339],[-0.545478,0.770955,0.32876],[0.41642,-0.0911162,0.904595]],[[0.727357,0.630339,-0.271339],[-0.653419,0.756965,0.00691279],[0.209752,0.17227,0.962459]],[[0.727357,0.630339,-0.271339],[-0.685498,0.64872,-0.330537],[-0.0323272,0.426421,0.903947]]],"btipPosition":[-45.0369,278.442,-7.73059],"carpPosition":[-18.2187,289.596,90.0699],"dipPosition":[-45.7833,288.288,13.142],"direction":[-0.209752,-0.17227,-0.962459],"extended":false,"handId":892,"id":8920,"length":51.4192,"mcpPosition":[-18.2187,289.596,90.0699],"pipPosition":[-38.7274,294.083,45.5187],"stabilizedTipPosition":[-83.3618,282.842,210.87],"timeVisible":0.876629,"tipPosition":[-44.499,279.94,-2.69596],"tipVelocity":[-22.6076,31.3244,-108.138],"tool":false,"touchDistance":-0.463033,"touchZone":"touching","type":0,"width":19.9791},{"bases":[[[0.747905,-0.55721,-0.36077],[0.641448,0.746526,0.176761],[0.170831,-0.363615,0.915752]],[[0.763329,-0.598048,-0.244269],[0.625151,0.779149,0.0459637],[0.162833,-0.18779,0.968618]],[[0.763329,-0.598048,-0.244269],[0.605099,0.794327,-0.0538595],[0.22624,-0.106694,0.968211]],[[0.763329,-0.598048,-0.244269],[0.585371,0.800267,-0.130052],[0.273257,-0.0437156,0.960947]]],"btipPosition":[-28.2722,339.34,-62.1996],"carpPosition":[1.03123,301.706,84.6159],"dipPosition":[-23.6659,338.603,-46.0009],"direction":[-0.22624,0.106694,-0.968211],"extended":true,"handId":892,"id":8921,"length":58.0209,"mcpPosition":[-11.3686,328.099,18.1456],"pipPosition":[-18.2707,336.059,-22.9119],"stabilizedTipPosition":[-86.395,342.793,181.147],"timeVisible":0.876629,"tipPosition":[-27.8685,338.088,-58.4131],"tipVelocity":[20.1881,13.7681,-119.043],"tool":false,"touchDistance":-0.49027,"touchZone":"touching","type":1,"width":19.0841},{"bases":[[[0.643726,-0.720259,-0.258543],[0.76225,0.633411,0.133286],[0.0677638,-0.282874,0.95676]],[[0.645694,-0.729666,-0.225094],[0.480773,0.617492,-0.622544],[0.593243,0.293754,0.749515]],[[0.645694,-0.729666,-0.225094],[-0.383949,-0.0554323,-0.921689],[0.660047,0.681553,-0.315947]],[[0.645694,-0.729666,-0.225094],[-0.720275,-0.48412,-0.496821],[0.253541,0.482924,-0.838154]]],"btipPosition":[-45.0981,273.901,2.94698],"carpPosition":[10.9975,296.474,80.0449],"dipPosition":[-40.3973,282.854,-12.5929],"direction":[-0.660047,-0.681553,0.315947],"extended":false,"handId":892,"id":8922,"length":66.1101,"mcpPosition":[6.333,315.946,14.1865],"pipPosition":[-21.879,301.976,-21.4571],"stabilizedTipPosition":[-77.0159,251.507,251.019],"timeVisible":0.876629,"tipPosition":[-43.7199,275.757,0.865529],"tipVelocity":[-11.7759,20.4895,-143.308],"tool":false,"touchDistance":0.333333,"touchZone":"none","type":2,"width":18.7431},{"bases":[[[0.587376,-0.799722,-0.124237],[0.808065,0.570993,0.144905],[-0.0449452,-0.185506,0.981615]],[[0.584818,-0.807134,-0.0807634],[0.566254,0.477509,-0.67182],[0.580814,0.34716,0.736298]],[[0.584818,-0.807134,-0.0807634],[-0.357651,-0.167207,-0.918764],[0.728062,0.566195,-0.386458]],[[0.584818,-0.807134,-0.0807634],[-0.742648,-0.49271,-0.453555],[0.326286,0.325226,-0.887562]]],"btipPosition":[-29.3556,263.27,10.071],"carpPosition":[19.3839,288.579,76.2705],"dipPosition":[-23.3408,269.265,-6.29037],"direction":[-0.728062,-0.566195,0.386458],"extended":false,"handId":892,"id":8923,"length":63.5667,"mcpPosition":[22.1616,300.043,15.6046],"pipPosition":[-3.44179,284.74,-16.8528],"stabilizedTipPosition":[-59.512,248.887,242.196],"timeVisible":0.876629,"tipPosition":[-27.7486,264.679,7.50364],"tipVelocity":[-11.876,9.84481,-112.87],"tool":false,"touchDistance":0.333333,"touchZone":"none","type":3,"width":17.8352},{"bases":[[[0.436582,-0.899095,-0.0320142],[0.88242,0.421009,0.209968],[-0.175303,-0.119918,0.977184]],[[0.415365,-0.906759,0.0725234],[0.696816,0.265916,-0.666136],[0.58474,0.327225,0.742296]],[[0.415365,-0.906759,0.0725234],[-0.320465,-0.220479,-0.921244],[0.851337,0.359411,-0.382164]],[[0.415365,-0.906759,0.0725234],[-0.786118,-0.397928,-0.472939],[0.457701,0.13943,-0.878105]]],"btipPosition":[-11.3956,261.45,14.1896],"carpPosition":[23.1869,275.312,73.6818],"dipPosition":[-3.61182,263.821,-0.743655],"direction":[-0.851337,-0.359411,0.382164],"extended":false,"handId":892,"id":8924,"length":49.8351,"mcpPosition":[33.2159,282.172,17.7776],"pipPosition":[12.8166,270.756,-8.11833],"stabilizedTipPosition":[-44.6855,247.29,243.609],"timeVisible":0.876629,"tipPosition":[-9.45481,262.022,12.1883],"tipVelocity":[-7.58498,5.22707,-140.16],"tool":false,"touchDistance":0.333333,"touchZone":"none","type":4,"width":15.8426}],"r":[[0.926984,-0.109732,0.358693],[0.274212,0.850732,-0.4484],[-0.255947,0.514017,0.818705]],"s":0.80688,"t":[54.8821,25.8893,-252.061],"timestamp":607280638215},false],[5,{"currentFrameRate":108.44,"devices":[],"gestures":[],"hands":[{"armBasis":[[0.639859,-0.396494,-0.65831],[0.661076,0.720791,0.208422],[0.391866,-0.568554,0.723317]],"armWidth":62.8676,"confidence":0.908568,"direction":[0.0537989,0.366904,-0.928702],"elbow":[114.338,129.152,276.261],"grabStrength":0,"id":892,"palmNormal":[-0.659094,-0.685625,-0.309052],"palmPosition":[4.36479,301.962,34.3225],"palmVelocity":[-3.70234,8.04348,-106.623],"palmWidth":89.7729,"pinchStrength":1,"r":[[0.926779,-0.110491,0.358987],[0.275719,0.849161,-0.45045],[-0.255067,0.516448,0.817449]],"s":0.807882,"sphereCenter":[-22.9022,277.82,2.02819],"sphereRadius":45.0711,"stabilizedPalmPosition":[-32.4447,289.167,254.315],"t":[54.8313,25.9376,-252.982],"timeVisible":0.885679,"type":"right","wrist":[9.9493,280.608,83.5775]}],"id":4460267,"interactionBox":{"center":[0,200,0],"size":[235.247,235.247,147.751]},"pointables":[{"bases":[[[0.901861,0.431838,0.0127378],[-0.329943,0.669429,0.665585],[0.278898,-0.604468,0.746214]],[[0.727814,0.629414,-0.272258],[-0.546002,0.772062,0.325274],[0.414931,-0.0880857,0.905579]],[[0.727814,0.629414,-0.272258],[-0.6526,0.75767,0.00703886],[0.210712,0.172552,0.962199]],[[0.727814,0.629414,-0.272258],[-0.685232,0.651693,-0.325196],[-0.0272544,0.423242,0.905607]]],"btipPosition":[-45.2484,278.508,-8.69438],"carpPosition":[-18.3541,289.748,89.1841],"dipPosition":[-45.8777,288.281,12.2166],"direction":[-0.210712,-0.172552,-0.962199],"extended":false,"handId":892,"id":8920,"length":51.4192,"mcpPosition":[-18.3541,289.748,89.1841],"pipPosition":[-38.7895,294.086,44.5845],"stabilizedTipPosition":[-83.3386,282.841,210.739],"timeVisible":0.885679,"tipPosition":[-44.6796,279.969,-3.63676],"tipVelocity":[-21.9973,24.1956,-107.416],"tool":false,"touchDistance":-0.459387,"touchZone":"touching","type":0,"width":19.9791},{"bases":[[[0.748518,-0.558199,-0.35796],[0.640986,0.747353,0.174929],[0.169877,-0.360384,0.917205]],[[0.763831,-0.598675,-0.241145],[0.62528,0.779008,0.0465942],[0.159959,-0.186373,0.96937]],[[0.763831,-0.598675,-0.241145],[0.605436,0.794082,-0.0536872],[0.22363,-0.10499,0.969003]],[[0.763831,-0.598675,-0.241145],[0.585812,0.799904,-0.130298],[0.270899,-0.04174,0.961702]]],"btipPosition":[-28.1123,339.111,-63.2736],"carpPosition":[0.898097,301.845,83.7109],"dipPosition":[-23.5458,338.407,-47.0622],"direction":[-0.22363,0.10499,-0.969003],"extended":true,"handId":892,"id":8921,"length":58.0209,"mcpPosition":[-11.4325,328.004,17.1351],"pipPosition":[-18.2128,335.904,-23.9543],"stabilizedTipPosition":[-86.3939,342.793,181.142],"timeVisible":0.885679,"tipPosition":[-27.7223,337.883,-59.4826],"tipVelocity":[19.2133,3.22268,-118.854],"tool":false,"touchDistance":-0.485643,"touchZone":"touching","type":1,"width":19.0841},{"bases":[[[0.644274,-0.720928,-0.255292],[0.761878,0.63413,0.131987],[0.0667349,-0.279537,0.957813]],[[0.646198,-0.730176,-0.221972],[0.48148,0.615723,-0.623749],[0.592119,0.29619,0.749444]],[[0.646198,-0.730176,-0.221972],[-0.382391,-0.0580737,-0.922174],[0.660458,0.680787,-0.31674]],[[0.646198,-0.730176,-0.221972],[-0.719335,-0.485596,-0.496743],[0.254921,0.480666,-0.839032]]],"btipPosition":[-45.137,273.746,2.04123],"carpPosition":[10.8715,296.601,79.1697],"dipPosition":[-40.4106,282.657,-13.515],"direction":[-0.660458,-0.680787,0.31674],"extended":false,"handId":892,"id":8922,"length":66.1101,"mcpPosition":[6.27784,315.843,13.2389],"pipPosition":[-21.8808,301.758,-22.4014],"stabilizedTipPosition":[-77.0156,251.507,251.017],"timeVisible":0.885679,"tipPosition":[-43.7609,275.602,-0.0767313],"tipVelocity":[-9.53264,9.81627,-131.498],"tool":false,"touchDistance":0.333333,"touchZone":"none","type":2,"width":18.7431},{"bases":[[[0.587793,-0.799945,-0.120778],[0.807701,0.571769,0.143876],[-0.0460362,-0.182122,0.982198]],[[0.585185,-0.807211,-0.0772604],[0.566877,0.475353,-0.672823],[0.579836,0.349928,0.735758]],[[0.585185,-0.807211,-0.0772604],[-0.356458,-0.170489,-0.918625],[0.728352,0.565105,-0.387505]],[[0.585185,-0.807211,-0.0772604],[-0.741905,-0.4945,-0.452821],[0.327317,0.322304,-0.888248]]],"btipPosition":[-29.3908,263.139,9.26205],"carpPosition":[19.265,288.696,75.4325],"dipPosition":[-23.357,269.08,-7.11197],"direction":[-0.728352,-0.565105,0.387505],"extended":false,"handId":892,"id":8923,"length":63.5667,"mcpPosition":[22.1102,299.951,14.7306],"pipPosition":[-3.45012,284.526,-17.703],"stabilizedTipPosition":[-59.5119,248.887,242.195],"timeVisible":0.885679,"tipPosition":[-27.7825,264.54,6.67857],"tipVelocity":[-9.54141,2.7726,-106.48],"tool":false,"touchDistance":0.333333,"touchZone":"none","type":3,"width":17.8352},{"bases":[[[0.436924,-0.89905,-0.0283886],[0.88203,0.422036,0.209545],[-0.176411,-0.116595,0.977387]],[[0.415749,-0.906345,0.0754382],[0.696948,0.264206,-0.666677],[0.584309,0.329747,0.741519]],[[0.415749,-0.906345,0.0754382],[-0.319831,-0.223348,-0.920773],[0.851388,0.358683,-0.382734]],[[0.415749,-0.906345,0.0754382],[-0.785529,-0.399654,-0.472463],[0.458363,0.137167,-0.878116]]],"btipPosition":[-11.4408,261.334,13.4287],"carpPosition":[23.0756,275.421,72.8943],"dipPosition":[-3.64572,263.666,-1.5047],"direction":[-0.851388,-0.358683,0.382734],"extended":false,"handId":892,"id":8924,"length":49.8351,"mcpPosition":[33.168,282.091,16.9784],"pipPosition":[12.7837,270.588,-8.89039],"stabilizedTipPosition":[-44.6854,247.29,243.609],"timeVisible":0.885679,"tipPosition":[-9.4981,261.903,11.3911],"tipVelocity":[-6.79025,-0.0248149,-124.689],"tool":false,"touchDistance":0.333333,"touchZone":"none","type":4,"width":15.8426}],"r":[[0.926779,-0.110491,0.358987],[0.275719,0.849161,-0.45045],[-0.255067,0.516448,0.817449]],"s":0.807882,"t":[54.8313,25.9376,-252.982],"timestamp":607280647265},false],[6,{"currentFrameRate":108.533,"devices":[],"gestures":[],"hands":[{"armBasis":[[0.644919,-0.394071,-0.654819],[0.656791,0.723885,0.211227],[0.390775,-0.566303,0.725669]],"armWidth":62.8676,"confidence":0.909171,"direction":[0.0574705,0.366964,-0.928458],"elbow":[113.649,130.011,275.253],"grabStrength":0,"id":892,"palmNormal":[-0.654402,-0.688493,-0.312627],"palmPosition":[4.15364,302.188,32.6526],"palmVelocity":[-9.11824,12.7234,-128.122],"palmWidth":89.7729,"pinchStrength":1,"r":[[0.926304,-0.110289,0.360275],[0.276706,0.848116,-0.451811],[-0.255725,0.518205,0.81613]],"s":0.809186,"sphereCenter":[-22.8792,278.098,0.246775],"sphereRadius":45.0402,"stabilizedPalmPosition":[-32.4447,289.167,254.315],"t":[54.7003,26.0748,-254.278],"timeVisible":0.894726,"type":"right","wrist":[9.55131,280.867,81.9427]}],"id":4460268,"interactionBox":{"center":[0,200,0],"size":[235.247,235.247,147.751]},"pointables":[{"bases":[[[0.89992,0.435693,0.017739],[-0.336553,0.668131,0.663576],[0.277263,-0.603135,0.747899]],[[0.726708,0.632428,-0.268197],[-0.551168,0.769822,0.321851],[0.410012,-0.0860699,0.90801]],[[0.726708,0.632428,-0.268197],[-0.655697,0.755015,0.00370124],[0.204834,0.173166,0.963357]],[[0.726708,0.632428,-0.268197],[-0.686126,0.649165,-0.328353],[-0.0335556,0.422634,0.905679]]],"btipPosition":[-45.1309,278.542,-10.6512],"carpPosition":[-18.8221,289.887,87.3877],"dipPosition":[-45.9057,288.3,10.2614],"direction":[-0.204834,-0.173166,-0.963357],"extended":false,"handId":892,"id":8920,"length":51.4192,"mcpPosition":[-18.8221,289.887,87.3877],"pipPosition":[-39.0152,294.126,42.6683],"stabilizedTipPosition":[-83.3218,282.84,210.643],"timeVisible":0.894726,"tipPosition":[-44.6093,280.016,-5.59195],"tipVelocity":[-13.368,18.4365,-137.433],"tool":false,"touchDistance":-0.471128,"touchZone":"touching","type":0,"width":19.9791},{"bases":[[[0.752906,-0.555057,-0.353616],[0.636787,0.750119,0.178391],[0.166237,-0.35949,0.918222]],[[0.767738,-0.595468,-0.236636],[0.622127,0.781136,0.052775],[0.153419,-0.187735,0.970164]],[[0.767738,-0.595468,-0.236636],[0.602906,0.796371,-0.0479209],[0.216986,-0.105879,0.970416]],[[0.767738,-0.595468,-0.236636],[0.583733,0.802271,-0.12497],[0.264262,-0.0421885,0.963528]]],"btipPosition":[-27.7899,339.353,-65.1358],"carpPosition":[0.408779,302.065,82.0207],"dipPosition":[-23.3352,338.642,-48.8935],"direction":[-0.216986,0.105879,-0.970416],"extended":true,"handId":892,"id":8921,"length":58.0209,"mcpPosition":[-11.6576,328.159,15.3711],"pipPosition":[-18.1607,336.117,-25.752],"stabilizedTipPosition":[-86.393,342.792,181.139],"timeVisible":0.894726,"tipPosition":[-27.4271,338.131,-61.343],"tipVelocity":[22.9599,9.65442,-142.626],"tool":false,"touchDistance":-0.493238,"touchZone":"touching","type":1,"width":19.0841},{"bases":[[[0.648781,-0.718212,-0.251505],[0.758403,0.637406,0.136156],[0.0625224,-0.279077,0.958231]],[[0.650544,-0.727368,-0.218468],[0.481283,0.617356,-0.622284],[0.587502,0.299678,0.751688]],[[0.650544,-0.727368,-0.218468],[-0.378325,-0.060941,-0.923664],[0.65853,0.683537,-0.314827]],[[0.650544,-0.727368,-0.218468],[-0.714906,-0.489404,-0.499393],[0.256323,0.481061,-0.838378]]],"btipPosition":[-45.0409,273.726,0.207178],"carpPosition":[10.43,296.863,77.5369],"dipPosition":[-40.2885,282.645,-15.3369],"direction":[-0.65853,-0.683537,0.314827],"extended":false,"handId":892,"id":8922,"length":66.1101,"mcpPosition":[6.12628,316.074,11.5773],"pipPosition":[-21.8127,301.822,-24.1697],"stabilizedTipPosition":[-77.0154,251.508,251.015],"timeVisible":0.894726,"tipPosition":[-43.6776,275.606,-2.0137],"tipVelocity":[-3.79092,6.55701,-151.057],"tool":false,"touchDistance":0.333333,"touchZone":"none","type":2,"width":18.7431},{"bases":[[[0.59188,-0.797446,-0.117296],[0.804424,0.575243,0.148316],[-0.0508,-0.182141,0.981959]],[[0.589061,-0.804709,-0.0738349],[0.565817,0.475964,-0.673283],[0.576939,0.354827,0.735689]],[[0.589061,-0.804709,-0.0738349],[-0.353643,-0.174556,-0.918949],[0.726598,0.567428,-0.387404]],[[0.589061,-0.804709,-0.0738349],[-0.738008,-0.498506,-0.454791],[0.329167,0.32239,-0.887532]]],"btipPosition":[-29.3417,263.157,7.68018],"carpPosition":[18.8782,288.993,73.8488],"dipPosition":[-23.2738,269.1,-8.68065],"direction":[-0.726598,-0.567428,0.387404],"extended":false,"handId":892,"id":8923,"length":63.5667,"mcpPosition":[22.0178,300.25,13.1616],"pipPosition":[-3.41485,284.608,-19.269],"stabilizedTipPosition":[-59.5119,248.887,242.195],"timeVisible":0.894726,"tipPosition":[-27.7252,264.582,4.91694],"tipVelocity":[-5.17353,2.55721,-125.244],"tool":false,"touchDistance":0.333333,"touchZone":"none","type":3,"width":17.8352},{"bases":[[[0.440918,-0.897178,-0.0257392],[0.87902,0.425842,0.214434],[-0.181424,-0.117173,0.976399]],[[0.419254,-0.904539,0.0776815],[0.699475,0.267287,-0.662791],[0.578757,0.332214,0.744764]],[[0.419254,-0.904539,0.0776815],[-0.313655,-0.224611,-0.922589],[0.851966,0.362434,-0.377882]],[[0.419254,-0.904539,0.0776815],[-0.781079,-0.402994,-0.476982],[0.462754,0.139302,-0.875473]]],"btipPosition":[-11.362,261.485,11.674],"carpPosition":[22.7597,275.735,71.3348],"dipPosition":[-3.49224,263.854,-3.21452],"direction":[-0.851966,-0.362434,0.377882],"extended":false,"handId":892,"id":8924,"length":49.8351,"mcpPosition":[33.1389,282.438,15.4754],"pipPosition":[12.9483,270.848,-10.5066],"stabilizedTipPosition":[-44.6854,247.29,243.609],"timeVisible":0.894726,"tipPosition":[-9.41079,262.065,9.63526],"tipVelocity":[-1.99155,4.86261,-143.478],"tool":false,"touchDistance":0.333333,"touchZone":"none","type":4,"width":15.8426}],"r":[[0.926304,-0.110289,0.360275],[0.276706,0.848116,-0.451811],[-0.255725,0.