{"sensorType":"Leap","data":[[0,{"currentFrameRate":105.761,"devices":[],"gestures":[],"hands":[{"armBasis":[[0.609015,-0.461959,-0.644743],[0.68611,0.714667,0.13603],[0.397937,-0.525209,0.752198]],"armWidth":62.8676,"confidence":0.794266,"direction":[0.0667751,0.484551,-0.872211],"elbow":[106.747,142.947,281.316],"grabStrength":0,"id":888,"palmNormal":[-0.694315,-0.605231,-0.389388],"palmPosition":[-4.04908,310.843,35.037],"palmVelocity":[13.9245,-2.26963,-160.233],"palmWidth":89.7729,"pinchStrength":1,"r":[[0.906316,-0.333506,0.259548],[0.405013,0.860813,-0.308164],[-0.120648,0.384415,0.915243]],"s":0.85873,"sphereCenter":[-26.2892,282.27,-2.18486],"sphereRadius":47.3722,"stabilizedPalmPosition":[-55.4753,290.158,224.221],"t":[68.7618,30.8419,-226.766],"timeVisible":0.506115,"type":"right","wrist":[0.741762,282.857,80.9397]}],"id":4458587,"interactionBox":{"center":[0,200,0],"size":[235.247,235.247,147.751]},"pointables":[{"bases":[[[0.922389,0.381736,0.058966],[-0.292241,0.589864,0.752765],[0.252576,-0.711574,0.655643]],[[0.764072,0.617388,-0.187153],[-0.468932,0.730735,0.496115],[0.443054,-0.291305,0.847847]],[[0.764072,0.617388,-0.187153],[-0.621138,0.782399,0.0451493],[0.174303,0.0817504,0.981293]],[[0.764072,0.617388,-0.187153],[-0.608883,0.594257,-0.525471],[-0.213203,0.515452,0.829972]]],"btipPosition":[-49.7975,292.231,-5.86975],"carpPosition":[-27.0367,292.536,88.0613],"dipPosition":[-54.7205,304.133,13.2948],"direction":[-0.174303,-0.0817504,-0.981293],"extended":false,"handId":888,"id":8880,"length":51.4192,"mcpPosition":[-27.0367,292.536,88.0613],"pipPosition":[-48.857,306.883,46.305],"stabilizedTipPosition":[-104.311,273.502,198.608],"timeVisible":0.506115,"tipPosition":[-50.9318,294.632,-1.44308],"tipVelocity":[18.7315,19.5974,-168.344],"tool":false,"touchDistance":-0.544933,"touchZone":"hovering","type":0,"width":19.9791},{"bases":[[[0.717606,-0.541267,-0.43826],[0.678551,0.685123,0.264905],[0.156878,-0.487479,0.858926]],[[0.734341,-0.624024,-0.267091],[0.661206,0.746583,0.0736263],[0.153461,-0.230669,0.960855]],[[0.734341,-0.624024,-0.267091],[0.643097,0.765513,-0.0203919],[0.217187,-0.156791,0.963455]],[[0.734341,-0.624024,-0.267091],[0.625492,0.77493,-0.0907952],[0.263635,-0.100389,0.959384]]],"btipPosition":[-34.7504,354.895,-58.2124],"carpPosition":[-7.23506,304.302,84.0096],"dipPosition":[-30.3063,353.203,-42.04],"direction":[-0.217187,0.156791,-0.963455],"extended":true,"handId":888,"id":8881,"length":58.0209,"mcpPosition":[-18.6221,339.686,21.664],"pipPosition":[-25.127,349.464,-19.0644],"stabilizedTipPosition":[-99.8726,337.583,126.175],"timeVisible":0.506115,"tipPosition":[-34.2984,353.354,-54.5246],"tipVelocity":[18.7915,28.8885,-153.739],"tool":false,"touchDistance":-0.582417,"touchZone":"hovering","type":1,"width":19.0841},{"bases":[[[0.605942,-0.710964,-0.356882],[0.793381,0.572884,0.205792],[0.0581417,-0.407842,0.9112]],[[0.607626,-0.725014,-0.324263],[0.341207,0.606974,-0.717746],[0.717195,0.32548,0.616193]],[[0.607626,-0.725014,-0.324263],[-0.476729,-0.00639671,-0.879027],[0.635232,0.688705,-0.349522]],[[0.607626,-0.725014,-0.324263],[-0.742664,-0.373962,-0.55552],[0.281498,0.578367,-0.76567]]],"btipPosition":[-58.7126,281.781,10.6648],"carpPosition":[2.43751,299.231,78.6883],"dipPosition":[-53.4934,292.504,-3.53117],"direction":[-0.635232,-0.688705,0.349522],"extended":false,"handId":888,"id":8882,"length":66.1101,"mcpPosition":[-1.56466,327.305,15.9661],"pipPosition":[-35.6713,311.827,-13.3374],"stabilizedTipPosition":[-102.342,242.251,221.798],"timeVisible":0.506115,"tipPosition":[-57.8211,284.033,7.32242],"tipVelocity":[26.3282,-10.8788,-146.146],"tool":false,"touchDistance":0.333333,"touchZone":"none","type":2,"width":18.7431},{"bases":[[[0.546349,-0.804382,-0.233393],[0.836095,0.507332,0.20871],[-0.0494751,-0.309168,0.94972]],[[0.547815,-0.792289,-0.268659],[0.454971,0.551632,-0.699073],[0.702069,0.260731,0.66266]],[[0.547815,-0.792289,-0.268659],[-0.384149,0.0470547,-0.922071],[0.743188,0.608329,-0.278579]],[[0.547815,-0.792289,-0.268659],[-0.72017,-0.283176,-0.633377],[0.42574,0.540454,-0.72571]]],"btipPosition":[-45.6478,272.52,6.91485],"carpPosition":[10.4036,291.495,73.8291],"dipPosition":[-37.7997,282.482,-6.46295],"direction":[-0.743188,-0.608329,0.278579],"extended":false,"handId":888,"id":8883,"length":63.5667,"mcpPosition":[13.4613,310.602,15.1344],"pipPosition":[-17.4873,299.109,-14.0769],"stabilizedTipPosition":[-88.1585,234.426,229.338],"timeVisible":0.506115,"tipPosition":[-44.0257,274.431,4.55364],"tipVelocity":[24.3972,-5.91944,-157.933],"tool":false,"touchDistance":0.333333,"touchZone":"none","type":3,"width":17.8352},{"bases":[[[0.391243,-0.907453,-0.15316],[0.903216,0.346724,0.252949],[-0.176435,-0.237301,0.95528]],[[0.408335,-0.875696,-0.257719],[0.542396,0.459842,-0.703101],[0.734213,0.147315,0.662744]],[[0.408335,-0.875696,-0.257719],[-0.363076,0.103229,-0.926024],[0.837519,0.471699,-0.275792]],[[0.408335,-0.875696,-0.257719],[-0.74354,-0.155294,-0.650409],[0.529539,0.457209,-0.714527]]],"btipPosition":[-27.1564,270.067,9.20186],"carpPosition":[13.531,278.508,69.5002],"dipPosition":[-18.151,277.843,-2.94955],"direction":[-0.837519,-0.471699,0.275792],"extended":false,"handId":888,"id":8884,"length":49.8351,"mcpPosition":[23.6247,292.084,14.8491],"pipPosition":[-1.98922,286.945,-8.27155],"stabilizedTipPosition":[-73.3692,241.827,218.956],"timeVisible":0.506115,"tipPosition":[-25.2883,271.489,7.26813],"tipVelocity":[24.1341,-2.61152,-161.075],"tool":false,"touchDistance":0.333333,"touchZone":"none","type":4,"width":15.8426}],"r":[[0.906316,-0.333506,0.259548],[0.405013,0.860813,-0.308164],[-0.120648,0.384415,0.915243]],"s":0.85873,"t":[68.7618,30.8419,-226.766],"timestamp":607264884187},false],[1,{"currentFrameRate":105.944,"devices":[],"gestures":[],"hands":[{"armBasis":[[0.611173,-0.461331,-0.643149],[0.684553,0.715985,0.136941],[0.39731,-0.523964,0.753396]],"armWidth":62.8676,"confidence":0.799457,"direction":[0.0655077,0.485189,-0.871952],"elbow":[106.798,143.14,280.833],"grabStrength":0,"id":888,"palmNormal":[-0.692969,-0.606627,-0.389612],"palmPosition":[-3.90446,310.719,34.2502],"palmVelocity":[14.4688,-5.42879,-139.777],"palmWidth":89.7729,"pinchStrength":1,"r":[[0.906687,-0.33245,0.259608],[0.403966,0.861487,-0.307656],[-0.121368,0.38382,0.915397]],"s":0.8605,"sphereCenter":[-26.0891,282.115,-3.00103],"sphereRadius":47.4091,"stabilizedPalmPosition":[-55.4748,290.159,224.219],"t":[68.8861,30.7745,-227.77],"timeVisible":0.515217,"type":"right","wrist":[0.958829,282.718,80.1366]}],"id":4458588,"interactionBox":{"center":[0,200,0],"size":[235.247,235.247,147.751]},"pointables":[{"bases":[[[0.921508,0.383846,0.05903],[-0.29349,0.588766,0.753139],[0.254335,-0.711349,0.655208]],[[0.763983,0.618021,-0.185422],[-0.469996,0.729908,0.496325],[0.44208,-0.292036,0.848104]],[[0.763983,0.618021,-0.185422],[-0.621,0.782293,0.0487532],[0.175185,0.0779003,0.981449]],[[0.763983,0.618021,-0.185422],[-0.610714,0.599867,-0.516903],[-0.208228,0.508144,0.835722]]],"btipPosition":[-49.6983,292.358,-6.81371],"carpPosition":[-26.8409,292.329,87.268],"dipPosition":[-54.5064,304.092,12.4836],"direction":[-0.175185,-0.0779003,-0.981449],"extended":false,"handId":888,"id":8880,"length":51.4192,"mcpPosition":[-26.8409,292.329,87.268],"pipPosition":[-48.6132,306.712,45.499],"stabilizedTipPosition":[-104.311,273.502,198.606],"timeVisible":0.515217,"tipPosition":[-50.7851,294.642,-2.30839],"tipVelocity":[17.3665,16.8532,-149.496],"tool":false,"touchDistance":-0.532475,"touchZone":"hovering","type":0,"width":19.9791},{"bases":[[[0.718791,-0.539354,-0.438676],[0.676999,0.686552,0.265177],[0.158149,-0.48759,0.85863]],[[0.735721,-0.621675,-0.268766],[0.659657,0.747683,0.0763036],[0.153516,-0.233432,0.960178]],[[0.735721,-0.621675,-0.268766],[0.641368,0.767011,-0.0184696],[0.217629,-0.15879,0.963028]],[[0.735721,-0.621675,-0.268766],[0.623553,0.77664,-0.0895065],[0.264379,-0.101738,0.959038]]],"btipPosition":[-34.7003,354.932,-58.9362],"carpPosition":[-7.06732,304.143,83.2196],"dipPosition":[-30.2437,353.217,-42.7696],"direction":[-0.217629,0.15879,-0.963028],"extended":true,"handId":888,"id":8881,"length":58.0209,"mcpPosition":[-18.5467,339.535,20.8955],"pipPosition":[-25.0539,349.43,-19.8042],"stabilizedTipPosition":[-99.8571,337.587,126.132],"timeVisible":0.515217,"tipPosition":[-34.2167,353.391,-55.259],"tipVelocity":[15.1942,21.8352,-133.205],"tool":false,"touchDistance":-0.563385,"touchZone":"hovering","type":1,"width":19.0841},{"bases":[[[0.607535,-0.709355,-0.357374],[0.792081,0.574612,0.205982],[0.0592368,-0.408211,0.910964]],[[0.609256,-0.723405,-0.324797],[0.339714,0.608212,-0.717407],[0.716521,0.326746,0.616307]],[[0.609256,-0.723405,-0.324797],[-0.476932,-0.00705752,-0.878912],[0.633517,0.690388,-0.349315]],[[0.609256,-0.723405,-0.324797],[-0.741947,-0.375483,-0.555452],[0.279861,0.579394,-0.765493]]],"btipPosition":[-58.4988,281.546,9.87225],"carpPosition":[2.61615,299.098,77.894],"dipPosition":[-53.31,292.289,-4.32048],"direction":[-0.633517,-0.690388,0.349315],"extended":false,"handId":888,"id":8882,"length":66.1101,"mcpPosition":[-1.4614,327.197,15.188],"pipPosition":[-35.536,311.658,-14.1209],"stabilizedTipPosition":[-102.341,242.252,221.792],"timeVisible":0.515217,"tipPosition":[-57.6123,283.804,6.53091],"tipVelocity":[25.3279,-14.8731,-129.748],"tool":false,"touchDistance":0.333333,"touchZone":"none","type":2,"width":18.7431},{"bases":[[[0.54818,-0.80298,-0.233927],[0.834947,0.509158,0.208858],[-0.0486028,-0.309808,0.949556]],[[0.549608,-0.790904,-0.269077],[0.454275,0.553238,-0.698256],[0.701117,0.261532,0.663352]],[[0.549608,-0.790904,-0.269077],[-0.3844,0.0465509,-0.921992],[0.741733,0.610167,-0.278439]],[[0.549608,-0.790904,-0.269077],[-0.719941,-0.285001,-0.632819],[0.423811,0.541522,-0.726043]]],"btipPosition":[-45.3886,272.342,6.09691],"carpPosition":[10.5995,291.383,73.0292],"dipPosition":[-37.576,282.324,-7.28702],"direction":[-0.741733,-0.610167,0.278439],"extended":false,"handId":888,"id":8883,"length":63.5667,"mcpPosition":[13.6032,310.53,14.3447],"pipPosition":[-17.3034,299.001,-14.8972],"stabilizedTipPosition":[-88.1581,234.426,229.336],"timeVisible":0.515217,"tipPosition":[-43.7787,274.258,3.72041],"tipVelocity":[25.2796,-9.55918,-139.106],"tool":false,"touchDistance":0.333333,"touchZone":"none","type":3,"width":17.8352},{"bases":[[[0.393327,-0.906456,-0.153726],[0.902449,0.348682,0.252996],[-0.175728,-0.23824,0.955176]],[[0.4102,-0.874928,-0.257367],[0.541726,0.460777,-0.703006],[0.733668,0.148951,0.662981]],[[0.4102,-0.874928,-0.257367],[-0.363846,0.10177,-0.925883],[0.836272,0.473439,-0.276593]],[[0.4102,-0.874928,-0.257367],[-0.743883,-0.157726,-0.649431],[0.527612,0.457848,-0.715543]]],"btipPosition":[-26.8957,269.917,8.42466],"carpPosition":[13.7562,278.406,68.6926],"dipPosition":[-17.923,277.703,-3.74402],"direction":[-0.836272,-0.473439,0.276593],"extended":false,"handId":888,"id":8884,"length":49.8351,"mcpPosition":[23.8096,292.036,14.0474],"pipPosition":[-1.78534,286.839,-9.08149],"stabilizedTipPosition":[-73.3688,241.828,218.954],"timeVisible":0.515217,"tipPosition":[-25.0373,271.347,6.45422],"tipVelocity":[25.1546,-6.38987,-140.214],"tool":false,"touchDistance":0.333333,"touchZone":"none","type":4,"width":15.8426}],"r":[[0.906687,-0.33245,0.259608],[0.403966,0.861487,-0.307656],[-0.121368,0.38382,0.915397]],"s":0.8605,"t":[68.8861,30.7745,-227.77],"timestamp":607264893289},false],[2,{"currentFrameRate":106.182,"devices":[],"gestures":[],"hands":[{"armBasis":[[0.6123,-0.466225,-0.638532],[0.684339,0.716984,0.132718],[0.395941,-0.518235,0.758065]],"armWidth":62.8676,"confidence":0.740591,"direction":[0.0647238,0.492752,-0.867759],"elbow":[106.699,144.112,280.788],"grabStrength":0,"id":888,"palmNormal":[-0.694325,-0.602342,-0.393824],"palmPosition":[-3.6764,310.572,33.2173],"palmVelocity":[17.4637,-8.40964,-132.993],"palmWidth":89.7729,"pinchStrength":1,"r":[[0.906985,-0.332279,0.258782],[0.403238,0.862466,-0.305863],[-0.121559,0.381764,0.916231]],"s":0.862031,"sphereCenter":[-25.9891,282.381,-4.24378],"sphereRadius":47.4132,"stabilizedPalmPosition":[-55.4744,290.159,224.218],"t":[69.0623,30.6675,-228.788],"timeVisible":0.524197,"type":"right","wrist":[1.22511,282.164,78.8482]}],"id":4458589,"interactionBox":{"center":[0,200,0],"size":[235.247,235.247,147.751]},"pointables":[{"bases":[[[0.922069,0.382198,0.0609343],[-0.29158,0.58248,0.758748],[0.254499,-0.717385,0.648528]],[[0.765474,0.617756,-0.180078],[-0.467997,0.726556,0.503087],[0.441621,-0.300824,0.845267]],[[0.765474,0.617756,-0.180078],[-0.618487,0.783577,0.0589945],[0.177549,0.0662172,0.981882]],[[0.765474,0.617756,-0.180078],[-0.610577,0.608995,-0.506281],[-0.203091,0.497496,0.843357]]],"btipPosition":[-49.5845,292.846,-8.02492],"carpPosition":[-26.5515,291.746,86.1079],"dipPosition":[-54.274,304.334,11.4486],"direction":[-0.177549,-0.0662173,-0.981882],"extended":false,"handId":888,"id":8880,"length":51.4192,"mcpPosition":[-26.5515,291.746,86.1079],"pipPosition":[-48.3013,306.561,44.4787],"stabilizedTipPosition":[-104.31,273.502,198.603],"timeVisible":0.524197,"tipPosition":[-50.6407,295.029,-3.45696],"tipVelocity":[16.9118,25.3972,-144.252],"tool":false,"touchDistance":-0.52512,"touchZone":"hovering","type":0,"width":19.9791},{"bases":[[[0.717437,-0.536348,-0.444539],[0.678256,0.683376,0.270121],[0.158909,-0.495306,0.854061]],[[0.734509,-0.619702,-0.276525],[0.660904,0.745719,0.0843159],[0.153959,-0.244687,0.957301]],[[0.734509,-0.619702,-0.276525],[0.642321,0.766352,-0.0112823],[0.218907,-0.169331,0.96094]],[[0.734509,-0.619702,-0.276525],[0.624171,0.776862,-0.0830462],[0.266286,-0.111601,0.957412]]],"btipPosition":[-34.5395,355.814,-59.493],"carpPosition":[-6.76996,303.571,82.132],"dipPosition":[-30.0507,353.932,-43.3538],"direction":[-0.218907,0.169331,-0.96094],"extended":true,"handId":888,"id":8881,"length":58.0209,"mcpPosition":[-18.3044,339.523,20.1396],"pipPosition":[-24.8304,349.894,-20.4382],"stabilizedTipPosition":[-99.8393,337.592,126.083],"timeVisible":0.524197,"tipPosition":[-34.0276,354.243,-55.8395],"tipVelocity":[16.1638,41.6085,-113.883],"tool":false,"touchDistance":-0.543826,"touchZone":"hovering","type":1,"width":19.0841},{"bases":[[[0.606102,-0.706922,-0.364557],[0.793107,0.571822,0.209762],[0.0601761,-0.41627,0.907247]],[[0.607854,-0.721227,-0.332182],[0.339757,0.614346,-0.712141],[0.71769,0.320016,0.618474]],[[0.607854,-0.721227,-0.332182],[-0.478209,0.00146402,-0.878245],[0.6339,0.692697,-0.344008]],[[0.607854,-0.721227,-0.332182],[-0.743345,-0.369758,-0.557421],[0.2792,0.585756,-0.760879]]],"btipPosition":[-58.3348,281.701,8.64349],"carpPosition":[2.89891,298.561,76.7469],"dipPosition":[-53.1582,292.561,-5.46368],"direction":[-0.6339,-0.692697,0.344008],"extended":false,"handId":888,"id":8882,"length":66.1101,"mcpPosition":[-1.2433,327.214,14.2968],"pipPosition":[-35.3735,311.996,-15.1152],"stabilizedTipPosition":[-102.34,242.253,221.786],"timeVisible":0.524197,"tipPosition":[-57.4469,283.985,5.33335],"tipVelocity":[23.3052,-5.24503,-131.089],"tool":false,"touchDistance":0.333333,"touchZone":"none","type":2,"width":18.7431},{"bases":[[[0.546827,-0.801556,-0.241843],[0.835898,0.506293,0.211995],[-0.0474819,-0.318081,0.946874]],[[0.548211,-0.789215,-0.276773],[0.454443,0.558914,-0.693611],[0.702101,0.254468,0.665057]],[[0.548211,-0.789215,-0.276773],[-0.386007,0.0548109,-0.920866],[0.741932,0.611666,-0.274594]],[[0.548211,-0.789215,-0.276773],[-0.72175,-0.279245,-0.633324],[0.422542,0.546956,-0.722702]]],"btipPosition":[-45.2176,272.519,4.79349],"carpPosition":[10.8651,290.879,71.8019],"dipPosition":[-37.4285,282.602,-8.52885],"direction":[-0.741932,-0.611665,0.274594],"extended":false,"handId":888,"id":8883,"length":63.5667,"mcpPosition":[13.7996,310.537,13.2831],"pipPosition":[-17.1504,299.32,-16.0339],"stabilizedTipPosition":[-88.1578,234.426,229.334],"timeVisible":0.524197,"tipPosition":[-43.619,274.454,2.40971],"tipVelocity":[23.4044,-0.815625,-140.329],"tool":false,"touchDistance":0.333333,"touchZone":"none","type":3,"width":17.8352},{"bases":[[[0.391975,-0.905545,-0.162308],[0.903273,0.345355,0.254614],[-0.174511,-0.246411,0.953325]],[[0.408599,-0.873453,-0.264813],[0.541761,0.465598,-0.699795],[0.734535,0.14247,0.663446]],[[0.408599,-0.873453,-0.264813],[-0.36537,0.109346,-0.924418],[0.836392,0.474471,-0.274455]],[[0.408599,-0.873453,-0.264813],[-0.745554,-0.152044,-0.64887],[0.526495,0.46256,-0.713331]]],"btipPosition":[-26.736,270.041,7.0893],"carpPosition":[13.9991,277.937,67.3464],"dipPosition":[-17.7823,277.908,-5.04178],"direction":[-0.836392,-0.474471,0.274455],"extended":false,"handId":888,"id":8884,"length":49.8351,"mcpPosition":[23.9828,292.034,12.8071],"pipPosition":[-1.64232,287.064,-10.338],"stabilizedTipPosition":[-73.3685,241.828,218.953],"timeVisible":0.524197,"tipPosition":[-24.884,271.487,5.09932],"tipVelocity":[23.0017,-0.280362,-142.277],"tool":false,"touchDistance":0.333333,"touchZone":"none","type":4,"width":15.8426}],"r":[[0.906985,-0.332279,0.258782],[0.403238,0.862466,-0.305863],[-0.121559,0.381764,0.916231]],"s":0.862031,"t":[69.0623,30.6675,-228.788],"timestamp":607264902269},false],[3,{"currentFrameRate":106.314,"devices":[],"gestures":[],"hands":[{"armBasis":[[0.613801,-0.469334,-0.634802],[0.682666,0.719396,0.128204],[0.396504,-0.512049,0.761965]],"armWidth":62.8676,"confidence":0.752246,"direction":[0.0643002,0.493346,-0.867453],"elbow":[107.143,145.524,280.859],"grabStrength":0,"id":888,"palmNormal":[-0.693471,-0.602987,-0.39434],"palmPosition":[-3.40829,310.357,32.2653],"palmVelocity":[20.753,-12.6113,-124.885],"palmWidth":89.7729,"pinchStrength":1,"r":[[0.907296,-0.331941,0.258125],[0.402451,0.863383,-0.304307],[-0.121849,0.379979,0.916934]],"s":0.863245,"sphereCenter":[-25.6403,282.074,-5.26498],"sphereRadius":47.4802,"stabilizedPalmPosition":[-55.474,290.159,224.216],"t":[69.2844,30.5065,-229.773],"timeVisible":0.533359,"type":"right","wrist":[1.51865,281.928,77.8805]}],"id":4458590,"interactionBox":{"center":[0,200,0],"size":[235.247,235.247,147.751]},"pointables":[{"bases":[[[0.921571,0.383329,0.0613735],[-0.292492,0.581662,0.759024],[0.255257,-0.717446,0.648163]],[[0.765916,0.617739,-0.178243],[-0.468524,0.726113,0.503234],[0.440292,-0.301924,0.845568]],[[0.765916,0.617739,-0.178243],[-0.617552,0.783972,0.0633778],[0.178889,0.0615326,0.981943]],[[0.765916,0.617739,-0.178243],[-0.611199,0.613533,-0.500013],[-0.19952,0.491911,0.847476]]],"btipPosition":[-49.3668,292.911,-9.10536],"carpPosition":[-26.2718,291.47,85.1395],"dipPosition":[-53.9738,304.27,10.4633],"direction":[-0.178889,-0.0615326,-0.981943],"extended":false,"handId":888,"id":8880,"length":51.4192,"mcpPosition":[-26.2718,291.47,85.1395],"pipPosition":[-47.9561,306.34,43.4954],"stabilizedTipPosition":[-104.309,273.502,198.601],"timeVisible":0.533359,"tipPosition":[-50.3819,294.998,-4.48785],"tipVelocity":[19.3979,19.4046,-136.248],"tool":false,"touchDistance":-0.51682,"touchZone":"hovering","type":0,"width":19.9791},{"bases":[[[0.718218,-0.535176,-0.44469],[0.677329,0.684074,0.270681],[0.159339,-0.495609,0.853805]],[[0.735344,-0.618392,-0.277239],[0.660031,0.746299,0.0860045],[0.153719,-0.246229,0.956944]],[[0.735344,-0.618392,-0.277239],[0.641292,0.767227,-0.0103764],[0.219122,-0.170161,0.960745]],[[0.735344,-0.618392,-0.277239],[0.622952,0.77787,-0.0827626],[0.266835,-0.111847,0.95723]]],"btipPosition":[-34.3092,355.677,-60.4084],"carpPosition":[-6.50426,303.323,81.1752],"dipPosition":[-29.8111,353.792,-44.2723],"direction":[-0.219122,0.170161,-0.960745],"extended":true,"handId":888,"id":8881,"length":58.0209,"mcpPosition":[-18.0699,339.297,19.2013],"pipPosition":[-24.5857,349.734,-21.3613],"stabilizedTipPosition":[-99.8226,337.596,126.038],"timeVisible":0.533359,"tipPosition":[-33.7739,354.125,-56.7599],"tipVelocity":[18.7309,25.8223,-110.011],"tool":false,"touchDistance":-0.531519,"touchZone":"hovering","type":1,"width":19.0841},{"bases":[[[0.60708,-0.705939,-0.364835],[0.792335,0.572701,0.210284],[0.0604937,-0.41673,0.907015]],[[0.608837,-0.72021,-0.332588],[0.339895,0.615646,-0.710951],[0.71679,0.319808,0.619624]],[[0.608837,-0.72021,-0.332588],[-0.47769,0.00187742,-0.878527],[0.633348,0.693754,-0.342894]],[[0.608837,-0.72021,-0.332588],[-0.742779,-0.370331,-0.557794],[0.278562,0.586646,-0.760428]]],"btipPosition":[-58.0132,281.464,7.60759],"carpPosition":[3.17218,298.328,75.7893],"dipPosition":[-52.8485,292.341,-6.49122],"direction":[-0.633348,-0.693754,0.342894],"extended":false,"handId":888,"id":8882,"length":66.1101,"mcpPosition":[-0.991887,327.013,13.3552],"pipPosition":[-35.0793,311.805,-16.1115],"stabilizedTipPosition":[-102.338,242.254,221.781],"timeVisible":0.533359,"tipPosition":[-57.1208,283.746,4.32256],"tipVelocity":[26.5092,-10.8831,-126.006],"tool":false,"touchDistance":0.333333,"touchZone":"none","type":2,"width":18.7431},{"bases":[[[0.547897,-0.80072,-0.24219],[0.835208,0.507225,0.212487],[-0.0472977,-0.3187,0.946675]],[[0.549267,-0.788437,-0.276897],[0.455104,0.560143,-0.692185],[0.700846,0.254178,0.666489]],[[0.549267,-0.788437,-0.276897],[-0.385985,0.0545163,-0.920893],[0.741162,0.612694,-0.274381]],[[0.549267,-0.788437,-0.276897],[-0.721929,-0.280831,-0.632418],[0.420861,0.547266,-0.723447]]],"btipPosition":[-44.8376,272.317,3.79031],"carpPosition":[11.1492,290.659,70.8416],"dipPosition":[-37.0794,282.405,-9.54577],"direction":[-0.741162,-0.612694,0.274381],"extended":false,"handId":888,"id":8883,"length":63.5667,"mcpPosition":[14.0723,310.356,12.3351],"pipPosition":[-16.8224,299.151,-17.045],"stabilizedTipPosition":[-88.1574,234.427,229.332],"timeVisible":0.533359,"tipPosition":[-43.2578,274.25,1.38593],"tipVelocity":[28.2274,-6.70351,-131.83],"tool":false,"touchDistance":0.333333,"touchZone":"none","type":3,"width":17.8352},{"bases":[[[0.393158,-0.904952,-0.162753],[0.902776,0.346347,0.255027],[-0.174418,-0.247195,0.953138]],[[0.409621,-0.873157,-0.264212],[0.542231,0.465948,-0.699199],[0.733619,0.143143,0.664314]],[[0.409621,-0.873157,-0.264212],[-0.365245,0.108425,-0.924576],[0.835947,0.475228,-0.274503]],[[0.409621,-0.873157,-0.264212],[-0.745609,-0.153569,-0.648447],[0.525622,0.462616,-0.713939]]],"btipPosition":[-26.3843,269.834,6.11372],"carpPosition":[14.3007,277.724,66.3792],"dipPosition":[-17.4455,277.702,-6.02768],"direction":[-0.835947,-0.475228,0.274503],"extended":false,"handId":888,"id":8884,"length":49.8351,"mcpPosition":[24.2791,291.866,11.8506],"pipPosition":[-1.3141,286.872,-11.3248],"stabilizedTipPosition":[-73.3682,241.828,218.952],"timeVisible":0.533359,"tipPosition":[-24.5396,271.282,4.10025],"tipVelocity":[27.1853,-6.49637,-132.371],"tool":false,"touchDistance":0.333333,"touchZone":"none","type":4,"width":15.8426}],"r":[[0.907296,-0.331941,0.258125],[0.402451,0.863383,-0.304307],[-0.121849,0.379979,0.916934]],"s":0.863245,"t":[69.2844,30.5065,-229.773],"timestamp":607264911431},false],[4,{"currentFrameRate":106.572,"devices":[],"gestures":[],"hands":[{"armBasis":[[0.623348,-0.461043,-0.631567],[0.67507,0.724901,0.137108],[0.394611,-0.511818,0.763102]],"armWidth":62.8676,"confidence":0.754585,"direction":[0.0654865,0.501737,-0.862538],"elbow":[106.634,145.532,279.626],"grabStrength":0,"id":888,"palmNormal":[-0.685488,-0.605528,-0.404279],"palmPosition":[-3.37152,310.671,30.9559],"palmVelocity":[16.2266,0.398364,-130.894],"palmWidth":89.7729,"pinchStrength":1,"r":[[0.907797,-0.330521,0.258188],[0.400677,0.865373,-0.300978],[-0.123949,0.376676,0.918015]],"s":0.864328,"sphereCenter":[-25.0417,282.384,-7.04875],"sphereRadius":47.588,"stabilizedPalmPosition":[-55.4737,290.159,224.215],"t":[69.4138,30.5827,-230.92],"timeVisible":0.542269,"type":"right","wrist":[1.51478,281.874,76.3446]}],"id":4458591,"interactionBox":{"center":[0,200,0],"size":[235.247,235.247,147.751]},"pointables":[{"bases":[[[0.917689,0.390931,0.0708473],[-0.30258,0.572139,0.762301],[0.257473,-0.720992,0.643334]],[[0.762882,0.624825,-0.166147],[-0.477214,0.717559,0.507322],[0.436208,-0.307739,0.845588]],[[0.762882,0.624825,-0.166147],[-0.622667,0.779225,0.0713723],[0.174061,0.0490057,0.983515]],[[0.762882,0.624825,-0.166147],[-0.613739,0.619051,-0.489999],[-0.20331,0.475783,0.855743]]],"btipPosition":[-49.0502,293.624,-10.9823],"carpPosition":[-26.4062,291.103,83.5073],"dipPosition":[-53.7447,304.611,8.77726],"direction":[-0.174061,-0.0490057,-0.983515],"extended":false,"handId":888,"id":8880,"length":51.4192,"mcpPosition":[-26.4062,291.103,83.5073],"pipPosition":[-47.8894,306.259,41.8622],"stabilizedTipPosition":[-104.309,273.503,198.599],"timeVisible":0.542269,"tipPosition":[-50.0424,295.535,-6.30045],"tipVelocity":[23.1767,33.2883,-155.164],"tool":false,"touchDistance":-0.520967,"touchZone":"hovering","type":0,"width":19.9791},{"bases":[[[0.725834,-0.524722,-0.444783],[0.66942,0.687586,0.281252],[0.158247,-0.501889,0.850333]],[[0.742611,-0.609088,-0.278461],[0.652813,0.751168,0.0978874],[0.149549,-0.254475,0.955446]],[[0.742611,-0.609088,-0.278461],[0.63435,0.773045,0.000799185],[0.214776,-0.177235,0.960447]],[[0.742611,-0.609088,-0.278461],[0.616188,0.784281,-0.0722136],[0.262376,-0.117958,0.957729]]],"btipPosition":[-34.0905,356.597,-61.4901],"carpPosition":[-6.7203,303.166,79.7792],"dipPosition":[-29.6676,354.609,-45.3457],"direction":[-0.214776,0.177235,-0.960447],"extended":true,"handId":888,"id":8881,"length":58.0209,"mcpPosition":[-18.2068,339.596,18.0574],"pipPosition":[-24.5458,350.383,-22.4418],"stabilizedTipPosition":[-99.802,337.602,125.981],"timeVisible":0.542269,"tipPosition":[-33.5424,355.036,-57.8562],"tipVelocity":[19.7858,46.1917,-113.055],"tool":false,"touchDistance":-0.522898,"touchZone":"hovering","type":1,"width":19.0841},{"bases":[[[0.615714,-0.697182,-0.367197],[0.785805,0.577791,0.220608],[0.058359,-0.424377,0.903603]],[[0.617386,-0.711676,-0.335188],[0.339884,0.625589,-0.702223],[0.709446,0.319618,0.628117]],[[0.617386,-0.711676,-0.335188],[-0.471608,0.00618328,-0.881787],[0.629619,0.70248,-0.331814]],[[0.617386,-0.711676,-0.335188],[-0.735854,-0.371819,-0.565924],[0.278125,0.596043,-0.753246]]],"btipPosition":[-57.5415,281.559,5.61723],"carpPosition":[3.03502,298.306,74.412],"dipPosition":[-52.3849,292.61,-8.34843],"direction":[-0.629619,-0.70248,0.331814],"extended":false,"handId":888,"id":8882,"length":66.1101,"mcpPosition":[-0.982106,327.518,12.2127],"pipPosition":[-34.7203,312.319,-17.6578],"stabilizedTipPosition":[-102.337,242.255,221.777],"timeVisible":0.542269,"tipPosition":[-56.6419,283.872,2.38599],"tipVelocity":[33.6501,-3.79758,-151.582],"tool":false,"touchDistance":0.333333,"touchZone":"none","type":2,"width":18.7431},{"bases":[[[0.556591,-0.793593,-0.2458],[0.829247,0.512681,0.222502],[-0.0505589,-0.327672,0.943438]],[[0.558067,-0.781083,-0.280127],[0.455341,0.570475,-0.683537],[0.693704,0.253906,0.674022]],[[0.558067,-0.781083,-0.280127],[-0.380933,0.0587606,-0.922734],[0.737192,0.621657,-0.264748]],[[0.558067,-0.781083,-0.280127],[-0.716039,-0.28269,-0.638258],[0.419343,0.556773,-0.717046]]],"btipPosition":[-44.2218,272.558,1.88307],"carpPosition":[11.1121,290.754,69.4477],"dipPosition":[-36.4916,282.822,-11.335],"direction":[-0.737192,-0.621657,0.264748],"extended":false,"handId":888,"id":8883,"length":63.5667,"mcpPosition":[14.2368,311.005,11.1413],"pipPosition":[-16.3431,299.813,-18.5709],"stabilizedTipPosition":[-88.1569,234.427,229.33],"timeVisible":0.542269,"tipPosition":[-42.6599,274.526,-0.525035],"tipVelocity":[39.161,3.7204,-153.386],"tool":false,"touchDistance":0.333333,"touchZone":"none","type":3,"width":17.8352},{"bases":[[[0.40228,-0.899911,-0.168318],[0.897976,0.352031,0.264033],[-0.178353,-0.257361,0.949713]],[[0.418921,-0.867556,-0.268051],[0.544453,0.476242,-0.690482],[0.726689,0.143316,0.671851]],[[0.418921,-0.867556,-0.268051],[-0.359625,0.112542,-0.926285],[0.833772,0.484438,-0.264849]],[[0.418921,-0.867556,-0.268051],[-0.740442,-0.155509,-0.653883],[0.525596,0.472401,-0.707521]]],"btipPosition":[-25.7678,270.23,4.26183],"carpPosition":[14.4079,277.888,64.8898],"dipPosition":[-16.8294,278.264,-7.77044],"direction":[-0.833772,-0.484438,0.264849],"extended":false,"handId":888,"id":8884,"length":49.8351,"mcpPosition":[24.6114,292.612,10.5571],"pipPosition":[-0.739975,287.612,-12.8813],"stabilizedTipPosition":[-73.3678,241.828,218.95],"timeVisible":0.542269,"tipPosition":[-23.9336,271.705,2.25299],"tipVelocity":[38.6195,8.53285,-152.151],"tool":false,"touchDistance":0.333333,"touchZone":"none","type":4,"width":15.8426}],"r":[[0.907797,-0.330521,0.258188],[0.400677,0.865373,-0.300978],[-0.123949,0.376676,0.918015]],"s":0.864328,"t":[69.4138,30.5827,-230.92],"timestamp":607264920341},false],[5,{"currentFrameRate":106.649,"devices":[],"gestures":[],"hands":[{"armBasis":[[0.628908,-0.457306,-0.628766],[0.669853,0.729249,0.139617],[0.394679,-0.508987,0.764958]],"armWidth":62.8676,"confidence":0.75607,"direction":[0.0671799,0.503657,-0.861288],"elbow":[106.652,146.265,278.8],"grabStrength":0,"id":888,"palmNormal":[-0.679872,-0.608696,-0.408978],"palmPosition":[-3.29648,310.703,29.661],"palmVelocity":[13.9531,1.26809,-133.51],"palmWidth":89.7729,"pinchStrength":1,"r":[[0.908296,-0.328441,0.259086],[0.398578,0.867515,-0.297579],[-0.127024,0.373556,0.918869]],"s":0.865234,"sphereCenter":[-24.5633,282.27,-8.55813],"sphereRadius":47.6575,"stabilizedPalmPosition":[-55.4735,290.159,224.214],"t":[69.5161,30.6369,-232.141],"timeVisible":0.551504,"type":"right","wrist":[1.51412,281.853,75.0238]}],"id":4458592,"interactionBox":{"center":[0,200,0],"size":[235.247,235.247,147.751]},"pointables":[{"bases":[[[0.915055,0.396028,0.0764006],[-0.309868,0.56903,0.7617],[0.25818,-0.720671,0.643409]],[[0.761235,0.628473,-0.159823],[-0.483371,0.714213,0.506213],[0.432289,-0.308093,0.84747]],[[0.761235,0.628473,-0.159823],[-0.625821,0.776555,0.0728714],[0.169909,0.0445487,0.984452]],[[0.761235,0.628473,-0.159823],[-0.615011,0.62153,-0.485243],[-0.205627,0.467677,0.859648]]],"btipPosition":[-48.7544,293.785,-12.6491],"carpPosition":[-26.4966,290.909,82.0549],"dipPosition":[-53.5024,304.584,7.2006],"direction":[-0.169909,-0.0445487,-0.984452],"extended":false,"handId":888,"id":8880,"length":51.4192,"mcpPosition":[-26.4966,290.909,82.0549],"pipPosition":[-47.7867,306.083,40.3171],"stabilizedTipPosition":[-104.308,273.503,198.596],"timeVisible":0.551504,"tipPosition":[-49.7354,295.604,-7.92685],"tipVelocity":[25.2879,27.5333,-161.641],"tool":false,"touchDistance":-0.521895,"touchZone":"hovering","type":0,"width":19.9791},{"bases":[[[0.73116,-0.519773,-0.441861],[0.663986,0.690882,0.286013],[0.156612,-0.502511,0.850268]],[[0.74753,-0.604146,-0.276055],[0.648049,0.754521,0.103583],[0.14571,-0.256329,0.955544]],[[0.74753,-0.604146,-0.276055],[0.629795,0.776742,0.00552361],[0.211087,-0.177987,0.961126]],[[0.74753,-0.604146,-0.276055],[0.611731,0.788114,-0.0682795],[0.258814,-0.117831,0.958713]]],"btipPosition":[-33.8012,356.662,-62.8491],"carpPosition":[-6.86045,303.091,78.4525],"dipPosition":[-29.4384,354.676,-46.688],"direction":[-0.211087,0.177987,-0.961126],"extended":true,"handId":888,"id":8881,"length":58.0209,"mcpPosition":[-18.2282,339.566,16.7354],"pipPosition":[-24.4046,350.432,-23.7679],"stabilizedTipPosition":[-99.7809,337.608,125.922],"timeVisible":0.551504,"tipPosition":[-33.2418,355.117,-59.2185],"tipVelocity":[22.6045,35.2138,-122.507],"tool":false,"touchDistance":-0.519268,"touchZone":"hovering","type":1,"width":19.0841},{"bases":[[[0.621618,-0.692997,-0.365165],[0.781316,0.581862,0.225792],[0.056003,-0.425666,0.903146]],[[0.623204,-0.707543,-0.333166],[0.341132,0.629285,-0.698305],[0.703738,0.321532,0.633538]],[[0.623204,-0.707543,-0.333166],[-0.466736,0.00533485,-0.884381],[0.627515,0.70665,-0.326911]],[[0.623204,-0.707543,-0.333166],[-0.730917,-0.375425,-0.569926],[0.278169,0.598697,-0.751122]]],"btipPosition":[-57.1339,281.381,3.9304],"carpPosition":[2.95071,298.297,73.1284],"dipPosition":[-51.9765,292.481,-9.99587],"direction":[-0.627515,-0.70665,0.326911],"extended":false,"handId":888,"id":8882,"length":66.1101,"mcpPosition":[-0.904244,327.598,10.9606],"pipPosition":[-34.3709,312.307,-19.1677],"stabilizedTipPosition":[-102.336,242.256,221.772],"timeVisible":0.551504,"tipPosition":[-56.2314,283.694,0.728728],"tipVelocity":[36.5972,-7.79177,-160.027],"tool":false,"touchDistance":0.333333,"touchZone":"none","type":2,"width":18.7431},{"bases":[[[0.562405,-0.789962,-0.244255],[0.825118,0.516998,0.2278],[-0.0536744,-0.329655,0.942574]],[[0.563983,-0.777473,-0.278315],[0.456419,0.574353,-0.679559],[0.68819,0.256231,0.678778]],[[0.563983,-0.777473,-0.278315],[-0.376771,0.0576393,-0.924511],[0.734824,0.626269,-0.260422]],[[0.563983,-0.777473,-0.278315],[-0.711717,-0.286719,-0.641288],[0.418786,0.559757,-0.715045]]],"btipPosition":[-43.7264,272.443,0.317595],"carpPosition":[11.0969,290.8,68.1936],"dipPosition":[-36.0064,282.762,-12.8636],"direction":[-0.734824,-0.626269,0.260422],"extended":false,"handId":888,"id":8883,"length":63.5667,"mcpPosition":[14.4141,311.174,9.94056],"pipPosition":[-15.9226,299.878,-19.9813],"stabilizedTipPosition":[-88.1563,234.428,229.327],"timeVisible":0.551504,"tipPosition":[-42.1769,274.423,-2.10814],"tipVelocity":[43.1539,-0.43979,-157.655],"tool":false,"touchDistance":0.333333,"touchZone":"none","type":3,"width":17.8352},{"bases":[[[0.408296,-0.897298,-0.16778],[0.894543,0.356667,0.26941],[-0.1819,-0.260085,0.948298]],[[0.425126,-0.865063,-0.266335],[0.546729,0.479926,-0.686119],[0.721357,0.146074,0.676984]],[[0.425126,-0.865063,-0.266335],[-0.35518,0.111212,-0.928159],[0.832536,0.489181,-0.259974]],[[0.425126,-0.865063,-0.266335],[-0.736623,-0.159672,-0.657185],[0.52598,0.475574,-0.705106]]],"btipPosition":[-25.2793,270.217,2.76928],"carpPosition":[14.4902,277.961,63.6304],"dipPosition":[-16.3344,278.305,-9.22192],"direction":[-0.832536,-0.489181,0.259974],"extended":false,"handId":888,"id":8884,"length":49.8351,"mcpPosition":[24.8966,292.841,9.37872],"pipPosition":[-0.268816,287.745,-14.2387],"stabilizedTipPosition":[-73.3672,241.829,218.947],"timeVisible":0.551504,"tipPosition":[-23.4525,271.703,0.747957],"tipVelocity":[42.6712,6.12724,-154.521],"tool":false,"touchDistance":0.333333,"touchZone":"none","type":4,"width":15.8426}],"r":[[0.908296,-0.328441,0.259086],[0.398578,0.867515,-0.297579],[-0.127024,0.373556,0.918869]],"s":0.865234,"t":[69.5161,30.6369,-232.141],"timestamp":607264929576},false],[6,{"currentFrameRate":106.938,"devices":[],"gestures":[],"hands":[{"armBasis":[[0.62326,-0.468143,-0.626409],[0.675649,0.725686,0.129915],[0.393758,-0.504204,0.768592]],"armWidth":62.8676,"confidence":0.764063,"direction":[0.0696332,0.498002,-0.864375],"elbow":[106.48,147.478,278.289],"grabStrength":0,"id":888,"palmNormal":[-0.68579,-0.60536,-0.404019],"palmPosition":[-3.07412,310.414,28.0229],"palmVelocity":[16.9897,-7.92282,-147.587],"palmWidth":89.7729,"pinchStrength":1,"r":[[0.908241,-0.327998,0.259836],[0.398232,0.868199,-0.296043],[-0.128487,0.372353,0.919154]],"s":0.866325,"sphereCenter":[-24.5418,281.698,-10.1058],"sphereRadius":47.8305,"stabilizedPalmPosition":[-55.4733,290.159,224.214],"t":[69.6784,30.5195,-233.571],"timeVisible":0.560328,"type":"right","wrist":[1.58748,281.792,73.5453]}],"id":4458593,"interactionBox":{"center":[0,200,0],"size":[235.247,235.247,147.751]},"pointables":[{"bases":[[[0.918498,0.388773,0.0722317],[-0.303522,0.57608,0.758951],[0.253448,-0.719019,0.647129]],[[0.767834,0.61952,-0.16317],[-0.474472,0.721052,0.504935],[0.430472,-0.310287,0.847594]],[[0.767834,0.61952,-0.16317],[-0.61628,0.783847,0.0760432],[0.175011,0.0421702,0.983663]],[[0.767834,0.61952,-0.16317],[-0.611309,0.632313,-0.475901],[-0.191656,0.465161,0.86423]]],"btipPosition":[-48.9944,294.246,-14.2105],"carpPosition":[-26.3318,291.124,80.5789],"dipPosition":[-53.4198,304.987,5.74507],"direction":[-0.175011,-0.0421702,-0.983663],"extended":false,"handId":888,"id":8880,"length":51.4192,"mcpPosition":[-26.3318,291.124,80.5789],"pipPosition":[-47.5325,306.406,38.835],"stabilizedTipPosition":[-104.307,273.503,198.594],"timeVisible":0.560328,"tipPosition":[-49.8461,295.93,-9.44279],"tipVelocity":[13.3864,33.7936,-165.028],"tool":false,"touchDistance":-0.521094,"touchZone":"hovering","type":0,"width":19.9791},{"bases":[[[0.725868,-0.528483,-0.440252],[0.670341,0.686952,0.280604],[0.154138,-0.498801,0.852901]],[[0.74186,-0.611782,-0.274531],[0.654625,0.749467,0.0988233],[0.145294,-0.253028,0.956487]],[[0.74186,-0.611782,-0.274531],[0.636156,0.77156,-0.000318453],[0.212012,-0.174408,0.961578]],[[0.74186,-0.611782,-0.274531],[0.61779,0.782766,-0.0749215],[0.260729,-0.114021,0.958655]]],"btipPosition":[-33.3995,356.132,-64.677],"carpPosition":[-6.60166,303.119,76.8654],"dipPosition":[-29.0044,354.209,-48.5169],"direction":[-0.212012,0.174408,-0.961578],"extended":true,"handId":888,"id":8881,"length":58.0209,"mcpPosition":[-17.7898,339.325,14.9572],"pipPosition":[-23.9485,350.05,-25.5861],"stabilizedTipPosition":[-99.7647,337.612,125.878],"timeVisible":0.560328,"tipPosition":[-32.8217,354.621,-61.043],"tipVelocity":[29.0206,9.91543,-145.37],"tool":false,"touchDistance":-0.523097,"touchZone":"hovering","type":1,"width":19.0841},{"bases":[[[0.615035,-0.700327,-0.362317],[0.786629,0.576599,0.220792],[0.0542849,-0.420804,0.905526]],[[0.616565,-0.714709,-0.330209],[0.345969,0.62271,-0.701811],[0.707215,0.31847,0.631208]],[[0.616565,-0.714709,-0.330209],[-0.468251,0.00428206,-0.883585],[0.632921,0.699408,-0.332023]],[[0.616565,-0.714709,-0.330209],[-0.735368,-0.372981,-0.565791],[0.281215,0.591672,-0.755541]]],"btipPosition":[-57.1819,281.44,2.5244],"carpPosition":[3.158,298.212,71.5501],"dipPosition":[-51.968,292.41,-11.4838],"direction":[-0.632921,-0.699408,0.332023],"extended":false,"handId":888,"id":8882,"length":66.1101,"mcpPosition":[-0.578685,327.178,9.21845],"pipPosition":[-34.2107,312.033,-20.7991],"stabilizedTipPosition":[-102.336,242.257,221.768],"timeVisible":0.560328,"tipPosition":[-56.2664,283.718,-0.674631],"tipVelocity":[25.6456,-4.80015,-160.418],"tool":false,"touchDistance":0.333333,"touchZone":"none","type":2,"width":18.7431},{"bases":[[[0.555259,-0.796079,-0.240719],[0.82989,0.511382,0.223095],[-0.0545025,-0.323646,0.944607]],[[0.556862,-0.783904,-0.274589],[0.460393,0.566464,-0.683488],[0.691334,0.25419,0.676347]],[[0.556862,-0.783904,-0.274589],[-0.378663,0.0546429,-0.92392],[0.739269,0.618472,-0.266407]],[[0.556862,-0.783904,-0.274589],[-0.716101,-0.285604,-0.63689],[0.420837,0.551293,-0.720397]]],"btipPosition":[-43.8391,272.348,-0.988947],"carpPosition":[11.2309,290.618,66.6433],"dipPosition":[-36.0813,282.511,-14.2688],"direction":[-0.739269,-0.618472,0.266407],"extended":false,"handId":888,"id":8883,"length":63.5667,"mcpPosition":[14.5993,310.62,8.26458],"pipPosition":[-15.876,299.415,-21.5501],"stabilizedTipPosition":[-88.1558,234.428,229.324],"timeVisible":0.560328,"tipPosition":[-42.2908,274.302,-3.46157],"tipVelocity":[28.319,-4.31773,-155.76],"tool":false,"touchDistance":0.333333,"touchZone":"none","type":3,"width":17.8352},{"bases":[[[0.400413,-0.901666,-0.163303],[0.898053,0.350721,0.265511],[-0.182128,-0.252969,0.950177]],[[0.417153,-0.870543,-0.261034],[0.550474,0.470559,-0.689604],[0.723161,0.143978,0.675506]],[[0.417153,-0.870543,-0.261034],[-0.356079,0.107703,-0.928228],[0.836177,0.480162,-0.265053]],[[0.417153,-0.870543,-0.261034],[-0.739825,-0.158449,-0.653875],[0.527866,0.465885,-0.710147]]],"btipPosition":[-25.4147,269.985,1.41572],"carpPosition":[14.5071,277.724,62.1491],"dipPosition":[-16.4377,277.908,-10.6612],"direction":[-0.836177,-0.480162,0.265053],"extended":false,"handId":888,"id":8884,"length":49.8351,"mcpPosition":[24.9265,292.196,7.78986],"pipPosition":[-0.30184,287.174,-15.776],"stabilizedTipPosition":[-73.3668,241.829,218.945],"timeVisible":0.560328,"tipPosition":[-23.588,271.44,-0.643024],"tipVelocity":[27.2332,-3.79407,-154.821],"tool":false,"touchDistance":0.333333,"touchZone":"none","type":4,"width":15.8426}],"r":[[0.908241,-0.327998,0.2598