{"sensorType":"Leap","data":[[0,{"currentFrameRate":109.432,"devices":[],"gestures":[],"hands":[{"armBasis":[[0.828089,-0.0597245,-0.557406],[0.394927,0.767838,0.504437],[0.39787,-0.637853,0.659426]],"armWidth":63.72,"confidence":0.802316,"direction":[0.115025,0.351956,-0.928922],"elbow":[97.67,132.713,274.315],"grabStrength":0,"id":895,"palmNormal":[-0.417425,-0.831434,-0.366707],"palmPosition":[-12.2181,323.624,44.9146],"palmVelocity":[-3.45595,-11.7256,-181.06],"palmWidth":90.99,"pinchStrength":0.767179,"r":[[0.944757,-0.228089,0.23539],[0.25771,0.960666,-0.103468],[-0.202531,0.158414,0.966378]],"s":0.770513,"sphereCenter":[-32.4881,289.202,8.94349],"sphereRadius":51.4654,"stabilizedPalmPosition":[-10.0209,297.373,261.131],"t":[-2.04423,26.4764,-217.597],"timeVisible":0.867682,"type":"right","wrist":[-9.75507,304.933,96.2697]}],"id":4461592,"interactionBox":{"center":[0,200,0],"size":[235.247,235.247,147.751]},"pointables":[{"bases":[[[0.758523,0.63933,0.126095],[-0.583655,0.580483,0.567791],[0.28981,-0.504279,0.813458]],[[0.639524,0.759493,-0.119077],[-0.739028,0.650029,0.176917],[0.211771,-0.0251411,0.976996]],[[0.639524,0.759493,-0.119077],[-0.766906,0.641056,-0.0300363],[0.053523,0.11053,0.992431]],[[0.639524,0.759493,-0.119077],[-0.729678,0.550913,-0.405048],[-0.24203,0.345926,0.906508]]],"btipPosition":[-47.0857,296.397,-6.8725],"carpPosition":[-40.3541,307.006,96.9498],"dipPosition":[-52.7501,304.492,14.343],"direction":[-0.053523,-0.11053,-0.992431],"extended":false,"handId":895,"id":8950,"length":52.1164,"mcpPosition":[-40.3541,307.006,96.9498],"pipPosition":[-50.9252,308.261,48.1806],"stabilizedTipPosition":[-58.1545,257.621,196.001],"timeVisible":0.867682,"tipPosition":[-49.6107,298.738,-2.14192],"tipVelocity":[20.4075,5.42446,-185.678],"tool":false,"touchDistance":-0.555182,"touchZone":"hovering","type":0,"width":20.25},{"bases":[[[0.907919,-0.364738,-0.206519],[0.407176,0.884412,0.228087],[0.0994559,-0.291174,0.951486]],[[0.912915,-0.401792,-0.071759],[0.407564,0.88798,0.213035],[-0.0218753,-0.223729,0.974406]],[[0.912915,-0.401792,-0.071759],[0.407165,0.908733,0.0917652],[0.0283392,-0.112992,0.993192]],[[0.912915,-0.401792,-0.071759],[0.402427,0.915432,-0.00602099],[0.0681097,-0.0233811,0.997404]]],"btipPosition":[-31.9169,357.726,-59.1437],"carpPosition":[-23.6911,323.562,93.7667],"dipPosition":[-30.7532,357.326,-42.1024],"direction":[-0.0283392,0.112992,-0.993192],"extended":true,"handId":895,"id":8951,"length":58.8075,"mcpPosition":[-31.008,344.983,23.7662],"pipPosition":[-30.0682,354.595,-18.0966],"stabilizedTipPosition":[-39.5573,320.808,116.37],"timeVisible":0.867682,"tipPosition":[-31.0421,358.031,-55.1312],"tipVelocity":[22.992,3.0874,-183.664],"tool":false,"touchDistance":-0.586392,"touchZone":"hovering","type":1,"width":19.3428},{"bases":[[[0.830202,-0.546114,-0.111908],[0.556893,0.803409,0.210723],[-0.0251709,-0.237264,0.971119]],[[0.820472,-0.571582,0.0109079],[0.46797,0.660539,-0.587105],[0.328374,0.486808,0.809437]],[[0.820472,-0.571582,0.0109079],[0.258208,0.353484,-0.899098],[0.510053,0.740502,0.437611]],[[0.820472,-0.571582,0.0109079],[0.104368,0.131001,-0.985873],[0.562079,0.81002,0.167137]]],"btipPosition":[-51.1356,277.606,-31.2743],"carpPosition":[-11.9974,320.796,91.0789],"dipPosition":[-40.5731,292.828,-28.1334],"direction":[-0.510053,-0.740502,-0.437611],"extended":false,"handId":895,"id":8952,"length":67.0064,"mcpPosition":[-10.2412,337.35,23.3259],"pipPosition":[-26.069,313.885,-15.6893],"stabilizedTipPosition":[-25.3534,271.57,56.5407],"timeVisible":0.867682,"tipPosition":[-47.9754,281.955,-31.8755],"tipVelocity":[-18.5291,-4.49903,-158.637],"tool":false,"touchDistance":-0.54043,"touchZone":"touching","type":2,"width":18.9972},{"bases":[[[0.773091,-0.634077,0.0166553],[0.613698,0.754365,0.233039],[-0.160329,-0.169939,0.972325]],[[0.749838,-0.649291,0.127138],[0.578777,0.550619,-0.601528],[0.320562,0.524633,0.78867]],[[0.749838,-0.649291,0.127138],[0.348814,0.224669,-0.909864],[0.562202,0.726598,0.394948]],[[0.749838,-0.649291,0.127138],[0.173625,0.0076809,-0.984782],[0.638433,0.760501,0.118493]]],"btipPosition":[-33.1084,267.905,-20.1947],"carpPosition":[-1.32625,315.038,89.1039],"dipPosition":[-21.18,282.114,-17.9808],"direction":[-0.562202,-0.726598,-0.394948],"extended":false,"handId":895,"id":8953,"length":64.4285,"mcpPosition":[8.71674,325.683,28.1975],"pipPosition":[-5.60583,302.243,-7.03999],"stabilizedTipPosition":[-7.46373,261.798,70.6101],"timeVisible":0.867682,"tipPosition":[-29.6671,272.082,-21.2386],"tipVelocity":[-42.838,-28.4086,-115.588],"tool":false,"touchDistance":-0.5248,"touchZone":"touching","type":3,"width":18.077},{"bases":[[[0.637239,-0.765352,0.0903441],[0.709879,0.628563,0.317773],[-0.299996,-0.138364,0.943853]],[[0.586524,-0.777358,0.227386],[0.73685,0.395597,-0.548228],[0.336216,0.489098,0.804824]],[[0.586524,-0.777358,0.227386],[0.493402,0.120295,-0.861443],[0.642296,0.617449,0.454106]],[[0.586524,-0.777358,0.227386],[0.302612,-0.0500877,-0.951797],[0.751276,0.627061,0.20586]]],"btipPosition":[-14.0085,270.735,-7.69071],"carpPosition":[5.99663,302.891,87.9268],"dipPosition":[-1.05895,281.543,-4.14234],"direction":[-0.642296,-0.617449,-0.454106],"extended":false,"handId":895,"id":8954,"length":50.5107,"mcpPosition":[23.3919,310.914,33.1974],"pipPosition":[11.5036,293.62,4.73943],"stabilizedTipPosition":[15.0256,261.783,87.6479],"timeVisible":0.867682,"tipPosition":[-10.2054,273.497,-7.7751],"tipVelocity":[-20.4538,-7.83368,-174.814],"tool":false,"touchDistance":-0.549211,"touchZone":"hovering","type":4,"width":16.0574}],"r":[[0.944757,-0.228089,0.23539],[0.25771,0.960666,-0.103468],[-0.202531,0.158414,0.966378]],"s":0.770513,"t":[-2.04423,26.4764,-217.597],"timestamp":607293066176},false],[1,{"currentFrameRate":109.364,"devices":[],"gestures":[],"hands":[{"armBasis":[[0.829045,-0.0601045,-0.555943],[0.393156,0.769634,0.503083],[0.397635,-0.63565,0.661691]],"armWidth":63.72,"confidence":0.804334,"direction":[0.117394,0.351284,-0.92888],"elbow":[97.4353,133.262,273.945],"grabStrength":0,"id":895,"palmNormal":[-0.41561,-0.832118,-0.367216],"palmPosition":[-12.2574,323.534,43.9106],"palmVelocity":[-3.67616,-11.176,-160.598],"palmWidth":90.99,"pinchStrength":0.778376,"r":[[0.94338,-0.231638,0.23744],[0.26139,0.959809,-0.102181],[-0.204228,0.15846,0.966013]],"s":0.770271,"sphereCenter":[-32.5303,289.291,7.98901],"sphereRadius":51.285,"stabilizedPalmPosition":[-10.0209,297.373,261.131],"t":[-2.07492,26.3715,-218.835],"timeVisible":0.876948,"type":"right","wrist":[-9.92602,304.888,95.2882]}],"id":4461593,"interactionBox":{"center":[0,200,0],"size":[235.247,235.247,147.751]},"pointables":[{"bases":[[[0.757576,0.640123,0.127753],[-0.58582,0.580427,0.565614],[0.287911,-0.503336,0.814715]],[[0.639583,0.759735,-0.1172],[-0.739503,0.649714,0.176086],[0.209926,-0.025952,0.977373]],[[0.639583,0.759735,-0.1172],[-0.767112,0.640645,-0.0333712],[0.0497304,0.111249,0.992547]],[[0.639583,0.759735,-0.1172],[-0.727079,0.548364,-0.413102],[-0.249579,0.349427,0.903112]]],"btipPosition":[-46.8623,296.258,-7.88753],"carpPosition":[-40.5288,306.933,95.8781],"dipPosition":[-52.7033,304.436,13.2485],"direction":[-0.0497304,-0.111249,-0.992547],"extended":false,"handId":895,"id":8950,"length":52.1164,"mcpPosition":[-40.5288,306.933,95.8781],"pipPosition":[-51.0077,308.229,47.09],"stabilizedTipPosition":[-58.1545,257.621,196],"timeVisible":0.876948,"tipPosition":[-49.3953,298.581,-3.18961],"tipVelocity":[20.2168,0.261151,-164.806],"tool":false,"touchDistance":-0.543496,"touchZone":"hovering","type":0,"width":20.25},{"bases":[[[0.908842,-0.364087,-0.203587],[0.405714,0.884971,0.228523],[0.0969661,-0.290289,0.952014]],[[0.913535,-0.400603,-0.0705071],[0.406172,0.889087,0.211065],[-0.0218662,-0.221453,0.974926]],[[0.913535,-0.400603,-0.0705071],[0.405773,0.909593,0.0893786],[0.0283275,-0.11026,0.993499]],[[0.913535,-0.400603,-0.0705071],[0.401027,0.916025,-0.00864892],[0.0680511,-0.0203742,0.997474]]],"btipPosition":[-31.9133,357.385,-60.2508],"carpPosition":[-23.8716,323.502,92.7294],"dipPosition":[-30.7506,357.037,-43.2083],"direction":[-0.0283275,0.11026,-0.993499],"extended":true,"handId":895,"id":8951,"length":58.8075,"mcpPosition":[-31.0054,344.858,22.6901],"pipPosition":[-30.0659,354.372,-19.1951],"stabilizedTipPosition":[-39.5573,320.809,116.369],"timeVisible":0.876948,"tipPosition":[-31.0035,357.723,-56.2348],"tipVelocity":[16.6226,-7.76273,-165.592],"tool":false,"touchDistance":-0.572688,"touchZone":"hovering","type":1,"width":19.3428},{"bases":[[[0.831016,-0.545454,-0.109049],[0.555554,0.804089,0.21166],[-0.0277657,-0.236475,0.971241]],[[0.821225,-0.570484,0.0117385],[0.465097,0.657318,-0.592974],[0.330566,0.492424,0.805136]],[[0.821225,-0.570484,0.0117385],[0.251176,0.34295,-0.90515],[0.512347,0.74628,0.424931]],[[0.821225,-0.570484,0.0117385],[0.0953627,0.116936,-0.98855],[0.562579,0.812942,0.150434]]],"btipPosition":[-51.3052,277.009,-31.4022],"carpPosition":[-12.1676,320.744,90.0777],"dipPosition":[-40.7332,292.286,-28.5752],"direction":[-0.512347,-0.74628,-0.424931],"extended":false,"handId":895,"id":8952,"length":67.0064,"mcpPosition":[-10.2305,337.243,22.3162],"pipPosition":[-26.1639,313.508,-16.4917],"stabilizedTipPosition":[-25.358,271.572,56.524],"timeVisible":0.876948,"tipPosition":[-48.1076,281.386,-32.1643],"tipVelocity":[-18.3987,-20.9737,-120.069],"tool":false,"touchDistance":-0.517722,"touchZone":"touching","type":2,"width":18.9972},{"bases":[[[0.773612,-0.633361,0.0194224],[0.612339,0.755116,0.234181],[-0.162987,-0.169272,0.971999]],[[0.750104,-0.648485,0.129659],[0.578015,0.54763,-0.604979],[0.321315,0.528742,0.785613]],[[0.750104,-0.648485,0.129659],[0.342604,0.213357,-0.914933],[0.565656,0.730716,0.382213]],[[0.750104,-0.648485,0.129659],[0.163867,-0.00768722,-0.986452],[0.640696,0.761189,0.100499]]],"btipPosition":[-33.2729,267.509,-20.3143],"carpPosition":[-1.48565,314.994,88.1384],"dipPosition":[-21.3021,281.731,-18.4366],"direction":[-0.565656,-0.730716,-0.382213],"extended":false,"handId":895,"id":8953,"length":64.4285,"mcpPosition":[8.72388,325.597,27.2524],"pipPosition":[-5.63234,301.973,-7.84854],"stabilizedTipPosition":[-7.46777,261.799,70.5943],"timeVisible":0.876948,"tipPosition":[-29.8058,271.632,-21.4548],"tipVelocity":[-35.4822,-32.3522,-89.0385],"tool":false,"touchDistance":-0.503607,"touchZone":"touching","type":3,"width":18.077},{"bases":[[[0.637667,-0.764698,0.0928279],[0.708388,0.629472,0.319299],[-0.3026,-0.137848,0.943097]],[[0.586509,-0.776639,0.229867],[0.737479,0.394741,-0.548],[0.334861,0.490929,0.804274]],[[0.586509,-0.776639,0.229867],[0.491641,0.115836,-0.863059],[0.643659,0.619204,0.449766]],[[0.586509,-0.776639,0.229867],[0.298819,-0.0562972,-0.952648],[0.752805,0.627425,0.199055]]],"btipPosition":[-14.0076,270.562,-8.35941],"carpPosition":[5.85159,302.853,86.9927],"dipPosition":[-1.0317,281.376,-4.92833],"direction":[-0.643659,-0.619204,-0.449766],"extended":false,"handId":895,"id":8954,"length":50.5107,"mcpPosition":[23.3979,310.846,32.307],"pipPosition":[11.5575,293.487,3.86856],"stabilizedTipPosition":[15.0249,261.784,87.6452],"timeVisible":0.876948,"tipPosition":[-10.2027,273.321,-8.49367],"tipVelocity":[-14.4859,-10.8507,-146.746],"tool":false,"touchDistance":-0.533059,"touchZone":"hovering","type":4,"width":16.0574}],"r":[[0.94338,-0.231638,0.23744],[0.26139,0.959809,-0.102181],[-0.204228,0.15846,0.966013]],"s":0.770271,"t":[-2.07492,26.3715,-218.835],"timestamp":607293075442},false],[2,{"currentFrameRate":109.536,"devices":[],"gestures":[],"hands":[{"armBasis":[[0.829951,-0.0613919,-0.554449],[0.392907,0.769884,0.502894],[0.395988,-0.635224,0.663087]],"armWidth":63.72,"confidence":0.806948,"direction":[0.1193,0.351782,-0.928449],"elbow":[96.8492,133.202,273.056],"grabStrength":0,"id":895,"palmNormal":[-0.415357,-0.831682,-0.368489],"palmPosition":[-12.2938,323.391,42.6514],"palmVelocity":[-3.79782,-12.5401,-155.78],"palmWidth":90.99,"pinchStrength":0.784127,"r":[[0.942152,-0.234601,0.239397],[0.264467,0.959098,-0.100933],[-0.205927,0.158407,0.965661]],"s":0.769558,"sphereCenter":[-32.4971,289.062,6.69433],"sphereRadius":51.2599,"stabilizedPalmPosition":[-10.0209,297.373,261.131],"t":[-2.10847,26.2475,-220.083],"timeVisible":0.885769,"type":"right","wrist":[-10.0675,304.713,94.022]}],"id":4461594,"interactionBox":{"center":[0,200,0],"size":[235.247,235.247,147.751]},"pointables":[{"bases":[[[0.757668,0.639654,0.129545],[-0.58657,0.58039,0.564875],[0.286138,-0.503975,0.814944]],[[0.640788,0.75912,-0.114571],[-0.738583,0.65029,0.177818],[0.20949,-0.0293236,0.977371]],[[0.640788,0.75912,-0.114571],[-0.766265,0.64159,-0.0346476],[0.047206,0.109994,0.992811]],[[0.640788,0.75912,-0.114571],[-0.723631,0.547383,-0.420393],[-0.256414,0.35229,0.90008]]],"btipPosition":[-46.7359,296.242,-9.14723],"carpPosition":[-40.6702,306.774,94.5564],"dipPosition":[-52.7369,304.487,11.9179],"direction":[-0.047206,-0.109994,-0.992811],"extended":false,"handId":895,"id":8950,"length":52.1164,"mcpPosition":[-40.6702,306.774,94.5564],"pipPosition":[-51.1274,308.237,45.7683],"stabilizedTipPosition":[-58.1544,257.621,196],"timeVisible":0.885769,"tipPosition":[-49.2617,298.524,-4.47961],"tipVelocity":[17.5005,0.182091,-159.367],"tool":false,"touchDistance":-0.53662,"touchZone":"hovering","type":0,"width":20.25},{"bases":[[[0.90903,-0.364435,-0.202118],[0.405746,0.884623,0.229809],[0.0950482,-0.290912,0.952017]],[[0.913516,-0.400566,-0.0709564],[0.406292,0.889659,0.208408],[-0.0203543,-0.219214,0.975465]],[[0.913516,-0.400566,-0.0709564],[0.405659,0.910051,0.0851349],[0.0304719,-0.106556,0.99384]],[[0.913516,-0.400566,-0.0709564],[0.400627,0.916135,-0.0139939],[0.0706111,-0.0156434,0.997381]]],"btipPosition":[-32.0598,356.998,-61.5617],"carpPosition":[-23.9987,323.335,91.4485],"dipPosition":[-30.8534,356.731,-44.5208],"direction":[-0.0304719,0.106556,-0.99384],"extended":true,"handId":895,"id":8951,"length":58.8075,"mcpPosition":[-30.9913,344.737,21.409],"pipPosition":[-30.1168,354.155,-20.4993],"stabilizedTipPosition":[-39.5573,320.809,116.369],"timeVisible":0.885769,"tipPosition":[-31.0889,357.421,-57.5362],"tipVelocity":[7.96115,-16.9494,-161.02],"tool":false,"touchDistance":-0.563422,"touchZone":"hovering","type":1,"width":19.3428},{"bases":[[[0.830936,-0.545818,-0.107834],[0.555576,0.803674,0.213175],[-0.0296913,-0.237045,0.971045]],[[0.821088,-0.570684,0.0115762],[0.463868,0.65531,-0.596151],[0.332628,0.494862,0.802789]],[[0.821088,-0.570684,0.0115762],[0.246786,0.336637,-0.90872],[0.514695,0.748996,0.417246]],[[0.821088,-0.570684,0.0115762],[0.0894071,0.108554,-0.990062],[0.563756,0.813963,0.140155]]],"btipPosition":[-51.4827,276.664,-32.1244],"carpPosition":[-12.2912,320.573,88.8169],"dipPosition":[-40.8886,291.96,-29.4907],"direction":[-0.514695,-0.748996,-0.417246],"extended":false,"handId":895,"id":8952,"length":67.0064,"mcpPosition":[-10.2197,337.112,21.0691],"pipPosition":[-26.2525,313.259,-17.6257],"stabilizedTipPosition":[-25.362,271.574,56.509],"timeVisible":0.885769,"tipPosition":[-48.2816,281.03,-32.9477],"tipVelocity":[-18.7085,-25.7388,-111.121],"tool":false,"touchDistance":-0.505784,"touchZone":"touching","type":2,"width":18.9972},{"bases":[[[0.773248,-0.633773,0.0204769],[0.612293,0.754658,0.235773],[-0.164879,-0.169773,0.971593]],[[0.749336,-0.649024,0.131388],[0.581326,0.549736,-0.599876],[0.317105,0.525888,0.789231]],[[0.749336,-0.649024,0.131388],[0.346285,0.214944,-0.913173],[0.56443,0.729772,0.385813]],[[0.749336,-0.649024,0.131388],[0.166492,-0.00738415,-0.986015],[0.640918,0.760732,0.102524]]],"btipPosition":[-33.0595,267.527,-21.8325],"carpPosition":[-1.60861,314.819,86.894],"dipPosition":[-21.0845,281.741,-19.9169],"direction":[-0.56443,-0.729772,-0.385813],"extended":false,"handId":895,"id":8953,"length":64.4285,"mcpPosition":[8.71943,325.453,26.0334],"pipPosition":[-5.4487,301.957,-9.22914],"stabilizedTipPosition":[-7.47119,261.801,70.5805],"timeVisible":0.885769,"tipPosition":[-29.6887,271.557,-22.7966],"tipVelocity":[-19.3428,-23.1222,-111.195],"tool":false,"touchDistance":-0.504221,"touchZone":"touching","type":3,"width":18.077},{"bases":[[[0.637099,-0.765084,0.0935508],[0.708119,0.628913,0.320993],[-0.304422,-0.138259,0.94245]],[[0.585,-0.777122,0.232067],[0.738572,0.392237,-0.548327],[0.335092,0.49217,0.803419]],[[0.585,-0.777122,0.232067],[0.488432,0.109147,-0.865749],[0.647463,0.619813,0.443422]],[[0.585,-0.777122,0.232067],[0.292336,-0.0648571,-0.954114],[0.756514,0.625999,0.18924]]],"btipPosition":[-14.1756,270.376,-9.23652],"carpPosition":[5.72447,302.675,85.7546],"dipPosition":[-1.13576,281.166,-5.97464],"direction":[-0.647464,-0.619813,-0.443422],"extended":false,"handId":895,"id":8954,"length":50.5107,"mcpPosition":[23.3764,310.692,31.1064],"pipPosition":[11.5279,293.289,2.69817],"stabilizedTipPosition":[15.0243,261.784,87.6431],"timeVisible":0.885769,"tipPosition":[-10.3605,273.139,-9.45395],"tipVelocity":[-15.2667,-13.7811,-135.166],"tool":false,"touchDistance":-0.521827,"touchZone":"hovering","type":4,"width":16.0574}],"r":[[0.942152,-0.234601,0.239397],[0.264467,0.959098,-0.100933],[-0.205927,0.158407,0.965661]],"s":0.769558,"t":[-2.10847,26.2475,-220.083],"timestamp":607293084263},false],[3,{"currentFrameRate":109.585,"devices":[],"gestures":[],"hands":[{"armBasis":[[0.828921,-0.0653339,-0.555538],[0.395304,0.771092,0.499152],[0.395759,-0.633363,0.665]],"armWidth":63.72,"confidence":0.814805,"direction":[0.120574,0.350065,-0.928933],"elbow":[96.7151,133.596,272.603],"grabStrength":0,"id":895,"palmNormal":[-0.417396,-0.831146,-0.367392],"palmPosition":[-12.2977,323.21,41.6534],"palmVelocity":[-2.86889,-14.5985,-143.282],"palmWidth":90.99,"pinchStrength":0.786672,"r":[[0.941018,-0.237391,0.241103],[0.267436,0.958352,-0.100198],[-0.207275,0.158768,0.965313]],"s":0.768335,"sphereCenter":[-32.6066,288.644,5.74721],"sphereRadius":51.3238,"stabilizedPalmPosition":[-10.0209,297.373,261.131],"t":[-2.12717,26.095,-221.207],"timeVisible":0.894807,"type":"right","wrist":[-10.1398,304.604,93.053]}],"id":4461595,"interactionBox":{"center":[0,200,0],"size":[235.247,235.247,147.751]},"pointables":[{"bases":[[[0.759293,0.637861,0.12887],[-0.58526,0.582778,0.563773],[0.284507,-0.503491,0.815814]],[[0.64355,0.756827,-0.114262],[-0.735912,0.65286,0.179464],[0.21042,-0.0314074,0.977106]],[[0.64355,0.756827,-0.114262],[-0.764004,0.644199,-0.0361225],[0.0462687,0.110543,0.992794]],[[0.64355,0.756827,-0.114262],[-0.719643,0.54745,-0.427098],[-0.260687,0.357086,0.896957]]],"btipPosition":[-46.7174,296.187,-10.0442],"carpPosition":[-40.7372,306.746,93.5725],"dipPosition":[-52.8184,304.544,10.9478],"direction":[-0.0462687,-0.110543,-0.992794],"extended":false,"handId":895,"id":8950,"length":52.1164,"mcpPosition":[-40.7372,306.746,93.5725],"pipPosition":[-51.2408,308.314,44.7977],"stabilizedTipPosition":[-58.1544,257.621,196],"timeVisible":0.894807,"tipPosition":[-49.2154,298.43,-5.40322],"tipVelocity":[12.5415,-0.755476,-143.313],"tool":false,"touchDistance":-0.524999,"touchZone":"hovering","type":0,"width":20.25},{"bases":[[[0.908148,-0.367121,-0.201219],[0.407977,0.883903,0.228628],[0.0939241,-0.289721,0.952492]],[[0.912557,-0.402519,-0.0722309],[0.408593,0.890066,0.202076],[-0.0170493,-0.213919,0.976703]],[[0.912557,-0.402519,-0.0722309],[0.407458,0.910004,0.0766185],[0.03489,-0.0993499,0.994441]],[[0.912557,-0.402519,-0.0722309],[0.401866,0.915384,-0.0240027],[0.0757806,-0.00712331,0.997099]]],"btipPosition":[-32.3367,356.287,-62.662],"carpPosition":[-24.0211,323.259,90.446],"dipPosition":[-31.0419,356.165,-45.6259],"direction":[-0.03489,0.0993499,-0.994441],"extended":true,"handId":895,"id":8951,"length":58.8075,"mcpPosition":[-30.9311,344.573,20.3716],"pipPosition":[-30.1986,353.764,-21.5899],"stabilizedTipPosition":[-39.5572,320.809,116.368],"timeVisible":0.894807,"tipPosition":[-31.2846,356.828,-58.6275],"tipVelocity":[-2.05519,-32.9439,-150.23],"tool":false,"touchDistance":-0.551934,"touchZone":"hovering","type":1,"width":19.3428},{"bases":[[[0.829543,-0.548157,-0.106692],[0.5576,0.802536,0.212174],[-0.0306809,-0.235499,0.97139]],[[0.819706,-0.572662,0.0118499],[0.463997,0.651749,-0.599942],[0.335841,0.497274,0.799956]],[[0.819706,-0.572662,0.0118499],[0.243775,0.330068,-0.911937],[0.51832,0.750409,0.410159]],[[0.819706,-0.572662,0.0118499],[0.0847539,0.100804,-0.99129],[0.566479,0.81357,0.131165]]],"btipPosition":[-51.7515,276.296,-32.6353],"carpPosition":[-12.32,320.462,87.8231],"dipPosition":[-41.1062,291.585,-30.1705],"direction":[-0.51832,-0.750409,-0.410159],"extended":false,"handId":895,"id":8952,"length":67.0064,"mcpPosition":[-10.1794,336.893,20.0511],"pipPosition":[-26.3671,312.924,-18.507],"stabilizedTipPosition":[-25.3667,271.575,56.4916],"timeVisible":0.894807,"tipPosition":[-48.5535,280.632,-33.4867],"tipVelocity":[-21.3903,-29.9192,-97.2614],"tool":false,"touchDistance":-0.491785,"touchZone":"touching","type":2,"width":18.9972},{"bases":[[[0.771576,-0.635766,0.0217304],[0.61418,0.753406,0.234867],[-0.165692,-0.167872,0.971785]],[[0.747219,-0.650921,0.134036],[0.586288,0.550677,-0.594156],[0.312938,0.522549,0.793103]],[[0.747219,-0.650921,0.134036],[0.351422,0.21582,-0.911002],[0.564062,0.727821,0.390013]],[[0.747219,-0.650921,0.134036],[0.169991,-0.00777511,-0.985415],[0.642469,0.759106,0.104841]]],"btipPosition":[-32.8843,267.5,-23.1582],"carpPosition":[-1.65176,314.677,85.9129],"dipPosition":[-20.8804,281.683,-21.1993],"direction":[-0.564062,-0.727821,-0.390013],"extended":false,"handId":895,"id":8953,"length":64.4285,"mcpPosition":[8.72721,325.192,25.0403],"pipPosition":[-5.25472,301.845,-10.3952],"stabilizedTipPosition":[-7.47381,261.802,70.5697],"timeVisible":0.894807,"tipPosition":[-29.6716,271.371,-23.8218],"tipVelocity":[-8.46779,-17.7997,-120.67],"tool":false,"touchDistance":-0.501869,"touchZone":"touching","type":3,"width":18.077},{"bases":[[[0.635055,-0.766609,0.0949502],[0.709644,0.627539,0.320314],[-0.30514,-0.136036,0.942541]],[[0.582433,-0.778324,0.234486],[0.740625,0.389212,-0.547712],[0.335033,0.492672,0.803136]],[[0.582433,-0.778324,0.234486],[0.488211,0.104294,-0.866471],[0.64994,0.61914,0.440731]],[[0.582433,-0.778324,0.234486],[0.29001,-0.0705196,-0.954422],[0.759385,0.62389,0.184649]]],"btipPosition":[-14.3044,270.116,-10.0599],"carpPosition":[5.64989,302.512,84.7947],"dipPosition":[-1.21502,280.87,-6.87714],"direction":[-0.64994,-0.61914,-0.440731],"extended":false,"handId":895,"id":8954,"length":50.5107,"mcpPosition":[23.3435,310.4,30.1413],"pipPosition":[11.497,292.979,1.74303],"stabilizedTipPosition":[15.0238,261.784,87.6412],"timeVisible":0.894807,"tipPosition":[-10.5142,272.858,-10.2804],"tipVelocity":[-14.6382,-18.1643,-123.578],"tool":false,"touchDistance":-0.510601,"touchZone":"touching","type":4,"width":16.0574}],"r":[[0.941018,-0.237391,0.241103],[0.267436,0.958352,-0.100198],[-0.207275,0.158768,0.965313]],"s":0.768335,"t":[-2.12717,26.095,-221.207],"timestamp":607293093301},false],[4,{"currentFrameRate":109.626,"devices":[],"gestures":[],"hands":[{"armBasis":[[0.82748,-0.0693498,-0.557196],[0.397539,0.773163,0.494147],[0.396535,-0.630404,0.667346]],"armWidth":63.72,"confidence":0.816425,"direction":[0.122226,0.348479,-0.929313],"elbow":[96.8117,134.266,272.606],"grabStrength":0,"id":895,"palmNormal":[-0.418995,-0.830689,-0.366604],"palmPosition":[-12.321,323.014,40.9947],"palmVelocity":[-2.78719,-16.5505,-123.833],"palmWidth":90.99,"pinchStrength":0.789416,"r":[[0.939947,-0.23999,0.242702],[0.270272,0.957595,-0.0998268],[-0.208453,0.159427,0.964951]],"s":0.766395,"sphereCenter":[-32.6447,288.111,5.12494],"sphereRadius":51.3981,"stabilizedPalmPosition":[-10.0209,297.373,261.131],"t":[-2.14816,25.9207,-222.098],"timeVisible":0.903857,"type":"right","wrist":[-10.2527,304.475,92.4223]}],"id":4461596,"interactionBox":{"center":[0,200,0],"size":[235.247,235.247,147.751]},"pointables":[{"bases":[[[0.760657,0.636275,0.128663],[-0.584413,0.584927,0.562425],[0.282599,-0.503005,0.816777]],[[0.645989,0.75482,-0.113775],[-0.733616,0.655087,0.180745],[0.210962,-0.0332922,0.976927]],[[0.645989,0.75482,-0.113775],[-0.762002,0.64649,-0.0374606],[0.0452782,0.110896,0.9928]],[[0.645989,0.75482,-0.113775],[-0.715724,0.547102,-0.434072],[-0.265399,0.361837,0.893665]]],"btipPosition":[-46.7088,296.101,-10.6199],"carpPosition":[-40.8455,306.689,92.9111],"dipPosition":[-52.9201,304.569,10.2951],"direction":[-0.0452782,-0.110896,-0.9928],"extended":false,"handId":895,"id":8950,"length":52.1164,"mcpPosition":[-40.8455,306.689,92.9111],"pipPosition":[-51.3763,308.35,44.1452],"stabilizedTipPosition":[-58.1544,257.621,195.999],"timeVisible":0.903857,"tipPosition":[-49.1775,298.312,-6.00791],"tipVelocity":[8.5716,-2.39699,-121.865],"tool":false,"touchDistance":-0.509733,"touchZone":"touching","type":0,"width":20.25},{"bases":[[[0.907474,-0.369512,-0.199881],[0.409824,0.883273,0.227758],[0.0923901,-0.288601,0.952981]],[[0.91175,-0.404192,-0.0730822],[0.410526,0.890899,0.194341],[-0.0134422,-0.207192,0.978208]],[[0.91175,-0.404192,-0.0730822],[0.4088,0.910251,0.065778],[0.0399362,-0.0898491,0.995154]],[[0.91175,-0.404192,-0.0730822],[0.40252,0.914664,-0.036973],[0.0817899,0.00429312,0.99664]]],"btipPosition":[-32.6706,355.39,-63.4415],"carpPosition":[-24.0883,323.158,89.7766],"dipPosition":[-31.2732,355.464,-46.4133],"direction":[-0.0399362,0.0898491,-0.995154],"extended":true,"handId":895,"id":8951,"length":58.8075,"mcpPosition":[-30.8854,344.391,19.6661],"pipPosition":[-30.3079,353.292,-22.3601],"stabilizedTipPosition":[-39.5572,320.809,116.367],"timeVisible":0.903857,"tipPosition":[-31.5282,356.097,-59.3939],"tipVelocity":[-10.9485,-49.8165,-132.604],"tool":false,"touchDistance":-0.536794,"touchZone":"touching","type":1,"width":19.3428},{"bases":[[[0.828362,-0.550232,-0.105171],[0.559272,0.801536,0.211554],[-0.0321055,-0.234063,0.971691]],[[0.818484,-0.574393,0.0124879],[0.464971,0.649482,-0.601643],[0.337469,0.498242,0.798667]],[[0.818484,-0.574393,0.0124879],[0.241064,0.323612,-0.914966],[0.521509,0.751896,0.403337]],[[0.818484,-0.574393,0.0124879],[0.0795971,0.0918423,-0.992587],[0.568989,0.813411,0.120891]]],"btipPosition":[-51.9398,275.979,-32.8621],"carpPosition":[-12.3913,320.331,87.1682],"dipPosition":[-41.2474,291.264,-30.5903],"direction":[-0.521509,-0.751896,-0.403337],"extended":false,"handId":895,"id":8952,"length":67.0064,"mcpPosition":[-10.1514,336.661,19.3752],"pipPosition":[-26.4175,312.646,-19.1208],"stabilizedTipPosition":[-25.3732,271.577,56.4676],"timeVisible":0.903857,"tipPosition":[-48.7513,280.274,-33.7533],"tipVelocity":[-20.899,-31.361,-78.6949],"tool":false,"touchDistance":-0.475007,"touchZone":"touching","type":2,"width":18.9972},{"bases":[[[0.770076,-0.637526,0.023321],[0.615717,0.752306,0.234367],[-0.16696,-0.166122,0.971868]],[[0.745333,-0.652555,0.136569],[0.590972,0.551853,-0.588396],[0.308595,0.519259,0.796956]],[[0.745333,-0.652555,0.136569],[0.35657,0.21709,-0.908697],[0.563327,0.725978,0.394486]],[[0.745333,-0.652555,0.136569],[0.173746,-0.00764554,-0.984761],[0.643655,0.757703,0.107681]]],"btipPosition":[-32.6957,267.456,-24.1497],"carpPosition":[-1.73488,314.518,85.2758],"dipPosition":[-20.6697,281.613,-22.1378],"direction":[-0.563327,-0.725978,-0.394486],"extended":false,"handId":895,"id":8953,"length":64.4285,"mcpPosition":[8.72348,324.924,24.398],"pipPosition":[-5.06442,301.724,-11.2097],"stabilizedTipPosition":[-7.47569,261.803,70.5618],"timeVisible":0.903857,"tipPosition":[-29.6204,271.187,-24.5442],"tipVelocity":[-0.22976,-14.4165,-117.232],"tool":false,"touchDistance":-0.494704,"touchZone":"touching","type":3,"width":18.077},{"bases":[[[0.633186,-0.767948,0.0966004],[0.710811,0.626338,0.320077],[-0.306307,-0.134004,0.942454]],[[0.580057,-0.779361,0.236919],[0.742435,0.386163,-0.54742],[0.335149,0.493432,0.802621]],[[0.580057,-0.779361,0.236919],[0.488741,0.100305,-0.866643],[0.651664,0.618495,0.439088]],[[0.580057,-0.779361,0.236919],[0.289391,-0.0747109,-0.954291],[0.761438,0.622105,0.182203]]],"btipPosition":[-14.4203,269.837,-10.5758],"carpPosition":[5.53948,302.335,84.1813],"dipPosition":[-1.2956,280.56,-7.43519],"direction":[-0.651664,-0.618495,-0.439088],"extended":false,"handId":895,"id":8954,"length":50.5107,"mcpPosition":[23.3008,310.105,29.5329],"pipPosition":[11.4502,292.657,1.15285],"stabilizedTipPosition":[15.0233,261.784,87.6393],"timeVisible":0.903857,"tipPosition":[-10.6443,272.566,-10.7939],"tipVelocity":[-13.8865,-21.8607,-105.508],"tool":false,"touchDistance":-0.495758,"touchZone":"touching","type":4,"width":16.0574}],"r":[[0.939947,-0.23999,0.242702],[0.270272,0.957595,-0.0998268],[-0.208453,0.159427,0.964951]],"s":0.766395,"t":[-2.14816,25.9207,-222.098],"timestamp":607293102351},false],[5,{"currentFrameRate":109.648,"devices":[],"gestures":[],"hands":[{"armBasis":[[0.826373,-0.0734871,-0.558308],[0.399763,0.774834,0.489717],[0.396608,-0.627879,0.669679]],"armWidth":63.72,"confidence":0.820785,"direction":[0.124204,0.349413,-0.9287],"elbow":[96.709,134.647,272.542],"grabStrength":0,"id":895,"palmNormal":[-0.420271,-0.829324,-0.368231],"palmPosition":[-12.3354,322.784,40.3224],"palmVelocity":[-2.45491,-18.9771,-110.058],"palmWidth":90.99,"pinchStrength":0.790341,"r":[[0.938915,-0.242529,0.244168],[0.272971,0.956893,-0.099207],[-0.209582,0.159798,0.964645]],"s":0.76428,"sphereCenter":[-32.5203,287.677,4.38885],"sphereRadius":51.3979,"stabilizedPalmPosition":[-10.0209,297.373,261.131],"t":[-2.16586,25.7186,-222.879],"timeVisible":0.912937,"type":"right","wrist":[-10.375,304.174,91.7288]}],"id":4461597,"interactionBox":{"center":[0,200,0],"size":[235.247,235.247,147.751]},"pointables":[{"bases":[[[0.761836,0.63449,0.130494],[-0.583917,0.585445,0.562401],[0.280441,-0.504655,0.816503]],[[0.648346,0.75322,-0.110933],[-0.731426,0.656666,0.183863],[0.211335,-0.0380675,0.976672]],[[0.648346,0.75322,-0.110933],[-0.760073,0.648776,-0.0371302],[0.0440033,0.10839,0.993134]],[[0.648346,0.75322,-0.110933],[-0.712016,0.548272,-0.438669],[-0.269593,0.363396,0.891775]]],"btipPosition":[-46.7039,296.152,-11.3057],"carpPosition":[-40.9637,306.453,92.1797],"dipPosition":[-53.0133,304.657,9.5651],"direction":[-0.0440033,-0.10839,-0.993134],"extended":false,"handId":895,"id":8950,"length":52.1164,"mcpPosition":[-40.9637,306.453,92.1797],"pipPosition":[-51.513,308.353,43.4266],"stabilizedTipPosition":[-58.1544,257.621,195.999],"timeVisible":0.912937,"tipPosition":[-49.1247,298.304,-6.71134],"tipVelocity":[5.66069,0.0873391,-109.355],"tool":false,"touchDistance":-0.497532,"touchZone":"touching","type":0,"width":20.25},{"bases":[[[0.906952,-0.371184,-0.199151],[0.411396,0.882105,0.229441],[0.0905074,-0.290022,0.952731]],[[0.911044,-0.405545,-0.0743847],[0.41217,0.891094,0.189914],[-0.010735,-0.203679,0.978979]],[[0.911044,-0.405545,-0.0743847],[0.409953,0.910236,0.0583946],[0.044026,-0.0836942,0.995518]],[[0.911044,-0.405545,-0.0743847],[0.403067,0.913992,-0.0464232],[0.0868138,0.0123115,0.996148]]],"btipPosition":[-32.9121,354.791,-64.1444],"carpPosition":[-24.1673,322.891,89.0887],"dipPosition":[-31.4289,355.001,-47.1246],"direction":[-0.044026,0.0836942,-0.995518],"extended":true,"handId":895,"id":8951,"length":58.8075,"mcpPosition":[-30.8259,344.228,18.9967],"pipPosition":[-30.3647,352.978,-23.0626],"stabilizedTipPosition":[-39.557,320.81,116.362],"timeVisible":0.912937,"tipPosition":[-31.7046,355.619,-60.0886],"tipVelocity":[-14.6762,-53.3486,-117.394],"tool":false,"touchDistance":-0.522021,"touchZone":"touching","type":1,"width":19.3428},{"bases":[[[0.82733,-0.551857,-0.104779],[0.560692,0.800072,0.21333],[-0.0338969,-0.235243,0.971345]],[[0.817336,-0.576033,0.0121608],[0.466346,0.64901,-0.601089],[0.338355,0.496962,0.79909]],[[0.817336,-0.576033,0.0121608],[0.239752,0.320841,-0.916286],[0.523909,0.751829,0.40034]],[[0.817336,-0.576033,0.0121608],[0.0764161,0.0874587,-0.993233],[0.571072,0.812734,0.115501]]],"btipPosition":[-52.0465,275.848,-33.3477],"carpPosition":[-12.4729,320.042,86.4923],"dipPosition":[-41.3149,291.121,-31.1772],"direction":[-0.523909,-0.751829,-0.40034],"extended":false,"handId":895,"id":8952,"length":67.0064,"mcpPosition":[-10.108,336.454,18.7234],"pipPosition":[-26.4168,312.501,-19.793],"stabilizedTipPosition":[-25.381,271.58,56.4388],"timeVisible":0.912937,"tipPosition":[-48.8702,280.107,-34.2426],"tipVelocity":[-18.093,-26.7499,-72.4305],"tool":false,"touchDistance":-0.463474,"touchZone":"touching","type":2,"width":18.9972},{"bases":[[[0.768688,-0.639192,0.0235229],[0.617002,0.750693,0.236155],[-0.168607,-0.167015,0.971431]],[[0.743361,-0.654455,0.138214],[0.594423,0.551596,-0.585151],[0.306717,0.517136,0.799059]],[[0.743361,-0.654455,0.138214],[0.362441,0.220432,-0.905564],[0.562184,0.723255,0.401062]],[[0.743361,-0.654455,0.138214],[0.180794,-0.00235389,-0.983518],[0.643994,0.756097,0.116572]]],"btipPosition":[-32.5748,267.403,-25.2337],"carpPosition":[-1.82634,314.209,84.6065],"dipPosition":[-20.5425,281.53,-23.0557],"direction":[-0.562184,-0.723255,-0.401062],"extended":false,"handId":895,"id":8953,"length":64.4285,"mcpPosition":[8.73517,324.671,23.7561],"pipPosition":[-4.96883,301.565,-11.9455],"stabilizedTipPosition":[-7.47704,261.803,70.5561],"timeVisible":0.912937,"tipPosition":[-29.5781,271.068,-25.4095],"tipVelocity":[3.56162,-12.2552,-116.665],"tool":false,"touchDistance":-0.489255,"touchZone":"touching","type":3,"width":18.077},{"bases":[[[0.631423,-0.769417,0.0964522],[0.711713,0.624412,0.321828],[-0.307846,-0.134563,0.941872]],[[0.575808,-0.780984,0.241886],[0.743451,0.377056,-0.552368],[0.340186,0.497888,0.797735]],[[0.575808,-0.780984,0.241886],[0.484389,0.0875328,-0.870463],[0.658645,0.618386,0.428702]],[[0.575808,-0.780984,0.241886],[0.282426,-0.0876403,-0.955277],[0.767256,0.618371,0.170106]]],"btipPosition":[-14.862,269.455,-10.6329],"carpPosition":[5.42356,302.011,83.506],"dipPosition":[-1.63693,280.114,-7.70085],"direction":[-0.658645,-0.618386,-0.428702],"extended":false,"handId":895,"id":8954,"length":50.5107,"mcpPosition":[23.2741,309.814,28.8913],"pipPosition":[11.2454,292.209,0.684049],"stabilizedTipPosition":[15.0221,261.785,87.6352],"timeVisible":0.912937,"tipPosition":[-11.0258,272.237,-11.0009],"tipVelocity":[-22.7973,-27.9032,-79.5213],"tool":false,"touchDistance":-0.476092,"touchZone":"touching","type":4,"width":16.0574}],"r":[[0.938915,-0.242529,0.244168],[0.272971,0.956893,-0.099207],[-0.209582,0.159798,0.964645]],"s":0.76428,"t":[-2.16586,25.7186,-222.879],"timestamp":607293111431},false],[6,{"currentFrameRate":109.709,"devices":[],"gestures":[],"hands":[{"armBasis":[[0.826953,-0.0744376,-0.557321],[0.398735,0.776487,0.487932],[0.396432,-0.625721,0.6718]],"armWidth":63.72,"confidence":0.777212,"direction":[0.127535,0.351558,-0.927438],"elbow":[96.4371,134.702,271.99],"grabStrength":0,"id":895,"palmNormal":[-0.418629,-0.828621,-0.371668],"palmPosition":[-12.3752,322.372,39.233],"palmVelocity":[-2.99697,-26.3344,-113.052],"palmWidth":90.99,"pinchStrength":0.794405,"r":[[0.937916,-0.244608,0.245926],[0.27514,0.956389,-0.0980712],[-0.211212,0.159647,0.964315]],"s":0.762116,"sphereCenter":[-32.2981,287.052,3.16013],"sphereRadius":51.429,"stabilizedPalmPosition":[-10.0209,297.373,261.131],"t":[-2.19465,25.4115,-223.815],"timeVisible":0.921944,"type":"right","wrist":[-10.5996,303.646,90.6039]}],"id":4461598,"interactionBox":{"center":[0,200,0],"size":[235.247,235.247,147.751]},"pointables":[{"bases":[[[0.761138,0.634436,0.134759],[-0.586193,0.583981,0.561555],[0.277574,-0.506416,0.816392]],[[0.649141,0.753283,-0.105744],[-0.731168,0.656246,0.186372],[0.209785,-0.0436646,0.976772]],[[0.649141,0.753283,-0.105744],[-0.759618,0.649254,-0.038078],[0.0399716,0.105043,0.993664]],[[0.649141,0.753283,-0.105744],[-0.70862,0.548313,-0.444083],[-0.276539,0.363205,0.889724]]],"btipPosition":[-46.5533,296.012,-12.5139],"carpPosition":[-41.1905,305.914,90.9465],"dipPosition":[-53.0253,304.512,8.30882],"direction":[-0.0399716,-0.105043,-0.993664],"extended":false,"handId":895,"id":8950,"length":52.1164,"mcpPosition":[-41.1905,305.914,90.9465],"pipPosition":[-51.6624,308.093,42.1884],"stabilizedTipPosition":[-58.1544,257.621,195.999],"timeVisible":0.921944,"tipPosition":[-48.9342,298.088,-7.9396],"tipVelocity":[7.5589,-4.2657,-116.504],"tool":false,"touchDistance":-0.494402,"touchZone":"touching","type":0,"width":20.25},{"bases":[[[0.907806,-0.370441,-0.196624],[0.410252,0.881714,0.232965],[0.0870661,-0.292153,0.9524]],[[0.911494,-0.404706,-0.073434],[0.411179,0.891973,0.187928],[-0.0105546,-0.20149,0.979434]],[[0.911494,-0.404706,-0.073434],[0.408823,0.911037,0.0536279],[0.0451975,-0.078903,0.995857]],[[0.911494,-0.404706,-0.073434],[0.401648,0.914251,-0.0531488],[0.0886467,0.0189503,0.995883]]],"btipPosition":[-32.9472,354.098,-65.2769],"carpPosition":[-24.3882,322.364,87.9552],"dipPosition":[-31.4326,354.421,-48.2616],"direction":[-0.0451975,0.078903,-0.995857],"extended":true,"handId":895,"id":8951,"length":58.8075,"mcpPosition":[-30.7936,343.858,17.8875],"pipPosition":[-30.3401,352.514,-24.1914],"stabilizedTipPosition":[-39.5566,320.812,116.353],"timeVisible":0.921944,"tipPosition":[-31.7089,355.028,-61.2122],"tipVelocity":[-11.4925,-59.035,-119.716],"tool":false,"touchDistance":-0.515155,"touchZone":"touching","type":1,"width":19.3428},{"bases":[[[0.827895,-0.551353,-0.102958],[0.559634,0.799765,0.217223],[-0.0374244,-0.237457,0.970677]],[[0.817644,-0.575585,0.0126699],[0.466511,0.649481,-0.600451],[0.337382,0.496866,0.799561]],[[0.817644,-0.575585,0.0126699],[0.237005,0.316457,-0.918523],[0.524679,0.754027,0.395165]],[[0.817644,-0.575585,0.0126699],[0.0717026,0.0799717,-0.994215],[0.571242,0.813822,0.106659]]],"btipPosition":[-51.9889,275.408,-34.1071],"carpPosition":[-12.6833,319.525,85.3957],"dipPosition":[-41.2541,290.701,-32.1028],"direction":[-0.524679,-0.754027,-0.395165],"extended":false,"handId":895,"id":8952,"length":67.0064,"mcpPosition":[-10.0722,336.092,17.6735],"pipPosition":[-26.3342,312.143,-20.8657],"stabilizedTipPosition":[-25.39,271.583,56.4054],"timeVisible":0.921944,"tipPosition":[-48.8122,279.661,-35.0673],"tipVelocity":[-11.3429,-32.7014,-76.8602],"tool":false,"touchDistance":-0.457424,"touchZone":"touching","type":2,"width":18.9972},{"bases":[[[0.768805,-0.638997,0.024927],[0.615875,0.750353,0.240145],[-0.172156,-0.169272,0.970417]],[[0.743016,-0.654544,0.139642],[0.596671,0.553322,-0.581221],[0.303168,0.515177,0.801675]],[[0.743016,-0.654544,0.139642],[0.36592,0.222596,-0.903634],[0.560384,0.722512,0.404903]],[[0.743016,-0.654544,0.139642],[0.184438,-0.000315101,-0.982844],[0.643359,0.756024,0.120488]]],"btipPosition":[-32.3337,267.144,-26.537],"carpPosition":[-2.02784,313.7,83.5363],"dipPosition":[-20.3132,281.27,-24.2858],"direction":[-0.560384,-0.722512,-0.404903],"extended":false,"handId":895,"id":8953,"length":64.4285,"mcpPosition":[8.75601,324.303,22.7493],"pipPosition":[-4.78941,301.285,-13.0692],"stabilizedTipPosition":[-7.47805,261.803,70.5516],"timeVisible":0.921944,"tipPosition":[-29.3515,270.795,-26.6691],"tipVelocity":[9.85649,-16.7768,-123.853],"tool":false,"touchDistance":-0.487959,"touchZone":"touching","type":3,"width":18.077},{"bases":[[[0.631313,-0.769431,0.0970509],[0.710309,0.623908,0.325883],[-0.311295,-0.136798,0.940416]],[[0.574619,-0.781366,0.243473],[0.746645,0.37866,-0.546935],[0.335163,0.496067,0.800989]],[[0.574619,-0.781366,0.243473],[0.48949,0.0896962,-0.867384],[0.655906,0.617593,0.434012]],[[0.574619,-0.781366,0.243473],[0.287799,-0.0855737,-0.95386],[0.766149,0.618178,0.175704]]],"btipPosition":[-14.6052,269.164,-11.9349],"carpPosition":[5.23011,301.507,82.435],"dipPosition":[-1.39921,279.819,-8.9063],"direction":[-0.655906,-0.617593,-0.434012],"extended":false,"handId":895,"id":8954,"length":50.5107,"mcpPosition":[23.2806,309.439,27.9048],"pipPosition":[11.4295,291.898,-0.417553],"stabilizedTipPosition":[15.0209,261.785,87.6306],"timeVisible":0.921944,"tipPosition":[-10.8335,271.931,-12.2056],"tipVelocity":[-8.83368,-29.1526,-96.7113],"tool":false,"