{"sensorType":"Leap","data":[[0,{"currentFrameRate":110.513,"devices":[],"gestures":[],"hands":[{"armBasis":[[-0.859858,-0.510032,0.0225998],[-0.365873,0.646486,0.669472],[0.356063,-0.567383,0.742493]],"armWidth":62.8676,"confidence":0.79192,"direction":[-0.465741,0.240471,-0.851621],"elbow":[89.9779,155.429,292.865],"grabStrength":0,"id":882,"palmNormal":[0.494625,-0.727258,-0.475859],"palmPosition":[-22.0599,321.12,46.0202],"palmVelocity":[5.74963,32.5108,-145.736],"palmWidth":89.7729,"pinchStrength":1,"r":[[0.96448,-0.262913,-0.02558],[0.244451,0.925041,-0.290763],[0.100108,0.274182,0.956453]],"s":0.983329,"sphereCenter":[-9.66189,297.207,8.98522],"sphereRadius":43.1929,"stabilizedPalmPosition":[-23.6061,316.987,69.0575],"t":[1.49642,20.5019,-81.8242],"timeVisible":1.17496,"type":"left","wrist":[-4.87311,306.573,95.0737]}],"id":4455526,"interactionBox":{"center":[0,200,0],"size":[235.247,235.247,147.751]},"pointables":[{"bases":[[[-0.828558,0.438717,0.347877],[0.5511,0.748763,0.368298],[0.0988989,-0.496871,0.86217]],[[-0.776968,0.621423,-0.100767],[0.629352,0.770637,-0.100177],[-0.0154022,0.141252,0.989854]],[[-0.776968,0.621423,-0.100767],[0.505577,0.520553,-0.688053],[0.375118,0.58554,0.71863]],[[-0.776968,0.621423,-0.100767],[0.155516,0.0343575,-0.987236],[0.610029,0.782721,0.123336]]],"btipPosition":[-3.33752,271.366,10.9245],"carpPosition":[22.6086,316.094,86.697],"dipPosition":[10.7484,289.44,13.7724],"direction":[-0.375118,-0.58554,-0.71863],"extended":false,"handId":882,"id":8820,"length":51.4192,"mcpPosition":[22.6086,316.094,86.697],"pipPosition":[23.3672,309.137,37.9468],"stabilizedTipPosition":[-0.142746,273.331,23.8908],"timeVisible":1.17496,"tipPosition":[-0.895976,274.632,12.3721],"tipVelocity":[5.24721,34.4679,-147.581],"tool":false,"touchDistance":-0.453576,"touchZone":"touching","type":0,"width":19.9791},{"bases":[[[-0.801561,-0.593359,0.0736622],[-0.538984,0.770388,0.340584],[0.258837,-0.233296,0.937324]],[[-0.752338,-0.622134,0.216648],[-0.570241,0.779676,0.25871],[0.329867,-0.0710957,0.941346]],[[-0.752338,-0.622134,0.216648],[-0.622275,0.779073,0.0762823],[0.216242,0.0774243,0.973265]],[[-0.752338,-0.622134,0.216648],[-0.647344,0.759164,-0.0679438],[0.122201,0.191362,0.973883]]],"btipPosition":[-37.6764,342.422,-58.9289],"carpPosition":[2.3104,327.547,88.6351],"dipPosition":[-35.6165,345.648,-42.5121],"direction":[-0.216242,-0.0774243,-0.973265],"extended":true,"handId":882,"id":8821,"length":58.0209,"mcpPosition":[-16.4774,344.481,20.599],"pipPosition":[-30.4597,347.494,-19.3026],"stabilizedTipPosition":[-45.4846,339.463,32.9861],"timeVisible":1.17496,"tipPosition":[-36.7884,342.095,-55.1716],"tipVelocity":[33.0691,51.3621,-148.678],"tool":false,"touchDistance":-0.46495,"touchZone":"touching","type":1,"width":19.0841},{"bases":[[[-0.655514,-0.742003,0.140473],[-0.660925,0.653674,0.36863],[0.365348,-0.1488,0.918901]],[[-0.652182,-0.743319,0.148782],[-0.678699,0.48512,-0.551385],[-0.337678,0.460581,0.820877]],[[-0.652182,-0.743319,0.148782],[0.166107,-0.331623,-0.928674],[-0.73964,0.58095,-0.339749]],[[-0.652182,-0.743319,0.148782],[0.615883,-0.633986,-0.467707],[-0.441981,0.213398,-0.871272]]],"btipPosition":[11.4774,289.929,12.9439],"carpPosition":[-8.37834,321.845,89.5476],"dipPosition":[3.28284,293.886,-3.21001],"direction":[0.73964,-0.58095,0.339749],"extended":false,"handId":882,"id":8822,"length":66.1101,"mcpPosition":[-33.527,332.088,26.2953],"pipPosition":[-17.4685,310.185,-12.742],"stabilizedTipPosition":[18.031,294.739,82.201],"timeVisible":1.17496,"tipPosition":[9.49266,291.142,10.3023],"tipVelocity":[8.53782,17.2932,-141.789],"tool":false,"touchDistance":0.333333,"touchZone":"none","type":2,"width":18.7431},{"bases":[[[-0.542905,-0.802964,0.245975],[-0.694086,0.593915,0.406829],[0.472757,-0.0501419,0.879765]],[[-0.546555,-0.802551,0.239144],[-0.797025,0.410899,-0.442621],[-0.256962,0.43252,0.864232]],[[-0.546555,-0.802551,0.239144],[-0.0271147,-0.268461,-0.962909],[-0.836984,0.532767,-0.124968]],[[-0.546555,-0.802551,0.239144],[0.513403,-0.546734,-0.661437],[-0.661585,0.238735,-0.710852]]],"btipPosition":[0.0141941,278.667,14.8767],"carpPosition":[-17.1675,313.597,90.8256],"dipPosition":[-12.1815,283.068,1.77279],"direction":[0.836984,-0.532767,0.124968],"extended":false,"handId":882,"id":8823,"length":63.5667,"mcpPosition":[-46.3849,316.696,36.4543],"pipPosition":[-35.0575,297.63,-1.64276],"stabilizedTipPosition":[9.72416,277.888,87.4389],"timeVisible":1.17496,"tipPosition":[-2.85735,280.044,12.9023],"tipVelocity":[1.62347,19.8712,-156.426],"tool":false,"touchDistance":0.333333,"touchZone":"none","type":3,"width":17.8352},{"bases":[[[-0.362343,-0.890391,0.275521],[-0.725566,0.455016,0.516251],[0.585031,0.0128485,0.810909]],[[-0.412371,-0.888073,0.203167],[-0.876128,0.325466,-0.355629],[-0.249701,0.324651,0.912278]],[[-0.412371,-0.888073,0.203167],[-0.0526781,-0.199394,-0.978503],[-0.909492,0.414208,-0.0354421]],[[-0.412371,-0.888073,0.203167],[0.538577,-0.417514,-0.731859],[-0.734769,0.192376,-0.650466]]],"btipPosition":[-15.7603,276.816,25.3872],"carpPosition":[-21.0483,300.142,91.8589],"dipPosition":[-28.2559,280.088,14.3252],"direction":[0.909492,-0.414208,0.0354421],"extended":false,"handId":882,"id":8824,"length":49.8351,"mcpPosition":[-54.5177,299.407,45.4672],"pipPosition":[-45.8065,288.081,13.6412],"stabilizedTipPosition":[-8.50063,271.473,89.4498],"timeVisible":1.17496,"tipPosition":[-18.5828,277.938,23.675],"tipVelocity":[-6.25317,27.396,-157.275],"tool":false,"touchDistance":0.333333,"touchZone":"none","type":4,"width":15.8426}],"r":[[0.96448,-0.262913,-0.02558],[0.244451,0.925041,-0.290763],[0.100108,0.274182,0.956453]],"s":0.983329,"t":[1.49642,20.5019,-81.8242],"timestamp":607236105675},false],[1,{"currentFrameRate":110.499,"devices":[],"gestures":[],"hands":[{"armBasis":[[-0.860165,-0.509499,0.0229743],[-0.36648,0.648784,0.666912],[0.354696,-0.565235,0.744782]],"armWidth":62.8676,"confidence":0.794062,"direction":[-0.46387,0.241253,-0.852421],"elbow":[89.5558,156.114,292.319],"grabStrength":0,"id":882,"palmNormal":[0.493384,-0.728818,-0.47476],"palmPosition":[-22.0084,321.252,44.8315],"palmVelocity":[5.7292,27.5451,-141.664],"palmWidth":89.7729,"pinchStrength":1,"r":[[0.963617,-0.266233,-0.0237075],[0.248152,0.924065,-0.290731],[0.0993094,0.274271,0.956511]],"s":0.983521,"sphereCenter":[-9.61351,297.33,7.81676],"sphereRadius":43.1974,"stabilizedPalmPosition":[-23.486,317.307,67.2377],"t":[1.53838,20.7268,-83.1922],"timeVisible":1.18403,"type":"left","wrist":[-4.93121,306.686,93.9174]}],"id":4455527,"interactionBox":{"center":[0,200,0],"size":[235.247,235.247,147.751]},"pointables":[{"bases":[[[-0.827895,0.441096,0.346447],[0.552549,0.747495,0.368702],[0.0963342,-0.496675,0.862574]],[[-0.775201,0.623404,-0.102128],[0.63151,0.768864,-0.100216],[-0.0160476,0.142182,0.98971]],[[-0.775201,0.623404,-0.102128],[0.508445,0.519782,-0.686521],[0.374896,0.584118,0.719902]],[[-0.775201,0.623404,-0.102128],[0.151582,0.026621,-0.988086],[0.613258,0.781447,0.115134]]],"btipPosition":[-3.39369,271.433,9.95669],"carpPosition":[22.5877,316.129,85.5755],"dipPosition":[10.7668,289.477,12.6152],"direction":[-0.374896,-0.584118,-0.719902],"extended":false,"handId":882,"id":8820,"length":51.4192,"mcpPosition":[22.5877,316.129,85.5755],"pipPosition":[23.3781,309.126,36.8324],"stabilizedTipPosition":[-0.142215,273.532,22.7015],"timeVisible":1.18403,"tipPosition":[-0.88759,274.741,11.2747],"tipVelocity":[2.60733,26.7641,-137.594],"tool":false,"touchDistance":-0.451723,"touchZone":"touching","type":0,"width":19.9791},{"bases":[[[-0.803236,-0.591194,0.0728133],[-0.537433,0.771994,0.339398],[0.256861,-0.233485,0.93782]],[[-0.75444,-0.619971,0.215537],[-0.568069,0.781242,0.258764],[0.328812,-0.0727824,0.941586]],[[-0.75444,-0.619971,0.215537],[-0.620043,0.780894,0.0758368],[0.215328,0.0764277,0.973546]],[[-0.75444,-0.619971,0.215537],[-0.645054,0.76103,-0.0688443],[0.121348,0.190972,0.974066]]],"btipPosition":[-37.4454,342.628,-60.1418],"carpPosition":[2.31717,327.637,87.4782],"dipPosition":[-35.3998,345.847,-43.7219],"direction":[-0.215328,-0.0764277,-0.973546],"extended":true,"handId":882,"id":8821,"length":58.0209,"mcpPosition":[-16.3272,344.585,19.406],"pipPosition":[-30.2648,347.67,-20.5057],"stabilizedTipPosition":[-45.48,339.465,32.9372],"timeVisible":1.18403,"tipPosition":[-36.5704,342.312,-56.3853],"tipVelocity":[30.8648,43.3777,-144.507],"tool":false,"touchDistance":-0.464971,"touchZone":"touching","type":1,"width":19.0841},{"bases":[[[-0.657681,-0.740189,0.139914],[-0.659722,0.655618,0.367329],[0.363623,-0.149281,0.919507]],[[-0.654246,-0.741555,0.148521],[-0.67728,0.487107,-0.551379],[-0.336532,0.461328,0.820928]],[[-0.654246,-0.741555,0.148521],[0.165654,-0.332128,-0.928574],[-0.737916,0.582913,-0.340135]],[[-0.654246,-0.741555,0.148521],[0.614727,-0.635828,-0.466726],[-0.440536,0.214054,-0.871842]]],"btipPosition":[11.457,289.978,11.7517],"carpPosition":[-8.38795,321.964,88.3782],"dipPosition":[3.28917,293.947,-4.41275],"direction":[0.737916,-0.582913,0.340135],"extended":false,"handId":882,"id":8822,"length":66.1101,"mcpPosition":[-33.4178,332.24,25.0842],"pipPosition":[-17.4138,310.301,-13.9556],"stabilizedTipPosition":[18.031,294.739,82.201],"timeVisible":1.18403,"tipPosition":[9.49602,291.174,9.09105],"tipVelocity":[5.74165,14.0961,-138.986],"tool":false,"touchDistance":0.333333,"touchZone":"none","type":2,"width":18.7431},{"bases":[[[-0.545386,-0.801392,0.24561],[-0.693097,0.595967,0.405511],[0.471349,-0.0509285,0.880475]],[[-0.548782,-0.801003,0.239234],[-0.795684,0.412729,-0.443331],[-0.25637,0.433647,0.863843]],[[-0.548782,-0.801003,0.239234],[-0.0289415,-0.267801,-0.963039],[-0.835465,0.535422,-0.123782]],[[-0.548782,-0.801003,0.239234],[0.510397,-0.54769,-0.662971],[-0.662068,0.241722,-0.709392]]],"btipPosition":[0.00920658,278.682,13.6128],"carpPosition":[-17.2008,313.74,89.6478],"dipPosition":[-12.1954,283.138,0.535857],"direction":[0.835465,-0.535422,0.123782],"extended":false,"handId":882,"id":8823,"length":63.5667,"mcpPosition":[-46.3312,316.887,35.2326],"pipPosition":[-35.0299,297.771,-2.84729],"stabilizedTipPosition":[9.72414,277.888,87.4388],"timeVisible":1.18403,"tipPosition":[-2.86295,280.065,11.6294],"tipVelocity":[0.960226,15.1938,-151.498],"tool":false,"touchDistance":0.333333,"touchZone":"none","type":3,"width":17.8352},{"bases":[[[-0.3651,-0.889282,0.275464],[-0.725103,0.45721,0.51496],[0.583889,0.0117277,0.811748]],[[-0.417816,-0.886519,0.198782],[-0.873449,0.331736,-0.356424],[-0.250033,0.322546,0.912933]],[[-0.417816,-0.886519,0.198782],[-0.0543639,-0.194008,-0.979492],[-0.906904,0.420054,-0.0328651]],[[-0.417816,-0.886519,0.198782],[0.534701,-0.416831,-0.735083],[-0.734524,0.200841,-0.648181]]],"btipPosition":[-15.8079,276.851,24.0513],"carpPosition":[-21.1187,300.295,90.6826],"dipPosition":[-28.2994,280.266,13.0282],"direction":[0.906904,-0.420054,0.0328651],"extended":false,"handId":882,"id":8824,"length":49.8351,"mcpPosition":[-54.5228,299.625,44.2428],"pipPosition":[-45.8,288.372,12.394],"stabilizedTipPosition":[-8.50066,271.473,89.4497],"timeVisible":1.18403,"tipPosition":[-18.6271,278.005,22.3594],"tipVelocity":[-5.94586,21.8812,-154.221],"tool":false,"touchDistance":0.333333,"touchZone":"none","type":4,"width":15.8426}],"r":[[0.963617,-0.266233,-0.0237075],[0.248152,0.924065,-0.290731],[0.0993094,0.274271,0.956511]],"s":0.983521,"t":[1.53838,20.7268,-83.1922],"timestamp":607236114749},false],[2,{"currentFrameRate":110.519,"devices":[],"gestures":[],"hands":[{"armBasis":[[-0.860747,-0.508519,0.0228848],[-0.366039,0.649567,0.666392],[0.353738,-0.565218,0.74525]],"armWidth":62.8676,"confidence":0.796512,"direction":[-0.462364,0.241528,-0.853161],"elbow":[89.2728,156.222,291.811],"grabStrength":0,"id":882,"palmNormal":[0.492818,-0.729884,-0.473708],"palmPosition":[-21.9483,321.356,44.1683],"palmVelocity":[5.98753,23.143,-122.943],"palmWidth":89.7729,"pinchStrength":1,"r":[[0.962834,-0.269201,-0.0219281],[0.251487,0.923161,-0.290738],[0.0985102,0.274418,0.956551]],"s":0.983655,"sphereCenter":[-9.53095,297.452,7.1596],"sphereRadius":43.2095,"stabilizedPalmPosition":[-23.3739,317.602,65.5548],"t":[1.58942,20.8912,-84.2078],"timeVisible":1.19305,"type":"left","wrist":[-4.95887,306.79,93.2846]}],"id":4455528,"interactionBox":{"center":[0,200,0],"size":[235.247,235.247,147.751]},"pointables":[{"bases":[[[-0.827628,0.442634,0.345119],[0.553281,0.746803,0.369006],[0.0944011,-0.496347,0.862976]],[[-0.774082,0.624584,-0.103403],[0.632846,0.767894,-0.0992249],[-0.0174284,0.142246,0.989678]],[[-0.774082,0.624584,-0.103403],[0.51093,0.519885,-0.684595],[0.37383,0.582764,0.721552]],[[-0.774082,0.624584,-0.103403],[0.149218,0.0212704,-0.988575],[0.615249,0.780668,0.109664]]],"btipPosition":[-3.33729,271.548,9.42696],"carpPosition":[22.5863,316.183,84.9733],"dipPosition":[10.8692,289.574,11.9592],"direction":[-0.37383,-0.582764,-0.721552],"extended":false,"handId":882,"id":8820,"length":51.4192,"mcpPosition":[22.5863,316.183,84.9733],"pipPosition":[23.4446,309.178,36.2318],"stabilizedTipPosition":[-0.135978,273.719,21.6083],"timeVisible":1.19305,"tipPosition":[-0.802205,274.869,10.6662],"tipVelocity":[3.93356,22.7788,-116.807],"tool":false,"touchDistance":-0.443266,"touchZone":"touching","type":0,"width":19.9791},{"bases":[[[-0.80429,-0.589847,0.0720944],[-0.53662,0.773056,0.338265],[0.255258,-0.233376,0.938285]],[[-0.755977,-0.61853,0.214288],[-0.566535,0.782219,0.259174],[0.327927,-0.0745283,0.941759]],[[-0.755977,-0.61853,0.214288],[-0.618423,0.782165,0.075968],[0.214597,0.0750902,0.973812]],[[-0.755977,-0.61853,0.214288],[-0.643376,0.762433,-0.0690195],[0.120689,0.190045,0.974329]]],"btipPosition":[-37.2481,342.83,-60.8286],"carpPosition":[2.33195,327.725,86.8432],"dipPosition":[-35.2136,346.033,-44.4043],"direction":[-0.214597,-0.0750902,-0.973812],"extended":true,"handId":882,"id":8821,"length":58.0209,"mcpPosition":[-16.196,344.665,18.7373],"pipPosition":[-30.0961,347.824,-21.1817],"stabilizedTipPosition":[-45.4755,339.467,32.891],"timeVisible":1.19305,"tipPosition":[-36.3852,342.517,-57.0718],"tipVelocity":[28.3185,37.5026,-125.694],"tool":false,"touchDistance":-0.457095,"touchZone":"touching","type":1,"width":19.0841},{"bases":[[[-0.659065,-0.739041,0.139468],[-0.659135,0.656895,0.366101],[0.36218,-0.149356,0.920064]],[[-0.655425,-0.740492,0.148626],[-0.677544,0.489539,-0.548894],[-0.333694,0.46046,0.822572]],[[-0.655425,-0.740492,0.148626],[0.161951,-0.330005,-0.929983],[-0.737692,0.585464,-0.336216]],[[-0.655425,-0.740492,0.148626],[0.612181,-0.636121,-0.469665],[-0.442327,0.216844,-0.870245]]],"btipPosition":[11.4527,290.008,10.8498],"carpPosition":[-8.38354,322.071,87.7324],"dipPosition":[3.25166,294.028,-5.2851],"direction":[0.737692,-0.585464,0.336216],"extended":false,"handId":882,"id":8822,"length":66.1101,"mcpPosition":[-33.3141,332.351,24.4],"pipPosition":[-17.4451,310.454,-14.718],"stabilizedTipPosition":[18.031,294.739,82.2009],"timeVisible":1.19305,"tipPosition":[9.51258,291.192,8.22128],"tipVelocity":[3.79843,11.4801,-128.076],"tool":false,"touchDistance":0.333333,"touchZone":"none","type":2,"width":18.7431},{"bases":[[[-0.547008,-0.800367,0.245345],[-0.692656,0.597319,0.404273],[0.470116,-0.0512006,0.881118]],[[-0.550298,-0.799988,0.239148],[-0.794445,0.41351,-0.444823],[-0.256963,0.434775,0.8631]],[[-0.550298,-0.799988,0.239148],[-0.0281226,-0.268495,-0.962871],[-0.834495,0.536591,-0.125254]],[[-0.550298,-0.799988,0.239148],[0.510275,-0.548921,-0.662046],[-0.660902,0.242291,-0.710284]]],"btipPosition":[0.0529313,278.728,13.0098],"carpPosition":[-17.2114,313.861,88.995],"dipPosition":[-12.1302,283.194,-0.0836405],"direction":[0.834495,-0.536591,0.125254],"extended":false,"handId":882,"id":8823,"length":63.5667,"mcpPosition":[-46.2656,317.026,34.5401],"pipPosition":[-34.9381,297.86,-3.50702],"stabilizedTipPosition":[9.72413,277.888,87.4387],"timeVisible":1.19305,"tipPosition":[-2.81843,280.11,11.0021],"tipVelocity":[2.18069,12.4911,-128.354],"tool":false,"touchDistance":0.333333,"touchZone":"none","type":3,"width":17.8352},{"bases":[[[-0.366904,-0.888533,0.275483],[-0.725031,0.458676,0.513758],[0.582848,0.0112342,0.812504]],[[-0.421861,-0.885412,0.19514],[-0.871327,0.336418,-0.357229],[-0.250646,0.320732,0.913405]],[[-0.421861,-0.885412,0.19514],[-0.055367,-0.18967,-0.980286],[-0.904969,0.424348,-0.0309918]],[[-0.421861,-0.885412,0.19514],[0.531967,-0.416007,-0.737529],[-0.734197,0.207326,-0.646507]]],"btipPosition":[-15.8036,276.877,23.2767],"carpPosition":[-21.1525,300.424,90.0322],"dipPosition":[-28.2895,280.403,12.2821],"direction":[0.904969,-0.424348,0.0309918],"extended":false,"handId":882,"id":8824,"length":49.8351,"mcpPosition":[-54.497,299.781,43.5492],"pipPosition":[-45.7529,288.592,11.684],"stabilizedTipPosition":[-8.50068,271.473,89.4496],"timeVisible":1.19305,"tipPosition":[-18.62,278.054,21.5941],"tipVelocity":[-4.14192,17.451,-135.247],"tool":false,"touchDistance":0.333333,"touchZone":"none","type":4,"width":15.8426}],"r":[[0.962834,-0.269201,-0.0219281],[0.251487,0.923161,-0.290738],[0.0985102,0.274418,0.956551]],"s":0.983655,"t":[1.58942,20.8912,-84.2078],"timestamp":607236123763},false],[3,{"currentFrameRate":110.509,"devices":[],"gestures":[],"hands":[{"armBasis":[[-0.86142,-0.507375,0.0229379],[-0.365501,0.650641,0.665639],[0.352653,-0.565011,0.745921]],"armWidth":62.8676,"confidence":0.798133,"direction":[-0.460465,0.243635,-0.853589],"elbow":[88.9643,156.251,291.461],"grabStrength":0,"id":882,"palmNormal":[0.491162,-0.731059,-0.473617],"palmPosition":[-21.8564,321.421,43.6286],"palmVelocity":[7.13394,18.717,-105.419],"palmWidth":89.7729,"pinchStrength":1,"r":[[0.962034,-0.272173,-0.0202894],[0.254809,0.922315,-0.290529],[0.0977873,0.274329,0.956651]],"s":0.983827,"sphereCenter":[-9.43919,297.574,6.58944],"sphereRadius":43.2287,"stabilizedPalmPosition":[-23.266,317.874,63.9955],"t":[1.6609,21.0057,-84.9855],"timeVisible":1.20211,"type":"left","wrist":[-4.97834,306.763,92.7562]}],"id":4455529,"interactionBox":{"center":[0,200,0],"size":[235.247,235.247,147.751]},"pointables":[{"bases":[[[-0.826698,0.444959,0.344358],[0.555124,0.74478,0.370324],[0.0916923,-0.497307,0.862716]],[[-0.772188,0.626935,-0.103337],[0.635124,0.766323,-0.0967776],[-0.0185162,0.140362,0.989927]],[[-0.772188,0.626935,-0.103337],[0.514099,0.520886,-0.681455],[0.373401,0.579336,0.724528]],[[-0.772188,0.626935,-0.103337],[0.146162,0.0169916,-0.989115],[0.618354,0.778887,0.104755]]],"btipPosition":[-3.32008,271.69,8.94359],"carpPosition":[22.6072,316.077,84.489],"dipPosition":[10.9581,289.675,11.3624],"direction":[-0.373401,-0.579336,-0.724528],"extended":false,"handId":882,"id":8820,"length":51.4192,"mcpPosition":[22.6072,316.077,84.489],"pipPosition":[23.5191,309.164,35.7352],"stabilizedTipPosition":[-0.127611,273.895,20.5939],"timeVisible":1.20211,"tipPosition":[-0.746902,275.007,10.1088],"tipVelocity":[3.87354,20.5479,-100.057],"tool":false,"touchDistance":-0.434914,"touchZone":"touching","type":0,"width":19.9791},{"bases":[[[-0.80623,-0.587379,0.0705632],[-0.534647,0.774473,0.338149],[0.253271,-0.234899,0.938443]],[[-0.758518,-0.6162,0.21201],[-0.563722,0.78368,0.260888],[0.326907,-0.0783738,0.941801]],[[-0.758518,-0.6162,0.21201],[-0.61547,0.784328,0.0776302],[0.214121,0.0716018,0.974179]],[[-0.758518,-0.6162,0.21201],[-0.640398,0.765068,-0.0675342],[0.120587,0.186997,0.974931]]],"btipPosition":[-36.9929,343.193,-61.3632],"carpPosition":[2.38664,327.681,86.3408],"dipPosition":[-34.9602,346.346,-44.9287],"direction":[-0.214121,-0.0716018,-0.974179],"extended":true,"handId":882,"id":8821,"length":58.0209,"mcpPosition":[-15.9972,344.731,18.2234],"pipPosition":[-29.854,348.053,-21.6974],"stabilizedTipPosition":[-45.4707,339.47,32.8423],"timeVisible":1.20211,"tipPosition":[-36.1405,342.87,-57.6058],"tipVelocity":[28.2572,37.8626,-107.183],"tool":false,"touchDistance":-0.447702,"touchZone":"touching","type":1,"width":19.0841},{"bases":[[[-0.661563,-0.73708,0.138015],[-0.657563,0.658674,0.365732],[0.36048,-0.151201,0.920431]],[[-0.657741,-0.738627,0.147674],[-0.676948,0.49367,-0.545923],[-0.330331,0.459043,0.824719]],[[-0.657741,-0.738627,0.147674],[0.156569,-0.325833,-0.932373],[-0.736793,0.590138,-0.329959]],[[-0.657741,-0.738627,0.147674],[0.607451,-0.636065,-0.475841],[-0.4454,0.223275,-0.867045]]],"btipPosition":[11.4773,289.94,9.96657],"carpPosition":[-8.3477,322.059,87.2113],"dipPosition":[3.21934,294.08,-6.10899],"direction":[0.736793,-0.590138,0.329959],"extended":false,"handId":882,"id":8822,"length":66.1101,"mcpPosition":[-33.1612,332.467,23.8537],"pipPosition":[-17.4521,310.637,-15.3663],"stabilizedTipPosition":[18.031,294.739,82.2009],"timeVisible":1.20211,"tipPosition":[9.53683,291.144,7.38314],"tipVelocity":[3.10071,7.0844,-119.187],"tool":false,"touchDistance":0.333333,"touchZone":"none","type":2,"width":18.7431},{"bases":[[[-0.54984,-0.798839,0.243993],[-0.691322,0.599174,0.403812],[0.468776,-0.0533543,0.881704]],[[-0.553016,-0.798457,0.23799],[-0.792657,0.416216,-0.445487],[-0.256647,0.435006,0.863077]],[[-0.553016,-0.798457,0.23799],[-0.0279696,-0.267692,-0.963099],[-0.832701,0.539265,-0.125705]],[[-0.553016,-0.798457,0.23799],[0.509188,-0.549984,-0.662001],[-0.65947,0.244915,-0.710715]]],"btipPosition":[0.054922,278.744,12.4556],"carpPosition":[-17.2029,313.876,88.4558],"dipPosition":[-12.1018,283.259,-0.645797],"direction":[0.832701,-0.539265,0.125705],"extended":false,"handId":882,"id":8823,"length":63.5667,"mcpPosition":[-46.1742,317.174,33.9646],"pipPosition":[-34.8607,297.998,-4.0815],"stabilizedTipPosition":[9.72413,277.888,87.4387],"timeVisible":1.20211,"tipPosition":[-2.81002,280.134,10.4358],"tipVelocity":[1.82382,9.88483,-109.833],"tool":false,"touchDistance":0.333333,"touchZone":"none","type":3,"width":17.8352},{"bases":[[[-0.370053,-0.887591,0.274303],[-0.724276,0.460548,0.513146],[0.581794,0.00877995,0.813289]],[[-0.426386,-0.884019,0.191587],[-0.868964,0.341503,-0.358159],[-0.251192,0.319196,0.913792]],[[-0.426386,-0.884019,0.191587],[-0.0551351,-0.186012,-0.980999],[-0.902859,0.428847,-0.0305724]],[[-0.426386,-0.884019,0.191587],[0.530423,-0.415927,-0.738685],[-0.732698,0.213342,-0.64625]]],"btipPosition":[-15.8254,276.909,22.6509],"carpPosition":[-21.1875,300.45,89.4773],"dipPosition":[-28.2859,280.537,11.6606],"direction":[0.90286,-0.428847,0.0305724],"extended":false,"handId":882,"id":8824,"length":49.8351,"mcpPosition":[-54.4716,299.948,42.9494],"pipPosition":[-45.7085,288.813,11.0706],"stabilizedTipPosition":[-8.50069,271.473,89.4495],"timeVisible":1.20211,"tipPosition":[-18.6369,278.103,20.9599],"tipVelocity":[-3.48307,14.3097,-116.918],"tool":false,"touchDistance":0.333333,"touchZone":"none","type":4,"width":15.8426}],"r":[[0.962034,-0.272173,-0.0202894],[0.254809,0.922315,-0.290529],[0.0977873,0.274329,0.956651]],"s":0.983827,"t":[1.6609,21.0057,-84.9855],"timestamp":607236132830},false],[4,{"currentFrameRate":110.521,"devices":[],"gestures":[],"hands":[{"armBasis":[[-0.861785,-0.50676,0.0228216],[-0.365286,0.651157,0.665253],[0.351984,-0.564968,0.746269]],"armWidth":62.8676,"confidence":0.799877,"direction":[-0.459038,0.244594,-0.854083],"elbow":[88.7716,156.305,291.178],"grabStrength":0,"id":882,"palmNormal":[0.490507,-0.731772,-0.473195],"palmPosition":[-21.7878,321.503,43.2362],"palmVelocity":[7.26373,16.0666,-88.3658],"palmWidth":89.7729,"pinchStrength":1,"r":[[0.961299,-0.274868,-0.0187616],[0.25784,0.921559,-0.290254],[0.0970714,0.274183,0.956766]],"s":0.983886,"sphereCenter":[-9.38945,297.615,6.20908],"sphereRadius":43.2406,"stabilizedPalmPosition":[-23.1649,318.122,62.5764],"t":[1.73096,21.104,-85.5705],"timeVisible":1.21114,"type":"left","wrist":[-4.99285,306.806,92.3806]}],"id":4455530,"interactionBox":{"center":[0,200,0],"size":[235.247,235.247,147.751]},"pointables":[{"bases":[[[-0.826365,0.44626,0.343471],[0.555923,0.74377,0.371154],[0.0898321,-0.497652,0.862712]],[[-0.771605,0.627811,-0.102368],[0.635788,0.766229,-0.0930937],[-0.0199923,0.136916,0.990381]],[[-0.771605,0.627811,-0.102368],[0.517537,0.526032,-0.674868],[0.369841,0.573711,0.730804]],[[-0.771605,0.627811,-0.102368],[0.141105,0.0120114,-0.989922],[0.620254,0.778273,0.0978556]]],"btipPosition":[-3.16065,272.062,8.52889],"carpPosition":[22.618,316.076,84.1484],"dipPosition":[11.1614,290.033,10.7884],"direction":[-0.369841,-0.573711,-0.730804],"extended":false,"handId":882,"id":8820,"length":51.4192,"mcpPosition":[22.618,316.076,84.1484],"pipPosition":[23.6026,309.332,35.3723],"stabilizedTipPosition":[-0.106228,274.084,19.6481],"timeVisible":1.21114,"tipPosition":[-0.566032,275.336,9.63707],"tipVelocity":[7.9767,26.1329,-86.2769],"tool":false,"touchDistance":-0.426526,"touchZone":"touching","type":0,"width":19.9791},{"bases":[[[-0.807292,-0.586049,0.0694679],[-0.533758,0.775288,0.337685],[0.251758,-0.235531,0.938692]],[[-0.760061,-0.614879,0.210313],[-0.562243,0.78449,0.261645],[0.325869,-0.0806189,0.941971]],[[-0.760061,-0.614879,0.210313],[-0.613799,0.785556,0.0784414],[0.213445,0.0694697,0.974482]],[[-0.760061,-0.614879,0.210313],[-0.638644,0.766601,-0.0667627],[0.120175,0.185059,0.975352]]],"btipPosition":[-36.7879,343.45,-61.7649],"carpPosition":[2.41466,327.713,85.9787],"dipPosition":[-34.7621,346.57,-45.3233],"direction":[-0.213445,-0.0694697,-0.974482],"extended":true,"handId":882,"id":8821,"length":58.0209,"mcpPosition":[-15.8593,344.809,17.8432],"pipPosition":[-29.6721,348.226,-22.0848],"stabilizedTipPosition":[-45.4653,339.473,32.7889],"timeVisible":1.21114,"tipPosition":[-35.9492,343.127,-58.0058],"tipVelocity":[26.6808,35.0354,-89.8774],"tool":false,"touchDistance":-0.437266,"touchZone":"touching","type":1,"width":19.0841},{"bases":[[[-0.662956,-0.736006,0.137058],[-0.656899,0.659689,0.365095],[0.359128,-0.152008,0.920826]],[[-0.659066,-0.737594,0.146927],[-0.67564,0.494852,-0.546473],[-0.330368,0.459432,0.824488]],[[-0.659066,-0.737594,0.146927],[0.156469,-0.32556,-0.932485],[-0.735629,0.591579,-0.329976]],[[-0.659066,-0.737594,0.146927],[0.606475,-0.636757,-0.47616],[-0.44477,0.224713,-0.866997]]],"btipPosition":[11.5455,289.96,9.57372],"carpPosition":[-8.33007,322.109,86.8351],"dipPosition":[3.29915,294.126,-6.50094],"direction":[0.735629,-0.591579,0.329976],"extended":false,"handId":882,"id":8822,"length":66.1101,"mcpPosition":[-33.0505,332.572,23.4503],"pipPosition":[-17.3397,310.724,-15.7588],"stabilizedTipPosition":[18.031,294.739,82.2009],"timeVisible":1.21114,"tipPosition":[9.60464,291.166,6.96687],"tipVelocity":[4.40691,5.92344,-98.351],"tool":false,"touchDistance":0.333333,"touchZone":"none","type":2,"width":18.7431},{"bases":[[[-0.551463,-0.797975,0.243157],[-0.690803,0.600237,0.403122],[0.467632,-0.0543332,0.882252]],[[-0.554529,-0.7976,0.237344],[-0.791535,0.417515,-0.446266],[-0.256847,0.435334,0.862852]],[[-0.554529,-0.7976,0.237344],[-0.0275532,-0.267459,-0.963175],[-0.831708,0.540648,-0.126337]],[[-0.554529,-0.7976,0.237344],[0.508816,-0.550663,-0.661722],[-0.658486,0.246179,-0.71119]]],"btipPosition":[0.0916543,278.793,12.0691],"carpPosition":[-17.2004,313.941,88.0672],"dipPosition":[-12.0469,283.332,-1.04102],"direction":[0.831708,-0.540648,0.126337],"extended":false,"handId":882,"id":8823,"length":63.5667,"mcpPosition":[-46.101,317.299,33.5422],"pipPosition":[-34.7787,298.108,-4.49399],"stabilizedTipPosition":[9.72412,277.888,87.4386],"timeVisible":1.21114,"tipPosition":[-2.76913,280.184,10.0368],"tipVelocity":[2.5691,8.82848,-91.4448],"tool":false,"touchDistance":0.333333,"touchZone":"none","type":3,"width":17.8352},{"bases":[[[-0.371861,-0.887034,0.273661],[-0.72412,0.461641,0.512385],[0.580836,0.00762765,0.813985]],[[-0.429981,-0.883059,0.187942],[-0.867206,0.346059,-0.358045],[-0.251135,0.316937,0.914594]],[[-0.429981,-0.883059,0.187942],[-0.0558175,-0.181769,-0.981756],[-0.901111,0.432627,-0.0288672]],[[-0.429981,-0.883059,0.187942],[0.528642,-0.415005,-0.740478],[-0.731883,0.219038,-0.645267]]],"btipPosition":[-15.8413,276.955,22.1371],"carpPosition":[-21.2086,300.521,89.0809],"dipPosition":[-28.2879,280.68,11.1635],"direction":[0.901111,-0.432627,0.0288672],"extended":false,"handId":882,"id":8824,"length":49.8351,"mcpPosition":[-54.4379,300.085,42.5132],"pipPosition":[-45.6767,289.028,10.6065],"stabilizedTipPosition":[-8.5007,271.473,89.4494],"timeVisible":1.21114,"tipPosition":[-18.6387,278.161,20.4508],"tipVelocity":[-2.91061,12.4422,-100.284],"tool":false,"touchDistance":0.333333,"touchZone":"none","type":4,"width":15.8426}],"r":[[0.961299,-0.274868,-0.0187616],[0.25784,0.921559,-0.290254],[0.0970714,0.274183,0.956766]],"s":0.983886,"t":[1.73096,21.104,-85.5705],"timestamp":607236141857},false],[5,{"currentFrameRate":110.444,"devices":[],"gestures":[],"hands":[{"armBasis":[[-0.861471,-0.507365,0.0211607],[-0.366794,0.650527,0.665039],[0.351183,-0.56515,0.746509]],"armWidth":62.8676,"confidence":0.804229,"direction":[-0.455417,0.245176,-0.855853],"elbow":[88.4709,156.334,290.542],"grabStrength":0,"id":882,"palmNormal":[0.491997,-0.731887,-0.471466],"palmPosition":[-21.6665,321.608,42.4734],"palmVelocity":[8.92024,14.7703,-86.8655],"palmWidth":89.7729,"pinchStrength":1,"r":[[0.960685,-0.277134,-0.0167784],[0.260608,0.920938,-0.289752],[0.0957522,0.273988,0.956955]],"s":0.98396,"sphereCenter":[-9.13573,297.72,5.48491],"sphereRadius":43.254,"stabilizedPalmPosition":[-23.0644,318.356,61.2273],"t":[1.8266,21.2057,-86.2444],"timeVisible":1.22033,"type":"left","wrist":[-5.08022,306.883,91.6803]}],"id":4455531,"interactionBox":{"center":[0,200,0],"size":[235.247,235.247,147.751]},"pointables":[{"bases":[[[-0.827493,0.446621,0.340272],[0.554846,0.743307,0.373685],[0.0860315,-0.49802,0.862887]],[[-0.771119,0.628078,-0.104373],[0.63624,0.766319,-0.0891852],[-0.0239676,0.135179,0.990531]],[[-0.771119,0.628078,-0.104373],[0.521132,0.528445,-0.6702],[0.365782,0.571196,0.734805]],[[-0.771119,0.628078,-0.104373],[0.139146,0.00627688,-0.990252],[0.6213,0.778125,0.0922344]]],"btipPosition":[-2.90118,272.3,7.93213],"carpPosition":[22.5693,316.139,83.5639],"dipPosition":[11.445,290.267,10.0619],"direction":[-0.365782,-0.571196,-0.734805],"extended":false,"handId":882,"id":8820,"length":51.4192,"mcpPosition":[22.5693,316.139,83.5639],"pipPosition":[23.7497,309.482,34.7804],"stabilizedTipPosition":[-0.0646782,274.277,18.7238],"timeVisible":1.22033,"tipPosition":[-0.270409,275.578,8.94966],"tipVelocity":[13.8072,26.0287,-81.2203],"tool":false,"touchDistance":-0.421606,"touchZone":"touching","type":0,"width":19.9791},{"bases":[[[-0.807912,-0.5856,0.0659694],[-0.534672,0.775478,0.335797],[0.247801,-0.236023,0.939621]],[[-0.761458,-0.614434,0.206525],[-0.562467,0.784663,0.260641],[0.322199,-0.0823037,0.943087]],[[-0.761458,-0.614434,0.206525],[-0.613291,0.786056,0.0773975],[0.209896,0.0677247,0.975375]],[[-0.761458,-0.614434,0.206525],[-0.637606,0.767368,-0.0678527],[0.116789,0.183348,0.976086]]],"btipPosition":[-36.2526,343.703,-62.5757],"carpPosition":[2.36553,327.788,85.3163],"dipPosition":[-34.2839,346.793,-46.1218],"direction":[-0.209896,-0.0677247,-0.975375],"extended":true,"handId":882,"id":8821,"length":58.0209,"mcpPosition":[-15.6212,344.92,17.1134],"pipPosition":[-29.2785,348.408,-22.8619],"stabilizedTipPosition":[-45.4585,339.476,32.7248],"timeVisible":1.22033,"tipPosition":[-35.4353,343.385,-58.813],"tipVelocity":[35.1059,32.7264,-89.3304],"tool":false,"touchDistance":-0.433993,"touchZone":"touching","type":1,"width":19.0841},{"bases":[[[-0.66394,-0.735666,0.134091],[-0.657991,0.659941,0.362664],[0.355291,-0.152556,0.922223]],[[-0.660012,-0.737291,0.144176],[-0.673035,0.495034,-0.549513],[-0.33378,0.45972,0.822951]],[[-0.660012,-0.737291,0.144176],[0.159326,-0.32492,-0.932224],[-0.734166,0.592308,-0.331921]],[[-0.660012,-0.737291,0.144176],[0.607185,-0.636536,-0.475551],[-0.442392,0.226327,-0.867793]]],"btipPosition":[11.8309,290.015,8.91181],"carpPosition":[-8.38587,322.19,86.127],"dipPosition":[3.62863,294.211,-7.17762],"direction":[0.734166,-0.592308,0.331921],"extended":false,"handId":882,"id":8822,"length":66.1101,"mcpPosition":[-32.8423,332.691,22.646],"pipPosition":[-16.9692,310.829,-16.49],"stabilizedTipPosition":[18.031,294.739,82.2009],"timeVisible":1.22033,"tipPosition":[9.88168,291.234,6.27098],"tipVelocity":[12.1629,6.14317,-91.0965],"tool":false,"touchDistance":0.333333,"touchZone":"none","type":2,"width":18.7431},{"bases":[[[-0.552915,-0.797739,0.240619],[-0.692084,0.600496,0.400531],[0.464009,-0.054931,0.884125]],[[-0.555692,-0.797395,0.235305],[-0.789968,0.418197,-0.448399],[-0.259147,0.435055,0.862305]],[[-0.555692,-0.797395,0.235305],[-0.0257235,-0.266401,-0.963519],[-0.83099,0.541472,-0.127525]],[[-0.555692,-0.797395,0.235305],[0.509581,-0.550303,-0.661433],[-0.656912,0.247646,-0.712136]]],"btipPosition":[0.302793,278.879,11.2801],"carpPosition":[-17.2659,314.027,87.3199],"dipPosition":[-11.8068,283.444,-1.8475],"direction":[0.83099,-0.541472,0.127525],"extended":false,"handId":882,"id":8823,"length":63.5667,"mcpPosition":[-45.9427,317.421,32.6791],"pipPosition":[-34.5189,298.243,-5.33293],"stabilizedTipPosition":[9.72412,277.888,87.4386],"timeVisible":1.22033,"tipPosition":[-2.54598,280.266,9.23597],"tipVelocity":[8.47511,9.15364,-90.0054],"tool":false,"touchDistance":0.333333,"touchZone":"none","type":3,"width":17.8352},{"bases":[[[-0.373491,-0.886915,0.27182],[-0.725926,0.46188,0.509606],[0.577526,0.00698824,0.816343]],[[-0.433405,-0.882527,0.182497],[-0.864963,0.350515,-0.359134],[-0.252978,0.313504,0.915269]],[[-0.433405,-0.882527,0.182497],[-0.0545933,-0.176421,-0.9828],[-0.899544,0.435914,-0.0282818]],[[-0.433405,-0.882527,0.182497],[0.528754,-0.413006,-0.741516],[-0.72978,0.224881,-0.645639]]],"btipPosition":[-15.7311,277.036,21.2052],"carpPosition":[-21.2861,300.609,88.3124],"dipPosition":[-28.1419,280.86,10.2253],"direction":[0.899544,-0.435914,0.0282818],"extended":false,"handId":882,"id":8824,"length":49.8351,"mcpPosition":[-54.326,300.209,41.6098],"pipPosition":[-45.5006,289.272,9.67953],"stabilizedTipPosition":[-8.50071,271.473,89.4493],"timeVisible":1.22033,"tipPosition":[-18.5,278.251,19.5282],"tipVelocity":[1.50312,12.1381,-100.641],"tool":false,"touchDistance":0.333333,"touchZone":"none","type":4,"width":15.8426}],"r":[[0.960685,-0.277134,-0.0167784],[0.260608,0.920938,-0.289752],[0.0957522,0.273988,0.956955]],"s":0.98396,"t":[1.8266,21.2057,-86.2444],"timestamp":607236151047},false],[6,{"currentFrameRate":110.555,"devices":[],"gestures":[],"hands":[{"armBasis":[[-0.861406,-0.507482,0.0209906],[-0.367561,0.651359,0.6638],[0.350539,-0.564086,0.747616]],"armWidth":62.8676,"confidence":0.812901,"direction":[-0.452669,0.246435,-0.856949],"elbow":[88.2273,156.629,290.261],"grabStrength":0,"id":882,"palmNormal":[0.491688,-0.732751,-0.470445],"palmPosition":[-21.5792,321.671,41.8602],"palmVelocity":[9.17675,12.7172,-82.1115],"palmWidth":89.7729,"pinchStrength":1,"r":[[0.960077,-0.279348,-0.014712],[0.263357,0.920347,-0.289144],[0.094312,0.273726,0.957172]],"s":0.983877,"sphereCenter":[-9.02346,297.718,4.88957],"sphereRadius":43.2748,"stabilizedPalmPosition":[-22.9717,318.563,60.0196],"t":[1.91809,21.2883,-86.888],"timeVisible":1.22918,"type":"left","wrist":[-5.15219,306.895,91.1048]}],"id":4455532,"interactionBox":{"center":[0,200,0],"size":[235.247,235.247,147.751]},"pointables":[{"bases":[[[-0.827438,0.448236,0.338275],[0.555428,0.742008,0.375397],[0.082736,-0.498506,0.862929]],[[-0.769841,0.629501,-0.105232],[0.637679,0.765527,-0.0856337],[-0.0266514,0.133029,0.990754]],[[-0.769841,0.629501,-0.105232],[0.524937,0.530731,-0.665407],[0.363025,0.567497,0.739026]],[[-0.769841,0.629501,-0.105232],[0.136015,0.000724298,-0.990707],[0.623575,0.776999,0.0861792]]],"btipPosition":[-2.7603,272.512,7.41894],"carpPosition":[22.5378,316.096,83.0639],"dipPosition":[11.6384,290.454,9.40886],"direction":[-0.363025,-0.567497,-0.739026],"extended":false,"handId":882,"id":8820,"length":51.4192,"mcpPosition":[22.5378,316.096,83.0639],"pipPosition":[23.8503,309.544,34.2694],"stabilizedTipPosition":[-0.0163292,274.462,17.8725],"timeVisible":1.22918,"tipPosition":[-0.10161,275.778,8.36088],"tipVelocity":[14.7488,25.2992,-75.9173],"tool":false,"touchDistance":-0.415959,"touchZone":"touching","type":0,"width":19.9791},{"bases":[[[-0.809308,-0.583926,0.0636525],[-0.533917,0.77648,0.334681],[0.244854,-0.236875,0.940179]],[[-0.76341,-0.612855,0.203992],[-0.561226,0.785702,0.260188],[0.319734,-0.0841449,0.943763]],[[-0.76341,-0.612855,0.203992],[-0.611587,0.78743,0.0769078],[0.207763,0.0660466,0.975947]],[[-0.76341,-0.612855,0.203992],[-0.635603,0.768981,-0.0683934],[0.11495,0.18187,0.976581]]],"btipPosition":[-35.8639,343.906,-63.2154],"carpPosition":[2.35398,327.786,84.7677],"dipPosition":[-33.9262,346.971,-46.7531],"direction":[-0.207763,-0.0660466,-0.975947],"extended":true,"handId":882,"id":8821,"length":58.0209,"mcpPosition":[-15.4189,344.98,16.5244],"pipPosition":[-28.9717,348.546,-23.4796],"stabilizedTipPosition":[-45.4506,339.48,32.6521],"timeVisible":1.22918,"tipPosition":[-35.0628,343.595,-59.4505],"tipVelocity":[37.2738,29.8964,-84.6579],"tool":false,"touchDistance":-0.428493,"touchZone":"touching","type":1,"width":19.0841},{"bases":[[[-0.665829,-0.734318,0.132095],[-0.657548,0.661193,0.361185],[0.352564,-0.153628,0.923091]],[[-0.661813,-0.736003,0.142492],[-0.670959,0.496746,-0.550506],[-0.334392,0.459938,0.822581]],[[-0.661813,-0.736003,0.142492],[0.158284,-0.322975,-0.933077],[-0.732769,0.594968,-0.330247]],[[-0.661813,-0.736003,0.142492],[0.604869,-0.636535,-0.478494],[-0.442874,0.230485,-0.866452]]],"btipPosition":[11.992,289.947,8.21928],"carpPosition":[-8.41123,322.21,85.5484],"dipPosition":[3.78087,294.22,-7.84529],"direction":[0.732769,-0.594968,0.330247],"extended":false,"handId":882,"id":8822,"length":66.1101,"mcpPosition":[-32.6799,332.785,22.0077],"pipPosition":[-16.7777,310.912,-17.1107],"stabilizedTipPosition":[18.031,294.739,82.2009],"timeVisible":1.22918,"tipPosition":[10.026,291.193,5.57753],"tipVelocity":[13.7377,2.94188,-87.4476],"tool":false,"touchDistance":0.333333,"touchZone":"none","type":2,"width":18.7431},{"bases":[[[-0.555213,-0.796662,0.23889],[-0.691864,0.601805,0.398941],[0.461586,-0.0562183,0.885312]],[[-0.557456,-0.796378,0.234573],[-0.789002,0.420294,-0.448139],[-0.258299,0.434896,0.86264]],[[-0.557456,-0.796378,0.234573],[-0.0269444,-0.265044,-0.96386],[-0.829769,0.54363,-0.126292]],[[-0.557456,-0.796378,0.234573],[0.508002,-0.550685,-0.66233],[-0.656641,0.250056,-0.711544]]],"btipPosition":[0.331204,278.901,10.5427],"carpPosition":[-17.3115,314.065,86.7153],"dipPosition":[-11.7734,283.51,-2.57393],"direction":[0.829769,-0.54363,0.126292],"extended":false,"handId":882,"id":8823,"length":63.5667,"mcpPosition":[-45.8385,317.539,32.0011],"pipPosition":[-34.4522,298.368,-6.02568],"stabilizedTipPosition":[9.72411,277.888,87.4386],"timeVisible":1.22918,"tipPosition":[-2.49391,280.28,8.50367],"tipVelocity":[7.08539,7.64996,-88.1208],"tool":false,"touchDistance":0.333333,"touchZone":"none","type":3,"width":17.8352},{"bases":[[[-0.376059,-0.886225,0.270527],[-0.726281,0.463222,0.507878],[0.575409,0.00548649,0.817848]],[[-0.437944,-0.881298,0.177535],[-0.862866,0.356636,-0.358152],[-0.252323,0.31004,0.916629]],[[-0.437944,-0.881298,0.177535],[-0.0560049,-0.170351,-0.983791],[-0.897256,0.440788,-0.0252473]],[[-0.437944,-0.881298,0.177535],[0.52646,-0.411488,-0.743987],[-0.728728,0.23236,-0.644177]]],"btipPosition":[-15.7712,277.068,20.3682],"carpPosition":[-21.3623,300.656,87.6924],"dipPosition":[-28.1641,281.02,9.41322],"direction":[0.897256,-0.440788,0.0252473],"extended":false,"handId":882,"id":8824,"length":49.8351,"mcpPosition":[-54.2812,300.342,40.9037],"pipPosition":[-45.4786,289.526,8.92601],"stabilizedTipPosition":[-8.50072,271.473,89.4493],"timeVisible":1.22918,"tipPosition":[-18.5089,278.296,18.7165],"tipVelocity":[-0.002358,10.7295,-98.8253],"tool":false,"touchDistance":0.333333,"touchZone":"none","type":4,"width":15.8426}],"r":[[0.960077,-0.279348,-0.014712],[0.263