{"sensorType":"Leap","data":[[0,{"currentFrameRate":103.215,"devices":[],"gestures":[],"hands":[{"armBasis":[[0.672084,-0.332519,-0.661615],[0.626514,0.731619,0.268725],[0.394694,-0.595117,0.700037]],"armWidth":62.8676,"confidence":0.887302,"direction":[0.00872709,0.33985,-0.940439],"elbow":[105.651,143.957,275.726],"grabStrength":0,"id":883,"palmNormal":[-0.626502,-0.731148,-0.270032],"palmPosition":[-7.55738,321.928,39.5418],"palmVelocity":[24.5729,10.1238,-182.059],"palmWidth":89.7729,"pinchStrength":1,"r":[[0.794097,-0.543072,0.272915],[0.607382,0.692602,-0.389087],[0.0222804,0.474737,0.879846]],"s":0.826509,"sphereCenter":[-34.7418,297.236,9.77852],"sphereRadius":43.5709,"stabilizedPalmPosition":[-39.109,292.435,213.294],"t":[44.6939,42.1735,-202.976],"timeVisible":0.677914,"type":"right","wrist":[0.50942,302.489,89.2438]}],"id":4456225,"interactionBox":{"center":[0,200,0],"size":[235.247,235.247,147.751]},"pointables":[{"bases":[[[0.87568,0.482239,-0.025096],[-0.350458,0.670419,0.654001],[0.33221,-0.563901,0.756077]],[[0.682215,0.661157,-0.312178],[-0.589555,0.749965,0.299962],[0.432444,-0.0205923,0.901426]],[[0.682215,0.661157,-0.312178],[-0.717589,0.687318,-0.112514],[0.140176,0.300774,0.943338]],[[0.682215,0.661157,-0.312178],[-0.722164,0.542577,-0.429057],[-0.114293,0.518152,0.847617]]],"btipPosition":[-51.4911,289.121,-0.349733],"carpPosition":[-28.1169,310.189,95.3507],"dipPosition":[-54.1302,301.085,19.2222],"direction":[-0.140176,-0.300774,-0.943338],"extended":false,"handId":883,"id":8830,"length":51.4192,"mcpPosition":[-28.1169,310.189,95.3507],"pipPosition":[-49.4147,311.203,50.9556],"stabilizedTipPosition":[-77.1849,274.789,158.606],"timeVisible":0.677914,"tipPosition":[-52.5824,292.113,4.36208],"tipVelocity":[26.6691,12.6442,-176.612],"tool":false,"touchDistance":-0.532535,"touchZone":"hovering","type":0,"width":19.9791},{"bases":[[[0.769772,-0.526085,-0.361506],[0.601436,0.78749,0.134664],[0.213838,-0.321083,0.922594]],[[0.792012,-0.565583,-0.229856],[0.577345,0.816275,-0.0191756],[0.198471,-0.117519,0.973036]],[[0.792012,-0.565583,-0.229856],[0.554579,0.823939,-0.116477],[0.255265,-0.0352224,0.966229]],[[0.792012,-0.565583,-0.229856],[0.533517,0.824228,-0.189759],[0.296778,0.0276589,0.954546]]],"btipPosition":[-44.761,351.836,-58.3562],"carpPosition":[-9.73661,323.175,88.9881],"dipPosition":[-39.7582,352.302,-42.2653],"direction":[-0.255265,0.0352224,-0.966229],"extended":true,"handId":883,"id":8831,"length":58.0209,"mcpPosition":[-25.2581,346.481,22.0212],"pipPosition":[-33.6709,351.462,-19.2236],"stabilizedTipPosition":[-74.4073,339.011,96.45],"timeVisible":0.677914,"tipPosition":[-44.1231,350.743,-54.5311],"tipVelocity":[48.5938,13.0013,-194.811],"tool":false,"touchDistance":-0.600246,"touchZone":"hovering","type":1,"width":19.0841},{"bases":[[[0.6777,-0.691115,-0.251161],[0.727465,0.679972,0.0918309],[0.107317,-0.244945,0.963579]],[[0.677541,-0.690752,-0.252589],[0.342739,0.600395,-0.722535],[0.650745,0.402974,0.643539]],[[0.677541,-0.690752,-0.252589],[-0.577225,-0.286574,-0.764648],[0.455796,0.663881,-0.592885]],[[0.677541,-0.690752,-0.252589],[-0.731593,-0.668249,-0.134964],[-0.0755658,0.276236,-0.958115]]],"btipPosition":[-49.3202,292.311,21.7999],"carpPosition":[0.400268,318.361,84.3335],"dipPosition":[-50.7213,297.433,4.03584],"direction":[-0.455796,-0.663881,0.592885],"extended":false,"handId":883,"id":8832,"length":66.1101,"mcpPosition":[-6.98684,335.222,18.0058],"pipPosition":[-37.9334,316.058,-12.5981],"stabilizedTipPosition":[-60.7357,255.093,195.609],"timeVisible":0.677914,"tipPosition":[-49.6016,293.302,18.261],"tipVelocity":[29.3638,20.8109,-154.672],"tool":false,"touchDistance":0.333333,"touchZone":"none","type":2,"width":18.7431},{"bases":[[[0.629326,-0.768908,-0.112828],[0.777075,0.620702,0.104322],[-0.0101814,-0.153328,0.988123]],[[0.628631,-0.773612,-0.0796661],[0.487388,0.471717,-0.734804],[0.606033,0.423092,0.673585]],[[0.628631,-0.773612,-0.0796661],[-0.499802,-0.323391,-0.803502],[0.595836,0.544924,-0.589947]],[[0.628631,-0.773612,-0.0796661],[-0.773299,-0.610897,-0.169747],[0.0826506,0.168314,-0.982262]]],"btipPosition":[-34.761,283.657,24.076],"carpPosition":[9.13355,310.828,80.6058],"dipPosition":[-33.2374,286.76,5.96894],"direction":[-0.595836,-0.544924,0.589947],"extended":false,"handId":883,"id":8833,"length":63.5667,"mcpPosition":[9.76278,320.304,19.5378],"pipPosition":[-16.9523,301.653,-10.1552],"stabilizedTipPosition":[-46.4482,244.471,218.333],"timeVisible":0.677914,"tipPosition":[-34.2769,284.329,21.0681],"tipVelocity":[16.9453,14.0239,-177.546],"tool":false,"touchDistance":0.333333,"touchZone":"none","type":3,"width":17.8352},{"bases":[[[0.486813,-0.873403,-0.0133808],[0.861526,0.477552,0.172389],[-0.144175,-0.0954491,0.984938]],[[0.453246,-0.87641,0.162706],[0.6631,0.209519,-0.71861],[0.595707,0.433597,0.676111]],[[0.453246,-0.87641,0.162706],[-0.454022,-0.38406,-0.803966],[0.767093,0.290522,-0.571983]],[[0.453246,-0.87641,0.162706],[-0.853709,-0.479303,-0.203594],[0.256417,-0.0466254,-0.965441]]],"btipPosition":[-18.066,283.237,25.885],"carpPosition":[13.6313,297.716,78.3637],"dipPosition":[-13.7053,282.444,9.46653],"direction":[-0.767093,-0.290522,0.571983],"extended":false,"handId":883,"id":8834,"length":49.8351,"mcpPosition":[21.8794,303.177,22.0158],"pipPosition":[1.09747,288.05,-1.57112],"stabilizedTipPosition":[-35.9711,250.457,223.726],"timeVisible":0.677914,"tipPosition":[-17.0173,283.195,23.3102],"tipVelocity":[16.5642,6.45096,-183.366],"tool":false,"touchDistance":0.333333,"touchZone":"none","type":4,"width":15.8426}],"r":[[0.794097,-0.543072,0.272915],[0.607382,0.692602,-0.389087],[0.0222804,0.474737,0.879846]],"s":0.826509,"t":[44.6939,42.1735,-202.976],"timestamp":607242577269},false],[1,{"currentFrameRate":103.549,"devices":[],"gestures":[],"hands":[{"armBasis":[[0.676057,-0.330071,-0.658787],[0.624301,0.731491,0.27417],[0.391401,-0.596636,0.700593]],"armWidth":62.8676,"confidence":0.895162,"direction":[0.0107492,0.336693,-0.941553],"elbow":[104.886,143.65,274.573],"grabStrength":0,"id":883,"palmNormal":[-0.624365,-0.733233,-0.269328],"palmPosition":[-7.34159,321.843,38.1537],"palmVelocity":[24.39,4.74769,-174.276],"palmWidth":89.7729,"pinchStrength":1,"r":[[0.793045,-0.543482,0.275151],[0.608748,0.690367,-0.390921],[0.0225031,0.477515,0.878335]],"s":0.827385,"sphereCenter":[-34.4933,297.193,8.42644],"sphereRadius":43.5486,"stabilizedPalmPosition":[-39.109,292.435,213.294],"t":[44.9174,42.1835,-204.49],"timeVisible":0.68694,"type":"right","wrist":[0.621072,302.587,87.9436]}],"id":4456226,"interactionBox":{"center":[0,200,0],"size":[235.247,235.247,147.751]},"pointables":[{"bases":[[[0.874842,0.4838,-0.0242539],[-0.353562,0.671959,0.650742],[0.331127,-0.560722,0.758911]],[[0.682695,0.660946,-0.311574],[-0.591651,0.750238,0.295115],[0.428809,-0.0171305,0.903233]],[[0.682695,0.660946,-0.311574],[-0.718356,0.685143,-0.120598],[0.133763,0.306153,0.942538]],[[0.682695,0.660946,-0.311574],[-0.721545,0.542481,-0.430217],[-0.115327,0.518521,0.847252]]],"btipPosition":[-50.9924,288.825,-1.81036],"carpPosition":[-28.0368,310.253,93.9438],"dipPosition":[-53.6553,300.798,17.7531],"direction":[-0.133763,-0.306153,-0.942538],"extended":false,"handId":883,"id":8830,"length":51.4192,"mcpPosition":[-28.0368,310.253,93.9438],"pipPosition":[-49.1556,311.097,49.4597],"stabilizedTipPosition":[-77.1848,274.789,158.605],"timeVisible":0.68694,"tipPosition":[-52.1107,291.81,2.90836],"tipVelocity":[34.3696,0.217469,-172.601],"tool":false,"touchDistance":-0.529553,"touchZone":"hovering","type":0,"width":19.9791},{"bases":[[[0.771775,-0.52585,-0.357554],[0.599576,0.789071,0.1337],[0.21183,-0.317567,0.924272]],[[0.793674,-0.564761,-0.226112],[0.576383,0.816993,-0.0174473],[0.194586,-0.11648,0.973945]],[[0.793674,-0.564761,-0.226112],[0.553889,0.824566,-0.115319],[0.251572,-0.0337152,0.967251]],[[0.793674,-0.564761,-0.226112],[0.532978,0.824724,-0.189114],[0.293285,0.0295818,0.955567]]],"btipPosition":[-44.2299,351.546,-59.957],"carpPosition":[-9.66294,323.252,87.5892],"dipPosition":[-39.286,352.044,-43.849],"direction":[-0.251572,0.0337152,-0.967251],"extended":true,"handId":883,"id":8831,"length":58.0209,"mcpPosition":[-25.0387,346.303,20.5004],"pipPosition":[-33.2868,351.24,-20.7829],"stabilizedTipPosition":[-74.4069,339.011,96.4483],"timeVisible":0.68694,"tipPosition":[-43.6035,350.47,-56.1298],"tipVelocity":[51.0004,0.80891,-189.888],"tool":false,"touchDistance":-0.592508,"touchZone":"hovering","type":1,"width":19.0841},{"bases":[[[0.679702,-0.69068,-0.246913],[0.725927,0.681647,0.091586],[0.105051,-0.241492,0.9647]],[[0.679644,-0.690547,-0.247444],[0.34349,0.597657,-0.724445],[0.64815,0.40737,0.64339]],[[0.679644,-0.690547,-0.247444],[-0.576127,-0.293708,-0.762767],[0.45405,0.660969,-0.59746]],[[0.679644,-0.690547,-0.247444],[-0.729469,-0.671756,-0.128917],[-0.0771984,0.268121,-0.960287]]],"btipPosition":[-48.8658,292.178,20.5445],"carpPosition":[0.496056,318.443,82.9795],"dipPosition":[-50.2971,297.149,2.74016],"direction":[-0.45405,-0.660969,0.59746],"extended":false,"handId":883,"id":8832,"length":66.1101,"mcpPosition":[-6.73507,335.066,16.5746],"pipPosition":[-37.5583,315.693,-14.0222],"stabilizedTipPosition":[-60.7357,255.093,195.609],"timeVisible":0.68694,"tipPosition":[-49.2011,293.124,16.9039],"tipVelocity":[34.9267,9.95766,-150.664],"tool":false,"touchDistance":0.333333,"touchZone":"none","type":2,"width":18.7431},{"bases":[[[0.631082,-0.768097,-0.108455],[0.775612,0.622513,0.104417],[-0.0126879,-0.150015,0.988602]],[[0.630314,-0.77265,-0.0756019],[0.489192,0.470906,-0.734124],[0.602823,0.425745,0.674793]],[[0.630314,-0.77265,-0.0756019],[-0.49705,-0.326833,-0.803817],[0.59636,0.544235,-0.590053]],[[0.630314,-0.77265,-0.0756019],[-0.771779,-0.613091,-0.168753],[0.0840362,0.164715,-0.982755]]],"btipPosition":[-34.384,283.506,22.7012],"carpPosition":[9.25394,310.913,79.3019],"dipPosition":[-32.8349,286.542,4.58506],"direction":[-0.59636,-0.544235,0.590053],"extended":false,"handId":883,"id":8833,"length":63.5667,"mcpPosition":[10.0381,320.184,18.2042],"pipPosition":[-16.5355,301.417,-11.542],"stabilizedTipPosition":[-46.4482,244.471,218.332],"timeVisible":0.68694,"tipPosition":[-33.9178,284.155,19.6642],"tipVelocity":[23.9552,5.07928,-170.665],"tool":false,"touchDistance":0.333333,"touchZone":"none","type":3,"width":17.8352},{"bases":[[[0.488485,-0.872525,-0.00905773],[0.860138,0.479752,0.173205],[-0.14678,-0.092399,0.984844]],[[0.454455,-0.87501,0.16682],[0.664201,0.208079,-0.718011],[0.593555,0.437105,0.675745]],[[0.454455,-0.87501,0.16682],[-0.452635,-0.388137,-0.80279],[0.767198,0.289323,-0.572451]],[[0.454455,-0.87501,0.16682],[-0.852854,-0.48147,-0.202055],[0.257118,-0.050448,-0.965062]]],"btipPosition":[-17.7045,283.114,24.6589],"carpPosition":[13.7825,297.802,77.1168],"dipPosition":[-13.3319,282.256,8.24679],"direction":[-0.767198,-0.289323,0.572451],"extended":false,"handId":883,"id":8834,"length":49.8351,"mcpPosition":[22.1798,303.088,20.7743],"pipPosition":[1.47289,287.84,-2.79989],"stabilizedTipPosition":[-35.9711,250.457,223.726],"timeVisible":0.68694,"tipPosition":[-16.6679,283.047,22.0182],"tipVelocity":[23.112,0.47864,-170.242],"tool":false,"touchDistance":0.333333,"touchZone":"none","type":4,"width":15.8426}],"r":[[0.793045,-0.543482,0.275151],[0.608748,0.690367,-0.390921],[0.0225031,0.477515,0.878335]],"s":0.827385,"t":[44.9174,42.1835,-204.49],"timestamp":607242586295},false],[2,{"currentFrameRate":103.882,"devices":[],"gestures":[],"hands":[{"armBasis":[[0.675547,-0.335728,-0.656447],[0.625549,0.73225,0.269254],[0.390287,-0.592534,0.704684]],"armWidth":62.8676,"confidence":0.900872,"direction":[0.0117072,0.335246,-0.942058],"elbow":[104.703,144.731,274.486],"grabStrength":0,"id":883,"palmNormal":[-0.625559,-0.732534,-0.268458],"palmPosition":[-7.17478,321.769,36.9442],"palmVelocity":[22.7826,1.20414,-163.33],"palmWidth":89.7729,"pinchStrength":1,"r":[[0.791987,-0.544,0.277166],[0.610112,0.688239,-0.392543],[0.0227873,0.479992,0.876977]],"s":0.828246,"sphereCenter":[-34.4419,297.282,7.26522],"sphereRadius":43.5345,"stabilizedPalmPosition":[-39.109,292.435,213.294],"t":[45.1125,42.1517,-205.852],"timeVisible":0.695939,"type":"right","wrist":[0.734626,302.575,86.7663]}],"id":4456227,"interactionBox":{"center":[0,200,0],"size":[235.247,235.247,147.751]},"pointables":[{"bases":[[[0.875707,0.482213,-0.0246487],[-0.352621,0.67357,0.649586],[0.329841,-0.560156,0.759888]],[[0.684754,0.658859,-0.311474],[-0.590294,0.752077,0.293144],[0.427393,-0.0168705,0.903908]],[[0.684754,0.658859,-0.311474],[-0.716803,0.686043,-0.124659],[0.131552,0.308626,0.942043]],[[0.684754,0.658859,-0.311474],[-0.720178,0.546309,-0.427656],[-0.111604,0.517156,0.848584]]],"btipPosition":[-50.8093,288.809,-3.05777],"carpPosition":[-27.9119,310.301,92.7437],"dipPosition":[-53.3863,300.75,16.5365],"direction":[-0.131552,-0.308626,-0.942043],"extended":false,"handId":883,"id":8830,"length":51.4192,"mcpPosition":[-27.9119,310.301,92.7437],"pipPosition":[-48.961,311.132,48.2263],"stabilizedTipPosition":[-77.1848,274.789,158.605],"timeVisible":0.695939,"tipPosition":[-51.9128,291.768,1.68252],"tipVelocity":[31.1211,-0.571525,-163.054],"tool":false,"touchDistance":-0.523536,"touchZone":"hovering","type":0,"width":19.9791},{"bases":[[[0.77098,-0.527757,-0.356458],[0.600921,0.78821,0.132736],[0.210912,-0.31654,0.924834]],[[0.792709,-0.566389,-0.225424],[0.578274,0.815687,-0.0159411],[0.192904,-0.11772,0.97413]],[[0.792709,-0.566389,-0.225424],[0.555834,0.823406,-0.114244],[0.250322,-0.0347356,0.967539]],[[0.792709,-0.566389,-0.225424],[0.534901,0.823635,-0.188432],[0.292393,0.0287927,0.955865]]],"btipPosition":[-43.8969,351.567,-61.2302],"carpPosition":[-9.51263,323.258,86.3766],"dipPosition":[-38.968,352.052,-45.1171],"direction":[-0.250322,0.0347356,-0.967539],"extended":true,"handId":883,"id":8831,"length":58.0209,"mcpPosition":[-24.8218,346.234,19.247],"pipPosition":[-32.9985,351.224,-22.0442],"stabilizedTipPosition":[-74.4065,339.011,96.4464],"timeVisible":0.695939,"tipPosition":[-43.271,350.501,-57.4055],"tipVelocity":[47.0546,1.14295,-176.562],"tool":false,"touchDistance":-0.580671,"touchZone":"hovering","type":1,"width":19.0841},{"bases":[[[0.678572,-0.692257,-0.245603],[0.727098,0.680498,0.0908337],[0.104252,-0.240215,0.965105]],[[0.678615,-0.692355,-0.245209],[0.344464,0.594855,-0.726287],[0.648712,0.408403,0.642169]],[[0.678615,-0.692355,-0.245209],[-0.578444,-0.298036,-0.759327],[0.452642,0.65713,-0.60274]],[[0.678615,-0.692355,-0.245209],[-0.729993,-0.672666,-0.120959],[-0.0811969,0.261086,-0.961895]]],"btipPosition":[-48.5804,292.259,19.5512],"carpPosition":[0.639604,318.423,81.7781],"dipPosition":[-50.0858,297.1,1.71707],"direction":[-0.452642,-0.65713,0.60274],"extended":false,"handId":883,"id":8832,"length":66.1101,"mcpPosition":[-6.53656,334.958,15.3453],"pipPosition":[-37.3865,315.536,-15.1934],"stabilizedTipPosition":[-60.7357,255.093,195.609],"timeVisible":0.695939,"tipPosition":[-48.9855,293.162,15.8009],"tipVelocity":[33.5266,8.80392,-139.813],"tool":false,"touchDistance":0.333333,"touchZone":"none","type":2,"width":18.7431},{"bases":[[[0.629762,-0.769377,-0.107047],[0.776674,0.621296,0.103774],[-0.0133333,-0.148493,0.988824]],[[0.628987,-0.773829,-0.0745943],[0.490941,0.469774,-0.733682],[0.602787,0.424855,0.675386]],[[0.628987,-0.773829,-0.0745943],[-0.497686,-0.327095,-0.803316],[0.59723,0.5424,-0.590863]],[[0.628987,-0.773829,-0.0745943],[-0.772962,-0.612242,-0.166404],[0.0830983,0.162325,-0.983232]]],"btipPosition":[-34.2174,283.505,21.5058],"carpPosition":[9.38555,310.873,78.1153],"dipPosition":[-32.6856,286.497,3.38078],"direction":[-0.59723,-0.5424,0.590863],"extended":false,"handId":883,"id":8833,"length":63.5667,"mcpPosition":[10.2096,320.05,17.004],"pipPosition":[-16.3624,301.321,-12.7684],"stabilizedTipPosition":[-46.4482,244.471,218.332],"timeVisible":0.695939,"tipPosition":[-33.781,284.13,18.4344],"tipVelocity":[22.3401,3.34467,-160.343],"tool":false,"touchDistance":0.333333,"touchZone":"none","type":3,"width":17.8352},{"bases":[[[0.486942,-0.873401,-0.00754663],[0.86092,0.478491,0.17281],[-0.147322,-0.0906458,0.984926]],[[0.452796,-0.875546,0.168506],[0.665679,0.206236,-0.717174],[0.593167,0.436904,0.676216]],[[0.452796,-0.875546,0.168506],[-0.452767,-0.388598,-0.802492],[0.7681,0.287072,-0.572374]],[[0.452796,-0.875546,0.168506],[-0.853829,-0.480228,-0.200892],[0.256811,-0.0529121,-0.965012]]],"btipPosition":[-17.5629,283.055,23.4704],"carpPosition":[13.8918,297.751,75.9518],"dipPosition":[-13.1955,282.155,7.05921],"direction":[-0.7681,-0.287071,0.572374],"extended":false,"handId":883,"id":8834,"length":49.8351,"mcpPosition":[22.32,302.936,19.6046],"pipPosition":[1.62663,287.695,-3.98598],"stabilizedTipPosition":[-35.9711,250.457,223.726],"timeVisible":0.695939,"tipPosition":[-16.5424,282.97,20.8072],"tipVelocity":[21.0485,-1.7655,-159.754],"tool":false,"touchDistance":0.333333,"touchZone":"none","type":4,"width":15.8426}],"r":[[0.791987,-0.544,0.277166],[0.610112,0.688239,-0.392543],[0.0227873,0.479992,0.876977]],"s":0.828246,"t":[45.1125,42.1517,-205.852],"timestamp":607242595294},false],[3,{"currentFrameRate":104.13,"devices":[],"gestures":[],"hands":[{"armBasis":[[0.67161,-0.345409,-0.655463],[0.631292,0.729868,0.262225],[0.387827,-0.589902,0.708241]],"armWidth":62.8676,"confidence":0.851535,"direction":[0.011236,0.334562,-0.942307],"elbow":[104.265,145.169,274.357],"grabStrength":0,"id":883,"palmNormal":[-0.631251,-0.728475,-0.266169],"palmPosition":[-6.97206,321.528,35.8778],"palmVelocity":[22.6163,-6.47915,-150.358],"palmWidth":89.7729,"pinchStrength":1,"r":[[0.790567,-0.545437,0.278392],[0.611898,0.685656,-0.394279],[0.0241736,0.482051,0.875809]],"s":0.829018,"sphereCenter":[-34.5619,297.314,6.29628],"sphereRadius":43.5451,"stabilizedPalmPosition":[-39.1089,292.435,213.294],"t":[45.3114,42.0151,-207.066],"timeVisible":0.705077,"type":"right","wrist":[0.95218,302.312,85.6894]}],"id":4456228,"interactionBox":{"center":[0,200,0],"size":[235.247,235.247,147.751]},"pointables":[{"bases":[[[0.878858,0.47629,-0.0274957],[-0.346196,0.676341,0.650162],[0.328262,-0.561882,0.759298]],[[0.689273,0.653501,-0.312793],[-0.583931,0.75666,0.294093],[0.428868,-0.020061,0.903145]],[[0.689273,0.653501,-0.312793],[-0.712074,0.690684,-0.126123],[0.133619,0.309665,0.94141]],[[0.689273,0.653501,-0.312793],[-0.717256,0.554601,-0.421854],[-0.102207,0.515125,0.850999]]],"btipPosition":[-50.8808,288.912,-4.05379],"carpPosition":[-27.6243,310.235,91.7446],"dipPosition":[-53.2408,300.806,15.5962],"direction":[-0.133619,-0.309665,-0.94141],"extended":false,"handId":883,"id":8830,"length":51.4192,"mcpPosition":[-27.6243,310.235,91.7446],"pipPosition":[-48.746,311.223,47.2648],"stabilizedTipPosition":[-77.1848,274.789,158.605],"timeVisible":0.705077,"tipPosition":[-51.9371,291.832,0.71638],"tipVelocity":[21.8075,2.39356,-147.628],"tool":false,"touchDistance":-0.514264,"touchZone":"hovering","type":0,"width":19.9791},{"bases":[[[0.766375,-0.533162,-0.35834],[0.606595,0.78423,0.130482],[0.211453,-0.317366,0.924428]],[[0.788179,-0.571756,-0.227747],[0.584205,0.811461,-0.0153668],[0.193594,-0.120939,0.973599]],[[0.788179,-0.571756,-0.227747],[0.56152,0.819548,-0.114176],[0.251931,-0.0378936,0.967003]],[[0.788179,-0.571756,-0.227747],[0.540296,0.820019,-0.188811],[0.294711,0.0257661,0.955239]]],"btipPosition":[-43.6869,351.695,-62.2156],"carpPosition":[-9.1567,323.064,85.3158],"dipPosition":[-38.719,352.13,-46.1131],"direction":[-0.251931,0.0378936,-0.967003],"extended":true,"handId":883,"id":8831,"length":58.0209,"mcpPosition":[-24.5051,346.1,18.2158],"pipPosition":[-32.7111,351.226,-23.0529],"stabilizedTipPosition":[-74.4061,339.011,96.4442],"timeVisible":0.705077,"tipPosition":[-43.0584,350.632,-58.3956],"tipVelocity":[40.6305,4.37607,-157.519],"tool":false,"touchDistance":-0.565754,"touchZone":"hovering","type":1,"width":19.0841},{"bases":[[[0.673183,-0.696966,-0.247111],[0.731922,0.675645,0.0882861],[0.105427,-0.240298,0.964957]],[[0.673296,-0.697224,-0.246073],[0.346923,0.591811,-0.727601],[0.65293,0.404523,0.640347]],[[0.673296,-0.697224,-0.246073],[-0.583413,-0.296537,-0.756105],[0.454205,0.652645,-0.606426]],[[0.673296,-0.697224,-0.246073],[-0.734498,-0.668882,-0.114495],[-0.0847656,0.257829,-0.962465]]],"btipPosition":[-48.5297,292.37,18.6751],"carpPosition":[0.949401,318.158,80.6912],"dipPosition":[-50.1013,297.151,0.830405],"direction":[-0.454205,-0.652645,0.606426],"extended":false,"handId":883,"id":8832,"length":66.1101,"mcpPosition":[-6.30761,334.699,14.2686],"pipPosition":[-37.3581,315.461,-16.1835],"stabilizedTipPosition":[-60.7357,255.093,195.609],"timeVisible":0.705077,"tipPosition":[-48.9794,293.245,14.8848],"tipVelocity":[25.2809,9.31178,-127.665],"tool":false,"touchDistance":0.333333,"touchZone":"none","type":2,"width":18.7431},{"bases":[[[0.624256,-0.773668,-0.108363],[0.781135,0.616118,0.101121],[-0.0114695,-0.147772,0.988955]],[[0.623559,-0.778041,-0.0763269],[0.492679,0.466897,-0.734353],[0.606994,0.420308,0.674463]],[[0.623559,-0.778041,-0.0763269],[-0.503012,-0.324556,-0.801026],[0.598459,0.53788,-0.593744]],[[0.623559,-0.778041,-0.0763269],[-0.777802,-0.607592,-0.160801],[0.0787341,0.159636,-0.984031]]],"btipPosition":[-34.2231,283.507,20.5245],"carpPosition":[9.63368,310.546,77.0081],"dipPosition":[-32.7717,286.45,2.38484],"direction":[-0.598459,-0.53788,0.593744],"extended":false,"handId":883,"id":8833,"length":63.5667,"mcpPosition":[10.3425,319.679,15.8886],"pipPosition":[-16.4149,301.151,-13.843],"stabilizedTipPosition":[-46.4482,244.471,218.332],"timeVisible":0.705077,"tipPosition":[-33.8375,284.1,17.4051],"tipVelocity":[15.3908,2.14303,-145.714],"tool":false,"touchDistance":0.333333,"touchZone":"none","type":3,"width":17.8352},{"bases":[[[0.481028,-0.876665,-0.00838297],[0.864618,0.472792,0.170008],[-0.145076,-0.0890266,0.985407]],[[0.447189,-0.878411,0.168569],[0.668809,0.203252,-0.715111],[0.593899,0.43253,0.678381]],[[0.447189,-0.878411,0.168569],[-0.454295,-0.385406,-0.803167],[0.770479,0.282588,-0.571408]],[[0.447189,-0.878411,0.168569],[-0.85737,-0.474669,-0.199014],[0.25483,-0.0555293,-0.96539]]],"btipPosition":[-17.5757,282.888,22.2435],"carpPosition":[14.0452,297.393,74.8401],"dipPosition":[-13.242,281.943,5.82582],"direction":[-0.770479,-0.282588,0.571408],"extended":false,"handId":883,"id":8834,"length":49.8351,"mcpPosition":[22.3449,302.486,18.4654],"pipPosition":[1.62603,287.397,-5.20074],"stabilizedTipPosition":[-35.9711,250.457,223.726],"timeVisible":0.705077,"tipPosition":[-16.5902,282.782,19.5846],"tipVelocity":[14.5684,-6.66858,-152.711],"tool":false,"touchDistance":0.333333,"touchZone":"none","type":4,"width":15.8426}],"r":[[0.790567,-0.545437,0.278392],[0.611898,0.685656,-0.394279],[0.0241736,0.482051,0.875809]],"s":0.829018,"t":[45.3114,42.0151,-207.066],"timestamp":607242604432},false],[4,{"currentFrameRate":104.474,"devices":[],"gestures":[],"hands":[{"armBasis":[[0.668964,-0.352386,-0.654455],[0.63567,0.727568,0.258009],[0.385242,-0.588616,0.710718]],"armWidth":62.8676,"confidence":0.860287,"direction":[0.011801,0.333626,-0.942632],"elbow":[103.821,145.354,274.137],"grabStrength":0,"id":883,"palmNormal":[-0.635603,-0.725241,-0.264642],"palmPosition":[-6.68861,321.367,34.9908],"palmVelocity":[25.1061,-9.61926,-136.444],"palmWidth":89.7729,"pinchStrength":1,"r":[[0.788902,-0.547399,0.279264],[0.613966,0.682836,-0.395955],[0.0260536,0.483828,0.874775]],"s":0.829911,"sphereCenter":[-34.5147,297.419,5.46311],"sphereRadius":43.5584,"stabilizedPalmPosition":[-39.1089,292.435,213.294],"t":[45.5526,41.8665,-208.117],"timeVisible":0.714006,"type":"right","wrist":[1.19722,302.154,84.8095]}],"id":4456229,"interactionBox":{"center":[0,200,0],"size":[235.247,235.247,147.751]},"pointables":[{"bases":[[[0.881424,0.471427,-0.0291209],[-0.341597,0.678832,0.649999],[0.326195,-0.562977,0.759377]],[[0.692899,0.649162,-0.313816],[-0.579176,0.760333,0.294022],[0.429472,-0.021973,0.902813]],[[0.692899,0.649162,-0.313816],[-0.708261,0.694341,-0.127506],[0.135123,0.310612,0.940884]],[[0.692899,0.649162,-0.313816],[-0.714685,0.560704,-0.418135],[-0.0954793,0.514005,0.852457]]],"btipPosition":[-50.8193,289.004,-4.90219],"carpPosition":[-27.3271,310.24,90.8958],"dipPosition":[-53.024,300.873,14.7815],"direction":[-0.135123,-0.310612,-0.940884],"extended":false,"handId":883,"id":8830,"length":51.4192,"mcpPosition":[-27.3271,310.24,90.8958],"pipPosition":[-48.4785,311.322,46.4324],"stabilizedTipPosition":[-77.1847,274.789,158.605],"timeVisible":0.714006,"tipPosition":[-51.8297,291.903,-0.115086],"tipVelocity":[18.8289,4.38991,-133.042],"tool":false,"touchDistance":-0.503781,"touchZone":"hovering","type":0,"width":19.9791},{"bases":[[[0.762949,-0.537696,-0.358876],[0.61107,0.781005,0.128937],[0.210955,-0.317671,0.924437]],[[0.784665,-0.576167,-0.228763],[0.589269,0.807826,-0.0133939],[0.192518,-0.124293,0.97339]],[[0.784665,-0.576167,-0.228763],[0.566589,0.816286,-0.112495],[0.251552,-0.0413438,0.96696]],[[0.784665,-0.576167,-0.228763],[0.545282,0.817027,-0.187444],[0.294905,0.0223408,0.955265]]],"btipPosition":[-43.2406,351.897,-63.0924],"carpPosition":[-8.79799,322.961,84.4302],"dipPosition":[-38.2694,352.273,-46.9894],"direction":[-0.251552,0.0413438,-0.96696],"extended":true,"handId":883,"id":8831,"length":58.0209,"mcpPosition":[-24.1102,346.019,17.3295],"pipPosition":[-32.2706,351.287,-23.9302],"stabilizedTipPosition":[-74.4055,339.012,96.4416],"timeVisible":0.714006,"tipPosition":[-42.6242,350.821,-59.2737],"tipVelocity":[43.2037,8.92308,-141.337],"tool":false,"touchDistance":-0.550663,"touchZone":"hovering","type":1,"width":19.0841},{"bases":[[[0.669009,-0.700882,-0.247369],[0.735742,0.671693,0.0866732],[0.105408,-0.239985,0.965037]],[[0.669186,-0.701286,-0.245739],[0.349727,0.589006,-0.728535],[0.655653,0.401584,0.639413]],[[0.669186,-0.701286,-0.245739],[-0.586882,-0.295928,-0.753655],[0.455807,0.648556,-0.609603]],[[0.669186,-0.701286,-0.245739],[-0.737951,-0.666008,-0.108914],[-0.0872841,0.254227,-0.963198]]],"btipPosition":[-48.3308,292.507,17.9221],"carpPosition":[1.27475,317.995,79.7966],"dipPosition":[-49.9491,297.221,0.0638092],"direction":[-0.455807,-0.648556,0.609603],"extended":false,"handId":883,"id":8832,"length":66.1101,"mcpPosition":[-5.981,334.514,13.3685],"pipPosition":[-37.161,315.417,-17.0392],"stabilizedTipPosition":[-60.7356,255.093,195.608],"timeVisible":0.714006,"tipPosition":[-48.8204,293.353,14.0937],"tipVelocity":[24.1311,10.4823,-115.942],"tool":false,"touchDistance":0.333333,"touchZone":"none","type":2,"width":18.7431},{"bases":[[[0.619849,-0.777186,-0.108485],[0.784645,0.611909,0.0994974],[-0.0109453,-0.146795,0.989106]],[[0.61918,-0.78149,-0.0767403],[0.495914,0.464937,-0.733419],[0.608839,0.416062,0.675432]],[[0.61918,-0.78149,-0.0767403],[-0.50625,-0.322569,-0.799787],[0.600272,0.534062,-0.595358]],[[0.61918,-0.78149,-0.0767403],[-0.781617,-0.603978,-0.155841],[0.0754384,0.156475,-0.984797]]],"btipPosition":[-34.0472,283.583,19.6315],"carpPosition":[9.91209,310.332,76.1089],"dipPosition":[-32.6565,286.467,1.47767],"direction":[-0.600272,-0.534063,0.595358],"extended":false,"handId":883,"id":8833,"length":63.5667,"mcpPosition":[10.5885,319.405,14.98],"pipPosition":[-16.2503,301.064,-14.7943],"stabilizedTipPosition":[-46.4482,244.471,218.332],"timeVisible":0.714006,"tipPosition":[-33.7181,284.134,16.4781],"tipVelocity":[16.1392,3.45751,-133.35],"tool":false,"touchDistance":0.333333,"touchZone":"none","type":3,"width":17.8352},{"bases":[[[0.476193,-0.879303,-0.00821572],[0.867432,0.46819,0.168405],[-0.144232,-0.0873197,0.985684]],[[0.442229,-0.880586,0.170296],[0.67266,0.200038,-0.712399],[0.593264,0.429595,0.680798]],[[0.442229,-0.880586,0.170296],[-0.455366,-0.38402,-0.803225],[0.772706,0.277662,-0.570814]],[[0.442229,-0.880586,0.170296],[-0.860597,-0.470084,-0.195945],[0.2526,-0.0599039,-0.965715]]],"btipPosition":[-17.4038,282.822,21.2445],"carpPosition":[14.2483,297.153,73.9472],"dipPosition":[-13.108,281.803,4.82129],"direction":[-0.772706,-0.277662,0.570814],"extended":false,"handId":883,"id":8834,"length":49.8351,"mcpPosition":[22.4998,302.148,17.5567],"pipPosition":[1.80306,287.161,-6.19381],"stabilizedTipPosition":[-35.9711,250.457,223.726],"timeVisible":0.714006,"tipPosition":[-16.4653,282.678,18.5725],"tipVelocity":[15.5812,-7.37858,-141.614],"tool":false,"touchDistance":0.333333,"touchZone":"none","type":4,"width":15.8426}],"r":[[0.788902,-0.547399,0.279264],[0.613966,0.682836,-0.395955],[0.0260536,0.483828,0.874775]],"s":0.829911,"t":[45.5526,41.8665,-208.117],"timestamp":607242613361},false],[5,{"currentFrameRate":104.627,"devices":[],"gestures":[],"hands":[{"armBasis":[[0.670179,-0.355635,-0.651447],[0.635135,0.728932,0.255462],[0.384009,-0.584962,0.714392]],"armWidth":62.8676,"confidence":0.865682,"direction":[0.0147272,0.333525,-0.942626],"elbow":[103.434,146.357,274.047],"grabStrength":0,"id":883,"palmNormal":[-0.635006,-0.725091,-0.266476],"palmPosition":[-6.59182,321.394,33.8973],"palmVelocity":[20.9762,-6.0971,-131.231],"palmWidth":89.7729,"pinchStrength":1,"r":[[0.787367,-0.549,0.280451],[0.615891,0.68053,-0.396936],[0.0270627,0.485262,0.87395]],"s":0.83093,"sphereCenter":[-34.4191,297.649,4.30374],"sphereRadius":43.5492,"stabilizedPalmPosition":[-39.1089,292.435,213.294],"t":[45.7216,41.8056,-209.189],"timeVisible":0.723278,"type":"right","wrist":[1.13888,302.184,83.7415]}],"id":4456230,"interactionBox":{"center":[0,200,0],"size":[235.247,235.247,147.751]},"pointables":[{"bases":[[[0.881639,0.471179,-0.0265201],[-0.34336,0.678995,0.648899],[0.323755,-0.562989,0.760412]],[[0.694746,0.648542,-0.311002],[-0.579612,0.760847,0.291826],[0.425886,-0.0224842,0.904497]],[[0.694746,0.648542,-0.311002],[-0.707298,0.694543,-0.13168],[0.130604,0.311455,0.941243]],[[0.694746,0.648542,-0.311002],[-0.713206,0.56521,-0.414578],[-0.0930902,0.509835,0.855221]]],"btipPosition":[-50.6201,289.136,-6.21568],"carpPosition":[-27.4013,310.278,89.7412],"dipPosition":[-52.7696,300.908,13.5318],"direction":[-0.130604,-0.311455,-0.941243],"extended":false,"handId":883,"id":8830,"length":51.4192,"mcpPosition":[-27.4013,310.278,89.7412],"pipPosition":[-48.3761,311.385,45.1948],"stabilizedTipPosition":[-77.1847,274.789,158.605],"timeVisible":0.723278,"tipPosition":[-51.6008,291.978,-1.39579],"tipVelocity":[19.9631,6.47312,-135.024],"tool":false,"touchDistance":-0.501218,"touchZone":"hovering","type":0,"width":19.9791},{"bases":[[[0.763874,-0.537945,-0.356525],[0.610897,0.780848,0.130693],[0.208087,-0.317633,0.925099]],[[0.785122,-0.576252,-0.226972],[0.590137,0.807262,-0.00818037],[0.18794,-0.127522,0.973867]],[[0.785122,-0.576252,-0.226972],[0.567834,0.816068,-0.107688],[0.24728,-0.0443346,0.967929]],[[0.785122,-0.576252,-0.226972],[0.546752,0.817036,-0.183069],[0.290939,0.0196343,0.95654]]],"btipPosition":[-42.7211,352.18,-64.3055],"carpPosition":[-8.84935,322.993,83.33],"dipPosition":[-37.8167,352.511,-48.181],"direction":[-0.24728,0.0443346,-0.967929],"extended":true,"handId":883,"id":8831,"length":58.0209,"mcpPosition":[-23.9534,346.049,16.1812],"pipPosition":[-31.9198,351.454,-25.0988],"stabilizedTipPosition":[-74.4047,339.012,96.4375],"timeVisible":0.723278,"tipPosition":[-42.1221,351.094,-60.4879],"tipVelocity":[46.3504,14.7051,-138.229],"tool":false,"touchDistance":-0.542052,"touchZone":"touching","type":1,"width":19.0841},{"bases":[[[0.669554,-0.701094,-0.245284],[0.735665,0.671497,0.088815],[0.10244,-0.239914,0.965374]],[[0.669823,-0.701726,-0.242729],[0.351891,0.587856,-0.728422],[0.653842,0.4025,0.64069]],[[0.669823,-0.701726,-0.242729],[-0.586802,-0.299964,-0.75212],[0.454973,0.646221,-0.612697]],[[0.669823,-0.701726,-0.242729],[-0.73712,-0.667773,-0.103598],[-0.0893904,0.248313,-0.964547]]],"btipPosition":[-48.0168,292.663,16.8806],"carpPosition":[1.23589,318.024,78.7272],"dipPosition":[-49.6742,297.267,-1.00271],"direction":[-0.454973,-0.646221,0.612697],"extended":false,"handId":883,"id":8832,"length":66.1101,"mcpPosition":[-5.81555,334.539,12.2759],"pipPosition":[-36.9095,315.397,-18.1926],"stabilizedTipPosition":[-60.7356,255.094,195.608],"timeVisible":0.723278,"tipPosition":[-48.5638,293.468,12.9602],"tipVelocity":[26.6001,11.5005,-115.099],"tool":false,"touchDistance":0.333333,"touchZone":"none","type":2,"width":18.7431},{"bases":[[[0.619956,-0.77737,-0.106541],[0.784512,0.611701,0.101792],[-0.0139591,-0.146689,0.989084]],[[0.619197,-0.781646,-0.0749986],[0.499827,0.466,-0.73008],[0.605613,0.414577,0.679234]],[[0.619197,-0.781646,-0.0749986],[-0.504085,-0.322446,-0.801204],[0.602074,0.533909,-0.593673]],[[0.619197,-0.781646,-0.0749986],[-0.78153,-0.604191,-0.155449],[0.0761924,0.154867,-0.984993]]],"btipPosition":[-33.8118,283.702,18.3802],"carpPosition":[9.88215,310.359,75.0662],"dipPosition":[-32.4073,286.557,0.22278],"direction":[-0.602074,-0.533909,0.593673],"extended":false,"handId":883,"id":8833,"length":63.5667,"mcpPosition":[10.7449,319.424,13.9388],"pipPosition":[-15.9518,301.149,-16.0032],"stabilizedTipPosition":[-46.4482,244.471,218.332],"timeVisible":0.723278,"tipPosition":[-33.5176,284.223,15.1988],"tipVelocity":[18.8388,5.89644,-133.826],"tool":false,"touchDistance":0.333333,"touchZone":"none","type":3,"width":17.8352},{"bases":[[[0.47597,-0.879436,-0.00669369],[0.867052,0.467967,0.170963],[-0.147218,-0.087177,0.985255]],[[0.441408,-0.880672,0.171974],[0.675278,0.199819,-0.70998],[0.590896,0.429521,0.682901]],[[0.441408,-0.880672,0.171974],[-0.453492,-0.384327,-0.804138],[0.774276,0.276964,-0.569023]],[[0.441408,-0.880672,0.171974],[-0.860523,-0.469778,-0.197],[0.254282,-0.0610303,-0.965203]]],"btipPosition":[-17.2364,282.874,20.1242],"carpPosition":[14.2212,297.178,72.919],"dipPosition":[-12.912,281.836,3.7097],"direction":[-0.774276,-0.276964,0.569023],"extended":false,"handId":883,"id":8834,"length":49.8351,"mcpPosition":[22.6435,302.165,16.553],"pipPosition":[2.02936,287.181,-7.27083],"stabilizedTipPosition":[-35.9711,250.457,223.725],"timeVisible":0.723278,"tipPosition":[-16.3065,282.715,17.4195],"tipVelocity":[16.4777,-3.85379,-135.7],"tool":false,"touchDistance":0.333333,"touchZone":"none","type":4,"width":15.8426}],"r":[[0.787367,-0.549,0.280451],[0.615891,0.68053,-0.396936],[0.0270627,0.485262,0.87395]],"s":0.83093,"t":[45.7216,41.8056,-209.189],"timestamp":607242622633},false],[6,{"currentFrameRate":105.016,"devices":[],"gestures":[],"hands":[{"armBasis":[[0.672602,-0.355722,-0.648898],[0.633607,0.729842,0.256657],[0.382294,-0.583775,0.716281]],"armWidth":62.8676,"confidence":0.871051,"direction":[0.0159917,0.332904,-0.942825],"elbow":[103.022,146.802,273.722],"grabStrength":0,"id":883,"palmNormal":[-0.633469,-0.726186,-0.267155],"palmPosition":[-6.48324,321.478,33.0412],"palmVelocity":[18.6505,-1.90119,-122.095],"palmWidth":89.7729,"pinchStrength":1,"r":[[0.786189,-0.550011,0.281769],[0.617377,0.678803,-0.397583],[0.0274097,0.486533,0.873232]],"s":0.831797,"sphereCenter":[-34.2718,297.762,3.40958],"sphereRadius":43.5564,"stabilizedPalmPosition":[-39.1089,292.435,213.294],"t":[45.8604,41.8169,-210.153],"timeVisible":0.732076,"type":"right","wrist":[1.18284,302.312,82.9127]}],"id":4456231,"interactionBox":{"center":[0,200,0],"size":[235.247,235.247,147.751]},"pointables":[{"bases":[[[0.881008,0.47243,-0.0252114],[-0.345536,0.678941,0.647799],[0.323156,-0.562004,0.761394]],[[0.695192,0.648891,-0.30927],[-0.580908,0.760565,0.289976],[0.423383,-0.0219316,0.905685]],[[0.695192,0.648891,-0.30927],[-0.707486,0.693774,-0.134689],[0.127165,0.312439,0.941388]],[[0.695192,0.648891,-0.30927],[-0.7131,0.568372,-0.410416],[-0.0905348,0.505859,0.857852]]],"btipPosition":[-50.4189,289.259,-7.22694],"carpPosition":[-27.38,310.369,88.854],"dipPosition":[-52.5094,300.939,12.5813],"direction":[-0.127165,-0.312439,-0.941388],"extended":false,"handId":883,"id":8830,"length":51.4192,"mcpPosition":[-27.38,310.369,88.854],"pipPosition":[-48.2316,311.45,44.2492],"stabilizedTipPosition":[-77.1847,274.789,158.605],"timeVisible":0.732076,"tipPosition":[-51.36,292.034,-2.37564],"tipVelocity":[21.1622,7.84774,-129.187],"tool":false,"touchDistance":-0.494389,"touchZone":"hovering","type":0,"width":19.9791},{"bases":[[[0.765306,-0.537088,-0.354744],[0.609531,0.781816,0.131289],[0.206831,-0.316704,0.9257]],[[0.78633,-0.575183,-0.225496],[0.589395,0.807828,-0.00527624],[0.185197,-0.128758,0.97423]],[[0.78633,-0.575183,-0.225496],[0.567181,0.816794,-0.105612],[0.24493,-0.0448514,0.968503]],[[0.78633,-0.575183,-0.225496],[0.546088,0.817786,-0.181696],[0.288916,0.0197321,0.957151]]],"btipPosition":[-42.4087,352.29,-65.2499],"carpPosition":[-8.83453,323.107,82.4685],"dipPosition":[-37.5384,352.622,-49.1152],"direction":[-0.24493,0.0448514,-0.968503],"extended":true,"handId":883,"id":8831,"length":58.0209,"mcpPosition":[-23.8475,346.095,15.2762],"pipPosition":[-31.6975,351.553,-26.0192],"stabilizedTipPosition":[-74.4036,339.012,96.4324],"timeVisible":0.732076,"tipPosition":[-41.8097,351.219,-61.4353],"tipVelocity":[43.189,14.1043,-129.838],"tool":false,"touchDistance":-0.530311,"touchZone":"touching","type":1,"width":19.0841},{"bases":[[[0.671015,-0.700296,-0.243567],[0.734533,0.672616,0.0897166],[0.100999,-0.239109,0.965726]],[[0.671356,-0.701108,-0.240269],[0.353206,0.587678,-0.727929],[0.651557,0.403835,0.642177]],[[0.671356,-0.701108,-0.240269],[-0.585918,-0.303562,-0.751366],[0.453852,0.645211,-0.61459]],[[0.671356,-0.701108,-0.240269],[-0.735507,-0.670151,-0.0996334],[-0.0911625,0.243609,-0.96558]]],"btipPosition":[-47.7142,292.785,16.0185],"carpPosition":[1.26634,318.149,77.8877],"dipPosition":[-49.4044,297.302,-1.88394],"direction":[-0.453852,-0.645211,0.61459],"extended":false,"handId":883,"id":8832,"length":66.1101,"mcpPosition":[-5.68588,334.608,11.4122],"pipPosition":[-36.6711,315.404,-19.1269],"stabilizedTipPosition":[-60.7356,255.094,195.607],"timeVisible":0.732076,"tipPosition":[-48.2995,293.55,12.0631],"tipVelocity":[28.4693,11.5197,-110.625],"tool":false,"touchDistance":0.333333,"touchZone":"none","type":2,"width":18.7431},{"bases":[[[0.62127,-0.776549,-0.104863],[0.783442,0.612899,0.102825],[-0.0155783,-0.146036,0.989157]],[[0.620466,-0.780779,-0.0735277],[0.502008,0.467458,-0.727647],[0.602503,0.414569,0.681999]],[[0.620466,-0.780779,-0.0735277],[-0.502164,-0.323535,-0.80197],[0.602373,0.534518,-0.592822]],[[0.620466,-0.780779,-0.0735277],[-0.780554,-0.605764,-0.154228],[0.0758772,0.153085,-0.985296]]],"btipPosition":[-33.5288,283.813,17.4179],"carpPosition":[9.93038,310.494,74.248],"dipPosition":[-32.1301,286.635,-0.745096],"direction":[-0.602373,-0.534518,0.592822],"extended":false,"handId":883,"id":8833,"length":63.5667,"mcpPosition":[10.8931,319.519,13.1161],"pipPosition":[-15.6663,301.244,-16.9478],"stabilizedTipPosition":[-46.4482,244.471,218.332],"timeVisible":0.732076,"tipPosition":[-33.2667,284.308,14.2136],"tipVelocity":[22.3895,7.4854,-127.28],"tool":false,"touchDistance":0.333333,"touchZone":"none","type":3,"width":17.8352},{"bases":[[[0.477246,-0.878754,-0.00521247],[0.86606,0.469331,0.172246],[-0.148916,-0.0867183,0.98504]],[[0.442253,-0.879886,0.17382],[0.678078,0.201168,-0.706924],[0.587045,0.430503,0.685598]],[[0.442253,-0.879886,0.17382],[-0.450804,-0.385618,-0.805031],[0.775363,0.277668,-0.567197]],[[0.442253,-0.879886,0.17382],[-0.859855,-0.471069,-0.196833],[0.255072,-0.0624098,-0.964906]]],"btipPosition":[-16.9682,282.963,19.2009],"carpPosition":[14.2923,297.318,72.1178],"dipPosition":[-12.6304,281.902,2.79145],"direction":[-0.775363,-0.277668,0.567197],"extended":false,"handId":883,"id":8834,"length":49.8351,"mcpPosition":[22.8117,302.279,15.7641],"pipPosition":[2.33194,287.26,-8.15385],"stabilizedTipPosition":[-35.9711,250.457,223.725],"timeVisible":0.732076,"tipPosition":[-16.0618,282.786,16.4769],"tipVelocity":[20.3441,-0.24492,-127.38],"tool":false,"touchDistance":0.333333,"touchZone":"none","type":4,"width":15.8426}],"r":[[0.786189,-0.550011,0.281769],[0.617377,0.678803,-0.39