{"sensorType":"Leap","data":[[0,{"currentFrameRate":104.952,"devices":[],"gestures":[],"hands":[{"armBasis":[[0.868773,0.305153,-0.39002],[-0.040957,0.829161,0.557507],[0.493514,-0.468373,0.732851]],"armWidth":62.8676,"confidence":0.505942,"direction":[-0.139928,0.658986,-0.739025],"elbow":[120.502,104.856,251.697],"grabStrength":0,"id":889,"palmNormal":[0.0215624,-0.744163,-0.66765],"palmPosition":[-25.7727,260.74,14.9311],"palmVelocity":[-197.771,69.9709,377.72],"palmWidth":89.7729,"pinchStrength":0.368236,"r":[[0.679533,0.271818,0.681432],[-0.33839,0.940254,-0.0376122],[-0.650943,-0.205031,0.730914]],"s":1.15438,"sphereCenter":[-45.7882,250.823,-19.4016],"sphereRadius":48.5325,"stabilizedPalmPosition":[-12.2315,256.899,-12.1733],"t":[59.5039,-9.45218,-279.03],"timeVisible":2.68435,"type":"right","wrist":[-10.9646,229.625,56.474]}],"id":4459181,"interactionBox":{"center":[0,200,0],"size":[235.247,235.247,147.751]},"pointables":[{"bases":[[[0.351753,0.838195,0.416773],[-0.751721,-0.0123892,0.659365],[0.557839,-0.545231,0.625731]],[[0.322496,0.865215,0.383925],[-0.737464,-0.0246135,0.674938],[0.593416,-0.500796,0.630128]],[[0.322496,0.865215,0.383925],[-0.946436,0.287903,0.146185],[0.0159483,-0.410505,0.911719]],[[0.322496,0.865215,0.383925],[-0.682277,0.493614,-0.539299],[-0.656121,-0.0880211,0.749505]]],"btipPosition":[-52.7178,256.901,-24.6259],"carpPosition":[-38.1058,216.395,54.3841],"dipPosition":[-67.8679,254.868,-7.31941],"direction":[-0.0159483,0.410505,-0.911719],"extended":false,"handId":889,"id":8890,"length":51.4192,"mcpPosition":[-38.1058,216.395,54.3841],"pipPosition":[-67.3314,241.059,23.3504],"stabilizedTipPosition":[-43.9387,242.9,-46.0977],"timeVisible":2.68435,"tipPosition":[-56.0627,255.859,-21.1648],"tipVelocity":[-217.616,228.447,425.234],"tool":false,"touchDistance":0.628679,"touchZone":"hovering","type":0,"width":19.9791},{"bases":[[[0.952379,0.21845,-0.212727],[-0.0664419,0.829573,0.554432],[0.297589,-0.513895,0.804582]],[[0.973556,0.175621,-0.146106],[0.00141526,0.634902,0.772591],[0.228446,-0.752368,0.617864]],[[0.973556,0.175621,-0.146106],[-0.0377901,0.754543,0.655162],[0.225303,-0.632315,0.741226]],[[0.973556,0.175621,-0.146106],[-0.0713832,0.841384,0.535703],[0.217012,-0.511107,0.83167]]],"btipPosition":[-72.4366,331.466,-57.5399],"carpPosition":[-32.1217,238.579,58.7466],"dipPosition":[-68.7785,322.85,-43.5203],"direction":[-0.225303,0.632315,-0.741226],"extended":true,"handId":889,"id":8891,"length":58.0209,"mcpPosition":[-53.7223,275.88,0.345567],"pipPosition":[-63.4056,307.771,-25.8443],"stabilizedTipPosition":[-54.503,308.569,-92.5988],"timeVisible":2.68435,"tipPosition":[-71.1581,328.968,-54.902],"tipVelocity":[-244.256,259.73,564.594],"tool":false,"touchDistance":0.827364,"touchZone":"hovering","type":1,"width":19.0841},{"bases":[[[0.981108,0.00236881,-0.193449],[0.102075,0.843078,0.528016],[0.164343,-0.537786,0.826908]],[[0.981627,0.000654009,-0.190811],[-0.141007,0.676207,-0.723091],[0.128555,0.736711,0.663875]],[[0.981627,0.000654009,-0.190811],[-0.153426,-0.59183,-0.791326],[-0.113445,0.806062,-0.580856]],[[0.981627,0.000654009,-0.190811],[-0.0623241,-0.944049,-0.323862],[-0.180347,0.329803,-0.926663]]],"btipPosition":[-31.8601,216.15,1.63998],"carpPosition":[-20.9607,242.896,56.6536],"dipPosition":[-35.2039,222.265,-15.5409],"direction":[0.113445,-0.806062,0.580856],"extended":false,"handId":889,"id":8892,"length":66.1101,"mcpPosition":[-32.2732,279.914,-0.266419],"pipPosition":[-38.3867,244.879,-31.8374],"stabilizedTipPosition":[-23.1454,212.707,-17.3141],"timeVisible":2.68435,"tipPosition":[-32.6658,217.85,-2.56489],"tipVelocity":[-168.162,103.854,250.582],"tool":false,"touchDistance":0.333333,"touchZone":"none","type":2,"width":18.7431},{"bases":[[[0.984093,-0.140358,-0.108904],[0.177097,0.823519,0.538936],[0.0140403,-0.54965,0.835277]],[[0.983965,-0.136362,-0.114968],[0.00162011,0.651393,-0.758739],[0.178353,0.746387,0.641169]],[[0.983965,-0.136362,-0.114968],[-0.174072,-0.593698,-0.785635],[0.0388742,0.79305,-0.607915]],[[0.983965,-0.136362,-0.114968],[-0.167038,-0.93052,-0.32593],[-0.0625359,0.339908,-0.938377]]],"btipPosition":[-17.8092,217.235,8.14755],"carpPosition":[-9.16962,244.109,54.1201],"dipPosition":[-18.962,223.501,-9.15056],"direction":[-0.0388742,-0.79305,0.607915],"extended":false,"handId":889,"id":8893,"length":63.5667,"mcpPosition":[-10.0373,278.078,2.49821],"pipPosition":[-17.8995,245.176,-25.7657],"stabilizedTipPosition":[-9.00512,214.999,-10.71],"timeVisible":2.68435,"tipPosition":[-18.229,219.046,4.21408],"tipVelocity":[-168.272,89.8065,247.192],"tool":false,"touchDistance":0.333333,"touchZone":"none","type":3,"width":17.8352},{"bases":[[[0.936224,-0.337158,-0.0990385],[0.328544,0.739846,0.5871],[-0.124672,-0.582196,0.803433]],[[0.942018,-0.30162,-0.147064],[0.102663,0.676296,-0.729441],[0.319473,0.672048,0.668048]],[[0.942018,-0.30162,-0.147064],[-0.293197,-0.526666,-0.797908],[0.163212,0.794763,-0.584563]],[[0.942018,-0.30162,-0.147064],[-0.334789,-0.874523,-0.350894],[-0.0227743,0.379784,-0.924795]]],"btipPosition":[-3.85606,226.449,7.58617],"carpPosition":[2.91891,238.382,49.8482],"dipPosition":[-4.24337,232.907,-8.14111],"direction":[-0.163212,-0.794763,0.584563],"extended":false,"handId":889,"id":8894,"length":49.8351,"mcpPosition":[10.0514,271.689,3.88414],"pipPosition":[-1.09385,248.244,-19.4215],"stabilizedTipPosition":[6.15777,222.05,-11.6682],"timeVisible":2.68435,"tipPosition":[-3.86916,228.324,3.95367],"tipVelocity":[-176.412,105.052,278.315],"tool":false,"touchDistance":0.333333,"touchZone":"none","type":4,"width":15.8426}],"r":[[0.679533,0.271818,0.681432],[-0.33839,0.940254,-0.0376122],[-0.650943,-0.205031,0.730914]],"s":1.15438,"t":[59.5039,-9.45218,-279.03],"timestamp":607270524168},false],[1,{"currentFrameRate":109.519,"devices":[],"gestures":[],"hands":[{"armBasis":[[0.601677,-0.425795,-0.675784],[0.678157,0.71933,0.150558],[0.422004,-0.548875,0.72156]],"armWidth":62.8676,"confidence":0.911756,"direction":[0.108242,0.456193,-0.883273],"elbow":[104.226,135.962,276.133],"grabStrength":0,"id":890,"palmNormal":[-0.673844,-0.619572,-0.402574],"palmPosition":[-10.7935,308.644,36.9511],"palmVelocity":[-19.5195,35.7298,-174.007],"palmWidth":89.7729,"pinchStrength":1,"r":[[0.838013,0.0720668,0.54087],[0.00195517,0.990837,-0.135051],[-0.545647,0.114232,0.830193]],"s":0.832538,"sphereCenter":[-31.5818,278.571,-1.32856],"sphereRadius":48.3464,"stabilizedPalmPosition":[-52.2811,278.468,166.095],"t":[87.5056,45.7273,-199.229],"timeVisible":0.524229,"type":"right","wrist":[-8.19141,282.176,83.9182]}],"id":4459387,"interactionBox":{"center":[0,200,0],"size":[235.247,235.247,147.751]},"pointables":[{"bases":[[[0.917939,0.386143,0.0910058],[-0.329117,0.613118,0.71817],[0.221519,-0.689188,0.689891]],[[0.781625,0.603631,-0.157138],[-0.472175,0.737215,0.483285],[0.40757,-0.303551,0.861245]],[[0.781625,0.603631,-0.157138],[-0.60425,0.795267,0.0493236],[0.15474,0.0563979,0.986344]],[[0.781625,0.603631,-0.157138],[-0.598217,0.654113,-0.462896],[-0.176633,0.455814,0.872373]]],"btipPosition":[-57.4945,294.528,-6.36934],"carpPosition":[-36.2949,292,89.3706],"dipPosition":[-61.5731,305.053,13.7742],"direction":[-0.15474,-0.0563979,-0.986344],"extended":false,"handId":890,"id":8900,"length":51.4192,"mcpPosition":[-36.2949,292,89.3706],"pipPosition":[-56.3677,306.95,46.9544],"stabilizedTipPosition":[-123.987,263.412,185.191],"timeVisible":0.524229,"tipPosition":[-58.8266,296.918,-1.86727],"tipVelocity":[1.20531,32.7914,-177.8],"tool":false,"touchDistance":-0.539523,"touchZone":"hovering","type":0,"width":19.9791},{"bases":[[[0.7387,-0.5531,-0.38523],[0.664013,0.695337,0.274941],[0.115795,-0.458897,0.880912]],[[0.74754,-0.625433,-0.223646],[0.655231,0.749565,0.0939375],[0.108886,-0.216762,0.970133]],[[0.74754,-0.625433,-0.223646],[0.640257,0.768119,-0.00799961],[0.17679,-0.137211,0.974638]],[[0.74754,-0.625433,-0.223646],[0.624349,0.776538,-0.0847184],[0.226656,-0.0763028,0.970982]]],"btipPosition":[-37.3935,350.741,-58.7738],"carpPosition":[-16.3364,303.686,85.8995],"dipPosition":[-33.5728,349.455,-42.4059],"direction":[-0.17679,0.137211,-0.974638],"extended":true,"handId":890,"id":8901,"length":58.0209,"mcpPosition":[-24.7414,336.995,21.958],"pipPosition":[-29.3569,346.183,-19.1637],"stabilizedTipPosition":[-86.2757,329.303,70.6383],"timeVisible":0.524229,"tipPosition":[-36.8121,349.451,-55.07],"tipVelocity":[-2.6729,32.818,-185.157],"tool":false,"touchDistance":-0.585652,"touchZone":"hovering","type":1,"width":19.0841},{"bases":[[[0.623459,-0.720393,-0.303862],[0.781721,0.581575,0.225128],[0.0145379,-0.377894,0.925735]],[[0.623626,-0.728002,-0.284788],[0.468896,0.639854,-0.60887],[0.625481,0.246171,0.740387]],[[0.623626,-0.728002,-0.284788],[-0.406061,0.00962634,-0.913795],[0.667986,0.685508,-0.28961]],[[0.623626,-0.728002,-0.284788],[-0.731844,-0.415664,-0.540026],[0.274764,0.545195,-0.792002]]],"btipPosition":[-60.992,283.438,5.0968],"carpPosition":[-6.41083,298.473,81.2196],"dipPosition":[-55.8977,293.546,-9.58742],"direction":[-0.667986,-0.685508,0.28961],"extended":false,"handId":890,"id":8902,"length":66.1101,"mcpPosition":[-7.41155,324.486,17.4969],"pipPosition":[-37.1567,312.779,-17.7127],"stabilizedTipPosition":[-117.128,241.503,202.598],"timeVisible":0.524229,"tipPosition":[-59.6928,285.429,2.86439],"tipVelocity":[-6.28954,10.6726,-172.861],"tool":false,"touchDistance":0.333333,"touchZone":"none","type":2,"width":18.7431},{"bases":[[[0.558088,-0.80993,-0.180422],[0.824332,0.516277,0.232239],[-0.0949497,-0.278337,0.955779]],[[0.558176,-0.809669,-0.181316],[0.544658,0.522403,-0.656081],[0.625929,0.267454,0.732586]],[[0.558176,-0.809669,-0.181316],[-0.378737,-0.0541969,-0.923916],[0.738239,0.584379,-0.336903]],[[0.558176,-0.809669,-0.181316],[-0.749096,-0.39779,-0.529735],[0.356784,0.431508,-0.828556]]],"btipPosition":[-46.6867,272.092,10.1241],"carpPosition":[1.79152,290.607,77.0053],"dipPosition":[-40.1097,280.047,-5.14959],"direction":[-0.73824,-0.584379,0.336903],"extended":false,"handId":890,"id":8903,"length":63.5667,"mcpPosition":[7.65961,307.809,17.9362],"pipPosition":[-19.9325,296.019,-14.3576],"stabilizedTipPosition":[-101.363,231.225,203.63],"timeVisible":0.524229,"tipPosition":[-45.0136,273.679,7.74374],"tipVelocity":[-4.09854,19.7026,-176.246],"tool":false,"touchDistance":0.333333,"touchZone":"none","type":3,"width":17.8352},{"bases":[[[0.399421,-0.910796,-0.104464],[0.889451,0.357387,0.284872],[-0.222126,-0.206699,0.952856]],[[0.39643,-0.913466,-0.0917758],[0.654983,0.35146,-0.668934],[0.643305,0.205074,0.737634]],[[0.39643,-0.913466,-0.0917758],[-0.354984,-0.0603269,-0.932924],[0.846658,0.402418,-0.348182]],[[0.39643,-0.913466,-0.0917758],[-0.788018,-0.28728,-0.544517],[0.471032,0.288184,-0.833714]]],"btipPosition":[-28.9411,269.5,13.909],"carpPosition":[5.14215,277.496,73.2575],"dipPosition":[-20.9307,274.401,-0.269345],"direction":[-0.846658,-0.402418,0.348182],"extended":false,"handId":890,"id":8904,"length":49.8351,"mcpPosition":[17.8499,289.321,18.745],"pipPosition":[-4.59256,282.167,-6.98826],"stabilizedTipPosition":[-76.147,234.685,165.907],"timeVisible":0.524229,"tipPosition":[-26.9918,270.251,11.9254],"tipVelocity":[-3.87448,26.4058,-172.089],"tool":false,"touchDistance":0.333333,"touchZone":"none","type":4,"width":15.8426}],"r":[[0.838013,0.0720668,0.54087],[0.00195517,0.990837,-0.135051],[-0.545647,0.114232,0.830193]],"s":0.832538,"t":[87.5056,45.7273,-199.229],"timestamp":607272431351},false],[2,{"currentFrameRate":109.604,"devices":[],"gestures":[],"hands":[{"armBasis":[[0.600902,-0.429392,-0.674195],[0.679438,0.718683,0.14785],[0.421047,-0.546917,0.723603]],"armWidth":62.8676,"confidence":0.915852,"direction":[0.107881,0.455677,-0.883584],"elbow":[103.834,136.585,275.773],"grabStrength":0,"id":890,"palmNormal":[-0.675406,-0.618582,-0.401476],"palmPosition":[-10.946,308.732,36.0402],"palmVelocity":[-18.8283,28.6405,-154.162],"palmWidth":89.7729,"pinchStrength":1,"r":[[0.837206,0.0743896,0.541805],[0.000653701,0.990569,-0.137015],[-0.546888,0.115064,0.829261]],"s":0.83434,"sphereCenter":[-31.8412,278.724,-2.15624],"sphereRadius":48.3276,"stabilizedPalmPosition":[-52.273,278.474,166.07],"t":[87.3283,45.9108,-200.382],"timeVisible":0.5332,"type":"right","wrist":[-8.32843,282.277,83.0139]}],"id":4459388,"interactionBox":{"center":[0,200,0],"size":[235.247,235.247,147.751]},"pointables":[{"bases":[[[0.918707,0.384623,0.0896834],[-0.327158,0.613944,0.718359],[0.221237,-0.689302,0.689867]],[[0.783621,0.60111,-0.156857],[-0.46895,0.737965,0.485277],[0.40746,-0.306715,0.860176]],[[0.783621,0.60111,-0.156857],[-0.6014,0.797316,0.0510306],[0.15574,0.0543454,0.986302]],[[0.783621,0.60111,-0.156857],[-0.595855,0.655813,-0.463537],[-0.175767,0.456701,0.872084]]],"btipPosition":[-57.6561,294.883,-7.18053],"carpPosition":[-36.4083,292.151,88.4986],"dipPosition":[-61.7146,305.429,12.9564],"direction":[-0.15574,-0.0543454,-0.986302],"extended":false,"handId":890,"id":8900,"length":51.4192,"mcpPosition":[-36.4083,292.151,88.4986],"pipPosition":[-56.4756,307.257,46.1351],"stabilizedTipPosition":[-123.982,263.415,185.178],"timeVisible":0.5332,"tipPosition":[-58.9776,297.205,-2.68152],"tipVelocity":[-3.91602,34.8073,-153.92],"tool":false,"touchDistance":-0.526095,"touchZone":"hovering","type":0,"width":19.9791},{"bases":[[[0.737269,-0.554494,-0.385967],[0.66554,0.694316,0.273827],[0.116148,-0.458761,0.880936]],[[0.746202,-0.626587,-0.224879],[0.656806,0.748028,0.0951846],[0.108574,-0.218729,0.969726]],[[0.746202,-0.626587,-0.224879],[0.641725,0.766898,-0.0074345],[0.177118,-0.138763,0.974358]],[[0.746202,-0.626587,-0.224879],[0.625644,0.775492,-0.0847425],[0.227491,-0.0774592,0.970695]]],"btipPosition":[-37.5259,350.988,-59.6488],"carpPosition":[-16.4345,303.802,84.9975],"dipPosition":[-33.6911,349.682,-43.2858],"direction":[-0.177118,0.138763,-0.974358],"extended":true,"handId":890,"id":8901,"length":58.0209,"mcpPosition":[-24.8651,337.101,21.0543],"pipPosition":[-29.4674,346.373,-20.0502],"stabilizedTipPosition":[-86.2698,329.305,70.6232],"timeVisible":0.5332,"tipPosition":[-36.9519,349.698,-55.9472],"tipVelocity":[-5.88331,31.2055,-161.197],"tool":false,"touchDistance":-0.568561,"touchZone":"hovering","type":1,"width":19.0841},{"bases":[[[0.62185,-0.721561,-0.304389],[0.782991,0.580336,0.223906],[0.0150855,-0.37757,0.925858]],[[0.622026,-0.728847,-0.286123],[0.456403,0.634421,-0.623864],[0.636223,0.257472,0.727274]],[[0.622026,-0.728847,-0.286123],[-0.41858,-0.000708796,-0.90818],[0.661721,0.684677,-0.305521]],[[0.622026,-0.728847,-0.286123],[-0.735783,-0.419123,-0.531939],[0.267781,0.541404,-0.796979]]],"btipPosition":[-61.3483,283.069,5.33788],"carpPosition":[-6.52376,298.571,80.3069],"dipPosition":[-56.3834,293.107,-9.4386],"direction":[-0.661721,-0.684677,0.305521],"extended":false,"handId":890,"id":8902,"length":66.1101,"mcpPosition":[-7.56217,324.561,16.5757],"pipPosition":[-37.8182,312.316,-18.0103],"stabilizedTipPosition":[-117.125,241.504,202.589],"timeVisible":0.5332,"tipPosition":[-60.0267,285.288,2.56433],"tipVelocity":[-16.3499,-3.99442,-118.815],"tool":false,"touchDistance":0.333333,"touchZone":"none","type":2,"width":18.7431},{"bases":[[[0.556485,-0.810941,-0.18083],[0.825501,0.514969,0.230987],[-0.0941949,-0.277817,0.956005]],[[0.556397,-0.811199,-0.179941],[0.547644,0.520877,-0.654808],[0.624907,0.26579,0.734062]],[[0.556397,-0.811199,-0.179941],[-0.376142,-0.0527963,-0.925057],[0.740904,0.582383,-0.334501]],[[0.556397,-0.811199,-0.179941],[-0.748879,-0.395738,-0.531575],[0.360003,0.430521,-0.827677]]],"btipPosition":[-46.9521,272.289,9.04294],"carpPosition":[1.65987,290.689,76.0851],"dipPosition":[-40.3158,280.225,-6.21452],"direction":[-0.740904,-0.582383,0.334501],"extended":false,"handId":890,"id":8903,"length":63.5667,"mcpPosition":[7.48131,307.859,17.002],"pipPosition":[-20.0658,296.142,-15.3569],"stabilizedTipPosition":[-101.36,231.226,203.622],"timeVisible":0.5332,"tipPosition":[-45.2718,273.866,6.67089],"tipVelocity":[-10.6615,20.1634,-160.871],"tool":false,"touchDistance":0.333333,"touchZone":"none","type":3,"width":17.8352},{"bases":[[[0.397746,-0.91151,-0.104631],[0.890419,0.355988,0.283597],[-0.221254,-0.205965,0.953218]],[[0.394476,-0.914417,-0.090718],[0.655752,0.349291,-0.669316],[0.643721,0.204541,0.737418]],[[0.394476,-0.914417,-0.090718],[-0.354749,-0.0604753,-0.933004],[0.847668,0.40023,-0.348244]],[[0.394476,-0.914417,-0.090718],[-0.788464,-0.286124,-0.54448],[0.471925,0.286312,-0.833854]]],"btipPosition":[-29.1989,269.626,12.9798],"carpPosition":[4.98351,277.571,72.3379],"dipPosition":[-21.1733,274.495,-1.20087],"direction":[-0.847668,-0.40023,0.348244],"extended":false,"handId":890,"id":8904,"length":49.8351,"mcpPosition":[17.6414,289.354,17.8047],"pipPosition":[-4.81565,282.218,-7.921],"stabilizedTipPosition":[-76.1429,234.688,165.894],"timeVisible":0.5332,"tipPosition":[-27.2467,270.378,10.973],"tipVelocity":[-10.5754,22.7867,-153.344],"tool":false,"touchDistance":0.333333,"touchZone":"none","type":4,"width":15.8426}],"r":[[0.837206,0.0743896,0.541805],[0.000653701,0.990569,-0.137015],[-0.546888,0.115064,0.829261]],"s":0.83434,"t":[87.3283,45.9108,-200.382],"timestamp":607272440322},false],[3,{"currentFrameRate":109.638,"devices":[],"gestures":[],"hands":[{"armBasis":[[0.601103,-0.43351,-0.671375],[0.679537,0.719391,0.143897],[0.4206,-0.54272,0.727014]],"armWidth":62.8676,"confidence":0.918106,"direction":[0.108843,0.458043,-0.882241],"elbow":[103.217,137.996,275.22],"grabStrength":0,"id":890,"palmNormal":[-0.67579,-0.616782,-0.403594],"palmPosition":[-11.3904,309.16,34.651],"palmVelocity":[-27.1726,33.7589,-153.934],"palmWidth":89.7729,"pinchStrength":1,"r":[[0.83651,0.0757782,0.542687],[-0.000173156,0.990428,-0.138032],[-0.547952,0.115371,0.828515]],"s":0.835659,"sphereCenter":[-32.3466,279.32,-3.6507],"sphereRadius":48.3419,"stabilizedPalmPosition":[-52.2657,278.48,166.046],"t":[87.0176,46.2163,-201.653],"timeVisible":0.54226,"type":"right","wrist":[-8.82614,282.571,81.5519]}],"id":4459389,"interactionBox":{"center":[0,200,0],"size":[235.247,235.247,147.751]},"pointables":[{"bases":[[[0.919037,0.383455,0.0912871],[-0.326961,0.612255,0.719889],[0.220154,-0.691452,0.68806]],[[0.785652,0.599453,-0.152997],[-0.467055,0.736872,0.488753],[0.405723,-0.312532,0.858902]],[[0.785652,0.599453,-0.152997],[-0.599112,0.798872,0.0535507],[0.154326,0.0495898,0.986775]],[[0.785652,0.599453,-0.152997],[-0.593049,0.659293,-0.462196],[-0.176195,0.45386,0.87348]]],"btipPosition":[-58.0041,295.701,-8.61643],"carpPosition":[-36.8993,292.457,87.0481],"dipPosition":[-62.0726,306.181,11.5527],"direction":[-0.154326,-0.0495898,-0.986775],"extended":false,"handId":890,"id":8900,"length":51.4192,"mcpPosition":[-36.8993,292.457,87.0481],"pipPosition":[-56.8811,307.849,44.7473],"stabilizedTipPosition":[-123.977,263.418,185.162],"timeVisible":0.54226,"tipPosition":[-59.3278,297.936,-4.10738],"tipVelocity":[-13.5114,49.6652,-154.956],"tool":false,"touchDistance":-0.523246,"touchZone":"hovering","type":0,"width":19.9791},{"bases":[[[0.736939,-0.554144,-0.387097],[0.666073,0.692883,0.276152],[0.115185,-0.461342,0.879713]],[[0.745715,-0.626547,-0.226602],[0.657666,0.746675,0.0997554],[0.106696,-0.223417,0.968866]],[[0.745715,-0.626547,-0.226602],[0.64262,0.766176,-0.00368023],[0.175923,-0.142874,0.973981]],[[0.745715,-0.626547,-0.226602],[0.626462,0.775159,-0.0816905],[0.226835,-0.0810395,0.970556]]],"btipPosition":[-37.8143,351.828,-60.9186],"carpPosition":[-16.9119,304.098,83.5911],"dipPosition":[-33.9905,350.462,-44.5579],"direction":[-0.175923,0.142874,-0.973981],"extended":true,"handId":890,"id":8901,"length":58.0209,"mcpPosition":[-25.2727,337.584,19.7367],"pipPosition":[-29.7953,347.055,-21.3313],"stabilizedTipPosition":[-86.2631,329.308,70.6057],"timeVisible":0.54226,"tipPosition":[-37.2496,350.534,-57.2221],"tipVelocity":[-13.1247,47.7756,-155.403],"tool":false,"touchDistance":-0.559093,"touchZone":"hovering","type":1,"width":19.0841},{"bases":[[[0.621307,-0.721325,-0.306053],[0.783439,0.578927,0.22598],[0.0141772,-0.380177,0.924805]],[[0.621465,-0.728583,-0.288007],[0.458207,0.636207,-0.620715],[0.635475,0.253786,0.729222]],[[0.621465,-0.728583,-0.288007],[-0.418149,0.00240723,-0.908375],[0.66252,0.684953,-0.30316]],[[0.621465,-0.728583,-0.288007],[-0.736263,-0.417499,-0.532553],[0.267766,0.543012,-0.795889]]],"btipPosition":[-61.7522,283.685,3.81594],"carpPosition":[-7.00371,298.87,78.8915],"dipPosition":[-56.7877,293.753,-10.9403],"direction":[-0.66252,-0.684953,0.30316],"extended":false,"handId":890,"id":8902,"length":66.1101,"mcpPosition":[-7.97959,325.039,15.2328],"pipPosition":[-38.2,312.97,-19.4458],"stabilizedTipPosition":[-117.123,241.506,202.582],"timeVisible":0.54226,"tipPosition":[-60.4534,285.892,1.04131],"tipVelocity":[-24.1484,16.1001,-132.251],"tool":false,"touchDistance":0.333333,"touchZone":"none","type":2,"width":18.7431},{"bases":[[[0.555783,-0.810985,-0.182783],[0.825879,0.513498,0.232902],[-0.0950213,-0.2804,0.955168]],[[0.555639,-0.811405,-0.181347],[0.548768,0.521767,-0.653156],[0.624595,0.263402,0.735187]],[[0.555639,-0.811405,-0.181347],[-0.375183,-0.0500515,-0.925598],[0.741959,0.582337,-0.332236]],[[0.555639,-0.811405,-0.181347],[-0.748685,-0.393443,-0.533548],[0.361574,0.432232,-0.826099]]],"btipPosition":[-47.4304,272.826,7.52132],"carpPosition":[1.17451,290.992,74.6523],"dipPosition":[-40.7652,280.794,-7.70705],"direction":[-0.741959,-0.582337,0.332236],"extended":false,"handId":890,"id":8903,"length":63.5667,"mcpPosition":[7.04702,308.321,15.6209],"pipPosition":[-20.4864,296.71,-16.7875],"stabilizedTipPosition":[-101.358,231.228,203.614],"timeVisible":0.54226,"tipPosition":[-45.7433,274.413,5.13647],"tipVelocity":[-22.0933,31.1954,-162.622],"tool":false,"touchDistance":0.333333,"touchZone":"none","type":3,"width":17.8352},{"bases":[[[0.396899,-0.911609,-0.106957],[0.890609,0.354305,0.285103],[-0.222007,-0.208414,0.95251]],[[0.393177,-0.914928,-0.0912038],[0.659661,0.349789,-0.665203],[0.640515,0.201379,0.741071]],[[0.393177,-0.914928,-0.0912038],[-0.349519,-0.0569764,-0.935195],[0.85044,0.399574,-0.342187]],[[0.393177,-0.914928,-0.0912038],[-0.786236,-0.283121,-0.54925],[0.476702,0.28766,-0.830666]]],"btipPosition":[-29.675,270.176,11.2542],"carpPosition":[4.48726,277.881,70.8704],"dipPosition":[-21.5681,275.068,-2.87228],"direction":[-0.85044,-0.399574,0.342187],"extended":false,"handId":890,"id":8904,"length":49.8351,"mcpPosition":[17.1882,289.804,16.3777],"pipPosition":[-5.15696,282.779,-9.47552],"stabilizedTipPosition":[-76.1391,234.691,165.882],"timeVisible":0.54226,"tipPosition":[-27.7125,270.939,9.25458],"tipVelocity":[-21.5947,33.4237,-163.214],"tool":false,"touchDistance":0.333333,"touchZone":"none","type":4,"width":15.8426}],"r":[[0.83651,0.0757782,0.542687],[-0.000173156,0.990428,-0.138032],[-0.547952,0.115371,0.828515]],"s":0.835659,"t":[87.0176,46.2163,-201.653],"timestamp":607272449382},false],[4,{"currentFrameRate":109.691,"devices":[],"gestures":[],"hands":[{"armBasis":[[0.602817,-0.434278,-0.669338],[0.678835,0.719986,0.144231],[0.419278,-0.541315,0.728823]],"armWidth":62.8676,"confidence":0.912037,"direction":[0.110508,0.459878,-0.881079],"elbow":[102.425,138.604,274.374],"grabStrength":0,"id":890,"palmNormal":[-0.674803,-0.616134,-0.406227],"palmPosition":[-11.7422,309.488,33.3725],"palmVelocity":[-30.4281,34.4936,-150.57],"palmWidth":89.7729,"pinchStrength":1,"r":[[0.835727,0.0767115,0.543761],[-0.000830855,0.99037,-0.13844],[-0.549145,0.115246,0.827743]],"s":0.836633,"sphereCenter":[-32.6347,279.722,-5.0558],"sphereRadius":48.3743,"stabilizedPalmPosition":[-52.2586,278.485,166.023],"t":[86.6862,46.5333,-202.928],"timeVisible":0.551282,"type":"right","wrist":[-9.26597,282.804,80.224]}],"id":4459390,"interactionBox":{"center":[0,200,0],"size":[235.247,235.247,147.751]},"pointables":[{"bases":[[[0.918746,0.383513,0.0939365],[-0.328586,0.610692,0.720477],[0.218946,-0.692801,0.687087]],[[0.787035,0.598751,-0.148573],[-0.466927,0.735557,0.490852],[0.403182,-0.316945,0.858481]],[[0.787035,0.598751,-0.148573],[-0.597916,0.799651,0.0552658],[0.151897,0.0453383,0.987356]],[[0.787035,0.598751,-0.148573],[-0.590553,0.661593,-0.462106],[-0.178391,0.451434,0.874291]]],"btipPosition":[-58.2002,296.332,-9.99862],"carpPosition":[-37.3529,292.672,85.6835],"dipPosition":[-62.3193,306.756,10.1892],"direction":[-0.151897,-0.0453383,-0.987356],"extended":false,"handId":890,"id":8900,"length":51.4192,"mcpPosition":[-37.3529,292.672,85.6835],"pipPosition":[-57.2096,308.281,43.4034],"stabilizedTipPosition":[-123.97,263.421,185.141],"timeVisible":0.551282,"tipPosition":[-59.528,298.485,-5.48337],"tipVelocity":[-16.1288,54.85,-154.342],"tool":false,"touchDistance":-0.519923,"touchZone":"hovering","type":0,"width":19.9791},{"bases":[[[0.737873,-0.553154,-0.386735],[0.665324,0.692494,0.278921],[0.113525,-0.463113,0.878999]],[[0.746348,-0.625778,-0.226642],[0.657411,0.746265,0.104397],[0.103806,-0.226913,0.968367]],[[0.746348,-0.625778,-0.226642],[0.642563,0.766233,0.000367368],[0.173431,-0.145906,0.973978]],[[0.746348,-0.625778,-0.226642],[0.626485,0.775503,-0.0781734],[0.224681,-0.0836432,0.970836]]],"btipPosition":[-37.9253,352.448,-62.1505],"carpPosition":[-17.3617,304.325,82.2909],"dipPosition":[-34.1379,351.038,-45.7851],"direction":[-0.173431,0.145906,-0.973978],"extended":true,"handId":890,"id":8901,"length":58.0209,"mcpPosition":[-25.602,337.94,18.4883],"pipPosition":[-30.0021,347.558,-22.5585],"stabilizedTipPosition":[-86.2547,329.312,70.5839],"timeVisible":0.551282,"tipPosition":[-37.3749,351.154,-58.4561],"tipVelocity":[-13.1549,53.2251,-150.181],"tool":false,"touchDistance":-0.54998,"touchZone":"hovering","type":1,"width":19.0841},{"bases":[[[0.622122,-0.720531,-0.306269],[0.782822,0.578671,0.228754],[0.0124044,-0.382067,0.924051]],[[0.622245,-0.727754,-0.288417],[0.459704,0.637916,-0.617847],[0.633627,0.251866,0.731492]],[[0.622245,-0.727754,-0.288417],[-0.41639,0.00429436,-0.909176],[0.662895,0.685824,-0.300358]],[[0.622245,-0.727754,-0.288417],[-0.735284,-0.416909,-0.534363],[0.268642,0.544574,-0.794526]]],"btipPosition":[-62.0079,284.093,2.36514],"carpPosition":[-7.44255,299.109,77.6007],"dipPosition":[-57.0272,294.189,-12.3659],"direction":[-0.662895,-0.685824,0.300358],"extended":false,"handId":890,"id":8902,"length":66.1101,"mcpPosition":[-8.29641,325.409,13.9939],"pipPosition":[-38.4289,313.431,-20.7927],"stabilizedTipPosition":[-117.121,241.508,202.574],"timeVisible":0.551282,"tipPosition":[-60.7205,286.297,-0.414544],"tipVelocity":[-25.1891,24.2929,-139.931],"tool":false,"touchDistance":0.333333,"touchZone":"none","type":2,"width":18.7431},{"bases":[[[0.556372,-0.81046,-0.183316],[0.825266,0.51324,0.235628],[-0.0968825,-0.282381,0.954397]],[[0.556088,-0.811277,-0.180542],[0.552371,0.523065,-0.649068],[0.621009,0.261213,0.738996]],[[0.556088,-0.811277,-0.180542],[-0.371,-0.0479184,-0.927396],[0.743724,0.582694,-0.327631]],[[0.556088,-0.811277,-0.180542],[-0.746893,-0.392511,-0.536736],[0.364578,0.433318,-0.824208]]],"btipPosition":[-47.6891,273.265,5.94998],"carpPosition":[0.746373,291.242,73.362],"dipPosition":[-40.9684,281.253,-9.24353],"direction":[-0.743724,-0.582694,0.327631],"extended":false,"handId":890,"id":8903,"length":63.5667,"mcpPosition":[6.73391,308.694,14.3782],"pipPosition":[-20.6414,297.179,-18.1982],"stabilizedTipPosition":[-101.356,231.23,203.606],"timeVisible":0.551282,"tipPosition":[-46.011,274.845,3.56509],"tipVelocity":[-23.5142,36.1488,-165.554],"tool":false,"touchDistance":0.333333,"touchZone":"none","type":3,"width":17.8352},{"bases":[[[0.397362,-0.911282,-0.108018],[0.889933,0.353958,0.287635],[-0.223882,-0.210424,0.951629]],[[0.393429,-0.914787,-0.0915378],[0.661639,0.350865,-0.662667],[0.638317,0.200148,0.743299]],[[0.393429,-0.914787,-0.0915378],[-0.346256,-0.0552051,-0.936514],[0.851657,0.400147,-0.33847]],[[0.393429,-0.914787,-0.0915378],[-0.784296,-0.282014,-0.552584],[0.479681,0.289195,-0.828416]]],"btipPosition":[-29.982,270.556,9.80646],"carpPosition":[4.07034,278.14,69.5599],"dipPosition":[-21.8245,275.474,-4.28177],"direction":[-0.851657,-0.400147,0.33847],"extended":false,"handId":890,"id":8904,"length":49.8351,"mcpPosition":[16.8785,290.178,15.1176],"pipPosition":[-5.38991,283.195,-10.8133],"stabilizedTipPosition":[-76.1354,234.694,165.869],"timeVisible":0.551282,"tipPosition":[-28.0103,271.332,7.79017],"tipVelocity":[-24.663,35.9852,-162.191],"tool":false,"touchDistance":0.333333,"touchZone":"none","type":4,"width":15.8426}],"r":[[0.835727,0.0767115,0.543761],[-0.000830855,0.99037,-0.13844],[-0.549145,0.115246,0.827743]],"s":0.836633,"t":[86.6862,46.5333,-202.928],"timestamp":607272458404},false],[5,{"currentFrameRate":109.539,"devices":[],"gestures":[],"hands":[{"armBasis":[[0.604187,-0.435723,-0.667161],[0.677799,0.721253,0.142771],[0.418983,-0.538461,0.731104]],"armWidth":62.8676,"confidence":0.873996,"direction":[0.110004,0.460971,-0.880571],"elbow":[102.139,139.592,273.941],"grabStrength":0,"id":890,"palmNormal":[-0.674075,-0.61647,-0.406925],"palmPosition":[-11.979,309.764,32.3607],"palmVelocity":[-28.9343,33.0242,-138.341],"palmWidth":89.7729,"pinchStrength":1,"r":[[0.835077,0.0775325,0.544642],[-0.00158545,0.990354,-0.138551],[-0.550131,0.114837,0.827145]],"s":0.837331,"sphereCenter":[-32.8233,279.976,-6.15146],"sphereRadius":48.437,"stabilizedPalmPosition":[-52.2514,278.491,165.999],"t":[86.4022,46.8297,-204.072],"timeVisible":0.560682,"type":"right","wrist":[-9.47333,283.031,79.1829]}],"id":4459391,"interactionBox":{"center":[0,200,0],"size":[235.247,235.247,147.751]},"pointables":[{"bases":[[[0.918298,0.384474,0.0943883],[-0.329317,0.609521,0.721134],[0.219726,-0.6933,0.686335]],[[0.787262,0.598914,-0.146701],[-0.466683,0.734223,0.493075],[0.403021,-0.319716,0.857529]],[[0.787262,0.598914,-0.146701],[-0.597617,0.7997,0.0577397],[0.151898,0.042215,0.987494]],[[0.787262,0.598914,-0.146701],[-0.590733,0.664345,-0.457909],[-0.176787,0.447155,0.876811]]],"btipPosition":[-58.4483,296.861,-11.0458],"carpPosition":[-37.5718,292.86,84.6523],"dipPosition":[-62.5304,307.186,9.2003],"direction":[-0.151898,-0.042215,-0.987494],"extended":false,"handId":890,"id":8900,"length":51.4192,"mcpPosition":[-37.5718,292.86,84.6523],"pipPosition":[-57.4206,308.606,42.4191],"stabilizedTipPosition":[-123.96,263.427,185.113],"timeVisible":0.560682,"tipPosition":[-59.7309,298.92,-6.50356],"tipVelocity":[-18.7942,54.5712,-141.703],"tool":false,"touchDistance":-0.51177,"touchZone":"hovering","type":0,"width":19.9791},{"bases":[[[0.738526,-0.551874,-0.387316],[0.664511,0.692958,0.279703],[0.114033,-0.463944,0.878494]],[[0.747083,-0.624605,-0.227455],[0.656708,0.746516,0.107],[0.102966,-0.229309,0.967892]],[[0.747083,-0.624605,-0.227455],[0.641851,0.766825,0.00242975],[0.1729,-0.147807,0.973786]],[[0.747083,-0.624605,-0.227455],[0.625706,0.77629,-0.0765876],[0.224408,-0.0851026,0.970772]]],"btipPosition":[-38.1417,352.895,-63.1058],"carpPosition":[-17.594,304.54,81.2732],"dipPosition":[-34.3588,351.461,-46.7415],"direction":[-0.1729,0.147807,-0.973786],"extended":true,"handId":890,"id":8901,"length":58.0209,"mcpPosition":[-25.8712,338.216,17.5072],"pipPosition":[-30.2356,347.936,-23.5195],"stabilizedTipPosition":[-86.2436,329.317,70.5543],"timeVisible":0.560682,"tipPosition":[-37.6002,351.608,-59.4125],"tipVelocity":[-15.9958,51.4528,-136.358],"tool":false,"touchDistance":-0.537649,"touchZone":"hovering","type":1,"width":19.0841},{"bases":[[[0.622966,-0.719473,-0.307037],[0.782144,0.579327,0.229415],[0.0128166,-0.383065,0.923633]],[[0.623097,-0.726687,-0.289267],[0.461948,0.640361,-0.61363],[0.631152,0.248725,0.734699]],[[0.623097,-0.726687,-0.289267],[-0.414632,0.00669757,-0.909965],[0.663197,0.686936,-0.297134]],[[0.623097,-0.726687,-0.289267],[-0.734785,-0.417125,-0.534881],[0.26803,0.545832,-0.793868]]],"btipPosition":[-62.1419,284.489,1.11574],"carpPosition":[-7.66872,299.341,76.5776],"dipPosition":[-57.1725,294.609,-13.6031],"direction":[-0.663197,-0.686936,0.297134],"extended":false,"handId":890,"id":8902,"length":66.1101,"mcpPosition":[-8.55095,325.71,12.9996],"pipPosition":[-38.5658,313.881,-21.9395],"stabilizedTipPosition":[-117.119,241.51,202.565],"timeVisible":0.560682,"tipPosition":[-60.8922,286.654,-1.62684],"tipVelocity":[-22.153,29.5304,-137.847],"tool":false,"touchDistance":0.333333,"touchZone":"none","type":2,"width":18.7431},{"bases":[[[0.557316,-0.809614,-0.184185],[0.824663,0.513937,0.236219],[-0.0965867,-0.283539,0.954084]],[[0.556905,-0.8108,-0.180169],[0.554027,0.524243,-0.646702],[0.618798,0.260333,0.741159]],[[0.556905,-0.8108,-0.180169],[-0.368783,-0.0470179,-0.928325],[0.744215,0.583432,-0.325194]],[[0.556905,-0.8108,-0.180169],[-0.74586,-0.392752,-0.537996],[0.365445,0.433993,-0.823468]]],"btipPosition":[-47.8562,273.589,4.76233],"carpPosition":[0.529455,291.488,72.3306],"dipPosition":[-41.1195,281.59,-10.4175],"direction":[-0.744215,-0.583432,0.325194],"extended":false,"handId":890,"id":8903,"length":63.5667,"mcpPosition":[6.49872,309.012,13.3662],"pipPosition":[-20.7791,297.536,-19.3056],"stabilizedTipPosition":[-101.353,231.232,203.597],"timeVisible":0.560682,"tipPosition":[-46.1925,275.164,2.36765],"tipVelocity":[-21.7682,35.7614,-154.29],"tool":false,"touchDistance":0.333333,"touchZone":"none","type":3,"width":17.8352},{"bases":[[[0.398421,-0.910702,-0.109004],[0.889512,0.354673,0.288053],[-0.22367,-0.211726,0.95139]],[[0.394391,-0.914315,-0.0921101],[0.661386,0.352013,-0.662311],[0.637984,0.200289,0.743546]],[[0.394391,-0.914315,-0.0921101],[-0.34582,-0.0548048,-0.936699],[0.85139,0.401279,-0.337803]],[[0.394391,-0.914315,-0.0921101],[-0.783716,-0.282322,-0.553248],[0.479838,0.290384,-0.827908]]],"btipPosition":[-30.1817,270.838,8.74433],"carpPosition":[3.86873,278.394,68.5142],"dipPosition":[-22.0215,275.776,-5.33527],"direction":[-0.85139,-0.401279,0.337803],"extended":false,"handId":890,"id":8904,"length":49.8351,"mcpPosition":[16.6648,290.507,14.0856],"pipPosition":[-5.59209,283.52,-11.8539],"stabilizedTipPosition":[-76.1314,234.697,165.856],"timeVisible":0.560682,"tipPosition":[-28.2076,271.622,6.71427],"tipVelocity":[-23.6704,34.4198,-148.116],"tool":false,"touchDistance":0.333333,"touchZone":"none","type":4,"width":15.8426}],"r":[[0.835077,0.0775325,0.544642],[-0.00158545,0.990354,-0.138551],[-0.550131,0.114837,0.827145]],"s":0.837331,"t":[86.4022,46.8297,-204.072],"timestamp":607272467804},false],[6,{"currentFrameRate":109.762,"devices":[],"gestures":[],"hands":[{"armBasis":[[0.604208,-0.437518,-0.665966],[0.67924,0.719775,0.143382],[0.416613,-0.538983,0.732073]],"armWidth":62.8676,"confidence":0.877769,"direction":[0.110326,0.461434,-0.880288],"elbow":[101.224,139.681,272.887],"grabStrength":0,"id":890,"palmNormal":[-0.67544,-0.614931,-0.40699],"palmPosition":[-12.2408,310.032,31.0707],"palmVelocity":[-29.2327,32.4306,-140.931],"palmWidth":89.7729,"pinchStrength":1,"r":[[0.834649,0.0778022,0.545259],[-0.00184398,0.990362,-0.138491],[-0.550779,0.114586,0.826748]],"s":0.837984,"sphereCenter":[-33.1682,280.33,-7.47154],"sphereRadius":48.4618,"stabilizedPalmPosition":[-52.2449,278.496,165.977],"t":[86.1292,47.1121,-205.288],"timeVisible":0.569396,"type":"right","wrist":[-9.75638,283.26,77.8713]}],"id":4459392,"interactionBox":{"center":[0,200,0],"size":[235.247,235.247,147.751]},"pointables":[{"bases":[[[0.919054,0.382725,0.0941348],[-0.327778,0.609577,0.721788],[0.218864,-0.694217,0.685683]],[[0.78891,0.596942,-0.14588],[-0.464449,0.734662,0.494529],[0.402377,-0.322386,0.856831]],[[0.78891,0.596942,-0.14588],[-0.59526,0.801304,0.059809],[0.152596,0.0396524,0.987493]],[[0.78891,0.596942,-0.14588],[-0.58942,0.667931,-0.454371],[-0.173795,0.444442,0.878787]]],"btipPosition":[-58.7709,297.417,-12.3446],"carpPosition":[-37.8337,293.136,83.3647],"dipPosition":[-62.784,307.68,7.94708],"direction":[-0.152596,-0.0396524,-0.987493],"extended":false,"handId":890,"id":8900,"length":51.4192,"mcpPosition":[-37.8337,293.136,83.3647],"pipPosition":[-57.6507,309.014,41.1659],"stabilizedTipPosition":[-123.949,263.433,185.078],"timeVisible":0.569396,"tipPosition":[-60.016,299.423,-7.77749],"tipVelocity":[-23.1791,56.5977,-143.344],"tool":false,"touchDistance":-0.508252,"touchZone":"hovering","type":0,"width":19.9791},{"bases":[[[0.737289,-0.552929,-0.388168],[0.665941,0.691533,0.279832],[0.113704,-0.464814,0.878077]],[[0.745814,-0.625651,-0.228743],[0.658314,0.744751,0.109402],[0.101909,-0.232178,0.96732]],[[0.745814,-0.625651,-0.228743],[0.64346,0.765468,0.00430836],[0.1724,-0.1504,0.973477]],[[0.745814,-0.625651,-0.228743],[0.627237,0.775191,-0.0751823],[0.224357,-0.087404,0.970579]]],"btipPosition":[-38.3027,353.422,-64.3313],"carpPosition":[-17.8366,304.782,79.9825],"dipPosition":[-34.5207,351.949,-47.9702],"direction":[-0.1724,0.1504,-0.973477],"extended":true,"handId":890,"id":8901,"length":58.0209,"mcpPosition":[-26.0898,338.521,16.2469],"pipPosition":[-30.4095,348.362,-24.7556],"stabilizedTipPosition":[-86.2309,329.324,70.5201],"timeVisible":0.569396,"tipPosition":[-37.7737,352.13,-60.6404],"tipVelocity":[-16.6665,53.5947,-137.523],"tool":false,"touchDistance":-0.53061,"touchZone":"hovering","type":1,"width":19.0841},{"bases":[[[0.62147,-0.720377,-0.307947],[0.783335,0.577725,0.229389],[0.0126621,-0.383784,0.923336]],[[0.621599,-0.72759,-0.290221],[0.462872,0.640057,-0.613252],[0.631953,0.246862,0.734639]],[[0.621599,-0.72759,-0.290221],[-0.415124,0.00822091,-0.909728],[0.664295,0.685963,-0.29693]],[[0.621599,-0.72759,-0.290221],[-0.735886,-0.415402,-0.534709],[0.268491,0.545944,-0.793636]]],"btipPosition":[-62.4635,284.879,-0.171438],"carpPosition":[-7.92354,299.569,75.2772],"dipPosition":[-57.4855,295.001,-14.886],"direction":[-0.664295,-0.685963,0.29693],"extended":false,"handId":890,"id":8902,"length":66.1101,"mcpPosition":[-8.79513,325.986,11.7196],"pipPosition":[-38.8481,314.247,-23.2166],"stabilizedTipPosition":[-117.116,241.512,202.555],"timeVisible":0.569396,"tipPosition":[-61.2156,287.045,-2.92259],"tipVelocity":[-26.0341,33.6293,-140.453],"tool":false,"touchDistance":0.333333,"touchZone":"none","type":2,"width":18.7431},{"bases":[[[0.555728,-0.81049,-0.185124],[0.825739,0.512252,0.236118],[-0.0965414,-0.284082,0.953927]],[[0.555187,-0.812047,-0.179853],[0.557387,0.523757,-0.644203],[0.617323,0.257405,0.743408]],[[0.555187,-0.812047,-0.179853],[-0.366928,-0.0450738,-0.929157],[0.746412,0.581849,-0.322987]],[[0.555187,-0.812047,-0.179853],[-0.746341,-0.390969,-0.538627],[0.367073,0.43327,-0.823125]]],"btipPosition":[-48.1557,274.024,3.29506],"carpPosition":[0.257778,291.704,71.0194],"dipPosition":[-41.3891,282.011,-11.8785],"direction":[-0.746413,-0.581849,0.322987],"extended":false,"handId":890,"id":8903,"length":63.5667,"mcpPosition":[6.22424,309.261,12.0647],"pipPosition":[-20.9885,297.914,-20.7062],"stabilizedTipPosition":[-101.351,231.234,203.588],"timeVisible":0.569396,"tipPosition":[-46.5087,275.582,0.8974],"tipVelocity":[-24.9244,39.44,-158.01],"tool":false,"touchDistance":0.333333,"touchZone":"none","type":3,"width":17.8352},{"bases":[[[0.396693,-0.911346,-0.109925],[0.890328,0.352832,0.287794],[-0.223495,-0.212035,0.951363]],[[0.392439,-0.915156,-0.0920928],[0.662717,0.350769,-0.66164],[0.637807,0.198622,0.744145]],[[0.392439,-0.915156,-0.0920928],[-0.345011,-0.0536512,-0.937064],[0.852619,0.399514,-0.336794]],[[0.392439,-0.915156,-0.0920928],[-0.783926,-0.280424,-0.553916],[0.481095,0.289572,-0.827463]]],"btipPosition":[-30.5285,271.174,7.37499],"carpPosition":[3.57088,278.606,67.1912],"dipPosition":[-22.3469,276.098,-6.69705],"direction":[-0.852619,-0.399514,0.336794],"extended":false,"handId":890,"id":8904,"length":49.8351,"mcpPosition":[16.3569,290.737,12.7642],"pipPosition":[-5.89378,283.808,-13.1962],"stabilizedTipPosition":[-76.1276,234.7,165.843],"timeVisible":0.569396,"tipPosition":[-28.554,271.96,5.32789],"tipVelocity":[-27.8273,35.4273,-150.474],"tool":false,"touchDistance":0.333333,"touchZone":"none","