{"sensorType":"Leap","data":[[0,{"currentFrameRate":110.334,"devices":[],"gestures":[],"hands":[{"armBasis":[[0.792508,-0.148515,-0.591502],[0.410732,0.846926,0.337661],[0.450811,-0.510548,0.732195]],"armWidth":63.7085,"confidence":0.868137,"direction":[-0.0312083,0.535657,-0.843859],"elbow":[86.3254,99.9695,277.125],"grabStrength":0,"id":842,"palmNormal":[-0.420743,-0.772865,-0.475032],"palmPosition":[-45.7836,265.968,33.758],"palmVelocity":[28.0057,-19.6392,-156.478],"palmWidth":90.9735,"pinchStrength":1,"r":[[0.956905,-0.290364,0.00470335],[0.282866,0.928284,-0.241402],[0.0657285,0.232329,0.970414]],"s":0.918397,"sphereCenter":[-64.6007,240.181,-4.83457],"sphereRadius":45.4765,"stabilizedPalmPosition":[-53.249,252.082,156.928],"t":[7.3262,14.2272,-122.57],"timeVisible":0.560249,"type":"right","wrist":[-35.3715,237.793,79.4684]}],"id":4427932,"interactionBox":{"center":[0,200,0],"size":[235.247,235.247,147.751]},"pointables":[{"bases":[[[0.735065,0.658891,0.159822],[-0.529319,0.410397,0.74256],[0.423676,-0.630426,0.650432]],[[0.563479,0.824367,-0.0539451],[-0.734239,0.529664,0.424676],[0.378662,-0.199687,0.903737]],[[0.563479,0.824367,-0.0539451],[-0.824142,0.565451,0.0324864],[0.057284,0.026153,0.998015]],[[0.563479,0.824367,-0.0539451],[-0.741815,0.476151,-0.47222],[-0.363597,0.306103,0.879828]]],"btipPosition":[-77.9932,239.224,-15.376],"carpPosition":[-65.6499,237.312,84.3374],"dipPosition":[-86.5011,246.386,5.21147],"direction":[-0.057284,-0.026153,-0.998015],"extended":false,"handId":842,"id":8420,"length":52.1069,"mcpPosition":[-65.6499,237.312,84.3374],"pipPosition":[-84.5483,247.278,39.2332],"stabilizedTipPosition":[-95.6984,229.399,108.573],"timeVisible":0.560249,"tipPosition":[-80.0097,239.946,-10.7266],"tipVelocity":[21.1767,22.7836,-161.05],"tool":false,"touchDistance":-0.497601,"touchZone":"hovering","type":0,"width":20.2463},{"bases":[[[0.888532,-0.245455,-0.387637],[0.388943,0.85112,0.352589],[0.243381,-0.464056,0.851715]],[[0.911543,-0.300094,-0.281127],[0.363488,0.907701,0.209656],[0.192263,-0.293297,0.936489]],[[0.911543,-0.300094,-0.281127],[0.337468,0.936586,0.0944537],[0.234955,-0.18097,0.955011]],[[0.911543,-0.300094,-0.281127],[0.314301,0.949306,0.00575689],[0.265148,-0.0936063,0.959653]]],"btipPosition":[-86.8153,308.113,-59.7633],"carpPosition":[-50.4472,255.408,82.5843],"dipPosition":[-82.2859,306.514,-43.37],"direction":[-0.234955,0.18097,-0.955011],"extended":true,"handId":842,"id":8421,"length":58.7969,"mcpPosition":[-68.3494,289.543,19.9353],"pipPosition":[-76.608,302.141,-20.2912],"stabilizedTipPosition":[-98.4505,291.523,70.4972],"timeVisible":0.560249,"tipPosition":[-85.0699,307.291,-56.2242],"tipVelocity":[6.6089,-16.0098,-148.589],"tool":false,"touchDistance":-0.505594,"touchZone":"hovering","type":1,"width":19.3393},{"bases":[[[0.833833,-0.447368,-0.323394],[0.538809,0.786975,0.300592],[0.120027,-0.424891,0.897252]],[[0.834349,-0.449217,-0.319477],[0.252866,0.82689,-0.502306],[0.489817,0.338314,0.803507]],[[0.834349,-0.449217,-0.319477],[-0.421664,-0.146813,-0.894788],[0.355051,0.881277,-0.311912]],[[0.834349,-0.449217,-0.319477],[-0.549908,-0.718501,-0.42586],[-0.0382411,0.530999,-0.846509]]],"btipPosition":[-80.4612,232.443,1.4242],"carpPosition":[-39.1075,254.141,77.9619],"dipPosition":[-81.1797,242.42,-14.4805],"direction":[-0.355051,-0.881277,0.311912],"extended":false,"handId":842,"id":8422,"length":66.9943,"mcpPosition":[-47.4801,283.779,15.3737],"pipPosition":[-71.0852,267.476,-23.3486],"stabilizedTipPosition":[-78.0371,213.149,114.177],"timeVisible":0.560249,"tipPosition":[-80.9841,234.257,-2.49106],"tipVelocity":[41.9176,-5.5228,-162.013],"tool":false,"touchDistance":0.333333,"touchZone":"none","type":2,"width":18.9938},{"bases":[[[0.799402,-0.563062,-0.209565],[0.600558,0.739055,0.305168],[-0.016949,-0.369808,0.928954]],[[0.799212,-0.566448,-0.200992],[0.416761,0.763219,-0.493768],[0.433095,0.31086,0.846047]],[[0.799212,-0.566448,-0.200992],[-0.32273,-0.12232,-0.938554],[0.507056,0.814969,-0.28057]],[[0.799212,-0.566448,-0.200992],[-0.58519,-0.657015,-0.475272],[0.137162,0.497461,-0.856574]]],"btipPosition":[-63.421,227.139,1.34274],"carpPosition":[-28.5293,249.73,73.5438],"dipPosition":[-60.8588,236.432,-14.6586],"direction":[-0.507056,-0.814969,0.280569],"extended":false,"handId":842,"id":8423,"length":64.4168,"mcpPosition":[-27.4678,272.891,15.3647],"pipPosition":[-46.8148,259.004,-22.4295],"stabilizedTipPosition":[-60.6595,211.745,118.114],"timeVisible":0.560249,"tipPosition":[-63.2986,228.575,-2.18356],"tipVelocity":[47.1381,4.11004,-173.725],"tool":false,"touchDistance":0.333333,"touchZone":"none","type":3,"width":18.0738},{"bases":[[[0.681775,-0.716401,-0.148162],[0.71371,0.606887,0.349722],[-0.160624,-0.344177,0.925063]],[[0.625376,-0.776988,0.0720764],[0.675995,0.493308,-0.547428],[0.389789,0.391072,0.833743]],[[0.625376,-0.776988,0.0720764],[-0.207792,-0.254851,-0.94439],[0.752149,0.575622,-0.32083]],[[0.625376,-0.776988,0.0720764],[-0.657401,-0.574371,-0.487772],[0.420392,0.257658,-0.86999]]],"btipPosition":[-47.2497,229.09,7.16505],"carpPosition":[-20.8283,238.659,69.0034],"dipPosition":[-40.0048,233.531,-7.82808],"direction":[-0.752149,-0.575622,0.32083],"extended":false,"handId":842,"id":8424,"length":50.5016,"mcpPosition":[-11.5162,258.613,15.3731],"pipPosition":[-25.2963,244.787,-14.102],"stabilizedTipPosition":[-44.625,217.449,123.314],"timeVisible":0.560249,"tipPosition":[-46.0017,229.574,3.68852],"tipVelocity":[43.4315,-6.68748,-161.051],"tool":false,"touchDistance":0.333333,"touchZone":"none","type":4,"width":16.0545}],"r":[[0.956905,-0.290364,0.00470335],[0.282866,0.928284,-0.241402],[0.0657285,0.232329,0.970414]],"s":0.918397,"t":[7.3262,14.2272,-122.57],"timestamp":606979105616},false],[1,{"currentFrameRate":110.346,"devices":[],"gestures":[],"hands":[{"armBasis":[[0.794025,-0.148198,-0.589544],[0.408234,0.848589,0.336513],[0.450411,-0.507871,0.7343]],"armWidth":63.7085,"confidence":0.871172,"direction":[-0.0327715,0.538653,-0.84189],"elbow":[86.3069,100.359,276.721],"grabStrength":0,"id":842,"palmNormal":[-0.418916,-0.772184,-0.477747],"palmPosition":[-45.7765,265.774,32.8909],"palmVelocity":[20.5016,-20.115,-139.783],"palmWidth":90.9735,"pinchStrength":1,"r":[[0.9573,-0.28906,0.00458718],[0.281673,0.92903,-0.239926],[0.0650913,0.230973,0.97078]],"s":0.917397,"sphereCenter":[-64.5951,240.045,-5.82854],"sphereRadius":45.5195,"stabilizedPalmPosition":[-53.2488,252.082,156.926],"t":[7.43677,13.9931,-123.676],"timeVisible":0.56929,"type":"right","wrist":[-35.2819,237.459,78.4956]}],"id":4427933,"interactionBox":{"center":[0,200,0],"size":[235.247,235.247,147.751]},"pointables":[{"bases":[[[0.733444,0.660153,0.162045],[-0.530162,0.40635,0.744183],[0.425427,-0.631726,0.648023]],[[0.562459,0.825315,-0.04995],[-0.73459,0.52653,0.427954],[0.379497,-0.204014,0.902419]],[[0.562459,0.825315,-0.04995],[-0.824784,0.564288,0.0362025],[0.0580647,0.0208355,0.998095]],[[0.562459,0.825315,-0.04995],[-0.742896,0.477922,-0.468717],[-0.362967,0.300742,0.881935]]],"btipPosition":[-77.9841,239.319,-16.3294],"carpPosition":[-65.5577,236.884,83.3702],"dipPosition":[-86.4773,246.356,4.30731],"direction":[-0.0580647,-0.0208355,-0.998095],"extended":false,"handId":842,"id":8420,"length":52.1069,"mcpPosition":[-65.5577,236.884,83.3702],"pipPosition":[-84.4979,247.066,38.3318],"stabilizedTipPosition":[-95.6974,229.4,108.566],"timeVisible":0.56929,"tipPosition":[-79.9727,240.006,-11.6682],"tipVelocity":[15.7201,18.5249,-145.381],"tool":false,"touchDistance":-0.490306,"touchZone":"hovering","type":0,"width":20.2463},{"bases":[[[0.889049,-0.241799,-0.388748],[0.386888,0.850804,0.355598],[0.244765,-0.466546,0.849956]],[[0.911992,-0.296024,-0.283973],[0.360959,0.908001,0.212705],[0.194882,-0.296488,0.934942]],[[0.911992,-0.296024,-0.283973],[0.334428,0.937435,0.096813],[0.237547,-0.183261,0.953932]],[[0.911992,-0.296024,-0.283973],[0.310853,0.950428,0.00755913],[0.267658,-0.0951678,0.958803]]],"btipPosition":[-87.0891,308.133,-60.4317],"carpPosition":[-50.4012,255.025,81.6794],"dipPosition":[-82.5168,306.507,-44.053],"direction":[-0.237547,0.183261,-0.953932],"extended":true,"handId":842,"id":8421,"length":58.7969,"mcpPosition":[-68.4052,289.343,19.1598],"pipPosition":[-76.7762,302.078,-21.0002],"stabilizedTipPosition":[-98.4503,291.523,70.4958],"timeVisible":0.56929,"tipPosition":[-85.3187,307.34,-56.8959],"tipVelocity":[-3.25801,-11.1961,-128.112],"tool":false,"touchDistance":-0.493444,"touchZone":"touching","type":1,"width":19.3393},{"bases":[[[0.834875,-0.444083,-0.325229],[0.536902,0.787227,0.30333],[0.121325,-0.427859,0.895666]],[[0.835471,-0.446215,-0.320751],[0.252212,0.829924,-0.49761],[0.48824,0.334842,0.805918]],[[0.835471,-0.446215,-0.320751],[-0.42187,-0.146756,-0.8947],[0.352156,0.882811,-0.310856]],[[0.835471,-0.446215,-0.320751],[-0.547901,-0.721349,-0.423627],[-0.0423447,0.529667,-0.847148]]],"btipPosition":[-80.2682,232.461,0.488366],"carpPosition":[-39.0595,253.803,77.0496],"dipPosition":[-81.0638,242.413,-15.4284],"direction":[-0.352156,-0.882811,0.310856],"extended":false,"handId":842,"id":8422,"length":66.9943,"mcpPosition":[-47.5225,283.649,14.5722],"pipPosition":[-71.0516,267.512,-24.2664],"stabilizedTipPosition":[-78.0374,213.152,114.163],"timeVisible":0.56929,"tipPosition":[-80.821,234.242,-3.4278],"tipVelocity":[35.7058,-3.62005,-145.971],"tool":false,"touchDistance":0.333333,"touchZone":"none","type":2,"width":18.9938},{"bases":[[[0.800764,-0.560278,-0.211814],[0.598772,0.739447,0.307717],[-0.0157817,-0.373237,0.927602]],[[0.800589,-0.563617,-0.203451],[0.417751,0.768399,-0.484816],[0.429582,0.303147,0.850624]],[[0.800589,-0.563617,-0.203451],[-0.321554,-0.117594,-0.939561],[0.505628,0.817623,-0.275378]],[[0.800589,-0.563617,-0.203451],[-0.584083,-0.658199,-0.474996],[0.133805,0.499109,-0.856146]]],"btipPosition":[-63.177,227.299,0.140256],"carpPosition":[-28.4713,249.435,72.6129],"dipPosition":[-60.6774,236.623,-15.8531],"direction":[-0.505628,-0.817623,0.275378],"extended":false,"handId":842,"id":8423,"length":64.4168,"mcpPosition":[-27.4829,272.811,14.5184],"pipPosition":[-46.673,259.268,-23.4802],"stabilizedTipPosition":[-60.6597,211.747,118.102],"timeVisible":0.56929,"tipPosition":[-63.0742,228.706,-3.3224],"tipVelocity":[41.1461,8.07976,-162.445],"tool":false,"touchDistance":0.333333,"touchZone":"none","type":3,"width":18.0738},{"bases":[[[0.68354,-0.714136,-0.150943],[0.712269,0.607403,0.35176],[-0.159521,-0.347954,0.92384]],[[0.627153,-0.775774,0.0696675],[0.675914,0.497604,-0.543628],[0.387065,0.388027,0.83643]],[[0.627153,-0.775774,0.0696675],[-0.207632,-0.252719,-0.944999],[0.750712,0.578193,-0.319569]],[[0.627153,-0.775774,0.0696675],[-0.657452,-0.575208,-0.486716],[0.417655,0.259442,-0.870778]]],"btipPosition":[-47.0573,229.077,6.1567],"carpPosition":[-20.7435,238.401,68.0303],"dipPosition":[-39.8596,233.548,-8.85],"direction":[-0.750712,-0.578193,0.319569],"extended":false,"handId":842,"id":8424,"length":50.5016,"mcpPosition":[-11.4954,258.573,14.4709],"pipPosition":[-25.1792,244.855,-15.0992],"stabilizedTipPosition":[-44.6251,217.449,123.305],"timeVisible":0.56929,"tipPosition":[-45.8316,229.566,2.68207],"tipVelocity":[36.9939,-5.02683,-147.497],"tool":false,"touchDistance":0.333333,"touchZone":"none","type":4,"width":16.0545}],"r":[[0.9573,-0.28906,0.00458718],[0.281673,0.92903,-0.239926],[0.0650913,0.230973,0.97078]],"s":0.917397,"t":[7.43677,13.9931,-123.676],"timestamp":606979114657},false],[2,{"currentFrameRate":110.366,"devices":[],"gestures":[],"hands":[{"armBasis":[[0.794423,-0.152922,-0.587798],[0.407791,0.851507,0.32961],[0.45011,-0.501548,0.738817]],"armWidth":63.7085,"confidence":0.873001,"direction":[-0.0328061,0.540048,-0.840994],"elbow":[86.194,101.832,276.619],"grabStrength":0,"id":842,"palmNormal":[-0.419397,-0.771219,-0.478882],"palmPosition":[-45.8105,265.621,31.6196],"palmVelocity":[13.8218,-19.2726,-140.08],"palmWidth":90.9735,"pinchStrength":1,"r":[[0.957591,-0.288099,0.00434058],[0.280782,0.929677,-0.238456],[0.0646638,0.229562,0.971143]],"s":0.916301,"sphereCenter":[-64.7391,239.953,-7.16776],"sphereRadius":45.5586,"stabilizedPalmPosition":[-53.2487,252.083,156.924],"t":[7.47505,13.799,-124.865],"timeVisible":0.578315,"type":"right","wrist":[-35.3137,237.226,77.1745]}],"id":4427934,"interactionBox":{"center":[0,200,0],"size":[235.247,235.247,147.751]},"pointables":[{"bases":[[[0.733777,0.659572,0.162898],[-0.529754,0.405354,0.745016],[0.425361,-0.632971,0.64685]],[[0.563909,0.824464,-0.0476046],[-0.733397,0.526456,0.430085],[0.379651,-0.207616,0.901533]],[[0.563909,0.824464,-0.0476046],[-0.823735,0.565649,0.038748],[0.0588738,0.0173632,0.998114]],[[0.563909,0.824464,-0.0476046],[-0.741747,0.480305,-0.468101],[-0.363067,0.299277,0.882392]]],"btipPosition":[-78.0475,239.423,-17.609],"carpPosition":[-65.5882,236.656,82.0577],"dipPosition":[-86.543,246.426,3.03838],"direction":[-0.0588738,-0.0173632,-0.998114],"extended":false,"handId":842,"id":8420,"length":52.1069,"mcpPosition":[-65.5882,236.656,82.0577],"pipPosition":[-84.536,247.018,37.0635],"stabilizedTipPosition":[-95.6968,229.4,108.561],"timeVisible":0.578315,"tipPosition":[-80.032,240.098,-12.9499],"tipVelocity":[9.44381,16.361,-144.317],"tool":false,"touchDistance":-0.488766,"touchZone":"touching","type":0,"width":20.2463},{"bases":[[[0.888823,-0.241541,-0.389425],[0.387364,0.850054,0.356872],[0.244833,-0.468045,0.849111]],[[0.911581,-0.295329,-0.286007],[0.361203,0.907578,0.214092],[0.196346,-0.298469,0.934005]],[[0.911581,-0.295329,-0.286007],[0.334317,0.937392,0.0976145],[0.239273,-0.184601,0.953242]],[[0.911581,-0.295329,-0.286007],[0.310434,0.950562,0.00789314],[0.269537,-0.0959817,0.958195]]],"btipPosition":[-87.254,308.142,-61.5898],"carpPosition":[-50.4244,254.793,80.3919],"dipPosition":[-82.6497,306.503,-45.2214],"direction":[-0.239273,0.184601,-0.953242],"extended":true,"handId":842,"id":8421,"length":58.7969,"mcpPosition":[-68.4334,289.221,17.9344],"pipPosition":[-76.8674,302.042,-22.1854],"stabilizedTipPosition":[-98.4502,291.523,70.4948],"timeVisible":0.578315,"tipPosition":[-85.4695,307.369,-58.0561],"tipVelocity":[-7.16643,-7.91801,-128.242],"tool":false,"touchDistance":-0.48984,"touchZone":"touching","type":1,"width":19.3393},{"bases":[[[0.834583,-0.443905,-0.326221],[0.537334,0.786499,0.304453],[0.121424,-0.429381,0.894924]],[[0.835256,-0.446325,-0.321157],[0.256163,0.832665,-0.490967],[0.486548,0.327814,0.80982]],[[0.835256,-0.446325,-0.321157],[-0.420833,-0.142966,-0.895802],[0.353904,0.883377,-0.307242]],[[0.835256,-0.446325,-0.321157],[-0.548177,-0.721587,-0.422864],[-0.0430081,0.529251,-0.847375]]],"btipPosition":[-80.2561,232.669,-1.03954],"carpPosition":[-39.0847,253.574,75.7565],"dipPosition":[-81.0641,242.612,-16.9605],"direction":[-0.353904,-0.883377,0.307242],"extended":false,"handId":842,"id":8422,"length":66.9943,"mcpPosition":[-47.5546,283.526,13.3308],"pipPosition":[-71.0022,267.728,-25.6958],"stabilizedTipPosition":[-78.0376,213.154,114.152],"timeVisible":0.578315,"tipPosition":[-80.8019,234.389,-4.85296],"tipVelocity":[26.1624,3.64241,-152.421],"tool":false,"touchDistance":0.333333,"touchZone":"none","type":2,"width":18.9938},{"bases":[[[0.800457,-0.560272,-0.212986],[0.599185,0.738685,0.308741],[-0.0156493,-0.374752,0.926993]],[[0.80029,-0.56353,-0.204866],[0.41971,0.770475,-0.479805],[0.428229,0.297998,0.853122]],[[0.80029,-0.56353,-0.204866],[-0.321973,-0.115641,-0.93966],[0.505835,0.817962,-0.273988]],[[0.80029,-0.56353,-0.204866],[-0.58507,-0.659094,-0.472534],[0.131261,0.498025,-0.857171]]],"btipPosition":[-63.1115,227.408,-1.25617],"carpPosition":[-28.4998,249.209,71.3093],"dipPosition":[-60.6595,236.712,-17.2686],"direction":[-0.505835,-0.817962,0.273988],"extended":false,"handId":842,"id":8423,"length":64.4168,"mcpPosition":[-27.5197,272.679,13.253],"pipPosition":[-46.6493,259.367,-24.8573],"stabilizedTipPosition":[-60.6599,211.748,118.092],"timeVisible":0.578315,"tipPosition":[-63.027,228.795,-4.71084],"tipVelocity":[31.4851,9.04714,-160.455],"tool":false,"touchDistance":0.333333,"touchZone":"none","type":3,"width":18.0738},{"bases":[[[0.683186,-0.714179,-0.152331],[0.712639,0.60652,0.352532],[-0.159379,-0.349402,0.923318]],[[0.627178,-0.775971,0.0672016],[0.676355,0.499807,-0.541051],[0.386253,0.384788,0.8383]],[[0.627178,-0.775971,0.0672016],[-0.209453,-0.251131,-0.94502],[0.750185,0.57862,-0.320033]],[[0.627178,-0.775971,0.0672016],[-0.659636,-0.57506,-0.483928],[0.414159,0.25918,-0.872524]]],"btipPosition":[-47.0009,229.05,4.8359],"carpPosition":[-20.7782,238.178,66.7061],"dipPosition":[-39.8634,233.516,-10.2009],"direction":[-0.750185,-0.57862,0.320033],"extended":false,"handId":842,"id":8424,"length":50.5016,"mcpPosition":[-11.5382,258.435,13.177],"pipPosition":[-25.1934,244.831,-16.4592],"stabilizedTipPosition":[-44.6251,217.45,123.299],"timeVisible":0.578315,"tipPosition":[-45.8048,229.538,1.35389],"tipVelocity":[28.1093,-4.51744,-147.392],"tool":false,"touchDistance":0.333333,"touchZone":"none","type":4,"width":16.0545}],"r":[[0.957591,-0.288099,0.00434058],[0.280782,0.929677,-0.238456],[0.0646638,0.229562,0.971143]],"s":0.916301,"t":[7.47505,13.799,-124.865],"timestamp":606979123682},false],[3,{"currentFrameRate":110.383,"devices":[],"gestures":[],"hands":[{"armBasis":[[0.793433,-0.159968,-0.58726],[0.410671,0.852828,0.322541],[0.449236,-0.497085,0.742356]],"armWidth":63.7085,"confidence":0.868731,"direction":[-0.0317982,0.536903,-0.843044],"elbow":[85.9641,102.564,276.312],"grabStrength":0,"id":842,"palmNormal":[-0.422534,-0.771614,-0.475475],"palmPosition":[-45.7528,265.007,30.2584],"palmVelocity":[11.7759,-32.6783,-143.022],"palmWidth":90.9735,"pinchStrength":1,"r":[[0.957625,-0.287987,0.00417604],[0.280662,0.929816,-0.238056],[0.0646742,0.229141,0.971242]],"s":0.91532,"sphereCenter":[-64.9488,239.292,-8.40947],"sphereRadius":45.5809,"stabilizedPalmPosition":[-53.2486,252.083,156.922],"t":[7.52304,13.3952,-126.14],"timeVisible":0.587344,"type":"right","wrist":[-35.3076,236.753,75.9122]}],"id":4427935,"interactionBox":{"center":[0,200,0],"size":[235.247,235.247,147.751]},"pointables":[{"bases":[[[0.736208,0.657664,0.159611],[-0.527601,0.410054,0.743971],[0.423834,-0.631929,0.648869]],[[0.567996,0.821512,-0.0499882],[-0.730349,0.531103,0.429558],[0.379436,-0.207478,0.901655]],[[0.567996,0.821512,-0.0499882],[-0.820858,0.569861,0.0380932],[0.0597804,0.0193964,0.998023]],[[0.567996,0.821512,-0.0499882],[-0.739594,0.482824,-0.468916],[-0.361085,0.303313,0.881827]]],"btipPosition":[-78.1048,238.902,-18.8286],"carpPosition":[-65.579,236.306,80.8279],"dipPosition":[-86.554,246,1.80556],"direction":[-0.0597804,-0.0193964,-0.998023],"extended":false,"handId":842,"id":8420,"length":52.1069,"mcpPosition":[-65.579,236.306,80.8279],"pipPosition":[-84.5161,246.661,35.8276],"stabilizedTipPosition":[-95.6963,229.401,108.557],"timeVisible":0.587344,"tipPosition":[-80.0884,239.592,-14.1663],"tipVelocity":[5.41919,-3.36022,-141.865],"tool":false,"touchDistance":-0.486562,"touchZone":"touching","type":0,"width":20.2463},{"bases":[[[0.887591,-0.246106,-0.389376],[0.390649,0.850087,0.353193],[0.24408,-0.465601,0.850671]],[[0.910057,-0.298905,-0.287145],[0.364396,0.907111,0.21063],[0.197514,-0.29632,0.934443]],[[0.910057,-0.298905,-0.287145],[0.337246,0.936737,0.0937429],[0.240959,-0.18215,0.953289]],[[0.910057,-0.298905,-0.287145],[0.313107,0.94971,0.00373387],[0.271588,-0.0933052,0.95788]]],"btipPosition":[-87.2547,307.356,-63.0342],"carpPosition":[-50.3546,254.384,79.0767],"dipPosition":[-82.6153,305.762,-46.6713],"direction":[-0.240959,0.18215,-0.953289],"extended":true,"handId":842,"id":8421,"length":58.7969,"mcpPosition":[-68.3082,288.632,16.5046],"pipPosition":[-76.7923,301.361,-23.6341],"stabilizedTipPosition":[-98.4501,291.523,70.4937],"timeVisible":0.587344,"tipPosition":[-85.4604,306.593,-59.5029],"tipVelocity":[-4.96915,-29.3899,-137.018],"tool":false,"touchDistance":-0.490875,"touchZone":"touching","type":1,"width":19.3393},{"bases":[[[0.832719,-0.448037,-0.325335],[0.540347,0.785813,0.300871],[0.120851,-0.426334,0.896456]],[[0.833452,-0.450671,-0.319772],[0.261648,0.831543,-0.489976],[0.486722,0.324704,0.810968]],[[0.833452,-0.450671,-0.319772],[-0.421071,-0.143205,-0.895651],[0.357851,0.881129,-0.309119]],[[0.833452,-0.450671,-0.319772],[-0.55095,-0.722285,-0.418041],[-0.0425678,0.524595,-0.850287]]],"btipPosition":[-80.2841,232.291,-2.41542],"carpPosition":[-39.0238,253.108,74.4348],"dipPosition":[-81.0839,242.148,-18.3911],"direction":[-0.357851,-0.881129,0.309119],"extended":false,"handId":842,"id":8422,"length":66.9943,"mcpPosition":[-47.4538,282.847,11.9021],"pipPosition":[-70.9098,267.199,-27.1797],"stabilizedTipPosition":[-78.0377,213.155,114.144],"timeVisible":0.587344,"tipPosition":[-80.8194,233.954,-6.15822],"tipVelocity":[18.1611,-9.47853,-152.795],"tool":false,"touchDistance":0.333333,"touchZone":"none","type":2,"width":18.9938},{"bases":[[[0.798308,-0.563847,-0.211617],[0.602037,0.737804,0.305282],[-0.0160007,-0.37111,0.928451]],[[0.79814,-0.567026,-0.203603],[0.422727,0.767862,-0.481341],[0.429272,0.298109,0.852559]],[[0.79814,-0.567026,-0.203603],[-0.324038,-0.119118,-0.938515],[0.50791,0.815041,-0.27881]],[[0.79814,-0.567026,-0.203603],[-0.588354,-0.660846,-0.465964],[0.129663,0.491695,-0.861059]]],"btipPosition":[-63.1224,226.855,-2.4315],"carpPosition":[-28.4585,248.689,69.9939],"dipPosition":[-60.7002,236.04,-18.5166],"direction":[-0.50791,-0.815041,0.27881],"extended":false,"handId":842,"id":8423,"length":64.4168,"mcpPosition":[-27.4564,271.931,11.8463],"pipPosition":[-46.6327,258.614,-26.2388],"stabilizedTipPosition":[-60.66,211.749,118.085],"timeVisible":0.587344,"tipPosition":[-63.0515,228.217,-5.91752],"tipVelocity":[22.2736,-11.1543,-152.627],"tool":false,"touchDistance":0.333333,"touchZone":"none","type":3,"width":18.0738},{"bases":[[[0.680569,-0.717113,-0.150249],[0.71508,0.605418,0.34947],[-0.159646,-0.345279,0.924822]],[[0.624963,-0.777651,0.0684059],[0.6776,0.496862,-0.542205],[0.387658,0.38521,0.837457]],[[0.624963,-0.777651,0.0684059],[-0.213284,-0.254383,-0.943292],[0.750953,0.574933,-0.32484]],[[0.624963,-0.777651,0.0684059],[-0.664093,-0.575666,-0.477063],[0.410368,0.252719,-0.876203]]],"btipPosition":[-46.9862,228.415,3.65554],"carpPosition":[-20.7796,237.614,65.4257],"dipPosition":[-39.9141,232.771,-11.4447],"direction":[-0.750953,-0.574933,0.32484],"extended":false,"handId":842,"id":8424,"length":50.5016,"mcpPosition":[-11.5242,257.632,11.8094],"pipPosition":[-25.229,244.014,-17.797],"stabilizedTipPosition":[-44.6251,217.451,123.293],"timeVisible":0.587344,"tipPosition":[-45.8194,228.88,0.150963],"tipVelocity":[20.3592,-23.4013,-143.249],"tool":false,"touchDistance":0.333333,"touchZone":"none","type":4,"width":16.0545}],"r":[[0.957625,-0.287987,0.00417604],[0.280662,0.929816,-0.238056],[0.0646742,0.229141,0.971242]],"s":0.91532,"t":[7.52304,13.3952,-126.14],"timestamp":606979132711},false],[4,{"currentFrameRate":110.365,"devices":[],"gestures":[],"hands":[{"armBasis":[[0.792936,-0.164806,-0.586593],[0.412533,0.853712,0.317793],[0.448407,-0.493979,0.744927]],"armWidth":63.7085,"confidence":0.868935,"direction":[-0.0306448,0.533229,-0.845416],"elbow":[85.7428,103.1,275.978],"grabStrength":0,"id":842,"palmNormal":[-0.424329,-0.772752,-0.472016],"palmPosition":[-45.6897,264.525,29.1065],"palmVelocity":[10.4367,-38.2967,-138.493],"palmWidth":90.9735,"pinchStrength":1,"r":[[0.957521,-0.28833,0.00428621],[0.280987,0.929588,-0.238565],[0.0648011,0.229636,0.971117]],"s":0.914505,"sphereCenter":[-65.0131,238.653,-9.4763],"sphereRadius":45.6311,"stabilizedPalmPosition":[-53.2484,252.083,156.919],"t":[7.57859,12.9525,-127.354],"timeVisible":0.596437,"type":"right","wrist":[-35.3051,236.45,74.8845]}],"id":4427936,"interactionBox":{"center":[0,200,0],"size":[235.247,235.247,147.751]},"pointables":[{"bases":[[[0.737717,0.656687,0.156639],[-0.526605,0.414551,0.742183],[0.422447,-0.630007,0.651636]],[[0.571476,0.818972,-0.0519607],[-0.727858,0.535103,0.42882],[0.378996,-0.20724,0.901894]],[[0.571476,0.818972,-0.0519607],[-0.818419,0.573433,0.0369368],[0.0600462,0.0214171,0.997966]],[[0.571476,0.818972,-0.0519607],[-0.737316,0.484637,-0.470629],[-0.36025,0.307264,0.8808]]],"btipPosition":[-78.1095,238.517,-19.8382],"carpPosition":[-65.577,236.094,79.8043],"dipPosition":[-86.5391,245.707,0.771991],"direction":[-0.0600462,-0.0214171,-0.997966],"extended":false,"handId":842,"id":8420,"length":52.1069,"mcpPosition":[-65.577,236.094,79.8043],"pipPosition":[-84.4922,246.437,34.7921],"stabilizedTipPosition":[-95.696,229.401,108.554],"timeVisible":0.596437,"tipPosition":[-80.0845,239.208,-15.1796],"tipVelocity":[3.91241,-13.5076,-133.491],"tool":false,"touchDistance":-0.481465,"touchZone":"touching","type":0,"width":20.2463},{"bases":[[[0.886997,-0.249852,-0.388344],[0.392613,0.850754,0.34939],[0.243089,-0.462377,0.852711]],[[0.909171,-0.301689,-0.287041],[0.366403,0.907105,0.207146],[0.197882,-0.293504,0.935253]],[[0.909171,-0.301689,-0.287041],[0.339067,0.936477,0.0896902],[0.241748,-0.17887,0.95371]],[[0.909171,-0.301689,-0.287041],[0.314732,0.94918,-0.000736594],[0.272675,-0.0896713,0.957918]]],"btipPosition":[-87.1924,306.602,-64.3348],"carpPosition":[-50.3116,254.13,77.9719],"dipPosition":[-82.5344,305.071,-47.9711],"direction":[-0.241748,0.17887,-0.95371],"extended":true,"handId":842,"id":8421,"length":58.7969,"mcpPosition":[-68.1923,288.141,15.2497],"pipPosition":[-76.6923,300.748,-24.9237],"stabilizedTipPosition":[-98.45,291.523,70.4923],"timeVisible":0.596437,"tipPosition":[-85.3967,305.851,-60.8031],"tipVelocity":[-1.5631,-43.7774,-138.677],"tool":false,"touchDistance":-0.489626,"touchZone":"touching","type":1,"width":19.3393},{"bases":[[[0.83167,-0.451371,-0.323404],[0.54216,0.785907,0.297342],[0.119953,-0.422627,0.89833]],[[0.832445,-0.454158,-0.317451],[0.265894,0.83004,-0.490239],[0.486143,0.323688,0.811721]],[[0.832445,-0.454158,-0.317451],[-0.420573,-0.144859,-0.895619],[0.360767,0.879066,-0.311594]],[[0.832445,-0.454158,-0.317451],[-0.552525,-0.72361,-0.413649],[-0.0418486,0.51974,-0.853299]]],"btipPosition":[-80.2504,231.931,-3.55541],"carpPosition":[-38.9842,252.807,73.3348],"dipPosition":[-81.0367,241.696,-19.5877],"direction":[-0.360767,-0.879066,0.311594],"extended":false,"handId":842,"id":8422,"length":66.9943,"mcpPosition":[-47.3516,282.288,10.6715],"pipPosition":[-70.7796,266.689,-28.4467],"stabilizedTipPosition":[-78.0379,213.156,114.138],"timeVisible":0.596437,"tipPosition":[-80.774,233.55,-7.25074],"tipVelocity":[14.2526,-18.475,-145.595],"tool":false,"touchDistance":0.333333,"touchZone":"none","type":2,"width":18.9938},{"bases":[[[0.797004,-0.566597,-0.209171],[0.603741,0.737778,0.301962],[-0.0167694,-0.36695,0.93009]],[[0.796831,-0.569726,-0.201179],[0.425323,0.765407,-0.482962],[0.42914,0.299274,0.852217]],[[0.796831,-0.569726,-0.201179],[-0.324971,-0.123418,-0.937636],[0.509367,0.812515,-0.283487]],[[0.796831,-0.569726,-0.201179],[-0.590382,-0.66337,-0.459771],[0.128487,0.485132,-0.86495]]],"btipPosition":[-63.0576,226.39,-3.39772],"carpPosition":[-28.4294,248.345,68.9128],"dipPosition":[-60.6573,235.453,-19.5555],"direction":[-0.509367,-0.812515,0.283487],"extended":false,"handId":842,"id":8423,"length":64.4168,"mcpPosition":[-27.3791,271.326,10.6626],"pipPosition":[-46.5494,257.957,-27.4073],"stabilizedTipPosition":[-60.6601,211.75,118.079],"timeVisible":0.596437,"tipPosition":[-62.9971,227.726,-6.9118],"tipVelocity":[17.9256,-23.0717,-140.293],"tool":false,"touchDistance":0.333333,"touchZone":"none","type":3,"width":18.0738},{"bases":[[[0.678922,-0.71932,-0.147115],[0.716485,0.605333,0.34673],[-0.160356,-0.340808,0.926356]],[[0.62346,-0.778623,0.0710238],[0.679562,0.494728,-0.541701],[0.386643,0.385994,0.837565]],[[0.62346,-0.778623,0.0710238],[-0.214951,-0.258035,-0.94192],[0.751727,0.571983,-0.328241]],[[0.62346,-0.778623,0.0710238],[-0.667273,-0.577235,-0.470687],[0.407485,0.246062,-0.879437]]],"btipPosition":[-46.871,227.919,2.65255],"carpPosition":[-20.7761,237.232,64.3933],"dipPosition":[-39.8486,232.159,-12.5034],"direction":[-0.751727,-0.571983,0.328241],"extended":false,"handId":842,"id":8424,"length":50.5016,"mcpPosition":[-11.4795,256.99,10.6881],"pipPosition":[-25.1484,243.345,-18.9222],"stabilizedTipPosition":[-44.6252,217.451,123.288],"timeVisible":0.596437,"tipPosition":[-45.7364,228.355,-0.85212],"tipVelocity":[17.8805,-32.8496,-134.514],"tool":false,"touchDistance":0.333333,"touchZone":"none","type":4,"width":16.0545}],"r":[[0.957521,-0.28833,0.00428621],[0.280987,0.929588,-0.238565],[0.0648011,0.229636,0.971117]],"s":0.914505,"t":[7.57859,12.9525,-127.354],"timestamp":606979141804},false],[5,{"currentFrameRate":110.4,"devices":[],"gestures":[],"hands":[{"armBasis":[[0.793297,-0.166007,-0.585766],[0.411884,0.854859,0.315543],[0.448365,-0.491587,0.746532]],"armWidth":63.7085,"confidence":0.855034,"direction":[-0.030274,0.533876,-0.845021],"elbow":[85.6663,103.442,275.59],"grabStrength":0,"id":842,"palmNormal":[-0.423967,-0.772449,-0.472837],"palmPosition":[-45.7347,264.256,28.3008],"palmVelocity":[6.19958,-36.0139,-125.069],"palmWidth":90.9735,"pinchStrength":1,"r":[[0.957446,-0.288577,0.00443157],[0.281244,0.92945,-0.238799],[0.064793,0.229884,0.971059]],"s":0.913827,"sphereCenter":[-65.1364,238.394,-10.331],"sphereRadius":45.6792,"stabilizedPalmPosition":[-53.2483,252.083,156.917],"t":[7.58387,12.5963,-128.363],"timeVisible":0.605432,"type":"right","wrist":[-35.3703,236.147,74.0626]}],"id":4427937,"interactionBox":{"center":[0,200,0],"size":[235.247,235.247,147.751]},"pointables":[{"bases":[[[0.737538,0.656673,0.157536],[-0.527058,0.413903,0.742223],[0.422193,-0.630448,0.651374]],[[0.573276,0.817895,-0.0490138],[-0.727174,0.535431,0.429572],[0.377588,-0.210622,0.901701]],[[0.573276,0.817895,-0.0490138],[-0.817152,0.575096,0.0390644],[0.0601382,0.017657,0.998034]],[[0.573276,0.817895,-0.0490138],[-0.736362,0.488047,-0.468595],[-0.359341,0.304726,0.882052]]],"btipPosition":[-78.1314,238.562,-20.6984],"carpPosition":[-65.6448,235.783,78.966],"dipPosition":[-86.5397,245.692,-0.0589653],"direction":[-0.0601382,-0.017657,-0.998034],"extended":false,"handId":842,"id":8420,"length":52.1069,"mcpPosition":[-65.6448,235.783,78.966],"pipPosition":[-84.4897,246.294,33.9634],"stabilizedTipPosition":[-95.6957,229.401,108.553],"timeVisible":0.605432,"tipPosition":[-80.0971,239.213,-16.022],"tipVelocity":[2.32017,-8.85304,-122.896],"tool":false,"touchDistance":-0.474455,"touchZone":"touching","type":0,"width":20.2463},{"bases":[[[0.887239,-0.249424,-0.388066],[0.392304,0.850541,0.350254],[0.242704,-0.462999,0.852483]],[[0.909165,-0.300712,-0.28808],[0.366097,0.906858,0.20876],[0.198471,-0.295263,0.934574]],[[0.909165,-0.300712,-0.28808],[0.338536,0.936565,0.0907699],[0.24251,-0.180051,0.953295]],[[0.909165,-0.300712,-0.28808],[0.313992,0.949426,-0.000115626],[0.273546,-0.0903498,0.957606]]],"btipPosition":[-87.292,306.456,-65.0897],"carpPosition":[-50.381,253.822,77.1556],"dipPosition":[-82.6192,304.912,-48.7314],"direction":[-0.24251,0.180051,-0.953295],"extended":true,"handId":842,"id":8421,"length":58.7969,"mcpPosition":[-68.2334,287.878,14.4502],"pipPosition":[-76.7587,300.561,-25.6941],"stabilizedTipPosition":[-98.4498,291.524,70.4905],"timeVisible":0.605432,"tipPosition":[-85.4934,305.7,-61.5618],"tipVelocity":[-4.07008,-36.3149,-123.689],"tool":false,"touchDistance":-0.48034,"touchZone":"touching","type":1,"width":19.3393},{"bases":[[[0.831906,-0.451001,-0.323311],[0.541888,0.785756,0.298236],[0.119538,-0.423302,0.898068]],[[0.832716,-0.45393,-0.317066],[0.267885,0.831435,-0.486779],[0.484584,0.320412,0.81395]],[[0.832716,-0.45393,-0.317066],[-0.41938,-0.143174,-0.896449],[0.361529,0.879459,-0.309593]],[[0.832716,-0.45393,-0.317066],[-0.552121,-0.723939,-0.413612],[-0.0417857,0.519481,-0.85346]]],"btipPosition":[-80.2359,231.827,-4.50966],"carpPosition":[-39.0509,252.505,72.5236],"dipPosition":[-81.021,241.587,-20.545],"direction":[-0.361529,-0.879459,0.309593],"extended":false,"handId":842,"id":8422,"length":66.9943,"mcpPosition":[-47.3894,282.032,9.87853],"pipPosition":[-70.7422,266.591,-29.3471],"stabilizedTipPosition":[-78.0379,213.157,114.134],"timeVisible":0.605432,"tipPosition":[-80.75,233.432,-8.16461],"tipVelocity":[10.7921,-16.6151,-134.773],"tool":false,"touchDistance":0.333333,"touchZone":"none","type":2,"width":18.9938},{"bases":[[[0.797197,-0.56632,-0.209185],[0.603474,0.737632,0.302851],[-0.0172093,-0.36767,0.929797]],[[0.797023,-0.569412,-0.201307],[0.426639,0.766754,-0.479654],[0.427473,0.29641,0.854054]],[[0.797023,-0.569412,-0.201307],[-0.324767,-0.123058,-0.937754],[0.509196,0.81279,-0.283007]],[[0.797023,-0.569412,-0.201307],[-0.590499,-0.664757,-0.457613],[0.12675,0.4836,-0.866063]]],"btipPosition":[-62.9822,226.287,-4.26308],"carpPosition":[-28.4931,248.047,68.1037],"dipPosition":[-60.6144,235.321,-20.4417],"direction":[-0.509196,-0.812789,0.283007],"extended":false,"handId":842,"id":8423,"length":64.4168,"mcpPosition":[-27.4153,271.073,9.87177],"pipPosition":[-46.5112,257.832,-28.2801],"stabilizedTipPosition":[-60.6601,211.751,118.074],"timeVisible":0.605432,"tipPosition":[-62.9331,227.609,-7.78365],"tipVelocity":[15.0793,-20.1088,-128.339],"tool":false,"touchDistance":0.333333,"touchZone":"none","type":3,"width":18.0738},{"bases":[[[0.679104,-0.719109,-0.14731],[0.716213,0.605169,0.347576],[-0.160798,-0.341546,0.926008]],[[0.623785,-0.778454,0.0700074],[0.680867,0.497225,-0.537762],[0.383813,0.383113,0.840185]],[[0.623785,-0.778454,0.0700074],[-0.215089,-0.257082,-0.942149],[0.751418,0.572641,-0.327801]],[[0.623785,-0.778454,0.0700074],[-0.668682,-0.577899,-0.467865],[0.404669,0.245034,-0.881023]]],"btipPosition":[-46.7506,227.775,1.78523],"carpPosition":[-20.8358,236.939,63.5797],"dipPosition":[-39.7766,231.998,-13.398],"direction":[-0.751418,-0.572641,0.327801],"extended":false,"handId":842,"id":8424,"length":50.5016,"mcpPosition":[-11.5136,256.74,9.89463],"pipPosition":[-25.0825,243.196,-19.8083],"stabilizedTipPosition":[-44.6252,217.452,123.284],"timeVisible":0.605432,"tipPosition":[-45.6474,228.204,-1.70932],"tipVelocity":[16.3085,-28.347,-124.252],"tool":false,"touchDistance":0.333333,"touchZone":"none","type":4,"width":16.0545}],"r":[[0.957446,-0.288577,0.00443157],[0.281244,0.92945,-0.238799],[0.064793,0.229884,0.971059]],"s":0.913827,"t":[7.58387,12.5963,-128.363],"timestamp":606979150799},false],[6,{"currentFrameRate":110.311,"devices":[],"gestures":[],"hands":[{"armBasis":[[0.795664,-0.163756,-0.583184],[0.408832,0.855583,0.317543],[0.446963,-0.491082,0.747705]],"armWidth":63.7085,"confidence":0.855318,"direction":[-0.0300164,0.534898,-0.844383],"elbow":[85.1775,103.457,274.954],"grabStrength":0,"id":842,"palmNormal":[-0.420816,-0.773012,-0.474727],"palmPosition":[-45.8286,264.165,27.3635],"palmVelocity":[1.60582,-28.6821,-118.496],"palmWidth":90.9735,"pinchStrength":1,"r":[[0.957546,-0.28824,0.00487077],[0.281029,0.929559,-0.238626],[0.0642538,0.229864,0.971099]],"s":0.913305,"sphereCenter":[-65.1859,238.281,-11.3562],"sphereRadius":45.7252,"stabilizedPalmPosition":[-53.2481,252.084,156.914],"t":[7.53953,12.3727,-129.337],"timeVisible":0.614655,"type":"right","wrist":[-35.4805,236.025,73.11]}],"id":4427938,"interactionBox":{"center":[0,200,0],"size":[235.247,235.247,147.751]},"pointables":[{"bases":[[[0.735365,0.658529,0.159928],[-0.529757,0.411449,0.741665],[0.422606,-0.630118,0.651426]],[[0.572498,0.818657,-0.0452377],[-0.72886,0.533419,0.429216],[0.375512,-0.212754,0.902068]],[[0.572498,0.818657,-0.0452377],[-0.817812,0.574107,0.0398025],[0.0585559,0.0142091,0.998183]],[[0.572498,0.818657,-0.0452377],[-0.735711,0.488573,-0.469069],[-0.361905,0.301823,0.882002]]],"btipPosition":[-78.033,238.641,-21.7367],"carpPosition":[-65.764,235.569,77.95],"dipPosition":[-86.5014,245.703,-1.09841],"direction":[-0.0585559,-0.0142091,-0.998183],"extended":false,"handId":842,"id":8420,"length":52.1069,"mcpPosition":[-65.764,235.569,77.95],"pipPosition":[-84.5052,246.188,32.9291],"stabilizedTipPosition":[-95.6956,229.401,108.551],"timeVisible":0.614655,"tipPosition":[-80.0136,239.271,-17.0567],"tipVelocity":[4.24096,-4.45253,-120.011],"tool":false,"touchDistance":-0.470921,"touchZone":"touching","type":0,"width":20.2463},{"bases":[[[0.888738,-0.246428,-0.386545],[0.389189,0.851176,0.352181],[0.242231,-0.463436,0.85238]],[[0.91039,-0.297132,-0.287927],[0.362947,0.907615,0.210963],[0.198643,-0.296561,0.934127]],[[0.91039,-0.297132,-0.287927],[0.335241,0.937588,0.0924284],[0.242494,-0.180671,0.953181]],[[0.91039,-0.297132,-0.287927],[0.310584,0.950545,0.00109398],[0.273363,-0.0904215,0.957652]]],"btipPosition":[-87.4272,306.392,-66.0217],"carpPosition":[-50.5471,253.654,76.1949],"dipPosition":[-82.7575,304.847,-49.6626],"direction":[-0.242494,0.180671,-0.953181],"extended":true,"handId":842,"id":8421,"length":58.7969,"mcpPosition":[-68.3647,287.743,13.4971],"pipPosition":[-76.8974,300.481,-26.628],"stabilizedTipPosition":[-98.4497,291.524,70.4887],"timeVisible":0.614655,"tipPosition":[-85.622,305.649,-62.4934],"tipVelocity":[-7.05932,-28.0866,-117.337],"tool":false,"touchDistance":-0.474616,"touchZone":"touching","type":1,"width":19.3393},{"bases":[[[0.833837,-0.448244,-0.322169],[0.539062,0.786879,0.300389],[0.11886,-0.424145,0.89776]],[[0.834673,-0.451291,-0.315686],[0.26807,0.833618,-0.482928],[0.481103,0.318461,0.816776]],[[0.834673,-0.451291,-0.315686],[-0.416544,-0.142304,-0.897909],[0.360295,0.880957,-0.30676]],[[0.834673,-0.451291,-0.315686],[-0.549163,-0.725406,-0.414978],[-0.0417247,0.519734,-0.853309]]],"btipPosition":[-80.1397,231.802,-5.64663],"carpPosition":[-39.2038,252.374,71.5847],"dipPosition":[-80.9237,241.567,-21.6791],"direction":[-0.360295,-0.880957,0.30676],"extended":false,"handId":842,"id":8422,"length":66.9943,"mcpPosition":[-47.4949,281.961,8.96111],"pipPosition":[-70.68,266.614,-30.4007],"stabilizedTipPosition":[-78.038,213.158,114.13],"timeVisible":0.614655,"tipPosition":[-80.6433,233.4,-9.2705],"tipVelocity":[10.6976,-12.6781,-131.53],"tool":false,"touchDistance":0.333333,"touchZone":"none","type":2,"width":18.9938},{"bases":[[[0.799215,-0.563809,-0.208266],[0.600772,0.738921,0.30507],[-0.0181087,-0.368937,0.929278]],[[0.799036,-0.566867,-0.200507],[0.426142,0.769136,-0.476269],[0.424198,0.295112,0.856133]],[[0.799036,-0.566867,-0.200507],[-0.323697,-0.124516,-0.937932],[0.506716,0.814345,-0.282986]],[[0.799036,-0.566867,-0.200507],[-0.588349,-0.668303,-0.455211],[0.124045,0.481698,-0.867514]]],"btipPosition":[-62.7916,226.322,-5.21966],"carpPosition":[-28.6244,247.952,67.181],"dipPosition":[-60.4743,235.32,-21.4253],"direction":[-0.506716,-0.814345,0.282986],"extended":false,"handId":842,"id":8423,"length":64.4168,"mcpPosition":[-27.4902,271.058,8.98157],"pipPosition":[-46.4398,257.875,-29.2632],"stabilizedTipPosition":[-60.6602,211.751,118.07],"timeVisible":0.614655,"tipPosition":[-62.7591,227.636,-8.78203],"tipVelocity":[16.2912,-13.6573,-121.626],"tool":false,"touchDistance":0.333333,"touchZone":"none","type":3,"width":18.0738},{"bases":[[[0.681423,-0.717009,-0.146837],[0.71379,0.606716,0.349856],[-0.161762,-0.343211,0.925224]],[[0.626026,-0.776683,0.069672],[0.682544,0.502547,-0.530641],[0.377127,0.379749,0.844728]],[[0.626026,-0.776683,0.069672],[-0.211922,-0.255434,-0.943315],[0.750453,0.575775,-0.324505]],[[0.626026,-0.776683,0.069672],[-0.667692,-0.580035,-0.466634],[0.402839,0.245606,-0.881702]]],"btipPosition":[-46.4987,227.852,0.69601],"carpPosition":[-20.9266,236.872,62.6584],"dipPosition":[-39.5563,232.085,-14.499],"direction":[-0.750453,-0.575775,0.324505],"extended":false,"handId":842,"id":8424,"length":50.5016,"mcpPosition":[-11.5485,256.769,9.01877],"pipPosition":[-24.881,243.344,-20.8447],"stabilizedTipPosition":[-44.6252,217.452,123.28],"timeVisible":0.614655,"tipPosition":[-45.4294,228.275,-2.75996],"tipVelocity":[19.1727,-17.9927,-122.608],"tool":false,"touchDistance":0.333333,"touchZone":"no