{"sensorType":"Leap","data":[[0,{"currentFrameRate":109.367,"devices":[],"gestures":[],"hands":[{"armBasis":[[0.838753,0.0868837,-0.537536],[0.254179,0.810558,0.527625],[0.481546,-0.579177,0.657774]],"armWidth":63.7085,"confidence":0.805455,"direction":[0.0386277,0.435481,-0.899369],"elbow":[98.7671,121.998,268.907],"grabStrength":0,"id":839,"palmNormal":[-0.260123,-0.864627,-0.429832],"palmPosition":[-37.6179,300.034,41.5358],"palmVelocity":[-1.73912,25.121,-209.02],"palmWidth":90.9735,"pinchStrength":0.874453,"r":[[0.9831,-0.170943,0.0655233],[0.183069,0.919232,-0.348565],[-0.000646541,0.35467,0.934991]],"s":0.957755,"sphereCenter":[-64.686,270.515,5.66799],"sphereRadius":50.5928,"stabilizedPalmPosition":[-40.7128,254.031,261.676],"t":[4.61092,45.0671,-222.869],"timeVisible":0.86771,"type":"right","wrist":[-31.2268,278.347,91.3406]}],"id":4426774,"interactionBox":{"center":[0,200,0],"size":[235.247,235.247,147.751]},"pointables":[{"bases":[[[0.628433,0.757502,0.176814],[-0.675211,0.418362,0.607506],[0.386215,-0.501163,0.774386]],[[0.428933,0.892726,-0.138043],[-0.861099,0.450256,0.236174],[0.272993,0.0175664,0.961856]],[[0.428933,0.892726,-0.138043],[-0.902796,0.418354,-0.0996979],[-0.0312519,0.167389,0.985396]],[[0.428933,0.892726,-0.138043],[-0.820948,0.321473,-0.47191],[-0.376909,0.315744,0.870773]]],"btipPosition":[-65.4073,260.691,-9.91874],"carpPosition":[-61.6674,274.662,92.0532],"dipPosition":[-74.2268,268.079,10.4568],"direction":[0.0312519,-0.167389,-0.985396],"extended":false,"handId":839,"id":8390,"length":52.1069,"mcpPosition":[-61.6674,274.662,92.0532],"pipPosition":[-75.2921,273.786,44.0483],"stabilizedTipPosition":[-86.9534,221.06,199.224],"timeVisible":0.86771,"tipPosition":[-68.931,262.574,-5.30782],"tipVelocity":[14.3852,21.6428,-197.631],"tool":false,"touchDistance":-0.542639,"touchZone":"hovering","type":0,"width":20.2463},{"bases":[[[0.957592,-0.173875,-0.229752],[0.238864,0.924984,0.295547],[0.161129,-0.337893,0.92729]],[[0.961447,-0.182577,-0.205633],[0.212503,0.967903,0.134187],[0.174533,-0.172712,0.969386]],[[0.961447,-0.182577,-0.205633],[0.191135,0.981309,0.0223786],[0.197704,-0.0608195,0.978373]],[[0.961447,-0.182577,-0.205633],[0.173257,0.982884,-0.0626111],[0.213545,0.0245699,0.976624]]],"btipPosition":[-76.1634,327.527,-59.9839],"carpPosition":[-48.3888,294.204,90.1902],"dipPosition":[-72.5155,327.947,-43.3007],"direction":[-0.197704,0.0608195,-0.978373],"extended":true,"handId":839,"id":8391,"length":58.7969,"mcpPosition":[-60.2408,319.058,21.9823],"pipPosition":[-67.7378,326.477,-19.6573],"stabilizedTipPosition":[-94.0086,264.747,168.782],"timeVisible":0.86771,"tipPosition":[-75.2318,326.427,-56.2174],"tipVelocity":[8.17208,31.34,-215.274],"tool":false,"touchDistance":-0.59228,"touchZone":"hovering","type":1,"width":19.3393},{"bases":[[[0.915711,-0.37305,-0.149354],[0.400797,0.874629,0.272737],[0.0288852,-0.309609,0.950425]],[[0.914065,-0.401902,-0.0544103],[0.266347,0.696037,-0.666777],[0.30585,0.594985,0.743269]],[[0.914065,-0.401902,-0.0544103],[0.140653,0.439968,-0.88693],[0.380397,0.803059,0.458688]],[[0.914065,-0.401902,-0.0544103],[0.0642945,0.276058,-0.958988],[0.400439,0.873079,0.278175]]],"btipPosition":[-71.5082,247.548,-33.0352],"carpPosition":[-36.415,293.86,87.349],"dipPosition":[-63.9845,263.952,-27.8086],"direction":[-0.380397,-0.803059,-0.458688],"extended":false,"handId":839,"id":8392,"length":66.9943,"mcpPosition":[-38.4299,315.457,21.0518],"pipPosition":[-53.1693,286.784,-14.7676],"stabilizedTipPosition":[-59.524,259.277,133.979],"timeVisible":0.86771,"tipPosition":[-69.6409,251.61,-32.4502],"tipVelocity":[-18.0236,11.7918,-183.737],"tool":false,"touchDistance":-0.536312,"touchZone":"hovering","type":2,"width":18.9938},{"bases":[[[0.877145,-0.47941,-0.0279956],[0.465913,0.835426,0.291527],[-0.116373,-0.268755,0.956153]],[[0.866494,-0.49751,0.0408943],[0.400281,0.643528,-0.652416],[0.298267,0.581684,0.756757]],[[0.866494,-0.49751,0.0408943],[0.264183,0.387521,-0.883196],[0.423551,0.776087,0.467219]],[[0.866494,-0.49751,0.0408943],[0.17443,0.225001,-0.958618],[0.467721,0.83777,0.281742]]],"btipPosition":[-51.3896,244.043,-26.9022],"carpPosition":[-24.8855,290.342,84.9895],"dipPosition":[-42.6523,259.694,-21.6391],"direction":[-0.423551,-0.776087,-0.467219],"extended":false,"handId":839,"id":8393,"length":64.4168,"mcpPosition":[-17.5972,307.173,25.1069],"pipPosition":[-30.9213,281.189,-8.69855],"stabilizedTipPosition":[-36.5433,260.623,144.164],"timeVisible":0.86771,"tipPosition":[-49.572,247.501,-25.5287],"tipVelocity":[-5.75204,21.5068,-208.127],"tool":false,"touchDistance":-0.55795,"touchZone":"touching","type":3,"width":18.0738},{"bases":[[[0.76866,-0.638695,0.0350755],[0.584545,0.723642,0.366945],[-0.259748,-0.261553,0.929581]],[[0.679196,-0.683827,0.266594],[0.666435,0.422411,-0.614356],[0.307501,0.594936,0.742627]],[[0.679196,-0.683827,0.266594],[0.50835,0.176292,-0.842913],[0.529408,0.708026,0.46736]],[[0.679196,-0.683827,0.266594],[0.396888,0.0366497,-0.917135],[0.617391,0.728723,0.296295]]],"btipPosition":[-32.2613,247.611,-11.4597],"carpPosition":[-15.4565,279.885,82.932],"dipPosition":[-21.6214,260.17,-6.35348],"direction":[-0.529408,-0.708026,-0.46736],"extended":false,"handId":839,"id":8394,"length":50.5016,"mcpPosition":[-0.39765,295.048,29.0398],"pipPosition":[-11.2687,274.016,2.78587],"stabilizedTipPosition":[-19.9687,249.289,60.3947],"timeVisible":0.86771,"tipPosition":[-29.5137,250.716,-10.7302],"tipVelocity":[-9.57548,11.3906,-202.309],"tool":false,"touchDistance":-0.547635,"touchZone":"touching","type":4,"width":16.0545}],"r":[[0.9831,-0.170943,0.0655233],[0.183069,0.919232,-0.348565],[-0.000646541,0.35467,0.934991]],"s":0.957755,"t":[4.61092,45.0671,-222.869],"timestamp":606968205196},false],[1,{"currentFrameRate":109.445,"devices":[],"gestures":[],"hands":[{"armBasis":[[0.841325,0.0850851,-0.533791],[0.251784,0.812165,0.526301],[0.478307,-0.57719,0.661871]],"armWidth":63.7085,"confidence":0.776732,"direction":[0.0422991,0.434887,-0.899491],"elbow":[97.7025,122.674,267.839],"grabStrength":0,"id":839,"palmNormal":[-0.257971,-0.865015,-0.43035],"palmPosition":[-37.6039,300.138,39.3195],"palmVelocity":[-0.833568,21.4076,-219.263],"palmWidth":90.9735,"pinchStrength":0.873119,"r":[[0.982495,-0.173851,0.066928],[0.186289,0.917708,-0.350867],[-0.00042163,0.357193,0.93403]],"s":0.958257,"sphereCenter":[-64.931,270.761,3.40047],"sphereRadius":50.7151,"stabilizedPalmPosition":[-40.7128,254.031,261.674],"t":[4.58025,45.2201,-224.902],"timeVisible":0.876707,"type":"right","wrist":[-31.417,278.488,89.1658]}],"id":4426775,"interactionBox":{"center":[0,200,0],"size":[235.247,235.247,147.751]},"pointables":[{"bases":[[[0.627394,0.757855,0.178976],[-0.677948,0.418522,0.604339],[0.383096,-0.500495,0.776364]],[[0.430064,0.892547,-0.135667],[-0.86257,0.450593,0.230087],[0.266494,0.0180705,0.963667]],[[0.430064,0.892547,-0.135667],[-0.901957,0.418297,-0.107243],[-0.0389699,0.168487,0.984933]],[[0.430064,0.892547,-0.135667],[-0.815981,0.319993,-0.481435],[-0.386291,0.31775,0.865918]]],"btipPosition":[-64.792,260.711,-12.1818],"carpPosition":[-61.8591,274.792,89.7511],"dipPosition":[-73.8309,268.146,8.0801],"direction":[0.0389699,-0.168487,-0.984933],"extended":false,"handId":839,"id":8390,"length":52.1069,"mcpPosition":[-61.8591,274.792,89.7511],"pipPosition":[-75.1594,273.89,41.6559],"stabilizedTipPosition":[-86.9533,221.06,199.223],"timeVisible":0.876707,"tipPosition":[-68.3621,262.6,-7.60395],"tipVelocity":[27.6711,16.6414,-213.226],"tool":false,"touchDistance":-0.551047,"touchZone":"hovering","type":0,"width":20.2463},{"bases":[[[0.958626,-0.173675,-0.225552],[0.237262,0.925273,0.295935],[0.157301,-0.337206,0.928197]],[[0.962242,-0.182009,-0.202392],[0.211664,0.96784,0.135955],[0.171138,-0.17366,0.969822]],[[0.962242,-0.182009,-0.202392],[0.190696,0.981353,0.0241128],[0.194229,-0.0617976,0.979008]],[[0.962242,-0.182009,-0.202392],[0.173116,0.983013,-0.060962],[0.21005,0.023623,0.977405]]],"btipPosition":[-75.7833,327.69,-62.3567],"carpPosition":[-48.5798,294.337,87.9316],"dipPosition":[-72.1952,328.094,-45.6602],"direction":[-0.194229,0.0617976,-0.979008],"extended":true,"handId":839,"id":8391,"length":58.7969,"mcpPosition":[-60.1502,319.141,19.6569],"pipPosition":[-67.5014,326.601,-22.0014],"stabilizedTipPosition":[-94.0084,264.747,168.78],"timeVisible":0.876707,"tipPosition":[-74.8499,326.602,-58.5905],"tipVelocity":[17.1056,27.6039,-228.482],"tool":false,"touchDistance":-0.596931,"touchZone":"hovering","type":1,"width":19.3393},{"bases":[[[0.916477,-0.37281,-0.145198],[0.399309,0.874962,0.273849],[0.0249493,-0.308955,0.950749]],[[0.914425,-0.401645,-0.0500788],[0.269613,0.696712,-0.664756],[0.301886,0.594368,0.74538]],[[0.914425,-0.401645,-0.0500788],[0.144386,0.439278,-0.886672],[0.378126,0.803565,0.459678]],[[0.914425,-0.401645,-0.0500788],[0.0679111,0.274219,-0.959266],[0.399017,0.873777,0.278029]]],"btipPosition":[-71.1302,247.64,-35.3923],"carpPosition":[-36.5939,293.996,85.1416],"dipPosition":[-63.6332,264.057,-30.1685],"direction":[-0.378126,-0.803565,-0.459678],"extended":false,"handId":839,"id":8392,"length":66.9943,"mcpPosition":[-38.3342,315.547,18.8218],"pipPosition":[-52.8826,286.903,-17.0993],"stabilizedTipPosition":[-59.5243,259.277,133.975],"timeVisible":0.876707,"tipPosition":[-69.2814,251.676,-34.771],"tipVelocity":[-1.73157,11.4654,-205.238],"tool":false,"touchDistance":-0.546381,"touchZone":"hovering","type":2,"width":18.9938},{"bases":[[[0.877433,-0.479103,-0.0239329],[0.464358,0.835796,0.292944],[-0.120347,-0.268152,0.95583]],[[0.866238,-0.497485,0.0462579],[0.404332,0.643614,-0.649828],[0.293507,0.58161,0.758672]],[[0.866238,-0.497485,0.0462579],[0.268779,0.38595,-0.882496],[0.421175,0.776885,0.468039]],[[0.866238,-0.497485,0.0462579],[0.178788,0.222189,-0.958471],[0.466547,0.838535,0.281413]]],"btipPosition":[-51.0081,244.111,-29.14],"carpPosition":[-25.0532,290.48,82.8336],"dipPosition":[-42.2927,259.775,-23.883],"direction":[-0.421175,-0.776885,-0.468039],"extended":false,"handId":839,"id":8393,"length":64.4168,"mcpPosition":[-17.516,307.274,22.9713],"pipPosition":[-30.6274,281.293,-10.9198],"stabilizedTipPosition":[-36.5437,260.623,144.158],"timeVisible":0.876707,"tipPosition":[-49.2101,247.572,-27.7707],"tipVelocity":[7.31411,17.7645,-219.315],"tool":false,"touchDistance":-0.564076,"touchZone":"touching","type":3,"width":18.0738},{"bases":[[[0.768739,-0.638386,0.0387833],[0.582709,0.724108,0.368942],[-0.26361,-0.26102,0.928643]],[[0.678311,-0.683393,0.26994],[0.668965,0.422408,-0.611602],[0.30394,0.595437,0.74369]],[[0.678311,-0.683393,0.26994],[0.5117,0.175697,-0.841008],[0.527311,0.708593,0.46887]],[[0.678311,-0.683393,0.26994],[0.400379,0.03572,-0.915653],[0.616109,0.729176,0.297846]]],"btipPosition":[-32.0035,247.685,-13.6078],"carpPosition":[-15.6116,280.025,80.8234],"dipPosition":[-21.3857,260.251,-8.4748],"direction":[-0.527311,-0.708593,-0.46887],"extended":false,"handId":839,"id":8394,"length":50.5016,"mcpPosition":[-0.328874,295.158,26.9856],"pipPosition":[-11.074,274.108,0.694071],"stabilizedTipPosition":[-19.9699,249.289,60.3855],"timeVisible":0.876707,"tipPosition":[-29.2628,250.787,-12.8681],"tipVelocity":[0.762267,10.5487,-212.124],"tool":false,"touchDistance":-0.553333,"touchZone":"touching","type":4,"width":16.0545}],"r":[[0.982495,-0.173851,0.066928],[0.186289,0.917708,-0.350867],[-0.00042163,0.357193,0.93403]],"s":0.958257,"t":[4.58025,45.2201,-224.902],"timestamp":606968214193},false],[2,{"currentFrameRate":109.483,"devices":[],"gestures":[],"hands":[{"armBasis":[[0.842529,0.0855504,-0.531813],[0.250116,0.812281,0.526917],[0.47706,-0.576958,0.662973]],"armWidth":63.7085,"confidence":0.779971,"direction":[0.0437077,0.434103,-0.899802],"elbow":[97.3122,122.817,266.821],"grabStrength":0,"id":839,"palmNormal":[-0.256522,-0.86559,-0.430058],"palmPosition":[-37.5776,300.168,37.9734],"palmVelocity":[0.196202,16.4004,-199.706],"palmWidth":90.9735,"pinchStrength":0.866954,"r":[[0.982003,-0.17602,0.0684651],[0.188865,0.916441,-0.352798],[-0.000644779,0.359379,0.933191]],"s":0.958572,"sphereCenter":[-64.9874,270.73,2.02203],"sphereRadius":50.8182,"stabilizedPalmPosition":[-40.7128,254.032,261.673],"t":[4.57803,45.3114,-226.592],"timeVisible":0.885773,"type":"right","wrist":[-31.4706,278.567,87.8511]}],"id":4426776,"interactionBox":{"center":[0,200,0],"size":[235.247,235.247,147.751]},"pointables":[{"bases":[[[0.626504,0.75847,0.179489],[-0.679406,0.418578,0.602661],[0.38197,-0.499515,0.77755]],[[0.430513,0.892499,-0.13455],[-0.863165,0.450684,0.227662],[0.263828,0.0181274,0.964399]],[[0.430513,0.892499,-0.13455],[-0.901617,0.418344,-0.10989],[-0.0417888,0.168622,0.984795]],[[0.430513,0.892499,-0.13455],[-0.813747,0.31931,-0.485651],[-0.39048,0.318569,0.863736]]],"btipPosition":[-64.5168,260.743,-13.5322],"carpPosition":[-61.9111,274.85,88.3815],"dipPosition":[-73.6538,268.197,6.67864],"direction":[0.0417888,-0.168622,-0.984795],"extended":false,"handId":839,"id":8390,"length":52.1069,"mcpPosition":[-61.9111,274.85,88.3815],"pipPosition":[-75.0784,273.945,40.2497],"stabilizedTipPosition":[-86.9532,221.061,199.222],"timeVisible":0.885773,"tipPosition":[-68.0686,262.599,-8.96575],"tipVelocity":[27.7244,13.1326,-195.826],"tool":false,"touchDistance":-0.544707,"touchZone":"hovering","type":0,"width":20.2463},{"bases":[[[0.959181,-0.173186,-0.223559],[0.236027,0.925711,0.295549],[0.155766,-0.336251,0.928801]],[[0.962659,-0.181246,-0.201089],[0.210681,0.968039,0.136063],[0.170001,-0.173348,0.970077]],[[0.962659,-0.181246,-0.201089],[0.189764,0.981542,0.0237539],[0.193072,-0.0610263,0.979285]],[[0.962659,-0.181246,-0.201089],[0.172214,0.983126,-0.0616893],[0.208877,0.0247555,0.977629]]],"btipPosition":[-75.6363,327.635,-63.7846],"carpPosition":[-48.6424,294.403,86.5696],"dipPosition":[-72.0681,328.058,-47.0843],"direction":[-0.193072,0.0610263,-0.979285],"extended":true,"handId":839,"id":8391,"length":58.7969,"mcpPosition":[-60.1,319.137,18.2504],"pipPosition":[-67.4024,326.583,-23.4189],"stabilizedTipPosition":[-94.0083,264.748,168.779],"timeVisible":0.885773,"tipPosition":[-74.691,326.582,-60.0191],"tipVelocity":[16.7206,18.4137,-208.845],"tool":false,"touchDistance":-0.586977,"touchZone":"hovering","type":1,"width":19.3393},{"bases":[[[0.917022,-0.372279,-0.143106],[0.398153,0.875498,0.273819],[0.0233515,-0.308076,0.951075]],[[0.914738,-0.40131,-0.0469609],[0.273883,0.7013,-0.658154],[0.297057,0.589176,0.751418]],[[0.914738,-0.40131,-0.0469609],[0.148098,0.441149,-0.88513],[0.375928,0.802707,0.462969]],[[0.914738,-0.40131,-0.0469609],[0.0704745,0.272912,-0.959454],[0.397855,0.874339,0.277925]]],"btipPosition":[-70.7588,247.915,-37.1363],"carpPosition":[-36.651,294.068,83.803],"dipPosition":[-63.2837,264.342,-31.9145],"direction":[-0.375928,-0.802707,-0.462969],"extended":false,"handId":839,"id":8392,"length":66.9943,"mcpPosition":[-38.2799,315.558,17.4604],"pipPosition":[-52.5955,287.164,-18.7517],"stabilizedTipPosition":[-59.5244,259.276,133.972],"timeVisible":0.885773,"tipPosition":[-68.9816,251.809,-36.3143],"tipVelocity":[9.91234,16.7442,-201.695],"tool":false,"touchDistance":-0.546243,"touchZone":"hovering","type":2,"width":18.9938},{"bases":[[[0.877822,-0.47849,-0.0218189],[0.463194,0.836397,0.293074],[-0.121984,-0.267373,0.955841]],[[0.866148,-0.49726,0.0502004],[0.406727,0.642933,-0.649007],[0.29045,0.582554,0.759124]],[[0.866148,-0.49726,0.0502004],[0.270985,0.382854,-0.88317],[0.419946,0.77856,0.466358]],[[0.866148,-0.49726,0.0502004],[0.180481,0.217532,-0.959222],[0.466063,0.839888,0.278161]]],"btipPosition":[-50.7761,244.027,-30.3669],"carpPosition":[-25.1033,290.558,81.5202],"dipPosition":[-42.0697,259.716,-25.1707],"direction":[-0.419946,-0.77856,-0.466358],"extended":false,"handId":839,"id":8393,"length":64.4168,"mcpPosition":[-17.4637,307.304,21.6572],"pipPosition":[-30.4385,281.28,-12.254],"stabilizedTipPosition":[-36.544,260.622,144.154],"timeVisible":0.885773,"tipPosition":[-48.9868,247.516,-29.0484],"tipVelocity":[12.3008,10.4627,-196.538],"tool":false,"touchDistance":-0.554616,"touchZone":"touching","type":3,"width":18.0738},{"bases":[[[0.769123,-0.637795,0.0408335],[0.58148,0.724862,0.3694],[-0.2652,-0.26037,0.928373]],[[0.678144,-0.682687,0.272136],[0.670762,0.42362,-0.60879],[0.300331,0.595386,0.745196]],[[0.678144,-0.682687,0.272136],[0.513611,0.175385,-0.839907],[0.525665,0.70935,0.469572]],[[0.678144,-0.682687,0.272136],[0.40176,0.0343032,-0.915102],[0.615394,0.729905,0.297539]]],"btipPosition":[-31.778,247.705,-14.9396],"carpPosition":[-15.6504,280.109,79.5376],"dipPosition":[-21.1725,260.284,-9.81195],"direction":[-0.525665,-0.70935,-0.469572],"extended":false,"handId":839,"id":8394,"length":50.5016,"mcpPosition":[-0.27551,295.204,25.7154],"pipPosition":[-10.893,274.155,-0.629346],"stabilizedTipPosition":[-19.9708,249.289,60.3791],"timeVisible":0.885773,"tipPosition":[-29.0749,250.789,-14.1638],"tipVelocity":[7.33734,8.33091,-194.143],"tool":false,"touchDistance":-0.546329,"touchZone":"touching","type":4,"width":16.0545}],"r":[[0.982003,-0.17602,0.0684651],[0.188865,0.916441,-0.352798],[-0.000644779,0.359379,0.933191]],"s":0.958572,"t":[4.57803,45.3114,-226.592],"timestamp":606968223259},false],[3,{"currentFrameRate":109.475,"devices":[],"gestures":[],"hands":[{"armBasis":[[0.842033,0.0817418,-0.533197],[0.251073,0.815467,0.521513],[0.477434,-0.573002,0.666127]],"armWidth":63.7085,"confidence":0.78116,"direction":[0.0455621,0.432953,-0.900264],"elbow":[97.43,124,266.617],"grabStrength":0,"id":839,"palmNormal":[-0.257279,-0.865713,-0.429358],"palmPosition":[-37.4617,300.233,36.8837],"palmVelocity":[3.67073,13.8004,-177.258],"palmWidth":90.9735,"pinchStrength":0.864641,"r":[[0.981531,-0.178035,0.0700007],[0.1913,0.915275,-0.354508],[-0.000955184,0.361352,0.932429]],"s":0.958784,"sphereCenter":[-64.9901,270.8,0.935467],"sphereRadius":50.8749,"stabilizedPalmPosition":[-40.7128,254.032,261.672],"t":[4.6349,45.3894,-227.981],"timeVisible":0.894923,"type":"right","wrist":[-31.4537,278.682,86.7954]}],"id":4426777,"interactionBox":{"center":[0,200,0],"size":[235.247,235.247,147.751]},"pointables":[{"bases":[[[0.627427,0.757726,0.179408],[-0.67956,0.420342,0.601258],[0.380176,-0.499164,0.778654]],[[0.433104,0.891379,-0.133659],[-0.86249,0.452922,0.225771],[0.261785,0.0174967,0.964968]],[[0.433104,0.891379,-0.133659],[-0.90031,0.420726,-0.111497],[-0.0431523,0.168624,0.984735]],[[0.433104,0.891379,-0.133659],[-0.810447,0.320226,-0.490541],[-0.394457,0.320779,0.861107]]],"btipPosition":[-64.2647,260.885,-14.5886],"carpPosition":[-61.9005,275.012,87.2899],"dipPosition":[-73.4947,268.391,5.56071],"direction":[0.0431523,-0.168624,-0.984735],"extended":false,"handId":839,"id":8390,"length":52.1069,"mcpPosition":[-61.9005,275.012,87.2899],"pipPosition":[-74.9658,274.139,39.1298],"stabilizedTipPosition":[-86.9532,221.061,199.221],"timeVisible":0.894923,"tipPosition":[-67.7976,262.708,-10.0369],"tipVelocity":[27.0258,14.1658,-173.877],"tool":false,"touchDistance":-0.534628,"touchZone":"hovering","type":0,"width":20.2463},{"bases":[[[0.959209,-0.174922,-0.222081],[0.237054,0.925704,0.29475],[0.154023,-0.335372,0.92941]],[[0.962561,-0.182746,-0.200202],[0.211959,0.967817,0.135657],[0.168968,-0.173013,0.970318]],[[0.962561,-0.182746,-0.200202],[0.191078,0.981307,0.0229453],[0.192267,-0.0603404,0.979486]],[[0.962561,-0.182746,-0.200202],[0.173529,0.982824,-0.0628104],[0.208242,0.0257178,0.977739]]],"btipPosition":[-75.3905,327.663,-64.9439],"carpPosition":[-48.5995,294.543,85.4721],"dipPosition":[-71.8332,328.102,-48.2417],"direction":[-0.192267,0.0603404,-0.979486],"extended":true,"handId":839,"id":8391,"length":58.7969,"mcpPosition":[-59.9289,319.212,17.1082],"pipPosition":[-67.1869,326.644,-24.5714],"stabilizedTipPosition":[-94.0082,264.748,168.777],"timeVisible":0.894923,"tipPosition":[-74.4365,326.642,-61.1788],"tipVelocity":[19.4694,14.2516,-185.958],"tool":false,"touchDistance":-0.573996,"touchZone":"hovering","type":1,"width":19.3393},{"bases":[[[0.916639,-0.373853,-0.141444],[0.399131,0.875217,0.273295],[0.0216222,-0.306967,0.951474]],[[0.914172,-0.402809,-0.0451122],[0.276997,0.702109,-0.655985],[0.29591,0.587187,0.753425]],[[0.914172,-0.402809,-0.0451122],[0.150157,0.439939,-0.885385],[0.376487,0.80262,0.462664]],[[0.914172,-0.402809,-0.0451122],[0.0715173,0.26985,-0.960243],[0.398968,0.874601,0.275497]]],"btipPosition":[-70.5737,248.049,-38.2878],"carpPosition":[-36.6049,294.186,82.7217],"dipPosition":[-63.0776,264.482,-33.1116],"direction":[-0.376487,-0.80262,-0.462664],"extended":false,"handId":839,"id":8392,"length":66.9943,"mcpPosition":[-38.1132,315.599,16.3513],"pipPosition":[-52.3736,287.301,-19.9575],"stabilizedTipPosition":[-59.5245,259.276,133.97],"timeVisible":0.894923,"tipPosition":[-68.8129,251.896,-37.4178],"tipVelocity":[12.9327,16.2063,-180.894],"tool":false,"touchDistance":-0.537382,"touchZone":"hovering","type":2,"width":18.9938},{"bases":[[[0.877116,-0.479858,-0.0200822],[0.464086,0.836039,0.292682],[-0.123657,-0.266036,0.955999]],[[0.864969,-0.498944,0.053698],[0.410323,0.641587,-0.648075],[0.288901,0.582598,0.759681]],[[0.864969,-0.498944,0.053698],[0.2738,0.37955,-0.883728],[0.42055,0.7791,0.464909]],[[0.864969,-0.498944,0.053698],[0.182386,0.212876,-0.959906],[0.467508,0.840083,0.275131]]],"btipPosition":[-50.6022,244.02,-31.3667],"carpPosition":[-25.0597,290.656,80.4585],"dipPosition":[-41.8689,259.714,-26.2271],"direction":[-0.42055,-0.7791,-0.464909],"extended":false,"handId":839,"id":8393,"length":64.4168,"mcpPosition":[-17.3152,307.318,20.5856],"pipPosition":[-30.2209,281.292,-13.3505],"stabilizedTipPosition":[-36.5443,260.622,144.15],"timeVisible":0.894923,"tipPosition":[-48.8211,247.52,-30.0759],"tipVelocity":[14.3562,7.3821,-172.632],"tool":false,"touchDistance":-0.542679,"touchZone":"touching","type":3,"width":18.0738},{"bases":[[[0.768091,-0.638921,0.0426175],[0.5821,0.724416,0.369299],[-0.266826,-0.258847,0.928333]],[[0.676818,-0.68338,0.273695],[0.672349,0.422446,-0.607854],[0.299774,0.595425,0.745389]],[[0.676818,-0.68338,0.273695],[0.514448,0.173142,-0.83986],[0.526556,0.709234,0.468749]],[[0.676818,-0.68338,0.273695],[0.401841,0.0314548,-0.915169],[0.616799,0.729385,0.295899]]],"btipPosition":[-31.6755,247.707,-15.9364],"carpPosition":[-15.6201,280.19,78.5009],"dipPosition":[-21.0458,260.277,-10.837],"direction":[-0.526556,-0.709234,-0.468749],"extended":false,"handId":839,"id":8394,"length":50.5016,"mcpPosition":[-0.151014,295.196,24.6811],"pipPosition":[-10.7489,274.146,-1.67048],"stabilizedTipPosition":[-19.9713,249.289,60.3746],"timeVisible":0.894923,"tipPosition":[-28.9707,250.781,-15.1649],"tipVelocity":[8.58408,6.02985,-170.615],"tool":false,"touchDistance":-0.535079,"touchZone":"touching","type":4,"width":16.0545}],"r":[[0.981531,-0.178035,0.0700007],[0.1913,0.915275,-0.354508],[-0.000955184,0.361352,0.932429]],"s":0.958784,"t":[4.6349,45.3894,-227.981],"timestamp":606968232409},false],[4,{"currentFrameRate":109.588,"devices":[],"gestures":[],"hands":[{"armBasis":[[0.84255,0.0813998,-0.532432],[0.249413,0.817184,0.519619],[0.477392,-0.570601,0.668216]],"armWidth":63.7085,"confidence":0.76255,"direction":[0.0488033,0.429919,-0.901548],"elbow":[97.2729,124.925,266.016],"grabStrength":0,"id":839,"palmNormal":[-0.25595,-0.867101,-0.427347],"palmPosition":[-37.4282,300.343,35.6256],"palmVelocity":[3.69228,13.4231,-167.38],"palmWidth":90.9735,"pinchStrength":0.86292,"r":[[0.981092,-0.179634,0.0720393],[0.193532,0.914089,-0.356352],[-0.00183753,0.363556,0.931571]],"s":0.958905,"sphereCenter":[-64.8287,270.813,-0.316411],"sphereRadius":50.8485,"stabilizedPalmPosition":[-40.7128,254.032,261.671],"t":[4.68007,45.4838,-229.305],"timeVisible":0.903845,"type":"right","wrist":[-31.5995,278.96,85.63]}],"id":4426778,"interactionBox":{"center":[0,200,0],"size":[235.247,235.247,147.751]},"pointables":[{"bases":[[[0.626949,0.758204,0.179059],[-0.681576,0.422489,0.597459],[0.377345,-0.496619,0.781653]],[[0.434769,0.890552,-0.133767],[-0.86285,0.454475,0.221228],[0.257809,0.019238,0.966004]],[[0.434769,0.890552,-0.133767],[-0.899325,0.421643,-0.115898],[-0.0468111,0.170689,0.984212]],[[0.434769,0.890552,-0.133767],[-0.806368,0.318852,-0.4981],[-0.400932,0.324424,0.856739]]],"btipPosition":[-63.9381,260.927,-15.78],"carpPosition":[-62.0486,275.297,86.0302],"dipPosition":[-73.3197,268.518,4.26714],"direction":[0.0468111,-0.170689,-0.984212],"extended":false,"handId":839,"id":8390,"length":52.1069,"mcpPosition":[-62.0486,275.297,86.0302],"pipPosition":[-74.9155,274.337,37.8184],"stabilizedTipPosition":[-86.9531,221.061,199.22],"timeVisible":0.903845,"tipPosition":[-67.4661,262.726,-11.2574],"tipVelocity":[28.5711,12.196,-163.599],"tool":false,"touchDistance":-0.527722,"touchZone":"hovering","type":0,"width":20.2463},{"bases":[[[0.959946,-0.175851,-0.21813],[0.236209,0.926643,0.292469],[0.150698,-0.332278,0.931065]],[[0.96314,-0.183401,-0.196789],[0.211665,0.968161,0.13365],[0.166012,-0.170377,0.971294]],[[0.96314,-0.183401,-0.196789],[0.191057,0.981365,0.0204866],[0.189364,-0.0573293,0.980232]],[[0.96314,-0.183401,-0.196789],[0.173704,0.98261,-0.0656052],[0.205399,0.0290039,0.978249]]],"btipPosition":[-75.038,327.469,-66.4129],"carpPosition":[-48.7373,294.819,84.1935],"dipPosition":[-71.5293,327.965,-49.702],"direction":[-0.189364,0.0573293,-0.980232],"extended":true,"handId":839,"id":8391,"length":58.7969,"mcpPosition":[-59.8221,319.261,15.7078],"pipPosition":[-66.9531,326.579,-26.0137],"stabilizedTipPosition":[-94.0081,264.748,168.776],"timeVisible":0.903845,"tipPosition":[-74.0838,326.486,-62.6437],"tipVelocity":[24.5886,4.84798,-180.09],"tool":false,"touchDistance":-0.566935,"touchZone":"hovering","type":1,"width":19.3393},{"bases":[[[0.917053,-0.374502,-0.136976],[0.398349,0.876053,0.271751],[0.018227,-0.303774,0.95257]],[[0.914236,-0.403155,-0.0404805],[0.280055,0.700945,-0.655931],[0.292816,0.588339,0.753734]],[[0.914236,-0.403155,-0.0404805],[0.15333,0.436714,-0.886437],[0.37505,0.804206,0.461075]],[[0.914236,-0.403155,-0.0404805],[0.0743749,0.265186,-0.961324],[0.398297,0.875867,0.272428]]],"btipPosition":[-70.2626,247.967,-39.5117],"carpPosition":[-36.7333,294.451,81.4864],"dipPosition":[-62.7791,264.423,-34.3931],"direction":[-0.37505,-0.804206,-0.461075],"extended":false,"handId":839,"id":8392,"length":66.9943,"mcpPosition":[-38.0047,315.641,15.0395],"pipPosition":[-52.116,287.288,-21.2842],"stabilizedTipPosition":[-59.5246,259.276,133.969],"timeVisible":0.903845,"tipPosition":[-68.5144,251.795,-38.6294],"tipVelocity":[18.8227,9.43445,-169.383],"tool":false,"touchDistance":-0.530534,"touchZone":"hovering","type":2,"width":18.9938},{"bases":[[[0.877083,-0.480091,-0.015398],[0.463229,0.836928,0.291498],[-0.127058,-0.2628,0.956448]],[[0.864139,-0.49954,0.0610126],[0.414871,0.6385,-0.648229],[0.28486,0.585472,0.758997]],[[0.864139,-0.49954,0.0610126],[0.277717,0.372248,-0.88561],[0.419686,0.782234,0.460405]],[[0.864139,-0.49954,0.0610126],[0.185289,0.203095,-0.961468],[0.467901,0.842147,0.268062]]],"btipPosition":[-50.3132,243.819,-32.2905],"carpPosition":[-25.1809,290.911,79.2754],"dipPosition":[-41.5725,259.55,-27.283],"direction":[-0.419686,-0.782234,-0.460405],"extended":false,"handId":839,"id":8393,"length":64.4168,"mcpPosition":[-17.2234,307.37,19.3744],"pipPosition":[-29.9485,281.216,-14.5311],"stabilizedTipPosition":[-36.5444,260.622,144.148],"timeVisible":0.903845,"tipPosition":[-48.5321,247.368,-31.0978],"tipVelocity":[19.3233,-0.519299,-154.729],"tool":false,"touchDistance":-0.531058,"touchZone":"touching","type":3,"width":18.0738},{"bases":[[[0.767807,-0.638922,0.0474531],[0.580951,0.72554,0.368901],[-0.270128,-0.255677,0.928257]],[[0.67648,-0.682438,0.276863],[0.672896,0.419965,-0.608967],[0.29931,0.598254,0.743307]],[[0.67648,-0.682438,0.276863],[0.511777,0.165278,-0.84307],[0.529584,0.712012,0.461064]],[[0.67648,-0.682438,0.276863],[0.396745,0.020978,-0.917689],[0.620458,0.730642,0.284945]]],"btipPosition":[-31.7065,247.594,-16.6342],"carpPosition":[-15.7367,280.436,77.3861],"dipPosition":[-21.0137,260.186,-11.7235],"direction":[-0.529584,-0.712012,-0.461064],"extended":false,"handId":839,"id":8394,"length":50.5016,"mcpPosition":[-0.0760754,295.259,23.5707],"pipPosition":[-10.6575,274.109,-2.70729],"stabilizedTipPosition":[-19.9717,249.289,60.3715],"timeVisible":0.903845,"tipPosition":[-28.9223,250.675,-15.9844],"tipVelocity":[5.74184,1.07673,-146.754],"tool":false,"touchDistance":-0.521022,"touchZone":"touching","type":4,"width":16.0545}],"r":[[0.981092,-0.179634,0.0720393],[0.193532,0.914089,-0.356352],[-0.00183753,0.363556,0.931571]],"s":0.958905,"t":[4.68007,45.4838,-229.305],"timestamp":606968241331},false],[5,{"currentFrameRate":109.588,"devices":[],"gestures":[],"hands":[{"armBasis":[[0.843135,0.077236,-0.532126],[0.249293,0.820693,0.514117],[0.47642,-0.566126,0.6727]],"armWidth":63.7085,"confidence":0.741189,"direction":[0.0497031,0.429721,-0.901593],"elbow":[97.0273,126.212,265.904],"grabStrength":0,"id":839,"palmNormal":[-0.255429,-0.867219,-0.427419],"palmPosition":[-37.3614,300.411,34.293],"palmVelocity":[4.7012,11.7381,-161.451],"palmWidth":90.9735,"pinchStrength":0.861278,"r":[[0.980725,-0.180888,0.0738847],[0.195376,0.913122,-0.357822],[-0.00274002,0.36536,0.930862]],"s":0.959353,"sphereCenter":[-64.8564,271.026,-1.63163],"sphereRadius":50.8166,"stabilizedPalmPosition":[-40.7128,254.032,261.671],"t":[4.73607,45.5645,-230.634],"timeVisible":0.91297,"type":"right","wrist":[-31.5828,279.038,84.3083]}],"id":4426779,"interactionBox":{"center":[0,200,0],"size":[235.247,235.247,147.751]},"pointables":[{"bases":[[[0.626695,0.758299,0.179542],[-0.682235,0.422563,0.596655],[0.376575,-0.49641,0.782156]],[[0.435627,0.890331,-0.13244],[-0.862874,0.454944,0.220171],[0.256277,0.0183666,0.966429]],[[0.435627,0.890331,-0.13244],[-0.898846,0.422425,-0.116758],[-0.0480069,0.169906,0.98429]],[[0.435627,0.890331,-0.13244],[-0.803405,0.318234,-0.503257],[-0.405918,0.325635,0.853927]]],"btipPosition":[-63.6876,261.045,-17.0907],"carpPosition":[-62.032,275.374,84.6776],"dipPosition":[-73.1859,268.665,2.89068],"direction":[0.0480069,-0.169906,-0.98429],"extended":false,"handId":839,"id":8390,"length":52.1069,"mcpPosition":[-62.032,275.374,84.6776],"pipPosition":[-74.8224,274.457,36.4446],"stabilizedTipPosition":[-86.953,221.061,199.219],"timeVisible":0.91297,"tipPosition":[-67.2101,262.821,-12.5889],"tipVelocity":[27.4438,12.6019,-158.513],"tool":false,"touchDistance":-0.52317,"touchZone":"hovering","type":0,"width":20.2463},{"bases":[[[0.960188,-0.175815,-0.217092],[0.235822,0.92673,0.292507],[0.149759,-0.332057,0.931295]],[[0.963256,-0.183094,-0.196503],[0.21146,0.968081,0.134552],[0.165596,-0.17116,0.971227]],[[0.963256,-0.183094,-0.196503],[0.19089,0.98138,0.0213263],[0.18894,-0.0580532,0.980271]],[[0.963256,-0.183094,-0.196503],[0.17356,0.982686,-0.0648427],[0.204974,0.0283551,0.978357]]],"btipPosition":[-74.9167,327.592,-67.773],"carpPosition":[-48.7205,294.897,82.8503],"dipPosition":[-71.4153,328.076,-51.0602],"direction":[-0.18894,0.0580532,-0.980271],"extended":true,"handId":839,"id":8391,"length":58.7969,"mcpPosition":[-59.7363,319.321,14.3478],"pipPosition":[-66.8493,326.673,-27.3709],"stabilizedTipPosition":[-94.008,264.748,168.776],"timeVisible":0.91297,"tipPosition":[-73.9528,326.624,-64.0058],"tipVelocity":[21.3991,7.16639,-171.452],"tool":false,"touchDistance":-0.558969,"touchZone":"hovering","type":1,"width":19.3393},{"bases":[[[0.917228,-0.374452,-0.135938],[0.397989,0.876149,0.271969],[0.0172629,-0.303559,0.952656]],[[0.914308,-0.4031,-0.0393746],[0.281199,0.701752,-0.654577],[0.291491,0.587413,0.754969]],[[0.914308,-0.4031,-0.0393746],[0.154199,0.436342,-0.88647],[0.374517,0.804435,0.461109]],[[0.914308,-0.4031,-0.0393746],[0.0748759,0.263769,-0.961675],[0.398038,0.87632,0.271348]]],"btipPosition":[-70.0918,248.059,-40.8885],"carpPosition":[-36.7136,294.528,80.1558],"dipPosition":[-62.6132,264.524,-35.7902],"direction":[-0.374517,-0.804435,-0.461109],"extended":false,"handId":839,"id":8392,"length":66.9943,"mcpPosition":[-37.9178,315.703,13.7029],"pipPosition":[-51.9652,287.395,-22.6803],"stabilizedTipPosition":[-59.5247,259.276,133.967],"timeVisible":0.91297,"tipPosition":[-68.3534,251.87,-39.9894],"tipVelocity":[18.7583,9.67714,-164.385],"tool":false,"touchDistance":-0.526536,"touchZone":"hovering","type":2,"width":18.9938},{"bases":[[[0.877141,-0.480017,-0.0143782],[0.462851,0.837034,0.291792],[-0.12803,-0.262598,0.956374]],[[0.862921,-0.500779,0.0677362],[0.417829,0.631658,-0.653014],[0.28423,0.591802,0.754311]],[[0.862921,-0.500779,0.0677362],[0.275703,0.35421,-0.893601],[0.423504,0.789782,0.443722]],[[0.862921,-0.500779,0.0677362],[0.179923,0.179208,-0.967219],[0.472224,0.846821,0.244743]]],"btipPosition":[-50.3884,243.305,-32.4966],"carpPosition":[-25.1586,290.989,77.9577],"dipPosition":[-41.567,259.124,-27.9246],"direction":[-0.423504,-0.789782,-0.443722],"extended":false,"handId":839,"id":8393,"length":64.4168,"mcpPosition":[-17.1403,307.435,18.0613],"pipPosition":[-29.8372,280.999,-15.6349],"stabilizedTipPosition":[-36.5446,260.622,144.146],"timeVisible":0.91297,"tipPosition":[-48.4967,247.098,-31.748],"tipVelocity":[12.2301,-15.4064,-121.068],"tool":false,"touchDistance":-0.510879,"touchZone":"touching","type":3,"width":18.0738},{"bases":[[[0.767813,-0.638843,0.0483948],[0.580503,0.725674,0.369343],[-0.271071,-0.255493,0.928032]],[[0.676605,-0.682247,0.277028],[0.672991,0.420286,-0.60864],[0.298812,0.598246,0.743514]],[[0.676605,-0.682247,0.277028],[0.509043,0.161537,-0.845447],[0.532054,0.713053,0.45659]],[[0.676605,-0.682247,0.277028],[0.391753,0.0149659,-0.919949],[0.623487,0.730968,0.277399]]],"btipPosition":[-31.7095,247.636,-17.7165],"carpPosition":[-15.7115,280.515,76.0805],"dipPosition":[-20.9646,260.233,-12.9359],"direction":[-0.532054,-0.713053,-0.45659],"extended":false,"handId":839,"id":8394,"length":50.5016,"mcpPosition":[0.00372488,295.327,22.2781],"pipPosition":[-10.5601,274.177,-4.00716],"stabilizedTipPosition":[-19.9719,249.289,60.3694],"timeVisible":0.91297,"tipPosition":[-28.8914,250.711,-17.1335],"tipVelocity":[4.41837,2.09667,-139.846],"tool":false,"touchDistance":-0.513936,"touchZone":"touching","type":4,"width":16.0545}],"r":[[0.980725,-0.180888,0.0738847],[0.195376,0.913122,-0.357822],[-0.00274002,0.36536,0.930862]],"s":0.959353,"t":[4.73607,45.5645,-230.634],"timestamp":606968250456},false],[6,{"currentFrameRate":109.691,"devices":[],"gestures":[],"hands":[{"armBasis":[[0.845638,0.0792956,-0.527834],[0.244526,0.821472,0.515161],[0.474451,-0.564708,0.675278]],"armWidth":63.7085,"confidence":0.743262,"direction":[0.0513302,0.430395,-0.90118],"elbow":[96.4276,126.782,264.902],"grabStrength":0,"id":839,"palmNormal":[-0.250774,-0.867902,-0.428786],"palmPosition":[-37.3302,300.604,32.5859],"palmVelocity":[4.37055,14.4557,-169.536],"palmWidth":90.9735,"pinchStrength":0.859962,"r":[[0.980505,-0.181186,0.0760363],[0.196445,0.912525,-0.358758],[-0.00438293,0.366701,0.930328]],"s":0.959752,"sphereCenter":[-64.5844,271.166,-3.44665],"sphereRadius":50.7879,"stabilizedPalmPosition":[-40.7128,254.032,261.67],"t":[4.77965,45.7018,-232.151],"timeVisible":0.921904,"type":"right","wrist":[-31.6509,279.226,82.6097]}],"id":4426780,"interactionBox":{"center":[0,200,0],"size":[235.247,235.247,147.751]},"pointables":[{"bases":[[[0.623306,0.760464,0.182164],[-0.685864,0.419761,0.594468],[0.375606,-0.495475,0.783214]],[[0.433769,0.891714,-0.129192],[-0.864952,0.452265,0.217518],[0.252393,0.0173923,0.967469]],[[0.433769,0.891714,-0.129192],[-0.899543,0.420362,-0.118821],[-0.0516468,0.167754,0.984475]],[[0.433769,0.891714,-0.129192],[-0.800701,0.315736,-0.509106],[-0.413186,0.324278,0.850953]]],"btipPosition":[-63.2554,261.276,-18.8874],"carpPosition":[-62.0877,275.45,82.8695],"dipPosition":[-72.9237,268.864,1.02437],"direction":[0.0516468,-0.167754,-0.984475],"extended":false,"handId":839,"id":8390,"length":52.1069,"mcpPosition":[-62.0877,275.45,82.8695],"pipPosition":[-74.6843,274.582,34.5846],"stabilizedTipPosition":[-86.9529,221.061,199.219],"timeVisible":0.921904,"tipPosition":[-66.7717,262.998,-14.4057],"tipVelocity":[31.9624,15.984,-170.625],"tool":false,"touchDistance":-0.526377,"touchZone":"hovering","type":0,"width":20.2463},{"bases":[[[0.961579,-0.172217,-0.213792],[0.231429,0.927416,0.293837],[0.147671,-0.332026,0.93164]],[[0.964526,-0.179302,-0.193753],[0.207468,0.968691,0.136361],[0.163237,-0.171722,0.971527]],[[0.964526,-0.179302,-0.193753],[0.187161,0.982063,0.022892],[0.186173,-0.0583428,0.980783]],[[0.964526,-0.179302,-0.193753],[0.170054,0.983387,-0.0634919],[0.201918,0.0282911,0.978994]]],"btipPosition":[-74.663,327.748,-69.585],"carpPosition":[-48.8408,295.022,81.0998],"dipPosition":[-71.2137,328.231,-52.8614],"direction":[-0.186173,0.0583428,-0.980783],"extended":true,"handId":839,"id":8391,"length":58.7969,"mcpPosition":[-59.7029,319.445,12.5719],"pipPosition":[-66.7146,326.821,-29.1597],"stabilizedTipPosition":[-94.008,264.749,168.775],"timeVisible":0.921904,"tipPosition":[-73.698,326.803,-65.8171],"tipVelocity":[22.9441,9.96517,-179.936],"tool":false,"touchDistance":-0.558548,"touchZone":"hovering","type":1,"width":19.3393},{"bases":[[[0.919053,-0.371053,-0.132898],[0.39385,0.877434,0.273846],[0.0149975,-0.30402,0.952548]],[[0.915886,-0.399801,-0.0362339],[0.281359,0.703682,-0.652433],[0.28634,0.587359,0.75698]],[[0.915886,-0.399801,-0.0362339],[0.155728,0.437036,-0.88586],[0.370003,0.805704,0.462536]],[[0.915886,-0.399801,-0.0362339],[0.0769528,0.263438,-0.961602],[0.393994,0.877929,0.272045]]],"btipPosition":[-69.5907,248.198,-42.7397],"carpPosition":[-36.8231,294.699,78.4475],"dipPosition":[-62.1881,264.693,-37.6284],"direction":[-0.370003,-0.805704,-0.462536],"extended":false,"handId":839,"id":8392,"length":66.9943,"mcpPosition":[-37.8693,315.906,12.0022],"pipPosition":[-51.6685,287.6,-24.4779],"stabilizedTipPosition":[-59.5247,259.276,133.966],"timeVisible":0.921904,"tipPosition":[-67.875,252.007,-41.8282],"tipVelocity":[28.4101,11.505,-175.98],"tool":false,"touchDistance":-0.529939,"touchZone":"hovering","type":2,"width":18.9938},{"bases":[[[0.87892,-0.47683,-0.0115368],[0.458783,0.838543,0.293877],[-0.130455,-0.263587,0.955774]],[[0.863758,-0.498464,0.0738615],[0.420408,0.632038,-0.650987],[0.27781,0.593348,0.755487]],[[0.863758,-0.498464,0.0738615],[0.278474,0.350023,-0.894392],[0.419969,0.793107,0.441144]],[[0.863758,-0.498464,0.0738615],[0.182131,0.172155,-0.968086],[0.46984,0.849645,0.239486]]],"btipPosition":[-49.8964,243.367,-34.0113],"carpPosition":[-25.2477,291.203,76.2883],"dipPosition":[-41.1195,259.239,-29.5376],"direction":[-0.419969,-0.793107,-0.441144],"extended":false,"handId":839,"id":8393,"length":64.4168,"mcpPosition":[-17.0775,307.711,16.4295],"pipPosition":[-29.4877,281.205,-17.3192],"stabilizedTipPosition":[-36.5447,260.622,144.144],"timeVisible":0.921904,"tipPosition":[-48.0142,247.205,-33.343],"tipVelocity":[23.607,-8.93651,-134.986],"tool":false,"touchDistance":-0.511184,"touchZone":"touching","type":3,"width":18.0738},{"bases":[[[0.769947,-0.636086,0.0507639],[0.576562,0.727567,0.371783],[-0.27342,-0.256984,0.926931]],[[0.678764,-0.67981,0.277737],[0.672229,0.422943,-0.607641],[0.295613,0.599148,0.744066]],[[0.678764,-0.67981,0.277737],[0.505979,0.158832,-0.847796],[0.532226,0.715982,0.451779]],[[0.678764,-0.67981,0.277737],[0.38666,0.009309,-0.922176],[0.624319,0.733329,0.269174]]],"btipPosition":[-31.5226,247.842,-19.078],"carpPosition":[-15.7562,280.764,74.4389],"dipPosition":[-20.7633,260.48,-14.4391],"direction":[-0.532226,-0.715982,-0.451779],"extended":false,"handId":839,"id":8394,"length":50.5016,"mcpPosition":[0.0952742,295.663,20.7004],"pipPosition":[-10.3555,274.481,-5.60445],"stabilizedTipPosition":[-19.9721,249.289,60.3679],"timeVisible":0.921904,"tipPosition":[-28.652,250.929,-18.591],"tipVelocity":[9.02281,8.10041,-144.265],"tool":false,"touchDistance":-0.511787,"touchZone":"touch