{"sensorType":"Leap","data":[[0,{"currentFrameRate":108.953,"devices":[],"gestures":[],"hands":[{"armBasis":[[0.804525,-0.12585,-0.580431],[0.393833,0.84457,0.362764],[0.444561,-0.520446,0.729042]],"armWidth":63.7085,"confidence":0.831192,"direction":[-0.0263506,0.556267,-0.830585],"elbow":[105.121,117.705,275.929],"grabStrength":0,"id":846,"palmNormal":[-0.40307,-0.766251,-0.500393],"palmPosition":[-25.0241,287.375,33.9809],"palmVelocity":[-22.2781,9.69226,-153.708],"palmWidth":90.9735,"pinchStrength":1,"r":[[0.97183,-0.153289,0.17902],[0.17836,0.974866,-0.133504],[-0.154056,0.161673,0.974745]],"s":0.764376,"sphereCenter":[-45.1161,261.789,-4.34256],"sphereRadius":45.272,"stabilizedPalmPosition":[-59.3329,255.321,202.048],"t":[44.5804,37.4574,-187.792],"timeVisible":0.704828,"type":"right","wrist":[-14.8885,258.2,79.123]}],"id":4429119,"interactionBox":{"center":[0,200,0],"size":[235.247,235.247,147.751]},"pointables":[{"bases":[[[0.723484,0.664491,0.187143],[-0.545675,0.384408,0.744627],[0.422859,-0.640845,0.640709]],[[0.559362,0.82873,-0.0179157],[-0.74525,0.512244,0.42686],[0.362929,-0.225417,0.90414]],[[0.559362,0.82873,-0.0179157],[-0.828439,0.559643,0.0220853],[0.0283291,0.0024884,0.999596]],[[0.559362,0.82873,-0.0179157],[-0.759792,0.503951,-0.410792],[-0.331407,0.243393,0.911553]]],"btipPosition":[-56.5491,262.66,-17.002],"carpPosition":[-45.2249,257.189,83.5278],"dipPosition":[-64.3038,268.355,4.3278],"direction":[-0.0283291,-0.0024884,-0.999596],"extended":false,"handId":846,"id":8460,"length":52.1069,"mcpPosition":[-45.2249,257.189,83.5278],"pipPosition":[-63.3381,268.44,38.4034],"stabilizedTipPosition":[-90.4159,242.12,141.824],"timeVisible":0.704828,"tipPosition":[-58.3545,263.781,-11.7226],"tipVelocity":[-16.28,5.2558,-161.988],"tool":false,"touchDistance":-0.527434,"touchZone":"hovering","type":0,"width":20.2463},{"bases":[[[0.897379,-0.223635,-0.380393],[0.371973,0.847129,0.379484],[0.237376,-0.482037,0.843382]],[[0.915949,-0.268654,-0.2981],[0.333642,0.922585,0.193703],[0.222983,-0.27688,0.934674]],[[0.915949,-0.268654,-0.2981],[0.301906,0.950701,0.0708508],[0.26437,-0.154894,0.951902]],[[0.915949,-0.268654,-0.2981],[0.27479,0.961253,-0.021975],[0.292453,-0.0617868,0.954282]]],"btipPosition":[-68.6734,327.676,-59.0363],"carpPosition":[-30.2501,275.527,82.4535],"dipPosition":[-63.6775,326.621,-42.7348],"direction":[-0.26437,0.154894,-0.951902],"extended":true,"handId":846,"id":8461,"length":58.7969,"mcpPosition":[-47.7106,310.984,20.4174],"pipPosition":[-57.2888,322.878,-19.7311],"stabilizedTipPosition":[-96.6356,303.128,97.4528],"timeVisible":0.704828,"tipPosition":[-66.9808,326.962,-55.4264],"tipVelocity":[-39.2678,-1.52136,-156.24],"tool":false,"touchDistance":-0.533996,"touchZone":"hovering","type":1,"width":19.3393},{"bases":[[[0.84455,-0.42782,-0.322034],[0.523452,0.786337,0.328135],[0.112844,-0.445696,0.888044]],[[0.84627,-0.434999,-0.307575],[0.212777,0.80526,-0.553428],[0.488418,0.402905,0.774025]],[[0.84627,-0.434999,-0.307575],[-0.336706,0.0106942,-0.941549],[0.412862,0.900367,-0.137417]],[[0.84627,-0.434999,-0.307575],[-0.510887,-0.49892,-0.700052],[0.151067,0.749569,-0.644457]]],"btipPosition":[-64.8137,246.521,-5.26206],"carpPosition":[-18.828,274.529,77.9699],"dipPosition":[-61.9753,260.604,-17.3705],"direction":[-0.412862,-0.900367,0.137417],"extended":false,"handId":846,"id":8462,"length":66.9943,"mcpPosition":[-26.6995,305.619,16.0241],"pipPosition":[-50.2372,286.202,-21.2774],"stabilizedTipPosition":[-98.3496,203.048,183.633],"timeVisible":0.704828,"tipPosition":[-64.2962,249.216,-7.65874],"tipVelocity":[-4.93386,-6.22086,-150.074],"tool":false,"touchDistance":0.333333,"touchZone":"none","type":2,"width":18.9938},{"bases":[[[0.810071,-0.546797,-0.211655],[0.585784,0.739153,0.33243],[-0.0253266,-0.393276,0.919071]],[[0.810124,-0.545943,-0.213648],[0.351512,0.74399,-0.568259],[0.469188,0.385261,0.79463]],[[0.810124,-0.545943,-0.213648],[-0.247473,0.0119104,-0.968822],[0.531466,0.837738,-0.125457]],[[0.810124,-0.545943,-0.213648],[-0.501815,-0.457328,-0.734189],[0.303118,0.701996,-0.644454]]],"btipPosition":[-47.8823,241.478,-3.94311],"carpPosition":[-8.12674,270.374,73.6008],"dipPosition":[-42.2199,254.591,-15.9819],"direction":[-0.531466,-0.837738,0.125457],"extended":false,"handId":846,"id":8463,"length":64.4168,"mcpPosition":[-6.54057,295.004,16.0406],"pipPosition":[-27.4999,277.794,-19.4567],"stabilizedTipPosition":[-81.6964,200.373,190.933],"timeVisible":0.704828,"tipPosition":[-46.8662,244.05,-6.67827],"tipVelocity":[-1.25515,2.13125,-147.034],"tool":false,"touchDistance":0.333333,"touchZone":"none","type":3,"width":18.0738},{"bases":[[[0.693697,-0.703202,-0.155858],[0.700094,0.60744,0.375347],[-0.16927,-0.369492,0.913687]],[[0.640497,-0.766585,0.0459456],[0.63283,0.492955,-0.597095],[0.435075,0.411513,0.800854]],[[0.640497,-0.766585,0.0459456],[-0.0777304,-0.124234,-0.989204],[0.764017,0.630011,-0.139158]],[[0.640497,-0.766585,0.0459456],[-0.478135,-0.444879,-0.757277],[0.600958,0.463066,-0.651475]]],"btipPosition":[-31.0731,246.098,1.5658],"carpPosition":[-0.208169,259.526,68.9003],"dipPosition":[-20.7164,254.079,-9.66152],"direction":[-0.764017,-0.630011,0.139158],"extended":false,"handId":846,"id":8464,"length":50.5016,"mcpPosition":[9.60522,280.947,15.9296],"pipPosition":[-5.77589,266.399,-12.3828],"stabilizedTipPosition":[-67.5347,210.417,189.354],"timeVisible":0.704828,"tipPosition":[-29.0053,247.569,-0.878296],"tipVelocity":[-2.84519,8.21538,-144.301],"tool":false,"touchDistance":0.333333,"touchZone":"none","type":4,"width":16.0545}],"r":[[0.97183,-0.153289,0.17902],[0.17836,0.974866,-0.133504],[-0.154056,0.161673,0.974745]],"s":0.764376,"t":[44.5804,37.4574,-187.792],"timestamp":606990177717},false],[1,{"currentFrameRate":109.008,"devices":[],"gestures":[],"hands":[{"armBasis":[[0.80599,-0.124384,-0.578714],[0.39125,0.8456,0.363158],[0.444189,-0.519124,0.73021]],"armWidth":63.7085,"confidence":0.790657,"direction":[-0.0264566,0.55706,-0.830051],"elbow":[104.895,118.149,275.512],"grabStrength":0,"id":846,"palmNormal":[-0.400576,-0.766668,-0.501755],"palmPosition":[-25.1533,287.484,33.264],"palmVelocity":[-20.0562,10.3508,-133.055],"palmWidth":90.9735,"pinchStrength":1,"r":[[0.972075,-0.150668,0.179913],[0.175953,0.975241,-0.133965],[-0.155275,0.16188,0.974518]],"s":0.765308,"sphereCenter":[-45.356,262.057,-5.03749],"sphereRadius":45.2478,"stabilizedPalmPosition":[-59.3329,255.321,202.048],"t":[44.4215,37.5692,-188.785],"timeVisible":0.713902,"type":"right","wrist":[-15.0145,258.287,78.3906]}],"id":4429120,"interactionBox":{"center":[0,200,0],"size":[235.247,235.247,147.751]},"pointables":[{"bases":[[[0.721672,0.665974,0.188858],[-0.547627,0.382374,0.744241],[0.423431,-0.640522,0.640654]],[[0.558144,0.829599,-0.0155354],[-0.746748,0.510389,0.426462],[0.361722,-0.226426,0.904372]],[[0.558144,0.829599,-0.0155354],[-0.829389,0.558355,0.0187982],[0.0242692,0.00239278,0.999703]],[[0.558144,0.829599,-0.0155354],[-0.763334,0.506042,-0.401551],[-0.325265,0.235982,0.915705]]],"btipPosition":[-56.624,262.898,-17.8912],"carpPosition":[-45.3547,257.201,82.7509],"dipPosition":[-64.235,268.42,3.53572],"direction":[-0.0242692,-0.00239278,-0.999703],"extended":false,"handId":846,"id":8460,"length":52.1069,"mcpPosition":[-45.3547,257.201,82.7509],"pipPosition":[-63.4077,268.502,37.615],"stabilizedTipPosition":[-90.4159,242.12,141.824],"timeVisible":0.713902,"tipPosition":[-58.3841,263.948,-12.5747],"tipVelocity":[-13.0527,9.86425,-143.614],"tool":false,"touchDistance":-0.516027,"touchZone":"hovering","type":0,"width":20.2463},{"bases":[[[0.898437,-0.221161,-0.37934],[0.369464,0.847598,0.380885],[0.237291,-0.482353,0.843225]],[[0.916743,-0.265458,-0.29852],[0.331236,0.922843,0.196577],[0.223305,-0.279091,0.93394]],[[0.916743,-0.265458,-0.29852],[0.299733,0.951093,0.0747099],[0.264088,-0.157966,0.951475]],[[0.916743,-0.265458,-0.29852],[0.272851,0.961898,-0.0174513],[0.291779,-0.0654531,0.954244]]],"btipPosition":[-68.8334,327.979,-59.7189],"carpPosition":[-30.421,275.575,81.7168],"dipPosition":[-63.8491,326.861,-43.418],"direction":[-0.264088,0.157966,-0.951475],"extended":true,"handId":846,"id":8461,"length":58.7969,"mcpPosition":[-47.8752,311.055,19.6923],"pipPosition":[-57.4672,323.043,-20.4247],"stabilizedTipPosition":[-96.6352,303.128,97.4508],"timeVisible":0.713902,"tipPosition":[-67.1538,327.214,-56.1179],"tipVelocity":[-33.3691,7.68333,-133.845],"tool":false,"touchDistance":-0.519171,"touchZone":"hovering","type":1,"width":19.3393},{"bases":[[[0.845999,-0.425528,-0.321266],[0.521157,0.78721,0.32969],[0.112612,-0.446347,0.887746]],[[0.847715,-0.432714,-0.306819],[0.211812,0.806424,-0.552101],[0.486329,0.403036,0.775272]],[[0.847715,-0.432714,-0.306819],[-0.33546,0.0107407,-0.941993],[0.410909,0.901467,-0.136053]],[[0.847715,-0.432714,-0.306819],[-0.5088,-0.499723,-0.700999],[0.150007,0.750357,-0.643788]]],"btipPosition":[-64.7835,246.592,-6.07408],"carpPosition":[-18.9902,274.608,77.2486],"dipPosition":[-61.9651,260.69,-18.1699],"direction":[-0.410909,-0.901467,0.136053],"extended":false,"handId":846,"id":8462,"length":66.9943,"mcpPosition":[-26.8454,305.743,15.3235],"pipPosition":[-50.2824,286.32,-22.0381],"stabilizedTipPosition":[-98.3496,203.048,183.633],"timeVisible":0.713902,"tipPosition":[-64.2704,249.295,-8.47639],"tipVelocity":[-2.78897,-2.21169,-133.234],"tool":false,"touchDistance":0.333333,"touchZone":"none","type":2,"width":18.9938},{"bases":[[[0.811639,-0.544698,-0.211058],[0.583592,0.740167,0.334026],[-0.0257249,-0.39428,0.91863]],[[0.811688,-0.54393,-0.212845],[0.35089,0.745409,-0.566782],[0.466946,0.385365,0.795899]],[[0.811688,-0.54393,-0.212845],[-0.24653,0.0113182,-0.969069],[0.529514,0.839055,-0.124908]],[[0.811688,-0.54393,-0.212845],[-0.5002,-0.45915,-0.734153],[0.3016,0.702369,-0.644761]]],"btipPosition":[-47.8212,241.6,-4.69196],"carpPosition":[-8.2731,270.482,72.8905],"dipPosition":[-42.1871,254.721,-16.7365],"direction":[-0.529514,-0.839055,0.124908],"extended":false,"handId":846,"id":8463,"length":64.4168,"mcpPosition":[-6.66198,295.175,15.3579],"pipPosition":[-27.5212,277.96,-20.1961],"stabilizedTipPosition":[-81.6964,200.373,190.933],"timeVisible":0.713902,"tipPosition":[-46.8108,244.18,-7.44662],"tipVelocity":[0.756509,5.33299,-129.239],"tool":false,"touchDistance":0.333333,"touchZone":"none","type":3,"width":18.0738},{"bases":[[[0.695549,-0.70143,-0.155588],[0.698146,0.608675,0.37697],[-0.169715,-0.370824,0.913064]],[[0.642078,-0.76523,0.0464555],[0.631079,0.493166,-0.598772],[0.435288,0.413775,0.799571]],[[0.642078,-0.76523,0.0464555],[-0.0819317,-0.128743,-0.988288],[0.762249,0.630752,-0.14536]],[[0.642078,-0.76523,0.0464555],[-0.481368,-0.449578,-0.752439],[0.596675,0.460762,-0.657022]]],"btipPosition":[-31.061,246.252,1.15395],"carpPosition":[-0.322671,259.657,68.1902],"dipPosition":[-20.7781,254.193,-10.1689],"direction":[-0.762249,-0.630752,0.14536],"extended":false,"handId":846,"id":8464,"length":50.5016,"mcpPosition":[9.51653,281.155,15.2556],"pipPosition":[-5.87212,266.527,-13.0115],"stabilizedTipPosition":[-67.5347,210.417,189.354],"timeVisible":0.713902,"tipPosition":[-28.974,247.744,-1.44558],"tipVelocity":[-2.20541,10.3502,-117.622],"tool":false,"touchDistance":0.333333,"touchZone":"none","type":4,"width":16.0545}],"r":[[0.972075,-0.150668,0.179913],[0.175953,0.975241,-0.133965],[-0.155275,0.16188,0.974518]],"s":0.765308,"t":[44.4215,37.5692,-188.785],"timestamp":606990186791},false],[2,{"currentFrameRate":109.097,"devices":[],"gestures":[],"hands":[{"armBasis":[[0.81007,-0.11936,-0.574056],[0.383626,0.848312,0.364963],[0.443416,-0.515869,0.732981]],"armWidth":63.7085,"confidence":0.797475,"direction":[-0.0285766,0.555543,-0.830997],"elbow":[104.599,119.241,275.122],"grabStrength":0,"id":846,"palmNormal":[-0.392989,-0.770637,-0.501676],"palmPosition":[-25.3468,287.545,32.0519],"palmVelocity":[-20.4479,9.37326,-133.471],"palmWidth":90.9735,"pinchStrength":1,"r":[[0.972401,-0.146952,0.181222],[0.172535,0.975771,-0.134543],[-0.15706,0.162097,0.974195]],"s":0.766585,"sphereCenter":[-45.4967,262.12,-6.17024],"sphereRadius":45.213,"stabilizedPalmPosition":[-59.3328,255.321,202.048],"t":[44.2453,37.6558,-189.887],"timeVisible":0.722909,"type":"right","wrist":[-15.1017,258.5,77.2527]}],"id":4429121,"interactionBox":{"center":[0,200,0],"size":[235.247,235.247,147.751]},"pointables":[{"bases":[[[0.715767,0.67204,0.189844],[-0.552783,0.379117,0.742093],[0.426743,-0.636108,0.642851]],[[0.552399,0.833457,-0.0143115],[-0.751619,0.505436,0.423796],[0.360449,-0.223348,0.905645]],[[0.552399,0.833457,-0.0143115],[-0.833365,0.552565,0.0132156],[0.0189227,0.00462644,0.99981]],[[0.552399,0.833457,-0.0143115],[-0.769864,0.503518,-0.392147],[-0.319632,0.22764,0.919791]]],"btipPosition":[-56.5999,262.84,-19.2756],"carpPosition":[-45.4445,257.178,81.5293],"dipPosition":[-64.079,268.167,2.24689],"direction":[-0.0189227,-0.00462644,-0.99981],"extended":false,"handId":846,"id":8460,"length":52.1069,"mcpPosition":[-45.4445,257.178,81.5293],"pipPosition":[-63.434,268.325,36.3298],"stabilizedTipPosition":[-90.4159,242.12,141.824],"timeVisible":0.722909,"tipPosition":[-58.3035,263.798,-13.9186],"tipVelocity":[-7.80484,4.01703,-145.717],"tool":false,"touchDistance":-0.513195,"touchZone":"hovering","type":0,"width":20.2463},{"bases":[[[0.901253,-0.214527,-0.376458],[0.36157,0.851127,0.380592],[0.238767,-0.479126,0.844647]],[[0.919409,-0.257732,-0.297087],[0.323447,0.925229,0.198324],[0.223759,-0.278433,0.934027]],[[0.919409,-0.257732,-0.297087],[0.292436,0.953083,0.078188],[0.262997,-0.158766,0.951644]],[[0.919409,-0.257732,-0.297087],[0.266072,0.963869,-0.0127589],[0.289641,-0.0673159,0.954765]]],"btipPosition":[-69.1335,327.859,-61.0487],"carpPosition":[-30.6558,275.669,80.5084],"dipPosition":[-64.1857,326.709,-44.739],"direction":[-0.262997,0.158766,-0.951644],"extended":true,"handId":846,"id":8461,"length":58.7969,"mcpPosition":[-48.2186,310.912,18.3793],"pipPosition":[-57.8301,322.872,-21.7415],"stabilizedTipPosition":[-96.6349,303.128,97.4488],"timeVisible":0.722909,"tipPosition":[-67.4842,327.023,-57.4532],"tipVelocity":[-33.6098,1.68205,-137.574],"tool":false,"touchDistance":-0.515504,"touchZone":"hovering","type":1,"width":19.3393},{"bases":[[[0.850293,-0.419218,-0.318211],[0.513887,0.79188,0.329919],[0.113677,-0.444052,0.88876]],[[0.852021,-0.426351,-0.303784],[0.206904,0.807288,-0.552699],[0.480885,0.408057,0.77604]],[[0.852021,-0.426351,-0.303784],[-0.333098,0.00615265,-0.942872],[0.403863,0.904537,-0.136774]],[[0.852021,-0.426351,-0.303784],[-0.502923,-0.505493,-0.701103],[0.145355,0.750135,-0.645113]]],"btipPosition":[-64.5226,246.286,-7.31114],"carpPosition":[-19.205,274.787,76.0739],"dipPosition":[-61.7916,260.38,-19.4319],"direction":[-0.403863,-0.904537,0.136774],"extended":false,"handId":846,"id":8462,"length":66.9943,"mcpPosition":[-27.1346,305.762,14.0781],"pipPosition":[-50.3093,286.098,-23.3206],"stabilizedTipPosition":[-98.3496,203.048,183.633],"timeVisible":0.722909,"tipPosition":[-64.0278,248.997,-9.73492],"tipVelocity":[5.3226,-10.9645,-134.538],"tool":false,"touchDistance":0.333333,"touchZone":"none","type":2,"width":18.9938},{"bases":[[[0.816579,-0.53849,-0.207913],[0.576685,0.745346,0.334505],[-0.0251601,-0.39305,0.919173]],[[0.816624,-0.537765,-0.209605],[0.346824,0.747491,-0.566542],[0.461344,0.389956,0.796929]],[[0.816624,-0.537765,-0.209605],[-0.244143,0.00722142,-0.969712],[0.522991,0.843064,-0.125394]],[[0.816624,-0.537765,-0.209605],[-0.494822,-0.465366,-0.733885],[0.297115,0.703024,-0.646126]]],"btipPosition":[-47.5117,241.454,-5.87094],"carpPosition":[-8.44292,270.741,71.7525],"dipPosition":[-41.9614,254.587,-17.941],"direction":[-0.522991,-0.843064,0.125394],"extended":false,"handId":846,"id":8463,"length":64.4168,"mcpPosition":[-6.86718,295.357,14.186],"pipPosition":[-27.4761,277.937,-21.414],"stabilizedTipPosition":[-81.6964,200.373,190.933],"timeVisible":0.722909,"tipPosition":[-46.5178,244.036,-8.6398],"tipVelocity":[9.40232,-0.522188,-129.873],"tool":false,"touchDistance":0.333333,"touchZone":"none","type":3,"width":18.0738},{"bases":[[[0.701593,-0.696063,-0.152525],[0.692169,0.614845,0.377979],[-0.169318,-0.37076,0.913164]],[[0.648032,-0.759999,0.0495619],[0.625288,0.493757,-0.604333],[0.43482,0.422617,0.795189]],[[0.648032,-0.759999,0.0495619],[-0.0873245,-0.13879,-0.986464],[0.75659,0.634932,-0.156307]],[[0.648032,-0.759999,0.0495619],[-0.482711,-0.460188,-0.745129],[0.589105,0.458943,-0.665077]]],"btipPosition":[-30.8963,246.201,0.557467],"carpPosition":[-0.392601,259.972,67.0917],"dipPosition":[-20.7439,254.11,-10.9042],"direction":[-0.75659,-0.634932,0.156307],"extended":false,"handId":846,"id":8464,"length":50.5016,"mcpPosition":[9.42355,281.467,14.1513],"pipPosition":[-5.94857,266.526,-13.9609],"stabilizedTipPosition":[-67.5347,210.417,189.354],"timeVisible":0.722909,"tipPosition":[-28.7695,247.739,-2.26352],"tipVelocity":[2.50834,5.72706,-104.474],"tool":false,"touchDistance":0.333333,"touchZone":"none","type":4,"width":16.0545}],"r":[[0.972401,-0.146952,0.181222],[0.172535,0.975771,-0.134543],[-0.15706,0.162097,0.974195]],"s":0.766585,"t":[44.2453,37.6558,-189.887],"timestamp":606990195798},false],[3,{"currentFrameRate":109.084,"devices":[],"gestures":[],"hands":[{"armBasis":[[0.813006,-0.115725,-0.570639],[0.379264,0.848875,0.368197],[0.441792,-0.515769,0.734031]],"armWidth":63.7085,"confidence":0.802641,"direction":[-0.0292849,0.554578,-0.831616],"elbow":[104.176,119.385,274.568],"grabStrength":0,"id":846,"palmNormal":[-0.388359,-0.772924,-0.501763],"palmPosition":[-25.3641,287.571,31.1633],"palmVelocity":[-15.2607,7.52768,-123.194],"palmWidth":90.9735,"pinchStrength":1,"r":[[0.972702,-0.143052,0.182723],[0.168968,0.976314,-0.135129],[-0.159065,0.162315,0.973834]],"s":0.768218,"sphereCenter":[-45.5389,262.184,-7.01756],"sphereRadius":45.2221,"stabilizedPalmPosition":[-59.3328,255.321,202.048],"t":[44.1485,37.7118,-190.883],"timeVisible":0.732099,"type":"right","wrist":[-15.086,258.618,76.4157]}],"id":4429122,"interactionBox":{"center":[0,200,0],"size":[235.247,235.247,147.751]},"pointables":[{"bases":[[[0.712269,0.675493,0.19074],[-0.556141,0.377325,0.740495],[0.428228,-0.63351,0.644427]],[[0.549346,0.835492,-0.0131503],[-0.754313,0.502618,0.422358],[0.359486,-0.222101,0.906334]],[[0.549346,0.835492,-0.0131503],[-0.83547,0.549468,0.00868311],[0.0144804,0.00621667,0.999876]],[[0.549346,0.835492,-0.0131503],[-0.777208,0.505118,-0.375237],[-0.306865,0.216356,0.926835]]],"btipPosition":[-56.6864,262.971,-20.3795],"carpPosition":[-45.4317,257.161,80.6268],"dipPosition":[-63.8668,268.034,1.30784],"direction":[-0.0144804,-0.00621667,-0.999876],"extended":false,"handId":846,"id":8460,"length":52.1069,"mcpPosition":[-45.4317,257.161,80.6268],"pipPosition":[-63.3732,268.246,35.393],"stabilizedTipPosition":[-90.4159,242.12,141.823],"timeVisible":0.732099,"tipPosition":[-58.2491,263.808,-14.9566],"tipVelocity":[-6.16488,5.02576,-137.409],"tool":false,"touchDistance":-0.506198,"touchZone":"touching","type":0,"width":20.2463},{"bases":[[[0.90305,-0.21078,-0.374261],[0.35684,0.853149,0.380529],[0.239093,-0.477188,0.845651]],[[0.920959,-0.25303,-0.296329],[0.319071,0.926226,0.200748],[0.223672,-0.279431,0.93375]],[[0.920959,-0.25303,-0.296329],[0.28856,0.95392,0.0822752],[0.261856,-0.161281,0.951536]],[[0.920959,-0.25303,-0.296329],[0.262674,0.964856,-0.00751326],[0.287816,-0.0709184,0.955056]]],"btipPosition":[-69.1647,327.931,-62.0016],"carpPosition":[-30.7255,275.719,79.6198],"dipPosition":[-64.2481,326.719,-45.6868],"direction":[-0.261856,0.161281,-0.951536],"extended":true,"handId":846,"id":8461,"length":58.7969,"mcpPosition":[-48.3123,310.819,17.4169],"pipPosition":[-57.9201,322.822,-22.692],"stabilizedTipPosition":[-96.6345,303.128,97.447],"timeVisible":0.732099,"tipPosition":[-67.5508,327.015,-58.4128],"tipVelocity":[-25.3841,2.97728,-128.067],"tool":false,"touchDistance":-0.506562,"touchZone":"hovering","type":1,"width":19.3393},{"bases":[[[0.852898,-0.415644,-0.31592],[0.509536,0.794548,0.330251],[0.113747,-0.442643,0.889454]],[[0.854623,-0.422737,-0.301517],[0.204438,0.807718,-0.552988],[0.47731,0.410955,0.776718]],[[0.854623,-0.422737,-0.301517],[-0.331266,0.00327158,-0.943532],[0.399852,0.906246,-0.137243]],[[0.854623,-0.422737,-0.301517],[-0.499193,-0.509077,-0.701175],[0.142918,0.749756,-0.646096]]],"btipPosition":[-64.2515,246.104,-8.22288],"carpPosition":[-19.2611,274.885,75.2114],"dipPosition":[-61.5662,260.191,-20.3621],"direction":[-0.399852,-0.906246,0.137243],"extended":false,"handId":846,"id":8462,"length":66.9943,"mcpPosition":[-27.1956,305.762,13.1672],"pipPosition":[-50.1979,285.957,-24.2641],"stabilizedTipPosition":[-98.3496,203.048,183.632],"timeVisible":0.732099,"tipPosition":[-63.7669,248.821,-10.6662],"tipVelocity":[11.7606,-13.4832,-124.794],"tool":false,"touchDistance":0.333333,"touchZone":"none","type":2,"width":18.9938},{"bases":[[[0.819486,-0.534958,-0.205577],[0.572536,0.748307,0.335021],[-0.0253876,-0.392246,0.91951]],[[0.819529,-0.534277,-0.207173],[0.345154,0.748828,-0.565796],[0.457428,0.392179,0.798094]],[[0.819529,-0.534277,-0.207173],[-0.242157,0.00477273,-0.970225],[0.519357,0.845296,-0.125467]],[[0.819529,-0.534277,-0.207173],[-0.491435,-0.469339,-0.733629],[0.294727,0.703043,-0.6472]]],"btipPosition":[-47.2054,241.384,-6.75679],"carpPosition":[-8.47111,270.883,70.9178],"dipPosition":[-41.6998,254.517,-18.8469],"direction":[-0.519357,-0.845296,0.125467],"extended":false,"handId":846,"id":8463,"length":64.4168,"mcpPosition":[-6.88112,295.449,13.3301],"pipPosition":[-27.3151,277.93,-22.3219],"stabilizedTipPosition":[-81.6964,200.373,190.933],"timeVisible":0.732099,"tipPosition":[-46.221,243.964,-9.53085],"tipVelocity":[15.7759,-2.48643,-120.656],"tool":false,"touchDistance":0.333333,"touchZone":"none","type":3,"width":18.0738},{"bases":[[[0.7051,-0.693,-0.150283],[0.688519,0.618378,0.37888],[-0.169632,-0.370621,0.913162]],[[0.651343,-0.757008,0.0518767],[0.624868,0.496349,-0.602642],[0.430456,0.424943,0.796324]],[[0.651343,-0.757008,0.0518767],[-0.0844426,-0.14026,-0.986507],[0.75407,0.638174,-0.155281]],[[0.651343,-0.757008,0.0518767],[-0.47941,-0.463558,-0.745171],[0.588148,0.460491,-0.664853]]],"btipPosition":[-30.6269,246.195,-0.312679],"carpPosition":[-0.361442,260.147,66.2855],"dipPosition":[-20.4909,254.131,-11.7705],"direction":[-0.75407,-0.638174,0.155281],"extended":false,"handId":846,"id":8464,"length":50.5016,"mcpPosition":[9.47293,281.634,13.3452],"pipPosition":[-5.74488,266.611,-14.8071],"stabilizedTipPosition":[-67.5347,210.417,189.354],"timeVisible":0.732099,"tipPosition":[-28.5072,247.736,-3.12279],"tipVelocity":[9.88664,4.1412,-101.711],"tool":false,"touchDistance":0.333333,"touchZone":"none","type":4,"width":16.0545}],"r":[[0.972702,-0.143052,0.182723],[0.168968,0.976314,-0.135129],[-0.159065,0.162315,0.973834]],"s":0.768218,"t":[44.1485,37.7118,-190.883],"timestamp":606990204988},false],[4,{"currentFrameRate":109.244,"devices":[],"gestures":[],"hands":[{"armBasis":[[0.81573,-0.112639,-0.567359],[0.374934,0.849865,0.370343],[0.440464,-0.514823,0.735493]],"armWidth":63.7085,"confidence":0.802745,"direction":[-0.0282951,0.557145,-0.829933],"elbow":[103.753,119.638,273.699],"grabStrength":0,"id":846,"palmNormal":[-0.384008,-0.772615,-0.505574],"palmPosition":[-25.3703,287.679,29.9568],"palmVelocity":[-11.3104,8.78366,-126.678],"palmWidth":90.9735,"pinchStrength":1,"r":[[0.972897,-0.139392,0.184503],[0.165546,0.976938,-0.134861],[-0.161449,0.16175,0.973535]],"s":0.770097,"sphereCenter":[-45.5053,262.48,-8.32842],"sphereRadius":45.2348,"stabilizedPalmPosition":[-59.3328,255.321,202.048],"t":[44.0971,37.7937,-191.984],"timeVisible":0.740967,"type":"right","wrist":[-15.1503,258.615,75.1516]}],"id":4429123,"interactionBox":{"center":[0,200,0],"size":[235.247,235.247,147.751]},"pointables":[{"bases":[[[0.709317,0.677276,0.195363],[-0.559965,0.373066,0.739771],[0.428146,-0.634128,0.643873]],[[0.547298,0.836902,-0.00777493],[-0.756796,0.498837,0.422399],[0.357385,-0.225294,0.906376]],[[0.547298,0.836902,-0.00777493],[-0.836879,0.547346,0.00673473],[0.00989189,0.00282077,0.999947]],[[0.547298,0.836902,-0.00777493],[-0.781612,0.507775,-0.362281],[-0.299246,0.204353,0.932036]]],"btipPosition":[-56.6768,263.409,-21.8795],"carpPosition":[-45.5052,257.043,79.2531],"dipPosition":[-63.679,268.191,-0.0704293],"direction":[-0.00989189,-0.00282077,-0.999947],"extended":false,"handId":846,"id":8460,"length":52.1069,"mcpPosition":[-45.5052,257.043,79.2531],"pipPosition":[-63.3418,268.287,34.0172],"stabilizedTipPosition":[-90.4159,242.12,141.823],"timeVisible":0.740967,"tipPosition":[-58.1405,264.126,-16.4277],"tipVelocity":[-2.94825,15.0674,-145.158],"tool":false,"touchDistance":-0.505991,"touchZone":"touching","type":0,"width":20.2463},{"bases":[[[0.905044,-0.206529,-0.371809],[0.352635,0.853122,0.384488],[0.23779,-0.479092,0.844942]],[[0.922589,-0.24827,-0.295283],[0.31552,0.926012,0.20724],[0.221984,-0.284365,0.932662]],[[0.922589,-0.24827,-0.295283],[0.285571,0.954119,0.0900364],[0.259382,-0.167391,0.951158]],[[0.922589,-0.24827,-0.295283],[0.260173,0.965562,0.00105878],[0.284851,-0.0778014,0.955409]]],"btipPosition":[-69.019,328.482,-63.163],"carpPosition":[-30.8585,275.653,78.3564],"dipPosition":[-64.153,327.153,-46.8422],"direction":[-0.259382,0.167391,-0.951158],"extended":true,"handId":846,"id":8461,"length":58.7969,"mcpPosition":[-48.3495,310.893,16.2056],"pipPosition":[-57.8848,323.108,-23.8565],"stabilizedTipPosition":[-96.6343,303.129,97.4455],"timeVisible":0.740967,"tipPosition":[-67.4405,327.491,-59.5815],"tipVelocity":[-14.4006,18.2063,-128.812],"tool":false,"touchDistance":-0.50164,"touchZone":"hovering","type":1,"width":19.3393},{"bases":[[[0.855384,-0.411747,-0.314297],[0.505702,0.795198,0.334552],[0.112178,-0.445111,0.888421]],[[0.85708,-0.418865,-0.299942],[0.203614,0.810215,-0.54963],[0.473238,0.410004,0.779706]],[[0.85708,-0.418865,-0.299942],[-0.328219,0.00480383,-0.944589],[0.397097,0.908036,-0.133362]],[[0.85708,-0.418865,-0.299942],[-0.495163,-0.509041,-0.704053],[0.14222,0.75195,-0.643696]]],"btipPosition":[-63.9695,246.217,-9.67667],"carpPosition":[-19.3762,274.872,73.985],"dipPosition":[-61.2973,260.346,-21.7708],"direction":[-0.397097,-0.908036,0.133362],"extended":false,"handId":846,"id":8462,"length":66.9943,"mcpPosition":[-27.2012,305.921,12.0129],"pipPosition":[-50.0074,286.162,-25.5625],"stabilizedTipPosition":[-98.3496,203.048,183.632],"timeVisible":0.740967,"tipPosition":[-63.4885,248.95,-12.1258],"tipVelocity":[17.1018,-6.08291,-135.091],"tool":false,"touchDistance":0.333333,"touchZone":"none","type":2,"width":18.9938},{"bases":[[[0.821996,-0.531527,-0.204453],[0.568841,0.749155,0.339392],[-0.0272293,-0.39528,0.918157]],[[0.822039,-0.530899,-0.20591],[0.34452,0.751611,-0.562483],[0.453386,0.391443,0.800758]],[[0.822039,-0.530899,-0.20591],[-0.239874,0.0051039,-0.970791],[0.516442,0.84742,-0.123153]],[[0.822039,-0.530899,-0.20591],[-0.488191,-0.470925,-0.734779],[0.293125,0.70454,-0.646298]]],"btipPosition":[-46.8858,241.558,-8.07384],"carpPosition":[-8.558,270.92,69.7159],"dipPosition":[-41.41,254.719,-20.1471],"direction":[-0.516442,-0.84742,0.123153],"extended":false,"handId":846,"id":8463,"length":64.4168,"mcpPosition":[-6.85267,295.676,12.213],"pipPosition":[-27.1061,278.19,-23.5581],"stabilizedTipPosition":[-81.6964,200.373,190.933],"timeVisible":0.740967,"tipPosition":[-45.9058,244.16,-10.8859],"tipVelocity":[21.063,3.69005,-128.093],"tool":false,"touchDistance":0.333333,"touchZone":"none","type":3,"width":18.0738},{"bases":[[[0.707956,-0.690131,-0.15006],[0.685112,0.619478,0.383235],[-0.171523,-0.374122,0.91138]],[[0.653706,-0.754977,0.0517435],[0.625872,0.50095,-0.597774],[0.425385,0.423153,0.799993]],[[0.653706,-0.754977,0.0517435],[-0.0805095,-0.137372,-0.987242],[0.752454,0.641201,-0.150584]],[[0.653706,-0.754977,0.0517435],[-0.475882,-0.463286,-0.747598],[0.588392,0.464086,-0.662133]]],"btipPosition":[-30.3452,246.42,-1.6859],"carpPosition":[-0.396112,260.227,65.0773],"dipPosition":[-20.205,254.418,-13.0969],"direction":[-0.752454,-0.641201,0.150584],"extended":false,"handId":846,"id":8464,"length":50.5016,"mcpPosition":[9.54791,281.916,12.2404],"pipPosition":[-5.49063,266.957,-16.0416],"stabilizedTipPosition":[-67.5347,210.417,189.354],"timeVisible":0.740967,"tipPosition":[-28.2303,247.973,-4.47328],"tipVelocity":[15.8479,10.3278,-115.791],"tool":false,"touchDistance":0.333333,"touchZone":"none","type":4,"width":16.0545}],"r":[[0.972897,-0.139392,0.184503],[0.165546,0.976938,-0.134861],[-0.161449,0.16175,0.973535]],"s":0.770097,"t":[44.0971,37.7937,-191.984],"timestamp":606990213856},false],[5,{"currentFrameRate":109.274,"devices":[],"gestures":[],"hands":[{"armBasis":[[0.816936,-0.111449,-0.565857],[0.373563,0.849766,0.371952],[0.439392,-0.515245,0.735838]],"armWidth":63.7085,"confidence":0.803684,"direction":[-0.0263729,0.557212,-0.829951],"elbow":[103.512,119.464,273.001],"grabStrength":0,"id":846,"palmNormal":[-0.382266,-0.772761,-0.506669],"palmPosition":[-25.2167,287.618,29.1416],"palmVelocity":[-3.49803,4.4996,-116.408],"palmWidth":90.9735,"pinchStrength":1,"r":[[0.972956,-0.136367,0.186442],[0.162778,0.977446,-0.134544],[-0.163889,0.161254,0.97321]],"s":0.771866,"sphereCenter":[-45.361,262.5,-9.16447],"sphereRadius":45.2379,"stabilizedPalmPosition":[-59.3328,255.321,202.047],"t":[44.1482,37.8043,-192.942],"timeVisible":0.750064,"type":"right","wrist":[-15.102,258.555,74.3605]}],"id":4429124,"interactionBox":{"center":[0,200,0],"size":[235.247,235.247,147.751]},"pointables":[{"bases":[[[0.708448,0.67762,0.197315],[-0.562121,0.372706,0.738316],[0.426757,-0.633973,0.644947]],[[0.547332,0.836895,-0.00575464],[-0.757637,0.498395,0.421412],[0.355546,-0.226293,0.906851]],[[0.547332,0.836895,-0.00575464],[-0.836893,0.547355,0.0035355],[0.00610868,0.00288092,0.999977]],[[0.547332,0.836895,-0.00575464],[-0.783467,0.509948,-0.355151],[-0.29429,0.198894,0.934791]]],"btipPosition":[-56.5338,263.508,-22.8406],"carpPosition":[-45.467,256.967,78.3812],"dipPosition":[-63.42,268.162,-0.967091],"direction":[-0.00610868,-0.00288092,-0.999977],"extended":false,"handId":846,"id":8460,"length":52.1069,"mcpPosition":[-45.467,256.967,78.3812],"pipPosition":[-63.2118,268.261,33.1216],"stabilizedTipPosition":[-90.4159,242.12,141.823],"timeVisible":0.750064,"tipPosition":[-57.9373,264.17,-17.3826],"tipVelocity":[3.03778,13.0302,-133.76],"tool":false,"touchDistance":-0.49792,"touchZone":"touching","type":0,"width":20.2463},{"bases":[[[0.906135,-0.206029,-0.369421],[0.351175,0.853264,0.385509],[0.235788,-0.479054,0.845524]],[[0.923302,-0.247189,-0.293956],[0.314557,0.925839,0.209464],[0.220379,-0.285865,0.932585]],[[0.923302,-0.247189,-0.293956],[0.284882,0.954089,0.0925033],[0.257595,-0.169152,0.951332]],[[0.923302,-0.247189,-0.293956],[0.259696,0.965684,0.00364428],[0.282968,-0.0797041,0.955812]]],"btipPosition":[-68.6963,328.551,-64.0448],"carpPosition":[-30.8275,275.585,77.5252],"dipPosition":[-63.8625,327.189,-47.7171],"direction":[-0.257595,0.169152,-0.951332],"extended":true,"handId":846,"id":8461,"length":58.7969,"mcpPosition":[-48.1711,310.822,15.3316],"pipPosition":[-57.6374,323.101,-24.7272],"stabilizedTipPosition":[-96.6341,303.129,97.4444],"timeVisible":0.750064,"tipPosition":[-67.1313,327.542,-60.4658],"tipVelocity":[-0.807083,15.0149,-119.929],"tool":false,"touchDistance":-0.493012,"touchZone":"hovering","type":1,"width":19.3393},{"bases":[[[0.856427,-0.411278,-0.312062],[0.504404,0.795424,0.335973],[0.110043,-0.445142,0.888673]],[[0.858086,-0.418383,-0.297732],[0.204667,0.810411,-0.548949],[0.470956,0.410109,0.781032]],[[0.858086,-0.418383,-0.297732],[-0.325898,0.00436446,-0.945395],[0.396836,0.90826,-0.132605]],[[0.858086,-0.418383,-0.297732],[-0.493141,-0.50974,-0.704966],[0.143179,0.751745,-0.643723]]],"btipPosition":[-63.6781,246.15,-10.5798],"carpPosition":[-19.3332,274.81,73.1843],"dipPosition":[-60.988,260.274,-22.6745],"direction":[-0.396836,-0.90826,0.132605],"extended":false,"handId":846,"id":8462,"length":66.9943,"mcpPosition":[-27.0093,305.861,11.1946],"pipPosition":[-49.7054,286.097,-26.4446],"stabilizedTipPosition":[-98.3496,203.048,183.632],"timeVisible":0.750064,"tipPosition":[-63.1945,248.889,-13.0428],"tipVelocity":[21.364,-6.48006,-125.172],"tool":false,"touchDistance":0.333333,"touchZone":"none","type":2,"width":18.9938},{"bases":[[[0.822809,-0.531086,-0.202318],[0.567553,0.749412,0.340977],[-0.0294688,-0.395385,0.918042]],[[0.822852,-0.530494,-0.203692],[0.345189,0.751367,-0.562399],[0.451397,0.392459,0.801384]],[[0.822852,-0.530494,-0.203692],[-0.23893,0.00223823,-0.971034],[0.515584,0.847686,-0.124909]],[[0.822852,-0.530494,-0.203692],[-0.487182,-0.474057,-0.733433],[0.29252,0.702742,-0.648526]]],"btipPosition":[-46.5652,241.489,-8.77669],"carpPosition":[-8.50163,270.864,68.9436],"dipPosition":[-41.1007,254.617,-20.8916],"direction":[-0.515584,-0.847686,0.124909],"extended":false,"handId":846,"id":8463,"length":64.4168,"mcpPosition":[-6.65604,295.627,11.4479],"pipPosition":[-26.8206,278.095,-24.3512],"stabilizedTipPosition":[-81.6964,200.373,190.933],"timeVisible":0.750064,"tipPosition":[-45.5831,244.114,-11.6578],"tipVelocity":[24.9123,0.339735,-114.299],"tool":false,"touchDistance":0.333333,"touchZone":"none","type":3,"width":18.0738},{"bases":[[[0.708706,-0.689753,-0.148244],[0.683773,0.61979,0.385117],[-0.173755,-0.3743,0.910883]],[[0.653944,-0.754654,0.053432],[0.627449,0.501543,-0.595619],[0.422688,0.423027,0.801488]],[[0.653944,-0.754654,0.053432],[-0.0782464,-0.137714,-0.987377],[0.752486,0.641508,-0.149106]],[[0.653944,-0.754654,0.053432],[-0.474447,-0.464093,-0.74801],[0.589286,0.463806,-0.661534]]],"btipPosition":[-30.0624,246.382,-2.50083],"carpPosition":[-0.321966,260.175,64.3257],"dipPosition":[-19.9068,254.375,-13.9015],"direction":[-0.752486,-0.641508,0.149106],"extended":false,"handId":846,"id":8464,"length":50.5016,"mcpPosition":[9.75144,281.875,11.5175],"pipPosition":[-5.19175,266.92,-16.8173],"stabilizedTipPosition":[-67.5347,210.417,189.354],"timeVisible":0.750064,"tipPosition":[-27.9459,247.934,-5.28746],"tipVelocity":[20.1799,6.27878,-108.456],"tool":false,"touchDistance":0.333333,"touchZone":"none","type":4,"width":16.0545}],"r":[[0.972956,-0.136367,0.186442],[0.162778,0.977446,-0.134544],[-0.163889,0.161254,0.97321]],"s":0.771866,"t":[44.1482,37.8043,-192.942],"timestamp":606990222953},false],[6,{"currentFrameRate":109.352,"devices":[],"gestures":[],"hands":[{"armBasis":[[0.81757,-0.110816,-0.565065],[0.372835,0.849714,0.372801],[0.438831,-0.515467,0.736017]],"armWidth":63.7085,"confidence":0.804084,"direction":[-0.0252222,0.557297,-0.82993],"elbow":[103.398,119.364,272.598],"grabStrength":0,"id":846,"palmNormal":[-0.381331,-0.772786,-0.507335],"palmPosition":[-25.1167,287.58,28.6785],"palmVelocity":[0.513138,2.10857,-98.5547],"palmWidth":90.9735,"pinchStrength":1,"r":[[0.972942,-0.13391,0.188287],[0.160562,0.977857,-0.134224],[-0.166144,0.160824,0.972899]],"s":0.773531,"sphereCenter":[-45.2471,262.49,-9.65517],"sphereRadius":45.2518,"stabilizedPalmPosition":[-59.3328,255.321,202.047],"t":[44.2237,37.7906,-193.653],"timeVisible":0.75907,"type":"right","wrist":[-15.065,258.515,73.9097]}],"id":4429125,"interactionBox":{"center":[0,200,0],"size":[235.247,235.247,147.751]},"pointables":[{"bases":[[[0.708004,0.677746,0.19847],[-0.563326,0.372509,0.737497],[0.425904,-0.633954,0.64553]],[[0.547716,0.836654,-0.00422836],[-0.757616,0.498105,0.421794],[0.355002,-0.22782,0.906682]],[[0.547716,0.836654,-0.00422836],[-0.836654,0.547727,0.00236669],[0.00429609,0.0022414,0.999988]],[[0.547716,0.836654,-0.00422836],[-0.785775,0.512659,-0.346031],[-0.287341,0.192849,0.938213]]],"btipPosition":[-56.5762,263.7,-23.41],"carpPosition":[-45.4357,256.919,77.8838],"dipPosition":[-63.2998,268.213,-1.45643],"direction":[-0.00429609,-0.0022414,-0.999988],"extended":false,"handId":846,"id":8460,"length":52.1069,"mcpPosition":[-45.4357,256.919,77.8838],"pipPosition":[-63.1534,268.289,32.6326],"stabilizedTipPosition":[-90.4159,242.12,141.823],"timeVisible":0.75907,"tipPosition":[-57.8899,264.289,-17.9475],"tipVelocity":[2.0499,14.3164,-113.82],"tool":false,"touchDistance":-0.484726,"touchZone":"touching","type":0,"width":20.2463},{"bases":[[[0.906741,-0.2058,-0.368059],[0.350408,0.853295,0.386136],[0.234596,-0.479096,0.845832]],[[0.923631,-0.246459,-0.293536],[0.314039,0.925684,0.210922],[0.219738,-0.286995,0.932389]],[[0.923631,-0.246459,-0.293536],[0.284423,0.954091,0.093881],[0.256922,-0.1702,0.951327]],[[0.923631,-0.246459,-0.293536],[0.259272,0.965792,0.00491716],[0.282283,-0.0806472,0.955935]]],"btipPosition":[-68.5245,328.599,-64.534],"carpPosition":[-30.7988,275.54,77.0522],"dipPosition":[-63.7024,327.222,-48.2042],"direction":[-0.256922,0.1702,-0.951327],"extended":true,"handId":846,"id":8461,"length":58.7969,"mcpPosition":[-48.0549,310.781,14.836],"pipPosition":[-57.4936,323.109,-25.2144],"stabilizedTipPosition":[-96.6339,303.129,97.4435],"timeVisible":0.75907,"tipPosition":[-66.9616,327.59,-60.958],"tipVelocity":[4.57184,12.2671,-101.889],"tool":false,"touchDistance":-0.479375,"touchZone":"hovering","type":1,"width":19.3393},{"bases":[[[0.856989,-0.411066,-0.310798],[0.503724,0.795493,0.336829],[0.108779,-0.445215,0.888792]],[[0.85862,-0.418137,-0.296537],[0.205323,0.810578,-0.548458],[0.469697,0.410031,0.781831]],[[0.85862,-0.418137,-0.296537],[-0.324718,0.00396075,-0.945803],[0.396649,0.908375,-0.132376]],[[0.85862,-0.418137,-0.296537],[-0.492113,-0.510405,-0.705203],[0.143518,0.751431,-0.644014]]],"btipPosition":[-63.4949,246.12,-11.0832],"carpPosition":[-19.2978,274.769,72.7288],"dipPosition":[-60.7984,260.238,-23.1834],"direction":[-0.396649,-0.908376,0.132376],"extended":false,"handId":846,"id":8462,"length":66.9943,"mcpPosition":[-26.8857,305.825,10.7308],"pipPosition":[-49.5211,286.065,-26.947],"stabilizedTipPosition":[-98.3496,203.048,183.632],"timeVisible":0.75907,"tipPosition":[-63.0116,248.866,-13.563],"tipVelocity":[21.1288,-5.65279,-106.178],"tool":false,"touchDistance":0.333333,"touchZone":"none","type":2,"width":18.9938},{"bases":[[[0.823228,-0.530892,-0.201119],[0.566875,0.749493,0.341924],[-0.0307878,-0.395491,0.917954]],[[0.823271,-0.530323,-0.202439],[0.3456,0.751187,-0.562386],[0.450316,0.393034,0.801711]],[[0.823271,-0.530323,-0.202439],[-0.238616,0.000275273,-0.971114],[0.51506,0.847796,-0.126317]],[[0.823271,-0.530323,-0.202439],[-0.486824,-0.476214,-0.732272],[0.291936,0.701411,-0.650227]]],"btipPosition":[-46.3662,241.453,-9.15439],"carpPosition":[-8.45894,270.826,68.5042],"dipPosition":[-40.9126,254.556,-21.301],"direction":[-0.51506,-0.847796,0.126317],"extended":false,"handId":846,"id":8463,"length":64.4168,"mcpPosition":[-6.53074,295.595,11.014],"pipPosition":[-26.647,278.037,-24.7996],"stabilizedTipPosition":[-81.6964,200.373,190.933],"timeVisible":0.75907,"tipPosition":[-45.3818,244.094,-12.0817],"tipVelocity":[24.0614,-1.02354,-94.6423],"tool":false,"touchDistance":0.333333,"touchZone":"none","type":3,"width":18.0738},{"bases":[[[0.709075,-0.689589,-0.147237],[0.683055,0.619891,0.386227],[-0.175068,-0.374435,0.910577]],[[0.65405,-0.754503,0.0542622],[0.628218,0.501818,-0.594576],[0.421379,0.422971,0.802206]],[[0.65405,-0.754503,0.0542622],[-0.0777481,-0.138403,-0.98732],[0.752445,0.641538,-0.149183]],[[0.65405,-0.754503,0.0542622],[-0.474435,-0.465024,-0.747438],[0.589177,0.463118,-0.662112]]],"btipPosition":[-29.8854,246.367,-2.92508],"carpPosition":[-0.269994,260.139,63.8976],"dipPosition":[-19.7317,254.348,-14.3357],"direction":[-0.752445,-0.641538,0.149183],"extended":false,"handId":846,"id":8464,"length":50.5016,"mcpPosition":[9.87949,281.847,11.1072],"pipPosition":[-5.01745,266.893,-17.253],"stabilizedTipPosition":[-67.5347,210.417,189.354],"timeVisible":0.75907,"tipPosition":[-27.7679,247.918,-5.72661],"tipVelocity":[20.0209,4.00161,-91.6714],"tool":false,"touchDistance":0.333333,"tou