{"sensorType":"Leap","data":[[0,{"currentFrameRate":103.694,"devices":[],"gestures":[],"hands":[{"armBasis":[[0.887172,-0.00662496,-0.461391],[0.28245,0.79849,0.531635],[0.364894,-0.601971,0.710269]],"armWidth":62.6972,"confidence":0.719916,"direction":[-0.00984949,0.442517,-0.896706],"elbow":[116.05,113.403,274.693],"grabStrength":0,"id":829,"palmNormal":[-0.283472,-0.861197,-0.42188],"palmPosition":[10.1889,295.053,37.5648],"palmVelocity":[3.54006,-9.41527,-136.835],"palmWidth":89.5295,"pinchStrength":1,"r":[[0.909022,-0.283435,0.305523],[0.327489,0.939218,-0.103059],[-0.257742,0.193738,0.946591]],"s":0.748776,"sphereCenter":[-9.914,271.308,2.36418],"sphereRadius":45.0503,"stabilizedPalmPosition":[-42.718,284.564,192.297],"t":[63.6995,14.4925,-178.562],"timeVisible":0.479139,"type":"right","wrist":[19.1096,273.326,85.9985]}],"id":4423936,"interactionBox":{"center":[0,200,0],"size":[235.247,235.247,147.751]},"pointables":[{"bases":[[[0.637494,0.756014,0.148474],[-0.641124,0.413668,0.646404],[0.427271,-0.507269,0.74841]],[[0.443711,0.887042,-0.127579],[-0.833399,0.46077,0.305183],[0.329495,-0.0290889,0.943709]],[[0.443711,0.887042,-0.127579],[-0.891354,0.422093,-0.165303],[-0.0927805,0.187065,0.977956]],[[0.443711,0.887042,-0.127579],[-0.880015,0.404365,-0.249123],[-0.169394,0.22281,0.960032]]],"btipPosition":[-19.9383,259.72,-12.9767],"carpPosition":[-10.7681,269.698,88.2912],"dipPosition":[-23.839,264.851,9.13085],"direction":[0.0927805,-0.187065,-0.977956],"extended":false,"handId":829,"id":8290,"length":51.2798,"mcpPosition":[-10.7681,269.698,88.2912],"pipPosition":[-26.9517,271.127,41.9396],"stabilizedTipPosition":[-70.2293,259.949,133.538],"timeVisible":0.479139,"tipPosition":[-20.3212,261.851,-7.6516],"tipVelocity":[4.35749,-60.7858,-133.771],"tool":false,"touchDistance":-0.518117,"touchZone":"hovering","type":0,"width":19.925},{"bases":[[[0.943663,-0.172187,-0.282581],[0.255012,0.922608,0.289418],[0.210877,-0.345175,0.914541]],[[0.957987,-0.200436,-0.205149],[0.251062,0.931857,0.261938],[0.138668,-0.302438,0.943028]],[[0.957987,-0.200436,-0.205149],[0.232889,0.961098,0.148503],[0.167403,-0.190041,0.967399]],[[0.957987,-0.200436,-0.205149],[0.216128,0.974703,0.0569417],[0.188546,-0.0988878,0.977073]]],"btipPosition":[-26.0859,332.896,-59.5959],"carpPosition":[2.19204,288.942,85.904],"dipPosition":[-22.9162,331.233,-43.17],"direction":[-0.167403,0.190041,-0.967399],"extended":true,"handId":829,"id":8291,"length":57.8636,"mcpPosition":[-13.0731,313.929,19.7016],"pipPosition":[-18.935,326.714,-20.1629],"stabilizedTipPosition":[-82.9341,332.721,84.5584],"timeVisible":0.479139,"tipPosition":[-25.1069,331.04,-56.0634],"tipVelocity":[30.4646,-16.835,-159.843],"tool":false,"touchDistance":-0.562049,"touchZone":"hovering","type":1,"width":19.0323},{"bases":[[[0.906085,-0.371981,-0.201596],[0.415446,0.872414,0.257487],[0.0800949,-0.317057,0.945018]],[[0.906686,-0.37446,-0.194165],[0.223206,0.816522,-0.532419],[0.35791,0.439398,0.823911]],[[0.906686,-0.37446,-0.194165],[-0.266712,-0.15234,-0.95166],[0.32678,0.914643,-0.237997]],[[0.906686,-0.37446,-0.194165],[-0.416174,-0.719191,-0.556385],[0.0687022,0.585273,-0.807921]]],"btipPosition":[-19.0794,253.136,0.120588],"carpPosition":[13.807,288.624,82.4719],"dipPosition":[-17.8091,263.958,-14.8182],"direction":[-0.32678,-0.914643,0.237997],"extended":false,"handId":829,"id":8292,"length":65.9309,"mcpPosition":[8.30868,310.389,17.5981],"pipPosition":[-8.66581,289.55,-21.4773],"stabilizedTipPosition":[-64.1089,232.668,197.461],"timeVisible":0.479139,"tipPosition":[-18.6973,255.248,-2.16564],"tipVelocity":[30.9174,-40.6969,-121.691],"tool":false,"touchDistance":0.333333,"touchZone":"none","type":2,"width":18.6923},{"bases":[[[0.874082,-0.479285,-0.0791643],[0.481461,0.833056,0.272419],[-0.0646181,-0.276231,0.958916]],[[0.874035,-0.479484,-0.078471],[0.360969,0.748941,-0.555688],[0.325213,0.457365,0.82768]],[[0.874035,-0.479484,-0.078471],[-0.188873,-0.186504,-0.964128],[0.447649,0.857503,-0.253572]],[[0.874035,-0.479484,-0.078471],[-0.435079,-0.700515,-0.565672],[0.216261,0.528558,-0.820888]]],"btipPosition":[-1.48262,249.006,6.02601],"carpPosition":[25.0093,285.178,79.5122],"dipPosition":[2.49314,258.723,-9.06528],"direction":[-0.447649,-0.857503,0.253572],"extended":false,"handId":829,"id":8293,"length":63.3943,"mcpPosition":[28.9921,302.203,20.4098],"pipPosition":[14.6949,282.097,-15.977],"stabilizedTipPosition":[-48.6211,233.655,198.292],"timeVisible":0.479139,"tipPosition":[-0.56007,251.098,3.31758],"tipVelocity":[28.5417,-33.6534,-110.145],"tool":false,"touchDistance":0.333333,"touchZone":"none","type":3,"width":17.7869},{"bases":[[[0.769081,-0.639047,-0.0115641],[0.603939,0.72067,0.340431],[-0.209217,-0.268803,0.940198]],[[0.689937,-0.686554,0.229411],[0.683932,0.514455,-0.517276],[0.237116,0.513789,0.824498]],[[0.689937,-0.686554,0.229411],[-0.00224566,-0.318952,-0.947768],[0.723866,0.653385,-0.221599]],[[0.689937,-0.686554,0.229411],[-0.465979,-0.663767,-0.585044],[0.55394,0.296743,-0.777878]]],"btipPosition":[14.5215,254.756,12.0372],"carpPosition":[34.1599,274.902,76.9078],"dipPosition":[23.9163,259.789,-1.15571],"direction":[-0.723866,-0.653385,0.221599],"extended":false,"handId":829,"id":8294,"length":49.7,"mcpPosition":[46.0967,290.239,23.2653],"pipPosition":[37.847,272.363,-5.42035],"stabilizedTipPosition":[-35.0202,243.406,193.257],"timeVisible":0.479139,"tipPosition":[16.7296,255.769,9.63332],"tipVelocity":[15.2776,-26.1323,-91.5023],"tool":false,"touchDistance":0.333333,"touchZone":"none","type":4,"width":15.7997}],"r":[[0.909022,-0.283435,0.305523],[0.327489,0.939218,-0.103059],[-0.257742,0.193738,0.946591]],"s":0.748776,"t":[63.6995,14.4925,-178.562],"timestamp":606941641233},false],[1,{"currentFrameRate":104.065,"devices":[],"gestures":[],"hands":[{"armBasis":[[0.888084,-0.00442006,-0.45966],[0.279885,0.798435,0.533073],[0.364653,-0.602065,0.710314]],"armWidth":62.6972,"confidence":0.73125,"direction":[-0.00899908,0.439068,-0.898409],"elbow":[115.841,113.55,274.25],"grabStrength":0,"id":829,"palmNormal":[-0.281125,-0.86332,-0.419103],"palmPosition":[10.0949,295.024,37.0106],"palmVelocity":[-0.29646,-7.73139,-116.51],"palmWidth":89.5295,"pinchStrength":1,"r":[[0.908291,-0.280272,0.310572],[0.326213,0.939292,-0.10638],[-0.261903,0.197937,0.944578]],"s":0.752671,"sphereCenter":[-10.0802,271.303,1.89862],"sphereRadius":45.0869,"stabilizedPalmPosition":[-42.7177,284.564,192.296],"t":[63.634,14.4113,-179.447],"timeVisible":0.488051,"type":"right","wrist":[18.9656,273.499,85.5433]}],"id":4423937,"interactionBox":{"center":[0,200,0],"size":[235.247,235.247,147.751]},"pointables":[{"bases":[[[0.635842,0.757739,0.146753],[-0.643068,0.414964,0.643637],[0.426811,-0.503624,0.751129]],[[0.442763,0.887218,-0.129633],[-0.833359,0.460542,0.305636],[0.330867,-0.0272935,0.943282]],[[0.442763,0.887218,-0.129633],[-0.891928,0.421009,-0.164973],[-0.0917902,0.188667,0.977742]],[[0.442763,0.887218,-0.129633],[-0.880477,0.402887,-0.249885],[-0.169475,0.224779,0.959559]]],"btipPosition":[-20.1785,259.66,-13.4339],"carpPosition":[-10.9095,269.825,87.7949],"dipPosition":[-24.0811,264.836,8.66271],"direction":[0.0917902,-0.188667,-0.977742],"extended":false,"handId":829,"id":8290,"length":51.2798,"mcpPosition":[-10.9095,269.825,87.7949],"pipPosition":[-27.1605,271.166,41.4643],"stabilizedTipPosition":[-70.1725,259.95,133.374],"timeVisible":0.488051,"tipPosition":[-20.5007,261.647,-8.14005],"tipVelocity":[-4.18242,-45.7568,-111.392],"tool":false,"touchDistance":-0.501535,"touchZone":"hovering","type":0,"width":19.925},{"bases":[[[0.944495,-0.171541,-0.280184],[0.252798,0.924172,0.286356],[0.209816,-0.341292,0.916241]],[[0.958448,-0.198775,-0.204609],[0.249452,0.931954,0.263125],[0.138383,-0.303232,0.942815]],[[0.958448,-0.198775,-0.204609],[0.231336,0.961275,0.149777],[0.166914,-0.190887,0.967317]],[[0.958448,-0.198775,-0.204609],[0.214611,0.974968,0.058131],[0.187932,-0.0996269,0.977116]]],"btipPosition":[-26.1473,332.822,-60.2548],"carpPosition":[2.01992,289.083,85.358],"dipPosition":[-22.9879,331.147,-43.8281],"direction":[-0.166914,0.190887,-0.967317],"extended":true,"handId":829,"id":8291,"length":57.8636,"mcpPosition":[-13.1684,313.789,19.0325],"pipPosition":[-19.0183,326.607,-20.823],"stabilizedTipPosition":[-82.9185,332.721,84.5203],"timeVisible":0.488051,"tipPosition":[-25.1661,330.969,-56.7265],"tipVelocity":[20.2224,-14.588,-136.444],"tool":false,"touchDistance":-0.544058,"touchZone":"hovering","type":1,"width":19.0323},{"bases":[[[0.907131,-0.371093,-0.198505],[0.413382,0.874149,0.254911],[0.0789268,-0.313296,0.94637]],[[0.907725,-0.373554,-0.191029],[0.222729,0.814881,-0.535126],[0.355565,0.4432,0.82289]],[[0.907725,-0.373554,-0.191029],[-0.264667,-0.156525,-0.951552],[0.325555,0.914307,-0.240949]],[[0.907725,-0.373554,-0.191029],[-0.413832,-0.72213,-0.55432],[0.0691204,0.582225,-0.810084]]],"btipPosition":[-19.0267,252.913,-0.324583],"carpPosition":[13.6418,288.773,81.9484],"dipPosition":[-17.7487,263.679,-15.3033],"direction":[-0.325555,-0.914307,0.240949],"extended":false,"handId":829,"id":8292,"length":65.9309,"mcpPosition":[8.22363,310.28,16.9819],"pipPosition":[-8.63963,289.261,-22.0451],"stabilizedTipPosition":[-64.1028,232.671,197.434],"timeVisible":0.488051,"tipPosition":[-18.6456,255.019,-2.63067],"tipVelocity":[24.1635,-36.8319,-102.438],"tool":false,"touchDistance":0.333333,"touchZone":"none","type":2,"width":18.6923},{"bases":[[[0.875097,-0.477986,-0.0757225],[0.479441,0.834969,0.270116],[-0.0658857,-0.272682,0.959846]],[[0.875013,-0.478333,-0.0744983],[0.359918,0.74572,-0.560679],[0.323746,0.463787,0.824675]],[[0.875013,-0.478333,-0.0744983],[-0.187641,-0.193261,-0.963037],[0.446255,0.856649,-0.258861]],[[0.875013,-0.478333,-0.0744983],[-0.432952,-0.704392,-0.562481],[0.216578,0.524432,-0.823447]]],"btipPosition":[-1.46136,248.763,5.80239],"carpPosition":[24.8558,285.337,79.0226],"dipPosition":[2.52022,258.404,-9.33594],"direction":[-0.446255,-0.856649,0.258861],"extended":false,"handId":829,"id":8293,"length":63.3943,"mcpPosition":[28.9166,302.143,19.8629],"pipPosition":[14.684,281.754,-16.3918],"stabilizedTipPosition":[-48.6076,233.66,198.237],"timeVisible":0.488051,"tipPosition":[-0.528378,250.88,2.97417],"tipVelocity":[21.4601,-32.4564,-87.315],"tool":false,"touchDistance":0.333333,"touchZone":"none","type":3,"width":17.7869},{"bases":[[[0.770263,-0.63768,-0.007705],[0.601997,0.723067,0.338782],[-0.210463,-0.265589,0.940833]],[[0.690791,-0.684404,0.233237],[0.683463,0.512785,-0.519548],[0.235981,0.518308,0.821992]],[[0.690791,-0.684404,0.233237],[-0.0013015,-0.323747,-0.946143],[0.723054,0.653283,-0.224532]],[[0.690791,-0.684404,0.233237],[-0.464387,-0.667197,-0.582403],[0.554213,0.294006,-0.778722]]],"btipPosition":[14.513,254.629,11.7255],"carpPosition":[34.0299,275.068,76.4744],"dipPosition":[23.9125,259.616,-1.48174],"direction":[-0.723054,-0.653283,0.224532],"extended":false,"handId":829,"id":8294,"length":49.7,"mcpPosition":[46.0377,290.221,22.7956],"pipPosition":[37.8276,272.188,-5.80283],"stabilizedTipPosition":[-35.0131,243.407,193.232],"timeVisible":0.488051,"tipPosition":[16.734,255.645,9.26303],"tipVelocity":[10.8907,-23.2115,-76.211],"tool":false,"touchDistance":0.333333,"touchZone":"none","type":4,"width":15.7997}],"r":[[0.908291,-0.280272,0.310572],[0.326213,0.939292,-0.10638],[-0.261903,0.197937,0.944578]],"s":0.752671,"t":[63.634,14.4113,-179.447],"timestamp":606941650145},false],[2,{"currentFrameRate":104.243,"devices":[],"gestures":[],"hands":[{"armBasis":[[0.888416,-0.00296581,-0.45903],[0.278287,0.798746,0.533442],[0.365066,-0.601661,0.710444]],"armWidth":62.6972,"confidence":0.740763,"direction":[-0.00852175,0.436387,-0.899719],"elbow":[115.812,113.795,273.939],"grabStrength":0,"id":829,"palmNormal":[-0.27966,-0.864888,-0.416844],"palmPosition":[9.98337,295.007,36.5915],"palmVelocity":[-3.60162,-6.08294,-96.4704],"palmWidth":89.5295,"pinchStrength":1,"r":[[0.907683,-0.277326,0.314963],[0.325007,0.939348,-0.109528],[-0.265485,0.201782,0.942763]],"s":0.756133,"sphereCenter":[-10.2128,271.274,1.53524],"sphereRadius":45.12,"stabilizedPalmPosition":[-42.7175,284.564,192.295],"t":[63.5454,14.3621,-180.099],"timeVisible":0.49731,"type":"right","wrist":[18.8257,273.636,85.1977]}],"id":4423938,"interactionBox":{"center":[0,200,0],"size":[235.247,235.247,147.751]},"pointables":[{"bases":[[[0.634799,0.758912,0.145198],[-0.644258,0.416123,0.641696],[0.42657,-0.500893,0.75309]],[[0.442921,0.88701,-0.130514],[-0.832459,0.460927,0.307502],[0.332915,-0.0275512,0.942554]],[[0.442921,0.88701,-0.130514],[-0.892215,0.421763,-0.161459],[-0.08817,0.187961,0.978211]],[[0.442921,0.88701,-0.130514],[-0.88055,0.40299,-0.249461],[-0.168678,0.225416,0.95955]]],"btipPosition":[-20.5569,259.791,-13.7812],"carpPosition":[-11.0476,269.934,87.4275],"dipPosition":[-24.4412,264.982,8.3153],"direction":[0.08817,-0.187961,-0.978211],"extended":false,"handId":829,"id":8290,"length":51.2798,"mcpPosition":[-11.0476,269.934,87.4275],"pipPosition":[-27.3992,271.287,41.1326],"stabilizedTipPosition":[-70.1219,259.952,133.226],"timeVisible":0.49731,"tipPosition":[-20.8062,261.59,-8.50842],"tipVelocity":[-14.3737,-28.811,-90.6111],"tool":false,"touchDistance":-0.484924,"touchZone":"hovering","type":0,"width":19.925},{"bases":[[[0.945001,-0.171272,-0.278638],[0.251408,0.925312,0.283886],[0.209205,-0.338324,0.91748]],[[0.958642,-0.197627,-0.204813],[0.248589,0.931822,0.264406],[0.138595,-0.304385,0.942412]],[[0.958642,-0.197627,-0.204813],[0.230443,0.961293,0.151036],[0.167036,-0.191987,0.967078]],[[0.958642,-0.197627,-0.204813],[0.213676,0.975107,0.0592303],[0.188009,-0.100544,0.977007]]],"btipPosition":[-26.274,332.814,-60.7304],"carpPosition":[1.86213,289.2,84.9475],"dipPosition":[-23.1133,331.124,-44.3056],"direction":[-0.167036,0.191987,-0.967078],"extended":true,"handId":829,"id":8291,"length":57.8636,"mcpPosition":[-13.282,313.691,18.5323],"pipPosition":[-19.1408,326.558,-21.3061],"stabilizedTipPosition":[-82.907,332.721,84.4918],"timeVisible":0.49731,"tipPosition":[-25.2878,330.969,-57.2065],"tipVelocity":[10.6936,-10.8228,-112.53],"tool":false,"touchDistance":-0.525127,"touchZone":"hovering","type":1,"width":19.0323},{"bases":[[[0.907779,-0.370623,-0.196407],[0.412085,0.875383,0.252766],[0.0782504,-0.310392,0.947383]],[[0.90837,-0.373067,-0.188905],[0.222385,0.813544,-0.5373],[0.354131,0.446058,0.821963]],[[0.90837,-0.373067,-0.188905],[-0.263432,-0.159693,-0.951368],[0.324757,0.913958,-0.243338]],[[0.90837,-0.373067,-0.188905],[-0.41238,-0.724288,-0.552585],[0.0693296,0.579852,-0.811767]]],"btipPosition":[-19.0476,252.752,-0.648996],"carpPosition":[13.4881,288.893,81.5516],"dipPosition":[-17.7656,263.474,-15.6589],"direction":[-0.324757,-0.913958,0.243338],"extended":false,"handId":829,"id":8292,"length":65.9309,"mcpPosition":[8.11636,310.201,16.5156],"pipPosition":[-8.67892,289.046,-22.4675],"stabilizedTipPosition":[-64.0955,232.674,197.401],"timeVisible":0.49731,"tipPosition":[-18.6671,254.854,-2.96786],"tipVelocity":[16.7615,-31.6685,-83.6985],"tool":false,"touchDistance":0.333333,"touchZone":"none","type":2,"width":18.6923},{"bases":[[[0.875735,-0.477188,-0.0733429],[0.478173,0.836326,0.268159],[-0.0666239,-0.269907,0.960579]],[[0.875631,-0.477605,-0.0718594],[0.360028,0.744633,-0.562052],[0.321947,0.466279,0.823975]],[[0.875631,-0.477605,-0.0718594],[-0.185939,-0.196036,-0.962807],[0.445754,0.856425,-0.26046]],[[0.875631,-0.477605,-0.0718594],[-0.431382,-0.706469,-0.56108],[0.217208,0.522298,-0.824636]]],"btipPosition":[-1.4812,248.652,5.47918],"carpPosition":[24.7093,285.461,78.6483],"dipPosition":[2.51198,258.254,-9.68101],"direction":[-0.445754,-0.856425,0.26046],"extended":false,"handId":829,"id":8293,"length":63.3943,"mcpPosition":[28.8156,302.097,19.4435],"pipPosition":[14.662,281.598,-16.7805],"stabilizedTipPosition":[-48.5931,233.665,198.178],"timeVisible":0.49731,"tipPosition":[-0.548311,250.76,2.64285],"tipVelocity":[14.9027,-26.9594,-72.7281],"tool":false,"touchDistance":0.333333,"touchZone":"none","type":3,"width":17.7869},{"bases":[[[0.771012,-0.636802,-0.00496616],[0.600783,0.724772,0.337292],[-0.211189,-0.263039,0.941387]],[[0.691491,-0.682866,0.235659],[0.682611,0.510916,-0.522501],[0.236396,0.522168,0.819425]],[[0.691491,-0.682866,0.235659],[-0.00175074,-0.327806,-0.944743],[0.722383,0.652869,-0.22787]],[[0.691491,-0.682866,0.235659],[-0.463752,-0.669757,-0.579966],[0.553873,0.291754,-0.779811]]],"btipPosition":[14.4268,254.524,11.5322],"carpPosition":[33.8981,275.196,76.1406],"dipPosition":[23.8206,259.472,-1.69353],"direction":[-0.722383,-0.652869,0.22787],"extended":false,"handId":829,"id":8294,"length":49.7,"mcpPosition":[45.9473,290.203,22.4303],"pipPosition":[37.7227,272.036,-6.07886],"stabilizedTipPosition":[-35.0059,243.409,193.206],"timeVisible":0.49731,"tipPosition":[16.6639,255.547,9.00132],"tipVelocity":[5.17027,-20.1618,-60.778],"tool":false,"touchDistance":0.333333,"touchZone":"none","type":4,"width":15.7997}],"r":[[0.907683,-0.277326,0.314963],[0.325007,0.939348,-0.109528],[-0.265485,0.201782,0.942763]],"s":0.756133,"t":[63.5454,14.3621,-180.099],"timestamp":606941659404},false],[3,{"currentFrameRate":104.656,"devices":[],"gestures":[],"hands":[{"armBasis":[[0.890217,0.00321295,-0.455526],[0.271424,0.799348,0.536071],[0.365846,-0.60086,0.710721]],"armWidth":62.6972,"confidence":0.752278,"direction":[-0.00809605,0.430381,-0.902611],"elbow":[115.603,114.455,273.299],"grabStrength":0,"id":829,"palmNormal":[-0.273042,-0.869291,-0.412044],"palmPosition":[9.60438,295.079,35.7087],"palmVelocity":[-14.2378,-2.25104,-97.5578],"palmWidth":89.5295,"pinchStrength":1,"r":[[0.907298,-0.273442,0.319436],[0.322994,0.939622,-0.113075],[-0.26923,0.205769,0.940837]],"s":0.75926,"sphereCenter":[-10.3708,271.06,0.740758],"sphereRadius":45.1519,"stabilizedPalmPosition":[-42.7173,284.564,192.295],"t":[63.3117,14.3734,-180.867],"timeVisible":0.506093,"type":"right","wrist":[18.4103,274.083,84.4846]}],"id":4423939,"interactionBox":{"center":[0,200,0],"size":[235.247,235.247,147.751]},"pointables":[{"bases":[[[0.62973,0.76367,0.142296],[-0.648918,0.416454,0.636766],[0.427019,-0.493329,0.757813]],[[0.439399,0.888359,-0.133216],[-0.834604,0.458576,0.305195],[0.332212,-0.0229195,0.942926]],[[0.439399,0.888359,-0.133216],[-0.894073,0.418143,-0.160592],[-0.0869601,0.189669,0.97799]],[[0.439399,0.888359,-0.133216],[-0.881769,0.398234,-0.252772],[-0.171502,0.228534,0.958311]]],"btipPosition":[-20.898,259.716,-14.5521],"carpPosition":[-11.4476,270.216,86.6388],"dipPosition":[-24.8473,264.978,7.51579],"direction":[0.0869601,-0.189669,-0.97799],"extended":false,"handId":829,"id":8290,"length":51.2798,"mcpPosition":[-11.4476,270.216,86.6388],"pipPosition":[-27.7647,271.341,40.3257],"stabilizedTipPosition":[-70.0806,259.952,133.104],"timeVisible":0.506093,"tipPosition":[-21.1102,261.35,-9.29746],"tipVelocity":[-21.4093,-22.862,-90.0509],"tool":false,"touchDistance":-0.476428,"touchZone":"hovering","type":0,"width":19.925},{"bases":[[[0.946952,-0.167402,-0.274332],[0.244878,0.928666,0.278594],[0.208125,-0.330994,0.920395]],[[0.960288,-0.192678,-0.201797],[0.242508,0.934053,0.262174],[0.137974,-0.3007,0.943686]],[[0.960288,-0.192678,-0.201797],[0.224533,0.96301,0.148988],[0.165626,-0.188381,0.968029]],[[0.960288,-0.192678,-0.201797],[0.207956,0.976461,0.0572594],[0.186014,-0.0969505,0.977752]]],"btipPosition":[-26.6102,332.324,-61.9033],"carpPosition":[1.3544,289.542,84.0746],"dipPosition":[-23.4831,330.694,-45.466],"direction":[-0.165626,0.188381,-0.968029],"extended":true,"handId":829,"id":8291,"length":57.8636,"mcpPosition":[-13.7115,313.502,17.4484],"pipPosition":[-19.5441,326.214,-22.4439],"stabilizedTipPosition":[-82.8984,332.721,84.4704],"timeVisible":0.506093,"tipPosition":[-25.624,330.506,-58.3717],"tipVelocity":[-2.7133,-22.5071,-118.092],"tool":false,"touchDistance":-0.518497,"touchZone":"hovering","type":1,"width":19.0323},{"bases":[[[0.910651,-0.366427,-0.190908],[0.405956,0.879503,0.248344],[0.0769042,-0.303655,0.949673]],[[0.911232,-0.368824,-0.183371],[0.219324,0.811304,-0.541926],[0.348644,0.453603,0.820178]],[[0.911232,-0.368824,-0.183371],[-0.259237,-0.167586,-0.951163],[0.320081,0.914267,-0.248323]],[[0.911232,-0.368824,-0.183371],[-0.406142,-0.730424,-0.549117],[0.0685892,0.574848,-0.815381]]],"btipPosition":[-19.045,252.405,-1.34712],"carpPosition":[12.9934,289.283,80.7198],"dipPosition":[-17.7768,263.035,-16.4238],"direction":[-0.320081,-0.914267,0.248323],"extended":false,"handId":829,"id":8292,"length":65.9309,"mcpPosition":[7.71412,310.129,15.5265],"pipPosition":[-8.82093,288.616,-23.3719],"stabilizedTipPosition":[-64.0875,232.678,197.366],"timeVisible":0.506093,"tipPosition":[-18.6701,254.495,-3.68507],"tipVelocity":[12.2345,-34.4164,-83.0363],"tool":false,"touchDistance":0.333333,"touchZone":"none","type":2,"width":18.6923},{"bases":[[[0.878831,-0.472369,-0.0672494],[0.472225,0.840947,0.264217],[-0.0682548,-0.263959,0.962116]],[[0.8787,-0.47287,-0.0654206],[0.357517,0.742682,-0.56622],[0.316335,0.474149,0.821654]],[[0.8787,-0.47287,-0.0654206],[-0.181658,-0.20449,-0.961865],[0.44146,0.857075,-0.265586]],[[0.8787,-0.47287,-0.0654206],[-0.425354,-0.71335,-0.556962],[0.216703,0.517229,-0.827958]]],"btipPosition":[-1.47209,248.454,4.91577],"carpPosition":[24.2448,285.9,77.8768],"dipPosition":[2.5118,257.963,-10.3055],"direction":[-0.44146,-0.857075,0.265586],"extended":false,"handId":829,"id":8293,"length":63.3943,"mcpPosition":[28.4517,302.169,18.5773],"pipPosition":[14.5448,281.324,-17.5446],"stabilizedTipPosition":[-48.5795,233.67,198.122],"timeVisible":0.506093,"tipPosition":[-0.544571,250.548,2.02825],"tipVelocity":[11.1082,-26.4472,-70.8504],"tool":false,"touchDistance":0.333333,"touchZone":"none","type":3,"width":17.7869},{"bases":[[[0.774838,-0.632157,0.00183135],[0.595269,0.730593,0.334496],[-0.212792,-0.25809,0.942395]],[[0.694854,-0.677095,0.242322],[0.681042,0.511319,-0.524152],[0.230997,0.529241,0.816422]],[[0.694854,-0.677095,0.242322],[0.00289901,-0.334316,-0.942457],[0.719145,0.655573,-0.230338]],[[0.694854,-0.677095,0.242322],[-0.457966,-0.676415,-0.576827],[0.554477,0.289835,-0.780097]]],"btipPosition":[14.3638,254.454,10.9588],"carpPosition":[33.5036,275.674,75.468],"dipPosition":[23.7678,259.369,-2.27174],"direction":[-0.719145,-0.655573,0.230338],"extended":false,"handId":829,"id":8294,"length":49.7,"mcpPosition":[45.6444,290.399,21.7001],"pipPosition":[37.6076,271.986,-6.70456],"stabilizedTipPosition":[-34.9999,243.41,193.184],"timeVisible":0.506093,"tipPosition":[16.6055,255.479,8.40518],"tipVelocity":[1.92132,-17.1161,-62.023],"tool":false,"touchDistance":0.333333,"touchZone":"none","type":4,"width":15.7997}],"r":[[0.907298,-0.273442,0.319436],[0.322994,0.939622,-0.113075],[-0.26923,0.205769,0.940837]],"s":0.75926,"t":[63.3117,14.3734,-180.867],"timestamp":606941668187},false],[4,{"currentFrameRate":104.9,"devices":[],"gestures":[],"hands":[{"armBasis":[[0.892144,0.0106997,-0.451624],[0.263347,0.799963,0.539173],[0.367051,-0.599954,0.710865]],"armWidth":62.6972,"confidence":0.758586,"direction":[-0.00788081,0.423827,-0.905709],"elbow":[115.428,115.088,272.74],"grabStrength":0,"id":829,"palmNormal":[-0.26521,-0.874187,-0.406769],"palmPosition":[9.13711,295.057,34.9295],"palmVelocity":[-24.537,-2.3018,-94.3155],"palmWidth":89.5295,"pinchStrength":1,"r":[[0.907127,-0.268537,0.324051],[0.320113,0.940122,-0.117036],[-0.273219,0.209899,0.938772]],"s":0.762439,"sphereCenter":[-10.6196,270.761,0.0662505],"sphereRadius":45.1942,"stabilizedPalmPosition":[-42.7171,284.564,192.294],"t":[62.9612,14.3679,-181.64],"timeVisible":0.515171,"type":"right","wrist":[17.9147,274.476,83.887]}],"id":4423940,"interactionBox":{"center":[0,200,0],"size":[235.247,235.247,147.751]},"pointables":[{"bases":[[[0.623648,0.769232,0.139089],[-0.654268,0.416278,0.631385],[0.427781,-0.484763,0.762894]],[[0.435761,0.88986,-0.135139],[-0.836742,0.455832,0.303447],[0.331626,-0.0191538,0.943217]],[[0.435761,0.88986,-0.135139],[-0.896051,0.414741,-0.158374],[-0.084883,0.190105,0.978087]],[[0.435761,0.88986,-0.135139],[-0.88344,0.394142,-0.25335],[-0.172182,0.229787,0.957889]]],"btipPosition":[-21.3977,259.678,-15.2386],"carpPosition":[-11.9221,270.407,85.9602],"dipPosition":[-25.3627,264.97,6.81962],"direction":[0.084883,-0.190105,-0.978087],"extended":false,"handId":829,"id":8290,"length":51.2798,"mcpPosition":[-11.9221,270.407,85.9602],"pipPosition":[-28.2104,271.348,39.6328],"stabilizedTipPosition":[-70.0405,259.953,132.984],"timeVisible":0.515171,"tipPosition":[-21.5418,261.091,-9.9876],"tipVelocity":[-30.823,-17.4701,-86.1266],"tool":false,"touchDistance":-0.467449,"touchZone":"hovering","type":0,"width":19.925},{"bases":[[[0.949148,-0.162471,-0.269669],[0.237109,0.932396,0.272794],[0.207117,-0.322863,0.923505]],[[0.962142,-0.186536,-0.198712],[0.235425,0.936162,0.261104],[0.137321,-0.298001,0.944637]],[[0.962142,-0.186536,-0.198712],[0.217675,0.964675,0.148391],[0.164012,-0.186028,0.968759]],[[0.962142,-0.186536,-0.198712],[0.20134,0.977866,0.0569175],[0.183696,-0.0947713,0.978404]]],"btipPosition":[-27.0378,331.794,-62.968],"carpPosition":[0.74885,289.807,83.3036],"dipPosition":[-23.9497,330.2,-46.5197],"direction":[-0.164012,0.186028,-0.968759],"extended":true,"handId":829,"id":8291,"length":57.8636,"mcpPosition":[-14.2441,313.179,16.4522],"pipPosition":[-20.0491,325.776,-23.4802],"stabilizedTipPosition":[-82.8898,332.721,84.4485],"timeVisible":0.515171,"tipPosition":[-26.0624,329.97,-59.4327],"tipVelocity":[-15.2651,-32.1839,-117.79],"tool":false,"touchDistance":-0.510913,"touchZone":"hovering","type":1,"width":19.0323},{"bases":[[[0.913982,-0.361152,-0.184948],[0.39865,0.884191,0.243485],[0.0755942,-0.296271,0.952108]],[[0.914554,-0.363496,-0.177373],[0.215452,0.808968,-0.546948],[0.342303,0.461998,0.818161]],[[0.914554,-0.363496,-0.177373],[-0.254494,-0.176316,-0.950866],[0.314362,0.914759,-0.253758]],[[0.914554,-0.363496,-0.177373],[-0.398803,-0.737308,-0.545282],[0.067429,0.569427,-0.819272]]],"btipPosition":[-19.0645,251.912,-1.92119],"carpPosition":[12.4018,289.609,79.9931],"dipPosition":[-17.8177,262.441,-17.0698],"direction":[-0.314362,-0.914759,0.253758],"extended":false,"handId":829,"id":8292,"length":65.9309,"mcpPosition":[7.21238,309.947,14.6327],"pipPosition":[-9.02191,288.036,-24.17],"stabilizedTipPosition":[-64.0766,232.683,197.317],"timeVisible":0.515171,"tipPosition":[-18.6968,253.99,-4.27944],"tipVelocity":[8.1059,-40.6212,-78.0641],"tool":false,"touchDistance":0.333333,"touchZone":"none","type":2,"width":18.6923},{"bases":[[[0.882475,-0.466434,-0.0606469],[0.465138,0.846233,0.259876],[-0.0698936,-0.257543,0.963736]],[[0.882335,-0.466943,-0.0587395],[0.354252,0.741135,-0.570285],[0.309824,0.482373,0.819344]],[[0.882335,-0.466943,-0.0587395],[-0.176552,-0.212719,-0.961031],[0.436251,0.858321,-0.270129]],[[0.882335,-0.466943,-0.0587395],[-0.418077,-0.720382,-0.553408],[0.216095,0.512849,-0.830836]]],"btipPosition":[-1.4887,248.131,4.43303],"carpPosition":[23.6878,286.287,77.2156],"dipPosition":[2.48401,257.559,-10.8411],"direction":[-0.436251,-0.858321,0.270129],"extended":false,"handId":829,"id":8293,"length":63.3943,"mcpPosition":[27.9957,302.161,17.8162],"pipPosition":[14.3751,280.954,-18.2042],"stabilizedTipPosition":[-48.5644,233.675,198.06],"timeVisible":0.515171,"tipPosition":[-0.565004,250.212,1.52944],"tipVelocity":[7.45135,-29.5443,-66.333],"tool":false,"touchDistance":0.333333,"touchZone":"none","type":3,"width":17.7869},{"bases":[[[0.779388,-0.626474,0.00920276],[0.588718,0.737284,0.331396],[-0.214396,-0.252868,0.943447]],[[0.699037,-0.670227,0.249284],[0.678435,0.511432,-0.527412],[0.225994,0.537804,0.812215]],[[0.699037,-0.670227,0.249284],[0.00652653,-0.342614,-0.939454],[0.715056,0.65834,-0.235125]],[[0.699037,-0.670227,0.249284],[-0.452236,-0.684394,-0.571915],[0.553922,0.287054,-0.781518]]],"btipPosition":[14.2432,254.289,10.6076],"carpPosition":[33.0293,276.111,74.9141],"dipPosition":[23.6377,259.158,-2.64707],"direction":[-0.715056,-0.65834,0.235125],"extended":false,"handId":829,"id":8294,"length":49.7,"mcpPosition":[45.2616,290.539,21.0863],"pipPosition":[37.3989,271.828,-7.17203],"stabilizedTipPosition":[-34.994,243.412,193.163],"timeVisible":0.515171,"tipPosition":[16.4956,255.316,7.98304],"tipVelocity":[-2.35102,-17.7137,-55.738],"tool":false,"touchDistance":0.333333,"touchZone":"none","type":4,"width":15.7997}],"r":[[0.907127,-0.268537,0.324051],[0.320113,0.940122,-0.117036],[-0.273219,0.209899,0.938772]],"s":0.762439,"t":[62.9612,14.3679,-181.64],"timestamp":606941677265},false],[5,{"currentFrameRate":105.143,"devices":[],"gestures":[],"hands":[{"armBasis":[[0.893196,0.0150177,-0.449417],[0.258626,0.800435,0.540756],[0.36785,-0.599232,0.711061]],"armWidth":62.6972,"confidence":0.767382,"direction":[-0.00937526,0.418143,-0.908333],"elbow":[115.219,115.869,272.177],"grabStrength":0,"id":829,"palmNormal":[-0.260446,-0.878042,-0.40151],"palmPosition":[8.64746,295.295,34.1809],"palmVelocity":[-32.6861,5.61086,-91.0894],"palmWidth":89.5295,"pinchStrength":1,"r":[[0.907187,-0.263263,0.328182],[0.316876,0.940674,-0.121338],[-0.276769,0.214069,0.936789]],"s":0.765486,"sphereCenter":[-10.9713,270.741,-0.554668],"sphereRadius":45.2298,"stabilizedPalmPosition":[-42.7165,284.564,192.292],"t":[62.5411,14.4846,-182.401],"timeVisible":0.52423,"type":"right","wrist":[17.4939,275.064,83.2717]}],"id":4423941,"interactionBox":{"center":[0,200,0],"size":[235.247,235.247,147.751]},"pointables":[{"bases":[[[0.619612,0.773256,0.134741],[-0.656849,0.416848,0.628321],[0.429687,-0.47782,0.766197]],[[0.433706,0.890517,-0.1374],[-0.836973,0.454628,0.304614],[0.33373,-0.0171128,0.942513]],[[0.433706,0.890517,-0.1374],[-0.897461,0.413319,-0.154051],[-0.0803949,0.190124,0.978463]],[[0.433706,0.890517,-0.1374],[-0.884763,0.392018,-0.252025],[-0.170569,0.230871,0.957917]]],"btipPosition":[-22.09,260.002,-15.8284],"carpPosition":[-12.3234,270.856,85.3491],"dipPosition":[-26.0179,265.318,6.2305],"direction":[0.0803949,-0.190124,-0.978463],"extended":false,"handId":829,"id":8290,"length":51.2798,"mcpPosition":[-12.3234,270.856,85.3491],"pipPosition":[-28.715,271.697,39.0563],"stabilizedTipPosition":[-69.9959,259.954,132.848],"timeVisible":0.52423,"tipPosition":[-22.1765,261.223,-10.5828],"tipVelocity":[-43.1533,-2.6147,-80.3172],"tool":false,"touchDistance":-0.457881,"touchZone":"hovering","type":0,"width":19.925},{"bases":[[[0.950163,-0.159295,-0.267983],[0.232148,0.935273,0.267156],[0.208081,-0.316053,0.925642]],[[0.963019,-0.182387,-0.198315],[0.231069,0.937621,0.259758],[0.138568,-0.295977,0.945091]],[[0.963019,-0.182387,-0.198315],[0.213184,0.965906,0.146898],[0.164762,-0.183743,0.969068]],[[0.963019,-0.182387,-0.198315],[0.196757,0.978898,0.0551769],[0.184067,-0.0921563,0.978584]]],"btipPosition":[-27.6828,331.614,-63.875],"carpPosition":[0.250415,290.304,82.5808],"dipPosition":[-24.5884,330.064,-47.4236],"direction":[-0.164762,0.183743,-0.969068],"extended":true,"handId":829,"id":8291,"length":57.8636,"mcpPosition":[-14.8123,313.183,15.5748],"pipPosition":[-20.6699,325.695,-24.3768],"stabilizedTipPosition":[-82.8802,332.721,84.4237],"timeVisible":0.52423,"tipPosition":[-26.7135,329.805,-60.3368],"tipVelocity":[-30.6639,-28.4743,-112.89],"tool":false,"touchDistance":-0.501749,"touchZone":"hovering","type":1,"width":19.0323},{"bases":[[[0.915949,-0.357622,-0.182053],[0.393954,0.887712,0.238261],[0.0764027,-0.289956,0.953985]],[[0.916529,-0.359921,-0.174446],[0.211738,0.806638,-0.551817],[0.339325,0.468819,0.815516]],[[0.916529,-0.359921,-0.174446],[-0.252884,-0.183553,-0.949925],[0.309878,0.914748,-0.25925]],[[0.916529,-0.359921,-0.174446],[-0.394631,-0.74274,-0.540928],[0.0651238,0.564618,-0.822779]]],"btipPosition":[-19.3059,251.78,-2.4194],"carpPosition":[11.9067,290.145,79.2799],"dipPosition":[-18.1017,262.22,-17.6329],"direction":[-0.309878,-0.914748,0.25925],"extended":false,"handId":829,"id":8292,"length":65.9309,"mcpPosition":[6.66175,310.05,13.7906],"pipPosition":[-9.43134,287.815,-24.8867],"stabilizedTipPosition":[-64.0646,232.689,197.263],"timeVisible":0.52423,"tipPosition":[-18.9477,253.846,-4.79676],"tipVelocity":[-1.7873,-34.0532,-72.1496],"tool":false,"touchDistance":0.333333,"touchZone":"none","type":2,"width":18.6923},{"bases":[[[0.884888,-0.462289,-0.0571213],[0.460622,0.850197,0.254935],[-0.0692894,-0.2519,0.965269]],[[0.884747,-0.462793,-0.0551852],[0.350905,0.739366,-0.574634],[0.306739,0.489041,0.816548]],[[0.884747,-0.462793,-0.0551852],[-0.174736,-0.2196,-0.959814],[0.432077,0.858835,-0.275157]],[[0.884747,-0.462793,-0.0551852],[-0.413981,-0.72594,-0.54921],[0.214109,0.508757,-0.83386]]],"btipPosition":[-1.7163,248.127,3.96948],"carpPosition":[23.2115,286.863,76.5311],"dipPosition":[2.21991,257.48,-11.3603],"direction":[-0.432077,-0.858835,0.275157],"extended":false,"handId":829,"id":8293,"length":63.3943,"mcpPosition":[27.4822,302.389,17.0371],"pipPosition":[13.9972,280.89,-18.8603],"stabilizedTipPosition":[-48.5508,233.68,198.004],"timeVisible":0.52423,"tipPosition":[-0.801046,250.195,1.05282],"tipVelocity":[-1.79892,-22.0196,-62.536],"tool":false,"touchDistance":0.333333,"touchZone":"none","type":3,"width":17.7869},{"bases":[[[0.782567,-0.622417,0.0136498],[0.584704,0.742327,0.327218],[-0.213799,-0.248089,0.94485]],[[0.702365,-0.665065,0.253716],[0.675681,0.510795,-0.531549],[0.223918,0.544772,0.808136]],[[0.702365,-0.665065,0.253716],[0.00763874,-0.349371,-0.936953],[0.711776,0.660021,-0.240306]],[[0.702365,-0.665065,0.253716],[-0.448959,-0.690497,-0.567141],[0.552376,0.284432,-0.783568]]],"btipPosition":[13.9478,254.396,10.1893],"carpPosition":[32.6065,276.721,74.2995],"dipPosition":[23.3162,259.22,-3.10014],"direction":[-0.711776,-0.660021,0.240306],"extended":false,"handId":829,"id":8294,"length":49.7,"mcpPosition":[44.8047,290.876,20.3916],"pipPosition":[37.0142,271.922,-7.72479],"stabilizedTipPosition":[-34.9889,243.413,193.145],"timeVisible":0.52423,"tipPosition":[16.2041,255.423,7.51338],"tipVelocity":[-10.8866,-9.87292,-53.3414],"tool":false,"touchDistance":0.333333,"touchZone":"none","type":4,"width":15.7997}],"r":[[0.907187,-0.263263,0.328182],[0.316876,0.940674,-0.121338],[-0.276769,0.214069,0.936789]],"s":0.765486,"t":[62.5411,14.4846,-182.401],"timestamp":606941686324},false],[6,{"currentFrameRate":105.398,"devices":[],"gestures":[],"hands":[{"armBasis":[[0.89384,0.0195631,-0.447959],[0.25414,0.800974,0.542082],[0.369408,-0.598379,0.710971]],"armWidth":62.6972,"confidence":0.775565,"direction":[-0.00876107,0.409722,-0.912168],"elbow":[114.973,116.883,271.299],"grabStrength":0,"id":829,"palmNormal":[-0.25633,-0.882644,-0.393998],"palmPosition":[8.0291,295.598,33.1225],"palmVelocity":[-42.5594,13.2883,-98.3274],"palmWidth":89.5295,"pinchStrength":1,"r":[[0.907245,-0.257758,0.332365],[0.31367,0.941084,-0.126378],[-0.280209,0.218909,0.934645]],"s":0.76817,"sphereCenter":[-11.4195,270.698,-1.45776],"sphereRadius":45.2683,"stabilizedPalmPosition":[-42.7153,284.564,192.288],"t":[62.0219,14.6941,-183.311],"timeVisible":0.533245,"type":"right","wrist":[16.8337,275.852,82.4179]}],"id":4423942,"interactionBox":{"center":[0,200,0],"size":[235.247,235.247,147.751]},"pointables":[{"bases":[[[0.616496,0.776713,0.129036],[-0.65982,0.420226,0.622935],[0.429617,-0.469177,0.771558]],[[0.432641,0.890265,-0.142307],[-0.837341,0.455292,0.302605],[0.33419,-0.01176,0.942432]],[[0.432641,0.890265,-0.142307],[-0.898149,0.411867,-0.153929],[-0.0784263,0.194409,0.97778]],[[0.432641,0.890265,-0.142307],[-0.885231,0.389565,-0.254174],[-0.170845,0.23594,0.956632]]],"btipPosition":[-22.8218,260.177,-16.6558],"carpPosition":[-12.9729,271.555,84.4653],"dipPosition":[-26.756,265.61,5.3735],"direction":[0.0784263,-0.194409,-0.97778],"extended":false,"handId":829,"id":8290,"length":51.2798,"mcpPosition":[-12.9729,271.555,84.4653],"pipPosition":[-29.3871,272.132,38.1764],"stabilizedTipPosition":[-69.9407,259.956,132.675],"timeVisible":0.533245,"tipPosition":[-22.8773,261.284,-11.424],"tipVelocity":[-53.6537,4.26481,-83.6769],"tool":false,"touchDistance":-0.45294,"touchZone":"hovering","type":0,"width":19.925},{"bases":[[[0.951357,-0.158301,-0.264311],[0.228139,0.938532,0.259057],[0.207055,-0.306756,0.928994]],[[0.963926,-0.180254,-0.195845],[0.227616,0.939645,0.255457],[0.137978,-0.290819,0.946777]],[[0.963926,-0.180254,-0.195845],[0.209799,0.967338,0.142276],[0.163802,-0.178232,0.970259]],[[0.963926,-0.180254,-0.195845],[0.193431,0.979828,0.0502168],[0.182843,-0.0862877,0.979348]]],"btipPosition":[-28.2537,331.211,-65.2641],"carpPosition":[-0.463093,291.022,81.5468],"dipPosition":[-25.1799,329.76,-48.7999],"direction":[-0.163802,0.178232,-0.970259],"extended":true,"handId":829,"id":8291,"length":57.8636,"mcpPosition":[-15.4516,313.228,14.2981],"pipPosition":[-21.2843,325.521,-25.7248],"stabilizedTipPosition":[-82.8688,332.72,84.3934],"timeVisible":0.533245,"tipPosition":[-27.2925,329.433,-61.7152],"tipVelocity":[-39.7903,-32.246,-124.128],"tool":false,"touchDistance":-0.5007,"touchZone":"hovering","type":1,"width":19.0323},{"bases":[[[0.91766,-0.355951,-0.176635],[0.390184,0.891295,0.230976],[0.0752177,-0.280877,0.956792]],[[0.918231,-0.358181,-0.168992],[0.21012,0.802281,-0.558745],[0.335711,0.477548,0.81194]],[[0.918231,-0.358181,-0.168992],[-0.249982,-0.193212,-0.948777],[0.307183,0.913441,-0.266952]],[[0.918231,-0.358181,-0.168992],[-0.390672,-0.749116,-0.534978],[0.0650244,0.557254,-0.827792]]],"btipPosition":[-19.6812,251.646,-3.13972],"carpPosition":[11.2013,290.874,78.2744],"dipPosition":[-18.4789,261.949,-18.4459],"direction":[-0.307183,-0.913441,0.266952],"extended":false,"handId":829,"id":8292,"length":65.9309,"mcpPosition":[6.03778,310.156,12.5924],"pipPosition":[-9.88391,287.508,-25.9152],"stabilizedTipPosition":[-64.0523,232.695,197.207],"timeVisible":0.533245,"tipPosition":[-19.3251,253.692,-5.53821],"tipVelocity":[-12.7563,-29.753,-74.9317],"tool":false,"touchDistance":0.333333,"touchZone":"none","type":2,"width":18.6923},{"bases":[[[0.886684,-0.459575,-0.0508157],[0.456948,0.854178,0.248148],[-0.0706371,-0.243249,0.967388]],[[0.886426,-0.460441,-0.0473591],[0.352326,0.737543,-0.576104],[0.300191,0.493988,0.816003]],[[0.886426,-0.460441,-0.0473591],[-0.168481,-0.225661,-0.959527],[0.431118,0.858529,-0.277607]],[[0.886426,-0.460441,-0.0473591],[-0.409118,-0.73152,-0.545436],[0.216497,0.502864,-0.836813]]],"btipPosition":[-2.05028,248.239,3.03488],"carpPosition":[22.5244,287.609,75.582],"dipPosition":[1.92982,257.484,-12.3492],"direction":[-0.431118,-0.858529,0.277607],"extended":false,"handId":829,"id":8293,"length":63.3943,"mcpPosition":[26.8781,302.602,15.9575],"pipPosition":[13.681,280.885,-19.916],"stabilizedTipPosition":[-48.5405,233.684,197.961],"timeVisible":0.533245,"tipPosition":[-1.14263,250.249,0.164979],"tipVelocity":[-11.1832,-13.3169,-74.2281],"tool":false,"touchDistance":0.333333,"touchZone":"none","type":3,"width":17.7869},{"bases":[[[0.784778,-0.619415,0.0211924],[0.581249,0.747431,0.321709],[-0.215111,-0.240152,0.946601]],[[0.704274,-0.660123,0.261221],[0.674567,0.507567,-0.536036],[0.221262,0.553727,0.802764]],[[0.704274,-0.660123,0.261221],[0.00976616,-0.35891,-0.933321],[0.709861,0.659865,-0.246324]],[[0.704274,-0.660123,0.261221],[-0.445819,-0.697594,-0.5609],[0.552488,0.27857,-0.785592]]],"btipPosition":[13.5047,254.494,9.59266],"carpPosition":[31.9612,277.481,73.4657],"dipPosition":[22.875,259.219,-3.73109],"direction":[-0.709861,-0.659865,0.246324],"extended":false,"handId":829,"id":8294,"length":49.7,"mcpPosition":[44.2342,291.183,19.4579],"pipPosition":[36.5362,271.918,-8.47157],"stabilizedTipPosition":[-34.9835,243.414,193.125],"timeVisible":0.533245,"tipPosition":[15.7692,255.508,6.86853],"tipVelocity":[-21.3951,-4.87083,-57.1127],"tool":false,"touchDistance":0.333333,"touchZone":"none","type":4,"width":15.7997}],"r":[[0.907245,-0.257758,0.332365],[0.31367,0.941084,-0.126378],[-0.280209,0.218909,0.934645]]