{"sensorType":"Leap","data":[[0,{"currentFrameRate":109.74,"devices":[],"gestures":[],"hands":[{"armBasis":[[0.910556,0.204251,-0.359401],[0.0651076,0.787699,0.61261],[0.408226,-0.581216,0.703946]],"armWidth":55.1429,"confidence":0.449232,"direction":[-0.0133123,0.541671,-0.840485],"elbow":[68.1528,129.761,230.879],"grabStrength":0,"id":827,"palmNormal":[-0.0641768,-0.83929,-0.539884],"palmPosition":[-34.6763,288.049,25.4058],"palmVelocity":[33.1554,-54.4978,-185.415],"palmWidth":78.7422,"pinchStrength":0.688138,"r":[[0.906816,-0.372747,0.196838],[0.368802,0.927713,0.0577457],[-0.204133,0.0202293,0.978734]],"s":0.941451,"sphereCenter":[-52.3427,267.386,-9.7307],"sphereRadius":43.5708,"stabilizedPalmPosition":[-39.0228,272.847,266.511],"t":[54.6916,34.0415,-275.828],"timeVisible":6.89628,"type":"right","wrist":[-27.2318,265.565,66.3981]}],"id":4423226,"interactionBox":{"center":[0,200,0],"size":[235.247,235.247,147.751]},"pointables":[{"bases":[[[0.456336,0.837568,0.300396],[-0.769167,0.201573,0.606424],[0.447369,-0.507788,0.736215]],[[0.334644,0.935485,0.113499],[-0.788076,0.211786,0.577999],[0.516672,-0.282869,0.808106]],[[0.334644,0.935485,0.113499],[-0.941011,0.338144,-0.0125566],[-0.0501254,-0.102601,0.993459]],[[0.334644,0.935485,0.113499],[-0.87396,0.353144,-0.333889],[-0.35243,0.0125407,0.935754]]],"btipPosition":[-66.1123,272.263,-18.1997],"carpPosition":[-52.4098,257.271,64.9744],"dipPosition":[-73.2502,272.517,0.752468],"direction":[0.0501254,0.102601,-0.993459],"extended":false,"handId":827,"id":8270,"length":45.1012,"mcpPosition":[-52.4098,257.271,64.9744],"pipPosition":[-74.7292,269.49,30.0656],"stabilizedTipPosition":[-85.3862,237.466,213.248],"timeVisible":6.89628,"tipPosition":[-67.0245,270.863,-14.3981],"tipVelocity":[28.4586,10.3623,-168.292],"tool":false,"touchDistance":-0.571378,"touchZone":"hovering","type":0,"width":17.5242},{"bases":[[[0.981449,0.0448587,-0.186403],[0.036667,0.910379,0.412147],[0.188185,-0.411336,0.891846]],[[0.972308,0.0627542,-0.225118],[0.0454631,0.89408,0.445594],[0.229237,-0.44349,0.866468]],[[0.972308,0.0627542,-0.225118],[0.017693,0.940742,0.33866],[0.233031,-0.333265,0.913582]],[[0.972308,0.0627542,-0.225118],[-0.00504115,0.968681,0.248257],[0.233647,-0.240248,0.942173]]],"btipPosition":[-73.3154,329.362,-56.0293],"carpPosition":[-44.4825,276.162,66.0064],"dipPosition":[-69.8608,325.81,-42.0985],"direction":[-0.233031,0.333265,-0.913581],"extended":true,"handId":827,"id":8271,"length":50.8916,"mcpPosition":[-56.4636,302.35,9.22553],"pipPosition":[-64.9865,318.839,-22.9892],"stabilizedTipPosition":[-75.6746,293.885,177.629],"timeVisible":6.89628,"tipPosition":[-71.5654,327.428,-53.3815],"tipVelocity":[13.3188,-38.7273,-177.636],"tool":false,"touchDistance":-0.623377,"touchZone":"hovering","type":1,"width":16.7391},{"bases":[[[0.977123,-0.166986,-0.131709],[0.206187,0.895605,0.39418],[0.0521365,-0.412319,0.909547]],[[0.978014,-0.175761,-0.112237],[0.0894528,0.83975,-0.535554],[0.188381,0.513739,0.837009]],[[0.978014,-0.175761,-0.112237],[-0.103132,0.0601382,-0.992848],[0.181254,0.982594,0.0406894]],[[0.978014,-0.175761,-0.112237],[-0.179993,-0.439647,-0.879951],[0.105316,0.880806,-0.461616]]],"btipPosition":[-51.3575,243.147,-19.1294],"carpPosition":[-34.1787,278.186,64.194],"dipPosition":[-49.6448,257.471,-26.6364],"direction":[-0.181254,-0.982594,-0.0406894],"extended":false,"handId":827,"id":8272,"length":57.9869,"mcpPosition":[-37.3266,303.08,9.27849],"pipPosition":[-45.1844,281.651,-25.6351],"stabilizedTipPosition":[-58.7428,266.582,45.245],"timeVisible":6.89628,"tipPosition":[-50.925,246.899,-21.5921],"tipVelocity":[80.392,-72.2845,-177.882],"tool":false,"touchDistance":0.333333,"touchZone":"hovering","type":2,"width":16.4401},{"bases":[[[0.955803,-0.292878,-0.0257635],[0.277028,0.867786,0.412556],[-0.0984715,-0.401459,0.910568]],[[0.952563,-0.304341,0.000522501],[0.264288,0.826349,-0.497292],[0.150914,0.47384,0.867583]],[[0.952563,-0.304341,0.000522501],[0.029838,0.0916819,-0.995341],[0.302875,0.948141,0.0964137]],[[0.952563,-0.304341,0.000522501],[-0.126676,-0.398046,-0.908577],[0.276725,0.865411,-0.417717]]],"btipPosition":[-35.9503,244.128,-16.001],"carpPosition":[-23.7179,277.41,62.462],"dipPosition":[-31.4759,258.121,-22.7551],"direction":[-0.302875,-0.948141,-0.0964137],"extended":false,"handId":827,"id":8273,"length":55.756,"mcpPosition":[-18.3799,299.172,13.1017],"pipPosition":[-24.2151,280.851,-20.4438],"stabilizedTipPosition":[-40.1962,270.607,95.5839],"timeVisible":6.89628,"tipPosition":[-34.8426,247.455,-17.3097],"tipVelocity":[78.1569,-54.5243,-185.679],"tool":false,"touchDistance":-0.579754,"touchZone":"hovering","type":3,"width":15.6438},{"bases":[[[0.878982,-0.476705,0.0119883],[0.412523,0.772769,0.482342],[-0.239199,-0.419024,0.875901]],[[0.804863,-0.557182,0.204313],[0.590718,0.71911,-0.365968],[0.0569873,0.415246,0.907923]],[[0.804863,-0.557182,0.204313],[0.307435,0.0969833,-0.946614],[0.507622,0.824707,0.249356]],[[0.804863,-0.557182,0.204313],[0.0108051,-0.330459,-0.943759],[0.593363,0.761804,-0.259953]]],"btipPosition":[-21.0279,253.401,-11.8787],"carpPosition":[-13.8441,270.404,60.1992],"dipPosition":[-12.177,264.765,-15.7563],"direction":[-0.507622,-0.824707,-0.249356],"extended":false,"handId":827,"id":8274,"length":43.7117,"mcpPosition":[-1.84113,291.43,16.2464],"pipPosition":[-3.58492,278.724,-11.5357],"stabilizedTipPosition":[-4.00089,275.844,91.6305],"timeVisible":6.89628,"tipPosition":[-18.0396,256.958,-14.3643],"tipVelocity":[56.8282,-55.103,-147.313],"tool":false,"touchDistance":-0.498589,"touchZone":"hovering","type":4,"width":13.896}],"r":[[0.906816,-0.372747,0.196838],[0.368802,0.927713,0.0577457],[-0.204133,0.0202293,0.978734]],"s":0.941451,"t":[54.6916,34.0415,-275.828],"timestamp":606934988804},false],[1,{"currentFrameRate":109.781,"devices":[],"gestures":[],"hands":[{"armBasis":[[0.910295,0.209017,-0.357318],[0.059502,0.788138,0.612615],[0.409663,-0.578921,0.705001]],"armWidth":55.1429,"confidence":0.451906,"direction":[-0.0141095,0.542815,-0.839734],"elbow":[68.6165,129.976,229.773],"grabStrength":0,"id":827,"palmNormal":[-0.0584922,-0.838827,-0.541246],"palmPosition":[-34.5664,287.748,24.0673],"palmVelocity":[27.3703,-48.6556,-175.139],"palmWidth":78.7422,"pinchStrength":0.670326,"r":[[0.908221,-0.367509,0.200178],[0.363157,0.929831,0.0594173],[-0.207968,0.018732,0.977956]],"s":0.946498,"sphereCenter":[-52.4727,267.191,-11.0955],"sphereRadius":43.6929,"stabilizedPalmPosition":[-39.0227,272.848,266.507],"t":[54.8955,33.6486,-277.186],"timeVisible":6.90532,"type":"right","wrist":[-27.1037,265.244,65.045]}],"id":4423227,"interactionBox":{"center":[0,200,0],"size":[235.247,235.247,147.751]},"pointables":[{"bases":[[[0.451232,0.839499,0.302707],[-0.771671,0.196677,0.604849],[0.448234,-0.506517,0.736564]],[[0.332501,0.935433,0.120035],[-0.787208,0.20519,0.58155],[0.519371,-0.287859,0.804606]],[[0.332501,0.935433,0.120035],[-0.941724,0.336194,-0.0113516],[-0.0509737,-0.109265,0.992705]],[[0.332501,0.935433,0.120035],[-0.876973,0.353492,-0.325516],[-0.34693,0.00296715,0.937886]]],"btipPosition":[-66.14,272.419,-19.4955],"carpPosition":[-52.2346,256.82,63.5484],"dipPosition":[-73.1665,272.479,-0.500137],"direction":[0.0509737,0.109265,-0.992705],"extended":false,"handId":827,"id":8270,"length":45.1012,"mcpPosition":[-52.2346,256.82,63.5484],"pipPosition":[-74.6705,269.255,28.7907],"stabilizedTipPosition":[-85.3861,237.467,213.247],"timeVisible":6.90532,"tipPosition":[-66.9962,270.981,-15.6629],"tipVelocity":[20.5544,10.8924,-161.127],"tool":false,"touchDistance":-0.561861,"touchZone":"hovering","type":0,"width":17.5242},{"bases":[[[0.981649,0.0502475,-0.18396],[0.0309202,0.909958,0.413546],[0.188176,-0.411645,0.891706]],[[0.971853,0.069306,-0.225164],[0.0411156,0.891185,0.451773],[0.231973,-0.448314,0.863251]],[[0.971853,0.069306,-0.225164],[0.0130327,0.93847,0.345115],[0.235228,-0.338336,0.911151]],[[0.971853,0.069306,-0.225164],[-0.00994632,0.966968,0.254705],[0.235378,-0.245296,0.94044]]],"btipPosition":[-73.414,329.331,-57.2039],"carpPosition":[-44.4084,275.751,64.6268],"dipPosition":[-69.9338,325.704,-43.2988],"direction":[-0.235228,0.338336,-0.911151],"extended":true,"handId":827,"id":8271,"length":50.8916,"mcpPosition":[-56.3889,301.959,7.85486],"pipPosition":[-65.0135,318.627,-24.2403],"stabilizedTipPosition":[-75.6745,293.885,177.626],"timeVisible":6.90532,"tipPosition":[-71.6792,327.372,-54.5713],"tipVelocity":[6.8217,-29.5286,-164.684],"tool":false,"touchDistance":-0.60708,"touchZone":"hovering","type":1,"width":16.7391},{"bases":[[[0.978296,-0.161696,-0.129582],[0.200558,0.896095,0.395968],[0.0520913,-0.413363,0.909075]],[[0.979176,-0.170369,-0.110401],[0.0858523,0.840296,-0.535287],[0.183965,0.514662,0.837425]],[[0.979176,-0.170369,-0.110401],[-0.101666,0.0591946,-0.993056],[0.175721,0.983601,0.0406412]],[[0.979176,-0.170369,-0.110401],[-0.175951,-0.440926,-0.880128],[0.101268,0.881226,-0.461721]]],"btipPosition":[-50.9009,242.785,-20.4671],"carpPosition":[-34.111,277.831,62.8422],"dipPosition":[-49.254,257.116,-27.9758],"direction":[-0.175721,-0.983601,-0.0406412],"extended":false,"handId":827,"id":8272,"length":57.9869,"mcpPosition":[-37.2561,302.789,7.95522],"pipPosition":[-44.9297,281.321,-26.9757],"stabilizedTipPosition":[-58.6309,266.302,44.3267],"timeVisible":6.90532,"tipPosition":[-50.4865,246.534,-22.9318],"tipVelocity":[71.7005,-63.3434,-169.667],"tool":false,"touchDistance":0.333333,"touchZone":"hovering","type":2,"width":16.4401},{"bases":[[[0.957377,-0.287852,-0.0238703],[0.271499,0.868618,0.414476],[-0.0985734,-0.403291,0.909747]],[[0.954137,-0.299361,0.00237308],[0.261141,0.82839,-0.495555],[0.146384,0.473447,0.868573]],[[0.954137,-0.299361,0.00237308],[0.0316643,0.093033,-0.995159],[0.297691,0.949593,0.0982452]],[[0.954137,-0.299361,0.00237308],[-0.122511,-0.397679,-0.909309],[0.273156,0.867314,-0.416116]]],"btipPosition":[-35.5119,243.88,-17.3922],"carpPosition":[-23.6421,277.112,61.1345],"dipPosition":[-31.0952,257.903,-24.1203],"direction":[-0.297691,-0.949593,-0.0982452],"extended":false,"handId":827,"id":8273,"length":55.756,"mcpPosition":[-18.2986,298.974,11.8187],"pipPosition":[-23.9586,280.668,-21.7651],"stabilizedTipPosition":[-40.1804,270.542,95.2665],"timeVisible":6.90532,"tipPosition":[-34.4195,247.213,-18.7034],"tipVelocity":[69.5846,-46.8638,-176.751],"tool":false,"touchDistance":-0.570889,"touchZone":"hovering","type":3,"width":15.6438},{"bases":[[[0.881426,-0.472131,0.0134303],[0.407318,0.774208,0.484452],[-0.239123,-0.421538,0.874715]],[[0.806359,-0.553922,0.207257],[0.589093,0.721142,-0.364588],[0.052492,0.416083,0.90781]],[[0.806359,-0.553922,0.207257],[0.309078,0.0959039,-0.946189],[0.504238,0.827026,0.248538]],[[0.806359,-0.553922,0.207257],[0.013475,-0.333138,-0.942782],[0.591273,0.763013,-0.261165]]],"btipPosition":[-20.6881,253.202,-13.0974],"carpPosition":[-13.7265,270.161,58.8855],"dipPosition":[-11.8683,264.584,-16.9931],"direction":[-0.504238,-0.827026,-0.248538],"extended":false,"handId":827,"id":8274,"length":43.7117,"mcpPosition":[-1.72731,291.314,14.9923],"pipPosition":[-3.33355,278.582,-12.7864],"stabilizedTipPosition":[-4.21784,275.548,90.0672],"timeVisible":6.90532,"tipPosition":[-17.745,256.735,-15.5472],"tipVelocity":[51.3118,-45.8696,-144.01],"tool":false,"touchDistance":-0.495408,"touchZone":"hovering","type":4,"width":13.896}],"r":[[0.908221,-0.367509,0.200178],[0.363157,0.929831,0.0594173],[-0.207968,0.018732,0.977956]],"s":0.946498,"t":[54.8955,33.6486,-277.186],"timestamp":606934997841},false],[2,{"currentFrameRate":109.82,"devices":[],"gestures":[],"hands":[{"armBasis":[[0.91222,0.213905,-0.349427],[0.0489896,0.789816,0.611385],[0.406761,-0.574836,0.710007]],"armWidth":55.1429,"confidence":0.456215,"direction":[-0.0147775,0.543326,-0.839391],"elbow":[68.0367,130.736,228.077],"grabStrength":0,"id":827,"palmNormal":[-0.0479092,-0.838904,-0.542167],"palmPosition":[-34.4636,287.517,21.1799],"palmVelocity":[22.9655,-42.3067,-214.923],"palmWidth":78.7422,"pinchStrength":0.663573,"r":[[0.909775,-0.361659,0.203745],[0.356839,0.932156,0.0612536],[-0.212075,0.0169769,0.977106]],"s":0.950901,"sphereCenter":[-52.4555,267.026,-14.0141],"sphereRadius":43.789,"stabilizedPalmPosition":[-39.0227,272.848,266.503],"t":[55.0489,33.3364,-279.308],"timeVisible":6.91436,"type":"right","wrist":[-27.0055,265.05,62.1791]}],"id":4423228,"interactionBox":{"center":[0,200,0],"size":[235.247,235.247,147.751]},"pointables":[{"bases":[[[0.441859,0.843401,0.305673],[-0.776589,0.189045,0.600975],[0.449077,-0.502929,0.738507]],[[0.324764,0.937532,0.124751],[-0.790515,0.196659,0.58001],[0.519244,-0.286984,0.805001]],[[0.324764,0.937532,0.124751],[-0.944067,0.329307,-0.0171304],[-0.0571417,-0.11221,0.99204]],[[0.324764,0.937532,0.124751],[-0.878839,0.347881,-0.326527],[-0.349528,-0.00359207,0.936919]]],"btipPosition":[-65.7146,272.176,-22.4761],"carpPosition":[-52.0492,256.395,60.5456],"dipPosition":[-72.7937,272.103,-3.50033],"direction":[0.0571417,0.11221,-0.99204],"extended":false,"handId":827,"id":8270,"length":45.1012,"mcpPosition":[-52.0492,256.395,60.5456],"pipPosition":[-74.4797,268.792,25.7709],"stabilizedTipPosition":[-85.386,237.467,213.246],"timeVisible":6.91436,"tipPosition":[-66.6127,270.749,-18.6308],"tipVelocity":[27.4948,-0.450069,-207.752],"tool":false,"touchDistance":-0.578785,"touchZone":"hovering","type":0,"width":17.5242},{"bases":[[[0.982083,0.0594801,-0.178817],[0.0203428,0.909878,0.414378],[0.187349,-0.410591,0.892365]],[[0.971685,0.0795925,-0.222469],[0.0320999,0.888357,0.45803],[0.234088,-0.452203,0.860648]],[[0.971685,0.0795925,-0.222469],[0.00383544,0.936118,0.351666],[0.236247,-0.342562,0.909307]],[[0.971685,0.0795925,-0.222469],[-0.0192388,0.965081,0.261246],[0.235494,-0.249569,0.939286]]],"btipPosition":[-73.4591,329.206,-60.0415],"carpPosition":[-44.4044,275.397,61.6788],"dipPosition":[-69.9771,325.516,-46.1534],"direction":[-0.236247,0.342562,-0.909307],"extended":true,"handId":827,"id":8271,"length":50.8916,"mcpPosition":[-56.3323,301.538,4.86486],"pipPosition":[-65.0355,318.351,-27.1335],"stabilizedTipPosition":[-75.6745,293.886,177.623],"timeVisible":6.91436,"tipPosition":[-71.7423,327.215,-57.4226],"tipVelocity":[3.58078,-25.6507,-205.951],"tool":false,"touchDistance":-0.617328,"touchZone":"hovering","type":1,"width":16.7391},{"bases":[[[0.980411,-0.152528,-0.124615],[0.190191,0.897599,0.397672],[0.0511981,-0.413583,0.909026]],[[0.981264,-0.161102,-0.105672],[0.0804197,0.84089,-0.535198],[0.17508,0.516673,0.838091]],[[0.981264,-0.161102,-0.105672],[-0.097564,0.0574587,-0.993569],[0.166137,0.985264,0.0406644]],[[0.981264,-0.161102,-0.105672],[-0.1676,-0.443226,-0.880602],[0.0950297,0.881814,-0.461923]]],"btipPosition":[-50.1456,242.406,-23.3821],"carpPosition":[-34.1176,277.574,59.9493],"dipPosition":[-48.6002,256.747,-30.8941],"direction":[-0.166137,-0.985264,-0.0406644],"extended":false,"handId":827,"id":8272,"length":57.9869,"mcpPosition":[-37.2088,302.545,5.06529],"pipPosition":[-44.5118,280.993,-29.8934],"stabilizedTipPosition":[-58.5277,266.062,43.5158],"timeVisible":6.91436,"tipPosition":[-49.757,246.153,-25.8466],"tipVelocity":[74.2626,-57.3682,-211.825],"tool":false,"touchDistance":0.333333,"touchZone":"hovering","type":2,"width":16.4401},{"bases":[[[0.960114,-0.278956,-0.0191075],[0.261286,0.870766,0.416528],[-0.0995548,-0.404907,0.908922]],[[0.956846,-0.290508,0.00709297],[0.255996,0.83112,-0.493665],[0.137519,0.474177,0.869623]],[[0.956846,-0.290508,0.00709297],[0.035876,0.0938726,-0.994938],[0.288372,0.952257,0.100244]],[[0.956846,-0.290508,0.00709297],[-0.1142,-0.398361,-0.910092],[0.267215,0.870008,-0.414346]]],"btipPosition":[-34.7881,243.672,-20.3036],"carpPosition":[-23.6338,276.953,58.2955],"dipPosition":[-30.4675,257.74,-27.0031],"direction":[-0.288372,-0.952257,-0.100244],"extended":false,"handId":827,"id":8273,"length":55.756,"mcpPosition":[-18.2371,298.902,9.0244],"pipPosition":[-23.5543,280.568,-24.6],"stabilizedTipPosition":[-40.1644,270.483,94.9738],"timeVisible":6.91436,"tipPosition":[-33.7208,247.015,-21.6161],"tipVelocity":[71.8083,-39.9651,-216.623],"tool":false,"touchDistance":-0.585706,"touchZone":"hovering","type":3,"width":15.6438},{"bases":[[[0.88568,-0.46396,0.0176607],[0.397609,0.777562,0.487139],[-0.239746,-0.424427,0.873146]],[[0.809216,-0.547425,0.213296],[0.585849,0.724577,-0.363],[0.0441657,0.418705,0.907048]],[[0.809216,-0.547425,0.213296],[0.312745,0.0940347,-0.945171],[0.497353,0.831555,0.247299]],[[0.809216,-0.547425,0.213296],[0.0197521,-0.337496,-0.94112],[0.587179,0.765782,-0.262294]]],"btipPosition":[-20.1406,253.084,-15.7502],"carpPosition":[-13.6427,270.096,56.0929],"dipPosition":[-11.3819,264.506,-19.6627],"direction":[-0.497353,-0.831555,-0.247299],"extended":false,"handId":827,"id":8274,"length":43.7117,"mcpPosition":[-1.61223,291.394,12.2784],"pipPosition":[-2.96368,278.581,-15.4769],"stabilizedTipPosition":[-4.37509,275.323,88.8607],"timeVisible":6.91436,"tipPosition":[-17.2477,256.602,-18.1649],"tipVelocity":[53.4394,-36.5563,-185.335],"tool":false,"touchDistance":-0.514049,"touchZone":"hovering","type":4,"width":13.896}],"r":[[0.909775,-0.361659,0.203745],[0.356839,0.932156,0.0612536],[-0.212075,0.0169769,0.977106]],"s":0.950901,"t":[55.0489,33.3364,-279.308],"timestamp":606935006877},false],[3,{"currentFrameRate":109.859,"devices":[],"gestures":[],"hands":[{"armBasis":[[0.911899,0.216436,-0.348705],[0.0456486,0.790881,0.610265],[0.407868,-0.572418,0.711324]],"armWidth":55.1429,"confidence":0.464414,"direction":[-0.014582,0.542312,-0.840051],"elbow":[68.5227,130.902,226.778],"grabStrength":0,"id":827,"palmNormal":[-0.0445768,-0.839657,-0.541284],"palmPosition":[-34.2156,287.05,19.5327],"palmVelocity":[24.2019,-44.8897,-205.958],"palmWidth":78.7422,"pinchStrength":0.654288,"r":[[0.91109,-0.356435,0.207048],[0.35124,0.934189,0.0626266],[-0.215744,0.015665,0.976324]],"s":0.954899,"sphereCenter":[-52.47,266.624,-15.6175],"sphereRadius":43.8852,"stabilizedPalmPosition":[-39.0226,272.848,266.499],"t":[55.2496,32.9469,-281.193],"timeVisible":6.92339,"type":"right","wrist":[-26.7781,264.651,60.5727]}],"id":4423229,"interactionBox":{"center":[0,200,0],"size":[235.247,235.247,147.751]},"pointables":[{"bases":[[[0.43898,0.844943,0.305563],[-0.778282,0.187646,0.599221],[0.44897,-0.50086,0.739977]],[[0.323764,0.937588,0.126906],[-0.790334,0.194266,0.581062],[0.520143,-0.288425,0.803904]],[[0.323764,0.937588,0.126906],[-0.944236,0.328693,-0.0194545],[-0.0599536,-0.113531,0.991724]],[[0.323764,0.937588,0.126906],[-0.880426,0.34767,-0.322451],[-0.346448,-0.00733372,0.938041]]],"btipPosition":[-65.4787,271.885,-24.0878],"carpPosition":[-51.7951,255.927,58.8999],"dipPosition":[-72.4954,271.736,-5.08939],"direction":[0.0599536,0.113531,-0.991724],"extended":false,"handId":827,"id":8270,"length":45.1012,"mcpPosition":[-51.7951,255.927,58.8999],"pipPosition":[-74.2644,268.386,24.1725],"stabilizedTipPosition":[-85.3859,237.467,213.245],"timeVisible":6.92339,"tipPosition":[-66.3734,270.46,-20.2182],"tipVelocity":[27.5517,-9.74502,-199.523],"tool":false,"touchDistance":-0.573338,"touchZone":"hovering","type":0,"width":17.5242},{"bases":[[[0.982271,0.061921,-0.176948],[0.017072,0.910409,0.413358],[0.18669,-0.40905,0.89321]],[[0.971345,0.0829169,-0.222739],[0.030173,0.886567,0.461615],[0.235749,-0.455108,0.858661]],[[0.971345,0.0829169,-0.222739],[0.00164387,0.934804,0.355159],[0.237666,-0.345348,0.907882]],[[0.971345,0.0829169,-0.222739],[-0.0216656,0.96416,0.264436],[0.236682,-0.252033,0.938329]]],"btipPosition":[-73.3255,328.864,-61.6302],"carpPosition":[-44.2038,274.95,60.026],"dipPosition":[-69.826,325.138,-47.7563],"direction":[-0.237666,0.345348,-0.907882],"extended":true,"handId":827,"id":8271,"length":50.8916,"mcpPosition":[-56.0897,300.993,3.15824],"pipPosition":[-64.8547,317.914,-28.7662],"stabilizedTipPosition":[-75.6745,293.886,177.621],"timeVisible":6.92339,"tipPosition":[-71.6301,326.86,-59.0183],"tipVelocity":[6.78987,-29.2705,-197.775],"tool":false,"touchDistance":-0.607809,"touchZone":"hovering","type":1,"width":16.7391},{"bases":[[[0.981063,-0.150028,-0.122502],[0.186985,0.898569,0.397002],[0.0505151,-0.41239,0.909606]],[[0.981895,-0.158486,-0.103751],[0.0788508,0.839972,-0.53687],[0.172234,0.518969,0.837261]],[[0.981895,-0.158486,-0.103751],[-0.0961889,0.0546827,-0.99386],[0.163186,0.985846,0.0384481]],[[0.981895,-0.158486,-0.103751],[-0.16493,-0.445891,-0.879761],[0.0931684,0.880945,-0.463957]]],"btipPosition":[-49.6847,241.818,-24.9299],"carpPosition":[-33.9195,277.153,58.3143],"dipPosition":[-48.1695,256.144,-32.475],"direction":[-0.163186,-0.985846,-0.0384481],"extended":false,"handId":827,"id":8272,"length":57.9869,"mcpPosition":[-36.9694,302.052,3.39525],"pipPosition":[-44.1537,280.404,-31.5289],"stabilizedTipPosition":[-58.4344,265.849,42.8037],"timeVisible":6.92339,"tipPosition":[-49.3046,245.554,-27.4002],"tipVelocity":[67.6532,-59.6253,-200.915],"tool":false,"touchDistance":0.333333,"touchZone":"hovering","type":2,"width":16.4401},{"bases":[[[0.960898,-0.276388,-0.0168878],[0.258115,0.87195,0.416029],[-0.10026,-0.40412,0.909195]],[[0.957612,-0.287912,0.00930333],[0.254704,0.831192,-0.494212],[0.134557,0.475633,0.869291]],[[0.957612,-0.287912,0.00930333],[0.0375042,0.0925899,-0.994998],[0.28561,0.953171,0.0994631]],[[0.957612,-0.287912,0.00930333],[-0.111422,-0.399992,-0.909721],[0.26564,0.870123,-0.415116]]],"btipPosition":[-34.3406,243.155,-21.8879],"carpPosition":[-23.4308,276.559,56.6819],"dipPosition":[-30.0455,257.224,-28.5999],"direction":[-0.28561,-0.953171,-0.0994631],"extended":false,"handId":827,"id":8273,"length":55.756,"mcpPosition":[-17.9958,298.465,7.39603],"pipPosition":[-23.1985,280.075,-26.2155],"stabilizedTipPosition":[-40.1489,270.428,94.7034],"timeVisible":6.92339,"tipPosition":[-33.2807,246.498,-23.2112],"tipVelocity":[65.4967,-44.7177,-205.362],"tool":false,"touchDistance":-0.579277,"touchZone":"hovering","type":3,"width":15.6438},{"bases":[[[0.88689,-0.461549,0.0199488],[0.394549,0.779195,0.487018],[-0.240327,-0.42406,0.873164]],[[0.809244,-0.54572,0.217519],[0.58603,0.723947,-0.363963],[0.0411494,0.422008,0.905658]],[[0.809244,-0.54572,0.217519],[0.314647,0.0899428,-0.944938],[0.496107,0.833127,0.244495]],[[0.809244,-0.54572,0.217519],[0.0218476,-0.34205,-0.939428],[0.587067,0.764978,-0.26488]]],"btipPosition":[-19.7706,252.579,-17.2084],"carpPosition":[-13.4169,269.726,54.507],"dipPosition":[-11.0136,263.99,-21.1595],"direction":[-0.496107,-0.833127,-0.244495],"extended":false,"handId":827,"id":8274,"length":43.7117,"mcpPosition":[-1.35729,291.005,10.6916],"pipPosition":[-2.61644,278.092,-17.0212],"stabilizedTipPosition":[-4.4929,275.146,87.9188],"timeVisible":6.92339,"tipPosition":[-16.9099,256.066,-19.594],"tipVelocity":[49.9923,-41.9484,-179.028],"tool":false,"touchDistance":-0.512985,"touchZone":"hovering","type":4,"width":13.896}],"r":[[0.91109,-0.356435,0.207048],[0.35124,0.934189,0.0626266],[-0.215744,0.015665,0.976324]],"s":0.954899,"t":[55.2496,32.9469,-281.193],"timestamp":606935015909},false],[4,{"currentFrameRate":109.866,"devices":[],"gestures":[],"hands":[{"armBasis":[[0.910363,0.213297,-0.354604],[0.0494178,0.794752,0.604919],[0.41085,-0.56822,0.712972]],"armWidth":55.1429,"confidence":0.467732,"direction":[-0.0157163,0.540401,-0.841261],"elbow":[69.3727,131.739,225.857],"grabStrength":0,"id":827,"palmNormal":[-0.0483131,-0.840792,-0.539198],"palmPosition":[-34.1281,286.83,18.1974],"palmVelocity":[20.1654,-39.1727,-189.6],"palmWidth":78.7422,"pinchStrength":0.647021,"r":[[0.912057,-0.352616,0.209319],[0.347262,0.935645,0.063066],[-0.218086,0.0151686,0.975812]],"s":0.958364,"sphereCenter":[-52.8507,266.489,-16.8081],"sphereRadius":43.9664,"stabilizedPalmPosition":[-39.0225,272.848,266.495],"t":[55.3937,32.6419,-282.804],"timeVisible":6.93248,"type":"right","wrist":[-26.6249,264.507,59.2669]}],"id":4423230,"interactionBox":{"center":[0,200,0],"size":[235.247,235.247,147.751]},"pointables":[{"bases":[[[0.442023,0.844532,0.302293],[-0.776015,0.191005,0.601098],[0.449907,-0.500283,0.739798]],[[0.328176,0.936148,0.126204],[-0.786563,0.196832,0.5853],[0.523086,-0.291349,0.800935]],[[0.328176,0.936148,0.126204],[-0.942756,0.332975,-0.0184101],[-0.0592575,-0.112938,0.991833]],[[0.328176,0.936148,0.126204],[-0.881356,0.351524,-0.315664],[-0.339872,-0.00763775,0.940441]]],"btipPosition":[-65.6332,271.915,-25.2225],"carpPosition":[-51.6687,255.842,57.6888],"dipPosition":[-72.5167,271.76,-6.17541],"direction":[0.0592575,0.112938,-0.991833],"extended":false,"handId":827,"id":8270,"length":45.1012,"mcpPosition":[-51.6687,255.842,57.6888],"pipPosition":[-74.2652,268.428,23.0897],"stabilizedTipPosition":[-85.3858,237.467,213.244],"timeVisible":6.93248,"tipPosition":[-66.5352,270.507,-21.3263],"tipVelocity":[16.1492,-6.16341,-178.491],"tool":false,"touchDistance":-0.561189,"touchZone":"hovering","type":0,"width":17.5242},{"bases":[[[0.981892,0.0590214,-0.180014],[0.0206059,0.911317,0.41119],[0.188318,-0.407454,0.893598]],[[0.970459,0.0806551,-0.227387],[0.0349336,0.885563,0.463204],[0.238726,-0.457464,0.856584]],[[0.970459,0.0806551,-0.227387],[0.00588955,0.934268,0.356524],[0.241196,-0.347331,0.906193]],[[0.970459,0.0806551,-0.227387],[-0.0179216,0.963962,0.265434],[0.240602,-0.253518,0.936931]]],"btipPosition":[-73.4939,328.812,-62.7995],"carpPosition":[-44.026,274.849,58.7481],"dipPosition":[-69.9364,325.064,-48.9463],"direction":[-0.241196,0.347331,-0.906193],"extended":true,"handId":827,"id":8271,"length":50.8916,"mcpPosition":[-56.0157,300.79,1.85574],"pipPosition":[-64.8913,317.799,-29.9915],"stabilizedTipPosition":[-75.6744,293.886,177.62],"timeVisible":6.93248,"tipPosition":[-71.8212,326.804,-60.1934],"tipVelocity":[0.18713,-22.9007,-178.769],"tool":false,"touchDistance":-0.592972,"touchZone":"hovering","type":1,"width":16.7391},{"bases":[[[0.980311,-0.152798,-0.125073],[0.190439,0.899008,0.394356],[0.0521849,-0.410411,0.910406]],[[0.981174,-0.161173,-0.106396],[0.0792687,0.838473,-0.539147],[0.176106,0.520564,0.835464]],[[0.981174,-0.161173,-0.106396],[-0.0991254,0.0525207,-0.993688],[0.165744,0.985528,0.0355556]],[[0.981174,-0.161173,-0.106396],[-0.168749,-0.447581,-0.878177],[0.0939181,0.879599,-0.466353]]],"btipPosition":[-49.844,241.53,-26.1067],"carpPosition":[-33.7414,277.021,57.0008],"dipPosition":[-48.3167,255.834,-33.6907],"direction":[-0.165744,-0.985528,-0.0355556],"extended":false,"handId":827,"id":8272,"length":57.9869,"mcpPosition":[-36.8921,301.801,2.03337],"pipPosition":[-44.2379,280.087,-32.8158],"stabilizedTipPosition":[-58.3598,265.674,42.2143],"timeVisible":6.93248,"tipPosition":[-49.4625,245.255,-28.5794],"tipVelocity":[44.1503,-52.0298,-181.395],"tool":false,"touchDistance":0.333333,"touchZone":"hovering","type":2,"width":16.4401},{"bases":[[[0.960141,-0.278861,-0.0191059],[0.261558,0.872253,0.413233],[-0.0985695,-0.40176,0.910425]],[[0.956907,-0.290309,0.007106],[0.255303,0.829357,-0.496979],[0.138384,0.477377,0.867734]],[[0.956907,-0.290309,0.007106],[0.0346886,0.0899762,-0.99534],[0.288317,0.952694,0.0961692]],[[0.956907,-0.290309,0.007106],[-0.115236,-0.402069,-0.908329],[0.266553,0.868367,-0.418197]]],"btipPosition":[-34.4882,242.838,-23.109],"carpPosition":[-23.2591,276.397,55.3385],"dipPosition":[-30.1783,256.879,-29.8708],"direction":[-0.288317,-0.952694,-0.0961692],"extended":false,"handId":827,"id":8273,"length":55.756,"mcpPosition":[-17.9158,298.176,5.98598],"pipPosition":[-23.2665,279.718,-27.5653],"stabilizedTipPosition":[-40.136,270.381,94.4716],"timeVisible":6.93248,"tipPosition":[-33.4248,246.174,-24.4517],"tipVelocity":[42.9663,-42.1975,-186.035],"tool":false,"touchDistance":-0.56817,"touchZone":"hovering","type":3,"width":15.6438},{"bases":[[[0.885776,-0.463749,0.0183805],[0.397968,0.779317,0.484031],[-0.238793,-0.421428,0.874858]],[[0.807633,-0.547877,0.218082],[0.587979,0.720082,-0.36846],[0.0448342,0.425808,0.903702]],[[0.807633,-0.547877,0.218082],[0.312191,0.0835161,-0.946341],[0.500265,0.83238,0.238493]],[[0.807633,-0.547877,0.218082],[0.0174129,-0.347508,-0.937515],[0.589428,0.760966,-0.271119]]],"btipPosition":[-19.9181,252.211,-18.3962],"carpPosition":[-13.269,269.534,53.1497],"dipPosition":[-11.1258,263.562,-22.4404],"direction":[-0.500265,-0.83238,-0.238493],"extended":false,"handId":827,"id":8274,"length":43.7117,"mcpPosition":[-1.28639,290.681,9.24932],"pipPosition":[-2.6583,277.651,-18.4036],"stabilizedTipPosition":[-4.58292,275.01,87.1985],"timeVisible":6.93248,"tipPosition":[-17.0807,255.651,-20.7739],"tipVelocity":[31.9022,-41.9597,-166.284],"tool":false,"touchDistance":-0.508157,"touchZone":"hovering","type":4,"width":13.896}],"r":[[0.912057,-0.352616,0.209319],[0.347262,0.935645,0.063066],[-0.218086,0.0151686,0.975812]],"s":0.958364,"t":[55.3937,32.6419,-282.804],"timestamp":606935025000},false],[5,{"currentFrameRate":109.898,"devices":[],"gestures":[],"hands":[{"armBasis":[[0.910222,0.212314,-0.355554],[0.0480092,0.798686,0.599829],[0.411328,-0.563048,0.716789]],"armWidth":55.1429,"confidence":0.42426,"direction":[-0.0143318,0.545469,-0.838008],"elbow":[69.3617,132.743,224.185],"grabStrength":0,"id":827,"palmNormal":[-0.0471472,-0.837531,-0.544352],"palmPosition":[-34.1824,286.871,15.755],"palmVelocity":[12.9511,-27.1149,-211.794],"palmWidth":78.7422,"pinchStrength":0.643524,"r":[[0.912757,-0.349769,0.211038],[0.344008,0.936738,0.0646646],[-0.220304,0.0135755,0.975337]],"s":0.961373,"sphereCenter":[-53.1607,266.899,-19.3468],"sphereRadius":44.0391,"stabilizedPalmPosition":[-39.0224,272.849,266.492],"t":[55.4386,32.5101,-284.83],"timeVisible":6.94152,"type":"right","wrist":[-26.7477,264.302,56.7024]}],"id":4423231,"interactionBox":{"center":[0,200,0],"size":[235.247,235.247,147.751]},"pointables":[{"bases":[[[0.441282,0.84279,0.308182],[-0.777138,0.187197,0.600844],[0.448695,-0.504641,0.737571]],[[0.328666,0.934917,0.133821],[-0.786867,0.192704,0.586265],[0.522321,-0.297985,0.798991]],[[0.328666,0.934917,0.133821],[-0.942347,0.334069,-0.0194944],[-0.062931,-0.119699,0.990814]],[[0.328666,0.934917,0.133821],[-0.881282,0.354538,-0.31248],[-0.339588,-0.0152323,0.940451]]],"btipPosition":[-65.6154,272.354,-27.7704],"carpPosition":[-51.7867,255.642,55.027],"dipPosition":[-72.4932,272.046,-8.72313],"direction":[0.062931,0.119699,-0.990814],"extended":false,"handId":827,"id":8270,"length":45.1012,"mcpPosition":[-51.7867,255.642,55.027],"pipPosition":[-74.3501,268.514,20.5119],"stabilizedTipPosition":[-85.3858,237.467,213.243],"timeVisible":6.94152,"tipPosition":[-66.5529,270.944,-23.8677],"tipVelocity":[12.2786,7.85148,-206.965],"tool":false,"touchDistance":-0.571622,"touchZone":"hovering","type":0,"width":17.5242},{"bases":[[[0.9822,0.0603272,-0.177888],[0.0196534,0.908821,0.416723],[0.186808,-0.412801,0.891458]],[[0.970422,0.0829685,-0.226711],[0.0352511,0.880325,0.473059],[0.238828,-0.467059,0.851362]],[[0.970422,0.0829685,-0.226711],[0.00613067,0.930317,0.366706],[0.241338,-0.35725,0.902291]],[[0.970422,0.0829685,-0.226711],[-0.0177854,0.961107,0.275603],[0.24076,-0.263419,0.934155]]],"btipPosition":[-73.5312,329.658,-64.8797],"carpPosition":[-44.1504,274.644,56.2149],"dipPosition":[-69.9714,325.763,-51.0675],"direction":[-0.241338,0.35725,-0.902291],"extended":true,"handId":827,"id":8271,"length":50.8916,"mcpPosition":[-56.0438,300.925,-0.541306],"pipPosition":[-64.9233,318.29,-32.1944],"stabilizedTipPosition":[-75.6744,293.887,177.619],"timeVisible":6.94152,"tipPosition":[-71.8912,327.608,-62.2951],"tipVelocity":[-0.985215,8.1616,-193.196],"tool":false,"touchDistance":-0.593353,"touchZone":"hovering","type":1,"width":16.7391},{"bases":[[[0.98057,-0.15182,-0.124231],[0.18952,0.896653,0.40012],[0.0506457,-0.41589,0.908004]],[[0.981396,-0.160226,-0.105785],[0.0798102,0.84156,-0.534235],[0.174623,0.515853,0.838691]],[[0.981396,-0.160226,-0.105785],[-0.0975971,0.0581612,-0.993525],[0.165341,0.985365,0.0414416]],[[0.981396,-0.160226,-0.105785],[-0.167216,-0.442536,-0.881023],[0.0943488,0.882321,-0.461095]]],"btipPosition":[-49.808,241.824,-28.8282],"carpPosition":[-33.8631,276.829,54.4991],"dipPosition":[-48.2736,256.173,-36.3267],"direction":[-0.165341,-0.985365,-0.0414416],"extended":false,"handId":827,"id":8272,"length":57.9869,"mcpPosition":[-36.9209,301.939,-0.323192],"pipPosition":[-44.2048,280.421,-35.3069],"stabilizedTipPosition":[-58.3067,265.551,41.78],"timeVisible":6.94152,"tipPosition":[-49.424,245.559,-31.2707],"tipVelocity":[33.1268,-28.4056,-213.763],"tool":false,"touchDistance":0.333333,"touchZone":"hovering","type":2,"width":16.4401},{"bases":[[[0.96024,-0.278526,-0.0190635],[0.26061,0.8698,0.418963],[-0.100111,-0.407273,0.907803]],[[0.956962,-0.290126,0.0070582],[0.255976,0.832362,-0.491579],[0.136745,0.47223,0.870804]],[[0.956962,-0.290126,0.0070582],[0.0363779,0.0957902,-0.994737],[0.287923,0.952182,0.102222]],[[0.956962,-0.290126,0.0070582],[-0.113595,-0.396845,-0.910829],[0.267056,0.870828,-0.412723]]],"btipPosition":[-34.4586,243.128,-25.8057],"carpPosition":[-23.3776,276.216,52.852],"dipPosition":[-30.1405,257.208,-32.479],"direction":[-0.287923,-0.952182,-0.102222],"extended":false,"handId":827,"id":8273,"length":55.756,"mcpPosition":[-17.9508,298.294,3.64156],"pipPosition":[-23.2381,280.035,-30.0285],"stabilizedTipPosition":[-40.1266,270.347,94.3004],"timeVisible":6.94152,"tipPosition":[-33.3944,246.471,-27.1344],"tipVelocity":[32.0823,-21.446,-216.348],"tool":false,"touchDistance":-0.579833,"touchZone":"hovering","type":3,"width":15.6438},{"bases":[[[0.885851,-0.463653,0.0171719],[0.396915,0.776469,0.489443],[-0.240265,-0.426758,0.871866]],[[0.8064,-0.549687,0.218091],[0.589792,0.720625,-0.364478],[0.0431875,0.422543,0.905313]],[[0.8064,-0.549687,0.218091],[0.313817,0.0851824,-0.945655],[0.501237,0.831016,0.241192]],[[0.8064,-0.549687,0.218091],[0.0180861,-0.345692,-0.938174],[0.591094,0.760487,-0.268824]]],"btipPosition":[-19.9482,252.444,-20.8853],"carpPosition":[-13.3821,269.369,50.6397],"dipPosition":[-11.1311,263.788,-24.8952],"direction":[-0.501237,-0.831016,-0.241192],"extended":false,"handId":827,"id":8274,"length":43.7117,"mcpPosition":[-1.32557,290.783,6.88946],"pipPosition":[-2.6471,277.854,-20.8128],"stabilizedTipPosition":[-4.64517,274.917,86.6898],"timeVisible":6.94152,"tipPosition":[-17.1305,255.864,-23.2182],"tipVelocity":[22.3648,-23.3476,-196.09],"tool":false,"touchDistance":-0.522893,"touchZone":"hovering","type":4,"width":13.896}],"r":[[0.912757,-0.349769,0.211038],[0.344008,0.936738,0.0646646],[-0.220304,0.0135755,0.975337]],"s":0.961373,"t":[55.4386,32.5101,-284.83],"timestamp":606935034042},false],[6,{"currentFrameRate":109.977,"devices":[],"gestures":[],"hands":[{"armBasis":[[0.910503,0.212604,-0.354661],[0.0469,0.799067,0.599409],[0.410835,-0.562397,0.717582]],"armWidth":55.1429,"confidence":0.438111,"direction":[-0.014168,0.544519,-0.838629],"elbow":[69.4062,132.534,223.171],"grabStrength":0,"id":827,"palmNormal":[-0.0460405,-0.838179,-0.543449],"palmPosition":[-34.0112,286.458,14.525],"palmVelocity":[14.6392,-32.3209,-191.455],"palmWidth":78.7422,"pinchStrength":0.634286,"r":[[0.913333,-0.34729,0.21263],[0.341232,0.937675,0.0657798],[-0.222222,0.0124772,0.974916]],"s":0.964229,"sphereCenter":[-53.2471,266.535,-20.5328],"sphereRadius":44.1282,"stabilizedPalmPosition":[-39.0224,272.849,266.49],"t":[55.5467,32.2376,-286.458],"timeVisible":6.95048,"type":"right","wrist":[-26.5879,263.941,55.5031]}],"id":4423232,"interactionBox":{"center":[0,200,0],"size":[235.247,235.247,147.751]},"pointables":[{"bases":[[[0.440345,0.843504,0.307565],[-0.77774,0.187216,0.600058],[0.448571,-0.503439,0.738467]],[[0.329709,0.934257,0.135854],[-0.785675,0.191744,0.588174],[0.523456,-0.300664,0.797242]],[[0.329709,0.934257,0.135854],[-0.941858,0.335382,-0.0205627],[-0.0647739,-0.121176,0.990515]],[[0.329709,0.934257,0.135854],[-0.882376,0.356123,-0.307553],[-0.335714,-0.0184717,0.941783]]],"btipPosition":[-65.5202,272.195,-28.9212],"carpPosition":[-51.6183,255.257,53.8188],"dipPosition":[-72.3195,271.821,-9.847],"direction":[0.0647739,0.121176,-0.990515],"extended":false,"handId":827,"id":8270,"length":45.1012,"mcpPosition":[-51.6183,255.257,53.8188],"pipPosition":[-74.2308,268.246,19.3793],"stabilizedTipPosition":[-85.3858,237.467,213.243],"timeVisible":6.95048,"tipPosition":[-66.4522,270.775,-24.9998],"tipVelocity":[12.3804,0.384179,-185.338],"tool":false,"touchDistance":-0.559963,"touchZone":"hovering","type":0,"width":17.5242},{"bases":[[[0.98228,0.0609534,-0.177228],[0.0185815,0.909303,0.41572],[0.186494,-0.411647,0.892058]],[[0.970089,0.0842585,-0.227658],[0.035317,0.878862,0.475766],[0.240168,-0.469576,0.849599]],[[0.970089,0.0842585,-0.227658],[0.00583962,0.929457,0.368884],[0.24268,-0.35918,0.901164]],[[0.970089,0.0842585,-0.227658],[-0.0184017,0.960655,0.277135],[0.242052,-0.264656,0.933471]]],"btipPosition":[-73.4566,329.36,-66.0425],"carpPosition":[-43.9989,274.267,54.991],"dipPosition":[-69.8777,325.447,-52.2404],"direction":[-0.24268,0.35918,-0.901164],"extended":true,"handId":827,"id":8271,"length":50.8916,"mcpPosition":[-55.8723,300.475,-1.80328],"pipPosition":[-64.8016,317.934,-33.3908],"stabilizedTipPosition":[-75.6744,293.887,177.618],"timeVisible":6.95048,"tipPosition":[-71.8348,327.314,-63.4595],"tipVelocity":[1.69482,-3.28593,-175.957],"tool":false,"touchDistance":-0.579827,"touchZone":"hovering","type":1,"width":16.7391},{"bases":[[[0.980789,-0.151135,-0.123334],[0.18847,0.897259,0.399257],[0.0503212,-0.414832,0.908506]],[[0.981605,-0.159479,-0.104969],[0.0794075,0.841005,-0.535168],[0.173627,0.516988,0.838199]],[[0.981605,-0.159479,-0.104969],[-0.0970058,0.0569423,-0.993654],[0.164444,0.985558,0.0404244]],[[0.981605,-0.159479,-0.104969],[-0.166252,-0.443662,-0.880638],[0.0938726,0.88189,-0.462015]]],"btipPosition":[-49.5661,241.345,-30.0166],"carpPosition":[-33.7121,276.459,53.2805],"dipPosition":[-48.0395,255.687,-37.5301],"direction":[-0.164444,-0.985558,-0.0404244],"extended":false,"handId":827,"id":8272,"length":57.9869,"mcpPosition":[-36.7504,301.505,-1.57213],"pipPosition":[-43.9927,279.94,-36.5353],"stabilizedTipPosition":[-58.2664,265.459,41.4545],"timeVisible":6.95048,"tipPosition":[-49.1837,245.075,-32.4577],"tipVelocity":[31.402,-35.3034,-191.719],"tool":false,"touchDistance":0.333333,"touchZone":"hovering","type":2,"width":16.4401},{"bases":[[[0.960487,-0.27774,-0.0180405],[0.25957,0.870487,0.418183],[-0.100442,-0.406342,0.908184]],[[0.957202,-0.289308,0.00807784],[0.255618,0.83199,-0.492395],[0.135733,0.473386,0.870335]],[[0.957202,-0.289308,0.00807784],[0.0369618,0.0945145,-0.994837],[0.287051,0.952559,0.101163]],[[0.957202,-0.289308,0.00807784],[-0.112668,-0.398191,-0.910357],[0.26659,0.870486,-0.413745]]],"btipPosition":[-34.2204,242.666,-26.9765],"carpPosition":[-23.225,275.854,51.6418],"dipPosition":[-29.9099,256.741,-33.6663],"direction":[-0.287051,-0.952559,-0.101163],"extended":false,"handId":827,"id":8273,"length":55.756,"mcpPosition":[-17.7802,297.881,2.41075],"pipPosition":[-23.0284,279.577,-31.2411],"stabilizedTipPosition":[-40.1192,270.321,94.1693],"timeVisible":6.95048,"tipPosition":[-33.1589,246.008,-28.3157],"tipVelocity":[30.5325,-29.7101,-193.069],"tool":false,"touchDistance":-0.567801,"touchZone":"hovering","type":3,"width":15.6438},{"bases":[[[0.886226,-0.462889,0.0183469],[0.3959,0.777349,0.488868],[-0.240554,-0.425984,0.872165]],[[0.805758,-0.549422,0.221109],[0.59076,0.719196,-0.365731],[0.0419199,0.425314,0.904075]],[[0.805758,-0.549422,0.221109],[0.314791,0.0810742,-0.945692],[0.501658,0.831602,0.238279]],[[0.805758,-0.549422,0.221109],[0.0184902,-0.349822,-0.936634],[0.591956,0.758788,-0.271713]]],"btipPosition":[-19.7549,251.979,-21.9651],"carpPosition":[-13.222,269.012,49.4446],"dipPosition":[-10.9249,263.298,-26.0181],"direction":[-0.501658,-0.831602,-0.238279],"extended":false,"handId":827,"id":8274,"length":43.7117,"mcpPosition":[-1.15106,290.388,5.67936],"pipPosition":[-2.4338,277.373,-21.985],"stabilizedTipPosition":[-4.689,2