{"sensorType":"Leap","data":[[0,{"currentFrameRate":110.592,"devices":[],"gestures":[],"hands":[{"armBasis":[[0.825251,0.0867591,-0.558062],[0.268525,0.809017,0.522864],[0.496844,-0.581348,0.644345]],"armWidth":63.72,"confidence":0.807508,"direction":[0.126531,0.324635,-0.937338],"elbow":[97.0167,125.613,272.611],"grabStrength":0,"id":833,"palmNormal":[-0.298651,-0.888622,-0.348078],"palmPosition":[-38.7994,298.737,46.3998],"palmVelocity":[0.0321312,-9.4762,-149.883],"palmWidth":90.99,"pinchStrength":1,"r":[[0.889183,-0.310418,0.336146],[0.433984,0.804921,-0.404672],[-0.144954,0.50571,0.850439]],"s":0.63439,"sphereCenter":[-75.7368,279.514,10.6983],"sphereRadius":53.363,"stabilizedPalmPosition":[-53.5293,258.528,267.982],"t":[9.58034,39.7002,-246.066],"timeVisible":2.63925,"type":"right","wrist":[-37.1313,282.576,98.6378]}],"id":4424889,"interactionBox":{"center":[0,200,0],"size":[235.247,235.247,147.751]},"pointables":[{"bases":[[[0.672455,0.727786,0.134657],[-0.677104,0.531447,0.509012],[0.298889,-0.433464,0.850161]],[[0.509191,0.83773,-0.197312],[-0.845355,0.529853,0.06805],[0.161554,0.132148,0.977976]],[[0.509191,0.83773,-0.197312],[-0.860554,0.492089,-0.131509],[-0.0130736,0.236761,0.97148]],[[0.509191,0.83773,-0.197312],[-0.812284,0.392,-0.431892],[-0.284463,0.380189,0.880078]]],"btipPosition":[-68.7178,257.538,-4.89379],"carpPosition":[-67.7566,281.104,97.6446],"dipPosition":[-75.3752,266.435,15.7032],"direction":[0.0130736,-0.236761,-0.97148],"extended":false,"handId":833,"id":8330,"length":52.1164,"mcpPosition":[-67.7566,281.104,97.6446],"pipPosition":[-75.821,274.508,48.8264],"stabilizedTipPosition":[-89.3021,252.639,150.799],"timeVisible":2.63925,"tipPosition":[-70.5742,258.829,0.0609684],"tipVelocity":[5.49665,22.093,-166.19],"tool":false,"touchDistance":-0.495462,"touchZone":"hovering","type":0,"width":20.25},{"bases":[[[0.953753,-0.264874,-0.142115],[0.29029,0.934333,0.20677],[0.0780145,-0.238462,0.968013]],[[0.949436,-0.254206,-0.184257],[0.281244,0.949477,0.139264],[0.139547,-0.184044,0.972962]],[[0.949436,-0.254206,-0.184257],[0.265124,0.96351,0.0368444],[0.168168,-0.0838326,0.982187]],[[0.949436,-0.254206,-0.184257],[0.250449,0.967139,-0.04378],[0.189332,-0.0045809,0.981902]]],"btipPosition":[-71.968,326.896,-58.9877],"carpPosition":[-52.9337,299.341,94.5457],"dipPosition":[-68.7331,326.817,-42.2113],"direction":[-0.168168,0.0838326,-0.982187],"extended":true,"handId":833,"id":8331,"length":58.8075,"mcpPosition":[-58.6732,316.884,23.3293],"pipPosition":[-64.6684,324.791,-18.4715],"stabilizedTipPosition":[-77.4494,314.679,86.9001],"timeVisible":2.63925,"tipPosition":[-71.4843,325.486,-55.128],"tipVelocity":[9.95207,32.7769,-145.412],"tool":false,"touchDistance":-0.498932,"touchZone":"hovering","type":1,"width":19.3428},{"bases":[[[0.891969,-0.450029,-0.0431791],[0.448997,0.87064,0.20097],[-0.0528488,-0.198646,0.978645]],[[0.886859,-0.461664,0.0186388],[0.406792,0.76105,-0.505296],[0.219092,0.455708,0.862745]],[[0.886859,-0.461664,0.0186388],[-0.0207488,-0.0800933,-0.996571],[0.461574,0.883432,-0.0806104]],[[0.886859,-0.461664,0.0186388],[-0.307678,-0.620184,-0.721599],[0.344696,0.634222,-0.69206]]],"btipPosition":[-67.3441,252.699,-1.969],"carpPosition":[-40.868,297.845,92.5963],"dipPosition":[-60.8666,264.617,-14.9742],"direction":[-0.461574,-0.883432,0.0806104],"extended":false,"handId":833,"id":8332,"length":67.0064,"mcpPosition":[-37.1808,311.704,24.3182],"pipPosition":[-47.7411,289.739,-17.2665],"stabilizedTipPosition":[-58.4974,230.451,164.815],"timeVisible":2.63925,"tipPosition":[-66.0172,255.237,-3.87571],"tipVelocity":[17.6002,1.69996,-176.582],"tool":false,"touchDistance":0.333333,"touchZone":"none","type":2,"width":18.9972},{"bases":[[[0.838068,-0.5387,0.086281],[0.509663,0.829486,0.228466],[-0.194643,-0.147496,0.969721]],[[0.821568,-0.548053,0.157048],[0.55237,0.697017,-0.457225],[0.141118,0.46239,0.875375]],[[0.821568,-0.548053,0.157048],[0.116416,-0.108393,-0.987268],[0.558098,0.82939,-0.0252498]],[[0.821568,-0.548053,0.157048],[-0.262808,-0.608525,-0.748752],[0.505924,0.573877,-0.643977]]],"btipPosition":[-48.542,248.172,4.32336],"carpPosition":[-29.5162,293.291,91.4465],"dipPosition":[-39.0893,258.895,-7.70871],"direction":[-0.558098,-0.82939,0.0252498],"extended":false,"handId":833,"id":8333,"length":64.4285,"mcpPosition":[-17.3238,302.53,30.7032],"pipPosition":[-23.6289,281.87,-8.40818],"stabilizedTipPosition":[-42.9024,228.184,188.219],"timeVisible":2.63925,"tipPosition":[-46.6585,250.549,2.60353],"tipVelocity":[16.9307,-0.463988,-169.303],"tool":false,"touchDistance":0.333333,"touchZone":"none","type":3,"width":18.077},{"bases":[[[0.714099,-0.681751,0.158993],[0.614597,0.719289,0.323873],[-0.335163,-0.133561,0.932645]],[[0.668441,-0.692885,0.270363],[0.731937,0.548242,-0.404597],[0.132115,0.468338,0.873616]],[[0.668441,-0.692885,0.270363],[0.200549,-0.182134,-0.962604],[0.716217,0.697665,0.0172121]],[[0.668441,-0.692885,0.270363],[-0.287033,-0.575664,-0.765652],[0.686148,0.43419,-0.583679]]],"btipPosition":[-31.8756,252.094,15.976],"carpPosition":[-20.8033,282.039,91.2218],"dipPosition":[-20.0486,259.578,5.91521],"direction":[-0.716217,-0.697665,-0.0172121],"extended":false,"handId":833,"id":8334,"length":50.5107,"mcpPosition":[-1.36882,289.784,37.1422],"pipPosition":[-6.04029,273.224,6.25185],"stabilizedTipPosition":[-33.2323,239.658,193.314],"timeVisible":2.63925,"tipPosition":[-29.4664,253.844,14.5097],"tipVelocity":[17.5218,-0.742716,-168.142],"tool":false,"touchDistance":0.333333,"touchZone":"none","type":4,"width":16.0574}],"r":[[0.889183,-0.310418,0.336146],[0.433984,0.804921,-0.404672],[-0.144954,0.50571,0.850439]],"s":0.63439,"t":[9.58034,39.7002,-246.066],"timestamp":606950525952},false],[1,{"currentFrameRate":110.606,"devices":[],"gestures":[],"hands":[{"armBasis":[[0.826509,0.0847116,-0.556513],[0.269516,0.808388,0.523326],[0.49421,-0.582523,0.645309]],"armWidth":63.72,"confidence":0.824953,"direction":[0.125452,0.324183,-0.937639],"elbow":[96.5466,125.351,271.809],"grabStrength":0,"id":833,"palmNormal":[-0.299698,-0.888568,-0.347315],"palmPosition":[-38.6197,298.773,45.334],"palmVelocity":[5.50649,-5.77809,-141.168],"palmWidth":90.99,"pinchStrength":1,"r":[[0.889303,-0.309916,0.336292],[0.433482,0.80556,-0.403939],[-0.145717,0.505001,0.85073]],"s":0.63552,"sphereCenter":[-75.5903,279.596,9.6743],"sphereRadius":53.3759,"stabilizedPalmPosition":[-53.5292,258.528,267.981],"t":[9.69742,39.6847,-247.298],"timeVisible":2.64826,"type":"right","wrist":[-36.8902,282.632,97.5761]}],"id":4424890,"interactionBox":{"center":[0,200,0],"size":[235.247,235.247,147.751]},"pointables":[{"bases":[[[0.673105,0.727408,0.133445],[-0.676064,0.532083,0.50973],[0.299778,-0.433319,0.849922]],[[0.510209,0.837147,-0.19716],[-0.844255,0.531234,0.0708798],[0.164075,0.13029,0.977806]],[[0.510209,0.837147,-0.19716],[-0.859969,0.493405,-0.130404],[-0.0118875,0.236084,0.97166]],[[0.510209,0.837147,-0.19716],[-0.812228,0.393629,-0.430514],[-0.282796,0.37979,0.880787]]],"btipPosition":[-68.6842,257.737,-5.92709],"carpPosition":[-67.5177,281.179,96.6255],"dipPosition":[-75.3026,266.626,14.6865],"direction":[0.0118875,-0.236084,-0.97166],"extended":false,"handId":833,"id":8330,"length":52.1164,"mcpPosition":[-67.5177,281.179,96.6255],"pipPosition":[-75.7079,274.675,47.8158],"stabilizedTipPosition":[-89.302,252.639,150.798],"timeVisible":2.64826,"tipPosition":[-70.4937,259.013,-0.971597],"tipVelocity":[5.28285,22.0462,-151.884],"tool":false,"touchDistance":-0.489691,"touchZone":"hovering","type":0,"width":20.25},{"bases":[[[0.953387,-0.265542,-0.143319],[0.291173,0.934228,0.206001],[0.0791908,-0.238129,0.968]],[[0.948964,-0.254774,-0.185898],[0.282489,0.948732,0.141797],[0.140241,-0.187075,0.972284]],[[0.948964,-0.254774,-0.185898],[0.266201,0.963132,0.0389151],[0.16913,-0.0864153,0.981798]],[[0.948964,-0.254774,-0.185898],[0.251348,0.966977,-0.0421762],[0.190505,-0.00670141,0.981663]]],"btipPosition":[-71.8814,327.164,-59.9907],"carpPosition":[-52.6874,299.405,93.499],"dipPosition":[-68.6265,327.05,-43.2184],"direction":[-0.16913,0.0864153,-0.981798],"extended":true,"handId":833,"id":8331,"length":58.8075,"mcpPosition":[-58.5134,316.924,22.2837],"pipPosition":[-64.5385,324.961,-19.488],"stabilizedTipPosition":[-77.4494,314.679,86.8994],"timeVisible":2.64826,"tipPosition":[-71.3865,325.76,-56.1399],"tipVelocity":[9.99729,31.6914,-136.043],"tool":false,"touchDistance":-0.492432,"touchZone":"hovering","type":1,"width":19.3428},{"bases":[[[0.89162,-0.450619,-0.0442252],[0.44983,0.870431,0.200008],[-0.0516322,-0.198225,0.978796]],[[0.886566,-0.462259,0.0178026],[0.407003,0.761141,-0.504988],[0.219885,0.454951,0.862943]],[[0.886566,-0.462259,0.0178026],[-0.0215996,-0.0798061,-0.996576],[0.462098,0.883146,-0.080738]],[[0.886566,-0.462259,0.0178026],[-0.308909,-0.620225,-0.721038],[0.344348,0.633748,-0.692667]]],"btipPosition":[-67.233,252.779,-3.03662],"carpPosition":[-40.6253,297.901,91.5337],"dipPosition":[-60.762,264.688,-16.0532],"direction":[-0.462097,-0.883146,0.080738],"extended":false,"handId":833,"id":8332,"length":67.0064,"mcpPosition":[-37.0231,311.73,23.2451],"pipPosition":[-47.6216,289.802,-18.3491],"stabilizedTipPosition":[-58.4974,230.451,164.814],"timeVisible":2.64826,"tipPosition":[-65.91,255.307,-4.96739],"tipVelocity":[16.104,3.59671,-160.661],"tool":false,"touchDistance":0.333333,"touchZone":"none","type":2,"width":18.9972},{"bases":[[[0.83784,-0.539204,0.085344],[0.510508,0.829249,0.227437],[-0.193406,-0.146987,0.970046]],[[0.821441,-0.548514,0.156099],[0.552302,0.696936,-0.45743],[0.142115,0.461966,0.875437]],[[0.821441,-0.548514,0.156099],[0.115266,-0.108382,-0.987404],[0.558523,0.829087,-0.0258046]],[[0.821441,-0.548514,0.156099],[-0.264235,-0.608629,-0.748165],[0.505386,0.573327,-0.644889]]],"btipPosition":[-48.4276,248.226,3.25621],"carpPosition":[-29.2781,293.338,90.3701],"dipPosition":[-38.985,258.938,-8.79289],"direction":[-0.558523,-0.829087,0.0258046],"extended":false,"handId":833,"id":8333,"length":64.4285,"mcpPosition":[-17.1631,302.546,29.6065],"pipPosition":[-23.5128,281.905,-9.50773],"stabilizedTipPosition":[-42.9024,228.184,188.219],"timeVisible":2.64826,"tipPosition":[-46.5454,250.593,1.51315],"tipVelocity":[15.692,1.22112,-155.409],"tool":false,"touchDistance":0.333333,"touchZone":"none","type":3,"width":18.077},{"bases":[[[0.713879,-0.682146,0.158282],[0.615502,0.719023,0.322744],[-0.333967,-0.132977,0.933158]],[[0.668686,-0.693169,0.269027],[0.731737,0.549258,-0.403579],[0.131983,0.466725,0.874499]],[[0.668686,-0.693169,0.269027],[0.200469,-0.180347,-0.962958],[0.71601,0.697848,0.0183638]],[[0.668686,-0.693169,0.269027],[-0.287582,-0.574765,-0.766121],[0.685679,0.434927,-0.583681]]],"btipPosition":[-31.6976,252.143,14.8086],"carpPosition":[-20.5727,282.081,90.1379],"dipPosition":[-19.8787,259.64,4.74786],"direction":[-0.71601,-0.697848,-0.0183638],"extended":false,"handId":833,"id":8334,"length":50.5107,"mcpPosition":[-1.20754,289.792,36.0286],"pipPosition":[-5.87436,273.289,5.10703],"stabilizedTipPosition":[-33.2323,239.658,193.314],"timeVisible":2.64826,"tipPosition":[-29.2996,253.883,13.3399],"tipVelocity":[18.077,1.04198,-157.503],"tool":false,"touchDistance":0.333333,"touchZone":"none","type":4,"width":16.0574}],"r":[[0.889303,-0.309916,0.336292],[0.433482,0.80556,-0.403939],[-0.145717,0.505001,0.85073]],"s":0.63552,"t":[9.69742,39.6847,-247.298],"timestamp":606950534969},false],[2,{"currentFrameRate":110.594,"devices":[],"gestures":[],"hands":[{"armBasis":[[0.827066,0.0816561,-0.556142],[0.271437,0.808372,0.522357],[0.492224,-0.582981,0.646413]],"armWidth":63.72,"confidence":0.826962,"direction":[0.124783,0.323444,-0.937984],"elbow":[96.2218,125.3,271.331],"grabStrength":0,"id":833,"palmNormal":[-0.301488,-0.888311,-0.346423],"palmPosition":[-38.4482,298.818,44.5505],"palmVelocity":[9.21009,-2.80809,-126.056],"palmWidth":90.99,"pinchStrength":1,"r":[[0.889387,-0.309747,0.336225],[0.433227,0.80589,-0.403554],[-0.145961,0.504577,0.850939]],"s":0.636492,"sphereCenter":[-75.5454,279.773,8.91527],"sphereRadius":53.4411,"stabilizedPalmPosition":[-53.5292,258.528,267.981],"t":[9.84167,39.6995,-248.307],"timeVisible":2.65733,"type":"right","wrist":[-36.6785,282.705,96.7998]}],"id":4424891,"interactionBox":{"center":[0,200,0],"size":[235.247,235.247,147.751]},"pointables":[{"bases":[[[0.674382,0.726454,0.132184],[-0.674616,0.533414,0.510258],[0.30017,-0.433282,0.849802]],[[0.511712,0.836138,-0.197545],[-0.843003,0.533016,0.0723866],[0.16582,0.12949,0.977618]],[[0.511712,0.836138,-0.197545],[-0.859096,0.495224,-0.129256],[-0.0102469,0.235852,0.971735]],[[0.511712,0.836138,-0.197545],[-0.812115,0.395696,-0.428827],[-0.280391,0.379865,0.881523]]],"btipPosition":[-68.6752,257.903,-6.67494],"carpPosition":[-67.3094,281.298,95.8881],"dipPosition":[-75.2374,266.793,13.9559],"direction":[0.0102469,-0.235852,-0.971735],"extended":false,"handId":833,"id":8330,"length":52.1164,"mcpPosition":[-67.3094,281.298,95.8881],"pipPosition":[-75.5867,274.834,47.0878],"stabilizedTipPosition":[-89.3019,252.639,150.797],"timeVisible":2.65733,"tipPosition":[-70.4463,259.179,-1.71621],"tipVelocity":[4.4918,21.0081,-132.603],"tool":false,"touchDistance":-0.480214,"touchZone":"hovering","type":0,"width":20.25},{"bases":[[[0.952801,-0.267084,-0.144347],[0.292857,0.933901,0.205093],[0.080029,-0.237686,0.96804]],[[0.948267,-0.256184,-0.187506],[0.284553,0.947758,0.144167],[0.140777,-0.190064,0.971626]],[[0.948267,-0.256184,-0.187506],[0.268045,0.962556,0.040462],[0.17012,-0.0886289,0.98143]],[[0.948267,-0.256184,-0.187506],[0.252952,0.966593,-0.0413822],[0.191844,-0.00818869,0.981391]]],"btipPosition":[-71.7806,327.433,-60.7184],"carpPosition":[-52.4552,299.499,92.7325],"dipPosition":[-68.5029,327.294,-43.9507],"direction":[-0.17012,0.0886289,-0.98143],"extended":true,"handId":833,"id":8331,"length":58.8075,"mcpPosition":[-58.3429,316.986,21.5142],"pipPosition":[-64.391,325.151,-20.2292],"stabilizedTipPosition":[-77.4494,314.679,86.8986],"timeVisible":2.65733,"tipPosition":[-71.2709,326.037,-56.8768],"tipVelocity":[10.4668,30.9708,-120.675],"tool":false,"touchDistance":-0.482453,"touchZone":"hovering","type":1,"width":19.3428},{"bases":[[[0.890875,-0.452008,-0.0450684],[0.451409,0.869858,0.19894],[-0.0507194,-0.197575,0.978975]],[[0.885825,-0.46369,0.0174678],[0.40879,0.762026,-0.502202],[0.219555,0.452004,0.864574]],[[0.885825,-0.46369,0.0174678],[-0.0206744,-0.0770473,-0.996813],[0.463558,0.882641,-0.077837]],[[0.885825,-0.46369,0.0174678],[-0.309621,-0.618694,-0.722048],[0.345614,0.6342,-0.691623]]],"btipPosition":[-67.1186,252.956,-4.01044],"carpPosition":[-40.3979,297.976,90.7531],"dipPosition":[-60.6238,264.874,-17.0074],"direction":[-0.463558,-0.882641,0.077837],"extended":false,"handId":833,"id":8332,"length":67.0064,"mcpPosition":[-36.8593,311.76,22.452],"pipPosition":[-47.4419,289.973,-19.2208],"stabilizedTipPosition":[-58.4975,230.451,164.813],"timeVisible":2.65733,"tipPosition":[-65.804,255.46,-5.92496],"tipVelocity":[15.3086,8.07761,-145.826],"tool":false,"touchDistance":0.333333,"touchZone":"none","type":2,"width":18.9972},{"bases":[[[0.83712,-0.540435,0.0846192],[0.512058,0.8286,0.226318],[-0.192426,-0.146125,0.970371]],[[0.820735,-0.549704,0.155628],[0.553436,0.697385,-0.455371],[0.141787,0.459869,0.876594]],[[0.820735,-0.549704,0.155628],[0.115378,-0.107311,-0.987508],[0.559538,0.828438,-0.0246497]],[[0.820735,-0.549704,0.155628],[-0.265701,-0.60842,-0.747815],[0.505764,0.572407,-0.645409]]],"btipPosition":[-48.2905,248.358,2.36987],"carpPosition":[-29.0591,293.395,89.5781],"dipPosition":[-38.8408,259.052,-9.68895],"direction":[-0.559538,-0.828438,0.0246497],"extended":false,"handId":833,"id":8333,"length":64.4285,"mcpPosition":[-17.0055,302.549,28.7941],"pipPosition":[-23.3405,282.002,-10.3718],"stabilizedTipPosition":[-42.9024,228.184,188.218],"timeVisible":2.65733,"tipPosition":[-46.4228,250.692,0.614977],"tipVelocity":[15.5862,4.78463,-139.564],"tool":false,"touchDistance":0.333333,"touchZone":"none","type":3,"width":18.077},{"bases":[[[0.713031,-0.683145,0.157795],[0.617001,0.718268,0.321559],[-0.333011,-0.131922,0.933649]],[[0.66856,-0.693963,0.267288],[0.731639,0.549441,-0.403508],[0.133161,0.465328,0.875065]],[[0.66856,-0.693963,0.267288],[0.199343,-0.179033,-0.963436],[0.716442,0.697397,0.018642]],[[0.66856,-0.693963,0.267288],[-0.289108,-0.573694,-0.76635],[0.68516,0.435076,-0.584179]]],"btipPosition":[-31.5926,252.181,13.967],"carpPosition":[-20.3712,282.125,89.3417],"dipPosition":[-19.7827,259.681,3.89767],"direction":[-0.716442,-0.697397,-0.018642],"extended":false,"handId":833,"id":8334,"length":50.5107,"mcpPosition":[-1.06148,289.774,35.2039],"pipPosition":[-5.76993,273.321,4.26229],"stabilizedTipPosition":[-33.2323,239.658,193.313],"timeVisible":2.65733,"tipPosition":[-29.1977,253.912,12.4879],"tipVelocity":[16.219,1.93247,-139.708],"tool":false,"touchDistance":0.333333,"touchZone":"none","type":4,"width":16.0574}],"r":[[0.889387,-0.309747,0.336225],[0.433227,0.80589,-0.403554],[-0.145961,0.504577,0.850939]],"s":0.636492,"t":[9.84167,39.6995,-248.307],"timestamp":606950544032},false],[3,{"currentFrameRate":110.622,"devices":[],"gestures":[],"hands":[{"armBasis":[[0.827425,0.0807102,-0.555746],[0.272645,0.807426,0.52319],[0.49095,-0.584422,0.64608]],"armWidth":63.72,"confidence":0.833857,"direction":[0.126491,0.322065,-0.93823],"elbow":[95.791,124.927,269.922],"grabStrength":0,"id":833,"palmNormal":[-0.303385,-0.887944,-0.345705],"palmPosition":[-38.4449,298.78,43.2109],"palmVelocity":[6.78462,-3.21943,-132.354],"palmWidth":90.99,"pinchStrength":1,"r":[[0.889235,-0.309982,0.336412],[0.433504,0.805845,-0.403345],[-0.146066,0.504504,0.850964]],"s":0.637556,"sphereCenter":[-75.6937,279.952,7.52674],"sphereRadius":53.5603,"stabilizedPalmPosition":[-53.5292,258.528,267.981],"t":[9.91545,39.6875,-249.481],"timeVisible":2.66632,"type":"right","wrist":[-36.7656,282.721,95.48]}],"id":4424892,"interactionBox":{"center":[0,200,0],"size":[235.247,235.247,147.751]},"pointables":[{"bases":[[[0.676077,0.72491,0.132007],[-0.673762,0.535684,0.509006],[0.29827,-0.433068,0.85058]],[[0.514493,0.834507,-0.197218],[-0.841445,0.535619,0.0712901],[0.165126,0.12927,0.977764]],[[0.514493,0.834507,-0.197218],[-0.857423,0.497701,-0.13084],[-0.0110308,0.236416,0.971589]],[[0.514493,0.834507,-0.197218],[-0.811538,0.399584,-0.426307],[-0.276951,0.379383,0.882818]]],"btipPosition":[-68.784,257.998,-8.05508],"carpPosition":[-67.399,281.39,94.5406],"dipPosition":[-75.2656,266.877,12.606],"direction":[0.0110308,-0.236416,-0.971589],"extended":false,"handId":833,"id":8330,"length":52.1164,"mcpPosition":[-67.399,281.39,94.5406],"pipPosition":[-75.6417,274.937,45.733],"stabilizedTipPosition":[-89.3018,252.639,150.796],"timeVisible":2.66632,"tipPosition":[-70.5101,259.272,-3.0804],"tipVelocity":[0.505468,18.0661,-138.128],"tool":false,"touchDistance":-0.481123,"touchZone":"hovering","type":0,"width":20.25},{"bases":[[[0.952266,-0.269636,-0.143131],[0.295003,0.933396,0.204315],[0.078507,-0.236786,0.968385]],[[0.947735,-0.25864,-0.186825],[0.287372,0.946372,0.147639],[0.138621,-0.193611,0.971236]],[[0.947735,-0.25864,-0.186825],[0.270926,0.961636,0.0430776],[0.168516,-0.0914419,0.981448]],[[0.947735,-0.25864,-0.186825],[0.2558,0.965919,-0.0395834],[0.190696,-0.0102753,0.981595]]],"btipPosition":[-71.5586,327.674,-62.0848],"carpPosition":[-52.4961,299.55,91.3786],"dipPosition":[-68.3005,327.499,-45.3137],"direction":[-0.168516,0.0914419,-0.981448],"extended":true,"handId":833,"id":8331,"length":58.8075,"mcpPosition":[-58.2719,316.971,20.1349],"pipPosition":[-64.2273,325.289,-21.5917],"stabilizedTipPosition":[-77.4493,314.679,86.8975],"timeVisible":2.66632,"tipPosition":[-71.0534,326.269,-58.251],"tipVelocity":[14.2323,29.5769,-129.243],"tool":false,"touchDistance":-0.483025,"touchZone":"hovering","type":1,"width":19.3428},{"bases":[[[0.88978,-0.454292,-0.0437022],[0.4534,0.868948,0.198387],[-0.0521507,-0.196335,0.979149]],[[0.88462,-0.465924,0.0190372],[0.411693,0.761181,-0.501112],[0.218989,0.451131,0.865173]],[[0.88462,-0.465924,0.0190372],[-0.0194071,-0.0775752,-0.996798],[0.465908,0.881418,-0.0776668]],[[0.88462,-0.465924,0.0190372],[-0.310544,-0.619082,-0.721318],[0.347865,0.632181,-0.692342]]],"btipPosition":[-67.1436,253.003,-5.3834],"carpPosition":[-40.4408,297.994,89.4125],"dipPosition":[-60.6065,264.883,-18.3939],"direction":[-0.465908,-0.881418,0.0776668],"extended":false,"handId":833,"id":8332,"length":67.0064,"mcpPosition":[-36.8024,311.692,21.0992],"pipPosition":[-47.3577,289.948,-20.6025],"stabilizedTipPosition":[-58.4975,230.451,164.813],"timeVisible":2.66632,"tipPosition":[-65.8271,255.486,-7.32976],"tipVelocity":[10.6449,7.02798,-147.813],"tool":false,"touchDistance":0.333333,"touchZone":"none","type":2,"width":18.9972},{"bases":[[[0.83568,-0.542437,0.086034],[0.513919,0.827569,0.225869],[-0.193719,-0.14454,0.970351]],[[0.819173,-0.551597,0.157152],[0.556461,0.697973,-0.450761],[0.13895,0.4567,0.878702]],[[0.819173,-0.551597,0.157152],[0.118667,-0.105072,-0.987359],[0.561136,0.827467,-0.0206154]],[[0.819173,-0.551597,0.157152],[-0.265326,-0.607371,-0.748801],[0.508486,0.571701,-0.643895]]],"btipPosition":[-48.2312,248.429,0.812343],"carpPosition":[-29.1124,293.384,88.2536],"dipPosition":[-38.7307,259.111,-11.2182],"direction":[-0.561136,-0.827467,0.0206154],"extended":false,"handId":833,"id":8333,"length":64.4285,"mcpPosition":[-16.9779,302.438,27.4708],"pipPosition":[-23.1861,282.033,-11.7893],"stabilizedTipPosition":[-42.9024,228.184,188.218],"timeVisible":2.66632,"tipPosition":[-46.3797,250.724,-0.923133],"tipVelocity":[13.4762,5.55364,-148.607],"tool":false,"touchDistance":0.333333,"touchZone":"none","type":3,"width":18.077},{"bases":[[[0.711163,-0.684752,0.159253],[0.618494,0.717083,0.321336],[-0.334233,-0.130026,0.933478]],[[0.667264,-0.695251,0.267178],[0.733097,0.549654,-0.400562],[0.131636,0.463148,0.876451]],[[0.667264,-0.695251,0.267178],[0.200898,-0.177419,-0.963412],[0.717216,0.696526,0.0212892]],[[0.667264,-0.695251,0.267178],[-0.289366,-0.572518,-0.767131],[0.686313,0.434567,-0.583203]]],"btipPosition":[-31.5843,252.141,12.5559],"carpPosition":[-20.4526,282.092,88.0383],"dipPosition":[-19.7545,259.632,2.50335],"direction":[-0.717216,-0.696526,-0.0212892],"extended":false,"handId":833,"id":8334,"length":50.5107,"mcpPosition":[-1.07206,289.631,33.9103],"pipPosition":[-5.7266,273.255,2.91974],"stabilizedTipPosition":[-33.2323,239.658,193.313],"timeVisible":2.66632,"tipPosition":[-29.2016,253.852,11.0803],"tipVelocity":[12.1632,0.114614,-144.325],"tool":false,"touchDistance":0.333333,"touchZone":"none","type":4,"width":16.0574}],"r":[[0.889235,-0.309982,0.336412],[0.433504,0.805845,-0.403345],[-0.146066,0.504504,0.850964]],"s":0.637556,"t":[9.91545,39.6875,-249.481],"timestamp":606950553022},false],[4,{"currentFrameRate":110.607,"devices":[],"gestures":[],"hands":[{"armBasis":[[0.828933,0.0768271,-0.554047],[0.273668,0.808165,0.521512],[0.487828,-0.583923,0.64889]],"armWidth":63.72,"confidence":0.819513,"direction":[0.125704,0.321391,-0.938566],"elbow":[95.0263,125.17,268.789],"grabStrength":0,"id":833,"palmNormal":[-0.304081,-0.888051,-0.344819],"palmPosition":[-38.411,298.854,41.3102],"palmVelocity":[5.94313,-0.0722651,-153.7],"palmWidth":90.99,"pinchStrength":1,"r":[[0.889153,-0.310197,0.336429],[0.433713,0.805721,-0.40337],[-0.145944,0.504571,0.850946]],"s":0.638768,"sphereCenter":[-75.9342,280.257,5.6517],"sphereRadius":53.7183,"stabilizedPalmPosition":[-53.5292,258.528,267.981],"t":[9.96929,39.7186,-251.018],"timeVisible":2.67538,"type":"right","wrist":[-36.6871,282.829,93.5884]}],"id":4424893,"interactionBox":{"center":[0,200,0],"size":[235.247,235.247,147.751]},"pointables":[{"bases":[[[0.676497,0.724725,0.130865],[-0.673049,0.536293,0.509308],[0.298926,-0.432624,0.850576]],[[0.515132,0.834047,-0.197493],[-0.840877,0.53641,0.072043],[0.166025,0.128956,0.977653]],[[0.515132,0.834047,-0.197493],[-0.857048,0.498436,-0.130503],[-0.0104075,0.236487,0.971579]],[[0.515132,0.834047,-0.197493],[-0.812207,0.401408,-0.423309],[-0.273784,0.378466,0.884198]]],"btipPosition":[-68.8471,258.152,-9.94236],"carpPosition":[-67.322,281.51,92.6797],"dipPosition":[-75.2547,267.01,10.7511],"direction":[0.0104075,-0.236487,-0.971579],"extended":false,"handId":833,"id":8330,"length":52.1164,"mcpPosition":[-67.322,281.51,92.6797],"pipPosition":[-75.6095,275.073,43.8776],"stabilizedTipPosition":[-89.3017,252.639,150.796],"timeVisible":2.67538,"tipPosition":[-70.5379,259.423,-4.95551],"tipVelocity":[-1.03976,17.6335,-157.245],"tool":false,"touchDistance":-0.489542,"touchZone":"hovering","type":0,"width":20.25},{"bases":[[[0.952017,-0.270116,-0.143882],[0.295579,0.933412,0.203407],[0.0793574,-0.236175,0.968465]],[[0.947361,-0.258972,-0.188255],[0.288532,0.945421,0.151424],[0.138765,-0.197771,0.970377]],[[0.947361,-0.258972,-0.188255],[0.27189,0.961232,0.0459283],[0.169062,-0.0946953,0.981046]],[[0.947361,-0.258972,-0.188255],[0.256535,0.965802,-0.0376312],[0.191562,-0.0126436,0.981399]]],"btipPosition":[-71.5741,328.039,-63.9282],"carpPosition":[-52.4149,299.662,89.4911],"dipPosition":[-68.3011,327.823,-47.1604],"direction":[-0.169062,0.0946953,-0.981046],"extended":true,"handId":833,"id":8331,"length":58.8075,"mcpPosition":[-58.2532,317.037,18.2416],"pipPosition":[-64.2148,325.534,-23.4481],"stabilizedTipPosition":[-77.4493,314.679,86.8965],"timeVisible":2.67538,"tipPosition":[-71.06,326.619,-60.1051],"tipVelocity":[9.93087,32.2302,-149.726],"tool":false,"touchDistance":-0.490718,"touchZone":"hovering","type":1,"width":19.3428},{"bases":[[[0.889554,-0.45468,-0.0442692],[0.453944,0.868897,0.197367],[-0.0512734,-0.195664,0.97933]],[[0.884445,-0.466276,0.0185306],[0.411892,0.761392,-0.500627],[0.219322,0.45041,0.865465]],[[0.884445,-0.466276,0.0185306],[-0.020352,-0.0782158,-0.996729],[0.4662,0.881175,-0.0786672]],[[0.884445,-0.466276,0.0185306],[-0.31196,-0.620333,-0.71963],[0.347042,0.630693,-0.69411]]],"btipPosition":[-67.1349,253.132,-7.24659],"carpPosition":[-40.3621,298.1,87.5143],"dipPosition":[-60.6133,264.984,-20.2903],"direction":[-0.4662,-0.881175,0.0786672],"extended":false,"handId":833,"id":8332,"length":67.0064,"mcpPosition":[-36.7848,311.751,19.1884],"pipPosition":[-47.3562,290.041,-22.5273],"stabilizedTipPosition":[-58.4975,230.451,164.812],"timeVisible":2.67538,"tipPosition":[-65.8279,255.592,-9.2347],"tipVelocity":[7.85896,8.80128,-163.978],"tool":false,"touchDistance":0.333333,"touchZone":"none","type":2,"width":18.9972},{"bases":[[[0.835545,-0.542717,0.0855782],[0.514473,0.827511,0.224818],[-0.192829,-0.143818,0.970636]],[[0.819129,-0.551813,0.156624],[0.556544,0.698449,-0.44992],[0.138878,0.455711,0.879227]],[[0.819129,-0.551813,0.156624],[0.118016,-0.105081,-0.987436],[0.561338,0.827322,-0.0209522]],[[0.819129,-0.551813,0.156624],[-0.266693,-0.608115,-0.747711],[0.507841,0.570701,-0.645289]]],"btipPosition":[-48.2016,248.551,-1.09976],"carpPosition":[-29.0367,293.484,86.3474],"dipPosition":[-38.7131,259.214,-13.1563],"direction":[-0.561338,-0.827322,0.0209522],"extended":false,"handId":833,"id":8333,"length":64.4285,"mcpPosition":[-16.9579,302.493,25.5468],"pipPosition":[-23.1629,282.132,-13.7368],"stabilizedTipPosition":[-42.9024,228.184,188.218],"timeVisible":2.67538,"tipPosition":[-46.3562,250.825,-2.87133],"tipVelocity":[10.5721,7.60261,-165.993],"tool":false,"touchDistance":0.333333,"touchZone":"none","type":3,"width":18.077},{"bases":[[[0.711043,-0.684933,0.159013],[0.619097,0.717047,0.320256],[-0.333373,-0.129271,0.93389]],[[0.668274,-0.69522,0.264724],[0.732363,0.552361,-0.398174],[0.130595,0.459963,0.878282]],[[0.668274,-0.69522,0.264724],[0.201078,-0.173799,-0.964034],[0.716225,0.697469,0.0236482]],[[0.668274,-0.69522,0.264724],[-0.289763,-0.571009,-0.768105],[0.685163,0.436597,-0.58304]]],"btipPosition":[-31.4872,252.253,10.5111],"carpPosition":[-20.3817,282.188,86.1311],"dipPosition":[-19.6772,259.779,0.461413],"direction":[-0.716225,-0.697469,-0.0236482],"extended":false,"handId":833,"id":8334,"length":50.5107,"mcpPosition":[-1.05094,289.684,31.9793],"pipPosition":[-5.66868,273.42,0.923944],"stabilizedTipPosition":[-33.2323,239.658,193.312],"timeVisible":2.67538,"tipPosition":[-29.1274,253.95,9.04268],"tipVelocity":[11.6229,3.74122,-166.735],"tool":false,"touchDistance":0.333333,"touchZone":"none","type":4,"width":16.0574}],"r":[[0.889153,-0.310197,0.336429],[0.433713,0.805721,-0.40337],[-0.145944,0.504571,0.850946]],"s":0.638768,"t":[9.96929,39.7186,-251.018],"timestamp":606950562090},false],[5,{"currentFrameRate":101.281,"devices":[],"gestures":[],"hands":[{"armBasis":[[0.829781,0.0687653,-0.553836],[0.278303,0.8092,0.517438],[0.483746,-0.583495,0.652322]],"armWidth":63.72,"confidence":0.809994,"direction":[0.124157,0.321192,-0.93884],"elbow":[94.4322,125.279,267.098],"grabStrength":0,"id":833,"palmNormal":[-0.307744,-0.887041,-0.344169],"palmPosition":[-37.995,298.863,38.7006],"palmVelocity":[11.7771,0.182395,-118.199],"palmWidth":90.99,"pinchStrength":1,"r":[[0.889079,-0.310929,0.33595],[0.434157,0.80537,-0.403593],[-0.145075,0.504681,0.851029]],"s":0.640335,"sphereCenter":[-76.0055,280.751,3.09442],"sphereRadius":53.9645,"stabilizedPalmPosition":[-53.5292,258.528,267.981],"t":[10.2042,39.7387,-253.091],"timeVisible":2.70246,"type":"right","wrist":[-36.1793,282.822,90.9708]}],"id":4424894,"interactionBox":{"center":[0,200,0],"size":[235.247,235.247,147.751]},"pointables":[{"bases":[[[0.679076,0.722612,0.129178],[-0.670016,0.538259,0.511229],[0.299889,-0.433715,0.849681]],[[0.517736,0.832356,-0.197822],[-0.838751,0.539404,0.0744336],[0.168661,0.127386,0.977408]],[[0.517736,0.832356,-0.197822],[-0.855508,0.501673,-0.128177],[-0.00744743,0.2356,0.971822]],[[0.517736,0.832356,-0.197822],[-0.813008,0.406665,-0.416704],[-0.266399,0.376573,0.887257]]],"btipPosition":[-68.7509,258.393,-12.545],"carpPosition":[-66.8204,281.598,90.1447],"dipPosition":[-74.9856,267.206,8.21999],"direction":[0.00744742,-0.2356,-0.971822],"extended":false,"handId":833,"id":8330,"length":52.1164,"mcpPosition":[-66.8204,281.598,90.1447],"pipPosition":[-75.2395,275.239,41.3548],"stabilizedTipPosition":[-89.3016,252.639,150.795],"timeVisible":2.70246,"tipPosition":[-70.3759,259.661,-7.5336],"tipVelocity":[2.71415,11.9864,-119.013],"tool":false,"touchDistance":-0.507714,"touchZone":"hovering","type":0,"width":20.25},{"bases":[[[0.950788,-0.273016,-0.146506],[0.299,0.932457,0.202789],[0.0812455,-0.236614,0.968201]],[[0.945938,-0.26163,-0.191706],[0.292841,0.943019,0.157987],[0.139448,-0.205585,0.968653]],[[0.945938,-0.26163,-0.191706],[0.275854,0.959834,0.0512198],[0.170605,-0.101334,0.980115]],[[0.945938,-0.26163,-0.191706],[0.26009,0.964999,-0.0336141],[0.19379,-0.018064,0.980877]]],"btipPosition":[-71.269,328.703,-66.3751],"carpPosition":[-51.8661,299.705,86.9193],"dipPosition":[-67.9579,328.394,-49.6162],"direction":[-0.170605,0.101334,-0.980115],"extended":true,"handId":833,"id":8331,"length":58.8075,"mcpPosition":[-57.8433,317.112,15.6892],"pipPosition":[-63.8343,325.945,-25.9265],"stabilizedTipPosition":[-77.4491,314.68,86.8922],"timeVisible":2.70246,"tipPosition":[-70.7481,327.255,-62.5693],"tipVelocity":[10.9603,26.9611,-113.012],"tool":false,"touchDistance":-0.506714,"touchZone":"hovering","type":1,"width":19.3428},{"bases":[[[0.888027,-0.457407,-0.0467607],[0.457148,0.867455,0.196308],[-0.0492301,-0.195704,0.979427]],[[0.883054,-0.468997,0.0160331],[0.413607,0.761713,-0.498721],[0.221686,0.447029,0.866614]],[[0.883054,-0.468997,0.0160331],[-0.0233193,-0.0779793,-0.996682],[0.468691,0.87975,-0.0797967]],[[0.883054,-0.468997,0.0160331],[-0.316892,-0.621164,-0.716753],[0.346114,0.627851,-0.697143]]],"btipPosition":[-66.9063,253.397,-9.82429],"carpPosition":[-39.8236,298.106,84.9097],"dipPosition":[-60.4022,265.196,-22.925],"direction":[-0.468691,-0.87975,0.0797967],"extended":false,"handId":833,"id":8332,"length":67.0064,"mcpPosition":[-36.3889,311.76,16.577],"pipPosition":[-47.0743,290.213,-25.1941],"stabilizedTipPosition":[-58.4975,230.451,164.812],"timeVisible":2.70246,"tipPosition":[-65.6172,255.809,-11.8816],"tipVelocity":[8.12736,9.14155,-121.682],"tool":false,"touchDistance":0.333333,"touchZone":"none","type":2,"width":18.9972},{"bases":[[[0.834098,-0.545304,0.083215],[0.517623,0.825878,0.223588],[-0.190649,-0.14342,0.971125]],[[0.817803,-0.554381,0.154468],[0.558137,0.698595,-0.447715],[0.140294,0.452357,0.880733]],[[0.817803,-0.554381,0.154468],[0.116278,-0.103701,-0.987788],[0.563629,0.825777,-0.0203447]],[[0.817803,-0.554381,0.154468],[-0.270747,-0.607472,-0.746776],[0.507834,0.568894,-0.646889]]],"btipPosition":[-47.9437,248.723,-3.82078],"carpPosition":[-28.5157,293.456,83.7112],"dipPosition":[-38.4554,259.353,-15.9072],"direction":[-0.563629,-0.825777,0.0203447],"extended":false,"handId":833,"id":8333,"length":64.4285,"mcpPosition":[-16.5734,302.439,22.88],"pipPosition":[-22.8417,282.228,-16.4708],"stabilizedTipPosition":[-42.9025,228.184,188.217],"timeVisible":2.70246,"tipPosition":[-46.1106,250.959,-5.62936],"tipVelocity":[9.92166,6.6667,-125.585],"tool":false,"touchDistance":0.333333,"touchZone":"none","type":3,"width":18.077},{"bases":[[[0.709357,-0.687151,0.156958],[0.622164,0.715072,0.318721],[-0.331246,-0.128434,0.934762]],[[0.668434,-0.697132,0.259237],[0.7324,0.556222,-0.392693],[0.129565,0.452354,0.882377]],[[0.668434,-0.697132,0.259237],[0.200671,-0.166582,-0.965392],[0.71619,0.697322,0.0285447]],[[0.668434,-0.697132,0.259237],[-0.292682,-0.566964,-0.769993],[0.683765,0.438816,-0.583015]]],"btipPosition":[-31.0637,252.383,7.55788],"carpPosition":[-19.8961,282.133,83.4694],"dipPosition":[-19.2778,259.947,-2.49144],"direction":[-0.71619,-0.697322,-0.0285447],"extended":false,"handId":833,"id":8334,"length":50.5107,"mcpPosition":[-0.688699,289.58,29.267],"pipPosition":[-5.27002,273.585,-1.93314],"stabilizedTipPosition":[-33.2322,239.658,193.312],"timeVisible":2.70246,"tipPosition":[-28.7528,254.044,6.10999],"tipVelocity":[13.9832,4.59445,-131.02],"tool":false,"touchDistance":0.284114,"touchZone":"hovering","type":4,"width":16.0574}],"r":[[0.889079,-0.310929,0.33595],[0.434157,0.80537,-0.403593],[-0.145075,0.504681,0.851029]],"s":0.640335,"t":[10.2042,39.7387,-253.091],"timestamp":606950589167},false],[6,{"currentFrameRate":101.691,"devices":[],"gestures":[],"hands":[{"armBasis":[[0.830784,0.0647753,-0.552813],[0.279559,0.810275,0.515073],[0.481295,-0.582459,0.655055]],"armWidth":63.72,"confidence":0.811838,"direction":[0.124098,0.322847,-0.93828],"elbow":[93.7913,125.504,266.239],"grabStrength":0,"id":833,"palmNormal":[-0.308202,-0.886279,-0.345718],"palmPosition":[-37.9781,298.904,37.1333],"palmVelocity":[9.04556,1.38926,-133.385],"palmWidth":90.99,"pinchStrength":1,"r":[[0.889005,-0.311714,0.335415],[0.434565,0.805198,-0.403496],[-0.1443,0.50447,0.851286]],"s":0.641602,"sphereCenter":[-76.0907,280.967,1.49368],"sphereRadius":54.0244,"stabilizedPalmPosition":[-53.5292,258.528,267.981],"t":[10.3301,39.7694,-254.912],"timeVisible":2.71151,"type":"right","wrist":[-36.1582,282.768,89.3738]}],"id":4424895,"interactionBox":{"center":[0,200,0],"size":[235.247,235.247,147.751]},"pointables":[{"bases":[[[0.679417,0.722081,0.130349],[-0.669674,0.537618,0.51235],[0.299881,-0.435391,0.848826]],[[0.518431,0.832395,-0.195826],[-0.838297,0.539926,0.0757479],[0.168784,0.12489,0.977709]],[[0.518431,0.832395,-0.195826],[-0.855088,0.502652,-0.127144],[-0.0074019,0.233363,0.972361]],[[0.518431,0.832395,-0.195826],[-0.812908,0.408681,-0.414923],[-0.26535,0.374297,0.888533]]],"btipPosition":[-68.7628,258.607,-14.2011],"carpPosition":[-66.8,281.558,88.5519],"dipPosition":[-74.9729,267.367,6.59381],"direction":[0.0074019,-0.233363,-0.972361],"extended":false,"handId":833,"id":8330,"length":52.1164,"mcpPosition":[-66.8,281.558,88.5519],"pipPosition":[-75.2253,275.324,39.7471],"stabilizedTipPosition":[-89.3016,252.639,150.795],"timeVisible":2.71151,"tipPosition":[-70.3785,259.858,-9.18265],"tipVelocity":[1.77558,14.8382,-136.469],"tool":false,"touchDistance":-0.510014,"touchZone":"hovering","type":0,"width":20.25},{"bases":[[[0.950639,-0.273161,-0.147205],[0.299447,0.931956,0.204423],[0.081348,-0.238412,0.967751]],[[0.945749,-0.261623,-0.192645],[0.293558,0.942179,0.161625],[0.139221,-0.209409,0.967867]],[[0.945749,-0.261623,-0.192645],[0.27649,0.959479,0.0543394],[0.170622,-0.104656,0.979763]],[[0.945749,-0.261623,-0.192645],[0.260619,0.964944,-0.0309984],[0.194001,-0.02089,0.980779]]],"btipPosition":[-71.2432,329.087,-67.861],"carpPosition":[-51.8386,299.664,85.3564],"dipPosition":[-67.9286,328.73,-51.1038],"direction":[-0.170622,0.104656,-0.979763],"extended":true,"handId":833,"id":8331,"length":58.8075,"mcpPosition":[-57.8233,317.204,14.1593],"pipPosition":[-63.8046,326.201,-27.4225],"stabilizedTipPosition":[-77.449,314.68,86.8907],"timeVisible":2.71151,"tipPosition":[-70.7192,327.634,-64.0624],"tipVelocity":[8.74726,30.9112,-127.156],"tool":false,"touchDistance":-0.50667,"touchZone":"hovering","type":1,"width":19.3428},{"bases":[[[0.887818,-0.457707,-0.0477823],[0.457566,0.866898,0.19779],[-0.0491075,-0.197465,0.979079]],[[0.88286,-0.469399,0.0149377],[0.413915,0.762689,-0.496971],[0.221885,0.444939,0.867639]],[[0.88286,-0.469399,0.0149377],[-0.023793,-0.0764714,-0.996788],[0.469034,0.879668,-0.0786819]],[[0.88286,-0.469399,0.0149377],[-0.317722,-0.620399,-0.717048],[0.345849,0.628307,-0.696863]]],"btipPosition":[-66.9029,253.572,-11.4548],"carpPosition":[-39.7972,298.064,83.3412],"dipPosition":[-60.4037,265.38,-24.5503],"direction":[-0.469034,-0.879668,0.0786819],"extended":false,"handId":833,"id":8332,"length":67.0064,"mcpPosition":[-36.3711,311.84,15.0328],"pipPosition":[-47.066,290.394,-26.7877],"stabilizedTipPosition":[-58.4976,230.451,164.812],"timeVisible":2.71151,"tipPosition":[-65.6164,255.979,-13.5345],"tipVelocity":[5.9575,12.0256,-137.796],"tool":false,"touchDistance":0.333333,"touchZone":"none","type":2,"width":18.9972},{"bases":[[[0.833879,-0.545816,0.0820446],[0.518029,0.825245,0.224981],[-0.190505,-0.145105,0.970903]],[[0.817601,-0.555013,0.153262],[0.558487,0.699671,-0.445593],[0.140077,0.449912,0.882019]],[[0.817601,-0.555013,0.153262],[0.115987,-0.101966,-0.988003],[0.563982,0.825568,-0.0189928]],[[0.817601,-0.555013,0.153262],[-0.271718,-0.60659,-0.74714],[0.50764,0.569218,-0.646755]]],"btipPosition":[-47.9251,248.893,-5.48355],"carpPosition":[-28.4915,293.411,82.132],"dipPosition":[-38.4403,259.528,-17.5675],"direction":[-0.563982,-0.825568,0.0189928],"extended":false,"handId":833,"id":8333,"length":64.4285,"mcpPosition":[-16.5583,302.5,21.3146],"pipPosition":[-22.8169,282.398,-18.0937],"stabilizedTipPosition":[-42.9025,228.184,188.217],"timeVisible":2.71151,"tipPosition":[-46.096,251.117,-7.31204],"tipVelocity":[7.72862,10.0443,-141.625],"tool":false,"touchDistance":0.333333,"touchZone":"none","type":3,"width":18.077},{"bases":[[[0.709092,-0.687743,0.155556],[0.622542,0.714221,0.31989],[-0.331104,-0.129992,0.934598]],[[0.668843,-0.697806,0.256352],[0.732121,0.558438,-0.390058],[0.129028,0.448569,0.884386]],[[0.668843,-0.697806,0.256352],[0.200654,-0.162581,-0.966077],[0.715812,0.697592,0.0312762]],[[0.668843,-0.697806,0.256352],[-0.293146,-0.564461,-0.771654],[0.683165,0.440966,-0.582095]]],"btipPosition":[-31.0161,252.517,5.82538],"carpPosition":[-19.8769,282.085,81.8676],"dipPosition":[-19.2405,260.117,-4.20807],"direction":[-0.715812,-0.697592,-0.0312762],"extended":false,"handId":833,"id":8334,"length":50.5107,"mcpPosition":[-0.6778,289.623,27.6748],"pipPosition":[-5.24012,273.762,-3.59635],"stabilizedTipPosition":[-33.2322,239.658,193.312],"timeVisible":2.71151,"tipPosition":[-28.7151,254.173,4.3808],"tipVelocity":[11.5061,7.66419,-147.593],"tool":false,"touchDistance":0.2553,"touchZone":"hovering","type":4,"width":16.0574}],"r":[[0.889005,-0.311714,0.335415],[0.434565,0.805198,-0.403496],[-0.1443,0.50447,0.851286]],"s":0.641602,"t":[10.3301,39.7694,-254.912],"timestamp":60