{"sensorType":"Leap","data":[[0,{"currentFrameRate":109.275,"devices":[],"gestures":[],"hands":[{"armBasis":[[0.750899,-0.214936,-0.624463],[0.488684,0.816862,0.30647],[0.444229,-0.535293,0.718417]],"armWidth":63.7085,"confidence":0.87426,"direction":[-0.0370539,0.495729,-0.867686],"elbow":[103.483,101.265,275.787],"grabStrength":0,"id":847,"palmNormal":[-0.496809,-0.762516,-0.414427],"palmPosition":[-27.1919,272.408,35.3055],"palmVelocity":[-28.1715,29.2402,-112.115],"palmWidth":90.9735,"pinchStrength":1,"r":[[0.922847,-0.0624743,0.380066],[0.164186,0.956423,-0.241449],[-0.348419,0.285222,0.89289]],"s":0.797741,"sphereCenter":[-52.6834,248.624,1.34289],"sphereRadius":43.6922,"stabilizedPalmPosition":[-86.9578,254.489,225.139],"t":[79.2776,24.3918,-225.321],"timeVisible":0.687053,"type":"right","wrist":[-16.4372,245.768,81.8497]}],"id":4429514,"interactionBox":{"center":[0,200,0],"size":[235.247,235.247,147.751]},"pointables":[{"bases":[[[0.786035,0.611464,0.090888],[-0.46117,0.48211,0.744911],[0.411668,-0.627441,0.660944]],[[0.606169,0.784256,-0.132298],[-0.709587,0.608412,0.355417],[0.35923,-0.121566,0.925298]],[[0.606169,0.784256,-0.132298],[-0.792147,0.610208,-0.012211],[0.071153,0.112202,0.991135]],[[0.606169,0.784256,-0.132298],[-0.712795,0.461899,-0.527801],[-0.352822,0.414238,0.839001]]],"btipPosition":[-58.4874,240.237,-11.4311],"carpPosition":[-46.389,247.688,88.1685],"dipPosition":[-66.7432,249.93,8.20103],"direction":[-0.071153,-0.112202,-0.991135],"extended":false,"handId":847,"id":8470,"length":52.1069,"mcpPosition":[-46.389,247.688,88.1685],"pipPosition":[-64.3176,253.755,41.9882],"stabilizedTipPosition":[-122.551,238.169,156.829],"timeVisible":0.687053,"tipPosition":[-60.5686,241.672,-6.89162],"tipVelocity":[-25.5357,44.2192,-114.808],"tool":false,"touchDistance":-0.466438,"touchZone":"hovering","type":0,"width":20.2463},{"bases":[[[0.848538,-0.326583,-0.416326],[0.464299,0.836927,0.289794],[0.253792,-0.439201,0.861796]],[[0.873682,-0.379127,-0.304864],[0.420033,0.90402,0.0794994],[0.245463,-0.19751,0.949072]],[[0.873682,-0.379127,-0.304864],[0.390795,0.920155,-0.024355],[0.289756,-0.0978609,0.952084]],[[0.873682,-0.379127,-0.304864],[0.366029,0.925059,-0.101428],[0.320472,-0.0229729,0.946979]]],"btipPosition":[-71.7695,308.093,-58.5687],"carpPosition":[-30.0809,264.546,84.7737],"dipPosition":[-66.295,307.701,-42.3919],"direction":[-0.289756,0.0978609,-0.952084],"extended":true,"handId":847,"id":8471,"length":58.7969,"mcpPosition":[-48.749,296.852,21.3832],"pipPosition":[-59.2927,305.336,-19.3838],"stabilizedTipPosition":[-125.241,299.978,117.382],"timeVisible":0.687053,"tipPosition":[-70.6444,306.839,-54.9041],"tipVelocity":[-34.5845,32.5053,-110.189],"tool":false,"touchDistance":-0.485326,"touchZone":"hovering","type":1,"width":19.3393},{"bases":[[[0.783357,-0.520776,-0.339328],[0.606529,0.75982,0.234087],[0.135921,-0.389187,0.911076]],[[0.787113,-0.532321,-0.311587],[0.265741,0.748537,-0.607515],[0.556628,0.395381,0.730643]],[[0.787113,-0.532321,-0.311587],[-0.509458,-0.276296,-0.814932],[0.347715,0.800184,-0.488672]],[[0.787113,-0.532321,-0.311587],[-0.605957,-0.761689,-0.229447],[-0.115193,0.369409,-0.922099]]],"btipPosition":[-63.1339,240.654,12.1442],"carpPosition":[-19.1062,262.252,79.689],"dipPosition":[-65.2982,247.595,-5.18075],"direction":[-0.347715,-0.800184,0.488672],"extended":false,"handId":847,"id":8472,"length":66.9943,"mcpPosition":[-28.5874,289.399,16.1366],"pipPosition":[-55.4122,270.345,-19.0743],"stabilizedTipPosition":[-127.511,215.083,219.769],"timeVisible":0.687053,"tipPosition":[-63.9951,241.62,8.28068],"tipVelocity":[-12.4348,47.8416,-130.774],"tool":false,"touchDistance":0.333333,"touchZone":"none","type":2,"width":18.9938},{"bases":[[[0.746854,-0.628159,-0.218232],[0.66497,0.707877,0.23817],[0.00487311,-0.322996,0.946388]],[[0.74687,-0.630116,-0.212459],[0.399194,0.680384,-0.61459],[0.531817,0.374206,0.759698]],[[0.74687,-0.630116,-0.212459],[-0.459376,-0.257903,-0.849977],[0.48079,0.73242,-0.48208]],[[0.74687,-0.630116,-0.212459],[-0.664817,-0.700714,-0.258878],[0.0142506,0.334595,-0.942254]]],"btipPosition":[-46.7419,233.866,12.7512],"carpPosition":[-9.09702,256.89,75.005],"dipPosition":[-46.4757,240.116,-4.85068],"direction":[-0.48079,-0.73242,0.48208],"extended":false,"handId":847,"id":8473,"length":64.4168,"mcpPosition":[-9.40222,277.118,15.734],"pipPosition":[-33.1593,260.402,-18.2028],"stabilizedTipPosition":[-111.574,214.154,205.481],"timeVisible":0.687053,"tipPosition":[-47.1673,234.662,9.02869],"tipVelocity":[-5.6403,47.6788,-126.956],"tool":false,"touchDistance":0.333333,"touchZone":"none","type":3,"width":18.0738},{"bases":[[[0.622191,-0.769589,-0.143564],[0.770839,0.570222,0.283996],[-0.136697,-0.287364,0.948017]],[[0.612034,-0.786582,-0.0818777],[0.575899,0.514256,-0.635516],[0.541991,0.341804,0.767734]],[[0.612034,-0.786582,-0.0818777],[-0.421328,-0.236702,-0.875474],[0.669251,0.570317,-0.476279]],[[0.612034,-0.786582,-0.0818777],[-0.764711,-0.562249,-0.314791],[0.201573,0.255276,-0.945623]]],"btipPosition":[-30.2181,234.117,14.1835],"carpPosition":[-2.42092,245.093,70.6757],"dipPosition":[-26.7442,238.516,-2.11305],"direction":[-0.669251,-0.570317,0.476279],"extended":false,"handId":847,"id":8474,"length":50.5016,"mcpPosition":[5.50407,261.752,15.7147],"pipPosition":[-13.6568,249.669,-11.4268],"stabilizedTipPosition":[-94.6299,214.209,213.703],"timeVisible":0.687053,"tipPosition":[-29.8149,234.668,10.7883],"tipVelocity":[-5.72405,40.4428,-123.614],"tool":false,"touchDistance":0.333333,"touchZone":"none","type":4,"width":16.0545}],"r":[[0.922847,-0.0624743,0.380066],[0.164186,0.956423,-0.241449],[-0.348419,0.285222,0.89289]],"s":0.797741,"t":[79.2776,24.3918,-225.321],"timestamp":606993910857},false],[1,{"currentFrameRate":109.432,"devices":[],"gestures":[],"hands":[{"armBasis":[[0.757328,-0.209318,-0.618579],[0.480381,0.820229,0.310579],[0.442367,-0.532364,0.721735]],"armWidth":63.7085,"confidence":0.874535,"direction":[-0.0382139,0.500707,-0.864773],"elbow":[102.553,102.601,274.712],"grabStrength":0,"id":847,"palmNormal":[-0.488868,-0.764137,-0.420835],"palmPosition":[-27.6808,273.146,33.4598],"palmVelocity":[-35.4929,43.8901,-138.194],"palmWidth":90.9735,"pinchStrength":1,"r":[[0.92279,-0.0600239,0.3806],[0.161397,0.957171,-0.240365],[-0.349871,0.283234,0.892955]],"s":0.796894,"sphereCenter":[-52.8875,249.365,-0.76378],"sphereRadius":43.7136,"stabilizedPalmPosition":[-86.956,254.49,225.133],"t":[78.8828,24.959,-226.757],"timeVisible":0.69591,"type":"right","wrist":[-16.8639,246.313,79.8787]}],"id":4429515,"interactionBox":{"center":[0,200,0],"size":[235.247,235.247,147.751]},"pointables":[{"bases":[[[0.780498,0.617523,0.097412],[-0.467852,0.473617,0.746191],[0.414654,-0.627975,0.658566]],[[0.600169,0.790023,-0.12514],[-0.715663,0.600246,0.357116],[0.357245,-0.124772,0.925639]],[[0.600169,0.790023,-0.12514],[-0.797137,0.603681,-0.0119461],[0.066107,0.106924,0.992067]],[[0.600169,0.790023,-0.12514],[-0.714778,0.459495,-0.527216],[-0.359011,0.405866,0.840466]]],"btipPosition":[-58.5353,241.026,-13.5803],"carpPosition":[-46.8528,247.941,86.1024],"dipPosition":[-66.936,250.523,6.08608],"direction":[-0.066107,-0.106924,-0.992067],"extended":false,"handId":847,"id":8470,"length":52.1069,"mcpPosition":[-46.8528,247.941,86.1024],"pipPosition":[-64.6824,254.168,39.9051],"stabilizedTipPosition":[-122.545,238.169,156.812],"timeVisible":0.69591,"tipPosition":[-60.6404,242.423,-9.04024],"tipVelocity":[-21.1034,54.9879,-149.198],"tool":false,"touchDistance":-0.480247,"touchZone":"hovering","type":0,"width":20.2463},{"bases":[[[0.852732,-0.316836,-0.415288],[0.456165,0.839033,0.296543],[0.254485,-0.442312,0.859999]],[[0.877868,-0.369678,-0.304444],[0.41209,0.906986,0.0869384],[0.243987,-0.201779,0.948555]],[[0.877868,-0.369678,-0.304444],[0.382963,0.923603,-0.0172287],[0.287554,-0.101466,0.952375]],[[0.877868,-0.369678,-0.304444],[0.358316,0.928795,-0.0946011],[0.317738,-0.0260399,0.947821]]],"btipPosition":[-72.2526,309.056,-60.3409],"carpPosition":[-30.6765,264.957,82.8685],"dipPosition":[-66.8249,308.611,-44.1497],"direction":[-0.287554,0.101466,-0.952375],"extended":true,"handId":847,"id":8471,"length":58.7969,"mcpPosition":[-49.3955,297.491,19.6102],"pipPosition":[-59.8758,306.159,-21.1346],"stabilizedTipPosition":[-125.231,299.979,117.35],"timeVisible":0.69591,"tipPosition":[-71.1167,307.81,-56.6832],"tipVelocity":[-40.3217,52.7681,-134.439],"tool":false,"touchDistance":-0.49166,"touchZone":"hovering","type":1,"width":19.3393},{"bases":[[[0.78893,-0.512042,-0.339709],[0.599239,0.763474,0.240874],[0.136021,-0.393599,0.909163]],[[0.792704,-0.52378,-0.311891],[0.266113,0.757625,-0.595977],[0.548457,0.389435,0.739956]],[[0.792704,-0.52378,-0.311891],[-0.5028,-0.272474,-0.820335],[0.344692,0.807101,-0.479348]],[[0.792704,-0.52378,-0.311891],[-0.598497,-0.765918,-0.234885],[-0.115855,0.37286,-0.920626]]],"btipPosition":[-63.2075,241.522,9.65605],"carpPosition":[-19.6649,262.787,77.809],"dipPosition":[-65.3842,248.528,-7.64123],"direction":[-0.344692,-0.807101,0.479348],"extended":false,"handId":847,"id":8472,"length":66.9943,"mcpPosition":[-29.1531,290.242,14.39],"pipPosition":[-55.5842,271.475,-21.2697],"stabilizedTipPosition":[-127.509,215.083,219.764],"timeVisible":0.69591,"tipPosition":[-64.05,242.461,5.90249],"tipVelocity":[-11.4051,61.8784,-171.251],"tool":false,"touchDistance":0.333333,"touchZone":"none","type":2,"width":18.9938},{"bases":[[[0.752915,-0.620469,-0.2194],[0.658104,0.712004,0.244847],[0.00429353,-0.328737,0.944412]],[[0.752927,-0.622124,-0.214622],[0.39618,0.688889,-0.60702],[0.525492,0.372013,0.765156]],[[0.752927,-0.622124,-0.214622],[-0.455408,-0.257113,-0.852348],[0.475084,0.739496,-0.476907]],[[0.752927,-0.622124,-0.214622],[-0.65801,-0.706167,-0.26144],[0.0110887,0.338069,-0.941056]]],"btipPosition":[-46.7033,234.711,10.5885],"carpPosition":[-9.5943,257.538,73.128],"dipPosition":[-46.4961,241.026,-6.991],"direction":[-0.475084,-0.739496,0.476907],"extended":false,"handId":847,"id":8473,"length":64.4168,"mcpPosition":[-9.8632,278.127,13.9808],"pipPosition":[-33.3377,261.508,-20.1999],"stabilizedTipPosition":[-111.573,214.155,205.477],"timeVisible":0.69591,"tipPosition":[-47.1487,235.51,6.85269],"tipVelocity":[-3.34507,61.0718,-158.551],"tool":false,"touchDistance":0.333333,"touchZone":"none","type":3,"width":18.0738},{"bases":[[[0.629195,-0.763404,-0.14604],[0.764974,0.574972,0.29021],[-0.137579,-0.294315,0.945754]],[[0.61951,-0.780106,-0.0874207],[0.572779,0.525375,-0.629211],[0.53678,0.339729,0.772303]],[[0.61951,-0.780106,-0.0874207],[-0.419754,-0.235101,-0.876661],[0.663335,0.579795,-0.4731]],[[0.61951,-0.780106,-0.0874207],[-0.760078,-0.568285,-0.315173],[0.196188,0.261699,-0.944999]]],"btipPosition":[-30.1566,235.029,12.1552],"carpPosition":[-2.80325,245.825,68.7506],"dipPosition":[-26.7755,239.539,-4.13061],"direction":[-0.663335,-0.579795,0.4731],"extended":false,"handId":847,"id":8474,"length":50.5016,"mcpPosition":[5.17285,262.888,13.9209],"pipPosition":[-13.8038,250.877,-13.3822],"stabilizedTipPosition":[-94.6292,214.209,213.701],"timeVisible":0.69591,"tipPosition":[-29.7961,235.603,8.71611],"tipVelocity":[-2.94527,58.1747,-152.086],"tool":false,"touchDistance":0.333333,"touchZone":"none","type":4,"width":16.0545}],"r":[[0.92279,-0.0600239,0.3806],[0.161397,0.957171,-0.240365],[-0.349871,0.283234,0.892955]],"s":0.796894,"t":[78.8828,24.959,-226.757],"timestamp":606993919714},false],[2,{"currentFrameRate":109.509,"devices":[],"gestures":[],"hands":[{"armBasis":[[0.75907,-0.209504,-0.616378],[0.478294,0.821779,0.309701],[0.441642,-0.529894,0.723992]],"armWidth":63.7085,"confidence":0.828598,"direction":[-0.0399496,0.501629,-0.86416],"elbow":[102.272,103.278,274.206],"grabStrength":0,"id":847,"palmNormal":[-0.487158,-0.764876,-0.421476],"palmPosition":[-27.8599,273.183,32.3825],"palmVelocity":[-31.2198,32.9939,-133.141],"palmWidth":90.9735,"pinchStrength":1,"r":[[0.922809,-0.0576863,0.380915],[0.158653,0.957899,-0.239289],[-0.351075,0.281251,0.893109]],"s":0.796083,"sphereCenter":[-52.9784,249.306,-1.90765],"sphereRadius":43.7399,"stabilizedPalmPosition":[-86.9538,254.491,225.125],"t":[78.5958,25.2615,-228.014],"timeVisible":0.704904,"type":"right","wrist":[-16.95,246.324,78.7638]}],"id":4429516,"interactionBox":{"center":[0,200,0],"size":[235.247,235.247,147.751]},"pointables":[{"bases":[[[0.778983,0.619383,0.0977228],[-0.468647,0.471548,0.747002],[0.416599,-0.6277,0.6576]],[[0.598657,0.791355,-0.123967],[-0.716229,0.598141,0.359504],[0.358644,-0.126431,0.924873]],[[0.598657,0.791355,-0.123967],[-0.798306,0.602146,-0.0113001],[0.0657035,0.105728,0.992222]],[[0.598657,0.791355,-0.123967],[-0.716783,0.460175,-0.523891],[-0.357537,0.402488,0.842716]]],"btipPosition":[-58.7127,241.155,-14.6968],"carpPosition":[-46.9396,247.868,85.0055],"dipPosition":[-67.0788,250.573,5.0222],"direction":[-0.0657035,-0.105728,-0.992222],"extended":false,"handId":847,"id":8470,"length":52.1069,"mcpPosition":[-46.9396,247.868,85.0055],"pipPosition":[-64.8391,254.177,38.8465],"stabilizedTipPosition":[-122.538,238.17,156.794],"timeVisible":0.704904,"tipPosition":[-60.7829,242.532,-10.1418],"tipVelocity":[-20.4823,43.296,-141.953],"tool":false,"touchDistance":-0.477122,"touchZone":"hovering","type":0,"width":20.2463},{"bases":[[[0.853307,-0.314183,-0.41612],[0.454198,0.839835,0.29729],[0.256069,-0.442681,0.859338]],[[0.878563,-0.366892,-0.305805],[0.409786,0.907927,0.0880022],[0.245361,-0.20263,0.948019]],[[0.878563,-0.366892,-0.305805],[0.380351,0.924692,-0.0166753],[0.288893,-0.101663,0.951948]],[[0.878563,-0.366892,-0.305805],[0.355464,0.929907,-0.094433],[0.319017,-0.0257372,0.9474]]],"btipPosition":[-72.6141,309.091,-61.3372],"carpPosition":[-30.8083,264.928,81.7831],"dipPosition":[-67.1645,308.651,-45.1532],"direction":[-0.288893,0.101663,-0.951948],"extended":true,"handId":847,"id":8471,"length":58.7969,"mcpPosition":[-49.6437,297.49,18.5733],"pipPosition":[-60.1831,306.194,-22.1484],"stabilizedTipPosition":[-125.219,299.981,117.312],"timeVisible":0.704904,"tipPosition":[-71.4523,307.878,-57.6856],"tipVelocity":[-40.1329,39.3919,-127.996],"tool":false,"touchDistance":-0.485796,"touchZone":"hovering","type":1,"width":19.3393},{"bases":[[[0.790042,-0.509639,-0.340738],[0.597432,0.764705,0.241455],[0.137509,-0.394327,0.908624]],[[0.793876,-0.521457,-0.312798],[0.264789,0.759522,-0.594149],[0.5474,0.388856,0.741042]],[[0.793876,-0.521457,-0.312798],[-0.50342,-0.275088,-0.819082],[0.341069,0.807718,-0.480898]],[[0.793876,-0.521457,-0.312798],[-0.596001,-0.769281,-0.230195],[-0.120593,0.369174,-0.921503]]],"btipPosition":[-63.1973,241.658,8.60796],"carpPosition":[-19.7939,262.792,76.7151],"dipPosition":[-65.4631,248.595,-8.70579],"direction":[-0.341069,-0.807718,0.480898],"extended":false,"handId":847,"id":8472,"length":66.9943,"mcpPosition":[-29.3859,290.299,13.3338],"pipPosition":[-55.7661,271.559,-22.3783],"stabilizedTipPosition":[-127.508,215.084,219.759],"timeVisible":0.704904,"tipPosition":[-64.0768,242.571,4.81894],"tipVelocity":[-8.58972,48.5604,-156.35],"tool":false,"touchDistance":0.333333,"touchZone":"none","type":2,"width":18.9938},{"bases":[[[0.754366,-0.6183,-0.220538],[0.65643,0.71338,0.245335],[0.00563665,-0.32984,0.94402]],[[0.754382,-0.61951,-0.217062],[0.396929,0.693863,-0.600834],[0.522834,0.3671,0.769339]],[[0.754382,-0.61951,-0.217062],[-0.45469,-0.254643,-0.853472],[0.473461,0.74254,-0.473783]],[[0.754382,-0.61951,-0.217062],[-0.656396,-0.708278,-0.259781],[0.0071962,0.338453,-0.940956]]],"btipPosition":[-46.6692,234.945,9.23228],"carpPosition":[-9.71257,257.575,72.0225],"dipPosition":[-46.5348,241.267,-8.34536],"direction":[-0.473461,-0.74254,0.473783],"extended":false,"handId":847,"id":8473,"length":64.4168,"mcpPosition":[-10.0656,278.232,12.8998],"pipPosition":[-33.4214,261.833,-21.4677],"stabilizedTipPosition":[-111.571,214.156,205.472],"timeVisible":0.704904,"tipPosition":[-47.1298,235.724,5.56348],"tipVelocity":[-1.89855,51.4959,-156.409],"tool":false,"touchDistance":0.333333,"touchZone":"none","type":3,"width":18.0738},{"bases":[[[0.631048,-0.761634,-0.14728],[0.763672,0.576565,0.290479],[-0.136322,-0.29578,0.945479]],[[0.62188,-0.777796,-0.0910983],[0.570636,0.529741,-0.627494],[0.536321,0.338242,0.773274]],[[0.62188,-0.777796,-0.0910983],[-0.422243,-0.235062,-0.875475],[0.659527,0.582906,-0.474599]],[[0.62188,-0.777796,-0.0910983],[-0.759791,-0.571085,-0.310773],[0.189693,0.262479,-0.946109]]],"btipPosition":[-30.1178,235.152,11.0622],"carpPosition":[-2.89422,245.884,67.6276],"dipPosition":[-26.8487,239.675,-5.24269],"direction":[-0.659527,-0.582906,0.474599],"extended":false,"handId":847,"id":8474,"length":50.5016,"mcpPosition":[5.00899,263.032,12.8138],"pipPosition":[-13.9515,251.074,-14.5236],"stabilizedTipPosition":[-94.6282,214.209,213.698],"timeVisible":0.704904,"tipPosition":[-29.8013,235.729,7.59239],"tipVelocity":[-1.73966,46.0366,-143.832],"tool":false,"touchDistance":0.333333,"touchZone":"none","type":4,"width":16.0545}],"r":[[0.922809,-0.0576863,0.380915],[0.158653,0.957899,-0.239289],[-0.351075,0.281251,0.893109]],"s":0.796083,"t":[78.5958,25.2615,-228.014],"timestamp":606993928708},false],[3,{"currentFrameRate":109.579,"devices":[],"gestures":[],"hands":[{"armBasis":[[0.760881,-0.207616,-0.614781],[0.475676,0.822872,0.310828],[0.441354,-0.52894,0.724865]],"armWidth":63.7085,"confidence":0.831397,"direction":[-0.0395861,0.504369,-0.86258],"elbow":[102.097,103.562,273.792],"grabStrength":0,"id":847,"palmNormal":[-0.484739,-0.764567,-0.424812],"palmPosition":[-27.9374,273.337,31.8024],"palmVelocity":[-25.0094,28.6395,-114.274],"palmWidth":90.9735,"pinchStrength":1,"r":[[0.922713,-0.0556576,0.381449],[0.156113,0.9587,-0.237747],[-0.352462,0.278921,0.893294]],"s":0.795303,"sphereCenter":[-52.9937,249.526,-2.62365],"sphereRadius":43.7576,"stabilizedPalmPosition":[-86.9513,254.491,225.117],"t":[78.4136,25.4898,-228.932],"timeVisible":0.713906,"type":"right","wrist":[-17.0472,246.35,78.1141]}],"id":4429517,"interactionBox":{"center":[0,200,0],"size":[235.247,235.247,147.751]},"pointables":[{"bases":[[[0.777439,0.620782,0.101086],[-0.470968,0.468059,0.747737],[0.416867,-0.628928,0.656256]],[[0.597103,0.793084,-0.120356],[-0.718123,0.595352,0.360354],[0.357445,-0.128738,0.925019]],[[0.597103,0.793084,-0.120356],[-0.799641,0.600379,-0.0109368],[0.0635852,0.102772,0.992671]],[[0.597103,0.793084,-0.120356],[-0.716982,0.46037,-0.523447],[-0.359729,0.398844,0.843515]]],"btipPosition":[-58.6405,241.396,-15.4342],"carpPosition":[-47.0508,247.807,84.3095],"dipPosition":[-67.0579,250.729,4.30354],"direction":[-0.0635852,-0.102772,-0.992671],"extended":false,"handId":847,"id":8470,"length":52.1069,"mcpPosition":[-47.0508,247.807,84.3095],"pipPosition":[-64.8903,254.232,38.1431],"stabilizedTipPosition":[-122.531,238.17,156.776],"timeVisible":0.713906,"tipPosition":[-60.7193,242.758,-10.878],"tipVelocity":[-13.0133,38.1596,-125.332],"tool":false,"touchDistance":-0.468739,"touchZone":"hovering","type":0,"width":20.2463},{"bases":[[[0.854712,-0.310928,-0.415682],[0.451825,0.83986,0.300817],[0.255582,-0.444927,0.858323]],[[0.87979,-0.36365,-0.306152],[0.407498,0.908579,0.0918095],[0.244776,-0.205529,0.947545]],[[0.87979,-0.36365,-0.306152],[0.377936,0.925733,-0.0135174],[0.28833,-0.103813,0.951887]],[[0.87979,-0.36365,-0.306152],[0.352935,0.931135,-0.0917816],[0.318445,-0.027303,0.947548]]],"btipPosition":[-72.6734,309.445,-61.8557],"carpPosition":[-30.9518,264.914,81.1705],"dipPosition":[-67.2335,308.979,-45.6693],"direction":[-0.28833,0.103813,-0.951887],"extended":true,"handId":847,"id":8471,"length":58.7969,"mcpPosition":[-49.7515,297.641,18.0355],"pipPosition":[-60.2657,306.47,-22.6659],"stabilizedTipPosition":[-125.205,299.984,117.267],"timeVisible":0.713906,"tipPosition":[-71.4854,308.267,-58.2117],"tipVelocity":[-30.9874,39.1978,-108.646],"tool":false,"touchDistance":-0.47332,"touchZone":"hovering","type":1,"width":19.3393},{"bases":[[[0.791752,-0.50677,-0.341048],[0.595321,0.76523,0.244981],[0.136831,-0.396997,0.907563]],[[0.795575,-0.518704,-0.313061],[0.265949,0.763273,-0.5888],[0.544364,0.385176,0.74519]],[[0.795575,-0.518704,-0.313061],[-0.501532,-0.273957,-0.820618],[0.339892,0.809873,-0.4781]],[[0.795575,-0.518704,-0.313061],[-0.593437,-0.771256,-0.23021],[-0.122039,0.368931,-0.92141]]],"btipPosition":[-63.0732,241.992,7.80022],"carpPosition":[-19.9241,262.819,76.1146],"dipPosition":[-65.3662,248.924,-9.51178],"direction":[-0.339892,-0.809873,0.4781],"extended":false,"handId":847,"id":8472,"length":66.9943,"mcpPosition":[-29.4688,290.512,12.8072],"pipPosition":[-55.7026,271.95,-23.1048],"stabilizedTipPosition":[-127.506,215.085,219.752],"timeVisible":0.713906,"tipPosition":[-63.9643,242.885,4.02226],"tipVelocity":[-2.63599,45.3782,-138.042],"tool":false,"touchDistance":0.333333,"touchZone":"none","type":2,"width":18.9938},{"bases":[[[0.756112,-0.615902,-0.221266],[0.654425,0.714023,0.248795],[0.00475573,-0.332919,0.942943]],[[0.756122,-0.616747,-0.218869],[0.398731,0.699359,-0.593221],[0.518935,0.361277,0.774716]],[[0.756122,-0.616747,-0.218869],[-0.452234,-0.250676,-0.855947],[0.473037,0.74618,-0.468456]],[[0.756122,-0.616747,-0.218869],[-0.654404,-0.709505,-0.261454],[0.0059621,0.34092,-0.940073]]],"btipPosition":[-46.5157,235.316,8.29513],"carpPosition":[-9.8232,257.64,71.4222],"dipPosition":[-46.4044,241.684,-9.26602],"direction":[-0.473037,-0.74618,0.468456],"extended":false,"handId":847,"id":8473,"length":64.4168,"mcpPosition":[-10.121,278.49,12.3669],"pipPosition":[-33.3027,262.351,-22.2408],"stabilizedTipPosition":[-111.569,214.156,205.466],"timeVisible":0.713906,"tipPosition":[-46.9764,236.093,4.67358],"tipVelocity":[3.1434,48.9846,-141.929],"tool":false,"touchDistance":0.333333,"touchZone":"none","type":3,"width":18.0738},{"bases":[[[0.632987,-0.759749,-0.14869],[0.761893,0.577299,0.293674],[-0.13728,-0.299178,0.94427]],[[0.624263,-0.775374,-0.0953413],[0.570005,0.535539,-0.623131],[0.534219,0.334653,0.776284]],[[0.624263,-0.775374,-0.0953413],[-0.422977,-0.232866,-0.875708],[0.656799,0.586999,-0.473335]],[[0.624263,-0.775374,-0.0953413],[-0.758989,-0.573066,-0.309082],[0.185018,0.265312,-0.946244]]],"btipPosition":[-29.9312,235.441,10.3766],"carpPosition":[-2.97143,245.978,67.0008],"dipPosition":[-26.7427,240.013,-5.93067],"direction":[-0.656799,-0.586999,0.473335],"extended":false,"handId":847,"id":8474,"length":50.5016,"mcpPosition":[4.98735,263.323,12.257],"pipPosition":[-13.8988,251.492,-15.1869],"stabilizedTipPosition":[-94.6269,214.21,213.693],"timeVisible":0.713906,"tipPosition":[-29.654,236.029,6.88113],"tipVelocity":[3.86509,42.5607,-125.265],"tool":false,"touchDistance":0.333333,"touchZone":"none","type":4,"width":16.0545}],"r":[[0.922713,-0.0556576,0.381449],[0.156113,0.9587,-0.237747],[-0.352462,0.278921,0.893294]],"s":0.795303,"t":[78.4136,25.4898,-228.932],"timestamp":606993937710},false],[4,{"currentFrameRate":109.61,"devices":[],"gestures":[],"hands":[{"armBasis":[[0.762587,-0.2084,-0.612398],[0.47424,0.823955,0.310153],[0.439952,-0.526942,0.727169]],"armWidth":63.7085,"confidence":0.834149,"direction":[-0.0380154,0.505195,-0.862167],"elbow":[101.492,104.128,273.125],"grabStrength":0,"id":847,"palmNormal":[-0.483368,-0.764432,-0.426613],"palmPosition":[-28.0796,273.403,30.5161],"palmVelocity":[-22.4307,22.729,-121.893],"palmWidth":90.9735,"pinchStrength":1,"r":[[0.922473,-0.0540027,0.382266],[0.154068,0.959399,-0.236257],[-0.353987,0.276836,0.893339]],"s":0.794612,"sphereCenter":[-53.1224,249.652,-3.98987],"sphereRadius":43.7737,"stabilizedPalmPosition":[-86.9491,254.492,225.11],"t":[78.2514,25.6369,-230.034],"timeVisible":0.722974,"type":"right","wrist":[-17.2738,246.377,76.8248]}],"id":4429518,"interactionBox":{"center":[0,200,0],"size":[235.247,235.247,147.751]},"pointables":[{"bases":[[[0.776853,0.621138,0.10338],[-0.472861,0.467046,0.747175],[0.415815,-0.62933,0.656538]],[[0.596844,0.793584,-0.118334],[-0.719132,0.594494,0.359758],[0.355847,-0.129622,0.925511]],[[0.596844,0.793584,-0.118334],[-0.800045,0.599805,-0.012725],[0.0608789,0.102267,0.992892]],[[0.596844,0.793584,-0.118334],[-0.716335,0.46059,-0.524138],[-0.361444,0.397595,0.843372]]],"btipPosition":[-58.6691,241.49,-16.8159],"carpPosition":[-47.2915,247.81,82.9566],"dipPosition":[-67.1267,250.793,2.9185],"direction":[-0.0608789,-0.102267,-0.992892],"extended":false,"handId":847,"id":8470,"length":52.1069,"mcpPosition":[-47.2915,247.81,82.9566],"pipPosition":[-65.0513,254.279,36.7656],"stabilizedTipPosition":[-122.526,238.171,156.761],"timeVisible":0.722974,"tipPosition":[-60.7526,242.855,-12.2628],"tipVelocity":[-10.5713,30.2542,-132.827],"tool":false,"touchDistance":-0.470936,"touchZone":"hovering","type":0,"width":20.2463},{"bases":[[[0.855793,-0.310017,-0.414136],[0.450678,0.839827,0.302621],[0.253985,-0.445622,0.858436]],[[0.880515,-0.362422,-0.30552],[0.406683,0.908708,0.0941166],[0.243519,-0.207121,0.947523]],[[0.880515,-0.362422,-0.30552],[0.377066,0.92611,-0.0118832],[0.287252,-0.104738,0.952112]],[[0.880515,-0.362422,-0.30552],[0.351988,0.931602,-0.0906728],[0.317485,-0.0277006,0.947859]]],"btipPosition":[-72.7035,309.609,-63.175],"carpPosition":[-31.1959,264.93,79.8693],"dipPosition":[-67.2801,309.136,-46.9832],"direction":[-0.287252,0.104738,-0.952111],"extended":true,"handId":847,"id":8471,"length":58.7969,"mcpPosition":[-49.8781,297.708,16.726],"pipPosition":[-60.3383,306.605,-23.9745],"stabilizedTipPosition":[-125.192,299.986,117.224],"timeVisible":0.722974,"tipPosition":[-71.491,308.46,-59.5375],"tipVelocity":[-23.4573,33.3166,-118.79],"tool":false,"touchDistance":-0.474092,"touchZone":"hovering","type":1,"width":19.3393},{"bases":[[[0.792786,-0.505969,-0.339831],[0.594339,0.765337,0.247023],[0.1351,-0.397811,0.907466]],[[0.796561,-0.517949,-0.3118],[0.268606,0.765259,-0.585003],[0.541609,0.38224,0.7487]],[[0.796561,-0.517949,-0.3118],[-0.499811,-0.274052,-0.821635],[0.340115,0.810324,-0.477176]],[[0.796561,-0.517949,-0.3118],[-0.59197,-0.772934,-0.228352],[-0.122726,0.366473,-0.922299]]],"btipPosition":[-63.0451,242.251,6.34888],"carpPosition":[-20.156,262.846,74.8352],"dipPosition":[-65.3509,249.136,-10.9798],"direction":[-0.340115,-0.810324,0.477176],"extended":false,"handId":847,"id":8472,"length":66.9943,"mcpPosition":[-29.58,290.595,11.5346],"pipPosition":[-55.681,272.175,-24.5465],"stabilizedTipPosition":[-127.504,215.086,219.746],"timeVisible":0.722974,"tipPosition":[-63.9473,243.115,2.57572],"tipVelocity":[-1.14022,40.3895,-144.241],"tool":false,"touchDistance":0.333333,"touchZone":"none","type":2,"width":18.9938},{"bases":[[[0.756952,-0.615241,-0.220234],[0.653465,0.714161,0.250914],[0.00291019,-0.333845,0.942623]],[[0.756955,-0.615794,-0.21867],[0.401383,0.702209,-0.588043],[0.515665,0.357352,0.77871]],[[0.756955,-0.615794,-0.21867],[-0.449899,-0.248412,-0.857836],[0.47393,0.747723,-0.465081]],[[0.756955,-0.615794,-0.21867],[-0.653437,-0.710121,-0.262199],[0.00617826,0.34136,-0.939912]]],"btipPosition":[-46.5016,235.535,6.77772],"carpPosition":[-10.042,257.677,70.1596],"dipPosition":[-46.3862,241.912,-10.7804],"direction":[-0.47393,-0.747723,0.465081],"extended":false,"handId":847,"id":8473,"length":64.4168,"mcpPosition":[-10.2242,278.585,11.1244],"pipPosition":[-33.2598,262.622,-23.6618],"stabilizedTipPosition":[-111.567,214.157,205.459],"timeVisible":0.722974,"tipPosition":[-46.9552,236.312,3.18486],"tipVelocity":[2.73385,42.2029,-148.929],"tool":false,"touchDistance":0.333333,"touchZone":"none","type":3,"width":18.0738},{"bases":[[[0.633755,-0.759231,-0.148066],[0.760916,0.577456,0.295891],[-0.139148,-0.300189,0.943676]],[[0.625335,-0.774305,-0.096995],[0.570666,0.538532,-0.619939],[0.532257,0.332318,0.778632]],[[0.625335,-0.774305,-0.096995],[-0.422895,-0.231795,-0.876032],[0.655833,0.588832,-0.472399]],[[0.625335,-0.774305,-0.096995],[-0.758669,-0.574141,-0.30787],[0.182696,0.266109,-0.946471]]],"btipPosition":[-29.897,235.578,9.05448],"carpPosition":[-3.17376,246.024,65.7416],"dipPosition":[-26.7484,240.164,-7.2567],"direction":[-0.655833,-0.588832,0.472399],"extended":false,"handId":847,"id":8474,"length":50.5016,"mcpPosition":[4.8933,263.427,11.0322],"pipPosition":[-13.9235,251.679,-16.4946],"stabilizedTipPosition":[-94.6255,214.21,213.689],"timeVisible":0.722974,"tipPosition":[-29.6418,236.172,5.54322],"tipVelocity":[3.55974,35.0805,-130.967],"tool":false,"touchDistance":0.333333,"touchZone":"none","type":4,"width":16.0545}],"r":[[0.922473,-0.0540027,0.382266],[0.154068,0.959399,-0.236257],[-0.353987,0.276836,0.893339]],"s":0.794612,"t":[78.2514,25.6369,-230.034],"timestamp":606993946778},false],[5,{"currentFrameRate":109.616,"devices":[],"gestures":[],"hands":[{"armBasis":[[0.765055,-0.205283,-0.610368],[0.469683,0.826316,0.310804],[0.440554,-0.524462,0.728595]],"armWidth":63.7085,"confidence":0.837582,"direction":[-0.0382001,0.507778,-0.860641],"elbow":[101.408,105.073,272.597],"grabStrength":0,"id":847,"palmNormal":[-0.479139,-0.765112,-0.43015],"palmPosition":[-28.3355,273.78,29.6653],"palmVelocity":[-23.9993,27.9112,-113.981],"palmWidth":90.9735,"pinchStrength":1,"r":[[0.922147,-0.0521404,0.383309],[0.151721,0.960231,-0.234385],[-0.355845,0.274294,0.893385]],"s":0.79391,"sphereCenter":[-53.2768,250.062,-4.97644],"sphereRadius":43.7907,"stabilizedPalmPosition":[-86.9467,254.493,225.102],"t":[78.0423,25.8991,-231.011],"timeVisible":0.732086,"type":"right","wrist":[-17.5203,246.653,75.9123]}],"id":4429519,"interactionBox":{"center":[0,200,0],"size":[235.247,235.247,147.751]},"pointables":[{"bases":[[[0.773966,0.624098,0.107136],[-0.476544,0.462647,0.747572],[0.416992,-0.62965,0.655483]],[[0.593635,0.796542,-0.114537],[-0.722329,0.590162,0.360485],[0.354737,-0.131263,0.925706]],[[0.593635,0.796542,-0.114537],[-0.802675,0.596263,-0.0135085],[0.0575342,0.0999553,0.993327]],[[0.593635,0.796542,-0.114537],[-0.717539,0.459486,-0.52346],[-0.364329,0.392929,0.844317]]],"btipPosition":[-58.6984,241.888,-17.8392],"carpPosition":[-47.5578,247.939,81.9798],"dipPosition":[-67.2235,251.083,1.91723],"direction":[-0.0575342,-0.0999553,-0.993327],"extended":false,"handId":847,"id":8470,"length":52.1069,"mcpPosition":[-47.5578,247.939,81.9798],"pipPosition":[-65.2622,254.49,35.7792],"stabilizedTipPosition":[-122.521,238.171,156.747],"timeVisible":0.732086,"tipPosition":[-60.7865,243.242,-13.2841],"tipVelocity":[-9.00375,33.2334,-126.98],"tool":false,"touchDistance":-0.46745,"touchZone":"hovering","type":0,"width":20.2463},{"bases":[[[0.858045,-0.305057,-0.413158],[0.446411,0.840764,0.306323],[0.253922,-0.447277,0.857594]],[[0.882575,-0.357241,-0.305679],[0.402396,0.910195,0.0980957],[0.243184,-0.209581,0.947068]],[[0.882575,-0.357241,-0.305679],[0.372519,0.927981,-0.00895306],[0.286863,-0.105969,0.952093]],[[0.882575,-0.357241,-0.305679],[0.347224,0.933593,-0.0885434],[0.317011,-0.0279929,0.948009]]],"btipPosition":[-72.9992,310.078,-63.981],"carpPosition":[-31.5281,265.136,78.984],"dipPosition":[-67.5839,309.6,-47.7866],"direction":[-0.286863,0.105969,-0.952093],"extended":true,"handId":847,"id":8471,"length":58.7969,"mcpPosition":[-50.2057,298.036,15.9026],"pipPosition":[-60.6516,307.039,-24.7783],"stabilizedTipPosition":[-125.178,299.989,117.178],"timeVisible":0.732086,"tipPosition":[-71.7467,308.979,-60.3528],"tipVelocity":[-26.0109,38.3127,-110.353],"tool":false,"touchDistance":-0.467097,"touchZone":"hovering","type":1,"width":19.3393},{"bases":[[[0.795703,-0.501511,-0.339622],[0.590513,0.767062,0.250817],[0.134723,-0.400128,0.906503]],[[0.799465,-0.513562,-0.311624],[0.26889,0.769824,-0.578851],[0.537172,0.378979,0.753539]],[[0.799465,-0.513562,-0.311624],[-0.496724,-0.273434,-0.823711],[0.337818,0.813319,-0.4737]],[[0.799465,-0.513562,-0.311624],[-0.587708,-0.776041,-0.228822],[-0.124319,0.36608,-0.922242]]],"btipPosition":[-63.0218,242.761,5.21629],"carpPosition":[-20.4681,263.116,73.9685],"dipPosition":[-65.3575,249.639,-12.1113],"direction":[-0.337818,-0.813319,0.4737],"extended":false,"handId":847,"id":8472,"length":66.9943,"mcpPosition":[-29.8658,291.027,10.7351],"pipPosition":[-55.753,272.763,-25.5792],"stabilizedTipPosition":[-127.502,215.087,219.738],"timeVisible":0.732086,"tipPosition":[-63.9314,243.603,1.46585],"tipVelocity":[-0.323444,44.6798,-138.699],"tool":false,"touchDistance":0.333333,"touchZone":"none","type":2,"width":18.9938},{"bases":[[[0.760061,-0.611315,-0.220456],[0.649848,0.716125,0.254682],[0.0021832,-0.336836,0.941561]],[[0.760063,-0.61164,-0.219547],[0.401115,0.707365,-0.582015],[0.511283,0.354304,0.78298]],[[0.760063,-0.61164,-0.219547],[-0.446625,-0.246249,-0.860167],[0.472049,0.751836,-0.460339]],[[0.760063,-0.61164,-0.219547],[-0.649825,-0.712438,-0.264876],[0.00559485,0.34399,-0.938957]]],"btipPosition":[-46.4768,236.023,5.64441],"carpPosition":[-10.3215,258.005,69.2997],"dipPosition":[-46.3723,242.449,-11.8959],"direction":[-0.472049,-0.751836,0.460339],"extended":false,"handId":847,"id":8473,"length":64.4168,"mcpPosition":[-10.4582,279.1,10.331],"pipPosition":[-33.298,263.273,-24.6459],"stabilizedTipPosition":[-111.565,214.158,205.452],"timeVisible":0.732086,"tipPosition":[-46.9233,236.811,2.07131],"tipVelocity":[2.65323,45.6971,-141.991],"tool":false,"touchDistance":0.333333,"touchZone":"none","type":3,"width":18.0738},{"bases":[[[0.637314,-0.756056,-0.149029],[0.757777,0.579735,0.29947],[-0.140019,-0.303787,0.942395]],[[0.629317,-0.770606,-0.100627],[0.569306,0.545269,-0.615282],[0.529009,0.32992,0.781858]],[[0.629317,-0.770606,-0.100627],[-0.422039,-0.230155,-0.876876],[0.652566,0.594302,-0.470066]],[[0.629317,-0.770606,-0.100627],[-0.756229,-0.577381,-0.307815],[0.179104,0.26981,-0.94611]]],"btipPosition":[-29.8258,236.072,8.08167],"carpPosition":[-3.39372,246.395,64.8604],"dipPosition":[-26.7392,240.722,-8.22329],"direction":[-0.652566,-0.594302,0.470066],"extended":false,"handId":847,"id":8474,"length":50.5016,"mcpPosition":[4.72384,264.007,10.2253],"pipPosition":[-13.9781,252.343,-17.4156],"stabilizedTipPosition":[-94.624,214.211,213.684],"timeVisible":0.732086,"tipPosition":[-29.598,236.681,4.55755],"tipVelocity":[4.30432,40.8245,-124.207],"tool":false,"touchDistance":0.333333,"touchZone":"none","type":4,"width":16.0545}],"r":[[0.922147,-0.0521404,0.383309],[0.151721,0.960231,-0.234385],[-0.355845,0.274294,0.893385]],"s":0.79391,"t":[78.0423,25.8991,-231.011],"timestamp":606993955890},false],[6,{"currentFrameRate":109.713,"devices":[],"gestures":[],"hands":[{"armBasis":[[0.761291,-0.215439,-0.611573],[0.475777,0.826412,0.301131],[0.440536,-0.520221,0.731641]],"armWidth":63.7085,"confidence":0.813462,"direction":[-0.0357903,0.507252,-0.861054],"elbow":[101.019,106.659,272.239],"grabStrength":0,"id":847,"palmNormal":[-0.485876,-0.761751,-0.428556],"palmPosition":[-28.5911,274.261,28.4784],"palmVelocity":[-25.2531,34.977,-119.099],"palmWidth":90.9735,"pinchStrength":1,"r":[[0.92194,-0.0520193,0.383825],[0.151257,0.960611,-0.233127],[-0.356579,0.272985,0.893493]],"s":0.793789,"sphereCenter":[-53.9214,250.814,-6.03299],"sphereRadius":43.785,"stabilizedPalmPosition":[-86.944,254.494,225.093],"t":[77.81,26.2706,-232.092],"timeVisible":0.741028,"type":"right","wrist":[-17.9045,247.093,74.7318]}],"id":4429520,"interactionBox":{"center":[0,200,0],"size":[235.247,235.247,147.751]},"pointables":[{"bases":[[[0.779008,0.618135,0.105146],[-0.471564,0.467057,0.747987],[0.413248,-0.632271,0.655332]],[[0.599613,0.791782,-0.116381],[-0.716987,0.596091,0.361393],[0.355518,-0.133252,0.925122]],[[0.599613,0.791782,-0.116381],[-0.79805,0.602452,-0.0129743],[0.0598414,0.100658,0.99312]],[[0.599613,0.791782,-0.116381],[-0.714995,0.464684,-0.522351],[-0.359508,0.396421,0.844751]]],"btipPosition":[-59.2911,242.563,-18.9408],"carpPosition":[-47.92,248.62,80.8522],"dipPosition":[-67.7034,251.839,0.8258],"direction":[-0.0598414,-0.100658,-0.99312],"extended":false,"handId":847,"id":8470,"length":52.1069,"mcpPosition":[-47.92,248.62,80.8522],"pipPosition":[-65.6634,255.27,34.6807],"stabilizedTipPosition":[-122.515,238.172,156.731],"timeVisible":0.741028,"tipPosition":[-61.3574,243.942,-14.3826],"tipVelocity":[-23.8526,45.336,-125.874],"tool":false,"touchDistance":-0.465527,"touchZone":"hovering","type":0,"width":20.2463},{"bases":[[[0.854888,-0.312137,-0.414411],[0.453516,0.837539,0.304716],[0.251973,-0.44844,0.857561]],[[0.879031,-0.363928,-0.307994],[0.409454,0.907197,0.096652],[0.244237,-0.211069,0.946466]],[[0.879031,-0.363928,-0.307994],[0.379134,0.925273,-0.0112403],[0.289069,-0.10689,0.951322]],[[0.879031,-0.363928,-0.307994],[0.353401,0.930992,-0.0914425],[0.320018,-0.0284644,0.946984]]],"btipPosition":[-73.2396,310.81,-65.0896],"carpPosition":[-31.762,265.689,77.8111],"dipPosition":[-67.7729,310.324,-48.9127],"direction":[-0.289069,0.10689,-0.951322],"extended":true,"handId":847,"id":8471,"length":58.7969,"mcpPosition":[-50.2961,298.674,14.7321],"pipPosition":[-60.7872,307.741,-25.923],"stabilizedTipPosition":[-125.162,299.992,117.124],"timeVisible":0.741028,"tipPosition":[-71.947,309.756,-61.4712],"tipVelocity":[-25.8873,50.158,-114.196],"tool":false,"touchDistance":-0.465409,"touchZone":"hovering","type":1,"width":19.3393},{"bases":[[[0.791147,-0.508029,-0.340576],[0.596938,0.762662,0.249022],[0.133234,-0.400315,0.90664]],[[0.794873,-0.52011,-0.312509],[0.276631,0.769021,-0.576266],[0.540048,0.371609,0.755153]],[[0.794873,-0.52011,-0.312509],[-0.499619,-0.268756,-0.823499],[0.344321,0.810713,-0.473484]],[[0.794873,-0.52011,-0.312509],[-0.593956,-0.772254,-0.225475],[-0.124065,0.364841,-0.922767]]],"btipPosition":[-63.5052,243.688,3.94181],"carpPosition":[-20.7271,263.577,72.7776],"dipPosition":[-65.8362,250.543,-13.3957],"direction":[-0.344321,-0.810713,0.473484],"extended":false,"handId":847,"id":8472,"length":66.9943,"mcpPosition":[-30.0209,291.501,9.53463],"pipPosition":[-56.0467,273.593,-26.8574],"stabilizedTipPosition":[-127.498,215.088,219.727],"timeVisible":0.741028,"tipPosition":[-64.4086,244.514,0.241454],"tipVelocity":[-14.9649,60.6285,-139.814],"tool":false,"touchDistance":0.333333,"touchZone":"none","type":2,"width":18.9938},{"bases":[[[0.754865,-0.617439,-0.221241],[0.655879,0.711267,0.252827],[0.00125564,-0.335958,0.941876]],[[0.754864,-0.617284,-0.221676],[0.399725,0.700939,-0.590682],[0.52,0.357275,0.775857]],[[0.754864,-0.617284,-0.221676],[-0.45691,-0.252443,-0.852939],[0.470545,0.74514,-0.472604]],[[0.754864,-0.617284,-0.221676],[-0.655879,-0.711264,-0.252837],[-0.00159804,0.33625,-0.941771]]],"btipPosition":[-46.9399,236.544,5.13084],"carpPosition":[-10.6292,258.383,68.0954],"dipPosition":[-46.9697,242.825,-12.462],"direction":[-0.470545,-0.74514,0.472603],"extended":false,"handId":847,"id":8473,"length":64.4168,"mcpPosition":[-10.7078,279.423,9.10699],"pipPosition":[-33.937,263.463,-25.5517],"stabilizedTipPosition":[-111.562,214.159,205.443],"timeVisible":0.741028,"tipPosition":[-47.3964,237.421,1.28557],"tipVelocity":[-13.1557,48.0926,-119.269],"tool":false,"touchDistance":0.333333,"touchZone":"none","type":3,"width":18.0738},{"bases":[[[0.63112,-0.761151,-0.149455],[0.762821,0.57408,0.297551],[-0.140682,-0.301798,0.942935]],[[0.623524,-0.774939,-0.103378],[0.572291,0.542508,-0.614953],[0.532635,0.324276,0.781758]],[[0.623524,-0.774939,-0.103378],[-0.427056,-0.226846,-0.875308],[0.654859,0.589924,-0.472387]],[[0.623524,-0.774939,-0.103378],[-0.761863,-0.572611,-0.302789],[0.175448,0.267557,-0.947434]]],"btipPosition":[-30.304,236.6,6.91643],"carpPosition":[-3.80037,246.715,63.6547],"dipPosition":[-27.2804,241.211,-9.41135],"direction":[-0.654859,-0.589924,0.472387],"extended":false,"handId":847,"id":8474,"length":50.5016,"mcpPosition":[4.35565,264.212,8.98833],"pipPosition":[-14.4745,252.748,-18.649],"stabilizedTipPosition":[-94.622,214.212,213.678],"timeVisible":0.741028,"tipPosition":[-30.1063,237.206,3.38482],"tipVelocity":[-11.9169,45.5516,-126.034],"tool":false,"touchDistance":0.333333,"touchZone":"none","type":4,"width":16.0545}],"r":[[0.92194,-0.0520193,0.383825]