{"sensorType":"Leap","data":[[0,{"currentFrameRate":109.725,"devices":[],"gestures":[],"hands":[{"armBasis":[[0.855827,0.0672511,-0.512872],[0.24078,0.825747,0.510065],[0.457805,-0.560016,0.690504]],"armWidth":63.7085,"confidence":0.757105,"direction":[-0.00663851,0.497087,-0.867675],"elbow":[101.19,119.846,272.521],"grabStrength":0,"id":840,"palmNormal":[-0.240693,-0.842978,-0.481097],"palmPosition":[-31.1899,295.788,38.1497],"palmVelocity":[15.149,-9.57891,-117.014],"palmWidth":90.9735,"pinchStrength":0.882465,"r":[[0.953282,-0.20618,0.220778],[0.265294,0.920947,-0.28544],[-0.144473,0.330676,0.93262]],"s":0.830304,"sphereCenter":[-49.5753,266.349,-0.643732],"sphereRadius":49.3033,"stabilizedPalmPosition":[-39.7727,274.28,249.894],"t":[8.67206,21.6642,-212.18],"timeVisible":0.849661,"type":"right","wrist":[-22.3947,271.023,86.1192]}],"id":4427198,"interactionBox":{"center":[0,200,0],"size":[235.247,235.247,147.751]},"pointables":[{"bases":[[[0.604545,0.768228,0.210598],[-0.670884,0.348501,0.65457],[0.429465,-0.537004,0.726076]],[[0.451195,0.892336,-0.012651],[-0.83602,0.427595,0.343851],[0.31224,-0.144567,0.938939]],[[0.451195,0.892336,-0.012651],[-0.890344,0.451065,0.061867],[0.0609126,-0.0166503,0.998004]],[[0.451195,0.892336,-0.012651],[-0.813572,0.405461,-0.416776],[-0.366774,0.19834,0.908921]]],"btipPosition":[-61.713,269.224,-14.688],"carpPosition":[-52.6353,266.082,87.4626],"dipPosition":[-70.2952,273.865,6.58013],"direction":[-0.0609126,0.0166503,-0.998004],"extended":false,"handId":840,"id":8400,"length":52.1069,"mcpPosition":[-52.6353,266.082,87.4626],"pipPosition":[-68.2188,273.297,40.6015],"stabilizedTipPosition":[-98.1672,254.024,204.651],"timeVisible":0.849661,"tipPosition":[-63.5389,269.427,-9.94965],"tipVelocity":[16.1127,-4.75025,-114.86],"tool":false,"touchDistance":-0.485529,"touchZone":"touching","type":0,"width":20.2463},{"bases":[[[0.955685,-0.119268,-0.269148],[0.212885,0.911465,0.35201],[0.203335,-0.393708,0.896464]],[[0.967932,-0.147555,-0.203309],[0.203613,0.934835,0.290904],[0.147136,-0.322972,0.934901]],[[0.967932,-0.147555,-0.203309],[0.184778,0.966477,0.17827],[0.170189,-0.21012,0.962749]],[[0.967932,-0.147555,-0.203309],[0.168173,0.981814,0.0880833],[0.186615,-0.11945,0.975144]]],"btipPosition":[-68.7517,336.173,-59.4474],"carpPosition":[-40.1742,286.222,86.5752],"dipPosition":[-65.5638,334.132,-42.7895],"direction":[-0.170189,0.21012,-0.962749],"extended":true,"handId":840,"id":8401,"length":58.7969,"mcpPosition":[-55.1308,315.181,20.6346],"pipPosition":[-61.451,329.055,-19.5237],"stabilizedTipPosition":[-92.5652,312.872,166.238],"timeVisible":0.849661,"tipPosition":[-67.6602,334.498,-55.9165],"tipVelocity":[15.1599,-18.0793,-126.257],"tool":false,"touchDistance":-0.507023,"touchZone":"touching","type":1,"width":19.3393},{"bases":[[[0.923982,-0.324986,-0.201597],[0.375803,0.869315,0.321036],[0.0709189,-0.372392,0.925362]],[[0.926584,-0.357951,-0.115379],[0.240274,0.799443,-0.550598],[0.289326,0.482453,0.826758]],[[0.926584,-0.357951,-0.115379],[0.0272293,0.369833,-0.928699],[0.3751,0.857376,0.352429]],[[0.926584,-0.357951,-0.115379],[-0.102511,0.0547891,-0.993222],[0.361847,0.932131,0.0140729]]],"btipPosition":[-64.646,247.389,-31.3077],"carpPosition":[-28.2927,286.552,83.3685],"dipPosition":[-57.8474,264.902,-31.0433],"direction":[-0.3751,-0.857376,-0.352429],"extended":false,"handId":840,"id":8402,"length":66.9943,"mcpPosition":[-33.2397,312.529,18.8195],"pipPosition":[-47.1828,289.278,-21.0233],"stabilizedTipPosition":[-54.8445,257.079,76.8218],"timeVisible":0.849661,"tipPosition":[-63.033,251.418,-31.3672],"tipVelocity":[45.0162,-13.071,-138.809],"tool":false,"touchDistance":-0.490177,"touchZone":"touching","type":2,"width":18.9938},{"bases":[[[0.893371,-0.440846,-0.0868484],[0.442926,0.83156,0.335147],[-0.0755287,-0.337878,0.938154]],[[0.882763,-0.469818,-0.000944512],[0.386199,0.72679,-0.568003],[0.267544,0.501047,0.823026]],[[0.882763,-0.469818,-0.000944512],[0.157533,0.297889,-0.941512],[0.442621,0.830983,0.336978]],[[0.882763,-0.469818,-0.000944512],[-0.00149947,-0.000807054,-0.999999],[0.469817,0.882763,-0.00141692]]],"btipPosition":[-44.9762,242.94,-24.3935],"carpPosition":[-16.7192,283.668,80.4344],"dipPosition":[-36.1998,259.431,-24.42],"direction":[-0.442621,-0.830983,-0.336978],"extended":false,"handId":840,"id":8403,"length":64.4168,"mcpPosition":[-11.9889,304.829,21.6791],"pipPosition":[-23.9405,282.447,-15.0868],"stabilizedTipPosition":[-57.2371,245.546,171.622],"timeVisible":0.849661,"tipPosition":[-42.8688,246.917,-24.7539],"tipVelocity":[44.0878,-18.6122,-120.267],"tool":false,"touchDistance":-0.475202,"touchZone":"touching","type":3,"width":18.0738},{"bases":[[[0.793078,-0.608286,-0.0318577],[0.568061,0.71973,0.399117],[-0.219849,-0.334628,0.916346]],[[0.709529,-0.674018,0.205592],[0.648471,0.510351,-0.564824],[0.275778,0.53408,0.799191]],[[0.709529,-0.674018,0.205592],[0.366092,0.103284,-0.924829],[0.602118,0.731459,0.320035]],[[0.709529,-0.674018,0.205592],[0.151053,-0.139496,-0.978634],[0.688296,0.725424,0.00283603]]],"btipPosition":[-27.6107,247.476,-10.305],"carpPosition":[-6.97041,273.763,77.3807],"dipPosition":[-15.7488,259.977,-10.2562],"direction":[-0.602118,-0.731459,-0.320035],"extended":false,"handId":840,"id":8404,"length":50.5016,"mcpPosition":[5.77525,293.163,24.2558],"pipPosition":[-3.97427,274.281,-3.99779],"stabilizedTipPosition":[-35.9462,250.99,182.229],"timeVisible":0.849661,"tipPosition":[-24.2693,250.687,-11.3454],"tipVelocity":[36.4273,-18.8435,-103.281],"tool":false,"touchDistance":-0.457338,"touchZone":"touching","type":4,"width":16.0545}],"r":[[0.953282,-0.20618,0.220778],[0.265294,0.920947,-0.28544],[-0.144473,0.330676,0.93262]],"s":0.830304,"t":[8.67206,21.6642,-212.18],"timestamp":606972118972},false],[1,{"currentFrameRate":109.841,"devices":[],"gestures":[],"hands":[{"armBasis":[[0.856536,0.0673607,-0.511672],[0.239713,0.82608,0.51003],[0.457038,-0.559513,0.69142]],"armWidth":63.7085,"confidence":0.752303,"direction":[-0.00733005,0.49564,-0.868497],"elbow":[101.091,119.968,272.154],"grabStrength":0,"id":840,"palmNormal":[-0.239603,-0.844091,-0.479689],"palmPosition":[-31.1162,295.682,37.4939],"palmVelocity":[13.2836,-10.1909,-105.243],"palmWidth":90.9735,"pinchStrength":0.879429,"r":[[0.953403,-0.203627,0.222617],[0.263671,0.920992,-0.286796],[-0.146629,0.33213,0.931767]],"s":0.831764,"sphereCenter":[-49.6596,266.227,-1.23353],"sphereRadius":49.3461,"stabilizedPalmPosition":[-39.7727,274.28,249.894],"t":[8.78407,21.5419,-213.009],"timeVisible":0.858557,"type":"right","wrist":[-22.2864,271.009,85.5039]}],"id":4427199,"interactionBox":{"center":[0,200,0],"size":[235.247,235.247,147.751]},"pointables":[{"bases":[[[0.603542,0.769371,0.209297],[-0.671314,0.348702,0.654021],[0.430203,-0.535234,0.726946]],[[0.450757,0.892549,-0.0132015],[-0.836036,0.427307,0.34417],[0.31283,-0.1441,0.938815]],[[0.450757,0.892549,-0.0132015],[-0.890495,0.450647,0.0627384],[0.0619464,-0.0165239,0.997943]],[[0.450757,0.892549,-0.0132015],[-0.816497,0.406282,-0.410205],[-0.360764,0.195682,0.911898]]],"btipPosition":[-61.8033,269.206,-15.3551],"carpPosition":[-52.5204,266.03,86.8569],"dipPosition":[-70.245,273.785,5.98277],"direction":[-0.0619464,0.0165239,-0.997943],"extended":false,"handId":840,"id":8400,"length":52.1069,"mcpPosition":[-52.5204,266.03,86.8569],"pipPosition":[-68.1333,273.222,40.0021],"stabilizedTipPosition":[-98.1672,254.024,204.651],"timeVisible":0.858557,"tipPosition":[-63.5469,269.39,-10.5705],"tipVelocity":[9.95905,-4.4188,-103.527],"tool":false,"touchDistance":-0.475075,"touchZone":"touching","type":0,"width":20.2463},{"bases":[[[0.95583,-0.118455,-0.268993],[0.2117,0.912327,0.350489],[0.203892,-0.391954,0.897107]],[[0.967913,-0.146037,-0.204495],[0.202596,0.934951,0.291241],[0.148661,-0.323325,0.934538]],[[0.967913,-0.146037,-0.204495],[0.183431,0.966825,0.17777],[0.17175,-0.209577,0.96259]],[[0.967913,-0.146037,-0.204495],[0.166541,0.982203,0.0868423],[0.188173,-0.118113,0.975008]]],"btipPosition":[-68.834,335.986,-60.1125],"carpPosition":[-40.0858,286.185,85.9356],"dipPosition":[-65.6195,333.969,-43.4569],"direction":[-0.17175,0.209577,-0.96259],"extended":true,"handId":840,"id":8401,"length":58.7969,"mcpPosition":[-55.0834,315.016,19.9478],"pipPosition":[-61.469,328.904,-20.1949],"stabilizedTipPosition":[-92.5652,312.872,166.238],"timeVisible":0.858557,"tipPosition":[-67.722,334.341,-56.5815],"tipVelocity":[8.70828,-18.7072,-112.272],"tool":false,"touchDistance":-0.494638,"touchZone":"touching","type":1,"width":19.3393},{"bases":[[[0.9244,-0.324103,-0.201099],[0.374672,0.87034,0.319578],[0.0714486,-0.370764,0.925975]],[[0.927049,-0.356944,-0.114765],[0.239575,0.799376,-0.551001],[0.288417,0.48331,0.826576]],[[0.927049,-0.356944,-0.114765],[0.0272011,0.369309,-0.928909],[0.373952,0.858022,0.352077]],[[0.927049,-0.356944,-0.114765],[-0.102205,0.0539213,-0.993301],[0.360741,0.932568,0.0135062]]],"btipPosition":[-64.4979,247.181,-31.9617],"carpPosition":[-28.2049,286.526,82.7278],"dipPosition":[-57.72,264.703,-31.708],"direction":[-0.373952,-0.858022,-0.352077],"extended":false,"handId":840,"id":8402,"length":66.9943,"mcpPosition":[-33.1888,312.389,18.1361],"pipPosition":[-47.0881,289.097,-21.698],"stabilizedTipPosition":[-54.846,257.078,76.8021],"timeVisible":0.858557,"tipPosition":[-62.8971,251.191,-31.9891],"tipVelocity":[37.1572,-15.8125,-121.131],"tool":false,"touchDistance":-0.479339,"touchZone":"touching","type":2,"width":18.9938},{"bases":[[[0.893947,-0.439813,-0.0861578],[0.441845,0.832697,0.333749],[-0.0750437,-0.336422,0.938716]],[[0.883431,-0.468561,-0.000510616],[0.385218,0.726914,-0.56851],[0.266753,0.502042,0.822676]],[[0.883431,-0.468561,-0.000510616],[0.157021,0.297076,-0.941855],[0.441468,0.831983,0.336021]],[[0.883431,-0.468561,-0.000510616],[-0.00176457,-0.0022372,-0.999996],[0.468558,0.883428,-0.00280322]]],"btipPosition":[-44.8243,242.748,-24.9971],"carpPosition":[-16.6277,283.652,79.798],"dipPosition":[-36.0714,259.251,-25.0495],"direction":[-0.441468,-0.831983,-0.336021],"extended":false,"handId":840,"id":8403,"length":64.4168,"mcpPosition":[-11.9278,304.722,21.0074],"pipPosition":[-23.844,282.295,-15.7428],"stabilizedTipPosition":[-57.2359,245.546,171.606],"timeVisible":0.858557,"tipPosition":[-42.7297,246.708,-25.3384],"tipVelocity":[36.5791,-19.329,-106.197],"tool":false,"touchDistance":-0.465158,"touchZone":"touching","type":3,"width":18.0738},{"bases":[[[0.793877,-0.607294,-0.0308851],[0.56713,0.721138,0.397899],[-0.219369,-0.333398,0.916909]],[[0.710684,-0.672639,0.20612],[0.647743,0.511307,-0.564796],[0.274513,0.534904,0.799074]],[[0.710684,-0.672639,0.20612],[0.365885,0.10315,-0.924926],[0.60088,0.732746,0.319415]],[[0.710684,-0.672639,0.20612],[0.150897,-0.140423,-0.978525],[0.687138,0.726525,0.00170235]]],"btipPosition":[-27.4453,247.323,-10.9224],"carpPosition":[-6.86603,273.754,76.7603],"dipPosition":[-15.6033,259.844,-10.893],"direction":[-0.60088,-0.732746,-0.319415],"extended":false,"handId":840,"id":8404,"length":50.5016,"mcpPosition":[5.85181,293.083,23.6027],"pipPosition":[-3.85299,274.173,-4.64678],"stabilizedTipPosition":[-35.946,250.99,182.225],"timeVisible":0.858557,"tipPosition":[-24.142,250.515,-11.9148],"tipVelocity":[31.4394,-18.2598,-94.2048],"tool":false,"touchDistance":-0.449265,"touchZone":"touching","type":4,"width":16.0545}],"r":[[0.953403,-0.203627,0.222617],[0.263671,0.920992,-0.286796],[-0.146629,0.33213,0.931767]],"s":0.831764,"t":[8.78407,21.5419,-213.009],"timestamp":606972127868},false],[2,{"currentFrameRate":109.808,"devices":[],"gestures":[],"hands":[{"armBasis":[[0.85751,0.0666752,-0.510128],[0.239832,0.825423,0.511036],[0.455144,-0.560564,0.691818]],"armWidth":63.7085,"confidence":0.753002,"direction":[-0.0057156,0.490411,-0.871473],"elbow":[100.596,119.795,270.97],"grabStrength":0,"id":840,"palmNormal":[-0.239803,-0.846729,-0.474914],"palmPosition":[-31.0138,295.512,36.0443],"palmVelocity":[12.6943,-12.5312,-119.995],"palmWidth":90.9735,"pinchStrength":0.875454,"r":[[0.953395,-0.201499,0.224578],[0.26263,0.920625,-0.288921],[-0.148535,0.334437,0.930639]],"s":0.833188,"sphereCenter":[-49.8762,265.999,-2.48995],"sphereRadius":49.3964,"stabilizedPalmPosition":[-39.7727,274.28,249.894],"t":[8.89127,21.3956,-214.148],"timeVisible":0.867724,"type":"right","wrist":[-22.2705,271.12,84.2134]}],"id":4427200,"interactionBox":{"center":[0,200,0],"size":[235.247,235.247,147.751]},"pointables":[{"bases":[[[0.60402,0.770031,0.205453],[-0.671824,0.353282,0.651033],[0.428733,-0.531266,0.730715]],[[0.452349,0.891677,-0.017072],[-0.83572,0.43049,0.340954],[0.311371,-0.139963,0.939925]],[[0.452349,0.891677,-0.017072],[-0.889781,0.452522,0.0592779],[0.0605823,-0.011624,0.998096]],[[0.452349,0.891677,-0.017072],[-0.81648,0.406349,-0.410172],[-0.358804,0.19948,0.911849]]],"btipPosition":[-61.7207,268.892,-16.7147],"carpPosition":[-52.5112,266.178,85.5568],"dipPosition":[-70.1164,273.56,4.62197],"direction":[-0.0605823,0.011624,-0.998096],"extended":false,"handId":840,"id":8400,"length":52.1069,"mcpPosition":[-52.5112,266.178,85.5568],"pipPosition":[-68.0512,273.164,38.6465],"stabilizedTipPosition":[-98.1672,254.024,204.651],"timeVisible":0.867724,"tipPosition":[-63.4478,269.096,-11.909],"tipVelocity":[10.0174,-12.1289,-116.027],"tool":false,"touchDistance":-0.476299,"touchZone":"touching","type":0,"width":20.2463},{"bases":[[[0.956063,-0.120998,-0.267025],[0.212135,0.914214,0.34527],[0.202341,-0.386746,0.899714]],[[0.967782,-0.147496,-0.204065],[0.203471,0.935524,0.288782],[0.148313,-0.321,0.935394]],[[0.967782,-0.147496,-0.204065],[0.184194,0.967295,0.174393],[0.171669,-0.206362,0.963299]],[[0.967782,-0.147496,-0.204065],[0.16716,0.982459,0.0826493],[0.188295,-0.114098,0.975462]]],"btipPosition":[-68.675,335.487,-61.7712],"carpPosition":[-40.0557,286.315,84.5304],"dipPosition":[-65.4585,333.538,-45.1078],"direction":[-0.171669,0.206362,-0.963299],"extended":true,"handId":840,"id":8401,"length":58.7969,"mcpPosition":[-54.9392,314.762,18.3508],"pipPosition":[-61.3099,328.551,-21.8287],"stabilizedTipPosition":[-92.5652,312.872,166.237],"timeVisible":0.867724,"tipPosition":[-67.5529,333.862,-58.2364],"tipVelocity":[11.1306,-28.1988,-131.368],"tool":false,"touchDistance":-0.498361,"touchZone":"touching","type":1,"width":19.3393},{"bases":[[[0.924344,-0.326203,-0.197937],[0.375105,0.871884,0.314825],[0.0698813,-0.365254,0.928281]],[[0.926843,-0.358636,-0.111095],[0.242413,0.797586,-0.552352],[0.286701,0.485013,0.826175]],[[0.926843,-0.358636,-0.111095],[0.0308277,0.367594,-0.929475],[0.374181,0.858053,0.351758]],[[0.926843,-0.358636,-0.111095],[-0.0989249,0.05217,-0.993726],[0.362182,0.932019,0.0128754]]],"btipPosition":[-64.3048,246.823,-33.474],"carpPosition":[-28.1703,286.625,81.3362],"dipPosition":[-57.4999,264.334,-33.2321],"direction":[-0.374181,-0.858053,-0.351758],"extended":false,"handId":840,"id":8402,"length":66.9943,"mcpPosition":[-33.0449,312.104,16.5836],"pipPosition":[-46.8615,288.73,-23.2312],"stabilizedTipPosition":[-54.8473,257.077,76.7833],"timeVisible":0.867724,"tipPosition":[-62.718,250.763,-33.3883],"tipVelocity":[32.8567,-22.3592,-133.441],"tool":false,"touchDistance":-0.482464,"touchZone":"touching","type":2,"width":18.9938},{"bases":[[[0.893628,-0.44119,-0.0823414],[0.442224,0.834262,0.32931],[-0.0765939,-0.330694,0.940625]],[[0.883041,-0.469285,0.00305263],[0.386316,0.723195,-0.572493],[0.266455,0.506714,0.819904]],[[0.883041,-0.469285,0.00305263],[0.157595,0.290403,-0.943838],[0.442043,0.833929,0.330395]],[[0.883041,-0.469285,0.00305263],[-0.00169957,-0.00970256,-0.999951],[0.469292,0.882993,-0.00936534]]],"btipPosition":[-44.708,242.206,-26.0736],"carpPosition":[-16.5921,283.723,78.4388],"dipPosition":[-35.9413,258.7,-26.2485],"direction":[-0.442043,-0.833929,-0.330395],"extended":false,"handId":840,"id":8403,"length":64.4168,"mcpPosition":[-11.7951,304.433,19.5288],"pipPosition":[-23.6981,281.798,-17.0976],"stabilizedTipPosition":[-57.2346,245.546,171.587],"timeVisible":0.867724,"tipPosition":[-42.6058,246.16,-26.4564],"tipVelocity":[30.0118,-30.5084,-110.186],"tool":false,"touchDistance":-0.463545,"touchZone":"touching","type":3,"width":18.0738},{"bases":[[[0.793323,-0.608238,-0.0261929],[0.567316,0.722969,0.394294],[-0.220887,-0.327662,0.918611]],[[0.709933,-0.672007,0.210717],[0.648801,0.507672,-0.566857],[0.273957,0.539144,0.796412]],[[0.709933,-0.672007,0.210717],[0.366868,0.0974789,-0.925152],[0.601168,0.734101,0.315741]],[[0.709933,-0.672007,0.210717],[0.151574,-0.146394,-0.977545],[0.687765,0.725931,-0.00207059]]],"btipPosition":[-27.3242,246.867,-12.0768],"carpPosition":[-6.83618,273.797,75.4735],"dipPosition":[-15.4714,259.377,-12.1125],"direction":[-0.601168,-0.734101,-0.315741],"extended":false,"handId":840,"id":8404,"length":50.5016,"mcpPosition":[5.9697,292.793,22.2173],"pipPosition":[-3.71544,273.733,-5.93809],"stabilizedTipPosition":[-35.9458,250.99,182.221],"timeVisible":0.867724,"tipPosition":[-24.0265,250.042,-13.0694],"tipVelocity":[26.4311,-27.107,-103.509],"tool":false,"touchDistance":-0.450213,"touchZone":"touching","type":4,"width":16.0545}],"r":[[0.953395,-0.201499,0.224578],[0.26263,0.920625,-0.288921],[-0.148535,0.334437,0.930639]],"s":0.833188,"t":[8.89127,21.3956,-214.148],"timestamp":606972137035},false],[3,{"currentFrameRate":109.902,"devices":[],"gestures":[],"hands":[{"armBasis":[[0.858008,0.0656016,-0.50943],[0.238881,0.827054,0.508839],[0.454707,-0.558281,0.693948]],"armWidth":63.7085,"confidence":0.750029,"direction":[-0.00275425,0.48755,-0.873091],"elbow":[100.445,120.182,270.496],"grabStrength":0,"id":840,"palmNormal":[-0.238974,-0.848117,-0.472851],"palmPosition":[-30.8853,295.13,34.8888],"palmVelocity":[13.154,-20.7743,-122.556],"palmWidth":90.9735,"pinchStrength":0.87097,"r":[[0.953221,-0.199778,0.226847],[0.262104,0.920098,-0.291068],[-0.150572,0.336909,0.929419]],"s":0.834849,"sphereCenter":[-50.0956,265.753,-3.53286],"sphereRadius":49.4257,"stabilizedPalmPosition":[-39.7727,274.28,249.894],"t":[9.00908,21.1316,-215.295],"timeVisible":0.876655,"type":"right","wrist":[-22.3039,270.89,83.1637]}],"id":4427201,"interactionBox":{"center":[0,200,0],"size":[235.247,235.247,147.751]},"pointables":[{"bases":[[[0.603944,0.770282,0.204738],[-0.673525,0.355885,0.64785],[0.426163,-0.529162,0.733739]],[[0.453992,0.890836,-0.0173815],[-0.83588,0.432578,0.337906],[0.308538,-0.138878,0.941019]],[[0.453992,0.890836,-0.0173815],[-0.889145,0.454218,0.0557397],[0.05755,-0.00985069,0.998294]],[[0.453992,0.890836,-0.0173815],[-0.816046,0.407887,-0.409508],[-0.357715,0.200097,0.912141]]],"btipPosition":[-61.5421,268.559,-17.9072],"carpPosition":[-52.5519,265.974,84.4325],"dipPosition":[-69.9125,273.241,3.43628],"direction":[-0.05755,0.00985069,-0.998294],"extended":false,"handId":840,"id":8400,"length":52.1069,"mcpPosition":[-52.5519,265.974,84.4325],"pipPosition":[-67.9506,272.905,37.4676],"stabilizedTipPosition":[-98.1671,254.024,204.651],"timeVisible":0.876655,"tipPosition":[-63.2503,268.753,-13.0804],"tipVelocity":[12.9162,-18.8943,-120.753],"tool":false,"touchDistance":-0.474867,"touchZone":"touching","type":0,"width":20.2463},{"bases":[[[0.956775,-0.122539,-0.263754],[0.211742,0.915195,0.342904],[0.199367,-0.38393,0.901582]],[[0.967957,-0.147917,-0.202927],[0.203681,0.935124,0.289926],[0.146877,-0.321968,0.935288]],[[0.967957,-0.147917,-0.202927],[0.184497,0.967109,0.175102],[0.170352,-0.206931,0.96341]],[[0.967957,-0.147917,-0.202927],[0.167497,0.982383,0.0828787],[0.187093,-0.114213,0.97568]]],"btipPosition":[-68.3658,335.121,-63.0634],"carpPosition":[-40.0793,286.099,83.3774],"dipPosition":[-65.1698,333.17,-46.3963],"direction":[-0.170352,0.206931,-0.96341],"extended":true,"handId":840,"id":8401,"length":58.7969,"mcpPosition":[-54.744,314.339,17.0604],"pipPosition":[-61.053,328.169,-23.1145],"stabilizedTipPosition":[-92.5651,312.872,166.237],"timeVisible":0.876655,"tipPosition":[-67.2331,333.485,-59.5325],"tipVelocity":[17.3958,-31.7006,-134.976],"tool":false,"touchDistance":-0.496228,"touchZone":"touching","type":1,"width":19.3393},{"bases":[[[0.924704,-0.327494,-0.194088],[0.374774,0.872652,0.313087],[0.0668374,-0.362252,0.929681]],[[0.926913,-0.359748,-0.106833],[0.245551,0.796683,-0.552269],[0.28379,0.485672,0.826792]],[[0.926913,-0.359748,-0.106833],[0.0354852,0.367424,-0.929376],[0.373594,0.85766,0.353336]],[[0.926913,-0.359748,-0.106833],[-0.0942646,0.0523574,-0.994169],[0.363244,0.931579,0.0146193]]],"btipPosition":[-63.9693,246.366,-34.7973],"carpPosition":[-28.1841,286.39,80.2179],"dipPosition":[-57.1445,263.869,-34.5226],"direction":[-0.373594,-0.85766,-0.353336],"extended":false,"handId":840,"id":8402,"length":66.9943,"mcpPosition":[-32.8464,311.659,15.3677],"pipPosition":[-46.5227,288.254,-24.4768],"stabilizedTipPosition":[-54.8486,257.076,76.7648],"timeVisible":0.876655,"tipPosition":[-62.3914,250.265,-34.627],"tipVelocity":[34.2822,-30.2682,-137.227],"tool":false,"touchDistance":-0.482286,"touchZone":"touching","type":2,"width":18.9938},{"bases":[[[0.89356,-0.442079,-0.0782087],[0.441822,0.835031,0.327897],[-0.0796497,-0.32755,0.941471]],[[0.88289,-0.46954,0.00610078],[0.386836,0.719892,-0.576292],[0.2662,0.511163,0.817221]],[[0.88289,-0.46954,0.00610078],[0.156901,0.282731,-0.94628],[0.442591,0.836418,0.323292]],[[0.88289,-0.46954,0.00610078],[-0.00304163,-0.01871,-0.99982],[0.46957,0.882713,-0.0179471]]],"btipPosition":[-44.5328,241.494,-26.7235],"carpPosition":[-16.5993,283.47,77.3649],"dipPosition":[-35.761,257.983,-27.0588],"direction":[-0.442591,-0.836418,-0.323292],"extended":false,"handId":840,"id":8403,"length":64.4168,"mcpPosition":[-11.6109,303.984,18.4019],"pipPosition":[-23.5025,281.15,-18.1046],"stabilizedTipPosition":[-57.2326,245.546,171.561],"timeVisible":0.876655,"tipPosition":[-42.3943,245.484,-27.2366],"tipVelocity":[27.2123,-43.9667,-101.108],"tool":false,"touchDistance":-0.455827,"touchZone":"touching","type":3,"width":18.0738},{"bases":[[[0.792969,-0.608872,-0.0218139],[0.56664,0.723866,0.393621],[-0.223874,-0.32449,0.919014]],[[0.709263,-0.67164,0.214116],[0.650146,0.505815,-0.566976],[0.272501,0.541341,0.79542]],[[0.709263,-0.67164,0.214116],[0.368339,0.0941124,-0.924916],[0.60106,0.734876,0.314142]],[[0.709263,-0.67164,0.214116],[0.15274,-0.150104,-0.9768],[0.688198,0.725512,-0.00387708]]],"btipPosition":[-27.1102,246.328,-13.0147],"carpPosition":[-6.84152,273.528,74.4615],"dipPosition":[-15.25,258.832,-13.0815],"direction":[-0.60106,-0.734876,-0.314142],"extended":false,"handId":840,"id":8404,"length":50.5016,"mcpPosition":[6.13753,292.34,21.1819],"pipPosition":[-3.49613,273.202,-6.9384],"stabilizedTipPosition":[-35.9454,250.99,182.214],"timeVisible":0.876655,"tipPosition":[-23.8149,249.488,-13.9993],"tipVelocity":[25.8088,-36.2125,-104.139],"tool":false,"touchDistance":-0.4477,"touchZone":"touching","type":4,"width":16.0545}],"r":[[0.953221,-0.199778,0.226847],[0.262104,0.920098,-0.291068],[-0.150572,0.336909,0.929419]],"s":0.834849,"t":[9.00908,21.1316,-215.295],"timestamp":606972145966},false],[4,{"currentFrameRate":109.881,"devices":[],"gestures":[],"hands":[{"armBasis":[[0.858666,0.0674963,-0.508071],[0.236251,0.827576,0.509218],[0.454838,-0.55728,0.694666]],"armWidth":63.7085,"confidence":0.725759,"direction":[-0.00104138,0.484996,-0.874516],"elbow":[100.476,120.268,269.9],"grabStrength":0,"id":840,"palmNormal":[-0.236436,-0.849841,-0.47103],"palmPosition":[-30.7908,294.793,34.0053],"palmVelocity":[12.3735,-25.2549,-115.355],"palmWidth":90.9735,"pinchStrength":0.867915,"r":[[0.953007,-0.197985,0.229301],[0.261581,0.919577,-0.293177],[-0.152815,0.339381,0.928153]],"s":0.83663,"sphereCenter":[-50.1533,265.519,-4.31115],"sphereRadius":49.3911,"stabilizedPalmPosition":[-39.7727,274.28,249.894],"t":[9.11527,20.831,-216.31],"timeVisible":0.885794,"type":"right","wrist":[-22.308,270.707,82.3744]}],"id":4427202,"interactionBox":{"center":[0,200,0],"size":[235.247,235.247,147.751]},"pointables":[{"bases":[[[0.602259,0.771754,0.204156],[-0.675831,0.356794,0.644942],[0.424895,-0.526397,0.736458]],[[0.453592,0.891035,-0.0176199],[-0.836894,0.432661,0.335279],[0.306369,-0.137334,0.941954]],[[0.453592,0.891035,-0.0176199],[-0.889472,0.453854,0.0534442],[0.0556175,-0.00856951,0.998415]],[[0.453592,0.891035,-0.0176199],[-0.816984,0.407834,-0.407687],[-0.356078,0.199319,0.912952]]],"btipPosition":[-61.4067,268.233,-18.8356],"carpPosition":[-52.5523,265.75,83.5739],"dipPosition":[-69.7387,272.897,2.52691],"direction":[-0.0556175,0.00856951,-0.998415],"extended":false,"handId":840,"id":8400,"length":52.1069,"mcpPosition":[-52.5523,265.75,83.5739],"pipPosition":[-67.8427,272.604,36.5623],"stabilizedTipPosition":[-98.1671,254.024,204.651],"timeVisible":0.885794,"tipPosition":[-63.075,268.415,-13.9842],"tipVelocity":[13.7143,-23.6991,-115.287],"tool":false,"touchDistance":-0.469573,"touchZone":"touching","type":0,"width":20.2463},{"bases":[[[0.957678,-0.121916,-0.260748],[0.209467,0.916499,0.340812],[0.197425,-0.381006,0.903248]],[[0.968441,-0.146302,-0.201785],[0.201855,0.935296,0.290648],[0.146206,-0.322207,0.935311]],[[0.968441,-0.146302,-0.201785],[0.182657,0.96744,0.175206],[0.169582,-0.206534,0.963631]],[[0.968441,-0.146302,-0.201785],[0.165627,0.982742,0.0823807],[0.18625,-0.113202,0.975959]]],"btipPosition":[-68.1877,334.68,-64.0799],"carpPosition":[-40.1059,285.89,82.4946],"dipPosition":[-65.0061,332.747,-47.4081],"direction":[-0.169582,0.206534,-0.963632],"extended":true,"handId":840,"id":8401,"length":58.7969,"mcpPosition":[-54.6277,313.915,16.055],"pipPosition":[-60.908,327.755,-24.121],"stabilizedTipPosition":[-92.565,312.873,166.236],"timeVisible":0.885794,"tipPosition":[-67.0428,333.057,-60.5487],"tipVelocity":[17.8768,-36.1705,-128.338],"tool":false,"touchDistance":-0.490171,"touchZone":"touching","type":1,"width":19.3393},{"bases":[[[0.925711,-0.326713,-0.190572],[0.372642,0.874106,0.311571],[0.0647862,-0.35944,0.930917]],[[0.927725,-0.358714,-0.103202],[0.246095,0.795691,-0.553455],[0.28065,0.488057,0.82646]],[[0.927725,-0.358714,-0.103202],[0.0377634,0.365266,-0.930137],[0.37135,0.859014,0.352413]],[[0.927725,-0.358714,-0.103202],[-0.0913823,0.0498008,-0.99457],[0.361906,0.932118,0.0134213]]],"btipPosition":[-63.6043,245.806,-35.6695],"carpPosition":[-28.2025,286.189,79.3671],"dipPosition":[-56.8046,263.319,-35.4174],"direction":[-0.37135,-0.859014,-0.352413],"extended":false,"handId":840,"id":8402,"length":66.9943,"mcpPosition":[-32.7216,311.262,14.4306],"pipPosition":[-46.2466,287.742,-25.3978],"stabilizedTipPosition":[-54.85,257.075,76.7421],"timeVisible":0.885794,"tipPosition":[-62.0352,249.701,-35.493],"tipVelocity":[35.6808,-38.8377,-125.762],"tool":false,"touchDistance":-0.475553,"touchZone":"touching","type":2,"width":18.9938},{"bases":[[[0.894412,-0.441005,-0.0744448],[0.439703,0.836627,0.326676],[-0.0817831,-0.324916,0.9422]],[[0.883761,-0.467858,0.00866406],[0.384927,0.716331,-0.58198],[0.266078,0.517667,0.813157]],[[0.883761,-0.467858,0.00866406],[0.153891,0.273108,-0.949594],[0.441909,0.840548,0.313361]],[[0.883761,-0.467858,0.00866406],[-0.00610034,-0.0300331,-0.99953],[0.467899,0.883293,-0.0293962]]],"btipPosition":[-44.3499,240.721,-26.909],"carpPosition":[-16.6056,283.278,76.5547],"dipPosition":[-35.6093,257.221,-27.4581],"direction":[-0.441909,-0.840548,-0.313361],"extended":false,"handId":840,"id":8403,"length":64.4168,"mcpPosition":[-11.4836,303.627,17.546],"pipPosition":[-23.3697,280.502,-18.779],"stabilizedTipPosition":[-57.2282,245.546,171.503],"timeVisible":0.885794,"tipPosition":[-42.1689,244.778,-27.6076],"tipVelocity":[24.9913,-55.1865,-80.1242],"tool":false,"touchDistance":-0.442097,"touchZone":"touching","type":3,"width":18.0738},{"bases":[[[0.793906,-0.607778,-0.0178412],[0.5645,0.725835,0.393069],[-0.225949,-0.322132,0.919336]],[[0.71074,-0.669569,0.215697],[0.648288,0.50442,-0.570336],[0.273077,0.545195,0.792585]],[[0.71074,-0.669569,0.215697],[0.364723,0.0885566,-0.926895],[0.601519,0.737452,0.307148]],[[0.71074,-0.669569,0.215697],[0.14855,-0.156852,-0.976386],[0.687591,0.725999,-0.012017]]],"btipPosition":[-26.9927,245.81,-13.4103],"carpPosition":[-6.82542,273.342,73.7073],"dipPosition":[-15.143,258.322,-13.6174],"direction":[-0.601519,-0.737452,-0.307148],"extended":false,"handId":840,"id":8404,"length":50.5016,"mcpPosition":[6.27392,292.017,20.4091],"pipPosition":[-3.38012,272.743,-7.61099],"stabilizedTipPosition":[-35.9446,250.99,182.201],"timeVisible":0.885794,"tipPosition":[-23.6746,248.965,-14.4533],"tipVelocity":[22.1326,-41.8524,-88.1922],"tool":false,"touchDistance":-0.437681,"touchZone":"touching","type":4,"width":16.0545}],"r":[[0.953007,-0.197985,0.229301],[0.261581,0.919577,-0.293177],[-0.152815,0.339381,0.928153]],"s":0.83663,"t":[9.11527,20.831,-216.31],"timestamp":606972155105},false],[5,{"currentFrameRate":109.964,"devices":[],"gestures":[],"hands":[{"armBasis":[[0.860674,0.074203,-0.50372],[0.229107,0.827065,0.513296],[0.454698,-0.557187,0.694833]],"armWidth":63.7085,"confidence":0.731653,"direction":[-0.00000542489,0.484156,-0.874982],"elbow":[100.495,120.174,269.1],"grabStrength":0,"id":840,"palmNormal":[-0.229379,-0.851653,-0.471246],"palmPosition":[-30.6603,294.578,33.0998],"palmVelocity":[12.9786,-24.9311,-111.497],"palmWidth":90.9735,"pinchStrength":0.863575,"r":[[0.952856,-0.195387,0.232141],[0.260351,0.919404,-0.294811],[-0.155829,0.341351,0.926929]],"s":0.838659,"sphereCenter":[-49.9174,265.38,-5.21336],"sphereRadius":49.3494,"stabilizedPalmPosition":[-39.7727,274.28,249.894],"t":[9.23362,20.5731,-217.271],"timeVisible":0.894739,"type":"right","wrist":[-22.2511,270.587,81.5292]}],"id":4427203,"interactionBox":{"center":[0,200,0],"size":[235.247,235.247,147.751]},"pointables":[{"bases":[[[0.59683,0.775455,0.206067],[-0.680752,0.353445,0.641602],[0.4247,-0.523208,0.738839]],[[0.449453,0.893175,-0.015152],[-0.840017,0.428353,0.332994],[0.303912,-0.136937,0.942807]],[[0.449453,0.893175,-0.015152],[-0.891704,0.449599,0.0522071],[0.0534424,-0.00995353,0.998521]],[[0.449453,0.893175,-0.015152],[-0.81852,0.404974,-0.407457],[-0.357795,0.195535,0.913099]]],"btipPosition":[-61.0883,268.053,-19.8592],"carpPosition":[-52.4708,265.455,82.5998],"dipPosition":[-69.4605,272.629,1.50669],"direction":[-0.0534424,0.00995353,-0.998521],"extended":false,"handId":840,"id":8400,"length":52.1069,"mcpPosition":[-52.4708,265.455,82.5998],"pipPosition":[-67.6387,272.289,35.5457],"stabilizedTipPosition":[-98.167,254.024,204.65],"timeVisible":0.894739,"tipPosition":[-62.7124,268.199,-14.9984],"tipVelocity":[19.4083,-23.3241,-115.031],"tool":false,"touchDistance":-0.466292,"touchZone":"touching","type":0,"width":20.2463},{"bases":[[[0.959518,-0.11656,-0.256394],[0.202598,0.91803,0.340845],[0.195649,-0.378992,0.904481]],[[0.969871,-0.140021,-0.19936],[0.195439,0.935745,0.293573],[0.145444,-0.323691,0.934917]],[[0.969871,-0.140021,-0.19936],[0.17628,0.96819,0.177578],[0.168154,-0.207371,0.963702]],[[0.969871,-0.140021,-0.19936],[0.15931,0.983633,0.0841772],[0.184311,-0.113401,0.976304]]],"btipPosition":[-67.9885,334.396,-65.0998],"carpPosition":[-40.1377,285.666,81.556],"dipPosition":[-64.84,332.459,-48.4221],"direction":[-0.168154,0.207371,-0.963702],"extended":true,"handId":840,"id":8401,"length":58.7969,"mcpPosition":[-54.5289,313.543,15.0257],"pipPosition":[-60.7764,327.447,-25.1333],"stabilizedTipPosition":[-92.5648,312.873,166.234],"timeVisible":0.894739,"tipPosition":[-66.8301,332.778,-61.5703],"tipVelocity":[18.8446,-35.0047,-124.385],"tool":false,"touchDistance":-0.484765,"touchZone":"touching","type":1,"width":19.3393},{"bases":[[[0.928438,-0.321474,-0.186162],[0.366146,0.876564,0.312367],[0.0627653,-0.358176,0.931542]],[[0.930252,-0.353385,-0.0987409],[0.244082,0.79692,-0.552579],[0.273962,0.489937,0.827591]],[[0.930252,-0.353385,-0.0987409],[0.0398569,0.364836,-0.930218],[0.364749,0.861402,0.353474]],[[0.930252,-0.353385,-0.0987409],[-0.087279,0.0482677,-0.995014],[0.356389,0.934232,0.014058]]],"btipPosition":[-62.8697,245.362,-36.696],"carpPosition":[-28.2225,286.032,78.4809],"dipPosition":[-56.1737,262.915,-36.4319],"direction":[-0.364749,-0.861402,-0.353474],"extended":false,"handId":840,"id":8402,"length":66.9943,"mcpPosition":[-32.6007,311.017,13.5008],"pipPosition":[-45.8034,287.406,-26.3822],"stabilizedTipPosition":[-54.8518,257.073,76.7107],"timeVisible":0.894739,"tipPosition":[-61.3276,249.259,-36.5104],"tipVelocity":[47.6378,-41.4957,-122.671],"tool":false,"touchDistance":-0.471686,"touchZone":"touching","type":2,"width":18.9938},{"bases":[[[0.897294,-0.435837,-0.0700635],[0.433357,0.839491,0.327805],[-0.0840517,-0.3245,0.942144]],[[0.886631,-0.462326,0.0118699],[0.380678,0.714994,-0.586403],[0.262622,0.524441,0.809933]],[[0.886631,-0.462326,0.0118699],[0.150285,0.263748,-0.952812],[0.437379,0.846576,0.303328]],[[0.886631,-0.462326,0.0118699],[-0.00872064,-0.0423743,-0.999064],[0.462396,0.885697,-0.0416021]]],"btipPosition":[-43.8161,240.088,-27.0876],"carpPosition":[-16.5965,283.186,75.7226],"dipPosition":[-35.1782,256.634,-27.8648],"direction":[-0.437379,-0.846576,-0.303328],"extended":false,"handId":840,"id":8403,"length":64.4168,"mcpPosition":[-11.3324,303.509,16.7174],"pipPosition":[-23.0641,280.081,-19.4635],"stabilizedTipPosition":[-57.2177,245.544,171.367],"timeVisible":0.894739,"tipPosition":[-41.6089,244.228,-27.9958],"tipVelocity":[33.7446,-59.1149,-65.2943],"tool":false,"touchDistance":-0.429687,"touchZone":"touching","type":3,"width":18.0738},{"bases":[[[0.797515,-0.603142,-0.0137429],[0.558504,0.729494,0.394856],[-0.228129,-0.322579,0.91864]],[[0.714769,-0.664784,0.21718],[0.645089,0.506763,-0.571883],[0.27012,0.548865,0.791064]],[[0.714769,-0.664784,0.21718],[0.361856,0.0858027,-0.928277],[0.598469,0.742092,0.301885]],[[0.714769,-0.664784,0.21718],[0.146104,-0.161748,-0.975957],[0.683929,0.729314,-0.0184848]]],"btipPosition":[-26.5595,245.521,-13.881],"carpPosition":[-6.74591,273.304,72.9281],"dipPosition":[-14.7729,258.09,-14.1995],"direction":[-0.598469,-0.742092,-0.301885],"extended":false,"handId":840,"id":8404,"length":50.5016,"mcpPosition":[6.47981,292.006,19.6702],"pipPosition":[-3.06969,272.602,-8.29608],"stabilizedTipPosition":[-35.9432,250.989,182.178],"timeVisible":0.894739,"tipPosition":[-23.2327,248.687,-14.9751],"tipVelocity":[28.8718,-38.8434,-79.259],"tool":false,"touchDistance":-0.429691,"touchZone":"touching","type":4,"width":16.0545}],"r":[[0.952856,-0.195387,0.232141],[0.260351,0.919404,-0.294811],[-0.155829,0.341351,0.926929]],"s":0.838659,"t":[9.23362,20.5731,-217.271],"timestamp":606972164050},false],[6,{"currentFrameRate":109.916,"devices":[],"gestures":[],"hands":[{"armBasis":[[0.862031,0.07451,-0.501349],[0.226427,0.828339,0.512431],[0.453468,-0.55525,0.697183]],"armWidth":63.7085,"confidence":0.688723,"direction":[0.00059792,0.481089,-0.876672],"elbow":[100.374,120.222,268.501],"grabStrength":0,"id":840,"palmNormal":[-0.226748,-0.853772,-0.468677],"palmPosition":[-30.4101,293.916,31.7672],"palmVelocity":[16.9619,-38.1006,-120.886],"palmWidth":90.9735,"pinchStrength":0.859146,"r":[[0.95272,-0.192745,0.234892],[0.259098,0.91916,-0.296669],[-0.158722,0.343503,0.925642]],"s":0.841417,"sphereCenter":[-50.15,264.98,-6.3621],"sphereRadius":49.3576,"stabilizedPalmPosition":[-39.7727,274.28,249.893],"t":[9.41786,20.1132,-218.417],"timeVisible":0.903922,"type":"right","wrist":[-22.0402,270.112,80.2957]}],"id":4427204,"interactionBox":{"center":[0,200,0],"size":[235.247,235.247,147.751]},"pointables":[{"bases":[[[0.594842,0.777411,0.20444],[-0.68266,0.354272,0.639113],[0.424426,-0.519735,0.741443]],[[0.448879,0.893453,-0.0157937],[-0.840509,0.428148,0.332013],[0.303401,-0.135759,0.943142]],[[0.448879,0.893453,-0.0157937],[-0.892016,0.449066,0.0514433],[0.0530546,-0.00900358,0.998551]],[[0.448879,0.893453,-0.0157937],[-0.820702,0.405207,-0.402809],[-0.353492,0.193774,0.915148]]],"btipPosition":[-60.9306,267.47,-21.1957],"carpPosition":[-52.2511,264.921,81.329],"dipPosition":[-69.202,272.004,0.218147],"direction":[-0.0530546,0.00900358,-0.998551],"extended":false,"handId":840,"id":8400,"length":52.1069,"mcpPosition":[-52.2511,264.921,81.329],"pipPosition":[-67.3934,271.697,34.2582],"stabilizedTipPosition":[-98.1669,254.024,204.649],"timeVisible":0.903922,"tipPosition":[-62.4793,267.581,-16.3036],"tipVelocity":[19.4904,-34.8528,-123.217],"tool":false,"touchDistance":-0.467878,"touchZone":"touching","type":0,"width":20.2463},{"bases":[[[0.960227,-0.115462,-0.254229],[0.200069,0.919636,0.337996],[0.194772,-0.375416,0.90616]],[[0.970044,-0.137404,-0.200339],[0.193738,0.935099,0.29674],[0.146564,-0.326664,0.933707]],[[0.970044,-0.137404,-0.200339],[0.174484,0.967875,0.181033],[0.169028,-0.210566,0.962856]],[[0.970044,-0.137404,-0.200339],[0.157427,0.983635,0.087631],[0.185019,-0.116545,0.9758]]],"btipPosition":[-67.8257,333.879,-66.4613],"carpPosition":[-39.958,285.154,80.237],"dipPosition":[-64.6651,331.889,-49.7922],"direction":[-0.169028,0.210566,-0.962856],"extended":true,"handId":840,"id":8401,"length":58.7969,"mcpPosition":[-54.2848,312.768,13.5832],"pipPosition":[-60.5803,326.8,-26.5239],"stabilizedTipPosition":[-92.5645,312.873,166.232],"timeVisible":0.903922,"tipPosition":[-66.6497,332.188,-62.9494],"tipVelocity":[18.6175,-41.3086,-131.115],"tool":false,"touchDistance":-0.485075,"touchZone":"touching","type":1,"width":19.3393},{"bases":[[[0.929443,-0.320193,-0.183336],[0.363754,0.878411,0.309962],[0.0617967,-0.354782,0.932905]],[[0.931165,-0.351763,-0.0958901],[0.243349,0.795468,-0.554989],[0.271502,0.493451,0.826313]],[[0.931165,-0.351763,-0.0958901],[0.0404569,0.361065,-0.931663],[0.362347,0.863652,0.350442]],[[0.931165,-0.351763,-0.0958901],[-0.0860159,0.0436318,-0.995338],[0.354307,0.935072,0.0103712]]],"btipPosition":[-62.3917,244.378,-37.8725],"carpPosition":[-28.038,285.534,77.1824],"dipPosition":[-55.7347,261.947,-37.6776],"direction":[-0.362347,-0.863652,-0.350442],"extended":false,"handId":840,"id":8402,"length":66.9943,"mcpPosition":[-32.3486,310.282,12.1073],"pipPosition":[-45.4328,286.502,-27.7141],"stabilizedTipPosition":[-54.8546,257.069,76.6573],"timeVisible":0.903922,"tipPosition":[-60.8573,248.288,-37.7202],"tipVelocity":[48.5987,-59.719,-124.676],"tool":false,"touchDistance":-0.470737,"touchZone":"touching","type":2,"width":18.9938},{"bases":[[[0.898323,-0.434213,-0.0668943],[0.431013,0.841533,0.325653],[-0.085109,-0.321374,0.94312]],[[0.887694,-0.46021,0.0143512],[0.378148,0.710916,-0.59296],[0.262684,0.531795,0.805104]],[[0.887694,-0.46021,0.0143512],[0.146607,0.252968,-0.956302],[0.436469,0.851008,0.292029]],[[0.887694,-0.46021,0.0143512],[-0.0123337,-0.0549251,-0.998414],[0.460268,0.88611,-0.0544328]]],"btipPosition":[-43.4922,238.95,-27.6477],"carpPosition":[-16.401,282.702,74.4553],"dipPosition":[-34.8941,255.503,-28.6645],"direction":[-0.436469,-0.851008,-0.292029],"extended":false,"handId":840,"id":8403,"length":64.4168,"mcpPosition":[-11.0708,302.83,15.389],"pipPosition":[-22.8052,279.073,-20.5762],"stabilizedTipPosition":[-57.1911,245.54,171.03],"timeVisible":0.903922,"tipPosition":[-41.263,243.139,-28.7162],"tipVelocity":[33.8924,-77.1652,-65.7679],"tool":false,"touchDistance":-0.424279,"touchZone":"touching","type":3,"width":18.0738},{"bases":[[[0.798788,-0.601527,-0.0101703],[0.556264,0.732032,0.393318],[-0.229147,-0.319835,0.919346]],[[0.716633,-0.662197,0.218936],[0.642819,0.505323,-0.575702],[0.270595,0.553303,0.787804]],[[0.716633,-0.662197,0.218936],[0.358167,0.0800608,-0.930219],[0.598459,0.745041,0.294551]],[[0.716633,-0.662197,0.218936],[0.142065,-0.168733,-0.97537],[0.682828,0.730085,-0.0268447]]],"btipPosition":[-26.2771,244.662,-14.7337],"carpPosition":[-6.52491,272.832,71.7135],"dipPosition":[-14.5095,257.244,-15.1964],"direction":[-0.598459,-0.745041,-0.294551],"extended":false,"handId":840,"id":8404,"length":50.5016,"mcpPosition":[6.75981,291.374,18.4147],"pipPosition":[-2.80647,271.813,-9.43633],"stabilizedTipPosition":[-35.9402,250.988,182.13],"timeVisible":0.903922,"tipP