{"sensorType":"Leap","data":[[0,{"currentFrameRate":109.763,"devices":[],"gestures":[],"hands":[{"armBasis":[[0.868003,-0.0408871,-0.494873],[0.289435,0.851457,0.437318],[0.403483,-0.522827,0.750902]],"armWidth":60.5489,"confidence":0.771101,"direction":[-0.0614233,0.569297,-0.819834],"elbow":[94.5788,134.903,263.2],"grabStrength":0,"id":828,"palmNormal":[-0.297851,-0.794415,-0.52933],"palmPosition":[-20.2147,296.526,27.8873],"palmVelocity":[-48.4067,17.3001,-209.803],"palmWidth":86.4617,"pinchStrength":1,"r":[[0.859729,-0.480303,0.173712],[0.509671,0.828872,-0.230667],[-0.0331952,0.286847,0.957401]],"s":0.823149,"sphereCenter":[-39.4594,273.909,-9.60094],"sphereRadius":43.8249,"stabilizedPalmPosition":[-35.3211,262.248,214.292],"t":[19.4477,36.3883,-192.985],"timeVisible":0.596334,"type":"right","wrist":[-8.93991,269.042,70.5463]}],"id":4423618,"interactionBox":{"center":[0,200,0],"size":[235.247,235.247,147.751]},"pointables":[{"bases":[[[0.637758,0.736457,0.225602],[-0.6095,0.303452,0.732412],[0.47093,-0.604606,0.642399]],[[0.450945,0.892535,0.00547421],[-0.784609,0.393478,0.479127],[0.425484,-0.220355,0.877728]],[[0.450945,0.892535,0.00547421],[-0.892403,0.450749,0.0210324],[0.0163047,-0.0143697,0.999764]],[[0.450945,0.892535,0.00547421],[-0.848667,0.430665,-0.30707],[-0.276429,0.133826,0.951671]]],"btipPosition":[-52.166,272.713,-21.4937],"carpPosition":[-37.6031,264.772,73.6952],"dipPosition":[-58.3135,275.69,-0.329575],"direction":[-0.0163047,0.0143697,-0.999764],"extended":false,"handId":828,"id":8280,"length":49.5227,"mcpPosition":[-37.6031,264.772,73.6952],"pipPosition":[-57.7852,275.224,32.0616],"stabilizedTipPosition":[-81.733,237.414,173.498],"timeVisible":0.596334,"tipPosition":[-53.3163,272.584,-16.7006],"tipVelocity":[-34.3912,33.2205,-225.072],"tool":false,"touchDistance":-0.609467,"touchZone":"hovering","type":0,"width":19.2422},{"bases":[[[0.928797,-0.113084,-0.352913],[0.261847,0.874149,0.409024],[0.262244,-0.472309,0.841518]],[[0.934606,-0.123961,-0.333386],[0.224746,0.932296,0.283396],[0.275684,-0.339791,0.899189]],[[0.934606,-0.123961,-0.333386],[0.181667,0.97219,0.147795],[0.305794,-0.198695,0.931134]],[[0.934606,-0.123961,-0.333386],[0.146045,0.98839,0.0419106],[0.32432,-0.0878592,0.941858]]],"btipPosition":[-67.269,336.579,-58.6943],"carpPosition":[-25.3925,283.699,73.5207],"dipPosition":[-62.0035,335.152,-43.403],"direction":[-0.305794,0.198695,-0.931134],"extended":true,"handId":828,"id":8281,"length":55.8809,"mcpPosition":[-43.7256,316.717,14.6916],"pipPosition":[-54.9802,330.589,-22.0171],"stabilizedTipPosition":[-85.1354,287.984,121.32],"timeVisible":0.596334,"tipPosition":[-65.873,335.034,-55.3313],"tipVelocity":[-48.1426,38.9098,-208.106],"tool":false,"touchDistance":-0.619126,"touchZone":"hovering","type":1,"width":18.3802},{"bases":[[[0.89735,-0.323208,-0.300499],[0.420795,0.831864,0.361847],[0.133023,-0.451152,0.882478]],[[0.898993,-0.329008,-0.289076],[0.187811,0.885884,-0.424189],[0.39565,0.327051,0.858195]],[[0.898993,-0.329008,-0.289076],[-0.357159,-0.168735,-0.918676],[0.253475,0.92913,-0.2692]],[[0.898993,-0.329008,-0.289076],[-0.429854,-0.789267,-0.438502],[-0.0838876,0.518471,-0.850971]]],"btipPosition":[-46.6568,264.634,-5.71521],"carpPosition":[-14.3653,284.068,69.6264],"dipPosition":[-48.1548,273.892,-20.9108],"direction":[-0.253475,-0.92913,0.2692],"extended":false,"handId":828,"id":8282,"length":63.6718,"mcpPosition":[-23.1841,313.978,11.1218],"pipPosition":[-41.3056,298.998,-28.1849],"stabilizedTipPosition":[-46.9405,221.855,191.005],"timeVisible":0.596334,"tipPosition":[-46.9051,266.446,-8.46192],"tipVelocity":[-25.939,22.9111,-244.981],"tool":false,"touchDistance":0.333333,"touchZone":"none","type":2,"width":18.0518},{"bases":[[[0.872853,-0.44786,-0.193777],[0.487857,0.791841,0.3674],[-0.0111033,-0.415222,0.909652]],[[0.87292,-0.443633,-0.202977],[0.321188,0.835758,-0.445362],[0.367217,0.323571,0.87204]],[[0.87292,-0.443633,-0.202977],[-0.305815,-0.173415,-0.936165],[0.380114,0.879271,-0.287047]],[[0.87292,-0.443633,-0.202977],[-0.485999,-0.754418,-0.441201],[0.042602,0.48378,-0.874152]]],"btipPosition":[-29.3769,260.62,-2.33503],"carpPosition":[-3.685,281.377,65.7573],"dipPosition":[-28.6206,269.209,-17.8549],"direction":[-0.380114,-0.879271,0.287047],"extended":false,"handId":828,"id":8283,"length":61.2221,"mcpPosition":[-3.0241,306.092,11.6125],"pipPosition":[-18.6147,292.354,-25.4109],"stabilizedTipPosition":[-30.748,228.267,194.247],"timeVisible":0.596334,"tipPosition":[-29.1424,262.273,-4.96953],"tipVelocity":[-22.0932,21.5131,-222.806],"tool":false,"touchDistance":0.333333,"touchZone":"none","type":3,"width":17.1774},{"bases":[[[0.773014,-0.617545,-0.145216],[0.614769,0.672727,0.411701],[-0.156553,-0.407525,0.899675]],[[0.704548,-0.703035,0.0967135],[0.663669,0.604484,-0.440616],[0.251307,0.374621,0.892471]],[[0.704548,-0.703035,0.0967135],[-0.12818,-0.260111,-0.957033],[0.697984,0.661879,-0.273376]],[[0.704548,-0.703035,0.0967135],[-0.586967,-0.6539,-0.477373],[0.398851,0.279564,-0.873362]]],"btipPosition":[-14.2294,265.066,1.18209],"carpPosition":[5.09346,272.079,61.3547],"dipPosition":[-7.69666,269.645,-13.1227],"direction":[-0.697984,-0.661879,0.273376],"extended":false,"handId":828,"id":8284,"length":47.997,"mcpPosition":[13.7195,294.533,11.7831],"pipPosition":[5.27567,281.946,-18.2035],"stabilizedTipPosition":[-17.807,236.968,204.346],"timeVisible":0.596334,"tipPosition":[-12.6131,266.091,-2.21292],"tipVelocity":[-32.7662,22.4018,-188.695],"tool":false,"touchDistance":0.333333,"touchZone":"none","type":4,"width":15.2583}],"r":[[0.859729,-0.480303,0.173712],[0.509671,0.828872,-0.230667],[-0.0331952,0.286847,0.957401]],"s":0.823149,"t":[19.4477,36.3883,-192.985],"timestamp":606938613183},false],[1,{"currentFrameRate":109.719,"devices":[],"gestures":[],"hands":[{"armBasis":[[0.867111,-0.0448657,-0.496091],[0.288749,0.856805,0.427212],[0.405886,-0.513685,0.755899]],"armWidth":60.5489,"confidence":0.589678,"direction":[-0.0551264,0.577353,-0.814631],"elbow":[94.6363,136.868,262.9],"grabStrength":0,"id":828,"palmNormal":[-0.298518,-0.788085,-0.538338],"palmPosition":[-20.4547,296.597,26.5161],"palmVelocity":[-42.1748,14.6371,-192.853],"palmWidth":86.4617,"pinchStrength":1,"r":[[0.860177,-0.479,0.175087],[0.508653,0.830667,-0.226415],[-0.0369862,0.283816,0.958165]],"s":0.824132,"sphereCenter":[-39.6895,274.432,-11.2875],"sphereRadius":43.8687,"stabilizedPalmPosition":[-35.3207,262.249,214.286],"t":[19.0852,36.4568,-194.59],"timeVisible":0.605526,"type":"right","wrist":[-9.49903,268.66,68.9638]}],"id":4423619,"interactionBox":{"center":[0,200,0],"size":[235.247,235.247,147.751]},"pointables":[{"bases":[[[0.639654,0.731631,0.235708],[-0.611801,0.29895,0.732345],[0.465341,-0.612654,0.638837]],[[0.455895,0.889859,0.0176054],[-0.783956,0.392116,0.481309],[0.421394,-0.233228,0.876374]],[[0.455895,0.889859,0.0176054],[-0.889921,0.455434,0.0249027],[0.0141418,-0.0270204,0.999535]],[[0.455895,0.889859,0.0176054],[-0.847001,0.439844,-0.298541],[-0.273403,0.121192,0.954234]]],"btipPosition":[-52.5605,273.722,-23.2404],"carpPosition":[-38.1943,264.479,71.9337],"dipPosition":[-58.6407,276.417,-2.01934],"direction":[-0.0141418,0.0270204,-0.999535],"extended":false,"handId":828,"id":8280,"length":49.5227,"mcpPosition":[-38.1943,264.479,71.9337],"pipPosition":[-58.1825,275.542,30.3644],"stabilizedTipPosition":[-81.7315,237.416,173.487],"timeVisible":0.605526,"tipPosition":[-53.6265,273.496,-18.435],"tipVelocity":[-36.303,52.6414,-214.879],"tool":false,"touchDistance":-0.602859,"touchZone":"hovering","type":0,"width":19.2422},{"bases":[[[0.930028,-0.113536,-0.349509],[0.263423,0.869113,0.41863],[0.256234,-0.481406,0.838208]],[[0.935347,-0.12391,-0.331319],[0.227305,0.928204,0.294567],[0.271031,-0.350833,0.896358]],[[0.935347,-0.12391,-0.331319],[0.185051,0.969653,0.159777],[0.301466,-0.210758,0.929892]],[[0.935347,-0.12391,-0.331319],[0.150016,0.987191,0.054311],[0.320345,-0.100503,0.941955]]],"btipPosition":[-67.0083,337.805,-59.8419],"carpPosition":[-25.906,283.356,71.9992],"dipPosition":[-61.8074,336.173,-44.549],"direction":[-0.301466,0.210758,-0.929892],"extended":true,"handId":828,"id":8281,"length":55.8809,"mcpPosition":[-43.8189,317.01,13.4016],"pipPosition":[-54.8835,331.333,-23.1916],"stabilizedTipPosition":[-85.1338,287.988,121.305],"timeVisible":0.605526,"tipPosition":[-65.6131,336.241,-56.5002],"tipVelocity":[-27.211,63.8973,-184.821],"tool":false,"touchDistance":-0.602755,"touchZone":"hovering","type":1,"width":18.3802},{"bases":[[[0.897471,-0.32402,-0.299262],[0.422424,0.826626,0.371815],[0.126902,-0.460109,0.878747]],[[0.898985,-0.329738,-0.288269],[0.194341,0.890153,-0.412141],[0.392502,0.314486,0.864315]],[[0.898985,-0.329738,-0.288269],[-0.352911,-0.15556,-0.922635],[0.259385,0.931168,-0.256214]],[[0.898985,-0.329738,-0.288269],[-0.431126,-0.782205,-0.449762],[-0.077182,0.52861,-0.845349]]],"btipPosition":[-46.8796,265.216,-7.66414],"carpPosition":[-14.8586,283.717,68.1618],"dipPosition":[-48.2578,274.655,-22.7594],"direction":[-0.259385,-0.931168,0.256214],"extended":false,"handId":828,"id":8282,"length":63.6718,"mcpPosition":[-23.2717,314.221,9.90447],"pipPosition":[-41.2489,299.817,-29.6826],"stabilizedTipPosition":[-46.9405,221.855,191.004],"timeVisible":0.605526,"tipPosition":[-47.1053,267.052,-10.3821],"tipVelocity":[-24.6257,35.4831,-235.066],"tool":false,"touchDistance":0.333333,"touchZone":"none","type":2,"width":18.0518},{"bases":[[[0.871948,-0.449583,-0.193857],[0.489295,0.786275,0.377307],[-0.017206,-0.423846,0.905571]],[[0.872078,-0.445266,-0.203023],[0.326786,0.838683,-0.435684],[0.364268,0.313606,0.876904]],[[0.872078,-0.445266,-0.203023],[-0.302024,-0.163288,-0.939212],[0.385048,0.880384,-0.276881]],[[0.872078,-0.445266,-0.203023],[-0.486941,-0.748293,-0.450496],[0.0486695,0.491728,-0.869388]]],"btipPosition":[-29.6118,261.028,-4.08967],"carpPosition":[-4.17072,281.019,64.3185],"dipPosition":[-28.7477,269.758,-19.5249],"direction":[-0.385048,-0.880384,0.276881],"extended":false,"handId":828,"id":8283,"length":61.2221,"mcpPosition":[-3.14657,306.248,10.4165],"pipPosition":[-18.6119,292.933,-26.8134],"stabilizedTipPosition":[-30.748,228.267,194.246],"timeVisible":0.605526,"tipPosition":[-29.3607,262.706,-6.72104],"tipVelocity":[-22.3053,28.9023,-213.292],"tool":false,"touchDistance":0.333333,"touchZone":"none","type":3,"width":17.1774},{"bases":[[[0.771184,-0.619311,-0.147404],[0.615503,0.666222,0.421075],[-0.162573,-0.415454,0.894968]],[[0.701273,-0.706777,0.0931767],[0.668069,0.605928,-0.431897],[0.248797,0.365126,0.897097]],[[0.701273,-0.706777,0.0931767],[-0.125109,-0.250688,-0.95995],[0.701829,0.66153,-0.264225]],[[0.701273,-0.706777,0.0931767],[-0.587566,-0.647047,-0.485898],[0.403711,0.286,-0.869035]]],"btipPosition":[-14.4669,265.372,-0.440423],"carpPosition":[4.591,271.728,59.8692],"dipPosition":[-7.85453,270.056,-14.6743],"direction":[-0.701829,-0.66153,0.264225],"extended":false,"handId":828,"id":8284,"length":47.997,"mcpPosition":[13.5487,294.619,10.557],"pipPosition":[5.18926,282.351,-19.5851],"stabilizedTipPosition":[-17.807,236.968,204.343],"timeVisible":0.605526,"tipPosition":[-12.8342,266.422,-3.82365],"tipVelocity":[-30.272,26.1715,-184.794],"tool":false,"touchDistance":0.333333,"touchZone":"none","type":4,"width":15.2583}],"r":[[0.860177,-0.479,0.175087],[0.508653,0.830667,-0.226415],[-0.0369862,0.283816,0.958165]],"s":0.824132,"t":[19.0852,36.4568,-194.59],"timestamp":606938622375},false],[2,{"currentFrameRate":109.829,"devices":[],"gestures":[],"hands":[{"armBasis":[[0.868377,-0.0431451,-0.494025],[0.283821,0.860155,0.423768],[0.406655,-0.508204,0.759184]],"armWidth":60.5489,"confidence":0.612578,"direction":[-0.055315,0.576233,-0.815412],"elbow":[94.5577,138.182,262.666],"grabStrength":0,"id":828,"palmNormal":[-0.293922,-0.789873,-0.538247],"palmPosition":[-20.7315,296.414,25.3799],"palmVelocity":[-39.1527,5.06177,-175.072],"palmWidth":86.4617,"pinchStrength":1,"r":[[0.860822,-0.477227,0.176748],[0.507273,0.832452,-0.222929],[-0.0407466,0.281562,0.958678]],"s":0.825201,"sphereCenter":[-40.0276,274.279,-12.3598],"sphereRadius":43.852,"stabilizedPalmPosition":[-35.3203,262.25,214.282],"t":[18.7656,36.3995,-195.96],"timeVisible":0.614435,"type":"right","wrist":[-9.77479,268.568,67.8871]}],"id":4423620,"interactionBox":{"center":[0,200,0],"size":[235.247,235.247,147.751]},"pointables":[{"bases":[[[0.636077,0.734465,0.236575],[-0.614923,0.297281,0.730407],[0.466129,-0.61007,0.640733]],[[0.453481,0.891061,0.0191136],[-0.785686,0.389545,0.480575],[0.420776,-0.232949,0.876745]],[[0.453481,0.891061,0.0191136],[-0.891162,0.452997,0.0249666],[0.0135883,-0.0283552,0.999506]],[[0.453481,0.891061,0.0191136],[-0.849061,0.438429,-0.294746],[-0.271016,0.117433,0.955385]]],"btipPosition":[-52.8327,273.631,-24.4301],"carpPosition":[-38.4607,264.275,70.7864],"dipPosition":[-58.8597,276.243,-3.18337],"direction":[-0.0135883,0.0283552,-0.999506],"extended":false,"handId":828,"id":8280,"length":49.5227,"mcpPosition":[-38.4607,264.275,70.7864],"pipPosition":[-58.4195,275.324,29.1994],"stabilizedTipPosition":[-81.7301,237.417,173.478],"timeVisible":0.614435,"tipPosition":[-53.8401,273.367,-19.6134],"tipVelocity":[-34.3641,34.9454,-192.553],"tool":false,"touchDistance":-0.588662,"touchZone":"hovering","type":0,"width":19.2422},{"bases":[[[0.931393,-0.110164,-0.346944],[0.258815,0.870628,0.418357],[0.255971,-0.479449,0.839409]],[[0.936303,-0.119684,-0.33017],[0.222916,0.929005,0.295395],[0.271376,-0.350179,0.89651]],[[0.936303,-0.119684,-0.33017],[0.180867,0.970204,0.161216],[0.301037,-0.210664,0.930052]],[[0.936303,-0.119684,-0.33017],[0.146059,0.98768,0.0561709],[0.319379,-0.100817,0.942249]]],"btipPosition":[-67.3213,337.49,-61.0765],"carpPosition":[-26.2488,283.201,70.8632],"dipPosition":[-62.1361,335.853,-45.7788],"direction":[-0.301037,0.210664,-0.930052],"extended":true,"handId":828,"id":8281,"length":55.8809,"mcpPosition":[-44.1433,316.719,12.1816],"pipPosition":[-55.222,331.014,-24.4178],"stabilizedTipPosition":[-85.1323,287.992,121.292],"timeVisible":0.614435,"tipPosition":[-65.9025,335.945,-57.7446],"tipVelocity":[-29.4773,36.8242,-172.2],"tool":false,"touchDistance":-0.589316,"touchZone":"hovering","type":1,"width":18.3802},{"bases":[[[0.899553,-0.320722,-0.296549],[0.418109,0.828732,0.372007],[0.126449,-0.45863,0.879585]],[[0.901035,-0.326319,-0.285747],[0.191962,0.890765,-0.411933],[0.388955,0.316314,0.865251]],[[0.901035,-0.326319,-0.285747],[-0.349808,-0.157175,-0.923542],[0.256457,0.932101,-0.255769]],[[0.901035,-0.326319,-0.285747],[-0.426849,-0.784107,-0.450528],[-0.0770409,0.527913,-0.845797]]],"btipPosition":[-46.9448,264.907,-8.87406],"carpPosition":[-15.1929,283.603,67.0543],"dipPosition":[-48.3205,274.334,-23.9773],"direction":[-0.256457,-0.932101,0.255769],"extended":false,"handId":828,"id":8282,"length":63.6718,"mcpPosition":[-23.5759,314.008,8.74144],"pipPosition":[-41.3907,299.52,-30.8885],"stabilizedTipPosition":[-46.9405,221.855,191.003],"timeVisible":0.614435,"tipPosition":[-47.1716,266.744,-11.6025],"tipVelocity":[-19.8969,16.2888,-208.102],"tool":false,"touchDistance":0.333333,"touchZone":"none","type":2,"width":18.0518},{"bases":[[[0.874261,-0.446272,-0.191073],[0.485127,0.788657,0.377719],[-0.0178745,-0.422919,0.905991]],[[0.874397,-0.441966,-0.20024],[0.324918,0.839842,-0.434848],[0.360358,0.315168,0.877959]],[[0.874397,-0.441966,-0.20024],[-0.298739,-0.165183,-0.93993],[0.382341,0.881692,-0.276468]],[[0.874397,-0.441966,-0.20024],[-0.48275,-0.750916,-0.450641],[0.0488046,0.490705,-0.869958]]],"btipPosition":[-29.6506,260.815,-5.23662],"carpPosition":[-4.48419,280.944,63.242],"dipPosition":[-28.7841,269.527,-20.682],"direction":[-0.382341,-0.881692,0.276468],"extended":false,"handId":828,"id":8283,"length":61.2221,"mcpPosition":[-3.42025,306.117,9.31508],"pipPosition":[-18.7196,292.736,-27.9596],"stabilizedTipPosition":[-30.748,228.267,194.245],"timeVisible":0.614435,"tipPosition":[-29.4067,262.485,-7.88766],"tipVelocity":[-17.403,14.3843,-190.346],"tool":false,"touchDistance":0.333333,"touchZone":"none","type":3,"width":17.1774},{"bases":[[[0.774061,-0.616355,-0.144696],[0.611703,0.669162,0.42195],[-0.163246,-0.415126,0.894998]],[[0.704849,-0.703188,0.0933485],[0.662553,0.605607,-0.440754],[0.253401,0.372513,0.892761]],[[0.704849,-0.703188,0.0933485],[-0.131559,-0.258899,-0.956903],[0.697051,0.662191,-0.274996]],[[0.704849,-0.703188,0.0933485],[-0.587427,-0.652385,-0.478876],[0.39764,0.2827,-0.872905]]],"btipPosition":[-14.6607,265.102,-1.07595],"carpPosition":[4.3266,271.682,58.8261],"dipPosition":[-8.14775,269.732,-15.3732],"direction":[-0.697051,-0.662191,0.274996],"extended":false,"handId":828,"id":8284,"length":47.997,"mcpPosition":[13.3214,294.556,9.51215],"pipPosition":[4.80723,282.039,-20.4842],"stabilizedTipPosition":[-17.8069,236.969,204.34],"timeVisible":0.614435,"tipPosition":[-13.0008,266.181,-4.61546],"tipVelocity":[-28.651,10.4277,-154.353],"tool":false,"touchDistance":0.333333,"touchZone":"none","type":4,"width":15.2583}],"r":[[0.860822,-0.477227,0.176748],[0.507273,0.832452,-0.222929],[-0.0407466,0.281562,0.958678]],"s":0.825201,"t":[18.7656,36.3995,-195.96],"timestamp":606938631284},false],[3,{"currentFrameRate":109.862,"devices":[],"gestures":[],"hands":[{"armBasis":[[0.869127,-0.0419604,-0.492805],[0.280765,0.862144,0.421757],[0.407172,-0.504923,0.761094]],"armWidth":60.5489,"confidence":0.630077,"direction":[-0.0569275,0.57578,-0.81562],"elbow":[94.5224,138.908,262.487],"grabStrength":0,"id":828,"palmNormal":[-0.291254,-0.790987,-0.538062],"palmPosition":[-20.9767,296.249,24.6989],"palmVelocity":[-35.8305,-1.38378,-147.563],"palmWidth":86.4617,"pinchStrength":1,"r":[[0.861624,-0.47525,0.178162],[0.505638,0.83418,-0.220169],[-0.0439834,0.279788,0.959054]],"s":0.826714,"sphereCenter":[-40.3022,274.077,-13.0364],"sphereRadius":43.9042,"stabilizedPalmPosition":[-35.3199,262.251,214.277],"t":[18.4832,36.2881,-196.986],"timeVisible":0.623479,"type":"right","wrist":[-9.94289,268.452,67.2184]}],"id":4423621,"interactionBox":{"center":[0,200,0],"size":[235.247,235.247,147.751]},"pointables":[{"bases":[[[0.633667,0.736569,0.236502],[-0.616069,0.295564,0.730138],[0.467895,-0.608366,0.641066]],[[0.452188,0.891685,0.0205833],[-0.785517,0.387205,0.482738],[0.42248,-0.234457,0.875523]],[[0.452188,0.891685,0.0205833],[-0.89175,0.451525,0.0301138],[0.0175581,-0.0319723,0.999335]],[[0.452188,0.891685,0.0205833],[-0.852454,0.438852,-0.284132],[-0.262389,0.110934,0.958564]]],"btipPosition":[-53.389,273.758,-25.1123],"carpPosition":[-38.6157,264.068,70.1113],"dipPosition":[-59.2243,276.225,-3.79493],"direction":[-0.0175581,0.0319723,-0.999335],"extended":false,"handId":828,"id":8280,"length":49.5227,"mcpPosition":[-38.6157,264.068,70.1113],"pipPosition":[-58.6554,275.189,28.5823],"stabilizedTipPosition":[-81.7287,237.419,173.467],"timeVisible":0.623479,"tipPosition":[-54.2628,273.421,-20.2713],"tipVelocity":[-40.5057,28.1516,-159.767],"tool":false,"touchDistance":-0.568119,"touchZone":"hovering","type":0,"width":19.2422},{"bases":[[[0.931835,-0.10731,-0.346652],[0.255923,0.871589,0.418135],[0.257267,-0.478349,0.83964]],[[0.936289,-0.115852,-0.331573],[0.220176,0.929116,0.297094],[0.273651,-0.351171,0.89543]],[[0.936289,-0.115852,-0.331573],[0.178194,0.9702,0.164193],[0.30267,-0.212816,0.929032]],[[0.936289,-0.115852,-0.331573],[0.143496,0.987827,0.0600532],[0.320579,-0.103807,0.941516]]],"btipPosition":[-67.7773,337.383,-61.6914],"carpPosition":[-26.4643,283.033,70.1851],"dipPosition":[-62.5726,335.698,-46.4056],"direction":[-0.30267,0.212816,-0.929032],"extended":true,"handId":828,"id":8281,"length":55.8809,"mcpPosition":[-44.4494,316.474,11.4873],"pipPosition":[-55.621,330.81,-25.068],"stabilizedTipPosition":[-85.1309,287.995,121.278],"timeVisible":0.623479,"tipPosition":[-66.3308,335.833,-58.3786],"tipVelocity":[-35.1134,23.0877,-143.549],"tool":false,"touchDistance":-0.567982,"touchZone":"hovering","type":1,"width":18.3802},{"bases":[[[0.900653,-0.317952,-0.296195],[0.415362,0.830185,0.371843],[0.127668,-0.457929,0.879774]],[[0.902127,-0.323453,-0.28556],[0.188952,0.891154,-0.412483],[0.387897,0.318155,0.865051]],[[0.902127,-0.323453,-0.28556],[-0.349282,-0.158903,-0.923446],[0.253315,0.932806,-0.256327]],[[0.902127,-0.323453,-0.28556],[-0.424221,-0.785727,-0.450188],[-0.0787573,0.527267,-0.846042]]],"btipPosition":[-47.0774,264.635,-9.53317],"carpPosition":[-15.4087,283.469,66.3791],"dipPosition":[-48.4837,274.05,-24.6408],"direction":[-0.253315,-0.932806,0.256327],"extended":false,"handId":828,"id":8282,"length":63.6718,"mcpPosition":[-23.8726,313.827,8.05373],"pipPosition":[-41.6389,299.255,-31.567],"stabilizedTipPosition":[-46.9405,221.855,191.002],"timeVisible":0.623479,"tipPosition":[-47.3127,266.481,-12.2847],"tipVelocity":[-18.6682,3.41663,-170.849],"tool":false,"touchDistance":0.333333,"touchZone":"none","type":2,"width":18.0518},{"bases":[[[0.875732,-0.443547,-0.190683],[0.482506,0.790327,0.377586],[-0.0167754,-0.42267,0.906128]],[[0.875856,-0.439293,-0.199746],[0.323267,0.841421,-0.433024],[0.358295,0.314695,0.878972]],[[0.875856,-0.439293,-0.199746],[-0.297482,-0.165579,-0.94026],[0.379975,0.882953,-0.275705]],[[0.875856,-0.439293,-0.199746],[-0.480248,-0.752885,-0.450029],[0.0473085,0.490089,-0.870388]]],"btipPosition":[-29.7459,260.697,-5.97165],"carpPosition":[-4.69049,280.842,62.5707],"dipPosition":[-28.906,269.398,-21.4247],"direction":[-0.379975,-0.882953,0.275705],"extended":false,"handId":828,"id":8283,"length":61.2221,"mcpPosition":[-3.69197,306.001,8.63554],"pipPosition":[-18.9038,292.64,-28.6821],"stabilizedTipPosition":[-30.748,228.267,194.244],"timeVisible":0.623479,"tipPosition":[-29.5194,262.349,-8.6417],"tipVelocity":[-15.6967,6.74246,-160.326],"tool":false,"touchDistance":0.333333,"touchZone":"none","type":3,"width":17.1774},{"bases":[[[0.776062,-0.613932,-0.144276],[0.609451,0.67125,0.421893],[-0.162168,-0.415344,0.895093]],[[0.707095,-0.700884,0.0936947],[0.660692,0.607624,-0.440771],[0.251998,0.37357,0.892716]],[[0.707095,-0.700884,0.0936947],[-0.131051,-0.260098,-0.956648],[0.694869,0.664162,-0.275766]],[[0.707095,-0.700884,0.0936947],[-0.5857,-0.654756,-0.477755],[0.396198,0.282941,-0.873482]]],"btipPosition":[-14.7844,264.964,-1.72175],"carpPosition":[4.15099,271.608,58.1602],"dipPosition":[-8.29509,269.598,-16.0285],"direction":[-0.694869,-0.664162,0.275766],"extended":false,"handId":828,"id":8284,"length":47.997,"mcpPosition":[13.0864,294.493,8.84109],"pipPosition":[4.61934,281.941,-21.1537],"stabilizedTipPosition":[-17.8069,236.969,204.338],"timeVisible":0.623479,"tipPosition":[-13.139,266.038,-5.26427],"tipVelocity":[-24.6888,3.35868,-131.549],"tool":false,"touchDistance":0.333333,"touchZone":"none","type":4,"width":15.2583}],"r":[[0.861624,-0.47525,0.178162],[0.505638,0.83418,-0.220169],[-0.0439834,0.279788,0.959054]],"s":0.826714,"t":[18.4832,36.2881,-196.986],"timestamp":606938640328},false],[4,{"currentFrameRate":109.875,"devices":[],"gestures":[],"hands":[{"armBasis":[[0.869653,-0.0410999,-0.49195],[0.278725,0.863374,0.420591],[0.407451,-0.502887,0.762292]],"armWidth":60.5489,"confidence":0.645492,"direction":[-0.0586069,0.575909,-0.81541],"elbow":[94.4994,139.344,262.313],"grabStrength":0,"id":828,"palmNormal":[-0.289577,-0.791502,-0.53821],"palmPosition":[-21.1535,296.151,24.2312],"palmVelocity":[-31.3068,-3.98557,-121],"palmWidth":86.4617,"pinchStrength":1,"r":[[0.862498,-0.47327,0.1792],[0.503908,0.835809,-0.217946],[-0.0466297,0.278278,0.959368]],"s":0.828758,"sphereCenter":[-40.5579,273.992,-13.496],"sphereRadius":43.9539,"stabilizedPalmPosition":[-35.3196,262.252,214.272],"t":[18.2536,36.1834,-197.733],"timeVisible":0.632557,"type":"right","wrist":[-10.0374,268.367,66.7374]}],"id":4423622,"interactionBox":{"center":[0,200,0],"size":[235.247,235.247,147.751]},"pointables":[{"bases":[[[0.632003,0.737996,0.236502],[-0.616492,0.29386,0.730469],[0.469585,-0.60746,0.640689]],[[0.452054,0.891699,0.0227977],[-0.784137,0.385082,0.486662],[0.425177,-0.237874,0.873293]],[[0.452054,0.891699,0.0227977],[-0.89166,0.451043,0.0387655],[0.0242844,-0.0378519,0.998988]],[[0.452054,0.891699,0.0227977],[-0.856124,0.44091,-0.269538],[-0.250399,0.102328,0.96272]]],"btipPosition":[-54.0845,274.147,-25.5593],"carpPosition":[-38.6987,263.913,69.6397],"dipPosition":[-59.6531,276.423,-4.14951],"direction":[-0.0242844,0.0378519,-0.998988],"extended":false,"handId":828,"id":8280,"length":49.5227,"mcpPosition":[-38.6987,263.913,69.6397],"pipPosition":[-58.8663,275.196,28.2165],"stabilizedTipPosition":[-81.7267,237.422,173.452],"timeVisible":0.632557,"tipPosition":[-54.7782,273.709,-20.6927],"tipVelocity":[-48.6229,30.8871,-128.548],"tool":false,"touchDistance":-0.546027,"touchZone":"hovering","type":0,"width":19.2422},{"bases":[[[0.931956,-0.104981,-0.347041],[0.254008,0.872058,0.418323],[0.258724,-0.47801,0.839386]],[[0.935896,-0.112459,-0.333844],[0.218418,0.928777,0.299443],[0.276391,-0.353165,0.893802]],[[0.935896,-0.112459,-0.333844],[0.176439,0.969884,0.167912],[0.304906,-0.216052,0.927553]],[[0.935896,-0.112459,-0.333844],[0.141784,0.987779,0.0647321],[0.322484,-0.107916,0.940403]]],"btipPosition":[-68.2013,337.456,-62.0251],"carpPosition":[-26.5923,282.907,69.7151],"dipPosition":[-62.9657,335.704,-46.7574],"direction":[-0.304906,0.216052,-0.927553],"extended":true,"handId":828,"id":8281,"length":55.8809,"mcpPosition":[-44.6793,316.324,11.0351],"pipPosition":[-55.9627,330.742,-25.4538],"stabilizedTipPosition":[-85.1293,288,121.262],"timeVisible":0.632557,"tipPosition":[-66.7241,335.894,-58.7349],"tipVelocity":[-38.1043,18.4561,-114.139],"tool":false,"touchDistance":-0.544585,"touchZone":"touching","type":1,"width":18.3802},{"bases":[[[0.901293,-0.315713,-0.296641],[0.413528,0.831049,0.371956],[0.129092,-0.457911,0.879575]],[[0.90276,-0.321119,-0.286193],[0.186433,0.891703,-0.412442],[0.387642,0.318981,0.864861]],[[0.90276,-0.321119,-0.286193],[-0.349547,-0.159917,-0.92317],[0.25068,0.93344,-0.256612]],[[0.90276,-0.321119,-0.286193],[-0.422486,-0.786933,-0.449714],[-0.0808032,0.526896,-0.84608]]],"btipPosition":[-47.1829,264.487,-9.97697],"carpPosition":[-15.5392,283.37,65.905],"dipPosition":[-48.6258,273.896,-25.0852],"direction":[-0.25068,-0.933439,0.256613],"extended":false,"handId":828,"id":8282,"length":63.6718,"mcpPosition":[-24.0975,313.728,7.59283],"pipPosition":[-41.8521,299.118,-32.0192],"stabilizedTipPosition":[-46.9405,221.856,191.002],"timeVisible":0.632557,"tipPosition":[-47.4303,266.339,-12.7542],"tipVelocity":[-16.9766,-2.07707,-137.12],"tool":false,"touchDistance":0.333333,"touchZone":"none","type":2,"width":18.0518},{"bases":[[[0.876711,-0.441401,-0.191161],[0.480769,0.791348,0.377662],[-0.0154254,-0.423005,0.905996]],[[0.876821,-0.437187,-0.200129],[0.321906,0.842943,-0.431072],[0.357157,0.31355,0.879844]],[[0.876821,-0.437187,-0.200129],[-0.297027,-0.165201,-0.94047],[0.3781,0.884068,-0.274708]],[[0.876821,-0.437187,-0.200129],[-0.478644,-0.754129,-0.449655],[0.0456603,0.490058,-0.870493]]],"btipPosition":[-29.8251,260.665,-6.50416],"carpPosition":[-4.81629,280.771,62.0917],"dipPosition":[-29.0145,269.366,-21.959],"direction":[-0.3781,-0.884068,0.274708],"extended":false,"handId":828,"id":8283,"length":61.2221,"mcpPosition":[-3.89813,305.949,8.16441],"pipPosition":[-19.0616,292.637,-29.1903],"stabilizedTipPosition":[-30.748,228.267,194.243],"timeVisible":0.632557,"tipPosition":[-29.6146,262.304,-9.19262],"tipVelocity":[-13.9735,3.90453,-132.218],"tool":false,"touchDistance":0.333333,"touchZone":"none","type":3,"width":17.1774},{"bases":[[[0.777464,-0.612038,-0.144772],[0.608013,0.67256,0.421881],[-0.160839,-0.416021,0.895018]],[[0.709334,-0.698864,0.0918344],[0.657269,0.608726,-0.444353],[0.25464,0.375555,0.891132]],[[0.709334,-0.698864,0.0918344],[-0.135019,-0.262588,-0.955415],[0.69182,0.665309,-0.280623]],[[0.709334,-0.698864,0.0918344],[-0.586029,-0.657109,-0.474108],[0.391682,0.282484,-0.875664]]],"btipPosition":[-14.9213,264.871,-2.02379],"carpPosition":[4.04545,271.559,57.6749],"dipPosition":[-8.50595,269.498,-16.3663],"direction":[-0.69182,-0.665309,0.280623],"extended":false,"handId":828,"id":8284,"length":47.997,"mcpPosition":[12.9076,294.482,8.35982],"pipPosition":[4.35181,281.863,-21.5818],"stabilizedTipPosition":[-17.8068,236.969,204.336],"timeVisible":0.632557,"tipPosition":[-13.2852,265.954,-5.62322],"tipVelocity":[-22.5494,-0.434403,-104.617],"tool":false,"touchDistance":0.333333,"touchZone":"none","type":4,"width":15.2583}],"r":[[0.862498,-0.47327,0.1792],[0.503908,0.835809,-0.217946],[-0.0466297,0.278278,0.959368]],"s":0.828758,"t":[18.2536,36.1834,-197.733],"timestamp":606938649406},false],[5,{"currentFrameRate":109.929,"devices":[],"gestures":[],"hands":[{"armBasis":[[0.872404,-0.0354442,-0.487498],[0.271253,0.864798,0.422546],[0.406611,-0.500867,0.764068]],"armWidth":60.5489,"confidence":0.654025,"direction":[-0.0627509,0.576162,-0.814923],"elbow":[94.101,139.915,261.644],"grabStrength":0,"id":828,"palmNormal":[-0.282504,-0.793391,-0.539186],"palmPosition":[-21.5333,296.149,23.1224],"palmVelocity":[-34.2994,-2.93375,-121.6],"palmWidth":86.4617,"pinchStrength":1,"r":[[0.86395,-0.470275,0.18009],[0.501153,0.837986,-0.215929],[-0.0493669,0.276805,0.959657]],"s":0.831064,"sphereCenter":[-40.9095,273.96,-14.5731],"sphereRadius":43.9602,"stabilizedPalmPosition":[-35.3192,262.253,214.267],"t":[17.9489,36.1303,-198.661],"timeVisible":0.641558,"type":"right","wrist":[-10.2203,268.419,65.6119]}],"id":4423623,"interactionBox":{"center":[0,200,0],"size":[235.247,235.247,147.751]},"pointables":[{"bases":[[[0.625614,0.743034,0.237713],[-0.619529,0.288009,0.730229],[0.474122,-0.604112,0.640513]],[[0.446778,0.894257,0.0263456],[-0.785701,0.378119,0.489591],[0.427859,-0.239439,0.871554]],[[0.446778,0.894257,0.0263456],[-0.894253,0.445519,0.0427104],[0.0264566,-0.0426417,0.99874]],[[0.446778,0.894257,0.0263456],[-0.861096,0.437827,-0.258499],[-0.242699,0.0928056,0.965652]]],"btipPosition":[-54.6002,274.399,-26.6874],"carpPosition":[-38.8457,263.724,68.4863],"dipPosition":[-59.9976,276.462,-5.21239],"direction":[-0.0264566,0.0426417,-0.99874],"extended":false,"handId":828,"id":8280,"length":49.5227,"mcpPosition":[-38.8457,263.724,68.4863],"pipPosition":[-59.1404,275.081,27.1456],"stabilizedTipPosition":[-81.7238,237.426,173.431],"timeVisible":0.641558,"tipPosition":[-55.1992,273.873,-21.8088],"tipVelocity":[-49.8048,28.5962,-127.206],"tool":false,"touchDistance":-0.536454,"touchZone":"touching","type":0,"width":19.2422},{"bases":[[[0.933087,-0.0968577,-0.346364],[0.246361,0.87376,0.419345],[0.262022,-0.476616,0.839156]],[[0.936669,-0.103532,-0.334562],[0.210733,0.929624,0.302309],[0.279718,-0.353667,0.892568]],[[0.936669,-0.103532,-0.334562],[0.168614,0.970611,0.171705],[0.306953,-0.217243,0.926599]],[[0.936669,-0.103532,-0.334562],[0.133966,0.988571,0.069145],[0.323579,-0.109586,0.939834]]],"btipPosition":[-68.9388,337.345,-63.0532],"carpPosition":[-26.8987,282.818,68.5894],"dipPosition":[-63.6854,335.565,-47.7947],"direction":[-0.306953,0.217243,-0.926599],"extended":true,"handId":828,"id":8281,"length":55.8809,"mcpPosition":[-45.2162,316.138,9.92549],"pipPosition":[-56.6355,330.576,-26.513],"stabilizedTipPosition":[-85.1271,288.006,121.24],"timeVisible":0.641558,"tipPosition":[-67.4377,335.788,-59.7777],"tipVelocity":[-50.0166,9.79455,-114.224],"tool":false,"touchDistance":-0.533912,"touchZone":"touching","type":1,"width":18.3802},{"bases":[[[0.904146,-0.307886,-0.296185],[0.406257,0.83413,0.373073],[0.132193,-0.457639,0.879256]],[[0.905492,-0.312703,-0.286882],[0.176839,0.892582,-0.414759],[0.385762,0.324829,0.863524]],[[0.905492,-0.312703,-0.286882],[-0.349213,-0.164975,-0.922406],[0.241111,0.935415,-0.258583]],[[0.905492,-0.312703,-0.286882],[-0.415476,-0.79089,-0.449302],[-0.086394,0.526032,-0.846065]]],"btipPosition":[-47.2515,264.17,-10.9576],"carpPosition":[-15.8467,283.377,64.789],"dipPosition":[-48.7942,273.563,-26.0657],"direction":[-0.241111,-0.935415,0.258583],"extended":false,"handId":828,"id":8282,"length":63.6718,"mcpPosition":[-24.6106,313.717,6.49793],"pipPosition":[-42.2791,298.839,-33.0529],"stabilizedTipPosition":[-46.9405,221.856,191.001],"timeVisible":0.641558,"tipPosition":[-47.5267,266.091,-13.8462],"tipVelocity":[-15.1062,-11.2814,-129.382],"tool":false,"touchDistance":0.333333,"touchZone":"none","type":2,"width":18.0518},{"bases":[[[0.88053,-0.433874,-0.190843],[0.473823,0.794988,0.378797],[-0.0126323,-0.423967,0.905589]],[[0.880611,-0.429689,-0.199727],[0.315882,0.846537,-0.428478],[0.353189,0.314232,0.881201]],[[0.880611,-0.429689,-0.199727],[-0.294508,-0.16613,-0.941098],[0.371199,0.887563,-0.272843]],[[0.880611,-0.429689,-0.199727],[-0.471961,-0.757899,-0.450379],[0.0421499,0.490873,-0.870211]]],"btipPosition":[-29.8619,260.687,-7.70124],"carpPosition":[-5.09926,280.871,60.9821],"dipPosition":[-29.1136,269.402,-23.1511],"direction":[-0.371199,-0.887563,0.272843],"extended":false,"handId":828,"id":8283,"length":61.2221,"mcpPosition":[-4.34735,306.107,7.07907],"pipPosition":[-19.3424,292.766,-30.3333],"stabilizedTipPosition":[-30.748,228.267,194.243],"timeVisible":0.641558,"tipPosition":[-29.6719,262.32,-10.4061],"tipVelocity":[-11.6956,3.61053,-132.396],"tool":false,"touchDistance":0.333333,"touchZone":"none","type":3,"width":17.1774},{"bases":[[[0.782675,-0.605378,-0.144695],[0.602019,0.677226,0.423011],[-0.15809,-0.41819,0.894497]],[[0.716959,-0.691668,0.0869788],[0.647366,0.614301,-0.451167],[0.258626,0.379775,0.888191]],[[0.716959,-0.691668,0.0869788],[-0.141235,-0.266302,-0.953486],[0.682659,0.671326,-0.288615]],[[0.716959,-0.691668,0.0869788],[-0.582908,-0.663247,-0.469384],[0.382346,0.285828,-0.8787]]],"btipPosition":[-15.0861,264.861,-2.80875],"carpPosition":[3.84285,271.738,56.5641],"dipPosition":[-8.82369,269.543,-17.201],"direction":[-0.682659,-0.671326,0.288615],"extended":false,"handId":828,"id":8284,"length":47.997,"mcpPosition":[12.5535,294.78,7.27777],"pipPosition":[3.86382,282.02,-22.565],"stabilizedTipPosition":[-17.8068,236.97,204.334],"timeVisible":0.641558,"tipPosition":[-13.4544,265.988,-6.51261],"tipVelocity":[-22.4588,-0.235523,-100.185],"tool":false,"touchDistance":0.333333,"touchZone":"none","type":4,"width":15.2583}],"r":[[0.86395,-0.470275,0.18009],[0.501153,0.837986,-0.215929],[-0.0493669,0.276805,0.959657]],"s":0.831064,"t":[17.9489,36.1303,-198.661],"timestamp":606938658407},false],[6,{"currentFrameRate":109.927,"devices":[],"gestures":[],"hands":[{"armBasis":[[0.875575,-0.0320762,-0.482017],[0.26597,0.864957,0.425569],[0.403273,-0.50082,0.765866]],"armWidth":60.5489,"confidence":0.660516,"direction":[-0.0664067,0.579714,-0.812109],"elbow":[92.7484,139.926,259.413],"grabStrength":0,"id":828,"palmNormal":[-0.277808,-0.792465,-0.542975],"palmPosition":[-22.2062,296.284,20.5679],"palmVelocity":[-45.2851,1.9953,-165.699],"palmWidth":86.4617,"pinchStrength":1,"r":[[0.865675,-0.467002,0.180321],[0.497913,0.84053,-0.213523],[-0.0518492,0.274626,0.960152]],"s":0.833314,"sphereCenter":[-41.8051,274.374,-17.1173],"sphereRadius":43.9711,"stabilizedPalmPosition":[-35.3189,262.254,214.262],"t":[17.4601,36.1714,-200.402],"timeVisible":0.650658,"type":"right","wrist":[-10.7166,268.418,62.9206]}],"id":4423624,"interactionBox":{"center":[0,200,0],"size":[235.247,235.247,147.751]},"pointables":[{"bases":[[[0.621154,0.745647,0.2412],[-0.621109,0.280711,0.731727],[0.477903,-0.604327,0.637493]],[[0.44273,0.896082,0.032039],[-0.786969,0.371199,0.49284],[0.429732,-0.243409,0.86953]],[[0.44273,0.896082,0.032039],[-0.896235,0.441148,0.04638],[0.0274264,-0.0492483,0.99841]],[[0.44273,0.896082,0.032039],[-0.863841,0.435834,-0.252642],[-0.240351,0.0841755,0.967029]]],"btipPosition":[-55.2395,274.804,-29.3204],"carpPosition":[-39.3125,263.535,65.7773],"dipPosition":[-60.5847,276.676,-7.81472],"direction":[-0.0274264,0.0492483,-0.99841],"extended":false,"handId":828,"id":8280,"length":49.5227,"mcpPosition":[-39.3125,263.535,65.7773],"pipPosition":[-59.6961,275.081,24.5325],"stabilizedTipPosition":[-81.7205,237.431,173.405],"timeVisible":0.650658,"tipPosition":[-55.8408,274.237,-24.4425],"tipVelocity":[-55.1062,31.6844,-171.929],"tool":false,"touchDistance":-0.55053,"touchZone":"touching","type":0,"width":19.2422},{"bases":[[[0.933584,-0.0895273,-0.346996],[0.241155,0.873193,0.423531],[0.265077,-0.479081,0.836789]],[[0.93669,-0.0952565,-0.336953],[0.205935,0.928135,0.310091],[0.283199,-0.359849,0.888992]],[[0.93669,-0.0952565,-0.336953],[0.163805,0.969704,0.181224],[0.309482,-0.224945,0.923916]],[[0.93669,-0.0952565,-0.336953],[0.129219,0.9884,0.0797941],[0.325443,-0.118283,0.938134]]],"btipPosition":[-69.9654,337.97,-65.2711],"carpPosition":[-27.4813,282.701,65.9708],"dipPosition":[-64.6818,336.05,-50.0402],"direction":[-0.309482,0.224945,-0.923916],"extended":true,"handId":828,"id":8281,"length":55.8809,"mcpPosition":[-46.0123,316.193,7.47233],"pipPosition":[-57.5737,330.883,-28.8201],"stabilizedTipPosition":[-85.1241,288.015,121.206],"timeVisible":0.650658,"tipPosition":[-68.4469,336.362,-62.0273],"tipVelocity":[-67.2095,25.1452,-150.312],"tool":false,"touchDistance":-0.542219,"touchZone":"touching","type":1,"width":18.3802},{"bases":[[[0.905932,-0.300967,-0.297836],[0.401277,0.834756,0.377039],[0.135144,-0.461086,0.877004]],[[0.907263,-0.305656,-0.288873],[0.171,0.895634,-0.410608],[0.384229,0.323132,0.864843]],[[0.907263,-0.305656,-0.288873],[-0.348727,-0.162812,-0.922974],[0.23508,0.938119,-0.254304]],[[0.907263,-0.305656,-0.288873],[-0.410782,-0.791317,-0.452852],[-0.0901731,0.52952,-0.843491]]],"btipPosition":[-47.7334,264.309,-13.6482],"carpPosition":[-16.4337,283.345,62.1712],"dipPosition":[-49.3436,273.764,-28.7102],"direction":[-0.23508,-0.938119,0.254304],"extended":false,"handId":828,"id":8282,"length":63.6718,"mcpPosition":[-25.3931,313.913,4.0294],"pipPosition":[-42.9915,299.114,-35.5818],"stabilizedTipPosition":[-46.9405,221.856,191.001],"timeVisible":0.650658,"tipPosition":[-48.0251,266.25,-16.5454],"tipVelocity":[-26.0707,-3.4879,-175.148],"tool":false,"touchDistance":0.333333,"touchZone":"none","type":2,"width":18.0518},{"bases":[[[0.8831,-0.427605,-0.193101],[0.46908,0.795997,0.382561],[-0.00987749,-0.428419,0.903526]],[[0.883155,-0.423411,-0.201895],[0.311257,0.850958,-0.423072],[0.350937,0.310796,0.883317]],[[0.883155,-0.423411,-0.201895],[-0.293387,-0.162759,-0.942037],[0.366008,0.891197,-0.267965]],[[0.883155,-0.423411,-0.201895],[-0.467467,-0.758742,-0.453636],[0.0388882,0.49501,-0.868017]]],"btipPosition":[-30.3085,260.98,-10.4675],"carpPosition":[-5.67203,280.923,58.3503],"dipPosition":[-29.6181,269.769,-25.8784],"direction":[-0.366008,-0.891198,0.267965],"extended":false,"handId":828,"id":8283,"length":61.2221,"mcpPosition":[-5.08409,306.423,4.57003],"pipPosition":[-19.9835,293.228,-32.9321],"stabilizedTipPosition":[-30.748,228.267,194.243],"timeVisible":0.650658,"tipPosition":[-30.1366,262.619,-13.1819],"tipVelocity":[-22.4616,12.0598,-179.681],"tool":false,"touchDistance":0.333333,"touchZone":"none","type":3,"width":17.1774},{"bases":[[[0.786295,-0.59992,-0.147768],[0.597996,0.6788,0.426181],[-0.15537,-0.423469,0.892488]],[[0.72217,-0.686973,0.0808631],[0.641007,0.620706,-0.45148],[0.259962,0.377879,0.88861]],[[0.72217,-0.686973,0.0808631],[-0.144307,-0.263958,-0.953678],[0.676495,0.677049,-0.289757]],[[0.72217,-0.686973,0.0808631],[-0.580459,-0.665442,-0.469312],[0.376215,0.291986,-0.879322]]],"btipPosition":[-15.5845,265.136,-5.35836],"carpPosition":[3.32428,271.865,53.8864],"dipPosition":[-9.42246,269.918,-19.7608],"direction":[-0.676495,-0.677049,0.289757],"extended":false,"handId":828,"id":8284,"length":47.997,"mcpPosition":[11.8851,295.198,4.71081],"pipPosition":[3.1505,282.502,-25.146],"stabilizedTipPosition":[-17.8067,236.97,204.332],"timeVisible":0.650658,"tipPosition":[-13.9755,266.296,-9.09624],"tipVelocity":[-32.1157,8.90635,-150.144],"tool":false,"touchDistance":0.333333,"touchZone":"none","