{"sensorType":"Leap","data":[[0,{"currentFrameRate":110.399,"devices":[],"gestures":[],"hands":[{"armBasis":[[0.758022,-0.128724,-0.639401],[0.38424,0.880287,0.278305],[0.527032,-0.456645,0.716738]],"armWidth":63.72,"confidence":0.78823,"direction":[-0.0682887,0.407929,-0.910456],"elbow":[137.758,150.681,280.34],"grabStrength":0,"id":813,"palmNormal":[-0.390904,-0.850559,-0.351772],"palmPosition":[-16.9141,294.859,37.7952],"palmVelocity":[-26.5344,-21.3398,-128.468],"palmWidth":90.99,"pinchStrength":1,"r":[[0.999711,0.0168511,-0.0171167],[-0.0210508,0.957849,-0.286499],[0.0115673,0.286777,0.957928]],"s":1.19653,"sphereCenter":[-65.2032,273.772,7.29279],"sphereRadius":59.9263,"stabilizedPalmPosition":[-4.4696,260.988,182.929],"t":[14.815,88.9718,-158.23],"timeVisible":15.1215,"type":"right","wrist":[-4.54094,273.975,86.8212]}],"id":4415019,"interactionBox":{"center":[0,200,0],"size":[235.247,235.247,147.751]},"pointables":[{"bases":[[[0.705668,0.706816,0.0494358],[-0.537248,0.488275,0.687715],[0.46195,-0.511857,0.724296]],[[0.491944,0.84373,-0.214735],[-0.787072,0.536426,0.304574],[0.372167,0.0191788,0.927968]],[[0.491944,0.84373,-0.214735],[-0.866824,0.497691,-0.0303275],[0.0812835,0.201057,0.976201]],[[0.491944,0.84373,-0.214735],[-0.850943,0.413818,-0.323497],[-0.184082,0.34187,0.921542]]],"btipPosition":[-51.7373,257.041,-8.83412],"carpPosition":[-34.6964,272.855,92.3394],"dipPosition":[-56.0455,265.042,12.7333],"direction":[-0.0812835,-0.201057,-0.976201],"extended":false,"handId":813,"id":8130,"length":52.1164,"mcpPosition":[-34.6964,272.855,92.3394],"pipPosition":[-53.2741,271.897,46.0174],"stabilizedTipPosition":[-56.9323,233.263,141.837],"timeVisible":15.1215,"tipPosition":[-52.6054,258.748,-3.86276],"tipVelocity":[-19.5405,-30.2472,-136.074],"tool":false,"touchDistance":-0.441971,"touchZone":"touching","type":0,"width":20.25},{"bases":[[[0.893398,-0.258675,-0.367323],[0.353731,0.909068,0.220159],[0.276972,-0.326623,0.903661]],[[0.919917,-0.295543,-0.257698],[0.289348,0.955178,-0.062553],[0.264634,-0.0170208,0.964199]],[[0.919917,-0.295543,-0.257698],[0.273958,0.954617,-0.116849],[0.280536,0.0368926,0.959134]],[[0.919917,-0.295543,-0.257698],[0.262212,0.952298,-0.15612],[0.291545,0.0760463,0.953529]]],"btipPosition":[-63.8885,313.744,-59.6598],"carpPosition":[-20.3805,291.174,87.7208],"dipPosition":[-58.9073,315.043,-43.3681],"direction":[-0.280536,-0.0368926,-0.959134],"extended":true,"handId":813,"id":8131,"length":58.8075,"mcpPosition":[-40.7573,315.204,21.2388],"pipPosition":[-52.1266,315.935,-20.1855],"stabilizedTipPosition":[-54.4044,272.251,134.232],"timeVisible":15.1215,"tipPosition":[-62.9555,314.392,-55.7014],"tipVelocity":[-13.3303,-33.6663,-134.169],"tool":false,"touchDistance":-0.441133,"touchZone":"touching","type":1,"width":19.3428},{"bases":[[[0.849124,-0.451583,-0.273972],[0.505673,0.844857,0.174675],[0.152587,-0.286861,0.945742]],[[0.794092,-0.376666,-0.477011],[0.378561,0.920514,-0.0966725],[0.475509,-0.103811,0.873564]],[[0.794092,-0.376666,-0.477011],[0.344958,0.925474,-0.15653],[0.500421,-0.0402491,0.864846]],[[0.794092,-0.376666,-0.477011],[0.31953,0.926329,-0.199535],[0.517028,0.00602976,0.855947]]],"btipPosition":[-66.5708,315.812,-65.6778],"carpPosition":[-9.0592,289.763,83.0889],"dipPosition":[-56.8548,315.925,-49.5928],"direction":[-0.500421,0.0402491,-0.864846],"extended":true,"handId":813,"id":8132,"length":67.0064,"mcpPosition":[-19.7049,309.777,17.1064],"pipPosition":[-42.6246,314.781,-24.9997],"stabilizedTipPosition":[-53.8819,282.11,93.1697],"timeVisible":15.1215,"tipPosition":[-63.9157,316.336,-61.9241],"tipVelocity":[-16.3864,-21.5857,-132.741],"tool":false,"touchDistance":-0.436246,"touchZone":"touching","type":2,"width":18.9972},{"bases":[[[0.821772,-0.55127,-0.144195],[0.569653,0.800859,0.184714],[0.0136527,-0.233934,0.972157]],[[0.81824,-0.531474,-0.219134],[0.363429,0.773572,-0.51914],[0.445425,0.345141,0.82612]],[[0.81824,-0.531474,-0.219134],[-0.190953,0.108273,-0.97561],[0.542237,0.840127,-0.0128932]],[[0.81824,-0.531474,-0.219134],[-0.470022,-0.399009,-0.787319],[0.331003,0.747213,-0.576289]]],"btipPosition":[-40.3109,247.238,-7.56096],"carpPosition":[1.65127,285.239,79.1211],"dipPosition":[-34.1264,261.198,-18.3284],"direction":[-0.542237,-0.840127,0.0128932],"extended":false,"handId":813,"id":8133,"length":64.4285,"mcpPosition":[0.796069,299.892,18.2252],"pipPosition":[-19.1053,284.472,-18.6855],"stabilizedTipPosition":[-32.8998,241.531,131.715],"timeVisible":15.1215,"tipPosition":[-38.5402,251.157,-10.5064],"tipVelocity":[-27.1956,-42.2516,-109.198],"tool":false,"touchDistance":0.333333,"touchZone":"none","type":3,"width":18.077},{"bases":[[[0.712333,-0.699337,-0.0592339],[0.689487,0.681533,0.245195],[-0.131104,-0.215501,0.967663]],[[0.6337,-0.731566,0.251465],[0.749538,0.50025,-0.433524],[0.191356,0.463207,0.865345]],[[0.6337,-0.731566,0.251465],[0.22554,-0.136221,-0.964663],[0.73997,0.668023,0.0786746]],[[0.6337,-0.731566,0.251465],[-0.252342,-0.502774,-0.826766],[0.731264,0.460466,-0.503213]]],"btipPosition":[-16.4444,249.098,-3.53638],"carpPosition":[9.79723,273.983,76.0366],"dipPosition":[-3.83979,257.035,-12.2102],"direction":[-0.73997,-0.668023,-0.0786746],"extended":false,"handId":813,"id":8134,"length":50.5107,"mcpPosition":[17.3993,286.479,19.9265],"pipPosition":[10.6331,270.101,-10.6714],"stabilizedTipPosition":[-13.0364,239.272,133.341],"timeVisible":15.1215,"tipPosition":[-12.9661,251.267,-5.76556],"tipVelocity":[-32.3581,-24.654,-118.525],"tool":false,"touchDistance":-0.305493,"touchZone":"touching","type":4,"width":16.0574}],"r":[[0.999711,0.0168511,-0.0171167],[-0.0210508,0.957849,-0.286499],[0.0115673,0.286777,0.957928]],"s":1.19653,"t":[14.815,88.9718,-158.23],"timestamp":606858387782},false],[1,{"currentFrameRate":110.464,"devices":[],"gestures":[],"hands":[{"armBasis":[[0.75992,-0.124164,-0.638048],[0.381087,0.8803,0.28257],[0.526588,-0.457882,0.716274]],"armWidth":63.72,"confidence":0.80726,"direction":[-0.0697108,0.408343,-0.910163],"elbow":[137.458,150.225,279.11],"grabStrength":0,"id":813,"palmNormal":[-0.387477,-0.851827,-0.352494],"palmPosition":[-17.1667,294.725,36.7028],"palmVelocity":[-27.006,-19.601,-126.765],"palmWidth":90.99,"pinchStrength":1,"r":[[0.999712,0.0178258,-0.0160588],[-0.0216751,0.958007,-0.285923],[0.0102877,0.286189,0.958118]],"s":1.19649,"sphereCenter":[-65.2707,273.395,6.17122],"sphereRadius":59.8446,"stabilizedPalmPosition":[-4.46981,260.989,182.927],"t":[14.5502,88.8072,-159.373],"timeVisible":15.1304,"type":"right","wrist":[-4.72127,273.854,85.7156]}],"id":4415020,"interactionBox":{"center":[0,200,0],"size":[235.247,235.247,147.751]},"pointables":[{"bases":[[[0.702867,0.709554,0.0501138],[-0.539308,0.485636,0.687972],[0.463816,-0.510579,0.724005]],[[0.487867,0.846078,-0.214798],[-0.789663,0.532643,0.304507],[0.372047,0.0210597,0.927975]],[[0.487867,0.846078,-0.214798],[-0.869151,0.493661,-0.029581],[0.0810098,0.201124,0.97621]],[[0.487867,0.846078,-0.214798],[-0.852792,0.409428,-0.324215],[-0.186367,0.341352,0.921274]]],"btipPosition":[-51.8454,256.712,-9.94114],"carpPosition":[-34.8732,272.61,91.2267],"dipPosition":[-56.207,264.701,11.62],"direction":[-0.0810098,-0.201124,-0.97621],"extended":false,"handId":813,"id":8130,"length":52.1164,"mcpPosition":[-34.8732,272.61,91.2267],"pipPosition":[-53.4449,271.559,44.9045],"stabilizedTipPosition":[-56.9323,233.264,141.836],"timeVisible":15.1304,"tipPosition":[-52.7234,258.456,-4.97833],"tipVelocity":[-17.8816,-32.1207,-132.787],"tool":false,"touchDistance":-0.442734,"touchZone":"touching","type":0,"width":20.25},{"bases":[[[0.894486,-0.254875,-0.367334],[0.350101,0.910289,0.220916],[0.278074,-0.32621,0.903472]],[[0.921202,-0.291852,-0.25731],[0.285152,0.956353,-0.0638541],[0.264715,-0.0145501,0.964217]],[[0.921202,-0.291852,-0.25731],[0.270058,0.955691,-0.117144],[0.280098,0.0384248,0.959202]],[[0.921202,-0.291852,-0.25731],[0.258565,0.95337,-0.155658],[0.290741,0.0768616,0.95371]]],"btipPosition":[-64.1969,313.372,-60.7472],"carpPosition":[-20.6287,290.989,86.6249],"dipPosition":[-59.2294,314.685,-44.4525],"direction":[-0.280098,-0.0384248,-0.959202],"extended":true,"handId":813,"id":8131,"length":58.8075,"mcpPosition":[-41.0865,314.988,20.1569],"pipPosition":[-52.4593,315.613,-21.2682],"stabilizedTipPosition":[-54.4046,272.253,134.227],"timeVisible":15.1304,"tipPosition":[-63.2565,314.051,-56.7982],"tipVelocity":[-19.2062,-35.7571,-130.738],"tool":false,"touchDistance":-0.441654,"touchZone":"touching","type":1,"width":19.3428},{"bases":[[[0.850953,-0.448027,-0.274137],[0.502304,0.846711,0.175416],[0.153524,-0.28697,0.945557]],[[0.79598,-0.373524,-0.476336],[0.373883,0.92224,-0.0984095],[0.476055,-0.0997617,0.873739]],[[0.79598,-0.373524,-0.476336],[0.34087,0.926873,-0.157207],[0.500223,-0.0372354,0.865095]],[[0.79598,-0.373524,-0.476336],[0.315957,0.927584,-0.199396],[0.516321,0.00821317,0.856356]]],"btipPosition":[-66.8853,315.361,-66.7827],"carpPosition":[-9.30096,289.626,81.9944],"dipPosition":[-57.1826,315.515,-50.69],"direction":[-0.500223,0.0372354,-0.865095],"extended":true,"handId":813,"id":8132,"length":67.0064,"mcpPosition":[-20.012,309.648,16.0247],"pipPosition":[-42.958,314.456,-26.0898],"stabilizedTipPosition":[-53.8836,282.115,93.1456],"timeVisible":15.1304,"tipPosition":[-64.2598,315.938,-63.0223],"tipVelocity":[-21.6136,-29.1866,-130.2],"tool":false,"touchDistance":-0.437502,"touchZone":"touching","type":2,"width":18.9972},{"bases":[[[0.823967,-0.547919,-0.144441],[0.566455,0.802959,0.185434],[0.014377,-0.234611,0.971983]],[[0.820345,-0.527984,-0.219697],[0.360508,0.775685,-0.518022],[0.443923,0.345754,0.826672]],[[0.820345,-0.527984,-0.219697],[-0.190308,0.11023,-0.975516],[0.539274,0.84207,-0.0100533]],[[0.820345,-0.527984,-0.219697],[-0.467492,-0.397886,-0.789391],[0.329371,0.75028,-0.573232]]],"btipPosition":[-40.3998,247.05,-8.80632],"carpPosition":[1.42807,285.147,78.0253],"dipPosition":[-34.2458,261.068,-19.5166],"direction":[-0.539274,-0.84207,0.0100533],"extended":false,"handId":813,"id":8133,"length":64.4285,"mcpPosition":[0.527493,299.843,17.1403],"pipPosition":[-19.3068,284.395,-19.7951],"stabilizedTipPosition":[-32.9001,241.532,131.707],"timeVisible":15.1304,"tipPosition":[-38.6429,250.951,-11.6789],"tipVelocity":[-22.7018,-36.0526,-117.026],"tool":false,"touchDistance":0.333333,"touchZone":"none","type":3,"width":18.077},{"bases":[[[0.715096,-0.69648,-0.0596138],[0.686746,0.684059,0.24585],[-0.13045,-0.216746,0.967473]],[[0.636438,-0.729249,0.251282],[0.746891,0.501303,-0.436862],[0.192613,0.465716,0.863718]],[[0.636438,-0.729249,0.251282],[0.224349,-0.136677,-0.964877],[0.737979,0.670459,0.0766197]],[[0.636438,-0.729249,0.251282],[-0.250497,-0.503534,-0.826864],[0.729519,0.463303,-0.503143]]],"btipPosition":[-16.6361,248.928,-4.53144],"carpPosition":[9.61895,273.926,74.9341],"dipPosition":[-4.06149,256.913,-13.204],"direction":[-0.737979,-0.670459,-0.0766197],"extended":false,"handId":813,"id":8134,"length":50.5107,"mcpPosition":[17.1831,286.494,18.8349],"pipPosition":[10.3725,270.027,-11.7054],"stabilizedTipPosition":[-13.0365,239.272,133.337],"timeVisible":15.1304,"tipPosition":[-13.1558,251.116,-6.7914],"tipVelocity":[-29.5897,-22.7822,-116.556],"tool":false,"touchDistance":-0.318199,"touchZone":"touching","type":4,"width":16.0574}],"r":[[0.999712,0.0178258,-0.0160588],[-0.0216751,0.958007,-0.285923],[0.0102877,0.286189,0.958118]],"s":1.19649,"t":[14.5502,88.8072,-159.373],"timestamp":606858396719},false],[2,{"currentFrameRate":110.429,"devices":[],"gestures":[],"hands":[{"armBasis":[[0.760426,-0.121721,-0.637915],[0.379007,0.880826,0.283724],[0.527357,-0.457525,0.715937]],"armWidth":63.72,"confidence":0.824915,"direction":[-0.0700031,0.408916,-0.909883],"elbow":[137.521,150.213,278.274],"grabStrength":0,"id":813,"palmNormal":[-0.385392,-0.852387,-0.353426],"palmPosition":[-17.3238,294.628,35.9664],"palmVelocity":[-24.2913,-17.1092,-113.993],"palmWidth":90.99,"pinchStrength":1,"r":[[0.999705,0.0190425,-0.015078],[-0.0225545,0.958169,-0.285313],[0.0090142,0.285569,0.958316]],"s":1.19626,"sphereCenter":[-65.2686,273.182,5.37223],"sphereRadius":59.7794,"stabilizedPalmPosition":[-4.47003,260.989,182.924],"t":[14.3393,88.6765,-160.314],"timeVisible":15.1395,"type":"right","wrist":[-4.86507,273.745,84.9708]}],"id":4415021,"interactionBox":{"center":[0,200,0],"size":[235.247,235.247,147.751]},"pointables":[{"bases":[[[0.701288,0.711041,0.0511401],[-0.540813,0.483913,0.688004],[0.464452,-0.510146,0.723903]],[[0.485233,0.847604,-0.214746],[-0.791435,0.530158,0.304241],[0.371725,0.02233,0.928074]],[[0.485233,0.847604,-0.214746],[-0.870635,0.491077,-0.0289719],[0.0809001,0.201023,0.97624]],[[0.485233,0.847604,-0.214746],[-0.853932,0.40656,-0.324821],[-0.188013,0.340993,0.921073]]],"btipPosition":[-51.9316,256.482,-10.7081],"carpPosition":[-35.0178,272.431,90.4611],"dipPosition":[-56.3318,264.462,10.8484],"direction":[-0.0809001,-0.201023,-0.97624],"extended":false,"handId":813,"id":8130,"length":52.1164,"mcpPosition":[-35.0178,272.431,90.4611],"pipPosition":[-53.5735,271.316,44.1339],"stabilizedTipPosition":[-56.9323,233.264,141.835],"timeVisible":15.1395,"tipPosition":[-52.8071,258.263,-5.75383],"tipVelocity":[-15.8143,-30.2774,-119.305],"tool":false,"touchDistance":-0.438314,"touchZone":"touching","type":0,"width":20.25},{"bases":[[[0.895278,-0.252636,-0.36695],[0.347975,0.910871,0.221871],[0.278191,-0.326325,0.903394]],[[0.922122,-0.289847,-0.256282],[0.2828,0.956988,-0.0647918],[0.264038,-0.0127304,0.964428]],[[0.922122,-0.289847,-0.256282],[0.268025,0.956265,-0.117133],[0.279024,0.0393208,0.959479]],[[0.922122,-0.289847,-0.256282],[0.256797,0.953966,-0.154934],[0.289391,0.0770556,0.954104]]],"btipPosition":[-64.309,313.133,-61.5057],"carpPosition":[-20.8103,290.845,85.8833],"dipPosition":[-59.3646,314.449,-45.2042],"direction":[-0.279024,-0.0393208,-0.959479],"extended":true,"handId":813,"id":8131,"length":58.8075,"mcpPosition":[-41.2768,314.853,19.4209],"pipPosition":[-52.6205,315.4,-22.0132],"stabilizedTipPosition":[-54.4049,272.254,134.222],"timeVisible":15.1395,"tipPosition":[-63.3723,313.837,-57.5621],"tipVelocity":[-17.4504,-33.081,-117.488],"tool":false,"touchDistance":-0.437175,"touchZone":"touching","type":1,"width":19.3428},{"bases":[[[0.852105,-0.445956,-0.273935],[0.500346,0.847662,0.176419],[0.153529,-0.28739,0.945429]],[[0.797525,-0.371886,-0.475032],[0.371969,0.923044,-0.0981254],[0.474967,-0.0984396,0.874481]],[[0.797525,-0.371886,-0.475032],[0.339263,0.927569,-0.156577],[0.498854,-0.0362866,0.865926]],[[0.797525,-0.371886,-0.475032],[0.314607,0.928236,-0.198495],[0.514759,0.00885646,0.857289]]],"btipPosition":[-66.9406,315.171,-67.5859],"carpPosition":[-9.47662,289.51,81.2591],"dipPosition":[-57.2672,315.338,-51.4758],"direction":[-0.498854,0.0362866,-0.865926],"extended":true,"handId":813,"id":8132,"length":67.0064,"mcpPosition":[-20.188,309.561,15.2984],"pipPosition":[-43.0816,314.306,-26.8519],"stabilizedTipPosition":[-53.885,282.119,93.1244],"timeVisible":15.1395,"tipPosition":[-64.3705,315.751,-63.8049],"tipVelocity":[-17.5015,-26.766,-118.388],"tool":false,"touchDistance":-0.434073,"touchZone":"touching","type":2,"width":18.9972},{"bases":[[[0.825252,-0.54601,-0.144336],[0.564586,0.804041,0.186446],[0.014251,-0.235355,0.971805]],[[0.821607,-0.525924,-0.219922],[0.359184,0.777184,-0.516693],[0.442661,0.345526,0.827444]],[[0.821607,-0.525924,-0.219922],[-0.189015,0.112632,-0.975493],[0.537806,0.843041,-0.00686781]],[[0.821607,-0.525924,-0.219922],[-0.46529,-0.395811,-0.791731],[0.329343,0.75282,-0.569909]]],"btipPosition":[-40.4576,246.943,-9.71183],"carpPosition":[1.26472,285.058,77.2935],"dipPosition":[-34.3042,261.008,-20.36],"direction":[-0.537806,-0.843041,0.00686781],"extended":false,"handId":813,"id":8133,"length":64.4285,"mcpPosition":[0.372037,299.8,16.4196],"pipPosition":[-19.4059,284.362,-20.5503],"stabilizedTipPosition":[-32.9005,241.532,131.699],"timeVisible":15.1395,"tipPosition":[-38.7073,250.82,-12.5098],"tipVelocity":[-18.1641,-28.9678,-111.673],"tool":false,"touchDistance":0.333333,"touchZone":"none","type":3,"width":18.077},{"bases":[[[0.716648,-0.694875,-0.0596991],[0.685095,0.685355,0.246846],[-0.130612,-0.217801,0.967214]],[[0.637858,-0.728063,0.25112],[0.745535,0.50194,-0.438444],[0.193167,0.466884,0.862963]],[[0.637858,-0.728063,0.25112],[0.224353,-0.136264,-0.964934],[0.736751,0.671831,0.0764263]],[[0.637858,-0.728063,0.25112],[-0.248504,-0.503192,-0.827673],[0.72896,0.465534,-0.501892]]],"btipPosition":[-16.7496,248.813,-5.24292],"carpPosition":[9.48202,273.857,74.1987],"dipPosition":[-4.18465,256.837,-13.8939],"direction":[-0.736751,-0.671831,-0.0764263],"extended":false,"handId":813,"id":8134,"length":50.5107,"mcpPosition":[17.0556,286.486,18.1146],"pipPosition":[10.2253,269.978,-12.3991],"stabilizedTipPosition":[-13.0365,239.273,133.332],"timeVisible":15.1395,"tipPosition":[-13.2706,251.014,-7.50662],"tipVelocity":[-24.8989,-19.6729,-105.709],"tool":false,"touchDistance":-0.32531,"touchZone":"touching","type":4,"width":16.0574}],"r":[[0.999705,0.0190425,-0.015078],[-0.0225545,0.958169,-0.285313],[0.0090142,0.285569,0.958316]],"s":1.19626,"t":[14.3393,88.6765,-160.314],"timestamp":606858405837},false],[3,{"currentFrameRate":110.482,"devices":[],"gestures":[],"hands":[{"armBasis":[[0.759747,-0.126807,-0.637734],[0.381482,0.881187,0.279252],[0.526552,-0.455444,0.717854]],"armWidth":63.72,"confidence":0.824111,"direction":[-0.0686986,0.406095,-0.911245],"elbow":[137.301,150.415,277.755],"grabStrength":0,"id":813,"palmNormal":[-0.38794,-0.85239,-0.35062],"palmPosition":[-17.2598,294.143,34.86],"palmVelocity":[-15.6937,-27.2517,-116.595],"palmWidth":90.99,"pinchStrength":1,"r":[[0.99971,0.019401,-0.0142884],[-0.0226739,0.958121,-0.285464],[0.0081517,0.285705,0.958283]],"s":1.19588,"sphereCenter":[-65.3156,272.763,4.36249],"sphereRadius":59.782,"stabilizedPalmPosition":[-4.47025,260.99,182.922],"t":[14.2658,88.3684,-161.337],"timeVisible":15.1485,"type":"right","wrist":[-4.86792,273.385,83.9347]}],"id":4415022,"interactionBox":{"center":[0,200,0],"size":[235.247,235.247,147.751]},"pointables":[{"bases":[[[0.703431,0.709085,0.0488329],[-0.5394,0.487832,0.686343],[0.462853,-0.509135,0.725636]],[[0.487255,0.84559,-0.218084],[-0.790203,0.53324,0.30205],[0.371701,0.025155,0.928011]],[[0.487255,0.84559,-0.218084],[-0.86938,0.493233,-0.029976],[0.0822188,0.204204,0.97547]],[[0.487255,0.84559,-0.218084],[-0.852906,0.407214,-0.326694],[-0.187442,0.345188,0.919625]]],"btipPosition":[-51.9959,255.884,-11.6791],"carpPosition":[-35.0249,272.181,89.4268],"dipPosition":[-56.3827,263.963,9.84345],"direction":[-0.0822188,-0.204204,-0.97547],"extended":false,"handId":813,"id":8130,"length":52.1164,"mcpPosition":[-35.0249,272.181,89.4268],"pipPosition":[-53.5794,270.925,43.1027],"stabilizedTipPosition":[-56.9323,233.264,141.834],"timeVisible":15.1485,"tipPosition":[-52.8661,257.711,-6.73566],"tipVelocity":[-13.356,-39.5654,-116.561],"tool":false,"touchDistance":-0.437498,"touchZone":"touching","type":0,"width":20.25},{"bases":[[[0.894538,-0.256561,-0.366031],[0.35071,0.910549,0.218868],[0.277136,-0.324156,0.904499]],[[0.921234,-0.293439,-0.255385],[0.284883,0.955948,-0.0707501],[0.264895,-0.00757725,0.964247]],[[0.921234,-0.293439,-0.255385],[0.270288,0.954982,-0.122288],[0.279772,0.0436286,0.959075]],[[0.921234,-0.293439,-0.255385],[0.259214,0.952566,-0.159457],[0.290062,0.0806981,0.9536]]],"btipPosition":[-64.2489,312.277,-62.6551],"carpPosition":[-20.7615,290.536,84.7889],"dipPosition":[-59.293,313.655,-46.3623],"direction":[-0.279772,-0.0436286,-0.959075],"extended":true,"handId":813,"id":8131,"length":58.8075,"mcpPosition":[-41.1503,314.384,18.2453],"pipPosition":[-52.5308,314.71,-23.1811],"stabilizedTipPosition":[-54.4053,272.256,134.213],"timeVisible":15.1485,"tipPosition":[-63.271,313.04,-58.7335],"tipVelocity":[-10.7618,-49.7342,-120.511],"tool":false,"touchDistance":-0.439063,"touchZone":"touching","type":1,"width":19.3428},{"bases":[[[0.850774,-0.449438,-0.272377],[0.502892,0.846728,0.17364],[0.152589,-0.284704,0.946393]],[[0.796516,-0.375967,-0.473509],[0.37468,0.921585,-0.10147],[0.474528,-0.0965917,0.874925]],[[0.796516,-0.375967,-0.473509],[0.342456,0.925957,-0.159148],[0.498283,-0.035392,0.866292]],[[0.796516,-0.375967,-0.473509],[0.318172,0.926589,-0.200499],[0.514129,0.00904379,0.857665]]],"btipPosition":[-66.7806,314.508,-68.7811],"carpPosition":[-9.43152,289.152,80.1701],"dipPosition":[-57.1191,314.678,-52.6638],"direction":[-0.498283,0.035392,-0.866292],"extended":true,"handId":813,"id":8132,"length":67.0064,"mcpPosition":[-20.0773,309.015,14.1421],"pipPosition":[-42.9497,313.671,-28.0296],"stabilizedTipPosition":[-53.8864,282.123,93.1041],"timeVisible":15.1485,"tipPosition":[-64.2293,315.068,-64.996],"tipVelocity":[-7.91516,-39.687,-122.447],"tool":false,"touchDistance":-0.436901,"touchZone":"touching","type":2,"width":18.9972},{"bases":[[[0.823608,-0.548979,-0.142448],[0.566999,0.802947,0.183816],[0.0134667,-0.232161,0.972584]],[[0.820007,-0.52905,-0.218391],[0.361592,0.77463,-0.518845],[0.443667,0.346488,0.826502]],[[0.820007,-0.52905,-0.218391],[-0.187838,0.11168,-0.97583],[0.540653,0.841209,-0.00779755]],[[0.820007,-0.52905,-0.218391],[-0.465723,-0.394956,-0.791904],[0.332702,0.751076,-0.570258]]],"btipPosition":[-40.5632,246.379,-10.7595],"carpPosition":[1.29661,284.654,76.2203],"dipPosition":[-34.347,260.412,-21.4142],"direction":[-0.540653,-0.841209,0.00779755],"extended":false,"handId":813,"id":8133,"length":64.4285,"mcpPosition":[0.453057,299.196,15.2976],"pipPosition":[-19.3698,283.715,-21.6302],"stabilizedTipPosition":[-32.9008,241.533,131.692],"timeVisible":15.1485,"tipPosition":[-38.802,250.216,-13.5117],"tipVelocity":[-15.9793,-38.4849,-113.162],"tool":false,"touchDistance":0.333333,"touchZone":"none","type":3,"width":18.077},{"bases":[[[0.714549,-0.697232,-0.057325],[0.687145,0.684099,0.244621],[-0.131342,-0.214185,0.967923]],[[0.635736,-0.729153,0.25333],[0.746563,0.497402,-0.441855],[0.196173,0.47003,0.860574]],[[0.635736,-0.729153,0.25333],[0.223537,-0.140219,-0.964557],[0.738831,0.669832,0.0738504]],[[0.635736,-0.729153,0.25333],[-0.249257,-0.504522,-0.826637],[0.730555,0.462379,-0.502489]]],"btipPosition":[-16.8834,248.147,-6.17405],"carpPosition":[9.48025,273.418,73.1635],"dipPosition":[-4.29102,256.117,-14.8354],"direction":[-0.738831,-0.669832,-0.0738504],"extended":false,"handId":813,"id":8134,"length":50.5107,"mcpPosition":[17.0961,285.838,17.0383],"pipPosition":[10.1596,269.218,-13.3909],"stabilizedTipPosition":[-13.0365,239.273,133.325],"timeVisible":15.1485,"tipPosition":[-13.3972,250.333,-8.43944],"tipVelocity":[-21.9831,-35.0222,-105.298],"tool":false,"touchDistance":-0.335115,"touchZone":"touching","type":4,"width":16.0574}],"r":[[0.99971,0.019401,-0.0142884],[-0.0226739,0.958121,-0.285464],[0.0081517,0.285705,0.958283]],"s":1.19588,"t":[14.2658,88.3684,-161.337],"timestamp":606858414795},false],[4,{"currentFrameRate":110.354,"devices":[],"gestures":[],"hands":[{"armBasis":[[0.759855,-0.124826,-0.637995],[0.380402,0.88121,0.280648],[0.527176,-0.455946,0.717076]],"armWidth":63.72,"confidence":0.828368,"direction":[-0.0657241,0.405825,-0.911585],"elbow":[137.033,149.863,276.063],"grabStrength":0,"id":813,"palmNormal":[-0.386589,-0.852567,-0.351678],"palmPosition":[-17.5363,293.71,33.3302],"palmVelocity":[-19.6643,-32.7071,-130.162],"palmWidth":90.99,"pinchStrength":1,"r":[[0.999721,0.0197277,-0.0129872],[-0.0226166,0.958066,-0.285653],[0.00680728,0.285868,0.958245]],"s":1.19541,"sphereCenter":[-65.6738,272.494,2.76815],"sphereRadius":59.8112,"stabilizedPalmPosition":[-4.4705,260.99,182.919],"t":[14.0908,87.9979,-162.613],"timeVisible":15.1578,"type":"right","wrist":[-5.30492,272.969,82.452]}],"id":4415023,"interactionBox":{"center":[0,200,0],"size":[235.247,235.247,147.751]},"pointables":[{"bases":[[[0.703119,0.709241,0.0509916],[-0.541798,0.487916,0.684393],[0.46052,-0.508837,0.727328]],[[0.48755,0.84571,-0.216954],[-0.791549,0.533009,0.298919],[0.368437,0.0259919,0.929289]],[[0.48755,0.84571,-0.216954],[-0.869497,0.492847,-0.0328102],[0.0791771,0.204638,0.97563]],[[0.48755,0.84571,-0.216954],[-0.852108,0.406752,-0.329339],[-0.190279,0.345438,0.918949]]],"btipPosition":[-52.1178,255.4,-13.316],"carpPosition":[-35.4799,271.76,87.8433],"dipPosition":[-56.571,263.485,8.1907],"direction":[-0.0791771,-0.204638,-0.97563],"extended":false,"handId":813,"id":8130,"length":52.1164,"mcpPosition":[-35.4799,271.76,87.8433],"pipPosition":[-53.8714,270.462,41.4554],"stabilizedTipPosition":[-56.9322,233.264,141.832],"timeVisible":15.1578,"tipPosition":[-53.0039,257.242,-8.3749],"tipVelocity":[-13.756,-43.0454,-133.5],"tool":false,"touchDistance":-0.44669,"touchZone":"touching","type":0,"width":20.25},{"bases":[[[0.895813,-0.256482,-0.362956],[0.349789,0.910682,0.219785],[0.274166,-0.323845,0.905515]],[[0.922036,-0.293132,-0.25283],[0.284183,0.956057,-0.072078],[0.262848,-0.00539161,0.964822]],[[0.922036,-0.293132,-0.25283],[0.269886,0.955004,-0.122997],[0.277508,0.045172,0.959661]],[[0.922036,-0.293132,-0.25283],[0.259053,0.952571,-0.159685],[0.287648,0.0817391,0.954242]]],"btipPosition":[-64.2898,311.685,-64.3205],"carpPosition":[-21.2047,290.117,83.2481],"dipPosition":[-59.3751,313.082,-48.0167],"direction":[-0.277508,-0.045172,-0.959661],"extended":true,"handId":813,"id":8131,"length":58.8075,"mcpPosition":[-41.3751,313.942,16.6297],"pipPosition":[-52.6677,314.174,-24.8213],"stabilizedTipPosition":[-54.4058,272.258,134.201],"timeVisible":15.1578,"tipPosition":[-63.2801,312.471,-60.4158],"tipVelocity":[-9.25643,-53.5387,-137.013],"tool":false,"touchDistance":-0.448433,"touchZone":"touching","type":1,"width":19.3428},{"bases":[[[0.851773,-0.449342,-0.269395],[0.502136,0.846879,0.175086],[0.149471,-0.284407,0.94698]],[[0.79829,-0.376067,-0.470433],[0.374787,0.921619,-0.100762],[0.471453,-0.0958746,0.876664]],[[0.79829,-0.376067,-0.470433],[0.343001,0.925927,-0.158145],[0.49506,-0.0351129,0.868149]],[[0.79829,-0.376067,-0.470433],[0.319053,0.926549,-0.19928],[0.510822,0.00899025,0.85964]]],"btipPosition":[-66.6887,314.027,-70.4981],"carpPosition":[-9.85906,288.734,78.6677],"dipPosition":[-57.0893,314.196,-54.3438],"direction":[-0.49506,0.0351129,-0.868149],"extended":true,"handId":813,"id":8132,"length":67.0064,"mcpPosition":[-20.2874,308.576,12.5988],"pipPosition":[-43.0116,313.197,-29.6567],"stabilizedTipPosition":[-53.8878,282.127,93.0837],"timeVisible":15.1578,"tipPosition":[-64.1689,314.579,-66.6996],"tipVelocity":[-3.32576,-43.0973,-139.791],"tool":false,"touchDistance":-0.447173,"touchZone":"touching","type":2,"width":18.9972},{"bases":[[[0.824193,-0.548852,-0.13953],[0.566217,0.803114,0.18549],[0.0102516,-0.231884,0.972689]],[[0.820822,-0.528871,-0.215748],[0.36319,0.774786,-0.517493],[0.440845,0.346412,0.828042]],[[0.820822,-0.528871,-0.215748],[-0.183913,0.112891,-0.976438],[0.540766,0.84116,-0.00460285]],[[0.820822,-0.528871,-0.215748],[-0.462359,-0.393432,-0.794629],[0.335375,0.752002,-0.567466]]],"btipPosition":[-40.7022,245.932,-12.4407],"carpPosition":[0.883167,284.236,74.7552],"dipPosition":[-34.4361,259.982,-23.0432],"direction":[-0.540766,-0.84116,0.00460285],"extended":false,"handId":813,"id":8133,"length":64.4285,"mcpPosition":[0.241005,298.762,13.8259],"pipPosition":[-19.4558,283.284,-23.1707],"stabilizedTipPosition":[-32.9011,241.533,131.684],"timeVisible":15.1578,"tipPosition":[-38.9343,249.745,-15.1372],"tipVelocity":[-15.346,-41.0902,-131.929],"tool":false,"touchDistance":0.333333,"touchZone":"none","type":3,"width":18.077},{"bases":[[[0.714879,-0.697103,-0.0547312],[0.686182,0.684308,0.246731],[-0.134544,-0.213939,0.967537]],[[0.635308,-0.728966,0.254934],[0.746036,0.494035,-0.446498],[0.199535,0.473854,0.8577]],[[0.635308,-0.728966,0.254934],[0.223301,-0.142611,-0.964261],[0.73927,0.66953,0.0721769]],[[0.635308,-0.728966,0.254934],[-0.246431,-0.504221,-0.827667],[0.731885,0.463,-0.499976]]],"btipPosition":[-17.2491,247.576,-7.4951],"carpPosition":[9.07928,273.001,71.729],"dipPosition":[-4.63378,255.556,-16.1131],"direction":[-0.73927,-0.66953,-0.0721769],"extended":false,"handId":813,"id":8134,"length":50.5107,"mcpPosition":[16.8809,285.407,15.6262],"pipPosition":[9.82545,268.652,-14.7014],"stabilizedTipPosition":[-13.0366,239.274,133.316],"timeVisible":15.1578,"tipPosition":[-13.7164,249.783,-9.79343],"tipVelocity":[-26.7265,-42.4027,-115.411],"tool":false,"touchDistance":-0.349603,"touchZone":"touching","type":4,"width":16.0574}],"r":[[0.999721,0.0197277,-0.0129872],[-0.0226166,0.958066,-0.285653],[0.00680728,0.285868,0.958245]],"s":1.19541,"t":[14.0908,87.9979,-162.613],"timestamp":606858424083},false],[5,{"currentFrameRate":110.501,"devices":[],"gestures":[],"hands":[{"armBasis":[[0.758974,-0.129425,-0.638128],[0.38156,0.882545,0.27482],[0.527608,-0.452066,0.719212]],"armWidth":63.72,"confidence":0.692599,"direction":[-0.0638819,0.401002,-0.913847],"elbow":[136.927,150.495,275.416],"grabStrength":0,"id":813,"palmNormal":[-0.38776,-0.85374,-0.34752],"palmPosition":[-17.6612,293.051,31.9811],"palmVelocity":[-18.1967,-44.0857,-136.445],"palmWidth":90.99,"pinchStrength":1,"r":[[0.999739,0.0196036,-0.0117276],[-0.0221446,0.95772,-0.286848],[0.00560853,0.287033,0.957904]],"s":1.19526,"sphereCenter":[-66.026,271.995,1.54963],"sphereRadius":59.9,"stabilizedPalmPosition":[-4.47082,260.991,182.915],"t":[13.9408,87.4831,-163.926],"timeVisible":15.1666,"type":"right","wrist":[-5.52701,272.553,81.2291]}],"id":4415024,"interactionBox":{"center":[0,200,0],"size":[235.247,235.247,147.751]},"pointables":[{"bases":[[[0.70438,0.708199,0.0479942],[-0.541701,0.492623,0.68109],[0.458704,-0.505744,0.730625]],[[0.489369,0.84362,-0.220961],[-0.79099,0.536076,0.294886],[0.367224,0.03047,0.929633]],[[0.489369,0.84362,-0.220961],[-0.868535,0.494291,-0.0363868],[0.0785226,0.209719,0.974604]],[[0.489369,0.84362,-0.220961],[-0.851055,0.406692,-0.332125],[-0.190324,0.350582,0.916989]]],"btipPosition":[-52.2646,254.553,-14.505],"carpPosition":[-35.7106,271.43,86.5906],"dipPosition":[-56.7189,262.758,6.95585],"direction":[-0.0785226,-0.209719,-0.974604],"extended":false,"handId":813,"id":8130,"length":52.1164,"mcpPosition":[-35.7106,271.43,86.5906],"pipPosition":[-54.0416,269.909,40.1855],"stabilizedTipPosition":[-56.9321,233.265,141.828],"timeVisible":15.1666,"tipPosition":[-53.151,256.423,-9.57179],"tipVelocity":[-14.5558,-56.5551,-134.303],"tool":false,"touchDistance":-0.448348,"touchZone":"touching","type":0,"width":20.25},{"bases":[[[0.895764,-0.260109,-0.360486],[0.351226,0.911208,0.21527],[0.272484,-0.319443,0.907584]],[[0.921644,-0.295959,-0.250961],[0.285618,0.955201,-0.077551],[0.26267,-0.000204618,0.964886]],[[0.921644,-0.295959,-0.250961],[0.271496,0.953905,-0.127888],[0.277242,0.0497324,0.959512]],[[0.921644,-0.295959,-0.250961],[0.2608,0.951337,-0.164137],[0.287326,0.0858255,0.95398]]],"btipPosition":[-64.3374,310.577,-65.8023],"carpPosition":[-21.3958,289.735,81.9132],"dipPosition":[-59.4283,312.043,-49.503],"direction":[-0.277242,-0.0497324,-0.959512],"extended":true,"handId":813,"id":8131,"length":58.8075,"mcpPosition":[-41.4423,313.236,15.1426],"pipPosition":[-52.7272,313.245,-26.3112],"stabilizedTipPosition":[-54.4067,272.262,134.182],"timeVisible":15.1666,"tipPosition":[-63.2965,311.365,-61.9141],"tipVelocity":[-8.26235,-72.5791,-145.543],"tool":false,"touchDistance":-0.454165,"touchZone":"touching","type":1,"width":19.3428},{"bases":[[[0.851254,-0.452378,-0.265935],[0.503506,0.846881,0.1711],[0.147813,-0.27955,0.948685]],[[0.798163,-0.380112,-0.467386],[0.377499,0.920185,-0.103701],[0.4695,-0.0936673,0.87795]],[[0.798163,-0.380112,-0.467386],[0.346369,0.924315,-0.160221],[0.492914,-0.0340058,0.869413]],[[0.798163,-0.380112,-0.467386],[0.32292,0.924894,-0.200736],[0.508585,0.00929163,0.860962]]],"btipPosition":[-66.564,313.117,-72.0536],"carpPosition":[-10.0472,288.306,77.354],"dipPosition":[-57.0066,313.291,-55.8744],"direction":[-0.492914,0.0340058,-0.869413],"extended":true,"handId":813,"id":8132,"length":67.0064,"mcpPosition":[-20.3599,307.81,11.1662],"pipPosition":[-42.9899,312.324,-31.1514],"stabilizedTipPosition":[-53.8892,282.132,93.061],"timeVisible":15.1666,"tipPosition":[-64.1032,313.56,-68.2425],"tipVelocity":[1.09187,-59.3244,-149.623],"tool":false,"touchDistance":-0.454035,"touchZone":"touching","type":2,"width":18.9972},{"bases":[[[0.823333,-0.551131,-0.135566],[0.567493,0.803053,0.181818],[0.00866124,-0.22663,0.973943]],[[0.820082,-0.531527,-0.212001],[0.365151,0.771305,-0.5213],[0.440603,0.350096,0.826621]],[[0.820082,-0.531527,-0.212001],[-0.182245,0.108592,-0.977238],[0.542451,0.840051,-0.00781426]],[[0.820082,-0.531527,-0.212001],[-0.4618,-0.395924,-0.793716],[0.337946,0.748814,-0.570149]]],"btipPosition":[-40.8784,245.06,-13.5929],"carpPosition":[0.691245,283.768,73.4788],"dipPosition":[-34.5642,259.05,-24.2456],"direction":[-0.542451,-0.840051,0.00781426],"extended":false,"handId":813,"id":8133,"length":64.4285,"mcpPosition":[0.148705,297.964,12.471],"pipPosition":[-19.5373,282.322,-24.4621],"stabilizedTipPosition":[-32.9015,241.534,131.676],"timeVisible":15.1666,"tipPosition":[-39.1012,248.844,-16.2849],"tipVelocity":[-16.2719,-57.1583,-132.06],"tool":false,"touchDistance":0.333333,"touchZone":"none","type":3,"width":18.077},{"bases":[[[0.713642,-0.698717,-0.0500973],[0.687163,0.684358,0.243846],[-0.136095,-0.208443,0.968519]],[[0.633817,-0.728766,0.259183],[0.746714,0.489116,-0.450759],[0.201727,0.479235,0.85419]],[[0.633817,-0.728766,0.259183],[0.223732,-0.148028,-0.963344],[0.740419,0.668572,0.0692254]],[[0.633817,-0.728766,0.259183],[-0.245041,-0.507013,-0.826373],[0.733642,0.460259,-0.499931]]],"btipPosition":[-17.4988,246.633,-8.57667],"carpPosition":[8.86999,272.501,70.5233],"dipPosition":[-4.85315,254.566,-17.1939],"direction":[-0.740419,-0.668572,-0.0692254],"extended":false,"handId":813,"id":8134,"length":50.5107,"mcpPosition":[16.7615,284.588,14.3636],"pipPosition":[9.62855,267.643,-15.8399],"stabilizedTipPosition":[-13.0368,239.275,133.3],"timeVisible":15.1666,"tipPosition":[-13.9565,248.831,-10.8683],"tipVelocity":[-26.9652,-60.2016,-117.464],"tool":false,"touchDistance":-0.359197,"touchZone":"touching","type":4,"width":16.0574}],"r":[[0.999739,0.0196036,-0.0117276],[-0.0221446,0.95772,-0.286848],[0.00560853,0.287033,0.957904]],"s":1.19526,"t":[13.9408,87.4831,-163.926],"timestamp":606858432872},false],[6,{"currentFrameRate":110.388,"devices":[],"gestures":[],"hands":[{"armBasis":[[0.758624,-0.131577,-0.638105],[0.381876,0.883325,0.271859],[0.527883,-0.449916,0.720357]],"armWidth":63.72,"confidence":0.709898,"direction":[-0.0629301,0.398799,-0.914877],"elbow":[136.838,150.829,274.887],"grabStrength":0,"id":813,"palmNormal":[-0.38811,-0.854318,-0.345705],"palmPosition":[-17.7742,292.692,31.0834],"palmVelocity":[-16.5094,-42.6015,-125.334],"palmWidth":90.99,"pinchStrength":1,"r":[[0.999757,0.0193587,-0.0105829],[-0.0215882,0.957304,-0.288277],[0.00455041,0.288435,0.957489]],"s":1.19592,"sphereCenter":[-66.7932,272.252,0.866861],"sphereRadius":60.2016,"stabilizedPalmPosition":[-4.47126,260.992,182.91],"t":[13.8094,87.0461,-165.032],"timeVisible":15.1758,"type":"right","wrist":[-5.69047,272.306,80.3905]}],"id":4415025,"interactionBox":{"center":[0,200,0],"size":[235.247,235.247,147.751]},"pointables":[{"bases":[[[0.704845,0.707818,0.0467698],[-0.54185,0.494677,0.67948],[0.457812,-0.50427,0.732202]],[[0.490124,0.84273,-0.222679],[-0.790885,0.53735,0.29284],[0.366442,0.0325852,0.92987]],[[0.490124,0.84273,-0.222679],[-0.868147,0.494844,-0.0380824],[0.0780979,0.211983,0.974148]],[[0.490124,0.84273,-0.222679],[-0.850591,0.40659,-0.333436],[-0.190458,0.352833,0.916097]]],"btipPosition":[-52.3761,254.105,-15.3384],"carpPosition":[-35.8788,271.217,85.7326],"dipPosition":[-56.8335,262.363,6.10159],"direction":[-0.0780979,-0.211983,-0.974148],"extended":false,"handId":813,"id":8130,"length":52.1164,"mcpPosition":[-35.8788,271.217,85.7326],"pipPosition":[-54.1707,269.591,39.3157],"stabilizedTipPosition":[-56.9319,233.266,141.82],"timeVisible":15.1758,"tipPosition":[-53.2633,255.987,-10.408],"tipVelocity":[-13.87,-53.8809,-121.987],"tool":false,"touchDistance":-0.444419,"touchZone":"touching","type":0,"width":20.25},{"bases":[[[0.895843,-0.261626,-0.359189],[0.351712,0.911486,0.213288],[0.271594,-0.317403,0.908566]],[[0.921438,-0.296915,-0.250588],[0.285896,0.954901,-0.0801669],[0.26309,0.00222653,0.964769]],[[0.921438,-0.296915,-0.250588],[0.271892,0.953506,-0.130008],[0.277539,0.0516616,0.959324]],[[0.921438,-0.296915,-0.250588],[0.261295,0.950898,-0.165884],[0.287538,0.0873742,0.953776]]],"btipPosition":[-64.4526,310.015,-66.7539],"carpPosition":[-21.5476,289.501,81.0208],"dipPosition":[-59.5398,311.508,-50.4581],"direction":[-0.277539,-0.0516616,-0.959324],"extended":true,"handId":813,"id":8131,"length":58.8075,"mcpPosition":[-41.5286,312.852,14.178],"pipPosition":[-52.8316,312.757,-27.2708],"stabilizedTipPosition":[-54.4082,272.268,134.149],"timeVisible":15.1758,"tipPosition":[-63.3749,310.789,-62.8818],"tipVelocity":[-9.41201,-69.038,-133.536],"tool":false,"touchDistance":-0.451368,"touchZone":"touching","type":1,"width":19.3428},{"bases":[[[0.851128,-0.45363,-0.264198],[0.503979,0.846943,0.169387],[0.146922,-0.277321,0.949477]],[[0.796713,-0.380121,-0.469847],[0.379649,0.919679,-0.100284],[0.470228,-0.0984787,0.877033]],[[0.796713,-0.380121,-0.469847],[0.349938,0.924001,-0.15416],[0.492738,-0.0415959,0.869183]],[[0.796713,-0.380121,-0.469847],[0.327579,0.924937,-0.192831],[0.507878,-0.000280724,0.861429]]],"btipPosition":[-66.6681,313.336,-72.9475],"carpPosition":[-10.1967,288.053,76.4734],"dipPosition":[-57.124,313.33,-56.7595],"direction":[-0.492738,0.0415959,-0.869183],"extended":true,"handId":813,"id":8132,"length":67.0064,"mcpPosition":[-20.4472,307.401,10.2303],"pipPosition":[-43.1123,312.148,-32.0431],"stabilizedTipPosition":[-53.8906,282.136,93.0397],"timeVisible":15.1758,"tipPosition":[-64.2152,313.427,-69.1661],"tipVelocity":[-2.47056,-37.2439,-134.629],"tool":false,"touchDistance":-0.450343,"touchZone":"touching","type":2,"width":18.9972},{"bases":[[[0.823042,-0.552043,-0.133608],[0.567927,0.803097,0.18026],[0.0077888,-0.224241,0.974503]],[[0.819847,-0.532576,-0.21027],[0.365825,0.76971,-0.523181],[0.440481,0.352007,0.825874]],[[0.819847,-0.532576,-0.21027],[-0.180922,0.107464,-0.977609],[0.543248,0.839532,-0.00825076]],[[0.819847,-0.532576,-0.21027],[-0.46082,-0.395756,-0.794369],[0.339846,0.748157,-0.569882]]],"btipPosition":[-41.0257,244.581,-14.4491],"carpPosition":[0.541371,283.497,72.6172],"dipPosition":[-34.6761,258.56,-25.0968],"direction":[-0.543248,-0.839532,0.00825076],"extended":false,"handId":813,"id":8133,"length":64.4285,"mcpPosition":[0.0534803,297.544,11.5744],"pipPosition":[-19.627,281.816,-25.3254],"stabilizedTipPosition":[-32.902,241.534,131.664],"timeVisible":15.1758,"tipPosition":[-39.24,248.349,-17.1126],"tipVelocity":[-15.9227,-55.7045,-120.888],"tool":false,"touchDistance":0.333333,"touchZone":"none","type":3,"width":18.077},{"bases":[[[0.713184,-0.699341,-0.0478568],[0.687469,0.68447,0.242667],[-0.13695,-0.205966,0.968929]],[[0.633208,-0.728581,0.261186],[0.747018,0.487002,-0.45254],[0.202513,0.481663,0.852637]],[[0.633208,-0.728581,0.261186],[0.224114,-0.150405,-0.962887],[0.740824,0.668243,0.0680472]],[[0.633208,-0.728581,0.261186],[-0.244182,-0.508275,-0.825852],[0.734454,0.459159,-0.49975]]],"btipPosition":[-17.6546,246.145,-9.35344],"carpPosition":[8.7143,272.218,69.6955],"dipPosition":[-4.99495,254.06,-17.9675],"direction":[-0.740824,-0.668243,-0.0680472],"extended":false,"handId":813,"id":8134,"length":50.5107,"mcpPosition":[16.6554,284.161,13.5119],"pipPosition":[9.49468,267.13,-16.6366],"stabilizedTipPosition":[-13.0371,239.276,133.272],"timeVisible":15.1758,"tipPosition":[-14.1141,248.335,-11.6381],"tipVelocity":[-24.0151,-58.2057,-107.997],"tool":false,"touchDistance":-0.363251,"touchZone":"t