{"sensorType":"Leap","data":[[0,{"currentFrameRate":110.571,"devices":[],"gestures":[],"hands":[{"armBasis":[[0.838724,0.115306,-0.532209],[0.160593,0.881487,0.444062],[0.520338,-0.457914,0.720807]],"armWidth":62.898,"confidence":0.858091,"direction":[-0.0588331,0.361603,-0.930474],"elbow":[144.45,143.45,281.713],"grabStrength":0,"id":819,"palmNormal":[-0.155321,-0.924053,-0.349287],"palmPosition":[-5.44686,281.759,39.35],"palmVelocity":[2.29337,-7.65584,-212.224],"palmWidth":89.8162,"pinchStrength":0.955072,"r":[[0.948897,0.203586,0.241139],[-0.159579,0.968743,-0.189925],[-0.272267,0.141738,0.951725]],"s":0.912382,"sphereCenter":[-13.7773,241.586,6.28468],"sphereRadius":47.8771,"stabilizedPalmPosition":[11.003,228.757,288.649],"t":[-17.1452,53.7363,-253.383],"timeVisible":1.07559,"type":"right","wrist":[5.77138,265.492,89.6053]}],"id":4417977,"interactionBox":{"center":[0,200,0],"size":[235.247,235.247,147.751]},"pointables":[{"bases":[[[0.524251,0.847172,0.0863691],[-0.701194,0.371901,0.60829],[0.483206,-0.379458,0.789001]],[[0.286148,0.928243,-0.237665],[-0.902096,0.344596,0.259761],[0.323019,0.140067,0.93597]],[[0.286148,0.928243,-0.237665],[-0.955878,0.259334,-0.137997],[-0.0664604,0.266667,0.961495]],[[0.286148,0.928243,-0.237665],[-0.916849,0.193179,-0.349386],[-0.278403,0.317879,0.906336]]],"btipPosition":[-30.6832,234.689,-7.28147],"carpPosition":[-23.4352,257.909,92.1349],"dipPosition":[-37.1148,242.032,13.6564],"direction":[0.0664604,-0.266667,-0.961495],"extended":false,"handId":819,"id":8190,"length":51.4441,"mcpPosition":[-23.4352,257.909,92.1349],"pipPosition":[-39.3515,251.007,46.0163],"stabilizedTipPosition":[-47.5018,216.067,214.097],"timeVisible":1.07559,"tipPosition":[-32.2568,236.171,-2.43801],"tipVelocity":[4.31891,-15.0791,-206.884],"tool":false,"touchDistance":-0.493532,"touchZone":"hovering","type":0,"width":19.9888},{"bases":[[[0.962233,-0.0614988,-0.265189],[0.120438,0.969796,0.212108],[0.244135,-0.236036,0.940577]],[[0.983934,-0.0882502,-0.155198],[0.084098,0.995907,-0.0331324],[0.157487,0.0195482,0.987328]],[[0.983934,-0.0882502,-0.155198],[0.0651643,0.986836,-0.148012],[0.166217,0.13552,0.976732]],[[0.983934,-0.0882502,-0.155198],[0.0506408,0.971542,-0.231392],[0.171202,0.219815,0.960402]]],"btipPosition":[-44.469,287.948,-61.5083],"carpPosition":[-13.208,278.576,88.1685],"dipPosition":[-41.5816,291.655,-45.311],"direction":[-0.166217,-0.13552,-0.976732],"extended":true,"handId":819,"id":8191,"length":58.0489,"mcpPosition":[-30.9372,295.717,19.8633],"pipPosition":[-37.6159,294.888,-22.0075],"stabilizedTipPosition":[-35.0141,252.62,190.445],"timeVisible":1.07559,"tipPosition":[-43.7804,287.811,-57.6415],"tipVelocity":[0.446571,-2.61237,-216.368],"tool":false,"touchDistance":-0.512556,"touchZone":"hovering","type":1,"width":19.0933},{"bases":[[[0.951645,-0.257242,-0.167923],[0.286712,0.94002,0.18482],[0.110307,-0.224028,0.96832]],[[0.95793,-0.278705,-0.0685078],[0.141149,0.665336,-0.733079],[0.249894,0.692569,0.676684]],[[0.95793,-0.278705,-0.0685078],[0.0233971,0.313743,-0.94922],[0.286046,0.907683,0.307065]],[[0.95793,-0.278705,-0.0685078],[-0.0431084,0.0962693,-0.994421],[0.283746,0.955539,0.0802047]]],"btipPosition":[-34.3568,218.877,-24.1994],"carpPosition":[-1.57799,279.604,84.7895],"dipPosition":[-29.0934,236.602,-22.7117],"direction":[-0.286046,-0.907683,-0.307065],"extended":false,"handId":819,"id":8192,"length":66.1421,"mcpPosition":[-9.17464,295.032,18.1032],"pipPosition":[-21.0642,262.081,-14.0925],"stabilizedTipPosition":[-37.9858,229.734,3.11066],"timeVisible":1.07559,"tipPosition":[-33.0643,223.117,-24.3343],"tipVelocity":[27.5255,-16.3334,-214.215],"tool":false,"touchDistance":-0.0529348,"touchZone":"hovering","type":2,"width":18.7521},{"bases":[[[0.933166,-0.357532,-0.0370477],[0.357341,0.911619,0.203124],[-0.0388498,-0.202787,0.978452]],[[0.923672,-0.377153,0.0677148],[0.302958,0.610591,-0.731707],[0.23462,0.696372,0.678248]],[[0.923672,-0.377153,0.0677148],[0.172235,0.250782,-0.952598],[0.342294,0.891551,0.296599]],[[0.923672,-0.377153,0.0677148],[0.0869129,0.0340974,-0.995632],[0.373197,0.925523,0.0642743]]],"btipPosition":[-14.117,217.894,-17.5651],"carpPosition":[10.0711,277.516,82.1432],"dipPosition":[-7.23414,234.964,-16.3797],"direction":[-0.342294,-0.891551,-0.296599],"extended":false,"handId":819,"id":8193,"length":63.5974,"mcpPosition":[12.4733,290.055,21.6436],"pipPosition":[2.12577,259.343,-8.26928],"stabilizedTipPosition":[-16.2497,227.613,10.5902],"timeVisible":1.07559,"tipPosition":[-12.4677,222.056,-17.8435],"tipVelocity":[27.9755,-16.6872,-201.512],"tool":false,"touchDistance":0.0329029,"touchZone":"hovering","type":3,"width":17.8439},{"bases":[[[0.850441,-0.524277,0.0433972],[0.493286,0.823391,0.280529],[-0.182808,-0.217166,0.958864]],[[0.775906,-0.562285,0.286017],[0.58516,0.47209,-0.659332],[0.235707,0.678945,0.695324]],[[0.775906,-0.562285,0.286017],[0.42685,0.134103,-0.894324],[0.464509,0.815998,0.344062]],[[0.775906,-0.562285,0.286017],[0.307709,-0.0584606,-0.949683],[0.550713,0.824875,0.12766]]],"btipPosition":[4.52682,227.353,-7.54788],"carpPosition":[20.6284,268.41,80.4185],"dipPosition":[13.8969,241.388,-5.37581],"direction":[-0.464509,-0.815998,-0.344062],"extended":false,"handId":819,"id":8194,"length":49.8592,"mcpPosition":[31.0918,280.84,25.5358],"pipPosition":[22.8649,257.142,1.26683],"stabilizedTipPosition":[2.87203,233.446,18.4872],"timeVisible":1.07559,"tipPosition":[6.98876,230.995,-7.90496],"tipVelocity":[25.2085,-7.96459,-206.093],"tool":false,"touchDistance":0.22429,"touchZone":"hovering","type":4,"width":15.8503}],"r":[[0.948897,0.203586,0.241139],[-0.159579,0.968743,-0.189925],[-0.272267,0.141738,0.951725]],"s":0.912382,"t":[-17.1452,53.7363,-253.383],"timestamp":606886135819},false],[1,{"currentFrameRate":110.591,"devices":[],"gestures":[],"hands":[{"armBasis":[[0.839609,0.112045,-0.53151],[0.158714,0.885191,0.437317],[0.519487,-0.451533,0.725432]],"armWidth":62.898,"confidence":0.842776,"direction":[-0.0586729,0.359958,-0.931122],"elbow":[144.257,145.066,281.171],"grabStrength":0,"id":819,"palmNormal":[-0.153709,-0.924863,-0.347853],"palmPosition":[-5.40026,281.573,37.5402],"palmVelocity":[3.08485,-11.227,-209.123],"palmWidth":89.8162,"pinchStrength":0.960119,"r":[[0.948347,0.2066,0.240736],[-0.162284,0.967995,-0.19144],[-0.272582,0.142484,0.951524]],"s":0.914623,"sphereCenter":[-13.6565,241.461,4.51879],"sphereRadius":47.8367,"stabilizedPalmPosition":[11.003,228.757,288.649],"t":[-17.1629,53.6031,-255.463],"timeVisible":1.08459,"type":"right","wrist":[5.80454,265.407,87.8309]}],"id":4417978,"interactionBox":{"center":[0,200,0],"size":[235.247,235.247,147.751]},"pointables":[{"bases":[[[0.522946,0.848083,0.0853373],[-0.702188,0.371891,0.607149],[0.483176,-0.377429,0.789993]],[[0.285136,0.928261,-0.238809],[-0.902451,0.343941,0.259395],[0.322923,0.14155,0.93578]],[[0.285136,0.928261,-0.238809],[-0.956058,0.257716,-0.139771],[-0.0681994,0.268169,0.960955]],[[0.285136,0.928261,-0.238809],[-0.917102,0.1918,-0.34948],[-0.278605,0.318661,0.905999]]],"btipPosition":[-30.5728,234.423,-9.02944],"carpPosition":[-23.3928,257.785,90.3517],"dipPosition":[-37.009,241.784,11.9007],"direction":[0.0681994,-0.268169,-0.960955],"extended":false,"handId":819,"id":8190,"length":51.4441,"mcpPosition":[-23.3928,257.785,90.3517],"pipPosition":[-39.3043,250.81,44.2424],"stabilizedTipPosition":[-47.5014,216.067,214.092],"timeVisible":1.08459,"tipPosition":[-32.1307,235.903,-4.18946],"tipVelocity":[6.46732,-18.9136,-203.417],"tool":false,"touchDistance":-0.498758,"touchZone":"hovering","type":0,"width":19.9888},{"bases":[[[0.962519,-0.0605323,-0.264375],[0.118861,0.970325,0.210572],[0.243783,-0.234103,0.941151]],[[0.984165,-0.0870472,-0.154411],[0.0833093,0.996056,-0.0305276],[0.15646,0.0171803,0.987535]],[[0.984165,-0.0870472,-0.154411],[0.0645985,0.98734,-0.144871],[0.165067,0.132602,0.977328]],[[0.984165,-0.0870472,-0.154411],[0.0502286,0.972361,-0.228015],[0.169992,0.216649,0.961336]]],"btipPosition":[-44.3369,287.915,-63.3991],"carpPosition":[-13.1929,278.461,86.3582],"dipPosition":[-41.47,291.569,-47.186],"direction":[-0.165067,-0.132602,-0.977328],"extended":true,"handId":819,"id":8191,"length":58.0489,"mcpPosition":[-30.8966,295.461,18.0113],"pipPosition":[-37.5317,294.733,-23.8683],"stabilizedTipPosition":[-35.0141,252.62,190.445],"timeVisible":1.08459,"tipPosition":[-43.6606,287.726,-59.5232],"tipVelocity":[4.20909,-3.26295,-214.486],"tool":false,"touchDistance":-0.51794,"touchZone":"hovering","type":1,"width":19.0933},{"bases":[[[0.952145,-0.256128,-0.166789],[0.285198,0.940747,0.183457],[0.109918,-0.222245,0.968775]],[[0.958384,-0.277356,-0.0676327],[0.140383,0.664144,-0.734306],[0.248582,0.694253,0.675441]],[[0.958384,-0.277356,-0.0676327],[0.0215602,0.306548,-0.951611],[0.284668,0.91055,0.299771]],[[0.958384,-0.277356,-0.0676327],[-0.0454625,0.0856074,-0.995291],[0.28184,0.956946,0.0694355]]],"btipPosition":[-34.1774,218.464,-25.5705],"carpPosition":[-1.56191,279.499,82.986],"dipPosition":[-28.9494,236.215,-24.2825],"direction":[-0.284668,-0.91055,-0.299771],"extended":false,"handId":819,"id":8192,"length":66.1421,"mcpPosition":[-9.13172,294.805,16.2684],"pipPosition":[-20.9589,261.773,-15.8681],"stabilizedTipPosition":[-37.9858,229.734,3.11066],"timeVisible":1.08459,"tipPosition":[-32.8948,222.728,-25.8276],"tipVelocity":[25.1868,-24.2844,-198.585],"tool":false,"touchDistance":-0.0765526,"touchZone":"hovering","type":2,"width":18.7521},{"bases":[[[0.933716,-0.356225,-0.0357596],[0.355855,0.91248,0.201861],[-0.0392779,-0.201206,0.978761]],[[0.924069,-0.375806,0.0697594],[0.303126,0.609352,-0.73267],[0.232834,0.698183,0.677]],[[0.924069,-0.375806,0.0697594],[0.172576,0.247365,-0.95343],[0.341049,0.893073,0.293438]],[[0.924069,-0.375806,0.0697594],[0.0872141,0.0296137,-0.995749],[0.372143,0.926225,0.0601407]]],"btipPosition":[-13.9372,217.57,-19.1578],"carpPosition":[10.0922,277.425,80.3519],"dipPosition":[-7.07379,234.653,-18.0487],"direction":[-0.341049,-0.893073,-0.293438],"extended":false,"handId":819,"id":8193,"length":63.5974,"mcpPosition":[12.5208,289.866,19.8332],"pipPosition":[2.25207,259.073,-10.0247],"stabilizedTipPosition":[-16.2489,227.612,10.5834],"timeVisible":1.08459,"tipPosition":[-12.296,221.733,-19.4627],"tipVelocity":[25.6369,-21.8907,-195.266],"tool":false,"touchDistance":0.00606497,"touchZone":"hovering","type":3,"width":17.8439},{"bases":[[[0.851175,-0.522957,0.0449033],[0.491872,0.824581,0.279514],[-0.1832,-0.215829,0.959091]],[[0.776359,-0.560698,0.287897],[0.584376,0.469183,-0.662097],[0.23616,0.682265,0.691912]],[[0.776359,-0.560698,0.287897],[0.423365,0.125514,-0.897223],[0.466935,0.818452,0.334824]],[[0.776359,-0.560698,0.287897],[0.302395,-0.0694179,-0.950652],[0.553013,0.825106,0.115659]]],"btipPosition":[4.48314,227.031,-8.82751],"carpPosition":[20.6641,268.33,78.6502],"dipPosition":[13.8924,241.069,-6.85964],"direction":[-0.466935,-0.818452,-0.334824],"extended":false,"handId":819,"id":8194,"length":49.8592,"mcpPosition":[31.15,280.684,23.7545],"pipPosition":[22.9072,256.871,-0.395363],"stabilizedTipPosition":[2.87247,233.446,18.484],"timeVisible":1.08459,"tipPosition":[6.99709,230.667,-9.29046],"tipVelocity":[17.2243,-15.5955,-189.935],"tool":false,"touchDistance":0.20218,"touchZone":"hovering","type":4,"width":15.8503}],"r":[[0.948347,0.2066,0.240736],[-0.162284,0.967995,-0.19144],[-0.272582,0.142484,0.951524]],"s":0.914623,"t":[-17.1629,53.6031,-255.463],"timestamp":606886144826},false],[2,{"currentFrameRate":110.599,"devices":[],"gestures":[],"hands":[{"armBasis":[[0.840428,0.110892,-0.530456],[0.153844,0.889748,0.429745],[0.519627,-0.442778,0.730709]],"armWidth":62.898,"confidence":0.846755,"direction":[-0.0608843,0.363385,-0.929647],"elbow":[144.343,147.129,280.584],"grabStrength":0,"id":819,"palmNormal":[-0.149182,-0.924227,-0.351496],"palmPosition":[-5.45363,281.448,35.617],"palmVelocity":[0.608127,-11.9542,-210.197],"palmWidth":89.8162,"pinchStrength":0.964991,"r":[[0.94771,0.209775,0.240499],[-0.16544,0.967377,-0.191862],[-0.272901,0.142041,0.951498]],"s":0.916659,"sphereCenter":[-13.4936,241.492,2.42471],"sphereRadius":47.8203,"stabilizedPalmPosition":[11.003,228.757,288.649],"t":[-17.1984,53.4738,-257.464],"timeVisible":1.09362,"type":"right","wrist":[5.85397,265.137,85.838]}],"id":4417979,"interactionBox":{"center":[0,200,0],"size":[235.247,235.247,147.751]},"pointables":[{"bases":[[[0.518691,0.850366,0.0885259],[-0.703801,0.365902,0.608917],[0.485411,-0.378145,0.788279]],[[0.280727,0.930636,-0.234753],[-0.903522,0.338757,0.262473],[0.323791,0.138422,0.935948]],[[0.280727,0.930636,-0.234753],[-0.957238,0.253661,-0.139111],[-0.0699135,0.263767,0.962049]],[[0.280727,0.930636,-0.234753],[-0.918882,0.189955,-0.345792],[-0.277214,0.312784,0.908471]]],"btipPosition":[-30.5007,234.434,-11.1434],"carpPosition":[-23.3034,257.357,88.34],"dipPosition":[-36.9048,241.66,9.84384],"direction":[0.0699135,-0.263767,-0.962049],"extended":false,"handId":819,"id":8190,"length":51.4441,"mcpPosition":[-23.3034,257.357,88.34],"pipPosition":[-39.2578,250.537,42.2224],"stabilizedTipPosition":[-47.5011,216.067,214.088],"timeVisible":1.09362,"tipPosition":[-32.0161,235.866,-6.28888],"tipVelocity":[7.11174,-14.3282,-211.479],"tool":false,"touchDistance":-0.508728,"touchZone":"hovering","type":0,"width":19.9888},{"bases":[[[0.9627,-0.0546078,-0.265003],[0.114047,0.970062,0.214412],[0.24536,-0.236638,0.940107]],[[0.98453,-0.0814587,-0.155133],[0.0787028,0.996613,-0.0238347],[0.156549,0.0112566,0.987606]],[[0.98453,-0.0814587,-0.155133],[0.0600459,0.988606,-0.138034],[0.164609,0.126583,0.978203]],[[0.98453,-0.0814587,-0.155133],[0.0457422,0.974151,-0.22122],[0.169143,0.210701,0.962806]]],"btipPosition":[-44.4469,288.234,-65.3048],"carpPosition":[-13.2098,278.1,84.4253],"dipPosition":[-41.5943,291.788,-49.0669],"direction":[-0.164609,-0.126583,-0.978203],"extended":true,"handId":819,"id":8191,"length":58.0489,"mcpPosition":[-31.028,295.285,16.1542],"pipPosition":[-37.667,294.808,-25.7284],"stabilizedTipPosition":[-35.0141,252.62,190.445],"timeVisible":1.09362,"tipPosition":[-43.7763,288.013,-61.428],"tipVelocity":[-0.404362,6.66038,-213.379],"tool":false,"touchDistance":-0.522981,"touchZone":"hovering","type":1,"width":19.0933},{"bases":[[[0.953356,-0.250643,-0.168197],[0.28052,0.941434,0.187112],[0.111449,-0.225567,0.967832]],[[0.959735,-0.272114,-0.0697302],[0.135948,0.667162,-0.732402],[0.245818,0.693432,0.677292]],[[0.959735,-0.272114,-0.0697302],[0.0172588,0.304884,-0.952233],[0.280376,0.912688,0.297304]],[[0.959735,-0.272114,-0.0697302],[-0.0493732,0.0809615,-0.995494],[0.276533,0.958853,0.0642664]]],"btipPosition":[-33.9562,218.348,-27.362],"carpPosition":[-1.58563,279.211,81.0526],"dipPosition":[-28.8266,236.134,-26.1699],"direction":[-0.280376,-0.912688,-0.297304],"extended":false,"handId":819,"id":8192,"length":66.1421,"mcpPosition":[-9.26088,294.746,14.4],"pipPosition":[-20.9566,261.753,-17.8247],"stabilizedTipPosition":[-37.9858,229.734,3.11066],"timeVisible":1.09362,"tipPosition":[-32.6948,222.646,-27.7132],"tipVelocity":[24.3092,-20.8717,-199.216],"tool":false,"touchDistance":-0.106778,"touchZone":"hovering","type":2,"width":18.7521},{"bases":[[[0.935488,-0.351356,-0.0375632],[0.351326,0.913451,0.205374],[-0.0378471,-0.205321,0.977963]],[[0.925918,-0.371488,0.0683497],[0.300069,0.613515,-0.730451],[0.22942,0.696847,0.679537]],[[0.925918,-0.371488,0.0683497],[0.170927,0.250715,-0.952851],[0.336837,0.893945,0.295639]],[[0.925918,-0.371488,0.0683497],[0.0863999,0.0321426,-0.995742],[0.36771,0.927881,0.0618579]]],"btipPosition":[-13.6927,217.611,-21.2586],"carpPosition":[10.0777,277.206,78.4055],"dipPosition":[-6.91104,234.724,-20.1178],"direction":[-0.336837,-0.893945,-0.295639],"extended":false,"handId":819,"id":8193,"length":63.5974,"mcpPosition":[12.4178,289.902,17.9362],"pipPosition":[2.29965,259.169,-12.0336],"stabilizedTipPosition":[-16.2489,227.612,10.5834],"timeVisible":1.09362,"tipPosition":[-12.0742,221.782,-21.5593],"tipVelocity":[25.462,-14.4102,-205.348],"tool":false,"touchDistance":-0.0788262,"touchZone":"hovering","type":3,"width":17.8439},{"bases":[[[0.853825,-0.518825,0.0424639],[0.487818,0.82593,0.282619],[-0.181702,-0.220593,0.958292]],[[0.779093,-0.55796,0.285825],[0.581851,0.473844,-0.661001],[0.233375,0.681288,0.693817]],[[0.779093,-0.55796,0.285825],[0.420932,0.127712,-0.898057],[0.464576,0.819982,0.334363]],[[0.779093,-0.55796,0.285825],[0.299792,-0.0688256,-0.951519],[0.550581,0.827009,0.11365]]],"btipPosition":[4.61211,227.118,-10.7923],"carpPosition":[20.6947,268.173,76.6631],"dipPosition":[13.9799,241.189,-8.85858],"direction":[-0.464576,-0.819982,-0.334363],"extended":false,"handId":819,"id":8194,"length":49.8592,"mcpPosition":[31.0948,280.799,21.8132],"pipPosition":[22.9493,257.02,-2.4032],"stabilizedTipPosition":[2.87279,233.446,18.4816],"timeVisible":1.09362,"tipPosition":[7.11668,230.751,-11.2611],"tipVelocity":[16.1248,-8.42365,-197.799],"tool":false,"touchDistance":0.169302,"touchZone":"hovering","type":4,"width":15.8503}],"r":[[0.94771,0.209775,0.240499],[-0.16544,0.967377,-0.191862],[-0.272901,0.142041,0.951498]],"s":0.916659,"t":[-17.1984,53.4738,-257.464],"timestamp":606886153854},false],[3,{"currentFrameRate":110.588,"devices":[],"gestures":[],"hands":[{"armBasis":[[0.843413,0.113315,-0.525181],[0.146526,0.891936,0.427761],[0.516899,-0.437732,0.735667]],"armWidth":62.898,"confidence":0.850858,"direction":[-0.0635523,0.363034,-0.929606],"elbow":[143.554,148.412,279.984],"grabStrength":0,"id":819,"palmNormal":[-0.141732,-0.925331,-0.351675],"palmPosition":[-5.6334,281.303,33.6953],"palmVelocity":[-5.0389,-13.0793,-210.714],"palmWidth":89.8162,"pinchStrength":0.971909,"r":[[0.946842,0.213815,0.240361],[-0.169494,0.966612,-0.192177],[-0.273426,0.141222,0.95147]],"s":0.918508,"sphereCenter":[-13.2347,241.52,0.506118],"sphereRadius":47.6394,"stabilizedPalmPosition":[11.003,228.757,288.649],"t":[-17.306,53.3366,-259.425],"timeVisible":1.10268,"type":"right","wrist":[5.79163,265.075,83.9164]}],"id":4417980,"interactionBox":{"center":[0,200,0],"size":[235.247,235.247,147.751]},"pointables":[{"bases":[[[0.511882,0.854456,0.0887824],[-0.706839,0.360191,0.608803],[0.488217,-0.37439,0.788338]],[[0.273565,0.932878,-0.234308],[-0.906014,0.331713,0.262877],[0.322955,0.140373,0.935946]],[[0.273565,0.932878,-0.234308],[-0.959087,0.246098,-0.139955],[-0.0728984,0.263009,0.962035]],[[0.273565,0.932878,-0.234308],[-0.920531,0.183291,-0.345002],[-0.278898,0.310069,0.908886]]],"btipPosition":[-30.3202,234.131,-13.0822],"carpPosition":[-23.3034,257.063,86.4102],"dipPosition":[-36.7632,241.294,7.91461],"direction":[0.0728984,-0.263009,-0.962035],"extended":false,"handId":819,"id":8190,"length":51.4441,"mcpPosition":[-23.3034,257.063,86.4102],"pipPosition":[-39.2166,250.146,40.2927],"stabilizedTipPosition":[-47.5009,216.068,214.085],"timeVisible":1.10268,"tipPosition":[-31.8334,235.543,-8.22545],"tipVelocity":[10.3756,-20.0374,-212.094],"tool":false,"touchDistance":-0.515238,"touchZone":"hovering","type":0,"width":19.9888},{"bases":[[[0.963168,-0.0468984,-0.264778],[0.106266,0.970906,0.214589],[0.247011,-0.234823,0.94013]],[[0.985184,-0.0735907,-0.154911],[0.0711786,0.997241,-0.021068],[0.156034,0.00972952,0.987704]],[[0.985184,-0.0735907,-0.154911],[0.052614,0.989392,-0.135405],[0.163232,0.125248,0.978605]],[[0.985184,-0.0735907,-0.154911],[0.0384281,0.975015,-0.218792],[0.167142,0.209597,0.963396]]],"btipPosition":[-44.643,288.003,-67.2544],"carpPosition":[-13.3744,277.886,82.5012],"dipPosition":[-41.8241,291.538,-51.0065],"direction":[-0.163232,-0.125248,-0.978605],"extended":true,"handId":819,"id":8191,"length":58.0489,"mcpPosition":[-31.3125,294.939,14.2284],"pipPosition":[-37.9296,294.526,-27.6583],"stabilizedTipPosition":[-35.0141,252.62,190.445],"timeVisible":1.10268,"tipPosition":[-43.9777,287.772,-63.377],"tipVelocity":[-6.50396,-2.3521,-213.793],"tool":false,"touchDistance":-0.528224,"touchZone":"hovering","type":1,"width":19.0933},{"bases":[[[0.955362,-0.243017,-0.168005],[0.272969,0.943609,0.187325],[0.113008,-0.224823,0.967824]],[[0.961863,-0.264153,-0.0710092],[0.128966,0.666893,-0.733908],[0.24122,0.696761,0.675527]],[[0.961863,-0.264153,-0.0710092],[0.0114294,0.298189,-0.954438],[0.273292,0.917228,0.289836]],[[0.961863,-0.264153,-0.0710092],[-0.0540637,0.0708856,-0.996018],[0.268135,0.961872,0.0539012]]],"btipPosition":[-33.6632,217.834,-28.7967],"carpPosition":[-1.75866,279.09,79.1315],"dipPosition":[-28.6894,235.676,-27.7969],"direction":[-0.273292,-0.917228,-0.289836],"extended":false,"handId":819,"id":8192,"length":66.1421,"mcpPosition":[-9.54132,294.573,12.4793],"pipPosition":[-21.0182,261.422,-19.6613],"stabilizedTipPosition":[-37.9858,229.734,3.11066],"timeVisible":1.10268,"tipPosition":[-32.4253,222.183,-29.2912],"tipVelocity":[25.433,-30.3952,-189.27],"tool":false,"touchDistance":-0.131427,"touchZone":"hovering","type":2,"width":18.7521},{"bases":[[[0.938265,-0.34389,-0.0373909],[0.343991,0.916187,0.205599],[-0.0364464,-0.205769,0.977922]],[[0.929103,-0.36378,0.0665729],[0.291059,0.608231,-0.738471],[0.228149,0.705493,0.67099]],[[0.929103,-0.36378,0.0665729],[0.159592,0.232003,-0.959534],[0.333614,0.90213,0.273611]],[[0.929103,-0.36378,0.0665729],[0.0745191,0.00783508,-0.997189],[0.362236,0.931452,0.0343882]]],"btipPosition":[-13.691,216.94,-21.6888],"carpPosition":[9.92087,277.178,76.4869],"dipPosition":[-7.01026,234.118,-21.0546],"direction":[-0.333614,-0.90213,-0.273611],"extended":false,"handId":819,"id":8193,"length":63.5974,"mcpPosition":[12.1744,289.901,16.02],"pipPosition":[2.1123,258.787,-13.5728],"stabilizedTipPosition":[-16.2489,227.612,10.5834],"timeVisible":1.10268,"tipPosition":[-11.9814,221.268,-22.4609],"tipVelocity":[17.7752,-30.431,-165.298],"tool":false,"touchDistance":-0.0879389,"touchZone":"hovering","type":3,"width":17.8439},{"bases":[[[0.85792,-0.512016,0.0425907],[0.481158,0.829744,0.282865],[-0.180171,-0.222182,0.958214]],[[0.783536,-0.551762,0.285709],[0.575828,0.472063,-0.667517],[0.233438,0.687543,0.687599]],[[0.783536,-0.551762,0.285709],[0.411737,0.116694,-0.9038],[0.465342,0.825797,0.318615]],[[0.783536,-0.551762,0.285709],[0.289014,-0.0834119,-0.953684],[0.550038,0.82982,0.0941105]]],"btipPosition":[4.43193,226.887,-11.8517],"carpPosition":[20.6099,268.23,74.7456],"dipPosition":[13.7905,241.006,-10.2505],"direction":[-0.465342,-0.825797,-0.318615],"extended":false,"handId":819,"id":8194,"length":49.8592,"mcpPosition":[30.9224,280.947,19.9001],"pipPosition":[22.7747,256.949,-4.09917],"stabilizedTipPosition":[2.873,233.446,18.4799],"timeVisible":1.10268,"tipPosition":[7.03859,230.559,-12.5412],"tipVelocity":[6.11541,-12.7845,-177.79],"tool":false,"touchDistance":0.15037,"touchZone":"hovering","type":4,"width":15.8503}],"r":[[0.946842,0.213815,0.240361],[-0.169494,0.966612,-0.192177],[-0.273426,0.141222,0.95147]],"s":0.918508,"t":[-17.306,53.3366,-259.425],"timestamp":606886162916},false],[4,{"currentFrameRate":110.572,"devices":[],"gestures":[],"hands":[{"armBasis":[[0.844853,0.112318,-0.523076],[0.143634,0.8942,0.423999],[0.515357,-0.433349,0.739335]],"armWidth":62.898,"confidence":0.854417,"direction":[-0.0658459,0.365594,-0.928442],"elbow":[143.219,149.414,279.504],"grabStrength":0,"id":819,"palmNormal":[-0.139021,-0.924748,-0.35428],"palmPosition":[-5.66984,281.249,32.2993],"palmVelocity":[-4.75643,-11.1185,-195.009],"palmWidth":89.8162,"pinchStrength":0.977054,"r":[[0.946044,0.217538,0.240161],[-0.17343,0.965987,-0.191812],[-0.273718,0.139811,0.951594]],"s":0.920234,"sphereCenter":[-12.9079,241.767,-1.02763],"sphereRadius":47.4693,"stabilizedPalmPosition":[11.003,228.757,288.649],"t":[-17.3781,53.2408,-261.104],"timeVisible":1.11175,"type":"right","wrist":[5.86765,264.909,82.4586]}],"id":4417981,"interactionBox":{"center":[0,200,0],"size":[235.247,235.247,147.751]},"pointables":[{"bases":[[[0.509103,0.855908,0.0907539],[-0.707346,0.355985,0.610685],[0.490383,-0.375096,0.786656]],[[0.270173,0.934491,-0.231803],[-0.906669,0.327946,0.265334],[0.323971,0.138482,0.935877]],[[0.270173,0.934491,-0.231803],[-0.960036,0.243202,-0.138507],[-0.0730589,0.25996,0.962852]],[[0.270173,0.934491,-0.231803],[-0.92192,0.18167,-0.34214],[-0.277616,0.306141,0.910608]]],"btipPosition":[-30.2884,234.146,-14.5947],"carpPosition":[-23.1974,256.791,84.9615],"dipPosition":[-36.7018,241.219,6.44193],"direction":[0.0730589,-0.25996,-0.962852],"extended":false,"handId":819,"id":8190,"length":51.4441,"mcpPosition":[-23.1974,256.791,84.9615],"pipPosition":[-39.1606,249.968,38.8475],"stabilizedTipPosition":[-47.5008,216.068,214.083],"timeVisible":1.11175,"tipPosition":[-31.7815,235.539,-9.72936],"tipVelocity":[8.68408,-14.6667,-199.278],"tool":false,"touchDistance":-0.514597,"touchZone":"hovering","type":0,"width":19.9888},{"bases":[[[0.963015,-0.0428597,-0.266017],[0.103243,0.970613,0.217372],[0.248883,-0.236797,0.93914]],[[0.985248,-0.0698077,-0.156249],[0.0684335,0.997555,-0.0141636],[0.156856,0.00326202,0.987616]],[[0.985248,-0.0698077,-0.156249],[0.0498384,0.990488,-0.12826],[0.163716,0.118581,0.979355]],[[0.985248,-0.0698077,-0.156249],[0.0356351,0.976694,-0.211658],[0.167383,0.202968,0.964773]]],"btipPosition":[-44.7981,288.465,-68.6175],"carpPosition":[-13.3431,277.66,81.1035],"dipPosition":[-41.9751,291.889,-52.3464],"direction":[-0.163716,-0.118581,-0.979355],"extended":true,"handId":819,"id":8191,"length":58.0489,"mcpPosition":[-31.4171,294.856,12.9026],"pipPosition":[-38.0691,294.718,-28.9804],"stabilizedTipPosition":[-35.0141,252.62,190.445],"timeVisible":1.11175,"tipPosition":[-44.1366,288.175,-64.736],"tipVelocity":[-9.40338,11.6029,-196.073],"tool":false,"touchDistance":-0.524102,"touchZone":"hovering","type":1,"width":19.0933},{"bases":[[[0.955981,-0.239292,-0.169823],[0.270005,0.94396,0.189835],[0.11488,-0.227332,0.967017]],[[0.962643,-0.260473,-0.0739749],[0.124486,0.668345,-0.733361],[0.240461,0.696756,0.675803]],[[0.962643,-0.260473,-0.0739749],[0.00669254,0.296003,-0.955164],[0.270691,0.918987,0.286688]],[[0.962643,-0.260473,-0.0739749],[-0.0585123,0.0666364,-0.99606],[0.264376,0.963179,0.0489062]]],"btipPosition":[-33.5899,217.756,-29.9806],"carpPosition":[-1.7353,278.913,77.7242],"dipPosition":[-28.6859,235.623,-29.0734],"direction":[-0.270691,-0.918987,-0.286688],"extended":false,"handId":819,"id":8192,"length":66.1421,"mcpPosition":[-9.64687,294.569,11.1276],"pipPosition":[-21.0877,261.418,-21.0262],"stabilizedTipPosition":[-37.9858,229.734,3.11048],"timeVisible":1.11175,"tipPosition":[-32.3628,222.135,-30.5516],"tipVelocity":[20.1463,-24.187,-173.676],"tool":false,"touchDistance":-0.151513,"touchZone":"hovering","type":2,"width":18.7521},{"bases":[[[0.939374,-0.340612,-0.0394918],[0.34114,0.916723,0.207947],[-0.0346261,-0.208812,0.977343]],[[0.930587,-0.360601,0.0630476],[0.285272,0.606421,-0.742208],[0.229408,0.708675,0.667197]],[[0.930587,-0.360601,0.0630476],[0.15167,0.223047,-0.962936],[0.333173,0.905658,0.262256]],[[0.930587,-0.360601,0.0630476],[0.0660302,-0.00405617,-0.997809],[0.360067,0.932711,0.0200359]]],"btipPosition":[-13.7803,216.738,-22.3369],"carpPosition":[9.94755,277.048,75.0605],"dipPosition":[-7.13959,233.94,-21.9673],"direction":[-0.333173,-0.905658,-0.262256],"extended":false,"handId":819,"id":8193,"length":63.5974,"mcpPosition":[12.0885,289.96,14.6295],"pipPosition":[1.97092,258.705,-14.796],"stabilizedTipPosition":[-16.2489,227.612,10.5834],"timeVisible":1.11175,"tipPosition":[-12.0339,221.123,-23.3129],"tipVelocity":[9.85902,-27.9997,-141.209],"tool":false,"touchDistance":-0.0997541,"touchZone":"hovering","type":3,"width":17.8439},{"bases":[[[0.859687,-0.509246,0.0400781],[0.478686,0.830512,0.284796],[-0.178317,-0.225651,0.95775]],[[0.785918,-0.549924,0.282695],[0.568686,0.463361,-0.679627],[0.242753,0.694896,0.676898]],[[0.785918,-0.549924,0.282695],[0.393823,0.0927192,-0.914498],[0.476693,0.830052,0.289442]],[[0.785918,-0.549924,0.282695],[0.265748,-0.112406,-0.957467],[0.558311,0.827616,0.0578]]],"btipPosition":[3.69553,226.696,-11.736],"carpPosition":[20.6646,268.141,73.2803],"dipPosition":[13.1949,240.777,-10.7526],"direction":[-0.476693,-0.830052,-0.289442],"extended":false,"handId":819,"id":8194,"length":49.8592,"mcpPosition":[30.871,281.057,18.4614],"pipPosition":[22.3982,256.803,-5.16445],"stabilizedTipPosition":[2.87313,233.445,18.4786],"timeVisible":1.11175,"tipPosition":[6.52142,230.423,-12.8443],"tipVelocity":[-17.0287,-15.3376,-129.449],"tool":false,"touchDistance":0.149931,"touchZone":"hovering","type":4,"width":15.8503}],"r":[[0.946044,0.217538,0.240161],[-0.17343,0.965987,-0.191812],[-0.273718,0.139811,0.951594]],"s":0.920234,"t":[-17.3781,53.2408,-261.104],"timestamp":606886171987},false],[5,{"currentFrameRate":110.603,"devices":[],"gestures":[],"hands":[{"armBasis":[[0.845727,0.110711,-0.522005],[0.143081,0.89537,0.421711],[0.514076,-0.431342,0.741398]],"armWidth":62.898,"confidence":0.856167,"direction":[-0.0679957,0.366394,-0.927972],"elbow":[142.975,149.833,278.986],"grabStrength":0,"id":819,"palmNormal":[-0.138487,-0.924587,-0.35491],"palmPosition":[-5.68467,281.166,31.2678],"palmVelocity":[-3.90439,-10.5999,-172.998],"palmWidth":89.8162,"pinchStrength":0.99143,"r":[[0.945426,0.220709,0.2397],[-0.176893,0.965466,-0.191271],[-0.273638,0.138432,0.951819]],"s":0.92219,"sphereCenter":[-13.0391,241.899,-2.06475],"sphereRadius":47.3827,"stabilizedPalmPosition":[11.003,228.757,288.649],"t":[-17.4215,53.1515,-262.459],"timeVisible":1.12074,"type":"right","wrist":[5.96461,264.793,81.3905]}],"id":4417982,"interactionBox":{"center":[0,200,0],"size":[235.247,235.247,147.751]},"pointables":[{"bases":[[[0.508178,0.856469,0.0906478],[-0.706689,0.354501,0.612307],[0.492287,-0.375221,0.785406]],[[0.268596,0.935055,-0.231362],[-0.906406,0.326638,0.267837],[0.326014,0.137767,0.935273]],[[0.268596,0.935055,-0.231362],[-0.960545,0.242002,-0.137072],[-0.0721801,0.25905,0.963163]],[[0.268596,0.935055,-0.231362],[-0.923566,0.181757,-0.337624],[-0.273646,0.304362,0.912404]]],"btipPosition":[-30.3984,234.098,-15.64],"carpPosition":[-23.0855,256.636,83.9384],"dipPosition":[-36.7201,241.129,5.43808],"direction":[0.0721801,-0.25905,-0.963163],"extended":false,"handId":819,"id":8190,"length":51.4441,"mcpPosition":[-23.0855,256.636,83.9384],"pipPosition":[-39.1494,249.848,37.8541],"stabilizedTipPosition":[-47.5007,216.068,214.081],"timeVisible":1.12074,"tipPosition":[-31.8482,235.483,-10.7622],"tipVelocity":[3.5879,-12.4119,-176.229],"tool":false,"touchDistance":-0.507007,"touchZone":"hovering","type":0,"width":19.9888},{"bases":[[[0.962584,-0.0413795,-0.267804],[0.102403,0.970536,0.218111],[0.250888,-0.237375,0.938461]],[[0.985046,-0.0683956,-0.158135],[0.0677918,0.997657,-0.00921573],[0.158395,-0.00164236,0.987374]],[[0.985046,-0.0683956,-0.158135],[0.0491215,0.991223,-0.122733],[0.165142,0.11313,0.97976]],[[0.985046,-0.0683956,-0.158135],[0.0348518,0.977956,-0.205882],[0.168731,0.197292,0.965715]]],"btipPosition":[-44.9874,288.802,-69.6046],"carpPosition":[-13.2647,277.521,80.0825],"dipPosition":[-42.1417,292.129,-53.3176],"direction":[-0.165142,-0.11313,-0.97976],"extended":true,"handId":819,"id":8191,"length":58.0489,"mcpPosition":[-31.4844,294.759,11.9309],"pipPosition":[-38.2017,294.828,-29.9419],"stabilizedTipPosition":[-35.0141,252.62,190.445],"timeVisible":1.12074,"tipPosition":[-44.3261,288.455,-65.7186],"tipVelocity":[-12.4421,18.0168,-172.304],"tool":false,"touchDistance":-0.514776,"touchZone":"hovering","type":1,"width":19.0933},{"bases":[[[0.955975,-0.237912,-0.171785],[0.269148,0.944121,0.190247],[0.116924,-0.228107,0.96659]],[[0.962776,-0.258642,-0.0785277],[0.118108,0.663858,-0.738474],[0.243132,0.70171,0.669694]],[[0.962776,-0.258642,-0.0785277],[-0.00231903,0.282605,-0.959234],[0.270291,0.923709,0.271486]],[[0.962776,-0.258642,-0.0785277],[-0.067974,0.0495115,-0.996458],[0.261614,0.964703,0.0300876]]],"btipPosition":[-33.7247,217.292,-29.9256],"carpPosition":[-1.66473,278.792,76.6833],"dipPosition":[-28.8719,235.187,-29.3675],"direction":[-0.270291,-0.923709,-0.271486],"extended":false,"handId":819,"id":8192,"length":66.1421,"mcpPosition":[-9.71706,294.501,10.1161],"pipPosition":[-21.2849,261.115,-21.747],"stabilizedTipPosition":[-37.9856,229.734,3.10936],"timeVisible":1.12074,"tipPosition":[-32.4816,221.788,-30.8004],"tipVelocity":[10.1479,-31.5256,-126.814],"tool":false,"touchDistance":-0.151934,"touchZone":"hovering","type":2,"width":18.7521},{"bases":[[[0.939734,-0.339377,-0.0415206],[0.340351,0.916958,0.208203],[-0.0325867,-0.209787,0.977204]],[[0.931178,-0.359448,0.0608633],[0.28292,0.607208,-0.742465],[0.229921,0.708587,0.667114]],[[0.931178,-0.359448,0.0608633],[0.148532,0.221595,-0.96376],[0.332935,0.906473,0.259734]],[[0.931178,-0.359448,0.0608633],[0.0626014,-0.00681424,-0.998015],[0.35915,0.93314,0.0161567]]],"btipPosition":[-13.8375,216.668,-23.248],"carpPosition":[10.0156,276.945,73.9966],"dipPosition":[-7.21373,233.878,-22.95],"direction":[-0.332935,-0.906473,-0.259734],"extended":false,"handId":819,"id":8193,"length":63.5974,"mcpPosition":[12.0305,289.916,13.5742],"pipPosition":[1.89026,258.665,-15.8477],"stabilizedTipPosition":[-16.2489,227.612,10.5834],"timeVisible":1.12074,"tipPosition":[-12.1032,221.038,-24.2208],"tipVelocity":[5.29022,-22.3933,-130.785],"tool":false,"touchDistance":-0.115214,"touchZone":"touching","type":3,"width":17.8439},{"bases":[[[0.860406,-0.508188,0.0380326],[0.478145,0.83085,0.284721],[-0.176291,-0.22679,0.957856]],[[0.786894,-0.549245,0.281295],[0.56687,0.463266,-0.681207],[0.243835,0.695495,0.675893]],[[0.786894,-0.549245,0.281295],[0.389729,0.0889078,-0.916628],[0.478445,0.830918,0.284018]],[[0.786894,-0.549245,0.281295],[0.26025,-0.117942,-0.958311],[0.559524,0.827296,0.0501335]]],"btipPosition":[3.56352,226.641,-12.5636],"carpPosition":[20.7408,268.053,72.1885],"dipPosition":[13.0835,240.717,-11.7106],"direction":[-0.478445,-0.830918,-0.284018],"extended":false,"handId":819,"id":8194,"length":49.8592,"mcpPosition":[30.8312,281.034,17.3635],"pipPosition":[22.3206,256.759,-6.22723],"stabilizedTipPosition":[2.87323,233.445,18.4776],"timeVisible":1.12074,"tipPosition":[6.36239,230.332,-13.6539],"tipVelocity":[-16.2416,-12.8601,-120.115],"tool":false,"touchDistance":0.135638,"touchZone":"hovering","type":4,"width":15.8503}],"r":[[0.945426,0.220709,0.2397],[-0.176893,0.965466,-0.191271],[-0.273638,0.138432,0.951819]],"s":0.92219,"t":[-17.4215,53.1515,-262.459],"timestamp":606886180975},false],[6,{"currentFrameRate":110.592,"devices":[],"gestures":[],"hands":[{"armBasis":[[0.845827,0.102875,-0.523443],[0.144197,0.900612,0.410007],[0.513598,-0.422274,0.746928]],"armWidth":62.898,"confidence":0.843978,"direction":[-0.0686641,0.365434,-0.928301],"elbow":[142.655,152.283,278.661],"grabStrength":0,"id":819,"palmNormal":[-0.140245,-0.924793,-0.35368],"palmPosition":[-5.91827,281.158,29.4657],"palmVelocity":[-9.94593,-7.90852,-180.153],"palmWidth":89.8162,"pinchStrength":1,"r":[[0.945048,0.223033,0.239042],[-0.179438,0.965047,-0.191012],[-0.273289,0.137623,0.952036]],"s":0.924389,"sphereCenter":[-13.4486,242.115,-3.78799],"sphereRadius":47.2479,"stabilizedPalmPosition":[11.003,228.757,288.648],"t":[-17.56,53.1029,-264.038],"timeVisible":1.1298,"type":"right","wrist":[5.77192,264.826,79.5921]}],"id":4417983,"interactionBox":{"center":[0,200,0],"size":[235.247,235.247,147.751]},"pointables":[{"bases":[[[0.509502,0.855852,0.0890237],[-0.705405,0.356196,0.612804],[0.49276,-0.375023,0.785204]],[[0.26963,0.934411,-0.232758],[-0.905585,0.328234,0.26866],[0.327438,0.138343,0.93469]],[[0.26963,0.934411,-0.232758],[-0.960352,0.243134,-0.136418],[-0.0708791,0.260312,0.962919]],[[0.26963,0.934411,-0.232758],[-0.923828,0.182794,-0.336346],[-0.271739,0.305717,0.912521]]],"btipPosition":[-30.7573,234.072,-17.3578],"carpPosition":[-23.2864,256.713,82.1864],"dipPosition":[-37.035,241.135,3.72296],"direction":[0.0708791,-0.260312,-0.962919],"extended":false,"handId":819,"id":8190,"length":51.4441,"mcpPosition":[-23.2864,256.713,82.1864],"pipPosition":[-39.4205,249.896,36.1308],"stabilizedTipPosition":[-47.5006,216.068,214.08],"timeVisible":1.1298,"tipPosition":[-32.1983,235.466,-12.4791],"tipVelocity":[-8.03342,-9.53722,-179.904],"tool":false,"touchDistance":-0.510398,"touchZone":"hovering","type":0,"width":19.9888},{"bases":[[[0.962182,-0.0430442,-0.268985],[0.104052,0.970638,0.216875],[0.251752,-0.236662,0.938409]],[[0.984759,-0.069989,-0.159223],[0.0699389,0.997534,-0.00592544],[0.159245,-0.00530079,0.987225]],[[0.984759,-0.069989,-0.159223],[0.0512488,0.991582,-0.118903],[0.166205,0.108931,0.980056]],[[0.984759,-0.069989,-0.159223],[0.0369258,0.978723,-0.201835],[0.169962,0.192879,0.96639]]],"btipPosition":[-45.3087,289.138,-71.4013],"carpPosition":[-13.4411,277.579,78.2941],"dipPosition":[-42.4422,292.391,-55.1029],"direction":[-0.166205,-0.108931,-0.980056],"extended":true,"handId":819,"id":8191,"length":58.0489,"mcpPosition":[-31.7235,294.766,10.1463],"pipPosition":[-38.4768,294.99,-31.7201],"stabilizedTipPosition":[-35.0141,252.62,190.445],"timeVisible":1.1298,"tipPosition":[-44.6545,288.739,-67.5094],"tipVelocity":[-18.6523,22.7746,-179.407],"tool":false,"touchDistance":-0.518544,"touchZone":"hovering","type":1,"width":19.0933},{"bases":[[[0.955418,-0.239458,-0.172734],[0.270724,0.943956,0.188828],[0.117837,-0.227172,0.966699]],[[0.962236,-0.25955,-0.0820658],[0.113684,0.657082,-0.745197],[0.24734,0.707726,0.661775]],[[0.962236,-0.25955,-0.0820658],[-0.0100908,0.267257,-0.963573],[0.272028,0.928013,0.254545]],[[0.962236,-0.25955,-0.0820658],[-0.0766312,0.0310058,-0.996577],[0.261206,0.965232,0.0099453]]],"btipPosition":[-34.2079,216.849,-30.5118],"carpPosition":[-1.84366,278.83,74.8787],"dipPosition":[-29.3627,234.753,-30.3273],"direction":[-0.272028,-0.928013,-0.254545],"extended":false,"handId":819,"id":8192,"length":66.1421,"mcpPosition":[-9.95885,294.475,8.30402],"pipPosition":[-21.727,260.802,-23.1823],"stabilizedTipPosition":[-37.9852,229.733,3.10703],"timeVisible":1.1298,"tipPosition":[-32.9465,221.433,-31.6517],"tipVelocity":[-7.43468,-36.2523,-112.282],"tool":false,"touchDistance":-0.163137,"touchZone":"touching","type":2,"width":18.7521},{"bases":[[[0.9392,-0.340751,-0.0423332],[0.341911,0.916713,0.206724],[-0.0316341,-0.208629,0.977483]],[[0.930802,-0.360621,0.0596695],[0.281381,0.602725,-0.746691],[0.233308,0.711811,0.66249]],[[0.930802,-0.360621,0.0596695],[0.143988,0.211699,-0.96667],[0.33597,0.90837,0.248975]],[[0.930802,-0.360621,0.0596695],[0.0567369,-0.0187234,-0.998214],[0.361094,0.932524,0.00303275]]],"btipPosition":[-14.3496,216.433,-24.3425],"carpPosition":[9.83064,276.963,72.1792],"dipPosition":[-7.68999,233.631,-24.2865],"direction":[-0.33597,-0.90837,-0.248975],"extended":false,"handId":819,"id":8193,"length":63.5974,"mcpPosition":[11.7866,289.863,11.7396],"pipPosition":[1.49698,258.47,-17.4784],"stabilizedTipPosition":[-16.2489,227.612,10.5834],"timeVisible":1.1298,"tipPosition":[-12.587,220.823,-25.4579],"tipVelocity":[-11.528,-23.4709,-129.725],"tool":false,"touchDistance":-0.134383,"touchZone":"touching","type":3,"width":17.8439},{"bases":[[[0.859736,-0.50936,0.0375133],[0.479681,0.830496,0.283164],[-0.175387,-0.225452,0.958338]],[[0.786553,-0.550019,0.280735],[0.565234,0.458171,-0.685996],[0.248686,0.698253,0.671266]],[[0.786553,-0.550019,0.280735],[0.383105,0.0780765,-0.920399],[0.484319,0.831494,0.272126]],[[0.786553,-0.550019,0.280735],[0.25099,-0.130625,-0.959136],[0.564214,0.824873,0.0353062]]],"btipPosition":[2.94939,226.499,-13.7688],"carpPosition":[20.5409,268.054,70.3675],"dipPosition":[12.5492,240.534,-13.1681],"direction":[-0.484319,-0.831494,-0.272126],"extended":false,"handId":819,"id":8194,"length":49.8592,"mcpPosition":[30.5796,280.958,15.515],"pipPosition":[21.8997,256.587,-7.91427],"stabilizedTipPosition":[2.8733,233.445,18.4766],"timeVisible":1.1298,"tipPosition":[5.78861,230.166,-14.9546],"tipVelocity":[-29.915,-13.9047,-125.448],"tool":false,"t