{"sensorType":"Leap","data":[[0,{"currentFrameRate":110.577,"devices":[],"gestures":[],"hands":[{"armBasis":[[0.82241,0.157689,-0.546604],[0.220313,0.797562,0.561566],[0.524503,-0.582262,0.621183]],"armWidth":63.72,"confidence":0.78541,"direction":[-0.0601234,0.346067,-0.936281],"elbow":[127.63,123.19,261.331],"grabStrength":0,"id":813,"palmNormal":[-0.211962,-0.921013,-0.326812],"palmPosition":[-25.5835,296.472,42.6219],"palmVelocity":[3.02133,35.6484,-136.433],"palmWidth":90.99,"pinchStrength":1,"r":[[0.977824,0.199344,0.0642103],[-0.165362,0.923027,-0.347385],[-0.128517,0.329063,0.935522]],"s":0.891507,"sphereCenter":[-31.9716,254.134,8.41836],"sphereRadius":50.0419,"stabilizedPalmPosition":[-21.544,272.795,153.266],"t":[5.84856,90.083,-153.439],"timeVisible":9.54464,"type":"right","wrist":[-13.9857,280.4,93.6116]}],"id":4414416,"interactionBox":{"center":[0,200,0],"size":[235.247,235.247,147.751]},"pointables":[{"bases":[[[0.570362,0.819357,0.0578113],[-0.666761,0.420735,0.615152],[0.479705,-0.389405,0.786286]],[[0.352918,0.905241,-0.236616],[-0.87171,0.409995,0.268376],[0.339956,0.111546,0.933802]],[[0.352918,0.905241,-0.236616],[-0.931059,0.364802,0.00695681],[0.0926157,0.217849,0.971578]],[[0.352918,0.905241,-0.236616],[-0.852267,0.206655,-0.480557],[-0.386122,0.371258,0.844439]]],"btipPosition":[-54.9677,252.682,-2.54688],"carpPosition":[-43.8767,274.367,96.9558],"dipPosition":[-64.0043,261.371,17.216],"direction":[-0.0926157,-0.217849,-0.971578],"extended":false,"handId":813,"id":8130,"length":52.1164,"mcpPosition":[-43.8767,274.367,96.9558],"pipPosition":[-60.8465,268.798,50.3426],"stabilizedTipPosition":[-75.3447,244.998,106.227],"timeVisible":9.54464,"tipPosition":[-57.6555,254.489,1.9078],"tipVelocity":[12.8176,51.268,-147.775],"tool":false,"touchDistance":-0.49162,"touchZone":"touching","type":0,"width":20.25},{"bases":[[[0.951484,-0.118163,-0.284104],[0.17653,0.965884,0.189486],[0.252021,-0.230446,0.939883]],[[0.975476,-0.145965,-0.164742],[0.144341,0.989287,-0.0218501],[0.166167,-0.00246478,0.986095]],[[0.975476,-0.145965,-0.164742],[0.125803,0.983911,-0.126857],[0.180608,0.103021,0.978145]],[[0.975476,-0.145965,-0.164742],[0.111033,0.972594,-0.204287],[0.190046,0.180985,0.964949]]],"btipPosition":[-65.8007,306.114,-59.3516],"carpPosition":[-32.5083,294.636,92.2892],"dipPosition":[-62.5537,309.206,-42.8648],"direction":[-0.180608,-0.103021,-0.978145],"extended":true,"handId":813,"id":8131,"length":58.8075,"mcpPosition":[-51.0494,311.59,23.1423],"pipPosition":[-58.1883,311.696,-19.2227],"stabilizedTipPosition":[-70.1366,290.241,55.8268],"timeVisible":9.54464,"tipPosition":[-64.6517,306.292,-55.5702],"tipVelocity":[11.9158,57.8417,-140.004],"tool":false,"touchDistance":-0.499241,"touchZone":"touching","type":1,"width":19.3428},{"bases":[[[0.932657,-0.311128,-0.182622],[0.340339,0.926708,0.159316],[0.11967,-0.210741,0.970189]],[[0.939384,-0.327602,-0.101167],[0.205783,0.77471,-0.597895],[0.274247,0.540834,0.795165]],[[0.939384,-0.327602,-0.101167],[-0.0581038,0.138691,-0.98863],[0.337908,0.934581,0.111249]],[[0.939384,-0.327602,-0.101167],[-0.207744,-0.309099,-0.928063],[0.272764,0.892824,-0.358419]]],"btipPosition":[-57.069,240.257,-13.8461],"carpPosition":[-20.7664,294.977,88.5974],"dipPosition":[-51.9432,257.035,-20.5815],"direction":[-0.337908,-0.934581,-0.111249],"extended":false,"handId":813,"id":8132,"length":67.0064,"mcpPosition":[-29.1155,309.68,20.9093],"pipPosition":[-42.3343,283.611,-17.418],"stabilizedTipPosition":[-53.6978,246.376,14.163],"timeVisible":9.54464,"tipPosition":[-55.6945,244.725,-16.3474],"tipVelocity":[-4.68096,24.6247,-99.8692],"tool":false,"touchDistance":-0.419277,"touchZone":"touching","type":2,"width":18.9972},{"bases":[[[0.911774,-0.407717,-0.049347],[0.409745,0.894921,0.176708],[-0.0278851,-0.181337,0.983026]],[[0.905513,-0.42245,0.0397831],[0.362899,0.722442,-0.588542],[0.219889,0.54737,0.807487]],[[0.905513,-0.42245,0.0397831],[0.0851018,0.0889583,-0.992393],[0.415697,0.90201,0.116504]],[[0.905513,-0.42245,0.0397831],[-0.118883,-0.342585,-0.931935],[0.407325,0.839149,-0.360437]]],"btipPosition":[-36.3605,238.417,-8.43549],"carpPosition":[-9.15664,292.181,85.7124],"dipPosition":[-28.7501,254.096,-15.1699],"direction":[-0.415697,-0.90201,-0.116504],"extended":false,"handId":813,"id":8133,"length":64.4285,"mcpPosition":[-7.40992,303.54,24.1357],"pipPosition":[-17.2344,279.083,-11.9425],"stabilizedTipPosition":[-38.8938,232.868,82.4647],"timeVisible":9.54464,"tipPosition":[-34.7301,242.034,-9.39258],"tipVelocity":[-2.44089,36.771,-135.909],"tool":false,"touchDistance":-0.429183,"touchZone":"touching","type":3,"width":18.077},{"bases":[[[0.822099,-0.568189,0.0362449],[0.542487,0.801052,0.25303],[-0.172803,-0.188354,0.966779]],[[0.737324,-0.598368,0.313541],[0.657929,0.530787,-0.534223],[0.153238,0.600183,0.785046]],[[0.737324,-0.598368,0.313541],[0.333384,-0.08137,-0.939273],[0.587544,0.797078,0.13949]],[[0.737324,-0.598368,0.313541],[0.0281737,-0.436494,-0.899266],[0.674951,0.671884,-0.304979]]],"btipPosition":[-17.5327,244.891,2.64152],"carpPosition":[0.991352,282.362,83.9304],"dipPosition":[-5.89867,256.472,-2.61534],"direction":[-0.587544,-0.797078,-0.13949],"extended":false,"handId":813,"id":8134,"length":50.5107,"mcpPosition":[11.0114,293.284,27.8715],"pipPosition":[5.59299,272.062,0.112922],"stabilizedTipPosition":[-7.26476,245.309,47.0071],"timeVisible":9.54464,"tipPosition":[-14.466,247.968,0.809928],"tipVelocity":[-12.8921,30.2829,-120.036],"tool":false,"touchDistance":-0.438815,"touchZone":"touching","type":4,"width":16.0574}],"r":[[0.977824,0.199344,0.0642103],[-0.165362,0.923027,-0.347385],[-0.128517,0.329063,0.935522]],"s":0.891507,"t":[5.84856,90.083,-153.439],"timestamp":606852810940},false],[1,{"currentFrameRate":110.46,"devices":[],"gestures":[],"hands":[{"armBasis":[[0.824441,0.159369,-0.543046],[0.216595,0.797632,0.562912],[0.522862,-0.581709,0.623082]],"armWidth":63.72,"confidence":0.786022,"direction":[-0.0598456,0.34488,-0.936737],"elbow":[127.213,123.672,260.69],"grabStrength":0,"id":813,"palmNormal":[-0.208178,-0.922097,-0.32619],"palmPosition":[-25.5321,296.711,41.4333],"palmVelocity":[3.73231,32.887,-134.161],"palmWidth":90.99,"pinchStrength":1,"r":[[0.977918,0.198463,0.0654825],[-0.164123,0.923292,-0.347268],[-0.129379,0.328853,0.935477]],"s":0.891548,"sphereCenter":[-31.9161,254.387,7.2989],"sphereRadius":49.9908,"stabilizedPalmPosition":[-21.5441,272.795,153.265],"t":[5.88426,90.3558,-154.613],"timeVisible":9.5539,"type":"right","wrist":[-13.9594,280.734,92.4583]}],"id":4414417,"interactionBox":{"center":[0,200,0],"size":[235.247,235.247,147.751]},"pointables":[{"bases":[[[0.567366,0.82143,0.0578689],[-0.669231,0.419011,0.613645],[0.479818,-0.386889,0.787459]],[[0.35108,0.906153,-0.23586],[-0.873484,0.407688,0.266112],[0.337295,0.112593,0.934642]],[[0.35108,0.906153,-0.23586],[-0.932159,0.362032,0.00336571],[0.0884387,0.218677,0.971781]],[[0.35108,0.906153,-0.23586],[-0.851359,0.204064,-0.483265],[-0.389782,0.370466,0.843104]]],"btipPosition":[-54.5642,252.851,-3.75931],"carpPosition":[-43.8341,274.598,95.7609],"dipPosition":[-63.6865,261.521,15.9724],"direction":[-0.0884387,-0.218677,-0.971781],"extended":false,"handId":813,"id":8130,"length":52.1164,"mcpPosition":[-43.8341,274.598,95.7609],"pipPosition":[-60.6711,268.977,49.1058],"stabilizedTipPosition":[-75.3438,244.998,106.222],"timeVisible":9.5539,"tipPosition":[-57.2815,254.633,0.702556],"tipVelocity":[20.8704,41.8518,-143.255],"tool":false,"touchDistance":-0.489086,"touchZone":"touching","type":0,"width":20.25},{"bases":[[[0.952351,-0.11509,-0.282457],[0.172808,0.966699,0.18876],[0.251327,-0.228577,0.940525]],[[0.976126,-0.142481,-0.163946],[0.1408,0.989796,-0.0218852],[0.165391,-0.00172087,0.986227]],[[0.976126,-0.142481,-0.163946],[0.122232,0.984261,-0.127631],[0.17955,0.104544,0.978178]],[[0.976126,-0.142481,-0.163946],[0.10745,0.972717,-0.205611],[0.188768,0.183086,0.964804]]],"btipPosition":[-65.6907,306.138,-60.6006],"carpPosition":[-32.5301,294.903,91.0913],"dipPosition":[-62.4655,309.266,-44.1163],"direction":[-0.17955,-0.104544,-0.978178],"extended":true,"handId":813,"id":8131,"length":58.8075,"mcpPosition":[-51.0201,311.719,21.8973],"pipPosition":[-58.1257,311.793,-20.4734],"stabilizedTipPosition":[-70.1363,290.242,55.82],"timeVisible":9.5539,"tipPosition":[-64.5357,306.334,-56.8227],"tipVelocity":[11.7544,42.5538,-138.581],"tool":false,"touchDistance":-0.496394,"touchZone":"touching","type":1,"width":19.3428},{"bases":[[[0.934043,-0.308014,-0.180805],[0.336802,0.928072,0.158893],[0.118858,-0.209309,0.970599]],[[0.940681,-0.324305,-0.0997231],[0.203217,0.773896,-0.599823],[0.271701,0.543977,0.793894]],[[0.940681,-0.324305,-0.0997231],[-0.058144,0.135485,-0.989072],[0.334272,0.9362,0.108592]],[[0.940681,-0.324305,-0.0997231],[-0.206056,-0.312551,-0.927283],[0.269554,0.892826,-0.360836]]],"btipPosition":[-56.7431,240.264,-14.8718],"carpPosition":[-20.7835,295.281,87.4181],"dipPosition":[-51.6776,257.042,-21.6527],"direction":[-0.334272,-0.9362,-0.108592],"extended":false,"handId":813,"id":8132,"length":67.0064,"mcpPosition":[-29.076,309.884,19.7013],"pipPosition":[-42.1721,283.664,-18.5647],"stabilizedTipPosition":[-53.7006,246.372,14.1174],"timeVisible":9.5539,"tipPosition":[-55.3894,244.713,-17.3714],"tipVelocity":[6.11529,17.8971,-103.253],"tool":false,"touchDistance":-0.421225,"touchZone":"touching","type":2,"width":18.9972},{"bases":[[[0.913289,-0.404538,-0.0474624],[0.406292,0.896549,0.176429],[-0.02882,-0.180414,0.983168]],[[0.906915,-0.419229,0.0418672],[0.361349,0.722887,-0.58895],[0.216639,0.549256,0.807084]],[[0.906915,-0.419229,0.0418672],[0.0866182,0.0882803,-0.992322],[0.412314,0.903578,0.116376]],[[0.906915,-0.419229,0.0418672],[-0.115833,-0.34365,-0.931927],[0.405078,0.840328,-0.360222]]],"btipPosition":[-36.0238,238.552,-9.58477],"carpPosition":[-9.15931,292.523,84.5546],"dipPosition":[-28.4553,254.253,-16.3152],"direction":[-0.412314,-0.903578,-0.116376],"extended":false,"handId":813,"id":8133,"length":64.4285,"mcpPosition":[-7.35403,303.824,22.9689],"pipPosition":[-17.0334,279.283,-13.0913],"stabilizedTipPosition":[-38.8937,232.868,82.4626],"timeVisible":9.5539,"tipPosition":[-34.4014,242.179,-10.5503],"tipVelocity":[8.18162,30.6693,-132.563],"tool":false,"touchDistance":-0.431823,"touchZone":"touching","type":3,"width":18.077},{"bases":[[[0.824045,-0.565238,0.0381532],[0.539243,0.803229,0.253062],[-0.173686,-0.187961,0.966697]],[[0.738765,-0.595436,0.315725],[0.657032,0.531948,-0.534172],[0.150116,0.602069,0.784205]],[[0.738765,-0.595436,0.315725],[0.335253,-0.081719,-0.938577],[0.584664,0.799236,0.139251]],[[0.738765,-0.595436,0.315725],[0.0313722,-0.43757,-0.898637],[0.673233,0.673786,-0.304581]]],"btipPosition":[-17.2503,245.103,1.54245],"carpPosition":[1.0262,282.739,82.799],"dipPosition":[-5.64589,256.717,-3.70755],"direction":[-0.584664,-0.799236,-0.139251],"extended":false,"handId":813,"id":8134,"length":50.5107,"mcpPosition":[11.0974,293.638,26.7449],"pipPosition":[5.78942,272.349,-0.983974],"stabilizedTipPosition":[-7.26502,245.309,47.0054],"timeVisible":9.5539,"tipPosition":[-14.1971,248.181,-0.277212],"tipVelocity":[-0.894666,28.4272,-119.61],"tool":false,"touchDistance":-0.439729,"touchZone":"touching","type":4,"width":16.0574}],"r":[[0.977918,0.198463,0.0654825],[-0.164123,0.923292,-0.347268],[-0.129379,0.328853,0.935477]],"s":0.891548,"t":[5.88426,90.3558,-154.613],"timestamp":606852820200},false],[2,{"currentFrameRate":110.591,"devices":[],"gestures":[],"hands":[{"armBasis":[[0.825051,0.159482,-0.542085],[0.214885,0.798711,0.562037],[0.522604,-0.580195,0.624707]],"armWidth":63.72,"confidence":0.792891,"direction":[-0.0596743,0.344405,-0.936923],"elbow":[127.188,124.292,260.343],"grabStrength":0,"id":813,"palmNormal":[-0.206455,-0.92256,-0.325975],"palmPosition":[-25.4736,296.883,40.6315],"palmVelocity":[4.51562,29.2678,-122.521],"palmWidth":90.99,"pinchStrength":1,"r":[[0.977919,0.198075,0.0666345],[-0.163374,0.923423,-0.347274],[-0.130318,0.32872,0.935393]],"s":0.89184,"sphereCenter":[-32.0118,254.65,6.54359],"sphereRadius":49.9304,"stabilizedPalmPosition":[-21.5441,272.795,153.265],"t":[5.93135,90.578,-155.601],"timeVisible":9.56271,"type":"right","wrist":[-13.9147,280.944,91.6719]}],"id":4414418,"interactionBox":{"center":[0,200,0],"size":[235.247,235.247,147.751]},"pointables":[{"bases":[[[0.56601,0.822358,0.0579719],[-0.670371,0.418191,0.612959],[0.479828,-0.385803,0.787985]],[[0.350617,0.906547,-0.235033],[-0.874183,0.406836,0.265121],[0.335965,0.112506,0.935131]],[[0.350617,0.906547,-0.235033],[-0.93254,0.361063,0.00151324],[0.0862335,0.218647,0.971986]],[[0.350617,0.906547,-0.235033],[-0.850534,0.20319,-0.485083],[-0.391994,0.369982,0.842291]]],"btipPosition":[-54.3189,253.032,-4.57862],"carpPosition":[-43.7822,274.762,94.954],"dipPosition":[-63.4929,261.691,15.134],"direction":[-0.0862335,-0.218647,-0.971986],"extended":false,"handId":813,"id":8130,"length":52.1164,"mcpPosition":[-43.7822,274.762,94.954],"pipPosition":[-60.5527,269.146,48.2745],"stabilizedTipPosition":[-75.3428,244.999,106.217],"timeVisible":9.56271,"tipPosition":[-57.0473,254.792,-0.111654],"tipVelocity":[22.3862,36.0267,-129.833],"tool":false,"touchDistance":-0.480866,"touchZone":"touching","type":0,"width":20.25},{"bases":[[[0.952751,-0.113684,-0.281677],[0.171119,0.96705,0.188501],[0.250967,-0.227795,0.940811]],[[0.976318,-0.140732,-0.16431],[0.139304,0.990043,-0.0202403],[0.165522,-0.003128,0.986201]],[[0.976318,-0.140732,-0.16431],[0.120602,0.984584,-0.126691],[0.179606,0.103875,0.978239]],[[0.976318,-0.140732,-0.16431],[0.105707,0.972983,-0.205256],[0.188757,0.183027,0.964817]]],"btipPosition":[-65.6479,306.338,-61.4287],"carpPosition":[-32.507,295.083,90.2849],"dipPosition":[-62.4229,309.465,-44.9442],"direction":[-0.179606,-0.103875,-0.978239],"extended":true,"handId":813,"id":8131,"length":58.8075,"mcpPosition":[-50.9705,311.842,21.0698],"pipPosition":[-58.0817,311.976,-21.2998],"stabilizedTipPosition":[-70.136,290.243,55.8136],"timeVisible":9.56271,"tipPosition":[-64.4871,306.514,-57.6514],"tipVelocity":[9.89344,37.2092,-126.553],"tool":false,"touchDistance":-0.487509,"touchZone":"touching","type":1,"width":19.3428},{"bases":[[[0.934673,-0.306596,-0.179961],[0.335198,0.928672,0.158776],[0.118444,-0.208726,0.970775]],[[0.941265,-0.3228,-0.0991],[0.201989,0.773442,-0.600823],[0.270594,0.545516,0.793216]],[[0.941265,-0.3228,-0.0991],[-0.0582559,0.133842,-0.989289],[0.332606,0.936956,0.107176]],[[0.941265,-0.3228,-0.0991],[-0.205361,-0.314276,-0.926853],[0.268044,0.892766,-0.362108]]],"btipPosition":[-56.5598,240.326,-15.5848],"carpPosition":[-20.7582,295.479,86.6205],"dipPosition":[-51.5227,257.103,-22.3896],"direction":[-0.332606,-0.936956,-0.107176],"extended":false,"handId":813,"id":8132,"length":67.0064,"mcpPosition":[-29.0218,310.041,18.8914],"pipPosition":[-42.0646,283.747,-19.3419],"stabilizedTipPosition":[-53.7023,246.37,14.0846],"timeVisible":9.56271,"tipPosition":[-55.2171,244.764,-18.08],"tipVelocity":[9.87676,14.9751,-97.3991],"tool":false,"touchDistance":-0.418213,"touchZone":"touching","type":2,"width":18.9972},{"bases":[[[0.913969,-0.403099,-0.0465952],[0.404725,0.897267,0.176378],[-0.0292894,-0.180062,0.983219]],[[0.90751,-0.417815,0.0430911],[0.360362,0.721775,-0.590915],[0.215791,0.551789,0.805582]],[[0.90751,-0.417815,0.0430911],[0.0870152,0.0866463,-0.992432],[0.410919,0.904391,0.114989]],[[0.90751,-0.417815,0.0430911],[-0.114377,-0.344529,-0.931782],[0.404159,0.840672,-0.360452]]],"btipPosition":[-35.8688,238.603,-10.2656],"carpPosition":[-9.12739,292.738,83.767],"dipPosition":[-28.3175,254.31,-17.0003],"direction":[-0.410919,-0.904391,-0.114989],"extended":false,"handId":813,"id":8133,"length":64.4285,"mcpPosition":[-7.2927,304.017,22.1782],"pipPosition":[-16.9342,279.363,-13.8149],"stabilizedTipPosition":[-38.8936,232.868,82.4607],"timeVisible":9.56271,"tipPosition":[-34.2316,242.263,-11.301],"tipVelocity":[10.5994,24.0022,-117.683],"tool":false,"touchDistance":-0.427202,"touchZone":"touching","type":3,"width":18.077},{"bases":[[[0.824917,-0.563906,0.039017],[0.537765,0.804191,0.253151],[-0.174131,-0.187846,0.96664]],[[0.739331,-0.594134,0.316852],[0.6567,0.53226,-0.53427],[0.148781,0.603079,0.783684]],[[0.739331,-0.594134,0.316852],[0.335996,-0.0822678,-0.938264],[0.583521,0.800148,0.138804]],[[0.739331,-0.594134,0.316852],[0.0326297,-0.4384,-0.898188],[0.672552,0.674396,-0.304736]]],"btipPosition":[-17.0943,245.263,0.799947],"carpPosition":[1.07507,282.969,82.0233],"dipPosition":[-5.50167,256.887,-4.45272],"direction":[-0.583521,-0.800148,-0.138804],"extended":false,"handId":813,"id":8134,"length":50.5107,"mcpPosition":[11.1721,293.862,25.9725],"pipPosition":[5.9113,272.537,-1.73789],"stabilizedTipPosition":[-7.26523,245.309,47.004],"timeVisible":9.56271,"tipPosition":[-14.0485,248.337,-1.01572],"tipVelocity":[4.03728,25.7319,-110.098],"tool":false,"touchDistance":-0.435237,"touchZone":"touching","type":4,"width":16.0574}],"r":[[0.977919,0.198075,0.0666345],[-0.163374,0.923423,-0.347274],[-0.130318,0.32872,0.935393]],"s":0.89184,"t":[5.93135,90.578,-155.601],"timestamp":606852829011},false],[3,{"currentFrameRate":110.585,"devices":[],"gestures":[],"hands":[{"armBasis":[[0.82532,0.159918,-0.541546],[0.212894,0.800157,0.560737],[0.522994,-0.578079,0.62634]],"armWidth":63.72,"confidence":0.774448,"direction":[-0.0593336,0.345949,-0.936375],"elbow":[127.284,124.97,260.097],"grabStrength":0,"id":813,"palmNormal":[-0.204496,-0.922347,-0.327808],"palmPosition":[-25.46,297.06,39.9615],"palmVelocity":[3.68596,26.5901,-109.131],"palmWidth":90.99,"pinchStrength":1,"r":[[0.977835,0.198085,0.0678244],[-0.163029,0.923592,-0.346987],[-0.131375,0.328238,0.935414]],"s":0.892104,"sphereCenter":[-32.0631,254.928,5.81233],"sphereRadius":49.9071,"stabilizedPalmPosition":[-21.5441,272.795,153.265],"t":[5.96173,90.7776,-156.43],"timeVisible":9.57176,"type":"right","wrist":[-13.9246,281.052,90.9855]}],"id":4414419,"interactionBox":{"center":[0,200,0],"size":[235.247,235.247,147.751]},"pointables":[{"bases":[[[0.564498,0.823251,0.0599937],[-0.671729,0.415928,0.613013],[0.479711,-0.386344,0.787792]],[[0.349984,0.907511,-0.232238],[-0.875109,0.405195,0.264579],[0.33421,0.110635,0.935983]],[[0.349984,0.907511,-0.232238],[-0.932926,0.360067,0.00110164],[0.0846209,0.216275,0.972658]],[[0.349984,0.907511,-0.232238],[-0.850227,0.203671,-0.485419],[-0.393224,0.367344,0.842872]]],"btipPosition":[-54.1497,253.317,-5.3853],"carpPosition":[-43.7844,274.811,94.2263],"dipPosition":[-63.3526,261.914,14.3409],"direction":[-0.0846209,-0.216275,-0.972658],"extended":false,"handId":813,"id":8130,"length":52.1164,"mcpPosition":[-43.7844,274.811,94.2263],"pipPosition":[-60.4674,269.288,47.5043],"stabilizedTipPosition":[-75.3418,244.999,106.21],"timeVisible":9.57176,"tipPosition":[-56.8699,255.043,-0.902086],"tipVelocity":[21.1611,34.3467,-118.495],"tool":false,"touchDistance":-0.473166,"touchZone":"touching","type":0,"width":20.25},{"bases":[[[0.953234,-0.111508,-0.280909],[0.169222,0.967017,0.190376],[0.250416,-0.229009,0.940663]],[[0.97659,-0.138493,-0.164598],[0.137521,0.990347,-0.0173385],[0.165411,-0.00570321,0.986208]],[[0.97659,-0.138493,-0.164598],[0.118689,0.985078,-0.124639],[0.179404,0.102185,0.978454]],[[0.97659,-0.138493,-0.164598],[0.103693,0.973492,-0.203867],[0.188469,0.182027,0.965063]]],"btipPosition":[-65.6262,306.674,-62.1079],"carpPosition":[-32.5404,295.16,89.6045],"dipPosition":[-62.406,309.784,-45.6193],"direction":[-0.179404,-0.102185,-0.978454],"extended":true,"handId":813,"id":8131,"length":58.8075,"mcpPosition":[-50.9633,312.008,20.4002],"pipPosition":[-58.0698,312.253,-21.9696],"stabilizedTipPosition":[-70.1357,290.244,55.8065],"timeVisible":9.57176,"tipPosition":[-64.4563,306.852,-58.3342],"tipVelocity":[7.79095,37.0366,-112.302],"tool":false,"touchDistance":-0.477265,"touchZone":"touching","type":1,"width":19.3428},{"bases":[[[0.935394,-0.30463,-0.179551],[0.333398,0.928981,0.16075],[0.11783,-0.210226,0.970526]],[[0.941929,-0.320947,-0.0988064],[0.201143,0.774827,-0.59932],[0.268908,0.544643,0.794388]],[[0.941929,-0.320947,-0.0988064],[-0.0576149,0.135416,-0.989112],[0.330833,0.937366,0.109061]],[[0.941929,-0.320947,-0.0988064],[-0.203971,-0.313062,-0.927571],[0.266769,0.89386,-0.360346]]],"btipPosition":[-56.3917,240.545,-16.3785],"carpPosition":[-20.7886,295.583,85.9527],"dipPosition":[-51.3786,257.343,-23.1501],"direction":[-0.330833,-0.937366,-0.109061],"extended":false,"handId":813,"id":8132,"length":67.0064,"mcpPosition":[-29.0094,310.25,18.241],"pipPosition":[-41.9708,283.998,-20.0488],"stabilizedTipPosition":[-53.7036,246.368,14.0579],"timeVisible":9.57176,"tipPosition":[-55.0561,244.982,-18.8543],"tipVelocity":[12.1065,17.6627,-94.4785],"tool":false,"touchDistance":-0.416516,"touchZone":"touching","type":2,"width":18.9972},{"bases":[[[0.914726,-0.401404,-0.0463765],[0.402962,0.897667,0.178367],[-0.0299668,-0.181845,0.98287]],[[0.908169,-0.416331,0.0435587],[0.359913,0.723464,-0.589119],[0.213756,0.550697,0.806871]],[[0.908169,-0.416331,0.0435587],[0.0883901,0.089012,-0.992101],[0.409165,0.904845,0.117637]],[[0.908169,-0.416331,0.0435587],[-0.112255,-0.342462,-0.932801],[0.403272,0.842252,-0.357749]]],"btipPosition":[-35.6929,238.851,-11.0861],"carpPosition":[-9.15011,292.868,83.1062],"dipPosition":[-28.1582,254.588,-17.7702],"direction":[-0.409165,-0.904845,-0.117637],"extended":false,"handId":813,"id":8133,"length":64.4285,"mcpPosition":[-7.27299,304.259,21.5392],"pipPosition":[-16.8235,279.654,-14.5114],"stabilizedTipPosition":[-38.8935,232.868,82.4586],"timeVisible":9.57176,"tipPosition":[-34.0608,242.516,-12.1094],"tipVelocity":[12.9174,25.1558,-109.859],"tool":false,"touchDistance":-0.424947,"touchZone":"touching","type":3,"width":18.077},{"bases":[[[0.82587,-0.562519,0.0388621],[0.536089,0.804691,0.255112],[-0.174777,-0.189856,0.96613]],[[0.739982,-0.593391,0.316725],[0.656351,0.534055,-0.532905],[0.147072,0.602223,0.784664]],[[0.739982,-0.593391,0.316725],[0.337106,-0.0802965,-0.938036],[0.582054,0.8009,0.140618]],[[0.739982,-0.593391,0.316725],[0.0343976,-0.436878,-0.898863],[0.671747,0.676037,-0.30287]]],"btipPosition":[-16.9576,245.518,0.0595651],"carpPosition":[1.07134,283.12,81.3557],"dipPosition":[-5.3788,257.17,-5.16095],"direction":[-0.582054,-0.8009,-0.140618],"extended":false,"handId":813,"id":8134,"length":50.5107,"mcpPosition":[11.2058,294.129,25.3345],"pipPosition":[6.00547,272.835,-2.41063],"stabilizedTipPosition":[-7.26545,245.309,47.0025],"timeVisible":9.57176,"tipPosition":[-13.9191,248.596,-1.74092],"tipVelocity":[6.99392,26.5972,-102.056],"tool":false,"touchDistance":-0.431041,"touchZone":"touching","type":4,"width":16.0574}],"r":[[0.977835,0.198085,0.0678244],[-0.163029,0.923592,-0.346987],[-0.131375,0.328238,0.935414]],"s":0.892104,"t":[5.96173,90.7776,-156.43],"timestamp":606852838065},false],[4,{"currentFrameRate":110.603,"devices":[],"gestures":[],"hands":[{"armBasis":[[0.825419,0.160419,-0.541248],[0.212079,0.800425,0.560663],[0.523169,-0.577569,0.626664]],"armWidth":63.72,"confidence":0.782773,"direction":[-0.0582131,0.345269,-0.936697],"elbow":[127.379,125.28,259.638],"grabStrength":0,"id":813,"palmNormal":[-0.203954,-0.922611,-0.327402],"palmPosition":[-25.3508,297.194,39.3889],"palmVelocity":[6.00192,23.3689,-96.6046],"palmWidth":90.99,"pinchStrength":1,"r":[[0.977744,0.198131,0.0689922],[-0.162694,0.923673,-0.346929],[-0.132464,0.327983,0.93535]],"s":0.892364,"sphereCenter":[-32.0545,255.083,5.28214],"sphereRadius":49.8826,"stabilizedPalmPosition":[-21.5441,272.795,153.264],"t":[6.03148,90.9445,-157.13],"timeVisible":9.58077,"type":"right","wrist":[-13.8769,281.224,90.4387]}],"id":4414420,"interactionBox":{"center":[0,200,0],"size":[235.247,235.247,147.751]},"pointables":[{"bases":[[[0.564305,0.823375,0.0601087],[-0.672554,0.41627,0.611875],[0.478781,-0.38571,0.788667]],[[0.350991,0.907319,-0.231468],[-0.875377,0.405704,0.262904],[0.332445,0.110345,0.936645]],[[0.350991,0.907319,-0.231468],[-0.932671,0.360728,-0.000276612],[0.0832459,0.215981,0.972842]],[[0.350991,0.907319,-0.231468],[-0.849484,0.204543,-0.486354],[-0.393933,0.367334,0.842545]]],"btipPosition":[-53.9537,253.512,-5.99661],"carpPosition":[-43.7399,274.981,93.6467],"dipPosition":[-63.1731,262.109,13.722],"direction":[-0.0832459,-0.215981,-0.972842],"extended":false,"handId":813,"id":8130,"length":52.1164,"mcpPosition":[-43.7399,274.981,93.6467],"pipPosition":[-60.3348,269.473,46.8916],"stabilizedTipPosition":[-75.3405,245,106.204],"timeVisible":9.58077,"tipPosition":[-56.6591,255.214,-1.50067],"tipVelocity":[21.2102,30.8521,-104.629],"tool":false,"touchDistance":-0.463378,"touchZone":"touching","type":0,"width":20.25},{"bases":[[[0.953601,-0.111571,-0.279638],[0.168845,0.967177,0.189894],[0.249273,-0.228298,0.941139]],[[0.976697,-0.138279,-0.164142],[0.137365,0.990375,-0.0169624],[0.164908,-0.00598028,0.986291]],[[0.976697,-0.138279,-0.164142],[0.118431,0.985045,-0.125138],[0.178991,0.102782,0.978467]],[[0.976697,-0.138279,-0.164142],[0.103341,0.973286,-0.205023],[0.188108,0.183283,0.964895]]],"btipPosition":[-65.4569,306.766,-62.7241],"carpPosition":[-32.493,295.329,89.0243],"dipPosition":[-62.243,309.897,-46.2383],"direction":[-0.178991,-0.102782,-0.978467],"extended":true,"handId":813,"id":8131,"length":58.8075,"mcpPosition":[-50.8319,312.125,19.7851],"pipPosition":[-57.9167,312.382,-22.5884],"stabilizedTipPosition":[-70.1353,290.245,55.7993],"timeVisible":9.58077,"tipPosition":[-64.2817,306.955,-58.9537],"tipVelocity":[10.7679,29.8229,-100.253],"tool":false,"touchDistance":-0.467125,"touchZone":"touching","type":1,"width":19.3428},{"bases":[[[0.935661,-0.304624,-0.178163],[0.333064,0.929144,0.1605],[0.116647,-0.209514,0.970823]],[[0.942082,-0.320808,-0.0977958],[0.201247,0.773996,-0.600358],[0.268293,0.545906,0.793729]],[[0.942082,-0.320808,-0.0977958],[-0.0571071,0.133895,-0.989349],[0.330485,0.937632,0.10782]],[[0.942082,-0.320808,-0.0977958],[-0.203313,-0.314375,-0.927271],[0.266732,0.893449,-0.361392]]],"btipPosition":[-56.2171,240.603,-16.8783],"carpPosition":[-20.7367,295.751,85.3869],"dipPosition":[-51.2046,257.392,-23.6695],"direction":[-0.330485,-0.937632,-0.10782],"extended":false,"handId":813,"id":8132,"length":67.0064,"mcpPosition":[-28.875,310.368,17.6545],"pipPosition":[-41.8068,284.055,-20.6035],"stabilizedTipPosition":[-53.7045,246.367,14.0365],"timeVisible":9.58077,"tipPosition":[-54.8817,245.027,-19.3489],"tipVelocity":[14.1006,14.4981,-83.8946],"tool":false,"touchDistance":-0.410762,"touchZone":"touching","type":2,"width":18.9972},{"bases":[[[0.914841,-0.401306,-0.0449456],[0.40261,0.897853,0.178227],[-0.0311689,-0.181145,0.982962]],[[0.908149,-0.4162,0.0452029],[0.360623,0.722863,-0.589423],[0.212642,0.551585,0.806559]],[[0.908149,-0.4162,0.0452029],[0.0897712,0.0881353,-0.992055],[0.408909,0.904992,0.117403]],[[0.908149,-0.4162,0.0452029],[-0.110842,-0.343159,-0.932714],[0.403707,0.842033,-0.357772]]],"btipPosition":[-35.5131,238.935,-11.6202],"carpPosition":[-9.0943,293.035,82.557],"dipPosition":[-27.9702,254.667,-18.3048],"direction":[-0.408909,-0.904992,-0.117403],"extended":false,"handId":813,"id":8133,"length":64.4285,"mcpPosition":[-7.14188,304.382,20.9842],"pipPosition":[-16.6426,279.738,-15.0525],"stabilizedTipPosition":[-38.8933,232.869,82.4565],"timeVisible":9.58077,"tipPosition":[-33.8777,242.603,-12.6565],"tipVelocity":[14.9094,20.7681,-95.9614],"tool":false,"touchDistance":-0.418799,"touchZone":"touching","type":3,"width":18.077},{"bases":[[[0.825902,-0.562372,0.0402973],[0.535654,0.804951,0.255204],[-0.175957,-0.189188,0.966047]],[[0.739609,-0.593059,0.318211],[0.656994,0.533575,-0.532594],[0.146071,0.602975,0.784273]],[[0.739609,-0.593059,0.318211],[0.338263,-0.0811959,-0.937542],[0.581856,0.801054,0.140557]],[[0.739609,-0.593059,0.318211],[0.0355355,-0.43773,-0.898404],[0.672098,0.675776,-0.302675]]],"btipPosition":[-16.7965,245.621,-0.453497],"carpPosition":[1.13072,283.288,80.8262],"dipPosition":[-5.21171,257.27,-5.67064],"direction":[-0.581856,-0.801054,-0.140557],"extended":false,"handId":813,"id":8134,"length":50.5107,"mcpPosition":[11.3336,294.258,24.8098],"pipPosition":[6.16869,272.937,-2.92152],"stabilizedTipPosition":[-7.26566,245.31,47.001],"timeVisible":9.58077,"tipPosition":[-13.7601,248.693,-2.24774],"tipVelocity":[10.0267,22.418,-89.6336],"tool":false,"touchDistance":-0.423955,"touchZone":"touching","type":4,"width":16.0574}],"r":[[0.977744,0.198131,0.0689922],[-0.162694,0.923673,-0.346929],[-0.132464,0.327983,0.93535]],"s":0.892364,"t":[6.03148,90.9445,-157.13],"timestamp":606852847075},false],[5,{"currentFrameRate":110.599,"devices":[],"gestures":[],"hands":[{"armBasis":[[0.825898,0.162018,-0.540039],[0.210681,0.799759,0.562138],[0.522977,-0.578045,0.626385]],"armWidth":63.72,"confidence":0.78897,"direction":[-0.0566389,0.345737,-0.93662],"elbow":[127.306,125.295,258.923],"grabStrength":0,"id":813,"palmNormal":[-0.202931,-0.92253,-0.328265],"palmPosition":[-25.2843,297.359,38.7367],"palmVelocity":[6.37492,21.9487,-89.8399],"palmWidth":90.99,"pinchStrength":1,"r":[[0.977627,0.198249,0.0703085],[-0.162381,0.923759,-0.346845],[-0.13371,0.327668,0.935283]],"s":0.892663,"sphereCenter":[-32.0836,255.356,4.62674],"sphereRadius":49.8179,"stabilizedPalmPosition":[-21.5441,272.795,153.264],"t":[6.09963,91.1103,-157.807],"timeVisible":9.58982,"type":"right","wrist":[-13.8975,281.367,89.7992]}],"id":4414421,"interactionBox":{"center":[0,200,0],"size":[235.247,235.247,147.751]},"pointables":[{"bases":[[[0.563819,0.823599,0.0615855],[-0.673872,0.415642,0.61085],[0.477498,-0.38591,0.789347]],[[0.352121,0.907497,-0.229041],[-0.875889,0.405758,0.261111],[0.329893,0.108671,0.937743]],[[0.352121,0.907497,-0.229041],[-0.9324,0.361425,-0.00142487],[0.0814878,0.214059,0.973416]],[[0.352121,0.907497,-0.229041],[-0.848867,0.206567,-0.486574],[-0.394252,0.365758,0.843081]]],"btipPosition":[-53.7824,253.826,-6.78145],"carpPosition":[-43.7635,275.109,92.9487],"dipPosition":[-63.0093,262.386,12.9497],"direction":[-0.0814878,-0.214059,-0.973416],"extended":false,"handId":813,"id":8130,"length":52.1164,"mcpPosition":[-43.7635,275.109,92.9487],"pipPosition":[-60.231,269.685,46.1389],"stabilizedTipPosition":[-75.3391,245.001,106.196],"timeVisible":9.58982,"tipPosition":[-56.46,255.485,-2.26169],"tipVelocity":[20.5277,31.6509,-99.6076],"tool":false,"touchDistance":-0.457103,"touchZone":"touching","type":0,"width":20.25},{"bases":[[[0.954166,-0.110992,-0.277934],[0.168055,0.967153,0.190715],[0.247637,-0.228683,0.941478]],[[0.976933,-0.137543,-0.163351],[0.136925,0.990466,-0.0150889],[0.163869,-0.00762606,0.986453]],[[0.976933,-0.137543,-0.163351],[0.117968,0.985237,-0.124063],[0.178004,0.101931,0.978736]],[[0.976933,-0.137543,-0.163351],[0.102844,0.973434,-0.204572],[0.187149,0.183054,0.965125]]],"btipPosition":[-65.276,307.025,-63.4328],"carpPosition":[-32.5173,295.464,88.3578],"dipPosition":[-62.0785,310.152,-46.9431],"direction":[-0.178004,-0.101931,-0.978736],"extended":true,"handId":813,"id":8131,"length":58.8075,"mcpPosition":[-50.7359,312.288,19.0937],"pipPosition":[-57.7761,312.616,-23.2867],"stabilizedTipPosition":[-70.1349,290.246,55.7918],"timeVisible":9.58982,"tipPosition":[-64.0981,307.214,-59.6639],"tipVelocity":[13.1981,29.4608,-94.1787],"tool":false,"touchDistance":-0.459363,"touchZone":"touching","type":1,"width":19.3428},{"bases":[[[0.936127,-0.304106,-0.176595],[0.332345,0.92921,0.161605],[0.114948,-0.209973,0.970926]],[[0.942397,-0.320283,-0.0964754],[0.201686,0.774166,-0.599991],[0.266855,0.545972,0.794168]],[[0.942397,-0.320283,-0.0964754],[-0.0557115,0.134102,-0.9894],[0.329825,0.937782,0.108534]],[[0.942397,-0.320283,-0.0964754],[-0.201718,-0.314085,-0.927718],[0.266831,0.893739,-0.3606]]],"btipPosition":[-56.0301,240.764,-17.5863],"carpPosition":[-20.7545,295.893,84.7424],"dipPosition":[-51.0158,257.56,-24.3627],"direction":[-0.329825,-0.937782,-0.108534],"extended":false,"handId":813,"id":8132,"length":67.0064,"mcpPosition":[-28.7743,310.543,17.0028],"pipPosition":[-41.6368,284.227,-21.2764],"stabilizedTipPosition":[-53.7052,246.366,14.0182],"timeVisible":9.58982,"tipPosition":[-54.6941,245.182,-20.0388],"tipVelocity":[15.9239,15.4701,-82.2343],"tool":false,"touchDistance":-0.408588,"touchZone":"touching","type":2,"width":18.9972},{"bases":[[[0.915104,-0.400868,-0.0434668],[0.401873,0.897941,0.179444],[-0.0329028,-0.181678,0.982807]],[[0.908187,-0.415893,0.0472138],[0.361106,0.721475,-0.590827],[0.211657,0.55363,0.805416]],[[0.908187,-0.415893,0.0472138],[0.0902824,0.0844973,-0.992325],[0.408712,0.905479,0.114287]],[[0.908187,-0.415893,0.0472138],[-0.110359,-0.346733,-0.931449],[0.403754,0.840719,-0.360796]]],"btipPosition":[-35.3673,239.037,-12.041],"carpPosition":[-9.10566,293.185,81.9326],"dipPosition":[-27.8235,254.745,-18.7821],"direction":[-0.408712,-0.905479,-0.114287],"extended":false,"handId":813,"id":8133,"length":64.4285,"mcpPosition":[-7.04463,304.565,20.3695],"pipPosition":[-16.5014,279.829,-15.6162],"stabilizedTipPosition":[-38.8932,232.869,82.454],"timeVisible":9.58982,"tipPosition":[-33.7096,242.733,-13.2239],"tipVelocity":[15.2488,17.9921,-82.7184],"tool":false,"touchDistance":-0.41176,"touchZone":"touching","type":3,"width":18.077},{"bases":[[[0.826081,-0.562019,0.0415268],[0.534816,0.805058,0.256618],[-0.177656,-0.189778,0.96562]],[[0.739078,-0.592902,0.319735],[0.657514,0.531792,-0.533734],[0.146419,0.604701,0.782878]],[[0.739078,-0.592902,0.319735],[0.338233,-0.0838473,-0.937319],[0.582548,0.800897,0.13857]],[[0.739078,-0.592902,0.319735],[0.0356111,-0.439599,-0.897488],[0.672678,0.6747,-0.303784]]],"btipPosition":[-16.7376,245.771,-0.932077],"carpPosition":[1.12696,283.443,80.2155],"dipPosition":[-5.14283,257.401,-6.16834],"direction":[-0.582548,-0.800897,-0.13857],"extended":false,"handId":813,"id":8134,"length":50.5107,"mcpPosition":[11.4284,294.447,24.2239],"pipPosition":[6.25111,273.065,-3.45808],"stabilizedTipPosition":[-7.26587,245.31,46.9995],"timeVisible":9.58982,"tipPosition":[-13.6829,248.833,-2.7562],"tipVelocity":[9.12617,20.6689,-79.6339],"tool":false,"touchDistance":-0.417137,"touchZone":"touching","type":4,"width":16.0574}],"r":[[0.977627,0.198249,0.0703085],[-0.162381,0.923759,-0.346845],[-0.13371,0.327668,0.935283]],"s":0.892663,"t":[6.09963,91.1103,-157.807],"timestamp":606852856123},false],[6,{"currentFrameRate":110.537,"devices":[],"gestures":[],"hands":[{"armBasis":[[0.827899,0.167408,-0.535311],[0.205142,0.797908,0.566798],[0.522015,-0.579066,0.626245]],"armWidth":63.72,"confidence":0.808377,"direction":[-0.0573831,0.347979,-0.935745],"elbow":[127.07,125.166,257.735],"grabStrength":0,"id":813,"palmNormal":[-0.196979,-0.92281,-0.331089],"palmPosition":[-25.2848,297.579,37.615],"palmVelocity":[4.58481,22.5292,-98.9429],"palmWidth":90.99,"pinchStrength":1,"r":[[0.977275,0.199466,0.0717476],[-0.163132,0.923826,-0.346315],[-0.13536,0.326741,0.93537]],"s":0.893045,"sphereCenter":[-31.9622,255.718,3.40664],"sphereRadius":49.7657,"stabilizedPalmPosition":[-21.5441,272.795,153.263],"t":[6.13348,91.3032,-158.706],"timeVisible":9.59898,"type":"right","wrist":[-13.8745,281.514,88.6493]}],"id":4414422,"interactionBox":{"center":[0,200,0],"size":[235.247,235.247,147.751]},"pointables":[{"bases":[[[0.558823,0.826763,0.0646505],[-0.677187,0.409941,0.611037],[0.47868,-0.385242,0.788958]],[[0.347917,0.910122,-0.225014],[-0.878459,0.400312,0.260882],[0.32751,0.1069,0.938781]],[[0.347917,0.910122,-0.225014],[-0.93423,0.356667,-0.00188444],[0.0785398,0.21087,0.974354]],[[0.347917,0.910122,-0.225014],[-0.849523,0.204523,-0.486293],[-0.396566,0.360344,0.844327]]],"btipPosition":[-53.4525,254.111,-8.1038],"carpPosition":[-43.7072,275.07,91.7393],"dipPosition":[-62.7335,262.544,11.6565],"direction":[-0.0785398,-0.21087,-0.974354],"extended":false,"handId":813,"id":8130,"length":52.1164,"mcpPosition":[-43.7072,275.07,91.7393],"pipPosition":[-60.0557,269.734,44.8777],"stabilizedTipPosition":[-75.3375,245.002,106.187],"timeVisible":9.59898,"tipPosition":[-56.118,255.713,-3.56374],"tipVelocity":[24.4692,30.6137,-111.89],"tool":false,"touchDistance":-0.459461,"touchZone":"touching","type":0,"width":20.25},{"bases":[[[0.955198,-0.10455,-0.276887],[0.162032,0.967605,0.193614],[0.247675,-0.229804,0.941195]],[[0.977829,-0.131065,-0.163315],[0.131074,0.991314,-0.0107704],[0.163308,-0.0108747,0.986515]],[[0.977829,-0.131065,-0.163315],[0.112054,0.986349,-0.120665],[0.176901,0.0996898,0.979167]],[[0.977829,-0.131065,-0.163315],[0.0969077,0.974596,-0.201918],[0.185631,0.181615,0.96569]]],"btipPosition":[-65.2606,307.366,-64.5722],"carpPosition":[-32.5758,295.504,87.2204],"dipPosition":[-62.089,310.469,-48.0728],"direction":[-0.176901,-0.0996898,-0.979167],"extended":true,"handId":813,"id":8131,"length":58.8075,"mcpPosition":[-50.7971,312.411,17.9771],"pipPosition":[-57.8133,312.878,-24.4059],"stabilizedTipPosition":[-70.1346,290.248,55.784],"timeVisible":9.59898,"tipPosition":[-64.0813,307.547,-60.8042],"tipVelocity":[9.80836,31.4561,-102.542],"tool":false,"touchDistance":-0.458817,"touchZone":"touching","type":1,"width":19.3428},{"bases":[[[0.938166,-0.298047,-0.176105],[0.326585,0.930719,0.164633],[0.114836,-0.211966,0.970507]],[[0.944417,-0.314394,-0.0960888],[0.197889,0.777061,-0.597508],[0.26252,0.545282,0.796085]],[[0.944417,-0.314394,-0.0960888],[-0.0551364,0.136669,-0.989081],[0.324094,0.939403,0.111738]],[[0.944417,-0.314394,-0.0960888],[-0.198553,-0.312529,-0.928925],[0.262018,0.896371,-0.357582]]],"btipPosition":[-55.6161,240.961,-18.9168],"carpPosition":[-20.8108,296.013,83.6229],"dipPosition":[-50.6923,257.806,-25.6365],"direction":[-0.324094,-0.939403,-0.111738],"extended":false,"handId":813,"id":8132,"length":67.0064,"mcpPosition":[-28.8226,310.802,15.9125],"pipPosition":[-41.4762,284.519,-22.4591],"stabilizedTipPosition":[-53.7055,246.365,14.0014],"timeVisible":9.59898,"tipPosition":[-54.3047,245.385,-21.339],"tipVelocity":[23.4512,17.4923,-99.4122],"tool":false,"touchDistance":-0.415825,"touchZone":"touching","type":2,"width":18.9972},{"bases":[[[0.917533,-0.395299,-0.0432734],[0.396272,0.899816,0.182484],[-0.0331975,-0.184583,0.982256]],[[0.910549,-0.410652,0.0475988],[0.357041,0.723144,-0.591257],[0.20838,0.555363,0.805078]],[[0.910549,-0.410652,0.0475988],[0.0900421,0.0846306,-0.992336],[0.403477,0.907856,0.114036]],[[0.910549,-0.410652,0.0475988],[-0.107765,-0.346941,-0.931675],[0.399108,0.843206,-0.36016]]],"btipPosition":[-35.007,239.227,-13.1068],"carpPosition":[-9.14207,293.382,80.8221],"dipPosition":[-27.55,254.981,-19.8361],"direction":[-0.403477,-0.907856,-0.114036],"extended":false,"handId":813,"id":8133,"length":64.4285,"mcpPosition":[-7.06258,304.944,19.2935],"pipPosition":[-16.3729,280.131,-16.677],"stabilizedTipPosition":[-38.893,232.869,82.4511],"timeVisible":9.59898,"tipPosition":[-33.3428,242.97,-14.3947],"tipVelocity":[21.3568,19.0648,-92.0199],"tool":false,"touchDistance":-0.414863,"touchZone":"touching","type":3,"width":18.077},{"bases":[[[0.829351,-0.557211,0.0411501],[0.529658,0.807512,0.25959],[-0.177876,-0.193496,0.964842]],[[0.742163,-0.589377,0.319106],[0.654768,0.535949,-0.532952],[0.143085,0.604478,0.783667]],[[0.742163,-0.589377,0.319106],[0.338256,-0.0816492,-0.937505],[0.578599,0.803721,0.138764]],[[0.742163,-0.589377,0.319106],[0.0373529,-0.439008,-0.897706],[0.669178,0.678164,-0.303801]]],"btipPosition":[-16.4457,246.143,-2.04113],"carpPosition":[1.15071,283.706,79.0927],"dipPosition":[-4.91122,257.832,-7.27769],"direction":[-0.578599,-0.803721,-0.138764],"extended":false,"handId":813,"id":8134,"length":50.5107,"mcpPosition":[11.4649,294.926,23.1462],"pipPosition":[6.40548,273.552,-4.56364],"stabilizedTipPosition":[-7.26611,245.31,46.9977],"timeVisible":9.59898,"tipPosition":[-13.4017,249.207,-3.87718],"tipVelocity":[15.0445,26.6291,-91.1967],"tool":false,"touchDistance":-0.420394,"touchZone":"touching","type":4,"width":16.0574}],"r":[[0.977