{"sensorType":"Leap","data":[[0,{"currentFrameRate":105.771,"devices":[],"gestures":[],"hands":[{"armBasis":[[0.839477,0.28262,-0.464117],[-0.00710002,0.859738,0.510687],[0.543349,-0.425414,0.723737]],"armWidth":62.898,"confidence":0.948374,"direction":[-0.081353,0.40858,-0.90909],"elbow":[137.903,157.088,283.958],"grabStrength":0,"id":815,"palmNormal":[0.0163486,-0.911443,-0.4111],"palmPosition":[-18.6738,287.997,41.367],"palmVelocity":[-14.9549,50.728,-78.448],"palmWidth":89.8162,"pinchStrength":0.691649,"r":[[0.813076,0.493502,0.30881],[-0.359902,0.843053,-0.399665],[-0.457578,0.213817,0.863078]],"s":1.27003,"sphereCenter":[-16.9165,248.62,1.78769],"sphereRadius":54.0642,"stabilizedPalmPosition":[-17.6013,236.604,209.607],"t":[1.30919,61.276,-193.983],"timeVisible":0.985035,"type":"right","wrist":[-6.90863,270.468,91.07]}],"id":4416312,"interactionBox":{"center":[0,200,0],"size":[235.247,235.247,147.751]},"pointables":[{"bases":[[[0.370512,0.914385,0.163157],[-0.777581,0.209279,0.592934],[0.508025,-0.346557,0.788549]],[[0.146977,0.977358,-0.152216],[-0.916714,0.192394,0.350172],[0.371529,0.0880707,0.924235]],[[0.146977,0.977358,-0.152216],[-0.987938,0.152633,0.0260977],[0.0487399,0.146544,0.988003]],[[0.146977,0.977358,-0.152216],[-0.989109,0.146433,-0.0148445],[0.00778098,0.15274,0.988236]]],"btipPosition":[-54.6296,245.212,-9.96561],"carpPosition":[-34.5028,258.012,91.6567],"dipPosition":[-54.4498,248.74,12.8643],"direction":[-0.0487399,-0.146544,-0.988003],"extended":false,"handId":815,"id":8150,"length":51.4441,"mcpPosition":[-34.5028,258.012,91.6567],"pipPosition":[-52.8094,253.672,46.1163],"stabilizedTipPosition":[-61.7385,221.163,150.443],"timeVisible":0.985035,"tipPosition":[-53.9908,245.534,-4.40978],"tipVelocity":[-26.4369,33.1774,-45.4352],"tool":false,"touchDistance":-0.38652,"touchZone":"touching","type":0,"width":19.9888},{"bases":[[[0.968745,0.116222,-0.219149],[-0.0528851,0.959905,0.275292],[0.242357,-0.255098,0.936049]],[[0.980122,0.102684,-0.169757],[-0.057578,0.966037,0.251906],[0.189858,-0.237125,0.952747]],[[0.980122,0.102684,-0.169757],[-0.0941234,0.993884,0.0577491],[0.174648,-0.0406231,0.983793]],[[0.980122,0.102684,-0.169757],[-0.120555,0.987804,-0.0985386],[0.157568,0.117045,0.980547]]],"btipPosition":[-60.2197,307.881,-58.9376],"carpPosition":[-27.7438,280.304,89.4521],"dipPosition":[-57.5623,309.855,-42.4005],"direction":[-0.174648,0.0406231,-0.983793],"extended":true,"handId":815,"id":8151,"length":58.0489,"mcpPosition":[-45.3439,298.829,21.4757],"pipPosition":[-53.3955,308.885,-18.9286],"stabilizedTipPosition":[-66.829,280.19,91.8341],"timeVisible":0.985035,"tipPosition":[-59.5435,306.866,-55.2095],"tipVelocity":[2.25687,2.80021,-99.5769],"tool":false,"touchDistance":-0.439424,"touchZone":"hovering","type":1,"width":19.0933},{"bases":[[[0.987308,-0.0846658,-0.134369],[0.116988,0.959901,0.254763],[0.107411,-0.267249,0.957622]],[[0.993099,-0.115203,-0.0219703],[0.0963929,0.908497,-0.406623],[0.066804,0.401699,0.913332]],[[0.993099,-0.115203,-0.0219703],[0.0240253,0.383202,-0.923352],[0.114792,0.916452,0.383325]],[[0.993099,-0.115203,-0.0219703],[-0.0309864,-0.0770659,-0.996544],[0.113111,0.990348,-0.0801038]]],"btipPosition":[-32.2216,238.66,-31.9431],"carpPosition":[-16.3257,283.463,86.7354],"dipPosition":[-30.1235,257.031,-33.429],"direction":[-0.114792,-0.916452,-0.383325],"extended":false,"handId":815,"id":8152,"length":66.1421,"mcpPosition":[-23.7229,301.868,20.7859],"pipPosition":[-26.9013,282.755,-22.6692],"stabilizedTipPosition":[-54.8886,216.403,138.712],"timeVisible":0.985035,"tipPosition":[-31.6533,244.165,-32.6733],"tipVelocity":[-19.1955,-53.2157,-16.9309],"tool":false,"touchDistance":-0.357979,"touchZone":"hovering","type":2,"width":18.7521},{"bases":[[[0.980706,-0.19519,-0.0108024],[0.190592,0.94239,0.274909],[-0.0434794,-0.271664,0.96141]],[[0.973216,-0.218062,0.072798],[0.227684,0.870472,-0.436393],[0.0317922,0.441279,0.896807]],[[0.973216,-0.218062,0.072798],[0.142814,0.325322,-0.934757],[0.180153,0.920117,0.34775]],[[0.973216,-0.218062,0.072798],[0.047047,-0.121042,-0.991532],[0.225027,0.9684,-0.10754]]],"btipPosition":[-12.1849,237.826,-21.9588],"carpPosition":[-4.39476,283.51,84.5649],"dipPosition":[-8.03469,255.686,-23.9421],"direction":[-0.180153,-0.920117,-0.34775],"extended":false,"handId":815,"id":8153,"length":63.5974,"mcpPosition":[-1.70635,300.308,25.1191],"pipPosition":[-3.10849,280.846,-14.433],"stabilizedTipPosition":[-18.1688,236.34,30.7927],"timeVisible":0.985035,"tipPosition":[-10.5754,243.51,-24.1321],"tipVelocity":[-58.2624,-115.157,97.5992],"tool":false,"touchDistance":0.333333,"touchZone":"hovering","type":3,"width":17.8439},{"bases":[[[0.92402,-0.378329,0.0552695],[0.336212,0.872831,0.353733],[-0.182069,-0.308274,0.933712]],[[0.878847,-0.425775,0.215275],[0.469712,0.851263,-0.233929],[-0.0836549,0.306705,0.948121]],[[0.878847,-0.425775,0.215275],[0.41818,0.470219,-0.777187],[0.22968,0.773053,0.591301]],[[0.878847,-0.425775,0.215275],[0.282637,0.101103,-0.953884],[0.384375,0.899163,0.209193]]],"btipPosition":[9.97025,253.125,-18.6709],"carpPosition":[7.60358,276.409,82.8398],"dipPosition":[16.5102,268.424,-15.1116],"direction":[-0.22968,-0.773053,-0.591301],"extended":false,"handId":815,"id":8154,"length":49.8592,"mcpPosition":[18.0247,294.054,29.3967],"pipPosition":[20.9445,283.349,-3.69561],"stabilizedTipPosition":[4.33049,247.412,50.1898],"timeVisible":0.985035,"tipPosition":[12.6805,258.519,-18.9102],"tipVelocity":[-107.191,-159.946,60.1171],"tool":false,"touchDistance":0.333333,"touchZone":"hovering","type":4,"width":15.8503}],"r":[[0.813076,0.493502,0.30881],[-0.359902,0.843053,-0.399665],[-0.457578,0.213817,0.863078]],"s":1.27003,"t":[1.30919,61.276,-193.983],"timestamp":606870571501},false],[1,{"currentFrameRate":105.964,"devices":[],"gestures":[],"hands":[{"armBasis":[[0.839074,0.281845,-0.465314],[-0.00141186,0.856456,0.516217],[0.544015,-0.432488,0.719029]],"armWidth":62.898,"confidence":0.85588,"direction":[-0.0806414,0.396748,-0.914378],"elbow":[138.014,156.337,282.625],"grabStrength":0,"id":815,"palmNormal":[0.0121718,-0.916906,-0.398919],"palmPosition":[-18.7212,288.515,41.0707],"palmVelocity":[-12.2634,52.4799,-65.7754],"palmWidth":89.8162,"pinchStrength":0.693337,"r":[[0.81407,0.494324,0.304849],[-0.357449,0.840176,-0.407842],[-0.457733,0.223044,0.860658]],"s":1.2682,"sphereCenter":[-17.5985,249.189,2.16494],"sphereRadius":53.553,"stabilizedPalmPosition":[-17.6016,236.617,209.563],"t":[1.20274,61.8093,-194.469],"timeVisible":0.994115,"type":"right","wrist":[-6.97532,271.602,90.9912]}],"id":4416313,"interactionBox":{"center":[0,200,0],"size":[235.247,235.247,147.751]},"pointables":[{"bases":[[[0.374434,0.914947,0.150568],[-0.776085,0.220369,0.590872],[0.507436,-0.338097,0.792591]],[[0.151989,0.9747,-0.163889],[-0.916003,0.201194,0.347074],[0.371266,0.0973718,0.923407]],[[0.151989,0.9747,-0.163889],[-0.98704,0.158319,0.0262003],[0.0514842,0.157783,0.986131]],[[0.151989,0.9747,-0.163889],[-0.988297,0.152052,-0.0122329],[0.0129964,0.163831,0.986403]]],"btipPosition":[-54.9464,245.376,-9.70432],"carpPosition":[-34.6197,259.269,91.7719],"dipPosition":[-54.6461,249.161,13.0833],"direction":[-0.0514842,-0.157783,-0.986131],"extended":false,"handId":815,"id":8150,"length":51.4441,"mcpPosition":[-34.6197,259.269,91.7719],"pipPosition":[-52.9134,254.471,46.2723],"stabilizedTipPosition":[-61.7272,221.204,150.188],"timeVisible":0.994115,"tipPosition":[-54.3098,245.726,-4.14996],"tipVelocity":[-27.9318,30.7977,-25.2012],"tool":false,"touchDistance":-0.372428,"touchZone":"touching","type":0,"width":19.9888},{"bases":[[[0.96898,0.109299,-0.221656],[-0.0486533,0.963701,0.262513],[0.242303,-0.243585,0.939125]],[[0.98057,0.096092,-0.171024],[-0.0522033,0.968196,0.244685],[0.189097,-0.231002,0.9544]],[[0.98057,0.096092,-0.171024],[-0.0886696,0.994778,0.0505392],[0.174987,-0.0343926,0.98397]],[[0.98057,0.096092,-0.171024],[-0.115247,0.987683,-0.105828],[0.158748,0.123482,0.979567]]],"btipPosition":[-60.2394,307.725,-59.4077],"carpPosition":[-27.7717,281.502,89.2632],"dipPosition":[-57.562,309.808,-42.8871],"direction":[-0.174987,0.0343926,-0.98397],"extended":true,"handId":815,"id":8151,"length":58.0489,"mcpPosition":[-45.3678,299.191,21.0634],"pipPosition":[-53.3871,308.987,-19.411],"stabilizedTipPosition":[-66.8287,280.191,91.8292],"timeVisible":0.994115,"tipPosition":[-59.5895,306.714,-55.6688],"tipVelocity":[1.17421,-1.94583,-86.4681],"tool":false,"touchDistance":-0.430924,"touchZone":"hovering","type":1,"width":19.0933},{"bases":[[[0.986809,-0.0905148,-0.134222],[0.121196,0.962724,0.241814],[0.107331,-0.254892,0.960994]],[[0.992594,-0.119581,-0.0214022],[0.0995622,0.901722,-0.420695],[0.0696058,0.415448,0.90695]],[[0.992594,-0.119581,-0.0214022],[0.0244865,0.369506,-0.928906],[0.118987,0.921502,0.369697]],[[0.992594,-0.119581,-0.0214022],[-0.0323856,-0.0906757,-0.995354],[0.117084,0.988675,-0.0938769]]],"btipPosition":[-32.5588,238.158,-31.476],"carpPosition":[-16.3436,284.577,86.4931],"dipPosition":[-30.3869,256.498,-33.2173],"direction":[-0.118987,-0.921502,-0.369697],"extended":false,"handId":815,"id":8152,"length":66.1421,"mcpPosition":[-23.7352,302.131,20.3113],"pipPosition":[-27.047,282.364,-22.8401],"stabilizedTipPosition":[-54.3083,217.063,134.375],"timeVisible":0.994115,"tipPosition":[-31.9699,243.622,-32.2909],"tipVelocity":[-23.6402,-54.0027,0.195695],"tool":false,"touchDistance":-0.344389,"touchZone":"hovering","type":2,"width":18.7521},{"bases":[[[0.979885,-0.199353,-0.0091849],[0.194749,0.945181,0.262118],[-0.0435725,-0.258634,0.964992]],[[0.972696,-0.220498,0.0724055],[0.228936,0.860424,-0.455257],[0.0380839,0.459403,0.887411]],[[0.972696,-0.220498,0.0724055],[0.138084,0.299098,-0.944179],[0.186533,0.928397,0.321379]],[[0.972696,-0.220498,0.0724055],[0.0393435,-0.150801,-0.987781],[0.228723,0.963659,-0.138009]]],"btipPosition":[-12.7193,237.118,-20.7376],"carpPosition":[-4.41487,284.546,84.3101],"dipPosition":[-8.501,254.89,-23.2829],"direction":[-0.186533,-0.928397,-0.321379],"extended":false,"handId":815,"id":8153,"length":63.5974,"mcpPosition":[-1.72069,300.538,24.6428],"pipPosition":[-3.40031,280.277,-14.4949],"stabilizedTipPosition":[-17.6055,236.767,26.2198],"timeVisible":0.994115,"tipPosition":[-11.1055,242.665,-23.0644],"tipVelocity":[-57.9504,-105.483,103.866],"tool":false,"touchDistance":0.333333,"touchZone":"hovering","type":3,"width":17.8439},{"bases":[[[0.922518,-0.381359,0.0593818],[0.340167,0.87608,0.341717],[-0.18234,-0.29504,0.937925]],[[0.876917,-0.426748,0.221141],[0.475886,0.83545,-0.274875],[-0.0674496,0.34628,0.935703]],[[0.876917,-0.426748,0.221141],[0.408343,0.418789,-0.811093],[0.253521,0.801562,0.541503]],[[0.876917,-0.426748,0.221141],[0.261406,0.0373517,-0.964506],[0.403341,0.903599,0.144309]]],"btipPosition":[8.58602,251.325,-16.5851],"carpPosition":[7.5524,277.373,82.6679],"dipPosition":[15.4486,266.699,-14.1298],"direction":[-0.253521,-0.801562,-0.541503],"extended":false,"handId":815,"id":8154,"length":49.8592,"mcpPosition":[17.989,294.261,28.9836],"pipPosition":[20.3432,282.174,-3.67528],"stabilizedTipPosition":[4.95423,248.208,43.1109],"timeVisible":0.994115,"tipPosition":[11.4292,256.764,-17.3344],"tipVelocity":[-117.45,-170.024,99.2974],"tool":false,"touchDistance":0.333333,"touchZone":"hovering","type":4,"width":15.8503}],"r":[[0.81407,0.494324,0.304849],[-0.357449,0.840176,-0.407842],[-0.457733,0.223044,0.860658]],"s":1.2682,"t":[1.20274,61.8093,-194.469],"timestamp":606870580581},false],[2,{"currentFrameRate":106.159,"devices":[],"gestures":[],"hands":[{"armBasis":[[0.84047,0.273592,-0.467714],[0.00909528,0.855924,0.517022],[0.541781,-0.438796,0.71689]],"armWidth":62.898,"confidence":0.861505,"direction":[-0.0791642,0.386358,-0.918945],"elbow":[137.279,155.811,281.145],"grabStrength":0,"id":815,"palmNormal":[0.00242037,-0.921761,-0.387751],"palmPosition":[-18.825,289.173,39.9873],"palmVelocity":[-12.039,58.0628,-80.6306],"palmWidth":89.8162,"pinchStrength":0.69478,"r":[[0.815962,0.494126,0.300075],[-0.354087,0.837482,-0.416228],[-0.456976,0.233374,0.858318]],"s":1.26694,"sphereCenter":[-18.5325,249.843,1.65824],"sphereRadius":53.1893,"stabilizedPalmPosition":[-17.6022,236.64,209.489],"t":[1.09764,62.4054,-195.253],"timeVisible":1.00318,"type":"right","wrist":[-7.1148,272.757,90.0816]}],"id":4416314,"interactionBox":{"center":[0,200,0],"size":[235.247,235.247,147.751]},"pointables":[{"bases":[[[0.383521,0.913086,0.138512],[-0.772453,0.234948,0.590013],[0.506189,-0.333276,0.795424]],[[0.162069,0.971216,-0.174564],[-0.913532,0.214557,0.345578],[0.373085,0.103462,0.92201]],[[0.162069,0.971216,-0.174564],[-0.985172,0.169346,0.0275297],[0.056299,0.167514,0.984261]],[[0.162069,0.971216,-0.174564],[-0.986576,0.163075,-0.00866215],[0.0200542,0.173624,0.984608]]],"btipPosition":[-55.6149,245.953,-10.2239],"carpPosition":[-34.8735,260.699,91.0791],"dipPosition":[-55.1516,249.964,12.5222],"direction":[-0.056299,-0.167514,-0.984261],"extended":false,"handId":815,"id":8150,"length":51.4441,"mcpPosition":[-34.8735,260.699,91.0791],"pipPosition":[-53.2568,255.601,45.6482],"stabilizedTipPosition":[-61.7078,221.285,149.704],"timeVisible":1.00318,"tipPosition":[-54.9752,246.322,-4.67316],"tipVelocity":[-39.4492,41.4562,-34.3694],"tool":false,"touchDistance":-0.371456,"touchZone":"touching","type":0,"width":19.9888},{"bases":[[[0.969415,0.0973231,-0.225305],[-0.0387985,0.967242,0.250873],[0.242341,-0.234459,0.941435]],[[0.981234,0.0843345,-0.1734],[-0.0411461,0.970147,0.239002],[0.18838,-0.227382,0.955411]],[[0.981234,0.0843345,-0.1734],[-0.0774863,0.995936,0.045903],[0.176567,-0.0316055,0.983781]],[[0.981234,0.0843345,-0.1734],[-0.104357,0.988461,-0.109789],[0.16214,0.125824,0.978713]]],"btipPosition":[-60.355,308.135,-60.5793],"carpPosition":[-27.8201,282.833,88.2833],"dipPosition":[-57.6205,310.257,-44.0732],"direction":[-0.176567,0.0316055,-0.983781],"extended":true,"handId":815,"id":8151,"length":58.0489,"mcpPosition":[-45.419,299.86,19.9158],"pipPosition":[-53.4079,309.503,-20.6015],"stabilizedTipPosition":[-66.8286,280.191,91.8256],"timeVisible":1.00318,"tipPosition":[-59.7299,307.101,-56.8294],"tipVelocity":[-2.27418,11.352,-98.3984],"tool":false,"touchDistance":-0.433789,"touchZone":"hovering","type":1,"width":19.0933},{"bases":[[[0.985559,-0.101575,-0.135487],[0.130981,0.964389,0.229779],[0.107323,-0.244207,0.963766]],[[0.991351,-0.129327,-0.0223122],[0.106977,0.89481,-0.433441],[0.0760207,0.427305,0.900906]],[[0.991351,-0.129327,-0.0223122],[0.0255428,0.356901,-0.933793],[0.128728,0.925147,0.357118]],[[0.991351,-0.129327,-0.0223122],[-0.0357875,-0.102828,-0.994055],[0.126264,0.986256,-0.106567]]],"btipPosition":[-33.3338,237.99,-31.8354],"carpPosition":[-16.3703,285.765,85.4484],"dipPosition":[-30.9916,256.284,-33.8122],"direction":[-0.128728,-0.925147,-0.357118],"extended":false,"handId":815,"id":8152,"length":66.1421,"mcpPosition":[-23.7613,302.583,19.0758],"pipPosition":[-27.3783,282.253,-23.7881],"stabilizedTipPosition":[-53.6698,217.809,129.429],"timeVisible":1.00318,"tipPosition":[-32.6966,243.408,-32.7251],"tipVelocity":[-39.5388,-44.5499,-12.4646],"tool":false,"touchDistance":-0.344487,"touchZone":"hovering","type":2,"width":18.7521},{"bases":[[[0.977913,-0.208813,-0.00911795],[0.204415,0.946391,0.250118],[-0.0435988,-0.246457,0.968172]],[[0.970916,-0.228556,0.0713003],[0.234775,0.850519,-0.470636],[0.0469242,0.473688,0.879442]],[[0.970916,-0.228556,0.0713003],[0.135276,0.277983,-0.951013],[0.197539,0.932999,0.300817]],[[0.970916,-0.228556,0.0713003],[0.03148,-0.173352,-0.984357],[0.23734,0.957973,-0.161115]]],"btipPosition":[-13.6005,236.762,-20.6673],"carpPosition":[-4.44792,285.594,83.2372],"dipPosition":[-9.22327,254.43,-23.6387],"direction":[-0.197539,-0.932999,-0.300817],"extended":false,"handId":815,"id":8153,"length":63.5974,"mcpPosition":[-1.75212,300.833,23.3732],"pipPosition":[-3.82163,279.942,-15.413],"stabilizedTipPosition":[-17.1687,237.12,22.0734],"timeVisible":1.00318,"tipPosition":[-11.966,242.174,-23.0774],"tipVelocity":[-67.6899,-87.9383,74.3394],"tool":false,"touchDistance":0.333333,"touchZone":"hovering","type":3,"width":17.8439},{"bases":[[[0.918986,-0.389416,0.0617982],[0.349367,0.876875,0.330201],[-0.182775,-0.28186,0.941885]],[[0.873293,-0.432441,0.224399],[0.484545,0.81891,-0.307574],[-0.0507548,0.377334,0.924685]],[[0.873293,-0.432441,0.224399],[0.401346,0.377447,-0.834539],[0.27619,0.818858,0.50318]],[[0.873293,-0.432441,0.224399],[0.244353,-0.0096975,-0.969638],[0.421487,0.90161,0.0971996]]],"btipPosition":[7.17562,250.101,-15.9001],"carpPosition":[7.44621,278.288,81.6536],"dipPosition":[14.347,265.441,-14.2463],"direction":[-0.27619,-0.818858,-0.50318],"extended":false,"handId":815,"id":8154,"length":49.8592,"mcpPosition":[17.9078,294.421,27.7427],"pipPosition":[19.6793,281.25,-4.53164],"stabilizedTipPosition":[5.43049,248.875,35.8971],"timeVisible":1.00318,"tipPosition":[10.0844,255.431,-16.9428],"tipVelocity":[-125.837,-160.613,87.1357],"tool":false,"touchDistance":0.333333,"touchZone":"hovering","type":4,"width":15.8503}],"r":[[0.815962,0.494126,0.300075],[-0.354087,0.837482,-0.416228],[-0.456976,0.233374,0.858318]],"s":1.26694,"t":[1.09764,62.4054,-195.253],"timestamp":606870589642},false],[3,{"currentFrameRate":106.28,"devices":[],"gestures":[],"hands":[{"armBasis":[[0.84066,0.268346,-0.470405],[0.0165869,0.85544,0.517636],[0.541309,-0.442959,0.714684]],"armWidth":62.898,"confidence":0.862278,"direction":[-0.0784504,0.378137,-0.922419],"elbow":[137.035,155.504,280.004],"grabStrength":0,"id":815,"palmNormal":[-0.00445731,-0.925395,-0.378978],"palmPosition":[-18.9349,289.577,39.3036],"palmVelocity":[-12.018,54.1093,-78.8954],"palmWidth":89.8162,"pinchStrength":0.69624,"r":[[0.818247,0.493404,0.294998],[-0.350463,0.834919,-0.424365],[-0.455683,0.24385,0.85609]],"s":1.26591,"sphereCenter":[-19.253,250.226,1.4309],"sphereRadius":52.9013,"stabilizedPalmPosition":[-17.603,236.674,209.379],"t":[0.990136,62.9051,-195.987],"timeVisible":1.01236,"type":"right","wrist":[-7.23306,273.56,89.5288]}],"id":4416315,"interactionBox":{"center":[0,200,0],"size":[235.247,235.247,147.751]},"pointables":[{"bases":[[[0.389832,0.911794,0.129083],[-0.769696,0.245657,0.589254],[0.505569,-0.329065,0.797569]],[[0.169474,0.968509,-0.182397],[-0.911902,0.224296,0.343694],[0.373782,0.108081,0.921198]],[[0.169474,0.968509,-0.182397],[-0.983699,0.177526,0.0286393],[0.0601175,0.17457,0.982808]],[[0.169474,0.968509,-0.182397],[-0.985165,0.171554,-0.0044328],[0.0269976,0.180442,0.983215]]],"btipPosition":[-56.1335,246.327,-10.4872],"carpPosition":[-35.0689,261.696,90.6947],"dipPosition":[-55.5098,250.495,12.2268],"direction":[-0.0601175,-0.17457,-0.982808],"extended":false,"handId":815,"id":8150,"length":51.4441,"mcpPosition":[-35.0689,261.696,90.6947],"pipPosition":[-53.4865,256.371,45.3039],"stabilizedTipPosition":[-61.6766,221.426,148.859],"timeVisible":1.01236,"tipPosition":[-55.4926,246.698,-4.93525],"tipVelocity":[-43.0776,42.3523,-32.9968],"tool":false,"touchDistance":-0.366703,"touchZone":"touching","type":0,"width":19.9888},{"bases":[[[0.969584,0.0887458,-0.228105],[-0.0318938,0.969815,0.241746],[0.242673,-0.227118,0.943148]],[[0.981564,0.0759966,-0.175378],[-0.0335267,0.971788,0.233462],[0.188172,-0.223277,0.95642]],[[0.981564,0.0759966,-0.175378],[-0.0698863,0.996722,0.0407667],[0.177901,-0.0277586,0.983657]],[[0.981564,0.0759966,-0.175378],[-0.0970269,0.988659,-0.114629],[0.164678,0.129532,0.977805]]],"btipPosition":[-60.4997,308.195,-61.3364],"carpPosition":[-27.8748,283.755,87.6751],"dipPosition":[-57.7224,310.38,-44.8456],"direction":[-0.177901,0.0277586,-0.983657],"extended":true,"handId":815,"id":8151,"length":58.0489,"mcpPosition":[-45.4979,300.249,19.1832],"pipPosition":[-53.4779,309.717,-21.3769],"stabilizedTipPosition":[-66.8284,280.192,91.823],"timeVisible":1.01236,"tipPosition":[-59.8896,307.192,-57.5785],"tipVelocity":[-5.74036,10.4526,-94.0376],"tool":false,"touchDistance":-0.430152,"touchZone":"hovering","type":1,"width":19.0933},{"bases":[[[0.984591,-0.109393,-0.136432],[0.137821,0.965635,0.22035],[0.107639,-0.235757,0.965832]],[[0.990427,-0.136113,-0.0229893],[0.111919,0.889282,-0.443455],[0.080804,0.436637,0.896002]],[[0.990427,-0.136113,-0.0229893],[0.0259206,0.346958,-0.937522],[0.135585,0.927951,0.347165]],[[0.990427,-0.136113,-0.0229893],[-0.0384855,-0.112336,-0.992925],[0.132567,0.984304,-0.116499]]],"btipPosition":[-33.9338,237.74,-31.9391],"carpPosition":[-16.4115,286.584,84.7902],"dipPosition":[-31.4747,255.998,-34.1001],"direction":[-0.135585,-0.927951,-0.347165],"extended":false,"handId":815,"id":8152,"length":66.1421,"mcpPosition":[-23.8244,302.82,18.2752],"pipPosition":[-27.6689,282.046,-24.3553],"stabilizedTipPosition":[-52.9738,218.636,123.88],"timeVisible":1.01236,"tipPosition":[-33.2644,243.119,-32.8854],"tipVelocity":[-45.9224,-39.9484,-13.4218],"tool":false,"touchDistance":-0.340562,"touchZone":"hovering","type":2,"width":18.7521},{"bases":[[[0.97649,-0.215375,-0.00903472],[0.211174,0.947344,0.240716],[-0.0432851,-0.236964,0.970554]],[[0.969647,-0.234089,0.0706191],[0.238626,0.843009,-0.482072],[0.0533155,0.484291,0.873281]],[[0.969647,-0.234089,0.0706191],[0.13297,0.262467,-0.955735],[0.205192,0.936116,0.285627]],[[0.969647,-0.234089,0.0706191],[0.0256891,-0.189687,-0.981508],[0.243156,0.953531,-0.177916]]],"btipPosition":[-14.2655,236.422,-20.4973],"carpPosition":[-4.49504,286.313,82.5576],"dipPosition":[-9.78094,254.008,-23.7786],"direction":[-0.205192,-0.936116,-0.285627],"extended":false,"handId":815,"id":8153,"length":63.5974,"mcpPosition":[-1.81864,300.965,22.5463],"pipPosition":[-4.17002,279.606,-15.9682],"stabilizedTipPosition":[-16.8136,237.422,18.1638],"timeVisible":1.01236,"tipPosition":[-12.6262,241.725,-22.9486],"tipVelocity":[-68.2494,-74.2586,56.5722],"tool":false,"touchDistance":0.333333,"touchZone":"hovering","type":3,"width":17.8439},{"bases":[[[0.916512,-0.394902,0.0637089],[0.355824,0.877631,0.321174],[-0.182745,-0.271691,0.944875]],[[0.870014,-0.436571,0.229088],[0.49159,0.803598,-0.335513],[-0.0376194,0.404518,0.913756]],[[0.870014,-0.436571,0.229088],[0.395349,0.340134,-0.853234],[0.294577,0.832895,0.46852]],[[0.870014,-0.436571,0.229088],[0.23016,-0.0512768,-0.971801],[0.436007,0.898207,0.0558697]]],"btipPosition":[6.01447,248.982,-14.9506],"carpPosition":[7.34728,278.913,81.0203],"dipPosition":[13.4329,264.265,-14],"direction":[-0.294577,-0.832895,-0.46852],"extended":false,"handId":815,"id":8154,"length":49.8592,"mcpPosition":[17.8071,294.464,26.9383],"pipPosition":[19.1201,280.345,-4.95457],"stabilizedTipPosition":[5.75013,249.381,28.8309],"timeVisible":1.01236,"tipPosition":[8.95187,254.229,-16.2548],"tipVelocity":[-124.263,-150.168,86.7463],"tool":false,"touchDistance":0.333333,"touchZone":"hovering","type":4,"width":15.8503}],"r":[[0.818247,0.493404,0.294998],[-0.350463,0.834919,-0.424365],[-0.455683,0.24385,0.85609]],"s":1.26591,"t":[0.990136,62.9051,-195.987],"timestamp":606870598829},false],[4,{"currentFrameRate":106.567,"devices":[],"gestures":[],"hands":[{"armBasis":[[0.840474,0.265309,-0.472456],[0.0211145,0.85523,0.517818],[0.541441,-0.445188,0.713197]],"armWidth":62.898,"confidence":0.841298,"direction":[-0.0777738,0.372965,-0.92458],"elbow":[136.977,155.359,279.307],"grabStrength":0,"id":815,"palmNormal":[-0.00867284,-0.927607,-0.373457],"palmPosition":[-19.01,289.776,38.9194],"palmVelocity":[-11.0596,45.5477,-69.2709],"palmWidth":89.8162,"pinchStrength":0.698011,"r":[[0.820537,0.492446,0.290199],[-0.346962,0.832575,-0.431782],[-0.454242,0.253605,0.854019]],"s":1.26444,"sphereCenter":[-19.8149,250.571,1.39012],"sphereRadius":52.5369,"stabilizedPalmPosition":[-17.6041,236.716,209.245],"t":[0.898824,63.2547,-196.546],"timeVisible":1.02122,"type":"right","wrist":[-7.32608,274.01,89.228]}],"id":4416316,"interactionBox":{"center":[0,200,0],"size":[235.247,235.247,147.751]},"pointables":[{"bases":[[[0.393744,0.910915,0.123282],[-0.768095,0.252362,0.58851],[0.504971,-0.326415,0.799035]],[[0.174575,0.966777,-0.186721],[-0.911153,0.230501,0.341569],[0.373261,0.110502,0.921122]],[[0.174575,0.966777,-0.186721],[-0.982669,0.183067,0.0291101],[0.0623255,0.178403,0.981982]],[[0.174575,0.966777,-0.186721],[-0.984149,0.177331,-0.00197327],[0.0312037,0.184106,0.982411]]],"btipPosition":[-56.4202,246.567,-10.6408],"carpPosition":[-35.2099,262.269,90.491],"dipPosition":[-55.6994,250.82,12.0545],"direction":[-0.0623255,-0.178403,-0.981982],"extended":false,"handId":815,"id":8150,"length":51.4441,"mcpPosition":[-35.2099,262.269,90.491],"pipPosition":[-53.6018,256.824,45.1039],"stabilizedTipPosition":[-61.6337,221.633,147.639],"timeVisible":1.02122,"tipPosition":[-55.8002,246.93,-5.08609],"tipVelocity":[-39.4945,38.8166,-28.8881],"tool":false,"touchDistance":-0.360735,"touchZone":"touching","type":0,"width":19.9888},{"bases":[[[0.969722,0.0833495,-0.229547],[-0.0276266,0.971361,0.235997],[0.242643,-0.22251,0.944253]],[[0.981783,0.0707653,-0.176338],[-0.0289106,0.972888,0.229461],[0.187795,-0.220183,0.957211]],[[0.981783,0.0707653,-0.176338],[-0.0652933,0.997193,0.0366503],[0.178437,-0.0244689,0.983647]],[[0.981783,0.0707653,-0.176338],[-0.092597,0.988589,-0.118819],[0.165918,0.132983,0.977132]]],"btipPosition":[-60.5675,308.117,-61.7806],"carpPosition":[-27.927,284.28,87.3332],"dipPosition":[-57.7692,310.36,-45.301],"direction":[-0.178437,0.0244689,-0.983647],"extended":true,"handId":815,"id":8151,"length":58.0489,"mcpPosition":[-45.5479,300.439,18.761],"pipPosition":[-53.512,309.776,-21.8326],"stabilizedTipPosition":[-66.8283,280.192,91.8212],"timeVisible":1.02122,"tipPosition":[-59.9676,307.161,-58.0178],"tipVelocity":[-6.11056,5.6452,-82.2258],"tool":false,"touchDistance":-0.422172,"touchZone":"hovering","type":1,"width":19.0933},{"bases":[[[0.983995,-0.114301,-0.13671],[0.142048,0.966347,0.214466],[0.107596,-0.230452,0.967117]],[[0.989829,-0.140373,-0.0230991],[0.115092,0.885604,-0.449954],[0.0836183,0.442719,0.892753]],[[0.989829,-0.140373,-0.0230991],[0.0263573,0.340516,-0.939869],[0.139798,0.929701,0.340753]],[[0.989829,-0.140373,-0.0230991],[-0.0399374,-0.118348,-0.992169],[0.13654,0.983,-0.122751]]],"btipPosition":[-34.3001,237.52,-31.9465],"carpPosition":[-16.4549,287.044,84.4207],"dipPosition":[-31.7673,255.754,-34.2235],"direction":[-0.139798,-0.929701,-0.340753],"extended":false,"handId":815,"id":8152,"length":66.1421,"mcpPosition":[-23.8648,302.914,17.8172],"pipPosition":[-27.8433,281.85,-24.6587],"stabilizedTipPosition":[-52.2656,219.485,118.129],"timeVisible":1.02122,"tipPosition":[-33.6111,242.865,-32.9275],"tipVelocity":[-44.1658,-36.0279,-10.8295],"tool":false,"touchDistance":-0.335351,"touchZone":"hovering","type":2,"width":18.7521},{"bases":[[[0.975576,-0.219489,-0.00867667],[0.215345,0.947873,0.23487],[-0.043327,-0.231003,0.971988]],[[0.968819,-0.237552,0.07042],[0.241071,0.838106,-0.48935],[0.0572269,0.491068,0.86924]],[[0.968819,-0.237552,0.07042],[0.131544,0.252293,-0.958668],[0.209967,0.938039,0.275675]],[[0.968819,-0.237552,0.07042],[0.0220592,-0.200389,-0.979468],[0.246786,0.95048,-0.1889]]],"btipPosition":[-14.6797,236.155,-20.3122],"carpPosition":[-4.54184,286.71,82.1784],"dipPosition":[-10.1282,253.685,-23.7961],"direction":[-0.209967,-0.938039,-0.275675],"extended":false,"handId":815,"id":8153,"length":63.5974,"mcpPosition":[-1.86285,300.993,22.0785],"pipPosition":[-4.38674,279.335,-16.2578],"stabilizedTipPosition":[-16.5303,237.669,14.6649],"timeVisible":1.02122,"tipPosition":[-13.0442,241.375,-22.7739],"tipVelocity":[-61.9581,-62.707,45.4824],"tool":false,"touchDistance":0.333333,"touchZone":"hovering","type":3,"width":17.8439},{"bases":[[[0.914923,-0.398328,0.0651914],[0.359781,0.878038,0.315606],[-0.182955,-0.2653,0.946648]],[[0.867441,-0.439359,0.233472],[0.497161,0.783718,-0.372313],[-0.019397,0.439032,0.898262]],[[0.867441,-0.439359,0.233472],[0.384653,0.294572,-0.874797],[0.315576,0.84864,0.424525]],[[0.867441,-0.439359,0.233472],[0.211885,-0.0983569,-0.972332],[0.450167,0.892911,0.00777503]]],"btipPosition":[4.66496,247.536,-13.19],"carpPosition":[7.26812,279.251,80.674],"dipPosition":[12.3243,262.729,-13.0577],"direction":[-0.315576,-0.84864,-0.424525],"extended":false,"handId":815,"id":8154,"length":49.8592,"mcpPosition":[17.74,294.436,26.4905],"pipPosition":[18.417,279.113,-4.86159],"stabilizedTipPosition":[5.84817,249.62,22.7453],"timeVisible":1.02122,"tipPosition":[7.70271,252.803,-14.8528],"tipVelocity":[-130.177,-154.338,111.336],"tool":false,"touchDistance":0.333333,"touchZone":"hovering","type":4,"width":15.8503}],"r":[[0.820537,0.492446,0.290199],[-0.346962,0.832575,-0.431782],[-0.454242,0.253605,0.854019]],"s":1.26444,"t":[0.898824,63.2547,-196.546],"timestamp":606870607687},false],[5,{"currentFrameRate":106.742,"devices":[],"gestures":[],"hands":[{"armBasis":[[0.840579,0.262899,-0.473614],[0.0247386,0.854786,0.518391],[0.541123,-0.447466,0.712011]],"armWidth":62.898,"confidence":0.841666,"direction":[-0.0773198,0.369209,-0.926124],"elbow":[136.842,155.074,278.763],"grabStrength":0,"id":815,"palmNormal":[-0.0120394,-0.929183,-0.369423],"palmPosition":[-19.0511,289.918,38.6328],"palmVelocity":[-9.26117,37.3217,-58.9033],"palmWidth":89.8162,"pinchStrength":0.699308,"r":[[0.822736,0.491347,0.285804],[-0.343696,0.830487,-0.438365],[-0.452745,0.262429,0.852146]],"s":1.26304,"sphereCenter":[-20.2679,250.962,1.37206],"sphereRadius":52.163,"stabilizedPalmPosition":[-17.6055,236.766,209.084],"t":[0.832637,63.5005,-196.969],"timeVisible":1.03027,"type":"right","wrist":[-7.37698,274.332,88.9997]}],"id":4416317,"interactionBox":{"center":[0,200,0],"size":[235.247,235.247,147.751]},"pointables":[{"bases":[[[0.396844,0.910139,0.119006],[-0.766767,0.25744,0.588042],[0.504563,-0.324611,0.800028]],[[0.178885,0.965464,-0.189418],[-0.910635,0.23536,0.339632],[0.372484,0.111736,0.921288]],[[0.178885,0.965464,-0.189418],[-0.981762,0.187758,0.0298351],[0.0643696,0.180627,0.981443]],[[0.178885,0.965464,-0.189418],[-0.983204,0.182505,0.00169591],[0.0362071,0.185933,0.981895]]],"btipPosition":[-56.6547,246.809,-10.7734],"carpPosition":[-35.2982,262.689,90.3365],"dipPosition":[-55.8182,251.104,11.91],"direction":[-0.0643696,-0.180627,-0.981443],"extended":false,"handId":815,"id":8150,"length":51.4441,"mcpPosition":[-35.2982,262.689,90.3365],"pipPosition":[-53.6518,257.183,44.9412],"stabilizedTipPosition":[-61.5755,221.928,145.914],"timeVisible":1.03027,"tipPosition":[-56.0412,247.155,-5.21514],"tipVelocity":[-34.9381,35.7752,-25.0465],"tool":false,"touchDistance":-0.355025,"touchZone":"touching","type":0,"width":19.9888},{"bases":[[[0.969799,0.0791574,-0.230704],[-0.0242309,0.972461,0.231805],[0.2427,-0.219214,0.945009]],[[0.981966,0.0666406,-0.176922],[-0.025087,0.97347,0.227433],[0.187385,-0.218893,0.957587]],[[0.981966,0.0666406,-0.176922],[-0.0613531,0.997495,0.0351961],[0.178825,-0.0237067,0.983595]],[[0.981966,0.0666406,-0.176922],[-0.0887035,0.988818,-0.119874],[0.166956,0.133406,0.976897]]],"btipPosition":[-60.5995,308.179,-62.1021],"carpPosition":[-27.9456,284.661,87.0773],"dipPosition":[-57.7838,310.429,-45.6266],"direction":[-0.178825,0.0237067,-0.983595],"extended":true,"handId":815,"id":8151,"length":58.0489,"mcpPosition":[-45.5706,300.581,18.4502],"pipPosition":[-53.5173,309.864,-22.1594],"stabilizedTipPosition":[-66.8283,280.193,91.8198],"timeVisible":1.03027,"tipPosition":[-60.0104,307.246,-58.3349],"tipVelocity":[-5.2794,6.0334,-69.3789],"tool":false,"touchDistance":-0.413125,"touchZone":"hovering","type":1,"width":19.0933},{"bases":[[[0.983498,-0.118135,-0.137023],[0.145408,0.966794,0.210155],[0.107646,-0.226612,0.968018]],[[0.989342,-0.143737,-0.0232898],[0.117545,0.882765,-0.454873],[0.0859415,0.447287,0.890252]],[[0.989342,-0.143737,-0.0232898],[0.0266036,0.335681,-0.9416],[0.143161,0.930945,0.335927]],[[0.989342,-0.143737,-0.0232898],[-0.0411771,-0.122755,-0.991582],[0.139668,0.981973,-0.127365]]],"btipPosition":[-34.5785,237.353,-31.9459],"carpPosition":[-16.4669,287.375,84.1434],"dipPosition":[-31.9877,255.568,-34.3084],"direction":[-0.143161,-0.930945,-0.335927],"extended":false,"handId":815,"id":8152,"length":66.1421,"mcpPosition":[-23.8803,302.981,17.4779],"pipPosition":[-27.9692,281.7,-24.8791],"stabilizedTipPosition":[-51.5162,220.389,111.955],"timeVisible":1.03027,"tipPosition":[-33.8747,242.668,-32.9512],"tipVelocity":[-40.0649,-31.3045,-8.42302],"tool":false,"touchDistance":-0.330435,"touchZone":"hovering","type":2,"width":18.7521},{"bases":[[[0.974841,-0.222738,-0.00852777],[0.218661,0.948167,0.23058],[-0.0432732,-0.226643,0.973016]],[[0.968157,-0.240324,0.0701243],[0.242951,0.834368,-0.494777],[0.0603971,0.496058,0.866186]],[[0.968157,-0.240324,0.0701243],[0.130313,0.244612,-0.960824],[0.213756,0.939366,0.26814]],[[0.968157,-0.240324,0.0701243],[0.0190877,-0.208432,-0.977851],[0.249617,0.948051,-0.197208]]],"btipPosition":[-14.9936,235.956,-20.1675],"carpPosition":[-4.55685,286.992,81.8927],"dipPosition":[-10.39,253.441,-23.8046],"direction":[-0.213756,-0.939366,-0.26814],"extended":false,"handId":815,"id":8153,"length":63.5974,"mcpPosition":[-1.88118,301.006,21.7293],"pipPosition":[-4.54489,279.128,-16.4724],"stabilizedTipPosition":[-16.2899,237.883,11.3621],"timeVisible":1.03027,"tipPosition":[-13.365,241.106,-22.6256],"tipVelocity":[-54.0746,-51.7939,36.2757],"tool":false,"touchDistance":0.333333,"touchZone":"hovering","type":3,"width":17.8439},{"bases":[[[0.913661,-0.401055,0.0661651],[0.362934,0.878207,0.311498],[-0.183035,-0.26059,0.94794]],[[0.863487,-0.442623,0.241816],[0.504366,0.759677,-0.410494],[-0.00200801,0.47642,0.879216]],[[0.863487,-0.442623,0.241816],[0.374421,0.241308,-0.89531],[0.337932,0.863629,0.374093]],[[0.863487,-0.442623,0.241816],[0.193205,-0.152595,-0.96922],[0.465898,0.883629,-0.046247]]],"btipPosition":[3.32241,246.067,-10.9693],"carpPosition":[7.22722,279.488,80.411],"dipPosition":[11.2494,261.101,-11.7562],"direction":[-0.337932,-0.86363,-0.374093],"extended":false,"handId":815,"id":8154,"length":49.8592,"mcpPosition":[17.7036,294.404,26.1536],"pipPosition":[17.7737,277.775,-4.53377],"stabilizedTipPosition":[5.74132,249.605,17.5899],"timeVisible":1.03027,"tipPosition":[6.41624,251.321,-13.0268],"tipVelocity":[-133.326,-157.669,141.881],"tool":false,"touchDistance":0.333333,"touchZone":"hovering","type":4,"width":15.8503}],"r":[[0.822736,0.491347,0.285804],[-0.343696,0.830487,-0.438365],[-0.452745,0.262429,0.852146]],"s":1.26304,"t":[0.832637,63.5005,-196.969],"timestamp":606870616734},false],[6,{"currentFrameRate":106.922,"devices":[],"gestures":[],"hands":[{"armBasis":[[0.840509,0.261213,-0.474671],[0.0287106,0.853399,0.520467],[0.541037,-0.451085,0.70979]],"armWidth":62.898,"confidence":0.840053,"direction":[-0.076139,0.365257,-0.927788],"elbow":[136.709,154.57,277.807],"grabStrength":0,"id":815,"palmNormal":[-0.0157497,-0.930813,-0.365156],"palmPosition":[-19.1136,290.192,38.2014],"palmVelocity":[-8.61794,35.4079,-55.8484],"palmWidth":89.8162,"pinchStrength":0.700498,"r":[[0.824886,0.490053,0.281801],[-0.340471,0.828627,-0.444361],[-0.451268,0.270602,0.850371]],"s":1.26186,"sphereCenter":[-20.5922,251.427,1.1883],"sphereRadius":51.8458,"stabilizedPalmPosition":[-17.6071,236.823,208.902],"t":[0.768303,63.7605,-197.396],"timeVisible":1.03929,"type":"right","wrist":[-7.48628,274.791,88.6363]}],"id":4416318,"interactionBox":{"center":[0,200,0],"size":[235.247,235.247,147.751]},"pointables":[{"bases":[[[0.400409,0.909126,0.114731],[-0.7656,0.26311,0.587052],[0.503517,-0.322899,0.801378]],[[0.183696,0.963956,-0.192468],[-0.910017,0.240798,0.33747],[0.371652,0.113158,0.92145]],[[0.183696,0.963956,-0.192468],[-0.980774,0.192856,0.0298254],[0.065869,0.183289,0.98085]],[[0.183696,0.963956,-0.192468],[-0.982195,0.187837,0.00332984],[0.0393624,0.18843,0.981298]]],"btipPosition":[-56.891,247.166,-11.0506],"carpPosition":[-35.4521,263.263,90.0336],"dipPosition":[-55.9817,251.519,11.6191],"direction":[-0.065869,-0.183289,-0.98085],"extended":false,"handId":815,"id":8150,"length":51.4441,"mcpPosition":[-35.4521,263.263,90.0336],"pipPosition":[-53.7648,257.688,44.6303],"stabilizedTipPosition":[-61.5049,222.306,143.725],"timeVisible":1.03929,"tipPosition":[-56.2943,247.506,-5.49216],"tipVelocity":[-32.0192,37.2319,-26.7023],"tool":false,"touchDistance":-0.35206,"touchZone":"touching","type":0,"width":19.9888},{"bases":[[[0.970036,0.0743304,-0.231313],[-0.0203899,0.9736,0.22735],[0.242106,-0.215821,0.945942]],[[0.982255,0.0619121,-0.177038],[-0.0208818,0.974176,0.224822],[0.186385,-0.217136,0.958182]],[[0.982255,0.0619121,-0.177038],[-0.0568946,0.997825,0.0332839],[0.178713,-0.0226207,0.983641]],[[0.982255,0.0619121,-0.177038],[-0.0841951,0.989044,-0.121258],[0.167591,0.134012,0.976706]]],"btipPosition":[-60.5916,308.353,-62.5985],"carpPosition":[-28.0152,285.192,86.6718],"dipPosition":[-57.7651,310.613,-46.1261],"direction":[-0.178713,0.0226207,-0.983641],"extended":true,"handId":815,"id":8151,"length":58.0489,"mcpPosition":[-45.597,300.865,17.9769],"pipPosition":[-53.5013,310.073,-22.6578],"stabilizedTipPosition":[-66.8282,280.193,91.8188],"timeVisible":1.03929,"tipPosition":[-60.0126,307.445,-58.826],"tipVelocity":[-3.50866,9.74227,-65.4451],"tool":false,"touchDistance":-0.407602,"touchZone":"hovering","type":1,"width":19.0933},{"bases":[[[0.982994,-0.122583,-0.136732],[0.14922,0.967175,0.205683],[0.107031,-0.222589,0.969019]],[[0.98877,-0.147688,-0.0228711],[0.120772,0.879771,-0.459802],[0.0880285,0.451876,0.887727]],[[0.98877,-0.147688,-0.0228711],[0.0275707,0.330673,-0.943343],[0.146883,0.932118,0.331031]],[[0.98877,-0.147688,-0.0228711],[-0.0419431,-0.127346,-0.990971],[0.143442,0.980801,-0.13211]]],"btipPosition":[-34.8698,237.319,-32.0901],"carpPosition":[-16.5268,287.847,83.7225],"dipPosition":[-32.209,255.513,-34.5407],"direction":[-0.146883,-0.932118,-0.331031],"extended":false,"handId":815,"id":8152,"length":66.1421,"mcpPosition":[-23.8978,303.177,16.9881],"pipPosition":[-28.0861,281.677,-25.2488],"stabilizedTipPosition":[-50.7725,221.299,105.724],"timeVisible":1.03929,"tipPosition":[-34.1476,242.604,-33.1194],"tipVelocity":[-37.4315,-23.8766,-11.1206],"tool":false,"touchDistance":-0.328191,"touchZone":"hovering","type":2,"width":18.7521},{"bases":[[[0.973966,-0.226561,-0.00775638],[0.222405,0.948357,0.226174],[-0.0438864,-0.222011,0.974056]],[[0.967287,-0.243673,0.0705627],[0.245682,0.830498,-0.499913],[0.0632131,0.500895,0.863196]],[[0.967287,-0.243673,0.0705627],[0.129999,0.237265,-0.962708],[0.217844,0.940388,0.26118]],[[0.967287,-0.243673,0.0705627],[0.0168271,-0.21591,-0.976268],[0.253125,0.945519,-0.204747]]],"btipPosition":[-15.3185,235.891,-20.1927],"carpPosition":[-4.61895,287.408,81.4706],"dipPosition":[-10.6501,253.33,-23.9688],"direction":[-0.217844,-0.940388,-0.26118],"extended":false,"handId":815,"id":8153,"length":63.5974,"mcpPosition":[-1.90536,301.135,21.2428],"pipPosition":[-4.69326,279.044,-16.8269],"stabilizedTipPosition":[-16.0948,238.075,8.26805],"timeVisible":1.03929,"tipPosition":[-13.6904,240.977,-22.6461],"tipVelocity":[-48.6468,-39.8472,24.5483],"tool":false,"touchDistance":0.333333,"touchZone":"hovering","type":3,"width":17.8439},{"bases":[[[0.912115,-0.404294,0.0677689],[0.366428,0.878209,0.307376],[-0.183786,-0.255529,0.949172]],[[0.861389,-0.44508,0.244771],[0.507651,0.737906,-0.444731],[0.0173233,0.507345,0.861569]],[[0.861389,-0.44508,0.244771],[0.358209,0.190623,-0.913974],[0.360133,0.874966,0.323632]],[[0.861389,-0.44508,0.244771],[0.167867,-0.205367,-0.964181],[0.479406,0.871624,-0.102187]]],"btipPosition":[1.94048,245.047,-8.88863],"carpPosition":[7.13549,279.852,80.0203],"dipPosition":[10.0973,259.877,-10.6273],"direction":[-0.360133,-0.874966,-0.323632],"extended":false,"handId":815,"id":8154,"length":49.8592,"mcpPosition":[17.6549,294.478,25.6923],"pipPosition":[17.0502,276.77,-4.37908],"stabilizedTipPosition":[5.45187,249.433,13.5479],"timeVisible":1.03929,"tipPosition":[5.12173,250.169,-11.3039],"tipVelocity"