{"sensorType":"Leap","data":[[0,{"currentFrameRate":108.675,"devices":[],"gestures":[],"hands":[{"armBasis":[[0.8093,0.218269,-0.545337],[0.123782,0.844178,0.521576],[0.574205,-0.489614,0.656176]],"armWidth":62.898,"confidence":0.789366,"direction":[-0.127871,0.291027,-0.948131],"elbow":[124.714,169.547,266.03],"grabStrength":0,"id":817,"palmNormal":[-0.0932639,-0.955271,-0.28064],"palmPosition":[-42.9652,311.872,40.5363],"palmVelocity":[-51.3167,27.1955,-109.187],"palmWidth":89.8162,"pinchStrength":0.962543,"r":[[0.989314,0.101629,0.104546],[-0.0613532,0.940641,-0.333813],[-0.132265,0.323831,0.936824]],"s":0.881207,"sphereCenter":[-53.699,276.141,8.77223],"sphereRadius":48.6775,"stabilizedPalmPosition":[-23.8968,296.685,70.6667],"t":[-3.79478,20.9941,-81.5281],"timeVisible":1.57277,"type":"right","wrist":[-28.322,300.038,91.1483]}],"id":4416943,"interactionBox":{"center":[0,200,0],"size":[235.247,235.247,147.751]},"pointables":[{"bases":[[[0.455792,0.890067,0.00592571],[-0.703038,0.355918,0.615679],[0.545886,-0.284787,0.787975]],[[0.30481,0.933003,-0.1913],[-0.882943,0.352123,0.310518],[0.357075,0.0742585,0.931119]],[[0.30481,0.933003,-0.1913],[-0.952347,0.296207,-0.0727777],[-0.0112374,0.204368,0.97883]],[[0.30481,0.933003,-0.1913],[-0.903788,0.219994,-0.36711],[-0.30043,0.284794,0.910294]]],"btipPosition":[-66.9457,273.233,-4.29201],"carpPosition":[-56.6699,290.349,95.5603],"dipPosition":[-73.8861,279.812,16.7373],"direction":[0.0112374,-0.204368,-0.97883],"extended":false,"handId":817,"id":8170,"length":51.4441,"mcpPosition":[-56.6699,290.349,95.5603],"pipPosition":[-74.2643,286.69,49.6806],"stabilizedTipPosition":[-58.8566,259.03,24.1991],"timeVisible":1.57277,"tipPosition":[-68.5063,273.995,0.382123],"tipVelocity":[-74.9776,53.9468,-108.065],"tool":false,"touchDistance":-0.292214,"touchZone":"touching","type":0,"width":19.9888},{"bases":[[[0.951909,-0.00293093,-0.306367],[0.0489402,0.988569,0.142604],[0.302447,-0.15074,0.941171]],[[0.982583,-0.0220276,-0.184511],[0.0702246,0.963331,0.258963],[0.172041,-0.26741,0.9481]],[[0.982583,-0.0220276,-0.184511],[0.0457587,0.991055,0.125365],[0.180099,-0.131624,0.974802]],[[0.982583,-0.0220276,-0.184511],[0.0246875,0.999622,0.0121311],[0.184174,-0.016475,0.982755]]],"btipPosition":[-85.0224,337.148,-58.6136],"carpPosition":[-48.3595,311.443,89.7738],"dipPosition":[-81.9163,336.87,-42.0392],"direction":[-0.180099,0.131624,-0.974802],"extended":true,"handId":817,"id":8171,"length":58.0489,"mcpPosition":[-70.3234,322.39,21.4254],"pipPosition":[-77.6193,333.73,-18.7818],"stabilizedTipPosition":[-77.3983,332.874,-47.1679],"timeVisible":1.57277,"tipPosition":[-84.4106,336.601,-54.8599],"tipVelocity":[-73.3343,67.599,-89.6701],"tool":false,"touchDistance":-0.397288,"touchZone":"touching","type":1,"width":19.0933},{"bases":[[[0.961635,-0.191753,-0.196186],[0.215795,0.970292,0.109385],[0.169383,-0.147524,0.974446]],[[0.971795,-0.202505,-0.120857],[0.075805,0.753519,-0.653041],[0.223312,0.62546,0.747617]],[[0.971795,-0.202505,-0.120857],[-0.109615,0.0658826,-0.991788],[0.208804,0.977063,0.0418268]],[[0.971795,-0.202505,-0.120857],[-0.192816,-0.387215,-0.901602],[0.135781,0.899475,-0.41534]]],"btipPosition":[-67.6774,249.447,-10.366],"carpPosition":[-37.0077,313.156,85.7825],"dipPosition":[-65.1587,266.132,-18.0704],"direction":[-0.208804,-0.977063,-0.0418268],"extended":false,"handId":817,"id":8172,"length":66.1421,"mcpPosition":[-48.6727,323.316,18.6743],"pipPosition":[-59.2976,293.557,-16.8963],"stabilizedTipPosition":[-57.775,249.269,-0.287817],"timeVisible":1.57277,"tipPosition":[-67.0449,253.572,-12.7119],"tipVelocity":[-78.8397,46.0452,-118.55],"tool":false,"touchDistance":0.152366,"touchZone":"hovering","type":2,"width":18.7521},{"bases":[[[0.957058,-0.283968,-0.058334],[0.289238,0.948916,0.126096],[0.0195468,-0.137554,0.990301]],[[0.955888,-0.29335,0.0149507],[0.231528,0.721161,-0.652933],[0.180756,0.627592,0.757268]],[[0.955888,-0.29335,0.0149507],[0.028035,0.0404491,-0.998788],[0.29239,0.955149,0.0468889]],[[0.955888,-0.29335,0.0149507],[-0.108084,-0.398612,-0.910729],[0.273122,0.868939,-0.412735]]],"btipPosition":[-47.5619,250.507,-5.57719],"carpPosition":[-25.3489,311.824,82.7232],"dipPosition":[-42.5247,266.532,-13.1892],"direction":[-0.29239,-0.955149,-0.0468889],"extended":false,"handId":817,"id":8173,"length":63.5974,"mcpPosition":[-26.5575,320.329,21.4909],"pipPosition":[-34.5294,292.651,-11.9071],"stabilizedTipPosition":[-33.1657,241.908,25.9091],"timeVisible":1.57277,"tipPosition":[-46.4871,254.434,-7.08316],"tipVelocity":[-75.1622,36.1273,-117.273],"tool":false,"touchDistance":-0.164764,"touchZone":"touching","type":3,"width":17.8439},{"bases":[[[0.891853,-0.450839,0.0366472],[0.435157,0.877291,0.20248],[-0.123436,-0.164635,0.9786]],[[0.848531,-0.474802,0.233578],[0.515412,0.641704,-0.56795],[0.119775,0.602312,0.789224]],[[0.848531,-0.474802,0.233578],[0.265265,-0.000262767,-0.964175],[0.457854,0.880093,0.125725]],[[0.848531,-0.474802,0.233578],[0.025758,-0.403839,-0.914468],[0.528519,0.78197,-0.33044]]],"btipPosition":[-29.1066,261.592,0.727161],"carpPosition":[-14.1592,303.488,81.0909],"dipPosition":[-20.1142,274.897,-4.89509],"direction":[-0.457854,-0.880093,-0.125725],"extended":false,"handId":817,"id":8174,"length":49.8592,"mcpPosition":[-7.09408,312.911,25.0786],"pipPosition":[-11.2746,291.889,-2.46777],"stabilizedTipPosition":[-15.6805,257.602,21.8863],"timeVisible":1.57277,"tipPosition":[-27.2261,264.991,0.0777013],"tipVelocity":[-65.7769,35.2289,-134.241],"tool":false,"touchDistance":-0.135947,"touchZone":"touching","type":4,"width":15.8503}],"r":[[0.989314,0.101629,0.104546],[-0.0613532,0.940641,-0.333813],[-0.132265,0.323831,0.936824]],"s":0.881207,"t":[-3.79478,20.9941,-81.5281],"timestamp":606876491808},false],[1,{"currentFrameRate":108.8,"devices":[],"gestures":[],"hands":[{"armBasis":[[0.809948,0.21979,-0.543761],[0.122086,0.843637,0.52285],[0.573654,-0.489867,0.656469]],"armWidth":62.898,"confidence":0.775175,"direction":[-0.128768,0.306306,-0.943184],"elbow":[123.81,169.357,264.226],"grabStrength":0,"id":817,"palmNormal":[-0.0927925,-0.950651,-0.296062],"palmPosition":[-43.7667,312.56,38.8633],"palmVelocity":[-61.7367,40.7511,-130.369],"palmWidth":89.8162,"pinchStrength":0.961021,"r":[[0.989664,0.100121,0.102672],[-0.061185,0.942302,-0.329124],[-0.1297,0.31944,0.938688]],"s":0.881828,"sphereCenter":[-54.4813,277.41,6.53347],"sphereRadius":48.6219,"stabilizedPalmPosition":[-23.9944,296.763,70.5105],"t":[-4.41311,21.4407,-82.8491],"timeVisible":1.58174,"type":"right","wrist":[-29.0782,299.915,89.2658]}],"id":4416944,"interactionBox":{"center":[0,200,0],"size":[235.247,235.247,147.751]},"pointables":[{"bases":[[[0.455166,0.890181,0.0200641],[-0.70284,0.345358,0.621887],[0.546662,-0.297163,0.78285]],[[0.304359,0.936173,-0.175915],[-0.882357,0.346662,0.318232],[0.358903,0.0583629,0.931549]],[[0.304359,0.936173,-0.175915],[-0.952483,0.2968,-0.0684475],[-0.0118672,0.188389,0.982023]],[[0.304359,0.936173,-0.175915],[-0.902294,0.224143,-0.368274],[-0.305338,0.270814,0.912923]]],"btipPosition":[-67.6473,274.664,-6.5016],"carpPosition":[-57.4161,290.136,93.54],"dipPosition":[-74.7011,280.92,14.5885],"direction":[0.0118672,-0.188389,-0.982023],"extended":false,"handId":817,"id":8170,"length":51.4441,"mcpPosition":[-57.4161,290.136,93.54],"pipPosition":[-75.1005,287.26,47.6392],"stabilizedTipPosition":[-59.2141,259.616,23.3116],"timeVisible":1.58174,"tipPosition":[-69.2646,275.378,-1.8369],"tipVelocity":[-76.6674,80.5833,-145.508],"tool":false,"touchDistance":-0.324261,"touchZone":"touching","type":0,"width":19.9888},{"bases":[[[0.951687,0.00273358,-0.307057],[0.0483446,0.986156,0.158617],[0.30324,-0.165799,0.93838]],[[0.982476,-0.0183301,-0.185484],[0.0698308,0.95887,0.275122],[0.172812,-0.283254,0.943347]],[[0.982476,-0.0183301,-0.185484],[0.0453007,0.988796,0.142233],[0.180799,-0.148144,0.972299]],[[0.982476,-0.0183301,-0.185484],[0.0241812,0.999277,0.0293314],[0.184813,-0.0333027,0.982209]]],"btipPosition":[-85.9054,339.475,-59.823],"carpPosition":[-49.1248,311.327,88.0912],"dipPosition":[-82.7885,338.914,-43.2578],"direction":[-0.180799,0.148144,-0.972299],"extended":true,"handId":817,"id":8171,"length":58.0489,"mcpPosition":[-71.1462,323.367,19.9455],"pipPosition":[-78.4749,335.379,-20.0601],"stabilizedTipPosition":[-78.3642,333.676,-48.2646],"timeVisible":1.58174,"tipPosition":[-85.2905,338.859,-56.0802],"tipVelocity":[-80.1404,118.145,-102.107],"tool":false,"touchDistance":-0.404065,"touchZone":"touching","type":1,"width":19.0933},{"bases":[[[0.961627,-0.187847,-0.199967],[0.215188,0.968541,0.124986],[0.170198,-0.16322,0.971798]],[[0.971864,-0.199837,-0.124681],[0.0750876,0.764571,-0.640151],[0.223253,0.612778,0.758064]],[[0.971864,-0.199837,-0.124681],[-0.110048,0.0827759,-0.990473],[0.208254,0.976326,0.0584553]],[[0.971864,-0.199837,-0.124681],[-0.192968,-0.371963,-0.907969],[0.135069,0.906482,-0.40006]]],"btipPosition":[-68.4715,250.979,-13.0932],"carpPosition":[-37.7771,313.113,84.1201],"dipPosition":[-65.966,267.793,-20.5142],"direction":[-0.208254,-0.976326,-0.0584553],"extended":false,"handId":817,"id":8172,"length":66.1421,"mcpPosition":[-49.4983,324.354,17.1943],"pipPosition":[-60.1204,295.199,-18.8734],"stabilizedTipPosition":[-57.9979,249.392,-0.607444],"timeVisible":1.58174,"tipPosition":[-67.8449,255.122,-15.3243],"tipVelocity":[-81.5927,81.1122,-167.362],"tool":false,"touchDistance":0.107998,"touchZone":"hovering","type":2,"width":18.7521},{"bases":[[[0.957216,-0.282294,-0.0636286],[0.288658,0.946949,0.141295],[0.0203665,-0.153616,0.987921]],[[0.956087,-0.292917,0.00987617],[0.230831,0.731816,-0.64122],[0.180597,0.615341,0.767294]],[[0.956087,-0.292917,0.00987617],[0.0276635,0.0566447,-0.998011],[0.291775,0.954458,0.0622604]],[[0.956087,-0.292917,0.00987617],[-0.108148,-0.383916,-0.917013],[0.272401,0.875676,-0.398735]]],"btipPosition":[-48.3462,251.95,-8.24265],"carpPosition":[-26.1196,311.839,81.0312],"dipPosition":[-43.3223,268.1,-15.5965],"direction":[-0.291775,-0.954458,-0.0622604],"extended":false,"handId":817,"id":8173,"length":63.5974,"mcpPosition":[-27.3789,321.338,19.9461],"pipPosition":[-35.3438,294.199,-13.894],"stabilizedTipPosition":[-33.3884,242.126,25.3399],"timeVisible":1.58174,"tipPosition":[-47.2765,255.898,-9.68684],"tipVelocity":[-78.6224,71.1627,-164.725],"tool":false,"touchDistance":-0.208198,"touchZone":"touching","type":3,"width":17.8439},{"bases":[[[0.892198,-0.450733,0.0286747],[0.434684,0.874197,0.2164],[-0.122606,-0.180607,0.975884]],[[0.847583,-0.478332,0.229786],[0.515944,0.641532,-0.567661],[0.124115,0.599696,0.790544]],[[0.847583,-0.478332,0.229786],[0.262238,0.00109648,-0.965003],[0.46134,0.878178,0.126366]],[[0.847583,-0.478332,0.229786],[0.0227768,-0.399826,-0.916308],[0.530174,0.781881,-0.327991]]],"btipPosition":[-30.1671,262.687,-1.05274],"carpPosition":[-14.9252,303.539,79.2556],"dipPosition":[-21.1465,275.99,-6.63332],"direction":[-0.46134,-0.878178,-0.126366],"extended":false,"handId":817,"id":8174,"length":49.8592,"mcpPosition":[-7.90761,313.876,23.3988],"pipPosition":[-12.2396,292.945,-4.19364],"stabilizedTipPosition":[-15.7831,257.669,21.6859],"timeVisible":1.58174,"tipPosition":[-28.1731,266.15,-1.99713],"tipVelocity":[-79.9461,58.9889,-151.537],"tool":false,"touchDistance":-0.165453,"touchZone":"touching","type":4,"width":15.8503}],"r":[[0.989664,0.100121,0.102672],[-0.061185,0.942302,-0.329124],[-0.1297,0.31944,0.938688]],"s":0.881828,"t":[-4.41311,21.4407,-82.8491],"timestamp":606876500775},false],[2,{"currentFrameRate":108.693,"devices":[],"gestures":[],"hands":[{"armBasis":[[0.812159,0.221718,-0.539666],[0.122133,0.839875,0.52886],[0.57051,-0.495429,0.655033]],"armWidth":62.898,"confidence":0.783666,"direction":[-0.130412,0.310331,-0.941641],"elbow":[122.397,168.159,262.068],"grabStrength":0,"id":817,"palmNormal":[-0.0921054,-0.949437,-0.300144],"palmPosition":[-44.426,313.051,37.1647],"palmVelocity":[-64.1484,44.0189,-144.744],"palmWidth":89.8162,"pinchStrength":0.959109,"r":[[0.989944,0.0990596,0.100985],[-0.061347,0.943889,-0.324515],[-0.127465,0.315056,0.940474]],"s":0.882228,"sphereCenter":[-55.091,278.082,4.69206],"sphereRadius":48.5687,"stabilizedPalmPosition":[-24.0975,296.846,70.3423],"t":[-5.05194,21.9093,-84.3588],"timeVisible":1.59113,"type":"right","wrist":[-29.6539,300.2,87.4905]}],"id":4416945,"interactionBox":{"center":[0,200,0],"size":[235.247,235.247,147.751]},"pointables":[{"bases":[[[0.454169,0.890608,0.0233867],[-0.702384,0.341788,0.624369],[0.548075,-0.299996,0.780779]],[[0.303528,0.937242,-0.171605],[-0.881555,0.344577,0.322689],[0.361569,0.0533342,0.930819]],[[0.303528,0.937242,-0.171605],[-0.952746,0.296255,-0.0671442],[-0.0120915,0.183876,0.982875]],[[0.303528,0.937242,-0.171605],[-0.901122,0.223845,-0.371311],[-0.309595,0.267341,0.912513]]],"btipPosition":[-68.2314,275.376,-8.26475],"carpPosition":[-57.9747,290.369,91.7601],"dipPosition":[-75.3836,281.552,12.8159],"direction":[0.0120915,-0.183876,-0.982875],"extended":false,"handId":817,"id":8170,"length":51.4441,"mcpPosition":[-57.9747,290.369,91.7601],"pipPosition":[-75.7905,287.741,45.8953],"stabilizedTipPosition":[-59.5824,260.21,22.3884],"timeVisible":1.59113,"tipPosition":[-69.8959,276.09,-3.61645],"tipVelocity":[-73.2351,78.6886,-157.597],"tool":false,"touchDistance":-0.346648,"touchZone":"touching","type":0,"width":19.9888},{"bases":[[[0.951262,0.00519307,-0.308341],[0.0474285,0.985499,0.162919],[0.304716,-0.169603,0.937221]],[[0.982252,-0.0163833,-0.186848],[0.069178,0.957591,0.279703],[0.174341,-0.287664,0.941729]],[[0.982252,-0.0163833,-0.186848],[0.0444493,0.988133,0.147027],[0.182222,-0.152723,0.971324]],[[0.982252,-0.0163833,-0.186848],[0.0231734,0.999146,0.0342145],[0.186128,-0.0379372,0.981793]]],"btipPosition":[-86.724,340.392,-61.3372],"carpPosition":[-49.7152,311.593,86.3939],"dipPosition":[-83.5849,339.753,-44.7791],"direction":[-0.182222,0.152723,-0.971324],"extended":true,"handId":817,"id":8171,"length":58.0489,"mcpPosition":[-71.8439,323.91,18.3324],"pipPosition":[-79.2374,336.109,-21.6047],"stabilizedTipPosition":[-79.4104,334.576,-49.5335],"timeVisible":1.59113,"tipPosition":[-86.1031,339.758,-57.5986],"tipVelocity":[-81.9861,111.766,-118.989],"tool":false,"touchDistance":-0.41473,"touchZone":"touching","type":1,"width":19.0933},{"bases":[[[0.961567,-0.185849,-0.20211],[0.214246,0.968226,0.128982],[0.171717,-0.167326,0.970832]],[[0.971923,-0.198163,-0.126874],[0.0734338,0.767725,-0.636557],[0.223546,0.609368,0.760722]],[[0.971923,-0.198163,-0.126874],[-0.111389,0.0874708,-0.98992],[0.207263,0.976258,0.0629417]],[[0.971923,-0.198163,-0.126874],[-0.193717,-0.367807,-0.909501],[0.133564,0.908542,-0.395868]]],"btipPosition":[-69.1322,251.684,-15.0617],"carpPosition":[-38.375,313.41,82.4153],"dipPosition":[-66.6547,268.537,-22.4048],"direction":[-0.207263,-0.976258,-0.0629417],"extended":false,"handId":817,"id":8172,"length":66.1421,"mcpPosition":[-50.2009,324.933,15.556],"pipPosition":[-60.8369,295.94,-20.6381],"stabilizedTipPosition":[-58.2118,249.517,-0.934224],"timeVisible":1.59113,"tipPosition":[-68.5142,255.826,-17.248],"tipVelocity":[-78.5909,79.6789,-178.844],"tool":false,"touchDistance":0.0754893,"touchZone":"hovering","type":2,"width":18.7521},{"bases":[[[0.957451,-0.280903,-0.0661854],[0.287763,0.946647,0.145095],[0.0218966,-0.157967,0.987202]],[[0.956411,-0.291921,0.00776504],[0.229427,0.734681,-0.638441],[0.18067,0.612393,0.769632]],[[0.956411,-0.291921,0.00776504],[0.0266486,0.0607667,-0.997796],[0.290806,0.95451,0.0658972]],[[0.956411,-0.291921,0.00776504],[-0.108601,-0.380237,-0.918491],[0.27108,0.877611,-0.395366]]],"btipPosition":[-48.9939,252.636,-10.1892],"carpPosition":[-26.7204,312.163,79.3049],"dipPosition":[-43.9944,268.821,-17.4809],"direction":[-0.290806,-0.95451,-0.0658972],"extended":false,"handId":817,"id":8173,"length":63.5974,"mcpPosition":[-28.0743,321.931,18.2642],"pipPosition":[-36.0424,294.922,-15.679],"stabilizedTipPosition":[-33.6211,242.355,24.741],"timeVisible":1.59113,"tipPosition":[-47.9313,256.59,-11.6278],"tipVelocity":[-76.0456,71.9499,-176.404],"tool":false,"touchDistance":-0.240403,"touchZone":"touching","type":3,"width":17.8439},{"bases":[[[0.892754,-0.449824,0.0254594],[0.433975,0.873732,0.219677],[-0.121061,-0.185069,0.97524]],[[0.847232,-0.478712,0.230286],[0.515397,0.635714,-0.57466],[0.128701,0.605559,0.785324]],[[0.847232,-0.478712,0.230286],[0.257549,-0.00899134,-0.966223],[0.464614,0.877926,0.115674]],[[0.847232,-0.478712,0.230286],[0.0178607,-0.407588,-0.912991],[0.530922,0.777629,-0.336771]]],"btipPosition":[-31.0852,263.16,-2.25629],"carpPosition":[-15.5189,303.884,77.4773],"dipPosition":[-22.0518,276.391,-7.98626],"direction":[-0.464614,-0.877926,-0.115674],"extended":false,"handId":817,"id":8174,"length":49.8592,"mcpPosition":[-8.58971,314.477,21.6572],"pipPosition":[-13.0818,293.341,-5.753],"stabilizedTipPosition":[-15.9101,257.751,21.4434],"timeVisible":1.59113,"tipPosition":[-28.9928,266.648,-3.51338],"tipVelocity":[-84.9284,56.0312,-145.924],"tool":false,"touchDistance":-0.186085,"touchZone":"touching","type":4,"width":15.8503}],"r":[[0.989944,0.0990596,0.100985],[-0.061347,0.943889,-0.324515],[-0.127465,0.315056,0.940474]],"s":0.882228,"t":[-5.05194,21.9093,-84.3588],"timestamp":606876510166},false],[3,{"currentFrameRate":108.96,"devices":[],"gestures":[],"hands":[{"armBasis":[[0.812599,0.223102,-0.538432],[0.122214,0.838067,0.531702],[0.569866,-0.497864,0.653746]],"armWidth":62.898,"confidence":0.79503,"direction":[-0.131305,0.311924,-0.94099],"elbow":[121.826,167.67,260.804],"grabStrength":0,"id":817,"palmNormal":[-0.0917691,-0.948957,-0.301759],"palmPosition":[-44.8709,313.291,36.2781],"palmVelocity":[-60.6799,39.641,-133.321],"palmWidth":89.8162,"pinchStrength":0.956875,"r":[[0.990169,0.0982983,0.0995173],[-0.0616294,0.945249,-0.320477],[-0.125571,0.311193,0.942014]],"s":0.882598,"sphereCenter":[-55.456,278.349,3.73337],"sphereRadius":48.5759,"stabilizedPalmPosition":[-24.1923,296.921,70.1868],"t":[-5.59382,22.2637,-85.557],"timeVisible":1.59983,"type":"right","wrist":[-30.0533,300.359,86.5699]}],"id":4416946,"interactionBox":{"center":[0,200,0],"size":[235.247,235.247,147.751]},"pointables":[{"bases":[[[0.453659,0.890835,0.0246252],[-0.702116,0.340263,0.625503],[0.548841,-0.301055,0.779833]],[[0.303403,0.937664,-0.169509],[-0.880753,0.343855,0.325633],[0.363621,0.0504981,0.930177]],[[0.303403,0.937664,-0.169509],[-0.952789,0.296338,-0.0661492],[-0.0117936,0.181577,0.983306]],[[0.303403,0.937664,-0.169509],[-0.899547,0.223186,-0.375503],[-0.314264,0.26641,0.911188]]],"btipPosition":[-68.625,275.75,-9.13382],"carpPosition":[-58.365,290.504,90.8434],"dipPosition":[-75.8851,281.905,11.9162],"direction":[0.0117936,-0.181577,-0.983306],"extended":false,"handId":817,"id":8170,"length":51.4441,"mcpPosition":[-58.365,290.504,90.8434],"pipPosition":[-76.282,288.016,45.0101],"stabilizedTipPosition":[-59.9057,260.721,21.5831],"timeVisible":1.59983,"tipPosition":[-70.3265,276.467,-4.50331],"tipVelocity":[-66.5307,69.0134,-142.423],"tool":false,"touchDistance":-0.353458,"touchZone":"touching","type":0,"width":19.9888},{"bases":[[[0.951026,0.00630476,-0.309047],[0.0469674,0.985236,0.164632],[0.305522,-0.171084,0.936689]],[[0.982123,-0.0154707,-0.187604],[0.0688659,0.957059,0.281596],[0.175191,-0.289481,0.941015]],[[0.982123,-0.0154707,-0.187604],[0.044012,0.987866,0.148943],[0.183023,-0.154537,0.970887]],[[0.982123,-0.0154707,-0.187604],[0.0226359,0.999091,0.0361109],[0.186874,-0.0397119,0.981581]]],"btipPosition":[-87.2573,340.8,-62.1396],"carpPosition":[-50.1222,311.743,85.5086],"dipPosition":[-84.1056,340.13,-45.585],"direction":[-0.183023,0.154537,-0.970887],"extended":true,"handId":817,"id":8171,"length":58.0489,"mcpPosition":[-72.3094,324.167,17.4857],"pipPosition":[-79.7389,336.443,-22.421],"stabilizedTipPosition":[-80.3245,335.355,-50.6629],"timeVisible":1.59983,"tipPosition":[-86.6321,340.161,-58.4026],"tipVelocity":[-76.38,94.2382,-111.877],"tool":false,"touchDistance":-0.413638,"touchZone":"touching","type":1,"width":19.0933},{"bases":[[[0.961525,-0.184919,-0.203163],[0.21377,0.968123,0.130538],[0.172547,-0.168946,0.970404]],[[0.97195,-0.197368,-0.127905],[0.0725873,0.769027,-0.635082],[0.223708,0.607983,0.761782]],[[0.97195,-0.197368,-0.127905],[-0.112088,0.0893758,-0.989671],[0.206761,0.976247,0.0647461]],[[0.97195,-0.197368,-0.127905],[-0.194116,-0.36615,-0.910084],[0.132789,0.909384,-0.394192]]],"btipPosition":[-69.5797,252.01,-16.055],"carpPosition":[-38.7861,313.573,81.5247],"dipPosition":[-67.1165,268.879,-23.3671],"direction":[-0.206761,-0.976247,-0.0647461],"extended":false,"handId":817,"id":8172,"length":66.1421,"mcpPosition":[-50.6691,325.208,14.6949],"pipPosition":[-61.3128,296.281,-21.5497],"stabilizedTipPosition":[-58.3903,249.622,-1.21186],"timeVisible":1.59983,"tipPosition":[-68.9666,256.148,-18.2182],"tipVelocity":[-71.449,68.5203,-161.377],"tool":false,"touchDistance":0.0590531,"touchZone":"hovering","type":2,"width":18.7521},{"bases":[[[0.957567,-0.280217,-0.0674039],[0.287312,0.946558,0.146558],[0.0227338,-0.159705,0.986903]],[[0.956567,-0.29143,0.0069759],[0.228799,0.735736,-0.637451],[0.18064,0.61136,0.770459]],[[0.956567,-0.29143,0.0069759],[0.0262418,0.062252,-0.997715],[0.29033,0.954565,0.0671959]],[[0.956567,-0.29143,0.0069759],[-0.108737,-0.37891,-0.919023],[0.270474,0.878348,-0.394142]]],"btipPosition":[-49.4328,252.95,-11.1669],"carpPosition":[-27.133,312.339,78.4033],"dipPosition":[-44.4444,269.149,-18.4361],"direction":[-0.29033,-0.954565,-0.0671959],"extended":false,"handId":817,"id":8173,"length":63.5974,"mcpPosition":[-28.5387,322.214,17.3811],"pipPosition":[-36.5055,295.251,-16.5986],"stabilizedTipPosition":[-33.8296,242.559,24.2067],"timeVisible":1.59983,"tipPosition":[-48.3739,256.906,-12.6087],"tipVelocity":[-69.2971,62.4769,-159.17],"tool":false,"touchDistance":-0.256612,"touchZone":"touching","type":3,"width":17.8439},{"bases":[[[0.893039,-0.449339,0.0239896],[0.433623,0.873598,0.220901],[-0.120217,-0.186871,0.975001]],[[0.847134,-0.478776,0.230516],[0.515584,0.635603,-0.574614],[0.128595,0.605626,0.78529]],[[0.847134,-0.478776,0.230516],[0.257571,-0.00946215,-0.966213],[0.464781,0.877886,0.115303]],[[0.847134,-0.478776,0.230516],[0.0178198,-0.407966,-0.912823],[0.53108,0.777392,-0.33707]]],"btipPosition":[-31.5449,263.451,-3.15386],"carpPosition":[-15.928,304.069,76.5526],"dipPosition":[-22.5088,276.678,-8.88892],"direction":[-0.464781,-0.877886,-0.115303],"extended":false,"handId":817,"id":8174,"length":49.8592,"mcpPosition":[-9.04717,314.765,20.7462],"pipPosition":[-13.5355,293.627,-6.66283],"stabilizedTipPosition":[-16.037,257.833,21.2009],"timeVisible":1.59983,"tipPosition":[-29.4495,266.927,-4.44577],"tipVelocity":[-76.3508,49.9923,-134.558],"tool":false,"touchDistance":-0.201064,"touchZone":"touching","type":4,"width":15.8503}],"r":[[0.990169,0.0982983,0.0995173],[-0.0616294,0.945249,-0.320477],[-0.125571,0.311193,0.942014]],"s":0.882598,"t":[-5.59382,22.2637,-85.557],"timestamp":606876518865},false],[4,{"currentFrameRate":108.967,"devices":[],"gestures":[],"hands":[{"armBasis":[[0.811993,0.216886,-0.541874],[0.127738,0.839855,0.527567],[0.569518,-0.497598,0.654252]],"armWidth":62.898,"confidence":0.799892,"direction":[-0.132446,0.313406,-0.940338],"elbow":[121.415,167.913,260.28],"grabStrength":0,"id":817,"palmNormal":[-0.0977522,-0.948201,-0.302258],"palmPosition":[-45.27,313.584,35.6736],"palmVelocity":[-55.9023,37.5016,-114.543],"palmWidth":89.8162,"pinchStrength":0.955375,"r":[[0.990509,0.0966175,0.0977631],[-0.0610264,0.946443,-0.31705],[-0.12316,0.308075,0.943356]],"s":0.882873,"sphereCenter":[-56.0872,278.732,3.12568],"sphereRadius":48.5593,"stabilizedPalmPosition":[-24.2936,297.001,70.0209],"t":[-6.06428,22.5873,-86.4584],"timeVisible":1.60899,"type":"right","wrist":[-30.3715,300.531,85.9102]}],"id":4416947,"interactionBox":{"center":[0,200,0],"size":[235.247,235.247,147.751]},"pointables":[{"bases":[[[0.458496,0.888373,0.0239944],[-0.69841,0.343496,0.627881],[0.54955,-0.304639,0.77794]],[[0.308408,0.936109,-0.169068],[-0.877333,0.348606,0.32979],[0.367658,0.046619,0.928792]],[[0.308408,0.936109,-0.169068],[-0.951215,0.30188,-0.0637004],[-0.0085923,0.180466,0.983544]],[[0.308408,0.936109,-0.169068],[-0.898076,0.227939,-0.376169],[-0.313599,0.267849,0.910995]]],"btipPosition":[-69.3047,276.266,-9.65213],"carpPosition":[-58.7227,290.824,90.2603],"dipPosition":[-76.5494,282.453,11.3934],"direction":[0.0085923,-0.180466,-0.983544],"extended":false,"handId":817,"id":8170,"length":51.4441,"mcpPosition":[-58.7227,290.824,90.2603],"pipPosition":[-76.8385,288.527,44.4953],"stabilizedTipPosition":[-60.2583,261.262,20.742],"timeVisible":1.60899,"tipPosition":[-71.0194,276.998,-5.02747],"tipVelocity":[-68.5523,65.6834,-118.515],"tool":false,"touchDistance":-0.354236,"touchZone":"touching","type":0,"width":19.9888},{"bases":[[[0.950118,0.00147094,-0.311888],[0.0527357,0.984833,0.165295],[0.307401,-0.173498,0.93563]],[[0.981471,-0.0205816,-0.190502],[0.0748828,0.956347,0.282476],[0.176372,-0.291507,0.940168]],[[0.981471,-0.0205816,-0.190502],[0.0497858,0.98746,0.149814],[0.18503,-0.156522,0.970188]],[[0.981471,-0.0205816,-0.190502],[0.0281191,0.998921,0.036948],[0.189536,-0.0416202,0.980991]]],"btipPosition":[-87.7966,341.421,-62.5905],"carpPosition":[-50.3822,312.023,84.9183],"dipPosition":[-84.6001,340.719,-46.0459],"direction":[-0.18503,0.156522,-0.970188],"extended":true,"handId":817,"id":8171,"length":58.0489,"mcpPosition":[-72.7059,324.622,16.9723],"pipPosition":[-80.1855,336.984,-22.8985],"stabilizedTipPosition":[-81.2521,336.168,-51.7812],"timeVisible":1.60899,"tipPosition":[-87.164,340.777,-58.8559],"tipVelocity":[-71.1794,86.626,-94.4725],"tool":false,"touchDistance":-0.407405,"touchZone":"touching","type":1,"width":19.0933},{"bases":[[[0.959909,-0.189895,-0.206192],[0.219341,0.966856,0.130689],[0.174541,-0.170676,0.969745]],[[0.970491,-0.202461,-0.130986],[0.0747642,0.769065,-0.634782],[0.229255,0.606257,0.761508]],[[0.970491,-0.202461,-0.130986],[-0.114659,0.0904175,-0.989281],[0.212134,0.975107,0.0645353]],[[0.970491,-0.202461,-0.130986],[-0.198872,-0.364805,-0.909597],[0.136373,0.908805,-0.394304]]],"btipPosition":[-70.4606,252.477,-16.6113],"carpPosition":[-39.0484,313.796,80.9019],"dipPosition":[-67.9309,269.334,-23.9254],"direction":[-0.212134,-0.975107,-0.0645353],"extended":false,"handId":817,"id":8172,"length":66.1421,"mcpPosition":[-51.0687,325.55,14.1175],"pipPosition":[-61.9764,296.705,-22.114],"stabilizedTipPosition":[-58.5806,249.734,-1.49487],"timeVisible":1.60899,"tipPosition":[-69.834,256.608,-18.7734],"tipVelocity":[-77.8636,63.5376,-133.323],"tool":false,"touchDistance":0.0497734,"touchZone":"hovering","type":2,"width":18.7521},{"bases":[[[0.955847,-0.285283,-0.0705003],[0.292814,0.944884,0.14647],[0.0248292,-0.160646,0.9867]],[[0.954987,-0.296615,0.00432247],[0.231117,0.734816,-0.637675],[0.185968,0.609971,0.770293]],[[0.954987,-0.296615,0.00432247],[0.0239713,0.0626386,-0.997748],[0.295676,0.952941,0.0669293]],[[0.954987,-0.296615,0.00432247],[-0.113183,-0.377798,-0.918944],[0.274206,0.877091,-0.394364]]],"btipPosition":[-50.2909,253.3,-11.7943],"carpPosition":[-27.4115,312.502,77.7446],"dipPosition":[-45.2337,269.476,-19.0675],"direction":[-0.295676,-0.952941,-0.0669293],"extended":false,"handId":817,"id":8173,"length":63.5974,"mcpPosition":[-28.9468,322.435,16.735],"pipPosition":[-37.1485,295.534,-17.2374],"stabilizedTipPosition":[-34.0661,242.783,23.6241],"timeVisible":1.60899,"tipPosition":[-49.2155,257.25,-13.2455],"tipVelocity":[-75.6019,55.5445,-133.908],"tool":false,"touchDistance":-0.267083,"touchZone":"touching","type":3,"width":17.8439},{"bases":[[[0.890688,-0.454133,0.0209479],[0.438954,0.87108,0.220315],[-0.1183,-0.187037,0.975204]],[[0.845057,-0.483548,0.228164],[0.517093,0.630585,-0.578772],[0.135987,0.607078,0.78292]],[[0.845057,-0.483548,0.228164],[0.25274,-0.0147893,-0.967421],[0.471169,0.875193,0.109714]],[[0.845057,-0.483548,0.228164],[0.0107781,-0.411242,-0.911463],[0.534567,0.772697,-0.342311]]],"btipPosition":[-32.4238,263.647,-3.58461],"carpPosition":[-16.2566,304.174,75.8536],"dipPosition":[-23.3284,276.794,-9.40885],"direction":[-0.471169,-0.875193,-0.109714],"extended":false,"handId":817,"id":8174,"length":49.8592,"mcpPosition":[-9.48544,314.88,20.0357],"pipPosition":[-14.2318,293.691,-7.29065],"stabilizedTipPosition":[-16.1996,257.934,20.9037],"timeVisible":1.60899,"tipPosition":[-30.2789,267.1,-4.98566],"tipVelocity":[-81.39,41.436,-110.771],"tool":false,"touchDistance":-0.208585,"touchZone":"touching","type":4,"width":15.8503}],"r":[[0.990509,0.0966175,0.0977631],[-0.0610264,0.946443,-0.31705],[-0.12316,0.308075,0.943356]],"s":0.882873,"t":[-6.06428,22.5873,-86.4584],"timestamp":606876528029},false],[5,{"currentFrameRate":109.098,"devices":[],"gestures":[],"hands":[{"armBasis":[[0.811479,0.211388,-0.544809],[0.132016,0.841871,0.523283],[0.569275,-0.496557,0.655254]],"armWidth":62.898,"confidence":0.807843,"direction":[-0.133269,0.31434,-0.93991],"elbow":[121.162,168.296,260.148],"grabStrength":0,"id":817,"palmNormal":[-0.102511,-0.947654,-0.302395],"palmPosition":[-45.5176,313.773,35.3143],"palmVelocity":[-48.2167,33.0532,-94.2688],"palmWidth":89.8162,"pinchStrength":0.953929,"r":[[0.990902,0.094421,0.0959052],[-0.0598712,0.947465,-0.314207],[-0.120534,0.305606,0.944498]],"s":0.883219,"sphereCenter":[-56.5053,278.974,2.77466],"sphereRadius":48.552,"stabilizedPalmPosition":[-24.3939,297.08,69.8569],"t":[-6.42333,22.8438,-87.0887],"timeVisible":1.61792,"type":"right","wrist":[-30.5595,300.637,85.5115]}],"id":4416948,"interactionBox":{"center":[0,200,0],"size":[235.247,235.247,147.751]},"pointables":[{"bases":[[[0.462352,0.886391,0.023277],[-0.695483,0.346238,0.629621],[0.550031,-0.307296,0.776554]],[[0.31278,0.934753,-0.168537],[-0.874312,0.352679,0.333462],[0.371144,0.0430533,0.927577]],[[0.31278,0.934753,-0.168537],[-0.949805,0.306653,-0.0619171],[-0.00619493,0.179444,0.983749]],[[0.31278,0.934753,-0.168537],[-0.896479,0.231899,-0.377556],[-0.313839,0.269182,0.91052]]],"btipPosition":[-69.7709,276.671,-9.92523],"carpPosition":[-58.9419,291.05,89.9233],"dipPosition":[-77.0211,282.889,11.1093],"direction":[0.00619492,-0.179444,-0.983749],"extended":false,"handId":817,"id":8170,"length":51.4441,"mcpPosition":[-58.9419,291.05,89.9233],"pipPosition":[-77.2296,288.928,44.2182],"stabilizedTipPosition":[-60.6228,261.811,19.8999],"timeVisible":1.61792,"tipPosition":[-71.4974,277.409,-5.30602],"tipVelocity":[-64.1292,60.3532,-94.6033],"tool":false,"touchDistance":-0.35128,"touchZone":"touching","type":0,"width":19.9888},{"bases":[[[0.949394,-0.00247729,-0.314078],[0.0573362,0.984533,0.16555],[0.30881,-0.17518,0.934852]],[[0.980953,-0.024731,-0.192664],[0.0796684,0.955823,0.28294],[0.177156,-0.2929,0.939588]],[[0.980953,-0.024731,-0.192664],[0.0544149,0.987135,0.150342],[0.186468,-0.157962,0.969679]],[[0.980953,-0.024731,-0.192664],[0.0325473,0.998766,0.0375101],[0.191499,-0.0430664,0.980548]]],"btipPosition":[-88.1404,341.853,-62.8379],"carpPosition":[-50.523,312.215,84.5701],"dipPosition":[-84.9107,341.126,-46.3008],"direction":[-0.186468,0.157962,-0.969679],"extended":true,"handId":817,"id":8171,"length":58.0489,"mcpPosition":[-72.949,324.936,16.6806],"pipPosition":[-80.4618,337.358,-23.1656],"stabilizedTipPosition":[-82.1002,336.93,-52.7822],"timeVisible":1.61792,"tipPosition":[-87.504,341.206,-59.1045],"tipVelocity":[-62.0288,76.0161,-76.3116],"tool":false,"touchDistance":-0.398736,"touchZone":"touching","type":1,"width":19.0933},{"bases":[[[0.958608,-0.193924,-0.208478],[0.223783,0.965856,0.130552],[0.176042,-0.171803,0.969274]],[[0.969275,-0.206512,-0.133634],[0.0760928,0.768361,-0.635477],[0.233913,0.605784,0.760467]],[[0.969275,-0.206512,-0.133634],[-0.117353,0.0892251,-0.989074],[0.21618,0.974367,0.0622488]],[[0.969275,-0.206512,-0.133634],[-0.203171,-0.36589,-0.90821],[0.138661,0.907456,-0.396606]]],"btipPosition":[-71.0841,252.767,-16.7961],"carpPosition":[-39.191,313.941,80.5283],"dipPosition":[-68.512,269.6,-24.153],"direction":[-0.21618,-0.974367,-0.0622488],"extended":false,"handId":817,"id":8172,"length":66.1421,"mcpPosition":[-51.3147,325.773,13.7763],"pipPosition":[-62.444,296.95,-22.4057],"stabilizedTipPosition":[-58.7773,249.848,-1.77554],"timeVisible":1.61792,"tipPosition":[-70.4508,256.893,-18.9926],"tipVelocity":[-75.3714,54.9117,-102.899],"tool":false,"touchDistance":0.046529,"touchZone":"hovering","type":2,"width":18.7521},{"bases":[[[0.954451,-0.289348,-0.0728135],[0.297197,0.943564,0.146156],[0.0264143,-0.161139,0.986578]],[[0.953667,-0.30085,0.0030393],[0.233071,0.73235,-0.639798],[0.190257,0.610862,0.768537]],[[0.953667,-0.30085,0.0030393],[0.0221014,0.0599777,-0.997955],[0.300053,0.951784,0.063848]],[[0.953667,-0.30085,0.0030393],[-0.116761,-0.379393,-0.917839],[0.277285,0.874957,-0.396942]]],"btipPosition":[-50.9101,253.458,-11.9785],"carpPosition":[-27.5671,312.598,77.3437],"dipPosition":[-45.7961,269.595,-19.2993],"direction":[-0.300053,-0.951783,-0.063848],"extended":false,"handId":817,"id":8173,"length":63.5974,"mcpPosition":[-29.2003,322.562,16.3416],"pipPosition":[-37.5913,295.621,-17.5534],"stabilizedTipPosition":[-34.327,243.022,23.0033],"timeVisible":1.61792,"tipPosition":[-49.8149,257.416,-13.5195],"tipVelocity":[-73.4924,44.9536,-103.339],"tool":false,"touchDistance":-0.270336,"touchZone":"touching","type":3,"width":17.8439},{"bases":[[[0.888779,-0.457953,0.01872],[0.443189,0.869105,0.219635],[-0.116852,-0.186911,0.975402]],[[0.843384,-0.487287,0.226396],[0.518677,0.628333,-0.579804],[0.140279,0.606424,0.78267]],[[0.843384,-0.487287,0.226396],[0.250657,-0.0158822,-0.967946],[0.475263,0.873098,0.108747]],[[0.843384,-0.487287,0.226396],[0.00706647,-0.411255,-0.911493],[0.537265,0.770338,-0.343402]]],"btipPosition":[-32.9771,263.792,-3.97987],"carpPosition":[-16.4523,304.223,75.4238],"dipPosition":[-23.8358,276.899,-9.82266],"direction":[-0.475263,-0.873097,-0.108747],"extended":false,"handId":817,"id":8174,"length":49.8592,"mcpPosition":[-9.76399,314.922,19.5944],"pipPosition":[-14.6601,293.756,-7.72314],"stabilizedTipPosition":[-16.3883,258.048,20.5664],"timeVisible":1.61792,"tipPosition":[-30.821,267.229,-5.38856],"tipVelocity":[-75.7641,34.2956,-92.7567],"tool":false,"touchDistance":-0.215243,"touchZone":"touching","type":4,"width":15.8503}],"r":[[0.990902,0.094421,0.0959052],[-0.0598712,0.947465,-0.314207],[-0.120534,0.305606,0.944498]],"s":0.883219,"t":[-6.42333,22.8438,-87.0887],"timestamp":606876536960},false],[6,{"currentFrameRate":109.175,"devices":[],"gestures":[],"hands":[{"armBasis":[[0.811886,0.209107,-0.545083],[0.133588,0.842345,0.522119],[0.568327,-0.496718,0.655954]],"armWidth":62.898,"confidence":0.814574,"direction":[-0.134321,0.317851,-0.938578],"elbow":[120.579,168.484,259.433],"grabStrength":0,"id":817,"palmNormal":[-0.104375,-0.946431,-0.305573],"palmPosition":[-45.909,314.203,34.4833],"palmVelocity":[-46.886,37.0736,-93.6745],"palmWidth":89.8162,"pinchStrength":0.951998,"r":[[0.991268,0.0923124,0.0941602],[-0.058766,0.948512,-0.311242],[-0.118044,0.302991,0.945654]],"s":0.884053,"sphereCenter":[-57.1565,279.711,1.92468],"sphereRadius":48.4197,"stabilizedPalmPosition":[-24.499,297.164,69.6841],"t":[-6.79855,23.187,-87.8194],"timeVisible":1.62694,"type":"right","wrist":[-30.8894,300.868,84.6096]}],"id":4416949,"interactionBox":{"center":[0,200,0],"size":[235.247,235.247,147.751]},"pointables":[{"bases":[[[0.463678,0.885632,0.025661],[-0.693966,0.345019,0.63196],[0.55083,-0.310833,0.774576]],[[0.314501,0.934807,-0.164999],[-0.872566,0.353137,0.337524],[0.373787,0.0378209,0.926743]],[[0.314501,0.934807,-0.164999],[-0.949244,0.308815,-0.0597375],[-0.00488887,0.175412,0.984483]],[[0.314501,0.934807,-0.164999],[-0.895731,0.234707,-0.377596],[-0.314253,0.266549,0.911151]]],"btipPosition":[-70.2721,277.382,-10.8135],"carpPosition":[-59.2786,291.307,89.0333],"dipPosition":[-77.5319,283.539,10.2357],"direction":[0.00488887,-0.175412,-0.984483],"extended":false,"handId":817,"id":8170,"length":51.4441,"mcpPosition":[-59.2786,291.307,89.0333],"pipPosition":[-77.6965,289.443,43.3692],"stabilizedTipPosition":[-61.0145,262.399,19.0046],"timeVisible":1.62694,"tipPosition":[-72.0004,278.106,-6.19395],"tipVelocity":[-61.8393,65.0056,-95.5599],"tool":false,"touchDistance":-0.357758,"touchZone":"touching","type":0,"width":19.9888},{"bases":[[[0.948884,-0.00274293,-0.315614],[0.0590337,0.983858,0.168932],[0.310057,-0.178929,0.933729]],[[0.980629,-0.0254939,-0.194207],[0.0816014,0.954528,0.286736],[0.178066,-0.297029,0.938118]],[[0.980629,-0.0254939,-0.194207],[0.0562166,0.986412,0.154372],[0.187632,-0.1623,0.968738]],[[0.980629,-0.0254939,-0.194207],[0.0342102,0.998546,0.04166],[0.192862,-0.0474969,0.980076]]],"btipPosition":[-88.6348,342.742,-63.4924],"carpPosition":[-50.8375,312.478,83.7413],"dipPosition":[-85.3821,341.94,-46.9633],"direction":[-0.187632,0.1623,-0.968738],"extended":true,"handId":817,"id":8171,"length":58.0489,"mcpPosition":[-73.354,325.472,15.9334],"pipPosition":[-80.9054,338.068,-23.8505],"stabilizedTipPosition":[-82.9372,337.744,-53.7815],"timeVisible":1.62694,"tipPosition":[-87.9956,342.075,-59.763],"tipVelocity":[-59.8783,81.6828,-75.3316],"tool":false,"touchDistance":-0.397041,"touchZone":"touching","type":1,"width":19.0933},{"bases":[[[0.957989,-0.194575,-0.210706],[0.225397,0.965063,0.133601],[0.177349,-0.175481,0.968377]],[[0.968747,-0.207426,-0.136028],[0.0761054,0.770485,-0.632899],[0.236087,0.602766,0.762192]],[[0.968747,-0.207426,-0.136028],[-0.118993,0.09256,-0.988571],[0.217646,0.973862,0.0649851]],[[0.968747,-0.207426,-0.136028],[-0.205325,-0.362862,-0.908941],[0.139179,0.908463,-0.394111]]],"btipPosition":[-71.6468,253.421,-17.7804],"carpPosition":[-39.5095,314.202,79.6873],"dipPosition":[-69.0651,270.272,-25.091],"direction":[-0.217646,-0.973862,-0.0649851],"extended":false,"handId":817,"id":8172,"length":66.1421,"mcpPosition":[-51.7232,326.287,12.9972],"pipPosition":[-62.9559,297.608,-23.2669],"stabilizedTipPosition":[-58.9849,249.974,-2.07465],"timeVisible":1.62694,"tipPosition":[-71.0127,257.547,-19.9618],"tipVelocity":[-71.7269,59.8646,-104.279],"tool":false,"touchDistance":0.0303022,"touchZone":"hovering","type":2,"width":18.7521},{"bases":[[[0.953911,-0.290471,-0.0753726],[0.298803,0.94261,0.149007],[0.0277648,-0.164661,0.985959]],[[0.953174,-0.302418,0.00168425],[0.22952,0.719761,-0.655183],[0.196927,0.62489,0.755468]],[[0.953174,-0.302418,0.00168425],[0.0144603,0.0400124,-0.999095],[0.302077,0.952335,0.0425118]],[[0.953174,-0.302418,0.00168425],[-0.123351,-0.393855,-0.910858],[0.276124,0.867998,-0.412716]]],"btipPosition":[-51.6473,253.426,-11.3539],"carpPosition":[-27.8927,312.854,76.4793],"dipPosition":[-46.5547,269.434,-18.9656],"direction":[-0.302077,-0.952335,-0.0425118],"extended":false,"handId":817,"id":8173,"length":63.5974,"mcpPosition":[-29.6094,323.035,15.5155],"pipPosition":[-38.2946,295.476,-17.8031],"stabilizedTipPosition":[-34.7013,243.349,22.1664],"timeVisible":1.62694,"tipPosition":[-50.4762,257.562,-13.4855],"tipVelocity":[-75.9044,30.707,-57.8965],"tool":false,"touchDistance":-0.261041,"touchZone":"touching","type":3,"width":17.8439},{"bases":[[[0.888141,-0.459303,0.0156708],[0.444805,0.867681,0.221988],[-0.115557,-0.190186,0.974924]],[[0.842977,-0.489322,0.223501],[0.517502,0.624177,-0.585316],[0.146903,0.60907,0.779393]],[[0.842977,-0.489322,0.223501],[0.245162,-0.0203685,-0.969268],[0.478837,0.871865,0.102793]],[[0.842977,-0.489322,0.223501],[0.0016468,-0.41312,-0.910675],[0.537946,0.768046,-0.347445]]],"btipPosition":[-33.7039,264.196,-4.56618],"carpPosition":[-16.7932,304.47,74.5119],"dipPosition":[-24.5511,277.264,-10.4778],"direction":[-0.478837,-0.871865,-0.102793],"extended":false,"handId":817,"id":8174,"length":49.8592,"mcpPosition":[-10.179,315.355,18.71],"pipPosition":[-15.3064,294.097,-8.4932],"stabilizedTipPosition":[-16