{"sensorType":"Leap","data":[[0,{"currentFrameRate":110.104,"devices":[],"gestures":[],"hands":[{"armBasis":[[0.924819,0.0863278,-0.370482],[0.0986359,0.886183,0.452715],[0.367397,-0.455222,0.811044]],"armWidth":61.9883,"confidence":0.903081,"direction":[-0.0222634,0.292498,-0.956007],"elbow":[77.1488,153.372,307.053],"grabStrength":0,"id":812,"palmNormal":[-0.0962206,-0.952432,-0.289163],"palmPosition":[-28.3057,284.939,42.9516],"palmVelocity":[2.09081,-32.2252,-108.251],"palmWidth":88.5172,"pinchStrength":1,"r":[[0.96946,0.132804,0.206181],[-0.0771258,0.963136,-0.257723],[-0.232807,0.23395,0.943964]],"s":0.881762,"sphereCenter":[-38.5249,246.666,10.6443],"sphereRadius":49.1529,"stabilizedPalmPosition":[-41.8686,281.822,190.926],"t":[30.944,75.1742,-198.299],"timeVisible":1.62692,"type":"right","wrist":[-19.3525,272.942,94.0223]}],"id":4413029,"interactionBox":{"center":[0,200,0],"size":[235.247,235.247,147.751]},"pointables":[{"bases":[[[0.482148,0.874532,0.0522294],[-0.74914,0.380639,0.542129],[0.454228,-0.300513,0.838671]],[[0.315804,0.924649,-0.212821],[-0.899794,0.363025,0.242043],[0.301064,0.115057,0.946638]],[[0.315804,0.924649,-0.212821],[-0.936099,0.267018,-0.228952],[-0.154874,0.271525,0.949888]],[[0.315804,0.924649,-0.212821],[-0.898238,0.219089,-0.381011],[-0.305675,0.311488,0.899743]]],"btipPosition":[-50.4105,242.649,-2.42613],"carpPosition":[-47.887,264.334,95.5354],"dipPosition":[-57.37,249.741,18.0588],"direction":[0.154874,-0.271525,-0.949888],"extended":false,"handId":812,"id":8120,"length":50.7,"mcpPosition":[-47.887,264.334,95.5354],"pipPosition":[-62.507,258.747,49.5657],"stabilizedTipPosition":[-82.0822,238.701,147.787],"timeVisible":1.62692,"tipPosition":[-51.2994,243.697,2.28003],"tipVelocity":[-14.8573,-9.93012,-121.984],"tool":false,"touchDistance":-0.453899,"touchZone":"touching","type":0,"width":19.6997},{"bases":[[[0.977246,-0.0352244,-0.209163],[0.0671155,0.986798,0.147392],[0.20121,-0.158076,0.966709]],[[0.988516,-0.0457184,-0.144037],[0.0637385,0.990347,0.123089],[0.137019,-0.130857,0.981887]],[[0.988516,-0.0457184,-0.144037],[0.0469334,0.998885,0.00504734],[0.143646,-0.0117495,0.989559]],[[0.988516,-0.0457184,-0.144037],[0.0330841,0.995489,-0.0889213],[0.147453,0.0831348,0.985569]]],"btipPosition":[-64.4365,300.502,-59.1779],"carpPosition":[-38.4807,284.825,90.6969],"dipPosition":[-61.9857,301.884,-42.7965],"direction":[-0.143646,0.0117495,-0.989559],"extended":true,"handId":812,"id":8121,"length":57.2093,"mcpPosition":[-52.8814,296.138,21.5093],"pipPosition":[-58.6081,301.608,-19.5285],"stabilizedTipPosition":[-79.7748,293.904,92.854],"timeVisible":1.62692,"tipPosition":[-63.7765,300.288,-55.4272],"tipVelocity":[6.98378,-7.12073,-105.901],"tool":false,"touchDistance":-0.444904,"touchZone":"touching","type":1,"width":18.8171},{"bases":[[[0.969589,-0.223963,-0.098676],[0.235766,0.962927,0.131096],[0.0656571,-0.150374,0.986447]],[[0.971565,-0.236581,-0.00954854],[0.188764,0.798282,-0.571939],[0.142932,0.553873,0.820241]],[[0.971565,-0.236581,-0.00954854],[0.0186188,0.11654,-0.993011],[0.23604,0.964597,0.117631]],[[0.971565,-0.236581,-0.00954854],[-0.0995555,-0.37159,-0.923044],[0.214826,0.897748,-0.384576]]],"btipPosition":[-48.5201,227.271,-13.7286],"carpPosition":[-26.9047,286.132,87.9085],"dipPosition":[-44.5928,243.683,-20.7592],"direction":[-0.23604,-0.964597,-0.117631],"extended":false,"handId":812,"id":8122,"length":65.1854,"mcpPosition":[-31.3609,296.338,20.9564],"pipPosition":[-38.0631,270.367,-17.5051],"stabilizedTipPosition":[-54.0692,244.374,75.6085],"timeVisible":1.62692,"tipPosition":[-47.725,230.988,-14.789],"tipVelocity":[2.7113,-15.1381,-124.845],"tool":false,"touchDistance":-0.429451,"touchZone":"touching","type":2,"width":18.4809},{"bases":[[[0.948133,-0.315598,0.0379633],[0.306409,0.939181,0.15509],[-0.0846007,-0.135414,0.987171]],[[0.935116,-0.327444,0.135416],[0.34484,0.753063,-0.560341],[0.081504,0.570681,0.817117]],[[0.935116,-0.327444,0.135416],[0.16752,0.0717767,-0.983252],[0.312241,0.94214,0.121973]],[[0.935116,-0.327444,0.135416],[-0.00627529,-0.397407,-0.917621],[0.354285,0.857233,-0.373676]]],"btipPosition":[-28.4611,226.908,-6.10471],"carpPosition":[-15.2197,284.432,86.0625],"dipPosition":[-22.0215,242.489,-12.8967],"direction":[-0.312241,-0.94214,-0.121973],"extended":false,"handId":812,"id":8123,"length":62.6775,"mcpPosition":[-10.0643,292.684,25.9066],"pipPosition":[-13.6069,267.879,-9.60967],"stabilizedTipPosition":[-29.3187,243.7,69.6228],"timeVisible":1.62692,"tipPosition":[-26.9759,230.725,-7.68442],"tipVelocity":[1.56883,-19.9475,-121.664],"tool":false,"touchDistance":-0.388771,"touchZone":"touching","type":3,"width":17.5858},{"bases":[[[0.868221,-0.479962,0.125812],[0.441462,0.862983,0.245708],[-0.226504,-0.157788,0.961145]],[[0.772429,-0.50485,0.385331],[0.635052,0.621496,-0.45875],[-0.00788197,0.599057,0.800667]],[[0.772429,-0.50485,0.385331],[0.425164,-0.0396665,-0.904247],[0.471794,0.862295,0.184005]],[[0.772429,-0.50485,0.385331],[0.143647,-0.452124,-0.880312],[0.618643,0.73533,-0.276713]]],"btipPosition":[-10.667,235.409,4.94504],"carpPosition":[-4.36449,275.852,85.5652],"dipPosition":[-0.293365,247.739,0.305005],"direction":[-0.471794,-0.862295,-0.184005],"extended":false,"handId":812,"id":8124,"length":49.138,"mcpPosition":[8.41245,284.753,31.3477],"pipPosition":[8.68358,264.146,3.80611],"stabilizedTipPosition":[-8.02548,250.346,74.4907],"timeVisible":1.62692,"tipPosition":[-8.18483,238.676,3.47285],"tipVelocity":[1.99643,-23.8377,-119.335],"tool":false,"touchDistance":-0.309241,"touchZone":"touching","type":4,"width":15.6211}],"r":[[0.96946,0.132804,0.206181],[-0.0771258,0.963136,-0.257723],[-0.232807,0.23395,0.943964]],"s":0.881762,"t":[30.944,75.1742,-198.299],"timestamp":606839885963},false],[1,{"currentFrameRate":110.138,"devices":[],"gestures":[],"hands":[{"armBasis":[[0.925208,0.0877024,-0.369185],[0.0971223,0.885784,0.453821],[0.366819,-0.455735,0.811017]],"armWidth":61.9883,"confidence":0.90413,"direction":[-0.0203203,0.294218,-0.955522],"elbow":[76.8026,152.888,305.66],"grabStrength":0,"id":812,"palmNormal":[-0.0950328,-0.951961,-0.291101],"palmPosition":[-28.3944,284.677,41.5677],"palmVelocity":[-1.18764,-31.367,-120.684],"palmWidth":88.5172,"pinchStrength":1,"r":[[0.969321,0.132183,0.207231],[-0.0767589,0.963712,-0.25567],[-0.233506,0.231919,0.944292]],"s":0.882206,"sphereCenter":[-38.5677,246.506,9.19341],"sphereRadius":49.1028,"stabilizedPalmPosition":[-41.8678,281.822,190.916],"t":[30.9148,74.9202,-199.42],"timeVisible":1.63594,"type":"right","wrist":[-19.547,272.592,92.6362]}],"id":4413030,"interactionBox":{"center":[0,200,0],"size":[235.247,235.247,147.751]},"pointables":[{"bases":[[[0.481527,0.874711,0.0548798],[-0.750554,0.379226,0.541161],[0.452548,-0.301774,0.839126]],[[0.315955,0.925209,-0.210146],[-0.900251,0.362276,0.241464],[0.299535,0.112892,0.947383]],[[0.315955,0.925209,-0.210146],[-0.935741,0.267289,-0.230098],[-0.156719,0.269342,0.950207]],[[0.315955,0.925209,-0.210146],[-0.897624,0.219753,-0.382074],[-0.307318,0.30935,0.899921]]],"btipPosition":[-50.4305,242.506,-3.94174],"carpPosition":[-48.0799,263.965,94.0706],"dipPosition":[-57.4274,249.549,16.5473],"direction":[0.156719,-0.269342,-0.950207],"extended":false,"handId":812,"id":8120,"length":50.7,"mcpPosition":[-48.0799,263.965,94.0706],"pipPosition":[-62.6256,258.483,48.0647],"stabilizedTipPosition":[-82.0821,238.701,147.786],"timeVisible":1.63594,"tipPosition":[-51.3371,243.55,0.768032],"tipVelocity":[-11.6431,-11.8963,-134.626],"tool":false,"touchDistance":-0.459563,"touchZone":"touching","type":0,"width":19.6997},{"bases":[[[0.977726,-0.0342857,-0.207067],[0.066221,0.986568,0.149328],[0.199166,-0.159714,0.966863]],[[0.988838,-0.0448686,-0.142077],[0.0628661,0.990184,0.124836],[0.135081,-0.132374,0.981952]],[[0.988838,-0.0448686,-0.142077],[0.0462678,0.998908,0.00655845],[0.141627,-0.0130588,0.989834]],[[0.988838,-0.0448686,-0.142077],[0.0325887,0.995622,-0.087609],[0.145385,0.082001,0.985971]]],"btipPosition":[-64.3214,300.377,-60.6117],"carpPosition":[-38.6747,284.47,89.2901],"dipPosition":[-61.9049,301.74,-44.2236],"direction":[-0.141627,0.0130588,-0.989834],"extended":true,"handId":812,"id":8121,"length":57.2093,"mcpPosition":[-52.929,295.901,20.0914],"pipPosition":[-58.5747,301.433,-20.9491],"stabilizedTipPosition":[-79.7748,293.904,92.8534],"timeVisible":1.63594,"tipPosition":[-63.6664,300.182,-56.8601],"tipVelocity":[8.33442,-9.0956,-120.452],"tool":false,"touchDistance":-0.45023,"touchZone":"touching","type":1,"width":18.8171},{"bases":[[[0.969934,-0.223228,-0.096939],[0.23492,0.962822,0.133362],[0.0635648,-0.152125,0.986315]],[[0.971726,-0.235971,-0.00809784],[0.189191,0.798689,-0.571228],[0.141261,0.553546,0.820751]],[[0.971726,-0.235971,-0.00809784],[0.0200382,0.116593,-0.992978],[0.235258,0.96474,0.118025]],[[0.971726,-0.235971,-0.00809784],[-0.0979325,-0.371603,-0.923212],[0.214842,0.897903,-0.384205]]],"btipPosition":[-48.4671,227.055,-15.1402],"carpPosition":[-27.0933,285.789,86.5296],"dipPosition":[-44.5395,243.47,-22.164],"direction":[-0.235258,-0.96474,-0.118025],"extended":false,"handId":812,"id":8122,"length":65.1854,"mcpPosition":[-31.4076,296.114,19.5864],"pipPosition":[-38.0314,270.158,-18.899],"stabilizedTipPosition":[-54.0691,244.374,75.6071],"timeVisible":1.63594,"tipPosition":[-47.6604,230.794,-16.27],"tipVelocity":[3.58563,-17.5361,-133.508],"tool":false,"touchDistance":-0.435989,"touchZone":"touching","type":2,"width":18.4809},{"bases":[[[0.948229,-0.315124,0.0394862],[0.305524,0.939073,0.157469],[-0.0867028,-0.137253,0.986734]],[[0.935028,-0.32714,0.136755],[0.34492,0.749812,-0.564635],[0.0821743,0.575119,0.813932]],[[0.935028,-0.32714,0.136755],[0.166498,0.0645697,-0.983925],[0.313051,0.942767,0.114842]],[[0.935028,-0.32714,0.136755],[-0.00733786,-0.403459,-0.914968],[0.354498,0.854518,-0.379646]]],"btipPosition":[-28.5714,226.526,-6.99516],"carpPosition":[-15.4033,284.099,84.7064],"dipPosition":[-22.128,242.058,-13.8957],"direction":[-0.313051,-0.942767,-0.114842],"extended":false,"handId":812,"id":8123,"length":62.6775,"mcpPosition":[-10.1198,292.463,24.5771],"pipPosition":[-13.6915,267.465,-10.8008],"stabilizedTipPosition":[-29.3186,243.7,69.6191],"timeVisible":1.63594,"tipPosition":[-27.0259,230.394,-8.79427],"tipVelocity":[-2.20068,-26.4454,-116.116],"tool":false,"touchDistance":-0.391959,"touchZone":"touching","type":3,"width":17.5858},{"bases":[[[0.868217,-0.479693,0.12686],[0.440421,0.862788,0.248247],[-0.228535,-0.15966,0.960354]],[[0.771605,-0.505118,0.386629],[0.63602,0.622385,-0.456197],[-0.0101985,0.597907,0.8015]],[[0.771605,-0.505118,0.386629],[0.427612,-0.0380894,-0.903159],[0.470929,0.862209,0.186605]],[[0.771605,-0.505118,0.386629],[0.146285,-0.450611,-0.880653],[0.619053,0.736074,-0.273803]]],"btipPosition":[-10.6407,235.217,3.51498],"carpPosition":[-4.54207,275.526,84.2175],"dipPosition":[-0.260219,247.56,-1.07624],"direction":[-0.470929,-0.862209,-0.186605],"extended":false,"handId":812,"id":8124,"length":49.138,"mcpPosition":[8.34945,284.533,30.0446],"pipPosition":[8.70026,263.966,2.47433],"stabilizedTipPosition":[-8.02549,250.346,74.4884],"timeVisible":1.63594,"tipPosition":[-8.15915,238.485,2.05887],"tipVelocity":[2.29674,-23.0404,-129.783],"tool":false,"touchDistance":-0.327932,"touchZone":"touching","type":4,"width":15.6211}],"r":[[0.969321,0.132183,0.207231],[-0.0767589,0.963712,-0.25567],[-0.233506,0.231919,0.944292]],"s":0.882206,"t":[30.9148,74.9202,-199.42],"timestamp":606839894982},false],[2,{"currentFrameRate":110.131,"devices":[],"gestures":[],"hands":[{"armBasis":[[0.925454,0.0870278,-0.368729],[0.0955732,0.888154,0.449497],[0.366607,-0.451229,0.813628]],"armWidth":61.9883,"confidence":0.90545,"direction":[-0.0181378,0.301922,-0.95316],"elbow":[76.5156,153.251,304.838],"grabStrength":0,"id":812,"palmNormal":[-0.0938748,-0.94962,-0.299014],"palmPosition":[-28.5072,284.266,40.1377],"palmVelocity":[-4.29667,-35.2083,-130.815],"palmWidth":88.5172,"pinchStrength":1,"r":[[0.969095,0.131438,0.208754],[-0.0764318,0.964572,-0.252505],[-0.234547,0.228746,0.944808]],"s":0.88247,"sphereCenter":[-38.6475,246.402,7.45333],"sphereRadius":49.0521,"stabilizedPalmPosition":[-41.867,281.822,190.907],"t":[30.8438,74.5875,-200.695],"timeVisible":1.64503,"type":"right","wrist":[-19.7783,271.772,91.1283]}],"id":4413031,"interactionBox":{"center":[0,200,0],"size":[235.247,235.247,147.751]},"pointables":[{"bases":[[[0.480979,0.874457,0.0631176],[-0.752046,0.3745,0.54238],[0.45065,-0.30834,0.837759]],[[0.316299,0.927011,-0.201509],[-0.900775,0.360113,0.242742],[0.29759,0.104735,0.948931]],[[0.316299,0.927011,-0.201509],[-0.935177,0.269004,-0.230393],[-0.15937,0.26132,0.952005]],[[0.316299,0.927011,-0.201509],[-0.896705,0.222823,-0.382452],[-0.309636,0.301663,0.901734]]],"btipPosition":[-50.426,242.499,-5.76494],"carpPosition":[-48.3105,263.121,92.4235],"dipPosition":[-57.4756,249.368,14.7654],"direction":[0.15937,-0.26132,-0.952005],"extended":false,"handId":812,"id":8120,"length":50.7,"mcpPosition":[-48.3105,263.121,92.4235],"pipPosition":[-62.7617,258.035,46.3424],"stabilizedTipPosition":[-82.082,238.701,147.786],"timeVisible":1.64503,"tipPosition":[-51.3611,243.505,-1.04833],"tipVelocity":[-8.64855,-10.0299,-152.584],"tool":false,"touchDistance":-0.469145,"touchZone":"touching","type":0,"width":19.6997},{"bases":[[[0.978242,-0.0321679,-0.204957],[0.0653913,0.985359,0.157456],[0.196892,-0.167432,0.966023]],[[0.989173,-0.0432345,-0.140242],[0.0620362,0.989227,0.132598],[0.132998,-0.139863,0.981198]],[[0.989173,-0.0432345,-0.140242],[0.0456579,0.998858,0.0141078],[0.139472,-0.0203582,0.990017]],[[0.989173,-0.0432345,-0.140242],[0.03216,0.996252,-0.0802946],[0.143188,0.0749151,0.986856]]],"btipPosition":[-64.213,300.731,-61.9974],"carpPosition":[-38.9034,283.668,87.8317],"dipPosition":[-61.833,301.976,-45.5946],"direction":[-0.139472,0.0203582,-0.990017],"extended":true,"handId":812,"id":8121,"length":57.2093,"mcpPosition":[-52.9949,295.651,18.6932],"pipPosition":[-58.5536,301.497,-22.3158],"stabilizedTipPosition":[-79.7747,293.904,92.8531],"timeVisible":1.64503,"tipPosition":[-63.5619,300.539,-58.2458],"tipVelocity":[9.07003,3.35573,-129.196],"tool":false,"touchDistance":-0.454275,"touchZone":"touching","type":1,"width":18.8171},{"bases":[[[0.970272,-0.221998,-0.096379],[0.23414,0.96182,0.141709],[0.0612401,-0.160062,0.985205]],[[0.971865,-0.235404,-0.00802276],[0.189835,0.802989,-0.564953],[0.139434,0.547535,0.825084]],[[0.971865,-0.235404,-0.00802276],[0.0216347,0.123132,-0.992154],[0.234545,0.964066,0.124761]],[[0.971865,-0.235404,-0.00802276],[-0.0962636,-0.365877,-0.925671],[0.214971,0.900399,-0.378244]]],"btipPosition":[-48.4288,227.074,-16.9828],"carpPosition":[-27.3159,285.015,85.1102],"dipPosition":[-44.4989,243.535,-23.8976],"direction":[-0.234545,-0.964066,-0.124761],"extended":false,"handId":812,"id":8122,"length":65.1854,"mcpPosition":[-31.4724,295.879,18.2423],"pipPosition":[-38.0106,270.204,-20.4462],"stabilizedTipPosition":[-54.0691,244.374,75.6061],"timeVisible":1.64503,"tipPosition":[-47.6119,230.831,-18.1452],"tipVelocity":[3.77289,-11.7676,-151.892],"tool":false,"touchDistance":-0.447986,"touchZone":"touching","type":2,"width":18.4809},{"bases":[[[0.948279,-0.315003,0.0392461],[0.304696,0.937908,0.165795],[-0.0890351,-0.145262,0.985379]],[[0.934886,-0.327787,0.136179],[0.34547,0.752218,-0.561087],[0.0814811,0.571598,0.816478]],[[0.934886,-0.327787,0.136179],[0.167336,0.0686654,-0.983506],[0.313029,0.942253,0.119045]],[[0.934886,-0.327787,0.136179],[-0.00630781,-0.398939,-0.916956],[0.354893,0.85639,-0.37503]]],"btipPosition":[-28.6232,226.393,-8.62494],"carpPosition":[-15.6207,283.345,83.3018],"dipPosition":[-22.1726,241.959,-15.4416],"direction":[-0.313029,-0.942253,-0.119045],"extended":false,"handId":812,"id":8123,"length":62.6775,"mcpPosition":[-10.1951,292.197,23.2551],"pipPosition":[-13.7367,267.352,-12.2334],"stabilizedTipPosition":[-29.3185,243.699,69.6161],"timeVisible":1.64503,"tipPosition":[-27.0495,230.291,-10.4761],"tipVelocity":[-3.11853,-22.937,-133.011],"tool":false,"touchDistance":-0.405253,"touchZone":"touching","type":3,"width":17.5858},{"bases":[[[0.868133,-0.480309,0.125092],[0.439408,0.860953,0.256281],[-0.230792,-0.16752,0.958474]],[[0.770018,-0.50793,0.386107],[0.637938,0.622751,-0.453008],[-0.010352,0.595137,0.803557]],[[0.770018,-0.50793,0.386107],[0.428984,-0.0357848,-0.902603],[0.472276,0.860655,0.190339]],[[0.770018,-0.50793,0.386107],[0.147495,-0.447057,-0.882262],[0.620739,0.736306,-0.269325]]],"btipPosition":[-10.7743,235.037,1.95679],"carpPosition":[-4.75431,274.781,82.7702],"dipPosition":[-0.365486,247.383,-2.55935],"direction":[-0.472276,-0.860655,-0.190339],"extended":false,"handId":812,"id":8124,"length":49.138,"mcpPosition":[8.26455,284.231,28.7033],"pipPosition":[8.62064,263.759,1.06228],"stabilizedTipPosition":[-8.0255,250.346,74.4866],"timeVisible":1.64503,"tipPosition":[-8.24528,238.316,0.471464],"tipVelocity":[-2.20912,-22.1316,-140.773],"tool":false,"touchDistance":-0.346586,"touchZone":"touching","type":4,"width":15.6211}],"r":[[0.969095,0.131438,0.208754],[-0.0764318,0.964572,-0.252505],[-0.234547,0.228746,0.944808]],"s":0.88247,"t":[30.8438,74.5875,-200.695],"timestamp":606839904075},false],[3,{"currentFrameRate":110.19,"devices":[],"gestures":[],"hands":[{"armBasis":[[0.925864,0.0847298,-0.368235],[0.095525,0.890392,0.445058],[0.365583,-0.447238,0.816288]],"armWidth":61.9883,"confidence":0.907229,"direction":[-0.0179455,0.30919,-0.950831],"elbow":[76.2508,153.64,304.511],"grabStrength":0,"id":812,"palmNormal":[-0.0938971,-0.947302,-0.30627],"palmPosition":[-28.4932,283.996,39.208],"palmVelocity":[-2.69137,-33.8097,-123.378],"palmWidth":88.5172,"pinchStrength":1,"r":[[0.968908,0.130502,0.210204],[-0.0761494,0.965634,-0.248499],[-0.23541,0.224766,0.945549]],"s":0.882419,"sphereCenter":[-38.6609,246.39,6.25327],"sphereRadius":49.0133,"stabilizedPalmPosition":[-41.8663,281.823,190.899],"t":[30.8153,74.2861,-201.798],"timeVisible":1.654,"type":"right","wrist":[-19.7742,271.113,90.1032]}],"id":4413032,"interactionBox":{"center":[0,200,0],"size":[235.247,235.247,147.751]},"pointables":[{"bases":[[[0.481037,0.873911,0.0698752],[-0.752113,0.37041,0.54509],[0.450478,-0.314762,0.835461]],[[0.316512,0.928492,-0.194225],[-0.900603,0.358432,0.245847],[0.297883,0.0971057,0.949651]],[[0.316512,0.928492,-0.194225],[-0.935073,0.270953,-0.228523],[-0.159556,0.253944,0.953968]],[[0.316512,0.928492,-0.194225],[-0.896132,0.22553,-0.382209],[-0.311074,0.295025,0.903434]]],"btipPosition":[-50.3981,242.599,-6.99983],"carpPosition":[-48.3073,262.454,91.3273],"dipPosition":[-57.4805,249.316,13.5692],"direction":[0.159556,-0.253944,-0.953968],"extended":false,"handId":812,"id":8120,"length":50.7,"mcpPosition":[-48.3073,262.454,91.3273],"pipPosition":[-62.7728,257.739,45.2113],"stabilizedTipPosition":[-82.0819,238.702,147.785],"timeVisible":1.654,"tipPosition":[-51.3566,243.576,-2.28329],"tipVelocity":[-5.66058,-5.31142,-148.229],"tool":false,"touchDistance":-0.468954,"touchZone":"touching","type":0,"width":19.6997},{"bases":[[[0.978276,-0.0306811,-0.205025],[0.0654414,0.984123,0.164984],[0.196708,-0.174817,0.964751]],[[0.989138,-0.0421689,-0.140809],[0.0619145,0.988364,0.138938],[0.133312,-0.146148,0.980239]],[[0.989138,-0.0421689,-0.140809],[0.045402,0.998772,0.0198267],[0.1398,-0.0260044,0.989838]],[[0.989138,-0.0421689,-0.140809],[0.0318005,0.99667,-0.0750901],[0.143507,0.0697966,0.987185]]],"btipPosition":[-64.2204,301.106,-62.8051],"carpPosition":[-38.8978,283.035,86.8942],"dipPosition":[-61.8352,302.266,-46.3968],"direction":[-0.1398,0.0260044,-0.989838],"extended":true,"handId":812,"id":8121,"length":57.2093,"mcpPosition":[-52.9762,295.547,17.8467],"pipPosition":[-58.548,301.655,-23.1222],"stabilizedTipPosition":[-79.7747,293.904,92.8528],"timeVisible":1.654,"tipPosition":[-63.5584,300.968,-59.0534],"tipVelocity":[6.39771,13.3118,-118.438],"tool":false,"touchDistance":-0.449278,"touchZone":"touching","type":1,"width":18.8171},{"bases":[[[0.970272,-0.221334,-0.0978998],[0.234191,0.960691,0.149088],[0.0610534,-0.167583,0.983966]],[[0.971862,-0.235328,-0.0102202],[0.189465,0.806763,-0.559675],[0.139953,0.541991,0.828649]],[[0.971862,-0.235328,-0.0102202],[0.0206042,0.128153,-0.99154],[0.234647,0.96343,0.129396]],[[0.971862,-0.235328,-0.0102202],[-0.0973807,-0.3619,-0.927117],[0.214478,0.902025,-0.374633]]],"btipPosition":[-48.4282,227.219,-18.1852],"carpPosition":[-27.3098,284.401,84.185],"dipPosition":[-44.5072,243.71,-25.034],"direction":[-0.234647,-0.96343,-0.129396],"extended":false,"handId":812,"id":8122,"length":65.1854,"mcpPosition":[-31.4536,295.776,17.4013],"pipPosition":[-38.016,270.361,-21.4544],"stabilizedTipPosition":[-54.069,244.374,75.6054],"timeVisible":1.654,"tipPosition":[-47.5993,230.993,-19.4139],"tipVelocity":[2.69748,-3.9143,-146.543],"tool":false,"touchDistance":-0.449329,"touchZone":"touching","type":2,"width":18.4809},{"bases":[[[0.948247,-0.31537,0.0370075],[0.304741,0.936591,0.173003],[-0.0892207,-0.152772,0.984226]],[[0.934848,-0.328884,0.133772],[0.345448,0.755519,-0.556648],[0.0820052,0.566592,0.819907]],[[0.934848,-0.328884,0.133772],[0.167067,0.0750189,-0.983087],[0.313286,0.941386,0.125077]],[[0.934848,-0.328884,0.133772],[-0.00644536,-0.392429,-0.91976],[0.35499,0.858973,-0.368981]]],"btipPosition":[-28.637,226.444,-9.912],"carpPosition":[-15.6144,282.744,82.366],"dipPosition":[-22.1846,242.057,-16.6187],"direction":[-0.313286,-0.941386,-0.125077],"extended":false,"handId":812,"id":8123,"length":62.6775,"mcpPosition":[-10.1775,292.054,22.3896],"pipPosition":[-13.7418,267.427,-13.248],"stabilizedTipPosition":[-29.3185,243.699,69.6139],"timeVisible":1.654,"tipPosition":[-27.055,230.36,-11.7517],"tipVelocity":[-2.67359,-14.7657,-135.107],"tool":false,"touchDistance":-0.411988,"touchZone":"touching","type":3,"width":17.5858},{"bases":[[[0.868073,-0.481319,0.121575],[0.439431,0.858937,0.262923],[-0.230975,-0.174812,0.957127]],[[0.768804,-0.511005,0.384466],[0.639425,0.622443,-0.451331],[-0.00867529,0.592822,0.805286]],[[0.768804,-0.511005,0.384466],[0.428636,-0.0343775,-0.902823],[0.474564,0.85889,0.192606]],[[0.768804,-0.511005,0.384466],[0.146688,-0.44426,-0.883808],[0.622433,0.735872,-0.26659]]],"btipPosition":[-10.8878,234.972,0.885118],"carpPosition":[-4.74854,274.184,81.7709],"dipPosition":[-0.450627,247.311,-3.58517],"direction":[-0.474564,-0.85889,-0.192606],"extended":false,"handId":812,"id":8124,"length":49.138,"mcpPosition":[8.28061,284.045,27.78],"pipPosition":[8.57903,263.653,0.0795892],"stabilizedTipPosition":[-8.02551,250.345,74.4853],"timeVisible":1.654,"tipPosition":[-8.31858,238.258,-0.632394],"tipVelocity":[-4.87061,-18.1128,-134.619],"tool":false,"touchDistance":-0.356178,"touchZone":"touching","type":4,"width":15.6211}],"r":[[0.968908,0.130502,0.210204],[-0.0761494,0.965634,-0.248499],[-0.23541,0.224766,0.945549]],"s":0.882419,"t":[30.8153,74.2861,-201.798],"timestamp":606839913045},false],[4,{"currentFrameRate":110.229,"devices":[],"gestures":[],"hands":[{"armBasis":[[0.926772,0.0851794,-0.365839],[0.0929279,0.89168,0.443025],[0.363947,-0.44458,0.818468]],"armWidth":61.9883,"confidence":0.866983,"direction":[-0.0176014,0.312027,-0.94991],"elbow":[75.858,153.706,304.223],"grabStrength":0,"id":812,"palmNormal":[-0.0913443,-0.946586,-0.309243],"palmPosition":[-28.4292,283.497,38.3758],"palmVelocity":[-0.000628387,-39.7191,-114.878],"palmWidth":88.5172,"pinchStrength":1,"r":[[0.968649,0.130073,0.211659],[-0.0763213,0.966584,-0.244723],[-0.236418,0.220897,0.946209]],"s":0.882614,"sphereCenter":[-38.5224,246.046,5.33043],"sphereRadius":48.9336,"stabilizedPalmPosition":[-41.8655,281.823,190.89],"t":[30.8331,73.8864,-202.765],"timeVisible":1.663,"type":"right","wrist":[-19.7373,270.481,89.2417]}],"id":4413033,"interactionBox":{"center":[0,200,0],"size":[235.247,235.247,147.751]},"pointables":[{"bases":[[[0.478919,0.874814,0.0730632],[-0.753585,0.367004,0.545361],[0.450275,-0.316243,0.835011]],[[0.314939,0.929792,-0.190523],[-0.901016,0.355985,0.24788],[0.298301,0.0935972,0.949872]],[[0.314939,0.929792,-0.190523],[-0.935533,0.27028,-0.227436],[-0.159973,0.249869,0.954973]],[[0.314939,0.929792,-0.190523],[-0.895611,0.224693,-0.383919],[-0.314155,0.291546,0.903497]]],"btipPosition":[-50.2785,242.282,-7.96535],"carpPosition":[-48.2514,261.752,90.4073],"dipPosition":[-57.4311,248.919,12.6051],"direction":[0.159973,-0.249869,-0.954973],"extended":false,"handId":812,"id":8120,"length":50.7,"mcpPosition":[-48.2514,261.752,90.4073],"pipPosition":[-62.7372,257.207,44.2806],"stabilizedTipPosition":[-82.0819,238.702,147.785],"timeVisible":1.663,"tipPosition":[-51.2481,243.239,-3.2532],"tipVelocity":[-0.949182,-14.0877,-136.962],"tool":false,"touchDistance":-0.46487,"touchZone":"touching","type":0,"width":19.6997},{"bases":[[[0.978574,-0.0277813,-0.204014],[0.0629611,0.983768,0.168036],[0.196034,-0.177281,0.964439]],[[0.989355,-0.0393894,-0.140093],[0.0594323,0.988095,0.141899],[0.132836,-0.148715,0.979918]],[[0.989355,-0.0393894,-0.140093],[0.0429586,0.998822,0.0225436],[0.13904,-0.0283218,0.989882]],[[0.989355,-0.0393894,-0.140093],[0.0294118,0.996928,-0.0725923],[0.142522,0.0676991,0.987474]]],"btipPosition":[-64.1053,300.813,-63.6222],"carpPosition":[-38.885,282.368,86.0471],"dipPosition":[-61.7364,301.938,-47.2091],"direction":[-0.13904,0.0283218,-0.989882],"extended":true,"handId":812,"id":8121,"length":57.2093,"mcpPosition":[-52.9152,295.056,17.022],"pipPosition":[-58.467,301.272,-23.9335],"stabilizedTipPosition":[-79.7747,293.904,92.8526],"timeVisible":1.663,"tipPosition":[-63.4404,300.685,-59.8708],"tipVelocity":[8.0388,0.447356,-110.8],"tool":false,"touchDistance":-0.444923,"touchZone":"touching","type":1,"width":18.8171},{"bases":[[[0.970894,-0.218776,-0.0974757],[0.231783,0.960778,0.15226],[0.0603417,-0.170421,0.983522]],[[0.972429,-0.232975,-0.0102166],[0.187768,0.808216,-0.558149],[0.138292,0.540842,0.829678]],[[0.972429,-0.232975,-0.0102166],[0.0203657,0.128486,-0.991502],[0.232308,0.963958,0.129688]],[[0.972429,-0.232975,-0.0102166],[-0.0965732,-0.362442,-0.926989],[0.212262,0.902418,-0.374949]]],"btipPosition":[-48.1841,226.812,-19.0355],"carpPosition":[-27.2971,283.77,83.3552],"dipPosition":[-44.3037,243.31,-25.89],"direction":[-0.232308,-0.963958,-0.129688],"extended":false,"handId":812,"id":8122,"length":65.1854,"mcpPosition":[-31.3927,295.337,16.6016],"pipPosition":[-37.8772,269.976,-22.3024],"stabilizedTipPosition":[-54.069,244.374,75.6049],"timeVisible":1.663,"tipPosition":[-47.3527,230.605,-20.3471],"tipVelocity":[9.11806,-15.2022,-132.273],"tool":false,"touchDistance":-0.445504,"touchZone":"touching","type":2,"width":18.4809},{"bases":[[[0.948938,-0.313271,0.0371213],[0.302362,0.93677,0.176181],[-0.0899667,-0.155961,0.983658]],[[0.93576,-0.326906,0.132233],[0.342309,0.751986,-0.56333],[0.0847183,0.572407,0.815582]],[[0.93576,-0.326906,0.132233],[0.163035,0.06856,-0.984235],[0.312686,0.942567,0.117453]],[[0.93576,-0.326906,0.132233],[-0.0087629,-0.396425,-0.918025],[0.352528,0.857893,-0.373823]]],"btipPosition":[-28.6301,225.775,-10.2175],"carpPosition":[-15.5959,282.146,81.5444],"dipPosition":[-22.2224,241.368,-17.0122],"direction":[-0.312686,-0.942567,-0.117453],"extended":false,"handId":812,"id":8123,"length":62.6775,"mcpPosition":[-10.1135,291.649,21.6026],"pipPosition":[-13.7958,266.77,-13.847],"stabilizedTipPosition":[-29.3184,243.698,69.6115],"timeVisible":1.663,"tipPosition":[-26.9779,229.772,-12.2656],"tipVelocity":[-2.04149,-31.2708,-107.937],"tool":false,"touchDistance":-0.404009,"touchZone":"touching","type":3,"width":17.5858},{"bases":[[[0.869057,-0.479663,0.121096],[0.437131,0.859157,0.266017],[-0.231639,-0.17825,0.956332]],[[0.768923,-0.510426,0.384998],[0.639272,0.62271,-0.45118],[-0.00944776,0.593041,0.805117]],[[0.768923,-0.510426,0.384998],[0.429087,-0.0344172,-0.902607],[0.473965,0.859233,0.192553]],[[0.768923,-0.510426,0.384998],[0.147833,-0.443914,-0.883791],[0.622016,0.736482,-0.265878]]],"btipPosition":[-10.7663,234.569,0.0895137],"carpPosition":[-4.70945,273.613,80.9356],"dipPosition":[-0.336127,246.919,-4.36882],"direction":[-0.473965,-0.859232,-0.192553],"extended":false,"handId":812,"id":8124,"length":49.138,"mcpPosition":[8.35714,283.667,26.9896],"pipPosition":[8.68213,263.268,-0.70507],"stabilizedTipPosition":[-8.02551,250.345,74.484],"timeVisible":1.663,"tipPosition":[-8.17547,237.858,-1.44931],"tipVelocity":[0.124492,-25.3324,-121.833],"tool":false,"touchDistance":-0.360786,"touchZone":"touching","type":4,"width":15.6211}],"r":[[0.968649,0.130073,0.211659],[-0.0763213,0.966584,-0.244723],[-0.236418,0.220897,0.946209]],"s":0.882614,"t":[30.8331,73.8864,-202.765],"timestamp":606839922048},false],[5,{"currentFrameRate":110.24,"devices":[],"gestures":[],"hands":[{"armBasis":[[0.928252,0.0867501,-0.361694],[0.0882988,0.893229,0.440845],[0.361319,-0.441153,0.821482]],"armWidth":61.9883,"confidence":0.867664,"direction":[-0.0181153,0.318696,-0.947684],"elbow":[75.2588,153.968,303.902],"grabStrength":0,"id":812,"palmNormal":[-0.0866483,-0.944774,-0.316061],"palmPosition":[-28.3484,283.18,37.3493],"palmVelocity":[2.46158,-38.4424,-114.472],"palmWidth":88.5172,"pinchStrength":1,"r":[[0.968278,0.13032,0.213201],[-0.0773101,0.967605,-0.240339],[-0.237616,0.216232,0.946986]],"s":0.883336,"sphereCenter":[-38.2411,246.052,4.08388],"sphereRadius":48.7816,"stabilizedPalmPosition":[-41.8646,281.823,190.88],"t":[30.8823,73.5277,-203.762],"timeVisible":1.67206,"type":"right","wrist":[-19.6462,269.842,88.13]}],"id":4413034,"interactionBox":{"center":[0,200,0],"size":[235.247,235.247,147.751]},"pointables":[{"bases":[[[0.474783,0.87648,0.0797704],[-0.755814,0.359618,0.547192],[0.450916,-0.320089,0.833197]],[[0.3119,0.932513,-0.182039],[-0.901257,0.351029,0.253998],[0.300757,0.0848414,0.949919]],[[0.3119,0.932513,-0.182039],[-0.9368,0.269868,-0.222659],[-0.158506,0.239981,0.95775]],[[0.3119,0.932513,-0.182039],[-0.89616,0.225091,-0.382403],[-0.31562,0.282407,0.905886]]],"btipPosition":[-50.2824,242.464,-9.31686],"carpPosition":[-48.1207,260.973,89.2046],"dipPosition":[-57.4683,248.893,11.308],"direction":[0.158506,-0.239981,-0.95775],"extended":false,"handId":812,"id":8120,"length":50.7,"mcpPosition":[-48.1207,260.973,89.2046],"pipPosition":[-62.7258,256.853,43.0756],"stabilizedTipPosition":[-82.0819,238.702,147.785],"timeVisible":1.67206,"tipPosition":[-51.201,243.341,-4.5886],"tipVelocity":[-1.03895,-6.10545,-139.986],"tool":false,"touchDistance":-0.466801,"touchZone":"touching","type":0,"width":19.6997},{"bases":[[[0.978892,-0.0217956,-0.203212],[0.0582317,0.982828,0.175094],[0.195906,-0.183231,0.963352]],[[0.989623,-0.0337514,-0.139671],[0.0547177,0.987305,0.149114],[0.132865,-0.155209,0.978906]],[[0.989623,-0.0337514,-0.139671],[0.0382656,0.998824,0.029761],[0.138502,-0.0347967,0.989751]],[[0.989623,-0.0337514,-0.139671],[0.0247841,0.997548,-0.0654519],[0.141538,0.0613111,0.988032]]],"btipPosition":[-64.0291,301.063,-64.5547],"carpPosition":[-38.8457,281.663,85.0007],"dipPosition":[-61.6765,302.082,-48.1324],"direction":[-0.138502,0.0347967,-0.989751],"extended":true,"handId":812,"id":8121,"length":57.2093,"mcpPosition":[-52.8668,294.777,16.0534],"pipPosition":[-58.4198,301.264,-24.8598],"stabilizedTipPosition":[-79.7746,293.904,92.8524],"timeVisible":1.67206,"tipPosition":[-63.3596,300.917,-60.8048],"tipVelocity":[8.02899,7.21143,-108.589],"tool":false,"touchDistance":-0.44272,"touchZone":"touching","type":1,"width":18.8171},{"bases":[[[0.971994,-0.213577,-0.0980434],[0.227174,0.960733,0.159325],[0.0601652,-0.177136,0.982346]],[[0.973528,-0.228271,-0.0116249],[0.183665,0.81154,-0.554681],[0.136052,0.537862,0.831982]],[[0.973528,-0.228271,-0.0116249],[0.0190196,0.131588,-0.991122],[0.227774,0.964664,0.132446]],[[0.973528,-0.228271,-0.0116249],[-0.0955502,-0.360244,-0.927952],[0.207637,0.904498,-0.372519]]],"btipPosition":[-47.8218,226.718,-20.209],"carpPosition":[-27.2618,283.137,82.3306],"dipPosition":[-44.026,243.253,-27.0191],"direction":[-0.227774,-0.964664,-0.132446],"extended":false,"handId":812,"id":8122,"length":65.1854,"mcpPosition":[-31.3454,295.16,15.6569],"pipPosition":[-37.7249,269.939,-23.3552],"stabilizedTipPosition":[-54.069,244.374,75.6044],"timeVisible":1.67206,"tipPosition":[-46.9886,230.557,-21.6246],"tipVelocity":[17.0519,-13.6266,-131.237],"tool":false,"touchDistance":-0.446736,"touchZone":"touching","type":2,"width":18.4809},{"bases":[[[0.950344,-0.309129,0.0358557],[0.29784,0.936882,0.183147],[-0.0902087,-0.163374,0.982431]],[[0.937717,-0.323072,0.127718],[0.335566,0.747194,-0.573669],[0.0899063,0.580797,0.809068]],[[0.937717,-0.323072,0.127718],[0.154255,0.0578014,-0.986339],[0.311276,0.944608,0.104037]],[[0.937717,-0.323072,0.127718],[-0.0145671,-0.403882,-0.914695],[0.347096,0.855864,-0.383433]]],"btipPosition":[-28.6596,225.278,-10.3477],"carpPosition":[-15.5514,281.58,80.5201],"dipPosition":[-22.3507,240.835,-17.3171],"direction":[-0.311276,-0.944607,-0.104037],"extended":false,"handId":812,"id":8123,"length":62.6775,"mcpPosition":[-10.0543,291.536,20.6531],"pipPosition":[-13.9621,266.291,-14.5134],"stabilizedTipPosition":[-29.3183,243.698,69.6072],"timeVisible":1.67206,"tipPosition":[-26.905,229.401,-12.7421],"tipVelocity":[-3.07071,-38.0365,-83.3479],"tool":false,"touchDistance":-0.394497,"touchZone":"touching","type":3,"width":17.5858},{"bases":[[[0.871153,-0.476482,0.118563],[0.43288,0.859257,0.272566],[-0.231749,-0.186123,0.954804]],[[0.770283,-0.509646,0.383309],[0.637655,0.6229,-0.453202],[-0.00779069,0.593513,0.804787]],[[0.770283,-0.509646,0.383309],[0.426687,-0.0348043,-0.903729],[0.473922,0.85968,0.19065]],[[0.770283,-0.509646,0.383309],[0.146956,-0.443037,-0.884377],[0.620539,0.73755,-0.266368]]],"btipPosition":[-10.707,234.461,-0.842393],"carpPosition":[-4.62491,273.102,79.8618],"dipPosition":[-0.301562,246.828,-5.30895],"direction":[-0.473922,-0.85968,-0.19065],"extended":false,"handId":812,"id":8124,"length":49.138,"mcpPosition":[8.4479,283.601,26.0019],"pipPosition":[8.71588,263.185,-1.6814],"stabilizedTipPosition":[-8.02551,250.345,74.483],"timeVisible":1.67206,"tipPosition":[-8.04316,237.777,-2.46707],"tipVelocity":[1.7251,-21.5363,-116.68],"tool":false,"touchDistance":-0.367048,"touchZone":"touching","type":4,"width":15.6211}],"r":[[0.968278,0.13032,0.213201],[-0.0773101,0.967605,-0.240339],[-0.237616,0.216232,0.946986]],"s":0.883336,"t":[30.8823,73.5277,-203.762],"timestamp":606839931100},false],[6,{"currentFrameRate":110.235,"devices":[],"gestures":[],"hands":[{"armBasis":[[0.929024,0.0870349,-0.359639],[0.0859887,0.894552,0.438614],[0.359891,-0.438408,0.823576]],"armWidth":61.9883,"confidence":0.873229,"direction":[-0.0189438,0.323074,-0.946184],"elbow":[74.9726,154.282,303.549],"grabStrength":0,"id":812,"palmNormal":[-0.08426,-0.943503,-0.320472],"palmPosition":[-28.2943,282.988,36.5091],"palmVelocity":[3.43172,-33.6375,-108.401],"palmWidth":88.5172,"pinchStrength":1,"r":[[0.967914,0.130803,0.214555],[-0.0785972,0.968588,-0.235924],[-0.238675,0.21149,0.94779]],"s":0.884015,"sphereCenter":[-38.0128,246.048,3.09047],"sphereRadius":48.6882,"stabilizedPalmPosition":[-41.8637,281.823,190.87],"t":[30.934,73.2527,-204.681],"timeVisible":1.68114,"type":"right","wrist":[-19.5571,269.436,87.2269]}],"id":4413035,"interactionBox":{"center":[0,200,0],"size":[235.247,235.247,147.751]},"pointables":[{"bases":[[[0.472562,0.877299,0.083861],[-0.756712,0.35514,0.548874],[0.451744,-0.322836,0.831688]],[[0.31064,0.934071,-0.176108],[-0.900609,0.348482,0.259738],[0.303984,0.0779197,0.949485]],[[0.31064,0.934071,-0.176108],[-0.937657,0.270743,-0.217938],[-0.15589,0.232829,0.959942]],[[0.31064,0.934071,-0.176108],[-0.896501,0.226338,-0.380862],[-0.315893,0.276192,0.907706]]],"btipPosition":[-50.408,242.695,-10.3542],"carpPosition":[-48.009,260.49,88.2603],"dipPosition":[-57.6001,248.983,10.3121],"direction":[0.15589,-0.232829,-0.959942],"extended":false,"handId":812,"id":8120,"length":50.7,"mcpPosition":[-48.009,260.49,88.2603],"pipPosition":[-62.7708,256.706,42.1524],"stabilizedTipPosition":[-82.0818,238.702,147.785],"timeVisible":1.68114,"tipPosition":[-51.2903,243.512,-5.61383],"tipVelocity":[-4.62199,1.64028,-132.575],"tool":false,"touchDistance":-0.463872,"touchZone":"touching","type":0,"width":19.6997},{"bases":[[[0.97894,-0.0183641,-0.203322],[0.0557439,0.982144,0.179685],[0.196391,-0.187234,0.962483]],[[0.989648,-0.0305141,-0.140233],[0.0522238,0.986714,0.153848],[0.133675,-0.159579,0.978093]],[[0.989648,-0.0305141,-0.140233],[0.0356913,0.998765,0.0345526],[0.139005,-0.0392,0.989515]],[[0.989648,-0.0305141,-0.140233],[0.0221721,0.997912,-0.0606691],[0.141791,0.0569318,0.988258]]],"btipPosition":[-64.0545,301.268,-65.3044],"carpPosition":[-38.7866,281.222,84.1531],"dipPosition":[-61.6978,302.214,-48.8783],"direction":[-0.139005,0.0392,-0.989515],"extended":true,"handId":812,"id":8121,"length":57.2093,"mcpPosition":[-52.8424,294.623,15.2679],"pipPosition":[-58.4293,301.292,-25.6113],"stabilizedTipPosition":[-79.7746,293.904,92.8523],"timeVisible":1.68114,"tipPosition":[-63.3746,301.112,-61.5566],"tipVelocity":[5.0608,10.9463,-101.364],"tool":false,"touchDistance":-0.438014,"touchZone":"touching","type":1,"width":18.8171},{"bases":[[[0.97253,-0.210652,-0.0990502],[0.224741,0.960551,0.163811],[0.0606355,-0.181572,0.981506]],[[0.974119,-0.225644,-0.0133192],[0.180789,0.813135,-0.553287],[0.135676,0.53656,0.832884]],[[0.974119,-0.225644,-0.0133192],[0.0172758,0.133074,-0.990955],[0.225376,0.965078,0.133528]],[[0.974119,-0.225644,-0.0133192],[-0.0958258,-0.358881,-0.928451],[0.20472,0.905698,-0.371216]]],"btipPosition":[-47.6612,226.648,-21.0889],"carpPosition":[-27.2066,282.738,81.4897],"dipPosition":[-43.9187,243.205,-27.8752],"direction":[-0.225376,-0.965078,-0.133528],"extended":false,"handId":812,"id":8122,"length":65.1854,"mcpPosition":[-31.322,295.062,14.873],"pipPosition":[-37.6839,269.903,-24.1814],"stabilizedTipPosition":[-54.0689,244.374,75.6039],"timeVisible":1.68114,"tipPosition":[-46.8222,230.528,-22.587],"tipVelocity":[16.8555,-11.8381,-121.573],"tool":false,"touchDistance":-0.443513,"touchZone":"touching","type":2,"width":18.4809},{"bases":[[[0.951125,-0.306883,0.0344011],[0.295468,0.936768,0.187521],[-0.0897728,-0.168191,0.981658]],[[0.93875,-0.32112,0.125024],[0.332486,0.748682,-0.573522],[0.0905661,0.579963,0.809593]],[[0.93875,-0.32112,0.125024],[0.151531,0.0588212,-0.986701],[0.309495,0.94521,0.103878]],[[0.93875,-0.32112,0.125024],[-0.0159192,-0.402834,-0.915135],[0.344232,0.857092,-0.383272]]],"btipPosition":[-28.5557,225.209,-11.1703],"carpPosition":[-15.4922,281.22,79.6719],"dipPosition":[-22.2988,240.788,-18.1367],"direction":[-0.309495,-0.94521,-0.103878],"extended":false,"handId":812,"id":8123,"length":62.6775,"mcpPosition":[-10.0217,291.469,19.852],"pipPosition":[-13.9582,266.26,-15.3373],"stabilizedTipPosition":[-29.3181,243.697,69.6023],"timeVisible":1.68114,"tipPosition":[-26.8076,229.325,-13.5779],"tipVelocity":[0.581277,-29.4701,-85.3312],"tool":false,"touchDistance":-0.395709,"touchZone":"touching","type":3,"width":17.5858},{"bases":[[[0.872361,-0.474821,0.116326],[0.430706,0.859069,0.276574],[-0.231255,-0.19117,0.953926]],[[0.771013,-0.509536,0.381984],[0.636819,0.617938,-0.461102],[-0.00109423,0.59877,0.80092]],[[0.771013,-0.509536,0.381984],[0.420958,-0.042292,-0.906094],[0.477843,0.859409,0.181886]],[[0.771013,-0.509536,0.381984],[0.14184,-0.447358,-0.883036],[0.620823,0.735013,-0.272646]]],"btipPosition":[-10.9639,234.282,-1.27579],"carpPosition":[-4.54432,272.772,78.9738],"dipPosition":[-0.553741,246.607,-5.84761],"direction":[-0.477843,-0.859409,-0.181886],"extended":false,"handId":812,"id":8124,"length":49.138,"mcpPosition":[8.50066,283.556,25.1634],"pipPosition":[8.5383,262.96,-2.38682],"stabilizedTipPosition":[-8.02552,250.345,74.482],"timeVisible":1.68114,"tipPosition":[-8.18596,237.625,-3.0469],"tipVelocity":[-6.54717,-21.3055,-98.