{"sensorType":"Leap","data":[[0,{"currentFrameRate":105.714,"devices":[],"gestures":[],"hands":[{"armBasis":[[0.803118,0.0887728,-0.58917],[0.199975,0.891319,0.406892],[0.561259,-0.444602,0.698081]],"armWidth":63.5897,"confidence":0.7934,"direction":[-0.0912083,0.401694,-0.91122],"elbow":[144.87,152.033,277.421],"grabStrength":0,"id":822,"palmNormal":[-0.197245,-0.904193,-0.378853],"palmPosition":[-19.5509,290.684,39.8163],"palmVelocity":[20.9549,33.1459,-189.857],"palmWidth":90.8039,"pinchStrength":1,"r":[[0.989453,-0.133723,0.0556855],[0.133118,0.990995,0.0144501],[-0.0571163,-0.00688495,0.998344]],"s":0.700073,"sphereCenter":[-24.8358,252.893,2.70269],"sphereRadius":49.4502,"stabilizedPalmPosition":[-11.1778,250.132,178.291],"t":[-11.7402,95.7985,-210.221],"timeVisible":0.732002,"type":"right","wrist":[-6.36006,271.83,89.3248]}],"id":4419511,"interactionBox":{"center":[0,200,0],"size":[235.247,235.247,147.751]},"pointables":[{"bases":[[[0.551405,0.828698,0.0959793],[-0.661755,0.36444,0.655182],[0.50797,-0.424785,0.749349]],[[0.368418,0.919184,-0.139175],[-0.871527,0.393596,0.292442],[0.323586,0.0135534,0.946102]],[[0.368418,0.919184,-0.139175],[-0.929211,0.368742,-0.0244078],[0.0288842,0.138315,0.989967]],[[0.368418,0.919184,-0.139175],[-0.919362,0.338011,-0.2013],[-0.137989,0.202114,0.969592]]],"btipPosition":[-49.8239,254.742,-10.5069],"carpPosition":[-35.9444,264.844,92.9537],"dipPosition":[-53.0468,259.462,12.1387],"direction":[-0.0288842,-0.138315,-0.989967],"extended":false,"handId":822,"id":8220,"length":52.0098,"mcpPosition":[-35.9444,264.844,92.9537],"pipPosition":[-52.064,264.168,45.8232],"stabilizedTipPosition":[-58.6504,217.35,152.545],"timeVisible":0.732002,"tipPosition":[-50.899,256.645,-5.38971],"tipVelocity":[40.3871,36.9819,-222.599],"tool":false,"touchDistance":-0.562594,"touchZone":"hovering","type":0,"width":20.2086},{"bases":[[[0.946931,-0.075673,-0.312402],[0.157414,0.956547,0.245437],[0.280254,-0.281588,0.917696]],[[0.978096,-0.116741,-0.172334],[0.148494,0.971517,0.184674],[0.145866,-0.20622,0.967572]],[[0.978096,-0.116741,-0.172334],[0.116134,0.99314,-0.0136366],[0.172744,-0.00667592,0.984944]],[[0.978096,-0.116741,-0.172334],[0.0872118,0.981584,-0.169961],[0.189002,0.151208,0.970265]]],"btipPosition":[-59.4322,312.707,-59.8478],"carpPosition":[-25.2129,285.608,89.3143],"dipPosition":[-56.2096,315.285,-43.3041],"direction":[-0.172744,0.00667592,-0.984944],"extended":true,"handId":822,"id":8221,"length":58.6872,"mcpPosition":[-45.7889,306.282,21.9379],"pipPosition":[-52.0429,315.124,-19.5463],"stabilizedTipPosition":[-47.7282,286.359,93.6276],"timeVisible":0.732002,"tipPosition":[-58.4135,313.927,-55.4393],"tipVelocity":[30.688,62.0216,-189.181],"tool":false,"touchDistance":-0.571781,"touchZone":"hovering","type":1,"width":19.3032},{"bases":[[[0.935286,-0.274973,-0.222779],[0.321352,0.923568,0.209177],[0.148234,-0.26723,0.952163]],[[0.943281,-0.292746,-0.156588],[0.176071,0.840987,-0.511605],[0.281459,0.455017,0.844832]],[[0.943281,-0.292746,-0.156588],[-0.129437,0.110047,-0.985462],[0.305722,0.949837,0.0659127]],[[0.943281,-0.292746,-0.156588],[-0.275547,-0.427255,-0.86112],[0.185187,0.855426,-0.483687]]],"btipPosition":[-49.6077,240.201,-14.338],"carpPosition":[-13.5994,286.479,85.3943],"dipPosition":[-46.1348,256.243,-23.4088],"direction":[-0.305722,-0.949837,-0.0659127],"extended":false,"handId":822,"id":8222,"length":66.8694,"mcpPosition":[-23.9202,305.085,19.0996],"pipPosition":[-37.4589,283.198,-21.5383],"stabilizedTipPosition":[-48.9737,232.262,93.9661],"timeVisible":0.732002,"tipPosition":[-48.8851,244.236,-17.1161],"tipVelocity":[56.475,73.7823,-243.837],"tool":false,"touchDistance":0.151492,"touchZone":"hovering","type":2,"width":18.9583},{"bases":[[[0.920002,-0.380136,-0.0953626],[0.391914,0.892573,0.222972],[0.000358584,-0.242508,0.970149]],[[0.916927,-0.398756,-0.0154192],[0.334419,0.78892,-0.515529],[0.217735,0.467546,0.856734]],[[0.916927,-0.398756,-0.0154192],[0.0171522,0.0779856,-0.996807],[0.398685,0.913735,0.0783467]],[[0.916927,-0.398756,-0.0154192],[-0.201039,-0.428214,-0.881031],[0.344714,0.810942,-0.472806]]],"btipPosition":[-29.2018,238.104,-10.1114],"carpPosition":[-2.02176,284.173,82.0848],"dipPosition":[-22.7744,253.225,-18.9272],"direction":[-0.398685,-0.913735,-0.0783467],"extended":false,"handId":822,"id":8223,"length":64.2967,"mcpPosition":[-2.04417,299.333,21.4389],"pipPosition":[-11.7526,278.486,-16.7613],"stabilizedTipPosition":[-21.3157,215.221,111.972],"timeVisible":0.732002,"tipPosition":[-27.6017,242.16,-13.4646],"tipVelocity":[51.9875,64.2001,-205.855],"tool":false,"touchDistance":-0.546209,"touchZone":"hovering","type":3,"width":18.0401},{"bases":[[[0.836373,-0.547867,-0.0179592],[0.528719,0.797627,0.290254],[-0.144696,-0.252256,0.956781]],[[0.809521,-0.576673,0.110114],[0.550208,0.679769,-0.484959],[0.20481,0.453169,0.867577]],[[0.809521,-0.576673,0.110114],[0.149028,0.0204277,-0.988622],[0.567862,0.81672,0.102477]],[[0.809521,-0.576673,0.110114],[-0.178395,-0.420307,-0.889673],[0.559331,0.700565,-0.443123]]],"btipPosition":[-11.2636,245.383,-0.888895],"carpPosition":[8.29584,274.769,79.4687],"dipPosition":[-1.64222,257.434,-8.51129],"direction":[-0.567862,-0.81672,-0.102477],"extended":false,"handId":822,"id":8224,"length":50.4074,"mcpPosition":[16.6689,289.366,24.103],"pipPosition":[9.44176,273.375,-6.51107],"stabilizedTipPosition":[2.9454,216.74,121.197],"timeVisible":0.732002,"tipPosition":[-8.75071,248.7,-3.9179],"tipVelocity":[45.0168,63.8509,-198.104],"tool":false,"touchDistance":-0.530473,"touchZone":"hovering","type":4,"width":16.0246}],"r":[[0.989453,-0.133723,0.0556855],[0.133118,0.990995,0.0144501],[-0.0571163,-0.00688495,0.998344]],"s":0.700073,"t":[-11.7402,95.7985,-210.221],"timestamp":606900443717},false],[1,{"currentFrameRate":105.933,"devices":[],"gestures":[],"hands":[{"armBasis":[[0.805071,0.0924658,-0.585927],[0.196121,0.890732,0.41004],[0.559819,-0.445024,0.698968]],"armWidth":63.5897,"confidence":0.797655,"direction":[-0.08674,0.40347,-0.910872],"elbow":[144.229,152.21,275.462],"grabStrength":0,"id":822,"palmNormal":[-0.193515,-0.903727,-0.381876],"palmPosition":[-19.5555,291.056,37.584],"palmVelocity":[15.0445,35.3697,-205.621],"palmWidth":90.8039,"pinchStrength":1,"r":[[0.989635,-0.131424,0.0578864],[0.130453,0.991247,0.0202648],[-0.0600431,-0.0125033,0.998117]],"s":0.699268,"sphereCenter":[-24.6439,253.45,0.430079],"sphereRadius":49.3012,"stabilizedPalmPosition":[-11.1779,250.133,178.29],"t":[-11.6689,96.1486,-212.319],"timeVisible":0.741037,"type":"right","wrist":[-6.61267,272.12,87.1265]}],"id":4419512,"interactionBox":{"center":[0,200,0],"size":[235.247,235.247,147.751]},"pointables":[{"bases":[[[0.549404,0.829447,0.100858],[-0.666095,0.3619,0.652185],[0.504453,-0.425494,0.75132]],[[0.364567,0.920802,-0.138614],[-0.874323,0.389713,0.289281],[0.32039,0.0157312,0.947155]],[[0.364567,0.920802,-0.138614],[-0.930955,0.36367,-0.0326639],[0.0203328,0.140952,0.989808]],[[0.364567,0.920802,-0.138614],[-0.919586,0.332604,-0.20913],[-0.146464,0.20371,0.968014]]],"btipPosition":[-49.4363,254.737,-12.898],"carpPosition":[-36.2048,265.075,90.5727],"dipPosition":[-52.8571,259.495,9.71066],"direction":[-0.0203328,-0.140952,-0.989808],"extended":false,"handId":822,"id":8220,"length":52.0098,"mcpPosition":[-36.2048,265.075,90.5727],"pipPosition":[-52.1652,264.291,43.3897],"stabilizedTipPosition":[-58.6503,217.35,152.544],"timeVisible":0.741037,"tipPosition":[-50.5338,256.723,-7.8067],"tipVelocity":[39.6926,26.9267,-234.443],"tool":false,"touchDistance":-0.570662,"touchZone":"hovering","type":0,"width":20.2086},{"bases":[[[0.948818,-0.0733681,-0.307183],[0.154349,0.956295,0.248348],[0.275536,-0.28305,0.918674]],[[0.97923,-0.114617,-0.167248],[0.145061,0.97236,0.182957],[0.141655,-0.203418,0.96879]],[[0.97923,-0.114617,-0.167248],[0.114277,0.99338,-0.0116915],[0.167481,-0.00766393,0.985846]],[[0.97923,-0.114617,-0.167248],[0.0868287,0.982477,-0.164926],[0.183221,0.146978,0.972022]]],"btipPosition":[-58.9561,313.047,-62.2996],"carpPosition":[-25.4892,285.866,87.0382],"dipPosition":[-55.832,315.553,-45.726],"direction":[-0.167481,0.00766393,-0.985846],"extended":true,"handId":822,"id":8221,"length":58.6872,"mcpPosition":[-45.7188,306.647,19.59],"pipPosition":[-51.7922,315.369,-21.9465],"stabilizedTipPosition":[-47.7298,286.363,93.6044],"timeVisible":0.741037,"tipPosition":[-57.9646,314.277,-57.9035],"tipVelocity":[36.0609,54.8166,-211.614],"tool":false,"touchDistance":-0.579611,"touchZone":"hovering","type":1,"width":19.3032},{"bases":[[[0.937013,-0.272877,-0.218048],[0.318548,0.923677,0.212948],[0.143298,-0.268994,0.952422]],[[0.944643,-0.290712,-0.152105],[0.177285,0.842353,-0.508932],[0.276079,0.453794,0.847261]],[[0.944643,-0.290712,-0.152105],[-0.124603,0.110993,-0.985979],[0.303518,0.950351,0.0686254]],[[0.944643,-0.290712,-0.152105],[-0.270385,-0.427163,-0.8628],[0.185853,0.856165,-0.48212]]],"btipPosition":[-49.2109,240.64,-16.7875],"carpPosition":[-13.8552,286.765,83.186],"dipPosition":[-45.7255,256.696,-25.829],"direction":[-0.303518,-0.950351,-0.0686254],"extended":false,"handId":822,"id":8222,"length":66.8694,"mcpPosition":[-23.8323,305.494,16.8733],"pipPosition":[-37.1122,283.665,-23.8815],"stabilizedTipPosition":[-48.9737,232.264,93.9542],"timeVisible":0.741037,"tipPosition":[-48.4806,244.668,-19.5568],"tipVelocity":[53.102,66.9432,-251.146],"tool":false,"touchDistance":0.110779,"touchZone":"hovering","type":2,"width":18.9583},{"bases":[[[0.92119,-0.378337,-0.0909434],[0.389085,0.892776,0.227078],[-0.00472006,-0.244567,0.969621]],[[0.91776,-0.396958,-0.0118594],[0.332968,0.785406,-0.521795],[0.216445,0.474934,0.852988]],[[0.91776,-0.396958,-0.0118594],[0.0162117,0.0672854,-0.997602],[0.396804,0.915367,0.0681873]],[[0.91776,-0.396958,-0.0118594],[-0.200425,-0.437187,-0.876754],[0.342849,0.807027,-0.480793]]],"btipPosition":[-28.9732,238.245,-11.629],"carpPosition":[-2.25493,284.486,79.9374],"dipPosition":[-22.5805,253.292,-20.5937],"direction":[-0.396804,-0.915367,-0.0681873],"extended":false,"handId":822,"id":8223,"length":64.2967,"mcpPosition":[-1.95987,299.774,19.3246],"pipPosition":[-11.6108,278.598,-18.7087],"stabilizedTipPosition":[-21.3163,215.223,111.962],"timeVisible":0.741037,"tipPosition":[-27.3322,242.337,-15.112],"tipVelocity":[44.3922,50.2761,-196.462],"tool":false,"touchDistance":-0.543199,"touchZone":"hovering","type":3,"width":18.0401},{"bases":[[[0.837416,-0.546377,-0.0143705],[0.525672,0.797924,0.294935],[-0.149679,-0.254537,0.955409]],[[0.809059,-0.576067,0.116495],[0.552134,0.677049,-0.486573],[0.201426,0.457987,0.865838]],[[0.809059,-0.576067,0.116495],[0.15121,0.0124838,-0.988423],[0.567943,0.817307,0.0972072]],[[0.809059,-0.576067,0.116495],[-0.176539,-0.427259,-0.886726],[0.560587,0.696848,-0.447376]]],"btipPosition":[-11.0811,245.734,-2.6808],"carpPosition":[8.09373,275.106,77.36],"dipPosition":[-1.43811,257.721,-10.3764],"direction":[-0.567943,-0.817307,-0.0972072],"extended":false,"handId":822,"id":8224,"length":50.4074,"mcpPosition":[16.7551,289.835,22.0737],"pipPosition":[9.64746,273.674,-8.479],"stabilizedTipPosition":[2.9446,216.743,121.188],"timeVisible":0.741037,"tipPosition":[-8.54444,249.046,-5.75621],"tipVelocity":[38.3318,56.5155,-198.679],"tool":false,"touchDistance":-0.53289,"touchZone":"hovering","type":4,"width":16.0246}],"r":[[0.989635,-0.131424,0.0578864],[0.130453,0.991247,0.0202648],[-0.0600431,-0.0125033,0.998117]],"s":0.699268,"t":[-11.6689,96.1486,-212.319],"timestamp":606900452752},false],[2,{"currentFrameRate":106.099,"devices":[],"gestures":[],"hands":[{"armBasis":[[0.805729,0.0901576,-0.585383],[0.196985,0.891293,0.408405],[0.558568,-0.444375,0.70038]],"armWidth":63.5897,"confidence":0.804602,"direction":[-0.0857891,0.404047,-0.910707],"elbow":[143.936,152.532,274.353],"grabStrength":0,"id":822,"palmNormal":[-0.194602,-0.903266,-0.382414],"palmPosition":[-19.4638,291.246,36.0987],"palmVelocity":[13.657,31.332,-193.751],"palmWidth":90.8039,"pinchStrength":1,"r":[[0.98973,-0.129874,0.0597297],[0.128581,0.991383,0.0250223],[-0.0624647,-0.0170852,0.997901]],"s":0.698737,"sphereCenter":[-24.695,253.796,-0.997153],"sphereRadius":49.1323,"stabilizedPalmPosition":[-11.178,250.133,178.288],"t":[-11.5874,96.4187,-214.111],"timeVisible":0.750156,"type":"right","wrist":[-6.56861,272.268,85.6373]}],"id":4419513,"interactionBox":{"center":[0,200,0],"size":[235.247,235.247,147.751]},"pointables":[{"bases":[[[0.550509,0.828635,0.101511],[-0.665874,0.362495,0.652081],[0.503539,-0.42657,0.751323]],[[0.364383,0.920706,-0.139734],[-0.87412,0.389904,0.289637],[0.321154,0.0166057,0.946882]],[[0.364383,0.920706,-0.139734],[-0.931054,0.363253,-0.0344324],[0.0190567,0.142647,0.98959]],[[0.364383,0.920706,-0.139734],[-0.91953,0.331994,-0.210344],[-0.147274,0.205136,0.96759]]],"btipPosition":[-49.3791,254.789,-14.3725],"carpPosition":[-36.172,265.261,89.0673],"dipPosition":[-52.8188,259.58,8.22623],"direction":[-0.0190567,-0.142647,-0.98959],"extended":false,"handId":822,"id":8220,"length":52.0098,"mcpPosition":[-36.172,265.261,89.0673],"pipPosition":[-52.1704,264.434,41.8979],"stabilizedTipPosition":[-58.6502,217.35,152.542],"timeVisible":0.750156,"tipPosition":[-50.4537,256.795,-9.2892],"tipVelocity":[30.2795,21.2625,-214.314],"tool":false,"touchDistance":-0.564081,"touchZone":"hovering","type":0,"width":20.2086},{"bases":[[[0.948848,-0.0745276,-0.306812],[0.155566,0.955955,0.248895],[0.274749,-0.283893,0.91865]],[[0.979092,-0.115786,-0.167249],[0.145727,0.972893,0.179565],[0.141924,-0.200183,0.969425]],[[0.979092,-0.115786,-0.167249],[0.115484,0.993242,-0.0115681],[0.167458,-0.00798832,0.985847]],[[0.979092,-0.115786,-0.167249],[0.0885865,0.982836,-0.161821],[0.183115,0.143622,0.972544]]],"btipPosition":[-58.8443,313.209,-63.8244],"carpPosition":[-25.426,286.039,85.5478],"dipPosition":[-55.722,315.658,-47.2419],"direction":[-0.167458,0.00798832,-0.985847],"extended":true,"handId":822,"id":8221,"length":58.6872,"mcpPosition":[-45.5978,306.882,18.1013],"pipPosition":[-51.6828,315.465,-23.4623],"stabilizedTipPosition":[-47.7312,286.367,93.584],"timeVisible":0.750156,"tipPosition":[-57.8482,314.44,-59.4454],"tipVelocity":[29.4402,44.1146,-199.221],"tool":false,"touchDistance":-0.572824,"touchZone":"hovering","type":1,"width":19.3032},{"bases":[[[0.936728,-0.274065,-0.217783],[0.319735,0.923128,0.21355],[0.142515,-0.269671,0.952348]],[[0.944242,-0.291742,-0.15262],[0.177587,0.841604,-0.510065],[0.277253,0.454522,0.846487]],[[0.944242,-0.291742,-0.15262],[-0.125855,0.108522,-0.986095],[0.304248,0.950321,0.0657542]],[[0.944242,-0.291742,-0.15262],[-0.271907,-0.429558,-0.861131],[0.185669,0.854615,-0.484934]]],"btipPosition":[-49.1642,240.841,-18.0958],"carpPosition":[-13.7892,286.924,81.701],"dipPosition":[-45.6822,256.868,-27.1901],"direction":[-0.304248,-0.950321,-0.0657542],"extended":false,"handId":822,"id":8222,"length":66.8694,"mcpPosition":[-23.7118,305.7,15.3935],"pipPosition":[-37.0482,283.837,-25.3241],"stabilizedTipPosition":[-48.9736,232.265,93.9425],"timeVisible":0.750156,"tipPosition":[-48.4257,244.866,-20.9071],"tipVelocity":[39.758,54.277,-221.619],"tool":false,"touchDistance":0.0887712,"touchZone":"hovering","type":2,"width":18.9583},{"bases":[[[0.920704,-0.379567,-0.0907376],[0.390223,0.892122,0.227694],[-0.00547621,-0.245047,0.969496]],[[0.917278,-0.398052,-0.0124387],[0.331928,0.781414,-0.528409],[0.220054,0.48057,0.848899]],[[0.917278,-0.398052,-0.0124387],[0.0115151,0.0577302,-0.998266],[0.39808,0.915544,0.0575383]],[[0.917278,-0.398052,-0.0124387],[-0.204943,-0.445033,-0.871748],[0.341465,0.802184,-0.489797]]],"btipPosition":[-29.0321,238.253,-12.4576],"carpPosition":[-2.19066,284.631,78.4563],"dipPosition":[-22.6652,253.211,-21.5902],"direction":[-0.39808,-0.915544,-0.0575383],"extended":false,"handId":822,"id":8223,"length":64.2967,"mcpPosition":[-1.84833,299.949,17.8513],"pipPosition":[-11.6602,278.521,-19.9996],"stabilizedTipPosition":[-21.3167,215.225,111.952],"timeVisible":0.750156,"tipPosition":[-27.3748,242.335,-16.017],"tipVelocity":[30.093,35.9534,-168.319],"tool":false,"touchDistance":-0.530222,"touchZone":"hovering","type":3,"width":18.0401},{"bases":[[[0.836665,-0.547529,-0.0142852],[0.526649,0.797047,0.295562],[-0.150443,-0.254809,0.955217]],[[0.807689,-0.577594,0.118423],[0.551292,0.668586,-0.499069],[0.209083,0.468379,0.858432]],[[0.807689,-0.577594,0.118423],[0.142911,-0.00308042,-0.989731],[0.572027,0.816318,0.0800568]],[[0.807689,-0.577594,0.118423],[-0.184462,-0.438309,-0.879693],[0.560011,0.688673,-0.460561]]],"btipPosition":[-11.3245,245.675,-3.32813],"carpPosition":[8.14611,275.237,75.8787],"dipPosition":[-1.69147,257.521,-11.2505],"direction":[-0.572027,-0.816318,-0.0800567],"extended":false,"handId":822,"id":8224,"length":50.4074,"mcpPosition":[16.8517,289.982,20.6035],"pipPosition":[9.47381,273.455,-9.68788],"stabilizedTipPosition":[2.94386,216.745,121.181],"timeVisible":0.750156,"tipPosition":[-8.72616,248.994,-6.54394],"tipVelocity":[20.2068,38.0323,-164.813],"tool":false,"touchDistance":-0.518427,"touchZone":"hovering","type":4,"width":16.0246}],"r":[[0.98973,-0.129874,0.0597297],[0.128581,0.991383,0.0250223],[-0.0624647,-0.0170852,0.997901]],"s":0.698737,"t":[-11.5874,96.4187,-214.111],"timestamp":606900461871},false],[3,{"currentFrameRate":106.328,"devices":[],"gestures":[],"hands":[{"armBasis":[[0.808964,0.0958905,-0.579985],[0.192207,0.889236,0.41511],[0.555548,-0.447286,0.700929]],"armWidth":63.5897,"confidence":0.765876,"direction":[-0.085652,0.403471,-0.910975],"elbow":[143.136,151.761,272.476],"grabStrength":0,"id":822,"palmNormal":[-0.189259,-0.904276,-0.382709],"palmPosition":[-19.4281,291.188,34.0408],"palmVelocity":[11.0048,20.9821,-203.441],"palmWidth":90.8039,"pinchStrength":1,"r":[[0.989898,-0.127664,0.0616763],[0.126086,0.9916,0.0288505],[-0.0648414,-0.0207825,0.997679]],"s":0.698882,"sphereCenter":[-24.6085,253.921,-2.94278],"sphereRadius":48.9103,"stabilizedPalmPosition":[-11.178,250.133,178.287],"t":[-11.5288,96.5249,-216.036],"timeVisible":0.759139,"type":"right","wrist":[-6.55519,272.282,83.6126]}],"id":4419514,"interactionBox":{"center":[0,200,0],"size":[235.247,235.247,147.751]},"pointables":[{"bases":[[[0.546184,0.831352,0.102651],[-0.669171,0.359318,0.650462],[0.503879,-0.423963,0.75257]],[[0.359093,0.922699,-0.140281],[-0.876865,0.385021,0.287864],[0.319623,0.0196378,0.947341]],[[0.359093,0.922699,-0.140281],[-0.933173,0.357458,-0.0375674],[0.0154812,0.144397,0.989399]],[[0.359093,0.922699,-0.140281],[-0.92092,0.325901,-0.213763],[-0.151521,0.205949,0.966761]]],"btipPosition":[-49.0417,254.429,-16.4621],"carpPosition":[-36.1316,265.13,86.9747],"dipPosition":[-52.5806,259.239,6.11729],"direction":[-0.0154812,-0.144397,-0.989399],"extended":false,"handId":822,"id":8220,"length":52.0098,"mcpPosition":[-36.1316,265.13,86.9747],"pipPosition":[-52.0538,264.152,39.7824],"stabilizedTipPosition":[-58.6501,217.351,152.541],"timeVisible":0.759139,"tipPosition":[-50.1261,256.44,-11.388],"tipVelocity":[31.5806,4.56183,-219.467],"tool":false,"touchDistance":-0.567417,"touchZone":"hovering","type":0,"width":20.2086},{"bases":[[[0.949917,-0.0699046,-0.304584],[0.150277,0.95675,0.24909],[0.273999,-0.282387,0.919338]],[[0.980003,-0.110918,-0.165202],[0.140195,0.974053,0.177667],[0.141209,-0.197274,0.970125]],[[0.980003,-0.110918,-0.165202],[0.110596,0.993803,-0.0111777],[0.165418,-0.00731649,0.986196]],[[0.980003,-0.110918,-0.165202],[0.0844312,0.983577,-0.159525],[0.180183,0.142387,0.973273]]],"btipPosition":[-58.7132,312.9,-65.9969],"carpPosition":[-25.4799,285.96,83.4767],"dipPosition":[-55.641,315.327,-49.402],"direction":[-0.165418,0.00731649,-0.986196],"extended":true,"handId":822,"id":8221,"length":58.6872,"mcpPosition":[-45.5967,306.693,15.9797],"pipPosition":[-51.6509,315.151,-25.6139],"stabilizedTipPosition":[-47.7322,286.369,93.5688],"timeVisible":0.759139,"tipPosition":[-57.7315,314.122,-61.6273],"tipVelocity":[25.0174,22.4318,-210.82],"tool":false,"touchDistance":-0.576419,"touchZone":"hovering","type":1,"width":19.3032},{"bases":[[[0.938571,-0.269485,-0.215549],[0.314687,0.924726,0.214134],[0.141618,-0.268811,0.952725]],[[0.945904,-0.286739,-0.151813],[0.172311,0.840443,-0.513775],[0.27491,0.459822,0.844386]],[[0.945904,-0.286739,-0.151813],[-0.127499,0.101757,-0.986605],[0.298346,0.952589,0.0596937]],[[0.945904,-0.286739,-0.151813],[-0.270028,-0.43635,-0.858303],[0.179865,0.852865,-0.490173]]],"btipPosition":[-48.7621,240.472,-19.7949],"carpPosition":[-13.8386,286.902,79.6569],"dipPosition":[-45.389,256.467,-28.9874],"direction":[-0.298346,-0.952589,-0.0596937],"extended":false,"handId":822,"id":8222,"length":66.8694,"mcpPosition":[-23.6988,305.618,13.3231],"pipPosition":[-36.9225,283.5,-27.2934],"stabilizedTipPosition":[-48.9735,232.266,93.9327],"timeVisible":0.759139,"tipPosition":[-48.0311,244.522,-22.7032],"tipVelocity":[40.3644,27.9158,-213.405],"tool":false,"touchDistance":0.0600769,"touchZone":"hovering","type":2,"width":18.9583},{"bases":[[[0.922771,-0.375043,-0.0885235],[0.385294,0.894069,0.228448],[-0.00653193,-0.244913,0.969523]],[[0.91934,-0.393301,-0.0112825],[0.325287,0.775864,-0.540577],[0.221363,0.493305,0.841219]],[[0.91934,-0.393301,-0.0112825],[0.00482298,0.0399371,-0.999191],[0.393433,0.918542,0.0386127]],[[0.91934,-0.393301,-0.0112825],[-0.207705,-0.460757,-0.86288],[0.334173,0.795624,-0.505283]]],"btipPosition":[-28.7908,237.751,-13.3216],"carpPosition":[-2.22141,284.665,76.4397],"dipPosition":[-22.5599,252.586,-22.743],"direction":[-0.393433,-0.918542,-0.0386127],"extended":false,"handId":822,"id":8223,"length":64.2967,"mcpPosition":[-1.81309,299.975,15.8329],"pipPosition":[-11.6833,277.98,-21.6755],"stabilizedTipPosition":[-21.3171,215.226,111.944],"timeVisible":0.759139,"tipPosition":[-27.1223,241.863,-17.086],"tipVelocity":[28.253,9.90645,-150.569],"tool":false,"touchDistance":-0.519488,"touchZone":"hovering","type":3,"width":18.0401},{"bases":[[[0.839382,-0.543405,-0.012238],[0.522027,0.799679,0.29665],[-0.151415,-0.255392,0.954908]],[[0.809741,-0.573924,0.122193],[0.547864,0.664873,-0.507729],[0.210155,0.478074,0.852807]],[[0.809741,-0.573924,0.122193],[0.138447,-0.0154989,-0.990249],[0.570221,0.818762,0.0669079]],[[0.809741,-0.573924,0.122193],[-0.186572,-0.44925,-0.873708],[0.556337,0.684679,-0.470854]]],"btipPosition":[-11.1863,245.472,-4.66894],"carpPosition":[8.16747,275.322,73.8878],"dipPosition":[-1.61643,257.25,-12.7684],"direction":[-0.570221,-0.818762,-0.0669079],"extended":false,"handId":822,"id":8224,"length":50.4074,"mcpPosition":[16.9293,290.101,18.6305],"pipPosition":[9.5136,273.231,-11.4624],"stabilizedTipPosition":[2.9433,216.746,121.175],"timeVisible":0.759139,"tipPosition":[-8.5726,248.783,-7.96446],"tipVelocity":[18.4424,20.9442,-161.792],"tool":false,"touchDistance":-0.51564,"touchZone":"hovering","type":4,"width":16.0246}],"r":[[0.989898,-0.127664,0.0616763],[0.126086,0.9916,0.0288505],[-0.0648414,-0.0207825,0.997679]],"s":0.698882,"t":[-11.5288,96.5249,-216.036],"timestamp":606900470854},false],[4,{"currentFrameRate":106.5,"devices":[],"gestures":[],"hands":[{"armBasis":[[0.811774,0.100068,-0.575333],[0.188441,0.887618,0.420267],[0.552732,-0.449578,0.701689]],"armWidth":63.5897,"confidence":0.772689,"direction":[-0.0852749,0.402273,-0.91154],"elbow":[142.364,151.302,270.763],"grabStrength":0,"id":822,"palmNormal":[-0.185015,-0.905354,-0.382235],"palmPosition":[-19.4094,291.25,32.0774],"palmVelocity":[8.53019,17.0593,-207.017],"palmWidth":90.8039,"pinchStrength":1,"r":[[0.990094,-0.125137,0.0636794],[0.123316,0.991859,0.0317708],[-0.0671367,-0.0236033,0.997465]],"s":0.699691,"sphereCenter":[-24.5594,254.15,-4.74262],"sphereRadius":48.666,"stabilizedPalmPosition":[-11.1781,250.133,178.287],"t":[-11.4902,96.6088,-217.98],"timeVisible":0.768213,"type":"right","wrist":[-6.56874,272.44,81.6942]}],"id":4419515,"interactionBox":{"center":[0,200,0],"size":[235.247,235.247,147.751]},"pointables":[{"bases":[[[0.542801,0.833522,0.102994],[-0.671895,0.357389,0.648714],[0.503908,-0.421324,0.754031]],[[0.354779,0.924153,-0.141677],[-0.878948,0.381334,0.286418],[0.31872,0.0229118,0.947572]],[[0.354779,0.924153,-0.141677],[-0.934882,0.352492,-0.0417846],[0.0113247,0.147276,0.989031]],[[0.354779,0.924153,-0.141677],[-0.922009,0.320703,-0.216905],[-0.155018,0.207581,0.965857]]],"btipPosition":[-48.7667,254.178,-18.4134],"carpPosition":[-36.1247,265.179,85.0013],"dipPosition":[-52.3873,259.026,4.14489],"direction":[-0.0113247,-0.147276,-0.989031],"extended":false,"handId":822,"id":8220,"length":52.0098,"mcpPosition":[-36.1247,265.179,85.0013],"pipPosition":[-52.002,264.038,37.7975],"stabilizedTipPosition":[-58.6501,217.351,152.54],"timeVisible":0.768213,"tipPosition":[-49.8593,256.202,-13.3515],"tipVelocity":[30.6545,-4.06137,-218.392],"tool":false,"touchDistance":-0.568351,"touchZone":"hovering","type":0,"width":20.2086},{"bases":[[[0.950813,-0.0665797,-0.302527],[0.146114,0.957552,0.248484],[0.273142,-0.280465,0.920181]],[[0.980738,-0.107296,-0.163219],[0.135943,0.974972,0.175921],[0.140259,-0.194721,0.970779]],[[0.980738,-0.107296,-0.163219],[0.106858,0.994208,-0.0114898],[0.163507,-0.00617274,0.986523]],[[0.980738,-0.107296,-0.163219],[0.0812503,0.983988,-0.15864],[0.177627,0.142322,0.973752]]],"btipPosition":[-58.585,312.708,-68.074],"carpPosition":[-25.545,286.046,81.5056],"dipPosition":[-55.5563,315.135,-51.4709],"direction":[-0.163507,0.00617274,-0.986523],"extended":true,"handId":822,"id":8221,"length":58.6872,"mcpPosition":[-45.5989,306.638,13.9467],"pipPosition":[-51.6124,314.986,-27.675],"stabilizedTipPosition":[-47.7329,286.371,93.5578],"timeVisible":0.768213,"tipPosition":[-57.6161,313.922,-63.7108],"tipVelocity":[21.7026,10.3947,-215.764],"tool":false,"touchDistance":-0.57824,"touchZone":"hovering","type":1,"width":19.3032},{"bases":[[[0.94004,-0.266117,-0.213324],[0.310718,0.926121,0.213903],[0.140641,-0.267361,0.953278]],[[0.946956,-0.282195,-0.153757],[0.161731,0.831926,-0.530794],[0.277702,0.477771,0.833436]],[[0.946956,-0.282195,-0.153757],[-0.13642,0.0802137,-0.987398],[0.290972,0.955998,0.0374618]],[[0.946956,-0.282195,-0.153757],[-0.272793,-0.452938,-0.848782],[0.16988,0.845703,-0.505893]]],"btipPosition":[-48.4926,239.672,-20.3286],"carpPosition":[-13.8994,287.028,77.7092],"dipPosition":[-45.3068,255.532,-29.8159],"direction":[-0.290972,-0.955998,-0.0374618],"extended":false,"handId":822,"id":8222,"length":66.8694,"mcpPosition":[-23.6915,305.643,11.337],"pipPosition":[-37.0495,282.662,-28.7528],"stabilizedTipPosition":[-48.9734,232.267,93.9247],"timeVisible":0.768213,"tipPosition":[-47.7438,243.886,-23.604],"tipVelocity":[36.1026,-5.1291,-172.73],"tool":false,"touchDistance":0.0500513,"touchZone":"hovering","type":2,"width":18.9583},{"bases":[[[0.924374,-0.371613,-0.0862301],[0.38141,0.895747,0.228394],[-0.00763406,-0.244011,0.969742]],[[0.92087,-0.38976,-0.00920865],[0.322381,0.774534,-0.544212],[0.219244,0.49818,0.838897]],[[0.92087,-0.38976,-0.00920865],[0.00418019,0.0334894,-0.99943],[0.389846,0.920307,0.0324687]],[[0.92087,-0.38976,-0.00920865],[-0.206326,-0.467166,-0.859759],[0.330797,0.793626,-0.510618]]],"btipPosition":[-28.511,237.633,-14.8836],"carpPosition":[-2.26706,284.833,74.5185],"dipPosition":[-22.343,252.431,-24.4045],"direction":[-0.389846,-0.920307,-0.0324687],"extended":false,"handId":822,"id":8223,"length":64.2967,"mcpPosition":[-1.78984,300.086,13.898],"pipPosition":[-11.5656,277.873,-23.5069],"stabilizedTipPosition":[-21.3174,215.228,111.938],"timeVisible":0.768213,"tipPosition":[-26.8625,241.706,-18.6275],"tipVelocity":[28.5271,3.31943,-157.233],"tool":false,"touchDistance":-0.519647,"touchZone":"hovering","type":3,"width":18.0401},{"bases":[[[0.841466,-0.540218,-0.00995747],[0.518358,0.801942,0.296973],[-0.152445,-0.255055,0.954834]],[[0.810223,-0.571648,0.129451],[0.545924,0.655637,-0.521638],[0.213321,0.493314,0.843289]],[[0.810223,-0.571648,0.129451],[0.13249,-0.0365187,-0.990511],[0.570951,0.819686,0.0461496]],[[0.810223,-0.571648,0.129451],[-0.190797,-0.466065,-0.863933],[0.554198,0.675279,-0.486686]]],"btipPosition":[-11.2207,245.264,-5.54173],"carpPosition":[8.16262,275.527,71.9973],"dipPosition":[-1.68761,256.879,-13.9135],"direction":[-0.570951,-0.819686,-0.0461496],"extended":false,"handId":822,"id":8224,"length":50.4074,"mcpPosition":[16.9841,290.286,16.7443],"pipPosition":[9.45667,272.879,-13.0127],"stabilizedTipPosition":[2.94291,216.747,121.17],"timeVisible":0.768213,"tipPosition":[-8.57186,248.577,-9.00222],"tipVelocity":[12.0375,7.65856,-145.561],"tool":false,"touchDistance":-0.506441,"touchZone":"hovering","type":4,"width":16.0246}],"r":[[0.990094,-0.125137,0.0636794],[0.123316,0.991859,0.0317708],[-0.0671367,-0.0236033,0.997465]],"s":0.699691,"t":[-11.4902,96.6088,-217.98],"timestamp":606900479928},false],[5,{"currentFrameRate":106.717,"devices":[],"gestures":[],"hands":[{"armBasis":[[0.813466,0.100535,-0.572857],[0.186565,0.887795,0.420731],[0.550878,-0.449125,0.703435]],"armWidth":63.5897,"confidence":0.775982,"direction":[-0.0849786,0.400572,-0.912316],"elbow":[141.96,151.582,269.961],"grabStrength":0,"id":822,"palmNormal":[-0.182997,-0.906327,-0.380897],"palmPosition":[-19.2917,291.301,30.759],"palmVelocity":[9.78746,13.9421,-190.558],"palmWidth":90.8039,"pinchStrength":1,"r":[[0.990271,-0.122747,0.065548],[0.120738,0.992109,0.0337919],[-0.0691787,-0.025549,0.997277]],"s":0.70162,"sphereCenter":[-24.6171,254.378,-5.80766],"sphereRadius":48.3814,"stabilizedPalmPosition":[-11.1781,250.134,178.286],"t":[-11.412,96.6762,-219.611],"timeVisible":0.777186,"type":"right","wrist":[-6.47259,272.598,80.4219]}],"id":4419516,"interactionBox":{"center":[0,200,0],"size":[235.247,235.247,147.751]},"pointables":[{"bases":[[[0.541217,0.834652,0.102173],[-0.673239,0.357305,0.647365],[0.503818,-0.419152,0.7553]],[[0.352474,0.924705,-0.143817],[-0.880004,0.379795,0.285218],[0.318364,0.0260274,0.947611]],[[0.352474,0.924705,-0.143817],[-0.935778,0.349752,-0.0446419],[0.00901977,0.150316,0.988597]],[[0.352474,0.924705,-0.143817],[-0.922909,0.318041,-0.216999],[-0.15492,0.209217,0.96552]]],"btipPosition":[-48.5675,253.993,-19.6852],"carpPosition":[-36.0194,265.29,83.7088],"dipPosition":[-52.1857,258.879,2.86521],"direction":[-0.00901977,-0.150316,-0.988597],"extended":false,"handId":822,"id":8220,"length":52.0098,"mcpPosition":[-36.0194,265.29,83.7088],"pipPosition":[-51.8788,263.994,36.5031],"stabilizedTipPosition":[-58.65,217.351,152.539],"timeVisible":0.777186,"tipPosition":[-49.6364,256.019,-14.6265],"tipVelocity":[28.3574,-8.33886,-197.452],"tool":false,"touchDistance":-0.558953,"touchZone":"hovering","type":0,"width":20.2086},{"bases":[[[0.951261,-0.0654161,-0.301368],[0.144152,0.95823,0.247015],[0.272621,-0.278418,0.920957]],[[0.981079,-0.105789,-0.162153],[0.133833,0.975761,0.173143],[0.139906,-0.191568,0.971457]],[[0.981079,-0.105789,-0.162153],[0.105132,0.994378,-0.0126512],[0.16258,-0.00463562,0.986685]],[[0.981079,-0.105789,-0.162153],[0.0799315,0.984129,-0.158435],[0.17634,0.142476,0.973963]]],"btipPosition":[-58.4149,312.507,-69.4839],"carpPosition":[-25.4726,286.17,80.1892],"dipPosition":[-55.4082,314.937,-52.8771],"direction":[-0.16258,0.00463562,-0.986685],"extended":true,"handId":822,"id":8221,"length":58.6872,"mcpPosition":[-45.4882,306.611,12.5734],"pipPosition":[-51.4866,314.825,-29.0774],"stabilizedTipPosition":[-47.7334,286.373,93.5499],"timeVisible":0.777186,"tipPosition":[-57.4514,313.715,-65.1288],"tipVelocity":[20.7957,1.43079,-199.678],"tool":false,"touchDistance":-0.569884,"touchZone":"hovering","type":1,"width":19.3032},{"bases":[[[0.940742,-0.26482,-0.211837],[0.308849,0.92703,0.212668],[0.140061,-0.265491,0.953885]],[[0.947193,-0.279513,-0.157156],[0.14893,0.817492,-0.556352],[0.283981,0.503567,0.81595]],[[0.947193,-0.279513,-0.157156],[-0.1498,0.0476271,-0.987568],[0.283523,0.95896,0.00324089]],[[0.947193,-0.279513,-0.157156],[-0.279072,-0.47716,-0.833329],[0.157938,0.833181,-0.529967]]],"btipPosition":[-48.2441,238.59,-19.4124],"carpPosition":[-13.8245,287.167,76.404],"dipPosition":[-45.2822,254.215,-29.3512],"direction":[-0.283523,-0.95896,-0.00324089],"extended":false,"handId":822,"id":8222,"length":66.8694,"mcpPosition":[-23.5763,305.651,9.98949],"pipPosition":[-37.2363,281.429,-29.2592],"stabilizedTipPosition":[-48.9733,232.268,93.913],"timeVisible":0.777186,"tipPosition":[-47.4953,242.983,-23.1681],"tipVelocity":[32.228,-38.3975,-100.625],"tool":false,"touchDistance":0.333333,"touchZone":"none","type":2,"width":18.9583},{"bases":[[[0.925122,-0.370128,-0.0845811],[0.379579,0.896805,0.227289],[-0.00827332,-0.242376,0.970147]],[[0.921644,-0.387944,-0.0084733],[0.317807,0.767186,-0.557158],[0.222647,0.510808,0.830363]],[[0.921644,-0.387944,-0.0084733],[-0.0016482,0.0179223,-0.999838],[0.388033,0.921509,0.0158786]],[[0.921644,-0.387944,-0.0084733],[-0.2093,-0.478612,-0.852715],[0.326751,0.787673,-0.522307]]],"btipPosition":[-28.4149,237.199,-15.1405],"carpPosition":[-2.18485,284.986,73.2298],"dipPosition":[-22.3224,251.886,-24.8793],"direction":[-0.388033,-0.921509,-0.0158786],"extended":false,"handId":822,"id":8223,"length":64.2967,"mcpPosition":[-1.66767,300.137,12.5841],"pipPosition":[-11.5951,277.361,-24.4403],"stabilizedTipPosition":[-21.3176,215.229,111.933],"timeVisible":0.777186,"tipPosition":[-26.7466,241.302,-19.021],"tipVelocity":[23.1153,-11.6209,-123.539],"tool":false,"touchDistance":0.333333,"touchZone":"none","type":3,"width":18.0401},{"bases":[[[0.842428,-0.538749,-0.00811294],[0.516616,0.803359,0.296178],[-0.153048,-0.2537,0.955098]],[[0.810067,-0.57063,0.134807],[0.546589,0.651712,-0.525844],[0.212207,0.499653,0.83983]],[[0.810067,-0.57063,0.134807],[0.132715,-0.0455027,-0.990109],[0.57112,0.819946,0.0388711]],[[0.810067,-0.57063,0.134807],[-0.190626,-0.473732,-0.859791],[0.554484,0.670791,-0.492531]]],"btipPosition":[-11.0533,245.201,-6.45371],"carpPosition":[8.26398,275.695,70.736],"dipPosition":[-1.51535,256.74,-14.926],"direction":[-0.57112,-0.819946,-0.0388711],"extended":false,"handId":822,"id":8224,"length":50.4074,"mcpPosition":[17.1204,290.375,15.4677],"pipPosition":[9.63222,272.744,-14.1673],"stabilizedTipPosition":[2.94263,216.748,121.167],"timeVisible":0.777186,"tipPosition":[-8.42321,248.469,-9.89902],"tipVelocity":[13.883,3.11198,-134.237],"tool":false,"touchDistance":-0.498157,"touchZone":"touching","type":4,"width":16.0246}],"r":[[0.990271,-0.122747,0.065548],[0.120738,0.992109,0.0337919],[-0.0691787,-0.025549,0.997277]],"s":0.70162,"t":[-11.412,96.6762,-219.611],"timestamp":606900488901},false],[6,{"currentFrameRate":106.752,"devices":[],"gestures":[],"hands":[{"armBasis":[[0.814199,0.0993607,-0.57202],[0.186807,0.88802,0.420147],[0.549712,-0.448941,0.704464]],"armWidth":63.5897,"confidence":0.777887,"direction":[-0.0843873,0.399499,-0.912841],"elbow":[141.823,151.593,268.978],"grabStrength":0,"id":822,"palmNormal":[-0.183231,-0.906709,-0.379876],"palmPosition":[-19.0841,291.208,29.4706],"palmVelocity":[13.3241,7.1696,-175.845],"palmWidth":90.8039,"pinchStrength":1,"r":[[0.990388,-0.120911,0.0671661],[0.118759,0.9923,0.0351743],[-0.0709018,-0.0268597,0.997122]],"s":0.703761,"sphereCenter":[-24.5703,254.427,-6.92832],"sphereRadius":48.1816,"stabilizedPalmPosition":[-11.1781,250.134,178.286],"t":[-11.2691,96.6632,-221.071],"timeVisible":0.786491,"type":"right","wrist":[-6.2958,272.559,79.1621]}],"id":4419517,"interactionBox":{"center":[0,200,0],"size":[235.247,235.247,147.751]},"pointables":[{"bases":[[[0.541545,0.834534,0.101401],[-0.673371,0.358394,0.646626],[0.503289,-0.418458,0.756038]],[[0.352246,0.924513,-0.145599],[-0.880005,0.380134,0.284761],[0.318612,0.0278221,0.947477]],[[0.352246,0.924513,-0.145599],[-0.935875,0.349241,-0.0465666],[0.00779768,0.152665,0.988247]],[[0.352246,0.924513,-0.145599],[-0.922959,0.317355,-0.21779],[-0.155143,0.211097,0.965074]]],"btipPosition":[-48.361,253.758,-20.9205],"carpPosition":[-35.8473,265.269,82.4445],"dipPosition":[-51.9845,258.688,1.61948],"direction":[-0.00779768,-0.152665,-0.988247],"extended":false,"handId":822,"id":8220,"length":52.0098,"mcpPosition":[-35.8473,265.269,82.4445],"pipPosition":[-51.7192,263.883,35.2454],"stabilizedTipPosition":[-58.65,217.351,152.538],"timeVisible":0.786491,"tipPosition":[-49.4172,255.789,-15.867],"tipVelocity":[26.5783,-12.8006,-179.254],"tool":false,"touchDistance":-0.549957,"touchZone":"hovering","type":0,"width":20.2086},{"bases":[[[0.951368,-0.0662084,-0.300858],[0.144469,0.958465,0.245913],[0.27208,-0.277419,0.921418]],[[0.981075,-0.106364,-0.1618],[0.134013,0.976132,0.170897],[0.139761,-0.189346,0.971913]],[[0.981075,-0.106364,-0.1618],[0.105604,0.994319,-0.0133138],[0.162297,-0.00402491,0.986734]],[[0.981075,-0.106364,-0.1618],[0.0806791,0.984173,-0.157778],[0.176021,0.141738,0.974129]]],"btipPosition":[-58.1738,312.306,-70.8263],"carpPosition":[-25.2896,286.14,78.9042],"dipPosition":[-55.1725,314.723,-54.2167],"direction":[-0.162297,0.00402491,-0.986734],"extended":true,"handId":822,"id":8221,"length":58.6872,"mcpPosition":[-45.2655,306.508,11.2545],"pipPosition":[-51.2577,314.626,-30.4158],"stabilizedTipPosition":[-47.7338,286.374,93.5441],"timeVisible":0.786491,"tipPosition":[-57.2093,313.5,-66.4788],"tipVelocity":[22.2035,-5.16876,-184.009],"tool":false,"touchDistance":-0.561356,"touchZone":"hovering","type":1,"width":19.3032},{"bases":[[[0.940719,-0.265498,-0.211089],[0.309168,0.92715,0.211679],[0.139511,-0.264393,0.954271]],[[0.9468,-0.279164,-0.160115],[0.141087,0.807225,-0.573133],[0.289247,0.520052,0.803668]],[[0.9468,-0.279164,-0.160115],[-0.159366,0.025533,-0.986889],[0.279592,0.959904,-0.0203147]],[[0.9468,-0.279164,-0.160115],[-0.28449,-0.493438,-0.82194],[0.150449,0.823764,-0.546606]]],"btipPosition":[-48.022,237.83,-19.1488],"carpPosition":[-13.6394,287.126,75.1231],"dipPosition":[-45.2006,253.279,-29.3997],"direction":[-0.279592,-0.959904,0.0203147],"extended":false,"handId":822,"id":8222,"length":66.8694,"mcpPosition":[-23.3529,305.535,8.68171],"pipPosition":[-37.2662,280.519,-29.9762],"stabilizedTipPosition":[-48.9728,232.27,93.8793],"timeVisible":0.786491,"tipPosition":[-47.2934,242.246,-23.1222],"tipVelocity":[28.8865,-51.8518,-66.3844],"tool":false,"touchDistance":0.333333,"touchZone":"none","type":2,"width":18.9583},{"bases":[[[0.924995,-0.370644,-0.0837123],[0.379878,0.896911,0.226369],[-0.00881989,-0.241191,0.970438]],[[0.921506,-0.388282,-0.00797159],[0.316826,0.763473,-0.562788],[0.224607,0.516087,0.826563]],[[0.921506,-0.388282,-0.00797159],[-0.00418453,0.010598,-0.999935],[0.388342,0.921479,0.0081413]],[[0.921506,-0.388282,-0.00797159],[-0.211313,-0.484075,-0.849128],[0.325843,0.784161,-0.528127]]],"btipPosition":[-28.2742,236.907,-15.9398],"carpPosition":[-1.99927,284.937,71.9568],"dipPosition":[-22.1986,251.528,-25.7871],"direction":[-0.388342,-0.921479,-0.0081413],"extended":false,"handId":822,"id":8223,"length":64.2967,"mcpPosition":[-1.44792,300.014,11.2929],"pipPosition":[-11.4627,277.003,-25.5621],"stabilizedTipPosition":[-21.3178,215.23,111.929],"timeVisible":0.786491,"tipPosition":[-26.6113,240.974,-19.8088],"tipVelocity":[20.7416,-17.6729,-113.666],"tool":false,"touchDistance":0.333333,"touchZone":"none","type":3,"width":18.0401},{"bases":[[[0.84219,-0.539135,-0.00707634],[0.516842,0.803488,0.295434],[-0.153593,-0.252469,0.955337]],[[0.808951,-0.571309,0.138577],[0.546588,0.644159,-0.535071],[0.216425,0.508591,0.833364]],[[0.808951,-0.571309,0.138577],[0.128503,-0.0581801,-0.990001],[0.573659,0.81867,0.0263504]],[[0.808951,-0.571309,0.138577],[-0.194449,-0.48249,-0.854045],[0.554786,0.663935,-0.501401]]],"btipPosition":[-11.0429,244.9,-7.09937],"carpPosition":[8.44653,275.638,69.479],"dipPosition":[-1.49967,256.321,-15.7242],"direction":[-0.573659,-0.81867,-0.0263504],"extended":false,"handId":822,"id":8224,"length":50.4074,"mcpPosition":[17.3344,290.247,14.1969],"pipPosition":[9.69746,272.3,-15.2099],"stabilizedTipPosition":[2.94242,216.748,121.165],"timeVisible":0.78