{"sensorType":"Leap","data":[[0,{"currentFrameRate":101.595,"devices":[],"gestures":[],"hands":[{"armBasis":[[0.852405,0.269532,-0.44806],[-0.0277941,0.87905,0.475919],[0.522142,-0.393223,0.756798]],"armWidth":60.3255,"confidence":0.868149,"direction":[-0.140955,0.575753,-0.805382],"elbow":[132.302,150.434,270.8],"grabStrength":0,"id":821,"palmNormal":[0.0100106,-0.812633,-0.582689],"palmPosition":[-15.4755,276.408,34.5785],"palmVelocity":[-24.3866,6.68416,-116.983],"palmWidth":86.1427,"pinchStrength":1,"r":[[0.957519,-0.26032,0.124058],[0.201269,0.911389,0.358973],[-0.206513,-0.318754,0.925067]],"s":0.626916,"sphereCenter":[-8.51945,246.309,-7.4347],"sphereRadius":46.638,"stabilizedPalmPosition":[-9.79169,251.183,196.5],"t":[-12.0945,71.4496,-217.188],"timeVisible":1.77152,"type":"right","wrist":[-1.16608,250.948,77.3504]}],"id":4419067,"interactionBox":{"center":[0,200,0],"size":[235.247,235.247,147.751]},"pointables":[{"bases":[[[0.361901,0.875484,0.320243],[-0.746185,0.0661361,0.662445],[0.558781,-0.4787,0.677208]],[[0.177099,0.978919,0.101754],[-0.923484,0.129535,0.361105],[0.340312,-0.15792,0.926957]],[[0.177099,0.978919,0.101754],[-0.979399,0.185484,-0.0798301],[-0.097021,-0.0855204,0.991601]],[[0.177099,0.978919,0.101754],[-0.976275,0.187821,-0.107754],[-0.124594,-0.0802571,0.988957]]],"btipPosition":[-37.5158,250.341,-20.789],"carpPosition":[-27.3256,238.34,76.9377],"dipPosition":[-40.2764,248.563,1.12311],"direction":[0.097021,0.0855203,-0.991601],"extended":false,"handId":821,"id":8210,"length":49.34,"mcpPosition":[-27.3256,238.34,76.9377],"pipPosition":[-43.4082,245.803,33.1312],"stabilizedTipPosition":[-40.67,233.861,62.0667],"timeVisible":1.77152,"tipPosition":[-37.9292,248.418,-16.6518],"tipVelocity":[-53.3155,71.7447,-132.13],"tool":false,"touchDistance":-0.478001,"touchZone":"touching","type":0,"width":19.1712},{"bases":[[[0.952245,0.185585,-0.242462],[-0.0551691,0.885591,0.461177],[0.30031,-0.425777,0.853538]],[[0.984228,0.125987,-0.12419],[-0.0967918,0.97112,0.218077],[0.148078,-0.202617,0.967998]],[[0.984228,0.125987,-0.12419],[-0.117124,0.990183,0.0762825],[0.132582,-0.0605337,0.989322]],[[0.984228,0.125987,-0.12419],[-0.130507,0.991025,-0.0289245],[0.119432,0.044676,0.991837]]],"btipPosition":[-53.2851,298.463,-58.7683],"carpPosition":[-21.3798,259.904,78.7348],"dipPosition":[-51.3532,299.186,-42.7249],"direction":[-0.132582,0.0605337,-0.989322],"extended":true,"handId":821,"id":8211,"length":55.6747,"mcpPosition":[-42.2965,289.56,19.2855],"pipPosition":[-48.3194,297.801,-20.0865],"stabilizedTipPosition":[-38.3658,286.192,16.3234],"timeVisible":1.77152,"tipPosition":[-53.04,298.628,-56.9723],"tipVelocity":[-29.577,56.8952,-110.08],"tool":false,"touchDistance":-0.451013,"touchZone":"touching","type":1,"width":18.3124},{"bases":[[[0.979422,-0.0273543,-0.19996],[0.11322,0.894655,0.432174],[0.167073,-0.44592,0.879341]],[[0.983108,-0.0379191,-0.179055],[-0.060835,0.854981,-0.515079],[0.17262,0.517271,0.838232]],[[0.983108,-0.0379191,-0.179055],[-0.171846,0.145445,-0.974328],[0.0629883,0.988639,0.136472]],[[0.983108,-0.0379191,-0.179055],[-0.181684,-0.320437,-0.929683],[-0.0221231,0.946511,-0.321913]]],"btipPosition":[-30.8697,226.103,-18.0733],"carpPosition":[-10.655,263.709,76.2059],"dipPosition":[-31.2632,242.942,-23.8005],"direction":[-0.0629883,-0.988639,-0.136472],"extended":false,"handId":821,"id":8212,"length":63.4368,"mcpPosition":[-21.6904,293.163,18.1243],"pipPosition":[-29.5675,269.558,-20.1264],"stabilizedTipPosition":[-28.7074,231.001,-10.7646],"timeVisible":1.77152,"tipPosition":[-31.2075,229.484,-20.7324],"tipVelocity":[-27.7666,18.2959,-110.129],"tool":false,"touchDistance":-0.396299,"touchZone":"touching","type":2,"width":17.9852},{"bases":[[[0.981993,-0.160042,-0.100385],[0.188174,0.875743,0.444595],[0.0167575,-0.455479,0.890089]],[[0.982125,-0.169876,-0.0810697],[0.111201,0.871145,-0.478268],[0.15187,0.460704,0.874464]],[[0.982125,-0.169876,-0.0810697],[-0.0314987,0.276298,-0.960556],[0.185575,0.94594,0.266008]],[[0.982125,-0.169876,-0.0810697],[-0.107392,-0.15199,-0.98253],[0.154586,0.973674,-0.167516]]],"btipPosition":[-14.372,229.994,-20.2104],"carpPosition":[0.647153,264.501,73.5771],"dipPosition":[-11.6375,247.217,-23.1735],"direction":[-0.185575,-0.94594,-0.266008],"extended":false,"handId":821,"id":8213,"length":60.9962,"mcpPosition":[-0.346618,291.513,20.7922],"pipPosition":[-6.77061,272.025,-16.1971],"stabilizedTipPosition":[-7.73838,233.799,24.8215],"timeVisible":1.77152,"tipPosition":[-13.6723,232.977,-21.3074],"tipVelocity":[-29.6135,25.3115,-136.393],"tool":false,"touchDistance":-0.467829,"touchZone":"touching","type":3,"width":17.114},{"bases":[[[0.932651,-0.354166,-0.0687626],[0.339356,0.796486,0.500448],[-0.122473,-0.490078,0.863032]],[[0.877796,-0.459364,0.135862],[0.47638,0.807269,-0.348395],[0.0503628,0.370542,0.927449]],[[0.877796,-0.459364,0.135862],[0.2886,0.280755,-0.915361],[0.38234,0.842711,0.379018]],[[0.877796,-0.459364,0.135862],[0.0862239,-0.127474,-0.988087],[0.47121,0.879054,-0.0722876]]],"btipPosition":[2.43601,243.041,-14.2487],"carpPosition":[12.1678,258.491,70.0139],"dipPosition":[10.1255,257.386,-15.4283],"direction":[-0.38234,-0.842711,-0.379018],"extended":false,"handId":821,"id":8214,"length":47.8199,"mcpPosition":[18.8911,285.394,22.6368],"pipPosition":[17.2052,272.99,-8.41007],"stabilizedTipPosition":[12.7109,247.716,9.35569],"timeVisible":1.77152,"tipPosition":[4.9809,246.866,-17.0691],"tipVelocity":[-30.2405,6.66896,-101.095],"tool":false,"touchDistance":-0.407561,"touchZone":"touching","type":4,"width":15.202}],"r":[[0.957519,-0.26032,0.124058],[0.201269,0.911389,0.358973],[-0.206513,-0.318754,0.925067]],"s":0.626916,"t":[-12.0945,71.4496,-217.188],"timestamp":606896322135},false],[1,{"currentFrameRate":101.992,"devices":[],"gestures":[],"hands":[{"armBasis":[[0.851965,0.268393,-0.449579],[-0.0284937,0.881125,0.472025],[0.522823,-0.389338,0.758335]],"armWidth":60.355,"confidence":0.874297,"direction":[-0.1399,0.578057,-0.803915],"elbow":[132.37,151.292,270.68],"grabStrength":0,"id":821,"palmNormal":[0.00985567,-0.811046,-0.5849],"palmPosition":[-15.6013,276.462,34.0087],"palmVelocity":[-21.4988,6.48919,-102.099],"palmWidth":86.1848,"pinchStrength":1,"r":[[0.957128,-0.261829,0.123903],[0.202101,0.910047,0.361898],[-0.207513,-0.321342,0.923947]],"s":0.629575,"sphereCenter":[-8.756,246.45,-8.10423],"sphereRadius":46.6529,"stabilizedPalmPosition":[-9.79174,251.184,196.499],"t":[-12.2668,71.5227,-218.018],"timeVisible":1.78057,"type":"right","wrist":[-1.33721,250.862,76.7427]}],"id":4419068,"interactionBox":{"center":[0,200,0],"size":[235.247,235.247,147.751]},"pointables":[{"bases":[[[0.362306,0.874334,0.322915],[-0.74665,0.0648855,0.662045],[0.557897,-0.480967,0.67633]],[[0.180013,0.977807,0.107185],[-0.923495,0.13047,0.360742],[0.338751,-0.163923,0.926486]],[[0.180013,0.977807,0.107185],[-0.979047,0.188646,-0.0766772],[-0.0951955,-0.0911359,0.991278]],[[0.180013,0.977807,0.107185],[-0.977947,0.189632,-0.0875191],[-0.105902,-0.0890662,0.99038]]],"btipPosition":[-38.1133,250.936,-21.4983],"carpPosition":[-27.5186,238.268,76.2751],"dipPosition":[-40.461,248.962,0.456128],"direction":[0.0951955,0.0911359,-0.991278],"extended":false,"handId":821,"id":8210,"length":49.3641,"mcpPosition":[-27.5186,238.268,76.2751],"pipPosition":[-43.5353,246.019,32.4695],"stabilizedTipPosition":[-40.6668,233.887,61.9422],"timeVisible":1.78057,"tipPosition":[-38.3624,248.974,-17.3216],"tipVelocity":[-53.9339,68.7259,-117.021],"tool":false,"touchDistance":-0.469027,"touchZone":"touching","type":0,"width":19.1806},{"bases":[[[0.952571,0.185533,-0.241217],[-0.0548653,0.884369,0.463552],[0.299329,-0.428332,0.852604]],[[0.984133,0.126351,-0.124574],[-0.0963897,0.970152,0.222516],[0.14897,-0.206978,0.966937]],[[0.984133,0.126351,-0.124574],[-0.117207,0.990023,0.0782098],[0.133213,-0.0623679,0.989123]],[[0.984133,0.126351,-0.124574],[-0.130898,0.990972,-0.0289839],[0.119787,0.0448304,0.991787]]],"btipPosition":[-53.4642,298.807,-59.3201],"carpPosition":[-21.5552,259.834,78.1366],"dipPosition":[-51.5256,299.533,-43.2697],"direction":[-0.133213,0.0623679,-0.989123],"extended":true,"handId":821,"id":8211,"length":55.7019,"mcpPosition":[-42.4137,289.682,18.7234],"pipPosition":[-48.4759,298.105,-20.6247],"stabilizedTipPosition":[-38.3971,286.219,16.17],"timeVisible":1.78057,"tipPosition":[-53.1958,298.997,-57.4793],"tipVelocity":[-26.8344,51.7034,-96.4991],"tool":false,"touchDistance":-0.442498,"touchZone":"touching","type":1,"width":18.3213},{"bases":[[[0.979556,-0.0275421,-0.199276],[0.113553,0.893385,0.434705],[0.166057,-0.448446,0.878249]],[[0.983153,-0.037964,-0.178796],[-0.0602063,0.856343,-0.512886],[0.172582,0.515011,0.839631]],[[0.983153,-0.037964,-0.178796],[-0.171455,0.147462,-0.974094],[0.0633461,0.988339,0.138468]],[[0.983153,-0.037964,-0.178796],[-0.18149,-0.318862,-0.930262],[-0.021695,0.94704,-0.320381]]],"btipPosition":[-30.9932,226.284,-18.7728],"carpPosition":[-10.8203,263.639,75.6253],"dipPosition":[-31.3794,243.141,-24.4754],"direction":[-0.0633461,-0.988339,-0.138468],"extended":false,"handId":821,"id":8212,"length":63.4678,"mcpPosition":[-21.794,293.274,17.5874],"pipPosition":[-29.6732,269.762,-20.7459],"stabilizedTipPosition":[-28.7347,230.991,-10.8715],"timeVisible":1.78057,"tipPosition":[-31.3246,229.683,-21.4067],"tipVelocity":[-23.8256,18.889,-100.914],"tool":false,"touchDistance":-0.39541,"touchZone":"touching","type":2,"width":17.994},{"bases":[[[0.98195,-0.160503,-0.100061],[0.188483,0.874384,0.447132],[0.0157259,-0.457921,0.888854]],[[0.982061,-0.170392,-0.0807684],[0.112241,0.872406,-0.475721],[0.151522,0.458121,0.87588]],[[0.982061,-0.170392,-0.0807684],[-0.0304747,0.279282,-0.959725],[0.186087,0.94497,0.269079]],[[0.982061,-0.170392,-0.0807684],[-0.106665,-0.148762,-0.983104],[0.155498,0.974082,-0.164268]]],"btipPosition":[-14.4901,230.179,-20.952],"carpPosition":[0.489977,264.431,73.0061],"dipPosition":[-11.7382,247.417,-23.8591],"direction":[-0.186087,-0.94497,-0.269079],"extended":false,"handId":821,"id":8213,"length":61.026,"mcpPosition":[-0.443074,291.6,20.2686],"pipPosition":[-6.85549,272.213,-16.7987],"stabilizedTipPosition":[-7.73881,233.799,24.8182],"timeVisible":1.78057,"tipPosition":[-13.7892,233.193,-22.0382],"tipVelocity":[-24.9277,24.0869,-121],"tool":false,"touchDistance":-0.460311,"touchZone":"touching","type":3,"width":17.1224},{"bases":[[[0.932439,-0.354676,-0.0690078],[0.339562,0.794861,0.502885],[-0.12351,-0.492342,0.861594]],[[0.875638,-0.462364,0.139559],[0.480494,0.804785,-0.348492],[0.0488154,0.37221,0.926864]],[[0.875638,-0.462364,0.139559],[0.290861,0.274164,-0.916643],[0.385561,0.84324,0.374552]],[[0.875638,-0.462364,0.139559],[0.0859675,-0.135133,-0.987091],[0.475255,0.876332,-0.0785794]]],"btipPosition":[2.26102,243.064,-14.5861],"carpPosition":[12.0145,258.418,69.4336],"dipPosition":[10.0203,257.372,-15.8691],"direction":[-0.385561,-0.84324,-0.374552],"extended":false,"handId":821,"id":8214,"length":47.8433,"mcpPosition":[18.7981,285.459,22.1123],"pipPosition":[17.1631,272.993,-8.93014],"stabilizedTipPosition":[12.7027,247.714,9.33289],"timeVisible":1.78057,"tipPosition":[4.80012,246.874,-17.387],"tipVelocity":[-26.7472,5.27923,-84.2304],"tool":false,"touchDistance":-0.400557,"touchZone":"touching","type":4,"width":15.2094}],"r":[[0.957128,-0.261829,0.123903],[0.202101,0.910047,0.361898],[-0.207513,-0.321342,0.923947]],"s":0.629575,"t":[-12.2668,71.5227,-218.018],"timestamp":606896331180},false],[2,{"currentFrameRate":102.363,"devices":[],"gestures":[],"hands":[{"armBasis":[[0.851725,0.264365,-0.45241],[-0.0259887,0.883647,0.467431],[0.523344,-0.386365,0.759495]],"armWidth":60.355,"confidence":0.880567,"direction":[-0.137669,0.578841,-0.803735],"elbow":[132.266,152.095,270.255],"grabStrength":0,"id":821,"palmNormal":[0.00686757,-0.810884,-0.585166],"palmPosition":[-15.7394,276.572,33.294],"palmVelocity":[-19.7711,8.03499,-95.6881],"palmWidth":86.1848,"pinchStrength":1,"r":[[0.956614,-0.26376,0.123774],[0.203438,0.90879,0.3643],[-0.208572,-0.323314,0.92302]],"s":0.632103,"sphereCenter":[-9.20273,246.535,-8.82119],"sphereRadius":46.6298,"stabilizedPalmPosition":[-9.79179,251.184,196.498],"t":[-12.422,71.614,-218.791],"timeVisible":1.78963,"type":"right","wrist":[-1.57473,250.904,76.0207]}],"id":4419069,"interactionBox":{"center":[0,200,0],"size":[235.247,235.247,147.751]},"pointables":[{"bases":[[[0.36555,0.872865,0.323232],[-0.746456,0.0674617,0.662007],[0.556037,-0.483275,0.676216]],[[0.186198,0.976283,0.110463],[-0.923126,0.13534,0.359891],[0.336405,-0.168982,0.926432]],[[0.186198,0.976283,0.110463],[-0.97806,0.19487,-0.0736523],[-0.0934314,-0.094325,0.991147]],[[0.186198,0.976283,0.110463],[-0.978794,0.194089,-0.0655112],[-0.085397,-0.095922,0.991719]]],"btipPosition":[-38.7984,251.571,-22.2494],"carpPosition":[-27.8031,238.409,75.5469],"dipPosition":[-40.6914,249.445,-0.265349],"direction":[0.0934314,0.094325,-0.991148],"extended":false,"handId":821,"id":8210,"length":49.3641,"mcpPosition":[-27.8031,238.409,75.5469],"pipPosition":[-43.7088,246.398,31.7438],"stabilizedTipPosition":[-40.6633,233.929,61.7516],"timeVisible":1.78963,"tipPosition":[-38.9088,249.555,-18.0551],"tipVelocity":[-56.7328,68.0255,-107.394],"tool":false,"touchDistance":-0.461623,"touchZone":"touching","type":0,"width":19.1806},{"bases":[[[0.953279,0.182045,-0.241079],[-0.0515925,0.884416,0.46384],[0.297654,-0.429731,0.852487]],[[0.984326,0.123467,-0.125933],[-0.0929134,0.969977,0.22475],[0.149901,-0.209526,0.966245]],[[0.984326,0.123467,-0.125933],[-0.114238,0.99038,0.0780786],[0.134361,-0.0624685,0.988961]],[[0.984326,0.123467,-0.125933],[-0.128297,0.991252,-0.0309616],[0.121008,0.0466332,0.991556]]],"btipPosition":[-53.6353,299.099,-59.9969],"carpPosition":[-21.7591,259.951,77.416],"dipPosition":[-51.677,299.853,-43.9503],"direction":[-0.134361,0.0624685,-0.988961],"extended":true,"handId":821,"id":8211,"length":55.7019,"mcpPosition":[-42.5009,289.897,18.0109],"pipPosition":[-48.6009,298.423,-21.309],"stabilizedTipPosition":[-38.4304,286.249,16.0064],"timeVisible":1.78963,"tipPosition":[-53.3603,299.321,-58.1578],"tipVelocity":[-24.5008,46.5202,-90.5073],"tool":false,"touchDistance":-0.436747,"touchZone":"touching","type":1,"width":18.3213},{"bases":[[[0.979463,-0.0311429,-0.199206],[0.116861,0.892811,0.435009],[0.164305,-0.449354,0.878114]],[[0.98293,-0.0413041,-0.179282],[-0.0573299,0.857189,-0.511801],[0.174818,0.513342,0.840189]],[[0.98293,-0.0413041,-0.179282],[-0.171376,0.148899,-0.973889],[0.0669205,0.987989,0.139279]],[[0.98293,-0.0413041,-0.179282],[-0.183039,-0.317931,-0.930278],[-0.0185751,0.947214,-0.320064]]],"btipPosition":[-31.3209,226.505,-19.5354],"carpPosition":[-11.0098,263.717,74.9067],"dipPosition":[-31.6515,243.365,-25.2324],"direction":[-0.0669205,-0.987989,-0.139279],"extended":false,"handId":821,"id":8212,"length":63.4678,"mcpPosition":[-21.8677,293.412,16.8778],"pipPosition":[-29.8491,269.976,-21.481],"stabilizedTipPosition":[-28.7606,230.986,-10.9685],"timeVisible":1.78963,"tipPosition":[-31.6412,229.872,-22.1432],"tipVelocity":[-26.844,20.4146,-96.2514],"tool":false,"touchDistance":-0.395622,"touchZone":"touching","type":2,"width":17.994},{"bases":[[[0.981351,-0.164144,-0.100035],[0.191719,0.873525,0.447435],[0.0139389,-0.45827,0.888704]],[[0.981422,-0.174042,-0.0807412],[0.115562,0.872173,-0.475352],[0.153152,0.45719,0.876083]],[[0.981422,-0.174042,-0.0807412],[-0.029284,0.280019,-0.959548],[0.189611,0.944086,0.26972]],[[0.981422,-0.174042,-0.0807412],[-0.107068,-0.147615,-0.983233],[0.159206,0.973611,-0.163507]]],"btipPosition":[-14.7976,230.307,-21.6993],"carpPosition":[0.303538,264.467,72.2887],"dipPosition":[-11.9801,247.537,-24.593],"direction":[-0.189611,-0.944086,-0.26972],"extended":false,"handId":821,"id":8213,"length":61.026,"mcpPosition":[-0.523482,291.657,19.5601],"pipPosition":[-7.00488,272.309,-17.5158],"stabilizedTipPosition":[-7.73932,233.799,24.8144],"timeVisible":1.78963,"tipPosition":[-14.0866,233.324,-22.8084],"tipVelocity":[-26.9558,21.2817,-110.27],"tool":false,"touchDistance":-0.453776,"touchZone":"touching","type":3,"width":17.1224},{"bases":[[[0.931111,-0.358141,-0.0690495],[0.342494,0.793419,0.503175],[-0.125422,-0.49216,0.861422]],[[0.87255,-0.467197,0.142773],[0.486046,0.800813,-0.349939],[0.0491555,0.374734,0.925829]],[[0.87255,-0.467197,0.142773],[0.293152,0.266948,-0.918042],[0.390793,0.842891,0.369885]],[[0.87255,-0.467197,0.142773],[0.0850277,-0.142556,-0.986128],[0.481069,0.872585,-0.0846629]]],"btipPosition":[1.95409,243.032,-15.0746],"carpPosition":[11.8058,258.413,68.7152],"dipPosition":[9.80828,257.278,-16.4568],"direction":[-0.390793,-0.842891,-0.369885],"extended":false,"handId":821,"id":8214,"length":47.8433,"mcpPosition":[18.6944,285.444,21.4034],"pipPosition":[17.0481,272.893,-9.60439],"stabilizedTipPosition":[12.6954,247.713,9.31252],"timeVisible":1.78963,"tipPosition":[4.50245,246.794,-17.8702],"tipVelocity":[-28.0507,2.40869,-76.5555],"tool":false,"touchDistance":-0.396504,"touchZone":"touching","type":4,"width":15.2094}],"r":[[0.956614,-0.26376,0.123774],[0.203438,0.90879,0.3643],[-0.208572,-0.323314,0.92302]],"s":0.632103,"t":[-12.422,71.614,-218.791],"timestamp":606896340240},false],[3,{"currentFrameRate":102.736,"devices":[],"gestures":[],"hands":[{"armBasis":[[0.85143,0.261689,-0.454517],[-0.0240196,0.885171,0.464645],[0.523918,-0.384695,0.759947]],"armWidth":60.3845,"confidence":0.886395,"direction":[-0.13608,0.579315,-0.803665],"elbow":[132.33,152.488,270.001],"grabStrength":0,"id":821,"palmNormal":[0.00465644,-0.810827,-0.585267],"palmPosition":[-15.8243,276.642,32.8112],"palmVelocity":[-16.9202,7.96774,-84.0817],"palmWidth":86.227,"pinchStrength":0.990376,"r":[[0.956056,-0.265829,0.123661],[0.205001,0.907657,0.366242],[-0.2096,-0.324797,0.922266]],"s":0.634741,"sphereCenter":[-9.51126,246.557,-9.33263],"sphereRadius":46.6529,"stabilizedPalmPosition":[-9.79184,251.184,196.496],"t":[-12.5421,71.6948,-219.419],"timeVisible":1.79865,"type":"right","wrist":[-1.72332,250.918,75.5557]}],"id":4419070,"interactionBox":{"center":[0,200,0],"size":[235.247,235.247,147.751]},"pointables":[{"bases":[[[0.367931,0.871823,0.323343],[-0.746274,0.0694195,0.662009],[0.554708,-0.484877,0.676161]],[[0.191196,0.974992,0.113293],[-0.922564,0.139094,0.359901],[0.335143,-0.173331,0.926086]],[[0.191196,0.974992,0.113293],[-0.977297,0.19983,-0.0704161],[-0.0912944,-0.0972575,0.991063]],[[0.191196,0.974992,0.113293],[-0.979263,0.197353,-0.0457831],[-0.0669968,-0.10219,0.992506]]],"btipPosition":[-39.4166,252.097,-22.7626],"carpPosition":[-27.9985,238.488,75.0798],"dipPosition":[-40.9025,249.83,-0.750307],"direction":[0.0912944,0.0972575,-0.991063],"extended":false,"handId":821,"id":8210,"length":49.3882,"mcpPosition":[-27.9985,238.488,75.0798],"pipPosition":[-43.8523,246.688,31.2717],"stabilizedTipPosition":[-40.6601,233.992,61.465],"timeVisible":1.79865,"tipPosition":[-39.3868,250.051,-18.5379],"tipVelocity":[-57.1207,64.3501,-93.2938],"tool":false,"touchDistance":-0.451394,"touchZone":"touching","type":0,"width":19.19},{"bases":[[[0.953775,0.179469,-0.241048],[-0.0491792,0.884496,0.463949],[0.296471,-0.430648,0.852436]],[[0.984401,0.121487,-0.127262],[-0.0903868,0.969782,0.226613],[0.150946,-0.211576,0.965635]],[[0.984401,0.121487,-0.127262],[-0.112243,0.990656,0.0774769],[0.135485,-0.0619841,0.988839]],[[0.984401,0.121487,-0.127262],[-0.126676,0.991379,-0.0334741],[0.122098,0.0490728,0.991304]]],"btipPosition":[-53.788,299.288,-60.4922],"carpPosition":[-21.8927,260.025,76.9526],"dipPosition":[-51.8111,300.082,-44.4418],"direction":[-0.135485,0.0619841,-0.988839],"extended":true,"handId":821,"id":8211,"length":55.7291,"mcpPosition":[-42.5622,290.049,17.5221],"pipPosition":[-48.7078,298.663,-21.7923],"stabilizedTipPosition":[-38.4647,286.279,15.8393],"timeVisible":1.79865,"tipPosition":[-53.4909,299.535,-58.6087],"tipVelocity":[-22.2855,39.7677,-80.6804],"tool":false,"touchDistance":-0.428822,"touchZone":"touching","type":1,"width":18.3303},{"bases":[[[0.979376,-0.033795,-0.199201],[0.119297,0.892434,0.43512],[0.163069,-0.44991,0.87806]],[[0.982758,-0.0437862,-0.179637],[-0.0552486,0.857625,-0.5113],[0.176449,0.512409,0.840418]],[[0.982758,-0.0437862,-0.179637],[-0.17134,0.149478,-0.973806],[0.0694911,0.987795,0.139398]],[[0.982758,-0.0437862,-0.179637],[-0.184172,-0.317727,-0.930124],[-0.0163487,0.947171,-0.320313]]],"btipPosition":[-31.5506,226.618,-20.0513],"carpPosition":[-11.128,263.763,74.4427],"dipPosition":[-31.8418,243.485,-25.7555],"direction":[-0.0694911,-0.987795,-0.139398],"extended":false,"handId":821,"id":8212,"length":63.4989,"mcpPosition":[-21.9094,293.51,16.389],"pipPosition":[-29.9691,270.104,-21.999],"stabilizedTipPosition":[-28.7847,230.981,-11.0563],"timeVisible":1.79865,"tipPosition":[-31.857,229.989,-22.6228],"tipVelocity":[-26.1856,18.3017,-85.5488],"tool":false,"touchDistance":-0.392156,"touchZone":"touching","type":2,"width":18.0028},{"bases":[[[0.9809,-0.166813,-0.100047],[0.194101,0.872942,0.447545],[0.0126788,-0.458416,0.888647]],[[0.980944,-0.176716,-0.080751],[0.117964,0.871946,-0.475178],[0.154382,0.456598,0.876176]],[[0.980944,-0.176716,-0.080751],[-0.0284502,0.280492,-0.959435],[0.192197,0.943449,0.270119]],[[0.980944,-0.176716,-0.080751],[-0.107396,-0.146823,-0.983315],[0.161911,0.973249,-0.163004]]],"btipPosition":[-15.0086,230.363,-22.2304],"carpPosition":[0.192976,264.483,71.8236],"dipPosition":[-12.1418,247.595,-25.1165],"direction":[-0.192197,-0.943449,-0.270119],"extended":false,"handId":821,"id":8213,"length":61.0559,"mcpPosition":[-0.559648,291.695,19.0726],"pipPosition":[-7.09631,272.362,-18.0254],"stabilizedTipPosition":[-7.73991,233.799,24.8102],"timeVisible":1.79865,"tipPosition":[-14.291,233.406,-23.3348],"tipVelocity":[-25.6286,17.1459,-96.0689],"tool":false,"touchDistance":-0.444672,"touchZone":"touching","type":3,"width":17.1308},{"bases":[[[0.930129,-0.360676,-0.0690862],[0.344657,0.792417,0.503276],[-0.126774,-0.491922,0.86136]],[[0.870271,-0.470703,0.145146],[0.490112,0.79806,-0.350556],[0.0491724,0.376216,0.925226]],[[0.870271,-0.470703,0.145146],[0.295225,0.262562,-0.918642],[0.394298,0.842318,0.367463]],[[0.870271,-0.470703,0.145146],[0.0849362,-0.146853,-0.985505],[0.485195,0.869985,-0.0878224]]],"btipPosition":[1.76914,242.996,-15.463],"carpPosition":[11.6843,258.395,68.2477],"dipPosition":[9.69456,257.207,-16.8975],"direction":[-0.394298,-0.842318,-0.367463],"extended":false,"handId":821,"id":8214,"length":47.8667,"mcpPosition":[18.6505,285.426,20.9161],"pipPosition":[17.0029,272.819,-10.0866],"stabilizedTipPosition":[12.6887,247.712,9.29421],"timeVisible":1.79865,"tipPosition":[4.31009,246.734,-18.2132],"tipVelocity":[-25.4725,0.417279,-67.7009],"tool":false,"touchDistance":-0.391193,"touchZone":"touching","type":4,"width":15.2169}],"r":[[0.956056,-0.265829,0.123661],[0.205001,0.907657,0.366242],[-0.2096,-0.324797,0.922266]],"s":0.634741,"t":[-12.5421,71.6948,-219.419],"timestamp":606896349263},false],[4,{"currentFrameRate":102.999,"devices":[],"gestures":[],"hands":[{"armBasis":[[0.851324,0.260142,-0.455603],[-0.0225264,0.885733,0.463647],[0.524157,-0.384451,0.759906]],"armWidth":60.3845,"confidence":0.888962,"direction":[-0.135255,0.58005,-0.803273],"elbow":[132.255,152.645,269.511],"grabStrength":0,"id":821,"palmNormal":[0.00302984,-0.810477,-0.585762],"palmPosition":[-15.9257,276.789,32.3518],"palmVelocity":[-15.2638,10.1952,-74.5016],"palmWidth":86.227,"pinchStrength":0.977304,"r":[[0.955516,-0.267844,0.123482],[0.206597,0.906627,0.367893],[-0.21049,-0.326017,0.921633]],"s":0.63742,"sphereCenter":[-9.79947,246.696,-9.82296],"sphereRadius":46.6622,"stabilizedPalmPosition":[-9.79189,251.184,196.495],"t":[-12.6528,71.8086,-219.962],"timeVisible":1.80786,"type":"right","wrist":[-1.85936,251.013,75.0768]}],"id":4419071,"interactionBox":{"center":[0,200,0],"size":[235.247,235.247,147.751]},"pointables":[{"bases":[[[0.369595,0.87096,0.323773],[-0.745965,0.0703632,0.662258],[0.554018,-0.486291,0.675711]],[[0.195508,0.973726,0.116764],[-0.921637,0.141731,0.361245],[0.335205,-0.17824,0.925131]],[[0.195508,0.973726,0.116764],[-0.97663,0.20415,-0.0672029],[-0.0892745,-0.100896,0.990883]],[[0.195508,0.973726,0.116764],[-0.979551,0.199657,-0.0248486],[-0.0475085,-0.109518,0.992849]]],"btipPosition":[-40.0756,252.752,-23.1985],"carpPosition":[-28.1571,238.631,74.6006],"dipPosition":[-41.1293,250.323,-1.17859],"direction":[0.0892745,0.100896,-0.990883],"extended":false,"handId":821,"id":8210,"length":49.3882,"mcpPosition":[-28.1571,238.631,74.6006],"pipPosition":[-44.0138,247.063,30.8377],"stabilizedTipPosition":[-40.6581,234.097,61.0088],"timeVisible":1.80786,"tipPosition":[-39.9053,250.656,-18.9837],"tipVelocity":[-58.138,65.1132,-80.3674],"tool":false,"touchDistance":-0.4411,"touchZone":"touching","type":0,"width":19.19},{"bases":[[[0.954031,0.177893,-0.241204],[-0.047453,0.8843,0.464502],[0.295928,-0.431703,0.852091]],[[0.984324,0.120479,-0.128806],[-0.0886774,0.96937,0.229039],[0.152455,-0.214026,0.964858]],[[0.984324,0.120479,-0.128806],[-0.111129,0.99078,0.0774899],[0.136954,-0.0619611,0.988638]],[[0.984324,0.120479,-0.128806],[-0.125972,0.991404,-0.035355],[0.123439,0.0510267,0.991039]]],"btipPosition":[-53.9861,299.56,-60.8954],"carpPosition":[-22.0119,260.155,76.4848],"dipPosition":[-51.9875,300.386,-44.8493],"direction":[-0.136954,0.0619611,-0.988638],"extended":true,"handId":821,"id":8211,"length":55.7291,"mcpPosition":[-42.6436,290.253,17.0783],"pipPosition":[-48.8505,298.967,-22.2044],"stabilizedTipPosition":[-38.5021,286.312,15.6576],"timeVisible":1.80786,"tipPosition":[-53.6854,299.838,-59.0132],"tipVelocity":[-21.9166,37.1185,-70.3758],"tool":false,"touchDistance":-0.420336,"touchZone":"touching","type":1,"width":18.3303},{"bases":[[[0.979258,-0.0354423,-0.199494],[0.121029,0.891951,0.435631],[0.162499,-0.45074,0.87774]],[[0.982573,-0.0452765,-0.180279],[-0.0541449,0.858103,-0.510614],[0.177817,0.511477,0.840698]],[[0.982573,-0.0452765,-0.180279],[-0.171701,0.150425,-0.973597],[0.0711997,0.987584,0.14003]],[[0.982573,-0.0452765,-0.180279],[-0.18527,-0.316944,-0.930173],[-0.0150234,0.947363,-0.319809]]],"btipPosition":[-31.7582,226.83,-20.5374],"carpPosition":[-11.2411,263.876,73.9742],"dipPosition":[-32.0257,243.701,-26.2326],"direction":[-0.0711997,-0.987584,-0.14003],"extended":false,"handId":821,"id":8212,"length":63.4989,"mcpPosition":[-21.9849,293.677,15.9416],"pipPosition":[-30.1071,270.314,-22.4591],"stabilizedTipPosition":[-28.8088,230.979,-11.1418],"timeVisible":1.80786,"tipPosition":[-32.0621,230.186,-23.0959],"tipVelocity":[-24.9989,19.66,-76.3087],"tool":false,"touchDistance":-0.388535,"touchZone":"touching","type":2,"width":18.0028},{"bases":[[[0.980569,-0.168524,-0.100421],[0.195802,0.872317,0.448024],[0.0120964,-0.458981,0.888364]],[[0.980601,-0.17844,-0.0811278],[0.119421,0.872052,-0.474619],[0.155439,0.455724,0.876444]],[[0.980601,-0.17844,-0.0811278],[-0.0281524,0.281384,-0.959182],[0.193984,0.942859,0.270902]],[[0.980601,-0.17844,-0.0811278],[-0.107871,-0.145678,-0.983434],[0.163665,0.973107,-0.1621]]],"btipPosition":[-15.2093,230.545,-22.7327],"carpPosition":[0.0804074,264.577,71.3524],"dipPosition":[-12.3115,247.775,-25.6028],"direction":[-0.193984,-0.942859,-0.270902],"extended":false,"handId":821,"id":8213,"length":61.0559,"mcpPosition":[-0.637649,291.823,18.6182],"pipPosition":[-7.21904,272.527,-18.4911],"stabilizedTipPosition":[-7.74066,233.799,24.8049],"timeVisible":1.80786,"tipPosition":[-14.4876,233.593,-23.8574],"tipVelocity":[-24.3365,17.8745,-84.3261],"tool":false,"touchDistance":-0.436017,"touchZone":"touching","type":3,"width":17.1308},{"bases":[[[0.929457,-0.362313,-0.0695645],[0.346227,0.791486,0.503663],[-0.127424,-0.492218,0.861095]],[[0.868359,-0.473567,0.147267],[0.493454,0.795363,-0.351995],[0.049563,0.378328,0.924344]],[[0.868359,-0.473567,0.147267],[0.296279,0.257238,-0.919808],[0.397708,0.842356,0.363683]],[[0.868359,-0.473567,0.147267],[0.0839315,-0.152332,-0.984759],[0.488783,0.867484,-0.0925318]]],"btipPosition":[1.54538,243.057,-15.75],"carpPosition":[11.5597,258.47,67.7696],"dipPosition":[9.52941,257.227,-17.2615],"direction":[-0.397708,-0.842356,-0.363683],"extended":false,"handId":821,"id":8214,"length":47.8667,"mcpPosition":[18.5617,285.517,20.4525],"pipPosition":[16.9009,272.84,-10.5206],"stabilizedTipPosition":[12.6821,247.711,9.27621],"timeVisible":1.80786,"tipPosition":[4.09101,246.76,-18.4925],"tipVelocity":[-24.7324,1.87023,-58.0062],"tool":false,"touchDistance":-0.384978,"touchZone":"touching","type":4,"width":15.2169}],"r":[[0.955516,-0.267844,0.123482],[0.206597,0.906627,0.367893],[-0.21049,-0.326017,0.921633]],"s":0.63742,"t":[-12.6528,71.8086,-219.962],"timestamp":606896358474},false],[5,{"currentFrameRate":103.421,"devices":[],"gestures":[],"hands":[{"armBasis":[[0.851386,0.260973,-0.455011],[-0.0236511,0.885665,0.463721],[0.524006,-0.384044,0.760216]],"armWidth":60.414,"confidence":0.890931,"direction":[-0.133589,0.580915,-0.802927],"elbow":[132.03,152.911,268.904],"grabStrength":0,"id":821,"palmNormal":[0.00428326,-0.809843,-0.586631],"palmPosition":[-16.0957,277.057,31.548],"palmVelocity":[-16.3226,15.635,-78.8694],"palmWidth":86.2691,"pinchStrength":0.965422,"r":[[0.955032,-0.269477,0.123678],[0.207712,0.90572,0.369496],[-0.211588,-0.327192,0.920965]],"s":0.64038,"sphereCenter":[-9.89983,246.983,-10.6931],"sphereRadius":46.7233,"stabilizedPalmPosition":[-9.79194,251.184,196.494],"t":[-12.7931,71.9996,-220.636],"timeVisible":1.81673,"type":"right","wrist":[-2.11137,251.223,74.2954]}],"id":4419072,"interactionBox":{"center":[0,200,0],"size":[235.247,235.247,147.751]},"pointables":[{"bases":[[[0.368888,0.870619,0.325489],[-0.747354,0.0696251,0.660768],[0.552616,-0.487005,0.676344]],[[0.197151,0.972944,0.120466],[-0.921527,0.141982,0.361425],[0.334543,-0.182268,0.924586]],[[0.197151,0.972944,0.120466],[-0.976425,0.205886,-0.0648499],[-0.0878975,-0.104841,0.990597]],[[0.197151,0.972944,0.120466],[-0.979674,0.200158,-0.013268],[-0.0370212,-0.115402,0.992629]]],"btipPosition":[-40.5908,253.411,-24.0565],"carpPosition":[-28.4205,238.835,73.7504],"dipPosition":[-41.4122,250.85,-2.03073],"direction":[0.0878975,0.104841,-0.990597],"extended":false,"handId":821,"id":8210,"length":49.4124,"mcpPosition":[-28.4205,238.835,73.7504],"pipPosition":[-44.2537,247.461,29.9919],"stabilizedTipPosition":[-40.659,234.239,60.4023],"timeVisible":1.81673,"tipPosition":[-40.3138,251.308,-19.8364],"tipVelocity":[-56.4859,66.6831,-84.762],"tool":false,"touchDistance":-0.438173,"touchZone":"touching","type":0,"width":19.1994},{"bases":[[[0.954529,0.178182,-0.23901],[-0.0484543,0.883795,0.465358],[0.294154,-0.432616,0.852242]],[[0.984344,0.121302,-0.127881],[-0.0892294,0.968624,0.231962],[0.152006,-0.216919,0.964282]],[[0.984344,0.121302,-0.127881],[-0.111902,0.990628,0.0783161],[0.136182,-0.0627799,0.988693]],[[0.984344,0.121302,-0.127881],[-0.12686,0.991259,-0.0362209],[0.122369,0.0518767,0.991128]]],"btipPosition":[-54.0898,299.978,-61.7654],"carpPosition":[-22.277,260.368,75.6717],"dipPosition":[-52.1075,300.818,-45.71],"direction":[-0.136182,0.0627799,-0.988693],"extended":true,"handId":821,"id":8211,"length":55.7563,"mcpPosition":[-42.795,290.544,16.2257],"pipPosition":[-48.9867,299.379,-23.0528],"stabilizedTipPosition":[-38.5387,286.346,15.4792],"timeVisible":1.81673,"tipPosition":[-53.7721,300.258,-59.8391],"tipVelocity":[-19.2553,39.9329,-77.8229],"tool":false,"touchDistance":-0.419653,"touchZone":"touching","type":1,"width":18.3392},{"bases":[[[0.979675,-0.0351982,-0.197478],[0.120088,0.891483,0.436849],[0.160672,-0.451684,0.877591]],[[0.982894,-0.044873,-0.17862],[-0.053597,0.858191,-0.510524],[0.176199,0.511365,0.841106]],[[0.982894,-0.044873,-0.17862],[-0.170178,0.149515,-0.974004],[0.0704129,0.987741,0.139321]],[[0.982894,-0.044873,-0.17862],[-0.183549,-0.318254,-0.930067],[-0.0151116,0.946943,-0.321046]]],"btipPosition":[-31.8053,227.1,-21.3389],"carpPosition":[-11.4958,264.093,73.1865],"dipPosition":[-32.0746,243.972,-27.059],"direction":[-0.0704129,-0.987741,-0.139321],"extended":false,"handId":821,"id":8212,"length":63.5299,"mcpPosition":[-22.1239,293.971,15.1355],"pipPosition":[-30.1762,270.602,-23.3027],"stabilizedTipPosition":[-28.8295,230.979,-11.2198],"timeVisible":1.81673,"tipPosition":[-32.1068,230.478,-23.9066],"tipVelocity":[-19.6708,22.5855,-80.2923],"tool":false,"touchDistance":-0.390123,"touchZone":"touching","type":2,"width":18.0116},{"bases":[[[0.980783,-0.168387,-0.0985472],[0.194835,0.871837,0.449376],[0.0102481,-0.459941,0.88789]],[[0.980774,-0.178325,-0.0792616],[0.1204,0.872595,-0.473372],[0.153577,0.454728,0.877289]],[[0.980774,-0.178325,-0.0792616],[-0.0261009,0.282643,-0.95887],[0.193393,0.942503,0.272555]],[[0.980774,-0.178325,-0.0792616],[-0.10575,-0.144311,-0.983866],[0.16401,0.973332,-0.160394]]],"btipPosition":[-15.2625,230.854,-23.6244],"carpPosition":[-0.163271,264.798,70.5879],"dipPosition":[-12.3571,248.096,-26.4657],"direction":[-0.193393,-0.942503,-0.272555],"extended":false,"handId":821,"id":8213,"length":61.0857,"mcpPosition":[-0.771906,292.114,17.8561],"pipPosition":[-7.27767,272.851,-19.3071],"stabilizedTipPosition":[-7.74145,233.799,24.7992],"timeVisible":1.81673,"tipPosition":[-14.5399,233.93,-24.7376],"tipVelocity":[-19.3065,22.5491,-88.5163],"tool":false,"touchDistance":-0.434025,"touchZone":"touching","type":3,"width":17.1391},{"bases":[[[0.929612,-0.362211,-0.0680074],[0.345145,0.790951,0.505244],[-0.129214,-0.493153,0.860293]],[[0.867117,-0.474722,0.150819],[0.495876,0.794109,-0.351424],[0.0470619,0.379513,0.923989]],[[0.867117,-0.474722,0.150819],[0.299096,0.254113,-0.919765],[0.398308,0.842654,0.362334]],[[0.867117,-0.474722,0.150819],[0.0858906,-0.155748,-0.984056],[0.490643,0.866246,-0.0942779]]],"btipPosition":[1.45084,243.298,-16.43],"carpPosition":[11.3293,258.692,67.0209],"dipPosition":[9.46916,257.455,-17.9707],"direction":[-0.398308,-0.842654,-0.362334],"extended":false,"handId":821,"id":8214,"length":47.89,"mcpPosition":[18.4331,285.804,19.7248],"pipPosition":[16.8554,273.081,-11.2516],"stabilizedTipPosition":[12.6766,247.711,9.2607],"timeVisible":1.81673,"tipPosition":[3.99004,246.99,-19.1243],"tipVelocity":[-20.6736,8.62939,-63.2691],"tool":false,"touchDistance":-0.385114,"touchZone":"touching","type":4,"width":15.2243}],"r":[[0.955032,-0.269477,0.123678],[0.207712,0.90572,0.369496],[-0.211588,-0.327192,0.920965]],"s":0.64038,"t":[-12.7931,71.9996,-220.636],"timestamp":606896367345},false],[6,{"currentFrameRate":103.678,"devices":[],"gestures":[],"hands":[{"armBasis":[[0.85171,0.261813,-0.45392],[-0.0245061,0.885192,0.464581],[0.523439,-0.384565,0.760343]],"armWidth":60.414,"confidence":0.898074,"direction":[-0.13248,0.582093,-0.802258],"elbow":[131.64,153.106,267.947],"grabStrength":0,"id":821,"palmNormal":[0.00524703,-0.808969,-0.587828],"palmPosition":[-16.281,277.447,30.5764],"palmVelocity":[-17.4092,23.1387,-86.4502],"palmWidth":86.2691,"pinchStrength":0.950486,"r":[[0.954613,-0.270795,0.124034],[0.208471,0.904886,0.371109],[-0.212731,-0.328408,0.920268]],"s":0.64356,"sphereCenter":[-10.0598,247.433,-11.7144],"sphereRadius":46.7455,"stabilizedPalmPosition":[-9.79202,251.185,196.492],"t":[-12.956,72.2901,-221.458],"timeVisible":1.82589,"type":"right","wrist":[-2.35628,251.551,73.3058]}],"id":4419073,"interactionBox":{"center":[0,200,0],"size":[235.247,235.247,147.751]},"pointables":[{"bases":[[[0.368301,0.870179,0.327326],[-0.748333,0.0685504,0.659771],[0.551681,-0.487943,0.676431]],[[0.199374,0.971898,0.125155],[-0.92095,0.142202,0.362808],[0.334815,-0.187596,0.923421]],[[0.199374,0.971898,0.125155],[-0.976048,0.208307,-0.0627617],[-0.0870687,-0.109644,0.99015]],[[0.199374,0.971898,0.125155],[-0.979489,0.201458,-0.00409698],[-0.0291954,-0.121771,0.992129]]],"btipPosition":[-41.0466,254.285,-25.0226],"carpPosition":[-28.6631,239.16,72.7037],"dipPosition":[-41.6945,251.583,-3.00789],"direction":[0.0870687,0.109644,-0.99015],"extended":false,"handId":821,"id":8210,"length":49.4124,"mcpPosition":[-28.6631,239.16,72.7037],"pipPosition":[-44.5091,248.039,29.0003],"stabilizedTipPosition":[-40.6645,234.438,59.5795],"timeVisible":1.82589,"tipPosition":[-40.7175,252.139,-20.8344],"tipVelocity":[-53.3967,73.7113,-90.6074],"tool":false,"touchDistance":-0.437219,"touchZone":"touching","type":0,"width":19.1994},{"bases":[[[0.954857,0.178654,-0.237341],[-0.0492489,0.883096,0.4666],[0.292955,-0.433848,0.852029]],[[0.984277,0.122253,-0.127489],[-0.0896876,0.967717,0.23554],[0.152169,-0.220403,0.963466]],[[0.984277,0.122253,-0.127489],[-0.112653,0.990409,0.0799997],[0.136047,-0.0643798,0.988608]],[[0.984277,0.122253,-0.127489],[-0.127781,0.991145,-0.0360926],[0.121948,0.0518159,0.991183]]],"btipPosition":[-54.2508,300.567,-62.722],"carpPosition":[-22.525,260.691,74.666],"dipPosition":[-52.2754,301.406,-46.6657],"direction":[-0.136047,0.0643798,-0.988608],"extended":true,"handId":821,"id":8211,"length":55.7563,"mcpPosition":[-42.9593,290.953,15.2348],"pipPosition":[-49.1577,299.931,-24.0104],"stabilizedTipPosition":[-38.5783,286.383,15.2858],"timeVisible":1.82589,"tipPosition":[-53.9359,300.849,-60.7974],"tipVelocity":[-18.8373,46.7134,-85.2297],"tool":false,"touchDistance":-0.420367,"touchZone":"touching","type":1,"width":18.3392},{"bases":[[[0.979969,-0.0347843,-0.196089],[0.119334,0.890847,0.43835],[0.159438,-0.45297,0.877153]],[[0.983108,-0.0443117,-0.177582],[-0.053973,0.856915,-0.512624],[0.174888,0.51355,0.840048]],[[0.983108,-0.0443117,-0.177582],[-0.16958,0.144502,-0.974865],[0.0688589,0.988512,0.134547]],[[0.983108,-0.0443117,-0.177582],[-0.182297,-0.323631,-0.928456],[-0.0163295,0.945145,-0.326242]]],"btipPosition":[-31.845,227.425,-22.0246],"carpPosition":[-11.7406,264.422,72.2022],"dipPosition":[-32.1359,244.265,-27.8373],"direction":[-0.0688589,-0.988512,-0.134547],"extended":false,"handId":821,"id":8212,"length":63.5299,"mcpPosition":[-22.2872,294.385,14.1801],"pipPosition":[-30.2794,270.916,-24.2097],"stabilizedTipPosition":[-28.8489,230.981,-11.2963],"timeVisible":1.82589,"tipPosition":[-32.172,230.827,-24.7174],"tipVelocity":[-15.5474,25.9518,-79.4231],"tool":false,"touchDistance":-0.390049,"touchZone":"touching","type":2,"width":18.0116},{"bases":[[[0.980947,-0.16812,-0.0973548],[0.194065,0.871192,0.450959],[0.0089996,-0.46126,0.887219]],[[0.980912,-0.178088,-0.0780812],[0.120999,0.873339,-0.471846],[0.152222,0.453391,0.878217]],[[0.980912,-0.178088,-0.0780812],[-0.0246792,0.284279,-0.958424],[0.192881,0.942056,0.274458]],[[0.980912,-0.178088,-0.0780812],[-0.104233,-0.142568,-0.984281],[0.164157,0.973632,-0.158409]]],"btipPosition":[-15.3612,231.329,-24.6756],"carpPosition":[-0.404422,265.131,69.6213],"dipPosition":[-12.4532,248.577,-27.4817],"direction":[-0.192881,-0.942056,-0.274458],"extended":false,"handId":821,"id":8213,"length":61.0857,"mcpPosition":[-0.938908,292.526,16.9294],"pipPosition":[-7.38724,273.319,-20.2731],"stabilizedTipPosition":[-7.74241,233.8,24.7922],"timeVisible":1.82589,"tipPosition":[-14.6383,234.411,-25.8033],"tipVelocity":[-16.9105,30.7574,-95.5801],"tool":false,"touchDistance":-0.434602,"touchZone":"touching","type":3,"width":17.1391},{"bases":[[[0.929756,-0.361995,-0.0671787],[0.344303,0.790241,0.506927],[-0.130418,-0.494449,0.859367]],[[0.866011,-0.475849,0.153601],[0.498006,0.79323,-0.350395],[0.044894,0.37994,0.923921]],[[0.866011,-0.475849,0.153601],[0.301464,0.251792,-0.91963],[0.398929,0.842715,0.361506]],[[0.866011,-0.475849,0.153601],[0.0873836,-0.158435,-0.983495],[0.492331,0.86514,-0.0956248]]],"btipPosition":[1.31542,243.712,-17.2982],"carpPosition":[11.0942,259.032,66.0621],"dipPosition":[9.36133,257.851,-18.8609],"direction":[-0.398929,-0.842715,-0.361506],"extended":false,"handId":821,"id":8214,"length":47.89,"mcpPosition":[18.2641,286.216,18.817],"pipPosition":[16.7591,273.478,-12.1572],"stabilizedTipPosition":[12.6713,247.71,9.2459],"timeVisible":1.82589,"tipPositi