{"sensorType":"Leap","data":[[0,{"currentFrameRate":110.517,"devices":[],"gestures":[],"hands":[{"armBasis":[[0.832645,0.359803,-0.421004],[-0.0705516,0.822921,0.563759],[0.549295,-0.439708,0.710585]],"armWidth":58.2401,"confidence":0.755529,"direction":[-0.118138,0.43462,-0.892832],"elbow":[120.561,158.973,254.427],"grabStrength":0,"id":814,"palmNormal":[0.0876079,-0.89106,-0.44535],"palmPosition":[-27.3699,284.505,33.7118],"palmVelocity":[-5.59475,4.1291,-150.016],"palmWidth":83.1648,"pinchStrength":0.718786,"r":[[0.854986,0.349746,0.382985],[0.077288,0.644264,-0.760888],[-0.512861,0.680148,0.523805]],"s":0.839053,"sphereCenter":[-27.0607,252.745,-1.21648],"sphereRadius":44.3114,"stabilizedPalmPosition":[-28.9272,261.749,188.653],"t":[-3.97526,29.2609,-275.809],"timeVisible":1.52757,"type":"right","wrist":[-14.9936,267.484,79.0688]}],"id":4415877,"interactionBox":{"center":[0,200,0],"size":[235.247,235.247,147.751]},"pointables":[{"bases":[[[0.29661,0.934443,0.197075],[-0.789116,0.123585,0.601683],[0.537883,-0.33398,0.774041]],[[0.147858,0.988966,-0.00921428],[-0.894703,0.137724,0.424898],[0.421479,-0.0545807,0.905194]],[[0.147858,0.988966,-0.00921428],[-0.988741,0.147595,-0.0246153],[-0.0229837,0.0127501,0.999655]],[[0.147858,0.988966,-0.00921428],[-0.885712,0.128264,-0.446165],[-0.44006,0.0741304,0.894903]]],"btipPosition":[-48.6326,254.427,-12.3787],"carpPosition":[-39.5323,253.92,79.2159],"dipPosition":[-58.0458,256.013,6.76408],"direction":[0.0229837,-0.0127501,-0.999655],"extended":false,"handId":814,"id":8140,"length":47.6343,"mcpPosition":[-39.5323,253.92,79.2159],"pipPosition":[-58.7621,256.41,37.9167],"stabilizedTipPosition":[-52.9565,242.275,33.2626],"timeVisible":1.52757,"tipPosition":[-50.4425,254.168,-8.226],"tipVelocity":[-10.6523,1.92486,-143.818],"tool":false,"touchDistance":-0.459265,"touchZone":"touching","type":0,"width":18.5085},{"bases":[[[0.955248,0.201948,-0.216146],[-0.12855,0.9415,0.311533],[0.266415,-0.269806,0.925326]],[[0.968916,0.186193,-0.162891],[-0.146567,0.962483,0.228352],[0.199297,-0.19738,0.959855]],[[0.968916,0.186193,-0.162891],[-0.172063,0.980293,0.0970534],[0.177751,-0.0660093,0.981859]],[[0.968916,0.186193,-0.162891],[-0.189767,0.981807,-0.00652921],[0.158712,0.0372376,0.986623]]],"btipPosition":[-67.1075,301.83,-59.0632],"carpPosition":[-34.9618,275.06,77.9476],"dipPosition":[-64.629,302.411,-43.6559],"direction":[-0.177751,0.0660093,-0.981859],"extended":true,"handId":814,"id":8141,"length":53.75,"mcpPosition":[-52.8763,293.202,15.7263],"pipPosition":[-60.7022,300.953,-21.9649],"stabilizedTipPosition":[-57.4675,284.116,-1.86605],"timeVisible":1.52757,"tipPosition":[-66.1861,301.078,-55.6486],"tipVelocity":[-13.9644,5.55431,-147.254],"tool":false,"touchDistance":-0.468936,"touchZone":"hovering","type":1,"width":17.6793},{"bases":[[[0.990283,0.000157937,-0.139064],[0.0406766,0.955935,0.290746],[0.132982,-0.293577,0.94664]],[[0.997343,-0.021243,-0.0696884],[-0.0335787,0.714854,-0.698467],[0.0646545,0.698951,0.712241]],[[0.997343,-0.021243,-0.0696884],[-0.063825,0.206475,-0.976368],[0.0351299,0.978221,0.204571]],[[0.997343,-0.021243,-0.0696884],[-0.0714558,-0.0987052,-0.992548],[0.0142061,0.99489,-0.0999609]]],"btipPosition":[-37.1557,224.334,-19.8155],"carpPosition":[-24.6703,278.918,75.5277],"dipPosition":[-36.9117,241.422,-21.5324],"direction":[-0.0351299,-0.978221,-0.204571],"extended":false,"handId":814,"id":8142,"length":61.2439,"mcpPosition":[-33.1503,297.639,15.1624],"pipPosition":[-35.9986,266.847,-16.2154],"stabilizedTipPosition":[-39.1922,226.912,4.2314],"timeVisible":1.52757,"tipPosition":[-37.0865,228.371,-20.6635],"tipVelocity":[-11.6636,12.4719,-154.794],"tool":false,"touchDistance":-0.0533843,"touchZone":"hovering","type":2,"width":17.3634},{"bases":[[[0.993156,-0.115109,-0.019762],[0.115542,0.943658,0.310096],[-0.0170463,-0.310257,0.9505]],[[0.989468,-0.136747,0.047459],[0.128675,0.680812,-0.721067],[0.0662931,0.71958,0.691238]],[[0.989468,-0.136747,0.047459],[0.0686667,0.154812,-0.985555],[0.127424,0.978434,0.162571]],[[0.989468,-0.136747,0.047459],[0.0272094,-0.146312,-0.988864],[0.142168,0.979741,-0.14105]]],"btipPosition":[-21.057,226.8,-10.8513],"carpPosition":[-13.6716,279.927,73.5033],"dipPosition":[-18.6292,243.531,-13.26],"direction":[-0.127424,-0.978434,-0.162571],"extended":false,"handId":814,"id":8143,"length":58.8876,"mcpPosition":[-12.6957,297.69,19.0844],"pipPosition":[-15.4029,268.305,-9.14376],"stabilizedTipPosition":[-18.1435,222.073,26.8664],"timeVisible":1.52757,"tipPosition":[-20.4135,231.108,-12.6222],"tipVelocity":[-12.0882,-5.18207,-108.163],"tool":false,"touchDistance":0.0364507,"touchZone":"hovering","type":3,"width":16.5224},{"bases":[[[0.951674,-0.304571,0.0394175],[0.266645,0.883124,0.385995],[-0.152374,-0.356831,0.921658]],[[0.89513,-0.37538,0.240482],[0.43123,0.592283,-0.680618],[0.113057,0.712945,0.692046]],[[0.89513,-0.37538,0.240482],[0.296951,0.0997157,-0.949672],[0.332508,0.921492,0.200728]],[[0.89513,-0.37538,0.240482],[0.190436,-0.165767,-0.967603],[0.403083,0.911927,-0.0768971]]],"btipPosition":[-9.94974,239.362,-1.94882],"carpPosition":[-2.07701,274.332,71.6403],"dipPosition":[-3.59941,253.729,-3.16029],"direction":[-0.332508,-0.921492,-0.200728],"extended":false,"handId":814,"id":8144,"length":46.1668,"mcpPosition":[5.99856,293.243,22.7938],"pipPosition":[2.34475,270.202,0.428079],"stabilizedTipPosition":[-6.95915,236.145,20.8161],"timeVisible":1.52757,"tipPosition":[-7.95471,243.144,-3.61077],"tipVelocity":[-21.5481,-5.89892,-109.479],"tool":false,"touchDistance":0.125876,"touchZone":"hovering","type":4,"width":14.6765}],"r":[[0.854986,0.349746,0.382985],[0.077288,0.644264,-0.760888],[-0.512861,0.680148,0.523805]],"s":0.839053,"t":[-3.97526,29.2609,-275.809],"timestamp":606866513304},false],[1,{"currentFrameRate":110.548,"devices":[],"gestures":[],"hands":[{"armBasis":[[0.832954,0.357315,-0.422509],[-0.0685328,0.824295,0.561997],[0.549082,-0.439162,0.711088]],"armWidth":58.2401,"confidence":0.75658,"direction":[-0.118155,0.43272,-0.893752],"elbow":[120.614,159.046,253.783],"grabStrength":0,"id":814,"palmNormal":[0.085592,-0.892269,-0.443317],"palmPosition":[-27.2748,284.358,32.9151],"palmVelocity":[-1.15859,-1.49094,-133.165],"palmWidth":83.1648,"pinchStrength":0.719521,"r":[[0.855159,0.350086,0.382287],[0.0769744,0.643546,-0.761527],[-0.512619,0.680653,0.523386]],"s":0.839631,"sphereCenter":[-27.2136,252.558,-1.91359],"sphereRadius":44.284,"stabilizedPalmPosition":[-28.9272,261.749,188.65],"t":[-3.9519,29.1963,-276.949],"timeVisible":1.53656,"type":"right","wrist":[-14.8885,267.422,78.3011]}],"id":4415878,"interactionBox":{"center":[0,200,0],"size":[235.247,235.247,147.751]},"pointables":[{"bases":[[[0.29848,0.934367,0.194596],[-0.788349,0.12644,0.602096],[0.537974,-0.333123,0.774347]],[[0.149516,0.988688,-0.0118559],[-0.894037,0.140304,0.425455],[0.422306,-0.0530129,0.904902]],[[0.149516,0.988688,-0.0118559],[-0.988522,0.149207,-0.0237109],[-0.0216738,0.015265,0.999649]],[[0.149516,0.988688,-0.0118559],[-0.885336,0.128528,-0.446835],[-0.440256,0.0773055,0.894538]]],"btipPosition":[-48.6262,254.192,-13.0709],"carpPosition":[-39.4516,253.903,78.5024],"dipPosition":[-58.0437,255.846,6.0641],"direction":[0.0216738,-0.015265,-0.999649],"extended":false,"handId":814,"id":8140,"length":47.6343,"mcpPosition":[-39.4516,253.903,78.5024],"pipPosition":[-58.7191,256.322,37.2165],"stabilizedTipPosition":[-52.9563,242.276,33.2588],"timeVisible":1.53656,"tipPosition":[-50.4464,253.967,-8.91785],"tipVelocity":[-7.56583,-5.29772,-125.533],"tool":false,"touchDistance":-0.452081,"touchZone":"touching","type":0,"width":18.5085},{"bases":[[[0.955417,0.199703,-0.21748],[-0.126563,0.942466,0.309418],[0.26676,-0.268098,0.925723]],[[0.968961,0.184239,-0.164838],[-0.144427,0.963032,0.227397],[0.200639,-0.196531,0.95975]],[[0.968961,0.184239,-0.164838],[-0.170202,0.980752,0.0956896],[0.179295,-0.0646637,0.981668]],[[0.968961,0.184239,-0.164838],[-0.188141,0.982107,-0.00824416],[0.160369,0.039001,0.986286]]],"btipPosition":[-67.1255,301.596,-59.8439],"carpPosition":[-34.844,275.031,77.18],"dipPosition":[-64.6211,302.205,-44.4418],"direction":[-0.179295,0.0646637,-0.981668],"extended":true,"handId":814,"id":8141,"length":53.75,"mcpPosition":[-52.7816,293.059,14.932],"pipPosition":[-60.6602,300.776,-22.7551],"stabilizedTipPosition":[-57.4676,284.116,-1.86655],"timeVisible":1.53656,"tipPosition":[-66.1923,300.863,-56.4309],"tipVelocity":[-10.5009,-2.91545,-130.71],"tool":false,"touchDistance":-0.462105,"touchZone":"hovering","type":1,"width":17.6793},{"bases":[[[0.990156,-0.00196727,-0.139953],[0.0426705,0.956545,0.288445],[0.133304,-0.291578,0.947213]],[[0.997221,-0.0231277,-0.0708252],[-0.0332009,0.713059,-0.700317],[0.0666993,0.700722,0.710309]],[[0.997221,-0.0231277,-0.0708252],[-0.064695,0.202704,-0.977101],[0.0369547,0.978967,0.200644]],[[0.997221,-0.0231277,-0.0708252],[-0.0728466,-0.103169,-0.991993],[0.0156356,0.994395,-0.104567]]],"btipPosition":[-37.2156,224.065,-20.3718],"carpPosition":[-24.5476,278.865,74.7417],"dipPosition":[-36.947,241.144,-22.1678],"direction":[-0.0369547,-0.978967,-0.200644],"extended":false,"handId":814,"id":8142,"length":61.2439,"mcpPosition":[-33.0481,297.459,14.3399],"pipPosition":[-35.9866,266.588,-16.9529],"stabilizedTipPosition":[-39.1922,226.912,4.2314],"timeVisible":1.53656,"tipPosition":[-37.1417,228.1,-21.2502],"tipVelocity":[-10.1188,0.769437,-129.852],"tool":false,"touchDistance":-0.0629591,"touchZone":"hovering","type":2,"width":17.3634},{"bases":[[[0.992928,-0.116957,-0.0203804],[0.117531,0.944178,0.307757],[-0.0167515,-0.307976,0.951247]],[[0.989283,-0.138354,0.0466567],[0.128808,0.676507,-0.725084],[0.0687546,0.723323,0.687078]],[[0.989283,-0.138354,0.0466567],[0.0670918,0.146933,-0.986868],[0.129682,0.979423,0.154641]],[[0.989283,-0.138354,0.0466567],[0.0249359,-0.154757,-0.987638],[0.143864,0.978217,-0.149648]]],"btipPosition":[-21.1379,226.44,-11.1748],"carpPosition":[-13.549,279.849,72.7051],"dipPosition":[-18.6811,243.145,-13.7304],"direction":[-0.129682,-0.979423,-0.154641],"extended":false,"handId":814,"id":8143,"length":58.8876,"mcpPosition":[-12.5899,297.482,18.2434],"pipPosition":[-15.3976,267.943,-9.81491],"stabilizedTipPosition":[-18.1437,222.073,26.8647],"timeVisible":1.53656,"tipPosition":[-20.482,230.746,-13.0074],"tipVelocity":[-11.0363,-14.9338,-89.388],"tool":false,"touchDistance":0.0304957,"touchZone":"hovering","type":3,"width":16.5224},{"bases":[[[0.951155,-0.306203,0.0392846],[0.268592,0.88355,0.383664],[-0.152189,-0.354373,0.922637]],[[0.894289,-0.376726,0.241505],[0.432734,0.590597,-0.681129],[0.113966,0.713633,0.691187]],[[0.894289,-0.376726,0.241505],[0.296837,0.0955477,-0.950136],[0.334866,0.921384,0.197273]],[[0.894289,-0.376726,0.241505],[0.189035,-0.171132,-0.966943],[0.405602,0.91038,-0.0818274]]],"btipPosition":[-9.95998,239.132,-2.6289],"carpPosition":[-1.96622,274.228,70.8449],"dipPosition":[-3.56996,253.475,-3.91804],"direction":[-0.334866,-0.921384,-0.197273],"extended":false,"handId":814,"id":8144,"length":46.1668,"mcpPosition":[6.09955,293.01,21.9465],"pipPosition":[2.41635,269.946,-0.39144],"stabilizedTipPosition":[-6.95938,236.146,20.8126],"timeVisible":1.53656,"tipPosition":[-7.97729,242.879,-4.2731],"tipVelocity":[-15.6697,-11.4509,-100.738],"tool":false,"touchDistance":0.114243,"touchZone":"hovering","type":4,"width":14.6765}],"r":[[0.855159,0.350086,0.382287],[0.0769744,0.643546,-0.761527],[-0.512619,0.680653,0.523386]],"s":0.839631,"t":[-3.9519,29.1963,-276.949],"timestamp":606866522296},false],[2,{"currentFrameRate":110.466,"devices":[],"gestures":[],"hands":[{"armBasis":[[0.833602,0.35659,-0.421844],[-0.0682942,0.82438,0.561902],[0.548128,-0.439593,0.711557]],"armWidth":58.2401,"confidence":0.758614,"direction":[-0.118213,0.432254,-0.89397],"elbow":[120.453,158.939,253.339],"grabStrength":0,"id":814,"palmNormal":[0.0854129,-0.892519,-0.442847],"palmPosition":[-27.204,284.336,32.347],"palmVelocity":[1.31848,-1.76642,-113.2],"palmWidth":83.1648,"pinchStrength":0.719024,"r":[[0.855317,0.350375,0.381667],[0.0767208,0.642887,-0.762109],[-0.512393,0.681127,0.522991]],"s":0.840272,"sphereCenter":[-27.2623,252.54,-2.45732],"sphereRadius":44.2802,"stabilizedPalmPosition":[-28.9272,261.749,188.649],"t":[-3.90481,29.1526,-277.803],"timeVisible":1.54576,"type":"right","wrist":[-14.814,267.422,77.7405]}],"id":4415879,"interactionBox":{"center":[0,200,0],"size":[235.247,235.247,147.751]},"pointables":[{"bases":[[[0.298632,0.934432,0.194053],[-0.788253,0.126871,0.602131],[0.53803,-0.332778,0.774456]],[[0.149578,0.988671,-0.0125026],[-0.893759,0.140605,0.42594],[0.422872,-0.0525372,0.904665]],[[0.149578,0.988671,-0.0125026],[-0.988547,0.14928,-0.0221403],[-0.0200231,0.0156711,0.999677]],[[0.149578,0.988671,-0.0125026],[-0.885497,0.128322,-0.446574],[-0.439911,0.0778689,0.894659]]],"btipPosition":[-48.6383,254.149,-13.6137],"carpPosition":[-39.3789,253.906,77.9522],"dipPosition":[-58.0484,255.815,5.52389],"direction":[0.0200231,-0.0156711,-0.999677],"extended":false,"handId":814,"id":8140,"length":47.6343,"mcpPosition":[-39.3789,253.906,77.9522],"pipPosition":[-58.6724,256.303,36.6772],"stabilizedTipPosition":[-52.9561,242.277,33.2561],"timeVisible":1.54576,"tipPosition":[-50.4424,253.948,-9.45261],"tipVelocity":[-5.76477,-5.03803,-106.914],"tool":false,"touchDistance":-0.443339,"touchZone":"touching","type":0,"width":18.5085},{"bases":[[[0.955415,0.199456,-0.217713],[-0.126395,0.94265,0.308927],[0.266844,-0.267636,0.925832]],[[0.968809,0.184222,-0.165748],[-0.144084,0.962925,0.228069],[0.201618,-0.197073,0.959433]],[[0.968809,0.184222,-0.165748],[-0.170085,0.980752,0.0959029],[0.180225,-0.0647202,0.981494]],[[0.968809,0.184222,-0.165748],[-0.188194,0.982096,-0.00844779],[0.161224,0.039377,0.986132]]],"btipPosition":[-67.1282,301.583,-60.3947],"carpPosition":[-34.7687,275.034,76.6179],"dipPosition":[-64.6105,302.198,-44.9951],"direction":[-0.180225,0.0647202,-0.981494],"extended":true,"handId":814,"id":8141,"length":53.75,"mcpPosition":[-52.7119,293.03,14.3625],"pipPosition":[-60.629,300.769,-23.3122],"stabilizedTipPosition":[-57.4676,284.116,-1.8669],"timeVisible":1.54576,"tipPosition":[-66.184,300.868,-56.9839],"tipVelocity":[-7.55296,-2.43465,-110.922],"tool":false,"touchDistance":-0.452498,"touchZone":"hovering","type":1,"width":17.6793},{"bases":[[[0.990138,-0.00217728,-0.140081],[0.0428381,0.956695,0.287924],[0.133388,-0.291085,0.947353]],[[0.997205,-0.0232855,-0.0709954],[-0.033201,0.713135,-0.70024],[0.0669347,0.70064,0.710369]],[[0.997205,-0.0232855,-0.0709954],[-0.0648595,0.201932,-0.97725],[0.0370919,0.979123,0.199857]],[[0.997205,-0.0232855,-0.0709954],[-0.0730539,-0.104524,-0.991836],[0.0156746,0.99425,-0.105933]]],"btipPosition":[-37.16,224.035,-20.9049],"carpPosition":[-24.4721,278.865,74.1762],"dipPosition":[-36.8908,241.112,-22.7244],"direction":[-0.0370919,-0.979123,-0.199857],"extended":false,"handId":814,"id":8142,"length":61.2439,"mcpPosition":[-32.9779,297.427,13.7655],"pipPosition":[-35.9268,266.56,-17.5299],"stabilizedTipPosition":[-39.1922,226.912,4.2314],"timeVisible":1.54576,"tipPosition":[-37.0861,228.059,-21.7786],"tipVelocity":[-5.59511,-0.373075,-109.913],"tool":false,"touchDistance":-0.0719344,"touchZone":"touching","type":2,"width":17.3634},{"bases":[[[0.992909,-0.117103,-0.0204469],[0.1177,0.944328,0.307233],[-0.0166692,-0.307461,0.951415]],[[0.989266,-0.138479,0.0466516],[0.128821,0.675775,-0.725764],[0.0689769,0.723983,0.68636]],[[0.989266,-0.138479,0.0466516],[0.0668431,0.144948,-0.987179],[0.129941,0.979701,0.152648]],[[0.989266,-0.138479,0.0466516],[0.0245542,-0.157185,-0.987264],[0.144048,0.977812,-0.152097]]],"btipPosition":[-21.086,226.38,-11.6303],"carpPosition":[-13.4736,279.846,72.1376],"dipPosition":[-18.6261,243.078,-14.2277],"direction":[-0.129941,-0.979701,-0.152648],"extended":false,"handId":814,"id":8143,"length":58.8876,"mcpPosition":[-12.5192,297.449,17.6663],"pipPosition":[-15.3361,267.884,-10.3627],"stabilizedTipPosition":[-18.1437,222.074,26.8634],"timeVisible":1.54576,"tipPosition":[-20.4316,230.669,-13.4457],"tipVelocity":[-6.35029,-12.6232,-78.5333],"tool":false,"touchDistance":0.0227435,"touchZone":"hovering","type":3,"width":16.5224},{"bases":[[[0.951119,-0.306311,0.0393256],[0.268762,0.88372,0.383153],[-0.152117,-0.353855,0.922847]],[[0.893956,-0.37696,0.24237],[0.433535,0.590408,-0.680783],[0.11353,0.713667,0.691224]],[[0.893956,-0.37696,0.24237],[0.297001,0.0933266,-0.950305],[0.335607,0.921516,0.195387]],[[0.893956,-0.37696,0.24237],[0.188482,-0.174416,-0.966465],[0.406591,0.90966,-0.0848701]]],"btipPosition":[-9.90419,239.107,-3.1256],"carpPosition":[-1.89184,274.223,70.2789],"dipPosition":[-3.49857,253.438,-4.46268],"direction":[-0.335607,-0.921516,-0.195387],"extended":false,"handId":814,"id":8144,"length":46.1668,"mcpPosition":[6.1701,292.976,21.3694],"pipPosition":[2.50099,269.912,-0.969795],"stabilizedTipPosition":[-6.95954,236.146,20.8099],"timeVisible":1.54576,"tipPosition":[-7.93307,242.831,-4.75605],"tipVelocity":[-9.48196,-9.09734,-88.0042],"tool":false,"touchDistance":0.105781,"touchZone":"hovering","type":4,"width":14.6765}],"r":[[0.855317,0.350375,0.381667],[0.0767208,0.642887,-0.762109],[-0.512393,0.681127,0.522991]],"s":0.840272,"t":[-3.90481,29.1526,-277.803],"timestamp":606866531493},false],[3,{"currentFrameRate":110.548,"devices":[],"gestures":[],"hands":[{"armBasis":[[0.83532,0.349559,-0.424322],[-0.06469,0.828961,0.555553],[0.545945,-0.436615,0.71506]],"armWidth":58.2401,"confidence":0.760059,"direction":[-0.117665,0.433566,-0.893407],"elbow":[119.916,159.709,252.348],"grabStrength":0,"id":814,"palmNormal":[0.0805825,-0.892521,-0.443749],"palmPosition":[-27.198,284.467,30.5266],"palmVelocity":[1.14317,2.71759,-138.043],"palmWidth":83.1648,"pinchStrength":0.720605,"r":[[0.855889,0.349753,0.380954],[0.0768626,0.642419,-0.76249],[-0.511415,0.681888,0.522956]],"s":0.84041,"sphereCenter":[-27.5515,252.7,-4.30032],"sphereRadius":44.2812,"stabilizedPalmPosition":[-28.9272,261.749,188.648],"t":[-3.87827,29.1963,-279.14],"timeVisible":1.55466,"type":"right","wrist":[-14.8127,267.457,75.8855]}],"id":4415880,"interactionBox":{"center":[0,200,0],"size":[235.247,235.247,147.751]},"pointables":[{"bases":[[[0.303249,0.932878,0.194368],[-0.786685,0.129982,0.603516],[0.537743,-0.335922,0.773298]],[[0.154094,0.987984,-0.0119238],[-0.892413,0.144348,0.427508],[0.424092,-0.0552355,0.903933]],[[0.154094,0.987984,-0.0119238],[-0.987888,0.153834,-0.0203198],[-0.0182413,0.0149105,0.999722]],[[0.154094,0.987984,-0.0119238],[-0.885434,0.132724,-0.44541],[-0.438476,0.079193,0.895247]]],"btipPosition":[-48.8405,254.416,-15.421],"carpPosition":[-39.4393,254.054,76.1255],"dipPosition":[-58.2199,256.11,3.72909],"direction":[0.0182413,-0.0149105,-0.999722],"extended":false,"handId":814,"id":8140,"length":47.6343,"mcpPosition":[-39.4393,254.054,76.1255],"pipPosition":[-58.7883,256.574,34.8838],"stabilizedTipPosition":[-52.956,242.278,33.2541],"timeVisible":1.55466,"tipPosition":[-50.6453,254.227,-11.257],"tipVelocity":[-10.16,4.67775,-132.981],"tool":false,"touchDistance":-0.454406,"touchZone":"touching","type":0,"width":18.5085},{"bases":[[[0.955971,0.19524,-0.219091],[-0.12155,0.942955,0.309938],[0.267105,-0.269661,0.925169]],[[0.969245,0.180074,-0.167743],[-0.139193,0.96324,0.229767],[0.202952,-0.199352,0.958681]],[[0.969245,0.180074,-0.167743],[-0.165504,0.981404,0.0972391],[0.182133,-0.0664865,0.981023]],[[0.969245,0.180074,-0.167743],[-0.183902,0.982916,-0.00744363],[0.163537,0.0380629,0.985803]]],"btipPosition":[-67.2416,301.996,-62.1212],"carpPosition":[-34.7338,275.161,74.8017],"dipPosition":[-64.6877,302.591,-46.7267],"direction":[-0.182133,0.0664865,-0.981023],"extended":true,"handId":814,"id":8141,"length":53.75,"mcpPosition":[-52.6947,293.294,12.5909],"pipPosition":[-60.6641,301.122,-25.0542],"stabilizedTipPosition":[-57.4677,284.116,-1.86717],"timeVisible":1.55466,"tipPosition":[-66.2871,301.296,-58.7136],"tipVelocity":[-8.70901,10.7045,-133.552],"tool":false,"touchDistance":-0.461497,"touchZone":"hovering","type":1,"width":17.6793},{"bases":[[[0.989889,-0.00661798,-0.141688],[0.0477122,0.956238,0.288673],[0.133577,-0.292514,0.946886]],[[0.99693,-0.027627,-0.0732584],[-0.0317293,0.712839,-0.700609],[0.0715772,0.700783,0.709775]],[[0.99693,-0.027627,-0.0732584],[-0.0664204,0.196969,-0.978157],[0.0414532,0.98002,0.19453]],[[0.99693,-0.027627,-0.0732584],[-0.0759069,-0.111736,-0.990835],[0.0191882,0.993354,-0.11349]]],"btipPosition":[-37.5019,224.194,-22.4103],"carpPosition":[-24.4237,278.947,72.3466],"dipPosition":[-37.1724,241.256,-24.3596],"direction":[-0.0414532,-0.98002,-0.19453],"extended":false,"handId":814,"id":8142,"length":61.2439,"mcpPosition":[-32.9416,297.6,11.9656],"pipPosition":[-36.0949,266.727,-19.3036],"stabilizedTipPosition":[-39.1922,226.912,4.2314],"timeVisible":1.55466,"tipPosition":[-37.4188,228.237,-23.3943],"tipVelocity":[-14.0974,4.48709,-126.935],"tool":false,"touchDistance":-0.0975217,"touchZone":"touching","type":2,"width":17.3634},{"bases":[[[0.992325,-0.121658,-0.022157],[0.122547,0.94351,0.307849],[-0.016547,-0.308202,0.951177]],[[0.988537,-0.143605,0.0466135],[0.133201,0.684167,-0.717058],[0.0710814,0.715047,0.695453]],[[0.988537,-0.143605,0.0466135],[0.0688492,0.153995,-0.98567],[0.134368,0.97758,0.162117]],[[0.988537,-0.143605,0.0466135],[0.0246138,-0.151324,-0.988178],[0.148961,0.977997,-0.146054]]],"btipPosition":[-21.3255,226.871,-14.1775],"carpPosition":[-13.4241,279.88,70.291],"dipPosition":[-18.7816,243.573,-16.6717],"direction":[-0.134368,-0.97758,-0.162117],"extended":false,"handId":814,"id":8143,"length":58.8876,"mcpPosition":[-12.4767,297.525,15.8333],"pipPosition":[-15.3795,268.325,-12.567],"stabilizedTipPosition":[-18.1437,222.074,26.8634],"timeVisible":1.55466,"tipPosition":[-20.6902,230.994,-15.5936],"tipVelocity":[-11.3503,5.84763,-134.293],"tool":false,"touchDistance":-0.0693149,"touchZone":"hovering","type":3,"width":16.5224},{"bases":[[[0.94976,-0.310723,0.0375213],[0.273452,0.882141,0.383472],[-0.152253,-0.353946,0.92279]],[[0.89235,-0.381476,0.24122],[0.435774,0.589032,-0.680545],[0.117525,0.712402,0.691861]],[[0.89235,-0.381476,0.24122],[0.295768,0.0905376,-0.95096],[0.340929,0.919934,0.19362]],[[0.89235,-0.381476,0.24122],[0.185228,-0.177846,-0.966469],[0.411585,0.907109,-0.0880405]]],"btipPosition":[-10.1794,239.203,-4.93174],"carpPosition":[-1.8714,274.204,68.4087],"dipPosition":[-3.69514,253.494,-6.31877],"direction":[-0.340929,-0.919934,-0.19362],"extended":false,"handId":814,"id":8144,"length":46.1668,"mcpPosition":[6.19776,292.963,19.5023],"pipPosition":[2.39955,269.939,-2.85748],"stabilizedTipPosition":[-6.95967,236.147,20.8079],"timeVisible":1.55466,"tipPosition":[-8.2046,242.897,-6.5507],"tipVelocity":[-14.7614,-3.97326,-119.616],"tool":false,"touchDistance":0.0754873,"touchZone":"hovering","type":4,"width":14.6765}],"r":[[0.855889,0.349753,0.380954],[0.0768626,0.642419,-0.76249],[-0.511415,0.681888,0.522956]],"s":0.84041,"t":[-3.87827,29.1963,-279.14],"timestamp":606866540393},false],[4,{"currentFrameRate":110.562,"devices":[],"gestures":[],"hands":[{"armBasis":[[0.836479,0.341418,-0.428644],[-0.0624492,0.836494,0.544407],[0.544428,-0.428616,0.721031]],"armWidth":58.2401,"confidence":0.715356,"direction":[-0.11565,0.435741,-0.892611],"elbow":[119.363,161.43,251.692],"grabStrength":0,"id":814,"palmNormal":[0.0761579,-0.892106,-0.445362],"palmPosition":[-27.2983,284.356,28.4291],"palmVelocity":[-2.23098,-1.41545,-164.04],"palmWidth":83.1648,"pinchStrength":0.722734,"r":[[0.856698,0.348279,0.380487],[0.0775849,0.642242,-0.762565],[-0.50995,0.682808,0.523187]],"s":0.840505,"sphereCenter":[-27.949,252.686,-6.42872],"sphereRadius":44.2533,"stabilizedPalmPosition":[-28.9272,261.75,188.647],"t":[-3.91516,29.1626,-280.858],"timeVisible":1.56368,"type":"right","wrist":[-14.9909,267.204,73.7557]}],"id":4415881,"interactionBox":{"center":[0,200,0],"size":[235.247,235.247,147.751]},"pointables":[{"bases":[[[0.307836,0.931031,0.196004],[-0.785966,0.132747,0.603851],[0.536186,-0.33994,0.772623]],[[0.15881,0.987255,-0.0103269],[-0.891815,0.147929,0.427532],[0.423611,-0.0586864,0.903941]],[[0.15881,0.987255,-0.0103269],[-0.987141,0.15858,-0.0201347],[-0.0182405,0.0133917,0.999744]],[[0.15881,0.987255,-0.0103269],[-0.884553,0.137627,-0.445673],[-0.438572,0.0799119,0.895136]]],"btipPosition":[-49.06,254.473,-17.5704],"carpPosition":[-39.6828,253.922,73.9748],"dipPosition":[-58.4415,256.182,1.5774],"direction":[0.0182405,-0.0133917,-0.999744],"extended":false,"handId":814,"id":8140,"length":47.6343,"mcpPosition":[-39.6828,253.922,73.9748],"pipPosition":[-59.0099,256.599,32.7328],"stabilizedTipPosition":[-52.956,242.278,33.2527],"timeVisible":1.56368,"tipPosition":[-50.8894,254.31,-13.4005],"tipVelocity":[-14.0748,5.23073,-161.966],"tool":false,"touchDistance":-0.469547,"touchZone":"touching","type":0,"width":18.5085},{"bases":[[[0.956889,0.190951,-0.218864],[-0.116894,0.94298,0.311647],[0.265894,-0.272628,0.924648]],[[0.969962,0.175803,-0.168126],[-0.134359,0.963347,0.232185],[0.202783,-0.202621,0.958031]],[[0.969962,0.175803,-0.168126],[-0.160772,0.981985,0.0992898],[0.182553,-0.0692774,0.980752]],[[0.969962,0.175803,-0.168126],[-0.179301,0.983777,-0.00573599],[0.16439,0.035709,0.985749]]],"btipPosition":[-67.3165,302.269,-64.1672],"carpPosition":[-34.8742,275.008,72.6884],"dipPosition":[-64.7494,302.827,-48.7735],"direction":[-0.182553,0.0692774,-0.980752],"extended":true,"handId":814,"id":8141,"length":53.75,"mcpPosition":[-52.7536,293.34,10.5126],"pipPosition":[-60.7164,301.296,-27.107],"stabilizedTipPosition":[-57.4677,284.116,-1.86737],"timeVisible":1.56368,"tipPosition":[-66.3571,301.578,-60.762],"tipVelocity":[-8.50572,15.8194,-159.217],"tool":false,"touchDistance":-0.474373,"touchZone":"hovering","type":1,"width":17.6793},{"bases":[[[0.989828,-0.0112094,-0.141829],[0.0524283,0.955473,0.290384],[0.132258,-0.294866,0.946341]],[[0.996738,-0.0322035,-0.0739976],[-0.0289401,0.713311,-0.70025],[0.0753338,0.700108,0.710052]],[[0.996738,-0.0322035,-0.0739976],[-0.0664141,0.193578,-0.978834],[0.0458462,0.980556,0.190808]],[[0.996738,-0.0322035,-0.0739976],[-0.077289,-0.11711,-0.990107],[0.0232191,0.992597,-0.119217]]],"btipPosition":[-37.889,224.173,-24.3006],"carpPosition":[-24.546,278.748,70.2387],"dipPosition":[-37.4902,241.222,-26.3482],"direction":[-0.0458462,-0.980556,-0.190808],"extended":false,"handId":814,"id":8142,"length":61.2439,"mcpPosition":[-32.9798,297.551,9.8925],"pipPosition":[-36.2987,266.707,-21.389],"stabilizedTipPosition":[-39.1922,226.912,4.2314],"timeVisible":1.56368,"tipPosition":[-37.7933,228.23,-25.368],"tipVelocity":[-21.5402,2.5246,-150.357],"tool":false,"touchDistance":-0.129403,"touchZone":"touching","type":2,"width":17.3634},{"bases":[[[0.991715,-0.126475,-0.0225049],[0.127202,0.942344,0.309528],[-0.0179401,-0.309826,0.950624]],[[0.987825,-0.148536,0.0462577],[0.136519,0.685056,-0.715585],[0.0746008,0.713187,0.696993]],[[0.987825,-0.148536,0.0462577],[0.0694265,0.154805,-0.985503],[0.139221,0.976715,0.163233]],[[0.987825,-0.148536,0.0462577],[0.0235963,-0.150848,-0.988275],[0.153772,0.977334,-0.145507]]],"btipPosition":[-21.7126,226.824,-16.354],"carpPosition":[-13.5422,279.63,68.1834],"dipPosition":[-19.0866,243.514,-18.8388],"direction":[-0.139221,-0.976715,-0.163233],"extended":false,"handId":814,"id":8143,"length":58.8876,"mcpPosition":[-12.5151,297.368,13.7574],"pipPosition":[-15.5616,268.244,-14.7058],"stabilizedTipPosition":[-18.1437,222.074,26.8634],"timeVisible":1.56368,"tipPosition":[-21.0586,230.935,-17.757],"tipVelocity":[-19.4581,2.70637,-163.662],"tool":false,"touchDistance":-0.105553,"touchZone":"hovering","type":3,"width":16.5224},{"bases":[[[0.948232,-0.315436,0.0368391],[0.277814,0.880101,0.385021],[-0.153872,-0.354855,0.922172]],[[0.890246,-0.386468,0.241048],[0.439348,0.589012,-0.678261],[0.120146,0.709723,0.69416]],[[0.890246,-0.386468,0.241048],[0.296702,0.0905145,-0.950671],[0.345586,0.917851,0.195246]],[[0.890246,-0.386468,0.241048],[0.184334,-0.178244,-0.966566],[0.416512,0.904915,-0.0874419]]],"btipPosition":[-10.4855,239.107,-7.13114],"carpPosition":[-2.01766,273.901,66.2894],"dipPosition":[-3.92357,253.363,-8.50873],"direction":[-0.345586,-0.91785,-0.195246],"extended":false,"handId":814,"id":8144,"length":46.1668,"mcpPosition":[6.1373,292.708,17.4157],"pipPosition":[2.25438,269.771,-5.01837],"stabilizedTipPosition":[-6.95979,236.147,20.8063],"timeVisible":1.56368,"tipPosition":[-8.51355,242.768,-8.69987],"tipVelocity":[-19.4903,-6.06301,-153.722],"tool":false,"touchDistance":0.0388668,"touchZone":"hovering","type":4,"width":14.6765}],"r":[[0.856698,0.348279,0.380487],[0.0775849,0.642242,-0.762565],[-0.50995,0.682808,0.523187]],"s":0.840505,"t":[-3.91516,29.1626,-280.858],"timestamp":606866549413},false],[5,{"currentFrameRate":110.545,"devices":[],"gestures":[],"hands":[{"armBasis":[[0.838093,0.337482,-0.428609],[-0.0613109,0.838972,0.54071],[0.54207,-0.426887,0.723828]],"armWidth":58.2401,"confidence":0.724585,"direction":[-0.112681,0.437522,-0.89212],"elbow":[118.67,161.617,251.163],"grabStrength":0,"id":814,"palmNormal":[0.0739615,-0.891654,-0.446635],"palmPosition":[-27.2752,284.228,27.2164],"palmVelocity":[-0.909543,-4.91919,-155.621],"palmWidth":83.1648,"pinchStrength":0.725164,"r":[[0.857443,0.34641,0.380515],[0.0788485,0.642288,-0.762397],[-0.508502,0.683715,0.523411]],"s":0.841301,"sphereCenter":[-28.2242,252.772,-7.60335],"sphereRadius":44.1278,"stabilizedPalmPosition":[-28.9272,261.75,188.646],"t":[-3.92205,29.0819,-282.323],"timeVisible":1.57275,"type":"right","wrist":[-15.1021,266.965,72.5368]}],"id":4415882,"interactionBox":{"center":[0,200,0],"size":[235.247,235.247,147.751]},"pointables":[{"bases":[[[0.310584,0.929697,0.197993],[-0.786551,0.134405,0.602721],[0.533736,-0.342927,0.772998]],[[0.162092,0.986739,-0.00851007],[-0.892084,0.150219,0.42617],[0.421797,-0.0614871,0.904603]],[[0.162092,0.986739,-0.00851007],[-0.986574,0.161879,-0.0216007],[-0.0199366,0.0118971,0.99973]],[[0.162092,0.986739,-0.00851007],[-0.883263,0.141238,-0.4471],[-0.43997,0.0799881,0.894443]]],"btipPosition":[-49.0499,254.487,-18.8671],"carpPosition":[-39.8382,253.764,72.693],"dipPosition":[-58.4613,256.198,0.265831],"direction":[0.0199366,-0.0118971,-0.99973],"extended":false,"handId":814,"id":8140,"length":47.6343,"mcpPosition":[-39.8382,253.764,72.693],"pipPosition":[-59.0826,256.569,31.4208],"stabilizedTipPosition":[-52.9559,242.278,33.2516],"timeVisible":1.57275,"tipPosition":[-50.8942,254.332,-14.6979],"tipVelocity":[-10.0843,4.24456,-156.786],"tool":false,"touchDistance":-0.470428,"touchZone":"touching","type":0,"width":18.5085},{"bases":[[[0.957889,0.188119,-0.216934],[-0.1143,0.942873,0.312932],[0.26341,-0.274958,0.924669]],[[0.970639,0.1731,-0.167023],[-0.131402,0.963173,0.234588],[0.20148,-0.205753,0.957639]],[[0.970639,0.1731,-0.167023],[-0.157718,0.982261,0.101435],[0.181619,-0.0721141,0.980721]],[[0.970639,0.1731,-0.167023],[-0.17621,0.984345,-0.00387055],[0.163739,0.0331881,0.985945]]],"btipPosition":[-67.1509,302.479,-65.396],"carpPosition":[-34.9576,274.836,71.4479],"dipPosition":[-64.5939,302.997,-49.9993],"direction":[-0.181619,0.0721141,-0.980721],"extended":true,"handId":814,"id":8141,"length":53.75,"mcpPosition":[-52.67,293.325,9.27077],"pipPosition":[-60.5816,301.404,-28.3334],"stabilizedTipPosition":[-57.4677,284.116,-1.86754],"timeVisible":1.57275,"tipPosition":[-66.1853,301.792,-61.993],"tipVelocity":[-1.1771,17.5561,-152.601],"tool":false,"touchDistance":-0.473691,"touchZone":"hovering","type":1,"width":17.6793},{"bases":[[[0.990026,-0.0142697,-0.140161],[0.0550984,0.954837,0.291976],[0.129664,-0.296787,0.9461]],[[0.996646,-0.034874,-0.0740286],[-0.0274908,0.70938,-0.70429],[0.0770758,0.703963,0.706042]],[[0.996646,-0.034874,-0.0740286],[-0.0667041,0.177811,-0.981801],[0.0474025,0.983447,0.174888]],[[0.996646,-0.034874,-0.0740286],[-0.0781472,-0.137216,-0.987454],[0.0242786,0.989927,-0.139481]]],"btipPosition":[-37.9259,223.894,-24.5636],"carpPosition":[-24.6128,278.545,69.0218],"dipPosition":[-37.5089,240.897,-26.9593],"direction":[-0.0474025,-0.983447,-0.174888],"extended":false,"handId":814,"id":8142,"length":61.2439,"mcpPosition":[-32.8813,297.471,8.69095],"pipPosition":[-36.2769,266.457,-22.4138],"stabilizedTipPosition":[-39.1922,226.912,4.2314],"timeVisible":1.57275,"tipPosition":[-37.8336,228.037,-25.9566],"tipVelocity":[-16.5782,-6.99962,-119.227],"tool":false,"touchDistance":-0.135122,"touchZone":"touching","type":2,"width":17.3634},{"bases":[[[0.991327,-0.129728,-0.0210157],[0.129796,0.94143,0.311227],[-0.0205899,-0.311255,0.950103]],[[0.987433,-0.151268,0.0457649],[0.137134,0.676171,-0.72387],[0.0785532,0.721049,0.688417]],[[0.987433,-0.151268,0.0457649],[0.0661706,0.132747,-0.988939],[0.143519,0.979539,0.141089]],[[0.987433,-0.151268,0.0457649],[0.0187024,-0.175698,-0.984266],[0.156928,0.972753,-0.170661]]],"btipPosition":[-21.9455,226.355,-16.1805],"carpPosition":[-13.6027,279.394,66.9866],"dipPosition":[-19.2656,242.967,-19.0949],"direction":[-0.143519,-0.979539,-0.141089],"extended":false,"handId":814,"id":8143,"length":58.8876,"mcpPosition":[-12.4239,297.214,12.5903],"pipPosition":[-15.6318,267.769,-15.5226],"stabilizedTipPosition":[-18.1437,222.074,26.8634],"timeVisible":1.57275,"tipPosition":[-21.2274,230.572,-17.9931],"tipVelocity":[-20.7962,-12.8579,-116.123],"tool":false,"touchDistance":-0.104309,"touchZone":"touching","type":3,"width":16.5224},{"bases":[[[0.947117,-0.318636,0.0379568],[0.280071,0.87857,0.386878],[-0.156621,-0.355788,0.921349]],[[0.888329,-0.389962,0.242491],[0.442955,0.588425,-0.676422],[0.121091,0.708297,0.695451]],[[0.888329,-0.389962,0.242491],[0.298129,0.0881154,-0.95045],[0.349272,0.916605,0.194535]],[[0.888329,-0.389962,0.242491],[0.184017,-0.181512,-0.966018],[0.420726,0.902764,-0.0894822]]],"btipPosition":[-10.5789,238.987,-8.2706],"carpPosition":[-2.09401,273.63,65.1032],"dipPosition":[-3.95065,253.21,-9.68034],"direction":[-0.349272,-0.916605,-0.194535],"extended":false,"handId":814,"id":8144,"length":46.1668,"mcpPosition":[6.20667,292.487,16.2731],"pipPosition":[2.2932,269.596,-6.2027],"stabilizedTipPosition":[-6.95987,236.147,20.8051],"timeVisible":1.57275,"tipPosition":[-8.6001,242.624,-9.8278],"tipVelocity":[-16.4823,-8.25798,-146.151],"tool":false,"touchDistance":0.0197526,"touchZone":"hovering","type":4,"width":14.6765}],"r":[[0.857443,0.34641,0.380515],[0.0788485,0.642288,-0.762397],[-0.508502,0.683715,0.523411]],"s":0.841301,"t":[-3.92205,29.0819,-282.323],"timestamp":606866558490},false],[6,{"currentFrameRate":110.528,"devices":[],"gestures":[],"hands":[{"armBasis":[[0.838053,0.337782,-0.428452],[-0.0615711,0.838838,0.540887],[0.542104,-0.426912,0.723788]],"armWidth":58.2401,"confidence":0.728864,"direction":[-0.111044,0.437082,-0.892541],"elbow":[118.695,161.385,250.31],"grabStrength":0,"id":814,"palmNormal":[0.0741508,-0.891948,-0.446017],"palmPosition":[-27.1783,283.983,26.344],"palmVelocity":[2.29256,-11.0272,-139.157],"palmWidth":83.1648,"pinchStrength":0.726314,"r":[[0.857957,0.34486,0.380764],[0.0801694,0.642227,-0.76231],[-0.507428,0.684555,0.523356]],"s":0.841886,"sphereCenter":[-28.1817,252.581,-8.43361],"sphereRadius":44.076,"stabilizedPalmPosition":[-28.9272,261.75,188.646],"t":[-3.87707,28.9189,-283.491],"timeVisible":1.58183,"type":"right","wrist":[-15.0856,266.738,71.6931]}],"id":4415883,"interactionBox":{"center":[0,200,0],"size":[235.247,235.247,147.751]},"pointables":[{"bases":[[[0.310803,0.929632,0.197952],[-0.787412,0.135191,0.60142],[0.532338,-0.342793,0.774021]],[[0.162751,0.986629,-0.00869817],[-0.89264,0.150991,0.424729],[0.420364,-0.0613608,0.905279]],[[0.162751,0.986629,-0.00869817],[-0.986432,0.162514,-0.0232624],[-0.0215378,0.0123661,0.999692]],[[0.162751,0.986629,-0.00869817],[-0.882458,0.141613,-0.448568],[-0.441339,0.0806807,0.893706]]],"btipPosition":[-48.8965,254.24,-19.7557],"carpPosition":[-39.8294,253.551,71.8182],"dipPosition":[-58.3372,255.966,-0.638575],"direction":[0.0215378,-0.0123661,-0.999692],"extended":false,"handId":814,"id":8140,"length":47.6343,"mcpPosition":[-39.8294,253.551,71.8182],"pipPosition":[-59.0084,256.351,30.5152],"stabilizedTipPosition":[-52.9559,242.279,33.2509],"timeVisible":1.58183,"tipPosition":[-50.7529,254.091,-15.5862],"tipVelocity":[-2.82662,-4.36704,-140.606],"tool":false,"touchDistance":-0.465102,"touchZone":"touching","type":0,"width":18.5085},{"bases":[[[0.958332,0.187454,-0.215549],[-0.114253,0.943114,0.312222],[0.261815,-0.274585,0.925233]],[[0.970809,0.172707,-0.166437],[-0.131072,0.963142,0.234901],[0.200872,-0.206228,0.957664]],[[0.970809,0.172707,-0.166437],[-0.157372,0.98232,0.101397],[0.181007,-0.0722446,0.980825]],[[0.970809,0.172707,-0.166437],[-0.175851,0.984408,-0.00422686],[0.163112,0.0333717,0.986043]]],"btipPosition":[-66.9737,302.257,-66.3178],"carpPosition":[-34.9349,274.62,70.5689],"dipPosition":[-64.4266,302.778,-50.9195],"direction":[-0.181007,0.0722446,-0.980825],"extended":true,"handId":814,"id":8141,"length":53.75,"mcpPosition":[-52.54,293.084,8.35378],"pipPosition":[-60.4278,301.182,-29.2514],"stabilizedTipPosition":[-57.4678,284.116,-1.86765],"timeVisible":1.58183,"tipPosition":[-66.0003,301.586,-62.9154],"tipVelocity":[4.47628,5.94954,-138.468],"tool":false,"touchDistance":-0.468477,"touchZone":"hovering","type":1,"width":17.6793},{"bases":[[[0.990235,-0.0149094,-0.138612],[0.0551854,0.954971,0.291523],[0.128024,-0.296326,0.946468]],[[0.996662,-0.0350949,-0.073705],[-0.0275668,0.705147,-0.708525],[0.0768384,0.708192,0.701826]],[[0.996662,-0.0350949,-0.073705],[-0.0669992,0.164168,-0.984154],[0.0466388,0.985808,0.161269]],[[0.996662,-0.0350949,-0.073705],[-0.078264,-0.154055,-0.984958],[0.0232123,0.987439,-0.156287]]],"btipPosition":[-37.7441,223.437,-24.6238],"carpPosition":[-24.5843,278.322,68.1567],"dipPosition":[-37.3454,240.397,-27.3081],"direction":[-0.0466388,-0.985808,-0.161269],"extended":false,"handId":814,"id":8142,"length":61.2439,"mcpPosition":[-32.7481,297.218,7.80242],"pipPosition":[-36.1332,266.019,-23.1166],"stabilizedTipPosition":[-39.1922,226.912,4.2314],"timeVisible":1.58183,"tipPosition":[-37.662,227.618,-26.22],"tipVelocity":[-6.58174,-19.299,-90.1045],"tool":false,"touchDistance":-0.137231,"touchZone":"touching","type":2,"width":17.3634},{"bases":[[[0.991285,-0.130301,-0.0193997],[0.129845,0.941532,0.310898],[-0.0222447,-0.310707,0.950245]],[[0.987211,-0.152008,0.0480403],[0.139814,0.680781,-0.71902],[0.0765917,0.716541,0.693327]],[[0.987211,-0.152008,0.0480403],[0.0690519,0.13612,-0.988283],[0.143687,0.978961,0.144876]],[[0.987211,-0.152008,0.0480403],[0.0209518,-0.175019,-0.984342],[0.158036,0.97276,-0.169596]]],"btipPosition":[-21.7616,226.292,-17.3517],"carpPosition":[-13.5705,279.164,66.1381],"dipPosition":[-19.0628,242.904,-20.2479],"direction":[-0.143687,-0.978961,-0.144876],"extended":false,"handId":814,"id":8143,"length":58.8876,"mcpPosition":[-12.2969,296.952,11.7338],"pipPosition":[-15.4247,267.691,-16.5797],"stabilizedTipPosition":[-18.1437,222.074,26.8634],"timeVisible":1.58183,"tipPosition":[-21.0623,230.407,-18.9524],"tipVelocity":[-9.30905,-11.2263,-119.561],"tool":false,"touchDistance":-0.123758,"touchZone":"touching","type":3,"width":16.5224},{"bases":[[[0.946876,-0.319151,0.0396104],[0.279967,0.87863,0.386818],[-0.158256,-0.355179,0.921305]],[[0.887571,-0.390447,0.244477],[0.443918,0.583096,-0.680394],[0.123104,0.712426,0.690865]],[[0.887571,-0.390447,0.244477],[0.294889,0.0738317,-0.952675],[0.353919,0.91766,0.180669]],[[0.887571,-0.390447,0.244477],[0.178292,-0.198191,-0.963811],[0.424771,0.899039,-0.106295]]],"btipPosition":[-10.6723,238.623,-8.43455],"carpPosition":[-2.06217,273.392,64.2759],"dipPosition":[-3.98027,252.787,-10.1092],"direction":[-0.353919,-0.91766,-0.180669],"extended":false,"handId":814,"id":8144,"length":46.1668,"mcpPosition":[6.32517,292.216,15.4482],"pipPosition":[2.346