{"sensorType":"Leap","data":[[0,{"currentFrameRate":97.3322,"devices":[],"gestures":[],"hands":[{"armBasis":[[0.841587,0.250353,-0.478596],[0.0257871,0.866456,0.498587],[0.539505,-0.431946,0.722743]],"armWidth":58.6443,"confidence":0.729006,"direction":[-0.138001,0.536953,-0.832248],"elbow":[123.397,172.733,252.496],"grabStrength":0,"id":820,"palmNormal":[-0.0322725,-0.84228,-0.538074],"palmPosition":[-24.5973,303.073,30.3358],"palmVelocity":[-29.1154,17.2485,-186.022],"palmWidth":83.7421,"pinchStrength":0.748426,"r":[[0.971353,0.0947802,0.21792],[-0.0613149,0.98593,-0.155507],[-0.229593,0.137691,0.963498]],"s":0.737693,"sphereCenter":[-29.5797,272.494,-8.34761],"sphereRadius":46.1139,"stabilizedPalmPosition":[-20.2469,261.484,225.201],"t":[-7.02641,75.3854,-225.087],"timeVisible":1.3738,"type":"right","wrist":[-10.6657,280.069,72.8996]}],"id":4418498,"interactionBox":{"center":[0,200,0],"size":[235.247,235.247,147.751]},"pointables":[{"bases":[[[0.400272,0.877207,0.265123],[-0.728381,0.128981,0.672923],[0.556097,-0.462463,0.690568]],[[0.194036,0.980747,0.0220445],[-0.843621,0.155354,0.513973],[0.500653,-0.118327,0.857523]],[[0.194036,0.980747,0.0220445],[-0.980486,0.193163,0.0365431],[0.0315813,-0.028705,0.999089]],[[0.194036,0.980747,0.0220445],[-0.915831,0.189155,-0.354224],[-0.351574,0.0485433,0.934901]]],"btipPosition":[-52.9433,274.053,-17.2073],"carpPosition":[-36.5243,268.762,73.6767],"dipPosition":[-60.516,275.099,2.92989],"direction":[-0.0315813,0.028705,-0.999089],"extended":false,"handId":820,"id":8200,"length":47.965,"mcpPosition":[-36.5243,268.762,73.6767],"pipPosition":[-59.525,274.198,34.281],"stabilizedTipPosition":[-72.0622,246.71,137.968],"timeVisible":1.3738,"tipPosition":[-54.3056,273.327,-12.9509],"tipVelocity":[-12.6284,22.8435,-186.452],"tool":false,"touchDistance":-0.565502,"touchZone":"touching","type":0,"width":18.637},{"bases":[[[0.952682,0.136879,-0.271405],[-0.0129204,0.910302,0.413744],[0.303693,-0.39066,0.868997]],[[0.964936,0.119839,-0.233531],[-0.0621811,0.968733,0.240186],[0.255013,-0.217243,0.942218]],[[0.964936,0.119839,-0.233531],[-0.0952709,0.988923,0.113821],[0.244584,-0.0875817,0.965665]],[[0.964936,0.119839,-0.233531],[-0.119097,0.992731,0.017327],[0.23391,0.0110934,0.972195]]],"btipPosition":[-69.7196,326.374,-58.691],"carpPosition":[-29.9546,289.56,74.1723],"dipPosition":[-66.0415,326.549,-43.4036],"direction":[-0.244584,0.0875817,-0.965665],"extended":true,"handId":820,"id":8201,"length":54.1231,"mcpPosition":[-50.5174,316.011,15.3331],"pipPosition":[-60.6007,324.601,-21.9223],"stabilizedTipPosition":[-58.7886,316.242,1.35079],"timeVisible":1.3738,"tipPosition":[-68.2793,326.178,-55.3417],"tipVelocity":[-29.8565,14.0896,-190.433],"tool":false,"touchDistance":-0.575423,"touchZone":"touching","type":1,"width":17.802},{"bases":[[[0.973104,-0.0743625,-0.218035],[0.154999,0.91154,0.380882],[0.170424,-0.404432,0.898549]],[[0.981975,-0.0999438,-0.160423],[0.00726634,0.868094,-0.496347],[0.188869,0.486235,0.853173]],[[0.981975,-0.0999438,-0.160423],[-0.0899723,0.499253,-0.861772],[0.16622,0.860673,0.481262]],[[0.981975,-0.0999438,-0.160423],[-0.134857,0.224211,-0.965165],[0.132431,0.969402,0.206692]]],"btipPosition":[-45.4214,257.84,-40.4071],"carpPosition":[-19.4594,292.732,71.3068],"dipPosition":[-43.131,274.606,-36.8323],"direction":[-0.16622,-0.860673,-0.481262],"extended":false,"handId":820,"id":8202,"length":61.6689,"mcpPosition":[-30.4024,318.701,13.6105],"pipPosition":[-38.7808,297.131,-24.2371],"stabilizedTipPosition":[-40.5848,262.105,21.5855],"timeVisible":1.3738,"tipPosition":[-44.7624,261.724,-38.6989],"tipVelocity":[0.259781,2.39172,-185.692],"tool":false,"touchDistance":-0.572772,"touchZone":"touching","type":2,"width":17.484},{"bases":[[[0.973105,-0.20157,-0.111517],[0.22948,0.890541,0.39278],[0.0201378,-0.407807,0.912846]],[[0.973312,-0.209259,-0.0942063],[0.08384,0.706377,-0.702853],[0.213623,0.676197,0.70507]],[[0.973312,-0.209259,-0.0942063],[-0.140567,-0.219146,-0.965513],[0.181397,0.952988,-0.242712]],[[0.973312,-0.209259,-0.0942063],[-0.207036,-0.623614,-0.753818],[0.0989946,0.753204,-0.650295]]],"btipPosition":[-24.7836,251.412,4.24241],"carpPosition":[-8.51124,292.956,68.4908],"dipPosition":[-23.0813,264.364,-6.93987],"direction":[-0.181397,-0.952988,0.242712],"extended":false,"handId":820,"id":8203,"length":59.2963,"mcpPosition":[-9.67219,316.466,15.865],"pipPosition":[-18.4565,288.661,-13.1279],"stabilizedTipPosition":[-23.7369,250.427,10.7294],"timeVisible":1.3738,"tipPosition":[-24.2676,254.717,1.76732],"tipVelocity":[-3.49658,16.2884,-175.429],"tool":false,"touchDistance":0.333333,"touchZone":"none","type":3,"width":16.6371},{"bases":[[[0.917512,-0.391768,-0.0684712],[0.378911,0.808797,0.449748],[-0.120818,-0.438594,0.890527]],[[0.855288,-0.491654,0.163581],[0.510718,0.746614,-0.426303],[0.087462,0.448156,0.889667]],[[0.855288,-0.491654,0.163581],[0.390421,0.403928,-0.827293],[0.340667,0.771439,0.537427]],[[0.855288,-0.491654,0.163581],[0.269173,0.151828,-0.951049],[0.442751,0.857452,0.262197]]],"btipPosition":[-7.16413,267.857,-25.1891],"carpPosition":[2.3905,286.524,65.1206],"dipPosition":[-0.140425,281.46,-21.0297],"direction":[-0.340667,-0.771439,-0.537427],"extended":false,"handId":820,"id":8204,"length":46.4872,"mcpPosition":[8.83811,309.93,17.5965],"pipPosition":[5.99186,295.346,-11.3556],"stabilizedTipPosition":[-3.5334,265.712,2.76811],"timeVisible":1.3738,"tipPosition":[-5.21372,272.238,-25.2826],"tipVelocity":[-9.38414,16.7081,-174.375],"tool":false,"touchDistance":-0.534346,"touchZone":"touching","type":4,"width":14.7784}],"r":[[0.971353,0.0947802,0.21792],[-0.0613149,0.98593,-0.155507],[-0.229593,0.137691,0.963498]],"s":0.737693,"t":[-7.02641,75.3854,-225.087],"timestamp":606890998463},false],[1,{"currentFrameRate":97.8255,"devices":[],"gestures":[],"hands":[{"armBasis":[[0.841431,0.254401,-0.476733],[0.0208215,0.866323,0.49905],[0.539963,-0.429842,0.723654]],"armWidth":58.6443,"confidence":0.730951,"direction":[-0.139926,0.54037,-0.829711],"elbow":[123.476,172.887,251.63],"grabStrength":0,"id":820,"palmNormal":[-0.028016,-0.83978,-0.542203],"palmPosition":[-24.7098,302.848,29.347],"palmVelocity":[-24.3625,5.54474,-163.854],"palmWidth":83.7421,"pinchStrength":0.746207,"r":[[0.97059,0.0989412,0.219466],[-0.0655221,0.985794,-0.154651],[-0.231649,0.135723,0.963285]],"s":0.738987,"sphereCenter":[-29.696,272.475,-9.45841],"sphereRadius":46.1046,"stabilizedPalmPosition":[-20.2472,261.487,225.188],"t":[-7.26386,75.3434,-226.567],"timeVisible":1.38304,"type":"right","wrist":[-10.7005,279.7,71.8076]}],"id":4418499,"interactionBox":{"center":[0,200,0],"size":[235.247,235.247,147.751]},"pointables":[{"bases":[[[0.396033,0.877741,0.269681],[-0.72942,0.122323,0.673041],[0.557768,-0.463257,0.688686]],[[0.191169,0.981133,0.0288648],[-0.844338,0.149377,0.514567],[0.500547,-0.122741,0.856964]],[[0.191169,0.981133,0.0288648],[-0.981075,0.190071,0.0369435],[0.0307602,-0.035381,0.9989]],[[0.191169,0.981133,0.0288648],[-0.916913,0.188997,-0.351497],[-0.35032,0.0407288,0.935744]]],"btipPosition":[-52.9224,274.142,-18.359],"carpPosition":[-36.507,268.27,72.5116],"dipPosition":[-60.468,275.019,1.79635],"direction":[-0.0307602,0.035381,-0.9989],"extended":false,"handId":820,"id":8200,"length":47.965,"mcpPosition":[-36.507,268.27,72.5116],"pipPosition":[-59.5028,273.909,33.1415],"stabilizedTipPosition":[-72.0568,246.718,137.921],"timeVisible":1.38304,"tipPosition":[-54.2897,273.369,-14.0773],"tipVelocity":[-8.25851,17.9485,-168.988],"tool":false,"touchDistance":-0.554498,"touchZone":"touching","type":0,"width":18.637},{"bases":[[[0.952221,0.142605,-0.270074],[-0.0174078,0.908199,0.418175],[0.304915,-0.393494,0.867289]],[[0.964282,0.125809,-0.233092],[-0.066243,0.96658,0.247658],[0.256459,-0.223372,0.94039]],[[0.964282,0.125809,-0.233092],[-0.0998008,0.987716,0.12024],[0.245356,-0.0926828,0.964992]],[[0.964282,0.125809,-0.233092],[-0.12393,0.99203,0.0227496],[0.234096,0.00694992,0.972189]]],"btipPosition":[-69.959,326.523,-59.5471],"carpPosition":[-30.0339,289.095,73.1133],"dipPosition":[-66.2779,326.632,-44.2598],"direction":[-0.245356,0.0926828,-0.964992],"extended":true,"handId":820,"id":8201,"length":54.1231,"mcpPosition":[-50.6795,315.738,14.3898],"pipPosition":[-60.8199,324.57,-22.7934],"stabilizedTipPosition":[-58.7913,316.245,1.33589],"timeVisible":1.38304,"tipPosition":[-68.5258,326.275,-56.2048],"tipVelocity":[-28.7284,14.1872,-162.994],"tool":false,"touchDistance":-0.559055,"touchZone":"touching","type":1,"width":17.802},{"bases":[[[0.973583,-0.0687975,-0.217722],[0.150526,0.910374,0.385436],[0.171691,-0.408026,0.896681]],[[0.982528,-0.0945969,-0.160279],[0.00341164,0.870202,-0.492682],[0.186081,0.483528,0.855321]],[[0.982528,-0.0945969,-0.160279],[-0.0918008,0.502808,-0.85951],[0.161896,0.859206,0.485339]],[[0.982528,-0.0945969,-0.160279],[-0.135297,0.228314,-0.964141],[0.127799,0.968981,0.211526]]],"btipPosition":[-45.278,257.835,-41.609],"carpPosition":[-19.5516,292.33,70.2705],"dipPosition":[-43.0677,274.593,-37.9506],"direction":[-0.161896,-0.859206,-0.485339],"extended":false,"handId":820,"id":8202,"length":61.6689,"mcpPosition":[-30.576,318.53,12.6942],"pipPosition":[-38.8307,297.08,-25.2487],"stabilizedTipPosition":[-40.5851,262.105,21.5802],"timeVisible":1.38304,"tipPosition":[-44.6414,261.724,-39.9143],"tipVelocity":[3.9844,1.50102,-169.508],"tool":false,"touchDistance":-0.561568,"touchZone":"touching","type":2,"width":17.484},{"bases":[[[0.974101,-0.196523,-0.111827],[0.225095,0.889662,0.397283],[0.0214127,-0.412166,0.910857]],[[0.974332,-0.204286,-0.0945738],[0.0809465,0.709945,-0.699589],[0.210058,0.673977,0.708259]],[[0.974332,-0.204286,-0.0945738],[-0.139099,-0.216018,-0.96643],[0.176998,0.954779,-0.23889]],[[0.974332,-0.204286,-0.0945738],[-0.20377,-0.621785,-0.756215],[0.0956793,0.756076,-0.647453]]],"btipPosition":[-24.6328,251.322,3.05206],"carpPosition":[-8.60269,292.618,67.4633],"dipPosition":[-22.9875,264.323,-8.08134],"direction":[-0.176998,-0.954779,0.23889],"extended":false,"handId":820,"id":8203,"length":59.2963,"mcpPosition":[-9.83714,316.38,14.9521],"pipPosition":[-18.4749,288.665,-14.1719],"stabilizedTipPosition":[-23.737,250.427,10.7275],"timeVisible":1.38304,"tipPosition":[-24.1376,254.626,0.568532],"tipVelocity":[1.66885,9.32019,-162.018],"tool":false,"touchDistance":0.333333,"touchZone":"none","type":3,"width":16.6371},{"bases":[[[0.91936,-0.387184,-0.0697486],[0.374865,0.808332,0.453955],[-0.119384,-0.443494,0.888291]],[[0.857429,-0.488502,0.161804],[0.507469,0.750494,-0.42336],[0.0853794,0.445112,0.891396]],[[0.857429,-0.488502,0.161804],[0.388844,0.409082,-0.825501],[0.337068,0.770725,0.540711]],[[0.857429,-0.488502,0.161804],[0.268911,0.157256,-0.950241],[0.43875,0.858275,0.266199]]],"btipPosition":[-7.10417,267.947,-26.3],"carpPosition":[2.33094,286.254,64.0693],"dipPosition":[-0.143937,281.563,-22.0771],"direction":[-0.337068,-0.770725,-0.540711],"extended":false,"handId":820,"id":8204,"length":46.4872,"mcpPosition":[8.70202,309.921,16.6645],"pipPosition":[5.92356,295.436,-12.3438],"stabilizedTipPosition":[-3.53439,265.714,2.75391],"timeVisible":1.38304,"tipPosition":[-5.17457,272.308,-26.3496],"tipVelocity":[-5.3717,14.8344,-158.743],"tool":false,"touchDistance":-0.525689,"touchZone":"touching","type":4,"width":14.7784}],"r":[[0.97059,0.0989412,0.219466],[-0.0655221,0.985794,-0.154651],[-0.231649,0.135723,0.963285]],"s":0.738987,"t":[-7.26386,75.3434,-226.567],"timestamp":606891007700},false],[2,{"currentFrameRate":98.485,"devices":[],"gestures":[],"hands":[{"armBasis":[[0.841164,0.256998,-0.475811],[0.0181934,0.865912,0.499865],[0.540474,-0.429125,0.723698]],"armWidth":58.6443,"confidence":0.733549,"direction":[-0.140673,0.54173,-0.828698],"elbow":[123.596,172.893,251.127],"grabStrength":0,"id":820,"palmNormal":[-0.0255848,-0.838731,-0.543945],"palmPosition":[-24.7444,302.728,28.8709],"palmVelocity":[-18.8316,0.392742,-134.091],"palmWidth":83.7421,"pinchStrength":0.743539,"r":[[0.969884,0.102651,0.22088],[-0.0693495,0.9857,-0.153576],[-0.233486,0.133633,0.963134]],"s":0.740311,"sphereCenter":[-29.7616,272.426,-9.98713],"sphereRadius":46.1238,"stabilizedPalmPosition":[-20.2474,261.489,225.179],"t":[-7.39991,75.2626,-227.546],"timeVisible":1.39188,"type":"right","wrist":[-10.708,279.528,71.2936]}],"id":4418500,"interactionBox":{"center":[0,200,0],"size":[235.247,235.247,147.751]},"pointables":[{"bases":[[[0.393697,0.878152,0.271759],[-0.730183,0.119156,0.672781],[0.558422,-0.463305,0.688123]],[[0.190638,0.981101,0.033142],[-0.84485,0.146784,0.514474],[0.499886,-0.126079,0.856865]],[[0.190638,0.981101,0.033142],[-0.981178,0.189377,0.037774],[0.0307837,-0.0397193,0.998737]],[[0.190638,0.981101,0.033142],[-0.918238,0.190159,-0.347387],[-0.347124,0.0357931,0.937136]]],"btipPosition":[-52.9415,274.301,-18.9347],"carpPosition":[-36.4869,268.034,71.9561],"dipPosition":[-60.4183,275.072,1.25058],"direction":[-0.0307837,0.0397193,-0.998737],"extended":false,"handId":820,"id":8200,"length":47.965,"mcpPosition":[-36.4869,268.034,71.9561],"pipPosition":[-59.4524,273.826,32.5906],"stabilizedTipPosition":[-72.0531,246.724,137.888],"timeVisible":1.39188,"tipPosition":[-54.2907,273.488,-14.6152],"tipVelocity":[-6.12614,17.2093,-140.671],"tool":false,"touchDistance":-0.535914,"touchZone":"touching","type":0,"width":18.637},{"bases":[[[0.952056,0.145489,-0.269115],[-0.0199203,0.907293,0.420027],[0.305275,-0.394528,0.866692]],[[0.963909,0.128984,-0.232902],[-0.0683395,0.965364,0.251796],[0.257313,-0.226792,0.939338]],[[0.963909,0.128984,-0.232902],[-0.102252,0.987067,0.123463],[0.245814,-0.0951922,0.964631]],[[0.963909,0.128984,-0.232902],[-0.12662,0.991633,0.0251385],[0.234196,0.00525876,0.972175]]],"btipPosition":[-70.0602,326.588,-59.965],"carpPosition":[-30.0652,288.873,72.6051],"dipPosition":[-66.3776,326.671,-44.6779],"direction":[-0.245814,0.0951922,-0.964631],"extended":true,"handId":820,"id":8201,"length":54.1231,"mcpPosition":[-50.7352,315.586,13.922],"pipPosition":[-60.9094,324.553,-23.2196],"stabilizedTipPosition":[-58.7934,316.247,1.32437],"timeVisible":1.39188,"tipPosition":[-68.6324,326.308,-56.6277],"tipVelocity":[-24.0427,12.1626,-131.684],"tool":false,"touchDistance":-0.537753,"touchZone":"touching","type":1,"width":17.802},{"bases":[[[0.973899,-0.0659685,-0.217182],[0.14803,0.909946,0.387409],[0.172067,-0.409447,0.895961]],[[0.982863,-0.0918448,-0.159829],[0.00147439,0.870929,-0.491407],[0.184333,0.48275,0.856139]],[[0.982863,-0.0918448,-0.159829],[-0.0925195,0.504146,-0.858648],[0.15944,0.858721,0.487009]],[[0.982863,-0.0918448,-0.159829],[-0.135232,0.229975,-0.963755],[0.125273,0.968853,0.213614]]],"btipPosition":[-45.154,257.784,-42.173],"carpPosition":[-19.5889,292.139,69.7763],"dipPosition":[-42.9874,274.541,-38.4786],"direction":[-0.15944,-0.858721,-0.487009],"extended":false,"handId":820,"id":8202,"length":61.6689,"mcpPosition":[-30.6374,318.43,12.2462],"pipPosition":[-38.8146,297.015,-25.7329],"stabilizedTipPosition":[-40.5854,262.105,21.5765],"timeVisible":1.39188,"tipPosition":[-44.531,261.681,-40.499],"tipVelocity":[6.3939,-0.454707,-140.651],"tool":false,"touchDistance":-0.542081,"touchZone":"touching","type":2,"width":17.484},{"bases":[[[0.974657,-0.19391,-0.11155],[0.222642,0.889391,0.399266],[0.0217897,-0.413983,0.910024]],[[0.974894,-0.201699,-0.0943301],[0.0796117,0.711371,-0.698293],[0.207949,0.673252,0.709569]],[[0.974894,-0.201699,-0.0943301],[-0.138065,-0.215191,-0.966763],[0.174697,0.955516,-0.237636]],[[0.974894,-0.201699,-0.0943301],[-0.20183,-0.621516,-0.756956],[0.0940498,0.756991,-0.646622]]],"btipPosition":[-24.5172,251.264,2.514],"carpPosition":[-8.63879,292.46,66.9773],"dipPosition":[-22.8999,264.281,-8.60511],"direction":[-0.174697,-0.955516,0.237636],"extended":false,"handId":820,"id":8203,"length":59.2963,"mcpPosition":[-9.89498,316.326,14.5142],"pipPosition":[-18.446,288.642,-14.6637],"stabilizedTipPosition":[-23.737,250.428,10.7262],"timeVisible":1.39188,"tipPosition":[-24.0345,254.561,0.0164139],"tipVelocity":[4.5566,5.12917,-134.545],"tool":false,"touchDistance":0.333333,"touchZone":"none","type":3,"width":16.6371},{"bases":[[[0.920353,-0.38479,-0.0699012],[0.372571,0.808312,0.455875],[-0.118914,-0.445609,0.887295]],[[0.858242,-0.486987,0.162065],[0.506558,0.752911,-0.420148],[0.0825858,0.442684,0.892867]],[[0.858242,-0.486987,0.162065],[0.389948,0.413395,-0.822827],[0.333709,0.769382,0.544693]],[[0.858242,-0.486987,0.162065],[0.271205,0.162222,-0.948753],[0.43574,0.858212,0.271299]]],"btipPosition":[-6.94832,268.04,-26.9387],"carpPosition":[2.31273,286.129,63.5779],"dipPosition":[-0.0358469,281.654,-22.6349],"direction":[-0.333709,-0.769382,-0.544693],"extended":false,"handId":820,"id":8204,"length":46.4872,"mcpPosition":[8.65875,309.91,16.2263],"pipPosition":[5.97119,295.504,-12.8299],"stabilizedTipPosition":[-3.53501,265.716,2.7441],"timeVisible":1.39188,"tipPosition":[-5.07093,272.325,-26.8823],"tipVelocity":[0.512831,13.6452,-134.765],"tool":false,"touchDistance":-0.510754,"touchZone":"touching","type":4,"width":14.7784}],"r":[[0.969884,0.102651,0.22088],[-0.0693495,0.9857,-0.153576],[-0.233486,0.133633,0.963134]],"s":0.740311,"t":[-7.39991,75.2626,-227.546],"timestamp":606891016544},false],[3,{"currentFrameRate":98.9657,"devices":[],"gestures":[],"hands":[{"armBasis":[[0.840886,0.262294,-0.473406],[0.0122965,0.865228,0.501228],[0.541073,-0.427297,0.724333]],"armWidth":58.6443,"confidence":0.738908,"direction":[-0.141569,0.543363,-0.827475],"elbow":[123.64,173.221,250.188],"grabStrength":0,"id":820,"palmNormal":[-0.0199188,-0.837288,-0.546399],"palmPosition":[-24.8713,302.65,27.8069],"palmVelocity":[-17.446,-2.09722,-129.111],"palmWidth":83.7421,"pinchStrength":0.737873,"r":[[0.969091,0.106502,0.22253],[-0.0733724,0.985624,-0.152188],[-0.235539,0.131157,0.962974]],"s":0.741755,"sphereCenter":[-29.7261,272.432,-11.152],"sphereRadius":46.1526,"stabilizedPalmPosition":[-20.2475,261.491,225.171],"t":[-7.53137,75.1832,-228.567],"timeVisible":1.40103,"type":"right","wrist":[-10.8128,279.402,70.1961]}],"id":4418501,"interactionBox":{"center":[0,200,0],"size":[235.247,235.247,147.751]},"pointables":[{"bases":[[[0.388455,0.879415,0.275194],[-0.73237,0.113403,0.671397],[0.559229,-0.462351,0.688109]],[[0.188269,0.981318,0.0396157],[-0.84598,0.14155,0.514084],[0.498872,-0.1303,0.856825]],[[0.188269,0.981318,0.0396157],[-0.981637,0.186762,0.0388413],[0.030717,-0.0462008,0.99846]],[[0.188269,0.981318,0.0396157],[-0.920515,0.190377,-0.341187],[-0.342355,0.027768,0.93916]]],"btipPosition":[-53.0413,274.609,-20.1588],"carpPosition":[-36.5327,267.771,70.7651],"dipPosition":[-60.4154,275.207,0.0700781],"direction":[-0.030717,0.0462008,-0.99846],"extended":false,"handId":820,"id":8200,"length":47.965,"mcpPosition":[-36.5327,267.771,70.7651],"pipPosition":[-59.4515,273.757,31.4014],"stabilizedTipPosition":[-72.0502,246.729,137.863],"timeVisible":1.40103,"tipPosition":[-54.3232,273.722,-15.7957],"tipVelocity":[-6.73765,20.5617,-138.427],"tool":false,"touchDistance":-0.528867,"touchZone":"touching","type":0,"width":18.637},{"bases":[[[0.951908,0.151239,-0.266456],[-0.0256547,0.905967,0.42257],[0.305309,-0.395412,0.866277]],[[0.963532,0.135039,-0.23102],[-0.0734317,0.963617,0.257001],[0.25732,-0.230665,0.938392]],[[0.963532,0.135039,-0.23102],[-0.107604,0.985978,0.127549],[0.245004,-0.0980387,0.964552]],[[0.963532,0.135039,-0.23102],[-0.132104,0.990835,0.0282033],[0.232711,0.00334377,0.97254]]],"btipPosition":[-70.1779,326.663,-61.0199],"carpPosition":[-30.2218,288.641,71.4887],"dipPosition":[-66.5186,326.716,-45.727],"direction":[-0.245004,0.0980387,-0.964552],"extended":true,"handId":820,"id":8201,"length":54.1231,"mcpPosition":[-50.894,315.414,12.8337],"pipPosition":[-61.0685,324.535,-24.2705],"stabilizedTipPosition":[-58.7951,316.249,1.31489],"timeVisible":1.40103,"tipPosition":[-68.761,326.346,-57.6864],"tipVelocity":[-21.0903,10.8481,-127.059],"tool":false,"touchDistance":-0.528114,"touchZone":"touching","type":1,"width":17.802},{"bases":[[[0.974737,-0.0602497,-0.215076],[0.142355,0.909592,0.390356],[0.172113,-0.411111,0.89519]],[[0.983697,-0.0862248,-0.157817],[-0.00207698,0.872056,-0.489401],[0.179824,0.48175,0.85766]],[[0.983697,-0.0862248,-0.157817],[-0.0932287,0.505926,-0.857524],[0.153784,0.858256,0.489639]],[[0.983697,-0.0862248,-0.157817],[-0.134222,0.232042,-0.963401],[0.119689,0.968877,0.216686]]],"btipPosition":[-44.8795,257.779,-43.3953],"carpPosition":[-19.7561,291.971,68.694],"dipPosition":[-42.8094,274.536,-39.6477],"direction":[-0.153784,-0.858256,-0.489639],"extended":false,"handId":820,"id":8202,"length":61.6689,"mcpPosition":[-30.8075,318.368,11.2134],"pipPosition":[-38.7847,296.997,-26.8332],"stabilizedTipPosition":[-40.5856,262.105,21.5736],"timeVisible":1.40103,"tipPosition":[-44.2838,261.683,-41.7365],"tipVelocity":[12.2894,-0.49325,-138.289],"tool":false,"touchDistance":-0.534357,"touchZone":"touching","type":2,"width":17.484},{"bases":[[[0.975917,-0.188488,-0.109808],[0.217046,0.889394,0.40233],[0.0218285,-0.416474,0.908886]],[[0.976155,-0.196318,-0.0926269],[0.0774425,0.713586,-0.696275],[0.202788,0.672499,0.711774]],[[0.976155,-0.196318,-0.0926269],[-0.134825,-0.213906,-0.967505],[0.170125,0.956924,-0.235274]],[[0.976155,-0.196318,-0.0926269],[-0.196898,-0.621133,-0.758567],[0.0913867,0.758718,-0.644977]]],"btipPosition":[-24.3074,251.269,1.34484],"carpPosition":[-8.8013,292.357,65.9217],"dipPosition":[-22.7359,264.316,-9.746],"direction":[-0.170125,-0.956924,0.235274],"extended":false,"handId":820,"id":8203,"length":59.2963,"mcpPosition":[-10.0597,316.367,13.5242],"pipPosition":[-18.3985,288.713,-15.7444],"stabilizedTipPosition":[-23.737,250.428,10.7252],"timeVisible":1.40103,"tipPosition":[-23.8418,254.564,-1.16175],"tipVelocity":[9.35073,4.08397,-132.443],"tool":false,"touchDistance":0.333333,"touchZone":"none","type":3,"width":16.6371},{"bases":[[[0.922517,-0.379768,-0.0688334],[0.367265,0.808938,0.459059],[-0.118654,-0.44877,0.885735]],[[0.860223,-0.483121,0.163128],[0.503906,0.756426,-0.417011],[0.078072,0.440924,0.894143]],[[0.860223,-0.483121,0.163128],[0.389956,0.417146,-0.820928],[0.328559,0.769794,0.547235]],[[0.860223,-0.483121,0.163128],[0.272729,0.165602,-0.947732],[0.430855,0.85975,0.274215]]],"btipPosition":[-6.76669,268.198,-28.0369],"carpPosition":[2.19116,286.093,62.53],"dipPosition":[0.0682969,281.837,-23.6868],"direction":[-0.328559,-0.769794,-0.547234],"extended":false,"handId":820,"id":8204,"length":46.4872,"mcpPosition":[8.5233,310.042,15.2616],"pipPosition":[5.98263,295.694,-13.8362],"stabilizedTipPosition":[-3.53543,265.718,2.73658],"timeVisible":1.40103,"tipPosition":[-4.9163,272.475,-27.9538],"tipVelocity":[5.35473,14.8262,-130.317],"tool":false,"touchDistance":-0.504326,"touchZone":"touching","type":4,"width":14.7784}],"r":[[0.969091,0.106502,0.22253],[-0.0733724,0.985624,-0.152188],[-0.235539,0.131157,0.962974]],"s":0.741755,"t":[-7.53137,75.1832,-228.567],"timestamp":606891025699},false],[4,{"currentFrameRate":99.5298,"devices":[],"gestures":[],"hands":[{"armBasis":[[0.841295,0.268922,-0.468939],[0.00285528,0.865257,0.501321],[0.540569,-0.423098,0.727168]],"armWidth":58.6443,"confidence":0.741256,"direction":[-0.143084,0.544722,-0.82632],"elbow":[123.263,174.147,249.162],"grabStrength":0,"id":820,"palmNormal":[-0.0109808,-0.835733,-0.549026],"palmPosition":[-25.1622,302.546,26.0972],"palmVelocity":[-21.567,-4.71236,-146.08],"palmWidth":83.7421,"pinchStrength":0.73174,"r":[[0.968097,0.111049,0.224624],[-0.0781192,0.985514,-0.150534],[-0.238087,0.128184,0.962748]],"s":0.743189,"sphereCenter":[-29.7247,272.416,-12.9676],"sphereRadius":46.1686,"stabilizedPalmPosition":[-20.2477,261.492,225.165],"t":[-7.74254,75.0912,-229.932],"timeVisible":1.40997,"type":"right","wrist":[-11.0645,279.284,68.466]}],"id":4418502,"interactionBox":{"center":[0,200,0],"size":[235.247,235.247,147.751]},"pointables":[{"bases":[[[0.380134,0.881755,0.279297],[-0.735713,0.105246,0.669067],[0.560558,-0.459817,0.688726]],[[0.183256,0.981939,0.0470489],[-0.84817,0.133732,0.512566],[0.497016,-0.133836,0.857358]],[[0.183256,0.981939,0.0470489],[-0.982639,0.181557,0.0381861],[0.0289543,-0.0532299,0.998162]],[[0.183256,0.981939,0.0470489],[-0.922529,0.188309,-0.336867],[-0.339643,0.018329,0.940376]]],"btipPosition":[-53.1152,274.862,-22.0596],"carpPosition":[-36.6887,267.438,68.9057],"dipPosition":[-60.4309,275.257,-1.80453],"direction":[-0.0289543,0.0532299,-0.998162],"extended":false,"handId":820,"id":8200,"length":47.965,"mcpPosition":[-36.6887,267.438,68.9057],"pipPosition":[-59.5223,273.587,29.5175],"stabilizedTipPosition":[-72.0482,246.732,137.844],"timeVisible":1.40997,"tipPosition":[-54.3564,273.888,-17.6615],"tipVelocity":[-6.74376,21.2729,-158.503],"tool":false,"touchDistance":-0.532735,"touchZone":"touching","type":0,"width":18.637},{"bases":[[[0.951576,0.159957,-0.26252],[-0.0347134,0.904413,0.425243],[0.305447,-0.395538,0.866171]],[[0.962999,0.144058,-0.227772],[-0.0817579,0.96148,0.262436],[0.256804,-0.234103,0.937682]],[[0.962999,0.144058,-0.227772],[-0.116049,0.984437,0.131974],[0.243239,-0.100658,0.964729]],[[0.962999,0.144058,-0.227772],[-0.140538,0.989568,0.0316837],[0.229961,0.00149932,0.973199]]],"btipPosition":[-70.4168,326.612,-62.7715],"carpPosition":[-30.5542,288.358,69.7161],"dipPosition":[-66.8007,326.635,-47.4683],"direction":[-0.243239,0.100658,-0.964729],"extended":true,"handId":820,"id":8201,"length":54.1231,"mcpPosition":[-51.2357,315.14,11.0683],"pipPosition":[-61.3898,324.396,-26.0078],"stabilizedTipPosition":[-58.7964,316.25,1.30759],"timeVisible":1.40997,"tipPosition":[-69.0159,326.255,-59.4401],"tipVelocity":[-22.9301,6.11289,-145.794],"tool":false,"touchDistance":-0.529875,"touchZone":"touching","type":1,"width":17.802},{"bases":[[[0.975976,-0.0514923,-0.211704],[0.133376,0.909532,0.393652],[0.172282,-0.412432,0.89455]],[[0.98494,-0.0775525,-0.15453],[-0.00767427,0.873271,-0.487175],[0.172728,0.481024,0.859524]],[[0.98494,-0.0775525,-0.15453],[-0.0943944,0.50761,-0.8564],[0.144857,0.858089,0.492645]],[[0.98494,-0.0775525,-0.15453],[-0.132696,0.233905,-0.963162],[0.110841,0.969162,0.220091]]],"btipPosition":[-44.5392,257.708,-45.2987],"carpPosition":[-20.1064,291.783,66.9697],"dipPosition":[-42.6222,274.469,-41.4922],"direction":[-0.144857,-0.858089,-0.492645],"extended":false,"handId":820,"id":8202,"length":61.6689,"mcpPosition":[-31.1688,318.265,9.53024],"pipPosition":[-38.8311,296.927,-28.599],"stabilizedTipPosition":[-40.5857,262.105,21.5711],"timeVisible":1.40997,"tipPosition":[-43.9846,261.619,-43.6507],"tipVelocity":[18.2511,-2.50369,-158.252],"tool":false,"touchDistance":-0.537602,"touchZone":"touching","type":2,"width":17.484},{"bases":[[[0.977841,-0.180041,-0.106825],[0.208188,0.889918,0.405837],[0.0219987,-0.419084,0.907681]],[[0.978082,-0.187915,-0.0896821],[0.073964,0.71618,-0.693985],[0.194639,0.672142,0.714382]],[[0.978082,-0.187915,-0.0896821],[-0.129669,-0.212713,-0.968473],[0.162914,0.958875,-0.232417]],[[0.978082,-0.187915,-0.0896821],[-0.189064,-0.621061,-0.760617],[0.0872333,0.760901,-0.642977]]],"btipPosition":[-24.0708,251.259,-0.483273],"carpPosition":[-9.14528,292.269,64.2386],"dipPosition":[-22.5707,264.343,-11.5397],"direction":[-0.162914,-0.958875,0.232417],"extended":false,"handId":820,"id":8203,"length":59.2963,"mcpPosition":[-10.4135,316.429,11.9105],"pipPosition":[-18.4172,288.79,-17.4653],"stabilizedTipPosition":[-23.737,250.428,10.7243],"timeVisible":1.40997,"tipPosition":[-23.6285,254.554,-2.99508],"tipVelocity":[13.5219,2.91347,-151.875],"tool":false,"touchDistance":0.333333,"touchZone":"none","type":3,"width":16.6371},{"bases":[[[0.925885,-0.371884,-0.0666309],[0.358864,0.810537,0.462867],[-0.118126,-0.452473,0.88392]],[[0.863486,-0.476587,0.165095],[0.499208,0.760845,-0.414616],[0.0719892,0.440432,0.894895]],[[0.863486,-0.476587,0.165095],[0.388991,0.420908,-0.819465],[0.321056,0.771817,0.548837]],[[0.863486,-0.476587,0.165095],[0.274107,0.16865,-0.946796],[0.423387,0.862799,0.276262]]],"btipPosition":[-6.6235,268.34,-29.688],"carpPosition":[1.91106,286.107,60.8679],"dipPosition":[0.0930229,282.027,-25.3054],"direction":[-0.321056,-0.771817,-0.548837],"extended":false,"handId":820,"id":8204,"length":46.4872,"mcpPosition":[8.21502,310.254,13.6963],"pipPosition":[5.8723,295.921,-15.4259],"stabilizedTipPosition":[-3.53571,265.719,2.73098],"timeVisible":1.40997,"tipPosition":[-4.80092,272.606,-29.5804],"tipVelocity":[7.43373,15.4699,-144.936],"tool":false,"touchDistance":-0.506881,"touchZone":"touching","type":4,"width":14.7784}],"r":[[0.968097,0.111049,0.224624],[-0.0781192,0.985514,-0.150534],[-0.238087,0.128184,0.962748]],"s":0.743189,"t":[-7.74254,75.0912,-229.932],"timestamp":606891034638},false],[5,{"currentFrameRate":100.026,"devices":[],"gestures":[],"hands":[{"armBasis":[[0.842503,0.2795,-0.460508],[-0.0123779,0.864684,0.502165],[0.538549,-0.417375,0.731958]],"armWidth":58.6443,"confidence":0.743976,"direction":[-0.144877,0.547763,-0.823994],"elbow":[122.231,175.752,247.303],"grabStrength":0,"id":820,"palmNormal":[0.00345205,-0.832495,-0.554022],"palmPosition":[-25.7225,302.797,23.0951],"palmVelocity":[-32.7151,4.25797,-197.417],"palmWidth":83.7421,"pinchStrength":0.858363,"r":[[0.966687,0.11693,0.227693],[-0.0842935,0.985366,-0.148153],[-0.241684,0.124024,0.962396]],"s":0.741148,"sphereCenter":[-30.4848,274.137,-15.3043],"sphereRadius":44.9186,"stabilizedPalmPosition":[-20.2478,261.493,225.161],"t":[-8.12826,75.1711,-232.116],"timeVisible":1.419,"type":"right","wrist":[-11.5945,279.467,65.4162]}],"id":4418503,"interactionBox":{"center":[0,200,0],"size":[235.247,235.247,147.751]},"pointables":[{"bases":[[[0.366792,0.884936,0.286972],[-0.741302,0.0916446,0.664886],[0.562082,-0.456607,0.689619]],[[0.172561,0.983357,0.0568523],[-0.852999,0.120324,0.507853],[0.49256,-0.136131,0.859565]],[[0.172561,0.983357,0.0568523],[-0.984728,0.170872,0.0333657],[0.0230959,-0.0617417,0.997825]],[[0.172561,0.983357,0.0568523],[-0.923102,0.181585,-0.338983],[-0.343665,0.00601477,0.939073]]],"btipPosition":[-53.0155,275.349,-25.4087],"carpPosition":[-37.0642,267.287,65.6193],"dipPosition":[-60.4178,275.478,-5.18168],"direction":[-0.0230959,0.0617417,-0.997825],"extended":false,"handId":820,"id":8200,"length":47.965,"mcpPosition":[-37.0642,267.287,65.6193],"pipPosition":[-59.6931,273.541,26.1297],"stabilizedTipPosition":[-72.0467,246.735,137.83],"timeVisible":1.419,"tipPosition":[-54.2964,274.3,-20.9969],"tipVelocity":[-2.45395,28.3784,-217.199],"tool":false,"touchDistance":-0.558128,"touchZone":"touching","type":0,"width":18.637},{"bases":[[[0.951072,0.1739,-0.255383],[-0.0492437,0.901317,0.430353],[0.30502,-0.39672,0.86578]],[[0.962242,0.158299,-0.22143],[-0.0951989,0.957843,0.27106],[0.255003,-0.239746,0.936747]],[[0.962242,0.158299,-0.22143],[-0.129382,0.981721,0.139584],[0.239478,-0.105664,0.965135]],[[0.962242,0.158299,-0.22143],[-0.153629,0.987387,0.0382686],[0.224695,-0.00280567,0.974425]]],"btipPosition":[-70.8045,327.015,-65.8591],"carpPosition":[-31.2085,288.279,66.5934],"dipPosition":[-67.2713,326.971,-50.5367],"direction":[-0.239478,0.105664,-0.965135],"extended":true,"handId":820,"id":8201,"length":54.1231,"mcpPosition":[-51.8612,315.141,7.97197],"pipPosition":[-61.9441,324.621,-29.0672],"stabilizedTipPosition":[-58.7975,316.251,1.30155],"timeVisible":1.419,"tipPosition":[-69.4258,326.6,-62.5296],"tipVelocity":[-29.0236,16.2558,-199.683],"tool":false,"touchDistance":-0.551469,"touchZone":"touching","type":1,"width":17.802},{"bases":[[[0.977904,-0.0375145,-0.205663],[0.118964,0.908812,0.399885],[0.171908,-0.415516,0.893193]],[[0.98357,-0.0527872,-0.172639],[-0.0558426,0.820431,-0.569012],[0.171675,0.569303,0.804003]],[[0.98357,-0.0527872,-0.172639],[-0.155479,0.238295,-0.958667],[0.0917442,0.969757,0.226172]],[[0.98357,-0.0527872,-0.172639],[-0.177843,-0.11898,-0.97684],[0.0310241,0.991492,-0.126413]]],"btipPosition":[-42.3805,250.754,-32.8164],"carpPosition":[-20.789,291.856,63.9352],"dipPosition":[-41.844,267.902,-35.0028],"direction":[-0.0917442,-0.969757,-0.226172],"extended":false,"handId":820,"id":8202,"length":61.6689,"mcpPosition":[-31.8273,318.537,6.5828],"pipPosition":[-39.4429,293.282,-29.0835],"stabilizedTipPosition":[-40.5867,262.101,21.5377],"timeVisible":1.419,"tipPosition":[-40.1898,256.298,-24.7457],"tipVelocity":[69.3736,-211.157,223.927],"tool":false,"touchDistance":-0.345617,"touchZone":"touching","type":2,"width":17.484},{"bases":[[[0.980773,-0.166655,-0.101537],[0.193946,0.890101,0.412439],[0.0216429,-0.424202,0.905309]],[[0.981007,-0.174622,-0.0844526],[0.0690033,0.721075,-0.689413],[0.181283,0.670491,0.719429]],[[0.981007,-0.174622,-0.0844526],[-0.120777,-0.209204,-0.970385],[0.151782,0.962154,-0.226321]],[[0.981007,-0.174622,-0.0844526],[-0.176129,-0.619511,-0.764974],[0.0812618,0.765319,-0.638501]]],"btipPosition":[-23.7871,251.694,-3.74683],"carpPosition":[-9.81781,292.501,61.2783],"dipPosition":[-22.3897,264.855,-14.7263],"direction":[-0.151782,-0.962154,0.226321],"extended":false,"handId":820,"id":8203,"length":59.2963,"mcpPosition":[-11.0655,316.956,9.08691],"pipPosition":[-18.52,289.385,-20.4964],"stabilizedTipPosition":[-23.737,250.429,10.7236],"timeVisible":1.419,"tipPosition":[-23.3761,255,-6.25176],"tipVelocity":[17.7301,15.9273,-209.05],"tool":false,"touchDistance":0.333333,"touchZone":"none","type":3,"width":16.6371},{"bases":[[[0.931069,-0.359396,-0.0628163],[0.345276,0.812346,0.469976],[-0.117879,-0.459269,0.880441]],[[0.868418,-0.466427,0.168213],[0.492057,0.768912,-0.408233],[0.0610702,0.437287,0.897246]],[[0.868418,-0.466427,0.168213],[0.388476,0.429223,-0.815386],[0.308117,0.773443,0.55394]],[[0.868418,-0.466427,0.168213],[0.277542,0.176143,-0.944428],[0.410877,0.866845,0.282419]]],"btipPosition":[-6.42163,269.109,-32.6933],"carpPosition":[1.33943,286.504,57.943],"dipPosition":[0.0964359,282.86,-28.213],"direction":[-0.308117,-0.773443,-0.55394],"extended":false,"handId":820,"id":8204,"length":46.4872,"mcpPosition":[7.63018,311.013,10.9571],"pipPosition":[5.6428,296.783,-18.2417],"stabilizedTipPosition":[-3.53591,265.72,2.72598],"timeVisible":1.419,"tipPosition":[-4.65173,273.369,-32.5395],"tipVelocity":[10.1516,35.0981,-196],"tool":false,"touchDistance":-0.529268,"touchZone":"touching","type":4,"width":14.7784}],"r":[[0.966687,0.11693,0.227693],[-0.0842935,0.985366,-0.148153],[-0.241684,0.124024,0.962396]],"s":0.741148,"t":[-8.12826,75.1711,-232.116],"timestamp":606891043665},false],[6,{"currentFrameRate":100.427,"devices":[],"gestures":[],"hands":[{"armBasis":[[0.841678,0.285347,-0.458427],[-0.0198235,0.864727,0.501851],[0.539616,-0.413309,0.733478]],"armWidth":58.6443,"confidence":0.746359,"direction":[-0.145924,0.549578,-0.8226],"elbow":[122.273,176.5,246.225],"grabStrength":0,"id":820,"palmNormal":[0.010316,-0.83061,-0.556759],"palmPosition":[-25.9685,302.586,21.6755],"palmVelocity":[-31.0678,-3.35888,-185.49],"palmWidth":83.7421,"pinchStrength":0.852889,"r":[[0.965235,0.122685,0.230802],[-0.090393,0.985197,-0.145659],[-0.245255,0.119733,0.962036]],"s":0.741586,"sphereCenter":[-30.7738,274.663,-16.4067],"sphereRadius":44.3808,"stabilizedPalmPosition":[-20.2479,261.494,225.157],"t":[-8.44415,75.1053,-233.918],"timeVisible":1.42818,"type":"right","wrist":[-11.8173,279.204,63.9605]}],"id":4418504,"interactionBox":{"center":[0,200,0],"size":[235.247,235.247,147.751]},"pointables":[{"bases":[[[0.360367,0.886267,0.290973],[-0.743801,0.084765,0.663005],[0.562935,-0.455351,0.689753]],[[0.168342,0.983708,0.0630896],[-0.855279,0.113945,0.505485],[0.490061,-0.139053,0.860526]],[[0.168342,0.983708,0.0630896],[-0.98552,0.166643,0.0313266],[0.0203028,-0.0674496,0.997516]],[[0.168342,0.983708,0.0630896],[-0.923579,0.179771,-0.33865],[-0.344474,-0.00125934,0.938795]]],"btipPosition":[-52.9415,275.395,-27.0079],"carpPosition":[-37.2101,266.863,64.0485],"dipPosition":[-60.3613,275.368,-6.7869],"direction":[-0.0203028,0.0674496,-0.997516],"extended":false,"handId":820,"id":8200,"length":47.965,"mcpPosition":[-37.2101,266.863,64.0485],"pipPosition":[-59.7242,273.252,24.5148],"stabilizedTipPosition":[-72.0456,246.737,137.82],"timeVisible":1.42818,"tipPosition":[-54.2556,274.3,-22.5777],"tipVelocity":[0.358636,20.7849,-205.256],"tool":false,"touchDistance":-0.554658,"touchZone":"touching","type":0,"width":18.637},{"bases":[[[0.950698,0.180732,-0.252012],[-0.0561796,0.899553,0.433185],[0.304988,-0.39767,0.865356]],[[0.961683,0.165365,-0.218677],[-0.101422,0.955614,0.276615],[0.254713,-0.243837,0.935769]],[[0.961683,0.165365,-0.218677],[-0.135779,0.980201,0.144117],[0.238179,-0.108903,0.965096]],[[0.961683,0.165365,-0.218677],[-0.16007,0.986219,0.0418408],[0.222582,-0.005234,0.9749]]],"btipPosition":[-71.0101,326.961,-67.2825],"carpPosition":[-31.4898,287.889,65.1092],"dipPosition":[-67.5101,326.879,-51.9526],"direction":[-0.238179,0.108903,-0.965096],"extended":true,"handId":820,"id":8201,"length":54.1231,"mcpPosition":[-52.1404,314.815,6.51656],"pipPosition":[-62.2118,324.457,-30.4839],"stabilizedTipPosition":[-58.7983,316.252,1.29674],"timeVisible":1.42818,"tipPosition":[-69.6463,326.511,-63.9555],"tipVelocity":[-27.4074,9.81247,-187.186],"tool":false,"touchDistance":-0.54598,"touchZone":"touching","type":1,"width":17.802},{"bases":[[[0.978716,-0.0306743,-0.202912],[0.112066,0.908208,0.403236],[0.171918,-0.417394,0.892315]],[[0.982464,-0.0404138,-0.182018],[-0.0825117,0.78119,-0.618817],[0.167199,0.622984,0.764157]],[[0.982464,-0.0404138,-0.182018],[-0.179808,0.0528769,-0.982279],[0.0493222,0.997783,0.0446829]],[[0.982464,-0.0404138,-0.182018],[-0.184806,-0.340447,-0.921923],[-0.024709,0.939395,-0.341946]]],"btipPosition":[-40.4049,248.345,-23.9566],"carpPosition":[-21.0853,291.54,62.4935],"dipPosition":[-40.8322,264.592,-29.8706],"direction":[-0.0493222,-0.997783,-0.0446829],"extended":false,"handId":820,"id":8202,"length":61.6689,"mcpPosition":[-32.1243,318.341,5.19748],"pipPosition":[-39.5414,290.705,-28.7012],"stabilizedTipPosition":[-40.5866,262.088,21.479],"timeVisible":1.42818,"tipPosition":[-38.5566,253.646,-16.7301],"tipVelocity":[103.361,-231.794,404.837],"tool":false,"touchDistance":-0.212243,"touchZone":"touching","type":2,"width":17.484},{"bases":[[[0.982097,-0.16014,-0.0992057],[0.187127,0.889927,0.415948],[0.0216761,-0.427066,0.903961]],[[0.982331,-0.168156,-0.0821599],[0.0664154,0.723637,-0.686977],[0.174973,0.669382,0.722019]],[[0.982331,-0.168156,-0.0821599],[-0.116725,-0.207321,-0.971284],[0.146294,0.963712,-0.223286]],[[0.982331,-0.168156,-0.0821599],[-0.170053,-0.61863,-0.767058],[0.0781588,0.767476,-0.636295]]],"btipPosition":[-23.6292,251.59,-5.29824],"carpPosition":[-10.1107,292.263,59.871],"dipPosition":[-22.2852,264.788,-16.2398],"direction":[-0.146294,-0.963712,0.223286],"extended":false,"handId":820,"id":8203,"length":59.2963,"mcpPosition":[-11.3604,316.883,7.75732],"pipPosition":[-18.5554,289.358,-21.9325],"stabilizedTipPosition":[-23.737,250.429,10.723],"timeVisible":1.42818,"tipPosition":[-23.2356,254.897,-7.80513],"tipVelocity":[17.2115,8.57527,-197.62],"tool":false,"touchDistance":0.333333,"touchZone":"none","type":3,"width":16.6371},{"bases":[[[0.933495,-0.353317,-0.0612692],[0.338776,0.812936,0.473673],[-0.117549,-0.462927,0.878567]],[[0.87066,-0.461695,0.169674],[0.48872,0.77289,-0.404714],[0.055715,0.435291,0.898564]],[[0.87066,-0.461695,0.169674],[0.388233,0.433202,-0.813395],[0.302037,0.774063,0.556417]],[[0.87066,-0.461695,0.169674],[0.279042,0.179533,-0.943347],[0.405077,0.86868,0.285144]]],"btipPosition":[-6.30916,269.172,-34.1183],"carpPosition":[1.09378,286.347,56.5486],"dipPosition":[0.116882,282.953,-29.5948],"direction":[-0.302037,-0.774063,-0.556417],"extended":false,"handId":820,"id":8204,"length":46.4872,"mcpPosition":[7.36691,311.052,9.66274],"pipPosition":[5.5538,296.886,-19.5789],"stabilizedTipPosition":[-3.53606,265.72,2.72189],"timeVisible":1.42818,"tipPosition":[-4.56886,273.418,-33.9363],"tipVelocity":[10.095,27.4338,-184.332