{"sensorType":"Leap","data":[[0,{"currentFrameRate":110.487,"devices":[],"gestures":[],"hands":[{"armBasis":[[-0.780168,-0.614808,-0.11554],[-0.597564,0.677773,0.428417],[0.185084,-0.40328,0.896164]],"armWidth":63.6845,"confidence":0.871045,"direction":[-0.351804,-0.0117236,-0.936],"elbow":[26.3555,223.713,326.713],"grabStrength":0,"id":786,"palmNormal":[0.681056,-0.689188,-0.247349],"palmPosition":[-34.7432,334.449,31.3913],"palmVelocity":[-24.0974,35.0657,125.928],"palmWidth":90.9393,"pinchStrength":1,"r":[[0.980629,-0.162405,0.109506],[0.18426,0.954506,-0.234448],[-0.0664488,0.250084,0.965941]],"s":1.00547,"sphereCenter":[-11.6918,319.295,-1.27337],"sphereRadius":45.0662,"stabilizedPalmPosition":[-31.474,327.936,12.6014],"t":[5.63786,36.3019,-191.61],"timeVisible":13.8831,"type":"left","wrist":[-23.5893,332.538,84.8832]}],"id":4391100,"interactionBox":{"center":[0,200,0],"size":[235.247,235.247,147.751]},"pointables":[{"bases":[[[-0.936216,0.322609,0.139369],[0.349542,0.895853,0.27435],[0.0363462,-0.305566,0.951477]],[[-0.842205,0.428729,-0.326928],[0.496218,0.853508,-0.159036],[-0.210852,0.296169,0.931572]],[[-0.842205,0.428729,-0.326928],[0.50489,0.414416,-0.757196],[0.189148,0.802777,0.565484]],[[-0.842205,0.428729,-0.326928],[0.401475,0.0939523,-0.911038],[0.359873,0.898534,0.251251]]],"btipPosition":[-1.08151,282.632,6.65619],"carpPosition":[3.26231,345.781,78.2788],"dipPosition":[7.33613,303.65,12.5331],"direction":[-0.189148,-0.802777,-0.565484],"extended":false,"handId":786,"id":7860,"length":52.0873,"mcpPosition":[3.26231,345.781,78.2788],"pipPosition":[13.7817,331.006,31.8029],"stabilizedTipPosition":[3.19401,279.375,-7.94587],"timeVisible":13.8831,"tipPosition":[0.542239,287.189,8.35469],"tipVelocity":[-22.7071,40.3921,121.545],"tool":false,"touchDistance":0.0579315,"touchZone":"hovering","type":0,"width":20.2387},{"bases":[[[-0.692133,-0.716171,0.0897318],[-0.708973,0.697894,0.101499],[0.135314,-0.00663316,0.990781]],[[-0.676866,-0.713779,0.179923],[-0.684079,0.700206,0.204323],[0.271825,-0.0152176,0.962226]],[[-0.676866,-0.713779,0.179923],[-0.727243,0.686249,-0.0134282],[0.113887,0.139937,0.983589]],[[-0.676866,-0.713779,0.179923],[-0.73579,0.648889,-0.193793],[-0.0215749,0.263557,0.964402]]],"btipPosition":[-42.99,346.545,-79.2747],"carpPosition":[-18.9861,353.284,75.1213],"dipPosition":[-43.3584,351.045,-62.8064],"direction":[-0.113887,-0.139937,-0.983589],"extended":true,"handId":786,"id":7861,"length":58.7747,"mcpPosition":[-28.9355,353.772,2.27058],"pipPosition":[-40.6073,354.426,-39.0459],"stabilizedTipPosition":[-37.5008,342.796,-94.2665],"timeVisible":13.8831,"tipPosition":[-42.9888,348.023,-75.5146],"tipVelocity":[-31.3686,11.1462,124.854],"tool":false,"touchDistance":0.129904,"touchZone":"hovering","type":1,"width":19.332},{"bases":[[[-0.536416,-0.818893,0.204138],[-0.812637,0.566454,0.136935],[0.22777,0.0924358,0.969317]],[[-0.543011,-0.821298,0.174953],[-0.574128,0.211074,-0.791091],[-0.612794,0.530016,0.586146]],[[-0.543011,-0.821298,0.174953],[0.578953,-0.517076,-0.630433],[-0.608237,0.241043,-0.756271]],[[-0.543011,-0.821298,0.174953],[0.839535,-0.53541,0.0922877],[-0.0178756,-0.196992,-0.980242]]],"btipPosition":[2.56235,310.628,19.8808],"carpPosition":[-28.698,345.757,75.8031],"dipPosition":[2.22661,306.928,1.47034],"direction":[0.608237,-0.241043,0.756271],"extended":false,"handId":786,"id":7862,"length":66.9691,"mcpPosition":[-44.5803,339.312,8.21341],"pipPosition":[-15.0598,313.779,-20.0233],"stabilizedTipPosition":[7.12052,298.786,-3.55911],"timeVisible":13.8831,"tipPosition":[2.33928,309.858,15.6715],"tipVelocity":[-28.4569,24.5127,116.688],"tool":false,"touchDistance":0.333333,"touchZone":"none","type":2,"width":18.9866},{"bases":[[[-0.434255,-0.836721,0.333649],[-0.84121,0.509159,0.182],[0.322163,0.201634,0.924962]],[[-0.425083,-0.830759,0.359366],[-0.722117,0.0718685,-0.688028],[-0.545758,0.551973,0.630455]],[[-0.425083,-0.830759,0.359366],[0.483383,-0.544018,-0.685847],[-0.765275,0.11783,-0.632827]],[[-0.425083,-0.830759,0.359366],[0.884465,-0.465628,-0.0302051],[-0.192424,-0.305007,-0.932708]]],"btipPosition":[-7.18728,301.347,26.5034],"carpPosition":[-36.17,336.186,77.6257],"dipPosition":[-10.7805,295.652,9.08635],"direction":[0.765275,-0.11783,0.632827],"extended":false,"handId":786,"id":7863,"length":64.3926,"mcpPosition":[-56.339,323.562,19.7183],"pipPosition":[-31.9684,298.914,-8.43445],"stabilizedTipPosition":[-4.86912,290.698,3.41162],"timeVisible":13.8831,"tipPosition":[-8.2344,299.996,22.1417],"tipVelocity":[-28.4388,33.5897,139.708],"tool":false,"touchDistance":0.333333,"touchZone":"none","type":3,"width":18.067},{"bases":[[[-0.249048,-0.880309,0.403772],[-0.866722,0.38862,0.312678],[0.432167,0.272086,0.859768]],[[-0.311207,-0.911215,0.269883],[-0.799419,0.0974451,-0.592818],[-0.513886,0.400239,0.758769]],[[-0.311207,-0.911215,0.269883],[0.421371,-0.386849,-0.82024],[-0.85182,0.141544,-0.50435]],[[-0.311207,-0.911215,0.269883],[0.901699,-0.372813,-0.218974],[-0.300148,-0.175207,-0.937664]]],"btipPosition":[-22.9498,292.799,30.3128],"carpPosition":[-37.887,322.46,80.941],"dipPosition":[-28.1206,289.781,14.1594],"direction":[0.85182,-0.141544,0.50435],"extended":false,"handId":786,"id":7864,"length":50.4826,"mcpPosition":[-62.9323,306.692,31.115],"pipPosition":[-44.7718,292.548,4.30046],"stabilizedTipPosition":[-20.0475,282.991,8.70998],"timeVisible":13.8831,"tipPosition":[-24.1191,292.17,26.8103],"tipVelocity":[-31.1472,32.6333,131.205],"tool":false,"touchDistance":0.333333,"touchZone":"none","type":4,"width":16.0485}],"r":[[0.980629,-0.162405,0.109506],[0.18426,0.954506,-0.234448],[-0.0664488,0.250084,0.965941]],"s":1.00547,"t":[5.63786,36.3019,-191.61],"timestamp":606635833263},false],[1,{"currentFrameRate":110.489,"devices":[],"gestures":[],"hands":[{"armBasis":[[-0.777371,-0.618024,-0.11722],[-0.601124,0.674959,0.42788],[0.185321,-0.403085,0.896202]],"armWidth":63.6845,"confidence":0.876358,"direction":[-0.353971,-0.0107914,-0.935194],"elbow":[26.4872,224.023,328.236],"grabStrength":0,"id":786,"palmNormal":[0.683092,-0.685979,-0.250634],"palmPosition":[-34.8093,334.793,32.9358],"palmVelocity":[-19.4681,35.8851,138.279],"palmWidth":90.9393,"pinchStrength":1,"r":[[0.980744,-0.162602,0.108175],[0.184163,0.95435,-0.235159],[-0.0649993,0.250553,0.965918]],"s":1.00508,"sphereCenter":[-11.8162,319.688,0.220594],"sphereRadius":45.0341,"stabilizedPalmPosition":[-31.4761,327.94,12.614],"t":[5.50562,36.588,-190.315],"timeVisible":13.8922,"type":"left","wrist":[-23.5217,332.795,86.3963]}],"id":4391101,"interactionBox":{"center":[0,200,0],"size":[235.247,235.247,147.751]},"pointables":[{"bases":[[[-0.937106,0.318692,0.142362],[0.346772,0.896512,0.275711],[0.0397627,-0.307737,0.95064]],[[-0.84457,0.426314,-0.323973],[0.492463,0.855976,-0.157435],[-0.210196,0.29251,0.932875]],[[-0.84457,0.426314,-0.323973],[0.501684,0.418587,-0.757032],[0.187123,0.801898,0.567401]],[[-0.84457,0.426314,-0.323973],[0.395927,0.0898827,-0.913872],[0.360477,0.900098,0.244702]]],"btipPosition":[-1.05812,283.183,8.16123],"carpPosition":[3.26353,346.156,79.761],"dipPosition":[7.37364,304.237,13.8849],"direction":[-0.187123,-0.801898,-0.567401],"extended":false,"handId":786,"id":7860,"length":52.0873,"mcpPosition":[3.26353,346.156,79.761],"pipPosition":[13.7502,331.563,33.22],"stabilizedTipPosition":[3.18757,279.4,-7.89739],"timeVisible":13.8922,"tipPosition":[0.600124,287.757,9.76074],"tipVelocity":[-15.6325,46.3071,132.83],"tool":false,"touchDistance":0.0824283,"touchZone":"hovering","type":0,"width":20.2387},{"bases":[[[-0.689183,-0.719024,0.0896153],[-0.711386,0.694932,0.104872],[0.137682,-0.00852506,0.99044]],[[-0.673645,-0.716774,0.180103],[-0.686509,0.697131,0.206673],[0.273693,-0.0155818,0.961691]],[[-0.673645,-0.716774,0.180103],[-0.730109,0.68323,-0.0117301],[0.114644,0.139397,0.983578]],[[-0.673645,-0.716774,0.180103],[-0.738735,0.645881,-0.192637],[-0.0217527,0.262817,0.9646]]],"btipPosition":[-43.2943,347.023,-77.6767],"carpPosition":[-19.0207,353.582,76.6743],"dipPosition":[-43.6657,351.511,-61.2051],"direction":[-0.114644,-0.139397,-0.983578],"extended":true,"handId":786,"id":7861,"length":58.7747,"mcpPosition":[-29.1443,354.209,3.84862],"pipPosition":[-40.8963,354.878,-37.4449],"stabilizedTipPosition":[-37.5065,342.801,-94.2468],"timeVisible":13.8922,"tipPosition":[-43.3239,348.514,-73.9138],"tipVelocity":[-32.0134,22.562,139.156],"tool":false,"touchDistance":0.156548,"touchZone":"hovering","type":1,"width":19.332},{"bases":[[[-0.532805,-0.821429,0.203403],[-0.814464,0.563012,0.140233],[0.22971,0.0909481,0.969]],[[-0.539473,-0.823792,0.17417],[-0.576213,0.210367,-0.789762],[-0.61396,0.526414,0.588168]],[[-0.539473,-0.823792,0.17417],[0.580132,-0.513573,-0.63221],[-0.610259,0.240019,-0.754967]],[[-0.539473,-0.823792,0.17417],[0.841796,-0.532262,0.089871],[-0.0186688,-0.195098,-0.980606]]],"btipPosition":[2.55147,311.158,21.3327],"carpPosition":[-28.7023,346.016,77.3606],"dipPosition":[2.20084,307.494,2.91547],"direction":[0.610259,-0.240019,0.754967],"extended":false,"handId":786,"id":7862,"length":66.9691,"mcpPosition":[-44.7197,339.674,9.79301],"pipPosition":[-15.1431,314.315,-18.5411],"stabilizedTipPosition":[7.11946,298.789,-3.55438],"timeVisible":13.8922,"tipPosition":[2.33107,310.388,17.1008],"tipVelocity":[-21.0446,34.1561,128.721],"tool":false,"touchDistance":0.333333,"touchZone":"none","type":2,"width":18.9866},{"bases":[[[-0.430271,-0.839181,0.332629],[-0.842712,0.505499,0.185225],[0.32358,0.200614,0.924689]],[[-0.421059,-0.833247,0.358341],[-0.723784,0.0705522,-0.68641],[-0.546667,0.548381,0.632798]],[[-0.421059,-0.833247,0.358341],[0.484174,-0.540552,-0.688025],[-0.766997,0.1162,-0.631041]],[[-0.421059,-0.833247,0.358341],[0.886219,-0.46208,-0.0331424],[-0.193198,-0.303614,-0.933002]]],"btipPosition":[-7.1366,301.817,27.9236],"carpPosition":[-36.1333,336.412,79.1774],"dipPosition":[-10.7443,296.148,10.5011],"direction":[0.766997,-0.1162,0.631041],"extended":false,"handId":786,"id":7863,"length":64.3926,"mcpPosition":[-56.3911,323.853,21.2872],"pipPosition":[-31.9798,299.365,-6.97024],"stabilizedTipPosition":[-4.87018,290.701,3.41866],"timeVisible":13.8922,"tipPosition":[-8.18388,300.47,23.5613],"tipVelocity":[-19.152,38.8252,144.435],"tool":false,"touchDistance":0.333333,"touchZone":"none","type":3,"width":18.067},{"bases":[[[-0.244733,-0.882232,0.402208],[-0.867455,0.384546,0.315667],[0.43316,0.271644,0.859408]],[[-0.307091,-0.913051,0.268391],[-0.801186,0.0958336,-0.590691],[-0.51361,0.396427,0.760953]],[[-0.307091,-0.913051,0.268391],[0.420899,-0.383241,-0.822174],[-0.853545,0.139517,-0.501992]],[[-0.307091,-0.913051,0.268391],[0.902593,-0.368834,-0.22201],[-0.301698,-0.174071,-0.937378]]],"btipPosition":[-22.8599,293.191,31.7277],"carpPosition":[-37.7902,322.672,82.4633],"dipPosition":[-28.0573,290.193,15.5793],"direction":[0.853545,-0.139517,0.501992],"extended":false,"handId":786,"id":7864,"length":50.4826,"mcpPosition":[-62.893,306.929,32.6581],"pipPosition":[-44.7423,292.92,5.76639],"stabilizedTipPosition":[-20.0488,282.994,8.71632],"timeVisible":13.8922,"tipPosition":[-24.0351,292.567,28.2262],"tipVelocity":[-20.0011,35.7258,138.186],"tool":false,"touchDistance":0.333333,"touchZone":"none","type":4,"width":16.0485}],"r":[[0.980744,-0.162602,0.108175],[0.184163,0.95435,-0.235159],[-0.0649993,0.250553,0.965918]],"s":1.00508,"t":[5.50562,36.588,-190.315],"timestamp":606635842310},false],[2,{"currentFrameRate":110.452,"devices":[],"gestures":[],"hands":[{"armBasis":[[-0.774529,-0.621334,-0.118529],[-0.604545,0.672011,0.427699],[0.186091,-0.402922,0.896116]],"armWidth":63.6845,"confidence":0.879859,"direction":[-0.353689,-0.0103594,-0.935306],"elbow":[26.6302,224.305,328.832],"grabStrength":0,"id":786,"palmNormal":[0.685784,-0.682872,-0.251768],"palmPosition":[-34.8681,335.091,33.5558],"palmVelocity":[-15.852,34.9921,118.768],"palmWidth":90.9393,"pinchStrength":1,"r":[[0.980954,-0.162048,0.107099],[0.183366,0.954456,-0.235353],[-0.0640824,0.250508,0.965991]],"s":1.00475,"sphereCenter":[-11.8486,320.048,0.850412],"sphereRadius":45.0162,"stabilizedPalmPosition":[-31.4778,327.944,12.6247],"t":[5.41013,36.88,-189.357],"timeVisible":13.9013,"type":"left","wrist":[-23.5865,333.034,87.0154]}],"id":4391102,"interactionBox":{"center":[0,200,0],"size":[235.247,235.247,147.751]},"pointables":[{"bases":[[[-0.938359,0.31482,0.142727],[0.343258,0.897306,0.277516],[0.0407021,-0.309402,0.95006]],[[-0.845927,0.423747,-0.323799],[0.489921,0.857339,-0.157946],[-0.210677,0.292247,0.932849]],[[-0.845927,0.423747,-0.323799],[0.500013,0.419058,-0.757877],[0.185457,0.803012,0.566372]],[[-0.845927,0.423747,-0.323799],[0.390245,0.0780317,-0.917399],[0.363478,0.902413,0.231374]]],"btipPosition":[-1.16212,283.459,9.16099],"carpPosition":[3.14898,346.511,80.4126],"dipPosition":[7.33984,304.567,14.573],"direction":[-0.185457,-0.803012,-0.566372],"extended":false,"handId":786,"id":7860,"length":52.0873,"mcpPosition":[3.14898,346.511,80.4126],"pipPosition":[13.6596,331.931,33.873],"stabilizedTipPosition":[3.18228,279.419,-7.85696],"timeVisible":13.9013,"tipPosition":[0.620358,288.147,10.5238],"tipVelocity":[-13.9673,42.2113,124.211],"tool":false,"touchDistance":0.0978959,"touchZone":"hovering","type":0,"width":20.2387},{"bases":[[[-0.686441,-0.721834,0.0880592],[-0.714075,0.691995,0.106016],[0.137462,-0.00989273,0.990458]],[[-0.67085,-0.719674,0.178967],[-0.689376,0.694136,0.20721],[0.273351,-0.0156313,0.961787]],[[-0.67085,-0.719674,0.178967],[-0.732893,0.680241,-0.011788],[0.113257,0.139072,0.983784]],[[-0.67085,-0.719674,0.178967],[-0.741206,0.642889,-0.193151],[-0.0239495,0.262227,0.964709]]],"btipPosition":[-43.3345,347.418,-77.029],"carpPosition":[-19.1628,353.857,77.3343],"dipPosition":[-43.7435,351.896,-60.5555],"direction":[-0.113257,-0.139072,-0.983784],"extended":true,"handId":786,"id":7861,"length":58.7747,"mcpPosition":[-29.2703,354.584,4.50734],"pipPosition":[-41.0075,355.255,-36.7903],"stabilizedTipPosition":[-37.511,342.805,-94.2306],"timeVisible":13.9013,"tipPosition":[-43.3896,348.917,-73.2651],"tipVelocity":[-24.6141,28.2602,120.258],"tool":false,"touchDistance":0.167351,"touchZone":"hovering","type":1,"width":19.332},{"bases":[[[-0.5297,-0.823856,0.201692],[-0.816655,0.559613,0.141097],[0.229113,0.0899738,0.969233]],[[-0.536359,-0.826191,0.172417],[-0.576691,0.209601,-0.789617],[-0.616236,0.522949,0.588878]],[[-0.536359,-0.826191,0.172417],[0.582352,-0.510148,-0.632942],[-0.610889,0.239077,-0.754756]],[[-0.536359,-0.826191,0.172417],[0.843806,-0.529197,0.0891175],[-0.0176143,-0.193285,-0.980984]]],"btipPosition":[2.58766,311.622,21.9264],"carpPosition":[-28.8154,346.252,78.0036],"dipPosition":[2.25683,307.991,3.50205],"direction":[0.610889,-0.239077,0.754756],"extended":false,"handId":786,"id":7862,"length":66.9691,"mcpPosition":[-44.7912,339.978,10.4198],"pipPosition":[-15.105,314.786,-17.9485],"stabilizedTipPosition":[7.11851,298.791,-3.55003],"timeVisible":13.9013,"tipPosition":[2.37284,310.858,17.6893],"tipVelocity":[-13.9615,39.0319,111.011],"tool":false,"touchDistance":0.333333,"touchZone":"none","type":2,"width":18.9866},{"bases":[[[-0.427131,-0.841462,0.33091],[-0.844693,0.501905,0.185971],[0.322573,0.200083,0.925156]],[[-0.41793,-0.835529,0.356688],[-0.72337,0.0685252,-0.687052],[-0.549609,0.545157,0.633035]],[[-0.41793,-0.835529,0.356688],[0.487071,-0.537499,-0.688372],[-0.766874,0.113959,-0.631599]],[[-0.41793,-0.835529,0.356688],[0.888084,-0.458468,-0.0333813],[-0.191421,-0.302818,-0.933627]]],"btipPosition":[-7.05544,302.246,28.5336],"carpPosition":[-36.21,336.616,79.8001],"dipPosition":[-10.63,296.591,11.0994],"direction":[0.766874,-0.113959,0.631599],"extended":false,"handId":786,"id":7863,"length":64.3926,"mcpPosition":[-56.4047,324.09,21.8806],"pipPosition":[-31.8621,299.746,-6.38735],"stabilizedTipPosition":[-4.87106,290.704,3.42484],"timeVisible":13.9013,"tipPosition":[-8.09348,300.898,24.1621],"tipVelocity":[-11.1313,41.2006,122.827],"tool":false,"touchDistance":0.333333,"touchZone":"none","type":3,"width":18.067},{"bases":[[[-0.241447,-0.883934,0.400456],[-0.869005,0.380609,0.316176],[0.431895,0.271658,0.86004]],[[-0.303652,-0.914735,0.266563],[-0.801399,0.0938896,-0.590715],[-0.51532,0.392996,0.761577]],[[-0.303652,-0.914735,0.266563],[0.422573,-0.380048,-0.822797],[-0.853948,0.137202,-0.501945]],[[-0.303652,-0.914735,0.266563],[0.904057,-0.364941,-0.222481],[-0.300791,-0.173431,-0.937788]]],"btipPosition":[-22.7587,293.538,32.2711],"carpPosition":[-37.8149,322.864,83.0593],"dipPosition":[-27.9405,290.55,16.1157],"direction":[0.853948,-0.137202,0.501945],"extended":false,"handId":786,"id":7864,"length":50.4826,"mcpPosition":[-62.8445,307.12,33.2175],"pipPosition":[-44.6334,293.232,6.30371],"stabilizedTipPosition":[-20.0499,282.996,8.72175],"timeVisible":13.9013,"tipPosition":[-23.9306,292.915,28.7679],"tipVelocity":[-11.2591,36.4318,116.32],"tool":false,"touchDistance":0.333333,"touchZone":"none","type":4,"width":16.0485}],"r":[[0.980954,-0.162048,0.107099],[0.183366,0.954456,-0.235353],[-0.0640824,0.250508,0.965991]],"s":1.00475,"t":[5.41013,36.88,-189.357],"timestamp":606635851428},false],[3,{"currentFrameRate":110.526,"devices":[],"gestures":[],"hands":[{"armBasis":[[-0.773654,-0.622334,-0.118992],[-0.605258,0.670341,0.429309],[0.187408,-0.404158,0.895285]],"armWidth":63.6845,"confidence":0.865091,"direction":[-0.354264,-0.0141662,-0.935038],"elbow":[26.9624,224.366,329.582],"grabStrength":0,"id":786,"palmNormal":[0.688287,-0.68083,-0.250461],"palmPosition":[-34.9346,335.302,34.5326],"palmVelocity":[-13.5646,31.9097,116.256],"palmWidth":90.9393,"pinchStrength":1,"r":[[0.981261,-0.160781,0.10619],[0.181948,0.954561,-0.236025],[-0.063416,0.250924,0.965927]],"s":1.00438,"sphereCenter":[-11.8965,320.174,1.8797],"sphereRadius":44.9918,"stabilizedPalmPosition":[-31.4792,327.947,12.6335],"t":[5.32914,37.1315,-188.39],"timeVisible":13.9102,"type":"left","wrist":[-23.6096,333.427,87.9898]}],"id":4391103,"interactionBox":{"center":[0,200,0],"size":[235.247,235.247,147.751]},"pointables":[{"bases":[[[-0.93949,0.311511,0.142542],[0.339923,0.899359,0.274964],[0.0425426,-0.306779,0.950829]],[[-0.847761,0.419601,-0.324401],[0.486468,0.858847,-0.160405],[-0.211304,0.293796,0.93222]],[[-0.847761,0.419601,-0.324401],[0.498035,0.419475,-0.758948],[0.182377,0.80497,0.564591]],[[-0.847761,0.419601,-0.324401],[0.388103,0.0739014,-0.918648],[0.361492,0.904695,0.225499]]],"btipPosition":[-1.05992,283.743,10.3121],"carpPosition":[3.06846,346.992,81.3342],"dipPosition":[7.39558,304.904,15.5866],"direction":[-0.182377,-0.80497,-0.564591],"extended":false,"handId":786,"id":7860,"length":52.0873,"mcpPosition":[3.06846,346.992,81.3342],"pipPosition":[13.6104,332.335,34.8259],"stabilizedTipPosition":[3.17842,279.435,-7.82435],"timeVisible":13.9102,"tipPosition":[0.723217,288.449,11.6221],"tipVelocity":[-7.36625,39.759,124.574],"tool":false,"touchDistance":0.116554,"touchZone":"hovering","type":0,"width":20.2387},{"bases":[[[-0.683549,-0.724287,0.0903871],[-0.716711,0.689465,0.104705],[0.138155,-0.00678972,0.990387]],[[-0.66782,-0.721804,0.181701],[-0.692192,0.692009,0.204924],[0.273654,-0.0110801,0.961765]],[[-0.66782,-0.721804,0.181701],[-0.735788,0.677052,-0.0147235],[0.112394,0.143526,0.983244]],[[-0.66782,-0.721804,0.181701],[-0.743878,0.63879,-0.196452],[-0.0257314,0.266358,0.963531]]],"btipPosition":[-43.4583,347.202,-76.0721],"carpPosition":[-19.274,354.243,78.2519],"dipPosition":[-43.8977,351.75,-59.6188],"direction":[-0.112394,-0.143526,-0.983244],"extended":true,"handId":786,"id":7861,"length":58.7747,"mcpPosition":[-29.4324,354.742,5.43009],"pipPosition":[-41.1826,355.218,-35.8666],"stabilizedTipPosition":[-37.5144,342.808,-94.2183],"timeVisible":13.9102,"tipPosition":[-43.5462,348.732,-72.3136],"tipVelocity":[-21.9049,14.4593,116.59],"tool":false,"touchDistance":0.183223,"touchZone":"hovering","type":1,"width":19.332},{"bases":[[[-0.526335,-0.825399,0.204178],[-0.818748,0.556774,0.140197],[0.2294,0.0933797,0.968843]],[[-0.533008,-0.827838,0.174892],[-0.578021,0.205312,-0.789771],[-0.617895,0.522046,0.587941]],[[-0.533008,-0.827838,0.174892],[0.583949,-0.509497,-0.631994],[-0.612295,0.23473,-0.754981]],[[-0.533008,-0.827838,0.174892],[0.84593,-0.525651,0.0899609],[-0.0174593,-0.195896,-0.980469]]],"btipPosition":[2.60377,311.95,22.9393],"carpPosition":[-28.8963,346.602,78.9473],"dipPosition":[2.27586,308.271,4.52456],"direction":[0.612295,-0.23473,0.754981],"extended":false,"handId":786,"id":7862,"length":66.9691,"mcpPosition":[-44.8921,340.091,11.3908],"pipPosition":[-15.1259,314.942,-16.9324],"stabilizedTipPosition":[7.11771,298.794,-3.54613],"timeVisible":13.9102,"tipPosition":[2.39052,311.174,18.7041],"tipVelocity":[-9.6452,38.0879,111.78],"tool":false,"touchDistance":0.333333,"touchZone":"none","type":2,"width":18.9866},{"bases":[[[-0.423611,-0.842268,0.333372],[-0.84653,0.499073,0.18524],[0.322399,0.20374,0.924418]],[[-0.414395,-0.836218,0.359189],[-0.723738,0.0634968,-0.687148],[-0.551798,0.544709,0.631515]],[[-0.414395,-0.836218,0.359189],[0.489126,-0.537461,-0.686944],[-0.767485,0.108977,-0.631737]],[[-0.414395,-0.836218,0.359189],[0.889898,-0.454994,-0.0325877],[-0.190679,-0.306138,-0.932696]]],"btipPosition":[-6.98561,302.562,29.6077],"carpPosition":[-36.2519,336.942,80.7737],"dipPosition":[-10.5463,296.846,12.1909],"direction":[0.767485,-0.108977,0.631737],"extended":false,"handId":786,"id":7863,"length":64.3926,"mcpPosition":[-56.4357,324.187,22.9004],"pipPosition":[-31.7953,299.863,-5.29968],"stabilizedTipPosition":[-4.87177,290.707,3.43014],"timeVisible":13.9102,"tipPosition":[-8.01947,301.197,25.2381],"tipVelocity":[-5.86786,39.2131,122.303],"tool":false,"touchDistance":0.333333,"touchZone":"none","type":3,"width":18.067},{"bases":[[[-0.237717,-0.883833,0.402903],[-0.87028,0.37802,0.315774],[0.431397,0.275574,0.859044]],[[-0.29989,-0.915224,0.269132],[-0.802153,0.0892213,-0.590416],[-0.51635,0.392945,0.760906]],[[-0.29989,-0.915224,0.269132],[0.423513,-0.380519,-0.822096],[-0.854812,0.132557,-0.501722]],[[-0.29989,-0.915224,0.269132],[0.905332,-0.361973,-0.222146],[-0.300731,-0.177035,-0.937134]]],"btipPosition":[-22.6633,293.793,33.3472],"carpPosition":[-37.8007,323.191,84.0695],"dipPosition":[-27.8441,290.744,17.2031],"direction":[0.854812,-0.132557,0.501722],"extended":false,"handId":786,"id":7864,"length":50.4826,"mcpPosition":[-62.8014,307.221,34.2855],"pipPosition":[-44.5539,293.335,7.39543],"stabilizedTipPosition":[-20.0507,282.999,8.72626],"timeVisible":13.9102,"tipPosition":[-23.8352,293.157,29.8462],"tipVelocity":[-5.27042,33.8814,117.587],"tool":false,"touchDistance":0.333333,"touchZone":"none","type":4,"width":16.0485}],"r":[[0.981261,-0.160781,0.10619],[0.181948,0.954561,-0.236025],[-0.063416,0.250924,0.965927]],"s":1.00438,"t":[5.32914,37.1315,-188.39],"timestamp":606635860345},false],[4,{"currentFrameRate":110.529,"devices":[],"gestures":[],"hands":[{"armBasis":[[-0.771878,-0.62471,-0.118078],[-0.606759,0.668375,0.430253],[0.189863,-0.403748,0.894952]],"armWidth":63.6845,"confidence":0.867404,"direction":[-0.355377,-0.0170279,-0.934568],"elbow":[27.5436,225.122,331.169],"grabStrength":0,"id":786,"palmNormal":[0.690727,-0.678417,-0.250294],"palmPosition":[-35.0904,335.821,36.2209],"palmVelocity":[-14.5755,38.9104,135.678],"palmWidth":90.9393,"pinchStrength":1,"r":[[0.981661,-0.15894,0.105263],[0.17998,0.954718,-0.236899],[-0.0628437,0.251499,0.965815]],"s":1.00393,"sphereCenter":[-12.0516,320.63,3.59288],"sphereRadius":44.9627,"stabilizedPalmPosition":[-31.4804,327.949,12.6413],"t":[5.21075,37.5164,-187.063],"timeVisible":13.9192,"type":"left","wrist":[-23.6908,334.073,89.6665]}],"id":4391104,"interactionBox":{"center":[0,200,0],"size":[235.247,235.247,147.751]},"pointables":[{"bases":[[[-0.940566,0.307919,0.143253],[0.33662,0.901148,0.273167],[0.0449789,-0.305153,0.95124]],[[-0.849846,0.415672,-0.324003],[0.482594,0.860838,-0.161433],[-0.211811,0.293555,0.932181]],[[-0.849846,0.415672,-0.324003],[0.495627,0.421297,-0.759515],[0.179208,0.806055,0.564056]],[[-0.849846,0.415672,-0.324003],[0.386103,0.0725977,-0.919595],[0.358728,0.906613,0.222189]]],"btipPosition":[-1.00678,284.416,12.0321],"carpPosition":[2.92365,347.735,82.9567],"dipPosition":[7.38407,305.622,17.2292],"direction":[-0.179208,-0.806055,-0.564056],"extended":false,"handId":786,"id":7860,"length":52.0873,"mcpPosition":[2.92365,347.735,82.9567],"pipPosition":[13.4909,333.09,36.4504],"stabilizedTipPosition":[3.17532,279.448,-7.79542],"timeVisible":13.9192,"tipPosition":[0.755073,289.117,13.3262],"tipVelocity":[-4.16887,49.649,142.13],"tool":false,"touchDistance":0.144924,"touchZone":"hovering","type":0,"width":20.2387},{"bases":[[[-0.680493,-0.726912,0.0923502],[-0.719368,0.686715,0.104561],[0.139425,-0.00471895,0.990221]],[[-0.664577,-0.7242,0.184041],[-0.695018,0.68955,0.203645],[0.274385,-0.00742588,0.961591]],[[-0.664577,-0.7242,0.184041],[-0.738789,0.67373,-0.0166654],[0.111925,0.147043,0.982777]],[[-0.664577,-0.7242,0.184041],[-0.746726,0.634729,-0.198797],[-0.0271527,0.269544,0.962605]]],"btipPosition":[-43.7253,347.402,-74.3858],"carpPosition":[-19.4519,354.891,79.8915],"dipPosition":[-44.189,352.004,-57.9482],"direction":[-0.111925,-0.147043,-0.982777],"extended":true,"handId":786,"id":7861,"length":58.7747,"mcpPosition":[-29.7036,355.238,7.08191],"pipPosition":[-41.4852,355.557,-34.2073],"stabilizedTipPosition":[-37.5171,342.811,-94.2084],"timeVisible":13.9192,"tipPosition":[-43.8476,348.96,-70.6306],"tipVelocity":[-24.1761,16.9403,135.751],"tool":false,"touchDistance":0.211268,"touchZone":"hovering","type":1,"width":19.332},{"bases":[[[-0.522728,-0.827212,0.206097],[-0.820821,0.553665,0.140383],[0.230235,0.0957863,0.968409]],[[-0.529434,-0.829725,0.176797],[-0.579842,0.201796,-0.789342],[-0.61926,0.520419,0.587947]],[[-0.529434,-0.829725,0.176797],[0.58523,-0.508081,-0.631949],[-0.614171,0.231109,-0.754575]],[[-0.529434,-0.829725,0.176797],[0.848163,-0.52208,0.0897314],[-0.0178496,-0.197459,-0.980149]]],"btipPosition":[2.52599,312.603,24.615],"carpPosition":[-29.0422,347.212,80.6107],"dipPosition":[2.19075,308.895,6.20629],"direction":[0.614171,-0.231109,0.754575],"extended":false,"handId":786,"id":7862,"length":66.9691,"mcpPosition":[-45.0963,340.533,13.0843],"pipPosition":[-15.2643,315.463,-15.2391],"stabilizedTipPosition":[7.11695,298.796,-3.54225],"timeVisible":13.9192,"tipPosition":[2.31221,311.819,20.3815],"tipVelocity":[-9.40895,47.2937,132.096],"tool":false,"touchDistance":0.333333,"touchZone":"none","type":2,"width":18.9866},{"bases":[[[-0.419775,-0.843468,0.335187],[-0.848312,0.495921,0.185548],[0.32273,0.206455,0.9237]],[[-0.410549,-0.837339,0.360989],[-0.724855,0.0595125,-0.686326],[-0.553204,0.543435,0.631382]],[[-0.410549,-0.837339,0.360989],[0.490434,-0.536525,-0.686743],[-0.768716,0.1049,-0.630929]],[[-0.410549,-0.837339,0.360989],[0.891693,-0.451434,-0.0330204],[-0.190612,-0.308335,-0.931985]]],"btipPosition":[-7.01512,303.187,31.3103],"carpPosition":[-36.3563,337.525,82.4611],"dipPosition":[-10.5745,297.429,13.9068],"direction":[0.768716,-0.1049,0.630929],"extended":false,"handId":786,"id":7863,"length":64.3926,"mcpPosition":[-56.5608,324.6,24.6327],"pipPosition":[-31.8576,300.333,-3.56146],"stabilizedTipPosition":[-4.87239,290.709,3.43516],"timeVisible":13.9192,"tipPosition":[-8.04859,301.81,26.9447],"tipVelocity":[-5.14104,47.1467,140.589],"tool":false,"touchDistance":0.333333,"touchZone":"none","type":3,"width":18.067},{"bases":[[[-0.233627,-0.884173,0.404546],[-0.871408,0.374972,0.316296],[0.431354,0.278629,0.858079]],[[-0.29584,-0.916019,0.270901],[-0.803249,0.0850707,-0.589537],[-0.516982,0.392009,0.760959]],[[-0.29584,-0.916019,0.270901],[0.424018,-0.380053,-0.822052],[-0.855972,0.128329,-0.500843]],[[-0.29584,-0.916019,0.270901],[0.906512,-0.358641,-0.222738],[-0.301189,-0.17968,-0.936483]]],"btipPosition":[-22.6525,294.36,35.083],"carpPosition":[-37.8453,323.774,85.7797],"dipPosition":[-27.8411,291.264,18.9501],"direction":[0.855972,-0.128329,0.500843],"extended":false,"handId":786,"id":7864,"length":50.4826,"mcpPosition":[-62.8435,307.626,36.0516],"pipPosition":[-44.5736,293.773,9.15964],"stabilizedTipPosition":[-20.0514,283.001,8.73037],"timeVisible":13.9192,"tipPosition":[-23.8262,293.713,31.5842],"tipVelocity":[-3.54222,41.4907,138.171],"tool":false,"touchDistance":0.333333,"touchZone":"none","type":4,"width":16.0485}],"r":[[0.981661,-0.15894,0.105263],[0.17998,0.954718,-0.236899],[-0.0628437,0.251499,0.965815]],"s":1.00393,"t":[5.21075,37.5164,-187.063],"timestamp":606635869387},false],[5,{"currentFrameRate":110.536,"devices":[],"gestures":[],"hands":[{"armBasis":[[-0.773578,-0.622983,-0.116054],[-0.603973,0.669385,0.432598],[0.191816,-0.404742,0.894086]],"armWidth":63.6845,"confidence":0.870983,"direction":[-0.357225,-0.0136986,-0.933918],"elbow":[28.0442,225.073,332.275],"grabStrength":0,"id":786,"palmNormal":[0.68804,-0.680066,-0.253202],"palmPosition":[-35.2139,336.202,37.5866],"palmVelocity":[-14.3262,39.8183,139.943],"palmWidth":90.9393,"pinchStrength":1,"r":[[0.981915,-0.158152,0.104068],[0.178932,0.954835,-0.237221],[-0.0618504,0.251552,0.965865]],"s":1.00344,"sphereCenter":[-12.3054,320.918,4.90777],"sphereRadius":44.935,"stabilizedPalmPosition":[-31.4815,327.952,12.6482],"t":[5.08979,37.8995,-185.716],"timeVisible":13.9283,"type":"left","wrist":[-23.7174,334.293,91.0059]}],"id":4391105,"interactionBox":{"center":[0,200,0],"size":[235.247,235.247,147.751]},"pointables":[{"bases":[[[-0.939285,0.310629,0.145782],[0.340065,0.899414,0.274611],[0.0458164,-0.307514,0.95044]],[[-0.84923,0.419141,-0.321137],[0.484705,0.860058,-0.159251],[-0.209448,0.290897,0.933547]],[[-0.84923,0.419141,-0.321137],[0.495774,0.423653,-0.758107],[0.181703,0.803019,0.567578]],[[-0.84923,0.419141,-0.321137],[0.383389,0.0712707,-0.920833],[0.363071,0.90512,0.221219]]],"btipPosition":[-1.30665,284.836,13.1865],"carpPosition":[2.9283,347.885,84.2766],"dipPosition":[7.18578,306.008,18.3609],"direction":[-0.181703,-0.803019,-0.567578],"extended":false,"handId":786,"id":7860,"length":52.0873,"mcpPosition":[2.9283,347.885,84.2766],"pipPosition":[13.3776,333.372,37.7021],"stabilizedTipPosition":[3.17247,279.46,-7.77042],"timeVisible":13.9283,"tipPosition":[0.470356,289.504,14.4862],"tipVelocity":[-11.4515,48.539,138.014],"tool":false,"touchDistance":0.164077,"touchZone":"hovering","type":0,"width":20.2387},{"bases":[[[-0.682668,-0.724917,0.0919726],[-0.716934,0.688796,0.107544],[0.141311,-0.00747838,0.989937]],[[-0.666491,-0.722448,0.184007],[-0.692634,0.691358,0.205624],[0.275768,-0.00959688,0.961176]],[[-0.666491,-0.722448,0.184007],[-0.73683,0.675909,-0.0151128],[0.113454,0.145655,0.982809]],[[-0.666491,-0.722448,0.184007],[-0.745076,0.637038,-0.197597],[-0.0255336,0.268796,0.962859]]],"btipPosition":[-43.9659,347.973,-72.9724],"carpPosition":[-19.4297,355.119,81.2712],"dipPosition":[-44.4019,352.563,-56.5306],"direction":[-0.113454,-0.145655,-0.982809],"extended":true,"handId":786,"id":7861,"length":58.7747,"mcpPosition":[-29.8201,355.669,8.48249],"pipPosition":[-41.6612,356.081,-32.7889],"stabilizedTipPosition":[-37.5192,342.813,-94.2001],"timeVisible":13.9283,"tipPosition":[-44.0998,349.539,-69.2142],"tipVelocity":[-24.6565,29.5995,141.477],"tool":false,"touchDistance":0.234839,"touchZone":"hovering","type":1,"width":19.332},{"bases":[[[-0.525011,-0.825993,0.205181],[-0.81875,0.555992,0.143252],[0.232404,0.0927828,0.968184]],[[-0.531791,-0.828418,0.175847],[-0.580711,0.205569,-0.787729],[-0.61642,0.521023,0.590391]],[[-0.531791,-0.828418,0.175847],[0.582301,-0.508452,-0.634352],[-0.614918,0.234947,-0.752778]],[[-0.531791,-0.828418,0.175847],[0.846628,-0.525067,0.0867458],[-0.0204696,-0.195007,-0.980588]]],"btipPosition":[2.30704,312.887,25.8505],"carpPosition":[-29.0435,347.471,81.991],"dipPosition":[1.92259,309.224,7.43357],"direction":[0.614918,-0.234947,0.752778],"extended":false,"handId":786,"id":7862,"length":66.9691,"mcpPosition":[-45.2489,341.001,14.4804],"pipPosition":[-15.5537,315.901,-13.9608],"stabilizedTipPosition":[7.11625,298.798,-3.53863],"timeVisible":13.9283,"tipPosition":[2.08275,312.114,21.6171],"tipVelocity":[-13.838,43.2287,133.32],"tool":false,"touchDistance":0.333333,"touchZone":"none","type":2,"width":18.9866},{"bases":[[[-0.421864,-0.842883,0.334034],[-0.846342,0.498232,0.188336],[0.325172,0.203255,0.923553]],[[-0.412549,-0.836832,0.359882],[-0.725925,0.0633517,-0.68485],[-0.550305,0.543782,0.633613]],[[-0.412549,-0.836832,0.359882],[0.487457,-0.536549,-0.68884],[-0.769538,0.108753,-0.629273]],[[-0.412549,-0.836832,0.359882],[0.890179,-0.454209,-0.0357168],[-0.193351,-0.305625,-0.932314]]],"btipPosition":[-7.25271,303.492,32.5521],"carpPosition":[-36.3854,337.803,83.833],"dipPosition":[-10.8633,297.785,15.1424],"direction":[0.769538,-0.108753,0.629273],"extended":false,"handId":786,"id":7863,"length":64.3926,"mcpPosition":[-56.7428,325.078,26.0138],"pipPosition":[-32.1691,300.796,-2.27999],"stabilizedTipPosition":[-4.87297,290.711,3.4397],"timeVisible":13.9283,"tipPosition":[-8.29694,302.128,28.1872],"tipVelocity":[-11.3279,43.8181,139.678],"tool":false,"touchDistance":0.333333,"touchZone":"none","type":3,"width":18.067},{"bases":[[[-0.235715,-0.884352,0.402939],[-0.869578,0.377054,0.318847],[0.433903,0.27523,0.857891]],[[-0.298288,-0.915685,0.269341],[-0.804101,0.0890465,-0.587786],[-0.514243,0.391907,0.762865]],[[-0.298288,-0.915685,0.269341],[0.421201,-0.379507,-0.82375],[-0.856513,0.132268,-0.49889]],[[-0.298288,-0.915685,0.269341],[0.904914,-0.361055,-0.225321],[-0.30357,-0.17652,-0.936315]]],"btipPosition":[-22.9128,294.704,36.3283],"carpPosition":[-37.9126,324.049,87.1225],"dipPosition":[-28.1424,291.663,20.1982],"direction":[0.856513,-0.132268,0.49889],"extended":false,"handId":786,"id":7864,"length":50.4826,"mcpPosition":[-63.0586,308.098,37.4052],"pipPosition":[-44.8854,294.248,10.446],"stabilizedTipPosition":[-20.052,283.002,8.73404],"timeVisible":13.9283,"tipPosition":[-24.0952,294.069,32.83],"tipVelocity":[-10.7896,40.9314,138.096],"tool":false,"touchDistance":0.333333,"touchZone":"none","type":4,"width":16.0485}],"r":[[0.981915,-0.158152,0.104068],[0.178932,0.954835,-0.237221],[-0.0618504,0.251552,0.965865]],"s":1.00344,"t":[5.08979,37.8995,-185.716],"timestamp":606635878422},false],[6,{"currentFrameRate":110.53,"devices":[],"gestures":[],"hands":[{"armBasis":[[-0.772723,-0.623955,-0.116535],[-0.604487,0.667374,0.43498],[0.193636,-0.406563,0.892867]],"armWidth":63.6845,"confidence":0.880546,"direction":[-0.358659,-0.0125669,-0.933384],"elbow":[28.4585,224.924,332.991],"grabStrength":0,"id":786,"palmNormal":[0.688935,-0.678262,-0.255596],"palmPosition":[-35.3776,336.626,38.6534],"palmVelocity":[-15.3613,41.7484,133.823],"palmWidth":90.9393,"pinchStrength":1,"r":[[0.98221,-0.157188,0.102743],[0.177656,0.955088,-0.237163],[-0.0608497,0.251197,0.966022]],"s":1.00297,"sphereCenter":[-12.4999,321.379,5.93071],"sphereRadius":44.9161,"stabilizedPalmPosition":[-31.4824,327.954,12.6543],"t":[4.94745,38.303,-184.509],"timeVisible":13.9373,"type":"left","wrist":[-23.794,334.635,92.0509]}],"id":4391106,"interactionBox":{"center":[0,200,0],"size":[235.247,235.247,147.751]},"pointables":[{"bases":[[[-0.939645,0.308557,0.147851],[0.338784,0.899525,0.275827],[0.0478871,-0.309269,0.949768]],[[-0.850591,0.418125,-0.318851],[0.482708,0.861387,-0.15813],[-0.208536,0.288416,0.934521]],[[-0.850591,0.418125,-0.318851],[0.493764,0.426619,-0.757755],[0.180809,0.801977,0.569333]],[[-0.850591,0.418125,-0.318851],[0.381205,0.0726732,-0.92163],[0.362185,0.905478,0.221206]]],"btipPosition":[-1.41397,285.393,14.1083],"carpPosition":[2.81526,348.291,85.3064],"dipPosition":[7.05774,306.573,19.2824],"direction":[-0.180809,-0.801977,-0.569333],"extended":false,"handId":786,"id":7860,"length":52.0873,"mcpPosition":[2.81526,348.291,85.3064],"pipPosition":[13.2191,333.902,38.6834],"stabilizedTipPosition":[3.16985,279.47,-7.74755],"timeVisible":13.9373,"tipPosition":[0.363017,290.058,15.4051],"tipVelocity":[-11.7061,52.1709,128.004],"tool":false,"touchDistance":0.179439,"touchZone":"hovering","type":0,"width":20.2387},{"bases":[[[-0.681145,-0.726392,0.0916289],[-0.718073,0.687219,0.11],[0.142872,-0.00912975,0.989699]],[[-0.664765,-0.724053,0.183941],[-0.693855,0.68967,0.207173],[0.276863,-0.0100928,0.960857]],[[-0.664765,-0.724053,0.183941],[-0.738307,0.674322,-0.0138941],[0.113975,0.145041,0.982839]],[[-0.664765,-0.724053,0.183941],[-0.746618,0.635525,-0.196646],[-0.0254831,0.268057,0.963066]]],"btipPosition":[-44.2726,348.512,-71.8667],"carpPosition":[-19.5612,355.489,82.35],"dipPosition":[-44.7077,353.09,-55.4213],"direction":[-0.113975,-0.145041,-0.982839],"extended":true,"handId":786,"id":7861,"length":58.7747,"mcpPosition":[-30.0664,356.16,9.57882],"pipPosition":[-41.9544,356.593,-31.6789],"stabilizedTipPosition":[-37.5212,342.815,-94.1925],"timeVisible":13.9373,"tipPosition":[-44.4242,350.083,-68.1054],"tipVelocity":[-27.1915,37.7795,136.146],"tool":false,"touchDistance":0.253283,"touchZone":"hovering","type":1,"width":19.332},{"bases":[[[-0.523119,-0.827387,0.204395],[-0.81958,0.554153,0.145609],[0.233741,0.0913467,0.967998]],[[-0.529946,-0.829771,0.175036],[-0.582304,0.206002,-0.786438],[-0.616505,0.518694,0.592349]],[[-0.529946,-0.829771,0.175036],[0.582291,-0.506101,-0.636239],[-0.616518,0.23525,-0.751374]],[[-0.529946,-0.829771,0.175036],[0.847756,-0.523627,0.0844087],[-0.0216138,-0.19312,-0.980937]]],"btipPosition":[2.16914,313.404,26.8147],"carpPosition":[-29.1593,347.82,83.07],"dipPosition":[1.7632,309.777,8.39119],"direction":[0.616518,-0.23525,0.751374],"extended":false,"handId":786,"id":7862,"length":66.9691,"mcpPosition":[-45.4578,341.451,15.5723],"pipPosition":[-15.7586,316.463,-12.9633],"stabilizedTipPosition":[7.11555,298.799,-3.535],"timeVisible":13.9373,"tipPosition":[1.94041,312.639,22.5796],"tipVelocity":[-14.3714,47.3252,125.855],"tool":false,"touchDistance":0.333333,"touchZone":"none","type":2,"width":18.9866},{"bases":[[[-0.419738,-0.844331,0.333054],[-0.846992,0.496254,0.190624],[0.326229,0.202081,0.923438]],[[-0.410363,-0.838291,0.358986],[-0.726966,0.0630501,-0.683773],[-0.550566,0.541566,0.635282]],[[-0.410363,-0.838291,0.358986],[0.487605,-0.534362,-0.690434],[-0.770613,0.108285,-0.628037]],[[-0.410363,-0.838291,0.358986],[0.89102,-0.452384,-0.0378523],[-0.194131,-0.304331,-0.932575]]],"btipPosition":[-7.35732,303.985,33.527],"carpPosition":[-36.4799,338.135,84.9046],"dipPosition":[-10.9824,298.302,16.1125],"direction":[0.770613,-0.108285,0.628037],"extended":false,"handId":786,"id":7863,"length":64.3926,"mcpPosition":[-56.9035,325.484,27.0927],"pipPosition":[-32.3181,301.3,-1.27568],"stabilizedTipPosition":[-4.87352,290.713,3.44403],"timeVisible":13.9373,"tipPosition":[-8.40349,302.626,29.1619],"tipVelocity":[-11.4911,46.9255,130.798],"tool":false,"touchDistance":0.333333,"touchZone":"none","type":3,"width":18.067},{"bases":[[[-0.233404,-0.885579,0.401587],[-0.869794,0.374779,0.320935],[0.43472,0.274391,0.857746]],[[-0.296125,-0.916772,0.268026],[-0.805188,0.0886565,-0.586355],[-0.513792,0.389446,0.764427]],[[-0.296125,-0.916772,0.268026],[0.420631,-0.377105,-0.825143],[-0.857543,0.131606,-0.497293]],[[-0.296125,-0.916772,0.268026],[0.905245,-0.358895,-0.227435],[-0.3047,-0.17528,-0.936181]]],"btipPosition":[-22.9996,295.154,37.2952],"carpPosition":[-37.9758,324.371,88.1698],"dipPosition":[-28.2487,292.134,21.1675],"direction":[0.857543,-0.131606,0.497293],"extended":false,"handId":786,"id":7864,"length":50.4826,"mcpPosition":[-63.1691,308.47,38.4609],"pipPosition":[-45.0119,294.707,11.4464],"stabilizedTipPosition":[-20.0526,283.004,8.73746],"timeVisible":13.9373,"tipPosition":[-24.1864,294.524,33.7973],"tipVelocity":[-10.5947,43.496,129.458],"tool":false,"touchDistance":0.333333,"touchZone":"none","type":4,"width":16.0485}],"r":[[0.98221,-0.157188,0.102743],[0.177656,0.955088,-0.237163],[-0.0608497,0.251197,0.966022]],"s":1.00297,"t":[4