{"sensorType":"Leap","data":[[0,{"currentFrameRate":104.677,"devices":[],"gestures":[],"hands":[{"armBasis":[[-0.887906,-0.372467,0.269985],[-0.110116,0.741914,0.661392],[0.446652,-0.557524,0.699764]],"armWidth":63.7182,"confidence":0.764651,"direction":[-0.543217,0.394358,-0.741213],"elbow":[111.691,149.931,281.729],"grabStrength":0.0537263,"id":792,"palmNormal":[0.186773,-0.803944,-0.564615],"palmPosition":[-31.1887,321.673,47.5669],"palmVelocity":[11.6331,9.17211,-108.68],"palmWidth":90.9874,"pinchStrength":0.86699,"r":[[0.878731,-0.477033,0.0164686],[0.458222,0.833413,-0.308959],[0.133659,0.279038,0.950933]],"s":1.16476,"sphereCenter":[-8.01201,303.192,-5.20003],"sphereRadius":57.647,"stabilizedPalmPosition":[-26.1065,278.777,267.582],"t":[-26.8299,77.4237,-197.161],"timeVisible":2.36797,"type":"left","wrist":[-8.90205,300.458,92.7978]}],"id":4400387,"interactionBox":{"center":[0,200,0],"size":[235.247,235.247,147.751]},"pointables":[{"bases":[[[-0.602438,0.616895,0.506467],[0.787238,0.563883,0.249584],[0.131621,-0.549069,0.825348]],[[-0.602712,0.789169,0.118111],[0.763906,0.613414,-0.200427],[0.230622,0.0305737,0.972563]],[[-0.602712,0.789169,0.118111],[0.540274,0.512511,-0.66741],[0.587233,0.338444,0.735264]],[[-0.602712,0.789169,0.118111],[0.527138,0.504891,-0.683528],[0.599053,0.34971,0.720305]]],"btipPosition":[-27.2443,281.867,-11.5858],"carpPosition":[18.3086,303.117,78.8866],"dipPosition":[-13.2247,290.051,5.27141],"direction":[-0.587233,-0.338444,-0.735264],"extended":false,"handId":792,"id":7920,"length":52.1149,"mcpPosition":[18.3086,303.117,78.8866],"pipPosition":[6.79684,301.591,30.34],"stabilizedTipPosition":[-45.8626,254.151,221.894],"timeVisible":2.36797,"tipPosition":[-24.0416,283.674,-6.92433],"tipVelocity":[6.61541,-5.49013,-102.692],"tool":false,"touchDistance":-0.44173,"touchZone":"hovering","type":0,"width":20.2494},{"bases":[[[-0.898141,-0.372615,0.233455],[-0.243757,0.863805,0.440935],[0.365959,-0.339115,0.866646]],[[-0.84956,-0.409478,0.33253],[-0.445897,0.894279,-0.0379751],[0.281824,0.180536,0.942328]],[[-0.84956,-0.409478,0.33253],[-0.457963,0.885387,-0.0797515],[0.261761,0.22004,0.939715]],[[-0.84956,-0.409478,0.33253],[-0.465489,0.878507,-0.107451],[0.248131,0.246075,0.936952]]],"btipPosition":[-47.3538,327.135,-58.0376],"carpPosition":[2.24241,319.466,84.9234],"dipPosition":[-43.1145,331.339,-42.0297],"direction":[-0.261761,-0.22004,-0.939715],"extended":true,"handId":792,"id":7921,"length":58.8059,"mcpPosition":[-24.6803,344.413,21.1665],"pipPosition":[-36.7878,336.657,-19.3171],"stabilizedTipPosition":[-42.9306,278.024,174.292],"timeVisible":2.36797,"tipPosition":[-45.4972,327.617,-54.3848],"tipVelocity":[-5.36852,-19.373,-108.07],"tool":false,"touchDistance":-0.449572,"touchZone":"hovering","type":1,"width":19.3423},{"bases":[[[-0.785639,-0.556766,0.269784],[-0.383995,0.78072,0.492975],[0.485098,-0.283705,0.827159]],[[-0.872089,-0.48206,0.0841334],[-0.475744,0.875478,0.0848823],[0.114575,-0.0339989,0.992833]],[[-0.872089,-0.48206,0.0841334],[-0.480681,0.876102,0.0372852],[0.0916832,0.00792534,0.995757]],[[-0.872089,-0.48206,0.0841334],[-0.483442,0.875365,0.00444749],[0.0757914,0.036795,0.996445]]],"btipPosition":[-52.7249,337.112,-64.5937],"carpPosition":[-9.32789,316.597,88.0071],"dipPosition":[-51.3007,337.803,-45.869],"direction":[-0.0916832,-0.00792534,-0.995757],"extended":true,"handId":792,"id":7922,"length":67.0045,"mcpPosition":[-43.1712,336.39,30.2995],"pipPosition":[-48.6936,338.029,-17.5541],"stabilizedTipPosition":[-46.165,270.499,167.866],"timeVisible":2.36797,"tipPosition":[-51.7573,336.249,-60.2572],"tipVelocity":[-9.11264,-20.2639,-109.652],"tool":false,"touchDistance":-0.45188,"touchZone":"hovering","type":2,"width":18.9967},{"bases":[[[-0.674492,-0.649706,0.350631],[-0.423484,0.729504,0.537107],[0.604749,-0.213788,0.767185]],[[-0.587696,-0.672436,0.449937],[-0.8059,0.437251,-0.39917],[-0.0716809,0.597195,0.798887]],[[-0.587696,-0.672436,0.449937],[-0.782413,0.330738,-0.527676],[-0.206017,0.66215,0.720496]],[[-0.587696,-0.672436,0.449937],[-0.761741,0.272427,-0.587821],[-0.272697,0.688196,0.672326]]],"btipPosition":[-43.5516,266.236,-25.1977],"carpPosition":[-19.6756,310.727,91.0703],"dipPosition":[-48.6465,279.094,-12.6363],"direction":[0.206017,-0.66215,-0.720496],"extended":false,"handId":792,"id":7923,"length":64.4267,"mcpPosition":[-57.556,324.118,43.0152],"pipPosition":[-54.3534,297.436,7.32228],"stabilizedTipPosition":[-27.6758,245.025,195.378],"timeVisible":2.36797,"tipPosition":[-43.5388,268.881,-21.4269],"tipVelocity":[-21.3166,-2.59622,-107.906],"tool":false,"touchDistance":-0.462574,"touchZone":"touching","type":3,"width":18.0765},{"bases":[[[-0.52066,-0.781627,0.34347],[-0.468134,0.597798,0.65076],[0.713977,-0.178034,0.677156]],[[-0.423667,-0.798116,0.42839],[-0.899954,0.317151,-0.299161],[-0.102901,0.512276,0.852634]],[[-0.423667,-0.798116,0.42839],[-0.868984,0.224621,-0.440922],[-0.255681,0.559068,0.788714]],[[-0.423667,-0.798116,0.42839],[-0.843595,0.175392,-0.507528],[-0.32993,0.57641,0.747594]]],"btipPosition":[-53.809,269.846,-4.82441],"carpPosition":[-26.7359,298.505,92.8988],"dipPosition":[-59.4958,279.781,8.06136],"direction":[0.255681,-0.559068,-0.788714],"extended":false,"handId":792,"id":7924,"length":50.5093,"mcpPosition":[-68.1349,308.829,53.6348],"pipPosition":[-64.4965,290.715,23.4872],"stabilizedTipPosition":[-38.5124,243.876,211.101],"timeVisible":2.36797,"tipPosition":[-53.8876,272.032,-1.16043],"tipVelocity":[-21.2268,-3.17563,-103.082],"tool":false,"touchDistance":-0.451536,"touchZone":"touching","type":4,"width":16.057}],"r":[[0.878731,-0.477033,0.0164686],[0.458222,0.833413,-0.308959],[0.133659,0.279038,0.950933]],"s":1.16476,"t":[-26.8299,77.4237,-197.161],"timestamp":606722250152},false],[1,{"currentFrameRate":104.94,"devices":[],"gestures":[],"hands":[{"armBasis":[[-0.887272,-0.374821,0.26881],[-0.113378,0.742139,0.660587],[0.447096,-0.555643,0.700975]],"armWidth":63.7182,"confidence":0.766249,"direction":[-0.544908,0.391939,-0.741255],"elbow":[111.732,150.412,280.832],"grabStrength":0.0540642,"id":792,"palmNormal":[0.189826,-0.803415,-0.56435],"palmPosition":[-31.3596,321.542,46.3393],"palmVelocity":[3.21617,2.63002,-116.154],"palmWidth":90.9874,"pinchStrength":0.867155,"r":[[0.879348,-0.47589,0.0166226],[0.456932,0.833463,-0.310728],[0.134018,0.280834,0.950353]],"s":1.16447,"sphereCenter":[-8.07195,303.158,-6.44633],"sphereRadius":57.6813,"stabilizedPalmPosition":[-26.1065,278.777,267.582],"t":[-26.875,77.396,-198.25],"timeVisible":2.37701,"type":"left","wrist":[-8.98091,300.432,91.5738]}],"id":4400388,"interactionBox":{"center":[0,200,0],"size":[235.247,235.247,147.751]},"pointables":[{"bases":[[[-0.604763,0.61471,0.506353],[0.785062,0.567069,0.249219],[0.13394,-0.548237,0.825528]],[[-0.605772,0.786868,0.117806],[0.761396,0.616282,-0.201179],[0.230904,0.0321716,0.972445]],[[-0.605772,0.786868,0.117806],[0.537944,0.514152,-0.66803],[0.586222,0.341301,0.73475]],[[-0.605772,0.786868,0.117806],[0.526334,0.507353,-0.682323],[0.596668,0.351327,0.721496]]],"btipPosition":[-27.2603,281.727,-12.8206],"carpPosition":[18.2164,303.192,77.6563],"dipPosition":[-13.2965,289.949,4.06454],"direction":[-0.586222,-0.341301,-0.73475],"extended":false,"handId":792,"id":7920,"length":52.1149,"mcpPosition":[18.2164,303.192,77.6563],"pipPosition":[6.69055,301.586,29.1156],"stabilizedTipPosition":[-45.8625,254.151,221.893],"timeVisible":2.37701,"tipPosition":[-24.0705,283.547,-8.16061],"tipVelocity":[3.91285,-7.98111,-111.838],"tool":false,"touchDistance":-0.444316,"touchZone":"hovering","type":0,"width":20.2494},{"bases":[[[-0.896623,-0.376057,0.23377],[-0.247068,0.863005,0.440659],[0.367458,-0.337347,0.866702]],[[-0.847821,-0.412728,0.332949],[-0.44946,0.892484,-0.0381696],[0.281398,0.182008,0.942172]],[[-0.847821,-0.412728,0.332949],[-0.461497,0.883535,-0.0799151],[0.261189,0.221409,0.939552]],[[-0.847821,-0.412728,0.332949],[-0.469001,0.876619,-0.107595],[0.247462,0.247375,0.936786]]],"btipPosition":[-47.5758,326.9,-59.2616],"carpPosition":[2.08716,319.479,83.6901],"dipPosition":[-43.3479,331.127,-43.2565],"direction":[-0.261189,-0.221409,-0.939552],"extended":true,"handId":792,"id":7921,"length":58.8059,"mcpPosition":[-24.9458,344.297,19.9291],"pipPosition":[-37.035,336.478,-20.5478],"stabilizedTipPosition":[-42.9306,278.024,174.291],"timeVisible":2.37701,"tipPosition":[-45.7285,327.397,-55.61],"tipVelocity":[-10.7371,-21.0332,-115.62],"tool":false,"touchDistance":-0.451317,"touchZone":"hovering","type":1,"width":19.3423},{"bases":[[[-0.78339,-0.559751,0.270146],[-0.386968,0.779388,0.492758],[0.48637,-0.281484,0.827171]],[[-0.870172,-0.485453,0.0844773],[-0.479189,0.87364,0.0844454],[0.114797,-0.0330014,0.992841]],[[-0.870172,-0.485453,0.0844773],[-0.484115,0.87422,0.0370356],[0.0918308,0.00866942,0.995737]],[[-0.870172,-0.485453,0.0844773],[-0.486869,0.873464,0.00432963],[0.0758897,0.0373618,0.996416]]],"btipPosition":[-52.9737,336.847,-65.8237],"carpPosition":[-9.47117,316.567,86.7772],"dipPosition":[-51.5476,337.549,-47.0996],"direction":[-0.0918308,-0.00866942,-0.995737],"extended":true,"handId":792,"id":7922,"length":67.0045,"mcpPosition":[-43.4033,336.205,29.0687],"pipPosition":[-48.9364,337.795,-18.7852],"stabilizedTipPosition":[-46.1651,270.5,167.862],"timeVisible":2.37701,"tipPosition":[-52.0118,336.005,-61.4871],"tipVelocity":[-14.173,-22.6925,-116.937],"tool":false,"touchDistance":-0.453478,"touchZone":"hovering","type":2,"width":18.9967},{"bases":[[[-0.671863,-0.652223,0.351006],[-0.426247,0.728034,0.536916],[0.605734,-0.211119,0.767148]],[[-0.584944,-0.674576,0.450319],[-0.807694,0.433842,-0.399263],[-0.0739659,0.597267,0.798625]],[[-0.584944,-0.674576,0.450319],[-0.783842,0.327507,-0.527571],[-0.208404,0.661579,0.720334]],[[-0.584944,-0.674576,0.450319],[-0.76299,0.269334,-0.587628],[-0.275113,0.687318,0.67224]]],"btipPosition":[-43.5194,266.028,-26.4033],"carpPosition":[-19.7951,310.657,89.8446],"dipPosition":[-48.6595,278.869,-13.8435],"direction":[0.208404,-0.661579,-0.720334],"extended":false,"handId":792,"id":7923,"length":64.4267,"mcpPosition":[-57.7372,323.881,41.7918],"pipPosition":[-54.4325,297.196,6.1106],"stabilizedTipPosition":[-27.6759,245.025,195.378],"timeVisible":2.37701,"tipPosition":[-43.5225,268.676,-22.6379],"tipVelocity":[-14.7768,-8.3401,-114.933],"tool":false,"touchDistance":-0.462739,"touchZone":"touching","type":3,"width":18.0765},{"bases":[[[-0.517514,-0.783541,0.343865],[-0.470357,0.596196,0.650627],[0.714803,-0.174969,0.677083]],[[-0.419592,-0.799693,0.429457],[-0.90167,0.312698,-0.298681],[-0.104563,0.512553,0.852265]],[[-0.419592,-0.799693,0.429457],[-0.870987,0.221486,-0.43855],[-0.255587,0.558063,0.789456]],[[-0.419592,-0.799693,0.429457],[-0.845982,0.173027,-0.504356],[-0.329023,0.574937,0.749127]]],"btipPosition":[-53.8866,269.606,-6.0679],"carpPosition":[-26.8069,298.409,91.679],"dipPosition":[-59.5578,279.516,6.84429],"direction":[0.255587,-0.558063,-0.789456],"extended":false,"handId":792,"id":7924,"length":50.5093,"mcpPosition":[-68.2538,308.554,52.4192],"pipPosition":[-64.5566,290.431,22.2847],"stabilizedTipPosition":[-38.5124,243.876,211.1],"timeVisible":2.37701,"tipPosition":[-53.9839,271.796,-2.41616],"tipVelocity":[-17.6327,-9.77627,-112.398],"tool":false,"touchDistance":-0.453277,"touchZone":"touching","type":4,"width":16.057}],"r":[[0.879348,-0.47589,0.0166226],[0.456932,0.833463,-0.310728],[0.134018,0.280834,0.950353]],"s":1.16447,"t":[-26.875,77.396,-198.25],"timestamp":606722259192},false],[2,{"currentFrameRate":105.15,"devices":[],"gestures":[],"hands":[{"armBasis":[[-0.886872,-0.376292,0.268071],[-0.115419,0.742272,0.660083],[0.447366,-0.554469,0.701732]],"armWidth":63.7182,"confidence":0.7391,"direction":[-0.545956,0.390425,-0.741283],"elbow":[111.755,150.713,280.272],"grabStrength":0.0541261,"id":792,"palmNormal":[0.191732,-0.803079,-0.564184],"palmPosition":[-31.4662,321.46,45.5734],"palmVelocity":[-0.923415,-0.601285,-107.22],"palmWidth":90.9874,"pinchStrength":0.867232,"r":[[0.880074,-0.474542,0.0167455],[0.455482,0.833709,-0.312193],[0.134188,0.28238,0.949871]],"s":1.16426,"sphereCenter":[-8.10463,303.149,-7.22575],"sphereRadius":57.7042,"stabilizedPalmPosition":[-26.1065,278.777,267.581],"t":[-26.9509,77.3411,-199.178],"timeVisible":2.38613,"type":"left","wrist":[-9.03047,300.415,90.8103]}],"id":4400389,"interactionBox":{"center":[0,200,0],"size":[235.247,235.247,147.751]},"pointables":[{"bases":[[[-0.606212,0.613342,0.50628],[0.783696,0.569054,0.248994],[0.135382,-0.547712,0.825641]],[[-0.60767,0.785442,0.117548],[0.759816,0.618039,-0.201762],[0.231122,0.0332897,0.972355]],[[-0.60767,0.785442,0.117548],[0.536422,0.515066,-0.668549],[0.585652,0.343202,0.734319]],[[-0.60767,0.785442,0.117548],[0.526166,0.509025,-0.681207],[0.594884,0.352099,0.722592]]],"btipPosition":[-27.268,281.635,-13.5945],"carpPosition":[18.1583,303.239,76.8889],"dipPosition":[-13.346,289.876,3.31631],"direction":[-0.585652,-0.343202,-0.734319],"extended":false,"handId":792,"id":7920,"length":52.1149,"mcpPosition":[18.1583,303.239,76.8889],"pipPosition":[6.6216,301.577,28.3526],"stabilizedTipPosition":[-45.8625,254.151,221.893],"timeVisible":2.38613,"tipPosition":[-24.0878,283.466,-8.93719],"tipVelocity":[2.29733,-8.42891,-104.166],"tool":false,"touchDistance":-0.439737,"touchZone":"hovering","type":0,"width":20.2494},{"bases":[[[-0.895669,-0.378203,0.233964],[-0.249135,0.862499,0.440485],[0.368386,-0.33624,0.866738]],[[-0.846711,-0.414764,0.333242],[-0.451695,0.891351,-0.038275],[0.281161,0.182932,0.942064]],[[-0.846711,-0.414764,0.333242],[-0.463713,0.882367,-0.0799927],[0.260864,0.222259,0.939442]],[[-0.846711,-0.414764,0.333242],[-0.471202,0.875431,-0.107654],[0.247079,0.248177,0.936675]]],"btipPosition":[-47.7168,326.754,-60.0244],"carpPosition":[1.98986,319.488,82.9208],"dipPosition":[-43.4954,330.994,-44.0212],"direction":[-0.260864,-0.222259,-0.939442],"extended":true,"handId":792,"id":7921,"length":58.8059,"mcpPosition":[-25.1114,344.225,19.1571],"pipPosition":[-37.1904,336.366,-21.3151],"stabilizedTipPosition":[-42.9307,278.024,174.289],"timeVisible":2.38613,"tipPosition":[-45.8783,327.262,-56.3737],"tipVelocity":[-12.0948,-19.5604,-106.753],"tool":false,"touchDistance":-0.445967,"touchZone":"hovering","type":1,"width":19.3423},{"bases":[[[-0.781981,-0.56161,0.270369],[-0.388824,0.778551,0.49262],[0.487157,-0.280093,0.82718]],[[-0.86898,-0.487552,0.0846579],[-0.481313,0.87249,0.084258],[0.114943,-0.0324715,0.992841]],[[-0.86898,-0.487552,0.0846579],[-0.48624,0.873046,0.036891],[0.0918966,0.00910653,0.995727]],[[-0.86898,-0.487552,0.0846579],[-0.488992,0.872278,0.00421462],[0.0759001,0.0377346,0.996401]]],"btipPosition":[-53.1275,336.686,-66.5911],"carpPosition":[-9.56092,316.548,86.0099],"dipPosition":[-51.7012,337.395,-47.8673],"direction":[-0.0918966,-0.00910653,-0.995727],"extended":true,"handId":792,"id":7922,"length":67.0045,"mcpPosition":[-43.5479,336.089,28.3008],"pipPosition":[-49.0881,337.654,-19.5532],"stabilizedTipPosition":[-46.1652,270.501,167.859],"timeVisible":2.38613,"tipPosition":[-52.1698,335.855,-62.2545],"tipVelocity":[-14.9171,-21.2383,-107.833],"tool":false,"touchDistance":-0.447976,"touchZone":"hovering","type":2,"width":18.9967},{"bases":[[[-0.670218,-0.653789,0.351238],[-0.427972,0.727112,0.536795],[0.60634,-0.20945,0.767126]],[[-0.583298,-0.675893,0.450479],[-0.808736,0.431682,-0.399495],[-0.0755525,0.597343,0.798419]],[[-0.583298,-0.675893,0.450479],[-0.784724,0.325744,-0.527351],[-0.209692,0.661104,0.720396]],[[-0.583298,-0.675893,0.450479],[-0.763841,0.267825,-0.587211],[-0.276243,0.686613,0.672497]]],"btipPosition":[-43.5045,265.903,-27.164],"carpPosition":[-19.8699,310.613,89.0799],"dipPosition":[-48.6657,278.731,-14.5994],"direction":[0.209692,-0.661104,-0.720396],"extended":false,"handId":792,"id":7923,"length":64.4267,"mcpPosition":[-57.85,323.733,41.0285],"pipPosition":[-54.4744,297.044,5.35644],"stabilizedTipPosition":[-27.6759,245.025,195.377],"timeVisible":2.38613,"tipPosition":[-43.526,268.554,-23.4063],"tipVelocity":[-10.3694,-9.92573,-106.145],"tool":false,"touchDistance":-0.456192,"touchZone":"touching","type":3,"width":18.0765},{"bases":[[[-0.515548,-0.784729,0.34411],[-0.471744,0.595192,0.650542],[0.71531,-0.173054,0.677041]],[[-0.417013,-0.80067,0.430148],[-0.902716,0.309741,-0.298605],[-0.105849,0.512823,0.851944]],[[-0.417013,-0.80067,0.430148],[-0.872223,0.219446,-0.437117],[-0.255593,0.557468,0.789874]],[[-0.417013,-0.80067,0.430148],[-0.847488,0.171524,-0.502338],[-0.328426,0.574027,0.750087]]],"btipPosition":[-53.9252,269.453,-6.83975],"carpPosition":[-26.8515,298.348,90.918],"dipPosition":[-59.5861,279.347,6.08897],"direction":[0.255593,-0.557468,-0.789874],"extended":false,"handId":792,"id":7924,"length":50.5093,"mcpPosition":[-68.3277,308.383,51.6607],"pipPosition":[-64.585,290.25,21.5375],"stabilizedTipPosition":[-38.5124,243.876,211.1],"timeVisible":2.38613,"tipPosition":[-54.0419,271.647,-3.19964],"tipVelocity":[-13.8399,-11.8461,-104.572],"tool":false,"touchDistance":-0.447803,"touchZone":"touching","type":4,"width":16.057}],"r":[[0.880074,-0.474542,0.0167455],[0.455482,0.833709,-0.312193],[0.134188,0.28238,0.949871]],"s":1.16426,"t":[-26.9509,77.3411,-199.178],"timestamp":606722268312},false],[3,{"currentFrameRate":105.448,"devices":[],"gestures":[],"hands":[{"armBasis":[[-0.886647,-0.377117,0.267656],[-0.116564,0.742345,0.659801],[0.447515,-0.553812,0.702156]],"armWidth":63.7182,"confidence":0.745274,"direction":[-0.54654,0.389575,-0.741299],"elbow":[111.767,150.881,279.959],"grabStrength":0.0539276,"id":792,"palmNormal":[0.192802,-0.802889,-0.56409],"palmPosition":[-31.5259,321.414,45.1442],"palmVelocity":[-2.49667,-1.84329,-91.0806],"palmWidth":90.9874,"pinchStrength":0.866613,"r":[[0.880783,-0.47322,0.0168432],[0.454088,0.83402,-0.313393],[0.134256,0.283679,0.949474]],"s":1.16415,"sphereCenter":[-8.06609,303.205,-7.68574],"sphereRadius":57.7498,"stabilizedPalmPosition":[-26.1065,278.777,267.581],"t":[-27.0187,77.2907,-199.856],"timeVisible":2.39506,"type":"left","wrist":[-9.05837,300.406,90.3824]}],"id":4400390,"interactionBox":{"center":[0,200,0],"size":[235.247,235.247,147.751]},"pointables":[{"bases":[[[-0.607023,0.612574,0.506238],[0.782928,0.570166,0.248868],[0.136189,-0.547416,0.825705]],[[-0.608693,0.784716,0.117107],[0.758949,0.618906,-0.202368],[0.231279,0.0343015,0.972283]],[[-0.608693,0.784716,0.117107],[0.535622,0.515313,-0.669],[0.585322,0.34449,0.733979]],[[-0.608693,0.784716,0.117107],[0.528221,0.510941,-0.678175],[0.592009,0.350942,0.72551]]],"btipPosition":[-27.2301,281.595,-14.0775],"carpPosition":[18.1256,303.265,76.4589],"dipPosition":[-13.3753,289.808,2.90154],"direction":[-0.585322,-0.34449,-0.733979],"extended":false,"handId":792,"id":7920,"length":52.1149,"mcpPosition":[18.1256,303.265,76.4589],"pipPosition":[6.58104,301.553,27.9263],"stabilizedTipPosition":[-45.8625,254.151,221.893],"timeVisible":2.39506,"tipPosition":[-24.0762,283.423,-9.41156],"tipVelocity":[2.3578,-7.56945,-90.0251],"tool":false,"touchDistance":-0.431107,"touchZone":"hovering","type":0,"width":20.2494},{"bases":[[[-0.895132,-0.379405,0.234071],[-0.250294,0.862214,0.440387],[0.368905,-0.335618,0.866758]],[[-0.846067,-0.415917,0.333442],[-0.452962,0.890706,-0.0383151],[0.281063,0.183454,0.941992]],[[-0.846067,-0.415917,0.333442],[-0.464968,0.881705,-0.0800079],[0.260721,0.222732,0.939369]],[[-0.846067,-0.415917,0.333442],[-0.472449,0.874759,-0.107653],[0.246907,0.248617,0.936604]]],"btipPosition":[-47.799,326.671,-60.4509],"carpPosition":[1.93518,319.493,82.4897],"dipPosition":[-43.5806,330.919,-44.4489],"direction":[-0.260721,-0.222732,-0.939369],"extended":true,"handId":792,"id":7921,"length":58.8059,"mcpPosition":[-25.2042,344.184,18.7244],"pipPosition":[-37.279,336.302,-21.7446],"stabilizedTipPosition":[-42.9307,278.025,174.288],"timeVisible":2.39506,"tipPosition":[-45.9686,327.189,-56.801],"tipVelocity":[-11.3276,-16.6813,-90.6687],"tool":false,"touchDistance":-0.436106,"touchZone":"hovering","type":1,"width":19.3423},{"bases":[[[-0.78119,-0.56265,0.270494],[-0.389864,0.77808,0.492542],[0.487595,-0.279313,0.827185]],[[-0.868404,-0.488605,0.0844899],[-0.482373,0.871902,0.0842802],[0.114847,-0.0324336,0.992854]],[[-0.868404,-0.488605,0.0844899],[-0.487261,0.872461,0.0372784],[0.0919286,0.00879588,0.995727]],[[-0.868404,-0.488605,0.0844899],[-0.489994,0.871712,0.00485265],[0.0760219,0.0371855,0.996413]]],"btipPosition":[-53.207,336.638,-67.0223],"carpPosition":[-9.61134,316.537,85.5799],"dipPosition":[-51.7784,337.337,-48.2982],"direction":[-0.0919286,-0.00879588,-0.995727],"extended":true,"handId":792,"id":7922,"length":67.0045,"mcpPosition":[-43.6289,336.024,27.8705],"pipPosition":[-49.1644,337.587,-19.9841],"stabilizedTipPosition":[-46.1653,270.501,167.856],"timeVisible":2.39506,"tipPosition":[-52.2686,335.819,-62.6858],"tipVelocity":[-13.261,-16.9723,-91.5848],"tool":false,"touchDistance":-0.437978,"touchZone":"hovering","type":2,"width":18.9967},{"bases":[[[-0.669294,-0.654664,0.351368],[-0.428938,0.726593,0.536727],[0.606677,-0.208513,0.767115]],[[-0.582486,-0.676611,0.450453],[-0.809225,0.430493,-0.399789],[-0.076585,0.597389,0.798286]],[[-0.582486,-0.676611,0.450453],[-0.785297,0.325395,-0.526713],[-0.209805,0.660542,0.720879]],[[-0.582486,-0.676611,0.450453],[-0.764581,0.267971,-0.58618],[-0.275908,0.68585,0.673413]]],"btipPosition":[-43.5247,265.848,-27.6164],"carpPosition":[-19.912,310.589,88.6514],"dipPosition":[-48.6796,278.662,-15.0347],"direction":[0.209805,-0.660542,-0.720879],"extended":false,"handId":792,"id":7923,"length":64.4267,"mcpPosition":[-57.9132,323.65,40.6007],"pipPosition":[-54.4915,296.959,4.93456],"stabilizedTipPosition":[-27.6759,245.025,195.377],"timeVisible":2.39506,"tipPosition":[-43.567,268.5,-23.8688],"tipVelocity":[-8.11296,-9.00351,-90.8868],"tool":false,"touchDistance":-0.445632,"touchZone":"touching","type":3,"width":18.0765},{"bases":[[[-0.514445,-0.785392,0.344246],[-0.472521,0.594628,0.650494],[0.715591,-0.171979,0.677017]],[[-0.415258,-0.801241,0.430783],[-0.903423,0.307675,-0.298601],[-0.10671,0.513176,0.851624]],[[-0.415258,-0.801241,0.430783],[-0.873118,0.218095,-0.436003],[-0.255392,0.557179,0.790144]],[[-0.415258,-0.801241,0.430783],[-0.848622,0.170595,-0.500738],[-0.327722,0.573508,0.750791]]],"btipPosition":[-53.9522,269.359,-7.27096],"carpPosition":[-26.8765,298.315,90.4915],"dipPosition":[-59.6009,279.244,5.66991],"direction":[0.255392,-0.557179,-0.790144],"extended":false,"handId":792,"id":7924,"length":50.5093,"mcpPosition":[-68.369,308.287,51.2356],"pipPosition":[-64.5959,290.142,21.1237],"stabilizedTipPosition":[-38.5124,243.876,211.1],"timeVisible":2.39506,"tipPosition":[-54.0853,271.559,-3.64212],"tipVelocity":[-10.8029,-11.5434,-89.1314],"tool":false,"touchDistance":-0.437782,"touchZone":"touching","type":4,"width":16.057}],"r":[[0.880783,-0.47322,0.0168432],[0.454088,0.83402,-0.313393],[0.134256,0.283679,0.949474]],"s":1.16415,"t":[-27.0187,77.2907,-199.856],"timestamp":606722277243},false],[4,{"currentFrameRate":105.672,"devices":[],"gestures":[],"hands":[{"armBasis":[[-0.885827,-0.380676,0.265323],[-0.121075,0.741613,0.659811],[0.447942,-0.552354,0.703031]],"armWidth":63.7182,"confidence":0.735199,"direction":[-0.547613,0.390404,-0.740071],"elbow":[111.838,151.156,279.176],"grabStrength":0.0530345,"id":792,"palmNormal":[0.195342,-0.800387,-0.566765],"palmPosition":[-31.6278,321.379,44.1926],"palmVelocity":[-4.91211,-2.40061,-94.9695],"palmWidth":90.9874,"pinchStrength":0.866139,"r":[[0.881638,-0.471634,0.0166296],[0.452472,0.834755,-0.313774],[0.134105,0.284159,0.949352]],"s":1.16415,"sphereCenter":[-8.01635,303.513,-8.73149],"sphereRadius":57.8028,"stabilizedPalmPosition":[-26.1065,278.777,267.581],"t":[-27.1035,77.2479,-200.671],"timeVisible":2.40411,"type":"left","wrist":[-9.10314,300.287,89.3633]}],"id":4400391,"interactionBox":{"center":[0,200,0],"size":[235.247,235.247,147.751]},"pointables":[{"bases":[[[-0.608971,0.609004,0.508202],[0.781143,0.571712,0.250921],[0.137733,-0.549782,0.823875]],[[-0.611077,0.782509,0.119436],[0.757044,0.621809,-0.200595],[0.231234,0.0321612,0.972366]],[[-0.611077,0.782509,0.119436],[0.533994,0.518894,-0.667532],[0.584324,0.344136,0.73494]],[[-0.611077,0.782509,0.119436],[0.529088,0.515997,-0.673656],[0.58877,0.348464,0.72933]]],"btipPosition":[-27.1694,281.783,-15.2088],"carpPosition":[18.0742,303.276,75.454],"dipPosition":[-13.3905,289.938,1.85972],"direction":[-0.584324,-0.344136,-0.73494],"extended":false,"handId":792,"id":7920,"length":52.1149,"mcpPosition":[18.0742,303.276,75.454],"pipPosition":[6.53185,301.671,26.9172],"stabilizedTipPosition":[-45.8624,254.151,221.893],"timeVisible":2.40411,"tipPosition":[-24.0389,283.597,-10.5301],"tipVelocity":[3.02448,-0.152576,-99.0522],"tool":false,"touchDistance":-0.43299,"touchZone":"hovering","type":0,"width":20.2494},{"bases":[[[-0.894005,-0.382927,0.232641],[-0.252997,0.859953,0.443253],[0.369794,-0.337413,0.865682]],[[-0.844794,-0.419654,0.331985],[-0.455712,0.889426,-0.0353362],[0.280447,0.181141,0.942623]],[[-0.844794,-0.419654,0.331985],[-0.467683,0.880533,-0.0770388],[0.259994,0.220345,0.940134]],[[-0.844794,-0.419654,0.331985],[-0.475137,0.873661,-0.104695],[0.246106,0.246184,0.937457]]],"btipPosition":[-47.9086,326.943,-61.3847],"carpPosition":[1.83326,319.434,81.5369],"dipPosition":[-43.7038,331.149,-45.3681],"direction":[-0.259994,-0.220345,-0.940134],"extended":true,"handId":792,"id":7921,"length":58.8059,"mcpPosition":[-25.3715,344.257,17.8508],"pipPosition":[-37.4199,336.475,-22.6454],"stabilizedTipPosition":[-42.9307,278.025,174.287],"timeVisible":2.40411,"tipPosition":[-46.0879,327.46,-57.7333],"tipVelocity":[-11.6395,-4.0822,-94.0232],"tool":false,"touchDistance":-0.434785,"touchZone":"hovering","type":1,"width":19.3423},{"bases":[[[-0.779509,-0.565945,0.268463],[-0.392316,0.775218,0.495101],[0.488317,-0.280613,0.826319]],[[-0.86707,-0.491346,0.0822742],[-0.48481,0.870216,0.0876578],[0.114667,-0.0361181,0.992747]],[[-0.86707,-0.491346,0.0822742],[-0.489667,0.870951,0.0408661],[0.0917362,0.0048532,0.995772]],[[-0.86707,-0.491346,0.0822742],[-0.492383,0.870336,0.00857418],[0.0758191,0.033076,0.996573]]],"btipPosition":[-53.3328,336.991,-67.9257],"carpPosition":[-9.70465,316.433,84.6152],"dipPosition":[-51.908,337.613,-49.1986],"direction":[-0.0917362,-0.0048532,-0.995772],"extended":true,"handId":792,"id":7922,"length":67.0045,"mcpPosition":[-43.7726,336.01,26.9662],"pipPosition":[-49.2994,337.751,-20.8833],"stabilizedTipPosition":[-46.1653,270.502,167.854],"timeVisible":2.40411,"tipPosition":[-52.4176,336.166,-63.5925],"tipVelocity":[-13.4641,-2.06678,-93.8426],"tool":false,"touchDistance":-0.436054,"touchZone":"hovering","type":2,"width":18.9967},{"bases":[[[-0.667345,-0.657889,0.349045],[-0.43124,0.723462,0.539105],[0.607192,-0.209247,0.766507]],[[-0.58063,-0.679879,0.44792],[-0.81034,0.429298,-0.398815],[-0.0788548,0.594532,0.800196]],[[-0.58063,-0.679879,0.44792],[-0.786288,0.325521,-0.525155],[-0.211235,0.657115,0.723588]],[[-0.58063,-0.679879,0.44792],[-0.765628,0.268835,-0.584416],[-0.276916,0.68227,0.676628]]],"btipPosition":[-43.4727,266.037,-28.7853],"carpPosition":[-19.9875,310.443,87.6648],"dipPosition":[-48.6464,278.784,-16.1435],"direction":[0.211235,-0.657115,-0.723588],"extended":false,"handId":792,"id":7923,"length":64.4267,"mcpPosition":[-58.021,323.549,39.6522],"pipPosition":[-54.4979,296.987,3.90075],"stabilizedTipPosition":[-27.6759,245.025,195.377],"timeVisible":2.40411,"tipPosition":[-43.5409,268.678,-25.0383],"tipVelocity":[-4.42117,-1.22097,-101.031],"tool":false,"touchDistance":-0.446729,"touchZone":"touching","type":3,"width":18.0765},{"bases":[[[-0.512096,-0.788118,0.341508],[-0.474437,0.590982,0.652419],[0.716008,-0.172077,0.676552]],[[-0.412376,-0.803998,0.428408],[-0.904508,0.305238,-0.297817],[-0.108678,0.510311,0.853095]],[[-0.412376,-0.803998,0.428408],[-0.874136,0.21676,-0.434629],[-0.256579,0.553717,0.79219]],[[-0.412376,-0.803998,0.428408],[-0.849717,0.169868,-0.499126],[-0.328523,0.569853,0.75322]]],"btipPosition":[-53.9081,269.423,-8.40699],"carpPosition":[-26.9148,298.141,89.4624],"dipPosition":[-59.5706,279.245,4.57575],"direction":[0.256579,-0.553717,-0.79219],"extended":false,"handId":792,"id":7924,"length":50.5093,"mcpPosition":[-68.4315,308.119,50.2335],"pipPosition":[-64.5888,290.075,20.0696],"stabilizedTipPosition":[-38.5124,243.876,211.1],"timeVisible":2.40411,"tipPosition":[-54.0616,271.616,-4.78053],"tipVelocity":[-6.57427,-6.84963,-98.8845],"tool":false,"touchDistance":-0.439233,"touchZone":"touching","type":4,"width":16.057}],"r":[[0.881638,-0.471634,0.0166296],[0.452472,0.834755,-0.313774],[0.134105,0.284159,0.949352]],"s":1.16415,"t":[-27.1035,77.2479,-200.671],"timestamp":606722286291},false],[5,{"currentFrameRate":105.893,"devices":[],"gestures":[],"hands":[{"armBasis":[[-0.885364,-0.38294,0.263605],[-0.124261,0.741313,0.659556],[0.447985,-0.551191,0.703917]],"armWidth":63.7182,"confidence":0.741088,"direction":[-0.548255,0.390777,-0.739398],"elbow":[111.868,151.341,278.478],"grabStrength":0.0518507,"id":792,"palmNormal":[0.197127,-0.798823,-0.56835],"palmPosition":[-31.6429,321.295,43.2931],"palmVelocity":[-4.0212,-4.28861,-96.2295],"palmWidth":90.9874,"pinchStrength":0.865377,"r":[[0.882513,-0.470005,0.0163061],[0.450846,0.835655,-0.313717],[0.133823,0.284211,0.949376]],"s":1.1643,"sphereCenter":[-7.86389,303.717,-9.71227],"sphereRadius":57.8769,"stabilizedPalmPosition":[-26.1065,278.777,267.581],"t":[-27.1535,77.1848,-201.529],"timeVisible":2.41315,"type":"left","wrist":[-9.08477,300.158,88.4259]}],"id":4400392,"interactionBox":{"center":[0,200,0],"size":[235.247,235.247,147.751]},"pointables":[{"bases":[[[-0.610345,0.606704,0.509303],[0.779901,0.572816,0.252264],[0.138687,-0.551174,0.822784]],[[-0.612621,0.781196,0.120119],[0.755911,0.62349,-0.199647],[0.230856,0.0315087,0.972478]],[[-0.612621,0.781196,0.120119],[0.533227,0.520683,-0.666752],[0.583408,0.344415,0.735536]],[[-0.612621,0.781196,0.120119],[0.532001,0.519958,-0.668295],[0.584526,0.345508,0.734134]]],"btipPosition":[-27.0048,281.831,-16.2722],"carpPosition":[18.0894,303.232,74.529],"dipPosition":[-13.3251,289.917,0.908736],"direction":[-0.583408,-0.344415,-0.735536],"extended":false,"handId":792,"id":7920,"length":52.1149,"mcpPosition":[18.0894,303.232,74.529],"pipPosition":[6.56593,301.659,25.9866],"stabilizedTipPosition":[-45.8624,254.151,221.893],"timeVisible":2.41315,"tipPosition":[-23.919,283.636,-11.5741],"tipVelocity":[6.51475,0.863748,-103.398],"tool":false,"touchDistance":-0.433587,"touchZone":"hovering","type":0,"width":20.2494},{"bases":[[[-0.893262,-0.385251,0.231656],[-0.254877,0.858522,0.444947],[0.370298,-0.338411,0.865077]],[[-0.843949,-0.422108,0.33102],[-0.45758,0.888534,-0.0335823],[0.279947,0.17981,0.943026]],[[-0.843949,-0.422108,0.33102],[-0.469521,0.879706,-0.0752844],[0.259422,0.218957,0.940616]],[[-0.843949,-0.422108,0.33102],[-0.476955,0.872879,-0.102942],[0.245487,0.24476,0.937992]]],"btipPosition":[-47.9194,327.041,-62.2741],"carpPosition":[1.81369,319.344,80.641],"dipPosition":[-43.7253,331.223,-46.2484],"direction":[-0.259422,-0.218957,-0.940616],"extended":true,"handId":792,"id":7921,"length":58.8059,"mcpPosition":[-25.4282,344.24,16.9995],"pipPosition":[-37.4551,336.515,-23.514],"stabilizedTipPosition":[-42.9307,278.025,174.287],"timeVisible":2.41315,"tipPosition":[-46.108,327.559,-58.6217],"tipVelocity":[-8.83705,-0.139484,-95.1751],"tool":false,"touchDistance":-0.43295,"touchZone":"hovering","type":1,"width":19.3423},{"bases":[[[-0.778395,-0.568104,0.267132],[-0.394032,0.773393,0.49659],[0.488713,-0.281285,0.825856]],[[-0.866241,-0.493084,0.0805908],[-0.486347,0.869117,0.0900069],[0.114424,-0.0387725,0.992675]],[[-0.866241,-0.493084,0.0805908],[-0.491154,0.86998,0.0436185],[0.09162,0.00179839,0.995792]],[[-0.866241,-0.493084,0.0805908],[-0.493845,0.869473,0.0115936],[0.0757882,0.0297565,0.99668]]],"btipPosition":[-53.3588,337.195,-68.7972],"carpPosition":[-9.71867,316.312,83.7105],"dipPosition":[-51.9346,337.754,-50.0681],"direction":[-0.09162,-0.00179839,-0.995792],"extended":true,"handId":792,"id":7922,"length":67.0045,"mcpPosition":[-43.8142,335.936,26.0938],"pipPosition":[-49.3293,337.805,-21.7522],"stabilizedTipPosition":[-46.1654,270.503,167.853],"timeVisible":2.41315,"tipPosition":[-52.4669,336.363,-64.4664],"tipVelocity":[-10.5515,4.26935,-94.5465],"tool":false,"touchDistance":-0.433848,"touchZone":"hovering","type":2,"width":18.9967},{"bases":[[[-0.666059,-0.65998,0.347551],[-0.432858,0.721467,0.54048],[0.607453,-0.209551,0.766218]],[[-0.579447,-0.68197,0.446271],[-0.811013,0.428322,-0.398494],[-0.0806135,0.592838,0.801277]],[[-0.579447,-0.68197,0.446271],[-0.786951,0.325726,-0.524034],[-0.212013,0.654843,0.725418]],[[-0.579447,-0.68197,0.446271],[-0.766418,0.269709,-0.582976],[-0.277209,0.679834,0.678956]]],"btipPosition":[-43.3857,266.092,-29.8288],"carpPosition":[-19.9898,310.295,86.7457],"dipPosition":[-48.5649,278.793,-17.1435],"direction":[0.212013,-0.654843,-0.725418],"extended":false,"handId":792,"id":7923,"length":64.4267,"mcpPosition":[-58.0396,323.42,38.7511],"pipPosition":[-54.4379,296.933,2.95143],"stabilizedTipPosition":[-27.6759,245.025,195.377],"timeVisible":2.41315,"tipPosition":[-43.4762,268.727,-26.0852],"tipVelocity":[-0.588009,0.475948,-104.708],"tool":false,"touchDistance":-0.445892,"touchZone":"touching","type":3,"width":18.0765},{"bases":[[[-0.510539,-0.789872,0.339784],[-0.475806,0.588667,0.653514],[0.716211,-0.171972,0.676363]],[[-0.409807,-0.805805,0.427477],[-0.905505,0.302817,-0.297258],[-0.110085,0.508901,0.853757]],[[-0.409807,-0.805805,0.427477],[-0.875316,0.215525,-0.432864],[-0.256672,0.551568,0.793658]],[[-0.409807,-0.805805,0.427477],[-0.851164,0.1693,-0.496847],[-0.32799,0.567464,0.755253]]],"btipPosition":[-53.8547,269.384,-9.42904],"carpPosition":[-26.892,297.975,88.5165],"dipPosition":[-59.508,279.165,3.58873],"direction":[0.256672,-0.551568,-0.793658],"extended":false,"handId":792,"id":7924,"length":50.5093,"mcpPosition":[-68.4205,307.947,49.2986],"pipPosition":[-64.5281,289.953,19.1113],"stabilizedTipPosition":[-38.5124,243.876,211.1],"timeVisible":2.41315,"tipPosition":[-54.0251,271.577,-5.81041],"tipVelocity":[-3.07038,-6.44048,-102.558],"tool":false,"touchDistance":-0.438853,"touchZone":"touching","type":4,"width":16.057}],"r":[[0.882513,-0.470005,0.0163061],[0.450846,0.835655,-0.313717],[0.133823,0.284211,0.949376]],"s":1.1643,"t":[-27.1535,77.1848,-201.529],"timestamp":606722295327},false],[6,{"currentFrameRate":106.06,"devices":[],"gestures":[],"hands":[{"armBasis":[[-0.883644,-0.388191,0.26169],[-0.129459,0.739792,0.660264],[0.449905,-0.54956,0.703967]],"armWidth":63.7182,"confidence":0.746409,"direction":[-0.54683,0.390862,-0.740408],"elbow":[111.954,151.65,277.379],"grabStrength":0.0514628,"id":792,"palmNormal":[0.201637,-0.796829,-0.569566],"palmPosition":[-31.9799,321.203,42.1509],"palmVelocity":[-13.1628,-5.8972,-104.283],"palmWidth":90.9874,"pinchStrength":0.865258,"r":[[0.88349,-0.468161,0.0164513],[0.449249,0.836803,-0.312947],[0.132743,0.283876,0.949628]],"s":1.16449,"sphereCenter":[-7.90431,303.893,-10.8325],"sphereRadius":57.9076,"stabilizedPalmPosition":[-26.1065,278.777,267.581],"t":[-27.347,77.1072,-202.528],"timeVisible":2.42227,"type":"left","wrist":[-9.517,300.027,87.3129]}],"id":4400393,"interactionBox":{"center":[0,200,0],"size":[235.247,235.247,147.751]},"pointables":[{"bases":[[[-0.614042,0.603571,0.50858],[0.777209,0.574622,0.256428],[0.137469,-0.552731,0.821943]],[[-0.61541,0.779119,0.119346],[0.754753,0.62614,-0.195692],[0.227195,0.0303545,0.973376]],[[-0.61541,0.779119,0.119346],[0.533919,0.523448,-0.664028],[0.579828,0.344929,0.738121]],[[-0.61541,0.779119,0.119346],[0.535066,0.524129,-0.662565],[0.57877,0.343892,0.739435]]],"btipPosition":[-26.9578,281.896,-17.5376],"carpPosition":[17.6968,303.219,73.5205],"dipPosition":[-13.4129,289.944,-0.232677],"direction":[-0.579828,-0.344929,-0.738121],"extended":false,"handId":792,"id":7920,"length":52.1149,"mcpPosition":[17.6968,303.219,73.5205],"pipPosition":[6.35611,301.704,24.9333],"stabilizedTipPosition":[-45.8624,254.151,221.892],"timeVisible":2.42227,"tipPosition":[-23.9172,283.696,-12.8227],"tipVelocity":[5.19113,2.33546,-112.344],"tool":false,"touchDistance":-0.437116,"touchZone":"hovering","type":0,"width":20.2494},{"bases":[[[-0.892878,-0.388582,0.227535],[-0.259132,0.856647,0.446102],[0.368264,-0.339353,0.865576]],[[-0.84376,-0.425555,0.327067],[-0.460255,0.887172,-0.0330319],[0.276108,0.178405,0.944424]],[[-0.84376,-0.425555,0.327067],[-0.472018,0.878412,-0.0747771],[0.255477,0.217475,0.942038]],[[-0.84376,-0.425555,0.327067],[-0.479331,0.871632,-0.102465],[0.241477,0.243229,0.93943]]],"btipPosition":[-47.9053,327.154,-63.4576],"carpPosition":[1.34935,319.266,79.6132],"dipPosition":[-43.7797,331.31,-47.4074],"direction":[-0.255477,-0.217475,-0.942038],"extended":true,"handId":792,"id":7921,"length":58.8059,"mcpPosition":[-25.7429,344.231,15.935],"pipPosition":[-37.6049,336.566,-24.6386],"stabilizedTipPosition":[-42.9307,278.025,174.286],"timeVisible":2.42227,"tipPosition":[-46.1158,327.675,-59.798],"tipVelocity":[-6.43365,3.16118,-104.606],"tool":false,"touchDistance":-0.435656,"touchZone":"hovering","type":1,"width":19.3423},{"bases":[[[-0.77757,-0.571163,0.26298],[-0.398206,0.770961,0.497042],[0.486639,-0.281765,0.826916]],[[-0.86508,-0.495838,0.0760335],[-0.489228,0.867439,0.0905845],[0.11087,-0.0411651,0.992982]],[[-0.86508,-0.495838,0.0760335],[-0.493847,0.868415,0.0443909],[0.0880393,-0.000852753,0.996117]],[[-0.86508,-0.495838,0.0760335],[-0.496411,0.867998,0.012498],[0.0721939,0.0269321,0.997027]]],"btipPosition":[-53.3392,337.35,-69.978],"carpPosition":[-10.1844,316.191,82.6342],"dipPosition":[-51.9825,337.857,-51.2424],"direction":[-0.0880393,0.000852753,-0.996117],"extended":true,"handId":792,"id":7922,"length":67.0045,"mcpPosition":[-44.1353,335.848,24.9436],"pipPosition":[-49.4791,337.832,-22.9172],"stabilizedTipPosition":[-46.1654,270.503,167.852],"timeVisible":2.42227,"tipPosition":[-52.4795,336.521,-65.6464],"tipVelocity":[-7.49762,7.4486,-104.196],"tool":false,"touchDistance":-0.436486,"touchZone":"hovering","type":2,"width":18.9967},{"bases":[[[-0.665236,-0.662884,0.343579],[-0.437026,0.718809,0.540668],[0.605368,-0.209519,0.767875]],[[-0.578958,-0.684836,0.442502],[-0.810862,0.426689,-0.400549],[-0.0854998,0.590709,0.802342]],[[-0.578958,-0.684836,0.442502],[-0.786082,0.3247,-0.52597],[-0.216522,0.652357,0.726325]],[[-0.578958,-0.684836,0.442502],[-0.765229,0.269026,-0.58485],[-0.281482,0.677219,0.679811]]],"btipPosition":[-43.2897,266.142,-31.1488],"carpPosition":[-20.4475,310.134,85.6181],"dipPosition":[-48.5487,278.795,-18.4476],"direction":[0.216522,-0.652357,-0.726325],"extended":false,"handId":792,"id":7923,"length":64.4267,"mcpPosition":[-58.3666,323.258,37.5198],"pipPosition":[-54.5466,296.866,1.6725],"stabilizedTipPosition":[-27.676,245.025,195.376],"timeVisible":2.42227,"tipPosition":[-43.4098,268.769,-27.4038],"tipVelocity":[1.93911,1.52141,-115.709],"tool":false,"touchDistance":-0.449382,"touchZone":"touching","type":3,"width":18.0765},{"bases":[[[-0.509285,-0.792273,0.336054],[-0.479963,0.585603,0.653227],[0.714328,-0.171385,0.6785]],[[-0.408276,-0.80815,0.424505],[-0.905579,0.299951,-0.299927],[-0.115055,0.506875,0.854307]],[[-0.408276,-0.80815,0.424505],[-0.874842,0.21359,-0.434776],[-0.260695,0.548883,0.794208]],[[-0.408276,-0.80815,0.424505],[-0.850536,0.167891,-0.498398],[-0.33151,0.56454,0.755907]]],"btipPosition":[-53.8559,269.338,-10.7763],"carpPosition":[-27.3175,297.789,87.3347],"dipPosition":[-59.5699,279.069,2.25275],"direction":[0.260695,-0.548883,-0.794208],"extended":false,"handId":792,"id":7924,"length":50.5093,"mcpPosition":[-68.7368,307.726,47.9928],"pipPosition":[-64.6687,289.804,17.7861],"stabilizedTipPosition":[-38.5124,243.876,211.1],"