{"sensorType":"Leap","data":[[0,{"currentFrameRate":105.139,"devices":[],"gestures":[],"hands":[{"armBasis":[[-0.822211,-0.564965,-0.0691625],[-0.535892,0.727438,0.428547],[0.191803,-0.38942,0.900868]],"armWidth":63.6845,"confidence":0.748044,"direction":[-0.444334,-0.0789823,-0.892372],"elbow":[27.444,208.361,349.961],"grabStrength":0,"id":786,"palmNormal":[0.638677,-0.726442,-0.253717],"palmPosition":[-40.751,311.248,54.7623],"palmVelocity":[15.7553,36.0433,-37.5288],"palmWidth":90.9393,"pinchStrength":1,"r":[[0.984111,-0.176686,0.0175558],[0.171885,0.923222,-0.34368],[0.0445154,0.341237,0.938923]],"s":1.00197,"sphereCenter":[-11.2433,309.301,12.9968],"sphereRadius":53.1829,"stabilizedPalmPosition":[-43.6653,305.624,210.521],"t":[-0.721521,13.0248,-166.927],"timeVisible":10.783,"type":"left","wrist":[-24.3139,313.446,106.862]}],"id":4390764,"interactionBox":{"center":[0,200,0],"size":[235.247,235.247,147.751]},"pointables":[{"bases":[[[-0.910748,0.359632,0.202987],[0.393369,0.905111,0.161356],[0.125697,-0.226803,0.965795]],[[-0.863012,0.424028,-0.274611],[0.483804,0.85018,-0.207673],[-0.14541,0.312082,0.938861]],[[-0.863012,0.424028,-0.274611],[0.454606,0.414775,-0.788223],[0.220326,0.805085,0.550721]],[[-0.863012,0.424028,-0.274611],[0.256337,-0.100856,-0.961311],[0.435319,0.900016,0.0216542]]],"btipPosition":[-8.43695,261.27,30.429],"carpPosition":[1.99889,325.326,96.5418],"dipPosition":[1.74539,282.321,30.9355],"direction":[-0.220326,-0.805085,-0.550721],"extended":false,"handId":786,"id":7860,"length":52.0873,"mcpPosition":[1.99889,325.326,96.5418],"pipPosition":[9.25337,309.756,49.7022],"stabilizedTipPosition":[-12.7692,262.704,150.556],"timeVisible":10.783,"tipPosition":[-6.24408,265.66,30.6054],"tipVelocity":[19.3165,52.4341,-57.4673],"tool":false,"touchDistance":-0.362625,"touchZone":"touching","type":0,"width":20.2387},{"bases":[[[-0.693904,-0.686243,0.218098],[-0.680942,0.723859,0.111119],[0.234127,0.0714064,0.96958]],[[-0.719561,-0.689534,0.0823105],[-0.657849,0.714814,0.237227],[0.222413,-0.116551,0.967961]],[[-0.719561,-0.689534,0.0823105],[-0.687922,0.723982,0.0511314],[0.0948482,0.019831,0.995294]],[[-0.719561,-0.689534,0.0823105],[-0.69428,0.711877,-0.105858],[-0.0143979,0.133318,0.990969]]],"btipPosition":[-49.1088,330.173,-58.8547],"carpPosition":[-20.2983,333.175,94.9651],"dipPosition":[-49.3546,332.45,-41.9328],"direction":[-0.0948482,-0.019831,-0.995294],"extended":true,"handId":786,"id":7861,"length":58.7747,"mcpPosition":[-37.5134,327.924,23.6732],"pipPosition":[-47.0634,332.929,-17.8896],"stabilizedTipPosition":[-50.0183,315.893,74.9562],"timeVisible":10.783,"tipPosition":[-48.3676,330.194,-55.0694],"tipVelocity":[27.4584,58.4483,-33.4657],"tool":false,"touchDistance":-0.352807,"touchZone":"touching","type":1,"width":19.332},{"bases":[[[-0.529574,-0.783565,0.324927],[-0.783146,0.598812,0.167651],[0.325935,0.165681,0.930761]],[[-0.543582,-0.790174,0.283096],[-0.733535,0.283278,-0.617803],[-0.407977,0.543488,0.733605]],[[-0.543582,-0.790174,0.283096],[0.36549,-0.526452,-0.767636],[-0.755603,0.313805,-0.57497]],[[-0.543582,-0.790174,0.283096],[0.812452,-0.580038,-0.0589779],[-0.210809,-0.197943,-0.957276]]],"btipPosition":[-7.68184,283.074,31.317],"carpPosition":[-30.0423,326.01,97.2384],"dipPosition":[-11.6412,279.357,13.3379],"direction":[0.755603,-0.313805,0.57497],"extended":false,"handId":786,"id":7862,"length":66.9691,"mcpPosition":[-52.7695,314.457,32.3373],"pipPosition":[-33.1158,288.275,-3.00306],"stabilizedTipPosition":[-12.5837,275.794,171.192],"timeVisible":10.783,"tipPosition":[-8.22814,282.143,27.6545],"tipVelocity":[7.64817,29.9061,-55.3815],"tool":false,"touchDistance":0.333333,"touchZone":"none","type":2,"width":18.9866},{"bases":[[[-0.415284,-0.79354,0.444785],[-0.808191,0.546276,0.220022],[0.417572,0.2681,0.868191]],[[-0.402094,-0.784816,0.471577],[-0.853813,0.135407,-0.50266],[-0.330641,0.604756,0.724533]],[[-0.402094,-0.784816,0.471577],[0.277847,-0.595351,-0.753896],[-0.872423,0.172111,-0.457445]],[[-0.402094,-0.784816,0.471577],[0.846235,-0.515197,-0.13586],[-0.34958,-0.344437,-0.871296]]],"btipPosition":[-18.1798,274.716,42.8244],"carpPosition":[-37.4846,316.839,100.596],"dipPosition":[-24.7077,268.284,26.5542],"direction":[0.872423,-0.172111,0.457445],"extended":false,"handId":786,"id":7863,"length":64.3926,"mcpPosition":[-63.6268,300.055,46.2429],"pipPosition":[-48.8621,273.049,13.8891],"stabilizedTipPosition":[-20.9205,269.115,186.028],"timeVisible":10.783,"tipPosition":[-19.2023,273.253,39.4834],"tipVelocity":[3.23063,28.8372,-52.6142],"tool":false,"touchDistance":0.333333,"touchZone":"none","type":3,"width":18.067},{"bases":[[[-0.22488,-0.836456,0.499771],[-0.822856,0.437727,0.362357],[0.521858,0.329753,0.786719]],[[-0.300669,-0.876478,0.376011],[-0.851793,0.0694389,-0.519256],[-0.429007,0.476408,0.767456]],[[-0.300669,-0.876478,0.376011],[0.331812,-0.465757,-0.820348],[-0.894147,0.121888,-0.430865]],[[-0.300669,-0.876478,0.376011],[0.868487,-0.41454,-0.27182],[-0.394116,-0.244833,-0.885849]]],"btipPosition":[-29.9502,269.378,56.1892],"carpPosition":[-39.1361,303.489,105.22],"dipPosition":[-36.7397,265.16,40.9285],"direction":[0.894147,-0.121888,0.430865],"extended":false,"handId":786,"id":7864,"length":50.4826,"mcpPosition":[-69.3793,284.379,59.6275],"pipPosition":[-54.2184,267.543,32.506],"stabilizedTipPosition":[-33.4768,263.583,199.206],"timeVisible":10.783,"tipPosition":[-31.4286,268.575,53.0872],"tipVelocity":[5.6392,33.9937,-43.6456],"tool":false,"touchDistance":0.333333,"touchZone":"none","type":4,"width":16.0485}],"r":[[0.984111,-0.176686,0.0175558],[0.171885,0.923222,-0.34368],[0.0445154,0.341237,0.938923]],"s":1.00197,"t":[-0.721521,13.0248,-166.927],"timestamp":606632733163},false],[1,{"currentFrameRate":105.427,"devices":[],"gestures":[],"hands":[{"armBasis":[[-0.824365,-0.561843,-0.068951],[-0.532688,0.728786,0.43025],[0.191482,-0.391412,0.900073]],"armWidth":63.6845,"confidence":0.753802,"direction":[-0.442698,-0.0764414,-0.893407],"elbow":[27.4073,208.112,349.507],"grabStrength":0,"id":786,"palmNormal":[0.636544,-0.728533,-0.253084],"palmPosition":[-40.5969,311.65,54.485],"palmVelocity":[16.1559,38.4635,-35.7409],"palmWidth":90.9393,"pinchStrength":1,"r":[[0.983631,-0.179206,0.0188635],[0.174767,0.923248,-0.342153],[0.0439003,0.339849,0.939455]],"s":1.00132,"sphereCenter":[-11.0584,309.632,12.7822],"sphereRadius":53.1376,"stabilizedPalmPosition":[-43.6539,305.646,209.94],"t":[-0.567835,13.3775,-167.199],"timeVisible":10.792,"type":"left","wrist":[-24.2641,313.734,106.623]}],"id":4390765,"interactionBox":{"center":[0,200,0],"size":[235.247,235.247,147.751]},"pointables":[{"bases":[[[-0.909853,0.362779,0.201394],[0.39635,0.903492,0.163125],[0.122779,-0.228242,0.965832]],[[-0.861335,0.427434,-0.274593],[0.486059,0.850586,-0.200626],[-0.147811,0.306274,0.940398]],[[-0.861335,0.427434,-0.274593],[0.458112,0.419809,-0.783514],[0.219624,0.800663,0.557409]],[[-0.861335,0.427434,-0.274593],[0.259781,-0.093932,-0.961088],[0.436595,0.899153,0.0301321]]],"btipPosition":[-8.20757,261.932,29.755],"carpPosition":[2.11444,325.528,96.3706],"dipPosition":[2.00463,282.964,30.4598],"direction":[-0.219624,-0.800663,-0.557409],"extended":false,"handId":786,"id":7860,"length":52.0873,"mcpPosition":[2.11444,325.528,96.3706],"pipPosition":[9.48868,310.248,49.4544],"stabilizedTipPosition":[-12.7103,262.738,149.526],"timeVisible":10.792,"tipPosition":[-6.06371,266.246,30.1073],"tipVelocity":[21.2508,58.1943,-60.9482],"tool":false,"touchDistance":-0.364122,"touchZone":"touching","type":0,"width":20.2387},{"bases":[[[-0.696895,-0.683903,0.215904],[-0.67851,0.726249,0.110392],[0.232298,0.0695617,0.970154]],[[-0.722142,-0.686986,0.0810076],[-0.655324,0.716911,0.237886],[0.2215,-0.118702,0.967909]],[[-0.722142,-0.686986,0.0810076],[-0.685318,0.726436,0.0512824],[0.0940771,0.0184828,0.995393]],[[-0.722142,-0.686986,0.0810076],[-0.691581,0.714447,-0.106215],[-0.0150925,0.132726,0.991038]]],"btipPosition":[-48.7566,330.729,-59.1093],"carpPosition":[-20.1503,333.46,94.754],"dipPosition":[-49.0143,332.996,-42.1863],"direction":[-0.0940771,-0.0184828,-0.995393],"extended":true,"handId":786,"id":7861,"length":58.7747,"mcpPosition":[-37.2308,328.345,23.4199],"pipPosition":[-46.7417,333.442,-18.1406],"stabilizedTipPosition":[-49.9793,316.392,70.7312],"timeVisible":10.792,"tipPosition":[-48.0157,330.766,-55.3247],"tipVelocity":[30.6245,59.3897,-32.0861],"tool":false,"touchDistance":-0.349675,"touchZone":"touching","type":1,"width":19.332},{"bases":[[[-0.533154,-0.781937,0.322987],[-0.781295,0.601523,0.166577],[0.324537,0.163537,0.931628]],[[-0.54712,-0.788462,0.281047],[-0.732586,0.28861,-0.61646],[-0.404942,0.543169,0.73552]],[[-0.54712,-0.788462,0.281047],[0.361953,-0.525592,-0.769898],[-0.754751,0.3195,-0.572948]],[[-0.54712,-0.788462,0.281047],[0.809722,-0.58363,-0.0610405],[-0.212156,-0.194174,-0.957751]]],"btipPosition":[-7.61255,283.326,30.8763],"carpPosition":[-29.9255,326.329,96.999],"dipPosition":[-11.5972,279.679,12.8883],"direction":[0.754751,-0.3195,0.572948],"extended":false,"handId":786,"id":7862,"length":66.9691,"mcpPosition":[-52.5551,314.926,32.0374],"pipPosition":[-33.0476,288.759,-3.39522],"stabilizedTipPosition":[-12.5828,275.795,171.162],"timeVisible":10.792,"tipPosition":[-8.17613,282.432,27.2569],"tipVelocity":[7.49593,29.9108,-53.7646],"tool":false,"touchDistance":0.333333,"touchZone":"none","type":2,"width":18.9866},{"bases":[[[-0.419161,-0.792454,0.443081],[-0.806647,0.549027,0.21884],[0.416684,0.265681,0.869361]],[[-0.406222,-0.783959,0.46946],[-0.852917,0.140944,-0.50266],[-0.327897,0.604602,0.725906]],[[-0.406222,-0.783959,0.46946],[0.274729,-0.594771,-0.755494],[-0.871498,0.177924,-0.456985]],[[-0.406222,-0.783959,0.46946],[0.843773,-0.519022,-0.13661],[-0.350757,-0.340624,-0.872321]]],"btipPosition":[-18.1744,274.986,42.4315],"carpPosition":[-37.4087,317.182,100.331],"dipPosition":[-24.7243,268.625,26.1421],"direction":[0.871498,-0.177924,0.456985],"extended":false,"handId":786,"id":7863,"length":64.3926,"mcpPosition":[-63.4952,300.55,45.9049],"pipPosition":[-48.8531,273.551,13.4898],"stabilizedTipPosition":[-20.9201,269.116,185.985],"timeVisible":10.792,"tipPosition":[-19.2125,273.558,39.1121],"tipVelocity":[2.35653,29.6868,-50.3657],"tool":false,"touchDistance":0.333333,"touchZone":"none","type":3,"width":18.067},{"bases":[[[-0.229035,-0.836127,0.498432],[-0.822018,0.440388,0.361032],[0.521372,0.327031,0.788176]],[[-0.304706,-0.875745,0.374466],[-0.850423,0.0731196,-0.520993],[-0.428876,0.477204,0.767034]],[[-0.304706,-0.875745,0.374466],[0.331827,-0.466139,-0.820125],[-0.892774,0.125639,-0.432631]],[[-0.304706,-0.875745,0.374466],[0.867526,-0.417469,-0.270403],[-0.393132,-0.242466,-0.886937]]],"btipPosition":[-29.9536,269.738,55.891],"carpPosition":[-39.1192,303.834,104.938],"dipPosition":[-36.7261,265.561,40.6115],"direction":[0.892774,-0.125639,0.432631],"extended":false,"handId":786,"id":7864,"length":50.4826,"mcpPosition":[-69.3343,284.882,59.2611],"pipPosition":[-54.178,268.017,32.1545],"stabilizedTipPosition":[-33.4756,263.586,199.117],"timeVisible":10.792,"tipPosition":[-31.4287,268.943,52.7833],"tipVelocity":[4.11316,35.9937,-40.9543],"tool":false,"touchDistance":0.333333,"touchZone":"none","type":4,"width":16.0485}],"r":[[0.983631,-0.179206,0.0188635],[0.174767,0.923248,-0.342153],[0.0439003,0.339849,0.939455]],"s":1.00132,"t":[-0.567835,13.3775,-167.199],"timestamp":606632742114},false],[2,{"currentFrameRate":105.618,"devices":[],"gestures":[],"hands":[{"armBasis":[[-0.825543,-0.559809,-0.0713608],[-0.531419,0.728591,0.432145],[0.189926,-0.394677,0.898976]],"armWidth":63.6845,"confidence":0.763156,"direction":[-0.441444,-0.0750307,-0.894146],"elbow":[27.2014,207.637,349.071],"grabStrength":0,"id":786,"palmNormal":[0.636277,-0.728803,-0.252977],"palmPosition":[-40.3074,312.129,54.3186],"palmVelocity":[20.4849,42.3959,-30.8856],"palmWidth":90.9393,"pinchStrength":1,"r":[[0.983203,-0.181401,0.0201559],[0.177334,0.923309,-0.340665],[0.0431868,0.338517,0.939969]],"s":1.00059,"sphereCenter":[-10.7749,310.101,12.6565],"sphereRadius":53.0889,"stabilizedPalmPosition":[-43.6361,305.681,209.112],"t":[-0.346278,13.7938,-167.418],"timeVisible":10.8011,"type":"left","wrist":[-24.05,314.14,106.483]}],"id":4390766,"interactionBox":{"center":[0,200,0],"size":[235.247,235.247,147.751]},"pointables":[{"bases":[[[-0.909831,0.363349,0.200464],[0.396901,0.902956,0.164744],[0.121151,-0.229454,0.96575]],[[-0.860928,0.428467,-0.274261],[0.486103,0.85184,-0.195123],[-0.150022,0.301306,0.941652]],[[-0.860928,0.428467,-0.274261],[0.45976,0.424533,-0.779995],[0.217769,0.797614,0.562484]],[[-0.860928,0.428467,-0.274261],[0.263406,-0.0857786,-0.960864],[0.435224,0.899477,0.0390115]]],"btipPosition":[-7.76232,262.671,29.2243],"carpPosition":[2.35408,325.922,96.2832],"dipPosition":[2.41781,283.71,30.1368],"direction":[-0.217769,-0.797614,-0.562484],"extended":false,"handId":786,"id":7860,"length":52.0873,"mcpPosition":[2.35408,325.922,96.2832],"pipPosition":[9.83866,310.89,49.3044],"stabilizedTipPosition":[-12.6302,262.791,148.207],"timeVisible":10.8011,"tipPosition":[-5.66067,266.949,29.7196],"tipVelocity":[28.6859,64.582,-58.735],"tool":false,"touchDistance":-0.363286,"touchZone":"touching","type":0,"width":20.2387},{"bases":[[[-0.697813,-0.683536,0.214092],[-0.678034,0.726719,0.11022],[0.230924,0.0682484,0.970575]],[[-0.722703,-0.686473,0.0803462],[-0.654651,0.71717,0.238955],[0.221658,-0.120094,0.967701]],[[-0.722703,-0.686473,0.0803462],[-0.684733,0.726944,0.0518861],[0.0940256,0.0175175,0.995416]],[[-0.722703,-0.686473,0.0803462],[-0.690988,0.71504,-0.106086],[-0.0153744,0.132187,0.991106]]],"btipPosition":[-48.4073,331.334,-59.2443],"carpPosition":[-19.9013,333.876,94.6427],"dipPosition":[-48.6698,333.591,-42.3201],"direction":[-0.0940256,-0.0175175,-0.995416],"extended":true,"handId":786,"id":7861,"length":58.7747,"mcpPosition":[-36.8808,328.858,23.2777],"pipPosition":[-46.3985,334.014,-18.2739],"stabilizedTipPosition":[-49.9173,317.026,65.5592],"timeVisible":10.8011,"tipPosition":[-47.6629,331.396,-55.4607],"tipVelocity":[32.7265,61.2514,-27.282],"tool":false,"touchDistance":-0.345061,"touchZone":"touching","type":1,"width":19.332},{"bases":[[[-0.534318,-0.781836,0.321304],[-0.781012,0.602019,0.166111],[0.323303,0.162187,0.932293]],[[-0.548259,-0.788315,0.279235],[-0.733121,0.292366,-0.614048],[-0.402425,0.541371,0.738222]],[[-0.548259,-0.788315,0.279235],[0.358581,-0.523226,-0.773081],[-0.755534,0.32372,-0.569538]],[[-0.548259,-0.788315,0.279235],[0.808366,-0.585116,-0.0646848],[-0.214377,-0.19026,-0.958041]]],"btipPosition":[-7.34436,283.735,30.4745],"carpPosition":[-29.686,326.751,96.8652],"dipPosition":[-11.3707,280.162,12.481],"direction":[0.755534,-0.32372,0.569538],"extended":false,"handId":786,"id":7862,"length":66.9691,"mcpPosition":[-52.2296,315.442,31.8572],"pipPosition":[-32.8434,289.362,-3.7056],"stabilizedTipPosition":[-12.5817,275.797,171.124],"timeVisible":10.8011,"tipPosition":[-7.9301,282.884,26.9077],"tipVelocity":[13.2896,34.5808,-51.1164],"tool":false,"touchDistance":0.333333,"touchZone":"none","type":2,"width":18.9866},{"bases":[[[-0.420511,-0.792591,0.441554],[-0.806487,0.549486,0.218277],[0.415632,0.26432,0.870279]],[[-0.407871,-0.784317,0.467427],[-0.853386,0.145466,-0.500571],[-0.324612,0.603064,0.728657]],[[-0.407871,-0.784317,0.467427],[0.270863,-0.59284,-0.758402],[-0.871937,0.182722,-0.454245]],[[-0.407871,-0.784317,0.467427],[0.842136,-0.520961,-0.139307],[-0.352772,-0.336817,-0.872987]]],"btipPosition":[-17.9789,275.36,42.0324],"carpPosition":[-37.1822,317.607,100.176],"dipPosition":[-24.5664,269.071,25.7306],"direction":[0.871937,-0.182722,0.454245],"extended":false,"handId":786,"id":7863,"length":64.3926,"mcpPosition":[-63.2029,301.059,45.692],"pipPosition":[-48.7074,274.13,13.1541],"stabilizedTipPosition":[-20.9196,269.118,185.936],"timeVisible":10.8011,"tipPosition":[-19.0287,273.98,38.762],"tipVelocity":[7.39205,33.3474,-48.6261],"tool":false,"touchDistance":0.333333,"touchZone":"none","type":3,"width":18.067},{"bases":[[[-0.230505,-0.836495,0.497136],[-0.822164,0.440698,0.360321],[0.520494,0.325671,0.789319]],[[-0.306029,-0.875905,0.373011],[-0.8496,0.0744807,-0.522142],[-0.429564,0.476701,0.766962]],[[-0.306029,-0.875905,0.373011],[0.332594,-0.465486,-0.820185],[-0.892035,0.126939,-0.433773]],[[-0.306029,-0.875905,0.373011],[0.867545,-0.417931,-0.269628],[-0.392061,-0.24109,-0.887786]]],"btipPosition":[-29.7032,270.207,55.691],"carpPosition":[-38.9112,304.255,104.765],"dipPosition":[-36.4573,266.053,40.397],"direction":[0.892035,-0.126939,0.433773],"extended":false,"handId":786,"id":7864,"length":50.4826,"mcpPosition":[-69.0754,285.381,59.0217],"pipPosition":[-53.8948,268.535,31.9176],"stabilizedTipPosition":[-33.4738,263.59,198.994],"timeVisible":10.8011,"tipPosition":[-31.1749,269.416,52.5786],"tipVelocity":[10.723,40.428,-35.7778],"tool":false,"touchDistance":0.333333,"touchZone":"none","type":4,"width":16.0485}],"r":[[0.983203,-0.181401,0.0201559],[0.177334,0.923309,-0.340665],[0.0431868,0.338517,0.939969]],"s":1.00059,"t":[-0.346278,13.7938,-167.418],"timestamp":606632751229},false],[3,{"currentFrameRate":105.885,"devices":[],"gestures":[],"hands":[{"armBasis":[[-0.826178,-0.559045,-0.0699974],[-0.530036,0.729092,0.432997],[0.19103,-0.394834,0.898673]],"armWidth":63.6845,"confidence":0.762677,"direction":[-0.436044,-0.0702918,-0.897176],"elbow":[27.2565,207.819,348.34],"grabStrength":0,"id":786,"palmNormal":[0.634966,-0.7305,-0.251372],"palmPosition":[-40.2262,312.592,53.5609],"palmVelocity":[17.3656,44.9378,-45.5806],"palmWidth":90.9393,"pinchStrength":1,"r":[[0.982681,-0.183957,0.0223135],[0.180556,0.923435,-0.338627],[0.0416879,0.336791,0.940656]],"s":0.999954,"sphereCenter":[-10.5331,310.531,12.0992],"sphereRadius":53.0324,"stabilizedPalmPosition":[-43.6153,305.723,208.165],"t":[-0.194896,14.2333,-167.906],"timeVisible":10.81,"type":"left","wrist":[-24.293,314.365,105.834]}],"id":4390767,"interactionBox":{"center":[0,200,0],"size":[235.247,235.247,147.751]},"pointables":[{"bases":[[[-0.909633,0.36632,0.195901],[0.399438,0.900807,0.170282],[0.114092,-0.233144,0.965726]],[[-0.857436,0.43282,-0.278334],[0.490392,0.851188,-0.18707],[-0.155947,0.296894,0.942091]],[[-0.857436,0.43282,-0.278334],[0.466847,0.426748,-0.774558],[0.216466,0.794073,0.56797]],[[-0.857436,0.43282,-0.278334],[0.26909,-0.0839156,-0.959452],[0.438627,0.897566,0.0445156]]],"btipPosition":[-7.6339,263.208,28.4449],"carpPosition":[2.22212,326.074,95.8413],"dipPosition":[2.62584,284.203,29.4861],"direction":[-0.216466,-0.794073,-0.56797],"extended":false,"handId":786,"id":7860,"length":52.0873,"mcpPosition":[2.22212,326.074,95.8413],"pipPosition":[10.0023,311.262,48.8406],"stabilizedTipPosition":[-12.5393,262.856,146.731],"timeVisible":10.81,"tipPosition":[-5.5349,267.466,28.9737],"tipVelocity":[25.326,63.0387,-65.578],"tool":false,"touchDistance":-0.366538,"touchZone":"touching","type":0,"width":20.2387},{"bases":[[[-0.701877,-0.681444,0.20737],[-0.675822,0.729058,0.108348],[0.225017,0.0640985,0.972244]],[[-0.725735,-0.68388,0.0749457],[-0.65282,0.71893,0.238675],[0.217105,-0.124288,0.968203]],[[-0.725735,-0.68388,0.0749457],[-0.682159,0.729452,0.050581],[0.0892606,0.0144166,0.995904]],[[-0.725735,-0.68388,0.0749457],[-0.687676,0.717893,-0.10831],[-0.020268,0.130143,0.991288]]],"btipPosition":[-47.668,332.176,-59.96],"carpPosition":[-19.9905,334.123,94.0863],"dipPosition":[-48.0141,334.398,-43.0326],"direction":[-0.0892606,-0.0144166,-0.995904],"extended":true,"handId":786,"id":7861,"length":58.7747,"mcpPosition":[-36.5357,329.41,22.5985],"pipPosition":[-45.8579,334.746,-18.9746],"stabilizedTipPosition":[-49.8118,317.788,59.6457],"timeVisible":10.81,"tipPosition":[-46.9357,332.262,-56.1751],"tipVelocity":[45.7681,69.9697,-41.6555],"tool":false,"touchDistance":-0.349612,"touchZone":"touching","type":1,"width":19.332},{"bases":[[[-0.539459,-0.780754,0.315288],[-0.779649,0.604586,0.163165],[0.31801,0.157793,0.934864]],[[-0.553176,-0.787045,0.273051],[-0.729366,0.299193,-0.615231],[-0.402519,0.539485,0.73955]],[[-0.553176,-0.787045,0.273051],[0.358428,-0.520736,-0.774831],[-0.752014,0.330749,-0.570158]],[[-0.553176,-0.787045,0.273051],[0.805784,-0.588696,-0.0644191],[-0.211445,-0.184385,-0.95984]]],"btipPosition":[-7.25733,284.101,29.6402],"carpPosition":[-29.8175,327.029,96.2227],"dipPosition":[-11.2286,280.638,11.6129],"direction":[0.752014,-0.330749,0.570158],"extended":false,"handId":786,"id":7862,"length":66.9691,"mcpPosition":[-51.992,316.027,31.0355],"pipPosition":[-32.6012,290.038,-4.59126],"stabilizedTipPosition":[-12.5805,275.799,171.084],"timeVisible":10.81,"tipPosition":[-7.84221,283.289,26.1008],"tipVelocity":[12.7015,37.0722,-62.8564],"tool":false,"touchDistance":0.333333,"touchZone":"none","type":2,"width":18.9866},{"bases":[[[-0.426463,-0.792364,0.436221],[-0.805664,0.551981,0.214992],[0.411138,0.259761,0.873779]],[[-0.414118,-0.784335,0.46187],[-0.849902,0.151546,-0.504679],[-0.325843,0.601541,0.729366]],[[-0.414118,-0.784335,0.46187],[0.271842,-0.59084,-0.759612],[-0.868682,0.189013,-0.457893]],[[-0.414118,-0.784335,0.46187],[0.840337,-0.524433,-0.137123],[-0.349771,-0.331342,-0.876284]]],"btipPosition":[-17.9775,275.735,41.2234],"carpPosition":[-37.3709,317.905,99.4552],"dipPosition":[-24.509,269.548,24.86],"direction":[0.868682,-0.189013,0.457893],"extended":false,"handId":786,"id":7863,"length":64.3926,"mcpPosition":[-63.1102,301.642,44.7522],"pipPosition":[-48.5598,274.781,12.1826],"stabilizedTipPosition":[-20.9191,269.12,185.884],"timeVisible":10.81,"tipPosition":[-19.0316,274.386,37.9475],"tipVelocity":[5.80847,36.3947,-60.4696],"tool":false,"touchDistance":0.333333,"touchZone":"none","type":3,"width":18.067},{"bases":[[[-0.236991,-0.837212,0.49286],[-0.822678,0.442787,0.356569],[0.516756,0.320961,0.793692]],[[-0.311882,-0.875908,0.368124],[-0.845972,0.0796325,-0.527248],[-0.432506,0.475862,0.765829]],[[-0.311882,-0.875908,0.368124],[0.335913,-0.464079,-0.81963],[-0.888759,0.13197,-0.438967]],[[-0.311882,-0.875908,0.368124],[0.867559,-0.420511,-0.265542],[-0.38739,-0.236551,-0.891051]]],"btipPosition":[-29.7982,270.622,54.8589],"carpPosition":[-39.1823,304.544,103.988],"dipPosition":[-36.4718,266.547,39.5086],"direction":[0.888759,-0.13197,0.438967],"extended":false,"handId":786,"id":7864,"length":50.4826,"mcpPosition":[-69.1298,285.944,57.9917],"pipPosition":[-53.8452,269.127,30.9277],"stabilizedTipPosition":[-33.4718,263.596,198.859],"timeVisible":10.81,"tipPosition":[-31.2536,269.847,51.733],"tipVelocity":[5.45778,42.6225,-51.8027],"tool":false,"touchDistance":0.333333,"touchZone":"none","type":4,"width":16.0485}],"r":[[0.982681,-0.183957,0.0223135],[0.180556,0.923435,-0.338627],[0.0416879,0.336791,0.940656]],"s":0.999954,"t":[-0.194896,14.2333,-167.906],"timestamp":606632760180},false],[4,{"currentFrameRate":106.115,"devices":[],"gestures":[],"hands":[{"armBasis":[[-0.825252,-0.560447,-0.0697037],[-0.531473,0.728919,0.431524],[0.191038,-0.393161,0.899405]],"armWidth":63.6845,"confidence":0.76891,"direction":[-0.430372,-0.0643086,-0.900358],"elbow":[27.1067,208.433,347.437],"grabStrength":0,"id":786,"palmNormal":[0.634108,-0.731419,-0.250863],"palmPosition":[-40.04,313.071,52.3484],"palmVelocity":[18.2807,47.2124,-70.0595],"palmWidth":90.9393,"pinchStrength":1,"r":[[0.982095,-0.186703,0.0251392],[0.184205,0.923737,-0.335825],[0.0394776,0.334443,0.941589]],"s":0.999484,"sphereCenter":[-10.2007,311.052,11.0956],"sphereRadius":52.9799,"stabilizedPalmPosition":[-43.5934,305.768,207.21],"t":[-0.0260723,14.6925,-168.757],"timeVisible":10.819,"type":"left","wrist":[-24.4448,314.528,104.733]}],"id":4390768,"interactionBox":{"center":[0,200,0],"size":[235.247,235.247,147.751]},"pointables":[{"bases":[[[-0.909646,0.36847,0.191766],[0.401382,0.898564,0.177413],[0.106943,-0.238355,0.965272]],[[-0.853987,0.43717,-0.282114],[0.494708,0.850209,-0.180025],[-0.161154,0.293303,0.942339]],[[-0.853987,0.43717,-0.282114],[0.473187,0.427133,-0.770488],[0.216334,0.791479,0.571629]],[[-0.853987,0.43717,-0.282114],[0.272779,-0.0855288,-0.958267],[0.443055,0.895303,0.0462104]]],"btipPosition":[-7.5201,263.65,27.4002],"carpPosition":[2.17522,326.196,94.9734],"dipPosition":[2.84321,284.592,28.4811],"direction":[-0.216334,-0.791479,-0.571629],"extended":false,"handId":786,"id":7860,"length":52.0873,"mcpPosition":[2.17522,326.196,94.9734],"pipPosition":[10.2152,311.563,47.9603],"stabilizedTipPosition":[-12.4465,262.926,145.238],"timeVisible":10.819,"tipPosition":[-5.36274,267.952,27.8532],"tipVelocity":[22.5712,58.8391,-79.1678],"tool":false,"touchDistance":-0.373751,"touchZone":"touching","type":0,"width":20.2387},{"bases":[[[-0.705547,-0.680049,0.199342],[-0.674028,0.730832,0.107568],[0.218837,0.0584677,0.974008]],[[-0.728328,-0.681798,0.0684789],[-0.651338,0.71988,0.239856],[0.21283,-0.130091,0.96839]],[[-0.728328,-0.681798,0.0684789],[-0.67997,0.731478,0.0508073],[0.0847311,0.00955919,0.996358]],[[-0.728328,-0.681798,0.0684789],[-0.684773,0.720558,-0.109005],[-0.0249762,0.126284,0.99168]]],"btipPosition":[-46.8475,333.229,-61.0885],"carpPosition":[-19.9978,334.329,93.1131],"dipPosition":[-47.274,335.385,-44.1545],"direction":[-0.0847311,-0.00955919,-0.996358],"extended":true,"handId":786,"id":7861,"length":58.7747,"mcpPosition":[-36.0885,330.03,21.4956],"pipPosition":[-45.2271,335.616,-20.0856],"stabilizedTipPosition":[-49.6462,318.708,52.8971],"timeVisible":10.819,"tipPosition":[-46.1186,333.329,-57.3026],"tipVelocity":[57.6728,82.4205,-64.6047],"tool":false,"touchDistance":-0.35989,"touchZone":"touching","type":1,"width":19.332},{"bases":[[[-0.544182,-0.780455,0.307823],[-0.778637,0.606447,0.161079],[0.312393,0.152027,0.937709]],[[-0.557654,-0.786492,0.26543],[-0.725739,0.306755,-0.615796],[-0.402897,0.536034,0.741851]],[[-0.557654,-0.786492,0.26543],[0.358789,-0.516736,-0.777338],[-0.748527,0.338252,-0.570345]],[[-0.557654,-0.786492,0.26543],[0.803614,-0.591625,-0.0646868],[-0.20791,-0.17723,-0.961958]]],"btipPosition":[-7.05822,284.551,28.3028],"carpPosition":[-29.8627,327.259,95.1494],"dipPosition":[-10.9631,281.223,10.2357],"direction":[0.748527,-0.338252,0.570345],"extended":false,"handId":786,"id":7862,"length":66.9691,"mcpPosition":[-51.6456,316.659,29.7638],"pipPosition":[-32.2366,290.836,-5.97379],"stabilizedTipPosition":[-12.5792,275.802,171.042],"timeVisible":10.819,"tipPosition":[-7.63448,283.779,24.7896],"tipVelocity":[15.7549,41.5829,-86.6831],"tool":false,"touchDistance":0.333333,"touchZone":"none","type":2,"width":18.9866},{"bases":[[[-0.432024,-0.793058,0.429435],[-0.805172,0.553674,0.212469],[0.406268,0.253977,0.877748]],[[-0.419862,-0.785228,0.455119],[-0.846044,0.157111,-0.509437],[-0.32852,0.598944,0.730302]],[[-0.419862,-0.785228,0.455119],[0.274641,-0.587873,-0.760906],[-0.865036,0.194481,-0.462482]],[[-0.419862,-0.785228,0.455119],[0.839329,-0.52673,-0.134472],[-0.345316,-0.325535,-0.880218]]],"btipPosition":[-17.8347,276.193,39.9649],"carpPosition":[-37.4683,318.145,98.2865],"dipPosition":[-24.2829,270.114,23.5281],"direction":[0.865036,-0.194481,0.462482],"extended":false,"handId":786,"id":7863,"length":64.3926,"mcpPosition":[-62.9028,302.244,43.335],"pipPosition":[-48.2328,275.499,10.7236],"stabilizedTipPosition":[-20.9186,269.122,185.834],"timeVisible":10.819,"tipPosition":[-18.8797,274.866,36.6709],"tipVelocity":[9.15604,41.1405,-82.779],"tool":false,"touchDistance":0.333333,"touchZone":"none","type":3,"width":18.067},{"bases":[[[-0.243083,-0.838841,0.48709],[-0.823488,0.443833,0.353383],[0.512618,0.315212,0.798664]],[[-0.317285,-0.876655,0.36167],[-0.842222,0.0851953,-0.532357],[-0.435881,0.473516,0.76537]],[[-0.317285,-0.876655,0.36167],[0.339676,-0.461129,-0.819744],[-0.88541,0.137242,-0.444088]],[[-0.317285,-0.876655,0.36167],[0.867834,-0.422174,-0.26198],[-0.382354,-0.230747,-0.894741]]],"btipPosition":[-29.7642,271.059,53.5029],"carpPosition":[-39.3551,304.768,102.741],"dipPosition":[-36.3511,267.084,38.0891],"direction":[0.88541,-0.137242,0.444088],"extended":false,"handId":786,"id":7864,"length":50.4826,"mcpPosition":[-69.0628,286.501,56.4558],"pipPosition":[-53.659,269.767,29.4081],"stabilizedTipPosition":[-33.4699,263.602,198.73],"timeVisible":10.819,"tipPosition":[-31.202,270.304,50.3621],"tipVelocity":[5.60574,44.948,-79.3964],"tool":false,"touchDistance":0.333333,"touchZone":"none","type":4,"width":16.0485}],"r":[[0.982095,-0.186703,0.0251392],[0.184205,0.923737,-0.335825],[0.0394776,0.334443,0.941589]],"s":0.999484,"t":[-0.0260723,14.6925,-168.757],"timestamp":606632769179},false],[5,{"currentFrameRate":106.297,"devices":[],"gestures":[],"hands":[{"armBasis":[[-0.824749,-0.561259,-0.0691142],[-0.53237,0.729393,0.429614],[0.190713,-0.391118,0.900364]],"armWidth":63.6845,"confidence":0.77362,"direction":[-0.425333,-0.0592845,-0.903093],"elbow":[27.0281,209.239,346.389],"grabStrength":0,"id":786,"palmNormal":[0.632886,-0.732783,-0.249968],"palmPosition":[-39.7296,313.583,50.9467],"palmVelocity":[22.6842,49.7702,-93.4029],"palmWidth":90.9393,"pinchStrength":1,"r":[[0.981442,-0.189646,0.0283952],[0.188186,0.924084,-0.332647],[0.0368454,0.331817,0.942624]],"s":0.999199,"sphereCenter":[-9.79674,311.506,9.90509],"sphereRadius":52.9083,"stabilizedPalmPosition":[-43.5708,305.814,206.295],"t":[0.213526,15.1782,-169.883],"timeVisible":10.8281,"type":"left","wrist":[-24.4358,314.782,103.426]}],"id":4390769,"interactionBox":{"center":[0,200,0],"size":[235.247,235.247,147.751]},"pointables":[{"bases":[[[-0.909399,0.371078,0.187871],[0.40362,0.896397,0.183203],[0.100425,-0.242433,0.964957]],[[-0.850487,0.441411,-0.286054],[0.49937,0.848429,-0.175496],[-0.165231,0.292104,0.942005]],[[-0.850487,0.441411,-0.286054],[0.478891,0.424864,-0.768214],[0.217564,0.790346,0.57273]],[[-0.850487,0.441411,-0.286054],[0.275704,-0.0890378,-0.95711],[0.447949,0.892876,0.0459735]]],"btipPosition":[-7.36497,263.999,26.2788],"carpPosition":[2.28334,326.39,93.8673],"dipPosition":[3.1128,284.884,27.3541],"direction":[-0.217564,-0.790346,-0.57273],"extended":false,"handId":786,"id":7860,"length":52.0873,"mcpPosition":[2.28334,326.39,93.8673],"pipPosition":[10.5267,311.817,46.8708],"stabilizedTipPosition":[-12.36,262.994,143.867],"timeVisible":10.8281,"tipPosition":[-5.12569,268.384,26.6218],"tipVelocity":[21.8602,52.8133,-91.4898],"tool":false,"touchDistance":-0.381549,"touchZone":"touching","type":0,"width":20.2387},{"bases":[[[-0.709182,-0.678205,0.192608],[-0.671969,0.73289,0.106442],[0.21335,0.0539404,0.975486]],[[-0.730945,-0.679449,0.0637787],[-0.649492,0.721302,0.240592],[0.209474,-0.134436,0.968529]],[[-0.730945,-0.679449,0.0637787],[-0.677602,0.733695,0.0504579],[0.0810777,0.00633458,0.996688]],[[-0.730945,-0.679449,0.0637787],[-0.681825,0.723142,-0.110362],[-0.0288643,0.124154,0.991843]]],"btipPosition":[-45.996,334.145,-62.418],"carpPosition":[-19.8485,334.612,91.909],"dipPosition":[-46.4889,336.265,-45.4812],"direction":[-0.0810777,-0.00633458,-0.996688],"extended":true,"handId":786,"id":7861,"length":58.7747,"mcpPosition":[-35.5359,330.646,20.1828],"pipPosition":[-44.5303,336.418,-21.4043],"stabilizedTipPosition":[-49.413,319.758,45.5501],"timeVisible":10.8281,"tipPosition":[-45.2658,334.278,-58.6314],"tipVelocity":[67.2078,87.298,-87.2344],"tool":false,"touchDistance":-0.372167,"touchZone":"touching","type":1,"width":19.332},{"bases":[[[-0.548823,-0.779619,0.301643],[-0.777344,0.608687,0.158863],[0.307458,0.147292,0.940093]],[[-0.562074,-0.785446,0.259129],[-0.721377,0.312296,-0.618131],[-0.404584,0.534365,0.742136]],[[-0.562074,-0.785446,0.259129],[0.360798,-0.514769,-0.777713],[-0.744243,0.343639,-0.572726]],[[-0.562074,-0.785446,0.259129],[0.801719,-0.594403,-0.0626956],[-0.203271,-0.172509,-0.963806]]],"btipPosition":[-6.73,285.031,26.9363],"carpPosition":[-29.751,327.57,93.8606],"dipPosition":[-10.5477,281.791,8.83457],"direction":[0.744243,-0.343639,0.572726],"extended":false,"handId":786,"id":7862,"length":66.9691,"mcpPosition":[-51.1898,317.3,28.3087],"pipPosition":[-31.6995,291.557,-7.44262],"stabilizedTipPosition":[-12.5777,275.804,171],"timeVisible":10.8281,"tipPosition":[-7.29408,284.277,23.4127],"tipVelocity":[22.0111,45.3297,-104.599],"tool":false,"touchDistance":0.333333,"touchZone":"none","type":2,"width":18.9866},{"bases":[[[-0.437424,-0.793098,0.423857],[-0.804371,0.555816,0.209895],[0.402054,0.249125,0.881073]],[[-0.425409,-0.785427,0.44959],[-0.842471,0.162236,-0.513734],[-0.330561,0.597314,0.730716]],[[-0.425409,-0.785427,0.44959],[0.276859,-0.585913,-0.761613],[-0.861613,0.199524,-0.466705]],[[-0.425409,-0.785427,0.44959],[0.838127,-0.529338,-0.131697],[-0.341423,-0.320789,-0.883473]]],"btipPosition":[-17.5869,276.669,38.5477],"carpPosition":[-37.4081,318.472,96.9182],"dipPosition":[-23.9625,270.678,22.0501],"direction":[0.861613,-0.199524,0.466705],"extended":false,"handId":786,"id":7863,"length":64.3926,"mcpPosition":[-62.5787,302.875,41.7585],"pipPosition":[-47.8176,276.203,9.1286],"stabilizedTipPosition":[-20.918,269.124,185.785],"timeVisible":10.8281,"tipPosition":[-18.622,275.359,35.2393],"tipVelocity":[14.6823,44.8782,-103.505],"tool":false,"touchDistance":0.333333,"touchZone":"none","type":3,"width":18.067},{"bases":[[[-0.248992,-0.839796,0.482437],[-0.823912,0.445506,0.350276],[0.509089,0.31027,0.802846]],[[-0.322599,-0.876858,0.35644],[-0.83879,0.0903427,-0.536907],[-0.43859,0.472184,0.764645]],[[-0.322599,-0.876858,0.35644],[0.342743,-0.459233,-0.819532],[-0.882302,0.142213,-0.448685]],[[-0.322599,-0.876858,0.35644],[0.86779,-0.424367,-0.258561],[-0.377983,-0.225903,-0.897829]]],"btipPosition":[-29.6146,271.529,51.9984],"carpPosition":[-39.3697,305.086,101.31],"dipPosition":[-36.1262,267.638,36.5313],"direction":[0.882302,-0.142213,0.448685],"extended":false,"handId":786,"id":7864,"length":50.4826,"mcpPosition":[-68.8729,287.104,54.7826],"pipPosition":[-53.3733,270.418,27.7605],"stabilizedTipPosition":[-33.4681,263.607,198.612],"timeVisible":10.8281,"tipPosition":[-31.0372,270.791,48.8447],"tipVelocity":[9.14212,47.4331,-103.664],"tool":false,"touchDistance":0.333333,"touchZone":"none","type":4,"width":16.0485}],"r":[[0.981442,-0.189646,0.0283952],[0.188186,0.924084,-0.332647],[0.0368454,0.331817,0.942624]],"s":0.999199,"t":[0.213526,15.1782,-169.883],"timestamp":606632778252},false],[6,{"currentFrameRate":106.486,"devices":[],"gestures":[],"hands":[{"armBasis":[[-0.824197,-0.561988,-0.0697763],[-0.533653,0.729527,0.427791],[0.18951,-0.38982,0.90118]],"armWidth":63.6845,"confidence":0.777061,"direction":[-0.422297,-0.0560556,-0.904722],"elbow":[26.8047,209.895,345.449],"grabStrength":0,"id":786,"palmNormal":[0.632305,-0.733376,-0.249702],"palmPosition":[-39.4475,314.057,49.7301],"palmVelocity":[25.0285,50.5042,-104.738],"palmWidth":90.9393,"pinchStrength":1,"r":[[0.980807,-0.192409,0.0315746],[0.191959,0.924446,-0.329471],[0.0342042,0.329208,0.943638]],"s":0.999082,"sphereCenter":[-9.51396,311.95,8.82499],"sphereRadius":52.8473,"stabilizedPalmPosition":[-43.5484,305.858,205.445],"t":[0.474352,15.6582,-171.054],"timeVisible":10.8371,"type":"left","wrist":[-24.3345,315.088,102.266]}],"id":4390770,"interactionBox":{"center":[0,200,0],"size":[235.247,235.247,147.751]},"pointables":[{"bases":[[[-0.909313,0.372385,0.185686],[0.404749,0.895107,0.186979],[0.0965802,-0.245179,0.964655]],[[-0.848491,0.443867,-0.288176],[0.502101,0.847254,-0.173365],[-0.167207,0.291792,0.941753]],[[-0.848491,0.443867,-0.288176],[0.482018,0.423416,-0.767057],[0.218453,0.789747,0.573217]],[[-0.848491,0.443867,-0.288176],[0.27642,-0.0926368,-0.956562],[0.451282,0.891291,0.0440921]]],"btipPosition":[-7.21729,264.35,25.282],"carpPosition":[2.4407,326.667,92.8305],"dipPosition":[3.33846,285.198,26.3133],"direction":[-0.218453,-0.789747,-0.573217],"extended":false,"handId":786,"id":7860,"length":52.0873,"mcpPosition":[2.4407,326.667,92.8305],"pipPosition":[10.7826,312.11,45.8466],"stabilizedTipPosition":[-12.2839,263.056,142.678],"timeVisible":10.8371,"tipPosition":[-4.90613,268.808,25.5307],"tipVelocity":[20.8821,48.6761,-96.9621],"tool":false,"touchDistance":-0.386832,"touchZone":"touching","type":0,"width":20.2387},{"bases":[[[-0.711188,-0.677302,0.188342],[-0.670887,0.733939,0.106041],[0.210054,0.0509412,0.976362]],[[-0.732225,-0.678252,0.0618212],[-0.648198,0.721871,0.242366],[0.209012,-0.137394,0.968213]],[[-0.732225,-0.678252,0.0618212],[-0.676307,0.734818,0.0514927],[0.0803524,0.00410584,0.996758]],[[-0.732225,-0.678252,0.0618212],[-0.680407,0.724516,-0.110104],[-0.0298875,0.122684,0.991996]]],"btipPosition":[-45.5182,334.898,-63.5652],"carpPosition":[-19.6679,334.938,90.8169],"dipPosition":[-46.0286,336.993,-46.6259],"direction":[-0.0803524,-0.00410584,-0.996758],"extended":true,"handId":786,"id":7861,"length":58.7747,"mcpPosition":[-35.1129,331.193,19.0264],"pipPosition":[-44.0875,337.092,-22.5472],"stabilizedTipPosition":[-49.1503,320.844,38.2332],"timeVisible":10.8371,"tipPosition":[-44.7659,335.06,-59.7798],"tipVelocity":[63.1218,86.0071,-98.1396],"tool":false,"touchDistance":-0.380483,"touchZone":"touching","type":1,"width":19.332},{"bases":[[[-0.55141,-0.779321,0.297665],[-0.776689,0.609807,0.157766],[0.304469,0.144199,0.941544]],[[-0.564522,-0.785009,0.255101],[-0.718845,0.315669,-0.619366],[-0.405681,0.533024,0.742502]],[[-0.564522,-0.785009,0.255101],[0.362312,-0.513354,-0.777944],[-0.74165,0.34674,-0.574218]],[[-0.564522,-0.785009,0.255101],[0.8008,-0.59579,-0.061275],[-0.200088,-0.169694,-0.964971]]],"btipPosition":[-6.44222,285.511,25.7366],"carpPosition":[-29.591,327.911,92.7154],"dipPosition":[-10.2002,282.324,7.61298],"direction":[0.74165,-0.34674,0.574218],"extended":false,"handId":786,"id":7862,"length":66.9691,"mcpPosition":[-50.8214,317.856,27.0623],"pipPosition":[-31.2783,292.179,-8.70662],"stabilizedTipPosition":[-12.5762,275.806,170.957],"timeVisible":10.8371,"tipPosition":[-6.99487,284.765,22.2015],"tipVelocity":[25.1348,47.8445,-112.487],"tool":false,"touchDistance":0.333333,"touchZone":"none","type":2,"width":18.9866},{"bases":[[[-0.440466,-0.793345,0.420231],[-0.803998,0.556856,0.208564],[0.399471,0.246,0.883123]],[[-0.428537,-0.785773,0.446001],[-0.840338,0.165272,-0.516253],[-0.331946,0.596025,0.73114]],[[-0.428537,-0.785773,0.446001],[0.278364,-0.584433,-0.762202],[-0.859575,0.202481,-0.469182]],[[-0.428537,-0.785773,0.446001],[0.837528,-0.530657,-0.130189],[-0.338973,-0.317748,-0.885513]]],"btipPosition":[-17.3341,277.131,37.3111],"carpPosition":[-37.2767,318.82,95.7222],"dipPosition":[-23.6639,271.198,20.7754],"direction":[0.859576,-0.202481,0.469182],"extended":false,"handId":786,"id":7863,"length":64.3926,"mcpPosition":[-62.2856,303.419,40.4342],"pipPosition":[-47.4626,276.804,7.78533],"stabilizedTipPosition":[-20.9173,269.126,185.738],"timeVisible":10.8371,"tipPosition":[-18.3622,275.833,33.9935],"tipVelocity":[18.6629,47.0104,-112.933],"tool":false,"touchDistance":0.333333,"touchZone":"none","type":3,"width":18.067},{"bases":[[[-0.252332,-0.840571,0.479343],[-0.824247,0.446214,0.348583],[0.506898,0.307138,0.805432]],[[-0.325573,-0.877155,0.352989],[-0.836745,0.0934408,-0.539562],[-0.440296,0.471029,0.764377]],[[-0.325573,-0.877155,0.352989],[0.344658,-0.45774,-0.819564],[-0.880462,0.145167,-0.451346]],[[-0.325573,-0.877155,0.352989],[0.867834,-0.425411,-0.256688],[-0.375321,-0.222766,-0.899728]]],"btipPosition":[-29.4196,271.98,50.7045],"carpPosition":[-39.2801,305.426,100.072],"dipPosition":[-35.8853,268.143,35.2047],"direction":[0.880462,-0.145167,0.451346],"extended":false,"handId":786,"id":7864,"length":50.4826,"mcpPosition":[-68.6563,287.627,53.3945],"pipPosition":[-53.0965,270.981,26.3818],"stabilizedTipPosition":[-33.4663,263.612,198.507],"timeVisible":10.8371,"tipPosition":[-30.833,271.253,47.5423],"tipVelocity":[12.8889,48.4857,-114.759],"tool":false,"touchDistance":0.333333,"touchZone":"none","type":4,"width":16.0485}],"r":[[0.980807,-0.192409,0.0315746],[0.191959,0.924446,-0.329471],[0.0342042,0.