{"sensorType":"Leap","data":[[0,{"currentFrameRate":110.172,"devices":[],"gestures":[],"hands":[{"armBasis":[[0.78852,0.0491117,-0.613046],[0.271771,0.866375,0.418968],[0.551704,-0.496973,0.669807]],"armWidth":63.72,"confidence":0.678203,"direction":[-0.0576756,0.0785727,-0.995239],"elbow":[129.74,166.518,281.498],"grabStrength":0,"id":788,"palmNormal":[-0.269278,-0.961174,-0.0602783],"palmPosition":[-30.8262,302.807,47.2303],"palmVelocity":[1.23528,4.45031,-52.1039],"palmWidth":90.99,"pinchStrength":1,"r":[[0.983736,-0.175622,0.0376748],[0.178426,0.931358,-0.317389],[0.0206518,0.31895,0.947547]],"s":0.999881,"sphereCenter":[-48.8048,271.556,22.211],"sphereRadius":44.976,"stabilizedPalmPosition":[-10.9782,283.014,116.765],"t":[-18.975,39.2166,-50.5485],"timeVisible":41.2245,"type":"right","wrist":[-19.2204,300.7,100.65]}],"id":4396512,"interactionBox":{"center":[0,200,0],"size":[235.247,235.247,147.751]},"pointables":[{"bases":[[[0.616433,0.768591,-0.17111],[-0.630742,0.61207,0.477006],[0.471354,-0.186116,0.862083]],[[0.459323,0.789932,-0.406239],[-0.828503,0.545911,0.124758],[0.320321,0.279266,0.90521]],[[0.459323,0.789932,-0.406239],[-0.887837,0.422538,-0.182226],[0.0277054,0.444375,0.895412]],[[0.459323,0.789932,-0.406239],[-0.805299,0.17732,-0.56573],[-0.374854,0.586997,0.717579]]],"btipPosition":[-57.4984,254.762,13.0785],"carpPosition":[-49.337,297.591,105.588],"dipPosition":[-66.2713,268.5,29.8724],"direction":[-0.0277054,-0.444375,-0.895412],"extended":false,"handId":788,"id":7880,"length":52.1164,"mcpPosition":[-49.337,297.591,105.588],"pipPosition":[-65.3267,283.651,60.4021],"stabilizedTipPosition":[-52.0218,244.933,78.6184],"timeVisible":41.2245,"tipPosition":[-60.2299,258.224,16.6247],"tipVelocity":[19.7918,-9.3701,-28.7948],"tool":false,"touchDistance":-0.353868,"touchZone":"touching","type":0,"width":20.25},{"bases":[[[0.938003,-0.247571,-0.242609],[0.233921,0.968619,-0.0840192],[0.255797,0.0220589,0.966479]],[[0.964143,-0.242241,-0.108388],[0.251114,0.964866,0.0773034],[0.0858542,-0.101749,0.991098]],[[0.964143,-0.242241,-0.108388],[0.239632,0.97017,-0.0366856],[0.114042,0.00939688,0.993431]],[[0.964143,-0.242241,-0.108388],[0.227487,0.96472,-0.132534],[0.13667,0.103125,0.985234]]],"btipPosition":[-64.5343,315.852,-59.0291],"carpPosition":[-36.9354,315.093,95.4993],"dipPosition":[-62.1992,317.614,-42.1957],"direction":[-0.114042,-0.00939688,-0.993432],"extended":true,"handId":788,"id":7881,"length":58.8075,"mcpPosition":[-55.7542,313.47,24.3959],"pipPosition":[-59.4428,317.842,-18.1841],"stabilizedTipPosition":[-51.1697,303.444,-3.19267],"timeVisible":41.2245,"tipPosition":[-63.6442,315.639,-55.1781],"tipVelocity":[4.48054,-15.5954,-58.3073],"tool":false,"touchDistance":-0.383166,"touchZone":"touching","type":1,"width":19.3428},{"bases":[[[0.910224,-0.403789,-0.0919021],[0.394693,0.913068,-0.102586],[0.125336,0.0571035,0.99047]],[[0.915124,-0.400645,-0.0450661],[0.198533,0.545097,-0.814527],[0.350901,0.736446,0.578373]],[[0.915124,-0.400645,-0.0450661],[-0.311802,-0.632434,-0.709089],[0.255591,0.662956,-0.703678]],[[0.915124,-0.400645,-0.0450661],[-0.400118,-0.916233,0.0205611],[-0.0495287,-0.000784222,-0.998772]]],"btipPosition":[-57.2576,255.395,33.6299],"carpPosition":[-25.2622,313.713,91.8318],"dipPosition":[-58.1884,255.38,14.861],"direction":[-0.255591,-0.662956,0.703678],"extended":false,"handId":788,"id":7882,"length":67.0064,"mcpPosition":[-34.0067,309.729,22.7287],"pipPosition":[-50.9203,274.232,-5.1491],"stabilizedTipPosition":[-43.0069,243.829,104.652],"timeVisible":41.2245,"tipPosition":[-57.2861,255.742,29.8564],"tipVelocity":[-11.8402,-5.4781,-62.0948],"tool":false,"touchDistance":0.333333,"touchZone":"none","type":2,"width":18.9972},{"bases":[[[0.886387,-0.458659,0.062852],[0.46251,0.883241,-0.0772639],[-0.0200757,0.0975553,0.995028]],[[0.884396,-0.453437,0.110629],[0.344901,0.475213,-0.809454],[0.314464,0.754034,0.576667]],[[0.884396,-0.453437,0.110629],[-0.248048,-0.657402,-0.711544],[0.395368,0.601845,-0.693878]],[[0.884396,-0.453437,0.110629],[-0.456151,-0.889902,-0.000868565],[0.0988431,-0.0496956,-0.993861]]],"btipPosition":[-39.4742,254.008,39.5007],"carpPosition":[-13.8824,309.552,89.8034],"dipPosition":[-37.6275,253.079,20.9314],"direction":[-0.395368,-0.601845,0.693878],"extended":false,"handId":788,"id":7883,"length":64.4285,"mcpPosition":[-12.6248,303.441,27.4748],"pipPosition":[-26.675,269.751,1.70959],"stabilizedTipPosition":[-25.2722,239.59,113.353],"timeVisible":41.2245,"tipPosition":[-38.9237,254.228,36.0003],"tipVelocity":[-9.35001,-11.859,-76.8139],"tool":false,"touchDistance":0.333333,"touchZone":"none","type":3,"width":18.077},{"bases":[[[0.78942,-0.583875,0.18949],[0.591142,0.806276,0.0216664],[-0.165431,0.0949114,0.981644]],[[0.718306,-0.538483,0.440536],[0.645652,0.280064,-0.710421],[0.259171,0.794733,0.548844]],[[0.718306,-0.538483,0.440536],[-0.140593,-0.732488,-0.666105],[0.681373,0.416531,-0.601857]],[[0.718306,-0.538483,0.440536],[-0.577063,-0.814839,-0.0550892],[0.388631,-0.214646,-0.896043]]],"btipPosition":[-23.9331,260.989,41.66],"carpPosition":[-4.33598,299.041,90.771],"dipPosition":[-17.2343,257.289,26.2151],"direction":[-0.681373,-0.416531,0.601857],"extended":false,"handId":788,"id":7884,"length":50.5107,"mcpPosition":[5.2566,293.537,33.8502],"pipPosition":[-3.90749,265.436,14.4435],"stabilizedTipPosition":[-8.72401,244.912,104.675],"timeVisible":41.2245,"tipPosition":[-22.3319,260.552,38.5794],"tipVelocity":[-3.45913,-13.0262,-58.4215],"tool":false,"touchDistance":0.333333,"touchZone":"none","type":4,"width":16.0574}],"r":[[0.983736,-0.175622,0.0376748],[0.178426,0.931358,-0.317389],[0.0206518,0.31895,0.947547]],"s":0.999881,"t":[-18.975,39.2166,-50.5485],"timestamp":606686023930},false],[1,{"currentFrameRate":110.213,"devices":[],"gestures":[],"hands":[{"armBasis":[[0.78827,0.0484972,-0.613415],[0.270253,0.868308,0.415938],[0.552805,-0.493649,0.671355]],"armWidth":63.72,"confidence":0.693455,"direction":[-0.0559894,0.0784004,-0.995348],"elbow":[129.886,167.496,281.47],"grabStrength":0,"id":788,"palmNormal":[-0.268124,-0.961473,-0.0606499],"palmPosition":[-30.8843,302.869,46.7642],"palmVelocity":[-0.876451,5.12886,-52.0176],"palmWidth":90.99,"pinchStrength":1,"r":[[0.98347,-0.176847,0.0388781],[0.179928,0.930399,-0.31935],[0.020304,0.321066,0.946839]],"s":0.99855,"sphereCenter":[-49.0546,271.764,21.6967],"sphereRadius":45.0204,"stabilizedPalmPosition":[-10.9782,283.014,116.765],"t":[-19.0121,39.2729,-50.9828],"timeVisible":41.2335,"type":"right","wrist":[-19.3713,300.781,100.204]}],"id":4396513,"interactionBox":{"center":[0,200,0],"size":[235.247,235.247,147.751]},"pointables":[{"bases":[[[0.6159,0.769242,-0.170099],[-0.632256,0.611435,0.475814],[0.470021,-0.185508,0.862941]],[[0.459518,0.790406,-0.405095],[-0.829487,0.544955,0.122372],[0.317482,0.279789,0.906048]],[[0.459518,0.790406,-0.405095],[-0.887812,0.421694,-0.184293],[0.0251599,0.444334,0.895508]],[[0.459518,0.790406,-0.405095],[-0.798891,0.168535,-0.577381],[-0.388093,0.588943,0.708893]]],"btipPosition":[-57.1163,254.74,12.7381],"carpPosition":[-49.4933,297.64,105.089],"dipPosition":[-66.1991,268.524,29.3287],"direction":[-0.0251599,-0.444334,-0.895508],"extended":false,"handId":788,"id":7880,"length":52.1164,"mcpPosition":[-49.4933,297.64,105.089],"pipPosition":[-65.3412,283.674,59.8616],"stabilizedTipPosition":[-52.0297,244.948,78.5508],"timeVisible":41.2335,"tipPosition":[-59.9643,258.208,16.2209],"tipVelocity":[23.8394,-7.13685,-32.7009],"tool":false,"touchDistance":-0.352623,"touchZone":"touching","type":0,"width":20.25},{"bases":[[[0.938702,-0.246577,-0.240912],[0.233016,0.968863,-0.0837112],[0.254052,0.0224436,0.96693]],[[0.964423,-0.241282,-0.108036],[0.250302,0.964903,0.0794422],[0.0850759,-0.103657,0.990968]],[[0.964423,-0.241282,-0.108036],[0.239012,0.970432,-0.0336913],[0.11297,0.00667084,0.993576]],[[0.964423,-0.241282,-0.108036],[0.227064,0.965311,-0.128906],[0.135391,0.0997889,0.985754]]],"btipPosition":[-64.4821,316.09,-59.5475],"carpPosition":[-37.0928,315.154,95.0208],"dipPosition":[-62.1689,317.795,-42.7053],"direction":[-0.11297,-0.00667084,-0.993576],"extended":true,"handId":788,"id":7881,"length":58.8075,"mcpPosition":[-55.7832,313.503,23.8842],"pipPosition":[-59.4383,317.956,-18.6902],"stabilizedTipPosition":[-51.17,303.444,-3.19396],"timeVisible":41.2335,"tipPosition":[-63.5966,315.827,-55.6946],"tipVelocity":[4.68917,-4.46621,-58.0505],"tool":false,"touchDistance":-0.380929,"touchZone":"touching","type":1,"width":19.3428},{"bases":[[[0.910825,-0.402808,-0.0902367],[0.393881,0.913486,-0.101986],[0.123511,0.0573488,0.990685]],[[0.915643,-0.399649,-0.0433318],[0.20064,0.547754,-0.812225],[0.34834,0.735014,0.581733]],[[0.915643,-0.399649,-0.0433318],[-0.308568,-0.629663,-0.712959],[0.257649,0.666187,-0.699866]],[[0.915643,-0.399649,-0.0433318],[-0.399356,-0.916663,0.0156],[-0.0459552,0.00302076,-0.998939]]],"btipPosition":[-57.2818,255.357,32.8901],"carpPosition":[-25.4116,313.786,91.3742],"dipPosition":[-58.1454,255.413,14.118],"direction":[-0.257649,-0.666187,0.699866],"extended":false,"handId":788,"id":7882,"length":67.0064,"mcpPosition":[-34.0287,309.785,22.2562],"pipPosition":[-50.8188,274.357,-5.78362],"stabilizedTipPosition":[-43.0069,243.829,104.651],"timeVisible":41.2335,"tipPosition":[-57.2962,255.717,29.161],"tipVelocity":[-8.85675,-4.6379,-67.6348],"tool":false,"touchDistance":0.333333,"touchZone":"none","type":2,"width":18.9972},{"bases":[[[0.886772,-0.457687,0.0644809],[0.461686,0.883735,-0.0765395],[-0.0219529,0.0976429,0.994979]],[[0.884686,-0.452455,0.112313],[0.345647,0.474955,-0.809287],[0.312822,0.754786,0.576576]],[[0.884686,-0.452455,0.112313],[-0.24605,-0.657808,-0.711862],[0.395966,0.60214,-0.69328]],[[0.884686,-0.452455,0.112313],[-0.455122,-0.890427,-0.0021192],[0.100966,-0.0492414,-0.993671]]],"btipPosition":[-39.4808,254.037,39.0508],"carpPosition":[-14.0236,309.638,89.3665],"dipPosition":[-37.5943,253.117,20.4851],"direction":[-0.395966,-0.60214,0.69328],"extended":false,"handId":788,"id":7883,"length":64.4285,"mcpPosition":[-12.6485,303.521,27.041],"pipPosition":[-26.6253,269.798,1.27984],"stabilizedTipPosition":[-25.2722,239.59,113.352],"timeVisible":41.2335,"tipPosition":[-38.9205,254.258,35.5225],"tipVelocity":[-6.70372,-7.63776,-69.4196],"tool":false,"touchDistance":0.333333,"touchZone":"none","type":3,"width":18.077},{"bases":[[[0.789716,-0.582995,0.19096],[0.590225,0.806921,0.0226282],[-0.167282,0.0948394,0.981337]],[[0.718114,-0.537658,0.441855],[0.648116,0.285417,-0.706033],[0.253491,0.793386,0.553427]],[[0.718114,-0.537658,0.441855],[-0.133116,-0.729316,-0.671103],[0.683075,0.423111,-0.595303]],[[0.718114,-0.537658,0.441855],[-0.573289,-0.816975,-0.0623875],[0.394528,-0.208509,-0.894914]]],"btipPosition":[-23.8914,260.903,40.9494],"carpPosition":[-4.46754,299.137,90.3523],"dipPosition":[-17.0911,257.309,25.524],"direction":[-0.683075,-0.423111,0.595303],"extended":false,"handId":788,"id":7884,"length":50.5107,"mcpPosition":[5.23233,293.638,33.4493],"pipPosition":[-3.73091,265.584,13.8806],"stabilizedTipPosition":[-8.72409,244.912,104.674],"timeVisible":41.2335,"tipPosition":[-22.2919,260.508,37.9292],"tipVelocity":[-0.525609,-11.3533,-63.9206],"tool":false,"touchDistance":0.333333,"touchZone":"none","type":4,"width":16.0574}],"r":[[0.98347,-0.176847,0.0388781],[0.179928,0.930399,-0.31935],[0.020304,0.321066,0.946839]],"s":0.99855,"t":[-19.0121,39.2729,-50.9828],"timestamp":606686032931},false],[2,{"currentFrameRate":110.213,"devices":[],"gestures":[],"hands":[{"armBasis":[[0.788213,0.0477652,-0.613546],[0.269256,0.869725,0.413619],[0.553372,-0.491221,0.672667]],"armWidth":63.72,"confidence":0.704352,"direction":[-0.0548418,0.077936,-0.995449],"elbow":[129.903,168.223,281.389],"grabStrength":0,"id":788,"palmNormal":[-0.267379,-0.961686,-0.0605621],"palmPosition":[-30.9577,302.91,46.314],"palmVelocity":[-2.87248,4.94856,-51.354],"palmWidth":90.99,"pinchStrength":1,"r":[[0.98327,-0.177684,0.0400955],[0.181078,0.929624,-0.320951],[0.0197543,0.322842,0.946247]],"s":0.997716,"sphereCenter":[-49.4475,272.063,21.2135],"sphereRadius":45.0651,"stabilizedPalmPosition":[-10.9783,283.014,116.765],"t":[-19.0673,39.3213,-51.4251],"timeVisible":41.2426,"type":"right","wrist":[-19.5079,300.852,99.769]}],"id":4396514,"interactionBox":{"center":[0,200,0],"size":[235.247,235.247,147.751]},"pointables":[{"bases":[[[0.615568,0.7696,-0.169684],[-0.633257,0.611196,0.474789],[0.469107,-0.184811,0.863587]],[[0.459451,0.790554,-0.404882],[-0.830156,0.544301,0.120736],[0.315826,0.280643,0.906363]],[[0.459451,0.790554,-0.404882],[-0.887899,0.420725,-0.186079],[0.0232385,0.444989,0.895235]],[[0.459451,0.790554,-0.404882],[-0.793557,0.160606,-0.586918],[-0.398964,0.590957,0.70114]]],"btipPosition":[-56.8539,254.681,12.4427],"carpPosition":[-49.6335,297.693,104.619],"dipPosition":[-66.1911,268.511,28.8519],"direction":[-0.0232385,-0.444989,-0.895235],"extended":false,"handId":788,"id":7880,"length":52.1164,"mcpPosition":[-49.6335,297.693,104.619],"pipPosition":[-65.3988,283.684,59.3754],"stabilizedTipPosition":[-52.0384,244.964,78.4723],"timeVisible":41.2426,"tipPosition":[-59.7835,258.161,15.8647],"tipVelocity":[23.4594,-6.64876,-33.9328],"tool":false,"touchDistance":-0.350751,"touchZone":"touching","type":0,"width":20.25},{"bases":[[[0.939164,-0.246024,-0.239672],[0.23244,0.96899,-0.0838444],[0.252868,0.0230343,0.967227]],[[0.964497,-0.240755,-0.108552],[0.250051,0.964752,0.0820306],[0.0849764,-0.106262,0.9907]],[[0.964497,-0.240755,-0.108552],[0.238932,0.970582,-0.0296954],[0.112508,0.0027046,0.993647]],[[0.964497,-0.240755,-0.108552],[0.227178,0.965946,-0.123845],[0.134672,0.094787,0.986346]]],"btipPosition":[-64.5076,316.397,-60.0326],"carpPosition":[-37.2331,315.211,94.5579],"dipPosition":[-62.2066,318.016,-43.1803],"direction":[-0.112508,-0.0027046,-0.993647],"extended":true,"handId":788,"id":7881,"length":58.8075,"mcpPosition":[-55.8365,313.516,23.3994],"pipPosition":[-59.4873,318.081,-19.1635],"stabilizedTipPosition":[-51.1703,303.444,-3.19491],"timeVisible":41.2426,"tipPosition":[-63.6278,316.054,-56.177],"tipVelocity":[2.5302,5.51346,-56.7131],"tool":false,"touchDistance":-0.378411,"touchZone":"touching","type":1,"width":19.3428},{"bases":[[[0.911215,-0.40221,-0.0889642],[0.393366,0.913717,-0.101901],[0.122274,0.0578584,0.990809]],[[0.915976,-0.399025,-0.0420255],[0.201709,0.548494,-0.81146],[0.346844,0.734802,0.582894]],[[0.915976,-0.399025,-0.0420255],[-0.306771,-0.628969,-0.714345],[0.258609,0.667216,-0.698531]],[[0.915976,-0.399025,-0.0420255],[-0.398806,-0.916931,0.0138417],[-0.0440577,0.00408134,-0.999021]]],"btipPosition":[-57.3214,255.346,32.3408],"carpPosition":[-25.5466,313.85,90.926],"dipPosition":[-58.1493,255.422,13.5672],"direction":[-0.258609,-0.667216,0.69853],"extended":false,"handId":788,"id":7882,"length":67.0064,"mcpPosition":[-34.0774,309.813,21.7992],"pipPosition":[-50.7954,274.396,-6.2965],"stabilizedTipPosition":[-43.007,243.829,104.651],"timeVisible":41.2426,"tipPosition":[-57.3318,255.703,28.6173],"tipVelocity":[-7.36203,-3.55114,-65.6853],"tool":false,"touchDistance":0.333333,"touchZone":"none","type":2,"width":18.9972},{"bases":[[[0.887013,-0.45704,0.0657476],[0.46116,0.884025,-0.0763601],[-0.023223,0.0980526,0.99491]],[[0.88486,-0.451777,0.113671],[0.346698,0.475642,-0.808434],[0.311165,0.75476,0.577506]],[[0.88486,-0.451777,0.113671],[-0.243558,-0.656635,-0.7138],[0.397118,0.603927,-0.691064]],[[0.88486,-0.451777,0.113671],[-0.454143,-0.890911,-0.00563023],[0.103814,-0.0466409,-0.993503]]],"btipPosition":[-39.542,253.985,38.5163],"carpPosition":[-14.1533,309.708,88.9338],"dipPosition":[-37.6023,253.114,19.9537],"direction":[-0.397118,-0.603927,0.691064],"extended":false,"handId":788,"id":7883,"length":64.4285,"mcpPosition":[-12.6986,303.566,26.6126],"pipPosition":[-26.6013,269.844,0.809877],"stabilizedTipPosition":[-25.2723,239.59,113.352],"timeVisible":41.2426,"tipPosition":[-38.967,254.224,34.9875],"tipVelocity":[-6.34215,-6.76969,-66.4928],"tool":false,"touchDistance":0.333333,"touchZone":"none","type":3,"width":18.077},{"bases":[[[0.789892,-0.582361,0.192163],[0.589633,0.807344,0.0229956],[-0.168533,0.0951416,0.981094]],[[0.718004,-0.536999,0.442834],[0.648857,0.286141,-0.705059],[0.251903,0.793571,0.553886]],[[0.718004,-0.536999,0.442834],[-0.130501,-0.728798,-0.672178],[0.683696,0.424836,-0.593359]],[[0.718004,-0.536999,0.442834],[-0.571653,-0.817919,-0.0649732],[0.397093,-0.206497,-0.894246]]],"btipPosition":[-23.9426,260.888,40.4811],"carpPosition":[-4.59106,299.215,89.9356],"dipPosition":[-17.098,257.328,25.0671],"direction":[-0.683696,-0.424836,0.593359],"extended":false,"handId":788,"id":7884,"length":50.5107,"mcpPosition":[5.18137,293.698,33.0467],"pipPosition":[-3.72571,265.638,13.4617],"stabilizedTipPosition":[-8.72416,244.912,104.674],"timeVisible":41.2426,"tipPosition":[-22.3315,260.503,37.4581],"tipVelocity":[-1.62873,-8.42296,-60.4399],"tool":false,"touchDistance":0.333333,"touchZone":"none","type":4,"width":16.0574}],"r":[[0.98327,-0.177684,0.0400955],[0.181078,0.929624,-0.320951],[0.0197543,0.322842,0.946247]],"s":0.997716,"t":[-19.0673,39.3213,-51.4251],"timestamp":606686042004},false],[3,{"currentFrameRate":110.202,"devices":[],"gestures":[],"hands":[{"armBasis":[[0.788268,0.0518518,-0.613144],[0.26553,0.87023,0.414963],[0.555092,-0.48991,0.672206]],"armWidth":63.72,"confidence":0.711909,"direction":[-0.0527841,0.0737329,-0.99588],"elbow":[130.131,168.849,280.779],"grabStrength":0,"id":788,"palmNormal":[-0.264411,-0.962709,-0.0572625],"palmPosition":[-31.0767,302.932,45.7943],"palmVelocity":[-5.69975,4.24329,-52.9586],"palmWidth":90.99,"pinchStrength":1,"r":[[0.983195,-0.177739,0.0416642],[0.181598,0.928847,-0.322903],[0.0186928,0.325043,0.945514]],"s":0.997158,"sphereCenter":[-49.7178,272.15,20.7547],"sphereRadius":45.1099,"stabilizedPalmPosition":[-10.9783,283.014,116.765],"t":[-19.1545,39.3564,-51.9061],"timeVisible":41.2517,"type":"right","wrist":[-19.7436,301.125,99.2832]}],"id":4396515,"interactionBox":{"center":[0,200,0],"size":[235.247,235.247,147.751]},"pointables":[{"bases":[[[0.61369,0.770717,-0.171405],[-0.63614,0.611248,0.470852],[0.467664,-0.17992,0.865401]],[[0.458394,0.790279,-0.406613],[-0.831877,0.542556,0.11668],[0.31282,0.284766,0.906119]],[[0.458394,0.790279,-0.406613],[-0.88853,0.417675,-0.189901],[0.019757,0.448337,0.893646]],[[0.458394,0.790279,-0.406613],[-0.787444,0.149015,-0.598102],[-0.412077,0.594351,0.690608]]],"btipPosition":[-56.5157,254.485,12.2137],"carpPosition":[-49.8709,297.896,104.077],"dipPosition":[-66.1598,268.395,28.3764],"direction":[-0.019757,-0.448337,-0.893646],"extended":false,"handId":788,"id":7880,"length":52.1164,"mcpPosition":[-49.8709,297.896,104.077],"pipPosition":[-65.4861,283.681,58.8458],"stabilizedTipPosition":[-52.0487,244.983,78.3764],"timeVisible":41.2517,"tipPosition":[-59.5337,257.961,15.5629],"tipVelocity":[25.1146,-10.2189,-33.2348],"tool":false,"touchDistance":-0.348294,"touchZone":"touching","type":0,"width":20.25},{"bases":[[[0.940432,-0.244224,-0.236523],[0.229782,0.969323,-0.0872519],[0.250577,0.0277056,0.9677]],[[0.965235,-0.23845,-0.107068],[0.247538,0.965448,0.0814525],[0.0839458,-0.105124,0.99091]],[[0.965235,-0.23845,-0.107068],[0.23663,0.971149,-0.0295883],[0.111034,0.00322431,0.993811]],[[0.965235,-0.23845,-0.107068],[0.225095,0.966511,-0.123246],[0.13287,0.0948608,0.986584]]],"btipPosition":[-64.4942,316.189,-60.6691],"carpPosition":[-37.499,315.41,93.9733],"dipPosition":[-62.224,317.81,-43.8127],"direction":[-0.111034,-0.00322431,-0.993811],"extended":true,"handId":788,"id":7881,"length":58.8075,"mcpPosition":[-55.9338,313.372,22.78],"pipPosition":[-59.5403,317.888,-19.7919],"stabilizedTipPosition":[-51.1704,303.444,-3.19556],"timeVisible":41.2517,"tipPosition":[-63.6218,315.801,-56.8105],"tipVelocity":[2.02099,-2.32142,-60.3605],"tool":false,"touchDistance":-0.378436,"touchZone":"touching","type":1,"width":19.3428},{"bases":[[[0.912595,-0.399879,-0.0852459],[0.390911,0.914452,-0.104716],[0.119827,0.0622398,0.990842]],[[0.917241,-0.396488,-0.0382984],[0.201969,0.54579,-0.813217],[0.343334,0.738181,0.580699]],[[0.917241,-0.396488,-0.0382984],[-0.303208,-0.632606,-0.712653],[0.258331,0.665287,-0.70047]],[[0.917241,-0.396488,-0.0382984],[-0.396154,-0.91804,0.0162785],[-0.0416137,0.000240751,-0.999134]]],"btipPosition":[-57.2731,255.223,31.9493],"carpPosition":[-25.8002,314.069,90.3737],"dipPosition":[-58.0551,255.227,13.1735],"direction":[-0.258331,-0.665287,0.70047],"extended":false,"handId":788,"id":7882,"length":67.0064,"mcpPosition":[-34.1603,309.726,21.2446],"pipPosition":[-50.7091,274.146,-6.7453],"stabilizedTipPosition":[-43.007,243.829,104.651],"timeVisible":41.2517,"tipPosition":[-57.2766,255.564,28.2167],"tipVelocity":[-3.53122,-6.81341,-59.4308],"tool":false,"touchDistance":0.333333,"touchZone":"none","type":2,"width":18.9972},{"bases":[[[0.888199,-0.454151,0.0696319],[0.458733,0.885064,-0.0788996],[-0.0257963,0.102021,0.994448]],[[0.885917,-0.448693,0.117586],[0.347988,0.475315,-0.808072],[0.306686,0.756803,0.577229]],[[0.885917,-0.448693,0.117586],[-0.237872,-0.657111,-0.715277],[0.398207,0.605706,-0.688877]],[[0.885917,-0.448693,0.117586],[-0.45088,-0.892541,-0.00879987],[0.108898,-0.0452211,-0.993024]]],"btipPosition":[-39.5427,253.814,37.9788],"carpPosition":[-14.3902,309.953,88.4244],"dipPosition":[-37.5081,252.969,19.4251],"direction":[-0.398207,-0.605706,0.688877],"extended":false,"handId":788,"id":7883,"length":64.4285,"mcpPosition":[-12.7744,303.562,26.1322],"pipPosition":[-26.477,269.748,0.341855],"stabilizedTipPosition":[-25.2723,239.59,113.352],"timeVisible":41.2517,"tipPosition":[-38.9445,254.076,34.4706],"tipVelocity":[-3.94306,-9.92782,-64.3845],"tool":false,"touchDistance":0.333333,"touchZone":"none","type":3,"width":18.077},{"bases":[[[0.791157,-0.579244,0.196333],[0.587203,0.809166,0.0210604],[-0.171065,0.0986255,0.980311]],[[0.718783,-0.533224,0.44612],[0.649576,0.286374,-0.704301],[0.247794,0.796029,0.552211]],[[0.718783,-0.533224,0.44612],[-0.125352,-0.730564,-0.67124],[0.683841,0.426553,-0.591958]],[[0.718783,-0.533224,0.44612],[-0.567927,-0.820459,-0.0656161],[0.401011,-0.2062,-0.892565]]],"btipPosition":[-23.9293,260.837,40.0844],"carpPosition":[-4.79952,299.491,89.4907],"dipPosition":[-17.0172,257.283,24.6994],"direction":[-0.683841,-0.426553,0.591958],"extended":false,"handId":788,"id":7884,"length":50.5107,"mcpPosition":[5.11973,293.772,32.6472],"pipPosition":[-3.64205,265.626,13.1214],"stabilizedTipPosition":[-8.72421,244.912,104.674],"timeVisible":41.2517,"tipPosition":[-22.3064,260.46,37.068],"tipVelocity":[-0.299744,-7.60401,-55.5769],"tool":false,"touchDistance":0.333333,"touchZone":"none","type":4,"width":16.0574}],"r":[[0.983195,-0.177739,0.0416642],[0.181598,0.928847,-0.322903],[0.0186928,0.325043,0.945514]],"s":0.997158,"t":[-19.1545,39.3564,-51.9061],"timestamp":606686051098},false],[4,{"currentFrameRate":110.251,"devices":[],"gestures":[],"hands":[{"armBasis":[[0.788947,0.0551954,-0.611977],[0.262535,0.870194,0.416939],[0.555552,-0.489608,0.672046]],"armWidth":63.72,"confidence":0.721345,"direction":[-0.0511852,0.0704091,-0.996204],"elbow":[130.072,169.168,280.409],"grabStrength":0,"id":788,"palmNormal":[-0.262064,-0.963503,-0.054633],"palmPosition":[-31.1695,302.971,45.4417],"palmVelocity":[-6.96975,4.28011,-49.2022],"palmWidth":90.99,"pinchStrength":1,"r":[[0.983201,-0.177294,0.0433817],[0.181697,0.928097,-0.324996],[0.0173573,0.327419,0.94472]],"s":0.996796,"sphereCenter":[-49.9941,272.286,20.4458],"sphereRadius":45.1554,"stabilizedPalmPosition":[-10.9783,283.014,116.765],"t":[-19.2444,39.3937,-52.3229],"timeVisible":41.2606,"type":"right","wrist":[-19.9274,301.363,98.9561]}],"id":4396516,"interactionBox":{"center":[0,200,0],"size":[235.247,235.247,147.751]},"pointables":[{"bases":[[[0.612197,0.771594,-0.172797],[-0.638399,0.61127,0.467756],[0.466543,-0.176045,0.866802]],[[0.45771,0.79007,-0.407788],[-0.833161,0.541257,0.113504],[0.310394,0.287801,0.905994]],[[0.45771,0.79007,-0.407788],[-0.888929,0.415677,-0.192398],[0.0175001,0.450557,0.892576]],[[0.45771,0.79007,-0.407788],[-0.781212,0.138385,-0.608734],[-0.424511,0.597192,0.680553]]],"btipPosition":[-56.2113,254.374,12.1216],"carpPosition":[-50.0555,298.079,103.707],"dipPosition":[-66.1463,268.35,28.049],"direction":[-0.0175001,-0.450557,-0.892576],"extended":false,"handId":788,"id":7880,"length":52.1164,"mcpPosition":[-50.0555,298.079,103.707],"pipPosition":[-65.5497,283.712,58.4819],"stabilizedTipPosition":[-52.0613,245.008,78.2541],"timeVisible":41.2606,"tipPosition":[-59.3104,257.839,15.4036],"tipVelocity":[25.4769,-10.337,-28.5848],"tool":false,"touchDistance":-0.343991,"touchZone":"touching","type":0,"width":20.25},{"bases":[[[0.941417,-0.242785,-0.234071],[0.227678,0.969572,-0.089963],[0.248791,0.0314,0.968048]],[[0.965766,-0.236645,-0.106278],[0.245657,0.965921,0.0815448],[0.0833587,-0.104861,0.990987]],[[0.965766,-0.236645,-0.106278],[0.23488,0.971591,-0.029008],[0.110123,0.00305241,0.993913]],[[0.965766,-0.236645,-0.106278],[0.223484,0.966999,-0.122341],[0.131722,0.0944012,0.986782]]],"btipPosition":[-64.5035,316.097,-61.1083],"carpPosition":[-37.7065,315.589,93.5688],"dipPosition":[-62.2529,317.71,-44.2486],"direction":[-0.110123,-0.00305241,-0.993913],"extended":true,"handId":788,"id":7881,"length":58.8075,"mcpPosition":[-56.0099,313.279,22.3499],"pipPosition":[-59.5912,317.784,-20.2253],"stabilizedTipPosition":[-51.1705,303.445,-3.19602],"timeVisible":41.2606,"tipPosition":[-63.6346,315.667,-57.2482],"tipVelocity":[1.04629,-4.54976,-57.1942],"tool":false,"touchDistance":-0.375503,"touchZone":"touching","type":1,"width":19.3428},{"bases":[[[0.913675,-0.398018,-0.0823433],[0.388964,0.915022,-0.106965],[0.11792,0.0657029,0.990847]],[[0.918229,-0.394465,-0.0353904],[0.202211,0.543778,-0.814503],[0.340538,0.740745,0.579078]],[[0.918229,-0.394465,-0.0353904],[-0.300275,-0.635127,-0.711652],[0.258245,0.664087,-0.70164]],[[0.918229,-0.394465,-0.0353904],[-0.394079,-0.918908,0.0175773],[-0.0394541,-0.00219334,-0.999219]]],"btipPosition":[-57.2414,255.132,31.6825],"carpPosition":[-25.9982,314.264,89.9942],"dipPosition":[-57.9829,255.091,12.9051],"direction":[-0.258245,-0.664087,0.70164],"extended":false,"handId":788,"id":7882,"length":67.0064,"mcpPosition":[-34.2253,309.68,20.8648],"pipPosition":[-50.6393,273.975,-7.04698],"stabilizedTipPosition":[-43.007,243.829,104.651],"timeVisible":41.2606,"tipPosition":[-57.238,255.465,27.9422],"tipVelocity":[-1.31185,-8.0293,-51.2919],"tool":false,"touchDistance":0.333333,"touchZone":"none","type":2,"width":18.9972},{"bases":[[[0.88913,-0.451849,0.0726649],[0.456809,0.885875,-0.0809345],[-0.0278018,0.105155,0.994067]],[[0.886752,-0.446248,0.120553],[0.34911,0.475605,-0.807417],[0.302972,0.758065,0.577534]],[[0.886752,-0.446248,0.120553],[-0.233311,-0.657227,-0.716672],[0.399044,0.607385,-0.686912]],[[0.886752,-0.446248,0.120553],[-0.448281,-0.893822,-0.0112114],[0.112756,-0.0440999,-0.992644]]],"btipPosition":[-39.5315,253.709,37.5815],"carpPosition":[-14.5753,310.168,88.0784],"dipPosition":[-37.4248,252.885,19.0349],"direction":[-0.399044,-0.607385,0.686912],"extended":false,"handId":788,"id":7883,"length":64.4285,"mcpPosition":[-12.8338,303.581,25.8101],"pipPosition":[-26.3704,269.711,0.00608949],"stabilizedTipPosition":[-25.2724,239.59,113.352],"timeVisible":41.2606,"tipPosition":[-38.9208,253.98,34.0915],"tipVelocity":[-2.01277,-10.2621,-58.8096],"tool":false,"touchDistance":0.333333,"touchZone":"none","type":3,"width":18.077},{"bases":[[[0.792154,-0.576761,0.199596],[0.585278,0.810599,0.0194965],[-0.173037,0.101375,0.979684]],[[0.719455,-0.530258,0.448566],[0.649892,0.286146,-0.704103],[0.245,0.79809,0.55048]],[[0.719455,-0.530258,0.448566],[-0.12177,-0.732146,-0.670175],[0.683781,0.427539,-0.591315]],[[0.719455,-0.530258,0.448566],[-0.565119,-0.822385,-0.0657619],[0.403765,-0.20618,-0.891327]]],"btipPosition":[-23.9251,260.826,39.8527],"carpPosition":[-4.96211,299.732,89.1954],"dipPosition":[-16.9655,257.272,24.4891],"direction":[-0.683781,-0.427539,0.591315],"extended":false,"handId":788,"id":7884,"length":50.5107,"mcpPosition":[5.07148,293.854,32.3882],"pipPosition":[-3.59154,265.634,12.9237],"stabilizedTipPosition":[-8.72425,244.912,104.673],"timeVisible":41.2606,"tipPosition":[-22.2909,260.452,36.8329],"tipVelocity":[0.244035,-5.84609,-47.2622],"tool":false,"touchDistance":0.333333,"touchZone":"none","type":4,"width":16.0574}],"r":[[0.983201,-0.177294,0.0433817],[0.181697,0.928097,-0.324996],[0.0173573,0.327419,0.94472]],"s":0.996796,"t":[-19.2444,39.3937,-52.3229],"timestamp":606686060081},false],[5,{"currentFrameRate":110.278,"devices":[],"gestures":[],"hands":[{"armBasis":[[0.7886,0.0572775,-0.612234],[0.261686,0.86973,0.418438],[0.556445,-0.490193,0.67088]],"armWidth":63.72,"confidence":0.746611,"direction":[-0.0505247,0.0680905,-0.996399],"elbow":[130.208,169.194,280],"grabStrength":0,"id":788,"palmNormal":[-0.261608,-0.96374,-0.0525933],"palmPosition":[-31.2379,303.026,45.3365],"palmVelocity":[-7.13803,4.77401,-38.8738],"palmWidth":90.99,"pinchStrength":1,"r":[[0.983214,-0.176828,0.0449727],[0.181743,0.927359,-0.327071],[0.0161295,0.329754,0.943929]],"s":0.996576,"sphereCenter":[-50.3055,272.483,20.367],"sphereRadius":45.2045,"stabilizedPalmPosition":[-10.9784,283.014,116.764],"t":[-19.3236,39.4397,-52.5839],"timeVisible":41.2697,"type":"right","wrist":[-20.0322,301.546,98.8622]}],"id":4396517,"interactionBox":{"center":[0,200,0],"size":[235.247,235.247,147.751]},"pointables":[{"bases":[[[0.611981,0.77146,-0.174151],[-0.638989,0.612069,0.465903],[0.466018,-0.173844,0.867529]],[[0.458112,0.789364,-0.408704],[-0.833331,0.541397,0.111572],[0.309342,0.289473,0.905822]],[[0.458112,0.789364,-0.408704],[-0.888734,0.415469,-0.193745],[0.0168687,0.451986,0.891866]],[[0.458112,0.789364,-0.408704],[-0.777414,0.132857,-0.614798],[-0.431,0.599378,0.674525]]],"btipPosition":[-56.092,254.372,12.1884],"carpPosition":[-50.1622,298.26,103.6],"dipPosition":[-66.179,268.399,27.9747],"direction":[-0.0168687,-0.451986,-0.891866],"extended":false,"handId":788,"id":7880,"length":52.1164,"mcpPosition":[-50.1622,298.26,103.6],"pipPosition":[-65.6038,283.81,58.3834],"stabilizedTipPosition":[-52.0778,245.041,78.0919],"timeVisible":41.2697,"tipPosition":[-59.2263,257.822,15.4394],"tipVelocity":[21.0396,-7.20859,-19.6747],"tool":false,"touchDistance":-0.337411,"touchZone":"touching","type":0,"width":20.25},{"bases":[[[0.941685,-0.242913,-0.232859],[0.227319,0.969461,-0.0920402],[0.248105,0.0337396,0.968145]],[[0.965744,-0.236572,-0.106642],[0.245698,0.965834,0.0824419],[0.0834952,-0.105819,0.990874]],[[0.965744,-0.236572,-0.106642],[0.234964,0.971613,-0.0275804],[0.11014,0.00157854,0.993915]],[[0.965744,-0.236572,-0.106642],[0.223612,0.967192,-0.120571],[0.131667,0.0925945,0.98696]]],"btipPosition":[-64.5656,316.196,-61.2526],"carpPosition":[-37.8137,315.752,93.4299],"dipPosition":[-62.316,317.778,-44.3898],"direction":[-0.11014,-0.00157854,-0.993915],"extended":true,"handId":788,"id":7881,"length":58.8075,"mcpPosition":[-56.0667,313.27,22.2038],"pipPosition":[-59.6539,317.816,-20.3665],"stabilizedTipPosition":[-51.1706,303.445,-3.19634],"timeVisible":41.2697,"tipPosition":[-63.7025,315.717,-57.3917],"tipVelocity":[-1.14395,-0.513638,-45.8387],"tool":false,"touchDistance":-0.36844,"touchZone":"touching","type":1,"width":19.3428},{"bases":[[[0.913904,-0.397808,-0.0807927],[0.388641,0.914942,-0.108805],[0.117204,0.0680379,0.990774]],[[0.91843,-0.39414,-0.0337786],[0.202759,0.542347,-0.815321],[0.33967,0.741967,0.578022]],[[0.91843,-0.39414,-0.0337786],[-0.299031,-0.635825,-0.711553],[0.258974,0.663612,-0.70182]],[[0.91843,-0.39414,-0.0337786],[-0.393768,-0.919047,0.0173039],[-0.0378643,-0.0025915,-0.99928]]],"btipPosition":[-57.3045,255.091,31.6169],"carpPosition":[-26.1024,314.423,89.8665],"dipPosition":[-58.016,255.043,12.8385],"direction":[-0.258974,-0.663612,0.70182],"extended":false,"handId":788,"id":7882,"length":67.0064,"mcpPosition":[-34.2795,309.676,20.7421],"pipPosition":[-50.6518,273.913,-7.11879],"stabilizedTipPosition":[-43.0071,243.829,104.651],"timeVisible":41.2697,"tipPosition":[-57.2931,255.428,27.8733],"tipVelocity":[-2.66434,-7.12631,-39.1871],"tool":false,"touchDistance":0.333333,"touchZone":"none","type":2,"width":18.9972},{"bases":[[[0.889276,-0.451293,0.0743222],[0.456481,0.885885,-0.0826599],[-0.0285371,0.107434,0.993803]],[[0.886869,-0.445595,0.122099],[0.350768,0.477377,-0.80565],[0.300707,0.757335,0.579672]],[[0.886869,-0.445595,0.122099],[-0.23025,-0.655378,-0.719351],[0.40056,0.609857,-0.683832]],[[0.886869,-0.445595,0.122099],[-0.447323,-0.894257,-0.0144105],[0.115609,-0.0418373,-0.992413]]],"btipPosition":[-39.5806,253.648,37.3025],"carpPosition":[-14.6764,310.328,87.968],"dipPosition":[-37.4206,252.867,18.7602],"direction":[-0.40056,-0.609857,0.683832],"extended":false,"handId":788,"id":7883,"length":64.4285,"mcpPosition":[-12.8888,303.598,25.7162],"pipPosition":[-26.3243,269.761,-0.183286],"stabilizedTipPosition":[-25.2724,239.59,113.352],"timeVisible":41.2697,"tipPosition":[-38.9674,253.925,33.8541],"tipVelocity":[-2.58252,-8.99005,-51.1079],"tool":false,"touchDistance":0.333333,"touchZone":"none","type":3,"width":18.077},{"bases":[[[0.792266,-0.575954,0.201474],[0.584912,0.810896,0.0180332],[-0.173761,0.103557,0.979328]],[[0.71959,-0.529053,0.44977],[0.650196,0.285943,-0.703905],[0.243795,0.798961,0.54975]],[[0.71959,-0.529053,0.44977],[-0.119567,-0.732438,-0.670253],[0.684028,0.42853,-0.590312]],[[0.71959,-0.529053,0.44977],[-0.563561,-0.823364,-0.0668587],[0.405697,-0.205362,-0.890638]]],"btipPosition":[-23.976,260.802,39.788],"carpPosition":[-5.05946,299.899,89.1157],"dipPosition":[-16.9831,257.263,24.4362],"direction":[-0.684028,-0.42853,0.590312],"extended":false,"handId":788,"id":7884,"length":50.5107,"mcpPosition":[5.01609,293.895,32.3291],"pipPosition":[-3.6043,265.644,12.8904],"stabilizedTipPosition":[-8.72428,244.912,104.673],"timeVisible":41.2697,"tipPosition":[-22.3357,260.437,36.7714],"tipVelocity":[-1.14152,-4.86378,-36.1498],"tool":false,"touchDistance":0.333333,"touchZone":"none","type":4,"width":16.0574}],"r":[[0.983214,-0.176828,0.0449727],[0.181743,0.927359,-0.327071],[0.0161295,0.329754,0.943929]],"s":0.996576,"t":[-19.3236,39.4397,-52.5839],"timestamp":606686069102},false],[6,{"currentFrameRate":110.289,"devices":[],"gestures":[],"hands":[{"armBasis":[[0.788137,0.0590908,-0.612657],[0.261142,0.869247,0.419778],[0.557356,-0.490833,0.669655]],"armWidth":63.72,"confidence":0.753676,"direction":[-0.0501359,0.0660045,-0.996559],"elbow":[130.375,169.2,279.576],"grabStrength":0,"id":788,"palmNormal":[-0.261362,-0.963909,-0.0506931],"palmPosition":[-31.2952,303.092,45.2356],"palmVelocity":[-6.9172,5.45885,-31.2259],"palmWidth":90.99,"pinchStrength":1,"r":[[0.983227,-0.176388,0.046398],[0.181766,0.926636,-0.3291],[0.0150552,0.332014,0.943154]],"s":0.99646,"sphereCenter":[-50.484,272.585,20.2973],"sphereRadius":45.2516,"stabilizedPalmPosition":[-10.9784,283.014,116.764],"t":[-19.3918,39.4955,-52.7648],"timeVisible":41.2787,"type":"right","wrist":[-20.1109,301.725,98.7689]}],"id":4396518,"interactionBox":{"center":[0,200,0],"size":[235.247,235.247,147.751]},"pointables":[{"bases":[[[0.611872,0.771239,-0.175508],[-0.639321,0.612887,0.464369],[0.465706,-0.171928,0.868078]],[[0.458436,0.788646,-0.409725],[-0.833372,0.541635,0.1101],[0.308751,0.29098,0.90554]],[[0.458436,0.788646,-0.409725],[-0.888568,0.415482,-0.194479],[0.0168586,0.453224,0.891237]],[[0.458436,0.788646,-0.409725],[-0.774853,0.128902,-0.618859],[-0.435246,0.601184,0.670178]]],"btipPosition":[-56.0427,254.394,12.2268],"carpPosition":[-50.2421,298.442,103.501],"dipPosition":[-66.229,268.464,27.9114],"direction":[-0.0168586,-0.453224,-0.891237],"extended":false,"handId":788,"id":7880,"length":52.1164,"mcpPosition":[-50.2421,298.442,103.501],"pipPosition":[-65.6542,283.917,58.2987],"stabilizedTipPosition":[-52.0988,245.083,77.8849],"timeVisible":41.2787,"tipPosition":[-59.1904,257.832,15.4585],"tipVelocity":[16.043,-4.22888,-13.7883],"tool":false,"touchDistance":-0.331777,"touchZone":"touching","type":0,"width":20.25},{"bases":[[[0.941836,-0.243177,-0.231971],[0.22713,0.969321,-0.0939658],[0.247704,0.0358129,0.968174]],[[0.965704,-0.236641,-0.106853],[0.2458,0.965797,0.0825761],[0.0836573,-0.106008,0.99084]],[[0.965704,-0.236641,-0.106853],[0.235071,0.971597,-0.0272365],[0.110263,0.00118438,0.993902]],[[0.965704,-0.236641,-0.106853],[0.223723,0.967223,-0.120114],[0.131774,0.0920893,0.986993]]],"btipPosition":[-64.6277,316.234,-61.3836],"carpPosition":[-37.8936,315.916,93.2998],"dipPosition":[-62.3763,317.807,-44.5202],"direction":[-0.110263,-0.00118438,-0.993902],"extended":true,"handId":788,"id":7881,"length":58.8075,"mcpPosition":[-56.1171,313.281,22.0716],"pipPosition":[-59.7112,317.836,-20.4972],"stabilizedTipPosition":[-51.1707,303.445,-3.19656],"timeVisible":41.2787,"tipPosition":[-63.7709,315.738,-57.5225],"tipVelocity":[-2.70932,0.724295,-37.1844],"tool":false,"touchDistance":-0.361892,"touchZone":"touching","type":1,"width":19.3428},{"bases":[[[0.91403,-0.397761,-0.0795937],[0.388472,0.914805,-0.110552],[0.116786,0.0701275,0.990678]],[[0.918541,-0.393987,-0.032513],[0.203826,0.542453,-0.814984],[0.33873,0.741969,0.57857]],[[0.918541,-0.393987,-0.032513],[-0.297495,-0.634725,-0.713176],[0.260345,0.664754,-0.70023]],[[0.918541,-0.393987,-0.032513],[-0.393705,-0.919115,0.0149501],[-0.0357734,-0.000931756,-0.999359]]],"btipPosition":[-57.3864,255.041,31.4309],"carpPosition":[-26.1805,314.583,89.7439],"dipPosition":[-58.0586,255.024,12.651],"direction":[-0.260345,-0.664754,0.70023],"extended":false,"handId":788,"id":7882,"length":67.0064,"mcpPosition":[-34.3284,309.69,20.6262],"pipPosition":[-50.6554,273.927,-7.26107],"stabilizedTipPosition":[-43.0071,243.829,104.651],"timeVisible":41.2787,"tipPosition":[-57.3637,255.39,27.7149],"tipVelocity":[-4.15066,-6.46812,-34.0587],"tool":false,"touchDistance":0.333333,"touchZone":"none","type":2,"width":18.9972},{"bases":[[[0.889351,-0.450929,0.0756221],[0.456307,0.885818,-0.0843187],[-0.0289658,0.109496,0.993565]],[[0.886928,-0.44514,0.123327],[0.350904,0.475699,-0.806583],[0.300375,0.758657,0.578112]],[[0.886928,-0.44514,0.123327],[-0.229799,-0.656837,-0.718163],[0.400689,0.608618,-0.684859]],[[0.886928,-0.44514,0.123327],[-0.447078,-0.8944,-0.0130339],[0.116106,-0.0435767,-0.99228]]],"btipPosition":[-39.6282,253.685,37.3036],"carpPosition":[-14.7527,310.486,87.8586],"dipPosition":[-37.4588,252.871,18.7638],"direction":[-0.400689,-0.608618,0.684859],"extended":false,"handId":788,"id":7883,"length":64.4285,"mcpPosition":[-12.9383,303.628,25.6217],"pipPosition":[-26.359,269.731,-0.20816],"stabilizedTipPosition":[-25.2724,239.59,113.351],"timeVisible":41.2787,"tipPosition":[-39.0133,253.952,33.8408],"tipVelocity":[-3.25545,-5.61513,-36.9605],"tool":false,"touchDistance":0.333333,"touchZone":"none","type":3,"width":18.077},{"bases":[[[0.792319,-0.575348,0.202994],[0.584715,0.811069,0.0165825],[-0.174183,0.105555,0.97904]],[[0.719787,-0.528119,0.450552],[0.651805,0.290824,-0.700409],[0.238868,0.797817,0.553562]],[[0.719787,-0.528119,0.450552],[-0.112977,-0.729492,-0.674594],[0.68494,0.434662,-0.584744]],[[0.719787,-0.528119,0.450552],[-0.560087,-0.825251,-0.0725512],[0.410134,-0.200127,-0.889797]]],"btipPosition":[-23.946,260.68,39.4627],"carpPosition":[-5.13385,300.062,89.0318],"dipPosition":[-16.8766,257.23,24.1254],"direction":[-0.68494,-0.434662,0.584744],"extended":false,"handId":788,"id":7884,"length":50.5107,"mcpPosition":[4.96616,293.942,32.262],"pipPosition":[-3.48002,265.732,12.6885],"stabilizedTipPosition":[-8.7243,244.912,104.673],"timeVisible":41.2787,"tipPosition":[-22.3209,260.358,36.5177],"tipVelocity":[0.622481,-6.62652,-35.9937],"tool":false,"touchDistance":0.333333,"touchZone":"none","type":4,"width":16.0574}],"r":[[0.983227,-0.176388