{"sensorType":"Leap","data":[[0,{"currentFrameRate":110.522,"devices":[],"gestures":[],"hands":[{"armBasis":[[0.784678,-0.0219291,-0.619515],[0.344584,0.846181,0.406497],[0.515308,-0.532444,0.671536]],"armWidth":63.7182,"confidence":0.874057,"direction":[0.0149644,0.158749,-0.987206],"elbow":[110.102,160.266,282.366],"grabStrength":0,"id":790,"palmNormal":[-0.361097,-0.919827,-0.153388],"palmPosition":[-36.8868,311.355,47.4179],"palmVelocity":[-24.4094,13.8624,-53.5242],"palmWidth":90.9874,"pinchStrength":0.990151,"r":[[0.998839,0.0215626,-0.043084],[-0.0318414,0.966561,-0.254452],[0.0361567,0.255528,0.966125]],"s":0.740364,"sphereCenter":[-57.511,286.011,20.2308],"sphereRadius":44.8723,"stabilizedPalmPosition":[-26.4279,331.983,188.321],"t":[-2.09433,61.199,-208.799],"timeVisible":1.0394,"type":"right","wrist":[-29.0276,304.022,101.056]}],"id":4399245,"interactionBox":{"center":[0,200,0],"size":[235.247,235.247,147.751]},"pointables":[{"bases":[[[0.701093,0.709326,-0.0729698],[-0.594749,0.638143,0.488925],[0.393372,-0.299383,0.869269]],[[0.566312,0.764238,-0.308595],[-0.758917,0.629565,0.166413],[0.321459,0.139956,0.936523]],[[0.566312,0.764238,-0.308595],[-0.821575,0.553258,-0.137548],[0.0656128,0.331429,0.941196]],[[0.566312,0.764238,-0.308595],[-0.771615,0.360033,-0.524391],[-0.289656,0.535085,0.793589]]],"btipPosition":[-71.0633,272.964,6.60965],"carpPosition":[-59.559,303.772,104.019],"dipPosition":[-77.8421,285.486,25.182],"direction":[-0.0656128,-0.331429,-0.941196],"extended":false,"handId":790,"id":7900,"length":52.1149,"mcpPosition":[-59.559,303.772,104.019],"pipPosition":[-75.605,296.786,57.2717],"stabilizedTipPosition":[-66.1019,282.744,48.7095],"timeVisible":1.0394,"tipPosition":[-72.3428,275.389,10.9728],"tipVelocity":[-22.4654,27.4746,-49.2695],"tool":false,"touchDistance":-0.36594,"touchZone":"hovering","type":0,"width":20.2494},{"bases":[[[0.921684,-0.327024,-0.208694],[0.336067,0.941801,0.00841197],[0.193798,-0.0778884,0.977945]],[[0.939063,-0.334378,-0.0796952],[0.343278,0.92431,0.16677],[0.0178988,-0.183965,0.98277]],[[0.939063,-0.334378,-0.0796952],[0.339283,0.938852,0.0586844],[0.0551992,-0.0821476,0.99509]],[[0.939063,-0.334378,-0.0796952],[0.332765,0.942428,-0.0331244],[0.086183,0.00458616,0.996269]]],"btipPosition":[-62.6512,336.103,-59.1344],"carpPosition":[-44.8184,320.563,96.104],"dipPosition":[-61.1788,336.182,-42.113],"direction":[-0.0551992,0.0821476,-0.99509],"extended":true,"handId":790,"id":7901,"length":58.8059,"mcpPosition":[-59.0756,326.293,24.159],"pipPosition":[-59.8446,334.196,-18.062],"stabilizedTipPosition":[-54.7496,352.186,71.9673],"timeVisible":1.0394,"tipPosition":[-62.3522,334.93,-55.2936],"tipVelocity":[-16.275,48.6714,-50.9141],"tool":false,"touchDistance":-0.395894,"touchZone":"touching","type":1,"width":19.3423},{"bases":[[[0.868507,-0.490271,-0.0730075],[0.491223,0.871016,-0.00552287],[0.0662984,-0.0310664,0.997316]],[[0.867004,-0.48955,-0.0929801],[0.194382,0.50408,-0.841498],[0.458825,0.711508,0.532199]],[[0.867004,-0.48955,-0.0929801],[-0.411889,-0.599049,-0.68665],[0.28045,0.633625,-0.721018]],[[0.867004,-0.48955,-0.0929801],[-0.493177,-0.869708,-0.019582],[-0.0712792,0.0628333,-0.995475]]],"btipPosition":[-66.5096,266.904,36.979],"carpPosition":[-33.134,318.229,93.0002],"dipPosition":[-67.849,268.084,18.2725],"direction":[-0.28045,-0.633625,0.721018],"extended":false,"handId":790,"id":7902,"length":67.0045,"mcpPosition":[-37.7593,320.396,23.4214],"pipPosition":[-59.8743,286.102,-2.23006],"stabilizedTipPosition":[-53.7695,300.059,184.93],"timeVisible":1.0394,"tipPosition":[-66.7094,267.215,33.2327],"tipVelocity":[-45.3783,25.3695,-65.6348],"tool":false,"touchDistance":0.333333,"touchZone":"none","type":2,"width":18.9967},{"bases":[[[0.829279,-0.553756,0.075177],[0.553882,0.832328,0.0210703],[-0.0742397,0.024166,0.996948]],[[0.827192,-0.55299,0.0997818],[0.356491,0.379182,-0.853894],[0.434359,0.741905,0.510792]],[[0.827192,-0.55299,0.0997818],[-0.355981,-0.653099,-0.668386],[0.434778,0.517363,-0.737092]],[[0.827192,-0.55299,0.0997818],[-0.554552,-0.832033,-0.0138847],[0.0906999,-0.0438489,-0.994912]]],"btipPosition":[-50.6237,264.872,45.023],"carpPosition":[-22.1291,313.045,91.2846],"dipPosition":[-48.9292,264.053,26.4346],"direction":[-0.434778,-0.517363,0.737092],"extended":false,"handId":790,"id":7903,"length":64.4267,"mcpPosition":[-17.4788,311.531,28.8376],"pipPosition":[-36.8853,278.384,6.01623],"stabilizedTipPosition":[-40.2461,295.245,191.606],"timeVisible":1.0394,"tipPosition":[-50.0347,264.791,41.2825],"tipVelocity":[-46.121,18.1101,-63.3289],"tool":false,"touchDistance":0.333333,"touchZone":"none","type":3,"width":18.0765},{"bases":[[[0.712119,-0.677099,0.185536],[0.667373,0.73491,0.120501],[-0.217943,0.0380103,0.975221]],[[0.71558,-0.677629,0.169602],[0.473488,0.292022,-0.830983],[0.51357,0.674939,0.529814]],[[0.71558,-0.677629,0.169602],[-0.410936,-0.604709,-0.682245],[0.564869,0.418505,-0.71118]],[[0.71558,-0.677629,0.169602],[-0.677653,-0.732337,-0.0668465],[0.169503,-0.0670975,-0.983243]]],"btipPosition":[-33.2741,268.438,47.5069],"carpPosition":[-13.7829,301.535,91.93],"dipPosition":[-30.3525,267.282,30.5594],"direction":[-0.564869,-0.418505,0.71118],"extended":false,"handId":790,"id":7904,"length":50.5093,"mcpPosition":[-1.14573,299.331,35.3833],"pipPosition":[-19.3046,275.467,16.65],"stabilizedTipPosition":[-27.4818,296.935,187.681],"timeVisible":1.0394,"tipPosition":[-32.5458,268.377,43.8263],"tipVelocity":[-43.0184,10.665,-59.673],"tool":false,"touchDistance":0.333333,"touchZone":"none","type":4,"width":16.057}],"r":[[0.998839,0.0215626,-0.043084],[-0.0318414,0.966561,-0.254452],[0.0361567,0.255528,0.966125]],"s":0.740364,"t":[-2.09433,61.199,-208.799],"timestamp":606711521456},false],[1,{"currentFrameRate":110.524,"devices":[],"gestures":[],"hands":[{"armBasis":[[0.783235,-0.0261952,-0.621174],[0.348552,0.845839,0.403818],[0.514835,-0.532795,0.67162]],"armWidth":63.7182,"confidence":0.819813,"direction":[0.0135813,0.153966,-0.987983],"elbow":[109.801,160.545,281.805],"grabStrength":0,"id":790,"palmNormal":[-0.36509,-0.919093,-0.148249],"palmPosition":[-37.1401,311.504,46.8158],"palmVelocity":[-25.4003,14.5757,-57.1207],"palmWidth":90.9874,"pinchStrength":0.993811,"r":[[0.998888,0.0178227,-0.0436427],[-0.0284244,0.966266,-0.255972],[0.0376084,0.256928,0.965698]],"s":0.739928,"sphereCenter":[-58.2824,286.494,19.7695],"sphereRadius":44.9242,"stabilizedPalmPosition":[-26.4297,331.979,188.298],"t":[-2.33026,61.3377,-209.309],"timeVisible":1.04845,"type":"right","wrist":[-29.2007,304.396,100.472]}],"id":4399246,"interactionBox":{"center":[0,200,0],"size":[235.247,235.247,147.751]},"pointables":[{"bases":[[[0.703777,0.706149,-0.0777861],[-0.591188,0.642855,0.487066],[0.393947,-0.2968,0.869894]],[[0.569919,0.760283,-0.311709],[-0.755239,0.634125,0.165827],[0.323738,0.140907,0.935596]],[[0.569919,0.760283,-0.311709],[-0.819049,0.556072,-0.141219],[0.0659659,0.335788,0.939625]],[[0.569919,0.760283,-0.311709],[-0.768048,0.35806,-0.530939],[-0.292053,0.541999,0.787999]]],"btipPosition":[-71.3006,273.117,6.31973],"carpPosition":[-59.7267,304.283,103.499],"dipPosition":[-78.1355,285.801,24.7612],"direction":[-0.0659659,-0.335788,-0.939625],"extended":false,"handId":790,"id":7900,"length":52.1149,"mcpPosition":[-59.7267,304.283,103.499],"pipPosition":[-75.8864,297.25,56.7974],"stabilizedTipPosition":[-66.1751,282.672,48.297],"timeVisible":1.04845,"tipPosition":[-72.6965,275.585,10.6369],"tipVelocity":[-23.8996,25.688,-45.4394],"tool":false,"touchDistance":-0.36248,"touchZone":"hovering","type":0,"width":20.2494},{"bases":[[[0.919939,-0.331716,-0.208992],[0.339852,0.940473,0.00322058],[0.195483,-0.0739891,0.977912]],[[0.93746,-0.338485,-0.0812245],[0.347609,0.922618,0.167165],[0.0183562,-0.184945,0.982577]],[[0.93746,-0.338485,-0.0812245],[0.343542,0.937273,0.0591494],[0.0561084,-0.0833542,0.994939]],[[0.93746,-0.338485,-0.0812245],[0.336913,0.940966,-0.032747],[0.0875139,0.00333342,0.996158]]],"btipPosition":[-62.9564,336.322,-59.7489],"carpPosition":[-44.9352,320.976,95.4732],"dipPosition":[-61.4612,336.379,-42.7295],"direction":[-0.0561084,0.0833542,-0.994939],"extended":true,"handId":790,"id":7901,"length":58.8059,"mcpPosition":[-59.3165,326.419,23.5306],"pipPosition":[-60.1051,334.365,-18.6821],"stabilizedTipPosition":[-54.7639,352.157,71.7341],"timeVisible":1.04845,"tipPosition":[-62.675,335.1,-55.9103],"tipVelocity":[-20.9311,41.7778,-55.6235],"tool":false,"touchDistance":-0.393863,"touchZone":"touching","type":1,"width":19.3423},{"bases":[[[0.866386,-0.494097,-0.0724177],[0.494695,0.869001,-0.0106893],[0.0682126,-0.0265636,0.997317]],[[0.864875,-0.493478,-0.0920362],[0.195658,0.500229,-0.843498],[0.462287,0.711513,0.529188]],[[0.864875,-0.493478,-0.0920362],[-0.415013,-0.599759,-0.684144],[0.282411,0.629896,-0.723516]],[[0.864875,-0.493478,-0.0920362],[-0.496768,-0.867744,-0.015533],[-0.0721987,0.0591548,-0.995635]]],"btipPosition":[-66.9811,267.116,36.5548],"carpPosition":[-33.2666,318.58,92.357],"dipPosition":[-68.3378,268.228,17.8454],"direction":[-0.282411,-0.629896,0.723516],"extended":false,"handId":790,"id":7902,"length":67.0045,"mcpPosition":[-38.0255,320.433,22.7781],"pipPosition":[-60.3073,286.139,-2.72824],"stabilizedTipPosition":[-53.7978,299.991,184.611],"timeVisible":1.04845,"tipPosition":[-67.1822,267.413,32.818],"tipVelocity":[-47.3612,24.3625,-60.4877],"tool":false,"touchDistance":0.333333,"touchZone":"none","type":2,"width":18.9967},{"bases":[[[0.827207,-0.556714,0.0761483],[0.557253,0.83019,0.0159618],[-0.0721037,0.0292301,0.996969]],[[0.825049,-0.555765,0.102077],[0.357794,0.374002,-0.855632],[0.437353,0.742461,0.50742]],[[0.825049,-0.555765,0.102077],[-0.358686,-0.65469,-0.665377],[0.436622,0.512355,-0.739496]],[[0.825049,-0.555765,0.102077],[-0.557846,-0.829889,-0.00952743],[0.090008,-0.0490829,-0.994731]]],"btipPosition":[-51.0864,265.066,44.5949],"carpPosition":[-22.286,313.344,90.6439],"dipPosition":[-49.4047,264.148,26.0098],"direction":[-0.436622,-0.512355,0.739496],"extended":false,"handId":790,"id":7903,"length":64.4267,"mcpPosition":[-17.7696,311.513,28.1956],"pipPosition":[-37.3098,278.341,5.5249],"stabilizedTipPosition":[-40.2633,295.195,191.358],"timeVisible":1.04845,"tipPosition":[-50.5016,264.96,40.8612],"tipVelocity":[-47.5987,18.3371,-58.8942],"tool":false,"touchDistance":0.333333,"touchZone":"none","type":3,"width":18.0765},{"bases":[[[0.70978,-0.679057,0.187334],[0.670556,0.732793,0.115628],[-0.215795,0.0435471,0.975467]],[[0.712791,-0.67961,0.173377],[0.476734,0.288145,-0.83048],[0.514445,0.674613,0.52938]],[[0.712791,-0.67961,0.173377],[-0.41115,-0.605142,-0.681733],[0.56823,0.414649,-0.710761]],[[0.712791,-0.67961,0.173377],[-0.680269,-0.730072,-0.0650301],[0.170773,-0.0715898,-0.982706]]],"btipPosition":[-33.7191,268.55,46.8881],"carpPosition":[-13.9847,301.804,91.3276],"dipPosition":[-30.7756,267.316,29.9498],"direction":[-0.56823,-0.414649,0.710761],"extended":false,"handId":790,"id":7904,"length":50.5093,"mcpPosition":[-1.47214,299.279,34.7665],"pipPosition":[-19.662,275.426,16.0486],"stabilizedTipPosition":[-27.4876,296.906,187.53],"timeVisible":1.04845,"tipPosition":[-32.9829,268.467,43.2736],"tipVelocity":[-44.5677,10.6069,-62.0194],"tool":false,"touchDistance":0.333333,"touchZone":"none","type":4,"width":16.057}],"r":[[0.998888,0.0178227,-0.0436427],[-0.0284244,0.966266,-0.255972],[0.0376084,0.256928,0.965698]],"s":0.739928,"t":[-2.33026,61.3377,-209.309],"timestamp":606711530501},false],[2,{"currentFrameRate":110.523,"devices":[],"gestures":[],"hands":[{"armBasis":[[0.781593,-0.0294961,-0.623091],[0.352823,0.844652,0.40259],[0.514421,-0.534502,0.670581]],"armWidth":63.7182,"confidence":0.820988,"direction":[0.012985,0.153723,-0.988029],"elbow":[109.504,160.233,281.036],"grabStrength":0,"id":790,"palmNormal":[-0.369278,-0.917522,-0.147607],"palmPosition":[-37.3632,311.677,46.3367],"palmVelocity":[-25.1936,15.8337,-55.9663],"palmWidth":90.9874,"pinchStrength":0.999511,"r":[[0.998919,0.0139584,-0.0443416],[-0.0249167,0.966032,-0.257219],[0.039245,0.258046,0.965335]],"s":0.739555,"sphereCenter":[-59.09,287.234,19.3052],"sphereRadius":44.9909,"stabilizedPalmPosition":[-26.432,331.975,188.268],"t":[-2.55977,61.4937,-209.804],"timeVisible":1.0575,"type":"right","wrist":[-29.386,304.544,99.9845]}],"id":4399247,"interactionBox":{"center":[0,200,0],"size":[235.247,235.247,147.751]},"pointables":[{"bases":[[[0.706745,0.703064,-0.0788216],[-0.587759,0.645513,0.487701],[0.393766,-0.298352,0.869445]],[[0.574101,0.757521,-0.310756],[-0.751514,0.638163,0.167257],[0.325014,0.137515,0.935658]],[[0.574101,0.757521,-0.310756],[-0.816276,0.559206,-0.144855],[0.0640463,0.336824,0.939387]],[[0.574101,0.757521,-0.310756],[-0.762555,0.356449,-0.539864],[-0.29819,0.546906,0.78229]]],"btipPosition":[-71.3369,273.418,6.00955],"carpPosition":[-59.9083,304.565,103.05],"dipPosition":[-78.3154,286.217,24.3174],"direction":[-0.0640463,-0.336824,-0.939387],"extended":false,"handId":790,"id":7900,"length":52.1149,"mcpPosition":[-59.9083,304.565,103.05],"pipPosition":[-76.1318,297.701,56.3455],"stabilizedTipPosition":[-66.2599,282.593,47.8199],"timeVisible":1.0575,"tipPosition":[-72.9139,275.951,10.2646],"tipVelocity":[-19.4194,28.5862,-43.2961],"tool":false,"touchDistance":-0.359679,"touchZone":"hovering","type":0,"width":20.2494},{"bases":[[[0.918217,-0.335756,-0.210108],[0.343947,0.938985,0.00260684],[0.196413,-0.0746596,0.977675]],[[0.935766,-0.342535,-0.0837302],[0.352171,0.91983,0.172881],[0.0177998,-0.191263,0.981377]],[[0.935766,-0.342535,-0.0837302],[0.34816,0.935152,0.0653782],[0.0559061,-0.0903302,0.994341]],[[0.935766,-0.342535,-0.0837302],[0.341547,0.939497,-0.0263049],[0.0876746,-0.0039825,0.996141]]],"btipPosition":[-63.1181,337.153,-60.1361],"carpPosition":[-45.0546,321.192,95.0023],"dipPosition":[-61.6202,337.085,-43.1169],"direction":[-0.0559061,0.0903302,-0.994341],"extended":true,"handId":790,"id":7901,"length":58.8059,"mcpPosition":[-59.5042,326.685,23.0772],"pipPosition":[-60.2689,334.901,-19.084],"stabilizedTipPosition":[-54.7878,352.112,71.3535],"timeVisible":1.0575,"tipPosition":[-62.8639,335.846,-56.3057],"tipVelocity":[-20.0676,54.6874,-52.0832],"tool":false,"touchDistance":-0.388619,"touchZone":"touching","type":1,"width":19.3423},{"bases":[[[0.864133,-0.497878,-0.0734339],[0.49846,0.866837,-0.0114879],[0.0693748,-0.0266768,0.997234]],[[0.862628,-0.497268,-0.092724],[0.197636,0.500063,-0.843135],[0.465632,0.708986,0.529647]],[[0.862628,-0.497268,-0.092724],[-0.417892,-0.597285,-0.684556],[0.285025,0.629266,-0.723039]],[[0.862628,-0.497268,-0.092724],[-0.500623,-0.865523,-0.0156889],[-0.0724531,0.0599535,-0.995568]]],"btipPosition":[-67.4269,267.413,36.0383],"carpPosition":[-33.4005,318.745,91.8716],"dipPosition":[-68.7884,268.54,17.3301],"direction":[-0.285025,-0.629266,0.723039],"extended":false,"handId":790,"id":7902,"length":67.0045,"mcpPosition":[-38.2405,320.606,22.2985],"pipPosition":[-60.6835,286.433,-3.22993],"stabilizedTipPosition":[-53.8337,299.907,184.217],"timeVisible":1.0575,"tipPosition":[-67.6274,267.713,32.3097],"tipVelocity":[-47.9185,26.8063,-59.537],"tool":false,"touchDistance":0.333333,"touchZone":"none","type":2,"width":18.9967},{"bases":[[[0.824872,-0.560297,0.075194],[0.560882,0.827758,0.0150904],[-0.0706976,0.0297273,0.997055]],[[0.822705,-0.55931,0.101634],[0.358747,0.372137,-0.856046],[0.440973,0.740734,0.50681]],[[0.822705,-0.55931,0.101634],[-0.362032,-0.653342,-0.664889],[0.438281,0.510213,-0.739995]],[[0.822705,-0.55931,0.101634],[-0.561456,-0.82746,-0.00880084],[0.0890203,-0.0498224,-0.994783]]],"btipPosition":[-51.5228,265.301,44.133],"carpPosition":[-22.4451,313.461,90.1454],"dipPosition":[-49.8596,264.37,25.547],"direction":[-0.438281,-0.510213,0.739995],"extended":false,"handId":790,"id":7903,"length":64.4267,"mcpPosition":[-18.0167,311.599,27.6917],"pipPosition":[-37.7187,278.504,5.04828],"stabilizedTipPosition":[-40.2855,295.133,191.049],"timeVisible":1.0575,"tipPosition":[-50.9418,265.189,40.3938],"tipVelocity":[-47.8995,20.3672,-56.7315],"tool":false,"touchDistance":0.333333,"touchZone":"none","type":3,"width":18.0765},{"bases":[[[0.707057,-0.682106,0.186553],[0.673887,0.729888,0.11463],[-0.214353,0.0446658,0.975735]],[[0.709738,-0.682621,0.174071],[0.48014,0.287919,-0.828594],[0.515498,0.671663,0.5321]],[[0.709738,-0.682621,0.174071],[-0.411544,-0.602314,-0.683995],[0.571755,0.413819,-0.708414]],[[0.709738,-0.682621,0.174071],[-0.683114,-0.727259,-0.0667014],[0.172126,-0.0715697,-0.982472]]],"btipPosition":[-34.1407,268.686,46.2195],"carpPosition":[-14.1932,301.885,90.8206],"dipPosition":[-31.1739,267.453,29.2853],"direction":[-0.571755,-0.413819,0.708414],"extended":false,"handId":790,"id":7904,"length":50.5093,"mcpPosition":[-1.76427,299.295,34.2441],"pipPosition":[-19.9913,275.546,15.43],"stabilizedTipPosition":[-27.4946,296.872,187.361],"timeVisible":1.0575,"tipPosition":[-33.3994,268.598,42.6592],"tipVelocity":[-44.9621,11.8287,-65.2619],"tool":false,"touchDistance":0.333333,"touchZone":"none","type":4,"width":16.057}],"r":[[0.998919,0.0139584,-0.0443416],[-0.0249167,0.966032,-0.257219],[0.039245,0.258046,0.965335]],"s":0.739555,"t":[-2.55977,61.4937,-209.804],"timestamp":606711539551},false],[3,{"currentFrameRate":110.532,"devices":[],"gestures":[],"hands":[{"armBasis":[[0.779976,-0.032491,-0.624966],[0.356467,0.843874,0.40101],[0.514363,-0.535557,0.669783]],"armWidth":63.7182,"confidence":0.792223,"direction":[0.0117005,0.152347,-0.988258],"elbow":[109.428,160.107,280.489],"grabStrength":0,"id":790,"palmNormal":[-0.37273,-0.916432,-0.145687],"palmPosition":[-37.4972,311.792,46.0096],"palmVelocity":[-22.343,14.9738,-50.5309],"palmWidth":90.9874,"pinchStrength":1,"r":[[0.998923,0.0101605,-0.045267],[-0.0215362,0.965779,-0.25847],[0.0410917,0.259167,0.964958]],"s":0.739185,"sphereCenter":[-59.694,287.747,19.0371],"sphereRadius":45.05,"stabilizedPalmPosition":[-26.4346,331.97,188.234],"t":[-2.74154,61.629,-210.215],"timeVisible":1.06653,"type":"right","wrist":[-29.4462,304.704,99.6523]}],"id":4399248,"interactionBox":{"center":[0,200,0],"size":[235.247,235.247,147.751]},"pointables":[{"bases":[[[0.709034,0.700499,-0.0810695],[-0.584617,0.648206,0.487905],[0.394327,-0.298547,0.869124]],[[0.577365,0.754894,-0.311104],[-0.748089,0.641753,0.168866],[0.327128,0.135237,0.935253]],[[0.577365,0.754894,-0.311104],[-0.814031,0.561731,-0.147687],[0.0632685,0.338518,0.93883]],[[0.577365,0.754894,-0.311104],[-0.757931,0.353833,-0.548035],[-0.303629,0.552212,0.776448]]],"btipPosition":[-71.3428,273.619,5.90914],"carpPosition":[-59.9625,304.835,102.774],"dipPosition":[-78.4486,286.542,24.0803],"direction":[-0.0632685,-0.338518,-0.93883],"extended":false,"handId":790,"id":7900,"length":52.1149,"mcpPosition":[-59.9625,304.835,102.774],"pipPosition":[-76.2915,298.084,56.0894],"stabilizedTipPosition":[-66.3603,282.503,47.2556],"timeVisible":1.06653,"tipPosition":[-73.0594,276.201,10.1051],"tipVelocity":[-15.1439,27.7242,-35.3947],"tool":false,"touchDistance":-0.354022,"touchZone":"hovering","type":0,"width":20.2494},{"bases":[[[0.916658,-0.339225,-0.211338],[0.347208,0.937788,0.000705253],[0.197951,-0.0740246,0.977413]],[[0.934307,-0.345854,-0.0863447],[0.355996,0.917755,0.176048],[0.0183565,-0.195221,0.980587]],[[0.934307,-0.345854,-0.0863447],[0.351891,0.933538,0.0684117],[0.0569456,-0.0943015,0.993914]],[[0.934307,-0.345854,-0.0863447],[0.345139,0.938256,-0.0235498],[0.0891583,-0.00779816,0.995987]]],"btipPosition":[-63.3171,337.644,-60.396],"carpPosition":[-45.066,321.399,94.6762],"dipPosition":[-61.7938,337.511,-43.3794],"direction":[-0.0569456,0.0943015,-0.993914],"extended":true,"handId":790,"id":7901,"length":58.8059,"mcpPosition":[-59.6288,326.845,22.7704],"pipPosition":[-60.4174,335.232,-19.3568],"stabilizedTipPosition":[-54.8257,352.045,70.7602],"timeVisible":1.06653,"tipPosition":[-63.0667,336.301,-56.5719],"tipVelocity":[-20.4309,54.1577,-45.6834],"tool":false,"touchDistance":-0.381997,"touchZone":"touching","type":1,"width":19.3423},{"bases":[[[0.862263,-0.500974,-0.0743459],[0.501443,0.865084,-0.0135754],[0.0711164,-0.0255747,0.99714]],[[0.860766,-0.500402,-0.0931635],[0.198738,0.498911,-0.843558],[0.468598,0.707592,0.528895]],[[0.860766,-0.500402,-0.0931635],[-0.420598,-0.596171,-0.68387],[0.286668,0.627836,-0.723632]],[[0.860766,-0.500402,-0.0931635],[-0.503694,-0.863764,-0.0143186],[-0.0733062,0.0592508,-0.995548]]],"btipPosition":[-67.7478,267.62,35.7535],"carpPosition":[-33.4263,318.907,91.5275],"dipPosition":[-69.1253,268.733,17.0457],"direction":[-0.286668,-0.627836,0.723632],"extended":false,"handId":790,"id":7902,"length":67.0045,"mcpPosition":[-38.3878,320.691,21.961],"pipPosition":[-60.9738,286.586,-3.53123],"stabilizedTipPosition":[-53.8785,299.806,183.736],"timeVisible":1.06653,"tipPosition":[-67.9505,267.914,32.03],"tipVelocity":[-44.6222,25.6281,-51.8259],"tool":false,"touchDistance":0.333333,"touchZone":"none","type":2,"width":18.9967},{"bases":[[[0.82306,-0.563056,0.0744382],[0.563778,0.825825,0.0129412],[-0.0687595,0.0313152,0.997142]],[[0.820859,-0.561983,0.101813],[0.359402,0.369734,-0.856812],[0.44387,0.739914,0.505477]],[[0.820859,-0.561983,0.101813],[-0.364702,-0.652961,-0.663803],[0.439526,0.507757,-0.740945]],[[0.820859,-0.561983,0.101813],[-0.564297,-0.825541,-0.00718415],[0.0880883,-0.0515557,-0.994778]]],"btipPosition":[-51.838,265.461,43.8563],"carpPosition":[-22.4924,313.583,89.7884],"dipPosition":[-50.1922,264.498,25.2704],"direction":[-0.439526,-0.507757,0.740945],"extended":false,"handId":790,"id":7903,"length":64.4267,"mcpPosition":[-18.1855,311.621,27.3292],"pipPosition":[-38.0168,278.563,4.74534],"stabilizedTipPosition":[-40.3134,295.059,190.671],"timeVisible":1.06653,"tipPosition":[-51.2603,265.339,40.1162],"tipVelocity":[-44.4445,19.3965,-49.5474],"tool":false,"touchDistance":0.333333,"touchZone":"none","type":3,"width":18.0765},{"bases":[[[0.705027,-0.684306,0.186178],[0.676626,0.727697,0.112405],[-0.212401,0.0467237,0.976065]],[[0.707446,-0.684802,0.174833],[0.481683,0.286137,-0.828316],[0.517206,0.670203,0.532284]],[[0.707446,-0.684802,0.174833],[-0.412893,-0.601213,-0.684151],[0.57362,0.411813,-0.708075]],[[0.707446,-0.684802,0.174833],[-0.685503,-0.725058,-0.0661502],[0.172064,-0.073051,-0.982373]]],"btipPosition":[-34.436,268.778,45.829],"carpPosition":[-14.2795,301.979,90.4641],"dipPosition":[-31.4703,267.519,28.8965],"direction":[-0.57362,-0.411813,0.708075],"extended":false,"handId":790,"id":7904,"length":50.5093,"mcpPosition":[-1.96377,299.27,33.8684],"pipPosition":[-20.2512,275.573,15.0478],"stabilizedTipPosition":[-27.5027,296.836,187.173],"timeVisible":1.06653,"tipPosition":[-33.694,268.678,42.2952],"tipVelocity":[-41.5941,11.1788,-59.187],"tool":false,"touchDistance":0.333333,"touchZone":"none","type":4,"width":16.057}],"r":[[0.998923,0.0101605,-0.045267],[-0.0215362,0.965779,-0.25847],[0.0410917,0.259167,0.964958]],"s":0.739185,"t":[-2.74154,61.629,-210.215],"timestamp":606711548581},false],[4,{"currentFrameRate":110.495,"devices":[],"gestures":[],"hands":[{"armBasis":[[0.778821,-0.0348767,-0.626275],[0.359542,0.842965,0.400175],[0.513971,-0.536837,0.669059]],"armWidth":63.7182,"confidence":0.792194,"direction":[0.0103465,0.151176,-0.988453],"elbow":[109.3,159.894,280.017],"grabStrength":0,"id":790,"palmNormal":[-0.375646,-0.915515,-0.143953],"palmPosition":[-37.5961,311.886,45.7406],"palmVelocity":[-19.1525,13.6812,-44.6953],"palmWidth":90.9874,"pinchStrength":1,"r":[[0.998903,0.00653198,-0.0463679],[-0.0183681,0.965518,-0.259688],[0.0430727,0.260255,0.964579]],"s":0.738654,"sphereCenter":[-60.1978,288.153,18.8259],"sphereRadius":45.1029,"stabilizedPalmPosition":[-26.4377,331.965,188.194],"t":[-2.88188,61.7437,-210.555],"timeVisible":1.07564,"type":"right","wrist":[-29.4682,304.836,99.3767]}],"id":4399249,"interactionBox":{"center":[0,200,0],"size":[235.247,235.247,147.751]},"pointables":[{"bases":[[[0.71091,0.698348,-0.0831639],[-0.581851,0.650458,0.488216],[0.395039,-0.298689,0.868752]],[[0.580405,0.752606,-0.310988],[-0.745054,0.644918,0.170221],[0.328672,0.132906,0.935046]],[[0.580405,0.752606,-0.310988],[-0.811901,0.564275,-0.149699],[0.0628186,0.339378,0.93855]],[[0.580405,0.752606,-0.310988],[-0.752982,0.350587,-0.556872],[-0.310077,0.55738,0.770181]]],"btipPosition":[-71.2694,273.81,5.8553],"carpPosition":[-59.9783,305.059,102.553],"dipPosition":[-78.5261,286.854,23.8798],"direction":[-0.0628186,-0.339378,-0.93855],"extended":false,"handId":790,"id":7900,"length":52.1149,"mcpPosition":[-59.9783,305.059,102.553],"pipPosition":[-76.3844,298.425,55.8793],"stabilizedTipPosition":[-66.4824,282.397,46.5642],"timeVisible":1.07564,"tipPosition":[-73.1283,276.431,9.99474],"tipVelocity":[-9.7636,26.6759,-28.2357],"tool":false,"touchDistance":-0.348267,"touchZone":"hovering","type":0,"width":20.2494},{"bases":[[[0.915287,-0.342122,-0.212608],[0.349922,0.936778,-0.00100729],[0.199511,-0.0734741,0.977137]],[[0.933049,-0.348624,-0.088777],[0.359244,0.916005,0.178545],[0.0190751,-0.198484,0.979919]],[[0.933049,-0.348624,-0.088777],[0.355022,0.932186,0.070629],[0.0581338,-0.0974181,0.993544]],[[0.933049,-0.348624,-0.088777],[0.34811,0.937202,-0.0217122],[0.0907714,-0.0106456,0.995815]]],"btipPosition":[-63.5016,338.04,-60.6016],"carpPosition":[-45.0487,321.571,94.4097],"dipPosition":[-61.9508,337.858,-43.588],"direction":[-0.0581338,0.0974181,-0.993544],"extended":true,"handId":790,"id":7901,"length":58.8059,"mcpPosition":[-59.7262,326.976,22.5242],"pipPosition":[-60.5457,335.503,-19.5743],"stabilizedTipPosition":[-54.8834,351.947,69.8762],"timeVisible":1.07564,"tipPosition":[-63.2511,336.678,-56.7827],"tipVelocity":[-20.1863,50.8266,-39.2834],"tool":false,"touchDistance":-0.375225,"touchZone":"touching","type":1,"width":19.3423},{"bases":[[[0.860673,-0.503555,-0.0753305],[0.503919,0.863612,-0.0154836],[0.0728531,-0.0246342,0.997038]],[[0.85918,-0.503014,-0.0937316],[0.199461,0.497954,-0.843953],[0.471195,0.706413,0.528164]],[[0.85918,-0.503014,-0.0937316],[-0.423014,-0.595226,-0.683202],[0.287869,0.626644,-0.724189]],[[0.85918,-0.503014,-0.0937316],[-0.506255,-0.862285,-0.0130414],[-0.0742634,0.058657,-0.995512]]],"btipPosition":[-68.0059,267.791,35.5262],"carpPosition":[-33.4219,319.042,91.2428],"dipPosition":[-69.4014,268.893,16.8191],"direction":[-0.287869,-0.626644,0.724189],"extended":false,"handId":790,"id":7902,"length":67.0045,"mcpPosition":[-38.5046,320.76,21.6833],"pipPosition":[-61.2157,286.712,-3.77365],"stabilizedTipPosition":[-53.9341,299.684,183.149],"timeVisible":1.07564,"tipPosition":[-68.2117,268.081,31.8058],"tipVelocity":[-40.2204,23.638,-44.3536],"tool":false,"touchDistance":0.333333,"touchZone":"none","type":2,"width":18.9967},{"bases":[[[0.82156,-0.565352,0.073596],[0.566188,0.824203,0.0109653],[-0.0668573,0.0326606,0.997228]],[[0.819345,-0.564205,0.101715],[0.359631,0.36765,-0.857612],[0.446473,0.739261,0.504138]],[[0.819345,-0.564205,0.101715],[-0.367184,-0.652699,-0.662691],[0.440283,0.505625,-0.741953]],[[0.819345,-0.564205,0.101715],[-0.566669,-0.823927,-0.00556293],[0.0869445,-0.0530809,-0.994798]]],"btipPosition":[-52.0874,265.594,43.6406],"carpPosition":[-22.5067,313.684,89.49],"dipPosition":[-50.463,264.602,25.0544],"direction":[-0.440283,-0.505625,0.741953],"extended":false,"handId":790,"id":7903,"length":64.4267,"mcpPosition":[-18.3189,311.638,27.0254],"pipPosition":[-38.2666,278.609,4.50136],"stabilizedTipPosition":[-40.3481,294.968,190.21],"timeVisible":1.07564,"tipPosition":[-51.5143,265.464,39.8972],"tipVelocity":[-39.85,17.8739,-42.3629],"tool":false,"touchDistance":0.333333,"touchZone":"none","type":3,"width":18.0765},{"bases":[[[0.70338,-0.686131,0.185689],[0.678933,0.725862,0.110338],[-0.210491,0.048461,0.976394]],[[0.705448,-0.686581,0.175925],[0.484807,0.286377,-0.826408],[0.517015,0.668278,0.534883]],[[0.705448,-0.686581,0.175925],[-0.412003,-0.599213,-0.686438],[0.576711,0.411765,-0.705587]],[[0.705448,-0.686581,0.175925],[-0.687138,-0.723366,-0.067692],[0.173734,-0.0731316,-0.982073]]],"btipPosition":[-34.6759,268.825,45.3643],"carpPosition":[-14.3262,302.057,90.1642],"dipPosition":[-31.6814,267.565,28.437],"direction":[-0.576711,-0.411765,0.705587],"extended":false,"handId":790,"id":7904,"length":50.5093,"mcpPosition":[-2.1212,299.247,33.5494],"pipPosition":[-20.4019,275.618,14.6369],"stabilizedTipPosition":[-27.5115,296.797,186.976],"timeVisible":1.07564,"tipPosition":[-33.9264,268.725,41.8943],"tipVelocity":[-37.1515,9.51529,-56.8696],"tool":false,"touchDistance":0.333333,"touchZone":"none","type":4,"width":16.057}],"r":[[0.998903,0.00653198,-0.0463679],[-0.0183681,0.965518,-0.259688],[0.0430727,0.260255,0.964579]],"s":0.738654,"t":[-2.88188,61.7437,-210.555],"timestamp":606711557698},false],[5,{"currentFrameRate":110.552,"devices":[],"gestures":[],"hands":[{"armBasis":[[0.777764,-0.0365867,-0.627491],[0.362358,0.841816,0.400053],[0.513596,-0.538523,0.667991]],"armWidth":63.7182,"confidence":0.797325,"direction":[0.00928758,0.149656,-0.988695],"elbow":[109.201,159.577,279.543],"grabStrength":0,"id":790,"palmNormal":[-0.378485,-0.91465,-0.142003],"palmPosition":[-37.6546,311.966,45.5557],"palmVelocity":[-15.7066,12.3839,-38.1319],"palmWidth":90.9874,"pinchStrength":1,"r":[[0.998864,0.00304113,-0.0475475],[-0.0153604,0.96523,-0.260952],[0.0451007,0.261386,0.96418]],"s":0.738016,"sphereCenter":[-60.6348,288.534,18.6996],"sphereRadius":45.1558,"stabilizedPalmPosition":[-26.4411,331.959,188.152],"t":[-2.98128,61.841,-210.818],"timeVisible":1.08459,"type":"right","wrist":[-29.466,304.974,99.1902]}],"id":4399250,"interactionBox":{"center":[0,200,0],"size":[235.247,235.247,147.751]},"pointables":[{"bases":[[[0.712783,0.69618,-0.0852894],[-0.579247,0.652859,0.488107],[0.395492,-0.298511,0.868606]],[[0.583588,0.750196,-0.310855],[-0.742059,0.648141,0.171062],[0.329808,0.130843,0.934937]],[[0.583588,0.750196,-0.310855],[-0.809677,0.566801,-0.152181],[0.0620276,0.340503,0.938195]],[[0.583588,0.750196,-0.310855],[-0.747556,0.346812,-0.566464],[-0.31715,0.562963,0.763209]]],"btipPosition":[-71.1258,273.973,5.89506],"carpPosition":[-59.9705,305.289,102.412],"dipPosition":[-78.548,287.148,23.7564],"direction":[-0.0620276,-0.340503,-0.938195],"extended":false,"handId":790,"id":7900,"length":52.1149,"mcpPosition":[-59.9705,305.289,102.412],"pipPosition":[-76.4332,298.758,55.7438],"stabilizedTipPosition":[-66.6328,282.27,45.6985],"timeVisible":1.08459,"tipPosition":[-73.1261,276.635,9.97523],"tipVelocity":[-3.8726,25.3072,-20.4555],"tool":false,"touchDistance":-0.34174,"touchZone":"hovering","type":0,"width":20.2494},{"bases":[[[0.913981,-0.345066,-0.213468],[0.352603,0.935768,-0.00295007],[0.200774,-0.072573,0.976946]],[[0.931815,-0.3514,-0.0907673],[0.362413,0.914299,0.180873],[0.0194296,-0.201436,0.979309]],[[0.931815,-0.3514,-0.0907673],[0.358111,0.930849,0.0726394],[0.0589652,-0.100191,0.993219]],[[0.931815,-0.3514,-0.0907673],[0.351069,0.936134,-0.0201108],[0.0920373,-0.013126,0.995669]]],"btipPosition":[-63.6087,338.384,-60.7393],"carpPosition":[-45.0059,321.745,94.2214],"dipPosition":[-62.0363,338.16,-43.7282],"direction":[-0.0589652,0.100191,-0.993219],"extended":true,"handId":790,"id":7901,"length":58.8059,"mcpPosition":[-59.7764,327.084,22.3499],"pipPosition":[-60.6111,335.738,-19.7224],"stabilizedTipPosition":[-54.963,351.818,68.6699],"timeVisible":1.08459,"tipPosition":[-63.3604,337.004,-56.9252],"tipVelocity":[-17.7913,47.1669,-32.778],"tool":false,"touchDistance":-0.368111,"touchZone":"touching","type":1,"width":19.3423},{"bases":[[[0.859111,-0.506135,-0.0758646],[0.506368,0.862139,-0.0175475],[0.0742872,-0.0233402,0.996964]],[[0.857625,-0.505629,-0.0939035],[0.200321,0.49662,-0.844535],[0.473656,0.705484,0.527202]],[[0.857625,-0.505629,-0.0939035],[-0.425269,-0.594599,-0.682348],[0.28918,0.625134,-0.724971]],[[0.857625,-0.505629,-0.0939035],[-0.508776,-0.860822,-0.0115276],[-0.0750055,0.0576622,-0.995515]]],"btipPosition":[-68.2172,267.943,35.3981],"carpPosition":[-33.3912,319.178,91.0407],"dipPosition":[-69.6267,269.027,16.6909],"direction":[-0.28918,-0.625134,0.724971],"extended":false,"handId":790,"id":7902,"length":67.0045,"mcpPosition":[-38.5739,320.806,21.4865],"pipPosition":[-61.4037,286.803,-3.92411],"stabilizedTipPosition":[-54.0009,299.54,182.455],"timeVisible":1.08459,"tipPosition":[-68.4256,268.228,31.679],"tipVelocity":[-35.7861,21.7092,-36.1536],"tool":false,"touchDistance":0.333333,"touchZone":"none","type":2,"width":18.9967},{"bases":[[[0.820046,-0.567595,0.0732139],[0.568564,0.822591,0.00886714],[-0.065258,0.0343553,0.997277]],[[0.817753,-0.566328,0.102728],[0.361251,0.366066,-0.857609],[0.448083,0.738423,0.503938]],[[0.817753,-0.566328,0.102728],[-0.368406,-0.652145,-0.662559],[0.442219,0.503964,-0.741932]],[[0.817753,-0.566328,0.102728],[-0.568923,-0.822377,-0.00482803],[0.0872152,-0.0544961,-0.994698]]],"btipPosition":[-52.3055,265.7,43.4337],"carpPosition":[-22.4941,313.786,89.2796],"dipPosition":[-50.676,264.682,24.8493],"direction":[-0.442219,-0.503964,0.741932],"extended":false,"handId":790,"id":7903,"length":64.4267,"mcpPosition":[-18.4064,311.634,26.812],"pipPosition":[-38.426,278.643,4.29687],"stabilizedTipPosition":[-40.3884,294.866,189.684],"timeVisible":1.08459,"tipPosition":[-51.7324,265.564,39.7079],"tipVelocity":[-35.5903,16.0512,-37.0987],"tool":false,"touchDistance":0.333333,"touchZone":"none","type":3,"width":18.0765},{"bases":[[[0.701691,-0.687865,0.185667],[0.681176,0.724077,0.108219],[-0.208877,0.0505362,0.976635]],[[0.703488,-0.68828,0.177133],[0.486247,0.284346,-0.826264],[0.518333,0.667397,0.534708]],[[0.703488,-0.68828,0.177133],[-0.412934,-0.59869,-0.686335],[0.578438,0.409684,-0.705385]],[[0.703488,-0.68828,0.177133],[-0.689083,-0.721572,-0.0670802],[0.173984,-0.0748692,-0.981898]]],"btipPosition":[-34.8739,268.887,45.1444],"carpPosition":[-14.3459,302.137,89.9591],"dipPosition":[-31.875,267.597,28.2201],"direction":[-0.578438,-0.409684,0.705385],"extended":false,"handId":790,"id":7904,"length":50.5093,"mcpPosition":[-2.23448,299.207,33.3303],"pipPosition":[-20.5618,275.609,14.424],"stabilizedTipPosition":[-27.5208,296.758,186.773],"timeVisible":1.08459,"tipPosition":[-34.1211,268.775,41.6908],"tipVelocity":[-33.0193,8.58838,-48.0298],"tool":false,"touchDistance":0.333333,"touchZone":"none","type":4,"width":16.057}],"r":[[0.998864,0.00304113,-0.0475475],[-0.0153604,0.96523,-0.260952],[0.0451007,0.261386,0.96418]],"s":0.738016,"t":[-2.98128,61.841,-210.818],"timestamp":606711566642},false],[6,{"currentFrameRate":110.525,"devices":[],"gestures":[],"hands":[{"armBasis":[[0.776238,-0.0389381,-0.629236],[0.365804,0.840712,0.399238],[0.513461,-0.540081,0.666836]],"armWidth":63.7182,"confidence":0.800529,"direction":[0.00795557,0.148008,-0.988954],"elbow":[109.177,159.295,279.047],"grabStrength":0,"id":790,"palmNormal":[-0.381845,-0.913592,-0.139801],"palmPosition":[-37.718,312.046,45.3757],"palmVelocity":[-13.2879,11.3734,-33.0518],"palmWidth":90.9874,"pinchStrength":1,"r":[[0.998806,-0.000445734,-0.0488589],[-0.0123992,0.964913,-0.262276],[0.0472615,0.262568,0.963755]],"s":0.737076,"sphereCenter":[-61.0287,288.842,18.5854],"sphereRadius":45.1967,"stabilizedPalmPosition":[-26.4447,331.952,188.106],"t":[-3.06271,61.9294,-211.039],"timeVisible":1.09368,"type":"right","wrist":[-29.4534,305.113,99.0062]}],"id":4399251,"interactionBox":{"center":[0,200,0],"size":[235.247,235.247,147.751]},"pointables":[{"bases":[[[0.714978,0.693618,-0.0877525],[-0.576122,0.655616,0.488109],[0.396094,-0.298431,0.86836]],[[0.586947,0.747443,-0.311164],[-0.738769,0.65168,0.171855],[0.331232,0.129008,0.934688]],[[0.586947,0.747443,-0.311164],[-0.807275,0.569559,-0.154628],[0.0616506,0.341954,0.937692]],[[0.586947,0.747443,-0.311164],[-0.741601,0.342137,-0.577035],[-0.32484,0.569449,0.755121]]],"btipPosition":[-70.9842,274.112,5.986],"carpPosition":[-59.9506,305.537,102.284],"dipPosition":[-78.5864,287.438,23.658],"direction":[-0.0616506,-0.341954,-0.937692],"extended":false,"handId":790,"id":7900,"length":52.1149,"mcpPosition":[-59.9506,305.537,102.284],"pipPosition":[-76.4845,299.097,55.6283],"stabilizedTipPosition":[-66.8382,282.098,44.4983],"timeVisible":1.09368,"tipPosition":[-73.1304,276.833,9.99539],"tipVelocity":[0.251772,23.574,-13.3441],"tool":false,"touchDistance":-0.335188,"touchZone":"hovering","type":0,"width":20.2494},{"bases":[[[0.912408,-0.348512,-0.214596],[0.355766,0.934561,-0.00513832],[0.202344,-0.0716577,0.976689]],[[0.930369,-0.35468,-0.0928142],[0.366072,0.912584,0.182157],[0.0200933,-0.20345,0.978879]],[[0.930369,-0.35468,-0.0928142],[0.361665,0.929384,0.0737788],[0.0600922,-0.102209,0.992946]],[[0.930369,-0.35468,-0.0928142],[0.35448,0.934867,-0.0191962],[0.0935774,-0.0150411,0.995498]]],"btipPosition":[-63.746,338.669,-60.8751],"carpPosition":[-44.9456,321.929,94.0387],"dipPosition":[-62.1472,338.412,-43.8669],"direction":[-0.0600922,0.102209,-0.992946],"extended":true,"handId":790,"id":7901,"length":58.8059,"mcpPosition":[-59.8316,327.201,22.1861],"pipPosition":[-60.6948,335.941,-19.8677],"stabilizedTipPosition":[-55.0716,351.647,67.0492],"timeVisible":1.09368,"tipPosition":[-63.4989,337.285,-57.0638],"tipVelocity":[-16.8597,42.5358,-27.8525],"tool":false,"touchDistance":-0.36168,"touchZone":"touching","type":1,"width":19.3423},{"bases":[[[0.857249,-0.509169,-0.0766277],[0.509253,0.860387,-0.0199001],[0.0760619,-0.0219635,0.996861]],[[0.855749,-0.508694,-0.0944657],[0.20069,0.494642,-0.845608],[0.476882,0.70467,0.525379]],[[0.855749,-0.508694,-0.0944657],[-0.428348,-0.594161,-0.680802],[0.290192,0.62306,-0.726351]],[[0.855749,-0.508694,-0.0944657],[-0.511722,-0.8591,-0.00939228],[-0.0763777,0.0563776,-0.995484]]],"btipPosition":[-68.454,268.109,35.3318],"carpPosition":[-33.3457,319.317,90.8408],"dipPosition":[-69.8892,269.168,16.6252],"direction":[-0.290192,-0.62306,0.726351],"extended":false,"handId":790,"id":7902,"length":67.0045,"mcpPosition":[-38.6522,320.85,21.2937],"pipPosition":[-61.6375,286.885,-4.02902],"stabilizedTipPosition":[-54.0869,299.359,181.573],"timeVisible":1.09368,"tipPosition":[-68.6675,268.388,31.6076],"tipVelocity":[-33.2629,20.5678,-28.1508],"tool":false,"touchDistance":0.333333,"touchZone":"none","type":2,"width":18.9967},{"bases":[[[0.818253,-0.570252,0.0726235],[0.571364,0.820672,0.00646392],[-0.0632861,0.0362053,0.997338]],[[0.815832,-0.568815,0.104247],[0.364283,0.365494,-0.85657],[0.449129,0.736792,0.505392]],[[0.815832,-0.568815,0.104247],[-0.368819,-0.65064,-0.663807],[0.445411,0.503107,-0.740603]],[[0.815832,-0.568815,0.104247],[-0.57148,-0.8206,-0.00516018],[0.0884799,-0.055365,-0.994538]]],"btipPosition":[-52.5639,265.797,43.1138],"carpPosition":[-22.4702,313.886,89.0683],"dipPosition":[-50.9108,264.762,24.5324],"direction":[-0.445411,-0.503107,0.740603],"extended":false,"handId":790,"id":7903,"length":64.4267,"mcpPosition":[-18.506,311.618,26.5968],"pipPosition":[-38.5724,278.699,4.01677],"stabilizedTipPosition":[-40.4347,294.751,189.092],"timeVisible":1.09368,"tipPosition":[-51.9871,265.659,39.4388],"tipVelocity":[-33.4344,14.4269,-36.5433],"tool":false,"touchDistance":0.333333,"touchZone":"none","type":3,"width":18.0765},{"bases":[[[0.6997,-0.689936,0.185493],[0.683826,0.721939,0.105768],[-0.206888,0.0528394,0.976937]],[[0.701189,-0.690303,0.178368],[0.488752,0.283246,-0.825163],[0.519091,0.665773,0.535996]],[[0.701189,-0.690303,0.178368],[-0.413119,-0.597267,-0.687462],[0.581091,0.408354,-0.703975]],[[0.701189,-0.690303,0.178368],[-0.691193,-0.719517,-0.067434],[0.174888,-0.0760024,-0.98165]]],"btipPosition":[-35.0978,268.929,44.8422],"carpPosition":[-14.3603,302.21,89.7518],"dipPosition":[-32.0834,267.619,27.9222],"direction":[-0.581091,-0.408354,0.703975],"extended":false,"handId":790,"id":7904,"length":50.5093,"mcpPosition":[-2.36417,299.147,33.1055],"pipPosition":[-20.7183,275.606,14.1537],"stabilizedTipPosition":[-27.531,296.716,186.556],"timeVisible":1.09368,"tipPosition":[-34.3409,268.811,41.431