{"sensorType":"Leap","data":[[0,{"currentFrameRate":110.531,"devices":[],"gestures":[],"hands":[{"armBasis":[[0.905844,-0.115976,-0.407426],[0.330833,0.794375,0.509429],[0.264567,-0.596254,0.757948]],"armWidth":63.6845,"confidence":0.764215,"direction":[0.0613919,0.011364,-0.998049],"elbow":[42.0314,158.086,295.706],"grabStrength":0,"id":788,"palmNormal":[-0.410415,-0.911203,-0.0356205],"palmPosition":[-34.7523,318.801,36.7647],"palmVelocity":[11.3289,-46.078,211.329],"palmWidth":90.9393,"pinchStrength":0.979954,"r":[[0.956502,-0.290819,-0.0229743],[0.269836,0.911915,-0.309193],[0.11087,0.289544,0.950722]],"s":0.788316,"sphereCenter":[-49.6834,278.625,16.5194],"sphereRadius":44.2646,"stabilizedPalmPosition":[-38.2333,318.403,10.6924],"t":[-22.99,55.8173,-63.3411],"timeVisible":12.8346,"type":"right","wrist":[-29.362,318.985,91.1737]}],"id":4393445,"interactionBox":{"center":[0,200,0],"size":[235.247,235.247,147.751]},"pointables":[{"bases":[[[0.745179,0.651515,-0.142258],[-0.572642,0.734482,0.364166],[0.341746,-0.189906,0.920405]],[[0.655393,0.677004,-0.334853],[-0.734036,0.675362,-0.0712536],[0.177908,0.292493,0.939572]],[[0.655393,0.677004,-0.334853],[-0.75456,0.56743,-0.329639],[-0.0331612,0.46871,0.88273]],[[0.655393,0.677004,-0.334853],[-0.548907,0.122405,-0.826873],[-0.518808,0.725729,0.451835]]],"btipPosition":[-55.5356,273.304,5.21746],"carpPosition":[-59.925,320.844,92.7416],"dipPosition":[-67.6708,290.279,15.7861],"direction":[0.0331612,-0.46871,-0.88273],"extended":false,"handId":788,"id":7880,"length":52.0873,"mcpPosition":[-59.925,320.844,92.7416],"pipPosition":[-68.8008,306.251,45.8666],"stabilizedTipPosition":[-60.9633,278.606,-19.1466],"timeVisible":12.8346,"tipPosition":[-58.2253,277.122,7.84753],"tipVelocity":[15.366,-62.9158,236.636],"tool":false,"touchDistance":0.329137,"touchZone":"hovering","type":0,"width":20.2387},{"bases":[[[0.907222,-0.404047,-0.117026],[0.392191,0.91304,-0.112],[0.152102,0.0557124,0.986793]],[[0.919649,-0.38642,0.0701828],[0.39273,0.903451,-0.17187],[0.0030072,0.185623,0.982617]],[[0.919649,-0.38642,0.0701828],[0.388229,0.867435,-0.311184],[0.0593689,0.313427,0.947755]],[[0.919649,-0.38642,0.0701828],[0.379051,0.826529,-0.416137],[0.102795,0.409302,0.90659]]],"btipPosition":[-58.4165,308.825,-69.948],"carpPosition":[-43.914,335.453,83.1775],"dipPosition":[-56.6611,315.815,-54.467],"direction":[-0.0593689,-0.313427,-0.947755],"extended":true,"handId":788,"id":7881,"length":58.7747,"mcpPosition":[-55.0979,331.356,10.6199],"pipPosition":[-55.227,323.386,-31.5721],"stabilizedTipPosition":[-58.3414,320.247,-95.9638],"timeVisible":12.8346,"tipPosition":[-57.5007,311.92,-66.7089],"tipVelocity":[-9.93803,-176.585,232.782],"tool":false,"touchDistance":0.382133,"touchZone":"hovering","type":1,"width":19.332},{"bases":[[[0.83919,-0.542496,0.038189],[0.543165,0.832588,-0.10848],[0.0270543,0.111778,0.993365]],[[0.839614,-0.537917,0.0754567],[0.27082,0.294137,-0.916592],[0.470856,0.790018,0.39264]],[[0.839614,-0.537917,0.0754567],[-0.422633,-0.734206,-0.531341],[0.341218,0.414231,-0.843791]],[[0.839614,-0.537917,0.0754567],[-0.542101,-0.821049,0.178898],[-0.0342785,-0.19111,-0.98097]]],"btipPosition":[-65.9148,278.019,35.2051],"carpPosition":[-32.2917,332.055,80.9813],"dipPosition":[-66.5586,274.43,16.7809],"direction":[-0.341218,-0.414231,0.843791],"extended":false,"handId":788,"id":7882,"length":66.9691,"mcpPosition":[-34.1782,324.26,11.7148],"pipPosition":[-56.861,286.202,-7.20007],"stabilizedTipPosition":[-70.2225,272.775,-1.70775],"timeVisible":12.8346,"tipPosition":[-66.2186,276.879,30.5448],"tipVelocity":[14.7046,-46.6463,244.163],"tool":false,"touchDistance":0.333333,"touchZone":"none","type":2,"width":18.9866},{"bases":[[[0.790674,-0.581344,0.192023],[0.602319,0.794841,-0.0737529],[-0.109752,0.173974,0.978615]],[[0.794721,-0.588404,0.148994],[0.39283,0.311473,-0.865257],[0.462712,0.746167,0.478677]],[[0.794721,-0.588404,0.148994],[-0.392783,-0.685687,-0.612825],[0.462752,0.428503,-0.776045]],[[0.794721,-0.588404,0.148994],[-0.603726,-0.791647,0.0938683],[0.0627183,-0.164551,-0.984373]]],"btipPosition":[-49.3464,273.081,37.762],"carpPosition":[-21.5719,326.084,80.5357],"dipPosition":[-48.1752,270.009,19.3803],"direction":[-0.462752,-0.428503,0.776045],"extended":false,"handId":788,"id":7883,"length":64.3926,"mcpPosition":[-14.7009,315.192,19.2694],"pipPosition":[-35.3632,281.872,-2.10576],"stabilizedTipPosition":[-53.334,267.511,1.39102],"timeVisible":12.8346,"tipPosition":[-49.2544,272.079,33.2776],"tipVelocity":[14.6159,-44.5512,246.04],"tool":false,"touchDistance":0.333333,"touchZone":"none","type":3,"width":18.067},{"bases":[[[0.662195,-0.680587,0.313525],[0.705887,0.706971,0.0437616],[-0.251437,0.192335,0.948571]],[[0.65569,-0.675557,0.337184],[0.587804,0.17645,-0.789526],[0.473873,0.715883,0.512792]],[[0.65569,-0.675557,0.337184],[-0.370336,-0.676932,-0.636093],[0.657968,0.292208,-0.694041]],[[0.65569,-0.675557,0.337184],[-0.717978,-0.696064,0.00160429],[0.233618,-0.243143,-0.941437]]],"btipPosition":[-33.0367,276.391,39.9034],"carpPosition":[-13.9752,314.36,83.2123],"dipPosition":[-29.0121,272.202,23.6851],"direction":[-0.657968,-0.292208,0.694041],"extended":false,"handId":788,"id":7884,"length":50.4826,"mcpPosition":[0.596245,303.213,28.2398],"pipPosition":[-16.1502,277.914,10.118],"stabilizedTipPosition":[-36.1969,270.776,4.6162],"timeVisible":12.8346,"tipPosition":[-32.228,275.148,35.9081],"tipVelocity":[15.7332,-45.9193,240.559],"tool":false,"touchDistance":0.333333,"touchZone":"none","type":4,"width":16.0485}],"r":[[0.956502,-0.290819,-0.0229743],[0.269836,0.911915,-0.309193],[0.11087,0.289544,0.950722]],"s":0.788316,"t":[-22.99,55.8173,-63.3411],"timestamp":606657634050},false],[1,{"currentFrameRate":110.54,"devices":[],"gestures":[],"hands":[{"armBasis":[[0.906089,-0.105593,-0.409699],[0.326983,0.789279,0.519732],[0.268487,-0.604887,0.749684]],"armWidth":63.6845,"confidence":0.768794,"direction":[0.0619586,0.0164034,-0.997944],"elbow":[43.0008,154.588,296.458],"grabStrength":0,"id":788,"palmNormal":[-0.408415,-0.911904,-0.0403461],"palmPosition":[-34.8079,317.889,39.7436],"palmVelocity":[6.51328,-61.2073,243.969],"palmWidth":90.9393,"pinchStrength":0.980419,"r":[[0.956627,-0.290487,-0.0219769],[0.269546,0.91123,-0.311457],[0.1105,0.292024,0.950006]],"s":0.785038,"sphereCenter":[-49.3566,277.301,19.4513],"sphereRadius":44.3241,"stabilizedPalmPosition":[-38.2315,318.403,10.7076],"t":[-22.9814,55.083,-60.8894],"timeVisible":12.8436,"type":"right","wrist":[-29.4503,317.817,94.1561]}],"id":4393446,"interactionBox":{"center":[0,200,0],"size":[235.247,235.247,147.751]},"pointables":[{"bases":[[[0.743847,0.65382,-0.138605],[-0.57445,0.73144,0.367426],[0.341612,-0.193687,0.919667]],[[0.654108,0.680062,-0.331147],[-0.735456,0.674118,-0.0683261],[0.176766,0.288237,0.941102]],[[0.654108,0.680062,-0.331147],[-0.755655,0.568076,-0.325998],[-0.0335825,0.463471,0.885475]],[[0.654108,0.680062,-0.331147],[-0.547579,0.123713,-0.827558],[-0.521824,0.722642,0.453309]]],"btipPosition":[-55.4869,272.525,7.98618],"carpPosition":[-60.0182,319.602,95.7147],"dipPosition":[-67.6927,289.428,18.5893],"direction":[0.0335825,-0.463471,-0.885475],"extended":false,"handId":788,"id":7880,"length":52.0873,"mcpPosition":[-60.0182,319.602,95.7147],"pipPosition":[-68.837,305.221,48.7633],"stabilizedTipPosition":[-60.9615,278.605,-19.126],"timeVisible":12.8436,"tipPosition":[-58.1882,276.319,10.6128],"tipVelocity":[12.1246,-69.8498,256.139],"tool":false,"touchDistance":0.371206,"touchZone":"hovering","type":0,"width":20.2387},{"bases":[[[0.908166,-0.401499,-0.118463],[0.390274,0.914428,-0.107275],[0.151396,0.0511901,0.987147]],[[0.920423,-0.38465,0.0697571],[0.390897,0.903484,-0.175831],[0.00460909,0.189107,0.981946]],[[0.920423,-0.38465,0.0697571],[0.385919,0.865595,-0.319079],[0.0623522,0.320608,0.945157]],[[0.920423,-0.38465,0.0697571],[0.376099,0.822631,-0.426413],[0.106635,0.418716,0.901835]]],"btipPosition":[-58.6902,307.513,-66.7466],"carpPosition":[-44.0332,334.292,86.2321],"dipPosition":[-56.8693,314.663,-51.3468],"direction":[-0.0623522,-0.320608,-0.945157],"extended":true,"handId":788,"id":7881,"length":58.7747,"mcpPosition":[-55.1652,330.528,13.6486],"pipPosition":[-55.3631,322.408,-28.5147],"stabilizedTipPosition":[-58.3412,320.221,-95.8857],"timeVisible":12.8436,"tipPosition":[-57.7398,310.718,-63.5491],"tipVelocity":[-15.0884,-166.832,265.729],"tool":false,"touchDistance":0.424994,"touchZone":"hovering","type":1,"width":19.332},{"bases":[[[0.840342,-0.540857,0.0360286],[0.541421,0.834287,-0.104059],[0.0262229,0.106952,0.993918]],[[0.840735,-0.536463,0.0733028],[0.270694,0.299201,-0.914988],[0.468925,0.789105,0.396766]],[[0.840735,-0.536463,0.0733028],[-0.420748,-0.732514,-0.535158],[0.340787,0.419084,-0.841566]],[[0.840735,-0.536463,0.0733028],[-0.540422,-0.823086,0.17457],[-0.0333158,-0.186381,-0.981912]]],"btipPosition":[-65.8802,277.048,37.9671],"carpPosition":[-32.4023,330.93,84.0262],"dipPosition":[-66.5059,273.548,19.5253],"direction":[-0.340788,-0.419084,0.841566],"extended":false,"handId":788,"id":7882,"length":66.9691,"mcpPosition":[-34.2308,323.472,14.7212],"pipPosition":[-56.8206,285.458,-4.39244],"stabilizedTipPosition":[-70.2218,272.775,-1.70169],"timeVisible":12.8436,"tipPosition":[-66.1782,275.932,33.3028],"tipVelocity":[11.8363,-62.7779,261.025],"tool":false,"touchDistance":0.333333,"touchZone":"none","type":2,"width":18.9866},{"bases":[[[0.79182,-0.580566,0.18964],[0.600636,0.796497,-0.0694821],[-0.110709,0.168922,0.979392]],[[0.795911,-0.58741,0.146547],[0.392158,0.315806,-0.86399],[0.461235,0.745128,0.481711]],[[0.795911,-0.58741,0.146547],[-0.391686,-0.684194,-0.615192],[0.461636,0.432237,-0.774637]],[[0.795911,-0.58741,0.146547],[-0.602156,-0.793164,0.0910967],[0.0627249,-0.160749,-0.985]]],"btipPosition":[-49.2871,272.171,40.5728],"carpPosition":[-21.6693,324.985,83.5579],"dipPosition":[-48.1158,269.169,22.1793],"direction":[-0.461636,-0.432237,0.774637],"extended":false,"handId":788,"id":7883,"length":64.3926,"mcpPosition":[-14.7384,314.41,22.2429],"pipPosition":[-35.3347,281.136,0.732236],"stabilizedTipPosition":[-53.3332,267.511,1.39709],"timeVisible":12.8436,"tipPosition":[-49.1916,271.185,36.069],"tipVelocity":[12.3988,-59.5561,263.911],"tool":false,"touchDistance":0.333333,"touchZone":"none","type":3,"width":18.067},{"bases":[[[0.663485,-0.680684,0.310576],[0.704325,0.708276,0.0476616],[-0.252416,0.187124,0.949353]],[[0.657472,-0.676175,0.332441],[0.586723,0.182618,-0.788927],[0.472744,0.713749,0.516794]],[[0.657472,-0.676175,0.332441],[-0.369656,-0.673925,-0.639671],[0.65657,0.297677,-0.693039]],[[0.657472,-0.676175,0.332441],[-0.716568,-0.697516,-0.00156439],[0.232941,-0.237188,-0.943123]]],"btipPosition":[-32.9746,275.463,42.6952],"carpPosition":[-14.0488,313.264,86.1813],"dipPosition":[-28.9617,271.377,26.4478],"direction":[-0.65657,-0.297677,0.693039],"extended":false,"handId":788,"id":7884,"length":50.4826,"mcpPosition":[0.579428,302.42,31.1636],"pipPosition":[-16.1271,277.196,12.9003],"stabilizedTipPosition":[-36.1961,270.776,4.62292],"timeVisible":12.8436,"tipPosition":[-32.1728,274.251,38.6909],"tipVelocity":[13.212,-60.8397,259.239],"tool":false,"touchDistance":0.333333,"touchZone":"none","type":4,"width":16.0485}],"r":[[0.956627,-0.290487,-0.0219769],[0.269546,0.91123,-0.311457],[0.1105,0.292024,0.950006]],"s":0.785038,"t":[-22.9814,55.083,-60.8894],"timestamp":606657643081},false],[2,{"currentFrameRate":110.509,"devices":[],"gestures":[],"hands":[{"armBasis":[[0.907022,-0.0966499,-0.409842],[0.32058,0.78956,0.523281],[0.27302,-0.606014,0.747132]],"armWidth":63.6845,"confidence":0.771047,"direction":[0.0654559,0.0208932,-0.997637],"elbow":[43.9368,153.317,298.157],"grabStrength":0,"id":788,"palmNormal":[-0.402739,-0.91418,-0.0455695],"palmPosition":[-34.8992,317.114,42.1126],"palmVelocity":[1.92508,-67.8307,248.482],"palmWidth":90.9393,"pinchStrength":0.980659,"r":[[0.957091,-0.289045,-0.0207234],[0.268441,0.911259,-0.312324],[0.10916,0.29336,0.949749]],"s":0.781526,"sphereCenter":[-48.8459,276.063,21.754],"sphereRadius":44.3859,"stabilizedPalmPosition":[-38.23,318.403,10.7211],"t":[-23.0228,54.3285,-58.4791],"timeVisible":12.8527,"type":"right","wrist":[-29.7375,316.85,96.5435]}],"id":4393447,"interactionBox":{"center":[0,200,0],"size":[235.247,235.247,147.751]},"pointables":[{"bases":[[[0.74037,0.658866,-0.13322],[-0.580189,0.726436,0.368336],[0.33946,-0.195412,0.920098]],[[0.651202,0.685356,-0.325919],[-0.739271,0.669932,-0.0683373],[0.171508,0.285444,0.942925]],[[0.651202,0.685356,-0.325919],[-0.757928,0.565553,-0.325108],[-0.0384904,0.458734,0.88774]],[[0.651202,0.685356,-0.325919],[-0.544335,0.122568,-0.829865],[-0.528806,0.717819,0.45288]]],"btipPosition":[-55.1969,271.781,10.1118],"carpPosition":[-60.3211,318.444,97.9984],"dipPosition":[-67.566,288.571,20.7049],"direction":[0.0384904,-0.458734,-0.88774],"extended":false,"handId":788,"id":7880,"length":52.0873,"mcpPosition":[-60.3211,318.444,97.9984],"pipPosition":[-68.8776,304.203,50.9561],"stabilizedTipPosition":[-60.9598,278.603,-19.1074],"timeVisible":12.8527,"tipPosition":[-57.9335,275.542,12.7284],"tipVelocity":[16.451,-73.9404,249.795],"tool":false,"touchDistance":0.399269,"touchZone":"hovering","type":0,"width":20.2387},{"bases":[[[0.911001,-0.395515,-0.116811],[0.385116,0.917203,-0.102104],[0.147523,0.0480315,0.987892]],[[0.922447,-0.379235,0.0726109],[0.386117,0.904896,-0.179098],[0.0022149,0.193245,0.981148]],[[0.922447,-0.379235,0.0726109],[0.381319,0.865147,-0.325756],[0.0607187,0.32818,0.942662]],[[0.922447,-0.379235,0.0726109],[0.371445,0.820194,-0.435098],[0.105449,0.428326,0.897451]]],"btipPosition":[-58.601,306.198,-64.2298],"carpPosition":[-44.3913,333.27,88.6342],"dipPosition":[-56.8003,313.513,-48.9049],"direction":[-0.0607187,-0.32818,-0.942662],"extended":true,"handId":788,"id":7881,"length":58.7747,"mcpPosition":[-55.2385,329.738,15.9959],"pipPosition":[-55.3336,321.44,-26.1331],"stabilizedTipPosition":[-58.3408,320.188,-95.7909],"timeVisible":12.8527,"tipPosition":[-57.653,309.498,-61.0681],"tipVelocity":[-8.32943,-159.479,268.185],"tool":false,"touchDistance":0.453321,"touchZone":"hovering","type":1,"width":19.332},{"bases":[[[0.843466,-0.535917,0.0368599],[0.536732,0.837964,-0.0986691],[0.0219912,0.103008,0.994437]],[[0.843697,-0.531676,0.0741311],[0.272133,0.304568,-0.912788],[0.46273,0.79029,0.40165]],[[0.843697,-0.531676,0.0741311],[-0.414408,-0.732849,-0.539627],[0.341234,0.424561,-0.838634]],[[0.843697,-0.531676,0.0741311],[-0.536052,-0.827038,0.16928],[-0.028693,-0.182559,-0.982776]]],"btipPosition":[-65.7162,276.096,40.0592],"carpPosition":[-32.7323,329.987,86.4568],"dipPosition":[-66.2551,272.667,21.6011],"direction":[-0.341234,-0.424561,0.838634],"extended":false,"handId":788,"id":7882,"length":66.9691,"mcpPosition":[-34.2658,322.804,17.1156],"pipPosition":[-56.5571,284.733,-2.23331],"stabilizedTipPosition":[-70.2211,272.776,-1.69583],"timeVisible":12.8527,"tipPosition":[-65.9898,274.999,35.3915],"tipVelocity":[14.157,-73.8852,252.259],"tool":false,"touchDistance":0.333333,"touchZone":"none","type":2,"width":18.9866},{"bases":[[[0.794632,-0.576551,0.19013],[0.59605,0.80039,-0.0640327],[-0.11526,0.16421,0.979668]],[[0.79892,-0.583195,0.147003],[0.393041,0.321255,-0.861577],[0.455242,0.746109,0.485876]],[[0.79892,-0.583195,0.147003],[-0.38582,-0.68446,-0.618593],[0.461378,0.43749,-0.771837]],[[0.79892,-0.583195,0.147003],[-0.597738,-0.796991,0.0866887],[0.0666033,-0.157126,-0.98533]]],"btipPosition":[-49.0924,271.333,42.7433],"carpPosition":[-21.9619,324.109,86.003],"dipPosition":[-47.8487,268.398,24.3436],"direction":[-0.461378,-0.43749,0.771837],"extended":false,"handId":788,"id":7883,"length":64.3926,"mcpPosition":[-14.746,313.828,24.6708],"pipPosition":[-35.0747,280.511,2.97412],"stabilizedTipPosition":[-53.3326,267.512,1.40272],"timeVisible":12.8527,"tipPosition":[-48.9753,270.363,38.2287],"tipVelocity":[15.3976,-68.0948,256.806],"tool":false,"touchDistance":0.333333,"touchZone":"none","type":3,"width":18.067},{"bases":[[[0.66647,-0.67794,0.310187],[0.699848,0.712314,0.0531237],[-0.256965,0.181679,0.94919]],[[0.660844,-0.673916,0.330337],[0.58747,0.190557,-0.78649],[0.46708,0.713811,0.521834]],[[0.660844,-0.673916,0.330337],[-0.364213,-0.672803,-0.643961],[0.656227,0.305245,-0.690067]],[[0.660844,-0.673916,0.330337],[-0.712391,-0.701753,-0.00648704],[0.236187,-0.231042,-0.943841]]],"btipPosition":[-32.7913,274.682,44.9055],"carpPosition":[-14.2801,312.423,88.606],"dipPosition":[-28.7225,270.702,28.6457],"direction":[-0.656227,-0.305245,0.690067],"extended":false,"handId":788,"id":7884,"length":50.4826,"mcpPosition":[0.611776,301.895,33.5977],"pipPosition":[-15.8946,276.669,15.1564],"stabilizedTipPosition":[-36.1954,270.777,4.6291],"timeVisible":12.8527,"tipPosition":[-31.98,273.502,40.8999],"tipVelocity":[15.5232,-67.0213,254.598],"tool":false,"touchDistance":0.333333,"touchZone":"none","type":4,"width":16.0485}],"r":[[0.957091,-0.289045,-0.0207234],[0.268441,0.911259,-0.312324],[0.10916,0.29336,0.949749]],"s":0.781526,"t":[-23.0228,54.3285,-58.4791],"timestamp":606657652184},false],[3,{"currentFrameRate":110.546,"devices":[],"gestures":[],"hands":[{"armBasis":[[0.907643,-0.0892705,-0.41014],[0.313435,0.794056,0.520801],[0.279182,-0.601254,0.7487]],"armWidth":63.6845,"confidence":0.718817,"direction":[0.0680952,0.0147821,-0.997569],"elbow":[45.1711,154.328,300.656],"grabStrength":0,"id":788,"palmNormal":[-0.396655,-0.917066,-0.0406654],"palmPosition":[-35.1778,316.45,44.1744],"palmVelocity":[-7.10531,-69.5259,243.293],"palmWidth":90.9393,"pinchStrength":0.980493,"r":[[0.957845,-0.286667,-0.0188172],[0.266542,0.911217,-0.314069],[0.10718,0.295814,0.949214]],"s":0.778037,"sphereCenter":[-48.5494,274.792,24.1815],"sphereRadius":44.4392,"stabilizedPalmPosition":[-38.2289,318.402,10.733],"t":[-23.1827,53.6189,-56.243],"timeVisible":12.8617,"type":"right","wrist":[-30.1661,316.576,98.6198]}],"id":4393448,"interactionBox":{"center":[0,200,0],"size":[235.247,235.247,147.751]},"pointables":[{"bases":[[[0.736437,0.662794,-0.135517],[-0.585925,0.725034,0.361963],[0.338161,-0.187161,0.922289]],[[0.647667,0.687436,-0.328571],[-0.743439,0.664586,-0.0749927],[0.166811,0.292843,0.941497]],[[0.647667,0.687436,-0.328571],[-0.760692,0.558898,-0.330123],[-0.043301,0.463751,0.884907]],[[0.647667,0.687436,-0.328571],[-0.54177,0.112286,-0.832993],[-0.535736,0.717512,0.445156]]],"btipPosition":[-55.0787,270.783,12.4422],"carpPosition":[-60.7633,317.979,99.9804],"dipPosition":[-67.6099,287.566,22.8547],"direction":[0.043301,-0.463751,-0.884907],"extended":false,"handId":788,"id":7880,"length":52.0873,"mcpPosition":[-60.7633,317.979,99.9804],"pipPosition":[-69.0854,303.369,53.0093],"stabilizedTipPosition":[-60.9582,278.601,-19.0899],"timeVisible":12.8617,"tipPosition":[-57.8577,274.544,15.0082],"tipVelocity":[14.4105,-84.1612,251.175],"tool":false,"touchDistance":0.427009,"touchZone":"hovering","type":0,"width":20.2387},{"bases":[[[0.913876,-0.390322,-0.111713],[0.379424,0.919006,-0.107073],[0.144458,0.0554649,0.987955]],[[0.924652,-0.372577,0.0787757],[0.380814,0.904693,-0.191079],[-0.0000761746,0.20668,0.978408]],[[0.924652,-0.372577,0.0787757],[0.376252,0.86189,-0.33997],[0.0587691,0.343994,0.937131]],[[0.924652,-0.372577,0.0787757],[0.366435,0.814188,-0.450359],[0.103655,0.445291,0.889366]]],"btipPosition":[-58.7124,303.981,-61.9167],"carpPosition":[-44.9042,332.847,90.5627],"dipPosition":[-56.9424,311.585,-46.7298],"direction":[-0.0587691,-0.343994,-0.937131],"extended":true,"handId":788,"id":7881,"length":58.7747,"mcpPosition":[-55.526,328.769,17.9197],"pipPosition":[-55.5227,319.894,-24.0916],"stabilizedTipPosition":[-58.3407,320.14,-95.6685],"timeVisible":12.8617,"tipPosition":[-57.7851,307.371,-58.8156],"tipVelocity":[-9.66137,-181.412,264.294],"tool":false,"touchDistance":0.475543,"touchZone":"hovering","type":1,"width":19.332},{"bases":[[[0.846828,-0.530151,0.0426919],[0.531543,0.840782,-0.102702],[0.0185527,0.109663,0.993796]],[[0.846929,-0.525668,0.0799057],[0.272485,0.300051,-0.914178],[0.456578,0.796016,0.397359]],[[0.846929,-0.525668,0.0799057],[-0.40828,-0.739215,-0.535602],[0.340616,0.420992,-0.840682]],[[0.846929,-0.525668,0.0799057],[-0.531122,-0.829343,0.173492],[-0.0249301,-0.189375,-0.981588]]],"btipPosition":[-65.7191,275.225,42.3286],"carpPosition":[-33.2182,329.626,88.4389],"dipPosition":[-66.1873,271.668,23.8928],"direction":[-0.340616,-0.420992,0.840682],"extended":false,"handId":788,"id":7882,"length":66.9691,"mcpPosition":[-34.5118,321.98,19.1424],"pipPosition":[-56.5068,283.633,0.000203322],"stabilizedTipPosition":[-70.2204,272.776,-1.68998],"timeVisible":12.8617,"tipPosition":[-65.9707,274.1,37.6679],"tipVelocity":[10.6852,-81.1153,252.526],"tool":false,"touchDistance":0.333333,"touchZone":"none","type":2,"width":18.9866},{"bases":[[[0.797833,-0.570097,0.196092],[0.591007,0.803824,-0.0676566],[-0.119052,0.16987,0.978249]],[[0.802284,-0.576995,0.153026],[0.393146,0.317827,-0.862799],[0.449195,0.752371,0.481831]],[[0.802284,-0.576995,0.153026],[-0.379973,-0.691324,-0.614566],[0.460392,0.434911,-0.773881]],[[0.802284,-0.576995,0.153026],[-0.592832,-0.800167,0.0910136],[0.0699315,-0.163737,-0.984022]]],"btipPosition":[-49.0665,270.6,45.0952],"carpPosition":[-22.4085,323.816,88.0533],"dipPosition":[-47.7606,267.543,26.72],"direction":[-0.460392,-0.434911,0.773881],"extended":false,"handId":788,"id":7883,"length":64.3926,"mcpPosition":[-14.9552,313.181,26.8099],"pipPosition":[-35.0139,279.584,5.29385],"stabilizedTipPosition":[-53.3319,267.512,1.408],"timeVisible":12.8617,"tipPosition":[-48.9303,269.601,40.584],"tipVelocity":[12.4061,-72.6434,258.359],"tool":false,"touchDistance":0.333333,"touchZone":"none","type":3,"width":18.067},{"bases":[[[0.669999,-0.671531,0.316461],[0.695049,0.717196,0.05036],[-0.260783,0.186214,0.947268]],[[0.664742,-0.66774,0.335026],[0.587505,0.190234,-0.786543],[0.461472,0.719677,0.518757]],[[0.664742,-0.66774,0.335026],[-0.358921,-0.678757,-0.640676],[0.655205,0.305636,-0.690864]],[[0.664742,-0.66774,0.335026],[-0.707861,-0.706344,-0.00331223],[0.238855,-0.23495,-0.942203]]],"btipPosition":[-32.7759,274.046,47.261],"carpPosition":[-14.6581,312.198,90.754],"dipPosition":[-28.6611,269.999,31.0294],"direction":[-0.655205,-0.305636,0.690864],"extended":false,"handId":788,"id":7884,"length":50.4826,"mcpPosition":[0.454975,301.406,35.8571],"pipPosition":[-15.8532,275.973,17.5245],"stabilizedTipPosition":[-36.1947,270.777,4.63471],"timeVisible":12.8617,"tipPosition":[-31.9567,272.855,43.2659],"tipVelocity":[12.0598,-68.5307,256.892],"tool":false,"touchDistance":0.333333,"touchZone":"none","type":4,"width":16.0485}],"r":[[0.957845,-0.286667,-0.0188172],[0.266542,0.911217,-0.314069],[0.10718,0.295814,0.949214]],"s":0.778037,"t":[-23.1827,53.6189,-56.243],"timestamp":606657661166},false],[4,{"currentFrameRate":110.51,"devices":[],"gestures":[],"hands":[{"armBasis":[[0.910073,-0.0765921,-0.407308],[0.30037,0.799038,0.52088],[0.28556,-0.596382,0.750189]],"armWidth":63.6845,"confidence":0.72469,"direction":[0.0720417,0.0058957,-0.997384],"elbow":[46.2138,155.916,302.98],"grabStrength":0,"id":788,"palmNormal":[-0.38612,-0.921846,-0.0333388],"palmPosition":[-35.6296,316.14,46.0802],"palmVelocity":[-18.8917,-59.6624,233.827],"palmWidth":90.9393,"pinchStrength":0.980137,"r":[[0.959097,-0.282626,-0.0159683],[0.263222,0.911159,-0.317022],[0.104148,0.299852,0.948284]],"s":0.774668,"sphereCenter":[-48.1819,273.779,26.5753],"sphereRadius":44.4923,"stabilizedPalmPosition":[-38.2282,318.401,10.7435],"t":[-23.4886,53.1093,-54.172],"timeVisible":12.8708,"type":"right","wrist":[-30.8444,316.85,100.542]}],"id":4393449,"interactionBox":{"center":[0,200,0],"size":[235.247,235.247,147.751]},"pointables":[{"bases":[[[0.729471,0.669741,-0.138995],[-0.595551,0.721828,0.352538],[0.33644,-0.174387,0.925417]],[[0.641303,0.691503,-0.332496],[-0.750584,0.655307,-0.0848292],[0.159228,0.303968,0.939282]],[[0.641303,0.691503,-0.332496],[-0.765545,0.547462,-0.337973],[-0.0516798,0.471284,0.880466]],[[0.641303,0.691503,-0.332496],[-0.538642,0.0971225,-0.836918],[-0.546439,0.715815,0.434757]]],"btipPosition":[-54.8621,269.952,14.7323],"carpPosition":[-61.4608,317.92,101.765],"dipPosition":[-67.6436,286.696,24.9016],"direction":[0.0516798,-0.471284,-0.880466],"extended":false,"handId":788,"id":7880,"length":52.0873,"mcpPosition":[-61.4608,317.92,101.765],"pipPosition":[-69.4047,302.755,54.9049],"stabilizedTipPosition":[-60.9567,278.599,-19.0727],"timeVisible":12.8708,"tipPosition":[-57.707,273.707,17.2358],"tipVelocity":[15.2562,-86.3974,249.521],"tool":false,"touchDistance":0.451153,"touchZone":"hovering","type":0,"width":20.2387},{"bases":[[[0.918672,-0.38102,-0.104238],[0.369478,0.922161,-0.114479],[0.139743,0.0666553,0.987942]],[[0.928405,-0.361115,0.0875171],[0.371532,0.905512,-0.20497],[-0.00522992,0.222811,0.974848]],[[0.928405,-0.361115,0.0875171],[0.367735,0.859226,-0.355671],[0.0532412,0.36239,0.930505]],[[0.928405,-0.361115,0.0875171],[0.358467,0.808478,-0.46676],[0.0977985,0.464715,0.880043]]],"btipPosition":[-58.7384,301.717,-59.7389],"carpPosition":[-45.7317,332.875,92.2674],"dipPosition":[-57.0684,309.652,-44.7112],"direction":[-0.0532412,-0.36239,-0.930505],"extended":true,"handId":788,"id":7881,"length":58.7747,"mcpPosition":[-56.0068,327.974,19.6254],"pipPosition":[-55.7822,318.407,-22.233],"stabilizedTipPosition":[-58.3407,320.068,-95.4962],"timeVisible":12.8708,"tipPosition":[-57.865,305.202,-56.7062],"tipVelocity":[-8.47264,-197.698,256.171],"tool":false,"touchDistance":0.49344,"touchZone":"hovering","type":1,"width":19.332},{"bases":[[[0.852568,-0.520098,0.0512481],[0.522449,0.845709,-0.108736],[0.0132125,0.11948,0.992749]],[[0.852465,-0.515259,0.0883883],[0.272666,0.29396,-0.916101],[0.446046,0.805044,0.391084]],[[0.852465,-0.515259,0.0883883],[-0.397852,-0.749088,-0.5297],[0.339143,0.416385,-0.843567]],[[0.852465,-0.515259,0.0883883],[-0.522443,-0.833533,0.179657],[-0.0188954,-0.199329,-0.97975]]],"btipPosition":[-65.694,274.563,44.5344],"carpPosition":[-34.0014,329.766,90.222],"dipPosition":[-66.0489,270.819,26.1332],"direction":[-0.339143,-0.416385,0.843567],"extended":false,"handId":788,"id":7882,"length":66.9691,"mcpPosition":[-34.9227,321.435,20.9985],"pipPosition":[-56.4103,282.653,2.15858],"stabilizedTipPosition":[-70.2198,272.776,-1.68402],"timeVisible":12.8708,"tipPosition":[-65.9119,273.394,39.8846],"tipVelocity":[9.27775,-80.0759,249.878],"tool":false,"touchDistance":0.333333,"touchZone":"none","type":2,"width":18.9866},{"bases":[[[0.803393,-0.55911,0.204831],[0.582181,0.809767,-0.0730948],[-0.124997,0.177973,0.976064]],[[0.808098,-0.566369,0.161877],[0.392622,0.313024,-0.864791],[0.43912,0.762392,0.475323]],[[0.808098,-0.566369,0.161877],[-0.370322,-0.702184,-0.60811],[0.458083,0.431466,-0.777173]],[[0.808098,-0.566369,0.161877],[-0.58425,-0.80566,0.0977925],[0.0750312,-0.173603,-0.981953]]],"btipPosition":[-48.9926,270.184,47.4581],"carpPosition":[-23.1254,324.074,89.9363],"dipPosition":[-47.5915,266.942,29.1215],"direction":[-0.458083,-0.431466,0.777173],"extended":false,"handId":788,"id":7883,"length":64.3926,"mcpPosition":[-15.2999,312.932,28.8297],"pipPosition":[-34.9087,278.888,7.6043],"stabilizedTipPosition":[-53.3314,267.512,1.41289],"timeVisible":12.8708,"tipPosition":[-48.8266,269.138,42.9429],"tipVelocity":[11.8816,-66.4572,258.905],"tool":false,"touchDistance":0.333333,"touchZone":"none","type":3,"width":18.067},{"bases":[[[0.676216,-0.660813,0.325666],[0.686705,0.725468,0.0461758],[-0.266774,0.192412,0.944357]],[[0.671433,-0.657337,0.342178],[0.587198,0.190235,-0.786772],[0.45208,0.72919,0.513717]],[[0.671433,-0.657337,0.342178],[-0.349925,-0.688244,-0.63551],[0.653246,0.306966,-0.692128]],[[0.671433,-0.657337,0.342178],[-0.699932,-0.714208,0.00140825],[0.24346,-0.240447,-0.939634]]],"btipPosition":[-32.7355,273.794,49.6153],"carpPosition":[-15.2557,312.572,92.7811],"dipPosition":[-28.5413,269.651,33.428],"direction":[-0.653246,-0.306966,0.692128],"extended":false,"handId":788,"id":7884,"length":50.4826,"mcpPosition":[0.204563,301.421,38.0528],"pipPosition":[-15.7717,275.652,19.8984],"stabilizedTipPosition":[-36.1942,270.777,4.63961],"timeVisible":12.8708,"tipPosition":[-31.8981,272.583,45.6294],"tipVelocity":[10.5018,-57.8765,257.622],"tool":false,"touchDistance":0.333333,"touchZone":"none","type":4,"width":16.0485}],"r":[[0.959097,-0.282626,-0.0159683],[0.263222,0.911159,-0.317022],[0.104148,0.299852,0.948284]],"s":0.774668,"t":[-23.4886,53.1093,-54.172],"timestamp":606657670277},false],[5,{"currentFrameRate":110.523,"devices":[],"gestures":[],"hands":[{"armBasis":[[0.913278,-0.0581005,-0.403171],[0.282584,0.803235,0.524366],[0.293375,-0.592822,0.749996]],"armWidth":63.6845,"confidence":0.731028,"direction":[0.0766965,0.00733838,-0.997027],"elbow":[47.3992,156.215,304.856],"grabStrength":0,"id":788,"palmNormal":[-0.368995,-0.928764,-0.0352209],"palmPosition":[-36.2786,315.397,47.986],"palmVelocity":[-33.4842,-65.8914,227.59],"palmWidth":90.9393,"pinchStrength":0.979341,"r":[[0.961113,-0.275859,-0.0127827],[0.257532,0.912048,-0.319131],[0.0996937,0.303429,0.947624]],"s":0.771126,"sphereCenter":[-47.725,272.435,28.5775],"sphereRadius":44.5379,"stabilizedPalmPosition":[-38.2277,318.4,10.7534],"t":[-23.9661,52.4832,-52.1837],"timeVisible":12.8799,"type":"right","wrist":[-31.768,316.188,102.47]}],"id":4393450,"interactionBox":{"center":[0,200,0],"size":[235.247,235.247,147.751]},"pointables":[{"bases":[[[0.71773,0.683015,-0.135476],[-0.610362,0.710748,0.349707],[0.335144,-0.168306,0.927012]],[[0.630307,0.703173,-0.32903],[-0.762105,0.641231,-0.0895455],[0.148018,0.307196,0.940064]],[[0.630307,0.703173,-0.32903],[-0.773703,0.53401,-0.340906],[-0.0640109,0.469447,0.880637]],[[0.630307,0.703173,-0.32903],[-0.535395,0.0868,-0.84013],[-0.562197,0.7057,0.431186]]],"btipPosition":[-54.4577,268.867,16.5525],"carpPosition":[-62.4045,316.697,103.547],"dipPosition":[-67.6078,285.374,26.6382],"direction":[0.0640109,-0.469447,-0.880637],"extended":false,"handId":788,"id":7880,"length":52.0873,"mcpPosition":[-62.4045,316.697,103.547],"pipPosition":[-69.7891,301.371,56.6473],"stabilizedTipPosition":[-60.955,278.596,-19.0543],"timeVisible":12.8799,"tipPosition":[-57.408,272.574,19.0311],"tipVelocity":[20.8045,-97.3727,235.767],"tool":false,"touchDistance":0.466385,"touchZone":"hovering","type":0,"width":20.2387},{"bases":[[[0.925989,-0.364106,-0.0998506],[0.353058,0.928792,-0.112675],[0.133766,0.0690831,0.988602]],[[0.93438,-0.343878,0.0931779],[0.356075,0.910179,-0.211622],[-0.0120363,0.230914,0.9729]],[[0.93438,-0.343878,0.0931779],[0.353381,0.861236,-0.365232],[0.0453473,0.374193,0.926242]],[[0.93438,-0.343878,0.0931779],[0.344974,0.807884,-0.477825],[0.0890368,0.478614,0.873499]]],"btipPosition":[-58.8414,299.732,-57.6316],"carpPosition":[-46.9067,331.938,94.1249],"dipPosition":[-57.321,307.904,-42.7157],"direction":[-0.0453473,-0.374193,-0.926242],"extended":true,"handId":788,"id":7881,"length":58.7747,"mcpPosition":[-56.7424,326.859,21.4343],"pipPosition":[-56.2255,316.944,-20.3405],"stabilizedTipPosition":[-58.3416,319.963,-95.2627],"timeVisible":12.8799,"tipPosition":[-58.0221,303.326,-54.6507],"tipVelocity":[-10.331,-202.164,249.145],"tool":false,"touchDistance":0.508653,"touchZone":"hovering","type":1,"width":19.332},{"bases":[[[0.861702,-0.504391,0.0553124],[0.507376,0.855155,-0.106202],[0.00626672,0.119579,0.992805]],[[0.861333,-0.499563,0.0924257],[0.271446,0.298748,-0.914914],[0.429445,0.813134,0.392926]],[[0.861333,-0.499563,0.0924257],[-0.381648,-0.75633,-0.531328],[0.335336,0.422376,-0.842109]],[[0.861333,-0.499563,0.0924257],[-0.507929,-0.842945,0.177348],[-0.0106864,-0.199701,-0.979799]]],"btipPosition":[-65.5663,273.282,46.3148],"carpPosition":[-35.1118,329.045,92.1355],"dipPosition":[-65.7671,269.531,27.9127],"direction":[-0.335336,-0.422376,0.842109],"extended":false,"handId":788,"id":7882,"length":66.9691,"mcpPosition":[-35.5487,320.707,22.9081],"pipPosition":[-56.2366,281.536,3.97948],"stabilizedTipPosition":[-70.2191,272.776,-1.67703],"timeVisible":12.8799,"tipPosition":[-65.7389,272.114,41.6648],"tipVelocity":[11.6998,-97.1374,235.392],"tool":false,"touchDistance":0.333333,"touchZone":"none","type":2,"width":18.9866},{"bases":[[[0.812516,-0.544317,0.208657],[0.567585,0.82031,-0.0702765],[-0.13291,0.175531,0.975461]],[[0.817556,-0.551481,0.165744],[0.390544,0.319493,-0.863365],[0.423175,0.77058,0.476581]],[[0.817556,-0.551481,0.165744],[-0.355099,-0.7094,-0.608815],[0.453329,0.438885,-0.775805]],[[0.817556,-0.551481,0.165744],[-0.569951,-0.816029,0.0961879],[0.082206,-0.173105,-0.981467]]],"btipPosition":[-48.7942,269.236,49.3582],"carpPosition":[-24.1321,323.554,91.9017],"dipPosition":[-47.2591,266.004,31.0307],"direction":[-0.453329,-0.438885,0.775805],"extended":false,"handId":788,"id":7883,"length":64.3926,"mcpPosition":[-15.8112,312.565,30.8329],"pipPosition":[-34.708,278.155,9.55132],"stabilizedTipPosition":[-53.3309,267.512,1.41776],"timeVisible":12.8799,"tipPosition":[-48.5871,268.19,44.832],"tipVelocity":[15.6014,-77.0042,245.655],"tool":false,"touchDistance":0.333333,"touchZone":"none","type":3,"width":18.067},{"bases":[[[0.686646,-0.648349,0.328877],[0.673065,0.737926,0.0494904],[-0.274774,0.187373,0.943075]],[[0.682762,-0.645683,0.341951],[0.584663,0.202138,-0.785691],[0.438185,0.736365,0.515519]],[[0.682762,-0.645683,0.341951],[-0.336972,-0.693542,-0.636749],[0.648295,0.31952,-0.691101]],[[0.682762,-0.645683,0.341951],[-0.687001,-0.726656,-0.000384307],[0.248729,-0.234658,-0.939718]]],"btipPosition":[-32.5856,273.112,51.6099],"carpPosition":[-16.0666,312.197,94.7837],"dipPosition":[-28.3007,269.07,35.4212],"direction":[-0.648295,-0.31952,0.691101],"extended":false,"handId":788,"id":7884,"length":50.4826,"mcpPosition":[-0.142657,301.339,40.1298],"pipPosition":[-15.6279,275.316,21.9116],"stabilizedTipPosition":[-36.1937,270.778,4.64396],"timeVisible":12.8799,"tipPosition":[-31.7249,271.929,47.6057],"tipVelocity":[12.8172,-62.0208,247.536],"tool":false,"touchDistance":0.333333,"touchZone":"none","type":4,"width":16.0485}],"r":[[0.961113,-0.275859,-0.0127827],[0.257532,0.912048,-0.319131],[0.0996937,0.303429,0.947624]],"s":0.771126,"t":[-23.9661,52.4832,-52.1837],"timestamp":606657679302},false],[6,{"currentFrameRate":109.91,"devices":[],"gestures":[],"hands":[{"armBasis":[[0.914801,0.0857757,-0.394692],[0.14529,0.841897,0.519711],[0.376868,-0.532777,0.757706]],"armWidth":63.6845,"confidence":0.932548,"direction":[-0.0035998,0.264077,-0.964495],"elbow":[87.5509,137.123,302.019],"grabStrength":0,"id":788,"palmNormal":[-0.150271,-0.953692,-0.260559],"palmPosition":[-22.5219,292.124,44.7026],"palmVelocity":[-2.18769,17.6808,-170.113],"palmWidth":90.9393,"pinchStrength":0.984595,"r":[[0.991804,-0.115545,0.0545396],[0.121904,0.983582,-0.133061],[-0.0382696,0.138619,0.989606]],"s":0.881882,"sphereCenter":[-29.385,252.814,14.7598],"sphereRadius":45.6054,"stabilizedPalmPosition":[-56.4615,302.601,194.353],"t":[-10.658,28.4258,-51.9379],"timeVisible":15.8897,"type":"right","wrist":[-14.1468,280.892,97.5528]}],"id":4393776,"interactionBox":{"center":[0,200,0],"size":[235.247,235.247,147.751]},"pointables":[{"bases":[[[0.531529,0.846593,0.0274966],[-0.727042,0.439333,0.527633],[0.434611,-0.300444,0.849027]],[[0.394403,0.896275,-0.202822],[-0.874756,0.433795,0.215923],[0.28151,0.0922591,0.955113]],[[0.394403,0.896275,-0.202822],[-0.918849,0.387711,-0.0734654],[0.0127911,0.215338,0.976456]],[[0.394403,0.896275,-0.202822],[-0.832306,0.254859,-0.492254],[-0.389504,0.362956,0.846492]]],"btipPosition":[-49.2947,253.367,-1.4572],"carpPosition":[-43.925,273.798,99.2674],"dipPosition":[-58.4054,261.857,18.3427],"direction":[-0.0127911,-0.215338,-0.976456],"extended":false,"handId":788,"id":7880,"length":52.0873,"mcpPosition":[-43.925,273.798,99.2674],"pipPosition":[-57.9695,269.195,51.617],"stabilizedTipPosition":[-84.2559,281.71,140.994],"timeVisible":15.8897,"tipPosition":[-51.0125,255.123,3.08983],"tipVelocity":[-2.74686,18.3285,-171.927],"tool":false,"touchDistance":-0.508957,"touchZone":"touching","type":0,"width":20.2387},{"bases":[[[0.973999,-0.0976143,-0.204445],[0.123458,0.985344,0.117707],[0.189958,-0.139887,0.971775]],[[0.985707,-0.108064,-0.129247],[0.101101,0.993108,-0.0592922],[0.134764,0.0453777,0.989838]],[[0.985707,-0.108064,-0.129247],[0.0828785,0.978964,-0.186442],[0.146676,0.173065,0.973927]],[[0.985707,-0.108064,-0.129247],[0.0681903,0.957439,-0.280464],[0.154054,0.267642,0.951123]]],"btipPosition":[-58.9854,293.685,-60.027],"carpPosition":[-33.0576,294.099,93.697],"dipPosition":[-56.3548,298.255,-43.7855],"direction":[-0.146676,-0.173065,-0.973927],"extended":true,"handId":788,"id":7881,"length":58.7747,"mcpPosition":[-47.025,304.385,22.2437],"pipPosition":[-52.8115,302.436,-20.2584],"stabilizedTipPosition":[-84.5527,331.87,86.66],"timeVisible":15.8897,"tipPosition":[-58.1781,294.37,-56.2558],"tipVelocity":[-9.64641,11.1168,-166.175],"tool":false,"touchDistance":-0.518444,"touchZone":"touching","type":1,"width":19.332},{"bases":[[[0.955295,-0.282153,-0.0883253],[0.290488,0.951345,0.102756],[0.055035,-0.123819,0.990777]],[[0.956779,-0.287229,-0.0455282],[0.147855,0.615253,-0.77434],[0.250425,0.734141,0.631129]],[[0.956779,-0.287229,-0.0455282],[-0.203117,-0.547972,-0.811462],[0.208127,0.785638,-0.582629]],[[0.956779,-0.287229,-0.0455282],[-0.289672,-0.927404,-0.236668],[0.025755,0.239627,-0.970523]]],"btipPosition":[-43.4021,241.108,26.133],"carpPosition":[-21.1019,294.669,90.8362],"dipPosition":[-42.9184,245.609,7.90509],"direction":[-0.208127,-0.785638,0.582629],"extended":false,"handId":788,"id":7882,"length":66.9691,"mcpPosition":[-24.9394,303.303,21.7502],"pipPosition":[-37.0033,267.937,-8.65355],"stabilizedTipPosition":[-81.4895,266.103,156.8],"timeVisible":15.8897,"tipPosition":[-43.128,242.519,22.4608],"tipVelocity":[4.84089,11.6169,-176.742],"tool":false,"touchDistance":0.333333,"touchZone":"none","type":2,"width":18.9866},{"bases":[[[0.928347,-0.368207,0.0509453],[0.359603,0.924324,0.127714],[-0.0941152,-0.100243,0.990502]],[[0.923126,-0.372373,0.0957939],[0.30005,0.541873,-0.785075],[0.240433,0.753467,0.611948]],[[0.923126,-0.372373,0.0957939],[-0.15153,-0.581309,-0.799448],[0.353379,0.723476,-0.593048]],[[0.923126,-0.372373,0.0957939],[-0.341726,-0.908767,-0.239511],[0.176242,0.188364,-0.966156]]],"btipPosition":[-27.1331,241.261,34.1614],"carpPosition":[-9.21382,292.18,89.0372],"dipPosition":[-23.842,244.779,16.1198],"direction":[-0.353379,-0.723476,0.593048],"extended":false,"handId":788,"id":7883,"length":64.3926,"mcpPosition":[-3.32173,298.455,27.0267],"pipPosition":[-14.0582,264.809,-0.299654],"stabilizedTipPosition":[-65.1549,261.501,163.69],"timeVisible":15.8897,"tipPosition":[-26.2562,242.47,30.3331],"tipVelocity":[5.00171,12.7798,-177.55],"tool":false,"touchDistance":0.333333,"touchZone":"none","type":3,"width":18.067},{"bases":[[[0.838951,-0.524964,0.143436],[0.48988,0.84329,0.221087],[-0.23702,-0.115214,0.964649]],[[0.766377,-0.537451,0.35187],[0.597088,0.393911,-0.698799],[0.236964,0.745641,0.62279]],[[0.766377,-0.537451,0.35187],[-0.0698189,-0.614194,-0.78606],[0.638586,0.577852,-0.508228]],[[0.766377,-0.537451,0.35187],[-0.45379,-0.840638,-0.29564],[0.454688,0.0668965,-0.888135]]],"btipPosition":[-13.5401,250.606,36.1555],"carpPosition":[1.4141,282.728,88.8338],"dipPosition":[-5.70708,251.758,20.8554],"direction":[-0.638586,-0.577852,0.508228],"extended":false,"handId":788,"id":7884,"length":50.4826,"mcpPosition":[15.1501,289.405,32.9297],"pipPosition":[6.77593,263.054,10.9206],"stabilizedTipPosition":[-45.9607,264.603,163.554],"timeVisible":15.8897,"tipPosition":[-11.5803,251.208,32.8478],"tipVelocity":[1.6487,16.7151,-168.031],"tool":false,"touchDistance":0.333333,"touchZone":"none","type":4,"width":16.0485}],"r":[[0.991804,-0.115545,0.0545396],[0.121904,0.983582,-0.133061],[-0.0382696,