{"sensorType":"Leap","data":[[0,{"currentFrameRate":110.48,"devices":[],"gestures":[],"hands":[{"armBasis":[[0.654963,-0.337421,-0.676144],[0.592722,0.78441,0.182704],[0.468726,-0.52043,0.713757]],"armWidth":63.7182,"confidence":0.873951,"direction":[-0.085796,0.297987,-0.950706],"elbow":[130.413,159.116,283.479],"grabStrength":0,"id":789,"palmNormal":[-0.593536,-0.781704,-0.191452],"palmPosition":[-9.43554,316.518,40.4654],"palmVelocity":[-1.00935,4.22935,-34.1472],"palmWidth":90.9874,"pinchStrength":1,"r":[[0.985147,-0.0312772,0.168843],[0.0243657,0.998784,0.0428525],[-0.169978,-0.038102,0.984711]],"s":0.852628,"sphereCenter":[-36.3037,291.423,12.0791],"sphereRadius":44.4707,"stabilizedPalmPosition":[-25.8309,260.218,258.139],"t":[16.9733,58.054,-222.372],"timeVisible":1.31064,"type":"right","wrist":[3.86103,299.628,90.7698]}],"id":4397154,"interactionBox":{"center":[0,200,0],"size":[235.247,235.247,147.751]},"pointables":[{"bases":[[[0.83614,0.536869,-0.112432],[-0.345092,0.674204,0.652963],[0.426358,-0.507169,0.748998]],[[0.663037,0.667521,-0.338818],[-0.601964,0.744486,0.288754],[0.444995,0.0125018,0.895446]],[[0.663037,0.667521,-0.338818],[-0.726018,0.68371,-0.0737476],[0.182425,0.294886,0.937957]],[[0.663037,0.667521,-0.338818],[-0.748197,0.576338,-0.328687],[-0.0241316,0.471435,0.881571]]],"btipPosition":[-52.9349,284.073,1.60131],"carpPosition":[-25.0675,305.784,98.9092],"dipPosition":[-53.4997,295.106,22.2327],"direction":[-0.182425,-0.294886,-0.937957],"extended":false,"handId":789,"id":7890,"length":52.1149,"mcpPosition":[-25.0675,305.784,98.9092],"pipPosition":[-47.2799,305.16,54.212],"stabilizedTipPosition":[-69.2234,233.796,222.259],"timeVisible":1.31064,"tipPosition":[-53.2102,285.958,6.38216],"tipVelocity":[5.89057,22.3962,-35.6359],"tool":false,"touchDistance":-0.357831,"touchZone":"touching","type":0,"width":20.2494},{"bases":[[[0.774456,-0.490043,-0.400096],[0.554492,0.830276,0.0563833],[0.30456,-0.265516,0.914737]],[[0.814332,-0.527387,-0.242337],[0.555872,0.828779,0.0642759],[0.166946,-0.18705,0.968061]],[[0.814332,-0.527387,-0.242337],[0.532795,0.844866,-0.0482798],[0.230204,-0.0898001,0.96899]],[[0.814332,-0.527387,-0.242337],[0.509026,0.849558,-0.138362],[0.278849,-0.0106836,0.960275]]],"btipPosition":[-47.8324,349.761,-58.1981],"carpPosition":[-7.92637,319.839,90.5126],"dipPosition":[-43.0682,349.578,-41.7916],"direction":[-0.230204,0.0898001,-0.96899],"extended":true,"handId":789,"id":7891,"length":58.8059,"mcpPosition":[-30.3321,339.372,23.2176],"pipPosition":[-37.5043,347.408,-18.3714],"stabilizedTipPosition":[-58.9343,324.536,63.7956],"timeVisible":1.31064,"tipPosition":[-47.0939,348.875,-54.4224],"tipVelocity":[8.70492,8.94637,-37.0107],"tool":false,"touchDistance":-0.362101,"touchZone":"touching","type":1,"width":19.3423},{"bases":[[[0.702532,-0.655723,-0.276544],[0.683993,0.729445,0.00799985],[0.196478,-0.194774,0.960968]],[[0.710777,-0.66394,-0.232334],[0.351939,0.621643,-0.699785],[0.609044,0.415624,0.675516]],[[0.710777,-0.66394,-0.232334],[-0.586566,-0.377137,-0.716734],[0.388247,0.645718,-0.657505]],[[0.710777,-0.66394,-0.232334],[-0.670985,-0.739091,0.0593616],[-0.211128,0.1137,-0.970823]]],"btipPosition":[-47.8641,288.497,22.5339],"carpPosition":[2.27136,315.439,85.1964],"dipPosition":[-51.8315,290.634,4.29074],"direction":[-0.388247,-0.645718,0.657505],"extended":false,"handId":789,"id":7892,"length":67.0045,"mcpPosition":[-11.4361,329.028,18.1534],"pipPosition":[-40.7914,308.995,-14.4058],"stabilizedTipPosition":[-62.7781,226.698,247.896],"timeVisible":1.31064,"tipPosition":[-49.0486,288.912,17.7329],"tipVelocity":[0.305652,5.97968,-39.8996],"tool":false,"touchDistance":0.333333,"touchZone":"none","type":2,"width":18.9967},{"bases":[[[0.670213,-0.730349,-0.131926],[0.738352,0.674152,0.0188511],[0.0751702,-0.110042,0.99108]],[[0.669785,-0.729727,-0.13743],[0.455769,0.550115,-0.699748],[0.586227,0.406045,0.701046]],[[0.669785,-0.729727,-0.13743],[-0.549495,-0.362599,-0.752713],[0.499443,0.579673,-0.643845]],[[0.669785,-0.729727,-0.13743],[-0.734728,-0.678077,0.0196582],[-0.107533,0.0878069,-0.990316]]],"btipPosition":[-31.4122,279.293,23.9714],"carpPosition":[11.3141,308.24,81.0346],"dipPosition":[-33.4213,280.934,5.46881],"direction":[-0.499443,-0.579673,0.643845],"extended":false,"handId":789,"id":7893,"length":64.4267,"mcpPosition":[6.60553,315.133,18.9551],"pipPosition":[-19.5861,296.992,-12.3665],"stabilizedTipPosition":[-42.8397,220.094,269.7],"timeVisible":1.31064,"tipPosition":[-32.1733,279.488,19.2188],"tipVelocity":[1.09875,5.49189,-34.7738],"tool":false,"touchDistance":0.333333,"touchZone":"none","type":3,"width":18.0765},{"bases":[[[0.543137,-0.839459,-0.0176215],[0.837327,0.539961,0.0855874],[-0.0623322,-0.0612407,0.996175]],[[0.524462,-0.837558,0.153086],[0.64844,0.276394,-0.709318],[0.551783,0.471277,0.688065]],[[0.524462,-0.837558,0.153086],[-0.499091,-0.448086,-0.741706],[0.689817,0.312593,-0.653022]],[[0.524462,-0.837558,0.153086],[-0.847588,-0.530654,0.000483908],[0.0808302,-0.130007,-0.988213]]],"btipPosition":[-14.1927,278.205,26.6437],"carpPosition":[16.5879,295.19,78.9291],"dipPosition":[-12.7995,275.964,9.61053],"direction":[-0.689817,-0.312593,0.653022],"extended":false,"handId":789,"id":7894,"length":50.5093,"mcpPosition":[20.2022,298.741,21.1673],"pipPosition":[0.692089,282.078,-3.16143],"stabilizedTipPosition":[-24.7438,218.843,263.148],"timeVisible":1.31064,"tipPosition":[-14.0552,277.521,22.2058],"tipVelocity":[2.25629,4.82078,-30.6797],"tool":false,"touchDistance":0.333333,"touchZone":"none","type":4,"width":16.057}],"r":[[0.985147,-0.0312772,0.168843],[0.0243657,0.998784,0.0428525],[-0.169978,-0.038102,0.984711]],"s":0.852628,"t":[16.9733,58.054,-222.372],"timestamp":606691989361},false],[1,{"currentFrameRate":110.513,"devices":[],"gestures":[],"hands":[{"armBasis":[[0.655198,-0.336701,-0.676275],[0.592188,0.784738,0.183031],[0.469072,-0.520403,0.713549]],"armWidth":63.7182,"confidence":0.885343,"direction":[-0.0851211,0.297653,-0.950872],"elbow":[130.427,159.104,283.239],"grabStrength":0,"id":789,"palmNormal":[-0.59299,-0.782052,-0.191723],"palmPosition":[-9.48066,316.477,40.2652],"palmVelocity":[-2.10952,1.79781,-30.8904],"palmWidth":90.9874,"pinchStrength":1,"r":[[0.985019,-0.0313912,0.169564],[0.0244855,0.998789,0.0426653],[-0.170698,-0.0378743,0.984595]],"s":0.85252,"sphereCenter":[-36.2385,291.283,11.8437],"sphereRadius":44.4814,"stabilizedPalmPosition":[-25.8309,260.218,258.139],"t":[16.9386,58.0425,-222.602],"timeVisible":1.31963,"type":"right","wrist":[3.78074,299.608,90.5862]}],"id":4397155,"interactionBox":{"center":[0,200,0],"size":[235.247,235.247,147.751]},"pointables":[{"bases":[[[0.835975,0.537242,-0.111876],[-0.345984,0.674236,0.652457],[0.425959,-0.506731,0.749522]],[[0.663911,0.667307,-0.337525],[-0.601272,0.744706,0.289628],[0.444627,0.0106574,0.895652]],[[0.663911,0.667307,-0.337525],[-0.72533,0.684468,-0.0734876],[0.181986,0.293606,0.938444]],[[0.663911,0.667307,-0.337525],[-0.74726,0.574665,-0.333712],[-0.0287247,0.473774,0.880178]]],"btipPosition":[-52.8844,284.123,1.39657],"carpPosition":[-25.1578,305.753,98.6988],"dipPosition":[-53.5567,295.21,21.9953],"direction":[-0.181986,-0.293606,-0.938444],"extended":false,"handId":789,"id":7890,"length":52.1149,"mcpPosition":[-25.1578,305.753,98.6988],"pipPosition":[-47.3519,305.221,53.9912],"stabilizedTipPosition":[-69.2214,233.803,222.232],"timeVisible":1.31963,"tipPosition":[-53.1853,286.005,6.16375],"tipVelocity":[5.0608,18.1525,-32.3364],"tool":false,"touchDistance":-0.353565,"touchZone":"touching","type":0,"width":20.2494},{"bases":[[[0.775039,-0.489789,-0.399277],[0.554039,0.830564,0.0566054],[0.3039,-0.265086,0.915081]],[[0.814788,-0.527055,-0.241525],[0.555497,0.828974,0.0649939],[0.165963,-0.187123,0.968216]],[[0.814788,-0.527055,-0.241525],[0.532521,0.845074,-0.0476519],[0.229222,-0.0897908,0.969224]],[[0.814788,-0.527055,-0.241525],[0.508825,0.849765,-0.137826],[0.277881,-0.0105948,0.960557]]],"btipPosition":[-47.7913,349.705,-58.4405],"carpPosition":[-8.01628,319.813,90.3126],"dipPosition":[-43.0436,349.524,-42.0293],"direction":[-0.229222,0.0897908,-0.969224],"extended":true,"handId":789,"id":7891,"length":58.8059,"mcpPosition":[-30.3735,339.315,22.9923],"pipPosition":[-37.5034,347.354,-18.6034],"stabilizedTipPosition":[-58.9339,324.537,63.7913],"timeVisible":1.31963,"tipPosition":[-47.0528,348.829,-54.6642],"tipVelocity":[7.45654,4.80055,-34.2218],"tool":false,"touchDistance":-0.357844,"touchZone":"touching","type":1,"width":19.3423},{"bases":[[[0.703089,-0.655466,-0.275735],[0.68363,0.729781,0.00836475],[0.195743,-0.194382,0.961197]],[[0.7113,-0.663665,-0.231518],[0.352395,0.621707,-0.699499],[0.608169,0.415968,0.676092]],[[0.7113,-0.663665,-0.231518],[-0.585676,-0.377495,-0.717273],[0.388632,0.645791,-0.657206]],[[0.7113,-0.663665,-0.231518],[-0.670698,-0.739388,0.0589061],[-0.210275,0.113379,-0.971046]]],"btipPosition":[-47.8808,288.435,22.296],"carpPosition":[2.18817,315.417,85.0065],"dipPosition":[-51.8322,290.566,4.04862],"direction":[-0.388632,-0.645791,0.657206],"extended":false,"handId":789,"id":7892,"length":67.0045,"mcpPosition":[-11.4681,328.978,17.9476],"pipPosition":[-40.7812,308.929,-14.6394],"stabilizedTipPosition":[-62.7781,226.698,247.896],"timeVisible":1.31963,"tipPosition":[-49.0564,288.848,17.5092],"tipVelocity":[-0.177472,2.40039,-36.2439],"tool":false,"touchDistance":0.333333,"touchZone":"none","type":2,"width":18.9967},{"bases":[[[0.670682,-0.730063,-0.131123],[0.738007,0.674517,0.0192799],[0.0743689,-0.1097,0.991179]],[[0.670256,-0.729438,-0.136667],[0.456032,0.550106,-0.699584],[0.585484,0.406576,0.701359]],[[0.670256,-0.729438,-0.136667],[-0.548776,-0.363178,-0.752959],[0.499602,0.579674,-0.64372]],[[0.670256,-0.729438,-0.136667],[-0.734393,-0.678447,0.0194203],[-0.106887,0.0873505,-0.990427]]],"btipPosition":[-31.4214,279.238,23.77],"carpPosition":[11.238,308.221,80.8548],"dipPosition":[-33.4184,280.87,5.26539],"direction":[-0.499602,-0.579674,0.64372],"extended":false,"handId":789,"id":7893,"length":64.4267,"mcpPosition":[6.57962,315.092,18.7691],"pipPosition":[-19.5788,296.927,-12.5664],"stabilizedTipPosition":[-42.8397,220.094,269.7],"timeVisible":1.31963,"tipPosition":[-32.1767,279.432,19.0202],"tipVelocity":[0.601199,2.22577,-31.3933],"tool":false,"touchDistance":0.333333,"touchZone":"none","type":3,"width":18.0765},{"bases":[[[0.543561,-0.8392,-0.0168942],[0.83699,0.540395,0.086143],[-0.0631616,-0.0609642,0.99614]],[[0.525315,-0.837562,0.150111],[0.6462,0.277907,-0.71077],[0.553597,0.47038,0.687221]],[[0.525315,-0.837562,0.150111],[-0.501597,-0.447311,-0.740481],[0.687346,0.313691,-0.655098]],[[0.525315,-0.837562,0.150111],[-0.847356,-0.531019,0.00244967],[0.0776601,-0.128485,-0.988666]]],"btipPosition":[-14.1737,278.156,26.5527],"carpPosition":[16.52,295.173,78.7578],"dipPosition":[-12.8352,275.941,9.51177],"direction":[-0.687346,-0.313691,0.655098],"extended":false,"handId":789,"id":7894,"length":50.5093,"mcpPosition":[20.1823,298.708,20.9981],"pipPosition":[0.60812,282.076,-3.30081],"stabilizedTipPosition":[-24.7438,218.843,263.148],"timeVisible":1.31963,"tipPosition":[-14.0445,277.481,22.098],"tipVelocity":[1.83398,2.18278,-25.0938],"tool":false,"touchDistance":0.333333,"touchZone":"none","type":4,"width":16.057}],"r":[[0.985019,-0.0313912,0.169564],[0.0244855,0.998789,0.0426653],[-0.170698,-0.0378743,0.984595]],"s":0.85252,"t":[16.9386,58.0425,-222.602],"timestamp":606691998351},false],[2,{"currentFrameRate":110.495,"devices":[],"gestures":[],"hands":[{"armBasis":[[0.655481,-0.33642,-0.676141],[0.59182,0.784985,0.18316],[0.469142,-0.520211,0.713643]],"armWidth":63.7182,"confidence":0.885448,"direction":[-0.0850412,0.29678,-0.951152],"elbow":[130.392,159.124,283.007],"grabStrength":0,"id":789,"palmNormal":[-0.592557,-0.782512,-0.191181],"palmPosition":[-9.53094,316.395,39.99],"palmVelocity":[-3.05751,-1.18847,-30.7258],"palmWidth":90.9874,"pinchStrength":1,"r":[[0.984912,-0.0313552,0.170193],[0.0244807,0.998803,0.0423424],[-0.171317,-0.037537,0.984501]],"s":0.852387,"sphereCenter":[-36.1263,290.982,11.5321],"sphereRadius":44.5185,"stabilizedPalmPosition":[-25.8309,260.218,258.139],"t":[16.8961,57.9959,-222.855],"timeVisible":1.32872,"type":"right","wrist":[3.72679,299.577,90.3289]}],"id":4397156,"interactionBox":{"center":[0,200,0],"size":[235.247,235.247,147.751]},"pointables":[{"bases":[[[0.835736,0.537558,-0.112146],[-0.346473,0.674635,0.651786],[0.42603,-0.505865,0.750066]],[[0.664857,0.66677,-0.336723],[-0.599889,0.745216,0.291181],[0.445083,0.0084027,0.89545]],[[0.664857,0.66677,-0.336723],[-0.724224,0.685798,-0.0719737],[0.182934,0.291715,0.938849]],[[0.664857,0.66677,-0.336723],[-0.746221,0.572678,-0.339403],[-0.0334698,0.476924,0.878307]]],"btipPosition":[-52.8874,284.188,1.1671],"carpPosition":[-25.2167,305.714,98.4292],"dipPosition":[-53.6707,295.349,21.7221],"direction":[-0.182934,-0.291715,-0.938849],"extended":false,"handId":789,"id":7890,"length":52.1149,"mcpPosition":[-25.2167,305.714,98.4292],"pipPosition":[-47.4336,305.295,53.7318],"stabilizedTipPosition":[-69.2192,233.81,222.203],"timeVisible":1.32872,"tipPosition":[-53.2012,286.054,5.91804],"tipVelocity":[2.79302,15.6224,-30.6869],"tool":false,"touchDistance":-0.350135,"touchZone":"touching","type":0,"width":20.2494},{"bases":[[[0.775376,-0.489753,-0.398664],[0.553615,0.830887,0.056012],[0.303813,-0.264137,0.915385]],[[0.815086,-0.526841,-0.240985],[0.55517,0.829195,0.064971],[0.165594,-0.186744,0.968352]],[[0.815086,-0.526841,-0.240985],[0.532206,0.845263,-0.047827],[0.228893,-0.0892704,0.96935]],[[0.815086,-0.526841,-0.240985],[0.508506,0.849906,-0.138139],[0.277592,-0.0099469,0.960648]]],"btipPosition":[-47.82,349.558,-58.751],"carpPosition":[-8.08016,319.776,90.0348],"dipPosition":[-43.0773,349.388,-42.3382],"direction":[-0.228893,0.0892704,-0.96935],"extended":true,"handId":789,"id":7891,"length":58.8059,"mcpPosition":[-30.4309,339.208,22.6922],"pipPosition":[-37.545,347.23,-18.9093],"stabilizedTipPosition":[-58.9336,324.537,63.7883],"timeVisible":1.32872,"tipPosition":[-47.0774,348.694,-54.9748],"tipVelocity":[4.48412,-0.929683,-34.2019],"tool":false,"touchDistance":-0.355045,"touchZone":"touching","type":1,"width":19.3423},{"bases":[[[0.703479,-0.655359,-0.274995],[0.683267,0.730126,0.00789028],[0.19561,-0.193446,0.961413]],[[0.711682,-0.663513,-0.23078],[0.352354,0.621349,-0.699838],[0.607746,0.416745,0.675994]],[[0.711682,-0.663513,-0.23078],[-0.585267,-0.37831,-0.717178],[0.38855,0.645471,-0.657569]],[[0.711682,-0.663513,-0.23078],[-0.670359,-0.739661,0.0593307],[-0.210066,0.112481,-0.971195]]],"btipPosition":[-47.9132,288.322,22.0273],"carpPosition":[2.12773,315.38,84.7351],"dipPosition":[-51.8606,290.435,3.77716],"direction":[-0.38855,-0.645471,0.657569],"extended":false,"handId":789,"id":7892,"length":67.0045,"mcpPosition":[-11.5192,328.876,17.6611],"pipPosition":[-40.812,308.79,-14.9212],"stabilizedTipPosition":[-62.7781,226.698,247.896],"timeVisible":1.32872,"tipPosition":[-49.0839,288.73,17.2516],"tipVelocity":[-1.08665,-1.84481,-34.4198],"tool":false,"touchDistance":0.333333,"touchZone":"none","type":2,"width":18.9967},{"bases":[[[0.671075,-0.729845,-0.130325],[0.737669,0.674899,0.0188667],[0.0741864,-0.108798,0.991292]],[[0.670649,-0.729225,-0.135873],[0.456291,0.549977,-0.699517],[0.584832,0.407132,0.70158]],[[0.670649,-0.729225,-0.135873],[-0.54828,-0.363944,-0.75295],[0.49962,0.579462,-0.643898]],[[0.670649,-0.729225,-0.135873],[-0.734043,-0.678808,0.0200087],[-0.106823,0.0863181,-0.990524]]],"btipPosition":[-31.4384,279.145,23.4968],"carpPosition":[11.1821,308.185,80.5918],"dipPosition":[-33.4342,280.758,4.99033],"direction":[-0.49962,-0.579462,0.643898],"extended":false,"handId":789,"id":7893,"length":64.4267,"mcpPosition":[6.53516,315,18.499],"pipPosition":[-19.5942,296.81,-12.8464],"stabilizedTipPosition":[-42.8397,220.094,269.7],"timeVisible":1.32872,"tipPosition":[-32.1899,279.333,18.7688],"tipVelocity":[-0.0748096,-1.33444,-31.0444],"tool":false,"touchDistance":0.333333,"touchZone":"none","type":3,"width":18.0765},{"bases":[[[0.54398,-0.838945,-0.0160316],[0.836702,0.540884,0.0858705],[-0.0633694,-0.0601255,0.996177]],[[0.525836,-0.837246,0.150051],[0.64587,0.278227,-0.710944],[0.553487,0.470753,0.687054]],[[0.525836,-0.837246,0.150051],[-0.501606,-0.447701,-0.74024],[0.686941,0.313979,-0.655385]],[[0.525836,-0.837246,0.150051],[-0.847065,-0.531481,0.00291365],[0.0773096,-0.128635,-0.988674]]],"btipPosition":[-14.1928,278.055,26.3118],"carpPosition":[16.471,295.138,78.5075],"dipPosition":[-12.8602,275.838,9.27075],"direction":[-0.686941,-0.313979,0.655385],"extended":false,"handId":789,"id":7894,"length":50.5093,"mcpPosition":[20.1454,298.624,20.7456],"pipPosition":[0.575115,281.979,-3.54744],"stabilizedTipPosition":[-24.7438,218.843,263.148],"timeVisible":1.32872,"tipPosition":[-14.065,277.382,21.8633],"tipVelocity":[0.703949,-1.48861,-25.4902],"tool":false,"touchDistance":0.333333,"touchZone":"none","type":4,"width":16.057}],"r":[[0.984912,-0.0313552,0.170193],[0.0244807,0.998803,0.0423424],[-0.171317,-0.037537,0.984501]],"s":0.852387,"t":[16.8961,57.9959,-222.855],"timestamp":606692007433},false],[3,{"currentFrameRate":110.514,"devices":[],"gestures":[],"hands":[{"armBasis":[[0.655439,-0.336725,-0.67603],[0.591851,0.785046,0.182798],[0.469162,-0.519921,0.713841]],"armWidth":63.7182,"confidence":0.869328,"direction":[-0.0849439,0.296459,-0.951261],"elbow":[130.314,159.147,282.834],"grabStrength":0,"id":789,"palmNormal":[-0.5926,-0.782534,-0.190959],"palmPosition":[-9.60901,316.323,39.7567],"palmVelocity":[-4.59798,-3.04568,-29.3935],"palmWidth":90.9874,"pinchStrength":1,"r":[[0.984822,-0.0313291,0.170714],[0.0244911,0.998817,0.0420157],[-0.171828,-0.037197,0.984424]],"s":0.852315,"sphereCenter":[-36.0996,290.792,11.2679],"sphereRadius":44.5456,"stabilizedPalmPosition":[-25.8309,260.218,258.139],"t":[16.8359,57.9368,-223.098],"timeVisible":1.33773,"type":"right","wrist":[3.64348,299.522,90.1024]}],"id":4397157,"interactionBox":{"center":[0,200,0],"size":[235.247,235.247,147.751]},"pointables":[{"bases":[[[0.835785,0.537457,-0.112265],[-0.346474,0.674885,0.651526],[0.425933,-0.505639,0.750273]],[[0.66606,0.666065,-0.335741],[-0.598233,0.745872,0.292903],[0.445512,0.00576045,0.895257]],[[0.66606,0.666065,-0.335741],[-0.72283,0.687455,-0.0701685],[0.18407,0.28942,0.939337]],[[0.66606,0.666065,-0.335741],[-0.744961,0.571469,-0.344174],[-0.0373766,0.479355,0.876825]]],"btipPosition":[-52.9396,284.291,0.96387],"carpPosition":[-25.3002,305.664,98.1983],"dipPosition":[-53.8143,295.509,21.4842],"direction":[-0.18407,-0.28942,-0.939337],"extended":false,"handId":789,"id":7890,"length":52.1149,"mcpPosition":[-25.3002,305.664,98.1983],"pipPosition":[-47.5385,305.377,53.5105],"stabilizedTipPosition":[-69.2168,233.818,222.17],"timeVisible":1.33773,"tipPosition":[-53.2657,286.144,5.7021],"tipVelocity":[-0.209285,14.8652,-28.691],"tool":false,"touchDistance":-0.346623,"touchZone":"touching","type":0,"width":20.2494},{"bases":[[[0.775372,-0.489948,-0.398434],[0.553672,0.830865,0.0557701],[0.303721,-0.263844,0.9155]],[[0.815037,-0.526954,-0.240902],[0.555416,0.828962,0.0658336],[0.165008,-0.187458,0.968314]],[[0.815037,-0.526954,-0.240902],[0.532471,0.845133,-0.0471691],[0.22845,-0.0898288,0.969403]],[[0.815037,-0.526954,-0.240902],[0.508755,0.849831,-0.137682],[0.277278,-0.0103444,0.960734]]],"btipPosition":[-47.8537,349.533,-58.9949],"carpPosition":[-8.16194,319.721,89.8005],"dipPosition":[-43.1164,349.356,-42.5807],"direction":[-0.22845,0.0898288,-0.969402],"extended":true,"handId":789,"id":7891,"length":58.8059,"mcpPosition":[-30.5059,339.132,22.4494],"pipPosition":[-37.5948,347.185,-19.1505],"stabilizedTipPosition":[-58.9334,324.538,63.7861],"timeVisible":1.33773,"tipPosition":[-47.1109,348.672,-55.2194],"tipVelocity":[2.18381,-1.48628,-32.2276],"tool":false,"touchDistance":-0.351528,"touchZone":"touching","type":1,"width":19.3423},{"bases":[[[0.703452,-0.655505,-0.274714],[0.683321,0.730078,0.0076933],[0.19552,-0.19313,0.961495]],[[0.711649,-0.663643,-0.230508],[0.352595,0.621187,-0.699859],[0.607645,0.416778,0.676064]],[[0.711649,-0.663643,-0.230508],[-0.585144,-0.37834,-0.717262],[0.388796,0.645319,-0.657572]],[[0.711649,-0.663643,-0.230508],[-0.670455,-0.739572,0.0593615],[-0.209872,0.1123,-0.971258]]],"btipPosition":[-47.9943,288.249,21.7875],"carpPosition":[2.04604,315.323,84.503],"dipPosition":[-51.9381,290.359,3.5361],"direction":[-0.388796,-0.645319,0.657572],"extended":false,"handId":789,"id":7892,"length":67.0045,"mcpPosition":[-11.5946,328.797,17.4233],"pipPosition":[-40.8825,308.709,-15.1624],"stabilizedTipPosition":[-62.7781,226.698,247.896],"timeVisible":1.33773,"tipPosition":[-49.159,288.656,17.0263],"tipVelocity":[-3.23707,-3.58853,-32.2803],"tool":false,"touchDistance":0.333333,"touchZone":"none","type":2,"width":18.9967},{"bases":[[[0.671031,-0.72994,-0.130021],[0.737717,0.674851,0.018693],[0.0740999,-0.108462,0.991335]],[[0.670606,-0.729323,-0.135556],[0.45648,0.549755,-0.699568],[0.584733,0.407256,0.70159]],[[0.670606,-0.729323,-0.135556],[-0.548267,-0.364201,-0.752835],[0.49969,0.579177,-0.644099]],[[0.670606,-0.729323,-0.135556],[-0.734071,-0.678766,0.0204116],[-0.106897,0.0858194,-0.990559]]],"btipPosition":[-31.511,279.077,23.271],"carpPosition":[11.1002,308.126,80.3629],"dipPosition":[-33.5083,280.68,4.76389],"direction":[-0.49969,-0.579177,0.644099],"extended":false,"handId":789,"id":7893,"length":64.4267,"mcpPosition":[6.45869,314.92,18.2675],"pipPosition":[-19.6662,296.724,-13.0784],"stabilizedTipPosition":[-42.8397,220.094,269.7],"timeVisible":1.33773,"tipPosition":[-32.2611,279.263,18.551],"tipVelocity":[-2.27917,-3.12289,-29.3994],"tool":false,"touchDistance":0.333333,"touchZone":"none","type":3,"width":18.0765},{"bases":[[[0.543919,-0.838991,-0.0157],[0.836735,0.540852,0.0857507],[-0.0634527,-0.0597782,0.996193]],[[0.526018,-0.837368,0.14873],[0.644983,0.278787,-0.71153],[0.554348,0.470206,0.686735]],[[0.526018,-0.837368,0.14873],[-0.502539,-0.447114,-0.739961],[0.686119,0.314491,-0.656]],[[0.526018,-0.837368,0.14873],[-0.84705,-0.531502,0.00337238],[0.0762261,-0.127755,-0.988872]]],"btipPosition":[-14.2663,277.969,26.1137],"carpPosition":[16.3883,295.078,78.2835],"dipPosition":[-12.9525,275.767,9.06921],"direction":[-0.686119,-0.314491,0.656],"extended":false,"handId":789,"id":7894,"length":50.5093,"mcpPosition":[20.0676,298.544,20.5207],"pipPosition":[0.466807,281.918,-3.76101],"stabilizedTipPosition":[-24.7438,218.843,263.148],"timeVisible":1.33773,"tipPosition":[-14.1394,277.305,21.6671],"tipVelocity":[-1.86417,-3.60272,-24.548],"tool":false,"touchDistance":0.333333,"touchZone":"none","type":4,"width":16.057}],"r":[[0.984822,-0.0313291,0.170714],[0.0244911,0.998817,0.0420157],[-0.171828,-0.037197,0.984424]],"s":0.852315,"t":[16.8359,57.9368,-223.098],"timestamp":606692016448},false],[4,{"currentFrameRate":110.451,"devices":[],"gestures":[],"hands":[{"armBasis":[[0.655171,-0.337636,-0.675836],[0.592158,0.785032,0.181863],[0.469149,-0.519353,0.714263]],"armWidth":63.7182,"confidence":0.834598,"direction":[-0.0855039,0.295279,-0.951577],"elbow":[130.282,159.23,282.773],"grabStrength":0,"id":789,"palmNormal":[-0.592871,-0.782661,-0.189591],"palmPosition":[-9.66696,316.191,39.5687],"palmVelocity":[-5.07919,-6.21282,-26.9163],"palmWidth":90.9874,"pinchStrength":1,"r":[[0.984772,-0.0313024,0.171011],[0.0245428,0.998837,0.0415],[-0.172111,-0.0366709,0.984395]],"s":0.85224,"sphereCenter":[-36.0978,290.54,11.0958],"sphereRadius":44.5701,"stabilizedPalmPosition":[-25.8309,260.218,258.139],"t":[16.7767,57.8413,-223.314],"timeVisible":1.3469,"type":"right","wrist":[3.61496,299.451,89.9269]}],"id":4397158,"interactionBox":{"center":[0,200,0],"size":[235.247,235.247,147.751]},"pointables":[{"bases":[[[0.835813,0.537158,-0.113481],[-0.345926,0.675768,0.650901],[0.426324,-0.504776,0.750633]],[[0.666895,0.665071,-0.336054],[-0.596629,0.746767,0.293892],[0.446413,0.00450438,0.894816]],[[0.666895,0.665071,-0.336054],[-0.7216,0.688899,-0.0686351],[0.18586,0.288269,0.939339]],[[0.666895,0.665071,-0.336054],[-0.744021,0.569483,-0.34946],[-0.0410387,0.483084,0.874612]]],"btipPosition":[-52.982,284.25,0.873165],"carpPosition":[-25.3223,305.609,98.0339],"dipPosition":[-53.9424,295.555,21.3417],"direction":[-0.18586,-0.288269,-0.939339],"extended":false,"handId":789,"id":7890,"length":52.1149,"mcpPosition":[-25.3223,305.609,98.0339],"pipPosition":[-47.6056,305.384,53.3681],"stabilizedTipPosition":[-69.2145,233.825,222.139],"timeVisible":1.3469,"tipPosition":[-53.3285,286.112,5.59434],"tipVelocity":[-2.03979,10.0866,-23.8129],"tool":false,"touchDistance":-0.341833,"touchZone":"touching","type":0,"width":20.2494},{"bases":[[[0.775021,-0.490595,-0.398319],[0.553864,0.83083,0.0543672],[0.304264,-0.262751,0.915634]],[[0.814754,-0.527382,-0.240925],[0.555773,0.828761,0.0653513],[0.165205,-0.187145,0.968341]],[[0.814754,-0.527382,-0.240925],[0.53278,0.844906,-0.0477473],[0.22874,-0.0894579,0.969368]],[[0.814754,-0.527382,-0.240925],[0.509005,0.849571,-0.138359],[0.277651,-0.00990394,0.960631]]],"btipPosition":[-47.9404,349.353,-59.1966],"carpPosition":[-8.18686,319.652,89.6073],"dipPosition":[-43.1967,349.184,-42.7841],"direction":[-0.22874,0.0894579,-0.969368],"extended":true,"handId":789,"id":7891,"length":58.8059,"mcpPosition":[-30.5708,338.982,22.2463],"pipPosition":[-37.6682,347.022,-19.3548],"stabilizedTipPosition":[-58.9332,324.538,63.7843],"timeVisible":1.3469,"tipPosition":[-47.1934,348.501,-55.4213],"tipVelocity":[-1.01876,-6.48833,-29.3893],"tool":false,"touchDistance":-0.34774,"touchZone":"touching","type":1,"width":19.3423},{"bases":[[[0.703151,-0.655983,-0.274345],[0.683463,0.729958,0.00633326],[0.196106,-0.191958,0.961611]],[[0.711371,-0.664063,-0.230153],[0.352383,0.620343,-0.700714],[0.608093,0.417366,0.675299]],[[0.711371,-0.664063,-0.230153],[-0.585658,-0.379069,-0.716458],[0.388529,0.644459,-0.658573]],[[0.711371,-0.664063,-0.230153],[-0.670535,-0.739381,0.0608123],[-0.210554,0.111066,-0.971252]]],"btipPosition":[-48.0656,288.108,21.6504],"carpPosition":[2.01686,315.245,84.3087],"dipPosition":[-52.0222,290.195,3.39909],"direction":[-0.388529,-0.644459,0.658573],"extended":false,"handId":789,"id":7892,"length":67.0045,"mcpPosition":[-11.6647,328.637,17.221],"pipPosition":[-40.9741,308.521,-15.3278],"stabilizedTipPosition":[-62.7781,226.698,247.896],"timeVisible":1.3469,"tipPosition":[-49.2308,288.509,16.9019],"tipVelocity":[-4.59158,-7.0209,-27.4502],"tool":false,"touchDistance":0.333333,"touchZone":"none","type":2,"width":18.9967},{"bases":[[[0.670809,-0.73023,-0.129537],[0.737856,0.674734,0.0173672],[0.0747212,-0.10723,0.991422]],[[0.670388,-0.729629,-0.134989],[0.456645,0.549075,-0.699995],[0.584855,0.407626,0.701274]],[[0.670388,-0.729629,-0.134989],[-0.54858,-0.364858,-0.752289],[0.49964,0.578378,-0.644856]],[[0.670388,-0.729629,-0.134989],[-0.734171,-0.678612,0.0218955],[-0.10758,0.0844262,-0.990605]]],"btipPosition":[-31.5745,278.947,23.1103],"carpPosition":[11.067,308.041,80.1718],"dipPosition":[-33.5844,280.524,4.60239],"direction":[-0.49964,-0.578378,0.644856],"extended":false,"handId":789,"id":7893,"length":64.4267,"mcpPosition":[6.38655,314.758,18.0709],"pipPosition":[-19.7438,296.546,-13.2609],"stabilizedTipPosition":[-42.8397,220.094,269.7],"timeVisible":1.3469,"tipPosition":[-32.324,279.124,18.4169],"tipVelocity":[-3.6625,-6.40199,-26.0951],"tool":false,"touchDistance":0.333333,"touchZone":"none","type":3,"width":18.0765},{"bases":[[[0.543751,-0.839113,-0.0149973],[0.836893,0.540801,0.0845292],[-0.062819,-0.0585139,0.996308]],[[0.526062,-0.837335,0.148755],[0.644363,0.278287,-0.712287],[0.555026,0.470559,0.685944]],[[0.526062,-0.837335,0.148755],[-0.503295,-0.44752,-0.739202],[0.685531,0.313999,-0.65685]],[[0.526062,-0.837335,0.148755],[-0.847114,-0.531391,0.00458897],[0.0752045,-0.128426,-0.988863]]],"btipPosition":[-14.335,277.816,25.9733],"carpPosition":[16.3513,294.989,78.1054],"dipPosition":[-13.0387,275.603,8.92898],"direction":[-0.685531,-0.313999,0.65685],"extended":false,"handId":789,"id":7894,"length":50.5093,"mcpPosition":[19.9938,298.382,20.3359],"pipPosition":[0.369065,281.744,-3.91786],"stabilizedTipPosition":[-24.7438,218.843,263.148],"timeVisible":1.3469,"tipPosition":[-14.2121,277.151,21.5344],"tipVelocity":[-3.55581,-7.33736,-21.9731],"tool":false,"touchDistance":0.333333,"touchZone":"none","type":4,"width":16.057}],"r":[[0.984772,-0.0313024,0.171011],[0.0245428,0.998837,0.0415],[-0.172111,-0.0366709,0.984395]],"s":0.85224,"t":[16.7767,57.8413,-223.314],"timestamp":606692025613},false],[5,{"currentFrameRate":110.529,"devices":[],"gestures":[],"hands":[{"armBasis":[[0.654384,-0.33841,-0.67621],[0.592832,0.784727,0.180979],[0.469395,-0.519309,0.714133]],"armWidth":63.7182,"confidence":0.837639,"direction":[-0.0861349,0.294634,-0.95172],"elbow":[130.266,159.168,282.572],"grabStrength":0,"id":789,"palmNormal":[-0.593531,-0.782423,-0.188505],"palmPosition":[-9.78163,316.089,39.4018],"palmVelocity":[-7.20013,-7.65215,-24.6889],"palmWidth":90.9874,"pinchStrength":1,"r":[[0.984757,-0.0313811,0.171084],[0.0247184,0.998856,0.0409362],[-0.172173,-0.0360833,0.984406]],"s":0.852296,"sphereCenter":[-36.1362,290.311,10.9274],"sphereRadius":44.6036,"stabilizedPalmPosition":[-25.8309,260.218,258.139],"t":[16.6899,57.7423,-223.505],"timeVisible":1.35581,"type":"right","wrist":[3.53297,299.377,89.7609]}],"id":4397159,"interactionBox":{"center":[0,200,0],"size":[235.247,235.247,147.751]},"pointables":[{"bases":[[[0.836056,0.536542,-0.114595],[-0.344936,0.676467,0.650701],[0.426649,-0.504495,0.750637]],[[0.667922,0.663968,-0.336194],[-0.594291,0.747758,0.2961],[0.447993,0.00202535,0.894035]],[[0.667922,0.663968,-0.336194],[-0.719804,0.691115,-0.0651263],[0.189107,0.285493,0.939538]],[[0.667922,0.663968,-0.336194],[-0.742983,0.56874,-0.352861],[-0.043081,0.48547,0.873191]]],"btipPosition":[-53.1949,284.363,0.792914],"carpPosition":[-25.3934,305.559,97.8882],"dipPosition":[-54.2031,295.724,21.2282],"direction":[-0.189107,-0.285493,-0.939538],"extended":false,"handId":789,"id":7890,"length":52.1149,"mcpPosition":[-25.3934,305.559,97.8882],"pipPosition":[-47.7555,305.458,53.2614],"stabilizedTipPosition":[-69.2116,233.835,222.1],"timeVisible":1.35581,"tipPosition":[-53.5192,286.207,5.501],"tipVelocity":[-8.32553,11.1871,-20.0163],"tool":false,"touchDistance":-0.337302,"touchZone":"touching","type":0,"width":20.2494},{"bases":[[[0.774367,-0.491381,-0.398625],[0.554439,0.830517,0.0532795],[0.304884,-0.262271,0.915565]],[[0.814154,-0.528019,-0.241556],[0.556543,0.828245,0.06534],[0.165567,-0.187633,0.968185]],[[0.814154,-0.528019,-0.241556],[0.533465,0.844465,-0.047899],[0.229277,-0.0898644,0.969204]],[[0.814154,-0.528019,-0.241556],[0.509591,0.849171,-0.138653],[0.278334,-0.0102097,0.96043]]],"btipPosition":[-48.0957,349.287,-59.3482],"carpPosition":[-8.25627,319.585,89.4365],"dipPosition":[-43.3404,349.113,-42.9391],"direction":[-0.229277,0.0898644,-0.969204],"extended":true,"handId":789,"id":7891,"length":58.8059,"mcpPosition":[-30.6858,338.88,22.0806],"pipPosition":[-37.7988,346.941,-19.5137],"stabilizedTipPosition":[-58.933,324.538,63.7823],"timeVisible":1.35581,"tipPosition":[-47.3407,348.437,-55.575],"tipVelocity":[-5.40387,-6.77212,-26.0443],"tool":false,"touchDistance":-0.343584,"touchZone":"touching","type":1,"width":19.3423},{"bases":[[[0.702498,-0.656632,-0.274466],[0.683932,0.729527,0.00520836],[0.196811,-0.191375,0.961583]],[[0.710756,-0.664689,-0.230248],[0.352062,0.619502,-0.701619],[0.608998,0.417618,0.674327]],[[0.710756,-0.664689,-0.230248],[-0.586739,-0.379632,-0.715274],[0.388026,0.643481,-0.659824]],[[0.710756,-0.664689,-0.230248],[-0.670791,-0.738993,0.062683],[-0.211817,0.109896,-0.971111]]],"btipPosition":[-48.1971,288.028,21.5558],"carpPosition":[1.94008,315.168,84.1324],"dipPosition":[-52.1775,290.093,3.30723],"direction":[-0.388026,-0.643481,0.659824],"extended":false,"handId":789,"id":7892,"length":67.0045,"mcpPosition":[-11.7906,328.52,17.0466],"pipPosition":[-41.1437,308.391,-15.4553],"stabilizedTipPosition":[-62.778,226.698,247.896],"timeVisible":1.35581,"tipPosition":[-49.3682,288.422,16.8129],"tipVelocity":[-7.52854,-7.70835,-22.8473],"tool":false,"touchDistance":0.333333,"touchZone":"none","type":2,"width":18.9967},{"bases":[[[0.670233,-0.730751,-0.129577],[0.7383,0.674277,0.0162362],[0.075506,-0.106548,0.991436]],[[0.669811,-0.730158,-0.13499],[0.456429,0.548262,-0.700772],[0.585684,0.407771,0.700498]],[[0.669811,-0.730158,-0.13499],[-0.549502,-0.365155,-0.751471],[0.499401,0.577521,-0.645809]],[[0.669811,-0.730158,-0.13499],[-0.734558,-0.678147,0.0232571],[-0.108524,0.0835801,-0.990574]]],"btipPosition":[-31.7213,278.851,22.9912],"carpPosition":[10.982,307.955,79.9931],"dipPosition":[-33.7489,280.413,4.48384],"direction":[-0.499401,-0.577521,0.645809],"extended":false,"handId":789,"id":7893,"length":64.4267,"mcpPosition":[6.25248,314.629,17.8912],"pipPosition":[-19.9149,296.411,-13.4058],"stabilizedTipPosition":[-42.8397,220.094,269.7],"timeVisible":1.35581,"tipPosition":[-32.474,279.025,18.3028],"tipVelocity":[-7.27636,-7.68552,-22.6275],"tool":false,"touchDistance":0.333333,"touchZone":"none","type":3,"width":18.0765},{"bases":[[[0.543204,-0.839469,-0.0148472],[0.837308,0.540331,0.0834115],[-0.061999,-0.0577412,0.996405]],[[0.525789,-0.837631,0.148056],[0.643456,0.277827,-0.713286],[0.556336,0.470306,0.685057]],[[0.525789,-0.837631,0.148056],[-0.50472,-0.447325,-0.738348],[0.684692,0.313489,-0.657967]],[[0.525789,-0.837631,0.148056],[-0.847424,-0.530884,0.00595459],[0.0736129,-0.128597,-0.988961]]],"btipPosition":[-14.48,277.703,25.849],"carpPosition":[16.2563,294.898,77.9317],"dipPosition":[-13.2112,275.486,8.80292],"direction":[-0.684692,-0.313489,0.657967],"extended":false,"handId":789,"id":7894,"length":50.5093,"mcpPosition":[19.8513,298.246,20.1566],"pipPosition":[0.180223,281.617,-4.06577],"stabilizedTipPosition":[-24.7437,218.843,263.147],"timeVisible":1.35581,"tipPosition":[-14.3626,277.039,21.4134],"tipVelocity":[-7.21148,-8.83069,-19.8038],"tool":false,"touchDistance":0.333333,"touchZone":"none","type":4,"width":16.057}],"r":[[0.984757,-0.0313811,0.171084],[0.0247184,0.998856,0.0409362],[-0.172173,-0.0360833,0.984406]],"s":0.852296,"t":[16.6899,57.7423,-223.505],"timestamp":606692034522},false],[6,{"currentFrameRate":110.431,"devices":[],"gestures":[],"hands":[{"armBasis":[[0.653923,-0.338834,-0.676443],[0.593239,0.784527,0.180515],[0.469523,-0.519335,0.71403]],"armWidth":63.7182,"confidence":0.841139,"direction":[-0.0869436,0.294017,-0.951837],"elbow":[130.246,159.11,282.385],"grabStrength":0,"id":789,"palmNormal":[-0.593886,-0.782411,-0.187435],"palmPosition":[-9.8787,316.008,39.2444],"palmVelocity":[-8.13058,-7.96392,-22.5486],"palmWidth":90.9874,"pinchStrength":1,"r":[[0.984774,-0.0314669,0.170965],[0.0249128,0.998875,0.0403471],[-0.172043,-0.0354736,0.984451]],"s":0.852306,"sphereCenter":[-36.1386,290.057,10.7641],"sphereRadius":44.6408,"stabilizedPalmPosition":[-25.8308,260.218,258.138],"t":[16.5979,57.6523,-223.679],"timeVisible":1.36504,"type":"right","wrist":[3.47843,299.327,89.6023]}],"id":4397160,"interactionBox":{"center":[0,200,0],"size":[235.247,235.247,147.751]},"pointables":[{"bases":[[[0.836075,0.536271,-0.115724],[-0.344179,0.676982,0.650566],[0.427223,-0.504092,0.750581]],[[0.668531,0.663218,-0.336464],[-0.592245,0.748426,0.298504],[0.449791,-0.00029027,0.893134]],[[0.668531,0.663218,-0.336464],[-0.718802,0.692301,-0.0635886],[0.190761,0.284362,0.939547]],[[0.668531,0.663218,-0.336464],[-0.742299,0.567486,-0.356303],[-0.0453677,0.487956,0.871688]]],"btipPosition":[-53.3331,284.421,0.736701],"carpPosition":[-25.439,305.521,97.7521],"dipPosition":[-54.3948,295.84,21.1368],"direction":[-0.190761,-0.284362,-0.939547],"extended":false,"handId":789,"id":7890,"length":52.1149,"mcpPosition":[-25.439,305.521,97.7521],"pipPosition":[-47.8909,305.535,53.1703],"stabilizedTipPosition":[-69.207,233.851,222.036],"timeVisible":1.36504,"tipPosition":[-53.6563,286.266,5.42574],"tipVelocity":[-10.5658,10.213,-16.3557],"tool":false,"touchDistance":-0.332869,"touchZone":"touching","type":0,"width":20.2494},{"bases":[[[0.773885,-0.491827,-0.399009],[0.55468,0.830424,0.0522133],[0.305667,-0.26173,0.915459]],[[0.813785,-0.528345,-0.242087],[0.556868,0.828079,0.0646841],[0.166292,-0.187449,0.968096]],[[0.813785,-0.528345,-0.242087],[0.533649,0.844299,-0.0487674],[0.23016,-0.0895033,0.969028]],[[0.813785,-0.528345,-0.242087],[0.509635,0.848975,-0.139695],[0.279333,-0.00969463,0.960145]]],"btipPosition":[-48.273,349.174,-59.4887],"carpPosition":[-8.30642,319.538,89.2753],"dipPosition":[-43.5006,349.009,-43.0845],"direction":[-0.23016,0.0895033,-0.969028],"extended":true,"handId":789,"id":7891,"length":58.8059,"mcpPosition":[-30.7936,338.792,21.9272],"pipPosition":[-37.9377,346.845,-19.6633],"stabilizedTipPosition":[-58.9326,324.539,63.7786],"timeVisible":1.36504,"tipPosition":[-47.5075,348.336,-55.7172],"tipVelocity":[-9.15665,-8.24605,-23.0425],"tool":false,"touchDistance":-0.339684,"touchZone":"touching","type":1,"width":19.3423},{"bases":[[[0.702092,-0.656978,-0.274675],[0.684105,0.729372,0.00409041],[0.197653,-0.190778,0.961529]],[[0.710389,-0.665009,-0.230457],[0.351816,0.619126,-0.702075],[0.609568,0.417668,0.673781]],[[0.710389,-0.665009,-0.230457],[-0.587402,-0.379838,-0.71462],[0.387692,0.643029,-0.66046]],[[0.710389,-0.665009,-0.230457],[-0.670888,-0.738803,0.0638693],[-0.212736,0.109239,-0.970984]]],"btipPosition":[-48.3126,287.956,21.434],"carpPosition":[1.88401,315.115,83.9648],"dipPosition":[-52.3103,290.008,3.18774],"direction":[-0.387692,-0.643029,0.66046],"extended":false,"handId":789,"id":7892,"length":67.0045,"mcpPosition":[-11.9054,328.424,16.8827],"pipPosition":[-41.286,308.293,-15.5928],"stabilizedTipPosition":[-62.778,226.698,247.895],"timeVisible":1.36504,"tipPosition":[-49.4845,288.343,16.7106],"tipVelocity":[-9.04762,-7.83862,-20.1255],"tool":false,"touchDistance":0.333333,"touchZone":"none","type":2,"width":18.9967},{"bases":[[[0.669944,-0.730994,-0.129706],[0.738471,0.674116,0.015105],[0.0763949,-0.105903,0.991438]],[[0.669515,-0.730402,-0.135138],[0.455916,0.547708,-0.701539],[0.586422,0.408079,0.6997]],[[0.669515,-0.730402,-0.135138],[-0.550405,-0.365653,-0.750568],[0.498803,0.576897,-0.646827]],[[0.669515,-0.730402,-0.135138],[-0.73465,-0.677994,0.0247787],[-0.109721,0.0826895,-0.990517]]],"btipPosition":[-31.8326,278.772,22.8827],"carpPosition":[10.9205,307.897,79.8219],"dipPosition":[-33.8826,280.317,4.37645],"direction":[-0.498803,-0.576897,0.646827],"extended":false,"handId":789,"id":7893,"length":64.4267,"mcpPosition":[6.13523,314.53,17.72],"pipPosition":[-20.0651,296.298,-13.5415],"stabilizedTipPosition":[-42.8397,220.094,269.699],"timeVisible":1.36504,"tipPosition":[-32.5897,278.943,18.2],"tipVelocity":[-8.77335,-8.04262,-19.5691],"tool":false,"touchDistance":0.333333,"touchZone":"none","type":3,"width":18.0765},{"bases":[[[0.542995,-0.839605,-0.0147865],[0.83751,0.540191,0.0822787],[-0.0610941,-0.0570608,0.9965]],[[0.525854,-0.83772,0.147319],[0.642721,0.277901,-0.713919],[0.557124,0.470102,0.684556]],[[0.525854,-0.83772,0.147319],[-0.505642,-0.447153,-0.737821],[0.683962,0.313495,-0.658723]],[[0.525854,-0.83772,0.147319],[-0.8475,-0.530749,0.00707112],[0.0722659,-0.128571,-0.989064]]],"btipPosition":[-14.5893,277.609,25.7104],"carpPosition":[16.1898,294.837,77.7644],"dipPosition":[-13.3437,275.392,8.66261],"direction":[-0.683962,-0.313495,0.658723],"extended":false,"handId":789,"id":7894,"length":50.5093,"mcpPosition":[19.7323,298.146,19.9838],"pipPosition":[0.0333821,281.524,-4.22086],"stabilizedTipPosition":[-24.7437,218.844,263.146],"timeVisible":1.36504,"tipPosition":[-14.4779,276.949,21.2878],"tipVelocity":[-8.67376,-9.20795,-18.4712],"tool":false,"touchDistance":0.333333,"touchZone":"none","type":4,"width":16.057}],"r":[[0.984774,-0.031