{"sensorType":"Leap","data":[[0,{"currentFrameRate":93.7432,"devices":[],"gestures":[],"hands":[{"armBasis":[[0.842279,0.120035,-0.525507],[0.238511,0.791274,0.563025],[0.483403,-0.599563,0.637844]],"armWidth":63.7182,"confidence":0.8015,"direction":[0.0202202,0.194919,-0.980611],"elbow":[113.552,138.235,272.649],"grabStrength":0,"id":795,"palmNormal":[-0.268031,-0.943852,-0.193139],"palmPosition":[-24.3711,308.594,46.9028],"palmVelocity":[6.3647,-8.98042,-155.453],"palmWidth":90.9874,"pinchStrength":0.686235,"r":[[0.996514,0.00263312,0.0833877],[0.00816014,0.991633,-0.128829],[-0.0830292,0.129061,0.988155]],"s":1.02386,"sphereCenter":[-38.0229,262.475,18.4537],"sphereRadius":53.865,"stabilizedPalmPosition":[-21.7165,273.956,188.667],"t":[-10.1566,48.0511,-167.668],"timeVisible":1.28344,"type":"right","wrist":[-16.9631,300.113,100.436]}],"id":4401840,"interactionBox":{"center":[0,200,0],"size":[235.247,235.247,147.751]},"pointables":[{"bases":[[[0.631268,0.774907,-0.0319435],[-0.6632,0.560704,0.495759],[0.402078,-0.291771,0.867873]],[[0.470037,0.827496,-0.307108],[-0.843938,0.523252,0.118219],[0.258521,0.203613,0.944303]],[[0.470037,0.827496,-0.307108],[-0.880851,0.461951,-0.10345],[0.0562641,0.319142,0.946035]],[[0.470037,0.827496,-0.307108],[-0.796645,0.247924,-0.551262],[-0.380028,0.50377,0.775754]]],"btipPosition":[-53.314,264.022,5.10513],"carpPosition":[-47.3851,296.857,102.651],"dipPosition":[-62.2078,275.812,23.2601],"direction":[-0.0562642,-0.319142,-0.946035],"extended":false,"handId":795,"id":7950,"length":52.1149,"mcpPosition":[-47.3851,296.857,102.651],"pipPosition":[-60.2895,286.693,55.5148],"stabilizedTipPosition":[-73.0546,236.174,143.377],"timeVisible":1.28344,"tipPosition":[-56.9178,267.191,8.93019],"tipVelocity":[48.7122,-35.6162,-121.257],"tool":false,"touchDistance":-0.501028,"touchZone":"touching","type":0,"width":20.2494},{"bases":[[[0.952919,-0.230225,-0.197335],[0.244032,0.968557,0.0484288],[0.179981,-0.0943048,0.979139]],[[0.969415,-0.242293,-0.0391076],[0.243459,0.969495,0.0284218],[0.0310282,-0.0370736,0.998831]],[[0.969415,-0.242293,-0.0391076],[0.239032,0.968228,-0.073474],[0.0556673,0.0618787,0.99653]],[[0.969415,-0.242293,-0.0391076],[0.233724,0.960008,-0.154135],[0.0748895,0.14028,0.987276]]],"btipPosition":[-51.3584,319.884,-60.2303],"carpPosition":[-34.1597,315.246,95.6671],"dipPosition":[-50.0789,322.281,-43.3626],"direction":[-0.0556673,-0.0618787,-0.99653],"extended":true,"handId":795,"id":7951,"length":58.8059,"mcpPosition":[-47.4004,322.184,23.6343],"pipPosition":[-48.7335,323.776,-19.2767],"stabilizedTipPosition":[-50.3411,297.98,62.4493],"timeVisible":1.28344,"tipPosition":[-51.2041,319.257,-56.2451],"tipVelocity":[13.076,-13.7997,-160.708],"tool":false,"touchDistance":-0.589017,"touchZone":"hovering","type":1,"width":19.3423},{"bases":[[[0.912817,-0.402569,-0.0685807],[0.405514,0.913386,0.0358548],[0.0482066,-0.0605393,0.997001]],[[0.910799,-0.407068,0.0688568],[0.32934,0.615812,-0.715759],[0.24896,0.67459,0.694944]],[[0.910799,-0.407068,0.0688568],[0.204257,0.299363,-0.93202],[0.358782,0.862947,0.355806]],[[0.910799,-0.407068,0.0688568],[0.114543,0.0889197,-0.989431],[0.396643,0.909059,0.127615]]],"btipPosition":[-55.2618,244.234,-22.7989],"carpPosition":[-22.2433,314.146,92.7691],"dipPosition":[-47.8083,261.316,-20.4009],"direction":[-0.358782,-0.862947,-0.355806],"extended":false,"handId":795,"id":7952,"length":67.0045,"mcpPosition":[-25.6065,318.37,23.2123],"pipPosition":[-37.6061,285.855,-10.2833],"stabilizedTipPosition":[-45.3435,253.937,56.1446],"timeVisible":1.28344,"tipPosition":[-53.3579,248.931,-23.4179],"tipVelocity":[11.6346,-46.4581,-115.517],"tool":false,"touchDistance":-0.505603,"touchZone":"touching","type":2,"width":18.9967},{"bases":[[[0.876778,-0.474792,0.0763773],[0.471024,0.879894,0.0626274],[-0.0969389,-0.0189347,0.99511]],[[0.864357,-0.47455,0.166402],[0.445752,0.569824,-0.690367],[0.232794,0.670897,0.704062]],[[0.864357,-0.47455,0.166402],[0.307472,0.236875,-0.921602],[0.39793,0.847757,0.350655]],[[0.864357,-0.47455,0.166402],[0.198972,0.0188341,-0.979824],[0.461842,0.880027,0.110702]]],"btipPosition":[-34.7398,241.382,-14.425],"carpPosition":[-10.7591,310.097,91.1451],"dipPosition":[-26.111,257.824,-12.3567],"direction":[-0.39793,-0.847757,-0.350655],"extended":false,"handId":795,"id":7953,"length":64.4267,"mcpPosition":[-4.68698,311.283,28.8132],"pipPosition":[-15.0878,281.308,-2.64315],"stabilizedTipPosition":[-17.0628,249.53,58.4347],"timeVisible":1.28344,"tipPosition":[-31.7199,245.668,-15.3076],"tipVelocity":[-9.5566,-43.497,-88.6808],"tool":false,"touchDistance":-0.498602,"touchZone":"touching","type":3,"width":18.0765},{"bases":[[[0.769705,-0.612606,0.179632],[0.591234,0.790183,0.161412],[-0.240825,-0.0180353,0.970401]],[[0.662227,-0.58988,0.462058],[0.740842,0.423035,-0.521722],[0.112286,0.68781,0.717153]],[[0.662227,-0.58988,0.462058],[0.625948,0.096542,-0.773866],[0.41188,0.801699,0.433167]],[[0.662227,-0.58988,0.462058],[0.502362,-0.108013,-0.857884],[0.555957,0.800234,0.224804]]],"btipPosition":[-9.00835,246.67,-2.36971],"carpPosition":[-1.36369,299.417,91.6016],"dipPosition":[0.574288,260.463,1.50509],"direction":[-0.41188,-0.801699,-0.433167],"extended":false,"handId":795,"id":7954,"length":50.5093,"mcpPosition":[12.6002,300.462,35.3343],"pipPosition":[8.62994,276.143,9.97707],"stabilizedTipPosition":[1.18792,256.935,36.8721],"timeVisible":1.28344,"tipPosition":[-5.97445,250.615,-2.71703],"tipVelocity":[-4.22524,-30.5465,-109.028],"tool":false,"touchDistance":-0.483426,"touchZone":"touching","type":4,"width":16.057}],"r":[[0.996514,0.00263312,0.0833877],[0.00816014,0.991633,-0.128829],[-0.0830292,0.129061,0.988155]],"s":1.02386,"t":[-10.1566,48.0511,-167.668],"timestamp":606735862039},false],[1,{"currentFrameRate":94.4876,"devices":[],"gestures":[],"hands":[{"armBasis":[[0.844816,0.122285,-0.520896],[0.232575,0.792826,0.563325],[0.481866,-0.597054,0.641352]],"armWidth":63.7182,"confidence":0.81954,"direction":[0.0199541,0.186295,-0.982291],"elbow":[113.17,139.443,272.191],"grabStrength":0,"id":795,"palmNormal":[-0.262617,-0.947011,-0.184939],"palmPosition":[-24.3411,308.606,45.4184],"palmVelocity":[5.52694,-6.14443,-157.85],"palmWidth":90.9874,"pinchStrength":0.6831,"r":[[0.99646,0.0051914,0.0839119],[0.00599402,0.991165,-0.1325],[-0.0838584,0.132534,0.987625]],"s":1.0251,"sphereCenter":[-37.6395,262.323,17.3298],"sphereRadius":53.7811,"stabilizedPalmPosition":[-21.7165,273.956,188.667],"t":[-10.101,47.9916,-169.106],"timeVisible":1.29248,"type":"right","wrist":[-16.9307,300.643,99.0307]}],"id":4401841,"interactionBox":{"center":[0,200,0],"size":[235.247,235.247,147.751]},"pointables":[{"bases":[[[0.626976,0.778094,-0.0383455],[-0.666721,0.561392,0.490227],[0.40297,-0.281795,0.870751]],[[0.465697,0.827334,-0.314077],[-0.846163,0.520215,0.115693],[0.259105,0.211882,0.942322]],[[0.465697,0.827334,-0.314077],[-0.883483,0.455051,-0.111296],[0.050842,0.329312,0.942851]],[[0.465697,0.827334,-0.314077],[-0.792085,0.231429,-0.564838],[-0.394623,0.511819,0.763095]]],"btipPosition":[-52.7675,263.455,4.20868],"carpPosition":[-47.3359,297.237,101.251],"dipPosition":[-62.0029,275.433,22.0673],"direction":[-0.050842,-0.329312,-0.942851],"extended":false,"handId":795,"id":7950,"length":52.1149,"mcpPosition":[-47.3359,297.237,101.251],"pipPosition":[-60.2694,286.661,54.2135],"stabilizedTipPosition":[-73.0406,236.197,143.274],"timeVisible":1.29248,"tipPosition":[-56.4018,266.64,7.93148],"tipVelocity":[49.5489,-41.7781,-117.235],"tool":false,"touchDistance":-0.493728,"touchZone":"touching","type":0,"width":20.2494},{"bases":[[[0.954349,-0.226663,-0.19453],[0.238603,0.970293,0.0399958],[0.179685,-0.0845852,0.980081]],[[0.970774,-0.237221,-0.0363751],[0.238156,0.970932,0.023919],[0.0296437,-0.0318829,0.999052]],[[0.970774,-0.237221,-0.0363751],[0.233893,0.969124,-0.0780532],[0.0537679,0.0672641,0.996285]],[[0.970774,-0.237221,-0.0363751],[0.228745,0.960441,-0.158835],[0.0726153,0.145873,0.986635]]],"btipPosition":[-51.2399,319.111,-61.8454],"carpPosition":[-34.2071,315.637,94.1139],"dipPosition":[-49.9992,321.603,-44.9887],"direction":[-0.0537679,-0.0672641,-0.996285],"extended":true,"handId":795,"id":7951,"length":58.8059,"mcpPosition":[-47.4262,321.859,22.0117],"pipPosition":[-48.6997,323.229,-20.9087],"stabilizedTipPosition":[-50.3411,297.98,62.4493],"timeVisible":1.29248,"tipPosition":[-51.1026,318.494,-57.8553],"tipVelocity":[12.8124,-32.8887,-165.719],"tool":false,"touchDistance":-0.582714,"touchZone":"hovering","type":1,"width":19.3423},{"bases":[[[0.915098,-0.398075,-0.0642778],[0.400399,0.915912,0.0280402],[0.0477107,-0.0513962,0.997538]],[[0.91298,-0.401362,0.0733217],[0.326601,0.611219,-0.720932],[0.244539,0.682144,0.689116]],[[0.91298,-0.401362,0.0733217],[0.20354,0.292293,-0.934418],[0.353608,0.868029,0.348551]],[[0.91298,-0.401362,0.0733217],[0.115091,0.0809325,-0.990053],[0.391435,0.912337,0.120083]]],"btipPosition":[-54.8082,243.457,-23.7416],"carpPosition":[-22.2824,314.577,91.2352],"dipPosition":[-47.4526,260.602,-21.4851],"direction":[-0.353608,-0.868029,-0.348551],"extended":false,"handId":795,"id":7952,"length":67.0045,"mcpPosition":[-25.611,318.163,21.6409],"pipPosition":[-37.3975,285.284,-11.5738],"stabilizedTipPosition":[-45.3575,253.925,56.0011],"timeVisible":1.29248,"tipPosition":[-52.9356,248.148,-24.3785],"tipVelocity":[21.5694,-56.894,-113.401],"tool":false,"touchDistance":-0.498005,"touchZone":"touching","type":2,"width":18.9967},{"bases":[[[0.87934,-0.469205,0.081289],[0.466072,0.883026,0.0551612],[-0.0976622,-0.0106189,0.995163]],[[0.866988,-0.468257,0.170489],[0.441798,0.563983,-0.697666],[0.230534,0.68019,0.695842]],[[0.866988,-0.468257,0.170489],[0.304176,0.226274,-0.925352],[0.394726,0.854128,0.33861]],[[0.866988,-0.468257,0.170489],[0.196314,0.0064789,-0.98052],[0.458031,0.883568,0.0975426]]],"btipPosition":[-34.4489,240.685,-14.9704],"carpPosition":[-10.7745,310.578,89.6563],"dipPosition":[-25.8913,257.193,-13.1479],"direction":[-0.394726,-0.854128,-0.33861],"extended":false,"handId":795,"id":7953,"length":64.4267,"mcpPosition":[-4.65708,311.243,27.321],"pipPosition":[-14.957,280.853,-3.76802],"stabilizedTipPosition":[-17.0668,249.529,58.4154],"timeVisible":1.29248,"tipPosition":[-31.4843,244.974,-15.8999],"tipVelocity":[1.44539,-52.3066,-82.5819],"tool":false,"touchDistance":-0.486104,"touchZone":"touching","type":3,"width":18.0765},{"bases":[[[0.77295,-0.606689,0.185683],[0.586696,0.794867,0.154835],[-0.24153,-0.0107404,0.970334]],[[0.664498,-0.581821,0.468964],[0.739329,0.42049,-0.525909],[0.10879,0.696184,0.709572]],[[0.664498,-0.581821,0.468964],[0.625006,0.0886909,-0.775566],[0.409647,0.808467,0.422576]],[[0.664498,-0.581821,0.468964],[0.501316,-0.118323,-0.857136],[0.554189,0.804664,0.21305]]],"btipPosition":[-8.72625,246.28,-3.07445],"carpPosition":[-1.32023,299.955,90.2152],"dipPosition":[0.825927,260.15,0.597755],"direction":[-0.409647,-0.808467,-0.422576],"extended":false,"handId":795,"id":7954,"length":50.5093,"mcpPosition":[12.6845,300.578,33.9518],"pipPosition":[8.83791,275.962,8.86261],"stabilizedTipPosition":[1.18219,256.929,36.843],"timeVisible":1.29248,"tipPosition":[-5.71919,250.203,-3.45363],"tipVelocity":[5.32651,-33.4682,-101.875],"tool":false,"touchDistance":-0.474687,"touchZone":"touching","type":4,"width":16.057}],"r":[[0.99646,0.0051914,0.0839119],[0.00599402,0.991165,-0.1325],[-0.0838584,0.132534,0.987625]],"s":1.0251,"t":[-10.101,47.9916,-169.106],"timestamp":606735871082},false],[2,{"currentFrameRate":95.2034,"devices":[],"gestures":[],"hands":[{"armBasis":[[0.847287,0.129281,-0.515161],[0.225158,0.791034,0.568831],[0.481049,-0.597956,0.641124]],"armWidth":63.7182,"confidence":0.835925,"direction":[0.0215455,0.180967,-0.983253],"elbow":[112.833,139.616,271.178],"grabStrength":0,"id":795,"palmNormal":[-0.256742,-0.949498,-0.18038],"palmPosition":[-24.3572,308.684,44.4036],"palmVelocity":[3.51266,-2.08099,-145.31],"palmWidth":90.9874,"pinchStrength":0.680988,"r":[[0.996358,0.00846578,0.0848487],[0.00320985,0.99063,-0.136533],[-0.0852095,0.136308,0.986995]],"s":1.02662,"sphereCenter":[-37.2635,262.325,16.4915],"sphereRadius":53.7215,"stabilizedPalmPosition":[-21.7165,273.956,188.667],"t":[-10.0813,48.0007,-170.333],"timeVisible":1.30152,"type":"right","wrist":[-17.0463,301.06,98.0788]}],"id":4401842,"interactionBox":{"center":[0,200,0],"size":[235.247,235.247,147.751]},"pointables":[{"bases":[[[0.622653,0.781423,-0.0409918],[-0.671214,0.560296,0.485326],[0.402212,-0.274675,0.873372]],[[0.461912,0.828217,-0.317323],[-0.848733,0.516622,0.112931],[0.257467,0.217159,0.941569]],[[0.461912,0.828217,-0.317323],[-0.885784,0.448928,-0.117686],[0.0449852,0.33544,0.940987]],[[0.461912,0.828217,-0.317323],[-0.788308,0.219414,-0.574828],[-0.406457,0.515668,0.754241]]],"btipPosition":[-52.3109,263.149,3.50304],"carpPosition":[-47.4376,297.493,100.237],"dipPosition":[-61.8232,275.217,21.1545],"direction":[-0.0449852,-0.33544,-0.940987],"extended":false,"handId":795,"id":7950,"length":52.1149,"mcpPosition":[-47.4376,297.493,100.237],"pipPosition":[-60.2894,286.654,53.2371],"stabilizedTipPosition":[-73.0235,236.225,143.149],"timeVisible":1.30152,"tipPosition":[-55.9536,266.319,7.1567],"tipVelocity":[47.8819,-38.9715,-107.911],"tool":false,"touchDistance":-0.483988,"touchZone":"touching","type":0,"width":20.2494},{"bases":[[[0.95614,-0.222305,-0.190725],[0.232986,0.971841,0.0352466],[0.177519,-0.0781371,0.98101]],[[0.972194,-0.231885,-0.0326872],[0.232693,0.972266,0.0235026],[0.0263307,-0.0304551,0.999189]],[[0.972194,-0.231885,-0.0326872],[0.228795,0.970304,-0.0785014],[0.0499198,0.0688399,0.996378]],[[0.972194,-0.231885,-0.0326872],[0.223967,0.96147,-0.15942],[0.0683949,0.147666,0.98667]]],"btipPosition":[-50.9602,318.798,-63.0035],"carpPosition":[-34.3942,315.928,93.0329],"dipPosition":[-49.7916,321.321,-46.1462],"direction":[-0.0499198,-0.0688399,-0.996378],"extended":true,"handId":795,"id":7951,"length":58.8059,"mcpPosition":[-47.4539,321.676,20.8624],"pipPosition":[-48.5851,322.984,-22.064],"stabilizedTipPosition":[-50.3411,297.98,62.4492],"timeVisible":1.30152,"tipPosition":[-50.8505,318.169,-59.0095],"tipVelocity":[17.3059,-33.1747,-155.378],"tool":false,"touchDistance":-0.570145,"touchZone":"hovering","type":1,"width":19.3423},{"bases":[[[0.917511,-0.393214,-0.0596292],[0.39512,0.918315,0.0240242],[0.0453118,-0.0456031,0.997931]],[[0.915036,-0.395751,0.07804],[0.325095,0.609002,-0.723484],[0.238793,0.687385,0.685915]],[[0.915036,-0.395751,0.07804],[0.204369,0.288047,-0.935554],[0.347767,0.872015,0.344453]],[[0.915036,-0.395751,0.07804],[0.11723,0.0757895,-0.990209],[0.385961,0.915225,0.115744]]],"btipPosition":[-54.2685,242.976,-24.46],"carpPosition":[-22.456,314.92,90.1919],"dipPosition":[-47.0157,260.174,-22.285],"direction":[-0.347767,-0.872015,-0.344453],"extended":false,"handId":795,"id":7952,"length":67.0045,"mcpPosition":[-25.6172,318.102,20.5702],"pipPosition":[-37.1268,284.97,-12.4903],"stabilizedTipPosition":[-45.3725,253.91,55.8357],"timeVisible":1.30152,"tipPosition":[-52.4235,247.663,-25.1052],"tipVelocity":[31.3629,-55.5257,-104.641],"tool":false,"touchDistance":-0.487595,"touchZone":"touching","type":2,"width":18.9967},{"bases":[[[0.881765,-0.463739,0.0862343],[0.460905,0.885954,0.0515022],[-0.100283,-0.00566695,0.994943]],[[0.869273,-0.46239,0.174816],[0.439508,0.561054,-0.701463],[0.226268,0.686596,0.690933]],[[0.869273,-0.46239,0.174816],[0.303427,0.219909,-0.927131],[0.390252,0.858974,0.331462]],[[0.869273,-0.46239,0.174816],[0.196516,-0.00125604,-0.9805],[0.453593,0.886676,0.0897752]]],"btipPosition":[-34.0342,240.296,-15.3845],"carpPosition":[-10.9213,310.978,88.6659],"dipPosition":[-25.5595,256.862,-13.7072],"direction":[-0.390252,-0.858974,-0.331462],"extended":false,"handId":795,"id":7953,"length":64.4267,"mcpPosition":[-4.63976,311.333,26.3444],"pipPosition":[-14.749,280.657,-4.52531],"stabilizedTipPosition":[-17.0741,249.526,58.38],"timeVisible":1.30152,"tipPosition":[-31.1226,244.588,-16.3263],"tipVelocity":[13.1119,-49.3533,-73.4801],"tool":false,"touchDistance":-0.47254,"touchZone":"touching","type":3,"width":18.0765},{"bases":[[[0.775875,-0.601246,0.191106],[0.581758,0.799035,0.151985],[-0.24408,-0.00674406,0.969732]],[[0.666153,-0.575291,0.474637],[0.738612,0.420647,-0.52679],[0.103403,0.701495,0.705133]],[[0.666153,-0.575291,0.474637],[0.626066,0.0854853,-0.77507],[0.405317,0.813469,0.417116]],[[0.666153,-0.575291,0.474637],[0.503058,-0.123243,-0.855421],[0.550612,0.808611,0.207306]]],"btipPosition":[-8.32981,246.152,-3.583],"carpPosition":[-1.40853,300.412,89.309],"dipPosition":[1.16071,260.089,-0.009819],"direction":[-0.405317,-0.813469,-0.417116],"extended":false,"handId":795,"id":7954,"length":50.5093,"mcpPosition":[12.7441,300.803,33.0805],"pipPosition":[9.08799,275.999,8.14825],"stabilizedTipPosition":[1.17703,256.924,36.8151],"timeVisible":1.30152,"tipPosition":[-5.35699,250.061,-3.96096],"tipVelocity":[15.515,-27.6916,-90.0137],"tool":false,"touchDistance":-0.463522,"touchZone":"touching","type":4,"width":16.057}],"r":[[0.996358,0.00846578,0.0848487],[0.00320985,0.99063,-0.136533],[-0.0852095,0.136308,0.986995]],"s":1.02662,"t":[-10.0813,48.0007,-170.333],"timestamp":606735880116},false],[3,{"currentFrameRate":95.881,"devices":[],"gestures":[],"hands":[{"armBasis":[[0.848363,0.131492,-0.512825],[0.22232,0.79063,0.570506],[0.480472,-0.598008,0.641508]],"armWidth":63.7182,"confidence":0.749573,"direction":[0.0236012,0.182771,-0.982872],"elbow":[112.583,139.67,270.256],"grabStrength":0,"id":795,"palmNormal":[-0.254507,-0.949655,-0.182705],"palmPosition":[-24.3353,308.834,43.3745],"palmVelocity":[3.21164,3.08789,-136.604],"palmWidth":90.9874,"pinchStrength":0.678732,"r":[[0.996223,0.0114331,0.0860771],[0.000680513,0.990235,-0.139403],[-0.0868304,0.138935,0.986487]],"s":1.02843,"sphereCenter":[-37.1242,262.792,15.2934],"sphereRadius":53.5964,"stabilizedPalmPosition":[-21.7165,273.956,188.667],"t":[-10.0605,48.0807,-171.461],"timeVisible":1.31056,"type":"right","wrist":[-17.1409,301.128,97.0536]}],"id":4401843,"interactionBox":{"center":[0,200,0],"size":[235.247,235.247,147.751]},"pointables":[{"bases":[[[0.621275,0.782668,-0.0380728],[-0.673452,0.558158,0.484687],[0.400599,-0.275483,0.873859]],[[0.461227,0.829652,-0.314559],[-0.849343,0.515388,0.113979],[0.256683,0.214599,0.94237]],[[0.461227,0.829652,-0.314559],[-0.886404,0.446611,-0.121764],[0.0394639,0.334987,0.941396]],[[0.461227,0.829652,-0.314559],[-0.782694,0.213449,-0.584662],[-0.417923,0.515865,0.747812]]],"btipPosition":[-51.9081,263.294,2.49376],"carpPosition":[-47.5306,297.5,99.1308],"dipPosition":[-61.6888,275.367,19.9948],"direction":[-0.0394639,-0.334987,-0.941396],"extended":false,"handId":795,"id":7950,"length":52.1149,"mcpPosition":[-47.5306,297.5,99.1308],"pipPosition":[-60.3433,286.788,52.0913],"stabilizedTipPosition":[-73.0061,236.252,143.022],"timeVisible":1.31056,"tipPosition":[-55.5746,266.448,6.0915],"tipVelocity":[45.071,-23.748,-109.968],"tool":false,"touchDistance":-0.47958,"touchZone":"touching","type":0,"width":20.2494},{"bases":[[[0.957021,-0.22016,-0.188788],[0.231064,0.972214,0.0375544],[0.175274,-0.0795623,0.9813]],[[0.972698,-0.229975,-0.0311602],[0.230918,0.972477,0.0310751],[0.023156,-0.0374221,0.999031]],[[0.972698,-0.229975,-0.0311602],[0.227396,0.97128,-0.0700512],[0.0463753,0.0610529,0.997057]],[[0.972698,-0.229975,-0.0311602],[0.2229,0.963159,-0.150467],[0.0646158,0.139413,0.988124]]],"btipPosition":[-50.6187,319.576,-64.1002],"carpPosition":[-34.5046,315.972,91.9919],"dipPosition":[-49.5147,321.957,-47.218],"direction":[-0.0463753,-0.0610529,-0.997057],"extended":true,"handId":795,"id":7951,"length":58.8059,"mcpPosition":[-47.399,321.825,19.8002],"pipPosition":[-48.3938,323.433,-23.1194],"stabilizedTipPosition":[-50.3411,297.98,62.4492],"timeVisible":1.31056,"tipPosition":[-50.5431,318.873,-60.1031],"tipVelocity":[22.4905,-1.29856,-145.779],"tool":false,"touchDistance":-0.557828,"touchZone":"hovering","type":1,"width":19.3423},{"bases":[[[0.918395,-0.391377,-0.0580921],[0.393325,0.919014,0.0266321],[0.0429642,-0.0473079,0.997956]],[[0.915584,-0.394165,0.0796249],[0.325731,0.610846,-0.721641],[0.235807,0.68666,0.687673]],[[0.915584,-0.394165,0.0796249],[0.206078,0.289889,-0.93461],[0.345308,0.872123,0.346646]],[[0.915584,-0.394165,0.0796249],[0.119433,0.0774737,-0.989815],[0.383981,0.915769,0.11801]]],"btipPosition":[-53.9552,243.189,-25.665],"carpPosition":[-22.5575,314.992,89.1783],"dipPosition":[-46.7396,260.397,-23.4474],"direction":[-0.345308,-0.872123,-0.346646],"extended":false,"handId":795,"id":7952,"length":67.0045,"mcpPosition":[-25.5549,318.293,19.5549],"pipPosition":[-36.9206,285.196,-13.5903],"stabilizedTipPosition":[-45.3853,253.898,55.6856],"timeVisible":1.31056,"tipPosition":[-52.1201,247.87,-26.2842],"tipVelocity":[32.0021,-33.6532,-112.212],"tool":false,"touchDistance":-0.485096,"touchZone":"touching","type":2,"width":18.9967},{"bases":[[[0.882426,-0.462231,0.0875573],[0.459104,0.886727,0.0542127],[-0.102698,-0.00764085,0.994683]],[[0.86993,-0.461103,0.174943],[0.438435,0.56065,-0.702457],[0.225823,0.68779,0.68989]],[[0.86993,-0.461103,0.174943],[0.301041,0.215511,-0.92894],[0.390635,0.860778,0.326291]],[[0.86993,-0.461103,0.174943],[0.193256,-0.00763561,-0.981119],[0.453733,0.887314,0.0824686]]],"btipPosition":[-33.9667,240.401,-16.0344],"carpPosition":[-11.0117,311.074,87.6734],"dipPosition":[-25.4894,256.979,-14.4936],"direction":[-0.390635,-0.860778,-0.326291],"extended":false,"handId":795,"id":7953,"length":64.4267,"mcpPosition":[-4.57891,311.553,25.3682],"pipPosition":[-14.6683,280.823,-5.45491],"stabilizedTipPosition":[-17.082,249.523,58.3408],"timeVisible":1.31056,"tipPosition":[-31.0714,244.701,-17.0325],"tipVelocity":[11.5715,-32.4549,-73.9796],"tool":false,"touchDistance":-0.463838,"touchZone":"touching","type":3,"width":18.0765},{"bases":[[[0.776541,-0.600125,0.191923],[0.579876,0.799856,0.154835],[-0.246431,-0.00894369,0.969119]],[[0.665697,-0.574745,0.475937],[0.739171,0.420405,-0.5262],[0.102345,0.702089,0.704697]],[[0.665697,-0.574745,0.475937],[0.626037,0.0830438,-0.775359],[0.40611,0.814108,0.415094]],[[0.665697,-0.574745,0.475937],[0.502242,-0.126628,-0.855406],[0.551907,0.808476,0.204365]]],"btipPosition":[-8.26599,246.361,-4.42996],"carpPosition":[-1.48061,300.525,88.3208],"dipPosition":[1.24685,260.297,-0.907456],"direction":[-0.40611,-0.814108,-0.415094],"extended":false,"handId":795,"id":7954,"length":50.5093,"mcpPosition":[12.8084,301.044,32.1278],"pipPosition":[9.18964,276.219,7.21105],"stabilizedTipPosition":[1.17309,256.92,36.7932],"timeVisible":1.31056,"tipPosition":[-5.28173,250.244,-4.80733],"tipVelocity":[13.3376,-13.6733,-91.3601],"tool":false,"touchDistance":-0.458382,"touchZone":"touching","type":4,"width":16.057}],"r":[[0.996223,0.0114331,0.0860771],[0.000680513,0.990235,-0.139403],[-0.0868304,0.138935,0.986487]],"s":1.02843,"t":[-10.0605,48.0807,-171.461],"timestamp":606735889164},false],[4,{"currentFrameRate":96.53,"devices":[],"gestures":[],"hands":[{"armBasis":[[0.849965,0.135069,-0.509231],[0.21777,0.790065,0.57304],[0.479726,-0.597959,0.642113]],"armWidth":63.7182,"confidence":0.772336,"direction":[0.0245371,0.179619,-0.98343],"elbow":[112.379,139.952,269.524],"grabStrength":0,"id":795,"palmNormal":[-0.250744,-0.951175,-0.179984],"palmPosition":[-24.2786,308.899,42.4421],"palmVelocity":[4.05447,4.21497,-127.361],"palmWidth":90.9874,"pinchStrength":0.678312,"r":[[0.996069,0.014594,0.0873677],[-0.00201607,0.989814,-0.142354],[-0.0885553,0.141618,0.985952]],"s":1.02998,"sphereCenter":[-36.8001,262.935,14.4703],"sphereRadius":53.4425,"stabilizedPalmPosition":[-21.7165,273.956,188.667],"t":[-10.0217,48.1531,-172.491],"timeVisible":1.31961,"type":"right","wrist":[-17.1437,301.396,96.1579]}],"id":4401844,"interactionBox":{"center":[0,200,0],"size":[235.247,235.247,147.751]},"pointables":[{"bases":[[[0.618477,0.784802,-0.0396483],[-0.676273,0.557287,0.481753],[0.400176,-0.27114,0.87541]],[[0.458874,0.830289,-0.316314],[-0.85081,0.513211,0.112857],[0.25604,0.217336,0.941918]],[[0.458874,0.830289,-0.316314],[-0.887831,0.442309,-0.126959],[0.0344962,0.339092,0.940121]],[[0.458874,0.830289,-0.316314],[-0.779129,0.204903,-0.592429],[-0.427074,0.5183,0.740927]]],"btipPosition":[-51.4852,263.125,1.78802],"carpPosition":[-47.5233,297.664,98.1979],"dipPosition":[-61.48,275.254,19.1279],"direction":[-0.0344962,-0.339092,-0.940121],"extended":false,"handId":795,"id":7950,"length":52.1149,"mcpPosition":[-47.5233,297.664,98.1979],"pipPosition":[-60.3039,286.816,51.181],"stabilizedTipPosition":[-72.988,236.28,142.893],"timeVisible":1.31961,"tipPosition":[-55.1607,266.264,5.3363],"tipVelocity":[44.0344,-21.9727,-102.29],"tool":false,"touchDistance":-0.471098,"touchZone":"touching","type":0,"width":20.2494},{"bases":[[[0.958124,-0.217284,-0.186511],[0.227455,0.973169,0.0347217],[0.173962,-0.0756906,0.981839]],[[0.973575,-0.226512,-0.0290633],[0.227372,0.973322,0.030765],[0.0213193,-0.0365602,0.999104]],[[0.973575,-0.226512,-0.0290633],[0.224056,0.972037,-0.0702999],[0.0441744,0.0619304,0.997102]],[[0.973575,-0.226512,-0.0290633],[0.219748,0.963842,-0.150728],[0.0621542,0.140358,0.988148]]],"btipPosition":[-50.3966,319.404,-65.1172],"carpPosition":[-34.5531,316.16,91.0192],"dipPosition":[-49.3347,321.802,-48.2346],"direction":[-0.0441744,-0.0619304,-0.997102],"extended":true,"handId":795,"id":7951,"length":58.8059,"mcpPosition":[-47.3511,321.728,18.7878],"pipPosition":[-48.267,323.299,-24.1349],"stabilizedTipPosition":[-50.3411,297.981,62.4491],"timeVisible":1.31961,"tipPosition":[-50.3298,318.719,-61.121],"tipVelocity":[22.7648,-6.05544,-136.584],"tool":false,"touchDistance":-0.545633,"touchZone":"touching","type":1,"width":19.3423},{"bases":[[[0.91991,-0.388209,-0.0553144],[0.389926,0.920527,0.0242376],[0.0415092,-0.043865,0.998175]],[[0.916893,-0.390554,0.0823098],[0.324463,0.609239,-0.723569],[0.232447,0.690141,0.685327]],[[0.916893,-0.390554,0.0823098],[0.205923,0.286225,-0.935773],[0.341911,0.874953,0.342862]],[[0.916893,-0.390554,0.0823098],[0.119896,0.072808,-0.990113],[0.3807,0.917696,0.113583]]],"btipPosition":[-53.5739,242.886,-26.3265],"carpPosition":[-22.598,315.214,88.2282],"dipPosition":[-46.42,260.131,-24.1921],"direction":[-0.341911,-0.874953,-0.342862],"extended":false,"handId":795,"id":7952,"length":67.0045,"mcpPosition":[-25.4939,318.275,18.5895],"pipPosition":[-36.6976,285.011,-14.4426],"stabilizedTipPosition":[-45.3969,253.885,55.541],"timeVisible":1.31961,"tipPosition":[-51.7513,247.553,-26.9514],"tipVelocity":[34.3686,-33.3442,-102.021],"tool":false,"touchDistance":-0.47513,"touchZone":"touching","type":2,"width":18.9967},{"bases":[[[0.883963,-0.458714,0.0905094],[0.455778,0.888571,0.052031],[-0.104291,-0.00474123,0.994535]],[[0.871743,-0.457427,0.175572],[0.434464,0.556006,-0.708589],[0.226508,0.693987,0.68343]],[[0.871743,-0.457427,0.175572],[0.295178,0.204294,-0.933345],[0.391069,0.865462,0.313114]],[[0.871743,-0.457427,0.175572],[0.18651,-0.0215588,-0.982217],[0.453077,0.888986,0.0665209]]],"btipPosition":[-33.9211,240.041,-15.992],"carpPosition":[-11.0356,311.334,86.7549],"dipPosition":[-25.456,256.65,-14.7492],"direction":[-0.391069,-0.865462,-0.313114],"extended":false,"handId":795,"id":7953,"length":64.4267,"mcpPosition":[-4.50293,311.631,24.459],"pipPosition":[-14.6229,280.624,-6.07551],"stabilizedTipPosition":[-17.0931,249.519,58.2856],"timeVisible":1.31961,"tipPosition":[-31.0237,244.358,-17.1194],"tipVelocity":[9.68581,-34.2655,-54.3777],"tool":false,"touchDistance":-0.44618,"touchZone":"touching","type":3,"width":18.0765},{"bases":[[[0.77841,-0.596649,0.195158],[0.576702,0.802474,0.153134],[-0.247977,-0.00665323,0.968743]],[[0.666971,-0.570724,0.478982],[0.738101,0.418295,-0.529373],[0.10177,0.706614,0.700243]],[[0.666971,-0.570724,0.478982],[0.624107,0.0767897,-0.777556],[0.406989,0.817543,0.40741]],[[0.666971,-0.570724,0.478982],[0.499462,-0.134561,-0.855822],[0.552891,0.810042,0.195307]]],"btipPosition":[-8.17669,246.271,-4.81256],"carpPosition":[-1.46708,300.822,87.4525],"dipPosition":[1.3531,260.233,-1.44619],"direction":[-0.406989,-0.817543,-0.40741],"extended":false,"handId":795,"id":7954,"length":50.5093,"mcpPosition":[12.9115,301.207,31.2813],"pipPosition":[9.3131,276.223,6.52203],"stabilizedTipPosition":[1.17002,256.917,36.7757],"timeVisible":1.31961,"tipPosition":[-5.16728,250.124,-5.2209],"tipVelocity":[12.5011,-12.4736,-78.9267],"tool":false,"touchDistance":-0.447155,"touchZone":"touching","type":4,"width":16.057}],"r":[[0.996069,0.014594,0.0873677],[-0.00201607,0.989814,-0.142354],[-0.0885553,0.141618,0.985952]],"s":1.02998,"t":[-10.0217,48.1531,-172.491],"timestamp":606735898209},false],[5,{"currentFrameRate":97.1617,"devices":[],"gestures":[],"hands":[{"armBasis":[[0.851522,0.135562,-0.506491],[0.215016,0.790751,0.573133],[0.478203,-0.596939,0.644194]],"armWidth":63.7182,"confidence":0.778513,"direction":[0.0251223,0.178647,-0.983593],"elbow":[112.01,140.34,268.783],"grabStrength":0,"id":795,"palmNormal":[-0.248101,-0.952007,-0.179247],"palmPosition":[-24.1981,308.937,41.1245],"palmVelocity":[5.39257,4.21493,-132.506],"palmWidth":90.9874,"pinchStrength":0.676925,"r":[[0.995911,0.0176571,0.0886011],[-0.00464887,0.989432,-0.144926],[-0.0902237,0.143921,0.985468]],"s":1.03138,"sphereCenter":[-36.532,263.123,13.1599],"sphereRadius":53.3084,"stabilizedPalmPosition":[-21.7165,273.956,188.667],"t":[-9.96214,48.2083,-173.665],"timeVisible":1.32863,"type":"right","wrist":[-17.1012,301.509,94.8558]}],"id":4401845,"interactionBox":{"center":[0,200,0],"size":[235.247,235.247,147.751]},"pointables":[{"bases":[[[0.616495,0.786351,-0.039819],[-0.678219,0.556049,0.480445],[0.39994,-0.269186,0.87612]],[[0.457097,0.831135,-0.316665],[-0.851598,0.511699,0.113773],[0.256598,0.217666,0.94169]],[[0.457097,0.831135,-0.316665],[-0.888957,0.438369,-0.132619],[0.0285913,0.342121,0.939221]],[[0.457097,0.831135,-0.316665],[-0.773191,0.195359,-0.603333],[-0.439588,0.520624,0.731924]]],"btipPosition":[-50.9688,262.987,0.71025],"carpPosition":[-47.4733,297.701,96.8674],"dipPosition":[-61.2565,275.172,17.8394],"direction":[-0.0285913,-0.342121,-0.939221],"extended":false,"handId":795,"id":7950,"length":52.1149,"mcpPosition":[-47.4733,297.701,96.8674],"pipPosition":[-60.2817,286.836,49.8618],"stabilizedTipPosition":[-72.9696,236.308,142.764],"timeVisible":1.32863,"tipPosition":[-54.6892,266.133,4.18391],"tipVelocity":[45.6145,-19.7329,-108.496],"tool":false,"touchDistance":-0.469215,"touchZone":"touching","type":0,"width":20.2494},{"bases":[[[0.958879,-0.21501,-0.185263],[0.22491,0.973788,0.0339365],[0.17311,-0.0742086,0.982103]],[[0.974183,-0.224028,-0.0279192],[0.224891,0.973826,0.0329702],[0.0198022,-0.0383977,0.999066]],[[0.974183,-0.224028,-0.0279192],[0.221748,0.972734,-0.0679427],[0.042379,0.0599976,0.997299]],[[0.974183,-0.224028,-0.0279192],[0.217596,0.9647,-0.148341],[0.0601661,0.138436,0.988542]]],"btipPosition":[-50.1813,319.516,-66.4828],"carpPosition":[-34.5431,316.223,89.683],"dipPosition":[-49.1534,321.881,-49.5934],"direction":[-0.042379,-0.0599976,-0.997298],"extended":true,"handId":795,"id":7951,"length":58.8059,"mcpPosition":[-47.2784,321.682,17.4321],"pipPosition":[-48.1291,323.332,-25.489],"stabilizedTipPosition":[-50.3411,297.981,62.449],"timeVisible":1.32863,"tipPosition":[-50.1312,318.826,-62.4873],"tipVelocity":[22.8279,-1.20028,-140.604],"tool":false,"touchDistance":-0.539863,"touchZone":"touching","type":1,"width":19.3423},{"bases":[[[0.920965,-0.385895,-0.0539269],[0.387528,0.921554,0.0236806],[0.0405583,-0.0427072,0.998264]],[[0.917815,-0.388104,0.0836078],[0.323468,0.608931,-0.724274],[0.230182,0.691794,0.684425]],[[0.917815,-0.388104,0.0836078],[0.205617,0.284541,-0.936354],[0.339613,0.876591,0.340957]],[[0.917815,-0.388104,0.0836078],[0.11997,0.0703809,-0.99028],[0.378447,0.918924,0.111158]]],"btipPosition":[-53.2754,242.746,-27.512],"carpPosition":[-22.5826,315.305,86.9056],"dipPosition":[-46.1638,260.014,-25.4232],"direction":[-0.339613,-0.876591,-0.340957],"extended":false,"handId":795,"id":7952,"length":67.0045,"mcpPosition":[-25.4122,318.284,17.2607],"pipPosition":[-36.5067,284.941,-15.7279],"stabilizedTipPosition":[-45.4067,253.874,55.4113],"timeVisible":1.32863,"tipPosition":[-51.4615,247.399,-28.1307],"tipVelocity":[33.7205,-28.2645,-110.429],"tool":false,"touchDistance":-0.47389,"touchZone":"touching","type":2,"width":18.9967},{"bases":[[[0.885044,-0.456339,0.091933],[0.453432,0.889797,0.0515777],[-0.105339,-0.00396319,0.994429]],[[0.873031,-0.455052,0.175342],[0.431572,0.553521,-0.712292],[0.227075,0.697526,0.679628]],[[0.873031,-0.455052,0.175342],[0.290895,0.197361,-0.936178],[0.391404,0.868318,0.304675]],[[0.873031,-0.455052,0.175342],[0.181589,-0.0303529,-0.982906],[0.452595,0.889948,0.0561332]]],"btipPosition":[-33.8541,239.856,-16.6938],"carpPosition":[-11.0087,311.452,85.4488],"dipPosition":[-25.3981,256.483,-15.645],"direction":[-0.391404,-0.868318,-0.304675],"extended":false,"handId":795,"id":7953,"length":64.4267,"mcpPosition":[-4.41042,311.701,23.1595],"pipPosition":[-14.5557,280.536,-7.20513],"stabilizedTipPosition":[-17.105,249.514,58.2256],"timeVisible":1.32863,"tipPosition":[-30.9788,244.172,-17.8757],"tipVelocity":[8.99874,-30.3588,-62.1809],"tool":false,"touchDistance":-0.441091,"touchZone":"touching","type":3,"width":18.0765},{"bases":[[[0.779736,-0.594436,0.196615],[0.574469,0.804119,0.1529],[-0.248991,-0.0062726,0.968485]],[[0.66769,-0.568412,0.480727],[0.737427,0.416581,-0.53166],[0.10194,0.709485,0.697309]],[[0.66769,-0.568412,0.480727],[0.622017,0.0711849,-0.779761],[0.409005,0.819659,0.401091]],[[0.66769,-0.568412,0.480727],[0.496062,-0.141782,-0.856633],[0.555079,0.810436,0.187301]]],"btipPosition":[-8.14783,246.243,-5.71722],"carpPosition":[-1.41387,300.966,86.1676],"dipPosition":[1.41968,260.212,-2.48883],"direction":[-0.409005,-0.819659,-0.401091],"extended":false,"handId":795,"id":7954,"length":50.5093,"mcpPosition":[13.0235,301.329,30.0114],"pipPosition":[9.4191,276.243,5.3558],"stabilizedTipPosition":[1.16776,256.914,36.7624],"timeVisible":1.32863,"tipPosition":[-5.11584,250.066,-6.15403],"tipVelocity":[10.2065,-9.83386,-85.7704],"tool":false,"touchDistance":-0.444819,"touchZone":"touching","type":4,"width":16.057}],"r":[[0.995911,0.0176571,0.0886011],[-0.00464887,0.989432,-0.144926],[-0.0902237,0.143921,0.985468]],"s":1.03138,"t":[-9.96214,48.2083,-173.665],"timestamp":606735907230},false],[6,{"currentFrameRate":89.4378,"devices":[],"gestures":[],"hands":[{"armBasis":[[0.852787,0.136694,-0.504053],[0.209129,0.795005,0.569413],[0.478561,-0.591,0.649383]],"armWidth":63.7182,"confidence":0.833889,"direction":[0.0287044,0.171994,-0.98468],"elbow":[111.889,142.533,267.775],"grabStrength":0,"id":795,"palmNormal":[-0.243404,-0.954232,-0.173771],"palmPosition":[-24.2099,309.128,38.635],"palmVelocity":[1.76801,5.94399,-106.776],"palmWidth":90.9874,"pinchStrength":0.68551,"r":[[0.995681,0.0210545,0.0904249],[-0.00743845,0.988907,-0.148351],[-0.0925453,0.147037,0.984792]],"s":1.03277,"sphereCenter":[-36.1741,263.389,10.9034],"sphereRadius":53.094,"stabilizedPalmPosition":[-21.7165,273.956,188.667],"t":[-9.93822,48.3314,-175.496],"timeVisible":1.35594,"type":"right","wrist":[-17.3184,302.098,92.4465]}],"id":4401846,"interactionBox":{"center":[0,200,0],"size":[235.247,235.247,147.751]},"pointables":[{"bases":[[[0.613433,0.7886,-0.0425414],[-0.682596,0.556526,0.473647],[0.397193,-0.261512,0.879687]],[[0.455244,0.830825,-0.320128],[-0.853326,0.509755,0.109473],[0.25414,0.223337,0.941028]],[[0.455244,0.830825,-0.320128],[-0.890151,0.432607,-0.143115],[0.0195861,0.350115,0.936502]],[[0.455244,0.830825,-0.320128],[-0.76665,0.182938,-0.615452],[-0.452769,0.525608,0.720234]]],"btipPosition":[-50.4404,262.793,-1.40591],"carpPosition":[-47.6831,298.179,94.3519],"dipPosition":[-61.0366,275.094,15.4497],"direction":[-0.0195861,-0.350115,-0.936502],"extended":false,"handId":795,"id":7950,"length":52.1149,"mcpPosition":[-47.6831,298.179,94.3519],"pipPosition":[-60.3688,287.031,47.3794],"stabilizedTipPosition":[-72.936,236.357,142.529],"timeVisible":1.35594,"tipPosition":[-54.1692,265.928,1.98732],"tipVelocity":[27.6493,-11.274,-90.6347],"tool":false,"touchDistance":-0.483313,"touchZone":"touching","type":0,"width":20.2494},{"bases":[[[0.960556,-0.212312,-0.179598],[0.220762,0.974919,0.0282149],[0.169103,-0.0667503,0.983335]],[[0.975203,-0.220179,-0.0223527],[0.22081,0.974812,0.0313838],[0.0148796,-0.0355413,0.999257]],[[0.975203,-0.220179,-0.0223527],[0.218179,0.973418,-0.069673],[0.0370991,0.0630685,0.997319]],[[0.975203,-0.220179,-0.0223527],[0.214454,0.965103,-0.150284],[0.0546621,0.141764,0.98839]]],"btipPosition":[-49.7079,319.195,-69.1659],"carpPosition":[-34.7976,316.704,87.0966],"dipPosition":[-48.774,321.617,-52.2791],"direction":[-0.0370991,-0.0630685,-0.997319],"extended":true,"handId":795,"id":7951,"length":58.8059,"mcpPosition":[-47.2381,321.614,14.7551],"pipPosition":[-47.8773,323.141,-28.1742],"stabilizedTipPosition":[-50.3411,297.981,62.4487],"timeVisible":1.35594,"tipPosition":[-49.6784,318.527,-65.1702],"tipVelocity":[18.9179,-7.47726,-114.261],"tool":false,"touchDistance":-0.554466,"touchZone":"touching","type":1,"width":19.3423},{"bases":[[[0.922768,-0.382447,-0.047255],[0.383636,0.923288,0.0190277],[0.0363529,-0.0356869,0.998702]],[[0.919086,-0.383737,0.0895948],[0.322234,0.601012,-0.731403],[0.226819,0.701093,0.676034]],[[0.919086,-0.383737,0.0895948],[0.204198,0.269334,-0.941149],[0.337023,0.883292,0.3259]],[[0.919086,-0.383737,0.0895948],[0.118404,0.052071,-0.991599],[0.375848,0.921973,0.0932938]]],"btipPosition":[-52.9362,242.072,-28.9021],"carpPosition":[-22.8214,315.817,84.3778],"dipPosition":[-45.8734,259.397,-27.149],"direction":[-0.337023,-0.883292,-0.3259],"extended":false,"handId":795,"id":7952,"length":67.0045,"mcpPosition":[-25.3576,318.306,14.7024],"pipPosition":[-36.29,284.514,-17.8818],"stabilizedTipPosition":[-45.4287,253.845,55.0992],"timeVisible":1.35594,"tipPosition":[-51.0792,246.732,-29.6837],"tipVelocity":[20.2089,-25.7388,-75.1398],"tool":false,"touchDistance":-0.476844,"touchZone":"touching","type":2,"width":18.9967},{"bases":[[[0.886497,-0.452036,0.0989282],[0.449547,0.891997,0.0474296],[-0.109684,0.00242665,0.993964]],[[0.87459,-0.45033,0.179709],[0.429638,0.547991,-0.717716],[0.22473,0.704917,0.672747]],[[0.87459,-0.45033,0.179709],[0.288665,0.185809,-0.939227],[0.389571,0.873314,0.292501]],[[0.87459,-0.45033,0.179709],[0.179152,-0.044274,-0.982825],[0.450552,0.891764,0.041956]]],"btipPosition":[-33.6051,239.502,-18.2058],"carpPosition":[-11.2254,312.002,82.998],"dipPosition":[-25.1872,256.164,-17.422],"direction":[-0.389571,-0.873314,-0.292501],"extended":false,"handId":795,"id":7953,"length":64.4267,"mcpPosition":[-4.35506,311.85,20.7379],"pipPosition":[-14.3956,280.355,-9.31932],"stabilizedTipPosition":[-17.1289,249.504,58.1003],"timeVisible":1.35594,"tipPosition":[-30.7659,243.794,-19.4216],"tipVelocity":[8.87455,-19.3362,-59.3323],"tool":false,"touchDistance":-0.44891,"touchZone":"touching","type":3,"width":18.0765},{"bases":[[[0.781298,-0.589845,0.204098],[0.570489,0.807516,0.149866],[-0.25321,-0.000654389,0.967411]],[[0.667177,-0.562065,0.488834],[0.738248,0.411421,-0.534531],[0.0993246,0.717507,0.689433]],[[0.667177,-0.562065,0.488834],[0.621317,0.0579033,-0.781417],[0.410902,0.825064,0.387852]],[[0.667177,-0.562065,0.488834],[0.493209,-0.158467,-0.855355],[0.558229,0.81177,0.17149]]],"btipPosition":[-8.07922,246.1,-7.18181],"carpPosition":[-1.59097,301.56,83.8308],"dipPosition":[1.5426,260.092,-4.22596],"direction":[-0.410902,-0.825064,-0.387852],"extended":false,"handId":795,"id":7954,"length":50.5093,"mcpPosition":[13.0911,301.598,27.7369],"pipPosition":[9.57912,276.228,3.35975],"stabilizedTipPosition":[1.16521,256.912,36.7467],"timeVisible":1.35594,"tipPosition":[-5.02042,249.878,-7.68474],"tipVelocity":[5.70235,-6.86