{"sensorType":"Leap","data":[[0,{"currentFrameRate":101.519,"devices":[],"gestures":[],"hands":[{"armBasis":[[0.774447,-0.0395921,-0.631399],[0.338212,0.869356,0.360323],[0.534644,-0.492598,0.68666]],"armWidth":63.7182,"confidence":0.71041,"direction":[0.0614944,0.248163,-0.966764],"elbow":[120.058,165.141,268.081],"grabStrength":0,"id":790,"palmNormal":[-0.347265,-0.902763,-0.253824],"palmPosition":[-29.6041,310.317,29.6216],"palmVelocity":[33.6308,-28.1209,361.404],"palmWidth":90.9874,"pinchStrength":1,"r":[[0.999776,0.0187326,0.00985985],[-0.0165379,0.981914,-0.188602],[-0.0132145,0.188397,0.982004]],"s":0.715634,"sphereCenter":[-78.5387,305.234,1.27141],"sphereRadius":58.7974,"stabilizedPalmPosition":[-32.3892,310.104,1.72092],"t":[4.58713,60.7516,-230.788],"timeVisible":3.88653,"type":"right","wrist":[-24.2918,298.138,82.6882]}],"id":4399550,"interactionBox":{"center":[0,200,0],"size":[235.247,235.247,147.751]},"pointables":[{"bases":[[[0.699146,0.714505,0.0260406],[-0.621782,0.589629,0.515485],[0.352962,-0.376591,0.856503]],[[0.604499,0.779793,-0.162801],[-0.774673,0.623074,0.107982],[0.18564,0.0608423,0.980732]],[[0.604499,0.779793,-0.162801],[-0.796483,0.58806,-0.140717],[-0.0139933,0.214731,0.976573]],[[0.604499,0.779793,-0.162801],[-0.430988,0.148276,-0.890092],[-0.669948,0.608225,0.425714]]],"btipPosition":[-48.0389,272.963,-8.08402],"carpPosition":[-54.9282,297.555,84.1292],"dipPosition":[-63.7176,287.197,1.87892],"direction":[0.0139933,-0.214731,-0.976573],"extended":false,"handId":790,"id":7900,"length":52.1149,"mcpPosition":[-54.9282,297.555,84.1292],"pipPosition":[-64.1947,294.518,35.1748],"stabilizedTipPosition":[-54.82,274.466,-32.443],"timeVisible":3.88653,"tipPosition":[-51.7108,276.249,-6.08242],"tipVelocity":[12.8259,6.13726,343.968],"tool":false,"touchDistance":0.245738,"touchZone":"hovering","type":0,"width":20.2494},{"bases":[[[0.932789,-0.304678,-0.19255],[0.329109,0.937815,0.110405],[0.146938,-0.166354,0.975057]],[[0.921997,-0.293879,-0.252105],[0.361851,0.88568,0.290922],[0.137789,-0.359454,0.922934]],[[0.921997,-0.293879,-0.252105],[0.341422,0.924159,0.171353],[0.182629,-0.244061,0.952408]],[[0.921997,-0.293879,-0.252105],[0.319667,0.945134,0.0673421],[0.218483,-0.142679,0.965354]]],"btipPosition":[-64.8097,351.046,-72.3951],"carpPosition":[-39.9333,315.028,78.5004],"dipPosition":[-61.0769,348.608,-55.9019],"direction":[-0.182629,0.244061,-0.952408],"extended":true,"handId":790,"id":7901,"length":58.8059,"mcpPosition":[-50.7432,327.267,6.76787],"pipPosition":[-56.6628,342.709,-32.8825],"stabilizedTipPosition":[-64.6998,344.25,-98.8838],"timeVisible":3.88653,"tipPosition":[-63.6898,350.203,-68.6879],"tipVelocity":[34.6058,46.2527,389.879],"tool":false,"touchDistance":0.333086,"touchZone":"hovering","type":1,"width":19.3423},{"bases":[[[0.874201,-0.479732,-0.0750271],[0.485217,0.868925,0.0976428],[0.0183505,-0.121764,0.992389]],[[0.874338,-0.480882,-0.0654701],[0.241551,0.548199,-0.800706],[0.420936,0.684273,0.595469]],[[0.874338,-0.480882,-0.0654701],[-0.366707,-0.566247,-0.738167],[0.317899,0.669415,-0.671434]],[[0.874338,-0.480882,-0.0654701],[-0.48523,-0.868764,-0.0990048],[-0.00926842,0.118332,-0.992931]]],"btipPosition":[-58.5323,267.267,15.5837],"carpPosition":[-28.0978,313.012,75.7686],"dipPosition":[-58.7064,269.49,-3.07489],"direction":[-0.317899,-0.669415,0.671434],"extended":false,"handId":790,"id":7902,"length":67.0045,"mcpPosition":[-29.3781,321.507,6.53351],"pipPosition":[-49.6668,288.525,-22.1675],"stabilizedTipPosition":[-61.2182,268.107,-17.4612],"timeVisible":3.88653,"tipPosition":[-58.6101,267.796,10.5958],"tipVelocity":[18.3624,-6.62525,370.09],"tool":false,"touchDistance":0.333333,"touchZone":"none","type":2,"width":18.9967},{"bases":[[[0.828292,-0.556551,0.0646831],[0.546772,0.828105,0.123618],[-0.122364,-0.0670252,0.990219]],[[0.821648,-0.55908,0.111015],[0.401602,0.42961,-0.808796],[0.404489,0.709129,0.577516]],[[0.821648,-0.55908,0.111015],[-0.319714,-0.613283,-0.722266],[0.471888,0.557955,-0.682648]],[[0.821648,-0.55908,0.111015],[-0.551042,-0.828922,-0.0961309],[0.145768,0.0178116,-0.989158]]],"btipPosition":[-43.1919,264.756,23.6882],"carpPosition":[-16.9894,308.029,74.1252],"dipPosition":[-40.4685,265.089,5.20733],"direction":[-0.471888,-0.557955,0.682648],"extended":false,"handId":790,"id":7903,"length":64.4267,"mcpPosition":[-9.3247,312.228,12.0996],"pipPosition":[-27.3966,280.545,-13.7028],"stabilizedTipPosition":[-44.576,265.401,-10.4468],"timeVisible":3.88653,"tipPosition":[-42.4782,264.773,18.4879],"tipVelocity":[14.3478,-13.1064,369.273],"tool":false,"touchDistance":0.333333,"touchZone":"none","type":3,"width":18.0765},{"bases":[[[0.706758,-0.689693,0.157535],[0.655973,0.722264,0.219169],[-0.264941,-0.0515605,0.962885]],[[0.715344,-0.687545,0.124759],[0.498215,0.376647,-0.780973],[0.489964,0.620821,0.611978]],[[0.715344,-0.687545,0.124759],[-0.384,-0.535956,-0.751861],[0.583804,0.489932,-0.64741]],[[0.715344,-0.687545,0.124759],[-0.669136,-0.725443,-0.161213],[0.201346,0.0318416,-0.979002]]],"btipPosition":[-25.4596,267.434,26.1921],"carpPosition":[-8.60896,296.527,74.1254],"dipPosition":[-21.9892,267.983,9.31767],"direction":[-0.583804,-0.489932,0.64741],"extended":false,"handId":790,"id":7904,"length":50.5093,"mcpPosition":[6.75327,299.516,18.2939],"pipPosition":[-10.571,277.565,-3.34454],"stabilizedTipPosition":[-27.2405,268.03,-5.51798],"timeVisible":3.88653,"tipPosition":[-24.6728,267.589,21.7402],"tipVelocity":[16.9341,-24.5073,358.3],"tool":false,"touchDistance":0.333333,"touchZone":"none","type":4,"width":16.057}],"r":[[0.999776,0.0187326,0.00985985],[-0.0165379,0.981914,-0.188602],[-0.0132145,0.188397,0.982004]],"s":0.715634,"t":[4.58713,60.7516,-230.788],"timestamp":606714368585},false],[1,{"currentFrameRate":101.921,"devices":[],"gestures":[],"hands":[{"armBasis":[[0.768487,-0.0439651,-0.638353],[0.349709,0.864316,0.361472],[0.535846,-0.501024,0.679591]],"armWidth":63.7182,"confidence":0.720318,"direction":[0.060372,0.252048,-0.96583],"elbow":[120.919,161.771,269.915],"grabStrength":0,"id":790,"palmNormal":[-0.358541,-0.897544,-0.256639],"palmPosition":[-29.1453,309.534,33.4449],"palmVelocity":[38.3499,-44.2408,378.361],"palmWidth":90.9874,"pinchStrength":1,"r":[[0.999849,0.0152579,0.00831985],[-0.0134691,0.982867,-0.183825],[-0.0109821,0.183685,0.982924]],"s":0.717136,"sphereCenter":[-78.2513,305.188,5.30875],"sphereRadius":58.798,"stabilizedPalmPosition":[-32.3876,310.104,1.73688],"t":[5.00784,60.1289,-226.99],"timeVisible":3.89557,"type":"right","wrist":[-23.7556,297.043,86.4311]}],"id":4399551,"interactionBox":{"center":[0,200,0],"size":[235.247,235.247,147.751]},"pointables":[{"bases":[[[0.707327,0.706389,0.0265205],[-0.61293,0.59419,0.520822],[0.352145,-0.384646,0.853253]],[[0.612704,0.773626,-0.161544],[-0.766915,0.63138,0.114894],[0.190881,0.0534946,0.980154]],[[0.612704,0.773626,-0.161544],[-0.790293,0.598334,-0.132035],[-0.00548818,0.208566,0.977993]],[[0.612704,0.773626,-0.161544],[-0.431829,0.156521,-0.888271],[-0.661904,0.614007,0.429975]]],"btipPosition":[-48.241,272.65,-4.3367],"carpPosition":[-54.3906,296.801,87.9959],"dipPosition":[-63.7315,287.02,5.72598],"direction":[0.00548818,-0.208566,-0.977993],"extended":false,"handId":790,"id":7900,"length":52.1149,"mcpPosition":[-54.3906,296.801,87.9959],"pipPosition":[-63.9186,294.131,39.0703],"stabilizedTipPosition":[-54.8175,274.467,-32.4173],"timeVisible":3.89557,"tipPosition":[-51.8341,275.94,-2.30222],"tipVelocity":[4.44761,-4.12506,364.115],"tool":false,"touchDistance":0.308575,"touchZone":"hovering","type":0,"width":20.2494},{"bases":[[[0.928472,-0.314328,-0.197834],[0.340201,0.933482,0.113464],[0.14901,-0.172651,0.973647]],[[0.917538,-0.303104,-0.257395],[0.373098,0.880124,0.293565],[0.137559,-0.365391,0.920634]],[[0.917538,-0.303104,-0.257395],[0.352593,0.91942,0.174197],[0.183854,-0.250588,0.950475]],[[0.917538,-0.303104,-0.257395],[0.330626,0.941139,0.0703161],[0.220931,-0.149619,0.963744]]],"btipPosition":[-64.3113,351.142,-68.2312],"carpPosition":[-39.221,314.13,82.3875],"dipPosition":[-60.5366,348.586,-51.7655],"direction":[-0.183854,0.250588,-0.950475],"extended":true,"handId":790,"id":7901,"length":58.8059,"mcpPosition":[-50.1833,326.831,10.7588],"pipPosition":[-56.0929,342.529,-28.7928],"stabilizedTipPosition":[-64.6984,344.257,-98.8449],"timeVisible":3.89557,"tipPosition":[-63.1853,350.274,-64.5319],"tipVelocity":[40.5563,35.5991,409.181],"tool":false,"touchDistance":0.395474,"touchZone":"hovering","type":1,"width":19.3423},{"bases":[[[0.868376,-0.489264,-0.0808967],[0.495461,0.862886,0.0997325],[0.0210091,-0.126687,0.99172]],[[0.868539,-0.490475,-0.0712292],[0.243253,0.547074,-0.800961],[0.431819,0.678339,0.594465]],[[0.868539,-0.490475,-0.0712292],[-0.377089,-0.560699,-0.737171],[0.321626,0.667122,-0.671942]],[[0.868539,-0.490475,-0.0712292],[-0.495452,-0.862978,-0.0989784],[-0.0129228,0.121257,-0.992537]]],"btipPosition":[-58.6021,266.886,19.5147],"carpPosition":[-27.4204,311.992,79.5974],"dipPosition":[-58.845,269.165,0.863471],"direction":[-0.321626,-0.667122,0.671942],"extended":false,"handId":790,"id":7902,"length":67.0045,"mcpPosition":[-28.8861,320.83,10.409],"pipPosition":[-49.6994,288.135,-18.2436],"stabilizedTipPosition":[-61.2175,268.107,-17.4522],"timeVisible":3.89557,"tipPosition":[-58.6996,267.434,14.5015],"tipVelocity":[10.6889,-16.0053,387.988],"tool":false,"touchDistance":0.333333,"touchZone":"none","type":2,"width":18.9967},{"bases":[[[0.822165,-0.56622,0.0586383],[0.556654,0.821247,0.125261],[-0.119082,-0.070344,0.990389]],[[0.815679,-0.568896,0.105001],[0.401189,0.425505,-0.811168],[0.416791,0.703778,0.57531]],[[0.815679,-0.568896,0.105001],[-0.331915,-0.608878,-0.720486],[0.473814,0.552834,-0.685474]],[[0.815679,-0.568896,0.105001],[-0.561276,-0.822208,-0.0945678],[0.140132,0.0182024,-0.989965]]],"btipPosition":[-43.282,264.2,27.629],"carpPosition":[-16.3761,306.892,77.8847],"dipPosition":[-40.6638,264.54,9.13305],"direction":[-0.473814,-0.552834,0.685474],"extended":false,"handId":790,"id":7903,"length":64.4267,"mcpPosition":[-8.91706,311.298,15.8485],"pipPosition":[-27.5386,279.854,-9.85543],"stabilizedTipPosition":[-44.5759,265.401,-10.4446],"timeVisible":3.89557,"tipPosition":[-42.5963,264.219,22.3986],"tipVelocity":[6.9093,-26.4028,387.539],"tool":false,"touchDistance":0.333333,"touchZone":"none","type":3,"width":18.0765},{"bases":[[[0.699504,-0.698415,0.151363],[0.665032,0.713718,0.21986],[-0.261584,-0.0531317,0.963717]],[[0.708305,-0.696103,0.117239],[0.496241,0.372893,-0.784025],[0.502045,0.613508,0.609557]],[[0.708305,-0.696103,0.117239],[-0.396381,-0.529631,-0.749915],[0.584111,0.484697,-0.651063]],[[0.708305,-0.696103,0.117239],[-0.678553,-0.717188,-0.158768],[0.194601,0.0329035,-0.98033]]],"btipPosition":[-25.4894,266.636,29.9944],"carpPosition":[-8.12714,295.295,77.7961],"dipPosition":[-22.1352,267.203,13.0972],"direction":[-0.584111,-0.484697,0.651063],"extended":false,"handId":790,"id":7904,"length":50.5093,"mcpPosition":[7.04042,298.375,21.9163],"pipPosition":[-10.711,276.683,0.363518],"stabilizedTipPosition":[-27.2398,268.03,-5.50877],"timeVisible":3.89557,"tipPosition":[-24.7286,266.794,25.5023],"tipVelocity":[10.5443,-41.964,375.315],"tool":false,"touchDistance":0.333333,"touchZone":"none","type":4,"width":16.057}],"r":[[0.999849,0.0152579,0.00831985],[-0.0134691,0.982867,-0.183825],[-0.0109821,0.183685,0.982924]],"s":0.717136,"t":[5.00784,60.1289,-226.99],"timestamp":606714377625},false],[2,{"currentFrameRate":102.316,"devices":[],"gestures":[],"hands":[{"armBasis":[[0.76939,-0.0359371,-0.637768],[0.344709,0.863923,0.367169],[0.537787,-0.50234,0.677081]],"armWidth":63.7182,"confidence":0.730107,"direction":[0.0595335,0.248668,-0.966758],"elbow":[121.788,161.244,272.886],"grabStrength":0,"id":790,"palmNormal":[-0.354374,-0.900129,-0.253352],"palmPosition":[-28.8399,309.137,37.0448],"palmVelocity":[37.1168,-44.1655,384.078],"palmWidth":90.9874,"pinchStrength":1,"r":[[0.999885,0.0133999,0.00712322],[-0.0118921,0.983457,-0.180749],[-0.0094274,0.180644,0.983503]],"s":0.718445,"sphereCenter":[-77.8496,304.437,8.93755],"sphereRadius":58.74,"stabilizedPalmPosition":[-32.3862,310.104,1.74992],"t":[5.37092,59.6193,-223.29],"timeVisible":3.90459,"type":"right","wrist":[-23.4104,296.872,90.0795]}],"id":4399552,"interactionBox":{"center":[0,200,0],"size":[235.247,235.247,147.751]},"pointables":[{"bases":[[[0.704098,0.709695,0.024063],[-0.615792,0.59336,0.518386],[0.353618,-0.379813,0.854808]],[[0.609127,0.775834,-0.164459],[-0.769617,0.628323,0.113583],[0.191455,0.0573836,0.979823]],[[0.609127,0.775834,-0.164459],[-0.793058,0.59459,-0.132371],[-0.00491257,0.211056,0.977462]],[[0.609127,0.775834,-0.164459],[-0.431607,0.150323,-0.889448],[-0.665342,0.612768,0.426421]]],"btipPosition":[-47.8626,272.095,-0.578828],"carpPosition":[-54.0444,296.496,91.6359],"dipPosition":[-63.4336,286.436,9.40069],"direction":[0.00491257,-0.211056,-0.977462],"extended":false,"handId":790,"id":7900,"length":52.1149,"mcpPosition":[-54.0444,296.496,91.6359],"pipPosition":[-63.6011,293.632,42.7269],"stabilizedTipPosition":[-54.8156,274.467,-32.3977],"timeVisible":3.90459,"tipPosition":[-51.4305,275.352,1.44509],"tipVelocity":[14.2003,-20.1213,377.985],"tool":false,"touchDistance":0.367132,"touchZone":"hovering","type":0,"width":20.2494},{"bases":[[[0.929954,-0.310847,-0.196364],[0.335916,0.935442,0.110036],[0.149483,-0.16829,0.974337]],[[0.918946,-0.299859,-0.256168],[0.36898,0.883043,0.289982],[0.139254,-0.360998,0.922111]],[[0.918946,-0.299859,-0.256168],[0.348226,0.921847,0.17011],[0.185139,-0.245527,0.951546]],[[0.918946,-0.299859,-0.256168],[0.326081,0.943045,0.0658573],[0.22183,-0.144051,0.964386]]],"btipPosition":[-64.1963,350.157,-64.8032],"carpPosition":[-38.9519,313.872,85.9667],"dipPosition":[-60.4063,347.696,-48.3265],"direction":[-0.185139,0.245527,-0.951546],"extended":true,"handId":790,"id":7901,"length":58.8059,"mcpPosition":[-49.949,326.253,14.2871],"pipPosition":[-55.9315,341.762,-25.3279],"stabilizedTipPosition":[-64.6973,344.261,-98.8156],"timeVisible":3.90459,"tipPosition":[-63.0613,349.337,-61.0955],"tipVelocity":[33.0166,-3.5514,401.255],"tool":false,"touchDistance":0.440718,"touchZone":"hovering","type":1,"width":19.3423},{"bases":[[[0.870618,-0.485611,-0.0787838],[0.4915,0.865501,0.0966188],[0.0212683,-0.12284,0.992199]],[[0.870785,-0.486801,-0.0689801],[0.23897,0.541667,-0.80591],[0.429681,0.68529,0.588006]],[[0.870785,-0.486801,-0.0689801],[-0.375808,-0.568546,-0.731795],[0.31702,0.66316,-0.678025]],[[0.870785,-0.486801,-0.0689801],[-0.491447,-0.86596,-0.0927026],[-0.0146064,0.114624,-0.993302]]],"btipPosition":[-58.0751,266.306,23.5707],"carpPosition":[-27.1409,311.778,83.1882],"dipPosition":[-58.3496,268.46,4.90515],"direction":[-0.31702,-0.66316,0.678025],"extended":false,"handId":790,"id":7902,"length":67.0045,"mcpPosition":[-28.6247,320.348,13.9665],"pipPosition":[-49.3349,287.317,-14.3749],"stabilizedTipPosition":[-61.2169,268.107,-17.4448],"timeVisible":3.90459,"tipPosition":[-58.181,266.827,18.501],"tipVelocity":[23.6014,-30.1771,404.869],"tool":false,"touchDistance":0.333333,"touchZone":"none","type":2,"width":18.9967},{"bases":[[[0.824713,-0.562249,0.0610272],[0.552874,0.824238,0.122323],[-0.119077,-0.0671411,0.990612]],[[0.818224,-0.564778,0.107398],[0.398941,0.423285,-0.813434],[0.41395,0.708417,0.571656]],[[0.818224,-0.564778,0.107398],[-0.329564,-0.613863,-0.717329],[0.471059,0.551541,-0.688408]],[[0.818224,-0.564778,0.107398],[-0.557626,-0.825118,-0.0907407],[0.139864,0.0143583,-0.990067]]],"btipPosition":[-42.7709,263.729,31.4749],"carpPosition":[-16.073,306.721,81.4981],"dipPosition":[-40.1578,263.998,12.9771],"direction":[-0.471059,-0.551541,0.688408],"extended":false,"handId":790,"id":7903,"length":64.4267,"mcpPosition":[-8.61422,310.927,19.4479],"pipPosition":[-27.1088,279.276,-6.09268],"stabilizedTipPosition":[-44.5758,265.401,-10.4427],"timeVisible":3.90459,"tipPosition":[-42.0875,263.728,26.2574],"tipVelocity":[20.5608,-34.0007,398.221],"tool":false,"touchDistance":0.333333,"touchZone":"none","type":3,"width":18.0765},{"bases":[[[0.702625,-0.694648,0.154214],[0.661709,0.717562,0.21736],[-0.261647,-0.0506781,0.963832]],[[0.711682,-0.692344,0.119034],[0.492368,0.370728,-0.787486],[0.501082,0.619048,0.604729]],[[0.711682,-0.692344,0.119034],[-0.396303,-0.535583,-0.745718],[0.580046,0.48354,-0.655542]],[[0.711682,-0.692344,0.119034],[-0.675671,-0.720984,-0.153787],[0.192295,0.0290194,-0.980908]]],"btipPosition":[-24.9766,266.254,33.9158],"carpPosition":[-7.77131,295.162,81.4559],"dipPosition":[-21.6621,266.754,17.0086],"direction":[-0.580046,-0.48354,0.655542],"extended":false,"handId":790,"id":7904,"length":50.5093,"mcpPosition":[7.39991,298.1,25.5694],"pipPosition":[-10.3174,276.212,4.18732],"stabilizedTipPosition":[-27.2391,268.03,-5.50099],"timeVisible":3.90459,"tipPosition":[-24.2231,266.392,29.398],"tipVelocity":[23.0055,-42.5301,391.605],"tool":false,"touchDistance":0.333333,"touchZone":"none","type":4,"width":16.057}],"r":[[0.999885,0.0133999,0.00712322],[-0.0118921,0.983457,-0.180749],[-0.0094274,0.180644,0.983503]],"s":0.718445,"t":[5.37092,59.6193,-223.29],"timestamp":606714386644},false],[3,{"currentFrameRate":102.537,"devices":[],"gestures":[],"hands":[{"armBasis":[[0.76809,-0.0410725,-0.639023],[0.346029,0.86631,0.360237],[0.538796,-0.497815,0.679617]],"armWidth":63.7182,"confidence":0.739139,"direction":[0.060664,0.251107,-0.966057],"elbow":[122.263,162.086,276.726],"grabStrength":0,"id":790,"palmNormal":[-0.354803,-0.899207,-0.256011],"palmPosition":[-28.576,308.898,40.2269],"palmVelocity":[34.6148,-38.9135,371.889],"palmWidth":90.9874,"pinchStrength":1,"r":[[0.999911,0.0117619,0.00636292],[-0.0104436,0.984014,-0.177785],[-0.0083523,0.177703,0.984049]],"s":0.720048,"sphereCenter":[-77.62,304.344,12.1382],"sphereRadius":58.7664,"stabilizedPalmPosition":[-32.3852,310.103,1.76052],"t":[5.68439,59.2451,-219.85],"timeVisible":3.91392,"type":"right","wrist":[-23.2075,296.492,93.2351]}],"id":4399553,"interactionBox":{"center":[0,200,0],"size":[235.247,235.247,147.751]},"pointables":[{"bases":[[[0.704608,0.709099,0.0265734],[-0.615851,0.59249,0.51931],[0.352498,-0.382275,0.854173]],[[0.609837,0.775808,-0.161926],[-0.769221,0.628602,0.114712],[0.190782,0.0546011,0.980113]],[[0.609837,0.775808,-0.161926],[-0.79251,0.595618,-0.131026],[-0.00520489,0.208232,0.978066]],[[0.609837,0.775808,-0.161926],[-0.429757,0.152047,-0.890051],[-0.665889,0.612375,0.426133]]],"btipPosition":[-47.6052,271.979,2.51766],"carpPosition":[-53.8433,296.136,94.7607],"dipPosition":[-63.1889,286.311,12.4904],"direction":[0.00520489,-0.208232,-0.978065],"extended":false,"handId":790,"id":7900,"length":52.1149,"mcpPosition":[-53.8433,296.136,94.7607],"pipPosition":[-63.3664,293.41,45.8372],"stabilizedTipPosition":[-54.8141,274.468,-32.3827],"timeVisible":3.91392,"tipPosition":[-51.169,275.231,4.53912],"tipVelocity":[17.902,-18.005,364.877],"tool":false,"touchDistance":0.410176,"touchZone":"hovering","type":0,"width":20.2494},{"bases":[[[0.929912,-0.311043,-0.196256],[0.336512,0.934903,0.112768],[0.148405,-0.170907,0.974047]],[[0.918896,-0.299825,-0.256389],[0.36914,0.882736,0.29071],[0.139162,-0.361776,0.92182]],[[0.918896,-0.299825,-0.256389],[0.34806,0.922087,0.169143],[0.1857,-0.244664,0.951659]],[[0.918896,-0.299825,-0.256389],[0.32553,0.943399,0.0634727],[0.222847,-0.141787,0.964487]]],"btipPosition":[-63.9243,349.967,-61.5895],"carpPosition":[-38.7322,313.515,89.1509],"dipPosition":[-60.1169,347.544,-45.1112],"direction":[-0.1857,0.244664,-0.951659],"extended":true,"handId":790,"id":7901,"length":58.8059,"mcpPosition":[-49.65,326.088,17.4927],"pipPosition":[-55.6286,341.631,-22.1098],"stabilizedTipPosition":[-64.6964,344.264,-98.7932],"timeVisible":3.91392,"tipPosition":[-62.7615,349.254,-57.8594],"tipVelocity":[32.0426,-8.06452,385.173],"tool":false,"touchDistance":0.47819,"touchZone":"hovering","type":1,"width":19.3423},{"bases":[[[0.870329,-0.486064,-0.0791841],[0.492056,0.864879,0.0993224],[0.0202076,-0.125406,0.9919]],[[0.870489,-0.487307,-0.0691487],[0.238201,0.540049,-0.807222],[0.430709,0.686206,0.586184]],[[0.870489,-0.487307,-0.0691487],[-0.376971,-0.569773,-0.730241],[0.316452,0.661733,-0.679681]],[[0.870489,-0.487307,-0.0691487],[-0.491962,-0.865722,-0.092193],[-0.0149372,0.114272,-0.993337]]],"btipPosition":[-57.8074,266.129,26.9176],"carpPosition":[-26.9201,311.419,86.3786],"dipPosition":[-58.0881,268.276,8.2513],"direction":[-0.316452,-0.661733,0.679681],"extended":false,"handId":790,"id":7902,"length":67.0045,"mcpPosition":[-28.3299,320.168,17.1777],"pipPosition":[-49.0896,287.093,-11.0758],"stabilizedTipPosition":[-61.2164,268.106,-17.4389],"timeVisible":3.91392,"tipPosition":[-57.9154,266.654,21.801],"tipVelocity":[24.9975,-27.046,391.788],"tool":false,"touchDistance":0.333333,"touchZone":"none","type":2,"width":18.9967},{"bases":[[[0.82423,-0.563026,0.0603847],[0.553374,0.823503,0.12498],[-0.120094,-0.0695972,0.99032]],[[0.817822,-0.565635,0.105944],[0.391978,0.412744,-0.822189],[0.421331,0.713932,0.559268]],[[0.817822,-0.565635,0.105944],[-0.338118,-0.621269,-0.706895],[0.465664,0.542293,-0.699339]],[[0.817822,-0.565635,0.105944],[-0.559702,-0.824619,-0.0820852],[0.133793,0.00783413,-0.990978]]],"btipPosition":[-42.5554,263.652,35.5547],"carpPosition":[-15.8543,306.358,84.6863],"dipPosition":[-40.0557,263.798,17.0398],"direction":[-0.465664,-0.542293,0.699339],"extended":false,"handId":790,"id":7903,"length":64.4267,"mcpPosition":[-8.33185,310.718,22.6544],"pipPosition":[-27.1562,278.82,-2.33277],"stabilizedTipPosition":[-44.5757,265.401,-10.4412],"timeVisible":3.91392,"tipPosition":[-41.8777,263.617,30.1194],"tipVelocity":[20.4863,-27.5731,409.144],"tool":false,"touchDistance":0.333333,"touchZone":"none","type":3,"width":18.0765},{"bases":[[[0.701951,-0.695572,0.153112],[0.662036,0.716501,0.219849],[-0.262626,-0.0529579,0.963443]],[[0.711257,-0.693114,0.117075],[0.49139,0.371169,-0.787889],[0.502642,0.617921,0.604586]],[[0.711257,-0.693114,0.117075],[-0.39812,-0.534473,-0.745547],[0.579322,0.483665,-0.65609]],[[0.711257,-0.693114,0.117075],[-0.676424,-0.720182,-0.154233],[0.191217,0.0305069,-0.981074]]],"btipPosition":[-24.7323,266.029,37.1235],"carpPosition":[-7.56131,294.793,84.6224],"dipPosition":[-21.4364,266.555,20.2134],"direction":[-0.579322,-0.483665,0.65609],"extended":false,"handId":790,"id":7904,"length":50.5093,"mcpPosition":[7.66665,297.863,28.7585],"pipPosition":[-10.1059,276.015,7.38139],"stabilizedTipPosition":[-27.2386,268.029,-5.49454],"timeVisible":3.91392,"tipPosition":[-23.9813,266.171,32.5895],"tipVelocity":[23.7758,-37.1394,378.041],"tool":false,"touchDistance":0.333333,"touchZone":"none","type":4,"width":16.057}],"r":[[0.999911,0.0117619,0.00636292],[-0.0104436,0.984014,-0.177785],[-0.0083523,0.177703,0.984049]],"s":0.720048,"t":[5.68439,59.2451,-219.85],"timestamp":606714395975},false],[4,{"currentFrameRate":110.225,"devices":[],"gestures":[],"hands":[{"armBasis":[[0.646078,-0.309585,-0.697668],[0.549063,0.823445,0.143065],[0.5302,-0.475495,0.701992]],"armWidth":63.7182,"confidence":0.852185,"direction":[-0.0713381,0.249864,-0.965649],"elbow":[129.269,140.877,283.075],"grabStrength":0,"id":791,"palmNormal":[-0.551314,-0.816672,-0.170587],"palmPosition":[-26.4507,283.187,42.156],"palmVelocity":[10.7302,-11.086,-151.823],"palmWidth":90.9874,"pinchStrength":1,"r":[[0.992593,0.0461691,-0.112374],[-0.0594978,0.991193,-0.118307],[0.105922,0.124117,0.986598]],"s":0.897807,"sphereCenter":[-45.8966,248.6,14.1295],"sphereRadius":45.3923,"stabilizedPalmPosition":[-2.60643,248.743,207.9],"t":[-31.6622,52.6497,-197.672],"timeVisible":0.912844,"type":"right","wrist":[-13.8808,269.257,93.5424]}],"id":4399761,"interactionBox":{"center":[0,200,0],"size":[235.247,235.247,147.751]},"pointables":[{"bases":[[[0.81368,0.56988,-0.114727],[-0.394582,0.686373,0.610898],[0.426884,-0.451806,0.783353]],[[0.632279,0.685232,-0.361498],[-0.656964,0.721529,0.218619],[0.410637,0.099263,0.90638]],[[0.632279,0.685232,-0.361498],[-0.754276,0.650995,-0.0852857],[0.176893,0.326594,0.928464]],[[0.632279,0.685232,-0.361498],[-0.746954,0.415326,-0.519196],[-0.205629,0.598299,0.774438]]],"btipPosition":[-65.0033,244.32,5.56942],"carpPosition":[-43.2872,274.412,100.592],"dipPosition":[-69.8157,258.322,23.6936],"direction":[-0.176893,-0.326594,-0.928464],"extended":false,"handId":791,"id":7910,"length":52.1149,"mcpPosition":[-43.2872,274.412,100.592],"pipPosition":[-63.7846,269.457,55.3492],"stabilizedTipPosition":[-39.4056,216.872,177.109],"timeVisible":0.912844,"tipPosition":[-66.5064,246.99,9.89409],"tipVelocity":[-6.87779,27.1993,-142.211],"tool":false,"touchDistance":-0.480043,"touchZone":"hovering","type":0,"width":20.2494},{"bases":[[[0.807464,-0.470869,-0.355365],[0.514079,0.857132,0.0323702],[0.289353,-0.208824,0.934167]],[[0.850145,-0.504151,-0.151937],[0.506971,0.86167,-0.0224623],[0.142244,-0.0579317,0.988135]],[[0.850145,-0.504151,-0.151937],[0.49107,0.863265,-0.116722],[0.190008,0.0246185,0.981474]],[[0.850145,-0.504151,-0.151937],[0.475381,0.858965,-0.190244],[0.226421,0.0895071,0.969908]]],"btipPosition":[-62.4255,304.585,-59.4545],"carpPosition":[-26.5667,288.858,92.0142],"dipPosition":[-58.5571,306.115,-42.8835],"direction":[-0.190008,-0.0246185,-0.981474],"extended":true,"handId":791,"id":7911,"length":58.8059,"mcpPosition":[-47.8536,304.221,23.2899],"pipPosition":[-53.9646,306.71,-19.1616],"stabilizedTipPosition":[-34.4539,267.658,106.354],"timeVisible":0.912844,"tipPosition":[-62.0048,303.734,-55.4942],"tipVelocity":[0.704091,20.8629,-145.382],"tool":false,"touchDistance":-0.496424,"touchZone":"touching","type":1,"width":19.3423},{"bases":[[[0.739584,-0.633928,-0.226165],[0.649417,0.760393,-0.00767295],[0.176839,-0.141201,0.974059]],[[0.746946,-0.63976,-0.181047],[0.295698,0.563529,-0.771361],[0.595511,0.52263,0.610102]],[[0.746946,-0.63976,-0.181047],[-0.508489,-0.374222,-0.775498],[0.428381,0.671316,-0.604834]],[[0.746946,-0.63976,-0.181047],[-0.663842,-0.732834,-0.149226],[-0.0372085,0.231651,-0.972087]]],"btipPosition":[-68.5492,245.923,25.2937],"carpPosition":[-16.0267,284.705,87.1905],"dipPosition":[-69.2484,250.276,7.02678],"direction":[-0.428381,-0.671316,0.604834],"extended":false,"handId":791,"id":7912,"length":67.0045,"mcpPosition":[-28.3641,294.556,19.2343],"pipPosition":[-57.0671,269.366,-10.172],"stabilizedTipPosition":[-38.5728,200.41,219.401],"timeVisible":0.912844,"tipPosition":[-69.1973,246.268,21.3759],"tipVelocity":[0.527623,24.7495,-146.575],"tool":false,"touchDistance":0.333333,"touchZone":"none","type":2,"width":18.9967},{"bases":[[[0.706472,-0.703303,-0.079133],[0.705904,0.70827,0.00724295],[0.0509536,-0.0609773,0.996838]],[[0.703262,-0.699621,-0.126307],[0.396878,0.533753,-0.746723],[0.58984,0.475014,0.653032]],[[0.703262,-0.699621,-0.126307],[-0.471504,-0.32603,-0.819383],[0.532078,0.635795,-0.559158]],[[0.703262,-0.699621,-0.126307],[-0.70831,-0.674282,-0.208902],[0.0609858,0.236377,-0.969746]]],"btipPosition":[-51.9694,238.324,25.6108],"carpPosition":[-6.54612,277.756,83.6198],"dipPosition":[-50.83,242.74,7.49258],"direction":[-0.532078,-0.635795,0.559159],"extended":false,"handId":791,"id":7913,"length":64.4267,"mcpPosition":[-9.73776,281.575,21.1796],"pipPosition":[-36.0908,260.353,-7.99679],"stabilizedTipPosition":[-20.9727,192.753,227.727],"timeVisible":0.912844,"tipPosition":[-52.2144,238.747,21.9492],"tipVelocity":[-1.96917,13.7009,-146.263],"tool":false,"touchDistance":0.333333,"touchZone":"none","type":3,"width":18.0765},{"bases":[[[0.581209,-0.812928,0.0366703],[0.808903,0.58207,0.0828864],[-0.0887253,-0.0185116,0.995884]],[[0.587802,-0.803716,-0.0923559],[0.495989,0.448204,-0.743712],[0.639128,0.391348,0.662089]],[[0.587802,-0.803716,-0.0923559],[-0.48301,-0.257068,-0.837029],[0.648992,0.536616,-0.539307]],[[0.587802,-0.803716,-0.0923559],[-0.792224,-0.548715,-0.267009],[0.163922,0.230115,-0.959258]]],"btipPosition":[-33.5943,237.66,28.2014],"carpPosition":[-0.621888,264.886,82.2746],"dipPosition":[-30.7688,241.627,11.6673],"direction":[-0.648992,-0.536616,0.539307],"extended":false,"handId":791,"id":7914,"length":50.5093,"mcpPosition":[4.52272,265.959,24.5297],"pipPosition":[-18.0757,252.122,1.11937],"stabilizedTipPosition":[-3.7579,195.037,221.269],"timeVisible":0.912844,"tipPosition":[-33.4263,238.154,24.9119],"tipVelocity":[-1.80532,0.921021,-151.254],"tool":false,"touchDistance":0.333333,"touchZone":"none","type":4,"width":16.057}],"r":[[0.992593,0.0461691,-0.112374],[-0.0594978,0.991193,-0.118307],[0.105922,0.124117,0.986598]],"s":0.897807,"t":[-31.6622,52.6497,-197.672],"timestamp":606716302828},false],[5,{"currentFrameRate":110.2,"devices":[],"gestures":[],"hands":[{"armBasis":[[0.645029,-0.321265,-0.693345],[0.55184,0.823465,0.131828],[0.528593,-0.467648,0.708445]],"armWidth":63.7182,"confidence":0.847136,"direction":[-0.0712672,0.255305,-0.964231],"elbow":[128.878,142.762,283.208],"grabStrength":0,"id":791,"palmNormal":[-0.555494,-0.813064,-0.174222],"palmPosition":[-26.4015,283.285,40.6364],"palmVelocity":[9.25104,-5.00964,-155.938],"palmWidth":90.9874,"pinchStrength":1,"r":[[0.992545,0.0423861,-0.114269],[-0.0558938,0.991472,-0.117727],[0.108304,0.123236,0.98645]],"s":0.897999,"sphereCenter":[-46.1966,249.158,12.4536],"sphereRadius":45.3454,"stabilizedPalmPosition":[-2.60643,248.743,207.9],"t":[-31.5737,52.6004,-199.084],"timeVisible":0.921963,"type":"right","wrist":[-13.8385,269.023,91.9333]}],"id":4399762,"interactionBox":{"center":[0,200,0],"size":[235.247,235.247,147.751]},"pointables":[{"bases":[[[0.816313,0.566507,-0.112708],[-0.390503,0.685052,0.614989],[0.425607,-0.458011,0.780439]],[[0.636908,0.683391,-0.356825],[-0.651804,0.724506,0.224149],[0.411703,0.0898179,0.906881]],[[0.636908,0.683391,-0.356825],[-0.749788,0.656764,-0.0804869],[0.179346,0.318806,0.930697]],[[0.636908,0.683391,-0.356825],[-0.740466,0.413419,-0.529901],[-0.214611,0.601715,0.769338]]],"btipPosition":[-64.8538,244.849,4.04131],"carpPosition":[-43.211,274.284,99.0459],"dipPosition":[-69.8764,258.931,22.0461],"direction":[-0.179346,-0.318806,-0.930697],"extended":false,"handId":791,"id":7910,"length":52.1149,"mcpPosition":[-43.211,274.284,99.0459],"pipPosition":[-63.7616,269.801,53.7779],"stabilizedTipPosition":[-39.4057,216.872,177.109],"timeVisible":0.921963,"tipPosition":[-66.4774,247.556,8.29678],"tipVelocity":[-1.88795,36.3185,-150.089],"tool":false,"touchDistance":-0.483706,"touchZone":"hovering","type":0,"width":20.2494},{"bases":[[[0.804734,-0.472914,-0.358825],[0.518292,0.854434,0.0362665],[0.289442,-0.215161,0.9327]],[[0.847371,-0.507357,-0.156688],[0.511605,0.85909,-0.014974],[0.142206,-0.0674738,0.987535]],[[0.847371,-0.507357,-0.156688],[0.495582,0.861599,-0.109752],[0.190686,0.0153489,0.981531]],[[0.847371,-0.507357,-0.156688],[0.479708,0.857959,-0.183809],[0.227689,0.0805895,0.970393]]],"btipPosition":[-62.3322,305.674,-60.8208],"carpPosition":[-26.4304,288.694,90.5239],"dipPosition":[-58.4421,307.051,-44.2415],"direction":[-0.190686,-0.0153489,-0.981531],"extended":true,"handId":791,"id":7911,"length":58.8059,"mcpPosition":[-47.724,304.523,21.9075],"pipPosition":[-53.8333,307.421,-20.5182],"stabilizedTipPosition":[-34.4543,267.658,106.352],"timeVisible":0.921963,"tipPosition":[-61.898,304.782,-56.8717],"tipVelocity":[3.50048,47.1357,-146.558],"tool":false,"touchDistance":-0.49558,"touchZone":"touching","type":1,"width":19.3423},{"bases":[[[0.736214,-0.63632,-0.230405],[0.653109,0.757251,-0.00445086],[0.177306,-0.147203,0.973085]],[[0.74364,-0.642458,-0.185063],[0.299488,0.56757,-0.766923],[0.597752,0.51489,0.614476]],[[0.74364,-0.642458,-0.185063],[-0.511779,-0.368881,-0.775892],[0.430212,0.671696,-0.603111]],[[0.74364,-0.642458,-0.185063],[-0.667347,-0.730076,-0.147099],[-0.0406055,0.23289,-0.971655]]],"btipPosition":[-68.568,246.491,23.5688],"carpPosition":[-15.9166,284.515,85.6656],"dipPosition":[-69.331,250.867,5.30997],"direction":[-0.430212,-0.671696,0.603111],"extended":false,"handId":791,"id":7912,"length":67.0045,"mcpPosition":[-28.2866,294.784,17.7773],"pipPosition":[-57.0977,269.967,-11.8399],"stabilizedTipPosition":[-38.5729,200.41,219.401],"timeVisible":0.921963,"tipPosition":[-69.2438,246.829,19.6542],"tipVelocity":[-0.636571,35.3208,-158.341],"tool":false,"touchDistance":0.333333,"touchZone":"none","type":2,"width":18.9967},{"bases":[[[0.702939,-0.706308,-0.0837005],[0.709359,0.704775,0.0101212],[0.0518413,-0.0664883,0.99644]],[[0.699694,-0.702366,-0.130805],[0.400009,0.536829,-0.742838],[0.591964,0.467436,0.656569]],[[0.699694,-0.702366,-0.130805],[-0.474927,-0.320484,-0.819594],[0.533734,0.635588,-0.557814]],[[0.699694,-0.702366,-0.130805],[-0.712117,-0.670867,-0.206949],[0.0576013,0.237949,-0.969568]]],"btipPosition":[-52.0308,238.767,23.8641],"carpPosition":[-6.47427,277.539,82.0467],"dipPosition":[-50.9546,243.212,5.74919],"direction":[-0.533734,-0.635588,0.557814],"extended":false,"handId":791,"id":7913,"length":64.4267,"mcpPosition":[-9.72152,281.703,19.6315],"pipPosition":[-36.1695,260.819,-9.70293],"stabilizedTipPosition":[-20.9727,192.753,227.727],"timeVisible":0.921963,"tipPosition":[-52.304,239.188,20.1799],"tipVelocity":[-3.73177,23.5851,-158.813],"tool":false,"touchDistance":0.333333,"touchZone":"none","type":3,"width":18.0765},{"bases":[[[0.57728,-0.815932,0.031675],[0.81183,0.577677,0.0849726],[-0.0876298,-0.0233383,0.99588]],[[0.583754,-0.806178,-0.0964838],[0.498686,0.449777,-0.740954],[0.640737,0.38442,0.664588]],[[0.583754,-0.806178,-0.0964838],[-0.486744,-0.252363,-0.836297],[0.649855,0.535154,-0.53972]],[[0.583754,-0.806178,-0.0964838],[-0.796074,-0.544927,-0.263287],[0.15968,0.230503,-0.959881]]],"btipPosition":[-33.651,237.968,26.4839],"carpPosition":[-0.614487,264.647,80.6264],"dipPosition":[-30.8987,241.941,9.93911],"direction":[-0.649855,-0.535154,0.53972],"extended":false,"handId":791,"id":7914,"length":50.5093,"mcpPosition":[4.4666,266,22.8818],"pipPosition":[-18.1887,252.408,-0.616879],"stabilizedTipPosition":[-3.75791,195.037,221.269],"timeVisible":0.921963,"tipPosition":[-33.517,238.456,23.15],"tipVelocity":[-3.54466,10.0895,-161.625],"tool":false,"touchDistance":0.333333,"touchZone":"none","type":4,"width":16.057}],"r":[[0.992545,0.0423861,-0.114269],[-0.0558938,0.991472,-0.117727],[0.108304,0.123236,0.98645]],"s":0.897999,"t":[-31.5737,52.6004,-199.084],"timestamp":606716311947},false],[6,{"currentFrameRate":110.282,"devices":[],"gestures":[],"hands":[{"armBasis":[[0.644402,-0.326634,-0.691417],[0.552374,0.824095,0.125501],[0.5288,-0.462794,0.711472]],"armWidth":63.7182,"confidence":0.418102,"direction":[-0.0728352,0.263775,-0.96183],"elbow":[128.939,143.884,283.075],"grabStrength":0,"id":791,"palmNormal":[-0.557373,-0.810501,-0.180067],"palmPosition":[-26.4778,283.563,39.8381],"palmVelocity":[4.39687,4.84376,-137.822],"palmWidth":90.9874,"pinchStrength":1,"r":[[0.99246,0.0391929,-0.116136],[-0.0526899,0.991906,-0.115527],[0.110668,0.120776,0.986492]],"s":0.897999,"sphereCenter":[-46.5336,249.878,11.4201],"sphereRadius":45.2996,"stabilizedPalmPosition":[-2.60643,248.743,207.9],"t":[-31.5676,52.7147,-200.189],"timeVisible":0.930885,"type":"right","wrist":[-13.8328,268.834,90.9827]}],"id":4399763,"interactionBox":{"center":[0,200,0],"size":[235.247,235.247,147.751]},"pointables":[{"bases":[[[0.817124,0.565958,-0.109543],[-0.387924,0.680418,0.621728],[0.426407,-0.465534,0.775535]],[[0.639593,0.684429,-0.349968],[-0.648421,0.724878,0.232598],[0.412881,0.0781582,0.907425]],[[0.639593,0.684429,-0.349968],[-0.747012,0.660802,-0.0728963],[0.181367,0.308054,0.933921]],[[0.639593,0.684429,-0.349968],[-0.734285,0.40924,-0.541616],[-0.227477,0.60339,0.764313]]],"btipPosition":[-64.6497,245.562,3.1792],"carpPosition":[-43.1802,274.087,98.2033],"dipPosition":[-69.9733,259.683,21.0664],"direction":[-0.181367,-0.308054,-0.933921],"extended":false,"handId":791,"id":7910,"length":52.1149,"mcpPosition":[-43.1802,274.087,98.2033],"pipPosition":[-63.7897,270.186,52.9081],"stabilizedTipPosition":[-39.4059,216.872,177.107],"timeVisible":0.930885,"tipPosition":[-66.4319,248.299,7.36169],"tipVelocity":[2.74791,48.4698,-136.344],"tool":false,"touchDistance":-0.477006,"touchZone":"hovering","type":0,"width":20.2494},{"bases":[[[0.803091,-0.47127,-0.364622],[0.519956,0.853133,0.042554],[0.291017,-0.223762,0.930183]],[[0.845985,-0.50743,-0.16378],[0.513509,0.858063,-0.00601944],[0.143588,-0.0790104,0.986478]],[[0.845985,-0.50743,-0.16378],[0.497036,0.861678,-0.10231],[0.193041,0.00514824,0.981177]],[[0.845985,-0.50743,-0.16378],[0.480671,0.858715,-0.177661],[0.230791,0.0715739,0.970367]]],"btipPosition":[-62.578,307.048,-61.3346],"carpPosition":[-26.391,288.54,89.7705],"dipPosition":[-58.6349,308.271,-44.7558],"direction":[-0.193041,-0.00514824,-0.981177],"extended":true,"handId":791,"id":7911,"length":58.8059,"mcpPosition":[-47.8004,305.001,21.3393],"pipPosition":[-53.9691,308.396,-21.041],"stabilizedTipPosition":[-34.4557,267.66,106.343],"timeVisible":0.930885,"tipPosition":[-62.1095,306.135,-57.4047],"tipVelocity":[-4.58974,75.2008,-122.312],"tool":false,"touchDistance":-0.482064,"touchZone":"touching","type":1,"width":19.3423},{"bases":[[[0.734539,-0.635655,-0.237475],[0.654505,0.756057,0.000709277],[0.179094,-0.15595,0.971393]],[[0.742087,-0.642231,-0.191955],[0.299498,0.57388,-0.762209],[0.599674,0.508135,0.618216]],[[0.742087,-0.642231,-0.191955],[-0.516117,-0.364731,-0.774981],[0.427705,0.674174,-0.602128]],[[0.742087,-0.642231,-0.191955],[-0.668601,-0.729604,-0.143705],[-0.0477593,0.234983,-0.970825]]],"btipPosition":[-68.5583,247.185,22.6512],"carpPosition":[-15.8953,284.383,84.8538],"dipPosition":[-69.4557,251.601,4.40795],"direction":[-0.427705,-0.674174,0.602128],"extended":false,"handId":791,"id":7912,"length":67.0045,"mcpPosition":[-28.39,295.263,17.0835],"pipPosition":[-57.2937,270.772,-12.7139],"stabilizedTipPosition":[-38.5731,200.41,219.4],"timeVisible":0.930885,"tipPosition":[-69.2904,247.522,18.6737],"tipVelocity":[-1.11155,47.1897,-143.106],"tool":false,"touchDistance":0.333333,"touchZone":"none","type":2,"width":18.9967},{"bases":[[[0.701445,-0.70685,-0.0913112],[0.710688,0.703354,0.0147065],[0.0538288,-0.0752096,0.995714]],[[0.698104,-0.702489,-0.13842],[0.400997,0.543762,-0.737241],[0.593171,0.459164,0.661298]],[[0.698104,-0.702489,-0.13842],[-0.478679,-0.314142,-0.819867],[0.532464,0.638611,-0.55557]],[[0.698104,-0.702489,-0.13842],[-0.71416,-0.669339,-0.204842],[0.0512491,0.241855,-0.968958]]],"btipPosition":[-52.0547,239.409,22.7325],"carpPosition":[-6.47365,277.421,81.1545],"dipPosition":[-51.0972,243.927,4.62898],"direction":[-0.532464,-0.638611,0.55557],"extended":false,"handId":791,"id":7913,"length":64.4267,"mcpPosition":[-9.84539,282.132,18.7847],"pipPosition":[-36.3473,261.618,-10.761],"stabilizedTipPosition":[-20.9727,192.753,227.727],"timeVisible":0.930885,"tipPosition":[-52.3755,239.829,19.0169],"tipVelocity":[-4.28053,37.279,-150.016],"tool":false,"touchDistance":0.333333,"touchZone":"none","type":3,"width":18.0765},{"bases":[[[0.575828,-0.817237,0.0233792],[0.813081,0.575424,0.0882361],[-0.0855627,-0.0317996,0.995825]],[[0.582032,-0.806574,-0.103331],[0.499114,0.454669,-0.737673],[0.641969,0.377775,0.667204]],[[0.582032,-0.806574,-0.103331],[-0.490562,-0.246935,-0.835687],[0.648527,0.537086,-0.539399]],[[0.582032,-0.806574,-0.103331],[-0.79844,-0.542785,-0.260536],[0.154055,0.234143,-0.959919]]],"btipPosition":[-33.7179,238.478,25.3727],"carpPosition":[-0.640874,264.532,79.6102],"dipPosition":[-31.0626,242.514,8.82724],"direction":[-0.648527,-0.537086,0.539399],"extended":false,"handId":791,"id":7914,"length":50.5093,"mcpPosition":[4.32036,266.376,21.8687],"pipPosition":[-18.3785,253.018,-1.72245],"stabilizedTipPosition":[-3.75791,195.037,221.269],"timeVisible":0.930885,"tipPosition":[-33.6186,238.972,21.987],"tipVelocity":[-5.30266,23.3552,-151.524],"tool":false,"touchDistance":0.333333,"touchZone":"none","type":4,"