{"sensorType":"Leap","data":[[0,{"currentFrameRate":104.643,"devices":[],"gestures":[],"hands":[{"armBasis":[[0.948353,0.0488885,-0.313428],[0.119385,0.860403,0.495433],[0.293896,-0.507264,0.810129]],"armWidth":63.6845,"confidence":0.787754,"direction":[-0.0151212,-0.0546294,-0.998392],"elbow":[58.0735,171.497,321.349],"grabStrength":0,"id":788,"palmNormal":[-0.13243,-0.9896,0.056154],"palmPosition":[-30.1726,302.174,49.1539],"palmVelocity":[-20.5612,-9.65409,-118.197],"palmWidth":90.9393,"pinchStrength":0.937122,"r":[[0.996557,-0.00511202,-0.0827541],[-0.0286107,0.915587,-0.4011],[0.077819,0.402087,0.912289]],"s":0.86688,"sphereCenter":[-43.0615,265.82,29.132],"sphereRadius":44.5053,"stabilizedPalmPosition":[-24.6556,276.864,237.568],"t":[-18.1556,38.8296,-47.9172],"timeVisible":9.72548,"type":"right","wrist":[-21.2342,308.382,102.736]}],"id":4393111,"interactionBox":{"center":[0,200,0],"size":[235.247,235.247,147.751]},"pointables":[{"bases":[[[0.514305,0.82092,-0.248155],[-0.732487,0.570974,0.370745],[0.446042,-0.00890566,0.894968]],[[0.40588,0.803483,-0.435518],[-0.898769,0.437342,-0.030757],[0.165757,0.403914,0.899655]],[[0.40588,0.803483,-0.435518],[-0.904516,0.284947,-0.317265],[-0.130817,0.522704,0.842418]],[[0.40588,0.803483,-0.435518],[-0.841726,0.143001,-0.520624],[-0.356033,0.577897,0.734354]]],"btipPosition":[-46.3338,250.198,16.2094],"carpPosition":[-50.8498,301.678,106.977],"dipPosition":[-54.6616,263.715,33.3863],"direction":[0.130817,-0.522704,-0.842418],"extended":false,"handId":788,"id":7880,"length":52.0873,"mcpPosition":[-50.8498,301.678,106.977],"pipPosition":[-59.1194,281.527,62.0931],"stabilizedTipPosition":[-36.9799,224.465,218.666],"timeVisible":9.72548,"tipPosition":[-49.1566,253.603,20.0754],"tipVelocity":[-24.015,-10.2358,-115.965],"tool":false,"touchDistance":-0.444352,"touchZone":"touching","type":0,"width":20.2387},{"bases":[[[0.974469,-0.140349,-0.175252],[0.104069,0.973977,-0.20134],[0.198949,0.177961,0.963716]],[[0.994171,-0.107604,-0.00666579],[0.107091,0.992777,-0.0540837],[0.0124373,0.0530547,0.998514]],[[0.994171,-0.107604,-0.00666579],[0.105003,0.980444,-0.166442],[0.0244454,0.164772,0.986029]],[[0.994171,-0.107604,-0.00666579],[0.10221,0.96039,-0.259239],[0.034297,0.257047,0.96579]]],"btipPosition":[-56.7733,295.628,-58.9071],"carpPosition":[-40.4346,319.361,95.1396],"dipPosition":[-56.1876,300.017,-42.4152],"direction":[-0.0244454,-0.164772,-0.986029],"extended":true,"handId":788,"id":7881,"length":58.7747,"mcpPosition":[-55.0631,306.275,24.2789],"pipPosition":[-55.5971,303.997,-18.5958],"stabilizedTipPosition":[-47.8764,276.251,135.235],"timeVisible":9.72548,"tipPosition":[-56.1885,296.404,-55.0336],"tipVelocity":[-33.0525,-8.23401,-114.906],"tool":false,"touchDistance":-0.467213,"touchZone":"touching","type":1,"width":19.332},{"bases":[[[0.960273,-0.278985,-0.00653029],[0.271659,0.939899,-0.206862],[0.0638493,0.19687,0.978348]],[[0.961948,-0.271725,0.0286553],[0.117408,0.316371,-0.941342],[0.24672,0.908887,0.336235]],[[0.961948,-0.271725,0.0286553],[-0.22208,-0.838647,-0.497345],[0.159173,0.472056,-0.86708]],[[0.961948,-0.271725,0.0286553],[-0.271153,-0.936454,0.222554],[-0.033639,-0.221855,-0.974499]]],"btipPosition":[-48.741,252.443,50.6247],"carpPosition":[-28.5115,319.204,92.0962],"dipPosition":[-49.3728,248.276,32.3221],"direction":[-0.159173,-0.472056,0.86708],"extended":false,"handId":788,"id":7882,"length":66.9691,"mcpPosition":[-32.9636,305.477,23.8768],"pipPosition":[-44.849,261.692,7.67918],"stabilizedTipPosition":[-44.448,240.907,267.842],"timeVisible":9.72548,"tipPosition":[-48.81,251.703,46.6984],"tipVelocity":[-23.824,-8.6555,-113.596],"tool":false,"touchDistance":0.333333,"touchZone":"none","type":2,"width":18.9866},{"bases":[[[0.935973,-0.317027,0.153126],[0.341469,0.923361,-0.175507],[-0.0857498,0.216558,0.972497]],[[0.932422,-0.309298,0.186883],[0.28659,0.317892,-0.903776],[0.220127,0.896259,0.385051]],[[0.932422,-0.309298,0.186883],[-0.164077,-0.823117,-0.543652],[0.321976,0.476249,-0.818241]],[[0.932422,-0.309298,0.186883],[-0.339917,-0.926214,0.163047],[0.122663,-0.215553,-0.968757]]],"btipPosition":[-32.2531,253.74,53.6949],"carpPosition":[-16.5868,316.48,91.0281],"dipPosition":[-29.9625,249.714,35.6048],"direction":[-0.321976,-0.476249,0.818241],"extended":false,"handId":788,"id":7883,"length":64.3926,"mcpPosition":[-11.2184,302.922,30.1448],"pipPosition":[-21.0481,262.9,12.9505],"stabilizedTipPosition":[-28.3293,241.676,269.326],"timeVisible":9.72548,"tipPosition":[-31.689,253.244,50.4402],"tipVelocity":[-22.5883,-13.4115,-127.917],"tool":false,"touchDistance":0.333333,"touchZone":"none","type":3,"width":18.067},{"bases":[[[0.850385,-0.438011,0.291532],[0.473963,0.878292,-0.0629422],[-0.228481,0.191701,0.954488]],[[0.767764,-0.3772,0.517937],[0.616237,0.213329,-0.758118],[0.175471,0.901227,0.396231]],[[0.767764,-0.3772,0.517937],[-0.058461,-0.846218,-0.52962],[0.63806,0.376344,-0.671747]],[[0.767764,-0.3772,0.517937],[-0.474324,-0.878046,0.0636553],[0.430761,-0.294542,-0.853047]]],"btipPosition":[-18.6231,262.394,52.1991],"carpPosition":[-5.76966,307.635,93.6902],"dipPosition":[-11.2023,257.32,37.5035],"direction":[-0.63806,-0.376344,0.671747],"extended":false,"handId":788,"id":7884,"length":50.4826,"mcpPosition":[7.47148,296.525,38.3748],"pipPosition":[1.27042,264.676,24.3722],"stabilizedTipPosition":[-11.5996,245.471,256.254],"timeVisible":9.72548,"tipPosition":[-16.8932,261.592,49.7551],"tipVelocity":[-20.9992,-14.7007,-130.96],"tool":false,"touchDistance":0.333333,"touchZone":"none","type":4,"width":16.0485}],"r":[[0.996557,-0.00511202,-0.0827541],[-0.0286107,0.915587,-0.4011],[0.077819,0.402087,0.912289]],"s":0.86688,"t":[-18.1556,38.8296,-47.9172],"timestamp":606654524918},false],[1,{"currentFrameRate":104.937,"devices":[],"gestures":[],"hands":[{"armBasis":[[0.948502,0.047104,-0.313251],[0.121335,0.85944,0.49663],[0.292613,-0.509062,0.809465]],"armWidth":63.6845,"confidence":0.792064,"direction":[-0.0162145,-0.0517738,-0.998527],"elbow":[57.5765,170.85,320.149],"grabStrength":0,"id":788,"palmNormal":[-0.133954,-0.989543,0.0534832],"palmPosition":[-30.3874,302.179,48.1255],"palmVelocity":[-21.4831,-6.87581,-117.191],"palmWidth":90.9393,"pinchStrength":0.93675,"r":[[0.996465,-0.00646768,-0.0837603],[-0.0277299,0.915829,-0.400609],[0.0793012,0.401515,0.912413]],"s":0.866482,"sphereCenter":[-43.3047,265.876,28.0142],"sphereRadius":44.507,"stabilizedPalmPosition":[-24.6556,276.864,237.567],"t":[-18.3539,38.734,-48.9865],"timeVisible":9.73446,"type":"right","wrist":[-21.3851,308.22,101.716]}],"id":4393112,"interactionBox":{"center":[0,200,0],"size":[235.247,235.247,147.751]},"pointables":[{"bases":[[[0.515366,0.820799,-0.246348],[-0.7312,0.571088,0.373103],[0.446928,-0.012155,0.894487]],[[0.406725,0.804067,-0.433648],[-0.89809,0.438885,-0.0285558],[0.167361,0.401069,0.90063]],[[0.406725,0.804067,-0.433648],[-0.904316,0.28704,-0.315945],[-0.129567,0.520658,0.843877]],[[0.406725,0.804067,-0.433648],[-0.842245,0.146187,-0.518896],[-0.353834,0.576286,0.736679]]],"btipPosition":[-46.6652,250.32,15.0474],"carpPosition":[-51.0072,301.552,105.967],"dipPosition":[-54.9416,263.8,32.2788],"direction":[0.129567,-0.520658,-0.843877],"extended":false,"handId":788,"id":7880,"length":52.0873,"mcpPosition":[-51.0072,301.552,105.967],"pipPosition":[-59.3568,281.542,61.0352],"stabilizedTipPosition":[-36.98,224.465,218.665],"timeVisible":9.73446,"tipPosition":[-49.4701,253.717,18.929],"tipVelocity":[-27.1854,-3.95059,-119.264],"tool":false,"touchDistance":-0.445492,"touchZone":"touching","type":0,"width":20.2387},{"bases":[[[0.974066,-0.141406,-0.176635],[0.105422,0.974377,-0.198684],[0.200204,0.17491,0.964015]],[[0.993993,-0.10916,-0.00792134],[0.108617,0.992764,-0.0512087],[0.0134539,0.0500407,0.998657]],[[0.993993,-0.10916,-0.00792134],[0.106403,0.980764,-0.16365],[0.0256329,0.161824,0.986487]],[[0.993993,-0.10916,-0.00792134],[0.103489,0.960975,-0.256547],[0.0356168,0.254186,0.966499]]],"btipPosition":[-57.1015,295.992,-59.9279],"carpPosition":[-40.5757,319.251,94.1701],"dipPosition":[-56.4933,300.332,-43.4239],"direction":[-0.0256329,-0.161824,-0.986487],"extended":true,"handId":788,"id":7881,"length":58.7747,"mcpPosition":[-55.2964,306.39,23.2874],"pipPosition":[-55.8741,304.241,-19.5934],"stabilizedTipPosition":[-47.8768,276.252,135.229],"timeVisible":9.73446,"tipPosition":[-56.521,296.755,-56.0535],"tipVelocity":[-33.852,4.79052,-114.484],"tool":false,"touchDistance":-0.464095,"touchZone":"touching","type":1,"width":19.332},{"bases":[[[0.959819,-0.280497,-0.00829287],[0.272952,0.940047,-0.204473],[0.0651496,0.193993,0.978837]],[[0.961538,-0.273357,0.0268245],[0.116824,0.318625,-0.940654],[0.248588,0.907609,0.338304]],[[0.961538,-0.273357,0.0268245],[-0.223997,-0.836917,-0.499395],[0.158963,0.474178,-0.865959]],[[0.961538,-0.273357,0.0268245],[-0.272426,-0.936662,0.22011],[-0.0350433,-0.218952,-0.975106]]],"btipPosition":[-49.0337,252.47,49.4884],"carpPosition":[-28.6558,319.084,91.1141],"dipPosition":[-49.6918,248.358,31.1744],"direction":[-0.158963,-0.474178,0.865959],"extended":false,"handId":788,"id":7882,"length":66.9691,"mcpPosition":[-33.1987,305.557,22.8606],"pipPosition":[-45.174,261.834,6.56332],"stabilizedTipPosition":[-44.4483,240.907,267.827],"timeVisible":9.73446,"tipPosition":[-49.1094,251.739,45.5496],"tipVelocity":[-26.4119,-5.07176,-117.223],"tool":false,"touchDistance":0.333333,"touchZone":"none","type":2,"width":18.9866},{"bases":[[[0.935619,-0.318953,0.151279],[0.342767,0.92331,-0.173235],[-0.0844237,0.213936,0.973193]],[[0.932127,-0.311339,0.184949],[0.286338,0.320997,-0.902758],[0.221696,0.894443,0.388358]],[[0.932127,-0.311339,0.184949],[-0.165542,-0.820581,-0.547031],[0.322078,0.479286,-0.816425]],[[0.932127,-0.311339,0.184949],[-0.341078,-0.926402,0.159516],[0.121674,-0.211772,-0.969716]]],"btipPosition":[-32.5403,253.694,52.4694],"carpPosition":[-16.7366,316.344,90.0262],"dipPosition":[-30.2682,249.739,34.3614],"direction":[-0.322078,-0.479286,0.816425],"extended":false,"handId":788,"id":7883,"length":64.3926,"mcpPosition":[-11.4512,302.95,29.0994],"pipPosition":[-21.351,263.009,11.7573],"stabilizedTipPosition":[-28.3294,241.677,269.321],"timeVisible":9.73446,"tipPosition":[-31.9809,253.21,49.201],"tipVelocity":[-25.2932,-10.6321,-130.386],"tool":false,"touchDistance":0.333333,"touchZone":"none","type":3,"width":18.067},{"bases":[[[0.849977,-0.440192,0.289429],[0.475303,0.87771,-0.0609325],[-0.227213,0.189358,0.955258]],[[0.766923,-0.379376,0.517593],[0.617263,0.215464,-0.756678],[0.175543,0.899805,0.39942]],[[0.766923,-0.379376,0.517593],[-0.0582702,-0.844383,-0.532562],[0.639088,0.378274,-0.669683]],[[0.766923,-0.379376,0.517593],[-0.475118,-0.877835,0.0605677],[0.431383,-0.292369,-0.853481]]],"btipPosition":[-18.8913,262.344,50.971],"carpPosition":[-5.93095,307.474,92.6523],"dipPosition":[-11.4598,257.307,36.2679],"direction":[-0.639088,-0.378274,0.669683],"extended":false,"handId":788,"id":7884,"length":50.4826,"mcpPosition":[7.23668,296.5,37.2923],"pipPosition":[1.03308,264.702,23.177],"stabilizedTipPosition":[-11.5997,245.471,256.25],"timeVisible":9.73446,"tipPosition":[-17.1629,261.543,48.5164],"tipVelocity":[-23.3526,-11.9351,-132.601],"tool":false,"touchDistance":0.333333,"touchZone":"none","type":4,"width":16.0485}],"r":[[0.996465,-0.00646768,-0.0837603],[-0.0277299,0.915829,-0.400609],[0.0793012,0.401515,0.912413]],"s":0.866482,"t":[-18.3539,38.734,-48.9865],"timestamp":606654533898},false],[2,{"currentFrameRate":105.197,"devices":[],"gestures":[],"hands":[{"armBasis":[[0.948855,0.0454372,-0.312427],[0.123056,0.858098,0.498522],[0.290744,-0.511471,0.808619]],"armWidth":63.6845,"confidence":0.79559,"direction":[-0.0169588,-0.0522895,-0.998488],"elbow":[56.9567,170.316,318.865],"grabStrength":0,"id":788,"palmNormal":[-0.135721,-0.989268,0.0541118],"palmPosition":[-30.5486,302.282,47.0787],"palmVelocity":[-20.4885,-1.83697,-116.865],"palmWidth":90.9393,"pinchStrength":0.936373,"r":[[0.996375,-0.00792384,-0.0846946],[-0.0267432,0.915988,-0.400314],[0.0807512,0.401128,0.912456]],"s":0.866145,"sphereCenter":[-43.5135,265.969,27.0002],"sphereRadius":44.5067,"stabilizedPalmPosition":[-24.6556,276.864,237.567],"t":[-18.5337,38.7379,-50.0446],"timeVisible":9.74349,"type":"right","wrist":[-21.5005,308.336,100.66]}],"id":4393113,"interactionBox":{"center":[0,200,0],"size":[235.247,235.247,147.751]},"pointables":[{"bases":[[[0.516699,0.819724,-0.247132],[-0.729916,0.572622,0.373265],[0.447488,-0.0124806,0.894203]],[[0.407915,0.80309,-0.43434],[-0.897301,0.440518,-0.0281957],[0.168691,0.401236,0.900307]],[[0.407915,0.80309,-0.43434],[-0.903937,0.288294,-0.315888],[-0.128469,0.521471,0.843542]],[[0.407915,0.80309,-0.43434],[-0.842543,0.14783,-0.517945],[-0.351748,0.577228,0.736941]]],"btipPosition":[-46.9425,250.435,14.0358],"carpPosition":[-51.1319,301.724,104.934],"dipPosition":[-55.17,263.936,31.2732],"direction":[0.128469,-0.521472,-0.843542],"extended":false,"handId":788,"id":7880,"length":52.0873,"mcpPosition":[-51.1319,301.724,104.934],"pipPosition":[-59.5478,281.706,60.0183],"stabilizedTipPosition":[-36.9801,224.465,218.663],"timeVisible":9.74349,"tipPosition":[-49.7295,253.836,17.9209],"tipVelocity":[-27.8183,0.775459,-117.254],"tool":false,"touchDistance":-0.444429,"touchZone":"touching","type":0,"width":20.2387},{"bases":[[[0.973692,-0.143276,-0.177191],[0.107067,0.974075,-0.199286],[0.20115,0.175071,0.963789]],[[0.993788,-0.110967,-0.0084688],[0.110384,0.992532,-0.0519239],[0.0141674,0.0506665,0.998615]],[[0.993788,-0.110967,-0.0084688],[0.108072,0.980427,-0.164569],[0.0265647,0.162631,0.986329]],[[0.993788,-0.110967,-0.0084688],[0.105056,0.960519,-0.257619],[0.0367215,0.255129,0.96621]]],"btipPosition":[-57.3432,296.064,-60.9502],"carpPosition":[-40.6758,319.398,93.1206],"dipPosition":[-56.7161,300.421,-44.4512],"direction":[-0.0265647,-0.162631,-0.986329],"extended":true,"handId":788,"id":7881,"length":58.7747,"mcpPosition":[-55.4661,306.525,22.2545],"pipPosition":[-56.0744,304.349,-20.6245],"stabilizedTipPosition":[-47.8771,276.253,135.222],"timeVisible":9.74349,"tipPosition":[-56.7676,296.843,-57.0798],"tipVelocity":[-31.7752,5.79655,-114.193],"tool":false,"touchDistance":-0.461371,"touchZone":"touching","type":1,"width":19.332},{"bases":[[[0.959301,-0.282249,-0.00876322],[0.27453,0.939436,-0.205165],[0.06614,0.194409,0.978688]],[[0.961054,-0.275111,0.0262674],[0.116659,0.317685,-0.940992],[0.250532,0.907409,0.337407]],[[0.961054,-0.275111,0.0262674],[-0.225916,-0.836817,-0.498697],[0.159178,0.47334,-0.866378]],[[0.961054,-0.275111,0.0262674],[-0.273989,-0.936058,0.220741],[-0.0361403,-0.219341,-0.974979]]],"btipPosition":[-49.2844,252.605,48.4944],"carpPosition":[-28.7583,319.208,90.057],"dipPosition":[-49.9631,248.486,30.1828],"direction":[-0.159178,-0.47334,0.866378],"extended":false,"handId":788,"id":7882,"length":66.9691,"mcpPosition":[-33.3702,305.652,21.8139],"pipPosition":[-45.4392,261.939,5.55982],"stabilizedTipPosition":[-44.4486,240.908,267.816],"timeVisible":9.74349,"tipPosition":[-49.3654,251.87,44.5462],"tipVelocity":[-26.9339,0.398076,-115.263],"tool":false,"touchDistance":0.333333,"touchZone":"none","type":2,"width":18.9866},{"bases":[[[0.935135,-0.320574,0.150846],[0.344335,0.922589,-0.173963],[-0.0834004,0.214621,0.97313]],[[0.931687,-0.31295,0.184451],[0.286412,0.32051,-0.902907],[0.223447,0.894055,0.388248]],[[0.931687,-0.31295,0.184451],[-0.16716,-0.820155,-0.547178],[0.322518,0.478965,-0.81644]],[[0.931687,-0.31295,0.184451],[-0.342565,-0.92586,0.159473],[0.120868,-0.211766,-0.969818]]],"btipPosition":[-32.7879,253.778,51.4172],"carpPosition":[-16.8448,316.445,88.9628],"dipPosition":[-30.5308,249.824,33.3072],"direction":[-0.322518,-0.478965,0.81644],"extended":false,"handId":788,"id":7883,"length":64.3926,"mcpPosition":[-11.6235,303.009,28.0399],"pipPosition":[-21.6014,263.085,10.7028],"stabilizedTipPosition":[-28.3295,241.677,269.316],"timeVisible":9.74349,"tipPosition":[-32.2317,253.291,48.1347],"tipVelocity":[-25.9884,-5.13197,-126.61],"tool":false,"touchDistance":0.333333,"touchZone":"none","type":3,"width":18.067},{"bases":[[[0.849363,-0.441582,0.289117],[0.476861,0.876809,-0.0617218],[-0.226246,0.190293,0.955302]],[[0.766172,-0.38022,0.518086],[0.617876,0.214225,-0.75653],[0.176661,0.899745,0.399062]],[[0.766172,-0.38022,0.518086],[-0.0592122,-0.844528,-0.532228],[0.639901,0.377101,-0.669568]],[[0.766172,-0.38022,0.518086],[-0.47645,-0.877089,0.0609093],[0.431248,-0.293509,-0.853157]]],"btipPosition":[-19.1231,262.417,49.9077],"carpPosition":[-6.0536,307.557,91.5867],"dipPosition":[-11.6939,257.361,35.2102],"direction":[-0.639901,-0.377101,0.669568],"extended":false,"handId":788,"id":7884,"length":50.4826,"mcpPosition":[7.05799,296.529,36.2242],"pipPosition":[0.814876,264.732,22.1216],"stabilizedTipPosition":[-11.5998,245.472,256.247],"timeVisible":9.74349,"tipPosition":[-17.3957,261.607,47.4415],"tipVelocity":[-24.0113,-6.54923,-128.5],"tool":false,"touchDistance":0.333333,"touchZone":"none","type":4,"width":16.0485}],"r":[[0.996375,-0.00792384,-0.0846946],[-0.0267432,0.915988,-0.400314],[0.0807512,0.401128,0.912456]],"s":0.866145,"t":[-18.5337,38.7379,-50.0446],"timestamp":606654542921},false],[3,{"currentFrameRate":105.404,"devices":[],"gestures":[],"hands":[{"armBasis":[[0.948732,0.0443731,-0.31295],[0.123548,0.859269,0.496379],[0.290934,-0.509595,0.809734]],"armWidth":63.6845,"confidence":0.798046,"direction":[-0.0166441,-0.0505923,-0.998581],"elbow":[56.8244,170.751,318.353],"grabStrength":0,"id":788,"palmNormal":[-0.136212,-0.989293,0.0523921],"palmPosition":[-30.717,302.306,46.2527],"palmVelocity":[-19.9352,-0.601209,-109.623],"palmWidth":90.9393,"pinchStrength":0.935978,"r":[[0.996307,-0.00915515,-0.0853773],[-0.0258383,0.916251,-0.39977],[0.081887,0.400499,0.912631]],"s":0.86586,"sphereCenter":[-43.666,266.013,26.1119],"sphereRadius":44.5071,"stabilizedPalmPosition":[-24.6556,276.864,237.566],"t":[-18.7078,38.7517,-50.9866],"timeVisible":9.75259,"type":"right","wrist":[-21.6841,308.265,99.8469]}],"id":4393114,"interactionBox":{"center":[0,200,0],"size":[235.247,235.247,147.751]},"pointables":[{"bases":[[[0.517175,0.819894,-0.245569],[-0.729769,0.572339,0.373986],[0.447178,-0.0142072,0.894332]],[[0.408451,0.80363,-0.432835],[-0.897081,0.440992,-0.0277692],[0.168561,0.39963,0.901046]],[[0.408451,0.80363,-0.432835],[-0.903646,0.289093,-0.31599],[-0.12881,0.520196,0.844277]],[[0.408451,0.80363,-0.432835],[-0.842547,0.149533,-0.517449],[-0.351115,0.576037,0.738174]]],"btipPosition":[-47.1274,250.522,13.111],"carpPosition":[-51.3201,301.66,104.1],"dipPosition":[-55.3402,263.996,30.3773],"direction":[0.12881,-0.520196,-0.844277],"extended":false,"handId":788,"id":7880,"length":52.0873,"mcpPosition":[-51.3201,301.66,104.1],"pipPosition":[-59.7296,281.722,59.1474],"stabilizedTipPosition":[-36.9802,224.465,218.662],"timeVisible":9.75259,"tipPosition":[-49.9039,253.916,17.0052],"tipVelocity":[-25.635,3.02303,-112.709],"tool":false,"touchDistance":-0.442091,"touchZone":"touching","type":0,"width":20.2387},{"bases":[[[0.973683,-0.143442,-0.177102],[0.1076,0.974359,-0.197601],[0.200906,0.173345,0.964152]],[[0.993739,-0.111419,-0.00827714],[0.110868,0.992561,-0.0503093],[0.013821,0.0490767,0.998699]],[[0.993739,-0.111419,-0.00827714],[0.10859,0.980622,-0.163063],[0.026285,0.161143,0.986581]],[[0.993739,-0.111419,-0.00827714],[0.105596,0.960835,-0.256213],[0.0365,0.253734,0.966585]]],"btipPosition":[-57.4756,296.27,-61.7936],"carpPosition":[-40.8516,319.348,92.32],"dipPosition":[-56.8524,300.603,-45.2881],"direction":[-0.026285,-0.161143,-0.986581],"extended":true,"handId":788,"id":7881,"length":58.7747,"mcpPosition":[-55.6239,306.603,21.4273],"pipPosition":[-56.2174,304.495,-21.4553],"stabilizedTipPosition":[-47.8774,276.254,135.215],"timeVisible":9.75259,"tipPosition":[-56.9089,297.051,-57.9238],"tipVelocity":[-27.0263,10.2901,-108.175],"tool":false,"touchDistance":-0.456196,"touchZone":"touching","type":1,"width":19.332},{"bases":[[[0.959169,-0.282693,-0.00891518],[0.275049,0.939651,-0.203482],[0.0659,0.192721,0.979038]],[[0.960911,-0.275631,0.0260507],[0.117006,0.319019,-0.940498],[0.250919,0.906782,0.3388]],[[0.960911,-0.275631,0.0260507],[-0.226214,-0.835899,-0.5001],[0.159619,0.474658,-0.865576]],[[0.960911,-0.275631,0.0260507],[-0.274512,-0.936311,0.219008],[-0.0359736,-0.217598,-0.975375]]],"btipPosition":[-49.4768,252.633,47.5907],"carpPosition":[-28.9332,319.158,89.2601],"dipPosition":[-50.1524,248.547,29.2716],"direction":[-0.159619,-0.474658,0.865576],"extended":false,"handId":788,"id":7882,"length":66.9691,"mcpPosition":[-33.5283,305.72,20.9927],"pipPosition":[-45.616,262.037,4.67149],"stabilizedTipPosition":[-44.4488,240.908,267.806],"timeVisible":9.75259,"tipPosition":[-49.5583,251.902,43.6319],"tipVelocity":[-25.3055,1.3671,-110.882],"tool":false,"touchDistance":0.333333,"touchZone":"none","type":2,"width":18.9866},{"bases":[[[0.934931,-0.321276,0.15062],[0.344835,0.922717,-0.172285],[-0.0836288,0.213014,0.973464]],[[0.931478,-0.313715,0.184204],[0.286971,0.322411,-0.902053],[0.223598,0.893104,0.390345]],[[0.931478,-0.313715,0.184204],[-0.167054,-0.818645,-0.549467],[0.323174,0.481044,-0.814957]],[[0.931478,-0.313715,0.184204],[-0.34293,-0.926193,0.156736],[0.121438,-0.209165,-0.970311]]],"btipPosition":[-32.985,253.762,50.4734],"carpPosition":[-17.0206,316.391,88.1654],"dipPosition":[-30.7173,249.856,32.3542],"direction":[-0.323174,-0.481044,0.814957],"extended":false,"handId":788,"id":7883,"length":64.3926,"mcpPosition":[-11.785,303.056,27.2216],"pipPosition":[-21.7697,263.174,9.79082],"stabilizedTipPosition":[-28.3295,241.677,269.312],"timeVisible":9.75259,"tipPosition":[-32.4265,253.283,47.1756],"tipVelocity":[-24.7118,-3.87507,-120.319],"tool":false,"touchDistance":0.333333,"touchZone":"none","type":3,"width":18.067},{"bases":[[[0.849053,-0.442476,0.288658],[0.477301,0.876684,-0.0600766],[-0.226479,0.188785,0.955546]],[[0.765471,-0.381229,0.518382],[0.618873,0.215559,-0.755335],[0.176214,0.898999,0.400936]],[[0.765471,-0.381229,0.518382],[-0.0585201,-0.843508,-0.533919],[0.640804,0.378364,-0.66799]],[[0.765471,-0.381229,0.518382],[-0.476632,-0.877137,0.0587567],[0.432292,-0.292054,-0.853128]]],"btipPosition":[-19.3103,262.418,48.9872],"carpPosition":[-6.23456,307.494,90.7779],"dipPosition":[-11.8631,257.387,34.2902],"direction":[-0.640804,-0.378364,0.66799],"extended":false,"handId":788,"id":7884,"length":50.4826,"mcpPosition":[6.89058,296.553,35.4013],"pipPosition":[0.663278,264.783,21.2324],"stabilizedTipPosition":[-11.5999,245.472,256.245],"timeVisible":9.75259,"tipPosition":[-17.5809,261.607,46.5096],"tipVelocity":[-22.9306,-4.53235,-120.906],"tool":false,"touchDistance":0.333333,"touchZone":"none","type":4,"width":16.0485}],"r":[[0.996307,-0.00915515,-0.0853773],[-0.0258383,0.916251,-0.39977],[0.081887,0.400499,0.912631]],"s":0.86586,"t":[-18.7078,38.7517,-50.9866],"timestamp":606654552024},false],[4,{"currentFrameRate":105.674,"devices":[],"gestures":[],"hands":[{"armBasis":[[0.947496,0.024831,-0.318802],[0.141551,0.861407,0.487792],[0.28673,-0.507308,0.812665]],"armWidth":63.6845,"confidence":0.777152,"direction":[-0.0187709,-0.0509487,-0.998525],"elbow":[55.9084,170.435,318.159],"grabStrength":0,"id":788,"palmNormal":[-0.155529,-0.986395,0.0532535],"palmPosition":[-30.6746,301.514,45.2821],"palmVelocity":[-13.1865,-24.6109,-109.251],"palmWidth":90.9393,"pinchStrength":0.936018,"r":[[0.996183,-0.01406,-0.086147],[-0.0216089,0.916496,-0.39946],[0.0845698,0.399797,0.912694]],"s":0.865348,"sphereCenter":[-44.5646,265.521,25.1709],"sphereRadius":44.5314,"stabilizedPalmPosition":[-24.6557,276.864,237.566],"t":[-18.7737,38.3627,-51.9429],"timeVisible":9.76155,"type":"right","wrist":[-21.4656,307.332,98.8618]}],"id":4393115,"interactionBox":{"center":[0,200,0],"size":[235.247,235.247,147.751]},"pointables":[{"bases":[[[0.532876,0.809422,-0.246738],[-0.717977,0.586802,0.374397],[0.447832,-0.0223549,0.893838]],[[0.42404,0.795274,-0.433277],[-0.888564,0.457815,-0.0293075],[0.175053,0.397422,0.900784]],[[0.42404,0.795274,-0.433277],[-0.897349,0.304353,-0.319584],[-0.122288,0.524317,0.842697]],[[0.42404,0.795274,-0.433277],[-0.840342,0.16714,-0.515644],[-0.337661,0.582755,0.739177]]],"btipPosition":[-47.8887,249.987,12.2075],"carpPosition":[-51.2206,301.312,103.153],"dipPosition":[-55.7868,263.618,29.4972],"direction":[0.122288,-0.524317,-0.842697],"extended":false,"handId":788,"id":7880,"length":52.0873,"mcpPosition":[-51.2206,301.312,103.153],"pipPosition":[-59.9539,281.485,58.2135],"stabilizedTipPosition":[-36.9803,224.466,218.66],"timeVisible":9.76155,"tipPosition":[-50.6175,253.436,16.1086],"tipVelocity":[-39.65,-13.0311,-109.281],"tool":false,"touchDistance":-0.439688,"touchZone":"touching","type":0,"width":20.2387},{"bases":[[[0.97048,-0.162635,-0.178095],[0.126464,0.971924,-0.198419],[0.205365,0.170039,0.963801]],[[0.991352,-0.130899,-0.00934171],[0.130262,0.990166,-0.0510144],[0.0159276,0.0493563,0.998654]],[[0.991352,-0.130899,-0.00934171],[0.127621,0.978209,-0.163769],[0.0305753,0.16116,0.986455]],[[0.991352,-0.130899,-0.00934171],[0.124131,0.958429,-0.256916],[0.0425834,0.253534,0.966389]]],"btipPosition":[-57.6705,295.939,-62.7309],"carpPosition":[-40.4206,318.784,91.3486],"dipPosition":[-56.9433,300.269,-46.2287],"direction":[-0.0305753,-0.16116,-0.986455],"extended":true,"handId":788,"id":7881,"length":58.7747,"mcpPosition":[-55.5208,306.281,20.4817],"pipPosition":[-56.2047,304.162,-22.399],"stabilizedTipPosition":[-47.8777,276.254,135.21],"timeVisible":9.76155,"tipPosition":[-57.0896,296.711,-58.8627],"tipVelocity":[-24.8481,-2.63717,-107.205],"tool":false,"touchDistance":-0.45298,"touchZone":"touching","type":1,"width":19.332},{"bases":[[[0.953429,-0.301457,-0.00979233],[0.293193,0.933934,-0.204464],[0.0707825,0.192071,0.978825]],[[0.955346,-0.294421,0.0250941],[0.122047,0.315825,-0.940935],[0.269106,0.901982,0.337655]],[[0.955346,-0.294421,0.0250941],[-0.243198,-0.831679,-0.499164],[0.167835,0.470771,-0.866144]],[[0.955346,-0.294421,0.0250941],[-0.292574,-0.930607,0.219934],[-0.0414005,-0.217455,-0.975192]]],"btipPosition":[-50.4034,252.217,46.6887],"carpPosition":[-28.5117,318.358,88.2754],"dipPosition":[-51.181,248.133,28.3731],"direction":[-0.167835,-0.470771,0.866144],"extended":false,"handId":788,"id":7882,"length":66.9691,"mcpPosition":[-33.4473,304.965,20.0228],"pipPosition":[-46.411,261.513,3.75675],"stabilizedTipPosition":[-44.4491,240.909,267.795],"timeVisible":9.76155,"tipPosition":[-50.5051,251.483,42.7218],"tipVelocity":[-47.3829,-11.6833,-108.048],"tool":false,"touchDistance":0.333333,"touchZone":"none","type":2,"width":18.9866},{"bases":[[[0.928621,-0.339447,0.149798],[0.362669,0.915656,-0.173334],[-0.0783258,0.215289,0.973404]],[[0.92535,-0.331786,0.183427],[0.292426,0.316736,-0.902311],[0.241276,0.888593,0.390114]],[[0.92535,-0.331786,0.183427],[-0.183324,-0.815105,-0.549542],[0.331842,0.474892,-0.815082]],[[0.92535,-0.331786,0.183427],[-0.360739,-0.919382,0.15686],[0.116596,-0.211319,-0.970438]]],"btipPosition":[-33.8922,252.997,49.4971],"carpPosition":[-16.6569,315.357,87.1692],"dipPosition":[-31.715,249.051,31.3755],"direction":[-0.331842,-0.474892,0.815082],"extended":false,"handId":788,"id":7883,"length":64.3926,"mcpPosition":[-11.7533,301.879,26.2292],"pipPosition":[-22.5274,262.199,8.80873],"stabilizedTipPosition":[-28.3297,241.677,269.306],"timeVisible":9.76155,"tipPosition":[-33.3463,252.505,46.1871],"tipVelocity":[-46.2792,-26.4365,-117.21],"tool":false,"touchDistance":0.333333,"touchZone":"none","type":3,"width":18.067},{"bases":[[[0.84054,-0.458844,0.288019],[0.494334,0.867112,-0.0612412],[-0.221645,0.193853,0.955664]],[[0.757694,-0.39528,0.519282],[0.623929,0.205462,-0.753988],[0.191344,0.895287,0.402304]],[[0.757694,-0.39528,0.519282],[-0.0714962,-0.841188,-0.535996],[0.648682,0.368994,-0.665624]],[[0.757694,-0.39528,0.519282],[-0.491722,-0.868948,0.0560322],[0.42908,-0.297798,-0.852764]]],"btipPosition":[-20.0337,261.295,47.8775],"carpPosition":[-6.04446,306.252,89.776],"dipPosition":[-12.6419,256.165,33.1868],"direction":[-0.648682,-0.368994,0.665624],"extended":false,"handId":788,"id":7884,"length":50.4826,"mcpPosition":[6.80049,295.017,34.3925],"pipPosition":[0.0384935,263.378,20.1752],"stabilizedTipPosition":[-11.6,245.472,256.24],"timeVisible":9.76155,"tipPosition":[-18.319,260.481,45.4031],"tipVelocity":[-39.1286,-38.2575,-121.649],"tool":false,"touchDistance":0.333333,"touchZone":"none","type":4,"width":16.0485}],"r":[[0.996183,-0.01406,-0.086147],[-0.0216089,0.916496,-0.39946],[0.0845698,0.399797,0.912694]],"s":0.865348,"t":[-18.7737,38.3627,-51.9429],"timestamp":606654560989},false],[5,{"currentFrameRate":105.873,"devices":[],"gestures":[],"hands":[{"armBasis":[[0.945863,0.0140799,-0.324262],[0.150946,0.865358,0.477881],[0.287331,-0.500956,0.816385]],"armWidth":63.6845,"confidence":0.779901,"direction":[-0.0197532,-0.0470353,-0.998698],"elbow":[55.9842,171.484,318.32],"grabStrength":0,"id":788,"palmNormal":[-0.164781,-0.98508,0.0496532],"palmPosition":[-30.8424,301.136,44.4233],"palmVelocity":[-14.6509,-29.3164,-105.2],"palmWidth":90.9393,"pinchStrength":0.936879,"r":[[0.996022,-0.0197939,-0.0868819],[-0.0165396,0.917007,-0.398529],[0.0875597,0.39838,0.913032]],"s":0.864641,"sphereCenter":[-45.4618,265.479,24.1619],"sphereRadius":44.5698,"stabilizedPalmPosition":[-24.6557,276.864,237.565],"t":[-18.8905,37.9792,-52.8505],"timeVisible":9.77063,"type":"right","wrist":[-21.552,306.667,98.0194]}],"id":4393116,"interactionBox":{"center":[0,200,0],"size":[235.247,235.247,147.751]},"pointables":[{"bases":[[[0.540347,0.805288,-0.244001],[-0.712232,0.592129,0.376973],[0.448052,-0.0299114,0.893507]],[[0.431805,0.792997,-0.429768],[-0.884723,0.465103,-0.0307204],[0.175525,0.393491,0.902417]],[[0.431805,0.792997,-0.429768],[-0.893586,0.311306,-0.323408],[-0.122672,0.523684,0.843034]],[[0.431805,0.792997,-0.429768],[-0.838843,0.177953,-0.514465],[-0.331491,0.582657,0.742041]]],"btipPosition":[-48.1831,249.806,11.1986],"carpPosition":[-51.3601,300.911,102.305],"dipPosition":[-55.9368,263.435,28.5554],"direction":[0.122672,-0.523684,-0.843034],"extended":false,"handId":788,"id":7880,"length":52.0873,"mcpPosition":[-51.3601,300.911,102.305],"pipPosition":[-60.1171,281.28,57.2831],"stabilizedTipPosition":[-36.9805,224.466,218.656],"timeVisible":9.77063,"tipPosition":[-50.9273,253.273,15.1124],"tipVelocity":[-36.6401,-14.9554,-109.323],"tool":false,"touchDistance":-0.438954,"touchZone":"touching","type":0,"width":20.2387},{"bases":[[[0.968816,-0.171095,-0.179225],[0.135508,0.971426,-0.194856],[0.207443,0.164494,0.964318]],[[0.990069,-0.140198,-0.0104124],[0.139565,0.989094,-0.0470615],[0.0168968,0.0451409,0.998838]],[[0.990069,-0.140198,-0.0104124],[0.136753,0.97762,-0.159869],[0.0325926,0.156857,0.987083]],[[0.990069,-0.140198,-0.0104124],[0.13303,0.958248,-0.253108],[0.0454629,0.24921,0.967382]]],"btipPosition":[-57.9443,296.247,-63.5983],"carpPosition":[-40.4021,318.325,90.5592],"dipPosition":[-57.1679,300.502,-47.0792],"direction":[-0.0325926,-0.156857,-0.987083],"extended":true,"handId":788,"id":7881,"length":58.7747,"mcpPosition":[-55.6551,306.23,19.6542],"pipPosition":[-56.3806,304.291,-23.2343],"stabilizedTipPosition":[-47.878,276.255,135.205],"timeVisible":9.77063,"tipPosition":[-57.3635,296.992,-59.7278],"tipVelocity":[-25.9733,6.93777,-103.864],"tool":false,"touchDistance":-0.448969,"touchZone":"touching","type":1,"width":19.332},{"bases":[[[0.950544,-0.310379,-0.0114325],[0.301869,0.931891,-0.201133],[0.0730811,0.187734,0.979497]],[[0.95254,-0.303515,0.0233664],[0.124481,0.318317,-0.939776],[0.277798,0.898083,0.340991]],[[0.95254,-0.303515,0.0233664],[-0.251274,-0.827272,-0.502476],[0.171839,0.472757,-0.864275]],[[0.95254,-0.303515,0.0233664],[-0.301231,-0.928734,0.216132],[-0.0438982,-0.212913,-0.976084]]],"btipPosition":[-51.0369,252.006,45.6473],"carpPosition":[-28.4993,317.798,87.4781],"dipPosition":[-51.8614,248.007,27.315],"direction":[-0.171839,-0.472757,0.864275],"extended":false,"handId":788,"id":7882,"length":66.9691,"mcpPosition":[-33.5952,304.707,19.1786],"pipPosition":[-46.9777,261.443,2.75179],"stabilizedTipPosition":[-44.4496,240.91,267.778],"timeVisible":9.77063,"tipPosition":[-51.1477,251.292,41.6764],"tipVelocity":[-53.9083,-14.2954,-110.008],"tool":false,"touchDistance":0.333333,"touchZone":"none","type":2,"width":18.9866},{"bases":[[[0.925459,-0.34873,0.148028],[0.371185,0.912844,-0.170109],[-0.0758047,0.212375,0.974244]],[[0.922271,-0.341148,0.181755],[0.295198,0.318048,-0.900946],[0.24955,0.88457,0.394032]],[[0.922271,-0.341148,0.181755],[-0.190853,-0.810778,-0.553367],[0.336143,0.475665,-0.812866]],[[0.922271,-0.341148,0.181755],[-0.369189,-0.916724,0.152695],[0.114528,-0.207928,-0.971416]]],"btipPosition":[-34.5169,252.607,48.4115],"carpPosition":[-16.6738,314.69,86.3543],"dipPosition":[-32.3783,248.725,30.2717],"direction":[-0.336143,-0.475665,0.812866],"extended":false,"handId":788,"id":7883,"length":64.3926,"mcpPosition":[-11.9281,301.394,25.3616],"pipPosition":[-23.0716,261.894,7.76624],"stabilizedTipPosition":[-28.3299,241.678,269.297],"timeVisible":9.77063,"tipPosition":[-33.9768,252.122,45.0882],"tipVelocity":[-52.7826,-30.5576,-117.995],"tool":false,"touchDistance":0.333333,"touchZone":"none","type":3,"width":18.067},{"bases":[[[0.836328,-0.467809,0.28585],[0.502444,0.862644,-0.0582691],[-0.219328,0.192356,0.956501]],[[0.75373,-0.403995,0.518342],[0.626613,0.20403,-0.752149],[0.198107,0.891717,0.406933]],[[0.75373,-0.403995,0.518342],[-0.0773437,-0.837782,-0.5405],[0.652617,0.3673,-0.662708]],[[0.75373,-0.403995,0.518342],[-0.498933,-0.865125,0.0512296],[0.427734,-0.297231,-0.853638]]],"btipPosition":[-20.5626,260.755,46.7688],"carpPosition":[-6.14628,305.475,88.9213],"dipPosition":[-13.1939,255.635,32.063],"direction":[-0.652617,-0.3673,0.662708],"extended":false,"handId":788,"id":7884,"length":50.4826,"mcpPosition":[6.5644,294.328,33.4892],"pipPosition":[-0.436606,262.815,19.1084],"stabilizedTipPosition":[-11.6003,245.472,256.233],"timeVisible":9.77063,"tipPosition":[-18.8582,259.941,44.2829],"tipVelocity":[-44.5808,-44.0608,-121.889],"tool":false,"touchDistance":0.333333,"touchZone":"none","type":4,"width":16.0485}],"r":[[0.996022,-0.0197939,-0.0868819],[-0.0165396,0.917007,-0.398529],[0.0875597,0.39838,0.913032]],"s":0.864641,"t":[-18.8905,37.9792,-52.8505],"timestamp":606654570067},false],[6,{"currentFrameRate":106.102,"devices":[],"gestures":[],"hands":[{"armBasis":[[0.944501,0.00622088,-0.32845],[0.158565,0.867006,0.472396],[0.287707,-0.498259,0.817901]],"armWidth":63.6845,"confidence":0.783541,"direction":[-0.020614,-0.0452536,-0.998763],"elbow":[56.0319,171.849,318.166],"grabStrength":0,"id":788,"palmNormal":[-0.172532,-0.983827,0.0481379],"palmPosition":[-30.9658,300.935,43.855],"palmVelocity":[-14.3916,-27.4114,-93.6456],"palmWidth":90.9393,"pinchStrength":0.936012,"r":[[0.99582,-0.0259242,-0.087581],[-0.011072,0.917541,-0.397486],[0.0906637,0.396794,0.913419]],"s":0.863778,"sphereCenter":[-46.199,265.518,23.5206],"sphereRadius":44.6189,"stabilizedPalmPosition":[-24.6557,276.864,237.564],"t":[-19.0106,37.6868,-53.5884],"timeVisible":9.77964,"type":"right","wrist":[-21.6057,306.304,97.4553]}],"id":4393117,"interactionBox":{"center":[0,200,0],"size":[235.247,235.247,147.751]},"pointables":[{"bases":[[[0.546571,0.801391,-0.242966],[-0.707348,0.597121,0.378292],[0.44824,-0.0349017,0.893232]],[[0.438463,0.790413,-0.427782],[-0.881467,0.471089,-0.0330443],[0.175404,0.391564,0.903278]],[[0.438463,0.790413,-0.427782],[-0.890384,0.317232,-0.326466],[-0.122337,0.524033,0.842866]],[[0.438463,0.790413,-0.427782],[-0.838173,0.187835,-0.512039],[-0.32437,0.583065,0.744862]]],"btipPosition":[-48.4512,249.747,10.537],"carpPosition":[-51.4563,300.778,101.746],"dipPosition":[-56.0384,263.385,27.9597],"direction":[0.122337,-0.524033,-0.842866],"extended":false,"handId":788,"id":7880,"length":52.0873,"mcpPosition":[-51.4563,300.778,101.746],"pipPosition":[-60.2072,281.243,56.6818],"stabilizedTipPosition":[-36.9808,224.467,218.652],"timeVisible":9.77964,"tipPosition":[-51.1796,253.222,14.4776],"tipVelocity":[-33.5879,-12.5766,-99.0214],"tool":false,"touchDistance":-0.433089,"touchZone":"touching","type":0,"width":20.2387},{"bases":[[[0.967347,-0.178448,-0.17999],[0.14308,0.970641,-0.193348],[0.209208,0.161282,0.964479]],[[0.988922,-0.148012,-0.011232],[0.147371,0.988054,-0.0450667],[0.0177682,0.0429121,0.998921]],[[0.988922,-0.148012,-0.011232],[0.144416,0.976862,-0.157751],[0.0343212,0.154381,0.987415]],[[0.988922,-0.148012,-0.011232],[0.140498,0.957756,-0.250924],[0.0478975,0.246567,0.967942]]],"btipPosition":[-58.1596,296.482,-64.167],"carpPosition":[-40.3668,318.123,90.0236],"dipPosition":[-57.3417,300.692,-47.6383],"direction":[-0.0343212,-0.154381,-0.987415],"extended":true,"handId":788,"id":7881,"length":58.7747,"mcpPosition":[-55.7496,306.264,19.1067],"pipPosition":[-56.5126,304.422,-23.7854],"stabilizedTipPosition":[-47.8782,276.255,135.199],"timeVisible":9.77964,"tipPosition":[-57.5826,297.204,-60.2947],"tipVelocity":[-25.1164,11.8925,-92.6207],"tool":false,"touchDistance":-0.440902,"touchZone":"touching","type":1,"width":19.332},{"bases":[[[0.948058,-0.317856,-0.0124146],[0.30912,0.929804,-0.199772],[0.075042,0.185558,0.979764]],[[0.950119,-0.311095,0.0222447],[0.126324,0.318635,-0.939422],[0.285161,0.895372,0.34204]],[[0.950119,-0.311095,0.0222447],[-0.258143,-0.824415,-0.503688],[0.175034,0.472821,-0.863599]],[[0.950119,-0.311095,0.0222447],[-0.308459,-0.92673,0.214535],[-0.0461259,-0.210695,-0.976463]]],"btipPosition":[-51.5481,251.954,45.0236],"carpPosition":[-28.47,317.507,86.9356],"dipPosition":[-52.4144,247.997,26.6842],"direction":[-0.175034,-0.472821,0.863599],"extended":false,"handId":788,"id":7882,"length":66.9691,"mcpPosition":[-33.7026,304.568,18.6175],"pipPosition":[-47.4399,261.435,2.1402],"stabilizedTipPosition":[-44.4503,240.911,267.755],"timeVisible":9.77964,"tipPosition":[-51.6676,251.248,41.0415],"tipVelocity":[-54.9915,-11.6537,-98.8736],"tool":false,"touchDistance":0.333333,"touchZone":"none","type":2,"width":18.9866},{"bases":[[[0.922749,-0.356268,0.146996],[0.3783,0.91016,-0.168814],[-0.0736471,0.211382,0.974625]],[[0.919626,-0.348693,0.180835],[0.297869,0.318973,-0.899739],[0.256051,0.881289,0.3972]],[[0.919626,-0.348693,0.180835],[-0.196515,-0.807051,-0.556823],[0.340103,0.476532,-0.810708]],[[0.919626,-0.348693,0.180835],[-0.376069,-0.914524,0.149055],[0.113404,-0.205082,-0.972153]]],"btipPosition":[-35.0272,252.357,47.6467],"carpPosition":[-16.67,314.308,85.8008],"dipPosition":[-32.9095,248.527,29.4931],"direction":[-0.340103,-0.476532,0.810708],"extended":false,"handId":788,"id":7883,"length":64.3926,"mcpPosition":[-12.0594,301.075,24.7843],"pipPosition":[-23.4933,261.721,7.04741],"stabilizedTipPosition":[-28.3303,241.678,269.281],"timeVisible":9.77964,"tipPosition":[-34.4899,251.886,44.3214],"tipVelocity":[-54.0021,-29.4335,-109.019],"tool":false,"touchDistance":0.333333,"touchZone":"none","type":3,"width":18.067},{"bases":[[[0.832748,-0.474863,0.284669],[0.509213,0.858743,-0.0571224],[-0.217333,0.192526,0.956922]],[[0.749986,-0.410207,0.518894],[0.630213,0.204905,-0.748896],[0.200878,0.888676,0.412194]],[[0.749986,-0.410207,0.518894],[-0.0783209,-0.834029,-0.546133],[0.6568,0.368952,-0.657638]],[[0.749986,-0.410207,0.518894],[-0.503014,-0.863121,0.0447017],[0.429531,-0.294537,-0.853669]]],"btipPosition":[-20.9569,260.305,45.8862],"carpPosition":[-6.21434,305.006,88.3475],"dipPosition":[-13.5573,255.231,31.1798],"direction":[-0.6568,-0.368952,0.657638],"extended":false,"handId":788,"id":7884,"length":50.4826,"mcpPosition":[6.38071,293.849,32.8911],"pipPosition":[-0.718235,262.443,18.3244],"stabilizedTipPosition":[-11.6007,245.473,256.221],"timeVisible":9.77964,"tipPosition":[-19.2626,259.528,43.4205],"tipVelocity":[-44.1515,-45.3654,-115.345],"tool":false,"touchDistance":0.3