{"sensorType":"Leap","data":[[0,{"currentFrameRate":107.352,"devices":[],"gestures":[],"hands":[{"armBasis":[[0.829654,0.0816524,-0.552275],[0.273505,0.802953,0.529586],[0.486693,-0.590423,0.64384]],"armWidth":63.7182,"confidence":0.782072,"direction":[0.0443556,0.241367,-0.96942],"elbow":[107.87,138.552,274.417],"grabStrength":0,"id":794,"palmNormal":[-0.301758,-0.921812,-0.24332],"palmPosition":[-29.7016,309.325,47.4299],"palmVelocity":[-4.18526,19.611,-106.762],"palmWidth":90.9874,"pinchStrength":0.691934,"r":[[0.963039,-0.215404,0.16173],[0.250999,0.935517,-0.24861],[-0.09775,0.280015,0.955006]],"s":0.779926,"sphereCenter":[-51.4978,269.601,17.2304],"sphereRadius":52.2503,"stabilizedPalmPosition":[-38.2493,274.83,202.629],"t":[9.15495,55.4274,-180.218],"timeVisible":1.42813,"type":"right","wrist":[-23.5338,297.962,100.585]}],"id":4401143,"interactionBox":{"center":[0,200,0],"size":[235.247,235.247,147.751]},"pointables":[{"bases":[[[0.66178,0.749535,0.0156116],[-0.648807,0.562163,0.512857],[0.375628,-0.349528,0.858332]],[[0.495953,0.823552,-0.275306],[-0.841526,0.534029,0.0815218],[0.214159,0.191246,0.957894]],[[0.495953,0.823552,-0.275306],[-0.868349,0.469948,-0.158491],[-0.00114584,0.317665,0.948202]],[[0.495953,0.823552,-0.275306],[-0.756269,0.253855,-0.603006],[-0.426719,0.507268,0.748726]]],"btipPosition":[-54.7579,263.579,4.51947],"carpPosition":[-54.0934,295.828,102.185],"dipPosition":[-64.7444,275.451,22.0419],"direction":[0.00114584,-0.317665,-0.948202],"extended":false,"handId":794,"id":7940,"length":52.1149,"mcpPosition":[-54.0934,295.828,102.185],"pipPosition":[-64.7834,286.281,54.3705],"stabilizedTipPosition":[-62.7002,243.361,93.2947],"timeVisible":1.42813,"tipPosition":[-56.3779,265.363,8.77198],"tipVelocity":[-7.36996,29.1027,-105.836],"tool":false,"touchDistance":-0.435046,"touchZone":"touching","type":0,"width":20.2494},{"bases":[[[0.94628,-0.258491,-0.194261],[0.281186,0.954464,0.0996613],[0.159654,-0.148931,0.975874]],[[0.959441,-0.277423,-0.0500853],[0.27951,0.95927,0.0409359],[0.0366888,-0.053275,0.997906]],[[0.959441,-0.277423,-0.0500853],[0.274559,0.959867,-0.0572141],[0.0639477,0.0411422,0.997105]],[[0.959441,-0.277423,-0.0500853],[0.268798,0.953819,-0.13408],[0.0849692,0.115179,0.989704]]],"btipPosition":[-56.3566,324.271,-59.3609],"carpPosition":[-40.0378,313.988,96.3119],"dipPosition":[-54.9049,326.239,-42.4517],"direction":[-0.0639477,-0.0411422,-0.997105],"extended":true,"handId":794,"id":7941,"length":58.8059,"mcpPosition":[-51.7831,324.945,24.5192],"pipPosition":[-53.3593,327.233,-18.352],"stabilizedTipPosition":[-58.2528,295.285,48.6706],"timeVisible":1.42813,"tipPosition":[-56.2112,323.481,-55.3866],"tipVelocity":[2.35366,16.62,-111.854],"tool":false,"touchDistance":-0.452532,"touchZone":"touching","type":1,"width":19.3423},{"bases":[[[0.897256,-0.435136,-0.0747552],[0.440555,0.893521,0.0867853],[0.0290319,-0.110802,0.993418]],[[0.892465,-0.446372,0.0652524],[0.344397,0.580746,-0.737648],[0.291371,0.680798,0.672024]],[[0.892465,-0.446372,0.0652524],[0.255422,0.380773,-0.888691],[0.371841,0.809793,0.45384]],[[0.892465,-0.446372,0.0652524],[0.197151,0.255828,-0.946406],[0.405756,0.857498,0.316321]]],"btipPosition":[-62.3945,248.328,-27.0066],"carpPosition":[-28.127,312.552,93.5405],"dipPosition":[-54.7698,264.441,-21.0625],"direction":[-0.371841,-0.809793,-0.45384],"extended":false,"handId":794,"id":7942,"length":67.0045,"mcpPosition":[-30.1525,320.282,24.2336],"pipPosition":[-44.1962,287.468,-8.15731],"stabilizedTipPosition":[-57.6952,239.394,38.7568],"timeVisible":1.42813,"tipPosition":[-60.8127,251.811,-25.1146],"tipVelocity":[34.5136,26.3572,-151.621],"tool":false,"touchDistance":-0.462821,"touchZone":"touching","type":2,"width":18.9967},{"bases":[[[0.855968,-0.51281,0.0659212],[0.504235,0.856162,0.112846],[-0.114308,-0.0633531,0.991423]],[[0.832492,-0.516662,0.200045],[0.484008,0.502494,-0.716405],[0.269618,0.693225,0.668391]],[[0.832492,-0.516662,0.200045],[0.38682,0.283527,-0.877487],[0.396646,0.807882,0.435889]],[[0.832492,-0.516662,0.200045],[0.318104,0.150113,-0.936096],[0.453616,0.842928,0.28932]]],"btipPosition":[-41.1344,242.996,-17.5539],"carpPosition":[-16.7857,308.128,91.8898],"dipPosition":[-32.6593,258.745,-12.1484],"direction":[-0.396646,-0.807882,-0.435889],"extended":false,"handId":794,"id":7943,"length":64.4267,"mcpPosition":[-9.62567,312.096,29.7888],"pipPosition":[-21.6717,281.124,-0.0737786],"stabilizedTipPosition":[-37.0026,230.289,45.0769],"timeVisible":1.42813,"tipPosition":[-39.2713,246.59,-16.1592],"tipVelocity":[11.1568,3.93358,-89.7591],"tool":false,"touchDistance":-0.433127,"touchZone":"touching","type":3,"width":18.0765},{"bases":[[[0.741825,-0.651062,0.160667],[0.619138,0.756995,0.208869],[-0.257611,-0.0554697,0.964655]],[[0.64151,-0.640971,0.421452],[0.719339,0.311782,-0.62076],[0.266488,0.70139,0.661087]],[[0.64151,-0.640971,0.421452],[0.613647,0.0991043,-0.783336],[0.460328,0.761141,0.456906]],[[0.64151,-0.640971,0.421452],[0.534129,-0.0211184,-0.845139],[0.55061,0.767275,0.328813]]],"btipPosition":[-20.8068,247.374,-1.95334],"carpPosition":[-7.82778,297.069,91.9595],"dipPosition":[-11.3163,260.599,3.71419],"direction":[-0.460328,-0.761141,-0.456906],"extended":false,"handId":794,"id":7944,"length":50.5093,"mcpPosition":[7.10942,300.286,36.0253],"pipPosition":[-2.3131,275.486,12.6505],"stabilizedTipPosition":[-14.1996,229.502,64.2773],"timeVisible":1.42813,"tipPosition":[-18.5556,250.491,-0.735486],"tipVelocity":[19.2934,13.5741,-101.907],"tool":false,"touchDistance":-0.428503,"touchZone":"touching","type":4,"width":16.057}],"r":[[0.963039,-0.215404,0.16173],[0.250999,0.935517,-0.24861],[-0.09775,0.280015,0.955006]],"s":0.779926,"t":[9.15495,55.4274,-180.218],"timestamp":606729291123},false],[1,{"currentFrameRate":107.499,"devices":[],"gestures":[],"hands":[{"armBasis":[[0.831773,0.0854175,-0.548505],[0.267954,0.803577,0.531475],[0.486163,-0.58904,0.645506]],"armWidth":63.7182,"confidence":0.788426,"direction":[0.0445237,0.24064,-0.969593],"elbow":[107.629,139.376,273.755],"grabStrength":0,"id":794,"palmNormal":[-0.296357,-0.923685,-0.242855],"palmPosition":[-29.7791,309.689,46.2978],"palmVelocity":[-5.39601,25.3054,-111.87],"palmWidth":90.9874,"pinchStrength":0.697946,"r":[[0.963432,-0.212841,0.162779],[0.248958,0.935678,-0.250052],[-0.0990876,0.281433,0.954451]],"s":0.781564,"sphereCenter":[-51.313,269.964,16.0802],"sphereRadius":52.203,"stabilizedPalmPosition":[-38.2483,274.834,202.611],"t":[9.09157,55.6639,-181.268],"timeVisible":1.43716,"type":"right","wrist":[-23.6309,298.413,99.4734]}],"id":4401144,"interactionBox":{"center":[0,200,0],"size":[235.247,235.247,147.751]},"pointables":[{"bases":[[[0.657661,0.753147,0.0158687],[-0.652646,0.559128,0.511302],[0.376213,-0.34662,0.859255]],[[0.493005,0.825827,-0.273782],[-0.843507,0.530797,0.0821587],[0.213172,0.190432,0.958276]],[[0.493005,0.825827,-0.273782],[-0.870019,0.466604,-0.159211],[-0.00373274,0.316687,0.948523]],[[0.493005,0.825827,-0.273782],[-0.757641,0.252815,-0.601718],[-0.427698,0.504078,0.750319]]],"btipPosition":[-54.6849,264.013,3.29632],"carpPosition":[-54.1808,296.113,101.029],"dipPosition":[-64.6943,275.81,20.856],"direction":[0.00373274,-0.316687,-0.948523],"extended":false,"handId":794,"id":7940,"length":52.1149,"mcpPosition":[-54.1808,296.113,101.029],"pipPosition":[-64.8215,286.608,53.1955],"stabilizedTipPosition":[-62.6947,243.383,93.2121],"timeVisible":1.43716,"tipPosition":[-56.3049,265.773,7.57374],"tipVelocity":[-3.27444,33.8042,-113.713],"tool":false,"touchDistance":-0.438094,"touchZone":"touching","type":0,"width":20.2494},{"bases":[[[0.947971,-0.253522,-0.192557],[0.275827,0.956082,0.0991319],[0.158968,-0.147087,0.976266]],[[0.960991,-0.272105,-0.0495566],[0.274296,0.960612,0.044558],[0.0354802,-0.056413,0.997777]],[[0.960991,-0.272105,-0.0495566],[0.269463,0.961495,-0.0540017],[0.0623426,0.0385415,0.99731]],[[0.960991,-0.272105,-0.0495566],[0.263806,0.955596,-0.131313],[0.083087,0.113117,0.990102]]],"btipPosition":[-56.3609,324.724,-60.5486],"carpPosition":[-40.2154,314.344,95.1592],"dipPosition":[-54.9414,326.657,-43.6326],"direction":[-0.0623426,-0.0385415,-0.99731],"extended":true,"handId":794,"id":7941,"length":58.8059,"mcpPosition":[-51.9103,325.165,23.3378],"pipPosition":[-53.4346,327.589,-19.5279],"stabilizedTipPosition":[-58.2525,295.288,48.6585],"timeVisible":1.43716,"tipPosition":[-56.1991,323.909,-56.5765],"tipVelocity":[1.34741,25.6194,-117.205],"tool":false,"touchDistance":-0.453404,"touchZone":"touching","type":1,"width":19.3423},{"bases":[[[0.899728,-0.430312,-0.0729492],[0.435545,0.895995,0.0865603],[0.0281142,-0.109653,0.993572]],[[0.894767,-0.441443,0.0672254],[0.342648,0.58224,-0.737285],[0.286328,0.682733,0.672229]],[[0.894767,-0.441443,0.0672254],[0.254924,0.381392,-0.888568],[0.366613,0.8122,0.453792]],[[0.894767,-0.441443,0.0672254],[0.197331,0.255856,-0.946361],[0.400564,0.860038,0.316042]]],"btipPosition":[-62.007,248.457,-28.1536],"carpPosition":[-28.2927,312.97,92.4075],"dipPosition":[-54.4798,264.618,-22.2148],"direction":[-0.366613,-0.8122,-0.453792],"extended":false,"handId":794,"id":7942,"length":67.0045,"mcpPosition":[-30.2542,320.62,23.0899],"pipPosition":[-44.0549,287.713,-9.31092],"stabilizedTipPosition":[-57.6952,239.395,38.7547],"timeVisible":1.43716,"tipPosition":[-60.4485,251.952,-26.2696],"tipVelocity":[36.1382,23.3577,-144.861],"tool":false,"touchDistance":-0.462095,"touchZone":"touching","type":2,"width":18.9967},{"bases":[[[0.858648,-0.50807,0.0677419],[0.499388,0.85901,0.112756],[-0.115479,-0.0629882,0.991311]],[[0.835179,-0.511922,0.201029],[0.48068,0.501817,-0.719115],[0.267251,0.69722,0.665178]],[[0.835179,-0.511922,0.201029],[0.38218,0.277357,-0.881483],[0.395493,0.813025,0.427289]],[[0.835179,-0.511922,0.201029],[0.312505,0.140941,-0.939402],[0.452567,0.847391,0.277689]]],"btipPosition":[-41.0431,243.047,-18.0591],"carpPosition":[-16.925,308.607,90.7785],"dipPosition":[-32.5876,258.88,-12.8709],"direction":[-0.395493,-0.813025,-0.427289],"extended":false,"handId":794,"id":7943,"length":64.4267,"mcpPosition":[-9.69161,312.552,28.6846],"pipPosition":[-21.6319,281.401,-1.03445],"stabilizedTipPosition":[-37.0028,230.29,45.0721],"timeVisible":1.43716,"tipPosition":[-39.0732,246.733,-16.9143],"tipVelocity":[10.731,5.00199,-81.9578],"tool":false,"touchDistance":-0.426474,"touchZone":"touching","type":3,"width":18.0765},{"bases":[[[0.745116,-0.646848,0.162452],[0.614683,0.760567,0.209054],[-0.258782,-0.0559128,0.964316]],[[0.644209,-0.637005,0.423343],[0.718569,0.31445,-0.620306],[0.262018,0.703808,0.660304]],[[0.644209,-0.637005,0.423343],[0.612842,0.0987291,-0.784014],[0.457625,0.764511,0.453986]],[[0.644209,-0.637005,0.423343],[0.532911,-0.0232026,-0.845853],[0.548636,0.77051,0.32452]]],"btipPosition":[-20.5732,247.72,-2.86137],"carpPosition":[-7.90704,297.597,90.873],"dipPosition":[-11.1168,261.001,2.73216],"direction":[-0.457625,-0.764511,-0.453986],"extended":false,"handId":794,"id":7944,"length":50.5093,"mcpPosition":[7.09804,300.839,34.9585],"pipPosition":[-2.16645,275.954,11.6113],"stabilizedTipPosition":[-14.2003,229.505,64.2659],"timeVisible":1.43716,"tipPosition":[-18.2989,250.854,-1.70438],"tipVelocity":[20.8606,20.7832,-102.039],"tool":false,"touchDistance":-0.427862,"touchZone":"touching","type":4,"width":16.057}],"r":[[0.963432,-0.212841,0.162779],[0.248958,0.935678,-0.250052],[-0.0990876,0.281433,0.954451]],"s":0.781564,"t":[9.09157,55.6639,-181.268],"timestamp":606729300158},false],[2,{"currentFrameRate":107.58,"devices":[],"gestures":[],"hands":[{"armBasis":[[0.832755,0.0849805,-0.547081],[0.267304,0.803633,0.531716],[0.484838,-0.589026,0.646514]],"armWidth":63.7182,"confidence":0.748791,"direction":[0.0442129,0.235905,-0.97077],"elbow":[107.324,139.725,273.168],"grabStrength":0,"id":794,"palmNormal":[-0.296282,-0.924907,-0.238254],"palmPosition":[-29.7439,309.773,45.386],"palmVelocity":[-2.82445,20.7987,-108.472],"palmWidth":90.9874,"pinchStrength":0.702104,"r":[[0.963757,-0.210599,0.163768],[0.247283,0.935564,-0.252134],[-0.100116,0.283493,0.953734]],"s":0.783282,"sphereCenter":[-51.2532,269.99,15.3496],"sphereRadius":52.1675,"stabilizedPalmPosition":[-38.2475,274.837,202.597],"t":[9.07744,55.8238,-182.25],"timeVisible":1.44631,"type":"right","wrist":[-23.579,298.757,98.6142]}],"id":4401145,"interactionBox":{"center":[0,200,0],"size":[235.247,235.247,147.751]},"pointables":[{"bases":[[[0.657548,0.753317,0.0120019],[-0.652589,0.561519,0.508748],[0.376509,-0.342358,0.860832]],[[0.494154,0.824389,-0.276032],[-0.842371,0.532549,0.0824768],[0.214994,0.191765,0.957603]],[[0.494154,0.824389,-0.276032],[-0.869371,0.467679,-0.159597],[-0.00247603,0.31884,0.947805]],[[0.494154,0.824389,-0.276032],[-0.7579,0.252954,-0.601334],[-0.42591,0.506357,0.749803]]],"btipPosition":[-54.8079,264.168,2.5272],"carpPosition":[-54.1282,296.461,100.19],"dipPosition":[-64.7754,276.018,20.0748],"direction":[0.00247603,-0.31884,-0.947805],"extended":false,"handId":794,"id":7940,"length":52.1149,"mcpPosition":[-54.1282,296.461,100.19],"pipPosition":[-64.8598,286.889,52.3899],"stabilizedTipPosition":[-62.6904,243.402,93.1445],"timeVisible":1.44631,"tipPosition":[-56.4213,265.921,6.81633],"tipVelocity":[-5.81258,29.4537,-105.543],"tool":false,"touchDistance":-0.434196,"touchZone":"touching","type":0,"width":20.2494},{"bases":[[[0.947956,-0.254314,-0.191584],[0.275706,0.956597,0.0943802],[0.159267,-0.142289,0.976928]],[[0.960993,-0.272071,-0.049688],[0.274225,0.960689,0.0433244],[0.0359474,-0.0552602,0.997825]],[[0.960993,-0.272071,-0.049688],[0.269305,0.961431,-0.0558997],[0.0629803,0.040338,0.997199]],[[0.960993,-0.272071,-0.049688],[0.263547,0.955322,-0.133804],[0.0838723,0.11549,0.989761]]],"btipPosition":[-56.3836,324.559,-61.5231],"carpPosition":[-40.1672,314.665,94.227],"dipPosition":[-54.9506,326.532,-44.6129],"direction":[-0.0629803,-0.040338,-0.997199],"extended":true,"handId":794,"id":7941,"length":58.8059,"mcpPosition":[-51.884,325.133,22.3568],"pipPosition":[-53.4284,327.507,-20.5109],"stabilizedTipPosition":[-58.2524,295.291,48.6496],"timeVisible":1.44631,"tipPosition":[-56.1979,323.752,-57.5519],"tipVelocity":[0.376914,13.7222,-114.27],"tool":false,"touchDistance":-0.451034,"touchZone":"touching","type":1,"width":19.3423},{"bases":[[[0.899774,-0.430525,-0.0710996],[0.43543,0.896475,0.0820573],[0.0284114,-0.104792,0.994088]],[[0.894851,-0.440973,0.069171],[0.342452,0.578842,-0.740046],[0.286301,0.685919,0.66899]],[[0.894851,-0.440973,0.069171],[0.254604,0.376967,-0.890546],[0.366632,0.814517,0.449603]],[[0.894851,-0.440973,0.069171],[0.196919,0.250934,-0.947763],[0.40058,0.861728,0.311385]]],"btipPosition":[-61.9796,248.175,-28.7558],"carpPosition":[-28.2451,313.279,91.4786],"dipPosition":[-54.4521,264.368,-22.9044],"direction":[-0.366632,-0.814517,-0.449603],"extended":false,"handId":794,"id":7942,"length":67.0045,"mcpPosition":[-30.2273,320.59,22.125],"pipPosition":[-44.0267,287.53,-10.1197],"stabilizedTipPosition":[-57.6953,239.395,38.7528],"timeVisible":1.44631,"tipPosition":[-60.4205,251.681,-26.8961],"tipVelocity":[26.911,8.51284,-123.465],"tool":false,"touchDistance":-0.453552,"touchZone":"touching","type":2,"width":18.9967},{"bases":[[[0.858746,-0.5076,0.0699814],[0.499286,0.859628,0.108415],[-0.11519,-0.0581605,0.991639]],[[0.835468,-0.510811,0.202645],[0.478947,0.496023,-0.724273],[0.26945,0.702163,0.659062]],[[0.835468,-0.510811,0.202645],[0.37793,0.266372,-0.886687],[0.398951,0.817385,0.415596]],[[0.835468,-0.510811,0.202645],[0.306644,0.127331,-0.943269],[0.456029,0.850211,0.263019]]],"btipPosition":[-41.2721,242.654,-18.1192],"carpPosition":[-16.8772,308.909,89.8678],"dipPosition":[-32.7519,258.538,-13.2051],"direction":[-0.398951,-0.817385,-0.415596],"extended":false,"handId":794,"id":7943,"length":64.4267,"mcpPosition":[-9.66189,312.553,27.7533],"pipPosition":[-21.7005,281.181,-1.69255],"stabilizedTipPosition":[-37.0029,230.291,45.0686],"timeVisible":1.44631,"tipPosition":[-39.2016,246.406,-17.1979],"tipVelocity":[1.22628,-8.00893,-62.8863],"tool":false,"touchDistance":-0.414007,"touchZone":"touching","type":3,"width":18.0765},{"bases":[[[0.745262,-0.645931,0.165401],[0.614623,0.761674,0.205161],[-0.258501,-0.0512393,0.964651]],[[0.644359,-0.63481,0.4264],[0.71842,0.311432,-0.621999],[0.262056,0.707125,0.656735]],[[0.644359,-0.63481,0.4264],[0.611601,0.0930662,-0.785673],[0.45907,0.767043,0.448219]],[[0.644359,-0.63481,0.4264],[0.530749,-0.0301887,-0.846991],[0.550551,0.772078,0.317473]]],"btipPosition":[-20.6025,247.56,-3.3798],"carpPosition":[-7.85746,297.902,90.0135],"dipPosition":[-11.1131,260.868,2.09226],"direction":[-0.45907,-0.767043,-0.448219],"extended":false,"handId":794,"id":7944,"length":50.5093,"mcpPosition":[7.13135,300.873,34.0796],"pipPosition":[-2.13448,275.87,10.8586],"stabilizedTipPosition":[-14.2009,229.508,64.257],"timeVisible":1.44631,"tipPosition":[-18.3047,250.699,-2.27534],"tipVelocity":[14.3917,10.3153,-90.2558],"tool":false,"touchDistance":-0.421605,"touchZone":"touching","type":4,"width":16.057}],"r":[[0.963757,-0.210599,0.163768],[0.247283,0.935564,-0.252134],[-0.100116,0.283493,0.953734]],"s":0.783282,"t":[9.07744,55.8238,-182.25],"timestamp":606729309307},false],[3,{"currentFrameRate":107.8,"devices":[],"gestures":[],"hands":[{"armBasis":[[0.834223,0.0835234,-0.545064],[0.265764,0.805187,0.530136],[0.483157,-0.58711,0.649508]],"armWidth":63.7182,"confidence":0.756076,"direction":[0.0432284,0.235371,-0.970944],"elbow":[106.938,140.414,272.693],"grabStrength":0,"id":794,"palmNormal":[-0.294178,-0.925767,-0.237517],"palmPosition":[-29.7255,309.896,44.0984],"palmVelocity":[-1.49411,18.9119,-118.398],"palmWidth":90.9874,"pinchStrength":0.698027,"r":[[0.964128,-0.208322,0.164499],[0.245475,0.93555,-0.253946],[-0.100994,0.285216,0.953127]],"s":0.784947,"sphereCenter":[-51.1206,270.081,14.0728],"sphereRadius":52.1679,"stabilizedPalmPosition":[-38.247,274.839,202.587],"t":[9.0796,55.9653,-183.384],"timeVisible":1.45519,"type":"right","wrist":[-23.5112,298.93,97.3312]}],"id":4401146,"interactionBox":{"center":[0,200,0],"size":[235.247,235.247,147.751]},"pointables":[{"bases":[[[0.655754,0.754892,0.0112201],[-0.653705,0.560296,0.508663],[0.377699,-0.340892,0.860893]],[[0.493616,0.825194,-0.274588],[-0.84241,0.532126,0.0847796],[0.216075,0.189467,0.957817]],[[0.493616,0.825194,-0.274588],[-0.869677,0.467595,-0.158165],[-0.00212081,0.316876,0.948465]],[[0.493616,0.825194,-0.274588],[-0.758337,0.253833,-0.600412],[-0.425756,0.504603,0.751071]]],"btipPosition":[-54.8035,264.491,1.19613],"carpPosition":[-54.0541,296.562,98.9215],"dipPosition":[-64.7674,276.3,18.7734],"direction":[0.00212081,-0.316876,-0.948465],"extended":false,"handId":794,"id":7940,"length":52.1149,"mcpPosition":[-54.0541,296.562,98.9215],"pipPosition":[-64.8397,287.104,51.111],"stabilizedTipPosition":[-62.687,243.416,93.091],"timeVisible":1.45519,"tipPosition":[-56.4319,266.214,5.50168],"tipVelocity":[-4.07522,31.0641,-117.385],"tool":false,"touchDistance":-0.438973,"touchZone":"touching","type":0,"width":20.2494},{"bases":[[[0.948477,-0.252178,-0.19183],[0.273464,0.957314,0.0936312],[0.16003,-0.141266,0.976952]],[[0.961591,-0.269688,-0.0510985],[0.272019,0.961194,0.0459491],[0.0367237,-0.058084,0.997636]],[[0.961591,-0.269688,-0.0510985],[0.266997,0.962193,-0.0538186],[0.0636809,0.0381083,0.997242]],[[0.961591,-0.269688,-0.0510985],[0.261148,0.956197,-0.132247],[0.0845258,0.113824,0.989899]]],"btipPosition":[-56.4732,324.817,-62.8064],"carpPosition":[-40.1392,314.795,92.9407],"dipPosition":[-55.029,326.762,-45.8939],"direction":[-0.0636809,-0.0381083,-0.997242],"extended":true,"handId":794,"id":7941,"length":58.8059,"mcpPosition":[-51.9122,325.188,21.0688],"pipPosition":[-53.4899,327.683,-21.7908],"stabilizedTipPosition":[-58.2522,295.292,48.6431],"timeVisible":1.45519,"tipPosition":[-56.263,324.003,-58.8391],"tipVelocity":[-2.38587,17.7029,-122.475],"tool":false,"touchDistance":-0.453506,"touchZone":"touching","type":1,"width":19.3423},{"bases":[[[0.900768,-0.428424,-0.0712088],[0.433326,0.897565,0.0812782],[0.029093,-0.104069,0.994144]],[[0.895927,-0.438793,0.0691077],[0.340838,0.579311,-0.740424],[0.284858,0.686921,0.668578]],[[0.895927,-0.438793,0.0691077],[0.253308,0.376884,-0.890951],[0.364897,0.815732,0.44881]],[[0.895927,-0.438793,0.0691077],[0.195816,0.250495,-0.948108],[0.398712,0.862968,0.310347]]],"btipPosition":[-61.8431,248.175,-29.9883],"carpPosition":[-28.215,313.436,90.188],"dipPosition":[-54.3507,264.392,-24.1565],"direction":[-0.364897,-0.815732,-0.44881],"extended":false,"handId":794,"id":7942,"length":67.0045,"mcpPosition":[-30.2447,320.697,20.8305],"pipPosition":[-43.9746,287.588,-11.3943],"stabilizedTipPosition":[-57.6954,239.395,38.7513],"timeVisible":1.45519,"tipPosition":[-60.2909,251.688,-28.1376],"tipVelocity":[23.5343,6.37491,-127.778],"tool":false,"touchDistance":-0.455087,"touchZone":"touching","type":2,"width":18.9967},{"bases":[[[0.859985,-0.505504,0.0699408],[0.497281,0.860887,0.107633],[-0.11462,-0.0577823,0.991728]],[[0.836764,-0.508683,0.202654],[0.477539,0.496847,-0.724637],[0.267923,0.703125,0.658659]],[[0.836764,-0.508683,0.202654],[0.376971,0.266738,-0.886986],[0.397139,0.818592,0.414955]],[[0.836764,-0.508683,0.202654],[0.305948,0.127398,-0.943486],[0.454117,0.851476,0.262232]]],"btipPosition":[-41.1139,242.713,-19.3669],"carpPosition":[-16.8374,309.092,88.5752],"dipPosition":[-32.6294,258.621,-14.4675],"direction":[-0.397139,-0.818592,-0.414955],"extended":false,"handId":794,"id":7943,"length":64.4267,"mcpPosition":[-9.6578,312.712,26.4551],"pipPosition":[-21.6281,281.297,-2.9727],"stabilizedTipPosition":[-37.003,230.291,45.0662],"timeVisible":1.45519,"tipPosition":[-39.0558,246.467,-18.4433],"tipVelocity":[5.4802,-3.86091,-84.0682],"tool":false,"touchDistance":-0.419706,"touchZone":"touching","type":3,"width":18.0765},{"bases":[[[0.746873,-0.644042,0.1655],[0.612893,0.763273,0.204392],[-0.257959,-0.0512207,0.964797]],[[0.645976,-0.632967,0.426695],[0.717126,0.311621,-0.623396],[0.261622,0.708692,0.655217]],[[0.645976,-0.632967,0.426695],[0.608941,0.0902033,-0.78807],[0.460333,0.768906,0.443709]],[[0.645976,-0.632967,0.426695],[0.526978,-0.0346341,-0.849173],[0.552276,0.773404,0.311187]]],"btipPosition":[-20.607,247.649,-4.42738],"carpPosition":[-7.79138,298.106,88.7242],"dipPosition":[-11.0878,260.98,0.936335],"direction":[-0.460333,-0.768906,-0.443709],"extended":false,"handId":794,"id":7944,"length":50.5093,"mcpPosition":[7.16601,301.076,32.7818],"pipPosition":[-2.08447,276.018,9.6145],"stabilizedTipPosition":[-14.2013,229.51,64.2505],"timeVisible":1.45519,"tipPosition":[-18.2584,250.8,-3.40383],"tipVelocity":[10.5593,10.3906,-98.5502],"tool":false,"touchDistance":-0.423865,"touchZone":"touching","type":4,"width":16.057}],"r":[[0.964128,-0.208322,0.164499],[0.245475,0.93555,-0.253946],[-0.100994,0.285216,0.953127]],"s":0.784947,"t":[9.0796,55.9653,-183.384],"timestamp":606729318184},false],[4,{"currentFrameRate":107.811,"devices":[],"gestures":[],"hands":[{"armBasis":[[0.835982,0.0839317,-0.5423],[0.263511,0.805441,0.530873],[0.481348,-0.586702,0.651218]],"armWidth":63.7182,"confidence":0.762443,"direction":[0.0424553,0.229241,-0.972443],"elbow":[106.538,140.838,272.13],"grabStrength":0,"id":794,"palmNormal":[-0.292538,-0.927811,-0.231492],"palmPosition":[-29.6752,309.857,43.0064],"palmVelocity":[0.454178,12.4162,-118.281],"palmWidth":90.9874,"pinchStrength":0.689748,"r":[[0.964508,-0.20593,0.165277],[0.243665,0.935297,-0.256608],[-0.101739,0.287772,0.952279]],"s":0.786543,"sphereCenter":[-50.8391,269.734,13.2198],"sphereRadius":52.1827,"stabilizedPalmPosition":[-38.2466,274.841,202.579],"t":[9.10583,56.0166,-184.497],"timeVisible":1.46444,"type":"right","wrist":[-23.4221,299.243,96.3059]}],"id":4401147,"interactionBox":{"center":[0,200,0],"size":[235.247,235.247,147.751]},"pointables":[{"bases":[[[0.654353,0.756164,0.00616236],[-0.65457,0.56232,0.505306],[0.378629,-0.334682,0.862918]],[[0.494193,0.82408,-0.276885],[-0.841622,0.533316,0.0851286],[0.21782,0.190963,0.957125]],[[0.494193,0.82408,-0.276885],[-0.869351,0.468118,-0.158408],[-0.000926123,0.318995,0.947756]],[[0.494193,0.82408,-0.276885],[-0.759279,0.254026,-0.599138],[-0.423402,0.506323,0.751244]]],"btipPosition":[-54.8923,264.571,0.251524],"carpPosition":[-53.96,296.828,97.9223],"dipPosition":[-64.8012,276.42,17.8328],"direction":[0.000926123,-0.318995,-0.947756],"extended":false,"handId":794,"id":7940,"length":52.1149,"mcpPosition":[-53.96,296.828,97.9223],"pipPosition":[-64.8328,287.296,50.1462],"stabilizedTipPosition":[-62.6843,243.428,93.048],"timeVisible":1.46444,"tipPosition":[-56.5031,266.258,4.58825],"tipVelocity":[-5.24386,25.0265,-113.046],"tool":false,"touchDistance":-0.437565,"touchZone":"touching","type":0,"width":20.2494},{"bases":[[[0.948878,-0.251636,-0.190553],[0.271716,0.958399,0.0874149],[0.16063,-0.134722,0.977777]],[[0.962045,-0.268114,-0.0508291],[0.270315,0.961816,0.0428829],[0.0373908,-0.0549952,0.997786]],[[0.962045,-0.268114,-0.0508291],[0.265175,0.962465,-0.0578222],[0.0644241,0.0421489,0.997032]],[[0.962045,-0.268114,-0.0508291],[0.259203,0.956052,-0.137034],[0.0853359,0.118658,0.989261]]],"btipPosition":[-56.5197,324.277,-63.9783],"carpPosition":[-40.0811,315.049,91.8201],"dipPosition":[-55.0617,326.304,-47.0766],"direction":[-0.0644241,-0.0421489,-0.997032],"extended":true,"handId":794,"id":7941,"length":58.8059,"mcpPosition":[-51.8982,324.96,19.8875],"pipPosition":[-53.5046,327.323,-22.9786],"stabilizedTipPosition":[-58.2521,295.294,48.6385],"timeVisible":1.46444,"tipPosition":[-56.2851,323.488,-60.0114],"tipVelocity":[-3.03109,-3.11491,-123.712],"tool":false,"touchDistance":-0.454104,"touchZone":"touching","type":1,"width":19.3423},{"bases":[[[0.901538,-0.427196,-0.0687917],[0.431684,0.898869,0.0753868],[0.0296298,-0.0976604,0.994779]],[[0.896763,-0.436678,0.0716083],[0.339599,0.575389,-0.744043],[0.283705,0.691549,0.664283]],[[0.896763,-0.436678,0.0716083],[0.251882,0.37067,-0.893957],[0.363829,0.819705,0.442394]],[[0.896763,-0.436678,0.0716083],[0.194226,0.243016,-0.950379],[0.397608,0.866173,0.302742]]],"btipPosition":[-61.7142,247.59,-30.6164],"carpPosition":[-28.1554,313.695,89.0719],"dipPosition":[-54.2425,263.867,-24.9274],"direction":[-0.363829,-0.819705,-0.442394],"extended":false,"handId":794,"id":7942,"length":67.0045,"mcpPosition":[-30.2226,320.508,19.6701],"pipPosition":[-43.8969,287.176,-12.3477],"stabilizedTipPosition":[-57.6954,239.396,38.7498],"timeVisible":1.46444,"tipPosition":[-60.1572,251.132,-28.8319],"tipVelocity":[20.6879,-12.7655,-111.926],"tool":false,"touchDistance":-0.447825,"touchZone":"touching","type":2,"width":18.9967},{"bases":[[[0.860948,-0.503448,0.072862],[0.495716,0.86248,0.101952],[-0.11417,-0.0516567,0.992117]],[[0.837684,-0.505816,0.205999],[0.477203,0.494416,-0.726519],[0.265635,0.706897,0.655542]],[[0.837684,-0.505816,0.205999],[0.377081,0.262791,-0.888116],[0.395089,0.82164,0.410869]],[[0.837684,-0.505816,0.205999],[0.306161,0.122557,-0.944058],[0.452272,0.853891,0.257525]]],"btipPosition":[-40.8814,242.3,-20.1433],"carpPosition":[-16.7702,309.362,87.4827],"dipPosition":[-32.4314,258.254,-15.3318],"direction":[-0.395088,-0.82164,-0.410869],"extended":false,"handId":794,"id":7943,"length":64.4267,"mcpPosition":[-9.61885,312.597,25.3383],"pipPosition":[-21.487,281.014,-3.95025],"stabilizedTipPosition":[-37.0031,230.292,45.0639],"timeVisible":1.46444,"tipPosition":[-38.866,246.04,-19.1854],"tipVelocity":[10.7587,-14.9866,-84.6305],"tool":false,"touchDistance":-0.418019,"touchZone":"touching","type":3,"width":18.0765},{"bases":[[[0.748126,-0.641583,0.169345],[0.611543,0.765701,0.199292],[-0.25753,-0.0455335,0.965197]],[[0.647283,-0.629022,0.43053],[0.71612,0.308319,-0.626188],[0.261146,0.713632,0.650025]],[[0.647283,-0.629022,0.43053],[0.60678,0.0833511,-0.790488],[0.461349,0.772906,0.43563]],[[0.647283,-0.629022,0.43053],[0.523848,-0.0432106,-0.850715],[0.553722,0.776186,0.301542]]],"btipPosition":[-20.5722,247.306,-4.96819],"carpPosition":[-7.70378,298.394,87.6987],"dipPosition":[-11.0281,260.684,0.229289],"direction":[-0.461349,-0.772906,-0.43563],"extended":false,"handId":794,"id":7944,"length":50.5093,"mcpPosition":[7.22874,301.034,31.7331],"pipPosition":[-2.0049,275.801,8.74944],"stabilizedTipPosition":[-14.2016,229.512,64.2457],"timeVisible":1.46444,"tipPosition":[-18.1884,250.468,-4.02125],"tipVelocity":[8.82106,-2.62253,-88.4302],"tool":false,"touchDistance":-0.418498,"touchZone":"touching","type":4,"width":16.057}],"r":[[0.964508,-0.20593,0.165277],[0.243665,0.935297,-0.256608],[-0.101739,0.287772,0.952279]],"s":0.786543,"t":[9.10583,56.0166,-184.497],"timestamp":606729327440},false],[5,{"currentFrameRate":108.021,"devices":[],"gestures":[],"hands":[{"armBasis":[[0.835466,0.0768152,-0.544147],[0.266352,0.809503,0.523223],[0.48068,-0.582069,0.655852]],"armWidth":63.7182,"confidence":0.767354,"direction":[0.0428411,0.228823,-0.972525],"elbow":[106.364,142.012,272.429],"grabStrength":0,"id":794,"palmNormal":[-0.294445,-0.927292,-0.231151],"palmPosition":[-29.6516,309.775,42.0516],"palmVelocity":[1.05123,6.54446,-115.371],"palmWidth":90.9874,"pinchStrength":0.682628,"r":[[0.964729,-0.204395,0.165892],[0.242593,0.93497,-0.258805],[-0.102205,0.289921,0.951578]],"s":0.788208,"sphereCenter":[-51.0052,269.727,12.2538],"sphereRadius":52.2538,"stabilizedPalmPosition":[-38.2463,274.842,202.574],"t":[9.13072,56.0013,-185.531],"timeVisible":1.47332,"type":"right","wrist":[-23.4157,299.167,95.3542]}],"id":4401148,"interactionBox":{"center":[0,200,0],"size":[235.247,235.247,147.751]},"pointables":[{"bases":[[[0.655891,0.754833,0.00585067],[-0.653382,0.563823,0.505168],[0.378019,-0.335158,0.863001]],[[0.497139,0.822819,-0.275358],[-0.839579,0.536276,0.0866886],[0.218997,0.188089,0.957425]],[[0.497139,0.822819,-0.275358],[-0.867671,0.471278,-0.158255],[-0.000444826,0.317595,0.948226]],[[0.497139,0.822819,-0.275358],[-0.757947,0.257351,-0.599406],[-0.422338,0.506695,0.751592]]],"btipPosition":[-54.9907,264.739,-0.736004],"carpPosition":[-53.9584,296.815,96.9739],"dipPosition":[-64.8747,276.598,16.8535],"direction":[0.000444826,-0.317595,-0.948226],"extended":false,"handId":794,"id":7940,"length":52.1149,"mcpPosition":[-53.9584,296.815,96.9739],"pipPosition":[-64.8899,287.426,49.1829],"stabilizedTipPosition":[-62.6824,243.436,93.0159],"timeVisible":1.47332,"tipPosition":[-56.635,266.424,3.60073],"tipVelocity":[-6.65403,23.4566,-112.5],"tool":false,"touchDistance":-0.436926,"touchZone":"touching","type":0,"width":20.2494},{"bases":[[[0.948347,-0.253632,-0.190546],[0.273674,0.957874,0.0870658],[0.160436,-0.134716,0.97781]],[[0.961465,-0.269982,-0.0519052],[0.272373,0.961077,0.0463013],[0.0373844,-0.0586547,0.997578]],[[0.961465,-0.269982,-0.0519052],[0.267182,0.962074,-0.055028],[0.0647932,0.0390394,0.997135]],[[0.961465,-0.269982,-0.0519052],[0.261123,0.955841,-0.134843],[0.0860184,0.116094,0.989507]]],"btipPosition":[-56.4875,324.508,-64.9341],"carpPosition":[-40.0429,315.005,90.8644],"dipPosition":[-55.0179,326.492,-48.0283],"direction":[-0.0647932,-0.0390394,-0.997135],"extended":true,"handId":794,"id":7941,"length":58.8059,"mcpPosition":[-51.8458,324.916,18.9294],"pipPosition":[-53.4519,327.435,-23.9278],"stabilizedTipPosition":[-58.2521,295.295,48.6355],"timeVisible":1.47332,"tipPosition":[-56.2418,323.702,-60.9706],"tipVelocity":[-1.14435,4.50519,-119.33],"tool":false,"touchDistance":-0.45135,"touchZone":"touching","type":1,"width":19.3423},{"bases":[[[0.900661,-0.429054,-0.0687204],[0.433519,0.898014,0.0750448],[0.0295136,-0.0973815,0.994809]],[[0.895877,-0.438479,0.0716999],[0.340793,0.574616,-0.744095],[0.28507,0.691052,0.664215]],[[0.895877,-0.438479,0.0716999],[0.252178,0.368955,-0.894583],[0.365802,0.819517,0.441113]],[[0.895877,-0.438479,0.0716999],[0.193911,0.240675,-0.951038],[0.399754,0.865917,0.300641]]],"btipPosition":[-61.8331,247.536,-31.4956],"carpPosition":[-28.1202,313.625,88.1157],"dipPosition":[-54.3212,263.808,-25.8461],"direction":[-0.365802,-0.819517,-0.441113],"extended":false,"handId":794,"id":7942,"length":67.0045,"mcpPosition":[-30.1793,320.419,18.7118],"pipPosition":[-43.9194,287.111,-13.3028],"stabilizedTipPosition":[-57.6955,239.396,38.7486],"timeVisible":1.47332,"tipPosition":[-60.2589,251.087,-29.7516],"tipVelocity":[11.7205,-11.0044,-108.708],"tool":false,"touchDistance":-0.4447,"touchZone":"touching","type":2,"width":18.9967},{"bases":[[[0.859927,-0.505175,0.0729627],[0.497479,0.861503,0.101617],[-0.114192,-0.0510861,0.992144]],[[0.836372,-0.507427,0.207365],[0.480004,0.495265,-0.724091],[0.264722,0.705146,0.657793]],[[0.836372,-0.507427,0.207365],[0.379968,0.263998,-0.886527],[0.395103,0.820258,0.413606]],[[0.836372,-0.507427,0.207365],[0.308835,0.123657,-0.943043],[0.452883,0.852776,0.260134]]],"btipPosition":[-40.8248,242.309,-21.3258],"carpPosition":[-16.744,309.269,86.5271],"dipPosition":[-32.3634,258.242,-16.4656],"direction":[-0.395103,-0.820258,-0.413606],"extended":false,"handId":794,"id":7943,"length":64.4267,"mcpPosition":[-9.59122,312.469,24.3809],"pipPosition":[-21.4186,280.964,-5.0082],"stabilizedTipPosition":[-37.0031,230.292,45.0623],"timeVisible":1.47332,"tipPosition":[-38.8725,246.007,-20.2555],"tipVelocity":[9.64936,-10.8021,-97.472],"tool":false,"touchDistance":-0.42212,"touchZone":"touching","type":3,"width":18.0765},{"bases":[[[0.746833,-0.643047,0.169502],[0.613117,0.764522,0.19898],[-0.257542,-0.0446803,0.965233]],[[0.645999,-0.63018,0.430765],[0.716995,0.307298,-0.625688],[0.261923,0.71305,0.650351]],[[0.645999,-0.63018,0.430765],[0.607133,0.0821248,-0.790345],[0.462683,0.772094,0.435655]],[[0.645999,-0.63018,0.430765],[0.52377,-0.0445814,-0.850693],[0.555294,0.775168,0.30127]]],"btipPosition":[-20.6483,247.199,-5.93035],"carpPosition":[-7.69988,298.282,86.746],"dipPosition":[-11.0771,260.56,-0.737567],"direction":[-0.462683,-0.772094,-0.435655],"extended":false,"handId":794,"id":7944,"length":50.5093,"mcpPosition":[7.23333,300.873,30.7783],"pipPosition":[-2.02778,275.661,7.78309],"stabilizedTipPosition":[-14.2018,229.513,64.2425],"timeVisible":1.47332,"tipPosition":[-18.2752,250.351,-4.96699],"tipVelocity":[4.29191,-5.29874,-93.8795],"tool":false,"touchDistance":-0.41943,"touchZone":"touching","type":4,"width":16.057}],"r":[[0.964729,-0.204395,0.165892],[0.242593,0.93497,-0.258805],[-0.102205,0.289921,0.951578]],"s":0.788208,"t":[9.13072,56.0013,-185.531],"timestamp":606729336317},false],[6,{"currentFrameRate":108.06,"devices":[],"gestures":[],"hands":[{"armBasis":[[0.835059,0.07434,-0.545115],[0.266548,0.812105,0.519074],[0.481278,-0.578757,0.65834]],"armWidth":63.7182,"confidence":0.773509,"direction":[0.0456754,0.231295,-0.971811],"elbow":[106.231,142.723,272.108],"grabStrength":0,"id":794,"palmNormal":[-0.294429,-0.926495,-0.234348],"palmPosition":[-29.7924,309.733,41.0693],"palmVelocity":[-3.52499,3.43306,-113.019],"palmWidth":90.9874,"pinchStrength":0.680203,"r":[[0.964785,-0.203383,0.166807],[0.242007,0.934805,-0.259947],[-0.103064,0.291162,0.951106]],"s":0.789802,"sphereCenter":[-51.2993,269.911,11.0928],"sphereRadius":52.296,"stabilizedPalmPosition":[-38.2461,274.843,202.571],"t":[9.07277,55.9726,-186.539],"timeVisible":1.4825,"type":"right","wrist":[-23.7106,298.983,94.3615]}],"id":4401149,"interactionBox":{"center":[0,200,0],"size":[235.247,235.247,147.751]},"pointables":[{"bases":[[[0.656379,0.754371,0.00960065],[-0.654394,0.562964,0.504816],[0.375413,-0.337633,0.863174]],[[0.49959,0.823037,-0.270221],[-0.838787,0.537546,0.0864883],[0.216439,0.183449,0.958906]],[[0.49959,0.823037,-0.270221],[-0.866252,0.47314,-0.160456],[-0.00420899,0.314242,0.949334]],[[0.49959,0.823037,-0.270221],[-0.754513,0.260179,-0.602508],[-0.425581,0.504892,0.750976]]],"btipPosition":[-54.9596,264.961,-1.91619],"carpPosition":[-54.2592,296.648,95.891],"dipPosition":[-64.9195,276.777,15.6588],"direction":[0.00420899,-0.314242,-0.949334],"extended":false,"handId":794,"id":7940,"length":52.1149,"mcpPosition":[-54.2592,296.648,95.891],"pipPosition":[-65.063,287.491,48.026],"stabilizedTipPosition":[-62.6808,243.443,92.9904],"timeVisible":1.4825,"tipPosition":[-56.6879,266.644,2.4068],"tipVelocity":[-4.38079,23.3362,-117.071],"tool":false,"touchDistance":-0.43932,"touchZone":"touching","type":0,"width":20.2494},{"bases":[[[0.948699,-0.253784,-0.188585],[0.274075,0.957461,0.0902848],[0.15765,-0.137339,0.977898]],[[0.961398,-0.270392,-0.0510072],[0.272971,0.960558,0.0530627],[0.0346477,-0.0649379,0.997288]],[[0.961398,-0.270392,-0.0510072],[0.268025,0.962178,-0.0487478],[0.062259,0.0331948,0.997508]],[[0.961398,-0.270392,-0.0510072],[0.262127,0.956361,-0.129085],[0.0836849,0.110732,0.990321]]],"btipPosition":[-56.3357,325.043,-65.9488],"carpPosition":[-40.3147,314.844,89.8667],"dipPosition":[-54.9059,326.935,-49.029],"direction":[-0.062259,-0.0331948,-0.997508],"extended":true,"handId":794,"id":7941,"length":58.8059,"mcpPosition":[-51.9126,324.948,17.9251],"pipPosition":[-53.4011,327.738,-24.9195],"stabilizedTipPosition":[-58.252,295.295,48.6329],"timeVisible":1.4825,"tipPosition":[-56.0894,324.214,-61.9904],"tipVelocity":[3.51547,18.8798,-116.762],"tool":false,"touchDistance":-0.44972,"touchZone":"touching","type":1,"width":19.3423},{"bases":[[[0.900559,-0.429486,-0.0673429],[0.433913,0.897524,0.0785502],[0.0267057,-0.0999601,0.994633]],[[0.89539,-0.439266,0.0729494],[0.343123,0.576228,-0.741773],[0.2838,0.689207,0.666672]],[[0.89539,-0.439266,0.0729494],[0.253636,0.368477,-0.894368],[0.365985,0.819311,0.441344]],[[0.89539,-0.439266,0.0729494],[0.194633,0.238739,-0.951379],[0.400492,0.866054,0.29926]]],"btipPosition":[-61.8603,247.646,-32.5507],"carpPosition":[-28.3854,313.464,87.1472],"dipPosition":[-54.3345,263.921,-26.9272],"direction":[-0.365985,-0.819311,-0.441344],"extended":false,"handId":794,"id":7942,"length":67.0045,"mcpPosition":[-30.2486,320.437,17.7556],"pipPosition":[-43.9275,287.218,-14.3773],"stabilizedTipPosition":[-57.6955,239.396,38.7478],"timeVisible":1.4825,"tipPosition":[-60.2582,251.23,-30.8972],"tipVelocity":[7.71717,-4.55587,-110.615],"tool":false,"touchDistance":-0.44448,"touchZone":"touching","type":2,"width":18.9967},{"bases":[[[0.859384,-0.505944,0.074031],[0.497775,0.860902,0.105205],[-0.116961,-0.0535606,0.991691]],[[0.835306,-0.508515,0.208991],[0.483325,0.498032,-0.719973],[0.262033,0.702408,0.661787]],[[0.835306,-0.508515,0.208991],[0.383457,0.266455,-0.884286],[0.393986,0.818788,0.417565]],[[0.835306,-0.508515,0.208991],[0.312076,0.125598,-0.941718],[0.452629,0.851844,0.263608]]],"btipPosition":[-40.7593,242.479,-22.5987],"carpPosition":[-17.0078,309.103,85.5788],"dipPosition":[-32.3027,258.395,-17.6736],"direction":[-0.393986,-0.818788,-0.417565],"extended":false,"handId":794,"id":7943,"length":64.4267,"mcpPosition":[-9.68159,312.458,23.461],"pipPosition":[-21.3888,281.076,-6.10655],"stabilizedTipPosition":[-37.0031,230.293,45.061],"timeVisible":1.4825,"tipPosition":[-38.8365,246.156,-21.4775],"tipVelocity":[8.91351,-2.73267,-108.507],"tool":false,"touchDistance":-0.427111,"touchZone":"touching","type":3,"width":18.0765},{"bases":[[[0.745931,-0.643987,0.169904],[0.613079,0.763592,0.202636],[-0.260232,-0.0469884,0.964402]],[[0.644379,-0.631722,0.430932],[0.718957,0.308485,-0.622846],[0.26053,0.711171,0.652962]],[[0.644379,-0.631722,0.430932],[0.609021,0.0831512,-0.788783],[0.462459,0.770723,0.438313]],[[0.644379,-0.631722,0.430932],[0.525404,-0.0437155,-0.849729],[0.555631,0.773961,0.30374]]],"btipPosition":[-20.7163,247.275,-7.02068],"carpPosition":[-7.9717,298.11,85.7943],"dipPosition":[-11.1393,260.615,-1.78532],"direction":[-0.462459,-0.770723,-0.438313],"extended":false,"handId":794,"id":7944,"length":50.5093,"mcpPosition":[7.11748,300.835,29.8749],"pipPosition":[-2.09438,275.689,6.78731],"stabilizedTipPosition":[-14.2019,229.513,64.2402],"timeVisible":1.4825,"tipPosition":[-18.3393,250.421,-6.05068],"tipVelocity":[1.06476,-1.65629,-100.521],"tool":false,"touchDistance":-0.42