{"sensorType":"Leap","data":[[0,{"currentFrameRate":110.559,"devices":[],"gestures":[],"hands":[{"armBasis":[[0.785653,0.125361,-0.605833],[0.204069,0.871937,0.445064],[0.584042,-0.473298,0.659458]],"armWidth":63.7182,"confidence":0.657736,"direction":[0.0140911,0.282548,-0.95915],"elbow":[136.876,171.012,272.671],"grabStrength":0,"id":789,"palmNormal":[-0.209911,-0.937033,-0.279117],"palmPosition":[-28.4089,311.573,41.9757],"palmVelocity":[-16.0014,-37.6174,140.311],"palmWidth":90.9874,"pinchStrength":1,"r":[[0.859914,0.347276,0.374095],[-0.366677,0.930121,-0.0205784],[-0.3551,-0.119476,0.927162]],"s":0.988184,"sphereCenter":[-79.0875,303.382,13.81],"sphereRadius":61.2242,"stabilizedPalmPosition":[-19.9439,323.586,3.61226],"t":[-1.94453,53.4941,-222.137],"timeVisible":4.85365,"type":"right","wrist":[-20.8111,298.799,94.6226]}],"id":4397534,"interactionBox":{"center":[0,200,0],"size":[235.247,235.247,147.751]},"pointables":[{"bases":[[[0.583891,0.810642,0.0439352],[-0.698406,0.473985,0.536253],[0.413885,-0.343798,0.842913]],[[0.481943,0.86539,-0.137231],[-0.862821,0.495993,0.0976277],[0.152551,0.0713544,0.985716]],[[0.481943,0.86539,-0.137231],[-0.876158,0.474384,-0.0854835],[-0.0088766,0.161434,0.986844]],[[0.481943,0.86539,-0.137231],[-0.651284,0.249037,-0.716805],[-0.58614,0.434835,0.683636]]],"btipPosition":[-44.5903,274.322,-2.64367],"carpPosition":[-50.9955,293.564,96.2047],"dipPosition":[-58.3077,284.498,13.3554],"direction":[0.0088766,-0.161434,-0.986844],"extended":false,"handId":789,"id":7890,"length":52.1149,"mcpPosition":[-50.9955,293.564,96.2047],"pipPosition":[-58.6103,290.002,47.0015],"stabilizedTipPosition":[-36.3376,281.489,-30.2268],"timeVisible":4.85365,"tipPosition":[-47.5281,276.644,1.25597],"tipVelocity":[-28.0341,-8.72715,117.046],"tool":false,"touchDistance":0.341721,"touchZone":"hovering","type":0,"width":20.2494},{"bases":[[[0.966106,-0.154915,-0.206495],[0.1853,0.973097,0.136916],[0.179729,-0.170539,0.968821]],[[0.961463,-0.150733,-0.229932],[0.229102,0.901586,0.366955],[0.151991,-0.405491,0.901374]],[[0.961463,-0.150733,-0.229932],[0.202163,0.954394,0.219689],[0.186331,-0.257706,0.948087]],[[0.961463,-0.150733,-0.229932],[0.174727,0.980702,0.0877175],[0.212272,-0.124512,0.969246]]],"btipPosition":[-66.738,351.576,-58.4452],"carpPosition":[-38.8558,313.253,91.0273],"dipPosition":[-63.1113,349.448,-41.8856],"direction":[-0.186331,0.257706,-0.948087],"extended":true,"handId":789,"id":7891,"length":58.8059,"mcpPosition":[-52.078,325.799,19.7535],"pipPosition":[-58.6077,343.22,-18.9706],"stabilizedTipPosition":[-49.5713,346.372,-97.234],"timeVisible":4.85365,"tipPosition":[-65.2766,350.902,-54.8101],"tipVelocity":[-23.4077,43.0296,172.218],"tool":false,"touchDistance":0.478807,"touchZone":"hovering","type":1,"width":19.3423},{"bases":[[[0.935667,-0.340135,-0.0939999],[0.349865,0.928917,0.121272],[0.0460694,-0.146357,0.988159]],[[0.936686,-0.344859,-0.0607548],[0.177236,0.616543,-0.767113],[0.302004,0.707776,0.638629]],[[0.936686,-0.344859,-0.0607548],[-0.281649,-0.638876,-0.715899],[0.20807,0.687684,-0.695555]],[[0.936686,-0.344859,-0.0607548],[-0.34594,-0.938223,-0.00792841],[-0.0542674,0.0284439,-0.998121]]],"btipPosition":[-49.5458,269.131,26.988],"carpPosition":[-26.8786,313.123,88.1745],"dipPosition":[-50.5655,269.665,8.23182],"direction":[-0.20807,-0.687684,0.695555],"extended":false,"handId":789,"id":7892,"length":67.0045,"mcpPosition":[-30.0927,323.334,19.2346],"pipPosition":[-44.649,289.22,-11.5467],"stabilizedTipPosition":[-39.6845,277.399,-21.1963],"timeVisible":4.85365,"tipPosition":[-49.7721,269.347,22.2684],"tipVelocity":[-36.8647,-16.8399,94.9098],"tool":false,"touchDistance":0.333333,"touchZone":"none","type":2,"width":18.9967},{"bases":[[[0.903193,-0.427017,0.0435677],[0.41711,0.897104,0.145684],[-0.101294,-0.113409,0.988371]],[[0.900728,-0.429424,0.0654494],[0.311446,0.533402,-0.786437],[0.302804,0.72875,0.614193]],[[0.900728,-0.429424,0.0654494],[-0.269087,-0.669883,-0.691989],[0.341,0.605682,-0.718935]],[[0.900728,-0.429424,0.0654494],[-0.430661,-0.902497,0.005418],[0.0567413,-0.0330667,-0.997841]]],"btipPosition":[-32.8535,268.306,35.5315],"carpPosition":[-15.1634,309.922,86.3239],"dipPosition":[-31.7934,267.688,16.8883],"direction":[-0.341,-0.605682,0.718935],"extended":false,"handId":789,"id":7893,"length":64.4267,"mcpPosition":[-8.81847,317.025,24.4141],"pipPosition":[-22.3473,284.466,-3.02704],"stabilizedTipPosition":[-22.8188,274.005,-11.1479],"timeVisible":4.85365,"tipPosition":[-32.5322,268.201,30.7482],"tipVelocity":[-35.6634,-28.6021,120.219],"tool":false,"touchDistance":0.333333,"touchZone":"none","type":3,"width":18.0765},{"bases":[[[0.803982,-0.579591,0.132994],[0.541914,0.806199,0.237431],[-0.244833,-0.118819,0.962257]],[[0.827217,-0.561569,0.0187673],[0.370757,0.520435,-0.769212],[0.422198,0.643263,0.638718]],[[0.827217,-0.561569,0.0187673],[-0.382265,-0.586945,-0.713701],[0.411808,0.583211,-0.700199]],[[0.827217,-0.561569,0.0187673],[-0.560331,-0.826953,-0.0466726],[0.0417296,0.0280925,-0.998734]]],"btipPosition":[-14.6533,272.072,38.4639],"carpPosition":[-5.1479,299.818,85.9337],"dipPosition":[-13.934,272.556,21.2494],"direction":[-0.411808,-0.583211,0.700199],"extended":false,"handId":789,"id":7894,"length":50.5093,"mcpPosition":[9.04837,306.707,30.1386],"pipPosition":[-5.87981,283.963,7.55471],"stabilizedTipPosition":[-5.29266,277.284,-5.05686],"timeVisible":4.85365,"tipPosition":[-14.3986,272.251,33.709],"tipVelocity":[-32.8946,-39.7606,109.279],"tool":false,"touchDistance":0.333333,"touchZone":"none","type":4,"width":16.057}],"r":[[0.859914,0.347276,0.374095],[-0.366677,0.930121,-0.0205784],[-0.3551,-0.119476,0.927162]],"s":0.988184,"t":[-1.94453,53.4941,-222.137],"timestamp":606695532372},false],[1,{"currentFrameRate":109.449,"devices":[],"gestures":[],"hands":[{"armBasis":[[0.621265,-0.366173,-0.692782],[0.596327,0.794484,0.114839],[0.508354,-0.484471,0.711944]],"armWidth":63.7182,"confidence":0.807796,"direction":[0.022265,0.330804,-0.943437],"elbow":[136.363,157.711,285.149],"grabStrength":0,"id":789,"palmNormal":[-0.601111,-0.749614,-0.277028],"palmPosition":[-8.37224,307.509,42.1769],"palmVelocity":[-33.7157,33.3502,-115.777],"palmWidth":90.9874,"pinchStrength":1,"r":[[0.92445,-0.0769699,0.373455],[0.164472,0.964109,-0.208428],[-0.344009,0.254103,0.90393]],"s":1.02738,"sphereCenter":[-35.4786,284.478,11.7112],"sphereRadius":43.8502,"stabilizedPalmPosition":[7.8555,273.741,215.782],"t":[18.3383,48.6958,-219.927],"timeVisible":6.73379,"type":"right","wrist":[-0.888484,288.514,92.9293]}],"id":4397736,"interactionBox":{"center":[0,200,0],"size":[235.247,235.247,147.751]},"pointables":[{"bases":[[[0.863452,0.50434,-0.00961394],[-0.382778,0.667508,0.638682],[0.32853,-0.547791,0.769411]],[[0.682021,0.670504,-0.292013],[-0.633087,0.741189,0.223248],[0.366126,0.0326093,0.929994]],[[0.682021,0.670504,-0.292013],[-0.723943,0.675594,-0.139571],[0.103699,0.306591,0.946176]],[[0.682021,0.670504,-0.292013],[-0.712266,0.518414,-0.473206],[-0.165903,0.530727,0.831147]]],"btipPosition":[-48.1582,271.128,0.2261],"carpPosition":[-30.2297,295.629,98.3587],"dipPosition":[-52.0408,283.548,19.6774],"direction":[-0.103699,-0.306591,-0.946176],"extended":false,"handId":789,"id":7890,"length":52.1149,"mcpPosition":[-30.2297,295.629,98.3587],"pipPosition":[-48.5053,294.001,51.9369],"stabilizedTipPosition":[-34.7356,253.831,169.226],"timeVisible":6.73379,"tipPosition":[-49.8206,274.309,4.63306],"tipVelocity":[-35.9177,23.4608,-96.0049],"tool":false,"touchDistance":-0.44414,"touchZone":"hovering","type":0,"width":20.2494},{"bases":[[[0.791253,-0.509597,-0.337978],[0.577819,0.803974,0.140537],[0.200108,-0.306491,0.930602]],[[0.813299,-0.552772,-0.181627],[0.567348,0.822655,0.0367953],[0.129077,-0.132971,0.982679]],[[0.813299,-0.552772,-0.181627],[0.553503,0.83126,-0.0513933],[0.179388,-0.058733,0.982024]],[[0.813299,-0.552772,-0.181627],[0.539712,0.833332,-0.119452],[0.217385,-0.000876452,0.976086]]],"btipPosition":[-40.1118,338.897,-58.8796],"carpPosition":[-11.7952,309.202,92.2113],"dipPosition":[-36.3977,338.882,-42.2031],"direction":[-0.179388,0.058733,-0.982024],"extended":true,"handId":789,"id":7891,"length":58.8059,"mcpPosition":[-26.5167,331.75,23.7492],"pipPosition":[-32.062,337.463,-18.4679],"stabilizedTipPosition":[-20.353,285.46,112.913],"timeVisible":6.73379,"tipPosition":[-39.96,337.595,-54.9402],"tipVelocity":[-33.9542,37.7726,-119.456],"tool":false,"touchDistance":-0.481916,"touchZone":"hovering","type":1,"width":19.3423},{"bases":[[[0.700839,-0.675861,-0.228116],[0.707525,0.699322,0.101772],[0.090743,-0.232724,0.9683]],[[0.702637,-0.680737,-0.207117],[0.391903,0.613189,-0.685865],[0.593896,0.400745,0.697633]],[[0.702637,-0.680737,-0.207117],[-0.523134,-0.296908,-0.798859],[0.482319,0.669659,-0.564736]],[[0.702637,-0.680737,-0.207117],[-0.710278,-0.688396,-0.147024],[-0.0424935,0.250416,-0.967205]]],"btipPosition":[-49.1641,277.717,20.8397],"carpPosition":[-1.29161,304.544,87.7856],"dipPosition":[-49.9626,282.423,2.66446],"direction":[-0.482319,-0.669658,0.564736],"extended":false,"handId":789,"id":7892,"length":67.0045,"mcpPosition":[-7.62239,320.78,20.2311],"pipPosition":[-36.2476,301.465,-13.3941],"stabilizedTipPosition":[-18.485,234.646,205.986],"timeVisible":6.73379,"tipPosition":[-49.1465,278.533,18.1184],"tipVelocity":[-39.0654,35.4743,-149.461],"tool":false,"touchDistance":0.333333,"touchZone":"none","type":2,"width":18.9967},{"bases":[[[0.65121,-0.753524,-0.0901551],[0.75832,0.641473,0.116029],[-0.0295989,-0.143926,0.989146]],[[0.650099,-0.757325,-0.0618824],[0.505649,0.491968,-0.708722],[0.567177,0.429449,0.702768]],[[0.650099,-0.757325,-0.0618824],[-0.478796,-0.345042,-0.80728],[0.590021,0.554441,-0.586916]],[[0.650099,-0.757325,-0.0618824],[-0.756537,-0.637521,-0.145666],[0.070865,0.141514,-0.987397]]],"btipPosition":[-33.3165,268.928,25.6436],"carpPosition":[7.83832,297.103,84.2942],"dipPosition":[-31.9925,271.572,7.19565],"direction":[-0.590021,-0.554441,0.586916],"extended":false,"handId":789,"id":7893,"length":64.4267,"mcpPosition":[9.69234,306.118,22.3359],"pipPosition":[-15.6482,286.931,-9.06263],"stabilizedTipPosition":[-8.6827,226.948,224.929],"timeVisible":6.73379,"tipPosition":[-32.9405,269.491,22.8023],"tipVelocity":[-34.29,28.4212,-130.91],"tool":false,"touchDistance":0.333333,"touchZone":"none","type":3,"width":18.0765},{"bases":[[[0.509099,-0.860679,0.0070099],[0.844762,0.501211,0.187524],[-0.164912,-0.0895468,0.982235]],[[0.472084,-0.862994,0.179939],[0.674146,0.221891,-0.704479],[0.568034,0.453879,0.686536]],[[0.472084,-0.862994,0.179939],[-0.451697,-0.412083,-0.791301],[0.757037,0.292283,-0.58435]],[[0.472084,-0.862994,0.179939],[-0.849941,-0.499744,-0.166903],[0.23396,-0.0741449,-0.969415]]],"btipPosition":[-16.5749,268.619,29.176],"carpPosition":[12.7865,283.914,82.2662],"dipPosition":[-12.5423,267.341,12.4669],"direction":[-0.757037,-0.292283,0.58435],"extended":false,"handId":789,"id":7894,"length":50.5093,"mcpPosition":[22.3487,289.106,25.3127],"pipPosition":[2.26404,273.058,1.03801],"stabilizedTipPosition":[10.1271,235.71,215.802],"timeVisible":6.73379,"tipPosition":[-15.6774,268.498,26.5723],"tipVelocity":[-31.1112,25.8625,-122.794],"tool":false,"touchDistance":0.333333,"touchZone":"none","type":4,"width":16.057}],"r":[[0.92445,-0.0769699,0.373455],[0.164472,0.964109,-0.208428],[-0.344009,0.254103,0.90393]],"s":1.02738,"t":[18.3383,48.6958,-219.927],"timestamp":606697412504},false],[2,{"currentFrameRate":109.542,"devices":[],"gestures":[],"hands":[{"armBasis":[[0.621591,-0.366829,-0.692142],[0.59617,0.794691,0.114223],[0.508139,-0.483635,0.712666]],"armWidth":63.7182,"confidence":0.810536,"direction":[0.0214271,0.329689,-0.943846],"elbow":[136.164,158.238,284.817],"grabStrength":0,"id":789,"palmNormal":[-0.60103,-0.750175,-0.275683],"palmPosition":[-8.55905,307.747,41.6335],"palmVelocity":[-30.1933,31.5117,-100.688],"palmWidth":90.9874,"pinchStrength":1,"r":[[0.925071,-0.0757635,0.372161],[0.163757,0.963702,-0.210859],[-0.342677,0.256004,0.9039]],"s":1.02727,"sphereCenter":[-35.6277,284.709,11.1774],"sphereRadius":43.8709,"stabilizedPalmPosition":[7.85478,273.743,215.774],"t":[18.0819,48.9988,-220.696],"timeVisible":6.74275,"type":"right","wrist":[-1.02976,288.816,92.4027]}],"id":4397737,"interactionBox":{"center":[0,200,0],"size":[235.247,235.247,147.751]},"pointables":[{"bases":[[[0.863249,0.504661,-0.0108644],[-0.382555,0.66812,0.638175],[0.329321,-0.546748,0.769814]],[[0.681672,0.670351,-0.293177],[-0.632223,0.741358,0.225128],[0.368264,0.0318897,0.929174]],[[0.681672,0.670351,-0.293177],[-0.724231,0.675163,-0.14016],[0.103986,0.307871,0.945729]],[[0.681672,0.670351,-0.293177],[-0.712655,0.517602,-0.473509],[-0.165668,0.531712,0.830564]]],"btipPosition":[-48.4202,271.394,-0.217017],"carpPosition":[-30.3696,295.926,97.8457],"dipPosition":[-52.2973,283.838,19.2206],"direction":[-0.103986,-0.307871,-0.945729],"extended":false,"handId":789,"id":7890,"length":52.1149,"mcpPosition":[-30.3696,295.926,97.8457],"pipPosition":[-48.7519,294.334,51.4649],"stabilizedTipPosition":[-34.7377,253.834,169.201],"timeVisible":6.74275,"tipPosition":[-50.0217,274.531,4.18083],"tipVelocity":[-34.0476,25.3363,-83.3589],"tool":false,"touchDistance":-0.434753,"touchZone":"hovering","type":0,"width":20.2494},{"bases":[[[0.791195,-0.509694,-0.337968],[0.577615,0.804363,0.139145],[0.200927,-0.305306,0.930815]],[[0.813331,-0.552537,-0.182194],[0.567478,0.822465,0.0389963],[0.128301,-0.135108,0.982489]],[[0.813331,-0.552537,-0.182194],[0.553557,0.831311,-0.0499744],[0.179073,-0.0602091,0.981992]],[[0.813331,-0.552537,-0.182194],[0.539634,0.833486,-0.118726],[0.217457,-0.00175476,0.976068]]],"btipPosition":[-40.2821,339.249,-59.429],"carpPosition":[-11.945,309.499,91.6683],"dipPosition":[-36.5668,339.219,-42.7528],"direction":[-0.179073,0.0602091,-0.981992],"extended":true,"handId":789,"id":7891,"length":58.8059,"mcpPosition":[-26.7267,331.96,23.1906],"pipPosition":[-32.2387,337.764,-19.0183],"stabilizedTipPosition":[-20.3577,285.473,112.871],"timeVisible":6.74275,"tipPosition":[-40.1142,337.954,-55.4964],"tipVelocity":[-29.854,38.085,-103.544],"tool":false,"touchDistance":-0.4703,"touchZone":"hovering","type":1,"width":19.3423},{"bases":[[[0.700927,-0.675862,-0.22784],[0.707331,0.699715,0.100407],[0.0915617,-0.231536,0.968508]],[[0.702767,-0.680777,-0.206546],[0.392814,0.613381,-0.685173],[0.593141,0.400382,0.698482]],[[0.702767,-0.680777,-0.206546],[-0.52255,-0.296946,-0.799227],[0.482763,0.669601,-0.564424]],[[0.702767,-0.680777,-0.206546],[-0.710139,-0.688705,-0.14625],[-0.0426854,0.249456,-0.967445]]],"btipPosition":[-49.3452,277.967,20.2346],"carpPosition":[-1.44295,304.84,87.2403],"dipPosition":[-50.1473,282.655,2.05488],"direction":[-0.482763,-0.669601,0.564424],"extended":false,"handId":789,"id":7892,"length":67.0045,"mcpPosition":[-7.83085,320.993,19.6713],"pipPosition":[-36.4197,301.695,-13.9949],"stabilizedTipPosition":[-18.4876,234.65,205.97],"timeVisible":6.74275,"tipPosition":[-49.3426,278.776,17.4792],"tipVelocity":[-33.9305,33.273,-127.069],"tool":false,"touchDistance":0.333333,"touchZone":"none","type":2,"width":18.9967},{"bases":[[[0.651432,-0.75338,-0.089749],[0.75816,0.641902,0.114695],[-0.0287987,-0.14276,0.989338]],[[0.650339,-0.757163,-0.0613488],[0.506597,0.492465,-0.707698],[0.566055,0.429165,0.703846]],[[0.650339,-0.757163,-0.0613488],[-0.477542,-0.344687,-0.808174],[0.590773,0.554883,-0.58574]],[[0.650339,-0.757163,-0.0613488],[-0.756272,-0.637737,-0.146095],[0.0714934,0.141408,-0.987366]]],"btipPosition":[-33.5002,269.153,25.007],"carpPosition":[7.68722,297.398,83.7509],"dipPosition":[-32.1644,271.795,6.55956],"direction":[-0.590773,-0.554883,0.58574],"extended":false,"handId":789,"id":7893,"length":64.4267,"mcpPosition":[9.49112,306.34,21.7805],"pipPosition":[-15.7993,287.166,-9.66616],"stabilizedTipPosition":[-8.68356,226.949,224.922],"timeVisible":6.74275,"tipPosition":[-33.1259,269.713,22.1453],"tipVelocity":[-30.4313,27.4834,-114.522],"tool":false,"touchDistance":0.333333,"touchZone":"none","type":3,"width":18.0765},{"bases":[[[0.509436,-0.860475,0.00765041],[0.844709,0.501759,0.186292],[-0.164138,-0.0884412,0.982465]],[[0.472679,-0.86263,0.180123],[0.673182,0.221556,-0.705506],[0.568683,0.454734,0.685432]],[[0.472679,-0.86263,0.180123],[-0.452478,-0.412975,-0.79039],[0.7562,0.292099,-0.585525]],[[0.472679,-0.86263,0.180123],[-0.849899,-0.500269,-0.165536],[0.232906,-0.0748414,-0.969615]]],"btipPosition":[-16.7557,268.835,28.6968],"carpPosition":[12.639,284.208,81.7348],"dipPosition":[-12.7413,267.545,11.9842],"direction":[-0.7562,-0.292099,0.585525],"extended":false,"handId":789,"id":7894,"length":50.5093,"mcpPosition":[22.1563,289.336,24.768],"pipPosition":[2.04869,273.258,0.532354],"stabilizedTipPosition":[10.1265,235.71,215.798],"timeVisible":6.74275,"tipPosition":[-15.8607,268.711,26.0688],"tipVelocity":[-28.2458,25.2907,-103.848],"tool":false,"touchDistance":0.333333,"touchZone":"none","type":4,"width":16.057}],"r":[[0.925071,-0.0757635,0.372161],[0.163757,0.963702,-0.210859],[-0.342677,0.256004,0.9039]],"s":1.02727,"t":[18.0819,48.9988,-220.696],"timestamp":606697421467},false],[3,{"currentFrameRate":109.614,"devices":[],"gestures":[],"hands":[{"armBasis":[[0.620968,-0.368957,-0.69157],[0.597594,0.793782,0.113098],[0.507228,-0.483509,0.7134]],"armWidth":63.7182,"confidence":0.821288,"direction":[0.0210268,0.328568,-0.944246],"elbow":[135.762,158.669,284.202],"grabStrength":0,"id":789,"palmNormal":[-0.60251,-0.749521,-0.274226],"palmPosition":[-8.73462,308.098,40.8063],"palmVelocity":[-27.2636,33.559,-98.2922],"palmWidth":90.9874,"pinchStrength":1,"r":[[0.925615,-0.0750135,0.370958],[0.163452,0.96327,-0.213057],[-0.341351,0.257843,0.903879]],"s":1.02744,"sphereCenter":[-35.8712,285.127,10.3741],"sphereRadius":43.9079,"stabilizedPalmPosition":[7.85376,273.745,215.763],"t":[17.8659,49.3255,-221.494],"timeVisible":6.75175,"type":"right","wrist":[-1.18575,289.213,91.5899]}],"id":4397738,"interactionBox":{"center":[0,200,0],"size":[235.247,235.247,147.751]},"pointables":[{"bases":[[[0.864051,0.503254,-0.0122966],[-0.380847,0.66947,0.637782],[0.329199,-0.546393,0.770119]],[[0.682514,0.668886,-0.294561],[-0.630173,0.742714,0.226402],[0.370212,0.0311024,0.928427]],[[0.682514,0.668886,-0.294561],[-0.723268,0.676117,-0.140533],[0.105157,0.308962,0.945243]],[[0.682514,0.668886,-0.294561],[-0.712213,0.518195,-0.473525],[-0.164094,0.532978,0.830065]]],"btipPosition":[-48.7333,271.817,-0.943572],"carpPosition":[-30.5087,296.377,97.0536],"dipPosition":[-52.5735,284.29,18.4824],"direction":[-0.105157,-0.308962,-0.945243],"extended":false,"handId":789,"id":7890,"length":52.1149,"mcpPosition":[-30.5087,296.377,97.0536],"pipPosition":[-48.9882,294.824,50.7101],"stabilizedTipPosition":[-34.7409,253.838,169.166],"timeVisible":6.75175,"tipPosition":[-50.2828,274.929,3.44788],"tipVelocity":[-33.9978,31.4935,-82.7312],"tool":false,"touchDistance":-0.43055,"touchZone":"hovering","type":0,"width":20.2494},{"bases":[[[0.790038,-0.511359,-0.33816],[0.579048,0.80359,0.137649],[0.201353,-0.304559,0.930968]],[[0.812198,-0.553871,-0.183197],[0.569265,0.821117,0.0412888],[0.127557,-0.137822,0.982209]],[[0.812198,-0.553871,-0.183197],[0.555283,0.830256,-0.0483318],[0.17887,-0.062471,0.981887]],[[0.812198,-0.553871,-0.183197],[0.541236,0.832595,-0.117684],[0.21771,-0.00356996,0.976007]]],"btipPosition":[-40.4042,339.81,-60.2506],"carpPosition":[-12.0683,309.913,90.8424],"dipPosition":[-36.6846,339.749,-43.5754],"direction":[-0.17887,0.062471,-0.981887],"extended":true,"handId":789,"id":7891,"length":58.8059,"mcpPosition":[-26.8814,332.318,22.3534],"pipPosition":[-32.3614,338.239,-19.8434],"stabilizedTipPosition":[-20.3633,285.489,112.822],"timeVisible":6.75175,"tipPosition":[-40.2203,338.513,-56.3255],"tipVelocity":[-25.3577,44.5279,-100.2],"tool":false,"touchDistance":-0.46393,"touchZone":"hovering","type":1,"width":19.3423},{"bases":[[[0.699612,-0.677254,-0.227751],[0.708557,0.698688,0.0989034],[0.0921444,-0.230569,0.968683]],[[0.701475,-0.682179,-0.20631],[0.393619,0.612159,-0.685803],[0.594135,0.399866,0.697933]],[[0.701475,-0.682179,-0.20631],[-0.523535,-0.296815,-0.798631],[0.483573,0.668231,-0.565354]],[[0.701475,-0.682179,-0.20631],[-0.711387,-0.687729,-0.144765],[-0.0431298,0.248316,-0.967719]]],"btipPosition":[-49.5837,278.376,19.4495],"carpPosition":[-1.5782,305.231,86.4094],"dipPosition":[-50.3942,283.043,1.26467],"direction":[-0.483573,-0.668231,0.565354],"extended":false,"handId":789,"id":7892,"length":67.0045,"mcpPosition":[-8.00675,321.317,18.8282],"pipPosition":[-36.6435,302.044,-14.8115],"stabilizedTipPosition":[-18.4907,234.655,205.952],"timeVisible":6.75175,"tipPosition":[-49.59,279.183,16.6637],"tipVelocity":[-31.9539,36.4803,-116.184],"tool":false,"touchDistance":0.333333,"touchZone":"none","type":2,"width":18.9967},{"bases":[[[0.650128,-0.754533,-0.0895226],[0.759307,0.64081,0.113208],[-0.0280521,-0.141575,0.98953]],[[0.649049,-0.7583,-0.0609647],[0.507566,0.491343,-0.707785],[0.566667,0.428444,0.703793]],[[0.649049,-0.7583,-0.0609647],[-0.478086,-0.344243,-0.808041],[0.591751,0.553605,-0.585963]],[[0.649049,-0.7583,-0.0609647],[-0.757395,-0.636598,-0.145245],[0.0713294,0.140446,-0.987516]]],"btipPosition":[-33.749,269.537,24.175],"carpPosition":[7.53651,297.771,82.9196],"dipPosition":[-32.4163,272.161,5.72481],"direction":[-0.591751,-0.553605,0.585963],"extended":false,"handId":789,"id":7893,"length":64.4267,"mcpPosition":[9.29365,306.639,20.9372],"pipPosition":[-16.0241,287.496,-10.5071],"stabilizedTipPosition":[-8.68464,226.951,224.913],"timeVisible":6.75175,"tipPosition":[-33.3796,270.091,21.2842],"tipVelocity":[-29.6938,31.5363,-108.495],"tool":false,"touchDistance":0.333333,"touchZone":"none","type":3,"width":18.0765},{"bases":[[[0.508056,-0.861286,0.00814005],[0.845701,0.500609,0.184881],[-0.16331,-0.0870456,0.982727]],[[0.471961,-0.863312,0.178732],[0.677107,0.225118,-0.700605],[0.564605,0.451679,0.690802]],[[0.471961,-0.863312,0.178732],[-0.447753,-0.409359,-0.794948],[0.759454,0.295157,-0.579752]],[[0.471961,-0.863312,0.178732],[-0.849502,-0.499546,-0.169707],[0.235795,-0.0717383,-0.969151]]],"btipPosition":[-16.9469,269.111,27.5498],"carpPosition":[12.465,284.571,80.9138],"dipPosition":[-12.8827,267.875,10.8452],"direction":[-0.759454,-0.295157,0.579752],"extended":false,"handId":789,"id":7894,"length":50.5093,"mcpPosition":[21.9343,289.618,23.9318],"pipPosition":[1.97091,273.647,-0.493695],"stabilizedTipPosition":[10.1258,235.711,215.793],"timeVisible":6.75175,"tipPosition":[-16.0596,269.011,24.9549],"tipVelocity":[-25.9782,27.1561,-110.286],"tool":false,"touchDistance":0.333333,"touchZone":"none","type":4,"width":16.057}],"r":[[0.925615,-0.0750135,0.370958],[0.163452,0.96327,-0.213057],[-0.341351,0.257843,0.903879]],"s":1.02744,"t":[17.8659,49.3255,-221.494],"timestamp":606697430462},false],[4,{"currentFrameRate":109.642,"devices":[],"gestures":[],"hands":[{"armBasis":[[0.62006,-0.371635,-0.690951],[0.598649,0.793351,0.110516],[0.507095,-0.482164,0.714404]],"armWidth":63.7182,"confidence":0.827104,"direction":[0.0181498,0.327381,-0.944718],"elbow":[135.7,159.388,283.892],"grabStrength":0,"id":789,"palmNormal":[-0.604032,-0.749365,-0.271288],"palmPosition":[-8.9148,308.396,40.227],"palmVelocity":[-25.2189,33.3857,-88.7774],"palmWidth":90.9874,"pinchStrength":1,"r":[[0.926283,-0.0744753,0.369396],[0.16322,0.962842,-0.215163],[-0.339646,0.259594,0.90402]],"s":1.02794,"sphereCenter":[-36.2048,285.575,9.8974],"sphereRadius":43.9291,"stabilizedPalmPosition":[7.8523,273.748,215.748],"t":[17.6679,49.6382,-222.182],"timeVisible":6.76082,"type":"right","wrist":[-1.21224,289.568,91.0086]}],"id":4397739,"interactionBox":{"center":[0,200,0],"size":[235.247,235.247,147.751]},"pointables":[{"bases":[[[0.864416,0.50253,-0.0157983],[-0.378174,0.670572,0.638215],[0.331316,-0.545708,0.769696]],[[0.682259,0.667865,-0.297453],[-0.628077,0.743657,0.229116],[0.374221,0.0305067,0.926837]],[[0.682259,0.667865,-0.297453],[-0.723065,0.676572,-0.139382],[0.10816,0.310172,0.944508]],[[0.682259,0.667865,-0.297453],[-0.713627,0.519895,-0.469516],[-0.158929,0.532602,0.83131]]],"btipPosition":[-49.1589,272.2,-1.36089],"carpPosition":[-30.511,296.763,96.5611],"dipPosition":[-52.8784,284.665,18.0942],"direction":[-0.10816,-0.310172,-0.944508],"extended":false,"handId":789,"id":7890,"length":52.1149,"mcpPosition":[-30.511,296.763,96.5611],"pipPosition":[-49.1907,295.24,50.2969],"stabilizedTipPosition":[-34.7462,253.846,169.109],"timeVisible":6.76082,"tipPosition":[-50.6224,275.264,3.04714],"tipVelocity":[-36.7256,34.4142,-72.3777],"tool":false,"touchDistance":-0.421987,"touchZone":"hovering","type":0,"width":20.2494},{"bases":[[[0.78849,-0.512425,-0.340153],[0.580159,0.803284,0.134723],[0.204205,-0.303571,0.930669]],[[0.811063,-0.554564,-0.186107],[0.570622,0.820081,0.0431059],[0.128718,-0.141158,0.981583]],[[0.811063,-0.554564,-0.186107],[0.556376,0.829584,-0.047295],[0.180619,-0.0651861,0.981391]],[[0.811063,-0.554564,-0.186107],[0.542032,0.832122,-0.117367],[0.219951,-0.00568422,0.975494]]],"btipPosition":[-40.7564,340.346,-60.7517],"carpPosition":[-12.0803,310.276,90.2717],"dipPosition":[-36.9985,340.249,-44.0853],"direction":[-0.180619,0.0651861,-0.981391],"extended":true,"handId":789,"id":7891,"length":58.8059,"mcpPosition":[-27.1032,332.609,21.8046],"pipPosition":[-32.633,338.673,-20.3654],"stabilizedTipPosition":[-20.371,285.511,112.754],"timeVisible":6.76082,"tipPosition":[-40.5553,339.035,-56.8341],"tipVelocity":[-28.813,48.2943,-87.8385],"tool":false,"touchDistance":-0.453418,"touchZone":"hovering","type":1,"width":19.3423},{"bases":[[[0.698296,-0.67811,-0.229239],[0.709453,0.698228,0.0956762],[0.0951821,-0.229444,0.968657]],[[0.700243,-0.683052,-0.207606],[0.393201,0.611728,-0.686426],[0.595863,0.399034,0.696935]],[[0.700243,-0.683052,-0.207606],[-0.525511,-0.296344,-0.797508],[0.483216,0.667548,-0.566464]],[[0.700243,-0.683052,-0.207606],[-0.712452,-0.687163,-0.142198],[-0.0455307,0.247482,-0.967822]]],"btipPosition":[-49.8544,278.722,18.9332],"carpPosition":[-1.60886,305.581,85.8096],"dipPosition":[-50.7099,283.373,0.746368],"direction":[-0.483216,-0.667548,0.566464],"extended":false,"handId":789,"id":7892,"length":67.0045,"mcpPosition":[-8.24934,321.588,18.2302],"pipPosition":[-36.9694,302.355,-15.3614],"stabilizedTipPosition":[-18.4948,234.66,205.927],"timeVisible":6.76082,"tipPosition":[-49.8777,279.524,16.1206],"tipVelocity":[-31.6853,36.8327,-99.8206],"tool":false,"touchDistance":0.333333,"touchZone":"none","type":2,"width":18.9967},{"bases":[[[0.64921,-0.755176,-0.0907504],[0.760203,0.640326,0.109884],[-0.0248716,-0.140326,0.989793]],[[0.648214,-0.758931,-0.0619809],[0.506692,0.490666,-0.708879],[0.568403,0.4281,0.702601]],[[0.648214,-0.758931,-0.0619809],[-0.480045,-0.344112,-0.806935],[0.59108,0.55282,-0.587379]],[[0.648214,-0.758931,-0.0619809],[-0.758334,-0.636048,-0.142732],[0.0689011,0.139523,-0.987819]]],"btipPosition":[-34.0102,269.85,23.6358],"carpPosition":[7.48808,298.108,82.2987],"dipPosition":[-32.7229,272.457,5.1799],"direction":[-0.59108,-0.55282,0.587379],"extended":false,"handId":789,"id":7893,"length":64.4267,"mcpPosition":[9.04599,306.898,20.2998],"pipPosition":[-16.3493,287.771,-11.0912],"stabilizedTipPosition":[-8.68615,226.954,224.901],"timeVisible":6.76082,"tipPosition":[-33.6526,270.399,20.7188],"tipVelocity":[-29.7651,32.2554,-94.9804],"tool":false,"touchDistance":0.333333,"touchZone":"none","type":3,"width":18.0765},{"bases":[[[0.507376,-0.861692,0.00751725],[0.84672,0.500144,0.181442],[-0.160107,-0.0856945,0.983373]],[[0.472053,-0.863531,0.177429],[0.675203,0.224748,-0.702559],[0.566805,0.451445,0.689151]],[[0.472053,-0.863531,0.177429],[-0.450518,-0.409299,-0.793415],[0.75776,0.294599,-0.582247]],[[0.472053,-0.863531,0.177429],[-0.850451,-0.499074,-0.166308],[0.232162,-0.0723883,-0.96998]]],"btipPosition":[-17.1806,269.394,27.0129],"carpPosition":[12.3991,284.902,80.2929],"dipPosition":[-13.179,268.147,10.294],"direction":[-0.75776,-0.294599,0.582247],"extended":false,"handId":789,"id":7894,"length":50.5093,"mcpPosition":[21.6827,289.871,23.2735],"pipPosition":[1.64148,273.908,-1.0937],"stabilizedTipPosition":[10.1249,235.712,215.787],"timeVisible":6.76082,"tipPosition":[-16.31,269.288,24.3845],"tipVelocity":[-26.3582,28.1971,-96.2664],"tool":false,"touchDistance":0.333333,"touchZone":"none","type":4,"width":16.057}],"r":[[0.926283,-0.0744753,0.369396],[0.16322,0.962842,-0.215163],[-0.339646,0.259594,0.90402]],"s":1.02794,"t":[17.6679,49.6382,-222.182],"timestamp":606697439532},false],[5,{"currentFrameRate":109.544,"devices":[],"gestures":[],"hands":[{"armBasis":[[0.620056,-0.37087,-0.691365],[0.599867,0.792065,0.113107],[0.505657,-0.48486,0.713598]],"armWidth":63.7182,"confidence":0.836349,"direction":[0.0166352,0.324961,-0.945581],"elbow":[135.192,159.117,282.875],"grabStrength":0,"id":789,"palmNormal":[-0.605034,-0.749643,-0.268269],"palmPosition":[-9.115,308.729,39.3943],"palmVelocity":[-24.1736,34.05,-88.9834],"palmWidth":90.9874,"pinchStrength":1,"r":[[0.92694,-0.0739848,0.367842],[0.163082,0.962363,-0.217396],[-0.337914,0.261502,0.904119]],"s":1.02876,"sphereCenter":[-36.549,286.066,9.15958],"sphereRadius":43.9596,"stabilizedPalmPosition":[7.8503,273.752,215.727],"t":[17.4687,49.9609,-222.943],"timeVisible":6.77012,"type":"right","wrist":[-1.33187,290.025,90.2094]}],"id":4397740,"interactionBox":{"center":[0,200,0],"size":[235.247,235.247,147.751]},"pointables":[{"bases":[[[0.864724,0.501901,-0.0186648],[-0.376549,0.672451,0.637197],[0.332361,-0.543971,0.770475]],[[0.682197,0.666624,-0.300365],[-0.626609,0.744726,0.22966],[0.376787,0.0315378,0.925763]],[[0.682197,0.666624,-0.300365],[-0.722831,0.676745,-0.139758],[0.110104,0.312455,0.94353]],[[0.682197,0.666624,-0.300365],[-0.714497,0.520571,-0.467441],[-0.155246,0.533496,0.831433]]],"btipPosition":[-49.544,272.541,-2.04057],"carpPosition":[-30.6155,297.254,95.7973],"dipPosition":[-53.1772,285.026,17.4174],"direction":[-0.110104,-0.312455,-0.94353],"extended":false,"handId":789,"id":7890,"length":52.1149,"mcpPosition":[-30.6155,297.254,95.7973],"pipPosition":[-49.4233,295.679,49.5867],"stabilizedTipPosition":[-34.7544,253.857,169.022],"timeVisible":6.77012,"tipPosition":[-50.9295,275.57,2.37508],"tipVelocity":[-37.4404,35.1746,-72.5483],"tool":false,"touchDistance":-0.418307,"touchZone":"hovering","type":0,"width":20.2494},{"bases":[[[0.787518,-0.513825,-0.340293],[0.580947,0.803231,0.131611],[0.205709,-0.301338,0.931063]],[[0.81026,-0.555346,-0.187268],[0.57187,0.819093,0.0453],[0.128233,-0.143798,0.981264]],[[0.81026,-0.555346,-0.187268],[0.557521,0.828895,-0.0458551],[0.180691,-0.0672515,0.981238]],[[0.81026,-0.555346,-0.187268],[0.543004,0.831588,-0.116651],[0.220512,-0.00717022,0.975358]]],"btipPosition":[-40.9646,340.833,-61.593],"carpPosition":[-12.1873,310.738,89.4397],"dipPosition":[-37.1971,340.71,-44.9289],"direction":[-0.180691,0.0672515,-0.981238],"extended":true,"handId":789,"id":7891,"length":58.8059,"mcpPosition":[-27.3208,332.907,20.9436],"pipPosition":[-32.8299,339.085,-21.2126],"stabilizedTipPosition":[-20.3813,285.54,112.666],"timeVisible":6.77012,"tipPosition":[-40.7544,339.503,-57.6812],"tipVelocity":[-26.928,49.247,-88.583],"tool":false,"touchDistance":-0.449036,"touchZone":"hovering","type":1,"width":19.3423},{"bases":[[[0.697417,-0.679165,-0.228791],[0.710098,0.697988,0.0925948],[0.0968066,-0.227041,0.969062]],[[0.69942,-0.684105,-0.206911],[0.394509,0.610939,-0.686379],[0.595966,0.398439,0.697188]],[[0.69942,-0.684105,-0.206911],[-0.525602,-0.296155,-0.797518],[0.484309,0.666553,-0.566704]],[[0.69942,-0.684105,-0.206911],[-0.713236,-0.686679,-0.140595],[-0.0458997,0.245911,-0.968205]]],"btipPosition":[-50.1151,279.085,18.0675],"carpPosition":[-1.72725,306.024,84.9703],"dipPosition":[-50.9776,283.706,-0.126515],"direction":[-0.484309,-0.666553,0.566704],"extended":false,"handId":789,"id":7892,"length":67.0045,"mcpPosition":[-8.48106,321.864,17.3627],"pipPosition":[-37.206,302.66,-16.2411],"stabilizedTipPosition":[-18.5,234.668,205.895],"timeVisible":6.77012,"tipPosition":[-50.1488,279.879,15.2355],"tipVelocity":[-30.7005,37.2283,-97.9573],"tool":false,"touchDistance":0.333333,"touchZone":"none","type":2,"width":18.9967},{"bases":[[[0.648533,-0.755845,-0.0900171],[0.760834,0.640088,0.106856],[-0.0231481,-0.137788,0.990191]],[[0.647586,-0.759531,-0.0611968],[0.50571,0.488469,-0.711095],[0.569991,0.429547,0.700428]],[[0.647586,-0.759531,-0.0611968],[-0.481769,-0.34589,-0.805145],[0.590365,0.550884,-0.589912]],[[0.647586,-0.759531,-0.0611968],[-0.759025,-0.6359,-0.139689],[0.0671831,0.136911,-0.988303]]],"btipPosition":[-34.2672,270.158,22.9503],"carpPosition":[7.35819,298.537,81.4619],"dipPosition":[-33.012,272.716,4.48535],"direction":[-0.590365,-0.550884,0.589912],"extended":false,"handId":789,"id":7893,"length":64.4267,"mcpPosition":[8.80814,307.167,19.438],"pipPosition":[-16.6581,287.976,-11.8559],"stabilizedTipPosition":[-8.68828,226.958,224.883],"timeVisible":6.77012,"tipPosition":[-33.9148,270.699,20.0218],"tipVelocity":[-29.3818,32.1362,-89.028],"tool":false,"touchDistance":0.333333,"touchZone":"none","type":3,"width":18.0765},{"bases":[[[0.506809,-0.862014,0.00878166],[0.847389,0.50003,0.178613],[-0.158358,-0.0830812,0.98388]],[[0.47217,-0.863499,0.177271],[0.676236,0.225816,-0.701222],[0.565473,0.450973,0.690553]],[[0.47217,-0.863499,0.177271],[-0.449329,-0.408775,-0.794359],[0.758392,0.29542,-0.581006]],[[0.47217,-0.863499,0.177271],[-0.850503,-0.499122,-0.165899],[0.231734,-0.0724368,-0.970079]]],"btipPosition":[-17.3824,269.664,26.0992],"carpPosition":[12.2566,285.322,79.4807],"dipPosition":[-13.3882,268.416,9.37859],"direction":[-0.758392,-0.29542,0.581006],"extended":false,"handId":789,"id":7894,"length":50.5093,"mcpPosition":[21.4388,290.139,22.4318],"pipPosition":[1.44467,274.194,-1.98488],"stabilizedTipPosition":[10.1239,235.714,215.779],"timeVisible":6.77012,"tipPosition":[-16.527,269.561,23.4655],"tipVelocity":[-25.0911,28.4266,-96.8267],"tool":false,"touchDistance":0.333333,"touchZone":"none","type":4,"width":16.057}],"r":[[0.92694,-0.0739848,0.367842],[0.163082,0.962363,-0.217396],[-0.337914,0.261502,0.904119]],"s":1.02876,"t":[17.4687,49.9609,-222.943],"timestamp":606697448836},false],[6,{"currentFrameRate":109.755,"devices":[],"gestures":[],"hands":[{"armBasis":[[0.621326,-0.366532,-0.692538],[0.599045,0.791927,0.118311],[0.505074,-0.488371,0.711614]],"armWidth":63.7182,"confidence":0.842312,"direction":[0.0149278,0.32309,-0.946251],"elbow":[134.671,159.167,281.27],"grabStrength":0,"id":789,"palmNormal":[-0.603859,-0.751371,-0.266076],"palmPosition":[-9.57289,309.609,38.2963],"palmVelocity":[-31.734,51.9162,-98.8084],"palmWidth":90.9874,"pinchStrength":1,"r":[[0.927576,-0.073082,0.366417],[0.16254,0.961953,-0.219606],[-0.336426,0.263258,0.904164]],"s":1.02973,"sphereCenter":[-36.9512,286.88,8.10847],"sphereRadius":43.9821,"stabilizedPalmPosition":[7.84699,273.759,215.694],"t":[17.1402,50.5624,-223.872],"timeVisible":6.77885,"type":"right","wrist":[-1.69558,291.023,89.1401]}],"id":4397741,"interactionBox":{"center":[0,200,0],"size":[235.247,235.247,147.751]},"pointables":[{"bases":[[[0.863712,0.503563,-0.0206532],[-0.377153,0.67299,0.63627],[0.334301,-0.541764,0.77119]],[[0.681309,0.66697,-0.301612],[-0.626339,0.744428,0.231359],[0.378838,0.031284,0.924934]],[[0.681309,0.66697,-0.301612],[-0.723402,0.676451,-0.138216],[0.11184,0.312354,0.943359]],[[0.681309,0.66697,-0.301612],[-0.716711,0.524056,-0.460099],[-0.148811,0.529638,0.835068]]],"btipPosition":[-50.2277,273.599,-3.12916],"carpPosition":[-30.9871,298.205,94.7466],"dipPosition":[-53.7103,285.994,16.4139],"direction":[-0.11184,-0.312354,-0.943359],"extended":false,"handId":789,"id":7890,"length":52.1149,"mcpPosition":[-30.9871,298.205,94.7466],"pipPosition":[-49.8972,296.644,48.5774],"stabilizedTipPosition":[-34.7672,253.875,168.89],"timeVisible":6.77885,"tipPosition":[-51.452,276.482,1.34602],"tipVelocity":[-47.3084,57.5485,-85.8863],"tool":false,"touchDistance":-0.420845,"touchZone":"hovering","type":0,"width":20.2494},{"bases":[[[0.788144,-0.512958,-0.340151],[0.579512,0.804635,0.129338],[0.207353,-0.299058,0.931434]],[[0.811081,-0.553967,-0.187798],[0.570783,0.819751,0.0470521],[0.127882,-0.145355,0.98108]],[[0.811081,-0.553967,-0.187798],[0.556326,0.829751,-0.0448847],[0.18069,-0.0680718,0.981182]],[[0.811081,-0.553967,-0.187798],[0.54165,0.832506,-0.116395],[0.220822,-0.00731481,0.975287]]],"btipPosition":[-41.4811,341.729,-62.7084],"carpPosition":[-12.5927,311.713,88.341],"dipPosition":[-37.7083,341.604,-46.0455],"direction":[-0.18069,0.0680718,-0.981182],"extended":true,"handId":789,"id":7891,"length":58.8059,"mcpPosition":[-27.8471,333.714,19.8177],"pipPosition":[-33.3411,339.959,-22.3306],"stabilizedTipPosition":[-20.3947,285.577,112.552],"timeVisible":6.77885,"tipPosition":[-41.2567,340.403,-58.8018],"tipVelocity":[-35.5098,63.5221,-99.0591],"tool":false,"touchDistance":-0.449201,"touchZone":"hovering","type":1,"width":19.3423},{"bases":[[[0.698494,-0.67825,-0.228215],[0.708826,0.699569,0.0903871],[0.0983472,-0.2249,0.969406]],[[0.700543,-0.683172,-0.206192],[0.393385,0.610784,-0.687162],[0.595389,0.400274,0.69663]],[[0.700543,-0.683172,-0.206192],[-0.525571,-0.298487,-0.796669],[0.482716,0.666469,-0.568158]],[[0.700543,-0.683172,-0.206192],[-0.712019,-0.688451,-0.138073],[-0.0476256,0.243539,-0.968721]]],"btipPosition":[-50.5182,279.881,17.0204],"carpPosition":[-2.12839,307.011,83.8693],"dipPosition":[-51.4132,284.457,-1.18327],"direction":[-0.482716,-0.666469,0.568158],"extended":false,"handId":789,"id":7892,"length":67.0045,"mcpPosition":[-8.98968,322.701,16.2377],"pipPosition":[-37.6868,303.409,-17.3392],"stabilizedTipPosition":[-18.5071,234.678,205.853],"timeVisible":6.77885,"tipPosition":[-50.5712,280.663,14.1548],"tipVelocity":[-35.0633,51.3356,-103.888],"tool":false,"touchDistance":0.333333,"touchZone":"none","type":2,"width":18.9967},{"bases":[[[0.649918,-0.754747,-0.0892319],[0.759692,0.641797,0.104708],[-0.021759,-0.13584,0.990492]],[[0.649002,-0.758403,-0.0601778],[0.504761,0.488428,-0.711796],[0.569221,0.431582,0.699804]],[[0.649002,-0.758403,-0.0601778],[-0.481222,-0.347963,-0.804579],[0.589255,0.551132,-0.590789]],[[0.649002,-0.758403,-0.0601778],[-0.757883,-0.637594,-0.138157],[0.0664098,0.135272,-0.98858]]],"btipPosition":[-34.6649,270.966,21.8926],"carpPosition":[6.96782,299.534,80.3656],"dipPosition":[-33.4242,273.494,3.42248],"direction":[-0.589255,-0.551132,0.590789],"extended":false,"handId":789,"id":7893,"length":64.4267,"mcpPosition":[8.33076,308.043,18.323],"pipPosition":[-17.1011,288.761,-12.9431],"stabilizedTipPosition":[-8.69145,226.963,224.858],"timeVisible":6.77885,"tipPosition":[-34.3182,271.5,18.9413],"tipVelocity":[-33.807,48.0905,-97.6431],"tool":false,"touchDistance":0.333333,"touchZone":"none","type":3,"width":18.0765},{"bases":[[[0.508515,-0.860996,0.00994061],[0.846603,0.502054,0.176648],[-0.157084,-0.0814122,0.984224]],[[0.474256,-0.862261,0.177726],[0.674257,0.225933,-0.703088],[0.566091,0.453277,0.688536]],[[0.474256,-0.862261,0.177726],[-0.450563,-0.41115,-0.792432],[0.756355,0.295739,-0.583494]],[[0.474256,-0.862261,0.177726],[-0.849957,-0.501054,-0.162846],[0.229466,-0.0738289,-0.970513]]],"btipPosition":[-17.7658,270.507,25.1315],"carpPosition":[11.89,286.325,78.4055],"dipPosition":[-13.8106,269.235,8.4034],"direction":[-0.756355,-0.295739,0.583494],"extended":false,"handId":789,"id":7894,"length":50.5093,"mcpPosition":[20.9983,291.046,21.3367],"pipPosition":[0.982339,275.019,-3.00871],"stabilizedTipPosition":[10.1222,235.716,215.767],"timeVisible":6.77885,"tipPosition":[-16.9192,270.394,22.4485],"tipVelocity":[-30.3988,46.4755,-100.613],"tool":false,"touchDistance":0.333333,"touchZone":"none","type":4,"width":16.057}],"r":[[0.927576,-0.073082,0.366417],[0.16254,0.961953,-0.219606],[-0.336426,0.