{"sensorType":"Leap","data":[[0,{"currentFrameRate":54.607,"devices":[],"gestures":[{"center":[-38.2609,324.657,-91.5525],"duration":18107,"handIds":[431],"id":2,"normal":[0.249856,0.0270245,0.967906],"pointableIds":[4311],"progress":0.947447,"radius":28.7526,"state":"update","type":"circle"}],"hands":[{"armBasis":[[0.923356,-0.205047,-0.324608],[0.31842,0.881359,0.34902],[0.214531,-0.425631,0.879099]],"armWidth":63.325,"confidence":0.513713,"direction":[-0.0117647,0.470739,-0.882194],"elbow":[57.2978,72.9844,299.602],"grabStrength":0.245479,"id":431,"palmNormal":[-0.321352,-0.837234,-0.442462],"palmPosition":[-9.45045,210.968,15.6946],"palmVelocity":[-5.75333,-700.833,222.564],"palmWidth":90.4259,"pinchStrength":0.0624501,"r":[[0.917813,-0.362968,-0.160849],[0.396559,0.857507,0.327755],[0.018964,-0.364604,0.93097]],"s":0.999572,"sphereCenter":[-43.3943,195.382,-15.0935],"sphereRadius":49.9894,"stabilizedPalmPosition":[-9.51052,215.568,14.3986],"t":[-38.2147,117.232,-81.6695],"timeVisible":2.82016,"type":"right","wrist":[-0.266331,187.192,63.7168]}],"id":1433395,"interactionBox":{"center":[0,200,0],"size":[235.247,235.247,147.751]},"pointables":[{"bases":[[[0.666155,0.728718,0.15877],[-0.613745,0.414675,0.671835],[0.42374,-0.54499,0.723485]],[[0.669701,0.7241,0.16486],[-0.569128,0.35782,0.74031],[0.477068,-0.589613,0.651738]],[[0.669701,0.7241,0.16486],[-0.717062,0.572759,0.397201],[0.193188,-0.384221,0.902802]],[[0.669701,0.7241,0.16486],[-0.642549,0.676291,-0.360223],[-0.372331,0.135311,0.918183]]],"btipPosition":[-52.0546,223.611,-17.7451],"carpPosition":[-30.502,184.49,66.5328],"dipPosition":[-60.7145,226.758,3.61048],"direction":[-0.193188,0.384221,-0.902802],"extended":false,"handId":431,"id":4310,"length":51.7933,"mcpPosition":[-30.502,184.49,66.5328],"pipPosition":[-54.1684,213.739,34.2012],"stabilizedTipPosition":[-53.9079,233.179,-16.9759],"timeVisible":2.82016,"tipPosition":[-53.8347,221.698,-14.15],"tipVelocity":[-10.7839,-628.682,295.922],"tool":false,"touchDistance":0.564609,"touchZone":"hovering","type":0,"width":20.1245},{"bases":[[[0.931469,-0.1953,-0.306957],[0.292492,0.90374,0.312573],[0.216364,-0.380934,0.89893]],[[0.923532,-0.18217,-0.337495],[0.325343,0.838088,0.437904],[0.203078,-0.51422,0.833269]],[[0.923532,-0.18217,-0.337495],[0.172147,0.983263,-0.059667],[0.342716,-0.00299442,0.939434]],[[0.923532,-0.18217,-0.337495],[0.00261357,0.882959,-0.469442],[0.383513,0.432663,0.815917]]],"btipPosition":[-56.0268,246.066,-73.2631],"carpPosition":[-16.7929,203.534,64.4579],"dipPosition":[-49.5149,253.413,-59.4091],"direction":[-0.342716,0.00299442,-0.939434],"extended":true,"handId":431,"id":4311,"length":58.4429,"mcpPosition":[-32.612,231.386,-1.26603],"pipPosition":[-41.2827,253.341,-36.8433],"stabilizedTipPosition":[-54.5643,248.383,-70.1389],"timeVisible":2.82016,"tipPosition":[-53.8752,249.146,-69.743],"tipVelocity":[-36.1003,-869.618,151.141],"tool":false,"touchDistance":-0.267829,"touchZone":"touching","type":1,"width":19.2229},{"bases":[[[0.888535,-0.396156,-0.231445],[0.450436,0.849129,0.275838],[0.0872517,-0.349343,0.932924]],[[0.889037,-0.398223,-0.2259],[0.000795025,0.494751,-0.869034],[0.457834,0.772424,0.440169]],[[0.889037,-0.398223,-0.2259],[-0.433403,-0.572989,-0.69559],[0.147562,0.716311,-0.682]],[[0.889037,-0.398223,-0.2259],[-0.447012,-0.861652,-0.240285],[-0.0989599,0.314602,-0.944051]]],"btipPosition":[-35.4516,164.025,11.8791],"carpPosition":[-5.14902,202.922,60.7446],"dipPosition":[-37.2997,169.9,-5.75148],"direction":[-0.147562,-0.716311,0.682],"extended":false,"handId":431,"id":4312,"length":66.591,"mcpPosition":[-11.1987,227.144,-3.94008],"pipPosition":[-33.1296,190.143,-25.0249],"stabilizedTipPosition":[-37.0628,177.11,2.53267],"timeVisible":2.82016,"tipPosition":[-36.236,165.413,6.19871],"tipVelocity":[89.4756,-763.028,328.387],"tool":false,"touchDistance":0.333333,"touchZone":"none","type":2,"width":18.8794},{"bases":[[[0.855189,-0.506123,-0.111766],[0.515319,0.807087,0.288196],[-0.0556582,-0.304057,0.951026]],[[0.853878,-0.51221,-0.0923734],[0.154636,0.419131,-0.89466],[0.49697,0.749646,0.437093]],[[0.853878,-0.51221,-0.0923734],[-0.420715,-0.574773,-0.701879],[0.306416,0.638182,-0.706281]],[[0.853878,-0.51221,-0.0923734],[-0.518327,-0.820761,-0.240185],[0.0472085,0.252968,-0.966322]]],"btipPosition":[-21.9366,162.529,16.1949],"carpPosition":[5.9777,199.154,57.419],"dipPosition":[-21.06,167.226,-1.74796],"direction":[-0.306416,-0.638182,0.706281],"extended":false,"handId":431,"id":4313,"length":64.0291,"mcpPosition":[9.44252,218.082,-1.78398],"pipPosition":[-12.6243,184.795,-21.1921],"stabilizedTipPosition":[-22.8211,175.619,6.33186],"timeVisible":2.82016,"tipPosition":[-21.9651,163.543,10.5885],"tipVelocity":[83.7939,-731.486,319.624],"tool":false,"touchDistance":0.333333,"touchZone":"none","type":3,"width":17.965},{"bases":[[[0.746019,-0.664262,-0.0470151],[0.635104,0.688486,0.350186],[-0.200246,-0.291105,0.9355]],[[0.72968,-0.683484,0.0204098],[0.374181,0.374132,-0.848536],[0.572325,0.626797,0.528743]],[[0.72968,-0.683484,0.0204098],[-0.41744,-0.468898,-0.778382],[0.541582,0.55945,-0.627459]],[[0.72968,-0.683484,0.0204098],[-0.638478,-0.691709,-0.337466],[0.24477,0.233211,-0.941116]]],"btipPosition":[-8.49136,168.434,10.1093],"carpPosition":[14.8008,188.554,54.2807],"dipPosition":[-4.29845,172.429,-6.01194],"direction":[-0.541582,-0.55945,0.627459],"extended":false,"handId":431,"id":4314,"length":50.1976,"mcpPosition":[26.3401,205.329,0.371835],"pipPosition":[6.22857,183.303,-18.2082],"stabilizedTipPosition":[-8.25085,175.728,4.11221],"timeVisible":2.82016,"tipPosition":[-7.59663,169.339,6.60968],"tipVelocity":[69.0782,-712.933,268.804],"tool":false,"touchDistance":0.333333,"touchZone":"none","type":4,"width":15.9579}],"r":[[0.917813,-0.362968,-0.160849],[0.396559,0.857507,0.327755],[0.018964,-0.364604,0.93097]],"s":0.999572,"t":[-38.2147,117.232,-81.6695],"timestamp":89084600649},false],[1,{"currentFrameRate":54.7148,"devices":[],"gestures":[{"center":[-38.2609,324.657,-91.5525],"duration":18107,"handIds":[431],"id":2,"normal":[0.249856,0.0270245,0.967906],"pointableIds":[4311],"progress":0.947447,"radius":28.7526,"state":"update","type":"circle"}],"hands":[{"armBasis":[[0.938125,-0.168653,-0.302451],[0.273147,0.897242,0.346911],[0.212864,-0.40806,0.887793]],"armWidth":63.325,"confidence":0.531086,"direction":[-0.0122501,0.466103,-0.884646],"elbow":[56.9835,64.5645,306.726],"grabStrength":0.243089,"id":431,"palmNormal":[-0.276084,-0.851898,-0.445026],"palmPosition":[-9.25673,197.223,20.1768],"palmVelocity":[2.06857,-732.488,235.699],"palmWidth":90.4259,"pinchStrength":0.0366569,"r":[[0.926629,-0.343734,-0.152333],[0.375164,0.871944,0.314586],[0.0246916,-0.348655,0.936926]],"s":1.01191,"sphereCenter":[-43.8835,181.307,-10.8194],"sphereRadius":50.9658,"stabilizedPalmPosition":[-9.30585,200.773,19.0585],"t":[-38.1491,103.941,-77.4213],"timeVisible":2.83806,"type":"right","wrist":[-0.133572,174.058,68.5082]}],"id":1433396,"interactionBox":{"center":[0,200,0],"size":[235.247,235.247,147.751]},"pointables":[{"bases":[[[0.631273,0.756826,0.169439],[-0.645202,0.391249,0.65623],[0.430359,-0.523582,0.735291]],[[0.647098,0.736482,0.197127],[-0.587348,0.316712,0.744792],[0.486093,-0.597736,0.637515]],[[0.647098,0.736482,0.197127],[-0.738756,0.5418,0.400865],[0.188426,-0.405028,0.894678]],[[0.647098,0.736482,0.197127],[-0.640351,0.665348,-0.383748],[-0.413782,0.122092,0.902152]]],"btipPosition":[-51.1581,210.631,-12.2425],"carpPosition":[-30.2831,170.094,70.6816],"dipPosition":[-60.782,213.471,8.74021],"direction":[-0.188426,0.405028,-0.894678],"extended":true,"handId":431,"id":4310,"length":51.7933,"mcpPosition":[-30.2831,170.094,70.6816],"pipPosition":[-54.3973,199.747,39.0557],"stabilizedTipPosition":[-53.5576,218.877,-10.7318],"timeVisible":2.83806,"tipPosition":[-53.1772,208.696,-8.82523],"tipVelocity":[12.0948,-676.066,299.081],"tool":false,"touchDistance":0.622734,"touchZone":"hovering","type":0,"width":20.1245},{"bases":[[[0.945355,-0.157135,-0.285678],[0.247301,0.91658,0.314202],[0.212475,-0.367681,0.905354]],[[0.936502,-0.142905,-0.320222],[0.284224,0.844191,0.454488],[0.20538,-0.516644,0.831203]],[[0.936502,-0.142905,-0.320222],[0.136299,0.989731,-0.0430731],[0.323089,-0.00330795,0.946363]],[[0.936502,-0.142905,-0.320222],[-0.021227,0.888415,-0.45855],[0.350019,0.43623,0.828969]]],"btipPosition":[-55.353,231.304,-69.6836],"carpPosition":[-17.3453,189.691,68.8069],"dipPosition":[-49.4098,238.711,-55.608],"direction":[-0.323089,0.00330795,-0.946363],"extended":true,"handId":431,"id":4311,"length":58.4429,"mcpPosition":[-32.8801,216.573,2.61328],"pipPosition":[-41.649,238.632,-32.8758],"stabilizedTipPosition":[-54.0033,233.466,-66.5562],"timeVisible":2.83806,"tipPosition":[-53.4797,233.739,-66.2415],"tipVelocity":[-4.74942,-848.047,175.526],"tool":false,"touchDistance":-0.262787,"touchZone":"touching","type":1,"width":19.2229},{"bases":[[[0.909267,-0.359302,-0.210085],[0.408169,0.868524,0.281182],[0.0814347,-0.341419,0.936377]],[[0.909775,-0.361504,-0.204021],[-0.00570339,0.480563,-0.876942],[0.415063,0.798983,0.435142]],[[0.909775,-0.361504,-0.204021],[-0.395223,-0.604085,-0.692012],[0.126919,0.710209,-0.692456]],[[0.909775,-0.361504,-0.204021],[-0.403971,-0.884116,-0.234834],[-0.0954846,0.296065,-0.950383]]],"btipPosition":[-32.9395,149.355,16.8998],"carpPosition":[-5.60749,189.555,65.3502],"dipPosition":[-34.7227,154.884,-0.849086],"direction":[-0.126919,-0.710209,0.692456],"extended":false,"handId":431,"id":4312,"length":66.591,"mcpPosition":[-11.2538,213.227,0.426045],"pipPosition":[-31.136,174.955,-20.418],"stabilizedTipPosition":[-34.6118,159.629,9.32147],"timeVisible":2.83806,"tipPosition":[-33.6979,150.615,11.1271],"tipVelocity":[113.872,-791.806,305.065],"tool":false,"touchDistance":0.333333,"touchZone":"none","type":2,"width":18.8794},{"bases":[[[0.877966,-0.470073,-0.0905944],[0.474477,0.829308,0.29516],[-0.0636158,-0.302125,0.951143]],[[0.876538,-0.47595,-0.0717856],[0.151699,0.414703,-0.897223],[0.456803,0.77556,0.435704]],[[0.876538,-0.47595,-0.0717856],[-0.383703,-0.600889,-0.701216],[0.290609,0.642187,-0.709325]],[[0.876538,-0.47595,-0.0717856],[-0.478295,-0.844537,-0.240815],[0.0539901,0.245418,-0.967913]]],"btipPosition":[-19.5881,148.379,21.2297],"carpPosition":[5.73802,186.245,62.286],"dipPosition":[-18.5856,152.936,3.25729],"direction":[-0.290609,-0.642187,0.709325],"extended":false,"handId":431,"id":4313,"length":64.0291,"mcpPosition":[9.69821,205.053,3.07576],"pipPosition":[-10.585,170.616,-16.2706],"stabilizedTipPosition":[-20.5703,158.599,13.3267],"timeVisible":2.83806,"tipPosition":[-19.5601,149.341,15.5849],"tipVelocity":[106.928,-760.176,301.348],"tool":false,"touchDistance":0.333333,"touchZone":"none","type":3,"width":17.965},{"bases":[[[0.774155,-0.632402,-0.0274163],[0.59776,0.716127,0.36034],[-0.208246,-0.295347,0.932418]],[[0.757219,-0.651962,0.0395538],[0.377121,0.386956,-0.841454],[0.533291,0.652081,0.538879]],[[0.757219,-0.651962,0.0395538],[-0.37987,-0.488843,-0.785323],[0.531336,0.579636,-0.617822]],[[0.757219,-0.651962,0.0395538],[-0.601232,-0.7194,-0.347827],[0.255225,0.2396,-0.936724]]],"btipPosition":[-6.37359,154.748,14.7817],"carpPosition":[15.0658,176.013,59.3942],"dipPosition":[-2.0016,158.852,-1.26435],"direction":[-0.531336,-0.579636,0.617822],"extended":false,"handId":431,"id":4314,"length":50.1976,"mcpPosition":[27.0661,193.033,5.66292],"pipPosition":[8.32628,170.119,-13.2733],"stabilizedTipPosition":[-6.07002,160.571,9.3917],"timeVisible":2.83806,"tipPosition":[-5.44411,155.674,11.3106],"tipVelocity":[93.3964,-736.643,265.589],"tool":false,"touchDistance":0.333333,"touchZone":"none","type":4,"width":15.9579}],"r":[[0.926629,-0.343734,-0.152333],[0.375164,0.871944,0.314586],[0.0246916,-0.348655,0.936926]],"s":1.01191,"t":[-38.1491,103.941,-77.4213],"timestamp":89084618549},false],[2,{"currentFrameRate":54.7822,"devices":[],"gestures":[{"center":[-38.2609,324.657,-91.5525],"duration":18107,"handIds":[431],"id":2,"normal":[0.249856,0.0270245,0.967906],"pointableIds":[4311],"progress":0.947447,"radius":28.7526,"state":"update","type":"circle"}],"hands":[{"armBasis":[[0.945725,-0.177498,-0.272211],[0.262337,0.911369,0.317154],[0.19179,-0.371351,0.908468]],"armWidth":63.325,"confidence":0.537247,"direction":[-0.0642689,0.474883,-0.877699],"elbow":[53.267,61.236,314.42],"grabStrength":0.23392,"id":431,"palmNormal":[-0.273782,-0.854161,-0.4421],"palmPosition":[-10.0895,184.302,23.0549],"palmVelocity":[-20.8246,-725.172,199.678],"palmWidth":90.4259,"pinchStrength":0.0109999,"r":[[0.93369,-0.322851,-0.154887],[0.35592,0.884205,0.302493],[0.0392913,-0.337562,0.940483]],"s":1.0238,"sphereCenter":[-47.4568,169.282,-5.92174],"sphereRadius":51.8571,"stabilizedPalmPosition":[-9.97151,186.782,22.4532],"t":[-38.5326,90.8345,-73.8582],"timeVisible":2.85608,"type":"right","wrist":[1.80467,160.879,70.654]}],"id":1433397,"interactionBox":{"center":[0,200,0],"size":[235.247,235.247,147.751]},"pointables":[{"bases":[[[0.618494,0.771388,0.149751],[-0.624793,0.367186,0.689063],[0.476548,-0.519745,0.709061]],[[0.644559,0.740627,0.189777],[-0.554072,0.281454,0.783446],[0.526828,-0.610127,0.591775]],[[0.644559,0.740627,0.189777],[-0.729449,0.521365,0.442813],[0.229016,-0.423851,0.8763]],[[0.644559,0.740627,0.189777],[-0.657277,0.663572,-0.357294],[-0.390552,0.105562,0.914508]]],"btipPosition":[-52.9146,198.273,-6.18715],"carpPosition":[-28.1032,156.1,74.1326],"dipPosition":[-61.9982,200.729,15.083],"direction":[-0.229016,0.423851,-0.8763],"extended":true,"handId":431,"id":4310,"length":51.7933,"mcpPosition":[-28.1032,156.1,74.1326],"pipPosition":[-54.2382,186.367,44.7757],"stabilizedTipPosition":[-54.5583,205.011,-4.202],"timeVisible":2.85608,"tipPosition":[-55.0654,196.448,-2.71493],"tipVelocity":[-36.5878,-683.013,318.35],"tool":false,"touchDistance":0.685616,"touchZone":"hovering","type":0,"width":20.1245},{"bases":[[[0.935228,-0.129143,-0.329653],[0.237453,0.919433,0.313464],[0.262612,-0.371438,0.890544]],[[0.923252,-0.113278,-0.367115],[0.293039,0.82559,0.482213],[0.248462,-0.552784,0.795422]],[[0.923252,-0.113278,-0.367115],[0.123471,0.992339,0.00431602],[0.363814,-0.0493127,0.930166]],[[0.923252,-0.113278,-0.367115],[-0.051035,0.910917,-0.409422],[0.38079,0.396735,0.835225]]],"btipPosition":[-60.7882,221.256,-63.6893],"carpPosition":[-15.7746,176.049,71.9078],"dipPosition":[-54.3225,227.993,-49.5075],"direction":[-0.363814,0.0493127,-0.930166],"extended":true,"handId":431,"id":4311,"length":58.4429,"mcpPosition":[-34.9751,203.206,6.79699],"pipPosition":[-45.5835,226.808,-27.1644],"stabilizedTipPosition":[-59.1125,223.185,-60.6457],"timeVisible":2.85608,"tipPosition":[-59.0026,222.391,-60.4141],"tipVelocity":[-142.349,-714.419,250.672],"tool":false,"touchDistance":-0.233053,"touchZone":"touching","type":1,"width":19.2229},{"bases":[[[0.907835,-0.332974,-0.254882],[0.397854,0.875985,0.272696],[0.132472,-0.348968,0.927724]],[[0.908687,-0.335265,-0.248767],[-0.0582574,0.488219,-0.870775],[0.413393,0.805754,0.424106]],[[0.908687,-0.335265,-0.248767],[-0.410397,-0.608087,-0.679562],[0.0765612,0.719603,-0.690152]],[[0.908687,-0.335265,-0.248767],[-0.391017,-0.892259,-0.225788],[-0.146266,0.302443,-0.941878]]],"btipPosition":[-32.6247,135.874,20.3805],"carpPosition":[-4.20544,176.259,67.9262],"dipPosition":[-35.3563,141.522,2.79042],"direction":[-0.0765612,-0.719603,0.690152],"extended":false,"handId":431,"id":4312,"length":66.591,"mcpPosition":[-13.3904,200.455,3.602],"pipPosition":[-33.1926,161.858,-16.7134],"stabilizedTipPosition":[-33.6211,143.257,14.4346],"timeVisible":2.85608,"tipPosition":[-33.6605,137.168,14.7262],"tipVelocity":[62.4275,-770.397,252.972],"tool":false,"touchDistance":0.333333,"touchZone":"none","type":2,"width":18.8794},{"bases":[[[0.884842,-0.44578,-0.135408],[0.465718,0.838386,0.283223],[-0.0127311,-0.31367,0.949447]],[[0.884429,-0.45177,-0.116999],[0.0971756,0.423496,-0.900671],[0.456445,0.78521,0.418453]],[[0.884429,-0.45177,-0.116999],[-0.400944,-0.607299,-0.68588],[0.238807,0.653522,-0.718248]],[[0.884429,-0.45177,-0.116999],[-0.466672,-0.85537,-0.224853],[0.00150418,0.253467,-0.967343]]],"btipPosition":[-19.0053,135.245,24.3676],"carpPosition":[7.07183,173.282,64.3173],"dipPosition":[-18.9774,139.951,6.40579],"direction":[-0.238807,-0.653522,0.718248],"extended":false,"handId":431,"id":4313,"length":64.0291,"mcpPosition":[7.86436,192.808,5.21263],"pipPosition":[-12.403,157.943,-13.3678],"stabilizedTipPosition":[-19.4356,142.517,18.316],"timeVisible":2.85608,"tipPosition":[-19.2695,136.249,18.7422],"tipVelocity":[65.6661,-744.451,241.102],"tool":false,"touchDistance":0.333333,"touchZone":"none","type":3,"width":17.965},{"bases":[[[0.788226,-0.611445,-0.0695328],[0.594707,0.727817,0.341476],[-0.158187,-0.310512,0.937315]],[[0.774883,-0.632101,-0.00226896],[0.329057,0.406446,-0.852363],[0.539702,0.659735,0.522945]],[[0.774883,-0.632101,-0.00226896],[-0.401924,-0.489936,-0.773576],[0.487866,0.600343,-0.6337]],[[0.774883,-0.632101,-0.00226896],[-0.597493,-0.731277,-0.328992],[0.206297,0.256286,-0.94433]]],"btipPosition":[-6.34533,141.982,16.9944],"carpPosition":[16.5209,163.331,60.8903],"dipPosition":[-2.81148,146.372,0.818088],"direction":[-0.487866,-0.600343,0.6337],"extended":false,"handId":431,"id":4314,"length":50.1976,"mcpPosition":[25.6366,181.224,6.8768],"pipPosition":[6.67144,158.041,-11.4995],"stabilizedTipPosition":[-5.63318,146.283,12.5469],"timeVisible":2.85608,"tipPosition":[-5.59975,142.969,13.5072],"tipVelocity":[44.7861,-721.558,197.101],"tool":false,"touchDistance":0.333333,"touchZone":"none","type":4,"width":15.9579}],"r":[[0.93369,-0.322851,-0.154887],[0.35592,0.884205,0.302493],[0.0392913,-0.337562,0.940483]],"s":1.0238,"t":[-38.5326,90.8345,-73.8582],"timestamp":89084636568},false],[3,{"currentFrameRate":54.8173,"devices":[],"gestures":[],"hands":[{"armBasis":[[0.950157,-0.166424,-0.263638],[0.243899,0.923511,0.296043],[0.194204,-0.345588,0.918071]],"armWidth":63.325,"confidence":0.215442,"direction":[-0.118204,0.477734,-0.870516],"elbow":[51.9283,60.4003,316.353],"grabStrength":0.747283,"id":431,"palmNormal":[-0.265372,-0.859974,-0.435915],"palmPosition":[-14.9132,176.436,23.1527],"palmVelocity":[-137.631,-586.622,107.198],"palmWidth":90.4259,"pinchStrength":0.222502,"r":[[0.939497,-0.299748,-0.165818],[0.337035,0.895401,0.290972],[0.0612556,-0.329254,0.942252]],"s":0.98496,"sphereCenter":[-44.7714,152.066,-6.41933],"sphereRadius":46.0689,"stabilizedPalmPosition":[-14.3858,177.54,23.0781],"t":[-41.1363,80.3484,-72.0277],"timeVisible":2.8742,"type":"right","wrist":[-0.181653,153.131,70.0102]}],"id":1433398,"interactionBox":{"center":[0,200,0],"size":[235.247,235.247,147.751]},"pointables":[{"bases":[[[0.599333,0.790182,0.128109],[-0.605276,0.342597,0.718518],[0.52387,-0.508173,0.683608]],[[0.638552,0.747918,0.181298],[-0.520032,0.245691,0.818048],[0.56729,-0.616647,0.545828]],[[0.638552,0.747918,0.181298],[-0.738989,0.530154,0.415731],[0.214817,-0.399443,0.891234]],[[0.638552,0.747918,0.181298],[-0.670482,0.656309,-0.345995],[-0.377764,0.0993787,0.920553]]],"btipPosition":[-56.3723,189.175,-3.92341],"carpPosition":[-29.7374,147.361,74.7636],"dipPosition":[-65.1585,191.486,17.4873],"direction":[-0.214817,0.399443,-0.891234],"extended":true,"handId":431,"id":4310,"length":51.7933,"mcpPosition":[-29.7374,147.361,74.7636],"pipPosition":[-57.8796,177.951,47.6861],"stabilizedTipPosition":[-57.4119,193.622,-0.330229],"timeVisible":2.8742,"tipPosition":[-59.324,187.831,0.017034],"tipVelocity":[-108.21,-597.776,227.129],"tool":false,"touchDistance":0.684829,"touchZone":"hovering","type":0,"width":20.1245},{"bases":[[[0.923442,-0.0967231,-0.371348],[0.221318,0.924791,0.309482],[0.313486,-0.367975,0.875398]],[[0.914323,-0.0864046,-0.395661],[0.114113,0.992356,0.0469907],[0.388576,-0.0881148,0.917194]],[[0.914323,-0.0864046,-0.395661],[-0.216058,0.722257,-0.657011],[0.342537,0.686207,0.641708]],[[0.914323,-0.0864046,-0.395661],[-0.356948,0.289586,-0.888104],[0.191314,0.953244,0.233933]]],"btipPosition":[-69.1551,165.711,-50.404],"carpPosition":[-18.168,167.714,72.1462],"dipPosition":[-65.9066,181.897,-46.4319],"direction":[-0.342537,-0.686207,-0.641708],"extended":false,"handId":431,"id":4311,"length":58.4429,"mcpPosition":[-41.088,194.617,8.14282],"pipPosition":[-57.6787,198.38,-31.0177],"stabilizedTipPosition":[-68.1266,171.06,-49.828],"timeVisible":2.8742,"tipPosition":[-63.7561,163.952,-37.5617],"tipVelocity":[-313.828,-1776.44,418.668],"tool":false,"touchDistance":-0.283333,"touchZone":"touching","type":1,"width":19.2229},{"bases":[[[0.905955,-0.301776,-0.296946],[0.381079,0.886822,0.26139],[0.184457,-0.349968,0.918422]],[[0.907169,-0.304112,-0.290793],[-0.113395,0.488836,-0.864974],[0.405199,0.817652,0.408972]],[[0.907169,-0.304112,-0.290793],[-0.420214,-0.619374,-0.663172],[0.0215685,0.723804,-0.689668]],[[0.907169,-0.304112,-0.290793],[-0.371195,-0.903855,-0.212742],[-0.198138,0.300934,-0.932834]]],"btipPosition":[-35.9069,127.346,21.3037],"carpPosition":[-6.79854,168.323,67.662],"dipPosition":[-39.6072,132.966,3.8825],"direction":[-0.0215685,-0.723804,0.689668],"extended":false,"handId":431,"id":4312,"length":66.591,"mcpPosition":[-19.588,192.588,3.98282],"pipPosition":[-38.9977,153.421,-15.6076],"stabilizedTipPosition":[-36.119,131.616,16.7138],"timeVisible":2.8742,"tipPosition":[-37.2286,128.625,15.7382],"tipVelocity":[-59.3665,-627.864,157.826],"tool":false,"touchDistance":0.333333,"touchZone":"none","type":2,"width":18.8794},{"bases":[[[0.891902,-0.415976,-0.177411],[0.450518,0.851387,0.268651],[0.039293,-0.319537,0.946759]],[[0.89249,-0.421998,-0.159309],[0.0415232,0.428547,-0.902565],[0.449152,0.798915,0.399996]],[[0.89249,-0.421998,-0.159309],[-0.411958,-0.618724,-0.668933],[0.18372,0.662644,-0.726051]],[[0.89249,-0.421998,-0.159309],[-0.448182,-0.869516,-0.207545],[-0.0509382,0.256632,-0.965166]]],"btipPosition":[-22.1031,127.145,24.751],"carpPosition":[4.3985,165.735,63.5395],"dipPosition":[-23.049,131.91,6.82967],"direction":[-0.18372,-0.662644,0.726051],"extended":false,"handId":431,"id":4313,"length":64.0291,"mcpPosition":[1.95245,185.627,4.60219],"pipPosition":[-17.9911,150.153,-13.1587],"stabilizedTipPosition":[-21.7289,131.169,20.1546],"timeVisible":2.8742,"tipPosition":[-22.6525,128.161,19.1677],"tipVelocity":[-52.8557,-602.512,136.651],"tool":false,"touchDistance":0.333333,"touchZone":"none","type":3,"width":17.965},{"bases":[[[0.803674,-0.58508,-0.108575],[0.585447,0.744726,0.320368],[-0.106582,-0.321036,0.94105]],[[0.794011,-0.606513,-0.0410943],[0.278289,0.422755,-0.862458],[0.540464,0.673365,0.504458]],[[0.794011,-0.606513,-0.0410943],[-0.41947,-0.497708,-0.759165],[0.43999,0.620023,-0.6496]],[[0.794011,-0.606513,-0.0410943],[-0.587544,-0.748316,-0.30792],[0.156006,0.268637,-0.950524]]],"btipPosition":[-10.072,134.301,16.5815],"carpPosition":[14.0028,156.117,59.6278],"dipPosition":[-7.39959,138.903,0.299034],"direction":[-0.43999,-0.620023,0.6496],"extended":false,"handId":431,"id":4314,"length":50.1976,"mcpPosition":[20.1447,174.617,5.39905],"pipPosition":[1.15274,150.955,-12.3276],"stabilizedTipPosition":[-8.95779,136.787,12.7987],"timeVisible":2.8742,"tipPosition":[-9.51425,135.332,13.0816],"tipVelocity":[-79.6375,-578.574,91.7882],"tool":false,"touchDistance":0.333333,"touchZone":"none","type":4,"width":15.9579}],"r":[[0.939497,-0.299748,-0.165818],[0.337035,0.895401,0.290972],[0.0612556,-0.329254,0.942252]],"s":0.98496,"t":[-41.1363,80.3484,-72.0277],"timestamp":89084654688},false],[4,{"currentFrameRate":55.2739,"devices":[],"gestures":[],"hands":[{"armBasis":[[0.75765,-0.586138,-0.287071],[0.638194,0.757439,0.137819],[0.136658,-0.287625,0.947943]],"armWidth":63.325,"confidence":0.519599,"direction":[0.14539,0.665589,-0.73202],"elbow":[51.0459,129.983,314.139],"grabStrength":0,"id":431,"palmNormal":[-0.651936,-0.492087,-0.576914],"palmPosition":[13.7427,245.018,20.7659],"palmVelocity":[27.2462,325.183,-245.584],"palmWidth":90.4259,"pinchStrength":0.857512,"r":[[-0.562033,-0.0310099,-0.826533],[-0.823145,-0.076817,0.562611],[-0.0809383,0.996563,0.0176481]],"s":0.796977,"sphereCenter":[-2.84628,219.386,-28.2363],"sphereRadius":52.5268,"stabilizedPalmPosition":[13.78,243.254,22.126],"t":[-15.4997,132.695,-68.1818],"timeVisible":3.79632,"type":"right","wrist":[14.377,207.161,59.7815]}],"id":1433449,"interactionBox":{"center":[0,200,0],"size":[235.247,235.247,147.751]},"pointables":[{"bases":[[[0.910946,0.344226,0.227347],[-0.364117,0.411888,0.835324],[0.193898,-0.843716,0.500547]],[[0.776792,0.629117,0.0283934],[-0.479868,0.562107,0.673619],[0.407825,-0.536887,0.738533]],[[0.776792,0.629117,0.0283934],[-0.595114,0.718567,0.359863],[0.205993,-0.296436,0.932573]],[[0.776792,0.629117,0.0283934],[-0.625641,0.765784,0.148821],[0.0718824,-0.133367,0.988456]]],"btipPosition":[-43.0823,255.293,-24.8813],"carpPosition":[-14.199,215.513,66.3455],"dipPosition":[-41.4104,252.191,-1.89125],"direction":[-0.205993,0.296436,-0.932573],"extended":false,"handId":431,"id":4310,"length":51.7933,"mcpPosition":[-14.199,215.513,66.3455],"pipPosition":[-34.4305,242.147,29.7083],"stabilizedTipPosition":[-42.6776,253.915,-19.1404],"timeVisible":3.79632,"tipPosition":[-43.2968,253.199,-19.8609],"tipVelocity":[-44.0532,339.589,-187.198],"tool":false,"touchDistance":-0.760192,"touchZone":"hovering","type":0,"width":20.1245},{"bases":[[[0.758051,-0.441388,-0.48014],[0.647449,0.59795,0.47251],[0.0785394,-0.669053,0.739053]],[[0.761686,-0.528369,-0.375048],[0.615295,0.771247,0.163068],[0.203094,-0.354972,0.91255]],[[0.761686,-0.528369,-0.375048],[0.5971,0.797143,0.0896338],[0.251608,-0.292214,0.922662]],[[0.761686,-0.528369,-0.375048],[0.58195,0.812363,0.0374245],[0.284901,-0.246765,0.92625]]],"btipPosition":[-19.3143,302.937,-64.0201],"carpPosition":[5.98063,227.655,66.8672],"dipPosition":[-14.4767,298.747,-48.2927],"direction":[-0.251608,0.292214,-0.922662],"extended":true,"handId":431,"id":4311,"length":58.4429,"mcpPosition":[0.238337,276.572,12.8325],"pipPosition":[-8.433,291.728,-26.1298],"stabilizedTipPosition":[-18.2339,300.76,-59.6245],"timeVisible":3.79632,"tipPosition":[-17.7083,301.596,-60.1592],"tipVelocity":[-9.81414,372.488,-218.572],"tool":false,"touchDistance":-0.949013,"touchZone":"hovering","type":1,"width":19.2229},{"bases":[[[0.640137,-0.623147,-0.449346],[0.767852,0.499886,0.400646],[-0.0250392,-0.6015,0.798481]],[[0.640156,-0.622685,-0.449959],[0.402649,0.770754,-0.493774],[0.654273,0.134917,0.744126]],[[0.640156,-0.622685,-0.449959],[-0.468698,0.147513,-0.870955],[0.608705,0.768442,-0.19742]],[[0.640156,-0.622685,-0.449959],[-0.73805,-0.335881,-0.585206],[0.213266,0.706716,-0.674589]]],"btipPosition":[-34.5831,224.043,-11.4088],"carpPosition":[16.2064,223.715,61.4217],"dipPosition":[-30.6003,237.242,-24.0071],"direction":[-0.608705,-0.768442,0.19742],"extended":false,"handId":431,"id":4312,"length":66.591,"mcpPosition":[17.9425,265.421,6.05865],"pipPosition":[-13.3982,258.958,-29.5862],"stabilizedTipPosition":[-33.5522,225.197,-13.185],"timeVisible":3.79632,"tipPosition":[-33.114,227.669,-14.5054],"tipVelocity":[-28.1725,292.165,-149.504],"tool":false,"touchDistance":0.333333,"touchZone":"none","type":2,"width":18.8794},{"bases":[[[0.569758,-0.740769,-0.355861],[0.810436,0.434658,0.392768],[-0.136272,-0.512185,0.847996]],[[0.565687,-0.754923,-0.331798],[0.526344,0.640292,-0.559453],[0.634792,0.141836,0.759554]],[[0.565687,-0.754923,-0.331798],[-0.395744,0.104467,-0.9124],[0.723453,0.64744,-0.239661]],[[0.565687,-0.754923,-0.331798],[-0.742939,-0.291981,-0.602319],[0.357826,0.58723,-0.726032]]],"btipPosition":[-21.5733,213.941,-10.7663],"carpPosition":[24.6909,217.083,55.67],"dipPosition":[-14.9292,224.845,-24.2474],"direction":[-0.723453,-0.64744,0.239661],"extended":false,"handId":431,"id":4313,"length":64.0291,"mcpPosition":[33.1741,248.967,2.8809],"pipPosition":[4.98769,242.669,-30.8453],"stabilizedTipPosition":[-19.8838,214.152,-12.499],"timeVisible":3.79632,"tipPosition":[-19.2202,217.084,-13.9175],"tipVelocity":[-18.8315,271.051,-156.041],"tool":false,"touchDistance":0.333333,"touchZone":"none","type":3,"width":17.965},{"bases":[[[0.408364,-0.856637,-0.315295],[0.873943,0.267181,0.406002],[-0.263556,-0.441347,0.85776]],[[0.410443,-0.853109,-0.322091],[0.605748,0.519096,-0.603],[0.68162,0.0523911,0.729828]],[[0.410443,-0.853109,-0.322091],[-0.392378,0.153615,-0.906886],[0.82315,0.498606,-0.271691]],[[0.410443,-0.853109,-0.322091],[-0.78515,-0.150983,-0.600619],[0.463763,0.499409,-0.731788]]],"btipPosition":[-4.40941,210.599,-8.45161],"carpPosition":[28.2994,205.253,48.8071],"dipPosition":[3.53483,219.153,-20.9871],"direction":[-0.82315,-0.498606,0.271691],"extended":false,"handId":431,"id":4314,"length":50.1976,"mcpPosition":[43.487,230.686,-0.62195],"pipPosition":[19.5348,228.845,-26.2681],"stabilizedTipPosition":[-2.37608,206.717,-7.38424],"timeVisible":3.79632,"tipPosition":[-1.96099,212.856,-12.5356],"tipVelocity":[-4.17137,255.05,-180.379],"tool":false,"touchDistance":0.333333,"touchZone":"none","type":4,"width":15.9579}],"r":[[-0.562033,-0.0310099,-0.826533],[-0.823145,-0.076817,0.562611],[-0.0809383,0.996563,0.0176481]],"s":0.796977,"t":[-15.4997,132.695,-68.1818],"timestamp":89085576810},false],[5,{"currentFrameRate":55.267,"devices":[],"gestures":[],"hands":[{"armBasis":[[0.779475,-0.558606,-0.283509],[0.612215,0.775179,0.155857],[0.132708,-0.295055,0.94622]],"armWidth":63.325,"confidence":0.584322,"direction":[0.15135,0.692128,-0.705728],"elbow":[48.268,132.474,309.01],"grabStrength":0,"id":431,"palmNormal":[-0.624384,-0.486549,-0.611077],"palmPosition":[12.2955,250.738,17.3341],"palmVelocity":[-23.7428,320.668,-218.848],"palmWidth":90.4259,"pinchStrength":0.860224,"r":[[-0.579235,-0.0598726,-0.812959],[-0.81236,-0.0401962,0.581769],[-0.0675099,0.997396,-0.0253551]],"s":0.809392,"sphereCenter":[-2.26847,226.485,-32.8809],"sphereRadius":52.5333,"stabilizedPalmPosition":[12.7744,248.324,18.8798],"t":[-16.0154,138.43,-72.0988],"timeVisible":3.81444,"type":"right","wrist":[12.6591,211.644,55.1147]}],"id":1433450,"interactionBox":{"center":[0,200,0],"size":[235.247,235.247,147.751]},"pointables":[{"bases":[[[0.896362,0.355708,0.264588],[-0.396559,0.376539,0.837233],[0.198183,-0.855389,0.478575]],[[0.762745,0.642651,0.0722492],[-0.510158,0.529275,0.677943],[0.397441,-0.553956,0.731555]],[[0.762745,0.642651,0.0722492],[-0.620371,0.695558,0.362407],[0.182648,-0.321245,0.929215]],[[0.762745,0.642651,0.0722492],[-0.645564,0.750019,0.143938],[0.0383139,-0.15643,0.986946]]],"btipPosition":[-43.0642,261.177,-29.6186],"carpPosition":[-16.2679,219.173,61.1132],"dipPosition":[-42.1731,257.539,-6.66368],"direction":[-0.182648,0.321245,-0.929215],"extended":false,"handId":431,"id":4310,"length":51.7933,"mcpPosition":[-16.2679,219.173,61.1132],"pipPosition":[-35.9842,246.654,24.8221],"stabilizedTipPosition":[-42.8256,259.149,-23.3749],"timeVisible":3.81444,"tipPosition":[-43.4933,259.1,-24.6259],"tipVelocity":[-27.3276,329.294,-222.762],"tool":false,"touchDistance":-0.783687,"touchZone":"hovering","type":0,"width":20.1245},{"bases":[[[0.780848,-0.409354,-0.471918],[0.620522,0.595657,0.510044],[0.0723129,-0.691102,0.71913]],[[0.783375,-0.500476,-0.368575],[0.595494,0.77423,0.214371],[0.178075,-0.387417,0.904543]],[[0.783375,-0.500476,-0.368575],[0.578583,0.803822,0.138247],[0.22708,-0.32155,0.919261]],[[0.783375,-0.500476,-0.368575],[0.564134,0.821439,0.0836154],[0.260915,-0.273428,0.92583]]],"btipPosition":[-19.158,311.151,-66.3907],"carpPosition":[3.617,231.715,62.6093],"dipPosition":[-14.7277,306.508,-50.6704],"direction":[-0.22708,0.32155,-0.919261],"extended":true,"handId":431,"id":4311,"length":58.4429,"mcpPosition":[-1.67005,282.243,10.0311],"pipPosition":[-9.27314,298.785,-28.5893],"stabilizedTipPosition":[-18.1566,308.351,-62.1896],"timeVisible":3.81444,"tipPosition":[-17.8634,309.588,-62.5809],"tipVelocity":[-3.49731,408.245,-176.858],"tool":false,"touchDistance":-0.918029,"touchZone":"hovering","type":1,"width":19.2229},{"bases":[[[0.666137,-0.594467,-0.450411],[0.745037,0.502558,0.438583],[-0.0343653,-0.627729,0.777673]],[[0.666163,-0.593983,-0.451011],[0.398972,0.794746,-0.457384],[0.630118,0.124752,0.766413]],[[0.666163,-0.593983,-0.451011],[-0.449105,0.16331,-0.878427],[0.595425,0.787727,-0.157969]],[[0.666163,-0.593983,-0.451011],[-0.714731,-0.335703,-0.613566],[0.213042,0.731087,-0.648171]]],"btipPosition":[-34.5295,229.805,-16.7252],"carpPosition":[14.0768,228.171,57.3384],"dipPosition":[-30.5509,243.458,-28.8301],"direction":[-0.595425,-0.787727,0.157969],"extended":false,"handId":431,"id":4312,"length":66.591,"mcpPosition":[16.4596,271.695,3.4181],"pipPosition":[-13.7241,265.72,-33.2943],"stabilizedTipPosition":[-33.5956,230.605,-17.5992],"timeVisible":3.81444,"tipPosition":[-33.1331,233.524,-19.7196],"tipVelocity":[-13.3796,307.21,-215.029],"tool":false,"touchDistance":0.333333,"touchZone":"none","type":2,"width":18.8794},{"bases":[[[0.595747,-0.716546,-0.362833],[0.789251,0.438535,0.429849],[-0.148891,-0.542447,0.82679]],[[0.591381,-0.731338,-0.339725],[0.524405,0.668828,-0.526943],[0.612591,0.133471,0.779049]],[[0.591381,-0.731338,-0.339725],[-0.37912,0.119671,-0.917577],[0.711714,0.671434,-0.206494]],[[0.591381,-0.731338,-0.339725],[-0.723046,-0.294376,-0.624938],[0.357034,0.615214,-0.702879]]],"btipPosition":[-21.2907,219.844,-15.7001],"carpPosition":[22.8644,221.911,51.6248],"dipPosition":[-14.6612,231.268,-28.7513],"direction":[-0.711714,-0.671434,0.206494],"extended":false,"handId":431,"id":4313,"length":64.0291,"mcpPosition":[32.1331,255.679,0.155694],"pipPosition":[4.93248,249.753,-34.4361],"stabilizedTipPosition":[-19.8063,219.623,-16.5783],"timeVisible":3.81444,"tipPosition":[-19.0697,223.113,-18.8784],"tipVelocity":[-2.53067,300.264,-208.788],"tool":false,"touchDistance":0.333333,"touchZone":"none","type":3,"width":17.965},{"bases":[[[0.435859,-0.837055,-0.330705],[0.856028,0.272089,0.439527],[-0.277927,-0.474664,0.835135]],[[0.441823,-0.826493,-0.348859],[0.596791,0.561129,-0.573564],[0.669801,0.0452179,0.741163]],[[0.441823,-0.826493,-0.348859],[-0.392292,0.171725,-0.903669],[0.806783,0.536116,-0.248354]],[[0.441823,-0.826493,-0.348859],[-0.776087,-0.157083,-0.610748],[0.449979,0.540587,-0.710833]]],"btipPosition":[-3.98626,216.474,-12.6732],"carpPosition":[26.9248,210.391,44.4925],"dipPosition":[3.72185,225.734,-24.8498],"direction":[-0.806783,-0.536116,0.248354],"extended":false,"handId":431,"id":4314,"length":50.1976,"mcpPosition":[42.9405,237.744,-3.63273],"pipPosition":[19.4037,236.155,-29.6772],"stabilizedTipPosition":[-2.29949,212.313,-11.1927],"timeVisible":3.81444,"tipPosition":[-1.70432,219.035,-16.7526],"tipVelocity":[7.50398,292.271,-203.26],"tool":false,"touchDistance":0.333333,"touchZone":"none","type":4,"width":15.9579}],"r":[[-0.579235,-0.0598726,-0.812959],[-0.81236,-0.0401962,0.581769],[-0.0675099,0.997396,-0.0253551]],"s":0.809392,"t":[-16.0154,138.43,-72.0988],"timestamp":89085594928},false],[6,{"currentFrameRate":55.3341,"devices":[],"gestures":[],"hands":[{"armBasis":[[0.79115,-0.546147,-0.275327],[0.597541,0.78623,0.157437],[0.130487,-0.289075,0.948372]],"armWidth":63.325,"confidence":0.6225,"direction":[0.156264,0.700627,-0.696207],"elbow":[47.2024,136.398,307.957],"grabStrength":0,"id":431,"palmNormal":[-0.608216,-0.48712,-0.626727],"palmPosition":[12.0686,253.422,16.083],"palmVelocity":[-18.5539,240.553,-148.837],"palmWidth":90.4259,"pinchStrength":0.856018,"r":[[-0.59,-0.0820369,-0.803225],[-0.805229,-0.0131644,0.592817],[-0.0592069,0.996542,-0.0582915]],"s":0.819436,"sphereCenter":[-1.29311,229.606,-34.6135],"sphereRadius":52.5788,"stabilizedPalmPosition":[12.3047,251.717,17.0185],"t":[-16.3868,142.639,-74.6829],"timeVisible":3.83228,"type":"right","wrist":[12.1894,213.965,53.4842]}],"id":1433451,"interactionBox":{"center":[0,200,0],"size":[235.247,235.247,147.751]},"pointables":[{"bases":[[[0.887658,0.362607,0.283865],[-0.415303,0.36402,0.833674],[0.198963,-0.857908,0.473717]],[[0.755076,0.649045,0.092746],[-0.527089,0.516797,0.674609],[0.389921,-0.558266,0.732325]],[[0.755076,0.649045,0.092746],[-0.633442,0.685682,0.358596],[0.16915,-0.329516,0.928874]],[[0.755076,0.649045,0.092746],[-0.655324,0.742746,0.137405],[0.0202951,-0.16453,0.986163]]],"btipPosition":[-42.4654,263.812,-31.6987],"carpPosition":[-16.9186,221.125,59.0415],"dipPosition":[-41.9934,259.985,-8.76199],"direction":[-0.16915,0.329516,-0.928874],"extended":false,"handId":431,"id":4310,"length":51.7933,"mcpPosition":[-16.9186,221.125,59.0415],"pipPosition":[-36.2618,248.82,22.7122],"stabilizedTipPosition":[-42.4719,262.003,-25.6747],"timeVisible":3.83228,"tipPosition":[-42.9718,261.722,-26.7325],"tipVelocity":[-1.20605,242.652,-172.895],"tool":false,"touchDistance":-0.764916,"touchZone":"hovering","type":0,"width":20.1245},{"bases":[[[0.793427,-0.396341,-0.461939],[0.604955,0.597172,0.526702],[0.0671034,-0.697352,0.713581]],[[0.79507,-0.489171,-0.358576],[0.585326,0.773751,0.242288],[0.158928,-0.402519,0.90151]],[[0.79507,-0.489171,-0.358576],[0.569314,0.805782,0.163088],[0.209156,-0.333808,0.919144]],[[0.79507,-0.489171,-0.358576],[0.555259,0.824918,0.105818],[0.244033,-0.283235,0.927484]]],"btipPosition":[-18.0595,314.862,-67.479],"carpPosition":[2.79992,233.862,61.0111],"dipPosition":[-13.9159,310.052,-51.7306],"direction":[-0.209156,0.333808,-0.919144],"extended":true,"handId":431,"id":4311,"length":58.4429,"mcpPosition":[-2.10625,284.848,8.83869],"pipPosition":[-8.89186,302.034,-29.6522],"stabilizedTipPosition":[-17.2866,312.829,-63.5709],"timeVisible":3.83228,"tipPosition":[-17.0356,313.131,-63.7221],"tipVelocity":[25.3957,312.959,-122.146],"tool":false,"touchDistance":-0.870786,"touchZone":"hovering","type":1,"width":19.2229},{"bases":[[[0.680365,-0.582869,-0.44426],[0.731711,0.506114,0.456562],[-0.0412694,-0.635699,0.770833]],[[0.680396,-0.58238,-0.444853],[0.396999,0.803147,-0.444238],[0.615997,0.125652,0.777663]],[[0.680396,-0.58238,-0.444853],[-0.437884,0.163671,-0.884008],[0.587638,0.79627,-0.143654]],[[0.680396,-0.58238,-0.444853],[-0.701237,-0.341033,-0.62607],[0.212901,0.737923,-0.640424]]],"btipPosition":[-33.8398,232.257,-18.785],"carpPosition":[13.3887,230.483,55.8925],"dipPosition":[-29.8638,246.038,-30.7452],"direction":[-0.587638,-0.79627,0.143654],"extended":false,"handId":431,"id":4312,"length":66.591,"mcpPosition":[16.2502,274.559,2.44638],"pipPosition":[-13.2571,268.54,-34.8049],"stabilizedTipPosition":[-33.1579,233.754,-20.1701],"timeVisible":3.83228,"tipPosition":[-32.5027,236.004,-21.7956],"tipVelocity":[11.1027,228.062,-167.278],"tool":false,"touchDistance":0.333333,"touchZone":"none","type":2,"width":18.8794},{"bases":[[[0.609768,-0.706548,-0.359129],[0.776761,0.442654,0.447994],[-0.157559,-0.55213,0.818735]],[[0.605238,-0.721362,-0.336636],[0.52569,0.679748,-0.511462],[0.597777,0.132589,0.790622]],[[0.605238,-0.721362,-0.336636],[-0.366746,0.122654,-0.9222],[0.70653,0.68161,-0.190322]],[[0.605238,-0.721362,-0.336636],[-0.710484,-0.298779,-0.637137],[0.359027,0.624794,-0.693348]]],"btipPosition":[-20.5091,222.49,-17.6843],"carpPosition":[22.3429,224.373,50.2752],"dipPosition":[-13.8426,234.092,-30.5585],"direction":[-0.70653,-0.68161,0.190322],"extended":false,"handId":431,"id":4313,"length":64.0291,"mcpPosition":[32.1512,258.744,-0.692429],"pipPosition":[5.60836,252.856,-35.7981],"stabilizedTipPosition":[-19.2844,223.101,-19.1338],"timeVisible":3.83228,"tipPosition":[-18.3527,225.774,-20.848],"tipVelocity":[19.5096,229.81,-161.783],"tool":false,"touchDistance":0.333333,"touchZone":"none","type":3,"width":17.965},{"bases":[[[0.450652,-0.829064,-0.331007],[0.845154,0.276842,0.457245],[-0.287448,-0.48581,0.825446]],[[0.458135,-0.815855,-0.352836],[0.59882,0.57663,-0.555799],[0.656907,0.0433458,0.752725]],[[0.458135,-0.815855,-0.352836],[-0.382471,0.177386,-0.90678],[0.802389,0.550377,-0.230774]],[[0.458135,-0.815855,-0.352836],[-0.7663,-0.161357,-0