{"sensorType":"Leap","data":[[0,{"currentFrameRate":55.3698,"devices":[],"gestures":[{"center":[-29.231,332.626,-99.2625],"duration":36239,"handIds":[433],"id":2,"normal":[0.290866,-0.0338997,0.956163],"pointableIds":[4331],"progress":0.903127,"radius":29.408,"state":"update","type":"circle"}],"hands":[{"armBasis":[[0.91444,-0.262464,-0.308077],[0.360351,0.874538,0.324545],[0.184244,-0.407793,0.894292]],"armWidth":63.325,"confidence":0.685322,"direction":[0.0586011,0.294715,-0.953787],"elbow":[45.0516,81.773,317.329],"grabStrength":0,"id":433,"palmNormal":[-0.36232,-0.884,-0.295412],"palmPosition":[-9.84338,205.964,25.3299],"palmVelocity":[72.8804,-576.957,219.509],"palmWidth":90.4259,"pinchStrength":0.0200573,"r":[[0.992288,0.123519,-0.0104083],[-0.122251,0.961301,-0.246891],[-0.0204903,0.246259,0.968987]],"s":1.49851,"sphereCenter":[-54.6037,196.045,-1.85043],"sphereRadius":54.7915,"stabilizedPalmPosition":[-10.2133,208.241,24.4778],"t":[-41.2687,89.8748,-83.1278],"timeVisible":4.85354,"type":"right","wrist":[-4.3859,191.195,77.3669]}],"id":1434528,"interactionBox":{"center":[0,200,0],"size":[235.247,235.247,147.751]},"pointables":[{"bases":[[[0.709818,0.702157,0.0559869],[-0.609462,0.57237,0.548587],[0.353149,-0.423519,0.834217]],[[0.702566,0.710539,0.0391846],[-0.562056,0.520292,0.642953],[0.436456,-0.473741,0.764903]],[[0.702566,0.710539,0.0391846],[-0.683823,0.65886,0.313512],[0.196945,-0.247058,0.948775]],[[0.702566,0.710539,0.0391846],[-0.659388,0.670719,-0.339623],[-0.267597,0.21277,0.939745]]],"btipPosition":[-56.9293,217.91,-12.9536],"carpPosition":[-34.8281,190.985,78.9974],"dipPosition":[-63.1532,222.858,8.90346],"direction":[-0.196945,0.247058,-0.948775],"extended":true,"handId":433,"id":4330,"length":51.7933,"mcpPosition":[-34.8281,190.985,78.9974],"pipPosition":[-56.4798,214.487,41.052],"stabilizedTipPosition":[-58.7359,223.463,-10.2238],"timeVisible":4.85354,"tipPosition":[-57.8406,216.088,-8.38407],"tipVelocity":[30.8359,-460.198,251.331],"tool":false,"touchDistance":0.615094,"touchZone":"hovering","type":0,"width":20.1245},{"bases":[[[0.926843,-0.308253,-0.21434],[0.343713,0.926355,0.154036],[0.151073,-0.216439,0.964537]],[[0.871205,-0.253327,-0.420508],[0.365778,0.90627,0.211851],[0.327426,-0.338379,0.882209]],[[0.871205,-0.253327,-0.420508],[0.291079,0.95632,0.0269383],[0.395316,-0.14587,0.906889]],[[0.871205,-0.253327,-0.420508],[0.220711,0.967241,-0.125429],[0.438507,0.0164639,0.898577]]],"btipPosition":[-61.675,241.885,-71.0745],"carpPosition":[-19.7083,208.389,74.1545],"dipPosition":[-54.2293,242.165,-55.817],"direction":[-0.395316,0.14587,-0.906889],"extended":true,"handId":433,"id":4331,"length":58.4429,"mcpPosition":[-30.7537,224.213,3.63383],"pipPosition":[-44.7336,238.661,-34.033],"stabilizedTipPosition":[-60.0065,242.27,-67.6301],"timeVisible":4.85354,"tipPosition":[-58.9546,243.247,-67.5034],"tipVelocity":[41.4588,-736.312,166.254],"tool":false,"touchDistance":-0.253042,"touchZone":"touching","type":1,"width":19.2229},{"bases":[[[0.866467,-0.488035,-0.105155],[0.498692,0.855929,0.136721],[0.0232804,-0.170904,0.985013]],[[0.866687,-0.490097,-0.0930493],[0.0976571,0.349606,-0.931793],[0.4892,0.798486,0.350861]],[[0.866687,-0.490097,-0.0930493],[-0.481035,-0.771659,-0.416111],[0.132132,0.405398,-0.904541]],[[0.866687,-0.490097,-0.0930493],[-0.458305,-0.855929,0.239461],[-0.197003,-0.164893,-0.966437]]],"btipPosition":[-33.0981,171.575,29.7638],"carpPosition":[-7.99553,206.351,71.2558],"dipPosition":[-36.7772,168.495,11.7151],"direction":[-0.132132,-0.405398,0.904541],"extended":false,"handId":433,"id":4332,"length":66.591,"mcpPosition":[-9.60968,218.201,2.95945],"pipPosition":[-33.0431,179.952,-13.8473],"stabilizedTipPosition":[-34.6423,174.025,24.3551],"timeVisible":4.85354,"tipPosition":[-34.1968,170.455,25.4682],"tipVelocity":[106.49,-602.232,255.531],"tool":false,"touchDistance":0.333333,"touchZone":"none","type":2,"width":18.8794},{"bases":[[[0.820373,-0.570991,0.0309387],[0.559811,0.812989,0.160189],[-0.116619,-0.114095,0.986601]],[[0.822723,-0.568365,0.0093984],[0.193507,0.264484,-0.944777],[0.534492,0.779108,0.32758]],[[0.822723,-0.568365,0.0093984],[-0.52304,-0.763382,-0.379047],[0.222612,0.306935,-0.92533]],[[0.822723,-0.568365,0.0093984],[-0.549443,-0.790876,0.269495],[-0.145738,-0.226883,-0.962956]]],"btipPosition":[-16.9371,169.598,36.6894],"carpPosition":[2.95842,201.327,69.2975],"dipPosition":[-19.6432,165.385,18.8091],"direction":[-0.222612,-0.306935,0.92533],"extended":false,"handId":433,"id":4333,"length":64.0291,"mcpPosition":[10.2182,208.43,7.87991],"pipPosition":[-13.5147,173.835,-6.66551],"stabilizedTipPosition":[-18.3286,172.07,31.1247],"timeVisible":4.85354,"tipPosition":[-17.6383,168.597,32.7148],"tipVelocity":[107.258,-581.032,257.431],"tool":false,"touchDistance":0.333333,"touchZone":"none","type":3,"width":17.965},{"bases":[[[0.697512,-0.706786,0.118023],[0.668077,0.700987,0.249582],[-0.259134,-0.0952378,0.961135]],[[0.658014,-0.713169,0.241677],[0.426332,0.0882861,-0.900248],[0.620692,0.695411,0.36214]],[[0.658014,-0.713169,0.241677],[-0.590004,-0.687722,-0.423005],[0.467881,0.135753,-0.873303]],[[0.658014,-0.713169,0.241677],[-0.752558,-0.633901,0.178398],[0.0259714,-0.299265,-0.953817]]],"btipPosition":[-5.30109,173.329,33.8735],"carpPosition":[11.1166,189.79,68.6714],"dipPosition":[-4.85621,168.203,17.5346],"direction":[-0.467881,-0.135753,0.873303],"extended":false,"handId":433,"id":4334,"length":50.1976,"mcpPosition":[26.0494,195.278,13.2854],"pipPosition":[4.23825,170.841,0.559773],"stabilizedTipPosition":[-5.97941,175.589,28.5859],"timeVisible":4.85354,"tipPosition":[-5.4815,171.787,29.7636],"tipVelocity":[105.967,-569.257,258.243],"tool":false,"touchDistance":0.333333,"touchZone":"none","type":4,"width":15.9579}],"r":[[0.992288,0.123519,-0.0104083],[-0.122251,0.961301,-0.246891],[-0.0204903,0.246259,0.968987]],"s":1.49851,"t":[-41.2687,89.8748,-83.1278],"timestamp":89105334667},false],[1,{"currentFrameRate":55.367,"devices":[],"gestures":[{"center":[-29.231,332.626,-99.2625],"duration":36239,"handIds":[433],"id":2,"normal":[0.290866,-0.0338997,0.956163],"pointableIds":[4331],"progress":0.903127,"radius":29.408,"state":"update","type":"circle"}],"hands":[{"armBasis":[[0.920747,-0.254011,-0.296147],[0.345224,0.884058,0.315059],[0.181782,-0.392326,0.901685]],"armWidth":63.325,"confidence":0.688292,"direction":[0.0660227,0.271261,-0.960239],"elbow":[45.3131,77.7704,323.668],"grabStrength":0,"id":433,"palmNormal":[-0.348138,-0.895603,-0.276939],"palmPosition":[-8.49927,196.425,29.2699],"palmVelocity":[73.5925,-553.642,218.805],"palmWidth":90.4259,"pinchStrength":0.0154636,"r":[[0.989974,0.140539,-0.0141356],[-0.139215,0.95391,-0.265846],[-0.0238776,0.265148,0.963912]],"s":1.50604,"sphereCenter":[-53.1604,185.272,1.76661],"sphereRadius":55.1066,"stabilizedPalmPosition":[-8.76882,198.283,28.5163],"t":[-39.9211,79.9173,-79.1906],"timeVisible":4.87161,"type":"right","wrist":[-3.4638,183.042,81.7228]}],"id":1434529,"interactionBox":{"center":[0,200,0],"size":[235.247,235.247,147.751]},"pointables":[{"bases":[[[0.700555,0.712106,0.0461208],[-0.622649,0.578417,0.527012],[0.348612,-0.397918,0.848605]],[[0.699172,0.713673,0.0427671],[-0.570442,0.520792,0.635116],[0.430992,-0.468451,0.771232]],[[0.699172,0.713673,0.0427671],[-0.688419,0.655872,0.309696],[0.192972,-0.245972,0.949873]],[[0.699172,0.713673,0.0427671],[-0.660756,0.66786,-0.342585],[-0.273056,0.211267,0.938513]]],"btipPosition":[-55.4865,209.156,-9.25733],"carpPosition":[-33.918,182.496,83.0162],"dipPosition":[-61.8374,214.069,12.5711],"direction":[-0.192972,0.245972,-0.949874],"extended":true,"handId":433,"id":4330,"length":51.7933,"mcpPosition":[-33.918,182.496,83.0162],"pipPosition":[-55.2987,205.735,44.7568],"stabilizedTipPosition":[-57.4978,214.341,-6.07955],"timeVisible":4.87161,"tipPosition":[-56.449,207.411,-4.67617],"tipVelocity":[53.3488,-471.917,228.928],"tool":false,"touchDistance":0.642264,"touchZone":"hovering","type":0,"width":20.1245},{"bases":[[[0.932926,-0.302029,-0.196031],[0.330651,0.934144,0.134334],[0.142548,-0.190142,0.971353]],[[0.879295,-0.253228,-0.403382],[0.352186,0.915867,0.19275],[0.320634,-0.311549,0.8945]],[[0.879295,-0.253228,-0.403382],[0.278539,0.960415,0.00424965],[0.386338,-0.116094,0.915022]],[[0.879295,-0.253228,-0.403382],[0.209291,0.966226,-0.150346],[0.42783,0.0477741,0.902596]]],"btipPosition":[-59.612,229.139,-68.6124],"carpPosition":[-18.9556,199.958,77.9034],"dipPosition":[-52.3476,229.95,-53.2866],"direction":[-0.386338,0.116094,-0.915022],"extended":true,"handId":433,"id":4331,"length":58.4429,"mcpPosition":[-29.3777,213.86,6.88441],"pipPosition":[-43.0676,227.162,-31.3072],"stabilizedTipPosition":[-57.9824,229.584,-65.1381],"timeVisible":4.87161,"tipPosition":[-57.0128,230.611,-65.0398],"tipVelocity":[74.902,-718.378,152.412],"tool":false,"touchDistance":-0.255128,"touchZone":"touching","type":1,"width":19.2229},{"bases":[[[0.873478,-0.479735,-0.0830045],[0.486662,0.865233,0.120552],[0.0139851,-0.145695,0.989231]],[[0.873584,-0.481488,-0.0708478],[0.102947,0.325105,-0.940058],[0.47566,0.813926,0.333574]],[[0.873584,-0.481488,-0.0708478],[-0.467202,-0.788936,-0.399126],[0.13628,0.381771,-0.914155]],[[0.873584,-0.481488,-0.0708478],[-0.450241,-0.854843,0.257928],[-0.184753,-0.193423,-0.963563]]],"btipPosition":[-31.3417,161.93,34.4506],"carpPosition":[-7.18627,197.993,75.189],"dipPosition":[-34.7921,158.318,16.4556],"direction":[-0.13628,-0.381771,0.914155],"extended":false,"handId":433,"id":4332,"length":66.591,"mcpPosition":[-8.15593,208.095,6.60022],"pipPosition":[-30.9408,169.107,-9.37852],"stabilizedTipPosition":[-32.6399,163.701,29.1128],"timeVisible":4.87161,"tipPosition":[-32.3819,160.686,30.1287],"tipVelocity":[103.456,-572.902,257.673],"tool":false,"touchDistance":0.333333,"touchZone":"none","type":2,"width":18.8794},{"bases":[[[0.826827,-0.559797,0.0546237],[0.548022,0.823661,0.145787],[-0.126603,-0.0906056,0.987807]],[[0.829443,-0.557639,0.0325996],[0.20321,0.246867,-0.947503],[0.520317,0.792525,0.318079]],[[0.829443,-0.557639,0.0325996],[-0.507993,-0.777296,-0.371153],[0.232309,0.29129,-0.927999]],[[0.829443,-0.557639,0.0325996],[-0.543383,-0.79196,0.27845],[-0.129457,-0.248673,-0.959897]]],"btipPosition":[-15.3643,160.106,41.2374],"carpPosition":[3.84968,193.058,73.4819],"dipPosition":[-17.7681,155.489,23.4138],"direction":[-0.232309,-0.29129,0.927999],"extended":false,"handId":433,"id":4333,"length":64.0291,"mcpPosition":[11.7309,198.698,11.9893],"pipPosition":[-11.3725,163.508,-2.13425],"stabilizedTipPosition":[-16.4464,161.903,35.8182],"timeVisible":4.87161,"tipPosition":[-15.9627,159.074,37.3517],"tipVelocity":[99.4793,-556.98,255.039],"tool":false,"touchDistance":0.333333,"touchZone":"none","type":3,"width":17.965},{"bases":[[[0.704626,-0.694867,0.14374],[0.6566,0.715303,0.239202],[-0.269032,-0.0741681,0.960271]],[[0.663926,-0.698624,0.266696],[0.43613,0.0720449,-0.896995],[0.607448,0.711852,0.352523]],[[0.663926,-0.698624,0.266696],[-0.576192,-0.705257,-0.413057],[0.476661,0.120571,-0.870779]],[[0.663926,-0.698624,0.266696],[-0.746684,-0.638803,0.185453],[0.0408044,-0.322265,-0.94577]]],"btipPosition":[-3.6528,164.047,38.6432],"carpPosition":[12.1539,181.611,73.2404],"dipPosition":[-2.95382,158.527,22.4422],"direction":[-0.476661,-0.120571,0.870779],"extended":false,"handId":433,"id":4334,"length":50.1976,"mcpPosition":[27.657,185.885,17.9041],"pipPosition":[6.31131,160.87,5.51644],"stabilizedTipPosition":[-4.05901,165.698,33.4739],"timeVisible":4.87161,"tipPosition":[-3.76027,162.424,34.6007],"tipVelocity":[100.493,-545.216,261.786],"tool":false,"touchDistance":0.333333,"touchZone":"none","type":4,"width":15.9579}],"r":[[0.989974,0.140539,-0.0141356],[-0.139215,0.95391,-0.265846],[-0.0238776,0.265148,0.963912]],"s":1.50604,"t":[-39.9211,79.9173,-79.1906],"timestamp":89105352738},false],[2,{"currentFrameRate":55.3568,"devices":[],"gestures":[{"center":[-29.231,332.626,-99.2625],"duration":36239,"handIds":[433],"id":2,"normal":[0.290866,-0.0338997,0.956163],"pointableIds":[4331],"progress":0.903127,"radius":29.408,"state":"update","type":"circle"}],"hands":[{"armBasis":[[0.926679,-0.24955,-0.281053],[0.334211,0.889217,0.312403],[0.171957,-0.383428,0.907422]],"armWidth":63.325,"confidence":0.702687,"direction":[0.0702378,0.252881,-0.964945],"elbow":[43.5273,71.9412,328.98],"grabStrength":0,"id":433,"palmNormal":[-0.338419,-0.903924,-0.261523],"palmPosition":[-7.40542,187.128,32.7554],"palmVelocity":[67.3336,-534.615,206.328],"palmWidth":90.4259,"pinchStrength":0.0158032,"r":[[0.987657,0.155748,-0.0166175],[-0.153992,0.946133,-0.284814],[-0.0286369,0.283857,0.958439]],"s":1.5126,"sphereCenter":[-52.145,175.065,5.10746],"sphereRadius":55.412,"stabilizedPalmPosition":[-7.60048,188.724,32.1489],"t":[-38.7004,70.2902,-75.4793],"timeVisible":4.88971,"type":"right","wrist":[-2.61322,174.825,85.4948]}],"id":1434530,"interactionBox":{"center":[0,200,0],"size":[235.247,235.247,147.751]},"pointables":[{"bases":[[[0.693995,0.719043,0.0367319],[-0.631261,0.58315,0.511318],[0.346239,-0.378039,0.858606]],[[0.697693,0.714919,0.0460005],[-0.575479,0.521055,0.630338],[0.426671,-0.466254,0.774957]],[[0.697693,0.714919,0.0460005],[-0.690841,0.654418,0.307368],[0.18964,-0.246227,0.950478]],[[0.697693,0.714919,0.0460005],[-0.660511,0.666801,-0.345111],[-0.2774,0.210398,0.937434]]],"btipPosition":[-54.2099,200.615,-5.85845],"carpPosition":[-33.0696,174.035,86.5953],"dipPosition":[-60.6618,205.509,15.9449],"direction":[-0.18964,0.246227,-0.950478],"extended":true,"handId":433,"id":4330,"length":51.7933,"mcpPosition":[-33.0696,174.035,86.5953],"pipPosition":[-54.236,197.165,48.1511],"stabilizedTipPosition":[-56.1847,205.169,-2.26832],"timeVisible":4.88971,"tipPosition":[-55.2717,198.916,-1.27498],"tipVelocity":[60.9111,-472.01,209.206],"tool":false,"touchDistance":0.662267,"touchZone":"hovering","type":0,"width":20.1245},{"bases":[[[0.936842,-0.297568,-0.183793],[0.321574,0.939494,0.118071],[0.137538,-0.169717,0.975848]],[[0.884382,-0.253451,-0.391958],[0.342872,0.922539,0.17709],[0.316713,-0.291007,0.902778]],[[0.884382,-0.253451,-0.391958],[0.269766,0.962825,-0.0139103],[0.380913,-0.0934351,0.919878]],[[0.884382,-0.253451,-0.391958],[0.201136,0.964703,-0.169976],[0.421204,0.0714865,0.904144]]],"btipPosition":[-58.1051,217.389,-66.102],"carpPosition":[-18.2252,191.525,81.2388],"dipPosition":[-50.9532,218.603,-50.7499],"direction":[-0.380913,0.0934351,-0.919878],"extended":true,"handId":433,"id":4331,"length":58.4429,"mcpPosition":[-28.281,203.934,9.89112],"pipPosition":[-41.8034,216.358,-28.6539],"stabilizedTipPosition":[-56.4872,217.88,-62.6166],"timeVisible":4.88971,"tipPosition":[-55.5869,218.937,-62.5394],"tipVelocity":[78.1962,-683.031,146.046],"tool":false,"touchDistance":-0.253297,"touchZone":"touching","type":1,"width":19.2229},{"bases":[[[0.878172,-0.473534,-0.0676794],[0.478271,0.871707,0.106695],[0.00847294,-0.126066,0.991986]],[[0.878209,-0.475044,-0.055508],[0.106307,0.307036,-0.945742],[0.466312,0.824659,0.320142]],[[0.878209,-0.475044,-0.055508],[-0.45765,-0.800941,-0.38607],[0.138942,0.364453,-0.920798]],[[0.878209,-0.475044,-0.055508],[-0.444461,-0.853467,0.272119],[-0.176643,-0.214306,-0.960661]]],"btipPosition":[-29.9731,152.553,38.49],"carpPosition":[-6.42088,189.612,78.6424],"dipPosition":[-33.272,148.55,20.5491],"direction":[-0.138942,-0.364453,0.920798],"extended":false,"handId":433,"id":4332,"length":66.591,"mcpPosition":[-7.00836,198.352,9.86259],"pipPosition":[-29.3454,158.85,-5.47273],"stabilizedTipPosition":[-31.0901,153.898,33.3777],"timeVisible":4.88971,"tipPosition":[-30.97,151.22,34.1813],"tipVelocity":[91.1296,-549.19,241.589],"tool":false,"touchDistance":0.333333,"touchZone":"none","type":2,"width":18.8794},{"bases":[[[0.831277,-0.551281,0.0711879],[0.539816,0.831185,0.133155],[-0.132576,-0.0722602,0.988535]],[[0.834079,-0.549494,0.048678],[0.209758,0.2343,-0.949266],[0.51021,0.801973,0.310685]],[[0.834079,-0.549494,0.048678],[-0.497064,-0.786891,-0.36569],[0.239249,0.280818,-0.929463]],[[0.834079,-0.549494,0.048678],[-0.538905,-0.792781,0.284745],[-0.117875,-0.263733,-0.957366]]],"btipPosition":[-14.1304,150.796,45.1385],"carpPosition":[4.66907,184.741,77.1068],"dipPosition":[-16.3191,145.899,27.362],"direction":[-0.239249,-0.280818,0.929463],"extended":false,"handId":433,"id":4333,"length":64.0291,"mcpPosition":[12.9221,189.24,15.5689],"pipPosition":[-9.73252,153.63,1.77364],"stabilizedTipPosition":[-14.9998,152.14,39.9936],"timeVisible":4.88971,"tipPosition":[-14.6448,149.769,41.3391],"tipVelocity":[85.888,-538.407,236.533],"tool":false,"touchDistance":0.333333,"touchZone":"none","type":3,"width":17.965},{"bases":[[[0.709649,-0.685646,0.162136],[0.648691,0.725651,0.229414],[-0.274951,-0.0576279,0.95973]],[[0.668339,-0.687358,0.28436],[0.44337,0.0611507,-0.89425],[0.597282,0.72374,0.345624]],[[0.668339,-0.687358,0.28436],[-0.565547,-0.71786,-0.405998],[0.483197,0.110526,-0.868507]],[[0.668339,-0.687358,0.28436],[-0.742081,-0.642501,0.191071],[0.0513676,-0.338719,-0.939484]]],"btipPosition":[-2.3422,154.908,42.6715],"carpPosition":[13.0741,173.366,77.1469],"dipPosition":[-1.46228,149.106,26.5782],"direction":[-0.483197,-0.110526,0.868507],"extended":false,"handId":433,"id":4334,"length":50.1976,"mcpPosition":[28.9184,176.686,21.8418],"pipPosition":[7.92989,151.254,9.69655],"stabilizedTipPosition":[-2.54953,156.162,37.7967],"timeVisible":4.88971,"tipPosition":[-2.38881,153.26,38.725],"tipVelocity":[88.2286,-527.753,243.778],"tool":false,"touchDistance":0.333333,"touchZone":"none","type":4,"width":15.9579}],"r":[[0.987657,0.155748,-0.0166175],[-0.153992,0.946133,-0.284814],[-0.0286369,0.283857,0.958439]],"s":1.5126,"t":[-38.7004,70.2902,-75.4793],"timestamp":89105370838},false],[3,{"currentFrameRate":55.3604,"devices":[],"gestures":[{"center":[-29.231,332.626,-99.2625],"duration":36239,"handIds":[433],"id":2,"normal":[0.290866,-0.0338997,0.956163],"pointableIds":[4331],"progress":0.903127,"radius":29.408,"state":"update","type":"circle"}],"hands":[{"armBasis":[[0.932573,-0.239939,-0.269699],[0.317706,0.900258,0.297655],[0.17138,-0.363269,0.915786]],"armWidth":63.325,"confidence":0.72223,"direction":[0.066757,0.243164,-0.967685],"elbow":[44.5182,70.3542,332.917],"grabStrength":0,"id":433,"palmNormal":[-0.321274,-0.912959,-0.251575],"palmPosition":[-6.42032,179.441,34.3068],"palmVelocity":[61.2759,-482.981,149.178],"palmWidth":90.4259,"pinchStrength":0.013684,"r":[[0.985007,0.171464,-0.0189918],[-0.169134,0.938168,-0.302049],[-0.033973,0.300733,0.953103]],"s":1.51841,"sphereCenter":[-51.2853,166.29,6.67879],"sphereRadius":55.7261,"stabilizedPalmPosition":[-6.56188,180.555,34.0479],"t":[-37.5975,61.6331,-72.8479],"timeVisible":4.90776,"type":"right","wrist":[-1.46751,167.829,87.1878]}],"id":1434531,"interactionBox":{"center":[0,200,0],"size":[235.247,235.247,147.751]},"pointables":[{"bases":[[[0.680499,0.732164,0.0292773],[-0.642608,0.577109,0.503984],[0.352103,-0.361775,0.863217]],[[0.68885,0.723161,0.0502343],[-0.582285,0.510719,0.632543],[0.431775,-0.464978,0.772895]],[[0.68885,0.723161,0.0502343],[-0.698279,0.643346,0.313867],[0.194658,-0.251285,0.948137]],[[0.68885,0.723161,0.0502343],[-0.669333,0.661123,-0.338983],[-0.27835,0.199885,0.939451]]],"btipPosition":[-53.4468,193.419,-4.0539],"carpPosition":[-31.9054,166.487,88.2651],"dipPosition":[-59.9208,198.068,17.7963],"direction":[-0.194658,0.251285,-0.948137],"extended":true,"handId":433,"id":4330,"length":51.7933,"mcpPosition":[-31.9054,166.487,88.2651],"pipPosition":[-53.325,189.554,49.9232],"stabilizedTipPosition":[-55.2196,196.915,0.235534],"timeVisible":4.90776,"tipPosition":[-54.5337,191.706,0.522862],"tipVelocity":[51.9303,-438.659,157.633],"tool":false,"touchDistance":0.656604,"touchZone":"hovering","type":0,"width":20.1245},{"bases":[[[0.942429,-0.282207,-0.179408],[0.303954,0.946578,0.107711],[0.139427,-0.156041,0.977861]],[[0.889514,-0.241494,-0.387874],[0.325641,0.930552,0.167424],[0.320505,-0.275234,0.906379]],[[0.889514,-0.241494,-0.387874],[0.251949,0.967429,-0.0245343],[0.381165,-0.0759008,0.921386]],[[0.889514,-0.241494,-0.387874],[0.183367,0.966226,-0.181064],[0.418499,0.0899352,0.903753]]],"btipPosition":[-57.521,207.643,-64.9457],"carpPosition":[-17.3809,184.187,82.7256],"dipPosition":[-50.4151,209.17,-49.6003],"direction":[-0.381165,0.0759008,-0.921386],"extended":true,"handId":433,"id":4331,"length":58.4429,"mcpPosition":[-27.575,195.596,11.2307],"pipPosition":[-41.2592,207.347,-27.4681],"stabilizedTipPosition":[-55.8954,208.139,-61.4338],"timeVisible":4.90776,"tipPosition":[-55.0675,209.243,-61.397],"tipVelocity":[56.1566,-613.19,107.083],"tool":false,"touchDistance":-0.259007,"touchZone":"touching","type":1,"width":19.2229},{"bases":[[[0.886884,-0.4579,-0.0613618],[0.461894,0.881585,0.0972714],[0.00955511,-0.114611,0.993364]],[[0.886934,-0.459269,-0.04919],[0.101909,0.298445,-0.94897],[0.450513,0.836661,0.311505]],[[0.886934,-0.459269,-0.04919],[-0.442201,-0.813521,-0.37768],[0.13344,0.356729,-0.924629]],[[0.886934,-0.459269,-0.04919],[-0.428932,-0.858462,0.281176],[-0.171363,-0.228286,-0.958395]]],"btipPosition":[-28.3535,144.515,40.3951],"carpPosition":[-5.53996,182.463,80.1635],"dipPosition":[-31.5538,140.251,22.4966],"direction":[-0.13344,-0.356729,0.924629],"extended":false,"handId":433,"id":4332,"length":66.591,"mcpPosition":[-6.20247,190.41,11.2881],"pipPosition":[-27.7828,150.333,-3.63347],"stabilizedTipPosition":[-29.4115,145.202,35.8116],"timeVisible":4.90776,"tipPosition":[-29.3146,143.125,36.11],"tipVelocity":[91.0576,-501.444,177.261],"tool":false,"touchDistance":0.333333,"touchZone":"none","type":2,"width":18.8794},{"bases":[[[0.841263,-0.534921,0.0783318],[0.524147,0.842515,0.124256],[-0.132463,-0.0634742,0.989154]],[[0.844126,-0.533293,0.0552178],[0.209302,0.232962,-0.949695],[0.493602,0.81322,0.308269]],[[0.844126,-0.533293,0.0552178],[-0.479974,-0.797563,-0.365401],[0.238906,0.281942,-0.929211]],[[0.844126,-0.533293,0.0552178],[-0.525066,-0.80146,0.286299],[-0.108427,-0.270666,-0.956548]]],"btipPosition":[-12.5948,142.889,46.7735],"carpPosition":[5.6403,177.783,78.6952],"dipPosition":[-14.6081,137.863,29.0122],"direction":[-0.238906,-0.281942,0.929211],"extended":false,"handId":433,"id":4333,"length":64.0291,"mcpPosition":[13.8863,181.734,17.1187],"pipPosition":[-8.03092,145.625,3.43076],"stabilizedTipPosition":[-13.3867,143.495,42.2321],"timeVisible":4.90776,"tipPosition":[-13.033,141.91,43.0681],"tipVelocity":[86.5611,-491.543,167.335],"tool":false,"touchDistance":0.333333,"touchZone":"none","type":3,"width":17.965},{"bases":[[[0.722032,-0.670477,0.170675],[0.634837,0.740118,0.221824],[-0.275048,-0.0518137,0.960033]],[[0.680838,-0.67159,0.292278],[0.445173,0.0625557,-0.893257],[0.581619,0.738278,0.341564]],[[0.680838,-0.67159,0.292278],[-0.549657,-0.732235,-0.40213],[0.484083,0.113133,-0.867678]],[[0.680838,-0.67159,0.292278],[-0.729931,-0.655109,0.195022],[0.0604986,-0.346121,-0.936237]]],"btipPosition":[-0.779247,147.339,44.4515],"carpPosition":[14.2547,166.566,78.8735],"dipPosition":[0.257091,141.41,28.4139],"direction":[-0.484083,-0.113133,0.867678],"extended":false,"handId":433,"id":4334,"length":50.1976,"mcpPosition":[30.1045,169.552,23.5509],"pipPosition":[9.66647,143.609,11.5483],"stabilizedTipPosition":[-0.908792,147.841,40.2196],"timeVisible":4.90776,"tipPosition":[-0.767813,145.708,40.5906],"tipVelocity":[88.3947,-477.051,175.2],"tool":false,"touchDistance":0.333333,"touchZone":"none","type":4,"width":15.9579}],"r":[[0.985007,0.171464,-0.0189918],[-0.169134,0.938168,-0.302049],[-0.033973,0.300733,0.953103]],"s":1.51841,"t":[-37.5975,61.6331,-72.8479],"timestamp":89105388889},false],[4,{"currentFrameRate":55.3655,"devices":[],"gestures":[{"center":[-29.231,332.626,-99.2625],"duration":36239,"handIds":[433],"id":2,"normal":[0.290866,-0.0338997,0.956163],"pointableIds":[4331],"progress":0.903127,"radius":29.408,"state":"update","type":"circle"}],"hands":[{"armBasis":[[0.938165,-0.236545,-0.252771],[0.305562,0.909005,0.283446],[0.162722,-0.343156,0.925076]],"armWidth":63.325,"confidence":0.670525,"direction":[0.0648964,0.226643,-0.971814],"elbow":[43.5477,69.7327,337.951],"grabStrength":0,"id":433,"palmNormal":[-0.309162,-0.921383,-0.235527],"palmPosition":[-5.14704,172.409,36.6426],"palmVelocity":[65.6846,-438.707,139.816],"palmWidth":90.4259,"pinchStrength":0.00727818,"r":[[0.982233,0.186427,-0.0215202],[-0.183465,0.929789,-0.319113],[-0.0394822,0.317392,0.947472]],"s":1.52281,"sphereCenter":[-50.1003,158.239,9.14978],"sphereRadius":55.9485,"stabilizedPalmPosition":[-5.29346,173.252,36.3741],"t":[-36.4094,53.7887,-70.3643],"timeVisible":4.9258,"type":"right","wrist":[-0.114845,161.811,89.7285]}],"id":1434532,"interactionBox":{"center":[0,200,0],"size":[235.247,235.247,147.751]},"pointables":[{"bases":[[[0.670978,0.741285,0.0168945],[-0.650648,0.577704,0.492864],[0.355593,-0.341694,0.869942]],[[0.682236,0.729727,0.0453034],[-0.5866,0.509333,0.629667],[0.436411,-0.456156,0.775543]],[[0.682236,0.729727,0.0453034],[-0.704383,0.639405,0.308231],[0.195957,-0.242197,0.950232]],[[0.682236,0.729727,0.0453034],[-0.671725,0.650063,-0.355251],[-0.288686,0.211933,0.933673]]],"btipPosition":[-52.1093,186.002,-1.59038],"carpPosition":[-30.5344,160.096,90.7966],"dipPosition":[-58.8237,190.931,20.1255],"direction":[-0.195957,0.242197,-0.950232],"extended":true,"handId":433,"id":4330,"length":51.7933,"mcpPosition":[-30.5344,160.096,90.7966],"pipPosition":[-52.1839,182.725,52.3233],"stabilizedTipPosition":[-53.9503,188.988,2.80397],"timeVisible":4.9258,"tipPosition":[-53.3317,184.503,2.93957],"tipVelocity":[61.0087,-423.861,146.804],"tool":false,"touchDistance":0.660766,"touchZone":"hovering","type":0,"width":20.1245},{"bases":[[[0.946219,-0.273197,-0.173298],[0.291601,0.952196,0.0910642],[0.140136,-0.136701,0.98065]],[[0.893221,-0.237,-0.382082],[0.313975,0.937062,0.152758],[0.321831,-0.256411,0.911415]],[[0.893221,-0.237,-0.382082],[0.239998,0.969925,-0.0405675],[0.380206,-0.0554633,0.923237]],[[0.893221,-0.237,-0.382082],[0.171476,0.965131,-0.197783],[0.415634,0.111147,0.902715]]],"btipPosition":[-56.4085,198.267,-63.1605],"carpPosition":[-16.2317,177.88,84.9566],"dipPosition":[-49.3511,200.154,-47.8327],"direction":[-0.380206,0.0554633,-0.923238],"extended":true,"handId":433,"id":4331,"length":58.4429,"mcpPosition":[-26.4775,187.874,13.2579],"pipPosition":[-40.2184,198.822,-25.656],"stabilizedTipPosition":[-54.7991,198.819,-59.6576],"timeVisible":4.9258,"tipPosition":[-54.0461,199.862,-59.6348],"tipVelocity":[58.4737,-566.608,103.11],"tool":false,"touchDistance":-0.254177,"touchZone":"touching","type":1,"width":19.2229},{"bases":[[[0.892785,-0.44745,-0.0521838],[0.450378,0.889068,0.0819629],[0.00972059,-0.0966777,0.995268]],[[0.892837,-0.448597,-0.0400348],[0.0994059,0.282982,-0.95396],[0.439272,0.847751,0.29725]],[[0.892837,-0.448597,-0.0400348],[-0.431135,-0.825596,-0.364026],[0.130248,0.342276,-0.930528]],[[0.892837,-0.448597,-0.0400348],[-0.418287,-0.858888,0.295546],[-0.166966,-0.247128,-0.954489]]],"btipPosition":[-26.6446,137.3,43.315],"carpPosition":[-4.3661,176.263,82.4388],"dipPosition":[-29.7628,132.685,25.4894],"direction":[-0.130248,-0.342276,0.930528],"extended":false,"handId":433,"id":4332,"length":66.591,"mcpPosition":[-5.04008,182.966,13.4314],"pipPosition":[-26.0819,142.358,-0.807392],"stabilizedTipPosition":[-27.6558,137.525,38.7268],"timeVisible":4.9258,"tipPosition":[-27.5736,135.839,39.0641],"tipVelocity":[93.2871,-455.345,170.374],"tool":false,"touchDistance":0.333333,"touchZone":"none","type":2,"width":18.8794},{"bases":[[[0.847976,-0.52254,0.0888177],[0.513093,0.851293,0.10971],[-0.132938,-0.04746,0.989987]],[[0.850915,-0.521255,0.0650958],[0.21119,0.225995,-0.95096],[0.480981,0.822934,0.302386]],[[0.850915,-0.521255,0.0650958],[-0.466716,-0.807056,-0.361715],[0.241081,0.277407,-0.930013]],[[0.850915,-0.521255,0.0650958],[-0.515746,-0.805464,0.291948],[-0.0997471,-0.281996,-0.954216]]],"btipPosition":[-10.9907,135.715,49.3331],"carpPosition":[6.87542,171.702,81.0667],"dipPosition":[-12.8428,130.479,31.6151],"direction":[-0.241081,-0.277407,0.930013],"extended":false,"handId":433,"id":4333,"length":64.0291,"mcpPosition":[15.151,174.656,19.4383],"pipPosition":[-6.20578,138.116,6.01155],"stabilizedTipPosition":[-11.7024,135.814,44.8191],"timeVisible":4.9258,"tipPosition":[-11.3549,134.778,45.7482],"tipVelocity":[88.6452,-448.226,155.503],"tool":false,"touchDistance":0.333333,"touchZone":"none","type":3,"width":17.965},{"bases":[[[0.730378,-0.657948,0.183445],[0.624964,0.752095,0.209218],[-0.275623,-0.0381622,0.960508]],[[0.689306,-0.657448,0.304334],[0.448215,0.0569754,-0.892108],[0.569175,0.751343,0.333952]],[[0.689306,-0.657448,0.304334],[-0.53679,-0.745598,-0.394893],[0.486533,0.108839,-0.866856]],[[0.689306,-0.657448,0.304334],[-0.721204,-0.662562,0.202179],[0.0687183,-0.35885,-0.930862]]],"btipPosition":[0.881291,140.43,47.1654],"carpPosition":[15.6333,160.602,81.4553],"dipPosition":[2.05843,134.283,31.2198],"direction":[-0.486533,-0.108839,0.866856],"extended":false,"handId":433,"id":4334,"length":50.1976,"mcpPosition":[31.5163,162.801,26.1053],"pipPosition":[11.5154,136.399,14.3703],"stabilizedTipPosition":[0.81987,140.439,42.9696],"timeVisible":4.9258,"tipPosition":[0.948115,138.812,43.4188],"tipVelocity":[90.9704,-433.669,163.989],"tool":false,"touchDistance":0.333333,"touchZone":"none","type":4,"width":15.9579}],"r":[[0.982233,0.186427,-0.0215202],[-0.183465,0.929789,-0.319113],[-0.0394822,0.317392,0.947472]],"s":1.52281,"t":[-36.4094,53.7887,-70.3643],"timestamp":89105406933},false],[5,{"currentFrameRate":55.3562,"devices":[],"gestures":[{"center":[-29.231,332.626,-99.2625],"duration":36239,"handIds":[433],"id":2,"normal":[0.290866,-0.0338997,0.956163],"pointableIds":[4331],"progress":0.903127,"radius":29.408,"state":"update","type":"circle"}],"hands":[{"armBasis":[[0.941288,-0.237155,-0.240281],[0.29943,0.915207,0.2697],[0.155946,-0.325813,0.932484]],"armWidth":63.325,"confidence":0.682225,"direction":[0.0682779,0.215067,-0.974209],"elbow":[42.8817,69.3009,341.811],"grabStrength":0,"id":433,"palmNormal":[-0.302848,-0.925943,-0.225637],"palmPosition":[-3.80002,166.643,38.3657],"palmVelocity":[69.8452,-381.606,118.605],"palmWidth":90.4259,"pinchStrength":0.00327411,"r":[[0.979644,0.199385,-0.0232914],[-0.195551,0.921664,-0.335104],[-0.0453477,0.332837,0.941893]],"s":1.52626,"sphereCenter":[-48.7404,151.936,10.7871],"sphereRadius":56.1041,"stabilizedPalmPosition":[-3.93286,167.231,38.1886],"t":[-35.1418,46.9833,-68.261],"timeVisible":4.9439,"type":"right","wrist":[1.0372,156.725,91.6011]}],"id":1434533,"interactionBox":{"center":[0,200,0],"size":[235.247,235.247,147.751]},"pointables":[{"bases":[[[0.666713,0.745234,0.0109472],[-0.656238,0.580004,0.482646],[0.353335,-0.32897,0.875747]],[[0.679265,0.732623,0.0431679],[-0.590486,0.510657,0.624944],[0.435804,-0.449993,0.779475]],[[0.679265,0.732623,0.0431679],[-0.707796,0.638429,0.302378],[0.193969,-0.235949,0.95221]],[[0.679265,0.732623,0.0431679],[-0.672633,0.645013,-0.362662],[-0.293538,0.217307,0.930921]]],"btipPosition":[-50.7416,180.115,-0.0384817],"carpPosition":[-29.377,154.851,92.5466],"dipPosition":[-57.5689,185.169,21.6133],"direction":[-0.193969,0.235949,-0.95221],"extended":true,"handId":433,"id":4330,"length":51.7933,"mcpPosition":[-29.377,154.851,92.5466],"pipPosition":[-50.9964,177.174,53.8783],"stabilizedTipPosition":[-52.5631,182.459,4.61375],"timeVisible":4.9439,"tipPosition":[-51.9826,178.761,4.49082],"tipVelocity":[67.2539,-376.247,117.383],"tool":false,"touchDistance":0.65108,"touchZone":"hovering","type":0,"width":20.1245},{"bases":[[[0.948559,-0.269926,-0.165456],[0.285806,0.954881,0.0807254],[0.136201,-0.123861,0.982908]],[[0.896605,-0.236724,-0.374249],[0.309115,0.939727,0.146155],[0.317093,-0.246729,0.915738]],[[0.896605,-0.236724,-0.374249],[0.235927,0.970551,-0.0486821],[0.374752,-0.0446468,0.92605]],[[0.896605,-0.236724,-0.374249],[0.168038,0.963791,-0.207051],[0.409711,0.122755,0.903918]]],"btipPosition":[-54.6018,191.221,-61.9987],"carpPosition":[-15.1466,172.642,86.556],"dipPosition":[-47.6451,193.305,-46.6505],"direction":[-0.374752,0.0446468,-0.92605],"extended":true,"handId":433,"id":4331,"length":58.4429,"mcpPosition":[-25.1047,181.698,14.6921],"pipPosition":[-38.6433,192.233,-24.4063],"stabilizedTipPosition":[-53.0207,191.775,-58.4811],"timeVisible":4.9439,"tipPosition":[-52.368,192.692,-58.4737],"tipVelocity":[77.5341,-481.118,84.7265],"tool":false,"touchDistance":-0.253199,"touchZone":"touching","type":1,"width":19.2229},{"bases":[[[0.895525,-0.442981,-0.0424612],[0.444977,0.892549,0.0731509],[0.00549429,-0.0844028,0.996417]],[[0.895526,-0.443971,-0.0303775],[0.102538,0.272289,-0.956737],[0.433035,0.853668,0.289365]],[[0.895526,-0.443971,-0.0303775],[-0.424626,-0.832091,-0.356814],[0.133139,0.332436,-0.933681]],[[0.895526,-0.443971,-0.0303775],[-0.415004,-0.857837,0.303128],[-0.160639,-0.258852,-0.952465]]],"btipPosition":[-25.1467,131.462,45.3399],"carpPosition":[-3.26021,171.063,84.1142],"dipPosition":[-28.1467,126.628,27.5521],"direction":[-0.133139,-0.332436,0.933681],"extended":false,"handId":433,"id":4332,"length":66.591,"mcpPosition":[-3.64116,176.915,15.0272],"pipPosition":[-24.3842,136.023,1.16615],"stabilizedTipPosition":[-26.0675,131.261,40.9288],"timeVisible":4.9439,"tipPosition":[-26.034,129.972,41.1172],"tipVelocity":[88.9987,-393.533,142.788],"tool":false,"touchDistance":0.333333,"touchZone":"none","type":2,"width":18.8794},{"bases":[[[0.850463,-0.516588,0.0992397],[0.50777,0.855474,0.101657],[-0.137412,-0.0360644,0.989857]],[[0.853565,-0.515554,0.0750439],[0.217381,0.22153,-0.950616],[0.473469,0.827725,0.301162]],[[0.853565,-0.515554,0.0750439],[-0.458324,-0.81156,-0.362367],[0.247722,0.274909,-0.929009]],[[0.853565,-0.515554,0.0750439],[-0.513107,-0.80693,0.292551],[-0.0902706,-0.288217,-0.953301]]],"btipPosition":[-9.59966,129.824,51.1357],"carpPosition":[8.0132,166.548,82.8514],"dipPosition":[-11.2758,124.472,33.4347],"direction":[-0.247722,-0.274909,0.929009],"extended":false,"handId":433,"id":4333,"length":64.0291,"mcpPosition":[16.5673,168.793,21.2312],"pipPosition":[-4.45595,132.04,7.85881],"stabilizedTipPosition":[-10.196,129.479,46.7888],"timeVisible":4.9439,"tipPosition":[-9.8987,128.926,47.6294],"tipVelocity":[84.1066,-390.568,129.023],"tool":false,"touchDistance":0.333333,"touchZone":"none","type":3,"width":17.965},{"bases":[[[0.733176,-0.651491,0.194968],[0.619718,0.758142,0.202904],[-0.280004,-0.0279393,0.959592]],[[0.691628,-0.649756,0.315386],[0.457223,0.0558565,-0.887596],[0.559105,0.758088,0.335715]],[[0.691628,-0.649756,0.315386],[-0.525711,-0.752315,-0.397051],[0.495256,0.10881,-0.861906]],[[0.691628,-0.649756,0.315386],[-0.717813,-0.666727,0.200548],[0.0799688,-0.365093,-0.92753]]],"btipPosition":[2.3234,134.614,48.9655],"carpPosition":[16.8313,155.504,83.4179],"dipPosition":[3.69326,128.36,33.077],"direction":[-0.495256,-0.10881,0.861906],"extended":false,"handId":433,"id":4334,"length":50.1976,"mcpPosition":[32.9668,157.114,28.1207],"pipPosition":[13.3198,130.475,16.3236],"stabilizedTipPosition":[2.3871,134.18,44.9875],"timeVisible":4.9439,"tipPosition":[2.46598,133.065,45.3683],"tipVelocity":[86.7694,-380.918,133.649],"tool":false,"touchDistance":0.333333,"touchZone":"none","type":4,"width":15.9579}],"r":[[0.979644,0.199385,-0.0232914],[-0.195551,0.921664,-0.335104],[-0.0453477,0.332837,0.941893]],"s":1.52626,"t":[-35.1418,46.9833,-68.261],"timestamp":89105425030},false],[6,{"currentFrameRate":55.3419,"devices":[],"gestures":[{"center":[-29.231,332.626,-99.2625],"duration":36239,"handIds":[433],"id":2,"normal":[0.290866,-0.0338997,0.956163],"pointableIds":[4331],"progress":0.903127,"radius":29.408,"state":"update","type":"circle"}],"hands":[{"armBasis":[[0.944124,-0.235627,-0.230456],[0.293784,0.918587,0.264364],[0.149403,-0.317297,0.936484]],"armWidth":63.325,"confidence":0.68975,"direction":[0.0705393,0.199909,-0.977272],"elbow":[42.0033,68.3385,343.892],"grabStrength":0,"id":433,"palmNormal":[-0.298028,-0.93074,-0.211902],"palmPosition":[-2.79095,162.529,39.2073],"palmVelocity":[63.108,-308.028,84.2572],"palmWidth":90.4259,"pinchStrength":0.00033131,"r":[[0.977279,0.21049,-0.0248872],[-0.205702,0.913564,-0.350838],[-0.0511119,0.347986,0.936106]],"s":1.52888,"sphereCenter":[-47.7461,147.215,11.6733],"sphereRadius":56.2325,"stabilizedPalmPosition":[-2.87479,162.875,39.1325],"t":[-34.0035,41.5238,-66.7885],"timeVisible":4.96202,"type":"right","wrist":[1.91451,153.478,92.6086]}],"id":1434534,"interactionBox":{"center":[0,200,0],"size":[235.247,235.247,147.751]},"pointables":[{"bases":[[[0.663389,0.748273,0.00127782],[-0.660368,0.584652,0.47127],[0.351892,-0.31348,0.881988]],[[0.677094,0.734966,0.03699],[-0.593117,0.515279,0.618628],[0.43561,-0.440808,0.784813]],[[0.677094,0.734966,0.03699],[-0.710349,0.639632,0.293727],[0.19222,-0.225157,0.955173]],[[0.677094,0.734966,0.03699],[-0.673074,0.63883,-0.37265],[-0.297515,0.227422,0.927234]]],"btipPosition":[-49.6973,175.691,0.62103],"carpPosition":[-28.4941,151.483,93.4855],"dipPosition":[-56.6171,180.98,22.1871],"direction":[-0.19222,0.225157,-0.955173],"extended":true,"handId":433,"id":4330,"length":51.7933,"mcpPosition":[-28.4941,151.483,93.4855],"pipPosition":[-50.1039,173.351,54.5524],"stabilizedTipPosition":[-51.4387,177.56,5.46747],"timeVisible":4.96202,"tipPosition":[-50.9702,174.487,5.15469],"tipVelocity":[62.1172,-311.953,78.3166],"tool":false,"touchDistance":0.628903,"touchZone":"hovering","type":0,"width":20.1245},{"bases":[[[0.950277,-0.268289,-0.158097],[0.281336,0.957303,0.066495],[0.133506,-0.107667,0.985182]],[[0.899024,-0.238708,-0.367116],[0.305637,0.942432,0.135677],[0.313595,-0.234181,0.920227]],[[0.899024,-0.238708,-0.367116],[0.232253,0.970653,-0.0623831],[0.371233,-0.0291799,0.928081]],[[0.899024,-0.238708,-0.367116],[0.164032,0.960894,-0.223104],[0.406016,0.140357,0.903023]]],"btipPosition":[-53.2841,185.429,-61.6867],"carpPosition":[-14.3224,169.241,87.2595],"dipPosition":[-46.39,187.812,-46.3537],"direction":[-0.371233,0.0291799,-0.928081],"extended":true,"handId":433,"id":4331,"length":58.4429,"mcpPosition":[-24.0836,177.113,15.2294],"pipPosition":[-37.4728,187.111,-24.0607],"stabilizedTipPosition":[-51.7088,186.023,-58.1627],"timeVisible":4.96202,"tipPosition":[-51.1398,186.854,-58.1798],"tipVelocity":[74.8675,-402.45,52.5015],"tool":false,"touchDistance":-0.258851,"touchZone":"touching","type":1,"width":19.2229},{"bases":[[[0.8976,-0.439608,-0.0325452],[0.440804,0.895567,0.0604229],[0.00258398,-0.0685816,0.997642]],[[0.897566,-0.440401,-0.0205543],[0.105226,0.259266,-0.960057],[0.428139,0.859551,0.27905]],[[0.897566,-0.440401,-0.0205543],[-0.419456,-0.838664,-0.347418],[0.135765,0.320453,-0.937485]],[[0.897566,-0.440401,-0.0205543],[-0.412531,-0.855386,0.31326],[-0.155542,-0.272692,-0.949445]]],"btipPosition":[-24.0409,127.294,46.5673],"carpPosition":[-2.42125,167.676,84.8814],"dipPosition":[-26.9457,122.201,28.8359],"direction":[-0.135765,-0.320453,0.937485],"extended":false,"handId":433,"id":4332,"length":66.591,"mcpPosition":[-2.60041,172.431,15.7094],"pipPosition":[-23.1089,131.257,2.34251],"stabilizedTipPosition":[-24.8589,126.689,42.3169],"timeVisible":4.96202,"tipPosition":[-24.8817,125.787,42.4092],"tipVelocity":[76.2625,-317.288,107.407],"tool":false,"touchDistance":0.333333,"touchZone":"none","type":2,"width":18.8794},{"bases":[[[0.852396,-0.511162,0.110159],[0.503665,0.859228,0.0897151],[-0.140511,-0.0209896,0.989857]],[[0.855636,-0.510479,0.0854311],[0.222318,0.213427,-0.951327],[0.467399,0.832983,0.296104]],[[0.855636,-0.510479,0.0854311],[-0.451394,-0.816748,-0.359397],[0.25324,0.26895,-0.929266]],[[0.855636,-0.510479,0.0854311],[-0.510958,-0.806789,0.296672],[-0.0825201,-0.297495,-0.95115]]],"btipPosition":[-8.57024,125.632,52.2028],"carpPosition":[8.87601,163.192,83.7267],"dipPosition":[-10.1025,120.10