{"sensorType":"Leap","data":[[0,{"currentFrameRate":55.2753,"devices":[],"gestures":[],"hands":[{"armBasis":[[0.961653,-0.263826,-0.0749599],[0.273759,0.939961,0.203786],[0.0166955,-0.216492,0.976142]],"armWidth":63.325,"confidence":0.889671,"direction":[0.106555,0.26643,-0.957946],"elbow":[22.2281,161.351,357.563],"grabStrength":0,"id":433,"palmNormal":[-0.265715,-0.920762,-0.285644],"palmPosition":[15.0674,231.945,42.7968],"palmVelocity":[24.6284,133.04,-94.0481],"palmWidth":90.4259,"pinchStrength":0.599569,"r":[[0.964841,0.262386,0.0153419],[-0.240442,0.904714,-0.351681],[-0.106156,0.335628,0.935994]],"s":1.35232,"sphereCenter":[16.8602,191.24,12.5631],"sphereRadius":49.5894,"stabilizedPalmPosition":[9.52494,218.722,60.5633],"t":[-15.4596,103.074,-60.0317],"timeVisible":3.08225,"type":"right","wrist":[17.7483,219.441,95.6385]}],"id":1434430,"interactionBox":{"center":[0,200,0],"size":[235.247,235.247,147.751]},"pointables":[{"bases":[[[0.64401,0.760869,0.0795539],[-0.693862,0.537148,0.479612],[0.32219,-0.364074,0.873867]],[[0.522689,0.833808,-0.177652],[-0.76662,0.550863,0.329914],[0.372947,-0.0362508,0.927144]],[[0.522689,0.833808,-0.177652],[-0.852223,0.505499,-0.134861],[-0.0226452,0.221889,0.974809]],[[0.522689,0.833808,-0.177652],[-0.803369,0.412004,-0.429942],[-0.285296,0.367446,0.885206]]],"btipPosition":[-23.7098,202.46,-4.55662],"carpPosition":[-12.6115,216.727,95.0565],"dipPosition":[-30.3454,211.006,16.0319],"direction":[0.0226452,-0.221889,-0.974809],"extended":false,"handId":433,"id":4330,"length":51.7933,"mcpPosition":[-12.6115,216.727,95.0565],"pipPosition":[-31.1127,218.525,49.0626],"stabilizedTipPosition":[-26.2969,201.616,2.49432],"timeVisible":3.08225,"tipPosition":[-25.7279,203.061,0.656186],"tipVelocity":[51.2108,145.231,-113.791],"tool":false,"touchDistance":-0.505204,"touchZone":"touching","type":0,"width":20.1245},{"bases":[[[0.962433,-0.236198,-0.133912],[0.254493,0.956634,0.141719],[0.0946307,-0.170474,0.980808]],[[0.96454,-0.261689,0.0343747],[0.261506,0.965152,0.00978923],[-0.0357386,-0.000452908,0.999361]],[[0.96454,-0.261689,0.0343747],[0.26393,0.95537,-0.132696],[0.00188435,0.137063,0.990561]],[[0.96454,-0.261689,0.0343747],[0.262142,0.934657,-0.240205],[0.0307303,0.240698,0.970113]]],"btipPosition":[-4.59505,240.272,-64.0059],"carpPosition":[1.36489,235.168,90.6392],"dipPosition":[-4.07325,244.359,-47.5337],"direction":[-0.00188435,-0.137063,-0.990561],"extended":true,"handId":433,"id":4331,"length":58.4429,"mcpPosition":[-5.55389,247.632,18.9289],"pipPosition":[-4.02799,247.651,-23.7399],"stabilizedTipPosition":[-5.88053,236.622,-56.2944],"timeVisible":3.08225,"tipPosition":[-4.49352,239.283,-59.7573],"tipVelocity":[42.673,179.094,-103.607],"tool":false,"touchDistance":-0.659488,"touchZone":"touching","type":1,"width":19.2229},{"bases":[[[0.908789,-0.416657,-0.0223541],[0.415556,0.898955,0.138538],[-0.0376276,-0.135191,0.990105]],[[0.909139,-0.415191,-0.0329176],[0.176865,0.456415,-0.872012],[0.377075,0.786958,0.488377]],[[0.909139,-0.415191,-0.0329176],[-0.341518,-0.697909,-0.629515],[0.238395,0.583558,-0.776291]],[[0.909139,-0.415191,-0.0329176],[-0.415359,-0.909656,0.00188459],[-0.0307262,0.0119593,-0.999456]]],"btipPosition":[-8.22623,188.989,37.2437],"carpPosition":[13.3906,234.027,88.6837],"dipPosition":[-8.80005,189.213,18.5784],"direction":[-0.238395,-0.583558,0.776291],"extended":false,"handId":433,"id":4332,"length":66.591,"mcpPosition":[15.9995,243.4,20.0343],"pipPosition":[-2.06298,205.704,-3.3597],"stabilizedTipPosition":[-9.83329,181.04,43.7066],"timeVisible":3.08225,"tipPosition":[-8.00707,189.616,34.705],"tipVelocity":[35.384,118.185,-169.701],"tool":false,"touchDistance":0.333333,"touchZone":"none","type":2,"width":18.8794},{"bases":[[[0.859417,-0.498584,0.113212],[0.478012,0.862122,0.168079],[-0.181404,-0.090333,0.979251]],[[0.859469,-0.498558,0.112929],[0.334784,0.382026,-0.86138],[0.386306,0.778137,0.495248]],[[0.859469,-0.498558,0.112929],[-0.324504,-0.70281,-0.633052],[0.394981,0.507443,-0.765828]],[[0.859469,-0.498558,0.112929],[-0.500418,-0.865682,-0.0132744],[0.104379,-0.0451028,-0.993514]]],"btipPosition":[6.16165,187.819,44.3097],"carpPosition":[24.834,229.88,87.7289],"dipPosition":[8.09977,186.982,25.862],"direction":[-0.394981,-0.507443,0.765828],"extended":false,"handId":433,"id":4333,"length":64.0291,"mcpPosition":[36.1267,235.503,26.7689],"pipPosition":[18.9737,200.952,4.77853],"stabilizedTipPosition":[4.76881,179.169,50.8333],"timeVisible":3.08225,"tipPosition":[6.78515,188.285,41.8565],"tipVelocity":[41.1057,120.377,-153.149],"tool":false,"touchDistance":0.333333,"touchZone":"none","type":3,"width":17.965},{"bases":[[[0.741771,-0.641236,0.196451],[0.587946,0.762688,0.269491],[-0.322638,-0.0843982,0.942752]],[[0.678461,-0.646377,0.349124],[0.556061,0.141276,-0.819046],[0.48009,0.749825,0.455276]],[[0.678461,-0.646377,0.349124],[-0.36881,-0.710693,-0.599078],[0.63535,0.277691,-0.720568]],[[0.678461,-0.646377,0.349124],[-0.669704,-0.739533,-0.067738],[0.301973,-0.187852,-0.934625]]],"btipPosition":[18.1276,195.39,47.8479],"carpPosition":[33.9282,219.055,88.157],"dipPosition":[23.3004,192.172,31.8379],"direction":[-0.63535,-0.277691,0.720568],"extended":false,"handId":433,"id":4334,"length":50.1976,"mcpPosition":[52.5204,223.919,33.8302],"pipPosition":[35.6501,197.57,17.8318],"stabilizedTipPosition":[17.5542,188.718,50.0047],"timeVisible":3.08225,"tipPosition":[19.2188,194.755,44.658],"tipVelocity":[47.7656,128.791,-131.962],"tool":false,"touchDistance":0.333333,"touchZone":"none","type":4,"width":15.9579}],"r":[[0.964841,0.262386,0.0153419],[-0.240442,0.904714,-0.351681],[-0.106156,0.335628,0.935994]],"s":1.35232,"t":[-15.4596,103.074,-60.0317],"timestamp":89103563379},false],[1,{"currentFrameRate":55.3405,"devices":[],"gestures":[],"hands":[{"armBasis":[[0.962359,-0.260187,-0.0785324],[0.271122,0.939179,0.210798],[0.0189091,-0.224155,0.97437]],"armWidth":63.325,"confidence":0.892789,"direction":[0.107639,0.265969,-0.957953],"elbow":[23.2202,161.503,355.481],"grabStrength":0,"id":433,"palmNormal":[-0.263613,-0.921427,-0.285448],"palmPosition":[15.5293,234.113,41.1771],"palmVelocity":[25.2177,127.589,-92.5022],"palmWidth":90.4259,"pinchStrength":0.614114,"r":[[0.964214,0.264594,0.0167895],[-0.241795,0.903575,-0.353676],[-0.108751,0.33696,0.935217]],"s":1.34991,"sphereCenter":[17.0147,193.654,10.8131],"sphereRadius":49.4491,"stabilizedPalmPosition":[11.426,223.595,54.4254],"t":[-15.0023,105.361,-61.6889],"timeVisible":3.10009,"type":"right","wrist":[18.1464,221.65,94.0316]}],"id":1434431,"interactionBox":{"center":[0,200,0],"size":[235.247,235.247,147.751]},"pointables":[{"bases":[[[0.642526,0.762068,0.0800817],[-0.695595,0.536238,0.478117],[0.321415,-0.362907,0.874638]],[[0.523598,0.834071,-0.173697],[-0.768063,0.550346,0.327413],[0.36868,-0.0380227,0.928779]],[[0.523598,0.834071,-0.173697],[-0.851608,0.506479,-0.13507],[-0.024684,0.218644,0.975492]],[[0.523598,0.834071,-0.173697],[-0.805109,0.417728,-0.421074],[-0.278647,0.360319,0.890239]]],"btipPosition":[-23.1797,204.978,-6.43232],"carpPosition":[-12.2075,218.88,93.4021],"dipPosition":[-29.6606,213.358,14.2733],"direction":[0.024684,-0.218644,-0.975492],"extended":false,"handId":433,"id":4330,"length":51.7933,"mcpPosition":[-12.2075,218.88,93.4021],"pipPosition":[-30.497,220.767,47.3271],"stabilizedTipPosition":[-25.494,204.227,0.438576],"timeVisible":3.10009,"tipPosition":[-25.1051,205.528,-1.16678],"tipVelocity":[42.0238,142.267,-108.994],"tool":false,"touchDistance":-0.510748,"touchZone":"touching","type":0,"width":20.1245},{"bases":[[[0.963069,-0.234576,-0.132186],[0.252561,0.957181,0.14148],[0.0933383,-0.16964,0.981076]],[[0.965237,-0.259413,0.0319801],[0.258861,0.965699,0.0204266],[-0.0361821,-0.0114381,0.99928]],[[0.965237,-0.259413,0.0319801],[0.261376,0.957638,-0.120878],[0.000731839,0.125034,0.992152]],[[0.965237,-0.259413,0.0319801],[0.259746,0.938358,-0.228072],[0.0291562,0.228451,0.973119]]],"btipPosition":[-4.04888,243.353,-65.7556],"carpPosition":[1.74322,237.344,88.995],"dipPosition":[-3.55382,247.232,-49.2323],"direction":[-0.000731839,-0.125034,-0.992152],"extended":true,"handId":433,"id":4331,"length":58.4429,"mcpPosition":[-5.08107,249.747,17.265],"pipPosition":[-3.53624,250.235,-25.4003],"stabilizedTipPosition":[-4.80951,240.818,-59.4107],"timeVisible":3.10009,"tipPosition":[-3.92839,242.262,-61.5209],"tipVelocity":[36.829,174.787,-100.68],"tool":false,"touchDistance":-0.647941,"touchZone":"touching","type":1,"width":19.2229},{"bases":[[[0.909564,-0.415054,-0.0205929],[0.413731,0.899787,0.1386],[-0.0389975,-0.134586,0.990134]],[[0.909922,-0.413624,-0.0309513],[0.184692,0.470853,-0.862662],[0.371391,0.779239,0.504832]],[[0.909922,-0.413624,-0.0309513],[-0.334738,-0.688217,-0.643667],[0.244935,0.596047,-0.76468]],[[0.909922,-0.413624,-0.0309513],[-0.414064,-0.910202,-0.00919638],[-0.0243681,0.0211838,-0.999479]]],"btipPosition":[-7.77901,190.987,34.5018],"carpPosition":[13.7741,236.223,87.0598],"dipPosition":[-8.23409,191.383,15.836],"direction":[-0.244935,-0.596047,0.764679],"extended":false,"handId":433,"id":4332,"length":66.591,"mcpPosition":[16.478,245.554,18.4084],"pipPosition":[-1.31222,208.227,-5.77389],"stabilizedTipPosition":[-9.64682,182,42.4156],"timeVisible":3.10009,"tipPosition":[-7.55726,191.607,32.0602],"tipVelocity":[31.2441,116.308,-162.147],"tool":false,"touchDistance":0.333333,"touchZone":"none","type":2,"width":18.8794},{"bases":[[[0.860117,-0.496977,0.114949],[0.476204,0.863085,0.168268],[-0.182836,-0.0899909,0.979016]],[[0.859829,-0.497117,0.116483],[0.343624,0.394668,-0.85215],[0.377646,0.77273,0.510169]],[[0.859829,-0.497117,0.116483],[-0.314548,-0.69544,-0.646083],[0.402186,0.518881,-0.754327]],[[0.859829,-0.497117,0.116483],[-0.497906,-0.86689,-0.024313],[0.113065,-0.0370926,-0.992895]]],"btipPosition":[6.66803,189.79,41.7312],"carpPosition":[25.2264,232.095,86.1264],"dipPosition":[8.76743,189.101,23.295],"direction":[-0.402186,-0.518881,0.754327],"extended":false,"handId":433,"id":4333,"length":64.0291,"mcpPosition":[36.6082,237.697,25.181],"pipPosition":[19.8397,203.386,2.52817],"stabilizedTipPosition":[5.00987,180.228,49.4831],"timeVisible":3.10009,"tipPosition":[7.31175,190.258,39.3556],"tipVelocity":[36.0909,116.594,-149.004],"tool":false,"touchDistance":0.333333,"touchZone":"none","type":3,"width":17.965},{"bases":[[[0.742589,-0.639781,0.198093],[0.58615,0.763916,0.269926],[-0.32402,-0.0843321,0.942284]],[[0.678483,-0.644903,0.351797],[0.563493,0.149636,-0.812456],[0.471314,0.749472,0.464924]],[[0.678483,-0.644903,0.351797],[-0.360896,-0.709726,-0.605015],[0.639856,0.28353,-0.71428]],[[0.678483,-0.644903,0.351797],[-0.667572,-0.741139,-0.0711387],[0.306608,-0.186584,-0.933369]]],"btipPosition":[18.7596,197.495,45.8118],"carpPosition":[34.3391,221.287,86.5766],"dipPosition":[24.0118,194.299,29.8232],"direction":[-0.639856,-0.28353,0.71428],"extended":false,"handId":433,"id":4334,"length":50.1976,"mcpPosition":[53.011,226.147,32.2768],"pipPosition":[36.449,199.81,15.9394],"stabilizedTipPosition":[18.0217,190.276,48.4802],"timeVisible":3.10009,"tipPosition":[19.8396,196.883,42.7377],"tipVelocity":[42.4324,123.83,-123.422],"tool":false,"touchDistance":0.333333,"touchZone":"none","type":4,"width":15.9579}],"r":[[0.964214,0.264594,0.0167895],[-0.241795,0.903575,-0.353676],[-0.108751,0.33696,0.935217]],"s":1.34991,"t":[-15.0023,105.361,-61.6889],"timestamp":89103581224},false],[2,{"currentFrameRate":55.3502,"devices":[],"gestures":[],"hands":[{"armBasis":[[0.965102,-0.251069,-0.0744413],[0.261427,0.940284,0.217994],[0.0152644,-0.229848,0.973107]],"armWidth":63.325,"confidence":0.903245,"direction":[0.100849,0.266978,-0.958411],"elbow":[23.2233,162.4,353.233],"grabStrength":0,"id":433,"palmNormal":[-0.255121,-0.924173,-0.284285],"palmPosition":[16.1594,236.503,39.2791],"palmVelocity":[29.8316,129.939,-98.5501],"palmWidth":90.4259,"pinchStrength":0.617458,"r":[[0.96316,0.268382,0.017136],[-0.245062,0.902142,-0.355083],[-0.110757,0.337803,0.934678]],"s":1.34821,"sphereCenter":[17.527,196.364,8.7778],"sphereRadius":49.3143,"stabilizedPalmPosition":[13.0825,228.112,49.1249],"t":[-14.4586,107.699,-63.4665],"timeVisible":3.11813,"type":"right","wrist":[19.1275,224.074,92.1231]}],"id":1434432,"interactionBox":{"center":[0,200,0],"size":[235.247,235.247,147.751]},"pointables":[{"bases":[[[0.634825,0.768774,0.0773515],[-0.699183,0.528965,0.480978],[0.328847,-0.35942,0.873314]],[[0.516519,0.838879,-0.171726],[-0.772017,0.542984,0.330391],[0.370403,-0.0380775,0.92809]],[[0.516519,0.838879,-0.171726],[-0.855991,0.500687,-0.128808],[-0.0220732,0.213528,0.976688]],[[0.516519,0.838879,-0.171726],[-0.812414,0.416741,-0.407811],[-0.270539,0.350155,0.896772]]],"btipPosition":[-22.5329,207.496,-8.37241],"carpPosition":[-11.1981,220.986,91.6203],"dipPosition":[-28.8252,215.64,12.4852],"direction":[0.0220732,-0.213528,-0.976688],"extended":false,"handId":433,"id":4330,"length":51.7933,"mcpPosition":[-11.1981,220.986,91.6203],"pipPosition":[-29.5731,222.875,45.5795],"stabilizedTipPosition":[-24.7421,206.781,-1.55498],"timeVisible":3.11813,"tipPosition":[-24.3324,207.96,-3.0542],"tipVelocity":[40.2458,139.594,-107.406],"tool":false,"touchDistance":-0.516584,"touchZone":"touching","type":0,"width":20.1245},{"bases":[[[0.964917,-0.224476,-0.136185],[0.243095,0.959793,0.140362],[0.0992015,-0.168544,0.98069]],[[0.968235,-0.24883,0.0245966],[0.248034,0.968242,0.0314052],[-0.03163,-0.0243068,0.999204]],[[0.968235,-0.24883,0.0245966],[0.250019,0.962089,-0.108976],[0.00345244,0.111664,0.99374]],[[0.968235,-0.24883,0.0245966],[0.24817,0.94431,-0.21608],[0.0305404,0.215321,0.976066]]],"btipPosition":[-3.96431,246.617,-67.6534],"carpPosition":[2.53968,239.594,87.1538],"dipPosition":[-3.44574,250.273,-51.0801],"direction":[-0.00345244,-0.111664,-0.99374],"extended":true,"handId":433,"id":4331,"length":58.4429,"mcpPosition":[-4.71329,251.917,15.4522],"pipPosition":[-3.36281,252.955,-27.2099],"stabilizedTipPosition":[-4.24736,244.688,-61.9933],"timeVisible":3.11813,"tipPosition":[-3.82337,245.423,-63.4366],"tipVelocity":[21.7249,176.386,-102.541],"tool":false,"touchDistance":-0.639775,"touchZone":"touching","type":1,"width":19.2229},{"bases":[[[0.913773,-0.405494,-0.0243578],[0.404845,0.904092,0.136815],[-0.0334558,-0.134879,0.990297]],[[0.914067,-0.404098,-0.0344481],[0.180173,0.480705,-0.858173],[0.363345,0.77822,0.512204]],[[0.914067,-0.404098,-0.0344481],[-0.327552,-0.68549,-0.650241],[0.239147,0.605647,-0.758947]],[[0.914067,-0.404098,-0.0344481],[-0.404744,-0.914321,-0.0141447],[-0.0257808,0.0268718,-0.999306]]],"btipPosition":[-6.78852,193.056,32.0809],"carpPosition":[14.5735,238.599,85.1686],"dipPosition":[-7.26999,193.558,13.4184],"direction":[-0.239147,-0.605647,0.758947],"extended":false,"handId":433,"id":4332,"length":66.591,"mcpPosition":[16.8932,247.951,16.5059],"pipPosition":[-0.511661,210.673,-8.02953],"stabilizedTipPosition":[-9.40535,182.982,41.1301],"timeVisible":3.11813,"tipPosition":[-6.59005,193.662,29.6248],"tipVelocity":[42.3192,116.183,-148.891],"tool":false,"touchDistance":0.333333,"touchZone":"none","type":2,"width":18.8794},{"bases":[[[0.865754,-0.487915,0.111394],[0.467822,0.868051,0.166224],[-0.177799,-0.091796,0.979776]],[[0.865249,-0.488172,0.114155],[0.340638,0.405385,-0.848309],[0.367844,0.772885,0.517049]],[[0.865249,-0.488172,0.114155],[-0.30548,-0.693916,-0.652045],[0.397524,0.52931,-0.749537]],[[0.865249,-0.488172,0.114155],[-0.48836,-0.872185,-0.0282352],[0.113348,-0.0313182,-0.993062]]],"btipPosition":[7.75086,191.998,39.311],"carpPosition":[26.0644,234.592,84.1877],"dipPosition":[9.85553,191.416,20.8716],"direction":[-0.397524,-0.52931,0.749537],"extended":false,"handId":433,"id":4333,"length":64.0291,"mcpPosition":[37.1327,240.306,23.195],"pipPosition":[20.7995,205.988,0.236665],"stabilizedTipPosition":[5.32691,181.371,48.0662],"timeVisible":3.11813,"tipPosition":[8.38208,192.449,36.9121],"tipVelocity":[47.4875,120.019,-142.006],"tool":false,"touchDistance":0.333333,"touchZone":"none","type":3,"width":17.965},{"bases":[[[0.750079,-0.631936,0.195038],[0.579225,0.770052,0.267429],[-0.319187,-0.0876224,0.943632]],[[0.685601,-0.637666,0.35119],[0.569593,0.169466,-0.804267],[0.453339,0.751441,0.479396]],[[0.685601,-0.637666,0.35119],[-0.344173,-0.709023,-0.615492],[0.64148,0.301112,-0.705574]],[[0.685601,-0.637666,0.35119],[-0.657722,-0.749355,-0.0766065],[0.312015,-0.178464,-0.933165]]],"btipPosition":[19.9413,199.728,43.0769],"carpPosition":[35.2918,223.88,84.6007],"dipPosition":[25.2861,196.671,27.0918],"direction":[-0.64148,-0.301112,0.705574],"extended":false,"handId":433,"id":4334,"length":50.1976,"mcpPosition":[53.6852,228.93,30.2232],"pipPosition":[37.7549,202.524,13.3772],"stabilizedTipPosition":[18.5657,191.788,46.9115],"timeVisible":3.11813,"tipPosition":[21.0143,199.204,40.2196],"tipVelocity":[53.9489,124.664,-136.797],"tool":false,"touchDistance":0.333333,"touchZone":"none","type":4,"width":15.9579}],"r":[[0.96316,0.268382,0.017136],[-0.245062,0.902142,-0.355083],[-0.110757,0.337803,0.934678]],"s":1.34821,"t":[-14.4586,107.699,-63.4665],"timestamp":89103599257},false],[3,{"currentFrameRate":55.2991,"devices":[],"gestures":[],"hands":[{"armBasis":[[0.967132,-0.243475,-0.0733185],[0.253754,0.942602,0.217048],[0.0162646,-0.228519,0.973404]],"armWidth":63.325,"confidence":0.893859,"direction":[0.100266,0.268777,-0.95797],"elbow":[23.7769,164.59,351.806],"grabStrength":0,"id":433,"palmNormal":[-0.24727,-0.925883,-0.285655],"palmPosition":[16.431,238.368,37.7804],"palmVelocity":[22.673,116.627,-90.6652],"palmWidth":90.4259,"pinchStrength":0.622262,"r":[[0.961866,0.272944,0.0177775],[-0.248995,0.900662,-0.356103],[-0.113208,0.338097,0.934278]],"s":1.34796,"sphereCenter":[17.6532,198.733,7.09324],"sphereRadius":49.1709,"stabilizedPalmPosition":[14.309,231.869,44.9697],"t":[-14.0509,109.801,-65.1047],"timeVisible":3.13639,"type":"right","wrist":[19.4127,225.907,90.6163]}],"id":1434433,"interactionBox":{"center":[0,200,0],"size":[235.247,235.247,147.751]},"pointables":[{"bases":[[[0.628539,0.773738,0.079179],[-0.704164,0.522861,0.480385],[0.330292,-0.357695,0.873476]],[[0.512804,0.84245,-0.165256],[-0.776214,0.537216,0.329987],[0.366775,-0.0409445,0.929408]],[[0.512804,0.84245,-0.165256],[-0.858185,0.497769,-0.125477],[-0.0234488,0.206165,0.978236]],[[0.512804,0.84245,-0.165256],[-0.817376,0.420239,-0.394075],[-0.262542,0.33716,0.904099]]],"btipPosition":[-22.1806,209.782,-10.22],"carpPosition":[-10.8865,222.578,90.0609],"dipPosition":[-28.287,217.624,10.808],"direction":[0.0234488,-0.206165,-0.978236],"extended":false,"handId":433,"id":4330,"length":51.7933,"mcpPosition":[-10.8865,222.578,90.0609],"pipPosition":[-29.0815,224.609,43.9547],"stabilizedTipPosition":[-24.1709,209.152,-3.44487],"timeVisible":3.13639,"tipPosition":[-23.8224,210.129,-4.84121],"tipVelocity":[31.3372,130.88,-103.401],"tool":false,"touchDistance":-0.520385,"touchZone":"touching","type":0,"width":20.1245},{"bases":[[[0.966898,-0.216621,-0.134846],[0.235193,0.961557,0.141749],[0.098956,-0.168772,0.980675]],[[0.970357,-0.24064,0.0223506],[0.239375,0.96973,0.0482002],[-0.033273,-0.0414212,0.998588]],[[0.970357,-0.24064,0.0223506],[0.241676,0.966122,-0.0905637],[0.000199856,0.0932807,0.99564]],[[0.970357,-0.24064,0.0223506],[0.240249,0.950461,-0.197241],[0.0262208,0.196764,0.9801]]],"btipPosition":[-3.5549,249.827,-69.2579],"carpPosition":[2.70952,241.3,85.636],"dipPosition":[-3.10968,253.168,-52.6161],"direction":[-0.000199856,-0.0932807,-0.99564],"extended":true,"handId":433,"id":4331,"length":58.4429,"mcpPosition":[-4.5255,253.64,13.9354],"pipPosition":[-3.10488,255.408,-28.7003],"stabilizedTipPosition":[-3.75472,248.349,-64.1235],"timeVisible":3.13639,"tipPosition":[-3.44155,248.462,-65.054],"tipVelocity":[21.6159,174.202,-95.1073],"tool":false,"touchDistance":-0.627963,"touchZone":"touching","type":1,"width":19.2229},{"bases":[[[0.917021,-0.398158,-0.0232889],[0.397388,0.907153,0.138407],[-0.0339814,-0.136177,0.990102]],[[0.917315,-0.396778,-0.033173],[0.183138,0.494438,-0.849701],[0.353545,0.773368,0.52622]],[[0.917315,-0.396778,-0.033173],[-0.317323,-0.678204,-0.662832],[0.240499,0.618552,-0.748033]],[[0.917315,-0.396778,-0.033173],[-0.397646,-0.917183,-0.0255582],[-0.0202848,0.036636,-0.999123]]],"btipPosition":[-6.24289,194.635,29.6121],"carpPosition":[14.7541,240.403,83.6694],"dipPosition":[-6.62171,195.319,10.9529],"direction":[-0.240499,-0.618552,0.748033],"extended":false,"handId":433,"id":4332,"length":66.591,"mcpPosition":[17.1102,249.845,15.0202],"pipPosition":[0.174824,212.8,-10.1866],"stabilizedTipPosition":[-9.16968,183.887,39.9185],"timeVisible":3.13639,"tipPosition":[-6.03972,195.254,27.2138],"tipVelocity":[36.9848,103.076,-142.321],"tool":false,"touchDistance":0.333333,"touchZone":"none","type":2,"width":18.8794},{"bases":[[[0.869442,-0.481102,0.1123],[0.460604,0.871585,0.167881],[-0.178647,-0.0942376,0.97939]],[[0.868877,-0.481396,0.115372],[0.33916,0.409137,-0.847099],[0.360587,0.775155,0.51876]],[[0.868877,-0.481396,0.115372],[-0.298593,-0.695551,-0.653491],[0.394835,0.533354,-0.74809]],[[0.868877,-0.481396,0.115372],[-0.48135,-0.876011,-0.0301146],[0.115564,-0.0293684,-0.992866]]],"btipPosition":[8.37259,193.798,37.7309],"carpPosition":[26.2783,236.489,82.703],"dipPosition":[10.5184,193.253,19.2952],"direction":[-0.394835,-0.533354,0.74809],"extended":false,"handId":433,"id":4333,"length":64.0291,"mcpPosition":[37.3993,242.355,21.7344],"pipPosition":[21.3883,207.936,-1.29993],"stabilizedTipPosition":[5.6883,182.628,46.5779],"timeVisible":3.13639,"tipPosition":[9.00283,194.238,35.2833],"tipVelocity":[41.3032,109.992,-115.433],"tool":false,"touchDistance":0.333333,"touchZone":"none","type":3,"width":17.965},{"bases":[[[0.754785,-0.626129,0.195606],[0.572622,0.774373,0.269167],[-0.320005,-0.0911554,0.94302]],[[0.689397,-0.632512,0.353073],[0.576174,0.183387,-0.796488],[0.439039,0.752528,0.490863]],[[0.689397,-0.632512,0.353073],[-0.330321,-0.708283,-0.623878],[0.644686,0.313472,-0.69722]],[[0.689397,-0.632512,0.353073],[-0.65021,-0.755176,-0.0832824],[0.31931,-0.172157,-0.931882]]],"btipPosition":[20.6021,201.516,41.0441],"carpPosition":[35.5902,225.851,83.12],"dipPosition":[26.0718,198.567,25.0811],"direction":[-0.644686,-0.313472,0.69722],"extended":false,"handId":433,"id":4334,"length":50.1976,"mcpPosition":[54.0307,231.104,28.7777],"pipPosition":[38.6029,204.66,11.5288],"stabilizedTipPosition":[19.0715,193.177,45.4471],"timeVisible":3.13639,"tipPosition":[21.6834,201.034,38.2818],"tipVelocity":[46.2005,112.508,-124.472],"tool":false,"touchDistance":0.333333,"touchZone":"none","type":4,"width":15.9579}],"r":[[0.961866,0.272944,0.0177775],[-0.248995,0.900662,-0.356103],[-0.113208,0.338097,0.934278]],"s":1.34796,"t":[-14.0509,109.801,-65.1047],"timestamp":89103617517},false],[4,{"currentFrameRate":55.3453,"devices":[],"gestures":[],"hands":[{"armBasis":[[0.968812,-0.236338,-0.0744848],[0.246996,0.945183,0.213592],[0.0199218,-0.225328,0.974079]],"armWidth":63.325,"confidence":0.890699,"direction":[0.102888,0.270129,-0.957311],"elbow":[24.6683,168.203,350.332],"grabStrength":0,"id":433,"palmNormal":[-0.239848,-0.927284,-0.287434],"palmPosition":[16.5016,241.143,36.1212],"palmVelocity":[13.8295,134.722,-91.6027],"palmWidth":90.4259,"pinchStrength":0.628531,"r":[[0.960432,0.277852,0.0192085],[-0.252993,0.899183,-0.357023],[-0.116472,0.338037,0.933898]],"s":1.34889,"sphereCenter":[17.3909,202.225,5.25283],"sphereRadius":48.9267,"stabilizedPalmPosition":[15.1861,235.579,41.43],"t":[-13.8118,112.239,-66.7534],"timeVisible":3.1543,"type":"right","wrist":[19.3227,228.664,88.9614]}],"id":1434434,"interactionBox":{"center":[0,200,0],"size":[235.247,235.247,147.751]},"pointables":[{"bases":[[[0.623055,0.777804,0.0826058],[-0.709792,0.517861,0.477509],[0.32863,-0.356147,0.874735]],[[0.51041,0.845288,-0.158021],[-0.780571,0.53252,0.32731],[0.36082,-0.043716,0.93161]],[[0.51041,0.845288,-0.158021],[-0.859492,0.495592,-0.125148],[-0.0274722,0.199694,0.979473]],[[0.51041,0.845288,-0.158021],[-0.819171,0.422034,-0.388389],[-0.26161,0.327683,0.907846]]],"btipPosition":[-21.835,212.917,-12.2547],"carpPosition":[-10.9509,225.136,88.2646],"dipPosition":[-27.9196,220.538,8.86041],"direction":[0.0274722,-0.199694,-0.979473],"extended":false,"handId":433,"id":4330,"length":51.7933,"mcpPosition":[-10.9509,225.136,88.2646],"pipPosition":[-28.8505,227.304,42.0491],"stabilizedTipPosition":[-23.7065,211.888,-5.40544],"timeVisible":3.1543,"tipPosition":[-23.4001,213.188,-6.85896],"tipVelocity":[25.7864,150.387,-107.693],"tool":false,"touchDistance":-0.5269,"touchZone":"touching","type":0,"width":20.1245},{"bases":[[[0.968914,-0.210148,-0.130553],[0.228197,0.962982,0.143499],[0.095564,-0.16883,0.981002]],[[0.972059,-0.233672,0.0223096],[0.231694,0.970373,0.0685182],[-0.0376594,-0.0614348,0.9974]],[[0.972059,-0.233672,0.0223096],[0.234669,0.969632,-0.0688799],[-0.00553675,0.0721907,0.997375]],[[0.972059,-0.233672,0.0223096],[0.23391,0.956298,-0.175444],[0.0196618,0.175761,0.984237]]],"btipPosition":[-3.03844,254.198,-71.0638],"carpPosition":[2.54152,243.95,83.9152],"dipPosition":[-2.70459,257.183,-54.3518],"direction":[0.00553675,-0.0721907,-0.997375],"extended":true,"handId":433,"id":4331,"length":58.4429,"mcpPosition":[-4.4455,256.294,12.1908],"pipPosition":[-2.83759,258.917,-30.3943],"stabilizedTipPosition":[-3.23472,252.634,-66.1539],"timeVisible":3.1543,"tipPosition":[-2.95927,252.628,-66.8747],"tipVelocity":[24.3498,205.043,-97.3866],"tool":false,"touchDistance":-0.620346,"touchZone":"touching","type":1,"width":19.2229},{"bases":[[[0.919723,-0.392091,-0.019353],[0.390761,0.90965,0.140864],[-0.0376272,-0.137119,0.98984]],[[0.920034,-0.390795,-0.0285832],[0.189098,0.506706,-0.841125],[0.34319,0.768458,0.540085]],[[0.920034,-0.390795,-0.0285832],[-0.306057,-0.671154,-0.67519],[0.244677,0.629946,-0.737089]],[[0.920034,-0.390795,-0.0285832],[-0.391662,-0.91936,-0.0371197],[-0.0117721,0.0453463,-0.998902]]],"btipPosition":[-5.92459,197.182,26.9866],"carpPosition":[14.6006,243.134,82.0033],"dipPosition":[-6.14444,198.029,8.33158],"direction":[-0.244677,-0.629946,0.737089],"extended":false,"handId":433,"id":4332,"length":66.591,"mcpPosition":[17.2095,252.641,13.3723],"pipPosition":[0.770165,215.831,-12.4986],"stabilizedTipPosition":[-8.9362,184.873,38.6598],"timeVisible":3.1543,"tipPosition":[-5.7074,197.804,24.6215],"tipVelocity":[28.8794,122.527,-144.317],"tool":false,"touchDistance":0.333333,"touchZone":"none","type":2,"width":18.8794},{"bases":[[[0.87207,-0.475445,0.115957],[0.454073,0.874478,0.170604],[-0.182515,-0.0961254,0.978493]],[[0.871361,-0.475812,0.119723],[0.342444,0.415033,-0.8429],[0.351373,0.775468,0.524583]],[[0.871361,-0.475812,0.119723],[-0.288969,-0.694885,-0.658507],[0.396519,0.539201,-0.742991]],[[0.871361,-0.475812,0.119723],[-0.475176,-0.879168,-0.0356598],[0.122224,-0.0258167,-0.992167]]],"btipPosition":[8.72895,196.482,35.759],"carpPosition":[26.1547,239.296,81.0872],"dipPosition":[10.9984,196.003,17.3363],"direction":[-0.396519,-0.539201,0.742991],"extended":false,"handId":433,"id":4333,"length":64.0291,"mcpPosition":[37.5165,245.28,20.1744],"pipPosition":[21.9147,210.847,-3.11843],"stabilizedTipPosition":[6.08821,184.17,44.8878],"timeVisible":3.1543,"tipPosition":[9.36912,196.911,33.2832],"tipVelocity":[31.9486,129.219,-112.839],"tool":false,"touchDistance":0.333333,"touchZone":"none","type":3,"width":17.965},{"bases":[[[0.75799,-0.621285,0.198635],[0.566264,0.777932,0.272336],[-0.323722,-0.0939481,0.941476]],[[0.691819,-0.62821,0.356004],[0.580167,0.190085,-0.792006],[0.429875,0.754467,0.495972]],[[0.691819,-0.62821,0.356004],[-0.321187,-0.7093,-0.627481],[0.646703,0.31976,-0.69248]],[[0.691819,-0.62821,0.356004],[-0.644592,-0.759493,-0.087583],[0.325403,-0.168886,-0.930371]]],"btipPosition":[20.939,204.299,39.2551],"carpPosition":[35.5345,228.72,81.5395],"dipPosition":[26.5132,201.406,23.3179],"direction":[-0.646703,-0.31976,0.69248],"extended":false,"handId":433,"id":4334,"length":50.1976,"mcpPosition":[54.1893,234.133,27.2862],"pipPosition":[39.0835,207.621,9.8578],"stabilizedTipPosition":[19.5564,194.787,43.9293],"timeVisible":3.1543,"tipPosition":[22.0348,203.823,36.4915],"tipVelocity":[33.9058,133.099,-112.714],"tool":false,"touchDistance":0.333333,"touchZone":"none","type":4,"width":15.9579}],"r":[[0.960432,0.277852,0.0192085],[-0.252993,0.899183,-0.357023],[-0.116472,0.338037,0.933898]],"s":1.34889,"t":[-13.8118,112.239,-66.7534],"timestamp":89103635426},false],[5,{"currentFrameRate":55.3425,"devices":[],"gestures":[],"hands":[{"armBasis":[[0.971176,-0.225973,-0.0758512],[0.237544,0.943896,0.229419],[0.0197531,-0.240824,0.970368]],"armWidth":63.325,"confidence":0.901222,"direction":[0.10884,0.275798,-0.955034],"elbow":[23.9234,167.838,347.935],"grabStrength":0,"id":433,"palmNormal":[-0.230763,-0.927486,-0.294141],"palmPosition":[16.1486,245.189,34.7624],"palmVelocity":[-2.02086,177.044,-83.7878],"palmWidth":90.4259,"pinchStrength":0.623145,"r":[[0.958824,0.283132,0.0222268],[-0.256884,0.897982,-0.357265],[-0.121112,0.336845,0.933738]],"s":1.35042,"sphereCenter":[16.9608,207,3.58639],"sphereRadius":48.7149,"stabilizedPalmPosition":[15.6898,240.607,37.9409],"t":[-13.8687,115.481,-68.2572],"timeVisible":3.17237,"type":"right","wrist":[18.6232,232.458,87.5599]}],"id":1434435,"interactionBox":{"center":[0,200,0],"size":[235.247,235.247,147.751]},"pointables":[{"bases":[[[0.616718,0.78182,0.0917406],[-0.717434,0.510281,0.474238],[0.323955,-0.358289,0.875604]],[[0.507632,0.849158,-0.145743],[-0.786678,0.525807,0.323519],[0.351351,-0.0495761,0.93493]],[[0.507632,0.849158,-0.145743],[-0.860842,0.492918,-0.126428],[-0.035518,0.18964,0.981211]],[[0.507632,0.849158,-0.145743],[-0.82003,0.424298,-0.384086],[-0.264311,0.314488,0.911722]]],"btipPosition":[-21.6963,217.435,-14.2392],"carpPosition":[-11.6174,228.716,86.5938],"dipPosition":[-27.8438,224.749,6.96607],"direction":[0.035518,-0.18964,-0.981211],"extended":false,"handId":433,"id":4330,"length":51.7933,"mcpPosition":[-11.6174,228.716,86.5938],"pipPosition":[-29.0473,231.175,40.2136],"stabilizedTipPosition":[-23.3812,215.832,-7.56405],"timeVisible":3.17237,"tipPosition":[-23.2228,217.624,-8.83106],"tipVelocity":[16.7966,195.835,-108.134],"tool":false,"touchDistance":-0.532,"touchZone":"touching","type":0,"width":20.1245},{"bases":[[[0.971451,-0.202511,-0.123578],[0.220044,0.963842,0.150299],[0.0886722,-0.1732,0.980887]],[[0.973747,-0.226234,0.0251976],[0.223188,0.970633,0.0897706],[-0.0447668,-0.0817901,0.995644]],[[0.973747,-0.226234,0.0251976],[0.227197,0.972759,-0.0460606],[-0.0140907,0.0505762,0.998621]],[[0.973747,-0.226234,0.0251976],[0.227405,0.961831,-0.152213],[0.0101999,0.153947,0.988026]]],"btipPosition":[-2.63222,259.975,-72.5373],"carpPosition":[1.77427,247.649,82.4526],"dipPosition":[-2.45903,262.589,-55.7609],"direction":[0.0140907,-0.0505762,-0.998621],"extended":true,"handId":433,"id":4331,"length":58.4429,"mcpPosition":[-4.70886,260.312,10.7366],"pipPosition":[-2.79749,263.804,-31.7735],"stabilizedTipPosition":[-2.7704,258.375,-67.979],"timeVisible":3.17237,"tipPosition":[-2.5735,258.293,-68.3824],"tipVelocity":[22.4848,257.215,-89.4482],"tool":false,"touchDistance":-0.608525,"touchZone":"touching","type":1,"width":19.2229},{"bases":[[[0.922659,-0.385373,-0.0137195],[0.383005,0.911693,0.148741],[-0.044813,-0.142492,0.988781]],[[0.923015,-0.384112,-0.0223688],[0.19376,0.514256,-0.835462],[0.332415,0.76681,0.549092]],[[0.923015,-0.384112,-0.0223688],[-0.294551,-0.668006,-0.683379],[0.247552,0.637359,-0.729721]],[[0.923015,-0.384112,-0.0223688],[-0.384755,-0.921804,-0.0473291],[-0.00243992,0.052292,-0.998629]]],"btipPosition":[-5.91199,201.089,25.0486],"carpPosition":[13.8543,246.929,80.6367],"dipPosition":[-5.95755,202.066,6.39871],"direction":[-0.247552,-0.637359,0.729721],"extended":false,"handId":433,"id":4332,"length":66.591,"mcpPosition":[16.9615,256.809,12.0791],"pipPosition":[1.03829,220.077,-14.2233],"stabilizedTipPosition":[-8.63781,186.501,36.8874],"timeVisible":3.17237,"tipPosition":[-5.68241,201.711,22.6122],"tipVelocity":[16.5396,167.795,-126.644],"tool":false,"touchDistance":0.333333,"touchZone":"none","type":2,"width":18.8794},{"bases":[[[0.874492,-0.469765,0.120764],[0.446322,0.876823,0.178825],[-0.189894,-0.102482,0.976441]],[[0.873573,-0.47025,0.125436],[0.350722,0.429557,-0.832151],[0.337437,0.770938,0.540177]],[[0.873573,-0.47025,0.125436],[-0.273775,-0.68789,-0.672201],[0.402389,0.552876,-0.729665]],[[0.873573,-0.47025,0.125436],[-0.467689,-0.88242,-0.0510081],[0.134674,-0.0141057,-0.99079]]],"btipPosition":[8.70259,200.368,33.5116],"carpPosition":[25.443,243.179,79.797],"dipPosition":[11.2032,200.106,15.1145],"direction":[-0.402389,-0.552876,0.729665],"extended":false,"handId":433,"id":4333,"length":64.0291,"mcpPosition":[37.2642,249.559,19.0119],"pipPosition":[22.2811,215.327,-4.97339],"stabilizedTipPosition":[6.54385,186.476,42.6582],"timeVisible":3.17237,"tipPosition":[9.36567,200.817,31.0646],"tipVelocity":[17.4699,171.27,-118.136],"tool":false,"touchDistance":0.333333,"touchZone":"none","type":3,"width":17.965},{"bases":[[[0.76079,-0.616845,0.201746],[0.558362,0.780561,0.280991],[-0.330803,-0.101127,0.938266]],[[0.693142,-0.625054,0.358974],[0.588092,0.202442,-0.783048],[0.416776,0.753873,0.50791]],[[0.693142,-0.625054,0.358974],[-0.307514,-0.706856,-0.637016],[0.651912,0.331152,-0.682165]],[[0.693142,-0.625054,0.358974],[-0.6376,-0.763967,-0.0990975],[0.336186,-0.160193,-0.928072]]],"btipPosition":[20.8817,208.312,37.5143],"carpPosition":[34.8949,232.668,80.2731],"dipPosition":[26.6406,205.567,21.6165],"direction":[-0.651912,-0.331152,0.682165],"extended":false,"handId":433,"id":4334,"length":50.1976,"mcpPosition":[53.9577,238.495,26.2049],"pipPosition":[39.3122,212.004,8.35692],"stabilizedTipPosition":[20.0603,197.239,42.0143],"timeVisible":3.17237,"tipPosition":[22.0036,207.87,34.7825],"tipVelocity":[17.4033,176.223,-104.669],"tool":false,"touchDistance":0.333333,"touchZone":"none","type":4,"width":15.9579}],"r":[[0.958824,0.283132,0.0222268],[-0.256884,0.897982,-0.357265],[-0.121112,0.336845,0.933738]],"s":1.35042,"t":[-13.8687,115.481,-68.2572],"timestamp":89103653505},false],[6,{"currentFrameRate":55.3436,"devices":[],"gestures":[],"hands":[{"armBasis":[[0.974427,-0.214456,-0.0670939],[0.224196,0.947983,0.225976],[0.0151419,-0.235239,0.971819]],"armWidth":63.325,"confidence":0.909697,"direction":[0.102071,0.266795,-0.958333],"elbow":[23.3919,173.71,346.534],"grabStrength":0,"id":433,"palmNormal":[-0.218533,-0.933818,-0.283245],"palmPosition":[16.5165,248.945,32.8437],"palmVelocity":[8.61269,191.712,-94.4364],"palmWidth":90.4259,"pinchStrength":0.612205,"r":[[0.956713,0.290091,0.0234153],[-0.262733,0.895486,-0.359272],[-0.125189,0.337568,0.932939]],"s":1.35258,"sphereCenter":[17.2286,210.87,1.95219],"sphereRadius":48.5897,"stabilizedPalmPosition":[16.1721,245.472,34.9671],"t":[-13.7132,118.98,-69.9684],"timeVisible":3.19044,"type":"right","wrist":[19.3289,236.831,85.7693]}],"id":1434436,"interactionBox":{"center":[0,200,0],"size":[235.247,235.247,147.751]},"pointables":[{"bases":[[[0.605896,0.791385,0.0812338],[-0.723137,0.505309,0.470888],[0.331605,-0.344052,0.878445]],[[0.498005,0.853842,-0.151475],[-0.791664,0.518942,0.322439],[0.353919,-0.0406593,0.934392]],[[0.498005,0.853842,-0.151475],[-0.866634,0.48388,-0.121679],[-0.0305994,0.19187,0.980943]],[[0.498005,0.853842,-0.151475],[-0.828771,0.417228,-0.372908],[-0.255205,0.311248,0.915421]]],"btipPosition":[-21.4433,220.93,-15.9436],"carpPosition":[-10.8586,232.653,84.9397],"dipPosition":[-27.379,228.169,5.34773],"direction":[0.0305994,-0.19187,-0.980943],"extended":false,"handId":433,"id":4330,"length":51.7933,"mcpPosition":[-10.8586,232.653,84.9397],"pipPosition":[-28.4159,234.67,38.5862],"stabilizedTipPosition":[-23.0428,219.828,-9.62198],"timeVisible":3.19044,"tipPosition":[-22.771,221.048,-10.4996],"tipVelocity":[16.7511,194.247,-101.065],"tool":false,"touchDistance":-0.532402,"touchZone":"touching","type":0,"width":20.1245},{"bases":[[[0.973837,-0.190159,-0.124419],[0.20687,0.968437,0.139048],[0.094051,-0.161149,0.982439]],[[0.977105,-0.211726,0.0209244],[0.209019,0.973638,0.0913203],[-0.0397077,-0.084856,0.995602]],[[0.977105,-0.211726,0.0209244],[0.212458,0.976214,-0.0432277],[-0.0112743,0.0466836,0.998846]],[[0.977105,-0.211726,0.0209244],[0.212457,0.965767,-0.148847],[0.0113066,0.149884,0.988639]]],"btipPosition":[-2.85011,263.465,-74.568],"carpPosition":[2.25209,251.726,80.5494],"dipPosition":[-2.65813,266.01,-57.7813],"direction":[0.0112743,-0.0466836,-0.998846],"extended":true,"handId":433,"id":4331,"length":58.4429,"mcpPosition":[-4.62431,263.508,8.71984],"pipPosition":[-2.92895,267.131,-33.7884],"stabilizedTipPosition":[-2.79708,262.633,-70.0257],"timeVisible":3.19044,"tipPosition":[-2.748,261.759,-70.4211],"tipVelocity":[6.18929,226.375,-100.293],"tool":false,"touchDistance":-0.606431,"touchZone":"touching","type":1,"width":19.2229},{"bases":[[[0.92796,-0.372473,-0.0124135],[0.370545,0.918573,0.137547],[-0.0398299,-0.132238,0.990417]],[[0.928255,-0.371377,-0.0205307],[0.185579,0.510279,-0.839748],[0.322339,0.77569,0.542589]],[[0.928255,-0.371377,-0.0205307],[-0.285982,-0.67734,-0.677809],[0.237816,0.635051,-0.734952]],[[0.928255,-0.371377,-0.0205307],[-0.371913,-0.92747,-0.0384796],[-0.00475115,0.0433545,-0.999048]]],"btipPosition":[-4.97528,204.412,23.4689],"carpPosition":[14.3356,251.157,78.7033],"dipPosition":[-5.06401,205.222,4.81121],"direction":[-0.237816,-0.635051,0.734952],"extended":false,"handId":433,"id":4332,"length":66.591,"mcpPosition":[17.0972,260.325,10.0323],"pipPosition":[1.65669,223.169,-15.9586],"stabilizedTipPosition":[-8.13761,188.986,34.4552],"timeVisible":3.19044,"tipPosition":[-4.76287,204.998,20.9812],"tipVelocity":[33.0515,174.466,-108.071],"tool":false,"touchDistance":0.333333,"touchZone":"none","type":2,"width":18.8794},{"bases":[[[0.881393,-0.456052,0.123137],[0.434438,0.884931,0.167811],[-0.185498,-0.0944124,0.978099]],[[0.880336,-0.456576,0.128636],[0.345773,0.432019,-0.832947],[0.32473,0.777752,0.538194]],[[0.880336,-0.456576,0.128636],[-0.261951,-0.694014,-0.670616],[0.395463,0.556671,-0.730566]],[[0.880336,-0.456576,0.128636],[-0.454594,-0.889505,-0.0461105],[0.135476,-0.0178845,-0.990619]]],"btipPosition":[9.6994,203.911,31.5893],"carpPosition":[25.9734,247.561,77.8681],"dipPosition":[12.2149,203.579,13.1953],"direction":[-0.395463,-0.556671,0.730566],"extended":false,"handId":433,"id":4333,"length":64.0291,"mcpPosition":[37.521,253.439,16.9798],"pipPosition":[23.1021,218.904,-6.91738],"stabilizedTipPosition":[7.22221,189.629,39.8788],"timeVisible":3.19044,"tipPosition":[10.3537,204.341,29.1294],"tipVelocity":[35.4713,182.647,-112.549],"tool":false,"touchDistance":0.333333,"touchZone":"none","type":3,"width":17.965},{"bases":[[[0.770021,-0.603819,0.206082],[0.548132,0.791384,0.27067],[-0.326526,-0.0954612,0.940355]],[[0.702594,-0.611244,0.364338],[0.586869,0.208182,-0.782461],[0.402426,0.763571,0.504988]],[[0.702594,-0.611244,0.364338],[-0.294165,-0.715695,-0.633441],[0.647942,0.337876,-0.68265]],[[0.702594,-0.611244,0.364338],[-0.625713,-0.774518,-0.0927656],[0.338889,-0.162794,-0.926635]]],"btipPosition":[21.8496,212.08,35.6377],"carpPosition":[35.5742,237.19,78.4294],"dipPosition":[27.6548,209.292,19.7645],"direction":[-0.647942,-0.337876,0.68265],"extended":false,"handId":433,"id":4334,"length":50.1976,"mcpPosition":[54.3904,242.691,24.2407],"pipPosition":[40.2492,215.859,6.49547],"stabilizedTipPosition":[20.7908,200.559,39.6697],"timeVisible":3.19044,"tipPosition":[22.9731,211.651,32.9581],"tipVelocity":[34.8655,191.338,-104.146],"tool":false,"touchDistance":0.333333,"touchZone":"none","type":4,"width":15.9579}],"r":[[0.956713,0.290091,0.0234153],[-0.262733,0.895486,-0.359272],[-0.125189,0.337568,0.932939]],"s":1.35258,"t":[-13.7132,118.98,-69.9684],"timestamp":891