{"sensorType":"Leap","data":[[0,{"currentFrameRate":55.3288,"devices":[],"gestures":[],"hands":[{"armBasis":[[0.770076,-0.589597,-0.243636],[0.633651,0.751181,0.18497],[0.073957,-0.296821,0.952065]],"armWidth":63.325,"confidence":0.831681,"direction":[0.373401,0.45848,-0.806454],"elbow":[34.2558,158.903,334.571],"grabStrength":0.144892,"id":434,"palmNormal":[-0.523756,-0.613328,-0.591193],"palmPosition":[26.4009,265.391,33.3741],"palmVelocity":[-2.54293,285.13,10.8925],"palmWidth":90.4259,"pinchStrength":0.746959,"r":[[0.785733,-0.278311,0.552419],[0.23835,0.960324,0.144799],[-0.570801,0.0178955,0.820894]],"s":1.58844,"sphereCenter":[4.90722,245.662,-9.27037],"sphereRadius":46.125,"stabilizedPalmPosition":[26.4031,265.361,33.3729],"t":[124.976,11.9057,-115.024],"timeVisible":5.43166,"type":"right","wrist":[14.4112,238.548,79.1066]}],"id":1435088,"interactionBox":{"center":[0,200,0],"size":[235.247,235.247,147.751]},"pointables":[{"bases":[[[0.849428,0.379245,0.366941],[-0.527702,0.612953,0.588064],[-0.00189725,-0.693154,0.720787]],[[0.751952,0.659105,-0.0122333],[-0.587976,0.678964,0.439651],[0.298082,-0.323403,0.898086]],[[0.751952,0.659105,-0.0122333],[-0.631724,0.725769,0.272368],[0.188397,-0.197079,0.962115]],[[0.751952,0.659105,-0.0122333],[-0.502344,0.560895,-0.658063],[-0.426871,0.500977,0.752863]]],"btipPosition":[-25.4152,259.696,-18.8447],"carpPosition":[-14.1726,248.627,75.8187],"dipPosition":[-35.3436,271.348,-1.33419],"direction":[-0.188397,0.197079,-0.962115],"extended":true,"handId":434,"id":4340,"length":51.7933,"mcpPosition":[-14.1726,248.627,75.8187],"pipPosition":[-28.9599,264.67,31.2663],"stabilizedTipPosition":[-27.8165,261.86,-14.8213],"timeVisible":5.43166,"tipPosition":[-28.5379,263.103,-15.4197],"tipVelocity":[42.9233,143.239,4.74914],"tool":false,"touchDistance":-0.364952,"touchZone":"touching","type":0,"width":20.1245},{"bases":[[[0.817496,-0.557027,-0.146361],[0.553495,0.689606,0.466997],[-0.159198,-0.462779,0.872062]],[[0.831374,-0.490882,-0.260485],[0.512375,0.858587,0.0173168],[0.215149,-0.147863,0.965323]],[[0.831374,-0.490882,-0.260485],[0.49449,0.867358,-0.0562968],[0.253569,-0.0820036,0.963835]],[[0.831374,-0.490882,-0.260485],[0.480767,0.870432,-0.105888],[0.278713,-0.0371998,0.959654]]],"btipPosition":[-2.25678,303.015,-65.7796],"carpPosition":[6.11299,260.265,78.6418],"dipPosition":[2.47568,302.384,-49.485],"direction":[-0.253569,0.0820036,-0.963835],"extended":true,"handId":434,"id":4341,"length":58.4429,"mcpPosition":[17.7525,294.101,14.8823],"pipPosition":[8.56655,300.414,-26.3332],"stabilizedTipPosition":[-1.18292,302.769,-61.9925],"timeVisible":5.43166,"tipPosition":[-2.41286,300.437,-61.5911],"tipVelocity":[36.9955,196.317,-58.1711],"tool":false,"touchDistance":-0.484366,"touchZone":"touching","type":1,"width":19.2229},{"bases":[[[0.682056,-0.723774,-0.10465],[0.680104,0.575179,0.454563],[-0.268808,-0.38121,0.884546]],[[0.682471,-0.723183,-0.106019],[0.367769,0.465115,-0.805242],[0.631648,0.510564,0.583392]],[[0.682471,-0.723183,-0.106019],[0.118909,0.252972,-0.960139],[0.721175,0.64266,0.258639]],[[0.682471,-0.723183,-0.106019],[0.00505981,0.149721,-0.988715],[0.730895,0.674233,0.105839]]],"btipPosition":[-28.6107,226.181,-21.412],"carpPosition":[17.0386,254.96,77.1496],"dipPosition":[-14.9609,238.773,-19.4354],"direction":[-0.721175,-0.64266,-0.258639],"extended":false,"handId":434,"id":4342,"length":66.591,"mcpPosition":[35.6765,281.391,15.8192],"pipPosition":[5.41962,256.935,-12.1262],"stabilizedTipPosition":[-24.834,224.733,-33.3281],"timeVisible":5.43166,"tipPosition":[-24.7496,229.98,-22.5631],"tipVelocity":[37.2518,150.096,60.3746],"tool":false,"touchDistance":-0.0336971,"touchZone":"touching","type":2,"width":18.8794},{"bases":[[[0.581842,-0.813269,-0.00730796],[0.718181,0.509554,0.47389],[-0.381676,-0.280977,0.880554]],[[0.598022,-0.800163,-0.0459209],[0.422797,0.363625,-0.830072],[0.680891,0.476986,0.555762]],[[0.598022,-0.800163,-0.0459209],[0.141129,0.16153,-0.976725],[0.788957,0.577622,0.209524]],[[0.598022,-0.800163,-0.0459209],[0.015532,0.0688545,-0.997506],[0.801329,0.595817,0.0536046]]],"btipPosition":[-16.9202,216.339,-10.6931],"carpPosition":[26.1526,246.992,75.5637],"dipPosition":[-2.04094,227.402,-9.69776],"direction":[-0.788957,-0.577622,-0.209524],"extended":false,"handId":434,"id":4343,"length":64.0291,"mcpPosition":[49.9126,264.484,20.7478],"pipPosition":[19.6793,243.304,-3.9295],"stabilizedTipPosition":[-13.523,218.604,-10.5678],"timeVisible":5.43166,"tipPosition":[-13.0215,219.336,-11.9398],"tipVelocity":[47.7867,181.522,69.3829],"tool":false,"touchDistance":-0.230901,"touchZone":"touching","type":3,"width":17.965},{"bases":[[[0.40704,-0.913262,0.0164564],[0.763375,0.350018,0.542905],[-0.501575,-0.208422,0.839633]],[[0.336087,-0.932965,0.128926],[0.620701,0.116453,-0.775351],[0.708361,0.34061,0.618231]],[[0.336087,-0.932965,0.128926],[0.320425,-0.0154577,-0.947148],[0.885649,0.359635,0.29375]],[[0.336087,-0.932965,0.128926],[0.18001,-0.0707343,-0.981118],[0.924468,0.352949,0.14417]]],"btipPosition":[1.39743,220.78,-5.37232],"carpPosition":[30.4366,233.775,72.9162],"dipPosition":[17.2335,226.826,-2.90269],"direction":[-0.885649,-0.359635,-0.29375],"extended":false,"handId":434,"id":4344,"length":50.1976,"mcpPosition":[59.3402,245.786,24.5317],"pipPosition":[34.4484,233.817,2.80709],"stabilizedTipPosition":[5.03357,222.057,-4.84463],"timeVisible":5.43166,"tipPosition":[5.718,222.241,-5.98392],"tipVelocity":[44.3161,206.899,68.3106],"tool":false,"touchDistance":-0.243586,"touchZone":"touching","type":4,"width":15.9579}],"r":[[0.785733,-0.278311,0.552419],[0.23835,0.960324,0.144799],[-0.570801,0.0178955,0.820894]],"s":1.58844,"t":[124.976,11.9057,-115.024],"timestamp":89115674743},false],[1,{"currentFrameRate":55.2553,"devices":[],"gestures":[],"hands":[{"armBasis":[[0.771462,-0.583474,-0.253782],[0.631808,0.749655,0.197068],[0.075265,-0.312372,0.946974]],"armWidth":63.325,"confidence":0.746258,"direction":[0.377418,0.443536,-0.812916],"elbow":[34.138,158.649,333.951],"grabStrength":0.114633,"id":434,"palmNormal":[-0.522933,-0.6224,-0.582374],"palmPosition":[26.1619,268.482,33.7055],"palmVelocity":[-7.5784,229.082,14.3347],"palmWidth":90.4259,"pinchStrength":0.756811,"r":[[0.787749,-0.259427,0.558703],[0.226931,0.96542,0.128319],[-0.572673,0.0257039,0.819381]],"s":1.59468,"sphereCenter":[4.38142,248.805,-8.5367],"sphereRadius":46.0154,"stabilizedPalmPosition":[26.1625,268.475,33.7047],"t":[124.82,16.0743,-114.755],"timeVisible":5.45002,"type":"right","wrist":[13.9424,242.467,79.8536]}],"id":1435089,"interactionBox":{"center":[0,200,0],"size":[235.247,235.247,147.751]},"pointables":[{"bases":[[[0.848909,0.383734,0.363458],[-0.528503,0.62426,0.575312],[-0.00612561,-0.680476,0.732745]],[[0.754611,0.655911,-0.0185031],[-0.5885,0.688989,0.423039],[0.290224,-0.308341,0.905923]],[[0.754611,0.655911,-0.0185031],[-0.633383,0.735481,0.240611],[0.171428,-0.169848,0.970445]],[[0.754611,0.655911,-0.0185031],[-0.483284,0.536492,-0.691818],[-0.443845,0.530996,0.721835]]],"btipPosition":[-24.4894,261.25,-18.3293],"carpPosition":[-14.6063,252.549,76.2835],"dipPosition":[-34.8125,273.6,-1.54047],"direction":[-0.171428,0.169848,-0.970445],"extended":true,"handId":434,"id":4340,"length":51.7933,"mcpPosition":[-14.6063,252.549,76.2835],"pipPosition":[-29.0038,267.845,31.3423],"stabilizedTipPosition":[-26.9459,263.898,-14.4983],"timeVisible":5.45002,"tipPosition":[-27.8873,264.923,-15.0196],"tipVelocity":[44.1619,119.316,11.6134],"tool":false,"touchDistance":-0.351548,"touchZone":"touching","type":0,"width":20.1245},{"bases":[[[0.816782,-0.561273,-0.133567],[0.553304,0.696436,0.45698],[-0.16347,-0.447156,0.879391]],[[0.831262,-0.49686,-0.249265],[0.517766,0.855241,0.0219197],[0.202291,-0.147282,0.968187]],[[0.831262,-0.49686,-0.249265],[0.500349,0.864144,-0.0539071],[0.242185,-0.0799088,0.966934]],[[0.831262,-0.49686,-0.249265],[0.486726,0.867175,-0.105383],[0.268517,-0.0337229,0.962684]]],"btipPosition":[-1.36722,305.664,-66.2262],"carpPosition":[5.69471,264.191,78.9793],"dipPosition":[3.19211,305.092,-49.8801],"direction":[-0.242185,0.0799088,-0.966934],"extended":true,"handId":434,"id":4341,"length":58.4429,"mcpPosition":[17.6466,296.884,14.6839],"pipPosition":[9.00953,303.172,-26.6538],"stabilizedTipPosition":[-0.336961,305.474,-62.4565],"timeVisible":5.45002,"tipPosition":[-1.5645,303.137,-62.0458],"tipVelocity":[41.4658,171.712,-41.6079],"tool":false,"touchDistance":-0.470783,"touchZone":"touching","type":1,"width":19.2229},{"bases":[[[0.680814,-0.726972,-0.089464],[0.679702,0.581534,0.447016],[-0.272942,-0.365144,0.890041]],[[0.681102,-0.726587,-0.0904021],[0.363072,0.442374,-0.820051],[0.63583,0.525716,0.565105]],[[0.681102,-0.726587,-0.0904021],[0.103854,0.218088,-0.970387],[0.724786,0.651544,0.223999]],[[0.681102,-0.726587,-0.0904021],[-0.0133441,0.11113,-0.993716],[0.732067,0.678028,0.065995]]],"btipPosition":[-29.0731,227.896,-18.7228],"carpPosition":[16.6139,258.836,77.6207],"dipPosition":[-15.4014,240.559,-17.4904],"direction":[-0.724786,-0.651544,-0.223999],"extended":false,"handId":434,"id":4342,"length":66.591,"mcpPosition":[35.5384,284.154,15.9093],"pipPosition":[5.08115,258.971,-11.1601],"stabilizedTipPosition":[-25.1018,226.22,-29.6848],"timeVisible":5.45002,"tipPosition":[-25.1963,231.721,-20.3348],"tipVelocity":[7.38759,123.31,97.2788],"tool":false,"touchDistance":0.0582694,"touchZone":"hovering","type":2,"width":18.8794},{"bases":[[[0.580039,-0.814538,0.00904627],[0.717559,0.516173,0.467627],[-0.385569,-0.264751,0.88388]],[[0.596572,-0.801992,-0.0301721],[0.429854,0.351048,-0.83186],[0.677737,0.483295,0.554165]],[[0.596572,-0.801992,-0.0301721],[0.148618,0.14734,-0.977857],[0.788679,0.578878,0.20709]],[[0.596572,-0.801992,-0.0301721],[0.02246,0.0542637,-0.998274],[0.802245,0.594865,0.050385]]],"btipPosition":[-16.9839,218.862,-10.058],"carpPosition":[25.7158,250.823,76.2081],"dipPosition":[-2.08769,229.908,-9.12246],"direction":[-0.788679,-0.578878,-0.20709],"extended":false,"handId":434,"id":4343,"length":64.0291,"mcpPosition":[49.7181,267.304,21.1852],"pipPosition":[19.6248,245.844,-3.42123],"stabilizedTipPosition":[-13.5559,221.255,-9.88114],"timeVisible":5.45002,"tipPosition":[-13.1606,221.756,-11.0494],"tipVelocity":[23.2667,160.261,52.3183],"tool":false,"touchDistance":-0.22389,"touchZone":"touching","type":3,"width":17.965},{"bases":[[[0.404927,-0.913721,0.0338943],[0.762139,0.357767,0.53958],[-0.505152,-0.192658,0.841252]],[[0.333818,-0.931267,0.145967],[0.62373,0.102115,-0.774941],[0.706772,0.349734,0.614947]],[[0.333818,-0.931267,0.145967],[0.323441,-0.0322898,-0.945697],[0.88541,0.362903,0.290431]],[[0.333818,-0.931267,0.145967],[0.182849,-0.0879372,-0.9792],[0.924733,0.353565,0.140926]]],"btipPosition":[1.20284,223.254,-4.33892],"carpPosition":[29.9799,237.552,73.8074],"dipPosition":[17.0435,229.311,-1.92487],"direction":[-0.88541,-0.362903,-0.290431],"extended":false,"handId":434,"id":4344,"length":50.1976,"mcpPosition":[59.0896,248.654,25.3296],"pipPosition":[34.2537,236.364,3.72041],"stabilizedTipPosition":[4.8515,224.573,-3.81382],"timeVisible":5.45002,"tipPosition":[5.51842,224.695,-4.94778],"tipVelocity":[17.9636,172.328,62.2116],"tool":false,"touchDistance":-0.230078,"touchZone":"touching","type":4,"width":15.9579}],"r":[[0.787749,-0.259427,0.558703],[0.226931,0.96542,0.128319],[-0.572673,0.0257039,0.819381]],"s":1.59468,"t":[124.82,16.0743,-114.755],"timestamp":89115693095},false],[2,{"currentFrameRate":55.2315,"devices":[],"gestures":[],"hands":[{"armBasis":[[0.769717,-0.583908,-0.258046],[0.634287,0.745242,0.205657],[0.0722218,-0.321973,0.94399]],"armWidth":63.325,"confidence":0.756988,"direction":[0.377476,0.434599,-0.817701],"elbow":[33.1246,159.106,333.146],"grabStrength":0.0851018,"id":434,"palmNormal":[-0.528107,-0.62432,-0.57561],"palmPosition":[25.9732,271.06,33.4487],"palmVelocity":[-8.91245,187.379,0.752467],"palmWidth":90.4259,"pinchStrength":0.769393,"r":[[0.789251,-0.244159,0.563444],[0.218928,0.969141,0.113296],[-0.57372,0.0339345,0.818349]],"s":1.6,"sphereCenter":[3.55601,251.913,-8.43023],"sphereRadius":45.9212,"stabilizedPalmPosition":[25.9735,271.056,33.4491],"t":[124.648,19.4473,-114.748],"timeVisible":5.4682,"type":"right","wrist":[13.7456,245.5,79.8486]}],"id":1435090,"interactionBox":{"center":[0,200,0],"size":[235.247,235.247,147.751]},"pointables":[{"bases":[[[0.852102,0.382012,0.357756],[-0.523319,0.631999,0.57159],[-0.00774719,-0.674273,0.738441]],[[0.759073,0.650551,-0.0243364],[-0.584524,0.697535,0.414459],[0.286602,-0.300379,0.909743]],[[0.759073,0.650551,-0.0243364],[-0.630809,0.744248,0.219488],[0.1609,-0.151256,0.975312]],[[0.759073,0.650551,-0.0243364],[-0.469312,0.520927,-0.713008],[-0.451171,0.552646,0.700733]]],"btipPosition":[-23.9333,262.884,-18.1992],"carpPosition":[-14.7571,255.711,76.2771],"dipPosition":[-34.4268,275.738,-1.9012],"direction":[-0.1609,0.151256,-0.975312],"extended":false,"handId":434,"id":4340,"length":51.7933,"mcpPosition":[-14.7571,255.711,76.2771],"pipPosition":[-28.9749,270.613,31.1465],"stabilizedTipPosition":[-26.3915,265.696,-14.4542],"timeVisible":5.4682,"tipPosition":[-27.5114,266.789,-14.925],"tipVelocity":[36.6479,108.286,6.5211],"tool":false,"touchDistance":-0.344469,"touchZone":"touching","type":0,"width":20.1245},{"bases":[[[0.813247,-0.566928,-0.13123],[0.558519,0.697134,0.449512],[-0.163356,-0.438859,0.883582]],[[0.827785,-0.503178,-0.248161],[0.525842,0.850036,0.0304855],[0.195606,-0.155729,0.968239]],[[0.827785,-0.503178,-0.248161],[0.508565,0.859749,-0.0468407],[0.236925,-0.087432,0.967586]],[[0.827785,-0.503178,-0.248161],[0.49484,0.863244,-0.0997099],[0.264395,-0.0402617,0.963574]]],"btipPosition":[-0.972128,308.781,-66.7287],"carpPosition":[5.61634,267.262,78.8162],"dipPosition":[3.51722,308.098,-50.3675],"direction":[-0.236925,0.087432,-0.967586],"extended":true,"handId":434,"id":4341,"length":58.4429,"mcpPosition":[17.5599,299.348,14.2144],"pipPosition":[9.20829,305.997,-27.1256],"stabilizedTipPosition":[0.052997,308.565,-62.9561],"timeVisible":5.4682,"tipPosition":[-1.18978,306.261,-62.5771],"tipVelocity":[31.6204,170.874,-34.8452],"tool":false,"touchDistance":-0.459524,"touchZone":"touching","type":1,"width":19.2229},{"bases":[[[0.676491,-0.731489,-0.085343],[0.684245,0.581447,0.440144],[-0.272339,-0.356149,0.893862]],[[0.676544,-0.73142,-0.0855178],[0.35837,0.428463,-0.829452],[0.643319,0.530514,0.551993]],[[0.676544,-0.73142,-0.0855178],[0.0869969,0.194701,-0.976997],[0.731245,0.653542,0.195355]],[[0.676544,-0.73142,-0.0855178],[-0.0346197,0.0844103,-0.995829],[0.735588,0.676683,0.0317858]]],"btipPosition":[-29.8344,230.01,-17.0612],"carpPosition":[16.5015,261.835,77.4708],"dipPosition":[-16.0969,242.647,-16.4676],"direction":[-0.731245,-0.653542,-0.195355],"extended":false,"handId":434,"id":4342,"length":66.591,"mcpPosition":[35.3842,286.529,15.4944],"pipPosition":[4.56818,261.117,-10.9469],"stabilizedTipPosition":[-25.5051,227.936,-26.4137],"timeVisible":5.4682,"tipPosition":[-25.9988,233.768,-18.9116],"tipVelocity":[-15.7181,119.779,90.5964],"tool":false,"touchDistance":0.0835137,"touchZone":"hovering","type":2,"width":18.8794},{"bases":[[[0.575522,-0.817663,0.0141909],[0.721799,0.51605,0.461192],[-0.384423,-0.255183,0.887187]],[[0.592013,-0.805535,-0.0251907],[0.429356,0.341691,-0.836003],[0.682037,0.484109,0.548147]],[[0.592013,-0.805535,-0.0251907],[0.146454,0.138265,-0.979507],[0.79251,0.576191,0.199828]],[[0.592013,-0.805535,-0.0251907],[0.0196687,0.0456884,-0.998762],[0.805688,0.590785,0.0428919]]],"btipPosition":[-17.577,221.316,-9.76672],"carpPosition":[25.5544,253.759,76.099],"dipPosition":[-2.61679,232.286,-8.9703],"direction":[-0.79251,-0.576191,-0.199828],"extended":false,"handId":434,"id":4343,"length":64.0291,"mcpPosition":[49.4854,269.645,20.8702],"pipPosition":[19.2012,248.149,-3.46897],"stabilizedTipPosition":[-14.1104,223.725,-9.59672],"timeVisible":5.4682,"tipPosition":[-13.7429,224.179,-10.7888],"tipVelocity":[-3.01459,147.725,34.1518],"tool":false,"touchDistance":-0.222358,"touchZone":"touching","type":3,"width":17.965},{"bases":[[[0.399934,-0.915654,0.040379],[0.765709,0.358006,0.534342],[-0.503728,-0.182783,0.844303]],[[0.329243,-0.931845,0.152527],[0.621937,0.0924669,-0.777589],[0.710488,0.350878,0.609993]],[[0.329243,-0.931845,0.152527],[0.320232,-0.0417671,-0.946418],[0.888285,0.360445,0.284655]],[[0.329243,-0.931845,0.152527],[0.179146,-0.0969548,-0.979033],[0.927095,0.349664,0.135015]]],"btipPosition":[0.651488,225.653,-4.13728],"carpPosition":[29.7375,240.445,73.7972],"dipPosition":[16.5326,231.642,-1.82448],"direction":[-0.888285,-0.360445,-0.284655],"extended":false,"handId":434,"id":4344,"length":50.1976,"mcpPosition":[58.7652,250.978,25.1437],"pipPosition":[33.7987,238.648,3.70851],"stabilizedTipPosition":[4.3188,226.964,-3.61092],"timeVisible":5.4682,"tipPosition":[4.96639,227.065,-4.76206],"tipVelocity":[-4.83431,152.618,37.1993],"tool":false,"touchDistance":-0.22981,"touchZone":"touching","type":4,"width":15.9579}],"r":[[0.789251,-0.244159,0.563444],[0.218928,0.969141,0.113296],[-0.57372,0.0339345,0.818349]],"s":1.6,"t":[124.648,19.4473,-114.748],"timestamp":89115711283},false],[3,{"currentFrameRate":55.3567,"devices":[],"gestures":[],"hands":[{"armBasis":[[0.765745,-0.585989,-0.265052],[0.637946,0.74435,0.197405],[0.0816142,-0.320251,0.943811]],"armWidth":63.325,"confidence":0.780067,"direction":[0.375413,0.43518,-0.818342],"elbow":[35.3703,162.384,332.536],"grabStrength":0.0513943,"id":434,"palmNormal":[-0.53192,-0.621891,-0.574728],"palmPosition":[25.5841,273.932,32.8877],"palmVelocity":[-15.0547,175.953,-14.4512],"palmWidth":90.4259,"pinchStrength":0.786047,"r":[[0.790688,-0.232493,0.566356],[0.213087,0.971755,0.101423],[-0.573939,0.0404891,0.817896]],"s":1.60466,"sphereCenter":[2.45376,255.863,-8.797],"sphereRadius":45.8438,"stabilizedPalmPosition":[25.5846,273.928,32.8885],"t":[124.367,22.5699,-115.026],"timeVisible":5.48584,"type":"right","wrist":[13.4711,248.316,79.2867]}],"id":1435091,"interactionBox":{"center":[0,200,0],"size":[235.247,235.247,147.751]},"pointables":[{"bases":[[[0.854451,0.379172,0.355166],[-0.519491,0.632246,0.574799],[-0.00660495,-0.675643,0.7372]],[[0.761211,0.648028,-0.024829],[-0.582632,0.700203,0.412621],[0.284776,-0.299626,0.910564]],[[0.761211,0.648028,-0.024829],[-0.630277,0.748288,0.20692],[0.152669,-0.14186,0.978043]],[[0.761211,0.648028,-0.024829],[-0.458046,0.510155,-0.727967],[-0.459076,0.565509,0.685163]]],"btipPosition":[-23.6418,265.124,-18.4027],"carpPosition":[-15.019,258.606,75.8448],"dipPosition":[-34.3193,278.277,-2.46679],"direction":[-0.152669,0.14186,-0.978043],"extended":false,"handId":434,"id":4340,"length":51.7933,"mcpPosition":[-15.019,258.606,75.8448],"pipPosition":[-29.1462,273.47,30.6734],"stabilizedTipPosition":[-26.1165,267.992,-14.7193],"timeVisible":5.48584,"tipPosition":[-27.3685,269.222,-15.1385],"tipVelocity":[26.1368,118.866,-4.11464],"tool":false,"touchDistance":-0.342657,"touchZone":"touching","type":0,"width":20.1245},{"bases":[[[0.811287,-0.568743,-0.135445],[0.562029,0.694864,0.44865],[-0.161051,-0.440108,0.883384]],[[0.82558,-0.504348,-0.253085],[0.531724,0.845459,0.0496897],[0.188912,-0.175594,0.966167]],[[0.82558,-0.504348,-0.253085],[0.514692,0.856896,-0.0286608],[0.231322,-0.106599,0.96702]],[[0.82558,-0.504348,-0.253085],[0.500941,0.861518,-0.0827317],[0.259763,-0.0584788,0.9639]]],"btipPosition":[-0.86454,313.329,-67.1073],"carpPosition":[5.39341,270.1,78.3266],"dipPosition":[3.54614,312.336,-50.7406],"direction":[-0.231322,0.106599,-0.967019],"extended":true,"handId":434,"id":4341,"length":58.4429,"mcpPosition":[17.1684,302.278,13.7393],"pipPosition":[9.10263,309.775,-27.5123],"stabilizedTipPosition":[0.148393,313.029,-63.3369],"timeVisible":5.48584,"tipPosition":[-1.11898,310.723,-63.0071],"tipVelocity":[19.2289,209.625,-28.5691],"tool":false,"touchDistance":-0.447565,"touchZone":"touching","type":1,"width":19.2229},{"bases":[[[0.67429,-0.733043,-0.0893371],[0.687423,0.578877,0.438578],[-0.269782,-0.357142,0.894241]],[[0.674114,-0.733276,-0.0887528],[0.355201,0.427181,-0.831473],[0.647613,0.528983,0.548429]],[[0.674114,-0.733276,-0.0887528],[0.077114,0.189371,-0.978873],[0.734591,0.653028,0.184204]],[[0.674114,-0.733276,-0.0887528],[-0.047018,0.0773149,-0.995897],[0.737129,0.675521,0.0176419]]],"btipPosition":[-30.5828,233.002,-16.8796],"carpPosition":[16.2594,264.649,76.9288],"dipPosition":[-16.8165,245.618,-16.5501],"direction":[-0.734591,-0.653028,-0.184204],"extended":false,"handId":434,"id":4342,"length":66.591,"mcpPosition":[34.9648,289.411,14.9262],"pipPosition":[3.94312,264.072,-11.3445],"stabilizedTipPosition":[-26.1302,230.542,-23.271],"timeVisible":5.48584,"tipPosition":[-26.8036,236.697,-18.7394],"tipVelocity":[-28.0196,142.94,51.5062],"tool":false,"touchDistance":0.0945121,"touchZone":"hovering","type":2,"width":18.8794},{"bases":[[[0.573488,-0.819148,0.0104256],[0.724891,0.513345,0.459358],[-0.381634,-0.255879,0.88819]],[[0.589882,-0.806966,-0.0290581],[0.427029,0.342291,-0.836949],[0.685336,0.481293,0.546509]],[[0.589882,-0.806966,-0.0290581],[0.14245,0.139416,-0.979934],[0.794825,0.573906,0.197191]],[[0.589882,-0.806966,-0.0290581],[0.0150732,0.0469835,-0.998782],[0.807349,0.588726,0.0398783]]],"btipPosition":[-18.2597,224.379,-10.2201],"carpPosition":[25.2864,256.552,75.5068],"dipPosition":[-3.26872,235.311,-9.47966],"direction":[-0.794825,-0.573906,-0.197191],"extended":false,"handId":434,"id":4343,"length":64.0291,"mcpPosition":[49.0437,272.481,20.2155],"pipPosition":[18.613,251.11,-4.05094],"stabilizedTipPosition":[-14.7895,226.793,-10.0354],"timeVisible":5.48584,"tipPosition":[-14.4312,227.227,-11.2386],"tipVelocity":[-19.4959,159.613,5.86428],"tool":false,"touchDistance":-0.233358,"touchZone":"touching","type":3,"width":17.965},{"bases":[[[0.397754,-0.916741,0.0371104],[0.768681,0.355052,0.53204],[-0.500919,-0.183095,0.845905]],[[0.327716,-0.932936,0.149109],[0.619074,0.0928263,-0.779828],[0.713688,0.347871,0.607977]],[[0.327716,-0.932936,0.149109],[0.316081,-0.0404644,-0.947869],[0.890334,0.357762,0.281623]],[[0.327716,-0.932936,0.149109],[0.17458,-0.0953088,-0.980019],[0.928507,0.347199,0.131637]]],"btipPosition":[0.00226442,228.657,-4.67534],"carpPosition":[29.4266,243.232,73.1639],"dipPosition":[15.9075,234.605,-2.4204],"direction":[-0.890334,-0.357762,-0.281623],"extended":false,"handId":434,"id":4344,"length":50.1976,"mcpPosition":[58.2924,253.783,24.4179],"pipPosition":[33.2134,241.559,3.05365],"stabilizedTipPosition":[3.67323,229.966,-4.14613],"timeVisible":5.48584,"tipPosition":[4.30966,230.061,-5.30417],"tipVelocity":[-19.6189,160.671,5.23612],"tool":false,"touchDistance":-0.241739,"touchZone":"touching","type":4,"width":15.9579}],"r":[[0.790688,-0.232493,0.566356],[0.213087,0.971755,0.101423],[-0.573939,0.0404891,0.817896]],"s":1.60466,"t":[124.367,22.5699,-115.026],"timestamp":89115728915},false],[4,{"currentFrameRate":55.2514,"devices":[],"gestures":[],"hands":[{"armBasis":[[0.764147,-0.59191,-0.256364],[0.640718,0.742447,0.195584],[0.0745684,-0.313712,0.946586]],"armWidth":63.325,"confidence":0.780971,"direction":[0.366139,0.428512,-0.826026],"elbow":[33.4787,167.13,332.492],"grabStrength":0.0249397,"id":434,"palmNormal":[-0.540567,-0.624592,-0.563624],"palmPosition":[25.0602,276.568,31.7722],"palmVelocity":[-21.4796,159.941,-36.6258],"palmWidth":90.4259,"pinchStrength":0.801246,"r":[[0.793102,-0.222712,0.566912],[0.209108,0.973742,0.0899972],[-0.57207,0.047169,0.818848]],"s":1.60829,"sphereCenter":[0.977664,259.013,-9.36123],"sphereRadius":45.7776,"stabilizedPalmPosition":[25.0615,276.561,31.7749],"t":[123.965,25.4491,-115.722],"timeVisible":5.5043,"type":"right","wrist":[13.4701,251.307,78.4985]}],"id":1435092,"interactionBox":{"center":[0,200,0],"size":[235.247,235.247,147.751]},"pointables":[{"bases":[[[0.859739,0.379549,0.341748],[-0.510733,0.637533,0.576805],[0.00104982,-0.670443,0.74196]],[[0.762915,0.645392,-0.0378165],[-0.577395,0.706514,0.409211],[0.290819,-0.290358,0.911656]],[[0.762915,0.645392,-0.0378165],[-0.627705,0.75347,0.195628],[0.15475,-0.12551,0.979949]],[[0.762915,0.645392,-0.0378165],[-0.454636,0.493998,-0.741129],[-0.459637,0.582611,0.670297]]],"btipPosition":[-24.0167,266.75,-18.6787],"carpPosition":[-15.0366,261.643,75.3418],"dipPosition":[-34.7071,280.3,-3.08857],"direction":[-0.15475,0.12551,-0.979949],"extended":false,"handId":434,"id":4340,"length":51.7933,"mcpPosition":[-15.0366,261.643,75.3418],"pipPosition":[-29.4636,276.047,30.1162],"stabilizedTipPosition":[-26.4555,269.762,-15.0722],"timeVisible":5.5043,"tipPosition":[-27.8132,271.018,-15.4312],"tipVelocity":[3.65723,106.385,-11.419],"tool":false,"touchDistance":-0.342058,"touchZone":"touching","type":0,"width":20.1245},{"bases":[[[0.808172,-0.571671,-0.141601],[0.569263,0.696607,0.436668],[-0.15099,-0.433511,0.888409]],[[0.821154,-0.507956,-0.260168],[0.537308,0.841756,0.0524171],[0.192372,-0.182833,0.96414]],[[0.821154,-0.507956,-0.260168],[0.519354,0.85409,-0.0283292],[0.236596,-0.111856,0.965148]],[[0.821154,-0.507956,-0.260168],[0.504723,0.859147,-0.0843844],[0.266386,-0.0620199,0.961869]]],"btipPosition":[-1.94785,316.346,-68.1488],"carpPosition":[5.4326,273.104,77.4865],"dipPosition":[2.5753,315.293,-51.8166],"direction":[-0.236596,0.111856,-0.965148],"extended":true,"handId":434,"id":4341,"length":58.4429,"mcpPosition":[16.472,304.8,12.5318],"pipPosition":[8.25848,312.606,-28.6332],"stabilizedTipPosition":[-0.894,316.064,-64.3789],"timeVisible":5.5043,"tipPosition":[-2.15445,313.802,-64.0776],"tipVelocity":[-17.6749,186.97,-42.2054],"tool":false,"touchDistance":-0.446883,"touchZone":"touching","type":1,"width":19.2229},{"bases":[[[0.671376,-0.735306,-0.0926245],[0.694245,0.580244,0.425841],[-0.259379,-0.350204,0.900045]],[[0.671049,-0.735747,-0.0914903],[0.34573,0.419689,-0.839245],[0.655869,0.531543,0.536002]],[[0.671049,-0.735747,-0.0914903],[0.0590093,0.176009,-0.982618],[0.739061,0.653986,0.161527]],[[0.671049,-0.735747,-0.0914903],[-0.0681945,0.0616261,-0.995767],[0.73827,0.674447,-0.00881977]]],"btipPosition":[-31.8393,235.359,-16.4894],"carpPosition":[16.2672,267.616,75.991],"dipPosition":[-18.0518,247.954,-16.6541],"direction":[-0.739061,-0.653986,-0.161527],"extended":false,"handId":434,"id":4342,"length":66.591,"mcpPosition":[34.2514,291.898,13.586],"pipPosition":[2.8342,266.436,-12.0894],"stabilizedTipPosition":[-27.2109,233.826,-20.3994],"timeVisible":5.5043,"tipPosition":[-28.1279,238.982,-18.4385],"tipVelocity":[-47.2058,135.443,33.8839],"tool":false,"touchDistance":0.108342,"touchZone":"hovering","type":2,"width":18.8794},{"bases":[[[0.571631,-0.820462,0.00899766],[0.731816,0.514767,0.44661],[-0.371058,-0.248711,0.894684]],[[0.587577,-0.808581,-0.0308261],[0.41745,0.335546,-0.844479],[0.693173,0.483328,0.534701]],[[0.587577,-0.808581,-0.0308261],[0.130294,0.132143,-0.98263],[0.798609,0.573354,0.182998]],[[0.587577,-0.808581,-0.0308261],[0.00229806,0.0397634,-0.999206],[0.809165,0.58704,0.0252222]]],"btipPosition":[-19.4339,226.824,-10.4311],"carpPosition":[25.2564,259.488,74.5129],"dipPosition":[-4.40921,237.725,-9.96276],"direction":[-0.798609,-0.573354,-0.182998],"extended":false,"handId":434,"id":4343,"length":64.0291,"mcpPosition":[48.3554,274.97,18.8174],"pipPosition":[17.5767,253.509,-4.92478],"stabilizedTipPosition":[-15.9583,229.289,-10.3185],"timeVisible":5.5043,"tipPosition":[-15.6176,229.651,-11.5064],"tipVelocity":[-40.5677,146.324,-4.11161],"tool":false,"touchDistance":-0.24027,"touchZone":"touching","type":3,"width":17.965},{"bases":[[[0.396015,-0.917434,0.0385697],[0.77614,0.35688,0.519849],[-0.490692,-0.175933,0.853387]],[[0.327799,-0.932627,0.150847],[0.609198,0.0866222,-0.788273],[0.722098,0.350291,0.596549]],[[0.327799,-0.932627,0.150847],[0.302989,-0.0474553,-0.951812],[0.894844,0.357708,0.26702]],[[0.327799,-0.932627,0.150847],[0.160583,-0.102343,-0.981702],[0.931,0.346025,0.116216]]],"btipPosition":[-1.10426,231.09,-5.10876],"carpPosition":[29.3353,246.141,72.212],"dipPosition":[14.8437,237.017,-3.11798],"direction":[-0.894844,-0.357708,-0.26702],"extended":false,"handId":434,"id":4344,"length":50.1976,"mcpPosition":[57.6118,256.28,23.035],"pipPosition":[32.2373,243.97,2.07224],"stabilizedTipPosition":[2.5752,232.428,-4.64568],"timeVisible":5.5043,"tipPosition":[3.18423,232.48,-5.78907],"tipVelocity":[-38.8089,146.605,-10.201],"tool":false,"touchDistance":-0.251686,"touchZone":"touching","type":4,"width":15.9579}],"r":[[0.793102,-0.222712,0.566912],[0.209108,0.973742,0.0899972],[-0.57207,0.047169,0.818848]],"s":1.60829,"t":[123.965,25.4491,-115.722],"timestamp":89115747378},false],[5,{"currentFrameRate":55.3643,"devices":[],"gestures":[],"hands":[{"armBasis":[[0.762469,-0.594482,-0.255406],[0.64334,0.738629,0.201348],[0.0689526,-0.317834,0.945636]],"armWidth":63.325,"confidence":0.783845,"direction":[0.357611,0.423948,-0.832095],"elbow":[31.8582,167.965,331.805],"grabStrength":0.000939881,"id":434,"palmNormal":[-0.549226,-0.625156,-0.554555],"palmPosition":[24.468,278.28,31.1012],"palmVelocity":[-27.1037,130.457,-37.2543],"palmWidth":90.4259,"pinchStrength":0.808893,"r":[[0.796216,-0.214915,0.565555],[0.206716,0.975162,0.0795436],[-0.568603,0.0535752,0.820866]],"s":1.61165,"sphereCenter":[-0.495134,261.277,-9.58783],"sphereRadius":45.7729,"stabilizedPalmPosition":[24.472,278.268,31.1057],"t":[123.468,27.7448,-116.406],"timeVisible":5.52197,"type":"right","wrist":[13.3564,253.248,78.0663]}],"id":1435093,"interactionBox":{"center":[0,200,0],"size":[235.247,235.247,147.751]},"pointables":[{"bases":[[[0.864951,0.378182,0.329906],[-0.501796,0.641527,0.580211],[0.00778167,-0.667399,0.744659]],[[0.764847,0.642363,-0.0487692],[-0.57123,0.711252,0.409655],[0.297834,-0.285465,0.910936]],[[0.764847,0.642363,-0.0487692],[-0.623765,0.757367,0.193164],[0.161018,-0.11732,0.979954]],[[0.764847,0.642363,-0.0487692],[-0.457175,0.487892,-0.743608],[-0.453872,0.591042,0.666835]]],"btipPosition":[-24.8276,268.053,-18.6975],"carpPosition":[-15.153,263.663,75.2069],"dipPosition":[-35.384,281.8,-3.18794],"direction":[-0.161018,0.11732,-0.979954],"extended":false,"handId":434,"id":4340,"length":51.7933,"mcpPosition":[-15.153,263.663,75.2069],"pipPosition":[-29.928,277.824,30.017],"stabilizedTipPosition":[-27.2003,271.114,-15.1263],"timeVisible":5.52197,"tipPosition":[-28.5823,272.359,-15.4107],"tipVelocity":[-18.693,92.3166,-7.06879],"tool":false,"touchDistance":-0.336746,"touchZone":"touching","type":0,"width":20.1245},{"bases":[[[0.804613,-0.574839,-0.148859],[0.576633,0.696557,0.42697],[-0.14175,-0.429382,0.891929]],[[0.816393,-0.511456,-0.26817],[0.543302,0.837639,0.0564262],[0.19577,-0.191763,0.961718]],[[0.816393,-0.511456,-0.26817],[0.524351,0.851078,-0.0268962],[0.24199,-0.118657,0.962996]],[[0.816393,-0.511456,-0.26817],[0.508755,0.856696,-0.0850911],[0.27326,-0.0669649,0.959606]]],"btipPosition":[-3.07096,318.635,-68.6391],"carpPosition":[5.37642,275.067,77.0601],"dipPosition":[1.56891,317.498,-52.3453],"direction":[-0.24199,0.118657,-0.962996],"extended":true,"handId":434,"id":4341,"length":58.4429,"mcpPosition":[15.7402,306.46,11.848],"pipPosition":[7.38164,314.648,-29.2136],"stabilizedTipPosition":[-1.98721,318.339,-64.8839],"timeVisible":5.52197,"tipPosition":[-3.23892,316.125,-64.5979],"tipVelocity":[-38.4163,159.605,-35.6775],"tool":false,"touchDistance":-0.438015,"touchZone":"touching","type":1,"width":19.2229},{"bases":[[[0.667894,-0.737832,-0.0975796],[0.701109,0.57975,0.415135],[-0.249728,-0.34568,0.904512]],[[0.667561,-0.738292,-0.0963737],[0.337268,0.415244,-0.844881],[0.663787,0.531505,0.526202]],[[0.667561,-0.738292,-0.0963737],[0.0478378,0.171701,-0.983987],[0.743017,0.652261,0.149939]],[[0.667561,-0.738292,-0.0963737],[-0.0800211,0.0575457,-0.995131],[0.740243,0.672022,-0.0206637]]],"btipPosition":[-33.1286,237.062,-16.3138],"carpPosition":[16.175,269.538,75.4582],"dipPosition":[-19.3042,249.613,-16.6997],"direction":[-0.743017,-0.652261,-0.149939],"extended":false,"handId":434,"id":4342,"length":66.591,"mcpPosition":[33.49,293.506,12.7435],"pipPosition":[1.69356,268.046,-12.4624],"stabilizedTipPosition":[-28.5264,236.768,-18.4791],"timeVisible":5.52197,"tipPosition":[-29.4371,240.655,-18.298],"tipVelocity":[-59.0215,116.918,21.3411],"tool":false,"touchDistance":0.116935,"touchZone":"hovering","type":2,"width":18.8794},{"bases":[[[0.569099,-0.82225,0.00557521],[0.738717,0.514239,0.435725],[-0.361142,-0.243852,0.900063]],[[0.584645,-0.810552,-0.0345862],[0.408871,0.331201,-0.850371],[0.700725,0.483024,0.525046]],[[0.584645,-0.810552,-0.0345862],[0.118617,0.127575,-0.98471],[0.802571,0.571603,0.170731]],[[0.584645,-0.810552,-0.0345862],[-0.0103121,0.0352032,-0.999327],[0.811224,0.584608,0.0122229]]],"btipPosition":[-20.6701,228.516,-10.3643],"carpPosition":[25.1202,261.374,73.9067],"dipPosition":[-5.60714,239.371,-10.1373],"direction":[-0.802571,-0.571603,-0.170731],"extended":false,"handId":434,"id":4343,"length":64.0291,"mcpPosition":[47.6019,276.555,17.8763],"pipPosition":[16.4879,255.107,-5.43707],"stabilizedTipPosition":[-17.1897,230.99,-10.3122],"timeVisible":5.52197,"tipPosition":[-16.8694,231.317,-11.4765],"tipVelocity":[-54.0735,122.377,-1.89098],"tool":false,"touchDistance":-0.241543,"touchZone":"touching","type":3,"width":17.965},{"bases":[[[0.393543,-0.918535,0.0376387],[0.783412,0.356511,0.509083],[-0.481029,-0.17086,0.859894]],[[0.326964,-0.933018,0.150239],[0.599869,0.0820603,-0.795879],[0.730241,0.350347,0.58652]],[[0.326964,-0.933018,0.150239],[0.290289,-0.0521336,-0.955518],[0.899348,0.356032,0.2538]],[[0.326964,-0.933018,0.150239],[0.14688,-0.106874,-0.983364],[0.933553,0.343591,0.102098]]],"btipPosition":[-2.28473,232.734,-5.23192],"carpPosition":[29.1291,248.006,71.6126],"dipPosition":[13.707,238.62,-3.48299],"direction":[-0.899348,-0.356032,-0.253799],"extended":false,"handId":434,"id":4344,"length":50.1976,"mcpPosition":[56.8488,257.852,22.0605],"pipPosition":[31.1881,245.541,1.45025],"stabilizedTipPosition":[1.40341,234.074,-4.8281],"timeVisible":5.52197,"tipPosition":[1.98589,234.108,-5.95809],"tipVelocity":[-51.6301,121.31,-10.1618],"tool":false,"touchDistance":-0.255568,"touchZone":"touching","type":4,"width":15.9579}],"r":[[0.796216,-0.214915,0.565555],[0.206716,0.975162,0.0795436],[-0.568603,0.0535752,0.820866]],"s":1.61165,"t":[123.468,27.7448,-116.406],"timestamp":89115765050},false],[6,{"currentFrameRate":55.3503,"devices":[],"gestures":[],"hands":[{"armBasis":[[0.761435,-0.596874,-0.2529],[0.644649,0.738228,0.198614],[0.0681506,-0.314263,0.946887]],"armWidth":63.325,"confidence":0.80343,"direction":[0.352445,0.421926,-0.835321],"elbow":[31.4759,170.052,331.872],"grabStrength":0,"id":434,"palmNormal":[-0.553135,-0.626071,-0.549615],"palmPosition":[24.0101,279.3,30.7063],"palmVelocity":[-26.2347,95.1593,-29.8981],"palmWidth":90.4259,"pinchStrength":0.809534,"r":[[0.799394,-0.20852,0.563462],[0.204966,0.976228,0.0704826],[-0.564764,0.0591471,0.82313]],"s":1.6157,"sphereCenter":[-1.61699,262.951,-9.71544],"sphereRadius":45.8228,"stabilizedPalmPosition":[24.0151,279.289,30.7105],"t":[122.99,29.4025,-116.945],"timeVisible":5.54009,"type":"right","wrist":[13.1893,254.377,77.7972]}],"id":1435094,"interactionBox":{"center":[0,200,0],"size":[235.247,235.247,147.751]},"pointables":[{"bases":[[[0.867269,0.378432,0.323472],[-0.49769,0.643072,0.582034],[0.0122446,-0.665768,0.746058]],[[0.765159,0.641529,-0.0545293],[-0.568423,0.712877,0.410734],[0.30237,-0.283281,0.910123]],[[0.765159,0.641529,-0.0545293],[-0.622074,0.758469,0.194287],[0.166,-0.114739,0.979428]],[[0.765159,0.641529,-0.0545293],[-0.4613,0.487168,-0.741532],[-0.449149,0.592544,0.668698]]],"btipPosition":[-25.5107,268.96,-18.7902],"carpPosition":[-15.3325,264.801,75.0994],"dipPosition":[-35.9573,282.742,-3.23727],"direction":[-0.166,0.114739,-0.979428],"extended":false,"handId":434,"id":4340,"length":51.7933,"mcpPosition":[-15.3325,264.801,75.0994],"pipPosition":[-30.3325,278.854,29.9499],"stabilizedTipPosition":[-27.8557,272.048,-15.206],"timeVisible":5.54009,"tipPosition":[-29.2068,273.222,-15.4566],"tipVelocity":[-27.0806,72.4314,-5.87693],"tool":false,"touchDistance":-0.332645,"touchZone":"touching","type":0,"width":20.1245},{"bases":[[[0.803327,-0.575603,-0.152797],[0.579754,0.697177,0.421699],[-0.136204,-0.427347,0.893769]],[[0.814391,-0.512051,-0.273077],[0.546944,0.834542,0.0662763],[0.193957,-0.203333,0.959706]],[[0.814391,-0.512051,-0.273077],[0.527567,0.849297,-0.0191777],[0.241743,-0.128448,0.961801]],[[0.814391,-0.512051,-0.273077],[0.511431,0.855663,-0.0792372],[0.274235,-0.07513,0.958723]]],"btipPosition":[-3.5715,320.485,-68.9094],"carpPosition":[5.21457,276.198,76.7947],"dipPosition":[1.08493,319.209,-52.6306],"direction":[-0.241743,0.128448,-0.961801],"extended":true,"handId":434,"id":4341,"length":58.4429,"mcpPosition":[15.1729,307.442,11.4481],"pipPosition":[6.89174,316.124,-29.5276],"stabilizedTipPosition":[-2.49438,320.169,-65.1619],"timeVisible":5.54009,"tipPosition":[-3.72483,317.963,-64.9056],"tipVelocity":[-33.1833,131.41,-25.8897],"tool":false,"touchDistance":-0.426653,"touchZone":"touching","type":1,"width":19.2229},{"bases":[[[0.666856,-0.738409,-0.100277],[0.704088,0.580276,0.409316],[-0.244054,-0.343558,0.906866]],[[0.666488,-0.738925,-0.0989119],[0.332264,0.413187,-0.847866],[0.667378,0.532228,0.520903]],[[0.666488,-0.738925,-0.0989119],[0.041267,0.169039,-0.984745],[0.744373,0.652239,0.143156]],[[0.666488,-0.738925,-0.0989119],[-0.0869832,0.0546945,-0.994707],[0.740424,0.671564,-0.0278208]]],"btipPosition":[-33.9111,238.011,-16.2208],"carpPosition":[15.9996,270.659,75.1352],"dipPosition":[-20.0833,250.553,-16.7404],"direction":[-0.744373,-0.652239,-0.143156],"extended":false,"handId":434,"id":4342,"length":66.591,"mcpPosition":[32.9212,294.48,12.2572],"pipPosition":[0.952753,268.986,-12.6948],"stabilizedTipPosition":[-29.7068,238.979,-17.3339],"timeVisible":5.54009,"tipPosition":[-30.2417,241.583,-18.2103],"tipVelocity":[-51.4693,86.1548,12.8188],"tool":false,"touchDistance":0.117971,"touchZone":"hovering","type":2,"width":18.8794},{"bases":[[[0.568686,-0.822546,0.00370025],[0.741794,0.51479,0.429806],[-0.35544,-0.24168,0.902914]],[[0.584004,-0.810923,-0.0366586],[0.403839,0.329415,-0.853463],[0.704169,0.483622,0.519862]],[[0.584004,-0.810923,-0.0366586],[0.112002,0.125224,-0.985786],[0.803987,0.571597,0.163957]],[[0.584004,-0.810923,-0.0366586],[-0.0173921,0.0326497,-0.999316],[0.811565,0.584242,0.00496393]]],"btipPosition":[-21.4132,229.474,-10.3533],"carpPosition":[24.9302,262.488,73.5438],"dipPosition":[-6.34391,240.322,-10.2611],"direction":[-0.803987,-0.571597,-0.163957],"extended":false,"handId":434,"id":4343,"length":64.0291,"mcpPosition":[47.057,277.533,17.3359],"pipPosition":[15.7901,256.059,-5.74732],"stabilizedTipPosition":[-17.9419,231.962,-10.3319],"timeVisible":5.54009,"tipPosition":[-17.6265,232.265,-11.4822],"tipVelocity":[-47.8235,89.2751,-1.51544],"tool":false,"touchDistance":-0.241928,"touchZone":"touching","type":3,"width":17.965},{"bases":[[[0.39329,-0.918665,0.0371103],[0.786879,0.357199,0.50322],[-0.475546,-0.16871,0.863361]],[[0.327942,-0.932819,0.149341],[0.594559,0.0809516,-0.799967],[0.734135,0.351135,0.581163]],[[0.327942,-0.932819,0.149341],[0.282194,-0.0541363,-0.957829],[0.901566,0.356255,0.245482]],[[0.327942,-0.932819,0.149341],[0.137773,-0.109168,-0.984429],[0.934598,0.343411,0.0927164]]],"btipPosition":[-3.01052,233.688,-5.28056],"carpPosition":[28.9171,249.112,71.2531],"dipPosition":[12.9991,239.57,-3.69233],"direction":[-0.901566,-0.356255,-0.245482],"extended":false,"handId":434,"id":4344,"length":50.1976,"mcpPosition":[56.3208,258.834,21.5013],"pipPosition":[30.5233,246.495,1.07925],"stabilizedTipPosition":[0.675396,235.036,-4.91482],"timeVisible":5.54009,"tipPosition":[1.23985,235.057,-6.03063],"tipVelocity":[-46.0183,88.6024,-7.57438],"tool":false,"touchDistance":-0.256994,"touchZone":"touching","type":4,"width":