{"sensorType":"Leap","data":[[0,{"currentFrameRate":55.3285,"devices":[],"gestures":[],"hands":[{"armBasis":[[0.969018,-0.148533,-0.197336],[0.210277,0.915248,0.343664],[0.129566,-0.374511,0.918125]],"armWidth":63.325,"confidence":0.837049,"direction":[0.0188119,0.442324,-0.896658],"elbow":[40.3663,134.306,324.498],"grabStrength":0.784893,"id":431,"palmNormal":[-0.209447,-0.875175,-0.436121],"palmPosition":[-1.69531,256.262,28.7265],"palmVelocity":[15.3634,164.727,-110.362],"palmWidth":90.4259,"pinchStrength":0.463082,"r":[[0.975194,-0.215016,-0.0525757],[0.221328,0.950639,0.217485],[0.00321755,-0.223727,0.974647]],"s":0.852666,"sphereCenter":[-11.6117,233.103,-6.20512],"sphereRadius":44.5759,"stabilizedPalmPosition":[-1.89071,248.102,34.9861],"t":[-30.802,146.693,-62.6278],"timeVisible":0.903752,"type":"right","wrist":[5.60044,234.797,78.1411]}],"id":1433292,"interactionBox":{"center":[0,200,0],"size":[235.247,235.247,147.751]},"pointables":[{"bases":[[[0.584405,0.790219,0.184457],[-0.700472,0.376512,0.606282],[0.409646,-0.483521,0.773562]],[[0.501224,0.86428,0.0423599],[-0.745168,0.406226,0.528871],[0.439885,-0.296648,0.847644]],[[0.501224,0.86428,0.0423599],[-0.853096,0.485354,0.191466],[0.144921,-0.132104,0.980585]],[[0.501224,0.86428,0.0423599],[-0.811961,0.486678,-0.32228],[-0.299155,0.12714,0.945696]]],"btipPosition":[-44.1839,245.688,-18.6041],"carpPosition":[-24.4094,229.453,78.6678],"dipPosition":[-51.1418,248.645,3.39136],"direction":[-0.144921,0.132104,-0.980585],"extended":false,"handId":431,"id":4310,"length":51.7933,"mcpPosition":[-24.4094,229.453,78.6678],"pipPosition":[-46.2312,244.169,36.6177],"stabilizedTipPosition":[-46.2435,241.078,-10.0265],"timeVisible":0.903752,"tipPosition":[-45.8525,245.744,-13.781],"tipVelocity":[24.2593,199.603,-127.324],"tool":false,"touchDistance":-0.200683,"touchZone":"touching","type":0,"width":20.1245},{"bases":[[[0.966919,-0.118957,-0.225649],[0.185531,0.935057,0.302071],[0.175061,-0.333943,0.926194]],[[0.981105,-0.159105,-0.110084],[0.193461,0.799682,0.568403],[-0.00240333,-0.57896,0.815352]],[[0.981105,-0.159105,-0.110084],[0.126449,0.957949,-0.257575],[0.146436,0.238788,0.959967]],[[0.981105,-0.159105,-0.110084],[-0.0101709,0.525781,-0.850559],[0.193208,0.835607,0.514228]]],"btipPosition":[-31.798,278.803,-57.3233],"carpPosition":[-12.3032,249.592,76.9967],"dipPosition":[-28.5174,292.991,-48.5919],"direction":[-0.146436,-0.238788,-0.959967],"extended":true,"handId":431,"id":4311,"length":58.4429,"mcpPosition":[-25.1025,274.008,9.27943],"pipPosition":[-24.9999,298.727,-25.5329],"stabilizedTipPosition":[-31.6607,277.401,-52.8438],"timeVisible":0.903752,"tipPosition":[-30.4961,282.211,-55.3481],"tipVelocity":[32.8687,216.955,-102.17],"tool":false,"touchDistance":-0.132666,"touchZone":"touching","type":1,"width":19.2229},{"bases":[[[0.93579,-0.32063,-0.146609],[0.350127,0.893926,0.279834],[0.0413347,-0.313198,0.948788]],[[0.935623,-0.319417,-0.150274],[0.110095,0.668514,-0.735506],[0.335393,0.671611,0.660643]],[[0.935623,-0.319417,-0.150274],[-0.288665,-0.447285,-0.846528],[0.20318,0.835409,-0.510695]],[[0.935623,-0.319417,-0.150274],[-0.352806,-0.860307,-0.367968],[-0.0117463,0.397297,-0.917615]]],"btipPosition":[-24.8413,208.446,8.37269],"carpPosition":[-0.386947,249.93,74.234],"dipPosition":[-25.0607,215.865,-8.76423],"direction":[-0.20318,-0.835409,0.510695],"extended":false,"handId":431,"id":4312,"length":66.591,"mcpPosition":[-3.25291,271.645,8.44934],"pipPosition":[-19.3188,239.474,-23.1965],"stabilizedTipPosition":[-24.926,198.734,12.681],"timeVisible":0.903752,"tipPosition":[-25.0059,210.39,3.19647],"tipVelocity":[16.9722,174.947,-107.801],"tool":false,"touchDistance":0.333333,"touchZone":"none","type":2,"width":18.8794},{"bases":[[[0.902598,-0.429694,-0.0260647],[0.41723,0.858294,0.298747],[-0.105999,-0.280524,0.953976]],[[0.902784,-0.429197,-0.0277544],[0.251837,0.579827,-0.774841],[0.348652,0.692525,0.631546]],[[0.902784,-0.429197,-0.0277544],[-0.255765,-0.483862,-0.836936],[0.345781,0.762672,-0.546596]],[[0.902784,-0.429197,-0.0277544],[-0.40899,-0.836733,-0.364151],[0.133069,0.340101,-0.930926]]],"btipPosition":[-9.61119,206.491,16.8343],"carpPosition":[11.2616,247.089,71.9297],"dipPosition":[-7.14034,212.806,-0.45131],"direction":[-0.345781,-0.762672,0.546596],"extended":false,"handId":431,"id":4313,"length":64.0291,"mcpPosition":[17.8602,264.553,12.5431],"pipPosition":[2.3791,233.803,-15.4992],"stabilizedTipPosition":[-8.61865,197.228,20.4565],"timeVisible":0.903752,"tipPosition":[-8.91494,208.226,11.4174],"tipVelocity":[6.98963,166.712,-106.854],"tool":false,"touchDistance":0.333333,"touchZone":"none","type":3,"width":17.965},{"bases":[[[0.802835,-0.595143,0.0355218],[0.541523,0.752834,0.374157],[-0.249419,-0.28115,0.926685]],[[0.788974,-0.608789,0.0830401],[0.462031,0.498752,-0.73333],[0.405027,0.616946,0.674782]],[[0.788974,-0.608789,0.0830401],[-0.250759,-0.442423,-0.861035],[0.560928,0.658511,-0.50172]],[[0.788974,-0.608789,0.0830401],[-0.528913,-0.741715,-0.412444],[0.312683,0.281486,-0.90719]]],"btipPosition":[5.0889,214.146,18.0548],"carpPosition":[21.2079,237.245,69.8752],"dipPosition":[10.4451,218.968,2.5147],"direction":[-0.560928,-0.658511,0.50172],"extended":false,"handId":431,"id":4314,"length":50.1976,"mcpPosition":[35.5809,253.447,16.4744],"pipPosition":[21.3482,231.768,-7.2375],"stabilizedTipPosition":[6.56415,204.365,22.6941],"timeVisible":0.903752,"tipPosition":[6.55714,215.225,13.5532],"tipVelocity":[11.1357,172.081,-126.64],"tool":false,"touchDistance":0.333333,"touchZone":"none","type":4,"width":15.9579}],"r":[[0.975194,-0.215016,-0.0525757],[0.221328,0.950639,0.217485],[0.00321755,-0.223727,0.974647]],"s":0.852666,"t":[-30.802,146.693,-62.6278],"timestamp":89082684238},false],[1,{"currentFrameRate":55.3237,"devices":[],"gestures":[],"hands":[{"armBasis":[[0.968037,-0.154118,-0.197869],[0.213413,0.9206,0.327035],[0.131756,-0.358809,0.924065]],"armWidth":63.325,"confidence":0.780405,"direction":[0.02528,0.469617,-0.882508],"elbow":[41.0324,141.219,321.949],"grabStrength":0.783971,"id":431,"palmNormal":[-0.212013,-0.86019,-0.463814],"palmPosition":[-1.27546,260.513,25.2366],"palmVelocity":[19.0928,198.103,-149.607],"palmWidth":90.4259,"pinchStrength":0.45629,"r":[[0.974603,-0.217626,-0.0528062],[0.223941,0.947074,0.230003],[-0.0000432397,-0.235987,0.971756]],"s":0.855353,"sphereCenter":[-11.3389,238.595,-10.349],"sphereRadius":44.5606,"stabilizedPalmPosition":[-1.62939,253.373,30.8451],"t":[-30.4521,150.316,-65.3706],"timeVisible":0.921844,"type":"right","wrist":[5.6789,237.497,73.9983]}],"id":1433293,"interactionBox":{"center":[0,200,0],"size":[235.247,235.247,147.751]},"pointables":[{"bases":[[[0.587681,0.781007,0.211328],[-0.701286,0.36143,0.614464],[0.403521,-0.50931,0.760115]],[[0.50541,0.859954,0.0709953],[-0.745495,0.393744,0.537776],[0.434509,-0.324724,0.840093]],[[0.50541,0.859954,0.0709953],[-0.851383,0.4836,0.203169],[0.140382,-0.163128,0.976567]],[[0.50541,0.859954,0.0709953],[-0.806953,0.500189,-0.314065],[-0.305593,0.101442,0.946743]]],"btipPosition":[-43.5649,251.578,-22.5594],"carpPosition":[-24.3606,232.301,74.2261],"dipPosition":[-50.6725,253.937,-0.539552],"direction":[-0.140382,0.163128,-0.976567],"extended":false,"handId":431,"id":4310,"length":51.7933,"mcpPosition":[-24.3606,232.301,74.2261],"pipPosition":[-45.9158,248.41,32.5506],"stabilizedTipPosition":[-45.6329,247.537,-14.3954],"timeVisible":0.921844,"tipPosition":[-45.2759,251.541,-17.749],"tipVelocity":[28.0866,255.865,-170.587],"tool":false,"touchDistance":-0.268071,"touchZone":"touching","type":0,"width":20.1245},{"bases":[[[0.967315,-0.117156,-0.22489],[0.189032,0.9243,0.331568],[0.16902,-0.363242,0.916236]],[[0.980698,-0.160516,-0.111648],[0.195364,0.781153,0.592987],[-0.00796986,-0.603353,0.797434]],[[0.980698,-0.160516,-0.111648],[0.132012,0.964789,-0.227498],[0.144234,0.208368,0.967357]],[[0.980698,-0.160516,-0.111648],[-0.00450116,0.552326,-0.833616],[0.195475,0.818028,0.540943]]],"btipPosition":[-30.9424,285.84,-60.2274],"carpPosition":[-12.1414,252.416,73.2305],"dipPosition":[-27.6234,299.73,-51.0424],"direction":[-0.144234,-0.208368,-0.967357],"extended":true,"handId":431,"id":4311,"length":58.4429,"mcpPosition":[-24.4991,278.974,6.24135],"pipPosition":[-24.1588,304.735,-27.8059],"stabilizedTipPosition":[-30.5968,285.755,-56.6286],"timeVisible":0.921844,"tipPosition":[-29.6234,289.177,-58.1337],"tipVelocity":[39.9586,296.937,-127.174],"tool":false,"touchDistance":-0.197144,"touchZone":"touching","type":1,"width":19.2229},{"bases":[[[0.934764,-0.320997,-0.152242],[0.353512,0.882987,0.308809],[0.035301,-0.342483,0.938861]],[[0.934633,-0.319787,-0.155553],[0.114235,0.684229,-0.720265],[0.336765,0.655414,0.676034]],[[0.934633,-0.319787,-0.155553],[-0.288804,-0.427352,-0.856716],[0.207491,0.84564,-0.491774]],[[0.934633,-0.319787,-0.155553],[-0.355537,-0.849338,-0.390152],[-0.00735137,0.419954,-0.907516]]],"btipPosition":[-24.5165,213.385,3.89917],"carpPosition":[-0.210907,252.774,70.5327],"dipPosition":[-24.6538,221.227,-13.0491],"direction":[-0.207491,-0.84564,0.491774],"extended":false,"handId":431,"id":4312,"length":66.591,"mcpPosition":[-2.65852,276.521,5.43638],"pipPosition":[-18.7901,245.125,-26.9467],"stabilizedTipPosition":[-24.8447,202.274,9.95282],"timeVisible":0.921844,"tipPosition":[-24.6591,215.477,-1.28015],"tipVelocity":[17.9346,224.127,-172.975],"tool":false,"touchDistance":0.333333,"touchZone":"none","type":2,"width":18.8794},{"bases":[[[0.900443,-0.433541,-0.035265],[0.420338,0.846429,0.326915],[-0.111882,-0.309191,0.944396]],[[0.900537,-0.433283,-0.0360547],[0.256805,0.59699,-0.760035],[0.350834,0.675181,0.648881]],[[0.900537,-0.433283,-0.0360547],[-0.25543,-0.460129,-0.850316],[0.351837,0.77495,-0.525036]],[[0.900537,-0.433283,-0.0360547],[-0.411741,-0.823244,-0.390818],[0.139653,0.366791,-0.919761]]],"btipPosition":[-9.45934,211.067,12.1244],"carpPosition":[11.4331,249.944,68.194],"dipPosition":[-6.86624,217.877,-4.95384],"direction":[-0.351837,-0.77495,0.525036],"extended":false,"handId":431,"id":4313,"length":64.0291,"mcpPosition":[18.3979,269.192,9.40378],"pipPosition":[2.81993,239.212,-19.4082],"stabilizedTipPosition":[-8.66885,200.394,17.9371],"timeVisible":0.921844,"tipPosition":[-8.71806,212.971,6.78731],"tipVelocity":[8.39598,210.695,-178.576],"tool":false,"touchDistance":0.333333,"touchZone":"none","type":3,"width":17.965},{"bases":[[[0.79953,-0.600268,0.0207478],[0.543726,0.73803,0.399592],[-0.255175,-0.308205,0.916458]],[[0.784941,-0.615705,0.0691096],[0.46406,0.510347,-0.724013],[0.410508,0.600378,0.686316]],[[0.784941,-0.615705,0.0691096],[-0.253791,-0.42128,-0.870697],[0.565207,0.665906,-0.48694]],[[0.784941,-0.615705,0.0691096],[-0.532153,-0.727108,-0.433735],[0.317303,0.303679,-0.898386]]],"btipPosition":[5.19486,218.632,13.8071],"carpPosition":[21.3371,240.115,65.8816],"dipPosition":[10.6302,223.834,-1.58219],"direction":[-0.565207,-0.665906,0.48694],"extended":false,"handId":431,"id":4314,"length":50.1976,"mcpPosition":[36.0417,257.875,13.07],"pipPosition":[21.6165,236.778,-11.0471],"stabilizedTipPosition":[6.54099,207.371,20.2787],"timeVisible":0.921844,"tipPosition":[6.71936,219.869,9.25572],"tipVelocity":[9.10389,210.467,-177.15],"tool":false,"touchDistance":0.333333,"touchZone":"none","type":4,"width":15.9579}],"r":[[0.974603,-0.217626,-0.0528062],[0.223941,0.947074,0.230003],[-0.0000432397,-0.235987,0.971756]],"s":0.855353,"t":[-30.4521,150.316,-65.3706],"timestamp":89082702330},false],[2,{"currentFrameRate":55.3178,"devices":[],"gestures":[],"hands":[{"armBasis":[[0.963934,-0.178926,-0.197022],[0.236272,0.916064,0.324041],[0.122505,-0.358904,0.9253]],"armWidth":63.325,"confidence":0.794032,"direction":[0.0301003,0.479836,-0.876842],"elbow":[38.9404,143.595,320.003],"grabStrength":0.782752,"id":431,"palmNormal":[-0.234498,-0.849366,-0.472851],"palmPosition":[-0.683044,263.668,23.2937],"palmVelocity":[25.5804,186.815,-129.51],"palmWidth":90.4259,"pinchStrength":0.437375,"r":[[0.973049,-0.223973,-0.054889],[0.230587,0.942479,0.241996],[-0.00246876,-0.24813,0.968723]],"s":0.858463,"sphereCenter":[-11.583,242.508,-12.3811],"sphereRadius":44.5587,"stabilizedPalmPosition":[-1.16341,258.443,27.1268],"t":[-29.9809,153.705,-67.7134],"timeVisible":0.939942,"type":"right","wrist":[6.0691,239.899,71.721]}],"id":1433294,"interactionBox":{"center":[0,200,0],"size":[235.247,235.247,147.751]},"pointables":[{"bases":[[[0.606605,0.76486,0.21684],[-0.688855,0.36952,0.623646],[0.396876,-0.527678,0.75103]],[[0.525033,0.847522,0.0777601],[-0.73282,0.403724,0.547706],[0.4328,-0.344548,0.833049]],[[0.525033,0.847522,0.0777601],[-0.838833,0.499867,0.215621],[0.143874,-0.178436,0.973376]],[[0.525033,0.847522,0.0777601],[-0.796377,0.521459,-0.306372],[-0.300206,0.0989291,0.94873]]],"btipPosition":[-43.4414,256.217,-24.2829],"carpPosition":[-24.0783,235.379,72.0913],"dipPosition":[-50.4237,258.518,-2.21683],"direction":[-0.143874,0.178436,-0.973376],"extended":false,"handId":431,"id":4310,"length":51.7933,"mcpPosition":[-24.0783,235.379,72.0913],"pipPosition":[-45.5487,252.472,30.7653],"stabilizedTipPosition":[-45.269,253.261,-17.3862],"timeVisible":0.939942,"tipPosition":[-45.1429,256.214,-19.4678],"tipVelocity":[18.7313,255.737,-134.468],"tool":false,"touchDistance":-0.29529,"touchZone":"touching","type":0,"width":20.1245},{"bases":[[[0.96291,-0.136164,-0.232944],[0.212105,0.915613,0.34156],[0.166778,-0.378301,0.910535]],[[0.976012,-0.180912,-0.121124],[0.217166,0.769445,0.60066],[-0.0154686,-0.612556,0.790276]],[[0.976012,-0.180912,-0.121124],[0.151912,0.96442,-0.216371],[0.155959,0.192781,0.968769]],[[0.976012,-0.180912,-0.121124],[0.00192122,0.563474,-0.826131],[0.217708,0.806081,0.550305]]],"btipPosition":[-30.3894,290.72,-61.6701],"carpPosition":[-11.4133,255.225,71.2584],"dipPosition":[-26.6928,304.407,-52.3261],"direction":[-0.155959,-0.192781,-0.968769],"extended":true,"handId":431,"id":4311,"length":58.4429,"mcpPosition":[-23.607,282.884,4.68596],"pipPosition":[-22.9466,309.037,-29.0557],"stabilizedTipPosition":[-29.7878,291.961,-58.8411],"timeVisible":0.939942,"tipPosition":[-28.9784,293.992,-59.5332],"tipVelocity":[37.7698,282.721,-103.64],"tool":false,"touchDistance":-0.230979,"touchZone":"touching","type":1,"width":19.2229},{"bases":[[[0.926228,-0.340104,-0.162577],[0.375453,0.870884,0.317169],[0.0337155,-0.354811,0.93433]],[[0.926112,-0.338935,-0.165649],[0.117312,0.676068,-0.727441],[0.358545,0.654259,0.665876]],[[0.926112,-0.338935,-0.165649],[-0.307655,-0.424445,-0.851584],[0.218323,0.839625,-0.497359]],[[0.926112,-0.338935,-0.165649],[-0.377195,-0.839321,-0.39149],[-0.00634252,0.425046,-0.90515]]],"btipPosition":[-25.0597,216.942,2.7641],"carpPosition":[0.504236,255.347,68.4833],"dipPosition":[-25.1781,224.88,-14.14],"direction":[-0.218323,-0.839625,0.497359],"extended":false,"handId":431,"id":4312,"length":66.591,"mcpPosition":[-1.83344,279.948,3.70107],"pipPosition":[-19.0083,248.608,-28.1954],"stabilizedTipPosition":[-24.9067,206.496,7.11742],"timeVisible":0.939942,"tipPosition":[-25.1912,219.195,-2.60006],"tipVelocity":[-4.75552,211.593,-120.269],"tool":false,"touchDistance":0.333333,"touchZone":"none","type":2,"width":18.8794},{"bases":[[[0.890138,-0.453287,-0.0467545],[0.441552,0.832605,0.334366],[-0.112635,-0.318276,0.941283]],[[0.890208,-0.453089,-0.0473403],[0.265297,0.600093,-0.754656],[0.370335,0.659241,0.654411]],[[0.890208,-0.453089,-0.0473403],[-0.27137,-0.443949,-0.853972],[0.365908,0.773059,-0.518161]],[[0.890208,-0.453089,-0.0473403],[-0.432858,-0.808883,-0.397921],[0.142001,0.374724,-0.916197]]],"btipPosition":[-10.0769,214.584,9.65341],"carpPosition":[12.0654,252.284,66.0302],"dipPosition":[-7.44018,221.542,-7.35869],"direction":[-0.365908,-0.773059,0.518161],"extended":false,"handId":431,"id":4313,"length":64.0291,"mcpPosition":[19.0772,272.097,7.43374],"pipPosition":[2.63337,242.825,-21.6238],"stabilizedTipPosition":[-8.84311,203.827,15.2856],"timeVisible":0.939942,"tipPosition":[-9.32916,216.528,4.36494],"tipVelocity":[-11.562,203.819,-158.182],"tool":false,"touchDistance":0.333333,"touchZone":"none","type":3,"width":17.965},{"bases":[[[0.785844,-0.618375,0.00790305],[0.562928,0.720555,0.404861],[-0.25605,-0.313709,0.914344]],[[0.770796,-0.634483,0.0574944],[0.464547,0.497997,-0.732253],[0.43597,0.591126,0.678601]],[[0.770796,-0.634483,0.0574944],[-0.275922,-0.413814,-0.86754],[0.574231,0.652832,-0.494033]],[[0.770796,-0.634483,0.0574944],[-0.553212,-0.711349,-0.433519],[0.315959,0.302348,-0.899308]]],"btipPosition":[4.58986,221.699,12.0017],"carpPosition":[21.7288,242.263,63.5296],"dipPosition":[10.0022,226.879,-3.40339],"direction":[-0.574231,-0.652832,0.494033],"extended":false,"handId":431,"id":4314,"length":50.1976,"mcpPosition":[36.4839,260.34,10.8399],"pipPosition":[21.1639,239.568,-13.0062],"stabilizedTipPosition":[6.39394,210.602,17.8178],"timeVisible":0.939942,"tipPosition":[6.14183,222.985,7.33244],"tipVelocity":[-11.2641,190.833,-140.437],"tool":false,"touchDistance":0.333333,"touchZone":"none","type":4,"width":15.9579}],"r":[[0.973049,-0.223973,-0.054889],[0.230587,0.942479,0.241996],[-0.00246876,-0.24813,0.968723]],"s":0.858463,"t":[-29.9809,153.705,-67.7134],"timestamp":89082720428},false],[3,{"currentFrameRate":55.3128,"devices":[],"gestures":[],"hands":[{"armBasis":[[0.960099,-0.19092,-0.204352],[0.251111,0.910174,0.329435],[0.1231,-0.367605,0.921799]],"armWidth":63.325,"confidence":0.798172,"direction":[0.0313484,0.479948,-0.876737],"elbow":[39.6704,143.686,317.165],"grabStrength":0.781465,"id":431,"palmNormal":[-0.249271,-0.845697,-0.471869],"palmPosition":[-0.0810087,266.218,21.4521],"palmVelocity":[29.2369,164.971,-116.317],"palmWidth":90.4259,"pinchStrength":0.431661,"r":[[0.971058,-0.231729,-0.0578569],[0.238809,0.937967,0.251371],[-0.00398199,-0.257913,0.96616]],"s":0.861493,"sphereCenter":[-11.6099,245.334,-14.0881],"sphereRadius":44.5583,"stabilizedPalmPosition":[-0.617992,262.36,24.2674],"t":[-29.4443,156.675,-69.8056],"timeVisible":0.958038,"type":"right","wrist":[6.63937,242.324,69.8228]}],"id":1433295,"interactionBox":{"center":[0,200,0],"size":[235.247,235.247,147.751]},"pointables":[{"bases":[[[0.618563,0.756173,0.213499],[-0.679738,0.378689,0.628133],[0.394128,-0.533663,0.748243]],[[0.536982,0.840298,0.0744991],[-0.723731,0.413511,0.552469],[0.433432,-0.350583,0.830198]],[[0.536982,0.840298,0.0744991],[-0.830492,0.511073,0.221558],[0.1481,-0.180843,0.972297]],[[0.536982,0.840298,0.0744991],[-0.789467,0.531689,-0.306673],[-0.297307,0.105863,0.948895]]],"btipPosition":[-43.1704,259.283,-25.8219],"carpPosition":[-23.5653,238.226,70.3781],"dipPosition":[-50.0853,261.745,-3.75199],"direction":[-0.1481,0.180843,-0.972297],"extended":false,"handId":431,"id":4310,"length":51.7933,"mcpPosition":[-23.5653,238.226,70.3781],"pipPosition":[-45.0671,255.618,29.1936],"stabilizedTipPosition":[-44.937,257.566,-19.5814],"timeVisible":0.958038,"tipPosition":[-44.8764,259.381,-21.0029],"tipVelocity":[17.3528,215.674,-110.941],"tool":false,"touchDistance":-0.317166,"touchZone":"touching","type":0,"width":20.1245},{"bases":[[[0.959449,-0.149441,-0.23901],[0.22699,0.912337,0.340759],[0.167134,-0.381193,0.909262]],[[0.972586,-0.194207,-0.127905],[0.23181,0.766078,0.599491],[-0.0184407,-0.612706,0.790096]],[[0.972586,-0.194207,-0.127905],[0.163757,0.962509,-0.21624],[0.165105,0.189367,0.967926]],[[0.972586,-0.194207,-0.127905],[0.00432704,0.565045,-0.825049],[0.232502,0.801877,0.550396]]],"btipPosition":[-29.976,293.759,-63.3312],"carpPosition":[-10.6298,257.893,69.4778],"dipPosition":[-26.0282,307.375,-53.9857],"direction":[-0.165105,-0.189367,-0.967926],"extended":true,"handId":431,"id":4311,"length":58.4429,"mcpPosition":[-22.8496,285.764,2.99842],"pipPosition":[-22.0623,311.924,-30.7355],"stabilizedTipPosition":[-29.2211,295.842,-60.6837],"timeVisible":0.958038,"tipPosition":[-28.5077,296.997,-61.1898],"tipVelocity":[32.1908,227.72,-97.9981],"tool":false,"touchDistance":-0.261325,"touchZone":"touching","type":1,"width":19.2229},{"bases":[[[0.92036,-0.352894,-0.168533],[0.389542,0.865348,0.315326],[0.0345632,-0.355864,0.933898]],[[0.920245,-0.351755,-0.171518],[0.119061,0.669153,-0.733524],[0.372793,0.654601,0.657665]],[[0.920245,-0.351755,-0.171518],[-0.319998,-0.424054,-0.847218],[0.22528,0.834534,-0.502795]],[[0.920245,-0.351755,-0.171518],[-0.391293,-0.834086,-0.388833],[-0.00628736,0.424935,-0.905202]]],"btipPosition":[-25.2321,219.648,1.4873],"carpPosition":[1.27077,257.851,66.6287],"dipPosition":[-25.3495,227.584,-15.4178],"direction":[-0.22528,-0.834534,0.502795],"extended":false,"handId":431,"id":4312,"length":66.591,"mcpPosition":[-1.12569,282.525,1.87636],"pipPosition":[-18.9831,251.168,-29.6268],"stabilizedTipPosition":[-25.008,210.802,4.38119],"timeVisible":0.958038,"tipPosition":[-25.3525,221.931,-3.85811],"tipVelocity":[-7.01823,182.079,-96.6335],"tool":false,"touchDistance":0.333333,"touchZone":"none","type":2,"width":18.8794},{"bases":[[[0.883413,-0.465639,-0.0525533],[0.455206,0.826138,0.332089],[-0.111217,-0.317294,0.941783]],[[0.883458,-0.465509,-0.0529381],[0.268816,0.596197,-0.756497],[0.383718,0.654103,0.651851]],[[0.883458,-0.465509,-0.0529381],[-0.282968,-0.440114,-0.852191],[0.373404,0.767855,-0.520547]],[[0.883458,-0.465509,-0.0529381],[-0.446604,-0.802611,-0.395424],[0.141585,0.372983,-0.916972]]],"btipPosition":[-10.2509,217.271,7.88769],"carpPosition":[12.7726,254.628,64.1019],"dipPosition":[-7.62193,224.197,-9.13879],"direction":[-0.373404,-0.767855,0.520547],"extended":false,"handId":431,"id":4313,"length":64.0291,"mcpPosition":[19.6961,274.38,5.47432],"pipPosition":[2.65798,245.336,-23.4696],"stabilizedTipPosition":[-9.02362,207.206,12.7427],"timeVisible":0.958038,"tipPosition":[-9.51035,219.2,2.61996],"tipVelocity":[-10.6839,177.308,-129.446],"tool":false,"touchDistance":0.333333,"touchZone":"none","type":3,"width":17.965},{"bases":[[[0.777165,-0.629291,0.0026576],[0.575441,0.712358,0.401763],[-0.254719,-0.310707,0.91574]],[[0.762081,-0.645333,0.0527044],[0.455962,0.477091,-0.75132],[0.459707,0.596599,0.65783]],[[0.762081,-0.645333,0.0527044],[-0.298951,-0.422899,-0.855444],[0.574335,0.636162,-0.515207]],[[0.762081,-0.645333,0.0527044],[-0.569209,-0.706529,-0.420497],[0.308598,0.290453,-0.905762]]],"btipPosition":[4.35367,224.074,11.1792],"carpPosition":[22.2793,244.475,61.5355],"dipPosition":[9.63993,229.049,-4.33648],"direction":[-0.574335,-0.636162,0.515207],"extended":false,"handId":431,"id":4314,"length":50.1976,"mcpPosition":[36.9577,262.379,8.7653],"pipPosition":[20.8036,241.415,-14.3508],"stabilizedTipPosition":[6.20527,213.947,15.4818],"timeVisible":0.958038,"tipPosition":[5.9123,225.365,6.29507],"tipVelocity":[-12.8768,161.251,-95.9345],"tool":false,"touchDistance":0.333333,"touchZone":"none","type":4,"width":15.9579}],"r":[[0.971058,-0.231729,-0.0578569],[0.238809,0.937967,0.251371],[-0.00398199,-0.257913,0.96616]],"s":0.861493,"t":[-29.4443,156.675,-69.8056],"timestamp":89082738524},false],[4,{"currentFrameRate":55.3192,"devices":[],"gestures":[],"hands":[{"armBasis":[[0.958323,-0.195659,-0.208167],[0.258698,0.903481,0.341756],[0.121207,-0.381365,0.916444]],"armWidth":63.325,"confidence":0.800471,"direction":[0.0358307,0.489456,-0.871292],"elbow":[39.4221,143.159,313.581],"grabStrength":0.778506,"id":431,"palmNormal":[-0.256236,-0.838207,-0.481407],"palmPosition":[0.404214,269.979,19.5725],"palmVelocity":[28.1153,185.562,-110.518],"palmWidth":90.4259,"pinchStrength":0.436216,"r":[[0.969016,-0.239413,-0.0607409],[0.246931,0.933238,0.260946],[-0.00578826,-0.267859,0.963441]],"s":0.863567,"sphereCenter":[-11.4422,249.688,-16.1621],"sphereRadius":44.5435,"stabilizedPalmPosition":[-0.0673049,266.465,21.7381],"t":[-28.9334,160.04,-71.7915],"timeVisible":0.976093,"type":"right","wrist":[6.89897,245.489,67.6748]}],"id":1433296,"interactionBox":{"center":[0,200,0],"size":[235.247,235.247,147.751]},"pointables":[{"bases":[[[0.624872,0.748445,0.222184],[-0.676782,0.377398,0.63209],[0.389232,-0.545345,0.742359]],[[0.543298,0.835437,0.0829025],[-0.720625,0.413401,0.556596],[0.430729,-0.362139,0.826637]],[[0.543298,0.835437,0.0829025],[-0.826532,0.51495,0.227312],[0.147214,-0.19202,0.970287]],[[0.543298,0.835437,0.0829025],[-0.782209,0.539587,-0.31144],[-0.304922,0.104358,0.946643]]],"btipPosition":[-42.6036,263.686,-27.7296],"carpPosition":[-23.3397,241.642,68.1732],"dipPosition":[-49.6956,266.113,-5.71211],"direction":[-0.147214,0.19202,-0.970287],"extended":false,"handId":431,"id":4310,"length":51.7933,"mcpPosition":[-23.3397,241.642,68.1732],"pipPosition":[-44.7074,259.607,27.1653],"stabilizedTipPosition":[-44.4539,262.16,-21.703],"timeVisible":0.976093,"tipPosition":[-44.3744,263.897,-22.9212],"tipVelocity":[22.948,228.847,-108.752],"tool":false,"touchDistance":-0.34258,"touchZone":"touching","type":0,"width":20.1245},{"bases":[[[0.958253,-0.154911,-0.24032],[0.234582,0.906499,0.351044],[0.163469,-0.392763,0.904994]],[[0.970917,-0.200708,-0.130521],[0.238278,0.757031,0.60838],[-0.0232978,-0.621788,0.782839]],[[0.970917,-0.200708,-0.130521],[0.171939,0.963915,-0.203237],[0.166603,0.174884,0.970391]],[[0.970917,-0.200708,-0.130521],[0.00956133,0.57724,-0.816519],[0.239224,0.791524,0.562371]]],"btipPosition":[-29.258,298.831,-64.9516],"carpPosition":[-10.2371,261.207,67.498],"dipPosition":[-25.196,312.271,-55.4028],"direction":[-0.166603,-0.174884,-0.970391],"extended":true,"handId":431,"id":4311,"length":58.4429,"mcpPosition":[-22.1889,289.924,1.33072],"pipPosition":[-21.1942,316.471,-32.0934],"stabilizedTipPosition":[-28.4882,300.808,-62.3758],"timeVisible":0.976093,"tipPosition":[-27.7739,301.98,-62.7483],"tipVelocity":[36.4781,251.901,-92.8521],"tool":false,"touchDistance":-0.287131,"touchZone":"touching","type":1,"width":19.2229},{"bases":[[[0.917403,-0.358801,-0.172142],[0.396741,0.858416,0.325145],[0.0311073,-0.366585,0.929865]],[[0.9173,-0.35764,-0.175083],[0.124706,0.675589,-0.726656],[0.378165,0.644728,0.664318]],[[0.9173,-0.35764,-0.175083],[-0.323232,-0.411985,-0.851932],[0.232553,0.83807,-0.493515]],[[0.9173,-0.35764,-0.175083],[-0.398191,-0.82607,-0.398814],[-0.00199891,0.435548,-0.900163]]],"btipPosition":[-25.1421,223.811,-0.883732],"carpPosition":[1.66405,261.096,64.6529],"dipPosition":[-25.1795,231.945,-17.6947],"direction":[-0.232553,-0.83807,0.493515],"extended":false,"handId":431,"id":4312,"length":66.591,"mcpPosition":[-0.492787,286.513,0.18034],"pipPosition":[-18.6075,255.629,-31.6415],"stabilizedTipPosition":[-25.0539,215.59,1.44318],"timeVisible":0.976093,"tipPosition":[-25.2326,226.152,-6.15709],"tipVelocity":[-0.836319,206.3,-112.535],"tool":false,"touchDistance":0.333333,"touchZone":"none","type":2,"width":18.8794},{"bases":[[[0.879446,-0.47252,-0.0574464],[0.462061,0.818464,0.341491],[-0.114344,-0.326867,0.938128]],[[0.879478,-0.472427,-0.0577122],[0.274077,0.60186,-0.750097],[0.389101,0.643877,0.658804]],[[0.879478,-0.472427,-0.0577122],[-0.286378,-0.428436,-0.856989],[0.380139,0.770231,-0.512093]],[[0.879478,-0.472427,-0.0577122],[-0.453226,-0.794314,-0.404539],[0.145274,0.38194,-0.912698]]],"btipPosition":[-10.1826,221.265,5.48693],"carpPosition":[13.1392,257.803,62.0944],"dipPosition":[-7.48511,228.357,-11.4602],"direction":[-0.380139,-0.770231,0.512093],"extended":false,"handId":431,"id":4313,"length":64.0291,"mcpPosition":[20.2573,278.151,3.69438],"pipPosition":[2.9802,249.562,-25.5583],"stabilizedTipPosition":[-9.15691,211.09,9.98213],"timeVisible":0.976093,"tipPosition":[-9.42376,223.241,0.265088],"tipVelocity":[-3.40005,199.155,-130.639],"tool":false,"touchDistance":0.333333,"touchZone":"none","type":3,"width":17.965},{"bases":[[[0.771785,-0.63587,-0.00411153],[0.581293,0.702891,0.40993],[-0.257772,-0.318768,0.912108]],[[0.756353,-0.652521,0.0463217],[0.459629,0.47971,-0.747408],[0.465479,0.586596,0.662748]],[[0.756353,-0.652521,0.0463217],[-0.302749,-0.411935,-0.859449],[0.57989,0.636023,-0.509119]],[[0.756353,-0.652521,0.0463217],[-0.575059,-0.696977,-0.428405],[0.311828,0.297388,-0.902399]]],"btipPosition":[4.44459,227.898,8.92203],"carpPosition":[22.5604,247.599,59.4178],"dipPosition":[9.78619,232.993,-6.53601],"direction":[-0.57989,-0.636023,0.509119],"extended":false,"handId":431,"id":4314,"length":50.1976,"mcpPosition":[37.4147,265.968,6.85695],"pipPosition":[21.0578,245.355,-16.432],"stabilizedTipPosition":[6.06967,217.801,12.9042],"timeVisible":0.976093,"tipPosition":[6.01048,229.227,4.10364],"tipVelocity":[-4.03703,185.979,-109.393],"tool":false,"touchDistance":0.333333,"touchZone":"none","type":4,"width":15.9579}],"r":[[0.969016,-0.239413,-0.0607409],[0.246931,0.933238,0.260946],[-0.00578826,-0.267859,0.963441]],"s":0.863567,"t":[-28.9334,160.04,-71.7915],"timestamp":89082756579},false],[5,{"currentFrameRate":55.266,"devices":[],"gestures":[],"hands":[{"armBasis":[[0.957763,-0.199439,-0.207159],[0.262055,0.901959,0.343217],[0.118398,-0.383008,0.916126]],"armWidth":63.325,"confidence":0.804993,"direction":[0.0434626,0.497434,-0.866413],"elbow":[38.9341,145.226,311.947],"grabStrength":0.773142,"id":431,"palmNormal":[-0.258427,-0.832118,-0.490708],"palmPosition":[1.07698,272.977,18.2233],"palmVelocity":[32.2785,175.234,-92.9399],"palmWidth":90.4259,"pinchStrength":0.43682,"r":[[0.967115,-0.246537,-0.0625062],[0.25419,0.928529,0.270596],[-0.00867322,-0.277586,0.960662]],"s":0.865512,"sphereCenter":[-10.8777,253.206,-17.7234],"sphereRadius":44.5527,"stabilizedPalmPosition":[0.607509,270.305,19.6653],"t":[-28.3416,163.222,-73.4591],"timeVisible":0.994371,"type":"right","wrist":[7.16478,247.997,66.1264]}],"id":1433297,"interactionBox":{"center":[0,200,0],"size":[235.247,235.247,147.751]},"pointables":[{"bases":[[[0.62796,0.742654,0.232662],[-0.678058,0.375365,0.631932],[0.381973,-0.554586,0.739277]],[[0.547265,0.831759,0.0931499],[-0.721268,0.412229,0.556632],[0.424585,-0.371812,0.82552]],[[0.547265,0.831759,0.0931499],[-0.824799,0.517061,0.228809],[0.14215,-0.20205,0.969004]],[[0.547265,0.831759,0.0931499],[-0.776702,0.546175,-0.313729],[-0.311823,0.0993434,0.944932]]],"btipPosition":[-41.7249,267.302,-29.3408],"carpPosition":[-23.098,244.322,66.4234],"dipPosition":[-48.9775,269.613,-7.36307],"direction":[-0.14215,0.20205,-0.969004],"extended":false,"handId":431,"id":4310,"length":51.7933,"mcpPosition":[-23.098,244.322,66.4234],"pipPosition":[-44.1608,262.766,25.4709],"stabilizedTipPosition":[-43.686,266.267,-23.5727],"timeVisible":0.994371,"tipPosition":[-43.515,267.53,-24.5426],"tipVelocity":[34.014,213.288,-99.1234],"tool":false,"touchDistance":-0.36096,"touchZone":"touching","type":0,"width":20.1245},{"bases":[[[0.95865,-0.15823,-0.236545],[0.237887,0.901762,0.360881],[0.156205,-0.402229,0.902115]],[[0.970389,-0.204626,-0.12835],[0.239646,0.74903,0.617676],[-0.0302551,-0.630144,0.775888]],[[0.970389,-0.204626,-0.12835],[0.178652,0.96563,-0.18879],[0.16257,0.16027,0.973594]],[[0.970389,-0.204626,-0.12835],[0.0178246,0.590576,-0.806785],[0.24089,0.780608,0.576735]]],"btipPosition":[-28.0029,303.024,-66.2583],"carpPosition":[-9.87876,263.816,66.0049],"dipPosition":[-23.9127,316.279,-56.4656],"direction":[-0.16257,-0.16027,-0.973594],"extended":true,"handId":431,"id":4311,"length":58.4429,"mcpPosition":[-21.2995,293.224,0.0480832],"pipPosition":[-20.0077,320.129,-33.0793],"stabilizedTipPosition":[-27.2758,305.284,-63.7618],"timeVisible":0.994371,"tipPosition":[-26.5308,306.045,-63.9738],"tipVelocity":[52.0648,240.021,-81.1504],"tool":false,"touchDistance":-0.30551,"touchZone":"touching","type":1,"width":19.2229},{"bases":[[[0.916246,-0.362513,-0.170523],[0.399905,0.85298,0.335413],[0.0238617,-0.375514,0.92651]],[[0.916167,-0.361345,-0.1734],[0.132396,0.681202,-0.720024],[0.378297,0.636705,0.671936]],[[0.916167,-0.361345,-0.1734],[-0.320935,-0.40225,-0.857435],[0.240079,0.841204,-0.484496]],[[0.916167,-0.361345,-0.1734],[-0.400757,-0.819831,-0.408989],[0.00562725,0.444194,-0.895913]]],"btipPosition":[-24.6283,227.13,-2.77941],"carpPosition":[2.037,263.661,63.2238],"dipPosition":[-24.5232,235.426,-19.511],"direction":[-0.24008,-0.841204,0.484496],"extended":false,"handId":431,"id":4312,"length":66.591,"mcpPosition":[0.382536,289.698,-1.01616],"pipPosition":[-17.7385,259.198,-33.203],"stabilizedTipPosition":[-24.896,220.31,-1.38959],"timeVisible":0.994371,"tipPosition":[-24.6716,229.517,-8.00215],"tipVelocity":[13.8879,195.434,-107.831],"tool":false,"touchDistance":0.333333,"touchZone":"none","type":2,"width":18.8794},{"bases":[[[0.877,-0.477084,-0.0571176],[0.464902,0.812495,0.351737],[-0.1214,-0.335027,0.934355]],[[0.877006,-0.477068,-0.0571635],[0.280766,0.60538,-0.744772],[0.389912,0.63712,0.664866]],[[0.877006,-0.477068,-0.0571635],[-0.284809,-0.420344,-0.861507],[0.386969,0.771827,-0.504518]],[[0.877006,-0.477068,-0.0571635],[-0.455686,-0.788117,-0.41379],[0.152355,0.388945,-0.908576]]],"btipPosition":[-9.73123,224.422,3.77003],"carpPosition":[13.5068,260.326,60.6969],"dipPosition":[-6.90228,231.644,-13.1006],"direction":[-0.386969,-0.771827,0.504518],"extended":false,"handId":431,"id":4313,"length":64.0291,"mcpPosition":[21.0642,281.182,2.53172],"pipPosition":[3.75107,252.893,-26.9901],"stabilizedTipPosition":[-9.1359,215.216,7.20478],"timeVisible":0.994371,"tipPosition":[-8.93386,226.437,-1.41247],"tipVelocity":[10.8482,187.276,-112.597],"tool":false,"touchDistance":0.333333,"touchZone":"none","type":3,"width":17.965},{"bases":[[[0.768103,-0.640299,-0.00591899],[0.583084,0.695587,0.419728],[-0.264634,-0.325845,0.907631]],[[0.752245,-0.657384,0.0444252],[0.465851,0.482969,-0.741434],[0.465951,0.578435,0.669554]],[[0.752245,-0.657384,0.0444252],[-0.301006,-0.402853,-0.864352],[0.586108,0.636832,-0.50092]],[[0.752245,-0.657384,0.0444252],[-0.576836,-0.689657,-0.43776],[0.318414,0.303676,-0.897994]]],"btipPosition":[4.91273,230.963,7.26353],"carpPosition":[22.8834,250.093,57.9753],"dipPosition":[10.3671,236.165,-8.11906],"direction":[-0.586109,-0.636832,0.50092],"extended":false,"handId":431,"id":4314,"length":50.1976,"mcpPosition":[38.1332,268.87,5.6724],"pipPosition":[21.7597,248.544,-17.8557],"stabilizedTipPosition":[6.09722,221.855,10.3123],"timeVisible":0.994371,"tipPosition":[6.50695,232.326,2.48983],"tipVelocity":[10.8436,177.865,-100.003],"tool":false,"touchDistance":0.333333,"touchZone":"none","type":4,"width":15.9579}],"r":[[0.967115,-0.246537,-0.0625062],[0.25419,0.928529,0.270596],[-0.00867322,-0.277586,0.960662]],"s":0.865512,"t":[-28.3416,163.222,-73.4591],"timestamp":89082774857},false],[6,{"currentFrameRate":55.3113,"devices":[],"gestures":[],"hands":[{"armBasis":[[0.956641,-0.199856,-0.211885],[0.26357,0.903601,0.337693],[0.12397,-0.378898,0.917098]],"armWidth":63.325,"confidence":0.813493,"direction":[0.0487975,0.493032,-0.868642],"elbow":[40.5929,149.072,311.005],"grabStrength":0.770126,"id":431,"palmNormal":[-0.259069,-0.833666,-0.487734],"palmPosition":[1.52765,275.505,16.8735],"palmVelocity":[28.9091,159.093,-84.6144],"palmWidth":90.4259,"pinchStrength":0.4379,"r":[[0.965443,-0.252908,-0.0629086],[0.260337,0.924752,0.277595],[-0.0120311,-0.28438,0.958636]],"s":0.867121,"sphereCenter":[-10.4606,255.66,-19.0011],"sphereRadius":44.5559,"stabilizedPalmPosition":[1.17679,273.522,17.938],"t":[-27.8203,166.077,-74.9678],"timeVisible":1.01229,"type":"right","wrist":[7.32867,250.74,64.9238]}],"id":1433298,"interactionBox":{"center":[0,200,0],"size":[235.247,235.247,147.751]},"pointables":[{"bases":[[[0.629403,0.741728,0.231714],[-0.679509,0.380678,0.627178],[0.376987,-0.552199,0.743611]],[[0.549234,0.830716,0.0908429],[-0.722338,0.417274,0.551462],[0.420202,-0.368501,0.829239]],[[0.549234,0.830716,0.0908429],[-0.824115,0.520418,0.223605],[0.138476,-0.197676,0.970437]],[[0.549234,0.830716,0.0908429],[-0.772984,0.546333,-0.322516],[-0.31755,0.106917,0.942195]]],"btipPosition":[-41.0989,269.658,-30.8244],"carpPosition":[-22.947,247.166,65.1092],"dipPosition":[-48.4846,272.145,-8.91032],"direction":[-0.138476,0.197676,-0.970437],"extended":false,"handId":431,"id":4310,"length":51.7933,"mcpPosition":[-22.947,247.166,65.1092],"pipPosition":[-43.7924,265.447,23.9722],"stabilizedTipPosition":[-43.0392,269.152,-25.1826],"timeVisible":1.01229,"tipPosition":[-42.9067,269.964,-26.0351],"tipVelocity":[33.6402,175.695,-91.7876],"tool":false,"touchDistance":-0.375671,"touchZone":"touching","type":0,"width":20.1245},{"bases":[[[0.959124,-0.162525,-0.231659],[0.239313,0.902739,0.35748],[0.151028,-0.398307,0.904733]],[[0.970213,-0.208072,-0.124064],[0.239741,0.751156,0.615052],[-0.0347841,-0.626475,0.778665]],[[0.970213,-0.208072,-0.124064],[0.182447,0.964516,-0.190844],[0.159371,0.162525,0.973749]],[[0.970213,-0.208072,-0.124064],[0.0231595,0.589448,-0.807474],[0.241142,0.780549,0.57671]]],"btipPosition":[-27.1418,305.326,-67.9245],"carpPosition":[-9.66201,266.614,64.6519],"dipPosition":[-23.0473,318.58,-58.1322],"direction":[-0.159371,-0.162525,-0.973749],"extended":true,"handId":431,"id":4311,"length":58.4429,"mcpPosition":[-20.7042,295.736,-1.49627],"pipPosition":[-19.2191,322.484,-34.7422],"stabilizedTipPosition":[-26.3673,307.894,-65.3752],"timeVisible":1.01229,"tipPosition":[-25.6763,308.315,-65.6248],"tipVelocity":[50.1935,187.314,-86.7328],"tool":false,"touchDistance":-0.328287,"touchZone":"touching","type":1,"width":19.2229},{"bases":[[[0.915766,-0.366341,-0.164822],[0.401277,0.853302,0.332946],[0.0186708,-0.37104,0.928429]],[[0.915705,-0.365196,-0.167681],[0.137627,0.67704,-0.722963],[0.37755,0.638944,0.670229]],[[0.915705,-0.365196,-0.167681],[-0.318578,-0.405394,-0.856834],[0.244936,0.838026,-0.487564]],[[0.915705,-0.365196,-0.167681],[-0.401701,-0.820402,-0.406912],[0.0110372,0.439969,-0.897945]]],"btipPosition":[-24.2429,229.628,-4.00721],"carpPosition":[2.26494,266.407,61.9227],"dipPosition":[-24.0368,237.844,-20.7768],"direction":[-0.244936,-0.838026,0.487564],"extended":false,"handId":431,"id":4312,"length":66.591,"mcpPosition":[0.970386,292.133,-2.45037],"pipPosition":[-17.1149,261.527,-34.5554],"stabilizedTipPosition":[-24.6435,224.35,-3.7235],"timeVisible":1.01229,"tipPosition":[-24.253,231.986,-9.22008],"tipVelocity":[18.0963,168.459,-89.4862],"tool":false,"touchDistance":0.333333,"touchZone":"none","type":2,"width":18.8794},{"bases":[[[0.875659,-0.480226,-0.0510258],[0.46607,0.812685,0.349746],[-0.126489,-0.33004,0.935454]],[[0.875645,-0.480263,-0.0509218],[0.285198,0.5993,-0.747999],[0.389753,0.640459,0.661744]],[[0.875645,-0.480263,-0.0509218],[-0.283086,-0.424977,-0.859801],[0.39129,0.767296,-0.508084]],[[0.875645,-0.480263,-0.0509218],[-0.456608,-0.788911,-0.411252],[0.157336,0.383362,-0.910098]]],"btipPosition":[-9.39124,226.888,2.73108],"carpPosition":[13.7344,263.022,59.4613],"dipPosition":[-6.46979,234.006,-14.1678],"direction":[-0.39129,-0.767296,0.508084],"extended":false,"handId":431,"id":4313,"length":64.0291,"mcpPosition":[21.6086,283.568,1.22769],"pipPosition":[4.30251,255.13,-28.1555],"stabilizedTipPosition":[-9.01339,219.13,4.74605],"timeVisible":1.01229,"tipPosition":[-8.56836,228.866,-2.43687],"tipVelocity":[15.2448,163.175,-86.9655],"tool":false,"touchDistance":0.333333,"touchZone":"none","type":3,"width":17.965},{"bases":[[[0.766008,-0.64283,0.000503759],[0.583575,0.695727,0.418814],[-0.269577,-0.320521,0.908072]],[[0.749904,-0.659594,0.0507904],[0.469796,0.476918,-0.74286],[0.465763,0.580935,0.667517]],[[0.749904,-0.659594,0.0507904],[-0.299352,-0.406798,-0.863078],[0.589942,0.632021,-0.502511]],[[0.749904,-0.659594,0.0507904],[-0.577364,-0.690026,-0.436481],[0.322947,0.297994,-0.898279]]],"btipPosition":[5.25734,233.412,6.20015],"carpPosition":[23.0888,252.745,56.83],"dipPosition":[10.7894,238.516,-9.18732],"direction":[-0.589942,-0.632021,0.502511],"extended":false,"handId":431,"id":4314,"length":50.1976,"mcpPosition":[38.6233,271.215,4.50165],"pipPosition":[22.2564,250.801,-18.9549],"stabilizedTipPosition":[6.22658,225.663,8.02379],"timeVisible":1.01229,"tipPosition":[6.86866,234.745,1.44778],"tipVelocity":[15.2741,157.79,-80.8222],"tool":false,"touchDistance":0.33333