{"sensorType":"Leap","data":[[0,{"currentFrameRate":51.1797,"devices":[],"gestures":[],"hands":[{"armBasis":[[0.902378,-0.266565,-0.338611],[0.354868,0.90544,0.232911],[0.244506,-0.330336,0.911644]],"armWidth":63.325,"confidence":0.749638,"direction":[0.0531711,0.617491,-0.784779],"elbow":[72.3557,144.314,314.033],"grabStrength":0,"id":434,"palmNormal":[-0.363439,-0.720025,-0.591165],"palmPosition":[0.99557,265.398,26.1721],"palmVelocity":[153.256,214.715,-255.633],"palmWidth":90.4259,"pinchStrength":0.687174,"r":[[0.899917,0.189205,0.392875],[-0.241856,0.966254,0.0886556],[-0.362842,-0.174802,0.915309]],"s":1.64777,"sphereCenter":[-10.4921,242.179,-14.5383],"sphereRadius":46.6177,"stabilizedPalmPosition":[-4.87724,258.03,35.3259],"t":[96.7621,13.2588,-117.408],"timeVisible":2.60255,"type":"right","wrist":[6.74841,232.952,69.4153]}],"id":1434933,"interactionBox":{"center":[0,200,0],"size":[235.247,235.247,147.751]},"pointables":[{"bases":[[[0.709715,0.637082,0.300718],[-0.606754,0.33586,0.72045],[0.357987,-0.693775,0.624917]],[[0.586879,0.800575,0.12105],[-0.680188,0.406381,0.610081],[0.439223,-0.440381,0.783038]],[[0.586879,0.800575,0.12105],[-0.809269,0.575263,0.11898],[0.0256165,-0.167789,0.98549]],[[0.586879,0.800575,0.12105],[-0.525881,0.49057,-0.694831],[-0.615647,0.344124,0.708913]]],"btipPosition":[-32.0222,251.623,-17.7132],"carpPosition":[-23.6842,232.095,71.0126],"dipPosition":[-46.3412,259.627,-1.22497],"direction":[-0.0256165,0.167789,-0.98549],"extended":false,"handId":434,"id":4340,"length":51.7933,"mcpPosition":[-23.6842,232.095,71.0126],"pipPosition":[-45.4732,253.942,32.1676],"stabilizedTipPosition":[-57.9933,245.168,19.5355],"timeVisible":2.60255,"tipPosition":[-36.9126,255.822,-13.9034],"tipVelocity":[206.698,221.948,-239.709],"tool":false,"touchDistance":-0.861848,"touchZone":"hovering","type":0,"width":20.1245},{"bases":[[[0.925823,-0.208479,-0.315259],[0.344028,0.810244,0.474499],[0.156514,-0.54776,0.821865]],[[0.936984,-0.263478,-0.229435],[0.31966,0.911547,0.258651],[0.140992,-0.315693,0.938328]],[[0.936984,-0.263478,-0.229435],[0.290847,0.9521,0.0944087],[0.193571,-0.15519,0.968734]],[[0.936984,-0.263478,-0.229435],[0.26476,0.96397,-0.0257544],[0.227955,-0.0366139,0.972983]]],"btipPosition":[-34.5847,307.992,-67.28],"carpPosition":[-8.60128,250.115,72.6629],"dipPosition":[-30.7141,307.371,-50.759],"direction":[-0.193571,0.15519,-0.968734],"extended":true,"handId":434,"id":4341,"length":58.4429,"mcpPosition":[-20.0446,290.164,12.5734],"pipPosition":[-26.0644,303.643,-27.4895],"stabilizedTipPosition":[-38.1268,300.74,-58.7481],"timeVisible":2.60255,"tipPosition":[-32.801,309.109,-63.0651],"tipVelocity":[223.742,375.163,-224.436],"tool":false,"touchDistance":-1,"touchZone":"touching","type":1,"width":19.2229},{"bases":[[[0.866152,-0.415618,-0.277564],[0.498949,0.751111,0.432298],[0.0288106,-0.512926,0.857949]],[[0.864542,-0.396781,-0.308435],[0.057011,0.687197,-0.724231],[0.499317,0.608544,0.616731]],[[0.864542,-0.396781,-0.308435],[-0.469225,-0.417496,-0.778155],[0.179987,0.817473,-0.547123]],[[0.864542,-0.396781,-0.308435],[-0.489987,-0.801918,-0.341818],[-0.111713,0.446645,-0.88771]]],"btipPosition":[-25.8193,224.254,12.1796],"carpPosition":[3.09648,249.283,69.1681],"dipPosition":[-27.9056,232.595,-4.39882],"direction":[-0.179987,-0.817473,0.547123],"extended":false,"handId":434,"id":4342,"length":66.591,"mcpPosition":[1.09888,284.847,9.68183],"pipPosition":[-22.8192,255.697,-19.8606],"stabilizedTipPosition":[-43.056,209.416,41.3775],"timeVisible":2.60255,"tipPosition":[-25.9409,227.128,8.53247],"tipVelocity":[101.816,259.378,-267.131],"tool":false,"touchDistance":0.333333,"touchZone":"none","type":2,"width":18.8794},{"bases":[[[0.820857,-0.542001,-0.180078],[0.560221,0.702764,0.438492],[-0.111111,-0.460823,0.880509]],[[0.82496,-0.521141,-0.218752],[0.165034,0.592286,-0.788645],[0.540559,0.6145,0.574618]],[[0.82496,-0.521141,-0.218752],[-0.481066,-0.444284,-0.755769],[0.296674,0.728714,-0.61722]],[[0.82496,-0.521141,-0.218752],[-0.565077,-0.768267,-0.300755],[-0.0113247,0.371722,-0.928275]]],"btipPosition":[-11.0003,219.762,19.3842],"carpPosition":[14.0423,245.324,65.4833],"dipPosition":[-11.2106,226.664,2.14784],"direction":[-0.296674,-0.728714,0.61722],"extended":false,"handId":434,"id":4343,"length":64.0291,"mcpPosition":[20.9592,274.011,10.6701],"pipPosition":[-3.04309,246.726,-14.8444],"stabilizedTipPosition":[-21.8013,208.885,34.5833],"timeVisible":2.60255,"tipPosition":[-10.8452,222.086,14.862],"tipVelocity":[96.7346,232.276,-251.327],"tool":false,"touchDistance":0.333333,"touchZone":"none","type":3,"width":17.965},{"bases":[[[0.698556,-0.70031,-0.146918],[0.669042,0.566416,0.481202],[-0.253774,-0.434441,0.864211]],[[0.706863,-0.684969,-0.176525],[0.342522,0.549805,-0.761835],[0.618888,0.47805,0.623254]],[[0.706863,-0.684969,-0.176525],[-0.514005,-0.325955,-0.793443],[0.485945,0.651591,-0.582483]],[[0.706863,-0.684969,-0.176525],[-0.696121,-0.629342,-0.345462],[0.125536,0.367077,-0.921681]]],"btipPosition":[3.4837,224.083,16.127],"carpPosition":[22.2035,234.8,60.7185],"dipPosition":[5.63413,230.371,0.338686],"direction":[-0.485945,-0.651591,0.582483],"extended":false,"handId":434,"id":4344,"length":50.1976,"mcpPosition":[36.8274,259.835,10.9178],"pipPosition":[15.0797,243.037,-10.9834],"stabilizedTipPosition":[-1.6984,216.336,24.907],"timeVisible":2.60255,"tipPosition":[4.17182,226.438,12.4604],"tipVelocity":[97.0079,214.449,-274.997],"tool":false,"touchDistance":0.333333,"touchZone":"none","type":4,"width":15.9579}],"r":[[0.899917,0.189205,0.392875],[-0.241856,0.966254,0.0886556],[-0.362842,-0.174802,0.915309]],"s":1.64777,"t":[96.7621,13.2588,-117.408],"timestamp":89112845626},false],[1,{"currentFrameRate":51.533,"devices":[],"gestures":[],"hands":[{"armBasis":[[0.879636,-0.332149,-0.340468],[0.409975,0.892376,0.188642],[0.241168,-0.305519,0.921138]],"armWidth":63.325,"confidence":0.756843,"direction":[0.0727822,0.611594,-0.787817],"elbow":[73.1181,153.04,312.459],"grabStrength":0,"id":434,"palmNormal":[-0.419016,-0.698065,-0.580629],"palmPosition":[3.65712,267.665,22.079],"palmVelocity":[150.322,172.188,-241.637],"palmWidth":90.4259,"pinchStrength":0.706833,"r":[[0.897962,0.157247,0.41102],[-0.216653,0.970919,0.101873],[-0.383047,-0.180526,0.905917]],"s":1.64582,"sphereCenter":[-10.7476,245.886,-17.8699],"sphereRadius":46.405,"stabilizedPalmPosition":[-2.25973,260.985,31.263],"t":[99.4608,16.342,-121.76],"timeVisible":2.62064,"type":"right","wrist":[8.40642,235.019,65.2936]}],"id":1434934,"interactionBox":{"center":[0,200,0],"size":[235.247,235.247,147.751]},"pointables":[{"bases":[[[0.753174,0.59387,0.282925],[-0.569399,0.37318,0.732476],[0.329414,-0.712779,0.619219]],[[0.63179,0.768729,0.0994791],[-0.642245,0.447287,0.622459],[0.434007,-0.457154,0.776305]],[[0.63179,0.768729,0.0994791],[-0.774359,0.620178,0.12549],[0.0347732,-0.156316,0.987095]],[[0.63179,0.768729,0.0994791],[-0.472543,0.483701,-0.736706],[-0.614446,0.418436,0.668855]]],"btipPosition":[-30.3973,254.24,-19.9527],"carpPosition":[-21.9799,235.997,67.5619],"dipPosition":[-44.6884,263.972,-4.39609],"direction":[-0.0347732,0.156316,-0.987095],"extended":false,"handId":434,"id":4340,"length":51.7933,"mcpPosition":[-21.9799,235.997,67.5619],"pipPosition":[-43.5102,258.675,29.0509],"stabilizedTipPosition":[-50.4258,248.689,8.35648],"timeVisible":2.62064,"tipPosition":[-35.0345,258.931,-16.5496],"tipVelocity":[151.274,195.609,-190.201],"tool":false,"touchDistance":-0.840803,"touchZone":"hovering","type":0,"width":20.1245},{"bases":[[[0.904429,-0.264393,-0.33482],[0.402482,0.789053,0.464117],[0.141481,-0.55452,0.820055]],[[0.914071,-0.318813,-0.250663],[0.380284,0.888558,0.256612],[0.140917,-0.329884,0.933444]],[[0.914071,-0.318813,-0.250663],[0.351451,0.931135,0.0973168],[0.202375,-0.17705,0.963171]],[[0.914071,-0.318813,-0.250663],[0.324324,0.945731,-0.0201695],[0.24349,-0.0628598,0.967864]]],"btipPosition":[-31.1655,313.029,-70.5613],"carpPosition":[-5.80918,253.081,68.8202],"dipPosition":[-27.0312,311.961,-54.1273],"direction":[-0.202375,0.17705,-0.963171],"extended":true,"handId":434,"id":4341,"length":58.4429,"mcpPosition":[-16.1534,293.624,8.86302],"pipPosition":[-22.17,307.708,-30.9914],"stabilizedTipPosition":[-33.5111,307.765,-63.4345],"timeVisible":2.62064,"tipPosition":[-29.4374,313.521,-66.4853],"tipVelocity":[208.793,326.419,-204.466],"tool":false,"touchDistance":-1,"touchZone":"touching","type":1,"width":19.2229},{"bases":[[[0.833274,-0.467495,-0.295132],[0.5526,0.720628,0.418721],[0.0169302,-0.512,0.858819]],[[0.832141,-0.448949,-0.325553],[0.0733966,0.67104,-0.73778],[0.549685,0.590042,0.591351]],[[0.832141,-0.448949,-0.325553],[-0.513473,-0.40199,-0.758122],[0.209489,0.798028,-0.565036]],[[0.832141,-0.448949,-0.325553],[-0.543748,-0.775899,-0.319874],[-0.108989,0.443199,-0.889773]]],"btipPosition":[-25.6521,227.946,9.78378],"carpPosition":[5.73728,251.54,65.0721],"dipPosition":[-27.6876,236.223,-6.83317],"direction":[-0.209489,-0.798028,0.565036],"extended":false,"handId":434,"id":4342,"length":66.591,"mcpPosition":[4.56342,287.039,5.52551],"pipPosition":[-21.7674,258.775,-22.8012],"stabilizedTipPosition":[-39.3399,213.899,33.6066],"timeVisible":2.62064,"tipPosition":[-25.832,230.747,5.76214],"tipVelocity":[58.0992,232.684,-203.294],"tool":false,"touchDistance":0.333333,"touchZone":"none","type":2,"width":18.8794},{"bases":[[[0.782639,-0.590729,-0.196252],[0.61098,0.668698,0.423729],[-0.119076,-0.451533,0.884273]],[[0.787103,-0.570389,-0.234788],[0.173914,0.570419,-0.802731],[0.591796,0.590999,0.548177]],[[0.787103,-0.570389,-0.234788],[-0.52805,-0.426371,-0.734419],[0.318797,0.702043,-0.636792]],[[0.787103,-0.570389,-0.234788],[-0.616654,-0.736529,-0.277962],[-0.0143824,0.363568,-0.931457]]],"btipPosition":[-11.0327,222.711,16.5996],"carpPosition":[16.3414,246.922,61.161],"dipPosition":[-11.2998,229.462,-0.695874],"direction":[-0.318797,-0.702043,0.636792],"extended":false,"handId":434,"id":4343,"length":64.0291,"mcpPosition":[23.7541,275.031,6.11357],"pipPosition":[-2.52323,248.789,-18.2269],"stabilizedTipPosition":[-19.3288,212.437,29.5118],"timeVisible":2.62064,"tipPosition":[-10.9383,224.941,11.8292],"tipVelocity":[49.5374,198.412,-205.348],"tool":false,"touchDistance":0.333333,"touchZone":"none","type":3,"width":17.965},{"bases":[[[0.651815,-0.741332,-0.159885],[0.712335,0.526141,0.464494],[-0.260223,-0.416656,0.871023]],[[0.660422,-0.726485,-0.189902],[0.35397,0.52424,-0.774518],[0.662229,0.444289,0.603373]],[[0.660422,-0.726485,-0.189902],[-0.552495,-0.298861,-0.778095],[0.50852,0.618791,-0.598754]],[[0.660422,-0.726485,-0.189902],[-0.740337,-0.587711,-0.326338],[0.125472,0.356112,-0.925981]]],"btipPosition":[3.43951,226.187,12.3578],"carpPosition":[23.7484,235.918,56.2533],"dipPosition":[5.58884,232.288,-3.50424],"direction":[-0.50852,-0.618791,0.598754],"extended":false,"handId":434,"id":4344,"length":50.1976,"mcpPosition":[38.744,259.928,6.05999],"pipPosition":[15.4732,244.315,-15.1425],"stabilizedTipPosition":[-0.587086,218.557,21.711],"timeVisible":2.62064,"tipPosition":[4.16559,228.447,8.58234],"tipVelocity":[49.708,166.629,-243.726],"tool":false,"touchDistance":0.333333,"touchZone":"none","type":4,"width":15.9579}],"r":[[0.897962,0.157247,0.41102],[-0.216653,0.970919,0.101873],[-0.383047,-0.180526,0.905917]],"s":1.64582,"t":[99.4608,16.342,-121.76],"timestamp":89112863721},false],[2,{"currentFrameRate":51.8488,"devices":[],"gestures":[],"hands":[{"armBasis":[[0.860795,-0.392372,-0.324155],[0.459921,0.872442,0.165281],[0.217955,-0.291359,0.931454]],"armWidth":63.325,"confidence":0.417505,"direction":[0.0906099,0.651734,-0.753016],"elbow":[67.8553,155.75,310.586],"grabStrength":0,"id":434,"palmNormal":[-0.475826,-0.635905,-0.60763],"palmPosition":[5.56464,269.306,19.5461],"palmVelocity":[128.867,133.329,-193.135],"palmWidth":90.4259,"pinchStrength":0.750376,"r":[[0.899331,0.115804,0.421655],[-0.184265,0.974861,0.125272],[-0.396548,-0.190357,0.898061]],"s":1.64285,"sphereCenter":[-11.5199,251.467,-20.7518],"sphereRadius":46.1435,"stabilizedPalmPosition":[0.00212815,263.39,27.8759],"t":[101.764,18.7042,-125.202],"timeVisible":2.63877,"type":"right","wrist":[9.37236,233.929,60.6528]}],"id":1434935,"interactionBox":{"center":[0,200,0],"size":[235.247,235.247,147.751]},"pointables":[{"bases":[[[0.795314,0.529609,0.294941],[-0.526647,0.362708,0.768821],[0.300197,-0.766784,0.567384]],[[0.671744,0.731819,0.114898],[-0.603599,0.450804,0.657605],[0.429451,-0.511094,0.74455]],[[0.671744,0.731819,0.114898],[-0.739354,0.652704,0.165329],[0.0459968,-0.196009,0.979523]],[[0.671744,0.731819,0.114898],[-0.4171,0.50183,-0.757756],[-0.612199,0.461094,0.642343]]],"btipPosition":[-29.4528,257.87,-21.2206],"carpPosition":[-20.8288,236.599,63.8454],"dipPosition":[-43.6916,268.595,-6.28069],"direction":[-0.0459968,0.196009,-0.979523],"extended":false,"handId":434,"id":4340,"length":51.7933,"mcpPosition":[-20.8288,236.599,63.8454],"pipPosition":[-42.1331,261.953,26.9097],"stabilizedTipPosition":[-43.7444,253.086,-1.51228],"timeVisible":2.63877,"tipPosition":[-33.8547,263.123,-17.8962],"tipVelocity":[104.384,203.85,-136.685],"tool":false,"touchDistance":-0.806203,"touchZone":"hovering","type":0,"width":20.1245},{"bases":[[[0.877653,-0.298066,-0.375341],[0.462022,0.734471,0.497079],[0.127514,-0.609679,0.782324]],[[0.885977,-0.35712,-0.295822],[0.44136,0.845118,0.301623],[0.142289,-0.397795,0.906373]],[[0.885977,-0.35712,-0.295822],[0.411595,0.899452,0.146885],[0.213622,-0.251896,0.943882]],[[0.885977,-0.35712,-0.295822],[0.382604,0.923387,0.0311629],[0.262029,-0.140792,0.954735]]],"btipPosition":[-28.5853,322.574,-69.1592],"carpPosition":[-3.60661,252.573,65.6215],"dipPosition":[-24.1361,320.184,-52.9482],"direction":[-0.213622,0.251896,-0.943883],"extended":true,"handId":434,"id":4341,"length":58.4429,"mcpPosition":[-12.9296,297.149,8.423],"pipPosition":[-19.0048,314.133,-30.2756],"stabilizedTipPosition":[-29.3655,317.702,-64.8255],"timeVisible":2.63877,"tipPosition":[-26.868,322.455,-65.1911],"tipVelocity":[179.075,413.782,-71.642],"tool":false,"touchDistance":-0.946177,"touchZone":"touching","type":1,"width":19.2229},{"bases":[[[0.795103,-0.498509,-0.345399],[0.606436,0.659942,0.443523],[0.00684333,-0.562108,0.827035]],[[0.794366,-0.478365,-0.374365],[0.089934,0.702126,-0.70635],[0.600745,0.527433,0.600767]],[[0.794366,-0.478365,-0.374365],[-0.558406,-0.332495,-0.76002],[0.239093,0.812782,-0.531245]],[[0.794366,-0.478365,-0.374365],[-0.597922,-0.724437,-0.343044],[-0.107103,0.496344,-0.861494]]],"btipPosition":[-26.2831,232.035,6.44207],"carpPosition":[7.72463,250.564,61.4608],"dipPosition":[-28.2833,241.304,-9.64677],"direction":[-0.239093,-0.812782,0.531245],"extended":false,"handId":434,"id":4342,"length":66.591,"mcpPosition":[7.25014,289.538,4.11789],"pipPosition":[-21.5265,264.273,-24.6598],"stabilizedTipPosition":[-36.1289,219.066,25.7389],"timeVisible":2.63877,"tipPosition":[-26.4963,235.023,2.39111],"tipVelocity":[14.0787,235.308,-191.104],"tool":false,"touchDistance":0.333333,"touchZone":"none","type":2,"width":18.8794},{"bases":[[[0.73945,-0.624115,-0.252375],[0.661602,0.604384,0.44385],[-0.124483,-0.495177,0.859828]],[[0.744172,-0.601949,-0.289596],[0.184003,0.601485,-0.777405],[0.642146,0.525236,0.558369]],[[0.744172,-0.601949,-0.289596],[-0.573957,-0.354411,-0.738218],[0.341733,0.715577,-0.609236]],[[0.744172,-0.601949,-0.289596],[-0.667756,-0.681804,-0.298741],[-0.0176212,0.415694,-0.909334]]],"btipPosition":[-11.9231,225.642,12.3254],"carpPosition":[17.9214,245.557,56.9871],"dipPosition":[-12.2503,233.36,-4.55925],"direction":[-0.341733,-0.715577,0.609236],"extended":false,"handId":434,"id":4343,"length":64.0291,"mcpPosition":[25.6706,276.382,3.46136],"pipPosition":[-2.84232,253.06,-21.3317],"stabilizedTipPosition":[-17.7511,215.661,24.977],"timeVisible":2.63877,"tipPosition":[-11.8645,228.091,7.61574],"tipVelocity":[2.20073,186.788,-217.383],"tool":false,"touchDistance":0.333333,"touchZone":"none","type":3,"width":17.965},{"bases":[[[0.600525,-0.768457,-0.221007],[0.754945,0.453816,0.473402],[-0.263492,-0.451137,0.85267]],[[0.609282,-0.752388,-0.250377],[0.361909,0.544801,-0.756448],[0.705548,0.370277,0.604233]],[[0.609282,-0.752388,-0.250377],[-0.591857,-0.221366,-0.77505],[0.527713,0.620411,-0.580181]],[[0.609282,-0.752388,-0.250377],[-0.783467,-0.522499,-0.336414],[0.122292,0.401132,-0.90782]]],"btipPosition":[2.54706,228.491,7.7022],"carpPosition":[24.5084,234.436,51.2425],"dipPosition":[4.64192,235.363,-7.84871],"direction":[-0.527713,-0.620411,0.580181],"extended":false,"handId":434,"id":4344,"length":50.1976,"mcpPosition":[39.6923,260.433,2.10675],"pipPosition":[14.8994,247.422,-19.126],"stabilizedTipPosition":[-0.0274172,220.339,18.9892],"timeVisible":2.63877,"tipPosition":[3.29105,230.887,3.95852],"tipVelocity":[2.2705,152.477,-248.112],"tool":false,"touchDistance":0.333333,"touchZone":"none","type":4,"width":15.9579}],"r":[[0.899331,0.115804,0.421655],[-0.184265,0.974861,0.125272],[-0.396548,-0.190357,0.898061]],"s":1.64285,"t":[101.764,18.7042,-125.202],"timestamp":89112881844},false],[3,{"currentFrameRate":52.1617,"devices":[],"gestures":[],"hands":[{"armBasis":[[0.84303,-0.426003,-0.328363],[0.488756,0.861593,0.137026],[0.224541,-0.276007,0.93456]],"armWidth":63.325,"confidence":0.483368,"direction":[0.10995,0.655829,-0.74686],"elbow":[70.5639,161.452,307.751],"grabStrength":0,"id":434,"palmNormal":[-0.504454,-0.610624,-0.610462],"palmPosition":[7.56065,271.448,16.2809],"palmVelocity":[120.268,126.462,-187.453],"palmWidth":90.4259,"pinchStrength":0.765655,"r":[[0.900626,0.0746086,0.428144],[-0.150677,0.977654,0.146591],[-0.40764,-0.196535,0.891742]],"s":1.64084,"sphereCenter":[-10.5626,255.024,-23.8546],"sphereRadius":46.0661,"stabilizedPalmPosition":[2.03859,265.561,24.7519],"t":[103.913,20.9564,-128.556],"timeVisible":2.65679,"type":"right","wrist":[10.3136,235.512,56.9845]}],"id":1434936,"interactionBox":{"center":[0,200,0],"size":[235.247,235.247,147.751]},"pointables":[{"bases":[[[0.817269,0.495517,0.294166],[-0.506544,0.374363,0.776702],[0.274744,-0.783783,0.556956]],[[0.695072,0.71033,0.110935],[-0.585622,0.469892,0.660491],[0.417039,-0.524054,0.742594]],[[0.695072,0.71033,0.110935],[-0.717297,0.67475,0.173774],[0.0485834,-0.200358,0.978517]],[[0.695072,0.71033,0.110935],[-0.381309,0.495047,-0.780726],[-0.609491,0.50036,0.614948]]],"btipPosition":[-27.8968,260.452,-23.8546],"carpPosition":[-19.7379,239.303,60.4431],"dipPosition":[-42.0726,272.09,-9.55186],"direction":[-0.0485834,0.200358,-0.978517],"extended":false,"handId":434,"id":4340,"length":51.7933,"mcpPosition":[-19.7379,239.303,60.4431],"pipPosition":[-40.4264,265.301,23.6044],"stabilizedTipPosition":[-38.6362,257.162,-9.24439],"timeVisible":2.65679,"tipPosition":[-32.0341,265.868,-20.6874],"tipVelocity":[96.2013,180.63,-145.02],"tool":false,"touchDistance":-0.795624,"touchZone":"hovering","type":0,"width":20.1245},{"bases":[[[0.862712,-0.327461,-0.385353],[0.493621,0.710829,0.501059],[0.109843,-0.622488,0.774882]],[[0.869341,-0.387293,-0.307003],[0.47629,0.822332,0.311316],[0.131888,-0.416862,0.899351]],[[0.869341,-0.387293,-0.307003],[0.448029,0.879805,0.158786],[0.208606,-0.275585,0.938369]],[[0.869341,-0.387293,-0.307003],[0.419478,0.906698,0.0440144],[0.261312,-0.167045,0.95069]]],"btipPosition":[-25.0115,327.352,-71.4858],"carpPosition":[-1.9016,254.585,62.2499],"dipPosition":[-20.5745,324.516,-55.3434],"direction":[-0.208606,0.275585,-0.938369],"extended":true,"handId":434,"id":4341,"length":58.4429,"mcpPosition":[-9.93258,300.098,5.59551],"pipPosition":[-15.5637,317.896,-32.8032],"stabilizedTipPosition":[-25.2402,324.608,-67.0879],"timeVisible":2.65679,"tipPosition":[-23.4087,326.916,-67.5923],"tipVelocity":[188.103,340.558,-99.2935],"tool":false,"touchDistance":-0.915028,"touchZone":"touching","type":1,"width":19.2229},{"bases":[[[0.772745,-0.5249,-0.356855],[0.634659,0.631395,0.445588],[-0.00857254,-0.570807,0.82104]],[[0.772573,-0.504631,-0.385329],[0.105449,0.700438,-0.70588],[0.626109,0.504711,0.594352]],[[0.772573,-0.504631,-0.385329],[-0.578774,-0.310196,-0.754187],[0.261059,0.805683,-0.531717]],[[0.772573,-0.504631,-0.385329],[-0.627329,-0.700288,-0.340669],[-0.097929,0.50492,-0.857593]]],"btipPosition":[-25.6333,235.391,3.62385],"carpPosition":[9.31258,252.188,57.9791],"dipPosition":[-27.4622,244.82,-12.3921],"direction":[-0.261059,-0.805683,0.531717],"extended":false,"handId":434,"id":4342,"length":66.591,"mcpPosition":[9.90696,291.766,1.05192],"pipPosition":[-20.0846,267.589,-27.4185],"stabilizedTipPosition":[-33.2754,224.304,18.4319],"timeVisible":2.65679,"tipPosition":[-25.858,238.386,-0.568112],"tipVelocity":[25.5334,212.984,-174.182],"tool":false,"touchDistance":0.333333,"touchZone":"none","type":2,"width":18.8794},{"bases":[[[0.713004,-0.649271,-0.264711],[0.687649,0.573762,0.4449],[-0.136979,-0.499243,0.855566]],[[0.718256,-0.6271,-0.301421],[0.196417,0.598342,-0.776793],[0.667479,0.498732,0.552936]],[[0.718256,-0.6271,-0.301421],[-0.59512,-0.329261,-0.733089],[0.360474,0.705927,-0.609693]],[[0.718256,-0.6271,-0.301421],[-0.695692,-0.654139,-0.296841],[-0.0110224,0.422904,-0.906107]]],"btipPosition":[-11.5544,228.489,9.17055],"carpPosition":[19.2755,246.842,53.373],"dipPosition":[-11.759,236.341,-7.65421],"direction":[-0.360474,-0.705927,0.609693],"extended":false,"handId":434,"id":4343,"length":64.0291,"mcpPosition":[27.8027,277.92,0.112566],"pipPosition":[-1.8351,255.775,-24.4392],"stabilizedTipPosition":[-16.4862,218.671,20.9298],"timeVisible":2.65679,"tipPosition":[-11.4896,230.943,4.40706],"tipVelocity":[11.6009,173.918,-196.934],"tool":false,"touchDistance":0.333333,"touchZone":"none","type":3,"width":17.965},{"bases":[[[0.568872,-0.788507,-0.233756],[0.775355,0.419416,0.472139],[-0.274244,-0.449831,0.849966]],[[0.578048,-0.772418,-0.263117],[0.372894,0.536854,-0.756794],[0.725817,0.339348,0.598358]],[[0.578048,-0.772418,-0.263117],[-0.608204,-0.192865,-0.769994],[0.544012,0.605122,-0.581273]],[[0.578048,-0.772418,-0.263117],[-0.805723,-0.489259,-0.333821],[0.129118,0.404964,-0.90517]]],"btipPosition":[2.89925,230.837,4.25851],"carpPosition":[25.387,235.539,47.4607],"dipPosition":[5.11103,237.774,-11.247],"direction":[-0.544012,-0.605122,0.581273],"extended":false,"handId":434,"id":4344,"length":50.1976,"mcpPosition":[41.1905,261.461,-1.51923],"pipPosition":[15.6853,249.536,-22.5455],"stabilizedTipPosition":[0.414029,221.893,16.638],"timeVisible":2.65679,"tipPosition":[3.67968,233.212,0.460838],"tipVelocity":[11.1673,142.287,-220.777],"tool":false,"touchDistance":0.333333,"touchZone":"none","type":4,"width":15.9579}],"r":[[0.900626,0.0746086,0.428144],[-0.150677,0.977654,0.146591],[-0.40764,-0.196535,0.891742]],"s":1.64084,"t":[103.913,20.9564,-128.556],"timestamp":89112899869},false],[4,{"currentFrameRate":52.433,"devices":[],"gestures":[],"hands":[{"armBasis":[[0.838059,-0.443728,-0.31743],[0.503187,0.853506,0.135387],[0.210853,-0.273189,0.938567]],"armWidth":63.325,"confidence":0.525788,"direction":[0.122464,0.654184,-0.746355],"elbow":[67.9268,164.494,305.748],"grabStrength":0,"id":434,"palmNormal":[-0.514305,-0.601335,-0.611462],"palmPosition":[9.28312,273.799,13.2183],"palmVelocity":[108.378,128.134,-178.852],"palmWidth":90.4259,"pinchStrength":0.759549,"r":[[0.900651,0.0383103,0.432852],[-0.12041,0.979103,0.163885],[-0.417528,-0.199723,0.886443]],"s":1.64077,"sphereCenter":[-9.12239,257.878,-26.8632],"sphereRadius":46.109,"stabilizedPalmPosition":[3.90091,267.679,21.787],"t":[105.849,23.2578,-131.764],"timeVisible":2.67487,"type":"right","wrist":[11.3493,237.798,53.9059]}],"id":1434937,"interactionBox":{"center":[0,200,0],"size":[235.247,235.247,147.751]},"pointables":[{"bases":[[[0.825467,0.480909,0.295517],[-0.500913,0.382808,0.776237],[0.260173,-0.788787,0.556889]],[[0.706713,0.698659,0.111499],[-0.578285,0.479629,0.659957],[0.407607,-0.530878,0.742984]],[[0.706713,0.698659,0.111499],[-0.705908,0.685745,0.177334],[0.0474364,-0.204032,0.977814]],[[0.706713,0.698659,0.111499],[-0.36986,0.499177,-0.783598],[-0.603125,0.51254,0.611181]]],"btipPosition":[-26.4355,263.444,-26.8788],"carpPosition":[-18.6354,242.116,57.3269],"dipPosition":[-40.4633,275.365,-12.6636],"direction":[-0.0474364,0.204032,-0.977814],"extended":false,"handId":434,"id":4340,"length":51.7933,"mcpPosition":[-18.6354,242.116,57.3269],"pipPosition":[-38.856,268.452,20.4688],"stabilizedTipPosition":[-34.9344,260.884,-15.1698],"timeVisible":2.67487,"tipPosition":[-30.387,268.765,-23.7494],"tipVelocity":[89.7792,175.136,-156.11],"tool":false,"touchDistance":-0.79006,"touchZone":"hovering","type":0,"width":20.1245},{"bases":[[[0.85733,-0.342385,-0.384392],[0.505382,0.701772,0.5021],[0.0978443,-0.624731,0.774686]],[[0.862795,-0.402075,-0.306465],[0.490641,0.812103,0.315848],[0.121886,-0.422877,0.897953]],[[0.862795,-0.402075,-0.306465],[0.464016,0.870448,0.164344],[0.200683,-0.283999,0.937588]],[[0.862795,-0.402075,-0.306465],[0.436375,0.898381,0.0498781],[0.255268,-0.176768,0.950574]]],"btipPosition":[-22.0482,330.636,-74.4753],"carpPosition":[-0.535461,257.081,59.1656],"dipPosition":[-17.7138,327.634,-58.3348],"direction":[-0.200683,0.283999,-0.937588],"extended":true,"handId":434,"id":4341,"length":58.4429,"mcpPosition":[-7.6892,302.757,2.52558],"pipPosition":[-12.8933,320.812,-35.8135],"stabilizedTipPosition":[-21.9174,328.842,-70.0031],"timeVisible":2.67487,"tipPosition":[-20.5652,330.019,-70.6259],"tipVelocity":[175.967,263.989,-130.69],"tool":false,"touchDistance":-0.896708,"touchZone":"touching","type":1,"width":19.2229},{"bases":[[[0.763866,-0.538225,-0.356121],[0.645074,0.619899,0.446772],[-0.0197048,-0.570998,0.820715]],[[0.76409,-0.51813,-0.384326],[0.115589,0.696073,-0.708605],[0.634669,0.497015,0.591753]],[[0.76409,-0.51813,-0.384326],[-0.584319,-0.303398,-0.752676],[0.273381,0.799682,-0.534577]],[[0.76409,-0.51813,-0.384326],[-0.638857,-0.690485,-0.339253],[-0.0895944,0.504749,-0.858604]]],"btipPosition":[-24.4475,238.246,0.799792],"carpPosition":[10.6405,254.489,54.9083],"dipPosition":[-26.1207,247.673,-15.2351],"direction":[-0.273381,-0.799682,0.534577],"extended":false,"handId":434,"id":4342,"length":66.591,"mcpPosition":[12.0067,294.08,-1.99635],"pipPosition":[-18.3949,270.272,-30.3423],"stabilizedTipPosition":[-30.7448,229.132,12.0417],"timeVisible":2.67487,"tipPosition":[-24.6638,241.204,-3.46005],"tipVelocity":[45.5086,186.785,-165.735],"tool":false,"touchDistance":0.333333,"touchZone":"none","type":2,"width":18.8794},{"bases":[[[0.701824,-0.661575,-0.264124],[0.697043,0.561343,0.446122],[-0.146879,-0.497205,0.85511]],[[0.707488,-0.639596,-0.300628],[0.203414,0.591672,-0.780094],[0.676819,0.490755,0.548704]],[[0.707488,-0.639596,-0.300628],[-0.602316,-0.32317,-0.729915],[0.369697,0.69748,-0.613878]],[[0.707488,-0.639596,-0.300628],[-0.706706,-0.643404,-0.294275],[-0.00520827,0.420652,-0.907207]]],"btipPosition":[-10.4762,231.119,6.46187],"carpPosition":[20.514,248.97,50.3124],"dipPosition":[-10.573,238.93,-10.3833],"direction":[-0.369697,-0.69748,0.613878],"extended":false,"handId":434,"id":4343,"length":64.0291,"mcpPosition":[29.6574,279.922,-2.91965],"pipPosition":[-0.395102,258.131,-27.2835],"stabilizedTipPosition":[-15.2469,221.619,17.1336],"timeVisible":2.67487,"tipPosition":[-10.4151,233.532,1.63436],"tipVelocity":[35.0785,160.138,-174.649],"tool":false,"touchDistance":0.333333,"touchZone":"none","type":3,"width":17.965},{"bases":[[[0.555224,-0.798269,-0.233436],[0.781984,0.405463,0.473393],[-0.283245,-0.445382,0.849357]],[[0.564704,-0.782358,-0.262725],[0.377622,0.528006,-0.760665],[0.733833,0.33034,0.593603]],[[0.564704,-0.782358,-0.262725],[-0.614361,-0.185943,-0.766802],[0.551063,0.594424,-0.585653]],[[0.564704,-0.782358,-0.262725],[-0.814287,-0.47637,-0.331676],[0.134336,0.401232,-0.906072]]],"btipPosition":[3.95637,233.195,1.50265],"carpPosition":[26.4335,237.565,44.402],"dipPosition":[6.25753,240.068,-14.0183],"direction":[-0.551063,-0.594424,0.585653],"extended":false,"handId":434,"id":4344,"length":50.1976,"mcpPosition":[42.7557,263.231,-4.54277],"pipPosition":[16.9688,251.622,-25.402],"stabilizedTipPosition":[0.909836,223.462,14.3603],"timeVisible":2.67487,"tipPosition":[4.7434,235.522,-2.40003],"tipVelocity":[34.1868,136.252,-188.369],"tool":false,"touchDistance":0.333333,"touchZone":"none","type":4,"width":15.9579}],"r":[[0.900651,0.0383103,0.432852],[-0.12041,0.979103,0.163885],[-0.417528,-0.199723,0.886443]],"s":1.64077,"t":[105.849,23.2578,-131.764],"timestamp":89112917952},false],[5,{"currentFrameRate":52.6842,"devices":[],"gestures":[],"hands":[{"armBasis":[[0.836121,-0.458765,-0.300727],[0.513796,0.846999,0.136408],[0.192136,-0.268566,0.943905]],"armWidth":63.325,"confidence":0.559065,"direction":[0.130705,0.653387,-0.745655],"elbow":[63.9404,167.807,304.07],"grabStrength":0,"id":434,"palmNormal":[-0.521698,-0.594229,-0.612146],"palmPosition":[10.7732,275.936,10.146],"palmVelocity":[96.0658,123.46,-174.658],"palmWidth":90.4259,"pinchStrength":0.757286,"r":[[0.89986,0.00687794,0.436124],[-0.0937749,0.979545,0.178039],[-0.425978,-0.201108,0.882099]],"s":1.64153,"sphereCenter":[-7.8311,260.412,-29.8858],"sphereRadius":46.1283,"stabilizedPalmPosition":[5.5523,269.663,18.9897],"t":[107.563,25.4773,-134.905],"timeVisible":2.69294,"type":"right","wrist":[12.3852,239.87,50.796]}],"id":1434938,"interactionBox":{"center":[0,200,0],"size":[235.247,235.247,147.751]},"pointables":[{"bases":[[[0.83137,0.47026,0.296107],[-0.496187,0.388216,0.776586],[0.250244,-0.792555,0.556089]],[[0.71454,0.69069,0.111267],[-0.573478,0.48718,0.658619],[0.400694,-0.534418,0.744205]],[[0.71454,0.69069,0.111267],[-0.698014,0.693166,0.179714],[0.0470003,-0.206079,0.977406]],[[0.71454,0.69069,0.111267],[-0.360869,0.500139,-0.787169],[-0.599339,0.52231,0.606618]]],"btipPosition":[-25.0742,265.904,-29.9279],"carpPosition":[-17.5436,244.558,54.2184],"dipPosition":[-39.0139,278.052,-15.8188],"direction":[-0.0470003,0.206079,-0.977406],"extended":false,"handId":434,"id":4340,"length":51.7933,"mcpPosition":[-17.5436,244.558,54.2184],"pipPosition":[-37.4213,271.07,17.2998],"stabilizedTipPosition":[-32.3212,263.953,-19.6911],"timeVisible":2.69294,"tipPosition":[-28.9255,271.207,-26.8138],"tipVelocity":[83.4508,157.984,-162.751],"tool":false,"touchDistance":-0.785489,"touchZone":"hovering","type":0,"width":20.1245},{"bases":[[[0.853036,-0.352654,-0.384662],[0.514042,0.694884,0.502888],[0.08995,-0.626714,0.77404]],[[0.857744,-0.412264,-0.307106],[0.501035,0.804127,0.319913],[0.115064,-0.428274,0.896293]],[[0.857744,-0.412264,-0.307106],[0.475486,0.86332,0.169093],[0.19542,-0.291063,0.936533]],[[0.857744,-0.412264,-0.307106],[0.448402,0.892154,0.0547389],[0.251419,-0.184659,0.9501]]],"btipPosition":[-19.711,333.528,-77.4147],"carpPosition":[0.741403,259.294,56.0747],"dipPosition":[-15.442,330.393,-61.2823],"direction":[-0.19542,0.291063,-0.936533],"extended":true,"handId":434,"id":4341,"length":58.4429,"mcpPosition":[-5.83516,305.115,-0.518118],"pipPosition":[-10.7479,323.401,-38.7863],"stabilizedTipPosition":[-19.4332,331.931,-72.887],"timeVisible":2.69294,"tipPosition":[-18.3266,332.77,-73.6041],"tipVelocity":[153.418,213.809,-145.932],"tool":false,"touchDistance":-0.87949,"touchZone":"touching","type":1,"width":19.2229},{"bases":[[[0.757132,-0.547342,-0.356606],[0.652707,0.611332,0.447489],[-0.0269247,-0.571567,0.820113]],[[0.75761,-0.527372,-0.384586],[0.1219,0.693172,-0.71039],[0.641224,0.491317,0.58944]],[[0.75761,-0.527372,-0.384586],[-0.588923,-0.298264,-0.751138],[0.281421,0.795561,-0.536549]],[[0.75761,-0.527372,-0.384586],[-0.647212,-0.683275,-0.338012],[-0.0845203,0.50499,-0.858977]]],"btipPosition":[-23.3387,240.749,-2.07747],"carpPosition":[11.8846,256.568,51.8158],"dipPosition":[-24.9171,250.18,-18.1193],"direction":[-0.281421,-0.795561,0.536549],"extended":false,"handId":434,"id":4342,"length":66.591,"mcpPosition":[13.7515,296.198,-5.04711],"pipPosition":[-16.9642,272.663,-33.2822],"stabilizedTipPosition":[-28.6438,233.245,6.72916],"timeVisible":2.69294,"tipPosition":[-23.5553,243.678,-6.38183],"tipVelocity":[53.6128,163.877,-162.686],"tool":false,"touchDistance":0.333333,"touchZone":"none","type":2,"width":18.8794},{"bases":[[[0.693545,-0.670004,-0.264745],[0.703942,0.552133,0.446783],[-0.153172,-0.496229,0.854573]],[[0.699471,-0.648125,-0.301122],[0.209974,0.589131,-0.780279],[0.683119,0.482555,0.548169]],[[0.699471,-0.648125,-0.301122],[-0.606674,-0.315791,-0.729536],[0.377738,0.692972,-0.614087]],[[0.699471,-0.648125,-0.301122],[-0.714661,-0.634495,-0.294408],[-0.00024685,0.42113,-0.907]]],"btipPosition":[-9.50269,233.498,3.42374],"carpPosition":[21.689,250.931,47.2152],"dipPosition":[-9.50727,241.318,-13.4176],"direction":[-0.377739,-0.692972,0.614087],"extended":false,"handId":434,"id":4343,"length":64.0291,"mcpPosition":[31.2242,281.822,-5.98342],"pipPosition":[0.89197,260.395,-30.3236],"stabilizedTipPosition":[-14.0913,224.371,13.5956],"timeVisible":2.69294,"tipPosition":[-9.42126,235.891,-1.38761],"tipVelocity":[44.5666,146.663,-171.529],"tool":false,"touchDistance":0.333333,"touchZone":"none","type":3,"width":17.965},{"bases":[[[0.545246,-0.804891,-0.234216],[0.786928,0.395177,0.473899],[-0.28888,-0.442703,0.84886]],[[0.554977,-0.788983,-0.263641],[0.37592,0.520587,-0.766599],[0.742081,0.326337,0.585509]],[[0.554977,-0.788983,-0.263641],[-0.622133,-0.18327,-0.761159],[0.552224,0.586445,-0.592563]],[[0.554977,-0.788983,-0.263641],[-0.820862,-0.468027,-0.327318],[0.134858,0.398067,-0.90739]]],"btipPosition":[4.99271,235.285,-1.13596],"carpPosition":[27.4665,239.459,41.2935],"dipPosition":[7.30281,242.103,-16.6795],"direction":[-0.552224,-0.586445,0.592563],"extended":false,"handId":434,"id":4344,"length":50.1976,"mcpPosition":[44.1134,264.97,-7.6227],"pipPosition":[18.0367,253.503,-28.1975],"stabilizedTipPosition":[1.47171,225.092,12.0379],"timeVisible":2.69294,"tipPosition":[5.75837,237.575,-5.17973],"tipVelocity":[45.2458,126.125,-168.387],"tool":false,"touchDistance":0.333333,"touchZone":"none","type":4,"width":15.9579}],"r":[[0.89986,0.00687794,0.436124],[-0.0937749,0.979545,0.178039],[-0.425978,-0.201108,0.882099]],"s":1.64153,"t":[107.563,25.4773,-134.905],"timestamp":89112936022},false],[6,{"currentFrameRate":52.8622,"devices":[],"gestures":[],"hands":[{"armBasis":[[0.830154,-0.47195,-0.29683],[0.527733,0.836891,0.145298],[0.179841,-0.277267,0.943812]],"armWidth":63.325,"confidence":0.589419,"direction":[0.146299,0.657869,-0.738786],"elbow":[60.6124,167.827,300.719],"grabStrength":0,"id":434,"palmNormal":[-0.528858,-0.579125,-0.620422],"palmPosition":[11.604,278.691,7.15295],"palmVelocity":[71.8319,136.52,-169.453],"palmWidth":90.4259,"pinchStrength":0.751661,"r":[[0.898057,-0.0222912,0.439315],[-0.069216,0.979113,0.191174],[-0.4344,-0.202092,0.877756]],"s":1.64305,"sphereCenter":[-7.09104,264.074,-33.0081],"sphereRadius":46.1326,"stabilizedPalmPosition":[6.95537,271.756,16.2454],"t":[108.834,27.9642,-137.971],"timeVisible":2.71122,"type":"right","wrist":[12.3565,242.225,47.4699]}],"id":1434939,"interactionBox":{"center":[0,200,0],"size":[235.247,235.247,147.751]},"pointables":[{"bases":[[[0.837979,0.45261,0.304853],[-0.493396,0.389742,0.7776],[0.233136,-0.802026,0.549911]],[[0.725069,0.678107,0.120189],[-0.569804,0.492692,0.657707],[0.386779,-0.545367,0.743624]],[[0.725069,0.678107,0.120189],[-0.687473,0.702384,0.18449],[0.0406849,-0.216394,0.975458]],[[0.725069,0.678107,0.120189],[-0.344943,0.508649,-0.788854],[-0.596062,0.530515,0.602714]]],"btipPosition":[-24.205,269.461,-33.1808],"carpPosition":[-17.5025,247.413,50.7799],"dipPosition":[-38.0685,281.8,-19.1625],"direction":[-0.0406849,0.216394,-0.975458],"extended":false,"handId":434,"id":4340,"length":51.7933,"mcpPosition":[-17.5025,247.413,50.7799],"pipPosition":[-36.6899,274.467,13.8901],"stabilizedTipPosition":[-30.4386,267.142,-23.6131],"timeVisible":2.71122,"tipPosition":[-27.9437,274.737,-30.0521],"tipVelocity":[66.725,176.678,-170.604],"tool":false,"touchDistance":-0.784381,"touchZone":"hovering","type":0,"width":20.1245},{"bases":[[[0.848702,-0.364187,-0.383501],[0.523578,0.680913,0.512078],[0.0746385,-0.635394,0.768573]],[[0.851938,-0.42421,-0.306997],[0.513931,0.789755,0.334906],[0.100381,-0.443094,0.890837]],[[0.851938,-0.42421,-0.306997],[0.490966,0.850959,0.186606],[0.182081,-0.309702,0.933237]],[[0.851938,-0.42421,-0.306997],[0.465625,0.881926,0.0734907],[0.239573,-0.205555,0.948869]]],"btipPosition":[-17.1536,338.107,-79.8866],"carpPosition":[1.03097,261.803,52.8701],"dipPosition":[-13.0857,334.617,-63.7751],"direction":[-0.182081,0.309702,-0.933237],"extended":true,"handId":434,"id":4341,"length":58.4429,"mcpPosition":[-4.42611,308.259,-3.32295],"pipPosition":[-8.712,327.177,-41.3582],"stabilizedTipPosition":[-16.924,336.124,-75.4576],"timeVisible":2.71122,"tipPosition":[-15.937,337.098,-76.1324],"tipVelocity":[145.757,229.271,-140.949],"tool":false,"touchDistance":-0.857024,"touchZone":"touching","type":1,"width":19.2229},{"bases":[[[0.749207,-0.55739,-0.357778],[0.661035,0.595425,0.45662],[-0.0414855,-0.578607,0.814551]],[[0.750183,-0.537456,-0.385185],[0.133764,0.693834,-0.707602],[0.647559,0.479307,0.592395]],[[0.750183,-0.537456,-0.385185],[-0.591921,-0.286208,-0.753468],[0.294713,0.793238,-0.53284]],[[0.750183,-0.537456,-0.385185],[-0.65713,-0.670752,-0.343908],[-0.0735284,0.51111,-0.856364]]],"btipPosition":[-22.9513,244.115,-5.15874],"carpPosition":[12.1468,258.918,48.6441],"dipPosition":[-24.3245,253.66,-21.1518],"direction":[-0.294713,-0.793238,0.53284],"extended":false,"handId":434,"id":4342,"length":66.591,"mcpPosition":[15.0233,299.036,-7.83324],"pipPosition":[-15.9959,276.077,-36.2099],"stabilizedTipPosition":[-27.0132,237.207,2.00836],"timeVisible":2.71122,"tipPosition":[-23.1533,247.052,-9.53631],"tipVelocity":[39.3273,174.282,-165.231],"tool":false,"touchDistance":0.333333,"touchZone":"none","type":2,"width":18.8794},{"bases":[[[0.682958,-0.679751,-0.267408],[0.711214,0.535332,0.455625],[-0.166559,-0.501357,0.849058]],[[0.689458,-0.657683,-0.303481],[0.222536,0.591055,-0.775327],[0.689293,0.46702,0.553866]],[[0.689458,-0.657683,-0.303481],[-0.609341,-0.300123,-0.733914],[0.391601,0.690927,-0.607675]],[[0.689458,-0.657683,-0.303481],[-0.724242,-0.61959,-0.302625],[0.0109973,0.428441,-0.903503]]],"btipPosition":[-9.34865,236.648,0.0993565],"carpPosition":[21.8743,253.151,44.0419],"dipPosition":[-9.14445,244.603,-16.677],"direction":[-0.391601,-0.690926,0.607675],"extended":false,"handId":434,"id":4343,"length":64.0291,"mcpPosition":[32.2429,284.361,-8.81341],"pipPosition":[1.63643,263.625,-33.4065],"stabilizedTipPosition":[-13.1209,227.229,10.0792],"timeVisible":2.71122,"tipPosition":[-9.22079,239.059,-4.69927],"tipVelocity":[28.5192,159.788,-176.113],"tool":false,"touchDistance":0.333333,"touchZone":"none","type":3,"width":17.965},{"bases":[[[0.532127,-0.812254,-0.238923],[0.791253,0.376678,0.481697],[-0.301263,-0.445372,0.843139]],[[0.542334,-0.796187,-0.268253],[0.387338,0.520274,-0.761107],[0.745549,0.308869,0.590556]],[[0.542334,-0.796187,-0.268253],[-0.622324,-0.166188,-0.764914],[0.564435,0.581779,-0.585616]],[[0.542334,-0.796187,-0.268253],[-0.827376,-0.450631,-0.335233],[0.146025,0.403754,-0.903139]]],"btipPosition":[5.16828,238.22,-4.4422],"carpPosition":[27.479,241.634,38.0428],"dipPosition":[7.66968,245.137,-19.9129],"direction":[-0.564435,-0.581779,0.585616],"extended":false,"handId":434,"id":4344,"length":50.1976,"mcpPosition":[44.8395,267.299,-10.5437],"pipPosition":[18.6409,256.445,-31.2958],"stabilizedTipPosition":[2.01926,226.979,9.46951],"timeVisible":2.71122,"tipPosition":[5.97979,240.509,-8.47347],"tipVelocity":[29.3323,143.244,-173.953],"tool":false,"touchDistance":0.333333,"touchZone":"none","type":4,"width":15.9579}],"r":[[0.898057,-0.0222912,0.439315],[-0.069216,0.979113,0.191174],[-0.4344,-0.202092,0.877756]],"s":1.64305,"t":[108.834,27.9642,-137.971],"timestamp":89112954296},false],[7,{"c