{"sensorType":"Leap","data":[[0,{"currentFrameRate":55.2403,"devices":[],"gestures":[{"center":[-49.8353,267.287,-56.0517],"duration":72338,"handIds":[432],"id":2,"normal":[0.376048,0.175605,0.909808],"pointableIds":[4320],"progress":1.04874,"radius":25.3447,"state":"update","type":"circle"}],"hands":[{"armBasis":[[0.860859,-0.327252,-0.38965],[0.452768,0.842088,0.293069],[0.232212,-0.428713,0.873088]],"armWidth":63.325,"confidence":0.618806,"direction":[-0.0041637,0.60921,-0.792998],"elbow":[71.378,48.3263,288.646],"grabStrength":0,"id":432,"palmNormal":[-0.472658,-0.70003,-0.535306],"palmPosition":[0.140884,195.872,11.7223],"palmVelocity":[-13.5598,-515.536,220.948],"palmWidth":90.4259,"pinchStrength":0.294411,"r":[[0.983864,0.114225,-0.137714],[-0.104905,0.991788,0.0731599],[0.14494,-0.0575325,0.987766]],"s":1.31386,"sphereCenter":[-26.7685,181.144,-22.4862],"sphereRadius":47.0141,"stabilizedPalmPosition":[0.204375,198.163,10.7301],"t":[-26.6656,36.4804,-87.3617],"timeVisible":2.09638,"type":"right","wrist":[9.06935,163.361,54.3735]}],"id":1433896,"interactionBox":{"center":[0,200,0],"size":[235.247,235.247,147.751]},"pointables":[{"bases":[[[0.776553,0.595073,0.20701],[-0.496209,0.375167,0.78296],[0.388255,-0.71073,0.586618]],[[0.682604,0.725851,0.084805],[-0.514332,0.394736,0.761345],[0.519148,-0.563315,0.642777]],[[0.682604,0.725851,0.084805],[-0.674736,0.581418,0.454627],[0.280684,-0.367551,0.886636]],[[0.682604,0.725851,0.084805],[-0.621964,0.637957,-0.454062],[-0.383683,0.257199,0.886925]]],"btipPosition":[-47.297,198.749,-22.9931],"carpPosition":[-20.9561,164.332,59.5654],"dipPosition":[-56.2209,204.731,-2.36456],"direction":[-0.280684,0.367551,-0.886636],"extended":false,"handId":432,"id":4320,"length":51.7933,"mcpPosition":[-20.9561,164.332,59.5654],"pipPosition":[-46.7101,192.277,27.6784],"stabilizedTipPosition":[-49.4034,203.461,-19.5391],"timeVisible":2.09638,"tipPosition":[-50.6086,200.299,-18.7701],"tipVelocity":[5.64981,-605.223,247],"tool":false,"touchDistance":0.422677,"touchZone":"hovering","type":0,"width":20.1245},{"bases":[[[0.868027,-0.265012,-0.419879],[0.444872,0.790652,0.420664],[0.220498,-0.55194,0.804203]],[[0.869176,-0.267916,-0.415637],[0.408549,0.862606,0.298327],[0.278604,-0.429106,0.859213]],[[0.869176,-0.267916,-0.415637],[0.316903,0.947017,0.0522657],[0.379612,-0.177144,0.908028]],[[0.869176,-0.267916,-0.415637],[0.230396,0.963116,-0.139014],[0.437551,0.0250669,0.898844]]],"btipPosition":[-49.3169,243.932,-73.3533],"carpPosition":[-4.75225,181.427,59.2033],"dipPosition":[-41.8874,244.357,-58.0912],"direction":[-0.379612,0.177144,-0.908028],"extended":true,"handId":432,"id":4321,"length":58.4429,"mcpPosition":[-20.8736,221.781,0.405153],"pipPosition":[-32.7689,240.102,-36.2799],"stabilizedTipPosition":[-47.4833,245.023,-70.0283],"timeVisible":2.09638,"tipPosition":[-46.8898,245.562,-69.4974],"tipVelocity":[-96.2701,-712.165,144.649],"tool":false,"touchDistance":-0.240651,"touchZone":"touching","type":1,"width":19.2229},{"bases":[[[0.801193,-0.468022,-0.372888],[0.58995,0.722157,0.361177],[0.100245,-0.509357,0.854696]],[[0.798976,-0.457513,-0.39028],[-0.0488907,0.597426,-0.800433],[0.599372,0.658608,0.454961]],[[0.798976,-0.457513,-0.39028],[-0.599912,-0.561349,-0.570081],[0.0417362,0.689615,-0.722973]],[[0.798976,-0.457513,-0.39028],[-0.519308,-0.852176,-0.0641415],[-0.303242,0.253923,-0.918459]]],"btipPosition":[-24.7987,159.417,10.8912],"carpPosition":[6.379,179.879,54.3614],"dipPosition":[-30.4619,164.159,-6.26149],"direction":[-0.0417362,-0.689615,0.722973],"extended":false,"handId":432,"id":4322,"length":66.591,"mcpPosition":[-0.571525,215.196,-4.89944],"pipPosition":[-29.2824,183.648,-26.6928],"stabilizedTipPosition":[-26.2682,165.239,4.47703],"timeVisible":2.09638,"tipPosition":[-26.6978,160.257,6.02491],"tipVelocity":[15.5702,-549.269,287.347],"tool":false,"touchDistance":0.333333,"touchZone":"none","type":2,"width":18.8794},{"bases":[[[0.760444,-0.590976,-0.269207],[0.648579,0.670268,0.360674],[-0.0327089,-0.448875,0.892996]],[[0.760897,-0.583113,-0.284632],[0.0975893,0.536506,-0.838235],[0.641493,0.610033,0.465131]],[[0.760897,-0.583113,-0.284632],[-0.612298,-0.500049,-0.612406],[0.214772,0.640258,-0.737525]],[[0.760897,-0.583113,-0.284632],[-0.62899,-0.770589,-0.102784],[-0.159399,0.257239,-0.953111]]],"btipPosition":[-12.8419,153.708,11.2157],"carpPosition":[16.5588,175.255,49.4575],"dipPosition":[-15.8017,158.485,-6.48182],"direction":[-0.214772,-0.640258,0.737525],"extended":false,"handId":432,"id":4323,"length":64.0291,"mcpPosition":[18.595,203.198,-6.13302],"pipPosition":[-9.88892,176.111,-26.7861],"stabilizedTipPosition":[-13.7738,159.182,4.67578],"timeVisible":2.09638,"tipPosition":[-14.0255,154.555,6.38456],"tipVelocity":[23.7088,-536.947,297.652],"tool":false,"touchDistance":0.333333,"touchZone":"none","type":3,"width":17.965},{"bases":[[[0.63386,-0.741526,-0.219912],[0.753506,0.527882,0.39188],[-0.174501,-0.414101,0.893347]],[[0.637779,-0.731608,-0.240807],[0.255753,0.496068,-0.829763],[0.726518,0.467618,0.503493]],[[0.637779,-0.731608,-0.240807],[-0.654925,-0.350583,-0.669451],[0.405353,0.584673,-0.702742]],[[0.637779,-0.731608,-0.240807],[-0.770031,-0.612575,-0.178338],[-0.0170394,0.299169,-0.954048]]],"btipPosition":[0.403771,155.18,4.71976],"carpPosition":[23.465,164.239,43.8899],"dipPosition":[0.111886,160.305,-11.623],"direction":[-0.405353,-0.584673,0.702742],"extended":false,"handId":432,"id":4324,"length":50.1976,"mcpPosition":[33.5208,188.101,-7.58988],"pipPosition":[7.99095,171.669,-25.2826],"stabilizedTipPosition":[0.172092,159.833,-0.931384],"timeVisible":2.09638,"tipPosition":[0.0848257,156.284,0.528038],"tipVelocity":[16.9086,-534.944,283.687],"tool":false,"touchDistance":0.333333,"touchZone":"none","type":4,"width":15.9579}],"r":[[0.983864,0.114225,-0.137714],[-0.104905,0.991788,0.0731599],[0.14494,-0.0575325,0.987766]],"s":1.31386,"t":[-26.6656,36.4804,-87.3617],"timestamp":89093819779},false],[1,{"currentFrameRate":55.2537,"devices":[],"gestures":[{"center":[-49.8353,267.287,-56.0517],"duration":72338,"handIds":[432],"id":2,"normal":[0.376048,0.175605,0.909808],"pointableIds":[4320],"progress":1.04874,"radius":25.3447,"state":"update","type":"circle"}],"hands":[{"armBasis":[[0.862712,-0.327842,-0.385029],[0.449955,0.845144,0.288569],[0.2308,-0.422198,0.87663]],"armWidth":63.325,"confidence":0.639015,"direction":[-0.0135206,0.576255,-0.817158],"elbow":[71.682,40.7505,297.849],"grabStrength":0,"id":432,"palmNormal":[-0.467533,-0.726039,-0.504263],"palmPosition":[0.32378,184.688,18.7232],"palmVelocity":[-2.31245,-564.912,300.17],"palmWidth":90.4259,"pinchStrength":0.303061,"r":[[0.981959,0.119809,-0.146295],[-0.113395,0.992217,0.0514565],[0.151321,-0.0339391,0.987902]],"s":1.31075,"sphereCenter":[-26.8302,168.39,-14.6444],"sphereRadius":47.0239,"stabilizedPalmPosition":[0.30025,187.343,17.1481],"t":[-26.7014,26.1995,-81.8609],"timeVisible":2.11443,"type":"right","wrist":[9.75235,154.037,62.6258]}],"id":1433897,"interactionBox":{"center":[0,200,0],"size":[235.247,235.247,147.751]},"pointables":[{"bases":[[[0.771204,0.610843,0.179209],[-0.496971,0.401786,0.769148],[0.397825,-0.682231,0.61343]],[[0.679983,0.730968,0.0575174],[-0.511418,0.416606,0.751592],[0.525428,-0.540485,0.657116]],[[0.679983,0.730968,0.0575174],[-0.67785,0.596783,0.429382],[0.279539,-0.330961,0.901289]],[[0.679983,0.730968,0.0575174],[-0.614234,0.610714,-0.499744],[-0.400424,0.304488,0.864261]]],"btipPosition":[-46.4852,185.861,-15.3357],"carpPosition":[-20.261,154.916,67.9035],"dipPosition":[-55.7985,192.943,4.76575],"direction":[-0.279539,0.330961,-0.901289],"extended":false,"handId":432,"id":4320,"length":51.7933,"mcpPosition":[-20.261,154.916,67.9035],"pipPosition":[-46.3265,181.728,35.3052],"stabilizedTipPosition":[-48.7919,190.877,-12.5846],"timeVisible":2.11443,"tipPosition":[-49.9472,187.517,-11.3055],"tipVelocity":[21.9608,-650.19,327.93],"tool":false,"touchDistance":0.526785,"touchZone":"hovering","type":0,"width":20.1245},{"bases":[[[0.869054,-0.273149,-0.412473],[0.438369,0.81162,0.386142],[0.229297,-0.516394,0.825082]],[[0.870277,-0.275928,-0.408021],[0.399738,0.879648,0.25774],[0.287797,-0.387406,0.875836]],[[0.870277,-0.275928,-0.408021],[0.306229,0.951911,0.00942274],[0.3858,-0.133148,0.912924]],[[0.870277,-0.275928,-0.408021],[0.219062,0.958752,-0.181123],[0.441168,0.0682459,0.894826]]],"btipPosition":[-50.0456,228.48,-68.0677],"carpPosition":[-4.23507,172.145,66.7745],"dipPosition":[-42.5547,229.639,-52.8738],"direction":[-0.3858,0.133148,-0.912924],"extended":true,"handId":432,"id":4321,"length":58.4429,"mcpPosition":[-20.9998,209.9,6.44986],"pipPosition":[-33.2876,226.441,-30.9449],"stabilizedTipPosition":[-48.2769,229.635,-64.8709],"timeVisible":2.11443,"tipPosition":[-47.6407,230.269,-64.2976],"tipVelocity":[-69.3591,-775.992,214.569],"tool":false,"touchDistance":-0.237517,"touchZone":"touching","type":1,"width":19.2229},{"bases":[[[0.804493,-0.474737,-0.356953],[0.58391,0.742222,0.32887],[0.108812,-0.473002,0.874316]],[[0.802091,-0.464929,-0.374822],[-0.0580729,0.563934,-0.823775],[0.594372,0.682509,0.425326]],[[0.802091,-0.464929,-0.374822],[-0.596332,-0.589663,-0.544688],[0.0322228,0.660408,-0.750215]],[[0.802091,-0.464929,-0.374822],[-0.511034,-0.859106,-0.027939],[-0.309022,0.213956,-0.926676]]],"btipPosition":[-24.2629,147.957,19.464],"carpPosition":[6.89247,170.513,61.9516],"dipPosition":[-30.034,151.953,2.15782],"direction":[-0.0322228,-0.660408,0.750215],"extended":false,"handId":432,"id":4322,"length":66.591,"mcpPosition":[-0.652041,203.309,1.33047],"pipPosition":[-29.1234,170.616,-19.0433],"stabilizedTipPosition":[-25.8055,154.07,11.9896],"timeVisible":2.11443,"tipPosition":[-26.1647,148.597,14.6093],"tipVelocity":[21.6157,-594.404,375.455],"tool":false,"touchDistance":0.333333,"touchZone":"none","type":2,"width":18.8794},{"bases":[[[0.765415,-0.593761,-0.248169],[0.643066,0.690951,0.330231],[-0.0246055,-0.412352,0.910692]],[[0.765729,-0.58644,-0.264097],[0.0860751,0.500368,-0.861523],[0.637378,0.636961,0.433625]],[[0.765729,-0.58644,-0.264097],[-0.610834,-0.534552,-0.584068],[0.201347,0.608557,-0.76754]],[[0.765729,-0.58644,-0.264097],[-0.620439,-0.781714,-0.063081],[-0.169455,0.212159,-0.962431]]],"btipPosition":[-12.0661,142.489,20.2514],"carpPosition":[17.1,165.796,57.1964],"dipPosition":[-15.2126,146.429,2.38082],"direction":[-0.201347,-0.608557,0.76754],"extended":false,"handId":432,"id":4323,"length":64.0291,"mcpPosition":[18.6318,191.465,0.504315],"pipPosition":[-9.66948,163.182,-18.7497],"stabilizedTipPosition":[-13.1074,148.49,12.4406],"timeVisible":2.11443,"tipPosition":[-13.3055,143.11,15.3553],"tipVelocity":[31.7254,-582.14,392.924],"tool":false,"touchDistance":0.333333,"touchZone":"none","type":3,"width":17.965},{"bases":[[[0.640578,-0.743444,-0.192227],[0.749571,0.551025,0.366763],[-0.166745,-0.379028,0.910238]],[[0.644321,-0.734328,-0.213573],[0.247329,0.46435,-0.850416],[0.723657,0.495118,0.480811]],[[0.644321,-0.734328,-0.213573],[-0.654062,-0.384416,-0.651481],[0.3963,0.559453,-0.727983]],[[0.644321,-0.734328,-0.213573],[-0.764371,-0.62723,-0.1494],[-0.0242506,0.25951,-0.965436]]],"btipPosition":[0.98898,143.755,13.3922],"carpPosition":[24.0971,154.631,52.0529],"dipPosition":[0.573569,148.2,-3.14569],"direction":[-0.3963,-0.559453,0.727983],"extended":false,"handId":432,"id":4324,"length":50.1976,"mcpPosition":[33.706,176.473,-0.400206],"pipPosition":[8.27666,159.075,-17.2959],"stabilizedTipPosition":[0.692255,148.976,6.65451],"timeVisible":2.11443,"tipPosition":[0.640886,144.682,9.16434],"tipVelocity":[23.5244,-585.556,375.902],"tool":false,"touchDistance":0.333333,"touchZone":"none","type":4,"width":15.9579}],"r":[[0.981959,0.119809,-0.146295],[-0.113395,0.992217,0.0514565],[0.151321,-0.0339391,0.987902]],"s":1.31075,"t":[-26.7014,26.1995,-81.8609],"timestamp":89093837831},false],[2,{"currentFrameRate":55.2628,"devices":[],"gestures":[{"center":[-49.8353,267.287,-56.0517],"duration":72338,"handIds":[432],"id":2,"normal":[0.376048,0.175605,0.909808],"pointableIds":[4320],"progress":1.04874,"radius":25.3447,"state":"update","type":"circle"}],"hands":[{"armBasis":[[0.868694,-0.317343,-0.380348],[0.435452,0.855237,0.280982],[0.23612,-0.409711,0.881127]],"armWidth":63.325,"confidence":0.647533,"direction":[-0.0273111,0.543192,-0.839164],"elbow":[73.3672,34.8421,304.959],"grabStrength":0,"id":432,"palmNormal":[-0.452136,-0.755412,-0.474264],"palmPosition":[-0.150499,173.462,23.4759],"palmVelocity":[-13.6846,-591.765,282.564],"palmWidth":90.4259,"pinchStrength":0.314112,"r":[[0.979748,0.12724,-0.15461],[-0.124651,0.99185,0.0263684],[0.156705,-0.00656207,0.987624]],"s":1.30764,"sphereCenter":[-27.3969,155.46,-9.02246],"sphereRadius":47.0385,"stabilizedPalmPosition":[-0.0628096,176.162,22.2449],"t":[-26.9565,15.4461,-76.7342],"timeVisible":2.1325,"type":"right","wrist":[10.0101,144.778,68.5292]}],"id":1433898,"interactionBox":{"center":[0,200,0],"size":[235.247,235.247,147.751]},"pointables":[{"bases":[[[0.757823,0.634191,0.153317],[-0.504638,0.42077,0.753852],[0.413575,-0.648656,0.638906]],[[0.670592,0.740985,0.0353143],[-0.514456,0.43023,0.74178],[0.534455,-0.515599,0.669713]],[[0.670592,0.740985,0.0353143],[-0.689091,0.604586,0.399537],[0.274701,-0.292261,0.916037]],[[0.670592,0.740985,0.0353143],[-0.606109,0.574733,-0.549831],[-0.427713,0.347308,0.834529]]],"btipPosition":[-45.8815,172.609,-9.83707],"carpPosition":[-20.0081,145.206,73.8352],"dipPosition":[-55.8294,180.687,9.57284],"direction":[-0.274701,0.292261,-0.916037],"extended":false,"handId":432,"id":4320,"length":51.7933,"mcpPosition":[-20.0081,145.206,73.8352],"pipPosition":[-46.5214,170.783,40.612],"stabilizedTipPosition":[-48.2951,177.777,-6.82776],"timeVisible":2.1325,"tipPosition":[-49.6102,174.302,-6.03011],"tipVelocity":[23.5658,-683.789,312.57],"tool":false,"touchDistance":0.587534,"touchZone":"hovering","type":0,"width":20.1245},{"bases":[[[0.874289,-0.270059,-0.403346],[0.420935,0.835615,0.352933],[0.241729,-0.478347,0.844246]],[[0.875547,-0.27257,-0.398902],[0.380172,0.8982,0.220697],[0.298138,-0.344882,0.890039]],[[0.875547,-0.27257,-0.398902],[0.28498,0.95809,-0.029161],[0.390132,-0.0881474,0.91653]],[[0.875547,-0.27257,-0.398902],[0.197765,0.955512,-0.218828],[0.440802,0.112706,0.890501]]],"btipPosition":[-51.6255,212.626,-64.8694],"carpPosition":[-4.36664,162.724,71.9935],"dipPosition":[-44.1408,214.54,-49.749],"direction":[-0.390132,0.0881474,-0.91653],"extended":true,"handId":432,"id":4321,"length":58.4429,"mcpPosition":[-22.0403,197.698,10.2677],"pipPosition":[-34.7696,212.423,-27.7334],"stabilizedTipPosition":[-49.8303,213.817,-61.5493],"timeVisible":2.1325,"tipPosition":[-49.2688,214.571,-61.1822],"tipVelocity":[-77.9951,-819.711,196.306],"tool":false,"touchDistance":-0.253649,"touchZone":"touching","type":1,"width":19.2229},{"bases":[[[0.814254,-0.470671,-0.339794],[0.567889,0.767224,0.298111],[0.120386,-0.435703,0.892003]],[[0.811605,-0.461607,-0.358075],[-0.0715211,0.529805,-0.845099],[0.579813,0.711496,0.396977]],[[0.811605,-0.461607,-0.358075],[-0.583966,-0.623397,-0.519962],[0.0167955,0.631107,-0.775514]],[[0.811605,-0.461607,-0.358075],[-0.492121,-0.870501,0.00676301],[-0.314826,0.170727,-0.933669]]],"btipPosition":[-23.9286,136.253,25.7032],"carpPosition":[6.78749,161.148,67.2137],"dipPosition":[-29.8081,139.441,8.26648],"direction":[-0.0167955,-0.631107,0.775514],"extended":false,"handId":432,"id":4322,"length":66.591,"mcpPosition":[-1.55951,191.358,5.36622],"pipPosition":[-29.3335,157.276,-13.6496],"stabilizedTipPosition":[-25.4458,142.359,18.6412],"timeVisible":2.1325,"tipPosition":[-25.8378,136.668,20.8517],"tipVelocity":[19.4838,-624.71,360.388],"tool":false,"touchDistance":0.333333,"touchZone":"none","type":2,"width":18.8794},{"bases":[[[0.777952,-0.586146,-0.226324],[0.628161,0.717355,0.301355],[-0.0142836,-0.376608,0.926263]],[[0.778083,-0.579405,-0.242643],[0.0734884,0.467586,-0.880888],[0.623848,0.667573,0.4064]],[[0.778083,-0.579405,-0.242643],[-0.599971,-0.571064,-0.560287],[0.186068,0.581529,-0.791962]],[[0.778083,-0.579405,-0.242643],[-0.60292,-0.797251,-0.0296335],[-0.176278,0.169352,-0.969663]]],"btipPosition":[-11.5708,131.12,26.7262],"carpPosition":[17.0898,156.472,62.625],"dipPosition":[-14.8439,134.265,8.72132],"direction":[-0.186068,-0.581529,0.791962],"extended":false,"handId":432,"id":4323,"length":64.0291,"mcpPosition":[17.979,179.916,4.96364],"pipPosition":[-9.72144,150.274,-13.0816],"stabilizedTipPosition":[-12.5813,137.317,19.2494],"timeVisible":2.1325,"tipPosition":[-12.8275,131.521,21.827],"tipVelocity":[28.9153,-609.381,375.731],"tool":false,"touchDistance":0.333333,"touchZone":"none","type":3,"width":17.965},{"bases":[[[0.656515,-0.736212,-0.164259],[0.737768,0.581346,0.343127],[-0.157123,-0.346452,0.924815]],[[0.660034,-0.727846,-0.185999],[0.235825,0.435819,-0.86859],[0.713262,0.529435,0.459299]],[[0.660034,-0.727846,-0.185999],[-0.646483,-0.424203,-0.634122],[0.382642,0.538787,-0.750529]],[[0.660034,-0.727846,-0.185999],[-0.750569,-0.649348,-0.122448],[-0.0316545,0.220425,-0.97489]]],"btipPosition":[1.41875,132.382,19.7645],"carpPosition":[24.3238,145.27,57.9092],"dipPosition":[0.876514,136.157,3.06466],"direction":[-0.382642,-0.538787,0.750529],"extended":false,"handId":432,"id":4324,"length":50.1976,"mcpPosition":[33.3781,165.235,4.61601],"pipPosition":[8.31414,146.63,-11.5238],"stabilizedTipPosition":[1.12034,137.789,13.2481],"timeVisible":2.1325,"tipPosition":[1.04334,133.133,15.5082],"tipVelocity":[22.8844,-610.529,363.932],"tool":false,"touchDistance":0.333333,"touchZone":"none","type":4,"width":15.9579}],"r":[[0.979748,0.12724,-0.15461],[-0.124651,0.99185,0.0263684],[0.156705,-0.00656207,0.987624]],"s":1.30764,"t":[-26.9565,15.4461,-76.7342],"timestamp":89093855895},false],[3,{"currentFrameRate":55.3641,"devices":[],"gestures":[{"direction":[0.0907116,0.901336,-0.423514],"duration":54060,"handIds":[432],"id":3,"pointableIds":[4321],"position":[-16.6171,292.169,-61.6111],"speed":299.056,"startPosition":[-27.7764,181.281,-9.50161],"state":"update","type":"swipe"}],"hands":[{"armBasis":[[0.836529,-0.465147,-0.289582],[0.521924,0.837325,0.162736],[0.166778,-0.287273,0.943218]],"armWidth":63.325,"confidence":0.803153,"direction":[0.0914685,0.729438,-0.677904],"elbow":[60.8237,116.6,304.807],"grabStrength":0.00167627,"id":432,"palmNormal":[-0.564095,-0.523047,-0.63892],"palmPosition":[12.343,233.923,15.3487],"palmVelocity":[-14.2412,386.16,-300.595],"palmWidth":90.4259,"pinchStrength":0.482973,"r":[[0.994479,0.0327137,-0.0997043],[-0.0143279,0.983596,0.179815],[0.103951,-0.177393,0.978635]],"s":1.30543,"sphereCenter":[2.722,212.642,-34.3022],"sphereRadius":52.1625,"stabilizedPalmPosition":[12.6338,226.933,20.7919],"t":[-14.4423,58.2482,-74.3582],"timeVisible":2.89162,"type":"right","wrist":[16.0727,193.683,51.7169]}],"id":1433940,"interactionBox":{"center":[0,200,0],"size":[235.247,235.247,147.751]},"pointables":[{"bases":[[[0.852609,0.43277,0.292862],[-0.443862,0.304028,0.842943],[0.275762,-0.848691,0.451307]],[[0.731482,0.666296,0.144855],[-0.57259,0.484888,0.661078],[0.370236,-0.566509,0.736202]],[[0.731482,0.666296,0.144855],[-0.603095,0.533098,0.593366],[0.318136,-0.521398,0.791792]],[[0.731482,0.666296,0.144855],[-0.681328,0.705835,0.193878],[0.0269367,-0.240512,0.970272]]],"btipPosition":[-43.3153,249.443,-28.4511],"carpPosition":[-13.5423,198.078,57.4669],"dipPosition":[-42.6887,243.849,-5.88399],"direction":[-0.318136,0.521398,-0.791792],"extended":false,"handId":432,"id":4320,"length":51.7933,"mcpPosition":[-13.5423,198.078,57.4669],"pipPosition":[-31.909,226.182,20.9453],"stabilizedTipPosition":[-42.8166,241.02,-18.3839],"timeVisible":2.89162,"tipPosition":[-42.7401,248.891,-22.7638],"tipVelocity":[-17.8084,412.49,-280.385],"tool":false,"touchDistance":-0.162408,"touchZone":"hovering","type":0,"width":20.1245},{"bases":[[[0.824336,-0.312111,-0.472289],[0.550791,0.634909,0.541775],[0.130766,-0.706737,0.695286]],[[0.83369,-0.449511,-0.32078],[0.551473,0.708121,0.440955],[0.0289366,-0.544522,0.838248]],[[0.83369,-0.449511,-0.32078],[0.496429,0.864496,0.0787683],[0.241906,-0.224913,0.943873]],[[0.83369,-0.449511,-0.32078],[0.399865,0.892014,-0.210757],[0.380878,0.0474373,0.923408]]],"btipPosition":[-18.1046,291.984,-65.2173],"carpPosition":[4.96961,212.466,59.7589],"dipPosition":[-11.6374,292.789,-49.5381],"direction":[-0.241906,0.224913,-0.943873],"extended":true,"handId":432,"id":4321,"length":58.4429,"mcpPosition":[-4.59118,264.138,8.92408],"pipPosition":[-5.82666,287.387,-26.8658],"stabilizedTipPosition":[-16.5324,289.865,-60.5441],"timeVisible":2.89162,"tipPosition":[-17.4342,290.198,-61.5515],"tipVelocity":[10.9097,522.757,-248.681],"tool":false,"touchDistance":-0.943222,"touchZone":"touching","type":1,"width":19.2229},{"bases":[[[0.728368,-0.508357,-0.459404],[0.684963,0.557332,0.469263],[0.0174875,-0.656471,0.754149]],[[0.728011,-0.498157,-0.470998],[0.23283,0.825845,-0.513586],[0.644818,0.264234,0.717211]],[[0.728011,-0.498157,-0.470998],[-0.60667,-0.148148,-0.781027],[0.319297,0.854337,-0.41007]],[[0.728011,-0.498157,-0.470998],[-0.668871,-0.666809,-0.3286],[-0.150371,0.554261,-0.818647]]],"btipPosition":[-22.5117,208.54,-5.21632],"carpPosition":[15.8037,210.175,54.5512],"dipPosition":[-25.32,218.891,-20.505],"direction":[-0.319297,-0.854337,0.41007],"extended":false,"handId":432,"id":4322,"length":66.591,"mcpPosition":[14.5912,255.692,2.26192],"pipPosition":[-16.2966,243.035,-32.0936],"stabilizedTipPosition":[-22.5431,201.691,-1.68894],"timeVisible":2.89162,"tipPosition":[-22.745,210.02,-7.17903],"tipVelocity":[-29.1027,428.244,-326.642],"tool":false,"touchDistance":0.333333,"touchZone":"none","type":2,"width":18.8794},{"bases":[[[0.669281,-0.63998,-0.377477],[0.735459,0.498377,0.459043],[-0.105652,-0.584848,0.804233]],[[0.669513,-0.638686,-0.379253],[0.384682,0.734899,-0.558519],[0.635431,0.228044,0.737715]],[[0.669513,-0.638686,-0.379253],[-0.566326,-0.108521,-0.817006],[0.480653,0.761776,-0.434361]],[[0.669513,-0.638686,-0.379253],[-0.742797,-0.574196,-0.344312],[0.00214189,0.512229,-0.858846]]],"btipPosition":[-9.65877,200.832,-6.14119],"carpPosition":[25.2513,205.033,48.7749],"dipPosition":[-9.61899,210.343,-22.0884],"direction":[-0.480653,-0.761776,0.434361],"extended":false,"handId":432,"id":4323,"length":64.0291,"mcpPosition":[31.8283,241.441,-1.28997],"pipPosition":[3.61351,231.315,-34.0465],"stabilizedTipPosition":[-8.80517,191.5,-0.481798],"timeVisible":2.89162,"tipPosition":[-9.20794,202.379,-8.04539],"tipVelocity":[-32.2952,416.513,-334.458],"tool":false,"touchDistance":0.333333,"touchZone":"none","type":3,"width":17.965},{"bases":[[[0.521774,-0.776858,-0.352482],[0.818361,0.339129,0.46398],[-0.240909,-0.53055,0.812699]],[[0.489433,-0.834423,-0.253365],[0.553046,0.521646,-0.649634],[0.674237,0.17783,0.716785]],[[0.489433,-0.834423,-0.253365],[-0.577229,-0.0922134,-0.811359],[0.653653,0.543356,-0.526786]],[[0.489433,-0.834423,-0.253365],[-0.859128,-0.41157,-0.304155],[0.149517,0.366537,-0.918311]]],"btipPosition":[5.46342,201.73,-4.73943],"carpPosition":[30.5401,194.246,41.3107],"dipPosition":[8.02463,208.009,-20.47],"direction":[-0.653653,-0.543356,0.526785],"extended":false,"handId":432,"id":4324,"length":50.1976,"mcpPosition":[44.4227,224.819,-5.52163],"pipPosition":[20.73,218.57,-30.7095],"stabilizedTipPosition":[6.90457,191.467,1.77673],"timeVisible":2.89162,"tipPosition":[6.40335,202.462,-6.88513],"tipVelocity":[-31.9552,416.667,-359.767],"tool":false,"touchDistance":0.333333,"touchZone":"none","type":4,"width":15.9579}],"r":[[0.994479,0.0327137,-0.0997043],[-0.0143279,0.983596,0.179815],[0.103951,-0.177393,0.978635]],"s":1.30543,"t":[-14.4423,58.2482,-74.3582],"timestamp":89094615017},false],[4,{"currentFrameRate":55.333,"devices":[],"gestures":[{"direction":[0.0758566,0.905544,-0.417416],"duration":72240,"handIds":[432],"id":3,"pointableIds":[4321],"position":[-17.4686,301.529,-65.3859],"speed":309.031,"startPosition":[-27.7764,181.281,-9.50161],"state":"update","type":"swipe"}],"hands":[{"armBasis":[[0.832813,-0.463582,-0.302515],[0.527121,0.831004,0.177694],[0.169016,-0.307448,0.936435]],"armWidth":63.325,"confidence":0.811577,"direction":[0.0870149,0.74052,-0.666377],"elbow":[60.7737,117.523,297.096],"grabStrength":0,"id":432,"palmNormal":[-0.571402,-0.510842,-0.642293],"palmPosition":[11.4569,240.874,10.1756],"palmVelocity":[-30.7018,384.343,-292.937],"palmWidth":90.4259,"pinchStrength":0.494376,"r":[[0.993968,0.0269063,-0.106318],[-0.00556841,0.980569,0.196097],[0.109528,-0.194322,0.974804]],"s":1.30674,"sphereCenter":[1.35561,220.575,-39.7528],"sphereRadius":52.2074,"stabilizedPalmPosition":[12.0609,233.719,15.6241],"t":[-15.0233,65.1765,-79.633],"timeVisible":2.9098,"type":"right","wrist":[15.4223,200.019,45.8257]}],"id":1433941,"interactionBox":{"center":[0,200,0],"size":[235.247,235.247,147.751]},"pointables":[{"bases":[[[0.856431,0.4257,0.292071],[-0.435168,0.290876,0.852068],[0.277769,-0.856837,0.434366]],[[0.733957,0.66274,0.148602],[-0.565241,0.474708,0.674652],[0.376577,-0.579161,0.723023]],[[0.733957,0.66274,0.148602],[-0.59788,0.526624,0.604323],[0.322252,-0.532393,0.782759]],[[0.733957,0.66274,0.148602],[-0.678652,0.706849,0.199489],[0.0271704,-0.247265,0.968567]]],"btipPosition":[-44.3586,256.911,-32.9917],"carpPosition":[-14.1261,204.389,51.9267],"dipPosition":[-43.7267,251.16,-10.4643],"direction":[-0.322252,0.532393,-0.782759],"extended":false,"handId":432,"id":4320,"length":51.7933,"mcpPosition":[-14.1261,204.389,51.9267],"pipPosition":[-32.8074,233.12,16.0589],"stabilizedTipPosition":[-43.6882,250.111,-24.2667],"timeVisible":2.9098,"tipPosition":[-43.8754,256.359,-27.2904],"tipVelocity":[-36.6616,410.719,-266.012],"tool":false,"touchDistance":-0.247936,"touchZone":"hovering","type":0,"width":20.1245},{"bases":[[[0.81907,-0.306124,-0.485194],[0.55748,0.624355,0.547172],[0.135431,-0.718657,0.682048]],[[0.829491,-0.445953,-0.336259],[0.557653,0.694819,0.454148],[0.0311106,-0.564228,0.825033]],[[0.829491,-0.445953,-0.336259],[0.504578,0.85648,0.108826],[0.239468,-0.259939,0.935461]],[[0.829491,-0.445953,-0.336259],[0.412025,0.895051,-0.170641],[0.377067,0.0029984,0.926181]]],"btipPosition":[-18.9411,301.517,-69.0029],"carpPosition":[4.44363,218.69,54.2862],"dipPosition":[-12.5387,301.568,-53.2767],"direction":[-0.239468,0.259939,-0.935461],"extended":true,"handId":432,"id":4321,"length":58.4429,"mcpPosition":[-5.4582,271.234,4.41927],"pipPosition":[-6.7865,295.324,-30.8064],"stabilizedTipPosition":[-17.2881,299.28,-64.4525],"timeVisible":2.9098,"tipPosition":[-18.3496,299.533,-65.3808],"tipVelocity":[-16.6428,518.983,-229.096],"tool":false,"touchDistance":-0.933855,"touchZone":"touching","type":1,"width":19.2229},{"bases":[[[0.722718,-0.502325,-0.474709],[0.690765,0.547683,0.472108],[0.0228384,-0.669113,0.742809]],[[0.722286,-0.492077,-0.485966],[0.233016,0.834741,-0.498909],[0.651157,0.247118,0.717584]],[[0.722286,-0.492077,-0.485966],[-0.613422,-0.13131,-0.778762],[0.319399,0.860592,-0.396695]],[[0.722286,-0.492077,-0.485966],[-0.673709,-0.659393,-0.333642],[-0.156265,0.568384,-0.807787]]],"btipPosition":[-23.6604,216.082,-10.6408],"carpPosition":[15.2225,216.462,48.9392],"dipPosition":[-26.5787,226.697,-25.7267],"direction":[-0.319399,-0.860592,0.396695],"extended":false,"handId":432,"id":4322,"length":66.591,"mcpPosition":[13.639,262.855,-2.56387],"pipPosition":[-17.5524,251.018,-36.9373],"stabilizedTipPosition":[-23.3841,209.607,-7.53007],"timeVisible":2.9098,"tipPosition":[-23.9336,217.603,-12.6251],"tipVelocity":[-46.0273,423.451,-311.932],"tool":false,"touchDistance":0.333333,"touchZone":"none","type":2,"width":18.8794},{"bases":[[[0.664059,-0.635163,-0.394454],[0.741011,0.488786,0.460424],[-0.0996411,-0.598043,0.795246]],[[0.6643,-0.633704,-0.39639],[0.384293,0.74441,-0.546052],[0.641112,0.210412,0.738039]],[[0.6643,-0.633704,-0.39639],[-0.571883,-0.0894212,-0.815447],[0.481306,0.76839,-0.421807]],[[0.6643,-0.633704,-0.39639],[-0.747463,-0.564734,-0.34982],[-0.00217261,0.528673,-0.848823]]],"btipPosition":[-10.8721,208.31,-11.9139],"carpPosition":[24.6023,211.394,42.9888],"dipPosition":[-10.9124,218.127,-27.675],"direction":[-0.481306,-0.76839,0.421807],"extended":false,"handId":432,"id":4323,"length":64.0291,"mcpPosition":[30.8051,248.624,-6.51662],"pipPosition":[2.33809,239.281,-39.2875],"stabilizedTipPosition":[-9.66459,199.393,-6.71464],"timeVisible":2.9098,"tipPosition":[-10.4458,209.906,-13.8292],"tipVelocity":[-49.2126,415.889,-325.259],"tool":false,"touchDistance":0.333333,"touchZone":"none","type":3,"width":17.965},{"bases":[[[0.516437,-0.772083,-0.370378],[0.823542,0.329276,0.461905],[-0.234672,-0.543567,0.805893]],[[0.484539,-0.831741,-0.270978],[0.553518,0.531386,-0.641285],[0.677377,0.160736,0.717861]],[[0.484539,-0.831741,-0.270978],[-0.580176,-0.0737181,-0.811148],[0.654689,0.550248,-0.518275]],[[0.484539,-0.831741,-0.270978],[-0.862437,-0.402376,-0.307078],[0.146374,0.382493,-0.912291]]],"btipPosition":[4.28032,209.149,-10.6694],"carpPosition":[29.7931,200.721,35.2949],"dipPosition":[6.7877,215.701,-26.2969],"direction":[-0.654689,-0.550248,0.518275],"extended":false,"handId":432,"id":4324,"length":50.1976,"mcpPosition":[43.3163,232.045,-11.1452],"pipPosition":[19.5132,226.396,-36.3709],"stabilizedTipPosition":[6.1088,198.925,-4.4573],"timeVisible":2.9098,"tipPosition":[5.19615,209.94,-12.8257],"tipVelocity":[-48.0837,414.223,-343.118],"tool":false,"touchDistance":0.333333,"touchZone":"none","type":4,"width":15.9579}],"r":[[0.993968,0.0269063,-0.106318],[-0.00556841,0.980569,0.196097],[0.109528,-0.194322,0.974804]],"s":1.30674,"t":[-15.0233,65.1765,-79.633],"timestamp":89094633197},false],[5,{"currentFrameRate":55.3476,"devices":[],"gestures":[{"direction":[0.0776184,0.905014,-0.418241],"duration":90257,"handIds":[432],"id":3,"pointableIds":[4321],"position":[-16.952,305.702,-67.1499],"speed":313.449,"startPosition":[-27.7764,181.281,-9.50161],"state":"update","type":"swipe"}],"hands":[{"armBasis":[[0.836202,-0.463072,-0.293821],[0.523756,0.833177,0.17747],[0.162624,-0.302291,0.939241]],"armWidth":63.325,"confidence":0.807446,"direction":[0.0930605,0.742182,-0.663706],"elbow":[58.2741,122.101,296.027],"grabStrength":0,"id":432,"palmNormal":[-0.565617,-0.509185,-0.648698],"palmPosition":[10.9964,244.158,8.42229],"palmVelocity":[-28.2625,288.557,-200.196],"palmWidth":90.4259,"pinchStrength":0.500598,"r":[[0.993693,0.0223877,-0.109879],[0.00113808,0.977804,0.209518],[0.112131,-0.208322,0.971611]],"s":1.30816,"sphereCenter":[1.27542,224.104,-41.6405],"sphereRadius":52.2154,"stabilizedPalmPosition":[11.5313,238.913,12.0412],"t":[-15.544,70.2829,-83.1471],"timeVisible":2.92781,"type":"right","wrist":[14.638,203.214,44.0041]}],"id":1433942,"interactionBox":{"center":[0,200,0],"size":[235.247,235.247,147.751]},"pointables":[{"bases":[[[0.853787,0.424899,0.300847],[-0.442815,0.288773,0.848837],[0.273794,-0.857946,0.434702]],[[0.73258,0.662368,0.15683],[-0.571224,0.472937,0.670846],[0.370176,-0.581033,0.724825]],[[0.73258,0.662368,0.15683],[-0.603539,0.52554,0.599624],[0.314751,-0.533925,0.784765]],[[0.73258,0.662368,0.15683],[-0.680442,0.706502,0.19456],[0.0180695,-0.249244,0.968272]]],"btipPosition":[-44.4131,260.283,-35.2195],"carpPosition":[-14.964,207.571,49.8494],"dipPosition":[-43.9928,254.486,-12.6989],"direction":[-0.314751,0.533925,-0.784765],"extended":false,"handId":432,"id":4320,"length":51.7933,"mcpPosition":[-14.964,207.571,49.8494],"pipPosition":[-33.3277,236.395,13.8922],"stabilizedTipPosition":[-44.0758,255.564,-27.8283],"timeVisible":2.92781,"tipPosition":[-43.9979,259.705,-29.5256],"tipVelocity":[-21.9958,304.471,-198.561],"tool":false,"touchDistance":-0.284917,"touchZone":"hovering","type":0,"width":20.1245},{"bases":[[[0.823393,-0.304971,-0.478557],[0.552559,0.622937,0.553739],[0.129236,-0.720376,0.681437]],[[0.832519,-0.444297,-0.330926],[0.553521,0.691834,0.46366],[0.0229431,-0.569181,0.821892]],[[0.832519,-0.444297,-0.330926],[0.506346,0.852607,0.129128],[0.224779,-0.275065,0.93478]],[[0.832519,-0.444297,-0.330926],[0.420956,0.89566,-0.143492],[0.36015,-0.0198454,0.932683]]],"btipPosition":[-18.3585,305.78,-70.7923],"carpPosition":[3.58455,221.865,52.4121],"dipPosition":[-12.2433,305.443,-54.9557],"direction":[-0.224779,0.275065,-0.93478],"extended":true,"handId":432,"id":4321,"length":58.4429,"mcpPosition":[-5.86437,274.534,2.58983],"pipPosition":[-6.84395,298.836,-32.5017],"stabilizedTipPosition":[-17.014,304.517,-66.6521],"timeVisible":2.92781,"tipPosition":[-17.8108,303.736,-67.1767],"tipVelocity":[4.84019,382.761,-166.902],"tool":false,"touchDistance":-0.895263,"touchZone":"touching","type":1,"width":19.2229},{"bases":[[[0.72694,-0.50119,-0.469432],[0.686512,0.546443,0.479688],[0.0161033,-0.670976,0.741305]],[[0.726618,-0.491108,-0.480457],[0.241155,0.83713,-0.490976],[0.643327,0.240887,0.726707]],[[0.726618,-0.491108,-0.480457],[-0.60507,-0.126168,-0.786112],[0.325447,0.861914,-0.38883]],[[0.726618,-0.491108,-0.480457],[-0.670887,-0.657941,-0.342089],[-0.14811,0.5709,-0.80755]]],"btipPosition":[-23.953,219.613,-12.9825],"carpPosition":[14.4111,219.649,47.1569],"dipPosition":[-26.719,230.274,-28.0639],"direction":[-0.325447,-0.861914,0.38883],"extended":false,"handId":432,"id":4322,"length":66.591,"mcpPosition":[13.2946,266.171,-4.24185],"pipPosition":[-17.5218,254.632,-39.0523],"stabilizedTipPosition":[-23.9617,215.578,-11.8064],"timeVisible":2.92781,"tipPosition":[-24.226,221.142,-15.0001],"tipVelocity":[-30.984,315.876,-225.639],"tool":false,"touchDistance":0.333333,"touchZone":"none","type":2,"width":18.8794},{"bases":[[[0.667552,-0.634224,-0.390043],[0.736858,0.487572,0.46831],[-0.10684,-0.600028,0.792813]],[[0.667824,-0.632684,-0.392074],[0.391627,0.746624,-0.537756],[0.632961,0.20558,0.746389]],[[0.667824,-0.632684,-0.392074],[-0.563142,-0.0850442,-0.821972],[0.486705,0.769726,-0.413086]],[[0.667824,-0.632684,-0.392074],[-0.744294,-0.563277,-0.358811],[0.00616805,0.531441,-0.847073]]],"btipPosition":[-11.124,211.761,-14.116],"carpPosition":[23.8439,214.596,41.2785],"dipPosition":[-11.0094,221.629,-29.8446],"direction":[-0.486705,-0.769726,0.413086],"extended":false,"handId":432,"id":4323,"length":64.0291,"mcpPosition":[30.4948,251.948,-8.07537],"pipPosition":[2.38969,242.82,-41.217],"stabilizedTipPosition":[-10.2788,205.667,-11.4377],"timeVisible":2.92781,"tipPosition":[-10.7093,213.368,-16.0724],"tipVelocity":[-31.5728,309.844,-228.806],"tool":false,"touchDistance":0.333333,"touchZone":"none","type":3,"width":17.965},{"bases":[[[0.519712,-0.771193,-0.367643],[0.819363,0.328052,0.470134],[-0.241958,-0.545567,0.802379]],[[0.486756,-0.831333,-0.268242],[0.561035,0.532888,-0.633459],[0.669558,0.157847,0.725794]],[[0.486756,-0.831333,-0.268242],[-0.571215,-0.0705916,-0.817759],[0.660895,0.551273,-0.509231]],[[0.486756,-0.831333,-0.268242],[-0.859465,-0.400879,-0.3172],[0.156166,0.384944,-0.909632]]],"btipPosition":[3.99669,212.524,-12.6568],"carpPosition":[29.1032,203.941,33.6051],"dipPosition":[6.67181,219.118,-28.2388],"direction":[-0.660895,-0.551273,0.509231],"extended":false,"handId":432,"id":4324,"length":50.1976,"mcpPosition":[43.0462,235.38,-12.6326],"pipPosition":[19.518,229.833,-38.137],"stabilizedTipPosition":[5.50403,205.032,-9.2182],"timeVisible":2.92781,"tipPosition":[4.92433,213.341,-14.8372],"tipVelocity":[-31.736,306.909,-232.471],"tool":false,"touchDistance":0.333333,"touchZone":"none","type":4,"width":15.9579}],"r":[[0.993693,0.0223877,-0.109879],[0.00113808,0.977804,0.209518],[0.112131,-0.208322,0.971611]],"s":1.30816,"t":[-15.544,70.2829,-83.1471],"timestamp":89094651214},false],[6,{"currentFrameRate":55.3446,"devices":[],"gestures":[{"direction":[0.0727,0.904836,-0.419507],"duration":108336,"handIds":[432],"id":3,"pointableIds":[4321],"position":[-16.8571,310.888,-69.9988],"speed":319.117,"startPosition":[-27.7764,181.281,-9.50161],"state":"update","type":"swipe"}],"hands":[{"armBasis":[[0.835666,-0.460139,-0.29989],[0.523603,0.832289,0.182031],[0.165835,-0.30914,0.936446]],"armWidth":63.325,"confidence":0.722733,"direction":[0.0957454,0.744677,-0.660522],"elbow":[58.7032,124.626,292.08],"grabStrength":0,"id":432,"palmNormal":[-0.563788,-0.506304,-0.652533],"palmPosition":[10.7084,248.66,5.37135],"palmVelocity":[-22.4011,269.761,-185.254],"palmWidth":90.4259,"pinchStrength":0.513843,"r":[[0.99352,0.0187668,-0.112101],[0.00650953,0.975261,0.220961],[0.113474,-0.220258,0.968819]],"s":1.30904,"sphereCenter":[1.00968,228.901,-44.7941],"sphereRadius":52.1914,"stabilizedPalmPosition":[11.1106,243.897,8.63084],"t":[-15.9483,75.087,-86.4296],"timeVisible":2.94589,"type":"right","wrist":[14.2053,207.576,40.8066]}],"id":1433943,"interactionBox":{"center":[0,200,0],"size":[235.247,235.247,147.751]},"pointables":[{"bases":[[[0.853058,0.423171,0.305318],[-0.445446,0.285787,0.848472],[0.271792,-0.859798,0.432293]],[[0.732437,0.661337,0.161772],[-0.573074,0.470565,0.670936],[0.36759,-0.584126,0.723654]],[[0.732437,0.661337,0.161772],[-0.605255,0.523673,0.599528],[0.311774,-0.53703,0.783834]],[[0.732437,0.661337,0.161772],[-0.680671,0.706075,0.195307],[0.0149402,-0.253163,0.967308]]],"btipPosition":[-44.5603,264.992,-38.3864],"carpPosition":[-15.4131,211.93,46.5705],"dipPosition":[-44.2128,259.104,-15.8883],"direction":[-0.311774,0.53703,-0.783834],"extended":false,"handId":432,"id":4320,"length":51.7933,"mcpPosition":[-15.4131,211.93,46.5705],"pipPosition":[-33.6486,240.907,10.6714],"stabilizedTipPosition":[-44.3235,260.508,-31.1244],"timeVisible":2.94589,"tipPosition":[-44.1629,264.377,-32.7043],"tipVelocity":[-15.8523,283.011,-187.58],"tool":false,"touchDistance":-0.332339,"touchZone":"hovering","type":0,"width":20.1245},{"bases":[[[0.824781,-0.303666,-0.476995],[0.55112,0.620431,0.557972],[0.126505,-0.723086,0.679075]],[[0.833388,-0.442609,-0.331],[0.552304,0.689251,0.468929],[0.0205898,-0.573612,0.818868]],[[0.833388,-0.442609,-0.331],[0.507548,0.849948,0.14136],[0.218766,-0.285806,0.932983]],[[0.833388,-0.442609,-0.331],[0.425608,0.896015,-0.126548],[0.352592,-0.0354126,0.935107]]],"btipPosition":[-18.2341,311.027,-73.6507],"carpPosition":[3.13603,226.202,49.2499],"dipPosition":[-12.2472,310.425,-57.7729],"direction":[-0.218766,0.285806,-0.932983],"extended":true,"handId":432,"id":4321,"length":58.4429,"mcpPosition":[-6.11321,279.069,-0.39971],"pipPosition":[-6.99231,303.56,-35.3622],"stabilizedTipPosition":[-16.8861,309.711,-69.3802],"timeVisible":2.94589,"tipPosition":[-17.6646,308.98,-70.047],"tipVelocity":[5.03434,337.18,-162.473],"tool":false,"touchDistance":-0.876804,"touchZone":"touching","type":1,"width":19.2229},{"bases":[[[0.728171,-0.499854,-0.468948],[0.685268,0.544135,0.484071],[0.0132061,-0.673842,0.738757]],[[0.7279,-0.48995,-0.479699],[0.251327,0.841544,-0.478161],[0.637963,0.227492,0.735698]],[[0.7279,-0.48995,-0.479699],[-0.598985,-0.113848,-0.792626],[0.333734,0.864285,-0.376343]],[[0.7279,-0.48995,-0.479699],[-0.670914,-0.653332,-0.350759],[-0.141548,0.577155,-0.804274]]],"btipPosition":[-24.2844,224.619,-16.7854],"carpPosition":[13.9786,223.999,44.0221],"dipPosition":[-26.9279,235.398,-31.8056],"direction":[-0.333734,-0.864285,0.376343],"extended":false,"handId":432,"id":4322,"length":66.591,"mcpPosition":[13.0629,270.72,-7.2],"pipPosition":[-17.4965,259.823,-42.4411],"stabilizedTipPosition":[-24.414,221.177,-15.9049],"timeVisible":2.94589,"tipPosition":[-24.5388,226.136,-18.7646],"tipVelocity":[-24.2304,298.079,-218.002],"tool":false,"touchDistance":0.333333,"touchZone":"none","type":2,"width":18.8794},{"bases":[[[0.668433,-0.633155,-0.390271],[0.735613,0.485274,0.472633],[-0.109862,-0.603012,0.790131]],[[0.668717,-0.631583,-0.392327],[0.393975,0.748493,-0.533425],[0.630556,0.202143,0.749358]],[[0.668717,-0.631583,-0.392327],[-0.560497,-0.0815154,-0.824135],[0.488528,0.771012,-0.408511]],[[0.668717,-0.631583,-0.392327],[-0.743461,-0.561509,-0.363282],[0.00914741,0.534613,-0.8450