{"sensorType":"Leap","data":[[0,{"currentFrameRate":55.3294,"devices":[],"gestures":[{"center":[-92.5633,270.157,-11.921],"duration":180761,"handIds":[433],"id":3,"normal":[0.696249,0.365565,0.617737],"pointableIds":[4330],"progress":0.91598,"radius":65.3798,"state":"update","type":"circle"}],"hands":[{"armBasis":[[0.956202,-0.266279,-0.121542],[0.278576,0.955335,0.0986419],[0.0898469,-0.12818,0.987673]],"armWidth":63.325,"confidence":0.892585,"direction":[0.303897,0.241555,-0.921574],"elbow":[18.1369,164.235,365.145],"grabStrength":0,"id":433,"palmNormal":[-0.215856,-0.92471,-0.313557],"palmPosition":[2.38107,209.851,47.5905],"palmVelocity":[141.829,-25.5225,-7.66412],"palmWidth":90.4259,"pinchStrength":0.0537703,"r":[[0.931692,0.320928,0.170165],[-0.239171,0.894551,-0.377591],[-0.273401,0.3111,0.910203]],"s":1.48436,"sphereCenter":[-17.0693,182.369,13.5107],"sphereRadius":47.727,"stabilizedPalmPosition":[2.37441,209.852,47.5911],"t":[-30.1925,83.7966,-56.7991],"timeVisible":7.21256,"type":"right","wrist":[-5.9714,198.629,100.127]}],"id":1434658,"interactionBox":{"center":[0,200,0],"size":[235.247,235.247,147.751]},"pointables":[{"bases":[[[0.625764,0.755829,0.192724],[-0.768858,0.556056,0.315687],[0.13144,-0.345723,0.929085]],[[0.56092,0.823548,-0.0844861],[-0.791661,0.563437,0.236243],[0.24216,-0.0656288,0.968014]],[[0.56092,0.823548,-0.0844861],[-0.800504,0.565568,0.198305],[0.211097,-0.0436019,0.976492]],[[0.56092,0.823548,-0.0844861],[-0.816486,0.533453,-0.220858],[-0.136818,0.192865,0.97164]]],"btipPosition":[-51.5949,196.466,-10.2967],"carpPosition":[-35.6111,196.218,93.4112],"dipPosition":[-54.7771,200.951,12.3021],"direction":[-0.211097,0.0436019,-0.976492],"extended":true,"handId":433,"id":4330,"length":51.7933,"mcpPosition":[-35.6111,196.218,93.4112],"pipPosition":[-47.6242,199.474,45.3898],"stabilizedTipPosition":[-52.518,197.595,-5.03521],"timeVisible":7.21256,"tipPosition":[-51.9449,200.659,-4.55009],"tipVelocity":[184.037,-107.07,-60.9669],"tool":false,"touchDistance":0.25447,"touchZone":"hovering","type":0,"width":20.1245},{"bases":[[[0.965781,-0.249482,0.0708924],[0.234796,0.957131,0.169622],[-0.110171,-0.147172,0.982956]],[[0.971956,-0.228822,-0.0542325],[0.227955,0.973429,-0.0217619],[0.0577711,0.00878905,0.998291]],[[0.971956,-0.228822,-0.0542325],[0.199842,0.925268,-0.322402],[0.123952,0.302523,0.945048]],[[0.971956,-0.228822,-0.0542325],[0.166271,0.831784,-0.529612],[0.166297,0.505743,0.846504]]],"btipPosition":[-20.9599,208.929,-60.0257],"carpPosition":[-20.7472,214.398,91.5387],"dipPosition":[-18.1363,217.516,-45.6524],"direction":[-0.123952,-0.302523,-0.945048],"extended":true,"handId":433,"id":4331,"length":58.4429,"mcpPosition":[-12.6923,225.158,19.6713],"pipPosition":[-15.1589,224.783,-22.9518],"stabilizedTipPosition":[-20.3387,210.89,-56.7142],"timeVisible":7.21256,"tipPosition":[-21.2361,210.861,-56.4924],"tipVelocity":[243.266,52.9626,-40.6953],"tool":false,"touchDistance":0.297341,"touchZone":"hovering","type":1,"width":19.2229},{"bases":[[[0.887745,-0.426559,0.17308],[0.392217,0.89771,0.200704],[-0.240988,-0.11029,0.964241]],[[0.89027,-0.425356,0.162762],[0.335145,0.369886,-0.866523],[0.308377,0.825988,0.471855]],[[0.89027,-0.425356,0.162762],[-0.269766,-0.780446,-0.564031],[0.366941,0.458232,-0.809554]],[[0.89027,-0.425356,0.162762],[-0.440883,-0.894525,0.0738105],[0.114199,-0.13747,-0.983901]]],"btipPosition":[-19.1597,170.782,43.9026],"carpPosition":[-8.59445,213.083,92.1084],"dipPosition":[-17.027,168.214,25.5277],"direction":[-0.366941,-0.458232,0.809554],"extended":false,"handId":433,"id":4332,"length":66.591,"mcpPosition":[8.11454,220.73,25.2522],"pipPosition":[-6.65723,181.164,2.64966],"stabilizedTipPosition":[-18.8759,170.268,39.8935],"timeVisible":7.21256,"tipPosition":[-18.5175,171.062,41.1743],"tipVelocity":[118.543,-43.5092,-82.7377],"tool":false,"touchDistance":0.333333,"touchZone":"none","type":2,"width":18.8794},{"bases":[[[0.810496,-0.504591,0.297463],[0.446758,0.860967,0.243193],[-0.378819,-0.0642126,0.92324]],[[0.823642,-0.501945,0.263942],[0.438798,0.269219,-0.857308],[0.359263,0.821932,0.441992]],[[0.823642,-0.501945,0.263942],[-0.322902,-0.797685,-0.509345],[0.466206,0.334291,-0.819086]],[[0.823642,-0.501945,0.263942],[-0.542472,-0.833021,0.10863],[0.165343,-0.232653,-0.958402]]],"btipPosition":[-5.53679,171.412,56.8511],"carpPosition":[2.73819,208.794,93.6045],"dipPosition":[-2.46667,167.092,39.0553],"direction":[-0.466206,-0.334291,0.819086],"extended":false,"handId":433,"id":4333,"length":64.0291,"mcpPosition":[26.3203,212.791,36.1313],"pipPosition":[10.3681,176.295,16.5057],"stabilizedTipPosition":[-4.84494,170.42,52.7625],"timeVisible":7.21256,"tipPosition":[-4.73052,171.131,53.6681],"tipVelocity":[115.274,-27.7526,-23.4771],"tool":false,"touchDistance":0.333333,"touchZone":"none","type":3,"width":17.965},{"bases":[[[0.676171,-0.643906,0.35802],[0.532147,0.762925,0.367103],[-0.509523,-0.0577052,0.85852]],[[0.632843,-0.646463,0.42614],[0.638556,0.124491,-0.75944],[0.437899,0.75272,0.491586]],[[0.632843,-0.646463,0.42614],[-0.389067,-0.741343,-0.546843],[0.669429,0.180269,-0.720672]],[[0.632843,-0.646463,0.42614],[-0.713874,-0.700271,-0.00217902],[0.299822,-0.302831,-0.904655]]],"btipPosition":[7.21291,176.447,58.8787],"carpPosition":[11.3871,197.889,96.1211],"dipPosition":[12.3488,171.26,43.3821],"direction":[-0.669429,-0.180269,0.720672],"extended":false,"handId":433,"id":4334,"length":50.1976,"mcpPosition":[40.7487,201.214,46.6483],"pipPosition":[25.3609,174.764,29.374],"stabilizedTipPosition":[8.3887,175.255,55.316],"timeVisible":7.21256,"tipPosition":[8.34078,175.673,55.6597],"tipVelocity":[117.662,-36.8416,-13.7462],"tool":false,"touchDistance":0.333333,"touchZone":"none","type":4,"width":15.9579}],"r":[[0.931692,0.320928,0.170165],[-0.239171,0.894551,-0.377591],[-0.273401,0.3111,0.910203]],"s":1.48436,"t":[-30.1925,83.7966,-56.7991],"timestamp":89107693694},false],[1,{"currentFrameRate":55.3261,"devices":[],"gestures":[{"center":[-91.7975,268.858,-11.7033],"duration":198847,"handIds":[433],"id":3,"normal":[0.693352,0.371644,0.617368],"pointableIds":[4330],"progress":0.919373,"radius":66.0278,"state":"update","type":"circle"}],"hands":[{"armBasis":[[0.954324,-0.278725,-0.107605],[0.288245,0.953678,0.0861042],[0.0786215,-0.113188,0.990458]],"armWidth":63.325,"confidence":0.906415,"direction":[0.311412,0.239778,-0.919527],"elbow":[16.3242,168.518,365.78],"grabStrength":0,"id":433,"palmNormal":[-0.220131,-0.92312,-0.315265],"palmPosition":[3.99189,210.071,47.5363],"palmVelocity":[116.746,-7.60916,-5.44396],"palmWidth":90.4259,"pinchStrength":0.0865004,"r":[[0.9322,0.311499,0.184316],[-0.223236,0.895662,-0.384649],[-0.284902,0.317424,0.904474]],"s":1.48107,"sphereCenter":[-15.5661,183.249,13.2866],"sphereRadius":47.6486,"stabilizedPalmPosition":[3.98827,210.07,47.5365],"t":[-28.1374,83.7012,-56.893],"timeVisible":7.23065,"type":"right","wrist":[-4.77204,198.889,100.014]}],"id":1434659,"interactionBox":{"center":[0,200,0],"size":[235.247,235.247,147.751]},"pointables":[{"bases":[[[0.629644,0.751494,0.19699],[-0.767061,0.561171,0.310974],[0.12315,-0.346907,0.929779]],[[0.56345,0.821036,-0.091781],[-0.793747,0.568808,0.21546],[0.229106,-0.0485502,0.97219]],[[0.56345,0.821036,-0.091781],[-0.802384,0.570309,0.175862],[0.196733,-0.0254459,0.980127]],[[0.56345,0.821036,-0.091781],[-0.812203,0.530181,-0.24338],[-0.151164,0.211677,0.965579]]],"btipPosition":[-48.8998,195.03,-10.7887],"carpPosition":[-34.384,196.682,93.1086],"dipPosition":[-52.4157,199.953,11.6692],"direction":[-0.196733,0.0254459,-0.980127],"extended":true,"handId":433,"id":4330,"length":51.7933,"mcpPosition":[-34.384,196.682,93.1086],"pipPosition":[-45.7495,199.091,44.8801],"stabilizedTipPosition":[-49.8499,196.234,-5.59375],"timeVisible":7.23065,"tipPosition":[-49.6109,199.289,-5.13315],"tipVelocity":[165.371,-91.2716,-45.7668],"tool":false,"touchDistance":0.253025,"touchZone":"hovering","type":0,"width":20.1245},{"bases":[[[0.96359,-0.256067,0.076966],[0.24021,0.955457,0.171466],[-0.117444,-0.146735,0.982179]],[[0.970719,-0.236105,-0.0442563],[0.236188,0.971701,-0.00341704],[0.0438107,-0.00713582,0.999014]],[[0.970719,-0.236105,-0.0442563],[0.212325,0.929487,-0.301615],[0.112348,0.283386,0.952402]],[[0.970719,-0.236105,-0.0442563],[0.18131,0.840989,-0.509769],[0.157578,0.486819,0.859172]]],"btipPosition":[-18.0433,210.721,-60.5926],"carpPosition":[-19.3852,214.761,91.3376],"dipPosition":[-15.3676,218.987,-46.0041],"direction":[-0.112348,-0.283386,-0.952402],"extended":true,"handId":433,"id":4331,"length":58.4429,"mcpPosition":[-10.7984,225.489,19.5271],"pipPosition":[-12.669,225.794,-23.1269],"stabilizedTipPosition":[-17.4477,212.61,-57.2337],"timeVisible":7.23065,"tipPosition":[-18.3771,212.149,-56.9245],"tipVelocity":[203.391,72.9429,-34.9489],"tool":false,"touchDistance":0.29377,"touchZone":"hovering","type":1,"width":19.2229},{"bases":[[[0.883701,-0.432642,0.178588],[0.397022,0.894958,0.203531],[-0.247885,-0.108957,0.962643]],[[0.886159,-0.43152,0.168857],[0.346082,0.374012,-0.860431],[0.308138,0.820918,0.480776]],[[0.886159,-0.43152,0.168857],[-0.265747,-0.771786,-0.577689],[0.379606,0.467051,-0.7986]],[[0.886159,-0.43152,0.168857],[-0.445733,-0.893409,0.0560628],[0.126667,-0.124946,-0.984045]]],"btipPosition":[-17.9119,170.729,43.1553],"carpPosition":[-7.2455,213.363,91.9844],"dipPosition":[-15.5463,168.396,24.7777],"direction":[-0.379606,-0.467051,0.7986],"extended":false,"handId":433,"id":4332,"length":66.591,"mcpPosition":[9.94174,220.918,25.2391],"pipPosition":[-4.81858,181.595,2.20921],"stabilizedTipPosition":[-17.613,170.205,39.0854],"timeVisible":7.23065,"tipPosition":[-17.202,171.081,40.4134],"tipVelocity":[96.3972,-22.7887,-63.0648],"tool":false,"touchDistance":0.333333,"touchZone":"none","type":2,"width":18.8794},{"bases":[[[0.80513,-0.510187,0.302448],[0.451039,0.857831,0.246353],[-0.385136,-0.0619307,0.92078]],[[0.818507,-0.507619,0.269016],[0.446087,0.266498,-0.854392],[0.362013,0.81933,0.444573]],[[0.818507,-0.507619,0.269016],[-0.324875,-0.79518,-0.512],[0.473817,0.331679,-0.815773]],[[0.818507,-0.507619,0.269016],[-0.548712,-0.829476,0.104328],[0.170183,-0.233006,-0.957469]]],"btipPosition":[-4.25538,171.667,56.728],"carpPosition":[4.04794,208.997,93.5514],"dipPosition":[-1.09538,167.34,38.9496],"direction":[-0.473817,-0.331679,0.815773],"extended":false,"handId":433,"id":4333,"length":64.0291,"mcpPosition":[28.0233,212.852,36.2313],"pipPosition":[11.9489,176.472,16.4911],"stabilizedTipPosition":[-3.53831,170.67,52.6399],"timeVisible":7.23065,"tipPosition":[-3.42812,171.376,53.5343],"tipVelocity":[94.6994,-7.90382,-15.448],"tool":false,"touchDistance":0.333333,"touchZone":"none","type":3,"width":17.965},{"bases":[[[0.669477,-0.648604,0.362095],[0.534966,0.759171,0.370771],[-0.515376,-0.0545138,0.855229]],[[0.626057,-0.650887,0.429417],[0.642925,0.119245,-0.75659],[0.441248,0.749751,0.493126]],[[0.626057,-0.650887,0.429417],[-0.391115,-0.738522,-0.549195],[0.674597,0.175876,-0.716928]],[[0.626057,-0.650887,0.429417],[-0.718196,-0.6958,-0.00758005],[0.303722,-0.30366,-0.903075]]],"btipPosition":[8.48441,176.611,58.9125],"carpPosition":[12.6062,198.032,96.1191],"dipPosition":[13.6872,171.409,43.4429],"direction":[-0.674597,-0.175876,0.716928],"extended":false,"handId":433,"id":4334,"length":50.1976,"mcpPosition":[42.3051,201.174,46.836],"pipPosition":[26.7997,174.828,29.5075],"stabilizedTipPosition":[9.67818,175.414,55.3544],"timeVisible":7.23065,"tipPosition":[9.64603,175.824,55.6598],"tipVelocity":[95.5521,-15.1186,-6.16109],"tool":false,"touchDistance":0.333333,"touchZone":"none","type":4,"width":15.9579}],"r":[[0.9322,0.311499,0.184316],[-0.223236,0.895662,-0.384649],[-0.284902,0.317424,0.904474]],"s":1.48107,"t":[-28.1374,83.7012,-56.893],"timestamp":89107711780},false],[2,{"currentFrameRate":55.2927,"devices":[],"gestures":[{"center":[-91.0771,267.675,-11.5058],"duration":217048,"handIds":[433],"id":3,"normal":[0.690631,0.37718,0.617061],"pointableIds":[4330],"progress":0.921997,"radius":66.6392,"state":"update","type":"circle"}],"hands":[{"armBasis":[[0.952014,-0.289886,-0.09816],[0.29758,0.951704,0.075532],[0.0715236,-0.101118,0.9923]],"armWidth":63.325,"confidence":0.916118,"direction":[0.317375,0.238848,-0.917728],"elbow":[15.3161,171.924,366.131],"grabStrength":0,"id":433,"palmNormal":[-0.224741,-0.921246,-0.317485],"palmPosition":[5.21238,210.246,47.4495],"palmVelocity":[93.0175,0.603896,-5.12326],"palmWidth":90.4259,"pinchStrength":0.117524,"r":[[0.932578,0.302709,0.196637],[-0.208842,0.896786,-0.390076],[-0.294421,0.32271,0.899541]],"s":1.47852,"sphereCenter":[-14.703,184.318,13.003],"sphereRadius":47.6165,"stabilizedPalmPosition":[5.21063,210.245,47.4496],"t":[-26.4996,83.7408,-56.9834],"timeVisible":7.24885,"type":"right","wrist":[-3.87557,199.057,99.8709]}],"id":1434660,"interactionBox":{"center":[0,200,0],"size":[235.247,235.247,147.751]},"pointables":[{"bases":[[[0.633667,0.747053,0.200942],[-0.764797,0.565862,0.308035],[0.116413,-0.348871,0.929912]],[[0.566047,0.818503,-0.0982015],[-0.79529,0.573551,0.196351],[0.217037,-0.033045,0.975604]],[[0.566047,0.818503,-0.0982015],[-0.803787,0.574436,0.154754],[0.183077,-0.00866494,0.98306]],[[0.566047,0.818503,-0.0982015],[-0.808225,0.527544,-0.261667],[-0.162369,0.227484,0.960149]]],"btipPosition":[-46.662,193.697,-11.2183],"carpPosition":[-33.4683,197.055,92.8215],"dipPosition":[-50.4385,198.988,11.1134],"direction":[-0.183077,0.00866494,-0.98306],"extended":true,"handId":433,"id":4330,"length":51.7933,"mcpPosition":[-33.4683,197.055,92.8215],"pipPosition":[-44.2351,198.694,44.4236],"stabilizedTipPosition":[-47.6227,194.966,-6.0626],"timeVisible":7.24885,"tipPosition":[-47.6694,197.988,-5.64311],"tipVelocity":[143.541,-80.4293,-35.9444],"tool":false,"touchDistance":0.250708,"touchZone":"hovering","type":0,"width":20.1245},{"bases":[[[0.961493,-0.262551,0.0812244],[0.24572,0.953628,0.173824],[-0.123096,-0.147172,0.981421]],[[0.969315,-0.24305,-0.0368221],[0.243764,0.969698,0.0162895],[0.0317471,-0.0247655,0.999189]],[[0.969315,-0.24305,-0.0368221],[0.223677,0.934172,-0.278013],[0.101969,0.261246,0.959871]],[[0.969315,-0.24305,-0.0368221],[0.195095,0.851739,-0.48629],[0.149556,0.464185,0.873021]]],"btipPosition":[-15.6859,212.697,-61.1519],"carpPosition":[-18.3416,215.036,91.145],"dipPosition":[-13.1465,220.578,-46.3283],"direction":[-0.101969,-0.261246,-0.959871],"extended":true,"handId":433,"id":4331,"length":58.4429,"mcpPosition":[-9.34169,225.796,19.3898],"pipPosition":[-10.6972,226.854,-23.2716],"stabilizedTipPosition":[-15.1159,214.498,-57.7394],"timeVisible":7.24885,"tipPosition":[-16.0598,213.651,-57.361],"tipVelocity":[167.291,87.6349,-31.5145],"tool":false,"touchDistance":0.289486,"touchZone":"hovering","type":1,"width":19.2229},{"bases":[[[0.879951,-0.438719,0.18224],[0.401972,0.89205,0.206558],[-0.253188,-0.108506,0.961313]],[[0.882403,-0.437628,0.172759],[0.353971,0.3756,-0.856522],[0.30995,0.816949,0.486338]],[[0.882403,-0.437628,0.172759],[-0.264787,-0.765432,-0.586516],[0.388912,0.4718,-0.791298]],[[0.882403,-0.437628,0.172759],[-0.450747,-0.891579,0.0437622],[0.134877,-0.116486,-0.983991]]],"btipPosition":[-17.0164,170.79,42.637],"carpPosition":[-6.2147,213.557,91.8477],"dipPosition":[-14.4975,168.614,24.2605],"direction":[-0.388912,-0.4718,0.791298],"extended":false,"handId":433,"id":4332,"length":66.591,"mcpPosition":[11.3402,221.08,25.1947],"pipPosition":[-3.50685,181.947,1.89829],"stabilizedTipPosition":[-16.6692,170.273,38.5436],"timeVisible":7.24885,"tipPosition":[-16.2613,171.178,39.8536],"tipVelocity":[74.7828,-9.36787,-46.5411],"tool":false,"touchDistance":0.333333,"touchZone":"none","type":2,"width":18.8794},{"bases":[[[0.800279,-0.515894,0.305626],[0.455537,0.854512,0.24959],[-0.389923,-0.0605174,0.918857]],[[0.81384,-0.513372,0.27224],[0.45192,0.264664,-0.851893],[0.365286,0.816335,0.447397]],[[0.81384,-0.513372,0.27224],[-0.327366,-0.792136,-0.515123],[0.480101,0.330105,-0.812732]],[[0.81384,-0.513372,0.27224],[-0.554519,-0.82617,0.099754],[0.173706,-0.232146,-0.957045]]],"btipPosition":[-3.34705,171.856,56.5422],"carpPosition":[5.04193,209.114,93.4628],"dipPosition":[-0.121653,167.546,38.7716],"direction":[-0.480101,-0.330105,0.812732],"extended":false,"handId":433,"id":4333,"length":64.0291,"mcpPosition":[29.3153,212.881,36.2625],"pipPosition":[13.0956,176.634,16.3969],"stabilizedTipPosition":[-2.6114,170.864,52.4562],"timeVisible":7.24885,"tipPosition":[-2.50218,171.559,53.3335],"tipVelocity":[73.7036,0.936008,-12.8986],"tool":false,"touchDistance":0.333333,"touchZone":"none","type":3,"width":17.965},{"bases":[[[0.663428,-0.653482,0.364451],[0.538214,0.755143,0.374279],[-0.519797,-0.0521549,0.852696]],[[0.620203,-0.65556,0.430801],[0.645344,0.114187,-0.755309],[0.445959,0.74646,0.493881]],[[0.620203,-0.65556,0.430801],[-0.394408,-0.735316,-0.551137],[0.678078,0.171906,-0.714603]],[[0.620203,-0.65556,0.430801],[-0.722321,-0.691448,-0.0123028],[0.305942,-0.303546,-0.902363]]],"btipPosition":[9.37676,176.723,58.9127],"carpPosition":[13.515,198.09,96.0573],"dipPosition":[14.6175,171.523,43.4553],"direction":[-0.678078,-0.171906,0.714603],"extended":false,"handId":433,"id":4334,"length":50.1976,"mcpPosition":[43.4687,201.095,46.9201],"pipPosition":[27.7977,174.865,29.5651],"stabilizedTipPosition":[10.5809,175.527,55.3575],"timeVisible":7.24885,"tipPosition":[10.571,175.923,55.6073],"tipVelocity":[73.5645,-4.9419,-3.14002],"tool":false,"touchDistance":0.333333,"touchZone":"none","type":4,"width":15.9579}],"r":[[0.932578,0.302709,0.196637],[-0.208842,0.896786,-0.390076],[-0.294421,0.32271,0.899541]],"s":1.47852,"t":[-26.4996,83.7408,-56.9834],"timestamp":89107729981},false],[3,{"currentFrameRate":55.2976,"devices":[],"gestures":[{"center":[-88.8505,266.958,-11.5528],"duration":235115,"handIds":[433],"id":3,"normal":[0.674771,0.385575,0.629298],"pointableIds":[4330],"progress":0.925877,"radius":68.0199,"state":"update","type":"circle"}],"hands":[{"armBasis":[[0.952186,-0.292827,-0.0871484],[0.29905,0.951692,0.0696508],[0.0625427,-0.0923822,0.993757]],"armWidth":63.325,"confidence":0.927499,"direction":[0.323307,0.238818,-0.915663],"elbow":[13.8627,175.524,366.377],"grabStrength":0,"id":433,"palmNormal":[-0.222596,-0.921285,-0.31888],"palmPosition":[6.5081,211.499,47.3635],"palmVelocity":[82.8996,33.2688,-4.94871],"palmWidth":90.4259,"pinchStrength":0.142142,"r":[[0.932417,0.29572,0.207724],[-0.19677,0.897563,-0.394541],[-0.303119,0.327002,0.895091]],"s":1.47599,"sphereCenter":[-13.4007,186.027,12.7402],"sphereRadius":47.5714,"stabilizedPalmPosition":[6.50679,211.498,47.3636],"t":[-25.0329,84.3872,-57.0716],"timeVisible":7.26692,"type":"right","wrist":[-2.9191,200.313,99.7255]}],"id":1434661,"interactionBox":{"center":[0,200,0],"size":[235.247,235.247,147.751]},"pointables":[{"bases":[[[0.632285,0.74712,0.205005],[-0.766829,0.565816,0.303027],[0.110402,-0.348803,0.930671]],[[0.564196,0.819306,-0.102086],[-0.799836,0.573039,0.178573],[0.204805,-0.0190981,0.978617]],[[0.564196,0.819306,-0.102086],[-0.808344,0.573314,0.133762],[0.168119,0.00705226,0.985741]],[[0.564196,0.819306,-0.102086],[-0.805738,0.519385,-0.284651],[-0.180195,0.242853,0.95318]]],"btipPosition":[-44.1307,193.368,-11.6337],"carpPosition":[-32.4652,198.308,92.4843],"dipPosition":[-48.3218,199.016,10.5359],"direction":[-0.168119,-0.00705226,-0.985741],"extended":true,"handId":433,"id":4330,"length":51.7933,"mcpPosition":[-32.4652,198.308,92.4843],"pipPosition":[-42.6252,199.255,43.937],"stabilizedTipPosition":[-45.1777,194.677,-6.51918],"timeVisible":7.26692,"tipPosition":[-45.4505,197.632,-6.16045],"tipVelocity":[139.402,-48.7143,-30.7726],"tool":false,"touchDistance":0.247169,"touchZone":"hovering","type":0,"width":20.1245},{"bases":[[[0.960968,-0.262464,0.0874828],[0.244504,0.95366,0.175355],[-0.129453,-0.147121,0.980611]],[[0.969521,-0.243372,-0.0282725],[0.244167,0.969293,0.0292205],[0.0202929,-0.0352331,0.999173]],[[0.969521,-0.243372,-0.0282725],[0.227844,0.938005,-0.261214],[0.0900921,0.246811,0.964867]],[[0.969521,-0.243372,-0.0282725],[0.202184,0.859891,-0.468731],[0.138387,0.448728,0.882888]]],"btipPosition":[-13.245,215.003,-61.6196],"carpPosition":[-17.3296,216.29,90.9049],"dipPosition":[-10.8953,222.622,-46.6284],"direction":[-0.0900921,-0.246811,-0.964867],"extended":true,"handId":433,"id":4331,"length":58.4429,"mcpPosition":[-7.86478,227.047,19.209],"pipPosition":[-8.7312,228.551,-23.4518],"stabilizedTipPosition":[-12.7176,216.743,-58.1693],"timeVisible":7.26692,"tipPosition":[-13.6425,215.698,-57.7711],"tipVelocity":[150.854,105.059,-27.8275],"tool":false,"touchDistance":0.286501,"touchZone":"hovering","type":1,"width":19.2229},{"bases":[[[0.878787,-0.438632,0.187978],[0.400546,0.892097,0.209107],[-0.259416,-0.108467,0.959655]],[[0.881268,-0.437556,0.178636],[0.359654,0.375668,-0.854121],[0.306618,0.816957,0.488433]],[[0.881268,-0.437556,0.178636],[-0.260293,-0.764835,-0.589301],[0.394479,0.472834,-0.787918]],[[0.881268,-0.437556,0.178636],[-0.450697,-0.891826,0.0389675],[0.142261,-0.114851,-0.983143]]],"btipPosition":[-15.7129,171.982,42.3789],"carpPosition":[-5.20732,214.812,91.6865],"dipPosition":[-13.0561,169.837,24.0182],"direction":[-0.394479,-0.472834,0.787918],"extended":false,"handId":433,"id":4332,"length":66.591,"mcpPosition":[12.7794,222.333,25.1483],"pipPosition":[-1.90808,183.199,1.7516],"stabilizedTipPosition":[-15.3818,171.271,38.2252],"timeVisible":7.26692,"tipPosition":[-14.9334,172.36,39.5515],"tipVelocity":[74.366,26.6144,-31.1223],"tool":false,"touchDistance":0.333333,"touchZone":"none","type":2,"width":18.8794},{"bases":[[[0.798321,-0.515806,0.310849],[0.453834,0.854567,0.252488],[-0.395876,-0.0604931,0.916309]],[[0.812133,-0.513277,0.277463],[0.46053,0.271907,-0.844972],[0.358261,0.81401,0.457205]],[[0.812133,-0.513277,0.277463],[-0.314816,-0.785854,-0.532282],[0.491253,0.344934,-0.799806]],[[0.812133,-0.513277,0.277463],[-0.551371,-0.830681,0.0771893],[0.190863,-0.215673,-0.957631]]],"btipPosition":[-2.29314,172.5,55.8324],"carpPosition":[6.03897,210.37,93.3749],"dipPosition":[1.25085,168.495,38.0509],"direction":[-0.491253,-0.344934,0.799806],"extended":false,"handId":433,"id":4333,"length":64.0291,"mcpPosition":[30.6829,214.136,36.3331],"pipPosition":[14.7752,177.992,16.032],"stabilizedTipPosition":[-1.49532,171.568,51.7535],"timeVisible":7.26692,"tipPosition":[-1.33329,172.388,52.705],"tipVelocity":[68.3291,19.2663,-25.4996],"tool":false,"touchDistance":0.333333,"touchZone":"none","type":3,"width":17.965},{"bases":[[[0.661103,-0.653402,0.368792],[0.535708,0.755213,0.377718],[-0.525319,-0.0521459,0.849306]],[[0.618096,-0.655479,0.433941],[0.64776,0.111934,-0.753576],[0.445381,0.746872,0.493779]],[[0.618096,-0.655479,0.433941],[-0.392547,-0.735628,-0.552049],[0.681076,0.170877,-0.711995]],[[0.618096,-0.655479,0.433941],[-0.72194,-0.691756,-0.0166006],[0.311063,-0.303019,-0.900788]]],"btipPosition":[10.5502,177.976,59.0017],"carpPosition":[14.4959,199.347,96.0251],"dipPosition":[15.8787,172.785,43.5712],"direction":[-0.681076,-0.170877,0.711995],"extended":false,"handId":433,"id":4334,"length":50.1976,"mcpPosition":[44.7678,202.352,47.0832],"pipPosition":[29.1171,176.107,29.7318],"stabilizedTipPosition":[11.7747,176.781,55.4526],"timeVisible":7.26692,"tipPosition":[11.7856,177.156,55.6338],"tipVelocity":[70.0031,30.4043,0.854246],"tool":false,"touchDistance":0.333333,"touchZone":"none","type":4,"width":15.9579}],"r":[[0.932417,0.29572,0.207724],[-0.19677,0.897563,-0.394541],[-0.303119,0.327002,0.895091]],"s":1.47599,"t":[-25.0329,84.3872,-57.0716],"timestamp":89107748048},false],[4,{"currentFrameRate":55.2292,"devices":[],"gestures":[{"center":[-88.8505,266.958,-11.5528],"duration":235115,"handIds":[433],"id":3,"normal":[0.674771,0.385575,0.629298],"pointableIds":[4330],"progress":0.925877,"radius":68.0199,"state":"update","type":"circle"}],"hands":[{"armBasis":[[0.955526,-0.285885,-0.0723911],[0.29088,0.954071,0.0716772],[0.0485748,-0.0895465,0.994797]],"armWidth":63.325,"confidence":0.936822,"direction":[0.324812,0.233558,-0.916487],"elbow":[11.2234,178.281,366.483],"grabStrength":0,"id":433,"palmNormal":[-0.216104,-0.925066,-0.312333],"palmPosition":[7.71759,213.141,47.1341],"palmVelocity":[74.7549,60.2689,-8.57789],"palmWidth":90.4259,"pinchStrength":0.169071,"r":[[0.93167,0.291584,0.216726],[-0.187877,0.897263,-0.399527],[-0.310956,0.331509,0.890735]],"s":1.47324,"sphereCenter":[-12.1445,187.712,12.6135],"sphereRadius":47.5208,"stabilizedPalmPosition":[7.71669,213.139,47.1343],"t":[-23.6948,85.5313,-57.2304],"timeVisible":7.28526,"type":"right","wrist":[-1.81053,202.309,99.5524]}],"id":1434662,"interactionBox":{"center":[0,200,0],"size":[235.247,235.247,147.751]},"pointables":[{"bases":[[[0.627181,0.752458,0.201122],[-0.771139,0.563594,0.296154],[0.109492,-0.340835,0.933725]],[[0.557398,0.82242,-0.113724],[-0.806798,0.568874,0.159559],[0.19592,0.00281422,0.980616]],[[0.557398,0.82242,-0.113724],[-0.815875,0.567962,0.108475],[0.153803,0.0323211,0.987573]],[[0.557398,0.82242,-0.113724],[-0.805289,0.502215,-0.315102],[-0.202032,0.267218,0.94222]]],"btipPosition":[-41.5526,192.622,-11.7903],"carpPosition":[-31.3209,200.072,92.234],"dipPosition":[-46.2516,198.837,10.1244],"direction":[-0.153803,-0.0323211,-0.987573],"extended":true,"handId":433,"id":4330,"length":51.7933,"mcpPosition":[-31.3209,200.072,92.234],"pipPosition":[-41.0401,199.932,43.5875],"stabilizedTipPosition":[-42.691,194.065,-6.74469],"timeVisible":7.28526,"tipPosition":[-43.2378,196.932,-6.46517],"tipVelocity":[136.895,-41.4468,-21.6307],"tool":false,"touchDistance":0.247296,"touchZone":"hovering","type":0,"width":20.1245},{"bases":[[[0.962224,-0.256039,0.0925707],[0.238279,0.956445,0.168629],[-0.131714,-0.140201,0.981323]],[[0.970999,-0.238117,-0.0214828],[0.23871,0.970583,0.0314156],[0.0133703,-0.0356326,0.999276]],[[0.970999,-0.238117,-0.0214828],[0.225062,0.940674,-0.253928],[0.0806728,0.241729,0.966985]],[[0.970999,-0.238117,-0.0214828],[0.202004,0.865151,-0.45903],[0.127889,0.441378,0.888161]]],"btipPosition":[-11.3373,216.602,-62.1602],"carpPosition":[-16.2873,218.131,90.5611],"dipPosition":[-9.16582,224.096,-47.0795],"direction":[-0.0806728,-0.241729,-0.966985],"extended":true,"handId":433,"id":4331,"length":58.4429,"mcpPosition":[-6.65715,228.381,18.8131],"pipPosition":[-7.22801,229.903,-23.852],"stabilizedTipPosition":[-10.8471,218.318,-58.689],"timeVisible":7.28526,"tipPosition":[-11.7476,217.124,-58.2673],"tipVelocity":[127.284,95.7089,-28.0784],"tool":false,"touchDistance":0.280984,"touchZone":"hovering","type":1,"width":19.2229},{"bases":[[[0.880768,-0.431901,0.194187],[0.394574,0.896079,0.203355],[-0.261837,-0.102488,0.959655]],[[0.883254,-0.430892,0.184917],[0.360118,0.370809,-0.856046],[0.300294,0.822698,0.482691]],[[0.883254,-0.430892,0.184917],[-0.253813,-0.770953,-0.584132],[0.39426,0.469003,-0.790314]],[[0.883254,-0.430892,0.184917],[-0.445486,-0.894197,0.0442112],[0.146302,-0.121428,-0.981759]]],"btipPosition":[-14.2631,173.442,42.4019],"carpPosition":[-4.15902,216.731,91.3925],"dipPosition":[-11.5309,171.175,24.0671],"direction":[-0.39426,-0.469003,0.790314],"extended":false,"handId":433,"id":4332,"length":66.591,"mcpPosition":[13.9955,223.837,24.8544],"pipPosition":[-0.38903,184.429,1.7327],"stabilizedTipPosition":[-13.8483,172.719,38.1898],"timeVisible":7.28526,"tipPosition":[-13.4752,173.791,39.542],"tipVelocity":[77.0634,51.3279,-15.4215],"tool":false,"touchDistance":0.333333,"touchZone":"none","type":2,"width":18.8794},{"bases":[[[0.800369,-0.508588,0.317406],[0.447945,0.859208,0.247198],[-0.39844,-0.055669,0.915504]],[[0.814323,-0.506229,0.28392],[0.462916,0.271382,-0.843837],[0.350124,0.818587,0.455334]],[[0.814323,-0.506229,0.28392],[-0.302864,-0.787903,-0.536174],[0.495128,0.350629,-0.794926]],[[0.814323,-0.506229,0.28392],[-0.544024,-0.836194,0.0694049],[0.202277,-0.210977,-0.956333]]],"btipPosition":[-1.02184,173.752,55.5835],"carpPosition":[7.10797,212.369,93.1512],"dipPosition":[2.73408,169.835,37.8261],"direction":[-0.495128,-0.350629,0.794926],"extended":false,"handId":433,"id":4333,"length":64.0291,"mcpPosition":[31.9115,215.835,36.1596],"pipPosition":[16.3651,179.488,15.9416],"stabilizedTipPosition":[-0.177573,172.832,51.503],"timeVisible":7.28526,"tipPosition":[0.00863169,173.711,52.4532],"tipVelocity":[70.0745,43.3139,-19.6263],"tool":false,"touchDistance":0.333333,"touchZone":"none","type":3,"width":17.965},{"bases":[[[0.663786,-0.646541,0.375996],[0.530006,0.761328,0.373461],[-0.527714,-0.0486186,0.848029]],[[0.620859,-0.648365,0.440633],[0.649796,0.111214,-0.751928],[0.438519,0.753163,0.490353]],[[0.620859,-0.648365,0.440633],[-0.383817,-0.741522,-0.550299],[0.683534,0.172535,-0.709234]],[[0.620859,-0.648365,0.440633],[-0.716233,-0.697645,-0.0173579],[0.31866,-0.30482,-0.897519]]],"btipPosition":[11.8772,179.621,58.9755],"carpPosition":[15.6217,201.418,95.9146],"dipPosition":[17.3358,174.4,43.601],"direction":[-0.683534,-0.172535,0.709234],"extended":false,"handId":433,"id":4334,"length":50.1976,"mcpPosition":[46.0316,204.22,47.0462],"pipPosition":[30.6221,177.754,29.8152],"stabilizedTipPosition":[13.132,178.42,55.4393],"timeVisible":7.28526,"tipPosition":[13.153,178.816,55.6353],"tipVelocity":[71.9101,58.6932,0.0954456],"tool":false,"touchDistance":0.333333,"touchZone":"none","type":4,"width":15.9579}],"r":[[0.93167,0.291584,0.216726],[-0.187877,0.897263,-0.399527],[-0.310956,0.331509,0.890735]],"s":1.47324,"t":[-23.6948,85.5313,-57.2304],"timestamp":89107766391},false],[5,{"currentFrameRate":55.2319,"devices":[],"gestures":[{"center":[-88.8505,266.958,-11.5528],"duration":235115,"handIds":[433],"id":3,"normal":[0.674771,0.385575,0.629298],"pointableIds":[4330],"progress":0.925877,"radius":68.0199,"state":"update","type":"circle"}],"hands":[{"armBasis":[[0.959118,-0.276493,-0.0603651],[0.28065,0.95671,0.0770855],[0.0364383,-0.0908756,0.995195]],"armWidth":63.325,"confidence":0.943106,"direction":[0.325138,0.224963,-0.918519],"elbow":[8.81199,180.114,367.13],"grabStrength":0,"id":433,"palmNormal":[-0.209938,-0.929885,-0.30206],"palmPosition":[8.59681,214.784,47.5709],"palmVelocity":[62.31,74.7916,6.97877],"palmWidth":90.4259,"pinchStrength":0.200995,"r":[[0.930563,0.289922,0.223601],[-0.181649,0.895832,-0.405572],[-0.317893,0.336793,0.886292]],"s":1.47017,"sphereCenter":[-11.451,189.452,13.1924],"sphereRadius":47.5285,"stabilizedPalmPosition":[8.59627,214.783,47.5706],"t":[-22.5861,86.9249,-57.0914],"timeVisible":7.30336,"type":"right","wrist":[-0.965358,204.498,100.093]}],"id":1434663,"interactionBox":{"center":[0,200,0],"size":[235.247,235.247,147.751]},"pointables":[{"bases":[[[0.622258,0.758496,0.193595],[-0.775078,0.562293,0.288238],[0.109771,-0.329409,0.937785]],[[0.549968,0.824941,-0.130412],[-0.813444,0.564478,0.140267],[0.189327,0.028941,0.981488]],[[0.549968,0.824941,-0.130412],[-0.822834,0.561943,0.0846342],[0.143103,0.0607618,0.987841]],[[0.549968,0.824941,-0.130412],[-0.802175,0.478285,-0.357433],[-0.232487,0.30119,0.924789]]],"btipPosition":[-39.2816,191.499,-10.9245],"carpPosition":[-30.4478,201.999,92.7467],"dipPosition":[-44.6889,198.504,10.5848],"direction":[-0.143103,-0.0607618,-0.987841],"extended":true,"handId":433,"id":4330,"length":51.7933,"mcpPosition":[-30.4478,201.999,92.7467],"pipPosition":[-39.8399,200.563,44.057],"stabilizedTipPosition":[-40.5587,193.125,-5.9892],"timeVisible":7.30336,"tipPosition":[-41.3314,195.952,-5.81988],"tipVelocity":[127.195,-46.4702,8.95962],"tool":false,"touchDistance":0.262742,"touchZone":"hovering","type":0,"width":20.1245},{"bases":[[[0.96357,-0.24914,0.0972698],[0.232196,0.959743,0.158045],[-0.132729,-0.129702,0.982629]],[[0.972412,-0.232782,-0.0150545],[0.233164,0.971883,0.0328226],[0.00699067,-0.0354273,0.999348]],[[0.972412,-0.232782,-0.0150545],[0.222048,0.943482,-0.246041],[0.0714776,0.23591,0.969143]],[[0.972412,-0.232782,-0.0150545],[0.201581,0.871041,-0.447943],[0.117386,0.43255,0.893936]]],"btipPosition":[-9.82426,218.112,-62.0762],"carpPosition":[-15.52,220.128,90.8936],"dipPosition":[-7.83108,225.457,-46.8974],"direction":[-0.0714776,-0.23591,-0.969143],"extended":true,"handId":433,"id":4331,"length":58.4429,"mcpPosition":[-5.81567,229.611,19.0501],"pipPosition":[-6.11414,231.123,-23.6181],"stabilizedTipPosition":[-9.37132,219.796,-58.5854],"timeVisible":7.30336,"tipPosition":[-10.2587,218.404,-58.1177],"tipVelocity":[105.438,88.9794,-11.9249],"tool":false,"touchDistance":0.284654,"touchZone":"hovering","type":1,"width":19.2229},{"bases":[[[0.882982,-0.424311,0.200755],[0.388786,0.900725,0.19375],[-0.263035,-0.0930269,0.960291]],[[0.885433,-0.423411,0.191656],[0.359991,0.363973,-0.859029],[0.293965,0.829606,0.474698]],[[0.885433,-0.423411,0.191656],[-0.246758,-0.777718,-0.578157],[0.393852,0.464626,-0.793097]],[[0.885433,-0.423411,0.191656],[-0.439673,-0.896759,0.0501079],[0.150653,-0.128633,-0.980182]]],"btipPosition":[-13.1727,174.794,43.1606],"carpPosition":[-3.38514,218.811,91.7632],"dipPosition":[-10.3592,172.392,24.8552],"direction":[-0.393852,-0.464626,0.793097],"extended":false,"handId":433,"id":4332,"length":66.591,"mcpPosition":[14.8525,225.261,25.181],"pipPosition":[0.771134,185.522,2.44218],"stabilizedTipPosition":[-12.64,174.11,38.8846],"timeVisible":7.30336,"tipPosition":[-12.3698,175.119,40.2631],"tipVelocity":[69.5625,61.6208,12.029],"tool":false,"touchDistance":0.333333,"touchZone":"none","type":2,"width":18.8794},{"bases":[[[0.802813,-0.500061,0.324701],[0.442295,0.864684,0.238111],[-0.399833,-0.0475452,0.915354]],[[0.816914,-0.497985,0.290968],[0.46585,0.272264,-0.841936],[0.340051,0.823337,0.454403]],[[0.816914,-0.497985,0.290968],[-0.289096,-0.790083,-0.540549],[0.499073,0.357465,-0.789395]],[[0.816914,-0.497985,0.290968],[-0.535718,-0.842049,0.062922],[0.213675,-0.207279,-0.954662]]],"btipPosition":[-0.011487,174.947,55.8922],"carpPosition":[7.90455,214.538,93.5926],"dipPosition":[3.95606,171.099,38.1659],"direction":[-0.499073,-0.357464,0.789395],"extended":false,"handId":433,"id":4333,"length":64.0291,"mcpPosition":[32.7948,217.498,36.6103],"pipPosition":[17.6957,180.94,16.4336],"stabilizedTipPosition":[0.883611,174.042,51.8101],"timeVisible":7.30336,"tipPosition":[1.06772,174.99,52.837],"tipVelocity":[64.581,54.5412,-1.99159],"tool":false,"touchDistance":0.333333,"touchZone":"none","type":3,"width":17.965},{"bases":[[[0.666951,-0.638154,0.384624],[0.524703,0.76876,0.365643],[-0.52902,-0.0420521,0.847567]],[[0.624108,-0.639495,0.448926],[0.650885,0.107669,-0.751502],[0.432247,0.761218,0.483435]],[[0.624108,-0.639495,0.448926],[-0.374632,-0.749129,-0.546312],[0.685667,0.172776,-0.707113]],[[0.624108,-0.639495,0.448926],[-0.709719,-0.704289,-0.0165904],[0.326783,-0.308257,-0.893415]]],"btipPosition":[12.8493,181.267,59.7164],"carpPosition":[16.4788,203.671,96.4973],"dipPosition":[18.4471,175.987,44.4123],"direction":[-0.685667,-0.172776,0.707113],"extended":false,"handId":433,"id":4334,"length":50.1976,"mcpPosition":[46.9639,206.094,47.6557],"pipPosition":[31.7748,179.345,30.6678],"stabilizedTipPosition":[14.1354,180.05,56.1954],"timeVisible":7.30336,"tipPosition":[14.181,180.48,56.4073],"tipVelocity":[64.1007,73.6718,19.9483],"tool":false,"touchDistance":0.333333,"touchZone":"none","type":4,"width":15.9579}],"r":[[0.930563,0.289922,0.223601],[-0.181649,0.895832,-0.405572],[-0.317893,0.336793,0.886292]],"s":1.47017,"t":[-22.5861,86.9249,-57.0914],"timestamp":89107784487},false],[6,{"currentFrameRate":55.346,"devices":[],"gestures":[{"center":[-88.8505,266.958,-11.5528],"duration":235115,"handIds":[433],"id":3,"normal":[0.674771,0.385575,0.629298],"pointableIds":[4330],"progress":0.925877,"radius":68.0199,"state":"update","type":"circle"}],"hands":[{"armBasis":[[0.960786,-0.272559,-0.0510041],[0.275896,0.958066,0.0773978],[0.0277698,-0.0884346,0.995695]],"armWidth":63.325,"confidence":0.949752,"direction":[0.32435,0.218504,-0.920355],"elbow":[6.9563,182.403,367.468],"grabStrength":0,"id":433,"palmNormal":[-0.207522,-0.932817,-0.294597],"palmPosition":[9.02894,216.025,47.6922],"palmVelocity":[44.6061,72.646,6.92585],"palmWidth":90.4259,"pinchStrength":0.233561,"r":[[0.929489,0.289471,0.228596],[-0.177119,0.893906,-0.411777],[-0.323541,0.342253,0.882147]],"s":1.46661,"sphereCenter":[-11.392,190.922,13.4124],"sphereRadius":47.5368,"stabilizedPalmPosition":[9.02867,216.024,47.6921],"t":[-21.8157,88.2422,-56.9613],"timeVisible":7.32103,"type":"right","wrist":[-0.495072,206.133,100.297]}],"id":1434664,"interactionBox":{"center":[0,200,0],"size":[235.247,235.247,147.751]},"pointables":[{"bases":[[[0.620274,0.761668,0.187407],[-0.776514,0.562505,0.283925],[0.110839,-0.321635,0.940354]],[[0.545793,0.825627,-0.143005],[-0.817764,0.562058,0.123907],[0.182678,0.0493172,0.981935]],[[0.545793,0.825627,-0.143005],[-0.827574,0.557882,0.0623605],[0.131267,0.0843115,0.987755]],[[0.545793,0.825627,-0.143005],[-0.796992,0.45883,-0.392783],[-0.258677,0.328353,0.908444]]],"btipPosition":[-37.466,190.555,-10.3331],"carpPosition":[-29.9722,203.496,92.9773],"dipPosition":[-43.4824,198.192,10.796],"direction":[-0.131267,-0.0843115,-0.987755],"extended":true,"handId":433,"id":4330,"length":51.7933,"mcpPosition":[-29.9722,203.496,92.9773],"pipPosition":[-39.0346,201.049,44.2653],"stabilizedTipPosition":[-38.8725,192.323,-5.48025],"timeVisible":7.32103,"tipPosition":[-39.8709,195.058,-5.40613],"tipVelocity":[112.046,-45.8564,18.1035],"tool":false,"touchDistance":0.272367,"touchZone":"hovering","type":0,"width":20.1245},{"bases":[[[0.96425,-0.245791,0.0990339],[0.229671,0.961586,0.150344],[-0.132183,-0.122224,0.983661]],[[0.973001,-0.230471,-0.0123188],[0.230767,0.972383,0.0348874],[0.00393809,-0.0367883,0.999315]],[[0.973001,-0.230471,-0.0123188],[0.220953,0.945586,-0.238846],[0.0666957,0.229676,0.970979]],[[0.973001,-0.230471,-0.0123188],[0.201919,0.875883,-0.438244],[0.111793,0.423925,0.898772]]],"btipPosition":[-9.09723,219.441,-62.1936],"carpPosition":[-15.0932,221.649,90.9764],"dipPosition":[-7.19902,226.639,-46.9328],"direction":[-0.0666957,-0.229676,-0.970979],"extended":true,"handId":433,"id":4331,"length":58.4429,"mcpPosition":[-5.42881,230.585,19.0575],"pipPosition":[-5.59696,232.156,-23.6093],"stabilizedTipPosition":[-8.66278,221.093,-58.6833],"timeVisible":7.32103,"tipPosition":[-9.51479,219.592,-58.2008],"tipVelocity":[74.7912,81.6429,-8.95635],"tool":false,"touchDistance":0.283533,"touchZone":"hovering","type":1,"width":19.2229},{"bases":[[[0.884151,-0.420346,0.203929],[0.386425,0.903272,0.186482],[-0.26259,-0.0860747,0.961061]],[[0.886545,-0.41953,0.195018],[0.359594,0.359649,-0.861014],[0.291083,0.833455,0.469706]],[[0.886545,-0.41953,0.195018],[-0.242671,-0.780575,-0.576032],[0.393889,0.463353,-0.793823]],[[0.886545,-0.41953,0.195018],[-0.436402,-0.898279,0.0514558],[0.153593,-0.130724,-0.979449]]],"btipPosition":[-12.691,175.763,43.4437],"carpPosition":[-2.95468,220.372,91.8538],"dipPosition":[-9.82257,173.322,25.152],"direction":[-0.393889,-0.463353,0.793823],"extended":false,"handId":433,"id":4332,"length":66.591,"mcpPosition":[15.2521,226.34,25.2182],"pipPosition":[1.30877,186.416,2.71849],"stabilizedTipPosition":[-12.0961,175.085,39.1992],"timeVisible":7.32103,"tipPosition":[-11.8703,176.089,40.511],"tipVelocity":[50.1126,58.2163,13.9785],"tool":false,"touchDistance":0.333333,"touchZone":"none","type":2,"width":18.8794},{"bases":[[[0.804209,-0.495319,0.328492],[0.440038,0.867728,0.231116],[-0.399518,-0.0413167,0.915794]],[[0.818361,-0.493464,0.294581],[0.467272,0.272915,-0.840936],[0.334576,0.825839,0.453925]],[[0.818361,-0.493464,0.294581],[-0.280006,-0.789982,-0.545459],[0.501878,0.363898,-0.784663]],[[0.818361,-0.493464,0.294581],[-0.530214,-0.846029,0.0557474],[0.221715,-0.201813,-0.953999]]],"btipPosition":[0.427685,175.775,55.8654],"carpPosition":[8.34673,216.144,93.7146],"dipPosition":[4.54452,172.028,38.1514],"direction":[-0.501878,-0.363898,0.784663],"extended":false,"handId":433,"id":4333,"