{"sensorType":"Leap","data":[[0,{"currentFrameRate":55.3046,"devices":[],"gestures":[],"hands":[{"armBasis":[[0.874175,-0.226099,-0.429763],[0.40239,0.832684,0.380421],[0.271844,-0.505487,0.818892]],"armWidth":63.325,"confidence":0.50552,"direction":[0.135924,0.823233,-0.551191],"elbow":[82.3768,91.3677,264.4],"grabStrength":0.0139044,"id":433,"palmNormal":[-0.389629,-0.467104,-0.793727],"palmPosition":[8.15512,271.621,13.6311],"palmVelocity":[-22.1832,199.953,-145.823],"palmWidth":90.4259,"pinchStrength":0.686516,"r":[[0.995826,0.028341,0.0867628],[-0.0543616,0.947747,0.314358],[-0.0733199,-0.317762,0.945331]],"s":1.07513,"sphereCenter":[-0.846332,257.464,-38.3834],"sphereRadius":48.494,"stabilizedPalmPosition":[8.3853,269.131,15.4839],"t":[-21.5414,141.614,-88.2974],"timeVisible":0.325403,"type":"right","wrist":[9.4339,227.003,44.6696]}],"id":1434278,"interactionBox":{"center":[0,200,0],"size":[235.247,235.247,147.751]},"pointables":[{"bases":[[[0.741556,0.448598,0.498853],[-0.611874,0.147281,0.777122],[0.275143,-0.881515,0.383703]],[[0.601711,0.72438,0.336477],[-0.748075,0.363498,0.555205],[0.27987,-0.585783,0.760612]],[[0.601711,0.72438,0.336477],[-0.766788,0.405983,0.497206],[0.223562,-0.557181,0.799731]],[[0.601711,0.72438,0.336477],[-0.79722,0.518941,0.308448],[0.048822,-0.453843,0.889743]]],"btipPosition":[-43.6115,286.826,-40.2112],"carpPosition":[-21.0169,228.331,45.3137],"dipPosition":[-42.476,276.27,-19.5171],"direction":[-0.223562,0.557181,-0.799731],"extended":false,"handId":433,"id":4330,"length":51.7933,"mcpPosition":[-21.0169,228.331,45.3137],"pipPosition":[-34.9007,257.391,7.58112],"stabilizedTipPosition":[-43.7469,278.466,-28.2667],"timeVisible":0.325403,"tipPosition":[-43.5193,284.805,-35.1409],"tipVelocity":[11.986,154.504,-191.567],"tool":false,"touchDistance":-0.119672,"touchZone":"hovering","type":0,"width":20.1245},{"bases":[[[0.920777,-0.179844,-0.346159],[0.382508,0.590357,0.71075],[0.0765333,-0.786851,0.612379]],[[0.921878,-0.192343,-0.33637],[0.32649,0.853092,0.406987],[0.208674,-0.485014,0.849245]],[[0.921878,-0.192343,-0.33637],[0.271937,0.939561,0.208029],[0.276028,-0.283249,0.918465]],[[0.921878,-0.192343,-0.33637],[0.225791,0.972141,0.0629293],[0.314896,-0.133963,0.939625]]],"btipPosition":[-31.1814,330.892,-66.2352],"carpPosition":[-4.69905,243.576,52.814],"dipPosition":[-25.8346,328.618,-50.2807],"direction":[-0.276028,0.283249,-0.918465],"extended":true,"handId":433,"id":4331,"length":58.4429,"mcpPosition":[-10.2947,301.106,8.04077],"pipPosition":[-19.2042,321.814,-28.2186],"stabilizedTipPosition":[-30.0424,329.529,-61.389],"timeVisible":0.325403,"tipPosition":[-30.0704,329.45,-62.7934],"tipVelocity":[-2.15317,196.126,-165.937],"tool":false,"touchDistance":0.132499,"touchZone":"hovering","type":1,"width":19.2229},{"bases":[[[0.843861,-0.382486,-0.376301],[0.534257,0.534035,0.655268],[-0.0496725,-0.753997,0.654997]],[[0.84415,-0.37786,-0.380307],[0.262372,0.909807,-0.321579],[0.467517,0.171679,0.867153]],[[0.84415,-0.37786,-0.380307],[-0.136339,0.534752,-0.833938],[0.518481,0.755819,0.399893]],[[0.84415,-0.37786,-0.380307],[-0.321638,0.210578,-0.92315],[0.428906,0.901598,0.056225]]],"btipPosition":[-34.5636,248.716,-49.8361],"carpPosition":[7.04955,242.858,49.4675],"dipPosition":[-26.5535,265.554,-48.7861],"direction":[-0.518481,-0.755819,-0.399893],"extended":false,"handId":433,"id":4332,"length":66.591,"mcpPosition":[10.4936,295.137,4.05294],"pipPosition":[-11.9012,286.914,-37.4851],"stabilizedTipPosition":[-34.6137,247.618,-44.4505],"timeVisible":0.325403,"tipPosition":[-32.5712,254.585,-51.1229],"tipVelocity":[46.0583,92.7106,-114.753],"tool":false,"touchDistance":-0.100289,"touchZone":"hovering","type":2,"width":18.8794},{"bases":[[[0.784662,-0.528436,-0.324131],[0.591327,0.481036,0.647254],[-0.186114,-0.699543,0.689929]],[[0.789234,-0.510076,-0.341953],[0.359457,0.835204,-0.416203],[0.497896,0.205565,0.842522]],[[0.789234,-0.510076,-0.341953],[-0.0843749,0.46149,-0.883124],[0.608268,0.725844,0.321186]],[[0.789234,-0.510076,-0.341953],[-0.297858,0.168988,-0.939534],[0.53702,0.843365,-0.0185588]]],"btipPosition":[-19.4191,238.082,-43.909],"carpPosition":[17.8202,239.304,44.9481],"dipPosition":[-9.44758,253.742,-44.2536],"direction":[-0.608268,-0.725844,-0.321186],"extended":false,"handId":433,"id":4333,"length":64.0291,"mcpPosition":[29.4061,282.852,1.99889],"pipPosition":[7.2982,273.724,-35.4113],"stabilizedTipPosition":[-17.856,239.758,-42.1568],"timeVisible":0.325403,"tipPosition":[-16.6876,243.479,-45.6711],"tipVelocity":[47.7274,146.49,-131.071],"tool":false,"touchDistance":0.0500713,"touchZone":"hovering","type":3,"width":17.965},{"bases":[[[0.649285,-0.678017,-0.34456],[0.68739,0.329283,0.647354],[-0.32546,-0.657165,0.679861]],[[0.60295,-0.755629,-0.255882],[0.602061,0.641429,-0.47549],[0.523424,0.13264,0.841685]],[[0.60295,-0.755629,-0.255882],[0.0644354,0.365822,-0.928452],[0.795172,0.543322,0.269262]],[[0.60295,-0.755629,-0.255882],[-0.225871,0.145929,-0.963165],[0.765136,0.638537,-0.082687]]],"btipPosition":[-2.8337,241.82,-35.2761],"carpPosition":[25.3675,230.11,37.2956],"dipPosition":[10.273,252.758,-36.6925],"direction":[-0.795172,-0.543322,-0.269262],"extended":false,"handId":433,"id":4334,"length":50.1976,"mcpPosition":[44.1224,267.98,-1.88188],"pipPosition":[25.7292,263.319,-31.4587],"stabilizedTipPosition":[-0.0991212,243.068,-34.6759],"timeVisible":0.325403,"tipPosition":[1.08683,245.579,-37.3182],"tipVelocity":[31.7208,175.585,-119.456],"tool":false,"touchDistance":0.132677,"touchZone":"hovering","type":4,"width":15.9579}],"r":[[0.995826,0.028341,0.0867628],[-0.0543616,0.947747,0.314358],[-0.0733199,-0.317762,0.945331]],"s":1.07513,"t":[-21.5414,141.614,-88.2974],"timestamp":89100806533},false],[1,{"currentFrameRate":55.2939,"devices":[],"gestures":[],"hands":[{"armBasis":[[0.877461,-0.21429,-0.429117],[0.393641,0.832907,0.388989],[0.274059,-0.510241,0.815197]],"armWidth":63.325,"confidence":0.506029,"direction":[0.135164,0.819513,-0.556892],"elbow":[83.1903,93.2378,261.593],"grabStrength":0.0121211,"id":433,"palmNormal":[-0.37847,-0.476728,-0.793405],"palmPosition":[8.34518,274.49,11.4235],"palmVelocity":[-6.63005,180.145,-134.396],"palmWidth":90.4259,"pinchStrength":0.677291,"r":[[0.993975,0.0416325,0.101391],[-0.0723957,0.943921,0.322136],[-0.0822937,-0.327536,0.941248]],"s":1.08228,"sphereCenter":[0.0813299,259.822,-40.5521],"sphereRadius":48.5231,"stabilizedPalmPosition":[8.36326,272.076,13.2531],"t":[-21.6352,144.82,-90.6986],"timeVisible":0.343525,"type":"right","wrist":[9.65323,230.149,42.854]}],"id":1434279,"interactionBox":{"center":[0,200,0],"size":[235.247,235.247,147.751]},"pointables":[{"bases":[[[0.73336,0.458347,0.502096],[-0.620436,0.149302,0.769914],[0.277924,-0.876143,0.393868]],[[0.592932,0.731852,0.335893],[-0.755131,0.360478,0.54757],[0.279658,-0.578315,0.766383]],[[0.592932,0.731852,0.335893],[-0.774544,0.404238,0.486491],[0.220259,-0.54862,0.806537]],[[0.592932,0.731852,0.335893],[-0.804566,0.521209,0.284629],[0.0332354,-0.439014,0.897865]]],"btipPosition":[-42.9209,288.744,-43.0368],"carpPosition":[-20.8113,231.255,43.1939],"dipPosition":[-42.1479,278.533,-22.1538],"direction":[-0.220259,0.54862,-0.806537],"extended":false,"handId":433,"id":4330,"length":51.7933,"mcpPosition":[-20.8113,231.255,43.1939],"pipPosition":[-34.6846,259.944,5.17505],"stabilizedTipPosition":[-43.4605,280.729,-31.1109],"timeVisible":0.343525,"tipPosition":[-42.9189,286.81,-37.9382],"tipVelocity":[22.2302,133.421,-173.456],"tool":false,"touchDistance":-0.166042,"touchZone":"hovering","type":0,"width":20.1245},{"bases":[[[0.925387,-0.175894,-0.335739],[0.371241,0.599216,0.70931],[0.0764165,-0.781026,0.619805]],[[0.926451,-0.187863,-0.326185],[0.316237,0.858466,0.40377],[0.204166,-0.477225,0.854735]],[[0.926451,-0.187863,-0.326185],[0.263298,0.942705,0.204895],[0.269004,-0.275709,0.922833]],[[0.926451,-0.187863,-0.326185],[0.218612,0.973967,0.05997],[0.306428,-0.126867,0.943402]]],"btipPosition":[-30.6488,332.94,-69.2758],"carpPosition":[-4.67992,246.684,50.7198],"dipPosition":[-25.4457,330.786,-53.2571],"direction":[-0.269004,0.275709,-0.922833],"extended":true,"handId":433,"id":4331,"length":58.4429,"mcpPosition":[-10.267,303.788,5.40367],"pipPosition":[-18.9841,324.164,-31.0902],"stabilizedTipPosition":[-29.6921,331.259,-63.8826],"timeVisible":0.343525,"tipPosition":[-29.557,331.522,-65.8159],"tipVelocity":[11.9948,157.291,-166.428],"tool":false,"touchDistance":0.082068,"touchZone":"hovering","type":1,"width":19.2229},{"bases":[[[0.850266,-0.379354,-0.364882],[0.523932,0.543559,0.655773],[-0.050435,-0.748755,0.660925]],[[0.850513,-0.375514,-0.368263],[0.253807,0.906291,-0.337961],[0.460662,0.193972,0.866121]],[[0.850513,-0.375514,-0.368263],[-0.140728,0.512174,-0.847274],[0.506778,0.772442,0.382766]],[[0.850513,-0.375514,-0.368263],[-0.321492,0.182969,-0.929067],[0.416258,0.908577,0.0348932]]],"btipPosition":[-33.5595,249.852,-51.2901],"carpPosition":[7.10548,246.026,47.4927],"dipPosition":[-25.7856,266.82,-50.6384],"direction":[-0.506778,-0.772442,-0.382766],"extended":false,"handId":433,"id":4332,"length":66.591,"mcpPosition":[10.6024,297.941,1.66712],"pipPosition":[-11.464,288.65,-39.8214],"stabilizedTipPosition":[-33.6234,249.756,-46.7814],"timeVisible":0.343525,"tipPosition":[-31.6416,255.701,-52.7088],"tipVelocity":[49.0825,79.2075,-100.726],"tool":false,"touchDistance":-0.126049,"touchZone":"touching","type":2,"width":18.8794},{"bases":[[[0.791645,-0.525294,-0.312034],[0.581466,0.490921,0.648763],[-0.187607,-0.695027,0.694076]],[[0.796256,-0.507038,-0.329982],[0.355531,0.833534,-0.42287],[0.489462,0.219394,0.843974]],[[0.796256,-0.507038,-0.329982],[-0.0817304,0.450299,-0.88913],[0.599413,0.734945,0.317113]],[[0.796256,-0.507038,-0.329982],[-0.291982,0.155618,-0.943679],[0.529832,0.847759,-0.0241341]]],"btipPosition":[-18.4493,240.064,-45.8565],"carpPosition":[17.9453,242.514,43.1077],"dipPosition":[-8.61128,255.806,-46.3046],"direction":[-0.599413,-0.734945,-0.317113],"extended":false,"handId":433,"id":4333,"length":64.0291,"mcpPosition":[29.6241,285.781,-0.0997176],"pipPosition":[7.89071,276.039,-37.5744],"stabilizedTipPosition":[-17.0474,241.66,-43.9986],"timeVisible":0.343525,"tipPosition":[-15.7686,245.394,-47.5934],"tipVelocity":[49.6753,129.326,-120.458],"tool":false,"touchDistance":0.0172172,"touchZone":"hovering","type":3,"width":17.965},{"bases":[[[0.65758,-0.67605,-0.332482],[0.678643,0.339897,0.651087],[-0.327158,-0.653778,0.682306]],[[0.611594,-0.752379,-0.244702],[0.5988,0.642338,-0.478372],[0.517099,0.146042,0.843375]],[[0.611594,-0.752379,-0.244702],[0.0657394,0.356548,-0.931961],[0.788436,0.553895,0.267523]],[[0.611594,-0.752379,-0.244702],[-0.221973,0.133692,-0.965844],[0.759395,0.645022,-0.0852423]]],"btipPosition":[-2.01774,244.039,-37.0873],"carpPosition":[25.6341,233.312,35.6071],"dipPosition":[10.9907,255.088,-38.5475],"direction":[-0.788436,-0.553895,-0.267523],"extended":false,"handId":433,"id":4334,"length":50.1976,"mcpPosition":[44.4868,270.986,-3.7113],"pipPosition":[26.3159,265.855,-33.3475],"stabilizedTipPosition":[0.570767,245.26,-36.3905],"timeVisible":0.343525,"tipPosition":[1.83894,247.764,-39.0747],"tipVelocity":[37.4605,150.964,-110.433],"tool":false,"touchDistance":0.104525,"touchZone":"hovering","type":4,"width":15.9579}],"r":[[0.993975,0.0416325,0.101391],[-0.0723957,0.943921,0.322136],[-0.0822937,-0.327536,0.941248]],"s":1.08228,"t":[-21.6352,144.82,-90.6986],"timestamp":89100824655},false],[2,{"currentFrameRate":55.3231,"devices":[],"gestures":[],"hands":[{"armBasis":[[0.880545,-0.207492,-0.426131],[0.385154,0.837228,0.388208],[0.276219,-0.505961,0.817133]],"armWidth":63.325,"confidence":0.493148,"direction":[0.140921,0.823759,-0.549147],"elbow":[83.6295,96.9013,259.666],"grabStrength":0.0101919,"id":433,"palmNormal":[-0.366197,-0.471972,-0.801962],"palmPosition":[8.53505,277.224,9.27562],"palmVelocity":[1.50733,166.869,-127.342],"palmWidth":90.4259,"pinchStrength":0.67217,"r":[[0.991863,0.0524568,0.116001],[-0.088226,0.940114,0.329246],[-0.0917828,-0.336801,0.937092]],"s":1.0892,"sphereCenter":[1.10087,262.933,-42.8837],"sphereRadius":48.5424,"stabilizedPalmPosition":[8.45429,274.804,11.1456],"t":[-21.5872,147.789,-92.9732],"timeVisible":0.3615,"type":"right","wrist":[9.51265,232.664,40.4074]}],"id":1434280,"interactionBox":{"center":[0,200,0],"size":[235.247,235.247,147.751]},"pointables":[{"bases":[[[0.725162,0.45649,0.515517],[-0.631482,0.142381,0.762206],[0.274539,-0.878262,0.391514]],[[0.586364,0.730882,0.349268],[-0.762782,0.353062,0.541767],[0.272655,-0.584088,0.764527]],[[0.586364,0.730882,0.349268],[-0.782093,0.398508,0.479085],[0.210969,-0.554078,0.805288]],[[0.586364,0.730882,0.349268],[-0.809928,0.521581,0.268271],[0.0139032,-0.440187,0.897799]]],"btipPosition":[-41.9541,291.684,-45.7653],"carpPosition":[-20.9563,233.696,40.3294],"dipPosition":[-41.6307,281.446,-24.8839],"direction":[-0.210969,0.554078,-0.805288],"extended":false,"handId":433,"id":4330,"length":51.7933,"mcpPosition":[-20.9563,233.696,40.3294],"pipPosition":[-34.4822,262.671,2.4027],"stabilizedTipPosition":[-43.0407,283.013,-33.727],"timeVisible":0.3615,"tipPosition":[-42.0523,289.737,-40.684],"tipVelocity":[34.4439,147.52,-163.213],"tool":false,"touchDistance":-0.211523,"touchZone":"hovering","type":0,"width":20.1245},{"bases":[[[0.930408,-0.171339,-0.324012],[0.359843,0.595035,0.718642],[0.0696672,-0.785224,0.615281]],[[0.931331,-0.182851,-0.314942],[0.308453,0.855807,0.415273],[0.193597,-0.483902,0.85344]],[[0.931331,-0.182851,-0.314942],[0.258267,0.941339,0.217207],[0.256751,-0.283631,0.923922]],[[0.931331,-0.182851,-0.314942],[0.215694,0.973767,0.0724854],[0.293426,-0.135439,0.946339]]],"btipPosition":[-29.4782,336.293,-71.4967],"carpPosition":[-4.96919,249.11,48.1888],"dipPosition":[-24.4959,333.994,-55.4282],"direction":[-0.256751,0.283631,-0.923922],"extended":true,"handId":433,"id":4331,"length":58.4429,"mcpPosition":[-10.0628,306.52,3.20344],"pipPosition":[-18.3286,327.181,-33.2351],"stabilizedTipPosition":[-28.9482,333.724,-66.0263],"timeVisible":0.3615,"tipPosition":[-28.4239,334.843,-68.038],"tipVelocity":[35.8023,170.254,-145.836],"tool":false,"touchDistance":0.0452435,"touchZone":"hovering","type":1,"width":19.2229},{"bases":[[[0.856198,-0.374762,-0.355638],[0.513402,0.540118,0.666852],[-0.0578242,-0.753542,0.654852]],[[0.856464,-0.371171,-0.358751],[0.253713,0.907915,-0.333645],[0.449555,0.194735,0.871768]],[[0.856464,-0.371171,-0.358751],[-0.133719,0.511727,-0.848678],[0.498587,0.774834,0.388643]],[[0.856464,-0.371171,-0.358751],[-0.311685,0.182155,-0.932562],[0.411488,0.910523,0.0403211]]],"btipPosition":[-32.4383,252.52,-53.7775],"carpPosition":[6.86167,248.502,45.1221],"dipPosition":[-24.7536,269.524,-53.0245],"direction":[-0.498587,-0.774834,-0.388643],"extended":false,"handId":433,"id":4332,"length":66.591,"mcpPosition":[10.8709,300.749,-0.282389],"pipPosition":[-10.6635,291.421,-42.0414],"stabilizedTipPosition":[-32.6353,251.99,-49.0647],"timeVisible":0.3615,"tipPosition":[-30.5337,258.297,-55.0997],"tipVelocity":[54.8324,112.172,-117.936],"tool":false,"touchDistance":-0.167118,"touchZone":"touching","type":2,"width":18.8794},{"bases":[[[0.797202,-0.52121,-0.304646],[0.571156,0.487666,0.660274],[-0.195576,-0.700372,0.686461]],[[0.801945,-0.503118,-0.322112],[0.352442,0.833812,-0.424903],[0.482357,0.227223,0.845991]],[[0.801945,-0.503118,-0.322112],[-0.0853201,0.437206,-0.895305],[0.591274,0.745468,0.307689]],[[0.801945,-0.503118,-0.322112],[-0.293448,0.137902,-0.945976],[0.520358,0.853144,-0.0370495]]],"btipPosition":[-17.4128,242.192,-47.2162],"carpPosition":[17.7702,245.047,40.8642],"dipPosition":[-7.75075,258.034,-47.9042],"direction":[-0.591274,-0.745468,-0.307689],"extended":false,"handId":433,"id":4333,"length":64.0291,"mcpPosition":[29.9451,288.646,-1.86915],"pipPosition":[8.52716,278.557,-39.4334],"stabilizedTipPosition":[-17.0474,241.66,-43.9986],"timeVisible":0.3615,"tipPosition":[-14.785,247.595,-49.1351],"tipVelocity":[52.3894,124.751,-100.701],"tool":false,"touchDistance":-0.0563647,"touchZone":"hovering","type":3,"width":17.965},{"bases":[[[0.663804,-0.672132,-0.328029],[0.66866,0.336857,0.662889],[-0.335049,-0.659368,0.673035]],[[0.617559,-0.748122,-0.242765],[0.598604,0.647273,-0.471922],[0.510191,0.14612,0.847558]],[[0.617559,-0.748122,-0.242765],[0.0692479,0.359174,-0.930698],[0.78347,0.55795,0.273617]],[[0.617559,-0.748122,-0.242765],[-0.216235,0.13527,-0.966925],[0.756217,0.649627,-0.0782328]]],"btipPosition":[-1.21806,246.805,-39.1386],"carpPosition":[25.5853,235.916,33.407],"dipPosition":[11.7359,257.933,-40.4788],"direction":[-0.78347,-0.55795,-0.273617],"extended":false,"handId":433,"id":4334,"length":50.1976,"mcpPosition":[44.8927,273.913,-5.37714],"pipPosition":[26.9646,268.778,-35.1603],"stabilizedTipPosition":[1.28903,247.736,-38.2344],"timeVisible":0.3615,"tipPosition":[2.61655,250.54,-41.0567],"tipVelocity":[40.4572,152.812,-111.452],"tool":false,"touchDistance":0.0739731,"touchZone":"hovering","type":4,"width":15.9579}],"r":[[0.991863,0.0524568,0.116001],[-0.088226,0.940114,0.329246],[-0.0917828,-0.336801,0.937092]],"s":1.0892,"t":[-21.5872,147.789,-92.9732],"timestamp":89100842630},false],[3,{"currentFrameRate":55.2727,"devices":[],"gestures":[],"hands":[{"armBasis":[[0.882559,-0.205618,-0.42286],[0.38132,0.839164,0.387813],[0.275108,-0.503513,0.819018]],"armWidth":63.325,"confidence":0.456919,"direction":[0.140598,0.827998,-0.542818],"elbow":[83.9654,98.6703,258.656],"grabStrength":0.00736976,"id":433,"palmNormal":[-0.362624,-0.4671,-0.806425],"palmPosition":[9.1562,278.556,8.07666],"palmVelocity":[17.0656,121.872,-97.8024],"palmWidth":90.4259,"pinchStrength":0.64994,"r":[[0.989824,0.0613024,0.128419],[-0.101585,0.936362,0.336014],[-0.0996478,-0.34564,0.933061]],"s":1.09682,"sphereCenter":[1.97777,264.702,-44.0966],"sphereRadius":48.4991,"stabilizedPalmPosition":[8.81554,276.735,9.56607],"t":[-21.2526,149.94,-94.7099],"timeVisible":0.379766,"type":"right","wrist":[10.1469,233.776,38.8922]}],"id":1434281,"interactionBox":{"center":[0,200,0],"size":[235.247,235.247,147.751]},"pointables":[{"bases":[[[0.722492,0.454524,0.520973],[-0.634131,0.135419,0.761275],[0.275468,-0.88038,0.386067]],[[0.583544,0.729759,0.356271],[-0.764469,0.345632,0.544174],[0.273977,-0.589907,0.75957]],[[0.583544,0.729759,0.356271],[-0.784347,0.392802,0.480112],[0.210422,-0.559606,0.801601]],[[0.583544,0.729759,0.356271],[-0.812071,0.522079,0.26072],[0.00426093,-0.441458,0.897272]]],"btipPosition":[-41.1447,293.23,-46.9829],"carpPosition":[-20.3241,234.736,38.7287],"dipPosition":[-41.0456,282.962,-26.1137],"direction":[-0.210422,0.559606,-0.801601],"extended":false,"handId":433,"id":4330,"length":51.7933,"mcpPosition":[-20.3241,234.736,38.7287],"pipPosition":[-33.9156,264,1.04791],"stabilizedTipPosition":[-42.5158,285.162,-36.0404],"timeVisible":0.379766,"tipPosition":[-41.2918,291.268,-41.9199],"tipVelocity":[37.8157,117.224,-117.062],"tool":false,"touchDistance":-0.231862,"touchZone":"touching","type":0,"width":20.1245},{"bases":[[[0.931797,-0.166794,-0.322389],[0.356227,0.590741,0.723967],[0.069695,-0.789434,0.609867]],[[0.932673,-0.177716,-0.313908],[0.305149,0.852778,0.423855],[0.192369,-0.491107,0.849593]],[[0.932673,-0.177716,-0.313908],[0.255644,0.939593,0.227622],[0.254494,-0.292545,0.921765]],[[0.932673,-0.177716,-0.313908],[0.213689,0.973293,0.0838873],[0.290617,-0.145318,0.94574]]],"btipPosition":[-28.7548,338.312,-72.3167],"carpPosition":[-4.39811,250.131,46.7467],"dipPosition":[-23.8202,335.845,-56.2584],"direction":[-0.254494,0.292545,-0.921765],"extended":true,"handId":433,"id":4331,"length":58.4429,"mcpPosition":[-9.49376,307.849,2.15719],"pipPosition":[-17.7071,328.818,-34.1171],"stabilizedTipPosition":[-28.2058,335.971,-67.4777],"timeVisible":0.379766,"tipPosition":[-27.7025,336.813,-68.8758],"tipVelocity":[37.3344,140.648,-97.5716],"tool":false,"touchDistance":0.0339403,"touchZone":"hovering","type":1,"width":19.2229},{"bases":[[[0.858174,-0.370162,-0.355693],[0.510073,0.536562,0.672254],[-0.0579918,-0.758341,0.649274]],[[0.858378,-0.367412,-0.358044],[0.242124,0.905436,-0.348656],[0.452286,0.212588,0.866166]],[[0.858378,-0.367412,-0.358044],[-0.146191,0.4938,-0.857199],[0.491747,0.788143,0.370155]],[[0.858378,-0.367412,-0.358044],[-0.319539,0.163099,-0.933431],[0.40135,0.915646,0.0225981]]],"btipPosition":[-31.5932,252.597,-53.6793],"carpPosition":[7.44343,249.574,43.7118],"dipPosition":[-24.0978,269.697,-53.2573],"direction":[-0.491747,-0.788143,-0.370155],"extended":false,"handId":433,"id":4332,"length":66.591,"mcpPosition":[11.4643,302.154,-1.30592],"pipPosition":[-10.2009,291.97,-42.7966],"stabilizedTipPosition":[-31.6325,253.636,-50.7025],"timeVisible":0.379766,"tipPosition":[-29.7211,258.568,-55.2202],"tipVelocity":[49.5921,61.0774,-60.896],"tool":false,"touchDistance":-0.166749,"touchZone":"touching","type":2,"width":18.8794},{"bases":[[[0.799376,-0.517112,-0.305929],[0.567974,0.484297,0.665479],[-0.195967,-0.705728,0.680842]],[[0.804184,-0.498658,-0.323462],[0.347281,0.835844,-0.425159],[0.482373,0.229574,0.845347]],[[0.804184,-0.498658,-0.323462],[-0.0934217,0.431395,-0.897313],[0.586992,0.751823,0.300335]],[[0.804184,-0.498658,-0.323462],[-0.300374,0.128645,-0.945106],[0.512897,0.857199,-0.0463294]]],"btipPosition":[-16.5299,243.299,-47.8646],"carpPosition":[18.3731,246.175,39.4626],"dipPosition":[-7.00637,259.216,-48.7249],"direction":[-0.586992,-0.751823,-0.300335],"extended":false,"handId":433,"id":4333,"length":64.0291,"mcpPosition":[30.5723,290.108,-2.92092],"pipPosition":[9.15369,279.914,-40.4566],"stabilizedTipPosition":[-17.0474,241.66,-43.9986],"timeVisible":0.379766,"tipPosition":[-13.9839,248.649,-49.8026],"tipVelocity":[49.6141,94.497,-70.5246],"tool":false,"touchDistance":-0.0678319,"touchZone":"touching","type":3,"width":17.965},{"bases":[[[0.666415,-0.668181,-0.330796],[0.665833,0.333707,0.667313],[-0.335497,-0.664962,0.667284]],[[0.621254,-0.743268,-0.248185],[0.588978,0.651816,-0.477746],[0.516864,0.150626,0.842712]],[[0.621254,-0.743268,-0.248185],[0.054618,0.357023,-0.932498],[0.781704,0.565762,0.262397]],[[0.621254,-0.743268,-0.248185],[-0.228331,0.131273,-0.964693],[0.749606,0.655987,-0.0881575]]],"btipPosition":[-0.631685,247.908,-39.6916],"carpPosition":[26.2328,237.117,31.9642],"dipPosition":[12.209,259.145,-41.2017],"direction":[-0.781704,-0.565762,-0.262397],"extended":false,"handId":433,"id":4334,"length":50.1976,"mcpPosition":[45.566,275.435,-6.48846],"pipPosition":[27.4034,270.142,-36.1013],"stabilizedTipPosition":[1.92034,249.421,-39.3376],"timeVisible":0.379766,"tipPosition":[3.16717,251.7,-41.6846],"tipVelocity":[35.7745,109.242,-73.6127],"tool":false,"touchDistance":0.0641057,"touchZone":"hovering","type":4,"width":15.9579}],"r":[[0.989824,0.0613024,0.128419],[-0.101585,0.936362,0.336014],[-0.0996478,-0.34564,0.933061]],"s":1.09682,"t":[-21.2526,149.94,-94.7099],"timestamp":89100860896},false],[4,{"currentFrameRate":55.327,"devices":[],"gestures":[],"hands":[{"armBasis":[[0.883134,-0.200421,-0.424152],[0.379497,0.836738,0.394781],[0.275782,-0.509609,0.815011]],"armWidth":63.325,"confidence":0.472624,"direction":[0.144202,0.817562,-0.557492],"elbow":[84.4588,99.3557,256.178],"grabStrength":0.0050144,"id":433,"palmNormal":[-0.356394,-0.482664,-0.800012],"palmPosition":[9.67457,280.279,5.81704],"palmVelocity":[22.6851,109.826,-111.256],"palmWidth":90.4259,"pinchStrength":0.610244,"r":[[0.987804,0.0688998,0.139626],[-0.112896,0.934513,0.337551],[-0.107225,-0.349197,0.930894]],"s":1.10582,"sphereCenter":[2.97151,265.533,-45.9772],"sphereRadius":48.4302,"stabilizedPalmPosition":[9.20254,278.331,7.87709],"t":[-20.8262,151.877,-96.7081],"timeVisible":0.397653,"type":"right","wrist":[10.4593,236.097,37.4896]}],"id":1434282,"interactionBox":{"center":[0,200,0],"size":[235.247,235.247,147.751]},"pointables":[{"bases":[[[0.718376,0.464868,0.517527],[-0.639831,0.149534,0.753827],[0.273042,-0.872661,0.404858]],[[0.580556,0.736759,0.346614],[-0.767892,0.353884,0.533956],[0.270735,-0.576153,0.7712]],[[0.580556,0.736759,0.346614],[-0.787867,0.400892,0.467494],[0.205476,-0.544492,0.813208]],[[0.580556,0.736759,0.346614],[-0.814167,0.53019,0.236709],[-0.00937428,-0.419624,0.90765]]],"btipPosition":[-40.1852,293.825,-49.8413],"carpPosition":[-20.0101,237.034,37.082],"dipPosition":[-40.4032,284.065,-28.7307],"direction":[-0.205476,0.544492,-0.813208],"extended":false,"handId":433,"id":4330,"length":51.7933,"mcpPosition":[-20.0101,237.034,37.082],"pipPosition":[-33.4408,265.616,-1.1758],"stabilizedTipPosition":[-42.0285,286.533,-37.9519],"timeVisible":0.397653,"tipPosition":[-40.3983,291.975,-44.7536],"tipVelocity":[43.3571,80.7208,-135.757],"tool":false,"touchDistance":-0.278577,"touchZone":"touching","type":0,"width":20.1245},{"bases":[[[0.934248,-0.172321,-0.312229],[0.350546,0.604702,0.71516],[0.0655677,-0.777587,0.625348]],[[0.935033,-0.182584,-0.303935],[0.301592,0.860296,0.411014],[0.18643,-0.475976,0.859471]],[[0.935033,-0.182584,-0.303935],[0.253709,0.943354,0.213811],[0.24768,-0.277031,0.92839]],[[0.935033,-0.182584,-0.303935],[0.212987,0.97456,0.0697852],[0.283462,-0.129986,0.950133]]],"btipPosition":[-27.6681,338.626,-75.9289],"carpPosition":[-4.1519,252.59,44.9219],"dipPosition":[-22.855,336.419,-59.7959],"direction":[-0.24768,0.277031,-0.92839],"extended":true,"handId":433,"id":4331,"length":58.4429,"mcpPosition":[-8.94579,309.442,-0.79943],"pipPosition":[-16.9056,329.764,-37.4955],"stabilizedTipPosition":[-28.2058,335.971,-67.4777],"timeVisible":0.397653,"tipPosition":[-26.6369,337.179,-72.4586],"tipVelocity":[47.6434,84.1568,-146.344],"tool":false,"touchDistance":-0.0759756,"touchZone":"hovering","type":1,"width":19.2229},{"bases":[[[0.860977,-0.376337,-0.342183],[0.504799,0.549645,0.665634],[-0.0624237,-0.745829,0.663206]],[[0.86109,-0.37497,-0.343397],[0.227563,0.888172,-0.399206],[0.454686,0.265608,0.850125]],[[0.86109,-0.37497,-0.343397],[-0.162893,0.436334,-0.884917],[0.481654,0.81793,0.314642]],[[0.86109,-0.37497,-0.343397],[-0.329872,0.101956,-0.938504],[0.386923,0.921413,-0.0358987]]],"btipPosition":[-30.5775,250.649,-52.9414],"carpPosition":[7.71211,251.982,41.9861],"dipPosition":[-23.3515,267.857,-53.6118],"direction":[-0.481654,-0.81793,-0.314642],"extended":false,"handId":433,"id":4332,"length":66.591,"mcpPosition":[12.0403,303.694,-3.99763],"pipPosition":[-9.73991,290.971,-44.72],"stabilizedTipPosition":[-30.3563,254.092,-51.8265],"timeVisible":0.397653,"tipPosition":[-28.7537,256.859,-55.0547],"tipVelocity":[51.3502,-18.4488,-19.3426],"tool":false,"touchDistance":-0.158638,"touchZone":"touching","type":2,"width":18.8794},{"bases":[[[0.801886,-0.522347,-0.290055],[0.562775,0.497297,0.660288],[-0.200656,-0.692712,0.692739]],[[0.80686,-0.50405,-0.308075],[0.346431,0.826148,-0.444369],[0.4785,0.251817,0.841205]],[[0.80686,-0.50405,-0.308075],[-0.092523,0.407242,-0.908622],[0.583452,0.761635,0.281951]],[[0.80686,-0.50405,-0.308075],[-0.298038,0.102934,-0.948988],[0.510049,0.857518,-0.0671726]]],"btipPosition":[-15.6141,243.56,-49.107],"carpPosition":[18.6747,248.51,37.8838],"dipPosition":[-6.14339,259.483,-50.3543],"direction":[-0.583452,-0.761635,-0.281951],"extended":false,"handId":433,"id":4333,"length":64.0291,"mcpPosition":[31.1658,291.632,-5.24041],"pipPosition":[9.91919,280.451,-42.5921],"stabilizedTipPosition":[-16.8306,241.994,-44.3226],"timeVisible":0.397653,"tipPosition":[-13.0922,248.814,-51.1162],"tipVelocity":[50.0426,56.8449,-72.369],"tool":false,"touchDistance":-0.0900223,"touchZone":"touching","type":3,"width":17.965},{"bases":[[[0.66919,-0.673949,-0.313014],[0.660693,0.346833,0.665726],[-0.340102,-0.652303,0.677371]],[[0.624515,-0.746031,-0.231123],[0.578824,0.640788,-0.504335],[0.524351,0.181185,0.832003]],[[0.624515,-0.746031,-0.231123],[0.0372376,0.324034,-0.945312],[0.780124,0.581756,0.230144]],[[0.624515,-0.746031,-0.231123],[-0.242694,0.0959059,-0.96535],[0.742348,0.658968,-0.121163]]],"btipPosition":[-0.112704,247.941,-40.0501],"carpPosition":[26.5944,239.315,30.6184],"dipPosition":[12.6037,259.23,-42.1256],"direction":[-0.780124,-0.581756,-0.230144],"extended":false,"handId":433,"id":4334,"length":50.1976,"mcpPosition":[46.1931,276.904,-8.41559],"pipPosition":[27.7674,270.537,-37.6522],"stabilizedTipPosition":[2.43082,250.06,-40.0187],"timeVisible":0.397653,"tipPosition":[3.67711,251.768,-42.3049],"tipVelocity":[31.8321,58.9004,-51.7758],"tool":false,"touchDistance":0.0559632,"touchZone":"hovering","type":4,"width":15.9579}],"r":[[0.987804,0.0688998,0.139626],[-0.112896,0.934513,0.337551],[-0.107225,-0.349197,0.930894]],"s":1.10582,"t":[-20.8262,151.877,-96.7081],"timestamp":89100878783},false],[5,{"currentFrameRate":55.3294,"devices":[],"gestures":[],"hands":[{"armBasis":[[0.886865,-0.185995,-0.422938],[0.367566,0.838653,0.401941],[0.27994,-0.511925,0.812137]],"armWidth":63.325,"confidence":0.474217,"direction":[0.146532,0.81488,-0.560802],"elbow":[85.6762,100.064,254.079],"grabStrength":0.00486816,"id":433,"palmNormal":[-0.340557,-0.490708,-0.802014],"palmPosition":[9.92707,281.388,4.18069],"palmVelocity":[18.5491,86.8211,-101.436],"palmWidth":90.4259,"pinchStrength":0.59201,"r":[[0.985484,0.076626,0.151489],[-0.124375,0.933235,0.337052],[-0.115548,-0.351001,0.929218]],"s":1.11417,"sphereCenter":[4.29317,266.216,-47.607],"sphereRadius":48.492,"stabilizedPalmPosition":[9.48124,279.507,6.45524],"t":[-20.4867,153.4,-98.5254],"timeVisible":0.415718,"type":"right","wrist":[10.5611,237.427,36.1619]}],"id":1434283,"interactionBox":{"center":[0,200,0],"size":[235.247,235.247,147.751]},"pointables":[{"bases":[[[0.706917,0.47377,0.525176],[-0.652325,0.149716,0.743005],[0.273386,-0.867829,0.414889]],[[0.569779,0.743323,0.35046],[-0.777811,0.350133,0.521936],[0.265259,-0.56998,0.777663]],[[0.569779,0.743323,0.35046],[-0.797546,0.397323,0.453933],[0.198173,-0.53815,0.819221]],[[0.569779,0.743323,0.35046],[-0.821337,0.52937,0.212541],[-0.0275365,-0.408947,0.912143]]],"btipPosition":[-39.1383,294.151,-52.2661],"carpPosition":[-19.9048,238.129,35.2861],"dipPosition":[-39.7787,284.639,-31.051],"direction":[-0.198173,0.53815,-0.819221],"extended":false,"handId":433,"id":4330,"length":51.7933,"mcpPosition":[-19.9048,238.129,35.2861],"pipPosition":[-33.0638,266.405,-3.29232],"stabilizedTipPosition":[-41.6039,287.374,-39.4123],"timeVisible":0.415718,"tipPosition":[-39.4468,292.344,-47.1841],"tipVelocity":[47.735,52.4466,-134.396],"tool":false,"touchDistance":-0.315063,"touchZone":"touching","type":0,"width":20.1245},{"bases":[[[0.940154,-0.167306,-0.296849],[0.335085,0.612127,0.716253],[0.0618755,-0.772858,0.631555]],[[0.940873,-0.177251,-0.288687],[0.288742,0.86528,0.409779],[0.177161,-0.468906,0.865298]],[[0.940873,-0.177251,-0.288687],[0.243203,0.946659,0.211396],[0.235818,-0.269107,0.933794]],[[0.940873,-0.177251,-0.288687],[0.204424,0.976613,0.066618],[0.270127,-0.121694,0.955103]]],"btipPosition":[-26.6238,338.915,-78.5083],"carpPosition":[-4.28464,253.857,43.2593],"dipPosition":[-22.0371,336.848,-62.291],"direction":[-0.235818,0.269107,-0.933794],"extended":true,"handId":433,"id":4331,"length":58.4429,"mcpPosition":[-8.80857,310.364,-2.91589],"pipPosition":[-16.3727,330.384,-39.8607],"stabilizedTipPosition":[-28.2058,335.971,-67.4777],"timeVisible":0.415718,"tipPosition":[-25.6251,337.516,-75.0112],"tipVelocity":[51.1024,52.6265,-144.144],"tool":false,"touchDistance":-0.118643,"touchZone":"touching","type":1,"width":19.2229},{"bases":[[[0.868878,-0.372069,-0.32652],[0.490482,0.557912,0.669448],[-0.0669114,-0.741821,0.667251]],[[0.868898,-0.37185,-0.326717],[0.220624,0.881791,-0.416856],[0.443104,0.290124,0.848226]],[[0.868898,-0.37185,-0.326717],[-0.16191,0.410228,-0.897495],[0.467762,0.832731,0.29624]],[[0.868898,-0.37185,-0.326717],[-0.323404,0.0732219,-0.943424],[0.374735,0.925401,-0.0566351]]],"btipPosition":[-29.1765,250.042,-53.7018],"carpPosition":[7.62688,253.32,40.5078],"dipPosition":[-22.1782,267.324,-54.7595],"direction":[-0.467762,-0.832731,-0.29624],"extended":false,"handId":433,"id":4332,"length":66.591,"mcpPosition":[12.2662,304.755,-5.75636],"pipPosition":[-8.95916,290.857,-46.3877],"stabilizedTipPosition":[-28.8468,254.051,-52.973],"timeVisible":0.415718,"tipPosition":[-27.425,256.097,-55.8479],"tipVelocity":[62.4187,-25.1959,-32.4916],"tool":false,"touchDistance":-0.172797,"touchZone":"touching","type":2,"width":18.8794},{"bases":[[[0.810098,-0.518171,-0.2743],[0.548924,0.505972,0.665338],[-0.205971,-0.689559,0.694323]],[[0.815277,-0.499697,-0.292621],[0.3442,0.824544,-0.449059],[0.465672,0.265388,0.844227]],[[0.815277,-0.499697,-0.292621],[-0.0860289,0.395201,-0.914557],[0.572646,0.770791,0.27921]],[[0.815277,-0.499697,-0.292621],[-0.287942,0.0885998,-0.95354],[0.502408,0.861657,-0.0716505]]],"btipPosition":[-14.2726,243.827,-50.469],"carpPosition":[18.6763,249.904,36.5959],"dipPosition":[-4.94381,259.826,-51.7994],"direction":[-0.572646,-0.770791,-0.27921],"extended":false,"handId":433,"id":4333,"length":64.0291,"mcpPosition":[31.4983,292.83,-6.62684],"pipPosition":[10.8213,281.046,-44.1127],"stabilizedTipPosition":[-15.5076,243.544,-46.1374],"timeVisible":0.415718,"tipPosition":[-11.7911,249.028,-52.4553],"tipVelocity":[60.6864,37.3088,-74.3087],"tool":false,"touchDistance":-0.113041,"touchZone":"touching","type":3,"width":17.965},{"bases":[[[0.678906,-0.670927,-0.298233],[0.647873,0.356296,0.673286],[-0.345467,-0.650315,0.676567]],[[0.635306,-0.740406,-0.219512],[0.568548,0.640791,-0.515887],[0.522627,0.202943,0.828055]],[[0.635306,-0.740406,-0.219512],[0.0271048,0.305449,-0.951823],[0.771784,0.598749,0.214122]],[[0.635306,-0.740406,-0.219512],[-0.247942,0.0736399,-0.965972],[0.731376,0.668114,-0.136793]]],"btipPosition":[0.786948,247.981,-40.39],"carpPosition":[26.7743,240.721,29.5143],"dipPosition":[13.3154,259.426,-42.7333],"direction":[-0.771784,-0.598749,-0.214122],"extended":false,"handId":433,"id":4334,"length":50.1976,"mcpPosition":[46.6821,278.196,-9.4734],"pipPosition":[28.317,271.064,-38.5713],"stabilizedTipPosition":[3.12378,250.37,-40.5284],"timeVisible":0.415718,"tipPosition":[4.52525,251.85,-42.7522],"tipVelocity":[39.2305,32.917,-37.7397],"tool":false,"touchDistance":0.0492716,"touchZone":"hovering","type":4,"width":15.9579}],"r":[[0.985484,0.076626,0.151489],[-0.124375,0.933235,0.337052],[-0.115548,-0.351001,0.929218]],"s":1.11417,"t":[-20.4867,153.4,-98.5254],"timestamp":89100896848},false],[6,{"currentFrameRate":55.2931,"devices":[],"gestures":[],"hands":[{"armBasis":[[0.894335,-0.1736,-0.412345],[0.353658,0.838816,0.4139],[0.274028,-0.515994,0.811578]],"armWidth":63.325,"confidence":0.475239,"direction":[0.142262,0.819329,-0.555393],"elbow":[84.7452,99.9811,252.727],"grabStrength":0.00468008,"id":433,"palmNormal":[-0.326663,-0.490802,-0.807716],"palmPosition":[10.37,282.543,3.1849],"palmVelocity":[21.3073,75.6535,-79.1001],"palmWidth":90.4259,"pinchStrength":0.580382,"r":[[0.982958,0.0849946,0.162999],[-0.136459,0.931495,0.337187],[-0.123174,-0.353684,0.927219]],"s":1.12286,"sphereCenter":[5.4998,267.565,-48.6895],"sphereRadius":48.5396,"stabilizedPalmPosition":[9.79783,280.588,5.29033],"t":[-20.0954,154.739,-99.9319],"timeVisible":0.433929,"type":"right","wrist":[11.2163,238.436,34.9593]}],"id":1434284,"interactionBox":{"center":[0,200,0],"size":[235.247,235.247,147.751]},"pointables":[{"bases":[[[0.695925,0.47962,0.534464],[-0.661409,0.138226,0.737178],[0.279689,-0.866521,0.41342]],[[0.557434,0.748182,0.35985],[-0.786367,0.336805,0.517871],[0.266262,-0.571653,0.776092]],[[0.557434,0.748182,0.35985],[-0.806386,0.384814,0.449065],[0.197507,-0.540502,0.817832]],[[0.557434,0.748182,0.35985],[-0.829291,0.522304,0.198683],[-0.0393004,-0.409173,0.91161]]],"btipPosition":[-38.2327,294.967,-53.6314],"carpPosition":[-19.2457,238.777,33.7834],"dipPosition":[-39.1468,285.45,-32.4287],"direction":[-0.197507,0.540502,-0.817832],"extended":false,"handId":433,"id":4330,"length":51.7933,"mcpPosition":[-19.2457,238.777,33.7834],"pipPosition":[-32.4544,267.136,-4.71707],"stabilizedTipPosition":[-41.1965,288.07,-40.6163],"timeVisible":0.433929,"tipPosition":[-38.606,293.141,-48.5767],"tipVelocity":[47.0359,48.7713,-106.083],"tool":false,"touchDistance":-0.332413,"touchZone":"touching","type":0,"width":20.1245},{"bases":[[[0.944994,-0.15456,-0.288265],[0.320581,0.612567,0.722489],[0.064914,-0.77516,0.628421]],[[0.945739,-0.164339,-0.280305],[0.274157,0.866615,0.416913],[0.174401,-0.471138,0.864646]],[[0.945739,-0.164339,-0.280305],[0.229605,0.948408,0.21864],[0.229912,-0.271135,0.93468]],[[0.945739,-0.164339,-0.280305],[0.191911,0.978638,0.0737387],[0.262199,-0.123531,0.957075]]],"btipPosition":[-26.0627,340.053,-79.5781],"carpPosition":[-3.89574,254.652,41.9873],"dipPosition":[-21.6107,337.955,-63.3273],"direction":[-0.229912,0.271135,-0.93468],"extended":true,"handId":433,"id":4331,"length":58.4429,"mcpPosition":[-8.64182,311.327,-3.95879],"pipPosition":[-16.0881,331.443,-40.8758],"stabilizedTipPosition":[-27.9835,336.224,-68.0648],"timeVisible":0.433929,"tipPosition":[-25.0757,338.661,-76.0763],"tipVelocity":[40.5959,57.1631,-103.146],"tool":false,"touchDistance":-0.136345,"touchZone":"touching","type":1,"width":19.2229},{"bases":[[[0.876486,-0.360014,-0.319628],[0.477075,0.560451,0.676974],[-0.0645845,-0.745845,0.662981]],[[0.876444,-0.360495,-0.3192],[0.210055,0.882775,-0.420221],[0.433269,0.30125,0.849427]],[[0.876444,-0.360495,-0.3192],[-0.162544,0.402496,-0.900875],[0.453238,0.841451,0.294169]],[[0.876444,-0.360495,-0.3192],[-0.317898,0.0646774,-0.945916],[0.361643,0.930516,-0.0579147]]],"btipPosition":[-27.7907,250.397,-54.5366],"carpPosition":[8.04806,254.271,39.3521],"dipPosition":[-21.0368,267.775,-55.6181],"direction":[-0.453238,-0.841451,-0.294169],"extended":false,"handId":433,"id":4332,"length":66.591,"mcpPosition":[12.5261,305.985,-6.616],"pipPosition":[-8.22822,291.555,-47.3049],"stabilizedTipPosition":[-27.345,254.249,-54.016],"timeVisible":0.433929,"tipPosition":[-26.1111,256.382,-56.6046],"tipVelocity":[67.4794,-3.25947,-39.0111],"tool":false,"touchDistance":-0.186801,"touchZone":"touching","type":2,"width":18.8794},{"bases":[[[0.818954,-0.507065,-0.268699],[0.536175,0.509236,0.673198],[-0.204524,-0.695388,0.688916]],[[0.824149,-0.488218,-0.287093],[0.32564,0.823197,-0.465086],[0.463397,0.289811,0.83742]],[[0.824149,-0.488218,-0.287093],[-0.0995493,0.374137,-0.922015],[0.557556,0.788457,0.259743]],[[0.824149,-0.488218,-0.287093],[-0.293113,0.0660733,-0.953792],[0.484627,0.870217,-0.0886487]]],"btipPosition":[-13.0164,243.563,-50.0404],"carpPosition":[19.176,251.007,35.5341],"dipPosition":[-4.01772,259.721,-51.6865],"direction":[-0.557556,-0.788457,-0.259743],"extended":false,"handId":433,"id":4333,"length":64.0291,"mcpPosition":[31.908,294.296,-7.35204],"pipPosition":[11.3319,281.428,-44.5357],"stabilizedTipPosition":[-13.2661,245.38,-48.2417],"timeVisible":0.433929,"tipPosition":[-10.5833,248.981,-52.2867],"tipVelocity":[62.6576,13.531,-29.472],"tool":false,"touchDistance":-0.107108,"touchZone":"touching","type":3,"width":17.965},{"bases":[[[0.689854,-0.661264,-0.294672],[0.636836,0.360719,0.681412],[-0.3443,-0.657732,0.66996]],[[0.647332,-0.730243,-0.218416],[0.557195,0.648904,-0.518128],[0.520091,0.213701,0.826945]],[[0.647332,-0.730243,-0.218416],[0.017519,0.300736,-0.953547],[0.762007,0.613435,0.207469]],[[0.647332,-0.730243,-0.218416],[-0.252869,0.0645763,-0.965343],[0.71904,0.680128,-0.142853]]],"btipPosition":[1.8896,248.775,-40.7619],"carpPosition":[27.4537,241.957,28.4895],"dipPosition":[14.2067,260.426,-43.2089],"direction":[-0.762007,-0.613435,-0.207469],"extended":false,"handId":433,"id":4334,"length":50.1976,"mcpPosition":[47.2942,279.859,-10.1174],"pipPosition":[29.0182,272.35,-39.1762],"stabilizedTipPosition":[4.10648,251.037,-41.0178],"timeVisible":0.433929,"tipPosition":[5.53508,252.683,-43.1282],"tipVelocity":[48.1394,39.2675,-30.0918],"tool":false,"touchDistance":0.0426