{"sensorType":"Leap","data":[[0,{"currentFrameRate":55.2848,"devices":[],"gestures":[],"hands":[{"armBasis":[[0.950178,-0.157287,-0.269113],[0.249779,0.900684,0.355498],[0.186471,-0.405005,0.895098]],"armWidth":63.3851,"confidence":0.841112,"direction":[0.190664,0.144781,-0.97092],"elbow":[61.0057,168.192,335.742],"grabStrength":0,"id":429,"palmNormal":[-0.285664,-0.938077,-0.195981],"palmPosition":[12.816,283.101,41.2969],"palmVelocity":[-2.6396,315.398,-193.013],"palmWidth":90.5118,"pinchStrength":0,"r":[[0.993124,0.112244,0.0332684],[-0.104086,0.976652,-0.18793],[-0.0535855,0.183175,0.981619]],"s":1.3003,"sphereCenter":[-23.6439,248.836,0.954092],"sphereRadius":69.8119,"stabilizedPalmPosition":[12.8718,280.043,43.2199],"t":[-18.4725,155.948,-59.2871],"timeVisible":5.40516,"type":"right","wrist":[10.9232,276.968,95.3358]}],"id":1432688,"interactionBox":{"center":[0,200,0],"size":[235.247,235.247,147.751]},"pointables":[{"bases":[[[0.67063,0.740649,0.0411619],[-0.702496,0.616305,0.355903],[0.238231,-0.267595,0.933616]],[[0.568181,0.78682,-0.241009],[-0.770208,0.611598,0.180907],[0.289742,0.082839,0.953513]],[[0.568181,0.78682,-0.241009],[-0.713617,0.616961,0.331827],[0.409781,-0.0165496,0.912034]],[[0.568181,0.78682,-0.241009],[-0.606113,0.598241,0.524152],[0.556594,-0.151734,0.816811]]],"btipPosition":[-60.6714,275.303,-4.65956],"carpPosition":[-19.428,275.322,92.6361],"dipPosition":[-47.7135,271.77,14.3563],"direction":[-0.409781,0.0165496,-0.912034],"extended":true,"handId":429,"id":4290,"length":51.8425,"mcpPosition":[-19.428,275.322,92.6361],"pipPosition":[-33.8152,271.209,45.2892],"stabilizedTipPosition":[-58.7621,268.168,4.40273],"timeVisible":5.40516,"tipPosition":[-59.6256,275.924,0.746175],"tipVelocity":[57.5553,338.543,-250.877],"tool":false,"touchDistance":-0.777268,"touchZone":"touching","type":0,"width":20.1436},{"bases":[[[0.957852,-0.285946,-0.0274722],[0.286993,0.956709,0.048406],[0.0124414,-0.0542501,0.99845]],[[0.95186,-0.279128,-0.126691],[0.304912,0.904639,0.297754],[0.0314981,-0.32205,0.946199]],[[0.95186,-0.279128,-0.126691],[0.299937,0.93339,0.197032],[0.0632549,-0.225546,0.972177]],[[0.95186,-0.279128,-0.126691],[0.292922,0.950063,0.107596],[0.0903316,-0.139527,0.98609]]],"btipPosition":[-9.62,318.112,-66.4241],"carpPosition":[-4.30726,292.585,87.2165],"dipPosition":[-8.08475,315.741,-49.6647],"direction":[-0.0632549,0.225546,-0.972177],"extended":true,"handId":429,"id":4291,"length":58.4985,"mcpPosition":[-5.21776,296.555,14.147],"pipPosition":[-6.56388,310.318,-26.2903],"stabilizedTipPosition":[-9.25569,316.652,-62.3113],"timeVisible":5.40516,"tipPosition":[-9.33173,316.143,-63.4376],"tipVelocity":[10.7586,487.699,-149.184],"tool":false,"touchDistance":-0.684108,"touchZone":"touching","type":1,"width":19.2411},{"bases":[[[0.887672,-0.449524,0.0998278],[0.445001,0.89317,0.0649736],[-0.11837,-0.0132518,0.992881]],[[0.876416,-0.449266,0.173364],[0.470671,0.875279,-0.111157],[-0.101803,0.179017,0.978565]],[[0.876416,-0.449266,0.173364],[0.477966,0.767689,-0.426852],[0.0586805,0.456962,0.887548]],[[0.876416,-0.449266,0.173364],[0.448169,0.629253,-0.634968],[0.17618,0.634193,0.752835]]],"btipPosition":[15.9205,258.327,-68.625],"carpPosition":[7.77754,290.772,86.3805],"dipPosition":[19.2139,270.182,-54.5521],"direction":[-0.0586805,-0.456962,-0.887548],"extended":true,"handId":429,"id":4292,"length":66.6543,"mcpPosition":[15.9926,291.691,17.4733],"pipPosition":[20.8738,283.108,-29.4461],"stabilizedTipPosition":[17.1588,258.882,-64.2534],"timeVisible":5.40516,"tipPosition":[17.5219,263.84,-66.6505],"tipVelocity":[-44.5931,363.516,-185.246],"tool":false,"touchDistance":-0.694515,"touchZone":"touching","type":2,"width":18.8974},{"bases":[[[0.824489,-0.512618,0.239666],[0.503284,0.857893,0.103558],[-0.258694,0.0352382,0.965316]],[[0.842623,-0.513792,0.161259],[0.537154,0.823129,-0.184187],[-0.0381027,0.241821,0.969572]],[[0.842623,-0.513792,0.161259],[0.514172,0.678632,-0.524486],[0.160041,0.524859,0.836008]],[[0.842623,-0.513792,0.161259],[0.453028,0.514455,-0.728081],[0.291121,0.686552,0.666254]]],"btipPosition":[27.0593,245.949,-51.8199],"carpPosition":[19.0673,286.116,86.8424],"dipPosition":[32.47,258.709,-39.437],"direction":[-0.160041,-0.524859,-0.836008],"extended":true,"handId":429,"id":4293,"length":64.0899,"mcpPosition":[35.1867,283.92,26.6928],"pipPosition":[36.8802,273.173,-16.3997],"stabilizedTipPosition":[28.7529,245.946,-47.3705],"timeVisible":5.40516,"tipPosition":[30.5605,250.877,-50.192],"tipVelocity":[-73.6752,379.288,-203.948],"tool":false,"touchDistance":-0.685529,"touchZone":"touching","type":3,"width":17.982},{"bases":[[[0.69444,-0.639749,0.329353],[0.60055,0.767439,0.224448],[-0.396349,0.0419276,0.917142]],[[0.733531,-0.640505,0.227343],[0.677269,0.716857,-0.165596],[-0.056908,0.275442,0.959632]],[[0.733531,-0.640505,0.227343],[0.64737,0.556568,-0.520716],[0.206989,0.529136,0.822903]],[[0.733531,-0.640505,0.227343],[0.567605,0.393322,-0.723272],[0.373841,0.659584,0.652068]]],"btipPosition":[42.0279,241.373,-24.5753],"carpPosition":[27.6018,275.084,89.2702],"dipPosition":[48.4378,252.683,-13.3949],"direction":[-0.206989,-0.529136,-0.822903],"extended":true,"handId":429,"id":4294,"length":50.2453,"mcpPosition":[50.4633,272.666,36.369],"pipPosition":[52.465,262.978,2.61556],"stabilizedTipPosition":[44.981,241.132,-20.2702],"timeVisible":5.40516,"tipPosition":[46.5285,245.833,-22.9457],"tipVelocity":[-138.427,307.122,-185.882],"tool":false,"touchDistance":-0.737264,"touchZone":"touching","type":4,"width":15.9731}],"r":[[0.993124,0.112244,0.0332684],[-0.104086,0.976652,-0.18793],[-0.0535855,0.183175,0.981619]],"s":1.3003,"t":[-18.4725,155.948,-59.2871],"timestamp":89071630436},false],[1,{"currentFrameRate":55.2468,"devices":[],"gestures":[],"hands":[{"armBasis":[[0.952501,-0.157784,-0.260473],[0.250177,0.893117,0.373836],[0.173648,-0.421244,0.890169]],"armWidth":63.3851,"confidence":0.855681,"direction":[0.1818,0.190715,-0.964664],"elbow":[58.5206,166.824,330.423],"grabStrength":0,"id":429,"palmNormal":[-0.279449,-0.930544,-0.236634],"palmPosition":[13.2979,288.578,37.6267],"palmVelocity":[11.2604,308.245,-196.978],"palmWidth":90.5118,"pinchStrength":0,"r":[[0.993054,0.111999,0.0360491],[-0.104761,0.981148,-0.162397],[-0.0535579,0.157493,0.986067]],"s":1.29057,"sphereCenter":[-24.6267,256.34,-3.38175],"sphereRadius":69.4505,"stabilizedPalmPosition":[13.1514,285.645,39.5492],"t":[-18.2632,161.529,-62.865],"timeVisible":5.42339,"type":"right","wrist":[11.8821,279.962,91.3403]}],"id":1432689,"interactionBox":{"center":[0,200,0],"size":[235.247,235.247,147.751]},"pointables":[{"bases":[[[0.664799,0.743731,0.0700434],[-0.70473,0.593297,0.389043],[0.247787,-0.307997,0.918553]],[[0.560108,0.80183,-0.2082],[-0.774299,0.596062,0.212533],[0.294515,0.0421678,0.954716]],[[0.560108,0.80183,-0.2082],[-0.718268,0.595267,0.360206],[0.412759,-0.052211,0.909343]],[[0.560108,0.80183,-0.2082],[-0.622945,0.573336,0.532189],[0.546094,-0.168386,0.820626]]],"btipPosition":[-59.8118,281.778,-8.55727],"carpPosition":[-18.4749,278.181,88.7957],"dipPosition":[-47.0984,277.858,10.5474],"direction":[-0.412758,0.052211,-0.909343],"extended":true,"handId":429,"id":4290,"length":51.8425,"mcpPosition":[-18.4749,278.181,88.7957],"pipPosition":[-33.0991,276.087,41.389],"stabilizedTipPosition":[-57.7948,274.726,-0.0179605],"timeVisible":5.42339,"tipPosition":[-58.7908,282.177,-3.09414],"tipVelocity":[51.1052,344.139,-232.607],"tool":false,"touchDistance":-0.786034,"touchZone":"touching","type":0,"width":20.1436},{"bases":[[[0.959932,-0.276136,-0.0477364],[0.279461,0.955924,0.0900626],[0.0207629,-0.0997945,0.994791]],[[0.952915,-0.264631,-0.148067],[0.300164,0.89252,0.336615],[0.0430741,-0.36521,0.929928]],[[0.952915,-0.264631,-0.148067],[0.293765,0.926711,0.234327],[0.0752054,-0.26679,0.960816]],[[0.952915,-0.264631,-0.148067],[0.285407,0.947664,0.14309],[0.102452,-0.178612,0.978571]]],"btipPosition":[-10.4501,328.164,-68.2167],"carpPosition":[-3.54031,295.802,84.06],"dipPosition":[-8.70884,325.128,-51.585],"direction":[-0.0752054,0.26679,-0.960816],"extended":true,"handId":429,"id":4291,"length":58.4985,"mcpPosition":[-5.05981,303.106,11.2582],"pipPosition":[-6.90064,318.713,-28.4838],"stabilizedTipPosition":[-9.99235,326.686,-64.2414],"timeVisible":5.42339,"tipPosition":[-10.0524,326.226,-65.2918],"tipVelocity":[-14.9104,514.098,-125.636],"tool":false,"touchDistance":-0.671359,"touchZone":"touching","type":1,"width":19.2411},{"bases":[[[0.892112,-0.445968,0.072453],[0.438114,0.893055,0.102514],[-0.110423,-0.0597114,0.992089]],[[0.881968,-0.449091,0.143006],[0.465675,0.87712,-0.117505],[-0.0726633,0.17023,0.982722]],[[0.881968,-0.449091,0.143006],[0.462488,0.766228,-0.446094],[0.0907611,0.459579,0.883487]],[[0.881968,-0.449091,0.143006],[0.423934,0.623329,-0.65707],[0.205944,0.64014,0.740141]]],"btipPosition":[13.2824,265.149,-71.7466],"carpPosition":[8.55207,294.134,83.0511],"dipPosition":[17.1322,277.116,-57.911],"direction":[-0.0907611,-0.459579,-0.883487],"extended":true,"handId":429,"id":4292,"length":66.6543,"mcpPosition":[16.2155,298.278,14.1988],"pipPosition":[19.6995,290.116,-32.9198],"stabilizedTipPosition":[14.8796,265.755,-67.5386],"timeVisible":5.42339,"tipPosition":[15.3946,270.833,-69.8325],"tipVelocity":[-89.0964,369.293,-179.969],"tool":false,"touchDistance":-0.70104,"touchZone":"touching","type":2,"width":18.8974},{"bases":[[[0.830556,-0.515939,0.209722],[0.496988,0.856552,0.139002],[-0.251354,-0.0112196,0.96783]],[[0.848973,-0.513101,0.126384],[0.528153,0.831729,-0.171117],[-0.0173167,0.212024,0.977111]],[[0.848973,-0.513101,0.126384],[0.496359,0.692237,-0.523866],[0.181308,0.50748,0.842373]],[[0.848973,-0.513101,0.126384],[0.428521,0.528523,-0.732825],[0.309216,0.676307,0.668577]]],"btipPosition":[25.5716,254.281,-56.1582],"carpPosition":[19.8831,289.559,83.2144],"dipPosition":[31.3187,266.85,-43.7321],"direction":[-0.181308,-0.50748,-0.842373],"extended":true,"handId":429,"id":4293,"length":64.0899,"mcpPosition":[35.5452,290.258,22.9081],"pipPosition":[36.3149,280.835,-20.5194],"stabilizedTipPosition":[27.395,254.144,-51.7009],"timeVisible":5.42339,"tipPosition":[29.1537,259.249,-54.5611],"tipVelocity":[-75.4335,415.279,-219.943],"tool":false,"touchDistance":-0.710234,"touchZone":"touching","type":3,"width":17.982},{"bases":[[[0.702272,-0.648157,0.294459],[0.595948,0.761498,0.254885],[-0.389436,-0.0035165,0.921047]],[[0.742962,-0.643308,0.184832],[0.669186,0.719719,-0.184919],[-0.0140671,0.261075,0.965216]],[[0.742962,-0.643308,0.184832],[0.620762,0.558979,-0.549724],[0.250324,0.523161,0.814641]],[[0.742962,-0.643308,0.184832],[0.52922,0.395526,-0.750657],[0.409797,0.655526,0.634312]]],"btipPosition":[39.5881,248.103,-28.7322],"carpPosition":[28.5273,278.501,85.0698],"dipPosition":[46.6146,259.343,-17.8562],"direction":[-0.250324,-0.523161,-0.814641],"extended":true,"handId":429,"id":4294,"length":50.2453,"mcpPosition":[50.9901,278.704,31.9434],"pipPosition":[51.4849,269.521,-2.00653],"stabilizedTipPosition":[42.4417,247.557,-24.2778],"timeVisible":5.42339,"tipPosition":[44.1267,252.56,-27.2744],"tipVelocity":[-132.505,336.339,-207.855],"tool":false,"touchDistance":-0.755275,"touchZone":"touching","type":4,"width":15.9731}],"r":[[0.993054,0.111999,0.0360491],[-0.104761,0.981148,-0.162397],[-0.0535579,0.157493,0.986067]],"s":1.29057,"t":[-18.2632,161.529,-62.865],"timestamp":89071648668},false],[2,{"currentFrameRate":55.2678,"devices":[],"gestures":[],"hands":[{"armBasis":[[0.945733,-0.179301,-0.270999],[0.277286,0.880119,0.38536],[0.169416,-0.439592,0.882076]],"armWidth":63.4146,"confidence":0.765396,"direction":[0.173998,0.211771,-0.961706],"elbow":[58.0787,166.266,324.525],"grabStrength":0,"id":429,"palmNormal":[-0.303766,-0.917435,-0.256982],"palmPosition":[13.4942,294.379,33.9945],"palmVelocity":[11.0871,314.725,-199.148],"palmWidth":90.5539,"pinchStrength":0,"r":[[0.993594,0.107041,0.0362296],[-0.101187,0.985458,-0.136507],[-0.0503146,0.131967,0.989976]],"s":1.28198,"sphereCenter":[-26.5058,265.186,-6.79887],"sphereRadius":68.7098,"stabilizedPalmPosition":[13.3731,291.291,35.9582],"t":[-18.0603,167.221,-66.47],"timeVisible":5.44141,"type":"right","wrist":[12.5556,284.387,87.5055]}],"id":1432690,"interactionBox":{"center":[0,200,0],"size":[235.247,235.247,147.751]},"pointables":[{"bases":[[[0.682584,0.726356,0.080541],[-0.685926,0.598736,0.413546],[0.252159,-0.337525,0.906914]],[[0.575948,0.79405,-0.194338],[-0.758124,0.607749,0.236407],[0.305828,0.0111743,0.952021]],[[0.575948,0.79405,-0.194338],[-0.702208,0.602265,0.379711],[0.418553,-0.0822281,0.904462]],[[0.575948,0.79405,-0.194338],[-0.618469,0.5787,0.531603],[0.534583,-0.185984,0.824397]]],"btipPosition":[-59.7248,289.929,-11.872],"carpPosition":[-17.8781,283.362,85.3147],"dipPosition":[-47.2736,285.597,7.32943],"direction":[-0.418553,0.0822281,-0.904462],"extended":true,"handId":429,"id":4290,"length":51.8666,"mcpPosition":[-17.8781,283.362,85.3147],"pipPosition":[-33.0712,282.807,38.0198],"stabilizedTipPosition":[-57.2713,282.691,-4.18772],"timeVisible":5.44141,"tipPosition":[-58.6705,290.222,-6.33634],"tipVelocity":[27.574,392.948,-208.943],"tool":false,"touchDistance":-0.78515,"touchZone":"touching","type":0,"width":20.153},{"bases":[[[0.95264,-0.296509,-0.0675224],[0.302519,0.946643,0.11113],[0.0309685,-0.126294,0.991509]],[[0.944423,-0.281971,-0.168991],[0.325259,0.87606,0.355987],[0.0476685,-0.391168,0.919084]],[[0.944423,-0.281971,-0.168991],[0.318044,0.913764,0.252753],[0.083149,-0.292452,0.952658]],[[0.944423,-0.281971,-0.168991],[0.308627,0.937556,0.16043],[0.113202,-0.203669,0.972473]]],"btipPosition":[-10.8258,337.236,-70.5046],"carpPosition":[-2.59525,300.767,80.839],"dipPosition":[-8.90092,333.773,-53.9689],"direction":[-0.083149,0.292452,-0.952658],"extended":true,"handId":429,"id":4291,"length":58.5257,"mcpPosition":[-4.86267,310.013,8.24368],"pipPosition":[-6.90081,326.738,-31.0531],"stabilizedTipPosition":[-10.3592,335.844,-66.551],"timeVisible":5.44141,"tipPosition":[-10.3665,335.299,-67.5659],"tipVelocity":[-16.6142,506.466,-126.844],"tool":false,"touchDistance":-0.667207,"touchZone":"touching","type":1,"width":19.2501},{"bases":[[[0.882442,-0.467851,0.0491059],[0.459825,0.879884,0.119856],[-0.0992824,-0.0831862,0.991576]],[[0.873425,-0.472496,0.117799],[0.485261,0.864715,-0.12958],[-0.0406365,0.170341,0.984547]],[[0.873425,-0.472496,0.117799],[0.468248,0.748506,-0.469555],[0.13369,0.46528,0.875009]],[[0.873425,-0.472496,0.117799],[0.416791,0.600269,-0.682614],[0.251822,0.64531,0.721222]]],"btipPosition":[9.7973,271.219,-74.7005],"carpPosition":[9.44745,298.85,79.6275],"dipPosition":[14.5069,283.287,-61.2122],"direction":[-0.13369,-0.46528,-0.875009],"extended":true,"handId":429,"id":4292,"length":66.6853,"mcpPosition":[16.341,304.626,10.7788],"pipPosition":[18.2903,296.455,-36.4494],"stabilizedTipPosition":[11.7859,272.129,-70.6791],"timeVisible":5.44141,"tipPosition":[12.2816,276.791,-72.8543],"tipVelocity":[-133.347,354.505,-174.458],"tool":false,"touchDistance":-0.704775,"touchZone":"touching","type":2,"width":18.9062},{"bases":[[[0.821022,-0.539983,0.185313],[0.518297,0.841109,0.154607],[-0.239354,-0.0308881,0.970441]],[[0.839174,-0.535039,0.0975702],[0.543457,0.818006,-0.18847],[0.021026,0.211185,0.97722]],[[0.839174,-0.535039,0.0975702],[0.49315,0.672932,-0.55133],[0.229325,0.510779,0.828562]],[[0.839174,-0.535039,0.0975702],[0.410165,0.504801,-0.759567],[0.357145,0.677428,0.64307]]],"btipPosition":[21.6996,259.871,-59.2273],"carpPosition":[20.6765,294.014,79.5227],"dipPosition":[28.3405,272.468,-47.2697],"direction":[-0.229325,-0.510779,-0.828562],"extended":true,"handId":429,"id":4293,"length":64.1197,"mcpPosition":[35.5978,295.94,19.0256],"pipPosition":[34.6628,286.549,-24.4269],"stabilizedTipPosition":[24.3257,260.495,-55.218],"timeVisible":5.44141,"tipPosition":[25.5448,264.956,-57.844],"tipVelocity":[-136.136,365.629,-199.242],"tool":false,"touchDistance":-0.715197,"touchZone":"touching","type":3,"width":17.9904},{"bases":[[[0.690802,-0.671432,0.268276],[0.616491,0.740827,0.266672],[-0.377798,-0.0188283,0.925696]],[[0.731191,-0.664305,0.155107],[0.681373,0.700197,-0.213204],[0.0330271,0.261579,0.964617]],[[0.731191,-0.664305,0.155107],[0.610709,0.536134,-0.582748],[0.303964,0.520825,0.797714]],[[0.731191,-0.664305,0.155107],[0.504034,0.372887,-0.779041],[0.459683,0.647807,0.607484]]],"btipPosition":[35.9275,253.344,-32.3351],"carpPosition":[29.0902,282.713,80.9774],"dipPosition":[43.813,264.457,-21.9142],"direction":[-0.303964,-0.520825,-0.797714],"extended":true,"handId":429,"id":4294,"length":50.2687,"mcpPosition":[50.8919,283.8,27.558],"pipPosition":[49.7297,274.595,-6.38664],"stabilizedTipPosition":[39.2871,253.156,-28.0767],"timeVisible":5.44141,"tipPosition":[40.5398,257.715,-31.0841],"tipVelocity":[-160.794,314.002,-206.849],"tool":false,"touchDistance":-0.763694,"touchZone":"touching","type":4,"width":15.9805}],"r":[[0.993594,0.107041,0.0362296],[-0.101187,0.985458,-0.136507],[-0.0503146,0.131967,0.989976]],"s":1.28198,"t":[-18.0603,167.221,-66.47],"timestamp":89071666689},false],[3,{"currentFrameRate":55.2474,"devices":[],"gestures":[],"hands":[{"armBasis":[[0.945153,-0.173406,-0.276795],[0.275055,0.879585,0.388169],[0.176154,-0.443013,0.879039]],"armWidth":63.4146,"confidence":0.778623,"direction":[0.171832,0.226549,-0.958723],"elbow":[59.5591,168.776,320.926],"grabStrength":0,"id":429,"palmNormal":[-0.299008,-0.915292,-0.269878],"palmPosition":[13.0536,298.583,31.361],"palmVelocity":[-5.76677,274.951,-173.287],"palmWidth":90.5539,"pinchStrength":0,"r":[[0.993906,0.104056,0.0363859],[-0.099372,0.988629,-0.11286],[-0.0477159,0.108556,0.992944]],"s":1.27427,"sphereCenter":[-27.4882,270.437,-9.38419],"sphereRadius":68.2274,"stabilizedPalmPosition":[13.1668,295.999,32.9899],"t":[-18.1792,172.168,-69.5893],"timeVisible":5.45958,"type":"right","wrist":[12.2255,287.816,84.7234]}],"id":1432691,"interactionBox":{"center":[0,200,0],"size":[235.247,235.247,147.751]},"pointables":[{"bases":[[[0.678682,0.728855,0.0903376],[-0.688761,0.588945,0.42279],[0.254949,-0.349161,0.901714]],[[0.571781,0.799814,-0.182659],[-0.761132,0.600246,0.24573],[0.306179,-0.00147612,0.951973]],[[0.571781,0.799814,-0.182659],[-0.706522,0.593218,0.385901],[0.417005,-0.0915977,0.904277]],[[0.571781,0.799814,-0.182659],[-0.63492,0.572399,0.518879],[0.519561,-0.180711,0.835105]]],"btipPosition":[-59.6661,294.046,-14.88],"carpPosition":[-18.2044,286.656,82.5474],"dipPosition":[-47.5648,289.837,4.57085],"direction":[-0.417005,0.0915977,-0.904277],"extended":true,"handId":429,"id":4290,"length":51.8666,"mcpPosition":[-18.2044,286.656,82.5474],"pipPosition":[-33.4149,286.729,35.2549],"stabilizedTipPosition":[-57.0433,288.787,-7.83694],"timeVisible":5.45958,"tipPosition":[-58.6697,294.283,-9.29806],"tipVelocity":[13.8508,314.341,-186.734],"tool":false,"touchDistance":-0.779228,"touchZone":"touching","type":0,"width":20.153},{"bases":[[[0.954178,-0.290273,-0.0727057],[0.297449,0.94659,0.124464],[0.032694,-0.140387,0.989557]],[[0.945508,-0.273977,-0.175927],[0.321305,0.872568,0.367952],[0.0526978,-0.404428,0.91305]],[[0.945508,-0.273977,-0.175927],[0.313286,0.9127,0.262357],[0.0886888,-0.303176,0.948798]],[[0.945508,-0.273977,-0.175927],[0.303044,0.938093,0.167769],[0.119071,-0.211941,0.970002]]],"btipPosition":[-11.8266,342.674,-72.4996],"carpPosition":[-3.02168,304.207,78.3082],"dipPosition":[-9.80198,339.07,-56.006],"direction":[-0.0886888,0.303176,-0.948798],"extended":true,"handId":429,"id":4291,"length":58.5257,"mcpPosition":[-5.41544,314.485,5.85579],"pipPosition":[-7.66861,331.777,-33.183],"stabilizedTipPosition":[-11.3065,341.519,-68.589],"timeVisible":5.45958,"tipPosition":[-11.273,340.854,-69.5519],"tipVelocity":[-34.3586,406.774,-118.964],"tool":false,"touchDistance":-0.65889,"touchZone":"touching","type":1,"width":19.2501},{"bases":[[[0.88504,-0.46366,0.0415099],[0.455127,0.880577,0.132075],[-0.0977908,-0.0979997,0.99037]],[[0.876429,-0.469214,0.108214],[0.480776,0.865252,-0.142101],[-0.026957,0.176568,0.983919]],[[0.876429,-0.469214,0.108214],[0.457182,0.740267,-0.49294],[0.151187,0.4815,0.863307]],[[0.876429,-0.469214,0.108214],[0.399481,0.583014,-0.707466],[0.268863,0.663274,0.698413]]],"btipPosition":[7.80626,274.677,-76.3989],"carpPosition":[9.03005,302.374,77.0575],"dipPosition":[12.8345,287.082,-63.3372],"direction":[-0.151187,-0.4815,-0.863307],"extended":true,"handId":429,"id":4292,"length":66.6853,"mcpPosition":[15.82,309.178,8.29255],"pipPosition":[17.1131,300.708,-38.9055],"stabilizedTipPosition":[9.55694,276.394,-72.8231],"timeVisible":5.45958,"tipPosition":[10.4336,280.254,-74.7167],"tipVelocity":[-120.083,278.23,-138.402],"tool":false,"touchDistance":-0.689578,"touchZone":"touching","type":2,"width":18.9062},{"bases":[[[0.824158,-0.538082,0.176723],[0.513847,0.841627,0.166207],[-0.238168,-0.0461722,0.970126]],[[0.842918,-0.531346,0.0846178],[0.536777,0.819696,-0.199922],[0.036867,0.213939,0.976151]],[[0.842918,-0.531346,0.0846178],[0.478851,0.66914,-0.568289],[0.245337,0.519541,0.818466]],[[0.842918,-0.531346,0.0846178],[0.390694,0.496331,-0.775251],[0.369928,0.686533,0.62596]]],"btipPosition":[19.851,263.878,-61.214],"carpPosition":[20.2853,297.602,76.8723],"dipPosition":[26.7296,276.644,-49.5746],"direction":[-0.245337,-0.519541,-0.818466],"extended":true,"handId":429,"id":4293,"length":64.1197,"mcpPosition":[35.1326,300.48,16.3949],"pipPosition":[33.4933,290.967,-27.0102],"stabilizedTipPosition":[22.1521,265.243,-57.7119],"timeVisible":5.45958,"tipPosition":[23.6348,268.919,-59.9342],"tipVelocity":[-118.293,297.435,-158.281],"tool":false,"touchDistance":-0.70291,"touchZone":"touching","type":3,"width":17.9904},{"bases":[[[0.694746,-0.671424,0.257909],[0.612705,0.740282,0.276722],[-0.376723,-0.0342291,0.925693]],[[0.735581,-0.662207,0.142836],[0.675465,0.700876,-0.229173],[0.0516495,0.265056,0.962849]],[[0.735581,-0.662207,0.142836],[0.595569,0.531671,-0.602183],[0.322828,0.528023,0.785477]],[[0.735581,-0.662207,0.142836],[0.483399,0.365373,-0.795505],[0.4746,0.654205,0.588872]]],"btipPosition":[34.2591,257.475,-34.5367],"carpPosition":[28.7622,286.327,78.1559],"dipPosition":[42.4005,268.697,-24.4351],"direction":[-0.322828,-0.528023,-0.785477],"extended":true,"handId":429,"id":4294,"length":50.2687,"mcpPosition":[50.5019,288.303,24.7367],"pipPosition":[48.6843,278.975,-9.14572],"stabilizedTipPosition":[37.1287,257.876,-30.9061],"timeVisible":5.45958,"tipPosition":[38.739,261.804,-33.4136],"tipVelocity":[-126.349,273.318,-167.906],"tool":false,"touchDistance":-0.749784,"touchZone":"touching","type":4,"width":15.9805}],"r":[[0.993906,0.104056,0.0363859],[-0.099372,0.988629,-0.11286],[-0.0477159,0.108556,0.992944]],"s":1.27427,"t":[-18.1792,172.168,-69.5893],"timestamp":89071684860},false],[4,{"currentFrameRate":55.1971,"devices":[],"gestures":[],"hands":[{"armBasis":[[0.949466,-0.156344,-0.27216],[0.26145,0.873723,0.410186],[0.173662,-0.460613,0.870446]],"armWidth":63.4441,"confidence":0.788311,"direction":[0.167757,0.244305,-0.955077],"elbow":[58.6097,167.375,316.151],"grabStrength":0,"id":429,"palmNormal":[-0.286606,-0.914874,-0.284363],"palmPosition":[12.5518,302.842,28.9402],"palmVelocity":[-16.1495,254.778,-153.67],"palmWidth":90.5961,"pinchStrength":0,"r":[[0.993871,0.104293,0.0366393],[-0.100626,0.990783,-0.0906877],[-0.0457597,0.0864451,0.995205]],"s":1.26775,"sphereCenter":[-28.2863,274.938,-11.9663],"sphereRadius":68.1731,"stabilizedPalmPosition":[12.7656,300.463,30.348],"t":[-18.4895,176.771,-72.3594],"timeVisible":5.47787,"type":"right","wrist":[11.924,291.202,82.1476]}],"id":1432692,"interactionBox":{"center":[0,200,0],"size":[235.247,235.247,147.751]},"pointables":[{"bases":[[[0.668643,0.736616,0.101559],[-0.696415,0.572489,0.432738],[0.26062,-0.360074,0.895781]],[[0.560697,0.810423,-0.169804],[-0.768698,0.585687,0.257047],[0.307769,-0.0135972,0.951364]],[[0.560697,0.810423,-0.169804],[-0.714395,0.577156,0.395639],[0.418639,-0.100527,0.902572]],[[0.560697,0.810423,-0.169804],[-0.649052,0.557504,0.517611],[0.51415,-0.180011,0.838597]]],"btipPosition":[-59.9927,297.939,-17.491],"carpPosition":[-18.5033,289.656,79.9749],"dipPosition":[-48.0118,293.744,2.05025],"direction":[-0.418639,0.100527,-0.902572],"extended":true,"handId":429,"id":4290,"length":51.8907,"mcpPosition":[-18.5033,289.656,79.9749],"pipPosition":[-33.7999,290.332,32.6907],"stabilizedTipPosition":[-57.1597,293.704,-10.9358],"timeVisible":5.47787,"tipPosition":[-58.9515,298.08,-11.8904],"tipVelocity":[-2.06743,265.772,-165.112],"tool":false,"touchDistance":-0.768492,"touchZone":"touching","type":0,"width":20.1623},{"bases":[[[0.958023,-0.275852,-0.0780866],[0.284473,0.948484,0.139473],[0.03559,-0.155832,0.987142]],[[0.94877,-0.257668,-0.182872],[0.309985,0.871154,0.380789],[0.0611928,-0.417969,0.906398]],[[0.94877,-0.257668,-0.182872],[0.300731,0.913962,0.272459],[0.0969345,-0.313496,0.944629]],[[0.94877,-0.257668,-0.182872],[0.28935,0.941042,0.175263],[0.126931,-0.219198,0.967389]]],"btipPosition":[-13.2782,348.056,-74.2659],"carpPosition":[-3.56146,307.489,76.0058],"dipPosition":[-11.1189,344.327,-57.8091],"direction":[-0.0969345,0.313496,-0.944629],"extended":true,"handId":429,"id":4291,"length":58.5529,"mcpPosition":[-6.16847,318.904,3.69656],"pipPosition":[-8.78607,336.783,-35.0759],"stabilizedTipPosition":[-12.7068,346.911,-70.385],"timeVisible":5.47787,"tipPosition":[-12.6065,346.367,-71.2491],"tipVelocity":[-55.1113,352.108,-108.454],"tool":false,"touchDistance":-0.647956,"touchZone":"touching","type":1,"width":19.2591},{"bases":[[[0.891397,-0.451994,0.0333728],[0.443056,0.884542,0.145902],[-0.0954666,-0.115271,0.988736]],[[0.883276,-0.458548,0.0977658],[0.46857,0.870589,-0.150054],[-0.016307,0.178349,0.983832]],[[0.883276,-0.458548,0.0977658],[0.439585,0.737411,-0.512826],[0.163062,0.495943,0.852907]],[[0.883276,-0.458548,0.0977658],[0.377005,0.570663,-0.729528],[0.278732,0.681233,0.676927]]],"btipPosition":[6.10104,278.502,-77.9975],"carpPosition":[8.51882,305.842,74.7162],"dipPosition":[11.3163,291.249,-65.3317],"direction":[-0.163062,-0.495943,-0.852907],"extended":true,"handId":429,"id":4292,"length":66.7163,"mcpPosition":[15.1505,313.85,6.03269],"pipPosition":[15.9331,305.29,-41.1831],"stabilizedTipPosition":[7.735,280.463,-74.6489],"timeVisible":5.47787,"tipPosition":[8.79303,284.109,-76.4167],"tipVelocity":[-106.087,247.17,-116.347],"tool":false,"touchDistance":-0.674299,"touchZone":"touching","type":2,"width":18.915},{"bases":[[[0.831679,-0.529416,0.167415],[0.502341,0.845863,0.179358],[-0.236566,-0.065069,0.969434]],[[0.850736,-0.520584,0.0723894],[0.523879,0.828766,-0.196718],[0.0424144,0.205278,0.977784]],[[0.850736,-0.520584,0.0723894],[0.463728,0.678617,-0.569592],[0.247396,0.518142,0.818734]],[[0.850736,-0.520584,0.0723894],[0.374819,0.504357,-0.777904],[0.368454,0.688924,0.6242]]],"btipPosition":[19.0333,269.046,-63.7092],"carpPosition":[19.8439,301.228,74.4455],"dipPosition":[25.8877,281.863,-52.0971],"direction":[-0.247396,-0.518142,-0.818734],"extended":true,"handId":429,"id":4293,"length":64.1495,"mcpPosition":[34.5983,305.286,13.9831],"pipPosition":[32.7114,296.154,-29.5148],"stabilizedTipPosition":[20.9731,270.404,-60.2549],"timeVisible":5.47787,"tipPosition":[22.6421,273.979,-62.3463],"tipVelocity":[-83.1737,290.608,-147.967],"tool":false,"touchDistance":-0.698474,"touchZone":"touching","type":3,"width":17.9988},{"bases":[[[0.704199,-0.665824,0.24654],[0.602695,0.744128,0.288152],[-0.375316,-0.0543282,0.925304]],[[0.745344,-0.653929,0.129767],[0.664219,0.711677,-0.228757],[0.0572389,0.256696,0.964796]],[[0.745344,-0.653929,0.129767],[0.582307,0.543785,-0.604332],[0.324625,0.525999,0.786094]],[[0.745344,-0.653929,0.129767],[0.469993,0.37735,-0.797943],[0.472831,0.655731,0.588598]]],"btipPosition":[33.6977,262.649,-37.2569],"carpPosition":[28.4809,290.047,75.5415],"dipPosition":[41.8125,273.903,-27.1553],"direction":[-0.324625,-0.525999,-0.786094],"extended":true,"handId":429,"id":4294,"length":50.292,"mcpPosition":[50.1495,293.184,22.1199],"pipPosition":[48.1343,284.146,-11.8468],"stabilizedTipPosition":[36.0387,263.005,-33.712],"timeVisible":5.47787,"tipPosition":[37.956,266.903,-36.0632],"tipVelocity":[-80.6698,278.094,-158.711],"tool":false,"touchDistance":-0.743942,"touchZone":"touching","type":4,"width":15.9879}],"r":[[0.993871,0.104293,0.0366393],[-0.100626,0.990783,-0.0906877],[-0.0457597,0.0864451,0.995205]],"s":1.26775,"t":[-18.4895,176.771,-72.3594],"timestamp":89071703151},false],[5,{"currentFrameRate":55.2485,"devices":[],"gestures":[],"hands":[{"armBasis":[[0.947958,-0.142882,-0.284536],[0.258106,0.868117,0.423974],[0.186433,-0.47535,0.859817]],"armWidth":63.4441,"confidence":0.80223,"direction":[0.170572,0.247979,-0.953631],"elbow":[60.8883,165.648,312.04],"grabStrength":0,"id":429,"palmNormal":[-0.285863,-0.913736,-0.288736],"palmPosition":[11.5539,305.283,27.7344],"palmVelocity":[-34.8212,198.76,-112.866],"palmWidth":90.5961,"pinchStrength":0,"r":[[0.993825,0.104431,0.0375088],[-0.101536,0.992208,-0.0722084],[-0.0447573,0.067954,0.996684]],"s":1.26189,"sphereCenter":[-29.7257,277.641,-13.1509],"sphereRadius":68.1036,"stabilizedPalmPosition":[11.9669,303.64,28.6253],"t":[-19.1437,180.293,-74.3473],"timeVisible":5.49579,"type":"right","wrist":[10.7694,293.437,80.8944]}],"id":1432693,"interactionBox":{"center":[0,200,0],"size":[235.247,235.247,147.751]},"pointables":[{"bases":[[[0.668415,0.736144,0.10636],[-0.697621,0.570888,0.432912],[0.257966,-0.363564,0.89514]],[[0.5613,0.811004,-0.16497],[-0.769327,0.58478,0.257231],[0.305087,-0.0174679,0.952164]],[[0.5613,0.811004,-0.16497],[-0.715788,0.575776,0.395132],[0.41544,-0.103704,0.90369]],[[0.5613,0.811004,-0.16497],[-0.658206,0.558284,0.505058],[0.501704,-0.174905,0.847172]]],"btipPosition":[-60.609,300.367,-19.1166],"carpPosition":[-19.6516,291.902,78.6269],"dipPosition":[-48.9182,296.291,0.624443],"direction":[-0.41544,0.103704,-0.90369],"extended":true,"handId":429,"id":4290,"length":51.8907,"mcpPosition":[-19.6516,291.902,78.6269],"pipPosition":[-34.8148,292.771,31.3029],"stabilizedTipPosition":[-57.6166,297.144,-13.1233],"timeVisible":5.49579,"tipPosition":[-59.5971,300.502,-13.506],"tipVelocity":[-19.092,204.951,-128.758],"tool":false,"touchDistance":-0.743671,"touchZone":"touching","type":0,"width":20.1623},{"bases":[[[0.95822,-0.275653,-0.0763529],[0.284158,0.947906,0.143971],[0.0326894,-0.159652,0.986632]],[[0.948963,-0.25663,-0.183331],[0.3094,0.870235,0.383358],[0.0611604,-0.420515,0.905222]],[[0.948963,-0.25663,-0.183331],[0.299718,0.91475,0.270928],[0.0981743,-0.312048,0.94498]],[[0.948963,-0.25663,-0.183331],[0.28773,0.942496,0.170035],[0.129153,-0.214107,0.968234]]],"btipPosition":[-14.2669,350.584,-75.4365],"carpPosition":[-4.69644,309.749,74.7704],"dipPosition":[-12.0698,346.941,-58.9652],"direction":[-0.0981743,0.312048,-0.94498],"extended":true,"handId":429,"id":4291,"length":58.5529,"mcpPosition":[-7.09097,321.444,2.49854],"pipPosition":[-9.70719,339.432,-36.2236],"stabilizedTipPosition":[-13.7026,349.588,-71.5775],"timeVisible":5.49579,"tipPosition":[-13.5088,349.114,-72.3604],"tipVelocity":[-54.9101,252.939,-87.9911],"tool":false,"touchDistance":-0.629002,"touchZone":"touching","type":1,"width":19.2591},{"bases":[[[0.891251,-0.452217,0.0342293],[0.442714,0.883922,0.150616],[-0.0983674,-0.119083,0.988]],[[0.883268,-0.45883,0.0965045],[0.468802,0.867709,-0.165243],[-0.00791927,0.191196,0.98152]],[[0.883268,-0.45883,0.0965045],[0.434357,0.723227,-0.536914],[0.176558,0.516156,0.838099]],[[0.883268,-0.45883,0.0965045],[0.366121,0.546361,-0.75329],[0.292906,0.700689,0.65057]]],"btipPosition":[4.12126,279.478,-78.1294],"carpPosition":[7.38739,308.106,73.5097],"dipPosition":[9.60171,292.588,-65.9568],"direction":[-0.176558,-0.516156,-0.838099],"extended":true,"handId":429,"id":4292,"length":66.7163,"mcpPosition":[14.2206,316.378,4.8774],"pipPosition":[14.6006,307.203,-42.2274],"stabilizedTipPosition":[5.78405,282.146,-75.2133],"timeVisible":5.49579,"tipPosition":[6.90644,285.081,-76.7334],"tipVelocity":[-106.548,158.355,-67.8613],"tool":false,"touchDistance":-0.638882,"touchZone":"touching","type":2,"width":18.915},{"bases":[[[0.831134,-0.530151,0.167796],[0.501897,0.845108,0.184096],[-0.239404,-0.0687916,0.96848]],[[0.850846,-0.520663,0.0705039],[0.523441,0.828359,-0.199577],[0.0455098,0.206714,0.977342]],[[0.850846,-0.520663,0.0705039],[0.461104,0.675619,-0.575258],[0.251882,0.521966,0.814928]],[[0.850846,-0.520663,0.0705039],[0.370297,0.499031,-0.783485],[0.372748,0.692732,0.617398]]],"btipPosition":[17.7379,271.302,-64.5897],"carpPosition":[18.7128,303.491,73.2543],"dipPosition":[24.6722,284.189,-53.1042],"direction":[-0.251882,-0.521966,-0.814928],"extended":true,"handId":429,"id":4293,"length":64.1495,"mcpPosition":[33.6442,307.782,12.8514],"pipPosition":[31.6196,298.586,-30.6268],"stabilizedTipPosition":[19.7015,273.398,-61.5675],"timeVisible":5.49579,"tipPosition":[21.2855,276.141,-63.2439],"tipVelocity":[-77.5446,213.228,-102.054],"tool":false,"touchDistance":-0.670604,"touchZone":"touching","type":3,"width":17.9988},{"bases":[[[0.70341,-0.666849,0.24602],[0.601924,0.742942,0.292788],[-0.378024,-0.0578649,0.923986]],[[0.745363,-0.65428,0.127877],[0.66386,0.71089,-0.232218],[0.0610292,0.257979,0.964221]],[[0.745363,-0.65428,0.127877],[0.579247,0.54065,-0.610058],[0.330012,0.528787,0.78197]],[[0.745363,-0.65428,0.127877],[0.464858,0.372595,-0.803169],[0.477851,0.658097,0.581866]]],"btipPosition":[32.3941,264.972,-38.1739],"carpPosition":[27.3455,292.306,74.3323],"dipPosition":[40.5951,276.266,-28.1879],"direction":[-0.330012,-0.528787,-0.78197],"extended":true,"handId":429,"id":4294,"length":50.292,"mcpPosition":[49.1703,295.646,20.9868],"pipPosition":[47.0217,286.564,-12.9597],"stabilizedTipPosition":[34.7868,266.255,-35.2535],"timeVisible":5.49579,"tipPosition":[36.5647,269.141,-37.0027],"tipVelocity":[-76.4016,208.207,-108.619],"tool":false,"touchDistance":-0.712035,"touchZone":"touching","type":4,"width":15.9879}],"r":[[0.993825,0.104431,0.0375088],[-0.101536,0.992208,-0.0722084],[-0.0447573,0.067954,0.996684]],"s":1.26189,"t":[-19.1437,180.293,-74.3473],"timestamp":89071721073},false],[6,{"currentFrameRate":55.3704,"devices":[],"gestures":[],"hands":[{"armBasis":[[0.949864,-0.142225,-0.278444],[0.254152,0.869927,0.422652],[0.182114,-0.472229,0.862458]],"armWidth":63.4736,"confidence":0.812589,"direction":[0.164535,0.260853,-0.951254],"elbow":[59.542,167.393,311.508],"grabStrength":0,"id":429,"palmNormal":[-0.278573,-0.912848,-0.298505],"palmPosition":[11.0281,306.89,26.5025],"palmVelocity":[-32.4796,148.494,-92.7751],"palmWidth":90.6382,"pinchStrength":0,"r":[[0.993622,0.106276,0.0376959],[-0.104129,0.993044,-0.0549635],[-0.043275,0.0506877,0.997777]],"s":1.25676,"sphereCenter":[-30.7594,279.955,-14.2449],"sphereRadius":67.8159,"stabilizedPalmPosition":[11.3552,305.757,27.2421],"t":[-19.7336,182.857,-75.9572],"timeVisible":5.51343,"type":"right","wrist":[10.5612,294.401,79.5449]}],"id":1432694,"interactionBox":{"center":[0,200,0],"size":[235.247,235.247,147.751]},"pointables":[{"bases":[[[0.662024,0.740981,0.112568],[-0.70114,0.559229,0.442341],[0.264815,-0.371766,0.889754]],[[0.553174,0.818059,-0.157412],[-0.773398,0.574526,0.267909],[0.309602,-0.0264579,0.950498]],[[0.553174,0.818059,-0.157412],[-0.719509,0.564402,0.404669],[0.419887,-0.110593,0.900813]],[[0.553174,0.818059,-0.157412],[-0.666069,0.547806,0.506223],[0.500351,-0.175182,0.847915]]],"btipPosition":[-61.1876,301.767,-20.2513],"carpPosition":[-19.8671,292.611,77.3744],"dipPosition":[-49.5229,297.683,-0.483751],"direction":[-0.419887,0.110593,-0.900813],"extended":true,"handId":429,"id":4290,"length":51.9149,"mcpPosition":[-19.8671,292.611,77.3744],"pipPosition":[-35.2619,293.927,30.1113],"stabilizedTipPosition":[-58.1421,299.324,-14.6507],"timeVisible":5.51343,"tipPosition":[-60.1089,301.841,-14.6314],"tipVelocity":[-25.6519,146.271,-98.5115],"tool":false,"touchDistance":-0.714566,"touchZone":"touching","type":0,"width":20.1717},{"bases":[[[0.960409,-0.265851,-0.0832885],[0.275984,0.948718,0.154165],[0.0380323,-0.171048,0.984528]],[[0.950253,-0.245222,-0.192059],[0.303271,0.869024,0.390926],[0.0710399,-0.429725,0.900161]],[[0.950253,-0.245222,-0.192059],[0.291946,0.916118,0.274763],[0.108571,-0.317165,0.942135]],[[0.950253,-0.245222,-0.192059],[0.27837,0.945235,0.170413],[0.139752,-0.215399,0.966474]]],"btipPosition":[-15.9052,352.877,-76.1356],"carpPosition":[-5.08525,310.648,73.672],"dipPosition":[-13.5267,349.211,-59.6866],"direction":[-0.108571,0.317165,-0.942135],"extended":true,"handId":429,"id":4291,"length":58.5801,"mcpPosition":[-7.87245,323.184,1.52067],"pipPosition":[-10.9127,341.574,-37.0029],"stabilizedTipPosition":[-15.2636,351.894,-72.308],"timeVisible":5.51343,"tipPosition":[-15.0286,351.571,-72.9729],"tipVelocity":[-71.5356,195.386,-65.5458],"tool":false,"touchDistance":-0.604999,"touchZone":"touching","type":1,"width":19.268},{"bases":[[[0.895503,-0.444328,0.0254377],[0.435148,0.886129,0.159443],[-0.0933859,-0.131712,0.986879]],[[0.888441,-0.45132,0.083567],[0.458961,0.871435,-0.173079],[0.00529055,0.192124,0.981356]],[[0.888441,-0.45132,0.083567],[0.416383,0.715888,-0.560472],[0.193127,0.532742,0.823946]],[[0.888441,-0.45132,0.083567],[0.340393,0.525729,-0.779578],[0.307905,0.721055,0.620705]]],"btipPosition":[2.01552,280.473,-78.3188],"carpPosition":[7.01378,309.132,72.3451],"dipPosition":[7.7793,293.97,-66.6997],"direction":[-0.193127,-0.532742,-0.823946],"extended":true,"handId":429,"id":4292,"length":66.7474,"mcpPosition":[13.5039,318.286,3.75869],"pipPosition":[13.2499,309.061,-43.3602],"stabilizedTipPosition":[3.68709,283.374,-75.5851],"timeVisible":5.51343,"tipPosition":[4.91027,286.103,-77.0916],"tipVelocity":[-110.815,113.095,-44.559],"tool":false,"touchDistance":-0.608079,"touchZone":"touching","type":2,"width":18.9237},{"bases":[[[0.836631,-0.524395,0.158296],[0.494817,0.847469,0.192231],[-0.234956,-0.0824992,0.968499]],[[0.856381,-0.51311,0.057708],[0.512967,0.832684,-0.20857],[0.058967,0.208218,0.976303]],[[0.856381,-0.51311,0.057708],[0.444516,0.675766,-0.588002],[0.262713,0.529206,0.806798]],[[0.856381,-0.51311,0.057708],[0.3504,0.495424,-0.794843],[0.379252,0.700909,0.604066]]],"btipPosition":[16.1136,272.856,-65.3993],"carpPosition":[18.3854,304.623,71.9913],"dipPosition":[23.1721,285.901,-54.1565],"direction":[-0.262713,-0.529206,-0.806798],"extended":true,"handId":429,"id":4293,"length":64.1794,"mcpPosition":[33.0461,309.771,11.5591],"pipPosition":[30.4217,300.504,-31.893],"stabilizedTipPosition":[18.1565,275.331,-62.5474],"timeVisible":5.51343,"tipPosition":[19.6607,277.784,-64.1264],"tipVelocity":[-83.5786,155.747,-77.3087],"tool":false,"touchDistance":-0.644858,"touchZone":"touching","type":3,"width":18.0071},{"bases":[[[0.710479,-0.663189,0.235372],[0.596205,0.744949,0.299316],[-0.373843,-0.0723276,0.924667]],[[0.752175,-0.648649,0.116133],[0.655107,0.717029,-0.238127],[0.0711903,0.255193,0.964266]],[[0.752175,-0.648649,0.116133],[0.565129,0.54433,-0.619947],[0.338913,0.531938,0.776002]],[[0.752175,-0.648649,0.116133],[0.447638,0.373628,-0.812418],[0.483584,0.663066,0.571394]]],"btipPosition":[31.3086,266.941,-39.4],"carpPosition":[27.1289,293.501,72.9035],"dipPosition":[39.6118,278.326,-29.5891],"direction":[-0.338913,-0.531938,-0.776002],"extended":true,"handId":429,"id":4294,"length":50.3154,"mcpPosition":[48.7224,297.678,19.4938],"pipPosition":[46.2149,288.69,-14.4701],"stabilizedTipPosition":[33.6609,268.627,-36.6102],"timeVisible":5.51343,"tipPosition":[35.3889,271.131,-38.276],"tipVelocity":[-68.8393,163.666,-91.422],"tool":false,"touchDistance":-0.68816,"touchZone":"touching","type":4,"width":15.9954}],"r":[[0.993622,0.106276,0.0376959],[-0.104129,0.993044,-0.0549635],[-0.043275,0.0506877,0.997777]],"s":1.25676,"t":[-19.7336,182.857,-75.9572],"timestamp":89071738712},false],[7,{"currentFrameRate":55.3776,"device