{"sensorType":"Leap","data":[[0,{"currentFrameRate":53.3167,"devices":[],"gestures":[],"hands":[{"armBasis":[[0.872505,-0.359647,-0.33074],[0.45665,0.841001,0.290154],[0.173799,-0.404193,0.89801]],"armWidth":63.325,"confidence":0.626308,"direction":[0.121629,0.725535,-0.677351],"elbow":[59.7172,128.475,294.241],"grabStrength":0,"id":432,"palmNormal":[-0.452477,-0.566857,-0.688431],"palmPosition":[10.9744,276.389,15.94],"palmVelocity":[-30.0607,188.347,-229.563],"palmWidth":90.4259,"pinchStrength":0.497471,"r":[[0.996695,0.0715171,-0.0385328],[-0.0664344,0.990542,0.120051],[0.046754,-0.117094,0.99202]],"s":1.24196,"sphereCenter":[-3.7186,262.282,-28.9425],"sphereRadius":47.7723,"stabilizedPalmPosition":[11.8129,271.091,22.5067],"t":[-15.5558,104.292,-75.0372],"timeVisible":0.252379,"type":"right","wrist":[13.0822,236.93,53.2812]}],"id":1433796,"interactionBox":{"center":[0,200,0],"size":[235.247,235.247,147.751]},"pointables":[{"bases":[[[0.783937,0.491565,0.379219],[-0.556103,0.284402,0.780939],[0.276031,-0.823091,0.496314]],[[0.642934,0.742649,0.187372],[-0.670743,0.427821,0.605866],[0.369784,-0.51521,0.773187]],[[0.642934,0.742649,0.187372],[-0.729991,0.520103,0.443402],[0.23184,-0.421858,0.876519]],[[0.642934,0.742649,0.187372],[-0.764677,0.60844,0.212297],[0.0436578,-0.279772,0.959073]]],"btipPosition":[-44.4324,285.794,-34.82],"carpPosition":[-17.2169,239.434,55.5432],"dipPosition":[-43.417,279.287,-12.5133],"direction":[-0.23184,0.421858,-0.876519],"extended":false,"handId":432,"id":4320,"length":51.7933,"mcpPosition":[-17.2169,239.434,55.5432],"pipPosition":[-35.5613,264.993,17.1868],"stabilizedTipPosition":[-43.6043,280.45,-26.581],"timeVisible":0.252379,"tipPosition":[-44.2398,283.108,-30.3391],"tipVelocity":[-36.9531,244.715,-195.575],"tool":false,"touchDistance":0.197021,"touchZone":"hovering","type":0,"width":20.1245},{"bases":[[[0.891323,-0.262861,-0.369389],[0.443254,0.676403,0.588221],[0.0952353,-0.688028,0.719408]],[[0.894657,-0.292966,-0.337283],[0.421105,0.805127,0.417661],[0.149195,-0.515695,0.843682]],[[0.894657,-0.292966,-0.337283],[0.412219,0.83239,0.370409],[0.172234,-0.470424,0.865469]],[[0.894657,-0.292966,-0.337283],[0.404768,0.851076,0.334414],[0.189082,-0.435707,0.880004]]],"btipPosition":[-20.7306,346.058,-64.7124],"carpPosition":[-0.0498336,255.037,59.6391],"dipPosition":[-17.52,338.659,-49.7702],"direction":[-0.172234,0.470424,-0.865469],"extended":true,"handId":432,"id":4321,"length":58.4429,"mcpPosition":[-7.01282,305.341,7.04071],"pipPosition":[-13.3829,327.36,-28.9812],"stabilizedTipPosition":[-19.798,342.483,-59.6169],"timeVisible":0.252379,"tipPosition":[-21.2037,342.408,-61.6141],"tipVelocity":[-24.3561,242.766,-188.561],"tool":false,"touchDistance":0.137371,"touchZone":"hovering","type":1,"width":19.2229},{"bases":[[[0.807283,-0.464832,-0.363627],[0.589545,0.606956,0.532955],[-0.0270294,-0.64462,0.764025]],[[0.807699,-0.436695,-0.396131],[0.213451,0.842875,-0.493965],[0.5496,0.31442,0.774002]],[[0.807699,-0.436695,-0.396131],[-0.470818,-0.0732972,-0.87918],[0.354898,0.896619,-0.264806]],[[0.807699,-0.436695,-0.396131],[-0.589547,-0.589648,-0.552041],[0.00749568,0.679421,-0.733711]]],"btipPosition":[-23.1881,245.009,-13.1226],"carpPosition":[11.434,253.402,55.7415],"dipPosition":[-23.0481,257.698,-26.825],"direction":[-0.354898,-0.896619,0.264806],"extended":false,"handId":432,"id":4322,"length":66.591,"mcpPosition":[13.3081,298.097,2.76749],"pipPosition":[-13.0186,283.036,-34.3084],"stabilizedTipPosition":[-22.9335,246.925,-15.3956],"timeVisible":0.252379,"tipPosition":[-23.5713,248.948,-18.3276],"tipVelocity":[-21.4097,188.996,-146.619],"tool":false,"touchDistance":0.333333,"touchZone":"none","type":2,"width":18.8794},{"bases":[[[0.747752,-0.599051,-0.286366],[0.644553,0.551337,0.529698],[-0.159432,-0.58066,0.798383]],[[0.753556,-0.575227,-0.318226],[0.304907,0.734693,-0.606018],[0.582396,0.35964,0.729023]],[[0.753556,-0.575227,-0.318226],[-0.470244,-0.133402,-0.872396],[0.459373,0.807043,-0.371023]],[[0.753556,-0.575227,-0.318226],[-0.647269,-0.564645,-0.512074],[0.114874,0.591854,-0.797818]]],"btipPosition":[-8.9234,235.794,-5.86502],"carpPosition":[21.7913,248.824,51.1778],"dipPosition":[-6.7904,246.784,-20.679],"direction":[-0.459373,-0.807043,0.371023],"extended":false,"handId":432,"id":4323,"length":64.0291,"mcpPosition":[31.7162,284.971,1.47713],"pipPosition":[5.85627,269.002,-30.8934],"stabilizedTipPosition":[-8.09148,237.084,-8.09879],"timeVisible":0.252379,"tipPosition":[-8.48607,239.282,-11.2816],"tipVelocity":[-30.8983,189.839,-162.135],"tool":false,"touchDistance":0.333333,"touchZone":"none","type":3,"width":17.965},{"bases":[[[0.607427,-0.745036,-0.275595],[0.736374,0.39797,0.547149],[-0.297967,-0.535295,0.790364]],[[0.617311,-0.726195,-0.302602],[0.460118,0.645257,-0.609865],[0.638137,0.237244,0.732459]],[[0.617311,-0.726195,-0.302602],[-0.474876,-0.0372897,-0.879262],[0.627232,0.686477,-0.367872]],[[0.617311,-0.726195,-0.302602],[-0.743734,-0.413285,-0.525409],[0.256488,0.549396,-0.795222]]],"btipPosition":[6.74192,238.073,-5.93506],"carpPosition":[28.5809,238.318,44.5762],"dipPosition":[11.1355,247.484,-19.5572],"direction":[-0.627232,-0.686477,0.367872],"extended":false,"handId":432,"id":4324,"length":50.1976,"mcpPosition":[45.7515,269.165,-0.969064],"pipPosition":[23.3274,260.828,-26.7077],"stabilizedTipPosition":[8.24994,238.521,-7.06739],"timeVisible":0.252379,"tipPosition":[8.06223,240.932,-10.8729],"tipVelocity":[-35.3436,187.261,-192.573],"tool":false,"touchDistance":0.333333,"touchZone":"none","type":4,"width":15.9579}],"r":[[0.996695,0.0715171,-0.0385328],[-0.0664344,0.990542,0.120051],[0.046754,-0.117094,0.99202]],"s":1.24196,"t":[-15.5558,104.292,-75.0372],"timestamp":89091975778},false],[1,{"currentFrameRate":53.4777,"devices":[],"gestures":[],"hands":[{"armBasis":[[0.875889,-0.362261,-0.318725],[0.454292,0.84173,0.291736],[0.162596,-0.400322,0.901834]],"armWidth":63.325,"confidence":0.643802,"direction":[0.124696,0.721559,-0.681031],"elbow":[56.0447,132.475,292.396],"grabStrength":0,"id":432,"palmNormal":[-0.44769,-0.571628,-0.687616],"palmPosition":[10.4782,279.119,12.8172],"palmVelocity":[-28.7849,170.403,-202.301],"palmWidth":90.4259,"pinchStrength":0.475288,"r":[[0.996338,0.0761895,-0.0388002],[-0.0707764,0.989545,0.125663],[0.0479688,-0.122457,0.991314]],"s":1.25591,"sphereCenter":[-4.14036,264.986,-31.796],"sphereRadius":47.8109,"stabilizedPalmPosition":[11.4434,273.313,19.8242],"t":[-16.0694,107.321,-78.6517],"timeVisible":0.270503,"type":"right","wrist":[12.4161,239.892,50.4099]}],"id":1433797,"interactionBox":{"center":[0,200,0],"size":[235.247,235.247,147.751]},"pointables":[{"bases":[[[0.781061,0.494889,0.380825],[-0.561058,0.28842,0.775905],[0.274149,-0.819694,0.502935]],[[0.642845,0.742339,0.188898],[-0.671634,0.427669,0.604985],[0.368318,-0.515782,0.773506]],[[0.642845,0.742339,0.188898],[-0.730781,0.520437,0.441706],[0.229586,-0.421992,0.877048]],[[0.642845,0.742339,0.188898],[-0.765451,0.613244,0.19498],[0.0289005,-0.269934,0.962445]]],"btipPosition":[-44.6222,288.534,-37.9971],"carpPosition":[-17.8991,242.37,52.4782],"dipPosition":[-43.95,282.255,-15.6121],"direction":[-0.229586,0.421992,-0.877048],"extended":false,"handId":432,"id":4320,"length":51.7933,"mcpPosition":[-17.8991,242.37,52.4782],"pipPosition":[-36.1706,267.957,14.106],"stabilizedTipPosition":[-44.0093,283.565,-29.5214],"timeVisible":0.270503,"tipPosition":[-44.4743,285.882,-33.5323],"tipVelocity":[-26.4194,201.551,-185.448],"tool":false,"touchDistance":0.144369,"touchZone":"hovering","type":0,"width":20.1245},{"bases":[[[0.893818,-0.263937,-0.362527],[0.438918,0.68055,0.586688],[0.0918693,-0.683513,0.724134]],[[0.896991,-0.293708,-0.330367],[0.417777,0.807495,0.416429],[0.144461,-0.511553,0.847021]],[[0.896991,-0.293708,-0.330367],[0.408815,0.835475,0.367221],[0.168158,-0.464453,0.869486]],[[0.896991,-0.293708,-0.330367],[0.401246,0.854582,0.329685],[0.185495,-0.428283,0.884401]]],"btipPosition":[-20.85,348.264,-68.4309],"carpPosition":[-0.776269,258.02,56.58],"dipPosition":[-17.7003,340.991,-53.414],"direction":[-0.168158,0.464453,-0.869486],"extended":true,"handId":432,"id":4321,"length":58.4429,"mcpPosition":[-7.49316,307.994,3.63597],"pipPosition":[-13.6611,329.835,-32.5285],"stabilizedTipPosition":[-19.9781,344.742,-62.5648],"timeVisible":0.270503,"tipPosition":[-21.3023,344.677,-65.3077],"tipVelocity":[-16.2649,185.895,-196.016],"tool":false,"touchDistance":0.0756829,"touchZone":"hovering","type":1,"width":19.2229},{"bases":[[[0.810004,-0.465979,-0.35603],[0.58562,0.610959,0.532709],[-0.0307114,-0.639994,0.767766]],[[0.810576,-0.438219,-0.388498],[0.208738,0.836001,-0.507475],[0.547169,0.330253,0.769116]],[[0.810576,-0.438219,-0.388498],[-0.472067,-0.0963253,-0.876285],[0.346582,0.893692,-0.284947]],[[0.810576,-0.438219,-0.388498],[-0.585633,-0.606327,-0.53796],[0.000187529,0.663575,-0.74811]]],"btipPosition":[-23.1464,247.282,-15.2912],"carpPosition":[10.7324,256.376,52.7601],"dipPosition":[-23.1429,259.675,-29.2626],"direction":[-0.346582,-0.893692,0.284947],"extended":false,"handId":432,"id":4322,"length":66.591,"mcpPosition":[12.8618,300.75,-0.473352],"pipPosition":[-13.3485,284.931,-37.3152],"stabilizedTipPosition":[-23.0731,249.036,-17.4418],"timeVisible":0.270503,"tipPosition":[-23.5791,251.102,-20.5752],"tipVelocity":[-10.9469,156.942,-135.407],"tool":false,"touchDistance":0.333333,"touchZone":"none","type":2,"width":18.8794},{"bases":[[[0.750189,-0.599803,-0.278304],[0.640717,0.555393,0.530114],[-0.163395,-0.576,0.800953]],[[0.754866,-0.581777,-0.302841],[0.295173,0.71367,-0.635254],[0.585705,0.390141,0.71045]],[[0.754866,-0.581777,-0.302841],[-0.478842,-0.173312,-0.860624],[0.448205,0.794668,-0.409407]],[[0.754866,-0.581777,-0.302841],[-0.647132,-0.585489,-0.488286],[0.106763,0.564569,-0.818452]]],"btipPosition":[-9.0346,237.957,-6.65293],"carpPosition":[21.1222,251.783,48.2853],"dipPosition":[-7.0522,248.44,-21.8501],"direction":[-0.448205,-0.794668,0.409407],"extended":false,"handId":432,"id":4323,"length":64.0291,"mcpPosition":[31.2939,287.64,-1.57534],"pipPosition":[5.287,270.317,-33.1212],"stabilizedTipPosition":[-8.40986,239.23,-9.43819],"timeVisible":0.270503,"tipPosition":[-8.6476,241.333,-12.4152],"tipVelocity":[-20.0189,153.202,-107.956],"tool":false,"touchDistance":0.333333,"touchZone":"none","type":3,"width":17.965},{"bases":[[[0.609989,-0.745904,-0.267471],[0.732629,0.402256,0.54904],[-0.301939,-0.530865,0.791843]],[[0.620804,-0.72563,-0.296756],[0.444396,0.637561,-0.629307],[0.645844,0.258799,0.718268]],[[0.620804,-0.72563,-0.296756],[-0.49086,-0.0646273,-0.868838],[0.611276,0.685044,-0.396304]],[[0.620804,-0.72563,-0.296756],[-0.746455,-0.431427,-0.506632],[0.239599,0.536034,-0.809481]]],"btipPosition":[6.68252,240.246,-7.51292],"carpPosition":[27.964,241.246,41.788],"dipPosition":[10.7868,249.428,-21.3793],"direction":[-0.611276,-0.685044,0.396304],"extended":false,"handId":432,"id":4324,"length":50.1976,"mcpPosition":[45.3635,271.838,-3.84253],"pipPosition":[22.6685,262.744,-29.0825],"stabilizedTipPosition":[7.92365,240.529,-8.96979],"timeVisible":0.270503,"tipPosition":[7.85947,243.102,-12.641],"tipVelocity":[-21.8251,153.795,-143.814],"tool":false,"touchDistance":0.333333,"touchZone":"none","type":4,"width":15.9579}],"r":[[0.996338,0.0761895,-0.0388002],[-0.0707764,0.989545,0.125663],[0.0479688,-0.122457,0.991314]],"s":1.25591,"t":[-16.0694,107.321,-78.6517],"timestamp":89091993902},false],[2,{"currentFrameRate":53.6248,"devices":[],"gestures":[],"hands":[{"armBasis":[[0.873314,-0.355977,-0.332572],[0.455519,0.838716,0.298424],[0.172701,-0.412111,0.894617]],"armWidth":63.325,"confidence":0.650017,"direction":[0.127881,0.717848,-0.684354],"elbow":[58.1778,131.432,287.681],"grabStrength":0,"id":432,"palmNormal":[-0.446319,-0.574549,-0.68607],"palmPosition":[10.0747,281.048,9.83115],"palmVelocity":[-25.6803,139.934,-184.428],"palmWidth":90.4259,"pinchStrength":0.433198,"r":[[0.996085,0.0796079,-0.0384386],[-0.0740496,0.988865,0.129083],[0.0482866,-0.125731,0.990889]],"s":1.26804,"sphereCenter":[-4.40313,266.795,-34.6382],"sphereRadius":47.8934,"stabilizedPalmPosition":[11.1213,275.133,17.4725],"t":[-16.5279,109.8,-81.952],"timeVisible":0.288627,"type":"right","wrist":[11.8376,242.013,47.6321]}],"id":1433798,"interactionBox":{"center":[0,200,0],"size":[235.247,235.247,147.751]},"pointables":[{"bases":[[[0.780553,0.495755,0.380742],[-0.563105,0.293221,0.772615],[0.271387,-0.817464,0.508037]],[[0.645189,0.740197,0.189315],[-0.669521,0.428383,0.606819],[0.368067,-0.518263,0.771965]],[[0.645189,0.740197,0.189315],[-0.728848,0.521972,0.443086],[0.229154,-0.423856,0.876262]],[[0.645189,0.740197,0.189315],[-0.763845,0.619575,0.180742],[0.0164902,-0.26122,0.965138]]],"btipPosition":[-44.8878,290.691,-40.8436],"carpPosition":[-18.4804,244.544,49.5913],"dipPosition":[-44.5042,284.616,-18.3959],"direction":[-0.229154,0.423856,-0.876262],"extended":false,"handId":432,"id":4320,"length":51.7933,"mcpPosition":[-18.4804,244.544,49.5913],"pipPosition":[-36.7395,270.254,11.2955],"stabilizedTipPosition":[-44.3356,285.931,-32.0649],"timeVisible":0.288627,"tipPosition":[-44.7602,288.072,-36.402],"tipVelocity":[-22.5627,163.5,-171.554],"tool":false,"touchDistance":0.0971672,"touchZone":"hovering","type":0,"width":20.1245},{"bases":[[[0.894587,-0.267066,-0.358315],[0.438022,0.68296,0.584553],[0.0886003,-0.679884,0.727948]],[[0.897604,-0.296508,-0.326176],[0.4179,0.807822,0.415673],[0.140242,-0.509418,0.849014]],[[0.897604,-0.296508,-0.326176],[0.408666,0.837117,0.363631],[0.165228,-0.459694,0.872572]],[[0.897604,-0.296508,-0.326176],[0.400785,0.857027,0.323846],[0.183519,-0.421412,0.888106]]],"btipPosition":[-20.8991,349.847,-71.8454],"carpPosition":[-1.3485,260.191,53.6664],"dipPosition":[-17.783,342.692,-56.7656],"direction":[-0.165228,0.459694,-0.872572],"extended":true,"handId":432,"id":4321,"length":58.4429,"mcpPosition":[-7.82638,309.899,0.443604],"pipPosition":[-13.8142,331.65,-35.806],"stabilizedTipPosition":[-20.0649,346.211,-65.0332],"timeVisible":0.288627,"tipPosition":[-21.3235,346.333,-68.701],"tipVelocity":[-10.0157,139.697,-192.009],"tool":false,"touchDistance":0.0190156,"touchZone":"hovering","type":1,"width":19.2229},{"bases":[[[0.810465,-0.468954,-0.351039],[0.584796,0.612884,0.5314],[-0.0340561,-0.635968,0.770964]],[[0.81118,-0.441784,-0.383162],[0.196476,0.823007,-0.532969],[0.550802,0.357052,0.754408]],[[0.81118,-0.441784,-0.383162],[-0.48212,-0.134383,-0.865738],[0.330978,0.886999,-0.322002]],[[0.81118,-0.441784,-0.383162],[-0.58458,-0.630377,-0.510775],[-0.015884,0.63832,-0.769607]]],"btipPosition":[-22.9099,248.515,-16.2282],"carpPosition":[10.1699,258.511,49.8917],"dipPosition":[-23.2066,260.436,-30.601],"direction":[-0.330978,-0.886999,0.322002],"extended":false,"handId":432,"id":4322,"length":66.591,"mcpPosition":[12.5312,302.606,-3.56348],"pipPosition":[-13.8531,285.503,-39.7008],"stabilizedTipPosition":[-23.0169,250.352,-18.6808],"timeVisible":0.288627,"tipPosition":[-23.4604,252.287,-21.8041],"tipVelocity":[-1.33707,111.765,-97.9789],"tool":false,"touchDistance":0.333333,"touchZone":"none","type":2,"width":18.8794},{"bases":[[[0.750214,-0.602289,-0.272813],[0.639822,0.557228,0.529268],[-0.166754,-0.571616,0.803398]],[[0.754498,-0.586415,-0.294704],[0.297722,0.705996,-0.642598],[0.584888,0.397099,0.707261]],[[0.754498,-0.586415,-0.294704],[-0.478327,-0.18388,-0.858715],[0.449374,0.788863,-0.419235]],[[0.754498,-0.586415,-0.294704],[-0.647241,-0.590486,-0.482085],[0.108684,0.554476,-0.825072]]],"btipPosition":[-9.41203,239.819,-9.08157],"carpPosition":[20.5673,253.881,45.4738],"dipPosition":[-7.39397,250.115,-24.4017],"direction":[-0.449374,-0.788863,0.419235],"extended":false,"handId":432,"id":4323,"length":64.0291,"mcpPosition":[30.948,289.465,-4.53906],"pipPosition":[4.9774,271.833,-35.9433],"stabilizedTipPosition":[-8.71977,240.934,-11.2625],"timeVisible":0.288627,"tipPosition":[-9.00687,243.032,-14.7328],"tipVelocity":[-20.1871,128.067,-121.099],"tool":false,"touchDistance":0.333333,"touchZone":"none","type":3,"width":17.965},{"bases":[[[0.609773,-0.748135,-0.26167],[0.731456,0.404062,0.549278],[-0.305203,-0.526335,0.793614]],[[0.621173,-0.727115,-0.292313],[0.435364,0.630331,-0.64276],[0.651615,0.272003,0.708105]],[[0.621173,-0.727115,-0.292313],[-0.501552,-0.0822538,-0.861208],[0.602154,0.68157,-0.41578]],[[0.621173,-0.727115,-0.292313],[-0.749319,-0.441848,-0.493246],[0.229489,0.525427,-0.819305]]],"btipPosition":[6.46897,241.824,-9.44617],"carpPosition":[27.4147,243.301,39.0528],"dipPosition":[10.4001,250.825,-23.4808],"direction":[-0.602154,-0.68157,0.41578],"extended":false,"handId":432,"id":4324,"length":50.1976,"mcpPosition":[45.0022,273.631,-6.67977],"pipPosition":[22.1045,264.073,-31.5626],"stabilizedTipPosition":[7.67363,242.058,-10.6521],"timeVisible":0.288627,"tipPosition":[7.54592,244.624,-14.6145],"tipVelocity":[-18.0903,120.943,-127.146],"tool":false,"touchDistance":0.333333,"touchZone":"none","type":4,"width":15.9579}],"r":[[0.996085,0.0796079,-0.0384386],[-0.0740496,0.988865,0.129083],[0.0482866,-0.125731,0.990889]],"s":1.26804,"t":[-16.5279,109.8,-81.952],"timestamp":89092012026},false],[3,{"currentFrameRate":53.772,"devices":[],"gestures":[],"hands":[{"armBasis":[[0.872992,-0.352668,-0.336913],[0.452998,0.842302,0.292096],[0.180769,-0.407618,0.895081]],"armWidth":63.325,"confidence":0.66093,"direction":[0.128854,0.714346,-0.687827],"elbow":[59.7597,134.528,285.103],"grabStrength":0,"id":432,"palmNormal":[-0.443329,-0.578942,-0.684314],"palmPosition":[9.54638,282.731,6.9128],"palmVelocity":[-27.3662,117.689,-173.518],"palmWidth":90.4259,"pinchStrength":0.396525,"r":[[0.995871,0.0826126,-0.0376194],[-0.0770573,0.988422,0.130704],[0.0479817,-0.127266,0.990707]],"s":1.27823,"sphereCenter":[-4.7446,268.252,-37.4715],"sphereRadius":47.9804,"stabilizedPalmPosition":[10.8174,276.599,15.4351],"t":[-17.0213,111.881,-85.0613],"timeVisible":0.306701,"type":"right","wrist":[11.2545,243.903,44.9291]}],"id":1433799,"interactionBox":{"center":[0,200,0],"size":[235.247,235.247,147.751]},"pointables":[{"bases":[[[0.778615,0.499027,0.380435],[-0.565916,0.2965,0.769303],[0.271104,-0.814285,0.513266]],[[0.645535,0.739785,0.189747],[-0.668669,0.427423,0.608433],[0.369007,-0.519642,0.770588]],[[0.645535,0.739785,0.189747],[-0.728204,0.521314,0.444917],[0.230225,-0.425383,0.87524]],[[0.645535,0.739785,0.189747],[-0.763714,0.623645,0.166757],[0.00502978,-0.25256,0.967568]]],"btipPosition":[-45.297,292.463,-43.6062],"carpPosition":[-19.0732,246.397,46.7823],"dipPosition":[-45.18,286.589,-21.102],"direction":[-0.230225,0.425383,-0.87524],"extended":false,"handId":432,"id":4320,"length":51.7933,"mcpPosition":[-19.0732,246.397,46.7823],"pipPosition":[-37.379,272.176,8.55486],"stabilizedTipPosition":[-44.6591,287.725,-34.2684],"timeVisible":0.306701,"tipPosition":[-45.1928,289.87,-39.1856],"tipVelocity":[-24.2103,133.614,-162.323],"tool":false,"touchDistance":0.0513413,"touchZone":"hovering","type":0,"width":20.1245},{"bases":[[[0.896091,-0.267589,-0.354142],[0.435174,0.68679,0.582189],[0.0874339,-0.675807,0.731874]],[[0.899033,-0.296554,-0.322173],[0.415577,0.809677,0.41439],[0.137967,-0.506438,0.851167]],[[0.899033,-0.296554,-0.322173],[0.405982,0.840189,0.35953],[0.164066,-0.454026,0.875753]],[[0.899033,-0.296554,-0.322173],[0.397726,0.860817,0.317503],[0.183175,-0.413583,0.89185]]],"btipPosition":[-21.3126,351.055,-75.2057],"carpPosition":[-1.97813,262.093,50.8251],"dipPosition":[-18.2023,344.032,-60.0624],"direction":[-0.164066,0.454026,-0.875753],"extended":true,"handId":432,"id":4321,"length":58.4429,"mcpPosition":[-8.37072,311.503,-2.68483],"pipPosition":[-14.2614,333.126,-39.0263],"stabilizedTipPosition":[-20.0649,346.211,-65.0332],"timeVisible":0.306701,"tipPosition":[-21.692,347.613,-72.0387],"tipVelocity":[-16.1617,105.867,-188.732],"tool":false,"touchDistance":-0.0867464,"touchZone":"hovering","type":1,"width":19.2229},{"bases":[[[0.812261,-0.469567,-0.346033],[0.582217,0.61666,0.529862],[-0.0354214,-0.631853,0.774279]],[[0.813031,-0.443097,-0.377685],[0.184058,0.811037,-0.555284],[0.552361,0.381947,0.740954]],[[0.813031,-0.443097,-0.377685],[-0.489115,-0.167917,-0.855903],[0.315828,0.880607,-0.353247]],[[0.813031,-0.443097,-0.377685],[-0.581463,-0.651038,-0.487905],[-0.0296986,0.616291,-0.786958]]],"btipPosition":[-22.8194,249.529,-17.4037],"carpPosition":[9.55435,260.411,47.0945],"dipPosition":[-23.374,261.039,-32.1006],"direction":[-0.315828,-0.880607,0.353247],"extended":false,"handId":432,"id":4322,"length":66.591,"mcpPosition":[12.0103,304.221,-6.59048],"pipPosition":[-14.4487,285.925,-42.0834],"stabilizedTipPosition":[-22.9812,251.283,-19.7542],"timeVisible":0.306701,"tipPosition":[-23.4474,253.193,-23.1105],"tipVelocity":[0.1194,82.8243,-84.2872],"tool":false,"touchDistance":0.333333,"touchZone":"none","type":2,"width":18.8794},{"bases":[[[0.751979,-0.602573,-0.267272],[0.637336,0.561079,0.528198],[-0.168317,-0.567535,0.805961]],[[0.756159,-0.587384,-0.288449],[0.300002,0.702906,-0.644921],[0.581569,0.401127,0.707725]],[[0.756159,-0.587384,-0.288449],[-0.475348,-0.190089,-0.859017],[0.449742,0.786667,-0.42295]],[[0.756159,-0.587384,-0.288449],[-0.645098,-0.595087,-0.479292],[0.109876,0.548499,-0.828901]]],"btipPosition":[-9.79452,241.45,-11.8288],"carpPosition":[19.9724,255.773,42.7334],"dipPosition":[-7.75433,251.635,-27.2199],"direction":[-0.449742,-0.786667,0.42295],"extended":false,"handId":432,"id":4323,"length":64.0291,"mcpPosition":[30.4504,291.103,-7.43902],"pipPosition":[4.62719,273.292,-38.8638],"stabilizedTipPosition":[-9.00027,242.258,-13.1647],"timeVisible":0.306701,"tipPosition":[-9.3849,244.565,-17.4173],"tipVelocity":[-20.5168,109.415,-136.21],"tool":false,"touchDistance":0.333333,"touchZone":"none","type":3,"width":17.965},{"bases":[[[0.611731,-0.748577,-0.255769],[0.729147,0.408167,0.549313],[-0.306807,-0.522525,0.795511]],[[0.623403,-0.727294,-0.287076],[0.429536,0.625338,-0.6515],[0.653351,0.282837,0.702236]],[[0.623403,-0.727294,-0.287076],[-0.506281,-0.095669,-0.857046],[0.59586,0.679626,-0.427855]],[[0.623403,-0.727294,-0.287076],[-0.74924,-0.450638,-0.485351],[0.223625,0.517658,-0.825846]]],"btipPosition":[6.16423,243.264,-11.6648],"carpPosition":[26.8558,245.169,36.3905],"dipPosition":[9.99491,252.131,-25.8115],"direction":[-0.59586,-0.679626,0.427855],"extended":false,"handId":432,"id":4324,"length":50.1976,"mcpPosition":[44.5357,275.28,-9.45141],"pipPosition":[21.577,265.341,-34.128],"stabilizedTipPosition":[7.44012,243.264,-12.2377],"timeVisible":0.306701,"tipPosition":[7.18205,246,-16.817],"tipVelocity":[-18.1136,100.505,-125.737],"tool":false,"touchDistance":0.333333,"touchZone":"none","type":4,"width":15.9579}],"r":[[0.995871,0.0826126,-0.0376194],[-0.0770573,0.988422,0.130704],[0.0479817,-0.127266,0.990707]],"s":1.27823,"t":[-17.0213,111.881,-85.0613],"timestamp":89092030100},false],[4,{"currentFrameRate":53.8977,"devices":[],"gestures":[],"hands":[{"armBasis":[[0.869779,-0.36536,-0.331657],[0.463383,0.835785,0.294517],[0.169589,-0.409849,0.896249]],"armWidth":63.325,"confidence":0.657068,"direction":[0.13719,0.712122,-0.688521],"elbow":[55.7344,135.984,282.047],"grabStrength":0,"id":432,"palmNormal":[-0.450371,-0.574248,-0.68367],"palmPosition":[8.97454,284.768,3.50795],"palmVelocity":[-29.3708,115.213,-180.422],"palmWidth":90.4259,"pinchStrength":0.379584,"r":[[0.995892,0.0826332,-0.037023],[-0.0771003,0.988271,0.131819],[0.0474814,-0.128423,0.990582]],"s":1.2861,"sphereCenter":[-5.56209,270.454,-40.8738],"sphereRadius":48.0581,"stabilizedPalmPosition":[10.5263,277.89,13.5508],"t":[-17.554,113.94,-88.3184],"timeVisible":0.324809,"type":"right","wrist":[10.2291,245.957,41.5599]}],"id":1433800,"interactionBox":{"center":[0,200,0],"size":[235.247,235.247,147.751]},"pointables":[{"bases":[[[0.784605,0.490059,0.379785],[-0.562148,0.303938,0.769163],[0.261504,-0.816984,0.513957]],[[0.656439,0.729688,0.191424],[-0.659878,0.432443,0.614454],[0.36558,-0.529668,0.765378]],[[0.656439,0.729688,0.191424],[-0.718735,0.527874,0.452514],[0.229146,-0.43463,0.87097]],[[0.656439,0.729688,0.191424],[-0.754363,0.636619,0.160165],[-0.00499355,-0.249541,0.968351]]],"btipPosition":[-45.8503,295.622,-46.5855],"carpPosition":[-20.0663,248.815,43.418],"dipPosition":[-45.9665,289.818,-24.0631],"direction":[-0.229146,0.43463,-0.87097],"extended":false,"handId":432,"id":4320,"length":51.7933,"mcpPosition":[-20.0663,248.815,43.418],"pipPosition":[-38.202,275.09,5.44902],"stabilizedTipPosition":[-45.0474,289.816,-36.5435],"timeVisible":0.324809,"tipPosition":[-45.7616,293.017,-42.2055],"tipVelocity":[-28.6407,153.445,-163.264],"tool":false,"touchDistance":0.00175537,"touchZone":"hovering","type":0,"width":20.1245},{"bases":[[[0.892748,-0.278583,-0.354108],[0.443477,0.682091,0.581447],[0.0795526,-0.676124,0.73248]],[[0.895332,-0.307217,-0.322487],[0.425578,0.803668,0.415933],[0.131391,-0.509642,0.850295]],[[0.895332,-0.307217,-0.322487],[0.415783,0.836111,0.357831],[0.159703,-0.454462,0.876333]],[[0.895332,-0.307217,-0.322487],[0.407203,0.857959,0.313197],[0.180461,-0.411733,0.893258]]],"btipPosition":[-21.1108,353.41,-78.6336],"carpPosition":[-2.78425,264.309,47.4421],"dipPosition":[-18.0466,346.419,-63.4663],"direction":[-0.159703,0.454462,-0.876333],"extended":true,"handId":432,"id":4321,"length":58.4429,"mcpPosition":[-8.60062,313.743,-6.11209],"pipPosition":[-14.2105,335.503,-42.4163],"stabilizedTipPosition":[-20.1422,347.478,-67.3251],"timeVisible":0.324809,"tipPosition":[-21.4774,350.034,-75.4598],"tipVelocity":[-3.44873,117.576,-188.858],"tool":false,"touchDistance":-0.143786,"touchZone":"hovering","type":1,"width":19.2229},{"bases":[[[0.806518,-0.479539,-0.345791],[0.589661,0.610164,0.52915],[-0.0427593,-0.630669,0.774873]],[[0.807591,-0.45344,-0.377081],[0.189772,0.805199,-0.561819],[0.558376,0.38216,0.736322]],[[0.807591,-0.45344,-0.377081],[-0.493831,-0.170428,-0.852693],[0.32238,0.874841,-0.361559]],[[0.807591,-0.45344,-0.377081],[-0.589168,-0.64857,-0.48191],[-0.0260463,0.61135,-0.790931]]],"btipPosition":[-23.68,251.768,-20.2981],"carpPosition":[8.72642,262.486,43.7104],"dipPosition":[-24.1664,263.185,-35.0691],"direction":[-0.32238,-0.874841,0.361559],"extended":false,"handId":432,"id":4322,"length":66.591,"mcpPosition":[11.6912,306.214,-10.0159],"pipPosition":[-15.0559,287.908,-45.2868],"stabilizedTipPosition":[-23.3255,252.604,-21.4283],"timeVisible":0.324809,"tipPosition":[-24.2504,255.354,-25.888],"tipVelocity":[-22.1387,101.676,-120.683],"tool":false,"touchDistance":0.333333,"touchZone":"none","type":2,"width":18.8794},{"bases":[[[0.744674,-0.611743,-0.266892],[0.644113,0.553928,0.527525],[-0.174871,-0.564742,0.806527]],[[0.748845,-0.597315,-0.287135],[0.310276,0.69881,-0.64451],[0.585628,0.393546,0.708633]],[[0.748845,-0.597315,-0.287135],[-0.477944,-0.186575,-0.858347],[0.459131,0.780003,-0.425199]],[[0.748845,-0.597315,-0.287135],[-0.652721,-0.589635,-0.475695],[0.114835,0.543641,-0.831425]]],"btipPosition":[-10.8024,243.834,-15.1779],"carpPosition":[19.0873,257.721,39.3511],"dipPosition":[-8.67014,253.929,-30.6159],"direction":[-0.459131,-0.780003,0.425199],"extended":false,"handId":432,"id":4323,"length":64.0291,"mcpPosition":[29.9733,292.877,-10.8566],"pipPosition":[3.96986,275.402,-42.3218],"stabilizedTipPosition":[-9.48987,243.713,-15.2414],"timeVisible":0.324809,"tipPosition":[-10.3799,246.841,-20.6729],"tipVelocity":[-36.6811,119.452,-159.685],"tool":false,"touchDistance":0.333333,"touchZone":"none","type":3,"width":17.965},{"bases":[[[0.602698,-0.756054,-0.25522],[0.734099,0.399952,0.54876],[-0.312816,-0.518093,0.796069]],[[0.614564,-0.735037,-0.286412],[0.437168,0.619553,-0.651949],[0.656654,0.275455,0.70209]],[[0.614564,-0.735037,-0.286412],[-0.507765,-0.0907216,-0.856705],[0.603726,0.67193,-0.42898]],[[0.614564,-0.735037,-0.286412],[-0.754863,-0.442499,-0.484125],[0.229113,0.513727,-0.826796]]],"btipPosition":[5.13399,245.345,-15.0278],"carpPosition":[25.8422,247.03,33.0163],"dipPosition":[9.05867,254.145,-29.1908],"direction":[-0.603726,-0.67193,0.42898],"extended":false,"handId":432,"id":4324,"length":50.1976,"mcpPosition":[43.8685,276.885,-12.8577],"pipPosition":[20.7936,267.206,-37.5291],"stabilizedTipPosition":[7.02371,244.482,-14.032],"timeVisible":0.324809,"tipPosition":[6.17197,248.039,-20.1388],"tipVelocity":[-35.997,106.968,-154.374],"tool":false,"touchDistance":0.333333,"touchZone":"none","type":4,"width":15.9579}],"r":[[0.995892,0.0826332,-0.037023],[-0.0771003,0.988271,0.131819],[0.0474814,-0.128423,0.990582]],"s":1.2861,"t":[-17.554,113.94,-88.3184],"timestamp":89092048208},false],[5,{"currentFrameRate":53.9808,"devices":[],"gestures":[],"hands":[{"armBasis":[[0.871667,-0.355673,-0.337184],[0.458247,0.83545,0.303371],[0.173799,-0.418952,0.89122]],"armWidth":63.325,"confidence":0.65826,"direction":[0.143271,0.711673,-0.687746],"elbow":[56.0865,135.281,278.059],"grabStrength":0,"id":432,"palmNormal":[-0.441084,-0.576166,-0.688097],"palmPosition":[8.53509,286.46,0.812125],"palmVelocity":[-26.8531,104.51,-164.86],"palmWidth":90.4259,"pinchStrength":0.368143,"r":[[0.995948,0.083142,-0.0342881],[-0.0779354,0.988141,0.132301],[0.0448813,-0.129093,0.990616]],"s":1.29249,"sphereCenter":[-5.56041,272.085,-43.7601],"sphereRadius":48.1697,"stabilizedPalmPosition":[10.2614,279.03,11.8563],"t":[-18.04,115.815,-91.2949],"timeVisible":0.34304,"type":"right","wrist":[9.45165,247.697,38.9217]}],"id":1433801,"interactionBox":{"center":[0,200,0],"size":[235.247,235.247,147.751]},"pointables":[{"bases":[[[0.778981,0.49247,0.388153],[-0.571667,0.303406,0.762327],[0.257655,-0.815732,0.517876]],[[0.654598,0.728818,0.200812],[-0.663826,0.427057,0.613968],[0.361713,-0.535207,0.763359]],[[0.654598,0.728818,0.200812],[-0.721485,0.522966,0.453835],[0.225746,-0.441962,0.868164]],[[0.654598,0.728818,0.200812],[-0.755694,0.638112,0.147443],[-0.0206817,-0.248268,0.968471]]],"btipPosition":[-45.9822,297.78,-49.3812],"carpPosition":[-20.8701,250.48,40.4299],"dipPosition":[-46.4632,292.006,-26.856],"direction":[-0.225746,0.441962,-0.868164],"extended":false,"handId":432,"id":4320,"length":51.7933,"mcpPosition":[-20.8701,250.48,40.4299],"pipPosition":[-38.814,277.03,2.56104],"stabilizedTipPosition":[-45.0474,289.816,-36.5435],"timeVisible":0.34304,"tipPosition":[-45.8688,295.138,-45.0593],"tipVelocity":[-20.6058,136.876,-158.506],"tool":false,"touchDistance":-0.0948285,"touchZone":"hovering","type":0,"width":20.1245},{"bases":[[[0.897434,-0.276741,-0.343549],[0.435089,0.683874,0.585675],[0.0728644,-0.675079,0.734138]],[[0.899715,-0.305084,-0.312148],[0.418949,0.80425,0.421502],[0.122451,-0.510006,0.851411]],[[0.899715,-0.305084,-0.312148],[0.409303,0.838118,0.360595],[0.151605,-0.452196,0.87894]],[[0.899715,-0.305084,-0.312148],[0.400731,0.860817,0.313703],[0.172996,-0.407331,0.896746]]],"btipPosition":[-20.8087,354.933,-81.7333],"carpPosition":[-3.67407,266.022,44.6331],"dipPosition":[-17.8713,348.017,-66.5069],"direction":[-0.151605,0.452196,-0.87894],"extended":true,"handId":432,"id":4321,"length":58.4429,"mcpPosition":[-9.00144,315.38,-9.04238],"pipPosition":[-14.2296,337.155,-45.3942],"stabilizedTipPosition":[-20.1407,348.467,-69.1627],"timeVisible":0.34304,"tipPosition":[-21.1597,351.613,-78.5529],"tipVelocity":[5.35911,101.76,-179.498],"tool":false,"touchDistance":-0.195221,"touchZone":"hovering","type":1,"width":19.2229},{"bases":[[[0.811618,-0.477904,-0.335982],[0.582041,0.612255,0.535138],[-0.0500378,-0.629883,0.775077]],[[0.812983,-0.451849,-0.367276],[0.194212,0.805043,-0.560524],[0.548945,0.384367,0.742241]],[[0.812983,-0.451849,-0.367276],[-0.483595,-0.172611,-0.858103],[0.324337,0.875236,-0.358842]],[[0.812983,-0.451849,-0.367276],[-0.581993,-0.650595,-0.487862],[-0.0185076,0.610376,-0.791896]]],"btipPosition":[-23.763,253.353,-23.3296],"carpPosition":[7.88306,264.224,41.0353],"dipPosition":[-24.1087,264.752,-38.1186],"direction":[-0.324337,-0.875236,0.358842],"extended":false,"handId":432,"id":4322,"length":66.591,"mcpPosition":[11.3525,307.898,-12.705],"pipPosition":[-14.9429,289.486,-48.2595],"stabilizedTipPosition":[-23.4924,253.692,-23.1396],"timeVisible":0.34304,"tipPosition":[-24.2756,256.925,-28.9163],"tipVelocity":[-12.8828,94.5169,-142.591],"tool":false,"touchDistance":0.333333,"touchZone":"none","type":2,"width":18.8794},{"bases":[[[0.749207,-0.610173,-0.257639],[0.636649,0.556155,0.534201],[-0.182667,-0.564253,0.805141]],[[0.753302,-0.596713,-0.276533],[0.31477,0.696302,-0.645045],[0.577457,0.39887,0.712353]],[[0.753302,-0.596713,-0.276533],[-0.470048,-0.194403,-0.860966],[0.459991,0.778551,-0.426928]],[[0.753302,-0.596713,-0.276533],[-0.646607,-0.595157,-0.477166],[0.120151,0.538258,-0.834172]]],"btipPosition":[-10.8589,245.466,-17.7088],"carpPosition":[18.305,259.48,36.8004],"dipPosition":[-8.6279,255.461,-33.1979],"direction":[-0.459991,-0.778551,0.426928],"extended":false,"handId":432,"id":4323,"length":64.0291,"mcpPosition":[29.6764,294.605,-13.321],"pipPosition":[4.03576,276.895,-44.9513],"stabilizedTipPosition":[-9.74193,244.906,-17.0173],"timeVisible":0.34304,"tipPosition":[-10.4084,248.401,-23.183],"tipVelocity":[-20.0299,104.543,-150.02],"tool":false,"touchDistance":0.333333,"touchZone":"none","type":3,"width":17.965},{"bases":[[[0.607469,-0.754827,-0.247422],[0.726771,0.40243,0.556645],[-0.320601,-0.517964,0.79305]],[[0.619576,-0.733931,-0.278335],[0.443373,0.619837,-0.647474],[0.647724,0.277753,0.709441]],[[0.619576,-0.733931,-0.278335],[-0.498144,-0.0936142,-0.862026],[0.606612,0.672741,-0.423605]],[[0.619576,-0.733931,-0.278335],[-0.748499,-0.445638,-0.491077],[0.23638,0.512593,-0.825453]]],"btipPosition":[5.03226,247.029,-17.7002],"carpPosition":[25.1587,248.799,30.5559],"dipPosition":[9.08144,255.81,-31.8401],"direction":[-0.606612,-0.672741,0.423605],"extended":false,"handId":432,"id":4324,"length":50.1976,"mcpPosition":[43.6335,278.647,-15.1442],"pipPosition":[20.8725,268.886,-40.074],"stabilizedTipPosition":[6.77505,245.553,-15.6552],"timeVisible":0.34304,"tipPosition":[6.10524,249.692,-22.7622],"tipVelocity":[-20.704,99.8788,-150.51],"tool":false,"touchDistance":0.333333,"touchZone":"none","type":4,"width":15.9579}],"r":[[0.995948,0.083142,-0.0342881],[-0.0779354,0.988141,0.132301],[0.0448813,-0.129093,0.990616]],"s":1.29249,"t":[-18.04,115.815,-91.2949],"timestamp":89092066439},false],[6,{"currentFrameRate":54.0822,"devices":[],"gestures":[],"hands":[{"armBasis":[[0.868508,-0.359151,-0.341621],[0.461761,0.836789,0.294213],[0.180198,-0.413273,0.8926]],"armWidth":63.325,"confidence":0.621651,"direction":[0.153199,0.702696,-0.694801],"elbow":[57.139,137.885,277.058],"grabStrength":0,"id":432,"palmNormal":[-0.440215,-0.580953,-0.68462],"palmPosition":[8.41649,287.105,-1.00606],"palmVelocity":[-17.1796,71.6857,-134.102],"palmWidth":90.4259,"pinchStrength":0.355852,"r":[[0.996148,0.0820789,-0.0308515],[-0.0774086,0.988447,0.130308],[0.0411906,-0.127418,0.990993]],"s":1.29818,"sphereCenter":[-5.63832,272.396,-45.516],"sphereRadius":48.2852,"stabilizedPalmPosition":[10.073,279.855,10.5427],"t":[-18.3423,117.076,-93.6922],"timeVisible":0.361172,"type":"right","wrist":[8.78721,248.777,37.5506]}],"id":1433802,"interactionBox":{"center":[0,200,0],"size":[235.247,235.247,147.751]},"pointables":[{"bases":[[[0.779646,0.491457,0.388102],[-0.57494,0.316138,0.754653],[0.248186,-0.811497,0.529034]],[[0.660714,0.723415,0.20032],[-0.660515,0.433516,0.613012],[0.35662,-0.53734,0.764256]],[[0.660714,0.723415,0.20032],[-0.717046,0.529315,0.45351],[0.222043,-0.443279,0.868447]],[[0.660714,0.723415,0.20032],[-0.749791,0.648705,0.130363],[-0.035642,-0.236331,0.971019]]],"btipPosition":[-45.9101,298.963,-51.1166],"carpPosition":[-21.5241,251.789,38.8078],"dipPosition":[-46.7391,293.466,-28.5322],"direction":[-0.222043,0.443279,-0.868447],"extended":false,"handId":432,"id":4320,"length":51.7933,"mcpPosition":[-21.5241,251.789,38.8078],"pipPosition":[-39.2154,278.446,0.894514],"stabilizedTipPosition":[-45.0474,289.816,-36.5435],"timeVisible":0.361172,"tipPosition":[-45.791,296.327,-46.8299],"tipVelocity":[-11.0026,104.42,-128.242],"tool":false,"touchDistance":-0.123525,"touchZone":"touching","type":0,"width":20.1245},{"bases":[[[0.897889,-0.286929,-0.333867],[0.435712,0.687515,0.580929],[0.0628524,-0.66708,0.74233]],[[0.899729,-0.314507,-0.30261],[0.421746,0.804952,0.417352],[0.112327,-0.503128,0.856881]],[[0.899729,-0.314507,-0.30261],[0.412051,0.840674,0.351399],[0.143879,-0.440854,0.885972]],[[0.899729,-0.314507,-0.30261],[0.403212,0.86436,0.300502],[0.167054,-0.392386,0.904503]]],"btipPosition":[-19.9331,354.765,-84.5427],"carpPosition":[-4.24927,267.259,42.9568],"dipPosition":[-17.0966,348.102,-69.1846],"direction":[-0.143879,0.440854,-0.885972],"extended":true,"handId":432,"id":4321,"length":58.4429,"mcpPosition":[-8.84463,316.031,-11.3176],"pipPosition":[-13.6405,337.513,-47.903],"stabilizedTipPosition":[-20.0524,348.956,-70.3787],"timeVisible":0.361172,"tipPosition":[-20.2494,351.589,-81.3047],"tipVelocity":[25.1942,50.4122,-167.007],"tool":false,"touchDistance":-0.24154,"touchZone":"hovering","type":1,"width":19.2229},{"bases":[[[0.810603,-0.487388,-0.324615],[0.582512,0.614296,0.532279],[-0.0600169,-0.620559,0.78186]],[[0.812374,-0.461744,-0.356148],[0.20416,0.7973,-0.568007],[0.546231,0.388723,0.741975]],[[0.812374,-0.461744,-0.356148],[-0.478659,-0.179172,-0.859525],[0.333069,0.868729,-0.366572]],[[0.812374,-0.461744,-0.356148],[-0.583071,-0.652377,-0.484181],[-0.008775,0.600996,-0.799204]]],"btipPosition":[-23.9324,253.971,-25.004],"carpPosition":[7.32028,265.339,39.4634],"dipPosition":[-24.0963,265.195,-39.9296],"direction":[-0.333069,-0.868729,0.366572],"extended":false,"handId":432,"id":4322,"length":66.591,"mcpPosition":[11.4816,308.366,-14.7472],"pipPosition":[-14.6837,289.745,-50.289],"stabilizedTipPosition":[-23.601,254.342,-24.3444],"timeVisible":0.361172,"tipPosition":[-24.375,257.453,-30.5862],"tipVelocity":[-10.0987,64.6929,-119.488],"tool":false,"touchDistance":0.333333,"touchZone":"none","type":2,"width":18.8794},{"bases":[[[0.746702,-0.618309,-0.245215],[0.636728,0.557809,0.532379],[-0.192391,-0.553664,0.810211]],[[0.7508,-0.60583,-0.263191],[0.318991,0.681469,-0.658669],[0.578398,0.410573,0.704901]],[[0.7508,-0.60583,-0.263191],[-0.470941,-0.21158,-0.856416],[0.463157,0.766944,-0.444165]],[[0.7508,-0.60583,-0.263191],[-0.648775,-0.601533,-0.4661],[0.12406,0.520699,-0.844678]]],"btipPosition":[-11.0217,245.927,-18.4658],"carpPosition":[17.7385,260.473,35.3585],"dipPosition":[-8.71809,255.595,-34.15],"direction":[-0.463157,-0.766944,0.444165],"extended":false,"handId":432,"id":4323,"length":64.0291,"mcpPosition":[29.7151,294.94,-15.0785],"pipPosition":[4.03273,276.709,-46.3779],"stabilizedTipPosition":[-9.91376,245.65,-18.1758],"timeVisible":0.361172,"tipPosition":[-10.5566,248.75,-24.011],"tipVelocity":[-14.3276,64.876,-99.6355],"tool":false,"touchDistance":0.333333,"touchZone":"none","type":3,"width":17.965},{"bases":[[[0.603877,-0.761843,-0.234365],[0.7256,0.403728,0.557233],[-0.329904,-0.506556,0.796596]],[[0.616176,-0.741697,-0.264977],[0.451437,0.608273,-0.652847],[0.645393,0.282648,0.709632]],[[0.616176,-0.741697,-0.264977],[-0.494975,-0.102972,-0.862784],[0.612639,0.662784,-0.430571]],[[0.616176,-0.741697,-0.264977],[-0.749166,-0.448113,-0.487796],[0.243057,0.49908,-0.831771]]],"btipPosition":[4.82108,247.5,-18.937],"carpPosition":[24.561,249.673,29.2865],"dipPosition":[8.98464,256.049,-33.1852],"direction":[-0.612639,-0.662784,0.430571],"extended":false,"handId":432,"id":4324,"length":50.1976,"mcpPosition":[43.5719,278.864,-16.6179],"pipPosition":[20.8928,268.932,-41.5544],"stabilizedTipPosition":[6.60122,246.236,-16.7995],"timeVisible":0.361172,"tipPosition":[5.9139,250.054,-23.987],"tipVelocity":[-15.6997,63.2723,-111.971],"tool":false,"touchDistance":0.333333,"touchZone":"none","type":4,"width":15.9579}],"r":[[0.996148,0.0820789,-0.0308515],[-0.077408