{"sensorType":"Leap","data":[[0,{"currentFrameRate":55.4025,"devices":[],"gestures":[{"center":[-19.9254,301.425,-104.681],"duration":72578,"handIds":[413],"id":4,"normal":[-0.0371625,0.0735814,-0.996597],"pointableIds":[4131],"progress":0.800145,"radius":27.949,"state":"update","type":"circle"}],"hands":[{"armBasis":[[0.79122,-0.526725,-0.310696],[0.604636,0.749892,0.268473],[0.0915772,-0.400279,0.911806]],"armWidth":62.9686,"confidence":0.78283,"direction":[0.262304,0.432526,-0.862623],"elbow":[-16.7453,104.507,296.883],"grabStrength":0,"id":413,"palmNormal":[-0.556573,-0.662442,-0.501395],"palmPosition":[-35.4964,236.168,5.92979],"palmVelocity":[90.9942,-122.944,155.113],"palmWidth":89.917,"pinchStrength":0.848591,"r":[[0.985365,0.0878223,0.146091],[-0.106685,0.986183,0.126734],[-0.132943,-0.140466,0.98112]],"s":1.07039,"sphereCenter":[-55.6856,223.391,-29.5329],"sphereRadius":44.1594,"stabilizedPalmPosition":[-37.5053,238.999,2.39783],"t":[-58.6178,112.061,-53.2311],"timeVisible":12.4911,"type":"right","wrist":[-41.1795,211.308,53.5981]}],"id":1421681,"interactionBox":{"center":[0,200,0],"size":[235.247,235.247,147.751]},"pointables":[{"bases":[[[0.866209,0.430788,0.253187],[-0.487883,0.61969,0.61478],[0.107942,-0.656053,0.746955]],[[0.796042,0.604839,0.0220615],[-0.57203,0.739954,0.353906],[0.197732,-0.294344,0.935021]],[[0.796042,0.604839,0.0220615],[-0.603799,0.796133,-0.0399902],[-0.0417515,0.0185132,0.998956]],[[0.796042,0.604839,0.0220615],[-0.305235,0.432669,-0.848309],[-0.522636,0.668556,0.529041]]],"btipPosition":[-66.4745,218.44,-38.9668],"carpPosition":[-70.2146,220.006,53.0506],"dipPosition":[-78.5618,233.902,-26.7313],"direction":[0.0417515,-0.0185132,-0.998957],"extended":false,"handId":413,"id":4130,"length":51.5018,"mcpPosition":[-70.2146,220.006,53.0506],"pipPosition":[-79.9685,234.526,6.92706],"stabilizedTipPosition":[-71.2556,225.044,-40.2358],"timeVisible":12.4911,"tipPosition":[-68.9886,221.39,-36.0595],"tipVelocity":[84.143,-122.458,165.962],"tool":false,"touchDistance":-0.0365561,"touchZone":"touching","type":0,"width":20.0112},{"bases":[[[0.821154,-0.530325,-0.210856],[0.569139,0.733597,0.37137],[-0.0422638,-0.424959,0.904225]],[[0.813796,-0.567134,-0.126867],[0.569171,0.733698,0.371124],[-0.117395,-0.374228,0.919876]],[[0.813796,-0.567134,-0.126867],[0.579928,0.77834,0.240562],[-0.0376852,-0.269342,0.962307]],[[0.813796,-0.567134,-0.126867],[0.580534,0.803379,0.132519],[0.0267664,-0.181494,0.983028]]],"btipPosition":[-41.8985,288.786,-91.2921],"carpPosition":[-50.4035,232.505,53.0836],"dipPosition":[-41.4466,285.722,-74.6945],"direction":[0.0376852,0.269342,-0.962307],"extended":true,"handId":413,"id":4131,"length":58.114,"mcpPosition":[-47.3308,263.4,-12.6554],"pipPosition":[-42.3467,279.289,-51.7095],"stabilizedTipPosition":[-44.8555,292.156,-96.1335],"timeVisible":12.4911,"tipPosition":[-42.1922,287.81,-87.5588],"tipVelocity":[47.9926,-97.3052,171.34],"tool":false,"touchDistance":0.058485,"touchZone":"hovering","type":1,"width":19.1147},{"bases":[[[0.698758,-0.700101,-0.146953],[0.698705,0.62387,0.350138],[-0.153453,-0.347339,0.925099]],[[0.697995,-0.701802,-0.142399],[0.365677,0.520284,-0.771742],[0.615698,0.486599,0.619788]],[[0.697995,-0.701802,-0.142399],[-0.563237,-0.415229,-0.714387],[0.44223,0.578843,-0.685108]],[[0.697995,-0.701802,-0.142399],[-0.716002,-0.687295,-0.12234],[-0.0120114,0.187351,-0.98222]]],"btipPosition":[-70.4882,208.627,-5.16665],"carpPosition":[-39.5371,227.603,50.6438],"dipPosition":[-70.7113,212.106,-23.4069],"direction":[-0.44223,-0.578843,0.685108],"extended":false,"handId":413,"id":4132,"length":66.2163,"mcpPosition":[-28.9572,251.55,-13.1374],"pipPosition":[-58.2841,228.373,-42.6591],"stabilizedTipPosition":[-76.1298,215.492,-19.6146],"timeVisible":12.4911,"tipPosition":[-70.5852,209.571,-10.0075],"tipVelocity":[90.1738,-128.62,200.071],"tool":false,"touchDistance":0.333333,"touchZone":"none","type":2,"width":18.7732},{"bases":[[[0.613887,-0.788609,-0.0351892],[0.741595,0.560867,0.368056],[-0.270516,-0.252041,0.929137]],[[0.612638,-0.789759,-0.0309193],[0.506544,0.422369,-0.751677],[0.606703,0.444844,0.658807]],[[0.612638,-0.789759,-0.0309193],[-0.534904,-0.385505,-0.75184],[0.581853,0.477145,-0.65862]],[[0.612638,-0.789759,-0.0309193],[-0.783096,-0.601246,-0.158947],[0.10694,0.12159,-0.986803]]],"btipPosition":[-58.2947,200.636,-1.92292],"carpPosition":[-30.3496,219.982,48.4301],"dipPosition":[-56.3202,202.881,-20.1429],"direction":[-0.581853,-0.477145,0.65862],"extended":false,"handId":413,"id":4133,"length":63.6687,"mcpPosition":[-13.6043,235.584,-9.08476],"pipPosition":[-40.3918,215.943,-38.1729],"stabilizedTipPosition":[-63.1041,206.755,-14.5204],"timeVisible":12.4911,"tipPosition":[-57.792,201.08,-6.25449],"tipVelocity":[89.56,-121.548,158.909],"tool":false,"touchDistance":0.333333,"touchZone":"none","type":3,"width":17.8639},{"bases":[[[0.447424,-0.894238,0.0122583],[0.801217,0.406896,0.438734],[-0.39732,-0.186478,0.898533]],[[0.48158,-0.873666,-0.0691968],[0.591565,0.382304,-0.709855],[0.646631,0.300918,0.70094]],[[0.48158,-0.873666,-0.0691968],[-0.563067,-0.247934,-0.788343],[0.671592,0.418613,-0.611333]],[[0.48158,-0.873666,-0.0691968],[-0.860859,-0.456758,-0.224265],[0.164326,0.16757,-0.972069]]],"btipPosition":[-41.4168,196.132,-1.67141],"carpPosition":[-25.8094,206.906,45.9345],"dipPosition":[-38.6178,198.986,-18.2292],"direction":[-0.671592,-0.418613,0.611333],"extended":false,"handId":413,"id":4134,"length":49.9151,"mcpPosition":[-3.04243,217.592,-5.55268],"pipPosition":[-25.6371,207.077,-30.0451],"stabilizedTipPosition":[-45.2608,201.719,-12.0171],"timeVisible":12.4911,"tipPosition":[-40.8782,196.953,-5.31012],"tipVelocity":[91.3143,-120.423,147.474],"tool":false,"touchDistance":0.333333,"touchZone":"none","type":4,"width":15.8681}],"r":[[0.985365,0.0878223,0.146091],[-0.106685,0.986183,0.126734],[-0.132943,-0.140466,0.98112]],"s":1.07039,"t":[-58.6178,112.061,-53.2311],"timestamp":88865489558},false],[1,{"currentFrameRate":55.3476,"devices":[],"gestures":[{"center":[-19.9254,301.425,-104.681],"duration":72578,"handIds":[413],"id":4,"normal":[-0.0371625,0.0735814,-0.996597],"pointableIds":[4131],"progress":0.800145,"radius":27.949,"state":"update","type":"circle"}],"hands":[{"armBasis":[[0.787897,-0.532228,-0.309761],[0.607767,0.753087,0.25195],[0.0991823,-0.386773,0.916826]],"armWidth":62.9686,"confidence":0.789179,"direction":[0.252091,0.431738,-0.866055],"elbow":[-12.5042,104.042,301.706],"grabStrength":0,"id":413,"palmNormal":[-0.56152,-0.663621,-0.49427],"palmPosition":[-33.8493,232.047,9.32221],"palmVelocity":[90.6223,-172.14,169.806],"palmWidth":89.917,"pinchStrength":0.854215,"r":[[0.986099,0.0886101,0.14056],[-0.107219,0.985584,0.130872],[-0.126937,-0.144123,0.981384]],"s":1.0706,"sphereCenter":[-54.533,219.304,-25.8572],"sphereRadius":44.1332,"stabilizedPalmPosition":[-36.0833,236.295,5.09106],"t":[-56.9773,108.868,-50.1232],"timeVisible":12.5094,"type":"right","wrist":[-38.9677,207.239,57.0818]}],"id":1421682,"interactionBox":{"center":[0,200,0],"size":[235.247,235.247,147.751]},"pointables":[{"bases":[[[0.86857,0.431979,0.242858],[-0.481543,0.619944,0.619504],[0.117054,-0.65503,0.746481]],[[0.795915,0.605269,0.0129699],[-0.569105,0.74071,0.357026],[0.20649,-0.291544,0.934004]],[[0.795915,0.605269,0.0129699],[-0.604413,0.795653,-0.0402794],[-0.0346994,0.0242198,0.999104]],[[0.795915,0.605269,0.0129699],[-0.309418,0.425105,-0.850616],[-0.520365,0.673005,0.525628]]],"btipPosition":[-64.9981,213.907,-35.0413],"carpPosition":[-68.0161,215.907,56.852],"dipPosition":[-77.0329,229.472,-22.8848],"direction":[0.0346994,-0.0242198,-0.999104],"extended":false,"handId":413,"id":4130,"length":51.5018,"mcpPosition":[-68.0161,215.907,56.852],"pipPosition":[-78.202,230.288,10.7786],"stabilizedTipPosition":[-70.0512,222.436,-37.4779],"timeVisible":12.5094,"tipPosition":[-67.6369,217.054,-32.2008],"tipVelocity":[82.8923,-182.042,188.959],"tool":false,"touchDistance":0.0785655,"touchZone":"hovering","type":0,"width":20.0112},{"bases":[[[0.819266,-0.529746,-0.219482],[0.572542,0.73463,0.364026],[-0.031603,-0.423897,0.905159]],[[0.812941,-0.566299,-0.135768],[0.572676,0.735099,0.362866],[-0.105688,-0.372739,0.921898]],[[0.812941,-0.566299,-0.135768],[0.5818,0.779695,0.231485],[-0.0252324,-0.267173,0.963318]],[[0.812941,-0.566299,-0.135768],[0.580997,0.804571,0.122913],[0.0396292,-0.178802,0.983087]]],"btipPosition":[-41.5005,284.47,-87.9086],"carpPosition":[-48.2187,228.426,56.6459],"dipPosition":[-40.8314,281.451,-71.3101],"direction":[0.0252324,0.267173,-0.963318],"extended":true,"handId":413,"id":4131,"length":58.114,"mcpPosition":[-45.9211,259.244,-9.161],"pipPosition":[-41.4341,275.069,-48.3009],"stabilizedTipPosition":[-44.3316,290.905,-94.3355],"timeVisible":12.5094,"tipPosition":[-41.6911,283.54,-84.157],"tipVelocity":[36.768,-163.615,178.038],"tool":false,"touchDistance":0.11488,"touchZone":"hovering","type":1,"width":19.1147},{"bases":[[[0.697775,-0.699568,-0.153994],[0.701974,0.625009,0.341463],[-0.142629,-0.346364,0.927194]],[[0.697089,-0.701208,-0.149582],[0.356424,0.51993,-0.776295],[0.622117,0.487832,0.612365]],[[0.697089,-0.701208,-0.149582],[-0.570893,-0.416623,-0.707465],[0.433761,0.578561,-0.690738]],[[0.697089,-0.701208,-0.149582],[-0.716598,-0.688233,-0.113235],[-0.0235459,0.186125,-0.982244]]],"btipPosition":[-68.9265,204.461,-1.35328],"carpPosition":[-37.3755,223.532,54.0894],"dipPosition":[-69.3637,207.918,-19.5939],"direction":[-0.433761,-0.578561,0.690738],"extended":false,"handId":413,"id":4132,"length":66.2163,"mcpPosition":[-27.5419,247.412,-9.83624],"pipPosition":[-57.1746,224.176,-39.0044],"stabilizedTipPosition":[-75.2762,214.262,-17.9241],"timeVisible":12.5094,"tipPosition":[-69.082,205.393,-6.1729],"tipVelocity":[86.666,-176.409,204.28],"tool":false,"touchDistance":0.333333,"touchZone":"none","type":2,"width":18.7732},{"bases":[[[0.614264,-0.788026,-0.0411712],[0.745128,0.562071,0.358971],[-0.259737,-0.251181,0.93244]],[[0.612776,-0.789442,-0.035864],[0.497391,0.420553,-0.758774],[0.614091,0.44712,0.650366]],[[0.612776,-0.789442,-0.035864],[-0.543826,-0.388328,-0.743946],[0.573375,0.475376,-0.667277]],[[0.612776,-0.789442,-0.035864],[-0.784543,-0.602272,-0.147515],[0.0948547,0.11853,-0.988409]]],"btipPosition":[-56.6891,196.523,1.86304],"carpPosition":[-28.2058,215.918,51.7812],"dipPosition":[-54.9378,198.711,-16.3866],"direction":[-0.573375,-0.475376,0.667277],"extended":false,"handId":413,"id":4133,"length":63.6687,"mcpPosition":[-12.1277,231.466,-5.9381],"pipPosition":[-39.2414,211.725,-34.6535],"stabilizedTipPosition":[-62.1499,205.394,-12.8149],"timeVisible":12.5094,"tipPosition":[-56.2434,196.945,-2.50513],"tipVelocity":[87.4413,-171.534,181.922],"tool":false,"touchDistance":0.333333,"touchZone":"none","type":3,"width":17.8639},{"bases":[[[0.448457,-0.893766,0.00828259],[0.805704,0.408247,0.429157],[-0.386947,-0.185785,0.903192]],[[0.481578,-0.873329,-0.0733401],[0.582709,0.381578,-0.717529],[0.654624,0.30281,0.692657]],[[0.481578,-0.873329,-0.0733401],[-0.572298,-0.249993,-0.781011],[0.663745,0.41809,-0.620196]],[[0.481578,-0.873329,-0.0733401],[-0.863019,-0.457991,-0.213172],[0.152581,0.165953,-0.974258]]],"btipPosition":[-39.81,192.001,1.87548],"carpPosition":[-23.6807,202.844,49.2503],"dipPosition":[-37.211,194.828,-14.7196],"direction":[-0.663745,-0.41809,0.620196],"extended":false,"handId":413,"id":4134,"length":49.9151,"mcpPosition":[-1.50803,213.49,-2.50386],"pipPosition":[-24.3821,202.909,-26.7068],"stabilizedTipPosition":[-44.1507,200.055,-10.1679],"timeVisible":12.5094,"tipPosition":[-39.3133,192.81,-1.79049],"tipVelocity":[88.5273,-171.239,169.647],"tool":false,"touchDistance":0.333333,"touchZone":"none","type":4,"width":15.8681}],"r":[[0.986099,0.0886101,0.14056],[-0.107219,0.985584,0.130872],[-0.126937,-0.144123,0.981384]],"s":1.0706,"t":[-56.9773,108.868,-50.1232],"timestamp":88865507815},false],[2,{"currentFrameRate":55.3931,"devices":[],"gestures":[{"center":[-19.9254,301.425,-104.681],"duration":72578,"handIds":[413],"id":4,"normal":[-0.0371625,0.0735814,-0.996597],"pointableIds":[4131],"progress":0.800145,"radius":27.949,"state":"update","type":"circle"}],"hands":[{"armBasis":[[0.799301,-0.510001,-0.317831],[0.591583,0.760729,0.267059],[0.105583,-0.401484,0.90976]],"armWidth":62.9686,"confidence":0.802727,"direction":[0.239789,0.430254,-0.870277],"elbow":[-8.61908,96.4069,303.884],"grabStrength":0,"id":413,"palmNormal":[-0.550463,-0.678147,-0.486937],"palmPosition":[-32.3681,228.082,13.1856],"palmVelocity":[86.9145,-195.446,191.544],"palmWidth":89.917,"pinchStrength":0.857516,"r":[[0.986422,0.0933436,0.135125],[-0.111394,0.984856,0.13285],[-0.120678,-0.146098,0.981882]],"s":1.07021,"sphereCenter":[-53.0242,214.669,-21.7963],"sphereRadius":44.1147,"stabilizedPalmPosition":[-34.7003,233.238,8.10425],"t":[-55.4164,105.289,-46.6375],"timeVisible":12.5272,"type":"right","wrist":[-36.7902,203.529,61.146]}],"id":1421683,"interactionBox":{"center":[0,200,0],"size":[235.247,235.247,147.751]},"pointables":[{"bases":[[[0.860929,0.450754,0.235842],[-0.490986,0.614874,0.617141],[0.133166,-0.64711,0.750677]],[[0.784238,0.620433,0.00577136],[-0.582101,0.732502,0.352986],[0.214777,-0.280185,0.935611]],[[0.784238,0.620433,0.00577136],[-0.619527,0.783534,-0.0475473],[-0.034022,0.0337129,0.998852]],[[0.784238,0.620433,0.00577136],[-0.31703,0.408692,-0.85584],[-0.533351,0.669353,0.517208]]],"btipPosition":[-63.1178,208.827,-30.7862],"carpPosition":[-66.0045,211.622,60.9831],"dipPosition":[-75.4529,224.307,-18.8244],"direction":[0.034022,-0.0337129,-0.998852],"extended":false,"handId":413,"id":4130,"length":51.5018,"mcpPosition":[-66.0045,211.622,60.9831],"pipPosition":[-76.5992,225.443,14.8304],"stabilizedTipPosition":[-68.632,218.955,-34.2064],"timeVisible":12.5272,"tipPosition":[-65.9104,212.055,-28.0225],"tipVelocity":[91.5335,-230.611,210.808],"tool":false,"touchDistance":0.154431,"touchZone":"hovering","type":0,"width":20.0112},{"bases":[[[0.828591,-0.515118,-0.219294],[0.55952,0.748402,0.356134],[-0.019331,-0.417789,0.908338]],[[0.823405,-0.550956,-0.135834],[0.559835,0.749637,0.353029],[-0.0926767,-0.36673,0.9257]],[[0.823405,-0.550956,-0.135834],[0.567296,0.793598,0.21995],[-0.0133847,-0.258166,0.966008]],[[0.823405,-0.550956,-0.135834],[0.565217,0.817548,0.110205],[0.0503327,-0.16752,0.984583]]],"btipPosition":[-41.6489,279.465,-84.4387],"carpPosition":[-46.4588,224.527,60.5979],"dipPosition":[-40.799,276.637,-67.8148],"direction":[0.0133847,0.258166,-0.966008],"extended":true,"handId":413,"id":4131,"length":58.114,"mcpPosition":[-45.0534,254.901,-5.4401],"pipPosition":[-41.1187,270.47,-44.7414],"stabilizedTipPosition":[-43.8053,288.693,-91.8263],"timeVisible":12.5272,"tipPosition":[-41.707,278.646,-80.6531],"tipVelocity":[16.6041,-217.202,185.674],"tool":false,"touchDistance":0.175044,"touchZone":"hovering","type":1,"width":19.1147},{"bases":[[[0.710755,-0.686813,-0.152036],[0.690988,0.641187,0.333789],[-0.131767,-0.342297,0.930307]],[[0.710134,-0.688399,-0.147706],[0.342612,0.52115,-0.781677],[0.615082,0.50449,0.60594]],[[0.710134,-0.688399,-0.147706],[-0.565758,-0.433063,-0.701693],[0.419079,0.581862,-0.697]],[[0.710134,-0.688399,-0.147706],[-0.703352,-0.703077,-0.104784],[-0.0317153,0.178299,-0.983465]]],"btipPosition":[-66.9329,199.736,2.87599],"carpPosition":[-35.5324,219.828,58.0286],"dipPosition":[-67.5218,203.047,-15.3873],"direction":[-0.419079,-0.581862,0.697],"extended":false,"handId":413,"id":4132,"length":66.2163,"mcpPosition":[-26.4477,243.428,-6.11165],"pipPosition":[-55.7453,219.398,-34.9738],"stabilizedTipPosition":[-74.1496,212.372,-15.6457],"timeVisible":12.5272,"tipPosition":[-67.1304,200.626,-1.94386],"tipVelocity":[97.4152,-218.636,219.262],"tool":false,"touchDistance":0.333333,"touchZone":"none","type":2,"width":18.7732},{"bases":[[[0.629492,-0.776067,-0.0382031],[0.73545,0.57924,0.351559],[-0.250705,-0.2494,0.935386]],[[0.627849,-0.777672,-0.0321229],[0.485877,0.423844,-0.764382],[0.608054,0.464309,0.643963]],[[0.627849,-0.777672,-0.0321229],[-0.53959,-0.405149,-0.738036],[0.560935,0.480708,-0.673996]],[[0.627849,-0.777672,-0.0321229],[-0.773348,-0.61863,-0.138669],[0.0879671,0.111906,-0.989818]]],"btipPosition":[-54.5326,192.091,6.12689],"carpPosition":[-26.2244,212.379,55.7347],"dipPosition":[-52.9085,194.157,-12.1488],"direction":[-0.560935,-0.480708,0.673997],"extended":false,"handId":413,"id":4133,"length":63.6687,"mcpPosition":[-10.7054,227.817,-2.16695],"pipPosition":[-37.5527,207.317,-30.5996],"stabilizedTipPosition":[-60.9154,203.412,-10.5379],"timeVisible":12.5272,"tipPosition":[-54.1174,192.479,1.74271],"tipVelocity":[102.268,-208.179,208.344],"tool":false,"touchDistance":0.333333,"touchZone":"none","type":3,"width":17.8639},{"bases":[[[0.466016,-0.884684,0.0127553],[0.799348,0.427157,0.422586],[-0.379304,-0.186736,0.906233]],[[0.498295,-0.864262,-0.0689468],[0.571617,0.387277,-0.723375],[0.651886,0.321043,0.687005]],[[0.498295,-0.864262,-0.0689468],[-0.571167,-0.267399,-0.776058],[0.652281,0.426086,-0.626881]],[[0.498295,-0.864262,-0.0689468],[-0.85487,-0.476504,-0.205281],[0.144563,0.161231,-0.976271]]],"btipPosition":[-37.567,187.879,6.09033],"carpPosition":[-21.4535,199.378,53.2784],"dipPosition":[-35.1046,190.625,-10.539],"direction":[-0.652281,-0.426086,0.626881],"extended":false,"handId":413,"id":4134,"length":49.9151,"mcpPosition":[0.281155,210.079,1.34999],"pipPosition":[-22.4972,198.861,-22.6555],"stabilizedTipPosition":[-42.7852,197.85,-7.79327],"timeVisible":12.5272,"tipPosition":[-37.1019,188.663,2.39852],"tipVelocity":[105.066,-199.61,200.519],"tool":false,"touchDistance":0.333333,"touchZone":"none","type":4,"width":15.8681}],"r":[[0.986422,0.0933436,0.135125],[-0.111394,0.984856,0.13285],[-0.120678,-0.146098,0.981882]],"s":1.07021,"t":[-55.4164,105.289,-46.6375],"timestamp":88865525711},false],[3,{"currentFrameRate":55.3848,"devices":[],"gestures":[{"center":[-19.9254,301.425,-104.681],"duration":72578,"handIds":[413],"id":4,"normal":[-0.0371625,0.0735814,-0.996597],"pointableIds":[4131],"progress":0.800145,"radius":27.949,"state":"update","type":"circle"}],"hands":[{"armBasis":[[0.802358,-0.501903,-0.322978],[0.586658,0.762759,0.272087],[0.109793,-0.407788,0.906451]],"armWidth":62.9686,"confidence":0.815795,"direction":[0.230765,0.414227,-0.880434],"elbow":[-5.21694,90.7532,306.757],"grabStrength":0,"id":413,"palmNormal":[-0.550268,-0.690701,-0.469189],"palmPosition":[-30.5911,223.179,16.4317],"palmVelocity":[92.3094,-231.436,185.819],"palmWidth":89.917,"pinchStrength":0.859684,"r":[[0.986727,0.0987626,0.128899],[-0.115632,0.984653,0.130722],[-0.11401,-0.143892,0.983004]],"s":1.06906,"sphereCenter":[-51.4627,208.729,-18.1349],"sphereRadius":44.0879,"stabilizedPalmPosition":[-33.0674,229.24,11.4134],"t":[-53.7475,101.048,-43.2716],"timeVisible":12.5453,"type":"right","wrist":[-34.5115,199.558,64.9011]}],"id":1421684,"interactionBox":{"center":[0,200,0],"size":[235.247,235.247,147.751]},"pointables":[{"bases":[[[0.860114,0.460091,0.220271],[-0.489793,0.624272,0.608595],[0.1425,-0.631349,0.762294]],[[0.781168,0.624213,-0.0116134],[-0.583452,0.736526,0.342218],[0.22217,-0.260554,0.939549]],[[0.781168,0.624213,-0.0116134],[-0.62359,0.779219,-0.062885],[-0.0302043,0.0563657,0.997953]],[[0.781168,0.624213,-0.0116134],[-0.321566,0.386339,-0.864487],[-0.535137,0.679044,0.502522]]],"btipPosition":[-61.337,202.733,-26.7917],"carpPosition":[-63.7717,207.484,64.8019],"dipPosition":[-73.7134,218.438,-15.1696],"direction":[0.0302043,-0.0563657,-0.997953],"extended":false,"handId":413,"id":4130,"length":51.5018,"mcpPosition":[-63.7717,207.484,64.8019],"pipPosition":[-74.7311,220.337,18.455],"stabilizedTipPosition":[-66.9369,214.15,-30.3624],"timeVisible":12.5453,"tipPosition":[-64.2231,206.092,-24.1338],"tipVelocity":[94.5833,-279.812,213.545],"tool":false,"touchDistance":0.231528,"touchZone":"hovering","type":0,"width":20.0112},{"bases":[[[0.829821,-0.514782,-0.215399],[0.557939,0.758397,0.336955],[-0.0101003,-0.399792,0.91655]],[[0.825529,-0.548737,-0.131869],[0.558707,0.761649,0.328232],[-0.0796754,-0.344641,0.935347]],[[0.825529,-0.548737,-0.131869],[0.564358,0.80323,0.190582],[0.0013415,-0.231752,0.972774]],[[0.825529,-0.548737,-0.131869],[0.560476,0.824519,0.0776867],[0.0660987,-0.138042,0.988218]]],"btipPosition":[-41.334,272.05,-82.2545],"carpPosition":[-44.303,220.486,64.0117],"dipPosition":[-40.218,269.719,-65.5693],"direction":[-0.0013415,0.231752,-0.972774],"extended":true,"handId":413,"id":4131,"length":58.114,"mcpPosition":[-43.5686,249.552,-2.62338],"pipPosition":[-40.186,264.184,-42.3343],"stabilizedTipPosition":[-43.0452,283.907,-88.0903],"timeVisible":12.5453,"tipPosition":[-41.1535,271.534,-78.389],"tipVelocity":[18.5964,-305.859,155.197],"tool":false,"touchDistance":0.231658,"touchZone":"hovering","type":1,"width":19.1147},{"bases":[[[0.713472,-0.685758,-0.143855],[0.68984,0.651487,0.315729],[-0.122794,-0.324501,0.937881]],[[0.712927,-0.687173,-0.139745],[0.333104,0.507228,-0.794834],[0.617071,0.520109,0.590516]],[[0.712927,-0.687173,-0.139745],[-0.569147,-0.450612,-0.687765],[0.409642,0.569862,-0.712356]],[[0.712927,-0.687173,-0.139745],[-0.700031,-0.709115,-0.0843436],[-0.0411368,0.157957,-0.986589]]],"btipPosition":[-65.0435,194.45,7.00153],"carpPosition":[-33.3698,215.798,61.4521],"dipPosition":[-65.8074,197.383,-11.3198],"direction":[-0.409642,-0.569862,0.712356],"extended":false,"handId":413,"id":4132,"length":66.2163,"mcpPosition":[-24.9037,238.171,-3.21029],"pipPosition":[-54.2961,213.397,-31.3378],"stabilizedTipPosition":[-72.5745,209.33,-12.3944],"timeVisible":12.5453,"tipPosition":[-65.2933,195.235,2.16725],"tipVelocity":[99.7143,-255.934,223.128],"tool":false,"touchDistance":0.333333,"touchZone":"none","type":2,"width":18.7732},{"bases":[[[0.633578,-0.773184,-0.0276592],[0.734786,0.590152,0.334381],[-0.242215,-0.23218,0.942032]],[[0.631646,-0.774994,-0.0202177],[0.477357,0.409346,-0.777539],[0.610864,0.481478,0.62851]],[[0.631646,-0.774994,-0.0202177],[-0.543794,-0.424321,-0.724044],[0.552551,0.468333,-0.689457]],[[0.631646,-0.774994,-0.0202177],[-0.771204,-0.625466,-0.118473],[0.0791703,0.0904249,-0.992751]]],"btipPosition":[-52.6032,186.98,10.3754],"carpPosition":[-24.0373,208.356,59.2348],"dipPosition":[-51.1414,188.649,-7.95447],"direction":[-0.552551,-0.468333,0.689457],"extended":false,"handId":413,"id":4133,"length":63.6687,"mcpPosition":[-9.04384,222.729,0.921838],"pipPosition":[-36.0151,201.47,-26.8286],"stabilizedTipPosition":[-59.279,200.375,-7.37854],"timeVisible":12.5453,"tipPosition":[-52.2273,187.265,5.94363],"tipVelocity":[103.391,-245.967,220.654],"tool":false,"touchDistance":0.333333,"touchZone":"none","type":3,"width":17.8639},{"bases":[[[0.471111,-0.88167,0.0266899],[0.80008,0.439862,0.407913],[-0.371384,-0.170818,0.912631]],[[0.502584,-0.862748,-0.0554457],[0.563603,0.375602,-0.735714],[0.655562,0.338509,0.675019]],[[0.502584,-0.862748,-0.0554457],[-0.575976,-0.28632,-0.765684],[0.644718,0.416756,-0.640823]],[[0.502584,-0.862748,-0.0554457],[-0.853796,-0.485249,-0.188592],[0.135802,0.142122,-0.980489]]],"btipPosition":[-35.6117,182.82,10.2053],"carpPosition":[-19.2114,195.336,56.9999],"dipPosition":[-33.2985,185.241,-6.49589],"direction":[-0.644718,-0.416756,0.640823],"extended":false,"handId":413,"id":4134,"length":49.9151,"mcpPosition":[2.06947,205.124,4.70485],"pipPosition":[-20.8373,193.296,-18.8818],"stabilizedTipPosition":[-41.0642,194.618,-4.63126],"timeVisible":12.5453,"tipPosition":[-35.1787,183.526,6.47904],"tipVelocity":[105.617,-239.665,212.932],"tool":false,"touchDistance":0.333333,"touchZone":"none","type":4,"width":15.8681}],"r":[[0.986727,0.0987626,0.128899],[-0.115632,0.984653,0.130722],[-0.11401,-0.143892,0.983004]],"s":1.06906,"t":[-53.7475,101.048,-43.2716],"timestamp":88865543795},false],[4,{"currentFrameRate":55.3833,"devices":[],"gestures":[{"center":[-19.9254,301.425,-104.681],"duration":72578,"handIds":[413],"id":4,"normal":[-0.0371625,0.0735814,-0.996597],"pointableIds":[4131],"progress":0.800145,"radius":27.949,"state":"update","type":"circle"}],"hands":[{"armBasis":[[0.801523,-0.507922,-0.315558],[0.588131,0.764941,0.262615],[0.107995,-0.396082,0.911842]],"armWidth":62.9686,"confidence":0.827177,"direction":[0.227604,0.418826,-0.87908],"elbow":[-3.56311,87.2662,312.56],"grabStrength":0,"id":413,"palmNormal":[-0.551217,-0.688789,-0.470882],"palmPosition":[-28.6322,216.814,20.903],"palmVelocity":[99.9791,-288.878,215.145],"palmWidth":89.917,"pinchStrength":0.854812,"r":[[0.986989,0.103117,0.123371],[-0.119101,0.984321,0.130103],[-0.108021,-0.143104,0.983795]],"s":1.06712,"sphereCenter":[-49.5332,202.029,-13.7176],"sphereRadius":44.0574,"stabilizedPalmPosition":[-31.1852,223.967,15.4406],"t":[-51.9336,95.7449,-39.353],"timeVisible":12.5634,"type":"right","wrist":[-32.378,192.947,69.2656]}],"id":1421685,"interactionBox":{"center":[0,200,0],"size":[235.247,235.247,147.751]},"pointables":[{"bases":[[[0.860448,0.459684,0.219817],[-0.488336,0.62081,0.613288],[0.145454,-0.635047,0.758655]],[[0.78109,0.624337,-0.0100454],[-0.582581,0.734451,0.34811],[0.224716,-0.266053,0.9374]],[[0.78109,0.624337,-0.0100454],[-0.623691,0.779304,-0.060788],[-0.0301238,0.0537461,0.9981]],[[0.78109,0.624337,-0.0100454],[-0.320497,0.387054,-0.864564],[-0.535891,0.678522,0.502423]]],"btipPosition":[-59.3208,196.471,-22.1902],"carpPosition":[-61.6447,200.85,69.3001],"dipPosition":[-71.7147,212.163,-10.5704],"direction":[0.0301238,-0.0537461,-0.9981],"extended":false,"handId":413,"id":4130,"length":51.5018,"mcpPosition":[-61.6447,200.85,69.3001],"pipPosition":[-72.7297,213.974,23.0592],"stabilizedTipPosition":[-64.9854,208.388,-25.9215],"timeVisible":12.5634,"tipPosition":[-62.2739,199.874,-19.5705],"tipVelocity":[102.574,-311.669,233.112],"tool":false,"touchDistance":0.3115,"touchZone":"hovering","type":0,"width":20.0112},{"bases":[[[0.829537,-0.513016,-0.22064],[0.55841,0.757153,0.338966],[-0.00683628,-0.404392,0.91456]],[[0.825596,-0.547151,-0.137902],[0.559864,0.76387,0.321023],[-0.070309,-0.342242,0.936978]],[[0.825596,-0.547151,-0.137902],[0.564092,0.806307,0.177958],[0.0138216,-0.224711,0.974328]],[[0.825596,-0.547151,-0.137902],[0.558469,0.82727,0.0611205],[0.08064,-0.127475,0.988558]]],"btipPosition":[-40.3987,265.322,-77.7209],"carpPosition":[-42.189,213.872,68.5127],"dipPosition":[-39.0371,263.169,-61.03],"direction":[-0.0138216,0.224711,-0.974328],"extended":true,"handId":413,"id":4131,"length":58.114,"mcpPosition":[-41.692,243.272,2.0223],"pipPosition":[-38.707,257.802,-37.7578],"stabilizedTipPosition":[-42.0138,277.258,-83.139],"timeVisible":12.5634,"tipPosition":[-39.9299,265.118,-73.7674],"tipVelocity":[35.8444,-336.445,200.737],"tool":false,"touchDistance":0.311738,"touchZone":"hovering","type":1,"width":19.1147},{"bases":[[[0.713556,-0.684444,-0.149582],[0.690328,0.650459,0.31678],[-0.119521,-0.329301,0.93663]],[[0.713119,-0.685631,-0.146191],[0.326184,0.509094,-0.79651],[0.620537,0.520321,0.586686]],[[0.713119,-0.685631,-0.146191],[-0.574018,-0.451355,-0.683214],[0.402449,0.571129,-0.715435]],[[0.713119,-0.685631,-0.146191],[-0.699345,-0.710259,-0.0803088],[-0.0487711,0.159508,-0.985991]]],"btipPosition":[-62.9809,188.114,11.7881],"carpPosition":[-31.2604,209.206,65.8946],"dipPosition":[-63.8866,191.076,-6.52215],"direction":[-0.402449,-0.571129,0.715435],"extended":false,"handId":413,"id":4132,"length":66.2163,"mcpPosition":[-23.02,231.909,1.31842],"pipPosition":[-52.5774,207.126,-26.6266],"stabilizedTipPosition":[-70.3832,204.536,-7.73149],"timeVisible":12.5634,"tipPosition":[-63.2899,188.904,6.87867],"tipVelocity":[105.737,-300.818,243.091],"tool":false,"touchDistance":0.333333,"touchZone":"none","type":2,"width":18.7732},{"bases":[[[0.634106,-0.772517,-0.0335709],[0.735382,0.589068,0.33498],[-0.239002,-0.2371,0.941627]],[[0.632001,-0.774552,-0.0253711],[0.474796,0.412872,-0.777243],[0.61249,0.479172,0.628689]],[[0.632001,-0.774552,-0.0253711],[-0.545909,-0.421724,-0.72397],[0.550053,0.4714,-0.689365]],[[0.632001,-0.774552,-0.0253711],[-0.771243,-0.625421,-0.118459],[0.0758849,0.0944334,-0.992635]]],"btipPosition":[-50.6366,180.655,14.763],"carpPosition":[-21.9291,201.783,63.6101],"dipPosition":[-49.2355,182.398,-3.56465],"direction":[-0.550053,-0.4714,0.689364],"extended":false,"handId":413,"id":4133,"length":63.6687,"mcpPosition":[-7.13453,216.46,5.32212],"pipPosition":[-34.1776,195.303,-22.4362],"stabilizedTipPosition":[-57.0542,195.581,-2.92985],"timeVisible":12.5634,"tipPosition":[-50.2756,180.952,10.3266],"tipVelocity":[105.633,-295.028,231.249],"tool":false,"touchDistance":0.333333,"touchZone":"none","type":3,"width":17.8639},{"bases":[[[0.471901,-0.881407,0.0207539],[0.801033,0.438465,0.407547],[-0.368314,-0.175697,0.912949]],[[0.50303,-0.862099,-0.0612043],[0.560634,0.379382,-0.736042],[0.657761,0.335938,0.674163]],[[0.50303,-0.862099,-0.0612043],[-0.578648,-0.283344,-0.764776],[0.641971,0.420121,-0.641383]],[[0.50303,-0.862099,-0.0612043],[-0.854112,-0.485046,-0.18768],[0.132112,0.146684,-0.980321]]],"btipPosition":[-33.6371,176.489,14.5194],"carpPosition":[-17.0999,188.778,61.2943],"dipPosition":[-31.3867,178.987,-2.17894],"direction":[-0.641971,-0.420121,0.641383],"extended":false,"handId":413,"id":4134,"length":49.9151,"mcpPosition":[4.00499,198.846,8.98108],"pipPosition":[-18.9786,187.107,-14.5757],"stabilizedTipPosition":[-38.8167,189.651,-0.300104],"timeVisible":12.5634,"tipPosition":[-33.2165,177.207,10.7808],"tipVelocity":[107.001,-291.865,225.264],"tool":false,"touchDistance":0.333333,"touchZone":"none","type":4,"width":15.8681}],"r":[[0.986989,0.103117,0.123371],[-0.119101,0.984321,0.130103],[-0.108021,-0.143104,0.983795]],"s":1.06712,"t":[-51.9336,95.7449,-39.353],"timestamp":88865561856},false],[5,{"currentFrameRate":55.3759,"devices":[],"gestures":[{"center":[-19.9254,301.425,-104.681],"duration":72578,"handIds":[413],"id":4,"normal":[-0.0371625,0.0735814,-0.996597],"pointableIds":[4131],"progress":0.800145,"radius":27.949,"state":"update","type":"circle"}],"hands":[{"armBasis":[[0.792913,-0.523342,-0.312094],[0.599888,0.760293,0.249174],[0.10688,-0.384795,0.916793]],"armWidth":62.9686,"confidence":0.839078,"direction":[0.224663,0.416589,-0.880897],"elbow":[-1.45468,82.8902,318.308],"grabStrength":0,"id":413,"palmNormal":[-0.563131,-0.682258,-0.46627],"palmPosition":[-26.3777,209.404,25.3079],"palmVelocity":[111.715,-346.348,228.66],"palmWidth":89.917,"pinchStrength":0.85259,"r":[[0.98761,0.104337,0.117221],[-0.119407,0.984311,0.129898],[-0.101828,-0.142285,0.984574]],"s":1.06462,"sphereCenter":[-47.6628,194.375,-9.19356],"sphereRadius":44.0337,"stabilizedPalmPosition":[-28.9488,217.192,20.0308],"t":[-49.8994,89.3883,-35.1912],"timeVisible":12.5815,"type":"right","wrist":[-29.972,185.56,73.6934]}],"id":1421686,"interactionBox":{"center":[0,200,0],"size":[235.247,235.247,147.751]},"pointables":[{"bases":[[[0.867522,0.449754,0.212431],[-0.475844,0.626067,0.617748],[0.144839,-0.636994,0.757139]],[[0.788483,0.614854,-0.0157738],[-0.57062,0.740848,0.354313],[0.229537,-0.270369,0.934994]],[[0.788483,0.614854,-0.0157738],[-0.614601,0.786654,-0.0586533],[-0.0236547,0.0559418,0.998154]],[[0.788483,0.614854,-0.0157738],[-0.319971,0.388156,-0.864265],[-0.525274,0.686506,0.50279]]],"btipPosition":[-57.5227,189.371,-17.3952],"carpPosition":[-59.1453,193.796,73.9867],"dipPosition":[-69.6711,205.248,-5.76685],"direction":[0.0236547,-0.0559418,-0.998154],"extended":false,"handId":413,"id":4130,"length":51.5018,"mcpPosition":[-59.1453,193.796,73.9867],"pipPosition":[-70.4681,207.133,27.8645],"stabilizedTipPosition":[-62.9316,201.628,-20.9939],"timeVisible":12.5815,"tipPosition":[-60.4702,192.849,-14.8063],"tipVelocity":[102.564,-349.031,248.394],"tool":false,"touchDistance":0.385637,"touchZone":"hovering","type":0,"width":20.0112},{"bases":[[[0.821674,-0.522338,-0.228066],[0.569947,0.750594,0.334319],[-0.00344271,-0.404687,0.914449]],[[0.818103,-0.556301,-0.145727],[0.571911,0.760517,0.30746],[-0.0602127,-0.334876,0.940336]],[[0.818103,-0.556301,-0.145727],[0.574379,0.802878,0.159608],[0.0282105,-0.214278,0.976365]],[[0.818103,-0.556301,-0.145727],[0.566666,0.823001,0.0394891],[0.0979653,-0.114884,0.988536]]],"btipPosition":[-39.0713,257.292,-73.383],"carpPosition":[-39.5501,206.595,73.0334],"dipPosition":[-37.4173,255.352,-56.6924],"direction":[-0.0282105,0.214278,-0.976365],"extended":true,"handId":413,"id":4131,"length":58.114,"mcpPosition":[-39.2998,236.017,6.5511],"pipPosition":[-36.7434,250.234,-33.3716],"stabilizedTipPosition":[-40.6269,268.739,-77.4649],"timeVisible":12.5815,"tipPosition":[-38.351,257.348,-69.3693],"tipVelocity":[55.4647,-386.294,219.339],"tool":false,"touchDistance":0.378965,"touchZone":"hovering","type":1,"width":19.1147},{"bases":[[[0.704373,-0.692464,-0.156053],[0.700442,0.642413,0.310944],[-0.115067,-0.328327,0.937529]],[[0.704028,-0.693435,-0.153272],[0.322394,0.504376,-0.801041],[0.632777,0.514542,0.578654]],[[0.704028,-0.693435,-0.153272],[-0.587147,-0.44694,-0.674909],[0.399502,0.565149,-0.721807]],[[0.704028,-0.693435,-0.153272],[-0.70773,-0.702955,-0.0705186],[-0.0588435,0.158122,-0.985665]]],"btipPosition":[-61.0394,181.116,16.7052],"carpPosition":[-28.6987,201.806,70.3182],"dipPosition":[-62.1322,184.053,-1.59895],"direction":[-0.399502,-0.565149,0.721807],"extended":false,"handId":413,"id":4132,"length":66.2163,"mcpPosition":[-20.7654,224.443,5.67997],"pipPosition":[-50.9058,199.934,-21.8825],"stabilizedTipPosition":[-67.5514,197.452,-1.43206],"timeVisible":12.5815,"tipPosition":[-61.4155,181.893,11.7654],"tipVelocity":[105.377,-341.922,256.824],"tool":false,"touchDistance":0.333333,"touchZone":"none","type":2,"width":18.7732},{"bases":[[[0.624942,-0.779677,-0.0393803],[0.744951,0.580505,0.328728],[-0.233441,-0.234773,0.943603]],[[0.622777,-0.781796,-0.0307305],[0.473012,0.407505,-0.781153],[0.623225,0.471948,0.623583]],[[0.622777,-0.781796,-0.0307305],[-0.556794,-0.415263,-0.7194],[0.549663,0.465136,-0.693916]],[[0.622777,-0.781796,-0.0307305],[-0.779387,-0.616456,-0.111975],[0.0685976,0.0936864,-0.993236]]],"btipPosition":[-48.8534,173.51,19.3413],"carpPosition":[-19.4729,194.278,67.9495],"dipPosition":[-47.5869,175.24,1.00253],"direction":[-0.549663,-0.465136,0.693916],"extended":false,"handId":413,"id":4133,"length":63.6687,"mcpPosition":[-5.02259,208.811,9.53926],"pipPosition":[-32.5397,187.973,-17.9936],"stabilizedTipPosition":[-54.2149,188.335,3.10626],"timeVisible":12.5815,"tipPosition":[-48.5245,173.802,14.9084],"tipVelocity":[101.479,-342.663,241.601],"tool":false,"touchDistance":0.333333,"touchZone":"none","type":3,"width":17.8639},{"bases":[[[0.461988,-0.886736,0.0163257],[0.809513,0.429132,0.400666],[-0.362291,-0.171887,0.916079]],[[0.492559,-0.867794,-0.0657274],[0.558176,0.372957,-0.741177],[0.667702,0.328386,0.668084]],[[0.492559,-0.867794,-0.0657274],[-0.588921,-0.276759,-0.759327],[0.640748,0.412721,-0.647382]],[[0.492559,-0.867794,-0.0657274],[-0.861285,-0.475246,-0.179802],[0.124794,0.145173,-0.981505]]],"btipPosition":[-31.8941,169.145,18.9815],"carpPosition":[-14.8127,181.22,65.5872],"dipPosition":[-29.7684,171.618,2.26298],"direction":[-0.640748,-0.412721,0.647382],"extended":false,"handId":413,"id":4134,"length":49.9151,"mcpPosition":[5.94705,191.07,13.0946],"pipPosition":[-17.3839,179.595,-10.2497],"stabilizedTipPosition":[-36.0327,182.162,5.49827],"timeVisible":12.5815,"tipPosition":[-31.4981,169.855,15.2264],"tipVelocity":[101.199,-346.305,235.351],"tool":false,"touchDistance":0.333333,"touchZone":"none","type":4,"width":15.8681}],"r":[[0.98761,0.104337,0.117221],[-0.119407,0.984311,0.129898],[-0.101828,-0.142285,0.984574]],"s":1.06462,"t":[-49.8994,89.3883,-35.1912],"timestamp":88865579940},false],[6,{"currentFrameRate":55.3813,"devices":[],"gestures":[{"center":[-19.9254,301.425,-104.681],"duration":72578,"handIds":[413],"id":4,"normal":[-0.0371625,0.0735814,-0.996597],"pointableIds":[4131],"progress":0.800145,"radius":27.949,"state":"stop","type":"circle"}],"hands":[{"armBasis":[[0.792025,-0.524046,-0.313166],[0.599394,0.764874,0.235996],[0.11586,-0.374624,0.919909]],"armWidth":62.9686,"confidence":0.863984,"direction":[0.224156,0.397144,-0.889961],"elbow":[3.06865,78.9504,323.959],"grabStrength":0,"id":413,"palmNormal":[-0.563109,-0.692544,-0.450878],"palmPosition":[-24.2785,201.679,29.6114],"palmVelocity":[113.928,-385.207,233.368],"palmWidth":89.917,"pinchStrength":0.85339,"r":[[0.988079,0.105886,0.111751],[-0.119724,0.984855,0.125405],[-0.0967794,-0.137289,0.985792]],"s":1.06155,"sphereCenter":[-45.4846,185.282,-4.61243],"sphereRadius":44.0177,"stabilizedPalmPosition":[-26.5712,209.295,24.9082],"t":[-47.8327,82.3476,-30.9586],"timeVisible":12.5995,"type":"right","wrist":[-27.8446,178.906,78.5122]}],"id":1421687,"interactionBox":{"center":[0,200,0],"size":[235.247,235.247,147.751]},"pointables":[{"bases":[[[0.867467,0.454597,0.202095],[-0.475784,0.639381,0.604005],[0.145363,-0.620108,0.770932]],[[0.788752,0.614042,-0.0286944],[-0.570043,0.748108,0.339685],[0.230047,-0.25157,0.940101]],[[0.788752,0.614042,-0.0286944],[-0.614214,0.785374,-0.0769988],[-0.0247447,0.0783574,0.996618]],[[0.788752,0.614042,-0.0286944],[-0.318847,0.368765,-0.873126],[-0.525554,0.697829,0.48665]]],"btipPosition":[-55.3798,180.768,-12.5723],"carpPosition":[-57.0204,187.137,78.6365],"dipPosition":[-67.5347,196.907,-1.31729],"direction":[0.0247447,-0.0783574,-0.996618],"extended":false,"handId":413,"id":4130,"length":51.5018,"mcpPosition":[-57.0204,187.137,78.6365],"pipPosition":[-68.3684,199.547,32.2623],"stabilizedTipPosition":[-60.6355,193.35,-15.6785],"timeVisible":12.5995,"tipPosition":[-58.3409,184.286,-10.0791],"tipVelocity":[110.227,-408.129,255.14],"tool":false,"touchDistance":0.451462,"touchZone":"hovering","type":0,"width":20.0112},{"bases":[[[0.821745,-0.526982,-0.216852],[0.569848,0.757957,0.31745],[-0.00292592,-0.384436,0.923147]],[[0.818269,-0.558904,-0.134394],[0.572424,0.770863,0.279466],[-0.0525949,-0.305609,0.950703]],[[0.818269,-0.558904,-0.134394],[0.573496,0.809687,0.124538],[0.0392124,-0.17898,0.983071]],[[0.818269,-0.558904,-0.134394],[0.56399,0.825782,-0.00027634],[0.111135,-0.075571,0.990928]]],"btipPosition":[-37.7971,246.394,-70.2966],"carpPosition":[-37.4298,199.919,77.3929],"dipPosition":[-35.9207,245.118,-53.5656],"direction":[-0.0392124,0.17898,-0.983071],"extended":true,"handId":413,"id":4131,"length":58.114,"mcpPosition":[-37.217,227.868,10.2782],"pipPosition":[-34.9841,240.843,-30.0846],"stabilizedTipPosition":[-38.9534,257.122,-71.812],"timeVisible":12.5995,"tipPosition":[-36.8307,246.838,-66.2275],"tipVelocity":[64.0108,-485.656,196.698],"tool":false,"touchDistance":0.420837,"touchZone":"hovering","type":1,"width":19.1147},{"bases":[[[0.704529,-0.695516,-0.141057],[0.700367,0.649328,0.296409],[-0.114565,-0.30762,0.944587]],[[0.704205,-0.696374,-0.138412],[0.321997,0.48699,-0.811886],[0.632782,0.527166,0.567171]],[[0.704205,-0.696374,-0.138412],[-0.587377,-0.461893,-0.664562],[0.398852,0.549289,-0.734302]],[[0.704205,-0.696374,-0.138412],[-0.707479,-0.704646,-0.0542821],[-0.0597311,0.13615,-0.988886]]],"btipPosition":[-58.9188,173.209,21.6376],"carpPosition":[-26.5779,195.074,74.7792],"dipPosition":[-60.0281,175.738,3.27357],"direction":[-0.398852,-0.549289,0.734302],"extended":false,"handId":413,"id":4132,"length":66.2163,"mcpPosition":[-18.6792,216.283,9.65441],"pipPosition":[-48.8199,191.173,-17.3611],"stabilizedTipPosition":[-64.0333,187.516,6.48228],"timeVisible":12.5995,"tipPosition":[-59.3021,173.87,16.7013],"tipVelocity":[111.06,-390.138,264.347],"tool":false,"touchDistance":0.333333,"touchZone":"none","type":2,"width":18.7732},{"bases":[[[0.625176,-0.780161,-0.0224561],[0.744904,0.587841,0.315534],[-0.232967,-0.213992,0.948648]],[[0.622744,-0.782323,-0.0126871],[0.472272,0.388767,-0.791088],[0.623818,0.486653,0.611571]],[[0.622744,-0.782323,-0.0126871],[-0.557564,-0.432339,-0.708665],[0.54892,0.448391,-0.7054