{"sensorType":"Leap","data":[[0,{"currentFrameRate":41.3906,"devices":[],"gestures":[],"hands":[{"armBasis":[[0.968676,0.032961,-0.246132],[0.0327595,0.965528,0.258228],[0.246159,-0.258203,0.934204]],"armWidth":63.72,"confidence":0.541792,"direction":[0.0750918,0.239702,-0.967938],"elbow":[69.9707,166.363,345.666],"grabStrength":0,"id":417,"palmNormal":[-0.0339691,-0.9695,-0.242724],"palmPosition":[-0.18074,245.223,39.6205],"palmVelocity":[-13.1843,271.166,-159.035],"palmWidth":90.99,"pinchStrength":0.508235,"r":[[0.987695,-0.156248,0.00670286],[0.155603,0.986109,0.0581052],[-0.0156886,-0.0563472,0.998288]],"s":0.88067,"sphereCenter":[1.85389,208.114,4.63845],"sphereRadius":52.8384,"stabilizedPalmPosition":[-0.0913919,243.373,40.6983],"t":[-4.46723,149.606,-36.8258],"timeVisible":2.01325,"type":"right","wrist":[3.50786,236.078,93.4306]}],"id":1423402,"interactionBox":{"center":[0,200,0],"size":[235.247,235.247,147.751]},"pointables":[{"bases":[[[0.446064,0.893356,0.0542415],[-0.81617,0.381157,0.434264],[0.367278,-0.23798,0.899151]],[[0.324663,0.924222,-0.201015],[-0.917716,0.359248,0.169525],[0.228893,0.129436,0.964808]],[[0.324663,0.924222,-0.201015],[-0.942612,0.333683,0.0117701],[0.0779535,0.185658,0.979517]],[[0.324663,0.924222,-0.201015],[-0.938016,0.341887,0.0569153],[0.121327,0.170077,0.977933]]],"btipPosition":[-42.4502,209.472,-12.1672],"carpPosition":[-25.527,226.244,92.2781],"dipPosition":[-39.6107,213.453,10.72],"direction":[-0.0779535,-0.185658,-0.979517],"extended":false,"handId":417,"id":4170,"length":52.1164,"mcpPosition":[-25.527,226.244,92.2781],"pipPosition":[-36.9528,219.783,44.1172],"stabilizedTipPosition":[-41.7518,209.048,-6.09536],"timeVisible":2.01325,"tipPosition":[-42.6402,210.564,-6.65013],"tipVelocity":[-8.91261,288.075,-177.244],"tool":false,"touchDistance":-0.664708,"touchZone":"touching","type":0,"width":20.25},{"bases":[[[0.995058,-0.0101346,-0.0987775],[0.0197524,0.9951,0.0968822],[0.0973116,-0.0983545,0.990382]],[[0.999407,-0.0169177,-0.0299941],[0.024432,0.96216,0.271386],[0.0242679,-0.271958,0.962003]],[[0.999407,-0.0169177,-0.0299941],[0.0206859,0.991279,0.130143],[0.0275308,-0.130686,0.991041]],[[0.999407,-0.0169177,-0.0299941],[0.0171692,0.999819,0.0081476],[0.0298508,-0.00865774,0.999517]]],"btipPosition":[-25.3986,269.58,-68.0349],"carpPosition":[-16.0214,247.354,87.1883],"dipPosition":[-24.8886,269.432,-50.9575],"direction":[-0.0275308,0.130686,-0.991041],"extended":true,"handId":417,"id":4171,"length":58.8075,"mcpPosition":[-23.1806,254.59,14.3263],"pipPosition":[-24.2232,266.273,-27.0037],"stabilizedTipPosition":[-24.3168,257.614,-58.605],"timeVisible":2.01325,"tipPosition":[-25.0839,268.419,-64.2642],"tipVelocity":[-23.4755,325.198,-145.248],"tool":false,"touchDistance":-0.0532417,"touchZone":"hovering","type":1,"width":19.3428},{"bases":[[[0.981012,-0.19282,0.0208759],[0.189826,0.97666,0.100508],[-0.0397686,-0.0946368,0.994717]],[[0.97043,-0.202185,0.131862],[0.237029,0.90147,-0.362171],[-0.045644,0.382717,0.922737]],[[0.97043,-0.202185,0.131862],[0.1769,0.224015,-0.958396],[0.164234,0.953383,0.253157]],[[0.97043,-0.202185,0.131862],[0.0450469,-0.384986,-0.921822],[0.237144,0.900504,-0.364494]]],"btipPosition":[-8.07648,193.105,-28.6584],"carpPosition":[-3.92448,248.982,85.5666],"dipPosition":[-3.62007,210.027,-35.508],"direction":[-0.164234,-0.953383,-0.253157],"extended":false,"handId":417,"id":4172,"length":67.0064,"mcpPosition":[-1.1499,255.585,16.1672],"pipPosition":[1.05016,237.138,-28.3091],"stabilizedTipPosition":[-7.02579,195.792,-29.5134],"timeVisible":2.01325,"tipPosition":[-7.46053,196.332,-29.4818],"tipVelocity":[-4.92304,309.832,-188.893],"tool":false,"touchDistance":-0.651818,"touchZone":"touching","type":2,"width":18.9972},{"bases":[[[0.947347,-0.277718,0.159393],[0.258065,0.956873,0.133401],[-0.189566,-0.0852433,0.978161]],[[0.946534,-0.278077,0.163546],[0.319441,0.878719,-0.354699],[-0.0450771,0.387978,0.920566]],[[0.946534,-0.278077,0.163546],[0.218142,0.178206,-0.959509],[0.237673,0.943883,0.229338]],[[0.946534,-0.278077,0.163546],[0.030511,-0.427517,-0.903492],[0.321159,0.860176,-0.396175]]],"btipPosition":[9.57564,193.368,-16.2572],"carpPosition":[8.27173,247.582,85.0963],"dipPosition":[15.5762,209.439,-23.6594],"direction":[-0.237673,-0.943883,-0.229338],"extended":false,"handId":417,"id":4173,"length":64.4285,"mcpPosition":[20.1462,252.921,23.8243],"pipPosition":[22.1602,235.587,-17.3062],"stabilizedTipPosition":[10.9986,196.224,-17.5067],"timeVisible":2.01325,"tipPosition":[10.8194,196.837,-17.876],"tipVelocity":[-12.3774,299.032,-168.129],"tool":false,"touchDistance":-0.645623,"touchZone":"touching","type":3,"width":18.077},{"bases":[[[0.86329,-0.439977,0.247285],[0.384502,0.890714,0.242459],[-0.326937,-0.114231,0.938117]],[[0.824141,-0.449547,0.344527],[0.549504,0.78204,-0.294041],[-0.137249,0.43165,0.891539]],[[0.824141,-0.449547,0.344527],[0.419233,0.0751705,-0.904761],[0.380835,0.890088,0.250416]],[[0.824141,-0.449547,0.344527],[0.110115,-0.469511,-0.876033],[0.555577,0.759913,-0.337441]]],"btipPosition":[26.4708,200.021,1.31252],"carpPosition":[19.6853,239.167,86.3149],"dipPosition":[36.0472,213.119,-4.50389],"direction":[-0.380835,-0.890088,-0.250416],"extended":false,"handId":417,"id":4174,"length":50.5107,"mcpPosition":[38.6428,245.791,31.918],"pipPosition":[43.4958,230.528,0.393951],"stabilizedTipPosition":[28.7037,202.002,0.566157],"timeVisible":2.01325,"tipPosition":[28.119,202.854,0.315077],"tipVelocity":[-7.16754,296.849,-174.936],"tool":false,"touchDistance":-0.614357,"touchZone":"touching","type":4,"width":16.0574}],"r":[[0.987695,-0.156248,0.00670286],[0.155603,0.986109,0.0581052],[-0.0156886,-0.0563472,0.998288]],"s":0.88067,"t":[-4.46723,149.606,-36.8258],"timestamp":88897049541},false],[1,{"currentFrameRate":42.43,"devices":[],"gestures":[],"hands":[{"armBasis":[[0.971176,0.0324531,-0.236146],[0.0328981,0.962959,0.267635],[0.236084,-0.267689,0.934134]],"armWidth":63.72,"confidence":0.613494,"direction":[0.072194,0.234373,-0.969462],"elbow":[67.2758,167.857,343.964],"grabStrength":0,"id":417,"palmNormal":[-0.035182,-0.970795,-0.237315],"palmPosition":[-0.318552,248.986,37.9004],"palmVelocity":[-10.2952,235.831,-125.684],"palmWidth":90.99,"pinchStrength":0.507951,"r":[[0.988241,-0.152825,0.00484362],[0.152117,0.985882,0.0699809],[-0.01547,-0.0684213,0.997537]],"s":0.881616,"sphereCenter":[1.30304,211.832,3.14977],"sphereRadius":52.6801,"stabilizedPalmPosition":[-0.237869,246.992,38.8941],"t":[-4.78318,156.058,-40.3653],"timeVisible":2.03215,"type":"right","wrist":[3.53308,240.133,91.748]}],"id":1423403,"interactionBox":{"center":[0,200,0],"size":[235.247,235.247,147.751]},"pointables":[{"bases":[[[0.446653,0.89342,0.0479716],[-0.814635,0.383924,0.434709],[0.369961,-0.233243,0.899292]],[[0.324499,0.922953,-0.207023],[-0.916754,0.36078,0.171462],[0.232941,0.13415,0.963194]],[[0.324499,0.922953,-0.207023],[-0.942277,0.334524,0.0143993],[0.0825439,0.190401,0.97823]],[[0.324499,0.922953,-0.207023],[-0.937906,0.34233,0.0560559],[0.122607,0.175978,0.976729]]],"btipPosition":[-42.8216,213,-13.5531],"carpPosition":[-25.5099,230.307,90.7395],"dipPosition":[-39.9522,217.119,9.30583],"direction":[-0.0825439,-0.190401,-0.97823],"extended":false,"handId":417,"id":4170,"length":52.1164,"mcpPosition":[-25.5099,230.307,90.7395],"pipPosition":[-37.1378,223.611,42.6592],"stabilizedTipPosition":[-42.0335,212.415,-7.60749],"timeVisible":2.03215,"tipPosition":[-42.9509,214.109,-8.05087],"tipVelocity":[-14.001,239.183,-126.462],"tool":false,"touchDistance":-0.647458,"touchZone":"touching","type":0,"width":20.25},{"bases":[[[0.994741,-0.0111612,-0.101813],[0.0205238,0.995605,0.0913803],[0.100345,-0.0929893,0.990598]],[[0.99929,-0.0175379,-0.0333596],[0.0258113,0.96344,0.266678],[0.027463,-0.26735,0.963208]],[[0.99929,-0.0175379,-0.0333596],[0.0215678,0.991977,0.124562],[0.0309074,-0.125193,0.991651]],[[0.99929,-0.0175379,-0.0333596],[0.0176099,0.999843,0.00186714],[0.0333216,-0.00245328,0.999442]]],"btipPosition":[-25.8888,272.779,-69.7994],"carpPosition":[-16.0102,251.384,85.5049],"dipPosition":[-25.3195,272.737,-52.7234],"direction":[-0.0309074,0.125193,-0.991651],"extended":true,"handId":417,"id":4171,"length":58.8075,"mcpPosition":[-23.3925,258.225,12.627],"pipPosition":[-24.5724,269.711,-28.7548],"stabilizedTipPosition":[-25.5309,270.382,-64.7274],"timeVisible":2.03215,"tipPosition":[-25.5547,271.659,-66.0232],"tipVelocity":[-24.328,249.37,-119.817],"tool":false,"touchDistance":-0.106746,"touchZone":"touching","type":1,"width":19.3428},{"bases":[[[0.980981,-0.193184,0.0188805],[0.190599,0.977101,0.0945783],[-0.0367191,-0.0891809,0.995338]],[[0.970791,-0.201913,0.1296],[0.2362,0.899125,-0.368488],[-0.0421239,0.388337,0.920554]],[[0.970791,-0.201913,0.1296],[0.173453,0.217421,-0.960543],[0.165768,0.954966,0.246093]],[[0.970791,-0.201913,0.1296],[0.0412899,-0.391508,-0.919248],[0.236347,0.897749,-0.371735]]],"btipPosition":[-8.48066,196.475,-29.9895],"carpPosition":[-3.91758,252.998,83.8367],"dipPosition":[-4.03922,213.346,-36.9751],"direction":[-0.165768,-0.954966,-0.246093],"extended":false,"handId":417,"id":4172,"length":67.0064,"mcpPosition":[-1.35576,259.22,14.3939],"pipPosition":[0.674628,240.502,-29.9771],"stabilizedTipPosition":[-7.33077,199.004,-30.9793],"timeVisible":2.03215,"tipPosition":[-7.84089,199.727,-30.8914],"tipVelocity":[-13.0858,245.058,-131.618],"tool":false,"touchDistance":-0.635405,"touchZone":"touching","type":2,"width":18.9972},{"bases":[[[0.947707,-0.277306,0.157963],[0.258931,0.957461,0.127367],[-0.186563,-0.0798047,0.979196]],[[0.947333,-0.277465,0.159915],[0.318371,0.869956,-0.376585],[-0.0346296,0.407664,0.912475]],[[0.947333,-0.277465,0.159915],[0.206227,0.146516,-0.967473],[0.245009,0.949498,0.196021]],[[0.947333,-0.277465,0.159915],[0.0156674,-0.458592,-0.888509],[0.319866,0.844219,-0.430093]]],"btipPosition":[8.74637,196.297,-16.1641],"carpPosition":[8.27644,251.589,83.3361],"dipPosition":[14.7227,212.071,-24.1999],"direction":[-0.245009,-0.949498,-0.196021],"extended":false,"handId":417,"id":4173,"length":64.4285,"mcpPosition":[19.9628,256.588,21.9992],"pipPosition":[21.51,238.374,-18.7698],"stabilizedTipPosition":[10.3175,199.096,-17.8991],"timeVisible":2.03215,"tipPosition":[10.2,199.975,-18.4332],"tipVelocity":[-27.9699,226.63,-87.0513],"tool":false,"touchDistance":-0.610183,"touchZone":"touching","type":3,"width":18.077},{"bases":[[[0.863847,-0.439042,0.247002],[0.385676,0.891837,0.236391],[-0.324071,-0.108943,0.939739]],[[0.823667,-0.448258,0.347328],[0.550698,0.778416,-0.301332],[-0.135291,0.43947,0.888011]],[[0.823667,-0.448258,0.347328],[0.417176,0.0641155,-0.906561],[0.384105,0.891602,0.239812]],[[0.823667,-0.448258,0.347328],[0.105797,-0.480265,-0.870719],[0.557117,0.753929,-0.348154]]],"btipPosition":[26.1494,203.519,-0.0143893],"carpPosition":[19.6898,243.176,84.5653],"dipPosition":[35.7523,216.515,-6.01546],"direction":[-0.384105,-0.891602,-0.239812],"extended":false,"handId":417,"id":4174,"length":50.5107,"mcpPosition":[38.4812,249.493,30.0743],"pipPosition":[43.2649,233.953,-1.32501],"stabilizedTipPosition":[28.454,205.257,-0.850092],"timeVisible":2.03215,"tipPosition":[27.8479,206.368,-1.1524],"tipVelocity":[-11.8343,241.452,-124.687],"tool":false,"touchDistance":-0.601795,"touchZone":"touching","type":4,"width":16.0574}],"r":[[0.988241,-0.152825,0.00484362],[0.152117,0.985882,0.0699809],[-0.01547,-0.0684213,0.997537]],"s":0.881616,"t":[-4.78318,156.058,-40.3653],"timestamp":88897068439},false],[2,{"currentFrameRate":43.3701,"devices":[],"gestures":[],"hands":[{"armBasis":[[0.973839,0.0376779,-0.224095],[0.0285164,0.9581,0.285011],[0.225444,-0.283945,0.93196]],"armWidth":63.72,"confidence":0.656215,"direction":[0.0689433,0.227597,-0.971312],"elbow":[64.5,167.295,341.274],"grabStrength":0,"id":417,"palmNormal":[-0.0324854,-0.9726,-0.230204],"palmPosition":[-0.387938,252.41,35.7443],"palmVelocity":[-7.04145,208.894,-119.914],"palmWidth":90.99,"pinchStrength":0.525157,"r":[[0.988773,-0.149395,0.00310507],[0.148702,0.985803,0.0779782],[-0.0147106,-0.076641,0.99695]],"s":0.882667,"sphereCenter":[0.487033,215.355,1.33007],"sphereRadius":52.3187,"stabilizedPalmPosition":[-0.337004,250.571,36.8134],"t":[-4.97585,160.996,-43.2131],"timeVisible":2.05108,"type":"right","wrist":[3.63004,243.96,89.6444]}],"id":1423404,"interactionBox":{"center":[0,200,0],"size":[235.247,235.247,147.751]},"pointables":[{"bases":[[[0.443736,0.895248,0.0403737],[-0.814831,0.384304,0.434005],[0.373026,-0.225481,0.900006]],[[0.320748,0.922515,-0.214677],[-0.917318,0.359007,0.17217],[0.2359,0.141703,0.96139]],[[0.320748,0.922515,-0.214677],[-0.943294,0.331593,0.0155551],[0.0855351,0.197514,0.976561]],[[0.320748,0.922515,-0.214677],[-0.939254,0.339023,0.0535203],[0.122154,0.184469,0.975218]]],"btipPosition":[-42.9326,215.904,-15.3292],"carpPosition":[-25.3819,234.029,88.7812],"dipPosition":[-40.0738,220.221,7.49441],"direction":[-0.0855351,-0.197514,-0.976561],"extended":false,"handId":417,"id":4170,"length":52.1164,"mcpPosition":[-25.3819,234.029,88.7812],"pipPosition":[-37.1574,226.956,40.7909],"stabilizedTipPosition":[-42.2022,215.545,-9.33374],"timeVisible":2.05108,"tipPosition":[-43.0206,217.054,-9.84509],"tipVelocity":[-10.0715,198.283,-110.664],"tool":false,"touchDistance":-0.637808,"touchZone":"touching","type":0,"width":20.25},{"bases":[[[0.994512,-0.00853737,-0.104271],[0.0173737,0.996303,0.084132],[0.103168,-0.0854819,0.990984]],[[0.999239,-0.0143623,-0.0362675],[0.0233298,0.965175,0.260562],[0.0312622,-0.26121,0.964776]],[[0.999239,-0.0143623,-0.0362675],[0.0185178,0.992962,0.116978],[0.0343321,-0.117561,0.992472]],[[0.999239,-0.0143623,-0.0362675],[0.0141206,0.999876,-0.00691354],[0.0363623,0.00639616,0.999318]]],"btipPosition":[-26.3513,275.343,-72.0477],"carpPosition":[-15.9671,255.1,83.3701],"dipPosition":[-25.73,275.452,-54.9737],"direction":[-0.0343321,0.117561,-0.992472],"extended":true,"handId":417,"id":4171,"length":58.8075,"mcpPosition":[-23.5571,261.389,10.4638],"pipPosition":[-24.9002,272.611,-30.9853],"stabilizedTipPosition":[-26.0791,274.417,-67.4733],"timeVisible":2.05108,"tipPosition":[-25.993,274.285,-68.264],"tipVelocity":[-24.0719,194.371,-119.329],"tool":false,"touchDistance":-0.151919,"touchZone":"touching","type":1,"width":19.3428},{"bases":[[[0.981676,-0.189727,0.0177684],[0.187519,0.978398,0.0870289],[-0.0338964,-0.0821023,0.996047]],[[0.972245,-0.197497,0.125436],[0.231236,0.892763,-0.386657],[-0.035621,0.40493,0.913653]],[[0.972245,-0.197497,0.125436],[0.163585,0.190529,-0.967956],[0.167269,0.96161,0.217548]],[[0.972245,-0.197497,0.125436],[0.0315694,-0.42049,-0.906748],[0.231824,0.885541,-0.402584]]],"btipPosition":[-8.91543,198.967,-30.4922],"carpPosition":[-3.88428,256.742,81.6595],"dipPosition":[-4.55899,215.608,-38.0575],"direction":[-0.167269,-0.96161,-0.217548],"extended":false,"handId":417,"id":4172,"length":67.0064,"mcpPosition":[-1.5194,262.47,12.1672],"pipPosition":[0.197547,242.952,-31.8712],"stabilizedTipPosition":[-7.76244,201.812,-31.9075],"timeVisible":2.05108,"tipPosition":[-8.08737,202.452,-32.0294],"tipVelocity":[-18.4461,188.019,-83.5093],"tool":false,"touchDistance":-0.609738,"touchZone":"touching","type":2,"width":18.9972},{"bases":[[[0.94904,-0.272954,0.15754],[0.256,0.959227,0.119783],[-0.183812,-0.0733492,0.980221]],[[0.949235,-0.272876,0.1565],[0.313477,0.861969,-0.398423],[-0.0261779,0.427256,0.903752]],[[0.949235,-0.272876,0.1565],[0.19404,0.116345,-0.97407],[0.247592,0.954988,0.163388]],[[0.949235,-0.272876,0.1565],[0.00364619,-0.487928,-0.872876],[0.314547,0.829135,-0.462163]]],"btipPosition":[8.26094,198.929,-16.5335],"carpPosition":[8.31315,255.371,81.1379],"dipPosition":[14.1379,214.421,-25.1686],"direction":[-0.247592,-0.954988,-0.163388],"extended":false,"handId":417,"id":4173,"length":64.4285,"mcpPosition":[19.8271,259.966,19.7368],"pipPosition":[20.9967,240.876,-20.6424],"stabilizedTipPosition":[9.73681,201.894,-18.4103],"timeVisible":2.05108,"tipPosition":[9.84951,202.72,-19.2999],"tipVelocity":[-27.4241,181.976,-57.4787],"tool":false,"touchDistance":-0.585107,"touchZone":"touching","type":3,"width":18.077},{"bases":[[[0.865956,-0.434323,0.247959],[0.383242,0.894821,0.228955],[-0.32132,-0.103237,0.941327]],[[0.823616,-0.443269,0.353793],[0.552114,0.769331,-0.321402],[-0.129716,0.460046,0.878369]],[[0.823616,-0.443269,0.353793],[0.411991,0.0389045,-0.910357],[0.389769,0.895544,0.214665]],[[0.823616,-0.443269,0.353793],[0.0993653,-0.501381,-0.859502],[0.558375,0.743054,-0.3689]]],"btipPosition":[25.7285,206.401,-1.08275],"carpPosition":[19.7581,247.005,82.3986],"dipPosition":[35.3531,219.209,-7.4414],"direction":[-0.389769,-0.895544,-0.214665],"extended":false,"handId":417,"id":4174,"length":50.5107,"mcpPosition":[38.3899,252.992,27.8156],"pipPosition":[42.9765,236.725,-3.2428],"stabilizedTipPosition":[28.0715,208.314,-2.11701],"timeVisible":2.05108,"tipPosition":[27.6352,209.391,-2.60449],"tipVelocity":[-16.8119,196.56,-93.3273],"tool":false,"touchDistance":-0.587208,"touchZone":"touching","type":4,"width":16.0574}],"r":[[0.988773,-0.149395,0.00310507],[0.148702,0.985803,0.0779782],[-0.0147106,-0.076641,0.99695]],"s":0.882667,"t":[-4.97585,160.996,-43.2131],"timestamp":88897087364},false],[3,{"currentFrameRate":44.2184,"devices":[],"gestures":[],"hands":[{"armBasis":[[0.974038,0.0409308,-0.222654],[0.0269273,0.95559,0.293465],[0.224778,-0.291842,0.929679]],"armWidth":63.72,"confidence":0.701024,"direction":[0.0709703,0.230399,-0.970505],"elbow":[63.8558,167.89,339.016],"grabStrength":0,"id":417,"palmNormal":[-0.0314413,-0.971958,-0.233043],"palmPosition":[-0.737485,255.289,34.1177],"palmVelocity":[-12.6422,180.848,-103.149],"palmWidth":90.99,"pinchStrength":0.541977,"r":[[0.989203,-0.146534,0.00208995],[0.145828,0.985651,0.085004],[-0.014516,-0.0837815,0.996378]],"s":0.8833,"sphereCenter":[-0.420972,218.613,-0.350619],"sphereRadius":52.0353,"stabilizedPalmPosition":[-0.607126,253.753,34.9951],"t":[-5.24696,164.905,-45.4503],"timeVisible":2.07003,"type":"right","wrist":[3.16569,246.687,88.0023]}],"id":1423405,"interactionBox":{"center":[0,200,0],"size":[235.247,235.247,147.751]},"pointables":[{"bases":[[[0.443154,0.89537,0.0439059],[-0.816002,0.382624,0.433289],[0.371154,-0.227841,0.900185]],[[0.320679,0.923294,-0.211407],[-0.917543,0.358209,0.172631],[0.235117,0.138615,0.962032]],[[0.320679,0.923294,-0.211407],[-0.943385,0.331314,0.0159726],[0.0847895,0.194316,0.977268]],[[0.320679,0.923294,-0.211407],[-0.939912,0.3378,0.0495644],[0.117176,0.182809,0.976141]]],"btipPosition":[-43.2085,218.92,-17.1416],"carpPosition":[-25.8388,236.743,87.0465],"dipPosition":[-40.4662,223.198,5.70361],"direction":[-0.0847895,-0.194316,-0.977268],"extended":false,"handId":417,"id":4170,"length":52.1164,"mcpPosition":[-25.8388,236.743,87.0465],"pipPosition":[-37.5753,229.824,39.0241],"stabilizedTipPosition":[-42.466,218.606,-11.1271],"timeVisible":2.07003,"tipPosition":[-43.2645,220.047,-11.6669],"tipVelocity":[-12.9687,178.785,-103.133],"tool":false,"touchDistance":-0.629472,"touchZone":"touching","type":0,"width":20.25},{"bases":[[[0.994745,-0.0077006,-0.10209],[0.0166402,0.996069,0.0870062],[0.101019,-0.0882478,0.990963]],[[0.999307,-0.0136702,-0.0346212],[0.0223466,0.96418,0.264305],[0.0297679,-0.264896,0.963817]],[[0.999307,-0.0136702,-0.0346212],[0.0177163,0.992688,0.119401],[0.0327358,-0.119931,0.992242]],[[0.999307,-0.0136702,-0.0346212],[0.0134795,0.999893,-0.00573486],[0.0346958,0.00526421,0.999384]]],"btipPosition":[-26.5184,278.516,-73.6543],"carpPosition":[-16.4236,257.834,81.7163],"dipPosition":[-25.9256,278.606,-56.5792],"direction":[-0.0327358,0.119931,-0.992242],"extended":true,"handId":417,"id":4171,"length":58.8075,"mcpPosition":[-23.8555,264.326,8.81157],"pipPosition":[-25.1344,275.707,-32.5963],"stabilizedTipPosition":[-26.3195,277.685,-69.2615],"timeVisible":2.07003,"tipPosition":[-26.1559,277.483,-69.8725],"tipVelocity":[-16.7447,180.978,-102.328],"tool":false,"touchDistance":-0.183946,"touchZone":"touching","type":1,"width":19.3428},{"bases":[[[0.981738,-0.189244,0.0194048],[0.186788,0.978248,0.0902294],[-0.0360581,-0.0849571,0.995732]],[[0.972521,-0.197121,0.123884],[0.230618,0.888593,-0.396506],[-0.0319225,0.41418,0.909635]],[[0.972521,-0.197121,0.123884],[0.158573,0.171229,-0.972386],[0.170465,0.96531,0.197781]],[[0.972521,-0.197121,0.123884],[0.0249479,-0.440809,-0.897254],[0.231477,0.875689,-0.423778]]],"btipPosition":[-9.48087,201.545,-30.9384],"carpPosition":[-4.33793,259.488,80.0371],"dipPosition":[-5.13097,218.001,-38.9021],"direction":[-0.170465,-0.96531,-0.197781],"extended":false,"handId":417,"id":4172,"length":67.0064,"mcpPosition":[-1.82223,265.415,10.5669],"pipPosition":[-0.283549,245.451,-33.2779],"stabilizedTipPosition":[-8.3306,204.596,-32.5901],"timeVisible":2.07003,"tipPosition":[-8.47544,205.255,-33.0244],"tipVelocity":[-24.0778,161.366,-56.4122],"tool":false,"touchDistance":-0.585166,"touchZone":"touching","type":2,"width":18.9972},{"bases":[[[0.948839,-0.272886,0.158866],[0.255207,0.959021,0.123081],[-0.185943,-0.0762403,0.979598]],[[0.949294,-0.272698,0.156453],[0.313244,0.862865,-0.396663],[-0.0268284,0.425558,0.904533]],[[0.949294,-0.272698,0.156453],[0.193983,0.116433,-0.974071],[0.24741,0.955028,0.163428]],[[0.949294,-0.272698,0.156453],[0.00342133,-0.488648,-0.872474],[0.314372,0.82877,-0.462937]]],"btipPosition":[7.98004,201.946,-18.1153],"carpPosition":[7.86138,258.125,79.5387],"dipPosition":[13.8538,217.43,-26.7648],"direction":[-0.24741,-0.955028,-0.163428],"extended":false,"handId":417,"id":4173,"length":64.4285,"mcpPosition":[19.5088,262.9,18.1767],"pipPosition":[20.7075,243.887,-22.2375],"stabilizedTipPosition":[9.39572,204.931,-19.8344],"timeVisible":2.07003,"tipPosition":[9.58034,205.727,-20.8763],"tipVelocity":[-21.248,170.698,-70.321],"tool":false,"touchDistance":-0.578706,"touchZone":"touching","type":3,"width":18.077},{"bases":[[[0.865643,-0.434558,0.248641],[0.382242,0.894374,0.232351],[-0.323348,-0.106091,0.940314]],[[0.825988,-0.443427,0.348017],[0.551216,0.764543,-0.334118],[-0.117917,0.46781,0.875928]],[[0.825988,-0.443427,0.348017],[0.399528,0.0250086,-0.91638],[0.397644,0.895961,0.197818]],[[0.825988,-0.443427,0.348017],[0.0852015,-0.512088,-0.854697],[0.557211,0.735621,-0.385198]]],"btipPosition":[24.845,209.169,-1.92491],"carpPosition":[19.3081,249.762,80.801],"dipPosition":[34.4495,221.848,-8.56449],"direction":[-0.397644,-0.895962,-0.197818],"extended":false,"handId":417,"id":4174,"length":50.5107,"mcpPosition":[38.0575,255.914,26.2767],"pipPosition":[42.2269,239.372,-4.69541],"stabilizedTipPosition":[27.2753,211.265,-3.16165],"timeVisible":2.07003,"tipPosition":[27.0412,212.226,-3.76134],"tipVelocity":[-31.5738,170.935,-70.9683],"tool":false,"touchDistance":-0.570422,"touchZone":"touching","type":4,"width":16.0574}],"r":[[0.989203,-0.146534,0.00208995],[0.145828,0.985651,0.085004],[-0.014516,-0.0837815,0.996378]],"s":0.8833,"t":[-5.24696,164.905,-45.4503],"timestamp":88897106322},false],[4,{"currentFrameRate":44.9975,"devices":[],"gestures":[],"hands":[{"armBasis":[[0.975689,0.0469667,-0.214068],[0.0230697,0.94933,0.313432],[0.217942,-0.310751,0.925168]],"armWidth":63.72,"confidence":0.74355,"direction":[0.0721734,0.242697,-0.967414],"elbow":[61.5991,164.954,336.448],"grabStrength":0,"id":417,"palmNormal":[-0.0282768,-0.969055,-0.245218],"palmPosition":[-1.06976,258.12,32.8722],"palmVelocity":[-15.056,165.527,-84.8285],"palmWidth":90.99,"pinchStrength":0.550929,"r":[[0.989621,-0.143693,0.00131203],[0.142947,0.985338,0.0931396],[-0.0146763,-0.0919854,0.995652]],"s":0.884295,"sphereCenter":[-1.17272,222.103,-2.01138],"sphereRadius":51.8452,"stabilizedPalmPosition":[-0.930848,256.809,33.5097],"t":[-5.54865,168.275,-47.1916],"timeVisible":2.08896,"type":"right","wrist":[2.75484,248.857,86.6527]}],"id":1423406,"interactionBox":{"center":[0,200,0],"size":[235.247,235.247,147.751]},"pointables":[{"bases":[[[0.440562,0.895978,0.0559382],[-0.817893,0.374918,0.436448],[0.370076,-0.238034,0.897989]],[[0.318484,0.926748,-0.199263],[-0.918467,0.353691,0.176977],[0.234491,0.126653,0.963833]],[[0.318484,0.926748,-0.199263],[-0.944216,0.328735,0.0197533],[0.0838111,0.181857,0.979747]],[[0.318484,0.926748,-0.199263],[-0.941308,0.333994,0.0488629],[0.111836,0.172006,0.978727]]],"btipPosition":[-43.4,222.297,-18.9064],"carpPosition":[-26.2198,238.845,85.5166],"dipPosition":[-40.7826,226.323,3.99934],"direction":[-0.0838111,-0.181857,-0.979747],"extended":false,"handId":417,"id":4170,"length":52.1164,"mcpPosition":[-26.2198,238.845,85.5166],"pipPosition":[-37.925,232.523,37.4044],"stabilizedTipPosition":[-42.7019,221.887,-12.9115],"timeVisible":2.08896,"tipPosition":[-43.4274,223.347,-13.4304],"tipVelocity":[-12.3148,177.122,-97.9294],"tool":false,"touchDistance":-0.621121,"touchZone":"touching","type":0,"width":20.25},{"bases":[[[0.994956,-0.00366475,-0.100249],[0.0136865,0.994947,0.0994649],[0.0993777,-0.100335,0.989978]],[[0.999373,-0.0103616,-0.0338679],[0.0193982,0.960201,0.278634],[0.0296329,-0.279116,0.9598]],[[0.999373,-0.0103616,-0.0338679],[0.0147603,0.991096,0.132329],[0.0321952,-0.132746,0.990627]],[[0.999373,-0.0103616,-0.0338679],[0.0105583,0.999928,0.00563509],[0.0338071,-0.00598915,0.99941]]],"btipPosition":[-26.7936,282.711,-74.6186],"carpPosition":[-16.8535,260.027,80.4684],"dipPosition":[-26.216,282.609,-57.5431],"direction":[-0.0321952,0.132746,-0.990627],"extended":true,"handId":417,"id":4171,"length":58.8075,"mcpPosition":[-24.1647,267.409,7.63611],"pipPosition":[-25.4378,279.4,-33.5992],"stabilizedTipPosition":[-26.5998,281.795,-70.436],"timeVisible":2.08896,"tipPosition":[-26.4124,281.653,-70.8526],"tipVelocity":[-15.755,199.827,-77.1143],"tool":false,"touchDistance":-0.207099,"touchZone":"touching","type":1,"width":19.3428},{"bases":[[[0.982225,-0.186747,0.0189449],[0.183877,0.977559,0.102795],[-0.0377165,-0.0974847,0.994522]],[[0.973129,-0.195788,0.121192],[0.228188,0.890459,-0.393717],[-0.030832,0.410792,0.911208]],[[0.973129,-0.195788,0.121192],[0.155494,0.170568,-0.973],[0.16983,0.965699,0.196428]],[[0.973129,-0.195788,0.121192],[0.0226894,-0.44223,-0.896615],[0.229141,0.875271,-0.425905]]],"btipPosition":[-9.78724,204.827,-32.0551],"carpPosition":[-4.76939,261.735,78.8334],"dipPosition":[-5.48122,221.275,-40.0587],"direction":[-0.16983,-0.965699,-0.196428],"extended":false,"handId":417,"id":4172,"length":67.0064,"mcpPosition":[-2.13799,268.537,9.44763],"pipPosition":[-0.65187,248.736,-34.4729],"stabilizedTipPosition":[-8.7168,207.921,-33.6717],"timeVisible":2.08896,"tipPosition":[-8.69755,208.689,-34.3732],"tipVelocity":[-20.4687,167.241,-57.9267],"tool":false,"touchDistance":-0.57187,"touchZone":"touching","type":2,"width":18.9972},{"bases":[[[0.949294,-0.272215,0.157287],[0.252287,0.958113,0.135537],[-0.187594,-0.0889831,0.978208]],[[0.950123,-0.271814,0.152915],[0.310942,0.8635,-0.397094],[-0.0241058,0.424836,0.90495]],[[0.950123,-0.271814,0.152915],[0.189377,0.11326,-0.975351],[0.247795,0.955662,0.159086]],[[0.950123,-0.271814,0.152915],[-0.000323161,-0.491165,-0.871066],[0.311875,0.827571,-0.466755]]],"btipPosition":[7.57105,205.069,-19.0522],"carpPosition":[7.43461,260.412,78.3417],"dipPosition":[13.3981,220.531,-27.773],"direction":[-0.247795,-0.955662,-0.159086],"extended":false,"handId":417,"id":4173,"length":64.4285,"mcpPosition":[19.1855,265.986,17.0668],"pipPosition":[20.2625,247.005,-23.366],"stabilizedTipPosition":[8.97799,208.116,-20.8895],"timeVisible":2.08896,"tipPosition":[9.25261,208.986,-22.0241],"tipVelocity":[-21.7061,167.793,-60.5344],"tool":false,"touchDistance":-0.563468,"touchZone":"touching","type":3,"width":18.077},{"bases":[[[0.86638,-0.435225,0.244876],[0.379294,0.89246,0.244237],[-0.32484,-0.118722,0.938288]],[[0.827226,-0.44533,0.342604],[0.549128,0.769898,-0.325141],[-0.118975,0.457098,0.881423]],[[0.827226,-0.44533,0.342604],[0.39822,0.0345214,-0.91664],[0.39638,0.894701,0.205896]],[[0.827226,-0.44533,0.342604],[0.0841646,-0.504667,-0.859202],[0.555529,0.73959,-0.379993]]],"btipPosition":[24.6168,212.54,-3.52872],"carpPosition":[18.9023,252.066,79.5217],"dipPosition":[34.1923,225.289,-10.0786],"direction":[-0.39638,-0.894701,-0.205896],"extended":false,"handId":417,"id":4174,"length":50.5107,"mcpPosition":[37.7382,258.95,25.1149],"pipPosition":[41.945,242.788,-6.05149],"stabilizedTipPosition":[26.9098,214.637,-4.66307],"timeVisible":2.08896,"tipPosition":[26.845,215.605,-5.3733],"tipVelocity":[-22.169,174.907,-77.2015],"tool":false,"touchDistance":-0.565461,"touchZone":"touching","type":4,"width":16.0574}],"r":[[0.989621,-0.143693,0.00131203],[0.142947,0.985338,0.0931396],[-0.0146763,-0.0919854,0.995652]],"s":0.884295,"t":[-5.54865,168.275,-47.1916],"timestamp":88897125244},false],[5,{"currentFrameRate":45.7213,"devices":[],"gestures":[],"hands":[{"armBasis":[[0.973492,0.0571028,-0.221477],[0.0168579,0.947785,0.318463],[0.228098,-0.313755,0.921699]],"armWidth":63.72,"confidence":0.76582,"direction":[0.0747593,0.252002,-0.964835],"elbow":[63.7377,166.777,334.102],"grabStrength":0,"id":417,"palmNormal":[-0.0219282,-0.966893,-0.254239],"palmPosition":[-1.50614,261.228,31.5345],"palmVelocity":[-19.0164,165.212,-78.0374],"palmWidth":90.99,"pinchStrength":0.549932,"r":[[0.990104,-0.140329,0.0012577],[0.139476,0.985002,0.101575],[-0.0154927,-0.100394,0.994827]],"s":0.885387,"sphereCenter":[-1.52234,225.682,-3.67767],"sphereRadius":51.7481,"stabilizedPalmPosition":[-1.35029,260.031,32.0695],"t":[-5.91768,171.514,-48.7311],"timeVisible":2.10781,"type":"right","wrist":[2.15117,251.491,85.2428]}],"id":1423407,"interactionBox":{"center":[0,200,0],"size":[235.247,235.247,147.751]},"pointables":[{"bases":[[[0.435375,0.897827,0.0659911],[-0.821717,0.366384,0.436513],[0.367735,-0.244273,0.897274]],[[0.314422,0.930289,-0.188946],[-0.920332,0.347515,0.179507],[0.232655,0.117452,0.965441]],[[0.314422,0.930289,-0.188946],[-0.945834,0.323963,0.0211094],[0.0808494,0.172074,0.981761]],[[0.314422,0.930289,-0.188946],[-0.943877,0.327588,0.0422143],[0.101168,0.165069,0.98108]]],"btipPosition":[-43.5008,225.738,-20.7316],"carpPosition":[-26.7629,241.331,83.8954],"dipPosition":[-41.1331,229.601,2.22923],"direction":[-0.0808494,-0.172074,-0.981761],"extended":false,"handId":417,"id":4170,"length":52.1164,"mcpPosition":[-26.7629,241.331,83.8954],"pipPosition":[-38.3765,235.468,35.7029],"stabilizedTipPosition":[-42.8847,225.294,-14.7368],"timeVisible":2.10781,"tipPosition":[-43.5102,226.71,-15.2585],"tipVelocity":[-10.3944,178.8,-97.0531],"tool":false,"touchDistance":-0.61453,"touchZone":"touching","type":0,"width":20.25},{"bases":[[[0.99536,0.00271805,-0.0961871],[0.00778704,0.994047,0.108671],[0.0959099,-0.108916,0.989413]],[[0.999511,-0.00444645,-0.0309488],[0.013231,0.956993,0.28981],[0.0283292,-0.290078,0.956584]],[[0.999511,-0.00444645,-0.0309488],[0.00879572,0.989849,0.141851],[0.0300039,-0.142053,0.989404]],[[0.999511,-0.00444645,-0.0309488],[0.00486363,0.999898,0.0134175],[0.030886,-0.0135614,0.999431]]],"btipPosition":[-27.0194,286.75,-75.7971],"carpPosition":[-17.4933,262.61,79.0809],"dipPosition":[-26.4917,286.519,-58.7212],"direction":[-0.0300039,0.142053,-0.989404],"extended":true,"handId":417,"id":4171,"length":58.8075,"mcpPosition":[-24.5494,270.623,6.29018],"pipPosition":[-25.7665,283.085,-34.8069],"stabilizedTipPosition":[-26.8536,285.967,-71.656],"timeVisible":2.10781,"tipPosition":[-26.6233,285.686,-72.0422],"tipVelocity":[-14.203,206.119,-69.9638],"tool":false,"touchDistance":-0.232082,"touchZone":"touching","type":1,"width":19.3428},{"bases":[[[0.983157,-0.181523,0.0212636],[0.178056,0.977564,0.112541],[-0.0412153,-0.10686,0.99342]],[[0.973765,-0.191513,0.122903],[0.224699,0.894572,-0.386332],[-0.0359576,0.403812,0.914135]],[[0.973765,-0.191513,0.122903],[0.157595,0.177953,-0.971337],[0.164153,0.965223,0.203466]],[[0.973765,-0.191513,0.122903],[0.0277694,-0.43605,-0.899494],[0.225857,0.879308,-0.419292]]],"btipPosition":[-9.71581,208.419,-33.7656],"carpPosition":[-5.41227,264.399,77.5114],"dipPosition":[-5.47151,224.943,-41.645],"direction":[-0.164153,-0.965223,-0.203466],"extended":false,"handId":417,"id":4172,"length":67.0064,"mcpPosition":[-2.53676,271.855,8.20254],"pipPosition":[-0.803589,252.391,-35.8591],"stabilizedTipPosition":[-8.73602,211.542,-35.2773],"timeVisible":2.10781,"tipPosition":[-8.62627,212.326,-36.0718],"tipVelocity":[-8.96244,179.1,-73.2442],"tool":false,"touchDistance":-0.568246,"touchZone":"touching","type":2,"width":18.9972},{"bases":[[[0.950137,-0.268443,0.158677],[0.246439,0.958192,0.145384],[-0.19107,-0.0990302,0.976568]],[[0.951176,-0.267893,0.153291],[0.30733,0.867916,-0.390218],[-0.0285074,0.418277,0.907872]],[[0.951176,-0.267893,0.153291],[0.190941,0.120517,-0.974175],[0.2425,0.955881,0.165785]],[[0.951176,-0.267893,0.153291],[0.0041944,-0.485387,-0.87429],[0.308621,0.832246,-0.460564]]],"btipPosition":[7.55906,208.633,-20.6652],"carpPosition":[6.80075,263.148,77.0577],"dipPosition":[13.3253,224.183,-29.2704],"direction":[-0.2425,-0.955881,-0.165785],"extended":false,"handId":417,"id":4173,"length":64.4285,"mcpPosition":[18.7694,269.351,15.8855],"pipPosition":[20.0431,250.663,-24.6779],"stabilizedTipPosition":[8.89738,211.676,-22.4158],"timeVisible":2.10781,"tipPosition":[9.23297,212.582,-23.5888],"tipVelocity":[-11.7544,178.732,-72.0946],"tool":false,"touchDistance":-0.559252,"touchZone":"touching","type":3,"width":18.077},{"bases":[[[0.86777,-0.432706,0.24442],[0.373364,0.892236,0.253996],[-0.327986,-0.129153,0.935812]],[[0.828489,-0.443884,0.341428],[0.547399,0.770549,-0.326509],[-0.118155,0.457407,0.881373]],[[0.828489,-0.443884,0.341428],[0.393991,0.0287431,-0.918665],[0.397967,0.895623,0.1987]],[[0.828489,-0.443884,0.341428],[0.0792646,-0.510598,-0.856158],[0.554368,0.73638,-0.387841]]],"btipPosition":[24.1664,215.96,-4.42109],"carpPosition":[18.3094,254.854,78.208],"dipPosition":[33.7219,228.653,-11.1062],"direction":[-0.397967,-0.895623,-0.1987],"extended":false,"handId":417,"id":4174,"length":50.5107,"mcpPosition":[37.3278,262.343,23.9447],"pipPosition":[41.5057,246.17,-7.2199],"stabilizedTipPosition":[26.4552,218.171,-5.74244],"timeVisible":2.10781,"tipPosition":[26.541,219.087,-6.49543],"tipVelocity":[-23.1317,177.74,-63.3876],"tool":false,"touchDistance":-0.5511,"touchZone":"touching","type":4,"width":16.0574}],"r":[[0.990104,-0.140329,0.0012577],[0.139476,0.985002,0.101575],[-0.0154927,-0.100394,0.994827]],"s":0.885387,"t":[-5.91768,171.514,-48.7311],"timestamp":88897144097},false],[6,{"currentFrameRate":46.3923,"devices":[],"gestures":[],"hands":[{"armBasis":[[0.972441,0.0683771,-0.222896],[0.0082373,0.945354,0.32594],[0.233003,-0.318794,0.918738]],"armWidth":63.72,"confidence":0.799689,"direction":[0.0737209,0.255461,-0.964005],"elbow":[64.7157,168.046,331.927],"grabStrength":0,"id":417,"palmNormal":[-0.0135879,-0.966288,-0.257106],"palmPosition":[-1.87424,263.986,30.1846],"palmVelocity":[-19.2932,156.159,-74.9974],"palmWidth":90.99,"pinchStrength":0.555422,"r":[[0.99071,-0.135986,0.00137813],[0.135028,0.984836,0.108928],[-0.01617,-0.10773,0.994049]],"s":0.886507,"sphereCenter":[-1.97773,228.694,-5.11176],"sphereRadius":51.6371,"stabilizedPalmPosition":[-1.74322,262.997,30.656],"t":[-6.28625,174.512,-50.1759],"timeVisible":2.12661,"type":"right","wrist":[1.80484,254.121,83.8681]}],"id":1423408,"interactionBox":{"center":[0,200,0],"size":[235.247,235.247,147.751]},"pointables":[{"bases":[[[0.427804,0.901225,0.0691219],[-0.825223,0.358236,0.436662],[0.368768,-0.243846,0.896966]],[[0.306864,0.93343,-0.185856],[-0.923097,0.339453,0.180729],[0.231788,0.116104,0.965813]],[[0.306864,0.93343,-0.185856],[-0.948479,0.316106,0.0215658],[0.0788805,0.169663,0.98234]],[[0.306864,0.93343,-0.185856],[-0.94694,0.319049,0.0388878],[0.0955963,0.164062,0.981807]]],"btipPosition":[-43.5191,228.304,-22.2241],"carpPosition":[-27.022,243.724,82.4583],"dipPosition":[-41.2818,232.144,0.753763],"direction":[-0.0788805,-0.169663,-0.98234],"extended":false,"handId":417,"id":4170,"length":52.1164,"mcpPosition":[-27.022,243.724,82.4583],"pipPosition":[-38.5923,237.929,34.2472],"stabilizedTipPosition":[-42.9711,228.101,-16.3247],"timeVisible":2.12661,"tipPosition":[-43.5359,229.261,-16.7544],"tipVelocity":[-6.57199,158.003,-88.3276],"tool":false,"touchDistance":-0.603739,"touchZone":"touching","type":0,"width":20.25},{"bases":[[[0.995408,0.0112947,-0.0950558],[-0.000618494,0.993753,0.111603],[0.0957225,-0.111031,0.989196]],[[0.999518,0.00407808,-0.0307736],[0.00518222,0.955502,0.29494],[0.030607,-0.294957,0.95502]],[[0.999518,0.00407808,-0.0307736],[0.000426161,0.989437,0.144961],[0.0310397,-0.144904,0.988959]],[[0.999518,0.00407808,-0.0307736],[-0.00363127,0.999887,0.0145613],[0.0308295,-0.0144425,0.99942]]],"btipPosition":[-27.559,289.683,-77.0671],"carpPosition":[-17.9249,265.094,77.7168],"dipPosition":[-27.0323,289.437,-59.9914],"direction":[-0.0310397,0.144904,-0.988959],"extended":true,"handId":417,"id":4171,"length":58.8075,"mcpPosition":[-24.9671,273.262,4.94204],"pipPosition":[-26.2821,285.934,-36.0879],"stabilizedTipPosition":[-27.3596,289.136,-72.9409],"timeVisible":2.12661,"tipPosition":[-27.1397,288.637,-73.3178],"tipVelocity":[-21.2957,181.558,-68.793],"tool":false,"touchDistance":-0.255337,"touchZone":"touching","type":1,"width":19.3428},{"bases":[[[0.984612,-0.173387,0.0218387],[0.169778,0.978677,0.115616],[-0.0414194,-0.110129,0.993054]],[[0.975381,-0.183632,0.122114],[0.217286,0.894848,-0.389915],[-0.0376729,0.40685,0.912718]],[[0.975381,-0.183632,0.122114],[0.154556,0.17423,-0.9725],[0.157306,0.967431,0.198322]],[[0.975381,-0.183632,0.122114],[0.0296125,-0.439661,-0.897676],[0.218531,0.879192,-0.423399]]],"btipPosition":[-9.73164,211.029,-34.7936],"carpPosition":[-5.85739,266.988,76.1662],"dipPosition":[-5.62501,227.551,-42.7501],"direction":[-0.157306,-0.967431,-0.198322],"extended":false,"handId":417,"id":4172,"length":67.0064,"mcpPosition":[-2.96764,274.672,6.88284],"pipPosition":[-1.15179,255.061,-37.1105],"stabilizedTipPosition":[-8.77964,214.348,-36.4267],"timeVisible":2.12661,"tipPosition":[-8.62361,215.037,-37.2278],"tipVelocity":[-5.81838,159.424,-64.6401],"tool":false,"touchDistance":-0.55544,"touchZone":"touching","type":2,"width":18.9972},{"bases":[[[0.952166,-0.260984,0.158959],[0.238283,0.959779,0.148478],[-0.191316,-0.103499,0.976057]],[[0.95348,-0.260254,0.152131],[0.299959,0.869312,-0.392839],[-0.0300115,0.420197,0.906937]],[[0.95348,-0.260254,0.152131],[0.18778,0.117966,-0.975101],[0.235828,0.958307,0.161349]],[[0.95348,-0.260254,0.152131],[0.00585143,-0.48858,-0.872499],[0.3014,0.832801,-0.464329]]],"btipPosition":[7.52678,211.442,-21.7333],"carpPosition":[6.36612,265.84,75.7226],"dipPosition":[13.1581,227.002,-30.4088],"direction":[-0.235828,-0.958307,-0.161349],"extended":false,"handId":417,"id":4173,"length":64.4285,"mcpPosition":[18.3501,272.323,14.5824],"pipPosition":[19.691,253.549,-25.9391],"stabilizedTipPosition":[8.83128,214.609,-23.5669],"timeVisible":2.12661,"tipPosition":[9.19792,215.437,-24.7225],"tipVelocity":[-7.65779,164.473,-65.0534],"tool":false,"touchDistance":-0.547923,"touchZone":"touching","type":3,"width":18.077},{"bases":[[[0.871076,-0.42618,0.244125],[0.365634,0.894563,0.25704],[-0.327931,-0.134641,0.935058]],[[0.832062,-0.437912,0.340449],[0.541234,0.775306,-0.325525],[-0.121401,0.45512,0.882115]],[[0.832062,-0.437912,0.340449],[0.392706,0.0316092,-0.919121],[0.391732,0.898462,0.198271]],[[0.832062,-0.437912,0.340449],[0.0815974,-0.510462,-0.85602],[0.548648,0.740042,-0.389004]]],"btipPosition":[24.1313,219.025,-5.72168],"carpPosition":[17.9423,257.639,76.8615],"dipPosition":[33.5882,231.781,-12.4269],"direction":[-0.391732,-0.898462,-0.198271],"extended":false,"handId":417,"id":4174,"length":50.5107,"mcpPosition":[36.9574,265.446,22.642],"pipPosition":[41.25,249.354,-8.54892],"stabilizedTipPosition":[26.3287,221.392,-7.03617],"timeVisible":2.12661,"tipPosition":[26.5021,222.164,-7.81356],"tipVeloc