{"sensorType":"Leap","data":[[0,{"currentFrameRate":52.9593,"devices":[],"gestures":[],"hands":[{"armBasis":[[0.892971,-0.449767,-0.0176737],[0.444658,0.887562,-0.120465],[0.0698679,0.0997133,0.99256]],"armWidth":63.3998,"confidence":0.859715,"direction":[0.0584803,0.158318,-0.985655],"elbow":[30.4431,137.839,366.229],"grabStrength":0,"id":419,"palmNormal":[-0.446529,-0.878919,-0.167667],"palmPosition":[6.12446,119.193,46.0516],"palmVelocity":[-43.0273,145.216,-56.2886],"palmWidth":90.5328,"pinchStrength":1,"r":[[0.991147,0.131229,0.0201558],[-0.132086,0.989992,0.049686],[-0.0134338,-0.0519084,0.998561]],"s":0.886038,"sphereCenter":[-3.03298,78.2544,20.0671],"sphereRadius":45.9336,"stabilizedPalmPosition":[12.2358,110.359,54.232],"t":[-11.4447,11.2829,-16.2286],"timeVisible":0.622529,"type":"right","wrist":[11.6735,111.052,99.5839]}],"id":1424337,"interactionBox":{"center":[0,200,0],"size":[235.247,235.247,147.751]},"pointables":[{"bases":[[[0.770082,0.635972,-0.050131],[-0.541694,0.693379,0.475177],[0.336959,-0.33877,0.878461]],[[0.58248,0.717207,-0.382532],[-0.746343,0.65833,0.0978462],[0.322008,0.228507,0.918747]],[[0.58248,0.717207,-0.382532],[-0.812821,0.510291,-0.280938],[-0.00628795,0.474571,0.880195]],[[0.58248,0.717207,-0.382532],[-0.735337,0.264384,-0.624003],[-0.346404,0.64476,0.681388]]],"btipPosition":[-26.363,71.3678,10.3274],"carpPosition":[-18.6496,113.83,101.685],"dipPosition":[-34.4294,86.3816,26.1942],"direction":[0.00628795,-0.474571,-0.880195],"extended":false,"handId":419,"id":4190,"length":51.8545,"mcpPosition":[-18.6496,113.83,101.685],"pipPosition":[-34.6427,102.481,56.0542],"stabilizedTipPosition":[-24.6075,69.3348,21.9737],"timeVisible":0.622529,"tipPosition":[-28.4053,75.6719,13.6752],"tipVelocity":[-43.9025,137.487,-47.8452],"tool":false,"touchDistance":0.312761,"touchZone":"hovering","type":0,"width":20.1482},{"bases":[[[0.89,-0.41696,-0.184514],[0.427903,0.903553,0.0221561],[0.15748,-0.0986729,0.98258]],[[0.903271,-0.42837,0.0245076],[0.428999,0.900601,-0.0698355],[0.00784387,0.0735941,0.997257]],[[0.903271,-0.42837,0.0245076],[0.420958,0.873691,-0.243843],[0.083043,0.230573,0.969505]],[[0.903271,-0.42837,0.0245076],[0.405665,0.833997,-0.374012],[0.139777,0.347776,0.9271]]],"btipPosition":[-18.4107,121.625,-59.3316],"carpPosition":[-2.17467,129.005,94.2985],"dipPosition":[-16.0346,127.537,-43.5711],"direction":[-0.083043,-0.230573,-0.969505],"extended":true,"handId":419,"id":4191,"length":58.512,"mcpPosition":[-13.7022,136.228,22.3737],"pipPosition":[-14.0375,133.082,-20.2556],"stabilizedTipPosition":[-11.4158,117.93,-51.1701],"timeVisible":0.622529,"tipPosition":[-17.8897,124.219,-55.8452],"tipVelocity":[-66.1207,145.758,-50.2517],"tool":false,"touchDistance":0.269069,"touchZone":"hovering","type":1,"width":19.2456},{"bases":[[[0.817018,-0.574341,-0.0511225],[0.575561,0.817668,0.0122099],[0.0347886,-0.0393999,0.998618]],[[0.815436,-0.572738,-0.0838782],[0.268108,0.502128,-0.822183],[0.513013,0.647949,0.563009]],[[0.815436,-0.572738,-0.0838782],[-0.431403,-0.504698,-0.747778],[0.385948,0.64595,-0.658629]],[[0.815436,-0.572738,-0.0838782],[-0.578821,-0.805404,-0.127633],[0.00554449,0.152627,-0.988268]]],"btipPosition":[-28.7974,76.0701,32.3147],"carpPosition":[9.24424,125.54,91.5239],"dipPosition":[-28.6937,78.9239,13.8365],"direction":[-0.385948,-0.64595,0.658629],"extended":false,"handId":419,"id":4192,"length":66.6698,"mcpPosition":[6.82931,128.275,22.2024],"pipPosition":[-17.7739,97.2001,-4.79847],"stabilizedTipPosition":[-25.4369,68.72,41.5691],"timeVisible":0.622529,"tipPosition":[-28.9608,76.3346,28.6444],"tipVelocity":[-38.4847,140.211,-45.7072],"tool":false,"touchDistance":0.333333,"touchZone":"none","type":2,"width":18.9017},{"bases":[[[0.767504,-0.633873,0.0956155],[0.633278,0.772871,0.0403537],[-0.0994776,0.0295796,0.9946]],[[0.771376,-0.634562,0.0480539],[0.382174,0.401545,-0.832289],[0.508843,0.660373,0.552255]],[[0.771376,-0.634562,0.0480539],[-0.404682,-0.547404,-0.732517],[0.491133,0.5456,-0.679051]],[[0.771376,-0.634562,0.0480539],[-0.627155,-0.770835,-0.111754],[0.107957,0.0560672,-0.992573]]],"btipPosition":[-12.2955,72.0372,40.7272],"carpPosition":[19.6691,119.318,90.0979],"dipPosition":[-10.2886,73.0795,22.2752],"direction":[-0.491133,-0.5456,0.679051],"extended":false,"handId":419,"id":4193,"length":64.1047,"mcpPosition":[25.8691,117.475,28.1092],"pipPosition":[3.24843,88.1178,3.55863],"stabilizedTipPosition":[-8.71552,64.7385,46.8192],"timeVisible":0.622529,"tipPosition":[-11.9499,72.1189,36.1998],"tipVelocity":[-34.0893,146.585,-29.7295],"tool":false,"touchDistance":0.333333,"touchZone":"none","type":3,"width":17.9862},{"bases":[[[0.635575,-0.745118,0.202096],[0.733651,0.664429,0.142445],[-0.240417,0.0577334,0.968951]],[[0.661948,-0.746165,0.0711523],[0.510636,0.37943,-0.771546],[0.548704,0.547056,0.632182]],[[0.661948,-0.746165,0.0711523],[-0.410193,-0.440067,-0.798801],[0.627349,0.499578,-0.597373]],[[0.661948,-0.746165,0.0711523],[-0.719532,-0.659164,-0.218579],[0.209997,0.0934914,-0.973222]]],"btipPosition":[5.52568,73.191,41.0897],"carpPosition":[26.7694,107.094,90.9172],"dipPosition":[9.12717,74.7944,24.3988],"direction":[-0.627349,-0.499578,0.597373],"extended":false,"handId":419,"id":4194,"length":50.2569,"mcpPosition":[40.6399,103.763,35.0147],"pipPosition":[21.3357,84.5165,12.7736],"stabilizedTipPosition":[9.62699,65.392,49.2587],"timeVisible":0.622529,"tipPosition":[6.22783,73.6103,37.3632],"tipVelocity":[-34.9088,147.723,-45.3963],"tool":false,"touchDistance":0.333333,"touchZone":"none","type":4,"width":15.9768}],"r":[[0.991147,0.131229,0.0201558],[-0.132086,0.989992,0.049686],[-0.0134338,-0.0519084,0.998561]],"s":0.886038,"t":[-11.4447,11.2829,-16.2286],"timestamp":88914916403},false],[1,{"currentFrameRate":52.95,"devices":[],"gestures":[],"hands":[{"armBasis":[[0.897724,-0.439614,-0.0288292],[0.433506,0.893122,-0.120028],[0.0785138,0.0952541,0.992352]],"armWidth":63.3998,"confidence":0.864034,"direction":[0.0541855,0.167197,-0.984433],"elbow":[32.1671,139.272,364.864],"grabStrength":0,"id":419,"palmNormal":[-0.436632,-0.882664,-0.173946],"palmPosition":[5.29859,122.203,44.8266],"palmVelocity":[-43.3344,152.048,-60.4418],"palmWidth":90.5328,"pinchStrength":1,"r":[[0.990571,0.135935,0.017079],[-0.136654,0.989236,0.0523191],[-0.00978322,-0.0541597,0.998484]],"s":0.888739,"sphereCenter":[-3.28027,81.4144,18.5464],"sphereRadius":45.9617,"stabilizedPalmPosition":[10.5975,113.156,52.0108],"t":[-12.2638,14.1654,-17.3759],"timeVisible":0.641448,"type":"right","wrist":[11.0749,113.683,98.2756]}],"id":1424338,"interactionBox":{"center":[0,200,0],"size":[235.247,235.247,147.751]},"pointables":[{"bases":[[[0.762464,0.645347,-0.0466438],[-0.548589,0.683002,0.482242],[0.343071,-0.342104,0.874795]],[[0.572953,0.727161,-0.378103],[-0.753908,0.648556,0.104868],[0.321477,0.22497,0.919805]],[[0.572953,0.727161,-0.378103],[-0.819548,0.503738,-0.273109],[-0.00812952,0.466352,0.884562]],[[0.572953,0.727161,-0.378103],[-0.739587,0.259921,-0.620848],[-0.35318,0.635356,0.686721]]],"btipPosition":[-26.7401,74.2988,8.78941],"carpPosition":[-19.2733,116.088,100.472],"dipPosition":[-34.9642,89.0937,24.7804],"direction":[0.00812952,-0.466352,-0.884562],"extended":false,"handId":419,"id":4190,"length":51.8545,"mcpPosition":[-19.2733,116.088,100.472],"pipPosition":[-35.24,104.914,54.7885],"stabilizedTipPosition":[-25.4879,71.1653,19.8939],"timeVisible":0.641448,"tipPosition":[-28.8128,78.5317,12.1801],"tipVelocity":[-33.0797,144.738,-63.5183],"tool":false,"touchDistance":0.289167,"touchZone":"hovering","type":0,"width":20.1482},{"bases":[[[0.894357,-0.404952,-0.190107],[0.417358,0.908289,0.0286902],[0.161054,-0.105002,0.981344]],[[0.908234,-0.417973,0.0202363],[0.418403,0.906227,-0.0607655],[0.00705967,0.0636562,0.997947]],[[0.908234,-0.417973,0.0202363],[0.410658,0.880957,-0.235105],[0.0804401,0.22184,0.971759]],[[0.908234,-0.417973,0.0202363],[0.395793,0.842328,-0.365829],[0.135861,0.340268,0.930462]]],"btipPosition":[-19.3303,125.361,-60.5071],"carpPosition":[-2.99534,131.515,93.1734],"dipPosition":[-17.0207,131.145,-44.6895],"direction":[-0.0804401,-0.22184,-0.971759],"extended":true,"handId":419,"id":4191,"length":58.512,"mcpPosition":[-14.7845,139.201,21.3391],"pipPosition":[-15.0862,136.48,-21.3197],"stabilizedTipPosition":[-13.7007,120.641,-52.9338],"timeVisible":0.641448,"tipPosition":[-18.906,127.791,-56.9753],"tipVelocity":[-57.9236,170.384,-55.7412],"tool":false,"touchDistance":0.255644,"touchZone":"hovering","type":1,"width":19.2456},{"bases":[[[0.823551,-0.564283,-0.0578627],[0.565986,0.824225,0.0176756],[0.0377179,-0.0473062,0.998168]],[[0.821897,-0.562454,-0.0901716],[0.260203,0.511516,-0.818929],[0.506734,0.649613,0.566766]],[[0.821897,-0.562454,-0.0901716],[-0.427511,-0.504441,-0.750182],[0.376456,0.655122,-0.655054]],[[0.821897,-0.562454,-0.0901716],[-0.569635,-0.811289,-0.131628],[0.000879684,0.15955,-0.987189]]],"btipPosition":[-29.1316,78.8181,30.8633],"carpPosition":[8.45642,128.207,90.3428],"dipPosition":[-29.1152,81.8013,12.4052],"direction":[-0.376456,-0.655122,0.655054],"extended":false,"handId":419,"id":4192,"length":66.6698,"mcpPosition":[5.83814,131.491,21.0525],"pipPosition":[-18.4639,100.337,-6.12855],"stabilizedTipPosition":[-26.2077,70.9721,38.4469],"timeVisible":0.641448,"tipPosition":[-29.3095,79.111,27.1553],"tipVelocity":[-28.79,143.457,-60.8047],"tool":false,"touchDistance":0.333333,"touchZone":"none","type":2,"width":18.9017},{"bases":[[[0.7751,-0.625611,0.0884899],[0.624293,0.779875,0.0453068],[-0.0973555,0.0201263,0.995046]],[[0.778829,-0.625864,0.0414628],[0.367857,0.402222,-0.83839],[0.508041,0.668215,0.543491]],[[0.778829,-0.625864,0.0414628],[-0.40817,-0.555903,-0.724133],[0.476258,0.547052,-0.688412]],[[0.778829,-0.625864,0.0414628],[-0.619666,-0.777986,-0.103693],[0.0971549,0.0550657,-0.993745]]],"btipPosition":[-12.5006,75.0589,40.111],"carpPosition":[18.9498,122.121,88.84],"dipPosition":[-10.6945,76.0826,21.6372],"direction":[-0.476258,-0.547052,0.688412],"extended":false,"handId":419,"id":4193,"length":64.1047,"mcpPosition":[25.0175,120.866,26.8235],"pipPosition":[2.43251,91.1609,2.66261],"stabilizedTipPosition":[-9.597,67.4998,43.9529],"timeVisible":0.641448,"tipPosition":[-12.1904,75.1273,35.2785],"tipVelocity":[-23.8797,152.918,-31.2536],"tool":false,"touchDistance":0.333333,"touchZone":"none","type":3,"width":17.9862},{"bases":[[[0.644745,-0.739277,0.19435],[0.726179,0.67177,0.146249],[-0.238678,0.0468395,0.969969]],[[0.670822,-0.738919,0.0632231],[0.498202,0.385853,-0.776474],[0.549356,0.552374,0.62697]],[[0.670822,-0.738919,0.0632231],[-0.415301,-0.444918,-0.793457],[0.614429,0.506011,-0.605334]],[[0.670822,-0.738919,0.0632231],[-0.714517,-0.666791,-0.211792],[0.198653,0.0969005,-0.975268]]],"btipPosition":[5.27354,76.3289,40.0275],"carpPosition":[26.1945,109.974,89.5403],"dipPosition":[8.68048,77.9908,23.3014],"direction":[-0.614429,-0.506011,0.605334],"extended":false,"handId":419,"id":4194,"length":50.2569,"mcpPosition":[39.9648,107.271,33.5791],"pipPosition":[20.6376,87.8381,11.5213],"stabilizedTipPosition":[8.75372,68.1609,46.0594],"timeVisible":0.641448,"tipPosition":[5.94527,76.7388,36.0833],"tipVelocity":[-25.4787,156.973,-50.8808],"tool":false,"touchDistance":0.333333,"touchZone":"none","type":4,"width":15.9768}],"r":[[0.990571,0.135935,0.017079],[-0.136654,0.989236,0.0523191],[-0.00978322,-0.0541597,0.998484]],"s":0.888739,"t":[-12.2638,14.1654,-17.3759],"timestamp":88914935322},false],[2,{"currentFrameRate":52.954,"devices":[],"gestures":[],"hands":[{"armBasis":[[0.906479,-0.420144,-0.0421346],[0.413364,0.903335,-0.114521],[0.086177,0.086394,0.992527]],"armWidth":63.3998,"confidence":0.809417,"direction":[0.0474362,0.177764,-0.982929],"elbow":[33.7371,140.076,362.719],"grabStrength":0,"id":419,"palmNormal":[-0.417781,-0.8903,-0.181174],"palmPosition":[4.45773,125.77,42.7362],"palmVelocity":[-43.9349,170.162,-85.0982],"palmWidth":90.5328,"pinchStrength":1,"r":[[0.989474,0.144001,0.0143109],[-0.144585,0.987882,0.0564244],[-0.00601229,-0.0578996,0.998304]],"s":0.892625,"sphereCenter":[-3.08173,85.128,16.1033],"sphereRadius":46.0078,"stabilizedPalmPosition":[8.93069,116.581,49.493],"t":[-13.0938,17.3902,-18.9947],"timeVisible":0.660318,"type":"right","wrist":[10.5862,116.866,96.0835]}],"id":1424339,"interactionBox":{"center":[0,200,0],"size":[235.247,235.247,147.751]},"pointables":[{"bases":[[[0.74803,0.662294,-0.042645],[-0.561871,0.666185,0.490407],[0.353203,-0.342878,0.87045]],[[0.55562,0.743125,-0.372897],[-0.767686,0.630759,0.113143],[0.319288,0.223403,0.920949]],[[0.55562,0.743125,-0.372897],[-0.831316,0.488901,-0.264367],[-0.0141479,0.456883,0.889414]],[[0.55562,0.743125,-0.372897],[-0.746716,0.24876,-0.616874],[-0.365653,0.621196,0.693119]]],"btipPosition":[-26.6637,77.5257,6.33862],"carpPosition":[-19.8003,118.586,98.3919],"dipPosition":[-35.1783,91.9908,22.4786],"direction":[0.0141479,-0.456883,-0.889414],"extended":false,"handId":419,"id":4190,"length":51.8545,"mcpPosition":[-19.8003,118.586,98.3919],"pipPosition":[-35.6583,107.49,52.6513],"stabilizedTipPosition":[-26.2106,73.3992,17.6241],"timeVisible":0.660318,"tipPosition":[-28.806,81.6595,9.77889],"tipVelocity":[-16.6278,155.636,-95.1347],"tool":false,"touchDistance":0.250943,"touchZone":"hovering","type":0,"width":20.1482},{"bases":[[[0.902393,-0.383445,-0.196615],[0.397498,0.916888,0.036229],[0.166382,-0.110847,0.979811]],[[0.917155,-0.398227,0.0155242],[0.398498,0.915896,-0.0483012],[0.00501628,0.050486,0.998712]],[[0.917155,-0.398227,0.0155242],[0.391381,0.892676,-0.223495],[0.0751437,0.211056,0.974581]],[[0.917155,-0.398227,0.0155242],[0.377338,0.855192,-0.355334],[0.128228,0.331755,0.93461]]],"btipPosition":[-20.2668,129.676,-62.5448],"carpPosition":[-3.88629,134.435,91.1946],"dipPosition":[-18.087,135.315,-46.6566],"direction":[-0.0751437,-0.211056,-0.974581],"extended":true,"handId":419,"id":4191,"length":58.512,"mcpPosition":[-16.0654,142.549,19.4725],"pipPosition":[-16.2799,140.391,-23.219],"stabilizedTipPosition":[-15.9562,124.484,-55.1491],"timeVisible":0.660318,"tipPosition":[-19.9893,131.871,-58.9549],"tipVelocity":[-54.6347,198.062,-80.9116],"tool":false,"touchDistance":0.23185,"touchZone":"hovering","type":1,"width":19.2456},{"bases":[[[0.835501,-0.545546,-0.0657072],[0.547892,0.836206,0.0239701],[0.0418679,-0.0560275,0.997551]],[[0.833732,-0.543473,-0.0976122],[0.246427,0.524423,-0.815018],[0.49413,0.655452,0.571154]],[[0.833732,-0.543473,-0.0976122],[-0.418881,-0.507337,-0.753092],[0.359763,0.668765,-0.650634]],[[0.833732,-0.543473,-0.0976122],[-0.552136,-0.822491,-0.136581],[-0.00605718,0.167767,-0.985808]]],"btipPosition":[-29.0436,81.8022,28.5008],"carpPosition":[7.62611,131.406,88.2988],"dipPosition":[-29.1568,84.939,10.0685],"direction":[-0.359763,-0.668765,0.650634],"extended":false,"handId":419,"id":4192,"length":66.6698,"mcpPosition":[4.71975,135.295,19.0514],"pipPosition":[-18.9779,103.861,-8.34017],"stabilizedTipPosition":[-26.8346,73.5026,35.3394],"timeVisible":0.660318,"tipPosition":[-29.2411,82.1272,24.7607],"tipVelocity":[-13.175,151.566,-92.194],"tool":false,"touchDistance":0.333333,"touchZone":"none","type":2,"width":18.9017},{"bases":[[[0.78886,-0.609319,0.0801881],[0.60724,0.79288,0.051002],[-0.094656,0.00846003,0.995474]],[[0.792436,-0.609044,0.0333284],[0.348543,0.4073,-0.844171],[0.500563,0.680568,0.535037]],[[0.792436,-0.609044,0.0333284],[-0.406086,-0.567557,-0.716221],[0.455126,0.554025,-0.697077]],[[0.792436,-0.609044,0.0333284],[-0.60396,-0.791118,-0.096772],[0.085305,0.0565566,-0.994748]]],"btipPosition":[-12.2382,78.4611,38.5844],"carpPosition":[18.2453,125.565,86.7068],"dipPosition":[-10.6524,79.5125,20.0919],"direction":[-0.455126,-0.554025,0.697077],"extended":false,"handId":419,"id":4193,"length":64.1047,"mcpPosition":[24.1447,125.038,24.6636],"pipPosition":[1.89216,94.783,0.878493],"stabilizedTipPosition":[-10.2895,70.908,41.0258],"timeVisible":0.660318,"tipPosition":[-11.9693,78.5341,33.4936],"tipVelocity":[-6.68545,166.495,-55.6858],"tool":false,"touchDistance":0.333333,"touchZone":"none","type":3,"width":17.9862},{"bases":[[[0.661352,-0.72682,0.185328],[0.71178,0.686068,0.150599],[-0.236606,0.0323134,0.971068]],[[0.687097,-0.724593,0.0535067],[0.476528,0.393826,-0.786017],[0.54847,0.565567,0.615886]],[[0.687097,-0.724593,0.0535067],[-0.420998,-0.457068,-0.783486],[0.592164,0.515804,-0.619102]],[[0.687097,-0.724593,0.0535067],[-0.703464,-0.681867,-0.20049],[0.181758,0.100116,-0.978234]]],"btipPosition":[5.46956,80.0566,38.4012],"carpPosition":[25.7559,113.573,87.2687],"dipPosition":[8.58674,81.7736,21.6243],"direction":[-0.592164,-0.515804,0.619102],"extended":false,"handId":419,"id":4194,"length":50.2569,"mcpPosition":[39.4066,111.709,31.244],"pipPosition":[20.1106,91.8114,9.57623],"stabilizedTipPosition":[8.00443,71.7482,42.698],"timeVisible":0.660318,"tipPosition":[6.10342,80.4661,34.1398],"tipVelocity":[-9.63954,177.175,-68.4778],"tool":false,"touchDistance":0.333333,"touchZone":"none","type":4,"width":15.9768}],"r":[[0.989474,0.144001,0.0143109],[-0.144585,0.987882,0.0564244],[-0.00601229,-0.0578996,0.998304]],"s":0.892625,"t":[-13.0938,17.3902,-18.9947],"timestamp":88914954192},false],[3,{"currentFrameRate":52.9387,"devices":[],"gestures":[],"hands":[{"armBasis":[[0.918118,-0.393468,-0.0473465],[0.387506,0.916337,-0.100821],[0.0830551,0.0742182,0.993777]],"armWidth":63.3998,"confidence":0.817134,"direction":[0.0392578,0.184566,-0.982036],"elbow":[32.4271,141.292,360.821],"grabStrength":0,"id":419,"palmNormal":[-0.392467,-0.900965,-0.185018],"palmPosition":[3.56766,130.375,40.5719],"palmVelocity":[-45.4318,205.981,-99.4124],"palmWidth":90.5328,"pinchStrength":1,"r":[[0.987664,0.156147,0.0117096],[-0.156572,0.985785,0.0609342],[-0.00202847,-0.062016,0.998073]],"s":0.898119,"sphereCenter":[-2.56817,89.7784,13.7356],"sphereRadius":46.1017,"stabilizedPalmPosition":[7.15487,121.149,46.539],"t":[-13.9539,21.3052,-20.8862],"timeVisible":0.679263,"type":"right","wrist":[10.1149,121.353,93.8496]}],"id":1424340,"interactionBox":{"center":[0,200,0],"size":[235.247,235.247,147.751]},"pointables":[{"bases":[[[0.728468,0.683849,-0.0410568],[-0.579352,0.646921,0.495827],[0.365631,-0.337408,0.86745]],[[0.532627,0.760952,-0.370487],[-0.785157,0.607684,0.119365],[0.31597,0.227314,0.921136]],[[0.532627,0.760952,-0.370487],[-0.846123,0.46861,-0.253931],[-0.0196158,0.448728,0.893453]],[[0.532627,0.760952,-0.370487],[-0.754756,0.228988,-0.614742],[-0.382952,0.607055,0.696298]]],"btipPosition":[-26.4117,81.5331,3.98276],"carpPosition":[-20.3014,122.182,96.2564],"dipPosition":[-35.3291,95.669,20.1968],"direction":[0.0196158,-0.448728,-0.893453],"extended":false,"handId":419,"id":4190,"length":51.8545,"mcpPosition":[-20.3014,122.182,96.2564],"pipPosition":[-35.9946,110.892,50.5065],"stabilizedTipPosition":[-26.7894,76.3249,15.0769],"timeVisible":0.679263,"tipPosition":[-28.5972,85.5102,7.47053],"tipVelocity":[-4.32722,181.129,-109.045],"tool":false,"touchDistance":0.217387,"touchZone":"hovering","type":0,"width":20.1482},{"bases":[[[0.912474,-0.356116,-0.201425],[0.370978,0.927767,0.040287],[0.172529,-0.111485,0.978675]],[[0.928251,-0.371731,0.0128776],[0.37195,0.927534,-0.0365123],[0.00162834,0.0386824,0.99925]],[[0.928251,-0.371731,0.0128776],[0.36576,0.905956,-0.213223],[0.0675949,0.202634,0.976919]],[[0.928251,-0.371731,0.0128776],[0.352837,0.869059,-0.346759],[0.11771,0.326423,0.937866]]],"btipPosition":[-21.199,134.609,-64.6877],"carpPosition":[-4.87368,138.524,89.103],"dipPosition":[-19.198,140.158,-48.7443],"direction":[-0.0675949,-0.202634,-0.976919],"extended":true,"handId":419,"id":4191,"length":58.512,"mcpPosition":[-17.5028,146.685,17.4641],"pipPosition":[-17.5724,145.031,-25.2504],"stabilizedTipPosition":[-18.0984,129.591,-57.7791],"timeVisible":0.679263,"tipPosition":[-21.0938,136.516,-61.0415],"tipVelocity":[-53.0341,228.144,-96.4004],"tool":false,"touchDistance":0.21189,"touchZone":"hovering","type":1,"width":19.2456},{"bases":[[[0.850692,-0.520813,-0.0712479],[0.5236,0.851532,0.0271305],[0.04654,-0.0603851,0.99709]],[[0.848791,-0.518639,-0.102795],[0.228715,0.535447,-0.81301],[0.4767,0.666565,0.573103]],[[0.848791,-0.518639,-0.102795],[-0.406491,-0.515781,-0.754145],[0.33811,0.681897,-0.648612]],[[0.848791,-0.518639,-0.102795],[-0.528537,-0.837524,-0.138571],[-0.0142246,0.171948,-0.985003]]],"btipPosition":[-28.6803,85.5609,26.2247],"carpPosition":[6.71238,135.845,86.1564],"dipPosition":[-28.9463,88.7759,7.80756],"direction":[-0.33811,-0.681897,0.648612],"extended":false,"handId":419,"id":4192,"length":66.6698,"mcpPosition":[3.4817,140.036,16.941],"pipPosition":[-19.38,108.069,-10.544],"stabilizedTipPosition":[-27.2964,76.6014,32.1067],"timeVisible":0.679263,"tipPosition":[-28.9001,85.9021,22.4554],"tipVelocity":[1.80376,175.037,-105.831],"tool":false,"touchDistance":0.333333,"touchZone":"none","type":2,"width":18.9017},{"bases":[[[0.806361,-0.586723,0.0744175],[0.584257,0.809788,0.0537421],[-0.0917941,0.000143396,0.995778]],[[0.809732,-0.586107,0.0284918],[0.323699,0.405651,-0.85479],[0.489441,0.701374,0.518191]],[[0.809732,-0.586107,0.0284918],[-0.401667,-0.589009,-0.701236],[0.427782,0.556369,-0.712359]],[[0.809732,-0.586107,0.0284918],[-0.582437,-0.808674,-0.0825383],[0.0714168,0.0502392,-0.996181]]],"btipPosition":[-11.6648,82.8643,37.5556],"carpPosition":[17.4907,130.322,84.5002],"dipPosition":[-10.3372,83.7983,19.0365],"direction":[-0.427782,-0.556369,0.712359],"extended":false,"handId":419,"id":4193,"length":64.1047,"mcpPosition":[23.2118,130.313,22.4381],"pipPosition":[1.45367,99.1334,-0.598098],"stabilizedTipPosition":[-10.6925,75.4918,38.1147],"timeVisible":0.679263,"tipPosition":[-11.4442,82.9051,32.1363],"tipVelocity":[9.92545,198.179,-55.1644],"tool":false,"touchDistance":0.333333,"touchZone":"none","type":3,"width":17.9862},{"bases":[[[0.682622,-0.708444,0.179258],[0.692142,0.705483,0.152425],[-0.234448,0.0200237,0.971922]],[[0.707878,-0.70474,0.0474296],[0.451068,0.399361,-0.798153],[0.543549,0.58639,0.600584]],[[0.707878,-0.70474,0.0474296],[-0.423224,-0.476953,-0.770323],[0.565499,0.525222,-0.635888]],[[0.707878,-0.70474,0.0474296],[-0.686943,-0.702517,-0.185955],[0.16437,0.099052,-0.981413]]],"btipPosition":[5.92545,84.844,36.9747],"carpPosition":[25.346,118.549,84.972],"dipPosition":[8.74442,86.5427,20.1433],"direction":[-0.565499,-0.525222,0.635888],"extended":false,"handId":419,"id":4194,"length":50.2569,"mcpPosition":[38.8722,117.394,28.898],"pipPosition":[19.7493,96.7638,7.76855],"stabilizedTipPosition":[7.47288,76.7591,39.1331],"timeVisible":0.679263,"tipPosition":[6.51904,85.2418,32.4129],"tipVelocity":[5.13751,214.165,-72.1525],"tool":false,"touchDistance":0.333333,"touchZone":"none","type":4,"width":15.9768}],"r":[[0.987664,0.156147,0.0117096],[-0.156572,0.985785,0.0609342],[-0.00202847,-0.062016,0.998073]],"s":0.898119,"t":[-13.9539,21.3052,-20.8862],"timestamp":88914973137},false],[4,{"currentFrameRate":52.9444,"devices":[],"gestures":[],"hands":[{"armBasis":[[0.92535,-0.376509,-0.0443634],[0.371782,0.924123,-0.0881767],[0.0741966,0.0651008,0.995116]],"armWidth":63.3998,"confidence":0.749678,"direction":[0.0248376,0.207207,-0.977982],"elbow":[30.9955,142.248,358.928],"grabStrength":0,"id":419,"palmNormal":[-0.380664,-0.902624,-0.200909],"palmPosition":[3.75049,134.873,38.616],"palmVelocity":[-18.4331,221.857,-101.498],"palmWidth":90.5328,"pinchStrength":1,"r":[[0.985601,0.168894,0.00812444],[-0.169048,0.983162,0.0693937],[0.00373254,-0.0697679,0.997556]],"s":0.904922,"sphereCenter":[-1.47534,94.7126,10.8684],"sphereRadius":46.3892,"stabilizedPalmPosition":[5.83138,126.484,43.4589],"t":[-14.2925,25.5115,-22.81],"timeVisible":0.69813,"type":"right","wrist":[11.0631,124.759,91.597]}],"id":1424341,"interactionBox":{"center":[0,200,0],"size":[235.247,235.247,147.751]},"pointables":[{"bases":[[[0.717291,0.695951,-0.0338561],[-0.58339,0.626427,0.516957],[0.380985,-0.351058,0.855341]],[[0.516268,0.777376,-0.359379],[-0.791513,0.593351,0.146429],[0.327068,0.208857,0.921632]],[[0.516268,0.777376,-0.359379],[-0.85642,0.466908,-0.220323],[-0.00347655,0.421525,0.90681]],[[0.516268,0.777376,-0.359379],[-0.764193,0.228714,-0.603074],[-0.386621,0.585983,0.712143]]],"btipPosition":[-26.4555,86.7367,1.24897],"carpPosition":[-19.3318,125.055,94.3693],"dipPosition":[-35.4583,100.382,17.8319],"direction":[0.00347655,-0.421525,-0.90681],"extended":false,"handId":419,"id":4190,"length":51.8545,"mcpPosition":[-19.3318,125.055,94.3693],"pipPosition":[-35.5763,114.682,48.5948],"stabilizedTipPosition":[-27.3328,80.5649,11.9435],"timeVisible":0.69813,"tipPosition":[-28.4491,90.4022,4.88882],"tipVelocity":[-3.85496,224.57,-124.403],"tool":false,"touchDistance":0.187167,"touchZone":"hovering","type":0,"width":20.1482},{"bases":[[[0.915427,-0.337126,-0.219861],[0.357062,0.932335,0.0570774],[0.185742,-0.130754,0.97386]],[[0.933928,-0.357442,-0.00375137],[0.357404,0.933914,-0.00813881],[0.00641261,0.00626031,0.99996]],[[0.933928,-0.357442,-0.00375137],[0.35054,0.91785,-0.186208],[0.0700019,0.17259,0.982503]],[[0.933928,-0.357442,-0.00375137],[0.337294,0.884663,-0.321876],[0.118371,0.299343,0.946774]]],"btipPosition":[-21.8097,141.858,-66.3417],"carpPosition":[-4.24356,141.794,87.4127],"dipPosition":[-19.7974,146.947,-50.2468],"direction":[-0.0700019,-0.17259,-0.982503],"extended":true,"handId":419,"id":4191,"length":58.512,"mcpPosition":[-17.8398,151.365,16.1262],"pipPosition":[-18.114,151.098,-26.6186],"stabilizedTipPosition":[-20.0299,137.581,-60.6693],"timeVisible":0.69813,"tipPosition":[-21.8316,143.303,-62.5951],"tipVelocity":[-42.8446,301.853,-91.2181],"tool":false,"touchDistance":0.213241,"touchZone":"hovering","type":1,"width":19.2456},{"bases":[[[0.857732,-0.50566,-0.0927547],[0.510676,0.858821,0.0404526],[0.0592044,-0.0820651,0.994867]],[[0.855453,-0.502837,-0.123915],[0.21087,0.556745,-0.803473],[0.473005,0.661203,0.582303]],[[0.855453,-0.502837,-0.123915],[-0.407414,-0.505719,-0.760435],[0.319709,0.701001,-0.637482]],[[0.855453,-0.502837,-0.123915],[-0.517083,-0.842596,-0.150521],[-0.0287229,0.192838,-0.98081]]],"btipPosition":[-27.9559,89.9114,23.662],"carpPosition":[7.34698,139.364,84.2739],"dipPosition":[-28.493,93.517,5.32319],"direction":[-0.319709,-0.701001,0.637482],"extended":false,"handId":419,"id":4192,"length":66.6698,"mcpPosition":[3.23716,145.061,15.2128],"pipPosition":[-19.4473,113.351,-12.7134],"stabilizedTipPosition":[-27.5163,80.5717,28.5511],"timeVisible":0.69813,"tipPosition":[-28.2267,90.3359,19.8759],"tipVelocity":[18.107,204.578,-120.058],"tool":false,"touchDistance":0.333333,"touchZone":"none","type":2,"width":18.9017},{"bases":[[[0.816142,-0.575518,0.0518753],[0.57228,0.817445,0.0654159],[-0.0800533,-0.0237015,0.996509]],[[0.818928,-0.573856,0.00673033],[0.299647,0.417554,-0.857823],[0.489457,0.704513,0.513901]],[[0.818928,-0.573856,0.00673033],[-0.407614,-0.589866,-0.697071],[0.403989,0.568108,-0.71697]],[[0.818928,-0.573856,0.00673033],[-0.571498,-0.816521,-0.0817541],[0.0524106,0.0631044,-0.99663]]],"btipPosition":[-10.6899,87.3762,35.7059],"carpPosition":[18.189,134.05,82.3699],"dipPosition":[-9.71554,88.5494,17.1784],"direction":[-0.403989,-0.568108,0.71697],"extended":false,"handId":419,"id":4193,"length":64.1047,"mcpPosition":[23.1784,135.527,20.2622],"pipPosition":[1.41953,104.208,-2.58331],"stabilizedTipPosition":[-10.5909,80.9395,35.1251],"timeVisible":0.69813,"tipPosition":[-10.5598,87.493,30.1149],"tipVelocity":[28.2654,219.671,-76.2157],"tool":false,"touchDistance":0.333333,"touchZone":"none","type":3,"width":17.9862},{"bases":[[[0.69554,-0.701495,0.155335],[0.682917,0.712653,0.160469],[-0.223268,-0.00553127,0.974741]],[[0.719173,-0.694436,0.0234095],[0.427887,0.416081,-0.802365],[0.547451,0.587056,0.596375]],[[0.719173,-0.694436,0.0234095],[-0.433069,-0.474333,-0.766459],[0.543361,0.541079,-0.641867]],[[0.719173,-0.694436,0.0234095],[-0.679763,-0.710157,-0.183301],[0.143915,0.115912,-0.982778]]],"btipPosition":[6.8089,89.5423,34.6126],"carpPosition":[26.2301,122.394,82.4847],"dipPosition":[9.27707,91.5302,17.7578],"direction":[-0.543361,-0.541079,0.641867],"extended":false,"handId":419,"id":4194,"length":50.2569,"mcpPosition":[39.1113,122.713,26.2481],"pipPosition":[19.8512,102.06,5.26675],"stabilizedTipPosition":[7.43038,82.6028,35.4271],"timeVisible":0.69813,"tipPosition":[7.3252,90.0148,29.9016],"tipVelocity":[23.4614,232.965,-98.2716],"tool":false,"touchDistance":0.333333,"touchZone":"none","type":4,"width":15.9768}],"r":[[0.985601,0.168894,0.00812444],[-0.169048,0.983162,0.0693937],[0.00373254,-0.0697679,0.997556]],"s":0.904922,"t":[-14.2925,25.5115,-22.81],"timestamp":88914992004},false],[5,{"currentFrameRate":52.9858,"devices":[],"gestures":[],"hands":[{"armBasis":[[0.92573,-0.375127,-0.0480029],[0.370921,0.925362,-0.0782492],[0.0737735,0.0546323,0.995777]],"armWidth":63.3998,"confidence":0.784056,"direction":[0.00569339,0.233171,-0.972419],"elbow":[31.848,145.102,357.724],"grabStrength":0,"id":419,"palmNormal":[-0.386317,-0.896426,-0.217211],"palmPosition":[3.6791,141.959,37.6793],"palmVelocity":[-11.3103,298.129,-76.4214],"palmWidth":90.5328,"pinchStrength":1,"r":[[0.983887,0.178775,0.00229718],[-0.178357,0.980535,0.0821018],[0.0124253,-0.0811887,0.996621]],"s":0.912169,"sphereCenter":[-1.53534,102.396,8.88228],"sphereRadius":46.7129,"stabilizedPalmPosition":[4.68056,134.758,40.3685],"t":[-14.4975,31.1574,-24.2402],"timeVisible":0.716854,"type":"right","wrist":[12.0292,130.425,90.2152]}],"id":1424342,"interactionBox":{"center":[0,200,0],"size":[235.247,235.247,147.751]},"pointables":[{"bases":[[[0.717794,0.695624,-0.0296648],[-0.571756,0.613221,0.545027],[0.397325,-0.374256,0.837894]],[[0.509878,0.786045,-0.349511],[-0.785687,0.59097,0.182894],[0.350313,0.181353,0.918908]],[[0.509878,0.786045,-0.349511],[-0.859823,0.478419,-0.178381],[0.0269972,0.39147,0.919795]],[[0.509878,0.786045,-0.349511],[-0.776353,0.245457,-0.58054],[-0.370541,0.567349,0.735401]]],"btipPosition":[-27.9901,95.1905,-0.364825],"carpPosition":[-18.3037,130.689,93.6023],"dipPosition":[-36.6185,108.402,16.7597],"direction":[-0.0269972,-0.39147,-0.919795],"extended":false,"handId":419,"id":4190,"length":51.8545,"mcpPosition":[-18.3037,130.689,93.6023],"pipPosition":[-35.7026,121.682,47.9631],"stabilizedTipPosition":[-28.6441,89.3331,7.78894],"timeVisible":0.716854,"tipPosition":[-29.6815,98.5848,3.44754],"tipVelocity":[-39.6647,332.527,-102.544],"tool":false,"touchDistance":0.199758,"touchZone":"hovering","type":0,"width":20.1482},{"bases":[[[0.910211,-0.332398,-0.247039],[0.359903,0.929993,0.0747227],[0.204907,-0.156923,0.96612]],[[0.93299,-0.358681,-0.0296338],[0.359316,0.933007,0.0197564],[0.0205623,-0.0290804,0.999366]],[[0.93299,-0.358681,-0.0296338],[0.349825,0.923132,-0.15953],[0.0845763,0.138473,0.986748]],[[0.93299,-0.358681,-0.0296338],[0.334389,0.894355,-0.297176],[0.133095,0.267353,0.954363]]],"btipPosition":[-23.5002,152.442,-66.6003],"carpPosition":[-3.32556,147.587,86.7932],"dipPosition":[-21.2377,156.987,-50.3764],"direction":[-0.0845763,-0.138473,-0.986748],"extended":true,"handId":419,"id":4191,"length":58.512,"mcpPosition":[-18.3247,159.074,16.0733],"pipPosition":[-19.2037,160.317,-26.6461],"stabilizedTipPosition":[-22.527,151.046,-62.5312],"timeVisible":0.716854,"tipPosition":[-23.5524,153.494,-62.782],"tipVelocity":[-64.4597,426.919,-52.7346],"tool":false,"touchDistance":0.250132,"touchZone":"hovering","type":1,"width":19.2456},{"bases":[[[0.854745,-0.504181,-0.123336],[0.513015,0.856737,0.0530749],[0.078907,-0.108639,0.990945]],[[0.851879,-0.50056,-0.154084],[0.195868,0.577338,-0.792664],[0.485734,0.645074,0.589866]],[[0.851879,-0.50056,-0.154084],[-0.423547,-0.485371,-0.764868],[0.308074,0.716837,-0.625488]],[[0.851879,-0.50056,-0.154084],[-0.521519,-0.837786,-0.161659],[-0.0481694,0.218071,-0.974743]]],"btipPosition":[-28.393,97.4715,22.2043],"carpPosition":[8.19533,145.226,83.3595],"dipPosition":[-29.2936,101.549,3.979],"direction":[-0.308074,-0.716837,0.625488],"extended":false,"handId":419,"id":4192,"length":66.6698,"mcpPosition":[2.71781,152.767,14.5706],"pipPosition":[-20.5771,121.831,-13.7183],"stabilizedTipPosition":[-27.9845,88.2773,23.9985],"timeVisible":0.716854,"tipPosition":[-28.7401,98,18.4118],"tipVelocity":[-4.26184,304.442,-98.815],"tool":false,"touchDistance":0.333333,"touchZone":"none","type":2,"width":18.9017},{"bases":[[[0.815919,-0.577813,0.0201865],[0.575025,0.814627,0.0756896],[-0.060179,-0.0501489,0.996927]],[[0.817799,-0.574977,-0.0246148],[0.279586,0.434316,-0.856272],[0.503027,0.693376,0.515939]],[[0.817799,-0.574977,-0.0246148],[-0.425606,-0.575449,-0.698368],[0.387381,0.581601,-0.715316]],[[0.817799,-0.574977,-0.0246148],[-0.574744,-0.813775,-0.0862562],[0.0295644,0.0846874,-0.995969]]],"btipPosition":[-10.8513,94.6461,34.2594],"carpPosition":[18.9871,139.95,81.098],"dipPosition":[-10.3017,96.2204,15.7442],"direction":[-0.387381,-0.581601,0.715316],"extended":false,"handId":419,"id":4193,"length":64.1047,"mcpPosition":[22.7377,143.075,18.9642],"pipPosition":[0.375616,112.251,-3.97186],"stabilizedTipPosition":[-10.6717,89.4207,32.036],"timeVisible":0.716854,"tipPosition":[-10.845,94.8906,28.6488],"tipVelocity":[7.75264,304.207,-76.6466],"tool":false,"touchDistance":0.333333,"touchZone":"none","type":3,"width":17.9862},{"bases":[[[0.697169,-0.706338,0.122649],[0.68734,0.707187,0.165685],[-0.203765,-0.0312089,0.978522]],[[0.718131,-0.695849,-0.00908149],[0.402603,0.426068,-0.810171],[0.567626,0.578153,0.586123]],[[0.718131,-0.695849,-0.00908149],[-0.459033,-0.463843,-0.757719],[0.523045,0.54831,-0.652518]],[[0.718131,-0.695849,-0.00908149],[-0.686218,-0.705901,-0.175526],[0.115729,0.132283,-0.984433]]],"btipPosition":[6.62919,96.8051,33.2476],"carpPosition":[27.0067,128.284,80.7414],"dipPosition":[8.61397,99.0738,16.3644],"direction":[-0.523045,-0.54831,0.652518],"extended":false,"handId":419,"id":4194,"length":50.2569,"mcpPosition":[38.7627,130.085,24.2867],"pipPosition":[18.7927,109.744,3.66603],"stabilizedTipPosition":[7.22623,91.3236,31.8363],"timeVisible":0.716854,"tipPosition":[7.02996,97.366,28.3489],"tipVelocity":[4.46272,310.122,-86.0829],"tool":false,"touchDistance":0.333333,"touchZone":"none","type":4,"width":15.9768}],"r":[[0.983887,0.178775,0.00229718],[-0.178357,0.980535,0.0821018],[0.0124253,-0.0811887,0.996621]],"s":0.912169,"t":[-14.4975,31.1574,-24.2402],"timestamp":88915010728},false],[6,{"currentFrameRate":52.9926,"devices":[],"gestures":[],"hands":[{"armBasis":[[0.909628,-0.412364,-0.0503274],[0.410373,0.910784,-0.0454564],[0.064582,0.0206954,0.997698]],"armWidth":63.3998,"confidence":0.80989,"direction":[-0.00409202,0.244451,-0.969653],"elbow":[29.7923,143.164,357.692],"grabStrength":0,"id":419,"palmNormal":[-0.426718,-0.877372,-0.219386],"palmPosition":[3.5296,150.099,37.4447],"palmVelocity":[-9.6573,363.609,-45.1135],"palmWidth":90.5328,"pinchStrength":1,"r":[[0.983877,0.178753,-0.00585487],[-0.177395,0.979522,0.0952284],[0.0227573,-0.0926544,0.995438]],"s":0.918903,"sphereCenter":[-3.48378,111.077,8.25253],"sphereRadius":46.8903,"stabilizedPalmPosition":[3.83211,146.067,38.2132],"t":[-14.6747,38.0504,-25.0726],"timeVisible":0.7357,"type":"right","wrist":[12.4428,137.605,89.6674]}],"id":1424343,"interactionBox":{"center":[0,200,0],"size":[235.247,235.247,147.751]},"pointables":[{"bases":[[[0.744788,0.666307,-0.0364057],[-0.535404,0.629249,0.563372],[0.398287,-0.400101,0.825401]],[[0.534033,0.768986,-0.351383],[-0.756131,0.620344,0.208423],[0.378252,0.154387,0.912738]],[[0.534033,0.768986,-0.351383],[-0.842859,0.516827,-0.149929],[0.0663104,0.376233,0.924149]],[[0.534033,0.768986,-0.351383],[-0.775506,0.279999,-0.565854],[-0.336746,0.574684,0.745882]]],"btipPosition":[-30.9757,105.242,-0.380405],"carpPosition":[-17.7811,139.055,93.672],"dipPosition":[-38.8172,118.624,16.9882],"direction":[-0.0663104,-0.376233,-0.924149],"extended":false,"handId":419,"id":4190,"length":51.8545,"mcpPosition":[-17.7811,139.055,93.672],"pipPosition":[-36.5677,131.387,48.3393],"stabilizedTipPosition":[-31.8727,104.157,4.52958],"timeVisible":0.7357,"tipPosition":[-32.4127,108.586,3.47286],"tipVelocity":[-93.0864,431.827,-51.3049],"tool":false,"touchDistance":0.245455,"touchZone":"hovering","type":0,"width":20.1482},{"bases":[[[0.890849,-0.365966,-0.269177],[0.398874,0.913695,0.0778491],[0.217455,-0.176719,0.959939]],[[0.91688,-0.395974,-0.0503532],[0.397699,0.917014,0.030359],[0.0341531,-0.047861,0.99827]],[[0.91688,-0.395974,-0.0503532],[0.385114,0.910717,-0.149273],[0.104966,0.117473,0.987513]],[[0.91688,-0.395974,-0.0503532],[0.366345,0.884866,-0.287755],[0.158499,0.245391,0.956379]]],"btipPosition":[-24.8618,163.399,-66.1962],"carpPosition":[-2.26538,155.414,86.7507],"dipPosition":[-22.1673,167.571,-49.938],"direction":[-0.104966,-0.117473,-0.987513],"extended":true,"handId":419,"id":4191,"length":58.512,"mcpPosition":[-18.1831,168.35,16.4832],"pipPosition":[-19.643,170.396,-26.1894],"stabilizedTipPosition":[-24.2111,164.118,-62.4582],"timeVisible":0.7357,"tipPosition":[-24.881,164.22,-62.3456],"tipVelocity":[-65.691,500.289,-16.2265],"tool":false,"touchDistance":0.287863,"touchZone":"hovering","type":1,"width":19.2456},{"bases":[[[0.8309,-0.536842,-0.146311],[0.548418,0.834569,0.0522773],[0.0940424,-0.123677,0.987856]],[[0.827605,-0.532773,-0.176702],[0.20347,0.578137,-0.790163],[0.523135,0.617989,0.586872]],[[0.827605,-0.532773,-0.176702],[-0.458107,-0.459186,-0.761109],[0.324359,0.710845,-0.624091]],[[0.827605,-0.532773,-0.176702],[-0.558222,-0.814185,-0.159658],[-0.0588067,0.230772,-0.971229]]],"btipPosition":[-30.615,107.15,22.1552],"carpPosition":[9.07952,152.63,83.0576],"dipPosition":[-31.7145,111.465,3.99555],"direction":[-0.324359,-0.710845,0.624091],"extended":false,"handId":419,"id":4192,"length":66.6698,"mcpPosition":[2.55133,161.215,14.4832],"pipPosition":[-22.5373,131.577,-13.6622],"stabilizedTipPosition":[-30.0097,102.23,19.7703],"timeVisible":0.7357,"tipPosition":[-31.017,107.741,18.3537],"tipVelocity":[-61.0674,408.209,-51.3381],"tool":false,"touchDistance":0.333333,"touchZone":"none","type":2,"width":18.9017},{"bases":[[[0.79196,-0.610566,-0.00286735],[0.609099,0.789713,0.0731544],[-0.0424012,-0.0596819,0.997317]],[[0.793063,-0.607299,-0.0473222],[0.276095,0.427621,-0.860762],[0.542976,0.669574,0.506802]],[[0.793063,-0.607299,-0.0473222],[-0.466299,-0.555273,-0.688649],[0.391939,0.568208,-0.723549]],[[0.793063,-0.607299,-0.0473222],[-0.609085,-0.789562,-0.0748761],[0.0081083,0.0882048,-0.996069]]],"btipPosition":[-12.8485,103.601,34.2906],"carpPosition":[19.6006,146.949,80.5184],"dipPosition":[-12.6977,105.241,15.7735],"direction":[-0.391939,-0.568208,0.723549],"extended":false,"handId":419,"id":4193,"length":64.1047,"mcpPosition":[22.2432,150.668,18.3604],"pipPosition":[-1.89479,120.902,-4.1695],"stabilizedTipPosition":[-12.4385,101.428,30.3828],"timeVisible":0.7357,"tipPosition":[-12.9855,103.857,28.6413],"tipVelocity":[-50.288,388.268,-38.3366],"tool":false,"touchDistance":0.333333,"touchZone":"none","type":3,"width":17.9862},{"bases":[[[0.67013,-0.735404,0.100533],[0.718707,0.676738,0.159639],[-0.185434,-0.0347252,0.982043]],[[0.688877,-0.724199,-0.0313673],[0.397742,0.413811,-0.818878],[0.606011,0.55163,0.573109]],[[0.688877,-0.724199,-0.0313673],[-0.497771,-0.44115,-0.746733],[0.526946,0.530021,-0.664384]],[[0.688877,-0.724199,-0.0313673],[-0.718427,-0.676346,-0.162539],[0.0964956,0.134505,-0.986203]]],"btipPosition":[4.5984,104.948,32.8903],"carpPosition":[27.13,134.973,79.8682],"dipPosition":[6.25332,107.255,15.9768],"direction":[-0.526946,-0.530021,0.664384],"extended":false,"handId":419,"id":4194,"length":50.2569,"mcpPosition":[37.8284,136.976,23.2104],"pipPosition":[16.508,117.569,3.04752],"stabilizedTipPosition":[5.45096,102.506,29.5958],"timeVisible":0.7357,"tipPosition":[4.90696,105.528,27.9329],"tipVelocity":[-52.4291,370.033,-53.4115],"tool":false,"touchDistance":0.333333,"touchZone":"none","type":4,