{"sensorType":"Leap","data":[[0,{"currentFrameRate":55.356,"devices":[],"gestures":[{"center":[-22.2532,306.931,-100.631],"duration":109105,"handIds":[413],"id":1,"normal":[-0.100677,0.00173383,-0.994918],"pointableIds":[4131],"progress":0.810652,"radius":24.5553,"state":"update","type":"circle"}],"hands":[{"armBasis":[[0.740251,-0.612162,-0.278005],[0.671473,0.694029,0.259706],[0.0339611,-0.37892,0.924806]],"armWidth":62.9686,"confidence":0.636775,"direction":[0.264559,0.660028,-0.703116],"elbow":[-6.03432,64.3418,299.456],"grabStrength":0,"id":413,"palmNormal":[-0.618763,-0.443051,-0.64872],"palmPosition":[-9.19147,203.344,14.6063],"palmVelocity":[165.802,-491.054,257.995],"palmWidth":89.917,"pinchStrength":1,"r":[[0.995929,-0.00498108,0.0900086],[-0.0382241,0.880934,0.471693],[-0.0816412,-0.473213,0.877157]],"s":0.857727,"sphereCenter":[-26.5707,187.266,-29.8922],"sphereRadius":44.5425,"stabilizedPalmPosition":[-10.4994,207.65,12.431],"t":[-33.6545,85.9204,-46.4021],"timeVisible":2.44029,"type":"right","wrist":[-15.0957,165.444,52.7028]}],"id":1421128,"interactionBox":{"center":[0,200,0],"size":[235.247,235.247,147.751]},"pointables":[{"bases":[[[0.902711,0.280941,0.325859],[-0.421827,0.428811,0.798864],[0.0847013,-0.8586,0.505601]],[[0.814262,0.56671,0.125761],[-0.549912,0.683649,0.479814],[0.185939,-0.459852,0.86831]],[[0.814262,0.56671,0.125761],[-0.579616,0.781791,0.229885],[0.0319591,-0.26008,0.965058]],[[0.814262,0.56671,0.125761],[-0.2849,0.578895,-0.764011],[-0.505775,0.586276,0.632829]]],"btipPosition":[-41.9842,193.463,-33.6247],"carpPosition":[-43.4326,175.575,56.3602],"dipPosition":[-53.6816,207.022,-18.9889],"direction":[-0.0319591,0.26008,-0.965058],"extended":false,"handId":413,"id":4130,"length":51.5018,"mcpPosition":[-43.4326,175.575,56.3602],"pipPosition":[-52.6048,198.259,13.5273],"stabilizedTipPosition":[-46.4146,201.957,-32.8469],"timeVisible":2.44029,"tipPosition":[-44.6713,196.526,-30.3258],"tipVelocity":[185.523,-534.9,265.015],"tool":false,"touchDistance":0.225659,"touchZone":"hovering","type":0,"width":20.0112},{"bases":[[[0.773609,-0.487254,-0.405108],[0.632181,0.549779,0.545976],[-0.0433091,-0.678474,0.733347]],[[0.75199,-0.605144,-0.261364],[0.659103,0.696117,0.284613],[0.00970769,-0.386292,0.922325]],[[0.75199,-0.605144,-0.261364],[0.643216,0.760357,0.0901665],[0.144166,-0.235918,0.96102]],[[0.75199,-0.605144,-0.261364],[0.61477,0.786913,-0.0531619],[0.237841,-0.120702,0.963775]]],"btipPosition":[-27.5061,259.679,-72.5612],"carpPosition":[-22.7834,186.28,59.1395],"dipPosition":[-23.4903,257.641,-56.2887],"direction":[-0.144166,0.235918,-0.96102],"extended":true,"handId":413,"id":4131,"length":58.114,"mcpPosition":[-19.6347,235.606,5.82366],"pipPosition":[-20.0469,252.007,-33.3344],"stabilizedTipPosition":[-29.5134,268.169,-72.1192],"timeVisible":2.44029,"tipPosition":[-26.3676,259.519,-68.7349],"tipVelocity":[178.631,-582.129,197.698],"tool":false,"touchDistance":0.342006,"touchZone":"hovering","type":1,"width":19.1147},{"bases":[[[0.641463,-0.660975,-0.389406],[0.752764,0.444459,0.485595],[-0.147892,-0.604622,0.782662]],[[0.639452,-0.668909,-0.379027],[0.495542,0.735513,-0.462015],[0.587826,0.107612,0.801798]],[[0.639452,-0.668909,-0.379027],[-0.435679,0.0909276,-0.895498],[0.633471,0.737762,-0.233286]],[[0.639452,-0.668909,-0.379027],[-0.736673,-0.391986,-0.551053],[0.220031,0.631591,-0.743424]]],"btipPosition":[-52.0727,185.834,-17.0362],"carpPosition":[-12.3826,181.734,54.7546],"dipPosition":[-47.9867,197.563,-30.8419],"direction":[-0.633471,-0.737762,0.233286],"extended":false,"handId":413,"id":4132,"length":66.2163,"mcpPosition":[-2.18618,223.42,0.793804],"pipPosition":[-30.1855,218.294,-37.3974],"stabilizedTipPosition":[-52.8021,193.465,-22.8363],"timeVisible":2.44029,"tipPosition":[-51.1611,188.002,-19.3695],"tipVelocity":[173.092,-514.62,273.165],"tool":false,"touchDistance":0.333333,"touchZone":"none","type":2,"width":18.7732},{"bases":[[[0.554124,-0.774358,-0.305477],[0.791572,0.376599,0.481235],[-0.257606,-0.508471,0.821642]],[[0.55947,-0.763384,-0.32286],[0.583145,0.639343,-0.501181],[0.589012,0.0921219,0.802857]],[[0.55947,-0.763384,-0.32286],[-0.411671,0.0821566,-0.907622],[0.719389,0.640699,-0.268299]],[[0.55947,-0.763384,-0.32286],[-0.769739,-0.334066,-0.543969],[0.3074,0.552852,-0.774506]]],"btipPosition":[-39.2732,174.296,-14.8161],"carpPosition":[-3.84368,174.635,49.8479],"dipPosition":[-33.5975,184.503,-29.1164],"direction":[-0.719389,-0.640699,0.268299],"extended":false,"handId":413,"id":4133,"length":63.6687,"mcpPosition":[12.1025,206.11,-1.01283],"pipPosition":[-13.904,202.043,-36.4611],"stabilizedTipPosition":[-39.3866,181.284,-20.7841],"timeVisible":2.44029,"tipPosition":[-38.0085,176.448,-17.6133],"tipVelocity":[166.222,-527.626,303.955],"tool":false,"touchDistance":0.333333,"touchZone":"none","type":3,"width":17.8639},{"bases":[[[0.382126,-0.879513,-0.283615],[0.842232,0.205162,0.498551],[-0.380295,-0.429379,0.819152]],[[0.422885,-0.824993,-0.374907],[0.653965,0.564233,-0.503956],[0.627295,-0.0320609,0.778122]],[[0.422885,-0.824993,-0.374907],[-0.437752,0.176265,-0.881648],[0.793437,0.536952,-0.286602]],[[0.422885,-0.824993,-0.374907],[-0.831968,-0.189489,-0.521462],[0.359162,0.532429,-0.7665]]],"btipPosition":[-21.9201,168.989,-12.2698],"carpPosition":[-0.339029,162.712,43.2624],"dipPosition":[-15.8023,178.058,-25.326],"direction":[-0.793437,-0.536952,0.286602],"extended":false,"handId":413,"id":4134,"length":49.9151,"mcpPosition":[21.4524,187.316,-3.67616],"pipPosition":[-0.466648,188.436,-30.8655],"stabilizedTipPosition":[-21.7272,175.049,-17.4425],"timeVisible":2.44029,"tipPosition":[-20.7201,170.593,-14.2385],"tipVelocity":[164.113,-515.525,283.887],"tool":false,"touchDistance":0.333333,"touchZone":"none","type":4,"width":15.8681}],"r":[[0.995929,-0.00498108,0.0900086],[-0.0382241,0.880934,0.471693],[-0.0816412,-0.473213,0.877157]],"s":0.857727,"t":[-33.6545,85.9204,-46.4021],"timestamp":88855438750},false],[1,{"currentFrameRate":55.362,"devices":[],"gestures":[{"center":[-22.2532,306.931,-100.631],"duration":109105,"handIds":[413],"id":1,"normal":[-0.100677,0.00173383,-0.994918],"pointableIds":[4131],"progress":0.810652,"radius":24.5553,"state":"stop","type":"circle"}],"hands":[{"armBasis":[[0.72904,-0.636631,-0.251399],[0.684457,0.675781,0.273565],[-0.00426925,-0.371512,0.928418]],"armWidth":62.9686,"confidence":0.642822,"direction":[0.266099,0.643086,-0.718075],"elbow":[-13.0579,54.4855,306.654],"grabStrength":0,"id":413,"palmNormal":[-0.631061,-0.446891,-0.634075],"palmPosition":[-5.90186,190.705,20.0729],"palmVelocity":[173.646,-590.466,279.348],"palmWidth":89.917,"pinchStrength":1,"r":[[0.995932,-0.00838509,0.0897125],[-0.0343605,0.885078,0.464173],[-0.0832947,-0.465368,0.881189]],"s":0.854595,"sphereCenter":[-24.0513,173.986,-23.8502],"sphereRadius":44.4076,"stabilizedPalmPosition":[-7.12844,195.225,18.0341],"t":[-30.5219,75.1266,-41.3333],"timeVisible":2.45833,"type":"right","wrist":[-11.9188,153.611,58.9373]}],"id":1421129,"interactionBox":{"center":[0,200,0],"size":[235.247,235.247,147.751]},"pointables":[{"bases":[[[0.909576,0.274957,0.311562],[-0.408055,0.449364,0.794709],[0.0785059,-0.849983,0.520928]],[[0.82371,0.556586,0.108227],[-0.535147,0.700042,0.47282],[0.187402,-0.447385,0.874487]],[[0.82371,0.556586,0.108227],[-0.565954,0.795412,0.216829],[0.0345989,-0.239856,0.970192]],[[0.82371,0.556586,0.108227],[-0.272458,0.555922,-0.785314],[-0.497261,0.617384,0.609565]]],"btipPosition":[-38.9912,180.058,-27.2433],"carpPosition":[-40.0816,164.186,62.6811],"dipPosition":[-50.4917,194.337,-13.1456],"direction":[-0.0345989,0.239856,-0.970192],"extended":false,"handId":413,"id":4130,"length":51.5018,"mcpPosition":[-40.0816,164.186,62.6811],"pipPosition":[-49.3259,186.255,19.5436],"stabilizedTipPosition":[-43.0083,188.687,-26.5407],"timeVisible":2.45833,"tipPosition":[-41.749,183.383,-24.1626],"tipVelocity":[177.398,-629.288,303.843],"tool":false,"touchDistance":0.331572,"touchZone":"hovering","type":0,"width":20.0112},{"bases":[[[0.763,-0.505072,-0.403403],[0.644844,0.551477,0.529198],[-0.044816,-0.663909,0.746469]],[[0.741473,-0.619374,-0.258058],[0.670627,0.696607,0.254948],[0.0218566,-0.362097,0.931884]],[[0.741473,-0.619374,-0.258058],[0.651303,0.756831,0.0548768],[0.161317,-0.208763,0.96457]],[[0.741473,-0.619374,-0.258058],[0.619566,0.779644,-0.0910679],[0.257598,-0.0923592,0.961828]]],"btipPosition":[-25.1384,244.851,-68.059],"carpPosition":[-19.2663,174.665,65.0533],"dipPosition":[-20.7891,243.292,-51.8194],"direction":[-0.161317,0.208763,-0.96457],"extended":true,"handId":413,"id":4131,"length":58.114,"mcpPosition":[-16.0081,222.932,10.7835],"pipPosition":[-16.936,238.306,-28.7803],"stabilizedTipPosition":[-25.8149,251.879,-66.7557],"timeVisible":2.45833,"tipPosition":[-23.69,245.002,-64.2095],"tipVelocity":[158.154,-693.002,222.099],"tool":false,"touchDistance":0.408557,"touchZone":"hovering","type":1,"width":19.1147},{"bases":[[[0.628745,-0.676689,-0.383108],[0.763414,0.443439,0.469639],[-0.147915,-0.587754,0.795404]],[[0.626622,-0.684817,-0.371981],[0.497343,0.718879,-0.485657],[0.599996,0.119321,0.791054]],[[0.626622,-0.684817,-0.371981],[-0.451598,0.0699277,-0.889477],[0.635141,0.725352,-0.265444]],[[0.626622,-0.684817,-0.371981],[-0.750488,-0.401623,-0.524849],[0.21003,0.60805,-0.765613]]],"btipPosition":[-49.1006,173.064,-10.1886],"carpPosition":[-8.97107,169.899,60.6532],"dipPosition":[-45.2002,184.356,-24.4064],"direction":[-0.635141,-0.725352,0.265444],"extended":false,"handId":413,"id":4132,"length":66.2163,"mcpPosition":[1.22694,210.422,5.81388],"pipPosition":[-27.3521,204.739,-31.8656],"stabilizedTipPosition":[-49.4877,180.633,-16.0776],"timeVisible":2.45833,"tipPosition":[-48.2866,175.267,-12.9203],"tipVelocity":[168.004,-608.929,321.151],"tool":false,"touchDistance":0.333333,"touchZone":"none","type":2,"width":18.7732},{"bases":[[[0.540775,-0.787296,-0.296188],[0.80128,0.374997,0.466184],[-0.255955,-0.489431,0.833633]],[[0.546321,-0.776243,-0.314612],[0.581088,0.621789,-0.525086],[0.603216,0.104048,0.790762]],[[0.546321,-0.776243,-0.314612],[-0.427845,0.0642858,-0.901563],[0.720057,0.627148,-0.296991]],[[0.546321,-0.776243,-0.314612],[-0.782418,-0.338917,-0.522453],[0.298923,0.531585,-0.792504]]],"btipPosition":[-36.5969,161.315,-7.95651],"carpPosition":[-0.576274,162.596,55.798],"dipPosition":[-31.0777,171.13,-22.589],"direction":[-0.720057,-0.627148,0.296991],"extended":false,"handId":413,"id":4133,"length":63.6687,"mcpPosition":[15.2677,192.892,4.195],"pipPosition":[-11.3659,188.298,-30.7193],"stabilizedTipPosition":[-36.4415,168.433,-13.9189],"timeVisible":2.45833,"tipPosition":[-35.3647,163.487,-11.0736],"tipVelocity":[156.787,-621.049,338.129],"tool":false,"touchDistance":0.333333,"touchZone":"none","type":3,"width":17.8639},{"bases":[[[0.367638,-0.889716,-0.270642],[0.849854,0.203256,0.486247],[-0.377612,-0.408769,0.830853]],[[0.408278,-0.837333,-0.363569],[0.655707,0.546097,-0.52137],[0.635104,-0.0255305,0.772005]],[[0.408278,-0.837333,-0.363569],[-0.44498,0.1652,-0.880172],[0.797058,0.521136,-0.305149]],[[0.408278,-0.837333,-0.363569],[-0.839853,-0.188483,-0.509039],[0.357708,0.513174,-0.78019]]],"btipPosition":[-19.3484,156.007,-5.99177],"carpPosition":[2.70452,150.505,49.4055],"dipPosition":[-13.2554,164.748,-19.2812],"direction":[-0.797058,-0.521136,0.305149],"extended":false,"handId":413,"id":4134,"length":49.9151,"mcpPosition":[24.3422,173.928,1.79642],"pipPosition":[2.15029,174.82,-25.1791],"stabilizedTipPosition":[-18.8722,162.186,-11.1029],"timeVisible":2.45833,"tipPosition":[-18.145,157.575,-8.04104],"tipVelocity":[153.726,-614.337,312.885],"tool":false,"touchDistance":0.333333,"touchZone":"none","type":4,"width":15.8681}],"r":[[0.995932,-0.00838509,0.0897125],[-0.0343605,0.885078,0.464173],[-0.0832947,-0.465368,0.881189]],"s":0.854595,"t":[-30.5219,75.1266,-41.3333],"timestamp":88855456792},false],[2,{"currentFrameRate":55.3287,"devices":[],"gestures":[],"hands":[{"armBasis":[[0.727998,-0.650928,-0.215205],[0.684382,0.671444,0.284227],[-0.0405135,-0.354199,0.934292]],"armWidth":62.9686,"confidence":0.655092,"direction":[0.24897,0.625498,-0.739436],"elbow":[-19.1773,46.9244,314.653],"grabStrength":0,"id":413,"palmNormal":[-0.637605,-0.468833,-0.611274],"palmPosition":[-3.29548,177.505,25.4254],"palmVelocity":[159.159,-655.003,286.472],"palmWidth":89.917,"pinchStrength":1,"r":[[0.996233,-0.00905993,0.0862398],[-0.0311529,0.890736,0.453452],[-0.0809251,-0.454431,0.887099]],"s":0.851623,"sphereCenter":[-22.0553,159.389,-17.5774],"sphereRadius":44.2517,"stabilizedPalmPosition":[-4.19418,181.66,23.6924],"t":[-27.6524,63.1299,-36.1226],"timeVisible":2.47652,"type":"right","wrist":[-8.3677,141.43,65.3687]}],"id":1421130,"interactionBox":{"center":[0,200,0],"size":[235.247,235.247,147.751]},"pointables":[{"bases":[[[0.91223,0.290434,0.288937],[-0.398731,0.467474,0.788975],[0.0940741,-0.834935,0.542249]],[[0.821723,0.564094,0.0810514],[-0.531819,0.707928,0.464766],[0.204793,-0.425013,0.881716]],[[0.821723,0.564094,0.0810514],[-0.56783,0.79836,0.200476],[0.0483788,-0.210759,0.97634]],[[0.821723,0.564094,0.0810514],[-0.276623,0.519154,-0.808677],[-0.498248,0.642088,0.582642]]],"btipPosition":[-36.7615,165.098,-20.5732],"carpPosition":[-36.5525,151.881,69.2924],"dipPosition":[-48.2848,179.948,-7.09804],"direction":[-0.0483788,0.210759,-0.97634],"extended":false,"handId":413,"id":4130,"length":51.5018,"mcpPosition":[-36.5525,151.881,69.2924],"pipPosition":[-46.6547,172.846,25.7983],"stabilizedTipPosition":[-40.3329,173.68,-19.796],"timeVisible":2.47652,"tipPosition":[-39.6251,168.61,-17.7412],"tipVelocity":[151.099,-718.059,330.094],"tool":false,"touchDistance":0.429652,"touchZone":"hovering","type":0,"width":20.0112},{"bases":[[[0.760476,-0.509781,-0.402244],[0.648801,0.570648,0.503406],[-0.0270871,-0.643804,0.764711]],[[0.742549,-0.619401,-0.254877],[0.66794,0.713062,0.213071],[0.0497667,-0.328458,0.943206]],[[0.742549,-0.619401,-0.254877],[0.642052,0.766625,0.00748086],[0.190762,-0.169199,0.966944]],[[0.742549,-0.619401,-0.254877],[0.605327,0.783483,-0.140479],[0.286705,-0.0499712,0.956715]]],"btipPosition":[-25.3298,228.22,-63.8531],"carpPosition":[-15.789,162.584,71.0366],"dipPosition":[-20.489,227.376,-47.6998],"direction":[-0.190762,0.169199,-0.966945],"extended":true,"handId":413,"id":4131,"length":58.114,"mcpPosition":[-13.8198,209.39,15.4406],"pipPosition":[-15.9326,223.334,-24.604],"stabilizedTipPosition":[-24.5987,233.73,-61.7205],"timeVisible":2.47652,"tipPosition":[-23.5418,228.735,-60.0218],"tipVelocity":[80.6106,-794.351,225.939],"tool":false,"touchDistance":0.463826,"touchZone":"hovering","type":1,"width":19.1147},{"bases":[[[0.628002,-0.681837,-0.375116],[0.767276,0.461975,0.444822],[-0.130001,-0.567166,0.813279]],[[0.625968,-0.690322,-0.362794],[0.468212,0.704713,-0.533064],[0.623652,0.163817,0.764344]],[[0.625968,-0.690322,-0.362794],[-0.490236,0.0134697,-0.871486],[0.606492,0.723377,-0.329989]],[[0.625968,-0.690322,-0.362794],[-0.762207,-0.443182,-0.471837],[0.164935,0.571879,-0.803586]]],"btipPosition":[-46.3766,158.135,-1.68665],"carpPosition":[-5.52786,157.782,66.5964],"dipPosition":[-43.3137,168.755,-16.6096],"direction":[-0.606492,-0.723377,0.329989],"extended":false,"handId":413,"id":4132,"length":66.2163,"mcpPosition":[3.43512,196.885,10.5247],"pipPosition":[-26.2707,189.083,-25.8826],"stabilizedTipPosition":[-46.7006,165.983,-8.07268],"timeVisible":2.47652,"tipPosition":[-45.8081,160.53,-5.30854],"tipVelocity":[154.24,-714.097,386.712],"tool":false,"touchDistance":0.333333,"touchZone":"none","type":2,"width":18.7732},{"bases":[[[0.542387,-0.790741,-0.283805],[0.805648,0.393765,0.442583],[-0.238216,-0.468698,0.850632]],[[0.547723,-0.779752,-0.303294],[0.560952,0.611208,-0.558352],[0.620752,0.135689,0.772176]],[[0.547723,-0.779752,-0.303294],[-0.45223,0.0290707,-0.891428],[0.703909,0.625414,-0.336704]],[[0.547723,-0.779752,-0.303294],[-0.791055,-0.364594,-0.491227],[0.272456,0.508978,-0.816522]]],"btipPosition":[-34.1154,146.919,-0.654371],"carpPosition":[2.84687,150.416,61.8012],"dipPosition":[-29.0848,156.317,-15.7304],"direction":[-0.703909,-0.625414,0.336704],"extended":false,"handId":413,"id":4133,"length":63.6687,"mcpPosition":[17.5928,179.429,9.14592],"pipPosition":[-9.81509,173.438,-24.9478],"stabilizedTipPosition":[-33.8656,154.122,-6.67371],"timeVisible":2.47652,"tipPosition":[-32.9944,149.097,-4.12332],"tipVelocity":[144.122,-704.891,365.68],"tool":false,"touchDistance":0.333333,"touchZone":"none","type":3,"width":17.8639},{"bases":[[[0.370549,-0.893792,-0.252646],[0.855969,0.223017,0.466455],[-0.360569,-0.389101,0.847697]],[[0.409307,-0.8435,-0.347814],[0.642075,0.537128,-0.547022],[0.648234,0.000577513,0.761441]],[[0.409307,-0.8435,-0.347814],[-0.461295,0.137585,-0.876515],[0.787194,0.519208,-0.332788]],[[0.409307,-0.8435,-0.347814],[-0.846671,-0.209076,-0.489321],[0.340022,0.494767,-0.799744]]],"btipPosition":[-16.8733,141.996,0.556928],"carpPosition":[6.12313,138.183,55.6829],"dipPosition":[-11.0815,150.424,-13.0655],"direction":[-0.787194,-0.519208,0.332788],"extended":false,"handId":413,"id":4134,"length":49.9151,"mcpPosition":[26.7842,160.479,7.10872],"pipPosition":[4.13348,160.459,-19.4977],"stabilizedTipPosition":[-16.3023,148.105,-4.52458],"timeVisible":2.47652,"tipPosition":[-15.7152,143.534,-1.58946],"tipVelocity":[143.483,-690.661,333.38],"tool":false,"touchDistance":0.333333,"touchZone":"none","type":4,"width":15.8681}],"r":[[0.996233,-0.00905993,0.0862398],[-0.0311529,0.890736,0.453452],[-0.0809251,-0.454431,0.887099]],"s":0.851623,"t":[-27.6524,63.1299,-36.1226],"timestamp":88855474981},false],[3,{"currentFrameRate":55.3539,"devices":[],"gestures":[],"hands":[{"armBasis":[[0.804703,-0.556634,-0.206424],[0.587996,0.795261,0.147719],[0.0819351,-0.240247,0.967248]],"armWidth":62.9686,"confidence":0.724606,"direction":[0.308821,0.656869,-0.687861],"elbow":[14.1102,56.8397,325.122],"grabStrength":0.224086,"id":413,"palmNormal":[-0.503586,-0.500598,-0.704133],"palmPosition":[0.500502,158.104,28.6593],"palmVelocity":[-20.2649,611.242,-258.566],"palmWidth":89.917,"pinchStrength":1,"r":[[0.966216,0.0120849,0.257449],[-0.118148,0.90853,0.400767],[-0.229057,-0.417645,0.879264]],"s":0.733853,"sphereCenter":[-9.58763,136.058,-19.1549],"sphereRadius":45.9619,"stabilizedPalmPosition":[0.534671,156.331,29.3747],"t":[-20.6414,20.6442,-23.0091],"timeVisible":3.30801,"type":"right","wrist":[-7.75134,120.941,67.0445]}],"id":1421176,"interactionBox":{"center":[0,200,0],"size":[235.247,235.247,147.751]},"pointables":[{"bases":[[[0.835362,0.349034,0.424671],[-0.544672,0.421303,0.725146],[0.0741855,-0.837066,0.542049]],[[0.724112,0.67245,0.153208],[-0.664013,0.619701,0.418398],[0.186409,-0.404699,0.895249]],[[0.724112,0.67245,0.153208],[-0.689566,0.701823,0.178725],[0.0126588,-0.235064,0.971898]],[[0.724112,0.67245,0.153208],[-0.575272,0.711432,-0.403641],[-0.380425,0.204145,0.901998]]],"btipPosition":[-37.7247,152.424,-30.9501],"carpPosition":[-36.9012,129.262,66.8193],"dipPosition":[-46.523,157.145,-10.089],"direction":[-0.0126588,0.235064,-0.971897],"extended":false,"handId":413,"id":4130,"length":51.5018,"mcpPosition":[-36.9012,129.262,66.8193],"pipPosition":[-46.0965,149.225,22.6576],"stabilizedTipPosition":[-39.6005,151.775,-25.5479],"timeVisible":3.30801,"tipPosition":[-39.031,153.83,-25.2344],"tipVelocity":[-66.7764,606.569,-231.451],"tool":false,"touchDistance":0.228712,"touchZone":"hovering","type":0,"width":20.0112},{"bases":[[[0.847262,-0.445554,-0.289186],[0.523078,0.60516,0.600142],[-0.0923913,-0.659745,0.745789]],[[0.836017,-0.501242,-0.223231],[0.53455,0.835812,0.125198],[0.123825,-0.223996,0.966692]],[[0.836017,-0.501242,-0.223231],[0.496894,0.864164,-0.0794857],[0.23275,-0.0444706,0.971519]],[[0.836017,-0.501242,-0.223231],[0.459891,0.862,-0.213206],[0.299293,0.0755823,0.951163]]],"btipPosition":[-26.6267,198.648,-62.7795],"carpPosition":[-17.474,141.387,71.7472],"dipPosition":[-21.5734,199.924,-46.7199],"direction":[-0.23275,0.0444706,-0.971519],"extended":true,"handId":413,"id":4131,"length":58.114,"mcpPosition":[-10.757,189.352,17.5268],"pipPosition":[-16.0141,198.861,-23.5148],"stabilizedTipPosition":[-25.4704,197.652,-58.7178],"timeVisible":3.30801,"tipPosition":[-26.3382,196.777,-58.6855],"tipVelocity":[-40.1877,743.921,-239.945],"tool":false,"touchDistance":0.274954,"touchZone":"hovering","type":1,"width":19.1147},{"bases":[[[0.725321,-0.627184,-0.283813],[0.656632,0.506491,0.55884],[-0.206747,-0.591699,0.779197]],[[0.716656,-0.649904,-0.253041],[0.578971,0.75668,-0.303691],[0.388841,0.071139,0.918554]],[[0.716656,-0.649904,-0.253041],[-0.2329,0.118978,-0.965195],[0.65739,0.750646,-0.0660967]],[[0.716656,-0.649904,-0.253041],[-0.613594,-0.415082,-0.671721],[0.331521,0.636657,-0.696248]]],"btipPosition":[-35.2385,141.915,-13.8459],"carpPosition":[-6.34166,137.426,68.8416],"dipPosition":[-29.0821,153.738,-26.7755],"direction":[-0.65739,-0.750646,0.0660967],"extended":false,"handId":413,"id":4132,"length":66.2163,"mcpPosition":[7.91256,178.22,15.1196],"pipPosition":[-10.6087,174.832,-28.6329],"stabilizedTipPosition":[-33.6857,142.773,-16.1457],"timeVisible":3.30801,"tipPosition":[-33.9643,143.968,-15.6643],"tipVelocity":[-48.8102,609.153,-241.672],"tool":false,"touchDistance":0.333333,"touchZone":"none","type":2,"width":18.7732},{"bases":[[[0.635413,-0.743806,-0.207369],[0.69985,0.441267,0.561689],[-0.326283,-0.502032,0.800939]],[[0.633613,-0.74655,-0.202971],[0.66647,0.659944,-0.346831],[0.392876,0.0844827,0.915703]],[[0.633613,-0.74655,-0.202971],[-0.217572,0.0798183,-0.972775],[0.742426,0.660524,-0.111854]],[[0.633613,-0.74655,-0.202971],[-0.654693,-0.377624,-0.654811],[0.412203,0.54778,-0.728029]]],"btipPosition":[-21.9116,129.929,-8.22735],"carpPosition":[3.17252,130.779,65.2785],"dipPosition":[-14.3008,140.043,-21.6694],"direction":[-0.742426,-0.660524,0.111854],"extended":false,"handId":413,"id":4133,"length":63.6687,"mcpPosition":[23.3699,161.856,15.6993],"pipPosition":[6.02332,158.125,-24.7315],"stabilizedTipPosition":[-20.0329,130.561,-10.679],"timeVisible":3.30801,"tipPosition":[-20.3366,131.809,-10.3829],"tipVelocity":[-41.4059,608.507,-245.122],"tool":false,"touchDistance":0.333333,"touchZone":"none","type":3,"width":17.8639},{"bases":[[[0.46895,-0.859529,-0.203213],[0.758566,0.274107,0.591137],[-0.452397,-0.431364,0.780552]],[[0.500547,-0.825956,-0.259326],[0.750004,0.563343,-0.34661],[0.432374,-0.0210009,0.90145]],[[0.500547,-0.825956,-0.259326],[-0.236731,0.157545,-0.958717],[0.832713,0.541273,-0.116671]],[[0.500547,-0.825956,-0.259326],[-0.720649,-0.231552,-0.65349],[0.479706,0.513985,-0.711127]]],"btipPosition":[-5.23657,125.176,-2.25855],"carpPosition":[8.21442,118.942,59.5988],"dipPosition":[2.93452,133.931,-14.3715],"direction":[-0.832713,-0.541273,0.116671],"extended":false,"handId":413,"id":4134,"length":49.9151,"mcpPosition":[34.1374,143.659,14.8721],"pipPosition":[19.0293,144.393,-16.6266],"stabilizedTipPosition":[-3.24111,125.473,-4.346],"timeVisible":3.30801,"tipPosition":[-3.57939,126.595,-4.0532],"tipVelocity":[-31.202,618.634,-264.725],"tool":false,"touchDistance":0.333333,"touchZone":"none","type":4,"width":15.8681}],"r":[[0.966216,0.0120849,0.257449],[-0.118148,0.90853,0.400767],[-0.229057,-0.417645,0.879264]],"s":0.733853,"t":[-20.6414,20.6442,-23.0091],"timestamp":88856306472},false],[4,{"currentFrameRate":55.3564,"devices":[],"gestures":[],"hands":[{"armBasis":[[0.809424,-0.540181,-0.230297],[0.579442,0.798348,0.163974],[0.0952809,-0.266168,0.959206]],"armWidth":62.9686,"confidence":0.667,"direction":[0.299477,0.662643,-0.686453],"elbow":[17.8558,60.9702,319.504],"grabStrength":0.193491,"id":413,"palmNormal":[-0.498822,-0.50457,-0.704689],"palmPosition":[0.158242,169.364,25.2849],"palmVelocity":[-19.6431,617.114,-224.53],"palmWidth":89.917,"pinchStrength":1,"r":[[0.968082,0.0236205,0.249517],[-0.126113,0.906244,0.403506],[-0.216593,-0.422094,0.880298]],"s":0.747915,"sphereCenter":[-10.1071,147.807,-22.5042],"sphereRadius":45.9325,"stabilizedPalmPosition":[0.203949,167.782,25.7815],"t":[-20.9853,31.8182,-27.0308],"timeVisible":3.32607,"type":"right","wrist":[-7.56669,131.988,63.5729]}],"id":1421177,"interactionBox":{"center":[0,200,0],"size":[235.247,235.247,147.751]},"pointables":[{"bases":[[[0.831875,0.357895,0.42414],[-0.548351,0.412462,0.727452],[0.0854098,-0.837727,0.539369]],[[0.715971,0.681034,0.153553],[-0.670905,0.610375,0.421104],[0.193061,-0.404517,0.89392]],[[0.715971,0.681034,0.153553],[-0.697904,0.692616,0.182242],[0.01776,-0.237645,0.97119]],[[0.715971,0.681034,0.153553],[-0.584316,0.704939,-0.402039],[-0.382048,0.198125,0.902655]]],"btipPosition":[-38.102,163.334,-34.2668],"carpPosition":[-36.8159,139.954,63.4284],"dipPosition":[-46.9378,167.916,-13.3906],"direction":[-0.01776,0.237645,-0.97119],"extended":false,"handId":413,"id":4130,"length":51.5018,"mcpPosition":[-36.8159,139.954,63.4284],"pipPosition":[-46.3394,159.909,19.3322],"stabilizedTipPosition":[-40.0745,162.977,-29.0272],"timeVisible":3.32607,"tipPosition":[-39.445,164.725,-28.5785],"tipVelocity":[-45.2184,604.605,-208.683],"tool":false,"touchDistance":0.248497,"touchZone":"hovering","type":0,"width":20.0112},{"bases":[[[0.852057,-0.43434,-0.292143],[0.51684,0.609674,0.600978],[-0.0829167,-0.663059,0.743961]],[[0.841971,-0.488945,-0.228073],[0.525912,0.838144,0.144675],[0.12042,-0.241759,0.962835]],[[0.841971,-0.488945,-0.228073],[0.491647,0.869422,-0.0488737],[0.222188,-0.0709814,0.972417]],[[0.841971,-0.488945,-0.228073],[0.457985,0.871179,-0.176911],[0.285192,0.0444997,0.957437]]],"btipPosition":[-26.7348,211.714,-66.0013],"carpPosition":[-17.5282,152.3,68.356],"dipPosition":[-21.9196,212.465,-49.8359],"direction":[-0.222188,0.0709814,-0.972417],"extended":true,"handId":413,"id":4131,"length":58.114,"mcpPosition":[-11.5,200.505,14.2686],"pipPosition":[-16.6125,210.77,-26.6093],"stabilizedTipPosition":[-25.6164,210.896,-62.0352],"timeVisible":3.32607,"tipPosition":[-26.553,209.641,-61.9451],"tipVelocity":[-25.3888,731.118,-210.099],"tool":false,"touchDistance":0.288747,"touchZone":"hovering","type":1,"width":19.1147},{"bases":[[[0.732345,-0.617456,-0.287088],[0.651504,0.512761,0.559124],[-0.198027,-0.59651,0.777792]],[[0.723966,-0.640499,-0.256193],[0.569236,0.764458,-0.302611],[0.389671,0.0732453,0.918037]],[[0.723966,-0.640499,-0.256193],[-0.235363,0.119757,-0.964501],[0.648443,0.758564,-0.06405]],[[0.723966,-0.640499,-0.256193],[-0.609204,-0.419381,-0.673046],[0.323642,0.643336,-0.693811]]],"btipPosition":[-35.494,152.857,-17.2515],"carpPosition":[-6.35412,148.483,65.4173],"dipPosition":[-29.4839,164.804,-30.1358],"direction":[-0.648443,-0.758564,0.06405],"extended":false,"handId":413,"id":4132,"length":66.2163,"mcpPosition":[7.29887,189.61,11.7922],"pipPosition":[-11.2619,186.121,-31.9357],"stabilizedTipPosition":[-34.0604,154.06,-19.725],"timeVisible":3.32607,"tipPosition":[-34.2287,154.96,-19.0812],"tipVelocity":[-33.2376,608.416,-216.203],"tool":false,"touchDistance":0.333333,"touchZone":"none","type":2,"width":18.7732},{"bases":[[[0.64401,-0.735393,-0.210828],[0.695517,0.448059,0.561693],[-0.318602,-0.50837,0.800033]],[[0.641994,-0.738575,-0.205793],[0.6572,0.668345,-0.348428],[0.394881,0.0884416,0.914465]],[[0.641994,-0.738575,-0.205793],[-0.221698,0.078121,-0.971981],[0.733957,0.66963,-0.113587]],[[0.641994,-0.738575,-0.205793],[-0.651816,-0.384432,-0.653718],[0.403706,0.553823,-0.728218]]],"btipPosition":[-22.0261,140.971,-11.5281],"carpPosition":[3.23328,141.964,61.816],"dipPosition":[-14.5722,151.196,-24.9737],"direction":[-0.733957,-0.66963,0.113587],"extended":false,"handId":413,"id":4133,"length":63.6687,"mcpPosition":[22.9551,173.432,12.2929],"pipPosition":[5.52008,169.528,-28.0832],"stabilizedTipPosition":[-20.2801,141.876,-14.174],"timeVisible":3.32607,"tipPosition":[-20.4526,142.92,-13.778],"tipVelocity":[-25.7062,610.601,-215.555],"tool":false,"touchDistance":0.333333,"touchZone":"none","type":3,"width":17.8639},{"bases":[[[0.478976,-0.853144,-0.206706],[0.756319,0.281539,0.590524],[-0.445606,-0.439182,0.780099]],[[0.509712,-0.819436,-0.262142],[0.742275,0.572906,-0.347571],[0.434996,-0.0174206,0.900264]],[[0.509712,-0.819436,-0.262142],[-0.241055,0.156468,-0.957815],[0.825885,0.551401,-0.117776]],[[0.509712,-0.819436,-0.262142],[-0.719284,-0.238702,-0.65242],[0.472042,0.521101,-0.711077]]],"btipPosition":[-5.26146,136.446,-5.67851],"carpPosition":[8.40778,130.205,56.091],"dipPosition":[2.77908,145.322,-17.7907],"direction":[-0.825885,-0.551401,0.117776],"extended":false,"handId":413,"id":4134,"length":49.9151,"mcpPosition":[33.9416,155.371,11.3902],"pipPosition":[18.7419,155.98,-20.0671],"stabilizedTipPosition":[-3.39197,136.953,-7.97863],"timeVisible":3.32607,"tipPosition":[-3.60891,137.915,-7.52219],"tipVelocity":[-17.8309,621.987,-228.958],"tool":false,"touchDistance":0.333333,"touchZone":"none","type":4,"width":15.8681}],"r":[[0.968082,0.0236205,0.249517],[-0.126113,0.906244,0.403506],[-0.216593,-0.422094,0.880298]],"s":0.747915,"t":[-20.9853,31.8182,-27.0308],"timestamp":88856324528},false],[5,{"currentFrameRate":55.3423,"devices":[],"gestures":[],"hands":[{"armBasis":[[0.814669,-0.536646,-0.21983],[0.575749,0.793856,0.195718],[0.0694822,-0.286012,0.955704]],"armWidth":62.9686,"confidence":0.664841,"direction":[0.290124,0.67658,-0.676807],"elbow":[11.3614,66.251,313.776],"grabStrength":0.168415,"id":413,"palmNormal":[-0.499576,-0.496136,-0.710122],"palmPosition":[0.023087,180.649,21.0922],"palmVelocity":[-13.8441,619.847,-227.804],"palmWidth":89.917,"pinchStrength":1,"r":[[0.96969,0.0334808,0.242036],[-0.133261,0.902742,0.409021],[-0.204801,-0.428877,0.879841]],"s":0.761321,"sphereCenter":[-10.9021,160.503,-26.7493],"sphereRadius":45.714,"stabilizedPalmPosition":[0.0433711,179.206,21.6182],"t":[-21.2249,43.0476,-31.1379],"timeVisible":3.34418,"type":"right","wrist":[-7.17752,142.564,58.7785]}],"id":1421178,"interactionBox":{"center":[0,200,0],"size":[235.247,235.247,147.751]},"pointables":[{"bases":[[[0.831901,0.356819,0.424995],[-0.546714,0.395754,0.73789],[0.0951,-0.846202,0.524307]],[[0.711544,0.684117,0.16028],[-0.67312,0.59825,0.434748],[0.201531,-0.41723,0.886174]],[[0.711544,0.684117,0.16028],[-0.702205,0.684313,0.196528],[0.0247663,-0.252388,0.967309]],[[0.711544,0.684117,0.16028],[-0.588654,0.704948,-0.395645],[-0.383657,0.187169,0.904309]]],"btipPosition":[-38.3882,175.067,-38.2652],"carpPosition":[-36.4855,150.31,58.9554],"dipPosition":[-47.2612,179.395,-17.3507],"direction":[-0.0247663,0.252388,-0.967309],"extended":false,"handId":413,"id":4130,"length":51.5018,"mcpPosition":[-36.4855,150.31,58.9554],"pipPosition":[-46.4268,170.892,15.2414],"stabilizedTipPosition":[-40.3933,174.744,-33.0088],"timeVisible":3.34418,"tipPosition":[-39.8481,176.459,-32.6398],"tipVelocity":[-31.439,623.532,-214.164],"tool":false,"touchDistance":0.255617,"touchZone":"hovering","type":0,"width":20.0112},{"bases":[[[0.853367,-0.422816,-0.304945],[0.516146,0.603139,0.608126],[-0.0732016,-0.67635,0.732934]],[[0.844424,-0.477151,-0.243465],[0.521546,0.836028,0.170433],[0.122221,-0.270895,0.954818]],[[0.844424,-0.477151,-0.243465],[0.488974,0.872195,-0.0134224],[0.218753,-0.107714,0.969817]],[[0.844424,-0.477151,-0.243465],[0.457226,0.878812,-0.136506],[0.279094,0.00395076,0.960256]]],"btipPosition":[-27.0631,225.893,-69.2273],"carpPosition":[-17.2588,162.714,63.9735],"dipPosition":[-22.3509,225.96,-53.0142],"direction":[-0.218753,0.107714,-0.969817],"extended":true,"handId":413,"id":4131,"length":58.114,"mcpPosition":[-11.9369,211.886,10.6877],"pipPosition":[-17.1259,223.387,-29.8498],"stabilizedTipPosition":[-25.9583,225.041,-65.298],"timeVisible":3.34418,"tipPosition":[-26.9242,223.624,-65.2504],"tipVelocity":[-22.5521,751.502,-194.558],"tool":false,"touchDistance":0.296641,"touchZone":"hovering","type":1,"width":19.1147},{"bases":[[[0.735054,-0.60689,-0.302292],[0.651254,0.507978,0.56376],[-0.188583,-0.611263,0.768631]],[[0.727008,-0.630624,-0.271612],[0.561518,0.773704,-0.293392],[0.395167,0.0607834,0.916596]],[[0.727008,-0.630624,-0.271612],[-0.241982,0.134879,-0.96086],[0.642576,0.764278,-0.0545418]],[[0.727008,-0.630624,-0.271612],[-0.609971,-0.411535,-0.677181],[0.315269,0.657991,-0.683851]]],"btipPosition":[-35.8082,164.585,-21.5216],"carpPosition":[-6.07577,159.033,60.8991],"dipPosition":[-29.9535,176.804,-34.2209],"direction":[-0.642576,-0.764278,0.0545418],"extended":false,"handId":413,"id":4132,"length":66.2163,"mcpPosition":[6.92614,201.177,7.90567],"pipPosition":[-11.8965,198.281,-35.7536],"stabilizedTipPosition":[-34.4177,165.935,-23.9258],"timeVisible":3.34418,"tipPosition":[-34.5532,166.757,-23.3432],"tipVelocity":[-26.6105,628.571,-224.357],"tool":false,"touchDistance":0.333333,"touchZone":"none","type":2,"width":18.7732},{"bases":[[[0.648091,-0.726783,-0.227519],[0.695763,0.443576,0.564937],[-0.309665,-0.52443,0.793146]],[[0.645537,-0.731047,-0.221026],[0.644749,0.676772,-0.355357],[0.409367,0.0868899,0.908223]],[[0.645537,-0.731047,-0.221026],[-0.23894,0.0815558,-0.967604],[0.72539,0.677435,-0.122029]],[[0.645537,-0.731047,-0.221026],[-0.657068,-0.384102,-0.648635],[0.389286,0.563947,-0.728299]]],"btipPosition":[-22.4149,152.318,-15.2839],"carpPosition":[3.53647,152.649,57.1257],"dipPosition":[-15.2273,162.73,-28.731],"direction":[-0.72539,-0.677435,0.122029],"extended":false,"handId":413,"id":4133,"length":63.6687,"mcpPosition":[22.7051,185.112,8.02894],"pipPosition":[4.63048,181.275,-32.0716],"stabilizedTipPosition":[-20.7128,153.408,-17.9497],"timeVisible":3.34418,"tipPosition":[-20.7768,154.516,-17.9101],"tipVelocity":[-25.2938,619.202,-211.633],"tool":false,"touchDistance":0.333333,"touchZone":"none","type":3,"width":17.8639},{"bases":[[[0.483966,-0.845829,-0.224388],[0.757985,0.277048,0.590511],[-0.437305,-0.455869,0.775208]],[[0.513618,-0.811552,-0.278532],[0.735032,0.583634,-0.345108],[0.442633,-0.027476,0.896282]],[[0.513618,-0.811552,-0.278532],[-0.250203,0.168851,-0.953356],[0.820728,0.559351,-0.116328]],[[0.513618,-0.811552,-0.278532],[-0.722448,-0.233915,-0.650656],[0.462888,0.535413,-0.706447]]],"btipPosition":[-5.39483,148.181,-10.2904],"carpPosition":[8.76133,141.03,51.1664],"dipPosition":[2.48979,157.301,-22.3237],"direction":[-0.820728,-0.559351,0.116328],"extended":false,"handId":413,"id":4134,"length":49.9151,"mcpPosition":[33.8195,167.152,6.74594],"pipPosition":[18.3529,168.112,-24.5721],"stabilizedTipPosition":[-3.56028,148.795,-12.4924],"timeVisible":3.34418,"tipPosition":[-3.73994,149.739,-12.2104],"tipVelocity":[-13.7896,635.694,-240.663],"tool":false,"touchDistance":0.333333,"touchZone":"none","type":4,"width":15.8681}],"r":[[0.96969,0.0334808,0.242036],[-0.133261,0.902742,0.409021],[-0.204801,-0.428877,0.879841]],"s":0.761321,"t":[-21.2249,43.0476,-31.1379],"timestamp":88856342646},false],[6,{"currentFrameRate":55.3522,"devices":[],"gestures":[],"hands":[{"armBasis":[[0.811701,-0.549799,-0.197134],[0.582718,0.785275,0.209244],[0.0397626,-0.284717,0.957787]],"armWidth":62.9686,"confidence":0.679445,"direction":[0.25892,0.697599,-0.668069],"elbow":[5.32822,76.6765,308.127],"grabStrength":0.13408,"id":413,"palmNormal":[-0.528206,-0.476812,-0.702601],"palmPosition":[0.189117,191.863,15.7704],"palmVelocity":[-2.90911,620.813,-259.743],"palmWidth":89.917,"pinchStrength":1,"r":[[0.97282,0.040772,0.227945],[-0.136008,0.897295,0.419956],[-0.187412,-0.439544,0.878452]],"s":0.773734,"sphereCenter":[-13.5397,174.186,-31.6603],"sphereRadius":45.3034,"stabilizedPalmPosition":[0.172235,190.397,16.4477],"t":[-21.2616,54.2692,-35.8525],"timeVisible":3.36222,"type":"right","wrist":[-5.28108,152.644,52.5745]}],"id":1421179,"interactionBox":{"center":[0,200,0],"size":[235.247,235.247,147.751]},"pointables":[{"bases":[[[0.848375,0.347397,0.399468],[-0.515645,0.371389,0.772127],[0.119877,-0.861037,0.494211]],[[0.714909,0.683197,0.148818],[-0.656365,0.582354,0.479634],[0.24102,-0.440573,0.864757]],[[0.714909,0.683197,0.148818],[-0.696422,0.676723,0.238834],[0.0624619,-0.274385,0.959589]],[[0.714909,0.683197,0.148818],[-0.592625,0.704994,-0.389589],[-0.371082,0.190327,0.908886]]],"btipPosition":[-39.9875,186.838,-41.7722],"carpPosition":[-34.576,160.262,54.2377],"dipPosition":[-48.5698,191.24,-20.7518],"direction":[-0.0624619,0.274385,-0.959589],"extended":false,"handId":413,"id":4130,"length":51.5018,"mcpPosition":[-34.576,160.262,54.2377],"pipPosition":[-46.4652,181.995,11.5801],"stabilizedTipPosition":[-41.8198,186.667,-36.5828],"timeVisible":3.36222,"tipPosition":[-41.6581,188.493,-36.2767],"tipVelocity":[-56.8395,637.867,-204.19],"tool":false,"touchDistance":0.266399,"touchZone":"hovering","type":0,"width":20.0112},{"bases":[[[0.84067,-0.410075,-0.353712],[0.540084,0.58687,0.603236],[-0.0397895,-0.698156,0.714839]],[[0.834723,-0.465042,-0.294911],[0.528603,0.826765,0.192453],[0.154324,-0.316536,0.935943]],[[0.834723,-0.465042,-0.294911],[0.492465,0.870057,0.021899],[0.246406,-0.163513,0.955274]],[[0.834723,-0.465042,-0.294911],[0.459054,0.883445,-0.0937771],[0.304148,-0.0571024,0.950912]]],"btipPosition":[-29.8662,241.655,-71.7821],"carpPosition":[-15.1863,172.589,58.7966],"dipPosition":[-24.731,240.691,-55.7268],"direction":[-0.246406,0.163513,-0.955274],"extended":true,"handId":413,"id":4131,"length":58.114,"mcpPosition":[-12.2935,223.347,6.82641],"pipPosition":[-18.8455,236.786,-32.9098],"stabilizedTipPosition":[-28.5597,240.679,-67.961],"timeVisible":3.36222,"tipPosition":[-29.715,239.025,-67.9251],"tipVelocity":[-83.0365,803.427,-170.43],"tool":false,"touchDistance":0.308533,"touchZone":"hovering","type":1,"width":19.1147},{"bases":[[[0.723094,-0.594627,-0.351502],[0.673429,0.493623,0.5503],[-0.153714,-0.63463,0.757375]],[[0.716405,-0.619408,-0.321088],[0.546147,0.784265,-0.294365],[0.43415,0.0355236,0.90014]],[[0.716405,-0.619408,-0.321088],[-0.282688,0.163043,-0.945254],[0.637849,0.767953,-0.058294]],[[0.716405,-0.619408,-0.321088],[-0.636777,-0.392445,-0.663703],[0.285093,0.679942,-0.675574]]],"btipPosition":[-37.4354,176.903,-25.7714],"carpPosition":[-4.13532,169.047,55.1376],"dipPosition":[-32.1411,189.529,-38.3171],"direction":[-0.637849,-0.767953,0.058294],"extended":false,"handId":413,"id":4132,"length":66.2163,"mcpPosition":[6.46253,212.802,2.9202],"pipPosition":[-14.2169,211.11,-39.9552],"stabilizedTipPosition":[-36.0353,178.401,-28.1775],"timeVisible":3.36222,"tipPosition":[-36.2443,179.167,-27.5976],"tipVelocity":[-60.1855,656.897,-228.801],"tool":false,"touchDistance":0.333333,"touchZone":"none","type":2,"width":18.7732},{"bases":[[[0.639755,-0.717045,-0.276694],[0.718127,0.429396,0.547644],[-0.273874,-0.549059,0.789637]],[[0.637188,-0.722106,-0.269358],[0.624333,0.688537,-0.368951],[0.451885,0.0669221,0.889562]],[[0.637188,-0.722106,-0.269358],[-0.284704,0.104237,-0.952931],[0.716195,0.683884,-0.139168]],[[0.637188,-0.722106,-0.269358],[-0.684493,-0.369601,-0.628382],[0.354204,0.584772,-0.729782]]],"btipPosition":[-23.8209,164.331,-20.1051],"carpPosition":[5.32391,162.817,50.7668],"dipPosition":[-17.281,175.128,-33.5796],"direction":[-0.716195,-0.683884,0.139168],"extended":false,"handId":413,"id":4133,"length":63.6687,"mcpPosition":[22.2771,196.805,1.88725],"pipPosition":[2.3251,193.85,-37.3893],"stabilizedTipPosition":[-22.1583,165.491,-22.6855],"timeVisible":3.36222,"tipPosition":[-22.2659,166.707,-22.9078],"tipVelocity":[-54.2003,643.839,-238.238],"tool":false,"touchDistance":0.333333,"touchZone":"none","type":3,"width":17.8639},{"bases":[[[0.476249,-0.836799,-0.2701],[0.781854,0.262435,0.565538],[-0.402358,-0.480515,0.779239]],[[0.502898,-0.801618,-0.323267],[0.714543,0.596005,-0.366341],[0.486335,-0.0467564,0.872521]],[[0.502898,-0.801618,-0.323267],[-0.297665,0.190505,-0.93547],[0.811473,0.566671,-0.142809]],[[0.502898,-0.801618,-0.323267],[-0.7514,-0.22061,-0.621876],[0.427191,0.555643,-0.71328]]],"btipPosition":[-6.5782,160.153,-15.9849],"carpPosition":[10.3206,151.402,44.2445],"dipPosition"