{"sensorType":"Leap","data":[[0,{"currentFrameRate":53.0008,"devices":[],"gestures":[{"center":[-16.7653,289.222,-104.235],"duration":18960,"handIds":[417],"id":3,"normal":[0.0656584,0.187227,-0.98012],"pointableIds":[4171],"progress":0.882422,"radius":23.7705,"state":"update","type":"circle"}],"hands":[{"armBasis":[[0.769405,-0.434686,-0.468042],[0.558214,0.813752,0.161878],[0.310504,-0.385817,0.868753]],"armWidth":63.72,"confidence":0.743452,"direction":[0.314497,0.360979,-0.877944],"elbow":[47.1016,117.745,296.503],"grabStrength":0,"id":417,"palmNormal":[-0.481836,-0.736164,-0.475286],"palmPosition":[-28.0678,242.592,12.038],"palmVelocity":[90.132,-115.978,82.1861],"palmWidth":90.99,"pinchStrength":0.625931,"r":[[0.771146,-0.63665,-0.00308854],[0.594652,0.718526,0.360708],[-0.227426,-0.279995,0.932674]],"s":0.912001,"sphereCenter":[-45.0319,216.662,-28.0781],"sphereRadius":48.6282,"stabilizedPalmPosition":[-33.146,249.005,5.53197],"t":[-34.5383,158.293,-71.2956],"timeVisible":7.37143,"type":"right","wrist":[-36.7346,221.915,61.9392]}],"id":1423683,"interactionBox":{"center":[0,200,0],"size":[235.247,235.247,147.751]},"pointables":[{"bases":[[[0.821448,0.498511,0.276967],[-0.565478,0.649091,0.508838],[0.0738844,-0.574603,0.815091]],[[0.736316,0.675263,-0.0431111],[-0.6045,0.685105,0.406462],[0.304004,-0.273224,0.91265]],[[0.736316,0.675263,-0.0431111],[-0.65162,0.724816,0.22368],[0.18229,-0.136607,0.973709]],[[0.736316,0.675263,-0.0431111],[-0.619159,0.646702,-0.445442],[-0.272911,0.354679,0.894272]]],"btipPosition":[-81.3341,239.046,-41.517],"carpPosition":[-66.3308,229.05,58.1687],"dipPosition":[-87.7212,247.347,-20.5878],"direction":[-0.18229,0.136607,-0.973709],"extended":true,"handId":417,"id":4170,"length":52.1164,"mcpPosition":[-66.3308,229.05,58.1687],"pipPosition":[-81.5059,242.689,12.6114],"stabilizedTipPosition":[-87.3274,247.584,-41.9353],"timeVisible":7.37143,"tipPosition":[-82.9406,241.998,-37.057],"tipVelocity":[101.471,-149.884,78.3973],"tool":false,"touchDistance":0.17789,"touchZone":"hovering","type":0,"width":20.25},{"bases":[[[0.859073,-0.503764,-0.0906373],[0.502124,0.795066,0.340208],[-0.099322,-0.337775,0.935972]],[[0.854118,-0.517566,-0.0510693],[0.509998,0.814273,0.277238],[-0.101905,-0.262839,0.959443]],[[0.854118,-0.517566,-0.0510693],[0.520004,0.851544,0.066854],[0.00888641,-0.0836574,0.996455]],[[0.854118,-0.517566,-0.0510693],[0.511156,0.853518,-0.101128],[0.0959291,0.060271,0.993562]]],"btipPosition":[-37.1162,279.825,-92.6072],"carpPosition":[-46.9475,242.69,58.5322],"dipPosition":[-35.4772,280.854,-75.6316],"direction":[-0.00888641,0.0836574,-0.996455],"extended":true,"handId":417,"id":4171,"length":58.8075,"mcpPosition":[-39.6404,267.54,-10.3269],"pipPosition":[-35.2624,278.832,-51.5469],"stabilizedTipPosition":[-39.5043,285.039,-92.2793],"timeVisible":7.37143,"tipPosition":[-36.4833,281.665,-88.0628],"tipVelocity":[81.1659,-147.133,71.9386],"tool":false,"touchDistance":0.0553975,"touchZone":"hovering","type":1,"width":19.3428},{"bases":[[[0.739484,-0.672876,-0.020011],[0.63783,0.690844,0.340453],[-0.215258,-0.264524,0.940048]],[[0.734388,-0.678729,0.00141394],[0.524605,0.5663,-0.635683],[0.430656,0.46758,0.771949]],[[0.734388,-0.678729,0.00141394],[-0.205559,-0.2244,-0.95257],[0.646854,0.699265,-0.304315]],[[0.734388,-0.678729,0.00141394],[-0.548044,-0.594212,-0.588693],[0.400403,0.431554,-0.808355]]],"btipPosition":[-67.2282,206.03,-21.4934],"carpPosition":[-35.57,238.106,57.4559],"dipPosition":[-59.7039,214.139,-36.684],"direction":[-0.646854,-0.699265,0.304315],"extended":false,"handId":417,"id":4172,"length":67.0064,"mcpPosition":[-20.5519,256.562,-8.12942],"pipPosition":[-41.3097,234.024,-45.3376],"stabilizedTipPosition":[-73.2124,219.458,-41.6649],"timeVisible":7.37143,"tipPosition":[-64.9422,208.475,-26.7649],"tipVelocity":[95.4204,-145.284,110.447],"tool":false,"touchDistance":0.333333,"touchZone":"none","type":2,"width":18.9972},{"bases":[[[0.649547,-0.75462,0.0929355],[0.681845,0.63222,0.367947],[-0.336416,-0.175631,0.925191]],[[0.649069,-0.754869,0.094247],[0.657642,0.494516,-0.568296],[0.382382,0.430844,0.817409]],[[0.649069,-0.754869,0.094247],[-0.0834156,-0.193767,-0.977495],[0.756142,0.6266,-0.188736]],[[0.649069,-0.754869,0.094247],[-0.511423,-0.52471,-0.680533],[0.563165,0.393513,-0.726631]]],"btipPosition":[-53.2595,197.761,-18.9241],"carpPosition":[-25.7791,230.719,56.7466],"dipPosition":[-42.7374,205.113,-32.5005],"direction":[-0.756142,-0.6266,0.188736],"extended":false,"handId":417,"id":4173,"length":64.4285,"mcpPosition":[-4.70603,241.721,-1.20738],"pipPosition":[-21.7907,222.471,-37.7289],"stabilizedTipPosition":[-58.9663,209.969,-37.1545],"timeVisible":7.37143,"tipPosition":[-50.1386,199.872,-23.379],"tipVelocity":[104.987,-128.939,97.7186],"tool":false,"touchDistance":0.333333,"touchZone":"none","type":3,"width":18.077},{"bases":[[[0.484595,-0.863894,0.13731],[0.742155,0.489135,0.458206],[-0.463004,-0.120139,0.878176]],[[0.504879,-0.857635,0.0977749],[0.763649,0.390976,-0.513787],[0.402414,0.334066,0.852328]],[[0.504879,-0.857635,0.0977749],[-0.0580888,-0.146772,-0.987463],[0.861233,0.49287,-0.123921]],[[0.504879,-0.857635,0.0977749],[-0.545332,-0.404715,-0.734042],[0.669111,0.317283,-0.672028]]],"btipPosition":[-36.1565,197.614,-11.119],"carpPosition":[-20.3969,217.569,55.9325],"dipPosition":[-24.6232,203.083,-22.7026],"direction":[-0.861233,-0.49287,0.123921],"extended":false,"handId":417,"id":4174,"length":50.5107,"mcpPosition":[6.45054,224.536,5.01125],"pipPosition":[-7.77851,212.723,-25.1264],"stabilizedTipPosition":[-41.6072,208.629,-27.2775],"timeVisible":7.37143,"tipPosition":[-32.9347,199.079,-14.4765],"tipVelocity":[105.508,-121.627,93.0201],"tool":false,"touchDistance":0.333333,"touchZone":"none","type":4,"width":16.0574}],"r":[[0.771146,-0.63665,-0.00308854],[0.594652,0.718526,0.360708],[-0.227426,-0.279995,0.932674]],"s":0.912001,"t":[-34.5383,158.293,-71.2956],"timestamp":88902407715},false],[1,{"currentFrameRate":52.9699,"devices":[],"gestures":[{"center":[-16.7653,289.222,-104.235],"duration":18960,"handIds":[417],"id":3,"normal":[0.0656584,0.187227,-0.98012],"pointableIds":[4171],"progress":0.882422,"radius":23.7705,"state":"update","type":"circle"}],"hands":[{"armBasis":[[0.776847,-0.423714,-0.465806],[0.549361,0.817588,0.17249],[0.307751,-0.389894,0.867912]],"armWidth":63.72,"confidence":0.734226,"direction":[0.313273,0.36606,-0.876276],"elbow":[48.1733,114.516,297.209],"grabStrength":0,"id":417,"palmNormal":[-0.474002,-0.739295,-0.478295],"palmPosition":[-26.3232,240.669,13.045],"palmVelocity":[90.9868,-108.733,67.841],"palmWidth":90.99,"pinchStrength":0.623062,"r":[[0.774754,-0.632253,-0.00354251],[0.590126,0.721098,0.362999],[-0.226953,-0.283325,0.931783]],"s":0.911442,"sphereCenter":[-42.6679,214.046,-27.1595],"sphereRadius":48.7088,"stabilizedPalmPosition":[-31.2165,246.647,7.65661],"t":[-32.821,156.243,-70.0279],"timeVisible":7.39042,"type":"right","wrist":[-34.9194,219.787,62.873]}],"id":1423684,"interactionBox":{"center":[0,200,0],"size":[235.247,235.247,147.751]},"pointables":[{"bases":[[[0.816227,0.505243,0.280184],[-0.572553,0.642627,0.509131],[0.0771807,-0.575986,0.813808]],[[0.729964,0.682297,-0.0403026],[-0.611859,0.678608,0.40635],[0.304601,-0.271961,0.912828]],[[0.729964,0.682297,-0.0403026],[-0.659347,0.718491,0.221433],[0.18004,-0.135064,0.974342]],[[0.729964,0.682297,-0.0403026],[-0.623454,0.640525,-0.448367],[-0.280105,0.352419,0.89294]]],"btipPosition":[-79.3583,236.596,-40.635],"carpPosition":[-64.5702,226.663,59.05],"dipPosition":[-85.9138,244.844,-19.737],"direction":[-0.18004,0.135064,-0.974342],"extended":true,"handId":417,"id":4170,"length":52.1164,"mcpPosition":[-64.5702,226.663,59.05],"pipPosition":[-79.7752,240.239,13.4838],"stabilizedTipPosition":[-84.6785,243.857,-39.4316],"timeVisible":7.39042,"tipPosition":[-81.0254,239.534,-36.1573],"tipVelocity":[101.734,-139.937,62.4908],"tool":false,"touchDistance":0.20111,"touchZone":"hovering","type":0,"width":20.25},{"bases":[[[0.863828,-0.495707,-0.0898649],[0.494073,0.798723,0.343414],[-0.0984559,-0.341051,0.934875]],[[0.858717,-0.510098,-0.0490432],[0.503391,0.82175,0.267068],[-0.0959293,-0.254023,0.962429]],[[0.858717,-0.510098,-0.0490432],[0.512352,0.856479,0.0627564],[0.00999264,-0.0790174,0.996823]],[[0.858717,-0.510098,-0.0490432],[0.50398,0.857976,-0.0994098],[0.0927866,0.0606481,0.993837]]],"btipPosition":[-35.7748,277.355,-91.7064],"carpPosition":[-45.3127,240.477,59.4942],"dipPosition":[-34.1895,278.391,-74.7261],"direction":[-0.00999264,0.0790174,-0.996823],"extended":true,"handId":417,"id":4171,"length":58.8075,"mcpPosition":[-38.0693,265.568,-9.28417],"pipPosition":[-33.948,276.482,-50.6324],"stabilizedTipPosition":[-37.3501,281.121,-89.9228],"timeVisible":7.39042,"tipPosition":[-35.0935,279.238,-87.1669],"tipVelocity":[75.6643,-138.68,59.9122],"tool":false,"touchDistance":0.0825701,"touchZone":"hovering","type":1,"width":19.3428},{"bases":[[[0.745615,-0.666078,-0.019952],[0.630719,0.695737,0.343719],[-0.215063,-0.268866,0.93886]],[[0.740456,-0.672103,0.00170961],[0.516159,0.56702,-0.641925],[0.43047,0.4762,0.766765]],[[0.740456,-0.672103,0.00170961],[-0.206085,-0.229463,-0.95125],[0.63973,0.704006,-0.308418]],[[0.740456,-0.672103,0.00170961],[-0.542051,-0.598678,-0.589717],[0.397374,0.435733,-0.807608]]],"btipPosition":[-65.2949,203.597,-20.0805],"carpPosition":[-33.8915,236,58.4334],"dipPosition":[-57.8275,211.785,-35.2571],"direction":[-0.63973,-0.704006,0.308418],"extended":false,"handId":417,"id":4172,"length":67.0064,"mcpPosition":[-18.887,254.758,-7.06898],"pipPosition":[-39.6358,231.805,-44.0274],"stabilizedTipPosition":[-71.9902,217.685,-39.3697],"timeVisible":7.39042,"tipPosition":[-63.0092,206.087,-25.3179],"tipVelocity":[98.2243,-136.358,92.7952],"tool":false,"touchDistance":0.333333,"touchZone":"none","type":2,"width":18.9972},{"bases":[[[0.656158,-0.748924,0.0925727],[0.675201,0.637446,0.371169],[-0.336988,-0.18104,0.923939]],[[0.655686,-0.749176,0.0938642],[0.654442,0.501924,-0.565489],[0.376538,0.432212,0.819397]],[[0.655686,-0.749176,0.0938642],[-0.079345,-0.192,-0.978182],[0.750853,0.633933,-0.185335]],[[0.655686,-0.749176,0.0938642],[-0.505011,-0.527576,-0.683102],[0.561284,0.400498,-0.724266]]],"btipPosition":[-51.034,195.689,-18.0908],"carpPosition":[-24.0322,228.704,57.7288],"dipPosition":[-40.547,203.172,-31.623],"direction":[-0.750853,-0.633933,0.185335],"extended":false,"handId":417,"id":4173,"length":64.4285,"mcpPosition":[-2.92329,240.044,-0.146788],"pipPosition":[-19.7469,220.733,-36.7571],"stabilizedTipPosition":[-57.678,208.405,-35.1678],"timeVisible":7.39042,"tipPosition":[-47.9248,197.838,-22.5264],"tipVelocity":[110.784,-118.392,71.4938],"tool":false,"touchDistance":0.333333,"touchZone":"none","type":3,"width":18.077},{"bases":[[[0.492102,-0.859804,0.136277],[0.736595,0.494685,0.461209],[-0.463964,-0.126581,0.876764]],[[0.513096,-0.853007,0.095458],[0.760164,0.399948,-0.512047],[0.398601,0.335293,0.853637]],[[0.513096,-0.853007,0.095458],[-0.056127,-0.144319,-0.987938],[0.856494,0.501549,-0.121926]],[[0.513096,-0.853007,0.095458],[-0.540813,-0.407644,-0.735763],[0.666524,0.325892,-0.670478]]],"btipPosition":[-33.9606,195.662,-10.1874],"carpPosition":[-18.5287,215.605,56.8942],"dipPosition":[-22.4719,201.28,-21.7443],"direction":[-0.856494,-0.501549,0.121926],"extended":false,"handId":417,"id":4174,"length":50.5107,"mcpPosition":[8.37431,222.945,6.05489],"pipPosition":[-5.71991,211.089,-24.129],"stabilizedTipPosition":[-40.2736,207.116,-25.4069],"timeVisible":7.39042,"tipPosition":[-30.7634,197.165,-13.5317],"tipVelocity":[110.225,-111.476,71.549],"tool":false,"touchDistance":0.333333,"touchZone":"none","type":4,"width":16.0574}],"r":[[0.774754,-0.632253,-0.00354251],[0.590126,0.721098,0.362999],[-0.226953,-0.283325,0.931783]],"s":0.911442,"t":[-32.821,156.243,-70.0279],"timestamp":88902426705},false],[2,{"currentFrameRate":53.0042,"devices":[],"gestures":[{"center":[-16.7653,289.222,-104.235],"duration":18960,"handIds":[417],"id":3,"normal":[0.0656584,0.187227,-0.98012],"pointableIds":[4171],"progress":0.882422,"radius":23.7705,"state":"update","type":"circle"}],"hands":[{"armBasis":[[0.777791,-0.41925,-0.468264],[0.54397,0.822246,0.167359],[0.314863,-0.384892,0.867594]],"armWidth":63.72,"confidence":0.751336,"direction":[0.310363,0.373738,-0.874068],"elbow":[51.5744,114.078,297.801],"grabStrength":0,"id":417,"palmNormal":[-0.467776,-0.740406,-0.482684],"palmPosition":[-25.008,239.241,13.847],"palmVelocity":[80.8386,-92.8806,55.6278],"palmWidth":90.99,"pinchStrength":0.625423,"r":[[0.778665,-0.627423,-0.00459808],[0.585279,0.723682,0.365694],[-0.226118,-0.287444,0.930724]],"s":0.910098,"sphereCenter":[-40.8797,212.126,-26.5372],"sphereRadius":48.8021,"stabilizedPalmPosition":[-29.2412,244.291,9.62619],"t":[-31.3048,154.504,-68.993],"timeVisible":7.40916,"type":"right","wrist":[-33.4385,217.999,63.5509]}],"id":1423685,"interactionBox":{"center":[0,200,0],"size":[235.247,235.247,147.751]},"pointables":[{"bases":[[[0.811963,0.510358,0.283286],[-0.577945,0.634882,0.512742],[0.0818288,-0.580051,0.81046]],[[0.72406,0.68876,-0.0366948],[-0.617678,0.671172,0.409881],[0.306938,-0.274113,0.911401]],[[0.72406,0.68876,-0.0366948],[-0.665773,0.711815,0.223754],[0.180233,-0.137581,0.973955]],[[0.72406,0.68876,-0.0366948],[-0.629053,0.6376,-0.4447],[-0.282895,0.345072,0.894928]]],"btipPosition":[-77.9907,234.948,-39.8851],"carpPosition":[-63.1447,224.65,59.7619],"dipPosition":[-84.6115,243.024,-18.9406],"direction":[-0.180233,0.137581,-0.973955],"extended":true,"handId":417,"id":4170,"length":52.1164,"mcpPosition":[-63.1447,224.65,59.7619],"pipPosition":[-78.4664,238.333,14.267],"stabilizedTipPosition":[-82.2918,240.599,-37.4152],"timeVisible":7.40916,"tipPosition":[-79.6772,237.835,-35.3684],"tipVelocity":[87.3172,-115.599,51.8082],"tool":false,"touchDistance":0.218005,"touchZone":"hovering","type":0,"width":20.25},{"bases":[[[0.867925,-0.487993,-0.0925689],[0.487375,0.800783,0.348156],[-0.09577,-0.347289,0.932855]],[[0.862847,-0.502857,-0.0512731],[0.497741,0.827616,0.259434],[-0.0880239,-0.249373,0.964399]],[[0.862847,-0.502857,-0.0512731],[0.505276,0.860846,0.0603393],[0.0137961,-0.0779707,0.99686]],[[0.862847,-0.502857,-0.0512731],[0.49685,0.862415,-0.0968485],[0.0929196,0.0580904,0.993978]]],"btipPosition":[-35.0961,275.776,-90.8495],"carpPosition":[-44.0025,238.621,60.2904],"dipPosition":[-33.5085,276.769,-73.8668],"direction":[-0.0137961,0.0779707,-0.99686],"extended":true,"handId":417,"id":4171,"length":58.8075,"mcpPosition":[-36.9568,264.171,-8.33938],"pipPosition":[-33.175,274.884,-49.7723],"stabilizedTipPosition":[-35.8763,278.242,-88.2464],"timeVisible":7.40916,"tipPosition":[-34.3463,277.667,-86.3185],"tipVelocity":[56.4437,-112.396,53.006],"tool":false,"touchDistance":0.100185,"touchZone":"hovering","type":1,"width":19.3428},{"bases":[[[0.751119,-0.659743,-0.0236723],[0.624871,0.698934,0.34789],[-0.212972,-0.276099,0.937237]],[[0.746014,-0.665927,-0.00207833],[0.511858,0.575407,-0.637894],[0.425987,0.474814,0.770121]],[[0.746014,-0.665927,-0.00207833],[-0.20333,-0.224809,-0.952952],[0.634129,0.711338,-0.303114]],[[0.746014,-0.665927,-0.00207833],[-0.536562,-0.599237,-0.594151],[0.394416,0.44436,-0.804351]]],"btipPosition":[-63.6627,202.043,-19.5685],"carpPosition":[-32.5444,234.244,59.206],"dipPosition":[-56.2509,210.393,-34.6838],"direction":[-0.634129,-0.711338,0.303114],"extended":false,"handId":417,"id":4172,"length":67.0064,"mcpPosition":[-17.6858,253.507,-6.18315],"pipPosition":[-38.2185,230.621,-43.3033],"stabilizedTipPosition":[-70.3055,215.381,-36.6283],"timeVisible":7.40916,"tipPosition":[-61.4119,204.566,-24.715],"tipVelocity":[92.4598,-109.342,61.2397],"tool":false,"touchDistance":0.333333,"touchZone":"none","type":2,"width":18.9972},{"bases":[[[0.662334,-0.743981,0.0883502],[0.66983,0.640855,0.375009],[-0.335619,-0.189202,0.922801]],[[0.661913,-0.744218,0.0895086],[0.650049,0.510456,-0.562912],[0.373239,0.430784,0.821656]],[[0.661913,-0.744218,0.0895086],[-0.0780406,-0.187183,-0.97922],[0.745508,0.641173,-0.181978]],[[0.661913,-0.744218,0.0895086],[-0.500691,-0.527834,-0.686075],[0.557835,0.409306,-0.722003]]],"btipPosition":[-49.3524,194.23,-17.5236],"carpPosition":[-22.6248,227.035,58.4609],"dipPosition":[-38.9298,201.878,-31.0135],"direction":[-0.745508,-0.641173,0.181978],"extended":false,"handId":417,"id":4173,"length":64.4285,"mcpPosition":[-1.60162,238.887,0.656625],"pipPosition":[-18.2778,219.639,-36.0546],"stabilizedTipPosition":[-55.8715,206.313,-32.7179],"timeVisible":7.40916,"tipPosition":[-46.2742,196.423,-21.9242],"tipVelocity":[100.128,-97.6371,51.6456],"tool":false,"touchDistance":0.333333,"touchZone":"none","type":3,"width":18.077},{"bases":[[[0.499197,-0.856471,0.131376],[0.732393,0.498087,0.46423],[-0.463036,-0.135524,0.875917]],[[0.520441,-0.849142,0.0899974],[0.756276,0.409438,-0.510301],[0.39647,0.333644,0.855274]],[[0.520441,-0.849142,0.0899974],[-0.0557155,-0.13894,-0.988732],[0.852078,0.509562,-0.119621]],[[0.520441,-0.849142,0.0899974],[-0.537746,-0.407796,-0.737924],[0.663302,0.33565,-0.668856]]],"btipPosition":[-32.2812,194.297,-9.61214],"carpPosition":[-17.0127,213.988,57.5513],"dipPosition":[-20.848,200.082,-21.1411],"direction":[-0.852078,-0.509562,0.119621],"extended":false,"handId":417,"id":4174,"length":50.5107,"mcpPosition":[9.83649,221.846,6.76107],"pipPosition":[-4.18237,210.049,-23.4807],"stabilizedTipPosition":[-38.4858,205.182,-23.1949],"timeVisible":7.40916,"tipPosition":[-29.1079,195.844,-12.9423],"tipVelocity":[99.8391,-91.6475,51.797],"tool":false,"touchDistance":0.333333,"touchZone":"none","type":4,"width":16.0574}],"r":[[0.778665,-0.627423,-0.00459808],[0.585279,0.723682,0.365694],[-0.226118,-0.287444,0.930724]],"s":0.910098,"t":[-31.3048,154.504,-68.993],"timestamp":88902445448},false],[3,{"currentFrameRate":52.9818,"devices":[],"gestures":[{"center":[-16.7653,289.222,-104.235],"duration":18960,"handIds":[417],"id":3,"normal":[0.0656584,0.187227,-0.98012],"pointableIds":[4171],"progress":0.882422,"radius":23.7705,"state":"update","type":"circle"}],"hands":[{"armBasis":[[0.782943,-0.422309,-0.456788],[0.539184,0.826913,0.159674],[0.310292,-0.371308,0.875128]],"armWidth":63.72,"confidence":0.768111,"direction":[0.296659,0.383872,-0.874435],"elbow":[52.9835,114.982,300.963],"grabStrength":0,"id":417,"palmNormal":[-0.466393,-0.740791,-0.483431],"palmPosition":[-23.1429,236.966,15.0599],"palmVelocity":[89.466,-106.215,59.734],"palmWidth":90.99,"pinchStrength":0.630083,"r":[[0.782937,-0.622046,-0.00827753],[0.580866,0.726212,0.367711],[-0.222722,-0.292702,0.929903]],"s":0.908092,"sphereCenter":[-38.9913,209.494,-25.3939],"sphereRadius":48.8915,"stabilizedPalmPosition":[-27.0624,241.674,11.5675],"t":[-29.6141,152.497,-67.8691],"timeVisible":7.42811,"type":"right","wrist":[-30.7952,215.235,64.6782]}],"id":1423686,"interactionBox":{"center":[0,200,0],"size":[235.247,235.247,147.751]},"pointables":[{"bases":[[[0.81038,0.51567,0.278152],[-0.577872,0.625119,0.524681],[0.0966845,-0.585927,0.804575]],[[0.716984,0.695968,-0.0395235],[-0.619339,0.662012,0.42209],[0.319926,-0.278153,0.905692]],[[0.716984,0.695968,-0.0395235],[-0.670238,0.703842,0.235344],[0.19161,-0.142248,0.971108]],[[0.716984,0.695968,-0.0395235],[-0.640175,0.634948,-0.432455],[-0.275879,0.335365,0.900789]]],"btipPosition":[-76.651,232.522,-38.1138],"carpPosition":[-60.6046,221.636,61.2884],"dipPosition":[-83.1076,240.37,-17.0321],"direction":[-0.19161,0.142248,-0.971108],"extended":true,"handId":417,"id":4170,"length":52.1164,"mcpPosition":[-60.6046,221.636,61.2884],"pipPosition":[-76.5745,235.52,16.0784],"stabilizedTipPosition":[-80.3073,237.604,-35.4333],"timeVisible":7.42811,"tipPosition":[-78.3243,235.343,-33.5312],"tipVelocity":[80.1195,-123.054,73.0879],"tool":false,"touchDistance":0.250386,"touchZone":"hovering","type":0,"width":20.25},{"bases":[[[0.871328,-0.478966,-0.10667],[0.483859,0.802461,0.349195],[-0.0816542,-0.355877,0.930959]],[[0.866807,-0.494397,-0.064944],[0.493818,0.833027,0.24942],[-0.0692122,-0.248269,0.966215]],[[0.866807,-0.494397,-0.064944],[0.497786,0.865583,0.0545492],[0.0292454,-0.0796119,0.996397]],[[0.866807,-0.494397,-0.064944],[0.487456,0.867575,-0.0984869],[0.105035,0.0537117,0.993017]]],"btipPosition":[-35.1101,273.637,-89.3381],"carpPosition":[-41.5894,235.782,61.7127],"dipPosition":[-33.3155,274.554,-72.3718],"direction":[-0.0292454,0.0796119,-0.996397],"extended":true,"handId":417,"id":4171,"length":58.8075,"mcpPosition":[-35.5822,261.964,-6.77756],"pipPosition":[-32.6086,272.63,-48.2885],"stabilizedTipPosition":[-35.2243,275.812,-86.6919],"timeVisible":7.42811,"tipPosition":[-34.2574,275.515,-84.8259],"tipVelocity":[29.5789,-113.081,66.0428],"tool":false,"touchDistance":0.125312,"touchZone":"hovering","type":1,"width":19.3428},{"bases":[[[0.756947,-0.652378,-0.0378694],[0.622291,0.701925,0.346489],[-0.19946,-0.285839,0.937289]],[[0.752203,-0.658725,-0.0164907],[0.500407,0.587343,-0.636098],[0.428699,0.470223,0.771432]],[[0.752203,-0.658725,-0.0164907],[-0.209717,-0.215603,-0.953695],[0.624667,0.720831,-0.300323]],[[0.752203,-0.658725,-0.0164907],[-0.536478,-0.597693,-0.59578],[0.382599,0.456994,-0.802978]]],"btipPosition":[-61.8048,199.716,-18.4871],"carpPosition":[-30.1041,231.524,60.4594],"dipPosition":[-54.615,208.303,-33.5766],"direction":[-0.624667,-0.720831,0.300323],"extended":false,"handId":417,"id":4172,"length":67.0064,"mcpPosition":[-16.1882,251.466,-4.93342],"pipPosition":[-36.8517,228.801,-42.1168],"stabilizedTipPosition":[-68.1322,212.451,-33.4884],"timeVisible":7.42811,"tipPosition":[-59.6806,202.252,-23.407],"tipVelocity":[93.867,-114.526,59.3351],"tool":false,"touchDistance":0.333333,"touchZone":"none","type":2,"width":18.9972},{"bases":[[[0.670265,-0.738376,0.0744619],[0.668106,0.644052,0.3726],[-0.323076,-0.199992,0.925]],[[0.669961,-0.738565,0.0753337],[0.638089,0.520991,-0.566931],[0.379467,0.427891,0.820313]],[[0.669961,-0.738565,0.0753337],[-0.0889383,-0.180589,-0.979529],[0.73705,0.649546,-0.186674]],[[0.669961,-0.738565,0.0753337],[-0.50453,-0.527392,-0.683598],[0.544612,0.419976,-0.72596]]],"btipPosition":[-47.4369,191.984,-16.3187],"carpPosition":[-20.1267,224.415,59.5395],"dipPosition":[-37.2614,199.831,-29.8826],"direction":[-0.73705,-0.649546,0.186674],"extended":false,"handId":417,"id":4173,"length":64.4285,"mcpPosition":[0.110792,236.943,1.59747],"pipPosition":[-16.8436,217.825,-35.0538],"stabilizedTipPosition":[-53.5802,203.65,-29.894],"timeVisible":7.42811,"tipPosition":[-44.4559,194.223,-20.7184],"tipVelocity":[99.1109,-106.7,57.0609],"tool":false,"touchDistance":0.333333,"touchZone":"none","type":3,"width":18.077},{"bases":[[[0.508702,-0.852759,0.118425],[0.733038,0.501151,0.459894],[-0.451527,-0.147138,0.880042]],[[0.529577,-0.844807,0.0764875],[0.745759,0.420718,-0.516565],[0.404218,0.330602,0.852825]],[[0.529577,-0.844807,0.0764875],[-0.0670146,-0.131555,-0.989041],[0.845611,0.518647,-0.126283]],[[0.529577,-0.844807,0.0764875],[-0.542987,-0.406885,-0.734581],[0.651701,0.347485,-0.674196]]],"btipPosition":[-30.2868,192.138,-8.63778],"carpPosition":[-14.4035,211.429,58.4559],"dipPosition":[-19.0535,198.127,-20.2588],"direction":[-0.845611,-0.518647,0.126283],"extended":false,"handId":417,"id":4174,"length":50.5107,"mcpPosition":[11.7784,219.961,7.4265],"pipPosition":[-2.51439,208.271,-22.7287],"stabilizedTipPosition":[-36.1908,202.699,-20.6654],"timeVisible":7.42811,"tipPosition":[-27.1784,193.74,-11.9894],"tipVelocity":[101.291,-101.365,51.0551],"tool":false,"touchDistance":0.333333,"touchZone":"none","type":4,"width":16.0574}],"r":[[0.782937,-0.622046,-0.00827753],[0.580866,0.726212,0.367711],[-0.222722,-0.292702,0.929903]],"s":0.908092,"t":[-29.6141,152.497,-67.8691],"timestamp":88902464403},false],[4,{"currentFrameRate":53.0158,"devices":[],"gestures":[{"center":[-16.7653,289.222,-104.235],"duration":18960,"handIds":[417],"id":3,"normal":[0.0656584,0.187227,-0.98012],"pointableIds":[4171],"progress":0.882422,"radius":23.7705,"state":"update","type":"circle"}],"hands":[{"armBasis":[[0.792559,-0.41623,-0.44565],[0.535868,0.824178,0.183238],[0.291025,-0.384036,0.876254]],"armWidth":63.72,"confidence":0.788128,"direction":[0.278331,0.379419,-0.882368],"elbow":[50.3009,109.836,302.645],"grabStrength":0,"id":417,"palmNormal":[-0.474188,-0.744625,-0.469765],"palmPosition":[-21.6617,234.983,16.171],"palmVelocity":[84.3837,-106.002,59.5177],"palmWidth":90.99,"pinchStrength":0.641921,"r":[[0.78655,-0.617377,-0.013603],[0.57846,0.7289,0.366183],[-0.216158,-0.29589,0.930443]],"s":0.905059,"sphereCenter":[-38.0585,206.784,-23.7901],"sphereRadius":48.9173,"stabilizedPalmPosition":[-25.0242,239.149,13.3048],"t":[-28.0282,150.503,-66.7517],"timeVisible":7.44686,"type":"right","wrist":[-28.276,213.526,66.0566]}],"id":1423687,"interactionBox":{"center":[0,200,0],"size":[235.247,235.247,147.751]},"pointables":[{"bases":[[[0.814549,0.51907,0.258992],[-0.56878,0.626893,0.532443],[0.114015,-0.58101,0.805871]],[[0.714744,0.697045,-0.0571711],[-0.61246,0.663284,0.430055],[0.337688,-0.272364,0.900991]],[[0.714744,0.697045,-0.0571711],[-0.66877,0.70509,0.235787],[0.204665,-0.130293,0.970122]],[[0.714744,0.697045,-0.0571711],[-0.64611,0.626796,-0.435509],[-0.267735,0.348217,0.898367]]],"btipPosition":[-75.7304,229.729,-35.8539],"carpPosition":[-58.1616,219.841,63.2233],"dipPosition":[-81.9964,237.879,-14.8289],"direction":[-0.204665,0.130293,-0.970122],"extended":true,"handId":417,"id":4170,"length":52.1164,"mcpPosition":[-58.1616,219.841,63.2233],"pipPosition":[-75.0182,233.436,18.248],"stabilizedTipPosition":[-78.9004,234.912,-33.4524],"timeVisible":7.44686,"tipPosition":[-77.505,232.638,-31.2555],"tipVelocity":[66.152,-133.904,95.906],"tool":false,"touchDistance":0.288493,"touchZone":"hovering","type":0,"width":20.25},{"bases":[[[0.870145,-0.477658,-0.121203],[0.48884,0.805548,0.334854],[-0.0623105,-0.350621,0.934442]],[[0.866505,-0.492805,-0.079448],[0.49725,0.838228,0.223867],[-0.0437272,-0.233487,0.971376]],[[0.866505,-0.492805,-0.079448],[0.496315,0.867563,0.0317184],[0.0532952,-0.0669154,0.996334]],[[0.866505,-0.492805,-0.079448],[0.482724,0.867794,-0.11795],[0.127071,0.0638526,0.989836]]],"btipPosition":[-36.1711,270.384,-88.2855],"carpPosition":[-39.1746,234.031,63.1875],"dipPosition":[-34,271.475,-71.3735],"direction":[-0.0532952,0.0669154,-0.996334],"extended":true,"handId":417,"id":4171,"length":58.8075,"mcpPosition":[-34.5905,259.826,-5.55907],"pipPosition":[-32.7118,269.858,-47.2917],"stabilizedTipPosition":[-35.4794,272.86,-85.3826],"timeVisible":7.44686,"tipPosition":[-35.1469,272.311,-83.8326],"tipVelocity":[-10.1863,-141.533,60.9049],"tool":false,"touchDistance":0.148018,"touchZone":"hovering","type":1,"width":19.3428},{"bases":[[[0.757557,-0.650917,-0.049139],[0.627424,0.705304,0.329977],[-0.180129,-0.280807,0.942709]],[[0.753253,-0.65715,-0.0276348],[0.486291,0.584714,-0.649331],[0.442866,0.475673,0.760003]],[[0.753253,-0.65715,-0.0276348],[-0.228126,-0.221619,-0.948074],[0.616902,0.720444,-0.316848]],[[0.753253,-0.65715,-0.0276348],[-0.546813,-0.602325,-0.58155],[0.36552,0.453165,-0.813041]]],"btipPosition":[-60.897,197.452,-16.384],"carpPosition":[-27.7067,229.791,61.7307],"dipPosition":[-54.0282,205.968,-31.6627],"direction":[-0.616902,-0.720444,0.316848],"extended":false,"handId":417,"id":4172,"length":67.0064,"mcpPosition":[-15.1394,249.382,-4.04026],"pipPosition":[-36.4857,226.455,-40.6727],"stabilizedTipPosition":[-66.1891,209.576,-30.4926],"timeVisible":7.44686,"tipPosition":[-58.88,199.96,-21.3485],"tipVelocity":[69.8018,-118.01,83.9847],"tool":false,"touchDistance":0.333333,"touchZone":"none","type":2,"width":18.9972},{"bases":[[[0.673325,-0.73645,0.0653897],[0.673883,0.647686,0.355506],[-0.304164,-0.195306,0.932384]],[[0.67309,-0.7366,0.0661067],[0.625395,0.519196,-0.582508],[0.394753,0.433424,0.810132]],[[0.67309,-0.7366,0.0661067],[-0.108341,-0.186631,-0.976438],[0.731582,0.650069,-0.205424]],[[0.67309,-0.7366,0.0661067],[-0.517148,-0.532683,-0.669931],[0.528685,0.416737,-0.739474]]],"btipPosition":[-46.4618,189.773,-14.4402],"carpPosition":[-17.733,222.699,60.6537],"dipPosition":[-36.5838,197.56,-28.2566],"direction":[-0.731582,-0.650069,0.205424],"extended":false,"handId":417,"id":4173,"length":64.4285,"mcpPosition":[1.31986,234.933,2.24915],"pipPosition":[-16.3176,215.568,-33.9472],"stabilizedTipPosition":[-51.4908,200.961,-27.1626],"timeVisible":7.44686,"tipPosition":[-43.5905,191.982,-18.8933],"tipVelocity":[74.3826,-112.554,76.5985],"tool":false,"touchDistance":0.333333,"touchZone":"none","type":3,"width":18.077},{"bases":[[[0.512933,-0.85093,0.113219],[0.740868,0.50544,0.442317],[-0.433606,-0.142999,0.889684]],[[0.533034,-0.843139,0.0706476],[0.733708,0.419034,-0.534866],[0.421363,0.336937,0.841978]],[[0.533034,-0.843139,0.0706476],[-0.0878404,-0.138193,-0.986502],[0.841522,0.519633,-0.147723]],[[0.533034,-0.843139,0.0706476],[-0.557477,-0.412792,-0.720293],[0.63647,0.344556,-0.690062]]],"btipPosition":[-29.1885,189.995,-7.04473],"carpPosition":[-12.0023,209.72,59.5317],"dipPosition":[-18.2178,195.934,-18.9392],"direction":[-0.841522,-0.519633,0.147723],"extended":false,"handId":417,"id":4174,"length":50.5107,"mcpPosition":[13.1404,218.012,7.94318],"pipPosition":[-1.75866,206.098,-21.8285],"stabilizedTipPosition":[-34.0089,200.102,-18.172],"timeVisible":7.44686,"tipPosition":[-26.1661,191.578,-10.4712],"tipVelocity":[78.911,-107.98,65.9701],"tool":false,"touchDistance":0.333333,"touchZone":"none","type":4,"width":16.0574}],"r":[[0.78655,-0.617377,-0.013603],[0.57846,0.7289,0.366183],[-0.216158,-0.29589,0.930443]],"s":0.905059,"t":[-28.0282,150.503,-66.7517],"timestamp":88902483143},false],[5,{"currentFrameRate":53.0125,"devices":[],"gestures":[{"center":[-16.7653,289.222,-104.235],"duration":18960,"handIds":[417],"id":3,"normal":[0.0656584,0.187227,-0.98012],"pointableIds":[4171],"progress":0.882422,"radius":23.7705,"state":"stop","type":"circle"}],"hands":[{"armBasis":[[0.790512,-0.429838,-0.436268],[0.54033,0.824838,0.16639],[0.28833,-0.367262,0.884299]],"armWidth":63.72,"confidence":0.806467,"direction":[0.258753,0.376995,-0.889338],"elbow":[51.6822,112.076,305.956],"grabStrength":0,"id":417,"palmNormal":[-0.484736,-0.745692,-0.457137],"palmPosition":[-20.657,232.561,17.1186],"palmVelocity":[69.1176,-116.951,54.9557],"palmWidth":90.99,"pinchStrength":0.643357,"r":[[0.789273,-0.613682,-0.0210421],[0.578182,0.731202,0.362008],[-0.206772,-0.297889,0.931937]],"s":0.901226,"sphereCenter":[-37.6805,203.506,-22.4186],"sphereRadius":49.035,"stabilizedPalmPosition":[-23.2694,236.502,14.8373],"t":[-26.7329,148.294,-65.7191],"timeVisible":7.46573,"type":"right","wrist":[-26.1668,211.237,67.1955]}],"id":1423688,"interactionBox":{"center":[0,200,0],"size":[235.247,235.247,147.751]},"pointables":[{"bases":[[[0.820259,0.519462,0.239444],[-0.556615,0.628494,0.5433],[0.131735,-0.578925,0.804668]],[[0.714343,0.695953,-0.0732334],[-0.6021,0.664575,0.442511],[0.356636,-0.272011,0.893768]],[[0.714343,0.695953,-0.0732334],[-0.663529,0.706856,0.245121],[0.222358,-0.126508,0.966723]],[[0.714343,0.695953,-0.0732334],[-0.653614,0.626152,-0.425115],[-0.250005,0.351544,0.902172]]],"btipPosition":[-75.639,227.219,-33.6791],"carpPosition":[-56.1061,217.555,65.0107],"dipPosition":[-81.49,235.446,-12.565],"direction":[-0.222358,0.126508,-0.966723],"extended":true,"handId":417,"id":4170,"length":52.1164,"mcpPosition":[-56.1061,217.555,65.0107],"pipPosition":[-73.9086,231.133,20.396],"stabilizedTipPosition":[-78.1315,232.584,-31.5943],"timeVisible":7.46573,"tipPosition":[-77.3801,230.056,-29.0336],"tipVelocity":[38.5916,-132.994,105.902],"tool":false,"touchDistance":0.325081,"touchZone":"hovering","type":0,"width":20.25},{"bases":[[[0.867094,-0.478282,-0.139259],[0.496402,0.806255,0.321773],[-0.0416199,-0.348136,0.93652]],[[0.864394,-0.493258,-0.0975679],[0.502632,0.842414,0.194166],[-0.0135813,-0.216876,0.976105]],[[0.864394,-0.493258,-0.0975679],[0.495849,0.868405,0.00267517],[0.0834089,-0.0506914,0.995225]],[[0.864394,-0.493258,-0.0975679],[0.478018,0.86633,-0.144815],[0.155957,0.0785378,0.984637]]],"btipPosition":[-38.1557,266.552,-87.198],"carpPosition":[-37.1205,231.739,64.5153],"dipPosition":[-35.4911,267.894,-70.3749],"direction":[-0.0834089,0.0506914,-0.995225],"extended":true,"handId":417,"id":4171,"length":58.8075,"mcpPosition":[-34.0585,257.351,-4.38411],"pipPosition":[-33.475,266.669,-46.3199],"stabilizedTipPosition":[-36.7542,269.153,-84.1136],"timeVisible":7.46573,"tipPosition":[-36.8672,268.634,-82.8109],"tipVelocity":[-53.7636,-170.161,58.762],"tool":false,"touchDistance":0.177277,"touchZone":"hovering","type":1,"width":19.3428},{"bases":[[[0.756085,-0.651312,-0.0642521],[0.634814,0.70595,0.31408],[-0.159205,-0.27826,0.94722]],[[0.752261,-0.657483,-0.0426527],[0.471695,0.582628,-0.661852],[0.460007,0.477767,0.74842]],[[0.752261,-0.657483,-0.0426527],[-0.249562,-0.224428,-0.941993],[0.609772,0.719269,-0.332912]],[[0.752261,-0.657483,-0.0426527],[-0.559956,-0.603876,-0.56726],[0.347206,0.450611,-0.822434]]],"btipPosition":[-60.6185,194.954,-14.4228],"carpPosition":[-25.689,227.491,62.815],"dipPosition":[-54.0938,203.422,-29.8779],"direction":[-0.609772,-0.719269,0.332912],"extended":false,"handId":417,"id":4172,"length":67.0064,"mcpPosition":[-14.5816,246.904,-3.2706],"pipPosition":[-36.7541,223.876,-39.3447],"stabilizedTipPosition":[-64.663,206.841,-27.7916],"timeVisible":7.46573,"tipPosition":[-58.7223,197.435,-19.4139],"tipVelocity":[40.7787,-125.312,92.6925],"tool":false,"touchDistance":0.333333,"touchZone":"none","type":2,"width":18.9972},{"bases":[[[0.674395,-0.736513,0.0523467],[0.681812,0.648382,0.338722],[-0.283414,-0.192742,0.939429]],[[0.674251,-0.736611,0.0528238],[0.612205,0.517507,-0.597823],[0.413026,0.435422,0.799886]],[[0.674251,-0.736611,0.0528238],[-0.130735,-0.189454,-0.973147],[0.726838,0.64924,-0.224041]],[[0.674251,-0.736611,0.0528238],[-0.532593,-0.534562,-0.656193],[0.511596,0.414305,-0.752742]]],"btipPosition":[-46.1382,187.285,-12.7786],"carpPosition":[-15.7438,220.392,61.5353],"dipPosition":[-36.5795,195.026,-26.8428],"direction":[-0.726838,-0.64924,0.224041],"extended":false,"handId":417,"id":4173,"length":64.4285,"mcpPosition":[2.0092,232.466,2.68942],"pipPosition":[-16.4446,213.011,-33.0492],"stabilizedTipPosition":[-49.7882,198.279,-24.6486],"timeVisible":7.46573,"tipPosition":[-43.3851,189.467,-17.282],"tipVelocity":[44.4337,-122.268,80.7221],"tool":false,"touchDistance":0.333333,"touchZone":"none","type":3,"width":18.077},{"bases":[[[0.515073,-0.85081,0.104032],[0.75067,0.506342,0.424397],[-0.413757,-0.140502,0.89948]],[[0.534243,-0.84313,0.0609617],[0.721754,0.417414,-0.55212],[0.440062,0.338966,0.831533]],[[0.534243,-0.84313,0.0609617],[-0.109925,-0.140794,-0.983917],[0.838153,0.51895,-0.167899]],[[0.534243,-0.84313,0.0609617],[-0.573631,-0.414557,-0.706463],[0.620912,0.342453,-0.70512]]],"btipPosition":[-28.7076,187.517,-5.80056],"carpPosition":[-10.0434,207.408,60.3204],"dipPosition":[-18.0051,193.42,-17.9546],"direction":[-0.838153,-0.51895,0.167899],"extended":false,"handId":417,"id":4174,"length":50.5107,"mcpPosition":[13.9485,215.555,8.16387],"pipPosition":[-1.61179,203.57,-21.2385],"stabilizedTipPosition":[-32.1125,197.359,-15.8327],"timeVisible":7.46573,"tipPosition":[-25.769,189.085,-9.29192],"tipVelocity":[51.1318,-119.63,64.3943],"tool":false,"touchDistance":0.333333,"touchZone":"none","type":4,"width":16.0574}],"r":[[0.789273,-0.613682,-0.0210421],[0.578182,0.731202,0.362008],[-0.206772,-0.297889,0.931937]],"s":0.901226,"t":[-26.7329,148.294,-65.7191],"timestamp":88902502018},false],[6,{"currentFrameRate":53.021,"devices":[],"gestures":[],"hands":[{"armBasis":[[0.797139,-0.437646,-0.415977],[0.536007,0.830079,0.153834],[0.277969,-0.345593,0.896269]],"armWidth":63.72,"confidence":0.827105,"direction":[0.237019,0.363668,-0.90087],"elbow":[51.0179,115.826,311.146],"grabStrength":0,"id":417,"palmNormal":[-0.488223,-0.757106,-0.434084],"palmPosition":[-19.7462,229.641,18.6167],"palmVelocity":[58.9697,-135.601,66.9902],"palmWidth":90.99,"pinchStrength":0.642758,"r":[[0.79223,-0.609568,-0.0282555],[0.578276,0.735164,0.353737],[-0.194854,-0.296581,0.934918]],"s":0.896032,"sphereCenter":[-36.9872,198.726,-20.0767],"sphereRadius":49.2189,"stabilizedPalmPosition":[-21.8167,233.673,16.3957],"t":[-25.6299,145.73,-64.4538],"timeVisible":7.48456,"type":"right","wrist":[-24.0336,209.136,69.1534]}],"id":1423689,"interactionBox":{"center":[0,200,0],"size":[235.247,235.247,147.751]},"pointables":[{"bases":[[[0.82091,0.529754,0.213231],[-0.55012,0.633432,0.544179],[0.153214,-0.564025,0.811419]],[[0.709431,0.698259,-0.0956073],[-0.596472,0.667122,0.446284],[0.375404,-0.259581,0.88977]],[[0.709431,0.698259,-0.0956073],[-0.664311,0.707823,0.240159],[0.235366,-0.106863,0.966014]],[[0.709431,0.698259,-0.0956073],[-0.663828,0.616471,-0.423434],[-0.236728,0.363864,0.900868]]],"btipPosition":[-75.2859,223.272,-30.9416],"carpPosition":[-54.0619,215.187,67.494],"dipPosition":[-80.8261,231.788,-9.858],"direction":[-0.235366,0.106863,-0.966014],"extended":true,"handId":417,"id":4170,"length":52.1164,"mcpPosition":[-54.0619,215.187,67.494],"pipPosition":[-72.8012,228.144,23.0788],"stabilizedTipPosition":[-77.5369,229.802,-29.5125],"timeVisible":7.48456,"tipPosition":[-77.0778,225.98,-26.2702],"tipVelocity":[30.7449,-168.742,125.03],"tool":false,"touchDistance":0.366864,"touchZone":"hovering","type":0,"width":20.25},{"bases":[[[0.867789,-0.473946,-0.149388],[0.496562,0.815428,0.297496],[-0.0191822,-0.332344,0.942963]],[[0.866113,-0.488064,-0.107894],[0.499437,0.853749,0.147226],[0.0202587,-0.181401,0.983201]],[[0.866113,-0.488064,-0.107894],[0.485953,0.872728,-0.0468639],[0.117035,-0.011842,0.993057]],[[0.866113,-0.488064,-0.107894],[0.46317,0.8648,-0.193894],[0.18794,0.117961,0.975071]]],"btipPosition":[-40.7041,260.02,-85.919],"carpPosition":[-35.2051,229.505,66.3574],"dipPosition":[-37.493,262.035,-69.2593],"direction":[-0.117035,0.011842,-0.993057],"extended":true,"handId":417,"id":4171,"length":58.8075,"mcpPosition":[-33.7939,253.955,-3.01608],"pipPosition":[-34.6642,261.749,-45.2567],"stabilizedTipPosition":[-39.0354,262.994,-82.6742],"timeVisible":7.48456,"tipPosition":[-39.108,262.437,-81.656],"tipVelocity":[-90.3984,-252.589,62.267],"tool":false,"touchDistance":0.219755,"touchZone":"hovering","type":1,"width":19.3428},{"bases":[[[0.759768,-0.646509,-0.0691287],[0.635582,0.716068,0.288587],[-0.137074,-0.263196,0.954955]],[[0.756449,-0.652336,-0.0473618],[0.452933,0.574707,-0.681589],[0.471844,0.494135,0.730201]],[[0.756449,-0.652336,-0.0473618],[-0.267772,-0.242815,-0.932384],[0.596727,0.717982,-0.358354]],[[0.756449,-0.652336,-0.0473618],[-0.56708,-0.618058,-0.544449],[0.325891,0.438706,-0.837456]]],"btipPosition":[-60.0508,191.2,-11.4049],"carpPosition":[-23.7781,225.316,64.4886],"dipPosition":[-53.9266,199.444,-27.1423],"direction":[-0.596727,-0.717982,0.358354],"extended":false,"handId":417,"id":4172,"length":67.0064,"mcpPosition":[-14.2148,243.678,-2.13665],"pipPosition":[-36.9578,219.861,-37.3326],"stabilizedTipPosition":[-63.3606,203.868,-25.0299],"timeVisible":7.48456,"tipPosition":[-58.2916,193.595,-16.454],"tipVelocity":[33.1875,-162.875,124.06],"tool":false,"touchDistance":0.333333,"touchZone":"none","type":2,"width":18.9972},{"bases":[[[0.681226,-0.730323,0.0505973],[0.683546,0.659293,0.313206],[-0.2621,-0.178778,0.948336]],[[0.68116,-0.730367,0.0508342],[0.595139,0.511928,-0.619467],[0.426415,0.45221,0.783375]],[[0.68116,-0.730367,0.0508342],[-0.150188,-0.20735,-0.966669],[0.716564,0.650822,-0.250931]],[[0.68116,-0.730367,0.0508342],[-0.542393,-0.550049,-0.635024],[0.491762,0.404981,-0.770818]]],"btipPosition":[-45.4779,183.671,-9.9315],"carpPosition":[-13.8054,218.273,63.1199],"dipPosition":[-36.2898,191.238,-24.3335],"direction":[-0.716564,-0.650822,0.250931],"extended":false,"handId":417,"id":4