{"sensorType":"Leap","data":[[0,{"currentFrameRate":50.8315,"devices":[],"gestures":[],"hands":[{"armBasis":[[0.857139,-0.459709,-0.232338],[0.506697,0.833603,0.219917],[0.0925795,-0.306224,0.947447]],"armWidth":63.3998,"confidence":0.752355,"direction":[0.0199132,0.461546,-0.886893],"elbow":[14.4462,182.364,328.615],"grabStrength":0,"id":421,"palmNormal":[-0.513063,-0.756645,-0.405283],"palmPosition":[-18.0684,289.688,26.3775],"palmVelocity":[7.90186,149.868,-138.922],"palmWidth":90.5328,"pinchStrength":1,"r":[[0.983166,0.129489,-0.128911],[-0.108298,0.981215,0.159655],[0.147163,-0.143006,0.97872]],"s":0.907624,"sphereCenter":[-39.0017,268.876,-8.57119],"sphereRadius":44.6796,"stabilizedPalmPosition":[-18.2194,288.078,28.0926],"t":[-21.549,131.234,-93.003],"timeVisible":1.54728,"type":"right","wrist":[-10.4247,264.63,74.0894]}],"id":1424988,"interactionBox":{"center":[0,200,0],"size":[235.247,235.247,147.751]},"pointables":[{"bases":[[[0.808088,0.580475,0.100209],[-0.468932,0.530959,0.705822],[0.356505,-0.617358,0.701266]],[[0.663538,0.739214,-0.115239],[-0.679724,0.660013,0.319935],[0.31256,-0.133958,0.940405]],[[0.663538,0.739214,-0.115239],[-0.743698,0.66849,0.00595057],[0.081435,0.0817547,0.99332]],[[0.663538,0.739214,-0.115239],[-0.721152,0.590965,-0.361526],[-0.199143,0.322991,0.925213]]],"btipPosition":[-53.9953,264.422,-22.9056],"carpPosition":[-40.3461,268.063,79.0435],"dipPosition":[-58.6326,271.943,-1.36108],"direction":[-0.081435,-0.0817547,-0.99332],"extended":false,"handId":421,"id":4210,"length":51.8545,"mcpPosition":[-40.3461,268.063,79.0435],"pipPosition":[-55.8699,274.717,32.3366],"stabilizedTipPosition":[-55.0795,264.416,-16.4277],"timeVisible":1.54728,"tipPosition":[-54.7066,264.784,-18.0047],"tipVelocity":[3.45942,192.026,-153.441],"tool":false,"touchDistance":-0.630336,"touchZone":"touching","type":0,"width":20.1482},{"bases":[[[0.849281,-0.379034,-0.367498],[0.488926,0.827302,0.276628],[0.199181,-0.414614,0.887932]],[[0.871196,-0.446956,-0.203097],[0.490647,0.806867,0.328984],[0.0168303,-0.386259,0.922237]],[[0.871196,-0.446956,-0.203097],[0.485149,0.847134,0.216781],[0.0751584,-0.287391,0.95486]],[[0.871196,-0.446956,-0.203097],[0.475527,0.871089,0.122791],[0.122033,-0.203553,0.971429]]],"btipPosition":[-42.4476,341.214,-68.1899],"carpPosition":[-23.2662,283.982,75.7064],"dipPosition":[-40.3731,337.754,-51.6759],"direction":[-0.0751584,0.287391,-0.95486],"extended":true,"handId":421,"id":4211,"length":58.512,"mcpPosition":[-37.8462,314.331,10.7099],"pipPosition":[-38.5656,330.842,-28.7125],"stabilizedTipPosition":[-41.9786,339.761,-63.9742],"timeVisible":1.54728,"tipPosition":[-42.3289,338.898,-64.7578],"tipVelocity":[-0.079287,201.004,-110.905],"tool":false,"touchDistance":-0.547144,"touchZone":"touching","type":1,"width":19.2456},{"bases":[[[0.772506,-0.567009,-0.285894],[0.629722,0.742008,0.229943],[0.0817562,-0.357666,0.930264]],[[0.774905,-0.579245,-0.252978],[0.3444,0.722533,-0.599445],[0.53001,0.377387,0.759387]],[[0.774905,-0.579245,-0.252978],[-0.357733,-0.0719451,-0.931048],[0.521104,0.811973,-0.262965]],[[0.774905,-0.579245,-0.252978],[-0.602967,-0.557364,-0.570768],[0.189614,0.594828,-0.78117]]],"btipPosition":[-61.6447,253.666,-7.74856],"carpPosition":[-12.2618,281.032,71.2006],"dipPosition":[-58.0994,264.788,-22.3545],"direction":[-0.521104,-0.811973,0.262965],"extended":false,"handId":421,"id":4212,"length":66.6698,"mcpPosition":[-17.9371,305.86,6.62407],"pipPosition":[-43.3555,287.761,-29.7948],"stabilizedTipPosition":[-61.1582,253.413,-8.34953],"timeVisible":1.54728,"tipPosition":[-61.0035,255.411,-9.79358],"tipVelocity":[19.496,170.35,-161.332],"tool":false,"touchDistance":0.333333,"touchZone":"none","type":2,"width":18.9017},{"bases":[[[0.726433,-0.667774,-0.162397],[0.68559,0.687822,0.238467],[-0.0475416,-0.284568,0.957476]],[[0.727618,-0.657865,-0.194385],[0.443265,0.66716,-0.598677],[0.523534,0.349444,0.777046]],[[0.727618,-0.657865,-0.194385],[-0.313137,-0.0664086,-0.947383],[0.610341,0.750203,-0.254322]],[[0.727618,-0.657865,-0.194385],[-0.623207,-0.515517,-0.588095],[0.286678,0.54905,-0.785086]]],"btipPosition":[-44.831,246.409,-5.44413],"carpPosition":[-2.36815,275.092,67.1698],"dipPosition":[-39.5016,256.615,-20.039],"direction":[-0.610341,-0.750203,0.254322],"extended":false,"handId":421,"id":4213,"length":64.1047,"mcpPosition":[0.594888,292.828,7.49487],"pipPosition":[-22.6789,277.293,-27.0488],"stabilizedTipPosition":[-43.9673,246.04,-6.26462],"timeVisible":1.54728,"tipPosition":[-43.9859,248.085,-7.95733],"tipVelocity":[21.8679,168.086,-151.475],"tool":false,"touchDistance":0.333333,"touchZone":"none","type":3,"width":17.9862},{"bases":[[[0.592717,-0.800628,-0.0876423],[0.78332,0.547724,0.293953],[-0.187343,-0.242883,0.951793]],[[0.604092,-0.782243,-0.152212],[0.562926,0.55406,-0.613296],[0.564081,0.284803,0.775048]],[[0.604092,-0.782243,-0.152212],[-0.290914,-0.0386437,-0.955969],[0.741918,0.621773,-0.25091]],[[0.604092,-0.782243,-0.152212],[-0.674024,-0.399627,-0.621281],[0.425165,0.477905,-0.768662]]],"btipPosition":[-26.8501,246.612,-0.515928],"carpPosition":[3.91633,262.915,63.5985],"dipPosition":[-19.5585,254.808,-13.6986],"direction":[-0.741918,-0.621773,0.25091],"extended":false,"handId":421,"id":4214,"length":50.2569,"mcpPosition":[14.7249,276.928,8.68592],"pipPosition":[-5.12036,266.908,-18.5815],"stabilizedTipPosition":[-25.619,245.334,-0.25942],"timeVisible":1.54728,"tipPosition":[-25.5014,247.908,-2.41193],"tipVelocity":[23.3029,172.306,-172.066],"tool":false,"touchDistance":0.333333,"touchZone":"none","type":4,"width":15.9768}],"r":[[0.983166,0.129489,-0.128911],[-0.108298,0.981215,0.159655],[0.147163,-0.143006,0.97872]],"s":0.907624,"t":[-21.549,131.234,-93.003],"timestamp":88927519693},false],[1,{"currentFrameRate":51.034,"devices":[],"gestures":[],"hands":[{"armBasis":[[0.854086,-0.465497,-0.232056],[0.512072,0.830765,0.218201],[0.091212,-0.305192,0.947913]],"armWidth":63.3998,"confidence":0.733424,"direction":[0.0137109,0.46906,-0.88306],"elbow":[14.9509,184.241,326.281],"grabStrength":0,"id":421,"palmNormal":[-0.520216,-0.750862,-0.406916],"palmPosition":[-17.5285,291.73,24.2085],"palmVelocity":[18.0584,129.57,-127.288],"palmWidth":90.5328,"pinchStrength":1,"r":[[0.982753,0.131863,-0.129649],[-0.10933,0.979749,0.167745],[0.149143,-0.150677,0.977268]],"s":0.908175,"sphereCenter":[-38.8489,271.241,-10.7411],"sphereRadius":44.7033,"stabilizedPalmPosition":[-17.8614,289.97,26.08],"t":[-21.2015,133.673,-95.4098],"timeVisible":1.56612,"type":"right","wrist":[-9.55259,266.229,71.6306]}],"id":1424989,"interactionBox":{"center":[0,200,0],"size":[235.247,235.247,147.751]},"pointables":[{"bases":[[[0.811588,0.576021,0.0975961],[-0.459936,0.526937,0.7147],[0.360255,-0.62493,0.692588]],[[0.667099,0.736267,-0.113535],[-0.671696,0.66037,0.335762],[0.322185,-0.147726,0.93508]],[[0.667099,0.736267,-0.113535],[-0.739059,0.673235,0.0233826],[0.0936513,0.0683103,0.993259]],[[0.667099,0.736267,-0.113535],[-0.721268,0.600194,-0.345746],[-0.186419,0.312536,0.931434]]],"btipPosition":[-54.2488,267.494,-24.9335],"carpPosition":[-39.4108,269.752,76.8939],"dipPosition":[-58.5897,274.771,-3.24408],"direction":[-0.0936513,-0.0683103,-0.993259],"extended":false,"handId":421,"id":4210,"length":51.8545,"mcpPosition":[-39.4108,269.752,76.8939],"pipPosition":[-55.4127,277.089,30.4515],"stabilizedTipPosition":[-55.1836,267.364,-18.61],"timeVisible":1.56612,"tipPosition":[-54.8553,267.785,-20.0132],"tipVelocity":[-3.04609,176.398,-130.171],"tool":false,"touchDistance":-0.625554,"touchZone":"touching","type":0,"width":20.1482},{"bases":[[[0.844104,-0.379605,-0.378667],[0.495198,0.822728,0.279102],[0.205592,-0.423106,0.882447]],[[0.867138,-0.44832,-0.21698],[0.497429,0.801573,0.33173],[0.0252046,-0.395588,0.918082]],[[0.867138,-0.44832,-0.21698],[0.490707,0.843611,0.218007],[0.0853103,-0.295516,0.951521]],[[0.867138,-0.44832,-0.21698],[0.479839,0.868741,0.122652],[0.133512,-0.210472,0.96844]]],"btipPosition":[-42.7394,344.189,-69.653],"carpPosition":[-22.2914,285.622,73.5333],"dipPosition":[-40.4697,340.611,-53.1897],"direction":[-0.0853103,0.295516,-0.951521],"extended":true,"handId":421,"id":4211,"length":58.512,"mcpPosition":[-37.3407,316.594,8.9382],"pipPosition":[-38.4181,333.504,-30.3066],"stabilizedTipPosition":[-42.1768,342.754,-65.5452],"timeVisible":1.56612,"tipPosition":[-42.4991,341.932,-66.2292],"tipVelocity":[-6.45208,179.206,-94.9441],"tool":false,"touchDistance":-0.542883,"touchZone":"touching","type":1,"width":19.2456},{"bases":[[[0.76725,-0.567934,-0.297958],[0.635168,0.737218,0.230372],[0.0888245,-0.366006,0.926364]],[[0.76989,-0.580406,-0.265325],[0.341451,0.725876,-0.597089],[0.539148,0.369097,0.757025]],[[0.76989,-0.580406,-0.265325],[-0.369479,-0.0663977,-0.926864],[0.520341,0.811616,-0.265567]],[[0.76989,-0.580406,-0.265325],[-0.612111,-0.553991,-0.564282],[0.180525,0.596844,-0.781785]]],"btipPosition":[-61.4631,256.246,-9.58056],"carpPosition":[-11.3429,282.663,68.8995],"dipPosition":[-58.0877,267.406,-24.198],"direction":[-0.520341,-0.811616,0.265567],"extended":false,"handId":421,"id":4212,"length":66.6698,"mcpPosition":[-17.5089,308.07,4.5937],"pipPosition":[-43.3654,290.369,-31.7119],"stabilizedTipPosition":[-60.9541,255.75,-10.3377],"timeVisible":1.56612,"tipPosition":[-60.8773,258.036,-11.8095],"tipVelocity":[13.6586,154.24,-130.048],"tool":false,"touchDistance":0.333333,"touchZone":"none","type":2,"width":18.9017},{"bases":[[[0.721879,-0.669552,-0.174902],[0.690869,0.682715,0.237908],[-0.0398841,-0.292575,0.95541]],[[0.722816,-0.65925,-0.207186],[0.438616,0.669361,-0.599642],[0.533997,0.342556,0.772983]],[[0.722816,-0.65925,-0.207186],[-0.327146,-0.0623554,-0.942914],[0.608697,0.749334,-0.260743]],[[0.722816,-0.65925,-0.207186],[-0.633563,-0.512495,-0.57961],[0.275926,0.550217,-0.788116]]],"btipPosition":[-44.6741,248.839,-7.34574],"carpPosition":[-1.51407,276.714,64.7255],"dipPosition":[-39.5446,259.067,-21.9969],"direction":[-0.608697,-0.749334,0.260743],"extended":false,"handId":421,"id":4213,"length":64.1047,"mcpPosition":[0.97172,294.949,5.17933],"pipPosition":[-22.7672,279.721,-29.1837],"stabilizedTipPosition":[-43.7613,248.283,-8.20269],"timeVisible":1.56612,"tipPosition":[-43.8621,250.59,-10.0892],"tipVelocity":[14.0497,149.089,-127.089],"tool":false,"touchDistance":0.333333,"touchZone":"none","type":3,"width":17.9862},{"bases":[[[0.58827,-0.802453,-0.100037],[0.788481,0.541715,0.291276],[-0.179544,-0.250226,0.951394]],[[0.599083,-0.783654,-0.164272],[0.560255,0.556845,-0.61322],[0.572026,0.275336,0.772643]],[[0.599083,-0.783654,-0.164272],[-0.301406,-0.0306458,-0.953003],[0.741791,0.620441,-0.254557]],[[0.599083,-0.783654,-0.164272],[-0.68315,-0.393259,-0.615348],[0.417619,0.480867,-0.770948]]],"btipPosition":[-26.682,248.97,-2.90512],"carpPosition":[4.68205,264.541,60.9915],"dipPosition":[-19.5198,257.217,-16.127],"direction":[-0.741791,-0.620441,0.254557],"extended":false,"handId":421,"id":4214,"length":50.2569,"mcpPosition":[15.0406,278.977,6.1019],"pipPosition":[-5.08412,269.291,-21.0808],"stabilizedTipPosition":[-25.3997,247.41,-2.39359],"timeVisible":1.56612,"tipPosition":[-25.3645,250.282,-4.88372],"tipVelocity":[15.4953,149.545,-150.167],"tool":false,"touchDistance":0.333333,"touchZone":"none","type":4,"width":15.9768}],"r":[[0.982753,0.131863,-0.129649],[-0.10933,0.979749,0.167745],[0.149143,-0.150677,0.977268]],"s":0.908175,"t":[-21.2015,133.673,-95.4098],"timestamp":88927538531},false],[2,{"currentFrameRate":51.1503,"devices":[],"gestures":[],"hands":[{"armBasis":[[0.853695,-0.463108,-0.238193],[0.513238,0.825706,0.234085],[0.0882711,-0.322087,0.942586]],"armWidth":63.3998,"confidence":0.678144,"direction":[0.0149762,0.477209,-0.878662],"elbow":[14.118,182.044,322.804],"grabStrength":0,"id":421,"palmNormal":[-0.5204,-0.746642,-0.414378],"palmPosition":[-17.5032,294.516,22.3926],"palmVelocity":[9.78654,137.574,-111.32],"palmWidth":90.5328,"pinchStrength":1,"r":[[0.982467,0.133848,-0.129781],[-0.110021,0.978222,0.176001],[0.150512,-0.158637,0.975797]],"s":0.909533,"sphereCenter":[-39.0348,274.616,-12.5941],"sphereRadius":44.6199,"stabilizedPalmPosition":[-17.6806,292.264,24.2193],"t":[-21.015,136.285,-97.5212],"timeVisible":1.58524,"type":"right","wrist":[-9.59546,268.571,69.5844]}],"id":1424990,"interactionBox":{"center":[0,200,0],"size":[235.247,235.247,147.751]},"pointables":[{"bases":[[[0.811946,0.57444,0.103744],[-0.46024,0.520662,0.71909],[0.359059,-0.631609,0.68713]],[[0.668439,0.736277,-0.105285],[-0.670963,0.658017,0.341793],[0.320934,-0.157825,0.933859]],[[0.668439,0.736277,-0.105285],[-0.73796,0.674196,0.029582],[0.0927634,0.0579224,0.994002]],[[0.668439,0.736277,-0.105285],[-0.719731,0.604627,-0.341195],[-0.187556,0.303845,0.934078]]],"btipPosition":[-54.1754,270.867,-27.0033],"carpPosition":[-39.4562,272.069,74.8502],"dipPosition":[-58.5429,277.942,-5.25239],"direction":[-0.0927634,-0.0579224,-0.994002],"extended":false,"handId":421,"id":4210,"length":51.8545,"mcpPosition":[-39.4562,272.069,74.8502],"pipPosition":[-55.3959,279.907,28.4684],"stabilizedTipPosition":[-55.1813,270.533,-20.7045],"timeVisible":1.58524,"tipPosition":[-54.815,271.146,-22.0788],"tipVelocity":[0.199314,175.225,-118.98],"tool":false,"touchDistance":-0.622167,"touchZone":"touching","type":0,"width":20.1482},{"bases":[[[0.844185,-0.376758,-0.38132],[0.495568,0.819709,0.287209],[0.204363,-0.431428,0.878695]],[[0.866893,-0.446254,-0.222157],[0.497838,0.797882,0.339913],[0.0255674,-0.405266,0.913841]],[[0.866893,-0.446254,-0.222157],[0.490916,0.841663,0.224957],[0.0865931,-0.304074,0.948705]],[[0.866893,-0.446254,-0.222157],[0.479723,0.867969,0.128438],[0.135509,-0.217915,0.966514]]],"btipPosition":[-42.7592,347.877,-70.9759],"carpPosition":[-22.3208,287.956,71.6539],"dipPosition":[-40.4555,344.173,-54.5454],"direction":[-0.0865931,0.304074,-0.948705],"extended":true,"handId":421,"id":4211,"length":58.512,"mcpPosition":[-37.2801,319.537,7.3335],"pipPosition":[-38.3731,336.86,-31.73],"stabilizedTipPosition":[-42.221,346.347,-66.9347],"timeVisible":1.58524,"tipPosition":[-42.4298,345.674,-67.5595],"tipVelocity":[-3.57277,185.255,-82.4138],"tool":false,"touchDistance":-0.536885,"touchZone":"touching","type":1,"width":19.2456},{"bases":[[[0.7671,-0.565765,-0.302437],[0.635519,0.734542,0.23783],[0.0875972,-0.374644,0.923022]],[[0.769628,-0.578137,-0.270982],[0.332528,0.725242,-0.602867],[0.545067,0.373874,0.750413]],[[0.769628,-0.578137,-0.270982],[-0.383123,-0.0786409,-0.920344],[0.510774,0.812141,-0.282021]],[[0.769628,-0.578137,-0.270982],[-0.616867,-0.563751,-0.549236],[0.164767,0.589867,-0.790512]]],"btipPosition":[-61.1235,259.1,-10.2983],"carpPosition":[-11.37,285.031,67.0039],"dipPosition":[-58.0428,270.129,-25.079],"direction":[-0.510774,-0.812141,0.282021],"extended":false,"handId":421,"id":4212,"length":66.6698,"mcpPosition":[-17.4507,311.038,2.93013],"pipPosition":[-43.5912,293.108,-33.0583],"stabilizedTipPosition":[-60.7056,258.464,-11.8865],"timeVisible":1.58524,"tipPosition":[-60.6353,261.127,-13.2548],"tipVelocity":[13.9342,151.019,-85.2919],"tool":false,"touchDistance":0.333333,"touchZone":"none","type":2,"width":18.9017},{"bases":[[[0.721524,-0.668483,-0.180373],[0.69117,0.679927,0.244917],[-0.0410824,-0.301382,0.952618]],[[0.722514,-0.65764,-0.213268],[0.43448,0.671868,-0.599851],[0.537774,0.34074,0.771165]],[[0.722514,-0.65764,-0.213268],[-0.335289,-0.063538,-0.93997],[0.604611,0.750648,-0.266406]],[[0.722514,-0.65764,-0.213268],[-0.63743,-0.514229,-0.573805],[0.267688,0.550525,-0.790737]]],"btipPosition":[-44.5291,251.825,-8.8267],"carpPosition":[-1.54164,279.113,62.7849],"dipPosition":[-39.5527,262.059,-23.5266],"direction":[-0.604611,-0.750648,0.266407],"extended":false,"handId":421,"id":4213,"length":64.1047,"mcpPosition":[1.01883,297.897,3.41272],"pipPosition":[-22.888,282.749,-30.8695],"stabilizedTipPosition":[-43.5974,250.849,-9.94558],"timeVisible":1.58524,"tipPosition":[-43.7276,253.709,-11.9279],"tipVelocity":[9.94233,152.652,-102.85],"tool":false,"touchDistance":0.333333,"touchZone":"none","type":3,"width":17.9862},{"bases":[[[0.587734,-0.801964,-0.106877],[0.788616,0.53836,0.297074],[-0.180704,-0.258885,0.948854]],[[0.598586,-0.78267,-0.170651],[0.560981,0.56164,-0.608163],[0.571835,0.268306,0.775253]],[[0.598586,-0.78267,-0.170651],[-0.303749,-0.0246419,-0.952433],[0.741236,0.621948,-0.252486]],[[0.598586,-0.78267,-0.170651],[-0.685442,-0.390187,-0.614755],[0.414565,0.484955,-0.770036]]],"btipPosition":[-26.5786,252.046,-4.95342],"carpPosition":[4.64858,266.97,58.9444],"dipPosition":[-19.4688,260.363,-18.1597],"direction":[-0.741236,-0.621948,0.252486],"extended":false,"handId":421,"id":4214,"length":50.2569,"mcpPosition":[15.0741,281.906,4.20139],"pipPosition":[-5.04392,272.467,-23.0732],"stabilizedTipPosition":[-25.2379,249.733,-4.37857],"timeVisible":1.58524,"tipPosition":[-25.2795,253.394,-7.05796],"tipVelocity":[10.1972,155.591,-128.807],"tool":false,"touchDistance":0.333333,"touchZone":"none","type":4,"width":15.9768}],"r":[[0.982467,0.133848,-0.129781],[-0.110021,0.978222,0.176001],[0.150512,-0.158637,0.975797]],"s":0.909533,"t":[-21.015,136.285,-97.5212],"timestamp":88927557648},false],[3,{"currentFrameRate":51.2628,"devices":[],"gestures":[],"hands":[{"armBasis":[[0.851485,-0.467732,-0.237066],[0.516167,0.827301,0.221684],[0.0924369,-0.311126,0.945863]],"armWidth":63.3998,"confidence":0.683267,"direction":[0.0127567,0.483469,-0.875268],"elbow":[15.7043,186.466,321.615],"grabStrength":0,"id":421,"palmNormal":[-0.52546,-0.74149,-0.417233],"palmPosition":[-17.1537,296.366,20.5498],"palmVelocity":[13.9946,117.488,-104.022],"palmWidth":90.5328,"pinchStrength":1,"r":[[0.982223,0.134817,-0.130624],[-0.109585,0.976778,0.184109],[0.152411,-0.166522,0.974188]],"s":0.911974,"sphereCenter":[-39.0421,276.907,-14.2981],"sphereRadius":44.5393,"stabilizedPalmPosition":[-17.4315,294.204,22.4842],"t":[-20.7471,138.516,-99.4983],"timeVisible":1.60433,"type":"right","wrist":[-9.12826,270.048,67.5151]}],"id":1424991,"interactionBox":{"center":[0,200,0],"size":[235.247,235.247,147.751]},"pointables":[{"bases":[[[0.814804,0.570338,0.103971],[-0.454642,0.517347,0.725019],[0.359717,-0.638018,0.680836]],[[0.671777,0.733661,-0.102259],[-0.665726,0.658495,0.350989],[0.324844,-0.16771,0.930779]],[[0.671777,0.733661,-0.102259],[-0.734182,0.67779,0.0397152],[0.0984474,0.0483968,0.993965]],[[0.671777,0.733661,-0.102259],[-0.718156,0.611212,-0.332674],[-0.181568,0.29692,0.937481]]],"btipPosition":[-54.1945,273.404,-28.8292],"carpPosition":[-38.9487,273.631,72.9494],"dipPosition":[-58.4224,280.319,-6.99898],"direction":[-0.0984474,-0.0483968,-0.993965],"extended":false,"handId":421,"id":4210,"length":51.8545,"mcpPosition":[-38.9487,273.631,72.9494],"pipPosition":[-55.0827,281.96,26.7206],"stabilizedTipPosition":[-55.1726,273.236,-22.5851],"timeVisible":1.60433,"tipPosition":[-54.8159,273.661,-23.8957],"tipVelocity":[0.438191,153.381,-106.988],"tool":false,"touchDistance":-0.615398,"touchZone":"touching","type":0,"width":20.1482},{"bases":[[[0.840787,-0.377461,-0.388072],[0.500324,0.815574,0.290714],[0.206768,-0.43859,0.874577]],[[0.863842,-0.447405,-0.231529],[0.502839,0.793612,0.342538],[0.0304912,-0.412321,0.910528]],[[0.863842,-0.447405,-0.231529],[0.495036,0.839086,0.225552],[0.09336,-0.309456,0.94632]],[[0.863842,-0.447405,-0.231529],[0.482848,0.866404,0.127289],[0.143648,-0.221751,0.964465]]],"btipPosition":[-42.8891,350.412,-72.3094],"carpPosition":[-21.7631,289.47,69.7852],"dipPosition":[-40.4472,346.643,-55.9137],"direction":[-0.09336,0.309456,-0.94632],"extended":true,"handId":421,"id":4211,"length":58.512,"mcpPosition":[-36.8986,321.575,5.76619],"pipPosition":[-38.202,339.2,-33.1557],"stabilizedTipPosition":[-42.3102,349.027,-68.2787],"timeVisible":1.60433,"tipPosition":[-42.43,348.323,-68.8811],"tipVelocity":[-4.34776,158.96,-76.4203],"tool":false,"touchDistance":-0.531653,"touchZone":"touching","type":1,"width":19.2456},{"bases":[[[0.763297,-0.566714,-0.310181],[0.639684,0.730192,0.240051],[0.0904511,-0.381648,0.919871]],[[0.765879,-0.579066,-0.279485],[0.312049,0.714789,-0.625861],[0.562188,0.392121,0.728139]],[[0.765879,-0.579066,-0.279485],[-0.411652,-0.107679,-0.904957],[0.493936,0.808138,-0.320842]],[[0.765879,-0.579066,-0.279485],[-0.628096,-0.580771,-0.51788],[0.13757,0.572177,-0.80851]]],"btipPosition":[-60.6347,260.658,-9.5187],"carpPosition":[-10.8469,286.534,65.0617],"dipPosition":[-58.0625,271.357,-24.6359],"direction":[-0.493936,-0.808138,0.320842],"extended":false,"handId":421,"id":4212,"length":66.6698,"mcpPosition":[-17.1258,313.027,1.20659],"pipPosition":[-44.0873,294.222,-33.7136],"stabilizedTipPosition":[-60.3493,260.968,-12.4831],"timeVisible":1.60433,"tipPosition":[-60.2728,263.042,-13.4877],"tipVelocity":[16.6728,114.785,-25.0079],"tool":false,"touchDistance":0.333333,"touchZone":"none","type":2,"width":18.9017},{"bases":[[[0.71788,-0.670121,-0.188641],[0.695141,0.675298,0.246478],[-0.0377812,-0.308074,0.950612]],[[0.718765,-0.658863,-0.221983],[0.430444,0.672442,-0.602113],[0.545981,0.337227,0.766931]],[[0.718765,-0.658863,-0.221983],[-0.346671,-0.0628749,-0.935877],[0.602658,0.749631,-0.273601]],[[0.718765,-0.658863,-0.221983],[-0.645162,-0.513073,-0.566147],[0.25912,0.550141,-0.793852]]],"btipPosition":[-44.4083,253.927,-10.2891],"carpPosition":[-1.06341,280.607,60.753],"dipPosition":[-39.5912,264.154,-25.0469],"direction":[-0.602658,-0.749631,0.273601],"extended":false,"handId":421,"id":4213,"length":64.1047,"mcpPosition":[1.29132,299.807,1.5059],"pipPosition":[-22.9803,284.816,-32.5881],"stabilizedTipPosition":[-43.4729,253.124,-11.5117],"timeVisible":1.60433,"tipPosition":[-43.6235,255.906,-13.6319],"tipVelocity":[7.2094,131.598,-90.2361],"tool":false,"touchDistance":0.333333,"touchZone":"none","type":3,"width":17.9862},{"bases":[[[0.583891,-0.803579,-0.115465],[0.792248,0.532961,0.297146],[-0.177242,-0.264978,0.947825]],[[0.594489,-0.783939,-0.178949],[0.559761,0.563232,-0.607813],[0.577278,0.261169,0.773654]],[[0.594489,-0.783939,-0.178949],[-0.312239,-0.0199738,-0.949793],[0.741006,0.620517,-0.256651]],[[0.594489,-0.783939,-0.178949],[-0.692856,-0.386454,-0.608772],[0.408084,0.485894,-0.7729]]],"btipPosition":[-26.4447,254.157,-6.8564],"carpPosition":[5.05807,268.466,56.7956],"dipPosition":[-19.446,262.49,-20.1118],"direction":[-0.741006,-0.620517,0.256651],"extended":false,"handId":421,"id":4214,"length":50.2569,"mcpPosition":[15.2839,283.754,2.11199],"pipPosition":[-5.02566,274.565,-25.1063],"stabilizedTipPosition":[-25.108,251.777,-6.16076],"timeVisible":1.60433,"tipPosition":[-25.1729,255.537,-9.10639],"tipVelocity":[7.96405,133.448,-114.721],"tool":false,"touchDistance":0.333333,"touchZone":"none","type":4,"width":15.9768}],"r":[[0.982223,0.134817,-0.130624],[-0.109585,0.976778,0.184109],[0.152411,-0.166522,0.974188]],"s":0.911974,"t":[-20.7471,138.516,-99.4983],"timestamp":88927576737},false],[4,{"currentFrameRate":51.5959,"devices":[],"gestures":[],"hands":[{"armBasis":[[0.850138,-0.468053,-0.241231],[0.518318,0.82459,0.226712],[0.092803,-0.317771,0.943615]],"armWidth":63.3998,"confidence":0.68068,"direction":[0.0107902,0.489795,-0.871771],"elbow":[16.2615,185.989,318.775],"grabStrength":0,"id":421,"palmNormal":[-0.528015,-0.737574,-0.420934],"palmPosition":[-16.7997,298.027,18.5315],"palmVelocity":[16.6221,105.126,-107.449],"palmWidth":90.5328,"pinchStrength":1,"r":[[0.981988,0.135463,-0.131719],[-0.108781,0.975333,0.192072],[0.154489,-0.174284,0.972501]],"s":0.915236,"sphereCenter":[-38.9987,279.023,-16.237],"sphereRadius":44.4905,"stabilizedPalmPosition":[-17.1736,295.764,20.8708],"t":[-20.4361,140.462,-101.496],"timeVisible":1.62248,"type":"right","wrist":[-8.66938,271.356,65.2787]}],"id":1424992,"interactionBox":{"center":[0,200,0],"size":[235.247,235.247,147.751]},"pointables":[{"bases":[[[0.816079,0.568227,0.105519],[-0.45148,0.512812,0.730199],[0.360807,-0.643539,0.675038]],[[0.673442,0.732692,-0.0981755],[-0.662627,0.657177,0.359228],[0.327722,-0.176866,0.928071]],[[0.673442,0.732692,-0.0981755],[-0.732101,0.679443,0.0488373],[0.102487,0.0389853,0.99397]],[[0.673442,0.732692,-0.0981755],[-0.717365,0.615656,-0.326122],[-0.178504,0.290052,0.940216]]],"btipPosition":[-54.0636,275.655,-30.8743],"carpPosition":[-38.4665,274.948,70.8336],"dipPosition":[-58.2202,282.41,-8.98044],"direction":[-0.102487,-0.0389853,-0.99397],"extended":false,"handId":421,"id":4210,"length":51.8545,"mcpPosition":[-38.4665,274.948,70.8336],"pipPosition":[-54.7434,283.732,24.7393],"stabilizedTipPosition":[-55.0875,275.447,-24.3955],"timeVisible":1.62248,"tipPosition":[-54.6795,275.892,-25.9381],"tipVelocity":[4.09716,138.431,-109.321],"tool":false,"touchDistance":-0.612649,"touchZone":"touching","type":0,"width":20.1482},{"bases":[[[0.838923,-0.376013,-0.393474],[0.502601,0.812617,0.295037],[0.208806,-0.445274,0.870707]],[[0.862259,-0.446533,-0.238995],[0.505312,0.790355,0.34641],[0.0342071,-0.419462,0.907128]],[[0.862259,-0.446533,-0.238995],[0.496839,0.837345,0.228044],[0.098292,-0.315375,0.943863]],[[0.862259,-0.446533,-0.238995],[0.483909,0.865623,0.128564],[0.149471,-0.226507,0.962472]]],"btipPosition":[-42.9162,352.741,-73.8431],"carpPosition":[-21.2646,290.782,67.7299],"dipPosition":[-40.3753,348.891,-57.4813],"direction":[-0.098292,0.315375,-0.943863],"extended":true,"handId":421,"id":4211,"length":58.512,"mcpPosition":[-36.5492,323.376,3.99419],"pipPosition":[-38.0114,341.306,-34.7824],"stabilizedTipPosition":[-42.3275,351.297,-69.7243],"timeVisible":1.62248,"tipPosition":[-42.3679,350.725,-70.4114],"tipVelocity":[-2.38915,143.878,-80.4805],"tool":false,"touchDistance":-0.529943,"touchZone":"touching","type":1,"width":19.2456},{"bases":[[[0.761365,-0.565699,-0.316713],[0.641658,0.727375,0.243312],[0.0927279,-0.388471,0.916783]],[[0.764017,-0.578243,-0.286207],[0.311347,0.718954,-0.621424],[0.565103,0.385668,0.729327]],[[0.764017,-0.578243,-0.286207],[-0.416282,-0.102878,-0.903397],[0.492938,0.809353,-0.319312]],[[0.764017,-0.578243,-0.286207],[-0.631403,-0.578856,-0.516],[0.132701,0.574944,-0.80736]]],"btipPosition":[-60.3347,262.683,-11.5373],"carpPosition":[-10.3683,287.862,62.9505],"dipPosition":[-57.8535,273.433,-26.633],"direction":[-0.492938,-0.809353,0.319312],"extended":false,"handId":421,"id":4212,"length":66.6698,"mcpPosition":[-16.8052,314.829,-0.690213],"pipPosition":[-43.9066,296.333,-35.6674],"stabilizedTipPosition":[-60.0581,263.051,-13.74],"timeVisible":1.62248,"tipPosition":[-60.0034,265.069,-15.4919],"tipVelocity":[16.0559,113.566,-65.9661],"tool":false,"touchDistance":0.333333,"touchZone":"none","type":2,"width":18.9017},{"bases":[[[0.716161,-0.669912,-0.195784],[0.697043,0.672346,0.249164],[-0.0352835,-0.314911,0.948465]],[[0.716961,-0.658344,-0.229238],[0.411332,0.665009,-0.623353],[0.562826,0.352627,0.747584]],[[0.716961,-0.658344,-0.229238],[-0.373134,-0.0846489,-0.923908],[0.588845,0.747942,-0.306341]],[[0.716961,-0.658344,-0.229238],[-0.655822,-0.525489,-0.541996],[0.236358,0.538929,-0.808511]]],"btipPosition":[-44.054,255.267,-10.3054],"carpPosition":[-0.6084,281.95,58.5679],"dipPosition":[-39.66,265.285,-25.3358],"direction":[-0.588845,-0.747942,0.306341],"extended":false,"handId":421,"id":4213,"length":64.1047,"mcpPosition":[1.59065,301.577,-0.545468],"pipPosition":[-23.4298,285.901,-33.7794],"stabilizedTipPosition":[-43.2904,255.013,-12.4679],"timeVisible":1.62248,"tipPosition":[-43.2845,257.537,-14.4293],"tipVelocity":[10.5232,102.807,-49.3106],"tool":false,"touchDistance":0.333333,"touchZone":"none","type":3,"width":17.9862},{"bases":[[[0.582182,-0.803678,-0.123153],[0.794073,0.529484,0.298488],[-0.174681,-0.271567,0.946434]],[[0.592603,-0.783615,-0.186465],[0.556779,0.56578,-0.608186],[0.582082,0.256593,0.771583]],[[0.592603,-0.783615,-0.186465],[-0.321238,-0.0176303,-0.946834],[0.738667,0.620996,-0.262175]],[[0.592603,-0.783615,-0.186465],[-0.699238,-0.385541,-0.602017],[0.39986,0.48714,-0.776406]]],"btipPosition":[-26.1528,256.029,-8.82837],"carpPosition":[5.48027,269.828,54.503],"dipPosition":[-19.2951,264.384,-22.1439],"direction":[-0.738667,-0.620996,0.262175],"extended":false,"handId":421,"id":4214,"length":50.2569,"mcpPosition":[15.5583,285.496,-0.100462],"pipPosition":[-4.92026,276.469,-27.2459],"stabilizedTipPosition":[-24.9636,253.451,-7.71382],"timeVisible":1.62248,"tipPosition":[-24.9074,257.463,-11.2727],"tipVelocity":[10.9837,119.158,-112.196],"tool":false,"touchDistance":0.333333,"touchZone":"none","type":4,"width":15.9768}],"r":[[0.981988,0.135463,-0.131719],[-0.108781,0.975333,0.192072],[0.154489,-0.174284,0.972501]],"s":0.915236,"t":[-20.4361,140.462,-101.496],"timestamp":88927594885},false],[5,{"currentFrameRate":51.7233,"devices":[],"gestures":[],"hands":[{"armBasis":[[0.845543,-0.471357,-0.250758],[0.52509,0.81916,0.230777],[0.0966327,-0.326803,0.940139]],"armWidth":63.3998,"confidence":0.685206,"direction":[0.00457605,0.491727,-0.870738],"elbow":[18.224,185.236,315.632],"grabStrength":0,"id":421,"palmNormal":[-0.535444,-0.734199,-0.417434],"palmPosition":[-16.1969,299.844,16.4637],"palmVelocity":[24.1313,100.805,-108.509],"palmWidth":90.5328,"pinchStrength":1,"r":[[0.981662,0.135151,-0.134437],[-0.106853,0.974141,0.199078],[0.157866,-0.181062,0.970719]],"s":0.918913,"sphereCenter":[-38.8123,281.021,-18.0735],"sphereRadius":44.4829,"stabilizedPalmPosition":[-16.8071,297.295,19.217],"t":[-19.9792,142.344,-103.529],"timeVisible":1.64134,"type":"right","wrist":[-7.73572,273.029,63.0701]}],"id":1424993,"interactionBox":{"center":[0,200,0],"size":[235.247,235.247,147.751]},"pointables":[{"bases":[[[0.819656,0.564261,0.0988593],[-0.442024,0.513198,0.735692],[0.364388,-0.646713,0.670062]],[[0.676762,0.729104,-0.101985],[-0.654583,0.659328,0.369874],[0.336918,-0.183559,0.923467]],[[0.676762,0.729104,-0.101985],[-0.727218,0.683634,0.0616363],[0.11466,0.0324521,0.992875]],[[0.676762,0.729104,-0.101985],[-0.716692,0.620795,-0.317753],[-0.168363,0.288135,0.942673]]],"btipPosition":[-54.1637,278.051,-32.5772],"carpPosition":[-37.4608,276.744,68.922],"dipPosition":[-58.0842,284.76,-10.6262],"direction":[-0.11466,-0.0324521,-0.992875],"extended":false,"handId":421,"id":4210,"length":51.8545,"mcpPosition":[-37.4608,276.744,68.922],"pipPosition":[-54.1944,285.861,23.0564],"stabilizedTipPosition":[-55.0752,277.746,-26.1323],"timeVisible":1.64134,"tipPosition":[-54.7109,278.277,-27.6423],"tipVelocity":[0.901635,132.553,-99.6517],"tool":false,"touchDistance":-0.605064,"touchZone":"touching","type":0,"width":20.1482},{"bases":[[[0.833337,-0.378933,-0.402441],[0.509154,0.809644,0.291958],[0.215201,-0.448204,0.867642]],[[0.857745,-0.449363,-0.249693],[0.51233,0.787218,0.343228],[0.0423284,-0.422327,0.905454]],[[0.857745,-0.449363,-0.249693],[0.502574,0.835166,0.223421],[0.108138,-0.317127,0.942198]],[[0.857745,-0.449363,-0.249693],[0.488354,0.863972,0.122733],[0.160576,-0.227212,0.960516]]],"btipPosition":[-43.11,354.857,-75.5169],"carpPosition":[-20.2175,292.507,65.6869],"dipPosition":[-40.3802,350.995,-59.1883],"direction":[-0.108138,0.317127,-0.942198],"extended":true,"handId":421,"id":4211,"length":58.512,"mcpPosition":[-35.9702,325.315,2.17557],"pipPosition":[-37.7796,343.368,-36.5295],"stabilizedTipPosition":[-42.4471,353.363,-71.2996],"timeVisible":1.64134,"tipPosition":[-42.4698,352.91,-72.0803],"tipVelocity":[-5.12156,128.28,-84.7181],"tool":false,"touchDistance":-0.530503,"touchZone":"touching","type":1,"width":19.2456},{"bases":[[[0.75566,-0.568439,-0.325355],[0.647311,0.723888,0.238696],[0.0998366,-0.390978,0.914969]],[[0.758548,-0.581058,-0.294918],[0.307784,0.71842,-0.623813],[0.574346,0.382421,0.723796]],[[0.758548,-0.581058,-0.294918],[-0.427474,-0.102146,-0.898238],[0.491803,0.807427,-0.32587]],[[0.758548,-0.581058,-0.294918],[-0.639656,-0.577673,-0.507084],[0.124279,0.573294,-0.809869]]],"btipPosition":[-60.0951,264.785,-13.0688],"carpPosition":[-9.38155,289.548,60.7954],"dipPosition":[-57.7714,275.504,-28.2114],"direction":[-0.491803,-0.807427,0.32587],"extended":false,"handId":421,"id":4212,"length":66.6698,"mcpPosition":[-16.3119,316.689,-2.71941],"pipPosition":[-43.8566,298.349,-37.4314],"stabilizedTipPosition":[-59.8244,265.024,-15.0607],"timeVisible":1.64134,"tipPosition":[-59.8166,267.17,-17.0705],"tipVelocity":[13.4722,112.319,-73.7],"tool":false,"touchDistance":0.333333,"touchZone":"none","type":2,"width":18.9017},{"bases":[[[0.711154,-0.67272,-0.204225],[0.702498,0.668593,0.243886],[-0.0275234,-0.316908,0.948057]],[[0.711683,-0.661033,-0.237789],[0.395503,0.656768,-0.642054],[0.580591,0.362893,0.728851]],[[0.711683,-0.661033,-0.237789],[-0.397925,-0.10038,-0.91191],[0.578933,0.743612,-0.33448]],[[0.711683,-0.661033,-0.237789],[-0.668343,-0.532846,-0.51903],[0.216391,0.528309,-0.821014]]],"btipPosition":[-43.7664,256.903,-10.7021],"carpPosition":[0.308206,283.602,56.305],"dipPosition":[-39.7436,266.725,-25.9648],"direction":[-0.578933,-0.743612,0.33448],"extended":false,"handId":421,"id":4213,"length":64.1047,"mcpPosition":[2.02361,303.353,-2.78291],"pipPosition":[-23.7866,287.221,-35.184],"stabilizedTipPosition":[-43.082,256.938,-13.2774],"timeVisible":1.64134,"tipPosition":[-43.0515,259.297,-15.2243],"tipVelocity":[10.6194,93.7712,-36.8468],"tool":false,"touchDistance":0.333333,"touchZone":"none","type":3,"width":17.9862},{"bases":[[[0.577274,-0.806039,-0.130596],[0.799346,0.525179,0.291947],[-0.166734,-0.272925,0.947477]],[[0.587205,-0.785796,-0.194201],[0.549506,0.563158,-0.617168],[0.594335,0.25569,0.762489]],[[0.587205,-0.785796,-0.194201],[-0.339032,-0.0209054,-0.940542],[0.735015,0.618132,-0.278686]],[[0.587205,-0.785796,-0.194201],[-0.711579,-0.386782,-0.586562],[0.385805,0.482622,-0.786276]]],"btipPosition":[-25.9089,257.906,-10.4268],"carpPosition":[6.3016,271.462,52.1541],"dipPosition":[-19.2922,266.183,-23.9116],"direction":[-0.735015,-0.618132,0.278686],"extended":false,"handId":421,"id":4214,"length":50.2569,"mcpPosition":[15.9211,287.208,-2.50949],"pipPosition":[-4.98847,278.212,-29.335],"stabilizedTipPosition":[-24.8196,255.04,-9.16677],"timeVisible":1.64134,"tipPosition":[-24.7001,259.398,-13.135],"tipVelocity":[10.4969,109.065,-99.759],"tool":false,"touchDistance":0.333333,"touchZone":"none","type":4,"width":15.9768}],"r":[[0.981662,0.135151,-0.134437],[-0.106853,0.974141,0.199078],[0.157866,-0.181062,0.970719]],"s":0.918913,"t":[-19.9792,142.344,-103.529],"timestamp":88927613749},false],[6,{"currentFrameRate":51.8392,"devices":[],"gestures":[],"hands":[{"armBasis":[[0.849369,-0.465255,-0.249218],[0.517663,0.826437,0.221422],[0.102945,-0.31708,0.942795]],"armWidth":63.3998,"confidence":0.612193,"direction":[0.00777982,0.497956,-0.867167],"elbow":[20.1891,188.919,315.107],"grabStrength":0,"id":421,"palmNormal":[-0.529319,-0.733687,-0.426057],"palmPosition":[-15.7583,301.208,15.3641],"palmVelocity":[23.6998,86.8523,-83.9165],"palmWidth":90.5328,"pinchStrength":1,"r":[[0.981441,0.136024,-0.135168],[-0.106461,0.97276,0.205921],[0.159496,-0.18771,0.969188]],"s":0.9216,"sphereCenter":[-37.8494,282.206,-19.5944],"sphereRadius":44.5483,"stabilizedPalmPosition":[-16.4276,298.711,17.8231],"t":[-19.5314,143.966,-105.095],"timeVisible":1.66021,"type":"right","wrist":[-7.46655,274.101,61.8313]}],"id":1424994,"interactionBox":{"center":[0,200,0],"size":[235.247,235.247,147.751]},"pointables":[{"bases":[[[0.816344,0.56736,0.108098],[-0.449094,0.505855,0.736495],[0.363176,-0.64978,0.66775]],[[0.675262,0.731946,-0.0909739],[-0.657424,0.653203,0.37566],[0.334387,-0.193861,0.922282]],[[0.675262,0.731946,-0.0909739],[-0.728894,0.681088,0.0695159],[0.112843,0.0193689,0.993424]],[[0.675262,0.731946,-0.0909739],[-0.716676,0.621962,-0.315497],[-0.174344,0.278242,0.944556]]],"btipPosition":[-53.6216,280.127,-33.9829],"carpPosition":[-37.2453,277.635,67.52],"dipPosition":[-57.6814,286.606,-11.988],"direction":[-0.112843,-0.0193689,-0.993424],"extended":false,"handId":421,"id":4210,"length":51.8545,"mcpPosition":[-37.2453,277.635,67.52],"pipPosition":[-53.8532,287.263,21.7132],"stabilizedTipPosition":[-54.7894,279.875,-27.6673],"timeVisible":1.66021,"tipPosition":[-54.1186,280.266,-29.0602],"tipVelocity":[13.7021,120.169,-87.0798],"tool":false,"touchDistance":-0.593825,"touchZone":"touching","type":0,"width":20.1482},{"bases":[[[0.83765,-0.372152,-0.399808],[0.50347,0.809904,0.300956],[0.211805,-0.453387,0.865782]],[[0.861282,-0.442776,-0.249284],[0.506457,0.787788,0.350559],[0.0411632,-0.428182,0.902755]],[[0.861282,-0.442776,-0.249284],[0.496586,0.837431,0.228278],[0.107682,-0.320403,0.941141]],[[0.861282,-0.442776,-0.249284],[0.482075,0.867104,0.125437],[0.160614,-0.22821,0.960272]]],"btipPosition":[-42.6401,356.576,-76.4156],"carpPosition":[-20.0564,293.5,64.5071],"dipPosition":[-39.9097,352.697,-60.0912],"direction":[-0.107682,0.320403,-0.941141],"extended":true,"handId":421,"id":4211,"length":58.512,"mcpPosition":[-35.5605,326.688,1.13189],"pipPosition":[-37.3201,344.992,-37.4577],"stabilizedTipPosition":[-42.1192,355.113,-72.3257],"timeVisible":1.66021,"tipPosition":[-41.8911,354.77,-72.9498],"tipVelocity":[9.58916,109.985,-66.5853],"tool":false,"touchDistance":-0.519281,"touchZone":"touching","type":1,"width":19.2456},{"bases":[[[0.760379,-0.562564,-0.32457],[0.642364,0.725177,0.247966],[0.0958741,-0.39704,0.91278]],[[0.763146,-0.575452,-0.294047],[0.312618,0.726982,-0.611365],[0.565578,0.374637,0.73469]],[[0.763146,-0.575452,-0.294047],[-0.418912,-0.0940568,-0.903142],[0.492058,0.812409,-0.312843]],[[0.763146,-0.575452,-0.294047],[-0.633562,-0.576609,-0.515869],[0.127307,0.57998,-0.804621]]],"btipPosition":[-59.2576,266.392,-15.0375],"carpPosition":[-9.17577,290.628,59.6639],"dipPosition":[-56.8773,277.236,-30.0819],"direction":[-0.492058,-0.812409,0.312843],"extended":false,"handId":421,"id":4212,"length":66.6698,"mcpPosition":[-15.8311,318.189,-3.69896],"pipPosition":[-42.9552,300.222,-38.9334],"stabilizedTipPosition":[-59.3862,266.543,-16.4125],"timeVisible":1.66021,"tipPosition":[-58.9543,268.73,-18.8432],"tipVelocity":[28.956,99.7914,-88.1303],"tool":false,"touchDistance":0.333333,"touchZone":"none","type":2,"width":18.9017},{"bases":[[[0.715598,-0.667915,-0.204472],[0.697777,0.670105,0.253114],[-0.0320409,-0.323804,0.945581]],[[0.716285,-0.65596,-0.238019],[0.396347,0.663176,-0.634906],[0.574321,0.360436,0.735011]],[[0.716285,-0.65596,-0.238019],[-0.392556,-0.0967821,-0.914622],[0.576919,0.748565,-0.326825]],[[0.716285,-0.65596,-0.238019],[-0.663015,-0.533394,-0.525265],[0.217595,0.534049,-0.816973]]],"btipPosition":[-42.911,258.356,-12.2197],"carpPosition":[0.570189,284.759,55.1931],"dipPosition":[-38.8659,268.284,-27.4073],"direction":[-0.576919,-0.748565,0.326825],"extended":false,"handId":421,"id":4213,"length":64.1047,"mcpPosition":[2.56715,304.94,-3.74053],"pipPosition":[-22.9644,288.917,-36.4155],"stabilizedTipPosition":[-42.6135,258.513,-14.3134],"timeVisible":1.66021,"tipPosition":[-42.1849,260.765,-16.6811],"tipVelocity":[27.7596,86.1994,-57.7523],"tool":false,"touchDistance":0.333333,"touchZone":"none","type":3,"width":17.9862},{"bases":[[[0.581884,-0.802381,-0.13265],[0.794994,0.526804,0.300769],[-0.171451,-0.280468,0.944427]],[[0.592147,-0.781576,-0.196216],[0.544202,0.567441,-0.617944],[0.594312,0.259133,0.761344]],[[0.592147,-0.781576,-0.196216],[-0.345688,-0.0264235,-0.937977],[0.727916,0.62325,-0.285828]],[[0.592147,-0.781576,-0.196216],[-0.712664,-0.394271,-0.580224],[0.376127,0.483414,-0.790468]]],"btipPosition":[-24.9865,259.322,-11.1597],"carpPosition":[6.64695,272.677,50.9941],"dipPosition":[-18.5358,267.613,-24.7163],"direction":[-0.727916,-0.62325,0.285828],"extended":false,"handId":421,"id":4214,"length":50.2569,"mcpPosition":[16.5386,288.858,-3.49349],"pipPosition":[-4.37019,279.741,-30.2787],"stabilizedTipPosition":[-24.4917,256.581,-10.4393],"timeVisible":1.66021,"tipPosition":[-23.7909,260.917,-14.1875],"tipVelocity":[28.3124,92.4923,-70.358],"tool":false,"touchDistance":0.333333,"touchZone":"none","type":4,"width":15.9768