{"sensorType":"Leap","data":[[0,{"currentFrameRate":55.3607,"devices":[],"gestures":[],"hands":[{"armBasis":[[0.814243,-0.572406,0.0967418],[0.565028,0.819673,0.0942296],[-0.133234,-0.0220641,0.990839]],"armWidth":62.9686,"confidence":0.692764,"direction":[0.362752,0.517994,-0.774657],"elbow":[-41.152,21.7361,340.828],"grabStrength":0,"id":413,"palmNormal":[-0.437086,-0.639594,-0.632357],"palmPosition":[5.68898,56.813,32.3766],"palmVelocity":[-4.85467,-9.54165,10.856],"palmWidth":89.917,"pinchStrength":0.719446,"r":[[0.949922,0.131437,0.283502],[-0.194797,0.958461,0.208341],[-0.244342,-0.253133,0.936067]],"s":1.01185,"sphereCenter":[-7.90063,36.2737,-8.41143],"sphereRadius":44.5852,"stabilizedPalmPosition":[5.75545,57.0029,32.1457],"t":[-15.7142,-69.3828,-24.164],"timeVisible":8.53221,"type":"right","wrist":[-5.603,27.6231,76.4566]}],"id":1421463,"interactionBox":{"center":[0,200,0],"size":[235.247,235.247,147.751]},"pointables":[{"bases":[[[0.792909,0.444593,0.416693],[-0.608462,0.540988,0.580608],[0.0327087,-0.713911,0.699472]],[[0.761542,0.603839,0.235442],[-0.632689,0.61384,0.472129],[0.140566,-0.508507,0.849507]],[[0.761542,0.603839,0.235442],[-0.61781,0.786125,-0.0178589],[-0.195871,-0.131858,0.971724]],[[0.761542,0.603839,0.235442],[-0.0692208,0.436972,-0.896808],[-0.644409,0.666659,0.374571]]],"btipPosition":[-20.1114,49.1551,-11.1397],"carpPosition":[-34.6806,35.0464,72.1693],"dipPosition":[-35.015,64.5733,-2.47675],"direction":[0.195871,0.131858,-0.971724],"extended":false,"handId":413,"id":4130,"length":51.5018,"mcpPosition":[-34.6806,35.0464,72.1693],"pipPosition":[-41.6146,60.1305,30.2641],"stabilizedTipPosition":[-23.5996,52.9921,-9.19572],"timeVisible":8.53221,"tipPosition":[-24.2859,53.7057,-9.19475],"tipVelocity":[8.0342,-36.174,4.72455],"tool":false,"touchDistance":0.370259,"touchZone":"hovering","type":0,"width":20.0112},{"bases":[[[0.872246,-0.472946,-0.12454],[0.464799,0.722412,0.51194],[-0.152151,-0.504423,0.849946]],[[0.864005,-0.496444,-0.0838988],[0.503009,0.843894,0.186614],[-0.0218416,-0.203437,0.978844]],[[0.864005,-0.496444,-0.0838988],[0.492134,0.867903,-0.067448],[0.1063,0.016986,0.994189]],[[0.864005,-0.496444,-0.0838988],[0.464834,0.850555,-0.245937],[0.193454,0.173492,0.965648]]],"btipPosition":[-9.65578,90.3303,-67.1596],"carpPosition":[-15.8394,48.3556,76.2415],"dipPosition":[-6.38947,93.2595,-50.8555],"direction":[-0.1063,-0.016986,-0.994189],"extended":true,"handId":413,"id":4131,"length":58.114,"mcpPosition":[-4.77775,85.0282,14.4487],"pipPosition":[-3.85045,93.6652,-27.1089],"stabilizedTipPosition":[-8.85811,91.1609,-63.4562],"timeVisible":8.53221,"tipPosition":[-7.81643,92.0784,-63.2488],"tipVelocity":[-13.2564,-29.8753,7.08253],"tool":false,"touchDistance":0.351461,"touchZone":"hovering","type":1,"width":19.1147},{"bases":[[[0.751567,-0.652924,-0.0940003],[0.602118,0.620805,0.502051],[-0.269445,-0.433924,0.859714]],[[0.747046,-0.659956,-0.0798826],[0.395754,0.538062,-0.744223],[0.534136,0.524355,0.663137]],[[0.747046,-0.659956,-0.0798826],[-0.482189,-0.455218,-0.748512],[0.457621,0.597691,-0.658292]],[[0.747046,-0.659956,-0.0798826],[-0.660264,-0.722631,-0.204585],[0.0772916,0.205578,-0.975584]]],"btipPosition":[-25.6295,28.4991,20.8647],"carpPosition":[-4.46955,44.1716,75.1088],"dipPosition":[-24.1942,32.3167,2.74772],"direction":[-0.457621,-0.597691,0.658292],"extended":false,"handId":413,"id":4132,"length":66.2163,"mcpPosition":[14.1074,74.0886,15.8355],"pipPosition":[-11.3346,49.1125,-15.751],"stabilizedTipPosition":[-25.0849,29.1773,15.2548],"timeVisible":8.53221,"tipPosition":[-25.6324,29.1809,15.3372],"tipVelocity":[-2.81153,0.0285465,21.7307],"tool":false,"touchDistance":0.333333,"touchZone":"none","type":2,"width":18.7732},{"bases":[[[0.656182,-0.754592,-0.00403915],[0.645379,0.558422,0.521202],[-0.391039,-0.34461,0.853424]],[[0.666607,-0.744908,-0.0273248],[0.467754,0.446566,-0.762748],[0.580379,0.495672,0.646118]],[[0.666607,-0.744908,-0.0273248],[-0.517459,-0.436059,-0.736267],[0.536536,0.504941,-0.676139]],[[0.666607,-0.744908,-0.0273248],[-0.733431,-0.64891,-0.202469],[0.133089,0.155008,-0.978907]]],"btipPosition":[-13.2006,19.9496,28.9507],"carpPosition":[5.36403,37.188,73.7229],"dipPosition":[-10.7433,22.8116,10.8765],"direction":[-0.536536,-0.504941,0.676139],"extended":false,"handId":413,"id":4133,"length":63.6687,"mcpPosition":[29.5699,58.5198,20.8948],"pipPosition":[3.94455,36.6345,-7.63304],"stabilizedTipPosition":[-12.315,20.5411,23.5913],"timeVisible":8.53221,"tipPosition":[-12.9914,20.334,23.474],"tipVelocity":[-5.79595,-2.7575,18.4758],"tool":false,"touchDistance":0.333333,"touchZone":"none","type":3,"width":17.8639},{"bases":[[[0.490797,-0.87123,0.00870076],[0.702483,0.401603,0.587566],[-0.515399,-0.282263,0.80913]],[[0.541974,-0.83696,-0.0759095],[0.703965,0.501469,-0.502953],[0.459018,0.21915,0.860974]],[[0.541974,-0.83696,-0.0759095],[-0.28274,-0.0965346,-0.954326],[0.791405,0.538683,-0.288962]],[[0.541974,-0.83696,-0.0759095],[-0.711428,-0.408844,-0.571591],[0.447364,0.363792,-0.81702]]],"btipPosition":[1.53958,16.5043,13.9622],"carpPosition":[10.9622,24.5962,70.909],"dipPosition":[9.15977,22.701,0.0454778],"direction":[-0.791405,-0.538683,0.288962],"extended":false,"handId":413,"id":4134,"length":49.9151,"mcpPosition":[40.4953,40.7703,24.5447],"pipPosition":[24.4562,33.1127,-5.53962],"stabilizedTipPosition":[3.44134,18.1198,10.5132],"timeVisible":8.53221,"tipPosition":[3.18095,17.8556,11.3728],"tipVelocity":[-10.4681,-10.5339,13.0544],"tool":false,"touchDistance":0.333333,"touchZone":"none","type":4,"width":15.8681}],"r":[[0.949922,0.131437,0.283502],[-0.194797,0.958461,0.208341],[-0.244342,-0.253133,0.936067]],"s":1.01185,"t":[-15.7142,-69.3828,-24.164],"timestamp":88861530674},false],[1,{"currentFrameRate":55.3523,"devices":[],"gestures":[],"hands":[{"armBasis":[[0.812783,-0.574549,0.0963119],[0.567241,0.818183,0.0938833],[-0.132741,-0.0216747,0.990914]],"armWidth":62.9686,"confidence":0.710911,"direction":[0.364867,0.516385,-0.774738],"elbow":[-41.1807,21.7324,341.063],"grabStrength":0,"id":413,"palmNormal":[-0.43832,-0.638859,-0.632246],"palmPosition":[5.64834,56.6399,32.5789],"palmVelocity":[-3.6141,-9.55213,11.0102],"palmWidth":89.917,"pinchStrength":0.724199,"r":[[0.950123,0.130055,0.283464],[-0.193206,0.958938,0.207628],[-0.244821,-0.252039,0.936237]],"s":1.00842,"sphereCenter":[-7.89377,35.9896,-8.16737],"sphereRadius":44.5112,"stabilizedPalmPosition":[5.7243,56.8974,32.2717],"t":[-15.7766,-69.5574,-23.9612],"timeVisible":8.55031,"type":"right","wrist":[-5.76318,27.5156,76.6714]}],"id":1421464,"interactionBox":{"center":[0,200,0],"size":[235.247,235.247,147.751]},"pointables":[{"bases":[[[0.793784,0.442702,0.417041],[-0.607454,0.543128,0.579664],[0.0301118,-0.713461,0.700047]],[[0.762535,0.603169,0.23394],[-0.632396,0.61868,0.466166],[0.136443,-0.50341,0.853206]],[[0.762535,0.603169,0.23394],[-0.615763,0.78758,-0.0235262],[-0.198437,-0.126112,0.971966]],[[0.762535,0.603169,0.23394],[-0.0654555,0.431679,-0.899649],[-0.643628,0.670701,0.368651]]],"btipPosition":[-19.9753,48.5867,-11.0096],"carpPosition":[-34.8163,35.0166,72.3532],"dipPosition":[-34.8609,64.0984,-2.48353],"direction":[0.198437,0.126112,-0.971966],"extended":false,"handId":413,"id":4130,"length":51.5018,"mcpPosition":[-34.8163,35.0166,72.3532],"pipPosition":[-41.5469,59.8493,30.2654],"stabilizedTipPosition":[-23.4762,52.4768,-9.10519],"timeVisible":8.55031,"tipPosition":[-24.1183,53.2173,-9.05675],"tipVelocity":[7.8994,-33.3435,5.07005],"tool":false,"touchDistance":0.368046,"touchZone":"hovering","type":0,"width":20.0112},{"bases":[[[0.871031,-0.475471,-0.123419],[0.466367,0.721507,0.51179],[-0.154293,-0.503343,0.850199]],[[0.863039,-0.498052,-0.0843015],[0.504801,0.84429,0.179861],[-0.0184054,-0.197783,0.980073]],[[0.863039,-0.498052,-0.0843015],[0.493102,0.866875,-0.0733431],[0.109608,0.0217288,0.993737]],[[0.863039,-0.498052,-0.0843015],[0.465407,0.848884,-0.250584],[0.196366,0.177029,0.964417]]],"btipPosition":[-9.87621,89.7594,-67.0086],"carpPosition":[-15.9416,48.2763,76.4315],"dipPosition":[-6.56074,92.7484,-50.7252],"direction":[-0.109608,-0.0217288,-0.993737],"extended":true,"handId":413,"id":4131,"length":58.114,"mcpPosition":[-4.72414,84.8704,14.6203],"pipPosition":[-3.94273,93.2674,-26.9894],"stabilizedTipPosition":[-9.04589,90.6362,-63.3145],"timeVisible":8.55031,"tipPosition":[-8.00981,91.5308,-63.1085],"tipVelocity":[-12.4485,-30.3093,7.55722],"tool":false,"touchDistance":0.351841,"touchZone":"hovering","type":1,"width":19.1147},{"bases":[[[0.749825,-0.655089,-0.0928467],[0.603411,0.61951,0.502098],[-0.271399,-0.43251,0.859812]],[[0.745308,-0.662043,-0.0788373],[0.397575,0.536242,-0.744566],[0.535211,0.523587,0.662877]],[[0.745308,-0.662043,-0.0788373],[-0.484389,-0.456433,-0.746348],[0.458131,0.594447,-0.66087]],[[0.745308,-0.662043,-0.0788373],[-0.662419,-0.721893,-0.20018],[0.0756155,0.201419,-0.976582]]],"btipPosition":[-25.6421,28.4947,21.1644],"carpPosition":[-4.58244,44.0597,75.3119],"dipPosition":[-24.2379,32.2351,3.02893],"direction":[-0.458131,-0.594447,0.66087],"extended":false,"handId":413,"id":4132,"length":66.2163,"mcpPosition":[14.1293,73.8793,16.0319],"pipPosition":[-11.3639,48.9397,-15.5422],"stabilizedTipPosition":[-25.0876,29.1793,15.2748],"timeVisible":8.55031,"tipPosition":[-25.6637,29.1416,15.672],"tipVelocity":[-1.99284,-0.56641,19.1624],"tool":false,"touchDistance":0.333333,"touchZone":"none","type":2,"width":18.7732},{"bases":[[[0.654079,-0.756421,-0.00289061],[0.646481,0.557021,0.521334],[-0.392738,-0.342862,0.853348]],[[0.664564,-0.746772,-0.0262026],[0.469929,0.444946,-0.762358],[0.580966,0.494322,0.646625]],[[0.664564,-0.746772,-0.0262026],[-0.51865,-0.435743,-0.735616],[0.53792,0.502454,-0.676892]],[[0.664564,-0.746772,-0.0262026],[-0.735327,-0.647339,-0.200616],[0.132852,0.152589,-0.97932]]],"btipPosition":[-13.2861,19.8734,29.1783],"carpPosition":[5.23283,37.0477,73.9399],"dipPosition":[-10.8331,22.6908,11.0965],"direction":[-0.53792,-0.502454,0.676892],"extended":false,"handId":413,"id":4133,"length":63.6687,"mcpPosition":[29.5438,58.2713,21.1166],"pipPosition":[3.8926,36.4456,-7.43363],"stabilizedTipPosition":[-12.3237,20.5407,23.6219],"timeVisible":8.55031,"tipPosition":[-13.0829,20.242,23.7442],"tipVelocity":[-5.31189,-3.71622,15.6259],"tool":false,"touchDistance":0.333333,"touchZone":"none","type":3,"width":17.8639},{"bases":[[[0.488358,-0.872588,0.00979497],[0.70309,0.400095,0.587868],[-0.516885,-0.280203,0.808898]],[[0.539716,-0.838516,-0.0748184],[0.705813,0.499153,-0.502667],[0.45884,0.21849,0.861237]],[[0.539716,-0.838516,-0.0748184],[-0.282121,-0.09642,-0.954521],[0.793167,0.536279,-0.288603]],[[0.539716,-0.838516,-0.0748184],[-0.712036,-0.407273,-0.571956],[0.449123,0.361967,-0.816865]]],"btipPosition":[1.40305,16.3289,14.1883],"carpPosition":[10.7983,24.4382,71.1406],"dipPosition":[9.0532,22.4945,0.274218],"direction":[-0.793167,-0.536279,0.288603],"extended":false,"handId":413,"id":4134,"length":49.9151,"mcpPosition":[40.4165,40.4943,24.7896],"pipPosition":[24.3836,32.8598,-5.30393],"stabilizedTipPosition":[3.34794,17.9949,10.6723],"timeVisible":8.55031,"tipPosition":[3.05125,17.6744,11.5957],"tipVelocity":[-8.89701,-10.3225,12.8046],"tool":false,"touchDistance":0.333333,"touchZone":"none","type":4,"width":15.8681}],"r":[[0.950123,0.130055,0.283464],[-0.193206,0.958938,0.207628],[-0.244821,-0.252039,0.936237]],"s":1.00842,"t":[-15.7766,-69.5574,-23.9612],"timestamp":88861548769},false],[2,{"currentFrameRate":55.3354,"devices":[],"gestures":[],"hands":[{"armBasis":[[0.810807,-0.577378,0.0960601],[0.570141,0.816205,0.0935339],[-0.132409,-0.0210701,0.990971]],"armWidth":62.9686,"confidence":0.728941,"direction":[0.367028,0.515274,-0.774457],"elbow":[-41.2075,21.7265,341.252],"grabStrength":0,"id":413,"palmNormal":[-0.440304,-0.637153,-0.632588],"palmPosition":[5.65506,56.4426,32.7643],"palmVelocity":[-1.71656,-10.1878,10.6353],"palmWidth":89.917,"pinchStrength":0.730125,"r":[[0.950349,0.128263,0.283522],[-0.191272,0.959443,0.207087],[-0.245462,-0.251034,0.936339]],"s":1.00491,"sphereCenter":[-7.86969,35.7318,-7.95335],"sphereRadius":44.4345,"stabilizedPalmPosition":[5.70955,56.8005,32.3767],"t":[-15.8045,-69.7434,-23.7672],"timeVisible":8.56844,"type":"right","wrist":[-5.87862,27.3483,76.8449]}],"id":1421465,"interactionBox":{"center":[0,200,0],"size":[235.247,235.247,147.751]},"pointables":[{"bases":[[[0.795165,0.43979,0.41749],[-0.605779,0.545138,0.579531],[0.0272823,-0.713729,0.69989]],[[0.763999,0.601902,0.232421],[-0.631561,0.623904,0.460298],[0.132046,-0.498456,0.8568]],[[0.763999,0.601902,0.232421],[-0.613327,0.789331,-0.0280435],[-0.200337,-0.121125,0.972211]],[[0.763999,0.601902,0.232421],[-0.0605417,0.425507,-0.902928],[-0.642371,0.675765,0.361527]]],"btipPosition":[-19.8103,47.9937,-10.8676],"carpPosition":[-34.9031,34.9531,72.5159],"dipPosition":[-34.6668,63.6226,-2.50636],"direction":[0.200337,0.121125,-0.972211],"extended":false,"handId":413,"id":4130,"length":51.5018,"mcpPosition":[-34.9031,34.9531,72.5159],"pipPosition":[-41.4168,59.5414,30.2509],"stabilizedTipPosition":[-23.3357,51.9755,-9.01453],"timeVisible":8.56844,"tipPosition":[-23.9188,52.7221,-8.91976],"tipVelocity":[8.64844,-32.3326,5.38836],"tool":false,"touchDistance":0.366135,"touchZone":"hovering","type":0,"width":20.0112},{"bases":[[[0.869396,-0.478522,-0.123156],[0.468696,0.719731,0.512164],[-0.156443,-0.502996,0.850012]],[[0.861669,-0.500193,-0.0856307],[0.50726,0.844111,0.173677],[-0.0145904,-0.19309,0.981073]],[[0.861669,-0.500193,-0.0856307],[0.494711,0.86556,-0.0778882],[0.113078,0.0247513,0.993278]],[[0.861669,-0.500193,-0.0856307],[0.466695,0.847342,-0.253391],[0.199303,0.178376,0.963567]]],"btipPosition":[-10.0561,89.3087,-66.8381],"carpPosition":[-15.9833,48.145,76.6055],"dipPosition":[-6.69108,92.3204,-50.5691],"direction":[-0.113078,-0.0247513,-0.993278],"extended":true,"handId":413,"id":4131,"length":58.114,"mcpPosition":[-4.60963,84.7138,14.8079],"pipPosition":[-3.99018,92.9116,-26.8443],"stabilizedTipPosition":[-9.2038,90.2119,-63.1686],"timeVisible":8.56844,"tipPosition":[-8.16282,91.0868,-62.9449],"tipVelocity":[-10.9467,-27.5784,8.34989],"tool":false,"touchDistance":0.352499,"touchZone":"hovering","type":1,"width":19.1147},{"bases":[[[0.747542,-0.657717,-0.0926785],[0.605382,0.617251,0.502507],[-0.273302,-0.431751,0.859591]],[[0.743011,-0.664632,-0.0787268],[0.399593,0.534898,-0.744452],[0.536898,0.521678,0.663018]],[[0.743011,-0.664632,-0.0787268],[-0.486919,-0.456105,-0.744902],[0.459178,0.591804,-0.662513]],[[0.743011,-0.664632,-0.0787268],[-0.665142,-0.720234,-0.197105],[0.0743006,0.198816,-0.977216]]],"btipPosition":[-25.6526,28.4847,21.4088],"carpPosition":[-4.63872,43.8885,75.4898],"dipPosition":[-24.2728,32.1768,3.26152],"direction":[-0.459178,-0.591804,0.662513],"extended":false,"handId":413,"id":4132,"length":66.2163,"mcpPosition":[14.2041,73.6557,16.2251],"pipPosition":[-11.3694,48.8071,-15.3558],"stabilizedTipPosition":[-25.0889,29.1802,15.2854],"timeVisible":8.56844,"tipPosition":[-25.6877,29.1092,15.9504],"tipVelocity":[-1.46686,-0.851875,16.3847],"tool":false,"touchDistance":0.333333,"touchZone":"none","type":2,"width":18.7732},{"bases":[[[0.651398,-0.758731,-0.00278797],[0.648223,0.554605,0.521747],[-0.39432,-0.341672,0.853096]],[[0.661931,-0.74911,-0.0261012],[0.472125,0.443721,-0.761715],[0.582191,0.49188,0.647386]],[[0.661931,-0.74911,-0.0261012],[-0.520479,-0.434292,-0.735182],[0.539397,0.500225,-0.677367]],[[0.661931,-0.74911,-0.0261012],[-0.737796,-0.644996,-0.199092],[0.132307,0.151043,-0.979633]]],"btipPosition":[-13.3532,19.7916,29.3596],"carpPosition":[5.15225,36.8421,74.1204],"dipPosition":[-10.9103,22.5804,11.272],"direction":[-0.539397,-0.500225,0.677368],"extended":false,"handId":413,"id":4133,"length":63.6687,"mcpPosition":[29.5612,57.992,21.3127],"pipPosition":[3.85587,36.2742,-7.27116],"stabilizedTipPosition":[-12.3308,20.5391,23.6458],"timeVisible":8.56844,"tipPosition":[-13.158,20.1493,23.9664],"tipVelocity":[-4.60548,-4.2691,12.9112],"tool":false,"touchDistance":0.333333,"touchZone":"none","type":3,"width":17.8639},{"bases":[[[0.485262,-0.874314,0.00979814],[0.704247,0.397464,0.588268],[-0.518225,-0.278564,0.808607]],[[0.536789,-0.840394,-0.0748056],[0.70781,0.496804,-0.502185],[0.459197,0.216619,0.861518]],[[0.536789,-0.840394,-0.0748056],[-0.281988,-0.0951364,-0.954689],[0.795198,0.533561,-0.288049]],[[0.536789,-0.840394,-0.0748056],[-0.713192,-0.404588,-0.57242],[0.450793,0.36062,-0.816541]]],"btipPosition":[1.27557,16.1512,14.3588],"carpPosition":[10.6742,24.2137,71.3204],"dipPosition":[8.95417,22.2939,0.450218],"direction":[-0.795198,-0.533561,0.288049],"extended":false,"handId":413,"id":4134,"length":49.9151,"mcpPosition":[40.3693,40.1758,24.9861],"pipPosition":[24.3239,32.6066,-5.11724],"stabilizedTipPosition":[3.2685,17.8831,10.7987],"timeVisible":8.56844,"tipPosition":[2.93045,17.4922,11.7637],"tipVelocity":[-7.83675,-10.2126,11.2182],"tool":false,"touchDistance":0.333333,"touchZone":"none","type":4,"width":15.8681}],"r":[[0.950349,0.128263,0.283522],[-0.191272,0.959443,0.207087],[-0.245462,-0.251034,0.936339]],"s":1.00491,"t":[-15.8045,-69.7434,-23.7672],"timestamp":88861566899},false],[3,{"currentFrameRate":55.3165,"devices":[],"gestures":[],"hands":[{"armBasis":[[0.805858,-0.584289,0.0959143],[0.577157,0.811307,0.0931147],[-0.132222,-0.0196796,0.991025]],"armWidth":62.9686,"confidence":0.751459,"direction":[0.369813,0.514341,-0.773752],"elbow":[-41.2491,21.6979,341.344],"grabStrength":0,"id":413,"palmNormal":[-0.446778,-0.63174,-0.633478],"palmPosition":[5.72032,56.0674,32.8999],"palmVelocity":[0.815171,-15.1843,9.12904],"palmWidth":89.917,"pinchStrength":0.736941,"r":[[0.950845,0.125098,0.283273],[-0.188052,0.960043,0.207252],[-0.246028,-0.250335,0.936378]],"s":1.00138,"sphereCenter":[-7.96684,35.4687,-7.79945],"sphereRadius":44.3545,"stabilizedPalmPosition":[5.71168,56.6555,32.4801],"t":[-15.7858,-70.024,-23.6023],"timeVisible":8.58658,"type":"right","wrist":[-5.97025,26.9487,76.923]}],"id":1421466,"interactionBox":{"center":[0,200,0],"size":[235.247,235.247,147.751]},"pointables":[{"bases":[[[0.799579,0.432035,0.417156],[-0.600132,0.548545,0.582186],[0.0226954,-0.715852,0.697883]],[[0.768778,0.596583,0.230366],[-0.626768,0.631308,0.456741],[0.127052,-0.495519,0.859255]],[[0.768778,0.596583,0.230366],[-0.607391,0.793876,-0.0289296],[-0.200141,-0.117682,0.972674]],[[0.768778,0.596583,0.230366],[-0.0554327,0.421028,-0.905352],[-0.637108,0.683245,0.356747]]],"btipPosition":[-19.728,47.4124,-10.7389],"carpPosition":[-34.9389,34.8057,72.6707],"dipPosition":[-34.4628,63.2143,-2.48824],"direction":[0.200141,0.117682,-0.972674],"extended":false,"handId":413,"id":4130,"length":51.5018,"mcpPosition":[-34.9389,34.8057,72.6707],"pipPosition":[-41.2062,59.2491,30.2846],"stabilizedTipPosition":[-23.223,51.4969,-8.92524],"timeVisible":8.58658,"tipPosition":[-23.7741,52.2566,-8.77944],"tipVelocity":[7.4242,-31.1486,5.5323],"tool":false,"touchDistance":0.364404,"touchZone":"hovering","type":0,"width":20.0112},{"bases":[[[0.865161,-0.485371,-0.126139],[0.475624,0.71441,0.513224],[-0.158989,-0.504017,0.848934]],[[0.857671,-0.506232,-0.0901588],[0.51411,0.840987,0.168616],[-0.00953655,-0.190969,0.98155]],[[0.857671,-0.506232,-0.0901588],[0.500259,0.862044,-0.0813776],[0.118917,0.0246925,0.992597]],[[0.857671,-0.506232,-0.0901588],[0.471424,0.844159,-0.255255],[0.205327,0.176422,0.962661]]],"btipPosition":[-10.246,89.0113,-66.594],"carpPosition":[-15.9026,47.829,76.7599],"dipPosition":[-6.77922,91.99,-50.3403],"direction":[-0.118917,-0.0246925,-0.992597],"extended":true,"handId":413,"id":4131,"length":58.114,"mcpPosition":[-4.34373,84.4721,15.0407],"pipPosition":[-3.93885,92.5798,-26.6318],"stabilizedTipPosition":[-9.34602,89.9125,-62.9868],"timeVisible":8.58658,"tipPosition":[-8.31174,90.7774,-62.7087],"tipVelocity":[-10.1024,-22.4477,10.6882],"tool":false,"touchDistance":0.35419,"touchZone":"hovering","type":1,"width":19.1147},{"bases":[[[0.741883,-0.663633,-0.0959169],[0.611437,0.610829,0.503024],[-0.275235,-0.431832,0.858933]],[[0.737335,-0.670531,-0.0820128],[0.402676,0.533746,-0.743618],[0.542392,0.515271,0.663556]],[[0.737335,-0.670531,-0.0820128],[-0.492904,-0.451004,-0.744071],[0.461934,0.589054,-0.663048]],[[0.737335,-0.670531,-0.0820128],[-0.67165,-0.71469,-0.195205],[0.0722774,0.199016,-0.977327]]],"btipPosition":[-25.778,28.4623,21.5665],"carpPosition":[-4.5958,43.4817,75.6107],"dipPosition":[-24.4357,32.1581,3.41717],"direction":[-0.461934,-0.589054,0.663048],"extended":false,"handId":413,"id":4132,"length":66.2163,"mcpPosition":[14.3803,73.2545,16.3913],"pipPosition":[-11.4549,48.7112,-15.2152],"stabilizedTipPosition":[-25.0903,29.1807,15.293],"timeVisible":8.58658,"tipPosition":[-25.8315,29.0832,16.1479],"tipVelocity":[-4.28765,-1.01129,12.7072],"tool":false,"touchDistance":0.333333,"touchZone":"none","type":2,"width":18.7732},{"bases":[[[0.645076,-0.764094,-0.00611764],[0.653793,0.547777,0.52201],[-0.395514,-0.340736,0.852917]],[[0.655601,-0.754538,-0.0293269],[0.473991,0.441453,-0.761874],[0.587809,0.485585,0.647061]],[[0.655601,-0.754538,-0.0293269],[-0.528099,-0.430402,-0.732028],[0.539721,0.495406,-0.680643]],[[0.655601,-0.754538,-0.0293269],[-0.744359,-0.639252,-0.193099],[0.126954,0.148426,-0.980741]]],"btipPosition":[-13.4558,19.708,29.5779],"carpPosition":[5.13377,36.3582,74.2032],"dipPosition":[-11.1118,22.4484,11.4698],"direction":[-0.539721,-0.495406,0.680643],"extended":false,"handId":413,"id":4133,"length":63.6687,"mcpPosition":[29.6166,57.4502,21.4065],"pipPosition":[3.66323,36.0103,-7.16302],"stabilizedTipPosition":[-12.3384,20.5364,23.6689],"timeVisible":8.58658,"tipPosition":[-13.3088,20.0403,24.2047],"tipVelocity":[-5.70429,-4.72326,12.3678],"tool":false,"touchDistance":0.333333,"touchZone":"none","type":3,"width":17.8639},{"bases":[[[0.478012,-0.878329,0.00647279],[0.708639,0.389995,0.587993],[-0.518976,-0.276481,0.80884]],[[0.529669,-0.844596,-0.0781573],[0.710965,0.492332,-0.502134],[0.46258,0.210398,0.861251]],[[0.529669,-0.844596,-0.0781573],[-0.284529,-0.0901151,-0.954423],[0.799058,0.527766,-0.288043]],[[0.529669,-0.844596,-0.0781573],[-0.717581,-0.397063,-0.572205],[0.452248,0.359163,-0.816378]]],"btipPosition":[0.972254,15.8646,14.3895],"carpPosition":[10.5455,23.6922,71.3581],"dipPosition":[8.67564,21.9825,0.4837],"direction":[-0.799058,-0.527766,0.288043],"extended":false,"handId":413,"id":4134,"length":49.9151,"mcpPosition":[40.2835,39.535,25.0104],"pipPosition":[24.12,32.1832,-5.08364],"stabilizedTipPosition":[3.1324,17.7245,10.9006],"timeVisible":8.58658,"tipPosition":[2.63404,17.1996,11.7915],"tipVelocity":[-11.9185,-13.0232,6.69643],"tool":false,"touchDistance":0.333333,"touchZone":"none","type":4,"width":15.8681}],"r":[[0.950845,0.125098,0.283273],[-0.188052,0.960043,0.207252],[-0.246028,-0.250335,0.936378]],"s":1.00138,"t":[-15.7858,-70.024,-23.6023],"timestamp":88861585042},false],[4,{"currentFrameRate":55.3279,"devices":[],"gestures":[],"hands":[{"armBasis":[[0.801358,-0.590486,0.0956635],[0.583441,0.806835,0.0928152],[-0.131991,-0.0185643,0.991077]],"armWidth":62.9686,"confidence":0.776226,"direction":[0.372215,0.513214,-0.773349],"elbow":[-41.2772,21.6785,341.419],"grabStrength":0,"id":413,"palmNormal":[-0.452673,-0.627022,-0.63398],"palmPosition":[5.76642,55.7563,33.0012],"palmVelocity":[1.64102,-16.1661,7.46287],"palmWidth":89.917,"pinchStrength":0.742972,"r":[[0.951523,0.12102,0.28277],[-0.183959,0.960704,0.207862],[-0.246503,-0.249804,0.936394]],"s":0.99788,"sphereCenter":[-8.05727,35.2285,-7.66969],"sphereRadius":44.2778,"stabilizedPalmPosition":[5.72236,56.4799,32.5819],"t":[-15.7535,-70.3198,-23.4692],"timeVisible":8.60461,"type":"right","wrist":[-6.05998,26.6317,76.9841]}],"id":1421467,"interactionBox":{"center":[0,200,0],"size":[235.247,235.247,147.751]},"pointables":[{"bases":[[[0.803566,0.425145,0.416573],[-0.594924,0.551774,0.584475],[0.0186322,-0.717494,0.696316]],[[0.77306,0.591905,0.228092],[-0.622374,0.638263,0.453069],[0.122591,-0.492208,0.861802]],[[0.77306,0.591905,0.228092],[-0.602175,0.797821,-0.0294468],[-0.199406,-0.114587,0.973194]],[[0.77306,0.591905,0.228092],[-0.0513414,0.416783,-0.907555],[-0.632251,0.689884,0.352588]]],"btipPosition":[-19.6829,46.9,-10.6537],"carpPosition":[-34.9768,34.7144,72.8029],"dipPosition":[-34.3054,62.8553,-2.49921],"direction":[0.199406,0.114587,-0.973194],"extended":false,"handId":413,"id":4130,"length":51.5018,"mcpPosition":[-34.9768,34.7144,72.8029],"pipPosition":[-41.0241,58.9945,30.2911],"stabilizedTipPosition":[-23.1399,51.0616,-8.85621],"timeVisible":8.60461,"tipPosition":[-23.6673,51.8337,-8.6819],"tipVelocity":[5.7661,-28.9224,4.56749],"tool":false,"touchDistance":0.362243,"touchZone":"hovering","type":0,"width":20.0112},{"bases":[[[0.861266,-0.491561,-0.128793],[0.481914,0.709731,0.513849],[-0.16118,-0.504628,0.848158]],[[0.853984,-0.511715,-0.0941273],[0.52028,0.83829,0.16303],[-0.00451867,-0.188197,0.982121]],[[0.853984,-0.511715,-0.0941273],[0.505116,0.858768,-0.0858767],[0.124778,0.025792,0.991849]],[[0.853984,-0.511715,-0.0941273],[0.475418,0.840947,-0.25843],[0.211399,0.175945,0.961433]]],"btipPosition":[-10.4757,88.6769,-66.399],"carpPosition":[-15.836,47.5861,76.8841],"dipPosition":[-6.90638,91.6476,-50.1661],"direction":[-0.124778,-0.025792,-0.991849],"extended":true,"handId":413,"id":4131,"length":58.114,"mcpPosition":[-4.11786,84.2736,15.2213],"pipPosition":[-3.92601,92.2636,-26.4754],"stabilizedTipPosition":[-9.50056,89.636,-62.826],"timeVisible":8.60461,"tipPosition":[-8.5054,90.4464,-62.5248],"tipVelocity":[-10.731,-20.6427,10.6212],"tool":false,"touchDistance":0.354958,"touchZone":"hovering","type":1,"width":19.1147},{"bases":[[[0.736713,-0.66896,-0.0987188],[0.616928,0.605158,0.503174],[-0.276863,-0.431597,0.858528]],[[0.732144,-0.675846,-0.0848344],[0.405491,0.532527,-0.742961],[0.547304,0.509555,0.663936]],[[0.732144,-0.675846,-0.0848344],[-0.498285,-0.446503,-0.743201],[0.464411,0.586402,-0.663668]],[[0.732144,-0.675846,-0.0848344],[-0.677505,-0.709688,-0.19321],[0.070374,0.198933,-0.977483]]],"btipPosition":[-25.9024,28.4694,21.6904],"carpPosition":[-4.56422,43.1568,75.7044],"dipPosition":[-24.5955,32.1637,3.53814],"direction":[-0.464411,-0.586402,0.663668],"extended":false,"handId":413,"id":4132,"length":66.2163,"mcpPosition":[14.5242,72.9133,16.513],"pipPosition":[-11.545,48.6422,-15.1116],"stabilizedTipPosition":[-25.0923,29.1812,15.302],"timeVisible":8.60461,"tipPosition":[-25.9727,29.0848,16.3122],"tipVelocity":[-5.73965,-0.353533,9.91952],"tool":false,"touchDistance":0.333333,"touchZone":"none","type":2,"width":18.7732},{"bases":[[[0.639324,-0.768885,-0.00895188],[0.658846,0.54175,0.521946],[-0.396467,-0.339591,0.852931]],[[0.649807,-0.759425,-0.0320036],[0.475585,0.439061,-0.762263],[0.592933,0.480104,0.646476]],[[0.649807,-0.759425,-0.0320036],[-0.535694,-0.427687,-0.728091],[0.539243,0.490263,-0.684733]],[[0.649807,-0.759425,-0.0320036],[-0.750458,-0.634311,-0.185642],[0.120681,0.144649,-0.982096]]],"btipPosition":[-13.5188,19.695,29.8002],"carpPosition":[5.10911,35.9636,74.2635],"dipPosition":[-11.2906,22.3658,11.6671],"direction":[-0.539243,-0.490263,0.684733],"extended":false,"handId":413,"id":4133,"length":63.6687,"mcpPosition":[29.651,56.9848,21.466],"pipPosition":[3.47135,35.7869,-7.07771],"stabilizedTipPosition":[-12.3451,20.5342,23.6884],"timeVisible":8.60461,"tipPosition":[-13.4274,19.9921,24.4471],"tipVelocity":[-5.3554,-3.24413,12.1971],"tool":false,"touchDistance":0.333333,"touchZone":"none","type":3,"width":17.8639},{"bases":[[[0.471433,-0.881894,0.003709],[0.712631,0.383421,0.58749],[-0.519527,-0.274319,0.809223]],[[0.523195,-0.848358,-0.0809655],[0.713713,0.488101,-0.502365],[0.465705,0.205049,0.860856]],[[0.523195,-0.848358,-0.0809655],[-0.286914,-0.0858867,-0.954098],[0.802464,0.522409,-0.288341]],[[0.523195,-0.848358,-0.0809655],[-0.721566,-0.390433,-0.571756],[0.453442,0.357562,-0.816419]]],"btipPosition":[0.683486,15.6299,14.4111],"carpPosition":[10.4205,23.2636,71.3813],"dipPosition":[8.40721,21.7204,0.504611],"direction":[-0.802464,-0.522409,0.288341],"extended":false,"handId":413,"id":4134,"length":49.9151,"mcpPosition":[40.1901,38.9825,25.0117],"pipPosition":[23.9173,31.8176,-5.06849],"stabilizedTipPosition":[2.95253,17.5389,10.984],"timeVisible":8.60461,"tipPosition":[2.35116,16.9586,11.8094],"tipVelocity":[-13.7373,-13.1849,4.08365],"tool":false,"touchDistance":0.333333,"touchZone":"none","type":4,"width":15.8681}],"r":[[0.951523,0.12102,0.28277],[-0.183959,0.960704,0.207862],[-0.246503,-0.249804,0.936394]],"s":0.99788,"t":[-15.7535,-70.3198,-23.4692],"timestamp":88861603077},false],[5,{"currentFrameRate":55.233,"devices":[],"gestures":[],"hands":[{"armBasis":[[0.799351,-0.593257,0.0953163],[0.586269,0.804809,0.0925766],[-0.131633,-0.0181202,0.991133]],"armWidth":62.9686,"confidence":0.781457,"direction":[0.373872,0.512815,-0.772813],"elbow":[-41.2912,21.6782,341.547],"grabStrength":0,"id":413,"palmNormal":[-0.454894,-0.624749,-0.634633],"palmPosition":[5.75114,55.6469,33.1453],"palmVelocity":[0.450945,-11.2365,7.63298],"palmWidth":89.917,"pinchStrength":0.745689,"r":[[0.952139,0.11704,0.282369],[-0.18002,0.961296,0.208571],[-0.247029,-0.249421,0.936358]],"s":0.994368,"sphereCenter":[-8.01944,35.0312,-7.5108],"sphereRadius":44.2054,"stabilizedPalmPosition":[5.72733,56.3362,32.6791],"t":[-15.7449,-70.5225,-23.3307],"timeVisible":8.62305,"type":"right","wrist":[-6.16936,26.513,77.0966]}],"id":1421468,"interactionBox":{"center":[0,200,0],"size":[235.247,235.247,147.751]},"pointables":[{"bases":[[[0.805068,0.42192,0.416953],[-0.59296,0.553142,0.585178],[0.016264,-0.718344,0.695498]],[[0.774507,0.590612,0.226529],[-0.621329,0.6431,0.44763],[0.118695,-0.487442,0.86505]],[[0.774507,0.590612,0.226529],[-0.60039,0.799117,-0.0307338],[-0.199175,-0.112202,0.973519]],[[0.774507,0.590612,0.226529],[-0.0509988,0.415247,-0.908278],[-0.630506,0.691915,0.351733]]],"btipPosition":[-19.621,46.5224,-10.6798],"carpPosition":[-35.0589,34.6993,72.9283],"dipPosition":[-34.2031,62.5248,-2.54502],"direction":[0.199175,0.112202,-0.973519],"extended":false,"handId":413,"id":4130,"length":51.5018,"mcpPosition":[-35.0589,34.6993,72.9283],"pipPosition":[-40.914,58.7443,30.2563],"stabilizedTipPosition":[-23.0675,50.6846,-8.83538],"timeVisible":8.62305,"tipPosition":[-23.5595,51.4939,-8.65026],"tipVelocity":[4.84934,-24.5734,1.56729],"tool":false,"touchDistance":0.358894,"touchZone":"hovering","type":0,"width":20.0112},{"bases":[[[0.859564,-0.494358,-0.129462],[0.484403,0.707494,0.514593],[-0.1628,-0.505037,0.847605]],[[0.852454,-0.513942,-0.0958445],[0.522802,0.837961,0.156521],[-0.000128518,-0.183534,0.983013]],[[0.852454,-0.513942,-0.0958445],[0.506507,0.857301,-0.0921189],[0.129511,0.0299812,0.991125]],[[0.852454,-0.513942,-0.0958445],[0.47611,0.838894,-0.263773],[0.215968,0.179222,0.959811]]],"btipPosition":[-10.7721,88.268,-66.2145],"carpPosition":[-15.8736,47.5008,77.0216],"dipPosition":[-7.12569,91.294,-50.0089],"direction":[-0.129511,-0.0299812,-0.991125],"extended":true,"handId":413,"id":4131,"length":58.114,"mcpPosition":[-4.03772,84.218,15.399],"pipPosition":[-4.03227,92.0101,-26.3356],"stabilizedTipPosition":[-9.69459,89.3347,-62.6741],"timeVisible":8.62305,"tipPosition":[-8.77623,90.0846,-62.3533],"tipVelocity":[-12.846,-21.0531,10.1628],"tool":false,"touchDistance":0.355469,"touchZone":"hovering","type":1,"width":19.1147},{"bases":[[[0.734408,-0.671364,-0.0995729],[0.619057,0.602472,0.503781],[-0.278231,-0.431623,0.858073]],[[0.729795,-0.678282,-0.0856312],[0.4073,0.531957,-0.742381],[0.549095,0.506908,0.664484]],[[0.729795,-0.678282,-0.0856312],[-0.500956,-0.445312,-0.742119],[0.465233,0.584492,-0.664776]],[[0.729795,-0.678282,-0.0856312],[-0.680206,-0.707799,-0.190632],[0.0686927,0.197369,-0.97792]]],"btipPosition":[-25.9382,28.5575,21.866],"carpPosition":[-4.61723,43.0343,75.8355],"dipPosition":[-24.6626,32.2227,3.70566],"direction":[-0.465233,-0.584492,0.664776],"extended":false,"handId":413,"id":4132,"length":66.2163,"mcpPosition":[14.5655,72.7926,16.6754],"pipPosition":[-11.589,48.6476,-14.9753],"stabilizedTipPosition":[-25.0943,29.182,15.3105],"timeVisible":8.62305,"tipPosition":[-26.0236,29.155,16.5205],"tipVelocity":[-4.09956,1.94351,9.68195],"tool":false,"touchDistance":0.333333,"touchZone":"none","type":2,"width":18.7732},{"bases":[[[0.636689,-0.771057,-0.00990703],[0.660761,0.5389,0.522477],[-0.397521,-0.339201,0.852596]],[[0.647147,-0.761658,-0.0328278],[0.477568,0.438581,-0.761299],[0.594247,0.476995,0.64757]],[[0.647147,-0.761658,-0.0328278],[-0.538164,-0.425906,-0.727312],[0.539982,0.488345,-0.685521]],[[0.647147,-0.761658,-0.0328278],[-0.753061,-0.631948,-0.183142],[0.118746,0.143241,-0.982538]]],"btipPosition":[-13.574,19.7328,29.924],"carpPosition":[5.03126,35.8097,74.3852],"dipPosition":[-11.3815,22.3775,11.7828],"direction":[-0.539982,-0.488345,0.685521],"extended":false,"handId":413,"id":4133,"length":63.6687,"mcpPosition":[29.6383,56.8067,21.6084],"pipPosition":[3.40068,35.7461,-6.98359],"stabilizedTipPosition":[-12.3505,20.5327,23.7039],"timeVisible":8.62305,"tipPosition":[-13.4996,20.0159,24.6199],"tipVelocity":[-4.43221,-0.850965,9.50797],"tool":false,"touchDistance":0.333333,"touchZone":"none","type":3,"width":17.8639},{"bases":[[[0.468413,-0.883506,0.00264707],[0.714012,0.380313,0.587834],[-0.520361,-0.273459,0.808977]],[[0.52029,-0.850042,-0.0820153],[0.715332,0.486258,-0.50185],[0.466474,0.202439,0.861058]],[[0.52029,-0.850042,-0.0820153],[-0.287269,-0.0837678,-0.95418],[0.804223,0.520011,-0.287775]],[[0.52029,-0.850042,-0.0820153],[-0.722938,-0.387289,-0.572161],[0.454597,0.356982,-0.81603]]],"btipPosition":[0.529099,15.5593,14.5071],"carpPosition":[10.2988,23.0949,71.4879],"dipPosition":[8.27249,21.64,0.607228],"direction":[-0.804223,-0.520011,0.287775],"extended":false,"handId":413,"id":4134,"length":49.9151,"mcpPosition":[40.1163,38.7645,25.1324],"pipPosition":[23.8166,31.6908,-4.95492],"stabilizedTipPosition":[2.78347,17.386,11.0698],"timeVisible":8.62305,"tipPosition":[2.20176,16.8859,11.9033],"tipVelocity":[-11.0356,-8.73607,4.66514],"tool":false,"touchDistance":0.333333,"touchZone":"none","type":4,"width":15.8681}],"r":[[0.952139,0.11704,0.282369],[-0.18002,0.961296,0.208571],[-0.247029,-0.249421,0.936358]],"s":0.994368,"t":[-15.7449,-70.5225,-23.3307],"timestamp":88861621510},false],[6,{"currentFrameRate":55.3488,"devices":[],"gestures":[],"hands":[{"armBasis":[[0.796903,-0.596574,0.0951046],[0.589655,0.802369,0.0922551],[-0.131346,-0.0174395,0.991183]],"armWidth":62.9686,"confidence":0.796083,"direction":[0.375145,0.512929,-0.77212],"elbow":[-41.307,21.6736,341.622],"grabStrength":0,"id":413,"palmNormal":[-0.45803,-0.621596,-0.635474],"palmPosition":[5.73101,55.5044,33.2559],"palmVelocity":[-0.292522,-9.75342,6.99202],"palmWidth":89.917,"pinchStrength":0.749881,"r":[[0.952769,0.112974,0.281901],[-0.176055,0.961812,0.209575],[-0.24746,-0.249306,0.936275]],"s":0.990857,"sphereCenter":[-8.03888,34.8795,-7.37475],"sphereRadius":44.1245,"stabilizedPalmPosition":[5.72785,56.2175,32.7614],"t":[-15.7507,-70.695,-23.2061],"timeVisible":8.64071,"type":"right","wrist":[-6.26186,26.3267,77.1584]}],"id":1421469,"interactionBox":{"center":[0,200,0],"size":[235.247,235.247,147.751]},"pointables":[{"bases":[[[0.807169,0.417822,0.417016],[-0.590152,0.554286,0.586931],[0.0140867,-0.719855,0.693981]],[[0.776482,0.588672,0.224813],[-0.619517,0.647927,0.443158],[0.115213,-0.48338,0.867796]],[[0.776482,0.588672,0.224813],[-0.597939,0.800905,-0.031943],[-0.198857,-0.109621,0.973878]],[[0.776482,0.588672,0.224813],[-0.0492223,0.412338,-0.9097],[-0.628214,0.6953,0.349149]]],"btipPosition":[-19.5766,46.0947,-10.6593],"carpPosition":[-35.1226,34.6372,73.0365],"dipPosition":[-34.1057,62.1754,-2.58437],"direction":[0.198857,0.109621,-0.973878],"extended":false,"handId":413,"id":4130,"length":51.5018,"mcpPosition":[-35.1226,34.6372,73.0365],"pipPosition":[-40.8059,58.4818,30.229],"stabilizedTipPosition":[-23.009,50.3351,-8.82233],"timeVisible":8.64071,"tipPosition":[-23.4784,51.1297,-8.60449],"tipVelocity":[4.07982,-23.9259,1.01098],"tool":false,"touchDistance":0.356438,"touchZone":"hovering","type":0,"width":20.0112},{"bases":[[[0.857447,-0.497523,-0.131364],[0.487749,0.704473,0.515576],[-0.163969,-0.506151,0.846714]],[[0.850491,-0.516658,-0.0986379],[0.525968,0.83705,0.150682],[0.00471407,-0.180034,0.983649]],[[0.850491,-0.516658,-0.0986379],[0.508345,0.855543,-0.098136],[0.135092,0.0333217,0.990273]],[[0.850491,-0.516658,-0.0986379],[0.477013,0.836636,-0.269254],[0.221636,0.181947,0.958004]]],"btipPosition":[-11.1302,87.9271,-66.0105],"carpPosition":[-15.8821,47.3533,77.137],"dipPosition":[-7.38807,90.9991,-49.8354],"direction":[-0.135092,-0.0333217,-0.990273],"extended":true,"handId":413,"id":4131,"length":58.114,"mcpPosition":[-3.96121,84.1515,15.5792],"pipPosition":[-4.16135,91.795,-26.1824],"stabilizedTipPosition":[-9.91602,89.0647,-62.5262],"timeVisible":8.64071,"tipPosition":[-9.10859,89.786,-62.1647],"tipVelocity":[-15.7335,-19.9519,10.6254],"tool":false,"touchDistance":0.356211,"touchZone":"hovering","type":1,"width":19.1147},{"bases":[[[0.731614,-0.674088,-0.101717],[0.621971,0.598935,0.504409],[-0.279094,-0.432298,0.857453]],[[0.726955,-0.681063,-0.0876898],[0.408666,0.531713,-0.741804],[0.551841,0.503422,0.664859]],[[0.726955,-0.681063,-0.0876898],[-0.504817,-0.443477,-0.7406],[0.465507,0.58265,-0.666199]],[[0.726955,-0.681063,-0.0876898],[-0.683527,-0.705452,-0.187426],[0.0657884,0.196189,-0.978357]]],"btipPosition":[-25.9909,28.6537,22.0337],"carpPosition":[-4.64486,42.8442,75.9302],"dipPosition":[-24.7692,32.297,3.86527],"direction":[-0.465507,-0.58265,0.666199],"extended":false,"handId":413,"id":4132,"length":66.2163,"mcpPosition":[14.5974,72.6491,16.8129],"pipPosition":[-11.6879,48.6701,-14.8556],"stabilizedTipPosition":[-25.0964,29.1831,15.3193],"timeVisible":8.64071,"tipPosition":[-26.0994,29.2344,16.7159],"tipVelocity":[-3.90512,3.44805,9.54471],"tool":false,"touchDistance":0.333333,"touchZone":"none","type":2,"width":18.7732},{"bases":[[[0.633586,-0.773577,-0.0121604],[0.663438,0.535158,0.52293],[-0.398018,-0.339389,0.852289]],[[0.644015,-0.764213,-0.0349739],[0.477727,0.437454,-0.761847],[0.597513,0.473933,0.646812]],[[0.644015,-0.764213,-0.0349739],[-0.543614,-0.424988,-0.723788],[0.538265,0.485143,-0.689136]],[[0.644015,-0.764213,-0.0349739],[-0.756586,-0.629488,-0.176984],[0.113238,0.140441,-0.983592]]],"btipPosition":[-13.5968,19.7934,30.1647],"carpPosition":[4.97316,35.5842,74.455],"dipPosition":[-11.506,22.3864,12.004],"direction":[-0.538265,-0.485143,0.689136],"extended":false,"handId":413,"id":4133,"length":63.6687,"mcpPosition":[29.611,56.5928,21.6972],"pipPosition":[3.2292,35.6674,-6.86128],"stabilizedTipPosition":[-12.3539,20.5321,23.7139],"timeVisible":8.64071,"tipPosition":[-13.5633,20.0544,24.8627],"tipVelocity":[-3.58172,0.835422,11.3144],"tool":false,"touchDistance":0.333333,"touchZone":"none","type":3,"width":17.8639},{"bases":[[[0.464874,-0.885377,0.000329641],[0.716119,0.376224,0.587902],[-0.520639,-0.273065,0.808932]],[[0.516811,-0.851936,-0.0843335],[0.716784,0.484468,-0.501509],[0.46811,0.198736,0.861032]],[[0.516811,-0.851936,-0.0843335],[-0.288509,-0.0805735,-0.954081],[0.806021,0.51741,-0.287432]],[[0.516811,-0.851936,-0.0843335],[-0.725029,-0.383174,-0.572286],[0.455236,0.356908,-0.815706]]],"btipPosition":[0.330202,15.4772,14.5365],"carpPosition":[10.1869,22.8545,71.5259],"dipPosition":[8.08449,21.5566,0.642116],"direction":[-0.806021,-0.51741,0.287432],"extended":false,"handId":413,"id":4134,"length":49.9151,"mcpPosition":[40.0202,38.5014,25.173],"pipPosition":[23.6634,31.5571,-4.91342],"stabilizedTipPosition":[2.6173,17.2593,11.1371],"timeVisible":8.64071,"tipPosition":[2.00627,16.8031,11.9306],"tipVelocity":[-11.0733,-6.83349,3.29498],"tool":false,"touchDistance":0.333333,"tou