{"sensorType":"Leap","data":[[0,{"currentFrameRate":53.0215,"devices":[],"gestures":[{"center":[-18.1994,301.175,-102.731],"duration":37744,"handIds":[417],"id":2,"normal":[0.0908391,-0.0314316,-0.995369],"pointableIds":[4171],"progress":0.793129,"radius":24.0692,"state":"stop","type":"circle"}],"hands":[{"armBasis":[[0.777898,-0.483827,-0.40098],[0.557486,0.825815,0.0850818],[0.289971,-0.289726,0.912127]],"armWidth":63.72,"confidence":0.798689,"direction":[0.188165,0.375344,-0.907585],"elbow":[51.6495,103.187,310.339],"grabStrength":0,"id":417,"palmNormal":[-0.524772,-0.742698,-0.415951],"palmPosition":[-25.077,202.701,13.6941],"palmVelocity":[94.9847,-323.987,189.963],"palmWidth":90.99,"pinchStrength":0.670626,"r":[[0.791398,-0.604457,-0.0912136],[0.599159,0.737404,0.31184],[-0.121232,-0.301441,0.945746]],"s":0.985746,"sphereCenter":[-50.923,190.094,-22.0816],"sphereRadius":48.1985,"stabilizedPalmPosition":[-26.2656,206.872,11.2898],"t":[-31.6469,122.353,-71.6955],"timeVisible":4.27726,"type":"right","wrist":[-26.6426,181.413,64.0645]}],"id":1423522,"interactionBox":{"center":[0,200,0],"size":[235.247,235.247,147.751]},"pointables":[{"bases":[[[0.840152,0.514384,0.171913],[-0.506878,0.631953,0.586268],[0.192926,-0.579693,0.791666]],[[0.723671,0.681495,-0.108927],[-0.571317,0.680104,0.459408],[0.387166,-0.270229,0.881521]],[[0.723671,0.681495,-0.108927],[-0.661282,0.729882,0.173144],[0.197501,-0.0532684,0.978854]],[[0.723671,0.681495,-0.108927],[-0.683726,0.686478,-0.247522],[-0.0939094,0.253601,0.96274]]],"btipPosition":[-80.4835,197.287,-35.6004],"carpPosition":[-56.621,187.917,64.3092],"dipPosition":[-82.6813,203.222,-13.0689],"direction":[-0.197501,0.0532684,-0.978854],"extended":false,"handId":417,"id":4170,"length":52.1164,"mcpPosition":[-56.621,187.917,64.3092],"pipPosition":[-75.9474,201.406,20.3058],"stabilizedTipPosition":[-84.0262,207.095,-35.241],"timeVisible":4.27726,"tipPosition":[-82.0501,200.996,-30.0691],"tipVelocity":[151.602,-420.893,230.653],"tool":false,"touchDistance":0.32808,"touchZone":"hovering","type":0,"width":20.25},{"bases":[[[0.849994,-0.483649,-0.208794],[0.525805,0.803181,0.280054],[0.0322513,-0.347829,0.937003]],[[0.850605,-0.496711,-0.17248],[0.511145,0.704216,0.492758],[-0.123295,-0.507305,0.852901]],[[0.850605,-0.496711,-0.17248],[0.525592,0.81255,0.252022],[0.0149671,-0.305025,0.952227]],[[0.850605,-0.496711,-0.17248],[0.508532,0.86053,0.029714],[0.133665,-0.112987,0.984565]]],"btipPosition":[-37.3719,258.67,-83.1459],"carpPosition":[-37.6508,201.983,62.2693],"dipPosition":[-35.0882,256.74,-66.324],"direction":[-0.0149671,0.305025,-0.952227],"extended":true,"handId":417,"id":4171,"length":58.8075,"mcpPosition":[-40.0235,227.572,-6.66564],"pipPosition":[-34.7264,249.367,-43.3083],"stabilizedTipPosition":[-37.1133,262.114,-81.3293],"timeVisible":4.27726,"tipPosition":[-36.3232,259.855,-78.3814],"tipVelocity":[25.5868,-349.456,185.501],"tool":false,"touchDistance":0.165438,"touchZone":"hovering","type":1,"width":19.3428},{"bases":[[[0.744362,-0.655984,-0.124944],[0.662517,0.70202,0.261227],[-0.0836474,-0.277225,0.957157]],[[0.743261,-0.659388,-0.113006],[0.395347,0.569187,-0.720921],[0.539688,0.491156,0.683742]],[[0.743261,-0.659388,-0.113006],[-0.236734,-0.101245,-0.966285],[0.625715,0.744955,-0.231351]],[[0.743261,-0.659388,-0.113006],[-0.514838,-0.455901,-0.726014],[0.427205,0.597798,-0.678331]]],"btipPosition":[-72.4194,160.913,-20.7587],"carpPosition":[-26.4211,197.664,59.6508],"dipPosition":[-64.3914,172.147,-33.506],"direction":[-0.625715,-0.744955,0.231351],"extended":false,"handId":417,"id":4172,"length":67.0064,"mcpPosition":[-20.5851,217.005,-7.12813],"pipPosition":[-46.5983,193.331,-40.0848],"stabilizedTipPosition":[-75.3903,181.547,-41.3007],"timeVisible":4.27726,"tipPosition":[-70.7052,163.605,-25.2785],"tipVelocity":[68.1333,-316.87,257.813],"tool":false,"touchDistance":0.333333,"touchZone":"none","type":2,"width":18.9972},{"bases":[[[0.671864,-0.740672,-0.00206308],[0.711001,0.644164,0.282011],[-0.207549,-0.19094,0.959409]],[[0.67303,-0.739577,-0.00750383],[0.549769,0.507036,-0.663828],[0.494757,0.442651,0.747847]],[[0.67303,-0.739577,-0.00750383],[-0.0908036,-0.0725557,-0.993222],[0.73402,0.66915,-0.115988]],[[0.67303,-0.739577,-0.00750383],[-0.441125,-0.393247,-0.8067],[0.593666,0.546243,-0.590913]]],"btipPosition":[-57.1868,153.944,-21.6838],"carpPosition":[-16.6563,190.504,57.5733],"dipPosition":[-46.0948,164.15,-32.7244],"direction":[-0.73402,-0.66915,0.115988],"extended":false,"handId":417,"id":4173,"length":64.4285,"mcpPosition":[-3.6554,202.464,-2.52402],"pipPosition":[-25.7609,182.687,-35.9375],"stabilizedTipPosition":[-58.6402,172.967,-38.3547],"timeVisible":4.27726,"tipPosition":[-54.5934,156.327,-25.2688],"tipVelocity":[62.1757,-317.613,218.749],"tool":false,"touchDistance":0.333333,"touchZone":"none","type":3,"width":18.077},{"bases":[[[0.516551,-0.853978,0.062424],[0.785697,0.501704,0.361904],[-0.340376,-0.137895,0.930123]],[[0.49994,-0.859527,0.10618],[0.703611,0.331616,-0.62846],[0.504968,0.388901,0.77056]],[[0.49994,-0.859527,0.10618],[-0.000118798,-0.122669,-0.992448],[0.86606,0.496151,-0.0614292]],[[0.49994,-0.859527,0.10618],[-0.413874,-0.344805,-0.842507],[0.760769,0.377258,-0.528117]]],"btipPosition":[-39.3239,155.522,-14.9675],"carpPosition":[-11.1531,177.485,55.9077],"dipPosition":[-26.2107,162.025,-24.0706],"direction":[-0.86606,-0.496151,0.0614292],"extended":false,"handId":417,"id":4174,"length":50.5107,"mcpPosition":[8.58364,185.481,1.97435],"pipPosition":[-9.27161,171.729,-25.272],"stabilizedTipPosition":[-39.9212,170.902,-27.4771],"timeVisible":4.27726,"tipPosition":[-36.4535,156.895,-17.3618],"tipVelocity":[67.986,-317.665,204.986],"tool":false,"touchDistance":0.333333,"touchZone":"none","type":4,"width":16.0574}],"r":[[0.791398,-0.604457,-0.0912136],[0.599159,0.737404,0.31184],[-0.121232,-0.301441,0.945746]],"s":0.985746,"t":[-31.6469,122.353,-71.6955],"timestamp":88899313552},false],[1,{"currentFrameRate":53.0315,"devices":[],"gestures":[],"hands":[{"armBasis":[[0.784787,-0.489348,-0.380327],[0.554753,0.828252,0.0790367],[0.27633,-0.273014,0.921469]],"armWidth":63.72,"confidence":0.807553,"direction":[0.179674,0.378517,-0.907988],"elbow":[50.3715,100.228,316.829],"grabStrength":0,"id":417,"palmNormal":[-0.524953,-0.743708,-0.413911],"palmPosition":[-23.1447,195.369,17.7092],"palmVelocity":[98.7398,-356.03,201.389],"palmWidth":90.99,"pinchStrength":0.718172,"r":[[0.789176,-0.605921,-0.100309],[0.603726,0.735354,0.307845],[-0.112767,-0.303504,0.946134]],"s":0.974518,"sphereCenter":[-48.9535,181.973,-17.9215],"sphereRadius":47.9783,"stabilizedPalmPosition":[-24.2472,199.433,15.4416],"t":[-29.7861,115.623,-67.8957],"timeVisible":4.29608,"type":"right","wrist":[-24.2376,173.942,68.0326]}],"id":1423523,"interactionBox":{"center":[0,200,0],"size":[235.247,235.247,147.751]},"pointables":[{"bases":[[[0.839367,0.517325,0.166848],[-0.504903,0.628333,0.591837],[0.201336,-0.58101,0.7886]],[[0.719493,0.685148,-0.11359],[-0.570792,0.676543,0.465281],[0.395634,-0.26993,0.877845]],[[0.719493,0.685148,-0.11359],[-0.668083,0.727486,0.156299],[0.189723,-0.0365687,0.981156]],[[0.719493,0.685148,-0.11359],[-0.679759,0.661219,-0.317361],[-0.142331,0.305553,0.941477]]],"btipPosition":[-77.126,187.893,-30.7822],"carpPosition":[-54.2392,180.323,68.5247],"dipPosition":[-80.4571,195.044,-8.74826],"direction":[-0.189723,0.0365687,-0.981156],"extended":false,"handId":417,"id":4170,"length":52.1164,"mcpPosition":[-54.2392,180.323,68.5247],"pipPosition":[-73.9883,193.798,24.7049],"stabilizedTipPosition":[-80.4229,196.781,-29.6448],"timeVisible":4.29608,"tipPosition":[-79.1541,191.813,-25.4594],"tipVelocity":[157.928,-451.869,240.074],"tool":false,"touchDistance":0.399162,"touchZone":"hovering","type":0,"width":20.25},{"bases":[[[0.850308,-0.479644,-0.216607],[0.524698,0.804556,0.278173],[0.0408487,-0.350186,0.935789]],[[0.851259,-0.49317,-0.17928],[0.513798,0.713923,0.475736],[-0.106627,-0.497088,0.861124]],[[0.851259,-0.49317,-0.17928],[0.523716,0.819863,0.231402],[0.0328637,-0.290875,0.956196]],[[0.851259,-0.49317,-0.17928],[0.502557,0.864506,0.00813035],[0.150979,-0.0970192,0.983765]]],"btipPosition":[-37.1402,250.279,-79.3841],"carpPosition":[-35.3421,194.471,66.3773],"dipPosition":[-34.5607,248.621,-62.5759],"direction":[-0.0328637,0.290875,-0.956196],"extended":true,"handId":417,"id":4171,"length":58.8075,"mcpPosition":[-38.3473,220.234,-2.46829],"pipPosition":[-33.7663,241.591,-39.4642],"stabilizedTipPosition":[-36.7222,253.678,-77.3166],"timeVisible":4.29608,"tipPosition":[-35.8816,251.628,-74.5938],"tipVelocity":[20.8638,-394.966,192.446],"tool":false,"touchDistance":0.253925,"touchZone":"hovering","type":1,"width":19.3428},{"bases":[[[0.746018,-0.652628,-0.132414],[0.661669,0.704001,0.258026],[-0.0751754,-0.280107,0.957021]],[[0.745033,-0.656036,-0.120591],[0.385946,0.57143,-0.724233],[0.544032,0.493036,0.678929]],[[0.745033,-0.656036,-0.120591],[-0.247905,-0.104495,-0.963132],[0.619248,0.747461,-0.240486]],[[0.745033,-0.656036,-0.120591],[-0.52191,-0.460758,-0.717852],[0.415373,0.597761,-0.685672]]],"btipPosition":[-70.5081,153.494,-16.1092],"carpPosition":[-24.1155,190.205,63.6611],"dipPosition":[-62.7024,164.728,-28.9944],"direction":[-0.619248,-0.747461,0.240486],"extended":false,"handId":417,"id":4172,"length":67.0064,"mcpPosition":[-18.8707,209.747,-3.10829],"pipPosition":[-45.0932,185.983,-35.8329],"stabilizedTipPosition":[-73.2516,173.39,-34.1816],"timeVisible":4.29608,"tipPosition":[-68.8616,156.183,-20.6386],"tipVelocity":[83.1454,-354.678,251.721],"tool":false,"touchDistance":0.333333,"touchZone":"none","type":2,"width":18.9972},{"bases":[[[0.674808,-0.737936,-0.00920924],[0.710544,0.646286,0.278283],[-0.199403,-0.194331,0.960455]],[[0.675974,-0.736776,-0.01488],[0.536211,0.505611,-0.675896],[0.505507,0.448909,0.736847]],[[0.675974,-0.736776,-0.01488],[-0.108764,-0.0797764,-0.990861],[0.728855,0.671414,-0.134061]],[[0.675974,-0.736776,-0.01488],[-0.452981,-0.399503,-0.796998],[0.581264,0.54549,-0.603799]]],"btipPosition":[-55.4845,146.415,-16.6002],"carpPosition":[-14.3382,183.09,61.4896],"dipPosition":[-44.6242,156.606,-27.8816],"direction":[-0.728855,-0.671414,0.134061],"extended":false,"handId":417,"id":4173,"length":64.4285,"mcpPosition":[-1.84756,195.263,1.32668],"pipPosition":[-24.4334,175.206,-31.5954],"stabilizedTipPosition":[-56.5452,163.997,-31.2549],"timeVisible":4.29608,"tipPosition":[-52.8825,148.866,-20.4139],"tipVelocity":[74.6155,-358.009,242.42],"tool":false,"touchDistance":0.333333,"touchZone":"none","type":3,"width":18.077},{"bases":[[[0.520453,-0.852041,0.056162],[0.786424,0.503918,0.357216],[-0.332664,-0.141747,0.932332]],[[0.503676,-0.857922,0.101393],[0.697118,0.334313,-0.634241],[0.510232,0.390135,0.766458]],[[0.503676,-0.857922,0.101393],[-0.0101872,-0.123258,-0.992322],[0.863833,0.498776,-0.070822]],[[0.503676,-0.857922,0.101393],[-0.422226,-0.346864,-0.837503],[0.753682,0.379019,-0.536944]]],"btipPosition":[-37.434,148.234,-10.7756],"carpPosition":[-8.79555,170.098,59.7468],"dipPosition":[-24.4429,154.767,-20.0308],"direction":[-0.863833,-0.498776,0.070822],"extended":false,"handId":417,"id":4174,"length":50.5107,"mcpPosition":[10.494,178.317,5.68533],"pipPosition":[-7.54737,164.522,-21.416],"stabilizedTipPosition":[-37.5056,161.564,-21.0476],"timeVisible":4.29608,"tipPosition":[-34.5761,149.618,-13.2535],"tipVelocity":[83.114,-351.515,212.75],"tool":false,"touchDistance":0.333333,"touchZone":"none","type":4,"width":16.0574}],"r":[[0.789176,-0.605921,-0.100309],[0.603726,0.735354,0.307845],[-0.112767,-0.303504,0.946134]],"s":0.974518,"t":[-29.7861,115.623,-67.8957],"timestamp":88899332373},false],[2,{"currentFrameRate":53.0165,"devices":[],"gestures":[],"hands":[{"armBasis":[[0.767589,-0.53185,-0.357691],[0.580881,0.813124,0.0375121],[0.270896,-0.23657,0.933086]],"armWidth":63.72,"confidence":0.750512,"direction":[0.155074,0.391338,-0.907087],"elbow":[51.7863,100.654,322.656],"grabStrength":0,"id":417,"palmNormal":[-0.563819,-0.718909,-0.406544],"palmPosition":[-21.601,186.934,20.8155],"palmVelocity":[90.3343,-400.154,183.147],"palmWidth":90.99,"pinchStrength":0.804958,"r":[[0.782719,-0.611421,-0.116258],[0.614251,0.728819,0.302521],[-0.100236,-0.3082,0.946026]],"s":0.960358,"sphereCenter":[-49.141,174.572,-13.8903],"sphereRadius":47.6575,"stabilizedPalmPosition":[-22.4037,190.725,19.1854],"t":[-28.0838,108.041,-64.4427],"timeVisible":4.315,"type":"right","wrist":[-21.3557,164.528,70.7224]}],"id":1423524,"interactionBox":{"center":[0,200,0],"size":[235.247,235.247,147.751]},"pointables":[{"bases":[[[0.860983,0.488207,0.142696],[-0.461229,0.631116,0.623667],[0.214421,-0.602782,0.768556]],[[0.733072,0.667046,-0.132875],[-0.535453,0.686459,0.492],[0.4194,-0.289523,0.860395]],[[0.733072,0.667046,-0.132875],[-0.650505,0.744658,0.149424],[0.198619,-0.0231023,0.979804]],[[0.733072,0.667046,-0.132875],[-0.661026,0.652727,-0.370124],[-0.160159,0.359162,0.91943]]],"btipPosition":[-75.0608,178.636,-25.3262],"carpPosition":[-51.1016,171.802,72.5476],"dipPosition":[-78.8091,187.042,-3.80824],"direction":[-0.198619,0.0231023,-0.979804],"extended":false,"handId":417,"id":4170,"length":52.1164,"mcpPosition":[-51.1016,171.802,72.5476],"pipPosition":[-72.037,186.254,29.5988],"stabilizedTipPosition":[-77.6102,186.648,-23.8521],"timeVisible":4.315,"tipPosition":[-77.4421,183.186,-20.038],"tipVelocity":[131.518,-462.789,260.724],"tool":false,"touchDistance":0.472639,"touchZone":"hovering","type":0,"width":20.25},{"bases":[[[0.82573,-0.500615,-0.259911],[0.560053,0.782491,0.272117],[0.0671525,-0.37026,0.926498]],[[0.827811,-0.515608,-0.22108],[0.555452,0.697974,0.452002],[-0.0787482,-0.496972,0.864186]],[[0.827811,-0.515608,-0.22108],[0.556366,0.805112,0.205552],[0.0720097,-0.293159,0.953348]],[[0.827811,-0.515608,-0.22108],[0.52535,0.850718,-0.0169465],[0.196814,-0.102116,0.975108]]],"btipPosition":[-38.5354,242.835,-75.0824],"carpPosition":[-31.875,185.413,69.9103],"dipPosition":[-35.1727,241.09,-58.4221],"direction":[-0.0720097,0.293159,-0.953348],"extended":true,"handId":417,"id":4171,"length":58.8075,"mcpPosition":[-36.8154,212.653,1.74819],"pipPosition":[-33.4322,234.004,-35.3793],"stabilizedTipPosition":[-37.4599,245.699,-73.0125],"timeVisible":4.315,"tipPosition":[-36.8966,244.224,-70.3033],"tipVelocity":[-20.8916,-394.784,208.719],"tool":false,"touchDistance":0.327005,"touchZone":"hovering","type":1,"width":19.3428},{"bases":[[[0.719556,-0.672047,-0.174904],[0.692929,0.678272,0.244534],[-0.0457054,-0.297152,0.953736]],[[0.718947,-0.675613,-0.163288],[0.376104,0.5757,-0.726027],[0.584518,0.460562,0.667998]],[[0.718947,-0.675613,-0.163288],[-0.287773,-0.0754863,-0.954719],[0.632694,0.733382,-0.248694]],[[0.718947,-0.675613,-0.163288],[-0.563719,-0.429338,-0.705613],[0.406615,0.599347,-0.689527]]],"btipPosition":[-71.521,147.28,-12.0467],"carpPosition":[-20.9031,180.865,66.6618],"dipPosition":[-63.8799,158.543,-25.0043],"direction":[-0.632694,-0.733382,0.248694],"extended":false,"handId":417,"id":4172,"length":67.0064,"mcpPosition":[-17.7143,201.597,0.12154],"pipPosition":[-45.8883,179.398,-32.0762],"stabilizedTipPosition":[-71.8629,164.026,-26.5553],"timeVisible":4.315,"tipPosition":[-69.9693,149.976,-16.4211],"tipVelocity":[15.0912,-341.666,233.156],"tool":false,"touchDistance":0.333333,"touchZone":"none","type":2,"width":18.9972},{"bases":[[[0.65069,-0.757657,-0.0505807],[0.740757,0.618706,0.261691],[-0.166977,-0.207748,0.963825]],[[0.65167,-0.75641,-0.0563005],[0.511179,0.492807,-0.704157],[0.560377,0.430098,0.707809]],[[0.65167,-0.75641,-0.0563005],[-0.175417,-0.0780805,-0.981393],[0.73794,0.64942,-0.18357]],[[0.65167,-0.75641,-0.0563005],[-0.515061,-0.386807,-0.764913],[0.556811,0.527469,-0.641668]]],"btipPosition":[-56.8691,139.455,-10.9631],"carpPosition":[-11.4453,173.504,63.9613],"dipPosition":[-46.4657,149.311,-22.952],"direction":[-0.73794,-0.64942,0.18357],"extended":false,"handId":417,"id":4173,"length":64.4285,"mcpPosition":[-0.985832,186.518,3.58731],"pipPosition":[-26.0233,167.301,-28.0373],"stabilizedTipPosition":[-55.6419,154.271,-23.5988],"timeVisible":4.315,"tipPosition":[-54.3434,141.948,-15.358],"tipVelocity":[-0.640275,-364.869,265.474],"tool":false,"touchDistance":0.333333,"touchZone":"none","type":3,"width":18.077},{"bases":[[[0.495592,-0.868352,0.0187726],[0.815264,0.47253,0.334755],[-0.299556,-0.150597,0.942118]],[[0.480065,-0.874773,0.0656513],[0.681038,0.324481,-0.656429],[0.552924,0.35984,0.751525]],[[0.480065,-0.874773,0.0656513],[-0.0559406,-0.105214,-0.992875],[0.875448,0.472972,-0.0994451]],[[0.480065,-0.874773,0.0656513],[-0.46842,-0.3189,-0.823945],[0.741701,0.364794,-0.562854]]],"btipPosition":[-38.4705,140.859,-7.80778],"carpPosition":[-6.3821,160.389,61.7476],"dipPosition":[-25.686,147.147,-17.5096],"direction":[-0.875448,-0.472972,0.0994451],"extended":false,"handId":417,"id":4174,"length":50.5107,"mcpPosition":[10.9877,169.121,7.11873],"pipPosition":[-8.56325,156.397,-19.4546],"stabilizedTipPosition":[-36.3797,150.588,-14.774],"timeVisible":4.315,"tipPosition":[-35.665,142.202,-10.4216],"tipVelocity":[14.211,-371.806,182.679],"tool":false,"touchDistance":0.333333,"touchZone":"none","type":4,"width":16.0574}],"r":[[0.782719,-0.611421,-0.116258],[0.614251,0.728819,0.302521],[-0.100236,-0.3082,0.946026]],"s":0.960358,"t":[-28.0838,108.041,-64.4427],"timestamp":88899351289},false],[3,{"currentFrameRate":53.0178,"devices":[],"gestures":[],"hands":[{"armBasis":[[0.769864,-0.542043,-0.336898],[0.58416,0.811087,0.0299183],[0.257036,-0.219835,0.941066]],"armWidth":63.72,"confidence":0.756618,"direction":[0.137229,0.372371,-0.917882],"elbow":[50.2817,96.8673,328.589],"grabStrength":0,"id":417,"palmNormal":[-0.572725,-0.726224,-0.380244],"palmPosition":[-20.3425,177.598,24.1591],"palmVelocity":[78.7828,-446.618,180.29],"palmWidth":90.99,"pinchStrength":0.862832,"r":[[0.776666,-0.616439,-0.129588],[0.623948,0.724612,0.292621],[-0.0864816,-0.308125,0.947407]],"s":0.945886,"sphereCenter":[-48.4724,163.92,-9.66534],"sphereRadius":47.3951,"stabilizedPalmPosition":[-20.8692,180.953,22.888],"t":[-26.6034,99.5819,-61.0444],"timeVisible":4.33386,"type":"right","wrist":[-19.1181,156.223,74.5014]}],"id":1423525,"interactionBox":{"center":[0,200,0],"size":[235.247,235.247,147.751]},"pointables":[{"bases":[[[0.864248,0.48968,0.115276],[-0.447843,0.644524,0.619698],[0.229155,-0.587198,0.776329]],[[0.730657,0.663288,-0.16183],[-0.527662,0.699014,0.482652],[0.433259,-0.267261,0.860731]],[[0.730657,0.663288,-0.16183],[-0.654154,0.747984,0.112261],[0.195508,0.0238379,0.980412]],[[0.730657,0.663288,-0.16183],[-0.656424,0.617291,-0.433659],[-0.187744,0.423085,0.886426]]],"btipPosition":[-72.7121,166.206,-20.3645],"carpPosition":[-48.8128,163.579,76.7744],"dipPosition":[-77.106,176.108,0.381052],"direction":[-0.195508,-0.0238379,-0.980412],"extended":false,"handId":417,"id":4170,"length":52.1164,"mcpPosition":[-48.8128,163.579,76.7744],"pipPosition":[-70.44,176.92,33.8088],"stabilizedTipPosition":[-74.988,174.396,-18.2812],"timeVisible":4.33386,"tipPosition":[-75.3706,171.032,-15.3618],"tipVelocity":[124.252,-550.012,257.286],"tool":false,"touchDistance":0.530469,"touchZone":"hovering","type":0,"width":20.25},{"bases":[[[0.819747,-0.507149,-0.266109],[0.566327,0.787035,0.24464],[0.0853678,-0.351248,0.932383]],[[0.822689,-0.521979,-0.225212],[0.566107,0.715969,0.408548],[-0.0520083,-0.463603,0.884516]],[[0.822689,-0.521979,-0.225212],[0.559371,0.813936,0.156882],[0.10142,-0.255042,0.961596]],[[0.822689,-0.521979,-0.225212],[0.52162,0.850618,-0.0660401],[0.226041,-0.0631448,0.972069]]],"btipPosition":[-39.9869,230.105,-72.9751],"carpPosition":[-29.6274,177.103,73.4714],"dipPosition":[-36.1248,229.026,-56.3667],"direction":[-0.10142,0.255042,-0.961596],"extended":true,"handId":417,"id":4171,"length":58.8075,"mcpPosition":[-35.9079,202.944,4.87639],"pipPosition":[-33.6735,222.862,-33.1245],"stabilizedTipPosition":[-38.7292,233.428,-70.0247],"timeVisible":4.33386,"tipPosition":[-38.1156,231.755,-68.2573],"tipVelocity":[-45.3692,-528.027,160.934],"tool":false,"touchDistance":0.359069,"touchZone":"hovering","type":1,"width":19.3428},{"bases":[[[0.715108,-0.676631,-0.175474],[0.698499,0.682063,0.21654],[-0.0268338,-0.277418,0.960375]],[[0.714735,-0.679906,-0.163955],[0.363917,0.561725,-0.742987],[0.597259,0.471372,0.648914]],[[0.714735,-0.679906,-0.163955],[-0.305615,-0.0927564,-0.947626],[0.629089,0.727409,-0.274086]],[[0.714735,-0.679906,-0.163955],[-0.57794,-0.442137,-0.685931],[0.393878,0.585015,-0.708955]]],"btipPosition":[-70.9352,137.429,-7.06744],"carpPosition":[-18.7285,172.472,70.0972],"dipPosition":[-63.5335,148.422,-20.3901],"direction":[-0.629089,-0.727409,0.274086],"extended":false,"handId":417,"id":4172,"length":67.0064,"mcpPosition":[-16.8563,191.827,3.09377],"pipPosition":[-45.6444,169.107,-28.1842],"stabilizedTipPosition":[-70.647,152.899,-18.9625],"timeVisible":4.33386,"tipPosition":[-69.4601,140.002,-11.3551],"tipVelocity":[21.4819,-431.782,246.103],"tool":false,"touchDistance":0.333333,"touchZone":"none","type":2,"width":18.9972},{"bases":[[[0.64866,-0.759559,-0.0480553],[0.746594,0.622786,0.233954],[-0.147774,-0.187635,0.971059]],[[0.649578,-0.758363,-0.0541664],[0.480007,0.464314,-0.744315],[0.589612,0.45749,0.665628]],[[0.649578,-0.758363,-0.0541664],[-0.226544,-0.125054,-0.96594],[0.725759,0.639724,-0.253035]],[[0.649578,-0.758363,-0.0541664],[-0.553173,-0.422542,-0.717954],[0.521582,0.49633,-0.69398]]],"btipPosition":[-56.2728,129.36,-3.23212],"carpPosition":[-9.33549,165.042,67.3591],"dipPosition":[-46.5275,138.634,-16.1984],"direction":[-0.72576,-0.639724,0.253035],"extended":false,"handId":417,"id":4173,"length":64.4285,"mcpPosition":[-0.0789272,176.796,6.53198],"pipPosition":[-26.4225,156.355,-23.208],"stabilizedTipPosition":[-54.9122,143.951,-15.7224],"timeVisible":4.33386,"tipPosition":[-53.8884,131.753,-8.27822],"tipVelocity":[11.2261,-451.812,330.389],"tool":false,"touchDistance":0.333333,"touchZone":"none","type":3,"width":18.077},{"bases":[[[0.494862,-0.868562,0.0266662],[0.822387,0.478025,0.308498],[-0.280696,-0.130734,0.950851]],[[0.479975,-0.874079,0.0749001],[0.667759,0.308635,-0.677379],[0.568966,0.37514,0.731811]],[[0.479975,-0.874079,0.0749001],[-0.0780712,-0.127597,-0.988749],[0.873801,0.468727,-0.129484]],[[0.479975,-0.874079,0.0749001],[-0.48743,-0.336693,-0.805636],[0.729408,0.350177,-0.587656]]],"btipPosition":[-37.8383,130.988,-3.03528],"carpPosition":[-4.33313,151.876,65.3144],"dipPosition":[-25.2656,137.024,-13.1646],"direction":[-0.873801,-0.468727,0.129484],"extended":false,"handId":417,"id":4174,"length":50.5107,"mcpPosition":[11.9431,159.457,10.1791],"pipPosition":[-8.17509,146.192,-15.6971],"stabilizedTipPosition":[-35.4836,139.201,-8.89093],"timeVisible":4.33386,"tipPosition":[-35.0796,132.269,-5.76938],"tipVelocity":[22.4037,-447.545,214.599],"tool":false,"touchDistance":0.333333,"touchZone":"none","type":4,"width":16.0574}],"r":[[0.776666,-0.616439,-0.129588],[0.623948,0.724612,0.292621],[-0.0864816,-0.308125,0.947407]],"s":0.945886,"t":[-26.6034,99.5819,-61.0444],"timestamp":88899370146},false],[4,{"currentFrameRate":53.0118,"devices":[],"gestures":[],"hands":[{"armBasis":[[0.788613,-0.526448,-0.317714],[0.562326,0.826498,0.0262822],[0.248754,-0.199385,0.947822]],"armWidth":63.72,"confidence":0.735869,"direction":[0.125406,0.351195,-0.927866],"elbow":[50.137,94.4763,334.119],"grabStrength":0,"id":417,"palmNormal":[-0.55233,-0.752195,-0.359354],"palmPosition":[-18.9229,168.275,27.3092],"palmVelocity":[77.013,-469.681,173.682],"palmWidth":90.99,"pinchStrength":0.887288,"r":[[0.775141,-0.616718,-0.137169],[0.627522,0.726352,0.280409],[-0.0733,-0.303433,0.950029]],"s":0.933141,"sphereCenter":[-46.3759,151.911,-6.10781],"sphereRadius":47.2178,"stabilizedPalmPosition":[-19.3326,170.944,26.3786],"t":[-25.1534,90.6909,-57.7702],"timeVisible":4.35274,"type":"right","wrist":[-17.0265,148.31,78.2068]}],"id":1423526,"interactionBox":{"center":[0,200,0],"size":[235.247,235.247,147.751]},"pointables":[{"bases":[[[0.850121,0.516955,0.100262],[-0.465194,0.648048,0.603016],[0.246757,-0.559277,0.791404]],[[0.711971,0.678708,-0.180147],[-0.546412,0.696601,0.464952],[0.441057,-0.232598,0.866814]],[[0.711971,0.678708,-0.180147],[-0.677843,0.731259,0.0760896],[0.183377,0.0679376,0.980692]],[[0.711971,0.678708,-0.180147],[-0.665586,0.570486,-0.481187],[-0.223814,0.462494,0.857908]]],"btipPosition":[-69.9462,153.35,-16.4431],"carpPosition":[-46.9154,154.88,80.3417],"dipPosition":[-75.1843,164.174,3.63509],"direction":[-0.183377,-0.0679376,-0.980692],"extended":false,"handId":417,"id":4170,"length":52.1164,"mcpPosition":[-46.9154,154.88,80.3417],"pipPosition":[-68.9319,166.49,37.0724],"stabilizedTipPosition":[-72.1645,160.741,-13.5305],"timeVisible":4.35274,"tipPosition":[-72.8568,158.123,-11.7494],"tipVelocity":[130.098,-608.585,228.974],"tool":false,"touchDistance":0.567275,"touchZone":"hovering","type":0,"width":20.25},{"bases":[[[0.833495,-0.490672,-0.254022],[0.544031,0.809116,0.222174],[0.0965186,-0.323376,0.941335]],[[0.837021,-0.504866,-0.210965],[0.546461,0.751684,0.369257],[-0.0278466,-0.42436,0.905065]],[[0.837021,-0.504866,-0.210965],[0.533598,0.838491,0.110483],[0.121113,-0.205047,0.97123]],[[0.837021,-0.504866,-0.210965],[0.491773,0.863162,-0.114504],[0.239906,-0.00790457,0.970764]]],"btipPosition":[-41.0574,215.962,-71.5626],"carpPosition":[-28.1266,168.849,76.6359],"dipPosition":[-36.9585,215.827,-54.9765],"direction":[-0.121113,0.205047,-0.97123],"extended":true,"handId":417,"id":4171,"length":58.8075,"mcpPosition":[-35.2275,192.639,7.3823],"pipPosition":[-34.0311,210.871,-31.5015],"stabilizedTipPosition":[-39.8959,218.694,-68.1073],"timeVisible":4.35274,"tipPosition":[-39.0947,217.974,-66.9132],"tipVelocity":[-49.5016,-630.655,118.583],"tool":false,"touchDistance":0.377606,"touchZone":"hovering","type":1,"width":19.3428},{"bases":[[[0.733834,-0.660547,-0.158637],[0.679098,0.707218,0.196643],[-0.0177011,-0.252033,0.967557]],[[0.733573,-0.663482,-0.14718],[0.348306,0.553001,-0.756884],[0.583569,0.503966,0.636761]],[[0.733573,-0.663482,-0.14718],[-0.302961,-0.1254,-0.944717],[0.608346,0.737608,-0.292999]],[[0.733573,-0.663482,-0.14718],[-0.565726,-0.476148,-0.673229],[0.376596,0.577126,-0.724638]]],"btipPosition":[-68.3742,125.912,-2.88196],"carpPosition":[-17.1047,164.44,73.3654],"dipPosition":[-61.2972,136.757,-16.4994],"direction":[-0.608346,-0.737608,0.292999],"extended":false,"handId":417,"id":4172,"length":67.0064,"mcpPosition":[-15.8698,182.024,5.86094],"pipPosition":[-43.9981,157.732,-24.8312],"stabilizedTipPosition":[-68.5031,139.437,-11.8455],"timeVisible":4.35274,"tipPosition":[-66.9696,128.39,-7.10111],"tipVelocity":[75.4803,-519.932,232.349],"tool":false,"touchDistance":0.333333,"touchZone":"none","type":2,"width":18.9972},{"bases":[[[0.669935,-0.741857,-0.0288931],[0.728882,0.649823,0.21555],[-0.141132,-0.165464,0.976065]],[[0.670876,-0.740719,-0.035506],[0.448159,0.443119,-0.776401],[0.590828,0.504957,0.629238]],[[0.670876,-0.740719,-0.035506],[-0.2535,-0.184076,-0.94966],[0.696895,0.646105,-0.311265]],[[0.670876,-0.740719,-0.035506],[-0.561819,-0.476427,-0.676297],[0.48403,0.473659,-0.735773]]],"btipPosition":[-53.4143,118.263,3.92442],"carpPosition":[-7.50782,157.208,70.8094],"dipPosition":[-44.3707,127.113,-9.82276],"direction":[-0.696895,-0.646105,0.311265],"extended":false,"handId":417,"id":4173,"length":64.4285,"mcpPosition":[1.33268,167.573,9.66868],"pipPosition":[-25.0653,145.012,-18.4454],"stabilizedTipPosition":[-53.1795,132.496,-7.73893],"timeVisible":4.35274,"tipPosition":[-51.192,120.531,-1.59216],"tipVelocity":[75.7215,-520.898,349.53],"tool":false,"touchDistance":0.333333,"touchZone":"none","type":3,"width":18.077},{"bases":[[[0.519395,-0.853125,0.0490548],[0.808857,0.509338,0.293812],[-0.275644,-0.112926,0.954604]],[[0.504484,-0.857815,0.0982323],[0.657619,0.308019,-0.687504],[0.559494,0.411435,0.719506]],[[0.504484,-0.857815,0.0982323],[-0.0773309,-0.158204,-0.984374],[0.859951,0.489005,-0.146147]],[[0.504484,-0.857815,0.0982323],[-0.480446,-0.373426,-0.793552],[0.717403,0.353139,-0.600521]]],"btipPosition":[-35.121,120.487,1.52559],"carpPosition":[-2.1357,144.139,69.1101],"dipPosition":[-22.7553,126.574,-8.82548],"direction":[-0.859951,-0.489005,0.146147],"extended":false,"handId":417,"id":4174,"length":50.5107,"mcpPosition":[13.8476,150.687,13.7572],"pipPosition":[-5.93566,136.139,-11.6839],"stabilizedTipPosition":[-33.3074,127.451,-3.43751],"timeVisible":4.35274,"tipPosition":[-32.3994,121.768,-1.27634],"tipVelocity":[80.7088,-500.419,226.464],"tool":false,"touchDistance":0.333333,"touchZone":"none","type":4,"width":16.0574}],"r":[[0.775141,-0.616718,-0.137169],[0.627522,0.726352,0.280409],[-0.0733,-0.303433,0.950029]],"s":0.933141,"t":[-25.1534,90.6909,-57.7702],"timestamp":88899389031},false],[5,{"currentFrameRate":53.0199,"devices":[],"gestures":[],"hands":[{"armBasis":[[0.799166,-0.520399,-0.300865],[0.55031,0.834769,0.01787],[0.241853,-0.17985,0.953499]],"armWidth":63.72,"confidence":0.742069,"direction":[0.120357,0.330626,-0.936056],"elbow":[50.3416,90.9683,339.553],"grabStrength":0,"id":417,"palmNormal":[-0.540573,-0.76903,-0.341137],"palmPosition":[-17.1418,158.23,30.7446],"palmVelocity":[85.6052,-500.873,177.956],"palmWidth":90.99,"pinchStrength":0.90718,"r":[[0.77577,-0.615235,-0.140239],[0.627981,0.73096,0.267092],[-0.061815,-0.295269,0.953412]],"s":0.921136,"sphereCenter":[-43.9931,139.604,-2.30624],"sphereRadius":47.0643,"stabilizedPalmPosition":[-17.5251,160.455,29.9805],"t":[-23.5379,81.2225,-54.4154],"timeVisible":4.37157,"type":"right","wrist":[-14.9587,139.528,82.1084]}],"id":1423527,"interactionBox":{"center":[0,200,0],"size":[235.247,235.247,147.751]},"pointables":[{"bases":[[[0.842042,0.53222,0.0877927],[-0.475326,0.655163,0.587219],[0.255011,-0.536193,0.804653]],[[0.702393,0.684512,-0.195161],[-0.557054,0.699316,0.447937],[0.443097,-0.205913,0.872505]],[[0.702393,0.684512,-0.195161],[-0.691402,0.72128,0.0414484],[0.169137,0.105821,0.979895]],[[0.702393,0.684512,-0.195161],[-0.666478,0.536212,-0.517961],[-0.249903,0.493882,0.832844]]],"btipPosition":[-66.9824,140.799,-12.3712],"carpPosition":[-44.9458,145.687,84.0838],"dipPosition":[-72.831,152.357,7.12038],"direction":[-0.169137,-0.105821,-0.979895],"extended":false,"handId":417,"id":4170,"length":52.1164,"mcpPosition":[-44.9458,145.687,84.0838],"pipPosition":[-67.0642,155.965,40.5305],"stabilizedTipPosition":[-69.1441,147.135,-9.08876],"timeVisible":4.37157,"tipPosition":[-70.0854,145.571,-7.91611],"tipVelocity":[139.796,-632.519,219.232],"tool":false,"touchDistance":0.602935,"touchZone":"hovering","type":0,"width":20.25},{"bases":[[[0.841031,-0.483785,-0.242111],[0.531454,0.822496,0.202625],[0.101109,-0.299085,0.948855]],[[0.844831,-0.497206,-0.1976],[0.534913,0.777131,0.331564],[-0.0112944,-0.385815,0.922507]],[[0.844831,-0.497206,-0.1976],[0.517461,0.853191,0.0655651],[0.135991,-0.157642,0.978088]],[[0.844831,-0.497206,-0.1976],[0.472215,0.866559,-0.16152],[0.251541,0.0431473,0.966884]]],"btipPosition":[-40.9104,201.502,-69.5576],"carpPosition":[-26.3724,159.849,80.043],"dipPosition":[-36.6127,202.239,-53.0378],"direction":[-0.135991,0.157642,-0.978088],"extended":true,"handId":417,"id":4171,"length":58.8075,"mcpPosition":[-33.8109,181.853,10.2361],"pipPosition":[-33.3257,198.428,-29.397],"stabilizedTipPosition":[-39.9191,203.527,-66.0142],"timeVisible":4.37157,"tipPosition":[-38.8417,203.828,-65.0002],"tipVelocity":[-20.2811,-692.561,112.261],"tool":false,"touchDistance":0.403025,"touchZone":"hovering","type":1,"width":19.3428},{"bases":[[[0.743954,-0.652825,-0.142663],[0.66808,0.722099,0.179559],[-0.0142034,-0.228894,0.973348]],[[0.743736,-0.65546,-0.131258],[0.341228,0.541103,-0.768616],[0.574821,0.526859,0.626099]],[[0.743736,-0.65546,-0.131258],[-0.299755,-0.151505,-0.941909],[0.597497,0.739878,-0.309157]],[[0.743736,-0.65546,-0.131258],[-0.55786,-0.500403,-0.66211],[0.368304,0.565659,-0.737823]]],"btipPosition":[-65.9103,114.438,1.44955],"carpPosition":[-15.2828,155.533,76.8798],"dipPosition":[-58.9891,125.068,-12.4156],"direction":[-0.597497,-0.739878,0.309157],"extended":false,"handId":417,"id":4172,"length":67.0064,"mcpPosition":[-14.2919,171.502,8.97131],"pipPosition":[-41.9985,146.107,-21.2069],"stabilizedTipPosition":[-65.8701,125.246,-5.48675],"timeVisible":4.37157,"tipPosition":[-64.5343,116.824,-2.71598],"tipVelocity":[101.627,-564.92,229.724],"tool":false,"touchDistance":0.333333,"touchZone":"none","type":2,"width":18.9972},{"bases":[[[0.681261,-0.731958,-0.0109993],[0.718732,0.665948,0.199844],[-0.138952,-0.144051,0.979766]],[[0.682238,-0.730908,-0.0180101],[0.433197,0.423949,-0.795367],[0.588975,0.534827,0.605861]],[[0.682238,-0.730908,-0.0180101],[-0.265579,-0.224793,-0.937516],[0.681189,0.644392,-0.347476]],[[0.682238,-0.730908,-0.0180101],[-0.564923,-0.511348,-0.647599],[0.464126,0.451991,-0.761768]]],"btipPosition":[-50.7282,107.222,9.91545],"carpPosition":[-5.57496,148.39,74.4989],"dipPosition":[-42.0565,115.667,-4.31743],"direction":[-0.681189,-0.644392,0.347476],"extended":false,"handId":417,"id":4173,"length":64.4285,"mcpPosition":[3.12902,157.413,13.1264],"pipPosition":[-23.1862,133.518,-13.9432],"stabilizedTipPosition":[-50.8307,120.17,-0.141461],"timeVisible":4.37157,"tipPosition":[-48.6298,109.31,4.30266],"tipVelocity":[106.231,-555.321,331.269],"tool":false,"touchDistance":0.333333,"touchZone":"none","type":3,"width":18.077},{"bases":[[[0.532417,-0.843615,0.0696041],[0.800825,0.528635,0.28147],[-0.274248,-0.0941188,0.957042]],[[0.517351,-0.847382,0.119545],[0.652901,0.300529,-0.695272],[0.553235,0.437751,0.708735]],[[0.517351,-0.847382,0.119545],[-0.0758907,-0.184571,-0.979885],[0.852402,0.497872,-0.159796]],[[0.517351,-0.847382,0.119545],[-0.475819,-0.400941,-0.782843],[0.711298,0.348123,-0.610627]]],"btipPosition":[-32.5942,109.608,6.21119],"carpPosition":[-0.00208954,135.368,73.1151],"dipPosition":[-20.3337,115.609,-4.31407],"direction":[-0.852402,-0.497872,0.159796],"extended":false,"handId":417,"id":4174,"length":50.5107,"mcpPosition":[15.9002,140.825,17.6208],"pipPosition":[-3.66173,125.347,-7.4395],"stabilizedTipPosition":[-30.7543,115.555,1.78541],"timeVisible":4.37157,"tipPosition":[-29.8879,110.859,3.35708],"tipVelocity":[106.234,-538.737,236.354],"tool":false,"touchDistance":0.333333,"touchZone":"none","type":4,"width":16.0574}],"r":[[0.77577,-0.615235,-0.140239],[0.627981,0.73096,0.267092],[-0.061815,-0.295269,0.953412]],"s":0.921136,"t":[-23.5379,81.2225,-54.4154],"timestamp":88899407863},false],[6,{"currentFrameRate":53.0183,"devices":[],"gestures":[],"hands":[{"armBasis":[[0.803993,-0.525971,-0.277399],[0.550303,0.83488,0.0119595],[0.225305,-0.162269,0.96068]],"armWidth":63.72,"confidence":0.735791,"direction":[0.121392,0.313129,-0.941921],"elbow":[47.7534,86.8265,346.69],"grabStrength":0,"id":417,"palmNormal":[-0.539652,-0.775622,-0.327394],"palmPosition":[-15.2054,148.375,35.5985],"palmVelocity":[93.9434,-511.375,216.803],"palmWidth":90.99,"pinchStrength":0.920547,"r":[[0.776377,-0.614477,-0.140203],[0.628051,0.735611,0.253828],[-0.0528363,-0.285121,0.957034]],"s":0.909586,"sphereCenter":[-41.6736,128.058,2.83248],"sphereRadius":46.9473,"stabilizedPalmPosition":[-15.5782,150.316,34.6958],"t":[-21.762,71.561,-50.311],"timeVisible":4.39044,"type":"right","wrist":[-13.0789,130.639,87.3061]}],"id":1423528,"interactionBox":{"center":[0,200,0],"size":[235.247,235.247,147.751]},"pointables":[{"bases":[[[0.8416,0.534304,0.0789207],[-0.476502,0.665735,0.574233],[0.254275,-0.52088,0.814879]],[[0.704373,0.679944,-0.203798],[-0.55653,0.707215,0.436029],[0.440604,-0.193707,0.876553]],[[0.704373,0.679944,-0.203798],[-0.692801,0.721042,0.0111787],[0.154548,0.133318,0.978949]],[[0.704373,0.679944,-0.203798],[-0.656177,0.514219,-0.552277],[-0.270721,0.522737,0.808366]]],"btipPosition":[-63.9998,129.705,-6.92531],"carpPosition":[-43.0723,136.815,89.1267],"dipPosition":[-70.3356,141.939,11.9934],"direction":[-0.154548,-0.133318,-0.978949],"extended":false,"handId":417,"id":4170,"length":52.1164,"mcpPosition":[-43.0723,136.815,89.1267],"pipPosition":[-65.0662,146.484,45.3712],"stabilizedTipPosition":[-66.1425,135.236,-3.7851],"timeVisible":4.39044,"tipPosition":[-67.2624,134.433,-2.69639],"tipVelocity":[145.845,-606.686,249.809],"tool":false,"touchDistance":0.655687,"touchZone":"hovering","type":0,"width":20.25},{"bases":[[[0.841646,-0.487697,-0.231914],[0.530683,0.826481,0.187894],[0.100037,-0.281213,0.954417]],[[0.845472,-0.500609,-0.185923],[0.534014,0.791035,0.298483],[-0.00235198,-0.351644,0.936131]],[[0.845472,-0.500609,-0.185923],[0.513656,0.85758,0.0267267],[0.146064,-0.118097,0.982201]],[[0.845472,-0.500609,-0.185923],[0.465865,0.861616,-0.201465],[0.261049,0.0837182,0.961688]]],"btipPosition":[-39.7515,188.132,-65.7599],"carpPosition":[-24.5022,150.911,84.8458],"dipPosition":[-35.2913,189.562,-49.3289],"direction":[-0.146064,0.118097,-0.982201],"extended":true,"handId":417,"id":4171,"length":58.8075,"mcpPosition":[-31.8619,171.6,14.6297],"pipPosition":[-31.7609,186.707,-25.5887],"stabilizedTipPosition":[-38.8216,189.672,-62.3052],"timeVisible":4.39044,"tipPosition":[-37.5895,190.683,-61.3],"tipVelocity":[20.7078,-696.301,155.335],"tool":false,"touchDistance":0.452715,"touchZone":"hovering","type":1,"width":19.3428},{"bases":[[[0.74454,-0.654907,-0.129447],[0.667401,0.725757,0.166889],[-0.0153499,-0.210649,0.977441]],[[0.744312,-0.657308,-0.118094],[0.342873,0.527863,-0.777045],[0.573095,0.537872,0.618268]],[[0.744312,-0.657308,-0.118094],[-0.29769,-0.168261,-0.939718],[0.597813,0.734598,-0.320912]],[[0.744312,-0.657308,-0.118094],[-0.556492,-0.512686,-0.653812],[0.36921,0.552358,-0.747385]]],"btipPosition":[-63.8962,104.045,6.95409],"carpPosition":[-13.4058,146.543,81.7785],"dipPosition":[-56.9579,114.425,-7.09077],"direction":[-0.597813,-0.734598,0.320912],"extended":false,"handId":417,"id":4172,"length":67.0064,"mcpPosition":[-12.3349,161.24,13.5844],"pipPosition":[-39.9583,135.314,-16.2164],"stabilizedTipPosition":[-63.4442,112.461,0.772431],"timeVisible":4.39044,"tipPosition":[-62.509,106.346,2.83875],"tipVelocity":[104.241,-559.53,259.033],"tool":false,"touchDistance":0.333333,"touchZone":"none","type":2,"width":18.9972},{"bases":[[[0.681722,-0.731602,0.00359222],[0.71806,0.670028,0.188288],[-0.140159,-0.125781,0.982107]],[[0.682724,-0.730668,-0.00355269],[0.429982,0.405689,-0.806555],[0.590766,0.549127,0.591148]],[[0.682724,-0.730668,-0.00355269],[-0.272312,-0.249926,-0.929184],[0.678037,0.635344,-0.3696]],[[0.682724,-0.730668,-0.00355269],[-0.569666,-0.529229,-0.628807],[0.457569,0.431325,-0.777553]]],"btipPosition":[-48.6383,97.0484,16.3795],"carpPosition":[-3.69048,139.363,79.5444],"dipPosition":[-40.0891,105.107,1.85165],"direction":[-0.678037,-0.635344,0.3696],"extended":false,"handId":417,"id":4173,"length":64.4285,"mcpPosition":[5.08908,147.242,18.0252],"pipPosition":[-21.3061,122.708,-8.387],"stabilizedTipPosition":[-48.4943,108.221,7.26305],"timeVisible":4.39044,"tipPosition":[-46.596,98.9763,10.7704],"tipVelocity":[107.723,-549.736,335.062],"tool":false,"touchDistance":0.333333,"touchZone":"none","type":3,"width":18.077},{"bases":[[[0.53284,-0.841827,0.0860759],[0.800129,0.534318,0.272577],[-0.275455,-0.0763681,0.958276]],[[0.517527,-0.844687,0.136633],[0.653483,0.287088,-0.700386],[0.552382,0.451756,0.700565]],[[0.517527,-0.844687,0.136633],[-0.0756778,-0.204239,-0.975991],[0.852314,0.494762,-0.169623]],[[0.517527,-0.844687,0.136633],[-0.475813,-0.416806,-0.774516],[0.711173,0.335821,-0.617622]]],"btipPosition":[-30.5959,99.3099,12.0381],"carpPosition":[1.89217,126.321,78.4118],"dipPosition":[-18.3375,105.098,1.39223],"direction":[-0.852314,-0.494762,0.169623],"extended":false,"handId":417,"id":4174,"length":50.5107,"mcpPosition":[17.8645,130.749,22.846],"pipPosition":[-1.66732,114.775,-1.92539],"stabilizedTipPosition":[-28