{"sensorType":"Leap","data":[[0,{"currentFrameRate":52.1019,"devices":[],"gestures":[],"hands":[{"armBasis":[[0.987442,-0.0729573,-0.140127],[0.0874147,0.991145,0.0999503],[0.131594,-0.110944,0.985076]],"armWidth":63.3998,"confidence":0.751196,"direction":[-0.0142518,0.501123,-0.865259],"elbow":[55.6227,141.741,343.944],"grabStrength":0.758839,"id":420,"palmNormal":[-0.102178,-0.861547,-0.49729],"palmPosition":[11.522,195.384,31.1651],"palmVelocity":[7.80053,290.631,-202.7],"palmWidth":90.5328,"pinchStrength":0.600114,"r":[[0.963349,0.247292,0.103945],[-0.249323,0.968396,0.00681958],[-0.0989735,-0.0324855,0.99456]],"s":1.01295,"sphereCenter":[17.7605,169.563,-4.87281],"sphereRadius":45.4978,"stabilizedPalmPosition":[11.4265,191.702,33.753],"t":[3.71575,83.243,-55.2093],"timeVisible":0.226184,"type":"right","wrist":[20.2709,171.545,79.3103]}],"id":1424638,"interactionBox":{"center":[0,200,0],"size":[235.247,235.247,147.751]},"pointables":[{"bases":[[[0.48886,0.835652,0.250404],[-0.749242,0.255174,0.611165],[0.446824,-0.486388,0.75085]],[[0.372642,0.925293,0.0705023],[-0.82707,0.296709,0.477408],[0.420824,-0.236213,0.875849]],[[0.372642,0.925293,0.0705023],[-0.925133,0.376368,-0.0497546],[-0.0725724,-0.0466833,0.99627]],[[0.372642,0.925293,0.0705023],[-0.748897,0.344726,-0.565966],[-0.547989,0.158104,0.821408]]],"btipPosition":[-14.6705,172.522,-17.7124],"carpPosition":[-8.99202,162.888,78.7132],"dipPosition":[-27.431,176.203,1.41489],"direction":[0.0725724,0.0466833,-0.99627],"extended":false,"handId":420,"id":4200,"length":51.8545,"mcpPosition":[-8.99202,162.888,78.7132],"pipPosition":[-29.893,174.62,35.2126],"stabilizedTipPosition":[-18.5226,168.214,-10.1242],"timeVisible":0.226184,"tipPosition":[-17.2842,172.324,-13.4974],"tipVelocity":[56.626,321.568,-200.233],"tool":false,"touchDistance":0.35217,"touchZone":"hovering","type":0,"width":20.1482},{"bases":[[[0.978151,0.00397068,-0.20786],[0.0741899,0.927322,0.366838],[0.19421,-0.374244,0.906766]],[[0.996555,-0.0826152,0.00729645],[0.0692423,0.877202,0.475102],[-0.0456511,-0.47296,0.879901]],[[0.996555,-0.0826152,0.00729645],[0.0798783,0.932411,-0.352461],[0.0223153,0.351829,0.935798]],[[0.996555,-0.0826152,0.00729645],[0.045953,0.476786,-0.877818],[0.0690423,0.875129,0.478939]]],"btipPosition":[-13.1489,208.606,-55.9682],"carpPosition":[0.826135,184.332,78.6665],"dipPosition":[-11.9752,223.483,-47.8264],"direction":[-0.0223153,-0.351829,-0.935798],"extended":true,"handId":420,"id":4201,"length":58.512,"mcpPosition":[-13.39,211.727,12.2913],"pipPosition":[-11.4386,231.944,-25.3214],"stabilizedTipPosition":[-12.7706,207.696,-51.7305],"timeVisible":0.226184,"tipPosition":[-12.6636,210.65,-54.0138],"tipVelocity":[-6.21451,361.685,-199.734],"tool":false,"touchDistance":0.219382,"touchZone":"hovering","type":1,"width":19.2456},{"bases":[[[0.96832,-0.204772,-0.142912],[0.242736,0.906201,0.346235],[0.0586083,-0.369956,0.927199]],[[0.970034,-0.222821,-0.0968742],[0.0545675,0.588317,-0.806787],[0.236762,0.777325,0.582846]],[[0.970034,-0.222821,-0.0968742],[-0.228576,-0.701711,-0.6748],[0.0823818,0.676722,-0.731615]],[[0.970034,-0.222821,-0.0968742],[-0.230309,-0.970265,-0.0744498],[-0.0774047,0.0945299,-0.992508]]],"btipPosition":[-3.61391,153.658,23.1786],"carpPosition":[12.6928,186.17,76.2371],"dipPosition":[-5.06119,155.426,4.62109],"direction":[-0.0823818,-0.676722,0.731615],"extended":false,"handId":420,"id":4202,"length":66.6698,"mcpPosition":[8.62435,211.852,11.8734],"pipPosition":[-2.73032,174.572,-16.0789],"stabilizedTipPosition":[-4.98261,146.378,25.0323],"timeVisible":0.226184,"tipPosition":[-3.83433,154.304,19.9881],"tipVelocity":[33.7429,283.058,-222.481],"tool":false,"touchDistance":0.333333,"touchZone":"none","type":2,"width":18.9017},{"bases":[[[0.945319,-0.324709,-0.0306011],[0.313042,0.877,0.36452],[-0.0915258,-0.354167,0.930693]],[[0.948491,-0.308357,-0.0726659],[0.118587,0.558274,-0.821138],[0.293771,0.770225,0.566085]],[[0.948491,-0.308357,-0.0726659],[-0.276536,-0.693945,-0.664807],[0.154572,0.650659,-0.743472]],[[0.948491,-0.308357,-0.0726659],[-0.313605,-0.946395,-0.0773898],[-0.0449069,0.0961919,-0.994349]]],"btipPosition":[13.8596,152.904,29.8584],"carpPosition":[24.6404,184.793,74.0521],"dipPosition":[13.0247,154.692,11.3733],"direction":[-0.154572,-0.650659,0.743472],"extended":false,"handId":420,"id":4203,"length":64.1047,"mcpPosition":[30.3448,206.867,16.0465],"pipPosition":[17.2852,172.626,-9.11886],"stabilizedTipPosition":[13.1426,148.686,28.7511],"timeVisible":0.226184,"tipPosition":[13.7512,153.233,25.9696],"tipVelocity":[35.5735,296.37,-202.452],"tool":false,"touchDistance":0.333333,"touchZone":"none","type":3,"width":17.9862},{"bases":[[[0.863567,-0.50393,0.0175162],[0.446939,0.781062,0.436106],[-0.233448,-0.368778,0.899725]],[[0.882871,-0.463696,-0.0743266],[0.219524,0.547416,-0.807555],[0.415147,0.696651,0.58509]],[[0.882871,-0.463696,-0.0743266],[-0.377251,-0.606031,-0.700291],[0.279678,0.646307,-0.709978]],[[0.882871,-0.463696,-0.0743266],[-0.469543,-0.868841,-0.156983],[0.00821444,0.173496,-0.9848]]],"btipPosition":[28.954,157.472,29.8305],"carpPosition":[35.6745,176.258,71.6174],"dipPosition":[29.0949,160.448,12.941],"direction":[-0.279678,-0.646307,0.709978],"extended":false,"handId":420,"id":4204,"length":50.2569,"mcpPosition":[49.1431,197.534,19.7089],"pipPosition":[34.5375,173.025,-0.875506],"stabilizedTipPosition":[28.6818,154.728,28.4414],"timeVisible":0.226184,"tipPosition":[28.8494,157.642,26.2568],"tipVelocity":[32.87,307.932,-219.111],"tool":false,"touchDistance":0.333333,"touchZone":"none","type":4,"width":15.9768}],"r":[[0.963349,0.247292,0.103945],[-0.249323,0.968396,0.00681958],[-0.0989735,-0.0324855,0.99456]],"s":1.01295,"t":[3.71575,83.243,-55.2093],"timestamp":88920727400},false],[1,{"currentFrameRate":52.1074,"devices":[],"gestures":[],"hands":[{"armBasis":[[0.991282,-0.035199,-0.126966],[0.0527726,0.98905,0.137824],[0.120725,-0.143323,0.982285]],"armWidth":63.3998,"confidence":0.783979,"direction":[-0.0179326,0.483654,-0.875076],"elbow":[52.009,142.407,340.839],"grabStrength":0.755484,"id":420,"palmNormal":[-0.0633402,-0.874008,-0.481765],"palmPosition":[10.7733,203.493,28.2186],"palmVelocity":[-15.406,356.207,-178.427],"palmWidth":90.5328,"pinchStrength":0.598009,"r":[[0.956887,0.26838,0.111086],[-0.270697,0.962646,0.00604809],[-0.105314,-0.0358581,0.993792]],"s":1.01643,"sphereCenter":[17.883,177.561,-7.02378],"sphereRadius":45.3203,"stabilizedPalmPosition":[11.0088,199.242,30.2139],"t":[3.41403,90.0258,-58.5867],"timeVisible":0.245355,"type":"right","wrist":[19.5771,180.909,76.9548]}],"id":1424639,"interactionBox":{"center":[0,200,0],"size":[235.247,235.247,147.751]},"pointables":[{"bases":[[[0.454678,0.857285,0.241514],[-0.767723,0.239771,0.594232],[0.451518,-0.4556,0.767176]],[[0.342953,0.937103,0.0649635],[-0.844219,0.277156,0.458779],[0.411918,-0.212183,0.886172]],[[0.342953,0.937103,0.0649635],[-0.93413,0.347512,-0.0814612],[-0.0989132,-0.032747,0.994557]],[[0.342953,0.937103,0.0649635],[-0.746905,0.313979,-0.586131],[-0.569663,0.152494,0.807608]]],"btipPosition":[-13.1838,179.296,-20.4881],"carpPosition":[-9.34581,171.198,76.0708],"dipPosition":[-26.4489,182.847,-1.68212],"direction":[0.0989132,0.032747,-0.994557],"extended":false,"handId":420,"id":4200,"length":51.8545,"mcpPosition":[-9.34581,171.198,76.0708],"pipPosition":[-29.8045,181.736,32.0575],"stabilizedTipPosition":[-17.115,175.535,-13.8394],"timeVisible":0.245355,"tipPosition":[-16.1327,179.038,-16.3267],"tipVelocity":[63.9924,336.54,-174.679],"tool":false,"touchDistance":0.310256,"touchZone":"hovering","type":0,"width":20.1482},{"bases":[[[0.980654,0.0350824,-0.192577],[0.0351644,0.936231,0.349622],[0.192563,-0.349631,0.916885]],[[0.998704,-0.0458035,0.0222062],[0.0301753,0.88406,0.466398],[-0.0409942,-0.465123,0.884296]],[[0.998704,-0.0458035,0.0222062],[0.0507275,0.931722,-0.359611],[-0.00421854,0.360271,0.932838]],[[0.998704,-0.0458035,0.0222062],[0.0411801,0.470584,-0.881394],[0.0299211,0.881166,0.47186]]],"btipPosition":[-13.0474,214.807,-59.6164],"carpPosition":[-0.297034,192.976,75.7553],"dipPosition":[-12.5388,229.787,-51.5949],"direction":[0.00421854,-0.360271,-0.932838],"extended":true,"handId":420,"id":4201,"length":58.512,"mcpPosition":[-14.3926,218.568,8.63943],"pipPosition":[-12.6402,238.451,-29.1612],"stabilizedTipPosition":[-12.8753,214.611,-55.6878],"timeVisible":0.245355,"tipPosition":[-12.6588,216.832,-57.6483],"tipVelocity":[-4.46636,343.366,-195.775],"tool":false,"touchDistance":0.190028,"touchZone":"hovering","type":1,"width":19.2456},{"bases":[[[0.977195,-0.172598,-0.123694],[0.204669,0.92078,0.332077],[0.056579,-0.34982,0.935107]],[[0.978793,-0.189521,-0.077756],[0.0457748,0.572321,-0.818751],[0.199672,0.797829,0.568859]],[[0.978793,-0.189521,-0.077756],[-0.192697,-0.723006,-0.663423],[0.0695147,0.664337,-0.744193]],[[0.978793,-0.189521,-0.077756],[-0.194305,-0.979143,-0.0593649],[-0.0648833,0.0732144,-0.995203]]],"btipPosition":[-2.72231,161.047,20.9457],"carpPosition":[11.5348,195.191,73.4762],"dipPosition":[-3.93547,162.416,2.33782],"direction":[-0.0695147,-0.664337,0.744193],"extended":false,"handId":420,"id":4202,"length":66.6698,"mcpPosition":[7.60726,219.475,8.56343],"pipPosition":[-1.96865,181.213,-18.718],"stabilizedTipPosition":[-3.97635,153.988,20.7832],"timeVisible":0.245355,"tipPosition":[-2.92394,161.635,17.6346],"tipVelocity":[41.4566,331.395,-170.274],"tool":false,"touchDistance":0.333333,"touchZone":"none","type":2,"width":18.9017},{"bases":[[[0.956642,-0.291114,-0.00941615],[0.275661,0.894475,0.352031],[-0.0940586,-0.339363,0.935941]],[[0.959814,-0.276171,-0.0498696],[0.106796,0.523774,-0.845136],[0.259522,0.805848,0.53222]],[[0.959814,-0.276171,-0.0498696],[-0.244211,-0.734384,-0.633278],[0.138269,0.620007,-0.772316]],[[0.959814,-0.276171,-0.0498696],[-0.278381,-0.959432,-0.0446566],[-0.0355136,0.0567448,-0.997757]]],"btipPosition":[14.7322,161.385,29.3488],"carpPosition":[23.558,194.202,71.5058],"dipPosition":[14.072,162.44,10.8004],"direction":[-0.138269,-0.620007,0.772316],"extended":false,"handId":420,"id":4203,"length":64.1047,"mcpPosition":[29.4202,215.353,13.173],"pipPosition":[17.8831,179.529,-10.4868],"stabilizedTipPosition":[14.0868,157.185,26.3419],"timeVisible":0.245355,"tipPosition":[14.6258,161.538,24.8436],"tipVelocity":[41.5379,364.337,-115.721],"tool":false,"touchDistance":0.333333,"touchZone":"none","type":3,"width":17.9862},{"bases":[[[0.880541,-0.4722,0.0409368],[0.411698,0.804788,0.427577],[-0.234847,-0.359645,0.903052]],[[0.899657,-0.433743,-0.0498535],[0.214596,0.538747,-0.814678],[0.380219,0.722232,0.577766]],[[0.899657,-0.433743,-0.0498535],[-0.344053,-0.634023,-0.692562],[0.268785,0.64022,-0.719633]],[[0.899657,-0.433743,-0.0498535],[-0.436217,-0.888223,-0.144131],[0.0182346,0.151415,-0.988302]]],"btipPosition":[29.556,166.308,27.9392],"carpPosition":[34.9269,186.024,69.4125],"dipPosition":[29.8688,168.905,10.9897],"direction":[-0.268785,-0.64022,0.719633],"extended":false,"handId":420,"id":4204,"length":50.2569,"mcpPosition":[48.4761,206.773,17.3119],"pipPosition":[35.0995,181.364,-3.01476],"stabilizedTipPosition":[29.3243,162.997,25.4532],"timeVisible":0.245355,"tipPosition":[29.5119,166.383,24.3318],"tipVelocity":[33.1647,381.442,-159.806],"tool":false,"touchDistance":0.333333,"touchZone":"none","type":4,"width":15.9768}],"r":[[0.956887,0.26838,0.111086],[-0.270697,0.962646,0.00604809],[-0.105314,-0.0358581,0.993792]],"s":1.01643,"t":[3.41403,90.0258,-58.5867],"timestamp":88920746571},false],[2,{"currentFrameRate":52.238,"devices":[],"gestures":[],"hands":[{"armBasis":[[0.989362,-0.00513433,-0.145386],[0.0261785,0.989346,0.143208],[0.143102,-0.14549,0.978956]],"armWidth":63.3998,"confidence":0.796967,"direction":[-0.0216545,0.476895,-0.878693],"elbow":[57.5273,150.161,336.715],"grabStrength":0.752196,"id":420,"palmNormal":[-0.0358657,-0.878704,-0.476017],"palmPosition":[10.1886,211.253,24.7422],"palmVelocity":[-23.1459,385.132,-182.225],"palmWidth":90.5328,"pinchStrength":0.578367,"r":[[0.94962,0.290228,0.118276],[-0.292662,0.95621,0.00337453],[-0.112117,-0.0378194,0.992975]],"s":1.02121,"sphereCenter":[17.7922,185.553,-10.051],"sphereRadius":45.2016,"stabilizedPalmPosition":[10.4562,207.334,26.5277],"t":[2.97079,97.2971,-62.0135],"timeVisible":0.264021,"type":"right","wrist":[19.084,189.246,73.7253]}],"id":1424640,"interactionBox":{"center":[0,200,0],"size":[235.247,235.247,147.751]},"pointables":[{"bases":[[[0.429898,0.870461,0.239762],[-0.779597,0.223921,0.584883],[0.45543,-0.438358,0.774871]],[[0.321536,0.944526,0.06697],[-0.855002,0.25921,0.449202],[0.406923,-0.201694,0.890917]],[[0.321536,0.944526,0.06697],[-0.939561,0.327033,-0.10136],[-0.117638,-0.0303317,0.992593]],[[0.321536,0.944526,0.06697],[-0.746796,0.296436,-0.595333],[-0.58216,0.141408,0.800683]]],"btipPosition":[-12.2312,186.535,-23.9399],"carpPosition":[-9.56763,178.782,72.6268],"dipPosition":[-25.7874,189.828,-5.29523],"direction":[0.117638,0.0303317,-0.992593],"extended":false,"handId":420,"id":4200,"length":51.8545,"mcpPosition":[-9.56763,178.782,72.6268],"pipPosition":[-29.7782,188.799,28.3778],"stabilizedTipPosition":[-15.9698,183.16,-17.6088],"timeVisible":0.264021,"tipPosition":[-15.3801,186.191,-19.8103],"tipVelocity":[55.9478,359.924,-180.627],"tool":false,"touchDistance":0.269677,"touchZone":"hovering","type":0,"width":20.1482},{"bases":[[[0.981302,0.0591657,-0.183153],[0.00741748,0.939249,0.343156],[0.19233,-0.338098,0.921249]],[[0.999351,-0.0190565,0.0305579],[0.00264929,0.885128,0.465341],[-0.0359154,-0.464958,0.884604]],[[0.999351,-0.0190565,0.0305579],[0.0287596,0.93301,-0.358698],[-0.0216753,0.359344,0.932953]],[[0.999351,-0.0190565,0.0305579],[0.0359367,0.472524,-0.880585],[0.00234151,0.881112,0.472902]]],"btipPosition":[-13.1444,221.788,-63.4823],"carpPosition":[-1.08263,200.784,72.2426],"dipPosition":[-13.1046,236.766,-55.443],"direction":[0.0216753,-0.359344,-0.932953],"extended":true,"handId":420,"id":4201,"length":58.512,"mcpPosition":[-15.1612,225.533,4.80724],"pipPosition":[-13.6259,245.408,-33.0065],"stabilizedTipPosition":[-13.0476,221.649,-59.6269],"timeVisible":0.264021,"tipPosition":[-12.8208,223.806,-61.4873],"tipVelocity":[-7.62965,358.238,-201.177],"tool":false,"touchDistance":0.166475,"touchZone":"hovering","type":1,"width":19.2456},{"bases":[[[0.982526,-0.148048,-0.112804],[0.177432,0.928079,0.327394],[0.0562205,-0.341688,0.93813]],[[0.984088,-0.164124,-0.0680788],[0.0349673,0.554539,-0.831423],[0.174209,0.815813,0.551454]],[[0.984088,-0.164124,-0.0680788],[-0.168605,-0.741642,-0.649261],[0.0560694,0.650408,-0.757513]],[[0.984088,-0.164124,-0.0680788],[-0.167488,-0.984752,-0.0470212],[-0.0593234,0.0576754,-0.996571]]],"btipPosition":[-2.02441,168.404,18.5609],"carpPosition":[10.7102,203.29,70.0641],"dipPosition":[-3.13361,169.482,-0.0725545],"direction":[-0.0560694,-0.650408,0.757513],"extended":false,"handId":420,"id":4202,"length":66.6698,"mcpPosition":[6.80754,227.009,4.94148],"pipPosition":[-1.54721,187.884,-21.5052],"stabilizedTipPosition":[-2.98487,162.556,16.9805],"timeVisible":0.264021,"tipPosition":[-2.25509,168.929,14.7875],"tipVelocity":[40.1018,360.142,-149.761],"tool":false,"touchDistance":0.333333,"touchZone":"none","type":2,"width":18.9017},{"bases":[[[0.9639,-0.266255,0.00212238],[0.248878,0.903765,0.348236],[-0.094638,-0.335137,0.937404]],[[0.967026,-0.251932,-0.037284],[0.0972591,0.500623,-0.860184],[0.235373,0.828195,0.508619]],[[0.967026,-0.251932,-0.037284],[-0.221626,-0.760341,-0.610544],[0.125467,0.598675,-0.791104]],[[0.967026,-0.251932,-0.037284],[-0.252886,-0.967211,-0.0234761],[-0.0301471,0.0321306,-0.999029]]],"btipPosition":[15.3111,169.571,27.562],"carpPosition":[22.7741,202.6,68.2195],"dipPosition":[14.7507,170.169,8.98994],"direction":[-0.125467,-0.598675,0.791104],"extended":false,"handId":420,"id":4203,"length":64.1047,"mcpPosition":[28.6724,223.487,9.79558],"pipPosition":[18.2089,186.67,-12.8151],"stabilizedTipPosition":[14.8908,166.377,24.1022],"timeVisible":0.264021,"tipPosition":[15.2026,169.584,22.6324],"tipVelocity":[37.0187,397.675,-106.141],"tool":false,"touchDistance":0.333333,"touchZone":"none","type":3,"width":17.9862},{"bases":[[[0.892008,-0.448898,0.0530344],[0.386424,0.818168,0.425767],[-0.234517,-0.359294,0.903277]],[[0.910649,-0.411657,-0.0354486],[0.210271,0.535582,-0.817887],[0.355674,0.737354,0.574287]],[[0.910649,-0.411657,-0.0354486],[-0.321147,-0.651219,-0.687589],[0.259966,0.637536,-0.725235]],[[0.910649,-0.411657,-0.0354486],[-0.412466,-0.90068,-0.136553],[0.0242853,0.138974,-0.989998]]],"btipPosition":[29.9128,174.702,25.072],"carpPosition":[34.3713,194.704,66.2977],"dipPosition":[30.3293,177.085,8.09333],"direction":[-0.259966,-0.637536,0.725235],"extended":false,"handId":420,"id":4204,"length":50.2569,"mcpPosition":[47.9015,215.433,14.1842],"pipPosition":[35.3883,189.492,-6.02011],"stabilizedTipPosition":[29.8221,171.91,22.3351],"timeVisible":0.264021,"tipPosition":[29.9159,174.719,21.3826],"tipVelocity":[26.9552,413.342,-156.968],"tool":false,"touchDistance":0.333333,"touchZone":"none","type":4,"width":15.9768}],"r":[[0.94962,0.290228,0.118276],[-0.292662,0.95621,0.00337453],[-0.112117,-0.0378194,0.992975]],"s":1.02121,"t":[2.97079,97.2971,-62.0135],"timestamp":88920765237},false],[3,{"currentFrameRate":52.3461,"devices":[],"gestures":[],"hands":[{"armBasis":[[0.990466,0.0168205,-0.136725],[0.00553066,0.986862,0.161473],[0.137645,-0.16069,0.97736]],"armWidth":63.3998,"confidence":0.815372,"direction":[-0.0266081,0.469297,-0.88264],"elbow":[55.5385,152.8,334.57],"grabStrength":0.749538,"id":420,"palmNormal":[-0.0148402,-0.88304,-0.469062],"palmPosition":[9.48674,217.392,22.8001],"palmVelocity":[-30.1403,357.372,-144.038],"palmWidth":90.5328,"pinchStrength":0.562982,"r":[[0.941978,0.311716,0.124545],[-0.31407,0.9494,-0.00076999],[-0.118483,-0.0383906,0.992214]],"s":1.02663,"sphereCenter":[17.2812,191.849,-11.5797],"sphereRadius":45.0926,"stabilizedPalmPosition":[9.75191,214.641,23.8197],"t":[2.39826,104.002,-64.698],"timeVisible":0.282731,"type":"right","wrist":[18.5611,195.968,72.0083]}],"id":1424641,"interactionBox":{"center":[0,200,0],"size":[235.247,235.247,147.751]},"pointables":[{"bases":[[[0.410292,0.881142,0.235053],[-0.787399,0.212255,0.578749],[0.460068,-0.422537,0.780897]],[[0.304559,0.950213,0.0658688],[-0.861943,0.245517,0.443594],[0.405337,-0.191876,0.893804]],[[0.304559,0.950213,0.0658688],[-0.943431,0.310455,-0.116426],[-0.131079,-0.0266842,0.991013]],[[0.304559,0.950213,0.0658688],[-0.747828,0.281374,-0.601317],[-0.589913,0.133878,0.796291]]],"btipPosition":[-11.8078,192.217,-25.7171],"carpPosition":[-9.85946,184.899,70.8371],"dipPosition":[-25.5445,195.334,-7.17466],"direction":[0.131079,0.0266842,-0.991013],"extended":false,"handId":420,"id":4200,"length":51.8545,"mcpPosition":[-9.85946,184.899,70.8371],"pipPosition":[-29.9913,194.429,26.4447],"stabilizedTipPosition":[-15.265,190.031,-20.3109],"timeVisible":0.282731,"tipPosition":[-15.091,191.809,-21.6105],"tipVelocity":[38.6449,331.478,-139.537],"tool":false,"touchDistance":0.258694,"touchZone":"hovering","type":0,"width":20.1482},{"bases":[[[0.980879,0.0781869,-0.178225],[-0.0141101,0.941914,0.335559],[0.194109,-0.326628,0.925006]],[[0.999402,0.0026905,0.0344723],[-0.0183643,0.886035,0.463254],[-0.0292972,-0.46361,0.885555]],[[0.999402,0.0026905,0.0344723],[0.00988116,0.933169,-0.359302],[-0.0331351,0.359428,0.932585]],[[0.999402,0.0026905,0.0344723],[0.0291073,0.472677,-0.880755],[-0.0186639,0.881232,0.472316]]],"btipPosition":[-13.6752,227.173,-65.7006],"carpPosition":[-1.83294,207.07,70.3211],"dipPosition":[-13.9925,242.153,-57.6713],"direction":[0.0331351,-0.359428,-0.932585],"extended":true,"handId":420,"id":4201,"length":58.512,"mcpPosition":[-16.0417,230.979,2.61073],"pipPosition":[-14.7893,250.797,-35.2437],"stabilizedTipPosition":[-13.5339,227.875,-62.5613],"timeVisible":0.282731,"tipPosition":[-13.3982,229.185,-63.6906],"tipVelocity":[-19.8648,323.957,-161.01],"tool":false,"touchDistance":0.166531,"touchZone":"hovering","type":1,"width":19.2456},{"bases":[[[0.986022,-0.128387,-0.10619],[0.156187,0.934172,0.320824],[0.0580105,-0.332925,0.941167]],[[0.987652,-0.143703,-0.0623861],[0.0250685,0.538062,-0.842533],[0.154642,0.830565,0.53502]],[[0.987652,-0.143703,-0.0623861],[-0.150328,-0.757261,-0.635576],[0.0440919,0.637106,-0.769514]],[[0.987652,-0.143703,-0.0623861],[-0.146023,-0.988685,-0.0343485],[-0.0567442,0.0430342,-0.997461]]],"btipPosition":[-1.71257,174.252,17.6176],"carpPosition":[9.91728,209.805,68.1873],"dipPosition":[-2.77355,175.057,-1.0325],"direction":[-0.0440919,-0.637106,0.769514],"extended":false,"handId":420,"id":4202,"length":66.6698,"mcpPosition":[5.89034,232.916,2.85387],"pipPosition":[-1.52603,193.083,-22.8047],"stabilizedTipPosition":[-2.28604,170.631,14.4983],"timeVisible":0.282731,"tipPosition":[-1.96608,174.7,13.5146],"tipVelocity":[28.9794,335.356,-101.488],"tool":false,"touchDistance":0.333333,"touchZone":"none","type":2,"width":18.9017},{"bases":[[[0.969214,-0.246035,0.00958657],[0.228005,0.911523,0.342256],[-0.0929452,-0.329534,0.939558]],[[0.972179,-0.232512,-0.0284027],[0.089003,0.478828,-0.873386],[0.216673,0.846559,0.4862]],[[0.972179,-0.232512,-0.0284027],[-0.204234,-0.782009,-0.588855],[0.114705,0.578273,-0.80774]],[[0.972179,-0.232512,-0.0284027],[-0.232686,-0.972547,-0.00293981],[-0.0269394,0.00946693,-0.999592]]],"btipPosition":[15.503,176.141,27.0886],"carpPosition":[22.0032,209.352,66.4148],"dipPosition":[15.0022,176.317,8.5061],"direction":[-0.114705,-0.578273,0.807739],"extended":false,"handId":420,"id":4203,"length":64.1047,"mcpPosition":[27.796,229.89,7.85662],"pipPosition":[18.1638,192.256,-13.7575],"stabilizedTipPosition":[15.295,174.349,23.0553],"timeVisible":0.282731,"tipPosition":[15.4001,176.015,21.8813],"tipVelocity":[24.3455,372.498,-66.8401],"tool":false,"touchDistance":0.333333,"touchZone":"none","type":3,"width":17.9862},{"bases":[[[0.900857,-0.429726,0.0615824],[0.366864,0.829441,0.421235],[-0.232095,-0.35688,0.904858]],[[0.918717,-0.394189,-0.0239469],[0.204828,0.52747,-0.824512],[0.337645,0.752589,0.565337]],[[0.918717,-0.394189,-0.0239469],[-0.305047,-0.669832,-0.676957],[0.250809,0.629237,-0.735633]],[[0.918717,-0.394189,-0.0239469],[-0.394028,-0.910897,-0.122509],[0.0264784,0.121987,-0.992179]]],"btipPosition":[29.9497,181.46,23.8586],"carpPosition":[33.7732,201.685,64.6209],"dipPosition":[30.4039,183.552,6.84254],"direction":[-0.250809,-0.629237,0.735633],"extended":false,"handId":420,"id":4204,"length":50.2569,"mcpPosition":[47.1636,222.275,12.4162],"pipPosition":[35.2847,195.798,-7.47325],"stabilizedTipPosition":[30.0057,179.844,20.4446],"timeVisible":0.282731,"tipPosition":[29.9861,181.402,20.0226],"tipVelocity":[15.0171,386.218,-112.338],"tool":false,"touchDistance":0.333333,"touchZone":"none","type":4,"width":15.9768}],"r":[[0.941978,0.311716,0.124545],[-0.31407,0.9494,-0.00076999],[-0.118483,-0.0383906,0.992214]],"s":1.02663,"t":[2.39826,104.002,-64.698],"timestamp":88920783947},false],[4,{"currentFrameRate":47.9,"devices":[],"gestures":[],"hands":[{"armBasis":[[0.990065,0.0476982,-0.132277],[-0.0206677,0.979855,0.198637],[0.139087,-0.19393,0.971106]],"armWidth":63.3998,"confidence":0.834367,"direction":[-0.0302054,0.435037,-0.899906],"elbow":[54.5131,155.605,331.889],"grabStrength":0.745737,"id":420,"palmNormal":[0.0135977,-0.900055,-0.435565],"palmPosition":[8.00364,227.015,20.9468],"palmVelocity":[-36.9028,281.531,-73.7828],"palmWidth":90.5328,"pinchStrength":0.539669,"r":[[0.933442,0.334789,0.128847],[-0.33612,0.941744,-0.01193],[-0.125335,-0.0321722,0.991593]],"s":1.03189,"sphereCenter":[16.2507,200.662,-12.2698],"sphereRadius":44.9717,"stabilizedPalmPosition":[8.04366,226.732,21.0126],"t":[1.37045,112.166,-66.9669],"timeVisible":0.320488,"type":"right","wrist":[17.1484,207.703,71.0084]}],"id":1424642,"interactionBox":{"center":[0,200,0],"size":[235.247,235.247,147.751]},"pointables":[{"bases":[[[0.38412,0.900141,0.205421],[-0.798645,0.212301,0.563111],[0.463268,-0.380361,0.800443]],[[0.281983,0.958647,0.0385044],[-0.871295,0.239074,0.428589],[0.40166,-0.154403,0.902679]],[[0.281983,0.958647,0.0385044],[-0.947883,0.284573,-0.143304],[-0.148335,0.00391157,0.988929]],[[0.281983,0.958647,0.0385044],[-0.747229,0.244614,-0.617911],[-0.601777,0.145469,0.785305]]],"btipPosition":[-11.856,199.978,-26.6732],"carpPosition":[-10.9519,195.829,69.9953],"dipPosition":[-25.8689,203.366,-8.3866],"direction":[0.148335,-0.00391157,-0.988929],"extended":false,"handId":420,"id":4200,"length":51.8545,"mcpPosition":[-10.9519,195.829,69.9953],"pipPosition":[-30.9011,203.498,25.1621],"stabilizedTipPosition":[-15.0835,200.493,-22.4143],"timeVisible":0.320488,"tipPosition":[-15.2488,199.597,-22.6013],"tipVelocity":[7.86243,239.528,-56.1829],"tool":false,"touchDistance":0.253953,"touchZone":"hovering","type":0,"width":20.1482},{"bases":[[[0.980191,0.0980761,-0.172065],[-0.0427573,0.953082,0.299678],[0.193383,-0.286385,0.938396]],[[0.998644,0.0318582,0.0411636],[-0.0466332,0.898917,0.43563],[-0.0231242,-0.436959,0.899184]],[[0.998644,0.0318582,0.0411636],[-0.013533,0.922536,-0.385675],[-0.0502618,0.384595,0.921716]],[[0.998644,0.0318582,0.0411636],[0.0225193,0.448545,-0.893476],[-0.0469283,0.893192,0.44722]]],"btipPosition":[-14.6783,233.384,-68.1789],"carpPosition":[-3.51764,218.176,68.7175],"dipPosition":[-15.4761,248.568,-60.5763],"direction":[0.0502618,-0.384595,-0.921716],"extended":true,"handId":420,"id":4201,"length":58.512,"mcpPosition":[-17.6733,239.139,0.026989],"pipPosition":[-16.6848,257.817,-38.41],"stabilizedTipPosition":[-14.7879,236.376,-66.2151],"timeVisible":0.320488,"tipPosition":[-14.4661,235.453,-66.2045],"tipVelocity":[-26.9896,206.904,-92.368],"tool":false,"touchDistance":0.141858,"touchZone":"hovering","type":1,"width":19.2456},{"bases":[[[0.990137,-0.105441,-0.0922522],[0.127827,0.949423,0.286804],[0.0573454,-0.295768,0.953537]],[[0.991713,-0.118605,-0.049378],[0.0153188,0.49077,-0.871154],[0.127556,0.863179,0.48852]],[[0.991713,-0.118605,-0.049378],[-0.124581,-0.79392,-0.595122],[0.0313821,0.596341,-0.802117]],[[0.991713,-0.118605,-0.049378],[-0.118281,-0.992935,0.00944682],[-0.0501496,-0.00352808,-0.998735]]],"btipPosition":[-1.87223,183.475,18.3377],"carpPosition":[8.17615,221.146,66.5897],"dipPosition":[-2.80991,183.409,-0.33623],"direction":[-0.0313822,-0.596341,0.802117],"extended":false,"handId":420,"id":4202,"length":66.6698,"mcpPosition":[4.19538,241.678,0.397596],"pipPosition":[-1.92199,200.281,-23.0309],"stabilizedTipPosition":[-2.0917,183.213,14.0514],"timeVisible":0.320488,"tipPosition":[-2.13352,183.69,13.8201],"tipVelocity":[4.96445,264.023,-12.3927],"tool":false,"touchDistance":0.333333,"touchZone":"none","type":2,"width":18.9017},{"bases":[[[0.975312,-0.219086,0.0277179],[0.200004,0.929551,0.309731],[-0.0936229,-0.29654,0.95042]],[[0.978275,-0.207053,-0.0103077],[0.0859132,0.450165,-0.888803],[0.18867,0.868608,0.458174]],[[0.978275,-0.207053,-0.0103077],[-0.176769,-0.807147,-0.563263],[0.108306,0.552849,-0.826213]],[[0.978275,-0.207053,-0.0103077],[-0.206678,-0.977967,0.0293961],[-0.0161672,-0.0266271,-0.999515]]],"btipPosition":[15.0503,186.081,26.6967],"carpPosition":[20.2873,220.956,64.9462],"dipPosition":[14.7498,185.586,8.11557],"direction":[-0.108306,-0.552849,0.826213],"extended":false,"handId":420,"id":4203,"length":64.1047,"mcpPosition":[26.1223,239.438,5.711],"pipPosition":[17.735,200.824,-14.6572],"stabilizedTipPosition":[14.9831,185.896,22.4268],"timeVisible":0.320488,"tipPosition":[15.0169,185.792,21.5937],"tipVelocity":[-1.63676,288.637,-25.0598],"tool":false,"touchDistance":0.333333,"touchZone":"none","type":3,"width":17.9862},{"bases":[[[0.911378,-0.402492,0.0859723],[0.340204,0.854284,0.393014],[-0.23163,-0.328936,0.915505]],[[0.928506,-0.371302,0.0033489],[0.200045,0.492608,-0.846947],[0.312823,0.787065,0.531667]],[[0.928506,-0.371302,0.0033489],[-0.282216,-0.711535,-0.643485],[0.24131,0.596534,-0.765452]],[[0.928506,-0.371302,0.0033489],[-0.369878,-0.925662,-0.0796245],[0.0326647,0.0726931,-0.996819]]],"btipPosition":[29.3779,191.982,24.0182],"carpPosition":[32.2761,213.55,63.5503],"dipPosition":[29.9381,193.229,6.92251],"direction":[-0.24131,-0.596534,0.765452],"extended":false,"handId":420,"id":4204,"length":50.2569,"mcpPosition":[45.6397,232.528,10.7313],"pipPosition":[34.6341,204.837,-7.97358],"stabilizedTipPosition":[29.5106,192.172,20.0889],"timeVisible":0.320488,"tipPosition":[29.4729,191.725,19.9947],"tipVelocity":[-6.82265,302.828,-26.4507],"tool":false,"touchDistance":0.333333,"touchZone":"none","type":4,"width":15.9768}],"r":[[0.933442,0.334789,0.128847],[-0.33612,0.941744,-0.01193],[-0.125335,-0.0321722,0.991593]],"s":1.03189,"t":[1.37045,112.166,-66.9669],"timestamp":88920821704},false],[5,{"currentFrameRate":48.3569,"devices":[],"gestures":[],"hands":[{"armBasis":[[0.989348,0.0555613,-0.134553],[-0.0307927,0.983257,0.179605],[0.142279,-0.173548,0.974494]],"armWidth":63.3998,"confidence":0.843553,"direction":[-0.0354319,0.448705,-0.892977],"elbow":[54.9622,165.822,330.248],"grabStrength":0.739818,"id":420,"palmNormal":[0.0216839,-0.892983,-0.449568],"palmPosition":[7.35153,232.447,18.7126],"palmVelocity":[-35.7467,284.575,-95.6207],"palmWidth":90.5328,"pinchStrength":0.52491,"r":[[0.925555,0.354513,0.132921],[-0.355383,0.934549,-0.017928],[-0.130577,-0.0306446,0.990964]],"s":1.0372,"sphereCenter":[15.2836,206.956,-14.7942],"sphereRadius":44.8767,"stabilizedPalmPosition":[7.43938,231.722,19.0045],"t":[0.530492,118.965,-69.2185],"timeVisible":0.339366,"type":"right","wrist":[16.7399,212.445,68.4573]}],"id":1424643,"interactionBox":{"center":[0,200,0],"size":[235.247,235.247,147.751]},"pointables":[{"bases":[[[0.375741,0.900466,0.21904],[-0.799969,0.195838,0.567184],[0.467834,-0.38834,0.793929]],[[0.274431,0.959998,0.0555939],[-0.872578,0.224311,0.433926],[0.404098,-0.167593,0.899231]],[[0.274431,0.959998,0.0555939],[-0.949282,0.279687,-0.143661],[-0.153463,-0.0133494,0.988064]],[[0.274431,0.959998,0.0555939],[-0.746524,0.249134,-0.616956],[-0.606127,0.127809,0.785032]]],"btipPosition":[-11.9966,206.121,-29.1734],"carpPosition":[-11.2468,200.32,67.2882],"dipPosition":[-26.1109,209.097,-10.8931],"direction":[0.153463,0.0133494,-0.988064],"extended":false,"handId":420,"id":4200,"length":51.8545,"mcpPosition":[-11.2468,200.32,67.2882],"pipPosition":[-31.317,208.644,22.6263],"stabilizedTipPosition":[-15.222,205.976,-24.6334],"timeVisible":0.339366,"tipPosition":[-15.4995,205.669,-25.1475],"tipVelocity":[-0.246289,279.149,-93.5847],"tool":false,"touchDistance":0.231994,"touchZone":"hovering","type":0,"width":20.1482},{"bases":[[[0.979004,0.11013,-0.171532],[-0.0515105,0.94784,0.314555],[0.197227,-0.299115,0.933612]],[[0.998383,0.041291,0.0390709],[-0.0545825,0.888334,0.455943],[-0.0158817,-0.457339,0.889151]],[[0.998383,0.041291,0.0390709],[-0.0244061,0.932091,-0.361402],[-0.0513403,0.359864,0.931591]],[[0.998383,0.041291,0.0390709],[0.0148994,0.47321,-0.880824],[-0.0548588,0.879981,0.47183]]],"btipPosition":[-15.6188,240.585,-70.4217],"carpPosition":[-4.02795,222.754,66.3515],"dipPosition":[-16.5514,255.544,-62.4008],"direction":[0.0513403,-0.359864,-0.931591],"extended":true,"handId":420,"id":4201,"length":58.512,"mcpPosition":[-18.4649,244.649,-1.98886],"pipPosition":[-17.7861,264.199,-39.997],"stabilizedTipPosition":[-15.6315,242.549,-68.1211],"timeVisible":0.339366,"tipPosition":[-15.4189,242.526,-68.3457],"tipVelocity":[-38.9814,291.082,-102.825],"tool":false,"touchDistance":0.145871,"touchZone":"hovering","type":1,"width":19.2456},{"bases":[[[0.99099,-0.0945026,-0.0949145],[0.119086,0.946017,0.301448],[0.061303,-0.310035,0.948747]],[[0.992729,-0.108085,-0.0529778],[0.00707549,0.491761,-0.870701],[0.120162,0.863996,0.48895]],[[0.992729,-0.108085,-0.0529778],[-0.118286,-0.794417,-0.595743],[0.0223042,0.597678,-0.801426]],[[0.992729,-0.108085,-0.0529778],[-0.108086,-0.994137,0.00285609],[-0.0529759,0.00289081,-0.998592]]],"btipPosition":[-2.02443,188.991,16.2958],"carpPosition":[7.63436,225.869,64.2581],"dipPosition":[-3.01495,189.045,-2.37543],"direction":[-0.0223042,-0.597678,0.801426],"extended":false,"handId":420,"id":4202,"length":66.6698,"mcpPosition":[3.37887,247.391,-1.60141],"pipPosition":[-2.38388,205.956,-25.0506],"stabilizedTipPosition":[-2.23617,188.424,12.2067],"timeVisible":0.339366,"tipPosition":[-2.3199,189.193,11.4938],"tipVelocity":[-1.73398,278.555,-59.303],"tool":false,"touchDistance":0.333333,"touchZone":"none","type":2,"width":18.9017},{"bases":[[[0.977394,-0.210141,0.0232834],[0.191477,0.926482,0.323987],[-0.0896545,-0.312205,0.945775]],[[0.980086,-0.198179,-0.0125142],[0.0808917,0.456012,-0.88629],[0.181351,0.867628,0.462962]],[[0.980086,-0.198179,-0.0125142],[-0.170094,-0.80533,-0.567902],[0.102468,0.558721,-0.823001]],[[0.980086,-0.198179,-0.0125142],[-0.197909,-0.980016,0.0200407],[-0.0162357,-0.0171649,-0.999721]]],"btipPosition":[14.7481,191.627,24.3417],"carpPosition":[19.7448,225.821,62.5993],"dipPosition":[14.4463,191.308,5.75682],"direction":[-0.102468,-0.558721,0.823001],"extended":false,"handId":420,"id":4203,"length":64.1047,"mcpPosition":[25.3325,245.279,3.65362],"pipPosition":[17.2706,206.708,-16.9274],"stabilizedTipPosition":[14.6975,191.203,20.2135],"timeVisible":0.339366,"tipPosition":[14.7266,191.378,19.1051],"tipVelocity":[-8.68763,292.229,-73.9272],"tool":false,"touchDistance":0.333333,"touchZone":"none","type":3,"width":17.9862},{"bases":[[[0.915285,-0.395036,0.0787358],[0.332488,0.851272,0.40594],[-0.227387,-0.345372,0.910502]],[[0.931781,-0.363015,-0.00192687],[0.194796,0.504466,-0.841171],[0.306329,0.783412,0.540766]],[[0.931781,-0.363015,-0.00192687],[-0.276851,-0.707164,-0.650594],[0.234812,0.606745,-0.759423]],[[0.931781,-0.363015,-0.00192687],[-0.361718,-0.927978,-0.089541],[0.0307166,0.0841296,-0.995981]]],"btipPosition":[29.0475,197.666,21.3803],"carpPosition":[31.8022,218.553,61.0755],"dipPosition":[29.5743,199.109,4.299],"direction":[-0.234812,-0.606745,0.759423],"extended":false,"handId":420,"id":4204,"length":50.2569,"mcpPosition":[44.921,238.478,8.5452],"pipPosition":[34.1439,210.917,-10.4798],"stabilizedTipPosition":[29.193,197.583,17.6393],"timeVisible":0.339366,"tipPosition":[29.1479,197.46,17.293],"tipVelocity":[-12.2537,303.161,-81.8728],"tool":false,"touchDistance":0.333333,"touchZone":"none","type":4,"width":15.9768}],"r":[[0.925555,0.354513,0.132921],[-0.355383,0.934549,-0.017928],[-0.130577,-0.0306446,0.990964]],"s":1.0372,"t":[0.530492,118.965,-69.2185],"timestamp":88920840582},false],[6,{"currentFrameRate":48.7629,"devices":[],"gestures":[],"hands":[{"armBasis":[[0.991065,0.0570416,-0.120568],[-0.0339562,0.982057,0.1855],[0.128986,-0.179748,0.97522]],"armWidth":63.3998,"confidence":0.811429,"direction":[-0.0433438,0.444858,-0.894552],"elbow":[51.097,170.109,328.928],"grabStrength":0.727873,"id":420,"palmNormal":[0.0230196,-0.894711,-0.446052],"palmPosition":[6.64059,238.15,17.1777],"palmVelocity":[-36.6446,292.833,-88.5064],"palmWidth":90.5328,"pinchStrength":0.514236,"r":[[0.918761,0.371167,0.134585],[-0.371564,0.92812,-0.023094],[-0.133483,-0.0287893,0.990633]],"s":1.04245,"sphereCenter":[13.7211,212.94,-16.145],"sphereRadius":44.7369,"stabilizedPalmPosition":[6.72285,237.488,17.3658],"t":[-0.24496,125.215,-71.1117],"timeVisible":0.358286,"type":"right","wrist":[16.4458,218.397,66.9416]}],"id":1424644,"interactionBox":{"center":[0,200,0],"size":[235.247,235.247,147.751]},"pointables":[{"bases":[[[0.372865,0.903126,0.212921],[-0.797203,0.194383,0.571561],[0.474804,-0.382856,0.792454]],[[0.272285,0.960754,0.0530337],[-0.870332,0.222404,0.439385],[0.410346,-0.165795,0.896732]],[[0.272285,0.960754,0.0530337],[-0.949329,0.27722,-0.148067],[-0.156958,-0.0100301,0.987554]],[[0.272285,0.960754,0.0530337],[-0.743851,0.245134,-0.621767],[-0.610366,0.129848,0.781405]]],"btipPosition":[-12.3329,211.687,-30.2319],"carpPosition":[-11.49,206.135,66.0037],"dipPosition":[-26.5458,214.71,-12.0362],"direction":[0.156958,0.0100301,-0.987554],"extended":false,"handId":420,"id":4200,"length":51.8545,"mcpPosition":[-11.49,206.135,66.0037],"pipPosition":[-31.8705,214.37,21.4659],"stabilizedTipPosition":[-15.5635,211.735,-25.9043],"timeVisible":0.358286,"tipPosition":[-16.0163,211.308,-26.2662],"tipVelocity":[-9.43594,286.799,-75.6196],"tool":false,"touchDistance":0.235122,"touchZone":"hovering","type":0,"width":20.1482},{"bases":[[[0.977338,0.114051,-0.178332],[-0.0539799,0.948871,0.311014],[0.204685,-0.294339,0.933525]],[[0.998444,0.0469312,0.0301089],[-0.0555515,0.883789,0.464576],[-0.0048068,-0.465526,0.885021]],[[0.998444,0.0469312,0.0301089],[-0.0336451,0.93768,-0.345867],[-0.0444645,0.344316,0.9378]],[[0.998444,0.0469312,0.0301089],[0.00323294,0.490348,-0.871521],[-0.0556653,0.870262,0.489434]]],"btipPosition":[-17.146,246.969,-72.1103],"carpPosition":[-4.38412,228.599,64.9286],"dipPosition":[-18.0923,261.764,-63.79],"direction":[0.0444645,-0.344316,-0.9378],"extended":true,"handId":420,"id":4201,"length":58.512,"mcpPosition":[-19.3671,250.144,-3.40531],"pipPosition":[-19.1616,270.044,-41.2369],"stabilizedTipPosition":[-17.103,249.195,-69.8844],"timeVisible":0.358286,"tipPosition":[-16.9403,248.726,-69.9113],"tipVelocity":[-59.5453,312.844,-94.3747],"tool":false,"touchDistance":0.162659,"touchZone":"hovering","type":1,"width":19.2456},{"bases":[[[0.990793,-0.0902052,-0.100959],[0.116535,0.9478,0.296807],[0.0689156,-0.305839,0.949586]],[[0.992849,-0.103383,-0.0596855],[-0.00333599,0.475759,-0.879569],[0.119328,0.873479,0.472012]],[[0.992849,-0.103383,-0.0596855],[-0.11878,-0.805681,-0.580318],[0.0119075,0.583258,-0.8122]],[[0.992849,-0.103383,-0.0596855],[-0.102594,-0.994592,0.0161429],[-0.0610316,-0.00990409,-0.998087]]],"btipPosition":[-2.45302,194.784,15.8341],"carpPosition":[7.24946,231.761,62.7469],"dipPosition":[-3.59417,194.598,-2.82772],"direction":[-0.0119075,-0.583258,0.8122],"extended":false,"handId":420,"id":4202,"length":66.6698,"mcpPosition":[2.46552,252.991,-3.17086],"pipPosition":[-3.25726,211.101,-25.8077],"stabilizedTipPosition":[-2.6833,194.317,11.5865],"timeVisible":0.358286,"tipPosition":[-2.80451,194.877,10.8071],"tipVelocity":[-12.8987,290.671,-42.12],"tool":false,"touchDistance":0.333333,"touchZone":"none","type":2,"width":18.9017},{"bases":[[[0.978512,-0.20542,0.0177952],[0.189162,0.928701,0.318955],[-0.082046,-0.308735,0.947603]],[[0.980887,-0.193793,-0.0174655],[0.0736922,0.453063,-0.888427],[0.180084,0.87016,0.458685]],[[0.980887,-0.193793,-0.0174655],[-0.16969,-0.808042,-0.564157],[0.0952171,0.556338,-0.825482]],[[0.980887,-0.193793,-0.0174655],[-0.193343,-0.980823,0.0245948],[-0.0218969,-0.0207479,-0.999545]]],"btipPosition":[14.2395,197.373,22.8935],"carpPosition":[19.349,231.762,61.0097],"dipPosition":[13.8324,196.987,4.31187],"direction":[-0.0952171,-0.556338,0.825482],"extended":false,"handId":420,"id":4203,"length":64.1047,"mcpPosition":[24.4625,251.004,1.95012],"pipPosition":[16.4569,212.321,-18.4407],"stabilizedTipPosition":[14.1735,196.979,18.6997],"timeVisible":0.358286,"tipPosition":[14.1974,197.114,17.6938],"tipVelocity":[-18.2443,297.438,-75.1921],"tool":false,"touchDistance":0.333333,"touchZone":"none","type":3,"width":17.9862},{"bases":[[[0.917644,-0.390377,0.0744035],[0.331057,0.854496,0.400297],[-0.219844,-0.342698,0.91336]],[[0.933001,-0.359858,-0.00344656],[0.187581,0.494468,-0.848714],[0.30712,0.791204,0.528841]],[[0.933001,-0.359858,-0.00344656],[-0.279105,-0.717522,-0.638172],[0.227178,0.596377,-0.769886]],[[0.933001,-0.359858,-0.00344656],[-0.359077,-0.930255,-0.0754335],[0.0239391,0.0716171,-0.997145]]],"btipPosition":[28.4779,203.647,20.2203],"carpPosition":[31.4307,224.545,59.4374],"dipPosition":[28.8884,204.875,3.11908],"direction":[-0.227178,-0.596377,0.769886],"extended":false,"handId":420,"id":4204,"length":50.2569,"mcpPosition":[44.1144,244.317,6.74214],"pipPosition":[33.3094,216.481,-11.8633],"stabilizedTipPositio