{"sensorType":"Leap","data":[[0,{"currentFrameRate":52.7848,"devices":[],"gestures":[],"hands":[{"armBasis":[[0.842461,-0.473095,-0.257762],[0.522576,0.833942,0.177357],[0.131052,-0.284116,0.949791]],"armWidth":62.9686,"confidence":0.81806,"direction":[0.268282,0.504297,-0.820798],"elbow":[33.7115,82.7458,300.468],"grabStrength":0,"id":410,"palmNormal":[-0.451988,-0.686535,-0.569541],"palmPosition":[4.72314,186.478,1.14581],"palmVelocity":[0.484374,2.21887,4.78891],"palmWidth":89.917,"pinchStrength":0.688771,"r":[[0.933286,-0.0207773,0.358533],[-0.0191699,0.99402,0.107505],[-0.358623,-0.107206,0.927306]],"s":1.24277,"sphereCenter":[-12.1646,166.044,-36.4841],"sphereRadius":44.2444,"stabilizedPalmPosition":[2.28136,190.258,-0.921309],"t":[15.4911,7.146,-161.844],"timeVisible":12.5547,"type":"right","wrist":[-1.25528,158.553,47.048]}],"id":1417728,"interactionBox":{"center":[0,200,0],"size":[235.247,235.247,147.751]},"pointables":[{"bases":[[[0.79895,0.50169,0.331643],[-0.587224,0.53176,0.610246],[0.1298,-0.682304,0.719453]],[[0.725448,0.680158,0.105399],[-0.61974,0.57889,0.529914],[0.299411,-0.449745,0.841476]],[[0.725448,0.680158,0.105399],[-0.672521,0.733059,-0.101683],[-0.146425,0.00288273,0.989218]],[[0.725448,0.680158,0.105399],[-0.234963,0.388667,-0.890916],[-0.646929,0.621549,0.44177]]],"btipPosition":[-25.8271,171.99,-40.0787],"carpPosition":[-30.9529,164.276,44.9777],"dipPosition":[-40.789,186.365,-29.8616],"direction":[0.146425,-0.00288273,-0.989218],"extended":false,"handId":410,"id":4100,"length":51.5018,"mcpPosition":[-30.9529,164.276,44.9777],"pipPosition":[-45.7225,186.462,3.46858],"stabilizedTipPosition":[-31.5029,178.311,-38.732],"timeVisible":12.5547,"tipPosition":[-29.0757,175.591,-37.6045],"tipVelocity":[0.405385,2.09143,3.31753],"tool":false,"touchDistance":0.339693,"touchZone":"hovering","type":0,"width":20.0112},{"bases":[[[0.883692,-0.431679,-0.180944],[0.46503,0.765731,0.4443],[-0.053241,-0.476769,0.877415]],[[0.88078,-0.450797,-0.144947],[0.463208,0.883783,0.066073],[0.0983162,-0.125336,0.987231]],[[0.88078,-0.450797,-0.144947],[0.434475,0.891076,-0.131203],[0.188305,0.052585,0.980702]],[[0.88078,-0.450797,-0.144947],[0.404117,0.875141,-0.266116],[0.246813,0.175814,0.952981]]],"btipPosition":[-21.5702,214.459,-98.2634],"carpPosition":[-12.6019,178.7,46.9548],"dipPosition":[-17.403,217.427,-82.1731],"direction":[-0.188305,-0.0525851,-0.980702],"extended":true,"handId":410,"id":4101,"length":58.114,"mcpPosition":[-8.73118,213.362,-16.8351],"pipPosition":[-12.9053,218.683,-58.7487],"stabilizedTipPosition":[-20.8981,216.094,-95.4181],"timeVisible":12.5547,"tipPosition":[-20.0121,216.411,-94.5173],"tipVelocity":[0.570647,0.670655,6.31092],"tool":false,"touchDistance":-0.178421,"touchZone":"touching","type":1,"width":19.1147},{"bases":[[[0.776064,-0.616295,-0.133812],[0.606452,0.671074,0.426469],[-0.173033,-0.412117,0.89455]],[[0.776814,-0.614483,-0.13773],[0.250218,0.501895,-0.827945],[0.577884,0.608697,0.543634]],[[0.776814,-0.614483,-0.13773],[-0.530164,-0.520133,-0.669617],[0.339831,0.593188,-0.729824]],[[0.776814,-0.614483,-0.13773],[-0.629413,-0.764561,-0.138873],[-0.0199677,0.194568,-0.980686]]],"btipPosition":[-25.9262,154.207,-3.83541],"carpPosition":[-1.15146,175.069,45.0133],"dipPosition":[-26.297,157.82,-22.0471],"direction":[-0.339831,-0.593188,0.729824],"extended":false,"handId":410,"id":4102,"length":66.2163,"mcpPosition":[10.7783,203.483,-16.6616],"pipPosition":[-16.7474,174.489,-42.556],"stabilizedTipPosition":[-27.4333,156.628,-8.77365],"timeVisible":12.5547,"tipPosition":[-26.0073,154.918,-8.12967],"tipVelocity":[-0.403239,6.95456,1.31296],"tool":false,"touchDistance":0.333333,"touchZone":"none","type":2,"width":18.7732},{"bases":[[[0.694202,-0.719047,-0.0324785],[0.654524,0.611848,0.444118],[-0.29947,-0.329565,0.89538]],[[0.703506,-0.708035,-0.0613618],[0.34288,0.413775,-0.843341],[0.622505,0.572256,0.533864]],[[0.703506,-0.708035,-0.0613618],[-0.561153,-0.500425,-0.659304],[0.436103,0.498258,-0.749369]],[[0.703506,-0.708035,-0.0613618],[-0.70899,-0.693238,-0.129437],[0.0491076,0.134565,-0.989687]]],"btipPosition":[-12.8891,147.565,2.84179],"carpPosition":[8.90374,168.555,43.051],"dipPosition":[-11.9824,150.049,-15.4315],"direction":[-0.436103,-0.498258,0.749369],"extended":false,"handId":410,"id":4103,"length":63.6687,"mcpPosition":[27.4413,188.956,-12.3741],"pipPosition":[-0.0439787,163.689,-35.9457],"stabilizedTipPosition":[-14.2492,151.385,-3.17548],"timeVisible":12.5547,"tipPosition":[-12.828,148.068,-1.58997],"tipVelocity":[1.54781,4.79267,4.84849],"tool":false,"touchDistance":0.333333,"touchZone":"none","type":3,"width":17.8639},{"bases":[[[0.537123,-0.843503,-0.00156139],[0.725484,0.461025,0.511008],[-0.430317,-0.275607,0.859575]],[[0.507874,-0.859701,0.0545771],[0.54862,0.273955,-0.789914],[0.664138,0.431119,0.610784]],[[0.507874,-0.859701,0.0545771],[-0.566774,-0.381193,-0.730382],[0.648715,0.340009,-0.680855]],[[0.507874,-0.859701,0.0545771],[-0.83317,-0.50632,-0.222413],[0.218842,0.0674858,-0.973424]]],"btipPosition":[0.120709,149.175,-0.62831],"carpPosition":[14.9355,156.167,40.2282],"dipPosition":[3.84836,150.324,-17.2092],"direction":[-0.648715,-0.340009,0.680855],"extended":false,"handId":410,"id":4104,"length":49.9151,"mcpPosition":[39.5933,171.96,-9.02667],"pipPosition":[16.3868,156.896,-30.3688],"stabilizedTipPosition":[-0.38518,153.844,-6.73778],"timeVisible":12.5547,"tipPosition":[0.916369,149.43,-4.43516],"tipVelocity":[0.898625,3.51646,4.69587],"tool":false,"touchDistance":0.333333,"touchZone":"none","type":4,"width":15.8681}],"r":[[0.933286,-0.0207773,0.358533],[-0.0191699,0.99402,0.107505],[-0.358623,-0.107206,0.927306]],"s":1.24277,"t":[15.4911,7.146,-161.844],"timestamp":88793371832},true],[1,{"currentFrameRate":53.0822,"devices":[],"gestures":[],"hands":[{"armBasis":[[0.842176,-0.473306,-0.258304],[0.522988,0.833618,0.177663],[0.131238,-0.284714,0.949587]],"armWidth":62.9686,"confidence":0.818373,"direction":[0.268793,0.504852,-0.82029],"elbow":[33.7116,82.5737,300.45],"grabStrength":0.00506713,"id":410,"palmNormal":[-0.452172,-0.685818,-0.570258],"palmPosition":[4.7022,186.501,1.20811],"palmVelocity":[-0.296091,1.78662,4.18701],"palmWidth":89.917,"pinchStrength":0.689404,"r":[[0.933146,-0.0220366,0.35882],[-0.0182207,0.993937,0.108426],[-0.359034,-0.107716,0.927088]],"s":1.24195,"sphereCenter":[-12.1456,166.047,-36.4341],"sphereRadius":44.2221,"stabilizedPalmPosition":[2.28612,190.25,-0.917125],"t":[15.4844,7.1775,-161.769],"timeVisible":12.5725,"type":"right","wrist":[-1.30468,158.54,47.0849]}],"id":1417729,"interactionBox":{"center":[0,200,0],"size":[235.247,235.247,147.751]},"pointables":[{"bases":[[[0.79911,0.500993,0.332309],[-0.587132,0.531549,0.610517],[0.129226,-0.68298,0.718915]],[[0.725464,0.680122,0.105526],[-0.619664,0.578711,0.530198],[0.299531,-0.45003,0.841281]],[[0.725464,0.680122,0.105526],[-0.672532,0.733095,-0.101353],[-0.146293,0.00255871,0.989238]],[[0.725464,0.680122,0.105526],[-0.2349,0.388787,-0.89088],[-0.646934,0.621513,0.441812]]],"btipPosition":[-25.8831,172.02,-40.0381],"carpPosition":[-30.9987,164.281,45.0104],"dipPosition":[-40.8451,186.394,-29.82],"direction":[0.146293,-0.00255871,-0.989238],"extended":false,"handId":410,"id":4100,"length":51.5018,"mcpPosition":[-30.9987,164.281,45.0104],"pipPosition":[-45.7742,186.48,3.51088],"stabilizedTipPosition":[-31.4975,178.304,-38.7294],"timeVisible":12.5725,"tipPosition":[-29.1223,175.627,-37.5669],"tipVelocity":[-1.26541,1.90658,2.83986],"tool":false,"touchDistance":0.33967,"touchZone":"hovering","type":0,"width":20.0112},{"bases":[[[0.883523,-0.431986,-0.181041],[0.465294,0.765113,0.445089],[-0.0537554,-0.477483,0.876995]],[[0.880586,-0.451148,-0.145032],[0.463246,0.883999,0.0628374],[0.0998592,-0.122519,0.98743]],[[0.880586,-0.451148,-0.145032],[0.43418,0.890721,-0.134547],[0.189884,0.0555105,0.980236]],[[0.880586,-0.451148,-0.145032],[0.403637,0.874406,-0.269242],[0.248285,0.178551,0.952089]]],"btipPosition":[-21.6998,214.268,-98.1647],"carpPosition":[-12.6408,178.693,47.0052],"dipPosition":[-17.5077,217.283,-82.0895],"direction":[-0.189884,-0.0555106,-0.980236],"extended":true,"handId":410,"id":4101,"length":58.114,"mcpPosition":[-8.73267,213.407,-16.7541],"pipPosition":[-12.9723,218.609,-58.6762],"stabilizedTipPosition":[-20.8968,216.085,-95.4105],"timeVisible":12.5725,"tipPosition":[-20.1299,216.237,-94.4279],"tipVelocity":[-2.96898,-4.39414,5.86521],"tool":false,"touchDistance":-0.176834,"touchZone":"touching","type":1,"width":19.1147},{"bases":[[[0.775784,-0.616585,-0.134098],[0.606672,0.670397,0.42722],[-0.173519,-0.412784,0.894148]],[[0.776414,-0.615068,-0.137374],[0.251312,0.50206,-0.827513],[0.577947,0.607969,0.544381]],[[0.776414,-0.615068,-0.137374],[-0.530418,-0.520028,-0.669498],[0.340349,0.592674,-0.730001]],[[0.776414,-0.615068,-0.137374],[-0.629906,-0.764276,-0.138206],[-0.0199855,0.193838,-0.98083]]],"btipPosition":[-25.9501,154.305,-3.78483],"carpPosition":[-1.19165,175.058,45.0642],"dipPosition":[-26.3213,157.904,-21.9992],"direction":[-0.340349,-0.592674,0.73],"extended":false,"handId":410,"id":4102,"length":66.2163,"mcpPosition":[10.7717,203.518,-16.5831],"pipPosition":[-16.7571,174.559,-42.513],"stabilizedTipPosition":[-27.4184,156.612,-8.76513],"timeVisible":12.5725,"tipPosition":[-26.0355,154.998,-8.08579],"tipVelocity":[-0.847605,6.18718,2.01685],"tool":false,"touchDistance":0.333333,"touchZone":"none","type":2,"width":18.7732},{"bases":[[[0.693838,-0.719381,-0.0328764],[0.654707,0.611131,0.444834],[-0.299913,-0.330167,0.89501]],[[0.703201,-0.708292,-0.0618918],[0.343166,0.414357,-0.842938],[0.622692,0.571516,0.534438]],[[0.703201,-0.708292,-0.0618918],[-0.561623,-0.499981,-0.659241],[0.43599,0.498339,-0.74938]],[[0.703201,-0.708292,-0.0618918],[-0.709331,-0.692951,-0.129108],[0.0485579,0.13469,-0.989697]]],"btipPosition":[-12.8997,147.615,2.88822],"carpPosition":[8.86076,168.541,43.0994],"dipPosition":[-12.0031,150.102,-15.3852],"direction":[-0.43599,-0.498339,0.74938],"extended":false,"handId":410,"id":4103,"length":63.6687,"mcpPosition":[27.4258,188.978,-12.3028],"pipPosition":[-0.0677743,163.744,-35.8997],"stabilizedTipPosition":[-14.2423,151.371,-3.16732],"timeVisible":12.5725,"tipPosition":[-12.8471,148.115,-1.54566],"tipVelocity":[0.480645,3.89905,3.7983],"tool":false,"touchDistance":0.333333,"touchZone":"none","type":3,"width":17.8639},{"bases":[[[0.536684,-0.84378,-0.00211229],[0.725568,0.460215,0.511618],[-0.430721,-0.27611,0.859211]],[[0.507666,-0.859889,0.0535312],[0.547792,0.274203,-0.790403],[0.664981,0.430585,0.610244]],[[0.507666,-0.859889,0.0535312],[-0.56864,-0.381098,-0.728981],[0.647244,0.339639,-0.682438]],[[0.507666,-0.859889,0.0535312],[-0.833903,-0.506038,-0.220299],[0.216521,0.0671984,-0.973962]]],"btipPosition":[0.133824,149.219,-0.509066],"carpPosition":[14.887,156.152,40.2679],"dipPosition":[3.82195,150.363,-17.0991],"direction":[-0.647243,-0.339639,0.682438],"extended":false,"handId":410,"id":4104,"length":49.9151,"mcpPosition":[39.5679,171.974,-8.96608],"pipPosition":[16.332,156.928,-30.2893],"stabilizedTipPosition":[-0.381357,153.832,-6.73104],"timeVisible":12.5725,"tipPosition":[0.907444,149.469,-4.35272],"tipVelocity":[0.583115,3.00504,5.58623],"tool":false,"touchDistance":0.333333,"touchZone":"none","type":4,"width":15.8681}],"r":[[0.933146,-0.0220366,0.35882],[-0.0182207,0.993937,0.108426],[-0.359034,-0.107716,0.927088]],"s":1.24195,"t":[15.4844,7.1775,-161.769],"timestamp":88793389599},true],[2,{"currentFrameRate":53.2824,"devices":[],"gestures":[],"hands":[{"armBasis":[[0.841936,-0.473484,-0.25876],[0.523335,0.833345,0.177922],[0.131394,-0.285217,0.949414]],"armWidth":62.9686,"confidence":0.823659,"direction":[0.269225,0.505318,-0.819861],"elbow":[33.7116,82.4288,300.435],"grabStrength":0.00927296,"id":410,"palmNormal":[-0.452326,-0.685213,-0.570863],"palmPosition":[4.68455,186.521,1.26063],"palmVelocity":[-0.619703,1.44977,3.58065],"palmWidth":89.917,"pinchStrength":0.691237,"r":[[0.933014,-0.0231772,0.359094],[-0.01738,0.993856,0.109305],[-0.359421,-0.108224,0.926879]],"s":1.2413,"sphereCenter":[-12.1548,166.098,-36.385],"sphereRadius":44.2084,"stabilizedPalmPosition":[2.28901,190.246,-0.914494],"t":[15.4723,7.20297,-161.705],"timeVisible":12.5906,"type":"right","wrist":[-1.34635,158.529,47.1159]}],"id":1417730,"interactionBox":{"center":[0,200,0],"size":[235.247,235.247,147.751]},"pointables":[{"bases":[[[0.799244,0.500405,0.332871],[-0.587055,0.531371,0.610746],[0.128742,-0.683549,0.718461]],[[0.725307,0.680331,0.10526],[-0.619571,0.578436,0.530606],[0.300102,-0.450068,0.841057]],[[0.725307,0.680331,0.10526],[-0.672733,0.7329,-0.10143],[-0.146151,0.00275611,0.989259]],[[0.725307,0.680331,0.10526],[-0.233778,0.38722,-0.891857],[-0.647517,0.622263,0.4399]]],"btipPosition":[-25.9412,172.002,-39.956],"carpPosition":[-31.0373,164.285,45.0379],"dipPosition":[-40.9167,186.393,-29.7822],"direction":[0.146151,-0.00275611,-0.989259],"extended":false,"handId":410,"id":4100,"length":51.5018,"mcpPosition":[-31.0373,164.285,45.0379],"pipPosition":[-45.841,186.486,3.54945],"stabilizedTipPosition":[-31.4937,178.299,-38.7274],"timeVisible":12.5906,"tipPosition":[-29.1737,175.629,-37.5135],"tipVelocity":[-2.27462,0.62698,3.38354],"tool":false,"touchDistance":0.340115,"touchZone":"hovering","type":0,"width":20.0112},{"bases":[[[0.883379,-0.432245,-0.181123],[0.465515,0.764591,0.445753],[-0.0541895,-0.478085,0.87664]],[[0.880427,-0.451421,-0.145146],[0.463358,0.884063,0.0610956],[0.100738,-0.121045,0.987522]],[[0.880427,-0.451421,-0.145146],[0.434184,0.890511,-0.13592],[0.190611,0.0566472,0.98003]],[[0.880427,-0.451421,-0.145146],[0.403635,0.874108,-0.270211],[0.248852,0.179315,0.951798]]],"btipPosition":[-21.7653,214.204,-98.0905],"carpPosition":[-12.6736,178.688,47.0477],"dipPosition":[-17.5636,217.231,-82.0202],"direction":[-0.190611,-0.0566472,-0.98003],"extended":true,"handId":410,"id":4101,"length":58.114,"mcpPosition":[-8.73391,213.445,-16.6858],"pipPosition":[-13.0108,218.584,-58.6118],"stabilizedTipPosition":[-20.8961,216.076,-95.4031],"timeVisible":12.5906,"tipPosition":[-20.2008,216.152,-94.3579],"tipVelocity":[-3.22431,-3.92699,5.00239],"tool":false,"touchDistance":-0.175616,"touchZone":"touching","type":1,"width":19.1147},{"bases":[[[0.775547,-0.61683,-0.134339],[0.606857,0.669826,0.427853],[-0.173929,-0.413345,0.893809]],[[0.77606,-0.615601,-0.136989],[0.252318,0.50215,-0.827152],[0.577985,0.607355,0.545026]],[[0.77606,-0.615601,-0.136989],[-0.53068,-0.520075,-0.669253],[0.340749,0.592078,-0.730297]],[[0.77606,-0.615601,-0.136989],[-0.630338,-0.764075,-0.137343],[-0.0201216,0.192936,-0.981005]]],"btipPosition":[-25.9663,154.397,-3.73774],"carpPosition":[-1.22556,175.049,45.107],"dipPosition":[-26.3399,157.98,-21.9554],"direction":[-0.340749,-0.592078,0.730297],"extended":false,"handId":410,"id":4102,"length":66.2163,"mcpPosition":[10.766,203.547,-16.5169],"pipPosition":[-16.7646,174.618,-42.4775],"stabilizedTipPosition":[-27.4049,156.598,-8.75686],"timeVisible":12.5906,"tipPosition":[-26.057,155.072,-8.04545],"tipVelocity":[-0.885425,5.57357,2.27803],"tool":false,"touchDistance":0.333333,"touchZone":"none","type":2,"width":18.7732},{"bases":[[[0.69353,-0.719661,-0.0332119],[0.654861,0.610527,0.445437],[-0.300287,-0.330673,0.894697]],[[0.70293,-0.708525,-0.0622951],[0.342962,0.414373,-0.843014],[0.62311,0.571215,0.534273]],[[0.70293,-0.708525,-0.0622951],[-0.562416,-0.500079,-0.658491],[0.435405,0.497909,-0.750006]],[[0.70293,-0.708525,-0.0622951],[-0.709663,-0.692794,-0.128124],[0.0476214,0.134271,-0.9898]]],"btipPosition":[-12.8979,147.667,2.97465],"carpPosition":[8.8245,168.528,43.1402],"dipPosition":[-12.0187,150.146,-15.3007],"direction":[-0.435405,-0.497909,0.750006],"extended":false,"handId":410,"id":4103,"length":63.6687,"mcpPosition":[27.4127,188.998,-12.2427],"pipPosition":[-0.0993316,163.777,-35.8323],"stabilizedTipPosition":[-14.2374,151.361,-3.16113],"timeVisible":12.5906,"tipPosition":[-12.8552,148.161,-1.47631],"tipVelocity":[0.194241,3.36647,4.25688],"tool":false,"touchDistance":0.333333,"touchZone":"none","type":3,"width":17.8639},{"bases":[[[0.536315,-0.844014,-0.00257664],[0.725639,0.459532,0.512131],[-0.431062,-0.276533,0.858903]],[[0.50744,-0.860071,0.0527436],[0.546571,0.273947,-0.791336],[0.666157,0.430384,0.609102]],[[0.50744,-0.860071,0.0527436],[-0.571021,-0.381479,-0.726917],[0.645321,0.338749,-0.684697]],[[0.50744,-0.860071,0.0527436],[-0.834776,-0.505848,-0.217409],[0.213668,0.066293,-0.974655]]],"btipPosition":[0.157082,149.27,-0.362624],"carpPosition":[14.846,156.139,40.3014],"dipPosition":[3.79659,150.399,-16.9644],"direction":[-0.645321,-0.338749,0.684697],"extended":false,"handId":410,"id":4104,"length":49.9151,"mcpPosition":[39.5465,171.985,-8.915],"pipPosition":[16.2695,156.946,-30.1984],"stabilizedTipPosition":[-0.379057,153.825,-6.72677],"timeVisible":12.5906,"tipPosition":[0.907356,149.509,-4.25388],"tipVelocity":[0.62393,2.82754,6.71446],"tool":false,"touchDistance":0.333333,"touchZone":"none","type":4,"width":15.8681}],"r":[[0.933014,-0.0231772,0.359094],[-0.01738,0.993856,0.109305],[-0.359421,-0.108224,0.926879]],"s":1.2413,"t":[15.4723,7.20297,-161.705],"timestamp":88793407649},true],[3,{"currentFrameRate":53.4334,"devices":[],"gestures":[],"hands":[{"armBasis":[[0.841735,-0.473634,-0.259138],[0.523602,0.833168,0.177965],[0.131615,-0.285484,0.949303]],"armWidth":62.9686,"confidence":0.825352,"direction":[0.269638,0.50578,-0.81944],"elbow":[33.7294,82.3467,300.43],"grabStrength":0.0122362,"id":410,"palmNormal":[-0.452388,-0.684675,-0.571459],"palmPosition":[4.66635,186.539,1.30605],"palmVelocity":[-0.801962,1.23316,3.06461],"palmWidth":89.917,"pinchStrength":0.692282,"r":[[0.932884,-0.0242012,0.359364],[-0.0166472,0.993777,0.110141],[-0.359793,-0.108731,0.926675]],"s":1.24084,"sphereCenter":[-12.1677,166.151,-36.3481],"sphereRadius":44.2002,"stabilizedPalmPosition":[2.2909,190.243,-0.912737],"t":[15.4571,7.22475,-161.651],"timeVisible":12.6087,"type":"right","wrist":[-1.3876,158.519,47.1407]}],"id":1417731,"interactionBox":{"center":[0,200,0],"size":[235.247,235.247,147.751]},"pointables":[{"bases":[[[0.799314,0.499911,0.333445],[-0.587057,0.531158,0.61093],[0.128299,-0.684076,0.718038]],[[0.725181,0.68047,0.105226],[-0.619534,0.57813,0.530983],[0.300484,-0.45025,0.840824]],[[0.725181,0.68047,0.105226],[-0.672909,0.732771,-0.101194],[-0.145966,0.00257612,0.989286]],[[0.725181,0.68047,0.105226],[-0.233496,0.386793,-0.892116],[-0.647759,0.622376,0.439382]]],"btipPosition":[-25.9993,172.015,-39.9136],"carpPosition":[-31.076,164.285,45.0577],"dipPosition":[-40.9805,186.409,-29.7517],"direction":[0.145966,-0.00257612,-0.989286],"extended":false,"handId":410,"id":4100,"length":51.5018,"mcpPosition":[-31.076,164.285,45.0577],"pipPosition":[-45.8986,186.496,3.58082],"stabilizedTipPosition":[-31.4902,178.294,-38.7255],"timeVisible":12.6087,"tipPosition":[-29.2221,175.646,-37.4819],"tipVelocity":[-2.74985,0.68674,2.80996],"tool":false,"touchDistance":0.340032,"touchZone":"hovering","type":0,"width":20.0112},{"bases":[[[0.883287,-0.43242,-0.181152],[0.465641,0.764133,0.446407],[-0.0546108,-0.478657,0.876302]],[[0.88033,-0.451559,-0.145306],[0.463412,0.884104,0.0600807],[0.101336,-0.120227,0.987561]],[[0.88033,-0.451559,-0.145306],[0.434218,0.890419,-0.136416],[0.190983,0.0569968,0.979937]],[[0.88033,-0.451559,-0.145306],[0.403727,0.874048,-0.27027],[0.249048,0.179263,0.951756]]],"btipPosition":[-21.8067,214.196,-98.0296],"carpPosition":[-12.708,178.681,47.0827],"dipPosition":[-17.6017,217.223,-81.96],"direction":[-0.190983,-0.0569968,-0.979937],"extended":true,"handId":410,"id":4101,"length":58.114,"mcpPosition":[-8.73772,213.48,-16.6262],"pipPosition":[-13.04,218.584,-58.5539],"stabilizedTipPosition":[-20.8958,216.069,-95.3966],"timeVisible":12.6087,"tipPosition":[-20.2481,216.119,-94.2989],"tipVelocity":[-2.7524,-2.25449,4.20938],"tool":false,"touchDistance":-0.174604,"touchZone":"touching","type":1,"width":19.1147},{"bases":[[[0.775379,-0.617001,-0.134525],[0.606955,0.669333,0.428485],[-0.174334,-0.413889,0.893479]],[[0.775804,-0.615985,-0.136713],[0.253256,0.50244,-0.826689],[0.577919,0.606725,0.545797]],[[0.775804,-0.615985,-0.136713],[-0.53074,-0.519884,-0.669355],[0.341238,0.591847,-0.730256]],[[0.775804,-0.615985,-0.136713],[-0.630656,-0.763868,-0.137034],[-0.0200197,0.192531,-0.981087]]],"btipPosition":[-25.9859,154.469,-3.71542],"carpPosition":[-1.26064,175.04,45.143],"dipPosition":[-26.3577,158.044,-21.9346],"direction":[-0.341238,-0.591847,0.730256],"extended":false,"handId":410,"id":4102,"length":66.2163,"mcpPosition":[10.7588,203.575,-16.4582],"pipPosition":[-16.7686,174.676,-42.4556],"stabilizedTipPosition":[-27.3925,156.586,-8.74895],"timeVisible":12.6087,"tipPosition":[-26.0787,155.133,-8.02311],"tipVelocity":[-0.967397,4.75962,1.76806],"tool":false,"touchDistance":0.333333,"touchZone":"none","type":2,"width":18.7732},{"bases":[[[0.693297,-0.719873,-0.0334913],[0.654935,0.610005,0.446042],[-0.300664,-0.331175,0.894385]],[[0.702728,-0.708697,-0.0626237],[0.343005,0.414598,-0.842886],[0.623314,0.57084,0.534436]],[[0.702728,-0.708697,-0.0626237],[-0.562892,-0.499995,-0.658147],[0.435115,0.497749,-0.750281]],[[0.702728,-0.708697,-0.0626237],[-0.709901,-0.692648,-0.127594],[0.0470496,0.134121,-0.989847]]],"btipPosition":[-12.9018,147.711,3.02969],"carpPosition":[8.7878,168.517,43.1747],"dipPosition":[-12.0331,150.187,-15.2465],"direction":[-0.435115,-0.497749,0.750281],"extended":false,"handId":410,"id":4103,"length":63.6687,"mcpPosition":[27.3993,189.017,-12.1889],"pipPosition":[-0.121715,163.813,-35.7857],"stabilizedTipPosition":[-14.2337,151.354,-3.15639],"timeVisible":12.6087,"tipPosition":[-12.8655,148.2,-1.42944],"tipVelocity":[-0.0641153,2.87915,3.66528],"tool":false,"touchDistance":0.333333,"touchZone":"none","type":3,"width":17.8639},{"bases":[[[0.536031,-0.844193,-0.00298655],[0.725642,0.458942,0.512656],[-0.43141,-0.276967,0.858589]],[[0.507147,-0.860272,0.0522918],[0.545733,0.273576,-0.792043],[0.667066,0.430219,0.608222]],[[0.507147,-0.860272,0.0522918],[-0.572829,-0.381783,-0.725333],[0.643948,0.337896,-0.686409]],[[0.507147,-0.860272,0.0522918],[-0.835474,-0.505613,-0.215263],[0.211624,0.0654817,-0.975155]]],"btipPosition":[0.166551,149.319,-0.244312],"carpPosition":[14.806,156.128,40.3293],"dipPosition":[3.77126,150.434,-16.8546],"direction":[-0.643948,-0.337896,0.686409],"extended":false,"handId":410,"id":4104,"length":49.9151,"mcpPosition":[39.5264,171.998,-8.86904],"pipPosition":[16.2176,156.965,-30.1217],"stabilizedTipPosition":[-0.377671,153.821,-6.72409],"timeVisible":12.6087,"tipPosition":[0.901942,149.547,-4.17202],"tipVelocity":[0.364748,2.68839,6.56527],"tool":false,"touchDistance":0.333333,"touchZone":"none","type":4,"width":15.8681}],"r":[[0.932884,-0.0242012,0.359364],[-0.0166472,0.993777,0.110141],[-0.359793,-0.108731,0.926675]],"s":1.24084,"t":[15.4571,7.22475,-161.651],"timestamp":88793425824},true],[4,{"currentFrameRate":53.6173,"devices":[],"gestures":[],"hands":[{"armBasis":[[0.841566,-0.47376,-0.259457],[0.523801,0.833075,0.177816],[0.131905,-0.285548,0.949244]],"armWidth":62.9686,"confidence":0.812629,"direction":[0.270042,0.506124,-0.819095],"elbow":[33.7567,82.3246,300.438],"grabStrength":0.0157271,"id":410,"palmNormal":[-0.452375,-0.684269,-0.571955],"palmPosition":[4.63875,186.555,1.34616],"palmVelocity":[-1.14848,1.07759,2.66883],"palmWidth":89.917,"pinchStrength":0.692433,"r":[[0.932754,-0.025105,0.359639],[-0.0160172,0.993702,0.110909],[-0.360158,-0.109211,0.926477]],"s":1.24049,"sphereCenter":[-12.175,166.176,-36.3147],"sphereRadius":44.1915,"stabilizedPalmPosition":[2.2923,190.241,-0.911383],"t":[15.4357,7.24378,-161.603],"timeVisible":12.6267,"type":"right","wrist":[-1.43769,158.513,47.1646]}],"id":1417732,"interactionBox":{"center":[0,200,0],"size":[235.247,235.247,147.751]},"pointables":[{"bases":[[[0.799332,0.499536,0.333964],[-0.587123,0.531001,0.611003],[0.127883,-0.684472,0.717735]],[[0.725067,0.680587,0.105256],[-0.619556,0.577893,0.531216],[0.300712,-0.450379,0.840673]],[[0.725067,0.680587,0.105256],[-0.673071,0.732663,-0.100898],[-0.145787,0.00231316,0.989313]],[[0.725067,0.680587,0.105256],[-0.233721,0.386946,-0.891991],[-0.647806,0.622153,0.439629]]],"btipPosition":[-26.0635,172.039,-39.8958],"carpPosition":[-31.1239,164.289,45.0747],"dipPosition":[-41.0457,186.427,-29.7282],"direction":[0.145787,-0.00231316,-0.989313],"extended":false,"handId":410,"id":4100,"length":51.5018,"mcpPosition":[-31.1239,164.289,45.0747],"pipPosition":[-45.9577,186.505,3.60522],"stabilizedTipPosition":[-31.4862,178.288,-38.7231],"timeVisible":12.6267,"tipPosition":[-29.2756,175.667,-37.464],"tipVelocity":[-3.14175,0.956908,1.98136],"tool":false,"touchDistance":0.339648,"touchZone":"hovering","type":0,"width":20.0112},{"bases":[[[0.883236,-0.432557,-0.181077],[0.46569,0.763787,0.446947],[-0.0550261,-0.479086,0.876042]],[[0.880263,-0.451703,-0.145262],[0.4634,0.884209,0.0586142],[0.101966,-0.11891,0.987655]],[[0.880263,-0.451703,-0.145262],[0.434127,0.890275,-0.137638],[0.191495,0.0580954,0.979773]],[[0.880263,-0.451703,-0.145262],[0.403635,0.873803,-0.271196],[0.24943,0.180091,0.9515]]],"btipPosition":[-21.8668,214.129,-97.9761],"carpPosition":[-12.7529,178.678,47.113],"dipPosition":[-17.6553,217.17,-81.9109],"direction":[-0.191495,-0.0580954,-0.979773],"extended":true,"handId":410,"id":4101,"length":58.114,"mcpPosition":[-8.75238,213.509,-16.577],"pipPosition":[-13.0814,218.557,-58.5086],"stabilizedTipPosition":[-20.8958,216.062,-95.3899],"timeVisible":12.6267,"tipPosition":[-20.3129,216.037,-94.2492],"tipVelocity":[-2.99136,-2.87439,3.59773],"tool":false,"touchDistance":-0.173729,"touchZone":"touching","type":1,"width":19.1147},{"bases":[[[0.775264,-0.617133,-0.134578],[0.606986,0.668959,0.429025],[-0.174738,-0.414295,0.893211]],[[0.775601,-0.616331,-0.136305],[0.254042,0.502461,-0.826436],[0.577846,0.606357,0.546283]],[[0.775601,-0.616331,-0.136305],[-0.530776,-0.519917,-0.6693],[0.341644,0.591457,-0.730382]],[[0.775601,-0.616331,-0.136305],[-0.630911,-0.763728,-0.136645],[-0.0198811,0.191978,-0.981198]]],"btipPosition":[-26.0137,154.531,-3.68221],"carpPosition":[-1.3058,175.035,45.1753],"dipPosition":[-26.3829,158.096,-21.9034],"direction":[-0.341644,-0.591457,0.730382],"extended":false,"handId":410,"id":4102,"length":66.2163,"mcpPosition":[10.7416,203.599,-16.4074],"pipPosition":[-16.7824,174.717,-42.428],"stabilizedTipPosition":[-27.3815,156.576,-8.7415],"timeVisible":12.6267,"tipPosition":[-26.1078,155.185,-7.99472],"tipVelocity":[-1.22562,4.08692,1.79241],"tool":false,"touchDistance":0.333333,"touchZone":"none","type":2,"width":18.7732},{"bases":[[[0.693123,-0.720035,-0.0336244],[0.654944,0.60961,0.446568],[-0.301047,-0.331549,0.894118]],[[0.702592,-0.708814,-0.0628308],[0.342832,0.414547,-0.842981],[0.623563,0.570731,0.534261]],[[0.702592,-0.708814,-0.0628308],[-0.563507,-0.500288,-0.657398],[0.434539,0.497288,-0.75092]],[[0.702592,-0.708814,-0.0628308],[-0.710091,-0.692638,-0.126583],[0.0462051,0.133552,-0.989964]]],"btipPosition":[-12.9039,147.756,3.10597],"carpPosition":[8.74161,168.511,43.2071],"dipPosition":[-12.0508,150.221,-15.1724],"direction":[-0.434539,-0.497288,0.75092],"extended":false,"handId":410,"id":4103,"length":63.6687,"mcpPosition":[27.3768,189.034,-12.14],"pipPosition":[-0.155171,163.835,-35.7291],"stabilizedTipPosition":[-14.2312,151.349,-3.15292],"timeVisible":12.6267,"tipPosition":[-12.8767,148.238,-1.3679],"tipVelocity":[-0.18362,2.63912,3.92402],"tool":false,"touchDistance":0.333333,"touchZone":"none","type":3,"width":17.8639},{"bases":[[[0.535814,-0.84433,-0.00323471],[0.72559,0.458495,0.513129],[-0.431767,-0.277289,0.858305]],[[0.506923,-0.860422,0.0519965],[0.545347,0.273411,-0.792366],[0.667552,0.430024,0.607827]],[[0.506923,-0.860422,0.0519965],[-0.573842,-0.381865,-0.724489],[0.643222,0.337422,-0.687322]],[[0.506923,-0.860422,0.0519965],[-0.835889,-0.505409,-0.214129],[0.21052,0.0650835,-0.975421]]],"btipPosition":[0.154445,149.354,-0.163956],"carpPosition":[14.7575,156.122,40.3574],"dipPosition":[3.74035,150.463,-16.7788],"direction":[-0.643222,-0.337422,0.687322],"extended":false,"handId":410,"id":4104,"length":49.9151,"mcpPosition":[39.4984,172.011,-8.82467],"pipPosition":[16.1726,156.985,-30.0635],"stabilizedTipPosition":[-0.376824,153.818,-6.72238],"timeVisible":12.6267,"tipPosition":[0.882016,149.577,-4.11199],"tipVelocity":[-0.240526,2.29923,5.54325],"tool":false,"touchDistance":0.333333,"touchZone":"none","type":4,"width":15.8681}],"r":[[0.932754,-0.025105,0.359639],[-0.0160172,0.993702,0.110909],[-0.360158,-0.109211,0.926477]],"s":1.24049,"t":[15.4357,7.24378,-161.603],"timestamp":88793443819},true],[5,{"currentFrameRate":53.7544,"devices":[],"gestures":[],"hands":[{"armBasis":[[0.841539,-0.473403,-0.260194],[0.523732,0.833019,0.178281],[0.132348,-0.286303,0.948955]],"armWidth":62.9686,"confidence":0.798987,"direction":[0.270247,0.506666,-0.818692],"elbow":[33.8045,82.1205,300.379],"grabStrength":0.0205937,"id":410,"palmNormal":[-0.452191,-0.683916,-0.572523],"palmPosition":[4.57996,186.583,1.38388],"palmVelocity":[-2.14634,1.28535,2.38948],"palmWidth":89.917,"pinchStrength":0.692518,"r":[[0.93263,-0.0258676,0.359906],[-0.0155273,0.993626,0.111651],[-0.3605,-0.109718,0.926284]],"s":1.24011,"sphereCenter":[-12.208,166.198,-36.2857],"sphereRadius":44.1759,"stabilizedPalmPosition":[2.29398,190.238,-0.909702],"t":[15.3956,7.26701,-161.561],"timeVisible":12.6448,"type":"right","wrist":[-1.50799,158.511,47.1824]}],"id":1417733,"interactionBox":{"center":[0,200,0],"size":[235.247,235.247,147.751]},"pointables":[{"bases":[[[0.799221,0.49935,0.334508],[-0.587312,0.530581,0.611186],[0.127712,-0.684933,0.717326]],[[0.724764,0.680894,0.105358],[-0.619732,0.577416,0.531528],[0.301079,-0.450526,0.840463]],[[0.724764,0.680894,0.105358],[-0.67344,0.73238,-0.100495],[-0.145588,0.00188289,0.989343]],[[0.724764,0.680894,0.105358],[-0.23426,0.387327,-0.891684],[-0.64795,0.621579,0.440227]]],"btipPosition":[-26.1549,172.071,-39.8869],"carpPosition":[-31.1939,164.286,45.0881],"dipPosition":[-41.1404,186.447,-29.7055],"direction":[0.145588,-0.00188289,-0.989343],"extended":false,"handId":410,"id":4100,"length":51.5018,"mcpPosition":[-31.1939,164.286,45.0881],"pipPosition":[-46.0458,186.51,3.629],"stabilizedTipPosition":[-31.4809,178.279,-38.7198],"timeVisible":12.6448,"tipPosition":[-29.3582,175.694,-37.451],"tipVelocity":[-4.06753,1.2803,1.35684],"tool":false,"touchDistance":0.339198,"touchZone":"hovering","type":0,"width":20.0112},{"bases":[[[0.883302,-0.432405,-0.181114],[0.465537,0.763515,0.447571],[-0.0552486,-0.479656,0.875716]],[[0.880339,-0.451481,-0.145491],[0.462979,0.88457,0.0564431],[0.103214,-0.117048,0.987748]],[[0.880339,-0.451481,-0.145491],[0.433444,0.890254,-0.139909],[0.19269,0.0601051,0.979417]],[[0.880339,-0.451481,-0.145491],[0.402811,0.873518,-0.273331],[0.250493,0.182019,0.950854]]],"btipPosition":[-22.0211,214.008,-97.9091],"carpPosition":[-12.824,178.675,47.1409],"dipPosition":[-17.7918,217.081,-81.8548],"direction":[-0.19269,-0.0601051,-0.979417],"extended":true,"handId":410,"id":4101,"length":58.114,"mcpPosition":[-8.80729,213.547,-16.5254],"pipPosition":[-13.1893,218.517,-58.461],"stabilizedTipPosition":[-20.897,216.051,-95.3806],"timeVisible":12.6448,"tipPosition":[-20.4598,215.914,-94.1903],"tipVelocity":[-5.51437,-4.49093,3.57922],"tool":false,"touchDistance":-0.172655,"touchZone":"touching","type":1,"width":19.1147},{"bases":[[[0.775326,-0.617016,-0.134765],[0.606842,0.668704,0.429626],[-0.174968,-0.414881,0.892894]],[[0.77558,-0.61641,-0.136067],[0.254619,0.502721,-0.826099],[0.57762,0.606061,0.54685]],[[0.77558,-0.61641,-0.136067],[-0.530673,-0.519949,-0.669358],[0.341851,0.591347,-0.730374]],[[0.77558,-0.61641,-0.136067],[-0.630938,-0.763742,-0.136437],[-0.0198193,0.191667,-0.98126]]],"btipPosition":[-26.0645,154.593,-3.65787],"carpPosition":[-1.3762,175.034,45.2039],"dipPosition":[-26.4326,158.153,-21.8802],"direction":[-0.341851,-0.591347,0.730374],"extended":false,"handId":410,"id":4102,"length":66.2163,"mcpPosition":[10.687,203.638,-16.357],"pipPosition":[-16.8262,174.77,-42.4045],"stabilizedTipPosition":[-27.3714,156.566,-8.73423],"timeVisible":12.6448,"tipPosition":[-26.1598,155.239,-7.97365],"tipVelocity":[-1.96943,3.73931,1.57183],"tool":false,"touchDistance":0.333333,"touchZone":"none","type":2,"width":18.7732},{"bases":[[[0.69316,-0.719986,-0.0339007],[0.654797,0.609346,0.447144],[-0.30128,-0.33214,0.893819]],[[0.702658,-0.708718,-0.0631664],[0.342697,0.41489,-0.842867],[0.623562,0.570601,0.534401]],[[0.702658,-0.708718,-0.0631664],[-0.563785,-0.500401,-0.657073],[0.434071,0.49731,-0.751175]],[[0.702658,-0.708718,-0.0631664],[-0.710064,-0.692754,-0.126101],[0.0456111,0.133458,-0.990004]]],"btipPosition":[-12.9353,147.8,3.15312],"carpPosition":[8.672,168.511,43.2342],"dipPosition":[-12.0932,150.264,-15.126],"direction":[-0.434071,-0.49731,0.751175],"extended":false,"handId":410,"id":4103,"length":63.6687,"mcpPosition":[27.3216,189.071,-12.0944],"pipPosition":[-0.210322,163.878,-35.6897],"stabilizedTipPosition":[-14.2291,151.345,-3.14995],"timeVisible":12.6448,"tipPosition":[-12.9138,148.278,-1.32776],"tipVelocity":[-0.986692,2.5271,3.2908],"tool":false,"touchDistance":0.333333,"touchZone":"none","type":3,"width":17.8639},{"bases":[[[0.535847,-0.844307,-0.00363498],[0.725431,0.45819,0.513626],[-0.431993,-0.277862,0.858006]],[[0.506941,-0.860436,0.0515807],[0.545004,0.273588,-0.79254],[0.667819,0.429883,0.607634]],[[0.506941,-0.860436,0.0515807],[-0.574606,-0.381932,-0.723848],[0.642525,0.337309,-0.688029]],[[0.506941,-0.860436,0.0515807],[-0.836128,-0.505401,-0.213213],[0.209525,0.0649583,-0.975643]]],"btipPosition":[0.120117,149.399,-0.101907],"carpPosition":[14.6892,156.124,40.3782],"dipPosition":[3.68907,150.505,-16.7206],"direction":[-0.642525,-0.337309,0.688029],"extended":false,"handId":410,"id":4104,"length":49.9151,"mcpPosition":[39.443,172.046,-8.7868],"pipPosition":[16.1079,157.025,-30.0189],"stabilizedTipPosition":[-0.37618,153.816,-6.72101],"timeVisible":12.6448,"tipPosition":[0.840479,149.617,-4.06572],"tipVelocity":[-1.13035,2.36531,4.51224],"tool":false,"touchDistance":0.333333,"touchZone":"none","type":4,"width":15.8681}],"r":[[0.93263,-0.0258676,0.359906],[-0.0155273,0.993626,0.111651],[-0.3605,-0.109718,0.926284]],"s":1.24011,"t":[15.3956,7.26701,-161.561],"timestamp":88793461935},true],[6,{"currentFrameRate":53.8793,"devices":[],"gestures":[],"hands":[{"armBasis":[[0.841522,-0.473088,-0.260823],[0.523644,0.83302,0.178533],[0.132809,-0.286818,0.948735]],"armWidth":62.9686,"confidence":0.803485,"direction":[0.270465,0.507178,-0.818303],"elbow":[33.8599,81.9809,300.333],"grabStrength":0.0250591,"id":410,"palmNormal":[-0.451967,-0.683601,-0.573075],"palmPosition":[4.52434,186.608,1.41563],"palmVelocity":[-2.58605,1.3498,2.0863],"palmWidth":89.917,"pinchStrength":0.693386,"r":[[0.932508,-0.0265084,0.360174],[-0.0151561,0.993551,0.112364],[-0.36083,-0.110239,0.926093]],"s":1.23967,"sphereCenter":[-12.2342,166.221,-36.2587],"sphereRadius":44.1582,"stabilizedPalmPosition":[2.29625,190.234,-0.907329],"t":[15.3478,7.2915,-161.524],"timeVisible":12.663,"type":"right","wrist":[-1.57578,158.508,47.1954]}],"id":1417734,"interactionBox":{"center":[0,200,0],"size":[235.247,235.247,147.751]},"pointables":[{"bases":[[[0.799084,0.499203,0.335055],[-0.587537,0.530172,0.611325],[0.127538,-0.685356,0.716952]],[[0.724344,0.681357,0.10525],[-0.620041,0.577048,0.531568],[0.301453,-0.450298,0.840451]],[[0.724344,0.681357,0.10525],[-0.673864,0.731948,-0.100795],[-0.145715,0.00208625,0.989324]],[[0.724344,0.681357,0.10525],[-0.234073,0.386634,-0.892034],[-0.648487,0.621503,0.439544]]],"btipPosition":[-26.2241,172.052,-39.8626],"carpPosition":[-31.2614,164.283,45.0954],"dipPosition":[-41.2221,186.426,-29.697],"direction":[0.145715,-0.00208625,-0.989324],"extended":false,"handId":410,"id":4100,"length":51.5018,"mcpPosition":[-31.2614,164.283,45.0954],"pipPosition":[-46.1318,186.496,3.63685],"stabilizedTipPosition":[-31.4746,178.269,-38.7156],"timeVisible":12.663,"tipPosition":[-29.4281,175.688,-37.4358],"tipVelocity":[-4.02698,0.149618,1.25395],"tool":false,"touchDistance":0.338922,"touchZone":"hovering","type":0,"width":20.0112},{"bases":[[[0.883388,-0.432236,-0.181103],[0.465346,0.763277,0.448175],[-0.0554851,-0.480188,0.875409]],[[0.880422,-0.451295,-0.145564],[0.462595,0.884895,0.0544775],[0.104223,-0.1153,0.987848]],[[0.880422,-0.451295,-0.145564],[0.432826,0.890213,-0.142062],[0.193695,0.0620709,0.979096]],[[0.880422,-0.451295,-0.145564],[0.402059,0.873207,-0.275424],[0.251405,0.183964,0.950238]]],"btipPosition":[-22.1554,213.889,-97.8514],"carpPosition":[-12.8931,178.672,47.1625],"dipPosition":[-17.9106,216.996,-81.8074],"direction":[-0.193695,-0.0620709,-0.979096],"extended":true,"handId":410,"id":4101,"length":58.114,"mcpPosition":[-8.85925,213.583,-16.4815],"pipPosition":[-13.2841,218.478,-58.4214],"stabilizedTipPosition":[-20.8998,216.037,-95.3685],"timeVisible":12.663,"tipPosition":[-20.5922,215.793,-94.1399],"tipVelocity":[-6.32383,-5.2651,3.32952],"tool":false,"touchDistance":-0.171732,"touchZone":"touching","type":1,"width":19.1147},{"bases":[[[0.775409,-0.616881,-0.134899],[0.606663,0.668486,0.430216],[-0.175214,-0.415431,0.89259]],[[0.775566,-0.61651,-0.135697],[0.255189,0.502805,-0.825873],[0.577387,0.60589,0.547285]],[[0.775566,-0.61651,-0.135697],[-0.530586,-0.520168,-0.669256],[0.342018,0.591051,-0.730536]],[[0.775566,-0.61651,-0.135697],[-0.630957,-0.763799,-0.13603],[-0.0197808,0.191119,-0.981368]]],"btipPosition":[-26.1102,154.657,-3.62809],"carpPosition":[-1.44451,175.033,45.2268],"dipPosition":[-26.4775,158.206,-21.8525],"direction":[-0.342018,-0.591051,0.730536],"extended":false,"handId":410,"id":4102,"length":66.2163,"mcpPosition":[10.6357,203.675,-16.313],"pipPosition":[-16.8664,174.815,-42.3813],"stabilizedTipPosition":[-27.3623,156.558,-8.72711],"timeVisible":12.663,"tipPosition":[-26.2069,155.293,-7.95113],"tipVelocity":[-2.22714,3.56648,1.59383],"tool":false,"touchDistance":0.333333,"touchZone":"none","type":2,"width":18.7732},{"bases":[[[0.69322,-0.719918,-0.0341216],[0.654618,0.609121,0.447713],[-0.301533,-0.3327,0.893526]],[[0.702763,-0.708586,-0.0634927],[0.342128,0.414863,-0.843111],[0.623757,0.570784,0.533978]],[[0.702763,-0.708586,-0.0634927],[-0.564295,-0.500851,-0.656292],[0.433239,0.497046,-0.751831]],[[0.702763,-0.708586,-0.0634927],[-0.710014,-0.692953,-0.125284],[0.0447766,0.133125,-0.990087]]],"btipPosition":[-12.9574,147.84,3.23155],"carpPosition":[8.60474,168.512,43.2563],"dipPosition":[-12.1306,150.298,-15.0491],"direction":[-0.433239,-0.497046,0.751831],"extended":false,"handId":410,"id":4103,"length":63.6687,"mcpPosition":[27.27,189.107,-12.0541],"pipPosition":[-0.270574,163.905,-35.6307],"stabilizedTipPosition":[-14.2275,151.342,-3.14757],"timeVisible":12.663,"tipPosition":[-12.9423,148.316,-1.26774],"tipVelocity":[-1.18951,2.35675,3.77559],"tool":false,"touchDistance":0.333333,"touchZone":"none","type":3,"width":17.8639},{"bases":[[[0.535907,-0.844268,-0.0039793],[0.725241,0.45793,0.514126],[-0.432238,-0.278409,0.857706]],[[0.507033,-0.860409,0.0511266],[0.545039,0.274107,-0.792337],[0.667719,0.429607,0.607938]],[[0.507033,-0.860409,0.0511266],[-0.574816,-0.381743,-0.723781],[0.642264,0.337592,-0.688134]],[[0.507033,-0.860409,0.0511266],[-0.836183,-0.505412,-0.212971],[0.209082,0.0652322,-0.97572]]],"btipPosition":[0.0846883,149.433,-0.0754737],"carpPosition":[14.6236,156.127,40.3946],"dipPosition":[3.64609,150.544,-16.6954],"direction":[-0.642264,-0.337592,0.688134],"extended":false,"handId":410,"id":4104,"length":49.9151,"mcpPosition":[39.3915,172.08,-8.75308],"pipPosition":[16.0599,157.069,-29.9958],"stabilizedTipPosition":[-0.375494,153.814,-6.7195],"timeVisible":12.663,"tipPosition":[0.800077,149.651,-4.04356],"tipVelocity":[-1