{"sensorType":"Leap","data":[[0,{"currentFrameRate":55.1988,"devices":[],"gestures":[],"hands":[{"armBasis":[[0.777455,-0.466025,-0.422357],[0.583176,0.785627,0.206629],[0.23552,-0.406953,0.882564]],"armWidth":62.9686,"confidence":0.549824,"direction":[0.0939039,0.740158,-0.665844],"elbow":[37.5858,66.6948,285.342],"grabStrength":0,"id":410,"palmNormal":[-0.618774,-0.480547,-0.621445],"palmPosition":[-28.7606,216.265,14.7857],"palmVelocity":[15.0343,599.889,-203.887],"palmWidth":89.917,"pinchStrength":0.614156,"r":[[0.983829,-0.163226,0.0737374],[0.109356,0.873463,0.474451],[-0.14185,-0.458715,0.877188]],"s":1.5168,"sphereCenter":[-40.5596,193.856,-35.8835],"sphereRadius":52.9063,"stabilizedPalmPosition":[-28.7786,215.684,14.9769],"t":[-18.273,26.1201,-144.404],"timeVisible":29.5106,"type":"right","wrist":[-25.2549,175.276,49.8602]}],"id":1418663,"interactionBox":{"center":[0,200,0],"size":[235.247,235.247,147.751]},"pointables":[{"bases":[[[0.885616,0.38497,0.259773],[-0.387611,0.304595,0.870046],[0.255815,-0.871218,0.418973]],[[0.776144,0.617061,0.12975],[-0.548706,0.559559,0.621141],[0.31068,-0.553289,0.772884]],[[0.776144,0.617061,0.12975],[-0.574295,0.606805,0.54952],[0.260355,-0.501021,0.825344]],[[0.776144,0.617061,0.12975],[-0.61707,0.700964,0.357595],[0.129709,-0.35761,0.924819]]],"btipPosition":[-81.2463,233.341,-30.2125],"carpPosition":[-54.1486,180.896,57.1106],"dipPosition":[-78.2464,225.07,-8.82369],"direction":[-0.260355,0.501021,-0.825344],"extended":false,"handId":410,"id":4100,"length":51.5018,"mcpPosition":[-54.1486,180.896,57.1106],"pipPosition":[-69.4741,208.189,18.9851],"stabilizedTipPosition":[-80.6191,230.675,-24.9841],"timeVisible":29.5106,"tipPosition":[-80.5709,231.069,-22.1767],"tipVelocity":[24.1664,601.745,-217.277],"tool":false,"touchDistance":-0.433775,"touchZone":"touching","type":0,"width":20.0112},{"bases":[[[0.784631,-0.339412,-0.518801],[0.606235,0.595182,0.527483],[0.129747,-0.728394,0.672761]],[[0.794284,-0.486411,-0.36403],[0.600282,0.720694,0.346788],[0.0936731,-0.493968,0.864419]],[[0.794284,-0.486411,-0.36403],[0.579747,0.785992,0.214731],[0.181677,-0.381603,0.906296]],[[0.794284,-0.486411,-0.36403],[0.556532,0.822854,0.114824],[0.243692,-0.293797,0.924282]]],"btipPosition":[-56.8467,282.262,-64.0764],"carpPosition":[-34.983,194.259,58.7872],"dipPosition":[-52.7322,277.301,-48.4707],"direction":[-0.181677,0.381603,-0.906296],"extended":true,"handId":410,"id":4101,"length":58.114,"mcpPosition":[-44.4158,247.215,9.87607],"pipPosition":[-48.3928,268.187,-26.8235],"stabilizedTipPosition":[-56.1905,279.802,-60.079],"timeVisible":29.5106,"tipPosition":[-56.1326,280.516,-60.5229],"tipVelocity":[146.493,771.449,-233.776],"tool":false,"touchDistance":-0.559051,"touchZone":"touching","type":1,"width":19.1147},{"bases":[[[0.680024,-0.531158,-0.505409],[0.73286,0.513095,0.446822],[0.02199,-0.674244,0.738182]],[[0.680001,-0.530452,-0.506181],[0.272465,0.823739,-0.497209],[0.680706,0.200186,0.704673]],[[0.680001,-0.530452,-0.506181],[-0.546027,0.0943788,-0.832435],[0.48934,0.842445,-0.225464]],[[0.680001,-0.530452,-0.506181],[-0.724804,-0.382072,-0.573306],[0.110714,0.75673,-0.644284]]],"btipPosition":[-74.3404,190.823,-13.1208],"carpPosition":[-24.5939,191.599,53.038],"dipPosition":[-72.2844,204.876,-25.0854],"direction":[-0.48934,-0.842445,0.225464],"extended":false,"handId":410,"id":4102,"length":66.2163,"mcpPosition":[-26.1101,238.085,2.14386],"pipPosition":[-58.5335,228.549,-31.4211],"stabilizedTipPosition":[-73.9906,193.392,-15.8803],"timeVisible":29.5106,"tipPosition":[-73.5015,195.231,-16.561],"tipVelocity":[27.9068,525.406,-113.005],"tool":false,"touchDistance":0.333333,"touchZone":"none","type":2,"width":18.7732},{"bases":[[[0.618655,-0.661747,-0.423506],[0.779899,0.452081,0.432875],[-0.0949946,-0.598092,0.795777]],[[0.615675,-0.678632,-0.400503],[0.354112,0.692315,-0.628732],[0.703952,0.245272,0.666553]],[[0.615675,-0.678632,-0.400503],[-0.543239,0.00264318,-0.839574],[0.570821,0.734473,-0.367032]],[[0.615675,-0.678632,-0.400503],[-0.76704,-0.399675,-0.501906],[0.180538,0.616213,-0.766608]]],"btipPosition":[-59.9055,180.894,-7.75636],"carpPosition":[-15.7446,186.185,46.7314],"dipPosition":[-56.5721,192.272,-21.9108],"direction":[-0.570821,-0.734473,0.367032],"extended":false,"handId":410,"id":4103,"length":63.6687,"mcpPosition":[-9.8643,223.208,-2.52826],"pipPosition":[-40.9457,212.378,-31.9584],"stabilizedTipPosition":[-59.1805,182.675,-10.7154],"timeVisible":29.5106,"tipPosition":[-57.8796,183.485,-9.63241],"tipVelocity":[3.3493,603.568,-218.076],"tool":false,"touchDistance":0.333333,"touchZone":"none","type":3,"width":17.8639},{"bases":[[[0.466079,-0.792061,-0.39422],[0.855151,0.289023,0.430328],[-0.226907,-0.537685,0.81204]],[[0.468039,-0.787345,-0.401283],[0.486841,0.608698,-0.626476],[0.737513,0.0978543,0.668206]],[[0.468039,-0.787345,-0.401283],[-0.517496,0.123892,-0.846669],[0.716336,0.603937,-0.349461]],[[0.468039,-0.787345,-0.401283],[-0.823793,-0.224375,-0.520597],[0.319852,0.574234,-0.753625]]],"btipPosition":[-43.4348,181.337,-11.456],"carpPosition":[-11.3729,175.401,38.8323],"dipPosition":[-37.9866,191.119,-24.2929],"direction":[-0.716336,-0.603937,0.349461],"extended":false,"handId":410,"id":4104,"length":49.9151,"mcpPosition":[1.62924,206.211,-7.69877],"pipPosition":[-24.1411,202.792,-31.0474],"stabilizedTipPosition":[-42.2238,182.867,-14.1829],"timeVisible":29.5106,"tipPosition":[-41.1862,183.722,-13.3037],"tipVelocity":[9.44973,594.794,-200.082],"tool":false,"touchDistance":0.333333,"touchZone":"none","type":4,"width":15.8681}],"r":[[0.983829,-0.163226,0.0737374],[0.109356,0.873463,0.474451],[-0.14185,-0.458715,0.877188]],"s":1.5168,"t":[-18.273,26.1201,-144.404],"timestamp":88810327723},false],[1,{"currentFrameRate":55.2094,"devices":[],"gestures":[],"hands":[{"armBasis":[[0.771646,-0.470077,-0.428474],[0.592016,0.7771,0.213619],[0.23255,-0.418502,0.877939]],"armWidth":62.9686,"confidence":0.570329,"direction":[0.106331,0.742687,-0.661142],"elbow":[35.6013,74.5519,279.33],"grabStrength":0,"id":410,"palmNormal":[-0.621879,-0.469149,-0.627029],"palmPosition":[-29.2719,227.444,10.2282],"palmVelocity":[-5.55144,608.69,-226.813],"palmWidth":89.917,"pinchStrength":0.556785,"r":[[0.984496,-0.163655,0.063131],[0.114619,0.872642,0.47472],[-0.132781,-0.460124,0.87787]],"s":1.54786,"sphereCenter":[-40.9686,205.946,-40.2814],"sphereRadius":52.8083,"stabilizedPalmPosition":[-29.2431,226.756,10.5058],"t":[-18.3847,37.1357,-148.539],"timeVisible":29.5287,"type":"right","wrist":[-26.4468,186.215,45.0823]}],"id":1418664,"interactionBox":{"center":[0,200,0],"size":[235.247,235.247,147.751]},"pointables":[{"bases":[[[0.889178,0.372267,0.266043],[-0.387792,0.304514,0.869993],[0.242856,-0.876749,0.41513]],[[0.78234,0.607829,0.13597],[-0.544473,0.561382,0.623217],[0.302478,-0.5616,0.770138]],[[0.78234,0.607829,0.13597],[-0.569318,0.609309,0.551924],[0.252628,-0.509203,0.822734]],[[0.78234,0.607829,0.13597],[-0.612365,0.710728,0.346229],[0.11381,-0.354132,0.928245]]],"btipPosition":[-81.3659,245.208,-34.9469],"carpPosition":[-55.3009,192.158,52.2321],"dipPosition":[-78.7337,237.018,-13.4788],"direction":[-0.252627,0.509203,-0.822734],"extended":false,"handId":410,"id":4100,"length":51.5018,"mcpPosition":[-55.3009,192.158,52.2321],"pipPosition":[-70.2218,219.861,14.242],"stabilizedTipPosition":[-80.7503,242.41,-29.6461],"timeVisible":29.5287,"tipPosition":[-80.7596,243.025,-27.0799],"tipVelocity":[7.31524,628.252,-238.008],"tool":false,"touchDistance":-0.489472,"touchZone":"touching","type":0,"width":20.0112},{"bases":[[[0.7827,-0.346341,-0.517135],[0.611224,0.584466,0.533671],[0.117416,-0.73379,0.669153]],[[0.789777,-0.494326,-0.363171],[0.609027,0.70246,0.368287],[0.0730595,-0.512046,0.855845]],[[0.789777,-0.494326,-0.363171],[0.592984,0.766752,0.245888],[0.156914,-0.409552,0.898691]],[[0.789777,-0.494326,-0.363171],[0.573711,0.804794,0.152196],[0.217043,-0.328556,0.919208]]],"btipPosition":[-55.027,295.685,-67.8965],"carpPosition":[-35.9763,205.268,54.0734],"dipPosition":[-51.3624,290.137,-52.3765],"direction":[-0.156914,0.409552,-0.898691],"extended":true,"handId":410,"id":4101,"length":58.114,"mcpPosition":[-44.5127,258.616,5.42461],"pipPosition":[-47.6144,280.355,-30.9109],"stabilizedTipPosition":[-54.3498,293.203,-63.9762],"timeVisible":29.5287,"tipPosition":[-54.7216,293.473,-64.4856],"tipVelocity":[121.999,754.187,-223.631],"tool":false,"touchDistance":-0.589076,"touchZone":"touching","type":1,"width":19.1147},{"bases":[[[0.675623,-0.536823,-0.505326],[0.737179,0.501247,0.453122],[0.0100465,-0.678655,0.734388]],[[0.675609,-0.535891,-0.506333],[0.251329,0.813046,-0.525157],[0.693099,0.227545,0.683986]],[[0.675609,-0.535891,-0.506333],[-0.564085,0.066486,-0.823036],[0.474722,0.841665,-0.25737]],[[0.675609,-0.535891,-0.506333],[-0.731664,-0.40289,-0.549862],[0.09067,0.741957,-0.664288]]],"btipPosition":[-74.3253,201.031,-15.287],"carpPosition":[-25.5949,202.509,48.3568],"dipPosition":[-72.6415,214.809,-27.6231],"direction":[-0.474722,-0.841665,0.25737],"extended":false,"handId":410,"id":4102,"length":66.2163,"mcpPosition":[-26.2876,249.299,-2.27583],"pipPosition":[-59.3013,238.461,-34.8554],"stabilizedTipPosition":[-73.9411,203.551,-17.9895],"timeVisible":29.5287,"tipPosition":[-73.7977,205.562,-19.3432],"tipVelocity":[12.7937,542.426,-118.499],"tool":false,"touchDistance":0.333333,"touchZone":"none","type":2,"width":18.7732},{"bases":[[[0.612231,-0.66709,-0.424458],[0.78351,0.439723,0.439041],[-0.106236,-0.601361,0.791883]],[[0.608867,-0.684367,-0.401152],[0.362251,0.689757,-0.626905],[0.70573,0.236384,0.667883]],[[0.608867,-0.684367,-0.401152],[-0.541251,0.0112984,-0.840785],[0.579938,0.72905,-0.363535]],[[0.608867,-0.684367,-0.401152],[-0.77,-0.388279,-0.506299],[0.190736,0.617156,-0.763373]]],"btipPosition":[-60.7666,192.455,-12.401],"carpPosition":[-16.7852,197.02,42.0599],"dipPosition":[-57.2449,203.85,-26.4957],"direction":[-0.579938,-0.72905,0.363535],"extended":false,"handId":410,"id":4103,"length":63.6687,"mcpPosition":[-10.2091,234.245,-6.95873],"pipPosition":[-41.369,223.808,-36.4476],"stabilizedTipPosition":[-59.897,194.124,-15.2643],"timeVisible":29.5287,"tipPosition":[-58.7919,195.087,-14.4575],"tipVelocity":[-19.7413,620.782,-236.188],"tool":false,"touchDistance":0.333333,"touchZone":"none","type":3,"width":17.8639},{"bases":[[[0.45789,-0.795631,-0.396621],[0.856711,0.275745,0.435902],[-0.237451,-0.539385,0.807887]],[[0.459726,-0.791404,-0.402905],[0.489349,0.604349,-0.628729],[0.741073,0.0918819,0.665107]],[[0.459726,-0.791404,-0.402905],[-0.520315,0.127627,-0.844384],[0.71967,0.597823,-0.353106]],[[0.459726,-0.791404,-0.402905],[-0.826996,-0.216188,-0.51898],[0.323619,0.571789,-0.753875]]],"btipPosition":[-44.2237,192.629,-15.7483],"carpPosition":[-12.513,186.227,34.119],"dipPosition":[-38.7114,202.369,-28.5895],"direction":[-0.71967,-0.597823,0.353106],"extended":false,"handId":410,"id":4104,"length":49.9151,"mcpPosition":[1.09326,217.134,-12.174],"pipPosition":[-24.8015,213.924,-35.4143],"stabilizedTipPosition":[-42.9071,194.069,-18.4004],"timeVisible":29.5287,"tipPosition":[-42.0693,195.063,-17.899],"tipVelocity":[-15.3941,608.746,-217.868],"tool":false,"touchDistance":0.333333,"touchZone":"none","type":4,"width":15.8681}],"r":[[0.984496,-0.163655,0.063131],[0.114619,0.872642,0.47472],[-0.132781,-0.460124,0.87787]],"s":1.54786,"t":[-18.3847,37.1357,-148.539],"timestamp":88810345799},false],[2,{"currentFrameRate":55.2168,"devices":[],"gestures":[],"hands":[{"armBasis":[[0.777601,-0.468991,-0.418789],[0.589859,0.774768,0.227599],[0.217723,-0.424008,0.879099]],"armWidth":62.9686,"confidence":0.585565,"direction":[0.106074,0.744885,-0.658707],"elbow":[31.5698,82.4491,276.935],"grabStrength":0,"id":410,"palmNormal":[-0.616968,-0.470206,-0.631075],"palmPosition":[-29.3698,236.889,7.6184],"palmVelocity":[-5.48513,567.608,-187.592],"palmWidth":89.917,"pinchStrength":0.511022,"r":[[0.985041,-0.163156,0.0554506],[0.117641,0.871837,0.475458],[-0.125918,-0.461823,0.877989]],"s":1.5734,"sphereCenter":[-40.6796,215.851,-42.7132],"sphereRadius":52.7349,"stabilizedPalmPosition":[-29.3624,236.3,7.78619],"t":[-18.4894,47.3661,-151.911],"timeVisible":29.5468,"type":"right","wrist":[-26.5222,195.581,42.3771]}],"id":1418665,"interactionBox":{"center":[0,200,0],"size":[235.247,235.247,147.751]},"pointables":[{"bases":[[[0.886324,0.375445,0.271056],[-0.393064,0.300524,0.869015],[0.244808,-0.876771,0.413935]],[[0.778152,0.612218,0.140248],[-0.549335,0.555159,0.624524],[0.304485,-0.563017,0.76831]],[[0.778152,0.612218,0.140248],[-0.574298,0.603152,0.553524],[0.254287,-0.51127,0.820939]],[[0.778152,0.612218,0.140248],[-0.61959,0.71167,0.331111],[0.102902,-0.34455,0.933111]]],"btipPosition":[-81.4018,254.347,-37.7298],"carpPosition":[-55.4342,201.379,49.4111],"dipPosition":[-79.0219,246.378,-16.1491],"direction":[-0.254287,0.51127,-0.820939],"extended":false,"handId":410,"id":4100,"length":51.5018,"mcpPosition":[-55.4342,201.379,49.4111],"pipPosition":[-70.4541,229.152,11.5112],"stabilizedTipPosition":[-80.847,251.797,-32.5447],"timeVisible":29.5468,"tipPosition":[-80.8168,252.277,-30.0255],"tipVelocity":[1.36866,571.167,-197.336],"tool":false,"touchDistance":-0.510214,"touchZone":"touching","type":0,"width":20.0112},{"bases":[[[0.786546,-0.341555,-0.514476],[0.606232,0.585721,0.537972],[0.117593,-0.735031,0.667758]],[[0.793616,-0.489391,-0.361485],[0.604884,0.698608,0.382182],[0.0654996,-0.521962,0.85045]],[[0.793616,-0.489391,-0.361485],[0.590875,0.761599,0.266146],[0.145057,-0.42481,0.893585]],[[0.793616,-0.489391,-0.361485],[0.573676,0.799804,0.176665],[0.202659,-0.347579,0.915488]]],"btipPosition":[-54.3923,306.182,-70.0802],"carpPosition":[-36.1757,214.568,51.3746],"dipPosition":[-50.9705,300.314,-54.623],"direction":[-0.145057,0.42481,-0.893585],"extended":true,"handId":410,"id":4101,"length":58.114,"mcpPosition":[-44.725,268.007,2.82717],"pipPosition":[-47.5058,290.167,-33.2793],"stabilizedTipPosition":[-53.6559,304.042,-66.3518],"timeVisible":29.5468,"tipPosition":[-54.2609,303.745,-66.7648],"tipVelocity":[79.2206,669.659,-175.102],"tool":false,"touchDistance":-0.591473,"touchZone":"touching","type":1,"width":19.1147},{"bases":[[[0.680253,-0.532533,-0.503651],[0.732914,0.503266,0.457778],[0.00968814,-0.680538,0.732649]],[[0.680244,-0.531935,-0.504295],[0.224081,0.805979,-0.547891],[0.697894,0.259697,0.667459]],[[0.680244,-0.531935,-0.504295],[-0.578577,0.0327338,-0.814971],[0.450019,0.846152,-0.285498]],[[0.680244,-0.531935,-0.504295],[-0.730017,-0.429793,-0.53137],[0.0659115,0.729605,-0.680685]]],"btipPosition":[-73.5366,209.093,-15.9437],"carpPosition":[-25.7566,211.87,45.698],"dipPosition":[-72.3126,222.643,-28.5843],"direction":[-0.450019,-0.846152,0.285498],"extended":false,"handId":410,"id":4102,"length":66.2163,"mcpPosition":[-26.4245,258.79,-4.81467],"pipPosition":[-59.6666,246.42,-36.6071],"stabilizedTipPosition":[-73.2849,211.833,-18.8136],"timeVisible":29.5468,"tipPosition":[-73.2875,213.668,-20.4077],"tipVelocity":[24.6613,495.119,-81.2709],"tool":false,"touchDistance":0.333333,"touchZone":"none","type":2,"width":18.7732},{"bases":[[[0.617065,-0.663289,-0.423413],[0.779577,0.441982,0.443747],[-0.107191,-0.603904,0.789816]],[[0.613608,-0.680937,-0.399763],[0.359131,0.691555,-0.626719],[0.703214,0.240993,0.668889]],[[0.613608,-0.680937,-0.399763],[-0.539542,0.0080783,-0.84192],[0.576524,0.732298,-0.362437]],[[0.613608,-0.680937,-0.399763],[-0.766455,-0.391931,-0.508859],[0.189821,0.61864,-0.762399]]],"btipPosition":[-60.5953,201.709,-14.9986],"carpPosition":[-16.8945,206.436,39.4269],"dipPosition":[-57.0905,213.132,-29.0752],"direction":[-0.576524,-0.732298,0.362437],"extended":false,"handId":410,"id":4103,"length":63.6687,"mcpPosition":[-10.2592,243.819,-9.46379],"pipPosition":[-41.308,233.178,-38.9971],"stabilizedTipPosition":[-59.7971,203.586,-18.0178],"timeVisible":29.5468,"tipPosition":[-58.7199,204.395,-17.2266],"tipVelocity":[-5.95525,569.089,-192.081],"tool":false,"touchDistance":0.333333,"touchZone":"none","type":3,"width":17.8639},{"bases":[[[0.463164,-0.792575,-0.396615],[0.85351,0.278334,0.440512],[-0.238748,-0.542544,0.805385]],[[0.464932,-0.788506,-0.402612],[0.478736,0.606439,-0.634857],[0.744748,0.10242,0.659439]],[[0.464932,-0.788506,-0.402612],[-0.528206,0.11791,-0.84089],[0.710519,0.603619,-0.361674]],[[0.464932,-0.788506,-0.402612],[-0.827464,-0.225276,-0.514348],[0.314868,0.572284,-0.757198]]],"btipPosition":[-43.978,201.778,-17.8264],"carpPosition":[-12.539,195.683,31.4773],"dipPosition":[-38.6146,211.526,-30.7242],"direction":[-0.710519,-0.603619,0.361674],"extended":false,"handId":410,"id":4104,"length":49.9151,"mcpPosition":[1.14153,226.771,-14.6724],"pipPosition":[-24.8816,223.192,-37.7146],"stabilizedTipPosition":[-42.7543,203.412,-20.6468],"timeVisible":29.5468,"tipPosition":[-41.9754,204.309,-20.3254],"tipVelocity":[-2.51681,559.885,-169.266],"tool":false,"touchDistance":0.333333,"touchZone":"none","type":4,"width":15.8681}],"r":[[0.985041,-0.163156,0.0554506],[0.117641,0.871837,0.475458],[-0.125918,-0.461823,0.877989]],"s":1.5734,"t":[-18.4894,47.3661,-151.911],"timestamp":88810363884},false],[3,{"currentFrameRate":55.2222,"devices":[],"gestures":[{"direction":[0.140096,0.954918,-0.261735],"duration":0,"handIds":[410],"id":8,"pointableIds":[4101],"position":[-52.7392,315.206,-69.3056],"speed":327.017,"startPosition":[-62.6826,247.431,-50.729],"state":"start","type":"swipe"}],"hands":[{"armBasis":[[0.780479,-0.463934,-0.419069],[0.587022,0.774427,0.23594],[0.215077,-0.430149,0.876763]],"armWidth":62.9686,"confidence":0.592312,"direction":[0.114187,0.747309,-0.654592],"elbow":[29.9247,90.0888,273.143],"grabStrength":0,"id":410,"palmNormal":[-0.609567,-0.467587,-0.640149],"palmPosition":[-29.8796,246.298,4.57396],"palmVelocity":[-16.2759,545.044,-178.417],"palmWidth":89.917,"pinchStrength":0.493241,"r":[[0.985302,-0.162866,0.051531],[0.118998,0.870825,0.476972],[-0.122557,-0.46383,0.877406]],"s":1.59459,"sphereCenter":[-40.6813,225.865,-45.6435],"sphereRadius":52.6241,"stabilizedPalmPosition":[-29.8499,245.724,4.75848],"t":[-18.7967,57.1861,-155.12],"timeVisible":29.5649,"type":"right","wrist":[-27.4614,204.859,39.2087]}],"id":1418666,"interactionBox":{"center":[0,200,0],"size":[235.247,235.247,147.751]},"pointables":[{"bases":[[[0.883162,0.374069,0.283013],[-0.403291,0.297418,0.865389],[0.239542,-0.878416,0.413527]],[[0.775673,0.612839,0.15086],[-0.556005,0.550424,0.62281],[0.298645,-0.566976,0.767691]],[[0.775673,0.612839,0.15086],[-0.58057,0.5991,0.551378],[0.247526,-0.515274,0.820502]],[[0.775673,0.612839,0.15086],[-0.626178,0.717377,0.305404],[0.0789402,-0.331359,0.940197]]],"btipPosition":[-81.3507,263.635,-41.3402],"carpPosition":[-56.4532,210.642,45.9193],"dipPosition":[-79.525,255.972,-19.5957],"direction":[-0.247526,0.515274,-0.820502],"extended":false,"handId":410,"id":4100,"length":51.5018,"mcpPosition":[-56.4532,210.642,45.9193],"pipPosition":[-71.185,238.611,8.04988],"stabilizedTipPosition":[-80.9248,261.144,-36.0644],"timeVisible":29.5649,"tipPosition":[-80.8969,261.723,-33.7798],"tipVelocity":[-1.29088,545.576,-197.414],"tool":false,"touchDistance":-0.541117,"touchZone":"touching","type":0,"width":20.0112},{"bases":[[[0.792503,-0.339938,-0.50634],[0.599982,0.583455,0.547359],[0.109359,-0.737579,0.666347]],[[0.797744,-0.48782,-0.354451],[0.600864,0.692472,0.399305],[0.0506583,-0.53152,0.845529]],[[0.797744,-0.48782,-0.354451],[0.589407,0.754915,0.28758],[0.127293,-0.438331,0.889754]],[[0.797744,-0.48782,-0.354451],[0.57447,0.793496,0.200866],[0.183269,-0.363862,0.913245]]],"btipPosition":[-53.4509,316.619,-72.8521],"carpPosition":[-37.2148,223.817,48.1617],"dipPosition":[-50.3566,310.476,-57.4328],"direction":[-0.127293,0.438331,-0.889754],"extended":true,"handId":410,"id":4101,"length":58.114,"mcpPosition":[-45.1654,277.44,-0.283067],"pipPosition":[-47.3162,300.006,-36.1807],"stabilizedTipPosition":[-52.792,314.564,-69.1356],"timeVisible":29.5649,"tipPosition":[-53.4606,314.037,-69.6128],"tipVelocity":[64.3162,623.921,-164.932],"tool":false,"touchDistance":-0.602369,"touchZone":"touching","type":1,"width":19.1147},{"bases":[[[0.68602,-0.530913,-0.497502],[0.727582,0.50125,0.468372],[0.000707846,-0.683286,0.73015]],[[0.686019,-0.530469,-0.497976],[0.218812,0.80316,-0.554126],[0.693901,0.271178,0.667056]],[[0.686019,-0.530469,-0.497976],[-0.576912,0.0204543,-0.816551],[0.44334,0.847458,-0.292001]],[[0.686019,-0.530469,-0.497976],[-0.724853,-0.439055,-0.530866],[0.0629688,0.725144,-0.685712]]],"btipPosition":[-73.458,218.048,-18.5745],"carpPosition":[-26.7297,221.136,42.5996],"dipPosition":[-72.2887,231.514,-31.3084],"direction":[-0.44334,-0.847458,0.292001],"extended":false,"handId":410,"id":4102,"length":66.2163,"mcpPosition":[-26.7785,268.245,-7.74074],"pipPosition":[-59.8303,255.328,-39.5139],"stabilizedTipPosition":[-73.1926,220.808,-21.4059],"timeVisible":29.5649,"tipPosition":[-73.2781,222.542,-23.0956],"tipVelocity":[14.6714,494.55,-112.339],"tool":false,"touchDistance":0.333333,"touchZone":"none","type":2,"width":18.7732},{"bases":[[[0.621834,-0.661943,-0.418515],[0.774388,0.44,0.454668],[-0.116818,-0.606821,0.786208]],[[0.617987,-0.680121,-0.394371],[0.353047,0.688275,-0.633748],[0.70246,0.252416,0.665459]],[[0.617987,-0.680121,-0.394371],[-0.540068,-0.00271308,-0.841617],[0.571331,0.733095,-0.368988]],[[0.617987,-0.680121,-0.394371],[-0.762877,-0.397513,-0.509904],[0.190029,0.61597,-0.764506]]],"btipPosition":[-60.7287,210.698,-17.4181],"carpPosition":[-17.7953,215.722,36.4143],"dipPosition":[-57.2201,222.071,-31.5336],"direction":[-0.571331,-0.733095,0.368988],"extended":false,"handId":410,"id":4103,"length":63.6687,"mcpPosition":[-10.5641,253.285,-12.253],"pipPosition":[-41.5797,242.14,-41.6348],"stabilizedTipPosition":[-59.9134,212.662,-20.4874],"timeVisible":29.5649,"tipPosition":[-59.0396,213.564,-20.1795],"tipVelocity":[-6.60688,534.471,-164.581],"tool":false,"touchDistance":0.333333,"touchZone":"none","type":3,"width":17.8639},{"bases":[[[0.467577,-0.791267,-0.39404],[0.848295,0.276336,0.4517],[-0.248528,-0.545467,0.800437]],[[0.469323,-0.787391,-0.399688],[0.471081,0.606103,-0.640876],[0.746872,0.112492,0.655383]],[[0.469323,-0.787391,-0.399688],[-0.534564,0.106923,-0.838337],[0.702835,0.60711,-0.37073]],[[0.469323,-0.787391,-0.399688],[-0.827081,-0.233429,-0.511319],[0.30931,0.570549,-0.76079]]],"btipPosition":[-44.0588,210.869,-20.1654],"carpPosition":[-13.3492,204.996,28.4769],"dipPosition":[-38.7901,220.587,-33.1243],"direction":[-0.702835,-0.60711,0.37073],"extended":false,"handId":410,"id":4104,"length":49.9151,"mcpPosition":[0.891769,236.252,-17.3893],"pipPosition":[-25.2056,232.322,-40.2898],"stabilizedTipPosition":[-42.8419,212.575,-23.0096],"timeVisible":29.5649,"tipPosition":[-42.2078,213.512,-23.0798],"tipVelocity":[-4.0163,532.446,-150.632],"tool":false,"touchDistance":0.333333,"touchZone":"none","type":4,"width":15.8681}],"r":[[0.985302,-0.162866,0.051531],[0.118998,0.870825,0.476972],[-0.122557,-0.46383,0.877406]],"s":1.59459,"t":[-18.7967,57.1861,-155.12],"timestamp":88810381974},false],[4,{"currentFrameRate":55.2144,"devices":[],"gestures":[{"direction":[0.122648,0.962786,-0.240833],"duration":18138,"handIds":[410],"id":8,"pointableIds":[4101],"position":[-53.8177,325.524,-70.9659],"speed":337.489,"startPosition":[-62.6826,247.431,-50.729],"state":"update","type":"swipe"}],"hands":[{"armBasis":[[0.775412,-0.461633,-0.430849],[0.588906,0.774901,0.229605],[0.227872,-0.431768,0.872726]],"armWidth":62.9686,"confidence":0.56471,"direction":[0.109025,0.755606,-0.64589],"elbow":[32.819,97.976,268.423],"grabStrength":0,"id":410,"palmNormal":[-0.617473,-0.457721,-0.639702],"palmPosition":[-30.6671,255.076,1.50711],"palmVelocity":[-29.2047,515.93,-173.971],"palmWidth":89.917,"pinchStrength":0.486701,"r":[[0.985525,-0.163211,0.0458633],[0.121516,0.868697,0.480207],[-0.118216,-0.467683,0.875955]],"s":1.61136,"sphereCenter":[-42.1367,235.641,-48.6405],"sphereRadius":52.5527,"stabilizedPalmPosition":[-30.6199,254.536,1.69469],"t":[-19.3441,66.4848,-158.257],"timeVisible":29.583,"type":"right","wrist":[-27.9809,213.179,35.5661]}],"id":1418667,"interactionBox":{"center":[0,200,0],"size":[235.247,235.247,147.751]},"pointables":[{"bases":[[[0.887026,0.368293,0.278468],[-0.39334,0.28691,0.873479],[0.241801,-0.884332,0.399361]],[[0.777789,0.610427,0.149744],[-0.547261,0.540553,0.63899],[0.309112,-0.578948,0.754499]],[[0.777789,0.610427,0.149744],[-0.573046,0.590845,0.567908],[0.258191,-0.527523,0.809356]],[[0.777789,0.610427,0.149744],[-0.623907,0.721011,0.301469],[0.0760579,-0.327906,0.941644]]],"btipPosition":[-82.5921,272.855,-43.6055],"carpPosition":[-56.8855,218.939,42.6611],"dipPosition":[-80.833,265.272,-21.8276],"direction":[-0.258191,0.527523,-0.809356],"extended":false,"handId":410,"id":4100,"length":51.5018,"mcpPosition":[-56.8855,218.939,42.6611],"pipPosition":[-72.1337,247.498,5.44248],"stabilizedTipPosition":[-82.1047,270.457,-38.4305],"timeVisible":29.583,"tipPosition":[-82.0942,271.011,-36.2173],"tipVelocity":[-33.6789,528.31,-162.666],"tool":false,"touchDistance":-0.549203,"touchZone":"touching","type":0,"width":20.0112},{"bases":[[[0.786246,-0.335043,-0.519194],[0.607182,0.574823,0.548551],[0.114657,-0.746542,0.655385]],[[0.792804,-0.484198,-0.370154],[0.606986,0.682121,0.407774],[0.0550462,-0.547963,0.834689]],[[0.792804,-0.484198,-0.370154],[0.595249,0.7456,0.299598],[0.130922,-0.457856,0.879333]],[[0.792804,-0.484198,-0.370154],[0.580225,0.785506,0.215218],[0.18655,-0.385399,0.903696]]],"btipPosition":[-54.5422,327.021,-74.4753],"carpPosition":[-37.5925,232.039,44.8712],"dipPosition":[-51.3925,320.514,-59.2172],"direction":[-0.130922,0.457856,-0.879333],"extended":true,"handId":410,"id":4101,"length":58.114,"mcpPosition":[-45.9283,286.314,-2.7766],"pipPosition":[-48.2653,309.578,-38.214],"stabilizedTipPosition":[-53.7713,325.028,-70.883],"timeVisible":29.583,"tipPosition":[-54.5708,324.318,-71.3222],"tipVelocity":[5.35432,597.691,-129.969],"tool":false,"touchDistance":-0.59537,"touchZone":"touching","type":1,"width":19.1147},{"bases":[[[0.679401,-0.525875,-0.511732],[0.733735,0.493375,0.467133],[0.00682217,-0.692847,0.721052]],[[0.679397,-0.525501,-0.512121],[0.208925,0.80758,-0.551512],[0.703399,0.267701,0.658458]],[[0.679397,-0.525501,-0.512121],[-0.589353,0.0249802,-0.807489],[0.437129,0.850426,-0.292734]],[[0.679397,-0.525501,-0.512121],[-0.731933,-0.435975,-0.523641],[0.0519022,0.730599,-0.680832]]],"btipPosition":[-74.396,226.959,-21.0445],"carpPosition":[-27.1737,229.407,39.1628],"dipPosition":[-73.4321,240.527,-33.6878],"direction":[-0.437129,-0.850426,0.292734],"extended":false,"handId":410,"id":4102,"length":66.2163,"mcpPosition":[-27.644,277.176,-10.5503],"pipPosition":[-61.1483,264.425,-41.914],"stabilizedTipPosition":[-74.1426,229.781,-23.8703],"timeVisible":29.583,"tipPosition":[-74.3093,231.429,-25.5009],"tipVelocity":[-18.1912,493.624,-123.149],"tool":false,"touchDistance":0.333333,"touchZone":"none","type":2,"width":18.7732},{"bases":[[[0.615742,-0.657788,-0.433794],[0.780244,0.432205,0.452126],[-0.109915,-0.616859,0.779361]],[[0.612036,-0.676604,-0.409413],[0.341387,0.693023,-0.63496],[0.713349,0.24885,0.655139]],[[0.612036,-0.676604,-0.409413],[-0.554238,0.00231,-0.832355],[0.56412,0.736344,-0.373586]],[[0.612036,-0.676604,-0.409413],[-0.77046,-0.393406,-0.50162],[0.178333,0.622446,-0.762075]]],"btipPosition":[-61.7468,219.602,-20.0601],"carpPosition":[-18.3188,224.055,32.8118],"dipPosition":[-58.4542,231.094,-34.1308],"direction":[-0.56412,-0.736344,0.373586],"extended":false,"handId":410,"id":4103,"length":63.6687,"mcpPosition":[-11.5149,262.239,-15.4317],"pipPosition":[-43.0112,251.252,-44.3578],"stabilizedTipPosition":[-60.9242,221.663,-23.1257],"timeVisible":29.583,"tipPosition":[-60.2336,222.551,-23.0724],"tipVelocity":[-31.5038,514.423,-155.298],"tool":false,"touchDistance":0.333333,"touchZone":"none","type":3,"width":17.8639},{"bases":[[[0.461442,-0.787071,-0.409378],[0.85372,0.268426,0.446218],[-0.241318,-0.555397,0.795801]],[[0.463064,-0.783296,-0.414751],[0.45507,0.611673,-0.647122],[0.760581,0.110918,0.639698]],[[0.463064,-0.783296,-0.414751],[-0.554529,0.109007,-0.824994],[0.691425,0.612017,-0.383884]],[[0.463064,-0.783296,-0.414751],[-0.836928,-0.232391,-0.495526],[0.29176,0.576577,-0.763174]]],"btipPosition":[-45.0656,219.724,-22.8466],"carpPosition":[-13.9834,213.425,24.6871],"dipPosition":[-40.0959,229.545,-35.8461],"direction":[-0.691425,-0.612017,0.383884],"extended":false,"handId":410,"id":4104,"length":49.9151,"mcpPosition":[-0.155552,245.25,-20.9134],"pipPosition":[-26.7319,241.374,-43.2659],"stabilizedTipPosition":[-43.8684,221.511,-25.6947],"timeVisible":29.583,"tipPosition":[-43.3883,222.446,-26.0188],"tipVelocity":[-30.3514,511.99,-149.54],"tool":false,"touchDistance":0.333333,"touchZone":"none","type":4,"width":15.8681}],"r":[[0.985525,-0.163211,0.0458633],[0.121516,0.868697,0.480207],[-0.118216,-0.467683,0.875955]],"s":1.61136,"t":[-19.3441,66.4848,-158.257],"timestamp":88810400112},false],[5,{"currentFrameRate":55.2045,"devices":[],"gestures":[{"direction":[0.0988845,0.964576,-0.244569],"duration":36287,"handIds":[410],"id":8,"pointableIds":[4101],"position":[-53.0307,335.087,-73.1975],"speed":347.064,"startPosition":[-62.6826,247.431,-50.729],"state":"update","type":"swipe"}],"hands":[{"armBasis":[[0.788823,-0.443181,-0.425852],[0.57403,0.778847,0.252758],[0.219656,-0.443833,0.868771]],"armWidth":62.9686,"confidence":0.519819,"direction":[0.118604,0.764779,-0.633282],"elbow":[29.2145,102.396,263.953],"grabStrength":0,"id":410,"palmNormal":[-0.595315,-0.455674,-0.661786],"palmPosition":[-31.5918,263.115,-1.4457],"palmVelocity":[-39.5678,481.146,-168.599],"palmWidth":89.917,"pinchStrength":0.48793,"r":[[0.985768,-0.161624,0.0462491],[0.119208,0.866021,0.485589],[-0.118535,-0.473165,0.872963]],"s":1.62514,"sphereCenter":[-41.8228,244.813,-51.6785],"sphereRadius":52.2789,"stabilizedPalmPosition":[-31.5337,262.602,-1.25803],"t":[-20.0801,75.1536,-161.303],"timeVisible":29.6012,"type":"right","wrist":[-29.3931,220.818,32.151]}],"id":1418668,"interactionBox":{"center":[0,200,0],"size":[235.247,235.247,147.751]},"pointables":[{"bases":[[[0.875391,0.373511,0.306888],[-0.419616,0.271895,0.866023],[0.240028,-0.886883,0.394746]],[[0.766069,0.617848,0.177206],[-0.569103,0.523848,0.633802],[0.298764,-0.586384,0.752923]],[[0.766069,0.617848,0.177206],[-0.594491,0.576264,0.560804],[0.244374,-0.534962,0.808763]],[[0.766069,0.617848,0.177206],[-0.64171,0.719442,0.265728],[0.0366903,-0.317281,0.947622]]],"btipPosition":[-82.3558,280.489,-47.774],"carpPosition":[-58.5357,226.2,38.5332],"dipPosition":[-81.5073,273.151,-25.8578],"direction":[-0.244374,0.534962,-0.808763],"extended":false,"handId":410,"id":4100,"length":51.5018,"mcpPosition":[-58.5357,226.2,38.5332],"pipPosition":[-73.2734,255.126,1.39226],"stabilizedTipPosition":[-82.1565,278.182,-42.4142],"timeVisible":29.6012,"tipPosition":[-82.1313,278.806,-40.5245],"tipVelocity":[-16.9247,478.465,-193.768],"tool":false,"touchDistance":-0.584667,"touchZone":"touching","type":0,"width":20.0112},{"bases":[[[0.803323,-0.320619,-0.501873],[0.58628,0.573815,0.57185],[0.104636,-0.753618,0.64893]],[[0.807543,-0.470093,-0.356212],[0.58886,0.67684,0.441737],[0.0334411,-0.56648,0.823396]],[[0.807543,-0.470093,-0.356212],[0.580397,0.740822,0.338114],[0.104945,-0.479786,0.871086]],[[0.807543,-0.470093,-0.356212],[0.568288,0.781803,0.256578],[0.157872,-0.409629,0.898488]]],"btipPosition":[-53.6438,336.678,-76.6867],"carpPosition":[-39.4446,239.462,41.4262],"dipPosition":[-50.9782,329.762,-61.5165],"direction":[-0.104945,0.479786,-0.871086],"extended":true,"handId":410,"id":4101,"length":58.114,"mcpPosition":[-47.0518,294.252,-5.75234],"pipPosition":[-48.4716,318.302,-40.7103],"stabilizedTipPosition":[-53.0582,334.713,-73.1114],"timeVisible":29.6012,"tipPosition":[-53.8187,333.76,-73.6693],"tipVelocity":[23.469,563.959,-126.629],"tool":false,"touchDistance":-0.59764,"touchZone":"touching","type":1,"width":19.1147},{"bases":[[[0.698278,-0.51258,-0.49967],[0.715806,0.494665,0.492878],[-0.00547035,-0.701833,0.712321]],[[0.69828,-0.512248,-0.500007],[0.211943,0.815136,-0.539104],[0.683728,0.270473,0.677761]],[[0.69828,-0.512248,-0.500007],[-0.569917,0.0248077,-0.821328],[0.433127,0.858479,-0.274616]],[[0.69828,-0.512248,-0.500007],[-0.713349,-0.439926,-0.545526],[0.0594785,0.73761,-0.672603]]],"btipPosition":[-74.3155,234.69,-25.2175],"carpPosition":[-28.8495,237.007,35.9693],"dipPosition":[-73.211,248.387,-37.708],"direction":[-0.433127,-0.858479,0.274616],"extended":false,"handId":410,"id":4102,"length":66.2163,"mcpPosition":[-28.4723,285.395,-13.1419],"pipPosition":[-61.0397,272.511,-45.425],"stabilizedTipPosition":[-74.0649,237.506,-27.9153],"timeVisible":29.6012,"tipPosition":[-74.1857,239.149,-29.5911],"tipVelocity":[-6.56066,462.155,-173.112],"tool":false,"touchDistance":0.333333,"touchZone":"none","type":2,"width":18.7732},{"bases":[[[0.633901,-0.646095,-0.425124],[0.763326,0.434154,0.478376],[-0.124507,-0.627751,0.768392]],[[0.629617,-0.66575,-0.400449],[0.340236,0.699666,-0.628257],[0.698443,0.259314,0.667034]],[[0.629617,-0.66575,-0.400449],[-0.540945,-0.00570131,-0.841038],[0.557639,0.746153,-0.363724]],[[0.629617,-0.66575,-0.400449],[-0.754942,-0.402587,-0.517674],[0.183426,0.628252,-0.756078]]],"btipPosition":[-61.5558,227.207,-23.3048],"carpPosition":[-19.7725,231.823,29.794],"dipPosition":[-58.1691,238.806,-37.2648],"direction":[-0.557639,-0.746153,0.363724],"extended":false,"handId":410,"id":4103,"length":63.6687,"mcpPosition":[-12.0654,270.682,-17.7705],"pipPosition":[-42.9035,259.233,-47.2218],"stabilizedTipPosition":[-60.7861,229.359,-26.303],"timeVisible":29.6012,"tipPosition":[-60.1722,230.301,-26.6348],"tipVelocity":[-10.9055,469.612,-165.821],"tool":false,"touchDistance":0.333333,"touchZone":"none","type":3,"width":17.8639},{"bases":[[[0.480335,-0.777202,-0.406492],[0.83861,0.2712,0.472424],[-0.256928,-0.56781,0.782036]],[[0.481998,-0.773487,-0.411577],[0.460695,0.623301,-0.631867],[0.745277,0.114947,0.656771]],[[0.481998,-0.773487,-0.411577],[-0.539289,0.108317,-0.835125],[0.69054,0.624488,-0.364925]],[[0.481998,-0.773487,-0.411577],[-0.823096,-0.238722,-0.515291],[0.300319,0.587136,-0.751718]]],"btipPosition":[-44.893,227.789,-26.245],"carpPosition":[-15.1114,221.341,21.6581],"dipPosition":[-39.7775,237.79,-39.0494],"direction":[-0.69054,-0.624488,0.364925],"extended":false,"handId":410,"id":4104,"length":49.9151,"mcpPosition":[-0.389032,253.877,-23.1536],"pipPosition":[-26.4307,249.86,-46.1027],"stabilizedTipPosition":[-43.7245,229.633,-29.004],"timeVisible":29.6012,"tipPosition":[-43.2494,230.572,-29.467],"tipVelocity":[-10.475,480.866,-166.332],"tool":false,"touchDistance":0.333333,"touchZone":"none","type":4,"width":15.8681}],"r":[[0.985768,-0.161624,0.0462491],[0.119208,0.866021,0.485589],[-0.118535,-0.473165,0.872963]],"s":1.62514,"t":[-20.0801,75.1536,-161.303],"timestamp":88810418261},false],[6,{"currentFrameRate":55.2178,"devices":[],"gestures":[{"direction":[0.114928,0.968279,-0.221873],"duration":54351,"handIds":[410],"id":8,"pointableIds":[4101],"position":[-52.1826,340.153,-72.7398],"speed":351.736,"startPosition":[-62.6826,247.431,-50.729],"state":"update","type":"swipe"}],"hands":[{"armBasis":[[0.785207,-0.449393,-0.426023],[0.578161,0.778435,0.244476],[0.221765,-0.438274,0.871055]],"armWidth":62.9686,"confidence":0.531992,"direction":[0.119716,0.770345,-0.626288],"elbow":[29.9321,106.828,263.202],"grabStrength":0,"id":410,"palmNormal":[-0.602775,-0.444852,-0.662396],"palmPosition":[-31.3658,266.417,-2.36081],"palmVelocity":[-14.8334,339.436,-112.581],"palmWidth":89.917,"pinchStrength":0.474816,"r":[[0.985801,-0.161794,0.0449304],[0.11919,0.8627,0.491469],[-0.118278,-0.479136,0.869735]],"s":1.63728,"sphereCenter":[-42.2728,249.274,-52.2992],"sphereRadius":52.0824,"stabilizedPalmPosition":[-31.3759,266.188,-2.29466],"t":[-20.3352,81.139,-163.283],"timeVisible":29.6192,"type":"right","wrist":[-29.2385,223.767,30.7911]}],"id":1418669,"interactionBox":{"center":[0,200,0],"size":[235.247,235.247,147.751]},"pointables":[{"bases":[[[0.879942,0.364387,0.304835],[-0.412037,0.265944,0.871493],[0.236492,-0.892466,0.384156]],[[0.770474,0.612281,0.177432],[-0.560292,0.517676,0.646595],[0.304045,-0.597598,0.741912]],[[0.770474,0.612281,0.177432],[-0.586568,0.571944,0.573427],[0.249617,-0.545887,0.799812]],[[0.770474,0.612281,0.177432],[-0.636775,0.726215,0.259093],[0.0297833,-0.312609,0.949415]]],"btipPosition":[-82.3982,284.385,-48.0833],"carpPosition":[-58.3007,229.283,37.4206],"dipPosition":[-81.7094,277.155,-26.1256],"direction":[-0.249617,0.545887,-0.799812],"extended":false,"handId":410,"id":4100,"length":51.5018,"mcpPosition":[-58.3007,229.283,37.4206],"pipPosition":[-73.2989,258.762,0.822837],"stabilizedTipPosition":[-82.2341,282.411,-42.9907],"timeVisible":29.6192,"tipPosition":[-82.1348,282.759,-41.0098],"tipVelocity":[-10.9663,354.298,-109.616],"tool":false,"touchDistance":-0.55903,"touchZone":"touching","type":0,"width":20.0112},{"bases":[[[0.797781,-0.320983,-0.510408],[0.593964,0.563959,0.573722],[0.103694,-0.760868,0.640568]],[[0.80203,-0.470843,-0.367497],[0.596615,0.66065,0.455623],[0.0282599,-0.584678,0.810773]],[[0.80203,-0.470843,-0.367497],[0.588999,0.725602,0.355785],[0.0991378,-0.501806,0.85928]],[[0.80203,-0.470843,-0.367497],[0.577618,0.768013,0.276611],[0.152002,-0.434124,0.887937]]],"btipPosition":[-52.7729,341.839,-76.188],"carpPosition":[-39.1,242.384,40.3209],"dipPosition":[-50.2065,334.509,-61.1959],"direction":[-0.0991378,0.501806,-0.85928],"extended":true,"handId":410,"id":4101,"length":58.114,"mcpPosition":[-46.6387,297.7,-6.24972],"pipPosition":[-47.8385,322.523,-40.6717],"stabilizedTipPosition":[-52.2057,340.01,-72.7496],"timeVisible":29.6192,"tipPosition":[-53.0581,338.736,-73.297],"tipVelocity":[34.6217,429.297,-54.4488],"tool":false,"touchDistance":-0.559343,"touchZone":"touching","type":1,"width":19.1147},{"bases":[[[0.691431,-0.512235,-0.509449],[0.72242,0.484732,0.493096],[-0.0056348,-0.708978,0.705208]],[[0.691434,-0.511938,-0.509744],[0.205323,0.815743,-0.540746],[0.692649,0.269228,0.669144]],[[0.691434,-0.511938,-0.509744],[-0.581134,0.0250459,-0.813423],[0.429189,0.858657,-0.280187]],[[0.691434,-0.511938,-0.509744],[-0.720577,-0.438058,-0.537471],[0.0518541,0.738935,-0.671778]]],"btipPosition":[-74.1855,238.117,-25.3755],"carpPosition":[-28.5581,239.912,34.7692],"dipPosition":[-73.2225,251.839,-37.8506],"direction":[-0.429189,-0.858657,0.280187],"extended":false,"handId":410,"id":4102,"length":66.2163,"mcpPosition":[-28.1696,288.792,-13.8515],"pipPosition":[-61.1619,275.968,-45.7242],"stabilizedTipPosition":[-73.9681,241.121,-28.2315],"timeVisible":29.6192,"tipPosition":[-74.1411,242.583,-29.7899],"tipVelocity":[-0.88085,332.915,-94.9508],"tool":false,"touchDistance":0.333333,"touchZone":"none","type":2,"width":18.7732},{"bases":[[[0.626626,-0.646058,-0.435831],[0.769426,0.424049,0.477667],[-0.123787,-0.634659,0.762814]],[[0.622287,-0.66628,-0.41089],[0.333209,0.700438,-0.631156],[0.708329,0.255848,0.657884]],[[0.622287,-0.66628,-0.41089],[-0.552859,-0.00248238,-0.833271],[0.554172,0.745698,-0.369903]],[[0.622287,-0.66628,-0.41089],[-0.762624,-0.397647,-0.510178],[0.176532,0.630832,-0.755571]]],"btipPosition":[-61.6,230.658,-23.7079],"carpPosition":[-19.5579,234.73,28.4818],"dipPosition":[-58.3406,242.306,-37.6585],"direction":[-0.554172,-0.745698,0.369903],"extended":false,"handId":410,"id":4103,"length":63.6687,"mcpPosition":[-11.8953,274.016,-18.7374],"pipPosition":[-43.17,262.719,-47.7848],"stabilizedTipPosition":[-60.8467,233.11,-26.8815],"timeVisible":29.6192,"tipPosition":[-60.3511,233.816,-27.2512],"tipVelocity":[-7.65839,337.606,-97.6045],"tool":false,"touchDistance":0.333333,"touchZone":"none","type":3,"width":17.8639},{"bases":[[[0.472285,-0.776295