{"sensorType":"Leap","data":[[0,{"currentFrameRate":55.3471,"devices":[],"gestures":[],"hands":[{"armBasis":[[0.932847,-0.256998,-0.252483],[0.337985,0.866938,0.366312],[0.124746,-0.427049,0.895582]],"armWidth":62.9686,"confidence":0.808444,"direction":[0.0981155,0.34334,-0.934072],"elbow":[28.1285,49.2359,300.185],"grabStrength":0,"id":410,"palmNormal":[-0.339121,-0.87089,-0.355737],"palmPosition":[-8.41558,180.432,10.0986],"palmVelocity":[5.51547,-279.097,90.6829],"palmWidth":89.917,"pinchStrength":0.415362,"r":[[0.954309,0.120678,0.273368],[-0.122727,0.992393,-0.0096608],[-0.272455,-0.0243303,0.961861]],"s":1.31953,"sphereCenter":[-33.0822,154.63,-20.8337],"sphereRadius":46.6174,"stabilizedPalmPosition":[-8.48078,183.084,9.19373],"t":[2.24202,6.19839,-154.452],"timeVisible":15.257,"type":"right","wrist":[-5.15578,163.179,61.2289]}],"id":1417877,"interactionBox":{"center":[0,200,0],"size":[235.247,235.247,147.751]},"pointables":[{"bases":[[[0.698952,0.704434,0.123444],[-0.639607,0.5385,0.548563],[0.319952,-0.462375,0.826946]],[[0.668484,0.741971,0.051072],[-0.617741,0.515694,0.593679],[0.414155,-0.428414,0.80308]],[[0.668484,0.741971,0.051072],[-0.74333,0.668792,0.013323],[-0.0242713,-0.0468696,0.998606]],[[0.668484,0.741971,0.051072],[-0.371958,0.393004,-0.840949],[-0.644031,0.543164,0.538699]]],"btipPosition":[-40.182,172.781,-24.2566],"carpPosition":[-35.4648,162.631,61.4639],"dipPosition":[-55.0769,185.343,-11.7978],"direction":[0.0242713,0.0468696,-0.998606],"extended":false,"handId":410,"id":4100,"length":51.5018,"mcpPosition":[-35.4648,162.631,61.4639],"pipPosition":[-55.8947,183.764,21.8488],"stabilizedTipPosition":[-43.9764,180.941,-24.0058],"timeVisible":15.257,"tipPosition":[-43.2305,173.001,-21.0876],"tipVelocity":[20.2067,-216.561,104.846],"tool":false,"touchDistance":0.558847,"touchZone":"hovering","type":0,"width":20.0112},{"bases":[[[0.938804,-0.289027,-0.187378],[0.326413,0.920221,0.215979],[0.110006,-0.263925,0.95825]],[[0.937106,-0.28516,-0.201286],[0.285596,0.957955,-0.0275092],[0.200668,-0.0317075,0.979146]],[[0.937106,-0.28516,-0.201286],[0.227215,0.936131,-0.268389],[0.264964,0.205774,0.942046]],[[0.937106,-0.28516,-0.201286],[0.175144,0.882981,-0.435511],[0.301922,0.372865,0.877391]]],"btipPosition":[-48.3612,189.61,-90.3386],"carpPosition":[-20.4175,180.286,58.2136],"dipPosition":[-43.2635,195.905,-75.5246],"direction":[-0.264964,-0.205774,-0.942046],"extended":true,"handId":410,"id":4101,"length":58.114,"mcpPosition":[-28.4152,199.474,-11.4531],"pipPosition":[-36.9347,200.82,-53.0235],"stabilizedTipPosition":[-47.1804,191.161,-86.9525],"timeVisible":15.257,"tipPosition":[-46.4211,193.548,-87.1642],"tipVelocity":[-75.8309,-569.789,89.0535],"tool":false,"touchDistance":0.436063,"touchZone":"hovering","type":1,"width":19.1147},{"bases":[[[0.875542,-0.474639,-0.090248],[0.482766,0.852092,0.202177],[-0.0190614,-0.220583,0.975182]],[[0.875401,-0.476052,-0.083954],[0.0986446,0.345944,-0.933055],[0.473226,0.808515,0.349799]],[[0.875401,-0.476052,-0.083954],[-0.450249,-0.739773,-0.500012],[0.175925,0.475511,-0.861939]],[[0.875401,-0.476052,-0.083954],[-0.47027,-0.878885,0.0800428],[-0.11189,-0.0305884,-0.99325]]],"btipPosition":[-32.7243,142.412,14.5342],"carpPosition":[-8.63192,178.509,55.7635],"dipPosition":[-34.8021,141.843,-3.91085],"direction":[-0.175925,-0.475511,0.861939],"extended":false,"handId":410,"id":4102,"length":66.2163,"mcpPosition":[-7.31773,193.717,-11.4706],"pipPosition":[-29.8584,155.206,-28.1323],"stabilizedTipPosition":[-33.715,144.726,9.199],"timeVisible":15.257,"tipPosition":[-33.0766,142.543,10.2071],"tipVelocity":[59.4867,-317.994,145.047],"tool":false,"touchDistance":0.333333,"touchZone":"none","type":2,"width":18.7732},{"bases":[[[0.824293,-0.564801,0.0392593],[0.543232,0.808538,0.226196],[-0.159498,-0.165125,0.97329]],[[0.827181,-0.561554,0.0207162],[0.210349,0.275242,-0.938081],[0.521081,0.78032,0.345797]],[[0.827181,-0.561554,0.0207162],[-0.479258,-0.724247,-0.495761],[0.2934,0.400156,-0.868212]],[[0.827181,-0.561554,0.0207162],[-0.561326,-0.824006,0.0769866],[-0.0261618,-0.0753104,-0.996817]]],"btipPosition":[-18.2927,139.916,20.7192],"carpPosition":[2.39016,173.712,54.0626],"dipPosition":[-18.7757,138.526,2.31434],"direction":[-0.2934,-0.400156,0.868212],"extended":false,"handId":410,"id":4103,"length":63.6687,"mcpPosition":[12.2633,183.933,-6.18536],"pipPosition":[-10.7438,149.48,-21.4532],"stabilizedTipPosition":[-19.5353,144.854,13.8627],"timeVisible":15.257,"tipPosition":[-18.3152,139.705,16.4549],"tipVelocity":[66.6193,-288.701,139.482],"tool":false,"touchDistance":0.333333,"touchZone":"none","type":3,"width":17.8639},{"bases":[[[0.699128,-0.705894,0.113726],[0.648587,0.693062,0.314642],[-0.300923,-0.146214,0.942373]],[[0.67507,-0.714745,0.182813],[0.423926,0.173007,-0.889019],[0.603794,0.677649,0.419791]],[[0.67507,-0.714745,0.182813],[-0.526557,-0.640353,-0.559183],[0.516738,0.281226,-0.808637]],[[0.67507,-0.714745,0.182813],[-0.725459,-0.688167,-0.0116399],[0.134125,-0.124766,-0.983079]]],"btipPosition":[-5.48091,143.745,16.9377],"carpPosition":[10.6459,162.356,53.2307],"dipPosition":[-3.19628,141.62,0.192431],"direction":[-0.516738,-0.281226,0.808637],"extended":false,"handId":410,"id":4104,"length":49.9151,"mcpPosition":[27.8892,170.734,-0.768614],"pipPosition":[6.7913,147.056,-15.437],"stabilizedTipPosition":[-6.18053,149.617,9.61832],"timeVisible":15.257,"tipPosition":[-4.66558,143.321,13.0813],"tipVelocity":[60.3989,-271.644,141.053],"tool":false,"touchDistance":0.333333,"touchZone":"none","type":4,"width":15.8681}],"r":[[0.954309,0.120678,0.273368],[-0.122727,0.992393,-0.0096608],[-0.272455,-0.0243303,0.961861]],"s":1.31953,"t":[2.24202,6.19839,-154.452],"timestamp":88796074072},true],[1,{"currentFrameRate":55.3584,"devices":[],"gestures":[],"hands":[{"armBasis":[[0.947741,-0.223018,-0.228142],[0.296998,0.877909,0.37559],[0.116525,-0.42372,0.898267]],"armWidth":62.9686,"confidence":0.812639,"direction":[0.0883597,0.350849,-0.932254],"elbow":[26.5822,45.5844,302.947],"grabStrength":0,"id":410,"palmNormal":[-0.29844,-0.883595,-0.360823],"palmPosition":[-8.22607,175.926,12.1875],"palmVelocity":[7.88586,-265.297,102.636],"palmWidth":89.917,"pinchStrength":0.390925,"r":[[0.950887,0.150823,0.270306],[-0.148937,0.988461,-0.0276012],[-0.27135,-0.0140129,0.962379]],"s":1.32008,"sphereCenter":[-31.5764,148.801,-18.9688],"sphereRadius":46.5476,"stabilizedPalmPosition":[-8.292,177.779,11.4125],"t":[2.39576,1.416,-152.583],"timeVisible":15.275,"type":"right","wrist":[-4.50847,158.64,63.2753]}],"id":1417878,"interactionBox":{"center":[0,200,0],"size":[235.247,235.247,147.751]},"pointables":[{"bases":[[[0.666585,0.733988,0.1301],[-0.665836,0.507802,0.546625],[0.335152,-0.450997,0.827209]],[[0.641167,0.764094,0.071171],[-0.640238,0.481485,0.598555],[0.423085,-0.42934,0.797914]],[[0.641167,0.764094,0.071171],[-0.766725,0.641734,0.017614],[-0.0322141,-0.0658621,0.997309]],[[0.641167,0.764094,0.071171],[-0.389539,0.403965,-0.82769],[-0.661184,0.502964,0.556654]]],"btipPosition":[-39.2583,168.525,-22.51],"carpPosition":[-34.765,156.759,63.3272],"dipPosition":[-54.5499,180.157,-9.63594],"direction":[0.0322141,0.0658621,-0.997309],"extended":false,"handId":410,"id":4100,"length":51.5018,"mcpPosition":[-34.765,156.759,63.3272],"pipPosition":[-55.6353,177.938,23.9669],"stabilizedTipPosition":[-43.3763,176.073,-21.7787],"timeVisible":15.275,"tipPosition":[-42.431,168.648,-19.285],"tipVelocity":[32.5256,-231.466,103.589],"tool":false,"touchDistance":0.563927,"touchZone":"hovering","type":0,"width":20.0112},{"bases":[[[0.951674,-0.246794,-0.182782],[0.28439,0.932849,0.221167],[0.115926,-0.26246,0.957954]],[[0.949742,-0.242653,-0.197763],[0.239353,0.970075,-0.0407937],[0.201743,-0.00859166,0.979401]],[[0.949742,-0.242653,-0.197763],[0.177064,0.93741,-0.299853],[0.258145,0.249766,0.933262]],[[0.949742,-0.242653,-0.197763],[0.123311,0.870686,-0.476131],[0.287724,0.427815,0.856848]]],"btipPosition":[-48.5067,181.328,-87.7558],"carpPosition":[-20.4896,175.071,60.2291],"dipPosition":[-43.6487,188.551,-73.2886],"direction":[-0.258145,-0.249766,-0.933262],"extended":true,"handId":410,"id":4101,"length":58.114,"mcpPosition":[-28.9177,194.152,-9.41612],"pipPosition":[-37.4828,194.517,-50.9973],"stabilizedTipPosition":[-47.3871,183.076,-84.455],"timeVisible":15.275,"tipPosition":[-46.7021,185.639,-84.7429],"tipVelocity":[-45.1481,-511.853,112.677],"tool":false,"touchDistance":0.463336,"touchZone":"hovering","type":1,"width":19.1147},{"bases":[[[0.896068,-0.435372,-0.0866864],[0.443664,0.871707,0.208059],[-0.015018,-0.224895,0.974267]],[[0.895954,-0.436795,-0.0804784],[0.0885001,0.353135,-0.931377],[0.435241,0.827348,0.355049]],[[0.895954,-0.436795,-0.0804784],[-0.414665,-0.757718,-0.5039],[0.159121,0.484843,-0.860004]],[[0.895954,-0.436795,-0.0804784],[-0.431417,-0.898939,0.0760838],[-0.105578,-0.0334478,-0.993848]]],"btipPosition":[-30.83,136.916,16.3837],"carpPosition":[-8.62321,173.822,57.8433],"dipPosition":[-32.7907,136.295,-2.07248],"direction":[-0.159121,-0.484843,0.860004],"extended":false,"handId":410,"id":4102,"length":66.2163,"mcpPosition":[-7.58779,189.328,-9.32783],"pipPosition":[-28.3192,149.919,-26.2395],"stabilizedTipPosition":[-31.7593,138.336,11.561],"timeVisible":15.275,"tipPosition":[-31.1831,137.011,12.0426],"tipVelocity":[81.8223,-312.097,124.853],"tool":false,"touchDistance":0.333333,"touchZone":"none","type":2,"width":18.7732},{"bases":[[[0.848079,-0.528187,0.0421938],[0.505845,0.830761,0.232286],[-0.157743,-0.175653,0.971732]],[[0.851024,-0.524621,0.0230244],[0.208534,0.297387,-0.931705],[0.481945,0.797705,0.362484]],[[0.851024,-0.524621,0.0230244],[-0.441648,-0.73877,-0.509083],[0.284085,0.423073,-0.86041]],[[0.851024,-0.524621,0.0230244],[-0.524896,-0.848535,0.0668729],[-0.0155459,-0.0689959,-0.997496]]],"btipPosition":[-16.3958,134.865,22.0066],"carpPosition":[2.60877,169.521,56.1913],"dipPosition":[-16.6828,133.591,3.58915],"direction":[-0.284085,-0.423073,0.86041],"extended":false,"handId":410,"id":4103,"length":63.6687,"mcpPosition":[12.3733,180.394,-3.96017],"pipPosition":[-8.90589,145.173,-19.9648],"stabilizedTipPosition":[-17.5136,138.091,16.4333],"timeVisible":15.275,"tipPosition":[-16.3777,134.716,17.9625],"tipVelocity":[86.1193,-283.978,107.129],"tool":false,"touchDistance":0.333333,"touchZone":"none","type":3,"width":17.8639},{"bases":[[[0.728806,-0.674924,0.115413],[0.615658,0.719691,0.320952],[-0.29968,-0.162857,0.940037]],[[0.704542,-0.685153,0.184893],[0.422051,0.195082,-0.885334],[0.57052,0.701789,0.426614]],[[0.704542,-0.685153,0.184893],[-0.494355,-0.660761,-0.564808],[0.50915,0.306528,-0.804243]],[[0.704542,-0.685153,0.184893],[-0.694606,-0.719161,-0.0181516],[0.145404,-0.115639,-0.982591]]],"btipPosition":[-3.72044,139.396,18.878],"carpPosition":[11.3604,158.542,55.3687],"dipPosition":[-1.24369,137.427,2.14102],"direction":[-0.50915,-0.306528,0.804243],"extended":false,"handId":410,"id":4104,"length":49.9151,"mcpPosition":[28.5325,167.873,1.50331],"pipPosition":[8.59724,143.351,-13.4035],"stabilizedTipPosition":[-4.45309,143.531,12.703],"timeVisible":15.275,"tipPosition":[-2.87261,139.012,15.0398],"tipVelocity":[79.2361,-256.295,125.259],"tool":false,"touchDistance":0.333333,"touchZone":"none","type":4,"width":15.8681}],"r":[[0.950887,0.150823,0.270306],[-0.148937,0.988461,-0.0276012],[-0.27135,-0.0140129,0.962379]],"s":1.32008,"t":[2.39576,1.416,-152.583],"timestamp":88796092097},false],[2,{"currentFrameRate":55.35,"devices":[],"gestures":[],"hands":[{"armBasis":[[0.959139,-0.195725,-0.204316],[0.262622,0.884547,0.385495],[0.105276,-0.423401,0.899805]],"armWidth":62.9686,"confidence":0.819709,"direction":[0.0730867,0.34517,-0.93569],"elbow":[24.6293,41.5817,305.189],"grabStrength":0,"id":410,"palmNormal":[-0.265441,-0.897627,-0.351862],"palmPosition":[-7.9349,171.204,13.8696],"palmVelocity":[11.7876,-263.225,98.0341],"palmWidth":89.917,"pinchStrength":0.370547,"r":[[0.946346,0.182507,0.266684],[-0.177313,0.983186,-0.0436462],[-0.270166,-0.00598198,0.962795]],"s":1.31964,"sphereCenter":[-30.3085,142.639,-16.9521],"sphereRadius":46.4851,"stabilizedPalmPosition":[-8.01566,172.691,13.314],"t":[2.61822,-3.33618,-150.808],"timeVisible":15.2931,"type":"right","wrist":[-3.46012,154.552,65.1072]}],"id":1417879,"interactionBox":{"center":[0,200,0],"size":[235.247,235.247,147.751]},"pointables":[{"bases":[[[0.638525,0.759924,0.121662],[-0.683505,0.487307,0.543463],[0.353704,-0.430172,0.83057]],[[0.616765,0.783762,0.07292],[-0.654232,0.458903,0.601156],[0.4377,-0.418479,0.795798]],[[0.616765,0.783762,0.07292],[-0.786546,0.617264,0.0181788],[-0.0307631,-0.068567,0.997172]],[[0.616765,0.783762,0.07292],[-0.415097,0.402559,-0.815868],[-0.668802,0.47293,0.573621]]],"btipPosition":[-38.7103,163.542,-20.8716],"carpPosition":[-33.6234,151.526,65.249],"dipPosition":[-54.1781,174.48,-7.60511],"direction":[0.0307631,0.068567,-0.997172],"extended":false,"handId":410,"id":4100,"length":51.5018,"mcpPosition":[-33.6234,151.526,65.249],"pipPosition":[-55.2146,172.169,25.9931],"stabilizedTipPosition":[-42.7477,170.394,-19.534],"timeVisible":15.2931,"tipPosition":[-41.9114,163.582,-17.5354],"tipVelocity":[30.3929,-256.54,99.7554],"tool":false,"touchDistance":0.566797,"touchZone":"hovering","type":0,"width":20.0112},{"bases":[[[0.959977,-0.212241,-0.182752],[0.249248,0.944998,0.211787],[0.127751,-0.248861,0.960077]],[[0.957703,-0.208044,-0.198803],[0.198498,0.977807,-0.0670255],[0.208335,0.0247285,0.977745]],[[0.957703,-0.208044,-0.198803],[0.13226,0.931812,-0.337983],[0.255562,0.297394,0.919916]],[[0.957703,-0.208044,-0.198803],[0.0773117,0.851492,-0.518636],[0.277178,0.48133,0.831561]]],"btipPosition":[-48.9761,172.149,-85.3768],"carpPosition":[-20.0593,170.336,61.9463],"dipPosition":[-44.2962,180.276,-71.3366],"direction":[-0.255562,-0.297394,-0.919916],"extended":true,"handId":410,"id":4101,"length":58.114,"mcpPosition":[-29.347,188.429,-7.85319],"pipPosition":[-38.192,187.379,-49.3641],"stabilizedTipPosition":[-47.8939,174.122,-82.174],"timeVisible":15.2931,"tipPosition":[-47.315,176.702,-82.5625],"tipVelocity":[-37.0909,-504.203,119.031],"tool":false,"touchDistance":0.484548,"touchZone":"hovering","type":1,"width":19.1147},{"bases":[[[0.91176,-0.40188,-0.0847713],[0.410699,0.889819,0.198869],[-0.00449035,-0.216136,0.976353]],[[0.911713,-0.403245,-0.0785682],[0.0735003,0.34826,-0.934512],[0.404199,0.846232,0.347152]],[[0.911713,-0.403245,-0.0785682],[-0.386638,-0.77754,-0.495927],[0.13889,0.48252,-0.864803]],[[0.911713,-0.403245,-0.0785682],[-0.396783,-0.913869,0.0860594],[-0.106504,-0.047287,-0.993187]]],"btipPosition":[-29.0273,131.429,18.4392],"carpPosition":[-8.15891,169.516,59.5439],"dipPosition":[-31.0051,130.551,-0.00465812],"direction":[-0.13889,-0.48252,0.864803],"extended":false,"handId":410,"id":4102,"length":66.2163,"mcpPosition":[-7.84933,184.418,-7.77101],"pipPosition":[-27.1021,144.11,-24.3065],"stabilizedTipPosition":[-29.8469,132.365,13.7749],"timeVisible":15.2931,"tipPosition":[-29.3985,131.452,14.1187],"tipVelocity":[90.1832,-309.437,119.571],"tool":false,"touchDistance":0.333333,"touchZone":"none","type":2,"width":18.7732},{"bases":[[[0.867589,-0.495233,0.0450823],[0.474438,0.851489,0.223327],[-0.148986,-0.172367,0.973701]],[[0.870393,-0.49169,0.0256157],[0.198043,0.301995,-0.932512],[0.450771,0.816725,0.36023]],[[0.870393,-0.49169,0.0256157],[-0.41319,-0.757745,-0.50507],[0.267748,0.429026,-0.862698]],[[0.870393,-0.49169,0.0256157],[-0.49214,-0.867286,0.0749206],[-0.0146216,-0.0778169,-0.99686]]],"btipPosition":[-14.5153,129.929,23.7491],"carpPosition":[3.22478,165.628,57.9052],"dipPosition":[-14.7852,128.492,5.34335],"direction":[-0.267748,-0.429026,0.862698],"extended":false,"handId":410,"id":4103,"length":63.6687,"mcpPosition":[12.4472,176.298,-2.36814],"pipPosition":[-7.45556,140.237,-18.2733],"stabilizedTipPosition":[-15.355,131.848,18.6994],"timeVisible":15.2931,"tipPosition":[-14.5066,129.746,19.8159],"tipVelocity":[94.6868,-279.63,102.045],"tool":false,"touchDistance":0.333333,"touchZone":"none","type":3,"width":17.8639},{"bases":[[[0.754118,-0.645692,0.119951],[0.588566,0.745501,0.312761],[-0.29137,-0.16526,0.942227]],[[0.730289,-0.656218,0.189884],[0.413032,0.202739,-0.887864],[0.544136,0.726825,0.419097]],[[0.730289,-0.656218,0.189884],[-0.469947,-0.684323,-0.557541],[0.49581,0.31793,-0.808141]],[[0.730289,-0.656218,0.189884],[-0.666959,-0.745032,-0.00964594],[0.1478,-0.119601,-0.981759]]],"btipPosition":[-2.03316,134.946,20.8716],"carpPosition":[12.3849,154.981,57.164],"dipPosition":[0.484391,132.909,4.14875],"direction":[-0.495811,-0.31793,0.808141],"extended":false,"handId":410,"id":4104,"length":49.9151,"mcpPosition":[29.0808,164.451,3.17304],"pipPosition":[10.0675,139.054,-11.4711],"stabilizedTipPosition":[-2.58301,137.886,15.3983],"timeVisible":15.2931,"tipPosition":[-1.18448,134.552,17.042],"tipVelocity":[86.1427,-251.771,118.167],"tool":false,"touchDistance":0.333333,"touchZone":"none","type":4,"width":15.8681}],"r":[[0.946346,0.182507,0.266684],[-0.177313,0.983186,-0.0436462],[-0.270166,-0.00598198,0.962795]],"s":1.31964,"t":[2.61822,-3.33618,-150.808],"timestamp":88796110193},false],[3,{"currentFrameRate":55.3285,"devices":[],"gestures":[],"hands":[{"armBasis":[[0.968532,-0.176968,-0.175011],[0.233585,0.889083,0.393661],[0.0859342,-0.422153,0.902442]],"armWidth":62.9686,"confidence":0.833238,"direction":[0.0638497,0.335958,-0.93971],"elbow":[20.4027,37.0886,308.772],"grabStrength":0,"id":410,"palmNormal":[-0.237558,-0.909447,-0.34128],"palmPosition":[-7.43422,165.617,16.5466],"palmVelocity":[19.3174,-284.497,121.611],"palmWidth":89.917,"pinchStrength":0.345202,"r":[[0.940714,0.214065,0.263122],[-0.205837,0.976819,-0.0587911],[-0.269608,0.00114543,0.96297]],"s":1.319,"sphereCenter":[-28.8857,135.778,-13.9514],"sphereRadius":46.4501,"stabilizedPalmPosition":[-7.54919,167.016,15.9074],"t":[2.97978,-8.50582,-148.582],"timeVisible":15.3112,"type":"right","wrist":[-2.5259,149.726,67.9857]}],"id":1417880,"interactionBox":{"center":[0,200,0],"size":[235.247,235.247,147.751]},"pointables":[{"bases":[[[0.61497,0.780393,0.113133],[-0.698744,0.4728,0.536858],[0.365471,-0.409203,0.836053]],[[0.597538,0.798361,0.0746196],[-0.666245,0.442555,0.600218],[0.446168,-0.408368,0.796348]],[[0.597538,0.798361,0.0746196],[-0.801259,0.598057,0.017655],[-0.0305317,-0.0703392,0.997056]],[[0.597538,0.798361,0.0746196],[-0.442832,0.406151,-0.799338],[-0.668468,0.444591,0.59623]]],"btipPosition":[-38.1036,158.018,-18.5331],"carpPosition":[-32.5834,145.786,68.1336],"dipPosition":[-53.5637,168.301,-4.74369],"direction":[0.0305317,0.0703392,-0.997056],"extended":false,"handId":410,"id":4100,"length":51.5018,"mcpPosition":[-32.5834,145.786,68.1336],"pipPosition":[-54.5924,165.931,28.8506],"stabilizedTipPosition":[-42.0543,164.016,-16.8755],"timeVisible":15.3112,"tipPosition":[-41.2557,157.943,-14.9907],"tipVelocity":[31.8872,-283.285,116.783],"tool":false,"touchDistance":0.580333,"touchZone":"hovering","type":0,"width":20.0112},{"bases":[[[0.966233,-0.18514,-0.179212],[0.220125,0.954617,0.200628],[0.133935,-0.233302,0.963136]],[[0.963726,-0.181005,-0.196134],[0.165796,0.981905,-0.0915125],[0.209149,0.0556749,0.976298]],[[0.963726,-0.181005,-0.196134],[0.0971914,0.922434,-0.373723],[0.248566,0.341105,0.906566]],[[0.963726,-0.181005,-0.196134],[0.0420522,0.828683,-0.558136],[0.263558,0.529643,0.806235]]],"btipPosition":[-48.5966,162.467,-82.1196],"carpPosition":[-19.5927,164.959,64.6181],"dipPosition":[-44.1467,171.409,-68.507],"direction":[-0.248566,-0.341105,-0.906566],"extended":true,"handId":410,"id":4101,"length":58.114,"mcpPosition":[-29.33,181.921,-5.4039],"pipPosition":[-38.2096,179.557,-46.8534],"stabilizedTipPosition":[-47.5779,164.665,-79.0357],"timeVisible":15.3112,"tipPosition":[-47.0835,167.192,-79.4999],"tipVelocity":[-10.839,-513.24,145.254],"tool":false,"touchDistance":0.516809,"touchZone":"hovering","type":1,"width":19.1147},{"bases":[[[0.923666,-0.374966,-0.079],[0.383197,0.90422,0.188538],[0.000738038,-0.204419,0.978883]],[[0.923652,-0.376261,-0.0727605],[0.0651783,0.341328,-0.937682],[0.377648,0.86135,0.339792]],[[0.923652,-0.376261,-0.0727605],[-0.361969,-0.794177,-0.488121],[0.125876,0.477191,-0.869738]],[[0.923652,-0.376261,-0.0727605],[-0.368942,-0.924401,0.0967739],[-0.103672,-0.062541,-0.992643]]],"btipPosition":[-27.3206,125.29,21.4377],"carpPosition":[-7.66959,164.472,62.2377],"dipPosition":[-29.2459,124.128,3.00389],"direction":[-0.125876,-0.477191,0.869738],"extended":false,"handId":410,"id":4102,"length":66.2163,"mcpPosition":[-7.72048,178.566,-5.25168],"pipPosition":[-25.7086,137.538,-21.4367],"stabilizedTipPosition":[-28.0799,126.138,16.6779],"timeVisible":15.3112,"tipPosition":[-27.6878,125.233,17.1737],"tipVelocity":[92.3395,-324.884,141.387],"tool":false,"touchDistance":0.333333,"touchZone":"none","type":2,"width":18.7732},{"bases":[[[0.882175,-0.468051,0.0519253],[0.448038,0.868142,0.213521],[-0.145017,-0.165098,0.975558]],[[0.884924,-0.46462,0.0322083],[0.19378,0.304426,-0.932617],[0.423508,0.831537,0.359428]],[[0.884924,-0.46462,0.0322083],[-0.387432,-0.772761,-0.50273],[0.258468,0.4324,-0.863843]],[[0.884924,-0.46462,0.0322083],[-0.465637,-0.881201,0.0816548],[-0.00955649,-0.0872557,-0.99614]]],"btipPosition":[-12.7922,124.192,26.4398],"carpPosition":[3.82923,160.913,60.6575],"dipPosition":[-12.9687,122.581,8.04744],"direction":[-0.258468,-0.4324,0.863843],"extended":false,"handId":410,"id":4103,"length":63.6687,"mcpPosition":[12.806,171.132,0.269156],"pipPosition":[-5.89303,134.418,-15.6005],"stabilizedTipPosition":[-13.3465,125.456,21.4947],"timeVisible":15.3112,"tipPosition":[-12.7649,123.994,22.6531],"tipVelocity":[95.3745,-298.085,124.153],"tool":false,"touchDistance":0.333333,"touchZone":"none","type":3,"width":17.8639},{"bases":[[[0.773225,-0.620978,0.128488],[0.56521,0.766756,0.304342],[-0.287508,-0.162702,0.943858]],[[0.749406,-0.631458,0.199126],[0.409333,0.205466,-0.888949],[0.520421,0.747693,0.412454]],[[0.749406,-0.631458,0.199126],[-0.447556,-0.704744,-0.550482],[0.487939,0.323414,-0.810752]],[[0.749406,-0.631458,0.199126],[-0.644155,-0.764894,-0.00132946],[0.15315,-0.127272,-0.979973]]],"btipPosition":[-0.440043,129.655,23.9202],"carpPosition":[13.3096,150.541,60.0539],"dipPosition":[2.16864,127.487,7.22784],"direction":[-0.487939,-0.323414,0.810752],"extended":false,"handId":410,"id":4104,"length":49.9151,"mcpPosition":[29.7842,159.864,5.96955],"pipPosition":[11.5996,133.738,-8.4425],"stabilizedTipPosition":[-0.754794,132.068,18.5194],"timeVisible":15.3112,"tipPosition":[0.4157,129.232,20.1239],"tipVelocity":[87.4756,-271.522,142.093],"tool":false,"touchDistance":0.333333,"touchZone":"none","type":4,"width":15.8681}],"r":[[0.940714,0.214065,0.263122],[-0.205837,0.976819,-0.0587911],[-0.269608,0.00114543,0.96297]],"s":1.319,"t":[2.97978,-8.50582,-148.582],"timestamp":88796128341},false],[4,{"currentFrameRate":55.3491,"devices":[],"gestures":[],"hands":[{"armBasis":[[0.9766,-0.158109,-0.145784],[0.204327,0.89363,0.399594],[0.0670974,-0.420031,0.905026]],"armWidth":62.9686,"confidence":0.768941,"direction":[0.0563264,0.32963,-0.942429],"elbow":[16.4803,33.3159,311.328],"grabStrength":0,"id":410,"palmNormal":[-0.208818,-0.919161,-0.333972],"palmPosition":[-6.66257,160.677,18.2648],"palmVelocity":[30.4784,-279.754,109.231],"palmWidth":89.917,"pinchStrength":0.324657,"r":[[0.933936,0.245279,0.260005],[-0.234383,0.969428,-0.0726187],[-0.269868,0.00688047,0.962873]],"s":1.31704,"sphereCenter":[-26.9912,129.661,-11.9859],"sphereRadius":46.316,"stabilizedPalmPosition":[-6.81508,161.768,17.8593],"t":[3.54639,-13.5605,-146.609],"timeVisible":15.3292,"type":"right","wrist":[-1.42231,145.387,69.8531]}],"id":1417881,"interactionBox":{"center":[0,200,0],"size":[235.247,235.247,147.751]},"pointables":[{"bases":[[[0.590637,0.799684,0.107951],[-0.714341,0.455939,0.530883],[0.37532,-0.390673,0.840541]],[[0.577336,0.812687,0.0788866],[-0.679004,0.424206,0.599168],[0.453472,-0.399486,0.796727]],[[0.577336,0.812687,0.0788866],[-0.815871,0.577999,0.0164773],[-0.0322055,-0.0738743,0.996747]],[[0.577336,0.812687,0.0788866],[-0.467739,0.408373,-0.78387],[-0.669256,0.415658,0.615894]]],"btipPosition":[-37.1524,153.119,-17.1735],"carpPosition":[-31.3465,140.536,69.9562],"dipPosition":[-52.6307,162.732,-2.92939],"direction":[0.0322055,0.0738743,-0.996747],"extended":false,"handId":410,"id":4100,"length":51.5018,"mcpPosition":[-31.3465,140.536,69.9562],"pipPosition":[-53.7158,160.243,30.6545],"stabilizedTipPosition":[-41.1101,157.904,-14.78],"timeVisible":15.3292,"tipPosition":[-40.2765,152.941,-13.4767],"tipVelocity":[41.7107,-282.119,100.002],"tool":false,"touchDistance":0.577595,"touchZone":"hovering","type":0,"width":20.0112},{"bases":[[[0.971928,-0.157201,-0.175053],[0.190428,0.962565,0.192887],[0.138178,-0.220807,0.96548]],[[0.969194,-0.153073,-0.192956],[0.132767,0.984549,-0.114174],[0.207452,0.0850382,0.974542]],[[0.969194,-0.153073,-0.192956],[0.0591573,0.905163,-0.420929],[0.23909,0.396547,0.886333]],[[0.969194,-0.153073,-0.192956],[0.00195552,0.788179,-0.615442],[0.246292,0.596106,0.764198]]],"btipPosition":[-47.6569,152.971,-79.3324],"carpPosition":[-18.9344,160.064,66.308],"dipPosition":[-43.4985,163.035,-66.4296],"direction":[-0.23909,-0.396547,-0.886333],"extended":true,"handId":410,"id":4101,"length":58.114,"mcpPosition":[-28.9802,176.117,-3.88429],"pipPosition":[-37.7877,172.507,-45.2592],"stabilizedTipPosition":[-46.7166,155.458,-76.4139],"timeVisible":15.3292,"tipPosition":[-46.2946,158.094,-77.0377],"tipVelocity":[17.2662,-513.287,145.516],"tool":false,"touchDistance":0.53782,"touchZone":"hovering","type":1,"width":19.1147},{"bases":[[[0.934861,-0.347363,-0.0733041],[0.35499,0.91705,0.181665],[0.00411984,-0.195854,0.980624]],[[0.934868,-0.348606,-0.0670428],[0.0591443,0.339169,-0.938865],[0.350033,0.87375,0.337696]],[[0.934868,-0.348606,-0.0670428],[-0.335904,-0.807579,-0.484752],[0.114845,0.475699,-0.872078]],[[0.934868,-0.348606,-0.0670428],[-0.341007,-0.934364,0.103338],[-0.0986667,-0.0737454,-0.992384]]],"btipPosition":[-25.347,119.806,23.2041],"carpPosition":[-6.99518,159.92,63.9633],"dipPosition":[-27.1793,118.437,4.77512],"direction":[-0.114845,-0.475699,0.872078],"extended":false,"handId":410,"id":4102,"length":66.2163,"mcpPosition":[-7.27923,173.423,-3.64607],"pipPosition":[-23.952,131.805,-19.7312],"stabilizedTipPosition":[-26.0874,120.409,18.6498],"timeVisible":15.3292,"tipPosition":[-25.6963,119.691,19.0363],"tipVelocity":[101.112,-316.584,120.938],"tool":false,"touchDistance":0.333333,"touchZone":"none","type":2,"width":18.7732},{"bases":[[[0.895839,-0.440535,0.0583171],[0.420825,0.883178,0.207131],[-0.142753,-0.161015,0.976574]],[[0.89856,-0.437166,0.0384272],[0.189492,0.307519,-0.932483],[0.395833,0.845173,0.359163]],[[0.89856,-0.437166,0.0384272],[-0.361126,-0.786328,-0.501275],[0.249357,0.436549,-0.864434]],[[0.89856,-0.437166,0.0384272],[-0.438839,-0.894433,0.0860742],[-0.00325815,-0.0942062,-0.995547]]],"btipPosition":[-10.7955,119.137,28.1808],"carpPosition":[4.61104,156.698,62.4444],"dipPosition":[-10.8557,117.398,9.79935],"direction":[-0.249357,-0.436549,0.864434],"extended":false,"handId":410,"id":4103,"length":63.6687,"mcpPosition":[13.4476,166.665,1.99322],"pipPosition":[-4.02947,129.349,-13.8648],"stabilizedTipPosition":[-11.2065,119.789,23.5683],"timeVisible":15.3292,"tipPosition":[-10.7502,118.922,24.4772],"tipVelocity":[103.457,-290.705,111.235],"tool":false,"touchDistance":0.333333,"touchZone":"none","type":3,"width":17.8639},{"bases":[[[0.791367,-0.59604,0.135922],[0.540761,0.786189,0.299139],[-0.285159,-0.163227,0.944479]],[[0.767551,-0.606672,0.206917],[0.407475,0.21262,-0.88812],[0.494803,0.765991,0.4104]],[[0.767551,-0.606672,0.206917],[-0.423052,-0.721979,-0.547516],[0.481552,0.33271,-0.810809]],[[0.767551,-0.606672,0.206917],[-0.620559,-0.784155,0.00283265],[0.160536,-0.130578,-0.978354]]],"btipPosition":[1.41247,124.996,25.8321],"carpPosition":[14.404,146.615,61.9561],"dipPosition":[4.14697,122.772,9.16726],"direction":[-0.481552,-0.33271,0.810809],"extended":false,"handId":410,"id":4104,"length":49.9151,"mcpPosition":[30.744,155.968,7.83612],"pipPosition":[13.4545,129.203,-6.50418],"stabilizedTipPosition":[1.23043,126.684,20.9899],"timeVisible":15.3292,"tipPosition":[2.27633,124.57,22.0927],"tipVelocity":[95.5629,-265.869,125.275],"tool":false,"touchDistance":0.333333,"touchZone":"none","type":4,"width":15.8681}],"r":[[0.933936,0.245279,0.260005],[-0.234383,0.969428,-0.0726187],[-0.269868,0.00688047,0.962873]],"s":1.31704,"t":[3.54639,-13.5605,-146.609],"timestamp":88796146337},false],[5,{"currentFrameRate":55.3439,"devices":[],"gestures":[],"hands":[{"armBasis":[[0.981419,-0.145014,-0.125652],[0.183894,0.897797,0.400179],[0.0547781,-0.41585,0.907782]],"armWidth":62.9686,"confidence":0.774189,"direction":[0.056274,0.32655,-0.943503],"elbow":[14.1344,29.7136,314.603],"grabStrength":0,"id":410,"palmNormal":[-0.188578,-0.924515,-0.331225],"palmPosition":[-5.6689,155.629,20.7017],"palmVelocity":[42.1065,-279.457,121.354],"palmWidth":89.917,"pinchStrength":0.310027,"r":[[0.926451,0.27391,0.258188],[-0.260701,0.96169,-0.0847807],[-0.271519,0.0112353,0.962367]],"s":1.31347,"sphereCenter":[-24.911,123.743,-9.49486],"sphereRadius":46.1126,"stabilizedPalmPosition":[-5.84587,156.576,20.2629],"t":[4.32653,-18.6121,-144.405],"timeVisible":15.3473,"type":"right","wrist":[-0.481266,140.669,72.3921]}],"id":1417882,"interactionBox":{"center":[0,200,0],"size":[235.247,235.247,147.751]},"pointables":[{"bases":[[[0.574179,0.811535,0.108304],[-0.726683,0.444208,0.524033],[0.377162,-0.379592,0.844783]],[[0.563911,0.821374,0.0857256],[-0.690048,0.411617,0.595319],[0.453694,-0.394862,0.798903]],[[0.563911,0.821374,0.0857256],[-0.824975,0.565018,0.0130839],[-0.0376897,-0.0780996,0.996233]],[[0.563911,0.821374,0.0857256],[-0.484675,0.413214,-0.770937],[-0.668651,0.393191,0.631115]]],"btipPosition":[-35.9512,148.251,-15.255],"carpPosition":[-30.3052,135.235,72.3168],"dipPosition":[-51.4155,157.345,-0.658841],"direction":[0.0376897,0.0780996,-0.996233],"extended":false,"handId":410,"id":4100,"length":51.5018,"mcpPosition":[-30.3052,135.235,72.3168],"pipPosition":[-52.6854,154.713,32.9078],"stabilizedTipPosition":[-39.8948,152.168,-12.5938],"timeVisible":15.3473,"tipPosition":[-39.0573,148.04,-11.4305],"tipVelocity":[53.5387,-279.072,105.015],"tool":false,"touchDistance":0.583161,"touchZone":"hovering","type":0,"width":20.0112},{"bases":[[[0.975974,-0.138945,-0.167834],[0.170302,0.966935,0.189826],[0.13591,-0.213848,0.967366]],[[0.973006,-0.134564,-0.187488],[0.109668,0.984426,-0.137398],[0.203056,0.113127,0.97261]],[[0.973006,-0.134564,-0.187488],[0.0331542,0.88549,-0.463474],[0.228385,0.444747,0.866049]],[[0.973006,-0.134564,-0.187488],[-0.0243751,0.747943,-0.663315],[0.229488,0.649979,0.724474]]],"btipPosition":[-46.0835,144.133,-75.8764],"carpPosition":[-18.2519,154.986,68.664],"dipPosition":[-42.2088,155.107,-63.6443],"direction":[-0.228385,-0.444747,-0.866049],"extended":true,"handId":410,"id":4101,"length":58.114,"mcpPosition":[-28.1328,170.533,-1.66553],"pipPosition":[-36.7537,165.73,-42.9584],"stabilizedTipPosition":[-45.229,146.869,-73.1437],"timeVisible":15.3473,"tipPosition":[-44.8319,149.54,-73.8704],"tipVelocity":[48.6983,-496.067,163.121],"tool":false,"touchDistance":0.566898,"touchZone":"hovering","type":1,"width":19.1147},{"bases":[[[0.941935,-0.329348,-0.0654817],[0.335792,0.924595,0.179911],[0.00129071,-0.191453,0.981501]],[[0.941924,-0.330557,-0.0592483],[0.0608077,0.341388,-0.937953],[0.330274,0.879878,0.341662]],[[0.941924,-0.330557,-0.0592483],[-0.316324,-0.814065,-0.48707],[0.112773,0.477524,-0.871351]],[[0.941924,-0.330557,-0.0592483],[-0.323521,-0.940498,0.10391],[-0.090071,-0.078707,-0.99282]]],"btipPosition":[-23.6135,114.396,25.379],"carpPosition":[-6.29652,155.064,66.3999],"dipPosition":[-25.2862,112.935,6.94191],"direction":[-0.112773,-0.477524,0.871351],"extended":false,"handId":410,"id":4102,"length":66.2163,"mcpPosition":[-6.38551,168.264,-1.26993],"pipPosition":[-22.1171,126.354,-17.544],"stabilizedTipPosition":[-24.2602,114.856,20.8264],"timeVisible":15.3473,"tipPosition":[-23.9252,114.256,21.3233],"tipVelocity":[99.5714,-308.832,120.56],"tool":false,"touchDistance":0.333333,"touchZone":"none","type":2,"width":18.7732},{"bases":[[[0.903847,-0.422689,0.0662931],[0.402101,0.892127,0.205969],[-0.146203,-0.159508,0.97631]],[[0.906641,-0.419348,0.0463655],[0.194304,0.31747,-0.928148],[0.374497,0.850506,0.369312]],[[0.906641,-0.419348,0.0463655],[-0.339656,-0.790667,-0.509392],[0.250272,0.446087,-0.859285]],[[0.906641,-0.419348,0.0463655],[-0.421833,-0.902999,0.0815443],[0.00767258,-0.0934899,-0.995591]]],"btipPosition":[-9.09748,113.9,30.1376],"carpPosition":[5.38037,152.064,64.9732],"dipPosition":[-8.95582,112.173,11.7554],"direction":[-0.250272,-0.446087,0.859285],"extended":false,"handId":410,"id":4103,"length":63.6687,"mcpPosition":[14.4305,161.937,4.53831],"pipPosition":[-2.10454,124.385,-11.7678],"stabilizedTipPosition":[-9.35847,114.364,25.5887],"timeVisible":15.3473,"tipPosition":[-9.00374,113.729,26.6033],"tipVelocity":[100.126,-290.092,109.782],"tool":false,"touchDistance":0.333333,"touchZone":"none","type":3,"width":17.8639},{"bases":[[[0.801904,-0.579865,0.143895],[0.523281,0.797903,0.299213],[-0.288318,-0.164642,0.943274]],[[0.777858,-0.590637,0.214674],[0.410011,0.218086,-0.885624],[0.476265,0.776908,0.411807]],[[0.777858,-0.590637,0.214674],[-0.404693,-0.732123,-0.547923],[0.480792,0.339329,-0.808514]],[[0.777858,-0.590637,0.214674],[-0.605108,-0.79614,0.00213375],[0.169651,-0.131561,-0.976683]]],"btipPosition":[3.06792,120.141,28.4189],"carpPosition":[15.3712,142.172,64.5958],"dipPosition":[5.95767,117.9,11.7825],"direction":[-0.480792,-0.339329,0.808514],"extended":false,"handId":410,"id":4104,"length":49.9151,"mcpPosition":[31.8922,151.606,10.5449],"pipPosition":[15.2505,124.459,-3.84456],"stabilizedTipPosition":[3.09289,121.43,23.6715],"timeVisible":15.3473,"tipPosition":[3.9492,119.714,24.7087],"tipVelocity":[94.5827,-267.185,133.883],"tool":false,"touchDistance":0.333333,"touchZone":"none","type":4,"width":15.8681}],"r":[[0.926451,0.27391,0.258188],[-0.260701,0.96169,-0.0847807],[-0.271519,0.0112353,0.962367]],"s":1.31347,"t":[4.32653,-18.6121,-144.405],"timestamp":88796164424},false],[6,{"currentFrameRate":55.3491,"devices":[],"gestures":[],"hands":[{"armBasis":[[0.984828,-0.141421,-0.100571],[0.170253,0.899579,0.402209],[0.0335901,-0.413229,0.910007]],"armWidth":62.9686,"confidence":0.784944,"direction":[0.0569239,0.329328,-0.942498],"elbow":[9.53739,25.6419,317.255],"grabStrength":0,"id":410,"palmNormal":[-0.174884,-0.926144,-0.334176],"palmPosition":[-4.5383,150.903,22.7657],"palmVelocity":[51.8538,-271.079,118.031],"palmWidth":89.917,"pinchStrength":0.300202,"r":[[0.918875,0.298907,0.257532],[-0.283958,0.954186,-0.0943228],[-0.273927,0.0135427,0.961655]],"s":1.30807,"sphereCenter":[-22.8607,118.432,-7.56421],"sphereRadius":45.871,"stabilizedPalmPosition":[-4.72633,151.719,22.4058],"t":[5.2819,-23.5006,-142.271],"timeVisible":15.3654,"type":"right","wrist":[0.575004,135.898,74.4503]}],"id":1417883,"interactionBox":{"center":[0,200,0],"size":[235.247,235.247,147.751]},"pointables":[{"bases":[[[0.563062,0.818649,0.113023],[-0.73507,0.433621,0.521195],[0.377667,-0.376545,0.845921]],[[0.555316,0.826091,0.0959061],[-0.697455,0.399797,0.594743],[0.452969,-0.39716,0.798175]],[[0.555316,0.826091,0.0959061],[-0.830584,0.55672,0.0139216],[-0.0418923,-0.087389,0.995293]],[[0.555316,0.826091,0.0959061],[-0.499709,0.423629,-0.755532],[-0.664767,0.371634,0.648053]]],"btipPosition":[-34.7338,144.02,-13.6877],"carpPosition":[-29.1753,130.079,74.2083],"dipPosition":[-50.1083,152.615,1.3002],"direction":[0.0418923,0.087389,-0.995293],"extended":false,"handId":410,"id":4100,"length":51.5018,"mcpPosition":[-29.1753,130.079,74.2083],"pipPosition":[-51.5198,149.671,34.8351],"stabilizedTipPosition":[-38.6068,147.277,-10.7285],"timeVisible":15.3654,"tipPosition":[-37.8104,143.766,-9.74667],"tipVelocity":[60.6854,-260.888,98.7558],"tool":false,"touchDistance":0.583039,"touchZone":"hovering","type":0,"width":20.0112},{"bases":[[[0.978546,-0.125946,-0.163053],[0.156792,0.968635,0.192774],[0.133659,-0.214204,0.967601]],[[0.975519,-0.121415,-0.18336],[0.0927504,0.983146,-0.157551],[0.199398,0.136687,0.970339]],[[0.975519,-0.121415,-0.18336],[0.0142167,0.866852,-0.498364],[0.219454,0.483556,0.847356]],[[0.975519,-0.121415,-0.18336],[-0.0430385,0.712251,-0.700604],[0.215662,0.691344,0.689589]]],"btipPosition":[-44.4258,136.539,-72.7652],"carpPosition":[-17.3598,149.992,70.6604],"dipPosition":[-40.7845,148.212,-61.1221],"direction":[-0.219454,-0.483556,-0.847356],"extended":true,"handId":410,"id":4101,"length":58.114,"mcpPosition":[-27.0771,165.565,0.313805],"pipPosition":[-35.5428,159.762,-40.8827],"stabilizedTipPosition":[-43.6414,139.472,-70.1863],"timeVisible":15.3654,"tipPosition":[-43.2887,142.16,-70.9905],"tipVelocity":[67.7673,-456.071,163.952],"tool":false,"touchDistance":0.588178,"touchZone":"hovering","type":1,"width":19.1147},{"bases":[[[0.946444,-0.316999,-0.0612854],[0.322866,0.92846,0.18363],[-0.00130942,-0.193582,0.981083]],[[0.946418,-0.318182,-0.0552573],[0.0641377,0.352885,-0.933466],[0.316511,0.879905,0.354385]],[[0.946418,-0.318182,-0.0552573],[-0.302413,-0.813145,-0.497334],[0.113311,0.487397,-0.865797]],[[0.946418,-0.318182,-0.0552573],[-0.312099,-0.945117,0.0966868],[-0.0829886,-0.0742604,-0.99378]]],"btipPosition":[-22.0238,109.348,26.7223],"carpPosition":[-5.39495,150.23,68.4587],"dipPosition":[-23.5649,107.969,8.26744],"direction":[-0.113311,-0.487397,0.865797],"extended":false,"handId":410,"id":4102,"length":66.2163,"mcpPosition":[-5.30467,163.577,0.817656],"pipPosition":[-20.3807,121.665,-16.0624],"stabilizedTipPosition":[-22.5823,109.663,22.2986],"timeVisible":15.3654,"tipPosition":[-22.2964,109.239,22.841],"tipVelocity":[94.9115,-294.51,98.5537],"tool":false,"touchDistance":0.333333,"touchZone":"none","type":2,"width":18.7732},{"bases":[[[0.908885,-0.411114,0.0700898],[0.389454,0.896795,0.209963],[-0.149175,-0.163536,0.975194]],[[0.911741,-0.40769,0.0501667],[0.200133,0.334241,-0.920994],[0.358712,0.849748,0.386334]],[[0.911741,-0.40769,0.0501667],[-0.323485,-0.787906,-0.523987],[0.253151,0.461512,-0.850248]],[[0.911741,-0.40769,0.0501667],[-0.410414,-0.90919,0.0702417],[0.0169743,-0.0846314,-0.996268]]],"btipPosition":[-7.52045,108.917,31.3334],"carpPosition":[6.32702,147.384,67.0863],"dipPosition":[-7.20705,107.354,12.9387],"direction":[-0.253151,-0.461512,0.850248],"extended":false,"handId":410,"id":4103,"length":63.6687,"mcpPosition":[15.5611,157.507,6.72055],"pipPosition":[-0.276961,119.988,-10.3371],"stabilizedTipPosition":[-7.66643,109.22,26.9298],"timeVisible":15.3654,"tipPosition":[-7.38386,108.825,27.9768],"tipVelocity":[95.1118,-282.448,89.0438],"tool":false,"touchDistance":0.333333,"touchZone":"none","type":3,"width":17.8639},{"bases":[[[0.808585,-0.569766,0.146825],[0.511358,0.80394,0.303634],[-0.291039,-0.170434,0.941408]],[[0.783883,-0.581159,0.218591],[0.418614,0.23465,-0.877326],[0.458573,0.779226,0.42722]],[[0.783883,-0.581159,0.218591],[-0.386277,-0.732075,-0.561121],[0.486125,0.355416,-0.798349]],[[0.783883,-0.581159,0.218591],[-0.593818,-0.804543,-0.00952891],[0.181404,-0.122334,-0.97577]]],"btipPosition":[4.61437,115.375,29.9192],"carpPosition":[16.4469,137.623,66.7398],"dipPosition":[7.70432,113.291,13.2984],"direction":[-0.486125,-0.355416,0.798349],"extended":false,"handId":410,"id":4104,"length":49.9151,"mcpPosition":[33.1238,147.389,12.7958],"pipPosition":[17.1002,120.161,-2.13222],"stabilizedTipPosition":[4.85004,116.287,25.5804],"timeVisible":15.3654,"tipPosition":[5.51932,115.029,26.397],"tipVelocity":[91.5681,-264.755,109.883],"tool":false,"touchDistance":0.333333,"touchZone":"none","type":4,"width":15.8681}],"r":[[0.918875,0