{"sensorType":"Leap","data":[[0,{"currentFrameRate":55.3512,"devices":[],"gestures":[],"hands":[{"armBasis":[[0.877275,-0.447241,-0.174252],[0.477292,0.851251,0.218091],[0.0507932,-0.274495,0.960246]],"armWidth":62.9686,"confidence":0.690526,"direction":[-0.00382734,0.394937,-0.9187],"elbow":[30.1927,59.8108,328.885],"grabStrength":0,"id":410,"palmNormal":[-0.482154,-0.805594,-0.344305],"palmPosition":[7.77827,154.013,23.6387],"palmVelocity":[-36.7521,-419.485,177.309],"palmWidth":89.917,"pinchStrength":0.656251,"r":[[0.994363,0.0522216,0.0922762],[-0.0603023,0.994375,0.0870709],[-0.0872102,-0.0921446,0.991919]],"s":1.27732,"sphereCenter":[-8.41187,125.635,-7.95867],"sphereRadius":46.4384,"stabilizedPalmPosition":[11.2174,175.223,8.41505],"t":[19.1981,-17.6413,-142.402],"timeVisible":8.55943,"type":"right","wrist":[16.6402,133.05,72.6757]}],"id":1417511,"interactionBox":{"center":[0,200,0],"size":[235.247,235.247,147.751]},"pointables":[{"bases":[[[0.783036,0.619896,0.0508222],[-0.487943,0.56157,0.668245],[0.385702,-0.548058,0.742204]],[[0.69721,0.711357,-0.0887069],[-0.544021,0.605622,0.580744],[0.466839,-0.356642,0.809239]],[[0.69721,0.711357,-0.0887069],[-0.714595,0.699502,-0.00707363],[0.0570188,0.0683214,0.996033]],[[0.69721,0.711357,-0.0887069],[-0.375263,0.256735,-0.890654],[-0.610799,0.654262,0.445945]]],"btipPosition":[-23.997,135.718,-6.23327],"carpPosition":[-13.1735,135.559,77.5591],"dipPosition":[-38.1233,150.85,4.08037],"direction":[-0.0570188,-0.0683214,-0.996033],"extended":false,"handId":410,"id":4100,"length":51.5018,"mcpPosition":[-13.1735,135.559,77.5591],"pipPosition":[-36.2021,153.152,37.6402],"stabilizedTipPosition":[-19.3267,150.431,-18.7848],"timeVisible":8.55943,"tipPosition":[-24.9663,137.095,-3.32351],"tipVelocity":[-144.601,-118.976,181.341],"tool":false,"touchDistance":0.469386,"touchZone":"hovering","type":0,"width":20.0112},{"bases":[[[0.862999,-0.369057,-0.345008],[0.45444,0.865434,0.210969],[0.220722,-0.338852,0.914583]],[[0.889912,-0.430646,-0.150332],[0.449392,0.884222,0.127272],[0.0781174,-0.180818,0.980409]],[[0.889912,-0.430646,-0.150332],[0.425437,0.90251,-0.066926],[0.164497,-0.00439831,0.986368]],[[0.889912,-0.430646,-0.150332],[0.395415,0.892648,-0.216396],[0.227383,0.13313,0.964662]]],"btipPosition":[-24.0466,181.951,-75.0081],"carpPosition":[3.08516,151.781,72.9552],"dipPosition":[-20.2074,184.198,-58.7206],"direction":[-0.164497,0.00439831,-0.986368],"extended":true,"handId":410,"id":4101,"length":58.114,"mcpPosition":[-12.9618,176.417,6.46317],"pipPosition":[-16.2783,184.093,-35.1609],"stabilizedTipPosition":[-22.7905,185.972,-71.7282],"timeVisible":8.55943,"tipPosition":[-22.1546,183.925,-71.1391],"tipVelocity":[-86.1652,-679.001,103.828],"tool":false,"touchDistance":0.556133,"touchZone":"hovering","type":1,"width":19.1147},{"bases":[[[0.794684,-0.553536,-0.249149],[0.598533,0.782932,0.169633],[0.101169,-0.283928,0.953493]],[[0.795468,-0.555788,-0.241519],[-0.0117499,0.384328,-0.923122],[0.605882,0.737151,0.29919]],[[0.795468,-0.555788,-0.241519],[-0.597225,-0.651439,-0.467921],[0.10273,0.516457,-0.850129]],[[0.795468,-0.555788,-0.241519],[-0.553351,-0.82866,0.0844098],[-0.247051,0.0664994,-0.966718]]],"btipPosition":[-20.0243,117.708,30.4767],"carpPosition":[14.1092,148.992,68.6247],"dipPosition":[-24.6121,118.943,12.5244],"direction":[-0.10273,-0.516457,0.850129],"extended":false,"handId":410,"id":4102,"length":66.2163,"mcpPosition":[7.13411,168.568,2.8859],"pipPosition":[-21.7253,133.456,-11.3651],"stabilizedTipPosition":[-19.8057,143.605,5.88234],"timeVisible":8.55943,"tipPosition":[-21.1142,117.928,25.9405],"tipVelocity":[10.6105,-461.476,197.593],"tool":false,"touchDistance":0.333333,"touchZone":"none","type":2,"width":18.7732},{"bases":[[[0.753514,-0.64672,-0.118193],[0.6567,0.731934,0.181708],[-0.0310047,-0.214536,0.976224]],[[0.754046,-0.641302,-0.141939],[0.0941008,0.319348,-0.942954],[0.650046,0.697674,0.30115]],[[0.754046,-0.641302,-0.141939],[-0.620137,-0.6239,-0.475582],[0.216436,0.446633,-0.868144]],[[0.754046,-0.641302,-0.141939],[-0.636602,-0.766771,0.0824626],[-0.161718,0.0281781,-0.986435]]],"btipPosition":[-5.56115,112.961,33.2456],"carpPosition":[24.16,143.232,64.9928],"dipPosition":[-8.54706,113.481,15.0324],"direction":[-0.216436,-0.446633,0.868144],"extended":false,"handId":410,"id":4103,"length":63.6687,"mcpPosition":[26.0792,156.512,4.56325],"pipPosition":[-2.62205,125.708,-8.73333],"stabilizedTipPosition":[-5.25195,140.788,3.95911],"timeVisible":8.55943,"tipPosition":[-6.25428,113.055,28.674],"tipVelocity":[21.806,-436.132,228.059],"tool":false,"touchDistance":0.333333,"touchZone":"none","type":3,"width":17.8639},{"bases":[[[0.625928,-0.779191,-0.0327989],[0.760568,0.600586,0.246641],[-0.172482,-0.179325,0.968552]],[[0.59207,-0.797475,0.116131],[0.349153,0.123963,-0.92883],[0.726323,0.59048,0.351836]],[[0.59207,-0.797475,0.116131],[-0.646111,-0.555858,-0.523032],[0.481657,0.234638,-0.844365]],[[0.59207,-0.797475,0.116131],[-0.804407,-0.593543,0.0252255],[0.0488118,-0.108352,-0.992914]]],"btipPosition":[5.25897,118.136,27.7408],"carpPosition":[30.8958,131.182,62.3012],"dipPosition":[6.09041,116.29,10.8279],"direction":[-0.481657,-0.234638,0.844365],"extended":false,"handId":410,"id":4104,"length":49.9151,"mcpPosition":[40.7793,141.458,6.80187],"pipPosition":[15.3999,120.825,-5.49207],"stabilizedTipPosition":[6.80161,143.843,1.2042],"timeVisible":8.55943,"tipPosition":[5.54979,117.815,23.6664],"tipVelocity":[17.2421,-427.041,223.32],"tool":false,"touchDistance":0.333333,"touchZone":"none","type":4,"width":15.8681}],"r":[[0.994363,0.0522216,0.0922762],[-0.0603023,0.994375,0.0870709],[-0.0872102,-0.0921446,0.991919]],"s":1.27732,"t":[19.1981,-17.6413,-142.402],"timestamp":88789376533},false],[1,{"currentFrameRate":55.3563,"devices":[],"gestures":[],"hands":[{"armBasis":[[0.897476,-0.410706,-0.160803],[0.438128,0.872139,0.217756],[0.0508088,-0.265883,0.962665]],"armWidth":62.9686,"confidence":0.713287,"direction":[0.000507904,0.393154,-0.919473],"elbow":[29.0642,53.4642,332.144],"grabStrength":0,"id":410,"palmNormal":[-0.442596,-0.824422,-0.352756],"palmPosition":[6.89035,144.933,26.0249],"palmVelocity":[-42.6607,-459.183,155.908],"palmWidth":89.917,"pinchStrength":0.550489,"r":[[0.992252,0.0737956,0.0999499],[-0.0808215,0.994395,0.0681672],[-0.0943592,-0.0757171,0.992655]],"s":1.28549,"sphereCenter":[-9.47503,116.25,-5.79322],"sphereRadius":46.7175,"stabilizedPalmPosition":[9.14157,160.692,16.8632],"t":[18.432,-26.0002,-139.64],"timeVisible":8.57748,"type":"right","wrist":[15.5076,124.406,75.2892]}],"id":1417512,"interactionBox":{"center":[0,200,0],"size":[235.247,235.247,147.751]},"pointables":[{"bases":[[[0.756807,0.650273,0.0662435],[-0.523938,0.542918,0.656299],[0.390808,-0.531399,0.751587]],[[0.697896,0.715361,-0.0346311],[-0.547711,0.564245,0.61777],[0.461469,-0.412171,0.785596]],[[0.697896,0.715361,-0.0346311],[-0.713859,0.698708,0.0470422],[0.0578492,-0.00810881,0.998292]],[[0.697896,0.715361,-0.0346311],[-0.385007,0.333956,-0.860374],[-0.603913,0.613785,0.508486]]],"btipPosition":[-25.226,132.157,-4.62466],"carpPosition":[-14.4801,125.747,79.524],"dipPosition":[-39.1931,146.353,7.13539],"direction":[-0.0578492,0.00810881,-0.998292],"extended":false,"handId":410,"id":4100,"length":51.5018,"mcpPosition":[-14.4801,125.747,79.524],"pipPosition":[-37.2439,146.079,40.7714],"stabilizedTipPosition":[-21.4112,146.997,-14.9266],"timeVisible":8.57748,"tipPosition":[-26.5576,132.984,-1.52651],"tipVelocity":[-107.326,-161.819,146.324],"tool":false,"touchDistance":0.4849,"touchZone":"hovering","type":0,"width":20.0112},{"bases":[[[0.884076,-0.335343,-0.325507],[0.41544,0.882934,0.218718],[0.214055,-0.328592,0.919896]],[[0.908978,-0.393928,-0.13631],[0.409237,0.905516,0.112095],[0.0792735,-0.157675,0.984304]],[[0.908978,-0.393928,-0.13631],[0.38494,0.918726,-0.0881078],[0.159939,0.0276169,0.98674]],[[0.908978,-0.393928,-0.13631],[0.355401,0.903268,-0.24041],[0.217829,0.170083,0.961053]]],"btipPosition":[-25.2014,169.642,-73.2289],"carpPosition":[1.22451,142.59,75.2339],"dipPosition":[-21.5236,172.514,-57.0024],"direction":[-0.159939,-0.0276169,-0.98674],"extended":true,"handId":410,"id":4101,"length":58.114,"mcpPosition":[-14.3377,166.479,8.35564],"pipPosition":[-17.7034,173.173,-33.4337],"stabilizedTipPosition":[-24.1504,172.356,-69.7892],"timeVisible":8.57748,"tipPosition":[-23.2058,171.999,-69.3811],"tipVelocity":[-76.6163,-676.662,100.97],"tool":false,"touchDistance":0.56033,"touchZone":"hovering","type":1,"width":19.1147},{"bases":[[[0.821005,-0.522227,-0.230718],[0.563521,0.806101,0.180682],[0.0916248,-0.278355,0.956098]],[[0.821735,-0.524513,-0.222795],[-0.0081622,0.380085,-0.924915],[0.569811,0.761854,0.308048]],[[0.821735,-0.524513,-0.222795],[-0.561091,-0.676321,-0.47725],[0.0996425,0.517181,-0.850056]],[[0.821735,-0.524513,-0.222795],[-0.521861,-0.849677,0.0755613],[-0.228937,0.0541769,-0.971932]]],"btipPosition":[-19.5664,107.593,32.4934],"carpPosition":[12.4406,140.23,71.1482],"dipPosition":[-23.8178,108.599,14.4442],"direction":[-0.0996425,-0.517181,0.850056],"extended":false,"handId":410,"id":4102,"length":66.2163,"mcpPosition":[6.12346,159.421,5.22973],"pipPosition":[-21.0178,123.133,-9.44323],"stabilizedTipPosition":[-20.1208,128.337,15.4661],"timeVisible":8.57748,"tipPosition":[-20.5805,107.757,27.8993],"tipVelocity":[19.651,-509.841,156.259],"tool":false,"touchDistance":0.333333,"touchZone":"none","type":2,"width":18.7732},{"bases":[[[0.780707,-0.616768,-0.100465],[0.623372,0.757446,0.194122],[-0.0436319,-0.21418,0.975819]],[[0.781524,-0.611499,-0.12365],[0.100716,0.319261,-0.9423],[0.615691,0.723977,0.311098]],[[0.781524,-0.611499,-0.12365],[-0.585126,-0.649683,-0.485323],[0.216441,0.451643,-0.865547]],[[0.781524,-0.611499,-0.12365],[-0.607543,-0.79102,0.0719586],[-0.141812,0.0188853,-0.989713]]],"btipPosition":[-5.00444,103.444,35.5746],"carpPosition":[22.7859,134.864,67.7466],"dipPosition":[-7.62282,103.793,17.3009],"direction":[-0.216441,-0.451643,0.865547],"extended":false,"handId":410,"id":4103,"length":63.6687,"mcpPosition":[25.4868,148.122,7.34208],"pipPosition":[-1.69767,116.156,-6.39374],"stabilizedTipPosition":[-5.38113,127.217,13.942],"timeVisible":8.57748,"tipPosition":[-5.61305,103.487,30.9577],"tipVelocity":[28.3208,-480.459,180.7],"tool":false,"touchDistance":0.333333,"touchZone":"none","type":3,"width":17.8639},{"bases":[[[0.656607,-0.754029,-0.0175334],[0.730891,0.630377,0.261577],[-0.186184,-0.184568,0.965023]],[[0.62036,-0.773397,0.130422],[0.363764,0.136395,-0.921451],[0.694858,0.619075,0.365948]],[[0.62036,-0.773397,0.130422],[-0.612402,-0.581531,-0.535524],[0.490018,0.252347,-0.834388]],[[0.62036,-0.773397,0.130422],[-0.780786,-0.62473,0.00923884],[0.0743335,-0.107563,-0.991415]]],"btipPosition":[5.69769,108.984,30.1585],"carpPosition":[30.0463,123.085,65.2283],"dipPosition":[6.96385,107.151,13.2712],"direction":[-0.490018,-0.252347,0.834388],"extended":false,"handId":410,"id":4104,"length":49.9151,"mcpPosition":[40.7149,133.661,9.93107],"pipPosition":[16.435,112.029,-2.85597],"stabilizedTipPosition":[6.49181,130.394,10.7608],"timeVisible":8.57748,"tipPosition":[6.08575,108.671,26.0926],"tipVelocity":[23.2265,-464.969,181.064],"tool":false,"touchDistance":0.333333,"touchZone":"none","type":4,"width":15.8681}],"r":[[0.992252,0.0737956,0.0999499],[-0.0808215,0.994395,0.0681672],[-0.0943592,-0.0757171,0.992655]],"s":1.28549,"t":[18.432,-26.0002,-139.64],"timestamp":88789394580},false],[2,{"currentFrameRate":55.3425,"devices":[],"gestures":[],"hands":[{"armBasis":[[0.904731,-0.401593,-0.142071],[0.423716,0.882752,0.20301],[0.0438859,-0.243867,0.968815]],"armWidth":62.9686,"confidence":0.719347,"direction":[-0.00862806,0.377071,-0.926144],"elbow":[27.7828,49.9134,338.088],"grabStrength":0,"id":410,"palmNormal":[-0.429234,-0.837908,-0.337148],"palmPosition":[6.97722,134.498,30.0045],"palmVelocity":[-20.0736,-514.775,186.252],"palmWidth":89.917,"pinchStrength":0.463604,"r":[[0.989943,0.09488,0.104927],[-0.100488,0.993706,0.0495033],[-0.0995699,-0.0595494,0.993247]],"s":1.29585,"sphereCenter":[-10.4828,105.368,-1.15119],"sphereRadius":46.8985,"stabilizedPalmPosition":[7.89224,145.572,24.4487],"t":[18.0924,-35.3971,-136.269],"timeVisible":8.5956,"type":"right","wrist":[16.0734,114.981,79.5921]}],"id":1417513,"interactionBox":{"center":[0,200,0],"size":[235.247,235.247,147.751]},"pointables":[{"bases":[[[0.745661,0.664231,0.0527957],[-0.531525,0.545157,0.648294],[0.401835,-0.51147,0.759557]],[[0.702789,0.711066,-0.0217384],[-0.537093,0.550383,0.639225],[0.466496,-0.437565,0.768712]],[[0.702789,0.711066,-0.0217384],[-0.70724,0.701654,0.0865689],[0.076809,-0.0454654,0.996009]],[[0.702789,0.711066,-0.0217384],[-0.415164,0.385134,-0.824203],[-0.577691,0.588266,0.565877]]],"btipPosition":[-26.1611,125.392,-0.67711],"carpPosition":[-13.922,115.88,83.8891],"dipPosition":[-39.5217,138.997,12.4103],"direction":[-0.076809,0.0454654,-0.996009],"extended":false,"handId":410,"id":4100,"length":51.5018,"mcpPosition":[-13.922,115.88,83.8891],"pipPosition":[-36.9338,137.465,45.9693],"stabilizedTipPosition":[-23.6766,141.647,-9.9285],"timeVisible":8.5956,"tipPosition":[-27.637,125.882,2.69231],"tipVelocity":[-77.1458,-266.107,188.408],"tool":false,"touchDistance":0.533536,"touchZone":"hovering","type":0,"width":20.0112},{"bases":[[[0.888882,-0.32571,-0.322182],[0.400729,0.893607,0.202195],[0.222048,-0.308835,0.924833]],[[0.914999,-0.379058,-0.138171],[0.39139,0.917086,0.0759388],[0.0979291,-0.123563,0.987493]],[[0.914999,-0.379058,-0.138171],[0.362958,0.922923,-0.128355],[0.176175,0.0672942,0.982056]],[[0.914999,-0.379058,-0.138171],[0.330658,0.900784,-0.281519],[0.231174,0.211902,0.949556]]],"btipPosition":[-26.933,155.427,-69.3884],"carpPosition":[1.47908,132.913,79.2628],"dipPosition":[-23.0299,159.005,-53.356],"direction":[-0.176175,-0.0672942,-0.982056],"extended":true,"handId":410,"id":4101,"length":58.114,"mcpPosition":[-14.6642,155.366,12.0256],"pipPosition":[-18.8219,160.612,-29.8992],"stabilizedTipPosition":[-25.8533,157.805,-66.0957],"timeVisible":8.5956,"tipPosition":[-24.7825,158.064,-65.6579],"tipVelocity":[-84.2811,-723.786,152.637],"tool":false,"touchDistance":0.594569,"touchZone":"hovering","type":1,"width":19.1147},{"bases":[[[0.829284,-0.511974,-0.223989],[0.550014,0.81868,0.165071],[0.0988633,-0.260087,0.960511]],[[0.830104,-0.514195,-0.215708],[-0.0199811,0.359167,-0.933059],[0.55725,0.778847,0.287872]],[[0.830104,-0.514195,-0.215708],[-0.550945,-0.696705,-0.459414],[0.0859435,0.500205,-0.861631]],[[0.830104,-0.514195,-0.215708],[-0.506342,-0.857125,0.094633],[-0.233549,0.0306668,-0.971861]]],"btipPosition":[-18.7135,96.8835,37.5124],"carpPosition":[12.7236,130.675,75.1864],"dipPosition":[-23.0506,97.453,19.4646],"direction":[-0.0859435,-0.500205,0.861631],"extended":false,"handId":410,"id":4102,"length":66.2163,"mcpPosition":[5.90742,148.607,8.96374],"pipPosition":[-20.6355,111.509,-4.74819],"stabilizedTipPosition":[-19.9049,111.834,24.8946],"timeVisible":8.5956,"tipPosition":[-19.779,96.9319,32.8372],"tipVelocity":[32.1867,-551.172,213.751],"tool":false,"touchDistance":0.333333,"touchZone":"none","type":2,"width":18.7732},{"bases":[[[0.790956,-0.604917,-0.0920027],[0.610728,0.771301,0.179181],[-0.0374277,-0.197913,0.979505]],[[0.791612,-0.600156,-0.114735],[0.0919406,0.302632,-0.948663],[0.604068,0.740424,0.294745]],[[0.791612,-0.600156,-0.114735],[-0.575368,-0.668951,-0.470591],[0.205676,0.43854,-0.87486]],[[0.791612,-0.600156,-0.114735],[-0.593586,-0.799881,0.0885843],[-0.144939,-0.00201934,-0.989439]]],"btipPosition":[-4.15769,93.0212,40.4204],"carpPosition":[23.1511,125.43,71.8486],"dipPosition":[-6.83379,92.9839,22.1517],"direction":[-0.205676,-0.43854,0.87486],"extended":false,"handId":410,"id":4103,"length":63.6687,"mcpPosition":[25.4679,137.681,11.216],"pipPosition":[-1.20335,104.989,-1.79782],"stabilizedTipPosition":[-5.09817,111.297,24.3105],"timeVisible":8.5956,"tipPosition":[-4.78626,92.9587,35.7823],"tipVelocity":[36.7379,-527.93,222.03],"tool":false,"touchDistance":0.333333,"touchZone":"none","type":3,"width":17.8639},{"bases":[[[0.669452,-0.742828,-0.00635],[0.720593,0.64729,0.248518],[-0.180496,-0.170947,0.968606]],[[0.633996,-0.760229,0.14178],[0.358768,0.126727,-0.924784],[0.68508,0.637175,0.35309]],[[0.633996,-0.760229,0.14178],[-0.603731,-0.601132,-0.523593],[0.483279,0.246359,-0.840088]],[[0.633996,-0.760229,0.14178],[-0.769836,-0.637853,0.0222759],[0.0735003,-0.12327,-0.989647]]],"btipPosition":[6.41837,98.6042,34.7682],"carpPosition":[30.6068,113.735,69.514],"dipPosition":[7.67034,96.5044,17.911],"direction":[-0.483279,-0.246359,0.840088],"extended":false,"handId":410,"id":4104,"length":49.9151,"mcpPosition":[40.9495,123.53,14.0115],"pipPosition":[17.0112,101.266,1.67369],"stabilizedTipPosition":[6.59499,114.872,20.443],"timeVisible":8.5956,"tipPosition":[6.79837,98.2293,30.7077],"tipVelocity":[31.0191,-517.961,216.171],"tool":false,"touchDistance":0.333333,"touchZone":"none","type":4,"width":15.8681}],"r":[[0.989943,0.09488,0.104927],[-0.100488,0.993706,0.0495033],[-0.0995699,-0.0595494,0.993247]],"s":1.29585,"t":[18.0924,-35.3971,-136.269],"timestamp":88789412697},false],[3,{"currentFrameRate":55.3262,"devices":[],"gestures":[],"hands":[{"armBasis":[[0.913381,-0.388782,-0.120766],[0.405599,0.894544,0.187833],[0.0350045,-0.220546,0.974748]],"armWidth":62.9686,"confidence":0.655689,"direction":[-0.0261704,0.36717,-0.929786],"elbow":[26.6916,47.8049,342.293],"grabStrength":0,"id":410,"palmNormal":[-0.413608,-0.850735,-0.324311],"palmPosition":[7.33411,125.444,32.5256],"palmVelocity":[-1.14015,-507.43,163.772],"palmWidth":89.917,"pinchStrength":0.388602,"r":[[0.987484,0.116412,0.10641],[-0.120486,0.992177,0.0326717],[-0.101774,-0.0450837,0.993785]],"s":1.30687,"sphereCenter":[-10.923,95.831,1.9585],"sphereRadius":47.0507,"stabilizedPalmPosition":[7.52156,132.204,29.813],"t":[18.101,-44.6225,-133.323],"timeVisible":8.61373,"type":"right","wrist":[17.3519,106.65,82.2147]}],"id":1417514,"interactionBox":{"center":[0,200,0],"size":[235.247,235.247,147.751]},"pointables":[{"bases":[[[0.731049,0.681234,0.0385725],[-0.537241,0.539834,0.648036],[0.420642,-0.494469,0.760632]],[[0.698714,0.71521,-0.0165365],[-0.530284,0.533293,0.659089],[0.480205,-0.451746,0.751883]],[[0.698714,0.71521,-0.0165365],[-0.708205,0.694772,0.125453],[0.101214,-0.0759445,0.991962]],[[0.698714,0.71521,-0.0165365],[-0.459145,0.43059,-0.777032],[-0.54862,0.550516,0.629244]]],"btipPosition":[-27.0226,119.035,1.73797],"carpPosition":[-12.6126,106.924,86.8032],"dipPosition":[-39.7109,131.767,16.2909],"direction":[-0.101214,0.0759445,-0.991962],"extended":false,"handId":410,"id":4100,"length":51.5018,"mcpPosition":[-12.6126,106.924,86.8032],"pipPosition":[-36.3006,129.208,49.7136],"stabilizedTipPosition":[-26.1145,133.986,-4.08562],"timeVisible":8.61373,"tipPosition":[-28.4701,119.241,5.47161],"tipVelocity":[-58.9725,-311.631,170.971],"tool":false,"touchDistance":0.554798,"touchZone":"hovering","type":0,"width":20.0112},{"bases":[[[0.892765,-0.309092,-0.327769],[0.382538,0.904383,0.189093],[0.237982,-0.2942,0.925641]],[[0.921442,-0.358389,-0.150009],[0.368322,0.928668,0.0437514],[0.123629,-0.0955661,0.987716]],[[0.921442,-0.358389,-0.150009],[0.333884,0.927894,-0.165934],[0.198662,0.102813,0.97466]],[[0.921442,-0.358389,-0.150009],[0.297504,0.899195,-0.320842],[0.249874,0.251009,0.935178]]],"btipPosition":[-29.1582,143,-66.4499],"carpPosition":[2.35629,124.247,81.8501],"dipPosition":[-24.9393,147.238,-50.6602],"direction":[-0.198662,-0.102813,-0.97466],"extended":true,"handId":410,"id":4101,"length":58.114,"mcpPosition":[-14.9455,145.636,14.5541],"pipPosition":[-20.1942,149.694,-27.3801],"stabilizedTipPosition":[-28.0161,144.992,-63.0594],"timeVisible":8.61373,"tipPosition":[-26.856,145.916,-62.8582],"tipVelocity":[-100.683,-701.519,155.663],"tool":false,"touchDistance":0.611685,"touchZone":"hovering","type":1,"width":19.1147},{"bases":[[[0.838327,-0.495614,-0.227099],[0.533095,0.832429,0.151234],[0.11409,-0.247849,0.962057]],[[0.839286,-0.497748,-0.218736],[-0.0397924,0.345003,-0.937758],[0.542231,0.795752,0.269749]],[[0.839286,-0.497748,-0.218736],[-0.539927,-0.715802,-0.442838],[0.06385,0.48977,-0.869511]],[[0.839286,-0.497748,-0.218736],[-0.485404,-0.867223,0.110936],[-0.244911,0.0130682,-0.969457]]],"btipPosition":[-17.3321,87.3984,40.9433],"carpPosition":[13.6076,122.219,77.6839],"dipPosition":[-21.8801,87.6411,22.9401],"direction":[-0.06385,-0.48977,0.869511],"extended":false,"handId":410,"id":4102,"length":66.2163,"mcpPosition":[5.74166,139.307,11.3547],"pipPosition":[-20.0859,101.404,-1.49404],"stabilizedTipPosition":[-18.9697,96.9012,32.1884],"timeVisible":8.61373,"tipPosition":[-18.4775,87.3582,36.2196],"tipVelocity":[51.8692,-539.797,202.343],"tool":false,"touchDistance":0.333333,"touchZone":"none","type":2,"width":18.7732},{"bases":[[[0.803391,-0.588017,-0.0937997],[0.594993,0.786567,0.165214],[-0.0233688,-0.188541,0.981787]],[[0.803716,-0.583537,-0.1163],[0.0756588,0.294096,-0.952777],[0.590184,0.756962,0.28052]],[[0.803716,-0.583537,-0.1163],[-0.56483,-0.686767,-0.457513],[0.187104,0.4334,-0.881565]],[[0.803716,-0.583537,-0.1163],[-0.57461,-0.811931,0.102913],[-0.154481,-0.0158854,-0.987868]]],"btipPosition":[-2.76443,83.8515,43.5082],"carpPosition":[24.117,117.174,74.295],"dipPosition":[-5.61671,83.5582,25.2685],"direction":[-0.187104,-0.4334,0.881565],"extended":false,"handId":410,"id":4103,"length":63.6687,"mcpPosition":[25.5635,128.845,13.5211],"pipPosition":[-0.494667,95.4226,1.13542],"stabilizedTipPosition":[-4.15745,95.8701,32.7226],"timeVisible":8.61373,"tipPosition":[-3.43628,83.723,38.8763],"tipVelocity":[54.7731,-518.914,197.573],"tool":false,"touchDistance":0.333333,"touchZone":"none","type":3,"width":17.8639},{"bases":[[[0.685859,-0.727713,-0.0055381],[0.708289,0.665765,0.234698],[-0.167106,-0.164893,0.972052]],[[0.652322,-0.744354,0.142877],[0.34653,0.125243,-0.92964],[0.674087,0.655936,0.33964]],[[0.652322,-0.744354,0.142877],[-0.595256,-0.619815,-0.511371],[0.469198,0.24853,-0.8474]],[[0.652322,-0.744354,0.142877],[-0.755027,-0.65468,0.0364426],[0.0664125,-0.131648,-0.989069]]],"btipPosition":[7.63137,89.5922,37.6626],"carpPosition":[31.81,105.625,72.0043],"dipPosition":[8.76261,87.3498,20.8153],"direction":[-0.469198,-0.24853,0.8474],"extended":false,"handId":410,"id":4104,"length":49.9151,"mcpPosition":[41.3854,115.073,16.3044],"pipPosition":[17.8313,92.1534,4.4366],"stabilizedTipPosition":[7.34116,100.026,28.1229],"timeVisible":8.61373,"tipPosition":[7.97701,89.1854,33.6029],"tipVelocity":[47.3781,-508.864,189.308],"tool":false,"touchDistance":0.333333,"touchZone":"none","type":4,"width":15.8681}],"r":[[0.987484,0.116412,0.10641],[-0.120486,0.992177,0.0326717],[-0.101774,-0.0450837,0.993785]],"s":1.30687,"t":[18.101,-44.6225,-133.323],"timestamp":88789430828},false],[4,{"currentFrameRate":55.348,"devices":[],"gestures":[],"hands":[{"armBasis":[[0.914671,-0.391378,-0.100994],[0.403237,0.900774,0.161263],[0.027858,-0.188227,0.98173]],"armWidth":62.9686,"confidence":0.683015,"direction":[-0.0266331,0.377817,-0.925497],"elbow":[25.2973,46.1558,347.377],"grabStrength":0,"id":410,"palmNormal":[-0.414842,-0.846518,-0.333638],"palmPosition":[7.82098,115.751,35.9746],"palmVelocity":[12.216,-522.276,176.997],"palmWidth":89.917,"pinchStrength":0.305257,"r":[[0.985258,0.133167,0.10739],[-0.136209,0.990447,0.0214735],[-0.103504,-0.0357844,0.993985]],"s":1.31944,"sphereCenter":[-11.4492,86.7421,5.12319],"sphereRadius":47.3148,"stabilizedPalmPosition":[7.73881,120.266,34.2836],"t":[18.3488,-54.082,-130.125],"timeVisible":8.63172,"type":"right","wrist":[17.8644,96.3779,85.4359]}],"id":1417515,"interactionBox":{"center":[0,200,0],"size":[235.247,235.247,147.751]},"pointables":[{"bases":[[[0.731831,0.679954,0.0456783],[-0.536046,0.532963,0.654679],[0.420807,-0.5036,0.754525]],[[0.710997,0.703128,0.0097547],[-0.518165,0.514485,0.683235],[0.475383,-0.490832,0.730133]],[[0.710997,0.703128,0.0097547],[-0.692345,0.697532,0.184682],[0.123051,-0.138062,0.98275]],[[0.710997,0.703128,0.0097547],[-0.489551,0.504893,-0.710931],[-0.5048,0.500694,0.703194]]],"btipPosition":[-28.0168,113.916,4.66317],"carpPosition":[-12.0955,96.6315,90.0554],"dipPosition":[-39.6916,125.496,20.9264],"direction":[-0.123051,0.138062,-0.98275],"extended":false,"handId":410,"id":4100,"length":51.5018,"mcpPosition":[-12.0955,96.6315,90.0554],"pipPosition":[-35.5456,120.844,54.0387],"stabilizedTipPosition":[-28.1703,126.186,1.51117],"timeVisible":8.63172,"tipPosition":[-29.2806,113.654,8.78894],"tipVelocity":[-51.0778,-305.76,177.354],"tool":false,"touchDistance":0.58243,"touchZone":"hovering","type":0,"width":20.0112},{"bases":[[[0.89212,-0.306288,-0.332127],[0.383705,0.901743,0.199072],[0.23852,-0.305035,0.921988]],[[0.920517,-0.356306,-0.160294],[0.366793,0.929424,0.0404258],[0.134577,-0.0960073,0.986241]],[[0.920517,-0.356306,-0.160294],[0.329322,0.92835,-0.172375],[0.210227,0.105886,0.971902]],[[0.920517,-0.356306,-0.160294],[0.290611,0.898636,-0.328631],[0.261139,0.255928,0.930756]]],"btipPosition":[-29.5972,133.397,-62.5444],"carpPosition":[2.88774,113.995,85.2868],"dipPosition":[-25.1881,137.718,-46.8294],"direction":[-0.210227,-0.105886,-0.971902],"extended":true,"handId":410,"id":4101,"length":58.114,"mcpPosition":[-14.4532,136.171,18.2564],"pipPosition":[-20.1667,140.247,-23.6152],"stabilizedTipPosition":[-28.5452,135.099,-59.2059],"timeVisible":8.63172,"tipPosition":[-27.2096,136.317,-58.9917],"tipVelocity":[-63.4011,-621.547,184.293],"tool":false,"touchDistance":0.642175,"touchZone":"hovering","type":1,"width":19.1147},{"bases":[[[0.837572,-0.493891,-0.233548],[0.534148,0.830064,0.16025],[0.114714,-0.25897,0.959049]],[[0.838538,-0.496124,-0.2252],[-0.0416634,0.353732,-0.934419],[0.543248,0.792928,0.275947]],[[0.838538,-0.496124,-0.2252],[-0.541268,-0.71127,-0.448469],[0.0623186,0.497952,-0.864962]],[[0.838538,-0.496124,-0.2252],[-0.485923,-0.86794,0.102759],[-0.246441,0.0232628,-0.968879]]],"btipPosition":[-16.8267,77.6632,44.1201],"carpPosition":[14.133,112.002,81.0871],"dipPosition":[-21.4032,78.0952,26.1277],"direction":[-0.0623186,-0.497952,0.864962],"extended":false,"handId":410,"id":4102,"length":66.2163,"mcpPosition":[6.22402,129.857,14.9652],"pipPosition":[-19.652,92.0882,1.82131],"stabilizedTipPosition":[-18.2257,83.8429,37.5059],"timeVisible":8.63172,"tipPosition":[-17.9918,77.6717,39.3784],"tipVelocity":[40.4343,-539.262,190.2],"tool":false,"touchDistance":0.333333,"touchZone":"none","type":2,"width":18.7732},{"bases":[[[0.802659,-0.587777,-0.101282],[0.596008,0.783978,0.173645],[-0.0226618,-0.199742,0.979586]],[[0.802966,-0.583078,-0.123551],[0.0750692,0.304578,-0.949525],[0.591278,0.753161,0.288337]],[[0.802966,-0.583078,-0.123551],[-0.566006,-0.681007,-0.464615],[0.186768,0.443001,-0.876851]],[[0.802966,-0.583078,-0.123551],[-0.575427,-0.812403,0.0942617],[-0.155335,-0.00459452,-0.987851]]],"btipPosition":[-2.31486,74.0519,46.5057],"carpPosition":[24.6336,106.984,77.6308],"dipPosition":[-5.18291,73.967,28.2663],"direction":[-0.186768,-0.443001,0.876851],"extended":false,"handId":410,"id":4103,"length":63.6687,"mcpPosition":[26.0364,119.348,16.9931],"pipPosition":[-0.0700881,86.0943,4.26223],"stabilizedTipPosition":[-3.39718,81.835,38.8848],"timeVisible":8.63172,"tipPosition":[-2.9899,73.9754,41.8752],"tipVelocity":[40.5704,-529.848,182.905],"tool":false,"touchDistance":0.333333,"touchZone":"none","type":3,"width":17.8639},{"bases":[[[0.685056,-0.728346,-0.0145142],[0.709236,0.662266,0.241636],[-0.166382,-0.175828,0.970259]],[[0.6517,-0.746634,0.13351],[0.345595,0.135617,-0.928532],[0.675167,0.651265,0.346414]],[[0.6517,-0.746634,0.13351],[-0.596469,-0.61323,-0.517855],[0.46852,0.257851,-0.844986]],[[0.6517,-0.746634,0.13351],[-0.755667,-0.654286,0.0296347],[0.0652274,-0.120202,-0.990604]]],"btipPosition":[8.08729,79.836,40.7046],"carpPosition":[32.3119,95.4538,75.2008],"dipPosition":[9.19834,77.7885,23.8311],"direction":[-0.46852,-0.257851,0.844986],"extended":false,"handId":410,"id":4104,"length":49.9151,"mcpPosition":[41.8458,105.529,19.6036],"pipPosition":[18.254,82.7723,7.49912],"stabilizedTipPosition":[7.99724,86.4935,33.8218],"timeVisible":8.63172,"tipPosition":[8.426,79.4767,36.6407],"tipVelocity":[36.8182,-523.496,179.567],"tool":false,"touchDistance":0.333333,"touchZone":"none","type":4,"width":15.8681}],"r":[[0.985258,0.133167,0.10739],[-0.136209,0.990447,0.0214735],[-0.103504,-0.0357844,0.993985]],"s":1.31944,"t":[18.3488,-54.082,-130.125],"timestamp":88789448820},false],[5,{"currentFrameRate":55.3296,"devices":[],"gestures":[],"hands":[{"armBasis":[[0.919995,-0.382612,-0.0849563],[0.391113,0.910242,0.13598],[0.0253029,-0.158329,0.987062]],"armWidth":62.9686,"confidence":0.7052,"direction":[-0.0143606,0.392263,-0.919741],"elbow":[24.7204,44.9167,352.292],"grabStrength":0,"id":410,"palmNormal":[-0.404874,-0.843337,-0.353355],"palmPosition":[8.58744,107.26,39.6269],"palmVelocity":[26.5268,-496.485,188.61],"palmWidth":89.917,"pinchStrength":0.24046,"r":[[0.98279,0.147264,0.111521],[-0.149857,0.988591,0.0151933],[-0.108012,-0.0316441,0.993646]],"s":1.33015,"sphereCenter":[-10.9477,78.6935,8.15369],"sphereRadius":47.3838,"stabilizedPalmPosition":[8.39192,110.257,38.3959],"t":[18.8559,-63.057,-126.7],"timeVisible":8.64986,"type":"right","wrist":[17.9692,87.1613,88.9282]}],"id":1417516,"interactionBox":{"center":[0,200,0],"size":[235.247,235.247,147.751]},"pointables":[{"bases":[[[0.727224,0.683044,0.0677981],[-0.549121,0.519671,0.654529],[0.41184,-0.513219,0.752991]],[[0.715091,0.697508,0.0461354],[-0.523472,0.490591,0.696633],[0.463273,-0.522306,0.715943]],[[0.715091,0.697508,0.0461354],[-0.688784,0.691811,0.216737],[0.119258,-0.186764,0.975139]],[[0.715091,0.697508,0.0461354],[-0.508263,0.564116,-0.650725],[-0.479911,0.441878,0.757911]]],"btipPosition":[-27.8316,109.02,7.38128],"carpPosition":[-12.0597,87.1819,93.0825],"dipPosition":[-38.9308,119.239,24.9099],"direction":[-0.119258,0.186764,-0.975139],"extended":false,"handId":410,"id":4100,"length":51.5018,"mcpPosition":[-12.0597,87.1819,93.0825],"pipPosition":[-34.9125,112.947,57.7658],"stabilizedTipPosition":[-29.2759,118.787,6.45586],"timeVisible":8.64986,"tipPosition":[-29.0808,108.457,11.762],"tipVelocity":[-18.4062,-296.913,171.904],"tool":false,"touchDistance":0.602658,"touchZone":"hovering","type":0,"width":20.0112},{"bases":[[[0.898869,-0.296229,-0.322927],[0.375523,0.900517,0.219205],[0.225867,-0.318303,0.920688]],[[0.924405,-0.346884,-0.158575],[0.357344,0.933023,0.0421227],[0.133342,-0.0956042,0.986448]],[[0.924405,-0.346884,-0.158575],[0.313213,0.92765,-0.20338],[0.217652,0.138338,0.966173]],[[0.924405,-0.346884,-0.158575],[0.26709,0.885532,-0.380126],[0.272283,0.309036,0.91124]]],"btipPosition":[-28.9795,123.376,-58.4568],"carpPosition":[2.89855,104.698,88.8224],"dipPosition":[-24.3823,128.594,-43.0713],"direction":[-0.217652,-0.138338,-0.966173],"extended":true,"handId":410,"id":4101,"length":58.114,"mcpPosition":[-13.5224,127.839,21.8865],"pipPosition":[-19.1836,131.898,-19.9939],"stabilizedTipPosition":[-27.963,125.267,-55.1994],"timeVisible":8.64986,"tipPosition":[-26.4005,126.864,-55.0343],"tipVelocity":[-15.8429,-583.247,201.87],"tool":false,"touchDistance":0.671467,"touchZone":"hovering","type":1,"width":19.1147},{"bases":[[[0.843845,-0.485656,-0.228176],[0.52695,0.830265,0.181615],[0.101244,-0.273492,0.956531]],[[0.844697,-0.488028,-0.219808],[-0.0295367,0.367542,-0.929538],[0.534429,0.79167,0.296047]],[[0.844697,-0.488028,-0.219808],[-0.530293,-0.707327,-0.467417],[0.0726359,0.511388,-0.856274]],[[0.844697,-0.488028,-0.219808],[-0.482543,-0.872045,0.0817952],[-0.231601,0.0369748,-0.972108]]],"btipPosition":[-15.9578,68.9222,46.8331],"carpPosition":[14.2186,102.832,84.768],"dipPosition":[-20.2587,69.6088,28.7807],"direction":[-0.0726359,-0.511388,0.856274],"extended":false,"handId":410,"id":4102,"length":66.2163,"mcpPosition":[7.23833,121.688,18.8197],"pipPosition":[-18.2176,83.9794,4.71845],"stabilizedTipPosition":[-17.2714,72.8252,41.3682],"timeVisible":8.64986,"tipPosition":[-17.0509,68.9999,42.0767],"tipVelocity":[45.658,-510.42,170.49],"tool":false,"touchDistance":0.333333,"touchZone":"none","type":2,"width":18.7732},{"bases":[[[0.807405,-0.581807,-0.0979649],[0.588851,0.784304,0.195248],[-0.0367625,-0.215331,0.975849]],[[0.808029,-0.576807,-0.119931],[0.0880003,0.319453,-0.943507],[0.582534,0.751827,0.308886]],[[0.808029,-0.576807,-0.119931],[-0.554942,-0.676833,-0.48367],[0.197811,0.457374,-0.866995]],[[0.808029,-0.576807,-0.119931],[-0.572288,-0.816821,0.0727308],[-0.139914,0.00986664,-0.990115]]],"btipPosition":[-1.47703,65.3568,49.3685],"carpPosition":[24.7996,97.9257,81.3976],"dipPosition":[-4.06036,65.539,31.0874],"direction":[-0.197811,-0.457374,0.866995],"extended":false,"handId":410,"id":4103,"length":63.6687,"mcpPosition":[27.0752,111.255,20.9913],"pipPosition":[1.35478,78.0598,7.35314],"stabilizedTipPosition":[-2.44946,70.0875,43.3727],"timeVisible":8.64986,"tipPosition":[-2.07963,65.3464,44.7272],"tipVelocity":[44.9692,-504.21,170.717],"tool":false,"touchDistance":0.333333,"touchZone":"none","type":3,"width":17.8639},{"bases":[[[0.689255,-0.724358,-0.0152675],[0.701687,0.662138,0.263076],[-0.180452,-0.19204,0.964654]],[[0.65377,-0.745144,0.131698],[0.359016,0.152243,-0.920831],[0.666102,0.649294,0.367051]],[[0.65377,-0.745144,0.131698],[-0.584975,-0.608095,-0.536679],[0.479988,0.273825,-0.833446]],[[0.65377,-0.745144,0.131698],[-0.752328,-0.658747,0.0075048],[0.0811631,-0.103986,-0.991262]]],"btipPosition":[8.98422,71.2715,43.7988],"carpPosition":[32.5789,86.4764,78.9068],"dipPosition":[10.3667,69.5002,26.9141],"direction":[-0.479988,-0.273825,0.833446],"extended":false,"handId":410,"id":4104,"length":49.9151,"mcpPosition":[42.9191,97.4805,23.6307],"pipPosition":[19.644,74.7928,10.8052],"stabilizedTipPosition":[8.93857,75.2192,38.2174],"timeVisible":8.64986,"tipPosition":[9.3854,70.9796,39.7361],"tipVelocity":[44.4762,-497.399,175.229],"tool":false,"touchDistance":0.333333,"touchZone":"none","type":4,"width":15.8681}],"r":[[0.98279,0.147264,0.111521],[-0.149857,0.988591,0.0151933],[-0.108012,-0.0316441,0.993646]],"s":1.33015,"t":[18.8559,-63.057,-126.7],"timestamp":88789466957},false],[6,{"currentFrameRate":55.3544,"devices":[],"gestures":[],"hands":[{"armBasis":[[0.818396,-0.489384,-0.301217],[0.544645,0.827735,0.134969],[0.183276,-0.274515,0.943955]],"armWidth":62.9686,"confidence":0.646235,"direction":[0.0773936,0.648549,-0.757228],"elbow":[42.5457,68.5346,310.06],"grabStrength":0.870613,"id":410,"palmNormal":[-0.577623,-0.589884,-0.564259],"palmPosition":[-10.8126,177.494,17.8583],"palmVelocity":[3.10733,692.134,-238.081],"palmWidth":89.917,"pinchStrength":0.611662,"r":[[0.979813,0.0179503,0.19911],[-0.0730118,0.959295,0.272806],[-0.186108,-0.281836,0.94124]],"s":1.2447,"sphereCenter":[-29.654,162.891,-18.747],"sphereRadius":43.1877,"stabilizedPalmPosition":[-10.8524,176.112,18.3525],"t":[-0.114264,-14.3283,-140.753],"timeVisible":9.40901,"type":"right","wrist":[-6.35526,141.78,58.1972]}],"id":1417558,"interactionBox":{"center":[0,200,0],"size":[235.247,235.247,147.751]},"pointables":[{"bases":[[[0.858743,0.460583,0.224555],[-0.425879,0.397855,0.812612],[0.284935,-0.793458,0.537808]],[[0.756184,0.649666,0.0782294],[-0.518201,0.521542,0.677837],[0.399568,-0.553108,0.731039]],[[0.756184,0.649666,0.0782294],[-0.640872,0.711139,0.289075],[0.13217,-0.268729,0.954105]],[[0.756184,0.649666,0.0782294],[-0.653425,0.743301,0.143319],[0.0349619,-0.159493,0.98658]]],"btipPosition":[-60.6471,186.871,-27.0225],"carpPosition":[-35.675,146.843,64.0033],"dipPosition":[-59.8385,183.182,-4.20527],"direction":[-0.13217,0.268729,-0.954105],"extended":false,"handId":410,"id":4100,"length":51.5018,"mcpPosition":[-35.675,146.843,64.0033],"pipPosition":[-55.3852,174.127,27.9419],"stabilizedTipPosition":[-60.7667,184.682,-21.204],"timeVisible":9.40901,"tipPosition":[-61.3478,188.584,-19.745],"tipVelocity":[95.6765,592.323,-259.465],"tool":false,"touchDistance":0.233206,"touchZone":"hovering","type":0,"width":20.0112},{"bases":[[[0.814084,-0.365341,-0.451434],[0.562311,0.690179,0.455477],[0.145166,-0.624643,0.767299]],[[0.823992,-0.421296,-0.378877],[0.551272,0.750596,0.364288],[0.13091,-0.509034,0.850733]],[[0.823992,-0.421296,-0.378877],[0.228592,0.859028,-0.458057],[0.518443,0.290827,0.804137]],[[0.823992,-0.421296,-0.378877],[-0.165243,0.460934,-0.871915],[0.541971,0.781057,0.310189]]],"btipPosition":[-54.8641,208.155,-52.0699],"carpPosition":[-17.2185,161.265,64.2772],"dipPosition":[-45.7134,221.343,-46.8326],"direction":[-0.518443,-0.290827,-0.804137],"extended":false,"handId":410,"id":4101,"length":58.114,"mcpPosition":[-27.7723,206.678,8.49302],"pipPosition":[-33.3302,228.289,-27.6255],"stabilizedTipPosition":[-52.749,210.525,-50.7256],"timeVisible":9.40901,"tipPosition":[-53.4913,208.84,-49.8424],"tipVelocity":[-9.23372,878.823,-205.879],"tool":false,"touchDistance":0.312106,"touchZone":"hovering","type":1,"width":19.1147},{"bases":[[[0.718344,-0.558643,-0.414608],[0.694897,0.604597,0.389335],[0.0331711,-0.567786,0.822508]],[[0.718409,-0.559779,-0.41296],[0.0583271,0.64004,-0.766124],[0.693171,0.526304,0.492461]],[[0.718409,-0.559779,-0.41296],[-0.671725,-0.403993,-0.620948],[0.180761,0.72349,-0.666249]],[[0.718409,-0.559779,-0.41296],[-0.658297,-0.738944,-0.143552],[-0.224797,0.374979,-0.899365]]],"btipPosition":[-42.7669,145.175,14.4217],"carpPosition":[-6.55776,158.392,59.1628],"dipPosition":[-46.9414,152.139,-2.27983],"direction":[-0.180761,-0.72349,0.666249],"extended":false,"handId":410,"id":4102,"length":66.2163,"mcpPosition":[-8.84475,197.538,2.45477],"pipPosition":[-41.8619,172.469,-21.0021],"stabilizedTipPosition":[-43.6774,145.702,10.9097],"timeVisible":9.40901,"tipPosition":[-44.0128,146.934,9.93237],"tipVelocity":[-36.0733,730.283,-226.976],"tool":false,"touchDistance":0.333333,"touchZone":"none","type":2,"width":18.7732},{"bases":[[[0.660954,-0.680086,-0.317212],[0.745147,0.544731,0.384739],[-0.0888605,-0.490664,0.866806]],[[0.663144,-0.666359,-0.34089],[0.150234,0.564665,-0.811531],[0.733259,0.486949,0.474565]],[[0.663144,-0.666359,-0.34089],[-0.694993,-0.379091,-0.610962],[0.277892,0.642072,-0.714507]],[[0.663144,-0.666359,-0.34089],[-0.732997,-0.670344,-0.115561],[-0.151509,0.326504,-0.932974]]],"btipPosition":[-28.9731,137.909,16.0099],"carpPosition":[2.71168,152.642,53.8336],"dipPosition":[-31.7705,143.937,-1.21625],"direction":[-0.277892,-0.642072,0.714507],"extended":false,"handId":410,"id":4103,"length":63.6687,"mcpPosition":[8.21226,183.014,0.177222],"pipPosition":[-24.1631,161.514,-20.7761],"stabilizedTipPosition":[-29.544,138.02,12.4965],"timeVisible":9.40901,"tipPosition":[-29.8298,139.34,11.6658],"tipVelocity":[-39.9703,714.433,-245.902],"tool":false,"touchDistance":0.333333,"touchZone":"none","type":3,"width":17.8639},{"bases":[[[0.513961,-0.812898,-0.273937],[0.82808,0.386818,0.405776],[-0.223891,-0.435395,0.871954]],[[0.484908,-0.857449,-0.172179],[0.36316,0.376513,-0.852263],[0.7956,0.350741,0.493966]],[[0.484908,-0.857449,-0.172179],[-0.717231,-0.277236,-0.639312],[0.500443,0.4335,-0.749423]],[[0.484908,-0.857449,-0.172179],[-0.874209,-0.469604,-0.123416],[0.0249674,0.210366,-0.977304]]],"btipPosition":[-17.2593,141.867,11.4609],"carpPosition":[7.80942,141.136,47.5534],"dipPosition":[-16.834,145.45,-5.18608],"direction":[-0.500443,-0.4335,0.749423],"extended":false,"handId":410,"id":4104,"length":49.9151,"mcpPosition":[20.6387,166.085,-2.41078],"pipPosition":[-7.16134,153.829,-19.671],"stabilizedTipPosition":[-17.068,141.122,8.22825],"timeVisible":9.40901,"tipPosition":[-17.3569,142.915,7.44947],"tipVelocity":[-41.3961,703.998,-258.931],"tool":false,"touchDistance":0.333333,"touchZone":"none","type":4,"width":15.8681}],"r":[[0.979813,0.0179503,0.19911],[-0.0730118,0.959295,0.272806],[-0.186108,-0.281836,0.94124]],"s":1.