{"sensorType":"Leap","data":[[0,{"currentFrameRate":54.8846,"devices":[],"gestures":[],"hands":[{"armBasis":[[0.682806,-0.56015,-0.46905],[0.7048,0.674124,0.220938],[0.19244,-0.481445,0.85509]],"armWidth":62.9686,"confidence":0.691099,"direction":[0.180265,0.601424,-0.778328],"elbow":[33.0546,145.379,290.891],"grabStrength":0.0775881,"id":410,"palmNormal":[-0.685939,-0.490268,-0.537703],"palmPosition":[-16.9107,308.589,21.3515],"palmVelocity":[63.0543,8.7775,-165.627],"palmWidth":89.917,"pinchStrength":1,"r":[[0.970067,-0.20834,0.124757],[0.170574,0.950263,0.260584],[-0.172843,-0.231504,0.957356]],"s":0.995498,"sphereCenter":[-39.5818,288.785,-19.6876],"sphereRadius":44.7924,"stabilizedPalmPosition":[-21.5865,304.458,36.246],"t":[-7.27908,129.151,-138.54],"timeVisible":0.524366,"type":"right","wrist":[-18.2914,273.837,62.7392]}],"id":1417067,"interactionBox":{"center":[0,200,0],"size":[235.247,235.247,147.751]},"pointables":[{"bases":[[[0.932379,0.302028,0.198618],[-0.33095,0.492216,0.805106],[0.145402,-0.816396,0.558888]],[[0.760023,0.644734,-0.0817511],[-0.510667,0.670262,0.538486],[0.401975,-0.367514,0.83866]],[[0.760023,0.644734,-0.0817511],[-0.626692,0.760378,0.170535],[0.172112,-0.078378,0.981954]],[[0.760023,0.644734,-0.0817511],[-0.513766,0.519016,-0.683131],[-0.398007,0.561196,0.725706]]],"btipPosition":[-62.5054,292.132,-22.4748],"carpPosition":[-46.0823,284.342,68.7647],"dipPosition":[-71.7103,305.112,-5.69097],"direction":[-0.172112,0.078378,-0.981954],"extended":false,"handId":410,"id":4100,"length":51.5018,"mcpPosition":[-46.0823,284.342,68.7647],"pipPosition":[-65.9113,302.471,27.3945],"stabilizedTipPosition":[-70.4045,292.179,-6.8417],"timeVisible":0.524366,"tipPosition":[-65.6785,296.088,-19.3981],"tipVelocity":[90.1225,16.6742,-172.166],"tool":false,"touchDistance":-0.504374,"touchZone":"touching","type":0,"width":20.0112},{"bases":[[[0.725235,-0.520879,-0.450243],[0.687153,0.588504,0.42601],[0.0430701,-0.618343,0.784727]],[[0.724225,-0.601371,-0.337419],[0.644654,0.764166,0.0217149],[0.244785,-0.233245,0.941104]],[[0.724225,-0.601371,-0.337419],[0.621939,0.780987,-0.0570202],[0.29781,-0.168558,0.939626]],[[0.724225,-0.601371,-0.337419],[0.603849,0.789364,-0.110776],[0.332964,-0.123523,0.934814]]],"btipPosition":[-51.562,356.116,-66.8926],"carpPosition":[-25.303,295.147,68.3407],"dipPosition":[-45.9402,354.03,-51.1091],"direction":[-0.29781,0.168558,-0.939626],"extended":true,"handId":410,"id":4101,"length":58.114,"mcpPosition":[-28.4343,340.102,11.2895],"pipPosition":[-38.8269,350.004,-28.6658],"stabilizedTipPosition":[-55.6253,353.424,-53.4697],"timeVisible":0.524366,"tipPosition":[-50.5873,354.314,-63.1923],"tipVelocity":[94.8554,29.1036,-170.421],"tool":false,"touchDistance":-0.550966,"touchZone":"touching","type":1,"width":19.1147},{"bases":[[[0.596546,-0.692273,-0.406067],[0.800649,0.478252,0.360883],[-0.0556271,-0.5404,0.839567]],[[0.593794,-0.713656,-0.371624],[0.356159,0.647278,-0.67393],[0.721498,0.267819,0.638525]],[[0.593794,-0.713656,-0.371624],[-0.503264,0.0309543,-0.863578],[0.627801,0.699812,-0.340777]],[[0.593794,-0.713656,-0.371624],[-0.757302,-0.339648,-0.557793],[0.271851,0.612645,-0.742134]]],"btipPosition":[-68.6638,283.686,-1.75956],"carpPosition":[-15.4424,290.227,63.1809],"dipPosition":[-63.6154,295.063,-15.5413],"direction":[-0.627801,-0.699812,0.340777],"extended":false,"handId":410,"id":4102,"length":66.2163,"mcpPosition":[-11.6072,327.485,5.29673],"pipPosition":[-45.9735,314.728,-25.1175],"stabilizedTipPosition":[-72.4205,285.344,4.81237],"timeVisible":0.524366,"tipPosition":[-67.9745,286.608,-6.22097],"tipVelocity":[86.1973,5.58073,-175.061],"tool":false,"touchDistance":0.333333,"touchZone":"none","type":2,"width":18.7732},{"bases":[[[0.519793,-0.798322,-0.304134],[0.839042,0.4101,0.357529],[-0.160698,-0.441022,0.882993]],[[0.522185,-0.7915,-0.31757],[0.256048,0.500694,-0.826889],[0.813488,0.350475,0.464117]],[[0.522185,-0.7915,-0.31757],[-0.0440538,0.34684,-0.936889],[0.851694,0.503219,0.146246]],[[0.522185,-0.7915,-0.31757],[-0.171639,0.267216,-0.948228],[0.835382,0.549657,0.00368413]]],"btipPosition":[-72.1882,270.628,-21.3062],"carpPosition":[-7.47826,282.727,57.9158],"dipPosition":[-56.7639,280.777,-21.2381],"direction":[-0.851694,-0.503219,-0.146246],"extended":false,"handId":410,"id":4103,"length":63.6687,"mcpPosition":[2.46915,310.027,3.2574],"pipPosition":[-33.4485,294.553,-17.2346],"stabilizedTipPosition":[-73.6668,271.788,-9.71467],"timeVisible":0.524366,"tipPosition":[-68.525,273.375,-22.1255],"tipVelocity":[86.4471,7.49466,-185.425],"tool":false,"touchDistance":-0.695499,"touchZone":"hovering","type":3,"width":17.8639},{"bases":[[[0.351874,-0.900713,-0.254758],[0.892159,0.240354,0.382469],[-0.283262,-0.361865,0.888153]],[[0.322637,-0.931653,-0.167115],[0.420221,0.299191,-0.856679],[0.848127,0.206171,0.488031]],[[0.322637,-0.931653,-0.167115],[0.103841,0.210331,-0.9721],[0.94081,0.296282,0.164605]],[[0.322637,-0.931653,-0.167115],[-0.0386858,0.16343,-0.985796],[0.945732,0.324519,0.0166866]]],"btipPosition":[-52.3799,272.585,-19.4741],"carpPosition":[-4.68255,270.308,51.9369],"dipPosition":[-36.2708,278.113,-19.1899],"direction":[-0.940809,-0.296282,-0.164605],"extended":false,"handId":410,"id":4104,"length":49.9151,"mcpPosition":[11.5488,291.043,1.04448],"pipPosition":[-18.0867,283.839,-16.0084],"stabilizedTipPosition":[-53.6921,272.091,-7.20507],"timeVisible":0.524366,"tipPosition":[-48.2419,274.211,-20.6626],"tipVelocity":[85.986,14.4514,-187.843],"tool":false,"touchDistance":-0.528055,"touchZone":"touching","type":4,"width":15.8681}],"r":[[0.970067,-0.20834,0.124757],[0.170574,0.950263,0.260584],[-0.172843,-0.231504,0.957356]],"s":0.995498,"t":[-7.27908,129.151,-138.54],"timestamp":88781341464},false],[1,{"currentFrameRate":54.8959,"devices":[],"gestures":[],"hands":[{"armBasis":[[0.690013,-0.562882,-0.455024],[0.700142,0.678479,0.222413],[0.183532,-0.472049,0.862256]],"armWidth":62.9686,"confidence":0.69755,"direction":[0.181878,0.595919,-0.782177],"elbow":[31.8456,148.013,290.466],"grabStrength":0.0774465,"id":410,"palmNormal":[-0.68008,-0.49829,-0.537772],"palmPosition":[-15.6713,308.38,18.7377],"palmVelocity":[65.501,-0.894378,-155.213],"palmWidth":89.917,"pinchStrength":1,"r":[[0.969102,-0.209425,0.130314],[0.170193,0.95014,0.261282],[-0.178535,-0.23103,0.956426]],"s":0.997542,"sphereCenter":[-38.1181,288.066,-22.3092],"sphereRadius":44.9022,"stabilizedPalmPosition":[-21.3918,304.587,35.6699],"t":[-6.08741,129.12,-141.352],"timeVisible":0.542543,"type":"right","wrist":[-17.1237,273.964,60.4028]}],"id":1417068,"interactionBox":{"center":[0,200,0],"size":[235.247,235.247,147.751]},"pointables":[{"bases":[[[0.929563,0.308557,0.201757],[-0.33842,0.497097,0.798979],[0.146237,-0.810979,0.566504]],[[0.757459,0.647695,-0.0821399],[-0.514573,0.669685,0.535478],[0.401834,-0.363336,0.840545]],[[0.757459,0.647695,-0.0821399],[-0.631033,0.758568,0.162395],[0.167491,-0.0711744,0.983301]],[[0.757459,0.647695,-0.0821399],[-0.504027,0.500146,-0.704138],[-0.414985,0.574757,0.705296]]],"btipPosition":[-60.873,291.4,-24.7334],"carpPosition":[-45.0052,284.372,66.1725],"dipPosition":[-70.4706,304.693,-8.42162],"direction":[-0.167491,0.0711744,-0.983301],"extended":false,"handId":410,"id":4100,"length":51.5018,"mcpPosition":[-45.0052,284.372,66.1725],"pipPosition":[-64.8272,302.295,24.7093],"stabilizedTipPosition":[-69.8141,292.362,-7.98143],"timeVisible":0.542543,"tipPosition":[-64.0266,295.276,-21.8429],"tipVelocity":[87.6004,-8.60883,-152.159],"tool":false,"touchDistance":-0.517778,"touchZone":"touching","type":0,"width":20.0112},{"bases":[[[0.730675,-0.520756,-0.441507],[0.681464,0.595606,0.425277],[0.0414984,-0.61161,0.79007]],[[0.72952,-0.599185,-0.329816],[0.639872,0.76823,0.0196719],[0.241587,-0.225391,0.94384]],[[0.72952,-0.599185,-0.329816],[0.617523,0.784335,-0.0590222],[0.294051,-0.160611,0.942198]],[[0.72952,-0.599185,-0.329816],[0.599716,0.79223,-0.11275],[0.328848,-0.115542,0.937288]]],"btipPosition":[-50.1299,355.104,-70.0563],"carpPosition":[-24.2803,295.282,65.7849],"dipPosition":[-44.5776,353.153,-54.231],"direction":[-0.294051,0.160611,-0.942198],"extended":true,"handId":410,"id":4101,"length":58.114,"mcpPosition":[-27.2973,339.747,8.34523],"pipPosition":[-37.5541,349.317,-31.7262],"stabilizedTipPosition":[-55.0011,353.537,-54.6629],"timeVisible":0.542543,"tipPosition":[-49.1105,353.367,-66.359],"tipVelocity":[86.7687,-10.5327,-171.898],"tool":false,"touchDistance":-0.571513,"touchZone":"touching","type":1,"width":19.1147},{"bases":[[[0.602613,-0.692454,-0.396693],[0.795928,0.485419,0.361755],[-0.0579365,-0.533738,0.843663]],[[0.599845,-0.713054,-0.36296],[0.346654,0.640455,-0.685309],[0.721122,0.285257,0.631357]],[[0.599845,-0.713054,-0.36296],[-0.471696,0.0512701,-0.880269],[0.646289,0.699232,-0.305591]],[[0.599845,-0.713054,-0.36296],[-0.730798,-0.303568,-0.611376],[0.325761,0.631981,-0.703192]]],"btipPosition":[-68.9278,282.198,-5.86743],"carpPosition":[-14.3628,290.372,60.7259],"dipPosition":[-62.8783,293.934,-18.926],"direction":[-0.646289,-0.699232,0.305591],"extended":false,"handId":410,"id":4102,"length":66.2163,"mcpPosition":[-10.3684,327.17,2.55936],"pipPosition":[-44.7169,313.583,-27.5134],"stabilizedTipPosition":[-72.1922,285.323,4.17294],"timeVisible":0.542543,"tipPosition":[-67.3365,285.444,-9.55731],"tipVelocity":[44.1894,-33.9656,-194.994],"tool":false,"touchDistance":0.333333,"touchZone":"none","type":2,"width":18.7732},{"bases":[[[0.525792,-0.79806,-0.294352],[0.834695,0.417444,0.359199],[-0.163787,-0.434558,0.885626]],[[0.528256,-0.791263,-0.307975],[0.256702,0.494571,-0.830364],[0.809351,0.359586,0.464379]],[[0.528256,-0.791263,-0.307975],[-0.042504,0.337616,-0.940324],[0.848021,0.509822,0.144716]],[[0.528256,-0.791263,-0.307975],[-0.169628,0.257055,-0.951393],[0.831969,0.55482,0.00157052]]],"btipPosition":[-70.5002,269.694,-23.7441],"carpPosition":[-6.32773,282.871,55.5715],"dipPosition":[-55.139,279.938,-23.7151],"direction":[-0.848021,-0.509822,-0.144716],"extended":false,"handId":410,"id":4103,"length":63.6687,"mcpPosition":[3.81088,309.771,0.750118],"pipPosition":[-31.9242,293.894,-19.7535],"stabilizedTipPosition":[-73.3462,271.801,-10.3857],"timeVisible":0.542543,"tipPosition":[-66.8503,272.46,-24.5879],"tipVelocity":[89.1267,-20.0402,-161.185],"tool":false,"touchDistance":-0.690986,"touchZone":"hovering","type":3,"width":17.8639},{"bases":[[[0.35811,-0.900921,-0.245148],[0.888543,0.248192,0.385866],[-0.286791,-0.356007,0.889387]],[[0.328588,-0.931218,-0.15768],[0.423781,0.294567,-0.856528],[0.844062,0.214623,0.491423]],[[0.328588,-0.931218,-0.15768],[0.108332,0.203009,-0.973166],[0.93824,0.302689,0.167587]],[[0.328588,-0.931218,-0.15768],[-0.0339001,0.155214,-0.987299],[0.943865,0.32976,0.019433]]],"btipPosition":[-50.7026,271.85,-21.9919],"carpPosition":[-3.43091,270.417,49.7128],"dipPosition":[-34.6252,277.467,-21.6609],"direction":[-0.93824,-0.302689,-0.167587],"extended":false,"handId":410,"id":4104,"length":49.9151,"mcpPosition":[13.0026,290.817,-1.25035],"pipPosition":[-16.4908,283.318,-18.4218],"stabilizedTipPosition":[-53.3056,272.152,-8.05528],"timeVisible":0.542543,"tipPosition":[-46.5722,273.485,-23.1555],"tipVelocity":[88.7965,-11.1817,-164.027],"tool":false,"touchDistance":-0.541188,"touchZone":"touching","type":4,"width":15.8681}],"r":[[0.969102,-0.209425,0.130314],[0.170193,0.95014,0.261282],[-0.178535,-0.23103,0.956426]],"s":0.997542,"t":[-6.08741,129.12,-141.352],"timestamp":88781359641},false],[2,{"currentFrameRate":54.9734,"devices":[],"gestures":[],"hands":[{"armBasis":[[0.683038,-0.570395,-0.456188],[0.705868,0.675978,0.211667],[0.187639,-0.466586,0.864343]],"armWidth":62.9686,"confidence":0.708715,"direction":[0.191062,0.580331,-0.791651],"elbow":[33.4882,149.972,289.809],"grabStrength":0.0771267,"id":410,"palmNormal":[-0.682839,-0.500795,-0.531916],"palmPosition":[-14.6081,308.132,16.9366],"palmVelocity":[62.5861,-7.00787,-129.374],"palmWidth":89.917,"pinchStrength":1,"r":[[0.967768,-0.211766,0.136311],[0.171576,0.950605,0.258672],[-0.184356,-0.226947,0.956299]],"s":1.00012,"sphereCenter":[-37.1339,287.183,-23.9598],"sphereRadius":45.087,"stabilizedPalmPosition":[-21.2183,304.678,35.1908],"t":[-4.95996,128.98,-143.659],"timeVisible":0.560464,"type":"right","wrist":[-16.5769,274.464,59.1881]}],"id":1417069,"interactionBox":{"center":[0,200,0],"size":[235.247,235.247,147.751]},"pointables":[{"bases":[[[0.93178,0.302747,0.200327],[-0.336684,0.514318,0.788747],[0.135759,-0.802385,0.581161]],[[0.764888,0.63792,-0.0894686],[-0.505111,0.680156,0.531273],[0.399762,-0.361173,0.842463]],[[0.764888,0.63792,-0.0894686],[-0.622045,0.767549,0.154688],[0.16735,-0.0626656,0.983904]],[[0.764888,0.63792,-0.0894686],[-0.487894,0.483029,-0.727077],[-0.420601,0.599784,0.680701]]],"btipPosition":[-60.0069,291.305,-25.7956],"carpPosition":[-44.3759,285.249,64.6564],"dipPosition":[-69.7344,305.177,-10.0527],"direction":[-0.16735,0.0626656,-0.983904],"extended":false,"handId":410,"id":4100,"length":51.5018,"mcpPosition":[-44.3759,285.249,64.6564],"pipPosition":[-64.0958,303.065,23.0985],"stabilizedTipPosition":[-69.319,292.502,-8.90986],"timeVisible":0.560464,"tipPosition":[-62.9629,295.024,-23.1263],"tipVelocity":[68.2659,-3.53419,-111.738],"tool":false,"touchDistance":-0.512229,"touchZone":"touching","type":0,"width":20.0112},{"bases":[[[0.727212,-0.535643,-0.429243],[0.685662,0.596114,0.417751],[0.032112,-0.598109,0.800771]],[[0.724933,-0.611145,-0.317763],[0.646944,0.762479,0.00945883],[0.236507,-0.212432,0.948123]],[[0.724933,-0.611145,-0.317763],[0.624969,0.777538,-0.0696374],[0.289632,-0.14811,0.945609]],[[0.724933,-0.611145,-0.317763],[0.60738,0.784736,-0.123607],[0.324902,-0.103397,0.940079]]],"btipPosition":[-48.3204,353.73,-72.7621],"carpPosition":[-23.5411,295.944,64.1675],"dipPosition":[-42.8347,351.984,-56.8897],"direction":[-0.289632,0.14811,-0.945609],"extended":true,"handId":410,"id":4101,"length":58.114,"mcpPosition":[-25.8757,339.428,5.94984],"pipPosition":[-35.9168,348.447,-34.3034],"stabilizedTipPosition":[-54.3596,353.52,-55.8299],"timeVisible":0.560464,"tipPosition":[-47.2828,352.079,-69.0515],"tipVelocity":[93.0717,-40.5163,-161.735],"tool":false,"touchDistance":-0.583119,"touchZone":"touching","type":1,"width":19.1147},{"bases":[[[0.597249,-0.705247,-0.381994],[0.799273,0.483699,0.356648],[-0.0667547,-0.518325,0.852574]],[[0.594206,-0.724848,-0.34859],[0.346934,0.621992,-0.701971],[0.725642,0.296177,0.621065]],[[0.594206,-0.724848,-0.34859],[-0.453154,0.0563646,-0.889648],[0.664508,0.686599,-0.294976]],[[0.594206,-0.724848,-0.34859],[-0.716731,-0.280516,-0.638441],[0.364988,0.629211,-0.686205]]],"btipPosition":[-69.0655,281.497,-8.09404],"carpPosition":[-13.6528,290.847,59.2373],"dipPosition":[-62.2875,293.182,-20.8371],"direction":[-0.664508,-0.686599,0.294976],"extended":false,"handId":410,"id":4102,"length":66.2163,"mcpPosition":[-9.05035,326.583,0.456304],"pipPosition":[-43.6141,312.476,-29.1263],"stabilizedTipPosition":[-72.0751,285.295,3.79295],"timeVisible":0.560464,"tipPosition":[-67.0022,284.819,-11.4239],"tipVelocity":[24.1054,-36.7043,-159.669],"tool":false,"touchDistance":0.333333,"touchZone":"none","type":2,"width":18.7732},{"bases":[[[0.518953,-0.80828,-0.278158],[0.837366,0.415307,0.355441],[-0.171775,-0.417378,0.892351]],[[0.521561,-0.801692,-0.292001],[0.26367,0.47693,-0.838461],[0.811451,0.360317,0.46013]],[[0.521561,-0.801692,-0.292001],[-0.0371089,0.320598,-0.946488],[0.852407,0.504487,0.137461]],[[0.521561,-0.801692,-0.292001],[-0.165012,0.240996,-0.956395],[0.837105,0.547002,-0.00659512]]],"btipPosition":[-69.658,269.195,-24.9463],"carpPosition":[-5.67236,283.178,54.2487],"dipPosition":[-54.2019,279.295,-25.068],"direction":[-0.852407,-0.504487,-0.137461],"extended":false,"handId":410,"id":4103,"length":63.6687,"mcpPosition":[4.96072,309.014,-0.989012],"pipPosition":[-30.867,293.105,-21.305],"stabilizedTipPosition":[-73.0522,271.789,-10.9779],"timeVisible":0.560464,"tipPosition":[-65.9807,271.913,-25.8359],"tipVelocity":[69.8046,-24.5851,-117.655],"tool":false,"touchDistance":-0.668773,"touchZone":"hovering","type":3,"width":17.8639},{"bases":[[[0.350045,-0.90859,-0.227889],[0.889401,0.246017,0.385282],[-0.293998,-0.337551,0.894217]],[[0.320008,-0.936947,-0.140444],[0.429804,0.275678,-0.859808],[0.844312,0.214783,0.490923]],[[0.320008,-0.936947,-0.140444],[0.113428,0.185062,-0.976159],[0.9406,0.296449,0.165497]],[[0.320008,-0.936947,-0.140444],[-0.0292698,0.138391,-0.989945],[0.946962,0.320902,0.0168619]]],"btipPosition":[-49.8426,271.237,-23.2597],"carpPosition":[-2.87677,270.596,48.6201],"dipPosition":[-33.7125,276.703,-22.9725],"direction":[-0.9406,-0.296449,-0.165497],"extended":false,"handId":410,"id":4104,"length":49.9151,"mcpPosition":[13.9697,289.938,-2.61979],"pipPosition":[-15.5324,282.433,-19.7737],"stabilizedTipPosition":[-52.9188,272.17,-8.87161],"timeVisible":0.560464,"tipPosition":[-45.7014,272.806,-24.4172],"tipVelocity":[69.8431,-22.9802,-120.236],"tool":false,"touchDistance":-0.534571,"touchZone":"touching","type":4,"width":15.8681}],"r":[[0.967768,-0.211766,0.136311],[0.171576,0.950605,0.258672],[-0.184356,-0.226947,0.956299]],"s":1.00012,"t":[-4.95996,128.98,-143.659],"timestamp":88781377562},false],[3,{"currentFrameRate":54.9591,"devices":[],"gestures":[],"hands":[{"armBasis":[[0.678104,-0.575366,-0.457307],[0.710712,0.67186,0.20855],[0.187254,-0.466431,0.86451]],"armWidth":62.9686,"confidence":0.710453,"direction":[0.198302,0.571226,-0.796478],"elbow":[33.8864,150.238,288.776],"grabStrength":0.0777445,"id":410,"palmNormal":[-0.685171,-0.500286,-0.52939],"palmPosition":[-13.6985,307.938,15.5492],"palmVelocity":[56.4948,-8.76106,-103.863],"palmWidth":89.917,"pinchStrength":1,"r":[[0.966231,-0.214921,0.142146],[0.174072,0.95117,0.2549],[-0.189989,-0.221549,0.956462]],"s":1.00344,"sphereCenter":[-36.292,286.664,-25.3388],"sphereRadius":45.2645,"stabilizedPalmPosition":[-21.0436,304.754,34.7344],"t":[-3.94146,128.813,-145.506],"timeVisible":0.578709,"type":"right","wrist":[-16.076,274.689,58.1108]}],"id":1417070,"interactionBox":{"center":[0,200,0],"size":[235.247,235.247,147.751]},"pointables":[{"bases":[[[0.933559,0.297093,0.200509],[-0.335027,0.524487,0.782733],[0.12738,-0.797903,0.589174]],[[0.771195,0.629916,-0.092001],[-0.495801,0.684971,0.53385],[0.399299,-0.366088,0.840559]],[[0.771195,0.629916,-0.092001],[-0.613461,0.773972,0.156952],[0.170072,-0.0646013,0.983312]],[[0.771195,0.629916,-0.092001],[-0.473643,0.471199,-0.744066],[-0.425348,0.617395,0.661742]]],"btipPosition":[-59.394,291.706,-26.5141],"carpPosition":[-43.8039,285.75,63.3855],"dipPosition":[-69.2312,305.985,-11.2096],"direction":[-0.170072,0.0646013,-0.983312],"extended":false,"handId":410,"id":4100,"length":51.5018,"mcpPosition":[-43.8039,285.75,63.3855],"pipPosition":[-63.5009,303.809,21.9216],"stabilizedTipPosition":[-68.8748,292.646,-9.72631],"timeVisible":0.578709,"tipPosition":[-62.137,295.202,-24.0038],"tipVelocity":[51.0186,11.1284,-79.7701],"tool":false,"touchDistance":-0.50163,"touchZone":"touching","type":0,"width":20.0112},{"bases":[[[0.724214,-0.545555,-0.421763],[0.689133,0.594491,0.414338],[0.0246903,-0.59072,0.806499]],[[0.721131,-0.618795,-0.311549],[0.652274,0.757971,0.00431987],[0.233472,-0.206331,0.95022]],[[0.721131,-0.618795,-0.311549],[0.630563,0.772522,-0.0748356],[0.286987,-0.142485,0.947279]],[[0.721131,-0.618795,-0.311549],[0.61314,0.7794,-0.128824],[0.322537,-0.0981244,0.941457]]],"btipPosition":[-46.8893,353.037,-74.6343],"carpPosition":[-22.8815,296.271,62.8638],"dipPosition":[-41.4436,351.38,-58.7387],"direction":[-0.286987,0.142485,-0.947279],"extended":true,"handId":410,"id":4101,"length":58.114,"mcpPosition":[-24.6766,339.217,4.22974],"pipPosition":[-34.5888,347.977,-36.1126],"stabilizedTipPosition":[-53.6487,353.45,-57.0646],"timeVisible":0.578709,"tipPosition":[-45.8071,351.451,-70.93],"tipVelocity":[85.8309,-38.7621,-133.317],"tool":false,"touchDistance":-0.581145,"touchZone":"touching","type":1,"width":19.1147},{"bases":[[[0.592729,-0.713647,-0.373338],[0.802024,0.480587,0.354675],[-0.0736914,-0.509651,0.857219]],[[0.589479,-0.732604,-0.340302],[0.347741,0.61039,-0.711688],[0.729103,0.301188,0.614569]],[[0.589479,-0.732604,-0.340302],[-0.446845,0.055216,-0.892906],[0.672937,0.678411,-0.294812]],[[0.589479,-0.732604,-0.340302],[-0.711941,-0.272147,-0.647361],[0.381648,0.623881,-0.681996]]],"btipPosition":[-68.6647,281.19,-9.41035],"carpPosition":[-13.0191,291.048,58.0145],"dipPosition":[-61.5773,292.775,-22.0753],"direction":[-0.672937,-0.678411,0.294812],"extended":false,"handId":410,"id":4102,"length":66.2163,"mcpPosition":[-7.93846,326.186,-1.08668],"pipPosition":[-42.6671,311.84,-30.3598],"stabilizedTipPosition":[-72,285.273,3.55302],"timeVisible":0.578709,"tipPosition":[-66.4513,284.526,-12.695],"tipVelocity":[24.9489,-27.797,-117.331],"tool":false,"touchDistance":0.333333,"touchZone":"none","type":2,"width":18.7732},{"bases":[[[0.513266,-0.815052,-0.268789],[0.839564,0.41188,0.354241],[-0.178016,-0.407485,0.895693]],[[0.51599,-0.808574,-0.282778],[0.269067,0.466402,-0.842658],[0.813239,0.358717,0.458219]],[[0.51599,-0.808574,-0.282778],[-0.0330104,0.311103,-0.949803],[0.855958,0.499423,0.133835]],[[0.51599,-0.808574,-0.282778],[-0.161543,0.232341,-0.959125],[0.841224,0.54058,-0.0107341]]],"btipPosition":[-68.9368,269,-26.0168],"carpPosition":[-5.08526,283.267,53.125],"dipPosition":[-53.4047,278.981,-26.215],"direction":[-0.855958,-0.499423,-0.133835],"extended":false,"handId":410,"id":4103,"length":63.6687,"mcpPosition":[5.93415,308.491,-2.3196],"pipPosition":[-29.9726,292.653,-22.5512],"stabilizedTipPosition":[-72.7689,271.771,-11.5337],"timeVisible":0.578709,"tipPosition":[-65.2384,271.68,-26.9268],"tipVelocity":[55.7807,-18.6608,-89.9028],"tool":false,"touchDistance":-0.646551,"touchZone":"hovering","type":3,"width":17.8639},{"bases":[[[0.34339,-0.913512,-0.218127],[0.890128,0.242466,0.385853],[-0.299593,-0.326659,0.896403]],[[0.313288,-0.940476,-0.13174],[0.431204,0.264475,-0.862621],[0.846117,0.213442,0.488394]],[[0.313288,-0.940476,-0.13174],[0.112804,0.174595,-0.978157],[0.942935,0.291584,0.160788]],[[0.313288,-0.940476,-0.13174],[-0.0301563,0.128801,-0.991212],[0.949179,0.314507,0.0119906]]],"btipPosition":[-49.165,270.877,-24.1177],"carpPosition":[-2.37383,270.61,47.625],"dipPosition":[-32.9971,276.234,-23.9134],"direction":[-0.942935,-0.291584,-0.160788],"extended":false,"handId":410,"id":4104,"length":49.9151,"mcpPosition":[14.7933,289.328,-3.74013],"pipPosition":[-14.7719,281.87,-20.8057],"stabilizedTipPosition":[-52.5205,272.167,-9.68176],"timeVisible":0.578709,"tipPosition":[-45.0148,272.407,-25.3051],"tipVelocity":[54.4262,-22.0877,-85.716],"tool":false,"touchDistance":-0.522603,"touchZone":"touching","type":4,"width":15.8681}],"r":[[0.966231,-0.214921,0.142146],[0.174072,0.95117,0.2549],[-0.189989,-0.221549,0.956462]],"s":1.00344,"t":[-3.94146,128.813,-145.506],"timestamp":88781395807},false],[4,{"currentFrameRate":55.0483,"devices":[],"gestures":[],"hands":[{"armBasis":[[0.685749,-0.574489,-0.44689],[0.705745,0.674968,0.215271],[0.177966,-0.463013,0.868301]],"armWidth":62.9686,"confidence":0.699629,"direction":[0.201661,0.573663,-0.793879],"elbow":[32.4615,150.758,287.136],"grabStrength":0.0771998,"id":410,"palmNormal":[-0.678561,-0.502675,-0.535605],"palmPosition":[-12.4789,307.636,12.9771],"palmVelocity":[62.0579,-12.6044,-122.792],"palmWidth":89.917,"pinchStrength":1,"r":[[0.964957,-0.21652,0.148245],[0.17475,0.951685,0.252504],[-0.195755,-0.21775,0.956172]],"s":1.00675,"sphereCenter":[-34.752,286.393,-28.1261],"sphereRadius":45.2994,"stabilizedPalmPosition":[-20.8763,304.81,34.3093],"t":[-2.82239,128.578,-147.715],"timeVisible":0.596565,"type":"right","wrist":[-15.0227,274.297,55.4588]}],"id":1417071,"interactionBox":{"center":[0,200,0],"size":[235.247,235.247,147.751]},"pointables":[{"bases":[[[0.930495,0.301313,0.208299],[-0.343681,0.521388,0.78105],[0.126736,-0.798351,0.588704]],[[0.769525,0.633069,-0.0839941],[-0.500422,0.679475,0.536556],[0.396749,-0.370861,0.839674]],[[0.769525,0.633069,-0.0839941],[-0.617057,0.770973,0.157612],[0.164536,-0.069457,0.983923]],[[0.769525,0.633069,-0.0839941],[-0.462192,0.461335,-0.75733],[-0.440693,0.621606,0.647608]]],"btipPosition":[-57.7679,291.47,-29.012],"carpPosition":[-42.8451,285.212,60.5377],"dipPosition":[-67.9601,305.846,-14.0344],"direction":[-0.164536,0.069457,-0.983923],"extended":false,"handId":410,"id":4100,"length":51.5018,"mcpPosition":[-42.8451,285.212,60.5377],"pipPosition":[-62.4163,303.506,19.1174],"stabilizedTipPosition":[-68.4491,292.75,-10.4959],"timeVisible":0.596565,"tipPosition":[-60.5191,294.875,-26.6041],"tipVelocity":[67.7293,0.237026,-110.073],"tool":false,"touchDistance":-0.518396,"touchZone":"touching","type":0,"width":20.0112},{"bases":[[[0.730152,-0.541206,-0.417103],[0.682952,0.59711,0.420757],[0.0213399,-0.592077,0.805598]],[[0.72674,-0.613515,-0.308948],[0.647848,0.761685,0.011368],[0.228347,-0.208413,0.951011]],[[0.72674,-0.613515,-0.308948],[0.626652,0.776359,-0.0676314],[0.281348,-0.144453,0.948671]],[[0.72674,-0.613515,-0.308948],[0.609612,0.783326,-0.12155],[0.31658,-0.100003,0.94328]]],"btipPosition":[-45.2828,352.869,-77.3326],"carpPosition":[-21.9714,295.836,60.1977],"dipPosition":[-39.9376,351.18,-61.4061],"direction":[-0.281348,0.144453,-0.948671],"extended":true,"handId":410,"id":4101,"length":58.114,"mcpPosition":[-23.5229,338.882,1.62911],"pipPosition":[-33.2175,347.73,-38.7468],"stabilizedTipPosition":[-52.942,353.379,-58.2875],"timeVisible":0.596565,"tipPosition":[-44.1749,351.296,-73.6437],"tipVelocity":[87.1714,-25.1424,-141.512],"tool":false,"touchDistance":-0.591731,"touchZone":"touching","type":1,"width":19.1147},{"bases":[[[0.599125,-0.710032,-0.370005],[0.796863,0.483873,0.361768],[-0.0778317,-0.511588,0.855699]],[[0.595763,-0.728825,-0.337462],[0.345933,0.612051,-0.711143],[0.724843,0.306933,0.616762]],[[0.595763,-0.728825,-0.337462],[-0.439382,0.0559609,-0.896555],[0.672317,0.682409,-0.286893]],[[0.595763,-0.728825,-0.337462],[-0.703159,-0.27027,-0.657664],[0.388116,0.629101,-0.673496]]],"btipPosition":[-67.3059,280.464,-12.389],"carpPosition":[-12.046,290.671,55.4158],"dipPosition":[-60.0984,292.146,-24.8961],"direction":[-0.672317,-0.682409,0.286893],"extended":false,"handId":410,"id":4102,"length":66.2163,"mcpPosition":[-6.67989,325.942,-3.58051],"pipPosition":[-41.2056,311.323,-32.9581],"stabilizedTipPosition":[-71.9312,285.25,3.34918],"timeVisible":0.596565,"tipPosition":[-65.044,283.846,-15.6345],"tipVelocity":[49.7716,-33.2747,-139.683],"tool":false,"touchDistance":0.333333,"touchZone":"none","type":2,"width":18.7732},{"bases":[[[0.519355,-0.81202,-0.266261],[0.834745,0.415353,0.361502],[-0.182955,-0.410007,0.893544]],[[0.52217,-0.805466,-0.280292],[0.272364,0.468942,-0.840185],[0.808181,0.362378,0.464248]],[[0.52217,-0.805466,-0.280292],[-0.0284181,0.31204,-0.949644],[0.852368,0.503841,0.140048]],[[0.52217,-0.805466,-0.280292],[-0.156502,0.232576,-0.959904],[0.838359,0.545099,-0.0046124]]],"btipPosition":[-67.2074,268.461,-28.984],"carpPosition":[-4.0361,282.939,50.5741],"dipPosition":[-51.7282,278.526,-29.0691],"direction":[-0.852368,-0.503841,-0.140048],"extended":false,"handId":410,"id":4103,"length":63.6687,"mcpPosition":[7.28903,308.318,-4.73747],"pipPosition":[-28.3944,292.319,-25.2353],"stabilizedTipPosition":[-72.4815,271.74,-12.0842],"timeVisible":0.596565,"tipPosition":[-63.5188,271.16,-29.8627],"tipVelocity":[74.807,-23.5723,-125.145],"tool":false,"touchDistance":-0.654347,"touchZone":"hovering","type":3,"width":17.8639},{"bases":[[[0.349578,-0.911407,-0.217099],[0.885896,0.246132,0.393201],[-0.304931,-0.329782,0.893455]],[[0.319182,-0.938504,-0.131653],[0.435412,0.268613,-0.859223],[0.841748,0.216925,0.494372]],[[0.319182,-0.938504,-0.131653],[0.117473,0.177029,-0.97717],[0.940385,0.296429,0.166753]],[[0.319182,-0.938504,-0.131653],[-0.0252167,0.13046,-0.991133],[0.947358,0.319671,0.0179744]]],"btipPosition":[-47.4719,270.447,-26.9273],"carpPosition":[-1.2196,270.305,45.0725],"dipPosition":[-31.3351,275.893,-26.6212],"direction":[-0.940385,-0.296429,-0.166753],"extended":false,"handId":410,"id":4104,"length":49.9151,"mcpPosition":[16.2534,289.202,-6.12366],"pipPosition":[-13.1592,281.622,-23.3981],"stabilizedTipPosition":[-52.0957,272.144,-10.5146],"timeVisible":0.596565,"tipPosition":[-43.3341,271.997,-28.0637],"tipVelocity":[73.2652,-22.4772,-118.841],"tool":false,"touchDistance":-0.540469,"touchZone":"touching","type":4,"width":15.8681}],"r":[[0.964957,-0.21652,0.148245],[0.17475,0.951685,0.252504],[-0.195755,-0.21775,0.956172]],"s":1.00675,"t":[-2.82239,128.578,-147.715],"timestamp":88781413663},false],[5,{"currentFrameRate":55.0354,"devices":[],"gestures":[],"hands":[{"armBasis":[[0.689041,-0.57286,-0.443908],[0.702079,0.679553,0.21282],[0.179743,-0.4583,0.870433]],"armWidth":62.9686,"confidence":0.700278,"direction":[0.207324,0.570108,-0.79498],"elbow":[33.7844,152.088,285.884],"grabStrength":0.0832553,"id":410,"palmNormal":[-0.672753,-0.506885,-0.538953],"palmPosition":[-11.3325,307.499,11.0131],"palmVelocity":[62.4773,-10.1567,-115.64],"palmWidth":89.917,"pinchStrength":1,"r":[[0.963739,-0.217198,0.155023],[0.174444,0.95242,0.249929],[-0.201931,-0.213823,0.955774]],"s":1.00955,"sphereCenter":[-33.3455,286.109,-30.1436],"sphereRadius":45.287,"stabilizedPalmPosition":[-20.7013,304.859,33.8823],"t":[-1.68967,128.392,-149.802],"timeVisible":0.61478,"type":"right","wrist":[-14.1739,274.37,53.6391]}],"id":1417072,"interactionBox":{"center":[0,200,0],"size":[235.247,235.247,147.751]},"pointables":[{"bases":[[[0.927977,0.304443,0.214879],[-0.351631,0.524543,0.775377],[0.123345,-0.795091,0.593816]],[[0.769402,0.633759,-0.0798168],[-0.504123,0.679201,0.533429],[0.392277,-0.370184,0.84207]],[[0.769402,0.633759,-0.0798168],[-0.619004,0.770596,0.151709],[0.157654,-0.0673185,0.985197]],[[0.769402,0.633759,-0.0798168],[-0.449877,0.44893,-0.772057],[-0.453466,0.62993,0.630521]]],"btipPosition":[-56.2384,291.207,-30.8958],"carpPosition":[-42.0635,285.247,58.4199],"dipPosition":[-66.726,305.776,-16.3134],"direction":[-0.157654,0.0673185,-0.985197],"extended":false,"handId":410,"id":4100,"length":51.5018,"mcpPosition":[-42.0635,285.247,58.4199],"pipPosition":[-61.4141,303.508,16.8814],"stabilizedTipPosition":[-67.9891,292.835,-11.296],"timeVisible":0.61478,"tipPosition":[-58.991,294.564,-28.5992],"tipVelocity":[73.7067,-5.59817,-109.278],"tool":false,"touchDistance":-0.52451,"touchZone":"touching","type":0,"width":20.0112},{"bases":[[[0.734953,-0.541662,-0.407979],[0.677939,0.60075,0.423672],[0.015606,-0.587964,0.808737]],[[0.731063,-0.611416,-0.302847],[0.643997,0.76496,0.0102136],[0.225421,-0.202499,0.952984]],[[0.731063,-0.611416,-0.302847],[0.623686,0.778816,-0.0667888],[0.276698,-0.140055,0.950696]],[[0.731063,-0.611416,-0.302847],[0.607416,0.785374,-0.119305],[0.310793,-0.0967344,0.945542]]],"btipPosition":[-43.7725,352.239,-79.7206],"carpPosition":[-21.211,295.917,58.2082],"dipPosition":[-38.5251,350.605,-63.756],"direction":[-0.276698,0.140055,-0.950696],"extended":true,"handId":410,"id":4101,"length":58.114,"mcpPosition":[-22.3456,338.663,-0.58856],"pipPosition":[-31.916,347.26,-41.0482],"stabilizedTipPosition":[-52.2001,353.27,-59.5575],"timeVisible":0.61478,"tipPosition":[-42.5535,350.762,-76.0493],"tipVelocity":[84.5468,-29.3213,-136.308],"tool":false,"touchDistance":-0.59658,"touchZone":"touching","type":1,"width":19.1147},{"bases":[[[0.603891,-0.710542,-0.361172],[0.792609,0.487473,0.366252],[-0.0841758,-0.507445,0.857563]],[[0.600339,-0.728941,-0.328995],[0.346817,0.607973,-0.714203],[0.720633,0.314663,0.617799]],[[0.600339,-0.728941,-0.328995],[-0.431513,0.0511126,-0.900658],[0.673342,0.682665,-0.283863]],[[0.600339,-0.728941,-0.328995],[-0.695059,-0.272081,-0.665481],[0.395583,0.628185,-0.669998]]],"btipPosition":[-66.0223,279.898,-14.5937],"carpPosition":[-11.2329,290.75,53.5392],"dipPosition":[-58.6762,291.564,-27.0358],"direction":[-0.673342,-0.682665,0.283863],"extended":false,"handId":410,"id":4102,"length":66.2163,"mcpPosition":[-5.4294,325.735,-5.58564],"pipPosition":[-39.7546,310.747,-35.0126],"stabilizedTipPosition":[-71.854,285.223,3.13785],"timeVisible":0.61478,"tipPosition":[-63.7185,283.291,-17.8368],"tipVelocity":[60.4953,-32.3073,-130.382],"tool":false,"touchDistance":0.333333,"touchZone":"none","type":2,"width":18.7732},{"bases":[[[0.523442,-0.812185,-0.257613],[0.830642,0.419037,0.366663],[-0.189848,-0.405911,0.893976]],[[0.526378,-0.805665,-0.271717],[0.277855,0.465023,-0.840565],[0.803569,0.366957,0.468636]],[[0.526378,-0.805665,-0.271717],[-0.0218901,0.306626,-0.951578],[0.849969,0.506838,0.143765]],[[0.526378,-0.805665,-0.271717],[-0.149721,0.22675,-0.962376],[0.836964,0.547256,-0.00126827]]],"btipPosition":[-65.6136,267.956,-31.1354],"carpPosition":[-3.16408,283.011,48.8067],"dipPosition":[-50.1601,278.06,-31.1588],"direction":[-0.849969,-0.506838,-0.143765],"extended":false,"handId":410,"id":4103,"length":63.6687,"mcpPosition":[8.58777,308.137,-6.53163],"pipPosition":[-26.892,291.935,-27.2232],"stabilizedTipPosition":[-72.1574,271.694,-12.6768],"timeVisible":0.61478,"tipPosition":[-61.9268,270.656,-31.995],"tipVelocity":[80.7164,-25.3235,-121.412],"tool":false,"touchDistance":-0.649304,"touchZone":"hovering","type":3,"width":17.8639},{"bases":[[[0.353461,-0.911703,-0.209432],[0.881887,0.250093,0.399661],[-0.311995,-0.32596,0.892417]],[[0.322135,-0.938607,-0.123473],[0.438619,0.263557,-0.859157],[0.838953,0.222607,0.496592]],[[0.322135,-0.938607,-0.123473],[0.120189,0.169918,-0.978102],[0.939033,0.300241,0.167547]],[[0.322135,-0.938607,-0.123473],[-0.0221747,0.122908,-0.99217],[0.946434,0.322351,0.0187798]]],"btipPosition":[-45.9799,269.962,-28.6532],"carpPosition":[-0.271901,270.356,43.3938],"dipPosition":[-29.8588,275.453,-28.3333],"direction":[-0.939033,-0.300241,-0.167547],"extended":false,"handId":410,"id":4104,"length":49.9151,"mcpPosition":[17.6059,289.034,-7.74295],"pipPosition":[-11.709,281.256,-25.095],"stabilizedTipPosition":[-51.5723,272.095,-11.4772],"timeVisible":0.61478,"tipPosition":[-41.8374,271.519,-29.8048],"tipVelocity":[77.3004,-24.2019,-107.249],"tool":false,"touchDistance":-0.540597,"touchZone":"touching","type":4,"width":15.8681}],"r":[[0.963739,-0.217198,0.155023],[0.174444,0.95242,0.249929],[-0.201931,-0.213823,0.955774]],"s":1.00955,"t":[-1.68967,128.392,-149.802],"timestamp":88781431878},false],[6,{"currentFrameRate":55.1004,"devices":[],"gestures":[],"hands":[{"armBasis":[[0.691849,-0.571367,-0.441458],[0.69899,0.683252,0.211139],[0.180989,-0.454651,0.872087]],"armWidth":62.9686,"confidence":0.692792,"direction":[0.214613,0.565292,-0.796483],"elbow":[34.4607,152.966,285.509],"grabStrength":0.0946975,"id":410,"palmNormal":[-0.66681,-0.511058,-0.542388],"palmPosition":[-10.6002,307.135,10.0168],"palmVelocity":[52.2667,-14.9501,-87.2765],"palmWidth":89.917,"pinchStrength":1,"r":[[0.962461,-0.2173,0.162633],[0.173508,0.953355,0.246999],[-0.20872,-0.209509,0.955271]],"s":1.01129,"sphereCenter":[-32.3865,285.641,-31.1308],"sphereRadius":45.1904,"stabilizedPalmPosition":[-20.5123,304.902,33.4357],"t":[-0.757145,128.118,-151.344],"timeVisible":0.632703,"type":"right","wrist":[-13.8301,274.274,52.8219]}],"id":1417073,"interactionBox":{"center":[0,200,0],"size":[235.247,235.247,147.751]},"pointables":[{"bases":[[[0.925464,0.306856,0.222161],[-0.359896,0.529048,0.768494],[0.118283,-0.791169,0.600051]],[[0.769631,0.63395,-0.0759961],[-0.508605,0.680666,0.527271],[0.385992,-0.367152,0.846292]],[[0.769631,0.63395,-0.0759961],[-0.621009,0.7709,0.141637],[0.148376,-0.0618137,0.986997]],[[0.769631,0.63395,-0.0759961],[-0.43575,0.43452,-0.788235],[-0.46668,0.639766,0.610664]]],"btipPosition":[-55.0242,290.547,-31.8694],"carpPosition":[-41.7775,285.149,57.2559],"dipPosition":[-65.8174,305.343,-17.7462],"direction":[-0.148376,0.0618137,-0.986997],"extended":false,"handId":410,"id":4100,"length":51.5018,"mcpPosition":[-41.7775,285.149,57.2559],"pipPosition":[-60.8181,303.26,15.5092],"stabilizedTipPosition":[-67.4416,292.893,-12.201],"timeVisible":0.632703,"tipPosition":[-57.8157,293.933,-29.6997],"tipVelocity":[69.0383,-18.9787,-86.1047],"tool":false,"touchDistance":-0.51658,"touchZone":"touching","type":0,"width":20.0112},{"bases":[[[0.73956,-0.543401,-0.3972],[0.673041,0.604196,0.426571],[0.00818763,-0.582806,0.81257]],[[0.735108,-0.60998,-0.295873],[0.639948,0.768396,0.00583035],[0.223791,-0.193629,0.955209]],[[0.735108,-0.60998,-0.295873],[0.620429,0.781214,-0.0690917],[0.273285,-0.132778,0.952725]],[[0.735108,-0.60998,-0.295873],[0.604883,0.787209,-0.120077],[0.306159,-0.0906987,0.94765]]],"btipPosition":[-42.7287,351.136,-81.2021],"carpPosition":[-20.9355,295.841,57.1839],"dipPosition":[-37.5595,349.604,-65.2019],"direction":[-0.273285,0.132778,-0.952725],"extended":true,"handId":410,"id":4101,"length":58.114,"mcpPosition":[-21.5308,338.212,-1.89155],"pipPosition":[-31.032,346.433,-42.4457],"stabilizedTipPosition":[-51.3876,353.081,-60.9265],"timeVisible":0.632703,"tipPosition":[-41.3297,349.842,-77.5521],"tipVelocity":[71.6463,-43.9205,-110.753],"tool":false,"touchDistance":-0.587355,"touchZone":"touching","type":1,"width":19.1147},{"bases":[[[0.60822,-0.712129,-0.350628],[0.7884,0.490687,0.371015],[-0.0921617,-0.502093,0.859889]],[[0.60441,-0.730151,-0.318696],[0.350881,0.603119,-0.716331],[0.715242,0.321133,0.620728]],[[0.60441,-0.730151,-0.318696],[-0.422314,0.04556,-0.905304],[0.675528,0.681765,-0.280816]],[[0.60441,-0.730151,-0.318696],[-0.686899,-0.274976,-0.672724],[0.403556,0.625514,-0.667739]]],"btipPosition":[-65.0974,279.202,-15.913],"carpPosition":[-10.9059,290.656,52.6473],"dipPosition":[-57.6032,290.818,-28.3132],"direction":[-0.675528,-0.681765,0.280816],"extended":false,"handId":410,"id":4102,"length":66.2163,"mcpPosition":[-4.55177,325.273,-6.63791],"pipPosition":[-38.6202,309.976,-36.2044],"stabilizedTipPosition":[-71.7566,285.185,2.88615],"timeVisible":0.632703,"tipPosition":[-62.7574,282.581,-19.1433],"tipVelocity":[57.1941,-35.693,-103.313],"tool":false,"touchDistance":0.333333,"touchZone":"none","type":2,"width":18.7732},{"bases":[[[0.526854,-0.813205,-0.247231],[0.8265,0.422299,0.372238],[-0.1983,-0.400451,0.894604]],[[0.529935,-0.806746,-0.2614],[0.285033,0.459751,-0.841062],[0.798702,0.371201,0.473587]],[[0.529935,-0.806746,-0.2614],[-0.0136563,0.300083,-0.953815],[0.847928,0.50903,0.148007]],[[0.529935,-0.806746,-0.2614],[-0.141302,0.219933,-0.965227],[0.836183,0.548444,0.00255536]]],"btipPosition":[-64.4231,267.234,-32.3417],"carpPosition":[-2.78201,282.896,48.0445],"dipPosition":[-48.9841,277.36,-32.2946],"direction":[-0.847928,-0.50903,-0.148007],"extended":false,"handId":410,"id":4103,"length":63.6687,"mcpPosition":[9.49304,307.685,-7.33264],"pipPosition":[-25.7718,291.295,-28.2428],"stabilizedTipPosition":[-71.7659,271.62,-13.3586],"timeVisible":0.632703,"tipPosition":[-60.7342,269.93,-33.1791],"tipVelocity":[73.8757,-32.2506,-95.4293],"tool":false,"touchDistance":-0.630558,"touchZone":"hovering","type":3,"width":17.8639},{"bases":[[[0.356509,-0.91261,-0.200112],[0.877595,0.253626,0.406817],[-0.320512,-0.320651,0.891322]],[[0.324288,-0.93905,-0.114119],[0.446853,0.258399,-0.856476],[0.833762,0.22675,0.503413]],[[0.324288,-0.93905,-0.114119],[0.129603,0.163606,-0.977975],[0.937038,0.302355,0.174759]],[[0.324288,-0.93905,-0.114119],[-0.0125497,0.116357,-0.993128],[0.945875,0.323491,0.0259485]]],"btipPosition":[-44.813,269.307,-29.743],"carpPosition":[0.177512,270.211,42.7412],"dipPosition":[-28.7014,274.817,-29.301],"direction":[-0.937038,-0.302355,-0.174759],"extended":false,"handId":410,"id":4104,"length":49.9151,"mcpPosition":[18.5433,288.585,-8.33284],"pipPosition":[-10.5902,280.661,-25.9232],"stabilizedTipPosition":[-50.8949,271.997,-12.6529],"timeVisible":0.632703,"tipPosition":[-40.6691,270.856,-30.8425],"tipVelocity":[71.4831,-29.903,-84