{"sensorType":"Leap","data":[[0,{"currentFrameRate":55.3361,"devices":[],"gestures":[],"hands":[{"armBasis":[[0.698021,-0.524001,-0.488047],[0.693038,0.665849,0.276304],[0.180183,-0.531101,0.827929]],"armWidth":62.9686,"confidence":0.535633,"direction":[0.313288,0.763968,-0.564095],"elbow":[33.8591,120.95,260.003],"grabStrength":0.369345,"id":410,"palmNormal":[-0.626131,-0.280435,-0.727541],"palmPosition":[-5.54998,306.605,8.83189],"palmVelocity":[34.0293,369.551,-74.2299],"palmWidth":89.917,"pinchStrength":0.423209,"r":[[0.936147,-0.331822,0.11629],[0.198916,0.772524,0.603025],[-0.289934,-0.541389,0.7892]],"s":1.57218,"sphereCenter":[-25.3964,300.834,-36.008],"sphereRadius":45.8419,"stabilizedPalmPosition":[-5.55615,306.58,8.84236],"t":[4.59135,120.809,-152.732],"timeVisible":32.1499,"type":"right","wrist":[-14.2165,262.656,39.0983]}],"id":1418809,"interactionBox":{"center":[0,200,0],"size":[235.247,235.247,147.751]},"pointables":[{"bases":[[[0.908477,0.16606,0.383528],[-0.416882,0.294953,0.859775],[0.0296512,-0.940971,0.337185]],[[0.807501,0.554445,0.201329],[-0.480928,0.421208,0.768955],[0.341542,-0.717757,0.606774]],[[0.807501,0.554445,0.201329],[-0.539031,0.554983,0.633593],[0.239558,-0.62015,0.747012]],[[0.807501,0.554445,0.201329],[-0.564876,0.825148,-0.00676224],[-0.169876,-0.108266,0.9795]]],"btipPosition":[-63.064,332.257,-33.5127],"carpPosition":[-42.0734,273.452,44.2418],"dipPosition":[-66.9928,329.753,-10.8592],"direction":[-0.239558,0.62015,-0.747012],"extended":true,"handId":410,"id":4100,"length":51.5018,"mcpPosition":[-42.0734,273.452,44.2418],"pipPosition":[-58.9213,308.858,14.3103],"stabilizedTipPosition":[-63.977,331.66,-28.2891],"timeVisible":32.1499,"tipPosition":[-63.1687,333.018,-27.1706],"tipVelocity":[42.2152,330.446,-87.3796],"tool":false,"touchDistance":0.287545,"touchZone":"hovering","type":0,"width":20.0112},{"bases":[[[0.756476,-0.444606,-0.479656],[0.647233,0.403525,0.646728],[-0.0939856,-0.799683,0.593021]],[[0.756092,-0.44782,-0.477266],[0.582668,0.792687,0.179291],[0.298033,-0.413648,0.860274]],[[0.756092,-0.44782,-0.477266],[0.438058,0.888086,-0.139315],[0.486242,-0.103735,0.867645]],[[0.756092,-0.44782,-0.477266],[0.314117,0.888071,-0.33565],[0.574157,0.103865,0.81213]]],"btipPosition":[-48.0997,358.741,-64.8508],"carpPosition":[-20.9712,282.317,49.2227],"dipPosition":[-38.4055,360.495,-51.1387],"direction":[-0.486242,0.103735,-0.867645],"extended":false,"handId":410,"id":4101,"length":58.114,"mcpPosition":[-14.1383,340.456,6.10891],"pipPosition":[-26.7915,358.017,-30.4147],"stabilizedTipPosition":[-45.882,359.099,-61.6783],"timeVisible":32.1499,"tipPosition":[-46.8629,356.692,-60.9827],"tipVelocity":[47.1702,398.843,-100.198],"tool":false,"touchDistance":0.290267,"touchZone":"hovering","type":1,"width":19.1147},{"bases":[[[0.615327,-0.610791,-0.498303],[0.763586,0.304895,0.569188],[-0.195725,-0.730735,0.654002]],[[0.611898,-0.623171,-0.487072],[0.29668,0.751691,-0.589018],[0.733186,0.215914,0.644841]],[[0.611898,-0.623171,-0.487072],[-0.606659,0.0253436,-0.794558],[0.50749,0.781675,-0.362544]],[[0.611898,-0.623171,-0.487072],[-0.780289,-0.374911,-0.500591],[0.129345,0.686367,-0.715661]]],"btipPosition":[-48.8136,283.494,-8.1357],"carpPosition":[-10.7219,278.11,44.1917],"dipPosition":[-46.4116,296.24,-21.4258],"direction":[-0.50749,-0.781675,0.362544],"extended":false,"handId":410,"id":4102,"length":66.2163,"mcpPosition":[2.77245,328.49,-0.898632],"pipPosition":[-32.1507,318.206,-31.6137],"stabilizedTipPosition":[-48.2627,286.417,-11.19],"timeVisible":32.1499,"tipPosition":[-48.2818,286.831,-11.8749],"tipVelocity":[16.233,366.877,-35.5627],"tool":false,"touchDistance":0.333333,"touchZone":"none","type":2,"width":18.7732},{"bases":[[[0.520493,-0.732902,-0.438111],[0.798969,0.237028,0.55269],[-0.301224,-0.637708,0.708938]],[[0.523267,-0.726951,-0.444673],[0.377828,0.665633,-0.643568],[0.763831,0.168748,0.622966]],[[0.523267,-0.726951,-0.444673],[-0.613364,0.0409619,-0.788738],[0.591588,0.685467,-0.424451]],[[0.523267,-0.726951,-0.444673],[-0.828024,-0.310399,-0.466935],[0.201413,0.612532,-0.764354]]],"btipPosition":[-37.4431,273.544,-7.50943],"carpPosition":[-2.45025,271.594,38.1481],"dipPosition":[-33.7242,284.854,-21.6222],"direction":[-0.591588,-0.685467,0.424451],"extended":false,"handId":410,"id":4103,"length":63.6687,"mcpPosition":[16.1959,311.069,-5.73606],"pipPosition":[-17.5293,303.619,-33.2417],"stabilizedTipPosition":[-36.59,276.131,-10.7512],"timeVisible":32.1499,"tipPosition":[-36.7298,276.499,-11.2555],"tipVelocity":[13.2139,364.411,-35.7583],"tool":false,"touchDistance":0.333333,"touchZone":"none","type":3,"width":17.8639},{"bases":[[[0.342916,-0.830806,-0.438372],[0.840426,0.062872,0.538267],[-0.419634,-0.552999,0.719791]],[[0.336385,-0.83926,-0.427187],[0.517143,0.543729,-0.661001],[0.787025,0.00143403,0.616919]],[[0.336385,-0.83926,-0.427187],[-0.592697,0.163834,-0.788586],[0.731817,0.518461,-0.442315]],[[0.336385,-0.83926,-0.427187],[-0.881801,-0.121479,-0.455707],[0.330563,0.529987,-0.780924]]],"btipPosition":[-22.6443,273.522,-11.4576],"carpPosition":[0.585763,260.932,29.4929],"dipPosition":[-17.0137,282.549,-24.7595],"direction":[-0.731817,-0.518461,0.442315],"extended":false,"handId":410,"id":4104,"length":49.9151,"mcpPosition":[24.6314,292.62,-11.7521],"pipPosition":[-2.86902,292.57,-33.3087],"stabilizedTipPosition":[-21.3518,275.582,-14.5121],"timeVisible":32.1499,"tipPosition":[-21.3637,275.795,-14.9918],"tipVelocity":[11.5722,354.797,-40.7838],"tool":false,"touchDistance":0.333333,"touchZone":"none","type":4,"width":15.8681}],"r":[[0.936147,-0.331822,0.11629],[0.198916,0.772524,0.603025],[-0.289934,-0.541389,0.7892]],"s":1.57218,"t":[4.59135,120.809,-152.732],"timestamp":88812966972},false],[1,{"currentFrameRate":55.328,"devices":[],"gestures":[],"hands":[{"armBasis":[[0.702275,-0.524266,-0.481617],[0.689915,0.668048,0.2788],[0.175577,-0.528069,0.830852]],"armWidth":62.9686,"confidence":0.471386,"direction":[0.308612,0.766898,-0.562696],"elbow":[33.859,124.295,259.724],"grabStrength":0.360298,"id":410,"palmNormal":[-0.625334,-0.282182,-0.727551],"palmPosition":[-4.58802,309.253,7.86297],"palmVelocity":[43.1204,263.368,-64.3814],"palmWidth":89.917,"pinchStrength":0.411816,"r":[[0.935993,-0.334261,0.110396],[0.206062,0.774524,0.598039],[-0.285405,-0.537012,0.793827]],"s":1.57601,"sphereCenter":[-24.2993,303.327,-37.0381],"sphereRadius":45.8553,"stabilizedPalmPosition":[-4.59595,309.232,7.87099],"t":[5.38945,125.385,-153.885],"timeVisible":32.168,"type":"right","wrist":[-12.9879,265.192,38.0397]}],"id":1418810,"interactionBox":{"center":[0,200,0],"size":[235.247,235.247,147.751]},"pointables":[{"bases":[[[0.90795,0.170094,0.383008],[-0.41761,0.290789,0.860839],[0.0350492,-0.941546,0.335055]],[[0.804286,0.559104,0.201312],[-0.485776,0.423482,0.764647],[0.342265,-0.712787,0.6122]],[[0.804286,0.559104,0.201312],[-0.544992,0.558974,0.624925],[0.23687,-0.612332,0.754282]],[[0.804286,0.559104,0.201312],[-0.56643,0.823738,-0.0247579],[-0.17967,-0.0941164,0.979214]]],"btipPosition":[-61.6066,333.795,-35.026],"carpPosition":[-40.8974,275.825,43.2346],"dipPosition":[-65.7619,331.618,-12.3791],"direction":[-0.23687,0.612332,-0.754282],"extended":false,"handId":410,"id":4100,"length":51.5018,"mcpPosition":[-40.8974,275.825,43.2346],"pipPosition":[-57.7809,310.986,13.0354],"stabilizedTipPosition":[-62.5863,333.266,-29.7912],"timeVisible":32.168,"tipPosition":[-62.1101,334.681,-28.6305],"tipVelocity":[59.063,215.656,-85.6198],"tool":false,"touchDistance":0.269868,"touchZone":"hovering","type":0,"width":20.0112},{"bases":[[[0.758381,-0.439458,-0.481388],[0.645694,0.405563,0.646992],[-0.0890922,-0.801496,0.591326]],[[0.758021,-0.442646,-0.47903],[0.580179,0.793163,0.18516],[0.297988,-0.418278,0.858048]],[[0.758021,-0.442646,-0.47903],[0.440633,0.889046,-0.124258],[0.480881,-0.116886,0.86896]],[[0.758021,-0.442646,-0.47903],[0.321234,0.892564,-0.316448],[0.567639,0.0859933,0.818774]]],"btipPosition":[-47.0825,362.162,-65.7848],"carpPosition":[-19.8382,284.793,48.2146],"dipPosition":[-37.4984,363.614,-51.9605],"direction":[-0.480881,0.116886,-0.868959],"extended":false,"handId":410,"id":4101,"length":58.114,"mcpPosition":[-13.361,343.064,5.22395],"pipPosition":[-26.0124,360.822,-31.2051],"stabilizedTipPosition":[-44.8904,362.454,-62.594],"timeVisible":32.168,"tipPosition":[-45.8423,360.124,-61.9525],"tipVelocity":[50.7964,297.181,-76.402],"tool":false,"touchDistance":0.286285,"touchZone":"hovering","type":1,"width":19.1147},{"bases":[[[0.618111,-0.606359,-0.500268],[0.762499,0.307734,0.569119],[-0.191141,-0.733232,0.652561]],[[0.614748,-0.618822,-0.489023],[0.291731,0.754448,-0.587964],[0.732788,0.218787,0.644325]],[[0.614748,-0.618822,-0.489023],[-0.607761,0.0235174,-0.793772],[0.502704,0.785179,-0.361639]],[[0.614748,-0.618822,-0.489023],[-0.778786,-0.378132,-0.500509],[0.124811,0.688531,-0.714386]]],"btipPosition":[-47.7416,285.933,-9.08847],"carpPosition":[-9.5714,280.652,43.1642],"dipPosition":[-45.4238,298.72,-22.3549],"direction":[-0.502704,-0.785179,0.361639],"extended":false,"handId":410,"id":4102,"length":66.2163,"mcpPosition":[3.60685,331.205,-1.82684],"pipPosition":[-31.2973,320.784,-32.5173],"stabilizedTipPosition":[-47.2113,288.868,-12.1373],"timeVisible":32.168,"tipPosition":[-47.2319,289.277,-12.8142],"tipVelocity":[36.1731,256.707,-43.5396],"tool":false,"touchDistance":0.333333,"touchZone":"none","type":2,"width":18.7732},{"bases":[[[0.523995,-0.729112,-0.440255],[0.79823,0.240095,0.552434],[-0.297084,-0.640897,0.707808]],[[0.526735,-0.723122,-0.446817],[0.373638,0.669109,-0.642408],[0.763508,0.17143,0.622629]],[[0.526735,-0.723122,-0.446817],[-0.614363,0.039416,-0.788038],[0.587459,0.689595,-0.423498]],[[0.526735,-0.723122,-0.446817],[-0.826814,-0.313844,-0.466777],[0.197306,0.615303,-0.763199]]],"btipPosition":[-36.3168,276.06,-8.5222],"carpPosition":[-1.27084,274.195,37.0979],"dipPosition":[-32.6738,287.421,-22.6137],"direction":[-0.587459,-0.689595,0.423498],"extended":false,"handId":410,"id":4103,"length":63.6687,"mcpPosition":[17.119,313.868,-6.71629],"pipPosition":[-16.5919,306.299,-34.207],"stabilizedTipPosition":[-35.4832,278.663,-11.7593],"timeVisible":32.168,"tipPosition":[-35.623,279.023,-12.2581],"tipVelocity":[36.0652,257.483,-45.2332],"tool":false,"touchDistance":0.333333,"touchZone":"none","type":3,"width":17.8639},{"bases":[[[0.346947,-0.82797,-0.440561],[0.840609,0.0661973,0.537582],[-0.415938,-0.556852,0.718966]],[[0.34055,-0.836383,-0.429522],[0.513369,0.548128,-0.660309],[0.787704,0.00436526,0.616038]],[[0.34055,-0.836383,-0.429522],[-0.594614,0.162289,-0.787462],[0.728327,0.52357,-0.442058]],[[0.34055,-0.836383,-0.429522],[-0.881692,-0.12541,-0.454853],[0.326565,0.533606,-0.780141]]],"btipPosition":[-21.5162,276.116,-12.4748],"carpPosition":[1.81392,263.569,28.416],"dipPosition":[-15.9536,285.205,-25.7634],"direction":[-0.728327,-0.52357,0.442058],"extended":false,"handId":410,"id":4104,"length":49.9151,"mcpPosition":[25.6477,295.478,-12.7818],"pipPosition":[-1.87641,295.325,-34.3075],"stabilizedTipPosition":[-20.242,278.194,-15.5265],"timeVisible":32.168,"tipPosition":[-20.255,278.404,-16.0002],"tipVelocity":[35.3016,254.579,-48.0323],"tool":false,"touchDistance":0.333333,"touchZone":"none","type":4,"width":15.8681}],"r":[[0.935993,-0.334261,0.110396],[0.206062,0.774524,0.598039],[-0.285405,-0.537012,0.793827]],"s":1.57601,"t":[5.38945,125.385,-153.885],"timestamp":88812985074},false],[2,{"currentFrameRate":55.3241,"devices":[],"gestures":[],"hands":[{"armBasis":[[0.702786,-0.526077,-0.478889],[0.689746,0.668714,0.277619],[0.17419,-0.525418,0.832823]],"armWidth":62.9686,"confidence":0.494129,"direction":[0.309097,0.766885,-0.562447],"elbow":[33.7523,126.442,259.864],"grabStrength":0.350598,"id":410,"palmNormal":[-0.625021,-0.281945,-0.727912],"palmPosition":[-4.29795,310.695,7.48656],"palmVelocity":[30.2432,176.046,-43.6653],"palmWidth":89.917,"pinchStrength":0.399635,"r":[[0.935802,-0.336282,0.105782],[0.211732,0.776069,0.594042],[-0.28186,-0.533508,0.797448]],"s":1.57853,"sphereCenter":[-23.8327,304.631,-37.4951],"sphereRadius":45.8711,"stabilizedPalmPosition":[-4.30094,310.681,7.49041],"t":[5.93354,128.394,-154.65],"timeVisible":32.1861,"type":"right","wrist":[-12.7245,266.632,37.6538]}],"id":1418811,"interactionBox":{"center":[0,200,0],"size":[235.247,235.247,147.751]},"pointables":[{"bases":[[[0.907791,0.169826,0.383504],[-0.417991,0.290795,0.860652],[0.0346407,-0.941593,0.334966]],[[0.804085,0.559312,0.201539],[-0.489364,0.430176,0.758598],[0.337596,-0.708603,0.619605]],[[0.804085,0.559312,0.201539],[-0.548517,0.567198,0.614341],[0.229296,-0.604529,0.762868]],[[0.804085,0.559312,0.201539],[-0.563188,0.825202,-0.0431404],[-0.190439,-0.0788157,0.97853]]],"btipPosition":[-60.6088,334.418,-36.064],"carpPosition":[-40.6341,277.272,42.8353],"dipPosition":[-65.0132,332.595,-13.4329],"direction":[-0.229296,0.604529,-0.762868],"extended":false,"handId":410,"id":4100,"length":51.5018,"mcpPosition":[-40.6341,277.272,42.8353],"pipPosition":[-57.2874,312.227,12.2708],"stabilizedTipPosition":[-61.6625,333.968,-30.8138],"timeVisible":32.1861,"tipPosition":[-61.4574,335.411,-29.6358],"tipVelocity":[55.7033,131.653,-72.2912],"tool":false,"touchDistance":0.254392,"touchZone":"hovering","type":0,"width":20.0112},{"bases":[[[0.758526,-0.43959,-0.48104],[0.645454,0.40533,0.647377],[-0.0896007,-0.801541,0.591189]],[[0.75812,-0.443151,-0.478405],[0.582201,0.790432,0.190418],[0.293763,-0.422888,0.857245]],[[0.75812,-0.443151,-0.478405],[0.448464,0.886898,-0.11087],[0.473429,-0.130494,0.871112]],[[0.75812,-0.443151,-0.478405],[0.33361,0.893912,-0.299374],[0.56032,0.0673602,0.825532]]],"btipPosition":[-46.3017,364.441,-66.2934],"carpPosition":[-19.5754,286.234,47.8274],"dipPosition":[-36.8412,365.579,-52.355],"direction":[-0.473429,0.130494,-0.871112],"extended":false,"handId":410,"id":4101,"length":58.114,"mcpPosition":[-13.0612,344.508,4.84677],"pipPosition":[-25.5332,362.462,-31.5482],"stabilizedTipPosition":[-44.1359,364.673,-63.0811],"timeVisible":32.1861,"tipPosition":[-45.0928,362.4,-62.4839],"tipVelocity":[46.42,213.902,-52.7556],"tool":false,"touchDistance":0.330889,"touchZone":"hovering","type":1,"width":19.1147},{"bases":[[[0.618224,-0.606455,-0.500012],[0.762276,0.307481,0.569554],[-0.191665,-0.733259,0.652378]],[[0.614842,-0.618956,-0.488736],[0.291936,0.754314,-0.588033],[0.732628,0.218868,0.644479]],[[0.614842,-0.618956,-0.488736],[-0.60751,0.0234553,-0.793966],[0.502894,0.785075,-0.3616]],[[0.614842,-0.618956,-0.488736],[-0.778643,-0.378012,-0.500821],[0.125238,0.688477,-0.714363]]],"btipPosition":[-47.4467,287.374,-9.46692],"carpPosition":[-9.30693,282.091,42.7819],"dipPosition":[-45.1209,300.159,-22.7329],"direction":[-0.502894,-0.785075,0.3616],"extended":false,"handId":410,"id":4102,"length":66.2163,"mcpPosition":[3.90743,332.646,-2.19645],"pipPosition":[-30.9891,322.221,-32.8943],"stabilizedTipPosition":[-46.9127,290.31,-12.5169],"timeVisible":32.1861,"tipPosition":[-46.9346,290.714,-13.1856],"tipVelocity":[26.7752,172.524,-32.7838],"tool":false,"touchDistance":0.333333,"touchZone":"none","type":2,"width":18.7732},{"bases":[[[0.524046,-0.729192,-0.440062],[0.797999,0.239835,0.552881],[-0.297614,-0.640904,0.707579]],[[0.526811,-0.723157,-0.44667],[0.374767,0.669286,-0.641565],[0.762903,0.170586,0.623602]],[[0.526811,-0.723157,-0.44667],[-0.613607,0.0400836,-0.788594],[0.588181,0.689519,-0.422618]],[[0.526811,-0.723157,-0.44667],[-0.826604,-0.313476,-0.467395],[0.197979,0.615448,-0.762907]]],"btipPosition":[-36.0234,277.535,-8.95914],"carpPosition":[-1.00479,275.633,36.7193],"dipPosition":[-32.368,288.898,-23.0452],"direction":[-0.588181,-0.689519,0.422618],"extended":false,"handId":410,"id":4103,"length":63.6687,"mcpPosition":[17.4179,315.306,-7.08077],"pipPosition":[-16.2663,307.774,-34.6145],"stabilizedTipPosition":[-35.1841,280.141,-12.1969],"timeVisible":32.1861,"tipPosition":[-35.3233,280.479,-12.6632],"tipVelocity":[26.7052,173.842,-35.1794],"tool":false,"touchDistance":0.333333,"touchZone":"none","type":3,"width":17.8639},{"bases":[[[0.346974,-0.828005,-0.440472],[0.840343,0.0659287,0.538031],[-0.416453,-0.556831,0.718684]],[[0.340837,-0.836072,-0.429899],[0.512736,0.548599,-0.660409],[0.787992,0.00466712,0.615668]],[[0.340837,-0.836072,-0.429899],[-0.595047,0.162169,-0.78716],[0.727839,0.524103,-0.442229]],[[0.340837,-0.836072,-0.429899],[-0.88169,-0.125575,-0.454811],[0.32627,0.534054,-0.779958]]],"btipPosition":[-21.2143,277.524,-12.8238],"carpPosition":[2.08191,265.007,28.0377],"dipPosition":[-15.6567,286.621,-26.1092],"direction":[-0.727839,-0.524103,0.442229],"extended":false,"handId":410,"id":4104,"length":49.9151,"mcpPosition":[25.9452,296.914,-13.1439],"pipPosition":[-1.58896,296.751,-34.6567],"stabilizedTipPosition":[-19.9377,279.609,-15.8775],"timeVisible":32.1861,"tipPosition":[-19.9554,279.822,-16.3483],"tipVelocity":[26.4224,170.599,-34.3488],"tool":false,"touchDistance":0.333333,"touchZone":"none","type":4,"width":15.8681}],"r":[[0.935802,-0.336282,0.105782],[0.211732,0.776069,0.594042],[-0.28186,-0.533508,0.797448]],"s":1.57853,"t":[5.93354,128.394,-154.65],"timestamp":88813003163},false],[3,{"currentFrameRate":55.3088,"devices":[],"gestures":[],"hands":[{"armBasis":[[0.698469,-0.523421,-0.488029],[0.692663,0.665876,0.277177],[0.179887,-0.531639,0.827648]],"armWidth":62.9686,"confidence":0.499456,"direction":[0.313831,0.75952,-0.569771],"elbow":[34.8554,131.367,255.868],"grabStrength":0.34733,"id":410,"palmNormal":[-0.624623,-0.286799,-0.726355],"palmPosition":[-4.4475,316.921,4.42842],"palmVelocity":[11.9118,255.717,-103.191],"palmWidth":89.917,"pinchStrength":0.396332,"r":[[0.935277,-0.338524,0.103241],[0.216672,0.778337,0.589275],[-0.27984,-0.528766,0.801309]],"s":1.57796,"sphereCenter":[-23.6693,310.253,-40.5307],"sphereRadius":45.7156,"stabilizedPalmPosition":[-4.44423,316.782,4.49671],"t":[6.1308,133.011,-156.562],"timeVisible":32.2042,"type":"right","wrist":[-13.1413,273.217,35.0384]}],"id":1418812,"interactionBox":{"center":[0,200,0],"size":[235.247,235.247,147.751]},"pointables":[{"bases":[[[0.90767,0.16979,0.383806],[-0.418638,0.301722,0.856567],[0.0296338,-0.938155,0.344944]],[[0.806226,0.557628,0.197613],[-0.494356,0.451513,0.742798],[0.32498,-0.696554,0.639688]],[[0.806226,0.557628,0.197613],[-0.553298,0.592464,0.585532],[0.209431,-0.58141,0.786194]],[[0.806226,0.557628,0.197613],[-0.550778,0.829412,-0.0933725],[-0.215969,-0.0335614,0.975823]]],"btipPosition":[-59.1069,338.762,-40.5707],"carpPosition":[-41.0144,284.035,40.0425],"dipPosition":[-64.1018,337.985,-18.0023],"direction":[-0.209431,0.58141,-0.786194],"extended":false,"handId":410,"id":4100,"length":51.5018,"mcpPosition":[-41.0144,284.035,40.0425],"pipPosition":[-57.0453,318.396,8.48737],"stabilizedTipPosition":[-60.4221,338.037,-34.84],"timeVisible":32.2042,"tipPosition":[-60.5548,340.167,-34.0421],"tipVelocity":[65.0518,189.351,-156.609],"tool":false,"touchDistance":0.182856,"touchZone":"hovering","type":0,"width":20.0112},{"bases":[[[0.757632,-0.448032,-0.474616],[0.645795,0.409236,0.644573],[-0.0945594,-0.794854,0.599387]],[[0.757202,-0.451586,-0.471928],[0.585901,0.788955,0.185121],[0.288732,-0.416677,0.861983]],[[0.757202,-0.451586,-0.471928],[0.456674,0.88258,-0.111811],[0.467006,-0.130854,0.874518]],[[0.757202,-0.451586,-0.471928],[0.345217,0.890032,-0.297772],[0.554501,0.0625556,0.829829]]],"btipPosition":[-45.8275,370.502,-70.083],"carpPosition":[-19.927,292.955,44.9889],"dipPosition":[-36.4653,371.559,-56.072],"direction":[-0.467006,0.130854,-0.874518],"extended":false,"handId":410,"id":4101,"length":58.114,"mcpPosition":[-13.0523,350.743,1.41229],"pipPosition":[-25.3107,368.433,-35.1838],"stabilizedTipPosition":[-43.6891,370.549,-66.7382],"timeVisible":32.2042,"tipPosition":[-44.618,368.555,-66.275],"tipVelocity":[36.1727,270.727,-126.723],"tool":false,"touchDistance":0.330531,"touchZone":"hovering","type":1,"width":19.1147},{"bases":[[[0.616624,-0.614457,-0.492157],[0.762352,0.310049,0.568057],[-0.196454,-0.725474,0.659616]],[[0.613114,-0.626981,-0.48061],[0.299561,0.747452,-0.59294],[0.730995,0.219568,0.646093]],[[0.613114,-0.626981,-0.48061],[-0.603814,0.0203752,-0.796865],[0.509412,0.778768,-0.366087]],[[0.613114,-0.626981,-0.48061],[-0.778951,-0.378427,-0.500029],[0.131633,0.680946,-0.720406]]],"btipPosition":[-47.6995,293.743,-12.5751],"carpPosition":[-9.6658,288.713,40.0113],"dipPosition":[-45.255,306.389,-25.9533],"direction":[-0.509412,-0.778768,0.366087],"extended":false,"handId":410,"id":4102,"length":66.2163,"mcpPosition":[3.87876,338.731,-5.4661],"pipPosition":[-30.94,328.273,-36.2408],"stabilizedTipPosition":[-47.1345,296.574,-15.6137],"timeVisible":32.2042,"tipPosition":[-47.1421,296.969,-16.205],"tipVelocity":[8.09994,256.795,-99.4839],"tool":false,"touchDistance":0.333333,"touchZone":"none","type":2,"width":18.7732},{"bases":[[[0.521758,-0.736132,-0.431137],[0.797808,0.242072,0.552181],[-0.302111,-0.632069,0.713594]],[[0.524562,-0.730185,-0.437796],[0.378004,0.66051,-0.648721],[0.762855,0.174806,0.622491]],[[0.524562,-0.730185,-0.437796],[-0.612728,0.0332354,-0.789595],[0.5911,0.682441,-0.42997]],[[0.524562,-0.730185,-0.437796],[-0.827232,-0.315553,-0.46488],[0.201301,0.606017,-0.769559]]],"btipPosition":[-36.2584,283.691,-11.6413],"carpPosition":[-1.37903,282.154,34.0364],"dipPosition":[-32.5416,294.88,-25.8502],"direction":[-0.5911,-0.682441,0.42997],"extended":false,"handId":410,"id":4103,"length":63.6687,"mcpPosition":[17.3221,321.28,-10.1361],"pipPosition":[-16.36,313.562,-37.6207],"stabilizedTipPosition":[-35.4008,286.189,-14.8762],"timeVisible":32.2042,"tipPosition":[-35.5428,286.592,-15.3934],"tipVelocity":[8.18615,251.683,-89.6128],"tool":false,"touchDistance":0.333333,"touchZone":"none","type":3,"width":17.8639},{"bases":[[[0.344243,-0.83415,-0.430919],[0.839402,0.0678304,0.539262],[-0.420595,-0.547351,0.723537]],[[0.338164,-0.841929,-0.420476],[0.516573,0.539534,-0.664873],[0.786637,0.00762897,0.617369]],[[0.338164,-0.841929,-0.420476],[-0.592624,0.156571,-0.790116],[0.731056,0.516373,-0.446001]],[[0.338164,-0.841929,-0.420476],[-0.88123,-0.126488,-0.455449],[0.330271,0.524553,-0.784707]]],"btipPosition":[-21.4622,283.606,-15.5708],"carpPosition":[1.67955,271.424,25.4744],"dipPosition":[-15.8365,292.541,-28.9371],"direction":[-0.731056,-0.516373,0.446001],"extended":false,"handId":410,"id":4104,"length":49.9151,"mcpPosition":[25.7803,302.788,-15.9853],"pipPosition":[-1.70658,302.521,-37.5575],"stabilizedTipPosition":[-20.1652,285.578,-18.6074],"timeVisible":32.2042,"tipPosition":[-20.1869,285.862,-19.1099],"tipVelocity":[7.73776,248.095,-90.6287],"tool":false,"touchDistance":0.333333,"touchZone":"none","type":4,"width":15.8681}],"r":[[0.935277,-0.338524,0.103241],[0.216672,0.778337,0.589275],[-0.27984,-0.528766,0.801309]],"s":1.57796,"t":[6.1308,133.011,-156.562],"timestamp":88813021296},false],[4,{"currentFrameRate":55.2526,"devices":[],"gestures":[],"hands":[{"armBasis":[[0.697519,-0.528394,-0.484011],[0.695454,0.661949,0.279585],[0.172659,-0.531623,0.829196]],"armWidth":62.9686,"confidence":0.507639,"direction":[0.316948,0.751114,-0.579113],"elbow":[32.6945,134.548,255.481],"grabStrength":0.343453,"id":410,"palmNormal":[-0.624654,-0.294147,-0.723384],"palmPosition":[-4.50309,319.672,3.07904],"palmVelocity":[4.74669,205.238,-89.0887],"palmWidth":89.917,"pinchStrength":0.433921,"r":[[0.934605,-0.340651,0.102325],[0.220961,0.781491,0.583479],[-0.278729,-0.522713,0.805656]],"s":1.57466,"sphereCenter":[-23.5483,312.406,-41.6922],"sphereRadius":45.4597,"stabilizedPalmPosition":[-4.50085,319.562,3.13308],"t":[6.20164,136.695,-158.193],"timeVisible":32.2225,"type":"right","wrist":[-13.3737,276.394,34.2385]}],"id":1418813,"interactionBox":{"center":[0,200,0],"size":[235.247,235.247,147.751]},"pointables":[{"bases":[[[0.907741,0.171835,0.382727],[-0.418712,0.314063,0.852083],[0.0262173,-0.933722,0.357037]],[[0.807551,0.557954,0.191177],[-0.498941,0.473418,0.725902],[0.314513,-0.681589,0.660695]],[[0.807551,0.557954,0.191177],[-0.558864,0.620288,0.550376],[0.188499,-0.551299,0.812735]],[[0.807551,0.557954,0.191177],[-0.536507,0.829568,-0.154847],[-0.244992,0.0224795,0.969264]]],"btipPosition":[-57.4178,339.042,-43.3242],"carpPosition":[-41.2181,287.364,39.0678],"dipPosition":[-63.0839,339.562,-20.9075],"direction":[-0.188499,0.551299,-0.812735],"extended":false,"handId":410,"id":4100,"length":51.5018,"mcpPosition":[-41.2181,287.364,39.0678],"pipPosition":[-56.7327,320.987,6.47643],"stabilizedTipPosition":[-59.1723,338.863,-37.2854],"timeVisible":32.2225,"tipPosition":[-59.4082,340.935,-36.7816],"tipVelocity":[74.0834,113.757,-154.606],"tool":false,"touchDistance":0.136383,"touchZone":"hovering","type":0,"width":20.0112},{"bases":[[[0.756773,-0.456517,-0.467854],[0.646316,0.415452,0.640058],[-0.0978263,-0.786761,0.609457]],[[0.7563,-0.460248,-0.464955],[0.588975,0.78839,0.177624],[0.284814,-0.408184,0.867333]],[[0.7563,-0.460248,-0.464955],[0.463728,0.878449,-0.115251],[0.461483,-0.128449,0.877801]],[[0.7563,-0.460248,-0.464955],[0.355351,0.885713,-0.298729],[0.549305,0.0607063,0.833414]]],"btipPosition":[-45.3854,372.852,-72.2447],"carpPosition":[-20.1083,296.28,43.9254],"dipPosition":[-36.1108,373.877,-58.1732],"direction":[-0.461483,0.128449,-0.877801],"extended":false,"handId":410,"id":4101,"length":58.114,"mcpPosition":[-12.9961,353.479,-0.383319],"pipPosition":[-25.0881,370.809,-37.2066],"stabilizedTipPosition":[-43.2839,372.903,-68.8434],"timeVisible":32.2225,"tipPosition":[-44.1848,370.984,-68.4295],"tipVelocity":[29.8923,202.353,-122.26],"tool":false,"touchDistance":0.331527,"touchZone":"hovering","type":1,"width":19.1147},{"bases":[[[0.615255,-0.622704,-0.483426],[0.762649,0.314917,0.564973],[-0.199572,-0.716286,0.668659]],[[0.611636,-0.635251,-0.471548],[0.306236,0.739675,-0.599249],[0.729466,0.222117,0.646949]],[[0.611636,-0.635251,-0.471548],[-0.600822,0.0147946,-0.799246],[0.514698,0.772164,-0.372624]],[[0.611636,-0.635251,-0.471548],[-0.779332,-0.381196,-0.497324],[0.136174,0.671674,-0.728225]]],"btipPosition":[-47.8335,296.575,-13.9061],"carpPosition":[-9.8547,291.942,39.0157],"dipPosition":[-45.3047,309.048,-27.4295],"direction":[-0.514698,-0.772164,0.372624],"extended":false,"handId":410,"id":4102,"length":66.2163,"mcpPosition":[3.90482,341.326,-7.08515],"pipPosition":[-30.8411,330.746,-37.9006],"stabilizedTipPosition":[-47.2488,299.368,-16.9797],"timeVisible":32.2225,"tipPosition":[-47.2454,299.67,-17.4451],"tipVelocity":[1.21612,206.87,-87.5509],"tool":false,"touchDistance":0.333333,"touchZone":"none","type":2,"width":18.7732},{"bases":[[[0.519926,-0.743281,-0.420964],[0.797906,0.246629,0.550018],[-0.304996,-0.621858,0.721297]],[[0.522755,-0.737434,-0.427689],[0.379718,0.650604,-0.657669],[0.763244,0.181399,0.620123]],[[0.522755,-0.737434,-0.427689],[-0.612721,0.0237938,-0.789941],[0.592706,0.675,-0.439403]],[[0.522755,-0.737434,-0.427689],[-0.827952,-0.319706,-0.460742],[0.203032,0.594962,-0.777688]]],"btipPosition":[-36.3756,286.301,-12.5054],"carpPosition":[-1.58168,285.28,33.1362],"dipPosition":[-32.6269,297.286,-26.8644],"direction":[-0.592706,-0.675,0.439403],"extended":false,"handId":410,"id":4103,"length":63.6687,"mcpPosition":[17.298,323.774,-11.513],"pipPosition":[-16.4013,315.765,-38.8932],"stabilizedTipPosition":[-35.5111,288.775,-15.7893],"timeVisible":32.2225,"tipPosition":[-35.6518,289.15,-16.3093],"tipVelocity":[1.38486,198.225,-70.2091],"tool":false,"touchDistance":0.333333,"touchZone":"none","type":3,"width":17.8639},{"bases":[[[0.3421,-0.840723,-0.419706],[0.838959,0.0721044,0.539397],[-0.423221,-0.536643,0.729999]],[[0.336107,-0.848195,-0.409386],[0.519095,0.529525,-0.670927],[0.785858,0.012993,0.618271]],[[0.336107,-0.848195,-0.409386],[-0.591169,0.148383,-0.792781],[0.733179,0.508476,-0.451554]],[[0.336107,-0.848195,-0.409386],[-0.881074,-0.129585,-0.45488],[0.332777,0.513588,-0.790877]]],"btipPosition":[-21.5948,286.151,-16.5176],"carpPosition":[1.453,274.43,24.717],"dipPosition":[-15.9265,294.899,-29.989],"direction":[-0.733179,-0.508476,0.451554],"extended":false,"handId":410,"id":4104,"length":49.9151,"mcpPosition":[25.7041,305.181,-17.1129],"pipPosition":[-1.75548,304.727,-38.7167],"stabilizedTipPosition":[-20.2882,288.103,-19.5928],"timeVisible":32.2225,"tipPosition":[-20.3101,288.357,-20.0745],"tipVelocity":[0.812626,194.748,-72.6324],"tool":false,"touchDistance":0.333333,"touchZone":"none","type":4,"width":15.8681}],"r":[[0.934605,-0.340651,0.102325],[0.220961,0.781491,0.583479],[-0.278729,-0.522713,0.805656]],"s":1.57466,"t":[6.20164,136.695,-158.193],"timestamp":88813039589},false],[5,{"currentFrameRate":55.3347,"devices":[],"gestures":[],"hands":[{"armBasis":[[0.694753,-0.52763,-0.488799],[0.697291,0.660741,0.277861],[0.176362,-0.53388,0.826964]],"armWidth":62.9686,"confidence":0.51075,"direction":[0.319784,0.738614,-0.593454],"elbow":[33.5163,135.564,254.948],"grabStrength":0.339389,"id":410,"palmNormal":[-0.623906,-0.307232,-0.718575],"palmPosition":[-4.51019,320.635,2.29625],"palmVelocity":[2.32929,134.256,-67.9101],"palmWidth":89.917,"pinchStrength":0.474507,"r":[[0.933871,-0.342352,0.103345],[0.224503,0.786201,0.575748],[-0.278359,-0.514473,0.81107]],"s":1.56959,"sphereCenter":[-23.4902,312.605,-42.1507],"sphereRadius":45.1663,"stabilizedPalmPosition":[-4.50955,320.561,2.35419],"t":[6.23351,139.019,-159.399],"timeVisible":32.2403,"type":"right","wrist":[-13.5399,278.012,34.3012]}],"id":1418814,"interactionBox":{"center":[0,200,0],"size":[235.247,235.247,147.751]},"pointables":[{"bases":[[[0.907379,0.177466,0.38101],[-0.419661,0.332058,0.844762],[0.0233992,-0.926414,0.375778]],[[0.808583,0.55962,0.181713],[-0.502611,0.496382,0.707805],[0.305902,-0.66365,0.682636]],[[0.808583,0.55962,0.181713],[-0.564426,0.650516,0.508185],[0.166183,-0.513473,0.84186]],[[0.808583,0.55962,0.181713],[-0.519957,0.824167,-0.224483],[-0.275387,0.08703,0.957386]]],"btipPosition":[-55.6888,337.164,-45.3275],"carpPosition":[-41.3687,289.139,38.8535],"dipPosition":[-62.0578,339.177,-23.1855],"direction":[-0.166183,0.513473,-0.84186],"extended":false,"handId":410,"id":4100,"length":51.5018,"mcpPosition":[-41.3687,289.139,38.8535],"pipPosition":[-56.4586,321.876,5.17975],"stabilizedTipPosition":[-58.1019,338.208,-38.8494],"timeVisible":32.2403,"tipPosition":[-58.1375,339.547,-38.9109],"tipVelocity":[80.6741,19.8028,-136.551],"tool":false,"touchDistance":0.101942,"touchZone":"hovering","type":0,"width":20.0112},{"bases":[[[0.756646,-0.467515,-0.457073],[0.646007,0.426789,0.632872],[-0.100803,-0.774133,0.624946]],[[0.756156,-0.47121,-0.45408],[0.591116,0.789519,0.165051],[0.280731,-0.393218,0.875539]],[[0.756156,-0.47121,-0.45408],[0.470672,0.873709,-0.122884],[0.454638,-0.120804,0.882446]],[[0.756156,-0.47121,-0.45408],[0.366193,0.879771,-0.303159],[0.542339,0.0629548,0.837798]]],"btipPosition":[-44.8544,372.902,-74.2564],"carpPosition":[-20.2482,298.104,43.5732],"dipPosition":[-35.6975,373.965,-60.1109],"direction":[-0.454638,0.120804,-0.882446],"extended":false,"handId":410,"id":4101,"length":58.114,"mcpPosition":[-12.9197,354.385,-1.86167],"pipPosition":[-24.8383,371.079,-39.0334],"stabilizedTipPosition":[-42.8597,373.096,-70.554],"timeVisible":32.2403,"tipPosition":[-43.6718,371.111,-70.4155],"tipVelocity":[29.1573,108.832,-117.504],"tool":false,"touchDistance":0.331581,"touchZone":"hovering","type":1,"width":19.1147},{"bases":[[[0.614782,-0.633666,-0.469586],[0.762257,0.324506,0.560054],[-0.202504,-0.702256,0.682516]],[[0.611068,-0.646105,-0.457324],[0.311884,0.727519,-0.611102],[0.727547,0.230793,0.646073]],[[0.611068,-0.646105,-0.457324],[-0.597673,0.00221971,-0.801737],[0.519021,0.763246,-0.384803]],[[0.611068,-0.646105,-0.457324],[-0.779047,-0.388478,-0.492108],[0.140293,0.656988,-0.740732]]],"btipPosition":[-47.8781,297.42,-14.4888],"carpPosition":[-9.99495,293.645,38.7721],"dipPosition":[-45.2728,309.621,-28.2445],"direction":[-0.519021,-0.763246,0.384803],"extended":false,"handId":410,"id":4102,"length":66.2163,"mcpPosition":[3.96671,342.062,-8.28417],"pipPosition":[-30.6878,331.069,-39.0579],"stabilizedTipPosition":[-47.2773,300.181,-17.6168],"timeVisible":32.2403,"tipPosition":[-47.265,300.383,-17.9876],"tipVelocity":[-0.0700841,130.365,-63.223],"tool":false,"touchDistance":0.333333,"touchZone":"none","type":2,"width":18.7732},{"bases":[[[0.519058,-0.752749,-0.404904],[0.797389,0.255852,0.546545],[-0.307816,-0.606554,0.733036]],[[0.521913,-0.747045,-0.41174],[0.38254,0.636422,-0.669799],[0.762411,0.19207,0.617931]],[[0.521913,-0.747045,-0.41174],[-0.611102,0.00930152,-0.791497],[0.595114,0.664708,-0.451666]],[[0.521913,-0.747045,-0.41174],[-0.827778,-0.327061,-0.455867],[0.205889,0.578752,-0.789085]]],"btipPosition":[-36.4268,287.031,-12.6811],"carpPosition":[-1.72561,286.848,33.0442],"dipPosition":[-32.6254,297.717,-27.2505],"direction":[-0.595114,-0.664708,0.451666],"extended":false,"handId":410,"id":4103,"length":63.6687,"mcpPosition":[17.3286,324.394,-12.3317],"pipPosition":[-16.3339,315.914,-39.6151],"stabilizedTipPosition":[-35.5512,289.467,-16.0247],"timeVisible":32.2403,"tipPosition":[-35.6885,289.799,-16.5351],"tipVelocity":[-0.298875,122.569,-43.146],"tool":false,"touchDistance":0.333333,"touchZone":"none","type":3,"width":17.8639},{"bases":[[[0.341008,-0.84975,-0.402043],[0.838065,0.0810582,0.539514],[-0.425863,-0.520918,0.739787]],[[0.335153,-0.856793,-0.39189],[0.522019,0.515135,-0.679803],[0.784327,0.0232645,0.619911]],[[0.335153,-0.856793,-0.39189],[-0.588933,0.134153,-0.79697],[0.735412,0.497904,-0.459632]],[[0.335153,-0.856793,-0.39189],[-0.880375,-0.136645,-0.454168],[0.335578,0.497225,-0.800096]]],"btipPosition":[-21.6329,286.768,-16.6888],"carpPosition":[1.30085,275.824,24.8508],"dipPosition":[-15.9169,295.237,-30.3173],"direction":[-0.735412,-0.497904,0.459632],"extended":false,"handId":410,"id":4104,"length":49.9151,"mcpPosition":[25.7034,305.674,-17.5401],"pipPosition":[-1.70272,304.861,-39.2011],"stabilizedTipPosition":[-20.3172,288.694,-19.8151],"timeVisible":32.2403,"tipPosition":[-20.3381,288.894,-20.262],"tipVelocity":[-0.285791,117.861,-43.9886],"tool":false,"touchDistance":0.333333,"touchZone":"none","type":4,"width":15.8681}],"r":[[0.933871,-0.342352,0.103345],[0.224503,0.786201,0.575748],[-0.278359,-0.514473,0.81107]],"s":1.56959,"t":[6.23351,139.019,-159.399],"timestamp":88813057377},false],[6,{"currentFrameRate":55.35,"devices":[],"gestures":[],"hands":[{"armBasis":[[0.695153,-0.533345,-0.481981],[0.699841,0.655323,0.284209],[0.164272,-0.534878,0.828806]],"armWidth":62.9686,"confidence":0.520262,"direction":[0.318053,0.728464,-0.606781],"elbow":[30.5059,136.799,255.169],"grabStrength":0.334868,"id":410,"palmNormal":[-0.626291,-0.319051,-0.711313],"palmPosition":[-4.38744,321.591,1.28657],"palmVelocity":[4.45538,95.7629,-62.2881],"palmWidth":89.917,"pinchStrength":0.500042,"r":[[0.933331,-0.343406,0.104721],[0.227745,0.791803,0.566727],[-0.277536,-0.505094,0.817223]],"s":1.56462,"sphereCenter":[-23.6198,313,-42.781],"sphereRadius":44.9698,"stabilizedPalmPosition":[-4.40211,321.467,1.41486],"t":[6.31082,140.659,-160.507],"timeVisible":32.2583,"type":"right","wrist":[-13.3245,279.513,34.0306]}],"id":1418815,"interactionBox":{"center":[0,200,0],"size":[235.247,235.247,147.751]},"pointables":[{"bases":[[[0.908644,0.183559,0.375063],[-0.416859,0.346302,0.840418],[0.0243811,-0.91999,0.391184]],[[0.809745,0.561538,0.170258],[-0.501661,0.511985,0.697286],[0.304383,-0.650036,0.696279]],[[0.809745,0.561538,0.170258],[-0.565317,0.668803,0.482823],[0.157254,-0.487214,0.859008]],[[0.809745,0.561538,0.170258],[-0.509481,0.816773,-0.270762],[-0.291105,0.132505,0.94747]]],"btipPosition":[-54.7166,336.14,-46.7174],"carpPosition":[-41.1359,290.723,38.4851],"dipPosition":[-61.4492,339.205,-24.8047],"direction":[-0.157254,0.487214,-0.859008],"extended":false,"handId":410,"id":4100,"length":51.5018,"mcpPosition":[-41.1359,290.723,38.4851],"pipPosition":[-56.1507,322.789,4.13834],"stabilizedTipPosition":[-57.3929,337.682,-39.9411],"timeVisible":32.2583,"tipPosition":[-57.3545,338.743,-40.5077],"tipVelocity":[65.8139,-10.164,-109.783],"tool":false,"touchDistance":0.0778985,"touchZone":"hovering","type":0,"width":20.0112},{"bases":[[[0.755057,-0.47534,-0.451598],[0.648144,0.437148,0.623547],[-0.0989815,-0.763514,0.63816]],[[0.754596,-0.478834,-0.448669],[0.59252,0.791023,0.152328],[0.281967,-0.380791,0.880621]],[[0.754596,-0.478834,-0.448669],[0.4751,0.87031,-0.129773],[0.45262,-0.115236,0.884226]],[[0.754596,-0.478834,-0.448669],[0.373491,0.875601,-0.306313],[0.539528,0.0635689,0.839565]]],"btipPosition":[-44.6936,373.114,-76.0925],"carpPosition":[-19.9981,299.759,42.9858],"dipPosition":[-35.5841,374.188,-61.9172],"direction":[-0.45262,0.115236,-0.884226],"extended":false,"handId":410,"id":4101,"length":58.114,"mcpPosition":[-12.802,355.268,-3.40969],"pipPosition":[-24.7731,371.435,-40.7971],"stabilizedTipPosition":[-42.7066,373.251,-71.8887],"timeVisible":32.2583,"tipPosition":[-43.5043,371.386,-72.2436],"tipVelocity":[19.2818,62.9033,-109.939],"tool":false,"touchDistance":0.331721,"touchZone":"hovering","type":1,"width":19.1147},{"bases":[[[0.613113,-0.641635,-0.460867],[0.764134,0.333624,0.552081],[-0.200479,-0.690652,0.694844]],[[0.6094,-0.653976,-0.44827],[0.312341,0.717677,-0.6224],[0.728749,0.239278,0.641616]],[[0.6094,-0.653976,-0.44827],[-0.599004,-0.00933791,-0.800692],[0.519448,0.756457,-0.397425]],[[0.6094,-0.653976,-0.44827],[-0.780581,-0.395738,-0.483823],[0.139011,0.644753,-0.751644]]],"btipPosition":[-47.8296,298.207,-15.1139],"carpPosition":[-9.76141,295.217,38.2273],"dipPosition":[-45.2481,310.18,-29.0723],"direction":[-0.519448,-0.756457,0.397425],"extended":false,"handId":410,"id":4102,"length":66.2163,"mcpPosition":[4.06063,342.835,-9.67887],"pipPosition":[-30.6511,331.437,-40.2403],"stabilizedTipPosition":[-47.2397,300.89,-18.2599],"timeVisible":32.2583,"tipPosition":[-47.2185,301.065,-18.5854],"tipVelocity":[1.09519,87.89,-50.9292],"tool":false,"touchDistance":0.333333,"touchZone":"none","type":2,"width":18.7732},{"bases":[[[0.517568,-0.759588,-0.39389],[0.799206,0.264743,0.539613],[-0.305604,-0.594085,0.74409]],[[0.520405,-0.753997,-0.400834],[0.380424,0.624961,-0.68169],[0.764498,0.202267,0.612071]],[[0.520405,-0.753997,-0.400834],[-0.613809,-0.00396867,-0.789445],[0.593648,0.656866,-0.464875]],[[0.520405,-0.753997,-0.400834],[-0.829377,-0.334572,-0.447431],[0.203254,0.565288,-0.799461]]],"btipPosition":[-36.3537,287.748,-13.01],"carpPosition":[-1.51221,288.323,32.5876],"dipPosition":[-32.6009,298.185,-27.771],"direction":[-0.593648,-0.656866,0.464875],"extended":false,"handId":410,"id":4103,"length":63.6687,"mcpPosition":[17.4051,325.098,-13.4725],"pipPosition":[-16.3496,316.167,-40.4971],"stabilizedTipPosition":[-35.4931,290.12,-16.3892],"timeVisible":32.2583,"tipPosition":[-35.6281,290.445,-16.9091],"tipVelocity":[1.4728,81.8143,-32.507],"tool":false,"touchDistance":0.333333,"touchZone":"none","type":3,"width":17.8639},{"bases":[[[0.339505,-0.856474,-0.388831],[0.839817,0.089843,0.535384],[-0.423608,-0.508312,0.749783]],[[0.333954,-0.863026,-0.379025],[0.521155,0.504115,-0.688669],[0.785412,0.0324536,0.618122]],[[0.333954,-0.863026,-0.379025],[-0.590423,0.121924,-0.797832],[0.734762,0.490224,-0.468833]],[[0.333954,-0.863026,-0.379025],[-0.881565,-0.143637,-0.44968],[0.333644,0.484307,-0.808782]]],"btipPosition":[-21.5702,287.431,-17.1535],"carpPosition":[1.48517,277.163,24.5706],"dipPosition":[-15.8871,295.681,-30.9299],"direction":[-0.734762,-0.490224,0.468833],"extended":false,"handId":410,"id":4104,"length":49.9151,"mcpPosition":[25.7585,306.29,-18.393],"pipPosition":[-1.68552,305.156,-39.9916],"stabilizedTipPosition":[-20.2661,289.293,-20.2941],"timeVisible":32.2583,"tipPosition":[-20.2873,289.486,-20.7151],"tipVelocity":[1.30004,78.1193,-36.2599],"tool":false,"touchDistance":0.333333,"touchZone":"none","type":4,"width":15.8681}],"r":[