{"sensorType":"Leap","data":[[0,{"currentFrameRate":55.3206,"devices":[],"gestures":[],"hands":[{"armBasis":[[0.780206,-0.504515,-0.369788],[0.590455,0.789153,0.169115],[0.206498,-0.350288,0.913596]],"armWidth":62.9686,"confidence":0.385638,"direction":[0.12083,0.661394,-0.740242],"elbow":[42.9773,107.79,289.505],"grabStrength":0.888028,"id":410,"palmNormal":[-0.604175,-0.542682,-0.583497],"palmPosition":[-14.1843,238.13,6.26704],"palmVelocity":[-7.3513,650.3,-280.148],"palmWidth":89.917,"pinchStrength":0.904794,"r":[[0.988557,-0.0961457,0.116234],[0.0616018,0.960681,0.270733],[-0.137694,-0.260475,0.955611]],"s":1.15226,"sphereCenter":[-43.5066,230.969,-27.1525],"sphereRadius":41.3378,"stabilizedPalmPosition":[-14.1541,237.285,6.75451],"t":[-3.28354,47.0947,-151.486],"timeVisible":6.4898,"type":"right","wrist":[-12.1198,201.253,45.7435]}],"id":1417397,"interactionBox":{"center":[0,200,0],"size":[235.247,235.247,147.751]},"pointables":[{"bases":[[[0.880912,0.406112,0.243039],[-0.410846,0.40125,0.81866],[0.234948,-0.821018,0.520316]],[[0.794266,0.598371,0.105324],[-0.481923,0.514905,0.708959],[0.369989,-0.61386,0.69734]],[[0.794266,0.598371,0.105324],[-0.569287,0.67239,0.47308],[0.212259,-0.435711,0.874701]],[[0.794266,0.598371,0.105324],[-0.606593,0.771159,0.193285],[0.0344346,-0.217408,0.975473]]],"btipPosition":[-67.365,257.8,-35.0018],"carpPosition":[-41.1658,207.81,51.4294],"dipPosition":[-66.5687,252.772,-12.4414],"direction":[-0.212259,0.435711,-0.874701],"extended":false,"handId":410,"id":4100,"length":51.5018,"mcpPosition":[-41.1658,207.81,51.4294],"pipPosition":[-59.4169,238.091,17.0304],"stabilizedTipPosition":[-67.2194,255.998,-29.4711],"timeVisible":6.4898,"tipPosition":[-67.876,257.102,-29.0215],"tipVelocity":[66.5765,697.193,-299.126],"tool":false,"touchDistance":0.252854,"touchZone":"hovering","type":0,"width":20.0112},{"bases":[[[0.796743,-0.399341,-0.453571],[0.595543,0.646292,0.477112],[0.102609,-0.650257,0.752753]],[[0.770157,-0.290448,-0.56789],[0.495407,0.833181,0.245725],[0.401785,-0.470583,0.78557]],[[0.770157,-0.290448,-0.56789],[-0.0277027,0.874241,-0.484702],[0.637253,0.389028,0.665256]],[[0.770157,-0.290448,-0.56789],[-0.417272,0.443961,-0.792958],[0.482434,0.847666,0.220723]]],"btipPosition":[-69.8206,264.813,-55.4809],"carpPosition":[-21.9361,221.163,52.2144],"dipPosition":[-61.6751,279.125,-51.7541],"direction":[-0.637253,-0.389028,-0.665256],"extended":false,"handId":410,"id":4101,"length":58.114,"mcpPosition":[-29.396,268.438,-2.51227],"pipPosition":[-46.4541,288.417,-35.8643],"stabilizedTipPosition":[-67.9808,267.401,-54.2606],"timeVisible":6.4898,"tipPosition":[-68.0725,266.863,-54.055],"tipVelocity":[56.3246,791.421,-335.758],"tool":false,"touchDistance":0.265131,"touchZone":"hovering","type":1,"width":19.1147},{"bases":[[[0.690003,-0.587808,-0.422347],[0.723776,0.555041,0.409972],[-0.00656468,-0.588567,0.808422]],[[0.690033,-0.580766,-0.431933],[0.174542,0.712687,-0.679421],[0.702417,0.393432,0.593145]],[[0.690033,-0.580766,-0.431933],[-0.681091,-0.319115,-0.659],[0.244889,0.748917,-0.615754]],[[0.690033,-0.580766,-0.431933],[-0.686093,-0.714914,-0.134811],[-0.230501,0.38937,-0.891774]]],"btipPosition":[-47.0095,211.385,-3.00653],"carpPosition":[-11.4034,217.822,47.1191],"dipPosition":[-51.29,218.616,-19.5671],"direction":[-0.244889,-0.748917,0.615754],"extended":false,"handId":410,"id":4102,"length":66.2163,"mcpPosition":[-10.9508,258.401,-8.61775],"pipPosition":[-44.4083,239.661,-36.8704],"stabilizedTipPosition":[-47.9441,212.185,-6.32943],"timeVisible":6.4898,"tipPosition":[-48.156,213.259,-7.42922],"tipVelocity":[-2.23062,664.628,-287.9],"tool":false,"touchDistance":0.333333,"touchZone":"none","type":2,"width":18.7732},{"bases":[[[0.624979,-0.708171,-0.328474],[0.770646,0.492582,0.404311],[-0.124522,-0.505823,0.853603]],[[0.628822,-0.690713,-0.35707],[0.277798,0.628487,-0.72652],[0.72623,0.357659,0.587086]],[[0.628822,-0.690713,-0.35707],[-0.693842,-0.291187,-0.65863],[0.35095,0.661911,-0.66235]],[[0.628822,-0.690713,-0.35707],[-0.7628,-0.63702,-0.111092],[-0.150728,0.34223,-0.927448]]],"btipPosition":[-33.5998,202.773,-1.77818],"carpPosition":[-2.41846,211.692,41.7262],"dipPosition":[-36.3828,209.091,-18.9023],"direction":[-0.35095,-0.661911,0.66235],"extended":false,"handId":410,"id":4103,"length":63.6687,"mcpPosition":[5.2896,243.003,-11.1129],"pipPosition":[-26.7754,227.211,-37.0343],"stabilizedTipPosition":[-34.1786,203.316,-5.21946],"timeVisible":6.4898,"tipPosition":[-34.392,204.446,-6.43986],"tipVelocity":[-8.0091,657.732,-276.378],"tool":false,"touchDistance":0.333333,"touchZone":"none","type":3,"width":17.8639},{"bases":[[[0.470385,-0.833544,-0.289729],[0.844423,0.329802,0.422115],[-0.256298,-0.44321,0.858997]],[[0.469787,-0.834574,-0.287728],[0.514913,0.523802,-0.678599],[0.717053,0.170642,0.675808]],[[0.469787,-0.834574,-0.287728],[-0.658108,-0.11386,-0.744265],[0.588383,0.539002,-0.602729]],[[0.469787,-0.834574,-0.287728],[-0.882337,-0.43359,-0.182977],[0.0279514,0.339833,-0.94007]]],"btipPosition":[-20.1284,203.302,-9.96839],"carpPosition":[2.0893,200.075,35.2052],"dipPosition":[-19.6523,209.091,-25.9811],"direction":[-0.588383,-0.539002,0.602729],"extended":false,"handId":410,"id":4104,"length":49.9151,"mcpPosition":[16.7755,225.471,-14.0165],"pipPosition":[-8.27991,219.508,-37.6308],"stabilizedTipPosition":[-19.9286,203.3,-12.8773],"timeVisible":6.4898,"tipPosition":[-20.0072,204.283,-12.4231],"tipVelocity":[-11.5622,664.39,-304.202],"tool":false,"touchDistance":0.333333,"touchZone":"none","type":4,"width":15.8681}],"r":[[0.988557,-0.0961457,0.116234],[0.0616018,0.960681,0.270733],[-0.137694,-0.260475,0.955611]],"s":1.15226,"t":[-3.28354,47.0947,-151.486],"timestamp":88787306895},false],[1,{"currentFrameRate":55.3707,"devices":[],"gestures":[],"hands":[{"armBasis":[[0.788566,-0.494166,-0.366011],[0.579909,0.795617,0.175212],[0.204621,-0.35042,0.913967]],"armWidth":62.9686,"confidence":0.402252,"direction":[0.127327,0.663648,-0.737129],"elbow":[43.4516,115.806,286.077],"grabStrength":0.866319,"id":410,"palmNormal":[-0.589771,-0.546868,-0.594226],"palmPosition":[-12.875,246.228,2.76772],"palmVelocity":[30.6409,557.113,-240.288],"palmWidth":89.917,"pinchStrength":0.866226,"r":[[0.987588,-0.0990005,0.121939],[0.0610945,0.957337,0.282441],[-0.144699,-0.271486,0.951503]],"s":1.16202,"sphereCenter":[-42.1364,239.58,-30.74],"sphereRadius":41.6123,"stabilizedPalmPosition":[-12.9786,245.503,3.09072],"t":[-2.69147,57.0151,-155.81],"timeVisible":6.50768,"type":"right","wrist":[-11.1445,209.303,42.2162]}],"id":1417398,"interactionBox":{"center":[0,200,0],"size":[235.247,235.247,147.751]},"pointables":[{"bases":[[[0.873253,0.41325,0.258175],[-0.427736,0.396334,0.81238],[0.233392,-0.819843,0.522862]],[[0.789543,0.601383,0.122316],[-0.493618,0.503891,0.708827],[0.364642,-0.620026,0.694697]],[[0.789543,0.601383,0.122316],[-0.579883,0.665828,0.469478],[0.200894,-0.441602,0.874431]],[[0.789543,0.601383,0.122316],[-0.613655,0.775949,0.146052],[-0.00707776,-0.190374,0.981686]]],"btipPosition":[-64.9283,265.469,-39.0036],"carpPosition":[-40.3357,215.601,47.4318],"dipPosition":[-65.092,261.066,-16.2995],"direction":[-0.200894,0.441602,-0.874431],"extended":false,"handId":410,"id":4100,"length":51.5018,"mcpPosition":[-40.3357,215.601,47.4318],"pipPosition":[-58.3231,246.187,13.1632],"stabilizedTipPosition":[-65.116,263.893,-33.4945],"timeVisible":6.50768,"tipPosition":[-65.7343,264.813,-33.1837],"tipVelocity":[93.6061,574.373,-262.693],"tool":false,"touchDistance":0.248186,"touchZone":"hovering","type":0,"width":20.0112},{"bases":[[[0.807527,-0.391725,-0.440967],[0.582003,0.650579,0.487872],[0.0957719,-0.650614,0.753345]],[[0.78177,-0.282485,-0.555911],[0.492714,0.826245,0.273042],[0.382189,-0.487361,0.785118]],[[0.78177,-0.282485,-0.555911],[-0.0054438,0.888377,-0.459083],[0.623543,0.361923,0.692969]],[[0.78177,-0.282485,-0.555911],[-0.389352,0.475229,-0.789026],[0.487074,0.833282,0.261533]]],"btipPosition":[-67.5436,274.396,-60.5154],"carpPosition":[-21.2373,229.118,48.5547],"dipPosition":[-59.3198,288.466,-56.0996],"direction":[-0.623543,-0.361923,-0.692969],"extended":false,"handId":410,"id":4101,"length":58.114,"mcpPosition":[-28.2001,276.419,-6.21499],"pipPosition":[-44.4263,297.11,-39.5478],"stabilizedTipPosition":[-65.804,276.965,-59.158],"timeVisible":6.50768,"tipPosition":[-65.7996,276.07,-58.8423],"tipVelocity":[90.273,669.374,-305.97],"tool":false,"touchDistance":0.258921,"touchZone":"hovering","type":1,"width":19.1147},{"bases":[[[0.701913,-0.581154,-0.411799],[0.712108,0.560545,0.422719],[-0.014833,-0.589958,0.807298]],[[0.702039,-0.574137,-0.421317],[0.177056,0.713766,-0.677635],[0.689777,0.40113,0.602747]],[[0.702039,-0.574137,-0.421317],[-0.668209,-0.326506,-0.668499],[0.246247,0.75084,-0.612863]],[[0.702039,-0.574137,-0.421317],[-0.67717,-0.721314,-0.145418],[-0.220412,0.387392,-0.895179]]],"btipPosition":[-45.2531,219.151,-6.89457],"carpPosition":[-10.5937,225.876,43.6289],"dipPosition":[-49.3462,226.345,-23.5184],"direction":[-0.246247,-0.75084,0.612863],"extended":false,"handId":410,"id":4102,"length":66.2163,"mcpPosition":[-9.571,266.551,-12.0305],"pipPosition":[-42.4264,247.444,-40.7405],"stabilizedTipPosition":[-46.3412,220.083,-10.3502],"timeVisible":6.50768,"tipPosition":[-46.3561,221.031,-11.3635],"tipVelocity":[46.2698,555.706,-255.017],"tool":false,"touchDistance":0.333333,"touchZone":"none","type":2,"width":18.7732},{"bases":[[[0.636388,-0.702228,-0.319197],[0.759601,0.498499,0.417737],[-0.134227,-0.508305,0.850652]],[[0.640511,-0.68488,-0.347397],[0.270689,0.624684,-0.73246],[0.71866,0.375112,0.585507]],[[0.640511,-0.68488,-0.347397],[-0.686819,-0.308509,-0.658104],[0.343548,0.660122,-0.667993]],[[0.640511,-0.68488,-0.347397],[-0.753854,-0.647016,-0.114346],[-0.146458,0.335126,-0.93072]]],"btipPosition":[-31.591,210.476,-4.66146],"carpPosition":[-1.4685,219.832,38.3757],"dipPosition":[-34.2952,216.664,-21.846],"direction":[-0.343548,-0.660122,0.667993],"extended":false,"handId":410,"id":4103,"length":63.6687,"mcpPosition":[6.84035,251.297,-14.2808],"pipPosition":[-24.8905,234.735,-40.1325],"stabilizedTipPosition":[-32.3685,211.22,-8.34525],"timeVisible":6.50768,"tipPosition":[-32.397,212.197,-9.57399],"tipVelocity":[49.2144,549.847,-222.419],"tool":false,"touchDistance":0.333333,"touchZone":"none","type":3,"width":17.8639},{"bases":[[[0.48226,-0.828988,-0.283203],[0.834473,0.33633,0.436506],[-0.266609,-0.446835,0.853966]],[[0.481666,-0.829979,-0.281304],[0.521566,0.52945,-0.669068],[0.704249,0.175549,0.687907]],[[0.481666,-0.829979,-0.281304],[-0.644764,-0.118226,-0.755183],[0.593529,0.545121,-0.592087]],[[0.481666,-0.829979,-0.281304],[-0.875425,-0.440913,-0.198057],[0.0403527,0.341658,-0.938958]]],"btipPosition":[-18.244,211.379,-13.6206],"carpPosition":[3.24609,208.265,31.9122],"dipPosition":[-17.5567,217.199,-29.6144],"direction":[-0.593529,-0.545121,0.592087],"extended":false,"handId":410,"id":4104,"length":49.9151,"mcpPosition":[18.5231,233.869,-17.0213],"pipPosition":[-6.08488,227.735,-41.0583],"stabilizedTipPosition":[-18.2944,211.652,-16.7989],"timeVisible":6.50768,"tipPosition":[-18.0936,212.369,-16.0845],"tipVelocity":[44.8582,564.204,-256.913],"tool":false,"touchDistance":0.333333,"touchZone":"none","type":4,"width":15.8681}],"r":[[0.987588,-0.0990005,0.121939],[0.0610945,0.957337,0.282441],[-0.144699,-0.271486,0.951503]],"s":1.16202,"t":[-2.69147,57.0151,-155.81],"timestamp":88787324782},false],[2,{"currentFrameRate":55.3421,"devices":[],"gestures":[],"hands":[{"armBasis":[[0.79309,-0.492408,-0.358529],[0.577498,0.795022,0.185569],[0.193663,-0.354223,0.914888]],"armWidth":62.9686,"confidence":0.417526,"direction":[0.134305,0.666199,-0.733581],"elbow":[41.2051,122.644,283.84],"grabStrength":0.841359,"id":410,"palmNormal":[-0.582965,-0.545513,-0.602135],"palmPosition":[-11.8252,254.209,0.389743],"palmVelocity":[43.5851,500.926,-188.114],"palmWidth":89.917,"pinchStrength":0.824241,"r":[[0.986535,-0.101215,0.128465],[0.0598245,0.954384,0.292526],[-0.152213,-0.280902,0.947589]],"s":1.1728,"sphereCenter":[-41.3585,248.451,-32.9769],"sphereRadius":41.9077,"stabilizedPalmPosition":[-11.917,253.516,0.604659],"t":[-1.87054,65.9659,-159.161],"timeVisible":6.52585,"type":"right","wrist":[-10.4672,217.157,39.7329]}],"id":1417399,"interactionBox":{"center":[0,200,0],"size":[235.247,235.247,147.751]},"pointables":[{"bases":[[[0.870076,0.413291,0.268623],[-0.436602,0.393223,0.809169],[0.228793,-0.82132,0.522577]],[[0.789469,0.59876,0.135],[-0.49805,0.49637,0.71103],[0.358727,-0.628573,0.690081]],[[0.789469,0.59876,0.135],[-0.583288,0.663393,0.468705],[0.191084,-0.448772,0.872978]],[[0.789469,0.59876,0.135],[-0.612494,0.782796,0.109914],[-0.0398649,-0.16946,0.98473]]],"btipPosition":[-62.9297,273.455,-41.5648],"carpPosition":[-39.7178,223.408,44.6643],"dipPosition":[-63.8517,269.535,-18.7903],"direction":[-0.191084,0.448772,-0.872978],"extended":false,"handId":410,"id":4100,"length":51.5018,"mcpPosition":[-39.7178,223.408,44.6643],"pipPosition":[-57.4134,254.415,10.6234],"stabilizedTipPosition":[-63.2814,271.941,-36.1264],"timeVisible":6.52585,"tipPosition":[-63.9628,272.849,-35.8823],"tipVelocity":[96.8481,512.998,-204.219],"tool":false,"touchDistance":0.254302,"touchZone":"hovering","type":0,"width":20.0112},{"bases":[[[0.812494,-0.389447,-0.433802],[0.576197,0.649565,0.496047],[0.0885985,-0.652991,0.752166]],[[0.787667,-0.279355,-0.549127],[0.497949,0.813514,0.300402],[0.362804,-0.510054,0.779883]],[[0.787667,-0.279355,-0.549127],[0.0223709,0.903675,-0.427633],[0.615694,0.324548,0.718045]],[[0.787667,-0.279355,-0.549127],[-0.360116,0.51443,-0.778253],[0.499896,0.810755,0.304599]]],"btipPosition":[-65.6372,284.628,-64.0575],"carpPosition":[-20.6464,236.94,46.0307],"dipPosition":[-57.1969,298.317,-58.9146],"direction":[-0.615694,-0.324548,-0.718045],"extended":false,"handId":410,"id":4101,"length":58.114,"mcpPosition":[-27.0877,284.414,-8.6533],"pipPosition":[-42.4908,306.069,-41.7638],"stabilizedTipPosition":[-63.8449,287.013,-62.6121],"timeVisible":6.52585,"tipPosition":[-63.8781,285.922,-62.1527],"tipVelocity":[98.5705,616.422,-248.641],"tool":false,"touchDistance":0.264423,"touchZone":"hovering","type":1,"width":19.1147},{"bases":[[[0.706782,-0.579078,-0.406358],[0.707069,0.559879,0.431959],[-0.0226269,-0.592625,0.805161]],[[0.707,-0.572052,-0.415822],[0.177437,0.712647,-0.678712],[0.684593,0.406067,0.605345]],[[0.707,-0.572052,-0.415822],[-0.662915,-0.331232,-0.671438],[0.246364,0.750361,-0.613403]],[[0.707,-0.572052,-0.415822],[-0.673842,-0.723378,-0.150537],[-0.214681,0.386628,-0.896901]]],"btipPosition":[-43.9334,226.976,-9.24719],"carpPosition":[-9.94857,233.725,41.2055],"dipPosition":[-47.9202,234.156,-25.903],"direction":[-0.246364,-0.750361,0.613403],"extended":false,"handId":410,"id":4102,"length":66.2163,"mcpPosition":[-8.38855,274.584,-14.3065],"pipPosition":[-40.9971,255.242,-43.1403],"stabilizedTipPosition":[-44.9762,227.906,-12.8478],"timeVisible":6.52585,"tipPosition":[-45.031,228.899,-13.8223],"tipVelocity":[59.4872,496.021,-195.346],"tool":false,"touchDistance":0.333333,"touchZone":"none","type":2,"width":18.7732},{"bases":[[[0.640423,-0.700524,-0.314842],[0.754677,0.497899,0.42727],[-0.142553,-0.511237,0.847535]],[[0.644791,-0.683213,-0.342731],[0.268196,0.622106,-0.735564],[0.715762,0.382367,0.584364]],[[0.644791,-0.683213,-0.342731],[-0.68404,-0.315694,-0.657591],[0.341077,0.658451,-0.670902]],[[0.644791,-0.683213,-0.342731],[-0.750917,-0.649924,-0.117142],[-0.142716,0.332894,-0.932102]]],"btipPosition":[-30.2434,218.3,-6.66055],"carpPosition":[-0.762741,227.708,36.028],"dipPosition":[-32.8784,224.447,-23.8706],"direction":[-0.341077,-0.658451,0.670902],"extended":false,"handId":410,"id":4103,"length":63.6687,"mcpPosition":[8.06148,259.354,-16.4355],"pipPosition":[-23.5414,242.472,-42.2367],"stabilizedTipPosition":[-30.9606,219.092,-10.4525],"timeVisible":6.52585,"tipPosition":[-31.048,220.047,-11.6938],"tipVelocity":[61.5366,492.751,-168.975],"tool":false,"touchDistance":0.333333,"touchZone":"none","type":3,"width":17.8639},{"bases":[[[0.486062,-0.827559,-0.280874],[0.82952,0.335745,0.446287],[-0.275027,-0.449913,0.849669]],[[0.485478,-0.828511,-0.279071],[0.528008,0.532286,-0.661725],[0.696792,0.173901,0.695874]],[[0.485478,-0.828511,-0.279071],[-0.636759,-0.116372,-0.762231],[0.59904,0.547747,-0.584058]],[[0.485478,-0.828511,-0.279071],[-0.87284,-0.441225,-0.208496],[0.049608,0.344805,-0.937363]]],"btipPosition":[-16.9802,219.411,-16.1711],"carpPosition":[4.0312,216.167,29.5761],"dipPosition":[-16.1352,225.284,-32.1377],"direction":[-0.59904,-0.547747,0.584058],"extended":false,"handId":410,"id":4104,"length":49.9151,"mcpPosition":[19.7906,241.948,-19.1111],"pipPosition":[-4.55683,235.871,-43.4265],"stabilizedTipPosition":[-16.9488,219.778,-19.5146],"timeVisible":6.52585,"tipPosition":[-16.8077,220.412,-18.6429],"tipVelocity":[57.5933,506.285,-201.176],"tool":false,"touchDistance":0.333333,"touchZone":"none","type":4,"width":15.8681}],"r":[[0.986535,-0.101215,0.128465],[0.0598245,0.954384,0.292526],[-0.152213,-0.280902,0.947589]],"s":1.1728,"t":[-1.87054,65.9659,-159.161],"timestamp":88787342950},false],[3,{"currentFrameRate":55.3512,"devices":[],"gestures":[],"hands":[{"armBasis":[[0.802842,-0.493738,-0.334166],[0.570804,0.798385,0.191738],[0.172125,-0.344679,0.922805]],"armWidth":62.9686,"confidence":0.424114,"direction":[0.154365,0.670746,-0.725446],"elbow":[35.5531,130.589,283.503],"grabStrength":0.819087,"id":410,"palmNormal":[-0.567014,-0.541155,-0.621004],"palmPosition":[-10.6507,259.858,-1.8442],"palmVelocity":[53.8017,411.878,-157.633],"palmWidth":89.917,"pinchStrength":0.784854,"r":[[0.984909,-0.103374,0.138809],[0.0572982,0.951556,0.30209],[-0.163312,-0.289578,0.943119]],"s":1.18581,"sphereCenter":[-39.9756,255.355,-35.3671],"sphereRadius":42.2404,"stabilizedPalmPosition":[-10.7562,259.33,-1.64033],"t":[-0.872851,73.2659,-161.954],"timeVisible":6.54389,"type":"right","wrist":[-10.3726,222.555,37.2834]}],"id":1417400,"interactionBox":{"center":[0,200,0],"size":[235.247,235.247,147.751]},"pointables":[{"bases":[[[0.86286,0.410813,0.294459],[-0.457837,0.388435,0.79969],[0.214145,-0.824834,0.52325]],[[0.787109,0.595301,0.161478],[-0.514325,0.488923,0.704574],[0.340483,-0.637629,0.691014]],[[0.787109,0.595301,0.161478],[-0.593724,0.660264,0.459938],[0.167183,-0.457895,0.873145]],[[0.787109,0.595301,0.161478],[-0.611503,0.787397,0.0779143],[-0.0807649,-0.160071,0.983796]]],"btipPosition":[-60.3012,279.383,-44.7894],"carpPosition":[-39.7404,228.8,41.4698],"dipPosition":[-62.1691,275.681,-22.0365],"direction":[-0.167183,0.457895,-0.873145],"extended":false,"handId":410,"id":4100,"length":51.5018,"mcpPosition":[-39.7404,228.8,41.4698],"pipPosition":[-56.5361,260.253,7.38281],"stabilizedTipPosition":[-60.9472,277.973,-39.2652],"timeVisible":6.54389,"tipPosition":[-61.5613,278.779,-39.2437],"tipVelocity":[114.324,426.89,-192.288],"tool":false,"touchDistance":0.240055,"touchZone":"hovering","type":0,"width":20.0112},{"bases":[[[0.823546,-0.387379,-0.414377],[0.563162,0.645887,0.51544],[0.0679699,-0.657851,0.750075]],[[0.801645,-0.27565,-0.530454],[0.498542,0.797925,0.338778],[0.329879,-0.536034,0.777076]],[[0.801645,-0.27565,-0.530454],[0.0565851,0.918349,-0.391705],[0.595116,0.283993,0.751788]],[[0.801645,-0.27565,-0.530454],[-0.318527,0.553931,-0.769221],[0.505871,0.785606,0.356254]]],"btipPosition":[-62.4055,292.844,-68.0623],"carpPosition":[-20.703,242.306,43.4328],"dipPosition":[-53.8644,306.108,-62.0473],"direction":[-0.595116,-0.283993,-0.751788],"extended":false,"handId":410,"id":4101,"length":58.114,"mcpPosition":[-25.6446,290.133,-11.0992],"pipPosition":[-39.6498,312.891,-44.0905],"stabilizedTipPosition":[-60.7189,295.169,-66.3469],"timeVisible":6.54389,"tipPosition":[-60.6839,293.808,-65.9582],"tipVelocity":[137.429,537.527,-230.753],"tool":false,"touchDistance":0.254547,"touchZone":"hovering","type":1,"width":19.1147},{"bases":[[[0.717005,-0.57709,-0.390987],[0.69564,0.556498,0.454307],[-0.0445925,-0.597727,0.800459]],[[0.717484,-0.569949,-0.400469],[0.179374,0.706695,-0.684403],[0.673084,0.419214,0.609276]],[[0.717484,-0.569949,-0.400469],[-0.651124,-0.344484,-0.67629],[0.247496,0.745982,-0.618269]],[[0.717484,-0.569949,-0.400469],[-0.667231,-0.727434,-0.160132],[-0.200048,0.382097,-0.90221]]],"btipPosition":[-42.1078,232.297,-11.2051],"carpPosition":[-9.88203,239.113,38.8753],"dipPosition":[-45.8228,239.392,-27.9595],"direction":[-0.247496,-0.745982,0.618269],"extended":false,"handId":410,"id":4102,"length":66.2163,"mcpPosition":[-6.80759,280.323,-16.3125],"pipPosition":[-38.8679,260.355,-45.3336],"stabilizedTipPosition":[-43.1377,233.404,-14.866],"timeVisible":6.54389,"tipPosition":[-43.1976,234.342,-16.1209],"tipVelocity":[80.9333,400.143,-154.771],"tool":false,"touchDistance":0.333333,"touchZone":"none","type":2,"width":18.7732},{"bases":[[[0.648134,-0.699058,-0.302059],[0.743313,0.494507,0.450497],[-0.165553,-0.516507,0.840126]],[[0.653087,-0.68222,-0.328715],[0.272912,0.616936,-0.738179],[0.706397,0.392385,0.589099]],[[0.653087,-0.68222,-0.328715],[-0.674712,-0.3271,-0.661641],[0.343862,0.653897,-0.673927]],[[0.653087,-0.68222,-0.328715],[-0.746256,-0.653591,-0.126179],[-0.128763,0.327712,-0.935962]]],"btipPosition":[-28.5423,223.817,-8.37778],"carpPosition":[-0.565071,233.121,33.9072],"dipPosition":[-30.9198,229.868,-25.6591],"direction":[-0.343862,-0.653897,0.673927],"extended":false,"handId":410,"id":4103,"length":63.6687,"mcpPosition":[9.6829,265.093,-18.0977],"pipPosition":[-21.5064,247.769,-44.108],"stabilizedTipPosition":[-29.221,224.778,-12.2186],"timeVisible":6.54389,"tipPosition":[-29.3185,225.598,-13.6756],"tipVelocity":[78.6477,403.528,-134.413],"tool":false,"touchDistance":0.333333,"touchZone":"none","type":3,"width":17.8639},{"bases":[[[0.492831,-0.826173,-0.273049],[0.817507,0.33217,0.470473],[-0.297994,-0.455083,0.839106]],[[0.492227,-0.827092,-0.271351],[0.545957,0.536135,-0.643809],[0.67797,0.168754,0.715457]],[[0.492227,-0.827092,-0.271351],[-0.61623,-0.110928,-0.779715],[0.614796,0.551011,-0.564281]],[[0.492227,-0.827092,-0.271351],[-0.86725,-0.439195,-0.234488],[0.074767,0.35075,-0.93348]]],"btipPosition":[-15.3789,225.173,-18.7624],"carpPosition":[4.39185,221.617,27.5123],"dipPosition":[-14.1053,231.147,-34.6629],"direction":[-0.614796,-0.551011,0.564281],"extended":false,"handId":410,"id":4104,"length":49.9151,"mcpPosition":[21.4673,247.694,-20.5697],"pipPosition":[-2.22247,241.797,-45.5694],"stabilizedTipPosition":[-15.293,225.795,-22.0967],"timeVisible":6.54389,"tipPosition":[-15.1417,226.193,-21.2346],"tipVelocity":[74.9856,418.269,-173.498],"tool":false,"touchDistance":0.333333,"touchZone":"none","type":4,"width":15.8681}],"r":[[0.984909,-0.103374,0.138809],[0.0572982,0.951556,0.30209],[-0.163312,-0.289578,0.943119]],"s":1.18581,"t":[-0.872851,73.2659,-161.954],"timestamp":88787360985},false],[4,{"currentFrameRate":55.309,"devices":[],"gestures":[],"hands":[{"armBasis":[[0.784808,-0.524755,-0.32971],[0.597411,0.782102,0.177248],[0.164855,-0.336078,0.927294]],"armWidth":62.9686,"confidence":0.301372,"direction":[0.170598,0.693083,-0.70038],"elbow":[32.212,139.221,276.441],"grabStrength":0.79857,"id":410,"palmNormal":[-0.595515,-0.493771,-0.633681],"palmPosition":[-11.126,267.725,-8.58074],"palmVelocity":[15.621,421.319,-258.958],"palmWidth":89.917,"pinchStrength":0.740875,"r":[[0.983115,-0.113745,0.143346],[0.0632508,0.946287,0.317082],[-0.171713,-0.302661,0.937503]],"s":1.19965,"sphereCenter":[-41.7003,266.795,-41.0692],"sphereRadius":42.5903,"stabilizedPalmPosition":[-11.0792,266.664,-7.70342],"t":[-0.611633,80.8493,-166.718],"timeVisible":6.56211,"type":"right","wrist":[-11.7739,228.892,29.0244]}],"id":1417401,"interactionBox":{"center":[0,200,0],"size":[235.247,235.247,147.751]},"pointables":[{"bases":[[[0.881824,0.36555,0.297925],[-0.432036,0.373007,0.821103],[0.189026,-0.852783,0.486857]],[[0.812249,0.556588,0.174533],[-0.48432,0.47675,0.733583],[0.325095,-0.680382,0.656806]],[[0.812249,0.556588,0.174533],[-0.561179,0.663992,0.494158],[0.159154,-0.499324,0.851672]],[[0.812249,0.556588,0.174533],[-0.576093,0.812372,0.0903824],[-0.09148,-0.17396,0.980494]]],"btipPosition":[-60.1054,290.483,-49.8875],"carpPosition":[-40.822,236.074,33.8844],"dipPosition":[-62.2211,286.46,-27.211],"direction":[-0.159154,0.499324,-0.851672],"extended":false,"handId":410,"id":4100,"length":51.5018,"mcpPosition":[-40.822,236.074,33.8844],"pipPosition":[-56.8586,269.636,1.48484],"stabilizedTipPosition":[-60.6264,288.437,-44.1486],"timeVisible":6.56211,"tipPosition":[-61.4565,289.881,-44.3858],"tipVelocity":[63.3185,512.015,-234.539],"tool":false,"touchDistance":0.218983,"touchZone":"hovering","type":0,"width":20.0112},{"bases":[[[0.802521,-0.401366,-0.441436],[0.594321,0.602742,0.532433],[0.0523718,-0.689643,0.722253]],[[0.783427,-0.284306,-0.552641],[0.542395,0.746886,0.384667],[0.303397,-0.601108,0.739337]],[[0.783427,-0.284306,-0.552641],[0.112273,0.939342,-0.324086],[0.611259,0.191852,0.767825]],[[0.783427,-0.284306,-0.552641],[-0.282949,0.628555,-0.724471],[0.553337,0.72394,0.411983]]],"btipPosition":[-61.8855,307.611,-73.0895],"carpPosition":[-21.2543,248.758,36.1046],"dipPosition":[-52.5429,319.834,-66.1336],"direction":[-0.611259,-0.191852,-0.767825],"extended":false,"handId":410,"id":4101,"length":58.114,"mcpPosition":[-25.0618,298.896,-16.4047],"pipPosition":[-37.9428,324.417,-47.7938],"stabilizedTipPosition":[-59.8153,309.202,-71.0782],"timeVisible":6.56211,"tipPosition":[-60.1361,308.105,-70.8642],"tipVelocity":[90.2115,661.604,-246.623],"tool":false,"touchDistance":0.257111,"touchZone":"hovering","type":1,"width":19.1147},{"bases":[[[0.689063,-0.587682,-0.424054],[0.722446,0.510922,0.465865],[-0.057122,-0.627367,0.776626]],[[0.689686,-0.580281,-0.433137],[0.179986,0.716772,-0.673679],[0.701383,0.386669,0.59879]],[[0.689686,-0.580281,-0.433137],[-0.678995,-0.310428,-0.665282],[0.251593,0.752934,-0.608105]],[[0.689686,-0.580281,-0.433137],[-0.693939,-0.700531,-0.166449],[-0.206838,0.415368,-0.885826]]],"btipPosition":[-43.3239,241.306,-17.2615],"carpPosition":[-10.6249,245.342,31.2662],"dipPosition":[-47.1649,249.02,-33.7116],"direction":[-0.251593,-0.752934,0.608105],"extended":false,"handId":410,"id":4102,"length":66.2163,"mcpPosition":[-6.68662,288.596,-22.2785],"pipPosition":[-40.0949,270.178,-50.8001],"stabilizedTipPosition":[-44.0866,241.988,-20.3477],"timeVisible":6.56211,"tipPosition":[-44.504,243.654,-22.3285],"tipVelocity":[9.59562,448.886,-237.79],"tool":false,"touchDistance":0.333333,"touchZone":"none","type":2,"width":18.7732},{"bases":[[[0.616712,-0.710431,-0.33905],[0.767642,0.447369,0.458898],[-0.174335,-0.543276,0.821254]],[[0.621836,-0.693189,-0.364429],[0.276031,0.629475,-0.726339],[0.732889,0.35107,0.582772]],[[0.621836,-0.693189,-0.364429],[-0.701071,-0.285334,-0.653516],[0.349026,0.661871,-0.663406]],[[0.621836,-0.693189,-0.364429],[-0.771218,-0.622935,-0.131052],[-0.136172,0.362547,-0.921963]]],"btipPosition":[-30.2195,232.521,-15.4557],"carpPosition":[-1.6115,239.205,25.9282],"dipPosition":[-32.7337,239.215,-32.4785],"direction":[-0.349026,-0.661871,0.663406],"extended":false,"handId":410,"id":4103,"length":63.6687,"mcpPosition":[9.18004,272.835,-24.9085],"pipPosition":[-23.179,257.334,-50.6395],"stabilizedTipPosition":[-30.6297,233.072,-18.6088],"timeVisible":6.56211,"tipPosition":[-31.0635,234.523,-20.7671],"tipVelocity":[-3.75464,442.799,-254.231],"tool":false,"touchDistance":0.333333,"touchZone":"none","type":3,"width":17.8639},{"bases":[[[0.457019,-0.832621,-0.312851],[0.83578,0.281659,0.471318],[-0.304312,-0.476875,0.824611]],[[0.456431,-0.833539,-0.31126],[0.557798,0.540608,-0.629766],[0.693204,0.113824,0.711697]],[[0.456431,-0.833539,-0.31126],[-0.630213,-0.0559147,-0.774406],[0.628094,0.549623,-0.550829]],[[0.456431,-0.833539,-0.31126],[-0.886519,-0.39621,-0.23896],[0.0758577,0.385007,-0.919791]]],"btipPosition":[-17.4022,233.956,-26.7967],"carpPosition":[2.81445,227.788,19.0092],"dipPosition":[-16.11,240.514,-42.464],"direction":[-0.628094,-0.549623,0.550829],"extended":false,"handId":410,"id":4104,"length":49.9151,"mcpPosition":[20.2519,255.114,-28.2422],"pipPosition":[-3.97015,251.137,-53.1105],"stabilizedTipPosition":[-16.8111,233.896,-29.0537],"timeVisible":6.56211,"tipPosition":[-17.1602,235.069,-29.2415],"tipVelocity":[-13.8073,452.199,-299.867],"tool":false,"touchDistance":0.333333,"touchZone":"none","type":4,"width":15.8681}],"r":[[0.983115,-0.113745,0.143346],[0.0632508,0.946287,0.317082],[-0.171713,-0.302661,0.937503]],"s":1.19965,"t":[-0.611633,80.8493,-166.718],"timestamp":88787379211},false],[5,{"currentFrameRate":55.3255,"devices":[],"gestures":[],"hands":[{"armBasis":[[0.781046,-0.530201,-0.329929],[0.603395,0.776863,0.179994],[0.160877,-0.339661,0.926687]],"armWidth":62.9686,"confidence":0.29912,"direction":[0.160701,0.698597,-0.697235],"elbow":[31.1264,142.54,272.812],"grabStrength":0.776243,"id":410,"palmNormal":[-0.607179,-0.486961,-0.627856],"palmPosition":[-11.6763,272.317,-11.724],"palmVelocity":[-6.26487,342.389,-218.893],"palmWidth":89.917,"pinchStrength":0.696934,"r":[[0.982019,-0.122797,0.143383],[0.0694554,0.941271,0.330431],[-0.175538,-0.314531,0.932875]],"s":1.21235,"sphereCenter":[-43.287,272.569,-43.1399],"sphereRadius":42.8952,"stabilizedPalmPosition":[-11.5713,271.323,-11.017],"t":[-0.756171,86.9368,-170.672],"timeVisible":6.58013,"type":"right","wrist":[-11.7981,233.167,25.5573]}],"id":1417402,"interactionBox":{"center":[0,200,0],"size":[235.247,235.247,147.751]},"pointables":[{"bases":[[[0.887558,0.360916,0.286322],[-0.417424,0.367046,0.831285],[0.194931,-0.857332,0.476429]],[[0.817227,0.551655,0.166787],[-0.469513,0.46946,0.747773],[0.334213,-0.689409,0.642664]],[[0.817227,0.551655,0.166787],[-0.550961,0.662944,0.506899],[0.169063,-0.506144,0.845716]],[[0.817227,0.551655,0.166787],[-0.567874,0.820151,0.0698004],[-0.0982845,-0.151757,0.983519]]],"btipPosition":[-60.6531,294.948,-51.9842],"carpPosition":[-40.7435,240.376,30.9594],"dipPosition":[-62.9262,291.438,-29.2378],"direction":[-0.169063,0.506144,-0.845716],"extended":false,"handId":410,"id":4100,"length":51.5018,"mcpPosition":[-40.7435,240.376,30.9594],"pipPosition":[-57.2299,274.384,-0.742598],"stabilizedTipPosition":[-61.1146,293.504,-46.462],"timeVisible":6.58013,"tipPosition":[-62.1172,294.576,-46.4683],"tipVelocity":[17.9342,389.844,-178.09],"tool":false,"touchDistance":0.221153,"touchZone":"hovering","type":0,"width":20.0112},{"bases":[[[0.79408,-0.399505,-0.458075],[0.60458,0.596789,0.527566],[0.0626089,-0.695872,0.715431]],[[0.773656,-0.282317,-0.567234],[0.55818,0.72731,0.399319],[0.29982,-0.625554,0.720271]],[[0.773656,-0.282317,-0.567234],[0.133404,0.947758,-0.289755],[0.619403,0.148499,0.770901]],[[0.773656,-0.282317,-0.567234],[-0.268494,0.664817,-0.697087],[0.573906,0.691604,0.438539]]],"btipPosition":[-62.8753,314.92,-75.4491],"carpPosition":[-21.1098,252.995,32.9615],"dipPosition":[-53.1854,326.597,-68.0447],"direction":[-0.619403,-0.148499,-0.770901],"extended":false,"handId":410,"id":4101,"length":58.114,"mcpPosition":[-25.6616,303.586,-19.0518],"pipPosition":[-38.3907,330.144,-49.6315],"stabilizedTipPosition":[-60.58,316.933,-73.5324],"timeVisible":6.58013,"tipPosition":[-61.106,315.182,-73.1448],"tipVelocity":[23.4998,536.957,-189.07],"tool":false,"touchDistance":0.265391,"touchZone":"hovering","type":1,"width":19.1147},{"bases":[[[0.680459,-0.585692,-0.440386],[0.731353,0.505234,0.458107],[-0.0458115,-0.633801,0.772139]],[[0.680947,-0.578271,-0.449349],[0.160131,0.716309,-0.679161],[0.714612,0.390517,0.580367]],[[0.680947,-0.578271,-0.449349],[-0.694089,-0.313924,-0.647836],[0.233563,0.75303,-0.615137]],[[0.680947,-0.578271,-0.449349],[-0.696507,-0.700956,-0.153425],[-0.226252,0.417449,-0.880083]]],"btipPosition":[-43.8124,245.778,-19.3313],"carpPosition":[-10.5708,249.595,27.9185],"dipPosition":[-48.014,253.53,-35.6748],"direction":[-0.233563,-0.75303,0.615137],"extended":false,"handId":410,"id":4102,"length":66.2163,"mcpPosition":[-7.41227,293.292,-25.3168],"pipPosition":[-41.4506,274.691,-52.9608],"stabilizedTipPosition":[-44.6854,246.81,-22.7205],"timeVisible":6.58013,"tipPosition":[-45.1243,248.173,-24.4373],"tipVelocity":[-9.99106,353.97,-178.869],"tool":false,"touchDistance":0.333333,"touchZone":"none","type":2,"width":18.7732},{"bases":[[[0.609219,-0.708987,-0.355232],[0.776266,0.441636,0.449853],[-0.162056,-0.549814,0.819416]],[[0.613896,-0.691817,-0.380158],[0.25898,0.631443,-0.730896],[0.745695,0.350241,0.566807]],[[0.613896,-0.691817,-0.380158],[-0.715727,-0.284679,-0.637725],[0.332966,0.663586,-0.669916]],[[0.613896,-0.691817,-0.380158],[-0.773967,-0.62223,-0.117493],[-0.155262,0.366358,-0.917429]]],"btipPosition":[-30.8038,237.123,-18.0907],"carpPosition":[-1.66252,243.483,22.38],"dipPosition":[-33.6705,243.887,-35.0298],"direction":[-0.332966,-0.663586,0.669916],"extended":false,"handId":410,"id":4103,"length":63.6687,"mcpPosition":[8.36898,277.517,-28.3429],"pipPosition":[-24.5555,262.053,-53.369],"stabilizedTipPosition":[-31.3438,237.876,-21.5032],"timeVisible":6.58013,"tipPosition":[-31.7663,239.145,-23.3926],"tipVelocity":[-19.4836,354.363,-202.527],"tool":false,"touchDistance":0.333333,"touchZone":"none","type":3,"width":17.8639},{"bases":[[[0.449676,-0.831016,-0.327419],[0.844185,0.275665,0.45974],[-0.291793,-0.483136,0.825491]],[[0.449139,-0.831903,-0.325902],[0.548686,0.544695,-0.634232],[0.705137,0.106041,0.701097]],[[0.449139,-0.831903,-0.325902],[-0.64313,-0.0478192,-0.764262],[0.620207,0.552857,-0.556499]],[[0.449139,-0.831903,-0.325902],[-0.891349,-0.392133,-0.22744],[0.0614113,0.392644,-0.917638]]],"btipPosition":[-18.333,238.72,-30.1208],"carpPosition":[2.6194,232.114,15.2922],"dipPosition":[-17.287,245.408,-45.7514],"direction":[-0.620207,-0.552857,0.556499],"extended":false,"handId":410,"id":4104,"length":49.9151,"mcpPosition":[19.3395,259.799,-32.0096],"pipPosition":[-5.29949,256.093,-56.5075],"stabilizedTipPosition":[-17.8179,238.895,-32.717],"timeVisible":6.58013,"tipPosition":[-18.1309,239.857,-32.5712],"tipVelocity":[-33.2436,363.952,-244.942],"tool":false,"touchDistance":0.333333,"touchZone":"none","type":4,"width":15.8681}],"r":[[0.982019,-0.122797,0.143383],[0.0694554,0.941271,0.330431],[-0.175538,-0.314531,0.932875]],"s":1.21235,"t":[-0.756171,86.9368,-170.672],"timestamp":88787397229},false],[6,{"currentFrameRate":55.345,"devices":[],"gestures":[],"hands":[{"armBasis":[[0.783881,-0.522285,-0.335782],[0.599781,0.776808,0.191915],[0.160604,-0.351834,0.922182]],"armWidth":62.9686,"confidence":0.306636,"direction":[0.166232,0.68856,-0.70587],"elbow":[30.2735,144.413,270.748],"grabStrength":0.758077,"id":410,"palmNormal":[-0.596412,-0.49985,-0.628047],"palmPosition":[-12.169,276.856,-13.1859],"palmVelocity":[-16.2644,299.642,-153.66],"palmWidth":89.917,"pinchStrength":0.655241,"r":[[0.98086,-0.128546,0.146252],[0.0725127,0.938231,0.338327],[-0.180708,-0.321246,0.929594]],"s":1.223,"sphereCenter":[-43.8201,277.202,-44.5253],"sphereRadius":43.1523,"stabilizedPalmPosition":[-12.0578,275.826,-12.7823],"t":[-1.07479,92.2502,-173.38],"timeVisible":6.59813,"type":"right","wrist":[-12.5782,238.288,24.6952]}],"id":1417403,"interactionBox":{"center":[0,200,0],"size":[235.247,235.247,147.751]},"pointables":[{"bases":[[[0.881877,0.370024,0.292189],[-0.430137,0.377651,0.819977],[0.193066,-0.8488,0.492203]],[[0.812894,0.557096,0.169844],[-0.480705,0.477127,0.735713],[0.328826,-0.679701,0.655652]],[[0.812894,0.557096,0.169844],[-0.561139,0.671065,0.484556],[0.155968,-0.489199,0.858113]],[[0.812894,0.557096,0.169844],[-0.566234,0.824218,0.00659154],[-0.136316,-0.10153,0.985449]]],"btipPosition":[-59.9514,297.786,-54.4389],"carpPosition":[-41.6283,245.426,29.6077],"dipPosition":[-63.104,295.438,-31.6478],"direction":[-0.155968,0.489199,-0.858113],"extended":false,"handId":410,"id":4100,"length":51.5018,"mcpPosition":[-41.6283,245.426,29.6077],"pipPosition":[-57.8489,278.955,-2.73498],"stabilizedTipPosition":[-60.7382,296.719,-48.8119],"timeVisible":6.59813,"tipPosition":[-61.7247,297.836,-48.9264],"tipVelocity":[22.5817,286.883,-158.051],"tool":false,"touchDistance":0.201895,"touchZone":"hovering","type":0,"width":20.0112},{"bases":[[[0.80204,-0.402322,-0.44144],[0.594563,0.608097,0.526035],[0.0568033,-0.684365,0.726924]],[[0.782696,-0.28795,-0.55179],[0.555553,0.722927,0.410777],[0.280621,-0.628062,0.725803]],[[0.782696,-0.28795,-0.55179],[0.152909,0.948336,-0.27799],[0.603329,0.133208,0.786288]],[[0.782696,-0.28795,-0.55179],[-0.241299,0.676824,-0.695473],[0.573727,0.677491,0.460265]]],"btipPosition":[-62.2287,319.977,-78.547],"carpPosition":[-22.0874,258.178,31.6684],"dipPosition":[-52.5418,331.416,-70.7758],"direction":[-0.603329,-0.133208,-0.786288],"extended":false,"handId":410,"id":4101,"length":58.114,"mcpPosition":[-26.2171,307.933,-21.1805],"pipPosition":[-38.1311,334.598,-51.995],"stabilizedTipPosition":[-60.0534,322.092,-76.4657],"timeVisible":6.59813,"tipPosition":[-60.5166,320.147,-76.1602],"tipVelocity":[29.3661,414.214,-178.807],"tool":false,"touchDistance":0.247636,"touchZone":"hovering","type":1,"width":19.1147},{"bases":[[[0.689151,-0.588814,-0.422336],[0.722701,0.516153,0.459663],[-0.052666,-0.622,0.781244]],[[0.689716,-0.581562,-0.431368],[0.159283,0.703013,-0.69311],[0.706343,0.409339,0.577512]],[[0.689716,-0.581562,-0.431368],[-0.685886,-0.333808,-0.646632],[0.232063,0.741861,-0.629118]],[[0.689716,-0.581562,-0.431368],[-0.689783,-0.708901,-0.14717],[-0.220209,0.399055,-0.890092]]],"btipPosition":[-43.9113,249.886,-20.3465],"carpPosition":[-11.466,254.757,26.8164],"dipPosition":[-48.0006,257.296,-36.8759],"direction":[-0.232063,-0.741861,0.629118],"extended":false,"handId":410,"id":4102,"length":66.2163,"mcpPosition":[-7.83488,297.641,-27.0467],"pipPosition":[-41.4794,278.143,-54.5547],"stabilizedTipPosition":[-44.8297,250.954,-23.9583],"timeVisible":6.59813,"tipPosition":[-45.193,252.177,-25.5193],"tipVelocity":[-7.17964,292.304,-121.968],"tool":false,"touchDistance":0.333333,"touchZone":"none","type":2,"width":18.7732},{"bases":[[[0.617435,-0.711152,-0.336208],[0.768044,0.452674,0.452984],[-0.169948,-0.537911,0.825693]],[[0.622311,-0.694493,-0.361122],[0.260466,0.618769,-0.741136],[0.738165,0.367157,0.565958]],[[0.622311,-0.694493,-0.361122],[-0.708105,-0.302826,-0.637874],[0.333642,0.652668,-0.680226]],[[0.622311,-0.694493,-0.361122],[-0.768604,-0.629508,-0.113873],[-0.148245,0.348424,-0.92554]]],"btipPosition":[-30.9232,241.393,-18.8999],"carpPosition":[-2.45486,248.607,21.4899],"dipPosition":[-33.6604,247.827,-35.9888],"direction":[-0.333642,-0.652668,0.680226],"extended":false,"handId":410,"id":4103,"length":63.6687,"mcpPosition":[8.06514,281.905,-29.6216],"pipPosition":[-24.5268,265.694,-54.6102],"stabilizedTipPosition":[-31.5229,242.159,-22.6408],"timeVisible":6.59813,"tipPosition":[-31.8449,243.31,-24.2442],"tipVelocity":[-12.6115,296.876,-128.776],"tool":false,"touchDistance":0.333333,"touchZone":"none","type":3,"width":17.8639},{"bases":[[[0.458169,-0.833584,-0.308577],[0.836676,0.28724,0.466334],[-0.300092,-0.471838,0.829043]],[[0.457643,-0.834408,-0.307126],[0.55419,0.537802,-0.635328],[0.695296,0.120547,0.708542]],[[0.457643,-0.834408,-0.307126],[-0.632847,-0.0630472,-0.771706],[0.624554,0.547529,-0.556906]],[[0.457643,-0.834408,-0.307126],[-0.886276,-0.40041,-0.232778],[0.0712559,0.378728,-0.922761]]],"btipPosition":[-18.4071,242.945,-31.1454],"carpPosition":[1.97756,237.153,14.6361],"dipPosition":[-17.1934,249.396,-46.8633],"direction":[-0.624554,-0.547529,0.556906],"extended":false,"handId":410,"id":4104,"length":49.9151,"mcpPosition":[19.1733,264.19,-32.8692],"pipPosition":[-5.1219,259.978,-57.6273],"stabilizedTipPosition":[-18.0603,243.22,-34.3143],"timeVisible":6.59813,"tipPosition":[-18.1807,244.048,-33.6217],"tipVelocity":[-18.4289,301.28,-156.389],"tool":false,"touchDistance":0.333333,"touchZ