{"sensorType":"Leap","data":[[0,{"currentFrameRate":55.3548,"devices":[],"gestures":[],"hands":[{"armBasis":[[0.975956,-0.167498,-0.139482],[0.194029,0.959167,0.205797],[0.099316,-0.227912,0.968603]],"armWidth":58.6542,"confidence":0.516628,"direction":[0.117995,0.397789,-0.909858],"elbow":[32.2159,193.556,318.242],"grabStrength":0,"id":434,"palmNormal":[-0.172519,-0.894113,-0.413278],"palmPosition":[5.84978,267.861,30.3821],"palmVelocity":[21.1254,207.599,-160.922],"palmWidth":83.7562,"pinchStrength":0.617141,"r":[[0.188203,0.24916,0.949999],[-0.752336,0.658355,-0.0236249],[-0.631324,-0.710273,0.311357]],"s":2.13805,"sphereCenter":[-16.4509,239.274,-5.75206],"sphereRadius":50.0822,"stabilizedPalmPosition":[5.5458,264.903,32.7351],"t":[103.97,15.8745,-114.885],"timeVisible":42.3809,"type":"right","wrist":[7.53241,250.2,77.5105]}],"id":1437126,"interactionBox":{"center":[0,200,0],"size":[235.247,235.247,147.751]},"pointables":[{"bases":[[[0.57084,0.794554,0.206942],[-0.755915,0.410189,0.510233],[0.320522,-0.447692,0.834768]],[[0.427995,0.899392,-0.0889663],[-0.838294,0.431843,0.332828],[0.337762,-0.0678687,0.938781]],[[0.427995,0.899392,-0.0889663],[-0.90249,0.420047,-0.0952491],[-0.0482962,0.121057,0.99147]],[[0.427995,0.899392,-0.0889663],[-0.877247,0.389734,-0.280257],[-0.217388,0.197994,0.955793]]],"btipPosition":[-29.5373,240.511,-19.5438],"carpPosition":[-20.2164,245.457,75.3003],"dipPosition":[-34.2205,244.777,1.04683],"direction":[0.0482962,-0.121057,-0.99147],"extended":false,"handId":434,"id":4340,"length":47.9731,"mcpPosition":[-20.2164,245.457,75.3003],"pipPosition":[-35.7363,248.576,32.1641],"stabilizedTipPosition":[-32.3344,237.627,-11.7393],"timeVisible":42.3809,"tipPosition":[-28.9538,243.466,-11.5839],"tipVelocity":[94.0799,211.046,-167.491],"tool":false,"touchDistance":-0.70647,"touchZone":"hovering","type":0,"width":18.6401},{"bases":[[[0.983842,-0.136023,-0.116416],[0.163509,0.947516,0.274735],[0.0729358,-0.28933,0.954447]],[[0.977162,-0.117237,-0.177229],[0.165967,0.94191,0.291995],[0.132701,-0.314741,0.939856]],[[0.977162,-0.117237,-0.177229],[0.140593,0.982078,0.125524],[0.159337,-0.147574,0.976132]],[[0.977162,-0.117237,-0.177229],[0.117037,0.99306,-0.0116209],[0.177361,-0.00938676,0.984101]]],"btipPosition":[-25.2105,299.413,-64.9486],"carpPosition":[-8.68888,263.941,74.0507],"dipPosition":[-22.4211,299.265,-49.4713],"direction":[-0.159337,0.147574,-0.976132],"extended":true,"handId":434,"id":4341,"length":54.1323,"mcpPosition":[-13.6281,283.535,9.41481],"pipPosition":[-18.8761,295.982,-27.7535],"stabilizedTipPosition":[-24.5345,298.18,-60.5787],"timeVisible":42.3809,"tipPosition":[-21.987,297.356,-54.5419],"tipVelocity":[3.165,234.628,-144.703],"tool":false,"touchDistance":-0.641897,"touchZone":"touching","type":1,"width":17.805},{"bases":[[[0.942264,-0.333384,-0.0315148],[0.329047,0.904296,0.271986],[-0.0621769,-0.266652,0.961785]],[[0.936046,-0.350374,0.0324996],[0.32487,0.825019,-0.462389],[0.135197,0.443376,0.886081]],[[0.936046,-0.350374,0.0324996],[0.191938,0.430991,-0.881707],[0.29492,0.831556,0.470677]],[[0.936046,-0.350374,0.0324996],[0.075196,0.10895,-0.991199],[0.34375,0.930251,0.128329]]],"btipPosition":[-13.1122,223.652,-42.9631],"carpPosition":[2.55907,264.058,72.6583],"dipPosition":[-7.16605,239.744,-40.7432],"direction":[-0.29492,-0.831556,-0.470677],"extended":false,"handId":434,"id":4342,"length":61.6794,"mcpPosition":[6.55216,281.182,10.8911],"pipPosition":[0.553694,261.511,-28.4229],"stabilizedTipPosition":[-12.3751,224.327,-40.1963],"timeVisible":42.3809,"tipPosition":[-10.0468,231.173,-37.8951],"tipVelocity":[38.0025,224.735,-160.223],"tool":false,"touchDistance":-0.136448,"touchZone":"touching","type":2,"width":17.4869},{"bases":[[[0.89534,-0.436205,0.0899501],[0.393377,0.869206,0.29956],[-0.208855,-0.232824,0.949828]],[[0.887097,-0.444433,0.124651],[0.446678,0.758486,-0.474528],[0.11635,0.476632,0.87137]],[[0.887097,-0.444433,0.124651],[0.302327,0.355378,-0.88448],[0.348794,0.822305,0.449619]],[[0.887097,-0.444433,0.124651],[0.162071,0.0470478,-0.985657],[0.432194,0.894576,0.113766]]],"btipPosition":[4.41207,218.725,-32.2234],"carpPosition":[13.4819,261.257,71.8028],"dipPosition":[11.8452,234.11,-30.2668],"direction":[-0.348794,-0.822305,-0.449619],"extended":false,"handId":434,"id":4343,"length":59.3064,"mcpPosition":[25.5245,274.682,17.0356],"pipPosition":[20.7393,255.079,-18.8017],"stabilizedTipPosition":[5.67004,219.708,-29.9549],"timeVisible":42.3809,"tipPosition":[6.67295,226.35,-28.1051],"tipVelocity":[33.9123,232.675,-158.491],"tool":false,"touchDistance":-0.115136,"touchZone":"touching","type":3,"width":16.6399},{"bases":[[[0.787763,-0.597801,0.148537],[0.507838,0.766771,0.392634],[-0.348611,-0.23387,0.907621]],[[0.68079,-0.636503,0.362476],[0.728132,0.534246,-0.429424],[0.0796784,0.556279,0.827167]],[[0.68079,-0.636503,0.362476],[0.548482,0.11499,-0.828218],[0.485482,0.762654,0.427395]],[[0.68079,-0.636503,0.362476],[0.351316,-0.150488,-0.924083],[0.64273,0.756451,0.121163]]],"btipPosition":[19.8136,220.642,-13.6623],"carpPosition":[22.7382,251.998,71.3222],"dipPosition":[30.0115,232.645,-11.7399],"direction":[-0.485482,-0.762654,-0.427395],"extended":false,"handId":434,"id":4344,"length":46.4951,"mcpPosition":[41.3454,264.481,22.8776],"pipPosition":[38.752,246.375,-4.04514],"stabilizedTipPosition":[22.1263,222.469,-12.4854],"timeVisible":42.3809,"tipPosition":[22.1069,227.291,-10.9843],"tipVelocity":[17.7567,231.041,-153.476],"tool":false,"touchDistance":-0.578297,"touchZone":"touching","type":4,"width":14.7809}],"r":[[0.188203,0.24916,0.949999],[-0.752336,0.658355,-0.0236249],[-0.631324,-0.710273,0.311357]],"s":2.13805,"t":[103.97,15.8745,-114.885],"timestamp":89152623991},false],[1,{"currentFrameRate":55.3522,"devices":[],"gestures":[],"hands":[{"armBasis":[[0.97772,-0.158671,-0.13743],[0.184303,0.962263,0.200203],[0.100478,-0.221071,0.970068]],"armWidth":58.6542,"confidence":0.527604,"direction":[0.120722,0.419784,-0.89956],"elbow":[32.5979,198.359,315.597],"grabStrength":0,"id":434,"palmNormal":[-0.1595,-0.886211,-0.43496],"palmPosition":[6.11716,272.02,27.7761],"palmVelocity":[18.1163,218.288,-152.964],"palmWidth":83.7562,"pinchStrength":0.631387,"r":[[0.181328,0.236441,0.954576],[-0.758544,0.651393,-0.0172542],[-0.625884,-0.720959,0.297467]],"s":2.13244,"sphereCenter":[-16.0599,244.329,-9.09178],"sphereRadius":50.0084,"stabilizedPalmPosition":[5.8593,268.808,30.0141],"t":[104.295,19.8277,-117.65],"timeVisible":42.399,"type":"right","wrist":[7.62562,253.303,74.501]}],"id":1437127,"interactionBox":{"center":[0,200,0],"size":[235.247,235.247,147.751]},"pointables":[{"bases":[[[0.560482,0.795699,0.229614],[-0.764311,0.390229,0.513371],[0.318887,-0.463232,0.826878]],[[0.42097,0.905009,-0.0611823],[-0.844159,0.415561,0.33868],[0.331933,-0.0909263,0.93891]],[[0.42097,0.905009,-0.0611823],[-0.90359,0.412491,-0.115656],[-0.0794327,0.103971,0.991403]],[[0.42097,0.905009,-0.0611823],[-0.870144,0.383861,-0.30903],[-0.25619,0.18333,0.949082]]],"btipPosition":[-27.2915,245.279,-22.7434],"carpPosition":[-20.0516,248.314,71.96],"dipPosition":[-32.8106,249.228,-2.29728],"direction":[0.0794327,-0.103971,-0.991403],"extended":false,"handId":434,"id":4340,"length":47.9731,"mcpPosition":[-20.0516,248.314,71.96],"pipPosition":[-35.3036,252.492,28.8179],"stabilizedTipPosition":[-30.3893,242.039,-14.9874],"timeVisible":42.399,"tipPosition":[-27.1352,248.147,-14.801],"tipVelocity":[103.361,234.192,-172.89],"tool":false,"touchDistance":-0.712648,"touchZone":"hovering","type":0,"width":18.6401},{"bases":[[[0.986149,-0.122724,-0.111576],[0.150985,0.942675,0.297604],[0.0686573,-0.310328,0.948147]],[[0.979286,-0.101544,-0.175182],[0.153284,0.937067,0.313703],[0.132303,-0.334057,0.933221]],[[0.979286,-0.101544,-0.175182],[0.128077,0.980737,0.147483],[0.156831,-0.166865,0.973427]],[[0.979286,-0.101544,-0.175182],[0.104917,0.99443,0.0100755],[0.173183,-0.0282463,0.984485]]],"btipPosition":[-24.8123,305.327,-67.0306],"carpPosition":[-8.71759,266.944,71.2255],"dipPosition":[-22.0886,304.883,-51.5473],"direction":[-0.156831,0.166865,-0.973427],"extended":true,"handId":434,"id":4341,"length":54.1323,"mcpPosition":[-13.3671,287.96,7.01625],"pipPosition":[-18.5993,301.171,-29.8897],"stabilizedTipPosition":[-24.2628,303.671,-62.8315],"timeVisible":42.399,"tipPosition":[-21.604,303.035,-56.6653],"tipVelocity":[11.7331,276.834,-130.642],"tool":false,"touchDistance":-0.63725,"touchZone":"touching","type":1,"width":17.805},{"bases":[[[0.946073,-0.322415,-0.0315409],[0.317003,0.901314,0.2952],[-0.0667486,-0.289279,0.954915]],[[0.939625,-0.340762,0.0314036],[0.319039,0.839125,-0.44055],[0.123771,0.42397,0.897179]],[[0.939625,-0.340762,0.0314036],[0.192704,0.451056,-0.871443],[0.28279,0.824881,0.48949]],[[0.939625,-0.340762,0.0314036],[0.0795589,0.128277,-0.988542],[0.33283,0.931357,0.147643]]],"btipPosition":[-11.8255,229.278,-46.5724],"carpPosition":[2.53891,267.213,69.9267],"dipPosition":[-6.06817,245.389,-44.0185],"direction":[-0.28279,-0.824881,-0.48949],"extended":false,"handId":434,"id":4342,"length":61.6794,"mcpPosition":[6.8256,285.791,8.6007],"pipPosition":[1.33406,266.98,-31.2057],"stabilizedTipPosition":[-11.0758,230.329,-44.2101],"timeVisible":42.399,"tipPosition":[-8.94011,236.567,-41.215],"tipVelocity":[52.6307,265.951,-176.955],"tool":false,"touchDistance":-0.204598,"touchZone":"touching","type":2,"width":17.4869},{"bases":[[[0.899332,-0.428492,0.0871633],[0.381496,0.866294,0.322482],[-0.21369,-0.256766,0.942554]],[[0.89175,-0.436772,0.118375],[0.439103,0.771918,-0.459707],[0.109411,0.461923,0.880146]],[[0.89175,-0.436772,0.118375],[0.297308,0.368263,-0.880903],[0.34116,0.820739,0.458254]],[[0.89175,-0.436772,0.118375],[0.158498,0.0564437,-0.985745],[0.423864,0.8978,0.119561]]],"btipPosition":[5.33036,223.989,-35.1923],"carpPosition":[13.4981,264.551,69.0953],"dipPosition":[12.6202,239.43,-33.136],"direction":[-0.34116,-0.820739,-0.458254],"extended":false,"handId":434,"id":4343,"length":59.3064,"mcpPosition":[25.8195,279.356,14.7475],"pipPosition":[21.3197,260.358,-21.4507],"stabilizedTipPosition":[6.65166,225.458,-33.453],"timeVisible":42.399,"tipPosition":[7.51031,231.521,-31.0123],"tipVelocity":[41.0729,260.828,-160.627],"tool":false,"touchDistance":-0.177285,"touchZone":"touching","type":3,"width":16.6399},{"bases":[[[0.793075,-0.592537,0.141178],[0.496343,0.762992,0.414111],[-0.353094,-0.258348,0.899211]],[[0.685575,-0.637136,0.3522],[0.724301,0.548232,-0.418126],[0.0733157,0.541755,0.837333]],[[0.685575,-0.637136,0.3522],[0.546236,0.130376,-0.827423],[0.481263,0.759644,0.437409]],[[0.685575,-0.637136,0.3522],[0.349315,-0.136561,-0.927001],[0.638722,0.758557,0.128939]]],"btipPosition":[20.5199,225.85,-16.6924],"carpPosition":[22.8586,255.406,68.4778],"dipPosition":[30.6542,237.885,-14.6466],"direction":[-0.481263,-0.759644,-0.437409],"extended":false,"handId":434,"id":4344,"length":46.4951,"mcpPosition":[41.7051,269.195,20.4821],"pipPosition":[39.3188,251.562,-6.77152],"stabilizedTipPosition":[22.6847,227.208,-15.3651],"timeVisible":42.399,"tipPosition":[22.6825,232.394,-13.8976],"tipVelocity":[27.5021,258.358,-159.459],"tool":false,"touchDistance":-0.593826,"touchZone":"touching","type":4,"width":14.7809}],"r":[[0.181328,0.236441,0.954576],[-0.758544,0.651393,-0.0172542],[-0.625884,-0.720959,0.297467]],"s":2.13244,"t":[104.295,19.8277,-117.65],"timestamp":89152642066},false],[2,{"currentFrameRate":55.3004,"devices":[],"gestures":[],"hands":[{"armBasis":[[0.976625,-0.169906,-0.131667],[0.194778,0.958593,0.207753],[0.090917,-0.228542,0.969279]],"armWidth":58.6247,"confidence":0.540174,"direction":[0.123558,0.421578,-0.898335],"elbow":[30.4055,200.523,312.212],"grabStrength":0,"id":434,"palmNormal":[-0.169965,-0.882904,-0.437713],"palmPosition":[6.42728,276.181,24.8001],"palmVelocity":[17.5732,222.86,-157.749],"palmWidth":83.7141,"pinchStrength":0.650704,"r":[[0.17676,0.225127,0.958162],[-0.762079,0.647381,-0.0115193],[-0.622889,-0.728159,0.285996]],"s":2.12756,"sphereCenter":[-16.7022,249.287,-11.991],"sphereRadius":49.9384,"stabilizedPalmPosition":[6.17145,272.86,27.1486],"t":[104.612,23.8846,-120.52],"timeVisible":42.4173,"type":"right","wrist":[7.82085,257.295,71.4334]}],"id":1437128,"interactionBox":{"center":[0,200,0],"size":[235.247,235.247,147.751]},"pointables":[{"bases":[[[0.569544,0.788754,0.231272],[-0.759035,0.396726,0.516211],[0.315412,-0.469549,0.824645]],[[0.433316,0.899609,-0.0542332],[-0.836493,0.423853,0.347315],[0.335435,-0.105132,0.936179]],[[0.433316,0.899609,-0.0542332],[-0.896008,0.423543,-0.133347],[-0.0969899,0.106375,0.989584]],[[0.433316,0.899609,-0.0542332],[-0.855409,0.391589,-0.339019],[-0.283747,0.193294,0.939215]]],"btipPosition":[-26.1529,249.948,-25.3302],"carpPosition":[-19.8999,252.618,68.9305],"dipPosition":[-32.2626,254.11,-5.10691],"direction":[0.0969899,-0.106375,-0.989584],"extended":false,"handId":434,"id":4340,"length":47.949,"mcpPosition":[-19.8999,252.618,68.9305],"pipPosition":[-35.305,257.447,25.9356],"stabilizedTipPosition":[-28.8441,246.878,-18.0937],"timeVisible":42.4173,"tipPosition":[-26.2555,252.814,-17.5252],"tipVelocity":[80.171,245.748,-159.281],"tool":false,"touchDistance":-0.709288,"touchZone":"hovering","type":0,"width":18.6307},{"bases":[[[0.98454,-0.133049,-0.113927],[0.161802,0.939935,0.30057],[0.0670938,-0.314357,0.946931]],[[0.977312,-0.110442,-0.180732],[0.164295,0.933819,0.317789],[0.133673,-0.340273,0.930777]],[[0.977312,-0.110442,-0.180732],[0.138814,0.978473,0.152711],[0.159975,-0.174335,0.971604]],[[0.977312,-0.110442,-0.180732],[0.115217,0.99321,0.016106],[0.177726,-0.036564,0.983401]]],"btipPosition":[-24.5474,310.297,-69.7113],"carpPosition":[-8.37109,271.118,68.2387],"dipPosition":[-21.7536,309.722,-54.2529],"direction":[-0.159975,0.174335,-0.971604],"extended":true,"handId":434,"id":4341,"length":54.1051,"mcpPosition":[-12.9124,292.395,4.14409],"pipPosition":[-18.1961,305.845,-32.6467],"stabilizedTipPosition":[-23.9823,308.759,-65.4361],"timeVisible":42.4173,"tipPosition":[-21.3293,307.825,-59.44],"tipVelocity":[13.483,273.794,-138.523],"tool":false,"touchDistance":-0.642155,"touchZone":"touching","type":1,"width":17.7961},{"bases":[[[0.942447,-0.33257,-0.0345057],[0.327355,0.89678,0.297699],[-0.0680618,-0.291861,0.954036]],[[0.936038,-0.350821,0.0275196],[0.325819,0.834469,-0.444413],[0.132945,0.424954,0.895399]],[[0.936038,-0.350821,0.0275196],[0.190845,0.440383,-0.877292],[0.295653,0.826431,0.479167]],[[0.936038,-0.350821,0.0275196],[0.0720379,0.114485,-0.99081],[0.344446,0.929418,0.132434]]],"btipPosition":[-12.3375,233.468,-48.8526],"carpPosition":[2.87951,271.269,66.9195],"dipPosition":[-6.3823,249.537,-46.5629],"direction":[-0.295653,-0.826431,-0.479167],"extended":false,"handId":434,"id":4342,"length":61.6484,"mcpPosition":[7.24834,290.003,5.68079],"pipPosition":[1.35274,271.158,-34.0267],"stabilizedTipPosition":[-11.0016,235.025,-47.0381],"timeVisible":42.4173,"tipPosition":[-9.35263,240.719,-43.6913],"tipVelocity":[15.2097,248.218,-153.613],"tool":false,"touchDistance":-0.247411,"touchZone":"touching","type":2,"width":17.4781},{"bases":[[[0.894782,-0.438546,0.0839217],[0.391515,0.860967,0.324734],[-0.214664,-0.257709,0.942075]],[[0.887876,-0.446144,0.112394],[0.443372,0.764461,-0.467997],[0.122873,0.465355,0.876554]],[[0.887876,-0.446144,0.112394],[0.290746,0.354758,-0.888602],[0.356572,0.821646,0.444696]],[[0.887876,-0.446144,0.112394],[0.146027,0.0416085,-0.988405],[0.436294,0.893994,0.102092]]],"btipPosition":[4.53463,227.906,-37.3561],"carpPosition":[13.802,268.492,66.0579],"dipPosition":[12.0345,243.273,-35.6012],"direction":[-0.356572,-0.821646,-0.444696],"extended":false,"handId":434,"id":4343,"length":59.2766,"mcpPosition":[26.1733,283.344,11.7651],"pipPosition":[21.1224,264.215,-24.2673],"stabilizedTipPosition":[6.36748,229.794,-35.9896],"timeVisible":42.4173,"tipPosition":[6.86403,235.423,-33.375],"tipVelocity":[1.82197,238.205,-142.273],"tool":false,"touchDistance":-0.220771,"touchZone":"touching","type":3,"width":16.6315},{"bases":[[[0.786851,-0.601613,0.137576],[0.505407,0.756103,0.415779],[-0.35416,-0.257625,0.899]],[[0.679714,-0.645688,0.34796],[0.72892,0.541839,-0.418433],[0.0816387,0.538049,0.838951]],[[0.679714,-0.645688,0.34796],[0.54336,0.124599,-0.830202],[0.492696,0.753367,0.435532]],[[0.679714,-0.645688,0.34796],[0.341445,-0.141316,-0.929218],[0.649157,0.750411,0.124412]]],"btipPosition":[20.1339,230.035,-19.6723],"carpPosition":[23.0565,259.252,65.3908],"dipPosition":[30.4286,241.936,-17.6993],"direction":[-0.492696,-0.753367,-0.435532],"extended":false,"handId":434,"id":4344,"length":46.4717,"mcpPosition":[41.9504,272.996,17.4306],"pipPosition":[39.2946,255.493,-9.86198],"stabilizedTipPosition":[22.5497,231.312,-18.2072],"timeVisible":42.4173,"tipPosition":[22.2474,236.432,-16.8026],"tipVelocity":[5.18807,243.583,-161.677],"tool":false,"touchDistance":-0.607727,"touchZone":"touching","type":4,"width":14.7734}],"r":[[0.17676,0.225127,0.958162],[-0.762079,0.647381,-0.0115193],[-0.622889,-0.728159,0.285996]],"s":2.12756,"t":[104.612,23.8846,-120.52],"timestamp":89152660328},false],[3,{"currentFrameRate":55.283,"devices":[],"gestures":[],"hands":[{"armBasis":[[0.967127,-0.211251,-0.141557],[0.237786,0.948568,0.208989],[0.0901277,-0.23578,0.967618]],"armWidth":58.6247,"confidence":0.557581,"direction":[0.126882,0.411364,-0.902597],"elbow":[30.6701,201.814,309.707],"grabStrength":0,"id":434,"palmNormal":[-0.214214,-0.877115,-0.429864],"palmPosition":[6.94149,279.073,22.6274],"palmVelocity":[22.7009,192.597,-139.625],"palmWidth":83.7141,"pinchStrength":0.674876,"r":[[0.178007,0.215643,0.96011],[-0.759425,0.650573,-0.00532063],[-0.625769,-0.728185,0.279572]],"s":2.12349,"sphereCenter":[-18.5885,253.629,-13.5134],"sphereRadius":49.9058,"stabilizedPalmPosition":[6.5885,276.225,24.6999],"t":[105.028,27.3592,-123.042],"timeVisible":42.4354,"type":"right","wrist":[8.2815,260.383,69.3411]}],"id":1437129,"interactionBox":{"center":[0,200,0],"size":[235.247,235.247,147.751]},"pointables":[{"bases":[[[0.606083,0.765035,0.217679],[-0.73317,0.431218,0.525845],[0.308423,-0.478302,0.822255]],[[0.472061,0.879319,-0.0629027],[-0.81053,0.460978,0.361305],[0.346699,-0.119573,0.930324]],[[0.472061,0.879319,-0.0629027],[-0.87646,0.460462,-0.140682],[-0.09474,0.121542,0.988055]],[[0.472061,0.879319,-0.0629027],[-0.833812,0.422186,-0.355692],[-0.28621,0.220357,0.932484]]],"btipPosition":[-26.4369,253.809,-26.4951],"carpPosition":[-19.649,256.875,67.3038],"dipPosition":[-32.5996,258.554,-6.41674],"direction":[0.09474,-0.121542,-0.988055],"extended":false,"handId":434,"id":4340,"length":47.949,"mcpPosition":[-19.649,256.875,67.3038],"pipPosition":[-35.5715,262.366,24.5777],"stabilizedTipPosition":[-28.252,251.677,-20.357],"timeVisible":42.4354,"tipPosition":[-26.5221,256.799,-18.8052],"tipVelocity":[34.1866,233.541,-114.838],"tool":false,"touchDistance":-0.684666,"touchZone":"touching","type":0,"width":18.6307},{"bases":[[[0.976065,-0.175302,-0.128706],[0.206276,0.93374,0.29254],[0.0688952,-0.312087,0.947552]],[[0.968183,-0.15148,-0.199186],[0.209471,0.926056,0.313914],[0.136906,-0.34565,0.928323]],[[0.968183,-0.15148,-0.199186],[0.183029,0.971464,0.150857],[0.170651,-0.182514,0.96828]],[[0.968183,-0.15148,-0.199186],[0.157729,0.987356,0.0157962],[0.194275,-0.0467112,0.979834]]],"btipPosition":[-24.283,314.444,-71.4422],"carpPosition":[-7.35949,274.864,66.323],"dipPosition":[-21.2291,313.71,-56.0398],"direction":[-0.170651,0.182514,-0.96828],"extended":true,"handId":434,"id":4341,"length":54.1051,"mcpPosition":[-12.0228,295.988,2.18629],"pipPosition":[-17.4343,309.651,-34.5075],"stabilizedTipPosition":[-23.6648,313.118,-67.3831],"timeVisible":42.4354,"tipPosition":[-20.9925,311.667,-61.2583],"tipVelocity":[15.5699,251.241,-118.295],"tool":false,"touchDistance":-0.632428,"touchZone":"touching","type":1,"width":17.7961},{"bases":[[[0.926837,-0.372449,-0.0474775],[0.369784,0.883582,0.287301],[-0.0650548,-0.283838,0.956663]],[[0.920894,-0.389599,0.0129152],[0.350675,0.81351,-0.463928],[0.170239,0.431757,0.885779]],[[0.920894,-0.389599,0.0129152],[0.186775,0.411915,-0.891875],[0.342153,0.823735,0.452098]],[[0.920894,-0.389599,0.0129152],[0.0501376,0.0855234,-0.995074],[0.386575,0.917005,0.0982915]]],"btipPosition":[-15.144,236.198,-49.3904],"carpPosition":[3.86482,274.531,64.8252],"dipPosition":[-8.46041,252.053,-47.691],"direction":[-0.342153,-0.823735,-0.452098],"extended":false,"handId":434,"id":4342,"length":61.6484,"mcpPosition":[8.04063,292.751,3.41789],"pipPosition":[0.491188,273.604,-35.863],"stabilizedTipPosition":[-12.8643,238.471,-48.4405],"timeVisible":42.4354,"tipPosition":[-11.7147,243.434,-44.5896],"tipVelocity":[-61.3327,200.332,-98.0931],"tool":false,"touchDistance":-0.260739,"touchZone":"touching","type":2,"width":17.4781},{"bases":[[[0.876631,-0.4757,0.0722988],[0.432795,0.845216,0.313525],[-0.210252,-0.243555,0.946824]],[[0.870089,-0.482637,0.100031],[0.467554,0.743948,-0.477425],[0.156005,0.462172,0.87296]],[[0.870089,-0.482637,0.100031],[0.289025,0.335195,-0.896721],[0.399261,0.809139,0.431144]],[[0.870089,-0.482637,0.100031],[0.127533,0.0244097,-0.991534],[0.476109,0.87548,0.0827906]]],"btipPosition":[1.98856,230.654,-39.0556],"carpPosition":[14.6446,271.288,63.8071],"dipPosition":[10.1729,245.704,-37.6325],"direction":[-0.399261,-0.809139,-0.431144],"extended":false,"handId":434,"id":4343,"length":59.2766,"mcpPosition":[26.7617,285.325,9.24067],"pipPosition":[20.3488,266.326,-26.644],"stabilizedTipPosition":[4.58597,232.878,-37.9439],"timeVisible":42.4354,"tipPosition":[4.59491,237.947,-35.0458],"tipVelocity":[-61.7678,194.942,-121.101],"tool":false,"touchDistance":-0.252503,"touchZone":"touching","type":3,"width":16.6315},{"bases":[[[0.762764,-0.633763,0.128594],[0.543588,0.736078,0.403363],[-0.350291,-0.237769,0.905959]],[[0.660934,-0.671593,0.334858],[0.739396,0.506493,-0.443575],[0.128299,0.540766,0.831331]],[[0.660934,-0.671593,0.334858],[0.522552,0.091607,-0.847672],[0.538615,0.735235,0.411488]],[[0.660934,-0.671593,0.334858],[0.305863,-0.166392,-0.937423],[0.685284,0.721995,0.0954416]]],"btipPosition":[17.4414,232.073,-21.2472],"carpPosition":[23.4875,261.661,63.0472],"dipPosition":[28.309,243.523,-19.7336],"direction":[-0.538615,-0.735235,-0.411488],"extended":false,"handId":434,"id":4344,"length":46.4717,"mcpPosition":[42.175,274.346,14.7157],"pipPosition":[38.0013,256.754,-12.329],"stabilizedTipPosition":[20.7188,233.695,-20.0964],"timeVisible":42.4354,"tipPosition":[19.916,238.346,-18.5266],"tipVelocity":[-64.5248,178.296,-128.757],"tool":false,"touchDistance":-0.600496,"touchZone":"touching","type":4,"width":14.7734}],"r":[[0.178007,0.215643,0.96011],[-0.759425,0.650573,-0.00532063],[-0.625769,-0.728185,0.279572]],"s":2.12349,"t":[105.028,27.3592,-123.042],"timestamp":89152678477},false],[4,{"currentFrameRate":55.1828,"devices":[],"gestures":[],"hands":[{"armBasis":[[0.965649,-0.204224,-0.160672],[0.236031,0.947972,0.213632],[0.108684,-0.244217,0.963611]],"armWidth":58.5952,"confidence":0.5596,"direction":[0.126574,0.409995,-0.903262],"elbow":[35.292,204.407,306.892],"grabStrength":0,"id":434,"palmNormal":[-0.212968,-0.87812,-0.428426],"palmPosition":[6.95555,283.642,20.92],"palmVelocity":[12.1154,219.033,-116.865],"palmWidth":83.672,"pinchStrength":0.693834,"r":[[0.17888,0.208414,0.961543],[-0.757461,0.65288,-0.000598025],[-0.627897,-0.728224,0.274652]],"s":2.1203,"sphereCenter":[-19.0612,258.56,-15.0864],"sphereRadius":49.9075,"stabilizedPalmPosition":[6.80573,280.615,22.4628],"t":[105.243,31.3808,-125.156],"timeVisible":42.4539,"type":"right","wrist":[8.30743,265.043,67.6422]}],"id":1437130,"interactionBox":{"center":[0,200,0],"size":[235.247,235.247,147.751]},"pointables":[{"bases":[[[0.605036,0.766189,0.21653],[-0.73386,0.431158,0.52493],[0.308837,-0.476504,0.823142]],[[0.472277,0.879271,-0.061951],[-0.809054,0.46031,0.36544],[0.349837,-0.122467,0.928771]],[[0.472277,0.879271,-0.061951],[-0.874791,0.458926,-0.15533],[-0.108146,0.127553,0.985918]],[[0.472277,0.879271,-0.061951],[-0.82719,0.41783,-0.375734],[-0.304487,0.228696,0.924655]]],"btipPosition":[-25.7188,258.197,-27.84],"carpPosition":[-19.604,261.496,65.6049],"dipPosition":[-32.2718,263.119,-7.94023],"direction":[0.108146,-0.127553,-0.985918],"extended":false,"handId":434,"id":4340,"length":47.9248,"mcpPosition":[-19.604,261.496,65.6049],"pipPosition":[-35.6625,267.118,22.9717],"stabilizedTipPosition":[-27.5638,256.809,-22.3061],"timeVisible":42.4539,"tipPosition":[-25.8811,261.215,-20.2657],"tipVelocity":[34.1072,236.558,-95.6397],"tool":false,"touchDistance":-0.665323,"touchZone":"touching","type":0,"width":18.6214},{"bases":[[[0.976324,-0.174254,-0.128166],[0.204991,0.934502,0.291005],[0.0690628,-0.310388,0.948098]],[[0.967873,-0.149313,-0.202307],[0.208762,0.925652,0.315574],[0.140146,-0.347669,0.927084]],[[0.967873,-0.149313,-0.202307],[0.181966,0.97121,0.153754],[0.173525,-0.185627,0.967177]],[[0.967873,-0.149313,-0.202307],[0.156418,0.987498,0.0195063],[0.196865,-0.050524,0.979128]]],"btipPosition":[-24.5026,319.144,-73.0511],"carpPosition":[-7.34369,279.491,64.5971],"dipPosition":[-21.4096,318.351,-57.6675],"direction":[-0.173525,0.185627,-0.967177],"extended":true,"handId":434,"id":4341,"length":54.0778,"mcpPosition":[-12.016,300.489,0.455795],"pipPosition":[-17.5527,314.225,-36.1706],"stabilizedTipPosition":[-23.7681,317.89,-69.1223],"timeVisible":42.4539,"tipPosition":[-21.2032,316.261,-62.9449],"tipVelocity":[2.55543,252.466,-103.366],"tool":false,"touchDistance":-0.621718,"touchZone":"touching","type":1,"width":17.7871},{"bases":[[[0.927332,-0.371326,-0.0466151],[0.368566,0.884548,0.285892],[-0.0649259,-0.282297,0.957127]],[[0.921705,-0.387725,0.0113778],[0.346416,0.809598,-0.473864],[0.174518,0.440704,0.880524]],[[0.921705,-0.387725,0.0113778],[0.177198,0.394781,-0.901526],[0.345053,0.832957,0.432576]],[[0.921705,-0.387725,0.0113778],[0.0383458,0.0618889,-0.997346],[0.385992,0.919695,0.0719109]]],"btipPosition":[-15.3872,240.073,-49.8852],"carpPosition":[3.87576,279.17,63.1035],"dipPosition":[-8.717,255.966,-48.6425],"direction":[-0.345053,-0.832957,-0.432576],"extended":false,"handId":434,"id":4342,"length":61.6173,"mcpPosition":[8.0412,297.281,1.69724],"pipPosition":[0.305905,277.747,-37.331],"stabilizedTipPosition":[-13.6343,242.566,-49.343],"timeVisible":42.4539,"tipPosition":[-11.9338,247.355,-45.3854],"tipVelocity":[-38.1743,205.14,-66.4366],"tool":false,"touchDistance":-0.271969,"touchZone":"touching","type":2,"width":17.4693},{"bases":[[[0.877229,-0.474439,0.073324],[0.43162,0.846308,0.312196],[-0.210173,-0.24222,0.947184]],[[0.870814,-0.481216,0.100565],[0.467032,0.745906,-0.474874],[0.153505,0.460494,0.874289]],[[0.870814,-0.481216,0.100565],[0.287585,0.332731,-0.898101],[0.39872,0.811,0.428137]],[[0.870814,-0.481216,0.100565],[0.124294,0.0175962,-0.992089],[0.47564,0.876425,0.0751353]]],"btipPosition":[2.12493,235.256,-40.5842],"carpPosition":[14.6546,275.941,62.0941],"dipPosition":[10.297,250.314,-39.2933],"direction":[-0.39872,-0.811,-0.428137],"extended":false,"handId":434,"id":4343,"length":59.2467,"mcpPosition":[26.761,289.893,7.53432],"pipPosition":[20.454,270.973,-28.3869],"stabilizedTipPosition":[4.15273,237.23,-39.6899],"timeVisible":42.4539,"tipPosition":[4.61592,242.399,-36.5066],"tipVelocity":[-28.4766,221.15,-103.4],"tool":false,"touchDistance":-0.278959,"touchZone":"touching","type":3,"width":16.6232},{"bases":[[[0.763553,-0.632554,0.129859],[0.542532,0.737466,0.402247],[-0.350209,-0.236684,0.906275]],[[0.664126,-0.669767,0.332188],[0.736024,0.507781,-0.447691],[0.13117,0.541821,0.830195]],[[0.664126,-0.669767,0.332188],[0.516704,0.0900711,-0.851413],[0.540328,0.737088,0.40589]],[[0.664126,-0.669767,0.332188],[0.299057,-0.169237,-0.939108],[0.685202,0.723029,0.0879043]]],"btipPosition":[17.3354,236.614,-22.6586],"carpPosition":[23.5057,266.329,61.3531],"dipPosition":[28.1962,248.075,-21.2653],"direction":[-0.540328,-0.737088,-0.40589],"extended":false,"handId":434,"id":4344,"length":46.4483,"mcpPosition":[42.1795,278.949,13.029],"pipPosition":[37.9144,261.332,-13.9651],"stabilizedTipPosition":[20.0723,237.751,-21.7334],"timeVisible":42.4539,"tipPosition":[19.7259,242.805,-19.9161],"tipVelocity":[-36.2034,210.961,-104.231],"tool":false,"touchDistance":-0.590366,"touchZone":"touching","type":4,"width":14.766}],"r":[[0.17888,0.208414,0.961543],[-0.757461,0.65288,-0.000598025],[-0.627897,-0.728224,0.274652]],"s":2.1203,"t":[105.243,31.3808,-125.156],"timestamp":89152696945},false],[5,{"currentFrameRate":55.2284,"devices":[],"gestures":[],"hands":[{"armBasis":[[0.96782,-0.195445,-0.15851],[0.228046,0.947511,0.224091],[0.106392,-0.253028,0.961591]],"armWidth":58.5952,"confidence":0.524475,"direction":[0.136969,0.414969,-0.899467],"elbow":[33.7566,206.511,304.855],"grabStrength":0,"id":434,"palmNormal":[-0.202617,-0.87709,-0.4355],"palmPosition":[6.54077,288.151,19.4588],"palmVelocity":[-4.53898,234.248,-100.1],"palmWidth":83.672,"pinchStrength":0.708995,"r":[[0.176697,0.201888,0.963338],[-0.75654,0.653945,0.00171809],[-0.629623,-0.729107,0.268287]],"s":2.1182,"sphereCenter":[-19.3204,263.492,-16.9512],"sphereRadius":49.9297,"stabilizedPalmPosition":[6.63563,285.453,20.5343],"t":[105.143,35.6462,-126.944],"timeVisible":42.4718,"type":"right","wrist":[7.34099,269.334,66.1064]}],"id":1437131,"interactionBox":{"center":[0,200,0],"size":[235.247,235.247,147.751]},"pointables":[{"bases":[[[0.59813,0.768128,0.228516],[-0.743195,0.424976,0.516775],[0.299835,-0.47893,0.82506]],[[0.470719,0.881001,-0.0475423],[-0.813917,0.454411,0.362007],[0.340532,-0.131708,0.930962]],[[0.470719,0.881001,-0.0475423],[-0.872432,0.456757,-0.173883],[-0.131476,0.123327,0.983618]],[[0.470719,0.881001,-0.0475423],[-0.818104,0.415668,-0.397398],[-0.330346,0.225957,0.916414]]],"btipPosition":[-24.9212,262.975,-29.6296],"carpPosition":[-20.5214,265.658,63.6665],"dipPosition":[-32.0306,267.838,-9.90719],"direction":[0.131476,-0.123327,-0.983618],"extended":false,"handId":434,"id":4340,"length":47.9248,"mcpPosition":[-20.5214,265.658,63.6665],"pipPosition":[-36.1529,271.704,20.9326],"stabilizedTipPosition":[-26.8454,262.003,-24.2938],"timeVisible":42.4718,"tipPosition":[-25.1833,265.876,-22.0982],"tipVelocity":[35.6209,250.214,-98.6364],"tool":false,"touchDistance":-0.65458,"touchZone":"touching","type":0,"width":18.6214},{"bases":[[[0.978864,-0.168789,-0.115479],[0.196254,0.934094,0.29825],[0.057527,-0.31461,0.947476]],[[0.9708,-0.142303,-0.193124],[0.200181,0.924183,0.325289],[0.132192,-0.354451,0.925684]],[[0.9708,-0.142303,-0.193124],[0.175171,0.970544,0.165409],[0.163897,-0.194408,0.967131]],[[0.9708,-0.142303,-0.193124],[0.151277,0.987958,0.0324658],[0.186178,-0.0607329,0.980637]]],"btipPosition":[-24.0214,324.281,-74.6597],"carpPosition":[-8.33903,283.718,62.9138],"dipPosition":[-21.0962,323.327,-59.2524],"direction":[-0.163897,0.194408,-0.967131],"extended":true,"handId":434,"id":4341,"length":54.0778,"mcpPosition":[-12.2309,305.003,-1.18545],"pipPosition":[-17.4534,319.006,-37.7565],"stabilizedTipPosition":[-23.4185,323.032,-70.7835],"timeVisible":42.4718,"tipPosition":[-20.8225,321.245,-64.551],"tipVelocity":[13.0075,267.436,-96.7236],"tool":false,"touchDistance":-0.611926,"touchZone":"touching","type":1,"width":17.7871},{"bases":[[[0.929742,-0.366493,-0.035551],[0.360133,0.884976,0.295163],[-0.0767131,-0.287228,0.954785]],[[0.923595,-0.382802,0.0208471],[0.346211,0.809488,-0.4742],[0.164649,0.445187,0.88017]],[[0.923595,-0.382802,0.0208471],[0.17887,0.382191,-0.906607],[0.339083,0.841067,0.421461]],[[0.923595,-0.382802,0.0208471],[0.0400678,0.0423059,-0.998301],[0.381269,0.922861,0.0544115]]],"btipPosition":[-14.9301,244.215,-50.6557],"carpPosition":[2.90145,283.46,61.574],"dipPosition":[-8.34157,260.162,-49.7155],"direction":[-0.339083,-0.841067,-0.421461],"extended":false,"handId":434,"id":4342,"length":61.6173,"mcpPosition":[7.82312,301.888,0.317979],"pipPosition":[0.525234,282.156,-38.6945],"stabilizedTipPosition":[-13.4539,246.935,-50.2441],"timeVisible":42.4718,"tipPosition":[-11.5426,251.559,-46.3491],"tipVelocity":[-8.58005,217.57,-57.1537],"tool":false,"touchDistance":-0.285706,"touchZone":"touching","type":2,"width":17.4693},{"bases":[[[0.878507,-0.47043,0.0831922],[0.42301,0.846923,0.322154],[-0.222008,-0.247824,0.943025]],[[0.872058,-0.477078,0.109141],[0.469228,0.751681,-0.463467],[0.139071,0.455381,0.879367]],[[0.872058,-0.477078,0.109141],[0.294289,0.332997,-0.895828],[0.391037,0.813332,0.430791]],[[0.872058,-0.477078,0.109141],[0.130652,0.0120299,-0.991355],[0.471641,0.878778,0.0728222]]],"btipPosition":[2.71883,240.038,-41.9768],"carpPosition":[13.7093,280.29,60.6984],"dipPosition":[10.8222,255.136,-40.7256],"direction":[-0.391037,-0.813332,-0.430791],"extended":false,"handId":434,"id":4343,"length":59.2467,"mcpPosition":[26.4974,294.565,6.3782],"pipPosition":[20.7835,275.855,-29.7516],"stabilizedTipPosition":[4.4856,242.093,-41.2379],"timeVisible":42.4718,"tipPosition":[5.08147,247.105,-37.8712],"tipVelocity":[0.215611,242.797,-91.4368],"tool":false,"touchDistance":-0.300423,"touchZone":"touching","type":3,"width":16.6232},{"bases":[[[0.764857,-0.629377,0.137397],[0.533213,0.7382,0.413212],[-0.361493,-0.242786,0.90021]],[[0.664852,-0.667694,0.334898],[0.737581,0.515933,-0.435646],[0.118093,0.536654,0.835498]],[[0.664852,-0.667694,0.334898],[0.524561,0.0981497,-0.845696],[0.531796,0.737937,0.415501]],[[0.664852,-0.667694,0.334898],[0.308509,-0.162866,-0.937175],[0.680289,0.726402,0.0977083]]],"btipPosition":[17.7059,241.435,-24.1548],"carpPosition":[22.618,270.725,60.0342],"dipPosition":[28.4888,252.949,-22.6061],"direction":[-0.531796,-0.737937,-0.415501],"extended":false,"handId":434,"id":4344,"length":46.4483,"mcpPosition":[41.8934,283.671,12.0335],"pipPosition":[38.0536,266.222,-15.133],"stabilizedTipPosition":[20.1586,242.56,-23.3019],"timeVisible":42.4718,"tipPosition":[19.9223,247.561,-21.2627],"tipVelocity":[-9.79882,238.54,-93.4206],"tool":false,"touchDistance":-0.58157,"touchZone":"touching","type":4,"width":14.766}],"r":[[0.176697,0.201888,0.963338],[-0.75654,0.653945,0.00171809],[-0.629623,-0.729107,0.268287]],"s":2.1182,"t":[105.143,35.6462,-126.944],"timestamp":89152714894},false],[6,{"currentFrameRate":55.2051,"devices":[],"gestures":[],"hands":[{"armBasis":[[0.969645,-0.196011,-0.146181],[0.225706,0.94744,0.226745],[0.0940529,-0.252856,0.962921]],"armWidth":58.5657,"confidence":0.529533,"direction":[0.143627,0.426973,-0.892785],"elbow":[30.1285,209.493,303.134],"grabStrength":0,"id":434,"palmNormal":[-0.197532,-0.871616,-0.448627],"palmPosition":[6.33856,291.66,17.7976],"palmVelocity":[-7.6777,214.475,-95.8988],"palmWidth":83.6299,"pinchStrength":0.734086,"r":[[0.173289,0.194185,0.965538],[-0.756028,0.654527,0.00405129],[-0.631184,-0.730676,0.260232]],"s":2.11745,"sphereCenter":[-19.7567,268.116,-18.9623],"sphereRadius":49.8101,"stabilizedPalmPosition":[6.43042,289.74,18.6438],"t":[104.992,39.5332,-128.669],"timeVisible":42.49,"type":"right","wrist":[6.78834,272.242,64.1757]}],"id":1437132,"interactionBox":{"center":[0,200,0],"size":[235.247,235.247,147.751]},"pointables":[{"bases":[[[0.594916,0.766021,0.24349],[-0.748137,0.416951,0.516181],[0.293882,-0.489248,0.821139]],[[0.471965,0.881181,-0.0277324],[-0.814814,0.447999,0.367933],[0.336639,-0.151055,0.929439]],[[0.471965,0.881181,-0.0277324],[-0.869568,0.460102,-0.179325],[-0.145258,0.10875,0.983399]],[[0.471965,0.881181,-0.0277324],[-0.813005,0.422853,-0.400273],[-0.340986,0.211462,0.915976]]],"btipPosition":[-24.5909,267.53,-31.7028],"carpPosition":[-21.0328,268.556,61.4602],"dipPosition":[-31.9257,272.078,-11.9997],"direction":[0.145258,-0.10875,-0.983399],"extended":false,"handId":434,"id":4340,"length":47.9007,"mcpPosition":[-21.0328,268.556,61.4602],"pipPosition":[-36.4777,275.486,18.8177],"stabilizedTipPosition":[-26.4189,266.943,-26.4564],"timeVisible":42.49,"tipPosition":[-24.7797,270.146,-24.1666],"tipVelocity":[25.921,248.385,-106.059],"tool":false,"touchDistance":-0.648619,"touchZone":"touching","type":0,"width":18.612},{"bases":[[[0.980067,-0.165681,-0.109633],[0.192197,0.930408,0.312091],[0.0502961,-0.326941,0.943706]],[[0.971968,-0.136593,-0.191363],[0.196586,0.918608,0.342804],[0.128963,-0.370813,0.91971]],[[0.971968,-0.136593,-0.191363],[0.172624,0.967186,0.186422],[0.159619,-0.21423,0.963653]],[[0.971968,-0.136593,-0.191363],[0.149723,0.987149,0.0558532],[0.181274,-0.0829389,0.979929]]],"btipPosition":[-23.7677,329.446,-75.8799],"carpPosition":[-8.88177,286.635,61.0451],"dipPosition":[-20.9211,328.144,-60.4915],"direction":[-0.159619,0.21423,-0.963653],"extended":true,"handId":434,"id":4341,"length":54.0506,"mcpPosition":[-12.2827,308.742,-2.76695],"pipPosition":[-17.3751,323.384,-39.0837],"stabilizedTipPosition":[-23.1536,328.334,-72.1337],"timeVisible":42.49,"tipPosition":[-20.6207,326.129,-65.8766],"tipVelocity":[12.979,273.18,-82.6774],"tool":false,"touchDistance":-0.597436,"touchZone":"touching","type":1,"width":17.7782},{"bases":[[[0.93063,-0.364496,-0.0327137],[0.35618,0.8816,0.309706],[-0.0840463,-0.299874,0.950269]],[[0.924579,-0.380479,0.0197413],[0.342347,0.806945,-0.481289],[0.16719,0.451748,0.87634]],[[0.924579,-0.380479,0.0197413],[0.167877,0.360339,-0.917591],[0.342011,0.851699,0.397036]],[[0.924579,-0.380479,0.0197413],[0.0261011,0.0115624,-0.999592],[0.380096,0.924717,0.0206213]]],"btipPosition":[-15.1571,247.397,-50.6968],"carpPosition":[2.36408,286.413,59.795],"dipPosition":[-8.59212,263.369,-50.3407],"direction":[-0.342011,-0.851699,-0.397036],"extended":false,"handId":434,"id":4342,"length":61.5863,"mcpPosition":[7.75351,305.642,-1.14052],"pipPosition":[0.34673,285.629,-39.9637],"stabilizedTipPosition":[-13.6232,250.559,-50.569],"timeVisible":42.49,"tipPosition":[-11.6768,254.935,-46.9425],"tipVelocity":[-10.5814,197.344,-34.4717],"tool":false,"touchDistance":-0.288101,"touchZone":"touching","type":2,"width":17.4605},{"bases":[[[0.878602,-0.470067,0.0842296],[0.418898,0.843297,0.336712],[-0.229308,-0.260552,0.937833]],[[0.872235,-0.476789,0.108987],[0.470637,0.757598,-0.452268],[0.133068,0.445777,0.885198]],[[0.872235,-0.476789,0.108987],[0.293781,0.332595,-0.896143],[0.391023,0.813666,0.430173]],[[0.872235,-0.476789,0.108987],[0.126696,0.00503646,-0.991929],[0.472392,0.879003,0.0648003]]],"btipPosition":[2.848,244.156,-43.4433],"carpPosition":[13.1787,283.273,58.9672],"dipPosition":[10.9602,259.251,-42.3305],"direction":[-0.391023,-0.813666,-0.430173],"extended":false,"handId":434,"id":4343,"length":59.2169,"mcpPosition":[26.3807,298.274,4.9733],"pipPosition":[20.9161,279.968,-31.3778],"stabilizedTipPosition":[4.67055,246.578,-42.8178],"timeVisible":42.49,"tipPosition":[5.19789,251.172,-39.4844],"tipVelocity":[3.55515,234.916,-87.0977],"tool":false,"touchDistance":-0.321189,"touchZone":"touching","type":3,"width":16.6148},{"bases":[[[0.764785,-0.629896,0.135407],[0.528538,0.733564,0.427237],[-0.368445,-0.255177,0.893942]],[[0.664812,-0.67064,0.329041],[0.738028,0.521559,-0.428126],[0.115503,0.527464,0.841689]],[[0.664812,-0.67064,0.329041],[0.524895,0.105968,-0.844545],[0.531517,0.734175,0.422464]],[[0.664812,-0.67064,0.329041],[0.308414,-0.154768,-0.938577],[0.680372,0.725458,0.103943]]],"btipPosition":[17.6532,245.503,-25.9866],"carpPosition":[22.1045,273.737,58.2512],"dipPosition":[28.432,256.997,-24.3399],"direction":[-0.531517,-0.734175,-0.422464],"extended":false,"handId":434,"id":4344,"length":46.4249,"mcpPosition":[41.7407,287.337,10.6087],"pipPosition":[37.9869,270.195,-16.7454],"stabilizedTipPosition":[20.1379,246.97,-25.122],"timeVisible":42.49,"tipPosition":[19.8372,251.551,-23.0592],"tipVelocity":[-6.52734,231.275,-96.2924],"tool":false,"touchDistance":-0.578884,"touchZone":"touching","type":4,"width":14.7586}],"r":[[0.173289,0.194185,0.965538],[-0.756028,0.654527,0.00405129],[-0.631184,-0.730676,0.260232]],"s":2.11745,"t":[104.992,39.5332,-128.669],"timestamp":89152