{"sensorType":"Leap","data":[[0,{"currentFrameRate":55.1718,"devices":[],"gestures":[{"direction":[-0.0722549,0.983797,-0.16408],"duration":162718,"handIds":[435],"id":1,"pointableIds":[4351],"position":[-28.2263,326.584,-59.1974],"speed":333.104,"startPosition":[-23.2327,117.623,-26.6078],"state":"update","type":"swipe"}],"hands":[{"armBasis":[[0.910988,-0.370598,-0.180992],[0.401447,0.897391,0.183111],[0.09456,-0.239471,0.966288]],"armWidth":58.4747,"confidence":0.789815,"direction":[0.15248,0.52606,-0.836666],"elbow":[28.0091,217.837,309.156],"grabStrength":0,"id":435,"palmNormal":[-0.371362,-0.754031,-0.541782],"palmPosition":[4.25667,303.003,26.6884],"palmVelocity":[-38.8314,270.707,-102.982],"palmWidth":83.4999,"pinchStrength":0.998615,"r":[[0.998915,-0.0335075,-0.0323314],[0.0459665,0.820396,0.569946],[0.00742708,-0.570814,0.821046]],"s":0.728749,"sphereCenter":[-15.935,277.827,-10.6208],"sphereRadius":43.7839,"stabilizedPalmPosition":[4.28379,302.83,26.7685],"t":[2.90704,192.228,-32.9853],"timeVisible":0.886069,"type":"right","wrist":[4.5796,277.172,69.7348]}],"id":1438074,"interactionBox":{"center":[0,200,0],"size":[235.247,235.247,147.751]},"pointables":[{"bases":[[[0.730458,0.618807,0.288978],[-0.630526,0.448449,0.633506],[0.262426,-0.644958,0.717747]],[[0.57851,0.815674,-0.00161502],[-0.774095,0.549642,0.314121],[0.257108,-0.180472,0.949382]],[[0.57851,0.815674,-0.00161502],[-0.804068,0.569943,-0.169233],[-0.137119,0.0992016,0.985575]],[[0.57851,0.815674,-0.00161502],[-0.693907,0.491105,-0.526602],[-0.428742,0.305765,0.85011]]],"btipPosition":[-21.8198,276.933,-23.4897],"carpPosition":[-23.5405,278.337,69.0955],"dipPosition":[-31.0279,283.5,-5.23183],"direction":[0.137119,-0.0992016,-0.985575],"extended":false,"handId":435,"id":4350,"length":47.8263,"mcpPosition":[-23.5405,278.337,69.0955],"pipPosition":[-35.3182,286.604,25.6057],"stabilizedTipPosition":[-23.9051,278.281,-19.2335],"timeVisible":0.886069,"tipPosition":[-26.6546,276.85,-21.2805],"tipVelocity":[-41.718,306.621,-99.2406],"tool":false,"touchDistance":0.252834,"touchZone":"hovering","type":0,"width":18.5831},{"bases":[[[0.928482,-0.299407,-0.219721],[0.366739,0.832413,0.415441],[0.0585126,-0.46631,0.882684]],[[0.927166,-0.290269,-0.236868],[0.313289,0.94741,0.0652973],[0.205457,-0.13475,0.969345]],[[0.927166,-0.290269,-0.236868],[0.28723,0.956656,-0.0480335],[0.240544,-0.0235006,0.970354]],[[0.927166,-0.290269,-0.236868],[0.266507,0.955355,-0.127557],[0.263319,0.0551393,0.963132]]],"btipPosition":[-30.1155,330.573,-64.4282],"carpPosition":[-8.60074,294.121,70.0064],"dipPosition":[-25.9869,331.438,-49.3271],"direction":[-0.240544,0.0235006,-0.970354],"extended":true,"handId":435,"id":4351,"length":53.9666,"mcpPosition":[-12.5511,325.604,10.4133],"pipPosition":[-20.6515,330.916,-27.804],"stabilizedTipPosition":[-29.157,330.732,-60.9383],"timeVisible":0.886069,"tipPosition":[-30.282,331.651,-64.4381],"tipVelocity":[-65.4496,309.77,-87.5027],"tool":false,"touchDistance":0.27533,"touchZone":"hovering","type":1,"width":17.7505},{"bases":[[[0.851635,-0.497144,-0.166028],[0.519626,0.759371,0.391592],[-0.0686004,-0.419766,0.905036]],[[0.849055,-0.510107,-0.137467],[0.393903,0.784645,-0.47872],[0.352061,0.352311,0.867139]],[[0.849055,-0.510107,-0.137467],[0.0999324,0.410578,-0.906333],[0.518767,0.755789,0.399579]],[[0.849055,-0.510107,-0.137467],[-0.0925549,0.112555,-0.989326],[0.520134,0.852715,0.0483524]]],"btipPosition":[-31.3685,269.191,-39.8396],"carpPosition":[2.31923,292.327,67.7222],"dipPosition":[-22.3988,283.896,-39.0058],"direction":[-0.518767,-0.755789,-0.399579],"extended":false,"handId":435,"id":4352,"length":61.4906,"mcpPosition":[6.71136,319.203,9.77735],"pipPosition":[-8.86122,303.619,-28.5785],"stabilizedTipPosition":[-29.2618,272.405,-39.5818],"timeVisible":0.886069,"tipPosition":[-30.6365,271.527,-42.2372],"tipVelocity":[-53.3168,269.772,-87.2557],"tool":false,"touchDistance":0.254729,"touchZone":"hovering","type":2,"width":17.4334},{"bases":[[[0.790647,-0.609318,-0.0600796],[0.576692,0.708144,0.40738],[-0.205679,-0.356741,0.91128]],[[0.792563,-0.605905,-0.0687241],[0.500054,0.710294,-0.495407],[0.348984,0.358275,0.865938]],[[0.792563,-0.605905,-0.0687241],[0.183974,0.345042,-0.92038],[0.581376,0.716816,0.384938]],[[0.792563,-0.605905,-0.0687241],[-0.0349358,0.0673982,-0.997114],[0.608789,0.792677,0.0322496]]],"btipPosition":[-15.3493,261.696,-32.7256],"carpPosition":[12.3543,287.693,65.5017],"dipPosition":[-4.91102,275.288,-32.1726],"direction":[-0.581376,-0.716816,-0.384938],"extended":false,"handId":435,"id":4353,"length":59.1249,"mcpPosition":[24.1774,308.2,13.1181],"pipPosition":[9.86851,293.51,-22.3869],"stabilizedTipPosition":[-12.9025,264.633,-32.5168],"timeVisible":0.886069,"tipPosition":[-13.3498,263.654,-35.1735],"tipVelocity":[-49.008,281.626,-104.99],"tool":false,"touchDistance":0.24261,"touchZone":"hovering","type":3,"width":16.589},{"bases":[[[0.6553,-0.755085,-0.0206847],[0.672194,0.570434,0.471975],[-0.344582,-0.323189,0.881369]],[[0.600225,-0.793083,0.103679],[0.72213,0.48161,-0.496568],[0.343887,0.372922,0.861783]],[[0.600225,-0.793083,0.103679],[0.365432,0.156616,-0.917568],[0.71147,0.588635,0.383823]],[[0.600225,-0.793083,0.103679],[0.100285,-0.0539797,-0.993493],[0.793519,0.606717,0.0471345]]],"btipPosition":[1.32323,262.037,-19.7924],"carpPosition":[19.4678,277.103,62.7053],"dipPosition":[13.875,271.634,-19.0468],"direction":[-0.71147,-0.588635,-0.383823],"extended":false,"handId":435,"id":4354,"length":46.3528,"mcpPosition":[37.8037,294.3,15.8059],"pipPosition":[26.645,282.2,-12.1577],"stabilizedTipPosition":[4.26422,264.052,-19.5525],"timeVisible":0.886069,"tipPosition":[4.78857,263.057,-21.9578],"tipVelocity":[-50.1786,280.209,-99.2612],"tool":false,"touchDistance":0.242309,"touchZone":"hovering","type":4,"width":14.7356}],"r":[[0.998915,-0.0335075,-0.0323314],[0.0459665,0.820396,0.569946],[0.00742708,-0.570814,0.821046]],"s":0.728749,"t":[2.90704,192.228,-32.9853],"timestamp":89170195099},false],[1,{"currentFrameRate":55.2465,"devices":[],"gestures":[{"direction":[-0.0722549,0.983797,-0.16408],"duration":162718,"handIds":[435],"id":1,"pointableIds":[4351],"position":[-28.2263,326.584,-59.1974],"speed":333.104,"startPosition":[-23.2327,117.623,-26.6078],"state":"update","type":"swipe"}],"hands":[{"armBasis":[[0.912567,-0.362073,-0.190064],[0.396535,0.897075,0.194976],[0.0999065,-0.253296,0.962216]],"armWidth":58.5042,"confidence":0.760775,"direction":[0.142889,0.530866,-0.835322],"elbow":[28.7977,220.417,305.769],"grabStrength":0,"id":435,"palmNormal":[-0.369919,-0.754173,-0.542571],"palmPosition":[3.2232,309.243,24.2898],"palmVelocity":[-47.8199,307.915,-117.788],"palmWidth":83.542,"pinchStrength":0.995144,"r":[[0.998843,-0.0302278,-0.0373996],[0.046307,0.814312,0.578577],[0.0129658,-0.579639,0.81477]],"s":0.731924,"sphereCenter":[-17.0732,284.282,-12.9956],"sphereRadius":43.7327,"stabilizedPalmPosition":[3.28104,308.893,24.425],"t":[2.03635,197.767,-35.1145],"timeVisible":0.903911,"type":"right","wrist":[4.03098,283.209,67.2369]}],"id":1438075,"interactionBox":{"center":[0,200,0],"size":[235.247,235.247,147.751]},"pointables":[{"bases":[[[0.728153,0.622603,0.286634],[-0.629141,0.441174,0.639959],[0.271985,-0.646321,0.712947]],[[0.575135,0.818058,0.00146009],[-0.773665,0.543343,0.325914],[0.265823,-0.188574,0.945398]],[[0.575135,0.818058,0.00146009],[-0.807264,0.567834,-0.160901],[-0.132455,0.091361,0.986969]],[[0.575135,0.818058,0.00146009],[-0.697383,0.491226,-0.521876],[-0.427642,0.299131,0.85302]]],"btipPosition":[-22.9621,283.535,-25.7549],"carpPosition":[-24.1146,284.18,66.8006],"dipPosition":[-32.1512,289.963,-7.42527],"direction":[0.132455,-0.091361,-0.986969],"extended":false,"handId":435,"id":4350,"length":47.8504,"mcpPosition":[-24.1146,284.18,66.8006],"pipPosition":[-36.2977,292.823,23.4715],"stabilizedTipPosition":[-25.0261,284.729,-21.4416],"timeVisible":0.903911,"tipPosition":[-27.6694,283.359,-23.5057],"tipVelocity":[-52.1032,335.623,-111.854],"tool":false,"touchDistance":0.241393,"touchZone":"hovering","type":0,"width":18.5924},{"bases":[[[0.928969,-0.291908,-0.227609],[0.363857,0.833087,0.416623],[0.0680021,-0.469847,0.880125]],[[0.927333,-0.281959,-0.246075],[0.308266,0.948333,0.0750754],[0.212193,-0.145476,0.966339]],[[0.927333,-0.281959,-0.246075],[0.28142,0.958827,-0.0381191],[0.246691,-0.0339012,0.968501]],[[0.927333,-0.281959,-0.246075],[0.260121,0.958358,-0.117847],[0.269056,0.0452743,0.96206]]],"btipPosition":[-31.9304,337.59,-66.4746],"carpPosition":[-9.27164,300.073,67.6784],"dipPosition":[-27.7097,338.3,-51.3827],"direction":[-0.246691,0.0339012,-0.968501],"extended":true,"handId":435,"id":4351,"length":53.9938,"mcpPosition":[-13.865,331.81,8.22813],"pipPosition":[-22.2351,337.548,-29.8898],"stabilizedTipPosition":[-30.9339,337.653,-62.974],"timeVisible":0.903911,"tipPosition":[-32.143,338.474,-66.4302],"tipVelocity":[-81.9654,348.157,-100.361],"tool":false,"touchDistance":0.263608,"touchZone":"hovering","type":1,"width":17.7595},{"bases":[[[0.853884,-0.490418,-0.174275],[0.517077,0.761225,0.391367],[-0.059271,-0.424295,0.903582]],[[0.851535,-0.503817,-0.145108],[0.385387,0.789124,-0.47829],[0.355479,0.351357,0.866131]],[[0.851535,-0.503817,-0.145108],[0.0904918,0.413844,-0.905839],[0.51643,0.758223,0.397994]],[[0.851535,-0.503817,-0.145108],[-0.100858,0.114188,-0.988326],[0.514506,0.85623,0.0464215]]],"btipPosition":[-32.6458,275.425,-42.0955],"carpPosition":[1.64965,298.364,65.308],"dipPosition":[-23.7687,290.198,-41.2946],"direction":[-0.51643,-0.758223,-0.397994],"extended":false,"handId":435,"id":4352,"length":61.5216,"mcpPosition":[5.44638,325.543,7.42716],"pipPosition":[-10.2853,309.994,-30.9034],"stabilizedTipPosition":[-30.5364,278.499,-41.7939],"timeVisible":0.903911,"tipPosition":[-31.9309,277.795,-44.4883],"tipVelocity":[-62.4815,307.662,-105.902],"tool":false,"touchDistance":0.239752,"touchZone":"hovering","type":2,"width":17.4422},{"bases":[[[0.79443,-0.603491,-0.0684094],[0.574609,0.710328,0.40652],[-0.196738,-0.362261,0.911077]],[[0.796333,-0.599887,-0.0773962],[0.490699,0.715538,-0.497212],[0.353651,0.357968,0.86417]],[[0.796333,-0.599887,-0.0773962],[0.172612,0.348022,-0.921458],[0.579706,0.720428,0.380689]],[[0.796333,-0.599887,-0.0773962],[-0.045411,0.0683014,-0.996631],[0.603152,0.797164,0.0271492]]],"btipPosition":[-16.5782,267.96,-35.0022],"carpPosition":[11.7059,293.809,62.9949],"dipPosition":[-6.23132,281.635,-34.5365],"direction":[-0.579706,-0.720428,-0.380689],"extended":false,"handId":435,"id":4353,"length":59.1547,"mcpPosition":[23.0208,314.643,10.5964],"pipPosition":[8.51319,299.958,-24.8539],"stabilizedTipPosition":[-14.1244,270.735,-34.7592],"timeVisible":0.903911,"tipPosition":[-14.602,269.969,-37.4869],"tipVelocity":[-58.9164,314.815,-116.164],"tool":false,"touchDistance":0.229935,"touchZone":"hovering","type":3,"width":16.5973},{"bases":[[[0.660385,-0.750378,-0.0287246],[0.671523,0.573002,0.469815],[-0.33608,-0.329548,0.882297]],[[0.605822,-0.789646,0.0971559],[0.708835,0.480259,-0.516627],[0.361292,0.381851,0.850681]],[[0.605822,-0.789646,0.0971559],[0.34005,0.146598,-0.928911],[0.719267,0.595792,0.357332]],[[0.605822,-0.789646,0.0971559],[0.0740087,-0.0656536,-0.995094],[0.79215,0.61004,0.0186663]]],"btipPosition":[-0.413091,268.07,-21.2031],"carpPosition":[18.8767,283.275,60.0989],"dipPosition":[12.1234,277.724,-20.9077],"direction":[-0.719267,-0.595792,-0.357332],"extended":false,"handId":435,"id":4354,"length":46.3762,"mcpPosition":[36.7692,300.82,13.1264],"pipPosition":[25.0399,288.423,-14.4908],"stabilizedTipPosition":[2.55993,269.979,-21.0561],"timeVisible":0.903911,"tipPosition":[3.18037,269.23,-23.7127],"tipVelocity":[-72.4638,307.816,-92.4856],"tool":false,"touchDistance":0.240604,"touchZone":"hovering","type":4,"width":14.7431}],"r":[[0.998843,-0.0302278,-0.0373996],[0.046307,0.814312,0.578577],[0.0129658,-0.579639,0.81477]],"s":0.731924,"t":[2.03635,197.767,-35.1145],"timestamp":89170212941},false],[2,{"currentFrameRate":55.2243,"devices":[],"gestures":[{"direction":[-0.0722549,0.983797,-0.16408],"duration":162718,"handIds":[435],"id":1,"pointableIds":[4351],"position":[-28.2263,326.584,-59.1974],"speed":333.104,"startPosition":[-23.2327,117.623,-26.6078],"state":"stop","type":"swipe"}],"hands":[{"armBasis":[[0.91301,-0.361653,-0.188735],[0.396195,0.896328,0.199064],[0.0971766,-0.256523,0.961641]],"armWidth":58.5042,"confidence":0.720524,"direction":[0.131733,0.543157,-0.829233],"elbow":[27.7526,224.354,303.571],"grabStrength":0,"id":435,"palmNormal":[-0.374073,-0.747437,-0.549006],"palmPosition":[2.28526,314.588,22.623],"palmVelocity":[-49.6131,301.236,-105.319],"palmWidth":83.542,"pinchStrength":0.987989,"r":[[0.998678,-0.0268639,-0.0438146],[0.0475086,0.80773,0.587635],[0.0196042,-0.58894,0.807939]],"s":0.736195,"sphereCenter":[-18.1095,290.102,-14.8265],"sphereRadius":43.6726,"stabilizedPalmPosition":[2.33931,314.279,22.7208],"t":[1.13204,203.209,-37.0126],"timeVisible":0.922096,"type":"right","wrist":[3.66255,287.946,65.1809]}],"id":1438076,"interactionBox":{"center":[0,200,0],"size":[235.247,235.247,147.751]},"pointables":[{"bases":[[[0.729685,0.620592,0.287097],[-0.622917,0.430135,0.65342],[0.282017,-0.655628,0.700441]],[[0.577307,0.816425,0.0129187],[-0.76682,0.536659,0.352115],[0.280543,-0.213185,0.935868]],[[0.577307,0.816425,0.0129187],[-0.807545,0.573226,-0.138861],[-0.120775,0.0697331,0.990228]],[[0.577307,0.816425,0.0129187],[-0.700886,0.503601,-0.505119],[-0.418897,0.282554,0.862953]]],"btipPosition":[-24.5644,290.356,-27.3509],"carpPosition":[-24.4888,288.84,65.0833],"dipPosition":[-33.5656,296.428,-8.80784],"direction":[0.120775,-0.0697331,-0.990228],"extended":false,"handId":435,"id":4350,"length":47.8504,"mcpPosition":[-24.4888,288.84,65.0833],"pipPosition":[-37.3465,298.611,22.191],"stabilizedTipPosition":[-26.5744,291.489,-23.0244],"timeVisible":0.922096,"tipPosition":[-28.9839,289.948,-25.0551],"tipVelocity":[-68.1543,352.314,-99.07],"tool":false,"touchDistance":0.244441,"touchZone":"hovering","type":0,"width":18.5924},{"bases":[[[0.927082,-0.285888,-0.242462],[0.366334,0.828123,0.424277],[0.0794923,-0.482162,0.872468]],[[0.925079,-0.275066,-0.261855],[0.307799,0.946926,0.0926901],[0.222461,-0.166344,0.960646]],[[0.925079,-0.275066,-0.261855],[0.279689,0.959878,-0.0202241],[0.256912,-0.054529,0.964895]],[[0.925079,-0.275066,-0.261855],[0.257436,0.961095,-0.100117],[0.279206,0.0252048,0.9599]]],"btipPosition":[-33.9069,344.707,-67.2803],"carpPosition":[-9.68096,304.762,66.0171],"dipPosition":[-29.527,345.103,-52.2223],"direction":[-0.256912,0.054529,-0.964895],"extended":true,"handId":435,"id":4351,"length":53.9938,"mcpPosition":[-15.0505,337.331,7.08401],"pipPosition":[-23.8256,343.893,-30.8094],"stabilizedTipPosition":[-32.8762,344.714,-63.8069],"timeVisible":0.922096,"tipPosition":[-34.1751,345.444,-67.2199],"tipVelocity":[-93.7584,366.883,-73.8132],"tool":false,"touchDistance":0.272654,"touchZone":"hovering","type":1,"width":17.7595},{"bases":[[[0.853172,-0.485359,-0.191111],[0.519451,0.757082,0.39623],[-0.0476271,-0.437325,0.898041]],[[0.85115,-0.499447,-0.161543],[0.377942,0.796653,-0.471704],[0.364285,0.340437,0.866833]],[[0.85115,-0.499447,-0.161543],[0.0786965,0.425681,-0.901445],[0.51899,0.754552,0.401623]],[[0.85115,-0.499447,-0.161543],[-0.113076,0.126069,-0.985556],[0.512599,0.857123,0.0508281]]],"btipPosition":[-34.2481,281.579,-43.7537],"carpPosition":[1.21687,303.12,63.4967],"dipPosition":[-25.4039,296.367,-42.8768],"direction":[-0.51899,-0.754552,-0.401623],"extended":false,"handId":435,"id":4352,"length":61.5216,"mcpPosition":[4.26773,331.134,5.97077],"pipPosition":[-11.8537,316.068,-32.3909],"stabilizedTipPosition":[-32.1374,284.685,-43.4719],"timeVisible":0.922096,"tipPosition":[-33.5692,283.984,-46.1487],"tipVelocity":[-74.9113,322.435,-98.4207],"tool":false,"touchDistance":0.238533,"touchZone":"hovering","type":2,"width":17.4422},{"bases":[[[0.795262,-0.600107,-0.0861963],[0.577296,0.706143,0.409989],[-0.18517,-0.37581,0.908008]],[[0.796887,-0.596719,-0.0943197],[0.480478,0.720654,-0.499799],[0.366211,0.352965,0.860991]],[[0.796887,-0.596719,-0.0943197],[0.153138,0.350549,-0.92394],[0.584396,0.721832,0.370728]],[[0.796887,-0.596719,-0.0943197],[-0.0664913,0.0685457,-0.99543],[0.600458,0.799517,0.0149466]]],"btipPosition":[-18.2794,273.687,-36.2247],"carpPosition":[11.2583,298.628,61.0028],"dipPosition":[-7.97875,287.403,-35.9683],"direction":[-0.584396,-0.721832,-0.370728],"extended":false,"handId":435,"id":4353,"length":59.1547,"mcpPosition":[21.9079,320.241,8.78085],"pipPosition":[6.88506,305.762,-26.539],"stabilizedTipPosition":[-15.8212,276.537,-36.0956],"timeVisible":0.922096,"tipPosition":[-16.3034,275.843,-38.9693],"tipVelocity":[-75.7236,315.124,-94.0722],"tool":false,"touchDistance":0.234936,"touchZone":"hovering","type":3,"width":16.5973},{"bases":[[[0.662094,-0.74794,-0.0470742],[0.675318,0.568214,0.47019],[-0.324926,-0.343101,0.881309]],[[0.608497,-0.7895,0.0801297],[0.694689,0.481154,-0.534694],[0.383587,0.381025,0.841238]],[[0.608497,-0.7895,0.0801297],[0.312175,0.145318,-0.938845],[0.729574,0.596299,0.334888]],[[0.608497,-0.7895,0.0801297],[0.0452153,-0.0663176,-0.996774],[0.792267,0.610157,-0.0046566]]],"btipPosition":[-2.36987,273.69,-22.2968],"carpPosition":[18.4244,288.158,57.8739],"dipPosition":[10.1685,283.346,-22.3705],"direction":[-0.729574,-0.596299,-0.334888],"extended":false,"handId":435,"id":4354,"length":46.3762,"mcpPosition":[35.7231,306.424,10.954],"pipPosition":[23.27,294.054,-16.3567],"stabilizedTipPosition":[0.596694,275.671,-22.2629],"timeVisible":0.922096,"tipPosition":[1.28353,274.95,-25.095],"tipVelocity":[-89.2227,308.415,-79.2784],"tool":false,"touchDistance":0.244685,"touchZone":"hovering","type":4,"width":14.7431}],"r":[[0.998678,-0.0268639,-0.0438146],[0.0475086,0.80773,0.587635],[0.0196042,-0.58894,0.807939]],"s":0.736195,"t":[1.13204,203.209,-37.0126],"timestamp":89170231126},false],[3,{"currentFrameRate":55.2633,"devices":[],"gestures":[],"hands":[{"armBasis":[[0.915629,-0.352672,-0.192992],[0.389671,0.896633,0.210251],[0.0988933,-0.267716,0.958409]],"armWidth":58.5337,"confidence":0.723783,"direction":[0.127344,0.549677,-0.825614],"elbow":[27.6179,225.913,300.331],"grabStrength":0,"id":435,"palmNormal":[-0.368699,-0.74651,-0.55388],"palmPosition":[1.49609,319.243,20.223],"palmVelocity":[-46.9298,281.339,-118.711],"palmWidth":83.5842,"pinchStrength":0.984365,"r":[[0.998543,-0.0225634,-0.0490197],[0.0473678,0.801665,0.595895],[0.0258519,-0.597348,0.801565]],"s":0.741856,"sphereCenter":[-18.7084,295.025,-17.3642],"sphereRadius":43.6013,"stabilizedPalmPosition":[1.55379,318.903,20.3939],"t":[0.2853,208.257,-39.1616],"timeVisible":0.940056,"type":"right","wrist":[3.08998,292.313,62.622]}],"id":1438077,"interactionBox":{"center":[0,200,0],"size":[235.247,235.247,147.751]},"pointables":[{"bases":[[[0.725144,0.624086,0.291003],[-0.625853,0.421076,0.656508],[0.287183,-0.658188,0.695927]],[[0.575042,0.817781,0.0236758],[-0.766759,0.528621,0.364199],[0.28532,-0.227583,0.93102]],[[0.575042,0.817781,0.0236758],[-0.80902,0.57271,-0.132246],[-0.121708,0.056893,0.990934]],[[0.575042,0.817781,0.0236758],[-0.703432,0.508997,-0.49609],[-0.417744,0.268618,0.867948]]],"btipPosition":[-25.3718,295.877,-29.8479],"carpPosition":[-25.0814,292.998,62.5401],"dipPosition":[-34.3527,301.652,-11.1881],"direction":[0.121708,-0.056893,-0.990934],"extended":false,"handId":435,"id":4350,"length":47.8745,"mcpPosition":[-25.0814,292.998,62.5401],"pipPosition":[-38.1647,303.434,19.8484],"stabilizedTipPosition":[-27.3986,296.948,-25.4423],"timeVisible":0.940056,"tipPosition":[-29.5378,295.299,-27.5101],"tipVelocity":[-57.0571,329.266,-117.265],"tool":false,"touchDistance":0.230965,"touchZone":"hovering","type":0,"width":18.6018},{"bases":[[[0.929095,-0.277321,-0.244696],[0.360308,0.827972,0.429699],[0.0834368,-0.487397,0.869185]],[[0.926846,-0.265646,-0.265309],[0.301904,0.947419,0.106069],[0.223182,-0.178407,0.958311]],[[0.926846,-0.265646,-0.265309],[0.273767,0.961773,-0.00660078],[0.25692,-0.0665148,0.964141]],[[0.926846,-0.265646,-0.265309],[0.251488,0.963975,-0.0866352],[0.278765,0.0135756,0.960263]]],"btipPosition":[-34.9116,350.276,-69.4633],"carpPosition":[-10.3852,309.032,63.5762],"dipPosition":[-30.5364,350.489,-54.392],"direction":[-0.25692,0.0665148,-0.964141],"extended":true,"handId":435,"id":4351,"length":54.0211,"mcpPosition":[-16.024,341.971,4.83528],"pipPosition":[-24.832,349.012,-32.9851],"stabilizedTipPosition":[-33.8893,350.237,-65.9627],"timeVisible":0.940056,"tipPosition":[-35.2038,350.872,-69.3551],"tipVelocity":[-75.8996,338.888,-96.3132],"tool":false,"touchDistance":0.258989,"touchZone":"hovering","type":1,"width":17.7685},{"bases":[[[0.856697,-0.477679,-0.19466],[0.513939,0.758266,0.401123],[-0.0440037,-0.443684,0.895102]],[[0.854748,-0.492241,-0.164636],[0.371195,0.801417,-0.468983],[0.362795,0.33975,0.867727]],[[0.854748,-0.492241,-0.164636],[0.073436,0.428688,-0.900463],[0.513822,0.757579,0.402569]],[[0.854748,-0.492241,-0.164636],[-0.116349,0.127413,-0.985002],[0.505835,0.861083,0.0516344]]],"btipPosition":[-34.8683,286.226,-46.1546],"carpPosition":[0.529098,307.487,61.0398],"dipPosition":[-26.1363,301.09,-45.2633],"direction":[-0.513822,-0.757578,-0.402569],"extended":false,"handId":435,"id":4352,"length":61.5527,"mcpPosition":[3.34927,335.923,3.67319],"pipPosition":[-12.7143,320.88,-34.7474],"stabilizedTipPosition":[-32.8192,289.365,-45.8098],"timeVisible":0.940056,"tipPosition":[-34.1775,288.715,-48.5925],"tipVelocity":[-56.4907,292.761,-115.011],"tool":false,"touchDistance":0.222168,"touchZone":"hovering","type":2,"width":17.451},{"bases":[[[0.799687,-0.593558,-0.0904979],[0.572169,0.70767,0.41452],[-0.181999,-0.383266,0.905529]],[[0.801088,-0.590537,-0.0975886],[0.467143,0.718788,-0.514899],[0.374213,0.366892,0.851678]],[[0.801088,-0.590537,-0.0975886],[0.133498,0.335217,-0.932635],[0.583469,0.734095,0.347374]],[[0.801088,-0.590537,-0.0975886],[-0.0844147,0.0499451,-0.995178],[0.592564,0.805464,-0.00983962]]],"btipPosition":[-19.2965,277.575,-37.221],"carpPosition":[10.6079,303.085,58.511],"dipPosition":[-9.12616,291.399,-37.3898],"direction":[-0.583469,-0.734095,-0.347374],"extended":false,"handId":435,"id":4353,"length":59.1845,"mcpPosition":[21.0804,325.138,6.40536],"pipPosition":[5.72153,310.08,-28.5501],"stabilizedTipPosition":[-16.9031,280.553,-37.2043],"timeVisible":0.940056,"tipPosition":[-17.2182,280.033,-40.4085],"tipVelocity":[-67.4825,269.115,-78.3894],"tool":false,"touchDistance":0.236079,"touchZone":"hovering","type":3,"width":16.6057},{"bases":[[[0.667643,-0.742641,-0.0523227],[0.671242,0.570076,0.47376],[-0.322005,-0.351423,0.879098]],[[0.613941,-0.785723,0.0756056],[0.689403,0.487088,-0.536161],[0.384448,0.381294,0.840723]],[[0.613941,-0.785723,0.0756056],[0.305129,0.147895,-0.940757],[0.727992,0.600638,0.330546]],[[0.613941,-0.785723,0.0756056],[0.0385103,-0.065853,-0.997086],[0.788412,0.615063,-0.0101714]]],"btipPosition":[-3.04448,278.488,-24.6036],"carpPosition":[17.8544,292.685,55.3078],"dipPosition":[9.43914,288.227,-24.7646],"direction":[-0.727992,-0.600638,-0.330546],"extended":false,"handId":435,"id":4354,"length":46.3996,"mcpPosition":[35.0062,311.404,8.48201],"pipPosition":[22.5189,299.019,-18.8257],"stabilizedTipPosition":[-0.136969,280.49,-24.5286],"timeVisible":0.940056,"tipPosition":[0.5771,279.795,-27.4183],"tipVelocity":[-65.1175,289.406,-103.061],"tool":false,"touchDistance":0.228607,"touchZone":"hovering","type":4,"width":14.7505}],"r":[[0.998543,-0.0225634,-0.0490197],[0.0473678,0.801665,0.595895],[0.0258519,-0.597348,0.801565]],"s":0.741856,"t":[0.2853,208.257,-39.1616],"timestamp":89170249086},false],[4,{"currentFrameRate":55.2869,"devices":[],"gestures":[],"hands":[{"armBasis":[[0.909571,-0.362075,-0.203918],[0.404037,0.885274,0.230313],[0.0971326,-0.291877,0.951511]],"armWidth":58.5337,"confidence":0.593998,"direction":[0.132677,0.552021,-0.823207],"elbow":[26.2871,223.877,295.709],"grabStrength":0,"id":435,"palmNormal":[-0.381776,-0.738003,-0.556417],"palmPosition":[0.857377,323.441,17.4583],"palmVelocity":[-41.5003,258.513,-135.218],"palmWidth":83.5842,"pinchStrength":0.983204,"r":[[0.998304,-0.0220166,-0.0538838],[0.050115,0.795978,0.603247],[0.0296089,-0.604924,0.795732]],"s":0.748705,"sphereCenter":[-20.0707,300.211,-20.0338],"sphereRadius":43.4326,"stabilizedPalmPosition":[0.923918,323.008,17.7388],"t":[-0.457427,212.88,-41.6184],"timeVisible":0.958062,"type":"right","wrist":[2.19588,296.269,59.7113]}],"id":1438078,"interactionBox":{"center":[0,200,0],"size":[235.247,235.247,147.751]},"pointables":[{"bases":[[[0.735426,0.611635,0.291636],[-0.617175,0.426955,0.660912],[0.279721,-0.666043,0.691479]],[[0.589022,0.807621,0.0283122],[-0.755868,0.538207,0.372823],[0.285862,-0.241001,0.927471]],[[0.589022,0.807621,0.0283122],[-0.799208,0.587359,-0.127576],[-0.119663,0.0525179,0.991425]],[[0.589022,0.807621,0.0283122],[-0.695385,0.524391,-0.491379],[-0.411695,0.269745,0.870485]]],"btipPosition":[-26.4715,300.983,-32.5615],"carpPosition":[-25.9622,297.376,59.7337],"dipPosition":[-35.3224,306.782,-13.8472],"direction":[0.119663,-0.0525178,-0.991425],"extended":false,"handId":435,"id":4350,"length":47.8745,"mcpPosition":[-25.9622,297.376,59.7337],"pipPosition":[-39.0703,308.427,17.2048],"stabilizedTipPosition":[-28.4416,301.999,-28.0906],"timeVisible":0.958062,"tipPosition":[-30.5846,300.447,-30.2218],"tipVelocity":[-58.1749,307.765,-132.782],"tool":false,"touchDistance":0.213019,"touchZone":"hovering","type":0,"width":18.6018},{"bases":[[[0.923974,-0.289909,-0.249448],[0.374172,0.820229,0.432689],[0.079164,-0.493131,0.866346]],[[0.921637,-0.277155,-0.271606],[0.317629,0.940881,0.117706],[0.222927,-0.194752,0.955183]],[[0.921637,-0.277155,-0.271606],[0.289565,0.95714,0.005884],[0.258334,-0.0840706,0.96239]],[[0.921637,-0.277155,-0.271606],[0.267165,0.960815,-0.0738759],[0.281438,-0.00447679,0.959569]]],"btipPosition":[-35.3249,356.132,-71.8742],"carpPosition":[-11.0239,313.183,60.8002],"dipPosition":[-30.9077,356.062,-56.8138],"direction":[-0.258334,0.0840706,-0.96239],"extended":true,"handId":435,"id":4351,"length":54.0211,"mcpPosition":[-16.3739,346.509,2.25115],"pipPosition":[-25.1719,354.195,-35.4458],"stabilizedTipPosition":[-34.2993,355.981,-68.3542],"timeVisible":0.958062,"tipPosition":[-35.6407,356.603,-71.7667],"tipVelocity":[-50.5532,330.71,-114.189],"tool":false,"touchDistance":0.243336,"touchZone":"hovering","type":1,"width":17.7685},{"bases":[[[0.848758,-0.48942,-0.200192],[0.526642,0.748382,0.403204],[-0.0475159,-0.447652,0.892945]],[[0.846657,-0.504332,-0.169769],[0.380976,0.797212,-0.468306],[0.371524,0.331817,0.867103]],[[0.846657,-0.504332,-0.169769],[0.0751631,0.429172,-0.90009],[0.526805,0.749307,0.401268]],[[0.846657,-0.504332,-0.169769],[-0.119603,0.13052,-0.984205],[0.518525,0.853589,0.0501865]]],"btipPosition":[-36.2599,291.178,-48.7527],"carpPosition":[-0.142899,311.488,58.2169],"dipPosition":[-27.3089,305.913,-47.8863],"direction":[-0.526805,-0.749307,-0.401268],"extended":false,"handId":435,"id":4352,"length":61.5527,"mcpPosition":[2.90237,340.178,0.988517],"pipPosition":[-13.5477,325.486,-37.4044],"stabilizedTipPosition":[-34.1012,294.19,-48.3549],"timeVisible":0.958062,"tipPosition":[-35.5308,293.702,-51.2519],"tipVelocity":[-65.0185,283.569,-129.037],"tool":false,"touchDistance":0.203616,"touchZone":"hovering","type":2,"width":17.451},{"bases":[[[0.790383,-0.604976,-0.0964277],[0.584153,0.696851,0.41613],[-0.184553,-0.385231,0.904178]],[[0.79158,-0.602428,-0.102374],[0.464825,0.70238,-0.539073],[0.396658,0.379133,0.836014]],[[0.79158,-0.602428,-0.102374],[0.114005,0.310188,-0.943815],[0.600336,0.735434,0.314219]],[[0.79158,-0.602428,-0.102374],[-0.107438,0.0277152,-0.993825],[0.601546,0.797692,-0.0427849]]],"btipPosition":[-21.4022,281.149,-37.9728],"carpPosition":[9.85987,306.948,55.6293],"dipPosition":[-11.0777,294.84,-38.7072],"direction":[-0.600336,-0.735434,-0.314219],"extended":false,"handId":435,"id":4353,"length":59.1845,"mcpPosition":[20.4793,329.115,3.60142],"pipPosition":[4.19927,313.554,-30.7112],"stabilizedTipPosition":[-18.939,284.142,-38.1027],"timeVisible":0.958062,"tipPosition":[-19.1953,283.825,-41.6417],"tipVelocity":[-89.9872,234.835,-64.4532],"tool":false,"touchDistance":0.237399,"touchZone":"hovering","type":3,"width":16.6057},{"bases":[[[0.656255,-0.752264,-0.0585532],[0.68136,0.557482,0.474302],[-0.324158,-0.351159,0.878413]],[[0.60216,-0.795321,0.069764],[0.692322,0.476656,-0.541746],[0.397609,0.374517,0.837642]],[[0.60216,-0.795321,0.069764],[0.296734,0.141827,-0.94437],[0.741183,0.589363,0.321401]],[[0.60216,-0.795321,0.069764],[0.0256086,-0.0680965,-0.99735],[0.797964,0.602351,-0.020638]]],"btipPosition":[-4.66138,282.872,-27.0983],"carpPosition":[16.9385,296.458,52.3464],"dipPosition":[7.97348,292.409,-27.4251],"direction":[-0.741183,-0.589363,-0.321401],"extended":false,"handId":435,"id":4354,"length":46.3996,"mcpPosition":[34.205,315.163,5.55714],"pipPosition":[21.2902,302.998,-21.6505],"stabilizedTipPosition":[-1.65348,284.777,-27.007],"timeVisible":0.958062,"tipPosition":[-1.03249,284.131,-29.9973],"tipVelocity":[-75.8977,266.406,-120.883],"tool":false,"touchDistance":0.208322,"touchZone":"hovering","type":4,"width":14.7505}],"r":[[0.998304,-0.0220166,-0.0538838],[0.050115,0.795978,0.603247],[0.0296089,-0.604924,0.795732]],"s":0.748705,"t":[-0.457427,212.88,-41.6184],"timestamp":89170267092},false],[5,{"currentFrameRate":55.1936,"devices":[],"gestures":[],"hands":[{"armBasis":[[0.906281,-0.361092,-0.219697],[0.40767,0.884016,0.228737],[0.111621,-0.296864,0.948374]],"armWidth":58.5632,"confidence":0.623037,"direction":[0.125175,0.554387,-0.822792],"elbow":[29.5271,225.781,292.744],"grabStrength":0,"id":435,"palmNormal":[-0.388491,-0.735703,-0.554811],"palmPosition":[0.10281,326.767,15.2321],"palmVelocity":[-41.2196,220.837,-128.229],"palmWidth":83.6263,"pinchStrength":0.980891,"r":[[0.997972,-0.0218026,-0.0598032],[0.0538026,0.790986,0.609464],[0.0340157,-0.611445,0.790555]],"s":0.756209,"sphereCenter":[-21.3173,303.977,-22.0315],"sphereRadius":43.3064,"stabilizedPalmPosition":[0.205899,326.295,15.5468],"t":[-1.20607,216.855,-43.9599],"timeVisible":0.976503,"type":"right","wrist":[1.82857,299.448,57.4063]}],"id":1438079,"interactionBox":{"center":[0,200,0],"size":[235.247,235.247,147.751]},"pointables":[{"bases":[[[0.739256,0.609641,0.286076],[-0.609818,0.425801,0.668443],[0.285699,-0.668604,0.686546]],[[0.592178,0.805347,0.0272314],[-0.74949,0.538064,0.385684],[0.295958,-0.248803,0.922229]],[[0.592178,0.805347,0.0272314],[-0.798032,0.590812,-0.118685],[-0.111671,0.0485513,0.992558]],[[0.592178,0.805347,0.0272314],[-0.69672,0.528697,-0.484831],[-0.404855,0.268134,0.874184]]],"btipPosition":[-27.7107,304.722,-34.4992],"carpPosition":[-26.3404,300.596,57.7171],"dipPosition":[-36.4189,310.49,-15.6959],"direction":[0.111671,-0.0485513,-0.992558],"extended":false,"handId":435,"id":4350,"length":47.8987,"mcpPosition":[-26.3404,300.596,57.7171],"pipPosition":[-39.9183,312.011,15.4072],"stabilizedTipPosition":[-29.622,305.757,-30.0245],"timeVisible":0.976503,"tipPosition":[-31.7534,304.186,-32.1188],"tipVelocity":[-61.6644,256.966,-118.893],"tool":false,"touchDistance":0.201774,"touchZone":"hovering","type":0,"width":18.6112},{"bases":[[[0.920968,-0.290489,-0.259681],[0.37976,0.818326,0.431423],[0.0871799,-0.495943,0.863968]],[[0.918307,-0.277123,-0.282692],[0.321051,0.939135,0.122277],[0.2316,-0.203046,0.951385]],[[0.918307,-0.277123,-0.282692],[0.291828,0.956414,0.0104115],[0.267485,-0.0920584,0.959154]],[[0.918307,-0.277123,-0.282692],[0.268512,0.960759,-0.0695915],[0.290884,-0.0119996,0.956683]]],"btipPosition":[-36.91,360.17,-73.6314],"carpPosition":[-11.3607,316.386,58.6819],"dipPosition":[-32.3423,359.982,-58.6087],"direction":[-0.267485,0.0920584,-0.959154],"extended":true,"handId":435,"id":4351,"length":54.0483,"mcpPosition":[-17.2555,349.919,0.264151],"pipPosition":[-26.4003,357.937,-37.3018],"stabilizedTipPosition":[-35.812,360.001,-70.1208],"timeVisible":0.976503,"tipPosition":[-37.2216,360.603,-73.4766],"tipVelocity":[-66.7127,276.139,-105.305],"tool":false,"touchDistance":0.233473,"touchZone":"hovering","type":1,"width":17.7774},{"bases":[[[0.845954,-0.490042,-0.210285],[0.531816,0.746347,0.400173],[-0.0391561,-0.450361,0.891988]],[[0.844109,-0.505233,-0.179501],[0.376939,0.797268,-0.471466],[0.38131,0.330308,0.863423]],[[0.844109,-0.505233,-0.179501],[0.0653899,0.429287,-0.900798],[0.53217,0.748634,0.395402]],[[0.844109,-0.505233,-0.179501],[-0.130816,0.130603,-0.982767],[0.519969,0.853043,0.0441505]]],"btipPosition":[-37.7734,294.629,-50.5595],"carpPosition":[-0.503511,314.682,55.982],"dipPosition":[-28.7929,309.362,-49.797],"direction":[-0.53217,-0.748634,-0.395402],"extended":false,"handId":435,"id":4352,"length":61.5837,"mcpPosition":[2.00725,343.56,-1.2138],"pipPosition":[-14.8846,328.928,-39.4631],"stabilizedTipPosition":[-35.5712,297.692,-50.2115],"timeVisible":0.976503,"tipPosition":[-37.0404,297.198,-53.0787],"tipVelocity":[-73.0624,237.093,-114.691],"tool":false,"touchDistance":0.192331,"touchZone":"hovering","type":2,"width":17.4598},{"bases":[[[0.788458,-0.605834,-0.106294],[0.589377,0.694692,0.412357],[-0.175979,-0.387774,0.9048]],[[0.789556,-0.603369,-0.112017],[0.447729,0.691201,-0.567256],[0.419691,0.397727,0.815888]],[[0.789556,-0.603369,-0.112017],[0.0820062,0.284632,-0.955123],[0.608175,0.744937,0.274213]],[[0.789556,-0.603369,-0.112017],[-0.139083,0.00184645,-0.990279],[0.59771,0.79746,-0.0824604]]],"btipPosition":[-23.3801,283.466,-37.8808],"carpPosition":[9.47077,310.134,53.2779],"dipPosition":[-13.1163,297.16,-39.2968],"direction":[-0.608175,-0.744937,-0.274213],"extended":false,"handId":435,"id":4353,"length":59.2144,"mcpPosition":[19.602,332.458,1.18805],"pipPosition":[2.3679,316.126,-32.3153],"stabilizedTipPosition":[-20.9602,286.545,-38.2036],"timeVisible":0.976503,"tipPosition":[-21.1471,286.307,-41.936],"tipVelocity":[-98.6771,182.229,-35.0809],"tool":false,"touchDistance":0.246432,"touchZone":"hovering","type":3,"width":16.6141},{"bases":[[[0.654498,-0.753043,-0.0675212],[0.686958,0.554999,0.469111],[-0.315786,-0.353416,0.880554]],[[0.601132,-0.796718,0.0622992],[0.686594,0.475003,-0.550419],[0.408936,0.373648,0.832561]],[[0.601132,-0.796718,0.0622992],[0.281007,0.137756,-0.949767],[0.748115,0.588442,0.306693]],[[0.601132,-0.796718,0.0622992],[0.00663297,-0.0729799,-0.997311],[0.799122,0.599929,-0.0385859]]],"btipPosition":[-6.06439,286.248,-28.9956],"carpPosition":[16.5036,299.638,49.8894],"dipPosition":[6.59518,295.752,-29.6069],"direction":[-0.748115,-0.588442,-0.306693],"extended":false,"handId":435,"id":4354,"length":46.423,"mcpPosition":[33.3327,318.473,2.96244],"pipPosition":[20.0432,306.33,-24.0938],"stabilizedTipPosition":[-3.03314,288.143,-28.9664],"timeVisible":0.976503,"tipPosition":[-2.48075,287.512,-31.9768],"tipVelocity":[-75.8375,226.051,-113.919],"tool":false,"touchDistance":0.192873,"touchZone":"hovering","type":4,"width":14.7579}],"r":[[0.997972,-0.0218026,-0.0598032],[0.0538026,0.790986,0.609464],[0.0340157,-0.611445,0.790555]],"s":0.756209,"t":[-1.20607,216.855,-43.9599],"timestamp":89170285533},false],[6,{"currentFrameRate":55.3056,"devices":[],"gestures":[],"hands":[{"armBasis":[[0.910927,-0.349317,-0.219523],[0.397082,0.886735,0.236699],[0.111976,-0.302784,0.946458]],"armWidth":58.5632,"confidence":0.641716,"direction":[0.116012,0.56094,-0.819687],"elbow":[29.5863,226.131,290.786],"grabStrength":0,"id":435,"palmNormal":[-0.380532,-0.73719,-0.558342],"palmPosition":[-0.381253,328.818,13.9212],"palmVelocity":[-34.7322,171.737,-102.891],"palmWidth":83.6263,"pinchStrength":0.99922,"r":[[0.997701,-0.0189805,-0.0650581],[0.0550839,0.786344,0.615328],[0.0394788,-0.617497,0.785582]],"s":0.764577,"sphereCenter":[-21.8819,306.641,-23.1545],"sphereRadius":43.0212,"stabilizedPalmPosition":[-0.280859,328.387,14.1992],"t":[-1.82243,219.868,-45.7862],"timeVisible":0.994197,"type":"right","wrist":[1.79955,301.267,55.9227]}],"id":1438080,"interactionBox":{"center":[0,200,0],"size":[235.247,235.247,147.751]},"pointables":[{"bases":[[[0.73218,0.617241,0.287969],[-0.613464,0.413926,0.672553],[0.295929,-0.669088,0.681723]],[[0.582293,0.812382,0.0311499],[-0.754896,0.526072,0.391637],[0.301772,-0.251563,0.919592]],[[0.582293,0.812382,0.0311499],[-0.805409,0.581664,-0.113946],[-0.110687,0.0412616,0.992998]],[[0.582293,0.812382,0.0311499],[-0.703573,0.522759,-0.481361],[-0.407333,0.258377,0.875969]]],"btipPosition":[-27.9954,306.745,-35.8369],"carpPosition":[-26.3808,302.055,56.3106],"dipPosition":[-36.757,312.303,-16.9952],"direction":[0.110687,-0.0412616,-0.992998],"extended":false,"handId":435,"id":4350,"length":47.8987,"mcpPosition":[-26.3808,302.055,56.3106],"pipPosition":[-40.2255,313.596,14.1217],"stabilizedTipPosition":[-29.9695,307.784,-31.3471],"timeVisible":0.994197,"tipPosition":[-32.0293,306.158,-33.4612],"tipVelocity":[-40.6619,188.943,-98.4005],"tool":false,"touchDistance":0.189823,"touchZone":"hovering","type":0,"width":18.6112},{"bases":[[[0.923916,-0.277161,-0.263744],[0.370436,0.820445,0.435485],[0.0956878,-0.500051,0.860693]],[[0.920882,-0.263084,-0.287685],[0.310902,0.940831,0.134825],[0.235192,-0.2136,0.948188]],[[0.920882,-0.263084,-0.287685],[0.28136,0.959318,0.0233552],[0.269837,-0.10245,0.95744]],[[0.920882,-0.263084,-0.287685],[0.257839,0.964523,-0.0566971],[0.292395,-0.0219649,0.956045]]],"btipPosition":[-37.943,362.893,-74.5826],"carpPosition":[-11.6006,318.027,57.3349],"dipPosition":[-33.3515,362.548,-59.57],"direction":[-0.269837,0.10245,-0.95744],"extended":true,"handId":435,"id":4351,"length":54.0483,"mcpPosition":[-18.0706,351.838,-0.861412],"pipPosition":[-27.3573,360.272,-38.3011],"stabilizedTipPosition":[-36.841,362.694,-71.0866],"timeVisible":0.994197,"tipPosition":[-38.2961,363.222,-74.4275],"tipVelocity":[-62.6684,217.985,-81.2427],"tool":false,"touchDistance":0.230518,"touchZone":"hovering","type":1,"width":17.7774},{"bases":[[[0.851571,-0.477949,-0.215385],[0.523313,0.750599,0.403417],[-0.0311449,-0.456252,0.889305]],[[0.850019,-0.493196,-0.185002],[0.356817,0.797473,-0.486537],[0.387493,0.347553,0.853848]],[[0.850019,-0.493196,-0.185002],[0.0431687,0.415255,-0.90868],[0.524981,0.764409,0.374265]],[[0.850019,-0.493196,-0.185002],[-0.148364,0.112832,-0.982475],[0.505427,0.86257,0.0227365]]],"btipPosition":[-38.348,295.462,-50.4254],"carpPosition":[-0.729564,316.479,54.5977],"dipPosition":[-29.6187,310.36,-50.0327],"direction":[-0.524981,-0.764409,-0.374265],"extended":false,"handId":435,"id":4352,"length":61.5837,"mcpPosition":[1.2675,345.734,-2.42616],"pipPosition":[-15.8983,330.338,-40.2513],"stabilizedTipPosition":[-36.2682,298.777,-50.3235],"timeVisible":0.994197,"tipPosition":[-37.542,298.4,-53.4255],"tipVelocity":[-55.5948,149.172,-59.7196],"tool":false,"touchDistance":0.199817,"touchZone":"hovering","type":2,"width":17.4598},{"bases":[[[0.795818,-0.595095,-0.111963],[0.581557,0.699607,0.415141],[-0.168718,-0.39549,0.902841]],[[0.796642,-0.593132,-0.116427],[0.421673,0.683346,-0.596011],[0.433074,0.425714,0.79449]],[[0.796642,-0.593132,-0.116427],[0.0496939,0.256232,-0.965337],[0.602405,0.763243,0.2336]],[[0.796642,-0.593132,-0.116427],[-0.165016,-0.0281124,-0.98589],[0.58149,0.804614,-0.120272]]],"btipPosition":[-24.0983,284.112,-36.6431],"carpPosition":[9.29475,312.074,51.841],"dipPosition":[-14.1129,297.929,-38.7083],"direction":[-0.602405,-0.763243,-0.2336],"extended":false,"handId":435,"id":4353,"length":59.2144,"mcpPosition":[19.008,334.842,-0.136115],"pipPosition":[1.22435,317.361,-32.7609],"stabilizedTipPosition":[-21.7832,287.273,-37.1419],"timeVisible":0.994197,"tipPosition":[-21.8742,287.146,-41.1136],"tipVelocity":[-73.1849,114.783,10.1254],"tool":false,"touchDistance":0.267031,"touchZone":"hovering","type":3,"width":16.6141},{"bases":[[[0.663839,-0.74423,-0.073