{"sensorType":"Leap","data":[[0,{"currentFrameRate":54.3487,"devices":[],"gestures":[],"hands":[{"armBasis":[[-0.998462,-0.0439469,-0.033808],[-0.0532566,0.929794,0.364207],[-0.0154287,-0.365447,0.930704]],"armWidth":62.778,"confidence":0.454987,"direction":[-0.502082,0.327295,-0.800495],"elbow":[23.8778,143.789,333.837],"grabStrength":0,"id":436,"palmNormal":[0.0334452,-0.917579,-0.396144],"palmPosition":[7.90268,256.203,38.6104],"palmVelocity":[35.5527,298.424,-118.99],"palmWidth":89.6448,"pinchStrength":0.337148,"r":[[0.985663,-0.141222,0.0923307],[0.168626,0.805646,-0.567891],[0.00581289,0.575318,0.817909]],"s":1.9496,"sphereCenter":[-4.63396,218.965,4.95857],"sphereRadius":52.0618,"stabilizedPalmPosition":[7.71385,254.968,39.0591],"t":[4.53675,124.935,-39.081],"timeVisible":0.288951,"type":"left","wrist":[27.982,241.001,86.2618]}],"id":1439650,"interactionBox":{"center":[0,200,0],"size":[235.247,235.247,147.751]},"pointables":[{"bases":[[[-0.475628,0.793765,0.379099],[0.876469,0.46424,0.127607],[0.0747034,-0.392962,0.916515]],[[-0.480398,0.860843,0.167831],[0.858776,0.500555,-0.109306],[0.178104,-0.0916188,0.979737]],[[-0.480398,0.860843,0.167831],[0.757917,0.503765,-0.414467],[0.441338,0.0719071,0.894455]],[[-0.480398,0.860843,0.167831],[0.709635,0.493966,-0.502409],[0.515398,0.122258,0.848185]]],"btipPosition":[18.8341,235.744,-25.673],"carpPosition":[54.3022,236.473,72.1134],"dipPosition":[30.7179,238.563,-6.11586],"direction":[-0.441338,-0.0719071,-0.894455],"extended":false,"handId":436,"id":4360,"length":51.3459,"mcpPosition":[54.3022,236.473,72.1134],"pipPosition":[45.5431,240.978,23.9303],"stabilizedTipPosition":[21.6079,235.751,-21.0065],"timeVisible":0.288951,"tipPosition":[24.3662,237.428,-21.6914],"tipVelocity":[-34.8395,322.129,-80.5469],"tool":false,"touchDistance":0.296135,"touchZone":"hovering","type":0,"width":19.9506},{"bases":[[[-0.936205,-0.167512,0.308964],[-0.0849733,0.96091,0.263499],[0.341026,-0.220436,0.913843]],[[-0.900351,-0.187326,0.39278],[-0.0476035,0.939585,0.33899],[0.432552,-0.286512,0.854874]],[[-0.900351,-0.187326,0.39278],[-0.0862602,0.96152,0.260841],[0.426528,-0.200967,0.881865]],[[-0.900351,-0.187326,0.39278],[-0.117641,0.973772,0.194751],[0.41896,-0.129137,0.898775]]],"btipPosition":[-18.7383,290.871,-63.671],"carpPosition":[41.498,255.806,74.8795],"dipPosition":[-11.6859,288.697,-48.5419],"direction":[-0.426528,0.200967,-0.881865],"extended":true,"handId":436,"id":4361,"length":57.9381,"mcpPosition":[16.7798,271.784,8.64242],"pipPosition":[-1.52896,283.911,-27.542],"stabilizedTipPosition":[-17.1789,289.834,-60.0539],"timeVisible":0.288951,"tipPosition":[-17.0039,289.701,-60.2717],"tipVelocity":[43.2812,371.76,-97.2283],"tool":false,"touchDistance":0.269346,"touchZone":"hovering","type":1,"width":19.0568},{"bases":[[[-0.853229,-0.357095,0.38011],[-0.234519,0.913683,0.331939],[0.465834,-0.194077,0.863327]],[[-0.804783,-0.374015,0.46091],[-0.537012,0.789586,-0.296937],[0.25287,0.486484,0.836296]],[[-0.804783,-0.374015,0.46091],[-0.591202,0.574364,-0.566203],[0.0529621,0.728161,0.683357]],[[-0.804783,-0.374015,0.46091],[-0.588931,0.406253,-0.698655],[-0.0740609,0.833709,0.547214]]],"btipPosition":[-14.2182,209.938,-49.8332],"carpPosition":[29.9224,255.536,78.4989],"dipPosition":[-15.5894,225.374,-39.702],"direction":[-0.0529621,-0.728161,-0.683357],"extended":true,"handId":436,"id":4362,"length":66.0158,"mcpPosition":[-2.09739,268.876,19.1568],"pipPosition":[-14.1056,245.774,-20.557],"stabilizedTipPosition":[-15.5431,213.058,-47.5172],"timeVisible":0.288951,"tipPosition":[-17.0449,216.399,-48.551],"tipVelocity":[306.725,114.589,-36.1832],"tool":false,"touchDistance":0.289081,"touchZone":"hovering","type":2,"width":18.7163},{"bases":[[[-0.755255,-0.449617,0.476901],[-0.27991,0.879183,0.3856],[0.592655,-0.157737,0.78986]],[[-0.731256,-0.455497,0.507728],[-0.676742,0.577621,-0.456479],[0.0853495,0.677404,0.730643]],[[-0.731256,-0.455497,0.507728],[-0.187292,-0.581663,-0.791574],[-0.655886,0.673937,-0.340034]],[[-0.731256,-0.455497,0.507728],[0.314663,-0.885689,-0.341383],[-0.605188,0.0898759,-0.790993]]],"btipPosition":[7.77033,212.07,25.6068],"carpPosition":[19.0615,252.202,82.6736],"dipPosition":[-3.36983,213.725,11.0464],"direction":[0.655886,-0.673937,0.340034],"extended":false,"handId":436,"id":4363,"length":63.476,"mcpPosition":[-17.5136,261.937,33.9283],"pipPosition":[-21.2706,232.118,1.76605],"stabilizedTipPosition":[4.57473,209.088,24.0454],"timeVisible":0.288951,"tipPosition":[5.93814,212.873,23.659],"tipVelocity":[58.6077,310.623,-173.321],"tool":false,"touchDistance":0.333333,"touchZone":"none","type":3,"width":17.8098},{"bases":[[[-0.624885,-0.603896,0.494801],[-0.340505,0.781136,0.523339],[0.702549,-0.158544,0.69375]],[[-0.691705,-0.585119,0.423298],[-0.722057,0.549477,-0.420368],[-0.0133727,0.596415,0.802564]],[[-0.691705,-0.585119,0.423298],[-0.0874136,-0.513994,-0.853328],[-0.716871,0.627253,-0.304385]],[[-0.691705,-0.585119,0.423298],[0.416998,-0.802152,-0.427393],[-0.589625,0.119116,-0.798845]]],"btipPosition":[-5.4951,216.219,38.7076],"carpPosition":[10.3474,242.049,86.8673],"dipPosition":[-15.5081,218.242,25.1417],"direction":[0.716871,-0.627253,0.304385],"extended":false,"handId":436,"id":4364,"length":49.764,"mcpPosition":[-29.7878,251.106,47.2348],"pipPosition":[-29.3219,230.329,19.2763],"stabilizedTipPosition":[-8.56523,212.161,38.4658],"timeVisible":0.288951,"tipPosition":[-7.17813,217.282,37.2255],"tipVelocity":[45.2763,283.457,-184.528],"tool":false,"touchDistance":0.333333,"touchZone":"none","type":4,"width":15.82}],"r":[[0.985663,-0.141222,0.0923307],[0.168626,0.805646,-0.567891],[0.00581289,0.575318,0.817909]],"s":1.9496,"t":[4.53675,124.935,-39.081],"timestamp":89198900986},false],[1,{"currentFrameRate":54.4442,"devices":[],"gestures":[],"hands":[{"armBasis":[[-0.997769,-0.0521794,-0.0416412],[-0.063755,0.929776,0.362563],[-0.0197987,-0.36441,0.931028]],"armWidth":62.778,"confidence":0.495172,"direction":[-0.501556,0.331225,-0.799207],"elbow":[23.2019,148.217,332.173],"grabStrength":0,"id":436,"palmNormal":[0.0386362,-0.914307,-0.403175],"palmPosition":[8.44003,260.634,36.9286],"palmVelocity":[32.8238,273.419,-106.788],"palmWidth":89.6448,"pinchStrength":0.376301,"r":[[0.98621,-0.135729,0.0946922],[0.165496,0.807545,-0.566111],[0.000369451,0.573976,0.818872]],"s":1.93455,"sphereCenter":[-3.44991,223.9,2.93842],"sphereRadius":51.6704,"stabilizedPalmPosition":[8.31323,259.645,37.3006],"t":[5.13183,129.814,-40.9676],"timeVisible":0.306983,"type":"left","wrist":[28.4685,245.153,84.5115]}],"id":1439651,"interactionBox":{"center":[0,200,0],"size":[235.247,235.247,147.751]},"pointables":[{"bases":[[[-0.480204,0.788618,0.384039],[0.874014,0.467217,0.133447],[0.0741908,-0.399738,0.913622]],[[-0.484832,0.856764,0.175765],[0.857161,0.505407,-0.0991929],[0.173818,-0.102567,0.979422]],[[-0.484832,0.856764,0.175765],[0.749191,0.510529,-0.421986],[0.451276,0.0729107,0.889401]],[[-0.484832,0.856764,0.175765],[0.69702,0.499897,-0.514068],[0.528299,0.126725,0.839548]]],"btipPosition":[18.9561,240.528,-27.0063],"carpPosition":[54.8448,240.855,70.3956],"dipPosition":[31.1374,243.45,-7.64833],"direction":[-0.451276,-0.0729107,-0.889401],"extended":false,"handId":436,"id":4360,"length":51.3459,"mcpPosition":[54.8448,240.855,70.3956],"pipPosition":[46.2965,245.899,22.228],"stabilizedTipPosition":[21.7443,240.709,-22.4146],"timeVisible":0.306983,"tipPosition":[24.3895,242.166,-23.1185],"tipVelocity":[-13.3022,295.788,-78.6186],"tool":false,"touchDistance":0.284312,"touchZone":"hovering","type":0,"width":19.9506},{"bases":[[[-0.936205,-0.17417,0.305262],[-0.0900276,0.958434,0.27074],[0.339728,-0.225986,0.912971]],[[-0.89999,-0.194708,0.390009],[-0.0519384,0.936223,0.347547],[0.432805,-0.292532,0.852704]],[[-0.89999,-0.194708,0.390009],[-0.091959,0.959369,0.26675],[0.4261,-0.204207,0.881327]],[[-0.89999,-0.194708,0.390009],[-0.124409,0.972217,0.198282],[0.41778,-0.129931,0.89921]]],"btipPosition":[-18.1775,295.92,-65.1108],"carpPosition":[41.9454,260.108,73.2792],"dipPosition":[-11.145,293.732,-49.9744],"direction":[-0.4261,0.204207,-0.881327],"extended":true,"handId":436,"id":4361,"length":57.9381,"mcpPosition":[17.3212,276.488,7.10535],"pipPosition":[-0.998205,288.87,-28.9873],"stabilizedTipPosition":[-16.6047,295.013,-61.5156],"timeVisible":0.306983,"tipPosition":[-16.4199,294.792,-61.7242],"tipVelocity":[37.3832,328.151,-88.9378],"tool":false,"touchDistance":0.264559,"touchZone":"hovering","type":1,"width":19.0568},{"bases":[[[-0.852542,-0.363921,0.375144],[-0.239528,0.909996,0.338428],[0.464541,-0.198667,0.862979]],[[-0.806509,-0.380558,0.452459],[-0.544013,0.777343,-0.31589],[0.231501,0.500912,0.833963]],[[-0.806509,-0.380558,0.452459],[-0.590875,0.54504,-0.594809],[0.0202492,0.747065,0.664442]],[[-0.806509,-0.380558,0.452459],[-0.580793,0.366866,-0.726697],[-0.110558,0.848873,0.516906]]],"btipPosition":[-11.0827,212.979,-50.2396],"carpPosition":[30.3621,259.756,76.8668],"dipPosition":[-13.1296,228.695,-40.6695],"direction":[-0.0202492,-0.747065,-0.664442],"extended":false,"handId":436,"id":4362,"length":66.0158,"mcpPosition":[-1.56884,273.412,17.5486],"pipPosition":[-12.5623,249.625,-22.0545],"stabilizedTipPosition":[-11.989,216.208,-47.9816],"timeVisible":0.306983,"tipPosition":[-13.9009,219.194,-49.1612],"tipVelocity":[239.621,141.916,-33.1054],"tool":false,"touchDistance":0.289543,"touchZone":"hovering","type":2,"width":18.7163},{"bases":[[[-0.75439,-0.456747,0.471463],[-0.284895,0.874873,0.391703],[0.59138,-0.16118,0.790121]],[[-0.730702,-0.462697,0.501982],[-0.677404,0.582771,-0.44889],[0.0848402,0.668049,0.739265]],[[-0.730702,-0.462697,0.501982],[-0.186193,-0.572352,-0.79859],[-0.656815,0.676996,-0.332068]],[[-0.730702,-0.462697,0.501982],[0.317947,-0.881324,-0.349539],[-0.604139,0.0958056,-0.791099]]],"btipPosition":[8.32209,216.641,23.3099],"carpPosition":[19.5061,256.341,80.9877],"dipPosition":[-2.79877,218.404,8.74749],"direction":[0.656815,-0.676996,0.332068],"extended":false,"handId":436,"id":4363,"length":63.476,"mcpPosition":[-16.9903,266.288,32.2263],"pipPosition":[-20.7249,236.881,-0.31547],"stabilizedTipPosition":[5.35263,214.292,21.3742],"timeVisible":0.306983,"tipPosition":[6.50695,217.41,21.3442],"tipVelocity":[45.4381,284.166,-151.541],"tool":false,"touchDistance":0.333333,"touchZone":"none","type":3,"width":17.8098},{"bases":[[[-0.623362,-0.610566,0.488497],[-0.345389,0.775482,0.528521],[0.701517,-0.160738,0.694288]],[[-0.691942,-0.590889,0.414809],[-0.721844,0.55624,-0.41175],[-0.0125655,0.584335,0.811415]],[[-0.691942,-0.590889,0.414809],[-0.0888984,-0.500457,-0.861185],[-0.716459,0.632766,-0.293758]],[[-0.691942,-0.590889,0.414809],[0.417208,-0.796185,-0.43821],[-0.589198,0.130154,-0.797437]]],"btipPosition":[-4.99896,220.539,36.3527],"carpPosition":[10.8279,246.116,85.0801],"dipPosition":[-15.0047,222.749,22.8106],"direction":[0.716459,-0.632766,0.293758],"extended":false,"handId":436,"id":4364,"length":49.764,"mcpPosition":[-29.2484,255.298,45.4168],"pipPosition":[-28.8106,234.942,17.15],"stabilizedTipPosition":[-7.85835,217.126,35.5444],"timeVisible":0.306983,"tipPosition":[-6.6628,221.594,34.8432],"tipVelocity":[36.8946,263.759,-158.801],"tool":false,"touchDistance":0.333333,"touchZone":"none","type":4,"width":15.82}],"r":[[0.98621,-0.135729,0.0946922],[0.165496,0.807545,-0.566111],[0.000369451,0.573976,0.818872]],"s":1.93455,"t":[5.13183,129.814,-40.9676],"timestamp":89198919018},false],[2,{"currentFrameRate":54.5144,"devices":[],"gestures":[],"hands":[{"armBasis":[[-0.996879,-0.0598988,-0.0514245],[-0.0748562,0.924116,0.374708],[-0.0250777,-0.377388,0.925716]],"armWidth":62.778,"confidence":0.525917,"direction":[-0.50335,0.331689,-0.797885],"elbow":[22.1317,148.796,329.939],"grabStrength":0,"id":436,"palmNormal":[0.052146,-0.910047,-0.411212],"palmPosition":[8.72294,264.824,36.182],"palmVelocity":[24.6474,253.489,-75.6184],"palmWidth":89.6448,"pinchStrength":0.399436,"r":[[0.986905,-0.128875,0.0970072],[0.161191,0.810494,-0.563132],[-0.00605021,0.571394,0.820654]],"s":1.9217,"sphereCenter":[-2.51808,228.255,1.8992],"sphereRadius":51.4976,"stabilizedPalmPosition":[8.66543,264.097,36.3391],"t":[5.57082,134.349,-42.2842],"timeVisible":0.325081,"type":"left","wrist":[28.8026,249.184,83.6913]}],"id":1439652,"interactionBox":{"center":[0,200,0],"size":[235.247,235.247,147.751]},"pointables":[{"bases":[[[-0.491931,0.778662,0.389473],[0.86726,0.477603,0.140552],[0.0765709,-0.406917,0.91025]],[[-0.496861,0.848152,0.183758],[0.851009,0.517671,-0.0883253],[0.17004,-0.112495,0.978995]],[[-0.496861,0.848152,0.183758],[0.737267,0.524234,-0.426164],[0.457784,0.0762652,0.885786]],[[-0.496861,0.848152,0.183758],[0.683389,0.5129,-0.519532],[0.534892,0.132557,0.834458]]],"btipPosition":[19.2059,245.279,-27.5162],"carpPosition":[55.2793,245.364,69.6259],"dipPosition":[31.5392,248.335,-8.27561],"direction":[-0.457784,-0.0762652,-0.885786],"extended":false,"handId":436,"id":4360,"length":51.3459,"mcpPosition":[55.2793,245.364,69.6259],"pipPosition":[46.9169,250.897,21.4793],"stabilizedTipPosition":[22.0227,245.631,-23.0459],"timeVisible":0.325081,"tipPosition":[24.5236,246.918,-23.6823],"tipVelocity":[0.50649,280.774,-55.3368],"tool":false,"touchDistance":0.285523,"touchZone":"hovering","type":0,"width":19.9506},{"bases":[[[-0.934777,-0.18937,0.300552],[-0.103694,0.954674,0.279006],[0.339765,-0.229643,0.912044]],[[-0.897905,-0.21051,0.386591],[-0.0649727,0.931998,0.356593],[0.435368,-0.295069,0.850523]],[[-0.897905,-0.21051,0.386591],[-0.107667,0.956589,0.270822],[0.426819,-0.201549,0.881591]],[[-0.897905,-0.21051,0.386591],[-0.142137,0.969846,0.197978],[0.41661,-0.122817,0.900751]]],"btipPosition":[-18.1167,300.419,-65.6242],"carpPosition":[42.1148,264.417,72.6385],"dipPosition":[-11.1039,298.351,-50.4618],"direction":[-0.426819,0.201549,-0.881591],"extended":true,"handId":436,"id":4361,"length":57.9381,"mcpPosition":[17.4879,281.062,6.53183],"pipPosition":[-0.939992,293.552,-29.4685],"stabilizedTipPosition":[-16.5092,299.674,-62.1029],"timeVisible":0.325081,"tipPosition":[-16.3315,299.444,-62.2282],"tipVelocity":[21.0821,291.033,-59.9739],"tool":false,"touchDistance":0.270433,"touchZone":"hovering","type":1,"width":19.0568},{"bases":[[[-0.848813,-0.37861,0.369012],[-0.252752,0.903642,0.345757],[0.464362,-0.200215,0.862718]],[[-0.804086,-0.394936,0.444377],[-0.555806,0.764676,-0.326115],[0.21101,0.509211,0.834373]],[[-0.804086,-0.394936,0.444377],[-0.594451,0.523347,-0.610521],[-0.0085533,0.755072,0.655586]],[[-0.804086,-0.394936,0.444377],[-0.577391,0.340679,-0.741996],[-0.141651,0.853208,0.501968]]],"btipPosition":[-8.55124,216.509,-50.3992],"carpPosition":[30.5256,263.879,76.184],"dipPosition":[-11.1738,232.306,-41.1057],"direction":[0.0085533,-0.755072,-0.655586],"extended":false,"handId":436,"id":4362,"length":66.0158,"mcpPosition":[-1.39303,277.641,16.8838],"pipPosition":[-11.4134,253.46,-22.7388],"stabilizedTipPosition":[-9.35946,219.858,-48.2414],"timeVisible":0.325081,"tipPosition":[-11.376,222.498,-49.4],"tipVelocity":[188.703,167.688,-23.2269],"tool":false,"touchDistance":0.293014,"touchZone":"hovering","type":2,"width":18.7163},{"bases":[[[-0.749742,-0.470982,0.464825],[-0.297818,0.86744,0.398563],[0.590924,-0.160387,0.790623]],[[-0.726261,-0.476848,0.495137],[-0.682978,0.582278,-0.441013],[0.0780111,0.658459,0.748563]],[[-0.726261,-0.476848,0.495137],[-0.179695,-0.563546,-0.806304],[-0.663517,0.674561,-0.323594]],[[-0.726261,-0.476848,0.495137],[0.329058,-0.873558,-0.358633],[-0.603544,0.097532,-0.791342]]],"btipPosition":[9.01964,220.99,21.8928],"carpPosition":[19.7029,260.282,80.2378],"dipPosition":[-2.09026,222.785,7.32599],"direction":[0.663517,-0.674561,0.323594],"extended":false,"handId":436,"id":4363,"length":63.476,"mcpPosition":[-16.7653,270.181,31.4453],"pipPosition":[-20.1993,241.196,-1.5057],"stabilizedTipPosition":[6.12976,219.263,19.3947],"timeVisible":0.325081,"tipPosition":[7.21379,221.72,19.9122],"tipVelocity":[42.2249,263.51,-116.733],"tool":false,"touchDistance":0.333333,"touchZone":"none","type":3,"width":17.8098},{"bases":[[[-0.616727,-0.623189,0.48092],[-0.35742,0.766024,0.534282],[0.701355,-0.157615,0.695168]],[[-0.686737,-0.603272,0.40553],[-0.726676,0.555731,-0.403862],[-0.0182728,0.572036,0.820025]],[[-0.686737,-0.603272,0.40553],[-0.0843844,-0.487951,-0.868782],[-0.721991,0.630845,-0.284188]],[[-0.686737,-0.603272,0.40553],[0.425658,-0.785972,-0.448401],[-0.589243,0.135316,-0.796544]]],"btipPosition":[-4.36246,224.529,34.9322],"carpPosition":[11.1489,249.906,84.2094],"dipPosition":[-14.369,226.826,21.4053],"direction":[0.721991,-0.630845,0.284188],"extended":false,"handId":436,"id":4364,"length":49.764,"mcpPosition":[-28.918,258.91,44.4959],"pipPosition":[-28.2815,238.983,15.9291],"stabilizedTipPosition":[-7.12914,221.968,33.2712],"timeVisible":0.325081,"tipPosition":[-6.0231,225.56,33.3936],"tipVelocity":[36.0696,243.694,-120.513],"tool":false,"touchDistance":0.333333,"touchZone":"none","type":4,"width":15.82}],"r":[[0.986905,-0.128875,0.0970072],[0.161191,0.810494,-0.563132],[-0.00605021,0.571394,0.820654]],"s":1.9217,"t":[5.57082,134.349,-42.2842],"timestamp":89198937116},false],[3,{"currentFrameRate":54.5711,"devices":[],"gestures":[],"hands":[{"armBasis":[[-0.997117,-0.0484768,-0.0583794],[-0.0668773,0.924922,0.374227],[-0.0358551,-0.377053,0.925498]],"armWidth":62.778,"confidence":0.56113,"direction":[-0.494205,0.335137,-0.80215],"elbow":[18.8222,151.964,329.443],"grabStrength":0,"id":436,"palmNormal":[0.0457473,-0.911402,-0.408967],"palmPosition":[8.78193,268.007,35.5694],"palmVelocity":[14.4615,216.408,-55.7062],"palmWidth":89.6448,"pinchStrength":0.413469,"r":[[0.987021,-0.125377,0.100346],[0.160198,0.812271,-0.560849],[-0.0111901,0.569645,0.821814]],"s":1.91117,"sphereCenter":[-2.6867,231.413,1.3945],"sphereRadius":51.424,"stabilizedPalmPosition":[8.76917,267.579,35.6537],"t":[5.81981,138.207,-43.2488],"timeVisible":0.343207,"type":"left","wrist":[28.36,252.263,83.2533]}],"id":1439653,"interactionBox":{"center":[0,200,0],"size":[235.247,235.247,147.751]},"pointables":[{"bases":[[[-0.486691,0.784482,0.384344],[0.871086,0.468992,0.14579],[0.0658846,-0.405752,0.911606]],[[-0.48953,0.853053,0.180721],[0.857355,0.508673,-0.0787093],[0.159071,-0.116412,0.98038]],[[-0.48953,0.853053,0.180721],[0.740188,0.516076,-0.43103],[0.460957,0.0772344,0.884055]],[[-0.48953,0.853053,0.180721],[0.68339,0.504051,-0.52812],[0.541607,0.135027,0.829716]]],"btipPosition":[19.1005,248.16,-27.6568],"carpPosition":[54.896,248.143,69.3859],"dipPosition":[31.5887,251.273,-8.52554],"direction":[-0.460957,-0.0772344,-0.884055],"extended":false,"handId":436,"id":4360,"length":51.3459,"mcpPosition":[54.896,248.143,69.3859],"pipPosition":[47.073,253.868,21.1712],"stabilizedTipPosition":[21.9751,248.724,-23.2468],"timeVisible":0.343207,"tipPosition":[24.3383,249.705,-23.8714],"tipVelocity":[-1.56582,223.116,-33.3431],"tool":false,"touchDistance":0.288861,"touchZone":"hovering","type":0,"width":19.9506},{"bases":[[[-0.938794,-0.17915,0.294229],[-0.0958886,0.956275,0.276304],[0.330863,-0.231179,0.914924]],[[-0.90199,-0.200872,0.382183],[-0.0574074,0.93312,0.354953],[0.427922,-0.298224,0.853197]],[[-0.90199,-0.200872,0.382183],[-0.101917,0.959225,0.263628],[0.419555,-0.198839,0.885685]],[[-0.90199,-0.200872,0.382183],[-0.13784,0.972834,0.185997],[0.409162,-0.115087,0.905175]]],"btipPosition":[-17.0663,303.387,-66.4914],"carpPosition":[41.9064,267.336,72.2652],"dipPosition":[-10.1789,301.45,-51.2546],"direction":[-0.419555,0.198839,-0.885684],"extended":true,"handId":436,"id":4361,"length":57.9381,"mcpPosition":[17.9247,284.092,5.9497],"pipPosition":[-0.18804,296.715,-30.1638],"stabilizedTipPosition":[-15.5278,302.797,-62.9478],"timeVisible":0.343207,"tipPosition":[-15.2861,302.564,-63.0696],"tipVelocity":[37.8763,231.227,-53.7493],"tool":false,"touchDistance":0.266134,"touchZone":"hovering","type":1,"width":19.0568},{"bases":[[[-0.855268,-0.369115,0.36369],[-0.245935,0.906913,0.342089],[0.456105,-0.203133,0.866432]],[[-0.811996,-0.3855,0.438238],[-0.547324,0.763714,-0.342312],[0.202727,0.517814,0.831126]],[[-0.811996,-0.3855,0.438238],[-0.583427,0.514754,-0.628205],[-0.0165885,0.76578,0.642889]],[[-0.811996,-0.3855,0.438238],[-0.5645,0.327883,-0.757518],[-0.148332,0.862486,0.483854]]],"btipPosition":[-7.47991,218.874,-50.2647],"carpPosition":[30.2873,266.924,75.7285],"dipPosition":[-10.2262,234.842,-41.3065],"direction":[0.0165885,-0.76578,-0.642889],"extended":false,"handId":436,"id":4362,"length":66.0158,"mcpPosition":[-1.06384,280.886,16.173],"pipPosition":[-10.6909,256.296,-23.2954],"stabilizedTipPosition":[-8.1698,222.421,-48.2061],"timeVisible":0.343207,"tipPosition":[-10.1726,224.752,-49.3695],"tipVelocity":[126.25,151.003,-10.6611],"tool":false,"touchDistance":0.29777,"touchZone":"hovering","type":2,"width":18.7163},{"bases":[[[-0.757837,-0.462294,0.460399],[-0.291747,0.871286,0.394644],[0.583581,-0.164756,0.795166]],[[-0.734758,-0.468306,0.490734],[-0.67337,0.590872,-0.444345],[0.0818714,0.656932,0.749491]],[[-0.734758,-0.468306,0.490734],[-0.181688,-0.561143,-0.807532],[-0.653544,0.682501,-0.327219]],[[-0.734758,-0.468306,0.490734],[0.321737,-0.877491,-0.355662],[-0.597173,0.103439,-0.795415]]],"btipPosition":[8.61004,224.166,21.2197],"carpPosition":[19.3996,263.447,79.712],"dipPosition":[-2.38259,226.07,6.57787],"direction":[0.653544,-0.682501,0.327219],"extended":false,"handId":436,"id":4363,"length":63.476,"mcpPosition":[-16.6155,273.614,30.6392],"pipPosition":[-20.2194,244.697,-2.35273],"stabilizedTipPosition":[6.09363,223.281,18.2342],"timeVisible":0.343207,"tipPosition":[6.82031,224.885,19.1911],"tipVelocity":[12.0697,222.117,-79.288],"tool":false,"touchDistance":0.333333,"touchZone":"none","type":3,"width":17.8098},{"bases":[[[-0.626508,-0.61582,0.477759],[-0.353355,0.770774,0.530139],[0.694714,-0.163318,0.700499]],[[-0.695883,-0.595306,0.401693],[-0.717929,0.562636,-0.409901],[-0.0180099,0.57363,0.818916]],[[-0.695883,-0.595306,0.401693],[-0.0834708,-0.488502,-0.868561],[-0.713287,0.637947,-0.29025]],[[-0.695883,-0.595306,0.401693],[0.420506,-0.79119,-0.444065],[-0.58217,0.140103,-0.800906]]],"btipPosition":[-4.71761,227.841,34.291],"carpPosition":[10.7114,253.167,83.6433],"dipPosition":[-14.604,230.221,20.6901],"direction":[0.713287,-0.637947,0.29025],"extended":false,"handId":436,"id":4364,"length":49.764,"mcpPosition":[-28.9762,262.497,43.6252],"pipPosition":[-28.3488,242.514,15.0971],"stabilizedTipPosition":[-7.03559,226.331,31.8384],"timeVisible":0.343207,"tipPosition":[-6.36892,228.876,32.7046],"tipVelocity":[10.2924,215.176,-80.4215],"tool":false,"touchDistance":0.333333,"touchZone":"none","type":4,"width":15.82}],"r":[[0.987021,-0.125377,0.100346],[0.160198,0.812271,-0.560849],[-0.0111901,0.569645,0.821814]],"s":1.91117,"t":[5.81981,138.207,-43.2488],"timestamp":89198955242},false],[4,{"currentFrameRate":54.6201,"devices":[],"gestures":[],"hands":[{"armBasis":[[-0.993774,-0.0864358,-0.0702999],[-0.106154,0.926168,0.361863],[-0.0338316,-0.367072,0.929577]],"armWidth":62.778,"confidence":0.5861,"direction":[-0.47961,0.340631,-0.808668],"elbow":[18.4616,158.07,330.513],"grabStrength":0,"id":436,"palmNormal":[0.0709676,-0.903502,-0.422668],"palmPosition":[8.81546,271.945,35.3438],"palmVelocity":[8.45346,216.742,-35.0967],"palmWidth":89.6448,"pinchStrength":0.434045,"r":[[0.986962,-0.119731,0.107562],[0.15954,0.816056,-0.555518],[-0.0212636,0.565436,0.824518]],"s":1.90112,"sphereCenter":[-1.36084,235.527,0.458255],"sphereRadius":51.3491,"stabilizedPalmPosition":[8.81187,271.607,35.3678],"t":[5.96107,142.106,-43.8439],"timeVisible":0.361344,"type":"left","wrist":[27.4611,255.715,83.238]}],"id":1439654,"interactionBox":{"center":[0,200,0],"size":[235.247,235.247,147.751]},"pointables":[{"bases":[[[-0.509002,0.769919,0.384891],[0.859316,0.480453,0.175332],[0.0499304,-0.419987,0.906156]],[[-0.508051,0.841317,0.184579],[0.85075,0.523634,-0.0450645],[0.134565,-0.134135,0.981784]],[[-0.508051,0.841317,0.184579],[0.732041,0.534683,-0.422173],[0.453872,0.079366,0.887525]],[[-0.508051,0.841317,0.184579],[0.671831,0.521175,-0.526327],[0.539005,0.143395,0.830007]]],"btipPosition":[20.1056,252.882,-27.2598],"carpPosition":[54.3979,252.258,69.9752],"dipPosition":[32.5338,256.189,-8.12185],"direction":[-0.453872,-0.079366,-0.887525],"extended":false,"handId":436,"id":4360,"length":51.3459,"mcpPosition":[54.3979,252.258,69.9752],"pipPosition":[47.7801,258.855,21.6915],"stabilizedTipPosition":[22.9348,253.497,-22.8696],"timeVisible":0.361344,"tipPosition":[25.2778,254.527,-23.495],"tipVelocity":[25.2141,242.035,-6.99404],"tool":false,"touchDistance":0.300922,"touchZone":"hovering","type":0,"width":19.9506},{"bases":[[[-0.942718,-0.19922,0.267569],[-0.118535,0.949796,0.289545],[0.31182,-0.241244,0.919005]],[[-0.906545,-0.22249,0.358711],[-0.0818046,0.926301,0.367797],[0.414106,-0.304081,0.857934]],[[-0.906545,-0.22249,0.358711],[-0.12858,0.954976,0.267371],[0.402048,-0.196261,0.894337]],[[-0.906545,-0.22249,0.358711],[-0.165924,0.969229,0.181834],[0.38813,-0.105322,0.915567]]],"btipPosition":[-15.2117,307.991,-66.7903],"carpPosition":[41.0249,271.188,72.8436],"dipPosition":[-8.67835,306.218,-51.3786],"direction":[-0.402048,0.196261,-0.894337],"extended":true,"handId":436,"id":4361,"length":57.9381,"mcpPosition":[18.4236,288.673,6.23234],"pipPosition":[0.895649,301.544,-30.0817],"stabilizedTipPosition":[-13.7658,307.434,-63.2363],"timeVisible":0.361344,"tipPosition":[-13.4708,307.455,-63.2935],"tipVelocity":[66.4038,242.984,-34.9392],"tool":false,"touchDistance":0.272511,"touchZone":"hovering","type":1,"width":19.0568},{"bases":[[[-0.857811,-0.38896,0.335963],[-0.269331,0.896915,0.350719],[0.437746,-0.210365,0.874142]],[[-0.816874,-0.405649,0.41008],[-0.552577,0.754258,-0.354617],[0.165457,0.516278,0.840286]],[[-0.816874,-0.405649,0.41008],[-0.574126,0.503211,-0.645878],[-0.0556428,0.763039,0.643953]],[[-0.816874,-0.405649,0.41008],[-0.546354,0.316153,-0.775593],[-0.18497,0.857611,0.479885]]],"btipPosition":[-3.63108,223.217,-50.9077],"carpPosition":[29.3318,270.53,76.0069],"dipPosition":[-7.05565,239.095,-42.023],"direction":[0.0556428,-0.763039,-0.643953],"extended":false,"handId":436,"id":4362,"length":66.0158,"mcpPosition":[-0.757364,284.989,15.9214],"pipPosition":[-8.61453,260.473,-23.982],"stabilizedTipPosition":[-4.53459,226.732,-48.8439],"timeVisible":0.361344,"tipPosition":[-6.40072,228.945,-50.0601],"tipVelocity":[163.098,192.596,-22.9126],"tool":false,"touchDistance":0.293819,"touchZone":"hovering","type":2,"width":18.7163},{"bases":[[[-0.761283,-0.482176,0.433538],[-0.315838,0.859671,0.401513],[0.5663,-0.168737,0.806742]],[[-0.739041,-0.488284,0.46411],[-0.671321,0.591183,-0.447024],[0.0560997,0.641936,0.764704]],[[-0.739041,-0.488284,0.46411],[-0.155511,-0.546672,-0.822779],[-0.655466,0.680241,-0.32808]],[[-0.739041,-0.488284,0.46411],[0.34336,-0.86576,-0.364094],[-0.579589,0.109724,-0.807488]]],"btipPosition":[9.54772,228.381,20.0272],"carpPosition":[18.4075,266.811,79.6578],"dipPosition":[-1.12122,230.401,5.16317],"direction":[0.655466,-0.680241,0.32808],"extended":false,"handId":436,"id":4363,"length":63.476,"mcpPosition":[-16.541,277.224,29.8706],"pipPosition":[-19.0105,248.967,-3.79093],"stabilizedTipPosition":[6.89355,227.731,16.9341],"timeVisible":0.361344,"tipPosition":[7.80516,229.085,17.9532],"tipVelocity":[32.9021,227.737,-74.1805],"tool":false,"touchDistance":0.333333,"touchZone":"none","type":3,"width":17.8098},{"bases":[[[-0.627902,-0.633835,0.451654],[-0.37912,0.755902,0.533742],[0.679711,-0.163907,0.714932]],[[-0.696232,-0.612959,0.373554],[-0.716331,0.559823,-0.416496],[-0.0461704,0.557566,0.828848]],[[-0.696232,-0.612959,0.373554],[-0.0554881,-0.472888,-0.879374],[-0.715669,0.632976,-0.295228]],[[-0.696232,-0.612959,0.373554],[0.443239,-0.776451,-0.447955],[-0.564624,0.146307,-0.812277]]],"btipPosition":[-4.0472,231.585,32.9659],"carpPosition":[9.79575,256.327,83.1997],"dipPosition":[-13.6356,234.07,19.1719],"direction":[0.715669,-0.632976,0.295228],"extended":false,"handId":436,"id":4364,"length":49.764,"mcpPosition":[-29.0347,265.691,42.357],"pipPosition":[-27.4263,246.267,13.4829],"stabilizedTipPosition":[-6.46011,230.613,30.3354],"timeVisible":0.361344,"tipPosition":[-5.67895,232.607,31.3196],"tipVelocity":[24.7968,211.645,-78.0824],"tool":false,"touchDistance":0.333333,"touchZone":"none","type":4,"width":15.82}],"r":[[0.986962,-0.119731,0.107562],[0.15954,0.816056,-0.555518],[-0.0212636,0.565436,0.824518]],"s":1.90112,"t":[5.96107,142.106,-43.8439],"timestamp":89198973379},false],[5,{"currentFrameRate":54.6476,"devices":[],"gestures":[],"hands":[{"armBasis":[[-0.990762,-0.10966,-0.0797789],[-0.130822,0.927826,0.349321],[-0.0357144,-0.356531,0.933601]],"armWidth":62.778,"confidence":0.601864,"direction":[-0.48116,0.344189,-0.806238],"elbow":[17.8783,163.558,330.832],"grabStrength":0,"id":436,"palmNormal":[0.0828099,-0.89774,-0.432673],"palmPosition":[8.68676,274.954,34.7221],"palmVelocity":[1.03997,192.175,-34.6456],"palmWidth":89.6448,"pinchStrength":0.45243,"r":[[0.987048,-0.11318,0.113698],[0.157376,0.820681,-0.549286],[-0.0311417,0.560065,0.827863]],"s":1.89154,"sphereCenter":[-1.01933,238.613,-0.490255],"sphereRadius":51.2674,"stabilizedPalmPosition":[8.69376,274.766,34.7583],"t":[5.96735,145.559,-44.4522],"timeVisible":0.379547,"type":"left","wrist":[27.3787,258.398,82.4868]}],"id":1439655,"interactionBox":{"center":[0,200,0],"size":[235.247,235.247,147.751]},"pointables":[{"bases":[[[-0.519135,0.759486,0.39202],[0.8531,0.488434,0.183446],[0.0521511,-0.429666,0.901481]],[[-0.518511,0.83278,0.193971],[0.844797,0.533986,-0.0343178],[0.132157,-0.146072,0.980407]],[[-0.518511,0.83278,0.193971],[0.716234,0.546911,-0.433471],[0.467071,0.0858304,0.880044]],[[-0.518511,0.83278,0.193971],[0.651942,0.531811,-0.540508],[0.55328,0.153801,0.818673]]],"btipPosition":[19.4471,256.162,-27.3852],"carpPosition":[54.3935,255.408,69.2695],"dipPosition":[32.2045,259.708,-8.50858],"direction":[-0.467071,-0.0858304,-0.880044],"extended":false,"handId":436,"id":4360,"length":51.3459,"mcpPosition":[54.3935,255.408,69.2695],"pipPosition":[47.8941,262.592,21.0535],"stabilizedTipPosition":[22.3916,256.913,-23.0404],"timeVisible":0.379547,"tipPosition":[24.616,257.923,-23.7438],"tipVelocity":[-2.11653,213.943,-8.52102],"tool":false,"touchDistance":0.30187,"touchZone":"hovering","type":0,"width":19.9506},{"bases":[[[-0.941111,-0.213256,0.262357],[-0.13052,0.944988,0.299938],[0.311888,-0.248032,0.917173]],[[-0.903817,-0.23776,0.355789],[-0.0943093,0.921669,0.37634],[0.417398,-0.306588,0.855443]],[[-0.903817,-0.23776,0.355789],[-0.145359,0.952582,0.267315],[0.402475,-0.189887,0.89552]],[[-0.903817,-0.23776,0.355789],[-0.18577,0.96701,0.1743],[0.385493,-0.09144,0.918169]]],"btipPosition":[-15.5557,311.162,-67.1567],"carpPosition":[40.7911,274.146,72.3109],"dipPosition":[-9.06666,309.623,-51.7012],"direction":[-0.402475,0.189887,-0.89552],"extended":true,"handId":436,"id":4361,"length":57.9381,"mcpPosition":[18.1848,292.124,5.83246],"pipPosition":[0.517498,305.101,-30.3761],"stabilizedTipPosition":[-14.0568,310.735,-63.594],"timeVisible":0.379547,"tipPosition":[-13.81,310.928,-63.606],"tipVelocity":[25.4005,211.55,-27.6018],"tool":false,"touchDistance":0.274001,"touchZone":"hovering","type":1,"width":19.0568},{"bases":[[[-0.85419,-0.402757,0.328857],[-0.280867,0.889655,0.360038],[0.437577,-0.215175,0.873056]],[[-0.813806,-0.419624,0.40204],[-0.560933,0.748031,-0.354688],[0.151902,0.514165,0.844133]],[[-0.813806,-0.419624,0.40204],[-0.576423,0.494924,-0.65022],[-0.0738692,0.760898,0.644653]],[[-0.813806,-0.419624,0.40204],[-0.544075,0.307047,-0.780836],[-0.204213,0.854188,0.478184]]],"btipPosition":[-2.34357,226.557,-51.5805],"carpPosition":[29.0971,273.316,75.4301],"dipPosition":[-6.1244,242.372,-42.7273],"direction":[0.0738692,-0.760898,-0.644653],"extended":false,"handId":436,"id":4362,"length":66.0158,"mcpPosition":[-0.980418,288.106,15.4193],"pipPosition":[-8.19392,263.689,-24.6667],"stabilizedTipPosition":[-3.24176,230.12,-49.5291],"timeVisible":0.379547,"tipPosition":[-5.11023,232.129,-50.7088],"tipVelocity":[116.837,187.868,-29.8119],"tool":false,"touchDistance":0.288547,"touchZone":"hovering","type":2,"width":18.7163},{"bases":[[[-0.756867,-0.495944,0.425667],[-0.327086,0.851294,0.410261],[0.565834,-0.171283,0.806532]],[[-0.734759,-0.50211,0.456087],[-0.676662,0.589646,-0.44096],[0.0475189,0.632616,0.773006]],[[-0.734759,-0.50211,0.456087],[-0.147607,-0.537906,-0.829982],[-0.662074,0.677158,-0.321116]],[[-0.734759,-0.50211,0.456087],[0.354144,-0.85741,-0.373403],[-0.578543,0.112841,-0.807809]]],"btipPosition":[9.91412,231.593,18.8373],"carpPosition":[18.2064,269.428,79.0046],"dipPosition":[-0.735569,233.67,3.96738],"direction":[0.662074,-0.677158,0.321116],"extended":false,"handId":436,"id":4363,"length":63.476,"mcpPosition":[-16.7135,279.998,29.2304],"pipPosition":[-18.8052,252.151,-4.79665],"stabilizedTipPosition":[7.36936,231.346,15.6704],"timeVisible":0.379547,"tipPosition":[8.1579,232.285,16.7297],"tipVelocity":[26.918,203.573,-70.0074],"tool":false,"touchDistance":0.333333,"touchZone":"none","type":3,"width":17.8098},{"bases":[[[-0.621773,-0.646231,0.442475],[-0.38954,0.745294,0.541106],[0.679453,-0.164083,0.715136]],[[-0.690805,-0.625002,0.36354],[-0.721153,0.559259,-0.408863],[-0.0522273,0.544612,0.83706]],[[-0.690805,-0.625002,0.36354],[-0.0504089,-0.459938,-0.886519],[-0.721282,0.630737,-0.286222]],[[-0.690805,-0.625002,0.36354],[0.451615,-0.765626,-0.458106],[-0.564653,0.152282,-0.811158]]],"btipPosition":[-3.80106,234.466,31.6764],"carpPosition":[9.70753,258.805,82.4004],"dipPosition":[-13.39,237.052,17.9014],"direction":[0.721282,-0.630737,0.286222],"extended":false,"handId":436,"id":4364,"length":49.764,"mcpPosition":[-29.1082,268.178,41.5462],"pipPosition":[-27.2888,249.206,12.386],"stabilizedTipPosition":[-6.10989,234.047,28.9246],"timeVisible":0.379547,"tipPosition":[-5.43807,235.473,30.0061],"tipVelocity":[19.4092,186.755,-74.5091],"tool":false,"touchDistance":0.333333,"touchZone":"none","type":4,"width":15.82}],"r":[[0.987048,-0.11318,0.113698],[0.157376,0.820681,-0.549286],[-0.0311417,0.560065,0.827863]],"s":1.89154,"t":[5.96735,145.559,-44.4522],"timestamp":89198991582},false],[6,{"currentFrameRate":54.6768,"devices":[],"gestures":[],"hands":[{"armBasis":[[-0.99052,-0.109934,-0.08237],[-0.131935,0.92832,0.347585],[-0.0382542,-0.355158,0.934023]],"armWidth":62.778,"confidence":0.589628,"direction":[-0.480606,0.345885,-0.805842],"elbow":[16.7472,166.193,329.248],"grabStrength":0,"id":436,"palmNormal":[0.0822086,-0.897111,-0.434089],"palmPosition":[8.2608,277.316,33.0459],"palmVelocity":[-10.6345,162.438,-62.0985],"palmWidth":89.6448,"pinchStrength":0.457225,"r":[[0.987024,-0.10817,0.118669],[0.155764,0.824489,-0.544018],[-0.0389953,0.555443,0.83064]],"s":1.88373,"sphereCenter":[-1.67277,240.804,-2.11635],"sphereRadius":51.3118,"stabilizedPalmPosition":[8.28801,277.155,33.1535],"t":[5.75751,148.467,-45.5946],"timeVisible":0.397734,"type":"left","wrist":[26.9231,260.668,80.79]}],"id":1439656,"interactionBox":{"center":[0,200,0],"size":[235.247,235.247,147.751]},"pointables":[{"bases":[[[-0.518634,0.759286,0.393069],[0.853444,0.48743,0.184513],[0.0514954,-0.431158,0.900806]],[[-0.517976,0.832478,0.196673],[0.845575,0.533051,-0.0293177],[0.129243,-0.151116,0.980031]],[[-0.517976,0.832478,0.196673],[0.713048,0.547217,-0.43831],[0.472507,0.0867973,0.877043]],[[-0.517976,0.832478,0.196673],[0.647948,0.531952,-0.545152],[0.558448,0.154942,0.814941]]],"btipPosition":[18.835,258.62,-28.8724],"carpPosition":[53.9399,257.676,67.5769],"dipPosition":[31.7115,262.193,-10.0819],"direction":[-0.472507,-0.0867973,-0.877043],"extended":false,"handId":436,"id":4360,"length":51.3459,"mcpPosition":[53.9399,257.676,67.5769],"pipPosition":[47.5837,265.108,19.3793],"stabilizedTipPosition":[21.8078,259.394,-24.5223],"timeVisible":0.397734,"tipPosition":[23.8942,260.299,-25.2515],"tipVelocity":[-16.4501,176.489,-44.0016],"tool":false,"touchDistance":0.28081,"touchZone":"hovering","type":0,"width":19.9506},{"bases":[[[-0.941375,-0.212896,0.261703],[-0.129835,0.944612,0.301414],[0.311378,-0.249765,0.916876]],[[-0.90335,-0.238014,0.356801],[-0.0936878,0.921306,0.377384],[0.418546,-0.307482,0.854561]],[[-0.90335,-0.238014,0.356801],[-0.147785,0.953681,0.262017],[0.402638,-0.183963,0.896683]],[[-0.90335,-0.238014,0.356801],[-0.190468,0.967983,0.163494],[0.384292,-0.0797337,0.919762]]],"btipPosition":[-15.99,313.262,-68.8193],"carpPosition":[40.3519,276.421,70.644],"dipPosition":[-9.52125,311.92,-53.337],"direction":[-0.402638,0.183963,-0.896683],"extended":true,"handId":436,"id":4361,"length":57.9381,"mcpPosition":[17.7827,294.524,4.18702],"pipPosition":[0.0667928,307.539,-31.9842],"stabilizedTipPosition":[-14.4893,312.889,-65.2099],"timeVisible":0.397734,"tipPosition":[-14.2432,313.206,-65.2444],"tipVelocity":[1.75682,166.887,-57.8971],"tool":false,"touchDistance":0.251309,"touchZone":"hovering","type":1,"width":19.0568},{"bases":[[[-0.854633,-0.402576,0.327926],[-0.280249,0.889308,0.361375],[0.437108,-0.216942,0.872853]],[[-0.814711,-0.419442,0.400392],[-0.560438,0.74681,-0.358028],[0.148845,0.516084,0.843506]],[[-0.814711,-0.419442,0.400392],[-0.574481,0.489953,-0.655681],[-0.078847,0.764208,0.640132]],[[-0.814711,-0.419442,0.400392],[-0.540637,0.29979,-0.786026],[-0.209659,0.856851,0.471008]]],"btipPosition":[-2.36672,228.725,-52.9494],"carpPosition":[28.6563,275.595,73.758],"dipPosition":[-6.24839,244.589,-44.2291],"direction":[0.078847,-0.764208,-0.640132],"extended":false,"handId":436,"id":4362,"length":66.0158,"mcpPosition":[-1.38906,290.507,13.7611],"pipPosition":[-8.45737,265.999,-26.2952],"stabilizedTipPosition":[-3.25904,232.315,-50.9068],"timeVisible":0.397734,"tipPosition":[-5.06301,234.196,-52.085],"tipVelocity":[59.8582,155.39,-52.3104],"tool":false,"touchDistance":0.269178,"touchZone":"hovering","type":2,"width":18.7163},{"bases":[[[-0.757419,-0.496,0.424618],[-0.326515,0.850904,0.411521],[0.565424,-0.17305,0.806443]],[[-0.735409,-0.502211,0.454926],[-0.675891,0.591622,-0.439494],[0.0484255,0.630688,0.774524]],[[-0.735409,-0.502211,0.454926],[-0.148233,-0.535865,-0.831189],[-0.661211,0.678699,-0.319636]],[[-0.735409,-0.502211,0.454926],[0.353385,-0.857073,-0.374894],[-0.57818,0.114937,-0.807773]]],"btipPosition":[9.42406,233.989,17.053],"carpPosition":[17.7611,271.711,77.3226],"dipPosition":[-1.21896,236.105,2.18367],"direction":[0.661211,-0.678699,0.319636],"extended":false,"handId":436,"id":4363,"length":63.476,"mcpPosition":[-17.1334,282.39,27.5539],"pipPosition":[-19.265,254.628,-6.53998],"stabilizedTipPosition":[7.04448,233.932,13.987],"timeVisible":0.397734,"tipPosition":[7.65871,234.676,14.9169],"tipVelocity":[1.2509,169.526,-83.4171],"tool":false,"touchDistance":0.333333,"touchZone":"none","type":3,"width":17.8098},{"bases":[[[-0.622456,-0.646425,0.44123],[-0.389101,0.744746,0.542175],[0.67908,-0.165797,0.715096]],[[-0.692049,-0.624779,0.361552],[-0.720168,0.563409,-0.404881],[-0.0492595,0.540575,0.839852]],[[-0.692049,-0.624779,0.361552],[-0.0534246,-0.455163,-0.888804],[-0.719871,0.634412,-0.281616]],[[-0.692049,-0.624779,0.361552],[0.449236,-0.764825,-0.461769],[-0.565027,0.157145,-0.809969]]],"btipPosition":[-4.35912,236.835,29.7706],"carpPosition":[9.25235,261.089,80.6985],"dipPosition":[-13.9544,239.504,16.0157],"direction":[0.719871,-0.634412,0.281616],"extended":false,"handId":436,"id":4364,"length":49.764,"mcpPosition":[-29.5421,270.561,39.8465],"pipPosition":[-27.826,251.729,10.5891],"stabilizedTipPosition":[-6.45777,236.642,27.157],"timeVisible":0.397734,"tipPosition":[-5.99551,237.833,28.07],"tipVelocity":[-4.53711,160.305,-88.8398],"tool":false,"touchDistance":0.333333,"touchZone":"none","type":4,"width":15.82}],"r":[[0.987024,-0.10817,0.118669],[0.155764,0.824489,-0.544018],[-0.0389953,0.555443,0.83064]],"