{"sensorType":"Leap","data":[[0,{"currentFrameRate":54.3432,"devices":[],"gestures":[],"hands":[{"armBasis":[[0.9422,-0.285892,-0.174716],[0.322058,0.916589,0.236946],[0.0924016,-0.27952,0.955683]],"armWidth":62.778,"confidence":0.480833,"direction":[0.222882,0.425743,-0.876964],"elbow":[51.8645,85.7742,344.331],"grabStrength":0,"id":437,"palmNormal":[-0.274413,-0.835816,-0.475509],"palmPosition":[30.9496,181.825,40.9096],"palmVelocity":[-75.8342,604.948,-236.093],"palmWidth":89.6448,"pinchStrength":0.780434,"r":[[0.996676,0.0795203,0.0176987],[-0.0804084,0.995135,0.0569369],[-0.013085,-0.0581707,0.998221]],"s":1.00596,"sphereCenter":[16.1555,149.597,2.59857],"sphereRadius":46.4507,"stabilizedPalmPosition":[31.2315,179.558,41.7549],"t":[-7.69654,66.8576,-27.8845],"timeVisible":0.126444,"type":"right","wrist":[27.285,160.129,90.1111]}],"id":1439883,"interactionBox":{"center":[0,200,0],"size":[235.247,235.247,147.751]},"pointables":[{"bases":[[[0.665347,0.691169,0.282134],[-0.717087,0.486604,0.499002],[0.207607,-0.534324,0.819388]],[[0.525169,0.847932,-0.0721742],[-0.833874,0.529676,0.155234],[0.169857,-0.0213398,0.985238]],[[0.525169,0.847932,-0.0721742],[-0.839873,0.530105,0.116626],[0.137151,-0.000631262,0.99055]],[[0.525169,0.847932,-0.0721742],[-0.845377,0.529553,0.0700872],[0.0976492,0.0242067,0.994926]]],"btipPosition":[-17.8714,160.048,-18.6111],"carpPosition":[-2.65924,159.536,86.0572],"dipPosition":[-15.6198,160.607,4.32948],"direction":[-0.137151,0.000631262,-0.99055],"extended":true,"handId":437,"id":4370,"length":51.3459,"mcpPosition":[-2.65924,159.536,86.0572],"pipPosition":[-11.0127,160.585,37.6036],"stabilizedTipPosition":[-17.2675,156.824,-11.8027],"timeVisible":0.126444,"tipPosition":[-17.4699,160.112,-13.3143],"tipVelocity":[-21.4232,616.491,-288.296],"tool":false,"touchDistance":0.659106,"touchZone":"hovering","type":0,"width":19.9506},{"bases":[[[0.959568,-0.270229,-0.0787708],[0.280672,0.897461,0.340276],[-0.0212587,-0.348627,0.937021]],[[0.959583,-0.254773,-0.119548],[0.258943,0.965675,0.0204895],[0.110224,-0.0506175,0.992617]],[[0.959583,-0.254773,-0.119548],[0.21134,0.932871,-0.291696],[0.185839,0.254641,0.949011]],[[0.959583,-0.254773,-0.119548],[0.163706,0.850852,-0.499251],[0.228913,0.459502,0.858171]]],"btipPosition":[1.00651,190.984,-60.452],"carpPosition":[12.4098,177.371,86.5243],"dipPosition":[4.85981,198.719,-46.0064],"direction":[-0.185839,-0.254641,-0.949011],"extended":true,"handId":437,"id":4371,"length":57.9381,"mcpPosition":[13.9507,202.64,18.6072],"pipPosition":[9.28519,204.783,-23.4075],"stabilizedTipPosition":[1.99398,190.466,-56.3986],"timeVisible":0.126444,"tipPosition":[1.82907,192.205,-56.9749],"tipVelocity":[-38.7803,717.067,-244.292],"tool":false,"touchDistance":0.364374,"touchZone":"hovering","type":1,"width":19.0568},{"bases":[[[0.885873,-0.463855,-0.00829858],[0.438323,0.830983,0.34255],[-0.151997,-0.307093,0.939463]],[[0.889003,-0.456985,-0.0289688],[0.360172,0.736928,-0.572026],[0.282755,0.498098,0.819724]],[[0.889003,-0.456985,-0.0289688],[0.0926793,0.241528,-0.965958],[0.448425,0.856054,0.257072]],[[0.889003,-0.456985,-0.0289688],[-0.0829806,-0.0985647,-0.991665],[0.450321,0.883997,-0.125545]]],"btipPosition":[0.52837,132.941,-22.7743],"carpPosition":[24.4084,175.836,85.6058],"dipPosition":[8.86568,149.307,-25.0987],"direction":[-0.448425,-0.856054,-0.257072],"extended":false,"handId":437,"id":4372,"length":66.0158,"mcpPosition":[34.8562,196.944,21.0304],"pipPosition":[21.4288,173.291,-17.8965],"stabilizedTipPosition":[2.32396,132.421,-21.243],"timeVisible":0.126444,"tipPosition":[2.32881,136.455,-22.7605],"tipVelocity":[13.0288,650.956,-320.933],"tool":false,"touchDistance":0.571242,"touchZone":"hovering","type":2,"width":18.7163},{"bases":[[[0.818269,-0.565304,0.104243],[0.495425,0.785506,0.370855],[-0.291529,-0.251815,0.922822]],[[0.822228,-0.561762,0.0914513],[0.493906,0.624398,-0.605132],[0.282838,0.542725,0.790855]],[[0.822228,-0.561762,0.0914513],[0.203069,0.139447,-0.969184],[0.531698,0.815461,0.228734]],[[0.822228,-0.561762,0.0914513],[0.000365998,-0.160156,-0.987092],[0.569157,0.811648,-0.13148]]],"btipPosition":[16.1424,125.688,-10.5357],"carpPosition":[35.5896,171.234,85.0504],"dipPosition":[26.6193,140.629,-12.956],"direction":[-0.531698,-0.815461,-0.228734],"extended":false,"handId":437,"id":4373,"length":63.476,"mcpPosition":[53.581,186.775,28.0994],"pipPosition":[41.1307,162.885,-6.71328],"stabilizedTipPosition":[18.5086,125.826,-9.70792],"timeVisible":0.126444,"tipPosition":[18.7705,129.443,-11.7023],"tipVelocity":[4.82012,641.208,-282.9],"tool":false,"touchDistance":0.674857,"touchZone":"hovering","type":3,"width":17.8098},{"bases":[[[0.685846,-0.712615,0.14763],[0.58895,0.662665,0.462616],[-0.427497,-0.230337,0.874181]],[[0.611597,-0.739638,0.280863],[0.74272,0.41443,-0.525942],[0.272609,0.530267,0.802808]],[[0.611597,-0.739638,0.280863],[0.403664,-0.0135953,-0.914806],[0.680444,0.672868,0.29025]],[[0.611597,-0.739638,0.280863],[0.142813,-0.245958,-0.958702],[0.778173,0.62645,-0.0447975]]],"btipPosition":[32.6055,131.122,1.64401],"carpPosition":[44.007,160.04,84.3834],"dipPosition":[45.8204,141.76,0.883259],"direction":[-0.680444,-0.672868,-0.29025],"extended":false,"handId":437,"id":4374,"length":49.764,"mcpPosition":[68.429,173.199,34.4433],"pipPosition":[58.9323,154.726,6.47628],"stabilizedTipPosition":[35.705,130.518,2.66991],"timeVisible":0.126444,"tipPosition":[36.0186,133.67,0.942101],"tipVelocity":[-12.3264,657.279,-275.259],"tool":false,"touchDistance":0.768785,"touchZone":"hovering","type":4,"width":15.82}],"r":[[0.996676,0.0795203,0.0176987],[-0.0804084,0.995135,0.0569369],[-0.013085,-0.0581707,0.998221]],"s":1.00596,"t":[-7.69654,66.8576,-27.8845],"timestamp":89203185194},false],[1,{"currentFrameRate":54.434,"devices":[],"gestures":[],"hands":[{"armBasis":[[0.947836,-0.282708,-0.14725],[0.307342,0.933054,0.186951],[0.0845396,-0.222455,0.971271]],"armWidth":62.778,"confidence":0.533787,"direction":[0.213311,0.43761,-0.873497],"elbow":[49.1584,110.002,344.656],"grabStrength":0,"id":437,"palmNormal":[-0.253636,-0.838615,-0.482073],"palmPosition":[29.8534,191.325,37.2567],"palmVelocity":[-68.6607,567.601,-220.076],"palmWidth":89.6448,"pinchStrength":0.777213,"r":[[0.994884,0.0982709,0.0234391],[-0.0997091,0.992468,0.0711729],[-0.0162684,-0.0731458,0.997189]],"s":1.00943,"sphereCenter":[16.2058,158.938,-1.31449],"sphereRadius":46.4445,"stabilizedPalmPosition":[30.0684,189.49,37.9583],"t":[-8.93076,77.0172,-31.8189],"timeVisible":0.144496,"type":"right","wrist":[26.6701,169.177,86.2898]}],"id":1439884,"interactionBox":{"center":[0,200,0],"size":[235.247,235.247,147.751]},"pointables":[{"bases":[[[0.64814,0.704941,0.288051],[-0.72913,0.465317,0.501846],[0.219737,-0.535293,0.815584]],[[0.505724,0.860392,-0.0630011],[-0.845428,0.508816,0.162349],[0.171739,-0.0288406,0.98472]],[[0.505724,0.860392,-0.0630011],[-0.852238,0.509596,0.118334],[0.133919,-0.00615256,0.990973]],[[0.505724,0.860392,-0.0630011],[-0.858041,0.509228,0.066724],[0.0894907,0.0203136,0.99578]]],"btipPosition":[-18.2552,169.046,-22.4783],"carpPosition":[-3.24716,167.889,82.1985],"dipPosition":[-16.1918,169.514,0.481998],"direction":[-0.133919,0.00615256,-0.990973],"extended":true,"handId":437,"id":4370,"length":51.3459,"mcpPosition":[-3.24716,167.889,82.1985],"pipPosition":[-11.6932,169.308,33.7703],"stabilizedTipPosition":[-17.6702,166.5,-16.0364],"timeVisible":0.144496,"tipPosition":[-17.9144,169.006,-17.1758],"tipVelocity":[-22.4848,559.895,-253.012],"tool":false,"touchDistance":0.568589,"touchZone":"hovering","type":0,"width":19.9506},{"bases":[[[0.965908,-0.246301,-0.0797339],[0.258525,0.901409,0.347313],[-0.0136707,-0.356086,0.934353]],[[0.965574,-0.230401,-0.120752],[0.235536,0.971404,0.0299359],[0.110402,-0.0573469,0.992231]],[[0.965574,-0.230401,-0.120752],[0.189738,0.941369,-0.27897],[0.177947,0.246455,0.952678]],[[0.965574,-0.230401,-0.120752],[0.145035,0.862196,-0.485369],[0.215942,0.451146,0.865931]]],"btipPosition":[-0.169757,200.854,-64.1685],"carpPosition":[11.3848,186.08,82.8161],"dipPosition":[3.46519,208.449,-49.5923],"direction":[-0.177947,-0.246455,-0.952678],"extended":true,"handId":437,"id":4371,"length":57.9381,"mcpPosition":[12.3757,211.89,15.0923],"pipPosition":[7.70266,214.317,-26.9061],"stabilizedTipPosition":[0.840811,201.006,-60.2353],"timeVisible":0.144496,"tipPosition":[0.607333,201.975,-60.6427],"tipVelocity":[-52.6246,635.367,-225.264],"tool":false,"touchDistance":0.318024,"touchZone":"hovering","type":1,"width":19.0568},{"bases":[[[0.896861,-0.442181,-0.0107986],[0.417738,0.838755,0.349262],[-0.14538,-0.317751,0.936963]],[[0.899807,-0.435175,-0.0311462],[0.342719,0.749202,-0.56678],[0.269983,0.499318,0.82328]],[[0.899807,-0.435175,-0.0311462],[0.087995,0.250941,-0.963995],[0.427322,0.864668,0.264092]],[[0.899807,-0.435175,-0.0311462],[-0.0790897,-0.0924933,-0.992567],[0.42906,0.895582,-0.117644]]],"btipPosition":[0.674349,142.167,-26.8206],"carpPosition":[23.4179,184.843,81.8994],"dipPosition":[8.61804,158.748,-28.9987],"direction":[-0.427322,-0.864668,-0.264092],"extended":false,"handId":437,"id":4372,"length":66.0158,"mcpPosition":[33.4108,206.684,17.4958],"pipPosition":[20.5899,182.972,-21.5999],"stabilizedTipPosition":[2.45779,142.648,-25.8278],"timeVisible":0.144496,"tipPosition":[2.39655,145.743,-26.7926],"tipVelocity":[8.3016,585.851,-274.1],"tool":false,"touchDistance":0.487261,"touchZone":"hovering","type":2,"width":18.7163},{"bases":[[[0.831632,-0.546083,0.100903],[0.4759,0.794464,0.377289],[-0.286195,-0.265746,0.920582]],[[0.834637,-0.543218,0.0910797],[0.478134,0.632458,-0.609413],[0.27344,0.552187,0.787604]],[[0.834637,-0.543218,0.0910797],[0.195868,0.138165,-0.970848],[0.514798,0.828145,0.221716]],[[0.834637,-0.543218,0.0910797],[0.00034404,-0.164845,-0.986319],[0.550801,0.82325,-0.137398]]],"btipPosition":[16.1443,134.855,-13.6824],"carpPosition":[34.7078,180.518,81.3219],"dipPosition":[26.2833,150.009,-16.2116],"direction":[-0.514798,-0.828145,-0.221716],"extended":false,"handId":437,"id":4373,"length":63.476,"mcpPosition":[52.37,196.918,24.5091],"pipPosition":[40.3334,172.612,-10.1605],"stabilizedTipPosition":[18.4826,135.884,-13.3696],"timeVisible":0.144496,"tipPosition":[18.7631,138.771,-15.0841],"tipVelocity":[0.537875,579.178,-232.008],"tool":false,"touchDistance":0.593128,"touchZone":"hovering","type":3,"width":17.8098},{"bases":[[[0.702778,-0.696882,0.143037],[0.572289,0.673236,0.468229],[-0.422598,-0.247202,0.871953]],[[0.629751,-0.726523,0.274913],[0.730043,0.432618,-0.529036],[0.265424,0.533859,0.802835]],[[0.629751,-0.726523,0.274913],[0.396476,-0.00371505,-0.918038],[0.667997,0.687132,0.285709]],[[0.629751,-0.726523,0.274913],[0.140344,-0.241668,-0.960156],[0.764013,0.643242,-0.0502273]]],"btipPosition":[32.4439,140.896,-1.85317],"carpPosition":[43.3947,169.536,80.5802],"dipPosition":[45.4184,151.82,-2.70613],"direction":[-0.667997,-0.687132,-0.285709],"extended":false,"handId":437,"id":4374,"length":49.764,"mcpPosition":[67.5369,183.658,30.7673],"pipPosition":[58.2904,165.061,2.79939],"stabilizedTipPosition":[35.4782,141.074,-1.19474],"timeVisible":0.144496,"tipPosition":[35.8782,143.545,-2.68451],"tipVelocity":[-12.1789,604.028,-237.11],"tool":false,"touchDistance":0.672464,"touchZone":"hovering","type":4,"width":15.82}],"r":[[0.994884,0.0982709,0.0234391],[-0.0997091,0.992468,0.0711729],[-0.0162684,-0.0731458,0.997189]],"s":1.00943,"t":[-8.93076,77.0172,-31.8189],"timestamp":89203203246},false],[2,{"currentFrameRate":54.5045,"devices":[],"gestures":[],"hands":[{"armBasis":[[0.951618,-0.281026,-0.124288],[0.301048,0.933711,0.193786],[0.0615901,-0.221827,0.973139]],"armWidth":62.778,"confidence":0.544768,"direction":[0.22595,0.503453,-0.833955],"elbow":[41.5595,117.061,341.029],"grabStrength":0,"id":437,"palmNormal":[-0.233134,-0.80327,-0.548093],"palmPosition":[29.1014,201.825,34.9838],"palmVelocity":[-55.7652,573.531,-175.128],"palmWidth":89.6448,"pinchStrength":0.775313,"r":[[0.992789,0.114956,0.0339946],[-0.11775,0.988326,0.0966819],[-0.0224835,-0.0999875,0.994735]],"s":1.01349,"sphereCenter":[16.6763,172.424,-6.10372],"sphereRadius":46.3217,"stabilizedPalmPosition":[29.225,200.247,35.3641],"t":[-9.92388,87.3466,-34.9225],"timeVisible":0.162596,"type":"right","wrist":[25.176,176.069,82.166]}],"id":1439885,"interactionBox":{"center":[0,200,0],"size":[235.247,235.247,147.751]},"pointables":[{"bases":[[[0.633211,0.688638,0.353302],[-0.745118,0.418891,0.518969],[0.209387,-0.591869,0.778363]],[[0.496243,0.868104,0.0117909],[-0.854671,0.486087,0.182366],[0.152581,-0.100575,0.98316]],[[0.496243,0.868104,0.0117909],[-0.860773,0.490191,0.137053],[0.113196,-0.0781609,0.990494]],[[0.496243,0.868104,0.0117909],[-0.865579,0.493658,0.0841109],[0.0671963,-0.0519454,0.996387]]],"btipPosition":[-17.4873,183.533,-27.2534],"carpPosition":[-4.63156,174.763,77.3446],"dipPosition":[-15.9379,182.335,-4.27908],"direction":[-0.113196,0.0781609,-0.990494],"extended":true,"handId":437,"id":4370,"length":51.3459,"mcpPosition":[-4.63156,174.763,77.3446],"pipPosition":[-12.1354,179.709,28.9931],"stabilizedTipPosition":[-17.2326,180.098,-20.8508],"timeVisible":0.162596,"tipPosition":[-17.252,183.103,-21.9641],"tipVelocity":[5.28388,664.21,-258.066],"tool":false,"touchDistance":0.473486,"touchZone":"hovering","type":0,"width":19.9506},{"bases":[[[0.970341,-0.229216,-0.0768063],[0.240039,0.875932,0.418479],[-0.0286448,-0.424504,0.904973]],[[0.970656,-0.210165,-0.116862],[0.222854,0.968761,0.108803],[0.090345,-0.131654,0.98717]],[[0.970656,-0.210165,-0.116862],[0.184197,0.962218,-0.20052],[0.154589,0.17311,0.972695]],[[0.970656,-0.210165,-0.116862],[0.145118,0.899451,-0.412223],[0.191747,0.383168,0.903557]]],"btipPosition":[1.10054,218.785,-66.1299],"carpPosition":[9.75728,193.016,79.6209],"dipPosition":[4.32822,225.235,-50.9203],"direction":[-0.154589,-0.17311,-0.972695],"extended":true,"handId":437,"id":4371,"length":57.9381,"mcpPosition":[11.8335,223.785,14.0267],"pipPosition":[8.00946,229.358,-27.7574],"stabilizedTipPosition":[1.74573,218.401,-62.3993],"timeVisible":0.162596,"tipPosition":[1.78337,219.587,-62.5003],"tipVelocity":[3.32592,797.445,-165.834],"tool":false,"touchDistance":0.318752,"touchZone":"hovering","type":1,"width":19.0568},{"bases":[[[0.902316,-0.430404,-0.0240426],[0.399943,0.815038,0.419236],[-0.160846,-0.387899,0.907559]],[[0.905319,-0.422654,-0.0419751],[0.345094,0.78958,-0.507419],[0.247605,0.444891,0.860676]],[[0.905319,-0.422654,-0.0419751],[0.105116,0.318711,-0.942005],[0.41152,0.848403,0.332963]],[[0.905319,-0.422654,-0.0419751],[-0.0563624,-0.0215953,-0.998177],[0.420977,0.906034,-0.0433724]]],"btipPosition":[1.79585,156.974,-32.9035],"carpPosition":[21.8213,191.981,78.8758],"dipPosition":[9.58989,173.748,-33.7065],"direction":[-0.41152,-0.848403,-0.332963],"extended":false,"handId":437,"id":4372,"length":66.0158,"mcpPosition":[32.8773,218.644,16.4934],"pipPosition":[21.119,197.517,-24.3782],"stabilizedTipPosition":[3.34019,156.839,-31.4939],"timeVisible":0.162596,"tipPosition":[3.51086,160.681,-32.7169],"tipVelocity":[32.9201,697.46,-295.266],"tool":false,"touchDistance":0.385368,"touchZone":"hovering","type":2,"width":18.7163},{"bases":[[[0.836077,-0.543004,0.0782392],[0.458056,0.769424,0.445165],[-0.301925,-0.336354,0.892024]],[[0.83845,-0.540314,0.0711483],[0.480717,0.671753,-0.563613],[0.256734,0.506763,0.822969]],[[0.83845,-0.540314,0.0711483],[0.206938,0.194876,-0.958749],[0.50416,0.818587,0.275205]],[[0.83845,-0.540314,0.0711483],[0.0151741,-0.107356,-0.994105],[0.544767,0.834587,-0.0818142]]],"btipPosition":[16.7177,148.58,-19.0571],"carpPosition":[33.1736,187.834,78.2246],"dipPosition":[26.7457,163.943,-20.5631],"direction":[-0.50416,-0.818587,-0.275205],"extended":false,"handId":437,"id":4373,"length":63.476,"mcpPosition":[51.8066,208.591,23.1743],"pipPosition":[40.5054,186.284,-13.052],"stabilizedTipPosition":[18.9303,149.299,-18.3572],"timeVisible":0.162596,"tipPosition":[19.4221,152.737,-20.4293],"tipVelocity":[14.6788,665.622,-256.708],"tool":false,"touchDistance":0.490059,"touchZone":"hovering","type":3,"width":17.8098},{"bases":[[[0.708259,-0.6979,0.106319],[0.554035,0.642841,0.528962],[-0.437509,-0.315738,0.841959]],[[0.633736,-0.737704,0.232748],[0.731616,0.473886,-0.490071],[0.251232,0.480858,0.840035]],[[0.633736,-0.737704,0.232748],[0.405117,0.0601944,-0.912281],[0.658984,0.672435,0.337004]],[[0.633736,-0.737704,0.232748],[0.152209,-0.176081,-0.972537],[0.758427,0.651758,0.000696559]]],"btipPosition":[32.6738,154.292,-7.00745],"carpPosition":[42.0098,177.032,76.8616],"dipPosition":[45.5534,165.36,-6.99562],"direction":[-0.658984,-0.672435,-0.337004],"extended":false,"handId":437,"id":4374,"length":49.764,"mcpPosition":[67.0038,195.069,28.7622],"pipPosition":[58.2518,178.318,-0.501673],"stabilizedTipPosition":[35.6107,154.306,-6.07157],"timeVisible":0.162596,"tipPosition":[36.2066,157.071,-7.75195],"tipVelocity":[-0.917695,669.624,-254.551],"tool":false,"touchDistance":0.56422,"touchZone":"hovering","type":4,"width":15.82}],"r":[[0.992789,0.114956,0.0339946],[-0.11775,0.988326,0.0966819],[-0.0224835,-0.0999875,0.994735]],"s":1.01349,"t":[-9.92388,87.3466,-34.9225],"timestamp":89203221346},false],[3,{"currentFrameRate":54.5658,"devices":[],"gestures":[],"hands":[{"armBasis":[[0.949441,-0.28112,-0.139758],[0.302138,0.939137,0.16351],[0.0852857,-0.197469,0.976592]],"armWidth":62.778,"confidence":0.605481,"direction":[0.22907,0.503851,-0.832863],"elbow":[47.0459,131.858,339.444],"grabStrength":0,"id":437,"palmNormal":[-0.228815,-0.803767,-0.549183],"palmPosition":[28.4667,210.147,32.498],"palmVelocity":[-45.9035,519.266,-157.101],"palmWidth":89.6448,"pinchStrength":0.774428,"r":[[0.99075,0.128449,0.0437597],[-0.132763,0.984247,0.116754],[-0.0280734,-0.121484,0.992196]],"s":1.01781,"sphereCenter":[16.4583,180.821,-8.58465],"sphereRadius":46.1892,"stabilizedPalmPosition":[28.5478,209.089,32.8044],"t":[-10.7378,96.6725,-37.7172],"timeVisible":0.180708,"type":"right","wrist":[24.3592,184.386,79.662]}],"id":1439886,"interactionBox":{"center":[0,200,0],"size":[235.247,235.247,147.751]},"pointables":[{"bases":[[[0.630079,0.689921,0.356382],[-0.748512,0.417436,0.515245],[0.206712,-0.591402,0.779432]],[[0.494601,0.868999,0.0144857],[-0.856292,0.484381,0.179273],[0.148771,-0.101072,0.983693]],[[0.494601,0.868999,0.0144857],[-0.862417,0.488653,0.132119],[0.107732,-0.0778387,0.991128]],[[0.494601,0.868999,0.0144857],[-0.867076,0.492227,0.0767539],[0.0595689,-0.0505228,0.996945]]],"btipPosition":[-17.7303,191.771,-29.9651],"carpPosition":[-5.42143,183.021,74.6932],"dipPosition":[-16.3568,190.606,-6.9779],"direction":[-0.107732,0.0778387,-0.991128],"extended":true,"handId":437,"id":4370,"length":51.3459,"mcpPosition":[-5.42143,183.021,74.6932],"pipPosition":[-12.7379,187.992,26.3156],"stabilizedTipPosition":[-17.3846,189.635,-24.0509],"timeVisible":0.180708,"tipPosition":[-17.5438,191.346,-24.6734],"tipVelocity":[-4.68023,564.791,-206.429],"tool":false,"touchDistance":0.41884,"touchZone":"hovering","type":0,"width":19.9506},{"bases":[[[0.971164,-0.227284,-0.0719865],[0.236217,0.876435,0.419599],[-0.0322766,-0.424504,0.904851]],[[0.971636,-0.208081,-0.112362],[0.220305,0.96918,0.11025],[0.0859584,-0.131877,0.987532]],[[0.971636,-0.208081,-0.112362],[0.183248,0.962831,-0.198435],[0.149477,0.172217,0.973652]],[[0.971636,-0.208081,-0.112362],[0.145446,0.900481,-0.409852],[0.186463,0.381885,0.905205]]],"btipPosition":[0.922401,227.124,-68.7683],"carpPosition":[8.91953,201.303,77.0395],"dipPosition":[4.06113,233.553,-53.531],"direction":[-0.149477,-0.172217,-0.973652],"extended":true,"handId":437,"id":4371,"length":57.9381,"mcpPosition":[11.259,232.072,11.4542],"pipPosition":[7.62062,237.654,-30.3453],"stabilizedTipPosition":[1.65209,227.82,-65.044],"timeVisible":0.180708,"tipPosition":[1.592,227.922,-65.1334],"tipVelocity":[-3.47463,636.931,-156.072],"tool":false,"touchDistance":0.305133,"touchZone":"hovering","type":1,"width":19.0568},{"bases":[[[0.903281,-0.428605,-0.0195456],[0.396237,0.81586,0.421152],[-0.164561,-0.388163,0.906779]],[[0.906115,-0.4215,-0.0359755],[0.346329,0.787969,-0.509079],[0.242924,0.448825,0.859968]],[[0.906115,-0.4215,-0.0359755],[0.109762,0.316384,-0.94226],[0.408544,0.849847,0.332945]],[[0.906115,-0.4215,-0.0359755],[-0.0502764,-0.0228601,-0.998474],[0.420034,0.90654,-0.0419053]]],"btipPosition":[1.5422,165.066,-35.3646],"carpPosition":[20.9891,200.291,76.3542],"dipPosition":[9.31879,181.849,-36.1404],"direction":[-0.408544,-0.849847,-0.332945],"extended":false,"handId":437,"id":4372,"length":66.0158,"mcpPosition":[32.3005,226.972,14.0253],"pipPosition":[20.7646,205.659,-26.8127],"stabilizedTipPosition":[3.3326,166.625,-34.7722],"timeVisible":0.180708,"tipPosition":[3.2721,168.853,-35.2558],"tipVelocity":[10.4847,578.228,-219.255],"tool":false,"touchDistance":0.343343,"touchZone":"hovering","type":2,"width":18.7163},{"bases":[[[0.836761,-0.54133,0.0824153],[0.454312,0.770364,0.447371],[-0.305665,-0.3369,0.890543]],[[0.838467,-0.539427,0.077406],[0.479145,0.662077,-0.576259],[0.259601,0.520263,0.813593]],[[0.838467,-0.539427,0.077406],[0.199668,0.171932,-0.964662],[0.507056,0.824293,0.251866]],[[0.838467,-0.539427,0.077406],[0.00683685,-0.131618,-0.991277],[0.544909,0.831682,-0.10667]]],"btipPosition":[15.9198,156.25,-19.9236],"carpPosition":[32.3528,196.167,75.7594],"dipPosition":[25.9504,171.56,-21.8871],"direction":[-0.507056,-0.824293,-0.251866],"extended":false,"handId":437,"id":4373,"length":63.476,"mcpPosition":[51.2166,216.958,20.8005],"pipPosition":[39.7892,194.057,-15.0131],"stabilizedTipPosition":[18.3247,158.315,-20.0944],"timeVisible":0.180708,"tipPosition":[18.7354,160.514,-21.704],"tipVelocity":[-13.2537,550.083,-160.08],"tool":false,"touchDistance":0.459811,"touchZone":"hovering","type":3,"width":17.8098},{"bases":[[[0.709115,-0.696479,0.109873],[0.550127,0.643978,0.531651],[-0.44104,-0.316558,0.839806]],[[0.634765,-0.736149,0.234858],[0.728681,0.469152,-0.49892],[0.257095,0.487833,0.834219]],[[0.634765,-0.736149,0.234858],[0.397494,0.0504447,-0.916217],[0.662625,0.674937,0.324636]],[[0.634765,-0.736149,0.234858],[0.144783,-0.18525,-0.971967],[0.75902,0.650974,-0.0110084]]],"btipPosition":[31.7984,162.412,-8.66536],"carpPosition":[41.2171,185.383,74.4409],"dipPosition":[44.688,173.467,-8.8523],"direction":[-0.662625,-0.674937,-0.324636],"extended":false,"handId":437,"id":4374,"length":49.764,"mcpPosition":[66.4128,203.467,26.4645],"pipPosition":[57.4566,186.473,-2.59669],"stabilizedTipPosition":[34.8763,163.532,-8.35598],"timeVisible":0.180708,"tipPosition":[35.4528,165.239,-9.59819],"tipVelocity":[-23.4214,564.227,-178.179],"tool":false,"touchDistance":0.515577,"touchZone":"hovering","type":4,"width":15.82}],"r":[[0.99075,0.128449,0.0437597],[-0.132763,0.984247,0.116754],[-0.0280734,-0.121484,0.992196]],"s":1.01781,"t":[-10.7378,96.6725,-37.7172],"timestamp":89203239458},false],[4,{"currentFrameRate":54.6395,"devices":[],"gestures":[],"hands":[{"armBasis":[[0.946463,-0.294863,-0.131391],[0.312933,0.937984,0.149196],[0.0792504,-0.182325,0.980039]],"armWidth":62.778,"confidence":0.655383,"direction":[0.230817,0.504117,-0.83222],"elbow":[45.2035,143.31,337.486],"grabStrength":0,"id":437,"palmNormal":[-0.237878,-0.800124,-0.550651],"palmPosition":[28.3041,217.666,29.6819],"palmVelocity":[-28.3949,470.589,-156.611],"palmWidth":89.6448,"pinchStrength":0.77584,"r":[[0.989212,0.137253,0.0511939],[-0.142971,0.98071,0.133294],[-0.0319113,-0.139175,0.989753]],"s":1.02218,"sphereCenter":[16.367,188.477,-11.3867],"sphereRadius":46.0828,"stabilizedPalmPosition":[28.3277,216.836,29.9842],"t":[-11.226,105.095,-40.5226],"timeVisible":0.198752,"type":"right","wrist":[24.1223,191.81,76.7874]}],"id":1439887,"interactionBox":{"center":[0,200,0],"size":[235.247,235.247,147.751]},"pointables":[{"bases":[[[0.637454,0.683216,0.356185],[-0.742997,0.422698,0.518923],[0.203978,-0.595434,0.777079]],[[0.502906,0.864191,0.0161218],[-0.850774,0.491635,0.185684],[0.15254,-0.107097,0.982477]],[[0.502906,0.864191,0.0161218],[-0.857619,0.496586,0.13376],[0.107588,-0.0810949,0.990883]],[[0.502906,0.864191,0.0161218],[-0.862646,0.500665,0.0719478],[0.054105,-0.0500904,0.997278]]],"btipPosition":[-18.0493,199.873,-32.6829],"carpPosition":[-5.68591,190.727,71.915],"dipPosition":[-16.8018,198.718,-9.68808],"direction":[-0.107588,0.0810949,-0.990883],"extended":false,"handId":437,"id":4370,"length":51.3459,"mcpPosition":[-5.68591,190.727,71.915],"pipPosition":[-13.1878,195.994,23.5972],"stabilizedTipPosition":[-17.7081,198.173,-26.9131],"timeVisible":0.198752,"tipPosition":[-17.9501,199.456,-27.3827],"tipVelocity":[-11.6113,509.897,-179.898],"tool":false,"touchDistance":0.369548,"touchZone":"hovering","type":0,"width":19.9506},{"bases":[[[0.968832,-0.235809,-0.075887],[0.2455,0.873087,0.421246],[-0.0330775,-0.426747,0.903766]],[[0.969339,-0.21636,-0.116492],[0.229314,0.966837,0.112435],[0.0883028,-0.135701,0.986807]],[[0.969339,-0.21636,-0.116492],[0.191201,0.961884,-0.195506],[0.154352,0.167238,0.973759]],[[0.969339,-0.21636,-0.116492],[0.152208,0.900841,-0.406593],[0.192912,0.376396,0.906152]]],"btipPosition":[0.563918,235.229,-71.4529],"carpPosition":[8.82688,208.872,74.2641],"dipPosition":[3.8112,241.565,-56.1997],"direction":[-0.154352,-0.167238,-0.973759],"extended":true,"handId":437,"id":4371,"length":57.9381,"mcpPosition":[11.2244,239.804,8.75735],"pipPosition":[7.48679,245.548,-33.0115],"stabilizedTipPosition":[1.3335,236.097,-67.7517],"timeVisible":0.198752,"tipPosition":[1.25929,236.009,-67.8171],"tipVelocity":[-10.5977,547.265,-152.516],"tool":false,"touchDistance":0.291476,"touchZone":"hovering","type":1,"width":19.0568},{"bases":[[[0.899313,-0.436658,-0.0237801],[0.404973,0.811071,0.422092],[-0.165022,-0.389223,0.906241]],[[0.901897,-0.430219,-0.0386308],[0.351475,0.782914,-0.513334],[0.251091,0.449397,0.857319]],[[0.901897,-0.430219,-0.0386308],[0.109229,0.313679,-0.943226],[0.417912,0.846473,0.329898]],[[0.901897,-0.430219,-0.0386308],[-0.0533773,-0.0222554,-0.998326],[0.42864,0.90245,-0.043036]]],"btipPosition":[0.659721,172.745,-37.9144],"carpPosition":[20.8845,207.754,73.5353],"dipPosition":[8.59563,189.453,-38.7112],"direction":[-0.417912,-0.846473,-0.329898],"extended":false,"handId":437,"id":4372,"length":66.0158,"mcpPosition":[32.2276,234.508,11.2434],"pipPosition":[20.3038,213.167,-29.4688],"stabilizedTipPosition":[2.62543,174.937,-37.5467],"timeVisible":0.198752,"tipPosition":[2.46248,176.628,-37.9419],"tipVelocity":[-16.7385,505.316,-182.39],"tool":false,"touchDistance":0.312866,"touchZone":"hovering","type":2,"width":18.7163},{"bases":[[[0.832122,-0.549067,0.078089],[0.462723,0.76498,0.447988],[-0.305712,-0.336647,0.890623]],[[0.833609,-0.547412,0.0737268],[0.479044,0.650053,-0.589871],[0.274976,0.52704,0.804125]],[[0.833609,-0.547412,0.0737268],[0.18665,0.153545,-0.970353],[0.519863,0.822657,0.230171]],[[0.833609,-0.547412,0.0737268],[-0.00980557,-0.148122,-0.98892],[0.552267,0.823651,-0.128844]]],"btipPosition":[14.6167,163.491,-21.38],"carpPosition":[32.2085,203.529,72.8908],"dipPosition":[24.7827,178.653,-23.7517],"direction":[-0.519863,-0.822657,-0.230171],"extended":false,"handId":437,"id":4373,"length":63.476,"mcpPosition":[51.0752,224.305,17.927],"pipPosition":[38.971,201.105,-17.4698],"stabilizedTipPosition":[17.1061,166.022,-21.7233],"timeVisible":0.198752,"tipPosition":[17.5369,167.782,-23.444],"tipVelocity":[-40.4198,478.578,-124.883],"tool":false,"touchDistance":0.423909,"touchZone":"hovering","type":3,"width":17.8098},{"bases":[[[0.703176,-0.703138,0.105543],[0.557676,0.6375,0.531593],[-0.441067,-0.314945,0.840399]],[[0.630695,-0.741799,0.227943],[0.724153,0.45698,-0.5165],[0.278974,0.490819,0.825391]],[[0.630695,-0.741799,0.227943],[0.373913,0.0330976,-0.926873],[0.680009,0.669805,0.298243]],[[0.630695,-0.741799,0.227943],[0.115791,-0.200486,-0.97283],[0.767343,0.639953,-0.0405523]]],"btipPosition":[30.3152,169.789,-10.3099],"carpPosition":[40.9709,192.67,71.5124],"dipPosition":[43.3462,180.657,-10.9985],"direction":[-0.680009,-0.669805,-0.298243],"extended":false,"handId":437,"id":4374,"length":49.764,"mcpPosition":[66.1682,210.662,23.5022],"pipPosition":[56.4497,193.563,-5.2515],"stabilizedTipPosition":[33.484,171.327,-10.2363],"timeVisible":0.198752,"tipPosition":[34.1589,172.618,-11.599],"tipVelocity":[-50.4608,489.342,-139.906],"tool":false,"touchDistance":0.470954,"touchZone":"hovering","type":4,"width":15.82}],"r":[[0.989212,0.137253,0.0511939],[-0.142971,0.98071,0.133294],[-0.0319113,-0.139175,0.989753]],"s":1.02218,"t":[-11.226,105.095,-40.5226],"timestamp":89203257502},false],[5,{"currentFrameRate":54.6833,"devices":[],"gestures":[],"hands":[{"armBasis":[[0.94373,-0.313449,-0.105467],[0.32606,0.93519,0.138222],[0.0553062,-0.164833,0.98477]],"armWidth":62.778,"confidence":0.681556,"direction":[0.230013,0.507453,-0.830413],"elbow":[39.0064,154.288,336.573],"grabStrength":0,"id":437,"palmNormal":[-0.251022,-0.793481,-0.554414],"palmPosition":[28.4018,224.278,27.6634],"palmVelocity":[-12.3066,420.119,-135.037],"palmWidth":89.6448,"pinchStrength":0.783683,"r":[[0.988299,0.141914,0.0559128],[-0.148772,0.977728,0.148039],[-0.0336586,-0.154625,0.9874]],"s":1.02592,"sphereCenter":[16.3463,195.357,-13.4462],"sphereRadius":45.9884,"stabilizedPalmPosition":[28.3954,223.64,27.8622],"t":[-11.4213,112.612,-42.9346],"timeVisible":0.216886,"type":"right","wrist":[24.2945,198.135,74.6164]}],"id":1439888,"interactionBox":{"center":[0,200,0],"size":[235.247,235.247,147.751]},"pointables":[{"bases":[[[0.647761,0.673537,0.356026],[-0.734218,0.427205,0.527655],[0.203299,-0.603195,0.771249]],[[0.513776,0.857679,0.0205032],[-0.842852,0.500145,0.198635],[0.160111,-0.119335,0.979859]],[[0.513776,0.857679,0.0205032],[-0.851233,0.506645,0.136795],[0.106939,-0.0877352,0.990387]],[[0.513776,0.857679,0.0205032],[-0.856933,0.511888,0.0602997],[0.0412225,-0.0485504,0.99797]]],"btipPosition":[-17.9775,207.353,-34.5],"carpPosition":[-5.56055,197.417,69.9685],"dipPosition":[-17.027,206.233,-11.4892],"direction":[-0.106939,0.0877352,-0.990387],"extended":false,"handId":437,"id":4370,"length":51.3459,"mcpPosition":[-5.56055,197.417,69.9685],"pipPosition":[-13.4347,203.286,21.7794],"stabilizedTipPosition":[-17.7528,206.037,-28.9355],"timeVisible":0.216886,"tipPosition":[-18.1264,206.977,-29.1686],"tipVelocity":[-5.98774,463.706,-141.844],"tool":false,"touchDistance":0.338725,"touchZone":"hovering","type":0,"width":19.9506},{"bases":[[[0.965528,-0.246002,-0.0850818],[0.258462,0.867278,0.425472],[-0.0308776,-0.432796,0.900963]],[[0.965932,-0.226037,-0.126023],[0.240826,0.963377,0.117929],[0.0947518,-0.144261,0.984993]],[[0.965932,-0.226037,-0.126023],[0.200343,0.96137,-0.18876],[0.163822,0.157081,0.973903]],[[0.965932,-0.226037,-0.126023],[0.159166,0.902852,-0.399406],[0.204061,0.365741,0.908071]]],"btipPosition":[0.0628556,242.962,-73.1403],"carpPosition":[9.17144,215.383,72.3325],"dipPosition":[3.49782,249.119,-57.8547],"direction":[-0.163822,-0.157081,-0.973903],"extended":true,"handId":437,"id":4371,"length":57.9381,"mcpPosition":[11.4095,246.753,7.02895],"pipPosition":[7.39892,252.859,-34.6631],"stabilizedTipPosition":[0.879246,243.924,-69.5219],"timeVisible":0.216886,"tipPosition":[0.804314,243.697,-69.5018],"tipVelocity":[-17.5766,488.626,-123.998],"tool":false,"touchDistance":0.289531,"touchZone":"hovering","type":1,"width":19.0568},{"bases":[[[0.894176,-0.446434,-0.0338538],[0.417234,0.80349,0.42464],[-0.162373,-0.393828,0.904729]],[[0.896321,-0.440984,-0.0462741],[0.35422,0.774903,-0.523501],[0.266713,0.452833,0.850768]],[[0.896321,-0.440984,-0.0462741],[0.101177,0.305014,-0.946958],[0.431708,0.844097,0.318008]],[[0.896321,-0.440984,-0.0462741],[-0.0648692,-0.0271759,-0.997524],[0.438634,0.897103,-0.0529646]]],"btipPosition":[-0.510481,179.446,-39.0156],"carpPosition":[21.2099,214.137,71.5021],"dipPosition":[7.61047,196.055,-39.9962],"direction":[-0.431708,-0.844097,-0.318008],"extended":false,"handId":437,"id":4372,"length":66.0158,"mcpPosition":[32.3708,241.207,9.31418],"pipPosition":[19.7052,219.703,-31.0869],"stabilizedTipPosition":[1.52385,182.172,-39.0187],"timeVisible":0.216886,"tipPosition":[1.42639,183.562,-39.4335],"tipVelocity":[-38.3831,440.046,-125.555],"tool":false,"touchDistance":0.306594,"touchZone":"hovering","type":2,"width":18.7163},{"bases":[[[0.826521,-0.558815,0.0677394],[0.474664,0.756577,0.449761],[-0.302583,-0.339583,0.890577]],[[0.828033,-0.5571,0.063259],[0.477446,0.641456,-0.600483],[0.293951,0.527422,0.797132]],[[0.828033,-0.5571,0.063259],[0.171431,0.144137,-0.974595],[0.533829,0.817841,0.214854]],[[0.828033,-0.5571,0.063259],[-0.0284332,-0.154403,-0.987599],[0.559958,0.815965,-0.143691]]],"btipPosition":[13.3378,170.19,-22.529],"carpPosition":[32.4807,209.791,70.7398],"dipPosition":[23.6454,185.21,-25.174],"direction":[-0.533829,-0.817841,-0.214854],"extended":false,"handId":437,"id":4373,"length":63.476,"mcpPosition":[51.1543,230.748,15.7788],"pipPosition":[38.2149,207.531,-19.3101],"stabilizedTipPosition":[15.8253,173.008,-23.0193],"timeVisible":0.216886,"tipPosition":[16.3258,174.476,-24.7487],"tipVelocity":[-53.9026,425.724,-97.2335],"tool":false,"touchDistance":0.396673,"touchZone":"hovering","type":3,"width":17.8098},{"bases":[[[0.696079,-0.711637,0.0951078],[0.56883,0.627457,0.531723],[-0.43807,-0.316021,0.841561]],[[0.625237,-0.749926,0.216077],[0.721061,0.449164,-0.527564],[0.29858,0.485657,0.821576]],[[0.625237,-0.749926,0.216077],[0.35556,0.0272542,-0.934256],[0.694734,0.66096,0.283684]],[[0.625237,-0.749926,0.216077],[0.0929926,-0.203307,-0.974689],[0.774875,0.629505,-0.0573773]]],"btipPosition":[29.189,176.553,-11.9729],"carpPosition":[41.1106,198.845,69.2167],"dipPosition":[42.3479,187.243,-12.9472],"direction":[-0.694734,-0.66096,-0.283684],"extended":false,"handId":437,"id":4374,"length":49.764,"mcpPosition":[66.1366,216.898,21.1401],"pipPosition":[55.7351,199.98,-7.48074],"stabilizedTipPosition":[32.3278,178.331,-12.0234],"timeVisible":0.216886,"tipPosition":[33.0798,179.342,-13.3928],"tipVelocity":[-55.2346,432.863,-118.675],"tool":false,"touchDistance":0.431262,"touchZone":"hovering","type":4,"width":15.82}],"r":[[0.988299,0.141914,0.0559128],[-0.148772,0.977728,0.148039],[-0.0336586,-0.154625,0.9874]],"s":1.02592,"t":[-11.4213,112.612,-42.9346],"timestamp":89203275636},false],[6,{"currentFrameRate":54.7147,"devices":[],"gestures":[],"hands":[{"armBasis":[[0.939719,-0.320183,-0.120045],[0.336492,0.928327,0.158059],[0.0608331,-0.188925,0.980105]],"armWidth":62.778,"confidence":0.705156,"direction":[0.230583,0.509924,-0.82874],"elbow":[40.902,153.892,332.972],"grabStrength":0,"id":437,"palmNormal":[-0.264071,-0.786934,-0.557674],"palmPosition":[28.8299,230.536,25.4406],"palmVelocity":[4.80082,384.047,-128.986],"palmWidth":89.6448,"pinchStrength":0.793689,"r":[[0.987961,0.143171,0.0586101],[-0.150902,0.975317,0.161203],[-0.0340838,-0.168107,0.985179]],"s":1.02939,"sphereCenter":[16.6809,201.934,-15.6658],"sphereRadius":45.8329,"stabilizedPalmPosition":[28.7953,229.986,25.6337],"t":[-11.3049,119.5,-45.2519],"timeVisible":0.235053,"type":"right","wrist":[24.7199,204.147,72.256]}],"id":1439889,"interactionBox":{"center":[0,200,0],"size":[235.247,235.247,147.751]},"pointables":[{"bases":[[[0.658045,0.663551,0.355916],[-0.72561,0.432537,0.535165],[0.201162,-0.610419,0.766108]],[[0.525311,0.850549,0.0248097],[-0.834679,0.509404,0.209328],[0.165406,-0.130671,0.977531]],[[0.525311,0.850549,0.0248097],[-0.844612,0.51766,0.136597],[0.103339,-0.0927102,0.990316]],[[0.525311,0.850549,0.0248097],[-0.850562,0.524039,0.0438922],[0.0243312,-0.0441593,0.998728]]],"btipPosition":[-17.3383,214.372,-36.5674],"carpPosition":[-5.17142,203.813,67.8017],"dipPosition":[-16.7773,213.354,-13.5391],"direction":[-0.103339,0.0927102,-0.990316],"extended":false,"handId":437,"id":4370,"length":51.3459,"mcpPosition":[-5.17142,203.813,67.8017],"pipPosition":[-13.306,210.24,19.7271],"stabilizedTipPosition":[-17.2633,213.333,-31.0387],"timeVisible":0.235053,"tipPosition":[-17.7822,214.079,-31.2006],"tipVelocity":[11.2936,427.441,-128.364],"tool":false,"touchDistance":0.313263,"touchZone":"hovering","type":0,"width":19.9506},{"bases":[[[0.961955,-0.256886,-0.0930138],[0.271542,0.86145,0.429149],[-0.0301157,-0.438079,0.898432]],[[0.96232,-0.236384,-0.1344],[0.252914,0.959626,0.123097],[0.0998758,-0.152451,0.983252]],[[0.96232,-0.236384,-0.1344],[0.210558,0.960533,-0.181775],[0.172064,0.146626,0.974112]],[[0.96232,-0.236384,-0.1344],[0.167542,0.904738,-0.391637],[0.214174,0.354363,0.910251]]],"btipPosition":[0.0411868,250.337,-75.0773],"carpPosition":[9.78838,221.588,70.18],"dipPosition":[3.64637,256.302,-59.755],"direction":[-0.172064,-0.146626,-0.974112],"extended":true,"handId":437,"id":4371,"length":57.9381,"mcpPosition":[11.9712,253.341,5.05988],"pipPosition":[7.74376,259.794,-36.5584],"stabilizedTipPosition":[0.870796,251.344,-71.4578],"timeVisible":0.235053,"tipPosition":[0.822807,251.013,-71.4328],"tipVelocity":[-8.73551,448.043,-115.491],"tool":false,"touchDistance":0.282677,"touchZone":"hovering","type":1,"width":19.0568},{"bases":[[[0.888562,-0.456778,-0.0425646],[0.429536,0.795792,0.426866],[-0.16111,-0.39758,0.903313]],[[0.890298,-0.45233,-0.0526034],[0.356443,0.764099,-0.537681],[0.283404,0.459946,0.841506]],[[0.890298,-0.45233,-0.0526034],[0.0913032,0.29048,-0.952515],[0.446131,0.84322,0.299913]],[[0.890298,-0.45233,-0.0526034],[-0.0782523,-0.0381672,-0.996203],[0.448604,0.891034,-0.069376]]],"btipPosition":[-1.38294,185.57,-39.9077],"carpPosition":[21.8055,220.204,69.262],"dipPosition":[6.9226,202.067,-41.1921],"direction":[-0.446131,-0.84322,-0.299913],"extended":false,"handId":437,"id":4372,"length":66.0158,"mcpPosition":[32.8796,247.532,7.17146],"pipPosition":[19.4214,225.691,-32.7898],"stabilizedTipPosition":[0.626512,188.649,-40.0852],"timeVisible":0.235053,"tipPosition":[0.701364,189.933,-40.7921],"tipVelocity":[-41.8666,390.287,-90.9305],"tool":false,"touchDistance":0.302617,"touchZone":"hovering","type":2,"width":18.7163},{"bases":[[[0.820243,-0.568988,0.0587722],[0.486567,0.748044,0.451312],[-0.300755,-0.341589,0.890429]],[[0.821849,-0.567142,0.0539803],[0.476351,0.632114,-0.611164],[0.312495,0.527998,0.789661]],[[0.821849,-0.567142,0.0539803],[0.154933,0.131319,-0.979158],[0.548233,0.813084,0.195793]],[[0.821849,-0.567142,0.0539803],[-0.0493204,-0.165225,-0.985022],[0.567566,0.806877,-0.163761]]],"btipPosition":[12.4134,176.525,-23.6433],"carpPosition":[33.0186,215.73,68.3979],"dipPosition":[22.861,191.378,-26.6577],"direction":[-0.548233,-0.813084,-0.195793],"extended":false,"handId":437,"id":4373,"length":63.476,"mcpPosition":[51.5794,236.811,13.4461],"pipPosition":[37.8237,213.569,-21.3141],"stabilizedTipPosition":[14.8801,179.503,-24.2534],"timeVisible":0.235053,"tipPosition":[15.4667,180.792,-26.079],"tipVelocity":[-51.617,387.979,-82.3438],"tool":false,"touchDistance":0.37235,"touchZone":"hovering","type":3,"width":17.8098},{"bases":[[[0.688175,-0.720424,0.0860514],[0.579726,0.617302,0.531842],[-0.436271,-0.316114,0.84246]],[[0.619,-0.758111,0.205198],[0.715178,0.436105,-0.546199],[0.324591,0.48485,0.812133]],[[0.619,-0.758111,0.205198],[0.329999,0.0139647,-0.943878],[0.712699,0.651976,0.25882]],[[0.619,-0.758111,0.205198],[0.0633362,-0.212234,-0.975164],[0.782833,0.616623,-0.0833569]]],"btipPosition":[28.0956,182.826,-13.2422],"carpPosition":[41.5075,204.692,66.7494],"dipPosition":[41.3897,193.297,-14.6578],"direction":[-0.712699,-0.651976,-0.25882],"extended":false,"handId":437,"id":4374,"length":49.764,"mcpPosition":[66.4307,222.751,18.6214],"pipPosition":[55.1231,205.861,-9.67044],"stabilizedTipPosition":[31.2363,184.746,-13.4586],"timeVisible":0.235053,"tipPosition":[32.1258,185.604,-14.9464],"tipVelocity":[-56.7789,389.776,-98.0653],"tool":false,"touchDistance":0.400906,"touchZone":"hovering","type":4,"width":15.82}],"r":[[0.987961,0.143171,0.0586101