{"sensorType":"Leap","data":[[0,{"currentFrameRate":55.3642,"devices":[],"gestures":[],"hands":[{"armBasis":[[0.973609,-0.167425,-0.155094],[0.211995,0.91513,0.342921],[0.0845173,-0.36675,0.926472]],"armWidth":54.2932,"confidence":0.612629,"direction":[0.218488,0.537278,-0.814614],"elbow":[19.9449,150.22,270.017],"grabStrength":0,"id":434,"palmNormal":[-0.160961,-0.803506,-0.573123],"palmPosition":[3.71026,258.021,16.7065],"palmVelocity":[33.9781,335.398,-116.949],"palmWidth":77.5289,"pinchStrength":0.650206,"r":[[0.00498662,0.136384,0.990644],[-0.737122,0.669936,-0.0885209],[-0.675741,-0.729784,0.103872]],"s":2.18208,"sphereCenter":[-18.7892,247.815,-19.5567],"sphereRadius":43.9108,"stabilizedPalmPosition":[3.67743,257.706,16.8385],"t":[101.606,3.80957,-129.381],"timeVisible":48.2107,"type":"right","wrist":[0.501158,234.593,56.876]}],"id":1437448,"interactionBox":{"center":[0,200,0],"size":[235.247,235.247,147.751]},"pointables":[{"bases":[[[0.573899,0.720367,0.389503],[-0.787877,0.35596,0.502536],[0.223363,-0.595285,0.771845]],[[0.494848,0.851674,0.172559],[-0.811724,0.382151,0.441661],[0.310208,-0.358626,0.880431]],[[0.494848,0.851674,0.172559],[-0.867765,0.494811,0.0463315],[-0.0459249,-0.172668,0.983909]],[[0.494848,0.851674,0.172559],[-0.763907,0.521006,-0.380787],[-0.414211,0.0566125,0.908419]]],"btipPosition":[-28.596,251,-32.3327],"carpPosition":[-24.9961,231.859,51.8135],"dipPosition":[-36.8559,252.129,-14.2177],"direction":[0.0459249,0.172668,-0.983909],"extended":false,"handId":434,"id":4340,"length":44.4063,"mcpPosition":[-24.9961,231.859,51.8135],"pipPosition":[-38.1901,247.113,14.3663],"stabilizedTipPosition":[-30.5508,250.917,-28.0414],"timeVisible":48.2107,"tipPosition":[-32.648,251.434,-28.3036],"tipVelocity":[63.9447,336.331,-101.316],"tool":false,"touchDistance":0.252925,"touchZone":"hovering","type":0,"width":17.2542},{"bases":[[[0.985494,-0.162492,-0.0489644],[0.167159,0.879569,0.445439],[-0.0293127,-0.447162,0.893972]],[[0.982559,-0.111285,-0.148978],[0.177018,0.805127,0.56607],[0.056951,-0.582568,0.810784]],[[0.982559,-0.111285,-0.148978],[0.163426,0.899007,0.406298],[0.0887171,-0.423559,0.901514]],[[0.982559,-0.111285,-0.148978],[0.147664,0.953882,0.261351],[0.113023,-0.278791,0.953678]]],"btipPosition":[-17.4279,310.521,-63.6222],"carpPosition":[-13.7081,248.383,54.547],"dipPosition":[-15.7825,306.463,-49.7386],"direction":[-0.0887171,0.423559,-0.901514],"extended":true,"handId":434,"id":4341,"length":50.1075,"mcpPosition":[-11.8706,276.414,-1.49227],"pipPosition":[-13.9554,297.74,-31.1723],"stabilizedTipPosition":[-17.0553,309.482,-60.3669],"timeVisible":48.2107,"tipPosition":[-16.3829,309.62,-60.4042],"tipVelocity":[15.1828,327.518,-118.959],"tool":false,"touchDistance":0.254703,"touchZone":"hovering","type":1,"width":16.4812},{"bases":[[[0.929441,-0.36896,-0.00294955],[0.330678,0.829405,0.450267],[-0.163684,-0.419472,0.892889]],[[0.930555,-0.366039,-0.00914847],[0.328147,0.84479,-0.422669],[0.162442,0.390315,0.906238]],[[0.930555,-0.366039,-0.00914847],[0.034015,0.111297,-0.993205],[0.36457,0.92392,0.116019]],[[0.930555,-0.366039,-0.00914847],[-0.169558,-0.408641,-0.896807],[0.324528,0.836079,-0.442327]]],"btipPosition":[-14.1933,221.33,-31.7904],"carpPosition":[-3.22269,248.197,54.2362],"dipPosition":[-8.99701,234.717,-38.8729],"direction":[-0.36457,-0.92392,-0.116019],"extended":false,"handId":434,"id":4342,"length":57.0935,"mcpPosition":[6.50776,273.133,1.15706],"pipPosition":[-0.163668,257.103,-36.0618],"stabilizedTipPosition":[-13.023,224.086,-33.3412],"timeVisible":48.2107,"tipPosition":[-12.5123,225.716,-34.8035],"tipVelocity":[29.9978,302.095,-52.4924],"tool":false,"touchDistance":0.392798,"touchZone":"hovering","type":2,"width":16.1868},{"bases":[[[0.867633,-0.488134,0.094544],[0.39085,0.78713,0.47714],[-0.307327,-0.377029,0.873727]],[[0.868993,-0.48645,0.090652],[0.468367,0.749504,-0.467841],[0.159638,0.449009,0.879151]],[[0.868993,-0.48645,0.090652],[0.105783,0.00366216,-0.994383],[0.483386,0.8737,0.0546403]],[[0.868993,-0.48645,0.090652],[-0.165599,-0.458533,-0.873112],[0.466293,0.743716,-0.479017]]],"btipPosition":[-1.68074,215.85,-19.8395],"carpPosition":[6.82671,245.283,53.9268],"dipPosition":[5.74258,227.69,-27.4654],"direction":[-0.483386,-0.8737,-0.0546403],"extended":false,"handId":434,"id":4343,"length":54.8969,"mcpPosition":[23.2297,265.406,7.29329],"pipPosition":[17.1523,248.313,-26.1757],"stabilizedTipPosition":[0.0196536,218.411,-21.5622],"timeVisible":48.2107,"tipPosition":[0.584139,219.381,-22.636],"tipVelocity":[28.095,319.823,-68.3106],"tool":false,"touchDistance":0.26282,"touchZone":"hovering","type":3,"width":15.4027},{"bases":[[[0.749645,-0.651792,0.114887],[0.492344,0.665202,0.561341],[-0.442301,-0.364242,0.819571]],[[0.671308,-0.700709,0.241563],[0.730204,0.569376,-0.377642],[0.127077,0.429904,0.893887]],[[0.671308,-0.700709,0.241563],[0.260997,-0.0815571,-0.961888],[0.693705,0.70877,0.128133]],[[0.671308,-0.700709,0.241563],[-0.143799,-0.442856,-0.884986],[0.727095,0.559361,-0.398054]]],"btipPosition":[10.8963,221.516,-10.9102],"carpPosition":[15.1117,236.5,52.8026],"dipPosition":[21.575,229.732,-16.7564],"direction":[-0.693705,-0.70877,-0.128133],"extended":false,"handId":434,"id":4344,"length":43.0382,"mcpPosition":[36.9644,254.496,12.3101],"pipPosition":[33.1358,241.543,-14.621],"stabilizedTipPosition":[13.3468,223.31,-12.225],"timeVisible":48.2107,"tipPosition":[14.4163,224.115,-13.2723],"tipVelocity":[19.3917,331.856,-77.3482],"tool":false,"touchDistance":-0.449145,"touchZone":"touching","type":4,"width":13.6819}],"r":[[0.00498662,0.136384,0.990644],[-0.737122,0.669936,-0.0885209],[-0.675741,-0.729784,0.103872]],"s":2.18208,"t":[101.606,3.80957,-129.381],"timestamp":89158453790},false],[1,{"currentFrameRate":55.3468,"devices":[],"gestures":[],"hands":[{"armBasis":[[0.973592,-0.174912,-0.146712],[0.215735,0.915118,0.340614],[0.0746814,-0.36327,0.928686]],"armWidth":54.2932,"confidence":0.566934,"direction":[0.221487,0.531767,-0.817415],"elbow":[17.8075,155.931,268.281],"grabStrength":0,"id":434,"palmNormal":[-0.164519,-0.805842,-0.568816],"palmPosition":[3.96892,262.696,14.3356],"palmVelocity":[24.593,298.484,-123.538],"palmWidth":77.5289,"pinchStrength":0.649638,"r":[[0.00130294,0.129882,0.991529],[-0.740006,0.667028,-0.0864025],[-0.672599,-0.733624,0.0969824]],"s":2.18026,"sphereCenter":[-18.7396,252.491,-21.8119],"sphereRadius":43.9014,"stabilizedPalmPosition":[3.9513,262.395,14.4868],"t":[102.039,9.13314,-131.618],"timeVisible":48.2288,"type":"right","wrist":[0.626558,239.503,54.6306]}],"id":1437449,"interactionBox":{"center":[0,200,0],"size":[235.247,235.247,147.751]},"pointables":[{"bases":[[[0.577148,0.719722,0.385877],[-0.786419,0.362475,0.500156],[0.220102,-0.592125,0.775205]],[[0.50041,0.848563,0.171845],[-0.808203,0.386655,0.44419],[0.310479,-0.361163,0.879298]],[[0.50041,0.848563,0.171845],[-0.864095,0.501904,0.0378536],[-0.0541285,-0.167433,0.984396]],[[0.50041,0.848563,0.171845],[-0.749842,0.523996,-0.403938],[-0.432813,0.0732781,0.898501]]],"btipPosition":[-27.8831,255.628,-34.3452],"carpPosition":[-24.8809,236.864,49.5692],"dipPosition":[-36.5139,257.09,-16.4279],"direction":[0.0541285,0.167433,-0.984396],"extended":false,"handId":434,"id":4340,"length":44.4063,"mcpPosition":[-24.8809,236.864,49.5692],"pipPosition":[-38.0864,252.226,12.1703],"stabilizedTipPosition":[-29.9075,255.674,-30.0986],"timeVisible":48.2288,"tipPosition":[-31.9282,256.091,-30.439],"tipVelocity":[49.9823,299.763,-107.128],"tool":false,"touchDistance":0.239778,"touchZone":"hovering","type":0,"width":17.2542},{"bases":[[[0.984728,-0.167483,-0.0475397],[0.171148,0.881177,0.440722],[-0.0319226,-0.442128,0.896384]],[[0.981905,-0.115747,-0.149885],[0.180837,0.808059,0.560659],[0.0562212,-0.577619,0.814368]],[[0.981905,-0.115747,-0.149885],[0.167355,0.900776,0.400742],[0.0886279,-0.418575,0.903847]],[[0.981905,-0.115747,-0.149885],[0.151611,0.954731,0.255937],[0.113476,-0.27403,0.955003]]],"btipPosition":[-17.0493,314.818,-66.3003],"carpPosition":[-13.5151,253.348,52.2187],"dipPosition":[-15.3974,310.829,-52.3974],"direction":[-0.0886279,0.418575,-0.903847],"extended":true,"handId":434,"id":4341,"length":50.1075,"mcpPosition":[-11.514,281.064,-3.97178],"pipPosition":[-13.5721,302.208,-33.783],"stabilizedTipPosition":[-16.6845,313.727,-62.9956],"timeVisible":48.2288,"tipPosition":[-15.9804,313.942,-63.0738],"tipVelocity":[17.9358,284.84,-132.543],"tool":false,"touchDistance":0.228961,"touchZone":"hovering","type":1,"width":16.4812},{"bases":[[[0.92766,-0.373425,-0.000428974],[0.334421,0.830255,0.445913],[-0.166159,-0.413799,0.895076]],[[0.928786,-0.370558,-0.00661198],[0.331019,0.837443,-0.434875],[0.166683,0.401717,0.900467]],[[0.928786,-0.370558,-0.00661198],[0.0306722,0.0946334,-0.99504],[0.369345,0.923976,0.09926]],[[0.928786,-0.370558,-0.00661198],[-0.174876,-0.422449,-0.889357],[0.326765,0.827178,-0.457166]]],"btipPosition":[-14.1798,225.579,-33.3613],"carpPosition":[-3.03057,253.11,51.9146],"dipPosition":[-8.94769,238.823,-40.6814],"direction":[-0.369345,-0.923976,-0.09926],"extended":false,"handId":434,"id":4342,"length":57.0935,"mcpPosition":[6.84699,277.709,-1.29457],"pipPosition":[0.00136806,261.211,-38.2764],"stabilizedTipPosition":[-12.9787,228.406,-34.9626],"timeVisible":48.2288,"tipPosition":[-12.507,229.86,-36.46],"tipVelocity":[16.2851,268.993,-70.1968],"tool":false,"touchDistance":0.362467,"touchZone":"hovering","type":2,"width":16.1868},{"bases":[[[0.86523,-0.491767,0.09768],[0.394377,0.78784,0.473049],[-0.309586,-0.370773,0.875605]],[[0.867432,-0.489091,0.0913875],[0.46799,0.739636,-0.483656],[0.168959,0.462307,0.870474]],[[0.867432,-0.489091,0.0913875],[0.0937072,-0.0197975,-0.995403],[0.488652,0.872008,0.0286583]],[[0.867432,-0.489091,0.0913875],[-0.179023,-0.478168,-0.859829],[0.464233,0.729483,-0.502337]]],"btipPosition":[-1.82835,220.14,-20.9251],"carpPosition":[7.00487,250.147,51.6265],"dipPosition":[5.5622,231.753,-28.9223],"direction":[-0.488652,-0.872008,-0.0286583],"extended":false,"handId":434,"id":4343,"length":54.8969,"mcpPosition":[23.5284,269.936,4.89285],"pipPosition":[17.0962,252.336,-28.2458],"stabilizedTipPosition":[-0.124726,222.698,-22.7337],"timeVisible":48.2288,"tipPosition":[0.442233,223.582,-23.9828],"tipVelocity":[10.6419,278.845,-66.5411],"tool":false,"touchDistance":0.258699,"touchZone":"hovering","type":3,"width":15.4027},{"bases":[[[0.746448,-0.654744,0.118852],[0.49524,0.665889,0.55797],[-0.444469,-0.357635,0.821306]],[[0.665825,-0.703482,0.248576],[0.733731,0.556939,-0.389176],[0.135336,0.441511,0.88699]],[[0.665825,-0.703482,0.248576],[0.251606,-0.101944,-0.962446],[0.702404,0.703363,0.109124]],[[0.665825,-0.703482,0.248576],[-0.156619,-0.457522,-0.875297],[0.729485,0.543862,-0.414808]]],"btipPosition":[10.711,225.976,-12.4731],"carpPosition":[15.2482,241.317,50.5548],"dipPosition":[21.4248,233.963,-18.5653],"direction":[-0.702404,-0.703363,-0.109124],"extended":false,"handId":434,"id":4344,"length":43.0382,"mcpPosition":[37.208,258.987,9.97668],"pipPosition":[33.1306,245.685,-16.7467],"stabilizedTipPosition":[13.1784,227.729,-13.8435],"timeVisible":48.2288,"tipPosition":[14.2243,228.465,-14.9741],"tipVelocity":[5.5031,289.596,-83.0553],"tool":false,"touchDistance":-0.456856,"touchZone":"touching","type":4,"width":13.6819}],"r":[[0.00130294,0.129882,0.991529],[-0.740006,0.667028,-0.0864025],[-0.672599,-0.733624,0.0969824]],"s":2.18026,"t":[102.039,9.13314,-131.618],"timestamp":89158471918},false],[2,{"currentFrameRate":55.3444,"devices":[],"gestures":[],"hands":[{"armBasis":[[0.974103,-0.164062,-0.155587],[0.208401,0.918391,0.336344],[0.0877086,-0.360058,0.928798]],"armWidth":54.2932,"confidence":0.55561,"direction":[0.227324,0.541117,-0.809639],"elbow":[20.3567,161.281,265.942],"grabStrength":0,"id":434,"palmNormal":[-0.152308,-0.801418,-0.578387],"palmPosition":[3.83044,267.717,12.237],"palmVelocity":[9.26577,288.635,-119.998],"palmWidth":77.5289,"pinchStrength":0.645929,"r":[[-0.00411324,0.122752,0.992429],[-0.743015,0.663831,-0.0851881],[-0.669262,-0.73774,0.0884764]],"s":2.17977,"sphereCenter":[-18.651,257.86,-24.1416],"sphereRadius":43.9053,"stabilizedPalmPosition":[3.83916,267.333,12.3993],"t":[102.186,14.3054,-133.786],"timeVisible":48.2469,"type":"right","wrist":[0.17878,244.115,52.2665]}],"id":1437450,"interactionBox":{"center":[0,200,0],"size":[235.247,235.247,147.751]},"pointables":[{"bases":[[[0.567627,0.71987,0.399483],[-0.794681,0.352285,0.494346],[0.215133,-0.598065,0.772033]],[[0.493777,0.848831,0.188865],[-0.814482,0.37536,0.442406],[0.304636,-0.372277,0.876702]],[[0.493777,0.848831,0.188865],[-0.866726,0.498012,0.0277478],[-0.0705039,-0.177395,0.981611]],[[0.493777,0.848831,0.188865],[-0.738487,0.524002,-0.424333],[-0.459153,0.0700515,0.885591]]],"btipPosition":[-27.0018,260.942,-36.5843],"carpPosition":[-25.2491,241.351,46.8814],"dipPosition":[-36.1579,262.339,-18.9245],"direction":[0.070504,0.177395,-0.981611],"extended":false,"handId":434,"id":4340,"length":44.4063,"mcpPosition":[-25.2491,241.351,46.8814],"pipPosition":[-38.2061,257.185,9.59279],"stabilizedTipPosition":[-29.1602,260.896,-32.3634],"timeVisible":48.2469,"tipPosition":[-31.0839,261.341,-32.8177],"tipVelocity":[46.2216,296.606,-116.638],"tool":false,"touchDistance":0.224759,"touchZone":"hovering","type":0,"width":17.2542},{"bases":[[[0.986348,-0.160324,-0.0375916],[0.15991,0.878028,0.451105],[-0.0393166,-0.450958,0.891679]],[[0.984169,-0.106432,-0.141715],[0.168997,0.804456,0.569465],[0.0533943,-0.5844,0.809707]],[[0.984169,-0.106432,-0.141715],[0.156285,0.898259,0.410739],[0.083581,-0.426385,0.900672]],[[0.984169,-0.106432,-0.141715],[0.141511,0.953308,0.266791],[0.106703,-0.282622,0.953278]]],"btipPosition":[-16.7938,320.443,-68.1414],"carpPosition":[-14.0291,257.886,49.8214],"dipPosition":[-15.2404,316.329,-54.2637],"direction":[-0.083581,0.426385,-0.900672],"extended":true,"handId":434,"id":4341,"length":50.1075,"mcpPosition":[-11.5645,286.155,-6.07408],"pipPosition":[-13.5191,307.548,-35.7147],"stabilizedTipPosition":[-16.4491,319.203,-64.8501],"timeVisible":48.2469,"tipPosition":[-15.7229,319.55,-64.9115],"tipVelocity":[15.5345,296.603,-118.11],"tool":false,"touchDistance":0.221495,"touchZone":"hovering","type":1,"width":16.4812},{"bases":[[[0.930159,-0.367094,0.00687506],[0.32346,0.828169,0.457723],[-0.173721,-0.423531,0.889068]],[[0.931304,-0.364242,0.000906091],[0.327313,0.835786,-0.440825],[0.15981,0.410839,0.897592]],[[0.931304,-0.364242,0.000906091],[0.0312655,0.0774616,-0.996505],[0.362899,0.928077,0.0835285]],[[0.931304,-0.364242,0.000906091],[-0.170856,-0.439044,-0.88207],[0.321685,0.821321,-0.471117]]],"btipPosition":[-13.7202,230.389,-34.5582],"carpPosition":[-3.5403,257.722,49.638],"dipPosition":[-8.56939,243.54,-42.1016],"direction":[-0.362899,-0.928077,-0.0835285],"extended":false,"handId":434,"id":4342,"length":57.0935,"mcpPosition":[6.7868,282.899,-3.214],"pipPosition":[0.223468,266.026,-40.0778],"stabilizedTipPosition":[-12.5545,233.198,-36.236],"timeVisible":48.2469,"tipPosition":[-12.0518,234.677,-37.9024],"tipVelocity":[20.1372,267.044,-69.652],"tool":false,"touchDistance":0.340831,"touchZone":"hovering","type":2,"width":16.1868},{"bases":[[[0.867408,-0.486798,0.103109],[0.383386,0.785902,0.485153],[-0.317205,-0.381295,0.868329]],[[0.870526,-0.482974,0.0944508],[0.462681,0.737841,-0.491444],[0.167665,0.471515,0.865773]],[[0.870526,-0.482974,0.0944508],[0.0889862,-0.0342784,-0.995443],[0.484011,0.874963,0.0131378]],[[0.870526,-0.482974,0.0944508],[-0.179343,-0.490072,-0.853033],[0.458281,0.725648,-0.513238]]],"btipPosition":[-1.65497,225.025,-22.0052],"carpPosition":[6.51804,254.83,49.4393],"dipPosition":[5.64081,236.578,-30.1759],"direction":[-0.484011,-0.874963,-0.0131378],"extended":false,"handId":434,"id":4343,"length":54.8969,"mcpPosition":[23.4482,275.18,3.09393],"pipPosition":[17.0653,257.23,-29.8658],"stabilizedTipPosition":[0.0195643,227.564,-23.8572],"timeVisible":48.2469,"tipPosition":[0.658652,228.512,-25.3315],"tipVelocity":[9.56962,274.388,-64.3616],"tool":false,"touchDistance":0.333333,"touchZone":"none","type":3,"width":15.4027},{"bases":[[[0.749515,-0.650774,0.121328],[0.484092,0.663825,0.57008],[-0.451534,-0.36855,0.812581]],[[0.666274,-0.701971,0.251628],[0.735225,0.562002,-0.378944],[0.124592,0.437483,0.890553]],[[0.666274,-0.701971,0.251628],[0.259082,-0.0985079,-0.960819],[0.699254,0.705361,0.116234]],[[0.666274,-0.701971,0.251628],[-0.149166,-0.456075,-0.877351],[0.730636,0.547022,-0.408581]]],"btipPosition":[11.0052,231.306,-14.5342],"carpPosition":[14.834,246.067,48.3799],"dipPosition":[21.7359,239.34,-20.535],"direction":[-0.699254,-0.705361,-0.116234],"extended":false,"handId":434,"id":4344,"length":43.0382,"mcpPosition":[37.1429,264.276,8.23283],"pipPosition":[33.3892,251.095,-18.5979],"stabilizedTipPosition":[13.4658,233.017,-15.8621],"timeVisible":48.2469,"tipPosition":[14.4882,233.777,-17.0051],"tipVelocity":[10.7242,292.393,-97.217],"tool":false,"touchDistance":-0.470105,"touchZone":"touching","type":4,"width":13.6819}],"r":[[-0.00411324,0.122752,0.992429],[-0.743015,0.663831,-0.0851881],[-0.669262,-0.73774,0.0884764]],"s":2.17977,"t":[102.186,14.3054,-133.786],"timestamp":89158489995},false],[3,{"currentFrameRate":55.3549,"devices":[],"gestures":[],"hands":[{"armBasis":[[0.975603,-0.157599,-0.152845],[0.20081,0.921976,0.331113],[0.0887363,-0.353727,0.93113]],"armWidth":54.2932,"confidence":0.567576,"direction":[0.228478,0.545823,-0.806148],"elbow":[20.0987,166.923,265.158],"grabStrength":0,"id":434,"palmNormal":[-0.142112,-0.800483,-0.582264],"palmPosition":[3.41826,272.076,11.0265],"palmVelocity":[-5.97282,266.405,-94.9273],"palmWidth":77.5289,"pinchStrength":0.641717,"r":[[-0.00994252,0.116294,0.993165],[-0.746338,0.660146,-0.0847712],[-0.665493,-0.74208,0.0802315]],"s":2.18041,"sphereCenter":[-19.0786,262.437,-25.3608],"sphereRadius":43.8971,"stabilizedPalmPosition":[3.449,271.73,11.1268],"t":[102.053,19.071,-135.475],"timeVisible":48.2649,"type":"right","wrist":[-0.315663,248.3,50.9458]}],"id":1437451,"interactionBox":{"center":[0,200,0],"size":[235.247,235.247,147.751]},"pointables":[{"bases":[[[0.559249,0.722849,0.405869],[-0.800726,0.344237,0.490243],[0.214657,-0.599159,0.771318]],[[0.486898,0.850747,0.197889],[-0.819202,0.366175,0.441388],[0.303047,-0.377022,0.875224]],[[0.486898,0.850747,0.197889],[-0.869578,0.493464,0.0181025],[-0.0822506,-0.180894,0.980057]],[[0.486898,0.850747,0.197889],[-0.73016,0.520774,-0.442335],[-0.479371,0.0708814,0.874745]]],"btipPosition":[-26.625,265.235,-37.7616],"carpPosition":[-25.6844,245.357,45.3797],"dipPosition":[-36.1843,266.648,-20.3181],"direction":[0.0822506,0.180894,-0.980057],"extended":false,"handId":434,"id":4340,"length":44.4063,"mcpPosition":[-25.6844,245.357,45.3797],"pipPosition":[-38.5738,261.393,8.15403],"stabilizedTipPosition":[-28.846,265.25,-33.6577],"timeVisible":48.2649,"tipPosition":[-30.7364,265.605,-34.1005],"tipVelocity":[31.7708,268.952,-93.5978],"tool":false,"touchDistance":0.224195,"touchZone":"hovering","type":0,"width":17.2542},{"bases":[[[0.98781,-0.152438,-0.0315246],[0.149963,0.877612,0.455312],[-0.0417404,-0.45449,0.889774]],[[0.985688,-0.0968386,-0.137993],[0.159204,0.803914,0.573041],[0.0554417,-0.586808,0.807826]],[[0.985688,-0.0968386,-0.137993],[0.146332,0.897917,0.415128],[0.0837054,-0.42938,0.899237]],[[0.985688,-0.0968386,-0.137993],[0.131712,0.953287,0.271837],[0.105222,-0.286121,0.952398]]],"btipPosition":[-17.2835,324.948,-69.2778],"carpPosition":[-14.6148,261.968,48.4544],"dipPosition":[-15.7517,320.782,-55.4128],"direction":[-0.0837054,0.42938,-0.899237],"extended":true,"handId":434,"id":4341,"length":50.1075,"mcpPosition":[-11.9983,290.458,-7.32166],"pipPosition":[-14.0278,311.939,-36.8934],"stabilizedTipPosition":[-16.9056,323.735,-66.0229],"timeVisible":48.2649,"tipPosition":[-16.1909,324.038,-66.0548],"tipVelocity":[-4.84892,274.12,-92.061],"tool":false,"touchDistance":0.223209,"touchZone":"hovering","type":1,"width":16.4812},{"bases":[[[0.932954,-0.359802,0.0118222],[0.313852,0.829014,0.462852],[-0.176336,-0.428109,0.886357]],[[0.934048,-0.357094,0.00622964],[0.320746,0.831045,-0.454408],[0.157089,0.426437,0.890772]],[[0.934048,-0.357094,0.00622964],[0.027403,0.0542646,-0.998151],[0.356096,0.932491,0.0604712]],[[0.934048,-0.357094,0.00622964],[-0.170034,-0.459959,-0.871508],[0.314076,0.812971,-0.490342]]],"btipPosition":[-13.7501,234.212,-34.5473],"carpPosition":[-4.12409,261.887,48.341],"dipPosition":[-8.72115,247.23,-42.3986],"direction":[-0.356096,-0.932491,-0.0604712],"extended":false,"handId":434,"id":4342,"length":57.0935,"mcpPosition":[6.35847,287.337,-4.34978],"pipPosition":[-0.0931257,269.823,-40.9334],"stabilizedTipPosition":[-12.5922,237.079,-36.3494],"timeVisible":48.2649,"tipPosition":[-12.1102,238.472,-38.1049],"tipVelocity":[9.06164,240.17,-38.1926],"tool":false,"touchDistance":0.339181,"touchZone":"hovering","type":2,"width":16.1868},{"bases":[[[0.870504,-0.480344,0.107202],[0.373924,0.78712,0.490533],[-0.320006,-0.386925,0.864803]],[[0.874361,-0.475565,0.0965936],[0.454411,0.732511,-0.506891],[0.170304,0.487099,0.856581]],[[0.874361,-0.475565,0.0965936],[0.0791112,-0.0566973,-0.995252],[0.478784,0.877851,-0.0119513]],[[0.874361,-0.475565,0.0965936],[-0.183746,-0.508673,-0.841124],[0.449144,0.717697,-0.532147]]],"btipPosition":[-1.89733,229.036,-21.8134],"carpPosition":[5.95783,259.075,48.1997],"dipPosition":[5.25299,240.462,-30.2852],"direction":[-0.478784,-0.877851,0.0119513],"extended":false,"handId":434,"id":4343,"length":54.8969,"mcpPosition":[23.0375,279.726,2.0425],"pipPosition":[16.5541,261.183,-30.5673],"stabilizedTipPosition":[-0.248145,231.595,-23.7636],"timeVisible":48.2649,"tipPosition":[0.422228,232.528,-25.4116],"tipVelocity":[-2.22564,248.997,-30.6119],"tool":false,"touchDistance":0.333333,"touchZone":"none","type":3,"width":15.4027},{"bases":[[[0.753786,-0.645306,0.12404],[0.475017,0.66553,0.575699],[-0.454054,-0.375033,0.808199]],[[0.668892,-0.698178,0.255208],[0.732048,0.559012,-0.389374],[0.129188,0.447274,0.885018]],[[0.668892,-0.698178,0.255208],[0.25008,-0.111956,-0.961731],[0.700031,0.707117,0.0997138]],[[0.668892,-0.698178,0.255208],[-0.155216,-0.466927,-0.870567],[0.726974,0.542703,-0.420692]]],"btipPosition":[10.5476,235.681,-14.9127],"carpPosition":[14.3495,250.382,47.165],"dipPosition":[21.2245,243.651,-21.0913],"direction":[-0.700031,-0.707117,-0.0997138],"extended":false,"handId":434,"id":4344,"length":43.0382,"mcpPosition":[36.7829,268.911,7.2344],"pipPosition":[32.8907,255.436,-19.4296],"stabilizedTipPosition":[13.014,237.409,-16.3228],"timeVisible":48.2649,"tipPosition":[14.0706,238.141,-17.5518],"tipVelocity":[-6.7278,268.402,-62.1389],"tool":false,"touchDistance":-0.457718,"touchZone":"touching","type":4,"width":13.6819}],"r":[[-0.00994252,0.116294,0.993165],[-0.746338,0.660146,-0.0847712],[-0.665493,-0.74208,0.0802315]],"s":2.18041,"t":[102.053,19.071,-135.475],"timestamp":89158508024},false],[4,{"currentFrameRate":55.3581,"devices":[],"gestures":[],"hands":[{"armBasis":[[0.976168,-0.156395,-0.150457],[0.197445,0.927768,0.316642],[0.0900677,-0.338803,0.936536]],"armWidth":54.2932,"confidence":0.513081,"direction":[0.228324,0.552038,-0.801949],"elbow":[20.1687,175.176,263.656],"grabStrength":0,"id":434,"palmNormal":[-0.134529,-0.797916,-0.587564],"palmPosition":[3.19557,277.155,8.43789],"palmVelocity":[-8.99356,273.495,-117.937],"palmWidth":77.5289,"pinchStrength":0.630514,"r":[[-0.0155578,0.109908,0.99382],[-0.749756,0.65632,-0.0843207],[-0.661532,-0.746434,0.0721936]],"s":2.18224,"sphereCenter":[-19.4297,267.862,-27.9051],"sphereRadius":43.9,"stabilizedPalmPosition":[3.21704,276.696,8.66561],"t":[101.876,23.9933,-137.614],"timeVisible":48.283,"type":"right","wrist":[-0.551891,253.12,48.2002]}],"id":1437452,"interactionBox":{"center":[0,200,0],"size":[235.247,235.247,147.751]},"pointables":[{"bases":[[[0.55289,0.724002,0.412473],[-0.804963,0.336191,0.488887],[0.215286,-0.602326,0.768671]],[[0.481703,0.851372,0.207675],[-0.821802,0.356567,0.444412],[0.30431,-0.384742,0.871418]],[[0.481703,0.851372,0.207675],[-0.871677,0.489894,0.0135163],[-0.0902313,-0.187536,0.978105]],[[0.481703,0.851372,0.207675],[-0.723116,0.520029,-0.454612],[-0.495041,0.0688151,0.86614]]],"btipPosition":[-26.3277,270.487,-40.241],"carpPosition":[-25.8777,250.047,42.5102],"dipPosition":[-36.1995,271.859,-22.9691],"direction":[0.0902313,0.187536,-0.978105],"extended":false,"handId":434,"id":4340,"length":44.4063,"mcpPosition":[-25.8777,250.047,42.5102],"pipPosition":[-38.8208,266.411,5.44634],"stabilizedTipPosition":[-28.617,270.381,-36.07],"timeVisible":48.283,"tipPosition":[-30.4195,270.799,-36.6748],"tipVelocity":[22.6164,279.152,-115.402],"tool":false,"touchDistance":0.205666,"touchZone":"hovering","type":0,"width":17.2542},{"bases":[[[0.988893,-0.145916,-0.0282625],[0.142413,0.875844,0.461103],[-0.0425287,-0.460007,0.886896]],[[0.986626,-0.0882936,-0.137013],[0.152028,0.801635,0.57816],[0.0587866,-0.591258,0.804337]],[[0.986626,-0.0882936,-0.137013],[0.138746,0.896075,0.421662],[0.0855439,-0.435033,0.896342]],[[0.986626,-0.0882936,-0.137013],[0.124019,0.952099,0.279511],[0.105771,-0.292765,0.950316]]],"btipPosition":[-17.7157,330.412,-71.6049],"carpPosition":[-14.9282,266.711,45.7293],"dipPosition":[-16.1759,326.15,-57.7702],"direction":[-0.0855439,0.435033,-0.896342],"extended":true,"handId":434,"id":4341,"length":50.1075,"mcpPosition":[-12.2622,295.547,-9.86643],"pipPosition":[-14.4142,317.191,-39.3104],"stabilizedTipPosition":[-17.334,329.087,-68.2777],"timeVisible":48.283,"tipPosition":[-16.5963,329.466,-68.3988],"tipVelocity":[-13.865,287.092,-109.737],"tool":false,"touchDistance":0.208994,"touchZone":"hovering","type":1,"width":16.4812},{"bases":[[[0.935191,-0.353881,0.0136303],[0.306579,0.828254,0.469047],[-0.177276,-0.43447,0.883068]],[[0.936263,-0.351205,0.00820589],[0.313142,0.823748,-0.472632],[0.159231,0.445077,0.881222]],[[0.936263,-0.351205,0.00820589],[0.0170751,0.0221641,-0.999609],[0.350886,0.936036,0.0267483]],[[0.936263,-0.351205,0.00820589],[-0.17581,-0.488651,-0.854583],[0.304144,0.798671,-0.51925]]],"btipPosition":[-13.8096,238.778,-35.3611],"carpPosition":[-4.43673,266.698,45.6596],"dipPosition":[-8.93966,251.566,-43.6753],"direction":[-0.350886,-0.936036,-0.0267483],"extended":false,"handId":434,"id":4342,"length":57.0935,"mcpPosition":[6.1017,292.525,-6.83572],"pipPosition":[-0.437866,274.246,-43.0272],"stabilizedTipPosition":[-12.6871,241.605,-37.2505],"timeVisible":48.283,"tipPosition":[-12.1981,243.011,-39.2607],"tipVelocity":[2.23334,244.835,-44.2605],"tool":false,"touchDistance":0.325181,"touchZone":"hovering","type":2,"width":16.1868},{"bases":[[[0.873121,-0.475383,0.108035],[0.366803,0.786582,0.496733],[-0.321117,-0.394081,0.861153]],[[0.877477,-0.469889,0.0961181],[0.446275,0.726492,-0.52254],[0.175707,0.501412,0.847179]],[[0.877477,-0.469889,0.0961181],[0.0680711,-0.0763649,-0.994754],[0.474764,0.879416,-0.0350225]],[[0.877477,-0.469889,0.0961181],[-0.189124,-0.523156,-0.830987],[0.440756,0.710994,-0.547925]]],"btipPosition":[-2.10957,233.819,-23.1205],"carpPosition":[5.66357,263.951,45.5441],"dipPosition":[4.90722,245.138,-31.8434],"direction":[-0.474764,-0.879416,0.0350225],"extended":false,"handId":434,"id":4343,"length":54.8969,"mcpPosition":[22.8025,284.984,-0.418228],"pipPosition":[16.1134,265.895,-32.6701],"stabilizedTipPosition":[-0.491981,236.349,-25.1063],"timeVisible":48.283,"tipPosition":[0.207302,237.323,-26.9269],"tipVelocity":[-7.5583,255.909,-51.9715],"tool":false,"touchDistance":0.333333,"touchZone":"none","type":3,"width":15.4027},{"bases":[[[0.757397,-0.641186,0.123408],[0.468319,0.66514,0.581606],[-0.455001,-0.382712,0.804055]],[[0.671645,-0.695685,0.254784],[0.728277,0.556816,-0.399459],[0.13603,0.453848,0.880635]],[[0.671645,-0.695685,0.254784],[0.239536,-0.121517,-0.963253],[0.701081,0.707994,0.0850255]],[[0.671645,-0.695685,0.254784],[-0.162568,-0.473904,-0.86544],[0.722817,0.539849,-0.431392]]],"btipPosition":[10.1975,240.825,-16.8454],"carpPosition":[14.1152,255.318,44.4935],"dipPosition":[20.8133,248.754,-23.1812],"direction":[-0.701081,-0.707994,-0.0850255],"extended":false,"handId":434,"id":4344,"length":43.0382,"mcpPosition":[36.5954,274.226,4.76769],"pipPosition":[32.497,260.553,-21.7642],"stabilizedTipPosition":[12.6492,242.509,-18.2496],"timeVisible":48.283,"tipPosition":[13.7275,243.27,-19.5996],"tipVelocity":[-13.1099,276.015,-84.4157],"tool":false,"touchDistance":-0.469813,"touchZone":"touching","type":4,"width":13.6819}],"r":[[-0.0155578,0.109908,0.99382],[-0.749756,0.65632,-0.0843207],[-0.661532,-0.746434,0.0721936]],"s":2.18224,"t":[101.876,23.9933,-137.614],"timestamp":89158526077},false],[5,{"currentFrameRate":55.3539,"devices":[],"gestures":[],"hands":[{"armBasis":[[0.977031,-0.153937,-0.147353],[0.19542,0.922994,0.331502],[0.0849759,-0.352683,0.931876]],"armWidth":54.2932,"confidence":0.514653,"direction":[0.230294,0.554681,-0.799558],"elbow":[18.4543,175.42,261.028],"grabStrength":0,"id":434,"palmNormal":[-0.134031,-0.795732,-0.590632],"palmPosition":[2.74766,280.729,6.97426],"palmVelocity":[-16.4934,237.457,-100.359],"palmWidth":77.5289,"pinchStrength":0.612394,"r":[[-0.020389,0.104075,0.99436],[-0.75234,0.653421,-0.0838171],[-0.658459,-0.749806,0.0649775]],"s":2.18533,"sphereCenter":[-20.1299,271.812,-29.2857],"sphereRadius":43.9341,"stabilizedPalmPosition":[2.7912,280.355,7.13115],"t":[101.563,28.2413,-139.415],"timeVisible":48.3011,"type":"right","wrist":[-1.09489,256.557,46.6443]}],"id":1437453,"interactionBox":{"center":[0,200,0],"size":[235.247,235.247,147.751]},"pointables":[{"bases":[[[0.552668,0.722104,0.416082],[-0.805633,0.335103,0.488529],[0.213338,-0.605204,0.766952]],[[0.48355,0.848379,0.215481],[-0.820001,0.352926,0.450601],[0.306232,-0.394583,0.866329]],[[0.48355,0.848379,0.215481],[-0.870096,0.492721,0.0126236],[-0.0954626,-0.193594,0.976426]],[[0.48355,0.848379,0.215481],[-0.714215,0.52473,-0.463201],[-0.50604,0.0700809,0.859658]]],"btipPosition":[-26.5726,274.534,-41.4617],"carpPosition":[-26.4121,253.524,40.895],"dipPosition":[-36.6637,275.931,-24.319],"direction":[0.0954626,0.193594,-0.976426],"extended":false,"handId":434,"id":4340,"length":44.4063,"mcpPosition":[-26.4121,253.524,40.895],"pipPosition":[-39.437,270.307,4.04764],"stabilizedTipPosition":[-28.8722,274.509,-37.4069],"timeVisible":48.3011,"tipPosition":[-30.5559,274.753,-37.986],"tipVelocity":[4.10348,252.996,-93.4248],"tool":false,"touchDistance":0.204896,"touchZone":"hovering","type":0,"width":17.2542},{"bases":[[[0.98883,-0.1466,-0.0268851],[0.142219,0.874099,0.464462],[-0.0445899,-0.463097,0.885185]],[[0.986588,-0.0872017,-0.137984],[0.151957,0.79935,0.581334],[0.0596041,-0.594505,0.80188]],[[0.986588,-0.0872017,-0.137984],[0.138641,0.893846,0.426402],[0.0861534,-0.439813,0.893947]],[[0.986588,-0.0872017,-0.137984],[0.123939,0.9503,0.285602],[0.106221,-0.298873,0.948363]]],"btipPosition":[-18.1631,334.369,-72.8654],"carpPosition":[-15.4557,270.168,44.1938],"dipPosition":[-16.6168,330.018,-59.0592],"direction":[-0.0861534,0.439813,-0.893947],"extended":true,"handId":434,"id":4341,"length":50.1075,"mcpPosition":[-12.6606,299.197,-11.2946],"pipPosition":[-14.8425,320.96,-40.6487],"stabilizedTipPosition":[-17.7776,333.098,-69.6009],"timeVisible":48.3011,"tipPosition":[-17.0228,333.37,-69.6837],"tipVelocity":[-18.9957,254.119,-90.8887],"tool":false,"touchDistance":0.20796,"touchZone":"hovering","type":1,"width":16.4812},{"bases":[[[0.934885,-0.354669,0.014171],[0.306331,0.826351,0.472551],[-0.179309,-0.43744,0.881189]],[[0.935995,-0.351907,0.00862268],[0.31088,0.814885,-0.4892],[0.165127,0.46057,0.872129]],[[0.935995,-0.351907,0.00862268],[0.00833801,-0.00232453,-0.999963],[0.351914,0.936032,0.000758461]],[[0.935995,-0.351907,0.00862268],[-0.183,-0.507371,-0.842072],[0.300706,0.786598,-0.539296]]],"btipPosition":[-14.4281,241.961,-35.4407],"carpPosition":[-4.96417,270.146,44.1442],"dipPosition":[-9.61326,254.556,-44.0758],"direction":[-0.351914,-0.936032,-0.000758461],"extended":false,"handId":434,"id":4342,"length":57.0935,"mcpPosition":[5.69514,296.151,-8.23945],"pipPosition":[-1.08655,277.235,-44.0575],"stabilizedTipPosition":[-13.3096,244.801,-37.4237],"timeVisible":48.3011,"tipPosition":[-12.834,246.122,-39.4822],"tipVelocity":[-15.4211,210.96,-27.2579],"tool":false,"touchDistance":0.333333,"touchZone":"none","type":2,"width":16.1868},{"bases":[[[0.872538,-0.476454,0.108027],[0.36647,0.784534,0.500206],[-0.323076,-0.396859,0.859142]],[[0.877304,-0.470423,0.0950759],[0.442389,0.715835,-0.540252],[0.186088,0.516026,0.836115]],[[0.877304,-0.470423,0.0950759],[0.0556747,-0.0970099,-0.993725],[0.476694,0.877093,-0.0589165]],[[0.877304,-0.470423,0.0950759],[-0.19845,-0.535945,-0.820598],[0.436983,0.701046,-0.563542]]],"btipPosition":[-2.9151,237.065,-23.2851],"carpPosition":[5.13417,267.392,44.0383],"dipPosition":[4.04163,248.226,-32.2567],"direction":[-0.476694,-0.877093,0.0589165],"extended":false,"handId":434,"id":4343,"length":54.8969,"mcpPosition":[22.3777,288.573,-1.81666],"pipPosition":[15.2934,268.928,-33.6473],"stabilizedTipPosition":[-1.30548,239.594,-25.3458],"timeVisible":48.3011,"tipPosition":[-0.592922,240.552,-27.2544],"tipVelocity":[-25.5041,218.662,-33.1014],"tool":false,"touchDistance":0.333333,"touchZone":"none","type":3,"width":15.4027},{"bases":[[[0.756655,-0.642218,0.122594],[0.467727,0.662714,0.584843],[-0.456842,-0.385184,0.801828]],[[0.670748,-0.697045,0.253425],[0.726466,0.54858,-0.413892],[0.149477,0.461722,0.874339]],[[0.670748,-0.697045,0.253425],[0.224311,-0.135039,-0.965116],[0.706952,0.704196,0.0657773]],[[0.670748,-0.697045,0.253425],[-0.176085,-0.481578,-0.858532],[0.72048,0.531235,-0.445757]]],"btipPosition":[9.28558,244.338,-17.534],"carpPosition":[13.581,258.756,42.9735],"dipPosition":[19.8671,252.14,-24.0808],"direction":[-0.706952,-0.704196,-0.0657773],"extended":false,"handId":434,"id":4344,"length":43.0382,"mcpPosition":[36.1521,277.787,3.35765],"pipPosition":[31.6486,263.876,-22.9846],"stabilizedTipPosition":[11.744,246.036,-19.0188],"timeVisible":48.3011,"tipPosition":[12.8337,246.74,-20.4191],"tipVelocity":[-31.0579,236.412,-63.6727],"tool":false,"touchDistance":-0.462222,"touchZone":"touching","type":4,"width":13.6819}],"r":[[-0.020389,0.104075,0.99436],[-0.75234,0.653421,-0.0838171],[-0.658459,-0.749806,0.0649775]],"s":2.18533,"t":[101.563,28.2413,-139.415],"timestamp":89158544157},false],[6,{"currentFrameRate":55.3557,"devices":[],"gestures":[],"hands":[{"armBasis":[[0.980123,-0.14293,-0.137586],[0.182508,0.921487,0.34286],[0.0777791,-0.361156,0.929256]],"armWidth":54.2932,"confidence":0.529238,"direction":[0.224884,0.559145,-0.797988],"elbow":[16.6183,176.313,259.641],"grabStrength":0,"id":434,"palmNormal":[-0.123994,-0.795885,-0.592615],"palmPosition":[2.33825,283.705,6.24979],"palmVelocity":[-19.427,202.952,-71.7516],"palmWidth":77.5289,"pinchStrength":0.589486,"r":[[-0.0247342,0.0988832,0.994792],[-0.755888,0.649374,-0.0833426],[-0.654233,-0.754013,0.0586829]],"s":2.18857,"sphereCenter":[-20.5696,274.691,-29.9892],"sphereRadius":43.9516,"stabilizedPalmPosition":[2.37828,283.409,6.32769],"t":[101.202,31.8534,-140.678],"timeVisible":48.3191,"type":"right","wrist":[-1.27529,259.399,45.8597]}],"id":1437454,"interactionBox":{"center":[0,200,0],"size":[235.247,235.247,147.751]},"pointables":[{"bases":[[[0.543688,0.727526,0.418461],[-0.810117,0.324602,0.488205],[0.219349,-0.604433,0.765863]],[[0.475077,0.851418,0.222236],[-0.822164,0.339483,0.456944],[0.313605,-0.399798,0.861286]],[[0.475077,0.851418,0.222236],[-0.874644,0.484586,0.0132204],[-0.0964363,-0.200658,0.974903]],[[0.475077,0.851418,0.222236],[-0.714437,0.520654,-0.467439],[-0.513694,0.0632961,0.855636]]],"btipPosition":[-26.8412,277.657,-41.9482],"carpPosition":[-26.548,256.086,40.0696],"dipPosition":[-37.0849,278.92,-24.8857],"direction":[0.0964363,0.200658,-0.974903],"extended":false,"handId":434,"id":4340,"length":44.4063,"mcpPosition":[-26.548,256.086,40.0696],"pipPosition":[-39.8865,273.09,3.43667],"stabilizedTipPosition":[-29.1751,277.714,-37.9818],"timeVisible":48.3191,"tipPosition":[-30.6674,277.709,-38.5352],"tipVelocity":[-5.82957,214.182,-62.3379],"tool":false,"touchDistance":0.210849,"touchZone":"hovering","type":0,"width":17.2542},{"bases":[[[0.990502,-0.135037,-0.0258892],[0.131436,0.87463,0.466634],[-0.0403692,-0.465605,0.884072]],[[0.98747,-0.0740427,-0.139358],[0.142239,0.800072,0.582797],[0.0683449,-0.595317,0.800579]],[[0.98747,-0.0740427,-0.139358],[0.127588,0.894285,0.428924],[0.0928674,-0.44133,0.892526]],[[0.98747,-0.0740427,-0.139358],[0.112085,0.95072,0.289084],[0.111086,-0.301081,0.947106]]],"btipPosition":[-19.2912,337.299,-73.4734],"carpPosition":[-15.7901,272.848,43.4208],"dipPosition":[-17.674,332.916,-59.6855],"direction":[-0.0928674,0.44133,-0.892526],"extended":true,"handId":434,"id":4341,"length":50.1075,"mcpPosition":[-13.2595,302.035,-11.9978],"pipPosition":[-15.7614,323.827,-41.3042],"stabilizedTipPosition":[-18.8529,336.106,-70.2615],"timeVisible":48.3191,"tipPosition":[-18.1124,336.295,-70.3016],"tipVelocity":[-39.2099,210.311,-63.8267],"tool":false,"touchDistance":0.211882,"touchZone":"hovering","type":1,"width":16.4812},{"bases":[[[0.938925,-0.343811,0.0146223],[0.296082,0.828774,0.474835],[-0.175372,-0.441505,0.879953]],[[0.939992,-0.341074,0.00918012],[0.298475,0.808957,-0.50646],[0.165314,0.478809,0.862214]],[[0.939992,-0.341074,0.00918012],[0.00113563,-0.0237779,-0.999717],[0.341196,0.939736,-0.0219637]],[[0.939992,-0.341074,0.00918012],[-0.181948,-0.523843,-0.832156],[0.288636,0.780549,-0.554465]]],"btipPosition":[-14.5517,244.263,-34.9255],"carpPosition":[-5.29899,272.949,43.3852],"dipPosition":[-9.93012,256.761,-43.8036],"direction":[-0.341196,-0.939736,0.0219637],"extended":false,"handId":434,"id":4342,"length":57.0935,"mcpPosition":[5.12629,299.195,-8.92492],"pipPosition":[-1.66311,279.53,-44.3357],"stabilizedTipPosition":[-13.4868,247.111,-36.9725],"timeVisible":48.3191,"tipPosition":[-13.0157,248.403,-39.0564],"tipVelocity":[-12.5168,170.727,-2.23631],"tool":false,"touchDistance":0.333333,"touchZone":"none","type":2,"width":16.1868},{"bases":[[[0.877874,-0.466527,0.108118],[0.356666,0.787596,0.502476],[-0.319572,-0.402548,0.857805]],[[0.882644,-0.460336,0.0950299],[0.434875,0.723013,-0.536782],[0.178393,0.515114,0.838352]],[[0.882644,-0.460336,0.0950299],[0.0584066,-0.0931951,-0.993933],[0.4664,0.882839,-0.0553714]],[[0.882644,-0.460336,0.0950299],[-0.19111,-0.536164,-0.822196],[0.429438,0.707544,-0.561216]]],"btipPosition":[-2.74941,240.084,-24.1713],"carpPosition":[4.83082,270.312,43.2867],"dipPosition":[4.0872,251.348,-33.1058],"direction":[-0.4664,-0.882839,0.0553714],"extended":false,"handId":434,"id":4343,"length":54.8969,"mcpPosition":[21.8873,291.797,-2.49693],"pipPosition":[15.096,272.187,-34.4127],"stabilizedTipPosition":[-1.17844,242.64,-26.2162],"timeVisible":48.3191,"tipPosition":[-0.48936,243.573,-28.0651],"tipVelocity":[-9.76229,194.846,-40.4597],"tool":false,"touchDistance":0.333333,"touchZone":"none","type":3,"width":15.4027},{"bases":[[[0.763907,-0.63366,0.122153],[0.459222,0.666767,0.586973],[-0.453389,-0.392297,0.800338]],[[0.678951,-0.689544,0.252101],[0.717261,0.549672,-0.42825],[0.156724,0.471583,0.867783]],[[0.678951,-0.689544,0.252101],[0.211962,-0.144656,-0.966513],[0.702921,0.709651,0.0479429]],[[0.678951,-0.689544,0.252101],[-0.18171,-0.490515,-0.852277],[0.711342,0.532845,-0.458333]]],"btipPosition":[8.89589,247.299,-17.5408],"carpPosition":[13.3789,261.777,42.2136],"dipPosition":[19.3432,255.125,-24.2723],"direction":[-0.702921,-0.709651,-0.0479429],"extended":false,"handId":434,"id":4344,"length":43.0382,"mcpPosition":[35.7794,281.159,2.6714],"pipPosition":[31.0576,266.952,-23.4733],"stabilizedTipPosition":[11.308,249.036,-19.0876],"timeVisible":48.3191,"tipPosition":[12.4167,249.706,-20.5186],"tipVelocity":[-27.3681,2