{"sensorType":"Leap","data":[[0,{"currentFrameRate":46.5449,"devices":[],"gestures":[],"hands":[{"armBasis":[[0.96769,-0.109713,-0.227024],[0.205858,0.863683,0.460081],[0.1456,-0.49195,0.858362]],"armWidth":63.72,"confidence":0.830563,"direction":[0.133984,0.421727,-0.896769],"elbow":[45.5327,118.412,310.554],"grabStrength":0,"id":435,"palmNormal":[-0.208685,-0.872629,-0.441553],"palmPosition":[5.16957,272.119,28.243],"palmVelocity":[-27.4034,284.696,-64.9716],"palmWidth":90.99,"pinchStrength":0.503432,"r":[[0.972853,-0.0879722,0.214051],[-0.176213,0.317994,0.931573],[-0.150019,-0.944002,0.29386]],"s":1.74991,"sphereCenter":[-20.6072,258.582,-9.61455],"sphereRadius":50.3097,"stabilizedPalmPosition":[5.17162,272.099,28.247],"t":[4.0099,155.726,-30.6104],"timeVisible":22.289,"type":"right","wrist":[6.22059,251.238,78.7964]}],"id":1439252,"interactionBox":{"center":[0,200,0],"size":[235.247,235.247,147.751]},"pointables":[{"bases":[[[0.602625,0.763684,0.231582],[-0.738615,0.42389,0.52418],[0.302142,-0.486934,0.819516]],[[0.51467,0.856777,0.0323619],[-0.825151,0.484713,0.290137],[0.232896,-0.176028,0.956438]],[[0.51467,0.856777,0.0323619],[-0.839773,0.496124,0.22055],[0.172907,-0.140687,0.974839]],[[0.51467,0.856777,0.0323619],[-0.817519,0.479012,0.319704],[0.258413,-0.190998,0.946965]]],"btipPosition":[-47.678,265.446,-26.871],"carpPosition":[-24.1092,247.392,76.2722],"dipPosition":[-41.6302,260.976,-4.70864],"direction":[-0.172907,0.140687,-0.974839],"extended":true,"handId":435,"id":4350,"length":52.1164,"mcpPosition":[-24.1092,247.392,76.2722],"pipPosition":[-35.7348,256.179,28.5291],"stabilizedTipPosition":[-47.1164,262.495,-20.2072],"timeVisible":22.289,"tipPosition":[-48.4011,266.032,-20.6319],"tipVelocity":[80.5327,211.37,-147.584],"tool":false,"touchDistance":-0.351876,"touchZone":"hovering","type":0,"width":20.25},{"bases":[[[0.977505,-0.171998,-0.12207],[0.201841,0.93078,0.304809],[0.0611935,-0.322591,0.944558]],[[0.979177,-0.184868,-0.0838774],[0.196288,0.756765,0.62352],[-0.0517934,-0.627001,0.777295]],[[0.979177,-0.184868,-0.0838774],[0.20106,0.94022,0.274883],[0.0280463,-0.286023,0.957812]],[[0.979177,-0.184868,-0.0838774],[0.178756,0.981002,-0.0753689],[0.0962173,0.0588059,0.993622]]],"btipPosition":[-15.3803,323.56,-67.4692],"carpPosition":[-10.7816,266.981,75.5433],"dipPosition":[-13.7363,324.565,-50.4926],"direction":[-0.0280463,0.286023,-0.957812],"extended":true,"handId":435,"id":4351,"length":58.8075,"mcpPosition":[-15.2836,290.714,6.05255],"pipPosition":[-13.0584,317.652,-27.3419],"stabilizedTipPosition":[-15.002,323.789,-63.5643],"timeVisible":22.289,"tipPosition":[-14.05,324.998,-62.8755],"tipVelocity":[-30.1142,299.078,-53.7915],"tool":false,"touchDistance":0.207281,"touchZone":"hovering","type":1,"width":19.3428},{"bases":[[[0.927958,-0.370138,-0.0434963],[0.365488,0.880993,0.300448],[-0.0728872,-0.2947,0.952806]],[[0.928093,-0.369582,-0.0452917],[0.327864,0.868803,-0.371063],[0.176488,0.329531,0.927503]],[[0.928093,-0.369582,-0.0452917],[0.00237949,0.127523,-0.991833],[0.37234,0.920406,0.119233]],[[0.928093,-0.369582,-0.0452917],[-0.227498,-0.466544,-0.85474],[0.294766,0.803583,-0.517076]]],"btipPosition":[-18.1161,230.064,-30.8362],"carpPosition":[1.43273,266.661,74.0189],"dipPosition":[-12.5768,245.165,-40.5531],"direction":[-0.37234,-0.920406,-0.119233],"extended":false,"handId":435,"id":4352,"length":67.0064,"mcpPosition":[6.51793,287.221,7.54349],"pipPosition":[-1.98885,271.338,-37.1625],"stabilizedTipPosition":[-17.0064,230.742,-39.2972],"timeVisible":22.289,"tipPosition":[-16.7457,233.706,-32.4841],"tipVelocity":[-1.09935,83.2029,175.591],"tool":false,"touchDistance":-0.16803,"touchZone":"touching","type":2,"width":18.9972},{"bases":[[[0.876907,-0.474824,0.0746667],[0.428343,0.842454,0.326792],[-0.218072,-0.254584,0.942142]],[[0.881103,-0.469625,0.0557623],[0.437675,0.765075,-0.472335],[0.179158,0.440582,0.879654]],[[0.881103,-0.469625,0.0557623],[0.0378161,-0.0475686,-0.998152],[0.471409,0.881584,-0.0241535]],[[0.881103,-0.469625,0.0557623],[-0.25289,-0.567509,-0.783569],[0.399629,0.676303,-0.618798]]],"btipPosition":[-1.70461,222.375,-13.1117],"carpPosition":[13.1657,263.171,72.976],"dipPosition":[5.76206,235.011,-24.6733],"direction":[-0.471409,-0.881584,0.0241535],"extended":false,"handId":435,"id":4353,"length":64.4285,"mcpPosition":[26.8257,279.118,13.9602],"pipPosition":[18.821,259.433,-25.3424],"stabilizedTipPosition":[0.0117238,225.277,-15.7707],"timeVisible":22.289,"tipPosition":[0.666497,226.384,-17.4465],"tipVelocity":[50.6072,264.911,-1.21935],"tool":false,"touchDistance":0.333333,"touchZone":"none","type":3,"width":18.077},{"bases":[[[0.762865,-0.633725,0.128179],[0.53856,0.732522,0.416371],[-0.357759,-0.248603,0.900114]],[[0.780712,-0.619696,0.0804123],[0.595253,0.698339,-0.397488],[0.190167,0.358189,0.914077]],[[0.780712,-0.619696,0.0804123],[0.0969761,-0.00697267,-0.995262],[0.617321,0.784811,0.0546521]],[[0.780712,-0.619696,0.0804123],[-0.291957,-0.475499,-0.829856],[0.552495,0.624401,-0.552153]]],"btipPosition":[15.2281,228.372,-3.94868],"carpPosition":[22.8049,252.735,72.1172],"dipPosition":[24.7514,239.135,-13.466],"direction":[-0.617321,-0.784811,-0.0546521],"extended":false,"handId":435,"id":4354,"length":50.5107,"mcpPosition":[43.5496,267.15,19.9239],"pipPosition":[36.8254,254.485,-12.3971],"stabilizedTipPosition":[17.4185,230.848,-6.13767],"timeVisible":22.289,"tipPosition":[18.5226,231.927,-7.67633],"tipVelocity":[33.6949,301.796,-16.1871],"tool":false,"touchDistance":0.3031,"touchZone":"hovering","type":4,"width":16.0574}],"r":[[0.972853,-0.0879722,0.214051],[-0.176213,0.317994,0.931573],[-0.150019,-0.944002,0.29386]],"s":1.74991,"t":[4.0099,155.726,-30.6104],"timestamp":89191598061},false],[1,{"currentFrameRate":47.3098,"devices":[],"gestures":[],"hands":[{"armBasis":[[0.972213,-0.0741828,-0.222034],[0.172738,0.867472,0.466535],[0.157999,-0.491925,0.856181]],"armWidth":63.72,"confidence":0.84179,"direction":[0.139598,0.435904,-0.889101],"elbow":[47.5679,122.167,308.049],"grabStrength":0,"id":435,"palmNormal":[-0.174503,-0.87301,-0.455414],"palmPosition":[4.26258,276.421,26.5523],"palmVelocity":[-38.2501,262.705,-78.5974],"palmWidth":90.99,"pinchStrength":0.521383,"r":[[0.970573,-0.0696983,0.230501],[-0.20058,0.295682,0.933991],[-0.133253,-0.95274,0.273001]],"s":1.73124,"sphereCenter":[-20.9664,262.715,-11.7717],"sphereRadius":50.3004,"stabilizedPalmPosition":[4.34469,276.031,26.7054],"t":[3.10747,163.105,-32.7959],"timeVisible":22.3071,"type":"right","wrist":[4.90812,254.987,76.8803]}],"id":1439253,"interactionBox":{"center":[0,200,0],"size":[235.247,235.247,147.751]},"pointables":[{"bases":[[[0.575542,0.777888,0.252273],[-0.760881,0.396334,0.513789],[0.299686,-0.487657,0.819987]],[[0.48909,0.87064,0.0526977],[-0.845153,0.458102,0.275425],[0.215655,-0.179245,0.959877]],[[0.48909,0.87064,0.0526977],[-0.859275,0.470568,0.200529],[0.149791,-0.143359,0.978269]],[[0.48909,0.87064,0.0526977],[-0.841742,0.455296,0.29013],[0.228606,-0.186258,0.955535]]],"btipPosition":[-46.4637,268.496,-29.9339],"carpPosition":[-25.2413,250.302,73.6985],"dipPosition":[-41.1135,264.137,-7.57096],"direction":[-0.149791,0.143359,-0.978269],"extended":true,"handId":435,"id":4350,"length":52.1164,"mcpPosition":[-25.2413,250.302,73.6985],"pipPosition":[-36.0063,259.249,25.7837],"stabilizedTipPosition":[-46.1784,264.985,-22.49],"timeVisible":22.3071,"tipPosition":[-47.4219,268.982,-23.7101],"tipVelocity":[70.0223,191.934,-156.872],"tool":false,"touchDistance":-0.390273,"touchZone":"hovering","type":0,"width":20.25},{"bases":[[[0.984312,-0.142432,-0.104128],[0.16871,0.932543,0.319217],[0.0516375,-0.331777,0.941944]],[[0.98555,-0.154635,-0.0691309],[0.163242,0.758191,0.631267],[-0.0452018,-0.63343,0.772479]],[[0.98555,-0.154635,-0.0691309],[0.167985,0.944655,0.281794],[0.0217296,-0.289335,0.956981]],[[0.98555,-0.154635,-0.0691309],[0.149836,0.986234,-0.0699446],[0.0789951,0.0585756,0.995153]]],"btipPosition":[-16.2059,327.887,-69.1604],"carpPosition":[-12.4741,270.272,73.459],"dipPosition":[-14.8563,328.888,-52.1576],"direction":[-0.0217296,0.289335,-0.956981],"extended":true,"handId":435,"id":4351,"length":58.8075,"mcpPosition":[-16.273,294.681,4.16057],"pipPosition":[-14.331,321.895,-29.027],"stabilizedTipPosition":[-15.8559,327.925,-65.1749],"timeVisible":22.3071,"tipPosition":[-14.9543,329.39,-64.5197],"tipVelocity":[-39.3153,270.895,-72.5777],"tool":false,"touchDistance":0.204464,"touchZone":"hovering","type":1,"width":19.3428},{"bases":[[[0.938959,-0.342821,-0.0287937],[0.333783,0.887528,0.31762],[-0.0833318,-0.307843,0.947781]],[[0.939152,-0.342098,-0.031018],[0.306055,0.874353,-0.376613],[0.155959,0.344203,0.925851]],[[0.939152,-0.342098,-0.031018],[0.00707577,0.109547,-0.993956],[0.343428,0.933257,0.105302]],[[0.939152,-0.342098,-0.031018],[-0.20575,-0.487924,-0.848291],[0.275064,0.803056,-0.528621]]],"btipPosition":[-16.8658,233.578,-31.6326],"carpPosition":[-0.227555,270.32,72.1791],"dipPosition":[-11.6968,248.669,-41.5664],"direction":[-0.343428,-0.933257,-0.105302],"extended":false,"handId":435,"id":4352,"length":67.0064,"mcpPosition":[5.58634,291.798,6.05437],"pipPosition":[-1.93095,275.207,-38.572],"stabilizedTipPosition":[-16.6156,232.596,-37.7157],"timeVisible":22.3071,"tipPosition":[-15.5159,237.485,-34.0053],"tipVelocity":[30.0654,136.066,69.9844],"tool":false,"touchDistance":-0.18421,"touchZone":"touching","type":2,"width":18.9972},{"bases":[[[0.88861,-0.45031,0.0871328],[0.397188,0.850501,0.344803],[-0.229375,-0.271787,0.934622]],[[0.892976,-0.444844,0.0686202],[0.422374,0.775479,-0.469289],[0.155547,0.448047,0.880374]],[[0.892976,-0.444844,0.0686202],[0.0511789,-0.0511168,-0.99738],[0.447186,0.894148,-0.0228794]],[[0.892976,-0.444844,0.0686202],[-0.226291,-0.575482,-0.785883],[0.389085,0.686247,-0.614556]]],"btipPosition":[-0.619415,226.596,-14.4278],"carpPosition":[11.6199,267.181,71.3356],"dipPosition":[6.65025,239.418,-25.9102],"direction":[-0.447186,-0.894148,0.0228794],"extended":false,"handId":435,"id":4353,"length":64.4285,"mcpPosition":[25.9879,284.206,12.7908],"pipPosition":[19.0382,264.187,-26.544],"stabilizedTipPosition":[1.004,229.345,-17.0081],"timeVisible":22.3071,"tipPosition":[1.71563,230.678,-18.8105],"tipVelocity":[53.9348,251.291,-34.776],"tool":false,"touchDistance":0.333333,"touchZone":"none","type":3,"width":18.077},{"bases":[[[0.778167,-0.613036,0.136542],[0.508729,0.742733,0.435366],[-0.368309,-0.269324,0.889839]],[[0.796477,-0.598007,0.0895064],[0.577635,0.708721,-0.405034],[0.178778,0.374303,0.90991]],[[0.796477,-0.598007,0.0895064],[0.0953349,-0.0219812,-0.995203],[0.597105,0.801189,0.0395034]],[[0.796477,-0.598007,0.0895064],[-0.278587,-0.494296,-0.823445],[0.536668,0.63092,-0.560292]]],"btipPosition":[15.6781,232.873,-4.33011],"carpPosition":[21.5721,257.037,70.556],"dipPosition":[24.9285,243.748,-13.9878],"direction":[-0.597105,-0.801189,-0.0395034],"extended":false,"handId":435,"id":4354,"length":50.5107,"mcpPosition":[42.9286,272.654,18.9586],"pipPosition":[36.6072,259.419,-13.2151],"stabilizedTipPosition":[17.8038,235.353,-6.54936],"timeVisible":22.3071,"tipPosition":[18.9652,236.56,-8.31313],"tipVelocity":[27.8839,277.602,-19.384],"tool":false,"touchDistance":0.302826,"touchZone":"hovering","type":4,"width":16.0574}],"r":[[0.970573,-0.0696983,0.230501],[-0.20058,0.295682,0.933991],[-0.133253,-0.95274,0.273001]],"s":1.73124,"t":[3.10747,163.105,-32.7959],"timestamp":89191616109},false],[2,{"currentFrameRate":47.9945,"devices":[],"gestures":[],"hands":[{"armBasis":[[0.969346,-0.0770922,-0.233292],[0.177799,0.875414,0.449486],[0.169575,-0.477187,0.862286]],"armWidth":63.72,"confidence":0.600182,"direction":[0.142918,0.439922,-0.886591],"elbow":[49.7803,128,308.084],"grabStrength":0,"id":435,"palmNormal":[-0.176095,-0.870192,-0.460171],"palmPosition":[3.5278,278.529,25.0451],"palmVelocity":[-39.3554,193.072,-80.7995],"palmWidth":90.99,"pinchStrength":0.554171,"r":[[0.968077,-0.0561879,0.244275],[-0.21999,0.276623,0.935459],[-0.120134,-0.959335,0.255431]],"s":1.7178,"sphereCenter":[-22.6946,265.487,-13.0847],"sphereRadius":50.3829,"stabilizedPalmPosition":[3.60538,278.291,25.2028],"t":[2.28887,167.848,-34.6422],"timeVisible":22.3252,"type":"right","wrist":[3.99509,256.841,75.2664]}],"id":1439254,"interactionBox":{"center":[0,200,0],"size":[235.247,235.247,147.751]},"pointables":[{"bases":[[[0.577304,0.774878,0.257458],[-0.760847,0.396052,0.514057],[0.296364,-0.492653,0.818206]],[[0.492499,0.868242,0.0600078],[-0.845499,0.460971,0.269514],[0.206341,-0.183472,0.961125]],[[0.492499,0.868242,0.0600078],[-0.860736,0.475719,0.181178],[0.128759,-0.140881,0.981618]],[[0.492499,0.868242,0.0600078],[-0.849065,0.464189,0.252225],[0.191137,-0.175171,0.965806]]],"btipPosition":[-45.3245,270.324,-32.0558],"carpPosition":[-26.161,252.263,71.9935],"dipPosition":[-40.8512,266.225,-9.45244],"direction":[-0.128759,0.140881,-0.981618],"extended":true,"handId":435,"id":4350,"length":52.1164,"mcpPosition":[-26.161,252.263,71.9935],"pipPosition":[-36.4611,261.421,24.0164],"stabilizedTipPosition":[-45.2839,267.074,-24.5649],"timeVisible":22.3252,"tipPosition":[-46.5876,270.792,-25.8109],"tipVelocity":[61.3367,150.204,-136.526],"tool":false,"touchDistance":-0.410577,"touchZone":"hovering","type":0,"width":20.25},{"bases":[[[0.984113,-0.144877,-0.102628],[0.170789,0.930422,0.324261],[0.0485095,-0.336637,0.940384]],[[0.985176,-0.155878,-0.0716216],[0.165703,0.756685,0.632432],[-0.0443876,-0.634925,0.771297]],[[0.985176,-0.155878,-0.0716216],[0.169913,0.944141,0.28236],[0.0236071,-0.290344,0.956631]],[[0.985176,-0.155878,-0.0716216],[0.150946,0.986075,-0.0697952],[0.0815038,0.0579495,0.994987]]],"btipPosition":[-16.9583,330.268,-70.5599],"carpPosition":[-13.3333,272.196,71.8827],"dipPosition":[-15.5657,331.258,-53.56],"direction":[-0.0236071,0.290344,-0.956631],"extended":true,"handId":435,"id":4351,"length":58.8075,"mcpPosition":[-16.9021,296.962,2.69899],"pipPosition":[-14.9951,324.24,-30.4378],"stabilizedTipPosition":[-16.599,330.367,-66.5765],"timeVisible":22.3252,"tipPosition":[-15.6563,331.72,-65.9439],"tipVelocity":[-40.1162,204.471,-74.8322],"tool":false,"touchDistance":0.195506,"touchZone":"hovering","type":1,"width":19.3428},{"bases":[[[0.937988,-0.345503,-0.0284002],[0.335729,0.884918,0.32281],[-0.0864001,-0.312326,0.946038]],[[0.93823,-0.344612,-0.031095],[0.303674,0.86317,-0.403385],[0.165852,0.369025,0.914502]],[[0.93823,-0.344612,-0.031095],[-0.00541735,0.0752258,-0.997152],[0.34597,0.935726,0.0687123]],[[0.93823,-0.344612,-0.031095],[-0.215886,-0.512787,-0.830929],[0.270403,0.786315,-0.555509]]],"btipPosition":[-17.9696,234.831,-30.9667],"carpPosition":[-1.08384,272.213,70.6306],"dipPosition":[-12.8881,249.608,-41.4058],"direction":[-0.34597,-0.935726,-0.0687123],"extended":false,"handId":435,"id":4352,"length":67.0064,"mcpPosition":[4.94412,294.004,4.62744],"pipPosition":[-3.05,276.216,-39.4519],"stabilizedTipPosition":[-16.687,234.768,-36.0396],"timeVisible":22.3252,"tipPosition":[-16.5271,239.019,-34.1387],"tipVelocity":[-13.7697,102.357,51.1259],"tool":false,"touchDistance":-0.175049,"touchZone":"touching","type":2,"width":18.9972},{"bases":[[[0.887054,-0.453418,0.0868732],[0.398961,0.847565,0.349949],[-0.232304,-0.275765,0.932732]],[[0.891397,-0.447979,0.0687487],[0.422872,0.7675,-0.481793],[0.163068,0.45854,0.873584]],[[0.891397,-0.447979,0.0687487],[0.0455195,-0.0624298,-0.997011],[0.450932,0.891862,-0.0352579]],[[0.891397,-0.447979,0.0687487],[-0.230525,-0.57875,-0.782245],[0.390217,0.681442,-0.619166]]],"btipPosition":[-1.76083,228.39,-15.1146],"carpPosition":[10.756,269.042,69.7979],"dipPosition":[5.52999,241.123,-26.6831],"direction":[-0.450932,-0.891862,0.0352579],"extended":false,"handId":435,"id":4353,"length":64.4285,"mcpPosition":[25.3075,286.316,11.3716],"pipPosition":[18.0217,265.829,-27.6598],"stabilizedTipPosition":[-0.0440877,231.247,-17.7472],"timeVisible":22.3252,"tipPosition":[0.602515,232.475,-19.5614],"tipVelocity":[-1.59105,178.334,-36.7937],"tool":false,"touchDistance":0.333333,"touchZone":"none","type":3,"width":18.077},{"bases":[[[0.77601,-0.616055,0.135219],[0.509972,0.739008,0.440221],[-0.371129,-0.272658,0.887649]],[[0.793383,-0.601846,0.0912399],[0.572971,0.687738,-0.445781],[0.205542,0.405953,0.89048]],[[0.793383,-0.601846,0.0912399],[0.0621903,-0.0689627,-0.995679],[0.605537,0.795629,-0.0172849]],[[0.793383,-0.601846,0.0912399],[-0.305988,-0.523881,-0.794934],[0.526227,0.602769,-0.599796]]],"btipPosition":[14.0176,234.377,-3.29056],"carpPosition":[20.6795,258.872,68.99],"dipPosition":[23.088,244.767,-13.6291],"direction":[-0.605537,-0.795629,0.0172849],"extended":false,"handId":435,"id":4354,"length":50.5107,"mcpPosition":[42.1994,274.682,17.5195],"pipPosition":[34.9316,260.328,-13.9672],"stabilizedTipPosition":[16.1092,236.762,-5.67126],"timeVisible":22.3252,"tipPosition":[17.3117,238.003,-7.76576],"tipVelocity":[-30.0998,182.085,13.0383],"tool":false,"touchDistance":0.333333,"touchZone":"none","type":4,"width":16.0574}],"r":[[0.968077,-0.0561879,0.244275],[-0.21999,0.276623,0.935459],[-0.120134,-0.959335,0.255431]],"s":1.7178,"t":[2.28887,167.848,-34.6422],"timestamp":89191634219},false],[3,{"currentFrameRate":48.6137,"devices":[],"gestures":[],"hands":[{"armBasis":[[0.960325,-0.138361,-0.24214],[0.234115,0.871768,0.430361],[0.151545,-0.469975,0.869573]],"armWidth":63.72,"confidence":0.451666,"direction":[0.129462,0.437634,-0.889784],"elbow":[45.3184,130.479,305.761],"grabStrength":0,"id":435,"palmNormal":[-0.23047,-0.859481,-0.456263],"palmPosition":[3.04489,279.305,20.8773],"palmVelocity":[-33.2917,121.497,-151.77],"palmWidth":90.99,"pinchStrength":0.620539,"r":[[0.967165,-0.0541145,0.248323],[-0.226151,0.262585,0.938033],[-0.115967,-0.96339,0.241725]],"s":1.70536,"sphereCenter":[-25.8011,267.94,-16.031],"sphereRadius":50.4591,"stabilizedPalmPosition":[3.18684,279.048,21.9728],"t":[1.63812,170.608,-37.6492],"timeVisible":22.3433,"type":"right","wrist":[4.40115,257.372,70.9761]}],"id":1439255,"interactionBox":{"center":[0,200,0],"size":[235.247,235.247,147.751]},"pointables":[{"bases":[[[0.619484,0.747852,0.238657],[-0.723622,0.426155,0.542921],[0.30432,-0.509029,0.805158]],[[0.533795,0.844204,0.0488175],[-0.815068,0.498279,0.295604],[0.225225,-0.197582,0.954062]],[[0.533795,0.844204,0.0488175],[-0.835887,0.518044,0.181449],[0.12789,-0.137662,0.982188]],[[0.533795,0.844204,0.0488175],[-0.835319,0.517436,0.185749],[0.13155,-0.13993,0.981384]]],"btipPosition":[-44.7069,271.954,-35.2842],"carpPosition":[-26.0249,254.122,68.7965],"dipPosition":[-41.6281,268.679,-12.3163],"direction":[-0.12789,0.137662,-0.982188],"extended":false,"handId":435,"id":4350,"length":52.1164,"mcpPosition":[-26.0249,254.122,68.7965],"pipPosition":[-37.2677,263.985,21.172],"stabilizedTipPosition":[-44.7724,268.716,-26.7285],"timeVisible":22.3433,"tipPosition":[-46.5188,272.681,-28.8226],"tipVelocity":[39.9166,126.431,-154.08],"tool":false,"touchDistance":-0.445022,"touchZone":"hovering","type":0,"width":20.25},{"bases":[[[0.972475,-0.186908,-0.139135],[0.222831,0.920548,0.320839],[0.0681135,-0.343011,0.936859]],[[0.974044,-0.196804,-0.11183],[0.222749,0.745493,0.62819],[-0.0402618,-0.636795,0.769981]],[[0.974044,-0.196804,-0.11183],[0.220896,0.934313,0.279759],[0.0494268,-0.2972,0.953535]],[[0.974044,-0.196804,-0.11183],[0.189781,0.979298,-0.0704164],[0.123374,0.0473654,0.991229]]],"btipPosition":[-18.9386,332.448,-73.7068],"carpPosition":[-12.3547,273.481,68.2808],"dipPosition":[-16.8307,333.257,-56.771],"direction":[-0.0494268,0.2972,-0.953535],"extended":true,"handId":435,"id":4351,"length":58.8075,"mcpPosition":[-17.3658,298.716,-0.643499],"pipPosition":[-15.6361,326.074,-33.7237],"stabilizedTipPosition":[-18.2502,332.385,-69.4564],"timeVisible":22.3433,"tipPosition":[-17.3759,333.682,-69.2026],"tipVelocity":[-68.6966,163.254,-122.222],"tool":false,"touchDistance":0.148183,"touchZone":"hovering","type":1,"width":19.3428},{"bases":[[[0.920405,-0.385706,-0.063926],[0.385473,0.867942,0.313188],[-0.0653143,-0.312901,0.947537]],[[0.920602,-0.384739,-0.0668479],[0.321829,0.844461,-0.42815],[0.221176,0.372642,0.901232]],[[0.920602,-0.384739,-0.0668479],[-0.0475185,0.0595417,-0.997094],[0.387601,0.921103,0.036532]],[[0.920602,-0.384739,-0.0668479],[-0.273954,-0.514315,-0.812668],[0.278284,0.766457,-0.57888]]],"btipPosition":[-22.5254,236.246,-33.1277],"carpPosition":[-0.169973,272.973,66.5803],"dipPosition":[-17.2959,250.649,-44.006],"direction":[-0.387601,-0.921103,-0.036532],"extended":false,"handId":435,"id":4352,"length":67.0064,"mcpPosition":[4.38687,294.803,0.472525],"pipPosition":[-6.27392,276.842,-42.9672],"stabilizedTipPosition":[-19.1205,237.283,-35.8244],"timeVisible":22.3433,"tipPosition":[-21.0293,240.415,-36.6583],"tipVelocity":[-125.967,88.4995,-32.6352],"tool":false,"touchDistance":-0.216311,"touchZone":"touching","type":2,"width":18.9972},{"bases":[[[0.869066,-0.491872,0.0527824],[0.447968,0.827751,0.337866],[-0.209878,-0.269983,0.939713]],[[0.872855,-0.486714,0.0351202],[0.433479,0.740307,-0.51385],[0.224098,0.46374,0.857161]],[[0.872855,-0.486714,0.0351202],[-0.00157107,-0.0747733,-0.997199],[0.487976,0.870356,-0.0660309]],[[0.872855,-0.486714,0.0351202],[-0.286774,-0.569858,-0.77008],[0.394822,0.662097,-0.63698]]],"btipPosition":[-6.27821,229.007,-18.1273],"carpPosition":[11.4824,269.296,65.3035],"dipPosition":[1.09864,241.377,-30.0286],"direction":[-0.487976,-0.870356,0.0660309],"extended":false,"handId":435,"id":4353,"length":64.4285,"mcpPosition":[24.6292,286.208,6.43983],"pipPosition":[14.6166,265.488,-31.8578],"stabilizedTipPosition":[-4.20269,231.801,-20.6043],"timeVisible":22.3433,"tipPosition":[-3.8841,233.027,-22.7036],"tipVelocity":[-118.954,107.39,-100.401],"tool":false,"touchDistance":0.333333,"touchZone":"none","type":3,"width":18.077},{"bases":[[[0.75289,-0.649775,0.104633],[0.557372,0.714044,0.423648],[-0.349989,-0.260641,0.899763]],[[0.770147,-0.635271,0.0574837],[0.5773,0.655855,-0.486393],[0.271291,0.40778,0.871847]],[[0.770147,-0.635271,0.0574837],[0.00437742,-0.0848529,-0.996384],[0.637852,0.767613,-0.0625684]],[[0.770147,-0.635271,0.0574837],[-0.368223,-0.516362,-0.773164],[0.520851,0.574283,-0.631596]]],"btipPosition":[10.166,234.491,-6.79176],"carpPosition":[20.9179,258.709,64.0986],"dipPosition":[19.1438,244.39,-17.6785],"direction":[-0.637852,-0.767613,0.0625684],"extended":false,"handId":435,"id":4354,"length":50.5107,"mcpPosition":[41.212,273.823,11.9256],"pipPosition":[31.6194,259.404,-18.9022],"stabilizedTipPosition":[12.3472,236.768,-9.18702],"timeVisible":22.3433,"tipPosition":[13.3404,237.878,-11.3693],"tipVelocity":[-117.476,95.392,-88.4357],"tool":false,"touchDistance":0.333333,"touchZone":"none","type":4,"width":16.0574}],"r":[[0.967165,-0.0541145,0.248323],[-0.226151,0.262585,0.938033],[-0.115967,-0.96339,0.241725]],"s":1.70536,"t":[1.63812,170.608,-37.6492],"timestamp":89191652356},false],[4,{"currentFrameRate":49.2295,"devices":[],"gestures":[],"hands":[{"armBasis":[[0.954354,-0.162296,-0.250736],[0.258697,0.868737,0.422341],[0.14928,-0.467927,0.871068]],"armWidth":63.72,"confidence":0.495378,"direction":[0.129036,0.445516,-0.885926],"elbow":[44.0516,133.685,302.828],"grabStrength":0,"id":435,"palmNormal":[-0.252999,-0.849039,-0.463815],"palmPosition":[2.3122,282.58,17.8196],"palmVelocity":[-36.8767,150.433,-160.669],"palmWidth":90.99,"pinchStrength":0.682665,"r":[[0.966731,-0.0570544,0.249353],[-0.227963,0.250041,0.941017],[-0.116038,-0.966553,0.228716]],"s":1.6946,"sphereCenter":[-28.6205,273.046,-18.4505],"sphereRadius":50.8419,"stabilizedPalmPosition":[2.63822,281.264,19.3677],"t":[0.946395,173.625,-40.6816],"timeVisible":22.3612,"type":"right","wrist":[3.7461,260.026,67.6393]}],"id":1439256,"interactionBox":{"center":[0,200,0],"size":[235.247,235.247,147.751]},"pointables":[{"bases":[[[0.637296,0.732062,0.240705],[-0.708868,0.434384,0.555712],[0.302258,-0.524781,0.795767]],[[0.552469,0.831745,0.0545798],[-0.803567,0.514064,0.300032],[0.221493,-0.209617,0.952366]],[[0.552469,0.831745,0.0545798],[-0.826346,0.537949,0.16662],[0.109224,-0.137154,0.984509]],[[0.552469,0.831745,0.0545798],[-0.831569,0.545491,0.104557],[0.0571917,-0.103151,0.99302]]],"btipPosition":[-42.881,274.982,-38.5958],"carpPosition":[-26.762,257.427,65.7517],"dipPosition":[-41.5425,272.567,-15.3556],"direction":[-0.109224,0.137154,-0.984509],"extended":false,"handId":435,"id":4350,"length":52.1164,"mcpPosition":[-26.762,257.427,65.7517],"pipPosition":[-37.8184,267.891,18.2119],"stabilizedTipPosition":[-43.9849,270.761,-29.0639],"timeVisible":22.3612,"tipPosition":[-45.1919,275.996,-32.0921],"tipVelocity":[58.6346,151.728,-166.928],"tool":false,"touchDistance":-0.477587,"touchZone":"hovering","type":0,"width":20.25},{"bases":[[[0.966876,-0.205153,-0.151863],[0.245188,0.911868,0.329209],[0.0709406,-0.35554,0.931965]],[[0.968352,-0.21401,-0.128429],[0.246149,0.733751,0.633261],[-0.0412894,-0.644833,0.763208]],[[0.968352,-0.21401,-0.128429],[0.242878,0.926504,0.287403],[0.0574826,-0.3095,0.94916]],[[0.968352,-0.21401,-0.128429],[0.207637,0.976285,-0.0612682],[0.138495,0.0326626,0.989824]]],"btipPosition":[-19.9019,337.289,-75.8913],"carpPosition":[-12.7011,276.506,65.3156],"dipPosition":[-17.5356,337.847,-58.9796],"direction":[-0.0574826,0.3095,-0.94916],"extended":true,"handId":435,"id":4351,"length":58.8075,"mcpPosition":[-17.9201,302.663,-3.24875],"pipPosition":[-16.1463,330.366,-36.038],"stabilizedTipPosition":[-19.1996,336.699,-71.6382],"timeVisible":22.3612,"tipPosition":[-18.2251,338.352,-71.4384],"tipVelocity":[-60.0703,212.194,-122.211],"tool":false,"touchDistance":0.130206,"touchZone":"hovering","type":1,"width":19.3428},{"bases":[[[0.911511,-0.403727,-0.0784367],[0.406618,0.85603,0.319177],[-0.061716,-0.322827,0.944444]],[[0.911708,-0.402671,-0.0815179],[0.328208,0.833205,-0.445026],[0.24712,0.378979,0.891799]],[[0.911708,-0.402671,-0.0815179],[-0.0684447,0.0467769,-0.996558],[0.405098,0.914149,0.0150862]],[[0.911708,-0.402671,-0.0815179],[-0.299539,-0.5157,-0.802701],[0.281186,0.756247,-0.590784]]],"btipPosition":[-24.9572,239.818,-34.7269],"carpPosition":[-0.548121,275.769,63.4771],"dipPosition":[-19.6732,254.029,-45.8289],"direction":[-0.405098,-0.914149,-0.0150862],"extended":false,"handId":435,"id":4352,"length":67.0064,"mcpPosition":[3.75768,298.292,-2.4148],"pipPosition":[-8.15362,280.025,-45.3999],"stabilizedTipPosition":[-21.9743,240.867,-36.7235],"timeVisible":22.3612,"tipPosition":[-23.3981,244.111,-38.6055],"tipVelocity":[-130.227,139.678,-60.7201],"tool":false,"touchDistance":0.333333,"touchZone":"none","type":2,"width":18.9972},{"bases":[[[0.859231,-0.510208,0.0375647],[0.468528,0.814271,0.342701],[-0.205437,-0.276859,0.938693]],[[0.862818,-0.505099,0.0205213],[0.431766,0.715221,-0.549579],[0.262914,0.483047,0.83519]],[[0.862818,-0.505099,0.0205213],[-0.0408292,-0.110092,-0.993082],[0.503864,0.856011,-0.115612]],[[0.862818,-0.505099,0.0205213],[-0.324392,-0.584353,-0.743842],[0.387705,0.635143,-0.66804]]],"btipPosition":[-9.06863,232.049,-18.4005],"carpPosition":[11.0116,271.869,62.0308],"dipPosition":[-1.82474,243.916,-30.8821],"direction":[-0.503864,-0.856011,0.115612],"extended":false,"handId":435,"id":4353,"length":64.4285,"mcpPosition":[23.8802,289.211,3.2311],"pipPosition":[12.1333,267.629,-34.0848],"stabilizedTipPosition":[-7.14535,234.539,-21.2177],"timeVisible":22.3612,"tipPosition":[-6.63228,236.047,-23.5738],"tipVelocity":[-137.114,133.777,-63.699],"tool":false,"touchDistance":0.333333,"touchZone":"none","type":3,"width":18.077},{"bases":[[[0.740374,-0.666303,0.0888117],[0.576463,0.697322,0.425948],[-0.345741,-0.264164,0.900378]],[[0.757995,-0.651035,0.0399681],[0.578715,0.642998,-0.50164],[0.300885,0.403371,0.864153]],[[0.757995,-0.651035,0.0399681],[-0.0200032,-0.0844497,-0.996227],[0.651953,0.754336,-0.0770352]],[[0.757995,-0.651035,0.0399681],[-0.392677,-0.504403,-0.769014],[0.520815,0.567214,-0.637981]]],"btipPosition":[7.89325,237.63,-9.66164],"carpPosition":[20.2131,261.106,60.5992],"dipPosition":[16.8704,247.407,-20.6584],"direction":[-0.651953,-0.754336,0.0770352],"extended":false,"handId":435,"id":4354,"length":50.5107,"mcpPosition":[40.2609,276.423,8.39065],"pipPosition":[29.6219,262.16,-22.1651],"stabilizedTipPosition":[10.1672,239.606,-11.9279],"timeVisible":22.3612,"tipPosition":[11.0314,240.954,-14.207],"tipVelocity":[-121.89,132.3,-122.965],"tool":false,"touchDistance":0.333333,"touchZone":"none","type":4,"width":16.0574}],"r":[[0.966731,-0.0570544,0.249353],[-0.227963,0.250041,0.941017],[-0.116038,-0.966553,0.228716]],"s":1.6946,"t":[0.946395,173.625,-40.6816],"timestamp":89191670278},false],[5,{"currentFrameRate":49.7319,"devices":[],"gestures":[],"hands":[{"armBasis":[[0.953562,-0.163446,-0.252993],[0.262277,0.863572,0.430645],[0.14809,-0.477001,0.866337]],"armWidth":63.72,"confidence":0.511519,"direction":[0.132442,0.449966,-0.88317],"elbow":[42.8672,134.678,299.926],"grabStrength":0.00148804,"id":435,"palmNormal":[-0.256822,-0.845012,-0.469038],"palmPosition":[1.62772,286.318,16.3257],"palmVelocity":[-37.2478,176.763,-123.224],"palmWidth":90.99,"pinchStrength":0.719113,"r":[[0.96626,-0.0607097,0.250313],[-0.229394,0.239122,0.943504],[-0.117135,-0.96909,0.217127]],"s":1.68665,"sphereCenter":[-30.9021,277.83,-19.6449],"sphereRadius":51.3547,"stabilizedPalmPosition":[2.63822,281.264,19.3677],"t":[0.258292,177.003,-42.9447],"timeVisible":22.3794,"type":"right","wrist":[2.88286,263.468,66.0153]}],"id":1439257,"interactionBox":{"center":[0,200,0],"size":[235.247,235.247,147.751]},"pointables":[{"bases":[[[0.640784,0.727337,0.245719],[-0.707296,0.434831,0.557364],[0.298546,-0.530946,0.793075]],[[0.55708,0.828231,0.0607858],[-0.802229,0.517777,0.297214],[0.214688,-0.214336,0.952874]],[[0.55708,0.828231,0.0607858],[-0.825504,0.544288,0.14931],[0.090578,-0.133356,0.98692]],[[0.55708,0.828231,0.0607858],[-0.830453,0.555316,0.0444053],[0.00302255,-0.0752171,0.997163]]],"btipPosition":[-41.5117,278.046,-40.4762],"carpPosition":[-27.636,261.039,64.0758],"dipPosition":[-41.441,276.285,-17.139],"direction":[-0.090578,0.133356,-0.98692],"extended":false,"handId":435,"id":4350,"length":52.1164,"mcpPosition":[-27.636,261.039,64.0758],"pipPosition":[-38.3527,271.738,16.5106],"stabilizedTipPosition":[-43.0407,273.37,-31.3566],"timeVisible":22.3794,"tipPosition":[-44.0254,279.167,-34.0929],"tipVelocity":[58.9441,163.703,-136.055],"tool":false,"touchDistance":-0.486033,"touchZone":"touching","type":0,"width":20.25},{"bases":[[[0.965988,-0.209286,-0.15188],[0.249504,0.90866,0.33479],[0.0679403,-0.361297,0.929972]],[[0.967009,-0.21544,-0.135939],[0.252131,0.733221,0.63152],[-0.036381,-0.64496,0.76335]],[[0.967009,-0.21544,-0.135939],[0.246338,0.926775,0.283558],[0.0648953,-0.30769,0.949271]],[[0.967009,-0.21544,-0.135939],[0.208119,0.975866,-0.0661164],[0.146902,0.0356437,0.988509]]],"btipPosition":[-20.9895,341.164,-77.2792],"carpPosition":[-13.4758,280.046,63.7674],"dipPosition":[-18.4796,341.773,-60.3899],"direction":[-0.0648953,0.30769,-0.949271],"extended":true,"handId":435,"id":4351,"length":58.8075,"mcpPosition":[-18.4741,306.627,-4.65033],"pipPosition":[-16.9111,334.336,-37.4457],"stabilizedTipPosition":[-20.2389,340.646,-73.1435],"timeVisible":22.3794,"tipPosition":[-19.1591,342.269,-72.822],"tipVelocity":[-59.0898,212.969,-100.466],"tool":false,"touchDistance":0.128912,"touchZone":"hovering","type":1,"width":19.3428},{"bases":[[[0.909502,-0.407992,-0.079674],[0.410655,0.852044,0.324629],[-0.0645603,-0.32797,0.94248]],[[0.909714,-0.406889,-0.082836],[0.329142,0.828225,-0.453551],[0.253152,0.385337,0.887373]],[[0.909714,-0.406889,-0.082836],[-0.0738862,0.0376892,-0.996554],[0.408609,0.9127,0.00422288]],[[0.909714,-0.406889,-0.082836],[-0.305002,-0.519409,-0.79824],[0.281769,0.751435,-0.596616]]],"btipPosition":[-25.9367,243.49,-35.4957],"carpPosition":[-1.32452,279.257,61.9394],"dipPosition":[-20.6417,257.611,-46.7073],"direction":[-0.408609,-0.9127,-0.00422288],"extended":false,"handId":435,"id":4352,"length":67.0064,"mcpPosition":[3.17973,302.139,-3.81551],"pipPosition":[-9.02229,283.565,-46.5872],"stabilizedTipPosition":[-23.9235,245.037,-37.6829],"timeVisible":22.3794,"tipPosition":[-24.3693,247.786,-39.4844],"tipVelocity":[-93.7368,168.873,-52.5905],"tool":false,"touchDistance":0.333333,"touchZone":"none","type":2,"width":18.9972},{"bases":[[[0.856527,-0.51487,0.0356444],[0.472318,0.809828,0.347986],[-0.208034,-0.281224,0.936822]],[[0.860116,-0.50975,0.0188556],[0.421056,0.688624,-0.590347],[0.287945,0.515706,0.806929]],[[0.860116,-0.50975,0.0188556],[-0.0723261,-0.158462,-0.984712],[0.504945,0.845603,-0.173164]],[[0.860116,-0.50975,0.0188556],[-0.34653,-0.611037,-0.711723],[0.374322,0.605631,-0.702207]]],"btipPosition":[-10.5992,235.139,-16.3343],"carpPosition":[10.2167,275.305,60.4845],"dipPosition":[-3.60535,246.455,-29.4543],"direction":[-0.504945,-0.845603,0.173164],"extended":false,"handId":435,"id":4353,"length":64.4285,"mcpPosition":[23.2479,292.921,1.80197],"pipPosition":[10.3826,269.88,-34.2513],"stabilizedTipPosition":[-8.89578,237.577,-19.4478],"timeVisible":22.3794,"tipPosition":[-8.19325,239.024,-22.0118],"tipVelocity":[-113.378,147.741,17.0677],"tool":false,"touchDistance":0.333333,"touchZone":"none","type":3,"width":18.077},{"bases":[[[0.736799,-0.670641,0.0858411],[0.579542,0.69184,0.430684],[-0.348222,-0.267579,0.898411]],[[0.754911,-0.654834,0.0360779],[0.574168,0.63333,-0.518868],[0.316923,0.412414,0.854093]],[[0.754911,-0.654834,0.0360779],[-0.0364059,-0.0967691,-0.994641],[0.654816,0.749552,-0.0968919]],[[0.754911,-0.654834,0.0360779],[-0.403987,-0.507653,-0.760975],[0.516627,0.559893,-0.647778]]],"btipPosition":[6.6371,241.125,-10.2323],"carpPosition":[19.3639,264.503,59.0016],"dipPosition":[15.5421,250.776,-21.3979],"direction":[-0.654816,-0.749552,0.0968919],"extended":false,"handId":435,"id":4354,"length":50.5107,"mcpPosition":[39.5557,280.019,6.90707],"pipPosition":[28.3495,265.436,-23.293],"stabilizedTipPosition":[8.8244,242.994,-12.7184],"timeVisible":22.3794,"tipPosition":[9.7423,244.403,-14.8445],"tipVelocity":[-97.1409,160.163,-80.2945],"tool":false,"touchDistance":0.333333,"touchZone":"none","type":4,"width":16.0574}],"r":[[0.96626,-0.0607097,0.250313],[-0.229394,0.239122,0.943504],[-0.117135,-0.96909,0.217127]],"s":1.68665,"t":[0.258292,177.003,-42.9447],"timestamp":89191688456},false],[6,{"currentFrameRate":50.2642,"devices":[],"gestures":[],"hands":[{"armBasis":[[0.951296,-0.16437,-0.260802],[0.265756,0.866002,0.423573],[0.156233,-0.472253,0.867507]],"armWidth":63.72,"confidence":0.538093,"direction":[0.139091,0.470177,-0.871543],"elbow":[44.0022,138.658,298.13],"grabStrength":0.00818846,"id":435,"palmNormal":[-0.256049,-0.833095,-0.490298],"palmPosition":[0.932136,290.178,14.7562],"palmVelocity":[-38.0382,195.251,-106.54],"palmWidth":90.99,"pinchStrength":0.722165,"r":[[0.965534,-0.0653343,0.251942],[-0.231597,0.226054,0.946183],[-0.118771,-0.971921,0.203132]],"s":1.68118,"sphereCenter":[-32.8778,283.069,-21.2068],"sphereRadius":51.8142,"stabilizedPalmPosition":[1.54777,286.961,16.4203],"t":[-0.433551,180.622,-44.8611],"timeVisible":22.3973,"type":"right","wrist":[1.81933,266.166,63.9033]}],"id":1439258,"interactionBox":{"center":[0,200,0],"size":[235.247,235.247,147.751]},"pointables":[{"bases":[[[0.641093,0.71965,0.266653],[-0.709644,0.423558,0.563032],[0.292243,-0.550185,0.782235]],[[0.558974,0.824924,0.0839547],[-0.803393,0.513747,0.301036],[0.205201,-0.23572,0.94991]],[[0.558974,0.824924,0.0839547],[-0.8259,0.544893,0.144849],[0.0737431,-0.150305,0.985886]],[[0.558974,0.824924,0.0839547],[-0.828262,0.560259,0.00959102],[-0.0391245,-0.0748976,0.996423]]],"btipPosition":[-40.5347,282.51,-42.6324],"carpPosition":[-28.6929,263.866,61.7191],"dipPosition":[-41.4504,280.757,-19.3125],"direction":[-0.0737431,0.150305,-0.985886],"extended":false,"handId":435,"id":4350,"length":52.1164,"mcpPosition":[-28.6929,263.866,61.7191],"pipPosition":[-38.936,275.633,14.3019],"stabilizedTipPosition":[-42.0635,277.09,-33.8735],"timeVisible":22.3973,"tipPosition":[-43.1848,283.57,-36.3519],"tipVelocity":[50.9481,204.348,-128.904],"tool":false,"touchDistance":-0.498166,"touchZone":"touching","type":0,"width":20.25},{"bases":[[[0.966378,-0.208273,-0.150782],[0.24973,0.899891,0.357536],[0.0612221,-0.38317,0.921647]],[[0.966767,-0.210836,-0.144603],[0.253849,0.724424,0.640914],[-0.0303736,-0.656322,0.75387]],[[0.966767,-0.210836,-0.144603],[0.245288,0.924395,0.292109],[0.0720836,-0.317871,0.94539]],[[0.966767,-0.210836,-0.144603],[0.204262,0.977133,-0.0590647],[0.15375,0.0275648,0.987725]]],"btipPosition":[-22.051,346.436,-77.9758],"carpPosition":[-14.4826,282.837,61.9437],"dipPosition":[-19.4241,346.907,-61.1],"direction":[-0.0720836,0.317871,-0.94539],"extended":true,"handId":435,"id":4351,"length":58.8075,"mcpPosition":[-18.9867,311.027,-5.86146],"pipPosition":[-17.6818,339.224,-38.2495],"stabilizedTipPosition":[-21.3028,345.841,-73.981],"timeVisible":22.3973,"tipPosition":[-20.0503,347.586,-73.4678],"tipVelocity":[-58.5254,250.803,-71.5694],"tool":false,"touchDistance":0.1491,"touchZone":"hovering","type":1,"width":19.3428},{"bases":[[[0.908938,-0.408464,-0.083605],[0.410796,0.843094,0.347045],[-0.0712684,-0.349787,0.934115]],[[0.909169,-0.407301,-0.0867029],[0.32223,0.81998,-0.473076],[0.263779,0.402168,0.876745]],[[0.909169,-0.407301,-0.0867029],[-0.0894556,0.0123211,-0.995915],[0.406705,0.913211,-0.0252334]],[[0.909169,-0.407301,-0.0867029],[-0.313853,-0.533365,-0.785505],[0.273693,0.741369,-0.612751]]],"btipPosition":[-26.7728,247.177,-35.0256],"carpPosition":[-2.32228,282.058,60.1728],"dipPosition":[-21.6295,261.109,-46.5404],"direction":[-0.406705,-0.913211,0.0252334],"extended":false,"handId":435,"id":4352,"length":67.0064,"mcpPosition":[2.64997,306.462,-4.99853],"pipPosition":[-10.0643,287.077,-47.258],"stabilizedTipPosition":[-25.2452,249.276,-37.6759],"timeVisible":22.3973,"tipPosition":[-25.1567,251.746,-39.6081],"tipVelocity":[-72.5295,185.361,-17.2443],"tool":false,"touchDistance":0.333333,"touchZone":"none","type":2,"width":18.9972},{"bases":[[[0.854972,-0.517872,0.0288467],[0.472204,0.800176,0.369786],[-0.214584,-0.302535,0.928669]],[[0.858687,-0.512356,0.0121685],[0.417203,0.685029,-0.597224],[0.297656,0.517905,0.801982]],[[0.858687,-0.512356,0.0121685],[-0.0843856,-0.164766,-0.982716],[0.505506,0.842819,-0.184718]],[[0.858687,-0.512356,0.0121685],[-0.354037,-0.610184,-0.708754],[0.37056,0.60429,-0.705351]]],"btipPosition":[-11.567,239.283,-17.0114],"carpPosition":[9.21762,278.11,58.6968],"dipPosition":[-4.64351,250.574,-30.1902],"direction":[-0.505506,-0.842819,0.184718],"extended":false,"handId":435,"id":4353,"length":64.4285,"mcpPosition":[22.6592,297.061,0.52501],"pipPosition":[9.36001,273.921,-35.3072],"stabilizedTipPosition":[-9.93679,241.729,-20.0217],"timeVisible":22.3973,"tipPosition":[-9.22492,243.1,-22.6356],"tipVelocity":[-85.8939,187.249,-9.19218],"tool":false,"touchDistance":0.333333,"touchZone":"none","type":3,"width":18.077},{"bases":[[[0.734537,-0.674452,0.0746377],[0.57861,0.679994,0.450354],[-0.354495,-0.287615,0.889725]],[[0.753421,-0.657094,0.0241666],[0.567323,0.631031,-0.529097],[0.332417,0.412343,0.848217]],[[0.753421,-0.657094,0.0241666],[-0.053933,-0.0983851,-0.993686],[0.655323,0.74736,-0.109564]],[[0.753421,-0.657094,0.0241666],[-0.413957,-0.502555,-0.758998],[0.510878,0.561841,-0.650644]]],"btipPosition":[5.52462,245.117,-11.2076],"carpPosition":[18.3464,267.321,57.0176],"dipPosition":[14.3305,254.801,-22.4226],"direction":[-0.655323,-0.74736,0.109564],"extended":false,"handId":435,"id":4354,"length":50.5107,"mcpPosition":[38.9018,283.999,5.42671],"pipPosition":[27.1479,269.419,-24.5656],"stabilizedTipPosition":[7.6639,246.955,-13.6915],"timeVisible":22.3973,"tipPosition":[8.61212,248.44,-15.9018],"tipVelocity":[-81.2991,190.159,-68.4739],"tool":false,"touchDistance":0.333333,"touchZone":"none","type":4,"width":16.0574}],