{"sensorType":"Leap","data":[[0,{"currentFrameRate":55.3537,"devices":[],"gestures":[],"hands":[{"armBasis":[[0.803493,-0.554887,-0.215637],[0.594034,0.771062,0.22932],[0.039023,-0.312353,0.949164]],"armWidth":60.198,"confidence":0.537957,"direction":[0.193085,0.463911,-0.864584],"elbow":[13.1054,110.683,314.553],"grabStrength":0,"id":434,"palmNormal":[-0.562657,-0.669536,-0.48491],"palmPosition":[4.91686,215.468,27.3063],"palmVelocity":[170.202,922.61,-355.764],"palmWidth":85.9607,"pinchStrength":1,"r":[[0.458705,-0.708931,0.53573],[0.0719803,0.630564,0.772793],[-0.885669,-0.315921,0.340271]],"s":1.86258,"sphereCenter":[-10.9406,188.738,-11.7312],"sphereRadius":46.7981,"stabilizedPalmPosition":[4.11442,211.497,28.9269],"t":[100.309,-49.4595,-114.459],"timeVisible":26.2743,"type":"right","wrist":[3.15161,190.357,72.4435]}],"id":1436237,"interactionBox":{"center":[0,200,0],"size":[235.247,235.247,147.751]},"pointables":[{"bases":[[[0.86439,0.455948,0.211994],[-0.47064,0.585233,0.660303],[0.176997,-0.670532,0.720457]],[[0.740654,0.668753,-0.0648119],[-0.560391,0.668083,0.489517],[0.370666,-0.326243,0.869582]],[[0.740654,0.668753,-0.0648119],[-0.663964,0.743277,0.0817933],[0.102873,-0.0175477,0.99454]],[[0.740654,0.668753,-0.0648119],[-0.658915,0.704104,-0.264704],[-0.131387,0.23876,0.962149]]],"btipPosition":[-42.751,208.32,-20.4772],"carpPosition":[-24.8623,197.649,73.8392],"dipPosition":[-45.656,213.599,0.795941],"direction":[-0.102873,0.0175477,-0.99454],"extended":false,"handId":434,"id":4340,"length":49.2357,"mcpPosition":[-24.8623,197.649,73.8392],"pipPosition":[-42.3423,213.034,32.8311],"stabilizedTipPosition":[-23.2365,215.577,4.03481],"timeVisible":26.2743,"tipPosition":[-42.3449,209.446,-14.4604],"tipVelocity":[-744.168,138.885,-636.929],"tool":false,"touchDistance":-0.433107,"touchZone":"hovering","type":0,"width":19.1307},{"bases":[[[0.824833,-0.493966,-0.275041],[0.564647,0.744417,0.356395],[0.0286979,-0.449267,0.892937]],[[0.824129,-0.531855,-0.194786],[0.56435,0.800302,0.202546],[0.0481629,-0.276852,0.959705]],[[0.824129,-0.531855,-0.194786],[0.560191,0.816166,0.141632],[0.0836505,-0.22584,0.970566]],[[0.824129,-0.531855,-0.194786],[0.555506,0.826105,0.094672],[0.110562,-0.186227,0.976266]]],"btipPosition":[-14.036,260.912,-65.8817],"carpPosition":[-6.3919,210.287,73.0528],"dipPosition":[-12.2514,257.906,-50.1236],"direction":[-0.0836505,0.22584,-0.970566],"extended":true,"handId":434,"id":4341,"length":55.557,"mcpPosition":[-8.3865,241.512,10.9909],"pipPosition":[-10.3413,252.749,-27.9613],"stabilizedTipPosition":[-10.301,256.015,-60.9313],"timeVisible":26.2743,"tipPosition":[-11.3405,260.685,-61.6912],"tipVelocity":[-343.935,968.355,-314.222],"tool":false,"touchDistance":-0.651818,"touchZone":"hovering","type":1,"width":18.2737},{"bases":[[[0.712702,-0.669741,-0.208573],[0.696459,0.640145,0.324283],[-0.0836689,-0.376379,0.92268]],[[0.715313,-0.655332,-0.242624],[0.465123,0.705611,-0.534578],[0.521525,0.269541,0.809543]],[[0.715313,-0.655332,-0.242624],[-0.257369,0.0757333,-0.963341],[0.649683,0.751534,-0.114489]],[[0.715313,-0.655332,-0.242624],[-0.561341,-0.332068,-0.758042],[0.416201,0.678432,-0.605398]]],"btipPosition":[-39.0839,186.349,-13.8913],"carpPosition":[3.992,206.049,69.964],"dipPosition":[-31.695,198.394,-24.6392],"direction":[-0.649683,-0.751534,0.114489],"extended":false,"handId":434,"id":4342,"length":63.3028,"mcpPosition":[9.50676,230.857,9.14863],"pipPosition":[-14.2415,218.583,-27.7149],"stabilizedTipPosition":[-33.1624,190.758,-26.8672],"timeVisible":26.2743,"tipPosition":[-32.106,188.927,-1.09793],"tipVelocity":[-298.884,-311.835,731.146],"tool":false,"touchDistance":0.333333,"touchZone":"none","type":2,"width":17.9472},{"bases":[[[0.638078,-0.764167,-0.0943676],[0.742577,0.578335,0.3378],[-0.20356,-0.285618,0.936475]],[[0.645251,-0.752939,-0.129359],[0.583872,0.595217,-0.552096],[0.492692,0.280712,0.823684]],[[0.645251,-0.752939,-0.129359],[-0.278842,-0.0744668,-0.957445],[0.711265,0.653863,-0.258001]],[[0.645251,-0.752939,-0.129359],[-0.667606,-0.473398,-0.574628],[0.371421,0.45714,-0.808127]]],"btipPosition":[-21.0405,179.023,-2.05366],"carpPosition":[12.8803,199.151,67.1159],"dipPosition":[-14.4844,187.092,-16.3181],"direction":[-0.711265,-0.653863,0.258001],"extended":false,"handId":434,"id":4343,"length":60.8673,"mcpPosition":[24.9265,216.053,11.6975],"pipPosition":[4.12998,204.204,-23.0702],"stabilizedTipPosition":[-18.1241,180.912,-9.69002],"timeVisible":26.2743,"tipPosition":[-17.5893,179.868,8.8408],"tipVelocity":[237.018,-244.242,333.917],"tool":false,"touchDistance":0.333333,"touchZone":"none","type":3,"width":17.0779},{"bases":[[[0.478704,-0.877071,-0.039855],[0.81186,0.424917,0.40041],[-0.334253,-0.224035,0.915469]],[[0.494689,-0.864884,-0.085198],[0.638755,0.428313,-0.639172],[0.589301,0.26177,0.76433]],[[0.494689,-0.864884,-0.085198],[-0.325486,-0.0934812,-0.940914],[0.805817,0.493191,-0.327752]],[[0.494689,-0.864884,-0.085198],[-0.731428,-0.361391,-0.578281],[0.469356,0.348386,-0.811377]]],"btipPosition":[-6.40281,175.627,7.71051],"carpPosition":[17.5049,186.885,64.1237],"dipPosition":[1.24022,181.3,-5.502],"direction":[-0.805817,-0.493191,0.327752],"extended":false,"handId":434,"id":4344,"length":47.7188,"mcpPosition":[35.8153,199.158,13.9742],"pipPosition":[16.1299,190.414,-11.5581],"stabilizedTipPosition":[-8.52163,179.838,4.37967],"timeVisible":26.2743,"tipPosition":[-1.96299,178.025,12.9901],"tipVelocity":[462.395,-381.706,-39.2211],"tool":false,"touchDistance":0.333333,"touchZone":"none","type":4,"width":15.1699}],"r":[[0.458705,-0.708931,0.53573],[0.0719803,0.630564,0.772793],[-0.885669,-0.315921,0.340271]],"s":1.86258,"t":[100.309,-49.4595,-114.459],"timestamp":89136517411},false],[1,{"currentFrameRate":55.2059,"devices":[],"gestures":[],"hands":[{"armBasis":[[0.767188,-0.595863,-0.237424],[0.635026,0.757732,0.150279],[0.0903579,-0.266063,0.959711]],"armWidth":60.1685,"confidence":0.57442,"direction":[0.172746,0.479272,-0.860498],"elbow":[29.228,129.197,311.418],"grabStrength":0,"id":434,"palmNormal":[-0.612989,-0.631518,-0.474795],"palmPosition":[6.94959,223.28,22.2536],"palmVelocity":[140.564,678.366,-314.761],"palmWidth":85.9185,"pinchStrength":0.845704,"r":[[0.497685,-0.608551,0.618041],[0.0330708,0.725352,0.687583],[-0.866727,-0.321761,0.381122]],"s":1.88588,"sphereCenter":[-12.8301,200.746,-15.2976],"sphereRadius":45.6549,"stabilizedPalmPosition":[6.45841,221.238,23.4098],"t":[102.88,-37.2097,-120.198],"timeVisible":26.293,"type":"right","wrist":[6.19114,197.03,66.738]}],"id":1436238,"interactionBox":{"center":[0,200,0],"size":[235.247,235.247,147.751]},"pointables":[{"bases":[[[0.892221,0.413109,0.182437],[-0.413756,0.585899,0.696799],[0.180965,-0.697183,0.693677]],[[0.765051,0.638636,-0.0827094],[-0.493936,0.664356,0.560944],[0.413188,-0.388298,0.823711]],[[0.765051,0.638636,-0.0827094],[-0.623769,0.766831,0.15127],[0.160031,-0.0641375,0.985026]],[[0.765051,0.638636,-0.0827094],[-0.640134,0.740199,-0.20575],[-0.0701777,0.210354,0.975103]]],"btipPosition":[-44.4494,221.167,-22.4397],"carpPosition":[-21.3723,205.449,69.6484],"dipPosition":[-46.0003,225.816,-0.890719],"direction":[-0.160031,0.0641375,-0.985026],"extended":false,"handId":434,"id":4340,"length":49.2116,"mcpPosition":[-21.3723,205.449,69.6484],"pipPosition":[-40.8481,223.751,30.8224],"stabilizedTipPosition":[-35.6344,219.405,-8.3335],"timeVisible":26.293,"tipPosition":[-43.6538,221.64,-17.0204],"tipVelocity":[-419.116,402.493,-377.273],"tool":false,"touchDistance":-0.446616,"touchZone":"hovering","type":0,"width":19.1213},{"bases":[[[0.789035,-0.520372,-0.326554],[0.612266,0.709797,0.348307],[0.0505378,-0.474764,0.878661]],[[0.790636,-0.552409,-0.264081],[0.603694,0.77531,0.185603],[0.102216,-0.306169,0.946474]],[[0.790636,-0.552409,-0.264081],[0.595211,0.794573,0.119909],[0.143593,-0.251989,0.957018]],[[0.790636,-0.552409,-0.264081],[0.586882,0.80667,0.0696688],[0.174541,-0.210067,0.961981]]],"btipPosition":[-16.188,271.852,-68.4847],"carpPosition":[-2.43734,217.309,68.3136],"dipPosition":[-13.3721,268.463,-52.9648],"direction":[-0.143593,0.251989,-0.957018],"extended":true,"handId":434,"id":4341,"length":55.5298,"mcpPosition":[-5.94816,250.291,7.27384],"pipPosition":[-10.0948,262.711,-31.1226],"stabilizedTipPosition":[-14.8283,269.026,-64.3737],"timeVisible":26.293,"tipPosition":[-13.2504,271.38,-64.6354],"tipVelocity":[-226.898,781.144,-230.97],"tool":false,"touchDistance":-0.654836,"touchZone":"hovering","type":1,"width":18.2647},{"bases":[[[0.672593,-0.693057,-0.259402],[0.737809,0.601008,0.307291],[-0.0570676,-0.398071,0.915578]],[[0.674392,-0.675794,-0.297487],[0.386301,0.66628,-0.637842],[0.629259,0.315236,0.710394]],[[0.674392,-0.675794,-0.297487],[-0.458437,-0.0673919,-0.886168],[0.578819,0.734004,-0.355257]],[[0.674392,-0.675794,-0.297487],[-0.708034,-0.477568,-0.520208],[0.209483,0.561455,-0.800553]]],"btipPosition":[-36.5456,194.934,-4.27709],"carpPosition":[7.59412,212.729,64.6287],"dipPosition":[-32.8284,204.897,-18.4826],"direction":[-0.578819,-0.734004,0.355257],"extended":false,"handId":434,"id":4342,"length":63.2717,"mcpPosition":[11.3537,238.954,4.31104],"pipPosition":[-17.2863,224.606,-28.0218],"stabilizedTipPosition":[-34.0858,193.12,-19.8098],"timeVisible":26.293,"tipPosition":[-32.8415,197.375,-1.68696],"tipVelocity":[-109.674,50.77,606.094],"tool":false,"touchDistance":0.333333,"touchZone":"none","type":2,"width":17.9384},{"bases":[[[0.599319,-0.787404,-0.144262],[0.781782,0.53696,0.317003],[-0.172146,-0.302767,0.937389]],[[0.6058,-0.774495,-0.182112],[0.50868,0.553036,-0.659845],[0.611761,0.307097,0.728999]],[[0.6058,-0.774495,-0.182112],[-0.448264,-0.143151,-0.882364],[0.657317,0.61617,-0.433899]],[[0.6058,-0.774495,-0.182112],[-0.760608,-0.496616,-0.418148],[0.233414,0.39183,-0.889937]]],"btipPosition":[-20.91,187.47,2.03579],"carpPosition":[16.0296,205.548,61.1863],"dipPosition":[-16.792,194.382,-13.665],"direction":[-0.657317,-0.61617,0.433899],"extended":false,"handId":434,"id":4343,"length":60.8375,"mcpPosition":[26.2119,223.456,5.74103],"pipPosition":[0.402084,210.5,-25.015],"stabilizedTipPosition":[-19.0823,185.157,-5.46168],"timeVisible":26.293,"tipPosition":[-18.6535,188.73,3.79301],"tipVelocity":[110.763,87.4964,269.806],"tool":false,"touchDistance":0.333333,"touchZone":"none","type":3,"width":17.0695},{"bases":[[[0.4379,-0.894979,-0.0851815],[0.84718,0.379081,0.372268],[-0.300882,-0.23518,0.924208]],[[0.448656,-0.885737,-0.11907],[0.568952,0.385823,-0.726246],[0.689203,0.25809,0.677044]],[[0.448656,-0.885737,-0.11907],[-0.487597,-0.130945,-0.863193],[0.748971,0.445335,-0.490632]],[[0.448656,-0.885737,-0.11907],[-0.830418,-0.363924,-0.42186],[0.330325,0.288148,-0.898808]]],"btipPosition":[-5.77295,184.538,8.14531],"carpPosition":[19.9731,193.193,57.6638],"dipPosition":[-0.396555,189.228,-6.48377],"direction":[-0.748971,-0.445335,0.490632],"extended":false,"handId":434,"id":4344,"length":47.6954,"mcpPosition":[36.4473,206.07,7.06033],"pipPosition":[13.4359,197.453,-15.5451],"stabilizedTipPosition":[-5.30268,184.506,4.70352],"timeVisible":26.293,"tipPosition":[-3.01141,186.12,7.78842],"tipVelocity":[240.791,29.8863,-17.344],"tool":false,"touchDistance":0.333333,"touchZone":"none","type":4,"width":15.1625}],"r":[[0.497685,-0.608551,0.618041],[0.0330708,0.725352,0.687583],[-0.866727,-0.321761,0.381122]],"s":1.88588,"t":[102.88,-37.2097,-120.198],"timestamp":89136536036},false],[2,{"currentFrameRate":55.2363,"devices":[],"gestures":[],"hands":[{"armBasis":[[0.779491,-0.585789,-0.221911],[0.619525,0.773315,0.134807],[0.0926385,-0.242561,0.965703]],"armWidth":60.1685,"confidence":0.60731,"direction":[0.18223,0.513211,-0.838693],"elbow":[30.2453,141.473,307.445],"grabStrength":0,"id":434,"palmNormal":[-0.59615,-0.620647,-0.509316],"palmPosition":[7.85896,231.218,17.783],"palmVelocity":[97.9074,565.93,-283.314],"palmWidth":85.9185,"pinchStrength":0.788869,"r":[[0.523838,-0.523632,0.671865],[-0.00542071,0.786678,0.61734],[-0.851801,-0.327028,0.409253]],"s":1.9068,"sphereCenter":[-11.5754,210.796,-20.4177],"sphereRadius":45.3317,"stabilizedPalmPosition":[7.59571,229.342,18.8406],"t":[104.621,-27.1157,-125.303],"timeVisible":26.311,"type":"right","wrist":[6.62697,203.314,61.2377]}],"id":1436239,"interactionBox":{"center":[0,200,0],"size":[235.247,235.247,147.751]},"pointables":[{"bases":[[[0.883414,0.416726,0.214287],[-0.433795,0.554355,0.71029],[0.177205,-0.720437,0.670499]],[[0.760088,0.648469,-0.0418982],[-0.507566,0.632719,0.584844],[0.405763,-0.423267,0.810063]],[[0.760088,0.648469,-0.0418982],[-0.633475,0.753797,0.174638],[0.14483,-0.106199,0.983741]],[[0.760088,0.648469,-0.0418982],[-0.643648,0.742435,-0.18576],[-0.089353,0.168162,0.981701]]],"btipPosition":[-42.904,230.937,-27.6042],"carpPosition":[-21.09,211.284,63.945],"dipPosition":[-44.8786,234.654,-5.90937],"direction":[-0.14483,0.106199,-0.983741],"extended":false,"handId":434,"id":4340,"length":49.2116,"mcpPosition":[-21.09,211.284,63.945],"pipPosition":[-40.2158,231.235,25.7624],"stabilizedTipPosition":[-40.0016,226.409,-16.4083],"timeVisible":26.311,"tipPosition":[-42.3016,231.034,-22.3267],"tipVelocity":[-182.448,463.324,-333.59],"tool":false,"touchDistance":-0.507252,"touchZone":"hovering","type":0,"width":19.1213},{"bases":[[[0.801415,-0.498215,-0.330931],[0.596728,0.703594,0.385838],[0.0406104,-0.506692,0.86117]],[[0.802393,-0.528582,-0.277067],[0.588663,0.777378,0.221719],[0.0981894,-0.341005,0.93492]],[[0.802393,-0.528582,-0.277067],[0.579895,0.800257,0.152679],[0.141022,-0.283178,0.948643]],[[0.802393,-0.528582,-0.277067],[0.57119,0.814718,0.0998818],[0.172936,-0.238402,0.955645]]],"btipPosition":[-15.0998,282.756,-71.4153],"carpPosition":[-2.28676,223.414,63.4058],"dipPosition":[-12.3098,278.91,-55.9976],"direction":[-0.141022,0.283178,-0.948643],"extended":true,"handId":434,"id":4341,"length":55.5298,"mcpPosition":[-5.10792,258.613,3.58114],"pipPosition":[-9.09125,272.447,-34.3465],"stabilizedTipPosition":[-14.5018,280.358,-67.4573],"timeVisible":26.311,"tipPosition":[-12.2353,282.173,-67.6049],"tipVelocity":[-90.9209,695.333,-199.303],"tool":false,"touchDistance":-0.661998,"touchZone":"hovering","type":1,"width":18.2647},{"bases":[[[0.685985,-0.674687,-0.272436],[0.724373,0.597941,0.343149],[-0.068618,-0.43274,0.898904]],[[0.688319,-0.655243,-0.311244],[0.37123,0.686799,-0.624897],[0.623222,0.314585,0.715982]],[[0.688319,-0.655243,-0.311244],[-0.478215,-0.0872473,-0.873899],[0.545461,0.750363,-0.373401]],[[0.688319,-0.655243,-0.311244],[-0.709036,-0.517066,-0.47949],[0.153249,0.550726,-0.820497]]],"btipPosition":[-33.3428,203.366,-7.4799],"carpPosition":[7.86765,219.096,59.7407],"dipPosition":[-30.6235,213.139,-22.0393],"direction":[-0.545461,-0.750363,0.373401],"extended":false,"handId":434,"id":4342,"length":63.2717,"mcpPosition":[12.3882,247.605,0.521474],"pipPosition":[-15.9771,233.287,-32.0657],"stabilizedTipPosition":[-33.6158,197.411,-16.725],"timeVisible":26.311,"tipPosition":[-31.37,205.684,-8.12543],"tipVelocity":[20.5439,247.5,232.513],"tool":false,"touchDistance":0.333333,"touchZone":"none","type":2,"width":17.9384},{"bases":[[[0.611839,-0.774158,-0.162273],[0.768976,0.53411,0.351288],[-0.185281,-0.339716,0.922098]],[[0.618916,-0.759592,-0.19991],[0.473528,0.563899,-0.676601],[0.62667,0.324096,0.708694]],[[0.618916,-0.759592,-0.19991],[-0.475426,-0.159689,-0.865141],[0.625231,0.630492,-0.459964]],[[0.618916,-0.759592,-0.19991],[-0.758118,-0.511136,-0.404965],[0.205427,0.402194,-0.892211]]],"btipPosition":[-19.0034,194.984,-0.476275],"carpPosition":[16.4553,212.152,56.1912],"dipPosition":[-15.3792,202.08,-16.2172],"direction":[-0.625231,-0.630492,0.459964],"extended":false,"handId":434,"id":4343,"length":60.8375,"mcpPosition":[27.4144,232.245,1.65037],"pipPosition":[0.975621,218.572,-28.2489],"stabilizedTipPosition":[-18.5206,192.211,-4.62138],"timeVisible":26.311,"tipPosition":[-17.3361,196.615,-1.72232],"tipVelocity":[105.484,244.934,75.6227],"tool":false,"touchDistance":0.333333,"touchZone":"none","type":3,"width":17.0695},{"bases":[[[0.450759,-0.88581,-0.110257],[0.835367,0.375072,0.401848],[-0.314607,-0.273241,0.909044]],[[0.460995,-0.87621,-0.140495],[0.57356,0.415007,-0.706256],[0.677136,0.244998,0.693875]],[[0.460995,-0.87621,-0.140495],[-0.484903,-0.116129,-0.866824],[0.743204,0.467728,-0.478412]],[[0.460995,-0.87621,-0.140495],[-0.826411,-0.366214,-0.427704],[0.323308,0.313277,-0.892933]]],"btipPosition":[-3.75149,193.029,2.71389],"carpPosition":[20.6194,199.986,52.2854],"dipPosition":[1.5107,198.128,-11.8196],"direction":[-0.743204,-0.467728,0.478412],"extended":false,"handId":434,"id":4344,"length":47.6954,"mcpPosition":[37.8452,214.947,2.5122],"pipPosition":[15.2367,206.766,-20.6552],"stabilizedTipPosition":[-3.10979,192.205,0.469142],"timeVisible":26.311,"tipPosition":[-1.47874,194.497,1.5444],"tipVelocity":[179.231,241.697,-151.508],"tool":false,"touchDistance":0.333333,"touchZone":"none","type":4,"width":15.1625}],"r":[[0.523838,-0.523632,0.671865],[-0.00542071,0.786678,0.61734],[-0.851801,-0.327028,0.409253]],"s":1.9068,"t":[104.621,-27.1157,-125.303],"timestamp":89136554035},false],[3,{"currentFrameRate":55.3835,"devices":[],"gestures":[],"hands":[{"armBasis":[[0.775988,-0.590401,-0.221966],[0.623266,0.771775,0.126103],[0.096856,-0.236198,0.966866]],"armWidth":60.1587,"confidence":0.633868,"direction":[0.183413,0.516345,-0.836509],"elbow":[31.8005,150.426,304.276],"grabStrength":0,"id":434,"palmNormal":[-0.600644,-0.614764,-0.511168],"palmPosition":[8.41145,238.743,14.5015],"palmVelocity":[67.0085,502.175,-238.515],"palmWidth":85.9046,"pinchStrength":0.778488,"r":[[0.541665,-0.452741,0.708255],[-0.0367378,0.829009,0.558028],[-0.839792,-0.328283,0.432412]],"s":1.92396,"sphereCenter":[-11.6771,219.195,-23.4779],"sphereRadius":45.208,"stabilizedPalmPosition":[8.25295,236.917,15.3446],"t":[105.767,-18.306,-129.496],"timeVisible":26.3285,"type":"right","wrist":[7.11092,210.636,57.8127]}],"id":1436240,"interactionBox":{"center":[0,200,0],"size":[235.247,235.247,147.751]},"pointables":[{"bases":[[[0.886165,0.410708,0.214545],[-0.429249,0.553237,0.713915],[0.174516,-0.72474,0.666555]],[[0.765731,0.642086,-0.0371695],[-0.499066,0.629636,0.595392],[0.405696,-0.43736,0.802575]],[[0.765731,0.642086,-0.0371695],[-0.626101,0.757397,0.185332],[0.147151,-0.118642,0.981973]],[[0.765731,0.642086,-0.0371695],[-0.636971,0.749095,-0.182001],[-0.0890165,0.16304,0.982596]]],"btipPosition":[-42.4404,239.574,-30.5286],"carpPosition":[-20.551,218.746,60.6157],"dipPosition":[-44.4073,243.177,-8.81758],"direction":[-0.147151,0.118642,-0.981973],"extended":false,"handId":434,"id":4340,"length":49.2036,"mcpPosition":[-20.551,218.746,60.6157],"pipPosition":[-39.6705,239.357,22.7921],"stabilizedTipPosition":[-41.7183,234.718,-21.8275],"timeVisible":26.3285,"tipPosition":[-41.9566,239.525,-25.3771],"tipVelocity":[-85.236,476.064,-255.838],"tool":false,"touchDistance":-0.52867,"touchZone":"hovering","type":0,"width":19.1182},{"bases":[[[0.797942,-0.50104,-0.335034],[0.601438,0.698319,0.388102],[0.0395061,-0.511185,0.858562]],[[0.798898,-0.529254,-0.285748],[0.592555,0.774045,0.22301],[0.103153,-0.347483,0.931995]],[[0.798898,-0.529254,-0.285748],[0.583073,0.798076,0.151989],[0.147608,-0.288035,0.946175]],[[0.798898,-0.529254,-0.285748],[0.573693,0.813221,0.0977124],[0.180662,-0.241994,0.95331]]],"btipPosition":[-14.8948,290.848,-74.3073],"carpPosition":[-1.68423,230.771,60.0983],"dipPosition":[-11.9806,286.944,-58.9297],"direction":[-0.147608,0.288035,-0.946175],"extended":true,"handId":434,"id":4341,"length":55.5208,"mcpPosition":[-4.42823,266.277,0.464442],"pipPosition":[-8.61224,280.371,-37.3384],"stabilizedTipPosition":[-14.2544,288.915,-70.4129],"timeVisible":26.3285,"tipPosition":[-12.0745,290.207,-70.5705],"tipVelocity":[-42.431,586.024,-183.503],"tool":false,"touchDistance":-0.667649,"touchZone":"hovering","type":1,"width":18.2617},{"bases":[[[0.681643,-0.677152,-0.277178],[0.728402,0.592167,0.344628],[-0.0692299,-0.436811,0.896885]],[[0.683992,-0.657713,-0.315545],[0.375497,0.688286,-0.620697],[0.625425,0.306066,0.717751]],[[0.683992,-0.657713,-0.315545],[-0.482814,-0.0839006,-0.871694],[0.54685,0.748582,-0.374941]],[[0.683992,-0.657713,-0.315545],[-0.714571,-0.517047,-0.471223],[0.146778,0.547792,-0.823638]]],"btipPosition":[-32.7495,211.444,-10.6685],"carpPosition":[8.43678,226.416,56.3917],"dipPosition":[-30.1454,221.163,-25.2813],"direction":[-0.54685,-0.748582,0.374941],"extended":false,"handId":434,"id":4342,"length":63.2615,"mcpPosition":[12.9969,255.188,-2.685],"pipPosition":[-15.4641,241.26,-35.3474],"stabilizedTipPosition":[-32.9062,205.289,-15.4197],"timeVisible":26.3285,"tipPosition":[-31.047,213.661,-11.717],"tipVelocity":[26.0145,346.187,39.4882],"tool":false,"touchDistance":0.333333,"touchZone":"none","type":2,"width":17.9355},{"bases":[[[0.607163,-0.776752,-0.167359],[0.772663,0.528048,0.35236],[-0.185323,-0.343252,0.920779]],[[0.614328,-0.761846,-0.205408],[0.44671,0.550389,-0.705353],[0.650424,0.34156,0.678443]],[[0.614328,-0.761846,-0.205408],[-0.50994,-0.184679,-0.840151],[0.602131,0.620874,-0.501949]],[[0.614328,-0.761846,-0.205408],[-0.769492,-0.520842,-0.369602],[0.174595,0.385116,-0.906202]]],"btipPosition":[-18.3277,202.302,-1.16852],"carpPosition":[16.9768,219.442,52.7909],"dipPosition":[-15.2479,209.096,-17.1537],"direction":[-0.602131,-0.620874,0.501949],"extended":false,"handId":434,"id":4343,"length":60.8276,"mcpPosition":[27.9366,239.742,-1.66314],"pipPosition":[0.500107,225.334,-30.2816],"stabilizedTipPosition":[-17.8744,200.566,-4.78179],"timeVisible":26.3285,"tipPosition":[-17.0317,204.055,-3.94327],"tipVelocity":[71.0075,323.168,20.6015],"tool":false,"touchDistance":0.333333,"touchZone":"none","type":3,"width":17.0667},{"bases":[[[0.445565,-0.887759,-0.115568],[0.838264,0.368392,0.401995],[-0.3143,-0.275991,0.908319]],[[0.455397,-0.87847,-0.144582],[0.570832,0.412737,-0.709788],[0.683202,0.240703,0.689418]],[[0.455397,-0.87847,-0.144582],[-0.494685,-0.114658,-0.861476],[0.740203,0.463836,-0.486781]],[[0.455397,-0.87847,-0.144582],[-0.832689,-0.362814,-0.418324],[0.315029,0.310895,-0.896717]]],"btipPosition":[-3.33195,200.724,-0.341981],"carpPosition":[21.0641,207.274,48.8169],"dipPosition":[1.79466,205.783,-14.9346],"direction":[-0.740203,-0.463836,0.486781],"extended":false,"handId":434,"id":4344,"length":47.6877,"mcpPosition":[38.2703,222.383,-0.908535],"pipPosition":[15.463,214.348,-23.9234],"stabilizedTipPosition":[-2.35135,199.879,-2.83376],"timeVisible":26.3285,"tipPosition":[-1.21383,202.136,-1.87788],"tipVelocity":[106.149,333.009,-162.404],"tool":false,"touchDistance":0.333333,"touchZone":"none","type":4,"width":15.16}],"r":[[0.541665,-0.452741,0.708255],[-0.0367378,0.829009,0.558028],[-0.839792,-0.328283,0.432412]],"s":1.92396,"t":[105.767,-18.306,-129.496],"timestamp":89136571582},false],[4,{"currentFrameRate":55.324,"devices":[],"gestures":[],"hands":[{"armBasis":[[0.78096,-0.582915,-0.224301],[0.616704,0.776525,0.129171],[0.0988797,-0.239205,0.965921]],"armWidth":60.1587,"confidence":0.640571,"direction":[0.202183,0.534592,-0.820569],"elbow":[31.93,155.789,300.731],"grabStrength":0,"id":434,"palmNormal":[-0.587118,-0.604449,-0.538455],"palmPosition":[8.99654,245.804,11.8571],"palmVelocity":[50.2413,446.647,-193.552],"palmWidth":85.9046,"pinchStrength":0.754873,"r":[[0.550816,-0.396861,0.734236],[-0.0653414,0.856514,0.511972],[-0.832065,-0.329978,0.44585]],"s":1.93818,"sphereCenter":[-10.5098,227.372,-26.9148],"sphereRadius":45.2476,"stabilizedPalmPosition":[8.86921,244.283,12.4543],"t":[106.633,-10.3705,-132.915],"timeVisible":26.3468,"type":"right","wrist":[6.72455,216.764,54.5081]}],"id":1436241,"interactionBox":{"center":[0,200,0],"size":[235.247,235.247,147.751]},"pointables":[{"bases":[[[0.880004,0.407281,0.244366],[-0.447172,0.537027,0.71529],[0.160093,-0.738731,0.654711]],[[0.767782,0.64071,-0.00104588],[-0.508976,0.610911,0.606409],[0.389171,-0.465058,0.795152]],[[0.767782,0.64071,-0.00104588],[-0.627723,0.752544,0.1991],[0.128353,-0.152209,0.979979]],[[0.767782,0.64071,-0.00104588],[-0.63134,0.756273,-0.171645],[-0.109184,0.132446,0.985158]]],"btipPosition":[-41.0721,248.661,-33.9596],"carpPosition":[-21.0122,224.771,56.8273],"dipPosition":[-43.4846,251.588,-12.1919],"direction":[-0.128353,0.152209,-0.979979],"extended":false,"handId":434,"id":4340,"length":49.2036,"mcpPosition":[-21.0122,224.771,56.8273],"pipPosition":[-39.3529,246.688,19.3536],"stabilizedTipPosition":[-41.6583,244.327,-26.5118],"timeVisible":26.3468,"tipPosition":[-40.7208,248.234,-28.9396],"tipVelocity":[-11.2385,482.058,-222.847],"tool":false,"touchDistance":-0.555406,"touchZone":"hovering","type":0,"width":19.1182},{"bases":[[[0.806665,-0.492493,-0.326713],[0.590666,0.690648,0.417276],[0.0201387,-0.52958,0.848021]],[[0.80662,-0.519389,-0.282134],[0.584801,0.770616,0.253294],[0.0858588,-0.369304,0.925334]],[[0.80662,-0.519389,-0.282134],[0.576336,0.797043,0.18044],[0.131154,-0.30815,0.942254]],[[0.80662,-0.519389,-0.282134],[0.567615,0.813802,0.124658],[0.164855,-0.260695,0.951242]]],"btipPosition":[-12.6959,299.833,-76.262],"carpPosition":[-2.16246,236.833,57.0184],"dipPosition":[-10.0367,295.627,-60.9178],"direction":[-0.131154,0.30815,-0.942254],"extended":true,"handId":434,"id":4341,"length":55.5208,"mcpPosition":[-3.56125,273.616,-1.88334],"pipPosition":[-7.04379,288.596,-39.416],"stabilizedTipPosition":[-12.2592,298.063,-72.5459],"timeVisible":26.3468,"tipPosition":[-10.0031,299.075,-72.5235],"tipVelocity":[33.9753,538.926,-147.023],"tool":false,"touchDistance":-0.658654,"touchZone":"hovering","type":1,"width":18.2617},{"bases":[[[0.689377,-0.669988,-0.275455],[0.718837,0.585649,0.37455],[-0.0896241,-0.456214,0.885345]],[[0.692589,-0.649787,-0.313205],[0.388969,0.702093,-0.596464],[0.607473,0.291277,0.739009]],[[0.692589,-0.649787,-0.313205],[-0.462892,-0.0673553,-0.883852],[0.55322,0.757126,-0.347431]],[[0.692589,-0.649787,-0.313205],[-0.702816,-0.51013,-0.495799],[0.162389,0.56351,-0.809991]]],"btipPosition":[-31.4217,219.044,-14.788],"carpPosition":[8.05232,232.573,53.4601],"dipPosition":[-28.5406,229.042,-29.1586],"direction":[-0.55322,-0.757126,0.347431],"extended":false,"handId":434,"id":4342,"length":63.2615,"mcpPosition":[13.9557,262.624,-4.85643],"pipPosition":[-13.6882,249.369,-38.4861],"stabilizedTipPosition":[-31.574,215.25,-17.0784],"timeVisible":26.3468,"tipPosition":[-29.7901,221.266,-15.904],"tipVelocity":[50.0153,381.196,-85.9103],"tool":false,"touchDistance":0.333333,"touchZone":"none","type":2,"width":17.9355},{"bases":[[[0.61251,-0.772051,-0.169613],[0.76303,0.521443,0.381945],[-0.206437,-0.363365,0.908487]],[[0.62053,-0.756349,-0.20707],[0.456453,0.563091,-0.688897],[0.637646,0.332963,0.694653]],[[0.62053,-0.756349,-0.20707],[-0.496832,-0.174894,-0.850041],[0.606713,0.630355,-0.484306]],[[0.62053,-0.756349,-0.20707],[-0.76149,-0.51812,-0.389467],[0.187286,0.399358,-0.897462]]],"btipPosition":[-17.1712,209.605,-4.61829],"carpPosition":[16.6893,225.692,49.9136],"dipPosition":[-13.8675,216.65,-20.4493],"direction":[-0.606713,-0.630355,0.484306],"extended":false,"handId":434,"id":4343,"length":60.8276,"mcpPosition":[28.8978,247.181,-3.81352],"pipPosition":[2.00027,233.136,-33.1157],"stabilizedTipPosition":[-16.6993,209.128,-7.57506],"timeVisible":26.3468,"tipPosition":[-15.9594,211.406,-7.69141],"tipVelocity":[68.6462,361.237,-78.7322],"tool":false,"touchDistance":0.333333,"touchZone":"none","type":3,"width":17.0667},{"bases":[[[0.44995,-0.884391,-0.124087],[0.827753,0.360849,0.429667],[-0.335217,-0.296042,0.894421]],[[0.459749,-0.875167,-0.150712],[0.574884,0.422656,-0.700621],[0.67686,0.235468,0.697435]],[[0.459749,-0.875167,-0.150712],[-0.491619,-0.109489,-0.8639],[0.739555,0.47127,-0.480586]],[[0.459749,-0.875167,-0.150712],[-0.828697,-0.361797,-0.427041],[0.319204,0.321226,-0.891584]]],"btipPosition":[-2.20129,208.036,-3.08749],"carpPosition":[20.894,213.619,45.7761],"dipPosition":[2.99327,213.263,-17.5966],"direction":[-0.739555,-0.47127,0.480586],"extended":false,"handId":434,"id":4344,"length":47.6877,"mcpPosition":[39.2452,229.826,-3.18849],"pipPosition":[16.6497,221.965,-26.471],"stabilizedTipPosition":[-1.24573,207.573,-5.78592],"timeVisible":26.3468,"tipPosition":[-0.238656,209.467,-5.18192],"tipVelocity":[85.3382,366.098,-156.047],"tool":false,"touchDistance":0.333333,"touchZone":"none","type":4,"width":15.16}],"r":[[0.550816,-0.396861,0.734236],[-0.0653414,0.856514,0.511972],[-0.832065,-0.329978,0.44585]],"s":1.93818,"t":[106.633,-10.3705,-132.915],"timestamp":89136589863},false],[5,{"currentFrameRate":55.359,"devices":[],"gestures":[],"hands":[{"armBasis":[[0.796174,-0.563181,-0.221212],[0.597438,0.78959,0.140055],[0.0957905,-0.243668,0.965117]],"armWidth":60.1587,"confidence":0.661969,"direction":[0.206766,0.55454,-0.806061],"elbow":[31.2197,160.791,297.681],"grabStrength":0,"id":434,"palmNormal":[-0.564682,-0.605159,-0.561175],"palmPosition":[9.28996,252.819,9.63343],"palmVelocity":[34.2225,420.306,-160.643],"palmWidth":85.9046,"pinchStrength":0.723545,"r":[[0.555492,-0.351769,0.75345],[-0.0938063,0.873815,0.477125],[-0.826214,-0.335717,0.452399]],"s":1.95078,"sphereCenter":[-9.40025,235.045,-29.7641],"sphereRadius":45.3032,"stabilizedPalmPosition":[9.22314,251.463,10.0814],"t":[107.213,-2.89564,-135.736],"timeVisible":26.3647,"type":"right","wrist":[6.8018,222.905,51.6637]}],"id":1436242,"interactionBox":{"center":[0,200,0],"size":[235.247,235.247,147.751]},"pointables":[{"bases":[[[0.866924,0.41963,0.268986],[-0.471181,0.513916,0.716853],[0.162576,-0.748199,0.643248]],[[0.757446,0.652195,0.0303002],[-0.527954,0.584532,0.616106],[0.38411,-0.482664,0.78708]],[[0.757446,0.652195,0.0303002],[-0.642221,0.735897,0.214494],[0.117594,-0.181927,0.976255]],[[0.757446,0.652195,0.0303002],[-0.641361,0.751946,-0.152427],[-0.122196,0.0960221,0.98785]]],"btipPosition":[-40.3161,256.798,-36.7399],"carpPosition":[-21.1285,230.316,53.6062],"dipPosition":[-43.0161,258.919,-14.9128],"direction":[-0.117594,0.181927,-0.976255],"extended":false,"handId":434,"id":4340,"length":49.2036,"mcpPosition":[-21.1285,230.316,53.6062],"pipPosition":[-39.2307,253.063,16.5129],"stabilizedTipPosition":[-41.1529,253.408,-30.1613],"timeVisible":26.3647,"tipPosition":[-40.0362,256.008,-31.8142],"tipVelocity":[12.2492,463.665,-190.394],"tool":false,"touchDistance":-0.569698,"touchZone":"hovering","type":0,"width":19.1182},{"bases":[[[0.822362,-0.469982,-0.320682],[0.56877,0.693783,0.441776],[0.0148569,-0.545694,0.837853]],[[0.822133,-0.495522,-0.280277],[0.563759,0.777131,0.27972],[0.0792046,-0.387976,0.91826]],[[0.822133,-0.495522,-0.280277],[0.555574,0.805788,0.205045],[0.12424,-0.324289,0.937764]],[[0.822133,-0.495522,-0.280277],[0.547007,0.823988,0.14774],[0.157736,-0.274776,0.948482]]],"btipPosition":[-12.1554,308.213,-77.7492],"carpPosition":[-2.53139,242.741,54.391],"dipPosition":[-9.61104,303.78,-62.4496],"direction":[-0.12424,0.324289,-0.937764],"extended":true,"handId":434,"id":4341,"length":55.5208,"mcpPosition":[-3.56332,280.643,-3.80446],"pipPosition":[-6.77596,296.38,-41.0502],"stabilizedTipPosition":[-11.6162,306.584,-74.1179],"timeVisible":26.3647,"tipPosition":[-9.55987,307.386,-74.023],"tipVelocity":[31.457,503.566,-116.975],"tool":false,"touchDistance":-0.643584,"touchZone":"touching","type":1,"width":18.2617},{"bases":[[[0.707717,-0.650727,-0.275119],[0.6998,0.59219,0.399488],[-0.0970355,-0.475253,0.874482]],[[0.71121,-0.629876,-0.312147],[0.383482,0.719774,-0.578677],[0.58917,0.291858,0.753457]],[[0.71121,-0.629876,-0.312147],[-0.449329,-0.0658285,-0.890938],[0.540632,0.773901,-0.329839]],[[0.71121,-0.629876,-0.312147],[-0.68472,-0.520154,-0.510489],[0.15918,0.576798,-0.801228]]],"btipPosition":[-29.9264,225.767,-17.8707],"carpPosition":[7.83165,238.754,50.9471],"dipPosition":[-27.1022,236,-32.0858],"direction":[-0.540632,-0.773901,0.329839],"extended":false,"handId":434,"id":4342,"length":63.2615,"mcpPosition":[14.2233,270.059,-6.65386],"pipPosition":[-12.5878,256.777,-40.9411],"stabilizedTipPosition":[-29.9878,224.137,-19.883],"timeVisible":26.3647,"tipPosition":[-28.4745,228.053,-19.286],"tipVelocity":[65.4211,379.529,-125.57],"tool":false,"touchDistance":0.333333,"touchZone":"none","type":2,"width":17.9355},{"bases":[[[0.630943,-0.75635,-0.17276],[0.745125,0.528733,0.406484],[-0.216101,-0.385196,0.897176]],[[0.639341,-0.73977,-0.209721],[0.4509,0.581627,-0.677052],[0.622842,0.338304,0.705421]],[[0.639341,-0.73977,-0.209721],[-0.485781,-0.17718,-0.855934],[0.596037,0.649112,-0.472645]],[[0.639341,-0.73977,-0.209721],[-0.745815,-0.530253,-0.403227],[0.18709,0.414212,-0.890744]]],"btipPosition":[-15.712,216.342,-7.30648],"carpPosition":[16.6698,232.115,47.4341],"dipPosition":[-12.4118,223.648,-23.019],"direction":[-0.596037,-0.649112,0.472645],"extended":false,"handId":434,"id":4343,"length":60.8276,"mcpPosition":[29.4498,254.896,-5.62406],"pipPosition":[3.17679,240.625,-35.3804],"stabilizedTipPosition":[-15.2373,216.574,-10.3756],"timeVisible":26.3647,"tipPosition":[-14.5925,218.232,-10.67],"tipVelocity":[74.618,369.54,-111.616],"tool":false,"touchDistance":0.333333,"touchZone":"none","type":3,"width":17.0667},{"bases":[[[0.469843,-0.872744,-0.132533],[0.81215,0.368534,0.452321],[-0.345918,-0.320156,0.881953]],[[0.479358,-0.863424,-0.157209],[0.567498,0.441597,-0.694938],[0.66945,0.243908,0.701674]],[[0.479358,-0.863424,-0.157209],[-0.49031,-0.114908,-0.86394],[0.727882,0.491218,-0.478428]],[[0.479358,-0.863424,-0.157209],[-0.819693,-0.376475,-0.431707],[0.313561,0.335805,-0.888209]]],"btipPosition":[-0.762026,215.061,-5.27213],"carpPosition":[21.1927,220.212,43.1451],"dipPosition":[4.34069,220.525,-19.7263],"direction":[-0.727882,-0.491218,0.478428],"extended":false,"handId":434,"id":4344,"length":47.6877,"mcpPosition":[40.1297,237.738,-5.13686],"pipPosition":[17.7815,229.596,-28.5608],"stabilizedTipPosition":[0.146813,214.921,-8.14755],"timeVisible":26.3647,"tipPosition":[1.04355,216.557,-7.8565],"tipVelocity":[82.359,379.557,-139.504],"tool":false,"touchDistance":0.333333,"touchZone":"none","type":4,"width":15.16}],"r":[[0.555492,-0.351769,0.75345],[-0.0938063,0.873815,0.477125],[-0.826214,-0.335717,0.452399]],"s":1.95078,"t":[107.213,-2.89564,-135.736],"timestamp":89136607806},false],[6,{"currentFrameRate":55.3227,"devices":[],"gestures":[],"hands":[{"armBasis":[[0.808886,-0.548018,-0.213024],[0.580611,0.801624,0.142444],[0.0927033,-0.238905,0.966608]],"armWidth":60.1587,"confidence":0.672599,"direction":[0.206321,0.570997,-0.794603],"elbow":[30.4007,168.436,294.478],"grabStrength":0,"id":434,"palmNormal":[-0.547399,-0.605753,-0.577424],"palmPosition":[9.21892,259.963,6.56493],"palmVelocity":[16.0163,407.043,-164.437],"palmWidth":85.9046,"pinchStrength":0.692546,"r":[[0.557616,-0.315594,0.767766],[-0.120825,0.884201,0.451209],[-0.821259,-0.344367,0.454913]],"s":1.96264,"sphereCenter":[-8.98171,242.852,-33.1695],"sphereRadius":45.3224,"stabilizedPalmPosition":[9.21953,258.73,7.07519],"t":[107.467,4.41404,-138.681],"timeVisible":26.3829,"type":"right","wrist":[6.7697,229.336,48.0804]}],"id":1436243,"interactionBox":{"center":[0,200,0],"size":[235.247,235.247,147.751]},"pointables":[{"bases":[[[0.856228,0.430254,0.285928],[-0.488436,0.493997,0.719303],[0.168236,-0.755545,0.633126]],[[0.747957,0.661585,0.0535352],[-0.542054,0.562286,0.62451],[0.383064,-0.496125,0.77918]],[[0.747957,0.661585,0.0535352],[-0.653964,0.720734,0.229945],[0.113543,-0.206999,0.97173]],[[0.747957,0.661585,0.0535352],[-0.651485,0.747179,-0.131496],[-0.126996,0.0634759,0.98987]]],"btipPosition":[-40.2092,264.87,-40.0641],"carpPosition":[-21.3073,236.228,49.8087],"dipPosition":[-43.0152,266.272,-18.1923],"direction":[-0.113543,0.206999,-0.97173],"extended":false,"handId":434,"id":4340,"length":49.2036,"mcpPosition":[-21.3073,236.228,49.8087],"pipPosition":[-39.3603,259.609,13.0877],"stabilizedTipPosition":[-40.9307,262.183,-33.7893],"timeVisible":26.3829,"tipPosition":[-39.9738,263.805,-35.2025],"tipVelocity":[8.5647,449.694,-186.42],"tool":false,"touchDistance":-0.59077,"touchZone":"hovering","type":0,"width":19.1182},{"bases":[[[0.834168,-0.450362,-0.318336],[0.551313,0.696351,0.459509],[0.0147283,-0.558811,0.829165]],[[0.834012,-0.474417,-0.281694],[0.546231,0.78196,0.300284],[0.0778136,-0.40431,0.911306]],[[0.834012,-0.474417,-0.281694],[0.537902,0.81278,0.223718],[0.122819,-0.338108,0.933059]],[[0.834012,-0.474417,-0.281694],[0.529149,0.832369,0.164811],[0.156284,-0.286512,0.945244]]],"btipPosition":[-12.4449,316.51,-80.0826],"carpPosition":[-2.94199,248.96,51.0125],"dipPosition":[-9.92388,311.888,-64.8352],"direction":[-0.122819,0.338108,-0.933059],"extended":true,"handId":434,"id":4341,"length":55.5208,"mcpPosition":[-3.96498,287.773,-6.57952],"pipPosition":[-7.1212,304.173,-43.5432],"stabilizedTipPosition":[-11.8516,314.97,-76.4434],"timeVisible":26.3829,"tipPosition":[-9.93225,315.602,-76.3906],"tipVelocity":[8.70102,479.643,-122.651],"tool":false,"touchDistance":-0.64274,"touchZone":"touching","type":1,"width":18.2617},{"bases":[[[0.722199,-0.633786,-0.277025],[0.684592,0.59775,0.417168],[-0.0988035,-0.490928,0.86558]],[[0.725719,-0.612554,-0.313224],[0.37361,0.73318,-0.56821],[0.577709,0.295337,0.760939]],[[0.725719,-0.612554,-0.313224],[-0.444143,-0.0694329,-0.893262],[0.525423,0.787373,-0.32245]],[[0.725719,-0.612554,-0.313224],[-0.671658,-0.532191,-0.515411],[0.149022,0.584423,-0.797648]]],"btipPosition":[-29.0026,232.6,-21.2048],"carpPosition":[7.52884,245.21,47.6289],"dipPosition":[-26.3587,242.969,-35.3565],"direction":[-0.525423,-0.787373,0.32245],"extended":false,"handId":434,"id":4342,"length":63.2615,"mcpPosition":[14.0369,277.547,-9.38567],"pipPosition":[-12.2526,264.107,-44.0133],"stabilizedTipPosition":[-28.8083,232.167,-23.271],"timeVisible":26.3829,"tipPosition":[-27.7543,234.961,-23.0328],"tipVelocity":[57.3286,378.387,-152.7],"tool":false,"touchDistance":0.333333,"touchZone":"none","type":2,"width":17.9355},{"bases":[[[0.646112,-0.742368,-0.177283],[0.730942,0.534987,0.42369],[-0.21969,-0.403335,0.888289]],[[0.654576,-0.725207,-0.213554],[0.435976,0.592889,-0.677058],[0.617621,0.350081,0.704264]],[[0.654576,-0.725207,-0.213554],[-0.48732,-0.188799,-0.852569],[0.577971,0.66214,-0.476991]],[[0.654576,-0.725207,-0.213554],[-0.735426,-0.545385,-0.402124],[0.175155,0.420274,-0.890332]]],"btipPosition":[-14.7437,223.138,-9.94403],"carpPosition":[16.5226,238.784,44.1158],"dipPosition":[-11.654,230.552,-25.6493],"direction":[-0.577971,-0.66214,0.476991],"extended":false,"handId":434,"id":4343,"length":60.8276,"mcpPosition":[29.5148,262.637,-8.4168],"pipPosition":[3.46206,247.869,-38.1244],"stabilizedTipPosition":[-14.1966,223.721,-13.1244],"timeVisible":26.3829,"tipPosition":[-13.7654,225.123,-13.7824],"tipVelocity":[63.1201,372.038,-127.472],"tool":false,"touchDistance":0.333333,"touchZone":"none","type":3,"width":17.0667},{"bases":[[[0.486629,-0.862182,-0.140834],[0.800238,0.375259,0.467761],[-0.350446,-0.340327,0.872563]],[[0.495859,-0.852737,-0.164203],[0.557463,0.457553,-0.692734],[0.665852,0.251961,0.702252]],[[0.495859,-0.852737,-0.164203],[-0.493245,-0.120938,-0.861443],[0.714726,0.508147,-0.480576]],[[0.495859,-0.852737,-0.164203],[-0.813629,-0.390111,-0.43107],[0.303532,0.347351,-0.887252]]],"btipPosition":[0.12301,222.215,-8.2067],"carpPosition":[21.3036,227.031,39.6917],"dipPosition":[5.06252,227.868,-22.6453],"direction":[-0.714726,-0.508147,0.480576],"extended":false,"handId":434,"id":4344,"length":47.6877,"mcpPosition":[40.4885,245.662,-8.07625],"pipPosition":[18.2604,237.251,-31.5195],"stabilizedTipPosition":[1.10169,222.299,-11.0493],"timeVisible":26.3829,"tipPosition":[1.78288,223.765,-11.1759],"tipVelocity":[65.2656,387.151,-149.786],"tool":false,"touchDistance":0.333333,"touchZone":"none","type":4,"width":15.16}],"r":[[0.557616,-0.315594,0.767766],[-0.120825,0.884201,0.451209],[-0.821259,-0.344367,0.454913]],"s":1.96264,"t":[1