{"sensorType":"Leap","data":[[0,{"currentFrameRate":55.3081,"devices":[],"gestures":[],"hands":[{"armBasis":[[0.905705,-0.333726,-0.26139],[0.402812,0.869641,0.285425],[0.132062,-0.363802,0.922067]],"armWidth":60.7789,"confidence":0.743755,"direction":[0.153261,0.646706,-0.747183],"elbow":[43.946,155.706,302.888],"grabStrength":0,"id":435,"palmNormal":[-0.372759,-0.662424,-0.649804],"palmPosition":[9.63898,282.729,25.2725],"palmVelocity":[5.96167,245.775,-76.2305],"palmWidth":86.7903,"pinchStrength":1,"r":[[-0.785889,0.604855,0.128564],[-0.184719,-0.428047,0.884678],[0.590134,0.67151,0.448126]],"s":1.31277,"sphereCenter":[-1.11539,263.386,-15.892],"sphereRadius":42.1039,"stabilizedPalmPosition":[9.62967,282.556,25.3306],"t":[7.46611,172.327,-34.8689],"timeVisible":10.8824,"type":"right","wrist":[9.93511,249.399,65.4211]}],"id":1438626,"interactionBox":{"center":[0,200,0],"size":[235.247,235.247,147.751]},"pointables":[{"bases":[[[0.731579,0.566533,0.379251],[-0.629644,0.348158,0.694503],[0.26142,-0.746877,0.61142]],[[0.556716,0.825727,0.0907834],[-0.765382,0.46739,0.442421],[0.322888,-0.315787,0.8922]],[[0.556716,0.825727,0.0907834],[-0.825698,0.562026,-0.0484691],[-0.0910449,-0.0479762,0.99469]],[[0.556716,0.825727,0.0907834],[-0.459842,0.397343,-0.794143],[-0.691818,0.400367,0.600911]]],"btipPosition":[-16.2602,258.404,-23.284],"carpPosition":[-19.291,250.746,64.9604],"dipPosition":[-31.7039,267.342,-9.86966],"direction":[0.0910449,0.0479762,-0.99469],"extended":false,"handId":435,"id":4350,"length":49.7109,"mcpPosition":[-19.291,250.746,64.9604],"pipPosition":[-34.6649,265.782,22.4795],"stabilizedTipPosition":[-19.7853,260.236,-20.1442],"timeVisible":10.8824,"tipPosition":[-21.208,261.048,-20.0541],"tipVelocity":[-24.2061,284.687,-71.7821],"tool":false,"touchDistance":-0.532799,"touchZone":"touching","type":0,"width":19.3153},{"bases":[[[0.927925,-0.264158,-0.263015],[0.368253,0.759083,0.536826],[0.0578431,-0.59499,0.801649]],[[0.928667,-0.327868,-0.173436],[0.364507,0.893248,0.263141],[0.0686456,-0.307589,0.94904]],[[0.928667,-0.327868,-0.173436],[0.346042,0.934188,0.0868754],[0.133538,-0.140694,0.981006]],[[0.928667,-0.327868,-0.173436],[0.325458,0.944579,-0.0429841],[0.177917,-0.0165283,0.983907]]],"btipPosition":[-16.5843,324.663,-65.4174],"carpPosition":[-3.73391,266.793,68.3801],"dipPosition":[-13.6847,324.394,-49.3827],"direction":[-0.133538,0.140694,-0.981006],"extended":true,"handId":435,"id":4351,"length":56.0932,"mcpPosition":[-7.79298,308.545,12.1253],"pipPosition":[-10.606,321.15,-26.7658],"stabilizedTipPosition":[-15.9065,324.497,-61.715],"timeVisible":10.8824,"tipPosition":[-15.0058,324.584,-61.5674],"tipVelocity":[-35.24,303.318,-46.081],"tool":false,"touchDistance":-0.49686,"touchZone":"touching","type":1,"width":18.45},{"bases":[[[0.850743,-0.467623,-0.239927],[0.521008,0.690249,0.502102],[-0.0691852,-0.552164,0.83086]],[[0.851541,-0.460684,-0.250295],[0.294798,0.815506,-0.498041],[0.433557,0.350316,0.830246]],[[0.851541,-0.460684,-0.250295],[-0.365199,-0.17866,-0.913625],[0.376174,0.869397,-0.320377]],[[0.851541,-0.460684,-0.250295],[-0.522049,-0.700975,-0.485901],[0.0483957,0.544431,-0.837408]]],"btipPosition":[-18.787,252.589,-4.01739],"carpPosition":[7.61273,265.29,65.7455],"dipPosition":[-17.9195,262.348,-19.0276],"direction":[-0.376174,-0.869397,0.320377],"extended":false,"handId":435,"id":4352,"length":63.9137,"mcpPosition":[12.2169,302.036,10.4536],"pipPosition":[-7.7162,285.93,-27.7175],"stabilizedTipPosition":[-18.5477,254.531,-7.37604],"timeVisible":10.8824,"tipPosition":[-18.3098,254.292,-5.71491],"tipVelocity":[-28.8059,275.115,-81.6046],"tool":false,"touchDistance":0.333333,"touchZone":"none","type":2,"width":18.1204},{"bases":[[[0.789576,-0.594476,-0.152207],[0.577988,0.637122,0.509907],[-0.206153,-0.490585,0.846657]],[[0.788954,-0.595947,-0.149665],[0.436161,0.714727,-0.546743],[0.432799,0.366077,0.823816]],[[0.788954,-0.595947,-0.149665],[-0.335713,-0.214066,-0.917318],[0.514634,0.773966,-0.368955]],[[0.788954,-0.595947,-0.149665],[-0.586975,-0.658951,-0.470365],[0.181691,0.458946,-0.869688]]],"btipPosition":[-4.92933,245.943,2.28158],"carpPosition":[18.0344,260.862,62.7288],"dipPosition":[-1.69131,254.122,-13.2177],"direction":[-0.514634,-0.773966,0.368955],"extended":false,"handId":435,"id":4353,"length":61.4547,"mcpPosition":[30.3518,290.174,12.1421],"pipPosition":[11.9071,274.573,-22.9667],"stabilizedTipPosition":[-4.13315,247.445,-1.1527],"timeVisible":10.8824,"tipPosition":[-4.05465,247.533,0.375723],"tipVelocity":[-26.9806,264.233,-92.2569],"tool":false,"touchDistance":0.333333,"touchZone":"none","type":3,"width":17.2427},{"bases":[[[0.653983,-0.744305,-0.135338],[0.673261,0.491041,0.55281],[-0.345002,-0.452646,0.822244]],[[0.59358,-0.804735,-0.00809649],[0.674002,0.502597,-0.541404],[0.439755,0.315909,0.840724]],[[0.59358,-0.804735,-0.00809649],[-0.297876,-0.210348,-0.931141],[0.747618,0.555118,-0.36457]],[[0.59358,-0.804735,-0.00809649],[-0.703244,-0.513775,-0.49141],[0.391295,0.297385,-0.870891]]],"btipPosition":[9.27768,249.546,5.46919],"carpPosition":[25.4087,250.411,58.1818],"dipPosition":[15.711,254.435,-8.84932],"direction":[-0.747618,-0.555118,0.36457],"extended":false,"handId":435,"id":4354,"length":48.1794,"mcpPosition":[44.4903,275.446,12.7045],"pipPosition":[29.6586,264.791,-15.6507],"stabilizedTipPosition":[10.794,250.384,2.28233],"timeVisible":10.8824,"tipPosition":[10.8471,250.372,4.0143],"tipVelocity":[-24.3497,252.447,-86.7091],"tool":false,"touchDistance":0.333333,"touchZone":"none","type":4,"width":15.3163}],"r":[[-0.785889,0.604855,0.128564],[-0.184719,-0.428047,0.884678],[0.590134,0.67151,0.448126]],"s":1.31277,"t":[7.46611,172.327,-34.8689],"timestamp":89180191447},false],[1,{"currentFrameRate":55.3193,"devices":[],"gestures":[],"hands":[{"armBasis":[[0.901609,-0.347847,-0.257106],[0.415666,0.861204,0.292488],[0.11968,-0.37058,0.921058]],"armWidth":60.7789,"confidence":0.728977,"direction":[0.154122,0.646182,-0.747459],"elbow":[41.1,156.592,301.719],"grabStrength":0,"id":435,"palmNormal":[-0.386296,-0.656876,-0.647526],"palmPosition":[10.0124,285.432,24.4229],"palmVelocity":[12.9568,200.253,-62.4111],"palmWidth":86.7903,"pinchStrength":1,"r":[[-0.781403,0.609296,0.13479],[-0.182917,-0.430153,0.88403],[0.596616,0.666128,0.447574]],"s":1.31213,"sphereCenter":[-1.59292,266.391,-16.6677],"sphereRadius":42.0949,"stabilizedPalmPosition":[9.99937,285.334,24.4538],"t":[7.71051,175.911,-35.9898],"timeVisible":10.9005,"type":"right","wrist":[10.278,252.03,64.512]}],"id":1438627,"interactionBox":{"center":[0,200,0],"size":[235.247,235.247,147.751]},"pointables":[{"bases":[[[0.741531,0.557272,0.373604],[-0.619277,0.354275,0.700703],[0.258124,-0.750957,0.607812]],[[0.571635,0.815216,0.093035],[-0.757005,0.480254,0.443057],[0.316507,-0.323695,0.891653]],[[0.571635,0.815216,0.093035],[-0.817386,0.575669,-0.0220105],[-0.0715006,-0.0634636,0.99542]],[[0.571635,0.815216,0.093035],[-0.461684,0.413308,-0.784872],[-0.678292,0.405708,0.612634]]],"btipPosition":[-16.5363,262.139,-24.1879],"carpPosition":[-18.9334,253.719,64.316],"dipPosition":[-31.6781,271.196,-10.5118],"direction":[0.0715006,0.0634636,-0.99542],"extended":false,"handId":435,"id":4350,"length":49.7109,"mcpPosition":[-18.9334,253.719,64.316],"pipPosition":[-34.0034,269.132,21.8611],"stabilizedTipPosition":[-20.0119,264.103,-21.0156],"timeVisible":10.9005,"tipPosition":[-21.2643,264.529,-20.7976],"tipVelocity":[-18.1556,248.561,-59.9139],"tool":false,"touchDistance":-0.520507,"touchZone":"touching","type":0,"width":19.3153},{"bases":[[[0.922375,-0.274527,-0.271771],[0.38191,0.75378,0.534753],[0.0580516,-0.597035,0.800112]],[[0.923384,-0.335517,-0.186523],[0.376033,0.88829,0.263704],[0.077209,-0.313639,0.946398]],[[0.923384,-0.335517,-0.186523],[0.356501,0.929703,0.0925137],[0.142371,-0.151921,0.978085]],[[0.923384,-0.335517,-0.186523],[0.3353,0.941509,-0.033678],[0.186912,-0.0314433,0.981873]]],"btipPosition":[-16.7255,328.341,-65.8586],"carpPosition":[-3.15942,269.577,67.6224],"dipPosition":[-13.6794,327.828,-49.8571],"direction":[-0.142371,0.151921,-0.978085],"extended":true,"handId":435,"id":4351,"length":56.0932,"mcpPosition":[-7.23313,311.473,11.4754],"pipPosition":[-10.3971,324.326,-27.3075],"stabilizedTipPosition":[-16.0236,328.181,-62.1731],"timeVisible":10.9005,"tipPosition":[-15.1408,328.024,-62.0697],"tipVelocity":[-21.3491,254.668,-36.0227],"tool":false,"touchDistance":-0.48224,"touchZone":"touching","type":1,"width":18.45},{"bases":[[[0.843026,-0.477117,-0.248328],[0.533532,0.683225,0.498545],[-0.0681997,-0.552777,0.830534]],[[0.843781,-0.470471,-0.258245],[0.301085,0.813292,-0.4979],[0.444276,0.342365,0.827892]],[[0.843781,-0.470471,-0.258245],[-0.374134,-0.170654,-0.911538],[0.384781,0.865757,-0.320014]],[[0.843781,-0.470471,-0.258245],[-0.534449,-0.692688,-0.484301],[0.0489663,0.546663,-0.83592]]],"btipPosition":[-19.057,255.711,-4.78602],"carpPosition":[8.1448,267.947,64.8835],"dipPosition":[-18.1793,265.51,-19.7696],"direction":[-0.384781,-0.865757,0.320014],"extended":false,"handId":435,"id":4352,"length":63.9137,"mcpPosition":[12.6833,304.733,9.6133],"pipPosition":[-7.74253,288.992,-28.4496],"stabilizedTipPosition":[-18.842,257.818,-8.19573],"timeVisible":10.9005,"tipPosition":[-18.5747,257.434,-6.53574],"tipVelocity":[-22.1787,226.931,-62.9418],"tool":false,"touchDistance":0.333333,"touchZone":"none","type":2,"width":18.1204},{"bases":[[[0.781167,-0.6034,-0.160273],[0.589953,0.629422,0.50575],[-0.20429,-0.489629,0.847661]],[[0.78049,-0.605009,-0.157481],[0.444782,0.714399,-0.540187],[0.439323,0.351566,0.826678]],[[0.78049,-0.605009,-0.157481],[-0.339088,-0.198053,-0.919671],[0.525219,0.771194,-0.359729]],[[0.78049,-0.605009,-0.157481],[-0.596856,-0.646165,-0.47564],[0.186007,0.465226,-0.865428]]],"btipPosition":[-5.22319,249.006,0.817094],"carpPosition":[18.4865,263.403,61.7661],"dipPosition":[-1.90824,257.297,-14.6062],"direction":[-0.525219,-0.771194,0.359729],"extended":false,"handId":435,"id":4353,"length":61.4547,"mcpPosition":[30.6926,292.657,11.1193],"pipPosition":[11.9698,277.674,-24.1115],"stabilizedTipPosition":[-4.43812,250.673,-2.6213],"timeVisible":10.9005,"tipPosition":[-4.32646,250.597,-1.02499],"tipVelocity":[-21.4431,220.104,-86.546],"tool":false,"touchDistance":0.333333,"touchZone":"none","type":3,"width":17.2427},{"bases":[[[0.643985,-0.751662,-0.142435],[0.683889,0.482162,0.547554],[-0.342899,-0.450026,0.824559]],[[0.583699,-0.811847,-0.0141413],[0.674603,0.494569,-0.548008],[0.451892,0.310332,0.836354]],[[0.583699,-0.811847,-0.0141413],[-0.309629,-0.206448,-0.928175],[0.750617,0.546153,-0.371875]],[[0.583699,-0.811847,-0.0141413],[-0.714026,-0.50492,-0.484998],[0.386604,0.29319,-0.874401]]],"btipPosition":[9.06132,252.288,4.63648],"carpPosition":[25.6968,252.873,57.1358],"dipPosition":[15.4176,257.108,-9.73974],"direction":[-0.750617,-0.546153,0.371875],"extended":false,"handId":435,"id":4354,"length":48.1794,"mcpPosition":[44.6622,277.764,11.5304],"pipPosition":[29.4211,267.297,-16.6775],"stabilizedTipPosition":[10.5371,253.242,1.37876],"timeVisible":10.9005,"tipPosition":[10.632,253.108,3.07103],"tipVelocity":[-18.9539,204.378,-67.8205],"tool":false,"touchDistance":0.333333,"touchZone":"none","type":4,"width":15.3163}],"r":[[-0.781403,0.609296,0.13479],[-0.182917,-0.430153,0.88403],[0.596616,0.666128,0.447574]],"s":1.31213,"t":[7.71051,175.911,-35.9898],"timestamp":89180209485},false],[2,{"currentFrameRate":55.3053,"devices":[],"gestures":[],"hands":[{"armBasis":[[0.900737,-0.352002,-0.254495],[0.419307,0.857569,0.29792],[0.113378,-0.375059,0.920041]],"armWidth":60.7789,"confidence":0.738111,"direction":[0.153352,0.647788,-0.746227],"elbow":[39.9582,159.107,299.617],"grabStrength":0,"id":435,"palmNormal":[-0.390528,-0.653955,-0.647943],"palmPosition":[10.4485,289.211,22.6753],"palmVelocity":[18.2407,204.169,-78.5918],"palmWidth":86.7903,"pinchStrength":1,"r":[[-0.777312,0.613189,0.140659],[-0.18111,-0.432225,0.883392],[0.602483,0.661196,0.447029]],"s":1.31119,"sphereCenter":[-1.67338,270.479,-18.4173],"sphereRadius":42.0721,"stabilizedPalmPosition":[10.4289,289.042,22.7532],"t":[8.05075,179.592,-37.424],"timeVisible":10.9186,"type":"right","wrist":[10.759,255.699,62.6713]}],"id":1438628,"interactionBox":{"center":[0,200,0],"size":[235.247,235.247,147.751]},"pointables":[{"bases":[[[0.744491,0.554068,0.372481],[-0.615732,0.354152,0.703882],[0.258084,-0.753382,0.60482]],[[0.577825,0.810283,0.0977756],[-0.75514,0.485322,0.440711],[0.309648,-0.328488,0.892308]],[[0.577825,0.810283,0.0977756],[-0.81391,0.580973,-0.00464938],[-0.0605723,-0.076894,0.995198]],[[0.577825,0.810283,0.0977756],[-0.460298,0.422464,-0.780801],[-0.673976,0.406161,0.617081]]],"btipPosition":[-16.1759,266.548,-26.0427],"carpPosition":[-18.4478,257.474,62.5843],"dipPosition":[-31.2213,275.615,-12.2674],"direction":[0.0605723,0.076894,-0.995198],"extended":false,"handId":435,"id":4350,"length":49.7109,"mcpPosition":[-18.4478,257.474,62.5843],"pipPosition":[-33.1912,273.114,20.0983],"stabilizedTipPosition":[-19.6489,268.482,-22.8122],"timeVisible":10.9186,"tipPosition":[-20.8036,268.758,-22.5865],"tipVelocity":[0.538642,246.077,-79.503],"tool":false,"touchDistance":-0.52427,"touchZone":"touching","type":0,"width":19.3153},{"bases":[[[0.92059,-0.276474,-0.27582],[0.386025,0.751182,0.535453],[0.0591521,-0.599406,0.798257]],[[0.921887,-0.335088,-0.194526],[0.378579,0.885875,0.268147],[0.0824728,-0.320845,0.943534]],[[0.921887,-0.335088,-0.194526],[0.358775,0.927833,0.102014],[0.146304,-0.163836,0.975578]],[[0.921887,-0.335088,-0.194526],[0.337692,0.941031,-0.0206354],[0.189969,-0.0466661,0.98068]]],"btipPosition":[-16.6152,333.025,-67.2783],"carpPosition":[-2.61568,273.276,65.8779],"dipPosition":[-13.5193,332.264,-51.2961],"direction":[-0.146304,0.163836,-0.975578],"extended":true,"handId":435,"id":4351,"length":56.0932,"mcpPosition":[-6.76661,315.339,9.86112],"pipPosition":[-10.1463,328.487,-28.8044],"stabilizedTipPosition":[-15.9045,332.797,-63.5863],"timeVisible":10.9186,"tipPosition":[-15.074,332.476,-63.5423],"tipVelocity":[-7.98396,254.918,-56.2744],"tool":false,"touchDistance":-0.483711,"touchZone":"touching","type":1,"width":18.45},{"bases":[[[0.840731,-0.478894,-0.25265],[0.537309,0.680285,0.49851],[-0.0668595,-0.554863,0.82925]],[[0.841449,-0.472437,-0.262234],[0.302569,0.814064,-0.495733],[0.447678,0.33779,0.827938]],[[0.841449,-0.472437,-0.262234],[-0.376955,-0.165547,-0.911317],[0.387128,0.865677,-0.317387]],[[0.841449,-0.472437,-0.262234],[-0.538128,-0.688874,-0.485665],[0.0488004,0.549778,-0.833884]]],"btipPosition":[-18.8342,259.68,-6.59981],"carpPosition":[8.67386,271.62,63.0942],"dipPosition":[-17.9595,269.535,-21.5469],"direction":[-0.387128,-0.865677,0.317387],"extended":false,"handId":435,"id":4352,"length":63.9137,"mcpPosition":[13.1232,308.545,7.90938],"pipPosition":[-7.45908,293.015,-30.1556],"stabilizedTipPosition":[-18.6431,261.748,-9.94884],"timeVisible":10.9186,"tipPosition":[-18.3537,261.424,-8.38644],"tipVelocity":[-5.78406,223.458,-80.3893],"tool":false,"touchDistance":0.333333,"touchZone":"none","type":2,"width":18.1204},{"bases":[[[0.778816,-0.605238,-0.164721],[0.593597,0.626297,0.505366],[-0.202702,-0.491365,0.847037]],[[0.778045,-0.60709,-0.16152],[0.453661,0.720829,-0.52402],[0.434556,0.334436,0.83625]],[[0.778045,-0.60709,-0.16152],[-0.330057,-0.176271,-0.927357],[0.534517,0.774836,-0.337521]],[[0.778045,-0.60709,-0.16152],[-0.596733,-0.633849,-0.492082],[0.196359,0.479246,-0.855433]]],"btipPosition":[-5.04058,253.146,-2.15724],"carpPosition":[18.991,267.055,59.9273],"dipPosition":[-1.54115,261.687,-17.4025],"direction":[-0.534517,-0.774836,0.337521],"extended":false,"handId":435,"id":4353,"length":61.4547,"mcpPosition":[31.1022,296.413,9.31787],"pipPosition":[12.5826,282.16,-26.3209],"stabilizedTipPosition":[-4.25602,254.665,-5.3584],"timeVisible":10.9186,"tipPosition":[-4.09746,254.755,-3.83113],"tipVelocity":[-5.32107,225.534,-122.38],"tool":false,"touchDistance":0.333333,"touchZone":"none","type":3,"width":17.2427},{"bases":[[[0.641264,-0.753147,-0.1468],[0.687249,0.478648,0.546429],[-0.341276,-0.451293,0.82454]],[[0.581159,-0.813585,-0.0182644],[0.674259,0.49396,-0.548979],[0.455663,0.306729,0.835637]],[[0.581159,-0.813585,-0.0182644],[-0.313309,-0.202976,-0.927706],[0.75106,0.544867,-0.372865]],[[0.581159,-0.813585,-0.0182644],[-0.717156,-0.501412,-0.484018],[0.384632,0.29439,-0.874867]]],"btipPosition":[9.32553,256.128,2.79447],"carpPosition":[26.1538,256.517,55.2424],"dipPosition":[15.6494,260.968,-11.5894],"direction":[-0.75106,-0.544867,0.372865],"extended":false,"handId":435,"id":4354,"length":48.1794,"mcpPosition":[45.0294,281.478,9.63806],"pipPosition":[29.6612,271.133,-18.5456],"stabilizedTipPosition":[10.7651,256.996,-0.397864],"timeVisible":10.9186,"tipPosition":[10.894,256.95,1.20857],"tipVelocity":[-3.18408,208.026,-83.9528],"tool":false,"touchDistance":0.333333,"touchZone":"none","type":4,"width":15.3163}],"r":[[-0.777312,0.613189,0.140659],[-0.18111,-0.432225,0.883392],[0.602483,0.661196,0.447029]],"s":1.31119,"t":[8.05075,179.592,-37.424],"timestamp":89180227615},false],[3,{"currentFrameRate":55.3051,"devices":[],"gestures":[],"hands":[{"armBasis":[[0.901134,-0.344449,-0.263271],[0.414725,0.861839,0.291954],[0.126333,-0.372275,0.919484]],"armWidth":60.7789,"confidence":0.745811,"direction":[0.153266,0.650551,-0.743836],"elbow":[43.675,162.438,297.929],"grabStrength":0,"id":435,"palmNormal":[-0.385741,-0.653626,-0.651136],"palmPosition":[10.8292,291.94,21.2269],"palmVelocity":[19.5778,178.852,-79.3095],"palmWidth":86.7903,"pinchStrength":1,"r":[[-0.774591,0.615574,0.14518],[-0.179924,-0.434536,0.8825],[0.60633,0.657455,0.447344]],"s":1.30982,"sphereCenter":[-1.37898,273.38,-19.981],"sphereRadius":42.0714,"stabilizedPalmPosition":[10.8048,291.763,21.3202],"t":[8.41122,182.797,-38.8654],"timeVisible":10.9367,"type":"right","wrist":[11.1393,258.313,61.127]}],"id":1438629,"interactionBox":{"center":[0,200,0],"size":[235.247,235.247,147.751]},"pointables":[{"bases":[[[0.74102,0.555947,0.376579],[-0.619497,0.349657,0.702825],[0.25906,-0.754097,0.603511]],[[0.577263,0.809646,0.106021],[-0.759196,0.484363,0.434758],[0.300647,-0.33146,0.894285]],[[0.577263,0.809646,0.106021],[-0.8145,0.580146,0.00441002],[-0.0579368,-0.0888995,0.994354]],[[0.577263,0.809646,0.106021],[-0.456809,0.427825,-0.77993],[-0.676826,0.401794,0.616821]]],"btipPosition":[-15.3955,269.676,-27.7411],"carpPosition":[-18.0738,259.972,60.9468],"dipPosition":[-30.5045,278.646,-13.9716],"direction":[0.0579368,0.0888995,-0.994354],"extended":false,"handId":435,"id":4350,"length":49.7109,"mcpPosition":[-18.0738,259.972,60.9468],"pipPosition":[-32.3887,275.754,18.3667],"stabilizedTipPosition":[-18.9072,271.586,-24.4911],"timeVisible":10.9367,"tipPosition":[-19.977,271.712,-24.2725],"tipVelocity":[20.4116,210.744,-86.3937],"tool":false,"touchDistance":-0.525672,"touchZone":"touching","type":0,"width":19.3153},{"bases":[[[0.922606,-0.272006,-0.273517],[0.381226,0.751159,0.538912],[0.0588673,-0.601475,0.79672]],[[0.923987,-0.328657,-0.195531],[0.373308,0.886121,0.274647],[0.0829995,-0.326764,0.941455]],[[0.923987,-0.328657,-0.195531],[0.354024,0.928464,0.112348],[0.14462,-0.173031,0.974241]],[[0.923987,-0.328657,-0.195531],[0.333675,0.942657,-0.00766797],[0.186839,-0.0581588,0.980668]]],"btipPosition":[-16.2274,336.363,-68.5929],"carpPosition":[-2.31605,275.828,64.3392],"dipPosition":[-13.1824,335.416,-52.611],"direction":[-0.14462,0.173031,-0.974241],"extended":true,"handId":435,"id":4351,"length":56.0932,"mcpPosition":[-6.447,318.036,8.43025],"pipPosition":[-9.84827,331.426,-30.15],"stabilizedTipPosition":[-15.5328,336.094,-64.8966],"timeVisible":10.9367,"tipPosition":[-14.7398,335.657,-64.8913],"tipVelocity":[5.69809,220.384,-64.084],"tool":false,"touchDistance":-0.483393,"touchZone":"touching","type":1,"width":18.45},{"bases":[[[0.843478,-0.474809,-0.251199],[0.532915,0.680972,0.502273],[-0.0674243,-0.557525,0.827418]],[[0.844184,-0.468504,-0.260497],[0.301711,0.816936,-0.491515],[0.443085,0.336334,0.830996]],[[0.844184,-0.468504,-0.260497],[-0.372456,-0.16314,-0.913598],[0.385526,0.868268,-0.312217]],[[0.844184,-0.468504,-0.260497],[-0.533678,-0.68883,-0.490612],[0.0504157,0.553188,-0.831529]]],"btipPosition":[-18.2556,262.397,-8.30634],"carpPosition":[8.98928,274.225,61.5887],"dipPosition":[-17.3519,272.313,-23.2112],"direction":[-0.385526,-0.868268,0.312217],"extended":false,"handId":435,"id":4352,"length":63.9137,"mcpPosition":[13.4762,311.327,6.52585],"pipPosition":[-6.89493,295.864,-31.6798],"stabilizedTipPosition":[-18.0881,264.479,-11.6134],"timeVisible":10.9367,"tipPosition":[-17.7772,264.164,-10.1229],"tipVelocity":[12.3506,189.047,-86.7827],"tool":false,"touchDistance":0.333333,"touchZone":"none","type":2,"width":18.1204},{"bases":[[[0.781773,-0.601653,-0.163844],[0.589395,0.627189,0.509163],[-0.203578,-0.494619,0.844931]],[[0.780986,-0.603545,-0.160602],[0.458686,0.728814,-0.508367],[0.423871,0.323361,0.846032]],[[0.780986,-0.603545,-0.160602],[-0.317057,-0.161592,-0.934539],[0.538085,0.780782,-0.317559]],[[0.780986,-0.603545,-0.160602],[-0.589837,-0.628243,-0.507349],[0.205311,0.490962,-0.846643]]],"btipPosition":[-4.44261,256.101,-4.61629],"carpPosition":[19.3351,269.71,58.4434],"dipPosition":[-0.783631,264.851,-19.7048],"direction":[-0.538085,-0.780782,0.317559],"extended":false,"handId":435,"id":4353,"length":61.4547,"mcpPosition":[31.4987,299.263,7.95985],"pipPosition":[13.4344,285.482,-28.0958],"stabilizedTipPosition":[-3.70052,257.59,-7.6723],"timeVisible":10.9367,"tipPosition":[-3.48584,257.729,-6.22865],"tipVelocity":[13.8912,197.288,-127.904],"tool":false,"touchDistance":0.333333,"touchZone":"none","type":3,"width":17.2427},{"bases":[[[0.644753,-0.75016,-0.146812],[0.683498,0.479796,0.550115],[-0.342234,-0.455034,0.822082]],[[0.582583,-0.812631,-0.0150822],[0.683408,0.499817,-0.532106],[0.439944,0.299688,0.846544]],[[0.582583,-0.812631,-0.0150822],[-0.294846,-0.194013,-0.935641],[0.757405,0.549536,-0.35263]],[[0.582583,-0.812631,-0.0150822],[-0.708788,-0.49888,-0.498736],[0.397764,0.301245,-0.866623]]],"btipPosition":[9.9762,259.069,0.559332],"carpPosition":[26.5556,259.215,53.7523],"dipPosition":[16.5159,264.022,-13.689],"direction":[-0.757405,-0.549536,0.35263],"extended":false,"handId":435,"id":4354,"length":48.1794,"mcpPosition":[45.4842,284.382,8.28383],"pipPosition":[30.6461,274.274,-20.2677],"stabilizedTipPosition":[11.4128,259.905,-2.49866],"timeVisible":10.9367,"tipPosition":[11.5523,259.889,-0.949117],"tipVelocity":[16.7382,187.161,-101.983],"tool":false,"touchDistance":0.333333,"touchZone":"none","type":4,"width":15.3163}],"r":[[-0.774591,0.615574,0.14518],[-0.179924,-0.434536,0.8825],[0.60633,0.657455,0.447344]],"s":1.30982,"t":[8.41122,182.797,-38.8654],"timestamp":89180245697},false],[4,{"currentFrameRate":55.2981,"devices":[],"gestures":[],"hands":[{"armBasis":[[0.904137,-0.346091,-0.250515],[0.412693,0.859177,0.302489],[0.110548,-0.376877,0.919643]],"armWidth":60.7789,"confidence":0.718968,"direction":[0.150575,0.651302,-0.743729],"elbow":[40.3356,163.615,296.262],"grabStrength":0,"id":435,"palmNormal":[-0.384511,-0.654487,-0.650998],"palmPosition":[11.4146,294.317,19.5333],"palmVelocity":[25.6443,156.22,-86.0733],"palmWidth":86.7903,"pinchStrength":1,"r":[[-0.772729,0.616998,0.14901],[-0.178541,-0.436562,0.88178],[0.609109,0.654772,0.447504]],"s":1.30681,"sphereCenter":[-0.999103,275.652,-21.8182],"sphereRadius":42.1445,"stabilizedPalmPosition":[11.3574,294.078,19.7009],"t":[8.88415,185.589,-40.4328],"timeVisible":10.9548,"type":"right","wrist":[11.8653,260.675,59.4192]}],"id":1438630,"interactionBox":{"center":[0,200,0],"size":[235.247,235.247,147.751]},"pointables":[{"bases":[[[0.739785,0.557962,0.376027],[-0.619778,0.347553,0.703621],[0.261904,-0.753582,0.602927]],[[0.577083,0.809448,0.108491],[-0.760275,0.483945,0.433335],[0.298258,-0.332553,0.894679]],[[0.577083,0.809448,0.108491],[-0.814956,0.579398,0.0120293],[-0.0531226,-0.0953576,0.994025]],[[0.577083,0.809448,0.108491],[-0.453447,0.428058,-0.781762],[-0.679236,0.401946,0.614066]]],"btipPosition":[-14.6634,272.211,-29.364],"carpPosition":[-17.3528,262.249,59.2705],"dipPosition":[-29.8263,281.184,-15.6559],"direction":[0.0531226,0.0953576,-0.994025],"extended":false,"handId":435,"id":4350,"length":49.7109,"mcpPosition":[-17.3528,262.249,59.2705],"pipPosition":[-31.5539,278.083,16.6716],"stabilizedTipPosition":[-18.2049,274.083,-26.0881],"timeVisible":10.9548,"tipPosition":[-19.2161,274.162,-25.9387],"tipVelocity":[29.6105,177.108,-88.3008],"tool":false,"touchDistance":-0.525993,"touchZone":"touching","type":0,"width":19.3153},{"bases":[[[0.92311,-0.26919,-0.2746],[0.379592,0.752053,0.53882],[0.0614693,-0.601626,0.79641]],[[0.924801,-0.324548,-0.198525],[0.370422,0.887141,0.275262],[0.0867843,-0.3281,0.940648]],[[0.924801,-0.324548,-0.198525],[0.350839,0.929341,0.115051],[0.147158,-0.17605,0.973319]],[[0.924801,-0.324548,-0.198525],[0.33048,0.943807,-0.00343942],[0.188486,-0.0624279,0.98009]]],"btipPosition":[-15.9723,338.889,-70.1938],"carpPosition":[-1.63792,278.149,62.6528],"dipPosition":[-12.9005,337.872,-54.2213],"direction":[-0.147158,0.17605,-0.973319],"extended":true,"handId":435,"id":4351,"length":56.0932,"mcpPosition":[-5.95147,320.368,6.76564],"pipPosition":[-9.50784,333.813,-31.7816],"stabilizedTipPosition":[-15.2737,338.579,-66.4719],"timeVisible":10.9548,"tipPosition":[-14.4948,338.138,-66.5122],"tipVelocity":[9.85088,181.472,-75.714],"tool":false,"touchDistance":-0.487433,"touchZone":"touching","type":1,"width":18.45},{"bases":[[[0.8446,-0.472233,-0.252283],[0.531447,0.682325,0.501992],[-0.0649181,-0.558058,0.827259]],[[0.845239,-0.466313,-0.261005],[0.304718,0.821804,-0.481441],[0.438997,0.3274,0.836714]],[[0.845239,-0.466313,-0.261005],[-0.366971,-0.151447,-0.917821],[0.388464,0.871559,-0.299133]],[[0.845239,-0.466313,-0.261005],[-0.531602,-0.683896,-0.499685],[0.0545096,0.561104,-0.825948]]],"btipPosition":[-17.7076,264.968,-10.7125],"carpPosition":[9.66914,276.581,59.8898],"dipPosition":[-16.7305,275.026,-25.5174],"direction":[-0.388464,-0.871559,0.299133],"extended":false,"handId":435,"id":4352,"length":63.9137,"mcpPosition":[13.9893,313.718,4.8375],"pipPosition":[-6.19389,298.666,-33.631],"stabilizedTipPosition":[-17.5548,266.948,-13.8202],"timeVisible":10.9548,"tipPosition":[-17.2107,266.734,-12.4459],"tipVelocity":[21.3164,167.5,-108.111],"tool":false,"touchDistance":0.333333,"touchZone":"none","type":2,"width":18.1204},{"bases":[[[0.783359,-0.599292,-0.164915],[0.588092,0.628705,0.5088],[-0.201237,-0.495559,0.844941]],[[0.782508,-0.601367,-0.161366],[0.460271,0.733221,-0.500537],[0.419324,0.317402,0.850543]],[[0.782508,-0.601367,-0.161366],[-0.309923,-0.151412,-0.938628],[0.540028,0.784495,-0.304858]],[[0.782508,-0.601367,-0.161366],[-0.585884,-0.623428,-0.517762],[0.210765,0.499695,-0.840169]]],"btipPosition":[-3.84749,258.545,-6.97181],"carpPosition":[20.0249,272.097,56.7318],"dipPosition":[-0.0913118,267.45,-21.945],"direction":[-0.540027,-0.784495,0.304858],"extended":false,"handId":435,"id":4353,"length":61.4547,"mcpPosition":[32.0485,301.706,6.24755],"pipPosition":[14.178,288.179,-30.0004],"stabilizedTipPosition":[-3.14216,259.929,-9.80879],"timeVisible":10.9548,"tipPosition":[-2.86034,260.216,-8.56272],"tipVelocity":[23.5062,168.565,-128.243],"tool":false,"touchDistance":0.333333,"touchZone":"none","type":3,"width":17.2427},{"bases":[[[0.646793,-0.748207,-0.1478],[0.682669,0.481572,0.549592],[-0.340033,-0.456371,0.822255]],[[0.581377,-0.813582,-0.00926064],[0.702763,0.507858,-0.498201],[0.41003,0.283134,0.867012]],[[0.581377,-0.813582,-0.00926064],[-0.256758,-0.172652,-0.950929],[0.77206,0.555226,-0.30927]],[[0.581377,-0.813582,-0.00926064],[-0.69342,-0.489492,-0.528741],[0.425641,0.313819,-0.848733]]],"btipPosition":[10.8471,261.799,-2.96724],"carpPosition":[27.2711,261.625,52.0286],"dipPosition":[17.8452,266.959,-16.9214],"direction":[-0.77206,-0.555226,0.30927],"extended":false,"handId":435,"id":4354,"length":48.1794,"mcpPosition":[46.0779,286.866,6.55067],"pipPosition":[32.2488,277.317,-22.6912],"stabilizedTipPosition":[12.2648,262.419,-5.50072],"timeVisible":10.9548,"tipPosition":[12.4687,262.614,-4.14464],"tipVelocity":[34.4276,171.082,-144.344],"tool":false,"touchDistance":0.333333,"touchZone":"none","type":4,"width":15.3163}],"r":[[-0.772729,0.616998,0.14901],[-0.178541,-0.436562,0.88178],[0.609109,0.654772,0.447504]],"s":1.30681,"t":[8.88415,185.589,-40.4328],"timestamp":89180263805},false],[5,{"currentFrameRate":55.3287,"devices":[],"gestures":[],"hands":[{"armBasis":[[0.905902,-0.343922,-0.247101],[0.40764,0.866294,0.288727],[0.114763,-0.362287,0.924974]],"armWidth":60.7789,"confidence":0.653207,"direction":[0.153968,0.656445,-0.738494],"elbow":[41.6756,169.318,296.009],"grabStrength":0,"id":435,"palmNormal":[-0.377882,-0.651468,-0.657871],"palmPosition":[11.8552,296.513,18.1187],"palmVelocity":[25.1125,140.124,-82.599],"palmWidth":86.7903,"pinchStrength":1,"r":[[-0.771809,0.617483,0.151742],[-0.178452,-0.4394,0.880388],[0.6103,0.652412,0.449323]],"s":1.30412,"sphereCenter":[-0.504838,278.159,-23.487],"sphereRadius":42.1884,"stabilizedPalmPosition":[11.789,296.189,18.3292],"t":[9.34091,188.082,-41.9238],"timeVisible":10.9727,"type":"right","wrist":[12.1198,262.62,57.7933]}],"id":1438631,"interactionBox":{"center":[0,200,0],"size":[235.247,235.247,147.751]},"pointables":[{"bases":[[[0.735405,0.55773,0.384858],[-0.62584,0.341266,0.701329],[0.259813,-0.756621,0.600019]],[[0.574692,0.809695,0.118838],[-0.764898,0.47982,0.429771],[0.290963,-0.337884,0.895084]],[[0.574692,0.809695,0.118838],[-0.816291,0.5775,0.0127662],[-0.0582919,-0.104343,0.992832]],[[0.574692,0.809695,0.118838],[-0.44518,0.431157,-0.784804],[-0.68669,0.398117,0.608243]]],"btipPosition":[-13.7297,274.703,-31.0405],"carpPosition":[-17.101,264.109,57.4444],"dipPosition":[-29.059,283.59,-17.4625],"direction":[0.0582919,0.104343,-0.992832],"extended":false,"handId":435,"id":4350,"length":49.7109,"mcpPosition":[-17.101,264.109,57.4444],"pipPosition":[-30.9547,280.197,14.8263],"stabilizedTipPosition":[-17.3585,276.458,-27.719],"timeVisible":10.9727,"tipPosition":[-18.2946,276.607,-27.6821],"tipVelocity":[39.1789,158.405,-91.4579],"tool":false,"touchDistance":-0.527324,"touchZone":"touching","type":0,"width":19.3153},{"bases":[[[0.925853,-0.264737,-0.26965],[0.373478,0.749728,0.54628],[0.0575442,-0.606483,0.793011]],[[0.927252,-0.318743,-0.196488],[0.365085,0.88617,0.285335],[0.0831736,-0.336312,0.938071]],[[0.927252,-0.318743,-0.196488],[0.346572,0.929233,0.128116],[0.141747,-0.186893,0.9721]],[[0.927252,-0.318743,-0.196488],[0.327259,0.944863,0.0116209],[0.18195,-0.0750781,0.980437]]],"btipPosition":[-15.1379,341.907,-71.44],"carpPosition":[-1.45817,280.033,61.0401],"dipPosition":[-12.1726,340.683,-55.4618],"direction":[-0.141747,0.186893,-0.9721],"extended":true,"handId":435,"id":4351,"length":56.0932,"mcpPosition":[-5.49627,322.593,5.39139],"pipPosition":[-8.90468,336.375,-33.0502],"stabilizedTipPosition":[-14.4926,341.489,-67.707],"timeVisible":10.9727,"tipPosition":[-13.7067,341.038,-67.7808],"tipVelocity":[26.5183,173.829,-72.6713],"tool":false,"touchDistance":-0.485696,"touchZone":"touching","type":1,"width":18.45},{"bases":[[[0.847789,-0.468147,-0.249183],[0.5258,0.680681,0.510105],[-0.0691903,-0.563482,0.823226]],[[0.84843,-0.46257,-0.257284],[0.310501,0.828607,-0.465832],[0.428667,0.315339,0.846644]],[[0.84843,-0.46257,-0.257284],[-0.354667,-0.136001,-0.925049],[0.392909,0.876089,-0.279445]],[[0.84843,-0.46257,-0.257284],[-0.525331,-0.676414,-0.516228],[0.0647609,0.573143,-0.816893]]],"btipPosition":[-17.0488,267.48,-13.1381],"carpPosition":[9.87305,278.516,58.3486],"dipPosition":[-15.888,277.753,-27.7807],"direction":[-0.392909,-0.876089,0.279445],"extended":false,"handId":435,"id":4352,"length":63.9137,"mcpPosition":[14.4775,316.014,3.56472],"pipPosition":[-5.23076,301.516,-35.3603],"stabilizedTipPosition":[-16.9319,269.281,-15.9844],"timeVisible":10.9727,"tipPosition":[-16.5239,269.277,-14.825],"tipVelocity":[29.6917,155.699,-119.849],"tool":false,"touchDistance":0.333333,"touchZone":"none","type":2,"width":18.1204},{"bases":[[[0.786301,-0.595937,-0.163062],[0.582554,0.627185,0.516982],[-0.205818,-0.501496,0.840322]],[[0.785427,-0.598046,-0.159518],[0.461575,0.737639,-0.492785],[0.412375,0.313417,0.855404]],[[0.785427,-0.598046,-0.159518],[-0.302796,-0.146479,-0.941732],[0.539832,0.787963,-0.296134]],[[0.785427,-0.598046,-0.159518],[-0.580297,-0.621844,-0.525895],[0.215314,0.50562,-0.835457]]],"btipPosition":[-3.11396,260.858,-8.71237],"carpPosition":[20.2644,274.082,55.2369],"dipPosition":[0.723274,269.868,-23.6016],"direction":[-0.539832,-0.787963,0.296134],"extended":false,"handId":435,"id":4353,"length":61.4547,"mcpPosition":[32.5618,304.046,5.02864],"pipPosition":[14.9875,290.689,-31.4265],"stabilizedTipPosition":[-2.48516,262.094,-11.4882],"timeVisible":10.9727,"tipPosition":[-2.12011,262.55,-10.3118],"tipVelocity":[32.1913,150.352,-112.89],"tool":false,"touchDistance":0.333333,"touchZone":"none","type":3,"width":17.2427},{"bases":[[[0.65006,-0.745357,-0.147872],[0.677273,0.480074,0.557522],[-0.344563,-0.462572,0.816886]],[[0.580197,-0.814469,-0.00349156],[0.720215,0.515047,-0.464776],[0.380344,0.267147,0.885421]],[[0.580197,-0.814469,-0.00349156],[-0.221217,-0.153458,-0.963075],[0.783859,0.559545,-0.26921]],[[0.580197,-0.814469,-0.00349156],[-0.677591,-0.480303,-0.556938],[0.451932,0.325499,-0.830547]]],"btipPosition":[11.7508,264.445,-5.84633],"carpPosition":[27.5754,263.662,50.5199],"dipPosition":[19.1811,269.797,-19.5015],"direction":[-0.783859,-0.559545,0.26921],"extended":false,"handId":435,"id":4354,"length":48.1794,"mcpPosition":[46.6327,289.246,5.33883],"pipPosition":[33.8048,280.236,-24.5239],"stabilizedTipPosition":[13.1204,264.751,-7.99683],"timeVisible":10.9727,"tipPosition":[13.396,265.255,-6.90572],"tipVelocity":[44.5531,160.985,-150.052],"tool":false,"touchDistance":0.333333,"touchZone":"none","type":4,"width":15.3163}],"r":[[-0.771809,0.617483,0.151742],[-0.178452,-0.4394,0.880388],[0.6103,0.652412,0.449323]],"s":1.30412,"t":[9.34091,188.082,-41.9238],"timestamp":89180281773},false],[6,{"currentFrameRate":55.3274,"devices":[],"gestures":[],"hands":[{"armBasis":[[0.908034,-0.342022,-0.241856],[0.404634,0.865529,0.295179],[0.108375,-0.365896,0.924324]],"armWidth":60.7789,"confidence":0.66262,"direction":[0.150939,0.659467,-0.736424],"elbow":[40.3247,169.419,295.04],"grabStrength":0,"id":435,"palmNormal":[-0.37588,-0.650718,-0.659758],"palmPosition":[11.9919,297.674,17.43],"palmVelocity":[16.7727,104.042,-61.4472],"palmWidth":86.7903,"pinchStrength":1,"r":[[-0.771518,0.617176,0.154447],[-0.177923,-0.442384,0.878999],[0.610822,0.650684,0.451117]],"s":1.30221,"sphereCenter":[-0.712312,279.635,-24.1979],"sphereRadius":42.1909,"stabilizedPalmPosition":[11.9585,297.429,17.5782],"t":[9.63766,189.909,-43.0137],"timeVisible":10.9908,"type":"right","wrist":[12.414,263.651,56.9919]}],"id":1438632,"interactionBox":{"center":[0,200,0],"size":[235.247,235.247,147.751]},"pointables":[{"bases":[[[0.733559,0.559244,0.386182],[-0.626625,0.33656,0.7029],[0.263119,-0.75761,0.597323]],[[0.572811,0.810469,0.122587],[-0.766582,0.47672,0.430221],[0.29024,-0.340408,0.894362]],[[0.572811,0.810469,0.122587],[-0.81782,0.575168,0.0187722],[-0.055294,-0.111007,0.99228]],[[0.572811,0.810469,0.122587],[-0.441401,0.431008,-0.787018],[-0.69069,0.396702,0.604628]]],"btipPosition":[-13.4151,275.992,-31.6832],"carpPosition":[-16.8125,265.03,56.6687],"dipPosition":[-28.8336,284.848,-18.1859],"direction":[0.055294,0.111007,-0.99228],"extended":false,"handId":435,"id":4350,"length":49.7109,"mcpPosition":[-16.8125,265.03,56.6687],"pipPosition":[-30.6319,281.238,14.0849],"stabilizedTipPosition":[-17.0151,277.817,-28.4624],"timeVisible":10.9908,"tipPosition":[-17.9855,277.862,-28.3806],"tipVelocity":[28.2911,116.825,-65.3756],"tool":false,"touchDistance":-0.512844,"touchZone":"touching","type":0,"width":19.3153},{"bases":[[[0.926656,-0.260321,-0.271184],[0.371022,0.74933,0.548496],[0.060421,-0.608882,0.790956]],[[0.928395,-0.312435,-0.201164],[0.36124,0.885744,0.291485],[0.0871094,-0.343282,0.935184]],[[0.928395,-0.312435,-0.201164],[0.342632,0.929282,0.137982],[0.143827,-0.197027,0.969791]],[[0.928395,-0.312435,-0.201164],[0.323535,0.945911,0.0240223],[0.182778,-0.0873858,0.979263]]],"btipPosition":[-15.332,343.763,-71.8391],"carpPosition":[-1.22768,281.002,60.306],"dipPosition":[-12.3533,342.339,-55.8801],"direction":[-0.143827,0.197027,-0.969791],"extended":true,"handId":435,"id":4351,"length":56.0932,"mcpPosition":[-5.46766,323.729,4.80155],"pipPosition":[-9.03736,337.797,-33.5218],"stabilizedTipPosition":[-14.6393,343.341,-68.146],"timeVisible":10.9908,"tipPosition":[-13.9408,342.74,-68.2215],"tipVelocity":[8.89395,138.805,-48.7432],"tool":false,"touchDistance":-0.471514,"touchZone":"touching","type":1,"width":18.45},{"bases":[[[0.849381,-0.464093,-0.251335],[0.523579,0.680982,0.511985],[-0.066454,-0.566464,0.821403]],[[0.849971,-0.458728,-0.259073],[0.310644,0.833569,-0.456797],[0.4255,0.307784,0.85101]],[[0.849971,-0.458728,-0.259073],[-0.350251,-0.124696,-0.928318],[0.39354,0.879784,-0.266658]],[[0.849971,-0.458728,-0.259073],[-0.522477,-0.670897,-0.526227],[0.0675838,0.582637,-0.809918]]],"btipPosition":[-16.9188,268.776,-14.4366],"carpPosition":[10.1073,279.536,57.6014],"dipPosition":[-15.7074,279.219,-28.9541],"direction":[-0.39354,-0.879784,0.266658],"extended":false,"handId":435,"id":4352,"length":63.9137,"mcpPosition":[14.5296,317.233,2.9389],"pipPosition":[-5.03302,303.082,-36.1869],"stabilizedTipPosition":[-16.719,270.665,-17.2912],"timeVisible":10.9908,"tipPosition":[-16.3781,270.617,-16.0995],"tipVelocity":[19.3046,116.789,-96.2671],"tool":false,"touchDistance":0.333333,"touchZone":"none","type":2,"width":18.1204},{"bases":[[[0.788442,-0.5924,-0.165595],[0.58054,0.62768,0.518643],[-0.203304,-0.505055,0.838801]],[[0.787552,-0.594587,-0.161952],[0.459229,0.741503,-0.489165],[0.410939,0.31087,0.857023]],[[0.787552,-0.594587,-0.161952],[-0.300585,-0.141218,-0.943242],[0.537969,0.791533,-0.289941]],[[0.787552,-0.594587,-0.161952],[-0.577267,-0.619817,-0.531592],[0.215697,0.512145,-0.831374]]],"btipPosition":[-2.91183,262.038,-9.69615],"carpPosition":[20.5132,275.152,54.4677],"dipPosition":[0.932235,271.165,-24.5126],"direction":[-0.537969,-0.791533,0.289941],"extended":false,"handId":435,"id":4353,"length":61.4547,"mcpPosition":[32.6603,305.329,4.3503],"pipPosition":[15.1472,292.08,-32.1738],"stabilizedTipPosition":[-2.17661,263.472,-12.578],"timeVisible":10.9908,"tipPosition":[-1.90447,263.776,-11.3226],"tipVelocity":[22.2472,110.636,-84.6598],"tool":false,"touchDistance":0.333333,"touchZone":"none","type":3,"width":17.2427},{"bases":[[[0.65278,-0.742386,-0.150803],[0.675847,0.480796,0.558629],[-0.342213,-0.466581,0.815593]],[[0.581697,-0.813397,-0.00368855],[0.72363,0.519561,-0.45433],[0.371467,0.261613,0.890826]],[[0.581697,-0.813397,-0.00368855],[-0.21121,-0.146663,-0.966375],[0.785505,0.562917,-0.257111]],[[0.581697,-0.813397,-0.00368855],[-0.672593,-0.478442,-0.564545],[0.457435,0.330875,-0.825394]]],"btipPosition":[12.0839,265.816,-7.07643],"carpPosition":[27.8602,264.775,49.711],"dipPosition":[19.6047,271.256,-20.6469],"direction":[-0.785505,-0.562917,0.257111],"extended":false,"handId":435,"id":4354,"length":48.1794,"mcpPosition":[46.7876,290.581,4.60145],"pipPosition":[34.2591,281.758,-25.4436],"stabilizedTipPosition":[13.5636,266.232,-9.4038],"timeVisible":10.9908,"tipPosition":[13.7241,266.639,-8.20255],"tipVelocity":[32.6819,121.043,-110.564],"tool":false,"touchDistance":0.333333,"touchZone":"none","type":4,"width":15.3163}],"r":[[-0.771518,0.617176,0.154447],[-0.177923,-0.442384,0.878999],[0.610822,0.650684,0.451117]],"s":1.30221,"t":[9.63766,189.909,-43.0137],"timestamp":89180299852},