{"sensorType":"Leap","data":[[0,{"currentFrameRate":55.3346,"devices":[],"gestures":[],"hands":[{"armBasis":[[0.989382,-0.092212,-0.112344],[0.115992,0.966722,0.228021],[0.0875787,-0.238631,0.967153]],"armWidth":60.1587,"confidence":0.774015,"direction":[0.0600805,0.61473,-0.786446],"elbow":[44.0076,178.826,319.177],"grabStrength":0,"id":434,"palmNormal":[-0.0999772,-0.780202,-0.617487],"palmPosition":[17.1906,268.647,30.1323],"palmVelocity":[9.57298,115.822,-139.094],"palmWidth":85.9046,"pinchStrength":0.755484,"r":[[0.142307,-0.00612997,0.989804],[-0.819927,0.559458,0.121348],[-0.554498,-0.828836,0.0745889]],"s":2.00002,"sphereCenter":[22.8278,239.052,-11.8104],"sphereRadius":46.2265,"stabilizedPalmPosition":[15.4098,256.973,43.2699],"t":[115.535,18.3243,-115.553],"timeVisible":35.9094,"type":"right","wrist":[21.6829,239.656,72.6404]}],"id":1436769,"interactionBox":{"center":[0,200,0],"size":[235.247,235.247,147.751]},"pointables":[{"bases":[[[0.500797,0.77122,0.392967],[-0.778037,0.202145,0.594808],[0.379291,-0.60362,0.701271]],[[0.329511,0.937434,0.11243],[-0.870556,0.255572,0.420494],[0.365451,-0.236434,0.900303]],[[0.329511,0.937434,0.11243],[-0.943808,0.323836,0.0659983],[0.0254603,-0.127859,0.991465]],[[0.329511,0.937434,0.11243],[-0.866092,0.347528,-0.359318],[-0.375909,0.0210251,0.926418]]],"btipPosition":[-15.9981,247.623,-25.5367],"carpPosition":[-6.26162,232.829,69.2776],"dipPosition":[-24.3041,248.088,-5.06694],"direction":[-0.0254603,0.127859,-0.991466],"extended":false,"handId":434,"id":4340,"length":49.2036,"mcpPosition":[-6.26162,232.829,69.2776],"pipPosition":[-23.4845,243.972,26.8484],"stabilizedTipPosition":[-20.3347,238.874,-12.1782],"timeVisible":35.9094,"tipPosition":[-19.2889,247.636,-21.0037],"tipVelocity":[38.3361,150.368,-144.476],"tool":false,"touchDistance":-0.658049,"touchZone":"hovering","type":0,"width":19.1182},{"bases":[[[0.989162,-0.0108684,-0.146423],[0.0829203,0.864347,0.496013],[0.121169,-0.502778,0.855881]],[[0.989878,-0.0139128,-0.141237],[0.033028,0.990442,0.133915],[0.138024,-0.137225,0.980877]],[[0.989878,-0.0139128,-0.141237],[-0.00700601,0.989179,-0.146543],[0.141748,0.14605,0.979069]],[[0.989878,-0.0139128,-0.141237],[-0.0348667,0.940842,-0.337047],[0.137571,0.33856,0.930834]]],"btipPosition":[-15.7148,284.255,-63.9695],"carpPosition":[3.75358,252.561,72.6206],"dipPosition":[-13.4956,289.716,-48.9545],"direction":[-0.141748,-0.14605,-0.979069],"extended":true,"handId":434,"id":4341,"length":55.5208,"mcpPosition":[-4.66258,287.483,13.173],"pipPosition":[-10.261,293.049,-26.6126],"stabilizedTipPosition":[-16.1133,280.222,-55.6563],"timeVisible":35.9094,"tipPosition":[-14.9685,284.668,-60.436],"tipVelocity":[24.0249,157.129,-139.932],"tool":false,"touchDistance":-0.614248,"touchZone":"touching","type":1,"width":18.2617},{"bases":[[[0.967712,-0.225885,-0.111842],[0.251596,0.838818,0.482788],[-0.0152393,-0.495339,0.868566]],[[0.966569,-0.243254,-0.0810703],[0.129294,0.735429,-0.665152],[0.221422,0.632434,0.742294]],[[0.966569,-0.243254,-0.0810703],[-0.0479041,0.139292,-0.989092],[0.251893,0.959909,0.122983]],[[0.966569,-0.243254,-0.0810703],[-0.129755,-0.191335,-0.97291],[0.221152,0.950904,-0.216502]]],"btipPosition":[-4.56369,215.311,-19.1932],"carpPosition":[15.1949,254.105,71.2579],"dipPosition":[-0.640062,232.182,-23.0343],"direction":[-0.251893,-0.959909,-0.122983],"extended":false,"handId":434,"id":4342,"length":63.2615,"mcpPosition":[16.1987,286.732,14.0466],"pipPosition":[6.12252,257.952,-19.7326],"stabilizedTipPosition":[-3.82548,217.611,-18.865],"timeVisible":35.9094,"tipPosition":[-3.46197,220.652,-22.4884],"tipVelocity":[11.2179,94.3485,-72.4357],"tool":false,"touchDistance":-0.454664,"touchZone":"touching","type":2,"width":17.9355},{"bases":[[[0.933184,-0.358903,-0.0188808],[0.319478,0.804318,0.501005],[-0.164626,-0.473562,0.865238]],[[0.939395,-0.338225,-0.0560381],[0.191009,0.652074,-0.733699],[0.284697,0.67853,0.677159]],[[0.939395,-0.338225,-0.0560381],[-0.0467592,0.0355267,-0.998274],[0.339632,0.940394,0.0175585]],[[0.939395,-0.338225,-0.0560381],[-0.153211,-0.267938,-0.951176],[0.306697,0.902116,-0.303519]]],"btipPosition":[10.0233,211.471,-5.13415],"carpPosition":[26.5895,252.595,69.7047],"dipPosition":[15.4334,227.384,-10.4882],"direction":[-0.339633,-0.940394,-0.0175585],"extended":false,"handId":434,"id":4343,"length":60.8276,"mcpPosition":[36.3253,280.601,18.5353],"pipPosition":[24.3161,251.978,-10.0289],"stabilizedTipPosition":[11.175,213.271,-4.52525],"timeVisible":35.9094,"tipPosition":[11.5702,216.277,-8.65642],"tipVelocity":[7.39675,108.15,-103.921],"tool":false,"touchDistance":0.333333,"touchZone":"none","type":3,"width":17.0667},{"bases":[[[0.842157,-0.539231,-0.00113127],[0.444925,0.693685,0.56643],[-0.304652,-0.477526,0.824109]],[[0.766922,-0.621731,0.159],[0.543538,0.497592,-0.675995],[0.34117,0.604858,0.719549]],[[0.766922,-0.621731,0.159],[0.177917,-0.0320585,-0.983523],[0.616584,0.782575,0.0860298]],[[0.766922,-0.621731,0.159],[-0.0279408,-0.279879,-0.959629],[0.641131,0.731518,-0.232017]]],"btipPosition":[20.3638,224.028,-0.0281087],"carpPosition":[36.8941,244.433,66.9209],"dipPosition":[30.7972,235.932,-3.80382],"direction":[-0.616584,-0.782575,-0.0860298],"extended":false,"handId":434,"id":4344,"length":47.6877,"mcpPosition":[53.5721,270.575,21.8055],"pipPosition":[42.1828,250.383,-2.21522],"stabilizedTipPosition":[22.9828,224.147,1.41694],"timeVisible":35.9094,"tipPosition":[23.8807,227.529,-2.92245],"tipVelocity":[-9.72289,110.081,-96.1693],"tool":false,"touchDistance":-0.480317,"touchZone":"touching","type":4,"width":15.16}],"r":[[0.142307,-0.00612997,0.989804],[-0.819927,0.559458,0.121348],[-0.554498,-0.828836,0.0745889]],"s":2.00002,"t":[115.535,18.3243,-115.553],"timestamp":89146152482},false],[1,{"currentFrameRate":55.3203,"devices":[],"gestures":[],"hands":[{"armBasis":[[0.989582,-0.0874534,-0.114362],[0.112181,0.966275,0.231791],[0.0902339,-0.242206,0.96602]],"armWidth":60.1587,"confidence":0.780747,"direction":[0.0589658,0.61774,-0.784168],"elbow":[44.4186,179.824,316.749],"grabStrength":0,"id":434,"palmNormal":[-0.0962949,-0.778352,-0.620399],"palmPosition":[16.8799,270.69,28.0905],"palmVelocity":[-3.14775,114.349,-126.5],"palmWidth":85.9046,"pinchStrength":0.730881,"r":[[0.139718,-0.0115904,0.990123],[-0.819664,0.559655,0.122216],[-0.555544,-0.828645,0.0686939]],"s":2.00687,"sphereCenter":[22.2045,241.484,-13.8234],"sphereRadius":46.0001,"stabilizedPalmPosition":[15.5841,258.599,41.4702],"t":[115.459,20.3874,-117.827],"timeVisible":35.9275,"type":"right","wrist":[21.4171,241.564,70.5015]}],"id":1436770,"interactionBox":{"center":[0,200,0],"size":[235.247,235.247,147.751]},"pointables":[{"bases":[[[0.497459,0.771614,0.396417],[-0.779595,0.19722,0.594421],[0.380482,-0.604744,0.699655]],[[0.328638,0.936775,0.120207],[-0.869989,0.250728,0.424563],[0.367581,-0.244106,0.897383]],[[0.328638,0.936775,0.120207],[-0.944375,0.324274,0.0547875],[0.0123435,-0.131526,0.991236]],[[0.328638,0.936775,0.120207],[-0.86015,0.349432,-0.371537],[-0.390051,0.0187051,0.920603]]],"btipPosition":[-15.6001,249.974,-27.466],"carpPosition":[-6.4979,234.649,67.0749],"dipPosition":[-24.2185,250.387,-7.12468],"direction":[-0.0123435,0.131526,-0.991236],"extended":false,"handId":434,"id":4340,"length":49.2036,"mcpPosition":[-6.4979,234.649,67.0749],"pipPosition":[-23.8211,246.153,24.7832],"stabilizedTipPosition":[-19.7097,241.416,-14.5872],"timeVisible":35.9275,"tipPosition":[-18.9785,249.896,-23.0049],"tipVelocity":[28.6512,140.212,-127.14],"tool":false,"touchDistance":-0.64996,"touchZone":"touching","type":0,"width":19.1182},{"bases":[[[0.9894,-0.00678273,-0.14506],[0.079105,0.862868,0.499201],[0.121781,-0.505385,0.854257]],[[0.989883,-0.00882397,-0.141608],[0.0288767,0.989704,0.140186],[0.138913,-0.142857,0.979947]],[[0.989883,-0.00882397,-0.141608],[-0.01102,0.990268,-0.138739],[0.141454,0.138896,0.980152]],[[0.989883,-0.00882397,-0.141608],[-0.038622,0.943617,-0.328779],[0.136525,0.330922,0.93373]]],"btipPosition":[-16.082,286.795,-66.0088],"carpPosition":[3.44133,254.405,70.5023],"dipPosition":[-13.8797,292.133,-50.9471],"direction":[-0.141454,-0.138896,-0.980152],"extended":true,"handId":434,"id":4341,"length":55.5208,"mcpPosition":[-5.01733,289.508,11.1674],"pipPosition":[-10.6518,295.302,-28.5805],"stabilizedTipPosition":[-15.9296,282.886,-58.0089],"timeVisible":35.9275,"tipPosition":[-15.3098,287.149,-62.47],"tipVelocity":[2.83825,148.281,-126.592],"tool":false,"touchDistance":-0.611585,"touchZone":"touching","type":1,"width":18.2617},{"bases":[[[0.968677,-0.221998,-0.111275],[0.24789,0.837994,0.486124],[-0.0146711,-0.498481,0.866776]],[[0.96763,-0.238692,-0.0819619],[0.119811,0.720307,-0.68323],[0.222119,0.651294,0.725589]],[[0.96763,-0.238692,-0.0819619],[-0.0562677,0.112547,-0.992052],[0.24602,0.964551,0.0954733]],[[0.96763,-0.238692,-0.0819619],[-0.134838,-0.214438,-0.967386],[0.213332,0.947123,-0.239682]]],"btipPosition":[-4.65242,216.492,-19.262],"carpPosition":[14.8789,255.995,69.1613],"dipPosition":[-0.867547,233.296,-23.5144],"direction":[-0.24602,-0.964551,-0.0954733],"extended":false,"handId":434,"id":4342,"length":63.2615,"mcpPosition":[15.8452,288.829,12.0678],"pipPosition":[5.73737,259.191,-20.9512],"stabilizedTipPosition":[-3.80137,219.131,-19.6259],"timeVisible":35.9275,"tipPosition":[-3.60317,221.838,-22.7385],"tipVelocity":[2.70761,80.0437,-42.2379],"tool":false,"touchDistance":-0.439981,"touchZone":"touching","type":2,"width":17.9355},{"bases":[[[0.934498,-0.355469,-0.0188359],[0.315871,0.803674,0.504315],[-0.164131,-0.477231,0.863314]],[[0.940774,-0.334292,-0.0565147],[0.187693,0.652352,-0.734308],[0.28234,0.68021,0.67646]],[[0.940774,-0.334292,-0.0565147],[-0.0477197,0.0344706,-0.998266],[0.33566,0.941839,0.0164767]],[[0.940774,-0.334292,-0.0565147],[-0.152597,-0.268656,-0.951072],[0.302752,0.903367,-0.303757]]],"btipPosition":[9.95847,213.493,-7.04424],"carpPosition":[26.281,254.531,67.6189],"dipPosition":[15.299,229.428,-12.4024],"direction":[-0.33566,-0.941839,-0.0164767],"extended":false,"handId":434,"id":4343,"length":60.8276,"mcpPosition":[35.9875,282.754,16.5633],"pipPosition":[24.0777,254.061,-11.9715],"stabilizedTipPosition":[11.1798,214.866,-6.06495],"timeVisible":35.9275,"tipPosition":[11.4676,218.256,-10.4711],"tipVelocity":[1.75033,109.921,-104.64],"tool":false,"touchDistance":0.333333,"touchZone":"none","type":3,"width":17.0667},{"bases":[[[0.844098,-0.536185,-0.00185689],[0.441624,0.693261,0.569524],[-0.304083,-0.481554,0.821973]],[[0.771203,-0.617706,0.1539],[0.535311,0.498435,-0.681913],[0.344512,0.608277,0.715059]],[[0.771203,-0.617706,0.1539],[0.168984,-0.0344392,-0.985017],[0.613751,0.785655,0.077823]],[[0.771203,-0.617706,0.1539],[-0.0344839,-0.281939,-0.958812],[0.635655,0.734132,-0.238733]]],"btipPosition":[20.0873,226.018,-1.60074],"carpPosition":[36.6189,246.416,64.8206],"dipPosition":[30.4316,237.965,-5.48576],"direction":[-0.613751,-0.785655,-0.077823],"extended":false,"handId":434,"id":4344,"length":47.6877,"mcpPosition":[53.2658,272.779,19.8221],"pipPosition":[41.765,252.473,-4.0487],"stabilizedTipPosition":[22.7764,225.994,-0.146672],"timeVisible":35.9275,"tipPosition":[23.509,229.502,-4.45141],"tipVelocity":[-12.8937,110.211,-92.3502],"tool":false,"touchDistance":-0.484585,"touchZone":"touching","type":4,"width":15.16}],"r":[[0.139718,-0.0115904,0.990123],[-0.819664,0.559655,0.122216],[-0.555544,-0.828645,0.0686939]],"s":2.00687,"t":[115.459,20.3874,-117.827],"timestamp":89146170608},false],[2,{"currentFrameRate":55.2784,"devices":[],"gestures":[],"hands":[{"armBasis":[[0.990372,-0.0823585,-0.11127],[0.106519,0.966735,0.232543],[0.0884164,-0.242156,0.9662]],"armWidth":60.1587,"confidence":0.792691,"direction":[0.0557854,0.62663,-0.777318],"elbow":[43.7997,182.108,314.069],"grabStrength":0,"id":434,"palmNormal":[-0.0914015,-0.772056,-0.628948],"palmPosition":[16.5774,273.398,25.6833],"palmVelocity":[-9.57281,130.682,-129.135],"palmWidth":85.9046,"pinchStrength":0.713486,"r":[[0.137541,-0.0179669,0.990333],[-0.820126,0.558578,0.124036],[-0.555406,-0.829258,0.062092]],"s":2.01359,"sphereCenter":[21.7728,244.812,-16.4732],"sphereRadius":45.8842,"stabilizedPalmPosition":[15.7215,260.646,39.287],"t":[115.269,22.7729,-120.167],"timeVisible":35.9458,"type":"right","wrist":[21.2615,243.836,67.7755]}],"id":1436771,"interactionBox":{"center":[0,200,0],"size":[235.247,235.247,147.751]},"pointables":[{"bases":[[[0.492721,0.770115,0.405152],[-0.781062,0.186139,0.596066],[0.383625,-0.610143,0.693222]],[[0.325459,0.935987,0.13418],[-0.870026,0.240856,0.430165],[0.370311,-0.256742,0.892723]],[[0.325459,0.935987,0.13418],[-0.945548,0.321576,0.0502787],[0.00391104,-0.143238,0.989681]],[[0.325459,0.935987,0.13418],[-0.857731,0.351967,-0.374723],[-0.397963,0.00686651,0.917376]]],"btipPosition":[-15.3953,253.355,-29.9437],"carpPosition":[-6.6107,236.796,64.2561],"dipPosition":[-24.1885,253.507,-9.67373],"direction":[-0.00391104,0.143238,-0.989681],"extended":false,"handId":434,"id":4340,"length":49.2036,"mcpPosition":[-6.6107,236.796,64.2561],"pipPosition":[-24.0626,248.896,22.1841],"stabilizedTipPosition":[-19.0792,244.71,-17.5294],"timeVisible":35.9458,"tipPosition":[-18.7845,253.137,-25.5287],"tipVelocity":[19.2671,160.251,-131.748],"tool":false,"touchDistance":-0.650709,"touchZone":"touching","type":0,"width":19.1182},{"bases":[[[0.989502,0.000585033,-0.144517],[0.0737845,0.857793,0.508673],[0.124263,-0.513996,0.848744]],[[0.989795,-0.000639351,-0.142495],[0.0226817,0.987947,0.153119],[0.140679,-0.154788,0.97788]],[[0.989795,-0.000639351,-0.142495],[-0.0172701,0.99208,-0.124413],[0.141446,0.125604,0.981945]],[[0.989795,-0.000639351,-0.142495],[-0.0446415,0.948259,-0.314343],[0.135323,0.317496,0.938554]]],"btipPosition":[-16.5368,290.563,-68.2572],"carpPosition":[3.21099,256.571,67.9058],"dipPosition":[-14.3539,295.684,-53.1177],"direction":[-0.141446,-0.125604,-0.981945],"extended":true,"handId":434,"id":4341,"length":55.5208,"mcpPosition":[-5.42006,292.272,8.95389],"pipPosition":[-11.1262,298.55,-30.7102],"stabilizedTipPosition":[-15.9715,286.42,-60.7092],"timeVisible":35.9458,"tipPosition":[-15.7448,290.853,-64.7131],"tipVelocity":[-10.5619,174.878,-124.55],"tool":false,"touchDistance":-0.612218,"touchZone":"touching","type":1,"width":18.2617},{"bases":[[[0.970019,-0.215104,-0.113104],[0.24272,0.834049,0.495428],[-0.012234,-0.508027,0.861254]],[[0.969102,-0.231588,-0.0849042],[0.1114,0.71804,-0.687029],[0.220072,0.656342,0.721653]],[[0.969102,-0.231588,-0.0849042],[-0.0616318,0.105949,-0.99246],[0.238838,0.967027,0.0884021]],[[0.969102,-0.231588,-0.0849042],[-0.137046,-0.219336,-0.965976],[0.205086,0.947765,-0.244297]]],"btipPosition":[-4.61979,219.061,-21.0193],"carpPosition":[14.6398,258.242,66.5894],"dipPosition":[-0.981202,235.876,-25.3536],"direction":[-0.238838,-0.967027,-0.0884021],"extended":false,"handId":434,"id":4342,"length":63.2615,"mcpPosition":[15.4456,291.705,9.85967],"pipPosition":[5.4309,261.837,-22.9802],"stabilizedTipPosition":[-3.79082,221.301,-20.9923],"timeVisible":35.9458,"tipPosition":[-3.63637,224.349,-24.4147],"tipVelocity":[1.38638,109.192,-68.616],"tool":false,"touchDistance":-0.450958,"touchZone":"touching","type":2,"width":17.9355},{"bases":[[[0.936571,-0.349778,-0.0221545],[0.310889,0.79993,0.513283],[-0.161813,-0.487614,0.857933]],[[0.942843,-0.327734,-0.0603089],[0.18089,0.655343,-0.733352],[0.279867,0.680527,0.677169]],[[0.942843,-0.327734,-0.0603089],[-0.0513513,0.0359258,-0.998034],[0.329256,0.944087,0.0170429]],[[0.942843,-0.327734,-0.0603089],[-0.153543,-0.266631,-0.951489],[0.295755,0.906365,-0.301713]]],"btipPosition":[9.98678,216.313,-9.38762],"carpPosition":[26.0511,256.862,65.038],"dipPosition":[15.2038,232.301,-14.7098],"direction":[-0.329256,-0.944087,-0.0170429],"extended":false,"handId":434,"id":4343,"length":60.8276,"mcpPosition":[35.6206,285.699,14.3006],"pipPosition":[23.8151,256.993,-14.264],"stabilizedTipPosition":[11.1824,216.76,-7.74554],"timeVisible":35.9458,"tipPosition":[11.4441,221.072,-12.7629],"tipVelocity":[0.911169,131.627,-115.836],"tool":false,"touchDistance":0.333333,"touchZone":"none","type":3,"width":17.0667},{"bases":[[[0.847219,-0.531195,-0.00721182],[0.43725,0.689545,0.577355],[-0.301715,-0.4923,0.816461]],[[0.776631,-0.613225,0.144218],[0.526093,0.505435,-0.683931],[0.346511,0.607034,0.71515]],[[0.776631,-0.613225,0.144218],[0.160695,-0.0285097,-0.986592],[0.609115,0.789393,0.0764009]],[[0.776631,-0.613225,0.144218],[-0.0397186,-0.276143,-0.960295],[0.628702,0.740067,-0.238818]]],"btipPosition":[19.9086,228.905,-3.9376],"carpPosition":[36.4379,248.839,62.1574],"dipPosition":[30.1398,240.949,-7.824],"direction":[-0.609115,-0.789393,-0.0764009],"extended":false,"handId":434,"id":4344,"length":47.6877,"mcpPosition":[52.9551,275.79,17.4607],"pipPosition":[41.3875,255.525,-6.4132],"stabilizedTipPosition":[22.5684,228.29,-2.04051],"timeVisible":35.9458,"tipPosition":[23.2493,232.415,-6.74097],"tipVelocity":[-12.0964,133.794,-109.478],"tool":false,"touchDistance":-0.499518,"touchZone":"touching","type":4,"width":15.16}],"r":[[0.137541,-0.0179669,0.990333],[-0.820126,0.558578,0.124036],[-0.555406,-0.829258,0.062092]],"s":2.01359,"t":[115.269,22.7729,-120.167],"timestamp":89146188843},false],[3,{"currentFrameRate":55.25,"devices":[],"gestures":[],"hands":[{"armBasis":[[0.991448,-0.0759602,-0.106119],[0.100495,0.96315,0.249483],[0.0832579,-0.258014,0.962547]],"armWidth":60.1587,"confidence":0.807438,"direction":[0.0550419,0.640613,-0.765888],"elbow":[42.1288,180.868,309.854],"grabStrength":0,"id":434,"palmNormal":[-0.085073,-0.761253,-0.64285],"palmPosition":[16.2051,276.917,22.9138],"palmVelocity":[-14.7722,160.61,-140.141],"palmWidth":85.9046,"pinchStrength":0.703117,"r":[[0.135135,-0.0264355,0.990475],[-0.821186,0.556376,0.126887],[-0.55443,-0.83051,0.0534771]],"s":2.0198,"sphereCenter":[21.4357,249.188,-19.6865],"sphereRadius":45.8152,"stabilizedPalmPosition":[15.8093,263.601,36.3134],"t":[114.988,25.7251,-122.722],"timeVisible":35.964,"type":"right","wrist":[20.9056,246.638,64.4916]}],"id":1436772,"interactionBox":{"center":[0,200,0],"size":[235.247,235.247,147.751]},"pointables":[{"bases":[[[0.487158,0.765433,0.420464],[-0.784087,0.171348,0.596529],[0.384557,-0.620284,0.683639]],[[0.322077,0.933925,0.15508],[-0.87127,0.228327,0.434459],[0.370343,-0.275046,0.88724]],[[0.322077,0.933925,0.15508],[-0.946701,0.318551,0.047768],[-0.00478926,-0.1622,0.986746]],[[0.322077,0.933925,0.15508],[-0.855598,0.357265,-0.374585],[-0.405239,-0.0120412,0.914132]]],"btipPosition":[-15.2612,257.962,-33.025],"carpPosition":[-6.91594,239.513,60.7502],"dipPosition":[-24.2152,257.696,-12.8268],"direction":[0.00478926,0.1622,-0.986746],"extended":false,"handId":434,"id":4340,"length":49.2036,"mcpPosition":[-6.91594,239.513,60.7502],"pipPosition":[-24.3694,252.475,18.9366],"stabilizedTipPosition":[-18.4381,249.519,-21.4849],"timeVisible":35.964,"tipPosition":[-18.6274,257.573,-28.6575],"tipVelocity":[12.6149,202.1,-150.122],"tool":false,"touchDistance":-0.660439,"touchZone":"touching","type":0,"width":19.1182},{"bases":[[[0.989972,0.00844742,-0.141013],[0.0674023,0.849015,0.524053],[0.124149,-0.528302,0.839931]],[[0.990065,0.00804934,-0.14038],[0.016373,0.984969,0.171952],[0.139654,-0.172542,0.975052]],[[0.990065,0.00804934,-0.14038],[-0.0228541,0.994297,-0.104172],[0.138741,0.106345,0.984602]],[[0.990065,0.00804934,-0.14038],[-0.0494726,0.954466,-0.294189],[0.13162,0.298211,0.945382]]],"btipPosition":[-16.7908,295.728,-70.8226],"carpPosition":[2.786,259.272,64.7843],"dipPosition":[-14.6677,300.538,-55.5729],"direction":[-0.138741,-0.106345,-0.984602],"extended":true,"handId":434,"id":4341,"length":55.5208,"mcpPosition":[-5.83714,295.967,6.44455],"pipPosition":[-11.5017,302.965,-33.1048],"stabilizedTipPosition":[-16.1221,291.157,-63.7139],"timeVisible":35.964,"tipPosition":[-15.9876,295.948,-67.2709],"tipVelocity":[-12.5453,225.027,-131.726],"tool":false,"touchDistance":-0.61743,"touchZone":"touching","type":1,"width":18.2617},{"bases":[[[0.97155,-0.207867,-0.113497],[0.236508,0.826415,0.510981],[-0.0124201,-0.523287,0.852066]],[[0.970625,-0.224866,-0.0855763],[0.108441,0.726371,-0.678694],[0.214775,0.649477,0.729418]],[[0.970625,-0.224866,-0.0855763],[-0.0605863,0.115784,-0.991425],[0.232846,0.967486,0.0987594]],[[0.970625,-0.224866,-0.0855763],[-0.133925,-0.209467,-0.968601],[0.19988,0.951609,-0.233429]]],"btipPosition":[-4.54301,223.083,-24.29],"carpPosition":[14.21,261.027,63.5378],"dipPosition":[-0.996796,239.966,-28.4314],"direction":[-0.232846,-0.967486,-0.0987594],"extended":false,"handId":434,"id":4342,"length":63.2615,"mcpPosition":[15.0281,295.496,7.4133],"pipPosition":[5.25444,265.94,-25.78],"stabilizedTipPosition":[-3.75556,224.449,-23.3541],"timeVisible":35.964,"tipPosition":[-3.59437,228.334,-27.4985],"tipVelocity":[2.1815,163.002,-120.504],"tool":false,"touchDistance":-0.48259,"touchZone":"touching","type":2,"width":17.9355},{"bases":[[[0.938521,-0.34431,-0.0250666],[0.3048,0.79235,0.528468],[-0.162096,-0.503619,0.848583]],[[0.944885,-0.32121,-0.0633723],[0.176558,0.662917,-0.727577],[0.275716,0.676288,0.683092]],[[0.944885,-0.32121,-0.0633723],[-0.0521649,0.0433873,-0.997696],[0.323219,0.946014,0.0242401]],[[0.944885,-0.32121,-0.0633723],[-0.151999,-0.258937,-0.95386],[0.28998,0.91092,-0.293489]]],"btipPosition":[10.0211,220.182,-12.4536],"carpPosition":[25.6339,259.736,62.0022],"dipPosition":[15.1363,236.25,-17.6307],"direction":[-0.323219,-0.946014,-0.0242401],"extended":false,"handId":434,"id":4343,"length":60.8276,"mcpPosition":[35.2201,289.52,11.8178],"pipPosition":[23.5897,260.992,-16.9967],"stabilizedTipPosition":[11.1877,219.265,-9.82144],"timeVisible":35.964,"tipPosition":[11.4377,224.952,-15.7442],"tipVelocity":[0.762465,170.768,-140.096],"tool":false,"touchDistance":0.28279,"touchZone":"hovering","type":3,"width":17.0667},{"bases":[[[0.850103,-0.526439,-0.0136553],[0.431537,0.681524,0.591017],[-0.301828,-0.508318,0.806544]],[[0.78074,-0.610369,0.133774],[0.521192,0.518022,-0.678242],[0.34468,0.599252,0.72256]],[[0.78074,-0.610369,0.133774],[0.158115,-0.0141407,-0.98732],[0.604521,0.791991,0.085468]],[[0.78074,-0.610369,0.133774],[-0.0400006,-0.262469,-0.964111],[0.623575,0.747369,-0.229335]]],"btipPosition":[19.78,232.857,-7.10489],"carpPosition":[36.0737,251.821,59.0163],"dipPosition":[29.9277,245.019,-10.837],"direction":[-0.604521,-0.791991,-0.085468],"extended":false,"handId":434,"id":4344,"length":47.6877,"mcpPosition":[52.5971,279.649,14.8625],"pipPosition":[41.0906,259.644,-9.25874],"stabilizedTipPosition":[22.3824,231.305,-4.46475],"timeVisible":35.964,"tipPosition":[23.0528,236.404,-9.80246],"tipVelocity":[-10.1986,174.321,-139.376],"tool":false,"touchDistance":-0.524876,"touchZone":"touching","type":4,"width":15.16}],"r":[[0.135135,-0.0264355,0.990475],[-0.821186,0.556376,0.126887],[-0.55443,-0.83051,0.0534771]],"s":2.0198,"t":[114.988,25.7251,-122.722],"timestamp":89146207041},false],[4,{"currentFrameRate":55.3336,"devices":[],"gestures":[],"hands":[{"armBasis":[[0.991422,-0.0729607,-0.108441],[0.0974696,0.965488,0.241523],[0.0870763,-0.250021,0.964317]],"armWidth":60.1587,"confidence":0.816873,"direction":[0.0550298,0.651398,-0.756738],"elbow":[42.6691,184.621,308.485],"grabStrength":0,"id":434,"palmNormal":[-0.0813918,-0.752438,-0.653615],"palmPosition":[15.7842,279.197,21.5092],"palmVelocity":[-18.9502,145.391,-111.418],"palmWidth":85.9046,"pinchStrength":0.696243,"r":[[0.132764,-0.0359036,0.990497],[-0.822412,0.553767,0.130308],[-0.553183,-0.831897,0.043993]],"s":2.02585,"sphereCenter":[21.0006,252.138,-21.443],"sphereRadius":45.7927,"stabilizedPalmPosition":[15.8036,267.131,32.9626],"t":[114.637,28.3411,-124.702],"timeVisible":35.9817,"type":"right","wrist":[20.4725,248.354,62.6714]}],"id":1436773,"interactionBox":{"center":[0,200,0],"size":[235.247,235.247,147.751]},"pointables":[{"bases":[[[0.483988,0.760851,0.432275],[-0.785977,0.160799,0.596979],[0.384703,-0.628688,0.675836]],[[0.320695,0.931563,0.171303],[-0.871759,0.219568,0.437979],[0.370392,-0.289793,0.882513]],[[0.320695,0.931563,0.171303],[-0.947102,0.317739,0.045167],[-0.0123537,-0.176726,0.984183]],[[0.320695,0.931563,0.171303],[-0.854523,0.362568,-0.371934],[-0.408589,-0.0271049,0.912316]]],"btipPosition":[-15.3498,261.148,-34.6656],"carpPosition":[-7.31972,241.203,58.7643],"dipPosition":[-24.3778,260.549,-14.5074],"direction":[0.0123537,0.176726,-0.984183],"extended":false,"handId":434,"id":4340,"length":49.2036,"mcpPosition":[-7.31972,241.203,58.7643],"pipPosition":[-24.7755,254.86,17.1734],"stabilizedTipPosition":[-18.0283,254.173,-24.9453],"timeVisible":35.9817,"tipPosition":[-18.6792,260.633,-30.3239],"tipVelocity":[3.90103,189.299,-123.187],"tool":false,"touchDistance":-0.647476,"touchZone":"touching","type":0,"width":19.1182},{"bases":[[[0.990274,0.0131955,-0.138505],[0.0637524,0.8418,0.536012],[0.123666,-0.539629,0.832771]],[[0.990185,0.0135806,-0.139099],[0.0128643,0.982186,0.187468],[0.139167,-0.187418,0.972372]],[[0.990185,0.0135806,-0.139099],[-0.0258679,0.99588,-0.0869117],[0.137346,0.0896569,0.986457]],[[0.990185,0.0135806,-0.139099],[-0.0520236,0.959562,-0.276649],[0.129717,0.28117,0.950851]]],"btipPosition":[-17.1445,299.433,-72.0344],"carpPosition":[2.31648,260.931,63.097],"dipPosition":[-15.0521,303.969,-56.6966],"direction":[-0.137346,-0.0896569,-0.986457],"extended":true,"handId":434,"id":4341,"length":55.5208,"mcpPosition":[-6.27311,298.413,5.25455],"pipPosition":[-11.9179,306.015,-34.1861],"stabilizedTipPosition":[-16.404,296.011,-66.2103],"timeVisible":35.9817,"tipPosition":[-16.3319,299.576,-68.4758],"tipVelocity":[-16.1804,215.525,-101.328],"tool":false,"touchDistance":-0.601894,"touchZone":"touching","type":1,"width":18.2617},{"bases":[[[0.972402,-0.203533,-0.114055],[0.232952,0.81986,0.523033],[-0.012945,-0.535167,0.844647]],[[0.971458,-0.22093,-0.0863645],[0.107183,0.733621,-0.671053],[0.211614,0.642643,0.736362]],[[0.971458,-0.22093,-0.0863645],[-0.0595713,0.125195,-0.990342],[0.229608,0.967221,0.108461]],[[0.971458,-0.22093,-0.0863645],[-0.131813,-0.20007,-0.970875],[0.197216,0.954548,-0.223481]]],"btipPosition":[-4.70206,225.84,-26.1895],"carpPosition":[13.7384,262.736,61.9025],"dipPosition":[-1.20311,242.775,-30.1544],"direction":[-0.229608,-0.967221,-0.108461],"extended":false,"handId":434,"id":4342,"length":63.2615,"mcpPosition":[14.591,297.987,6.26672],"pipPosition":[4.96121,268.742,-27.2425],"stabilizedTipPosition":[-3.83256,227.32,-25.3896],"timeVisible":35.9817,"tipPosition":[-3.77216,231.065,-29.2492],"tipVelocity":[-3.33119,159.58,-113.003],"tool":false,"touchDistance":-0.490548,"touchZone":"touching","type":2,"width":17.9355},{"bases":[[[0.939552,-0.34129,-0.0276169],[0.301299,0.785746,0.540206],[-0.162667,-0.515873,0.841079]],[[0.945951,-0.317596,-0.0656495],[0.17391,0.667623,-0.723903],[0.273738,0.673359,0.686771]],[[0.945951,-0.317596,-0.0656495],[-0.0530823,0.0480727,-0.997432],[0.319936,0.947007,0.0286157]],[[0.945951,-0.317596,-0.0656495],[-0.151453,-0.253614,-0.955375],[0.286774,0.913681,-0.288007]]],"btipPosition":[9.81635,222.718,-14.0019],"carpPosition":[25.1694,261.498,60.3765],"dipPosition":[14.875,238.835,-19.0823],"direction":[-0.319936,-0.947007,-0.0286157],"extended":false,"handId":434,"id":4343,"length":60.8276,"mcpPosition":[34.7894,292.007,10.6359],"pipPosition":[23.2425,263.603,-18.3339],"stabilizedTipPosition":[11.116,221.737,-11.6682],"timeVisible":35.9817,"tipPosition":[11.2066,227.483,-17.2183],"tipVelocity":[-5.34764,157.833,-114.601],"tool":false,"touchDistance":0.258014,"touchZone":"hovering","type":3,"width":17.0667},{"bases":[[[0.851625,-0.523808,-0.0189611],[0.428203,0.674413,0.601506],[-0.302286,-0.520377,0.798644]],[[0.784404,-0.607897,0.123174],[0.51258,0.523507,-0.680589],[0.349246,0.596994,0.722237]],[[0.784404,-0.607897,0.123174],[0.146299,-0.0116513,-0.989172],[0.60275,0.79393,0.0797957]],[[0.784404,-0.607897,0.123174],[-0.0500334,-0.259956,-0.964323],[0.618229,0.750256,-0.234326]]],"btipPosition":[19.3374,235.344,-8.18648],"carpPosition":[35.6387,253.655,57.3054],"dipPosition":[29.3981,247.553,-11.9998],"direction":[-0.60275,-0.79393,-0.0797957],"extended":false,"handId":434,"id":4344,"length":47.6877,"mcpPosition":[52.1872,282.143,13.5841],"pipPosition":[40.5283,262.214,-10.5263],"stabilizedTipPosition":[22.0604,234.321,-6.49054],"timeVisible":35.9817,"tipPosition":[22.5621,238.914,-10.9393],"tipVelocity":[-17.6271,158.413,-102.974],"tool":false,"touchDistance":-0.517226,"touchZone":"touching","type":4,"width":15.16}],"r":[[0.132764,-0.0359036,0.990497],[-0.822412,0.553767,0.130308],[-0.553183,-0.831897,0.043993]],"s":2.02585,"t":[114.637,28.3411,-124.702],"timestamp":89146224824},false],[5,{"currentFrameRate":55.3334,"devices":[],"gestures":[],"hands":[{"armBasis":[[0.991201,-0.0687184,-0.113132],[0.0936213,0.968156,0.232183],[0.0935744,-0.240731,0.966071]],"armWidth":60.1587,"confidence":0.718156,"direction":[0.0520049,0.656413,-0.752607],"elbow":[44.0568,188.441,307.643],"grabStrength":0,"id":434,"palmNormal":[-0.0784268,-0.748615,-0.658351],"palmPosition":[15.3704,280.889,20.4183],"palmVelocity":[-20.8251,120.795,-87.1598],"palmWidth":85.9046,"pinchStrength":0.683324,"r":[[0.130981,-0.044626,0.99038],[-0.823856,0.550787,0.133776],[-0.551458,-0.833452,0.0353773]],"s":2.03267,"sphereCenter":[20.4783,254.194,-22.6785],"sphereRadius":45.7847,"stabilizedPalmPosition":[15.6856,270.88,29.5444],"t":[114.255,30.4952,-126.237],"timeVisible":35.9998,"type":"right","wrist":[20.2037,249.806,61.3825]}],"id":1436774,"interactionBox":{"center":[0,200,0],"size":[235.247,235.247,147.751]},"pointables":[{"bases":[[[0.480907,0.76014,0.436939],[-0.786445,0.153673,0.598238],[0.3876,-0.631325,0.671711]],[[0.318485,0.93076,0.179591],[-0.871391,0.212887,0.441992],[0.373156,-0.297262,0.878857]],[[0.318485,0.93076,0.179591],[-0.947784,0.315968,0.0432351],[-0.0165035,-0.183983,0.982791]],[[0.318485,0.93076,0.179591],[-0.856243,0.363758,-0.36678],[-0.406712,-0.0369598,0.912809]]],"btipPosition":[-15.6275,263.31,-35.7848],"carpPosition":[-7.5593,242.562,57.4389],"dipPosition":[-24.614,262.494,-15.6157],"direction":[0.0165035,0.183983,-0.982791],"extended":false,"handId":434,"id":4340,"length":49.2036,"mcpPosition":[-7.5593,242.562,57.4389],"pipPosition":[-25.1453,256.571,16.0203],"stabilizedTipPosition":[-17.8753,258.274,-27.7865],"timeVisible":35.9998,"tipPosition":[-18.8794,262.686,-31.4445],"tipVelocity":[-5.00266,154.883,-94.0132],"tool":false,"touchDistance":-0.627811,"touchZone":"touching","type":0,"width":19.1182},{"bases":[[[0.990161,0.018275,-0.138735],[0.060368,0.838645,0.541322],[0.126242,-0.544371,0.829291]],[[0.989872,0.019508,-0.140613],[0.00854103,0.980534,0.196161],[0.141703,-0.195376,0.970437]],[[0.989872,0.019508,-0.140613],[-0.030478,0.99662,-0.0762889],[0.138649,0.0798018,0.987121]],[[0.989872,0.019508,-0.140613],[-0.0566614,0.962486,-0.265348],[0.130162,0.270628,0.953844]]],"btipPosition":[-17.785,301.852,-72.981],"carpPosition":[1.99466,262.303,61.8937],"dipPosition":[-15.6854,306.217,-57.5949],"direction":[-0.138649,-0.0798019,-0.987121],"extended":true,"handId":434,"id":4341,"length":55.5208,"mcpPosition":[-6.77383,300.114,4.29293],"pipPosition":[-12.5215,308.038,-35.0692],"stabilizedTipPosition":[-16.9393,300.091,-68.1367],"timeVisible":35.9998,"tipPosition":[-16.9549,301.931,-69.4195],"tipVelocity":[-25.2871,175.683,-77.777],"tool":false,"touchDistance":-0.58407,"touchZone":"touching","type":1,"width":18.2617},{"bases":[[[0.973217,-0.198678,-0.115655],[0.229654,0.817506,0.52815],[-0.010383,-0.540565,0.841238]],[[0.972358,-0.216236,-0.0881033],[0.101987,0.732742,-0.672821],[0.210045,0.645237,0.734541]],[[0.972358,-0.216236,-0.0881033],[-0.0627097,0.121619,-0.990594],[0.224917,0.968737,0.104697]],[[0.972358,-0.216236,-0.0881033],[-0.133031,-0.202944,-0.970112],[0.191893,0.955016,-0.2261]]],"btipPosition":[-4.90902,227.456,-26.9301],"carpPosition":[13.4084,264.164,60.707],"dipPosition":[-1.50451,244.4,-30.9415],"direction":[-0.224917,-0.968737,-0.104697],"extended":false,"handId":434,"id":4342,"length":63.2615,"mcpPosition":[14.0923,299.77,5.29571],"pipPosition":[4.53387,270.407,-28.1307],"stabilizedTipPosition":[-3.99879,229.605,-26.785],"timeVisible":35.9998,"tipPosition":[-4.01679,232.649,-29.9599],"tipVelocity":[-7.76034,126.296,-79.0623],"tool":false,"touchDistance":-0.481096,"touchZone":"touching","type":2,"width":17.9355},{"bases":[[[0.940981,-0.337119,-0.0300821],[0.298151,0.783574,0.545085],[-0.160187,-0.521884,0.837841]],[[0.947249,-0.313237,-0.0678405],[0.167836,0.665133,-0.727618],[0.27304,0.677849,0.682619]],[[0.947249,-0.313237,-0.0678405],[-0.0582492,0.0398893,-0.997505],[0.315162,0.948837,0.0195393]],[[0.947249,-0.313237,-0.0678405],[-0.154659,-0.261349,-0.952773],[0.280714,0.913005,-0.296008]]],"btipPosition":[9.60546,224.334,-14.4637],"carpPosition":[24.8441,262.984,59.1695],"dipPosition":[14.5572,240.439,-19.6852],"direction":[-0.315162,-0.948837,-0.0195393],"extended":false,"handId":434,"id":4343,"length":60.8276,"mcpPosition":[34.3174,293.848,9.62036],"pipPosition":[22.7999,265.255,-19.1742],"stabilizedTipPosition":[10.9791,224.058,-13.1403],"timeVisible":35.9998,"tipPosition":[10.9492,229.069,-17.7303],"tipVelocity":[-8.99726,125.252,-73.1453],"tool":false,"touchDistance":0.249948,"touchZone":"hovering","type":3,"width":17.0667},{"bases":[[[0.853832,-0.520059,-0.0225565],[0.425547,0.672395,0.605636],[-0.2998,-0.52671,0.795422]],[[0.789737,-0.602714,0.114245],[0.499402,0.523518,-0.690309],[0.35625,0.602217,0.714438]],[[0.789737,-0.602714,0.114245],[0.128126,-0.0200661,-0.991555],[0.599916,0.797705,0.0613765]],[[0.789737,-0.602714,0.114245],[-0.0660239,-0.268664,-0.960969],[0.609882,0.751369,-0.251967]]],"btipPosition":[18.8624,236.978,-8.38261],"carpPosition":[35.3454,255.205,56.0454],"dipPosition":[28.7873,249.206,-12.483],"direction":[-0.599916,-0.797705,-0.0613765],"extended":false,"handId":434,"id":4344,"length":47.6877,"mcpPosition":[51.7578,284.04,12.5004],"pipPosition":[39.8651,263.936,-11.3496],"stabilizedTipPosition":[21.5841,237.168,-7.96605],"timeVisible":35.9998,"tipPosition":[22.0156,240.549,-11.266],"tipVelocity":[-22.5617,126.226,-60.9393],"tool":false,"touchDistance":-0.497769,"touchZone":"touching","type":4,"width":15.16}],"r":[[0.130981,-0.044626,0.99038],[-0.823856,0.550787,0.133776],[-0.551458,-0.833452,0.0353773]],"s":2.03267,"t":[114.255,30.4952,-126.237],"timestamp":89146242897},false],[6,{"currentFrameRate":55.3044,"devices":[],"gestures":[],"hands":[{"armBasis":[[0.99202,-0.0648302,-0.108133],[0.0886031,0.968646,0.232109],[0.0896948,-0.239838,0.966661]],"armWidth":60.1587,"confidence":0.7292,"direction":[0.0495873,0.666837,-0.743552],"elbow":[42.5943,190.986,305.717],"grabStrength":0,"id":434,"palmNormal":[-0.0738909,-0.739978,-0.66856],"palmPosition":[14.7888,283.736,18.7613],"palmVelocity":[-26.1522,137.878,-89.0569],"palmWidth":85.9046,"pinchStrength":0.664985,"r":[[0.12938,-0.0541672,0.990114],[-0.825594,0.547175,0.137817],[-0.549231,-0.835264,0.0260735]],"s":2.03971,"sphereCenter":[19.7879,257.762,-24.6367],"sphereRadius":45.7263,"stabilizedPalmPosition":[15.3825,275.225,25.8999],"t":[113.773,32.9958,-127.833],"timeVisible":36.018,"type":"right","wrist":[19.7302,252.123,59.3052]}],"id":1436775,"interactionBox":{"center":[0,200,0],"size":[235.247,235.247,147.751]},"pointables":[{"bases":[[[0.476567,0.756529,0.447825],[-0.787908,0.141583,0.599295],[0.38998,-0.63845,0.663549]],[[0.315081,0.928857,0.194803],[-0.872057,0.202359,0.445609],[0.374487,-0.310282,0.873776]],[[0.315081,0.928857,0.194803],[-0.948817,0.312983,0.0422869],[-0.0216915,-0.198156,0.97993]],[[0.315081,0.928857,0.194803],[-0.859167,0.36636,-0.357228],[-0.403182,-0.0548129,0.913477]]],"btipPosition":[-16.0333,267.008,-37.6778],"carpPosition":[-7.99138,244.795,55.2291],"dipPosition":[-24.9419,265.796,-17.494],"direction":[0.0216915,0.198156,-0.97993],"extended":false,"handId":434,"id":4340,"length":49.2036,"mcpPosition":[-7.99138,244.795,55.2291],"pipPosition":[-25.6401,259.418,14.05],"stabilizedTipPosition":[-17.9812,262.601,-30.4726],"timeVisible":36.018,"tipPosition":[-19.194,266.241,-33.3313],"tipVelocity":[-12.7956,175.63,-98.7437],"tool":false,"touchDistance":-0.621708,"touchZone":"touching","type":0,"width":19.1182},{"bases":[[[0.990219,0.02512,-0.137245],[0.055517,0.8315,0.552744],[0.128004,-0.554957,0.821972]],[[0.989684,0.027401,-0.140622],[0.00317682,0.977101,0.212751],[0.143232,-0.211003,0.966934]],[[0.989684,0.027401,-0.140622],[-0.0357612,0.997718,-0.0572726],[0.138732,0.0617106,0.988405]],[[0.989684,0.027401,-0.140622],[-0.0616972,0.967375,-0.24572],[0.129302,0.251861,0.959087]]],"btipPosition":[-18.4941,306.155,-74.3746],"carpPosition":[1.45801,264.521,59.9636],"dipPosition":[-16.4083,310.218,-58.9038],"direction":[-0.138732,-0.0617106,-0.988405],"extended":true,"handId":434,"id":4341,"length":55.5208,"mcpPosition":[-7.43288,303.067,2.87119],"pipPosition":[-13.2425,311.626,-36.3489],"stabilizedTipPosition":[-17.6594,304.779,-69.9316],"timeVisible":36.018,"tipPosition":[-17.648,306.123,-70.8091],"tipVelocity":[-31.9145,202.951,-76.7256],"tool":false,"touchDistance":-0.574607,"touchZone":"touching","type":1,"width":18.2617},{"bases":[[[0.974338,-0.192209,-0.117137],[0.224923,0.81139,0.539496],[-0.00865218,-0.551998,0.833801]],[[0.973532,-0.210187,-0.0897611],[0.0963354,0.733523,-0.672803],[0.207256,0.646348,0.734356]],[[0.973532,-0.210187,-0.0897611],[-0.0654965,0.119696,-0.990648],[0.218965,0.970306,0.102762]],[[0.973532,-0.210187,-0.0897611],[-0.133388,-0.203612,-0.969923],[0.185589,0.956224,-0.226259]]],"btipPosition":[-5.16925,230.386,-28.2675],"carpPosition":[12.8636,266.455,58.8165],"dipPosition":[-1.87659,247.351,-32.2818],"direction":[-0.218966,-0.970306,-0.102762],"extended":false,"handId":434,"id":4342,"length":63.2615,"mcpPosition":[13.4335,302.814,3.8951],"pipPosition":[4.002,273.401,-29.5229],"stabilizedTipPosition":[-4.24947,232.447,-28.2448],"timeVisible":36.018,"tipPosition":[-4.31613,235.586,-31.3002],"tipVelocity":[-11.562,143.064,-76.4537],"tool":false,"touchDistance":-0.481392,"touchZone":"touching","type":2,"width":17.9355},{"bases":[[[0.942699,-0.33196,-0.0334932],[0.29357,0.777574,0.556053],[-0.158544,-0.534023,0.830472]],[[0.948883,-0.307571,-0.0708628],[0.1633,0.670529,-0.723688],[0.270101,0.675123,0.686479]],[[0.948883,-0.307571,-0.0708628],[-0.0604966,0.0431211,-0.997237],[0.309777,0.950547,0.0223098]],[[0.948883,-0.307571,-0.0708628],[-0.15501,-0.258542,-0.953482],[0.274943,0.915727,-0.293003]]],"btipPosition":[9.33772,227.443,-16.2084],"carpPosition":[24.3069,265.354,57.2773],"dipPosition":[14.1876,243.597,-21.3769],"direction":[-0.309777,-0.950547,-0.0223098],"extended":false,"handId":434,"id":4343,"length":60.8276,"mcpPosition":[33.683,296.935,8.16396],"pipPosition":[22.2895,268.457,-20.7934],"stabilizedTipPosition":[10.7748,226.817,-14.7941],"timeVisible":36.018,"tipPosition":[10.6378,232.161,-19.4123],"tipVelocity":[-12.3451,147.39,-83.7105],"tool":false,"touchDistance":0.223536,"touchZone":"hovering","type":3,"width":17.0667},{"bases":[[[0.856461,-0.51542,-0.0285625],[0.421452,0.666222,0.615245],[-0.298081,-0.538972,0.787818]],[[0.793835,-0.599023,0.104867],[0.493579,0.533914,-0.686525],[0.355254,0.596747,0.719505]],[[0.793835,-0.599023,0.104867],[0.123223,-0.0104215,-0.992324],[0.595518,0.800664,0.0655406]],[[0.793835,-0.599023,0.104867],[-0.0692643,-0.260379,-0.963019],[0.604175,0.757215,-0.248189]]],"btipPosition":[18.4811,240.148,-10.2585],"carpPosition":[34.8509,257.671,54.0608],"dipPosition":[28.3131,252.471,-14.2974],"direction":[-0.595518,-0.800664,-0.0655406],"extended":false,"handId":434,"id":4344,"length":47.6877,"mcpPosition":[51.1692,287.177,10.9321],"pipPosition":[39.3097,267.255,-13.0871],"stabilizedTipPosition":[21.1047,240.479,-9.80081],"timeVisible":36.018,"tipPosition":[21.5486,243.726,-13.0421],"tipVelocity":[-22.36