{"sensorType":"Leap","data":[[0,{"currentFrameRate":54.833,"devices":[],"gestures":[],"hands":[{"armBasis":[[0.960617,-0.259263,-0.099987],[0.27767,0.909435,0.30956],[0.0106742,-0.325132,0.945609]],"armWidth":62.9686,"confidence":0.812213,"direction":[0.215196,0.427102,-0.878223],"elbow":[-1.9787,70.7514,331.463],"grabStrength":0,"id":398,"palmNormal":[-0.243544,-0.847407,-0.471792],"palmPosition":[-1.50685,179.052,29.6907],"palmVelocity":[-124.239,-468.516,172.862],"palmWidth":89.917,"pinchStrength":0.857143,"r":[[0.912857,-0.391436,-0.116059],[0.398963,0.915607,0.0499254],[0.0867216,-0.0918779,0.991987]],"s":0.980574,"sphereCenter":[-32.0268,165.48,-8.64668],"sphereRadius":50.0043,"stabilizedPalmPosition":[-0.152733,184.361,27.7934],"t":[-6.64904,14.0546,-53.3212],"timeVisible":21.5475,"type":"right","wrist":[-4.82676,157.502,79.1597]}],"id":1403747,"interactionBox":{"center":[0,200,0],"size":[235.247,235.247,147.751]},"pointables":[{"bases":[[[0.640377,0.714363,0.282138],[-0.736173,0.466132,0.490683],[0.219012,-0.521925,0.824396]],[[0.582893,0.805112,0.109686],[-0.787048,0.525878,0.322502],[0.201969,-0.274312,0.940192]],[[0.582893,0.805112,0.109686],[-0.811541,0.583564,0.0292378],[-0.0404688,-0.106057,0.993536]],[[0.582893,0.805112,0.109686],[-0.364101,0.379481,-0.850544],[-0.726407,0.455839,0.514339]]],"btipPosition":[-26.5956,162.462,-16.8626],"carpPosition":[-34.7963,155.899,74.8872],"dipPosition":[-43.3957,173.004,-4.96721],"direction":[0.0404688,0.106057,-0.993536],"extended":false,"handId":398,"id":3980,"length":51.5018,"mcpPosition":[-34.7963,155.899,74.8872],"pipPosition":[-44.7592,169.431,28.5085],"stabilizedTipPosition":[-26.4652,177.695,-22.2336],"timeVisible":21.5475,"tipPosition":[-30.2214,163.796,-15.1093],"tipVelocity":[-148.679,-470.424,251.614],"tool":false,"touchDistance":0.364271,"touchZone":"hovering","type":0,"width":20.0112},{"bases":[[[0.968421,-0.239225,-0.0702268],[0.248764,0.908344,0.336195],[-0.016636,-0.343048,0.93917]],[[0.964514,-0.200611,-0.171665],[0.255872,0.870579,0.420265],[0.0651381,-0.449275,0.891016]],[[0.964514,-0.200611,-0.171665],[0.238162,0.941704,0.237641],[0.113984,-0.270092,0.956064]],[[0.964514,-0.200611,-0.171665],[0.216607,0.972977,0.0799846],[0.15098,-0.11433,0.981903]]],"btipPosition":[-27.105,226.672,-70.1815],"carpPosition":[-20.2772,174.276,75.3414],"dipPosition":[-24.5558,224.742,-53.6029],"direction":[-0.113984,0.270092,-0.956064],"extended":true,"handId":398,"id":3981,"length":58.114,"mcpPosition":[-19.0678,199.216,7.06178],"pipPosition":[-21.8333,218.29,-30.767],"stabilizedTipPosition":[-20.0621,243.54,-74.3515],"timeVisible":21.5475,"tipPosition":[-26.1322,227.754,-65.7399],"tipVelocity":[-240.327,-653.922,113.631],"tool":false,"touchDistance":0.360688,"touchZone":"hovering","type":1,"width":19.1147},{"bases":[[[0.900577,-0.434694,0.00102702],[0.40848,0.847072,0.34002],[-0.148675,-0.305795,0.940418]],[[0.896776,-0.441862,0.0234498],[0.356137,0.689312,-0.630885],[0.2626,0.574114,0.775522]],[[0.896776,-0.441862,0.0234498],[-0.157346,-0.367975,-0.916426],[0.413563,0.818139,-0.399517]],[[0.896776,-0.441862,0.0234498],[-0.384879,-0.805081,-0.451345],[0.218311,0.395731,-0.892041]]],"btipPosition":[-26.1254,136.521,0.530284],"carpPosition":[-8.19201,173.124,74.5149],"dipPosition":[-22.0713,143.87,-16.0353],"direction":[-0.413563,-0.818139,0.399517],"extended":false,"handId":398,"id":3982,"length":66.2163,"mcpPosition":[2.0584,194.207,9.67754],"pipPosition":[-10.4498,166.861,-27.2621],"stabilizedTipPosition":[-22.6652,149.215,-9.35835],"timeVisible":21.5475,"tipPosition":[-25.0158,138.515,-4.45622],"tipVelocity":[-122.516,-516.771,244.452],"tool":false,"touchDistance":0.333333,"touchZone":"none","type":2,"width":18.7732},{"bases":[[[0.83551,-0.537567,0.113771],[0.466831,0.80367,0.36903],[-0.289813,-0.255216,0.922428]],[[0.824567,-0.546383,0.146813],[0.516613,0.62135,-0.589097],[0.230651,0.561596,0.794613]],[[0.824567,-0.546383,0.146813],[-0.0853765,-0.376692,-0.922396],[0.559285,0.748043,-0.357257]],[[0.824567,-0.546383,0.146813],[-0.424237,-0.768805,-0.4785],[0.374315,0.332272,-0.865727]]],"btipPosition":[-11.2944,133.264,7.64807],"carpPosition":[3.17151,168.874,74.0674],"dipPosition":[-4.38317,139.398,-8.33643],"direction":[-0.559285,-0.748043,0.357257],"extended":false,"handId":398,"id":3983,"length":63.6687,"mcpPosition":[21.1113,184.672,16.9679],"pipPosition":[10.9274,159.876,-18.1164],"stabilizedTipPosition":[-7.34871,144.727,-1.51162],"timeVisible":21.5475,"tipPosition":[-9.34033,134.908,2.79916],"tipVelocity":[-118.324,-499.392,237.037],"tool":false,"touchDistance":0.333333,"touchZone":"none","type":3,"width":17.8639},{"bases":[[[0.707656,-0.688843,0.157219],[0.56365,0.684549,0.462268],[-0.426054,-0.23851,0.872692]],[[0.618126,-0.720781,0.31368],[0.749426,0.419922,-0.511884],[0.237236,0.551489,0.799737]],[[0.618126,-0.720781,0.31368],[-0.0308984,-0.421013,-0.906528],[0.785472,0.550656,-0.28251]],[[0.618126,-0.720781,0.31368],[-0.516415,-0.673198,-0.529264],[0.592652,0.165163,-0.788343]]],"btipPosition":[2.8284,138.864,14.4706],"carpPosition":[11.9811,157.924,73.533],"dipPosition":[12.9234,141.677,1.04238],"direction":[-0.785472,-0.550656,0.28251],"extended":false,"handId":398,"id":3984,"length":49.9151,"mcpPosition":[36.3946,171.591,23.5266],"pipPosition":[28.1051,152.32,-4.41802],"stabilizedTipPosition":[6.37455,144.626,8.93237],"timeVisible":21.5475,"tipPosition":[5.57956,139.58,10.5128],"tipVelocity":[-120.277,-481.285,226.499],"tool":false,"touchDistance":0.333333,"touchZone":"none","type":4,"width":15.8681}],"r":[[0.912857,-0.391436,-0.116059],[0.398963,0.915607,0.0499254],[0.0867216,-0.0918779,0.991987]],"s":0.980574,"t":[-6.64904,14.0546,-53.3212],"timestamp":88538658312},false],[1,{"currentFrameRate":54.8873,"devices":[],"gestures":[],"hands":[{"armBasis":[[0.962106,-0.256682,-0.0920084],[0.272674,0.905183,0.326027],[-0.000400818,-0.338761,0.940872]],"armWidth":62.9686,"confidence":0.815027,"direction":[0.203433,0.393557,-0.896509],"elbow":[-6.12272,57.9605,333.515],"grabStrength":0,"id":398,"palmNormal":[-0.250169,-0.864368,-0.436215],"palmPosition":[-3.35846,168.017,32.1889],"palmVelocity":[-114.021,-536.592,156.592],"palmWidth":89.917,"pinchStrength":0.775753,"r":[[0.914216,-0.386967,-0.120275],[0.393883,0.918317,0.039377],[0.0952125,-0.0833733,0.991959]],"s":0.981793,"sphereCenter":[-32.9183,150.909,-5.46059],"sphereRadius":49.534,"stabilizedPalmPosition":[-2.52646,172.259,31.0481],"t":[-8.71069,4.24108,-50.516],"timeVisible":21.5656,"type":"right","wrist":[-6.01578,148.347,82.4747]}],"id":1403748,"interactionBox":{"center":[0,200,0],"size":[235.247,235.247,147.751]},"pointables":[{"bases":[[[0.644359,0.723952,0.246364],[-0.729322,0.484882,0.482678],[0.229978,-0.490697,0.840433]],[[0.595758,0.796967,0.0995791],[-0.766035,0.526571,0.368664],[0.241378,-0.295916,0.924213]],[[0.595758,0.796967,0.0995791],[-0.802679,0.595111,0.0393519],[-0.0278985,-0.103374,0.994251]],[[0.595758,0.796967,0.0995791],[-0.341018,0.363256,-0.867036],[-0.727172,0.482586,0.488193]]],"btipPosition":[-30.19,153.529,-11.7103],"carpPosition":[-36.0409,146.61,78.6707],"dipPosition":[-47.0078,164.69,-0.41961],"direction":[0.0278985,0.103374,-0.994251],"extended":false,"handId":398,"id":3980,"length":51.5018,"mcpPosition":[-36.0409,146.61,78.6707],"pipPosition":[-47.9478,161.207,33.0802],"stabilizedTipPosition":[-30.4757,166.287,-15.3038],"timeVisible":21.5656,"tipPosition":[-33.327,154.383,-10.0747],"tipVelocity":[-172.824,-478.548,264.153],"tool":false,"touchDistance":0.436375,"touchZone":"hovering","type":0,"width":20.0112},{"bases":[[[0.967308,-0.242497,-0.0742392],[0.253574,0.920153,0.29836],[-0.00403994,-0.307431,0.951562]],[[0.962112,-0.20796,-0.176335],[0.260132,0.893871,0.365138],[0.0816869,-0.397174,0.914101]],[[0.962112,-0.20796,-0.176335],[0.237289,0.957179,0.165839],[0.134297,-0.201398,0.970259]],[[0.962112,-0.20796,-0.176335],[0.210739,0.977538,-0.00302711],[0.173004,-0.0342484,0.984326]]],"btipPosition":[-30.8143,209.58,-69.5474],"carpPosition":[-21.5112,164.978,78.2364],"dipPosition":[-27.8933,209.002,-52.9279],"direction":[-0.134297,0.201398,-0.970259],"extended":true,"handId":398,"id":3981,"length":58.114,"mcpPosition":[-21.2175,187.329,9.05594],"pipPosition":[-24.6856,204.192,-29.7529],"stabilizedTipPosition":[-26.5013,221.762,-68.841],"timeVisible":21.5656,"tipPosition":[-29.6747,211.311,-65.0884],"tipVelocity":[-221.668,-785.212,76.6616],"tool":false,"touchDistance":0.367605,"touchZone":"hovering","type":1,"width":19.1147},{"bases":[[[0.900372,-0.435089,0.00523464],[0.413308,0.858936,0.302333],[-0.136038,-0.270049,0.953188]],[[0.89692,-0.441327,0.0276756],[0.346452,0.662454,-0.664172],[0.274783,0.605298,0.747067]],[[0.89692,-0.441327,0.0276756],[-0.172051,-0.40595,-0.897554],[0.407349,0.800272,-0.440036]],[[0.89692,-0.441327,0.0276756],[-0.392068,-0.822633,-0.411775],[0.204494,0.358478,-0.910865]]],"btipPosition":[-28.3924,124.428,5.26926],"carpPosition":[-9.43863,163.786,77.2907],"dipPosition":[-24.5949,131.085,-11.6459],"direction":[-0.407349,-0.800272,0.440036],"extended":false,"handId":398,"id":3982,"length":66.2163,"mcpPosition":[-0.0594597,182.405,11.573],"pipPosition":[-13.1479,153.573,-24.0113],"stabilizedTipPosition":[-25.8118,134.139,-2.39774],"timeVisible":21.5656,"tipPosition":[-27.3621,126.209,0.179128],"tipVelocity":[-125.595,-593.995,251.058],"tool":false,"touchDistance":0.333333,"touchZone":"none","type":2,"width":18.7732},{"bases":[[[0.836804,-0.533591,0.122641],[0.472032,0.81661,0.332166],[-0.27739,-0.220067,0.935214]],[[0.826581,-0.540967,0.155303],[0.50424,0.589224,-0.631313],[0.250012,0.600141,0.759819]],[[0.826581,-0.540967,0.155303],[-0.107883,-0.423112,-0.899632],[0.552381,0.726864,-0.408098]],[[0.826581,-0.540967,0.155303],[-0.435345,-0.78943,-0.432752],[0.356705,0.290095,-0.888035]]],"btipPosition":[-13.6591,121.384,12.9794],"carpPosition":[1.91646,159.513,76.8502],"dipPosition":[-7.07302,126.74,-3.41702],"direction":[-0.552381,-0.726864,0.408098],"extended":false,"handId":398,"id":3983,"length":63.6687,"mcpPosition":[19.0873,173.136,18.9592],"pipPosition":[8.0486,146.638,-14.5888],"stabilizedTipPosition":[-10.4969,130.212,5.52562],"timeVisible":21.5656,"tipPosition":[-11.7545,122.825,7.86481],"tipVelocity":[-126.378,-579.765,262.366],"tool":false,"touchDistance":0.333333,"touchZone":"none","type":3,"width":17.8639},{"bases":[[[0.709501,-0.683018,0.173477],[0.570066,0.701004,0.428508],[-0.414287,-0.205133,0.886728]],[[0.624449,-0.708621,0.328511],[0.738281,0.398206,-0.544402],[0.25496,0.582484,0.771821]],[[0.624449,-0.708621,0.328511],[-0.0512903,-0.456888,-0.888044],[0.77938,0.537689,-0.321648]],[[0.624449,-0.708621,0.328511],[-0.527184,-0.692721,-0.492153],[0.576316,0.134139,-0.806143]]],"btipPosition":[0.664268,127.267,18.7781],"carpPosition":[10.7146,148.543,76.6097],"dipPosition":[10.481,129.552,5.04665],"direction":[-0.77938,-0.537689,0.321648],"extended":false,"handId":398,"id":3984,"length":49.9151,"mcpPosition":[34.4538,160.298,25.7989],"pipPosition":[25.5449,139.944,-1.17022],"stabilizedTipPosition":[3.74195,131.79,14.0318],"timeVisible":21.5656,"tipPosition":[3.35257,127.831,14.7012],"tipVelocity":[-121.843,-561.287,230.549],"tool":false,"touchDistance":0.333333,"touchZone":"none","type":4,"width":15.8681}],"r":[[0.914216,-0.386967,-0.120275],[0.393883,0.918317,0.039377],[0.0952125,-0.0833733,0.991959]],"s":0.981793,"t":[-8.71069,4.24108,-50.516],"timestamp":88538676342},false],[2,{"currentFrameRate":54.9249,"devices":[],"gestures":[],"hands":[{"armBasis":[[0.965836,-0.246542,-0.0798574],[0.258948,0.905863,0.335199],[-0.0103006,-0.344426,0.938757]],"armWidth":62.9686,"confidence":0.815444,"direction":[0.19885,0.370979,-0.907102],"elbow":[-10.5235,46.1246,336.647],"grabStrength":0,"id":398,"palmNormal":[-0.243195,-0.877956,-0.412371],"palmPosition":[-5.35365,156.351,35.37],"palmVelocity":[-112.29,-588.28,165.806],"palmWidth":89.917,"pinchStrength":0.675726,"r":[[0.915901,-0.382458,-0.12187],[0.388131,0.921241,0.0258811],[0.102373,-0.071006,0.992209]],"s":0.987215,"sphereCenter":[-34.4237,136.532,-2.03394],"sphereRadius":49.6741,"stabilizedPalmPosition":[-4.78625,159.544,34.5026],"t":[-10.7391,-6.49846,-47.5228],"timeVisible":21.5836,"type":"right","wrist":[-7.77517,138.023,86.1718]}],"id":1403749,"interactionBox":{"center":[0,200,0],"size":[235.247,235.247,147.751]},"pointables":[{"bases":[[[0.638349,0.735891,0.225777],[-0.732896,0.491387,0.470535],[0.235318,-0.465836,0.853007]],[[0.602375,0.790164,0.113068],[-0.7517,0.513906,0.413337],[0.268498,-0.333977,0.903531]],[[0.602375,0.790164,0.113068],[-0.797696,0.601014,0.0496405],[-0.028731,-0.120096,0.992346]],[[0.602375,0.790164,0.113068],[-0.311373,0.363039,-0.878208],[-0.734977,0.493805,0.464722]]],"btipPosition":[-33.0673,145.024,-6.29226],"carpPosition":[-37.7889,135.923,82.4615],"dipPosition":[-50.0655,156.444,4.45565],"direction":[0.028731,0.120096,-0.992346],"extended":false,"handId":398,"id":3980,"length":51.5018,"mcpPosition":[-37.7889,135.923,82.4615],"pipPosition":[-51.0336,152.398,37.8913],"stabilizedTipPosition":[-34.1743,155.684,-8.7706],"timeVisible":21.5836,"tipPosition":[-36.009,145.43,-4.73676],"tipVelocity":[-167.429,-473.161,277.781],"tool":false,"touchDistance":0.50547,"touchZone":"hovering","type":0,"width":20.0112},{"bases":[[[0.969286,-0.236019,-0.0691409],[0.245937,0.930029,0.273058],[-0.000143722,-0.281675,0.95951]],[[0.963596,-0.204114,-0.172684],[0.251154,0.912509,0.322876],[0.0916722,-0.354493,0.930554]],[[0.963596,-0.204114,-0.172684],[0.224887,0.968086,0.110612],[0.144595,-0.14542,0.978747]],[[0.963596,-0.204114,-0.172684],[0.195362,0.978479,-0.0664275],[0.182526,0.0302734,0.982735]]],"btipPosition":[-33.8373,192.89,-67.7259],"carpPosition":[-23.4202,154.399,81.5101],"dipPosition":[-30.7555,193.401,-51.1333],"direction":[-0.144595,0.14542,-0.978747],"extended":true,"handId":398,"id":3981,"length":58.114,"mcpPosition":[-23.4098,174.877,11.7518],"pipPosition":[-27.3018,189.927,-27.7556],"stabilizedTipPosition":[-31.4406,200.331,-65.1656],"timeVisible":21.5836,"tipPosition":[-32.6065,195.081,-63.3135],"tipVelocity":[-194.83,-844.272,87.9538],"tool":false,"touchDistance":0.391407,"touchZone":"hovering","type":1,"width":19.1147},{"bases":[[[0.904131,-0.42697,0.0155982],[0.406203,0.870328,0.278437],[-0.13246,-0.245408,0.960328]],[[0.90081,-0.432556,0.0379025],[0.338253,0.644321,-0.685883],[0.272261,0.630671,0.726724]],[[0.90081,-0.432556,0.0379025],[-0.172218,-0.436047,-0.883291],[0.3986,0.78915,-0.46729]],[[0.90081,-0.432556,0.0379025],[-0.386404,-0.838385,-0.384452],[0.198074,0.331672,-0.922367]]],"btipPosition":[-30.0542,111.831,10.0133],"carpPosition":[-11.3389,153.286,80.5786],"dipPosition":[-26.3759,117.99,-7.11538],"direction":[-0.3986,-0.78915,0.46729],"extended":false,"handId":398,"id":3982,"length":66.2163,"mcpPosition":[-2.20644,170.206,14.3686],"pipPosition":[-15.1748,140.166,-20.2467],"stabilizedTipPosition":[-28.2079,119.4,3.57879],"timeVisible":21.5836,"tipPosition":[-29.0581,113.459,4.84641],"tipVelocity":[-110.32,-645.905,255.181],"tool":false,"touchDistance":0.333333,"touchZone":"none","type":2,"width":18.7732},{"bases":[[[0.841573,-0.522816,0.135714],[0.465332,0.829333,0.309312],[-0.274265,-0.197156,0.941227]],[[0.83173,-0.529235,0.167733],[0.492657,0.564284,-0.662474],[0.255956,0.633635,0.730064]],[[0.83173,-0.529235,0.167733],[-0.117127,-0.462595,-0.878799],[0.542684,0.711278,-0.446742]],[[0.83173,-0.529235,0.167733],[-0.434116,-0.8083,-0.397738],[0.346075,0.257995,-0.902037]]],"btipPosition":[-15.5174,109.094,18.6234],"carpPosition":[0.0523491,149.102,80.2362],"dipPosition":[-9.12758,113.858,1.96846],"direction":[-0.542684,-0.711278,0.446742],"extended":false,"handId":398,"id":3983,"length":63.6687,"mcpPosition":[17.0297,161.306,21.9731],"pipPosition":[5.72856,133.329,-10.2612],"stabilizedTipPosition":[-12.9793,116.214,12.0042],"timeVisible":21.5836,"tipPosition":[-13.6169,110.384,13.2694],"tipVelocity":[-116.362,-630.922,284.501],"tool":false,"touchDistance":0.333333,"touchZone":"none","type":3,"width":17.8639},{"bases":[[[0.715641,-0.671916,0.190753],[0.564491,0.717222,0.408586],[-0.411348,-0.184723,0.892564]],[[0.633297,-0.69379,0.342915],[0.729371,0.386915,-0.564195],[0.258754,0.607415,0.751062]],[[0.633297,-0.69379,0.342915],[-0.057545,-0.484083,-0.873128],[0.771766,0.533216,-0.346492]],[[0.633297,-0.69379,0.342915],[-0.525665,-0.710821,-0.467343],[0.567989,0.115709,-0.814862]]],"btipPosition":[-1.11696,115.289,23.4663],"carpPosition":[8.94534,138.206,80.2782],"dipPosition":[8.5579,117.26,9.58637],"direction":[-0.771766,-0.533216,0.346492],"extended":false,"handId":398,"id":3984,"length":49.9151,"mcpPosition":[32.5162,148.79,29.1331],"pipPosition":[23.4747,127.566,2.88932],"stabilizedTipPosition":[1.65192,119.055,18.9854],"timeVisible":21.5836,"tipPosition":[1.55822,115.762,19.3006],"tipVelocity":[-111.628,-611.349,243.343],"tool":false,"touchDistance":0.333333,"touchZone":"none","type":4,"width":15.8681}],"r":[[0.915901,-0.382458,-0.12187],[0.388131,0.921241,0.0258811],[0.102373,-0.071006,0.992209]],"s":0.987215,"t":[-10.7391,-6.49846,-47.5228],"timestamp":88538694418},false],[3,{"currentFrameRate":54.9545,"devices":[],"gestures":[],"hands":[{"armBasis":[[0.973317,-0.21879,-0.0691651],[0.229242,0.91395,0.334878],[-0.0100547,-0.341798,0.939719]],"armWidth":62.9686,"confidence":0.814062,"direction":[0.190825,0.359222,-0.913534],"elbow":[-12.4509,37.0461,339.121],"grabStrength":0,"id":398,"palmNormal":[-0.217097,-0.892146,-0.396161],"palmPosition":[-7.72319,145.667,37.2538],"palmVelocity":[-121.167,-589.311,136.468],"palmWidth":89.917,"pinchStrength":0.598118,"r":[[0.919417,-0.374102,-0.121324],[0.378191,0.925653,0.011762],[0.107903,-0.0566978,0.992543]],"s":0.993497,"sphereCenter":[-36.1053,123.459,0.130116],"sphereRadius":49.7771,"stabilizedPalmPosition":[-7.2838,147.743,36.8422],"t":[-12.9381,-17.21,-45.0844],"timeVisible":21.6017,"type":"right","wrist":[-9.76811,128.243,88.3891]}],"id":1403750,"interactionBox":{"center":[0,200,0],"size":[235.247,235.247,147.751]},"pointables":[{"bases":[[[0.616636,0.75783,0.213201],[-0.747826,0.479241,0.45944],[0.246003,-0.442744,0.862241]],[[0.588048,0.799366,0.123343],[-0.756633,0.489775,0.43316],[0.285843,-0.348044,0.892838]],[[0.588048,0.799366,0.123343],[-0.80815,0.586917,0.0492066],[-0.033058,-0.128615,0.991143]],[[0.588048,0.799366,0.123343],[-0.305393,0.360644,-0.881289],[-0.748956,0.480572,0.456197]]],"btipPosition":[-35.3647,135.612,-3.33747],"carpPosition":[-39.6998,125.224,84.6511],"dipPosition":[-52.6863,146.726,7.21328],"direction":[0.033058,0.128615,-0.991143],"extended":false,"handId":398,"id":3980,"length":51.5018,"mcpPosition":[-39.6998,125.224,84.6511],"pipPosition":[-53.8001,142.393,40.6084],"stabilizedTipPosition":[-37.4509,144.592,-3.79352],"timeVisible":21.6017,"tipPosition":[-38.4344,135.861,-1.7248],"tipVelocity":[-150.146,-497.372,222.151],"tool":false,"touchDistance":0.531898,"touchZone":"hovering","type":0,"width":20.0112},{"bases":[[[0.975766,-0.209721,-0.062436],[0.218757,0.941629,0.25589],[0.00512617,-0.263347,0.964688]],[[0.969249,-0.179401,-0.168438],[0.222512,0.931252,0.288547],[0.105093,-0.317153,0.942534]],[[0.969249,-0.179401,-0.168438],[0.190596,0.980253,0.0527048],[0.155656,-0.0831877,0.984302]],[[0.969249,-0.179401,-0.168438],[0.156472,0.977591,-0.140824],[0.189927,0.110138,0.975601]]],"btipPosition":[-37.6161,176.816,-66.7519],"carpPosition":[-25.857,144.078,83.3814],"dipPosition":[-34.4094,178.676,-50.2797],"direction":[-0.155656,0.0831877,-0.984302],"extended":true,"handId":398,"id":3981,"length":58.114,"mcpPosition":[-26.2297,163.224,13.2467],"pipPosition":[-30.6915,176.689,-26.7693],"stabilizedTipPosition":[-35.9306,181.269,-63.3472],"timeVisible":21.6017,"tipPosition":[-36.3136,179.603,-62.4188],"tipVelocity":[-200.74,-857.072,70.9994],"tool":false,"touchDistance":0.399794,"touchZone":"hovering","type":1,"width":19.1147},{"bases":[[[0.915802,-0.400803,0.0257688],[0.380632,0.886607,0.262768],[-0.128165,-0.230835,0.964515]],[[0.91287,-0.40562,0.046268],[0.312619,0.621643,-0.718213],[0.262559,0.670099,0.694284]],[[0.91287,-0.40562,0.046268],[-0.170464,-0.481691,-0.859602],[0.370959,0.776818,-0.508865]],[[0.91287,-0.40562,0.046268],[-0.365859,-0.863099,-0.348149],[0.18115,0.300887,-0.936297]]],"btipPosition":[-31.2047,99.8707,14.6169],"carpPosition":[-13.7465,143.291,82.4987],"dipPosition":[-27.8407,105.458,-2.77045],"direction":[-0.370959,-0.776818,0.508865],"extended":false,"handId":398,"id":3982,"length":66.2163,"mcpPosition":[-4.91016,159.206,16],"pipPosition":[-17.4164,127.288,-17.0701],"stabilizedTipPosition":[-29.8782,105.693,8.86737],"timeVisible":21.6017,"tipPosition":[-30.2328,101.419,8.99371],"tipVelocity":[-89.9969,-656.532,253.259],"tool":false,"touchDistance":0.333333,"touchZone":"none","type":2,"width":18.7732},{"bases":[[[0.855643,-0.496092,0.147542],[0.44081,0.847896,0.29455],[-0.271224,-0.186992,0.944178]],[[0.846084,-0.502073,0.179066],[0.474755,0.557014,-0.681428],[0.242385,0.661557,0.709642]],[[0.846084,-0.502073,0.179066],[-0.109086,-0.491902,-0.863789],[0.521769,0.711305,-0.47096]],[[0.846084,-0.502073,0.179066],[-0.413275,-0.830019,-0.37453],[0.336669,0.24288,-0.90976]]],"btipPosition":[-16.653,97.8338,22.1736],"carpPosition":[-2.24049,139.425,82.2619],"dipPosition":[-10.4369,102.318,5.37612],"direction":[-0.521769,-0.711305,0.47096],"extended":false,"handId":398,"id":3983,"length":63.6687,"mcpPosition":[14.5486,151,23.8161],"pipPosition":[3.84668,121.79,-7.51656],"stabilizedTipPosition":[-14.655,103.259,16.7132],"timeVisible":21.6017,"tipPosition":[-14.7867,99.0383,16.7294],"tipVelocity":[-91.9244,-628.519,241.655],"tool":false,"touchDistance":0.333333,"touchZone":"none","type":3,"width":17.8639},{"bases":[[[0.733825,-0.647632,0.205119],[0.542822,0.74054,0.396164],[-0.408467,-0.179372,0.894975]],[[0.653904,-0.668673,0.353958],[0.714351,0.391561,-0.579986],[0.249224,0.632105,0.73371]],[[0.653904,-0.668673,0.353958],[-0.0525736,-0.50687,-0.860418],[0.754749,0.544022,-0.366599]],[[0.653904,-0.668673,0.353958],[-0.508998,-0.734945,-0.448082],[0.55976,0.112838,-0.820936]]],"btipPosition":[-2.46829,104.542,26.6796],"carpPosition":[6.95705,128.788,82.5312],"dipPosition":[7.0664,106.464,12.6961],"direction":[-0.754749,-0.544022,0.366599],"extended":false,"handId":398,"id":3984,"length":49.9151,"mcpPosition":[30.3628,139.066,31.2479],"pipPosition":[21.6543,116.979,5.61044],"stabilizedTipPosition":[0.0594958,107.429,22.6854],"timeVisible":21.6017,"tipPosition":[0.210975,104.999,22.414],"tipVelocity":[-94.9071,-603.365,211.447],"tool":false,"touchDistance":0.333333,"touchZone":"none","type":4,"width":15.8681}],"r":[[0.919417,-0.374102,-0.121324],[0.378191,0.925653,0.011762],[0.107903,-0.0566978,0.992543]],"s":0.993497,"t":[-12.9381,-17.21,-45.0844],"timestamp":88538712512},false],[4,{"currentFrameRate":54.9946,"devices":[],"gestures":[],"hands":[{"armBasis":[[0.97739,-0.199324,-0.0705648],[0.211425,0.916467,0.339687],[-0.0030375,-0.346925,0.937888]],"armWidth":62.9686,"confidence":0.722794,"direction":[0.188075,0.33807,-0.922137],"elbow":[-11.8229,25.6523,339.666],"grabStrength":0,"id":398,"palmNormal":[-0.204722,-0.904775,-0.373459],"palmPosition":[-9.08609,134.347,37.8599],"palmVelocity":[-99.5088,-607.388,87.6439],"palmWidth":89.917,"pinchStrength":0.541628,"r":[[0.92317,-0.365595,-0.118735],[0.367733,0.929922,-0.00417005],[0.111939,-0.0398132,0.992917]],"s":1.0004,"sphereCenter":[-37.4715,110.62,1.30691],"sphereRadius":49.9591,"stabilizedPalmPosition":[-8.89715,135.751,37.7532],"t":[-14.719,-28.2262,-43.5621],"timeVisible":21.6198,"type":"right","wrist":[-11.0125,118.217,89.4229]}],"id":1403751,"interactionBox":{"center":[0,200,0],"size":[235.247,235.247,147.751]},"pointables":[{"bases":[[[0.606344,0.770994,0.194717],[-0.754914,0.481149,0.445646],[0.249902,-0.417209,0.873776]],[[0.583364,0.803134,0.121088],[-0.75676,0.48332,0.440132],[0.294961,-0.348392,0.889731]],[[0.583364,0.803134,0.121088],[-0.811394,0.582951,0.04253],[-0.0364311,-0.123061,0.99173]],[[0.583364,0.803134,0.121088],[-0.29081,0.345738,-0.892129],[-0.758364,0.485222,0.435251]]],"btipPosition":[-36.6783,124.825,-1.65938],"carpPosition":[-40.8948,114.715,85.7113],"dipPosition":[-54.2174,136.047,8.40693],"direction":[0.0364311,0.123061,-0.99173],"extended":false,"handId":398,"id":3980,"length":51.5018,"mcpPosition":[-40.8948,114.715,85.7113],"pipPosition":[-55.4449,131.901,41.8218],"stabilizedTipPosition":[-39.7806,132.316,-0.615191],"timeVisible":21.6198,"tipPosition":[-39.8909,125.071,-0.129972],"tipVelocity":[-114.752,-544.379,157.926],"tool":false,"touchDistance":0.535541,"touchZone":"hovering","type":0,"width":20.0112},{"bases":[[[0.978523,-0.198581,-0.0553068],[0.206036,0.950653,0.231964],[0.00651397,-0.238378,0.971151]],[[0.97153,-0.170396,-0.164605],[0.208782,0.94416,0.254896],[0.11198,-0.282006,0.952855]],[[0.97153,-0.170396,-0.164605],[0.17337,0.98485,0.00376734],[0.161469,-0.0321976,0.986352]],[[0.97153,-0.170396,-0.164605],[0.136389,0.970359,-0.199504],[0.19372,0.171374,0.965973]]],"btipPosition":[-39.6495,160.887,-66.9465],"carpPosition":[-27.2942,133.708,83.9813],"dipPosition":[-36.3787,163.781,-50.6369],"direction":[-0.161469,0.0321976,-0.986352],"extended":true,"handId":398,"id":3981,"length":58.114,"mcpPosition":[-27.7678,151.039,13.3767],"pipPosition":[-32.5219,163.011,-27.0775],"stabilizedTipPosition":[-38.5514,163.851,-63.213],"timeVisible":21.6198,"tipPosition":[-38.3131,163.917,-62.7809],"tipVelocity":[-158.564,-863.026,31.2006],"tool":false,"touchDistance":0.389668,"touchZone":"hovering","type":1,"width":19.1147},{"bases":[[[0.920849,-0.388095,0.0376792],[0.368593,0.897931,0.24054],[-0.127186,-0.207613,0.969908]],[[0.918007,-0.392325,0.0578272],[0.297357,0.584516,-0.754931],[0.262378,0.710227,0.65325]],[[0.918007,-0.392325,0.0578272],[-0.175134,-0.531915,-0.828489],[0.355796,0.750431,-0.557011]],[[0.918007,-0.392325,0.0578272],[-0.358306,-0.883067,-0.303001],[0.16994,0.257437,-0.951234]]],"btipPosition":[-32.0555,87.6715,18.4717],"carpPosition":[-15.1727,133.056,83.1404],"dipPosition":[-28.8997,92.4523,0.806887],"direction":[-0.355796,-0.750431,0.557011],"extended":false,"handId":398,"id":3982,"length":66.2163,"mcpPosition":[-6.40387,147.37,16.2699],"pipPosition":[-18.9014,113.54,-14.8457],"stabilizedTipPosition":[-31.0294,92.2723,13.2622],"timeVisible":21.6198,"tipPosition":[-31.1015,89.0206,12.4689],"tipVelocity":[-70.9222,-670.69,232.773],"tool":false,"touchDistance":0.333333,"touchZone":"none","type":2,"width":18.7732},{"bases":[[[0.861672,-0.480995,0.161758],[0.4292,0.860833,0.273413],[-0.270756,-0.166166,0.948198]],[[0.852266,-0.486217,0.192966],[0.464961,0.535077,-0.70534],[0.239696,0.690858,0.6821]],[[0.852266,-0.486217,0.192966],[-0.10925,-0.526189,-0.843321],[0.511574,0.697652,-0.501572]],[[0.852266,-0.486217,0.192966],[-0.40533,-0.846992,-0.343965],[0.330683,0.214935,-0.918941]]],"btipPosition":[-17.5504,86.0503,24.9097],"carpPosition":[-3.6172,129.335,83.0233],"dipPosition":[-11.4448,90.0188,7.94272],"direction":[-0.511574,-0.697652,0.501572],"extended":false,"handId":398,"id":3983,"length":63.6687,"mcpPosition":[13.143,139.62,24.3286],"pipPosition":[2.55973,109.117,-5.78797],"stabilizedTipPosition":[-15.8438,90.2666,20.1368],"timeVisible":21.6198,"tipPosition":[-15.691,87.1003,19.3385],"tipVelocity":[-72.5679,-643.278,197.907],"tool":false,"touchDistance":0.333333,"touchZone":"none","type":3,"width":17.8639},{"bases":[[[0.741703,-0.632572,0.223],[0.532378,0.757456,0.377934],[-0.407983,-0.161594,0.898575]],[[0.663409,-0.650649,0.369518],[0.706098,0.380944,-0.596915],[0.247616,0.656915,0.712144]],[[0.663409,-0.650649,0.369518],[-0.0534839,-0.53381,-0.843912],[0.746343,0.540096,-0.388934]],[[0.663409,-0.650649,0.369518],[-0.502711,-0.753349,-0.423965],[0.554229,0.0955013,-0.826868]]],"btipPosition":[-3.42371,93.0682,28.8107],"carpPosition":[5.71645,118.828,83.5823],"dipPosition":[6.01676,94.6949,14.7262],"direction":[-0.746343,-0.540096,0.388934],"extended":false,"handId":398,"id":3984,"length":49.9151,"mcpPosition":[29.0944,128.088,32.0927],"pipPosition":[20.4422,105.134,7.20883],"stabilizedTipPosition":[-1.07319,95.353,25.177],"timeVisible":21.6198,"tipPosition":[-0.745931,93.433,24.4745],"tipVelocity":[-75.5644,-620.59,166.537],"tool":false,"touchDistance":0.333333,"touchZone":"none","type":4,"width":15.8681}],"r":[[0.92317,-0.365595,-0.118735],[0.367733,0.929922,-0.00417005],[0.111939,-0.0398132,0.992917]],"s":1.0004,"t":[-14.719,-28.2262,-43.5621],"timestamp":88538730556},false],[5,{"currentFrameRate":54.999,"devices":[],"gestures":[],"hands":[{"armBasis":[[0.976942,-0.201128,-0.0716444],[0.213503,0.918189,0.333685],[-0.00133016,-0.341287,0.939958]],"armWidth":62.9686,"confidence":0.730273,"direction":[0.184666,0.321981,-0.928562],"elbow":[-12.0057,15.4579,342.519],"grabStrength":0,"id":398,"palmNormal":[-0.208912,-0.910359,-0.357216],"palmPosition":[-9.92241,121.772,39.8873],"palmVelocity":[-74.0074,-647.808,99.067],"palmWidth":89.917,"pinchStrength":0.501358,"r":[[0.925805,-0.359632,-0.116404],[0.359787,0.932811,-0.020411],[0.115924,-0.0229842,0.992992]],"s":1.007,"sphereCenter":[-38.9217,97.4381,3.90444],"sphereRadius":50.1042,"stabilizedPalmPosition":[-9.84829,122.783,39.733],"t":[-16.0276,-40.0214,-41.7872],"timeVisible":21.6379,"type":"right","wrist":[-11.6508,106.519,91.723]}],"id":1403752,"interactionBox":{"center":[0,200,0],"size":[235.247,235.247,147.751]},"pointables":[{"bases":[[[0.60933,0.772473,0.178891],[-0.751517,0.490677,0.440975],[0.252864,-0.403139,0.87951]],[[0.590763,0.798053,0.118788],[-0.747974,0.486485,0.451517],[0.302546,-0.35559,0.88432]],[[0.590763,0.798053,0.118788],[-0.806231,0.589625,0.0483138],[-0.0314833,-0.124312,0.991744]],[[0.590763,0.798053,0.118788],[-0.283567,0.343195,-0.895436],[-0.755373,0.495307,0.429049]]],"btipPosition":[-37.9531,113.311,1.24873],"carpPosition":[-41.5596,103.037,88.2095],"dipPosition":[-55.423,124.767,11.1716],"direction":[0.0314833,0.124312,-0.991744],"extended":false,"handId":398,"id":3980,"length":51.5018,"mcpPosition":[-41.5596,103.037,88.2095],"pipPosition":[-56.4838,120.578,44.5869],"stabilizedTipPosition":[-41.4961,119.496,2.63185],"timeVisible":21.6379,"tipPosition":[-41.223,113.584,2.78361],"tipVelocity":[-93.0745,-585.601,158.086],"tool":false,"touchDistance":0.558447,"touchZone":"hovering","type":0,"width":20.0112},{"bases":[[[0.977713,-0.202202,-0.0564919],[0.209687,0.953846,0.214964],[0.0104184,-0.222019,0.974987]],[[0.969946,-0.175165,-0.168886],[0.211765,0.94954,0.231366],[0.119836,-0.260176,0.958096]],[[0.969946,-0.175165,-0.168886],[0.170848,0.98449,-0.0398762],[0.173251,0.00982386,0.984829]],[[0.969946,-0.175165,-0.168886],[0.12831,0.957948,-0.256656],[0.206741,0.227273,0.951633]]],"btipPosition":[-41.3899,145.076,-65.0539],"carpPosition":[-27.9159,121.961,86.0968],"dipPosition":[-37.8993,148.913,-48.9864],"direction":[-0.173251,-0.00982386,-0.984829],"extended":true,"handId":398,"id":3981,"length":58.114,"mcpPosition":[-28.6734,138.102,15.2133],"pipPosition":[-33.7611,149.148,-25.4634],"stabilizedTipPosition":[-40.4327,147.316,-61.499],"timeVisible":21.6379,"tipPosition":[-39.9434,148.36,-61.0616],"tipVelocity":[-127.306,-860.804,64.543],"tool":false,"touchDistance":0.411589,"touchZone":"hovering","type":1,"width":19.1147},{"bases":[[[0.919964,-0.389964,0.0399389],[0.37214,0.900823,0.223672],[-0.123202,-0.190907,0.973846]],[[0.9173,-0.393724,0.0595134],[0.291521,0.562208,-0.77391],[0.271248,0.727257,0.630493]],[[0.9173,-0.393724,0.0595134],[-0.185572,-0.554924,-0.810939],[0.352311,0.732831,-0.582096]],[[0.9173,-0.393724,0.0595134],[-0.363726,-0.88931,-0.277184],[0.16206,0.232614,-0.958972]]],"btipPosition":[-33.1361,74.869,22.2032],"carpPosition":[-15.8003,121.261,85.2108],"dipPosition":[-30.1266,79.1888,4.3947],"direction":[-0.352311,-0.732831,0.582096],"extended":false,"handId":398,"id":3982,"length":66.2163,"mcpPosition":[-7.30616,134.423,18.0688],"pipPosition":[-20.2262,99.7821,-11.9628],"stabilizedTipPosition":[-32.2082,78.5972,17.2998],"timeVisible":21.6379,"tipPosition":[-32.2379,76.0566,16.1906],"tipVelocity":[-66.3478,-689.698,218.851],"tool":false,"touchDistance":0.333333,"touchZone":"none","type":2,"width":18.7732},{"bases":[[[0.861118,-0.480598,0.165837],[0.432799,0.864115,0.256884],[-0.26676,-0.149433,0.952107]],[[0.852051,-0.485174,0.196509],[0.45713,0.506764,-0.730905],[0.255033,0.712598,0.653576]],[[0.852051,-0.485174,0.196509],[-0.126585,-0.555238,-0.822002],[0.507923,0.675512,-0.534506]],[[0.852051,-0.485174,0.196509],[-0.41437,-0.854539,-0.313147],[0.319855,0.18539,-0.929152]]],"btipPosition":[-18.8135,73.3775,29.0968],"carpPosition":[-4.25561,117.506,85.1028],"dipPosition":[-12.9078,76.8005,11.9413],"direction":[-0.507923,-0.675512,0.534506],"extended":false,"handId":398,"id":3983,"length":63.6687,"mcpPosition":[12.2572,126.756,26.1661],"pipPosition":[0.996811,95.2929,-2.69103],"stabilizedTipPosition":[-17.1922,76.7922,24.3328],"timeVisible":21.6379,"tipPosition":[-16.9785,74.2652,23.325],"tipVelocity":[-72.3243,-672.463,212.301],"tool":false,"touchDistance":0.333333,"touchZone":"none","type":3,"width":17.8639},{"bases":[[[0.741028,-0.630789,0.230179],[0.536186,0.762226,0.362651],[-0.404205,-0.145316,0.903051]],[[0.665085,-0.646051,0.37454],[0.698716,0.361353,-0.617431],[0.263551,0.672341,0.691736]],[[0.665085,-0.646051,0.37454],[-0.0710569,-0.554022,-0.829464],[0.74338,0.52505,-0.414378]],[[0.665085,-0.646051,0.37454],[-0.512215,-0.759632,-0.400742],[0.543413,0.0746823,-0.836137]]],"btipPosition":[-4.61979,80.3981,32.1301],"carpPosition":[5.05214,106.985,85.7954],"dipPosition":[4.63645,81.6702,17.8877],"direction":[-0.74338,-0.52505,0.414378],"extended":false,"handId":398,"id":3984,"length":49.9151,"mcpPosition":[28.2136,115.312,34.0493],"pipPosition":[19.0046,91.8185,9.87853],"stabilizedTipPosition":[-2.34032,82.2476,28.4638],"timeVisible":21.6379,"tipPosition":[-1.95343,80.6549,27.6733],"tipVelocity":[-72.0382,-659.372,173.299],"tool":false,"touchDistance":0.333333,"touchZone":"none","type":4,"width":15.8681}],"r":[[0.925805,-0.359632,-0.116404],[0.359787,0.932811,-0.020411],[0.115924,-0.0229842,0.992992]],"s":1.007,"t":[-16.0276,-40.0214,-41.7872],"timestamp":88538748723},false],[6,{"currentFrameRate":55.0301,"devices":[],"gestures":[],"hands":[{"armBasis":[[0.979031,-0.191814,-0.0686029],[0.20371,0.923513,0.325003],[0.00101563,-0.332163,0.943222]],"armWidth":62.9686,"confidence":0.698901,"direction":[0.182816,0.324537,-0.928038],"elbow":[-12.5412,6.8252,345.452],"grabStrength":0,"id":398,"palmNormal":[-0.197373,-0.912613,-0.358023],"palmPosition":[-11.1543,110.747,41.9596],"palmVelocity":[-71.2462,-630.028,106.503],"palmWidth":89.917,"pinchStrength":0.471209,"r":[[0.928765,-0.352618,-0.114261],[0.351176,0.935721,-0.0331876],[0.118619,-0.0093023,0.992896]],"s":1.01317,"sphereCenter":[-40.2167,86.1421,5.8909],"sphereRadius":50.2805,"stabilizedPalmPosition":[-11.085,111.385,41.8415],"t":[-17.2979,-51.4319,-39.8637],"timeVisible":21.656,"type":"right","wrist":[-12.8122,95.4515,93.7854]}],"id":1403753,"interactionBox":{"center":[0,200,0],"size":[235.247,235.247,147.751]},"pointables":[{"bases":[[[0.59977,0.779549,0.180496],[-0.758201,0.481568,0.439572],[0.255747,-0.400495,0.879885]],[[0.584942,0.800216,0.132277],[-0.75001,0.471577,0.463788],[0.308752,-0.370498,0.876016]],[[0.584942,0.800216,0.132277],[-0.810434,0.583139,0.0560911],[-0.0322508,-0.140012,0.989624]],[[0.584942,0.800216,0.132277],[-0.278483,0.351325,-0.893878],[-0.761768,0.48603,0.428351]]],"btipPosition":[-39.196,103.371,3.74334],"carpPosition":[-42.6701,91.6182,90.2069],"dipPosition":[-56.8139,114.612,13.6501],"direction":[0.0322508,0.140012,-0.989625],"extended":false,"handId":398,"id":3980,"length":51.5018,"mcpPosition":[-42.6701,91.6182,90.2069],"pipPosition":[-57.9005,109.894,46.994],"stabilizedTipPosition":[-42.9541,108.229,5.45294],"timeVisible":21.656,"tipPosition":[-42.5297,103.614,5.28276],"tipVelocity":[-82.4432,-570.12,148.495],"tool":false,"touchDistance":0.573299,"touchZone":"hovering","type":0,"width":20.0112},{"bases":[[[0.980154,-0.190602,-0.0544926],[0.197935,0.956167,0.215791],[0.0109738,-0.222295,0.974918]],[[0.971975,-0.16297,-0.169426],[0.199538,0.952984,0.228049],[0.124295,-0.255465,0.958795]],[[0.971975,-0.16297,-0.169426],[0.155835,0.986268,-0.0546832],[0.176012,0.0267482,0.984025]],[[0.971975,-0.16297,-0.169426],[0.111194,0.953699,-0.279455],[0.207125,0.252784,0.945092]]],"btipPosition":[-43.0229,132.803,-62.9149],"carpPosition":[-29.2468,110.703,88.1308],"dipPosition":[-39.5258,137.071,-46.9578],"direction":[-0.176012,-0.0267482,-0.984025],"extended":true,"handId":398,"id":3981,"length":58.114,"mcpPosition":[-30.0446,126.864,17.2523],"pipPosition":[-35.3217,137.71,-23.454],"stabilizedTipPosition":[-42.1252,134.492,-59.3627],"timeVisible":21.656,"tipPosition":[-41.577,136.116,-59.0102],"tipVelocity":[-109.737,-772.051,89.4608],"tool":false,"touchDistance":0.435467,"touchZone":"hovering","type":1,"width":19.1147},{"bases":[[[0.924424,-0.379074,0.04174],[0.360985,0.905066,0.224824],[-0.123002,-0.192765,0.973505]],[[0.921816,-0.382806,0.06095],[0.285419,0.563919,-0.774939],[0.26228,0.731748,0.62909]],[[0.921816,-0.382806,0.06095],[-0.178735,-0.559287,-0.809476],[0.343961,0.735294,-0.583981]],[[0.921816,-0.382806,0.06095],[-0.353083,-0.894108,-0.275505],[0.159961,0.232445,-0.959365]]],"btipPosition":[-33.7706,63.6026,24.4133],"carpPosition":[-17.1219,110.146,87.2704],"dipPosition":[-30.8001,67.9192,6.59749],"direction":[-0.343961,-0.735294,0.583981],"extended":false,"handId":398,"id":3982,"length":66.2163,"mcpPosition":[-8.6415,123.436,20.1518],"pipPosition":[-21.1344,88.5818,-9.81299],"stabilizedTipPosition":[-32.972,66.4336,19.9197],"timeVisible":21.656,"tipPosition":[-32.8938,64.7741,18.4699],"tipVelocity":[-51.7556,-658.367,172.971],"tool":false,"touchDistance":0.333333,"touchZone":"none","type":2,"width":18.7732},{"bases":[[[0.866387,-0.470451,0.167477],[0.422003,0.869064,0.25815],[-0.266995,-0.152982,0.951478]],[[0.857417,-0.475098,0.197783],[0.44931,0.50372,-0.737826],[0.250912,0.72149,0.645364]],[[0.857417,-0.475098,0.197783],[-0.124945,-0.565011,-0.815568],[0.499224,0.67457,-0.543811]],[[0.857417,-0.475098,0.197783],[-0.406462,-0.860918,-0.305957],[0.315634,0.181941,-0.931275]]],"btipPosition":[-19.5787,62.3164,31.8749],"carpPosition":[-5.5334,106.528,87.1854],"dipPosition":[-13.7509,65.6757,14.6801],"direction":[-0.499224,-0.67457,0.543811],"extended":false,"handId":398,"id":3983,"length":63.6687,"mcpPosition":[10.9939,115.998,28.2877],"pipPosition":[-0.0845186,84.1423,-0.206893],"stabilizedTipPosition":[-18.1001,64.9002,27.4459],"timeVisible":21.656,"tipPosition":[-17.7688,63.1795,26.0921],"tipVelocity":[-58.5651,-644.287,184.273],"tool":false,"touchDistance":0.333333,"touchZone":"none","type":3,"width":17.8639},{"bases":[[[0.747946,-0.62208,0.231503],[0.526363,0.768359,0.364096],[-0.404374,-0.15047,0.902131]],[[0.673787,-0.638124,0.372571],[0.689048,0.360488,-0.628699],[0.26688,0.680328,0.68259]],[[0.673787,-0.638124,0.372571],[-0.0770494,-0.562131,-0.823451],[0.734898,0.526124,-0.427923]],[[0.673787,-0.638124,0.372571],[-0.50876,-0.766288,-0.392385],[0.535887,0.074834,-0.840967]]],"btipPosition":[-5.58982,69.5239,34.9446],"carpPosition":[3.89664,96.1176,87.8936],"dipPosition":[3.53823,70.7985,20.62],"direction":[-0.734898,-0.526124,0.427923],"extended":false,"handId":398,"id":3984,"length":49.9151,"mcpPosition":[27.0678,104.74,36.2002],"pipPosition":[17.7425,80.9675,12.349],"stabilizedTipPosition":[-3.3911,70.89,31.3749],"timeVisible":21.656,"tipPosition":[-2.90841,69.7802,30.3721],"tipVelocity":[-64.1032,-632.1,164.495],"tool":false,"touchDistance":0.333333,"touchZone":"none","type":4,"width":15.8681}],"r":[[0.928765,-0.352618,-0.114261],[0.351176,0.935721,-0.0331876],[0.118619,-0.0093023,0.992896]],"s":1.01317,"t":[-17.2979,-51.4319,-39.