{"sensorType":"Leap","data":[[0,{"currentFrameRate":55.3634,"devices":[],"gestures":[],"hands":[{"armBasis":[[0.912238,-0.345697,-0.219809],[0.393293,0.8892,0.233762],[0.114643,-0.299695,0.947122]],"armWidth":62.9686,"confidence":0.483648,"direction":[0.256236,0.464192,-0.847861],"elbow":[3.95322,111.359,315.952],"grabStrength":0,"id":398,"palmNormal":[-0.329293,-0.782759,-0.528067],"palmPosition":[-21.2134,215.874,15.3869],"palmVelocity":[43.1254,-253.212,104.769],"palmWidth":89.917,"pinchStrength":1,"r":[[0.875805,-0.469209,-0.113172],[0.475619,0.878879,0.036855],[0.0821718,-0.0861045,0.992892]],"s":0.923227,"sphereCenter":[-61.9319,222.584,-24.246],"sphereRadius":58.511,"stabilizedPalmPosition":[-21.8161,223.3,11.1255],"t":[-29.4359,46.9528,-66.4198],"timeVisible":6.25437,"type":"right","wrist":[-26.6354,191.323,63.2452]}],"id":1402907,"interactionBox":{"center":[0,200,0],"size":[235.247,235.247,147.751]},"pointables":[{"bases":[[[0.710225,0.623905,0.326072],[-0.684129,0.502493,0.528648],[0.165977,-0.598534,0.783714]],[[0.609118,0.792299,0.0351661],[-0.785997,0.597172,0.159982],[0.105753,-0.125088,0.986493]],[[0.609118,0.792299,0.0351661],[-0.792804,0.609476,0.000684174],[-0.0208909,-0.0282966,0.999381]],[[0.609118,0.792299,0.0351661],[-0.475281,0.400173,-0.783562],[-0.634888,0.460568,0.620318]]],"btipPosition":[-46.4481,189.548,-37.5496],"carpPosition":[-56.6188,193.076,59.1323],"dipPosition":[-61.1316,200.2,-23.2031],"direction":[0.0208909,0.0282966,-0.999381],"extended":false,"handId":398,"id":3980,"length":51.5018,"mcpPosition":[-56.6188,193.076,59.1323],"pipPosition":[-61.8355,199.247,10.4696],"stabilizedTipPosition":[-49.272,198.732,-39.4611],"timeVisible":6.25437,"tipPosition":[-49.7979,191.61,-34.1662],"tipVelocity":[8.47392,-156.351,83.7273],"tool":false,"touchDistance":-0.0936121,"touchZone":"touching","type":0,"width":20.0112},{"bases":[[[0.938917,-0.330681,-0.0953192],[0.340485,0.852304,0.397049],[-0.0500555,-0.405251,0.912834]],[[0.933536,-0.256058,-0.250889],[0.356322,0.739536,0.57107],[0.039314,-0.622511,0.781623]],[[0.933536,-0.256058,-0.250889],[0.343288,0.840146,0.41989],[0.103267,-0.478109,0.872208]],[[0.933536,-0.256058,-0.250889],[0.323084,0.904208,0.279328],[0.155331,-0.341821,0.926839]]],"btipPosition":[-43.4223,282.889,-75.2804],"carpPosition":[-40.3031,209.806,60.7507],"dipPosition":[-40.7996,277.118,-59.6315],"direction":[-0.103267,0.478109,-0.872208],"extended":true,"handId":398,"id":3981,"length":58.114,"mcpPosition":[-36.664,239.269,-5.61414],"pipPosition":[-38.3331,265.698,-38.7985],"stabilizedTipPosition":[-39.9117,285.991,-93.8371],"timeVisible":6.25437,"tipPosition":[-42.7738,281.944,-71.4411],"tipVelocity":[-3.73199,-118.74,212.141],"tool":false,"touchDistance":0.231435,"touchZone":"hovering","type":1,"width":19.1147},{"bases":[[[0.851628,-0.522811,-0.0373969],[0.493136,0.775024,0.395163],[-0.177612,-0.354974,0.917849]],[[0.842535,-0.538618,0.00495338],[0.525303,0.819604,-0.228704],[0.119124,0.195293,0.973483]],[[0.842535,-0.538618,0.00495338],[-0.0611563,-0.104793,-0.992612],[0.535158,0.836008,-0.121231]],[[0.842535,-0.538618,0.00495338],[-0.464826,-0.731691,-0.498563],[0.272159,0.417754,-0.86684]]],"btipPosition":[-41.9205,191.416,-30.4061],"carpPosition":[-28.3993,207.495,59.7399],"dipPosition":[-36.8664,199.174,-46.5037],"direction":[-0.535158,-0.836008,0.121231],"extended":false,"handId":398,"id":3982,"length":66.2163,"mcpPosition":[-16.1538,231.969,-3.54146],"pipPosition":[-21.8279,222.667,-49.9104],"stabilizedTipPosition":[-40.2249,201.974,-41.8942],"timeVisible":6.25437,"tipPosition":[-41.2403,192.445,-34.1051],"tipVelocity":[15.2212,-166.751,80.4914],"tool":false,"touchDistance":0.333333,"touchZone":"none","type":2,"width":18.7732},{"bases":[[[0.776595,-0.626277,0.0683979],[0.546808,0.723981,0.420539],[-0.312893,-0.289188,0.904693]],[[0.774672,-0.628029,0.0739139],[0.630481,0.75806,-0.16685],[0.0487553,0.175855,0.983208]],[[0.774672,-0.628029,0.0739139],[0.021903,-0.0901669,-0.995686],[0.631984,0.772949,-0.0560941]],[[0.774672,-0.628029,0.0739139],[-0.496835,-0.676782,-0.543251],[0.391201,0.384118,-0.836311]]],"btipPosition":[-24.8363,184.041,-23.5404],"carpPosition":[-17.5283,202.157,58.8956],"dipPosition":[-17.6133,191.134,-38.9818],"direction":[-0.631984,-0.772949,0.0560941],"extended":false,"handId":398,"id":3983,"length":63.6687,"mcpPosition":[1.84014,220.058,2.89394],"pipPosition":[-0.312542,212.293,-40.5174],"stabilizedTipPosition":[-23.2154,195.319,-32.7719],"timeVisible":6.25437,"tipPosition":[-23.7729,184.944,-27.1124],"tipVelocity":[18.3373,-180.777,62.2999],"tool":false,"touchDistance":0.333333,"touchZone":"none","type":3,"width":17.8639},{"bases":[[[0.634066,-0.766494,0.102215],[0.631134,0.589346,0.504322],[-0.4468,-0.255262,0.857445]],[[0.574735,-0.791936,0.206196],[0.818287,0.553313,-0.155728],[0.00923627,0.25823,0.966039]],[[0.574735,-0.791936,0.206196],[0.0914058,-0.188267,-0.977855],[0.813218,0.580855,-0.035816]],[[0.574735,-0.791936,0.206196],[-0.576965,-0.570826,-0.584183],[0.580337,0.216783,-0.784993]]],"btipPosition":[-10.2042,181.119,-11.3091],"carpPosition":[-9.88048,190.434,57.5158],"dipPosition":[-0.318977,184.811,-24.6803],"direction":[-0.813218,-0.580855,0.035816],"extended":false,"handId":398,"id":3984,"length":49.9151,"mcpPosition":[15.7218,205.061,8.38299],"pipPosition":[15.399,196.038,-25.3726],"stabilizedTipPosition":[-8.81482,193.266,-18.2895],"timeVisible":6.25437,"tipPosition":[-8.75624,181.446,-14.1654],"tipVelocity":[26.3898,-205.005,39.8031],"tool":false,"touchDistance":0.333333,"touchZone":"none","type":4,"width":15.8681}],"r":[[0.875805,-0.469209,-0.113172],[0.475619,0.878879,0.036855],[0.0821718,-0.0861045,0.992892]],"s":0.923227,"t":[-29.4359,46.9528,-66.4198],"timestamp":88523365165},false],[1,{"currentFrameRate":55.3545,"devices":[],"gestures":[],"hands":[{"armBasis":[[0.912838,-0.338835,-0.227855],[0.392082,0.883178,0.257426],[0.114011,-0.324326,0.93905]],"armWidth":62.9686,"confidence":0.529287,"direction":[0.263857,0.435599,-0.8606],"elbow":[4.73624,100.749,315.824],"grabStrength":0,"id":398,"palmNormal":[-0.333815,-0.795846,-0.50517],"palmPosition":[-19.8455,210.3,16.7032],"palmVelocity":[58.5649,-279.276,89.5385],"palmWidth":89.917,"pinchStrength":1,"r":[[0.874488,-0.469618,-0.121367],[0.477387,0.877592,0.0439675],[0.0858628,-0.0963881,0.991633]],"s":0.921268,"sphereCenter":[-59.848,215.377,-23.3568],"sphereRadius":57.993,"stabilizedPalmPosition":[-20.5308,214.821,14.7637],"t":[-28.3476,41.832,-64.8081],"timeVisible":6.27247,"type":"right","wrist":[-25.6838,187.285,65.2707]}],"id":1402908,"interactionBox":{"center":[0,200,0],"size":[235.247,235.247,147.751]},"pointables":[{"bases":[[[0.714213,0.627588,0.309893],[-0.681991,0.52439,0.509807],[0.157444,-0.575455,0.802535]],[[0.616882,0.786896,0.0158248],[-0.780349,0.608883,0.142533],[0.102524,-0.100275,0.989663]],[[0.616882,0.786896,0.0158248],[-0.786766,0.617076,-0.0147264],[-0.0213533,-0.00336596,0.999766]],[[0.616882,0.786896,0.0158248],[-0.461265,0.377751,-0.802832],[-0.637723,0.487953,0.595996]]],"btipPosition":[-45.222,182.941,-35.3186],"carpPosition":[-55.6331,189.166,60.9701],"dipPosition":[-59.971,194.226,-21.5347],"direction":[0.0213533,0.00336596,-0.999766],"extended":false,"handId":398,"id":3980,"length":51.5018,"mcpPosition":[-55.6331,189.166,60.9701],"pipPosition":[-60.6905,194.113,12.151],"stabilizedTipPosition":[-48.9228,191.728,-35.5792],"timeVisible":6.27247,"tipPosition":[-48.5317,185.049,-32.1122],"tipVelocity":[36.2715,-251.808,99.1391],"tool":false,"touchDistance":-0.0887684,"touchZone":"touching","type":0,"width":20.0112},{"bases":[[[0.936412,-0.341465,-0.0808335],[0.346168,0.861216,0.372123],[-0.057452,-0.376442,0.924657]],[[0.932476,-0.272199,-0.237477],[0.359792,0.758468,0.543392],[0.032208,-0.592143,0.805189]],[[0.932476,-0.272199,-0.237477],[0.347262,0.85653,0.381792],[0.099483,-0.438479,0.893219]],[[0.932476,-0.272199,-0.237477],[0.326695,0.91599,0.232878],[0.154138,-0.294736,0.943065]]],"btipPosition":[-41.3492,273.756,-76.5212],"carpPosition":[-39.18,205.798,62.1458],"dipPosition":[-38.7468,268.78,-60.5984],"direction":[-0.099483,0.438479,-0.893219],"extended":true,"handId":398,"id":3981,"length":58.114,"mcpPosition":[-35.0032,233.166,-5.07862],"pipPosition":[-36.3706,258.306,-39.2635],"stabilizedTipPosition":[-39.9568,285.273,-92.7109],"timeVisible":6.27247,"tipPosition":[-40.6226,273.237,-72.5017],"tipVelocity":[52.401,-297.486,80.3007],"tool":false,"touchDistance":0.235041,"touchZone":"hovering","type":1,"width":19.1147},{"bases":[[[0.847215,-0.530964,-0.0174113],[0.49815,0.782615,0.37331],[-0.184588,-0.324947,0.927543]],[[0.837902,-0.54525,0.0249652],[0.532921,0.807357,-0.253317],[0.117966,0.22556,0.967061]],[[0.837902,-0.54525,0.0249652],[-0.0620588,-0.14061,-0.988118],[0.542282,0.826397,-0.151655]],[[0.837902,-0.54525,0.0249652],[-0.471789,-0.746496,-0.469211],[0.274474,0.381374,-0.882733]]],"btipPosition":[-40.5207,184.711,-28.0979],"carpPosition":[-27.2925,203.356,61.2605],"dipPosition":[-35.4237,191.793,-44.4906],"direction":[-0.542282,-0.826397,0.151655],"extended":false,"handId":398,"id":3982,"length":66.2163,"mcpPosition":[-14.566,225.759,-2.68918],"pipPosition":[-20.185,215.016,-48.7522],"stabilizedTipPosition":[-40.0715,199.237,-40.1387],"timeVisible":6.27247,"tipPosition":[-39.8062,185.627,-31.957],"tipVelocity":[45.029,-267.756,101.091],"tool":false,"touchDistance":0.333333,"touchZone":"none","type":2,"width":18.7732},{"bases":[[[0.770838,-0.630472,0.0911823],[0.551269,0.731923,0.40049],[-0.319236,-0.258447,0.911753]],[[0.768954,-0.631975,0.0965235],[0.637617,0.74717,-0.187569],[0.0464196,0.205777,0.977497]],[[0.768954,-0.631975,0.0965235],[0.0228369,-0.123732,-0.992053],[0.638896,0.765047,-0.0807122]],[[0.768954,-0.631975,0.0965235],[-0.50268,-0.690977,-0.519484],[0.394997,0.350939,-0.849011]]],"btipPosition":[-23.5362,177.391,-21.0821],"carpPosition":[-16.4647,197.901,60.6304],"dipPosition":[-16.2431,183.87,-36.758],"direction":[-0.638896,-0.765047,0.0807122],"extended":false,"handId":398,"id":3983,"length":63.6687,"mcpPosition":[3.2964,213.899,4.19164],"pipPosition":[1.24685,204.814,-38.9675],"stabilizedTipPosition":[-22.9025,191.528,-30.9074],"timeVisible":6.27247,"tipPosition":[-22.4369,178.178,-24.7449],"tipVelocity":[44.2066,-273.287,95.8584],"tool":false,"touchDistance":0.333333,"touchZone":"none","type":3,"width":17.8639},{"bases":[[[0.626956,-0.768357,0.128661],[0.634067,0.599223,0.488764],[-0.452642,-0.224854,0.862877]],[[0.569173,-0.789519,0.229567],[0.822187,0.54409,-0.167258],[0.00714851,0.283946,0.958814]],[[0.569173,-0.789519,0.229567],[0.0926407,-0.215848,-0.972022],[0.816982,0.574516,-0.0497131]],[[0.569173,-0.789519,0.229567],[-0.580247,-0.583514,-0.568177],[0.582542,0.190185,-0.790237]]],"btipPosition":[-8.93928,174.696,-8.87861],"carpPosition":[-8.91299,186.077,59.6471],"dipPosition":[0.98347,177.935,-22.3391],"direction":[-0.816982,-0.574516,0.0497131],"extended":false,"handId":398,"id":3984,"length":49.9151,"mcpPosition":[17.024,198.962,10.2031],"pipPosition":[16.7742,189.04,-23.3],"stabilizedTipPosition":[-8.16358,187.887,-16.3836],"timeVisible":6.27247,"tipPosition":[-7.48032,174.934,-11.7431],"tipVelocity":[47.3082,-279.04,84.2085],"tool":false,"touchDistance":0.333333,"touchZone":"none","type":4,"width":15.8681}],"r":[[0.874488,-0.469618,-0.121367],[0.477387,0.877592,0.0439675],[0.0858628,-0.0963881,0.991633]],"s":0.921268,"t":[-28.3476,41.832,-64.8081],"timestamp":88523383261},false],[2,{"currentFrameRate":55.3435,"devices":[],"gestures":[],"hands":[{"armBasis":[[0.916059,-0.331334,-0.225952],[0.384824,0.884829,0.262655],[0.112902,-0.327559,0.938061]],"armWidth":62.9686,"confidence":0.566839,"direction":[0.268392,0.422482,-0.865722],"elbow":[5.26789,96.1735,316.699],"grabStrength":0,"id":398,"palmNormal":[-0.328199,-0.804825,-0.494512],"palmPosition":[-18.7574,205.821,17.5181],"palmVelocity":[59.292,-264.104,68.3503],"palmWidth":89.917,"pinchStrength":1,"r":[[0.873857,-0.469773,-0.125253],[0.478236,0.876948,0.0474548],[0.0875472,-0.101369,0.990989]],"s":0.918106,"sphereCenter":[-57.776,208.932,-22.9541],"sphereRadius":57.2322,"stabilizedPalmPosition":[-19.2252,208.195,16.7915],"t":[-27.2595,37.032,-63.5949],"timeVisible":6.29058,"type":"right","wrist":[-24.8562,183.572,66.4096]}],"id":1402909,"interactionBox":{"center":[0,200,0],"size":[235.247,235.247,147.751]},"pointables":[{"bases":[[[0.710364,0.634557,0.3045],[-0.686852,0.530529,0.496763],[0.153678,-0.562029,0.812716]],[[0.61626,0.787465,0.0110853],[-0.781311,0.609556,0.134144],[0.0988766,-0.0913286,0.9909]],[[0.61626,0.787465,0.0110853],[-0.78718,0.616342,-0.0216993],[-0.0239197,0.0046463,0.999703]],[[0.61626,0.787465,0.0110853],[-0.445789,0.360403,-0.819379],[-0.649227,0.500008,0.573146]]],"btipPosition":[-43.8377,178.081,-33.9388],"carpPosition":[-54.7812,185.297,61.8802],"dipPosition":[-58.8527,189.645,-20.6833],"direction":[0.0239197,-0.0046463,-0.999703],"extended":false,"handId":398,"id":3980,"length":51.5018,"mcpPosition":[-54.7812,185.297,61.8802],"pipPosition":[-59.6587,189.802,13.0002],"stabilizedTipPosition":[-47.7662,183.94,-32.2554],"timeVisible":6.29058,"tipPosition":[-47.1566,180.118,-30.9232],"tipVelocity":[53.7801,-258.008,85.0329],"tool":false,"touchDistance":-0.100011,"touchZone":"touching","type":0,"width":20.0112},{"bases":[[[0.937884,-0.339998,-0.0691044],[0.341258,0.868085,0.360516],[-0.0625865,-0.361705,0.93019]],[[0.935003,-0.274121,-0.225003],[0.353292,0.77522,0.523659],[0.0308807,-0.569115,0.821678]],[[0.935003,-0.274121,-0.225003],[0.340225,0.872388,0.350978],[0.100079,-0.404718,0.908949]],[[0.935003,-0.274121,-0.225003],[0.318549,0.928025,0.193121],[0.15587,-0.252243,0.955028]]],"btipPosition":[-40.166,266.378,-77.4493],"carpPosition":[-38.383,201.993,62.8977],"dipPosition":[-37.5343,262.119,-61.3245],"direction":[-0.100079,0.404718,-0.908949],"extended":true,"handId":398,"id":3981,"length":58.114,"mcpPosition":[-33.8328,228.29,-4.72896],"pipPosition":[-35.1439,252.452,-39.6139],"stabilizedTipPosition":[-39.8911,281.979,-89.5669],"timeVisible":6.29058,"tipPosition":[-39.3447,266.33,-73.2359],"tipVelocity":[58.736,-345.476,18.9298],"tool":false,"touchDistance":0.248585,"touchZone":"hovering","type":1,"width":19.1147},{"bases":[[[0.848795,-0.528712,-0.00323695],[0.493449,0.789955,0.363978],[-0.189882,-0.31054,0.931402]],[[0.83932,-0.542239,0.0389668],[0.531988,0.804463,-0.264249],[0.111939,0.24252,0.963667]],[[0.83932,-0.542239,0.0389668],[-0.0585591,-0.161437,-0.985144],[0.540475,0.824569,-0.167251]],[[0.83932,-0.542239,0.0389668],[-0.468852,-0.758278,-0.452982],[0.275173,0.361927,-0.890667]]],"btipPosition":[-39.0214,179.538,-26.7463],"carpPosition":[-26.483,199.572,62.1309],"dipPosition":[-33.9113,186.259,-43.2864],"direction":[-0.540475,-0.824569,0.167251],"extended":false,"handId":398,"id":3982,"length":66.2163,"mcpPosition":[-13.3915,220.982,-2.0849],"pipPosition":[-18.7234,209.43,-47.9863],"stabilizedTipPosition":[-39.4102,193.843,-37.2896],"timeVisible":6.29058,"tipPosition":[-38.2734,180.403,-30.7174],"tipVelocity":[63.0809,-278.473,87.6167],"tool":false,"touchDistance":0.333333,"touchZone":"none","type":2,"width":18.7732},{"bases":[[[0.771971,-0.626684,0.106433],[0.546526,0.73986,0.392322],[-0.324607,-0.244693,0.91365]],[[0.770176,-0.628018,0.11145],[0.636351,0.744671,-0.201303],[0.0434286,0.22596,0.973168]],[[0.770176,-0.628018,0.11145],[0.0230583,-0.147204,-0.988837],[0.637414,0.764149,-0.098892]],[[0.770176,-0.628018,0.11145],[-0.501452,-0.704168,-0.502686],[0.394176,0.33127,-0.857255]]],"btipPosition":[-22.1873,172.274,-19.3284],"carpPosition":[-15.636,194.139,61.6605],"dipPosition":[-14.9093,178.39,-35.1564],"direction":[-0.637414,-0.764149,0.098892],"extended":false,"handId":398,"id":3983,"length":63.6687,"mcpPosition":[4.45758,209.286,5.10438],"pipPosition":[2.54009,199.309,-37.8636],"stabilizedTipPosition":[-22.0504,185.163,-28.076],"timeVisible":6.29058,"tipPosition":[-20.9909,173.065,-23.1645],"tipVelocity":[58.5278,-279.914,95.4133],"tool":false,"touchDistance":0.333333,"touchZone":"none","type":3,"width":17.8639},{"bases":[[[0.628228,-0.764366,0.145167],[0.629103,0.608837,0.483267],[-0.457776,-0.212277,0.863353]],[[0.570278,-0.783971,0.245303],[0.821452,0.544046,-0.17097],[0.000579055,0.299004,0.954252]],[[0.570278,-0.783971,0.245303],[0.0983577,-0.231305,-0.967897],[0.815542,0.576097,-0.0547986]],[[0.570278,-0.783971,0.245303],[-0.575789,-0.594474,-0.561309],[0.585876,0.17886,-0.790417]]],"btipPosition":[-7.57632,169.857,-7.3745],"carpPosition":[-8.04484,182.322,60.9178],"dipPosition":[2.40322,172.903,-20.8381],"direction":[-0.815542,-0.576097,0.0547986],"extended":false,"handId":398,"id":3984,"length":49.9151,"mcpPosition":[18.1864,194.486,11.4464],"pipPosition":[18.1661,184.038,-21.8972],"stabilizedTipPosition":[-6.92754,180.456,-13.8483],"timeVisible":6.29058,"tipPosition":[-6.08077,170.06,-10.2576],"tipVelocity":[60.9562,-274.596,83.6472],"tool":false,"touchDistance":0.333333,"touchZone":"none","type":4,"width":15.8681}],"r":[[0.873857,-0.469773,-0.125253],[0.478236,0.876948,0.0474548],[0.0875472,-0.101369,0.990989]],"s":0.918106,"t":[-27.2595,37.032,-63.5949],"timestamp":88523401368},false],[3,{"currentFrameRate":55.3568,"devices":[],"gestures":[],"hands":[{"armBasis":[[0.923631,-0.31261,-0.221765],[0.365612,0.892252,0.264979],[0.115035,-0.325823,0.938406]],"armWidth":62.9686,"confidence":0.601621,"direction":[0.271815,0.40706,-0.87202],"elbow":[6.65648,93.0446,317.773],"grabStrength":0,"id":398,"palmNormal":[-0.311136,-0.820299,-0.4799],"palmPosition":[-17.72,201.226,18.0837],"palmVelocity":[58.4771,-259.79,50.8256],"palmWidth":89.917,"pinchStrength":1,"r":[[0.874988,-0.467891,-0.124396],[0.476251,0.878034,0.0473478],[0.0870699,-0.100672,0.991102]],"s":0.913319,"sphereCenter":[-54.7065,200.431,-22.9345],"sphereRadius":55.7262,"stabilizedPalmPosition":[-18.0108,202.572,17.8341],"t":[-26.1967,32.3344,-62.7055],"timeVisible":6.3086,"type":"right","wrist":[-24.0368,179.979,67.3917]}],"id":1402910,"interactionBox":{"center":[0,200,0],"size":[235.247,235.247,147.751]},"pointables":[{"bases":[[[0.697778,0.65146,0.297834],[-0.699833,0.531323,0.477419],[0.152774,-0.541567,0.826659]],[[0.609379,0.792804,0.0109508],[-0.786818,0.602957,0.131758],[0.0978553,-0.0889068,0.991221]],[[0.609379,0.792804,0.0109508],[-0.792545,0.609464,-0.0206383],[-0.0230362,0.0038975,0.999727]],[[0.609379,0.792804,0.0109508],[-0.42471,0.338049,-0.839848],[-0.669537,0.507134,0.542711]]],"btipPosition":[-42.4979,173.692,-32.6266],"carpPosition":[-53.9318,181.167,62.5053],"dipPosition":[-57.9827,185.421,-20.0749],"direction":[0.0230362,-0.0038975,-0.999727],"extended":false,"handId":398,"id":3980,"length":51.5018,"mcpPosition":[-53.9318,181.167,62.5053],"pipPosition":[-58.7589,185.552,13.6094],"stabilizedTipPosition":[-46.4513,178.123,-30.3173],"timeVisible":6.3086,"tipPosition":[-45.6772,175.345,-29.8196],"tipVelocity":[60.6917,-250.177,74.9853],"tool":false,"touchDistance":-0.110458,"touchZone":"touching","type":0,"width":20.0112},{"bases":[[[0.943375,-0.327712,-0.0514623],[0.324761,0.880756,0.344672],[-0.0676273,-0.341868,0.937312]],[[0.941594,-0.26677,-0.20551],[0.335016,0.803947,0.491359],[0.0341395,-0.53151,0.846364]],[[0.941594,-0.26677,-0.20551],[0.320559,0.897014,0.304314],[0.103164,-0.352419,0.930139]],[[0.941594,-0.26677,-0.20551],[0.297398,0.945039,0.135855],[0.157973,-0.189039,0.969179]]],"btipPosition":[-39.4514,257.149,-79.3329],"carpPosition":[-37.7873,198.119,63.325],"dipPosition":[-36.7842,253.957,-62.9692],"direction":[-0.103164,0.352419,-0.930139],"extended":true,"handId":398,"id":3981,"length":58.114,"mcpPosition":[-32.8706,222.974,-4.81948],"pipPosition":[-34.32,245.539,-40.7525],"stabilizedTipPosition":[-39.5035,272.57,-84.415],"timeVisible":6.3086,"tipPosition":[-38.5274,257.8,-74.8639],"tipVelocity":[49.9068,-418.061,-38.1621],"tool":false,"touchDistance":0.254898,"touchZone":"hovering","type":1,"width":19.1147},{"bases":[[[0.856286,-0.5162,0.017646],[0.478011,0.804954,0.351504],[-0.195651,-0.292553,0.93602]],[[0.846644,-0.528808,0.0596299],[0.522833,0.805683,-0.278423],[0.0991894,0.266902,0.958606]],[[0.846644,-0.528808,0.0596299],[-0.048821,-0.188763,-0.980808],[0.529915,0.827485,-0.185632]],[[0.846644,-0.528808,0.0596299],[-0.455018,-0.777463,-0.434177],[0.275956,0.340461,-0.898852]]],"btipPosition":[-37.0972,173.736,-25.5462],"carpPosition":[-25.846,195.855,62.7397],"dipPosition":[-31.9726,180.059,-42.2383],"direction":[-0.529915,-0.827485,0.185632],"extended":false,"handId":398,"id":3982,"length":66.2163,"mcpPosition":[-12.3568,216.025,-1.79445],"pipPosition":[-17.0814,203.312,-47.4547],"stabilizedTipPosition":[-37.8556,185.538,-33.7705],"timeVisible":6.3086,"tipPosition":[-36.3029,174.538,-29.6213],"tipVelocity":[83.8905,-301.498,76.7321],"tool":false,"touchDistance":0.333333,"touchZone":"none","type":2,"width":18.7732},{"bases":[[[0.779674,-0.612827,0.128648],[0.531487,0.75628,0.381526],[-0.331104,-0.229091,0.915362]],[[0.777984,-0.613982,0.133291],[0.627235,0.746751,-0.221223],[0.0362921,0.255713,0.966071]],[[0.777984,-0.613982,0.133291],[0.0268953,-0.179411,-0.983407],[0.627708,0.76866,-0.123066]],[[0.777984,-0.613982,0.133291],[-0.490683,-0.726265,-0.481424],[0.39239,0.309137,-0.866293]]],"btipPosition":[-20.4529,166.713,-17.4461],"carpPosition":[-14.9176,190.572,62.5068],"dipPosition":[-13.2079,172.421,-33.4411],"direction":[-0.627708,-0.76866,0.123066],"extended":false,"handId":398,"id":3983,"length":63.6687,"mcpPosition":[5.57816,204.753,5.84465],"pipPosition":[3.97576,193.463,-36.81],"stabilizedTipPosition":[-20.4601,176.813,-24.689],"timeVisible":6.3086,"tipPosition":[-19.1126,167.534,-21.4932],"tipVelocity":[76.214,-295.992,98.6924],"tool":false,"touchDistance":0.333333,"touchZone":"none","type":3,"width":17.8639},{"bases":[[[0.637506,-0.751702,0.168907],[0.61493,0.628526,0.476252],[-0.464162,-0.199747,0.862933]],[[0.580023,-0.76966,0.266828],[0.814506,0.552948,-0.17558],[-0.0124055,0.319174,0.947615]],[[0.580023,-0.76966,0.266828],[0.108666,-0.251525,-0.961731],[0.80732,0.586821,-0.0622541]],[[0.580023,-0.76966,0.266828],[-0.563495,-0.615635,-0.550877],[0.588257,0.169165,-0.790782]]],"btipPosition":[-5.74319,164.924,-5.77669],"carpPosition":[-7.14972,178.854,62.1093],"dipPosition":[4.27691,167.805,-19.2465],"direction":[-0.80732,-0.586821,0.0622541],"extended":false,"handId":398,"id":3984,"length":49.9151,"mcpPosition":[19.4474,190.3,12.662],"pipPosition":[19.8809,179.148,-20.4498],"stabilizedTipPosition":[-5.0399,172.411,-11.1575],"timeVisible":6.3086,"tipPosition":[-4.19334,165.091,-8.70354],"tipVelocity":[80.5351,-275.198,85.9926],"tool":false,"touchDistance":0.333333,"touchZone":"none","type":4,"width":15.8681}],"r":[[0.874988,-0.467891,-0.124396],[0.476251,0.878034,0.0473478],[0.0870699,-0.100672,0.991102]],"s":0.913319,"t":[-26.1967,32.3344,-62.7055],"timestamp":88523419387},false],[4,{"currentFrameRate":55.3355,"devices":[],"gestures":[],"hands":[{"armBasis":[[0.930648,-0.298121,-0.212176],[0.346401,0.904619,0.248337],[0.117904,-0.304612,0.945151]],"armWidth":62.9686,"confidence":0.614517,"direction":[0.274023,0.39063,-0.878817],"elbow":[8.34067,94.5331,320.907],"grabStrength":0,"id":398,"palmNormal":[-0.291171,-0.837209,-0.462926],"palmPosition":[-16.6427,195.963,18.9811],"palmVelocity":[58.9035,-274.216,50.173],"palmWidth":89.917,"pinchStrength":1,"r":[[0.877829,-0.463807,-0.119581],[0.471382,0.880833,0.0439628],[0.0849405,-0.0949601,0.991851]],"s":0.907228,"sphereCenter":[-51.0149,190.179,-22.4403],"sphereRadius":53.9753,"stabilizedPalmPosition":[-16.8296,196.866,18.8244],"t":[-25.1266,27.3541,-61.812],"timeVisible":6.32674,"type":"right","wrist":[-23.1179,175.808,68.7252]}],"id":1402911,"interactionBox":{"center":[0,200,0],"size":[235.247,235.247,147.751]},"pointables":[{"bases":[[[0.682734,0.671034,0.289115],[-0.714389,0.529988,0.456904],[0.153371,-0.518484,0.84122]],[[0.601209,0.798982,0.0132327],[-0.792517,0.59406,0.137874],[0.102298,-0.0933782,0.990361]],[[0.601209,0.798982,0.0132327],[-0.798884,0.601348,-0.0128453],[-0.0182206,-0.00284866,0.99983]],[[0.601209,0.798982,0.0132327],[-0.414677,0.326101,-0.84953],[-0.683074,0.505257,0.527375]]],"btipPosition":[-41.6085,169.351,-31.2406],"carpPosition":[-52.9741,176.335,63.4976],"dipPosition":[-57.4064,181.037,-19.0437],"direction":[0.0182206,0.00284866,-0.99983],"extended":false,"handId":398,"id":3980,"length":51.5018,"mcpPosition":[-52.9741,176.335,63.4976],"pipPosition":[-58.0203,180.941,14.6441],"stabilizedTipPosition":[-45.4592,173.132,-28.7733],"timeVisible":6.32674,"tipPosition":[-44.4894,170.522,-28.4405],"tipVelocity":[53.2366,-245.217,73.5081],"tool":false,"touchDistance":-0.115949,"touchZone":"touching","type":0,"width":20.0112},{"bases":[[[0.949583,-0.311717,-0.0335228],[0.305192,0.894603,0.32641],[-0.0717579,-0.320184,0.944634]],[[0.948662,-0.255718,-0.186141],[0.313598,0.837094,0.448252],[0.0411919,-0.483613,0.874312]],[[0.948662,-0.255718,-0.186141],[0.296889,0.922883,0.245242],[0.109074,-0.287915,0.951424]],[[0.948662,-0.255718,-0.186141],[0.27177,0.960088,0.0661138],[0.161806,-0.113307,0.980296]]],"btipPosition":[-39.014,246.192,-81.0013],"carpPosition":[-37.1448,193.592,64.0717],"dipPosition":[-36.282,244.279,-64.4498],"direction":[-0.109074,0.287915,-0.951424],"extended":true,"handId":398,"id":3981,"length":58.114,"mcpPosition":[-31.9279,216.87,-4.60512],"pipPosition":[-33.6767,237.402,-41.7247],"stabilizedTipPosition":[-38.8069,255.86,-79.9159],"timeVisible":6.32674,"tipPosition":[-37.9651,247.621,-76.3284],"tipVelocity":[38.0049,-498.856,-62.6545],"tool":false,"touchDistance":0.269637,"touchZone":"hovering","type":1,"width":19.1147},{"bases":[[[0.865124,-0.50002,0.0392584],[0.459687,0.821778,0.336703],[-0.20062,-0.273243,0.940792]],[[0.855398,-0.511622,0.0808557],[0.510617,0.806702,-0.297492],[0.086977,0.29576,0.951294]],[[0.855398,-0.511622,0.0808557],[-0.0401867,-0.221182,-0.974404],[0.516411,0.830254,-0.209759]],[[0.855398,-0.511622,0.0808557],[-0.439264,-0.799244,-0.41019],[0.274486,0.315359,-0.908409]]],"btipPosition":[-35.0795,167.095,-23.7439],"carpPosition":[-25.1594,191.531,63.6673],"dipPosition":[-29.9822,172.951,-40.6134],"direction":[-0.516411,-0.830254,0.209759],"extended":false,"handId":398,"id":3982,"length":66.2163,"mcpPosition":[-11.3276,210.37,-1.19581],"pipPosition":[-15.4705,196.282,-46.5079],"stabilizedTipPosition":[-35.4284,175.029,-29.9921],"timeVisible":6.32674,"tipPosition":[-34.2187,167.849,-27.9775],"tipVelocity":[96.7381,-335.062,86.4278],"tool":false,"touchDistance":0.333333,"touchZone":"none","type":2,"width":18.7732},{"bases":[[[0.78904,-0.595296,0.151781],[0.513692,0.774824,0.368466],[-0.336951,-0.212766,0.917167]],[[0.787481,-0.596269,0.156],[0.615697,0.7495,-0.243244],[0.0281167,0.287599,0.957338]],[[0.787481,-0.596269,0.156],[0.0326065,-0.21245,-0.976628],[0.615475,0.774163,-0.147858]],[[0.787481,-0.596269,0.156],[-0.476326,-0.749399,-0.459908],[0.391135,0.287862,-0.874156]]],"btipPosition":[-18.5908,160.407,-15.1767],"carpPosition":[-14.1365,186.443,63.6785],"dipPosition":[-11.3691,165.722,-31.3168],"direction":[-0.615475,-0.774163,0.147858],"extended":false,"handId":398,"id":3983,"length":63.6687,"mcpPosition":[6.72121,199.614,6.90463],"pipPosition":[5.47978,186.915,-35.3644],"stabilizedTipPosition":[-18.2453,167.287,-21.0502],"timeVisible":6.32674,"tipPosition":[-17.1126,161.255,-19.3916],"tipVelocity":[88.6565,-322.909,110.385],"tool":false,"touchDistance":0.333333,"touchZone":"none","type":3,"width":17.8639},{"bases":[[[0.648943,-0.735706,0.193932],[0.598363,0.65094,0.467161],[-0.469931,-0.187119,0.862642]],[[0.593183,-0.75185,0.287846],[0.804677,0.564839,-0.182898],[-0.0250746,0.340115,0.940049]],[[0.593183,-0.75185,0.287846],[0.118229,-0.272312,-0.954918],[0.796339,0.600473,-0.0726402]],[[0.593183,-0.75185,0.287846],[-0.549409,-0.639395,-0.537888],[0.588459,0.160921,-0.792352]]],"btipPosition":[-3.76813,159.352,-3.72807],"carpPosition":[-6.1567,174.862,63.6494],"dipPosition":[6.2554,162.093,-17.2246],"direction":[-0.796339,-0.600473,0.0726402],"extended":false,"handId":398,"id":3984,"length":49.9151,"mcpPosition":[20.771,185.584,14.2188],"pipPosition":[21.6472,173.7,-18.6286],"stabilizedTipPosition":[-2.70866,164.312,-8.33875],"timeVisible":6.32674,"tipPosition":[-2.1577,159.487,-6.70901],"tipVelocity":[94.0467,-291.227,98.6535],"tool":false,"touchDistance":0.333333,"touchZone":"none","type":4,"width":15.8681}],"r":[[0.877829,-0.463807,-0.119581],[0.471382,0.880833,0.0439628],[0.0849405,-0.0949601,0.991851]],"s":0.907228,"t":[-25.1266,27.3541,-61.812],"timestamp":88523437532},false],[5,{"currentFrameRate":55.3499,"devices":[],"gestures":[],"hands":[{"armBasis":[[0.944067,-0.261975,-0.200267],[0.309838,0.912587,0.266806],[0.112864,-0.313933,0.942713]],"armWidth":62.9686,"confidence":0.630511,"direction":[0.269433,0.37933,-0.885163],"elbow":[7.57606,89.1308,321.085],"grabStrength":0,"id":398,"palmNormal":[-0.26267,-0.855356,-0.44651],"palmPosition":[-16.2607,192.142,19.4272],"palmVelocity":[41.0302,-244.759,38.1252],"palmWidth":89.917,"pinchStrength":1,"r":[[0.882957,-0.455799,-0.112401],[0.462194,0.885962,0.038046],[0.0822414,-0.0855439,0.992934]],"s":0.900283,"sphereCenter":[-47.5025,180.64,-22.1277],"sphereRadius":52.3232,"stabilizedPalmPosition":[-16.3162,192.602,19.3684],"t":[-24.4006,22.9533,-61.1423],"timeVisible":6.34476,"type":"right","wrist":[-22.5379,172.893,69.554]}],"id":1402912,"interactionBox":{"center":[0,200,0],"size":[235.247,235.247,147.751]},"pointables":[{"bases":[[[0.660337,0.697103,0.279289],[-0.733325,0.518428,0.439848],[0.161828,-0.495258,0.85354]],[[0.583603,0.81188,0.0160728],[-0.803961,0.574899,0.152112],[0.114256,-0.101695,0.988233]],[[0.583603,0.81188,0.0160728],[-0.811953,0.583715,-0.00299875],[-0.0118165,-0.0113003,0.999866]],[[0.583603,0.81188,0.0160728],[-0.418513,0.317683,-0.850837],[-0.695884,0.489824,0.525183]]],"btipPosition":[-41.4977,166.49,-30.4874],"carpPosition":[-52.3538,172.421,64.0963],"dipPosition":[-57.5918,177.818,-18.3412],"direction":[0.0118165,0.0113003,-0.999866],"extended":false,"handId":398,"id":3980,"length":51.5018,"mcpPosition":[-52.3538,172.421,64.0963],"pipPosition":[-57.9899,177.437,15.3478],"stabilizedTipPosition":[-45.2367,169.676,-27.8492],"timeVisible":6.34476,"tipPosition":[-44.0997,167.266,-27.5988],"tipVelocity":[29.1223,-206.427,58.1711],"tool":false,"touchDistance":-0.121599,"touchZone":"touching","type":0,"width":20.0112},{"bases":[[[0.95859,-0.284112,-0.0196556],[0.276089,0.910151,0.30887],[-0.0698641,-0.301506,0.950901]],[[0.957568,-0.232824,-0.169872],[0.282909,0.871835,0.399833],[0.0550091,-0.430926,0.900709]],[[0.957568,-0.232824,-0.169872],[0.262556,0.947788,0.181005],[0.11886,-0.217925,0.968701]],[[0.957568,-0.232824,-0.169872],[0.234993,0.971968,-0.00751117],[0.166859,-0.0327262,0.985438]]],"btipPosition":[-39.9572,236.121,-82.7419],"carpPosition":[-37.0448,190.148,64.4068],"dipPosition":[-37.14,235.569,-66.1037],"direction":[-0.11886,0.217925,-0.968701],"extended":true,"handId":398,"id":3981,"length":58.114,"mcpPosition":[-31.9655,212.068,-4.72562],"pipPosition":[-34.301,230.363,-42.9659],"stabilizedTipPosition":[-39.1713,241.45,-79.19],"timeVisible":6.34476,"tipPosition":[-38.8562,238.301,-77.9661],"tipVelocity":[-4.31711,-519.125,-78.2283],"tool":false,"touchDistance":0.279129,"touchZone":"hovering","type":1,"width":19.1147},{"bases":[[[0.879132,-0.473202,0.0566305],[0.432574,0.842175,0.321902],[-0.200018,-0.258498,0.945078]],[[0.869566,-0.484032,0.0978191],[0.488274,0.81317,-0.316771],[0.0737836,0.323215,0.943445]],[[0.869566,-0.484032,0.0978191],[-0.0313398,-0.251781,-0.967277],[0.492822,0.838045,-0.23411]],[[0.869566,-0.484032,0.0978191],[-0.415217,-0.823894,-0.385738],[0.267302,0.294808,-0.917408]]],"btipPosition":[-33.5378,161.837,-22.3451],"carpPosition":[-25.0009,188.435,64.1363],"dipPosition":[-28.5739,167.311,-39.3818],"direction":[-0.492822,-0.838045,0.23411],"extended":false,"handId":398,"id":3982,"length":66.2163,"mcpPosition":[-11.2107,206.257,-1.02237],"pipPosition":[-14.7251,190.861,-45.9605],"stabilizedTipPosition":[-33.2031,166.271,-27.2558],"timeVisible":6.34476,"tipPosition":[-32.6316,162.557,-26.7306],"tipVelocity":[90.6337,-316.883,81.2479],"tool":false,"touchDistance":0.333333,"touchZone":"none","type":2,"width":18.7732},{"bases":[[[0.804988,-0.568216,0.170661],[0.487682,0.797545,0.355089],[-0.337877,-0.202614,0.919123]],[[0.803499,-0.569099,0.17469],[0.595096,0.760042,-0.261146],[0.0158464,0.313787,0.949361]],[[0.803499,-0.569099,0.17469],[0.0425142,-0.237839,-0.970374],[0.593787,0.787121,-0.166909]],[[0.803499,-0.569099,0.17469],[-0.452167,-0.774302,-0.44272],[0.387214,0.276736,-0.879478]]],"btipPosition":[-17.0226,155.707,-13.6636],"carpPosition":[-13.8334,183.677,64.3406],"dipPosition":[-9.87318,160.817,-29.902],"direction":[-0.593787,-0.787121,0.166909],"extended":false,"handId":398,"id":3983,"length":63.6687,"mcpPosition":[7.08158,196.219,7.44569],"pipPosition":[6.38192,182.364,-34.4712],"stabilizedTipPosition":[-16.1902,159.829,-18.4327],"timeVisible":6.34476,"tipPosition":[-15.4748,156.572,-17.951],"tipVelocity":[87.4539,-294.747,97.2719],"tool":false,"touchDistance":0.333333,"touchZone":"none","type":3,"width":17.8639},{"bases":[[[0.668753,-0.711762,0.214859],[0.575171,0.678403,0.457108],[-0.471113,-0.182112,0.863069]],[[0.615569,-0.726953,0.304326],[0.787184,0.585616,-0.19338],[-0.0376398,0.358599,0.932732]],[[0.615569,-0.726953,0.304326],[0.127357,-0.289322,-0.948722],[0.777724,0.622762,-0.0855155]],[[0.615569,-0.726953,0.304326],[-0.529046,-0.667396,-0.524112],[0.584111,0.161625,-0.795419]]],"btipPosition":[-2.18683,155.454,-2.21978],"carpPosition":[-5.51605,172.339,64.6254],"dipPosition":[7.76264,158.207,-15.7686],"direction":[-0.777724,-0.622762,0.0855155],"extended":false,"handId":398,"id":3984,"length":49.9151,"mcpPosition":[21.4794,182.774,15.1703],"pipPosition":[22.7946,170.244,-17.4214],"stabilizedTipPosition":[-0.720232,158.492,-6.21409],"timeVisible":6.34476,"tipPosition":[-0.506241,155.596,-5.26577],"tipVelocity":[90.6214,-255.667,91.2549],"tool":false,"touchDistance":0.333333,"touchZone":"none","type":4,"width":15.8681}],"r":[[0.882957,-0.455799,-0.112401],[0.462194,0.885962,0.038046],[0.0822414,-0.0855439,0.992934]],"s":0.900283,"t":[-24.4006,22.9533,-61.1423],"timestamp":88523455549},false],[6,{"currentFrameRate":55.3499,"devices":[],"gestures":[],"hands":[{"armBasis":[[0.951186,-0.241318,-0.192381],[0.289785,0.912801,0.287782],[0.106159,-0.329483,0.938174]],"armWidth":62.9686,"confidence":0.633096,"direction":[0.264495,0.37316,-0.889266],"elbow":[6.57806,82.0874,321.169],"grabStrength":0,"id":398,"palmNormal":[-0.250388,-0.863911,-0.436994],"palmPosition":[-15.7169,188.772,20.5116],"palmVelocity":[35.8371,-217.096,48.5267],"palmWidth":89.917,"pinchStrength":1,"r":[[0.88825,-0.447053,-0.105618],[0.452314,0.891309,0.0312973],[0.0801469,-0.0755724,0.993914]],"s":0.890898,"sphereCenter":[-43.739,171.424,-20.907],"sphereRadius":50.8765,"stabilizedPalmPosition":[-15.7614,189.056,20.4267],"t":[-23.7657,19.068,-60.2652],"timeVisible":6.36282,"type":"right","wrist":[-21.7468,169.999,70.8486]}],"id":1402913,"interactionBox":{"center":[0,200,0],"size":[235.247,235.247,147.751]},"pointables":[{"bases":[[[0.650324,0.709412,0.271685],[-0.740763,0.512939,0.433779],[0.16837,-0.483351,0.859083]],[[0.577387,0.816204,0.0208492],[-0.806378,0.566062,0.171254],[0.127976,-0.115692,0.985006]],[[0.577387,0.816204,0.0208492],[-0.816467,0.577126,0.0175025],[0.00225298,-0.0271284,0.999629]],[[0.577387,0.816204,0.0208492],[-0.435509,0.32948,-0.83772],[-0.69062,0.474609,0.545701]]],"btipPosition":[-41.9669,164.69,-29.5043],"carpPosition":[-51.5505,169.046,65.3869],"dipPosition":[-57.9393,175.667,-16.8835],"direction":[-0.00225298,0.0271284,-0.999629],"extended":false,"handId":398,"id":3980,"length":51.5018,"mcpPosition":[-51.5505,169.046,65.3869],"pipPosition":[-57.8634,174.753,16.7975],"stabilizedTipPosition":[-45.5875,167.538,-26.7653],"timeVisible":6.36282,"tipPosition":[-44.3483,165.216,-26.3924],"tipVelocity":[3.68709,-157.812,59.2576],"tool":false,"touchDistance":-0.111727,"touchZone":"touching","type":0,"width":20.0112},{"bases":[[[0.962503,-0.270789,-0.0161615],[0.263101,0.917346,0.298754],[-0.0660734,-0.291804,0.954193]],[[0.961221,-0.222717,-0.162638],[0.26619,0.903447,0.336044],[0.0720921,-0.366305,0.927698]],[[0.961221,-0.222717,-0.162638],[0.239956,0.966105,0.0951918],[0.135925,-0.130526,0.982083]],[[0.961221,-0.222717,-0.162638],[0.207606,0.972576,-0.10486],[0.181532,0.0670289,0.981098]]],"btipPosition":[-41.0613,225.741,-83.2763],"carpPosition":[-36.4926,186.989,65.5039],"dipPosition":[-37.9963,226.873,-66.7114],"direction":[-0.135925,0.130526,-0.982083],"extended":true,"handId":398,"id":3981,"length":58.114,"mcpPosition":[-31.689,208.204,-3.86784],"pipPosition":[-34.7497,223.755,-43.254],"stabilizedTipPosition":[-40.1311,228.938,-79.4139],"timeVisible":6.36282,"tipPosition":[-39.7418,228.956,-78.4032],"tipVelocity":[-29.7968,-535.253,-55.5622],"tool":false,"touchDistance":0.297402,"touchZone":"hovering","type":1,"width":19.1147},{"bases":[[[0.885678,-0.460114,0.0622103],[0.420521,0.851731,0.312597],[-0.196817,-0.2507,0.947846]],[[0.876493,-0.470373,0.10252],[0.474985,0.810259,-0.343321],[0.078421,0.349613,0.933606]],[[0.876493,-0.470373,0.10252],[-0.0405501,-0.284332,-0.957868],[0.479705,0.835407,-0.268289]],[[0.876493,-0.470373,0.10252],[-0.409439,-0.840362,-0.355179],[0.25322,0.269336,-0.92916]]],"btipPosition":[-32.7741,157.597,-19.7685],"carpPosition":[-24.4257,185.442,65.2565],"dipPosition":[-28.0717,162.598,-37.0233],"direction":[-0.479705,-0.835407,0.268289],"extended":false,"handId":398,"id":3982,"length":66.2163,"mcpPosition":[-10.8562,202.727,-0.0930067],"pipPosition":[-14.5915,186.074,-44.5625],"stabilizedTipPosition":[-32.0217,160.387,-24.5038],"timeVisible":6.36282,"tipPosition":[-31.7743,158.394,-24.5149],"tipVelocity":[66.079,-280.699,109.081],"tool":false,"touchDistance":0.333333,"touchZone":"none","type":2,"width":18.7732},{"bases":[[[0.812824,-0.55488,0.177273],[0.476236,0.808255,0.346299],[-0.335436,-0.197056,0.921223]],[[0.811469,-0.555668,0.180974],[0.58422,0.763756,-0.274524],[0.0143246,0.328496,0.944397]],[[0.811469,-0.555668,0.180974],[0.042517,-0.252721,-0.966605],[0.582847,0.792064,-0.18145]],[[0.811469,-0.555668,0.180974],[-0.442774,-0.786705,-0.430171],[0.381405,0.26894,-0.884422]]],"btipPosition":[-16.0588,151.89,-11.9079],"carpPosition":[-13.1925,180.845,65.5177],"dipPosition":[-9.01664,156.856,-28.2376],"direction":[-0.582847,-0.792064,0.18145],"extended":false,"handId":398,"id":3983,"length":63.6687,"mcpPosition":[7.57145,193.043,8.49284],"pipPosition":[6.93898,178.539,-33.2048],"stabilizedTipPosition":[-14.8643,154.683,-16.3361],"timeVisible":6.36282,"tipPosition":[-14.4773,152.775,-16.2615],"tipVelocity":[70.6031,-255.958,96.6745],"tool":false,"touchDistance":0.333333,"touchZone":"none","type":3,"width":17.8639},{"bases":[[[0.678601,-0.699827,0.223031],[0.565343,0.691506,0.449674],[-0.468921,-0.17906,0.864899]],[[0.628559,-0.714174,0.308009],[0.776858,0.59559,-0.204364],[-0.0374959,0.367734,0.929175]],[[0.628559,-0.714174,0.308009],[0.125106,-0.298023,-0.946325],[0.767634,0.633354,-0.0979781]],[[0.628559,-0.714174,0.308009],[-0.522124,-0.680981,-0.513469],[0.576455,0.161926,-0.800924]]],"btipPosition":[-1.19248,152.04,-0.558976],"carpPosition":[-4.71648,169.629,65.9321],"dipPosition":[8.62658,154.799,-14.2015],"direction":[-0.767634,-0.633354,0.0979781],"extended":false,"handId":398,"id":3984,"length":49.9151,"mcpPosition":[22.1533,179.89,16.3722],"pipPosition":[23.4635,167.04,-16.0953],"stabilizedTipPosition":[0.575719,154.271,-4.38762],"timeVisible":6.36282,"tipPosition":[0.543569,152.204,-3.6784],"tipVelocity":[72.9292,-223.942,91.0061],"tool":false,"touchDistance":0.333333,"touchZone":"none","type":4,"width":15.8681}],"r"