{"sensorType":"Leap","data":[[0,{"currentFrameRate":55.3793,"devices":[],"gestures":[],"hands":[{"armBasis":[[0.879933,-0.385082,-0.278262],[0.47079,0.78544,0.401796],[0.0638331,-0.484557,0.872428]],"armWidth":62.9686,"confidence":0.39467,"direction":[0.210238,0.859284,-0.466296],"elbow":[25.5554,41.1358,247.642],"grabStrength":0.19121,"id":398,"palmNormal":[-0.429026,-0.347487,-0.83378],"palmPosition":[11.2936,217.621,-11.3519],"palmVelocity":[-127.261,-41.0603,149.873],"palmWidth":89.917,"pinchStrength":0.648002,"r":[[0.821591,-0.297149,-0.486508],[0.531204,0.708786,0.46416],[0.206906,-0.639785,0.740179]],"s":0.93165,"sphereCenter":[-2.74937,213.487,-56.5078],"sphereRadius":43.2315,"stabilizedPalmPosition":[22.4218,218.409,-25.6015],"t":[6.19949,44.8102,-93.9762],"timeVisible":31.4447,"type":"right","wrist":[8.52372,170.423,14.8639]}],"id":1404289,"interactionBox":{"center":[0,200,0],"size":[235.247,235.247,147.751]},"pointables":[{"bases":[[[0.778257,0.327438,0.535817],[-0.597182,0.122129,0.792754],[0.19414,-0.936946,0.290588]],[[0.688545,0.585018,0.428556],[-0.682409,0.322706,0.65588],[0.245404,-0.744053,0.621419]],[[0.688545,0.585018,0.428556],[-0.725173,0.559821,0.400903],[-0.00537914,-0.586817,0.809702]],[[0.688545,0.585018,0.428556],[-0.273466,0.756784,-0.593712],[-0.671656,0.291602,0.681062]]],"btipPosition":[-17.9051,224.114,-57.8173],"carpPosition":[-21.5147,174.383,15.8697],"dipPosition":[-33.4389,230.858,-42.066],"direction":[0.00537914,0.586817,-0.809702],"extended":false,"handId":398,"id":3980,"length":51.5018,"mcpPosition":[-21.5147,174.383,15.8697],"pipPosition":[-33.6202,211.086,-14.7843],"stabilizedTipPosition":[-16.8083,225.75,-59.051],"timeVisible":31.4447,"tipPosition":[-20.1935,224.676,-54.989],"tipVelocity":[-187.125,0.165167,196.359],"tool":false,"touchDistance":0.0926736,"touchZone":"hovering","type":0,"width":20.0112},{"bases":[[[0.901313,-0.225741,-0.369696],[0.433144,0.478649,0.763729],[0.00454929,-0.848491,0.529191]],[[0.901174,-0.245486,-0.357242],[0.385139,0.83163,0.400075],[0.198881,-0.498125,0.843989]],[[0.901174,-0.245486,-0.357242],[0.316261,0.935988,0.154613],[0.296419,-0.252315,0.921126]],[[0.901174,-0.245486,-0.357242],[0.256605,0.966371,-0.0167523],[0.349341,-0.0765734,0.933861]]],"btipPosition":[-25.7526,277.347,-87.3804],"carpPosition":[-3.99983,187.192,24.6939],"dipPosition":[-19.8543,276.054,-71.613],"direction":[-0.296419,0.252315,-0.921126],"extended":true,"handId":398,"id":3981,"length":58.114,"mcpPosition":[-4.33057,248.879,-13.7793],"pipPosition":[-12.7742,270.027,-49.6116],"stabilizedTipPosition":[-19.7687,278.196,-88.1424],"timeVisible":31.4447,"tipPosition":[-24.7238,276.614,-83.7633],"tipVelocity":[-173.968,-37.9879,169.022],"tool":false,"touchDistance":0.158082,"touchZone":"hovering","type":1,"width":19.1147},{"bases":[[[0.806506,-0.416568,-0.419545],[0.57928,0.414849,0.701666],[-0.118244,-0.808932,0.575888]],[[0.803448,-0.435797,-0.405651],[0.215231,0.847859,-0.484572],[0.55511,0.30202,0.775008]],[[0.803448,-0.435797,-0.405651],[-0.485522,-0.08525,-0.870058],[0.344587,0.895999,-0.280083]],[[0.803448,-0.435797,-0.405651],[-0.594575,-0.551994,-0.584622],[0.0308599,0.710904,-0.702612]]],"btipPosition":[-20.9696,188.78,-34.481],"carpPosition":[7.57544,185.774,21.2205],"dipPosition":[-20.3965,201.982,-47.5288],"direction":[-0.344587,-0.895999,0.280083],"extended":false,"handId":398,"id":3982,"length":66.2163,"mcpPosition":[15.7278,241.546,-18.4843],"pipPosition":[-10.7132,227.16,-55.3994],"stabilizedTipPosition":[-13.6155,192.976,-49.0352],"timeVisible":31.4447,"tipPosition":[-21.0183,192.609,-38.6424],"tipVelocity":[-109.202,-79.4925,179.864],"tool":false,"touchDistance":0.333333,"touchZone":"none","type":2,"width":18.7732},{"bases":[[[0.734337,-0.561149,-0.381919],[0.631357,0.358028,0.687898],[-0.249275,-0.746276,0.617198]],[[0.739478,-0.545131,-0.394974],[0.315848,0.799097,-0.511551],[0.594485,0.253529,0.763093]],[[0.739478,-0.545131,-0.394974],[-0.497626,-0.0475122,-0.866089],[0.453366,0.837004,-0.306405]],[[0.739478,-0.545131,-0.394974],[-0.662794,-0.486911,-0.568877],[0.117795,0.682459,-0.721369]]],"btipPosition":[-7.47379,181.254,-33.8814],"carpPosition":[17.9298,181.766,16.3095],"dipPosition":[-5.29886,193.855,-47.2005],"direction":[-0.453366,-0.837004,0.306405],"extended":false,"handId":398,"id":3983,"length":63.6687,"mcpPosition":[33.3603,227.962,-21.8959],"pipPosition":[7.11218,216.768,-55.5885],"stabilizedTipPosition":[-0.59145,184.564,-44.9781],"timeVisible":31.4447,"tipPosition":[-7.06768,184.646,-37.7733],"tipVelocity":[-106.408,-52.9958,152.253],"tool":false,"touchDistance":0.333333,"touchZone":"none","type":3,"width":17.8639},{"bases":[[[0.58607,-0.695142,-0.416293],[0.713367,0.199043,0.671929],[-0.384226,-0.690768,0.612544]],[[0.545472,-0.759663,-0.354079],[0.545037,0.642448,-0.538699],[0.636707,0.100859,0.764482]],[[0.545472,-0.759663,-0.354079],[-0.482338,0.0609659,-0.873861],[0.685427,0.647452,-0.33316]],[[0.545472,-0.759663,-0.354079],[-0.77618,-0.298461,-0.555398],[0.316237,0.577783,-0.752437]]],"btipPosition":[5.72548,186.507,-34.7985],"carpPosition":[24.5914,172.805,7.7578],"dipPosition":[11.1121,196.349,-47.6152],"direction":[-0.685427,-0.647452,0.33316],"extended":false,"handId":398,"id":3984,"length":49.9151,"mcpPosition":[46.6081,212.387,-27.3419],"pipPosition":[24.3601,208.863,-54.0545],"stabilizedTipPosition":[13.5205,188.026,-45.5368],"timeVisible":31.4447,"tipPosition":[6.95053,189.103,-38.2225],"tipVelocity":[-110.655,-39.4505,143.989],"tool":false,"touchDistance":0.333333,"touchZone":"none","type":4,"width":15.8681}],"r":[[0.821591,-0.297149,-0.486508],[0.531204,0.708786,0.46416],[0.206906,-0.639785,0.740179]],"s":0.93165,"t":[6.19949,44.8102,-93.9762],"timestamp":88548555441},false],[1,{"currentFrameRate":55.3368,"devices":[],"gestures":[],"hands":[{"armBasis":[[0.880716,-0.378135,-0.285223],[0.469242,0.778498,0.416837],[0.0644251,-0.500954,0.863073]],"armWidth":62.9686,"confidence":0.359861,"direction":[0.185001,0.846472,-0.499259],"elbow":[24.4404,35.944,248.319],"grabStrength":0.203398,"id":398,"palmNormal":[-0.438559,-0.383524,-0.812758],"palmPosition":[8.62595,215.922,-9.81275],"palmVelocity":[-136.421,-66.0197,118.627],"palmWidth":89.917,"pinchStrength":0.61664,"r":[[0.824158,-0.286183,-0.488736],[0.524279,0.711924,0.467222],[0.214232,-0.641298,0.736778]],"s":0.939657,"sphereCenter":[-6.32795,209.969,-54.6992],"sphereRadius":43.514,"stabilizedPalmPosition":[21.8033,218.297,-24.8936],"t":[3.70578,43.5714,-91.8444],"timeVisible":31.4629,"type":"right","wrist":[7.25072,169.607,18.0371]}],"id":1404290,"interactionBox":{"center":[0,200,0],"size":[235.247,235.247,147.751]},"pointables":[{"bases":[[[0.782249,0.359597,0.508701],[-0.58385,0.138392,0.799979],[0.21727,-0.922788,0.318208]],[[0.691271,0.601479,0.400459],[-0.662575,0.306471,0.683425],[0.288336,-0.737766,0.61038]],[[0.691271,0.601479,0.400459],[-0.722056,0.553572,0.414961],[0.0279075,-0.576004,0.81697]],[[0.691271,0.601479,0.400459],[-0.298862,0.742558,-0.599407],[-0.657895,0.294671,0.693068]]],"btipPosition":[-22.7795,222.041,-54.1546],"carpPosition":[-22.8314,173.055,19.5104],"dipPosition":[-37.995,228.856,-38.1256],"direction":[-0.0279075,0.576004,-0.81697],"extended":false,"handId":398,"id":3980,"length":51.5018,"mcpPosition":[-22.8314,173.055,19.5104],"pipPosition":[-37.0547,209.448,-10.599],"stabilizedTipPosition":[-20.1124,225.003,-56.0566],"timeVisible":31.4629,"tipPosition":[-24.8359,222.371,-51.5197],"tipVelocity":[-223.639,-53.8661,200.276],"tool":false,"touchDistance":0.157133,"touchZone":"hovering","type":0,"width":20.0112},{"bases":[[[0.898032,-0.221948,-0.379839],[0.438856,0.512263,0.738236],[0.0307271,-0.829654,0.557432]],[[0.898504,-0.241206,-0.366757],[0.375511,0.855048,0.357609],[0.227337,-0.459034,0.85884]],[[0.898504,-0.241206,-0.366757],[0.298059,0.948606,0.106332],[0.32226,-0.204855,0.92422]],[[0.898504,-0.241206,-0.366757],[0.233276,0.970132,-0.0665347],[0.371851,-0.0257738,0.927935]]],"btipPosition":[-31.2528,271.608,-87.1892],"carpPosition":[-5.39148,186.473,27.5426],"dipPosition":[-24.9745,271.172,-71.5219],"direction":[-0.32226,0.204855,-0.92422],"extended":true,"handId":398,"id":3981,"length":58.114,"mcpPosition":[-7.62541,246.791,-12.9838],"pipPosition":[-17.2772,266.279,-49.4465],"stabilizedTipPosition":[-24.5288,275.025,-85.982],"timeVisible":31.4629,"tipPosition":[-30.0011,271.36,-83.5191],"tipVelocity":[-232.813,-165.2,92.6662],"tool":false,"touchDistance":0.190203,"touchZone":"hovering","type":1,"width":19.1147},{"bases":[[[0.805866,-0.416052,-0.421284],[0.584929,0.449026,0.675451],[-0.0918549,-0.790744,0.605216]],[[0.803469,-0.434637,-0.406853],[0.184477,0.831511,-0.523983],[0.566044,0.345949,0.748274]],[[0.803469,-0.434637,-0.406853],[-0.503196,-0.130562,-0.854253],[0.31817,0.891092,-0.32361]],[[0.803469,-0.434637,-0.406853],[-0.595346,-0.585076,-0.550681],[0.00130663,0.684673,-0.728849]]],"btipPosition":[-23.4554,185.431,-30.8519],"carpPosition":[6.13866,185.146,23.8878],"dipPosition":[-23.4311,198.146,-44.387],"direction":[-0.31817,-0.891092,0.32361],"extended":false,"handId":398,"id":3982,"length":66.2163,"mcpPosition":[12.4716,239.664,-17.839],"pipPosition":[-14.4902,223.186,-53.4808],"stabilizedTipPosition":[-14.1487,192.725,-48.2181],"timeVisible":31.4629,"tipPosition":[-23.6631,189.134,-35.1685],"tipVelocity":[-125.532,-132.29,186.165],"tool":false,"touchDistance":0.333333,"touchZone":"none","type":2,"width":18.7732},{"bases":[[[0.737163,-0.560539,-0.377341],[0.637784,0.392718,0.662574],[-0.22321,-0.729087,0.647]],[[0.741755,-0.544867,-0.39105],[0.289872,0.786257,-0.545687],[0.604793,0.291411,0.741151]],[[0.741755,-0.544867,-0.39105],[-0.514119,-0.0875247,-0.853242],[0.430676,0.833942,-0.345048]],[[0.741755,-0.544867,-0.39105],[-0.66459,-0.518811,-0.537731],[0.0901105,0.658753,-0.746944]]],"btipPosition":[-9.87097,178.433,-30.6281],"carpPosition":[16.4689,181.161,18.9087],"dipPosition":[-8.20719,190.596,-44.4195],"direction":[-0.430676,-0.833942,0.345048],"extended":false,"handId":398,"id":3983,"length":63.6687,"mcpPosition":[30.286,226.292,-21.1414],"pipPosition":[3.58271,213.426,-53.8653],"stabilizedTipPosition":[-1.30435,184.297,-44.0824],"timeVisible":31.4629,"tipPosition":[-9.60824,181.689,-34.6374],"tipVelocity":[-121.521,-104.302,161.982],"tool":false,"touchDistance":0.333333,"touchZone":"none","type":3,"width":17.8639},{"bases":[[[0.590793,-0.698287,-0.404177],[0.722433,0.234786,0.650359],[-0.359242,-0.676218,0.643175]],[[0.552678,-0.761291,-0.339093],[0.521936,0.633387,-0.571317],[0.649716,0.13877,0.747404]],[[0.552678,-0.761291,-0.339093],[-0.500687,0.0219565,-0.86535],[0.666228,0.648039,-0.369034]],[[0.552678,-0.761291,-0.339093],[-0.781205,-0.331521,-0.528973],[0.290286,0.557253,-0.777948]]],"btipPosition":[3.19087,183.916,-32.0533],"carpPosition":[23.1299,172.034,10.5336],"dipPosition":[8.13546,193.408,-45.3045],"direction":[-0.666228,-0.648039,0.369034],"extended":false,"handId":398,"id":3984,"length":49.9151,"mcpPosition":[43.7149,210.782,-26.3213],"pipPosition":[21.0124,205.933,-52.4373],"stabilizedTipPosition":[12.7009,187.854,-44.6063],"timeVisible":31.4629,"tipPosition":[4.29873,186.411,-35.5852],"tipVelocity":[-126.927,-90.6841,144.568],"tool":false,"touchDistance":0.333333,"touchZone":"none","type":4,"width":15.8681}],"r":[[0.824158,-0.286183,-0.488736],[0.524279,0.711924,0.467222],[0.214232,-0.641298,0.736778]],"s":0.939657,"t":[3.70578,43.5714,-91.8444],"timestamp":88548573659},false],[2,{"currentFrameRate":55.3742,"devices":[],"gestures":[],"hands":[{"armBasis":[[0.876044,-0.376802,-0.300944],[0.476703,0.770895,0.422464],[0.072811,-0.513558,0.85496]],"armWidth":62.9686,"confidence":0.367953,"direction":[0.140708,0.828427,-0.542135],"elbow":[24.839,28.6176,253.92],"grabStrength":0.224352,"id":398,"palmNormal":[-0.465977,-0.427726,-0.774542],"palmPosition":[4.35096,210.749,-3.97881],"palmVelocity":[-184.614,-171.141,216.305],"palmWidth":89.917,"pinchStrength":0.582952,"r":[[0.8228,-0.277724,-0.495852],[0.519745,0.720669,0.458805],[0.229924,-0.635221,0.737312]],"s":0.947058,"sphereCenter":[-12.7623,202.564,-47.8951],"sphereRadius":43.6652,"stabilizedPalmPosition":[20.5355,217.749,-23.3743],"t":[0.321439,40.3655,-87.8614],"timeVisible":31.4808,"type":"right","wrist":[5.41187,165.643,25.8033]}],"id":1404291,"interactionBox":{"center":[0,200,0],"size":[235.247,235.247,147.751]},"pointables":[{"bases":[[[0.795748,0.398713,0.455865],[-0.549539,0.158998,0.820199],[0.254543,-0.903187,0.345631]],[[0.702241,0.61976,0.350364],[-0.624243,0.299394,0.721584],[0.342312,-0.725438,0.597128]],[[0.702241,0.61976,0.350364],[-0.707043,0.549496,0.445133],[0.0833523,-0.560313,0.824076]],[[0.702241,0.61976,0.350364],[-0.343042,0.725788,-0.596284],[-0.623843,0.298545,0.722282]]],"btipPosition":[-29.9127,216.223,-45.3766],"carpPosition":[-24.6463,168.464,28.5498],"dipPosition":[-44.3407,223.128,-28.6719],"direction":[-0.0833523,0.560313,-0.824076],"extended":false,"handId":398,"id":3980,"length":51.5018,"mcpPosition":[-24.6463,168.464,28.5498],"pipPosition":[-41.5322,204.249,-0.905918],"stabilizedTipPosition":[-24.8332,222.415,-50.8307],"timeVisible":31.4808,"tipPosition":[-31.8589,216.33,-42.777],"tipVelocity":[-301.166,-181.171,341.049],"tool":false,"touchDistance":0.306023,"touchZone":"hovering","type":0,"width":20.0112},{"bases":[[[0.884761,-0.217378,-0.412244],[0.459641,0.553145,0.69481],[0.0769937,-0.804225,0.589317]],[[0.886311,-0.236009,-0.398437],[0.366764,0.883036,0.2928],[0.282731,-0.405644,0.869204]],[[0.886311,-0.236009,-0.398437],[0.272561,0.961434,0.0368106],[0.374384,-0.141224,0.916457]],[[0.886311,-0.236009,-0.398437],[0.197666,0.970876,-0.135382],[0.418785,0.0412331,0.907149]]],"btipPosition":[-40.8065,260.974,-81.7672],"carpPosition":[-7.19219,182.607,35.1863],"dipPosition":[-33.7357,261.671,-66.4508],"direction":[-0.374384,0.141224,-0.916457],"extended":true,"handId":398,"id":3981,"length":58.114,"mcpPosition":[-12.7898,241.075,-7.6582],"pipPosition":[-24.7934,258.297,-44.5609],"stabilizedTipPosition":[-32.7916,267.191,-81.6184],"timeVisible":31.4808,"tipPosition":[-39.202,261.394,-78.1085],"tipVelocity":[-369.754,-360.479,189.628],"tool":false,"touchDistance":0.299803,"touchZone":"hovering","type":1,"width":19.1147},{"bases":[[[0.795621,-0.415125,-0.441202],[0.604182,0.49064,0.627882],[-0.0441781,-0.766122,0.641175]],[[0.794364,-0.432994,-0.42603],[0.135691,0.810116,-0.570351],[0.592092,0.395258,0.70228]],[[0.794364,-0.432994,-0.42603],[-0.540189,-0.18278,-0.821455],[0.277815,0.882671,-0.379092]],[[0.794364,-0.432994,-0.42603],[-0.605292,-0.623179,-0.495247],[-0.0510541,0.651279,-0.757119]]],"btipPosition":[-27.8292,178.484,-21.8942],"carpPosition":[4.18624,181.389,31.0498],"dipPosition":[-28.7773,190.578,-35.9542],"direction":[-0.277815,-0.882671,0.379092],"extended":false,"handId":398,"id":3982,"length":66.2163,"mcpPosition":[7.2321,234.209,-13.1561],"pipPosition":[-20.9704,215.382,-46.6071],"stabilizedTipPosition":[-15.4261,191.672,-46.096],"timeVisible":31.4808,"tipPosition":[-28.3305,181.993,-26.3479],"tipVelocity":[-187.367,-256.605,331.064],"tool":false,"touchDistance":0.333333,"touchZone":"none","type":2,"width":18.7732},{"bases":[[[0.732623,-0.559139,-0.388108],[0.657766,0.435055,0.614875],[-0.174952,-0.705755,0.686514]],[[0.73619,-0.543947,-0.402673],[0.243946,0.768272,-0.591818],[0.63128,0.33746,0.698288]],[[0.73619,-0.543947,-0.402673],[-0.55121,-0.136702,-0.823092],[0.392672,0.827909,-0.400468]],[[0.73619,-0.543947,-0.402673],[-0.675682,-0.556949,-0.482972],[0.038443,0.627638,-0.777556]]],"btipPosition":[-14.1311,171.966,-22.2493],"carpPosition":[14.3712,177.431,25.7587],"dipPosition":[-13.4213,183.554,-36.6058],"direction":[-0.392672,-0.827909,0.400468],"extended":false,"handId":398,"id":3983,"length":63.6687,"mcpPosition":[25.201,221.118,-16.7374],"pipPosition":[-2.67173,206.219,-47.5687],"stabilizedTipPosition":[-2.84436,183.121,-41.8288],"timeVisible":31.4808,"tipPosition":[-14.1373,175.046,-26.3931],"tipVelocity":[-182.143,-228.916,302.81],"tool":false,"touchDistance":0.333333,"touchZone":"none","type":3,"width":17.8639},{"bases":[[[0.58863,-0.701211,-0.402267],[0.74565,0.27872,0.605245],[-0.312284,-0.656215,0.68692]],[[0.555175,-0.762172,-0.332979],[0.478755,0.620208,-0.621398],[0.680128,0.18557,0.709217]],[[0.555175,-0.762172,-0.332979],[-0.540854,-0.0266814,-0.840693],[0.631868,0.646825,-0.427037]],[[0.555175,-0.762172,-0.332979],[-0.796419,-0.371725,-0.477008],[0.239785,0.530014,-0.813381]]],"btipPosition":[-1.30559,177.698,-24.5699],"carpPosition":[20.8625,168.11,17.4647],"dipPosition":[2.7788,186.726,-38.4247],"direction":[-0.631868,-0.646825,0.427037],"extended":false,"handId":398,"id":3984,"length":49.9151,"mcpPosition":[38.7568,205.712,-21.8968],"pipPosition":[14.9916,199.228,-46.6785],"stabilizedTipPosition":[10.9345,186.762,-42.3286],"timeVisible":31.4808,"tipPosition":[-0.425483,180.063,-28.2485],"tipVelocity":[-190.654,-214.486,269.795],"tool":false,"touchDistance":0.333333,"touchZone":"none","type":4,"width":15.8681}],"r":[[0.8228,-0.277724,-0.495852],[0.519745,0.720669,0.458805],[0.229924,-0.635221,0.737312]],"s":0.947058,"t":[0.321439,40.3655,-87.8614],"timestamp":88548591589},false],[3,{"currentFrameRate":55.2863,"devices":[],"gestures":[],"hands":[{"armBasis":[[0.872047,-0.371498,-0.318626],[0.482743,0.760087,0.435002],[0.0805814,-0.533157,0.84217]],"armWidth":62.9686,"confidence":0.389925,"direction":[0.0900065,0.787642,-0.609523],"elbow":[25.0796,19.6727,258.827],"grabStrength":0.249262,"id":398,"palmNormal":[-0.484563,-0.500054,-0.717736],"palmPosition":[-0.240793,204.535,1.06842],"palmVelocity":[-215.912,-251.332,244.271],"palmWidth":89.917,"pinchStrength":0.551287,"r":[[0.818769,-0.273742,-0.504661],[0.515471,0.737555,0.436236],[0.252799,-0.617315,0.744993]],"s":0.95369,"sphereCenter":[-19.3204,192.572,-41.2133],"sphereRadius":43.7239,"stabilizedPalmPosition":[17.6571,215.918,-19.988],"t":[-3.66661,35.6559,-83.3464],"timeVisible":31.4992,"type":"right","wrist":[3.57924,161.928,34.1226]}],"id":1404292,"interactionBox":{"center":[0,200,0],"size":[235.247,235.247,147.751]},"pointables":[{"bases":[[[0.801101,0.456112,0.387556],[-0.518685,0.20593,0.829794],[0.298669,-0.865768,0.401549]],[[0.705573,0.651221,0.279424],[-0.588401,0.318648,0.743134],[0.394906,-0.688749,0.608009]],[[0.705573,0.651221,0.279424],[-0.695125,0.559406,0.451515],[0.137724,-0.512812,0.847382]],[[0.705573,0.651221,0.279424],[-0.387145,0.684505,-0.617715],[-0.593536,0.327665,0.735085]]],"btipPosition":[-36.8031,207.743,-37.5366],"carpPosition":[-26.4094,164.068,38.0078],"dipPosition":[-50.5301,215.321,-20.5359],"direction":[-0.137724,0.512812,-0.847382],"extended":false,"handId":398,"id":3980,"length":51.5018,"mcpPosition":[-26.4094,164.068,38.0078],"pipPosition":[-45.8897,198.043,8.0154],"stabilizedTipPosition":[-30.7061,217.396,-44.1514],"timeVisible":31.4992,"tipPosition":[-38.7302,207.782,-34.9332],"tipVelocity":[-332.305,-311.777,383.837],"tool":false,"touchDistance":0.427375,"touchZone":"hovering","type":0,"width":20.0112},{"bases":[[[0.872874,-0.222597,-0.434215],[0.470692,0.618667,0.629047],[0.128611,-0.75346,0.644792]],[[0.875616,-0.239975,-0.419176],[0.34478,0.918315,0.194484],[0.338264,-0.314817,0.88683]],[[0.875616,-0.239975,-0.419176],[0.233526,0.970004,-0.0675065],[0.422802,-0.0387787,0.905392]],[[0.875616,-0.239975,-0.419176],[0.149105,0.959755,-0.237986],[0.459417,0.145883,0.876159]]],"btipPosition":[-50.7267,245.797,-78.1995],"carpPosition":[-9.15958,179.19,42.748],"dipPosition":[-42.9699,248.26,-63.4064],"direction":[-0.422802,0.0387787,-0.905392],"extended":true,"handId":398,"id":3981,"length":58.114,"mcpPosition":[-18.5098,233.968,-4.12972],"pipPosition":[-32.8711,247.334,-41.7808],"stabilizedTipPosition":[-43.7026,253.121,-77.0102],"timeVisible":31.4992,"tipPosition":[-48.8208,247.041,-74.6715],"tipVelocity":[-447.24,-573.436,188.579],"tool":false,"touchDistance":0.354866,"touchZone":"hovering","type":1,"width":19.1147},{"bases":[[[0.789108,-0.42453,-0.443941],[0.614195,0.555435,0.560586],[0.00859561,-0.715029,0.699042]],[[0.789093,-0.441105,-0.427502],[0.0815963,0.76505,-0.638781],[0.60883,0.469175,0.639688]],[[0.789093,-0.441105,-0.427502],[-0.569617,-0.264945,-0.778037],[0.229932,0.857456,-0.460327]],[[0.789093,-0.441105,-0.427502],[-0.60503,-0.678396,-0.416796],[-0.106165,0.587542,-0.802199]]],"btipPosition":[-32.0179,169.934,-12.6283],"carpPosition":[2.0643,177.99,38.2041],"dipPosition":[-33.9894,180.845,-27.5255],"direction":[-0.229932,-0.857456,0.460327],"extended":false,"handId":398,"id":3982,"length":66.2163,"mcpPosition":[1.47167,227.288,-9.99153],"pipPosition":[-27.5281,204.94,-40.4611],"stabilizedTipPosition":[-18.2853,188.447,-41.0567],"timeVisible":31.4992,"tipPosition":[-32.8243,173.062,-17.2982],"tipVelocity":[-212.954,-363.93,409.137],"tool":false,"touchDistance":0.333333,"touchZone":"none","type":2,"width":18.7732},{"bases":[[[0.733211,-0.56578,-0.37722],[0.668964,0.500609,0.549434],[-0.122019,-0.655198,0.745538]],[[0.73565,-0.551652,-0.393063],[0.19217,0.726417,-0.65984],[0.64953,0.409877,0.6404]],[[0.73565,-0.551652,-0.393063],[-0.581753,-0.217322,-0.783795],[0.346961,0.805265,-0.480798]],[[0.73565,-0.551652,-0.393063],[-0.677166,-0.612898,-0.407189],[-0.0162809,0.565718,-0.824438]]],"btipPosition":[-18.1862,163.906,-13.268],"carpPosition":[12.1367,173.935,32.7731],"dipPosition":[-18.4868,174.351,-28.4901],"direction":[-0.346961,-0.805265,0.480798],"extended":false,"handId":398,"id":3983,"length":63.6687,"mcpPosition":[19.6898,214.493,-13.3767],"pipPosition":[-8.98867,196.396,-41.6521],"stabilizedTipPosition":[-5.98159,179.699,-36.7274],"timeVisible":31.4992,"tipPosition":[-18.4732,166.646,-17.623],"tipVelocity":[-206.672,-336.499,386.859],"tool":false,"touchDistance":0.333333,"touchZone":"none","type":3,"width":17.8639},{"bases":[[[0.593482,-0.712695,-0.373959],[0.761436,0.34665,0.547767],[-0.260758,-0.609836,0.748402]],[[0.565186,-0.768833,-0.2991],[0.4268,0.582777,-0.691529],[0.705979,0.263187,0.657515]],[[0.565186,-0.768833,-0.2991],[-0.579208,-0.111646,-0.807498],[0.587438,0.629628,-0.508415]],[[0.565186,-0.768833,-0.2991],[-0.804422,-0.433211,-0.406489],[0.182949,0.470345,-0.863311]]],"btipPosition":[-5.62927,169.761,-16.4001],"carpPosition":[18.5678,164.194,24.9275],"dipPosition":[-2.51301,177.772,-31.1053],"direction":[-0.587438,-0.629628,0.508415],"extended":false,"handId":398,"id":3984,"length":49.9151,"mcpPosition":[33.5095,199.138,-17.957],"pipPosition":[8.84107,189.942,-40.9321],"stabilizedTipPosition":[7.29116,183.277,-37.145],"timeVisible":31.4992,"tipPosition":[-5.00919,171.865,-20.3513],"tipVelocity":[-217.859,-325.048,348.591],"tool":false,"touchDistance":0.333333,"touchZone":"none","type":4,"width":15.8681}],"r":[[0.818769,-0.273742,-0.504661],[0.515471,0.737555,0.436236],[0.252799,-0.617315,0.744993]],"s":0.95369,"t":[-3.66661,35.6559,-83.3464],"timestamp":88548609980},false],[4,{"currentFrameRate":55.3677,"devices":[],"gestures":[],"hands":[{"armBasis":[[0.882728,-0.342419,-0.321777],[0.461238,0.762199,0.454215],[0.089726,-0.549365,0.830751]],"armWidth":62.9686,"confidence":0.404685,"direction":[0.0491359,0.766151,-0.640779],"elbow":[25.2768,13.2932,260.544],"grabStrength":0.294185,"id":398,"palmNormal":[-0.469735,-0.548449,-0.691776],"palmPosition":[-4.68654,200.939,4.24697],"palmVelocity":[-231.94,-228.296,213.511],"palmWidth":89.917,"pinchStrength":0.499369,"r":[[0.816554,-0.267587,-0.511504],[0.505944,0.758388,0.410937],[0.277957,-0.594344,0.754649]],"s":0.960219,"sphereCenter":[-24.1015,186.62,-37.1894],"sphereRadius":43.7272,"stabilizedPalmPosition":[13.0585,212.835,-15.0001],"t":[-7.88351,31.5029,-79.4995],"timeVisible":31.517,"type":"right","wrist":[1.33649,159.872,38.8862]}],"id":1404293,"interactionBox":{"center":[0,200,0],"size":[235.247,235.247,147.751]},"pointables":[{"bases":[[[0.78442,0.50525,0.359732],[-0.518481,0.215868,0.827393],[0.340386,-0.835538,0.431294]],[[0.691304,0.675311,0.257012],[-0.577957,0.303312,0.757606],[0.433664,-0.672278,0.599982]],[[0.691304,0.675311,0.257012],[-0.700047,0.537854,0.46973],[0.178979,-0.504647,0.84457]],[[0.691304,0.675311,0.257012],[-0.432697,0.671769,-0.601248],[-0.578682,0.304436,0.756602]]],"btipPosition":[-42.7139,203.991,-32.5018],"carpPosition":[-28.6748,160.865,43.0496],"dipPosition":[-56.0974,211.032,-15.0034],"direction":[-0.178979,0.504647,-0.84457],"extended":false,"handId":398,"id":3980,"length":51.5018,"mcpPosition":[-28.6748,160.865,43.0496],"pipPosition":[-50.067,194.028,13.4531],"stabilizedTipPosition":[-36.5464,212.833,-38.0834],"timeVisible":31.517,"tipPosition":[-44.4784,203.59,-29.7882],"tipVelocity":[-330.282,-267.74,339.587],"tool":false,"touchDistance":0.49521,"touchZone":"hovering","type":0,"width":20.0112},{"bases":[[[0.877176,-0.201593,-0.435801],[0.44977,0.662762,0.59871],[0.168136,-0.721184,0.672029]],[[0.880851,-0.218322,-0.420044],[0.296574,0.946095,0.130187],[0.368979,-0.239249,0.898117]],[[0.880851,-0.218322,-0.420044],[0.174965,0.974619,-0.139657],[0.439873,0.0495243,0.896693]],[[0.880851,-0.218322,-0.420044],[0.0868413,0.946768,-0.309981],[0.46536,0.23657,0.852921]]],"btipPosition":[-58.3062,234.306,-75.8196],"carpPosition":[-12.0534,176.895,46.9872],"dipPosition":[-50.449,238.301,-61.4188],"direction":[-0.439873,-0.0495243,-0.896693],"extended":true,"handId":398,"id":3981,"length":58.114,"mcpPosition":[-24.2772,229.326,-1.8707],"pipPosition":[-39.9425,239.484,-40.0009],"stabilizedTipPosition":[-53.27,239.741,-73.6436],"timeVisible":31.517,"tipPosition":[-56.2304,236.525,-72.4131],"tipVelocity":[-436.793,-598.333,160.496],"tool":false,"touchDistance":0.387058,"touchZone":"hovering","type":1,"width":19.1147},{"bases":[[[0.802214,-0.407186,-0.436638],[0.595174,0.603144,0.531023],[0.0471309,-0.685869,0.726197]],[[0.803093,-0.423021,-0.419637],[0.0394031,0.740423,-0.670985],[0.59455,0.522328,0.611297]],[[0.803093,-0.423021,-0.419637],[-0.566143,-0.322108,-0.758768],[0.185806,0.846936,-0.498173]],[[0.803093,-0.423021,-0.419637],[-0.57893,-0.720613,-0.38152],[-0.141005,0.549337,-0.823618]]],"btipPosition":[-35.0078,164.409,-7.5337],"carpPosition":[-0.835888,176.003,42.3573],"dipPosition":[-37.6263,174.611,-22.8286],"direction":[-0.185806,-0.846936,0.498173],"extended":false,"handId":398,"id":3982,"length":66.2163,"mcpPosition":[-4.08534,223.29,-7.71052],"pipPosition":[-32.4049,198.411,-36.8278],"stabilizedTipPosition":[-22.1819,183.568,-34.3081],"timeVisible":31.517,"tipPosition":[-35.9957,167.304,-12.2951],"tipVelocity":[-195.848,-343.241,349.144],"tool":false,"touchDistance":0.333333,"touchZone":"none","type":2,"width":18.7732},{"bases":[[[0.753241,-0.54798,-0.363793],[0.652166,0.55034,0.521349],[-0.085479,-0.629955,0.771913]],[[0.754897,-0.534384,-0.380216],[0.152708,0.707022,-0.690508],[0.637817,0.4632,0.615333]],[[0.754897,-0.534384,-0.380216],[-0.580203,-0.273865,-0.767048],[0.305771,0.799645,-0.516791]],[[0.754897,-0.534384,-0.380216],[-0.653926,-0.657601,-0.37409],[-0.0501228,0.531032,-0.845868]]],"btipPosition":[-20.9685,159.025,-8.21974],"carpPosition":[9.3467,172.176,36.9662],"dipPosition":[-21.894,168.829,-23.8376],"direction":[-0.305771,-0.799645,0.516791],"extended":false,"handId":398,"id":3983,"length":63.6687,"mcpPosition":[14.638,211.171,-10.8162],"pipPosition":[-13.5234,190.72,-37.9849],"stabilizedTipPosition":[-9.73014,175.156,-30.5828],"timeVisible":31.517,"tipPosition":[-21.421,161.569,-12.6667],"tipVelocity":[-186.899,-311.295,336.116],"tool":false,"touchDistance":0.333333,"touchZone":"none","type":3,"width":17.8639},{"bases":[[[0.620105,-0.700557,-0.353115],[0.751253,0.400578,0.524554],[-0.22603,-0.590557,0.774695]],[[0.595233,-0.754579,-0.27624],[0.390659,0.572156,-0.721126],[0.702199,0.321323,0.635349]],[[0.595233,-0.754579,-0.27624],[-0.584588,-0.170778,-0.793153],[0.551321,0.633597,-0.54277]],[[0.595233,-0.754579,-0.27624],[-0.78932,-0.484638,-0.376961],[0.150571,0.442421,-0.884077]]],"btipPosition":[-8.6906,165.25,-11.6137],"carpPosition":[16.1147,162.42,29.4282],"dipPosition":[-6.12585,172.786,-26.6727],"direction":[-0.551321,-0.633597,0.54277],"extended":false,"handId":398,"id":3984,"length":49.9151,"mcpPosition":[29.0666,196.26,-14.9629],"pipPosition":[4.53017,185.032,-37.1634],"stabilizedTipPosition":[3.02777,178.764,-31.0325],"timeVisible":31.517,"tipPosition":[-8.21794,167.225,-15.6826],"tipVelocity":[-199.756,-294.425,309.158],"tool":false,"touchDistance":0.333333,"touchZone":"none","type":4,"width":15.8681}],"r":[[0.816554,-0.267587,-0.511504],[0.505944,0.758388,0.410937],[0.277957,-0.594344,0.754649]],"s":0.960219,"t":[-7.88351,31.5029,-79.4995],"timestamp":88548627760},false],[5,{"currentFrameRate":55.3812,"devices":[],"gestures":[],"hands":[{"armBasis":[[0.902104,-0.305544,-0.304715],[0.422641,0.768108,0.481024],[0.0870801,-0.562719,0.822049]],"armWidth":62.9686,"confidence":0.418219,"direction":[0.00214347,0.749298,-0.66223],"elbow":[22.8827,8.82029,261.238],"grabStrength":0.34983,"id":398,"palmNormal":[-0.436867,-0.594993,-0.674634],"palmPosition":[-8.87831,198.598,6.13984],"palmVelocity":[-232.322,-181.699,162.129],"palmWidth":89.917,"pinchStrength":0.423365,"r":[[0.817467,-0.255874,-0.516019],[0.488523,0.782604,0.385844],[0.305112,-0.567502,0.764754]],"s":0.967863,"sphereCenter":[-28.2209,182.268,-34.5444],"sphereRadius":43.7016,"stabilizedPalmPosition":[6.72626,208.726,-8.89788],"t":[-12.0878,28.2559,-76.6297],"timeVisible":31.535,"type":"right","wrist":[-0.351704,158.963,41.9024]}],"id":1404294,"interactionBox":{"center":[0,200,0],"size":[235.247,235.247,147.751]},"pointables":[{"bases":[[[0.75313,0.561392,0.342979],[-0.529395,0.20766,0.822568],[0.39056,-0.801072,0.453593]],[[0.66727,0.70069,0.252555],[-0.573003,0.266305,0.77508],[0.475834,-0.661902,0.579195]],[[0.66727,0.70069,0.252555],[-0.711389,0.499123,0.494775],[0.220629,-0.509813,0.831513]],[[0.66727,0.70069,0.252555],[-0.495084,0.670593,-0.552447],[-0.556455,0.243595,0.794367]]],"btipPosition":[-48.3994,202.464,-28.8319],"carpPosition":[-30.3628,158.27,46.1276],"dipPosition":[-61.2689,208.098,-10.4601],"direction":[-0.220629,0.509813,-0.831513],"extended":false,"handId":398,"id":3980,"length":51.5018,"mcpPosition":[-30.3628,158.27,46.1276],"pipPosition":[-53.8352,190.921,17.5565],"stabilizedTipPosition":[-42.5907,209.131,-32.5842],"timeVisible":31.535,"tipPosition":[-49.9086,201.416,-25.8729],"tipVelocity":[-320.254,-189.525,280.502],"tool":false,"touchDistance":0.537085,"touchZone":"hovering","type":0,"width":20.0112},{"bases":[[[0.887114,-0.160816,-0.432629],[0.409943,0.705225,0.57845],[0.212076,-0.690504,0.69154]],[[0.891704,-0.176466,-0.416802],[0.226137,0.971392,0.0725278],[0.392079,-0.158928,0.906099]],[[0.891704,-0.176466,-0.416802],[0.0973014,0.974073,-0.204238],[0.442037,0.141565,0.885755]],[[0.891704,-0.176466,-0.416802],[0.00907066,0.927649,-0.373343],[0.452529,0.329131,0.828789]]],"btipPosition":[-64.9923,223.383,-74.3335],"carpPosition":[-14.7292,175.373,49.562],"dipPosition":[-57.3518,228.94,-60.3401],"direction":[-0.442037,-0.141565,-0.885755],"extended":true,"handId":398,"id":3981,"length":58.114,"mcpPosition":[-30.1476,225.574,-0.714395],"pipPosition":[-46.7936,232.321,-39.1835],"stabilizedTipPosition":[-61.4659,227.338,-71.5639],"timeVisible":31.535,"tipPosition":[-62.9193,226.53,-71.1054],"tipVelocity":[-407.038,-592.762,121.071],"tool":false,"touchDistance":0.402572,"touchZone":"hovering","type":1,"width":19.1147},{"bases":[[[0.824639,-0.370479,-0.427452],[0.558575,0.652553,0.512024],[0.0892409,-0.660999,0.745061]],[[0.826486,-0.385696,-0.410073],[-0.0076137,0.720702,-0.693203],[0.562906,0.576045,0.592713]],[[0.826486,-0.385696,-0.410073],[-0.547111,-0.37869,-0.746501],[0.132632,0.841328,-0.524]],[[0.826486,-0.385696,-0.410073],[-0.534887,-0.765157,-0.358373],[-0.175548,0.515533,-0.838695]]],"btipPosition":[-36.9169,159.944,-4.37589],"carpPosition":[-3.48468,175.025,44.9248],"dipPosition":[-40.1768,169.518,-19.9508],"direction":[-0.132632,-0.841328,0.524],"extended":false,"handId":398,"id":3982,"length":66.2163,"mcpPosition":[-9.63742,220.598,-6.4436],"pipPosition":[-36.4498,193.16,-34.6757],"stabilizedTipPosition":[-26.6064,177.447,-26.779],"timeVisible":31.535,"tipPosition":[-38.0785,162.628,-9.19403],"tipVelocity":[-157.147,-301.874,265.073],"tool":false,"touchDistance":0.333333,"touchZone":"none","type":2,"width":18.7732},{"bases":[[[0.784314,-0.511843,-0.350525],[0.618624,0.603013,0.503666],[-0.0464271,-0.611876,0.78959]],[[0.785128,-0.498632,-0.367342],[0.108464,0.69466,-0.711114],[0.609762,0.518472,0.59948]],[[0.785128,-0.498632,-0.367342],[-0.56399,-0.330549,-0.756738],[0.255909,0.801313,-0.540747]],[[0.785128,-0.498632,-0.367342],[-0.613675,-0.706337,-0.352834],[-0.0835326,0.502448,-0.860563]]],"btipPosition":[-22.6099,155.437,-5.04059],"carpPosition":[6.90212,171.666,39.6125],"dipPosition":[-24.1522,164.714,-20.9297],"direction":[-0.255909,-0.801313,0.540747],"extended":false,"handId":398,"id":3983,"length":63.6687,"mcpPosition":[9.77602,209.542,-9.26419],"pipPosition":[-17.1466,186.65,-35.7329],"stabilizedTipPosition":[-13.3969,170.284,-24.5185],"timeVisible":31.535,"tipPosition":[-23.2202,157.817,-9.54745],"tipVelocity":[-145.246,-261.365,258.833],"tool":false,"touchDistance":0.333333,"touchZone":"none","type":3,"width":17.8639},{"bases":[[[0.660601,-0.671773,-0.335152],[0.726535,0.459619,0.510782],[-0.189087,-0.580923,0.791691]],[[0.639215,-0.72481,-0.257009],[0.352793,0.573339,-0.739473],[0.683331,0.382011,0.622195]],[[0.639215,-0.72481,-0.257009],[-0.575663,-0.229381,-0.784854],[0.509917,0.649642,-0.56387]],[[0.639215,-0.72481,-0.257009],[-0.759445,-0.54236,-0.359289],[0.121025,0.424848,-0.897138]]],"btipPosition":[-10.7254,162.271,-8.59447],"carpPosition":[14.234,162.125,32.3314],"dipPosition":[-8.66395,169.508,-23.8759],"direction":[-0.509917,-0.649642,0.56387],"extended":false,"handId":398,"id":3984,"length":49.9151,"mcpPosition":[25.0689,195.412,-13.0336],"pipPosition":[1.19181,182.064,-34.7745],"stabilizedTipPosition":[-0.985704,174.282,-25.3131],"timeVisible":31.535,"tipPosition":[-10.3844,164.154,-12.7296],"tipVelocity":[-161.676,-235.089,240.74],"tool":false,"touchDistance":0.333333,"touchZone":"none","type":4,"width":15.8681}],"r":[[0.817467,-0.255874,-0.516019],[0.488523,0.782604,0.385844],[0.305112,-0.567502,0.764754]],"s":0.967863,"t":[-12.0878,28.2559,-76.6297],"timestamp":88548645770},false],[6,{"currentFrameRate":55.3642,"devices":[],"gestures":[],"hands":[{"armBasis":[[0.921094,-0.262988,-0.287094],[0.378594,0.777052,0.502849],[0.090844,-0.571863,0.815304]],"armWidth":62.9686,"confidence":0.42345,"direction":[-0.0462297,0.717239,-0.695292],"elbow":[22.0542,6.42666,261.271],"grabStrength":0.401004,"id":398,"palmNormal":[-0.39459,-0.652543,-0.646905],"palmPosition":[-13.2488,196.339,6.22989],"palmVelocity":[-236.54,-154.552,87.3156],"palmWidth":89.917,"pinchStrength":0.388425,"r":[[0.821223,-0.240222,-0.517578],[0.462988,0.810701,0.358338],[0.33352,-0.533907,0.776986]],"s":0.972885,"sphereCenter":[-31.6143,177.038,-33.4666],"sphereRadius":43.5173,"stabilizedPalmPosition":[-1.46528,203.646,-2.69415],"t":[-16.3752,25.5028,-75.1498],"timeVisible":31.5531,"type":"right","wrist":[-2.18442,159.009,43.7354]}],"id":1404295,"interactionBox":{"center":[0,200,0],"size":[235.247,235.247,147.751]},"pointables":[{"bases":[[[0.713189,0.625243,0.316912],[-0.544046,0.208644,0.8127],[0.442013,-0.752023,0.488964]],[[0.628016,0.743586,0.229513],[-0.582224,0.253274,0.772572],[0.516344,-0.618816,0.591993]],[[0.628016,0.743586,0.229513],[-0.736269,0.472244,0.484658],[0.251998,-0.473356,0.844056]],[[0.628016,0.743586,0.229513],[-0.545951,0.631161,-0.550975],[-0.554557,0.220719,0.80234]]],"btipPosition":[-53.2284,197.876,-28.1925],"carpPosition":[-32.0926,156.506,48.0053],"dipPosition":[-66.054,202.98,-9.63627],"direction":[-0.251998,0.473356,-0.844056],"extended":false,"handId":398,"id":3980,"length":51.5018,"mcpPosition":[-32.0926,156.506,48.0053],"pipPosition":[-57.5633,187.031,18.803],"stabilizedTipPosition":[-49.3531,204.114,-28.2744],"timeVisible":31.5531,"tipPosition":[-54.8579,196.821,-24.9879],"tipVelocity":[-294.393,-223.051,164.885],"tool":false,"touchDistance":0.526937,"touchZone":"hovering","type":0,"width":20.0112},{"bases":[[[0.896904,-0.120553,-0.425477],[0.360607,0.756297,0.545873],[0.255981,-0.643025,0.721798]],[[0.902248,-0.134481,-0.409711],[0.147788,0.989019,0.000824997],[0.405101,-0.0612949,0.912215]],[[0.902248,-0.134481,-0.409711],[0.0156715,0.959725,-0.280502],[0.430932,0.246662,0.868018]],[[0.902248,-0.134481,-0.409711],[-0.0696175,0.892236,-0.44617],[0.42556,0.431079,0.795656]]],"btipPosition":[-70.93,210.932,-74.7148],"carpPosition":[-17.6426,174.751,50.657],"dipPosition":[-63.7448,218.211,-61.2809],"direction":[-0.430932,-0.246662,-0.868018],"extended":true,"handId":398,"id":3981,"length":58.114,"mcpPosition":[-36.2529,221.5,-1.81917],"pipPosition":[-53.4518,224.102,-40.548],"stabilizedTipPosition":[-68.3588,214.339,-71.6178],"timeVisible":31.5531,"tipPosition":[-69.0364,214.826,-71.7812],"tipVelocity":[-372.005,-627.262,50.0388],"tool":false,"touchDistance":0.387998,"touchZone":"hovering","type":1,"width":19.1147},{"bases":[[[0.848537,-0.333472,-0.41083],[0.512581,0.710727,0.481797],[0.131323,-0.619406,0.77401]],[[0.851345,-0.347696,-0.392834],[-0.0551562,0.685344,-0.726128],[0.521698,0.639853,0.564286]],[[0.851345,-0.347696,-0.392834],[-0.518997,-0.449009,-0.727347],[0.0765094,0.823103,-0.562715]],[[0.851345,-0.347696,-0.392834],[-0.481604,-0.814914,-0.322449],[-0.208012,0.463706,-0.861225]]],"btipPosition":[-38.5795,155.432,-2.40268],"carpPosition":[-6.3888,174.946,46.0335],"dipPosition":[-42.4424,164.044,-18.396],"direction":[-0.0765093,-0.823103,0.562715],"extended":false,"handId":398,"id":3982,"length":66.2163,"mcpPosition":[-15.4429,217.651,-7.33075],"pipPosition":[-40.2924,187.174,-34.2088],"stabilizedTipPosition":[-31.3535,170.053,-19.1396],"timeVisible":31.5531,"tipPosition":[-39.8998,157.804,-7.3148],"tipVelocity":[-129.66,-282.505,188.197],"tool":false,"touchDistance":0.333333,"touchZone":"none","type":2,"width":18.7732},{"bases":[[[0.817543,-0.47361,-0.327593],[0.57582,0.664978,0.475642],[-0.00742615,-0.577492,0.816362]],[[0.817514,-0.461135,-0.345],[0.0631541,0.667223,-0.742176],[0.572435,0.584951,0.574587]],[[0.817514,-0.461135,-0.345],[-0.539045,-0.401812,-0.740255],[0.202733,0.791139,-0.57706]],[[0.817514,-0.461135,-0.345],[-0.564281,-0.761145,-0.31976],[-0.115142,0.456085,-0.882456]]],"btipPosition":[-24.0271,151.894,-2.94127],"carpPosition":[4.21166,172.052,40.8716],"dipPosition":[-26.1531,160.315,-19.2347],"direction":[-0.202733,-0.791139,0.57706],"extended":false,"handId":398,"id":3983,"length":63.6687,"mcpPosition":[4.67135,207.8,-9.66228],"pipPosition":[-20.6032,181.972,-35.0318],"stabilizedTipPosition":[-16.9314,165.054,-18.851],"timeVisible":31.5531,"tipPosition":[-24.7829,154.018,-7.54137],"tipVelocity":[-116.86,-235.197,188.326],"tool":false,"touchDistance":0.333333,"touchZone":"none","type":3,"width":17.8639},{"bases":[[[0.704733,-0.640585,-0.304963],[0.693035,0.52957,0.489141],[-0.151837,-0.556064,0.817153]],[[0.686756,-0.691334,-0.224549],[0.314255,0.56094,-0.765892],[0.655446,0.455415,0.602485]],[[0.686756,-0.691334,-0.224549],[-0.558083,-0.30355,-0.77227],[0.465735,0.655678,-0.594287]],[[0.686756,-0.691334,-0.224549],[-0.720825,-0.607904,-0.332962],[0.093684,0.390525,-0.915813]]],"btipPosition":[-12.6188,159.328,-6.76703],"carpPosition":[12.181,162.703,34.0231],"dipPosition":[-11.0231,165.98,-22.3666],"direction":[-0.465735,-0.655678,0.594287],"extended":false,"handId":398,"id":3984,"length":49.9151,"mcpPosition":[20.8815,194.567,-12.8009],"pipPosition":[-2.02127,178.653,-33.853],"stabilizedTipPosition":[-4.77546,169.766,-20.2814],"timeVisible":31.5531,"tipPosition":[-12.3952,161.039,-10.9898],"tipVelocity":[-137.266,-204.014,172.224],"tool":false,"touchDistance":0.333333,"touchZone":"none