{"sensorType":"Leap","data":[[0,{"currentFrameRate":55.3073,"devices":[],"gestures":[],"hands":[{"armBasis":[[0.892853,-0.384532,-0.234412],[0.443048,0.843354,0.304078],[0.0807642,-0.375353,0.923357]],"armWidth":62.9686,"confidence":0.740689,"direction":[0.287051,0.375078,-0.88143],"elbow":[16.8969,76.7627,311.053],"grabStrength":0,"id":398,"palmNormal":[-0.398866,-0.789791,-0.465979],"palmPosition":[2.40235,197.212,15.0809],"palmVelocity":[-77.7811,-425.409,160.461],"palmWidth":89.917,"pinchStrength":0.977368,"r":[[0.812763,-0.512852,-0.276402],[0.544013,0.837867,0.0450502],[0.208484,-0.186982,0.959985]],"s":1.02182,"sphereCenter":[-35.1806,193.467,-20.8059],"sphereRadius":51.6887,"stabilizedPalmPosition":[2.83772,199.262,14.2048],"t":[-3.5991,31.4029,-67.7619],"timeVisible":48.428,"type":"right","wrist":[-4.6523,176.913,64.687]}],"id":1405221,"interactionBox":{"center":[0,200,0],"size":[235.247,235.247,147.751]},"pointables":[{"bases":[[[0.763227,0.584304,0.275816],[-0.634562,0.597418,0.49033],[0.121724,-0.549255,0.826742]],[[0.689949,0.723773,0.0110538],[-0.699782,0.663017,0.26592],[0.185137,-0.191207,0.963932]],[[0.689949,0.723773,0.0110538],[-0.706217,0.676407,-0.209121],[-0.158833,0.136477,0.977827]],[[0.689949,0.723773,0.0110538],[-0.104702,0.114896,-0.987844],[-0.716245,0.680405,0.155053]]],"btipPosition":[-21.6314,169.985,-23.56],"carpPosition":[-34.4155,180.888,60.5222],"dipPosition":[-38.1965,185.722,-19.974],"direction":[0.158833,-0.136477,-0.977827],"extended":false,"handId":398,"id":3980,"length":51.5018,"mcpPosition":[-34.4155,180.888,60.5222],"pipPosition":[-43.5481,190.32,12.9725],"stabilizedTipPosition":[-24.8791,179.268,-25.3017],"timeVisible":48.428,"tipPosition":[-25.2645,172.958,-23.5664],"tipVelocity":[-0.462825,-500.766,175.177],"tool":false,"touchDistance":0.615787,"touchZone":"hovering","type":0,"width":20.0112},{"bases":[[[0.906756,-0.415466,-0.0719836],[0.414738,0.84799,0.330008],[-0.0760656,-0.329091,0.94123]],[[0.902241,-0.33615,-0.27012],[0.409981,0.862861,0.295613],[0.133706,-0.377458,0.916323]],[[0.902241,-0.33615,-0.27012],[0.386012,0.908794,0.158393],[0.19224,-0.247178,0.949709]],[[0.902241,-0.33615,-0.27012],[0.361137,0.931313,0.0472826],[0.235672,-0.140211,0.961665]]],"btipPosition":[-25.4488,244.469,-85.4332],"carpPosition":[-16.7315,196.247,60.8203],"dipPosition":[-21.4697,242.102,-69.1964],"direction":[-0.19224,0.247178,-0.949709],"extended":true,"handId":398,"id":3981,"length":58.114,"mcpPosition":[-11.2014,220.172,-7.60904],"pipPosition":[-16.8779,236.198,-46.5122],"stabilizedTipPosition":[-24.5065,246.425,-81.7551],"timeVisible":48.428,"tipPosition":[-25.0237,243.329,-81.7421],"tipVelocity":[-18.5025,-669.691,10.9136],"tool":false,"touchDistance":0.312358,"touchZone":"hovering","type":1,"width":19.1147},{"bases":[[[0.804065,-0.594541,0.000645242],[0.560294,0.758112,0.333672],[-0.198871,-0.267932,0.942689]],[[0.796406,-0.603778,0.0344934],[0.388079,0.466482,-0.794851],[0.463823,0.646411,0.605823]],[[0.796406,-0.603778,0.0344934],[-0.277625,-0.415678,-0.866104],[0.537273,0.680194,-0.498672]],[[0.796406,-0.603778,0.0344934],[-0.518861,-0.711472,-0.47391],[0.310677,0.359527,-0.879898]]],"btipPosition":[-34.3237,154.756,-3.53624],"carpPosition":[-5.07474,192.864,59.961],"dipPosition":[-28.5543,161.433,-19.8763],"direction":[-0.537273,-0.680194,0.498672],"extended":false,"handId":398,"id":3982,"length":66.2163,"mcpPosition":[8.63645,211.337,-5.03294],"pipPosition":[-13.4564,180.547,-33.8895],"stabilizedTipPosition":[-31.4801,168.241,-14.0486],"timeVisible":48.428,"tipPosition":[-32.8992,156.331,-9.1238],"tipVelocity":[25.4062,-532.911,183.331],"tool":false,"touchDistance":0.333333,"touchZone":"none","type":2,"width":18.7732},{"bases":[[[0.721495,-0.682936,0.114207],[0.609684,0.70477,0.362746],[-0.328222,-0.192089,0.924863]],[[0.736025,-0.673229,0.0709279],[0.466023,0.427903,-0.774417],[0.491009,0.603044,0.628688]],[[0.736025,-0.673229,0.0709279],[-0.264571,-0.382515,-0.885259],[0.623113,0.632807,-0.459658]],[[0.736025,-0.673229,0.0709279],[-0.550441,-0.656167,-0.516197],[0.394059,0.340892,-0.853528]]],"btipPosition":[-20.3971,148.22,2.83545],"carpPosition":[5.29862,186.573,59.5014],"dipPosition":[-13.1213,154.514,-12.9238],"direction":[-0.623113,-0.632807,0.459658],"extended":false,"handId":398,"id":3983,"length":63.6687,"mcpPosition":[25.616,198.464,2.25117],"pipPosition":[3.9366,171.838,-25.5071],"stabilizedTipPosition":[-17.9665,158.462,-5.57158],"timeVisible":48.428,"tipPosition":[-18.6634,149.634,-1.92585],"tipVelocity":[30.4465,-494.995,198.899],"tool":false,"touchDistance":0.333333,"touchZone":"none","type":3,"width":17.8639},{"bases":[[[0.567936,-0.807576,0.158966],[0.683072,0.570211,0.456368],[-0.459196,-0.150603,0.875476]],[[0.524187,-0.81787,0.237311],[0.693621,0.248357,-0.676172],[0.494083,0.519044,0.697477]],[[0.524187,-0.81787,0.237311],[-0.164132,-0.370465,-0.91423],[0.835637,0.440277,-0.328432]],[[0.524187,-0.81787,0.237311],[-0.571279,-0.544371,-0.614249],[0.631561,0.18641,-0.752584]]],"btipPosition":[-5.94422,152.981,3.63264],"carpPosition":[11.9166,174.173,59.0029],"dipPosition":[4.81349,156.157,-9.18652],"direction":[-0.835637,-0.440277,0.328432],"extended":false,"handId":398,"id":3984,"length":49.9151,"mcpPosition":[38.2292,182.803,8.83692],"pipPosition":[20.9648,164.666,-15.5345],"stabilizedTipPosition":[-3.51012,157.589,-1.81755],"timeVisible":48.428,"tipPosition":[-3.29755,153.699,-0.178835],"tipVelocity":[13.1777,-466.353,279.589],"tool":false,"touchDistance":0.333333,"touchZone":"none","type":4,"width":15.8681}],"r":[[0.812763,-0.512852,-0.276402],[0.544013,0.837867,0.0450502],[0.208484,-0.186982,0.959985]],"s":1.02182,"t":[-3.5991,31.4029,-67.7619],"timestamp":88565538834},false],[1,{"currentFrameRate":55.3525,"devices":[],"gestures":[],"hands":[{"armBasis":[[0.918272,-0.337234,-0.207484],[0.3893,0.864602,0.317661],[0.0722645,-0.372473,0.925225]],"armWidth":62.9686,"confidence":0.750613,"direction":[0.289592,0.384172,-0.876669],"elbow":[13.4427,69.2856,314.794],"grabStrength":0,"id":398,"palmNormal":[-0.345932,-0.811994,-0.470102],"palmPosition":[1.41542,189.011,18.3699],"palmVelocity":[-67.0761,-440.746,171.403],"palmWidth":89.917,"pinchStrength":0.968368,"r":[[0.828206,-0.498685,-0.25571],[0.524235,0.850684,0.0389164],[0.198122,-0.166283,0.96597]],"s":1.02149,"sphereCenter":[-33.8256,181.79,-18.5051],"sphereRadius":50.8631,"stabilizedPalmPosition":[1.63287,190.579,17.7331],"t":[-4.79877,23.4127,-64.6458],"timeVisible":48.446,"type":"right","wrist":[-5.83861,168.667,67.9289]}],"id":1405222,"interactionBox":{"center":[0,200,0],"size":[235.247,235.247,147.751]},"pointables":[{"bases":[[[0.725039,0.624418,0.290551],[-0.67655,0.566838,0.47008],[0.128831,-0.537398,0.83343]],[[0.654369,0.755551,0.030715],[-0.733257,0.624088,0.269903],[0.184757,-0.199138,0.962398]],[[0.654369,0.755551,0.030715],[-0.732364,0.643353,-0.223022],[-0.188265,0.123444,0.974329]],[[0.654369,0.755551,0.030715],[-0.0817577,0.111073,-0.990444],[-0.751743,0.645604,0.134455]]],"btipPosition":[-21.0364,161.814,-20.4166],"carpPosition":[-35.6519,171.081,62.9957],"dipPosition":[-38.4224,176.745,-17.307],"direction":[0.188265,-0.123444,-0.974329],"extended":false,"handId":398,"id":3980,"length":51.5018,"mcpPosition":[-35.6519,171.081,62.9957],"pipPosition":[-44.7658,180.904,15.5216],"stabilizedTipPosition":[-24.996,168.774,-21.11],"timeVisible":48.446,"tipPosition":[-24.5205,164.298,-20.4063],"tipVelocity":[10.4615,-484.639,172.447],"tool":false,"touchDistance":0.633049,"touchZone":"hovering","type":0,"width":20.0112},{"bases":[[[0.928404,-0.368665,-0.0463967],[0.362225,0.870134,0.334155],[-0.08282,-0.327037,0.941375]],[[0.925293,-0.292466,-0.241445],[0.356881,0.886883,0.293384],[0.128329,-0.357633,0.925003]],[[0.925293,-0.292466,-0.241445],[0.332325,0.932012,0.144614],[0.182735,-0.214048,0.959579]],[[0.925293,-0.292466,-0.241445],[0.307093,0.951365,0.0244742],[0.222544,-0.0967918,0.970106]]],"btipPosition":[-26.3416,233.038,-83.3867],"carpPosition":[-18.7923,187.331,63.6241],"dipPosition":[-22.5841,231.404,-67.0073],"direction":[-0.182735,0.214048,-0.959579],"extended":true,"handId":398,"id":3981,"length":58.114,"mcpPosition":[-12.7711,211.107,-4.81574],"pipPosition":[-18.2194,226.291,-44.0874],"stabilizedTipPosition":[-25.3812,234.025,-79.831],"timeVisible":48.446,"tipPosition":[-25.8477,232.5,-79.5599],"tipVelocity":[-34.6436,-650.408,60.5687],"tool":false,"touchDistance":0.345645,"touchZone":"hovering","type":1,"width":19.1147},{"bases":[[[0.833234,-0.552358,0.0249322],[0.512062,0.787889,0.342087],[-0.208598,-0.272272,0.939337]],[[0.825199,-0.561786,0.0586746],[0.386785,0.486309,-0.783519],[0.411636,0.669253,0.618592]],[[0.825199,-0.561786,0.0586746],[-0.230294,-0.429476,-0.873221],[0.515763,0.707069,-0.483779]],[[0.825199,-0.561786,0.0586746],[-0.468133,-0.738339,-0.485497],[0.316067,0.373164,-0.872267]]],"btipPosition":[-32.5475,144.642,-1.35477],"carpPosition":[-6.95936,184.548,63.0798],"dipPosition":[-26.678,151.572,-17.5531],"direction":[-0.515763,-0.707069,0.483779],"extended":false,"handId":398,"id":3982,"length":66.2163,"mcpPosition":[7.42252,203.319,-1.68307],"pipPosition":[-12.1845,171.442,-31.1478],"stabilizedTipPosition":[-31.292,153.595,-8.07945],"timeVisible":48.446,"tipPosition":[-31.0901,146.255,-6.54426],"tipVelocity":[60.8372,-546.379,155.144],"tool":false,"touchDistance":0.333333,"touchZone":"none","type":2,"width":18.7732},{"bases":[[[0.752467,-0.644217,0.137032],[0.563374,0.737331,0.372764],[-0.341179,-0.203292,0.917752]],[[0.767547,-0.634045,0.0941202],[0.463751,0.447928,-0.764392],[0.442499,0.630355,0.637845]],[[0.767547,-0.634045,0.0941202],[-0.221441,-0.400083,-0.889324],[0.601527,0.661756,-0.447486]],[[0.767547,-0.634045,0.0941202],[-0.502757,-0.686581,-0.525207],[0.397626,0.355801,-0.845754]]],"btipPosition":[-18.4954,138.863,5.81694],"carpPosition":[3.73135,178.796,62.9238],"dipPosition":[-11.1538,145.433,-9.79877],"direction":[-0.601527,-0.661756,0.447486],"extended":false,"handId":398,"id":3983,"length":63.6687,"mcpPosition":[24.8508,191.381,6.11375],"pipPosition":[5.31324,163.549,-22.0488],"stabilizedTipPosition":[-17.1693,146.028,-0.211728],"timeVisible":48.446,"tipPosition":[-16.7321,140.33,1.1888],"tipVelocity":[66.5985,-506.283,184.461],"tool":false,"touchDistance":0.333333,"touchZone":"none","type":3,"width":17.8639},{"bases":[[[0.604423,-0.776329,0.178843],[0.641181,0.607279,0.469147],[-0.47282,-0.168892,0.864822]],[[0.559132,-0.788432,0.256409],[0.691982,0.27345,-0.668121],[0.456653,0.550998,0.698476]],[[0.559132,-0.788432,0.256409],[-0.134045,-0.391169,-0.910505],[0.818171,0.474722,-0.324401]],[[0.559132,-0.788432,0.256409],[-0.535624,-0.579581,-0.61416],[0.632834,0.206058,-0.746366]]],"btipPosition":[-4.4691,144.49,7.70065],"carpPosition":[10.9872,166.751,62.6791],"dipPosition":[6.31029,148,-5.0126],"direction":[-0.818171,-0.474722,0.324401],"extended":false,"handId":398,"id":3984,"length":49.9151,"mcpPosition":[38.0805,176.428,13.1236],"pipPosition":[22.124,157.175,-11.2827],"stabilizedTipPosition":[-2.40428,148.648,2.97898],"timeVisible":48.446,"tipPosition":[-1.76288,145.254,3.80454],"tipVelocity":[45.9699,-467.989,255.469],"tool":false,"touchDistance":0.333333,"touchZone":"none","type":4,"width":15.8681}],"r":[[0.828206,-0.498685,-0.25571],[0.524235,0.850684,0.0389164],[0.198122,-0.166283,0.96597]],"s":1.02149,"t":[-4.79877,23.4127,-64.6458],"timestamp":88565556744},false],[2,{"currentFrameRate":55.3221,"devices":[],"gestures":[],"hands":[{"armBasis":[[0.926476,-0.320317,-0.197582],[0.369555,0.873619,0.316574],[0.0712077,-0.366316,0.927762]],"armWidth":62.9686,"confidence":0.758225,"direction":[0.286314,0.366411,-0.885307],"elbow":[12.8738,62.7099,317.723],"grabStrength":0,"id":398,"palmNormal":[-0.331388,-0.829093,-0.450318],"palmPosition":[0.966307,179.643,20.1426],"palmVelocity":[-46.8573,-476.304,136.142],"palmWidth":89.917,"pinchStrength":0.96625,"r":[[0.841794,-0.485406,-0.236145],[0.50553,0.862302,0.0295832],[0.189269,-0.144281,0.971267]],"s":1.02029,"sphereCenter":[-32.8354,169.47,-16.7401],"sphereRadius":50.0727,"stabilizedPalmPosition":[1.04604,180.951,19.8544],"t":[-5.62317,14.7335,-62.2015],"timeVisible":48.4641,"type":"right","wrist":[-6.12553,160.449,70.1814]}],"id":1405223,"interactionBox":{"center":[0,200,0],"size":[235.247,235.247,147.751]},"pointables":[{"bases":[[[0.714028,0.643125,0.276685],[-0.687049,0.567659,0.453571],[0.13464,-0.513959,0.847183]],[[0.644949,0.763941,0.0208428],[-0.738493,0.615983,0.274214],[0.196644,-0.192246,0.961443]],[[0.644949,0.763941,0.0208428],[-0.74007,0.631134,-0.232306],[-0.190623,0.1344,0.972419]],[[0.644949,0.763941,0.0208428],[-0.0818647,0.0961781,-0.991992],[-0.759828,0.638078,0.12457]]],"btipPosition":[-21.6616,152.456,-17.9699],"carpPosition":[-35.9571,162.258,65.1023],"dipPosition":[-39.2346,167.213,-15.0889],"direction":[0.190623,-0.1344,-0.972419],"extended":false,"handId":398,"id":3980,"length":51.5018,"mcpPosition":[-35.9571,162.258,65.1023],"pipPosition":[-45.6574,171.742,17.6754],"stabilizedTipPosition":[-25.5647,158.384,-18.0527],"timeVisible":48.4641,"tipPosition":[-24.9865,154.671,-17.8518],"tipVelocity":[-12.0673,-500.029,152.996],"tool":false,"touchDistance":0.638989,"touchZone":"hovering","type":0,"width":20.0112},{"bases":[[[0.934313,-0.354796,-0.0343342],[0.347199,0.884021,0.312985],[-0.0806938,-0.304347,0.949137]],[[0.931182,-0.285431,-0.226781],[0.340507,0.903176,0.261398],[0.130212,-0.320629,0.938212]],[[0.931182,-0.285431,-0.226781],[0.313829,0.944172,0.100255],[0.185505,-0.164526,0.968772]],[[0.931182,-0.285431,-0.226781],[0.286561,0.957633,-0.0286499],[0.225351,-0.0383084,0.973524]]],"btipPosition":[-27.2583,219.103,-83.0468],"carpPosition":[-19.361,178.787,65.3664],"dipPosition":[-23.4535,218.456,-66.6097],"direction":[-0.185505,0.164526,-0.968772],"extended":true,"handId":398,"id":3981,"length":58.114,"mcpPosition":[-13.4944,200.914,-3.63777],"pipPosition":[-19.0226,214.527,-43.4703],"stabilizedTipPosition":[-26.3207,219.894,-79.3015],"timeVisible":48.4641,"tipPosition":[-26.6545,219.296,-79.0977],"tipVelocity":[-41.8875,-699.811,40.9363],"tool":false,"touchDistance":0.349711,"touchZone":"hovering","type":1,"width":19.1147},{"bases":[[[0.841851,-0.538123,0.0413634],[0.498302,0.804415,0.323437],[-0.207322,-0.251674,0.945345]],[[0.833875,-0.546802,0.0752354],[0.388547,0.484714,-0.783635],[0.392025,0.682686,0.616649]],[[0.833875,-0.546802,0.0752354],[-0.211556,-0.442527,-0.871444],[0.5098,0.710759,-0.484691]],[[0.833875,-0.546802,0.0752354],[-0.450833,-0.753388,-0.478702],[0.318437,0.365259,-0.874748]]],"btipPosition":[-32.1019,134.259,0.242582],"carpPosition":[-7.48343,176.181,64.9271],"dipPosition":[-26.1884,141.042,-16.0018],"direction":[-0.5098,-0.710759,0.484691],"extended":false,"handId":398,"id":3982,"length":66.2163,"mcpPosition":[6.81046,193.533,-0.24994],"pipPosition":[-11.8625,161.015,-29.6222],"stabilizedTipPosition":[-30.8758,140.148,-4.61042],"timeVisible":48.4641,"tipPosition":[-30.6858,135.806,-4.30733],"tipVelocity":[43.7688,-559.068,122.76],"tool":false,"touchDistance":0.333333,"touchZone":"none","type":2,"width":18.7732},{"bases":[[[0.76219,-0.628392,0.155527],[0.550312,0.75548,0.355537],[-0.340914,-0.185398,0.921632]],[[0.777218,-0.619092,0.112503],[0.459869,0.436836,-0.773107],[0.429479,0.65261,0.624218]],[[0.777218,-0.619092,0.112503],[-0.211485,-0.425407,-0.879945],[0.592626,0.660117,-0.461563]],[[0.777218,-0.619092,0.112503],[-0.489967,-0.70763,-0.50911],[0.394796,0.340567,-0.853317]]],"btipPosition":[-18.0742,128.903,8.72785],"carpPosition":[3.2981,170.6,64.9482],"dipPosition":[-10.7848,135.191,-7.02752],"direction":[-0.592626,-0.660117,0.461563],"extended":false,"handId":398,"id":3983,"length":63.6687,"mcpPosition":[24.4011,182.076,7.89797],"pipPosition":[5.43849,153.262,-19.663],"stabilizedTipPosition":[-16.5874,134.204,3.7972],"timeVisible":48.4641,"tipPosition":[-16.3324,130.275,4.14668],"tipVelocity":[45.5586,-527.822,171.997],"tool":false,"touchDistance":0.333333,"touchZone":"none","type":3,"width":17.8639},{"bases":[[[0.616136,-0.761758,0.200254],[0.629866,0.629178,0.455417],[-0.472912,-0.154465,0.867464]],[[0.570726,-0.772625,0.278071],[0.687666,0.264647,-0.676075],[0.448762,0.577073,0.682349]],[[0.570726,-0.772625,0.278071],[-0.13066,-0.419773,-0.898175],[0.810679,0.476279,-0.340526]],[[0.570726,-0.772625,0.278071],[-0.528727,-0.604872,-0.595464],[0.628267,0.192823,-0.753724]]],"btipPosition":[-4.20679,134.866,10.9012],"carpPosition":[10.7459,158.67,65.0306],"dipPosition":[6.49482,138.151,-1.9374],"direction":[-0.810679,-0.476279,0.340526],"extended":false,"handId":398,"id":3984,"length":49.9151,"mcpPosition":[37.8445,167.521,15.3236],"pipPosition":[22.1637,147.356,-8.51914],"stabilizedTipPosition":[-1.90303,138.738,6.75955],"timeVisible":48.4641,"tipPosition":[-1.51375,135.539,6.95411],"tipVelocity":[30.45,-498.614,216.811],"tool":false,"touchDistance":0.333333,"touchZone":"none","type":4,"width":15.8681}],"r":[[0.841794,-0.485406,-0.236145],[0.50553,0.862302,0.0295832],[0.189269,-0.144281,0.971267]],"s":1.02029,"t":[-5.62317,14.7335,-62.2015],"timestamp":88565574925},false],[3,{"currentFrameRate":55.2803,"devices":[],"gestures":[],"hands":[{"armBasis":[[0.93119,-0.311356,-0.189585],[0.357531,0.881521,0.308369],[0.0711108,-0.354933,0.932183]],"armWidth":62.9686,"confidence":0.759981,"direction":[0.287433,0.362242,-0.886658],"elbow":[12.0011,56.636,321.479],"grabStrength":0,"id":398,"palmNormal":[-0.318336,-0.836968,-0.445138],"palmPosition":[0.202117,170.185,22.5987],"palmVelocity":[-44.4919,-496.582,135.451],"palmWidth":89.917,"pinchStrength":0.951651,"r":[[0.853719,-0.472601,-0.21866],[0.488306,0.872423,0.0208897],[0.180891,-0.124607,0.975578]],"s":1.01901,"sphereCenter":[-32.0312,157.779,-14.4834],"sphereRadius":49.3462,"stabilizedPalmPosition":[0.282921,171.216,22.336],"t":[-6.41746,5.66485,-59.7512],"timeVisible":48.4824,"type":"right","wrist":[-6.97239,151.338,72.7575]}],"id":1405224,"interactionBox":{"center":[0,200,0],"size":[235.247,235.247,147.751]},"pointables":[{"bases":[[[0.704322,0.654227,0.27553],[-0.696823,0.563062,0.444297],[0.135531,-0.504924,0.852457]],[[0.638461,0.769196,0.0265348],[-0.742029,0.606025,0.286576],[0.204352,-0.202657,0.95769]],[[0.638461,0.769196,0.0265348],[-0.744747,0.626132,-0.230889],[-0.194213,0.127652,0.972618]],[[0.638461,0.769196,0.0265348],[-0.0788906,0.099699,-0.991885],[-0.7656,0.631187,0.124336]]],"btipPosition":[-22.6212,143.834,-15.4121],"carpPosition":[-36.791,152.736,67.4763],"dipPosition":[-40.3277,158.432,-12.5365],"direction":[0.194213,-0.127652,-0.972618],"extended":false,"handId":398,"id":3980,"length":51.5018,"mcpPosition":[-36.791,152.736,67.4763],"pipPosition":[-46.8715,162.733,20.2345],"stabilizedTipPosition":[-26.5171,148.942,-15.2672],"timeVisible":48.4824,"tipPosition":[-25.8043,145.811,-15.1636],"tipVelocity":[-32.2659,-487.989,146.882],"tool":false,"touchDistance":0.646773,"touchZone":"hovering","type":0,"width":20.0112},{"bases":[[[0.938788,-0.343558,-0.0253928],[0.334347,0.890897,0.307433],[-0.0829986,-0.297105,0.951231]],[[0.9366,-0.277806,-0.213553],[0.326244,0.913735,0.242185],[0.127851,-0.2965,0.946436]],[[0.9366,-0.277806,-0.213553],[0.298429,0.951813,0.0706572],[0.183633,-0.129908,0.974373]],[[0.9366,-0.277806,-0.213553],[0.270043,0.960631,-0.0653051],[0.223288,0.00349615,0.974746]]],"btipPosition":[-27.9505,206.702,-81.3689],"carpPosition":[-20.4005,169.47,67.7002],"dipPosition":[-24.1805,206.761,-64.9112],"direction":[-0.183633,0.129908,-0.974373],"extended":true,"handId":398,"id":3981,"length":58.114,"mcpPosition":[-14.3664,191.07,-1.45625],"pipPosition":[-19.7944,203.658,-41.6379],"stabilizedTipPosition":[-27.0522,207.256,-77.654],"timeVisible":48.4824,"tipPosition":[-27.2761,207.52,-77.3332],"tipVelocity":[-40.2207,-686.135,65.4869],"tool":false,"touchDistance":0.373313,"touchZone":"hovering","type":1,"width":19.1147},{"bases":[[[0.848098,-0.527348,0.0513201],[0.486344,0.813249,0.319524],[-0.210236,-0.246028,0.946188]],[[0.840087,-0.535762,0.0849287],[0.39149,0.490445,-0.778588],[0.375485,0.687331,0.621762]],[[0.840087,-0.535762,0.0849287],[-0.194908,-0.444238,-0.874451],[0.506226,0.718062,-0.477622]],[[0.840087,-0.535762,0.0849287],[-0.435859,-0.759889,-0.482281],[0.322924,0.368141,-0.87189]]],"btipPosition":[-32.102,124.215,2.12006],"carpPosition":[-8.48941,167.006,67.3579],"dipPosition":[-26.1052,131.051,-14.0713],"direction":[-0.506226,-0.718062,0.477622],"extended":false,"handId":398,"id":3982,"length":66.2163,"mcpPosition":[6.00537,183.969,2.12279],"pipPosition":[-11.8797,151.23,-27.493],"stabilizedTipPosition":[-30.7498,128.324,-2.13507],"timeVisible":48.4824,"tipPosition":[-30.6984,125.773,-2.03538],"tipVelocity":[23.3405,-554.813,113.616],"tool":false,"touchDistance":0.333333,"touchZone":"none","type":2,"width":18.7732},{"bases":[[[0.768825,-0.617601,0.165766],[0.538744,0.765237,0.352373],[-0.344476,-0.181608,0.921062]],[[0.783914,-0.608554,0.123049],[0.461268,0.438189,-0.771506],[0.415584,0.661553,0.624209]],[[0.783914,-0.608554,0.123049],[-0.198786,-0.433765,-0.878824],[0.588186,0.664462,-0.461007]],[[0.783914,-0.608554,0.123049],[-0.477494,-0.717602,-0.506998],[0.396836,0.338688,-0.853119]]],"btipPosition":[-18.0952,119.148,11.2916],"carpPosition":[2.35932,161.558,67.4951],"dipPosition":[-10.7681,125.401,-4.46014],"direction":[-0.588186,-0.664462,0.461007],"extended":false,"handId":398,"id":3983,"length":63.6687,"mcpPosition":[23.6828,172.8,10.4802],"pipPosition":[5.33368,143.591,-17.0803],"stabilizedTipPosition":[-16.4441,123.209,6.92284],"timeVisible":48.4824,"tipPosition":[-16.3604,120.498,6.85851],"tipVelocity":[23.4534,-531.462,157.008],"tool":false,"touchDistance":0.333333,"touchZone":"none","type":3,"width":17.8639},{"bases":[[[0.624132,-0.752362,0.210739],[0.619201,0.640791,0.453846],[-0.476496,-0.152771,0.865802]],[[0.578395,-0.763108,0.288313],[0.68732,0.265517,-0.676085],[0.439374,0.589208,0.678074]],[[0.578395,-0.763108,0.288313],[-0.123824,-0.431464,-0.893592],[0.806304,0.481149,-0.344048]],[[0.578395,-0.763108,0.288313],[-0.520642,-0.617412,-0.589689],[0.628005,0.190965,-0.754415]]],"btipPosition":[-4.37832,125.335,13.9232],"carpPosition":[9.95203,149.722,67.7281],"dipPosition":[6.31883,128.588,1.07285],"direction":[-0.806304,-0.481149,0.344048],"extended":false,"handId":398,"id":3984,"length":49.9151,"mcpPosition":[37.2559,158.476,18.1164],"pipPosition":[21.9032,137.888,-5.57696],"stabilizedTipPosition":[-1.91493,128.661,10.1104],"timeVisible":48.4824,"tipPosition":[-1.6838,125.981,9.9688],"tipVelocity":[11.3656,-510.332,192.319],"tool":false,"touchDistance":0.333333,"touchZone":"none","type":4,"width":15.8681}],"r":[[0.853719,-0.472601,-0.21866],[0.488306,0.872423,0.0208897],[0.180891,-0.124607,0.975578]],"s":1.01901,"t":[-6.41746,5.66485,-59.7512],"timestamp":88565593159},false],[4,{"currentFrameRate":55.34,"devices":[],"gestures":[],"hands":[{"armBasis":[[0.937288,-0.299591,-0.178147],[0.342059,0.88882,0.304951],[0.0669802,-0.346764,0.935558]],"armWidth":62.9686,"confidence":0.777291,"direction":[0.285173,0.348311,-0.892948],"elbow":[10.5104,49.9875,323.943],"grabStrength":0,"id":398,"palmNormal":[-0.306408,-0.849616,-0.429264],"palmPosition":[-0.292553,160.453,23.8166],"palmVelocity":[-36.5751,-519.304,103.749],"palmWidth":89.917,"pinchStrength":0.930848,"r":[[0.864216,-0.460596,-0.202442],[0.472211,0.881424,0.0104334],[0.173632,-0.104612,0.979239]],"s":1.01742,"sphereCenter":[-31.0506,145.341,-13.1459],"sphereRadius":48.6708,"stabilizedPalmPosition":[-0.249272,161.262,23.7052],"t":[-7.06194,-3.73568,-57.9172],"timeVisible":48.5002,"type":"right","wrist":[-7.36102,142.51,74.3208]}],"id":1405225,"interactionBox":{"center":[0,200,0],"size":[235.247,235.247,147.751]},"pointables":[{"bases":[[[0.695155,0.668528,0.264252],[-0.70516,0.562742,0.431359],[0.139671,-0.486202,0.862612]],[[0.631594,0.775003,0.0214401],[-0.744967,0.598992,0.293654],[0.214741,-0.201442,0.955671]],[[0.631594,0.775003,0.0214401],[-0.750793,0.618294,-0.232428],[-0.193388,0.130703,0.972377]],[[0.631594,0.775003,0.0214401],[-0.0797373,0.09244,-0.99252],[-0.771188,0.62516,0.120181]]],"btipPosition":[-23.4219,134.495,-13.7446],"carpPosition":[-37.1807,143.421,68.94],"dipPosition":[-41.2577,148.954,-10.965],"direction":[0.193388,-0.130703,-0.972377],"extended":false,"handId":398,"id":3980,"length":51.5018,"mcpPosition":[-37.1807,143.421,68.94],"pipPosition":[-47.7736,153.358,21.7978],"stabilizedTipPosition":[-27.3987,139.206,-13.3746],"timeVisible":48.5002,"tipPosition":[-26.508,136.277,-13.3941],"tipVelocity":[-38.9662,-505.227,121.072],"tool":false,"touchDistance":0.64011,"touchZone":"hovering","type":0,"width":20.0112},{"bases":[[[0.943168,-0.331917,-0.0162905],[0.322101,0.901014,0.290558],[-0.0817632,-0.279292,0.956719]],[[0.941191,-0.271692,-0.200856],[0.311946,0.927132,0.207644],[0.129805,-0.258089,0.957361]],[[0.941191,-0.271692,-0.200856],[0.282334,0.958968,0.0258249],[0.185598,-0.0810146,0.97928]],[[0.941191,-0.271692,-0.200856],[0.252453,0.960584,-0.116385],[0.22456,0.0588336,0.972683]]],"btipPosition":[-28.7973,192.569,-81.1415],"carpPosition":[-21.0061,160.365,68.8728],"dipPosition":[-25.0058,193.562,-64.7186],"direction":[-0.185598,0.0810146,-0.97928],"extended":true,"handId":398,"id":3981,"length":58.114,"mcpPosition":[-15.0618,180.67,-0.68262],"pipPosition":[-20.5727,191.627,-41.3281],"stabilizedTipPosition":[-27.9004,193.209,-77.3725],"timeVisible":48.5002,"tipPosition":[-28.0354,194.048,-77.0679],"tipVelocity":[-43.4735,-729.957,40.4163],"tool":false,"touchDistance":0.372606,"touchZone":"hovering","type":1,"width":19.1147},{"bases":[[[0.854628,-0.515304,0.0638227],[0.475044,0.825578,0.304555],[-0.209629,-0.229963,0.950354]],[[0.846679,-0.523115,0.0973944],[0.389726,0.485031,-0.782853],[0.362282,0.700782,0.614537]],[[0.846679,-0.523115,0.0973944],[-0.183324,-0.458606,-0.869525],[0.499527,0.718354,-0.484191]],[[0.846679,-0.523115,0.0973944],[-0.423164,-0.772928,-0.472774],[0.322594,0.359074,-0.875785]]],"btipPosition":[-31.8948,113.668,3.68446],"carpPosition":[-9.06359,158.047,68.6085],"dipPosition":[-25.9041,120.336,-12.5792],"direction":[-0.499527,-0.718354,0.484191],"extended":false,"handId":398,"id":3982,"length":66.2163,"mcpPosition":[5.38933,173.902,3.08611],"pipPosition":[-11.8669,140.523,-26.1855],"stabilizedTipPosition":[-30.5477,116.934,-0.330563],"timeVisible":48.5002,"tipPosition":[-30.5153,115.183,-0.265223],"tipVelocity":[17.7703,-572.602,100.905],"tool":false,"touchDistance":0.333333,"touchZone":"none","type":2,"width":18.7732},{"bases":[[[0.776205,-0.604288,0.179838],[0.527965,0.778901,0.338477],[-0.344613,-0.167779,0.92363]],[[0.791114,-0.596007,0.137527],[0.462994,0.436561,-0.771395],[0.399718,0.673936,0.621318]],[[0.791114,-0.596007,0.137527],[-0.184512,-0.446898,-0.87535],[0.583175,0.667126,-0.463518]],[[0.791114,-0.596007,0.137527],[-0.464497,-0.731673,-0.498896],[0.397971,0.330803,-0.85568]]],"btipPosition":[-17.7758,109.002,12.7612],"carpPosition":[1.85347,152.743,68.88],"dipPosition":[-10.4278,115.11,-3.03775],"direction":[-0.583175,-0.667126,0.463518],"extended":false,"handId":398,"id":3983,"length":63.6687,"mcpPosition":[23.1855,163.129,11.7062],"pipPosition":[5.53685,133.373,-15.7267],"stabilizedTipPosition":[-16.1392,112.316,8.79872],"timeVisible":48.5002,"tipPosition":[-16.084,110.307,8.67401],"tipVelocity":[20.9538,-549.524,121.504],"tool":false,"touchDistance":0.333333,"touchZone":"none","type":3,"width":17.8639},{"bases":[[[0.633127,-0.739979,0.227115],[0.609732,0.657527,0.44259],[-0.476841,-0.141736,0.867487]],[[0.587283,-0.749783,0.304834],[0.685657,0.260746,-0.679622],[0.430085,0.608143,0.667225]],[[0.587283,-0.749783,0.304834],[-0.116648,-0.451101,-0.884817],[0.800932,0.48408,-0.352385]],[[0.587283,-0.749783,0.304834],[-0.511933,-0.635824,-0.577626],[0.626915,0.183175,-0.757248]]],"btipPosition":[-4.26736,115.407,16.0528],"carpPosition":[9.5962,141.012,69.3658],"dipPosition":[6.41121,118.527,3.15422],"direction":[-0.800932,-0.48408,0.352385],"extended":false,"handId":398,"id":3984,"length":49.9151,"mcpPosition":[36.9199,149.134,19.6576],"pipPosition":[21.8917,127.884,-3.65673],"stabilizedTipPosition":[-1.82879,118.242,12.5835],"timeVisible":48.5002,"tipPosition":[-1.58249,116.003,12.1079],"tipVelocity":[8.82416,-532.534,157.578],"tool":false,"touchDistance":0.333333,"touchZone":"none","type":4,"width":15.8681}],"r":[[0.864216,-0.460596,-0.202442],[0.472211,0.881424,0.0104334],[0.173632,-0.104612,0.979239]],"s":1.01742,"t":[-7.06194,-3.73568,-57.9172],"timestamp":88565611023},false],[5,{"currentFrameRate":55.3463,"devices":[],"gestures":[],"hands":[{"armBasis":[[0.942331,-0.289688,-0.167609],[0.328489,0.896453,0.297434],[0.0640907,-0.335339,0.939915]],"armWidth":62.9686,"confidence":0.802457,"direction":[0.288422,0.343695,-0.893692],"elbow":[8.92926,43.9689,327.071],"grabStrength":0,"id":398,"palmNormal":[-0.291716,-0.857444,-0.423901],"palmPosition":[-0.895219,151.008,25.6789],"palmVelocity":[-35.0662,-521.242,103.488],"palmWidth":89.917,"pinchStrength":0.913149,"r":[[0.873828,-0.448749,-0.187211],[0.456993,0.88947,0.00098352],[0.166077,-0.0864133,0.982319]],"s":1.015,"sphereCenter":[-29.9078,133.577,-11.4246],"sphereRadius":48.0455,"stabilizedPalmPosition":[-0.859471,151.575,25.5697],"t":[-7.68552,-13.1585,-56.069],"timeVisible":48.5183,"type":"right","wrist":[-8.17116,133.443,76.2865]}],"id":1405226,"interactionBox":{"center":[0,200,0],"size":[235.247,235.247,147.751]},"pointables":[{"bases":[[[0.684179,0.679882,0.26393],[-0.71606,0.557539,0.42001],[0.138406,-0.476352,0.868293]],[[0.624092,0.780869,0.0274351],[-0.750542,0.589352,0.298915],[0.217245,-0.207142,0.953885]],[[0.624092,0.780869,0.0274351],[-0.755554,0.612063,-0.233488],[-0.199115,0.124989,0.971973]],[[0.624092,0.780869,0.0274351],[-0.0758038,0.0954566,-0.992543],[-0.777665,0.617359,0.118767]]],"btipPosition":[-23.9742,125.647,-11.9081],"carpPosition":[-37.9522,133.918,70.642],"dipPosition":[-41.9597,139.925,-9.16136],"direction":[0.199115,-0.124989,-0.971973],"extended":false,"handId":398,"id":3980,"length":51.5018,"mcpPosition":[-37.9522,133.918,70.642],"pipPosition":[-48.6686,144.136,23.5878],"stabilizedTipPosition":[-28.045,129.882,-11.4706],"timeVisible":48.5183,"tipPosition":[-27.032,127.297,-11.4646],"tipVelocity":[-35.9032,-499.249,111.709],"tool":false,"touchDistance":0.636865,"touchZone":"hovering","type":0,"width":20.0112},{"bases":[[[0.947463,-0.319823,-0.00509574],[0.307952,0.907756,0.284859],[-0.0864791,-0.271463,0.958556]],[[0.946806,-0.263012,-0.185426],[0.296042,0.937781,0.181458],[0.126164,-0.226699,0.965759]],[[0.946806,-0.263012,-0.185426],[0.265448,0.96405,-0.0120183],[0.181921,-0.0378421,0.982585]],[[0.946806,-0.263012,-0.185426],[0.234655,0.958572,-0.161481],[0.220216,0.10938,0.969299]]],"btipPosition":[-29.1294,179.486,-79.9714],"carpPosition":[-21.9968,151.068,70.5547],"dipPosition":[-25.4113,181.333,-63.6056],"direction":[-0.181921,0.0378421,-0.982585],"extended":true,"handId":398,"id":3981,"length":58.114,"mcpPosition":[-15.7096,170.804,0.865779],"pipPosition":[-21.066,180.429,-40.1362],"stabilizedTipPosition":[-28.2675,180.15,-76.2282],"timeVisible":48.5183,"tipPosition":[-28.3032,181.577,-75.8889],"tipVelocity":[-32.0183,-722.423,51.6625],"tool":false,"touchDistance":0.386033,"touchZone":"hovering","type":1,"width":19.1147},{"bases":[[[0.860595,-0.503591,0.0759691],[0.461725,0.834437,0.300873],[-0.214908,-0.223853,0.950634]],[[0.852509,-0.511149,0.109339],[0.39321,0.489292,-0.778447],[0.344404,0.706626,0.618114]],[[0.852509,-0.511149,0.109339],[-0.165485,-0.46234,-0.871123],[0.495826,0.724547,-0.478737]],[[0.852509,-0.511149,0.109339],[-0.407043,-0.780407,-0.474638],[0.327939,0.360128,-0.873363]]],"btipPosition":[-31.6346,103.631,5.10259],"carpPosition":[-10.0236,148.904,70.4146],"dipPosition":[-25.5446,110.319,-11.1161],"direction":[-0.495826,-0.724547,0.478737],"extended":false,"handId":398,"id":3982,"length":66.2163,"mcpPosition":[4.79327,164.337,4.8729],"pipPosition":[-11.6114,130.679,-24.5691],"stabilizedTipPosition":[-30.2626,106.246,1.21648],"timeVisible":48.5183,"tipPosition":[-30.2608,105.151,1.40688],"tipVelocity":[16.7813,-564.694,90.583],"tool":false,"touchDistance":0.333333,"touchZone":"none","type":2,"width":18.7732},{"bases":[[[0.782318,-0.592505,0.192136],[0.514945,0.788764,0.335682],[-0.350444,-0.163671,0.922172]],[[0.797357,-0.584503,0.150262],[0.469579,0.444472,-0.76285],[0.3791,0.678823,0.628874]],[[0.797357,-0.584503,0.150262],[-0.16389,-0.449336,-0.878201],[0.580829,0.675613,-0.454075]],[[0.797357,-0.584503,0.150262],[-0.447744,-0.739875,-0.502105],[0.404657,0.333078,-0.851653]]],"btipPosition":[-17.4593,99.2585,14.1343],"carpPosition":[0.957936,143.744,70.8293],"dipPosition":[-9.98784,105.408,-1.59034],"direction":[-0.580829,-0.675613,0.454075],"extended":false,"handId":398,"id":3983,"length":63.6687,"mcpPosition":[22.6509,153.875,13.7457],"pipPosition":[5.91254,123.903,-14.0208],"stabilizedTipPosition":[-15.783,101.904,10.3359],"timeVisible":48.5183,"tipPosition":[-15.7896,100.577,10.418],"tipVelocity":[20.0791,-544.722,100.397],"tool":false,"touchDistance":0.333333,"touchZone":"none","type":3,"width":17.8639},{"bases":[[[0.64059,-0.729594,0.239453],[0.597358,0.669427,0.441624],[-0.482502,-0.139861,0.864656]],[[0.594152,-0.739277,0.316945],[0.687541,0.262272,-0.677126],[0.417458,0.620228,0.664113]],[[0.594152,-0.739277,0.316945],[-0.105137,-0.462035,-0.880608],[0.797452,0.489892,-0.352244]],[[0.594152,-0.739277,0.316945],[-0.500282,-0.648193,-0.574077],[0.629843,0.182527,-0.754972]]],"btipPosition":[-4.23424,105.883,18.4078],"carpPosition":[8.84634,132.119,71.4913],"dipPosition":[6.49421,108.992,5.54792],"direction":[-0.797452,-0.489892,0.352244],"extended":false,"handId":398,"id":3984,"length":49.9151,"mcpPosition":[36.4944,140.133,21.9453],"pipPosition":[21.9075,118.461,-1.2603],"stabilizedTipPosition":[-1.77484,108.126,15.0739],"timeVisible":48.5183,"tipPosition":[-1.53194,106.464,14.4816],"tipVelocity":[5.80879,-530.343,144.958],"tool":false,"touchDistance":0.333333,"touchZone":"none","type":4,"width":15.8681}],"r":[[0.873828,-0.448749,-0.187211],[0.456993,0.88947,0.00098352],[0.166077,-0.0864133,0.982319]],"s":1.015,"t":[-7.68552,-13.1585,-56.069],"timestamp":88565629069},false],[6,{"currentFrameRate":55.3384,"devices":[],"gestures":[],"hands":[{"armBasis":[[0.947882,-0.276671,-0.158027],[0.312651,0.903222,0.294005],[0.061391,-0.328089,0.94265]],"armWidth":62.9686,"confidence":0.819816,"direction":[0.291838,0.338201,-0.894679],"elbow":[7.75001,36.8872,329.75],"grabStrength":0,"id":398,"palmNormal":[-0.276117,-0.865784,-0.417346],"palmPosition":[-1.1336,141.556,27.5112],"palmVelocity":[-24.6532,-521.711,102.42],"palmWidth":89.917,"pinchStrength":0.895679,"r":[[0.882782,-0.436935,-0.172579],[0.442342,0.896812,-0.00786291],[0.158206,-0.0693976,0.984964]],"s":1.01143,"sphereCenter":[-28.3598,121.768,-9.65582],"sphereRadius":47.4864,"stabilizedPalmPosition":[-1.12207,141.978,27.4295],"t":[-8.11649,-22.5955,-54.2288],"timeVisible":48.5364,"type":"right","wrist":[-8.63009,124.427,78.2356]}],"id":1405227,"interactionBox":{"center":[0,200,0],"size":[235.247,235.247,147.751]},"pointables":[{"bases":[[[0.672407,0.691957,0.262801],[-0.727397,0.552038,0.407612],[0.136974,-0.465242,0.874521]],[[0.61554,0.787456,0.0319822],[-0.757404,0.579857,0.300176],[0.21783,-0.208994,0.953348]],[[0.61554,0.787456,0.0319822],[-0.760985,0.604422,-0.235746],[-0.20497,0.120773,0.971288]],[[0.61554,0.787456,0.0319822],[-0.0771161,0.100567,-0.991937],[-0.784324,0.608111,0.122629]]],"btipPosition":[-24.0618,116.61,-10.2703],"carpPosition":[-38.3621,124.434,72.3195],"dipPosition":[-42.2013,130.674,-7.43423],"direction":[0.20497,-0.120773,-0.971288],"extended":false,"handId":398,"id":3980,"length":51.5018,"mcpPosition":[-38.3621,124.434,72.3195],"pipPosition":[-49.1075,134.743,25.2919],"stabilizedTipPosition":[-28.2208,120.537,-9.74579],"timeVisible":48.5364,"tipPosition":[-27.1216,118.154,-9.67361],"tipVelocity":[-22.0595,-500.593,102.16],"tool":false,"touchDistance":0.631387,"touchZone":"hovering","type":0,"width":20.0112},{"bases":[[[0.951745,-0.306813,0.00680598],[0.292931,0.914848,0.277929],[-0.0914986,-0.262524,0.960578]],[[0.952345,-0.253321,-0.169905],[0.279225,0.948224,0.15134],[0.122771,-0.19157,0.97377]],[[0.952345,-0.253321,-0.169905],[0.247652,0.967336,-0.0541276],[0.178067,0.00947089,0.983973]],[[0.952345,-0.253321,-0.169905],[0.2161,0.953457,-0.210287],[0.215267,0.16355,0.962762]]],"btipPosition":[-29.0901,166.031,-78.7433],"carpPosition":[-22.6421,141.799,72.1928],"dipPosition":[-25.4555,168.792,-62.4879],"direction":[-0.178067,-0.00947089,-0.983973],"extended":true,"handId":398,"id":3981,"length":58.114,"mcpPosition":[-15.99,160.885,2.35683],"pipPosition":[-21.2023,169.019,-38.9853],"stabilizedTipPosition":[-28.2543,166.825,-75.0189],"timeVisible":48.5364,"tipPosition":[-28.2035,168.691,-74.7014],"tipVelocity":[-16.2621,-726.897,58.6992],"tool":false,"touchDistance":0.398805,"touchZone":"hovering","type":1,"width":19.1147},{"bases":[[[0.866657,-0.490894,0.0890405],[0.447538,0.843821,0.2961],[-0.220488,-0.216768,0.950998]],[[0.858411,-0.498178,0.122263],[0.396779,0.493788,-0.773783],[0.32511,0.712735,0.62154]],[[0.858411,-0.498178,0.122263],[-0.146164,-0.466013,-0.872621],[0.491697,0.731197,-0.472847]],[[0.858411,-0.498178,0.122263],[-0.389542,-0.788164,-0.476503],[0.333747,0.361409,-0.87063]]],"btipPosition":[-30.9388,93.5352,6.46653],"carpPosition":[-10.6397,139.798,72.183],"dipPosition":[-24.741,100.247,-9.70141],"direction":[-0.491697,-0.731197,0.472847],"extended":false,"handId":398,"id":3982,"length":66.2163,"mcpPosition":[4.56186,154.743,6.61627],"pipPosition":[-10.9238,120.794,-22.9889],"stabilizedTipPosition":[-29.5611,95.7906,2.6503],"timeVisible":48.5364,"tipPosition":[-29.5717,95.0665,3.02575],"tipVelocity":[27.7364,-561.289,83.6517],"tool":false,"touchDistance":0.333333,"touchZone":"none","type":2,"width":18.7732},{"bases":[[[0.788545,-0.579647,0.205441],[0.501056,0.799253,0.33187],[-0.356567,-0.158757,0.920683]],[[0.803724,-0.571955,0.163996],[0.477328,0.455246,-0.751604],[0.355225,0.682363,0.638902]],[[0.803724,-0.571955,0.163996],[-0.140224,-0.449936,-0.881983],[0.578243,0.685875,-0.441826]],[[0.803724,-0.571955,0.163996],[-0.429114,-0.748124,-0.506134],[0.412176,0.336419,-0.846719]]],"btipPosition":[-16.6451,89.5057,15.2791],"carpPosition":[0.406981,134.794,72.7512],"dipPosition":[-9.03481,95.7173,-0.354431],"direction":[-0.578243,-0.685875,0.441826],"extended":false,"handId":398,"id":3983,"length":63.6687,"mcpPosition":[22.4789,144.621,15.7597],"pipPosition":[6.79477,114.493,-12.4496],"stabilizedTipPosition":[-14.9603,91.7446,11.5839],"timeVisible":48.5364,"tipPosition":[-15.0132,90.8434,11.9801],"tipVelocity":[32.7652,-541.573,83.2834],"tool":false,"touchDistance":0.333333,"touchZone":"none","type":3,"width":17.8639},{"bases":[[[0.648275,-0.718164,0.252942],[0.584121,0.68218,0.439811],[-0.488408,-0.13737,0.861735]],[[0.601226,-0.727674,0.330179],[0.690217,0.264703,-0.673449],[0.402652,0.63279,0.661399]],[[0.601226,-0.727674,0.330179],[-0.0907889,-0.472729,-0.876519],[0.793905,0.497009,-0.350281]],[[0.601226,-0.727674,0.330179],[-0.486323,-0.661074,-0.571377],[0.634048,0.182953,-0.751339]]],"btipPosition":[-3.78099,96.324,20.6865],"carpPosition":[8.44688,123.286,73.6076],"dipPosition":[7.0191,99.4404,7.8885],"direction":[-0.793905,-0.497009,0.350281],"extended":false,"handId":398,"id":3984,"length":49.9151,"mcpPosition":[36.4334,131.158,24.229],"pipPosition":[22.3638,109.047,1.11821],"stabilizedTipPosition":[-1.34607,98.1799,17.4687],"timeVisible":48.5364,"tipPosition":[-1.05887,96.8993,16.7952],"tipVelocity":[15.3902,-529.271,136.273],"tool":false,"touchDistance":0.333333,"touchZone":"none","type":4,"width":15.8681}],"r":[[0.882782,-0.436935,-0.172579],[0.442342,0.896812,-0.00786291],[0.158206,-0.0693976,0.