{"sensorType":"Leap","data":[[0,{"currentFrameRate":54.8524,"devices":[],"gestures":[],"hands":[{"armBasis":[[0.987501,-0.0853779,-0.132482],[0.138355,0.872187,0.469198],[0.07549,-0.481663,0.873099]],"armWidth":62.9686,"confidence":0.672479,"direction":[0.112302,0.525055,-0.843626],"elbow":[29.8928,56.2251,287.672],"grabStrength":0,"id":398,"palmNormal":[-0.130027,-0.833932,-0.53633],"palmPosition":[7.76775,210.479,7.21622],"palmVelocity":[-119.007,-339.978,203.387],"palmWidth":89.917,"pinchStrength":0.311545,"r":[[0.966952,-0.147806,-0.207743],[0.172554,0.979231,0.106455],[0.187693,-0.138783,0.972374]],"s":1.21899,"sphereCenter":[-23.4807,201.746,-27.0939],"sphereRadius":51.8276,"stabilizedPalmPosition":[15.6263,226.427,-5.52596],"t":[2.50662,43.123,-76.3564],"timeVisible":39.5792,"type":"right","wrist":[9.75089,184.741,54.7156]}],"id":1404733,"interactionBox":{"center":[0,200,0],"size":[235.247,235.247,147.751]},"pointables":[{"bases":[[[0.534627,0.779969,0.325303],[-0.778504,0.30479,0.548665],[0.328793,-0.546581,0.770159]],[[0.50417,0.824342,0.257437],[-0.773815,0.298859,0.558474],[0.383436,-0.480774,0.788564]],[[0.50417,0.824342,0.257437],[-0.85565,0.517183,0.0196444],[-0.116948,-0.23018,0.966095]],[[0.50417,0.824342,0.257437],[-0.540189,0.533603,-0.650741],[-0.673802,0.189019,0.714326]]],"btipPosition":[-19.1602,205.952,-36.8415],"carpPosition":[-19.7696,178.852,51.1294],"dipPosition":[-34.7437,210.324,-20.3208],"direction":[0.116948,0.23018,-0.966095],"extended":false,"handId":398,"id":3980,"length":51.5018,"mcpPosition":[-19.7696,178.852,51.1294],"pipPosition":[-38.6841,202.568,12.2304],"stabilizedTipPosition":[-15.9266,223.229,-46.2883],"timeVisible":39.5792,"tipPosition":[-23.4292,208.38,-33.2459],"tipVelocity":[-113.007,-414.874,257.562],"tool":false,"touchDistance":0.660419,"touchZone":"hovering","type":0,"width":20.0112},{"bases":[[[0.990001,-0.079355,-0.116626],[0.120474,0.905719,0.406397],[0.0733806,-0.416384,0.906223]],[[0.980497,-0.0445302,-0.191421],[0.150436,0.796813,0.585199],[0.126468,-0.602582,0.787972]],[[0.980497,-0.0445302,-0.191421],[0.119494,0.908357,0.40076],[0.156033,-0.415817,0.895963]],[[0.980497,-0.0445302,-0.191421],[0.0884624,0.969744,0.227531],[0.175497,-0.240027,0.954771]]],"btipPosition":[-25.6121,269.003,-84.0848],"carpPosition":[-8.21787,199.164,52.7743],"dipPosition":[-22.649,264.951,-67.9643],"direction":[-0.156033,0.415817,-0.895963],"extended":true,"handId":398,"id":3981,"length":58.114,"mcpPosition":[-13.5528,229.435,-13.1099],"pipPosition":[-18.9221,255.019,-46.5639],"stabilizedTipPosition":[-18.242,280.128,-87.7537],"timeVisible":39.5792,"tipPosition":[-24.3496,269.457,-79.5474],"tipVelocity":[-178.385,-447.22,153.106],"tool":false,"touchDistance":0.60995,"touchZone":"hovering","type":1,"width":19.1147},{"bases":[[[0.955672,-0.288113,-0.0606801],[0.287693,0.869903,0.400627],[-0.06264,-0.400325,0.91423]],[[0.956082,-0.285341,-0.0669931],[0.0948916,0.517596,-0.850347],[0.277314,0.806644,0.521941]],[[0.956082,-0.285341,-0.0669931],[-0.258853,-0.714799,-0.649659],[0.137488,0.638469,-0.757268]],[[0.956082,-0.285341,-0.0669931],[-0.291157,-0.950877,-0.105173],[-0.033692,0.120059,-0.992195]]],"btipPosition":[-8.26928,168.982,3.33916],"carpPosition":[3.85891,199.974,51.5266],"dipPosition":[-8.89495,171.211,-15.0863],"direction":[-0.137488,-0.638469,0.757268],"extended":false,"handId":398,"id":3982,"length":66.2163,"mcpPosition":[8.17764,227.575,-11.5052],"pipPosition":[-5.03139,189.153,-36.3663],"stabilizedTipPosition":[-1.6268,183.299,-12.4471],"timeVisible":39.5792,"tipPosition":[-8.43309,169.468,-0.831572],"tipVelocity":[-120.782,-347.955,256.164],"tool":false,"touchDistance":0.333333,"touchZone":"none","type":2,"width":18.7732},{"bases":[[[0.911613,-0.408636,0.0444906],[0.353093,0.833891,0.424207],[-0.210446,-0.371003,0.904472]],[[0.9135,-0.405225,0.0362152],[0.244451,0.475546,-0.845044],[0.325211,0.7808,0.533469]],[[0.9135,-0.405225,0.0362152],[-0.28218,-0.695202,-0.661112],[0.293076,0.593706,-0.749413]],[[0.9135,-0.405225,0.0362152],[-0.398235,-0.90884,-0.124172],[0.0832314,0.0990091,-0.9916]]],"btipPosition":[4.81896,168.002,9.6907],"carpPosition":[15.7108,197.592,50.4088],"dipPosition":[6.35572,169.831,-8.61787],"direction":[-0.293076,-0.593706,0.749413],"extended":false,"handId":398,"id":3983,"length":63.6687,"mcpPosition":[28.7377,220.558,-5.5792],"pipPosition":[14.3788,186.083,-29.1333],"stabilizedTipPosition":[12.1387,182.731,-6.37049],"timeVisible":39.5792,"tipPosition":[5.18554,168.378,5.34061],"tipVelocity":[-117.432,-341.595,245.581],"tool":false,"touchDistance":0.333333,"touchZone":"none","type":3,"width":17.8639},{"bases":[[[0.810172,-0.580957,0.0781674],[0.470595,0.724106,0.504193],[-0.349516,-0.371698,0.860046]],[[0.793186,-0.597485,0.117759],[0.43211,0.415936,-0.800174],[0.429112,0.685572,0.588094]],[[0.793186,-0.597485,0.117759],[-0.353872,-0.609587,-0.70935],[0.495611,0.520975,-0.694949]],[[0.793186,-0.597485,0.117759],[-0.569533,-0.796271,-0.203925],[0.21561,0.0946828,-0.971878]]],"btipPosition":[17.8414,173.885,8.85129],"carpPosition":[26.0596,188.223,48.6958],"dipPosition":[21.514,175.497,-7.70323],"direction":[-0.495611,-0.520975,0.694949],"extended":false,"handId":398,"id":3984,"length":49.9151,"mcpPosition":[46.0874,209.522,-0.586012],"pipPosition":[31.0932,185.567,-21.1353],"stabilizedTipPosition":[25.3889,188.051,-5.69253],"timeVisible":39.5792,"tipPosition":[18.6196,174.209,4.94243],"tipVelocity":[-117.815,-341.276,229.016],"tool":false,"touchDistance":0.333333,"touchZone":"none","type":4,"width":15.8681}],"r":[[0.966952,-0.147806,-0.207743],[0.172554,0.979231,0.106455],[0.187693,-0.138783,0.972374]],"s":1.21899,"t":[2.50662,43.123,-76.3564],"timestamp":88556689997},false],[1,{"currentFrameRate":54.8901,"devices":[],"gestures":[],"hands":[{"armBasis":[[0.985916,-0.0835764,-0.144862],[0.142202,0.874831,0.463087],[0.0880261,-0.477165,0.874394]],"armWidth":62.9686,"confidence":0.692594,"direction":[0.0953606,0.501027,-0.860162],"elbow":[31.6879,50.0247,292.588],"grabStrength":0,"id":398,"palmNormal":[-0.137292,-0.849222,-0.509876],"palmPosition":[5.27686,201.707,11.116],"palmVelocity":[-127.902,-408.926,209.198],"palmWidth":89.917,"pinchStrength":0.330444,"r":[[0.964908,-0.14978,-0.215679],[0.173685,0.98007,0.0964132],[0.19694,-0.13049,0.971693]],"s":1.21394,"sphereCenter":[-26.4005,191.587,-22.4567],"sphereRadius":51.747,"stabilizedPalmPosition":[10.8988,215.135,2.07593],"t":[0.184804,35.6204,-72.5701],"timeVisible":39.5973,"type":"right","wrist":[8.20109,177.34,59.2855]}],"id":1404734,"interactionBox":{"center":[0,200,0],"size":[235.247,235.247,147.751]},"pointables":[{"bases":[[[0.538141,0.790248,0.293108],[-0.769287,0.318422,0.5539],[0.344386,-0.523561,0.779283]],[[0.507627,0.831063,0.227265],[-0.761828,0.309759,0.568918],[0.402409,-0.461935,0.790369]],[[0.507627,0.831063,0.227265],[-0.855769,0.516923,0.021191],[-0.0998675,-0.205243,0.973602]],[[0.507627,0.831063,0.227265],[-0.51576,0.504409,-0.692504],[-0.690149,0.23432,0.684681]]],"btipPosition":[-21.8862,195.562,-31.2182],"carpPosition":[-21.3622,171.279,56.409],"dipPosition":[-37.8477,200.981,-15.3832],"direction":[0.0998675,0.205243,-0.973602],"extended":false,"handId":398,"id":3980,"length":51.5018,"mcpPosition":[-21.3622,171.279,56.409],"pipPosition":[-41.2126,194.066,17.4209],"stabilizedTipPosition":[-20.7275,210.058,-36.9602],"timeVisible":39.5973,"tipPosition":[-26.3195,198.067,-28.046],"tipVelocity":[-133.218,-484.409,278.774],"tool":false,"touchDistance":0.709693,"touchZone":"hovering","type":0,"width":20.0112},{"bases":[[[0.987944,-0.0802255,-0.132401],[0.125162,0.917246,0.378146],[0.0911073,-0.390158,0.916229]],[[0.977002,-0.0476298,-0.207845],[0.157395,0.818689,0.552245],[0.143857,-0.572258,0.807358]],[[0.977002,-0.0476298,-0.207845],[0.121982,0.92433,0.361571],[0.174896,-0.378609,0.908882]],[[0.977002,-0.0476298,-0.207845],[0.0869946,0.978958,0.184591],[0.194679,-0.198427,0.960587]]],"btipPosition":[-30.0385,256.712,-81.5536],"carpPosition":[-9.84282,191.657,57.2628],"dipPosition":[-26.7515,253.362,-65.3349],"direction":[-0.174896,0.378609,-0.908882],"extended":true,"handId":398,"id":3981,"length":58.114,"mcpPosition":[-16.4665,220.023,-9.34895],"pipPosition":[-22.5741,244.318,-43.6259],"stabilizedTipPosition":[-25.4171,264.409,-81.3],"timeVisible":39.5973,"tipPosition":[-28.7345,257.421,-77.016],"tipVelocity":[-207.967,-553.432,147.443],"tool":false,"touchDistance":0.620595,"touchZone":"hovering","type":1,"width":19.1147},{"bases":[[[0.955261,-0.287385,-0.0699094],[0.292354,0.881689,0.370342],[-0.0447921,-0.374211,0.926261]],[[0.955544,-0.284823,-0.0762315],[0.0777333,0.492751,-0.866691],[0.284417,0.822236,0.492986]],[[0.955544,-0.284823,-0.0762315],[-0.268587,-0.734179,-0.623572],[0.12164,0.616325,-0.778041]],[[0.955544,-0.284823,-0.0762315],[-0.29019,-0.954248,-0.0721135],[-0.0522042,0.0910293,-0.994479]]],"btipPosition":[-10.7011,160.087,8.76022],"carpPosition":[2.20676,192.462,55.7718],"dipPosition":[-11.6706,161.778,-9.70764],"direction":[-0.12164,-0.616325,0.778041],"extended":false,"handId":398,"id":3982,"length":66.2163,"mcpPosition":[5.29496,218.262,-8.08952],"pipPosition":[-8.25238,179.097,-31.5714],"stabilizedTipPosition":[-6.02367,172.506,-4.42656],"timeVisible":39.5973,"tipPosition":[-10.9434,160.449,4.56196],"tipVelocity":[-129.36,-419.573,276.614],"tool":false,"touchDistance":0.333333,"touchZone":"none","type":2,"width":18.7732},{"bases":[[[0.913482,-0.404963,0.0394419],[0.358279,0.846526,0.393739],[-0.192838,-0.345542,0.918376]],[[0.91522,-0.401762,0.0309792],[0.226574,0.449513,-0.864062],[0.333222,0.797826,0.502432]],[[0.91522,-0.401762,0.0309792],[-0.29311,-0.716518,-0.632999],[0.276512,0.570253,-0.773532]],[[0.91522,-0.401762,0.0309792],[-0.397886,-0.913189,-0.0881631],[0.0637104,0.0683625,-0.995624]]],"btipPosition":[2.5217,159.368,15.032],"carpPosition":[14.0433,190.078,54.5058],"dipPosition":[3.69803,160.63,-3.35088],"direction":[-0.276512,-0.570253,0.773532],"extended":false,"handId":398,"id":3983,"length":63.6687,"mcpPosition":[25.9803,211.467,-2.34285],"pipPosition":[11.2676,176.241,-24.5266],"stabilizedTipPosition":[7.8959,172.257,1.42579],"timeVisible":39.5973,"tipPosition":[2.7966,159.596,10.6062],"tipVelocity":[-124.165,-409.566,268.773],"tool":false,"touchDistance":0.333333,"touchZone":"none","type":3,"width":17.8639},{"bases":[[[0.813184,-0.5765,0.0798659],[0.477544,0.739358,0.47466],[-0.332691,-0.347846,0.876539]],[[0.79695,-0.591951,0.120266],[0.416239,0.393887,-0.819511],[0.437739,0.703169,0.560302]],[[0.79695,-0.591951,0.120266],[-0.365003,-0.630568,-0.68495],[0.481293,0.501974,-0.718595]],[[0.79695,-0.591951,0.120266],[-0.570841,-0.803166,-0.170481],[0.19751,0.0672122,-0.977994]]],"btipPosition":[15.4883,165.204,13.6144],"carpPosition":[24.3871,180.689,52.8716],"dipPosition":[18.8526,166.349,-3.04432],"direction":[-0.481293,-0.501974,0.718595],"extended":false,"handId":398,"id":3984,"length":49.9151,"mcpPosition":[43.4507,200.621,2.64475],"pipPosition":[28.1551,176.051,-16.9334],"stabilizedTipPosition":[20.9255,177.006,1.87562],"timeVisible":39.5973,"tipPosition":[16.1945,165.417,9.68322],"tipVelocity":[-125.518,-410.022,244.705],"tool":false,"touchDistance":0.333333,"touchZone":"none","type":4,"width":15.8681}],"r":[[0.964908,-0.14978,-0.215679],[0.173685,0.98007,0.0964132],[0.19694,-0.13049,0.971693]],"s":1.21394,"t":[0.184804,35.6204,-72.5701],"timestamp":88556708084},false],[2,{"currentFrameRate":54.9243,"devices":[],"gestures":[],"hands":[{"armBasis":[[0.987599,-0.067146,-0.141915],[0.12626,0.876927,0.463742],[0.0933103,-0.475909,0.87453]],"armWidth":62.9686,"confidence":0.707814,"direction":[0.0744256,0.467129,-0.881051],"elbow":[31.7445,43.2213,296.42],"grabStrength":0,"id":398,"palmNormal":[-0.125488,-0.872092,-0.472979],"palmPosition":[2.8314,192.504,13.9993],"palmVelocity":[-131.37,-456.398,185.525],"palmWidth":89.917,"pinchStrength":0.345982,"r":[[0.963277,-0.149202,-0.223242],[0.170634,0.982089,0.0799069],[0.207321,-0.115065,0.971482]],"s":1.2088,"sphereCenter":[-28.9455,179.923,-18.8696],"sphereRadius":51.7394,"stabilizedPalmPosition":[5.99321,201.374,9.3262],"t":[-2.19884,27.2677,-69.2352],"timeVisible":39.6154,"type":"right","wrist":[6.84777,170.201,63.0815]}],"id":1404735,"interactionBox":{"center":[0,200,0],"size":[235.247,235.247,147.751]},"pointables":[{"bases":[[[0.524855,0.812519,0.253653],[-0.769108,0.325017,0.550306],[0.364693,-0.483917,0.795502]],[[0.497172,0.845319,0.195591],[-0.754943,0.310346,0.577709],[0.427647,-0.434881,0.792463]],[[0.497172,0.845319,0.195591],[-0.863,0.50509,0.01072],[-0.0897294,-0.174125,0.980627]],[[0.497172,0.845319,0.195591],[-0.49047,0.459762,-0.740309],[-0.715723,0.272129,0.643184]]],"btipPosition":[-24.1327,184.446,-26.1716],"carpPosition":[-22.6136,163.421,60.8359],"dipPosition":[-40.6857,190.74,-11.2963],"direction":[0.0897294,0.174125,-0.980627],"extended":false,"handId":398,"id":3980,"length":51.5018,"mcpPosition":[-22.6136,163.421,60.8359],"pipPosition":[-43.709,184.873,21.7445],"stabilizedTipPosition":[-24.7687,196.518,-28.9982],"timeVisible":39.6154,"tipPosition":[-28.7546,186.73,-23.57],"tipVelocity":[-132.507,-540.984,273.083],"tool":false,"touchDistance":0.744446,"touchZone":"hovering","type":0,"width":20.0112},{"bases":[[[0.987751,-0.0652624,-0.141733],[0.110344,0.934384,0.338749],[0.110325,-0.350239,0.93014]],[[0.975294,-0.0361678,-0.217928],[0.14489,0.849407,0.507458],[0.166756,-0.526497,0.833663]],[[0.975294,-0.0361678,-0.217928],[0.103909,0.945669,0.308079],[0.194945,-0.323112,0.926064]],[[0.975294,-0.0361678,-0.217928],[0.0648356,0.989926,0.125869],[0.21118,-0.136889,0.967814]]],"btipPosition":[-34.8394,241.895,-80.7682],"carpPosition":[-11.5169,184.05,60.7087],"dipPosition":[-31.2738,239.583,-64.4275],"direction":[-0.194945,0.323112,-0.926064],"extended":true,"handId":398,"id":3981,"length":58.114,"mcpPosition":[-19.5378,209.513,-6.91434],"pipPosition":[-26.6175,231.866,-42.3081],"stabilizedTipPosition":[-31.8678,247.127,-78.0829],"timeVisible":39.6154,"tipPosition":[-33.5394,242.983,-76.2355],"tipVelocity":[-233.598,-673.49,98.7262],"tool":false,"touchDistance":0.60407,"touchZone":"hovering","type":1,"width":19.1147},{"bases":[[[0.960195,-0.270308,-0.0704222],[0.278142,0.901983,0.330249],[-0.0257495,-0.336691,0.941263]],[[0.960348,-0.268008,-0.0768338],[0.0569233,0.45826,-0.886993],[0.272931,0.847449,0.455345]],[[0.960348,-0.268008,-0.0768338],[-0.260531,-0.764528,-0.589594],[0.0992742,0.586233,-0.804037]],[[0.960348,-0.268008,-0.0768338],[-0.270865,-0.962169,-0.0293643],[-0.0660573,0.0490116,-0.996611]]],"btipPosition":[-12.2937,150.504,13.5482],"carpPosition":[0.49425,185.04,59.0311],"dipPosition":[-13.5204,151.414,-4.95926],"direction":[-0.0992742,-0.586233,0.804037],"extended":false,"handId":398,"id":3982,"length":66.2163,"mcpPosition":[2.26956,208.253,-5.86456],"pipPosition":[-10.7307,167.887,-27.5536],"stabilizedTipPosition":[-9.81307,159.902,3.50717],"timeVisible":39.6154,"tipPosition":[-12.5936,150.688,9.34263],"tipVelocity":[-111.273,-476.714,270.713],"tool":false,"touchDistance":0.333333,"touchZone":"none","type":2,"width":18.7732},{"bases":[[[0.922222,-0.38413,0.0441661],[0.34507,0.869173,0.354211],[-0.174451,-0.311421,0.934122]],[[0.923868,-0.381096,0.0351172],[0.204993,0.415283,-0.886294],[0.323179,0.826018,0.461789]],[[0.923868,-0.381096,0.0351172],[-0.286767,-0.750105,-0.595908],[0.25344,0.54047,-0.802285]],[[0.923868,-0.381096,0.0351172],[-0.379608,-0.924173,-0.0424498],[0.0486318,0.0258872,-0.998481]]],"btipPosition":[1.05595,150.383,19.8969],"carpPosition":[12.3624,182.85,57.7111],"dipPosition":[1.95387,150.861,1.46125],"direction":[-0.25344,-0.54047,0.802285],"extended":false,"handId":398,"id":3983,"length":63.6687,"mcpPosition":[23.1611,202.127,-0.11232],"pipPosition":[8.89186,165.656,-20.5015],"stabilizedTipPosition":[4.15582,159.986,9.44949],"timeVisible":39.6154,"tipPosition":[1.25445,150.408,15.3911],"tipVelocity":[-105.343,-455.759,268.542],"tool":false,"touchDistance":0.333333,"touchZone":"none","type":3,"width":17.8639},{"bases":[[[0.826055,-0.555888,0.0928466],[0.467531,0.767895,0.437895],[-0.314717,-0.318317,0.894219]],[[0.810612,-0.570019,0.134114],[0.398126,0.368519,-0.840053],[0.429423,0.734352,0.525665]],[[0.810612,-0.570019,0.134114],[-0.359768,-0.665488,-0.653982],[0.462034,0.481876,-0.744527]],[[0.810612,-0.570019,0.134114],[-0.555818,-0.821047,-0.130182],[0.184321,0.0309843,-0.982378]]],"btipPosition":[13.8401,156.355,17.8441],"carpPosition":[22.8812,173.617,56.3283],"dipPosition":[16.9797,156.883,1.11075],"direction":[-0.462034,-0.481876,0.744527],"extended":false,"handId":398,"id":3984,"length":49.9151,"mcpPosition":[40.915,191.857,5.08832],"pipPosition":[25.91,166.197,-13.2796],"stabilizedTipPosition":[17.0708,164.57,9.21758],"timeVisible":39.6154,"tipPosition":[14.495,156.421,13.904],"tipVelocity":[-110.524,-451.394,239.089],"tool":false,"touchDistance":0.333333,"touchZone":"none","type":4,"width":15.8681}],"r":[[0.963277,-0.149202,-0.223242],[0.170634,0.982089,0.0799069],[0.207321,-0.115065,0.971482]],"s":1.2088,"t":[-2.19884,27.2677,-69.2352],"timestamp":88556726172},false],[3,{"currentFrameRate":54.9581,"devices":[],"gestures":[],"hands":[{"armBasis":[[0.988167,-0.0662986,-0.138312],[0.123492,0.878723,0.461082],[0.0909688,-0.472706,0.876512]],"armWidth":62.9686,"confidence":0.714227,"direction":[0.060455,0.436382,-0.897728],"elbow":[29.8561,35.7787,299.444],"grabStrength":0,"id":398,"palmNormal":[-0.124916,-0.888995,-0.440549],"palmPosition":[0.817051,182.441,15.7957],"palmVelocity":[-121.892,-504.031,144.582],"palmWidth":89.917,"pinchStrength":0.366348,"r":[[0.961563,-0.149089,-0.230582],[0.16684,0.984193,0.0593929],[0.218083,-0.0955805,0.971239]],"s":1.20319,"sphereCenter":[-31.2456,168.102,-16.3351],"sphereRadius":51.749,"stabilizedPalmPosition":[2.3879,188.187,13.8324],"t":[-4.39783,18.0599,-66.6696],"timeVisible":39.6335,"type":"right","wrist":[5.58422,161.904,65.5763]}],"id":1404736,"interactionBox":{"center":[0,200,0],"size":[235.247,235.247,147.751]},"pointables":[{"bases":[[[0.522029,0.824451,0.218554],[-0.764736,0.338951,0.547988],[0.37771,-0.453202,0.80743]],[[0.497766,0.850808,0.168392],[-0.744808,0.319843,0.585629],[0.444399,-0.416926,0.792895]],[[0.497766,0.850808,0.168392],[-0.862939,0.505303,-0.00222271],[-0.08698,-0.144206,0.985718]],[[0.497766,0.850808,0.168392],[-0.454028,0.421042,-0.785228],[-0.738978,0.314405,0.595871]]],"btipPosition":[-25.753,173.004,-22.1742],"carpPosition":[-23.8527,154.85,63.9319],"dipPosition":[-42.8437,180.275,-8.39312],"direction":[0.08698,0.144206,-0.985718],"extended":false,"handId":398,"id":3980,"length":51.5018,"mcpPosition":[-23.8527,154.85,63.9319],"pipPosition":[-45.7744,175.417,24.8192],"stabilizedTipPosition":[-27.8657,182.756,-22.7012],"timeVisible":39.6335,"tipPosition":[-30.6129,175.219,-20.0846],"tipVelocity":[-115.379,-578.766,241.772],"tool":false,"touchDistance":0.759521,"touchZone":"hovering","type":0,"width":20.0112},{"bases":[[[0.986415,-0.0635346,-0.151486],[0.107709,0.94643,0.304415],[0.12403,-0.316596,0.940417]],[[0.972904,-0.0373294,-0.228178],[0.143023,0.872578,0.467067],[0.181668,-0.487046,0.854273]],[[0.972904,-0.0373294,-0.228178],[0.097822,0.96066,0.259931],[0.209498,-0.275209,0.938281]],[[0.972904,-0.0373294,-0.228178],[0.0553794,0.995777,0.0732193],[0.224481,-0.0838717,0.970862]]],"btipPosition":[-38.4308,227.221,-80.4968],"carpPosition":[-12.9066,175.536,62.9455],"dipPosition":[-34.6406,225.805,-64.1047],"direction":[-0.209498,0.275209,-0.938281],"extended":true,"handId":398,"id":3981,"length":58.114,"mcpPosition":[-21.9238,198.554,-5.42464],"pipPosition":[-29.6367,219.232,-41.6935],"stabilizedTipPosition":[-36.584,230.362,-76.959],"timeVisible":39.6335,"tipPosition":[-37.1227,228.615,-76],"tipVelocity":[-215.636,-733.749,59.254],"tool":false,"touchDistance":0.581245,"touchZone":"hovering","type":1,"width":19.1147},{"bases":[[[0.961192,-0.26613,-0.0727007],[0.275621,0.914883,0.294995],[-0.0119942,-0.303584,0.952729]],[[0.961251,-0.264061,-0.0791723],[0.0428763,0.426907,-0.903278],[0.27232,0.864883,0.421687]],[[0.961251,-0.264061,-0.0791723],[-0.262154,-0.78676,-0.558823],[0.0852738,0.557924,-0.825499]],[[0.961251,-0.264061,-0.0791723],[-0.264265,-0.964416,0.00808571],[-0.0784902,0.0131501,-0.996828]]],"btipPosition":[-14.0068,140.36,17.0237],"carpPosition":[-0.923925,176.548,61.0867],"dipPosition":[-15.4644,140.604,-1.48781],"direction":[-0.0852738,-0.557924,0.825499],"extended":false,"handId":398,"id":3982,"length":66.2163,"mcpPosition":[-0.0969787,197.479,-4.59943],"pipPosition":[-13.0681,156.283,-24.6852],"stabilizedTipPosition":[-12.6995,147.483,9.40813],"timeVisible":39.6335,"tipPosition":[-14.36,140.39,12.8088],"tipVelocity":[-104.823,-520.838,233.4],"tool":false,"touchDistance":0.333333,"touchZone":"none","type":2,"width":18.7732},{"bases":[[[0.925419,-0.37611,0.0462639],[0.343066,0.883388,0.319267],[-0.160949,-0.279585,0.946535]],[[0.926974,-0.373311,0.0368487],[0.19065,0.384239,-0.903334],[0.323066,0.844393,0.427351]],[[0.926974,-0.373311,0.0368487],[-0.288991,-0.773304,-0.564344],[0.239171,0.512484,-0.824717]],[[0.926974,-0.373311,0.0368487],[-0.373421,-0.927653,-0.00409842],[0.0357128,-0.00996095,-0.999312]]],"btipPosition":[-0.565244,140.572,23.2659],"carpPosition":[10.9428,174.393,59.6985],"dipPosition":[0.094145,140.388,4.81496],"direction":[-0.239171,-0.512484,0.824717],"extended":false,"handId":398,"id":3983,"length":63.6687,"mcpPosition":[20.9058,191.7,1.10678],"pipPosition":[6.64153,154.418,-17.7619],"stabilizedTipPosition":[1.30776,147.859,15.4161],"timeVisible":39.6335,"tipPosition":[-0.429896,140.43,18.741],"tipVelocity":[-99.3407,-501.073,229.395],"tool":false,"touchDistance":0.333333,"touchZone":"none","type":3,"width":17.8639},{"bases":[[[0.831081,-0.546697,0.102112],[0.46725,0.785941,0.404938],[-0.301632,-0.288824,0.908625]],[[0.816207,-0.559497,0.144116],[0.385395,0.341406,-0.85727],[0.430437,0.755252,0.494286]],[[0.816207,-0.559497,0.144116],[-0.362854,-0.690515,-0.62572],[0.449603,0.458424,-0.766619]],[[0.816207,-0.559497,0.144116],[-0.551485,-0.828829,-0.0943778],[0.172252,-0.00244606,-0.98505]]],"btipPosition":[12.1297,146.529,20.7703],"carpPosition":[21.5103,165.188,58.511],"dipPosition":[15.0638,146.488,3.99147],"direction":[-0.449603,-0.458424,0.766619],"extended":false,"handId":398,"id":3984,"length":49.9151,"mcpPosition":[38.7942,181.738,6.44558],"pipPosition":[23.7538,155.348,-10.8259],"stabilizedTipPosition":[14.2148,152.487,14.3679],"timeVisible":39.6335,"tipPosition":[12.7375,146.459,16.823],"tipVelocity":[-104.205,-498.624,202.116],"tool":false,"touchDistance":0.333333,"touchZone":"none","type":4,"width":15.8681}],"r":[[0.961563,-0.149089,-0.230582],[0.16684,0.984193,0.0593929],[0.218083,-0.0955805,0.971239]],"s":1.20319,"t":[-4.39783,18.0599,-66.6696],"timestamp":88556744250},false],[4,{"currentFrameRate":54.9762,"devices":[],"gestures":[],"hands":[{"armBasis":[[0.985193,-0.0869393,-0.147769],[0.145869,0.877952,0.455985],[0.090091,-0.470789,0.877634]],"armWidth":62.9686,"confidence":0.723994,"direction":[0.0429535,0.378115,-0.924762],"elbow":[28.8185,27.0868,303.616],"grabStrength":0,"id":398,"palmNormal":[-0.149976,-0.912687,-0.380144],"palmPosition":[-1.00799,170.15,18.6095],"palmVelocity":[-111.792,-586.907,149.651],"palmWidth":89.917,"pinchStrength":0.368841,"r":[[0.958427,-0.155192,-0.239442],[0.16699,0.985512,0.0296673],[0.231369,-0.0684183,0.970457]],"s":1.19851,"sphereCenter":[-34.5898,154.153,-11.8093],"sphereRadius":52.0381,"stabilizedPalmPosition":[-0.230541,174.279,17.5159],"t":[-6.40985,7.31023,-63.9799],"timeVisible":39.6516,"type":"right","wrist":[4.78075,152.701,69.4488]}],"id":1404737,"interactionBox":{"center":[0,200,0],"size":[235.247,235.247,147.751]},"pointables":[{"bases":[[[0.539995,0.827735,0.152516],[-0.744632,0.385361,0.544995],[0.392338,-0.407863,0.824451]],[[0.524079,0.843196,0.119837],[-0.714703,0.358896,0.600328],[0.463185,-0.400267,0.790725]],[[0.524079,0.843196,0.119837],[-0.848604,0.528925,-0.0104485],[-0.072195,-0.0962184,0.992739]],[[0.524079,0.843196,0.119837],[-0.42324,0.379955,-0.822497],[-0.73906,0.380334,0.556001]]],"btipPosition":[-28.1153,160.239,-16.3015],"carpPosition":[-24.7921,146.049,69.012],"dipPosition":[-45.208,169.035,-3.44251],"direction":[0.072195,0.0962184,-0.992739],"extended":false,"handId":398,"id":3980,"length":51.5018,"mcpPosition":[-24.7921,146.049,69.012],"pipPosition":[-47.6405,165.793,30.0064],"stabilizedTipPosition":[-30.7175,168.777,-16.3186],"timeVisible":39.6516,"tipPosition":[-32.9263,162.162,-14.6208],"tipVelocity":[-122.506,-629.281,275.342],"tool":false,"touchDistance":0.801811,"touchZone":"hovering","type":0,"width":20.0112},{"bases":[[[0.980946,-0.0893338,-0.172526],[0.129996,0.961744,0.241142],[0.144384,-0.258975,0.955032]],[[0.96576,-0.0677461,-0.250437],[0.167571,0.899821,0.402793],[0.198061,-0.430967,0.880363]],[[0.96576,-0.0677461,-0.250437],[0.117767,0.974597,0.190504],[0.23117,-0.213474,0.949205]],[[0.96576,-0.0677461,-0.250437],[0.0706163,0.9975,0.00248207],[0.249643,-0.0200821,0.96813]]],"btipPosition":[-42.2097,209.01,-79.3881],"carpPosition":[-13.5673,166.447,66.4392],"dipPosition":[-37.9947,208.671,-63.0421],"direction":[-0.23117,0.213474,-0.949205],"extended":true,"handId":398,"id":3981,"length":58.114,"mcpPosition":[-24.0643,185.275,-2.99354],"pipPosition":[-32.4731,203.572,-40.37],"stabilizedTipPosition":[-40.7096,211.374,-75.7802],"timeVisible":39.6516,"tipPosition":[-40.7858,210.647,-75.0444],"tipVelocity":[-209.656,-856.228,59.8831],"tool":false,"touchDistance":0.572925,"touchZone":"hovering","type":1,"width":19.1147},{"bases":[[[0.954803,-0.286137,-0.0804754],[0.297104,0.926876,0.229412],[0.00894757,-0.242952,0.969997]],[[0.954721,-0.284484,-0.0870463],[0.0250169,0.368321,-0.929362],[0.29645,0.885103,0.358761]],[[0.954721,-0.284484,-0.0870463],[-0.288807,-0.816026,-0.500691],[0.0714067,0.50316,-0.861238]],[[0.954721,-0.284484,-0.0870463],[-0.278354,-0.957454,0.0761694],[-0.105012,-0.0484908,-0.993288]]],"btipPosition":[-16.4187,128.493,22.8944],"carpPosition":[-1.62483,167.14,64.2122],"dipPosition":[-18.3688,127.592,4.4487],"direction":[-0.0714067,-0.50316,0.861238],"extended":false,"handId":398,"id":3982,"length":66.2163,"mcpPosition":[-2.24172,183.891,-2.66452],"pipPosition":[-16.3622,141.731,-19.753],"stabilizedTipPosition":[-15.5363,134.416,15.7],"timeVisible":39.6516,"tipPosition":[-16.8857,128.259,18.688],"tipVelocity":[-121.241,-591.489,276.874],"tool":false,"touchDistance":0.333333,"touchZone":"none","type":2,"width":18.7732},{"bases":[[[0.920581,-0.387823,0.0460813],[0.364695,0.895847,0.25388],[-0.139742,-0.216912,0.966137]],[[0.921938,-0.385625,0.0363769],[0.172173,0.323868,-0.930304],[0.346968,0.863946,0.364981]],[[0.921938,-0.385625,0.0363769],[-0.315527,-0.80217,-0.506919],[0.224661,0.45587,-0.861226]],[[0.921938,-0.385625,0.0363769],[-0.387238,-0.91975,0.0640752],[0.00874866,-0.0731599,-0.997282]]],"btipPosition":[-2.81413,128.858,28.7275],"carpPosition":[10.1669,164.705,62.6577],"dipPosition":[-2.6526,127.507,10.314],"direction":[-0.224661,-0.45587,0.861226],"extended":false,"handId":398,"id":3983,"length":63.6687,"mcpPosition":[18.8171,178.132,2.85252],"pipPosition":[3.49757,139.987,-13.2624],"stabilizedTipPosition":[-1.43752,134.88,21.5161],"timeVisible":39.6516,"tipPosition":[-2.80319,128.433,24.2293],"tipVelocity":[-114.12,-577.238,263.855],"tool":false,"touchDistance":0.333333,"touchZone":"none","type":3,"width":17.8639},{"bases":[[[0.825223,-0.552975,0.115005],[0.489651,0.801914,0.342309],[-0.281513,-0.226168,0.932523]],[[0.811276,-0.562871,0.15814],[0.36742,0.28043,-0.88677],[0.45479,0.777519,0.434316]],[[0.811276,-0.562871,0.15814],[-0.389823,-0.722337,-0.571198],[0.435741,0.401753,-0.805434]],[[0.811276,-0.562871,0.15814],[-0.566212,-0.823803,-0.0274486],[0.145726,-0.0672721,-0.987035]]],"btipPosition":[9.89493,134.442,25.5517],"carpPosition":[20.5595,155.269,61.7823],"dipPosition":[12.3772,133.296,8.73903],"direction":[-0.435741,-0.401753,0.805434],"extended":false,"handId":398,"id":3984,"length":49.9151,"mcpPosition":[36.6906,168.229,8.34744],"pipPosition":[20.7992,141.061,-6.82853],"stabilizedTipPosition":[11.505,139.253,19.6568],"timeVisible":39.6516,"tipPosition":[10.3958,134.112,21.6023],"tipVelocity":[-116.02,-585.393,231.269],"tool":false,"touchDistance":0.333333,"touchZone":"none","type":4,"width":15.8681}],"r":[[0.958427,-0.155192,-0.239442],[0.16699,0.985512,0.0296673],[0.231369,-0.0684183,0.970457]],"s":1.19851,"t":[-6.40985,7.31023,-63.9799],"timestamp":88556762377},false],[5,{"currentFrameRate":54.9879,"devices":[],"gestures":[],"hands":[{"armBasis":[[0.987708,-0.0699336,-0.13979],[0.12699,0.88046,0.456797],[0.0911343,-0.468934,0.878519]],"armWidth":62.9686,"confidence":0.731778,"direction":[0.0309724,0.339475,-0.940105],"elbow":[27.6559,19.3691,306.58],"grabStrength":0,"id":398,"palmNormal":[-0.131974,-0.930933,-0.340511],"palmPosition":[-3.03413,159.644,20.6766],"palmVelocity":[-111.731,-583.139,132.625],"palmWidth":89.917,"pinchStrength":0.361511,"r":[[0.956275,-0.158208,-0.245984],[0.162564,0.986694,-0.00262883],[0.243126,-0.0374742,0.96927]],"s":1.19516,"sphereCenter":[-37.3135,141.634,-8.94468],"sphereRadius":52.6078,"stabilizedPalmPosition":[-2.55882,162.125,20.1407],"t":[-8.42892,-3.31758,-61.6015],"timeVisible":39.6697,"type":"right","wrist":[3.33981,144.488,72.177]}],"id":1404738,"interactionBox":{"center":[0,200,0],"size":[235.247,235.247,147.751]},"pointables":[{"bases":[[[0.522768,0.844725,0.114691],[-0.750432,0.392179,0.532022],[0.404433,-0.364192,0.838927]],[[0.520376,0.846856,0.109747],[-0.708599,0.356507,0.608926],[0.476547,-0.394637,0.785598]],[[0.520376,0.846856,0.109747],[-0.85036,0.52565,-0.0240818],[-0.0780823,-0.0807928,0.993668]],[[0.520376,0.846856,0.109747],[-0.378714,0.344057,-0.859186],[-0.765366,0.405537,0.499755]]],"btipPosition":[-29.2609,150.007,-11.6193],"carpPosition":[-26.0853,137.197,72.1718],"dipPosition":[-46.9619,159.386,-0.0611588],"direction":[0.0780823,0.0807928,-0.993668],"extended":false,"handId":398,"id":3980,"length":51.5018,"mcpPosition":[-26.0853,137.197,72.1718],"pipPosition":[-49.5928,156.664,33.419],"stabilizedTipPosition":[-32.6062,156.777,-11.0038],"timeVisible":39.6697,"tipPosition":[-34.151,151.325,-10.3678],"tipVelocity":[-97.8902,-594.6,259.242],"tool":false,"touchDistance":0.820708,"touchZone":"hovering","type":0,"width":20.0112},{"bases":[[[0.981904,-0.0757062,-0.173587],[0.110366,0.973629,0.199665],[0.153894,-0.21521,0.964366]],[[0.965899,-0.0577295,-0.2524],[0.149846,0.919622,0.3631],[0.211151,-0.388539,0.896913]],[[0.965899,-0.0577295,-0.2524],[0.0975739,0.984115,0.148312],[0.239829,-0.167882,0.956189]],[[0.965899,-0.0577295,-0.2524],[0.0491875,0.997987,-0.0400283],[0.254203,0.0262484,0.966795]]],"btipPosition":[-45.4844,193.411,-78.6697],"carpPosition":[-15.311,157.702,68.6832],"dipPosition":[-41.1924,193.854,-62.3462],"direction":[-0.239829,0.167882,-0.956189],"extended":true,"handId":398,"id":3981,"length":58.114,"mcpPosition":[-26.4994,173.348,-1.42819],"pipPosition":[-35.464,189.844,-39.5073],"stabilizedTipPosition":[-44.2148,194.844,-74.9798],"timeVisible":39.6697,"tipPosition":[-44.0851,195.213,-74.4206],"tipVelocity":[-195.286,-853.151,50.08],"tool":false,"touchDistance":0.559664,"touchZone":"hovering","type":1,"width":19.1147},{"bases":[[[0.96037,-0.268949,-0.0731797],[0.278132,0.941852,0.188568],[0.0182092,-0.201448,0.97933]],[[0.960222,-0.267558,-0.0799106],[0.0124502,0.326913,-0.944972],[0.278959,0.906389,0.317241]],[[0.960222,-0.267558,-0.0799106],[-0.27353,-0.843701,-0.461897],[0.0561636,0.465382,-0.883326]],[[0.960222,-0.267558,-0.0799106],[-0.257211,-0.958892,0.119871],[-0.108698,-0.0945489,-0.989568]]],"btipPosition":[-17.498,117.948,26.9363],"carpPosition":[-3.39555,158.554,66.3681],"dipPosition":[-19.5166,116.192,8.55959],"direction":[-0.0561636,-0.465382,0.883326],"extended":false,"handId":398,"id":3982,"length":66.2163,"mcpPosition":[-4.65099,172.443,-1.152],"pipPosition":[-17.9384,129.27,-16.2628],"stabilizedTipPosition":[-17.2919,122.207,20.7725],"timeVisible":39.6697,"tipPosition":[-17.9902,117.501,22.6897],"tipVelocity":[-92.2283,-591.719,251.502],"tool":false,"touchDistance":0.333333,"touchZone":"none","type":2,"width":18.7732},{"bases":[[[0.928865,-0.365893,0.057729],[0.346474,0.913328,0.21398],[-0.131019,-0.178757,0.975131]],[[0.930135,-0.364078,0.0479253],[0.161295,0.287808,-0.944008],[0.329899,0.885784,0.326424]],[[0.930135,-0.364078,0.0479253],[-0.300385,-0.829415,-0.470999],[0.21123,0.423697,-0.880831]],[[0.930135,-0.364078,0.0479253],[-0.367167,-0.924231,0.104809],[0.0061353,-0.115083,-0.993337]]],"btipPosition":[-3.91241,118.788,32.5372],"carpPosition":[8.43903,156.306,64.8579],"dipPosition":[-3.79913,116.663,14.1966],"direction":[-0.21123,-0.423697,0.880831],"extended":false,"handId":398,"id":3983,"length":63.6687,"mcpPosition":[16.5493,167.372,4.49603],"pipPosition":[1.98337,128.262,-9.91648],"stabilizedTipPosition":[-3.19744,122.964,26.4051],"timeVisible":39.6697,"tipPosition":[-3.91125,118.174,28.0619],"tipVelocity":[-88.8758,-571.307,238.615],"tool":false,"touchDistance":0.333333,"touchZone":"none","type":3,"width":17.8639},{"bases":[[[0.837356,-0.529968,0.134047],[0.473783,0.825895,0.305659],[-0.272698,-0.192436,0.942658]],[[0.823814,-0.538319,0.177604],[0.35766,0.25054,-0.899616],[0.439784,0.804638,0.398934]],[[0.823814,-0.538319,0.177604],[-0.376633,-0.753955,-0.538237],[0.423649,0.376516,-0.823867]],[[0.823814,-0.538319,0.177604],[-0.548543,-0.836059,0.0103084],[0.142938,-0.105915,-0.984048]]],"btipPosition":[8.66361,124.502,29.0591],"carpPosition":[19.0277,147.065,64.3288],"dipPosition":[11.0983,122.698,12.2973],"direction":[-0.423649,-0.376516,0.823867],"extended":false,"handId":398,"id":3984,"length":49.9151,"mcpPosition":[34.6537,158.091,10.3131],"pipPosition":[19.2867,129.976,-3.62651],"stabilizedTipPosition":[9.75303,127.607,23.9166],"timeVisible":39.6697,"tipPosition":[9.15427,124.017,25.1276],"tipVelocity":[-93.3592,-571.438,213.484],"tool":false,"touchDistance":0.333333,"touchZone":"none","type":4,"width":15.8681}],"r":[[0.956275,-0.158208,-0.245984],[0.162564,0.986694,-0.00262883],[0.243126,-0.0374742,0.96927]],"s":1.19516,"t":[-8.42892,-3.31758,-61.6015],"timestamp":88556780522},false],[6,{"currentFrameRate":55.0013,"devices":[],"gestures":[],"hands":[{"armBasis":[[0.98694,-0.083184,-0.137948],[0.136452,0.886845,0.441459],[0.0856164,-0.454517,0.886614]],"armWidth":62.9686,"confidence":0.713735,"direction":[0.0143005,0.312234,-0.949898],"elbow":[25.7944,12.4433,310.92],"grabStrength":0,"id":398,"palmNormal":[-0.139848,-0.940033,-0.311097],"palmPosition":[-4.34137,147.399,22.5674],"palmVelocity":[-92.8471,-626.99,119.116],"palmWidth":89.917,"pinchStrength":0.335866,"r":[[0.953518,-0.16263,-0.253682],[0.159047,0.986661,-0.0347145],[0.255943,-0.0072464,0.966665]],"s":1.19416,"sphereCenter":[-40.2252,128.69,-5.95278],"sphereRadius":53.2578,"stabilizedPalmPosition":[-4.1231,149.202,22.2702],"t":[-10.0921,-14.7539,-59.4669],"timeVisible":39.6879,"type":"right","wrist":[2.95058,133.716,74.3574]}],"id":1404739,"interactionBox":{"center":[0,200,0],"size":[235.247,235.247,147.751]},"pointables":[{"bases":[[[0.526276,0.846472,0.080736],[-0.739841,0.409032,0.534161],[0.419129,-0.340848,0.841519]],[[0.537256,0.83709,0.103129],[-0.685991,0.362558,0.630847],[0.490685,-0.409672,0.769023]],[[0.537256,0.83709,0.103129],[-0.840951,0.541012,-0.0103755],[-0.0644795,-0.0811524,0.994614]],[[0.537256,0.83709,0.103129],[-0.365017,0.341002,-0.866303],[-0.760341,0.427783,0.488758]]],"btipPosition":[-30.93,139.544,-7.65017],"carpPosition":[-26.4825,126.495,75.1008],"dipPosition":[-48.5149,149.438,3.65363],"direction":[0.0644795,0.0811524,-0.994614],"extended":false,"handId":398,"id":3980,"length":51.5018,"mcpPosition":[-26.4825,126.495,75.1008],"pipPosition":[-50.6874,146.704,37.1657],"stabilizedTipPosition":[-34.4045,145.42,-6.48317],"timeVisible":39.6879,"tipPosition":[-35.5884,140.397,-6.35711],"tipVelocity":[-94.4024,-583.081,238.475],"tool":false,"touchDistance":0.83063,"touchZone":"hovering","type":0,"width":20.0112},{"bases":[[[0.978415,-0.0829163,-0.189283],[0.115733,0.978711,0.1695],[0.171199,-0.187747,0.967182]],[[0.960903,-0.0671032,-0.268632],[0.158311,0.929114,0.334192],[0.227165,-0.363653,0.903411]],[[0.960903,-0.0671032,-0.268632],[0.102273,0.987597,0.119135],[0.257306,-0.141951,0.955847]],[[0.960903,-0.0671032,-0.268632],[0.050506,0.99639,-0.0682331],[0.272241,0.0519978,0.960823]]],"btipPosition":[-48.5713,178.468,-76.8979],"carpPosition":[-15.7379,146.867,70.8267],"dipPosition":[-43.9747,179.346,-60.6752],"direction":[-0.257306,0.141951,-0.955847],"extended":true,"handId":398,"id":3981,"length":58.114,"mcpPosition":[-28.1844,160.516,0.510532],"pipPosition":[-37.8289,175.955,-37.8445],"stabilizedTipPosition":[-47.3515,179.467,-73.256],"timeVisible":39.6879,"tipPosition":[-47.0979,180.291,-72.7521],"tipVelocity":[-181.506,-836.633,72.1525],"tool":false,"touchDistance":0.563261,"touchZone":"hovering","type":1,"width":19.1147},{"bases":[[[0.958388,-0.273143,-0.0829763],[0.28321,0.946244,0.156252],[0.0358367,-0.17325,0.984226]],[[0.958114,-0.271923,-0.0898636],[-0.00457201,0.29922,-0.954173],[0.286351,0.914617,0.285444]],[[0.958114,-0.271923,-0.0898636],[-0.283513,-0.856247,-0.431812],[0.0404745,0.439203,-0.897476]],[[0.958114,-0.271923,-0.0898636],[-0.256561,-0.954408,0.152583],[-0.127257,-0.123136,-0.984197]]],"btipPosition":[-18.7499,105.948,30.3133],"carpPosition":[-3.8655,147.624,68.2703],"dipPosition":[-21.1131,103.662,12.0364],"direction":[-0.0404745,-0.439203,0.897476],"extended":false,"handId":398,"id":3982,"length":66.2163,"mcpPosition":[-6.33627,159.569,0.412636],"pipPosition":[-19.9757,116.004,-13.1836],"stabilizedTipPosition":[-18.8377,109.244,24.8944],"timeVisible":39.6879,"tipPosition":[-19.3251,105.375,26.082],"tipVelocity":[-83.2608,-628.245,221.01],"tool":false,"touchDistance":0.333333,"touchZone":"none","type":2,"width":18.7732},{"bases":[[[0.929121,-0.36621,0.0512237],[0.351957,0.918306,0.18122],[-0.113404,-0.150347,0.982108]],[[0.930215,-0.36468,0.0413431],[0.144434,0.260185,-0.954695],[0.337401,0.894043,0.2947]],[[0.930215,-0.36468,0.0413431],[-0.310449,-0.84192,-0.441353],[0.19576,0.397718,-0.896381]],[[0.930215,-0.36468,0.0413431],[-0.366809,-0.919993,0.138076],[-0.012318,-0.143605,-0.989558]]],"btipPosition":[-5.07352,106.903,35.613],"carpPosition":[7.93537,145.307,66.609],"dipPosition":[-5.30095,104.251,17.3421],"direction":[-0.19576,-0.397718,0.896381],"extended":false,"handId":398,"id":3983,"length":63.6687,"mcpPosition":[14.9552,154.613,5.81526],"pipPosition":[0.0580367,115.139,-7.19656],"stabilizedTipPosition":[-4.68576,110.097,30.2684],"timeVisible":39.6879,"tipPosition":[-5.15566,106.161,31.1589],"tipVelocity":[-79.0979,-614.523,206.169],"tool":false,"touchDistance":0.333333,"touchZone":"none","type":3,"width":17.8639},{"bases":[[[0.83874,-0.527813,0.133896],[0.480773,0.833253,0.273031],[-0.255679,-0.164629,0.952641]],[[0.825994,-0.534873,0.177889],[0.341566,0.223894,-0.9128],[0.448404,0.814728,0.36763]],[[0.825994,-0.534873,0.177889],[-0.387777,-0.768237,-0.509353],[0.4091,0.351741,-0.841971]],[[0.825994,-0.534873,0.177889],[-0.549738,-0.834152,0.0444899],[0.12459,-0.13454,-0.983044]]],"btipPosition":[7.44939,112.488,31.7373],"carpPosition":[18.4962,136.029,66.1524],"dipPosition":[9.57159,110.196,14.9926],"direction":[-0.4091,-0.351741,0.841971],"extended":false,"handId":398,"id":3984,"length":49.9151,"mcpPosition":[33.147,145.463,11.5647],"pipPosition":[17.4787,116.995,-1.28113],"stabilizedTipPosition":[8.27024,114.828,27.1585],"timeVisible":39.6879,"tipPosition":[7.86633,111.889,27.816],"tipVelocity":[-82.6705,-617.762,182.245],"tool":false,"touchDistance":0.333333,"touchZone":"none","type":4,"width":15.8681}],"r":[[0.953518,-0.16263,-0.253682],[0.159047,0.98666