{"sensorType":"Leap","data":[[0,{"currentFrameRate":55.2555,"devices":[],"gestures":[],"hands":[{"armBasis":[[0.988773,-0.149061,-0.01041],[0.148767,0.975503,0.162057],[-0.0140014,-0.161786,0.986726]],"armWidth":62.9686,"confidence":0.840146,"direction":[0.253244,0.22504,-0.940864],"elbow":[-11.8944,172.831,363.098],"grabStrength":0,"id":398,"palmNormal":[-0.122921,-0.957199,-0.262032],"palmPosition":[-2.39768,225.291,46.8799],"palmVelocity":[29.1853,7.02347,-97.4012],"palmWidth":89.917,"pinchStrength":0.87576,"r":[[0.957386,-0.288298,0.0172382],[0.286599,0.940977,-0.180065],[0.0356915,0.177332,0.983504]],"s":0.85401,"sphereCenter":[-30.648,192.422,8.69069],"sphereRadius":57.3542,"stabilizedPalmPosition":[-9.71216,197.531,95.386],"t":[-10.3343,51.5809,-31.249],"timeVisible":1.97044,"type":"right","wrist":[-8.15859,215.998,99.8236]}],"id":1402672,"interactionBox":{"center":[0,200,0],"size":[235.247,235.247,147.751]},"pointables":[{"bases":[[[0.545485,0.826817,0.137188],[-0.816109,0.486728,0.311547],[0.190819,-0.281904,0.940276]],[[0.455972,0.873548,-0.170302],[-0.889724,0.442703,-0.111377],[-0.0218999,0.202307,0.979077]],[[0.455972,0.873548,-0.170302],[-0.861486,0.385168,-0.33089],[-0.223453,0.297589,0.928175]],[[0.455972,0.873548,-0.170302],[-0.660406,0.20382,-0.722718],[-0.596618,0.442008,0.669833]]],"btipPosition":[-14.9519,179.92,-0.903001],"carpPosition":[-37.3595,210.149,94.159],"dipPosition":[-28.7503,190.142,14.5886],"direction":[0.223453,-0.297589,-0.928175],"extended":false,"handId":398,"id":3980,"length":51.5018,"mcpPosition":[-37.3595,210.149,94.159],"pipPosition":[-36.2792,200.169,45.8621],"stabilizedTipPosition":[-24.57,164.044,41.6026],"timeVisible":1.97044,"tipPosition":[-18.0459,182.926,2.16871],"tipVelocity":[14.5563,-0.986278,-93.0979],"tool":false,"touchDistance":-0.492239,"touchZone":"touching","type":0,"width":20.0112},{"bases":[[[0.988459,-0.141641,0.0537212],[0.134695,0.984051,0.116198],[-0.0693228,-0.107621,0.991772]],[[0.990434,-0.137249,0.0142364],[0.134144,0.981898,0.13372],[-0.0323317,-0.130532,0.990917]],[[0.990434,-0.137249,0.0142364],[0.137347,0.990504,-0.00612672],[-0.0132603,0.00802344,0.99988]],[[0.990434,-0.137249,0.0142364],[0.137966,0.983281,-0.118839],[0.00231225,0.119667,0.992811]]],"btipPosition":[-17.9683,240.727,-63.8344],"carpPosition":[-24.6585,229.573,90.9848],"dipPosition":[-17.9292,242.748,-47.0717],"direction":[0.0132603,-0.00802344,-0.99988],"extended":true,"handId":398,"id":3981,"length":58.114,"mcpPosition":[-19.6186,237.397,18.8809],"pipPosition":[-18.246,242.939,-23.1892],"stabilizedTipPosition":[-25.3542,227.607,-30.2999],"timeVisible":1.97044,"tipPosition":[-17.7926,242.8,-59.7779],"tipVelocity":[33.604,-15.1057,-99.7429],"tool":false,"touchDistance":-0.453258,"touchZone":"touching","type":1,"width":19.1147},{"bases":[[[0.932464,-0.320547,0.166618],[0.298312,0.943336,0.145353],[-0.203769,-0.0858326,0.975249]],[[0.905542,-0.327851,0.269272],[0.419562,0.786183,-0.453745],[-0.0629366,0.523861,0.849475]],[[0.905542,-0.327851,0.269272],[0.342285,0.189567,-0.920275],[0.250668,0.925515,0.283879]],[[0.905542,-0.327851,0.269272],[0.182452,-0.272064,-0.944824],[0.38302,0.904707,-0.186548]]],"btipPosition":[-9.60346,167.743,-20.9645],"carpPosition":[-12.4933,229.586,91.2495],"dipPosition":[-2.49062,184.544,-24.4288],"direction":[-0.250668,-0.925515,-0.283879],"extended":false,"handId":398,"id":3982,"length":66.2163,"mcpPosition":[1.5556,235.504,24.0107],"pipPosition":[4.5534,210.551,-16.4515],"stabilizedTipPosition":[-9.67445,155.105,4.17236],"timeVisible":1.97044,"tipPosition":[-7.11665,172.475,-23.6576],"tipVelocity":[-1.2751,-11.4355,-48.5281],"tool":false,"touchDistance":-0.284064,"touchZone":"touching","type":2,"width":18.7732},{"bases":[[[0.867155,-0.399878,0.296883],[0.357522,0.914807,0.187901],[-0.346728,-0.0567968,0.936244]],[[0.866765,-0.399942,0.297934],[0.494307,0.768212,-0.406829],[-0.0661684,0.499897,0.863554]],[[0.866765,-0.399942,0.297934],[0.399222,0.198381,-0.895135],[0.298898,0.894814,0.331615]],[[0.866765,-0.399942,0.297934],[0.210847,-0.247513,-0.945664],[0.451953,0.882487,-0.13021]]],"btipPosition":[7.05937,167.277,-10.1559],"carpPosition":[-0.797951,226.623,92.6011],"dipPosition":[15.4041,183.571,-12.56],"direction":[-0.298898,-0.894814,-0.331615],"extended":false,"handId":398,"id":3983,"length":63.6687,"mcpPosition":[20.665,230.139,34.6463],"pipPosition":[23.5865,208.067,-3.48193],"stabilizedTipPosition":[7.92343,155.495,16.9093],"timeVisible":1.97044,"tipPosition":[9.73936,171.808,-12.3743],"tipVelocity":[20.9614,3.78063,-88.9644],"tool":false,"touchDistance":-0.337287,"touchZone":"touching","type":3,"width":17.8639},{"bases":[[[0.750124,-0.549383,0.368093],[0.455997,0.832839,0.313761],[-0.478937,-0.0675105,0.875249]],[[0.673463,-0.553382,0.490119],[0.726232,0.619041,-0.298957],[-0.137966,0.557277,0.818784]],[[0.673463,-0.553382,0.490119],[0.606109,0.0338152,-0.794662],[0.423178,0.832241,0.358183]],[[0.673463,-0.553382,0.490119],[0.336616,-0.360716,-0.869813],[0.658132,0.750768,-0.0566518]]],"btipPosition":[21.8523,172.417,10.6415],"carpPosition":[8.97725,216.895,95.3627],"dipPosition":[33.0626,185.205,9.67651],"direction":[-0.423178,-0.832241,-0.358183],"extended":false,"handId":398,"id":3984,"length":49.9151,"mcpPosition":[36.421,220.764,45.2097],"pipPosition":[41.2419,201.291,16.5995],"stabilizedTipPosition":[24.6129,160.333,40.1051],"timeVisible":1.97044,"tipPosition":[25.4693,176.159,8.6614],"tipVelocity":[1.85778,-9.32271,-61.384],"tool":false,"touchDistance":-0.3841,"touchZone":"touching","type":4,"width":15.8681}],"r":[[0.957386,-0.288298,0.0172382],[0.286599,0.940977,-0.180065],[0.0356915,0.177332,0.983504]],"s":0.85401,"t":[-10.3343,51.5809,-31.249],"timestamp":88519081226},false],[1,{"currentFrameRate":55.3162,"devices":[],"gestures":[],"hands":[{"armBasis":[[0.988187,-0.152844,-0.0111979],[0.152616,0.974792,0.162753],[-0.0139602,-0.162539,0.986603]],"armWidth":62.9686,"confidence":0.847026,"direction":[0.253144,0.223856,-0.941173],"elbow":[-11.4889,172.516,361.863],"grabStrength":0,"id":398,"palmNormal":[-0.127058,-0.95674,-0.261733],"palmPosition":[-2.02228,225.146,45.67],"palmVelocity":[25.3324,-0.12923,-83.4085],"palmWidth":89.917,"pinchStrength":0.883893,"r":[[0.956582,-0.290968,0.0169971],[0.28927,0.940623,-0.177629],[0.0356965,0.174833,0.983951]],"s":0.852536,"sphereCenter":[-29.951,192.116,7.63529],"sphereRadius":57.1488,"stabilizedPalmPosition":[-9.70654,197.551,95.3497],"t":[-9.88521,51.5688,-32.7394],"timeVisible":1.9883,"type":"right","wrist":[-7.76408,215.884,98.6215]}],"id":1402673,"interactionBox":{"center":[0,200,0],"size":[235.247,235.247,147.751]},"pointables":[{"bases":[[[0.548959,0.824635,0.136461],[-0.813808,0.490067,0.312332],[0.190685,-0.28251,0.940121]],[[0.458392,0.871682,-0.17334],[-0.888581,0.445694,-0.10854],[-0.0173557,0.203781,0.978863]],[[0.458392,0.871682,-0.17334],[-0.860696,0.38678,-0.331065],[-0.221539,0.300951,0.92755]],[[0.458392,0.871682,-0.17334],[-0.662011,0.20476,-0.720981],[-0.592974,0.445245,0.670924]]],"btipPosition":[-14.9597,179.662,-2.06651],"carpPosition":[-36.9944,210.152,92.9891],"dipPosition":[-28.6738,189.96,13.4504],"direction":[0.221539,-0.300951,-0.92755],"extended":false,"handId":398,"id":3980,"length":51.5018,"mcpPosition":[-36.9944,210.152,92.9891],"pipPosition":[-36.1382,200.1,44.7028],"stabilizedTipPosition":[-24.568,164.05,41.5901],"timeVisible":1.9883,"tipPosition":[-17.9823,182.7,1.03482],"tipVelocity":[8.00159,-6.85659,-79.7578],"tool":false,"touchDistance":-0.488714,"touchZone":"touching","type":0,"width":20.0112},{"bases":[[[0.987937,-0.145616,0.0526915],[0.138784,0.983519,0.115882],[-0.0686973,-0.107171,0.991864]],[[0.989895,-0.141211,0.0129661],[0.138375,0.981891,0.129395],[-0.0310033,-0.126293,0.991508]],[[0.989895,-0.141211,0.0129661],[0.141351,0.989903,-0.0106077],[-0.0113372,0.0123332,0.99986]],[[0.989895,-0.141211,0.0129661],[0.141728,0.982203,-0.123247],[0.0046686,0.12384,0.992291]]],"btipPosition":[-17.7159,240.293,-65.0439],"carpPosition":[-24.2186,229.525,89.7979],"dipPosition":[-17.6371,242.384,-48.2899],"direction":[0.0113372,-0.0123332,-0.99986],"extended":true,"handId":398,"id":3981,"length":58.114,"mcpPosition":[-19.2242,237.316,17.6873],"pipPosition":[-17.9079,242.678,-24.4079],"stabilizedTipPosition":[-25.3331,227.643,-30.3851],"timeVisible":1.9883,"tipPosition":[-17.5138,242.364,-60.9982],"tipVelocity":[24.6641,-19.0194,-84.6889],"tool":false,"touchDistance":-0.454438,"touchZone":"touching","type":1,"width":19.1147},{"bases":[[[0.931341,-0.324274,0.165679],[0.302266,0.942151,0.14487],[-0.203072,-0.0848438,0.975481]],[[0.904631,-0.33143,0.267949],[0.422153,0.783195,-0.456501],[-0.0585577,0.52608,0.848417]],[[0.904631,-0.33143,0.267949],[0.339776,0.181312,-0.922864],[0.257283,0.925894,0.276632]],[[0.904631,-0.33143,0.267949],[0.176076,-0.281904,-0.943148],[0.388124,0.90038,-0.196663]]],"btipPosition":[-9.70059,167.541,-21.7384],"carpPosition":[-12.0532,229.489,90.0497],"dipPosition":[-2.49298,184.262,-25.3905],"direction":[-0.257283,-0.925894,-0.276632],"extended":false,"handId":398,"id":3982,"length":66.2163,"mcpPosition":[1.94773,235.338,22.7949],"pipPosition":[4.73695,210.28,-17.6169],"stabilizedTipPosition":[-9.67326,155.117,4.15294],"timeVisible":1.9883,"tipPosition":[-7.22402,172.191,-24.4035],"tipVelocity":[-2.66094,-11.8509,-47.2107],"tool":false,"touchDistance":-0.296248,"touchZone":"touching","type":2,"width":18.7732},{"bases":[[[0.865852,-0.40332,0.296028],[0.361407,0.91339,0.187359],[-0.345955,-0.0552386,0.936624]],[[0.86509,-0.40344,0.298086],[0.497613,0.765147,-0.408572],[-0.0632448,0.501783,0.862678]],[[0.86509,-0.40344,0.298086],[0.397786,0.189731,-0.897646],[0.30559,0.895119,0.324617]],[[0.86509,-0.40344,0.298086],[0.204888,-0.258225,-0.944108],[0.457864,0.877813,-0.140727]]],"btipPosition":[7.01961,167.031,-10.9667],"carpPosition":[-0.368388,226.478,91.3893],"dipPosition":[15.4735,183.239,-13.5651],"direction":[-0.30559,-0.895119,-0.324617],"extended":false,"handId":398,"id":3983,"length":63.6687,"mcpPosition":[21.0467,229.898,33.411],"pipPosition":[23.8391,207.743,-4.67857],"stabilizedTipPosition":[7.92397,155.503,16.8943],"timeVisible":1.9883,"tipPosition":[9.70485,171.506,-13.2279],"tipVelocity":[10.696,-5.01695,-69.6024],"tool":false,"touchDistance":-0.344725,"touchZone":"touching","type":3,"width":17.8639},{"bases":[[[0.748296,-0.55234,0.367389],[0.459685,0.831048,0.313129],[-0.478271,-0.0654298,0.875772]],[[0.667742,-0.555894,0.495079],[0.730148,0.6186,-0.290204],[-0.144933,0.555262,0.81895]],[[0.667742,-0.555894,0.495079],[0.613686,0.034666,-0.788789],[0.421321,0.83053,0.364292]],[[0.667742,-0.555894,0.495079],[0.342761,-0.360769,-0.867387],[0.660784,0.748884,-0.0503619]]],"btipPosition":[22.4415,172.25,9.16002],"carpPosition":[9.37047,216.712,94.1421],"dipPosition":[33.697,185.006,8.30218],"direction":[-0.421321,-0.83053,-0.364292],"extended":false,"handId":398,"id":3984,"length":49.9151,"mcpPosition":[36.7761,220.461,43.9592],"pipPosition":[41.8404,201.059,15.3433],"stabilizedTipPosition":[24.6132,160.341,40.0885],"timeVisible":1.9883,"tipPosition":[25.8022,175.866,7.47783],"tipVelocity":[16.797,-9.52419,-70.8798],"tool":false,"touchDistance":-0.395876,"touchZone":"touching","type":4,"width":15.8681}],"r":[[0.956582,-0.290968,0.0169971],[0.28927,0.940623,-0.177629],[0.0356965,0.174833,0.983951]],"s":0.852536,"t":[-9.88521,51.5688,-32.7394],"timestamp":88519099094},false],[2,{"currentFrameRate":55.331,"devices":[],"gestures":[],"hands":[{"armBasis":[[0.988447,-0.151431,-0.00646277],[0.150302,0.973796,0.170679],[-0.0195526,-0.169678,0.985306]],"armWidth":62.9686,"confidence":0.855521,"direction":[0.251109,0.230262,-0.940172],"elbow":[-12.4275,170.064,358.998],"grabStrength":0,"id":398,"palmNormal":[-0.125462,-0.955358,-0.267491],"palmPosition":[-1.57619,224.941,43.2011],"palmVelocity":[25.0573,-5.46103,-108.817],"palmWidth":89.917,"pinchStrength":0.892925,"r":[[0.956064,-0.292715,0.0161209],[0.290946,0.940673,-0.174601],[0.0359437,0.17162,0.984507]],"s":0.850937,"sphereCenter":[-29.0611,191.912,5.13486],"sphereRadius":56.8847,"stabilizedPalmPosition":[-9.70283,197.564,95.3259],"t":[-9.43764,51.4602,-34.719],"timeVisible":2.00633,"type":"right","wrist":[-7.2106,215.337,96.1032]}],"id":1402674,"interactionBox":{"center":[0,200,0],"size":[235.247,235.247,147.751]},"pointables":[{"bases":[[[0.547434,0.824935,0.140703],[-0.814327,0.486373,0.316722],[0.192841,-0.287962,0.938025]],[[0.455068,0.873741,-0.171728],[-0.890353,0.443532,-0.102717],[-0.013581,0.199642,0.979775]],[[0.455068,0.873741,-0.171728],[-0.862571,0.384657,-0.328649],[-0.221097,0.297685,0.928708]],[[0.455068,0.873741,-0.171728],[-0.665931,0.205906,-0.717035],[-0.591142,0.440659,0.675552]]],"btipPosition":[-14.6468,179.508,-4.76353],"carpPosition":[-36.438,209.578,90.4831],"dipPosition":[-28.3185,189.699,10.8604],"direction":[0.221097,-0.297685,-0.928708],"extended":false,"handId":398,"id":3980,"length":51.5018,"mcpPosition":[-36.438,209.578,90.4831],"pipPosition":[-35.768,199.729,42.1518],"stabilizedTipPosition":[-24.5668,164.053,41.5831],"timeVisible":2.00633,"tipPosition":[-17.617,182.557,-1.61125],"tipVelocity":[12.6987,-8.30193,-112.253],"tool":false,"touchDistance":-0.508262,"touchZone":"touching","type":0,"width":20.0112},{"bases":[[[0.98833,-0.143835,0.0501578],[0.136889,0.983071,0.12179],[-0.0668264,-0.113503,0.991288]],[[0.990215,-0.139165,0.0103365],[0.136661,0.982055,0.129968],[-0.028238,-0.127284,0.991464]],[[0.990215,-0.139165,0.0103365],[0.139271,0.990199,-0.0104563],[-0.00878004,0.0117936,0.999892]],[[0.990215,-0.139165,0.0103365],[0.139372,0.98254,-0.123247],[0.00699566,0.123482,0.992322]]],"btipPosition":[-17.5597,240.286,-67.4074],"carpPosition":[-23.7086,228.997,87.3919],"dipPosition":[-17.4416,242.371,-50.6529],"direction":[0.00878004,-0.0117936,-0.999892],"extended":true,"handId":398,"id":3981,"length":58.114,"mcpPosition":[-18.8502,237.249,15.3233],"pipPosition":[-17.6513,242.653,-26.7701],"stabilizedTipPosition":[-25.3216,227.663,-30.4338],"timeVisible":2.00633,"tipPosition":[-17.3407,242.36,-63.36],"tipVelocity":[17.3163,-10.2043,-106.714],"tool":false,"touchDistance":-0.472777,"touchZone":"touching","type":1,"width":19.1147},{"bases":[[[0.9323,-0.323316,0.162121],[0.300507,0.941871,0.150251],[-0.201276,-0.0913601,0.975265]],[[0.905975,-0.331128,0.263749],[0.419577,0.785155,-0.455506],[-0.0562526,0.52334,0.850265]],[[0.905975,-0.331128,0.263749],[0.335247,0.180764,-0.924626],[0.258494,0.926109,0.274778]],[[0.905975,-0.331128,0.263749],[0.170773,-0.284216,-0.943429],[0.387358,0.899764,-0.200944]]],"btipPosition":[-9.44363,167.623,-24.1061],"carpPosition":[-11.5427,228.986,87.6235],"dipPosition":[-2.25025,184.332,-27.8377],"direction":[-0.258494,-0.926109,-0.274778],"extended":false,"handId":398,"id":3982,"length":66.2163,"mcpPosition":[2.33428,235.284,20.3836],"pipPosition":[5.0137,210.357,-20.1162],"stabilizedTipPosition":[-9.67262,155.123,4.14294],"timeVisible":2.00633,"tipPosition":[-6.98471,172.253,-26.7481],"tipVelocity":[5.27552,-4.14692,-87.6025],"tool":false,"touchDistance":-0.330746,"touchZone":"touching","type":2,"width":18.7732},{"bases":[[[0.867195,-0.403312,0.292081],[0.359778,0.912972,0.192462],[-0.344285,-0.0618177,0.936828]],[[0.866094,-0.403507,0.295066],[0.495829,0.768457,-0.404508],[-0.0635236,0.496644,0.865627]],[[0.866094,-0.403507,0.295066],[0.395021,0.190737,-0.898653],[0.306333,0.894875,0.32459]],[[0.866094,-0.403507,0.295066],[0.200486,-0.260326,-0.944477],[0.457916,0.877162,-0.144569]]],"btipPosition":[7.42623,167.197,-13.5021],"carpPosition":[0.150613,225.992,88.925],"dipPosition":[15.881,183.393,-16.1714],"direction":[-0.306333,-0.894875,-0.32459],"extended":false,"handId":398,"id":3983,"length":63.6687,"mcpPosition":[21.4623,229.818,30.9341],"pipPosition":[24.267,207.89,-7.28562],"stabilizedTipPosition":[7.92438,155.508,16.8856],"timeVisible":2.00633,"tipPosition":[10.0708,171.63,-15.7459],"tipVelocity":[16.3288,1.66197,-103.736],"tool":false,"touchDistance":-0.376861,"touchZone":"touching","type":3,"width":17.8639},{"bases":[[[0.750073,-0.553024,0.362704],[0.458439,0.830056,0.317554],[-0.47668,-0.071911,0.876131]],[[0.669047,-0.557532,0.491461],[0.728828,0.621673,-0.286935],[-0.145553,0.550164,0.822274]],[[0.669047,-0.557532,0.491461],[0.612845,0.0397459,-0.789203],[0.420472,0.829203,0.368273]],[[0.669047,-0.557532,0.491461],[0.342021,-0.356116,-0.869599],[0.659847,0.749893,-0.0475708]]],"btipPosition":[22.9486,172.325,6.35754],"carpPosition":[9.91471,216.229,91.6009],"dipPosition":[34.1881,185.099,5.54725],"direction":[-0.420472,-0.829203,-0.368273],"extended":false,"handId":398,"id":3984,"length":49.9151,"mcpPosition":[37.2291,220.35,41.3974],"pipPosition":[42.3151,201.126,12.6653],"stabilizedTipPosition":[24.6134,160.345,40.0778],"timeVisible":2.00633,"tipPosition":[26.2749,175.938,4.71853],"tipVelocity":[22.0767,-2.92805,-110.719],"tool":false,"touchDistance":-0.426495,"touchZone":"touching","type":4,"width":15.8681}],"r":[[0.956064,-0.292715,0.0161209],[0.290946,0.940673,-0.174601],[0.0359437,0.17162,0.984507]],"s":0.850937,"t":[-9.43764,51.4602,-34.719],"timestamp":88519117116},false],[3,{"currentFrameRate":55.3009,"devices":[],"gestures":[],"hands":[{"armBasis":[[0.988554,-0.150639,-0.00832045],[0.149739,0.972922,0.176068],[-0.0184276,-0.175299,0.984343]],"armWidth":62.9686,"confidence":0.86435,"direction":[0.250193,0.232457,-0.939876],"elbow":[-11.8198,168.141,357.034],"grabStrength":0,"id":398,"palmNormal":[-0.125792,-0.954717,-0.269613],"palmPosition":[-1.32044,224.641,41.5109],"palmVelocity":[19.8097,-10.7227,-101.237],"palmWidth":89.917,"pinchStrength":0.905703,"r":[[0.955647,-0.294129,0.0150881],[0.292266,0.94078,-0.171793],[0.0363347,0.168583,0.985018]],"s":0.848632,"sphereCenter":[-28.2983,191.386,3.57268],"sphereRadius":56.5535,"stabilizedPalmPosition":[-9.70046,197.571,95.3107],"t":[-9.08598,51.256,-36.5539],"timeVisible":2.02451,"type":"right","wrist":[-6.90305,214.913,94.3958]}],"id":1402675,"interactionBox":{"center":[0,200,0],"size":[235.247,235.247,147.751]},"pointables":[{"bases":[[[0.547629,0.824566,0.1421],[-0.813979,0.48568,0.318672],[0.193751,-0.290181,0.937153]],[[0.454314,0.874122,-0.171782],[-0.890768,0.443266,-0.100239],[-0.0114764,0.198558,0.980022]],[[0.454314,0.874122,-0.171782],[-0.863111,0.384172,-0.327799],[-0.220543,0.29719,0.928999]],[[0.454314,0.874122,-0.171782],[-0.667524,0.206342,-0.715426],[-0.589924,0.439696,0.677242]]],"btipPosition":[-14.4958,179.192,-6.51652],"carpPosition":[-36.1364,209.169,88.7912],"dipPosition":[-28.1394,189.361,9.14647],"direction":[0.220543,-0.29719,-0.928999],"extended":false,"handId":398,"id":3980,"length":51.5018,"mcpPosition":[-36.1364,209.169,88.7912],"pipPosition":[-35.5702,199.374,40.4477],"stabilizedTipPosition":[-24.5662,164.054,41.5788],"timeVisible":2.02451,"tipPosition":[-17.4498,182.245,-3.33993],"tipVelocity":[10.7689,-12.7749,-104.444],"tool":false,"touchDistance":-0.511929,"touchZone":"touching","type":0,"width":20.0112},{"bases":[[[0.988369,-0.144018,0.0488393],[0.137077,0.982773,0.123967],[-0.0658513,-0.11583,0.991084]],[[0.990218,-0.139243,0.00894492],[0.137093,0.98285,0.123337],[-0.0259653,-0.120904,0.992325]],[[0.990218,-0.139243,0.00894492],[0.139388,0.99007,-0.0182605],[-0.00631344,0.0193286,0.999793]],[[0.990218,-0.139243,0.00894492],[0.139204,0.981486,-0.131555],[0.00953881,0.131513,0.991269]]],"btipPosition":[-17.5291,239.467,-69.0678],"carpPosition":[-23.4088,228.595,85.733],"dipPosition":[-17.3681,241.687,-52.3311],"direction":[0.00631344,-0.0193286,-0.999793],"extended":true,"handId":398,"id":3981,"length":58.114,"mcpPosition":[-18.6212,237.016,13.6793],"pipPosition":[-17.5189,242.149,-28.4506],"stabilizedTipPosition":[-25.314,227.675,-30.4675],"timeVisible":2.02451,"tipPosition":[-17.2793,241.634,-65.0268],"tipVelocity":[10.1144,-26.0234,-99.4629],"tool":false,"touchDistance":-0.4788,"touchZone":"touching","type":1,"width":19.1147},{"bases":[[[0.932439,-0.323757,0.160436],[0.30072,0.941495,0.152168],[-0.200315,-0.093641,0.975246]],[[0.906555,-0.331739,0.260975],[0.418751,0.784471,-0.457442],[-0.0529755,0.523979,0.850082]],[[0.906555,-0.331739,0.260975],[0.330468,0.173202,-0.927789],[0.262583,0.927335,0.266646]],[[0.906555,-0.331739,0.260975],[0.16316,-0.294811,-0.941523],[0.389278,0.896123,-0.213136]]],"btipPosition":[-9.51647,167.379,-25.3122],"carpPosition":[-11.2426,228.582,85.9525],"dipPosition":[-2.28742,184.021,-29.2702],"direction":[-0.262583,-0.927335,-0.266646],"extended":false,"handId":398,"id":3982,"length":66.2163,"mcpPosition":[2.56811,235.038,18.7139],"pipPosition":[5.09144,210.08,-21.7772],"stabilizedTipPosition":[-9.67231,155.126,4.13776],"timeVisible":2.02451,"tipPosition":[-7.04929,171.958,-27.9962],"tipVelocity":[1.06148,-8.97054,-78.8086],"tool":false,"touchDistance":-0.344877,"touchZone":"touching","type":2,"width":18.7732},{"bases":[[[0.867457,-0.404055,0.290272],[0.360031,0.912493,0.194253],[-0.34336,-0.0639989,0.937021]],[[0.865455,-0.404419,0.295691],[0.496874,0.768373,-0.403385],[-0.0640641,0.496033,0.865937]],[[0.865455,-0.404419,0.295691],[0.394614,0.186667,-0.899686],[0.308655,0.895322,0.321141]],[[0.865455,-0.404419,0.295691],[0.197637,-0.266741,-0.943286],[0.460356,0.874811,-0.150925]]],"btipPosition":[7.58542,166.983,-15.0056],"carpPosition":[0.451764,225.584,87.2354],"dipPosition":[16.0853,183.135,-17.7922],"direction":[-0.308655,-0.895322,-0.321141],"extended":false,"handId":398,"id":3983,"length":63.6687,"mcpPosition":[21.7062,229.546,29.2326],"pipPosition":[24.5348,207.645,-9.00086],"stabilizedTipPosition":[7.92462,155.51,16.8807],"timeVisible":2.02451,"tipPosition":[10.1886,171.379,-17.2549],"tipVelocity":[12.9848,-5.01781,-94.389],"tool":false,"touchDistance":-0.390465,"touchZone":"touching","type":3,"width":17.8639},{"bases":[[[0.750395,-0.553925,0.360658],[0.45881,0.829276,0.319051],[-0.475816,-0.0739407,0.876432]],[[0.669037,-0.558722,0.490122],[0.729065,0.621492,-0.286724],[-0.144408,0.54916,0.823146]],[[0.669037,-0.558722,0.490122],[0.610277,0.0365898,-0.791342],[0.424207,0.828547,0.365455]],[[0.669037,-0.558722,0.490122],[0.336261,-0.360546,-0.87002],[0.662811,0.746884,-0.0533418]]],"btipPosition":[23.0395,172.126,4.74035],"carpPosition":[10.2178,215.815,89.8786],"dipPosition":[34.3295,184.848,3.83175],"direction":[-0.424207,-0.828547,-0.365455],"extended":false,"handId":398,"id":3984,"length":49.9151,"mcpPosition":[37.4827,220.052,39.6579],"pipPosition":[42.5287,200.863,10.8953],"stabilizedTipPosition":[24.6136,160.348,40.0718],"timeVisible":2.02451,"tipPosition":[26.3711,175.687,3.10294],"tipVelocity":[14.2321,-7.06543,-100.908],"tool":false,"touchDistance":-0.436776,"touchZone":"touching","type":4,"width":15.8681}],"r":[[0.955647,-0.294129,0.0150881],[0.292266,0.94078,-0.171793],[0.0363347,0.168583,0.985018]],"s":0.848632,"t":[-9.08598,51.256,-36.5539],"timestamp":88519135303},false],[4,{"currentFrameRate":55.3117,"devices":[],"gestures":[],"hands":[{"armBasis":[[0.988383,-0.15197,-0.00194681],[0.14989,0.972572,0.177866],[-0.0251369,-0.176091,0.984053]],"armWidth":62.9686,"confidence":0.869588,"direction":[0.248149,0.236396,-0.939435],"elbow":[-13.2551,167.359,354.884],"grabStrength":0,"id":398,"palmNormal":[-0.125701,-0.953711,-0.273192],"palmPosition":[-1.07836,224.286,39.4663],"palmVelocity":[16.7763,-14.9607,-106.974],"palmWidth":89.917,"pinchStrength":0.935306,"r":[[0.955356,-0.295142,0.0136386],[0.293128,0.941034,-0.168908],[0.0370173,0.165365,0.985538]],"s":0.846106,"sphereCenter":[-27.4746,191.183,1.67797],"sphereRadius":55.9564,"stabilizedPalmPosition":[-9.69895,197.576,95.3009],"t":[-8.7891,50.9767,-38.4936],"timeVisible":2.04255,"type":"right","wrist":[-6.54823,214.343,92.3228]}],"id":1402676,"interactionBox":{"center":[0,200,0],"size":[235.247,235.247,147.751]},"pointables":[{"bases":[[[0.547368,0.824356,0.144311],[-0.813659,0.483852,0.322253],[0.195826,-0.293811,0.935589]],[[0.451884,0.875137,-0.173023],[-0.892051,0.441815,-0.0951033],[-0.00678439,0.197321,0.980316]],[[0.451884,0.875137,-0.173023],[-0.864618,0.381907,-0.32647],[-0.219627,0.297125,0.929237]],[[0.451884,0.875137,-0.173023],[-0.667514,0.203041,-0.71638],[-0.591799,0.439215,0.675917]]],"btipPosition":[-14.3673,178.698,-8.54572],"carpPosition":[-35.7889,208.601,86.7538],"dipPosition":[-28.0543,188.856,7.08661],"direction":[0.219627,-0.297125,-0.929237],"extended":false,"handId":398,"id":3980,"length":51.5018,"mcpPosition":[-35.7889,208.601,86.7538],"pipPosition":[-35.4543,198.868,38.3959],"stabilizedTipPosition":[-24.5657,164.055,41.5758],"timeVisible":2.04255,"tipPosition":[-17.3228,181.81,-5.39026],"tipVelocity":[8.77543,-19.753,-108.439],"tool":false,"touchDistance":-0.519613,"touchZone":"touching","type":0,"width":20.0112},{"bases":[[[0.98856,-0.143551,0.0462767],[0.136675,0.982359,0.127637],[-0.0637827,-0.119852,0.990741]],[[0.990329,-0.138598,0.00626211],[0.136869,0.98337,0.119378],[-0.0227035,-0.117366,0.992829]],[[0.990329,-0.138598,0.00626211],[0.138706,0.990067,-0.022985],[-0.00301424,0.0236313,0.999716]],[[0.990329,-0.138598,0.00626211],[0.138149,0.980955,-0.136536],[0.0127807,0.136081,0.990615]]],"btipPosition":[-17.6231,238.882,-71.0362],"carpPosition":[-23.0804,228.048,83.7482],"dipPosition":[-17.4073,241.18,-54.3106],"direction":[0.00301424,-0.0236313,-0.999716],"extended":true,"handId":398,"id":3981,"length":58.114,"mcpPosition":[-18.4432,236.761,11.7193],"pipPosition":[-17.4793,241.744,-30.432],"stabilizedTipPosition":[-25.309,227.682,-30.4915],"timeVisible":2.04255,"tipPosition":[-17.3516,241.091,-67.0011],"tipVelocity":[3.17247,-28.5846,-104.105],"tool":false,"touchDistance":-0.488819,"touchZone":"touching","type":1,"width":19.1147},{"bases":[[[0.932973,-0.323774,0.157262],[0.300402,0.941078,0.155344],[-0.198292,-0.0976896,0.975262]],[[0.907462,-0.332141,0.257283],[0.417569,0.780588,-0.4651],[-0.046353,0.529494,0.847046]],[[0.907462,-0.332141,0.257283],[0.320906,0.152716,-0.934718],[0.271167,0.930785,0.24517]],[[0.907462,-0.332141,0.257283],[0.14796,-0.320499,-0.935622],[0.393217,0.887109,-0.241697]]],"btipPosition":[-9.95691,166.927,-26.0441],"carpPosition":[-10.9138,228.042,83.9432],"dipPosition":[-2.65471,183.4,-30.5326],"direction":[-0.271167,-0.930785,-0.24517],"extended":false,"handId":398,"id":3982,"length":66.2163,"mcpPosition":[2.75748,234.777,16.7035],"pipPosition":[4.96537,209.557,-23.643],"stabilizedTipPosition":[-9.67209,155.128,4.133],"timeVisible":2.04255,"tipPosition":[-7.41826,171.508,-29.0025],"tipVelocity":[-10.5846,-17.6359,-63.8709],"tool":false,"touchDistance":-0.351532,"touchZone":"touching","type":2,"width":18.7732},{"bases":[[[0.868306,-0.404636,0.286905],[0.359817,0.911947,0.197192],[-0.341434,-0.0679901,0.937444]],[[0.865044,-0.40526,0.295741],[0.49808,0.764371,-0.409454],[-0.0601205,0.501499,0.863067]],[[0.865044,-0.40526,0.295741],[0.38837,0.167756,-0.906105],[0.317595,0.898678,0.302507]],[[0.865044,-0.40526,0.295741],[0.184869,-0.290516,-0.938842],[0.466392,0.866813,-0.176389]]],"btipPosition":[7.26919,166.507,-15.9696],"carpPosition":[0.785112,225.047,85.1906],"dipPosition":[15.8805,182.512,-19.2264],"direction":[-0.317595,-0.898678,-0.302507],"extended":false,"handId":398,"id":3983,"length":63.6687,"mcpPosition":[21.9203,229.256,27.1616],"pipPosition":[24.5748,207.113,-10.9451],"stabilizedTipPosition":[7.92475,155.511,16.8776],"timeVisible":2.04255,"tipPosition":[9.94481,170.933,-18.4819],"tipVelocity":[-0.820687,-16.0361,-77.7971],"tool":false,"touchDistance":-0.395835,"touchZone":"touching","type":3,"width":17.8639},{"bases":[[[0.751485,-0.554866,0.356924],[0.458902,0.828296,0.321457],[-0.474004,-0.0777773,0.877081]],[[0.668197,-0.560204,0.489575],[0.730825,0.617455,-0.290936],[-0.139307,0.552197,0.821993]],[[0.668197,-0.560204,0.489575],[0.603518,0.023338,-0.797008],[0.435061,0.828026,0.353687]],[[0.668197,-0.560204,0.489575],[0.322167,-0.375275,-0.869124],[0.670612,0.738472,-0.0702788]]],"btipPosition":[22.7599,171.852,3.15568],"carpPosition":[10.5629,215.274,87.7749],"dipPosition":[34.1828,184.431,1.95858],"direction":[-0.435061,-0.828026,-0.353687],"extended":false,"handId":398,"id":3984,"length":49.9151,"mcpPosition":[37.7241,219.73,37.517],"pipPosition":[42.5918,200.435,8.7947],"stabilizedTipPosition":[24.6137,160.349,40.0685],"timeVisible":2.04255,"tipPosition":[26.191,175.368,1.40115],"tipVelocity":[0.927659,-11.7823,-96.4485],"tool":false,"touchDistance":-0.446197,"touchZone":"touching","type":4,"width":15.8681}],"r":[[0.955356,-0.295142,0.0136386],[0.293128,0.941034,-0.168908],[0.0370173,0.165365,0.985538]],"s":0.846106,"t":[-8.7891,50.9767,-38.4936],"timestamp":88519153345},false],[5,{"currentFrameRate":55.3295,"devices":[],"gestures":[],"hands":[{"armBasis":[[0.98874,-0.149587,-0.00412078],[0.147745,0.971453,0.185608],[-0.0237614,-0.184126,0.982615]],"armWidth":62.9686,"confidence":0.854834,"direction":[0.244404,0.244633,-0.938308],"elbow":[-12.4077,164.589,352.368],"grabStrength":0,"id":398,"palmNormal":[-0.124019,-0.95182,-0.280459],"palmPosition":[-0.79947,224.101,37.3984],"palmVelocity":[16.1636,-12.7447,-110.686],"palmWidth":89.917,"pinchStrength":0.935822,"r":[[0.955292,-0.295446,0.0113736],[0.293197,0.941658,-0.165273],[0.0381192,0.161219,0.986182]],"s":0.8431,"sphereCenter":[-26.2718,190.806,-0.311783],"sphereRadius":55.4108,"stabilizedPalmPosition":[-9.69801,197.579,95.2948],"t":[-8.50122,50.7443,-40.4975],"timeVisible":2.06057,"type":"right","wrist":[-6.06778,213.717,90.1906]}],"id":1402677,"interactionBox":{"center":[0,200,0],"size":[235.247,235.247,147.751]},"pointables":[{"bases":[[[0.545607,0.824661,0.149157],[-0.813898,0.479013,0.328812],[0.19971,-0.300801,0.932542]],[[0.447923,0.877763,-0.169993],[-0.89407,0.4394,-0.0869781],[-0.00165095,0.190945,0.981599]],[[0.447923,0.877763,-0.169993],[-0.86708,0.380109,-0.322009],[-0.218031,0.291633,0.93135]],[[0.447923,0.877763,-0.169993],[-0.66949,0.203273,-0.714468],[-0.592578,0.433835,0.678704]]],"btipPosition":[-14.1785,178.662,-10.827],"carpPosition":[-35.3111,207.941,84.6715],"dipPosition":[-27.8834,188.695,4.8698],"direction":[0.218031,-0.291633,-0.93135],"extended":false,"handId":398,"id":3980,"length":51.5018,"mcpPosition":[-35.3111,207.941,84.6715],"pipPosition":[-35.2296,198.522,36.2503],"stabilizedTipPosition":[-24.5655,164.056,41.574],"timeVisible":2.06057,"tipPosition":[-17.1296,181.768,-7.65382],"tipVelocity":[9.47756,-12.106,-116.682],"tool":false,"touchDistance":-0.529982,"touchZone":"touching","type":0,"width":20.0112},{"bases":[[[0.989093,-0.141214,0.0418741],[0.134434,0.981669,0.135105],[-0.0601853,-0.128002,0.989946]],[[0.990712,-0.135961,0.00209294],[0.134797,0.984022,0.116317],[-0.017874,-0.114955,0.99321]],[[0.990712,-0.135961,0.00209294],[0.135967,0.990332,-0.0274963],[0.00166571,0.0275255,0.99962]],[[0.990712,-0.135961,0.00209294],[0.134882,0.980671,-0.14174],[0.0172186,0.140706,0.989902]]],"btipPosition":[-17.8613,238.599,-72.9473],"carpPosition":[-22.6652,227.446,81.7811],"dipPosition":[-17.5706,240.975,-56.2337],"direction":[-0.00166571,-0.0275255,-0.99962],"extended":true,"handId":398,"id":3981,"length":58.114,"mcpPosition":[-18.2896,236.752,9.81005],"pipPosition":[-17.5308,241.632,-32.3574],"stabilizedTipPosition":[-25.306,227.687,-30.5066],"timeVisible":2.06057,"tipPosition":[-17.5694,240.905,-68.9093],"tipVelocity":[-4.1444,-22.0162,-105.124],"tool":false,"touchDistance":-0.496978,"touchZone":"touching","type":1,"width":19.1147},{"bases":[[[0.934361,-0.322477,0.151585],[0.298363,0.940614,0.161941],[-0.194805,-0.106084,0.975088]],[[0.909118,-0.33174,0.251897],[0.414049,0.785722,-0.45957],[-0.0454633,0.522101,0.851671]],[[0.909118,-0.33174,0.251897],[0.317366,0.15998,-0.934712],[0.269783,0.929707,0.250723]],[[0.909118,-0.33174,0.251897],[0.145056,-0.314743,-0.938027],[0.390464,0.889317,-0.238018]]],"btipPosition":[-9.73402,167.276,-28.4838],"carpPosition":[-10.4981,227.472,81.9362],"dipPosition":[-2.48294,183.791,-32.9039],"direction":[-0.269783,-0.929707,-0.250723],"extended":false,"handId":398,"id":3982,"length":66.2163,"mcpPosition":[2.93274,234.786,14.7085],"pipPosition":[5.09824,209.917,-25.8583],"stabilizedTipPosition":[-9.67198,155.129,4.13067],"timeVisible":2.06057,"tipPosition":[-7.271,171.826,-31.3226],"tipVelocity":[-0.0114243,0.171973,-97.3842],"tool":false,"touchDistance":-0.381071,"touchZone":"touching","type":2,"width":18.7732},{"bases":[[[0.870342,-0.404557,0.280783],[0.357994,0.91131,0.203358],[-0.33815,-0.0764725,0.93798]],[[0.866103,-0.40547,0.292336],[0.496554,0.765103,-0.40994],[-0.0574484,0.500211,0.863996]],[[0.866103,-0.40547,0.292336],[0.381513,0.158333,-0.910702],[0.322976,0.900292,0.291825]],[[0.866103,-0.40547,0.292336],[0.173349,-0.304898,-0.936476],[0.468845,0.861761,-0.193785]]],"btipPosition":[7.18321,166.59,-17.4998],"carpPosition":[1.21294,224.499,83.121],"dipPosition":[15.8398,182.501,-21.0778],"direction":[-0.322976,-0.900292,-0.291825],"extended":false,"handId":398,"id":3983,"length":63.6687,"mcpPosition":[22.1449,229.233,25.0588],"pipPosition":[24.6814,207.147,-13.089],"stabilizedTipPosition":[7.92481,155.512,16.876],"timeVisible":2.06057,"tipPosition":[9.86134,170.992,-20.1275],"tipVelocity":[-2.42024,-6.82674,-83.1332],"tool":false,"touchDistance":-0.408645,"touchZone":"touching","type":3,"width":17.8639},{"bases":[[[0.75416,-0.555665,0.34997],[0.457715,0.826932,0.326619],[-0.470892,-0.0861358,0.877976]],[[0.669004,-0.562288,0.486073],[0.730739,0.617117,-0.291869],[-0.135849,0.550454,0.823739]],[[0.669004,-0.562288,0.486073],[0.595958,0.0150144,-0.802875],[0.444149,0.826805,0.345144]],[[0.669004,-0.562288,0.486073],[0.307377,-0.386127,-0.869727],[0.676723,0.731258,-0.0854863]]],"btipPosition":[22.6438,171.997,1.28696],"carpPosition":[11.0257,214.731,85.5943],"dipPosition":[34.1708,184.452,-0.169171],"direction":[-0.444149,-0.826805,-0.345144],"extended":false,"handId":398,"id":3984,"length":49.9151,"mcpPosition":[38.0085,219.667,35.2851],"pipPosition":[42.7554,200.433,6.50183],"stabilizedTipPosition":[24.6137,160.35,40.0669],"timeVisible":2.06057,"tipPosition":[26.129,175.456,-0.556164],"tipVelocity":[-1.93784,-3.14865,-101.476],"tool":false,"touchDistance":-0.458835,"touchZone":"touching","type":4,"width":15.8681}],"r":[[0.955292,-0.295446,0.0113736],[0.293197,0.941658,-0.165273],[0.0381192,0.161219,0.986182]],"s":0.8431,"t":[-8.50122,50.7443,-40.4975],"timestamp":88519171357},false],[6,{"currentFrameRate":55.3368,"devices":[],"gestures":[],"hands":[{"armBasis":[[0.988435,-0.151266,-0.0107218],[0.150659,0.971499,0.183007],[-0.0172665,-0.182506,0.983053]],"armWidth":62.9686,"confidence":0.858928,"direction":[0.24302,0.247778,-0.937842],"elbow":[-10.5319,164.444,351.071],"grabStrength":0,"id":398,"palmNormal":[-0.125677,-0.950634,-0.283724],"palmPosition":[-0.73852,223.711,36.0133],"palmVelocity":[10.0949,-16.9484,-94.5812],"palmWidth":89.917,"pinchStrength":0.937103,"r":[[0.95517,-0.29592,0.00900102],[0.293424,0.942194,-0.161778],[0.0393926,0.157167,0.986786]],"s":0.840893,"sphereCenter":[-25.8469,190.739,-1.56777],"sphereRadius":54.8497,"stabilizedPalmPosition":[-9.69737,197.581,95.2905],"t":[-8.32681,50.4333,-42.1919],"timeVisible":2.07861,"type":"right","wrist":[-5.92489,213.14,88.7765]}],"id":1402678,"interactionBox":{"center":[0,200,0],"size":[235.247,235.247,147.751]},"pointables":[{"bases":[[[0.546874,0.823449,0.1512],[-0.812725,0.478786,0.332027],[0.201015,-0.304461,0.931073]],[[0.447465,0.877876,-0.170615],[-0.894299,0.439724,-0.0828981],[0.00224957,0.189675,0.981844]],[[0.447465,0.877876,-0.170615],[-0.867458,0.379669,-0.321509],[-0.217467,0.291865,0.931409]],[[0.447465,0.877876,-0.170615],[-0.667648,0.200992,-0.716832],[-0.594997,0.434668,0.676049]]],"btipPosition":[-14.2079,178.176,-12.1625],"carpPosition":[-35.185,207.419,83.2887],"dipPosition":[-27.9687,188.229,3.47293],"direction":[0.217467,-0.291865,-0.931409],"extended":false,"handId":398,"id":3980,"length":51.5018,"mcpPosition":[-35.185,207.419,83.2887],"pipPosition":[-35.296,198.063,34.8554],"stabilizedTipPosition":[-24.5653,164.057,41.5726],"timeVisible":2.07861,"tipPosition":[-17.1985,181.329,-9.02326],"tipVelocity":[3.86755,-19.0226,-96.7972],"tool":false,"touchDistance":-0.525561,"touchZone":"touching","type":0,"width":20.0112},{"bases":[[[0.988994,-0.142561,0.0395804],[0.135868,0.981004,0.138462],[-0.0585678,-0.13156,0.989577]],[[0.990544,-0.137197,0.0000533185],[0.136319,0.984254,0.112519],[-0.0154898,-0.111448,0.99365]],[[0.990544,-0.137197,0.0000533185],[0.137129,0.990046,-0.0316858],[0.0042944,0.0313935,0.999498]],[[0.990544,-0.137197,0.0000533185],[0.135736,0.979943,-0.145904],[0.0199654,0.144532,0.989299]]],"btipPosition":[-18.0447,238.025,-74.26],"carpPosition":[-22.5207,226.919,80.4472],"dipPosition":[-17.7076,240.466,-57.5566],"direction":[-0.0042944,-0.0313935,-0.999498],"extended":true,"handId":398,"id":3981,"length":58.114,"mcpPosition":[-18.2627,236.484,8.50295],"pipPosition":[-17.605,241.216,-33.6832],"stabilizedTipPosition":[-25.3037,227.69,-30.5192],"timeVisible":2.07861,"tipPosition":[-17.745,240.343,-70.2305],"tipVelocity":[-6.72157,-26.2581,-89.8154],"tool":false,"touchDistance":-0.495339,"touchZone":"touching","type":1,"width":19.1147},{"bases":[[[0.934239,-0.324159,0.148724],[0.299794,0.939653,0.164852],[-0.193187,-0.109425,0.975041]],[[0.909237,-0.333741,0.248806],[0.414043,0.786894,-0.457565],[-0.0430758,0.519051,0.853657]],[[0.909237,-0.333741,0.248806],[0.315204,0.161561,-0.935171],[0.271907,0.928717,0.252094]],[[0.909237,-0.333741,0.248806],[0.141758,-0.313731,-0.93887],[0.391397,0.888926,-0.237945]]],"btipPosition":[-9.89147,167.145,-29.9707],"carpPosition":[-10.3533,226.93,80.5805],"dipPosition":[-2.62307,183.653,-34.3895],"direction":[-0.271907,-0.928717,-0.252094],"extended":false,"handId":398,"id":3982,"length":66.2163,"mcpPosition":[2.96602,234.474,13.356],"pipPosition":[5.01781,209.751,-27.3054],"stabilizedTipPosition":[-9.67193,155.13,4.12952],"timeVisible":2.07861,"tipPosition":[-7.44774,171.667,-32.7625],"tipVelocity":[-4.04242,-3.39412,-90.262],"tool":false,"touchDistance":-0.393597,"touchZone":"touching","type":2,"width":18.7732},{"bases":[[[0.870351,-0.406635,0.277735],[0.359464,0.910125,0.206055],[-0.336562,-0.0795045,0.938299]],[[0.865232,-0.407776,0.291705],[0.49985,0.746875,-0.438553],[-0.0390361,0.525259,0.850047]],[[0.865232,-0.407776,0.291705],[0.357047,0.0926858,-0.929477],[0.351982,0.908366,0.22579]],[[0.865232,-0.407776,0.291705],[0.130161,-0.379175,-0.916124],[0.484181,0.830629,-0.274998]]],"btipPosition":[5.33808,165.465,-14.9841],"carpPosition":[1.35625,223.939,81.7333],"dipPosition":[14.2778,180.802,-20.0615],"direction":[-0.351982,-0.908365,-0.22579],"extended":false,"handId":398,"id":3983,"length":63.6687,"mcpPosition":[22.1899,228.86,23.6514],"pipPosition":[23.9135,205.669,-13.8805],"stabilizedTipPosition":[7.92334,155.549,16.7846],"timeVisible":2.07861,"tipPosition":[8.43221,169.986,-18.5674],"tipVelocity":[-48.0876,-36.6381,13.4198],"tool":false,"touchDistance":-0.363552,"touchZone":"touching","type":3,"width":17.8639},{"bases":[[[0.75411,-0.557856,0.346576],[0.459303,0.825175,0.328826],[-0.469424,-0.0887873,0.878498]],[[0.669,-0.564874,0.48307],[0.730996,0.617634,-0.290125],[-0.134476,0.547216,0.826118]],[[0.669,-0.564874,0.48307],[0.594627,0.0168195,-0.803826],[0.445935,0.825006,0.347141]],[[0.669,-0.564874,0.48307],[0.304747,-0.384325,-0.871449],[0.677915,0.730213,-0.0849699]]],"btipPosition":[22.5927,171.733,-0.314573],"carpPosition":[11.1616,214.151,84.1532],"dipPosition":[34.14,184.171,-1.76191],"direction":[-0.445935,-0.825006,-0.347142],"extended":false,"handId":398,"id":3984,"length":49.9151,"mcpPosition":[38.0602,219.238,33.8141],"pipPosition":[42.7591,200.117,4.94769],"stabilizedTipPosition":[24.6137,160.35,40.0661],"timeVisible":2.07861,"tipPosition":[26.0482,175.167,-2.11355],"tipVelocity":[-2.23955,-8.68423,-95.3816],"tool":false,"touchDistance":-0.465277,"touchZone":"touchin