{"sensorType":"Leap","data":[[0,{"currentFrameRate":55.3456,"devices":[],"gestures":[],"hands":[{"armBasis":[[0.949107,-0.288711,-0.125862],[0.308864,0.931406,0.192577],[0.0616292,-0.22165,0.973177]],"armWidth":62.9686,"confidence":0.647,"direction":[0.167533,0.356246,-0.919251],"elbow":[17.4756,54.5247,332.629],"grabStrength":1,"id":398,"palmNormal":[-0.280307,-0.876733,-0.390854],"palmPosition":[1.65553,131.366,21.8925],"palmVelocity":[22.1205,145.824,-41.1296],"palmWidth":89.917,"pinchStrength":0.839819,"r":[[0.901887,-0.345304,-0.259547],[0.35697,0.934113,-0.0023357],[0.243253,-0.0905441,0.965728]],"s":0.661013,"sphereCenter":[-14.7391,108.291,-7.77657],"sphereRadius":37.7864,"stabilizedPalmPosition":[1.64767,131.323,21.904],"t":[-6.17533,-44.857,-57.2598],"timeVisible":56.8517,"type":"right","wrist":[1.03196,113.664,72.9694]}],"id":1405684,"interactionBox":{"center":[0,200,0],"size":[235.247,235.247,147.751]},"pointables":[{"bases":[[[0.663742,0.723653,0.189137],[-0.700698,0.513129,0.495702],[0.261664,-0.461546,0.847648]],[[0.574997,0.817473,-0.0334266],[-0.742218,0.538382,0.39907],[0.344225,-0.204654,0.916311]],[[0.574997,0.817473,-0.0334266],[-0.778382,0.534004,-0.330092],[-0.251991,0.215821,0.943357]],[[0.574997,0.817473,-0.0334266],[0.0304352,-0.0621997,-0.9976],[-0.81759,0.572599,-0.0606445]]],"btipPosition":[-18.7345,101.787,-5.00131],"carpPosition":[-29.1536,112.207,70.5818],"dipPosition":[-37.6434,115.03,-6.40387],"direction":[0.251991,-0.215821,-0.943357],"extended":false,"handId":398,"id":3980,"length":51.5018,"mcpPosition":[-29.1536,112.207,70.5818],"pipPosition":[-46.1339,122.302,25.3811],"stabilizedTipPosition":[-27.1584,100.569,-4.42138],"timeVisible":56.8517,"tipPosition":[-25.0118,105.862,-5.25204],"tipVelocity":[79.1415,74.1861,-19.4589],"tool":false,"touchDistance":0.109051,"touchZone":"hovering","type":0,"width":20.0112},{"bases":[[[0.959889,-0.258751,-0.107988],[0.278163,0.927177,0.250933],[0.0351946,-0.270906,0.961962]],[[0.957981,-0.248755,-0.142807],[0.231336,0.96441,-0.128052],[0.169578,0.0896351,0.981432]],[[0.957981,-0.248755,-0.142807],[-0.133414,0.054308,-0.989571],[0.253917,0.967043,0.0188384]],[[0.957981,-0.248755,-0.142807],[-0.28561,-0.781342,-0.554916],[0.026457,0.572386,-0.819557]]],"btipPosition":[-30.7024,113.466,-29.428],"carpPosition":[-14.4325,130.339,68.7885],"dipPosition":[-30.2557,123.131,-43.2655],"direction":[-0.253917,-0.967043,-0.0188384],"extended":false,"handId":398,"id":3981,"length":58.114,"mcpPosition":[-16.9912,150.034,-1.14806],"pipPosition":[-24.1908,146.229,-42.8155],"stabilizedTipPosition":[-32.5718,104.081,-22.1415],"timeVisible":56.8517,"tipPosition":[-30.6079,114.013,-29.7558],"tipVelocity":[52.1807,162.265,-134.488],"tool":false,"touchDistance":0.333333,"touchZone":"none","type":1,"width":19.1147},{"bases":[[[0.89424,-0.447217,-0.0182153],[0.437145,0.863912,0.250122],[-0.0961226,-0.231632,0.968043]],[[0.895093,-0.445049,-0.0271963],[0.135192,0.329013,-0.934598],[0.42489,0.832876,0.354665]],[[0.895093,-0.445049,-0.0271963],[-0.410699,-0.799187,-0.438893],[0.173594,0.40402,-0.898128]],[[0.895093,-0.445049,-0.0271963],[-0.434985,-0.884998,0.166034],[-0.0979618,-0.136786,-0.985745]]],"btipPosition":[-19.1008,96.4269,27.2595],"carpPosition":[-2.43069,128.942,67.3508],"dipPosition":[-20.92,93.8867,8.95381],"direction":[-0.173594,-0.40402,0.898128],"extended":false,"handId":398,"id":3982,"length":66.2163,"mcpPosition":[4.19651,144.912,0.608851],"pipPosition":[-16.0418,105.24,-16.2845],"stabilizedTipPosition":[-20.5312,92.989,22.9933],"timeVisible":56.8517,"tipPosition":[-19.4665,96.1549,22.8995],"tipVelocity":[47.9743,128.014,0.794144],"tool":false,"touchDistance":0.333333,"touchZone":"none","type":2,"width":18.7732},{"bases":[[[0.834833,-0.540274,0.105636],[0.49663,0.821928,0.278913],[-0.237514,-0.180384,0.954489]],[[0.835335,-0.539889,0.103608],[0.283632,0.261811,-0.922501],[0.470923,0.799984,0.37183]],[[0.835335,-0.539889,0.103608],[-0.442567,-0.772233,-0.45584],[0.326113,0.334926,-0.884011]],[[0.835335,-0.539889,0.103608],[-0.549648,-0.823685,0.13939],[0.0100852,-0.173386,-0.984802]]],"btipPosition":[-6.36454,94.3726,33.4502],"carpPosition":[8.83917,124.495,66.5685],"dipPosition":[-6.17833,91.1713,15.2672],"direction":[-0.326113,-0.334926,0.884011],"extended":false,"handId":398,"id":3983,"length":63.6687,"mcpPosition":[23.5416,135.661,7.4844],"pipPosition":[2.74912,100.34,-8.9329],"stabilizedTipPosition":[-7.28985,90.4341,29.1257],"timeVisible":56.8517,"tipPosition":[-6.21858,93.8298,29.395],"tipVelocity":[48.8518,145.157,3.89274],"tool":false,"touchDistance":0.333333,"touchZone":"none","type":3,"width":17.8639},{"bases":[[[0.708122,-0.68585,0.167851],[0.597483,0.708703,0.375172],[-0.376268,-0.165379,0.911632]],[[0.705232,-0.687091,0.174798],[0.439128,0.229761,-0.868548],[0.55661,0.689286,0.463756]],[[0.705232,-0.687091,0.174798],[-0.512493,-0.664412,-0.543973],[0.489897,0.294045,-0.820694]],[[0.705232,-0.687091,0.174798],[-0.701335,-0.712196,0.030094],[0.103813,-0.143815,-0.984144]]],"btipPosition":[8.35555,95.5589,30.5426],"carpPosition":[17.4811,113.401,66.359],"dipPosition":[10.1238,93.1092,13.7791],"direction":[-0.489897,-0.294045,0.820694],"extended":false,"handId":398,"id":3984,"length":49.9151,"mcpPosition":[39.0418,122.878,14.1213],"pipPosition":[19.5926,98.7925,-2.08338],"stabilizedTipPosition":[7.81711,91.6356,26.5084],"timeVisible":56.8517,"tipPosition":[8.44873,94.3821,25.7797],"tipVelocity":[49.0113,154.621,4.959],"tool":false,"touchDistance":0.333333,"touchZone":"none","type":4,"width":15.8681}],"r":[[0.901887,-0.345304,-0.259547],[0.35697,0.934113,-0.0023357],[0.243253,-0.0905441,0.965728]],"s":0.661013,"t":[-6.17533,-44.857,-57.2598],"timestamp":88573962532},false],[1,{"currentFrameRate":55.3232,"devices":[],"gestures":[],"hands":[{"armBasis":[[0.955583,-0.269779,-0.11866],[0.289095,0.936307,0.199381],[0.0573139,-0.224829,0.972711]],"armWidth":62.9686,"confidence":0.66778,"direction":[0.162865,0.340076,-0.926187],"elbow":[17.2189,57.6728,331.856],"grabStrength":1,"id":398,"palmNormal":[-0.263996,-0.889474,-0.373018],"palmPosition":[2.32938,134.311,20.8895],"palmVelocity":[29.2701,153.625,-47.8616],"palmWidth":89.917,"pinchStrength":0.84162,"r":[[0.906293,-0.340684,-0.250136],[0.346417,0.937819,-0.0221663],[0.242134,-0.0665624,0.967957]],"s":0.680209,"sphereCenter":[-14.2792,111.354,-8.44468],"sphereRadius":38.1986,"stabilizedPalmPosition":[2.31586,134.251,20.9096],"t":[-5.62991,-42.0677,-58.135],"timeVisible":56.8699,"type":"right","wrist":[1.92667,117.661,72.3212]}],"id":1405685,"interactionBox":{"center":[0,200,0],"size":[235.247,235.247,147.751]},"pointables":[{"bases":[[[0.650454,0.739093,0.175075],[-0.710595,0.510738,0.483944],[0.268263,-0.439191,0.857407]],[[0.560948,0.826428,-0.0485217],[-0.754768,0.534626,0.380132],[0.340092,-0.176611,0.923659]],[[0.560948,0.826428,-0.0485217],[-0.784875,0.512274,-0.348636],[-0.263266,0.23365,0.936001]],[[0.560948,0.826428,-0.0485217],[0.0347716,-0.0820804,-0.996019],[-0.827121,0.557027,-0.074779]]],"btipPosition":[-17.0006,103.574,-5.45062],"carpPosition":[-28.2239,115.618,69.9202],"dipPosition":[-36.1299,116.457,-7.18008],"direction":[0.263266,-0.23365,-0.936001],"extended":false,"handId":398,"id":3980,"length":51.5018,"mcpPosition":[-28.2239,115.618,69.9202],"pipPosition":[-45.0003,124.33,24.3571],"stabilizedTipPosition":[-25.6545,102.128,-4.7941],"timeVisible":56.8699,"tipPosition":[-23.3057,107.51,-5.7853],"tipVelocity":[85.6158,83.5724,-23.9557],"tool":false,"touchDistance":0.104322,"touchZone":"hovering","type":0,"width":20.0112},{"bases":[[[0.964523,-0.243828,-0.101205],[0.261214,0.936967,0.232079],[0.0382382,-0.250281,0.967418]],[[0.96275,-0.235488,-0.132883],[0.226997,0.970925,-0.0760009],[0.146917,0.0430058,0.988214]],[[0.96275,-0.235488,-0.132883],[-0.110019,0.107763,-0.98807],[0.246998,0.965884,0.0778411]],[[0.96275,-0.235488,-0.132883],[-0.267933,-0.764704,-0.586037],[0.0363885,0.599811,-0.799314]]],"btipPosition":[-29.355,117.14,-32.8789],"carpPosition":[-13.8235,133.968,67.7732],"dipPosition":[-28.7406,127.267,-46.3746],"direction":[-0.246998,-0.965884,-0.0778411],"extended":false,"handId":398,"id":3981,"length":58.114,"mcpPosition":[-16.6035,152.164,-2.55999],"pipPosition":[-22.8409,150.338,-44.5154],"stabilizedTipPosition":[-31.9664,106.855,-24.6369],"timeVisible":56.8699,"tipPosition":[-29.2541,117.651,-33.0594],"tipVelocity":[63.7004,184.176,-158.932],"tool":false,"touchDistance":0.277846,"touchZone":"hovering","type":1,"width":19.1147},{"bases":[[[0.902064,-0.431534,-0.00764366],[0.421293,0.876534,0.232811],[-0.0937659,-0.21323,0.972492]],[[0.902909,-0.429503,-0.0168178],[0.13082,0.311862,-0.941078],[0.409441,0.847508,0.33777]],[[0.902909,-0.429503,-0.0168178],[-0.395635,-0.815143,-0.423101],[0.168014,0.388675,-0.905927]],[[0.902909,-0.429503,-0.0168178],[-0.419515,-0.889082,0.18314],[-0.0936116,-0.158303,-0.982943]]],"btipPosition":[-17.8169,99.1049,26.956],"carpPosition":[-1.79617,132.755,66.3823],"dipPosition":[-19.5553,96.1651,8.70238],"direction":[-0.168014,-0.388675,0.905927],"extended":false,"handId":398,"id":3982,"length":66.2163,"mcpPosition":[4.66854,147.456,-0.666452],"pipPosition":[-14.834,107.087,-16.7551],"stabilizedTipPosition":[-19.403,95.6405,22.8785],"timeVisible":56.8699,"tipPosition":[-18.1691,98.7398,22.6021],"tipVelocity":[59.3061,134.899,-7.23815],"tool":false,"touchDistance":0.333333,"touchZone":"none","type":2,"width":18.7732},{"bases":[[[0.844091,-0.52305,0.118022],[0.481461,0.836218,0.262552],[-0.23602,-0.164795,0.957673]],[[0.844612,-0.522684,0.115899],[0.280703,0.247995,-0.927202],[0.455891,0.81566,0.356178]],[[0.844612,-0.522684,0.115899],[-0.427687,-0.788938,-0.441204],[0.322048,0.323078,-0.889891]],[[0.844612,-0.522684,0.115899],[-0.535157,-0.830481,0.154623],[0.0154334,-0.19262,-0.981152]]],"btipPosition":[-5.06782,97.3936,33.1779],"carpPosition":[9.55219,128.494,65.7086],"dipPosition":[-4.78287,93.8372,15.0623],"direction":[-0.322048,-0.323078,0.889891],"extended":false,"handId":398,"id":3983,"length":63.6687,"mcpPosition":[24.1621,138.695,6.42743],"pipPosition":[4.03329,102.682,-9.2988],"stabilizedTipPosition":[-6.10381,93.6183,29.0664],"timeVisible":56.8699,"tipPosition":[-4.90111,96.7796,29.1392],"tipVelocity":[60.2109,153.146,-4.7058],"tool":false,"touchDistance":0.333333,"touchZone":"none","type":3,"width":17.8639},{"bases":[[[0.719869,-0.669537,0.183054],[0.584131,0.726819,0.361282],[-0.374939,-0.153148,0.914312]],[[0.716947,-0.670702,0.19012],[0.436672,0.219476,-0.872438],[0.543419,0.708512,0.450229]],[[0.716947,-0.670702,0.19012],[-0.499621,-0.684542,-0.530831],[0.486175,0.28559,-0.825877]],[[0.716947,-0.670702,0.19012],[-0.688682,-0.723736,0.0438586],[0.108181,-0.162377,-0.980781]]],"btipPosition":[9.64669,98.8178,30.2871],"carpPosition":[18.39,117.553,65.7416],"dipPosition":[11.4894,96.052,13.581],"direction":[-0.486175,-0.28559,0.825877],"extended":false,"handId":398,"id":3984,"length":49.9151,"mcpPosition":[39.8745,126.329,13.3503],"pipPosition":[20.8862,101.572,-2.38172],"stabilizedTipPosition":[9.02582,95.1469,26.4743],"timeVisible":56.8699,"tipPosition":[9.77254,97.5485,25.5584],"tipVelocity":[60.0011,164.583,-3.76603],"tool":false,"touchDistance":0.333333,"touchZone":"none","type":4,"width":15.8681}],"r":[[0.906293,-0.340684,-0.250136],[0.346417,0.937819,-0.0221663],[0.242134,-0.0665624,0.967957]],"s":0.680209,"t":[-5.62991,-42.0677,-58.135],"timestamp":88573980685},false],[2,{"currentFrameRate":55.2932,"devices":[],"gestures":[],"hands":[{"armBasis":[[0.961129,-0.253139,-0.110234],[0.271093,0.94091,0.202968],[0.0523412,-0.224963,0.972961]],"armWidth":62.9686,"confidence":0.680794,"direction":[0.156681,0.327358,-0.931819],"elbow":[16.974,61.3256,331.73],"grabStrength":1,"id":398,"palmNormal":[-0.249075,-0.89988,-0.358018],"palmPosition":[3.10687,137.147,20.4279],"palmVelocity":[35.7017,154.74,-37.1294],"palmWidth":89.917,"pinchStrength":0.842505,"r":[[0.910868,-0.334532,-0.241678],[0.334791,0.941388,-0.0412701],[0.241319,-0.0433199,0.969479]],"s":0.699996,"sphereCenter":[-13.7346,114.372,-8.62368],"sphereRadius":38.597,"stabilizedPalmPosition":[3.09204,137.093,20.4369],"t":[-4.96845,-39.2547,-58.8034],"timeVisible":56.8881,"type":"right","wrist":[3.00854,121.349,72.129]}],"id":1405686,"interactionBox":{"center":[0,200,0],"size":[235.247,235.247,147.751]},"pointables":[{"bases":[[[0.637935,0.75279,0.162319],[-0.71892,0.506614,0.475916],[0.276032,-0.420297,0.864382]],[[0.54745,0.834581,-0.0614351],[-0.765131,0.528922,0.367174],[0.338931,-0.154003,0.928121]],[[0.54745,0.834581,-0.0614351],[-0.791845,0.49287,-0.360639],[-0.270703,0.246079,0.93068]],[[0.54745,0.834581,-0.0614351],[0.0363624,-0.0970675,-0.994613],[-0.836048,0.542267,-0.0834869]]],"btipPosition":[-15.3666,105.521,-5.42621],"carpPosition":[-27.1042,118.757,69.7841],"dipPosition":[-34.7024,118.063,-7.35707],"direction":[0.270703,-0.246079,-0.93068],"extended":false,"handId":398,"id":3980,"length":51.5018,"mcpPosition":[-27.1042,118.757,69.7841],"pipPosition":[-43.8233,126.354,24.0008],"stabilizedTipPosition":[-23.9817,103.926,-5.10232],"timeVisible":56.8881,"tipPosition":[-21.6838,109.305,-5.80765],"tipVelocity":[86.3838,92.7095,-13.0965],"tool":false,"touchDistance":0.10993,"touchZone":"hovering","type":0,"width":20.0112},{"bases":[[[0.968466,-0.229132,-0.097841],[0.245427,0.944973,0.216312],[0.042893,-0.233504,0.971409]],[[0.966801,-0.222218,-0.126156],[0.220293,0.974997,-0.0291948],[0.12949,0.000434288,0.991581]],[[0.966801,-0.222218,-0.126156],[-0.0913655,0.160451,-0.982806],[0.238639,0.961704,0.134821]],[[0.966801,-0.222218,-0.126156],[-0.251737,-0.743509,-0.619535],[0.0438735,0.630725,-0.774765]]],"btipPosition":[-28.074,120.648,-35.5382],"carpPosition":[-13.0172,137.31,67.3225],"dipPosition":[-27.3332,131.297,-48.6194],"direction":[-0.238639,-0.961704,-0.134821],"extended":false,"handId":398,"id":3981,"length":58.114,"mcpPosition":[-16.1356,154.286,-3.30089],"pipPosition":[-21.6332,154.268,-45.3992],"stabilizedTipPosition":[-31.1422,110.15,-27.4587],"timeVisible":56.8881,"tipPosition":[-27.9617,121.232,-35.6677],"tipVelocity":[67.6738,191.464,-150.355],"tool":false,"touchDistance":0.238698,"touchZone":"hovering","type":1,"width":19.1147},{"bases":[[[0.909232,-0.416288,-0.00113331],[0.406507,0.887276,0.217932],[-0.0897168,-0.198611,0.975963]],[[0.910051,-0.414362,-0.0105027],[0.125027,0.298575,-0.946161],[0.395189,0.859742,0.323525]],[[0.910051,-0.414362,-0.0105027],[-0.381894,-0.828354,-0.409861],[0.161131,0.377005,-0.912088]],[[0.910051,-0.414362,-0.0105027],[-0.404349,-0.893062,0.197338],[-0.091149,-0.175341,-0.980279]]],"btipPosition":[-16.4451,101.681,27.0798],"carpPosition":[-0.971731,136.277,65.9432],"dipPosition":[-18.1378,98.425,8.87563],"direction":[-0.161131,-0.377005,0.912088],"extended":false,"handId":398,"id":3982,"length":66.2163,"mcpPosition":[5.21381,149.971,-1.34484],"pipPosition":[-13.6098,109.019,-16.755],"stabilizedTipPosition":[-18.0953,98.3347,22.8858],"timeVisible":56.8881,"tipPosition":[-16.7909,101.244,22.7411],"tipVelocity":[67.2734,136.208,-0.236462],"tool":false,"touchDistance":0.333333,"touchZone":"none","type":2,"width":18.7732},{"bases":[[[0.852871,-0.506672,0.126075],[0.467362,0.848483,0.248294],[-0.232776,-0.15284,0.960445]],[[0.853408,-0.506317,0.123848],[0.276702,0.238699,-0.930838],[0.441736,0.828653,0.343807]],[[0.853408,-0.506317,0.123848],[-0.413638,-0.802415,-0.430156],[0.317173,0.31587,-0.894219]],[[0.853408,-0.506317,0.123848],[-0.52088,-0.837268,0.166332],[0.0194775,-0.20646,-0.978261]]],"btipPosition":[-3.69025,100.237,33.2412],"carpPosition":[10.4468,132.199,65.3322],"dipPosition":[-3.33063,96.4253,15.1789],"direction":[-0.317173,-0.31587,0.894219],"extended":false,"handId":398,"id":3983,"length":63.6687,"mcpPosition":[24.8559,141.66,5.87936],"pipPosition":[5.35209,105.072,-9.30063],"stabilizedTipPosition":[-4.73389,96.7696,29.0776],"timeVisible":56.8881,"tipPosition":[-3.50436,99.5867,29.2402],"tipVelocity":[68.072,153.129,-0.477166],"tool":false,"touchDistance":0.333333,"touchZone":"none","type":3,"width":17.8639},{"bases":[[[0.731173,-0.654139,0.193618],[0.571911,0.742489,0.348752],[-0.371892,-0.144266,0.916997]],[[0.728235,-0.65525,0.200802],[0.432613,0.212278,-0.876233],[0.531526,0.724973,0.438058]],[[0.728235,-0.65525,0.200802],[-0.488191,-0.701625,-0.51903],[0.480982,0.279946,-0.830835]],[[0.728235,-0.65525,0.200802],[-0.676358,-0.734411,0.0563968],[0.110517,-0.176884,-0.978007]]],"btipPosition":[11.0266,101.947,30.4058],"carpPosition":[19.4684,121.411,65.5403],"dipPosition":[12.9091,98.9345,13.7469],"direction":[-0.480982,-0.279946,0.830835],"extended":false,"handId":398,"id":3984,"length":49.9151,"mcpPosition":[40.7783,129.678,12.9951],"pipPosition":[22.2056,104.345,-2.31161],"stabilizedTipPosition":[10.4229,98.6529,26.5317],"timeVisible":56.8881,"tipPosition":[11.1748,100.606,25.707],"tipVelocity":[67.8144,166.662,1.43123],"tool":false,"touchDistance":0.333333,"touchZone":"none","type":4,"width":15.8681}],"r":[[0.910868,-0.334532,-0.241678],[0.334791,0.941388,-0.0412701],[0.241319,-0.0433199,0.969479]],"s":0.699996,"t":[-4.96845,-39.2547,-58.8034],"timestamp":88573998874},false],[3,{"currentFrameRate":55.2867,"devices":[],"gestures":[],"hands":[{"armBasis":[[0.966477,-0.237013,-0.0987326],[0.252585,0.946698,0.199911],[0.0460884,-0.218148,0.974827]],"armWidth":62.9686,"confidence":0.696613,"direction":[0.151499,0.320253,-0.935139],"elbow":[16.2626,66.3306,332.255],"grabStrength":1,"id":398,"palmNormal":[-0.231963,-0.908122,-0.34858],"palmPosition":[3.82171,139.781,20.2887],"palmVelocity":[37.4958,150.3,-23.1186],"palmWidth":89.917,"pinchStrength":0.843553,"r":[[0.91572,-0.326543,-0.23415],[0.321981,0.944932,-0.0585813],[0.240385,-0.0217477,0.970434]],"s":0.718433,"sphereCenter":[-13.0106,117.116,-8.60723],"sphereRadius":38.8995,"stabilizedPalmPosition":[3.81117,139.742,20.2909],"t":[-4.28031,-36.5315,-59.2072],"timeVisible":56.9062,"type":"right","wrist":[3.96549,124.536,72.1556]}],"id":1405687,"interactionBox":{"center":[0,200,0],"size":[235.247,235.247,147.751]},"pointables":[{"bases":[[[0.623681,0.766203,0.154772],[-0.728678,0.498216,0.469904],[0.282932,-0.40585,0.869043]],[[0.53245,0.843659,-0.0688222],[-0.776498,0.519191,0.35706],[0.336969,-0.136676,0.931543]],[[0.53245,0.843659,-0.0688222],[-0.79878,0.47389,-0.370646],[-0.280085,0.252324,0.926221]],[[0.53245,0.843659,-0.0688222],[0.038812,-0.105553,-0.993656],[-0.845571,0.526401,-0.0889459]]],"btipPosition":[-13.7208,107.426,-5.28797],"carpPosition":[-26.0916,121.36,69.8146],"dipPosition":[-33.2768,119.6,-7.34508],"direction":[0.280085,-0.252324,-0.926221],"extended":false,"handId":398,"id":3980,"length":51.5018,"mcpPosition":[-26.0916,121.36,69.8146],"pipPosition":[-42.7139,128.102,23.8626],"stabilizedTipPosition":[-22.1888,105.886,-5.30728],"timeVisible":56.9062,"tipPosition":[-20.0593,111.057,-5.69544],"tipVelocity":[87.1911,96.4178,-3.99547],"tool":false,"touchDistance":0.118383,"touchZone":"hovering","type":0,"width":20.0112},{"bases":[[[0.972651,-0.212127,-0.0946178],[0.227619,0.951625,0.206398],[0.0462582,-0.22229,0.973883]],[[0.971115,-0.206261,-0.119967],[0.208605,0.977974,0.00717922],[0.115844,-0.0319976,0.992752]],[[0.971115,-0.206261,-0.119967],[-0.0779936,0.200768,-0.976529],[0.225506,0.957679,0.178882]],[[0.971115,-0.206261,-0.119967],[-0.23413,-0.726687,-0.64584],[0.0460333,0.655273,-0.753988]]],"btipPosition":[-26.794,123.725,-37.3274],"carpPosition":[-12.3492,140.144,67.1661],"dipPosition":[-26.0168,134.789,-50.0578],"direction":[-0.225506,-0.957679,-0.178882],"extended":false,"handId":398,"id":3981,"length":58.114,"mcpPosition":[-15.7122,156.305,-3.6371],"pipPosition":[-20.6305,157.663,-45.7851],"stabilizedTipPosition":[-30.0791,113.935,-30.4638],"timeVisible":56.9062,"tipPosition":[-26.6876,124.404,-37.5212],"tipVelocity":[69.3238,183.718,-123.701],"tool":false,"touchDistance":0.216687,"touchZone":"hovering","type":1,"width":19.1147},{"bases":[[[0.916808,-0.399308,0.00403711],[0.389741,0.896951,0.208761],[-0.0869812,-0.189821,0.977958]],[[0.91762,-0.39742,-0.00559474],[0.120384,0.291321,-0.94902],[0.378789,0.870166,0.315165]],[[0.91762,-0.39742,-0.00559474],[-0.365888,-0.83915,-0.402434],[0.15524,0.371329,-0.915432]],[[0.91762,-0.39742,-0.00559474],[-0.387911,-0.898554,0.205246],[-0.086596,-0.186168,-0.978694]]],"btipPosition":[-15.085,103.983,27.2693],"carpPosition":[-0.285208,139.321,65.8075],"dipPosition":[-16.6932,100.525,9.09456],"direction":[-0.15524,-0.371329,0.915432],"extended":false,"handId":398,"id":3982,"length":66.2163,"mcpPosition":[5.71174,152.408,-1.6181],"pipPosition":[-12.3307,110.96,-16.63],"stabilizedTipPosition":[-16.7141,100.873,22.9921],"timeVisible":56.9062,"tipPosition":[-15.4148,103.505,22.9528],"tipVelocity":[71.5088,130.648,5.03282],"tool":false,"touchDistance":0.333333,"touchZone":"none","type":2,"width":18.7732},{"bases":[[[0.862009,-0.489362,0.132159],[0.451275,0.859622,0.239585],[-0.23085,-0.146884,0.961838]],[[0.862528,-0.489029,0.129987],[0.273281,0.233993,-0.933041],[0.425868,0.840296,0.335467]],[[0.862528,-0.489029,0.129987],[-0.398011,-0.814298,-0.4225],[0.312463,0.312682,-0.896993]],[[0.862528,-0.489029,0.129987],[-0.505405,-0.845145,0.174058],[0.0247381,-0.215826,-0.976118]]],"btipPosition":[-2.31612,102.865,33.4765],"carpPosition":[11.2077,135.449,65.2491],"dipPosition":[-1.85936,98.8798,15.4538],"direction":[-0.312463,-0.312682,0.896993],"extended":false,"handId":398,"id":3983,"length":63.6687,"mcpPosition":[25.4976,144.541,5.71009],"pipPosition":[6.69441,107.44,-9.1017],"stabilizedTipPosition":[-3.29539,99.7224,29.2223],"timeVisible":56.9062,"tipPosition":[-2.10978,102.181,29.4838],"tipVelocity":[72.3728,148.254,6.17174],"tool":false,"touchDistance":0.333333,"touchZone":"none","type":3,"width":17.8639},{"bases":[[[0.743004,-0.638336,0.201178],[0.557675,0.756667,0.341253],[-0.370058,-0.14136,0.918191]],[[0.740041,-0.639438,0.208464],[0.429564,0.210887,-0.878067],[0.517507,0.739354,0.430745]],[[0.740041,-0.639438,0.208464],[-0.474548,-0.716088,-0.511882],[0.476596,0.279887,-0.833379]],[[0.740041,-0.639438,0.208464],[-0.662693,-0.746174,0.0637416],[0.114792,-0.185319,-0.975951]]],"btipPosition":[12.3829,104.846,30.6465],"carpPosition":[20.4279,124.833,65.5797],"dipPosition":[14.3382,101.689,14.0226],"direction":[-0.476596,-0.279887,0.833379],"extended":false,"handId":398,"id":3984,"length":49.9151,"mcpPosition":[41.6328,132.933,12.9661],"pipPosition":[23.5499,107.099,-2.08509],"stabilizedTipPosition":[11.8731,101.943,26.707],"timeVisible":56.9062,"tipPosition":[12.5634,103.461,25.9704],"tipVelocity":[71.6211,162.637,7.28498],"tool":false,"touchDistance":0.333333,"touchZone":"none","type":4,"width":15.8681}],"r":[[0.91572,-0.326543,-0.23415],[0.321981,0.944932,-0.0585813],[0.240385,-0.0217477,0.970434]],"s":0.718433,"t":[-4.28031,-36.5315,-59.2072],"timestamp":88574016984},false],[4,{"currentFrameRate":55.2454,"devices":[],"gestures":[],"hands":[{"armBasis":[[0.970755,-0.222067,-0.0912233],[0.236333,0.950769,0.200464],[0.0422159,-0.216161,0.975445]],"armWidth":62.9686,"confidence":0.707647,"direction":[0.149037,0.317613,-0.936435],"elbow":[15.9331,69.9445,332.142],"grabStrength":1,"id":398,"palmNormal":[-0.216487,-0.913557,-0.344308],"palmPosition":[4.43005,142.582,19.9291],"palmVelocity":[35.5102,151.853,-21.4887],"palmWidth":89.917,"pinchStrength":0.845068,"r":[[0.920654,-0.317316,-0.227389],[0.308736,0.948316,-0.0733387],[0.238908,-0.0026837,0.971038]],"s":0.735774,"sphereCenter":[-12.3834,120.232,-8.9613],"sphereRadius":39.2058,"stabilizedPalmPosition":[4.42356,142.552,19.9329],"t":[-3.63206,-33.7692,-59.5889],"timeVisible":56.9244,"type":"right","wrist":[4.66919,127.62,71.8778]}],"id":1405688,"interactionBox":{"center":[0,200,0],"size":[235.247,235.247,147.751]},"pointables":[{"bases":[[[0.610964,0.776861,0.152349],[-0.737847,0.489053,0.465198],[0.286888,-0.396629,0.871998]],[[0.519859,0.851342,-0.0704535],[-0.78678,0.509293,0.348709],[0.332752,-0.125848,0.934579]],[[0.519859,0.851342,-0.0704535],[-0.803231,0.459068,-0.379575],[-0.290805,0.253916,0.922474]],[[0.519859,0.851342,-0.0704535],[0.0427999,-0.108328,-0.993193],[-0.853179,0.513305,-0.0927524]]],"btipPosition":[-12.2108,109.733,-5.56691],"carpPosition":[-25.3267,123.952,69.4712],"dipPosition":[-31.9428,121.605,-7.71205],"direction":[0.290805,-0.253916,-0.922474],"extended":false,"handId":398,"id":3980,"length":51.5018,"mcpPosition":[-25.3267,123.952,69.4712],"pipPosition":[-41.741,130.16,23.3694],"stabilizedTipPosition":[-20.3349,108.128,-5.56391],"timeVisible":56.9244,"tipPosition":[-18.5634,113.224,-5.99156],"tipVelocity":[84.0143,108.977,-9.92863],"tool":false,"touchDistance":0.121587,"touchZone":"hovering","type":0,"width":20.0112},{"bases":[[[0.976169,-0.197106,-0.0907916],[0.211855,0.956223,0.201881],[0.047025,-0.216304,0.975193]],[[0.97487,-0.192208,-0.112627],[0.198596,0.978884,0.0484348],[0.10094,-0.069585,0.992456]],[[0.97487,-0.192208,-0.112627],[-0.0632281,0.246052,-0.967192],[0.213615,0.950008,0.227715]],[[0.97487,-0.192208,-0.112627],[-0.21696,-0.704379,-0.675854],[0.0505724,0.683305,-0.72838]]],"btipPosition":[-25.538,127.39,-39.4158],"carpPosition":[-11.8776,142.938,66.7592],"dipPosition":[-24.6841,138.927,-51.7139],"direction":[-0.213615,-0.950008,-0.227715],"extended":false,"handId":398,"id":3981,"length":58.114,"mcpPosition":[-15.2964,158.664,-4.13932],"pipPosition":[-19.5819,161.619,-46.2748],"stabilizedTipPosition":[-28.7554,118.436,-33.7554],"timeVisible":56.9244,"tipPosition":[-25.4405,128.123,-39.6057],"tipVelocity":[69.5559,194.794,-116.68],"tool":false,"touchDistance":0.19414,"touchZone":"hovering","type":1,"width":19.1147},{"bases":[[[0.923033,-0.384623,0.00871875],[0.374819,0.904152,0.204986],[-0.0867254,-0.185941,0.978726]],[[0.923876,-0.382689,-0.00135622],[0.118444,0.289311,-0.949879],[0.3639,0.87741,0.312615]],[[0.923876,-0.382689,-0.00135622],[-0.351091,-0.846174,-0.400904],[0.152274,0.370862,-0.916119]],[[0.923876,-0.382689,-0.00135622],[-0.374149,-0.903992,0.206907],[-0.0804069,-0.190649,-0.97836]]],"btipPosition":[-13.9381,106.446,26.9817],"carpPosition":[0.201736,142.3,65.4382],"dipPosition":[-15.4313,102.906,8.81314],"direction":[-0.152274,-0.370862,0.916119],"extended":false,"handId":398,"id":3982,"length":66.2163,"mcpPosition":[6.18104,155.12,-2.04031],"pipPosition":[-11.1523,113.327,-16.9308],"stabilizedTipPosition":[-15.4034,103.437,22.8902],"timeVisible":56.9244,"tipPosition":[-14.2431,105.962,22.6981],"tipVelocity":[68.0676,132.245,-4.87826],"tool":false,"touchDistance":0.333333,"touchZone":"none","type":2,"width":18.7732},{"bases":[[[0.86931,-0.474851,0.137174],[0.436852,0.867974,0.23618],[-0.231214,-0.145389,0.961978]],[[0.869821,-0.474527,0.135037],[0.272163,0.233216,-0.933562],[0.411507,0.848784,0.332005]],[[0.869821,-0.474527,0.135037],[-0.383763,-0.822762,-0.419272],[0.310059,0.312869,-0.897762]],[[0.869821,-0.474527,0.135037],[-0.492387,-0.852184,0.177024],[0.031074,-0.22047,-0.974899]]],"btipPosition":[-1.16209,105.639,33.3025],"carpPosition":[11.7564,138.609,64.9324],"dipPosition":[-0.588352,101.568,15.3023],"direction":[-0.310059,-0.312869,0.897762],"extended":false,"handId":398,"id":3983,"length":63.6687,"mcpPosition":[26.0688,147.609,5.38473],"pipPosition":[7.89962,110.133,-9.27417],"stabilizedTipPosition":[-1.95273,102.674,29.1868],"timeVisible":56.9244,"tipPosition":[-0.932344,104.936,29.3108],"tipVelocity":[68.7171,149.547,-1.20551],"tool":false,"touchDistance":0.333333,"touchZone":"none","type":3,"width":17.8639},{"bases":[[[0.752497,-0.62533,0.206668],[0.544589,0.767273,0.338695],[-0.370367,-0.142318,0.917918]],[[0.749493,-0.626454,0.214044],[0.428741,0.212968,-0.877967],[0.504421,0.7498,0.428205]],[[0.749493,-0.626454,0.214044],[-0.461622,-0.726303,-0.509302],[0.474516,0.282911,-0.833545]],[[0.749493,-0.626454,0.214044],[-0.650946,-0.756251,0.0659824],[0.120536,-0.188785,-0.974593]]],"btipPosition":[13.5157,107.847,30.4969],"carpPosition":[21.1434,128.144,65.3457],"dipPosition":[15.5689,104.631,13.8962],"direction":[-0.474516,-0.282911,0.833545],"extended":false,"handId":398,"id":3984,"length":49.9151,"mcpPosition":[42.366,136.299,12.7477],"pipPosition":[24.7404,110.099,-2.21469],"stabilizedTipPosition":[13.2044,105.194,26.6892],"timeVisible":56.9244,"tipPosition":[13.7342,106.445,25.8368],"tipVelocity":[67.6528,163.172,0.0196341],"tool":false,"touchDistance":0.333333,"touchZone":"none","type":4,"width":15.8681}],"r":[[0.920654,-0.317316,-0.227389],[0.308736,0.948316,-0.0733387],[0.238908,-0.0026837,0.971038]],"s":0.735774,"t":[-3.63206,-33.7692,-59.5889],"timestamp":88574035228},false],[5,{"currentFrameRate":55.1862,"devices":[],"gestures":[],"hands":[{"armBasis":[[0.973236,-0.213328,-0.0854557],[0.226252,0.954624,0.193658],[0.0402654,-0.207809,0.97734]],"armWidth":62.9686,"confidence":0.710711,"direction":[0.146593,0.316659,-0.937143],"elbow":[16.029,74.5458,332.37],"grabStrength":1,"id":398,"palmNormal":[-0.206139,-0.9168,-0.34203],"palmPosition":[4.94028,144.81,19.6106],"palmVelocity":[31.8313,137.318,-19.5177],"palmWidth":89.917,"pinchStrength":0.844711,"r":[[0.925218,-0.307911,-0.221727],[0.296069,0.951318,-0.0856594],[0.237308,0.0136072,0.971339]],"s":0.753378,"sphereCenter":[-11.9938,122.929,-9.30638],"sphereRadius":39.5679,"stabilizedPalmPosition":[4.93619,144.792,19.6132],"t":[-3.05283,-31.2743,-59.939],"timeVisible":56.9428,"type":"right","wrist":[5.28552,129.993,71.6004]}],"id":1405689,"interactionBox":{"center":[0,200,0],"size":[235.247,235.247,147.751]},"pointables":[{"bases":[[[0.602293,0.783889,0.150868],[-0.743643,0.482248,0.463067],[0.290237,-0.391094,0.873389]],[[0.511243,0.856501,-0.0709702],[-0.793262,0.502042,0.344513],[0.330706,-0.119832,0.936095]],[[0.511243,0.856501,-0.0709702],[-0.806591,0.449659,-0.383689],[-0.296718,0.253402,0.920731]],[[0.511243,0.856501,-0.0709702],[0.0433864,-0.108193,-0.993183],[-0.858341,0.504678,-0.0924733]]],"btipPosition":[-11.1305,111.693,-5.88875],"carpPosition":[-24.666,125.992,69.1718],"dipPosition":[-30.9819,123.365,-8.02743],"direction":[0.296718,-0.253402,-0.920731],"extended":false,"handId":398,"id":3980,"length":51.5018,"mcpPosition":[-24.666,125.992,69.1718],"pipPosition":[-40.9793,131.903,22.9952],"stabilizedTipPosition":[-18.6707,110.37,-5.85693],"timeVisible":56.9428,"tipPosition":[-17.4676,115.073,-6.29557],"tipVelocity":[71.2686,106.8,-13.5528],"tool":false,"touchDistance":0.122257,"touchZone":"hovering","type":0,"width":20.0112},{"bases":[[[0.978358,-0.186699,-0.0892091],[0.201199,0.959023,0.199482],[0.0483104,-0.213114,0.975832]],[[0.977321,-0.182804,-0.10689],[0.192881,0.976803,0.093021],[0.087406,-0.111528,0.98991]],[[0.977321,-0.182804,-0.10689],[-0.0470457,0.304718,-0.95128],[0.206469,0.934735,0.289207]],[[0.977321,-0.182804,-0.10689],[-0.202902,-0.663909,-0.71976],[0.0606097,0.725125,-0.685944]]],"btipPosition":[-24.5997,130.775,-41.8765],"carpPosition":[-11.4216,145.116,66.4221],"dipPosition":[-23.5764,143.019,-53.4581],"direction":[-0.206469,-0.934735,-0.289207],"extended":false,"handId":398,"id":3981,"length":58.114,"mcpPosition":[-14.9339,160.61,-4.52289],"pipPosition":[-18.6448,165.345,-46.5503],"stabilizedTipPosition":[-27.3807,123.181,-37.1318],"timeVisible":56.9428,"tipPosition":[-24.4731,131.664,-41.8996],"tipVelocity":[61.7701,194.217,-120.811],"tool":false,"touchDistance":0.167257,"touchZone":"hovering","type":1,"width":19.1147},{"bases":[[[0.92716,-0.374512,0.0107586],[0.364717,0.908742,0.202904],[-0.0857668,-0.184201,0.979139]],[[0.928027,-0.372512,0.000244802],[0.116139,0.288708,-0.950347],[0.353945,0.881976,0.311192]],[[0.928027,-0.372512,0.000244802],[-0.34129,-0.850508,-0.400195],[0.149286,0.371309,-0.91643]],[[0.928027,-0.372512,0.000244802],[-0.364444,-0.907791,0.207598],[-0.0771106,-0.192746,-0.978214]]],"btipPosition":[-13.0436,108.441,26.7045],"carpPosition":[0.665383,144.606,65.1158],"dipPosition":[-14.4756,104.862,8.53869],"direction":[-0.149286,-0.371309,0.91643],"extended":false,"handId":398,"id":3982,"length":66.2163,"mcpPosition":[6.57859,157.306,-2.39125],"pipPosition":[-10.2805,115.296,-17.214],"stabilizedTipPosition":[-14.3047,105.699,22.6933],"timeVisible":56.9428,"tipPosition":[-13.3385,107.955,22.4395],"tipVelocity":[59.1968,120.787,-9.77846],"tool":false,"touchDistance":0.333333,"touchZone":"none","type":2,"width":18.7732},{"bases":[[[0.874283,-0.464968,0.139403],[0.427107,0.873327,0.234264],[-0.23067,-0.145273,0.962126]],[[0.874785,-0.46465,0.137301],[0.270628,0.233537,-0.933928],[0.401885,0.854144,0.330042]],[[0.874785,-0.46465,0.137301],[-0.374294,-0.82803,-0.417456],[0.30766,0.313794,-0.898264]],[[0.874785,-0.46465,0.137301],[-0.483272,-0.857034,0.178721],[0.0346287,-0.222696,-0.974273]]],"btipPosition":[-0.267105,107.841,33.0823],"carpPosition":[12.2601,141.04,64.6325],"dipPosition":[0.372268,103.729,15.0936],"direction":[-0.30766,-0.313794,0.898264],"extended":false,"handId":398,"id":3983,"length":63.6687,"mcpPosition":[26.5389,150.032,5.07558],"pipPosition":[8.79457,112.32,-9.49666],"stabilizedTipPosition":[-0.853906,105.205,29.0418],"timeVisible":56.9428,"tipPosition":[-0.024661,107.129,29.0901],"tipVelocity":[59.5745,135.216,-6.32546],"tool":false,"touchDistance":0.333333,"touchZone":"none","type":3,"width":17.8639},{"bases":[[[0.759041,-0.616522,0.209186],[0.535822,0.774088,0.337169],[-0.3698,-0.143839,0.91791]],[[0.756005,-0.617672,0.216651],[0.427451,0.215203,-0.878051],[0.495723,0.756419,0.426719]],[[0.756005,-0.617672,0.216651],[-0.453108,-0.732695,-0.50779],[0.472387,0.285725,-0.833793]],[[0.756005,-0.617672,0.216651],[-0.642772,-0.763087,0.0673984],[0.123693,-0.190211,-0.97392]]],"btipPosition":[14.3913,110.207,30.2814],"carpPosition":[21.7602,130.679,65.0845],"dipPosition":[16.4982,106.967,13.6921],"direction":[-0.472387,-0.285725,0.833793],"extended":false,"handId":398,"id":3984,"length":49.9151,"mcpPosition":[42.9503,138.921,12.487],"pipPosition":[25.6286,112.49,-2.42354],"stabilizedTipPosition":[14.2732,107.923,26.5464],"timeVisible":56.9428,"tipPosition":[14.6326,108.799,25.6331],"tipVelocity":[58.4414,146.541,-5.56352],"tool":false,"touchDistance":0.333333,"touchZone":"none","type":4,"width":15.8681}],"r":[[0.925218,-0.307911,-0.221727],[0.296069,0.951318,-0.0856594],[0.237308,0.0136072,0.971339]],"s":0.753378,"t":[-3.05283,-31.2743,-59.939],"timestamp":88574053553},false],[6,{"currentFrameRate":55.365,"devices":[],"gestures":[],"hands":[{"armBasis":[[0.977354,-0.19674,-0.0779302],[0.207091,0.964968,0.16109],[0.0435074,-0.17358,0.983858]],"armWidth":62.9686,"confidence":0.479127,"direction":[0.147796,0.375877,-0.914808],"elbow":[17.3666,84.1725,334.658],"grabStrength":1,"id":398,"palmNormal":[-0.176152,-0.900172,-0.398323],"palmPosition":[5.562,148.359,21.1281],"palmVelocity":[33.5962,167.959,29.82],"palmWidth":89.917,"pinchStrength":0.845137,"r":[[0.930942,-0.2925,-0.218614],[0.280793,0.956125,-0.0835465],[0.233459,0.0163917,0.972228]],"s":0.768993,"sphereCenter":[-10.6504,128.276,-9.23973],"sphereRadius":39.7827,"stabilizedPalmPosition":[5.55632,148.327,21.1143],"t":[-2.45235,-28.2522,-59.3553],"timeVisible":56.9602,"type":"right","wrist":[5.75815,130.486,72.149]}],"id":1405690,"interactionBox":{"center":[0,200,0],"size":[235.247,235.247,147.751]},"pointables":[{"bases":[[[0.57801,0.78995,0.204654],[-0.762131,0.432945,0.481368],[0.291653,-0.434208,0.852292]],[[0.486517,0.873536,-0.0153797],[-0.813125,0.45917,0.357759],[0.319577,-0.16155,0.933687]],[[0.486517,0.873536,-0.0153797],[-0.813633,0.446601,-0.37222],[-0.318279,0.193605,0.928017]],[[0.486517,0.873536,-0.0153797],[0.0540178,-0.0476458,-0.997403],[-0.872,0.484423,-0.0703669]]],"btipPosition":[-8.91183,116.049,-6.5899],"carpPosition":[-24.0386,125.806,69.1086],"dipPosition":[-29.0791,127.252,-8.21732],"direction":[0.318279,-0.193605,-0.928017],"extended":false,"handId":398,"id":3980,"length":51.5018,"mcpPosition":[-24.0386,125.806,69.1086],"pipPosition":[-39.803,133.775,23.0508],"stabilizedTipPosition":[-16.5641,113.766,-6.31248],"timeVisible":56.9602,"tipPosition":[-15.2924,119.334,-6.8345],"tipVelocity":[95.2428,170.129,-22.7715],"tool":false,"touchDistance":0.133207,"touchZone":"hovering","type":0,"width":20.0112},{"bases":[[[0.984204,-0.153782,-0.0877164],[0.171577,0.950659,0.258475],[0.0436397,-0.269442,0.962027]],[[0.983402,-0.149552,-0.102739],[0.166466,0.968921,0.182977],[0.072181,-0.197043,0.977734]],[[0.983402,-0.149552,-0.102739],[-0.0352238,0.398106,-0.916663],[0.17799,0.905067,0.38623]],[[0.983402,-0.149552,-0.102739],[-0.17236,-0.593097,-0.786465],[0.0566837,0.791119,-0.60903]]],"btipPosition":[-22.761,138.401,-42.7295],"carpPosition":[-11.3154,145.421,67.6646],"dipPosition":[-21.804,151.758,-53.0125],"direction":[-0.17799,-0.905067,-0.38623],"extended":false,"handId":398,"id":3981,"length":58.114,"mcpPosition":[-14.4881,165.01,-2.27678],"pipPosition":[-17.5526,173.376,-43.7872],"stabilizedTipPosition":[-25.2436,131.258,-40.6479],"timeVisible":56.9602,"tipPosition":[-22.6443,139.449,-42.715],"tipVelocity":[81.5791,313.544,-79.5679],"tool":false,"touchDistance":0.195546,"touchZone":"hovering","type":1,"width":19.1147},{"bases":[[[0.937284,-0.348566,0.000293673],[0.336414,0.904828,0.260982],[-0.0912354,-0.244516,0.965344]],[[0.938228,-0.345866,-0.0102848],[0.117967,0.347669,-0.930167],[0.325289,0.871495,0.366994]],[[0.938228,-0.345866,-0.0102848],[-0.312536,-0.834309,-0.454148],[0.148494,0.429309,-0.890867]],[[0.938228,-0.345866,-0.0102848],[-0.340613,-0.928395,0.148546],[-0.0609254,-0.135867,-0.988852]]],"btipPosition":[-11.4504,111.132,25.8447],"carpPosition":[0.794874,145.326,66.4835],"dipPosition":[-12.5819,108.609,7.4813],"direction":[-0.148494,-0.429309,0.890867],"extended":false,"handId":398,"id":3982,"length":66.2163,"mcpPosition":[7.08512,162.184,-0.0723706],"pipPosition":[-8.40902,120.673,-17.553],"stabilizedTipPosition":[-12.9182,108.293,22.1202],"timeVisible":56.9602,"tipPosition":[-11.6868,110.892,21.5492],"tipVelocity":[75.9185,142.762,-29.2888],"tool":false,"touchDistance":0.333333,"touchZone":"none","type":2,"width":18.7732},{"bases":[[[0.885597,-0.447961,0.122674],[0.39944,0.869357,0.290977],[-0.236993,-0.208687,0.948833]],[[0.88611,-0.447506,0.12061],[0.274051,0.296038,-0.915018],[0.373771,0.84386,0.384961]],[[0.88611,-0.447506,0.12061],[-0.345921,-0.811768,-0.470501],[0.30846,0.375195,-0.874118]],[[0.88611,-0.447506,0.12061],[-0.460576,-0.879289,0.121332],[0.0517544,-0.163064,-0.985257]]],"btipPosition":[1.2586,110.518,32.3262],"carpPosition":[12.4911,142.119,65.9366],"dipPosition":[2.21417,107.507,14.1348],"direction":[-0.30846,-0.375195,0.874118],"extended":false,"handId":398,"id":3983,"length":63.6687,"mcpPosition":[27.1614,155.037,7.20262],"pipPosition":[10.6584,117.778,-9.79447],"stabilizedTipPosition":[0.528818,107.944,28.5084],"timeVisible":56.9602,"tipPosition":[1.5658,110.051,28.2972],"tipVelocity":[74.4245,150.378,-24.7103],"tool":false,"touchDistance":0.333333,"touchZone":"none","type":3,"width":17.8639},{"bases":[[[0.773961,-0.606547,0.181891],[0.509802,0.767224,0.389191],[-0.375614,-0.20849,0.90302]],[[0.770843,-0.608243,0.18932],[0.430856,0.278902,-0.858241],[0.469217,0.743138,0.477054]],[[0.770843,-0.608243,0.18932],[-0.426421,-0.71347,-0.555991],[0.473252,0.347852,-0.809341]],[[0.770843,-0.608243,0.18932],[-0.621497,-0.783292,0.0139663],[0.139798,-0.128427,-0.981816]]],"btipPosition":[15.8766,113.461,29.8475],"carpPosition":[22.2772,132.017,65.8943],"dipPosition":[18.2578,111.274,13.1237],"direction":[-0.473252,-0.347852,0.809341],"extended":false,"handId":398,"id":3984,"length":49.9151,"mcpPosition":[43.8004,143.964,14.15],"pipPosition":[27.4049,117.997,-2.51936],"stabilizedTipPosition":[15.6601,111.17,26.1948],"timeVisible":56.9602,"tipPosition":[16.2113,112.343,25.1348],"tipVelocity":[72.487,171.496,-15.3313],"tool":false,"touchDistance":0.333333,"touchZone":"none","type":4,"width":15.8681}],"r":[[0.930942,-0.2925,-0.218614],[0.280793,0.956125,