{"sensorType":"Leap","data":[[0,{"currentFrameRate":55.393,"devices":[],"gestures":[],"hands":[{"armBasis":[[0.830982,-0.535516,-0.150634],[0.555858,0.810082,0.186516],[0.0221437,-0.238723,0.970835]],"armWidth":62.9686,"confidence":0.685988,"direction":[0.261049,0.532852,-0.804936],"elbow":[0.0478213,73.8413,314.645],"grabStrength":0,"id":398,"palmNormal":[-0.491457,-0.644334,-0.585921],"palmPosition":[-0.286873,167.352,10.8612],"palmVelocity":[-52.6945,-250.832,52.7493],"palmWidth":89.917,"pinchStrength":1,"r":[[0.786193,-0.487337,-0.380005],[0.574825,0.80245,0.160156],[0.226885,-0.34435,0.911014]],"s":0.999275,"sphereCenter":[-31.634,163.031,-24.6324],"sphereRadius":46.4035,"stabilizedPalmPosition":[-0.255925,167.545,10.8195],"t":[-6.76917,-1.73542,-69.9765],"timeVisible":51.2118,"type":"right","wrist":[-5.86048,137.536,55.6109]}],"id":1405373,"interactionBox":{"center":[0,200,0],"size":[235.247,235.247,147.751]},"pointables":[{"bases":[[[0.824846,0.459553,0.329301],[-0.55076,0.521668,0.651556],[0.127639,-0.7188,0.6834]],[[0.733882,0.674513,0.0803016],[-0.608239,0.599894,0.519781],[0.302427,-0.430301,0.850517]],[[0.733882,0.674513,0.0803016],[-0.65755,0.735087,-0.165154],[-0.170427,0.068401,0.982993]],[[0.733882,0.674513,0.0803016],[-0.0269998,0.147089,-0.988755],[-0.67874,0.723462,0.126157]]],"btipPosition":[-28.8737,146.501,-23.2748],"carpPosition":[-35.3952,144.311,54.7185],"dipPosition":[-44.5713,163.233,-20.3571],"direction":[0.170427,-0.068401,-0.982993],"extended":false,"handId":398,"id":3980,"length":51.5018,"mcpPosition":[-35.3952,144.311,54.7185],"pipPosition":[-50.3136,165.538,12.7634],"stabilizedTipPosition":[-32.4489,150.716,-22.6744],"timeVisible":51.2118,"tipPosition":[-31.903,149.687,-23.274],"tipVelocity":[-43.2307,-270.681,58.8871],"tool":false,"touchDistance":0.534365,"touchZone":"hovering","type":0,"width":20.0112},{"bases":[[[0.862892,-0.451291,-0.227492],[0.503501,0.728789,0.464062],[-0.0436335,-0.514978,0.856092]],[[0.860589,-0.375387,-0.344198],[0.480739,0.821876,0.30563],[0.168159,-0.428491,0.88776]],[[0.860589,-0.375387,-0.344198],[0.444807,0.883152,0.148962],[0.24806,-0.281297,0.927005]],[[0.860589,-0.375387,-0.344198],[0.409016,0.9121,0.0279039],[0.303468,-0.164796,0.938482]]],"btipPosition":[-31.5322,223.157,-81.1356],"carpPosition":[-16.5164,158.024,56.7819],"dipPosition":[-26.4084,220.375,-65.2901],"direction":[-0.24806,0.281297,-0.927005],"extended":true,"handId":398,"id":3981,"length":58.114,"mcpPosition":[-13.3441,195.464,-5.45773],"pipPosition":[-20.4834,213.656,-43.1483],"stabilizedTipPosition":[-30.3263,222.717,-77.5097],"timeVisible":51.2118,"tipPosition":[-30.3282,222.848,-77.3809],"tipVelocity":[-56.6628,-321.885,10.5537],"tool":false,"touchDistance":0.317127,"touchZone":"hovering","type":1,"width":19.1147},{"bases":[[[0.750502,-0.634302,-0.185495],[0.641054,0.630518,0.437604],[-0.160615,-0.447335,0.879826]],[[0.745968,-0.645966,-0.162048],[0.305368,0.548,-0.778747],[0.591846,0.531436,0.606047]],[[0.745968,-0.645966,-0.162048],[-0.44487,-0.302251,-0.843051],[0.495603,0.70098,-0.51284]],[[0.745968,-0.645966,-0.162048],[-0.63567,-0.618044,-0.462542],[0.198633,0.44805,-0.871663]]],"btipPosition":[-39.99,131.627,-4.60279],"carpPosition":[-5.25716,154.118,54.3258],"dipPosition":[-36.3013,139.947,-20.7899],"direction":[-0.495603,-0.70098,0.51284],"extended":false,"handId":398,"id":3982,"length":66.2163,"mcpPosition":[5.81647,184.959,-6.33403],"pipPosition":[-22.3743,159.646,-35.2013],"stabilizedTipPosition":[-39.1276,133.883,-8.37866],"timeVisible":51.2118,"tipPosition":[-39.1524,133.805,-9.43891],"tipVelocity":[-29.3606,-280.281,56.1972],"tool":false,"touchDistance":0.333333,"touchZone":"none","type":2,"width":18.7732},{"bases":[[[0.668211,-0.738932,-0.0864566],[0.687589,0.569007,0.451057],[-0.284106,-0.360847,0.888298]],[[0.672866,-0.732796,-0.101293],[0.390357,0.468024,-0.792827],[0.628388,0.493926,0.60097]],[[0.672866,-0.732796,-0.101293],[-0.445332,-0.291909,-0.846444],[0.590703,0.614653,-0.522754]],[[0.672866,-0.732796,-0.101293],[-0.681786,-0.561152,-0.469335],[0.287086,0.38486,-0.877191]]],"btipPosition":[-27.1199,123.975,0.746434],"carpPosition":[4.50995,147.378,51.761],"dipPosition":[-21.8193,131.081,-15.4497],"direction":[-0.590703,-0.614653,0.522754],"extended":false,"handId":398,"id":3983,"length":63.6687,"mcpPosition":[22.0965,169.715,-3.22581],"pipPosition":[-5.64859,147.907,-29.7603],"stabilizedTipPosition":[-25.8907,125.93,-3.04022],"timeVisible":51.2118,"tipPosition":[-25.8376,125.716,-3.59163],"tipVelocity":[-27.1645,-270.485,61.5613],"tool":false,"touchDistance":0.333333,"touchZone":"none","type":3,"width":17.8639},{"bases":[[[0.507981,-0.85952,-0.0563959],[0.75533,0.413019,0.508814],[-0.414043,-0.301065,0.859027]],[[0.465632,-0.884572,0.0268059],[0.640058,0.315695,-0.700473],[0.611156,0.34332,0.713176]],[[0.465632,-0.884572,0.0268059],[-0.329199,-0.201245,-0.922566],[0.821471,0.420752,-0.384907]],[[0.465632,-0.884572,0.0268059],[-0.70813,-0.39058,-0.588217],[0.53079,0.254911,-0.808259]]],"btipPosition":[-12.515,127.726,-4.74216],"carpPosition":[10.0336,134.946,48.1942],"dipPosition":[-3.4738,132.068,-18.5097],"direction":[-0.821471,-0.420752,0.384907],"extended":false,"handId":398,"id":3984,"length":49.9151,"mcpPosition":[33.7589,152.197,-1.02925],"pipPosition":[12.4037,140.201,-25.9492],"stabilizedTipPosition":[-10.428,128.978,-7.96317],"timeVisible":51.2118,"tipPosition":[-10.5833,128.676,-7.40761],"tipVelocity":[-26.7855,-265.964,67.9322],"tool":false,"touchDistance":0.333333,"touchZone":"none","type":4,"width":15.8681}],"r":[[0.786193,-0.487337,-0.380005],[0.574825,0.80245,0.160156],[0.226885,-0.34435,0.911014]],"s":0.999275,"t":[-6.76917,-1.73542,-69.9765],"timestamp":88568322560},false],[1,{"currentFrameRate":55.2026,"devices":[],"gestures":[],"hands":[{"armBasis":[[0.829364,-0.544247,-0.126297],[0.558707,0.808396,0.185314],[0.0012414,-0.224256,0.974529]],"armWidth":62.9686,"confidence":0.705576,"direction":[0.261982,0.528714,-0.807358],"elbow":[-6.04414,70.6376,317.483],"grabStrength":0,"id":398,"palmNormal":[-0.494248,-0.645035,-0.582794],"palmPosition":[-0.749183,160.089,12.5876],"palmVelocity":[-38.995,-317.249,71.8857],"palmWidth":89.917,"pinchStrength":1,"r":[[0.788485,-0.487132,-0.375492],[0.571929,0.805279,0.156278],[0.226248,-0.337977,0.913555]],"s":0.998715,"sphereCenter":[-32.0354,155.504,-22.9428],"sphereRadius":46.3509,"stabilizedPalmPosition":[-0.735055,160.303,12.5369],"t":[-7.46611,-7.61772,-68.6443],"timeVisible":51.2305,"type":"right","wrist":[-6.37536,130.473,57.4632]}],"id":1405374,"interactionBox":{"center":[0,200,0],"size":[235.247,235.247,147.751]},"pointables":[{"bases":[[[0.82674,0.458097,0.326572],[-0.548306,0.526148,0.650022],[0.125948,-0.71646,0.686165]],[[0.736949,0.671413,0.0781668],[-0.602972,0.600712,0.524947],[0.305501,-0.433991,0.847538]],[[0.736949,0.671413,0.0781668],[-0.65508,0.737918,-0.162316],[-0.166662,0.0684134,0.983638]],[[0.736949,0.671413,0.0781668],[-0.0268072,0.14458,-0.98913],[-0.675416,0.726843,0.124547]]],"btipPosition":[-29.7219,139.637,-21.2563],"carpPosition":[-35.888,137.344,56.5745],"dipPosition":[-45.3426,156.447,-18.3758],"direction":[0.166662,-0.0684134,-0.983638],"extended":false,"handId":398,"id":3980,"length":51.5018,"mcpPosition":[-35.888,137.344,56.5745],"pipPosition":[-50.9581,158.752,14.7664],"stabilizedTipPosition":[-33.2729,143.851,-20.6941],"timeVisible":51.2305,"tipPosition":[-32.6918,142.75,-21.2484],"tipVelocity":[-43.7226,-316.564,82.4024],"tool":false,"touchDistance":0.544411,"touchZone":"hovering","type":0,"width":20.0112},{"bases":[[[0.861125,-0.455112,-0.226575],[0.506446,0.728956,0.460582],[-0.0444531,-0.511367,0.858212]],[[0.859036,-0.380304,-0.342675],[0.483512,0.822647,0.299111],[0.168148,-0.422635,0.890565]],[[0.859036,-0.380304,-0.342675],[0.447354,0.883114,0.141363],[0.24886,-0.274733,0.928757]],[[0.859036,-0.380304,-0.342675],[0.411309,0.911282,0.0197409],[0.304766,-0.157903,0.939246]]],"btipPosition":[-31.9578,215.35,-79.6828],"carpPosition":[-16.961,151.001,58.5626],"dipPosition":[-26.8121,212.684,-63.8245],"direction":[-0.24886,0.274733,-0.928757],"extended":true,"handId":398,"id":3981,"length":58.114,"mcpPosition":[-13.7291,188.178,-3.83116],"pipPosition":[-20.868,206.122,-41.6408],"stabilizedTipPosition":[-30.7654,214.896,-76.0648],"timeVisible":51.2305,"tipPosition":[-30.7311,215.139,-75.9028],"tipVelocity":[-39.9408,-367.072,43.2495],"tool":false,"touchDistance":0.340584,"touchZone":"hovering","type":1,"width":19.1147},{"bases":[[[0.748164,-0.637572,-0.18372],[0.643639,0.630116,0.434376],[-0.161181,-0.443234,0.881796]],[[0.743611,-0.649138,-0.160196],[0.30651,0.543898,-0.78117],[0.594217,0.531785,0.603416]],[[0.743611,-0.649138,-0.160196],[-0.446751,-0.304132,-0.841378],[0.497449,0.697226,-0.516159]],[[0.743611,-0.649138,-0.160196],[-0.638255,-0.617797,-0.459302],[0.199182,0.443788,-0.873716]]],"btipPosition":[-40.5864,124.441,-2.6972],"carpPosition":[-5.71761,147.047,56.1105],"dipPosition":[-36.8876,132.683,-18.9224],"direction":[-0.497449,-0.697226,0.516159],"extended":false,"handId":398,"id":3982,"length":66.2163,"mcpPosition":[5.39504,177.605,-4.68517],"pipPosition":[-22.9087,152.275,-33.4271],"stabilizedTipPosition":[-39.7092,126.666,-6.51413],"timeVisible":51.2305,"tipPosition":[-39.7475,126.591,-7.52452],"tipVelocity":[-30.476,-330.776,78.0841],"tool":false,"touchDistance":0.333333,"touchZone":"none","type":2,"width":18.7732},{"bases":[[[0.665627,-0.741523,-0.0841731],[0.689981,0.568504,0.448028],[-0.28437,-0.356298,0.890048]],[[0.670234,-0.735536,-0.0988644],[0.391657,0.463705,-0.794721],[0.63039,0.493928,0.598869]],[[0.670234,-0.735536,-0.0988644],[-0.446959,-0.293705,-0.844964],[0.592464,0.610512,-0.525605]],[[0.670234,-0.735536,-0.0988644],[-0.68419,-0.560774,-0.46628],[0.287525,0.380158,-0.879096]]],"btipPosition":[-27.7342,116.779,2.64575],"carpPosition":[4.02403,140.264,53.5626],"dipPosition":[-22.4254,123.798,-13.5856],"direction":[-0.592465,-0.610512,0.525605],"extended":false,"handId":398,"id":3983,"length":63.6687,"mcpPosition":[21.6269,162.32,-1.53252],"pipPosition":[-6.20649,140.511,-27.9742],"stabilizedTipPosition":[-26.4861,118.721,-1.17232],"timeVisible":51.2305,"tipPosition":[-26.4538,118.488,-1.67236],"tipVelocity":[-29.8267,-326.068,80.6845],"tool":false,"touchDistance":0.333333,"touchZone":"none","type":3,"width":17.8639},{"bases":[[[0.505024,-0.861448,-0.0534564],[0.757259,0.412523,0.506344],[-0.414137,-0.296196,0.860673]],[[0.462681,-0.886021,0.0298901],[0.640455,0.310753,-0.702317],[0.612979,0.344092,0.711236]],[[0.462681,-0.886021,0.0298901],[-0.330772,-0.203814,-0.921439],[0.822506,0.416445,-0.387372]],[[0.462681,-0.886021,0.0298901],[-0.710043,-0.390551,-0.585925],[0.530816,0.249873,-0.809814]]],"btipPosition":[-13.1254,120.442,-2.84846],"carpPosition":[9.50202,127.799,50.0403],"dipPosition":[-4.08373,124.699,-16.6424],"direction":[-0.822506,-0.416445,0.387372],"extended":false,"handId":398,"id":3984,"length":49.9151,"mcpPosition":[33.2327,144.771,0.722544],"pipPosition":[11.8138,132.748,-24.1296],"stabilizedTipPosition":[-11.0226,121.705,-6.09409],"timeVisible":51.2305,"tipPosition":[-11.1924,121.375,-5.52303],"tipVelocity":[-29.5784,-326.041,83.8519],"tool":false,"touchDistance":0.333333,"touchZone":"none","type":4,"width":15.8681}],"r":[[0.788485,-0.487132,-0.375492],[0.571929,0.805279,0.156278],[0.226248,-0.337977,0.913555]],"s":0.998715,"t":[-7.46611,-7.61772,-68.6443],"timestamp":88568341333},false],[2,{"currentFrameRate":55.3996,"devices":[],"gestures":[],"hands":[{"armBasis":[[0.835706,-0.537202,-0.114058],[0.549164,0.816083,0.180076],[-0.00365651,-0.213127,0.977018]],"armWidth":62.9686,"confidence":0.722266,"direction":[0.26171,0.523613,-0.810764],"elbow":[-8.29493,68.5523,319.202],"grabStrength":0,"id":398,"palmNormal":[-0.483804,-0.655705,-0.579641],"palmPosition":[-1.70991,154.658,13.3944],"palmVelocity":[-46.5292,-315.134,60.1404],"palmWidth":89.917,"pinchStrength":1,"r":[[0.791793,-0.486021,-0.36993],[0.567742,0.808991,0.15232],[0.22524,-0.330631,0.916488]],"s":0.998319,"sphereCenter":[-32.616,149.225,-22.3492],"sphereRadius":46.3069,"stabilizedPalmPosition":[-1.68057,154.828,13.3686],"t":[-8.29495,-13.2744,-67.5748],"timeVisible":51.2479,"type":"right","wrist":[-7.31931,125.418,58.5183]}],"id":1405375,"interactionBox":{"center":[0,200,0],"size":[235.247,235.247,147.751]},"pointables":[{"bases":[[[0.81985,0.469771,0.327356],[-0.557879,0.52666,0.641405],[0.128908,-0.708481,0.693857]],[[0.729998,0.679057,0.0773598],[-0.610619,0.597173,0.520124],[0.306997,-0.426927,0.85058]],[[0.729998,0.679057,0.0773598],[-0.661434,0.730441,-0.170181],[-0.172069,0.0730632,0.982372]],[[0.729998,0.679057,0.0773598],[-0.0214728,0.135922,-0.990487],[-0.683112,0.721392,0.113804]]],"btipPosition":[-30.4424,133.887,-20.3139],"carpPosition":[-36.895,131.973,57.3759],"dipPosition":[-46.2412,150.571,-17.6819],"direction":[0.172069,-0.0730632,-0.982372],"extended":false,"handId":398,"id":3980,"length":51.5018,"mcpPosition":[-36.895,131.973,57.3759],"pipPosition":[-52.0388,153.033,15.4177],"stabilizedTipPosition":[-34.0373,138.021,-19.7561],"timeVisible":51.2479,"tipPosition":[-33.4265,136.93,-20.3334],"tipVelocity":[-43.7766,-323.997,67.8851],"tool":false,"touchDistance":0.536583,"touchZone":"hovering","type":0,"width":20.0112},{"bases":[[[0.867215,-0.448311,-0.21669],[0.495922,0.738569,0.456702],[-0.0447044,-0.50352,0.862826]],[[0.865185,-0.375268,-0.332609],[0.472812,0.831447,0.291796],[0.167044,-0.409719,0.896787]],[[0.865185,-0.375268,-0.332609],[0.436921,0.889647,0.13277],[0.24608,-0.260194,0.933672]],[[0.865185,-0.375268,-0.332609],[0.401283,0.915895,0.0104548],[0.300711,-0.142515,0.943007]]],"btipPosition":[-32.9198,208.468,-79.6743],"carpPosition":[-18.1229,145.845,59.3516],"dipPosition":[-27.8425,206.062,-63.7524],"direction":[-0.24608,0.260194,-0.933672],"extended":true,"handId":398,"id":3981,"length":58.114,"mcpPosition":[-14.8728,182.452,-3.37758],"pipPosition":[-21.9648,199.847,-41.4513],"stabilizedTipPosition":[-31.7344,208.039,-76.0132],"timeVisible":51.2479,"tipPosition":[-31.7068,208.373,-75.8642],"tipVelocity":[-47.4901,-378.933,23.892],"tool":false,"touchDistance":0.340206,"touchZone":"hovering","type":1,"width":19.1147},{"bases":[[[0.755868,-0.631512,-0.172787],[0.634294,0.64091,0.432326],[-0.162278,-0.436379,0.885008]],[[0.751281,-0.642904,-0.14917],[0.305449,0.539063,-0.784928],[0.585045,0.544138,0.601362]],[[0.751281,-0.642904,-0.14917],[-0.438982,-0.318004,-0.840338],[0.49282,0.696813,-0.521134]],[[0.751281,-0.642904,-0.14917],[-0.629237,-0.629564,-0.455752],[0.199093,0.436261,-0.877518]]],"btipPosition":[-41.0484,118.469,-1.71164],"carpPosition":[-6.82383,141.984,57.0093],"dipPosition":[-37.3512,126.571,-18.0075],"direction":[-0.49282,-0.696813,0.521134],"extended":false,"handId":398,"id":3982,"length":66.2163,"mcpPosition":[4.36447,172.07,-4.00783],"pipPosition":[-23.5024,146.152,-32.6519],"stabilizedTipPosition":[-40.1766,120.61,-5.50592],"timeVisible":51.2479,"tipPosition":[-40.2145,120.562,-6.54528],"tipVelocity":[-28.6934,-337.656,67.795],"tool":false,"touchDistance":0.333333,"touchZone":"none","type":2,"width":18.7732},{"bases":[[[0.673768,-0.735352,-0.0727631],[0.68118,0.579916,0.446868],[-0.286409,-0.35065,0.891636]],[[0.678385,-0.729489,-0.087409],[0.392144,0.460119,-0.796564],[0.621303,0.5061,0.598202]],[[0.678385,-0.729489,-0.087409],[-0.43844,-0.306489,-0.844887],[0.589546,0.611482,-0.527755]],[[0.678385,-0.729489,-0.087409],[-0.675405,-0.572374,-0.46499],[0.289175,0.374479,-0.88099]]],"btipPosition":[-28.1779,110.985,3.69715],"carpPosition":[3.00345,135.279,54.5891],"dipPosition":[-22.8387,117.899,-12.5692],"direction":[-0.589546,-0.611482,0.527755],"extended":false,"handId":398,"id":3983,"length":63.6687,"mcpPosition":[20.7325,156.985,-0.604377],"pipPosition":[-6.6997,134.639,-27.0166],"stabilizedTipPosition":[-26.9291,112.851,-0.0946806],"timeVisible":51.2479,"tipPosition":[-26.8902,112.661,-0.61923],"tipVelocity":[-27.6644,-330.172,71.1629],"tool":false,"touchDistance":0.333333,"touchZone":"none","type":3,"width":17.8639},{"bases":[[[0.514216,-0.856636,-0.0419055],[0.749686,0.42521,0.507117],[-0.416596,-0.292184,0.860858]],[[0.471593,-0.880844,0.0414044],[0.641804,0.310657,-0.701128],[0.604722,0.35722,0.711832]],[[0.471593,-0.880844,0.0414044],[-0.322631,-0.21605,-0.921538],[0.820676,0.421232,-0.386075]],[[0.471593,-0.880844,0.0414044],[-0.702165,-0.403505,-0.586641],[0.533446,0.247583,-0.808788]]],"btipPosition":[-13.5751,114.739,-1.74025],"carpPosition":[8.63229,122.837,51.2225],"dipPosition":[-4.48863,118.956,-15.5168],"direction":[-0.820676,-0.421232,0.386075],"extended":false,"handId":398,"id":3984,"length":49.9151,"mcpPosition":[32.5038,139.58,1.89412],"pipPosition":[11.3735,127.098,-22.9789],"stabilizedTipPosition":[-11.4664,115.953,-4.95714],"timeVisible":51.2479,"tipPosition":[-11.6337,115.666,-4.41444],"tipVelocity":[-27.6009,-327.343,74.6986],"tool":false,"touchDistance":0.333333,"touchZone":"none","type":4,"width":15.8681}],"r":[[0.791793,-0.486021,-0.36993],[0.567742,0.808991,0.15232],[0.22524,-0.330631,0.916488]],"s":0.998319,"t":[-8.29495,-13.2744,-67.5748],"timestamp":88568358703},false],[3,{"currentFrameRate":55.3378,"devices":[],"gestures":[],"hands":[{"armBasis":[[0.840436,-0.531556,-0.105434],[0.541908,0.823759,0.166601],[-0.00170574,-0.197153,0.980371]],"armWidth":62.9686,"confidence":0.7268,"direction":[0.264325,0.515615,-0.81503],"elbow":[-9.00891,67.5933,320.815],"grabStrength":0,"id":398,"palmNormal":[-0.474249,-0.666363,-0.575368],"palmPosition":[-2.79907,148.924,13.8028],"palmVelocity":[-52.7762,-314.394,42.0275],"palmWidth":89.917,"pinchStrength":1,"r":[[0.795732,-0.484795,-0.363021],[0.562934,0.813137,0.148036],[0.223418,-0.322154,0.919946]],"s":0.997978,"sphereCenter":[-33.2696,142.665,-22.1531],"sphereRadius":46.2624,"stabilizedPalmPosition":[-2.77919,149.029,13.795],"t":[-9.25394,-18.9696,-66.8359],"timeVisible":51.2662,"type":"right","wrist":[-8.55379,120.197,59.2364]}],"id":1405376,"interactionBox":{"center":[0,200,0],"size":[235.247,235.247,147.751]},"pointables":[{"bases":[[[0.813682,0.47989,0.328065],[-0.566911,0.530252,0.630433],[0.128582,-0.698955,0.703511]],[[0.724503,0.685154,0.0752257],[-0.618273,0.59775,0.510327],[0.304686,-0.416243,0.856684]],[[0.724503,0.685154,0.0752257],[-0.665285,0.723655,-0.183628],[-0.180251,0.0829924,0.980113]],[[0.724503,0.685154,0.0752257],[-0.0119868,0.121646,-0.992501],[-0.689167,0.718169,0.0963456]]],"btipPosition":[-31.1849,127.642,-19.7324],"carpPosition":[-38.1671,126.515,57.7786],"dipPosition":[-47.1237,144.252,-17.5042],"direction":[0.180251,-0.0829924,-0.980113],"extended":false,"handId":398,"id":3980,"length":51.5018,"mcpPosition":[-38.1671,126.515,57.7786],"pipPosition":[-53.197,147.048,15.5193],"stabilizedTipPosition":[-34.8271,131.653,-19.2355],"timeVisible":51.2662,"tipPosition":[-34.2043,130.675,-19.835],"tipVelocity":[-43.1031,-332.865,48.1655],"tool":false,"touchDistance":0.523587,"touchZone":"hovering","type":0,"width":20.0112},{"bases":[[[0.872233,-0.444392,-0.204268],[0.48674,0.747806,0.45152],[-0.0478994,-0.493256,0.868564]],[[0.870673,-0.373411,-0.320145],[0.464052,0.839382,0.283006],[0.163047,-0.39497,0.90411]],[[0.870673,-0.373411,-0.320145],[0.428851,0.895053,0.122341],[0.240864,-0.243814,0.939436]],[[0.870673,-0.373411,-0.320145],[0.393872,0.919165,-0.000914458],[0.294608,-0.1253,0.947368]]],"btipPosition":[-33.6823,201.119,-80.2324],"carpPosition":[-19.5151,140.55,59.7329],"dipPosition":[-28.7081,199.004,-64.237],"direction":[-0.240864,0.243813,-0.939436],"extended":true,"handId":398,"id":3981,"length":58.114,"mcpPosition":[-16.0327,176.411,-3.41352],"pipPosition":[-22.955,193.18,-41.7982],"stabilizedTipPosition":[-32.5311,200.699,-76.5486],"timeVisible":51.2662,"tipPosition":[-32.4925,201.144,-76.3943],"tipVelocity":[-45.3391,-388.193,-1.73443],"tool":false,"touchDistance":0.33181,"touchZone":"hovering","type":1,"width":19.1147},{"bases":[[[0.761899,-0.627875,-0.159004],[0.626024,0.6509,0.429446],[-0.166143,-0.426735,0.888985]],[[0.757219,-0.638986,-0.135339],[0.307062,0.531137,-0.789688],[0.576483,0.556409,0.598395]],[[0.757219,-0.638986,-0.135339],[-0.43085,-0.332917,-0.83877],[0.490905,0.693443,-0.527398]],[[0.757219,-0.638986,-0.135339],[-0.62128,-0.64068,-0.451154],[0.201572,0.425706,-0.882124]]],"btipPosition":[-41.7117,112.273,-1.0642],"carpPosition":[-8.16918,136.746,57.528],"dipPosition":[-37.9684,120.178,-17.4456],"direction":[-0.490905,-0.693443,0.527398],"extended":false,"handId":398,"id":3982,"length":66.2163,"mcpPosition":[3.28558,166.168,-3.7633],"pipPosition":[-24.1735,139.665,-32.266],"stabilizedTipPosition":[-40.8327,114.266,-4.85001],"timeVisible":51.2662,"tipPosition":[-40.8701,114.294,-5.90792],"tipVelocity":[-32.0499,-339.43,51.7648],"tool":false,"touchDistance":0.333333,"touchZone":"none","type":2,"width":18.7732},{"bases":[[[0.679771,-0.731098,-0.0583673],[0.673243,0.590442,0.445108],[-0.290955,-0.341867,0.893572]],[[0.684469,-0.725371,-0.0730697],[0.394153,0.452507,-0.799925],[0.613307,0.518723,0.595634]],[[0.684469,-0.725371,-0.0730697],[-0.430947,-0.32172,-0.843078],[0.588037,0.60855,-0.532804]],[[0.684469,-0.725371,-0.0730697],[-0.668179,-0.584077,-0.46086],[0.291616,0.364268,-0.88446]]],"btipPosition":[-28.8239,104.96,4.57236],"carpPosition":[1.72674,130.086,55.2685],"dipPosition":[-23.4396,111.686,-11.758],"direction":[-0.588037,-0.60855,0.532804],"extended":false,"handId":398,"id":3983,"length":63.6687,"mcpPosition":[19.7373,151.248,-0.04481],"pipPosition":[-7.34193,128.345,-26.3437],"stabilizedTipPosition":[-27.5666,106.69,0.790062],"timeVisible":51.2662,"tipPosition":[-27.5366,106.576,0.219207],"tipVelocity":[-31.0658,-330.993,59.6168],"tool":false,"touchDistance":0.333333,"touchZone":"none","type":3,"width":17.8639},{"bases":[[[0.520881,-0.853193,-0.0272908],[0.742409,0.437004,0.507796],[-0.421322,-0.284762,0.861045]],[[0.47777,-0.8767,0.0559684],[0.645173,0.306929,-0.699676],[0.596228,0.370394,0.712264]],[[0.47777,-0.8767,0.0559684],[-0.31352,-0.229678,-0.921386],[0.820634,0.422664,-0.384597]],[[0.47777,-0.8767,0.0559684],[-0.694389,-0.415906,-0.587236],[0.538108,0.2417,-0.807478]]],"btipPosition":[-14.2438,108.736,-0.939566],"carpPosition":[7.47466,117.647,52.0999],"dipPosition":[-5.07788,112.853,-14.6938],"direction":[-0.820634,-0.422664,0.384597],"extended":false,"handId":398,"id":3984,"length":49.9151,"mcpPosition":[31.617,133.965,2.76078],"pipPosition":[10.7835,121.022,-22.1273],"stabilizedTipPosition":[-12.1179,109.849,-4.12565],"timeVisible":51.2662,"tipPosition":[-12.2868,109.645,-3.61259],"tipVelocity":[-31.4194,-328.42,60.0264],"tool":false,"touchDistance":0.333333,"touchZone":"none","type":4,"width":15.8681}],"r":[[0.795732,-0.484795,-0.363021],[0.562934,0.813137,0.148036],[0.223418,-0.322154,0.919946]],"s":0.997978,"t":[-9.25394,-18.9696,-66.8359],"timestamp":88568376987},false],[4,{"currentFrameRate":55.3963,"devices":[],"gestures":[],"hands":[{"armBasis":[[0.833579,-0.544725,-0.0917648],[0.552397,0.821408,0.141934],[-0.0019386,-0.169004,0.985614]],"armWidth":62.9686,"confidence":0.714698,"direction":[0.263321,0.510744,-0.818415],"elbow":[-9.41045,67.4315,323.224],"grabStrength":0,"id":398,"palmNormal":[-0.485903,-0.662668,-0.569885],"palmPosition":[-3.19381,141.076,14.6953],"palmVelocity":[-38.3362,-373.385,45.7838],"palmWidth":89.917,"pinchStrength":1,"r":[[0.797255,-0.485651,-0.358507],[0.561056,0.815287,0.143261],[0.222711,-0.315358,0.922469]],"s":0.997693,"sphereCenter":[-33.9197,134.926,-21.0227],"sphereRadius":46.2223,"stabilizedPalmPosition":[-3.18797,141.188,14.6826],"t":[-9.93081,-25.7411,-66.0201],"timeVisible":51.284,"type":"right","wrist":[-8.8932,112.524,60.2464]}],"id":1405377,"interactionBox":{"center":[0,200,0],"size":[235.247,235.247,147.751]},"pointables":[{"bases":[[[0.821346,0.471965,0.320374],[-0.55618,0.537841,0.633554],[0.126705,-0.698553,0.704251]],[[0.732467,0.677404,0.0679464],[-0.60723,0.60492,0.515115],[0.307839,-0.418564,0.854423]],[[0.732467,0.677404,0.0679464],[-0.658823,0.730435,-0.180046],[-0.171595,0.0871134,0.981309]],[[0.732467,0.677404,0.0679464],[-0.0167694,0.117725,-0.992905],[-0.680596,0.72613,0.0975892]]],"btipPosition":[-32.1112,120.074,-18.4611],"carpPosition":[-38.448,119.156,59.0074],"dipPosition":[-47.8518,136.868,-16.2041],"direction":[0.171595,-0.0871134,-0.981309],"extended":false,"handId":398,"id":3980,"length":51.5018,"mcpPosition":[-38.448,119.156,59.0074],"pipPosition":[-53.6334,139.803,16.8596],"stabilizedTipPosition":[-35.7101,124.12,-17.9728],"timeVisible":51.284,"tipPosition":[-35.1145,123.158,-18.5617],"tipVelocity":[-46.0404,-374.658,59.1974],"tool":false,"touchDistance":0.52373,"touchZone":"hovering","type":0,"width":20.0112},{"bases":[[[0.865784,-0.454202,-0.210045],[0.498276,0.743667,0.445735],[-0.0462497,-0.490571,0.870173]],[[0.864133,-0.384055,-0.325233],[0.475046,0.835826,0.275185],[0.166152,-0.392297,0.904708]],[[0.864133,-0.384055,-0.325233],[0.438993,0.891234,0.113965],[0.246089,-0.241256,0.938742]],[[0.864133,-0.384055,-0.325233],[0.403139,0.91509,-0.0094677],[0.301253,-0.122933,0.945587]]],"btipPosition":[-34.2882,193.154,-79.2832],"carpPosition":[-19.6322,132.995,60.7778],"dipPosition":[-29.2018,191.079,-63.3178],"direction":[-0.246089,0.241256,-0.938742],"extended":true,"handId":398,"id":3981,"length":58.114,"mcpPosition":[-16.2698,168.661,-2.48554],"pipPosition":[-23.3239,185.316,-40.8956],"stabilizedTipPosition":[-33.1145,192.729,-75.6173],"timeVisible":51.284,"tipPosition":[-33.0617,193.23,-75.441],"tipVelocity":[-39.2914,-415.276,23.9438],"tool":false,"touchDistance":0.346097,"touchZone":"hovering","type":1,"width":19.1147},{"bases":[[[0.753861,-0.636381,-0.163439],[0.636338,0.645222,0.422804],[-0.16361,-0.422738,0.891361]],[[0.749269,-0.647343,-0.139801],[0.30434,0.524047,-0.795457],[0.588195,0.553464,0.589664]],[[0.749269,-0.647343,-0.139801],[-0.44374,-0.33402,-0.83158],[0.491621,0.685112,-0.537523]],[[0.749269,-0.647343,-0.139801],[-0.632681,-0.637277,-0.439991],[0.195733,0.418121,-0.887053]]],"btipPosition":[-42.5322,104.831,0.528609],"carpPosition":[-8.34548,129.065,58.4927],"dipPosition":[-38.8974,112.595,-15.9443],"direction":[-0.491621,-0.685112,0.537523],"extended":false,"handId":398,"id":3982,"length":66.2163,"mcpPosition":[2.93463,158.21,-2.96241],"pipPosition":[-25.0823,131.848,-31.0493],"stabilizedTipPosition":[-41.6761,106.795,-3.29716],"timeVisible":51.284,"tipPosition":[-41.7429,106.8,-4.36262],"tipVelocity":[-39.2617,-376.78,68.8548],"tool":false,"touchDistance":0.333333,"touchZone":"none","type":2,"width":18.7732},{"bases":[[[0.671438,-0.738471,-0.0618914],[0.683032,0.584302,0.438245],[-0.287468,-0.336528,0.896722]],[[0.676082,-0.732829,-0.0766511],[0.392157,0.445946,-0.804578],[0.6238,0.513901,0.58888]],[[0.676082,-0.732829,-0.0766511],[-0.441921,-0.320047,-0.838019],[0.589593,0.600443,-0.54023]],[[0.676082,-0.732829,-0.0766511],[-0.678484,-0.578601,-0.452636],[0.287354,0.358026,-0.888395]]],"btipPosition":[-29.7332,97.3871,5.8549],"carpPosition":[1.46045,122.293,56.1718],"dipPosition":[-24.4276,103.998,-10.5481],"direction":[-0.589593,-0.600443,0.54023],"extended":false,"handId":398,"id":3983,"length":63.6687,"mcpPosition":[19.2551,143.125,0.663533],"pipPosition":[-8.28734,120.435,-25.3371],"stabilizedTipPosition":[-28.4899,99.0968,2.05079],"timeVisible":51.284,"tipPosition":[-28.4779,98.9675,1.48174],"tipVelocity":[-40.9041,-375.619,64.9373],"tool":false,"touchDistance":0.333333,"touchZone":"none","type":3,"width":17.8639},{"bases":[[[0.511506,-0.858782,-0.0292439],[0.751052,0.430287,0.500774],[-0.417472,-0.278113,0.865084]],[[0.468811,-0.881621,0.054414],[0.642898,0.298326,-0.705468],[0.605722,0.365713,0.70665]],[[0.468811,-0.881621,0.054414],[-0.323204,-0.228546,-0.918317],[0.822044,0.41293,-0.392088]],[[0.468811,-0.881621,0.054414],[-0.703421,-0.409891,-0.580679],[0.534243,0.233953,-0.812312]]],"btipPosition":[-15.1823,100.977,0.141853],"carpPosition":[7.0498,109.786,52.9894],"dipPosition":[-6.08231,104.962,-13.6947],"direction":[-0.822044,-0.41293,0.392088],"extended":false,"handId":398,"id":3984,"length":49.9151,"mcpPosition":[30.9715,125.722,3.41891],"pipPosition":[9.80628,112.943,-21.273],"stabilizedTipPosition":[-13.0682,102.067,-3.06419],"timeVisible":51.284,"tipPosition":[-13.2362,101.859,-2.55193],"tipVelocity":[-41.7854,-379.256,59.7892],"tool":false,"touchDistance":0.333333,"touchZone":"none","type":4,"width":15.8681}],"r":[[0.797255,-0.485651,-0.358507],[0.561056,0.815287,0.143261],[0.222711,-0.315358,0.922469]],"s":0.997693,"t":[-9.93081,-25.7411,-66.0201],"timestamp":88568394837},false],[5,{"currentFrameRate":55.3824,"devices":[],"gestures":[],"hands":[{"armBasis":[[0.844532,-0.529417,-0.0805241],[0.535504,0.835243,0.124916],[0.00112484,-0.148616,0.988894]],"armWidth":62.9686,"confidence":0.722142,"direction":[0.266292,0.502154,-0.822757],"elbow":[-9.11693,67.5125,325.728],"grabStrength":0,"id":398,"palmNormal":[-0.465166,-0.680654,-0.565978],"palmPosition":[-3.55209,135.075,15.9484],"palmVelocity":[-29.5136,-353.464,56.9309],"palmWidth":89.917,"pinchStrength":0.996371,"r":[[0.801296,-0.484537,-0.350925],[0.556141,0.819485,0.138387],[0.220524,-0.306053,0.926121]],"s":0.997352,"sphereCenter":[-33.4757,127.567,-20.1471],"sphereRadius":46.1582,"stabilizedPalmPosition":[-3.54819,135.14,15.9348],"t":[-10.4484,-32.1277,-64.9857],"timeVisible":51.3022,"type":"right","wrist":[-9.41706,107.166,61.8754]}],"id":1405378,"interactionBox":{"center":[0,200,0],"size":[235.247,235.247,147.751]},"pointables":[{"bases":[[[0.807731,0.492129,0.324621],[-0.57532,0.537729,0.616323],[0.128752,-0.684585,0.717472]],[[0.719271,0.691373,0.0682109],[-0.624954,0.60102,0.498205],[0.303449,-0.400973,0.864372]],[[0.719271,0.691373,0.0682109],[-0.668894,0.715704,-0.200871],[-0.187696,0.098855,0.97724]],[[0.719271,0.691373,0.0682109],[-0.00211529,0.100362,-0.994949],[-0.694726,0.715494,0.0736503]]],"btipPosition":[-31.6427,113.132,-17.1772],"carpPosition":[-39.0654,113.231,60.0914],"dipPosition":[-47.7101,129.68,-15.4738],"direction":[0.187696,-0.098855,-0.97724],"extended":false,"handId":398,"id":3980,"length":51.5018,"mcpPosition":[-39.0654,113.231,60.0914],"pipPosition":[-54.0342,133.011,17.4528],"stabilizedTipPosition":[-35.3447,117.063,-16.806],"timeVisible":51.3022,"tipPosition":[-34.712,116.16,-17.3816],"tipVelocity":[-13.8029,-380.324,61.4287],"tool":false,"touchDistance":0.52204,"touchZone":"hovering","type":0,"width":20.0112},{"bases":[[[0.876947,-0.441548,-0.189732],[0.477934,0.759841,0.440704],[-0.050426,-0.477154,0.877372]],[[0.875849,-0.374047,-0.304923],[0.455228,0.850097,0.264768],[0.160178,-0.370706,0.914833]],[[0.875849,-0.374047,-0.304923],[0.420274,0.901759,0.100996],[0.237189,-0.216609,0.947007]],[[0.875849,-0.374047,-0.304923],[0.385573,0.922366,-0.0239568],[0.290212,-0.0965875,0.952076]]],"btipPosition":[-34.2324,184.675,-79.4107],"carpPosition":[-20.5326,127.441,61.9105],"dipPosition":[-29.3324,183.044,-63.3357],"direction":[-0.237189,0.216609,-0.947007],"extended":true,"handId":398,"id":3981,"length":58.114,"mcpPosition":[-16.8666,162.132,-1.87619],"pipPosition":[-23.667,177.87,-40.7161],"stabilizedTipPosition":[-33.1054,184.332,-75.7131],"timeVisible":51.3022,"tipPosition":[-33.0434,184.935,-75.5308],"tipVelocity":[-20.2598,-437.847,9.86528],"tool":false,"touchDistance":0.343286,"touchZone":"hovering","type":1,"width":19.1147},{"bases":[[[0.767661,-0.624976,-0.141782],[0.618088,0.663593,0.421439],[-0.169303,-0.411156,0.895705]],[[0.762913,-0.635635,-0.118035],[0.305053,0.514903,-0.801136],[0.570006,0.57519,0.586728]],[[0.762913,-0.635635,-0.118035],[-0.427223,-0.358647,-0.829971],[0.485226,0.683623,-0.545175]],[[0.762913,-0.635635,-0.118035],[-0.615169,-0.657588,-0.434909],[0.198826,0.404409,-0.892705]]],"btipPosition":[-41.9488,97.9117,2.05354],"carpPosition":[-9.14331,123.682,59.8573],"dipPosition":[-38.2565,105.422,-14.5243],"direction":[-0.485226,-0.683623,0.545175],"extended":false,"handId":398,"id":3982,"length":66.2163,"mcpPosition":[2.52935,152.03,-1.8973],"pipPosition":[-24.6212,124.632,-29.8443],"stabilizedTipPosition":[-41.1104,99.7727,-1.78809],"timeVisible":51.3022,"tipPosition":[-41.1476,99.7881,-2.87477],"tipVelocity":[-4.90755,-380.887,75.5357],"tool":false,"touchDistance":0.333333,"touchZone":"none","type":2,"width":18.7732},{"bases":[[[0.685586,-0.726903,-0.0397904],[0.665643,0.603801,0.438571],[-0.294773,-0.327164,0.897815]],[[0.690369,-0.721392,-0.0546365],[0.394643,0.438813,-0.807279],[0.60634,0.535758,0.587635]],[[0.690369,-0.721392,-0.0546365],[-0.425939,-0.344252,-0.8367],[0.584779,0.600903,-0.54493]],[[0.690369,-0.721392,-0.0546365],[-0.662305,-0.599819,-0.448965],[0.291108,0.346138,-0.891877]]],"btipPosition":[-29.0904,90.8119,7.6566],"carpPosition":[0.817713,117.056,57.7933],"dipPosition":[-23.7155,97.2029,-8.81073],"direction":[-0.584779,-0.600903,0.54493],"extended":false,"handId":398,"id":3983,"length":63.6687,"mcpPosition":[19.0645,137.308,2.21732],"pipPosition":[-7.70701,113.653,-23.7284],"stabilizedTipPosition":[-27.8673,92.4216,3.83183],"timeVisible":51.3022,"tipPosition":[-27.8335,92.3179,3.22835],"tipVelocity":[-4.13577,-371.033,81.0001],"tool":false,"touchDistance":0.333333,"touchZone":"none","type":3,"width":17.8639},{"bases":[[[0.527391,-0.849589,-0.00752459],[0.735498,0.452098,0.504628],[-0.425325,-0.271671,0.863304]],[[0.483864,-0.871849,0.0758596],[0.647989,0.298661,-0.700651],[0.588206,0.388176,0.70946]],[[0.483864,-0.871849,0.0758596],[-0.305074,-0.249285,-0.919123],[0.820247,0.421587,-0.386599]],[[0.483864,-0.871849,0.0758596],[-0.687027,-0.432119,-0.584181],[0.542098,0.230546,-0.808071]]],"btipPosition":[-14.5888,94.5313,1.87836],"carpPosition":[6.6804,104.603,54.9005],"dipPosition":[-5.35496,98.4583,-11.8859],"direction":[-0.820247,-0.421587,0.386599],"extended":false,"handId":398,"id":3984,"length":49.9151,"mcpPosition":[31.0521,120.171,5.43194],"pipPosition":[10.4989,106.607,-19.3582],"stabilizedTipPosition":[-12.476,95.5554,-1.3198],"timeVisible":51.3022,"tipPosition":[-12.6177,95.405,-0.803606],"tipVelocity":[-5.50223,-368.563,77.4132],"tool":false,"touchDistance":0.333333,"touchZone":"none","type":4,"width":15.8681}],"r":[[0.801296,-0.484537,-0.350925],[0.556141,0.819485,0.138387],[0.220524,-0.306053,0.926121]],"s":0.997352,"t":[-10.4484,-32.1277,-64.9857],"timestamp":88568412941},false],[6,{"currentFrameRate":55.3926,"devices":[],"gestures":[],"hands":[{"armBasis":[[0.861935,-0.502476,-0.0677159],[0.507002,0.855264,0.107108],[0.00409573,-0.126652,0.991939]],"armWidth":62.9686,"confidence":0.724507,"direction":[0.268272,0.497426,-0.824984],"elbow":[-8.51173,68.1764,328.133],"grabStrength":0,"id":398,"palmNormal":[-0.431418,-0.703664,-0.564566],"palmPosition":[-3.6188,129.331,17.2282],"palmVelocity":[-17.2761,-337.008,63.6149],"palmWidth":89.917,"pinchStrength":0.99397,"r":[[0.808979,-0.479619,-0.33988],[0.546462,0.826674,0.134128],[0.21664,-0.294238,0.930855]],"s":0.996967,"sphereCenter":[-32.3022,120.015,-19.4172],"sphereRadius":46.0768,"stabilizedPalmPosition":[-3.61809,129.39,17.2152],"t":[-10.7405,-38.1926,-63.8286],"timeVisible":51.3202,"type":"right","wrist":[-9.60454,101.969,63.4676]}],"id":1405379,"interactionBox":{"center":[0,200,0],"size":[235.247,235.247,147.751]},"pointables":[{"bases":[[[0.784822,0.522276,0.33359],[-0.604963,0.528889,0.595228],[0.134441,-0.668958,0.731041]],[[0.696342,0.713952,0.0733499],[-0.652578,0.587294,0.478776],[0.298745,-0.381259,0.874868]],[[0.696342,0.713952,0.0733499],[-0.686124,0.692196,-0.223825],[-0.210573,0.105532,0.971865]],[[0.696342,0.713952,0.0733499],[0.0176683,0.0851163,-0.996214],[-0.717492,0.695002,0.0466558]]],"btipPosition":[-30.4297,106.248,-16.0214],"carpPosition":[-39.3817,107.071,60.9595],"dipPosition":[-47.0235,122.322,-14.9424],"direction":[0.210573,-0.105532,-0.971865],"extended":false,"handId":398,"id":3980,"length":51.5018,"mcpPosition":[-39.3817,107.071,60.9595],"pipPosition":[-54.1185,125.878,17.8032],"stabilizedTipPosition":[-34.2613,110.043,-15.7873],"timeVisible":51.3202,"tipPosition":[-33.5814,109.148,-16.3323],"tipVelocity":[21.4743,-384.011,58.9384],"tool":false,"touchDistance":0.518352,"touchZone":"hovering","type":0,"width":20.0112},{"bases":[[[0.894157,-0.416649,-0.163975],[0.444423,0.781257,0.438322],[-0.0545199,-0.464803,0.883734]],[[0.89356,-0.351897,-0.278783],[0.422219,0.869758,0.255443],[0.152584,-0.345961,0.925759]],[[0.89356,-0.351897,-0.278783],[0.388707,0.917126,0.0882403],[0.224627,-0.187213,0.956292]],[[0.89356,-0.351897,-0.278783],[0.355641,0.933816,-0.0388139],[0.27399,-0.0644639,0.95957]]],"btipPosition":[-33.8494,175.924,-79.6569],"carpPosition":[-21.3436,121.884,62.939],"dipPosition":[-29.2233,174.835,-63.4554],"direction":[-0.224627,0.187213,-0.956292],"extended":true,"handId":398,"id":3981,"length":58.114,"mcpPosition":[-17.3799,155.676,-1.31021],"pipPosition":[-23.858,170.364,-40.614],"stabilizedTipPosition":[-32.7862,175.694,-75.93],"timeVisible":51.3202,"tipPosition":[-32.7202,176.428,-75.7304],"tipVelocity":[-2.23455,-457.241,-0.523762],"tool":false,"touchDistance":0.339035,"touchZone":"hovering","type":1,"width":19.1147},{"bases":[[[0.789618,-0.602654,-0.115376],[0.587887,0.689176,0.423586],[-0.175761,-0.402299,0.898478]],[[0.784702,-0.613066,-0.0916129],[0.305974,0.511614,-0.80289],[0.539095,0.601998,0.589046]],[[0.784702,-0.613066,-0.0916129],[-0.398155,-0.385218,-0.832514],[0.475095,0.689751,-0.546377]],[[0.784702,-0.613066,-0.0916129],[-0.58503,-0.683608,-0.436371],[0.204897,0.396017,-0.895091]]],"btipPosition":[-40.5171,90.7784,3.16084],"carpPosition":[-9.80115,118.453,61.1881],"dipPosition":[-36.7121,98.1326,-13.4613],"direction":[-0.475095,-0.689751,0.546377],"extended":false,"handId":398,"id":3982,"length":66.2163,"mcpPosition":[2.31676,146.19,-0.757673],"pipPosition":[-23.3614,117.515,-28.8151],"stabilizedTipPosition":[-39.6647,92.583,-0.679704],"timeVisible":51.3202,"tipPosition":[-39.6742,92.5929,-1.75906],"tipVelocity":[35.7742,-388.947,68.5918],"tool":false,"touchDistance":0.333333,"touchZone":"none","type":2,"width":18.7732},{"bases":[[[0.708567,-0.705514,-0.0135014],[0.636897,0.631182,0.442686],[-0.303799,-0.322272,0.896575]],[[0.713771,-0.699771,-0.0291761],[0.394137,0.43576,-0.809178],[0.578953,0.566068,0.586839]],[[0.713771,-0.699771,-0.0291761],[-0.401945,-0.37516,-0.835282],[0.57356,0.607927,-0.549048]],[[0.713771,-0.699771,-0.0291761],[-0.635696,-0.629804,-0.44636],[0.293974,0.337146,-0.894378]]],"btipPosition":[-27.4825,84.2005,9.57694],"carpPosition":[0.403489,112.112,59.4428],"dipPosition":[-22.0547,90.4254,-6.93656],"direction":[-0.57356,-0.607927,0.549048],"extended":false,"handId":398,"id":3983,"length":63.6687,"mcpPosition":[19.2091,132.061,3.94362],"pipPosition":[-6.35328,107.068,-21.9669],"stabilizedTipPosition":[-26.2681,85.7734,5.73833],"timeVisible":51.3202,"tipPosition":[-26.2277,85.6522,5.03422],"tipVelocity":[40.4547,-370.096,92.8478],"tool":false,"touchDistance":0.333333,"touchZone":"none","type":3,"width":17.8639},{"bases":[[[0.553604,-0.832598,0.0174005],[0.709993,0.482797,0.512656],[-0.435238,-0.271455,0.858417]],[[0.508998,-0.854916,0.100196],[0.653449,0.308008,-0.691473],[0.560291,0.417431,0.71542]],[[0.508998,-0.854916,0.100196],[-0.277154,-0.272979,-0.921232],[0.814928,0.441135,-0.375889]],[[0.508998,-0.854916,0.100196],[-0.660437,-0.462534,-0.591511],[0.552037,0.234905,-0.800047]]],"btipPosition":[-13.0803,88.2476,3.58285],"carpPosition":[6.71191,99.8064,56.8769],"dipPosition":[-3.67721,92.2488,-10.0448],"direction":[-0.814928,-0.441135,0.375889],"extended":false,"handId":398,"id":3984,"length":49.9151,"mcpPosition":[31.6516,115.361,7.68833],"pipPosition":[12.0738,100.775,-17.31],"stabilizedTipPosition":[-10.9462,89.2851,0.416034],"timeVisible":51.3202,"tipPosition":[-11.0788,89.1411,0.926402],"tipVelocity":[37.8229,-358.72,86.3883],"tool":false,"touchDistance":0.333333,"to