{"sensorType":"Leap","data":[[0,{"currentFrameRate":55.3434,"devices":[],"gestures":[],"hands":[{"armBasis":[[0.979054,-0.191238,-0.069871],[0.202538,0.949829,0.238332],[0.0207874,-0.247492,0.968667]],"armWidth":62.9686,"confidence":0.913274,"direction":[0.279678,0.355848,-0.891713],"elbow":[-6.26151,138.627,353.839],"grabStrength":0,"id":398,"palmNormal":[-0.154182,-0.900076,-0.407543],"palmPosition":[-4.68001,221.702,44.576],"palmVelocity":[17.062,228.344,-105.375],"palmWidth":89.917,"pinchStrength":1,"r":[[0.949346,-0.314138,-0.00776454],[0.313721,0.948917,-0.0336927],[0.017952,0.0295501,0.999402]],"s":0.823897,"sphereCenter":[-9.99376,188.166,9.17181],"sphereRadius":44.038,"stabilizedPalmPosition":[-4.80689,219.704,45.4881],"t":[-12.3933,44.0026,-33.4288],"timeVisible":19.6133,"type":"right","wrist":[-11.8079,204.661,95.3835]}],"id":1403642,"interactionBox":{"center":[0,200,0],"size":[235.247,235.247,147.751]},"pointables":[{"bases":[[[0.573804,0.7733,0.269734],[-0.802845,0.466031,0.371827],[0.161829,-0.42991,0.88825]],[[0.464131,0.88001,-0.100817],[-0.883005,0.468658,0.0257248],[0.0698869,0.0770826,0.994572]],[[0.464131,0.88001,-0.100817],[-0.873223,0.435497,-0.218687],[-0.148541,0.189536,0.970573]],[[0.464131,0.88001,-0.100817],[-0.429364,0.123966,-0.894583],[-0.774745,0.458491,0.435381]]],"btipPosition":[-21.6204,180.144,-3.32929],"carpPosition":[-41.0958,200.936,88.5033],"dipPosition":[-39.5384,190.748,6.74004],"direction":[0.148541,-0.189536,-0.970573],"extended":false,"handId":398,"id":3980,"length":51.5018,"mcpPosition":[-41.0958,200.936,88.5033],"pipPosition":[-44.5433,197.134,39.4421],"stabilizedTipPosition":[-25.7237,180.674,-0.0635536],"timeVisible":19.6133,"tipPosition":[-25.5476,182.67,-0.450202],"tipVelocity":[3.19116,247.111,-123.154],"tool":false,"touchDistance":0.136477,"touchZone":"hovering","type":0,"width":20.0112},{"bases":[[[0.981138,-0.18815,0.0443505],[0.169773,0.948418,0.267732],[-0.0924365,-0.255153,0.962472]],[[0.978805,-0.193854,0.0660355],[0.196015,0.980203,-0.0279341],[-0.0593131,0.040286,0.997426]],[[0.978805,-0.193854,0.0660355],[0.201047,0.970968,-0.129624],[-0.0389903,0.140153,0.989362]],[[0.978805,-0.193854,0.0660355],[0.203379,0.957953,-0.202395],[-0.0240238,0.211536,0.977075]]],"btipPosition":[-17.0309,230.007,-63.9305],"carpPosition":[-27.6063,220.087,88.518],"dipPosition":[-17.4365,233.579,-47.4335],"direction":[0.0389903,-0.140153,-0.989362],"extended":true,"handId":398,"id":3981,"length":58.114,"mcpPosition":[-20.886,238.637,18.5443],"pipPosition":[-18.3678,236.926,-23.8022],"stabilizedTipPosition":[-17.1477,230.402,-59.9903],"timeVisible":19.6133,"tipPosition":[-17.4507,228.904,-59.7529],"tipVelocity":[16.8872,293.933,-107.503],"tool":false,"touchDistance":0.204653,"touchZone":"hovering","type":1,"width":19.1147},{"bases":[[[0.916215,-0.379799,0.12768],[0.331131,0.897123,0.292442],[-0.225614,-0.22566,0.947721]],[[0.903714,-0.390664,0.175166],[0.406779,0.655869,-0.635898],[0.133537,0.645924,0.751632]],[[0.903714,-0.390664,0.175166],[-0.0328142,-0.471134,-0.881451],[0.426878,0.790832,-0.438589]],[[0.903714,-0.390664,0.175166],[-0.305248,-0.874809,-0.376209],[0.300208,0.286516,-0.909826]]],"btipPosition":[-23.8331,176.814,17.02],"carpPosition":[-15.4568,219.566,88.9419],"dipPosition":[-18.2581,182.134,0.124144],"direction":[-0.426878,-0.790832,0.438589],"extended":false,"handId":398,"id":3982,"length":66.2163,"mcpPosition":[0.0982227,235.124,23.601],"pipPosition":[-6.2624,204.357,-12.2007],"stabilizedTipPosition":[-22.6456,175.276,14.687],"timeVisible":19.6133,"tipPosition":[-22.6263,178.129,13.904],"tipVelocity":[11.2323,238.935,-133.777],"tool":false,"touchDistance":0.333333,"touchZone":"none","type":2,"width":18.7732},{"bases":[[[0.845442,-0.475408,0.243342],[0.388384,0.860045,0.330879],[-0.366588,-0.185228,0.911759]],[[0.84442,-0.475921,0.245874],[0.522639,0.631284,-0.573],[0.117487,0.612356,0.781803]],[[0.84442,-0.475921,0.245874],[0.0101166,-0.444742,-0.895601],[0.535586,0.758751,-0.370735]],[[0.84442,-0.475921,0.245874],[-0.347668,-0.836094,-0.424352],[0.407531,0.272849,-0.871477]]],"btipPosition":[-8.59225,174.579,25.2581],"carpPosition":[-3.9108,215.959,89.9762],"dipPosition":[-1.06772,179.616,9.16742],"direction":[-0.535586,-0.758751,0.370735],"extended":false,"handId":398,"id":3983,"length":63.6687,"mcpPosition":[18.7815,227.425,33.5372],"pipPosition":[13.5941,200.388,-0.981559],"stabilizedTipPosition":[-6.96686,172.716,23.2124],"timeVisible":19.6133,"tipPosition":[-6.98229,175.856,22.224],"tipVelocity":[11.1106,233.383,-129.132],"tool":false,"touchDistance":0.333333,"touchZone":"none","type":3,"width":17.8639},{"bases":[[[0.721459,-0.629177,0.289195],[0.481229,0.755866,0.443942],[-0.497911,-0.181117,0.848105]],[[0.573372,-0.654496,0.492829],[0.815569,0.39865,-0.419434],[0.0780516,0.642428,0.762361]],[[0.573372,-0.654496,0.492829],[0.116485,-0.530295,-0.839773],[0.810972,0.538909,-0.227817]],[[0.573372,-0.654496,0.492829],[-0.43772,-0.753196,-0.491016],[0.692565,0.0658136,-0.718347]]],"btipPosition":[3.76457,181.928,32.7426],"carpPosition":[5.43231,205.535,91.3395],"dipPosition":[15.5614,183.049,20.5066],"direction":[-0.810973,-0.538909,0.227817],"extended":false,"handId":398,"id":3984,"length":49.9151,"mcpPosition":[33.9633,215.913,42.7419],"pipPosition":[31.236,193.465,16.1033],"stabilizedTipPosition":[6.35317,179.371,31.4546],"timeVisible":19.6133,"tipPosition":[6.46128,182.262,30.357],"tipVelocity":[12.8468,227.601,-123.641],"tool":false,"touchDistance":0.333333,"touchZone":"none","type":4,"width":15.8681}],"r":[[0.949346,-0.314138,-0.00776454],[0.313721,0.948917,-0.0336927],[0.017952,0.0295501,0.999402]],"s":0.823897,"t":[-12.3933,44.0026,-33.4288],"timestamp":88536724041},false],[1,{"currentFrameRate":55.3453,"devices":[],"gestures":[],"hands":[{"armBasis":[[0.980881,-0.183286,-0.0654096],[0.193981,0.947783,0.253137],[0.0155977,-0.260986,0.965217]],"armWidth":62.9686,"confidence":0.856496,"direction":[0.276392,0.376719,-0.884132],"elbow":[-7.39065,138.422,350.408],"grabStrength":0,"id":398,"palmNormal":[-0.144888,-0.893121,-0.425843],"palmPosition":[-4.57838,226.199,42.426],"palmVelocity":[11.6312,238.127,-111.864],"palmWidth":89.917,"pinchStrength":1,"r":[[0.949449,-0.313723,-0.0111167],[0.31335,0.949263,-0.0266607],[0.0189167,0.0218296,0.999583]],"s":0.825661,"sphereCenter":[-9.6791,193.406,6.25625],"sphereRadius":44.0803,"stabilizedPalmPosition":[-4.6507,224.143,43.3951],"t":[-12.1928,48.3062,-35.4513],"timeVisible":19.6313,"type":"right","wrist":[-11.5524,208.057,92.8724]}],"id":1403643,"interactionBox":{"center":[0,200,0],"size":[235.247,235.247,147.751]},"pointables":[{"bases":[[[0.565826,0.773433,0.285732],[-0.807673,0.450214,0.380751],[0.165845,-0.446217,0.879424]],[[0.455331,0.886505,-0.0823594],[-0.887786,0.459065,0.0331088],[0.0671594,0.058042,0.996053]],[[0.455331,0.886505,-0.0823594],[-0.877963,0.431725,-0.206867],[-0.147832,0.166502,0.974896]],[[0.455331,0.886505,-0.0823594],[-0.434807,0.140693,-0.889465],[-0.776928,0.440811,0.44952]]],"btipPosition":[-21.1618,185.508,-6.47754],"carpPosition":[-40.7983,204.176,85.9007],"dipPosition":[-39.1303,195.703,3.91878],"direction":[0.147832,-0.166502,-0.974896],"extended":false,"handId":398,"id":3980,"length":51.5018,"mcpPosition":[-40.7983,204.176,85.9007],"pipPosition":[-44.1112,201.313,36.7665],"stabilizedTipPosition":[-25.4193,185.766,-2.91725],"timeVisible":19.6313,"tipPosition":[-25.0876,187.909,-3.50446],"tipVelocity":[13.4294,268.318,-145.468],"tool":false,"touchDistance":0.116482,"touchZone":"hovering","type":0,"width":20.0112},{"bases":[[[0.98298,-0.179058,0.041093],[0.16004,0.944451,0.287052],[-0.0902094,-0.27559,0.957033]],[[0.980777,-0.185031,0.0619738],[0.185596,0.98262,-0.00343933],[-0.0602603,0.0148753,0.998072]],[[0.980777,-0.185031,0.0619738],[0.190866,0.975718,-0.107443],[-0.0405886,0.117207,0.992278]],[[0.980777,-0.185031,0.0619738],[0.193388,0.964066,-0.182149],[-0.0260436,0.190633,0.981316]]],"btipPosition":[-16.9779,236.844,-65.9092],"carpPosition":[-27.5039,223.458,86.3125],"dipPosition":[-17.4176,240.063,-49.3405],"direction":[0.0405886,-0.117207,-0.992278],"extended":true,"handId":398,"id":3981,"length":58.114,"mcpPosition":[-20.9454,243.494,16.7343],"pipPosition":[-18.3871,242.862,-25.6396],"stabilizedTipPosition":[-17.0839,237.075,-61.9488],"timeVisible":19.6313,"tipPosition":[-17.3598,235.713,-61.7765],"tipVelocity":[10.056,331.971,-108.041],"tool":false,"touchDistance":0.206495,"touchZone":"hovering","type":1,"width":19.1147},{"bases":[[[0.919973,-0.37301,0.120472],[0.321901,0.894303,0.310809],[-0.223674,-0.247156,0.942807]],[[0.907533,-0.38499,0.167827],[0.401415,0.67765,-0.616163],[0.123489,0.626556,0.769531]],[[0.907533,-0.38499,0.167827],[-0.0236541,-0.445828,-0.894806],[0.419313,0.808097,-0.41371]],[[0.907533,-0.38499,0.167827],[-0.293924,-0.867657,-0.400974],[0.299987,0.314569,-0.900586]]],"btipPosition":[-23.1646,181.698,13.4265],"carpPosition":[-15.3498,223.052,86.7329],"dipPosition":[-17.5937,187.539,-3.29769],"direction":[-0.419313,-0.808097,0.41371],"extended":false,"handId":398,"id":3982,"length":66.2163,"mcpPosition":[0.0714239,240.092,21.7309],"pipPosition":[-5.8106,210.248,-14.9234],"stabilizedTipPosition":[-22.1816,180.003,11.5783],"timeVisible":19.6313,"tipPosition":[-21.9892,183.101,10.457],"tipVelocity":[23.45,257.035,-163.692],"tool":false,"touchDistance":0.333333,"touchZone":"none","type":2,"width":18.7732},{"bases":[[[0.850129,-0.471663,0.234126],[0.379512,0.857033,0.348518],[-0.365037,-0.207432,0.90759]],[[0.849029,-0.472284,0.236848],[0.517457,0.652759,-0.553303],[0.106711,0.592329,0.798598]],[[0.849029,-0.472284,0.236848],[0.0201158,-0.419063,-0.907734],[0.527963,0.775458,-0.346296]],[[0.849029,-0.472284,0.236848],[-0.335938,-0.828555,-0.447931],[0.407792,0.30074,-0.862126]]],"btipPosition":[-7.86603,179.448,21.6572],"carpPosition":[-3.76821,219.542,87.7005],"dipPosition":[-0.336683,185,5.7392],"direction":[-0.527963,-0.775458,0.346296],"extended":false,"handId":398,"id":3983,"length":63.6687,"mcpPosition":[18.828,232.382,31.5195],"pipPosition":[14.1165,206.229,-3.74078],"stabilizedTipPosition":[-6.47944,177.405,20.1586],"timeVisible":19.6313,"tipPosition":[-6.29586,180.812,18.7751],"tipVelocity":[24.9586,253.686,-161.442],"tool":false,"touchDistance":0.333333,"touchZone":"none","type":3,"width":17.8639},{"bases":[[[0.727695,-0.627581,0.276771],[0.473367,0.751524,0.459496],[-0.49637,-0.203359,0.843956]],[[0.579135,-0.658573,0.480505],[0.812289,0.416122,-0.408692],[0.0692048,0.626996,0.775942]],[[0.579135,-0.658573,0.480505],[0.125112,-0.510627,-0.850651],[0.805574,0.552758,-0.213327]],[[0.579135,-0.658573,0.480505],[-0.427802,-0.747241,-0.508544],[0.693966,0.0889544,-0.714492]]],"btipPosition":[4.31324,186.732,29.6777],"carpPosition":[5.67965,209.187,88.8571],"dipPosition":[16.1339,188.248,17.5073],"direction":[-0.805574,-0.552758,0.213327],"extended":false,"handId":398,"id":3984,"length":49.9151,"mcpPosition":[34.1224,220.84,40.4973],"pipPosition":[31.7042,198.931,13.3841],"stabilizedTipPosition":[6.76104,184.003,28.7051],"timeVisible":19.6313,"tipPosition":[6.99875,187.153,27.3278],"tipVelocity":[21.3168,248.215,-145.114],"tool":false,"touchDistance":0.333333,"touchZone":"none","type":4,"width":15.8681}],"r":[[0.949449,-0.313723,-0.0111167],[0.31335,0.949263,-0.0266607],[0.0189167,0.0218296,0.999583]],"s":0.825661,"t":[-12.1928,48.3062,-35.4513],"timestamp":88536742103},false],[2,{"currentFrameRate":55.3313,"devices":[],"gestures":[],"hands":[{"armBasis":[[0.979559,-0.190144,-0.0656392],[0.200801,0.943664,0.263014],[0.0119309,-0.270818,0.962557]],"armWidth":62.9686,"confidence":0.867625,"direction":[0.274351,0.375684,-0.885208],"elbow":[-8.03902,139.27,347.764],"grabStrength":0,"id":398,"palmNormal":[-0.154736,-0.891287,-0.426221],"palmPosition":[-4.39209,229.685,40.477],"palmVelocity":[10.9882,216.34,-109.813],"palmWidth":89.917,"pinchStrength":1,"r":[[0.948995,-0.314936,-0.0149884],[0.3146,0.948989,-0.0211367],[0.0208805,0.0153432,0.999664]],"s":0.82727,"sphereCenter":[-10.2489,197.172,4.19064],"sphereRadius":44.1216,"stabilizedPalmPosition":[-4.4764,227.878,41.4284],"t":[-11.9994,52.2009,-37.437],"timeVisible":19.6494,"type":"right","wrist":[-11.2224,211.529,90.9381]}],"id":1403644,"interactionBox":{"center":[0,200,0],"size":[235.247,235.247,147.751]},"pointables":[{"bases":[[[0.57385,0.768327,0.283495],[-0.801698,0.456324,0.386068],[0.167261,-0.448823,0.877828]],[[0.462366,0.88277,-0.0832764],[-0.883764,0.466426,0.0375182],[0.0719622,0.0562495,0.99582]],[[0.462366,0.88277,-0.0832764],[-0.875895,0.44011,-0.197765],[-0.13793,0.164381,0.976706]],[[0.462366,0.88277,-0.0832764],[-0.442193,0.148157,-0.884599],[-0.768559,0.445833,0.458857]]],"btipPosition":[-21.667,189.275,-8.5121],"carpPosition":[-40.5394,207.899,84.1316],"dipPosition":[-39.4419,199.586,2.10018],"direction":[0.13793,-0.164381,-0.976706],"extended":false,"handId":398,"id":3980,"length":51.5018,"mcpPosition":[-40.5394,207.899,84.1316],"pipPosition":[-44.0893,205.125,35.0088],"stabilizedTipPosition":[-25.6563,189.915,-5.14274],"timeVisible":19.6494,"tipPosition":[-25.5334,191.672,-5.48006],"tipVelocity":[-5.06596,240.258,-128.363],"tool":false,"touchDistance":0.109183,"touchZone":"hovering","type":0,"width":20.0112},{"bases":[[[0.981689,-0.187225,0.0351198],[0.169505,0.942688,0.287415],[-0.0869184,-0.276199,0.957162]],[[0.979685,-0.192889,0.0548769],[0.192981,0.981196,0.00367128],[-0.0545532,0.00699349,0.998486]],[[0.979685,-0.192889,0.0548769],[0.19767,0.974945,-0.102025],[-0.0338225,0.1108,0.993267]],[[0.979685,-0.192889,0.0548769],[0.199687,0.963524,-0.178175],[-0.0185073,0.185513,0.982467]]],"btipPosition":[-17.3283,241.075,-67.7992],"carpPosition":[-27.0839,227.07,84.4925],"dipPosition":[-17.6408,244.207,-51.2112],"direction":[0.0338225,-0.1108,-0.993267],"extended":true,"handId":398,"id":3981,"length":58.114,"mcpPosition":[-20.7648,247.151,14.9049],"pipPosition":[-18.4487,246.854,-27.4866],"stabilizedTipPosition":[-17.377,241.449,-63.8345],"timeVisible":19.6494,"tipPosition":[-17.6689,239.939,-63.6804],"tipVelocity":[-3.16893,284.565,-106.144],"tool":false,"touchDistance":0.201031,"touchZone":"hovering","type":1,"width":19.1147},{"bases":[[[0.917544,-0.380763,0.114598],[0.331082,0.891171,0.310159],[-0.220223,-0.246643,0.943752]],[[0.905281,-0.392708,0.162009],[0.403923,0.67759,-0.614587],[0.131578,0.621813,0.772033]],[[0.905281,-0.392708,0.162009],[-0.0303142,-0.44011,-0.897432],[0.423731,0.807517,-0.410328]],[[0.905281,-0.392708,0.162009],[-0.302017,-0.863156,-0.404657],[0.298751,0.317399,-0.900003]]],"btipPosition":[-23.4705,185.364,11.2449],"carpPosition":[-14.9314,226.563,84.8416],"dipPosition":[-17.9226,191.258,-5.46854],"direction":[-0.423731,-0.807517,0.410328],"extended":false,"handId":398,"id":3982,"length":66.2163,"mcpPosition":[0.251974,243.568,19.7743],"pipPosition":[-6.01533,213.95,-16.9992],"stabilizedTipPosition":[-22.1893,184.022,9.07854],"timeVisible":19.6494,"tipPosition":[-22.3039,186.776,8.30804],"tipVelocity":[4.11182,231.3,-143.015],"tool":false,"touchDistance":0.333333,"touchZone":"none","type":2,"width":18.7732},{"bases":[[[0.847549,-0.478998,0.22852],[0.388601,0.853374,0.347481],[-0.361456,-0.205704,0.909415]],[[0.846303,-0.479702,0.231641],[0.520468,0.651941,-0.55144],[0.11351,0.587247,0.801409]],[[0.846303,-0.479702,0.231641],[0.0148551,-0.41342,-0.910419],[0.532495,0.773931,-0.342753]],[[0.846303,-0.479702,0.231641],[-0.343306,-0.823641,-0.451395],[0.407324,0.302493,-0.861734]]],"btipPosition":[-8.10887,182.989,19.3522],"carpPosition":[-3.37376,222.956,85.7368],"dipPosition":[-0.588173,188.575,3.44142],"direction":[-0.532495,-0.773931,0.342753],"extended":false,"handId":398,"id":3983,"length":63.6687,"mcpPosition":[19.0008,235.69,29.4428],"pipPosition":[13.989,209.761,-5.94155],"stabilizedTipPosition":[-6.42215,181.327,17.6087],"timeVisible":19.6494,"tipPosition":[-6.55218,184.351,16.5181],"tipVelocity":[6.64582,226.157,-145.099],"tool":false,"touchDistance":0.333333,"touchZone":"none","type":3,"width":17.8639},{"bases":[[[0.724081,-0.63396,0.271663],[0.482224,0.746935,0.457764],[-0.493119,-0.200456,0.846552]],[[0.575474,-0.664065,0.477333],[0.814388,0.411905,-0.408785],[0.0748442,0.62398,0.777848]],[[0.575474,-0.664065,0.477333],[0.121085,-0.508048,-0.852775],[0.808807,0.548548,-0.211959]],[[0.575474,-0.664065,0.477333],[-0.43359,-0.742624,-0.510401],[0.693419,0.0867552,-0.715293]]],"btipPosition":[4.19186,190.126,27.4165],"carpPosition":[5.99478,212.523,86.8241],"dipPosition":[16.0032,191.604,15.2325],"direction":[-0.808807,-0.548548,0.211959],"extended":false,"handId":398,"id":3984,"length":49.9151,"mcpPosition":[34.2512,224.009,38.3155],"pipPosition":[31.636,202.206,11.1358],"stabilizedTipPosition":[6.84715,187.778,26.3158],"timeVisible":19.6494,"tipPosition":[6.84373,190.545,25.108],"tipVelocity":[7.92417,218.974,-135.518],"tool":false,"touchDistance":0.333333,"touchZone":"none","type":4,"width":15.8681}],"r":[[0.948995,-0.314936,-0.0149884],[0.3146,0.948989,-0.0211367],[0.0208805,0.0153432,0.999664]],"s":0.82727,"t":[-11.9994,52.2009,-37.437],"timestamp":88536760224},false],[3,{"currentFrameRate":55.3266,"devices":[],"gestures":[],"hands":[{"armBasis":[[0.978384,-0.198505,-0.0579735],[0.206775,0.943247,0.259864],[0.00309901,-0.266234,0.963903]],"armWidth":62.9686,"confidence":0.870224,"direction":[0.272907,0.387669,-0.880474],"elbow":[-10.4871,143.314,346.475],"grabStrength":0,"id":398,"palmNormal":[-0.156983,-0.885003,-0.438322],"palmPosition":[-4.57073,233.201,39.0728],"palmVelocity":[1.06828,205.9,-94.5036],"palmWidth":89.917,"pinchStrength":1,"r":[[0.948525,-0.316108,-0.0194039],[0.315874,0.948695,-0.0142024],[0.0228978,0.00734216,0.999711]],"s":0.828142,"sphereCenter":[-10.7221,201.275,2.2482],"sphereRadius":44.1844,"stabilizedPalmPosition":[-4.53968,231.449,39.8483],"t":[-11.992,55.9065,-39.1319],"timeVisible":19.6675,"type":"right","wrist":[-11.314,214.35,89.2899]}],"id":1403645,"interactionBox":{"center":[0,200,0],"size":[235.247,235.247,147.751]},"pointables":[{"bases":[[[0.575597,0.763463,0.292937],[-0.800168,0.452001,0.394242],[0.168581,-0.461324,0.871069]],[[0.463573,0.883156,-0.0716589],[-0.883077,0.467129,0.04434],[0.0726331,0.0427254,0.996443]],[[0.463573,0.883156,-0.0716589],[-0.876138,0.444813,-0.185805],[-0.13222,0.148917,0.97997]],[[0.463573,0.883156,-0.0716589],[-0.448596,0.164188,-0.878524],[-0.764108,0.439406,0.472294]]],"btipPosition":[-22.1075,193.57,-10.5956],"carpPosition":[-40.6515,210.857,82.4995],"dipPosition":[-39.7795,203.732,0.327399],"direction":[0.13222,-0.148917,-0.97997],"extended":false,"handId":398,"id":3980,"length":51.5018,"mcpPosition":[-40.6515,210.857,82.4995],"pipPosition":[-44.2344,208.75,33.346],"stabilizedTipPosition":[-26.0214,194.157,-7.22422],"timeVisible":19.6675,"tipPosition":[-25.9331,195.903,-7.47504],"tipVelocity":[-13.6123,237.997,-120.211],"tool":false,"touchDistance":0.102926,"touchZone":"hovering","type":0,"width":20.0112},{"bases":[[[0.981493,-0.18909,0.0302681],[0.171515,0.938324,0.300217],[-0.0851693,-0.289469,0.953391]],[[0.979639,-0.194716,0.0489121],[0.193858,0.980788,0.0217752],[-0.0522124,-0.0118499,0.998566]],[[0.979639,-0.194716,0.0489121],[0.198373,0.976298,-0.0865448],[-0.0309011,0.0944855,0.995047]],[[0.979639,-0.194716,0.0489121],[0.200194,0.965789,-0.164843],[-0.0151412,0.171278,0.985106]]],"btipPosition":[-17.765,246.402,-69.0093],"carpPosition":[-27.1674,230.002,83.0987],"dipPosition":[-18.0207,249.294,-52.3767],"direction":[0.0309011,-0.0944855,-0.995047],"extended":true,"handId":398,"id":3981,"length":58.114,"mcpPosition":[-20.9755,251.047,13.7853],"pipPosition":[-18.7587,251.55,-28.6096],"stabilizedTipPosition":[-17.7941,246.693,-65.094],"timeVisible":19.6675,"tipPosition":[-18.0633,245.255,-64.9237],"tipVelocity":[-12.796,287.805,-87.2092],"tool":false,"touchDistance":0.207622,"touchZone":"hovering","type":1,"width":19.1147},{"bases":[[[0.917246,-0.383632,0.10717],[0.333068,0.886265,0.32187],[-0.218461,-0.25954,0.940699]],[[0.905124,-0.396177,0.154255],[0.404582,0.691165,-0.598835],[0.130629,0.604429,0.785876]],[[0.905124,-0.396177,0.154255],[-0.0286376,-0.418817,-0.907619],[0.424182,0.81709,-0.390427]],[[0.905124,-0.396177,0.154255],[-0.301765,-0.854249,-0.423315],[0.29948,0.336604,-0.892754]]],"btipPosition":[-23.6566,189.365,8.6737],"carpPosition":[-15.0149,229.473,83.4131],"dipPosition":[-18.0951,195.616,-7.9051],"direction":[-0.424182,-0.81709,0.390427],"extended":false,"handId":398,"id":3982,"length":66.2163,"mcpPosition":[0.0469414,247.367,18.5564],"pipPosition":[-6.17517,218.577,-18.8765],"stabilizedTipPosition":[-22.2998,188.005,6.60076],"timeVisible":19.6675,"tipPosition":[-22.5181,190.823,5.87949],"tipVelocity":[-2.65133,228.642,-141.778],"tool":false,"touchDistance":0.333333,"touchZone":"none","type":2,"width":18.7732},{"bases":[[[0.847365,-0.483356,0.219863],[0.390616,0.847866,0.358528],[-0.359711,-0.217922,0.907258]],[[0.845943,-0.484209,0.22343],[0.521212,0.66214,-0.538431],[0.112771,0.571937,0.812509]],[[0.845943,-0.484209,0.22343],[0.0165042,-0.395006,-0.91853],[0.533017,0.780712,-0.326161]],[[0.845943,-0.484209,0.22343],[-0.342957,-0.814827,-0.467372],[0.408363,0.318744,-0.855361]]],"btipPosition":[-8.30453,186.817,16.9184],"carpPosition":[-3.46055,225.838,84.2315],"dipPosition":[-0.764648,192.702,1.12529],"direction":[-0.533017,-0.780712,0.326161],"extended":false,"handId":398,"id":3983,"length":63.6687,"mcpPosition":[18.806,239.327,28.071],"pipPosition":[13.8269,214.075,-7.80348],"stabilizedTipPosition":[-6.50494,185.15,15.1941],"timeVisible":19.6675,"tipPosition":[-6.76326,188.225,14.1758],"tipVelocity":[-1.54059,221.044,-139.363],"tool":false,"touchDistance":0.333333,"touchZone":"none","type":3,"width":17.8639},{"bases":[[[0.72377,-0.638733,0.261109],[0.484332,0.739759,0.467097],[-0.491507,-0.211607,0.844774]],[[0.574021,-0.671607,0.468448],[0.81578,0.419629,-0.398014],[0.0707345,0.610619,0.78876]],[[0.574021,-0.671607,0.468448],[0.126406,-0.49255,-0.861055],[0.809025,0.553479,-0.197839]],[[0.574021,-0.671607,0.468448],[-0.431018,-0.73424,-0.524514],[0.696221,0.0991729,-0.710944]]],"btipPosition":[4.09166,193.779,25.1172],"carpPosition":[5.89528,215.377,85.1512],"dipPosition":[15.9508,195.468,13.0073],"direction":[-0.809025,-0.553478,0.197839],"extended":false,"handId":398,"id":3984,"length":49.9151,"mcpPosition":[34.0593,227.502,36.7445],"pipPosition":[31.5877,206.166,9.18347],"stabilizedTipPosition":[6.83135,191.398,24.0588],"timeVisible":19.6675,"tipPosition":[6.69864,194.244,22.9004],"tipVelocity":[1.81157,212.139,-131.065],"tool":false,"touchDistance":0.333333,"touchZone":"none","type":4,"width":15.8681}],"r":[[0.948525,-0.316108,-0.0194039],[0.315874,0.948695,-0.0142024],[0.0228978,0.00734216,0.999711]],"s":0.828142,"t":[-11.992,55.9065,-39.1319],"timestamp":88536778315},false],[4,{"currentFrameRate":55.2828,"devices":[],"gestures":[],"hands":[{"armBasis":[[0.974702,-0.215122,-0.0606508],[0.223484,0.942041,0.250225],[0.0033065,-0.257449,0.966286]],"armWidth":62.9686,"confidence":0.847334,"direction":[0.275081,0.380406,-0.882962],"elbow":[-10.7786,149.266,345.248],"grabStrength":0,"id":398,"palmNormal":[-0.172213,-0.884043,-0.434523],"palmPosition":[-4.84191,236.529,37.1165],"palmVelocity":[-6.55288,194.696,-100.602],"palmWidth":89.917,"pinchStrength":1,"r":[[0.947156,-0.31991,-0.0234994],[0.31977,0.947446,-0.00959356],[0.0253335,0.0015722,0.999678]],"s":0.828812,"sphereCenter":[-11.8978,204.739,0.329348],"sphereRadius":44.2299,"stabilizedPalmPosition":[-4.73715,234.768,38.0634],"t":[-12.1239,59.4234,-40.9576],"timeVisible":19.6858,"type":"right","wrist":[-11.6608,217.958,87.4276]}],"id":1403646,"interactionBox":{"center":[0,200,0],"size":[235.247,235.247,147.751]},"pointables":[{"bases":[[[0.588325,0.755656,0.28785],[-0.79157,0.465468,0.395924],[0.165197,-0.460785,0.872002]],[[0.476764,0.875711,-0.0763373],[-0.875752,0.480685,0.0447223],[0.075858,0.0455306,0.996079]],[[0.476764,0.875711,-0.0763373],[-0.870332,0.458074,-0.180808],[-0.123367,0.152641,0.980551]],[[0.476764,0.875711,-0.0763373],[-0.452787,0.170216,-0.87522],[-0.753446,0.451838,0.477663]]],"btipPosition":[-23.2359,197.049,-12.4504],"carpPosition":[-41.076,214.888,80.7705],"dipPosition":[-40.6613,207.499,-1.40321],"direction":[0.123367,-0.152641,-0.980551],"extended":false,"handId":398,"id":3980,"length":51.5018,"mcpPosition":[-41.076,214.888,80.7705],"pipPosition":[-44.818,212.642,31.635],"stabilizedTipPosition":[-26.8839,197.893,-9.11903],"timeVisible":19.6858,"tipPosition":[-26.9991,199.429,-9.29482],"tipVelocity":[-35.2021,217.126,-110.604],"tool":false,"touchDistance":0.0959993,"touchZone":"hovering","type":0,"width":20.0112},{"bases":[[[0.97863,-0.20386,0.0268991],[0.186975,0.936655,0.296171],[-0.0855726,-0.284813,0.954756]],[[0.97691,-0.209013,0.0442835],[0.208149,0.977818,0.0233665],[-0.0481852,-0.0136094,0.998746]],[[0.97691,-0.209013,0.0442835],[0.212195,0.973346,-0.0870069],[-0.0249176,0.0943946,0.995223]],[[0.97691,-0.209013,0.0442835],[0.213513,0.962568,-0.166956],[-0.00772981,0.172556,0.984969]]],"btipPosition":[-18.308,249.944,-70.9707],"carpPosition":[-27.3007,233.828,81.2461],"dipPosition":[-18.4385,252.857,-54.3404],"direction":[0.0249176,-0.0943946,-0.995223],"extended":true,"handId":398,"id":3981,"length":58.114,"mcpPosition":[-21.0794,254.534,11.8334],"pipPosition":[-19.0337,255.112,-30.5691],"stabilizedTipPosition":[-18.2986,250.329,-66.9969],"timeVisible":19.6858,"tipPosition":[-18.5739,248.829,-66.8942],"tipVelocity":[-20.1592,243.167,-96.9425],"tool":false,"touchDistance":0.194553,"touchZone":"hovering","type":1,"width":19.1147},{"bases":[[[0.911762,-0.397135,0.104756],[0.347809,0.882225,0.317345],[-0.218447,-0.252908,0.942507]],[[0.899711,-0.409273,0.15171],[0.41331,0.68707,-0.597587],[0.140341,0.600359,0.787321]],[[0.899711,-0.409273,0.15171],[-0.0355403,-0.415107,-0.909078],[0.435037,0.812516,-0.388022]],[[0.899711,-0.409273,0.15171],[-0.314683,-0.849066,-0.424336],[0.302481,0.334039,-0.892705]]],"btipPosition":[-24.6225,192.92,6.51105],"carpPosition":[-15.1564,233.115,81.5123],"dipPosition":[-19.0053,199.123,-10.0668],"direction":[-0.435037,-0.812516,0.388022],"extended":false,"handId":398,"id":3982,"length":66.2163,"mcpPosition":[-0.0955416,250.552,16.531],"pipPosition":[-6.78028,221.956,-20.9707],"stabilizedTipPosition":[-22.8958,191.672,4.34405],"timeVisible":19.6858,"tipPosition":[-23.4883,194.353,3.77198],"tipVelocity":[-26.3728,212.216,-130.671],"tool":false,"touchDistance":0.333333,"touchZone":"none","type":2,"width":18.7732},{"bases":[[[0.840847,-0.495392,0.218089],[0.40492,0.843086,0.353901],[-0.359188,-0.209268,0.9095]],[[0.839123,-0.496385,0.222427],[0.530064,0.654448,-0.539194],[0.122081,0.570351,0.812278]],[[0.839123,-0.496385,0.222427],[0.0105602,-0.393974,-0.919061],[0.543839,0.773554,-0.325351]],[[0.839123,-0.496385,0.222427],[-0.354829,-0.809461,-0.467834],[0.412272,0.313646,-0.85537]]],"btipPosition":[-9.31103,190.112,14.8324],"carpPosition":[-3.65521,229.308,82.2961],"dipPosition":[-1.69898,195.903,-0.960868],"direction":[-0.543839,-0.773554,0.325351],"extended":false,"handId":398,"id":3983,"length":63.6687,"mcpPosition":[18.579,242.262,25.9968],"pipPosition":[13.1888,217.079,-9.86745],"stabilizedTipPosition":[-7.08046,188.582,13.0159],"timeVisible":19.6858,"tipPosition":[-7.75691,191.502,12.1273],"tipVelocity":[-26.7592,201.14,-127.408],"tool":false,"touchDistance":0.333333,"touchZone":"none","type":3,"width":17.8639},{"bases":[[[0.715083,-0.64873,0.260395],[0.497438,0.733948,0.462466],[-0.491132,-0.201171,0.847537]],[[0.564862,-0.67864,0.469445],[0.821406,0.408032,-0.398499],[0.0788887,0.610702,0.787921]],[[0.564862,-0.67864,0.469445],[0.120689,-0.494836,-0.860565],[0.816312,0.542757,-0.19761]],[[0.564862,-0.67864,0.469445],[-0.440886,-0.729092,-0.523493],[0.697532,0.0887288,-0.711039]]],"btipPosition":[3.27146,196.895,23.0487],"carpPosition":[5.54467,218.709,83.2145],"dipPosition":[15.1529,198.407,10.9371],"direction":[-0.816312,-0.542757,0.19761],"extended":false,"handId":398,"id":3984,"length":49.9151,"mcpPosition":[33.6872,230.236,34.6494],"pipPosition":[30.9307,208.897,7.11772],"stabilizedTipPosition":[6.38195,194.573,21.9965],"timeVisible":19.6858,"tipPosition":[5.85359,197.329,20.8679],"tipVelocity":[-20.4259,191.33,-122.631],"tool":false,"touchDistance":0.333333,"touchZone":"none","type":4,"width":15.8681}],"r":[[0.947156,-0.31991,-0.0234994],[0.31977,0.947446,-0.00959356],[0.0253335,0.0015722,0.999678]],"s":0.828812,"t":[-12.1239,59.4234,-40.9576],"timestamp":88536796555},false],[5,{"currentFrameRate":55.3346,"devices":[],"gestures":[],"hands":[{"armBasis":[[0.974235,-0.216307,-0.0638571],[0.225526,0.936993,0.266798],[0.00212329,-0.274325,0.961635]],"armWidth":62.9686,"confidence":0.861031,"direction":[0.272042,0.379699,-0.884207],"elbow":[-11.2395,148.387,342.032],"grabStrength":0,"id":398,"palmNormal":[-0.179193,-0.8828,-0.434227],"palmPosition":[-5.17596,240.158,35.1178],"palmVelocity":[-12.2688,198.51,-105.838],"palmWidth":89.917,"pinchStrength":1,"r":[[0.945681,-0.323896,-0.0279092],[0.323854,0.946087,-0.0061344],[0.0283915,-0.00323733,0.999592]],"s":0.82958,"sphereCenter":[-12.9302,208.663,-1.76896],"sphereRadius":44.2799,"stabilizedPalmPosition":[-5.0127,238.153,36.2137],"t":[-12.3569,62.9961,-42.8697],"timeVisible":19.7037,"type":"right","wrist":[-11.806,221.581,85.4522]}],"id":1403647,"interactionBox":{"center":[0,200,0],"size":[235.247,235.247,147.751]},"pointables":[{"bases":[[[0.593807,0.7524,0.285108],[-0.786926,0.469201,0.400746],[0.167749,-0.462325,0.870699]],[[0.481118,0.873212,-0.0776235],[-0.872988,0.485315,0.0485967],[0.080107,0.0443837,0.995798]],[[0.481118,0.873212,-0.0776235],[-0.869255,0.463702,-0.171393],[-0.113669,0.149935,0.98214]],[[0.481118,0.873212,-0.0776235],[-0.461329,0.176895,-0.869416],[-0.745454,0.454102,0.487945]]],"btipPosition":[-24.1548,200.923,-14.5394],"carpPosition":[-41.2737,218.667,78.959],"dipPosition":[-41.3954,211.426,-3.25443],"direction":[0.113669,-0.149935,-0.98214],"extended":false,"handId":398,"id":3980,"length":51.5018,"mcpPosition":[-41.2737,218.667,78.959],"pipPosition":[-45.2253,216.477,29.8373],"stabilizedTipPosition":[-27.7416,201.672,-11.079],"timeVisible":19.7037,"tipPosition":[-27.8555,203.278,-11.315],"tipVelocity":[-41.7017,217.171,-112.061],"tool":false,"touchDistance":0.0866798,"touchZone":"hovering","type":0,"width":20.0112},{"bases":[[[0.977708,-0.208893,0.021216],[0.193444,0.935447,0.295835],[-0.0816443,-0.285136,0.955004]],[[0.976221,-0.21359,0.0370398],[0.212544,0.976683,0.0302445],[-0.042636,-0.0216528,0.998856]],[[0.976221,-0.21359,0.0370398],[0.215986,0.972944,-0.082038],[-0.0185151,0.0880872,0.995941]],[[0.976221,-0.21359,0.0370398],[0.216777,0.962413,-0.163612],[-0.000701568,0.167751,0.985829]]],"btipPosition":[-19.1991,254.249,-72.8997],"carpPosition":[-27.399,237.536,79.3714],"dipPosition":[-19.2109,257.081,-56.2549],"direction":[0.0185151,-0.0880872,-0.995941],"extended":true,"handId":398,"id":3981,"length":58.114,"mcpPosition":[-21.4633,258.266,9.94074],"pipPosition":[-19.6532,259.185,-32.4664],"stabilizedTipPosition":[-19.1242,254.508,-68.8933],"timeVisible":19.7037,"tipPosition":[-19.4171,253.118,-68.8352],"tipVelocity":[-33.4226,241.459,-101.981],"tool":false,"touchDistance":0.183203,"touchZone":"hovering","type":1,"width":19.1147},{"bases":[[[0.91029,-0.401885,0.0992999],[0.354113,0.880177,0.316058],[-0.21442,-0.252541,0.943529]],[[0.89849,-0.413957,0.146138],[0.414054,0.688501,-0.59542],[0.145862,0.595488,0.790012]],[[0.89849,-0.413957,0.146138],[-0.0404392,-0.409523,-0.911403],[0.437128,0.812976,-0.384692]],[[0.89849,-0.413957,0.146138],[-0.32016,-0.84566,-0.427033],[0.300356,0.336897,-0.892349]]],"btipPosition":[-25.2831,196.706,4.26839],"carpPosition":[-15.2572,236.761,79.5685],"dipPosition":[-19.7054,202.963,-12.3029],"direction":[-0.437128,-0.812976,0.384692],"extended":false,"handId":398,"id":3982,"length":66.2163,"mcpPosition":[-0.473949,254.172,14.5167],"pipPosition":[-7.42164,225.808,-23.1131],"stabilizedTipPosition":[-23.52,195.33,2.14739],"timeVisible":19.7037,"tipPosition":[-24.1654,198.136,1.55665],"tipVelocity":[-31.5891,212.252,-128.115],"tool":false,"touchDistance":0.333333,"touchZone":"none","type":2,"width":18.7732},{"bases":[[[0.839513,-0.499869,0.212955],[0.411229,0.840716,0.352261],[-0.355119,-0.208154,0.911352]],[[0.837429,-0.501073,0.218262],[0.53208,0.656162,-0.53511],[0.124914,0.56425,0.8161]],[[0.837429,-0.501073,0.218262],[0.00910065,-0.386508,-0.922241],[0.54647,0.774298,-0.319113]],[[0.837429,-0.501073,0.218262],[-0.358451,-0.804995,-0.472753],[0.412583,0.31766,-0.853737]]],"btipPosition":[-9.88199,193.804,12.3365],"carpPosition":[-3.77144,232.894,80.2844],"dipPosition":[-2.26419,199.669,-3.42664],"direction":[-0.54647,-0.774298,0.319113],"extended":false,"handId":398,"id":3983,"length":63.6687,"mcpPosition":[18.2109,245.779,23.8705],"pipPosition":[12.6956,220.866,-12.1625],"stabilizedTipPosition":[-7.62916,192.018,10.765],"timeVisible":19.7037,"tipPosition":[-8.34897,195.193,9.71949],"tipVelocity":[-29.154,204.044,-132.926],"tool":false,"touchDistance":0.333333,"touchZone":"none","type":3,"width":17.8639},{"bases":[[[0.713205,-0.652594,0.255853],[0.503797,0.731019,0.460218],[-0.487368,-0.199332,0.850141]],[[0.562814,-0.681946,0.467108],[0.822313,0.404559,-0.400168],[0.0839201,0.609329,0.788464]],[[0.562814,-0.681946,0.467108],[0.116648,-0.493925,-0.861645],[0.818312,0.539433,-0.19844]],[[0.562814,-0.681946,0.467108],[-0.445555,-0.726271,-0.523461],[0.696219,0.0864888,-0.7126]]],"btipPosition":[2.69801,200.479,20.8513],"carpPosition":[5.379,222.248,81.1426],"dipPosition":[14.5571,201.952,8.71317],"direction":[-0.818312,-0.539433,0.19844],"extended":false,"handId":398,"id":3984,"length":49.9151,"mcpPosition":[33.3059,233.669,32.4284],"pipPosition":[30.3735,212.378,4.8777],"stabilizedTipPosition":[5.88429,197.823,19.9478],"timeVisible":19.7037,"tipPosition":[5.26825,200.904,18.6772],"tipVelocity":[-26.0448,195.315,-122.875],"tool":false,"touchDistance":0.333333,"touchZone":"none","type":4,"width":15.8681}],"r":[[0.945681,-0.323896,-0.0279092],[0.323854,0.946087,-0.0061344],[0.0283915,-0.00323733,0.999592]],"s":0.82958,"t":[-12.3569,62.9961,-42.8697],"timestamp":88536814448},false],[6,{"currentFrameRate":55.3282,"devices":[],"gestures":[],"hands":[{"armBasis":[[0.972919,-0.220186,-0.0703377],[0.231144,0.928446,0.290793],[0.00127619,-0.299176,0.954197]],"armWidth":62.9686,"confidence":0.868492,"direction":[0.268715,0.37403,-0.887634],"elbow":[-11.6586,145.371,338.486],"grabStrength":0,"id":398,"palmNormal":[-0.192716,-0.882019,-0.430004],"palmPosition":[-5.59139,243.549,33.4457],"palmVelocity":[-17.3519,193.228,-99.4498],"palmWidth":89.917,"pinchStrength":1,"r":[[0.943692,-0.329191,-0.0328565],[0.329225,0.944241,-0.00450733],[0.0325082,-0.00656366,0.99945]],"s":0.830815,"sphereCenter":[-14.417,212.322,-3.39684],"sphereRadius":44.3406,"stabilizedPalmPosition":[-5.37101,241.494,34.4998],"t":[-12.6811,66.4781,-44.6619],"timeVisible":19.7218,"type":"right","wrist":[-11.9991,225.196,83.8908]}],"id":1403648,"interactionBox":{"center":[0,200,0],"size":[235.247,235.247,147.751]},"pointables":[{"bases":[[[0.604565,0.746556,0.277769],[-0.778204,0.479142,0.405982],[0.169997,-0.461603,0.870646]],[[0.490658,0.867374,-0.0831642],[-0.867024,0.495493,0.0524945],[0.0867397,0.0463485,0.995152]],[[0.490658,0.867374,-0.0831642],[-0.865533,0.474145,-0.161368],[-0.100535,0.151158,0.983384]],[[0.490658,0.867374,-0.0831642],[-0.472576,0.184706,-0.861716],[-0.73207,0.46211,0.500528]]],"btipPosition":[-25.512,204.525,-16.1428],"carpPosition":[-41.5516,222.592,77.6567],"dipPosition":[-42.443,215.213,-4.56675],"direction":[0.100535,-0.151158,-0.983384],"extended":false,"handId":398,"id":3980,"length":51.5018,"mcpPosition":[-41.5516,222.592,77.6567],"pipPosition":[-45.8304,220.306,28.5669],"stabilizedTipPosition":[-28.9126,205.409,-12.7684],"timeVisible":19.7218,"tipPosition":[-29.1339,206.879,-12.8281],"tipVelocity":[-55.6658,209.668,-99.1457],"tool":false,"touchDistance":0.0863794,"touchZone":"hovering","type":0,"width":20.0112},{"bases":[[[0.975464,-0.219741,0.013553],[0.206374,0.934095,0.291336],[-0.0766782,-0.281391,0.956525]],[[0.974237,-0.223836,0.0275547],[0.222878,0.974253,0.0340217],[-0.0344605,-0.0270039,0.999041]],[[0.974237,-0.223836,0.0275547],[0.225351,0.970998,-0.079876],[-0.00887635,0.0840276,0.996424]],[[0.974237,-0.223836,0.0275547],[0.225305,0.960575,-0.162894],[0.00999333,0.164906,0.986259]]],"btipPosition":[-20.3835,258.119,-74.5144],"carpPosition":[-27.4645,241.306,77.894],"dipPosition":[-20.2147,260.903,-57.8622],"direction":[0.00887636,-0.0840276,-0.996424],"extended":true,"handId":398,"id":3981,"length":58.114,"mcpPosition":[-21.8898,261.764,8.35276],"pipPosition":[-20.4268,262.91,-34.0623],"stabilizedTipPosition":[-20.2345,258.375,-70.5226],"timeVisible":19.7218,"tipPosition":[-20.5511,256.966,-70.4556],"tipVelocity":[-47.5624,228.044,-95.8712],"tool":false,"touchDistance":0.1762,"touchZone":"hovering","type":1,"width":19.1147},{"bases":[[[0.906566,-0.411736,0.0927927],[0.366583,0.877093,0.310363],[-0.209176,-0.247348,0.946078]],[[0.895059,-0.423513,0.139664],[0.417003,0.683867,-0.598694],[0.158043,0.594107,0.788707]],[[0.895059,-0.423513,0.139664],[-0.0510266,-0.408392,-0.91138],[0.443018,0.808612,-0.387145]],[[0.895059,-0.423513,0.139664],[-0.332107,-0.842048,-0.425041],[0.297614,0.334053,-0.894335]]],"btipPosition":[-26.4131,200.225,2.68247],"carpPosition":[-15.3308,240.396,77.9904],"dipPosition":[-20.8863,206.428,-13.9257],"direction":[-0.443018,-0.808612,0.387145],"extended":false,"handId":398,"id":3982,"length":66.2163,"mcpPosition":[-0.909145,257.449,12.7628],"pipPosition":[-8.43704,229.151,-24.8049],"stabilizedTipPosition":[-24.4594,198.991,0.245002],"timeVisible":19.7218,"tipPosition":[-25.2996,201.648,-0.0341446],"tipVelocity":[-46.5709,203.455,-109.089],"tool":false,"touchDistance":0.333333,"touchZone":"none","type":2,"width":18.7732},{"bases":[[[0.835672,-0.508588,0.207342],[0.423561,0.837103,0.3462],[-0.34964,-0.201488,0.914961]],[[0.833321,-0.509921,0.213442],[0.535976,0.650809,-0.537752],[0.135301,0.56252,0.815638]],[[0.833321,-0.509921,0.213442],[0.000176765,-0.385872,-0.922552],[0.55279,0.76882,-0.321465]],[[0.833321,-0.509921,0.213442],[-0.369879,-0.801292,-0.470234],[0.410811,0.312908,-0.856343]]],"btipPosition":[-10.9318,197.214,10.5821],"carpPosition":[-3.88317,236.403,78.6206],"dipPosition":[-3.34669,202.992,-5.22915],"direction":[-0.55279,-0.76882,0.321465],"extended":false,"handId":398,"id":3983,"length":63.6687,"mcpPosition":[17.76,248.875,21.9833],"pipPosition":[11.7861,224.038,-14.0294],"stabilizedTipPosition":[-8.4503,195.457,8.75202],"timeVisible":19.7218,"tipPosition":[-9.40979,198.572,7.9705],"tipVelocity":[-43.0757,196.107,-116.107],"tool":false,"touchDistance":0.333333,"touchZone":"none","type":3,"width":17.8639},{"bases":[[[0.708039,-0.659765,0.251774],[0.515817,0.726697,0.453701],[-0.482299,-0.191369,0.854848]],[[0.557436,-0.686847,0.466374],[0.825233,0.396928,-0.401793],[0.0908536,0.608842,0.788072]],[[0.557436,-0.686847,0.466374],[0.111839,-0.494504,-0.86195],[0.822652,0.532641,-0.198838]],[[0.557436,-0.686847,0.466374],[-0.453163,-0.722409,-0.522273],[0.695635,0.0797904,-0.713951]]],"btipPosition":[1.86733,203.695,18.9168],"carpPosition":[5.155,225.658,79.4335],"dipPosition":[13.7164,205.054,6.75569],"direction":[-0.822652,-0.532641,0.198838],"extended":false,"handId":398,"id":3984,"length":49.9151,"mcpPosition":[32.7914,236.623,30.4495],"pipPosition":[29.6168,215.349,2.91252],"stabilizedTipPosition":[5.22377,200.985,17.9902],"timeVisible":19.7218,"tipPosition":[4.39716,204.104,16.8006],"tipVelocity":[-35.5493,186.262,-115.417],"tool":false,"touchDistance":0.333333,"touchZone":"none","type":4,"width":15.8681}],"r":[[0.943692,-0.329191,-0.0328565],[0.329225,0.944241,-0.00450733],[0.032