{"sensorType":"Leap","data":[[0,{"currentFrameRate":55.2208,"devices":[],"gestures":[],"hands":[{"armBasis":[[0.813538,-0.541994,-0.21071],[0.576234,0.800079,0.166818],[0.0781702,-0.257131,0.96321]],"armWidth":62.9686,"confidence":0.735673,"direction":[0.315584,0.693475,-0.647688],"elbow":[7.46402,48.956,317.935],"grabStrength":0.258451,"id":398,"palmNormal":[-0.485852,-0.46822,-0.73805],"palmPosition":[-4.7665,156.695,24.647],"palmVelocity":[67.6557,191.671,-137.875],"palmWidth":89.917,"pinchStrength":0.864307,"r":[[0.792813,-0.457199,-0.40301],[0.592339,0.733685,0.332928],[0.143468,-0.502668,0.852491]],"s":0.762769,"sphereCenter":[-13.2358,137.491,-23.3375],"sphereRadius":45.4067,"stabilizedPalmPosition":[-6.53937,151.627,28.1753],"t":[-13.414,-20.394,-52.7157],"timeVisible":29.3301,"type":"right","wrist":[-13.3931,117.563,60.9355]}],"id":1404172,"interactionBox":{"center":[0,200,0],"size":[235.247,235.247,147.751]},"pointables":[{"bases":[[[0.824126,0.333757,0.457628],[-0.561852,0.379459,0.735073],[0.0716847,-0.862912,0.500244]],[[0.71118,0.67545,0.19491],[-0.659695,0.545387,0.517064],[0.24295,-0.496307,0.833459]],[[0.71118,0.67545,0.19491],[-0.701173,0.661487,0.266066],[0.0507838,-0.325886,0.944044]],[[0.71118,0.67545,0.19491],[-0.668629,0.735526,-0.109256],[-0.217158,-0.0526217,0.974717]]],"btipPosition":[-51.2811,162.327,-34.8868],"carpPosition":[-42.6079,125.647,60.5779],"dipPosition":[-56.3034,161.11,-12.3439],"direction":[-0.0507838,0.325886,-0.944044],"extended":false,"handId":398,"id":3980,"length":51.5018,"mcpPosition":[-42.6079,125.647,60.5779],"pipPosition":[-54.5924,150.13,19.4642],"stabilizedTipPosition":[-54.0065,158.483,-27.0905],"timeVisible":29.3301,"tipPosition":[-53.0184,162.732,-29.0624],"tipVelocity":[86.6688,195.374,-141.167],"tool":false,"touchDistance":0.133941,"touchZone":"hovering","type":0,"width":20.0112},{"bases":[[[0.856496,-0.423387,-0.295226],[0.506325,0.578089,0.639881],[-0.100251,-0.697536,0.709502]],[[0.85124,-0.453741,-0.263645],[0.507454,0.839735,0.193226],[0.133718,-0.298269,0.945069]],[[0.85124,-0.453741,-0.263645],[0.360797,0.870849,-0.333839],[0.381072,0.189055,0.90501]],[[0.85124,-0.453741,-0.263645],[0.199343,0.744323,-0.637374],[0.48544,0.490003,0.724048]]],"btipPosition":[-39.0733,188.25,-59.0647],"carpPosition":[-23.3864,137.663,66.4826],"dipPosition":[-30.8771,196.523,-46.8398],"direction":[-0.381072,-0.189055,-0.90501],"extended":false,"handId":398,"id":3981,"length":58.114,"mcpPosition":[-16.098,188.376,14.9003],"pipPosition":[-21.7751,201.039,-25.2233],"stabilizedTipPosition":[-37.3372,189.627,-55.9228],"timeVisible":29.3301,"tipPosition":[-37.6709,188.516,-55.382],"tipVelocity":[85.0495,268.618,-146.006],"tool":false,"touchDistance":-0.422163,"touchZone":"touching","type":1,"width":19.1147},{"bases":[[[0.736127,-0.60604,-0.301385],[0.641513,0.482733,0.59618],[-0.21582,-0.632206,0.744135]],[[0.726507,-0.631826,-0.270154],[0.510542,0.759453,-0.403211],[0.459929,0.155011,0.874321]],[[0.726507,-0.631826,-0.270154],[-0.288976,0.0757713,-0.954333],[0.623442,0.771398,-0.127534]],[[0.726507,-0.631826,-0.270154],[-0.608498,-0.408886,-0.680105],[0.319245,0.65849,-0.681523]]],"btipPosition":[-42.642,136.244,-13.118],"carpPosition":[-12.1665,133.945,63.5923],"dipPosition":[-36.7135,148.472,-25.7741],"direction":[-0.623442,-0.771398,0.127534],"extended":false,"handId":398,"id":3982,"length":66.2163,"mcpPosition":[2.71323,177.533,12.2877],"pipPosition":[-19.1941,170.15,-29.358],"stabilizedTipPosition":[-42.4868,134.602,-13.039],"timeVisible":29.3301,"tipPosition":[-41.3171,138.376,-14.7944],"tipVelocity":[58.8735,214.36,-144.753],"tool":false,"touchDistance":0.333333,"touchZone":"none","type":2,"width":18.7732},{"bases":[[[0.645876,-0.727123,-0.232674],[0.68526,0.417801,0.596541],[-0.336547,-0.544733,0.768116]],[[0.655721,-0.710383,-0.255707],[0.589968,0.69345,-0.413601],[0.471135,0.120348,0.873812]],[[0.655721,-0.710383,-0.255707],[-0.277705,0.0880084,-0.956627],[0.702076,0.698291,-0.139568]],[[0.655721,-0.710383,-0.255707],[-0.646841,-0.353904,-0.675536],[0.389394,0.608365,-0.691567]]],"btipPosition":[-28.9063,125.623,-9.66049],"carpPosition":[-2.5279,127.566,59.8785],"dipPosition":[-21.7166,136.856,-22.4293],"direction":[-0.702076,-0.698291,0.139568],"extended":false,"handId":398,"id":3983,"length":63.6687,"mcpPosition":[18.3048,161.286,12.3311],"pipPosition":[-2.49709,155.972,-26.2501],"stabilizedTipPosition":[-28.5646,123.312,-9.20117],"timeVisible":29.3301,"tipPosition":[-27.3609,127.685,-11.391],"tipVelocity":[56.0759,207.996,-146.418],"tool":false,"touchDistance":0.333333,"touchZone":"none","type":3,"width":17.8639},{"bases":[[[0.48042,-0.844254,-0.237555],[0.744931,0.249843,0.618592],[-0.462897,-0.474146,0.748941]],[[0.391736,-0.914357,-0.102444],[0.788277,0.390956,-0.475156],[0.474513,0.105381,0.873918]],[[0.391736,-0.914357,-0.102444],[-0.223302,0.0135305,-0.974655],[0.892569,0.404683,-0.198878]],[[0.391736,-0.914357,-0.102444],[-0.70756,-0.228208,-0.66879],[0.588134,0.334474,-0.736359]]],"btipPosition":[-14.5998,126.042,-3.3621],"carpPosition":[2.72582,116.074,53.7031],"dipPosition":[-4.58178,131.739,-15.9049],"direction":[-0.892569,-0.404683,0.198878],"extended":false,"handId":398,"id":3984,"length":49.9151,"mcpPosition":[29.2505,143.243,10.7878],"pipPosition":[12.6699,139.561,-19.7488],"stabilizedTipPosition":[-13.8781,121.747,-2.2554],"timeVisible":29.3301,"tipPosition":[-12.4874,126.934,-5.19089],"tipVelocity":[58.104,202.706,-149.748],"tool":false,"touchDistance":0.333333,"touchZone":"none","type":4,"width":15.8681}],"r":[[0.792813,-0.457199,-0.40301],[0.592339,0.733685,0.332928],[0.143468,-0.502668,0.852491]],"s":0.762769,"t":[-13.414,-20.394,-52.7157],"timestamp":88546440907},false],[1,{"currentFrameRate":55.2712,"devices":[],"gestures":[],"hands":[{"armBasis":[[0.809871,-0.542864,-0.222279],[0.581038,0.794455,0.176737],[0.0806471,-0.272287,0.958831]],"armWidth":62.9686,"confidence":0.737445,"direction":[0.317965,0.695639,-0.644193],"elbow":[9.19047,48.1674,314.16],"grabStrength":0.238152,"id":398,"palmNormal":[-0.489613,-0.461367,-0.739878],"palmPosition":[-3.56594,160.118,22.2542],"palmVelocity":[67.3476,191.37,-135.829],"palmWidth":89.917,"pinchStrength":0.872877,"r":[[0.790577,-0.458273,-0.406169],[0.595684,0.729277,0.336623],[0.141944,-0.508075,0.849536]],"s":0.765991,"sphereCenter":[-12.3842,141.36,-25.8129],"sphereRadius":45.4031,"stabilizedPalmPosition":[-5.39898,154.883,25.9044],"t":[-12.1969,-16.9325,-55.1806],"timeVisible":29.348,"type":"right","wrist":[-12.3275,120.818,58.3284]}],"id":1404173,"interactionBox":{"center":[0,200,0],"size":[235.247,235.247,147.751]},"pointables":[{"bases":[[[0.826673,0.326817,0.458041],[-0.558539,0.378015,0.738335],[0.0681541,-0.866196,0.495035]],[[0.715265,0.670236,0.197938],[-0.65667,0.547658,0.518512],[0.239123,-0.500854,0.831845]],[[0.715265,0.670236,0.197938],[-0.697111,0.66428,0.269756],[0.049314,-0.330932,0.942365]],[[0.715265,0.670236,0.197938],[-0.662717,0.740403,-0.112288],[-0.221814,-0.050861,0.973762]]],"btipPosition":[-49.8281,166.088,-37.2337],"carpPosition":[-41.5008,129.055,58.0727],"dipPosition":[-54.9581,164.912,-14.7129],"direction":[-0.049314,0.330932,-0.942365],"extended":false,"handId":398,"id":3980,"length":51.5018,"mcpPosition":[-41.5008,129.055,58.0727],"pipPosition":[-53.2965,153.761,17.0387],"stabilizedTipPosition":[-52.5804,161.971,-29.451],"timeVisible":29.348,"tipPosition":[-51.6418,166.517,-31.4368],"tipVelocity":[83.383,202.477,-136.489],"tool":false,"touchDistance":0.111737,"touchZone":"hovering","type":0,"width":20.0112},{"bases":[[[0.853759,-0.426044,-0.299304],[0.510471,0.571704,0.642318],[-0.102543,-0.701171,0.705581]],[[0.848592,-0.455642,-0.268853],[0.512456,0.834199,0.203717],[0.131455,-0.310648,0.941391]],[[0.848592,-0.455642,-0.268853],[0.370863,0.874742,-0.311909],[0.377296,0.164976,0.91128]],[[0.848592,-0.455642,-0.268853],[0.213562,0.759962,-0.61388],[0.484028,0.463517,0.742205]]],"btipPosition":[-37.5171,193.335,-61.5504],"carpPosition":[-22.2069,140.937,64.0119],"dipPosition":[-29.3447,201.161,-49.0189],"direction":[-0.377296,-0.164976,-0.91128],"extended":false,"handId":398,"id":3981,"length":58.114,"mcpPosition":[-14.7519,191.913,12.7148],"pipPosition":[-20.3329,205.102,-27.2527],"stabilizedTipPosition":[-35.8403,194.478,-58.3406],"timeVisible":29.348,"tipPosition":[-36.16,193.434,-57.823],"tipVelocity":[85.7567,273.085,-140.71],"tool":false,"touchDistance":-0.444508,"touchZone":"touching","type":1,"width":19.1147},{"bases":[[[0.732439,-0.608035,-0.30631],[0.645085,0.475913,0.597806],[-0.21771,-0.635453,0.740812]],[[0.722669,-0.63414,-0.274985],[0.514702,0.759256,-0.398261],[0.461337,0.146276,0.875084]],[[0.722669,-0.63414,-0.274985],[-0.288741,0.0844944,-0.953672],[0.627996,0.768588,-0.122041]],[[0.722669,-0.63414,-0.274985],[-0.611171,-0.400438,-0.682729],[0.322832,0.66145,-0.676952]]],"btipPosition":[-41.6185,140.141,-15.6778],"carpPosition":[-11.0116,137.178,61.0789],"dipPosition":[-35.6234,152.424,-28.249],"direction":[-0.627996,-0.768588,0.122041],"extended":false,"handId":398,"id":3982,"length":66.2163,"mcpPosition":[3.9984,180.99,10.0035],"pipPosition":[-17.976,174.022,-31.6785],"stabilizedTipPosition":[-41.4557,138.439,-15.5763],"timeVisible":29.348,"tipPosition":[-40.278,142.291,-17.3588],"tipVelocity":[58.4501,216.161,-143.345],"tool":false,"touchDistance":0.333333,"touchZone":"none","type":2,"width":18.7732},{"bases":[[[0.641691,-0.729055,-0.238143],[0.688498,0.410756,0.597704],[-0.33794,-0.547502,0.765531]],[[0.651536,-0.712309,-0.260992],[0.593178,0.692816,-0.410057],[0.472906,0.112352,0.87392]],[[0.651536,-0.712309,-0.260992],[-0.278237,0.095685,-0.955735],[0.705751,0.695313,-0.135848]],[[0.651536,-0.712309,-0.260992],[-0.649521,-0.346037,-0.677039],[0.391948,0.610635,-0.688115]]],"btipPosition":[-27.9309,129.393,-12.2395],"carpPosition":[-1.41285,130.771,57.3098],"dipPosition":[-20.6942,140.667,-24.9446],"direction":[-0.705751,-0.695313,0.135848],"extended":false,"handId":398,"id":3983,"length":63.6687,"mcpPosition":[19.5061,164.662,9.92245],"pipPosition":[-1.374,159.702,-28.6635],"stabilizedTipPosition":[-27.5999,126.953,-11.7032],"timeVisible":29.348,"tipPosition":[-26.3716,131.467,-13.9798],"tipVelocity":[55.5858,209.366,-144.858],"tool":false,"touchDistance":0.333333,"touchZone":"none","type":3,"width":17.8639},{"bases":[[[0.475626,-0.845302,-0.243403],[0.747343,0.242366,0.618657],[-0.463959,-0.476155,0.747006]],[[0.386914,-0.915691,-0.108663],[0.789675,0.389882,-0.473715],[0.476142,0.097479,0.873949]],[[0.386914,-0.915691,-0.108663],[-0.224133,0.020917,-0.974334],[0.894462,0.401338,-0.197143]],[[0.386914,-0.915691,-0.108663],[-0.709369,-0.220284,-0.669531],[0.589147,0.336133,-0.734793]]],"btipPosition":[-13.6053,129.684,-5.95837],"carpPosition":[3.77022,119.289,51.0573],"dipPosition":[-3.57002,135.41,-18.4745],"direction":[-0.894462,-0.401338,0.197143],"extended":false,"handId":398,"id":3984,"length":49.9151,"mcpPosition":[30.3557,146.573,8.2528],"pipPosition":[13.7183,143.167,-22.2849],"stabilizedTipPosition":[-12.8979,125.262,-4.75507],"timeVisible":29.348,"tipPosition":[-11.4853,130.589,-7.80023],"tipVelocity":[56.9805,203.15,-147.296],"tool":false,"touchDistance":0.333333,"touchZone":"none","type":4,"width":15.8681}],"r":[[0.790577,-0.458273,-0.406169],[0.595684,0.729277,0.336623],[0.141944,-0.508075,0.849536]],"s":0.765991,"t":[-12.1969,-16.9325,-55.1806],"timestamp":88546458825},false],[2,{"currentFrameRate":55.3701,"devices":[],"gestures":[],"hands":[{"armBasis":[[0.804698,-0.544464,-0.236687],[0.588096,0.78561,0.192249],[0.0812707,-0.293897,0.952376]],"armWidth":62.9686,"confidence":0.705164,"direction":[0.321351,0.695746,-0.642394],"elbow":[10.2286,46.7353,309.387],"grabStrength":0.221919,"id":398,"palmNormal":[-0.494948,-0.454935,-0.740311],"palmPosition":[-2.50173,164.524,19.3303],"palmVelocity":[63.9338,218.209,-149.501],"palmWidth":89.917,"pinchStrength":0.880537,"r":[[0.787891,-0.459958,-0.409472],[0.599595,0.724588,0.339792],[0.140409,-0.513236,0.846684]],"s":0.768966,"sphereCenter":[-11.7583,146.112,-28.7745],"sphereRadius":45.3782,"stabilizedPalmPosition":[-4.26774,158.647,23.3375],"t":[-11.0562,-12.9988,-57.875],"timeVisible":29.3658,"type":"right","wrist":[-11.4557,125.152,55.2782]}],"id":1404174,"interactionBox":{"center":[0,200,0],"size":[235.247,235.247,147.751]},"pointables":[{"bases":[[[0.830263,0.318996,0.457062],[-0.553788,0.379274,0.741263],[0.0631081,-0.868558,0.491553]],[[0.721145,0.663507,0.199269],[-0.651891,0.552543,0.519359],[0.234494,-0.504435,0.830998]],[[0.721145,0.663507,0.199269],[-0.691172,0.669453,0.272238],[0.0472311,-0.334052,0.94137]],[[0.721145,0.663507,0.199269],[-0.654628,0.74677,-0.117457],[-0.226742,-0.045743,0.97288]]],"btipPosition":[-48.4831,170.799,-40.0786],"carpPosition":[-40.5684,133.603,55.1321],"dipPosition":[-53.7271,169.742,-17.5782],"direction":[-0.0472311,0.334052,-0.94137],"extended":false,"handId":398,"id":3980,"length":51.5018,"mcpPosition":[-40.5684,133.603,55.1321],"pipPosition":[-52.1357,158.486,14.1399],"stabilizedTipPosition":[-51.1687,166.163,-32.1135],"timeVisible":29.3658,"tipPosition":[-50.3878,171.271,-34.3099],"tipVelocity":[79.1859,232.913,-147.889],"tool":false,"touchDistance":0.0902346,"touchZone":"hovering","type":0,"width":20.0112},{"bases":[[[0.849811,-0.431143,-0.30321],[0.516357,0.565488,0.643116],[-0.105813,-0.703092,0.703182]],[[0.844695,-0.459914,-0.273804],[0.519208,0.828352,0.210373],[0.130053,-0.319863,0.938496]],[[0.844695,-0.459914,-0.273804],[0.381047,0.875955,-0.295815],[0.37589,0.145541,0.915164]],[[0.844695,-0.459914,-0.273804],[0.226395,0.770532,-0.595841],[0.485011,0.441316,0.754987]]],"btipPosition":[-36.168,199.089,-64.5089],"carpPosition":[-21.1721,145.32,61.0647],"dipPosition":[-27.979,206.54,-51.7617],"direction":[-0.37589,-0.145541,-0.915164],"extended":false,"handId":398,"id":3981,"length":58.114,"mcpPosition":[-13.4793,196.436,9.94193],"pipPosition":[-19.0007,210.016,-29.9026],"stabilizedTipPosition":[-34.5009,199.923,-61.1269],"timeVisible":29.3658,"tipPosition":[-34.8275,199.086,-60.7679],"tipVelocity":[81.3526,294.993,-151.699],"tool":false,"touchDistance":-0.472024,"touchZone":"touching","type":1,"width":19.1147},{"bases":[[[0.727141,-0.612212,-0.310583],[0.650146,0.468884,0.597878],[-0.220401,-0.636666,0.738972]],[[0.717226,-0.638453,-0.279222],[0.519575,0.756981,-0.39626],[0.464359,0.139131,0.87465]],[[0.717226,-0.638453,-0.279222],[-0.289999,0.0908766,-0.952702],[0.63363,0.764277,-0.119972]],[[0.717226,-0.638453,-0.279222],[-0.615613,-0.392781,-0.683187],[0.326509,0.661892,-0.674753]]],"btipPosition":[-40.8044,144.991,-18.6208],"carpPosition":[-10.0125,141.491,58.0874],"dipPosition":[-34.741,157.282,-31.1512],"direction":[-0.633631,-0.764277,0.119972],"extended":false,"handId":398,"id":3982,"length":66.2163,"mcpPosition":[5.18306,185.386,7.1388],"pipPosition":[-16.9353,178.759,-34.5225],"stabilizedTipPosition":[-40.4881,142.875,-18.3792],"timeVisible":29.3658,"tipPosition":[-39.4479,147.153,-20.3177],"tipVelocity":[53.0065,243.172,-153.753],"tool":false,"touchDistance":0.333333,"touchZone":"none","type":2,"width":18.7732},{"bases":[[[0.635688,-0.732823,-0.242633],[0.693078,0.403412,0.597413],[-0.339917,-0.547932,0.764347]],[[0.645568,-0.716111,-0.26538],[0.596483,0.689795,-0.410355],[0.476917,0.106618,0.872458]],[[0.645568,-0.716111,-0.26538],[-0.281424,0.0999701,-0.954362],[0.709959,0.69079,-0.136994]],[[0.645568,-0.716111,-0.26538],[-0.654502,-0.33972,-0.675439],[0.393535,0.609733,-0.688009]]],"btipPosition":[-27.1884,134.07,-15.1138],"carpPosition":[-0.471062,135.029,54.2682],"dipPosition":[-19.9223,145.328,-27.817],"direction":[-0.709959,-0.69079,0.136994],"extended":false,"handId":398,"id":3983,"length":63.6687,"mcpPosition":[20.5702,168.946,6.95411],"pipPosition":[-0.486971,164.239,-31.5673],"stabilizedTipPosition":[-26.7014,131.141,-14.4352],"timeVisible":29.3658,"tipPosition":[-25.614,136.177,-16.9448],"tipVelocity":[49.3549,234.853,-152.979],"tool":false,"touchDistance":0.333333,"touchZone":"none","type":3,"width":17.8639},{"bases":[[[0.468761,-0.847829,-0.24789],[0.750742,0.234516,0.617567],[-0.465457,-0.475593,0.746432]],[[0.379648,-0.918225,-0.112828],[0.800061,0.387107,-0.458312],[0.46451,0.083728,0.881601]],[[0.379648,-0.918225,-0.112828],[-0.211026,0.0327909,-0.97693],[0.900742,0.394699,-0.18132]],[[0.379648,-0.918225,-0.112828],[-0.706499,-0.209026,-0.676142],[0.597267,0.336408,-0.728081]]],"btipPosition":[-12.5319,134.5,-9.7121],"carpPosition":[4.61097,123.532,47.9582],"dipPosition":[-2.35836,140.23,-22.1139],"direction":[-0.900742,-0.394699,0.18132],"extended":false,"handId":398,"id":3984,"length":49.9151,"mcpPosition":[31.2823,150.784,5.18661],"pipPosition":[15.0513,147.859,-25.6185],"stabilizedTipPosition":[-11.8612,129.306,-7.74694],"timeVisible":29.3658,"tipPosition":[-10.4625,135.374,-11.3914],"tipVelocity":[59.506,235.324,-176.841],"tool":false,"touchDistance":0.333333,"touchZone":"none","type":4,"width":15.8681}],"r":[[0.787891,-0.459958,-0.409472],[0.599595,0.724588,0.339792],[0.140409,-0.513236,0.846684]],"s":0.768966,"t":[-11.0562,-12.9988,-57.875],"timestamp":88546476544},false],[3,{"currentFrameRate":55.3699,"devices":[],"gestures":[],"hands":[{"armBasis":[[0.796906,-0.548696,-0.252731],[0.597879,0.776256,0.199916],[0.0864907,-0.310417,0.946658]],"armWidth":62.9686,"confidence":0.680865,"direction":[0.330265,0.691433,-0.642531],"elbow":[11.8421,46.0052,306.53],"grabStrength":0.207167,"id":398,"palmNormal":[-0.499991,-0.449222,-0.740411],"palmPosition":[-1.77622,168.071,17.9845],"palmVelocity":[52.6479,207.842,-113.888],"palmWidth":89.917,"pinchStrength":0.887366,"r":[[0.784656,-0.463246,-0.411969],[0.604427,0.719369,0.342311],[0.137783,-0.517601,0.844455]],"s":0.77137,"sphereCenter":[-11.3872,149.842,-30.1153],"sphereRadius":45.3539,"stabilizedPalmPosition":[-3.21719,162.621,21.0804],"t":[-10.1232,-9.25857,-59.8951],"timeVisible":29.3838,"type":"right","wrist":[-11.235,128.829,53.9463]}],"id":1404175,"interactionBox":{"center":[0,200,0],"size":[235.247,235.247,147.751]},"pointables":[{"bases":[[[0.833804,0.309045,0.457452],[-0.549592,0.386402,0.740703],[0.0521497,-0.869014,0.492032]],[[0.729726,0.653704,0.20043],[-0.645898,0.562888,0.515725],[0.224312,-0.505795,0.83298]],[[0.729726,0.653704,0.20043],[-0.682544,0.679118,0.270061],[0.0404244,-0.333872,0.941751]],[[0.729726,0.653704,0.20043],[-0.642571,0.755843,-0.125714],[-0.233673,-0.0370537,0.971609]]],"btipPosition":[-47.2649,174.693,-41.5153],"carpPosition":[-40.242,137.636,53.7766],"dipPosition":[-52.6692,173.836,-19.0443],"direction":[-0.0404244,0.333872,-0.941751],"extended":false,"handId":398,"id":3980,"length":51.5018,"mcpPosition":[-40.242,137.636,53.7766],"pipPosition":[-51.3071,162.587,12.6866],"stabilizedTipPosition":[-49.7612,170.571,-34.353],"timeVisible":29.3838,"tipPosition":[-49.2614,175.208,-35.783],"tipVelocity":[72.6443,225.891,-115.611],"tool":false,"touchDistance":0.09482,"touchZone":"hovering","type":0,"width":20.0112},{"bases":[[[0.84467,-0.441666,-0.302429],[0.522816,0.559456,0.643174],[-0.114873,-0.701384,0.703466]],[[0.839373,-0.46949,-0.27392],[0.52917,0.820983,0.214395],[0.124227,-0.324908,0.937551]],[[0.839373,-0.46949,-0.27392],[0.3959,0.873356,-0.283749],[0.372447,0.129726,0.918942]],[[0.839373,-0.46949,-0.27392],[0.244104,0.775852,-0.581779],[0.485661,0.421464,0.765834]]],"btipPosition":[-34.7263,203.69,-66.1114],"carpPosition":[-20.7077,149.118,59.7162],"dipPosition":[-26.5264,210.806,-53.1809],"direction":[-0.372447,-0.129726,-0.918942],"extended":false,"handId":398,"id":3981,"length":58.114,"mcpPosition":[-12.3562,200.11,8.57278],"pipPosition":[-17.6303,213.905,-31.2317],"stabilizedTipPosition":[-33.0611,204.608,-62.87],"timeVisible":29.3838,"tipPosition":[-33.4081,203.613,-62.3581],"tipVelocity":[80.6912,273.855,-120.684],"tool":false,"touchDistance":-0.47656,"touchZone":"touching","type":1,"width":19.1147},{"bases":[[[0.719798,-0.621224,-0.309792],[0.655442,0.461198,0.598074],[-0.228663,-0.633543,0.739146]],[[0.709488,-0.647453,-0.278267],[0.529675,0.750381,-0.395441],[0.464835,0.133169,0.875325]],[[0.709488,-0.647453,-0.278267],[-0.287217,0.0949152,-0.953151],[0.643532,0.756172,-0.118618]],[[0.709488,-0.647453,-0.278267],[-0.619476,-0.38474,-0.68427],[0.335972,0.65786,-0.674049]]],"btipPosition":[-40.2927,149.022,-20.0552],"carpPosition":[-9.59386,145.151,56.7482],"dipPosition":[-34.0536,161.239,-32.5726],"direction":[-0.643532,-0.756172,0.118618],"extended":false,"handId":398,"id":3982,"length":66.2163,"mcpPosition":[6.17134,188.831,5.78762],"pipPosition":[-15.9697,182.488,-35.9059],"stabilizedTipPosition":[-39.6493,147.483,-20.7228],"timeVisible":29.3838,"tipPosition":[-38.903,151.182,-21.7696],"tipVelocity":[42.3495,233.243,-118.373],"tool":false,"touchDistance":0.333333,"touchZone":"none","type":2,"width":18.7732},{"bases":[[[0.626831,-0.740672,-0.241842],[0.69757,0.395205,0.59767],[-0.3471,-0.54334,0.764397]],[[0.636784,-0.724345,-0.264254],[0.607074,0.682297,-0.407347],[0.47536,0.0989704,0.874207]],[[0.636784,-0.724345,-0.264254],[-0.275695,0.106166,-0.955364],[0.720068,0.681214,-0.132093]],[[0.636784,-0.724345,-0.264254],[-0.65622,-0.329191,-0.678976],[0.404823,0.60577,-0.684953]]],"btipPosition":[-26.8188,138.001,-16.7143],"carpPosition":[-0.129692,138.571,52.9386],"dipPosition":[-19.3443,149.186,-29.3611],"direction":[-0.720068,-0.681214,0.132093],"extended":false,"handId":398,"id":3983,"length":63.6687,"mcpPosition":[21.3563,172.204,5.62143],"pipPosition":[0.367847,167.834,-32.9772],"stabilizedTipPosition":[-25.9532,135.547,-16.8584],"timeVisible":29.3838,"tipPosition":[-25.1957,140.089,-18.5177],"tipVelocity":[36.8964,226.234,-122.071],"tool":false,"touchDistance":0.333333,"touchZone":"none","type":3,"width":17.8639},{"bases":[[[0.458512,-0.853629,-0.247152],[0.753149,0.225626,0.617948],[-0.471734,-0.469479,0.746362]],[[0.367688,-0.923299,-0.111018],[0.810744,0.376741,-0.448062],[0.45552,0.07474,0.887082]],[[0.367688,-0.923299,-0.111018],[-0.200734,0.0377668,-0.978918],[0.908026,0.382221,-0.171451]],[[0.367688,-0.923299,-0.111018],[-0.705327,-0.199078,-0.680354],[0.606069,0.328462,-0.724426]]],"btipPosition":[-11.9444,138.317,-11.4731],"carpPosition":[4.81541,127.01,46.6378],"dipPosition":[-1.62091,143.912,-23.8126],"direction":[-0.908026,-0.382221,0.171451],"extended":false,"handId":398,"id":3984,"length":49.9151,"mcpPosition":[31.8465,153.911,3.87019],"pipPosition":[15.9296,151.3,-27.1264],"stabilizedTipPosition":[-10.9215,133.529,-10.439],"timeVisible":29.3838,"tipPosition":[-9.89162,139.155,-13.1143],"tipVelocity":[47.6016,223.134,-138.785],"tool":false,"touchDistance":0.333333,"touchZone":"none","type":4,"width":15.8681}],"r":[[0.784656,-0.463246,-0.411969],[0.604427,0.719369,0.342311],[0.137783,-0.517601,0.844455]],"s":0.77137,"t":[-10.1232,-9.25857,-59.8951],"timestamp":88546494605},false],[4,{"currentFrameRate":55.3454,"devices":[],"gestures":[],"hands":[{"armBasis":[[0.793738,-0.546597,-0.266857],[0.601723,0.769756,0.213087],[0.0889417,-0.329709,0.939884]],"armWidth":62.9686,"confidence":0.6735,"direction":[0.331373,0.698407,-0.634365],"elbow":[13.2914,45.2218,301.997],"grabStrength":0.193871,"id":398,"palmNormal":[-0.503731,-0.437547,-0.744854],"palmPosition":[-0.916511,172.861,15.7471],"palmVelocity":[50.1271,234.558,-118.352],"palmWidth":89.917,"pinchStrength":0.894542,"r":[[0.781462,-0.465403,-0.415593],[0.609022,0.713778,0.345851],[0.135681,-0.523375,0.841231]],"s":0.773017,"sphereCenter":[-10.8865,155.411,-32.5166],"sphereRadius":45.2816,"stabilizedPalmPosition":[-2.14225,167.405,18.5886],"t":[-9.22678,-4.9932,-62.0238],"timeVisible":29.402,"type":"right","wrist":[-10.4397,133.193,51.2208]}],"id":1404176,"interactionBox":{"center":[0,200,0],"size":[235.247,235.247,147.751]},"pointables":[{"bases":[[[0.836235,0.299729,0.459209],[-0.546093,0.378928,0.747125],[0.0499276,-0.875543,0.480553]],[[0.733687,0.646795,0.208228],[-0.642719,0.561157,0.52155],[0.220487,-0.516487,0.827422]],[[0.733687,0.646795,0.208228],[-0.678415,0.680079,0.277931],[0.0381527,-0.34518,0.937761]],[[0.733687,0.646795,0.208228],[-0.635967,0.761566,-0.12475],[-0.239267,-0.0408989,0.970092]]],"btipPosition":[-46.0394,180.172,-43.6054],"carpPosition":[-39.4112,142.118,51.2428],"dipPosition":[-51.5731,179.226,-21.1695],"direction":[-0.0381527,0.34518,-0.937761],"extended":false,"handId":398,"id":3980,"length":51.5018,"mcpPosition":[-39.4112,142.118,51.2428],"pipPosition":[-50.2876,167.595,10.427],"stabilizedTipPosition":[-48.3089,176.135,-36.7796],"timeVisible":29.402,"tipPosition":[-48.1495,180.668,-37.8985],"tipVelocity":[69.4137,261.542,-115.596],"tool":false,"touchDistance":0.0994142,"touchZone":"hovering","type":0,"width":20.0112},{"bases":[[[0.842089,-0.44107,-0.310393],[0.526746,0.548944,0.648998],[-0.115865,-0.710012,0.694592]],[[0.836912,-0.468504,-0.282987],[0.532918,0.815394,0.226124],[0.124806,-0.340055,0.932087]],[[0.836912,-0.468504,-0.282987],[0.401832,0.876979,-0.263511],[0.37163,0.106822,0.922215]],[[0.836912,-0.468504,-0.282987],[0.252367,0.789093,-0.560039],[0.485683,0.397287,0.778636]]],"btipPosition":[-33.7672,210.241,-67.9656],"carpPosition":[-19.8153,153.443,57.2791],"dipPosition":[-25.5669,216.949,-54.819],"direction":[-0.37163,-0.106822,-0.922215],"extended":false,"handId":398,"id":3981,"length":58.114,"mcpPosition":[-11.3916,205.063,6.78089],"pipPosition":[-16.6904,219.5,-32.7916],"stabilizedTipPosition":[-32.0189,210.946,-64.6999],"timeVisible":29.402,"tipPosition":[-32.4453,210.081,-64.2097],"tipVelocity":[67.4167,312.858,-110.542],"tool":false,"touchDistance":-0.484305,"touchZone":"touching","type":1,"width":19.1147},{"bases":[[[0.716475,-0.620016,-0.319757],[0.658857,0.450752,0.602271],[-0.229286,-0.642186,0.731454]],[[0.70612,-0.646659,-0.28849],[0.531623,0.753269,-0.38725],[0.467729,0.120077,0.875677]],[[0.70612,-0.646659,-0.28849],[-0.289429,0.108248,-0.951059],[0.646239,0.75506,-0.110726]],[[0.70612,-0.646659,-0.28849],[-0.622863,-0.373453,-0.68744],[0.336802,0.665106,-0.666483]]],"btipPosition":[-39.6106,154.458,-22.4219],"carpPosition":[-8.72532,149.471,54.2303],"dipPosition":[-33.356,166.809,-34.7987],"direction":[-0.646239,-0.75506,0.110726],"extended":false,"handId":398,"id":3982,"length":66.2163,"mcpPosition":[7.08288,193.747,3.80001],"pipPosition":[-15.196,188.027,-37.9102],"stabilizedTipPosition":[-38.8023,153.111,-23.3292],"timeVisible":29.402,"tipPosition":[-38.2153,156.646,-24.1345],"tipVelocity":[40.1693,265.608,-123.245],"tool":false,"touchDistance":0.333333,"touchZone":"none","type":2,"width":18.7732},{"bases":[[[0.623204,-0.739964,-0.253119],[0.700717,0.384602,0.600897],[-0.347293,-0.551846,0.758191]],[[0.63306,-0.723568,-0.275106],[0.610503,0.685179,-0.397259],[0.475941,0.0835354,0.875501]],[[0.63306,-0.723568,-0.275106],[-0.274913,0.122074,-0.953688],[0.723642,0.679372,-0.121638]],[[0.63306,-0.723568,-0.275106],[-0.658118,-0.315958,-0.683412],[0.407573,0.613693,-0.676214]]],"btipPosition":[-26.1492,143.445,-19.4632],"carpPosition":[0.70224,142.902,50.3103],"dipPosition":[-18.6239,154.776,-31.9486],"direction":[-0.723642,-0.679372,0.121638],"extended":false,"handId":398,"id":3983,"length":63.6687,"mcpPosition":[22.2001,177.062,3.37724],"pipPosition":[1.18602,173.374,-35.2785],"stabilizedTipPosition":[-25.1566,140.999,-19.7007],"timeVisible":29.402,"tipPosition":[-24.5169,145.549,-21.2415],"tipVelocity":[37.1977,262.227,-135.09],"tool":false,"touchDistance":0.333333,"touchZone":"none","type":3,"width":17.8639},{"bases":[[[0.454417,-0.852169,-0.259448],[0.755664,0.214553,0.618821],[-0.471674,-0.477258,0.74145]],[[0.363523,-0.923325,-0.123782],[0.814093,0.379453,-0.439623],[0.452885,0.0590428,0.889612]],[[0.363523,-0.923325,-0.123782],[-0.197264,0.0535657,-0.978886],[0.91046,0.380265,-0.162667]],[[0.363523,-0.923325,-0.123782],[-0.705309,-0.18598,-0.684069],[0.608597,0.335979,-0.718837]]],"btipPosition":[-11.1771,143.617,-14.3362],"carpPosition":[5.58419,131.405,43.8465],"dipPosition":[-0.810514,149.339,-26.5806],"direction":[-0.91046,-0.380265,0.162667],"extended":false,"handId":398,"id":3984,"length":49.9151,"mcpPosition":[32.6118,158.752,1.36042],"pipPosition":[16.787,156.689,-29.7246],"stabilizedTipPosition":[-9.95061,138.73,-13.501],"timeVisible":29.402,"tipPosition":[-9.12653,144.478,-15.9627],"tipVelocity":[45.3202,256.692,-147.237],"tool":false,"touchDistance":0.333333,"touchZone":"none","type":4,"width":15.8681}],"r":[[0.781462,-0.465403,-0.415593],[0.609022,0.713778,0.345851],[0.135681,-0.523375,0.841231]],"s":0.773017,"t":[-9.22678,-4.9932,-62.0238],"timestamp":88546512758},false],[5,{"currentFrameRate":55.3587,"devices":[],"gestures":[],"hands":[{"armBasis":[[0.788074,-0.546501,-0.283329],[0.607651,0.764263,0.216014],[0.0984864,-0.3424,0.934378]],"armWidth":62.9686,"confidence":0.64692,"direction":[0.338127,0.702715,-0.625989],"elbow":[16.199,45.5625,298.342],"grabStrength":0.177522,"id":398,"palmNormal":[-0.506382,-0.424816,-0.750406],"palmPosition":[-0.172438,176.905,14.0252],"palmVelocity":[45.9402,229.759,-107.549],"palmWidth":89.917,"pinchStrength":0.901008,"r":[[0.778215,-0.467468,-0.41935],[0.613784,0.707442,0.350421],[0.132855,-0.530094,0.837467]],"s":0.774604,"sphereCenter":[-10.3585,160.169,-34.4296],"sphereRadius":45.2571,"stabilizedPalmPosition":[-1.14466,172.216,16.2775],"t":[-8.40654,-0.838571,-63.9492],"timeVisible":29.42,"type":"right","wrist":[-10.0788,136.92,49.035]}],"id":1404177,"interactionBox":{"center":[0,200,0],"size":[235.247,235.247,147.751]},"pointables":[{"bases":[[[0.838103,0.287433,0.463644],[-0.543902,0.375053,0.75067],[0.0418765,-0.881316,0.470668]],[[0.739612,0.636851,0.217704],[-0.63887,0.562578,0.524738],[0.211704,-0.527187,0.822955]],[[0.739612,0.636851,0.217704],[-0.672296,0.68394,0.283276],[0.0315084,-0.355876,0.934002]],[[0.739612,0.636851,0.217704],[-0.626222,0.7697,-0.124127],[-0.246617,-0.0445254,0.96809]]],"btipPosition":[-44.7751,185.115,-45.3337],"carpPosition":[-38.974,146.088,49.1212],"dipPosition":[-50.4788,184.085,-22.9441],"direction":[-0.0315084,0.355876,-0.934002],"extended":false,"handId":398,"id":3980,"length":51.5018,"mcpPosition":[-38.974,146.088,49.1212],"pipPosition":[-49.4171,172.094,8.52567],"stabilizedTipPosition":[-46.8542,181.859,-39.0085],"timeVisible":29.42,"tipPosition":[-46.971,185.57,-39.6636],"tipVelocity":[68.7439,267.096,-106.55],"tool":false,"touchDistance":0.111019,"touchZone":"hovering","type":0,"width":20.0112},{"bases":[[[0.838762,-0.444632,-0.314292],[0.530468,0.537092,0.655847],[-0.122807,-0.716822,0.686356]],[[0.833469,-0.471647,-0.287888],[0.53936,0.807634,0.238364],[0.120084,-0.353944,0.927525]],[[0.833469,-0.471647,-0.287888],[0.413382,0.877938,-0.241536],[0.366667,0.082305,0.926704]],[[0.833469,-0.471647,-0.287888],[0.267914,0.800596,-0.535974],[0.483272,0.369589,0.793632]]],"btipPosition":[-32.379,216.114,-69.5023],"carpPosition":[-19.2914,157.179,55.3104],"dipPosition":[-24.2194,222.354,-56.1025],"direction":[-0.366667,-0.082305,-0.926704],"extended":false,"handId":398,"id":3981,"length":58.114,"mcpPosition":[-10.3631,209.293,5.41093],"pipPosition":[-15.4614,224.32,-33.9679],"stabilizedTipPosition":[-30.6542,216.888,-66.2481],"timeVisible":29.42,"tipPosition":[-31.0813,215.846,-65.7215],"tipVelocity":[71.7358,316.252,-97.0365],"tool":false,"touchDistance":-0.486385,"touchZone":"touching","type":1,"width":19.1147},{"bases":[[[0.711655,-0.622393,-0.325843],[0.661809,0.438322,0.60818],[-0.235703,-0.648461,0.723839]],[[0.700973,-0.649442,-0.294724],[0.539162,0.753068,-0.377085],[0.466842,0.105422,0.878035]],[[0.700973,-0.649442,-0.294724],[-0.286032,0.122552,-0.950351],[0.653317,0.750471,-0.0998558]],[[0.700973,-0.649442,-0.294724],[-0.624515,-0.35939,-0.693411],[0.34441,0.670122,-0.657509]]],"btipPosition":[-38.972,159.301,-24.4806],"carpPosition":[-8.23125,153.148,52.2309],"dipPosition":[-32.5762,171.745,-36.6908],"direction":[-0.653317,-0.750471,0.0998558],"extended":false,"handId":398,"id":3982,"length":66.2163,"mcpPosition":[8.01933,197.856,2.32568],"pipPosition":[-14.2173,192.834,-39.4969],"stabilizedTipPosition":[-37.9886,158.771,-25.805],"timeVisible":29.42,"tipPosition":[-37.549,161.511,-26.1789],"tipVelocity":[38.7825,267.685,-117.976],"tool":false,"touchDistance":0.333333,"touchZone":"none","type":2,"width":18.7732},{"bases":[[[0.617285,-0.742295,-0.260687],[0.703111,0.37184,0.606111],[-0.352979,-0.557435,0.751447]],[[0.627181,-0.725956,-0.282191],[0.617901,0.684326,-0.387165],[0.474176,0.0684566,0.877765]],[[0.627181,-0.725956,-0.282191],[-0.271258,0.136037,-0.952845],[0.730111,0.674153,-0.111602]],[[0.627181,-0.725956,-0.282191],[-0.659464,-0.302171,-0.688331],[0.414428,0.617803,-0.668258]]],"btipPosition":[-25.5792,148.166,-21.6288],"carpPosition":[1.14592,146.544,48.2488],"dipPosition":[-17.9274,159.573,-33.9673],"direction":[-0.730111,-0.674153,0.111602],"extended":false,"handId":398,"id":3983,"length":63.6687,"mcpPosition":[22.9958,181.05,1.73329],"pipPosition":[2.05966,178.028,-37.0224],"stabilizedTipPosition":[-24.3995,146.541,-22.3989],"timeVisible":29.42,"tipPosition":[-23.9287,150.277,-23.4014],"tipVelocity":[35.3253,262.58,-127.136],"tool":false,"touchDistance":0.333333,"touchZone":"none","type":3,"width":17.8639},{"bases":[[[0.447566,-0.852989,-0.268503],[0.756596,0.20114,0.622177],[-0.476704,-0.481613,0.735392]],[[0.355774,-0.924972,-0.133609],[0.819521,0.377492,-0.431144],[0.449233,0.0438947,0.892336]],[[0.355774,-0.924972,-0.133609],[-0.192287,0.0674561,-0.979018],[0.914577,0.374001,-0.153861]],[[0.355774,-0.924972,-0.133609],[-0.704555,-0.171528,-0.688608],[0.614025,0.339124,-0.712719]]],"btipPosition":[-10.5779,148.138,-16.5437],"carpPosition":[5.93955,135.08,41.6615],"dipPosition":[-0.118914,153.914,-28.6838],"direction":[-0.914577,-0.374001,0.153861],"extended":false,"handId":398,"id":3984,"length":49.9151,"mcpPosition":[33.2554,162.677,-0.477488],"pipPosition":[17.5582,161.143,-31.6577],"stabilizedTipPosition":[-9.06314,144.089,-16.413],"timeVisible":29.42,"tipPosition":[-8.51497,149.011,-18.1707],"tipVelocity":[40.1585,254.289,-134.886],"tool":false,"touchDistance":0.333333,"touchZone":"none","type":4,"width":15.8681}],"r":[[0.778215,-0.467468,-0.41935],[0.613784,0.707442,0.350421],[0.132855,-0.530094,0.837467]],"s":0.774604,"t":[-8.40654,-0.838571,-63.9492],"timestamp":88546530776},false],[6,{"currentFrameRate":55.36,"devices":[],"gestures":[],"hands":[{"armBasis":[[0.786123,-0.540874,-0.299109],[0.610319,0.755711,0.23751],[0.097577,-0.369264,0.924188]],"armWidth":62.9686,"confidence":0.647421,"direction":[0.339766,0.707084,-0.620154],"elbow":[16.8348,43.1706,292.988],"grabStrength":0.169486,"id":398,"palmNormal":[-0.507808,-0.417089,-0.753769],"palmPosition":[0.799509,181.949,11.7261],"palmVelocity":[49.6825,253.297,-116.934],"palmWidth":89.917,"pinchStrength":0.909106,"r":[[0.775324,-0.468786,-0.423218],[0.617969,0.701397,0.355185],[0.130338,-0.536919,0.833505]],"s":0.775841,"sphereCenter":[-9.62529,165.763,-36.8199],"sphereRadius":45.1904,"stabilizedPalmPosition":[-0.0584819,177.654,13.7347],"t":[-7.51045,3.76091,-66.0614],"timeVisible":29.438,"type":"right","wrist":[-9.20032,141.696,46.4001]}],"id":1404178,"interactionBox":{"center":[0,200,0],"size":[235.247,235.247,147.751]},"pointables":[{"bases":[[[0.839049,0.281252,0.465718],[-0.542605,0.370135,0.754042],[0.0396979,-0.88538,0.46317]],[[0.742528,0.631052,0.224557],[-0.637306,0.562428,0.526798],[0.206139,-0.534274,0.819791]],[[0.742528,0.631052,0.224557],[-0.669252,0.685225,0.287348],[0.0274595,-0.363649,0.931131]],[[0.742528,0.631052,0.224557],[-0.619591,0.774473,-0.127665],[-0.254477,-0.0443384,0.966062]]],"btipPosition":[-43.2793,190.574,-47.5796],"carpPosition":[-38.0709,150.941,46.5757],"dipPosition":[-49.1647,189.548,-25.2369],"direction":[-0.0274595,0.363649,-0.931131],"extended":false,"handId":398,"id":3980,"length":51.5018,"mcpPosition":[-38.0709,150.941,46.5757],"pipPosition":[-48.2395,177.296,6.13623],"stabilizedTipPosition":[-45.2579,187.952,-41.4751],"timeVisible":29.438,"tipPosition":[-45.6008,191.013,-41.9478],"tipVelocity":[74.3341,283.84,-115.291],"tool":false,"touchDistance":0.117548,"touchZone":"hovering","type":0,"width":20.0112},{"bases":[[[0.837447,-0.444197,-0.31839],[0.532158,0.530097,0.660155],[-0.124461,-0.722279,0.680311]],[[0.832289,-0.470523,-0.293092],[0.541242,0.804012,0.246214],[0.1198,-0.363555,0.923838]],[[0.832289,-0.470523,-0.293092],[0.418915,0.880128,-0.223352],[0.363051,0.0631129,0.929629]],[[0.832289,-0.470523,-0.293092],[0.277533,0.811369,-0.514447],[0.479865,0.346826,0.805879]]],"btipPosition":[-31.1676,222.508,-71.6427],"carpPosition":[-18.3563,161.926,52.8506],"dipPosition":[-23.0655,228.364,-58.0362],"direction":[-0.363051,-0.0631129,-0.929629],"extended":false,"handId":398,"id":3981,"length":58.114,"mcpPosition":[-9.30771,214.437,3.39058],"pipPosition":[-14.3939,229.872,-35.8316],"stabilizedTipPosition":[-29.4224,223.245,-68.3148],"timeVisible":29.438,"tipPosition":[-29.8729,222.16,-67.8395],"tipVelocity":[69.1763,331.884,-105.99],"tool":false,"touchDistance":-0.497473,"touchZone":"touching","type":1,"width":19.1147},{"bases":[[[0.70986,-0.621512,-0.331394],[0.663216,0.431383,0.6116],[-0.237159,-0.653936,0.718418]],[[0.699058,-0.648932,-0.300341],[0.541665,0.754767,-0.370036],[0.466816,0.0959924,0.87913]],[[0.699058,-0.648932,-0.300341],[-0.284964,0.132406,-0.949349],[0.65583,0.749237,-0.0923626]],[[0.699058,-0.648932,-0.300341],[-0.625237,-0.350898,-0.697101],[0.346982,0.675099,-0.651034]]],"btipPosition":[-38.0656,164.813,-26.9882],"carpPosition":[-7.30812,157.891,49.7325],"dipPosition":[-31.622,177.35,-39.0782],"direction":[-0.65583,-0.749237,0.0923626],"extended":false,"handId":398,"id":3982,"length":66.2163,"mcpPosition":[9.04284,202.977,0.201048],"pipPosition":[-13.1925,198.404,-41.6736],"stabilizedTipPosition":[-37.0295,164.864,-28.5108],"timeVisible":29.438,"tipPosition":[-36.6308,167.048,-28.6823],"tipVelocity":[44.4881,286.071,-127.164],"tool":false,"touchDistance":0.333333,"touchZone":"none","type":2,"width":18.7732},{"bases":[[[0.615193,-0.741709,-0.267217],[0.704339,0.36481,0.60895],[-0.35418,-0.562833,0.746843]],[[0.625022,-0.725394,-0.288359],[0.620459,0.685815,-0.380379],[0.473686,0.0588304,0.878727]],[[0.625022,-0.725394,-0.288359],[-0.270207,0.145518,-0.951742],[0.732349,0.672776,-0.105055]],[[0.625022,-0.725394,-0.288359],[-0.660249,-0.294193,-0.69103],[0.416436,0.622297,-0.662818]]],"btipPosition":[-24.6777,153.632,-24.224],"carpPosition":[2.04979,151.297,45.6908],"dipPosition":[-16.9888,165.122,-36.462],"direction":[-0.732349,-0.672776,0.105055],"extended":false,"handId":398,"id":3983,"length":63.6687,"mcpPosition":[23.974,186.137,-0.539779],"pipPosition":[3.0595,183.539,-39.338],"stabilizedTipPosition":[-23.4704,152.61,-25.2917],"timeVisible":29.438,"tipPosition":[-23.0233,155.756,-25.9983],"tipVelocity":[42.4802,282.123,-134.398],"tool":false,"touchDistance":0.333333,"touchZone":"none","type":3,"width":17.8639},{"bases":[[[0.445176,-0.851879,-0.2759],[0.757373,0.193839,0.623548],[-0.477708,-0.486548,0.731482]],[[0.352993,-0.924905,-0.141232],[0.822437,0.378703,-0.424478],[0.446087,0.0336833,0.894356]],[[0.352993,-0.924905,-0.141232],[-0.18904,0.0773323,-0.97892],[0.91633,0.37225,-0.147546]],[[0.352993,-0.924905,-0.141232],[-0.704107,-0.163197,-0.691086],[0.61614,0.343391,-0.70884]]],"btipPosition":[-9.60981,153.534,-19.2352],"carpPosition":[6.81014,139.875,39.0047],"dipPosition":[0.885237,159.383,-31.3093],"direction":[-0.91633,-0.37225,0.147546],"extended":false,"handId":398,"id":3984,"length":49.9151,"mcpPosition":[34.1835,167.755,-2.91029],"pipPosition":[18.5962,166.578,-34.1611],"stabilizedTipPosition":[-8.0249,150.089,-19.5264],"timeVisible":29.438,"tipPosition":[-7.55056,154.42,-20.8658],"tipVelocity":[46.7636,275.873,-141.207],"tool":false,"touchDistance":0.333333,"touchZone":"none","type":4,"width":15.8681}],"r":[[0.775324,-0.468786,-0.