{"sensorType":"Leap","data":[[0,{"currentFrameRate":54.1992,"devices":[],"gestures":[{"direction":[-0.111544,-0.978599,0.172921],"duration":0,"handIds":[426],"id":6,"pointableIds":[4261],"position":[-25.3075,171.862,-76.3183],"speed":189.741,"startPosition":[-11.1856,295.756,-98.2107],"state":"start","type":"swipe"}],"hands":[{"armBasis":[[0.982548,0.185401,0.0150298],[-0.185282,0.982645,-0.00894328],[-0.0164271,0.00600244,0.999847]],"armWidth":59.3966,"confidence":0.303579,"direction":[-0.134364,-0.433075,-0.891287],"elbow":[28.7928,249.213,292.52],"grabStrength":0,"id":426,"palmNormal":[0.258838,-0.883555,0.390298],"palmPosition":[20.4095,221.079,-0.774792],"palmVelocity":[30.7997,-334.351,78.6585],"palmWidth":84.8164,"pinchStrength":0,"r":[[0.988787,-0.0545299,-0.139023],[-0.0139525,0.893142,-0.449558],[0.148682,0.446457,0.882366]],"s":1.09625,"sphereCenter":[7.28084,179.082,-1.08887],"sphereRadius":47.5894,"stabilizedPalmPosition":[20.3983,221.148,-0.785147],"t":[29.6587,-60.7811,-74.5257],"timeVisible":5.79642,"type":"right","wrist":[32.9272,247.702,40.8774]}],"id":1428878,"interactionBox":{"center":[0,200,0],"size":[235.247,235.247,147.751]},"pointables":[{"bases":[[[0.127174,0.777499,-0.615891],[-0.833128,0.420692,0.359049],[0.538261,0.467455,0.701257]],[[0.106207,0.758788,-0.64262],[-0.787296,0.458925,0.411768],[0.607359,0.4622,0.646132]],[[0.106207,0.758788,-0.64262],[-0.992464,0.120612,-0.0216106],[0.0611099,0.640073,0.76588]],[[0.106207,0.758788,-0.64262],[-0.984083,-0.0123972,-0.177279],[-0.142484,0.65122,0.745393]]],"btipPosition":[-16.5518,179.396,-16.8844],"carpPosition":[10.5429,235.452,53.7832],"dipPosition":[-19.6602,193.603,-0.623108],"direction":[-0.0611099,-0.640073,-0.76588],"extended":false,"handId":426,"id":4260,"length":48.5803,"mcpPosition":[10.5429,235.452,53.7832],"pipPosition":[-17.7179,213.945,23.7183],"stabilizedTipPosition":[-17.6121,185.011,-14.3661],"timeVisible":5.79642,"tipPosition":[-15.9038,181.393,-12.258],"tipVelocity":[37.4667,-412.097,223.925],"tool":false,"touchDistance":-0.0917003,"touchZone":"touching","type":0,"width":18.876},{"bases":[[[0.92039,0.103012,-0.377187],[-0.299447,0.80601,-0.510568],[0.251421,0.58287,0.77269]],[[0.921903,0.106556,-0.37248],[-0.212937,0.942554,-0.257391],[0.323656,0.316604,0.891633]],[[0.921903,0.106556,-0.37248],[-0.310623,0.77788,-0.546274],[0.231536,0.619313,0.750229]],[[0.921903,0.106556,-0.37248],[-0.365839,0.555846,-0.746456],[0.127502,0.824427,0.551419]]],"btipPosition":[-25.7745,168.842,-78.3382],"carpPosition":[11.6762,248.577,36.044],"dipPosition":[-23.7439,181.972,-69.5561],"direction":[-0.231536,-0.619313,-0.750229],"extended":true,"handId":426,"id":4261,"length":54.8174,"mcpPosition":[-5.5657,208.605,-16.9455],"pipPosition":[-18.5273,195.925,-52.6531],"stabilizedTipPosition":[-25.3622,172.169,-76.4393],"timeVisible":5.79642,"tipPosition":[-26.4254,174.649,-77.3097],"tipVelocity":[84.595,-895.191,302.735],"tool":false,"touchDistance":0.641995,"touchZone":"hovering","type":1,"width":18.0304},{"bases":[[[0.983369,0.0418887,-0.176723],[-0.133941,0.824423,-0.549897],[0.12266,0.564423,0.816322]],[[0.984114,0.0454035,-0.171635],[-0.138597,-0.407702,-0.902535],[-0.110954,0.911985,-0.394933]],[[0.984114,0.0454035,-0.171635],[0.0152184,-0.984761,-0.173246],[-0.176885,0.167881,-0.969808]],[[0.984114,0.0454035,-0.171635],[0.0875925,-0.965063,0.246942],[-0.154426,-0.258053,-0.953709]]],"btipPosition":[25.9153,173.093,37.5951],"carpPosition":[21.5135,250.705,30.5268],"dipPosition":[23.2103,168.573,20.889],"direction":[0.176885,-0.167881,0.969808],"extended":false,"handId":426,"id":4262,"length":62.4601,"mcpPosition":[13.5364,213.998,-22.5621],"pipPosition":[18.5216,173.023,-4.81773],"stabilizedTipPosition":[17.1625,198.619,-5.46013],"timeVisible":5.79642,"tipPosition":[25.2738,171.898,33.6281],"tipVelocity":[122.985,-229.163,271.971],"tool":false,"touchDistance":0.333333,"touchZone":"none","type":2,"width":17.7082},{"bases":[[[0.997981,0.0622231,-0.0127081],[-0.059363,0.842881,-0.534816],[-0.0225665,0.53449,0.844873]],[[0.99818,0.0444257,-0.0407792],[-0.0208533,-0.38022,-0.924661],[-0.0565838,0.923828,-0.378602]],[[0.99818,0.0444257,-0.0407792],[0.0366033,-0.983753,-0.175759],[-0.0479248,0.173946,-0.983588]],[[0.99818,0.0444257,-0.0407792],[0.0535208,-0.964229,0.259613],[-0.027787,-0.261323,-0.964851]]],"btipPosition":[37.9088,181.818,36.066],"carpPosition":[32.5131,251.443,27.4273],"dipPosition":[37.4249,177.267,19.2619],"direction":[0.0479248,-0.173946,0.983588],"extended":false,"handId":426,"id":4263,"length":60.057,"mcpPosition":[33.8308,220.234,-21.9048],"pipPosition":[36.1874,181.758,-6.13677],"stabilizedTipPosition":[30.7534,202.4,5.12536],"timeVisible":5.79642,"tipPosition":[37.745,182.002,32.8347],"tipVelocity":[111.889,-242.197,203.328],"tool":false,"touchDistance":0.333333,"touchZone":"none","type":3,"width":16.8505},{"bases":[[[0.98466,-0.0164631,0.173705],[0.0948233,0.886186,-0.453524],[-0.146469,0.463038,0.874153]],[[0.957129,0.0440978,0.286285],[0.283255,-0.349199,-0.893211],[0.0605818,0.93601,-0.34672]],[[0.957129,0.0440978,0.286285],[0.0979366,-0.979404,-0.176567],[0.272602,0.197035,-0.941735]],[[0.957129,0.0440978,0.286285],[-0.0246087,-0.972391,0.232056],[0.288614,-0.229152,-0.929619]]],"btipPosition":[41.518,192.417,25.8185],"carpPosition":[45.2052,248.206,29.5334],"dipPosition":[46.1552,188.735,10.882],"direction":[-0.272602,-0.197035,0.941735],"extended":false,"handId":426,"id":4264,"length":47.0836,"mcpPosition":[53.122,223.178,-17.7154],"pipPosition":[51.1252,192.327,-6.28748],"stabilizedTipPosition":[39.0706,208.534,5.56604],"timeVisible":5.79642,"tipPosition":[42.5649,191.835,22.335],"tipVelocity":[91.7304,-237.439,187.655],"tool":false,"touchDistance":0.333333,"touchZone":"none","type":4,"width":14.9679}],"r":[[0.988787,-0.0545299,-0.139023],[-0.0139525,0.893142,-0.449558],[0.148682,0.446457,0.882366]],"s":1.09625,"t":[29.6587,-60.7811,-74.5257],"timestamp":89001209679},false],[1,{"currentFrameRate":54.2239,"devices":[],"gestures":[{"direction":[-0.0324872,-0.971317,0.235558],"duration":18355,"handIds":[426],"id":6,"pointableIds":[4261],"position":[-21.3691,161.016,-69.9739],"speed":176.859,"startPosition":[-11.1856,295.756,-98.2107],"state":"update","type":"swipe"}],"hands":[{"armBasis":[[0.981009,0.192586,0.023064],[-0.192229,0.981205,-0.0168568],[-0.025877,0.0121032,0.999592]],"armWidth":59.3966,"confidence":0.273275,"direction":[-0.127337,-0.47144,-0.872657],"elbow":[27.5378,248.546,293.415],"grabStrength":0,"id":426,"palmNormal":[0.271696,-0.862746,0.426441],"palmPosition":[21.9569,216.997,1.31918],"palmVelocity":[56.5034,-280.563,95.6756],"palmWidth":84.8164,"pinchStrength":0,"r":[[0.987644,-0.037505,-0.152158],[-0.0450583,0.86198,-0.504935],[0.150095,0.505553,0.84964]],"s":1.08879,"sphereCenter":[11.6909,174.1,3.07043],"sphereRadius":47.0668,"stabilizedPalmPosition":[21.9287,217.072,1.28107],"t":[30.737,-65.9021,-72.7543],"timeVisible":5.81477,"type":"right","wrist":[34.0506,245.5,41.8374]}],"id":1428879,"interactionBox":{"center":[0,200,0],"size":[235.247,235.247,147.751]},"pointables":[{"bases":[[[0.115996,0.753226,-0.647453],[-0.839522,0.422706,0.341356],[0.5308,0.503955,0.681382]],[[0.0951575,0.73295,-0.673594],[-0.794133,0.463912,0.392605],[0.600248,0.497564,0.626204]],[[0.0951575,0.73295,-0.673594],[-0.994073,0.105704,-0.0254131],[0.0525747,0.67202,0.738664]],[[0.0951575,0.73295,-0.673594],[-0.984929,-0.0288522,-0.170534],[-0.144427,0.67967,0.719158]]],"btipPosition":[-14.6075,174.123,-13.0659],"carpPosition":[11.8426,233.461,55.2372],"dipPosition":[-17.7583,188.951,2.62306],"direction":[-0.0525747,-0.67202,-0.738664],"extended":false,"handId":426,"id":4260,"length":48.5803,"mcpPosition":[11.8426,233.461,55.2372],"pipPosition":[-16.0873,210.309,26.0995],"stabilizedTipPosition":[-15.9316,179.499,-10.748],"timeVisible":5.81477,"tipPosition":[-13.9685,176.409,-8.57829],"tipVelocity":[70.0984,-348.388,212.847],"tool":false,"touchDistance":-0.0769653,"touchZone":"touching","type":0,"width":18.876},{"bases":[[[0.919,0.101045,-0.38109],[-0.31107,0.779707,-0.543409],[0.24223,0.617938,0.747982]],[[0.921594,0.107798,-0.372886],[-0.239796,0.913533,-0.328565],[0.305225,0.39222,0.867756]],[[0.921594,0.107798,-0.372886],[-0.335681,0.703687,-0.626213],[0.194891,0.702285,0.684699]],[[0.921594,0.107798,-0.372886],[-0.380591,0.439677,-0.813532],[0.0762525,0.891663,0.446231]]],"btipPosition":[-21.6484,157.75,-71.6085],"carpPosition":[12.7921,245.858,36.9714],"dipPosition":[-20.434,171.951,-64.5016],"direction":[-0.194891,-0.702285,-0.684699],"extended":true,"handId":426,"id":4261,"length":54.8174,"mcpPosition":[-3.81953,203.481,-14.3237],"pipPosition":[-16.043,187.774,-49.0751],"stabilizedTipPosition":[-21.5088,161.406,-70.2001],"timeVisible":5.81477,"tipPosition":[-22.5994,163.808,-71.2773],"tipVelocity":[147.033,-749.011,323.35],"tool":false,"touchDistance":0.706295,"touchZone":"hovering","type":1,"width":18.0304},{"bases":[[[0.982751,0.04919,-0.178272],[-0.14583,0.798942,-0.58346],[0.113729,0.599393,0.792334]],[[0.983405,0.0527295,-0.173589],[-0.133115,-0.440383,-0.887887],[-0.123264,0.89626,-0.426056]],[[0.983405,0.0527295,-0.173589],[0.0290106,-0.990223,-0.136441],[-0.179087,0.129141,-0.975321]],[[0.983405,0.0527295,-0.173589],[0.101511,-0.952958,0.2856],[-0.150364,-0.298481,-0.942496]]],"btipPosition":[28.1231,170.458,41.3477],"carpPosition":[22.6002,247.903,31.3714],"dipPosition":[25.4892,165.23,24.838],"direction":[0.179087,-0.129141,0.975321],"extended":false,"handId":426,"id":4262,"length":62.4601,"mcpPosition":[15.2039,208.922,-20.1575],"pipPosition":[20.7421,168.653,-1.01478],"stabilizedTipPosition":[18.4406,194.995,-0.151412],"timeVisible":5.81477,"tipPosition":[27.5117,169.21,37.5485],"tipVelocity":[122.114,-192.298,240.716],"tool":false,"touchDistance":0.333333,"touchZone":"none","type":2,"width":17.7082},{"bases":[[[0.996954,0.0764909,-0.0152365],[-0.0715447,0.819115,-0.56915],[-0.0310544,0.568507,0.822092]],[[0.997435,0.0576378,-0.0424302],[-0.0154151,-0.405919,-0.913779],[-0.0698915,0.91209,-0.40399]],[[0.997435,0.0576378,-0.0424302],[0.05071,-0.987485,-0.14934],[-0.0505068,0.146805,-0.987875]],[[0.997435,0.0576378,-0.0424302],[0.0674614,-0.955132,0.288397],[-0.0239039,-0.290519,-0.95657]]],"btipPosition":[40.0342,178.763,39.2371],"carpPosition":[33.5896,248.676,28.2443],"dipPosition":[39.6179,173.703,22.5771],"direction":[0.0505068,-0.146805,0.987875],"extended":false,"handId":426,"id":4263,"length":60.057,"mcpPosition":[35.4028,215.481,-19.7576],"pipPosition":[38.3137,177.494,-2.93219],"stabilizedTipPosition":[32.5607,197.52,11.0832],"timeVisible":5.81477,"tipPosition":[39.8711,178.94,36.0756],"tipVelocity":[114.172,-208.867,189.513],"tool":false,"touchDistance":0.333333,"touchZone":"none","type":3,"width":16.8505},{"bases":[[[0.984684,0.00537522,0.174265],[0.0819284,0.868027,-0.48971],[-0.153899,0.496487,0.854292]],[[0.956178,0.070123,0.284264],[0.289499,-0.371493,-0.882147],[0.0437433,0.925784,-0.375515]],[[0.956178,0.070123,0.284264],[0.11601,-0.982169,-0.147938],[0.268821,0.174432,-0.947264]],[[0.956178,0.070123,0.284264],[-0.00721557,-0.964957,0.26231],[0.292696,-0.252866,-0.922165]]],"btipPosition":[43.5998,189.251,28.7713],"carpPosition":[46.3271,245.718,30.4826],"dipPosition":[48.3026,185.188,13.9546],"direction":[-0.268821,-0.174432,0.947264],"extended":false,"handId":426,"id":4264,"length":47.0836,"mcpPosition":[54.6455,218.882,-15.6927],"pipPosition":[53.2037,188.368,-3.31571],"stabilizedTipPosition":[40.5021,203.376,10.6169],"timeVisible":5.81477,"tipPosition":[44.6165,188.734,25.4171],"tipVelocity":[102.545,-208.53,175.509],"tool":false,"touchDistance":0.333333,"touchZone":"none","type":4,"width":14.9679}],"r":[[0.987644,-0.037505,-0.152158],[-0.0450583,0.86198,-0.504935],[0.150095,0.505553,0.84964]],"s":1.08879,"t":[30.737,-65.9021,-72.7543],"timestamp":89001228034},false],[2,{"currentFrameRate":54.2317,"devices":[],"gestures":[{"direction":[0.0465989,-0.954319,0.295132],"duration":36767,"handIds":[426],"id":6,"pointableIds":[4261],"position":[-17.5937,153.124,-64.9073],"speed":167.241,"startPosition":[-11.1856,295.756,-98.2107],"state":"update","type":"swipe"}],"hands":[{"armBasis":[[0.980971,0.191973,0.029019],[-0.191536,0.981335,-0.0171814],[-0.0317758,0.0112963,0.999431]],"armWidth":59.3966,"confidence":0.259067,"direction":[-0.116063,-0.49554,-0.860796],"elbow":[26.6486,246.576,294.209],"grabStrength":0.0125492,"id":426,"palmNormal":[0.272757,-0.849236,0.452109],"palmPosition":[23.116,214.074,2.824],"palmVelocity":[59.6082,-221.905,88.9617],"palmWidth":84.8164,"pinchStrength":0,"r":[[0.986588,-0.0241791,-0.161427],[-0.0699412,0.830958,-0.551921],[0.147484,0.555809,0.818123]],"s":1.07918,"sphereCenter":[15.3682,170.549,5.98152],"sphereRadius":46.559,"stabilizedPalmPosition":[23.0814,214.161,2.77909],"t":[31.8556,-69.9238,-71.1161],"timeVisible":5.83319,"type":"right","wrist":[34.646,243.733,42.6718]}],"id":1428880,"interactionBox":{"center":[0,200,0],"size":[235.247,235.247,147.751]},"pointables":[{"bases":[[[0.117704,0.736246,-0.666399],[-0.845309,0.426456,0.32185],[0.521151,0.52543,0.672551]],[[0.0947844,0.712547,-0.695192],[-0.802508,0.467917,0.370182],[0.589065,0.52281,0.616176]],[[0.0947844,0.712547,-0.695192],[-0.994713,0.0955174,-0.0377199],[0.0395257,0.695092,0.717833]],[[0.0947844,0.712547,-0.695192],[-0.985988,-0.0291012,-0.16426],[-0.137274,0.70102,0.699804]]],"btipPosition":[-13.2885,170.208,-10.5721],"carpPosition":[12.3826,231.919,56.18],"dipPosition":[-16.2832,185.501,4.69457],"direction":[-0.0395257,-0.695092,-0.717833],"extended":false,"handId":426,"id":4260,"length":48.5803,"mcpPosition":[12.3826,231.919,56.18],"pipPosition":[-15.027,207.593,27.5089],"stabilizedTipPosition":[-14.5139,175.311,-8.07327],"timeVisible":5.83319,"tipPosition":[-12.6852,172.887,-6.28295],"tipVelocity":[71.778,-280.235,173.041],"tool":false,"touchDistance":-0.0694905,"touchZone":"touching","type":0,"width":18.876},{"bases":[[[0.922011,0.0965244,-0.374938],[-0.310499,0.762834,-0.567164],[0.23127,0.639349,0.733312]],[[0.925357,0.106047,-0.363962],[-0.254331,0.885616,-0.388586],[0.281123,0.452148,0.846482]],[[0.925357,0.106047,-0.363962],[-0.344923,0.633881,-0.692259],[0.157297,0.766126,0.623145]],[[0.925357,0.106047,-0.363962],[-0.377926,0.333459,-0.8637],[0.0297739,0.936781,0.348646]]],"btipPosition":[-17.7027,149.693,-66.1844],"carpPosition":[13.4337,243.826,37.5964],"dipPosition":[-17.2285,164.612,-60.6318],"direction":[-0.157297,-0.766126,-0.623145],"extended":true,"handId":426,"id":4261,"length":54.8174,"mcpPosition":[-2.42633,199.981,-12.6926],"pipPosition":[-13.6846,181.873,-46.592],"stabilizedTipPosition":[-17.8205,153.604,-65.214],"timeVisible":5.83319,"tipPosition":[-18.8857,155.9,-66.5029],"tipVelocity":[174.966,-594.759,300.158],"tool":false,"touchDistance":0.744997,"touchZone":"hovering","type":1,"width":18.0304},{"bases":[[[0.984112,0.050547,-0.170199],[-0.144999,0.782022,-0.606149],[0.102461,0.621198,0.776927]],[[0.984664,0.0539803,-0.165902],[-0.123756,-0.454147,-0.882289],[-0.12297,0.88929,-0.440502]],[[0.984664,0.0539803,-0.165902],[0.0345141,-0.992407,-0.118056],[-0.171015,0.110519,-0.97905]],[[0.984664,0.0539803,-0.165902],[0.103771,-0.945639,0.308218],[-0.140246,-0.320707,-0.936738]]],"btipPosition":[29.1342,168.115,43.662],"carpPosition":[23.2829,245.781,32.0366],"dipPosition":[26.6775,162.497,27.2532],"direction":[0.171015,-0.110519,0.97905],"extended":false,"handId":426,"id":4262,"length":62.4601,"mcpPosition":[16.6194,205.382,-18.4903],"pipPosition":[22.1445,165.426,1.3015],"stabilizedTipPosition":[19.7936,191.232,5.19709],"timeVisible":5.83319,"tipPosition":[28.5783,166.985,40.0582],"tipVelocity":[90.8283,-163.338,185.946],"tool":false,"touchDistance":0.333333,"touchZone":"none","type":2,"width":17.7082},{"bases":[[[0.996576,0.0823135,-0.00783156],[-0.0709778,0.803039,-0.591684],[-0.0424145,0.590214,0.806132]],[[0.997432,0.0628349,-0.0343708],[-0.00512295,-0.416076,-0.909315],[-0.0714376,0.907156,-0.414685]],[[0.997432,0.0628349,-0.0343708],[0.0575198,-0.988717,-0.138311],[-0.0426737,0.135979,-0.989792]],[[0.997432,0.0628349,-0.0343708],[0.0703125,-0.9504,0.30298],[-0.0136282,-0.304619,-0.952377]]],"btipPosition":[41.0882,176.089,41.3409],"carpPosition":[34.2971,246.539,28.9943],"dipPosition":[40.8509,170.784,24.754],"direction":[0.0426737,-0.135979,0.989792],"extended":false,"handId":426,"id":4263,"length":60.057,"mcpPosition":[36.7737,212.076,-18.0757],"pipPosition":[39.7489,174.295,-0.804811],"stabilizedTipPosition":[34.4174,192.556,16.8777],"timeVisible":5.83319,"tipPosition":[40.9534,176.325,38.2591],"tipVelocity":[87.8412,-179.705,153.724],"tool":false,"touchDistance":0.333333,"touchZone":"none","type":3,"width":16.8505},{"bases":[[[0.982905,0.0162467,0.183394],[0.0814237,0.855034,-0.51214],[-0.165129,0.518317,0.839095]],[[0.953026,0.0836149,0.291117],[0.300143,-0.389794,-0.870617],[0.0406791,0.917098,-0.396581]],[[0.953026,0.0836149,0.291117],[0.124463,-0.984354,-0.124727],[0.276133,0.155102,-0.948522]],[[0.953026,0.0836149,0.291117],[-0.00279945,-0.958668,0.284514],[0.302874,-0.271964,-0.913402]]],"btipPosition":[44.7138,187.021,31.1189],"carpPosition":[47.03,243.722,31.4323],"dipPosition":[49.5802,182.651,16.443],"direction":[-0.276133,-0.155102,0.948522],"extended":false,"handId":426,"id":4264,"length":47.0836,"mcpPosition":[55.9554,215.707,-13.9216],"pipPosition":[54.6146,185.479,-0.850212],"stabilizedTipPosition":[41.8664,198.933,15],"timeVisible":5.83319,"tipPosition":[45.7504,186.472,27.8196],"tipVelocity":[83.2887,-168.291,153.245],"tool":false,"touchDistance":0.333333,"touchZone":"none","type":4,"width":14.9679}],"r":[[0.986588,-0.0241791,-0.161427],[-0.0699412,0.830958,-0.551921],[0.147484,0.555809,0.818123]],"s":1.07918,"t":[31.8556,-69.9238,-71.1161],"timestamp":89001246446},false],[3,{"currentFrameRate":54.2315,"devices":[],"gestures":[{"direction":[0.119424,-0.929632,0.348599],"duration":55207,"handIds":[426],"id":6,"pointableIds":[4261],"position":[-15.0052,148.304,-61.2303],"speed":161.147,"startPosition":[-11.1856,295.756,-98.2107],"state":"update","type":"swipe"}],"hands":[{"armBasis":[[0.981277,0.191738,0.0182324],[-0.191283,0.981239,-0.0240918],[-0.0225096,0.0201532,0.999543]],"armWidth":59.3966,"confidence":0.232177,"direction":[-0.113556,-0.502824,-0.856897],"elbow":[29.6669,247.59,294.713],"grabStrength":0.0496906,"id":426,"palmNormal":[0.271705,-0.845315,0.460021],"palmPosition":[23.9199,212.52,3.51974],"palmVelocity":[51.8906,-155.565,64.2698],"palmWidth":84.8164,"pinchStrength":0.00583297,"r":[[0.985538,-0.0141934,-0.168861],[-0.0894206,0.802893,-0.589378],[0.143943,0.595954,0.790012]],"s":1.06707,"sphereCenter":[18.6745,168.462,7.36594],"sphereRadius":46.0359,"stabilizedPalmPosition":[23.8862,212.586,3.48998],"t":[32.8169,-72.7115,-69.9492],"timeVisible":5.85163,"type":"right","wrist":[35.3322,242.518,43.1473]}],"id":1428881,"interactionBox":{"center":[0,200,0],"size":[235.247,235.247,147.751]},"pointables":[{"bases":[[[0.119375,0.730622,-0.672266],[-0.846301,0.428937,0.315892],[0.519158,0.531229,0.66953]],[[0.0901848,0.699803,-0.708621],[-0.808682,0.466749,0.358021],[0.581292,0.54076,0.608011]],[[0.0901848,0.699803,-0.708621],[-0.99546,0.0850794,-0.0426696],[0.0304287,0.709252,0.704298]],[[0.0901848,0.699803,-0.708621],[-0.988994,-0.0208703,-0.146478],[-0.117295,0.714031,0.690218]]],"btipPosition":[-12.4219,167.532,-9.0398],"carpPosition":[13.0343,230.813,56.6931],"dipPosition":[-14.9808,183.109,6.01778],"direction":[-0.0304287,-0.709252,-0.704298],"extended":false,"handId":426,"id":4260,"length":48.5803,"mcpPosition":[13.0343,230.813,56.6931],"pipPosition":[-14.0137,205.651,28.402],"stabilizedTipPosition":[-13.4299,172.285,-6.27304],"timeVisible":5.85163,"tipPosition":[-11.9464,170.783,-5.10009],"tipVelocity":[62.4544,-213.398,128.435],"tool":false,"touchDistance":-0.0641985,"touchZone":"touching","type":0,"width":18.876},{"bases":[[[0.923024,0.0935963,-0.373183],[-0.309107,0.757934,-0.574446],[0.229082,0.645581,0.728523]],[[0.927101,0.105514,-0.359653],[-0.266033,0.861181,-0.433122],[0.264026,0.497227,0.826472]],[[0.927101,0.105514,-0.359653],[-0.351856,0.575655,-0.738119],[0.129154,0.810857,0.570816]],[[0.927101,0.105514,-0.359653],[-0.374785,0.249665,-0.892863],[-0.00441666,0.962566,0.27101]]],"btipPosition":[-14.989,144.778,-62.223],"carpPosition":[14.1341,242.562,38.0126],"dipPosition":[-15.0594,160.108,-57.9068],"direction":[-0.129154,-0.810857,-0.570816],"extended":true,"handId":426,"id":4261,"length":54.8174,"mcpPosition":[-1.57593,198.29,-11.948],"pipPosition":[-12.1495,178.377,-45.046],"stabilizedTipPosition":[-15.2597,148.783,-61.5903],"timeVisible":5.85163,"tipPosition":[-16.3335,151.053,-63.0296],"tipVelocity":[158.293,-434.096,251.6],"tool":false,"touchDistance":0.758987,"touchZone":"hovering","type":1,"width":18.0304},{"bases":[[[0.984568,0.0493663,-0.167893],[-0.143504,0.776836,-0.613133],[0.100157,0.627765,0.771932]],[[0.985073,0.0526131,-0.163897],[-0.123342,-0.448416,-0.885274],[-0.120071,0.892275,-0.435233]],[[0.985073,0.0526131,-0.163897],[0.0328421,-0.992099,-0.121086],[-0.168973,0.113895,-0.979018]],[[0.985073,0.0526131,-0.163897],[0.102118,-0.945117,0.310364],[-0.138573,-0.322468,-0.936382]]],"btipPosition":[29.7856,166.187,44.1702],"carpPosition":[23.9981,244.473,32.4638],"dipPosition":[27.3583,160.538,27.7676],"direction":[0.168973,-0.113895,0.979018],"extended":false,"handId":426,"id":4262,"length":62.4601,"mcpPosition":[17.4845,203.647,-17.7383],"pipPosition":[22.8793,163.557,1.81676],"stabilizedTipPosition":[21.3538,186.875,11.0187],"timeVisible":5.85163,"tipPosition":[29.2511,165.285,40.7451],"tipVelocity":[64.2546,-135.192,109.646],"tool":false,"touchDistance":0.333333,"touchZone":"none","type":2,"width":17.7082},{"bases":[[[0.996574,0.0825064,-0.00576483],[-0.0695289,0.797994,-0.598642],[-0.0447915,0.596991,0.800996]],[[0.997502,0.0631159,-0.0317204],[-0.00339195,-0.405736,-0.913984],[-0.070557,0.911808,-0.404509]],[[0.997502,0.0631159,-0.0317204],[0.0576936,-0.987045,-0.149709],[-0.0407584,0.147505,-0.988221]],[[0.997502,0.0631159,-0.0317204],[0.0697003,-0.952381,0.296836],[-0.0114748,-0.298306,-0.954401]]],"btipPosition":[41.8269,173.761,41.6631],"carpPosition":[35.0206,245.208,29.4457],"dipPosition":[41.627,168.566,25.0409],"direction":[0.0407584,-0.147505,0.988221],"extended":false,"handId":426,"id":4263,"length":60.057,"mcpPosition":[37.636,210.35,-17.3244],"pipPosition":[40.5746,172.374,-0.477361],"stabilizedTipPosition":[36.3902,187.201,22.4939],"timeVisible":5.85163,"tipPosition":[41.7018,174.153,38.6809],"tipVelocity":[65.0365,-153.278,87.8427],"tool":false,"touchDistance":0.333333,"touchZone":"none","type":3,"width":16.8505},{"bases":[[[0.982389,0.0180537,0.185973],[0.0826389,0.850699,-0.519117],[-0.167579,0.525343,0.834225]],[[0.952372,0.0860103,0.292558],[0.302241,-0.393581,-0.868184],[0.0404725,0.915257,-0.400831]],[[0.952372,0.0860103,0.292558],[0.12602,-0.984651,-0.120755],[0.277681,0.151871,-0.948593]],[[0.952372,0.0860103,0.292558],[-0.00221509,-0.957421,0.288687],[0.304931,-0.275585,-0.91163]]],"btipPosition":[45.5092,185.512,32.0054],"carpPosition":[47.7474,242.415,31.9427],"dipPosition":[50.4086,181.084,17.358],"direction":[-0.277681,-0.151871,0.948593],"extended":false,"handId":426,"id":4264,"length":47.0836,"mcpPosition":[56.8052,214.02,-13.1479],"pipPosition":[55.4712,183.853,0.0634992],"stabilizedTipPosition":[43.1045,195.185,18.5396],"timeVisible":5.85163,"tipPosition":[46.5359,184.99,28.74],"tipVelocity":[64.1332,-126.968,102.729],"tool":false,"touchDistance":0.333333,"touchZone":"none","type":4,"width":14.9679}],"r":[[0.985538,-0.0141934,-0.168861],[-0.0894206,0.802893,-0.589378],[0.143943,0.595954,0.790012]],"s":1.06707,"t":[32.8169,-72.7115,-69.9492],"timestamp":89001264886},false],[4,{"currentFrameRate":54.1977,"devices":[],"gestures":[{"direction":[0.100736,-0.933824,0.343257],"duration":73777,"handIds":[426],"id":6,"pointableIds":[4261],"position":[-12.5743,144.448,-57.3623],"speed":155.928,"startPosition":[-11.1856,295.756,-98.2107],"state":"update","type":"swipe"}],"hands":[{"armBasis":[[0.981447,0.191107,0.0155169],[-0.190671,0.981312,-0.0259301],[-0.0201824,0.0224904,0.999543]],"armWidth":59.3966,"confidence":0.239166,"direction":[-0.112188,-0.505141,-0.855714],"elbow":[30.6276,247.576,294.975],"grabStrength":0.101761,"id":426,"palmNormal":[0.270633,-0.844129,0.462821],"palmPosition":[24.356,211.813,3.84385],"palmVelocity":[38.1333,-98.6618,41.5939],"palmWidth":84.8164,"pinchStrength":0.0544048,"r":[[0.984575,-0.00665737,-0.174836],[-0.104601,0.778633,-0.6187],[0.140252,0.627445,0.765926]],"s":1.05173,"sphereCenter":[21.8447,167.186,8.24635],"sphereRadius":45.5334,"stabilizedPalmPosition":[24.3328,211.851,3.82636],"t":[33.5156,-74.459,-69.2037],"timeVisible":5.8702,"type":"right","wrist":[35.7071,241.916,43.4091]}],"id":1428882,"interactionBox":{"center":[0,200,0],"size":[235.247,235.247,147.751]},"pointables":[{"bases":[[[0.120788,0.728738,-0.674056],[-0.84673,0.430054,0.313212],[0.51813,0.532911,0.66899]],[[0.0855564,0.691124,-0.717655],[-0.814515,0.463343,0.34911],[0.573799,0.554672,0.602573]],[[0.0855564,0.691124,-0.717655],[-0.996092,0.0751839,-0.0463463],[0.0219251,0.718815,0.694855]],[[0.0855564,0.691124,-0.717655],[-0.991846,-0.00920151,-0.127106],[-0.0944494,0.722678,0.684701]]],"btipPosition":[-11.954,165.834,-8.11197],"carpPosition":[13.3817,230.255,56.9474],"dipPosition":[-14.0144,181.6,6.82525],"direction":[-0.0219251,-0.718815,-0.694855],"extended":false,"handId":426,"id":4260,"length":48.5803,"mcpPosition":[13.3817,230.255,56.9474],"pipPosition":[-13.3176,204.446,28.9093],"stabilizedTipPosition":[-12.7041,170.239,-5.11656],"timeVisible":5.8702,"tipPosition":[-11.5733,169.542,-4.45779],"tipVelocity":[47.3993,-153.193,89.7046],"tool":false,"touchDistance":-0.056904,"touchZone":"touching","type":0,"width":18.876},{"bases":[[[0.923713,0.0922969,-0.3718],[-0.307859,0.756446,-0.577072],[0.227985,0.647511,0.727154]],[[0.928425,0.106271,-0.355997],[-0.278575,0.833121,-0.477814],[0.245811,0.542786,0.803094]],[[0.928425,0.106271,-0.355997],[-0.358847,0.504646,-0.785214],[0.0962073,0.856761,0.506661]],[[0.928425,0.106271,-0.355997],[-0.368763,0.147083,-0.917813],[-0.0451755,0.983399,0.175744]]],"btipPosition":[-12.4088,140.845,-58.0061],"carpPosition":[14.5181,241.953,38.2367],"dipPosition":[-13.1283,156.507,-55.2071],"direction":[-0.0962073,-0.856761,-0.506661],"extended":true,"handId":426,"id":4261,"length":54.8174,"mcpPosition":[-1.11659,197.548,-11.63],"pipPosition":[-10.9607,175.811,-43.7918],"stabilizedTipPosition":[-12.9516,145.057,-57.9564],"timeVisible":5.8702,"tipPosition":[-13.9739,147.22,-59.4573],"tipVelocity":[145.028,-324.42,230.622],"tool":false,"touchDistance":0.77444,"touchZone":"hovering","type":1,"width":18.0304},{"bases":[[[0.98488,0.0486124,-0.16628],[-0.142182,0.775192,-0.615517],[0.0989772,0.629852,0.770383]],[[0.985361,0.0517518,-0.162437],[-0.123694,-0.438665,-0.890097],[-0.11732,0.897159,-0.425842]],[[0.985361,0.0517518,-0.162437],[0.0307686,-0.99115,-0.129131],[-0.167682,0.122243,-0.978233]],[[0.985361,0.0517518,-0.162437],[0.100335,-0.946361,0.307139],[-0.137829,-0.318941,-0.937699]]],"btipPosition":[30.086,164.921,44.0877],"carpPosition":[24.3926,243.845,32.7002],"dipPosition":[27.6717,159.334,27.662],"direction":[0.167682,-0.122243,0.978233],"extended":false,"handId":426,"id":4262,"length":62.4601,"mcpPosition":[17.9557,202.883,-17.4011],"pipPosition":[23.2269,162.574,1.732],"stabilizedTipPosition":[23.166,181.724,17.5104],"timeVisible":5.8702,"tipPosition":[29.5673,164.215,40.7948],"tipVelocity":[41.0447,-102.364,54.2478],"tool":false,"touchDistance":0.333333,"touchZone":"none","type":2,"width":17.7082},{"bases":[[[0.996607,0.0821939,-0.00422275],[-0.0682257,0.796368,-0.600952],[-0.0460318,0.599202,0.799274]],[[0.997568,0.0630691,-0.0296756],[-0.00284947,-0.388494,-0.921447],[-0.0696436,0.91929,-0.38737]],[[0.997568,0.0630691,-0.0296756],[0.0571985,-0.984029,-0.168568],[-0.0398331,0.166461,-0.985243]],[[0.997568,0.0630691,-0.0296756],[0.068909,-0.956406,0.283795],[-0.0104832,-0.28515,-0.958426]]],"btipPosition":[42.2201,171.962,41.297],"carpPosition":[35.4207,244.568,29.6997],"dipPosition":[42.0376,166.996,24.6047],"direction":[0.0398331,-0.166461,0.985243],"extended":false,"handId":426,"id":4263,"length":60.057,"mcpPosition":[38.1084,209.581,-16.9699],"pipPosition":[41.009,171.294,-0.83665],"stabilizedTipPosition":[38.3772,181.577,27.6308],"timeVisible":5.8702,"tipPosition":[42.1007,172.52,38.411],"tipVelocity":[43.8962,-124.578,35.3258],"tool":false,"touchDistance":0.333333,"touchZone":"none","type":3,"width":16.8505},{"bases":[[[0.982063,0.0182721,0.187666],[0.0838167,0.849246,-0.521303],[-0.1689,0.527681,0.832481]],[[0.951991,0.0863292,0.293702],[0.303754,-0.385611,-0.871228],[0.0380423,0.918614,-0.393321]],[[0.951991,0.0863292,0.293702],[0.129462,-0.982931,-0.130713],[0.277404,0.162461,-0.946918]],[[0.951991,0.0863292,0.293702],[0.000388282,-0.959753,0.280846],[0.306126,-0.267249,-0.913709]]],"btipPosition":[46.0413,184.312,32.1392],"carpPosition":[48.1421,241.779,32.2269],"dipPosition":[50.9599,180.018,17.4584],"direction":[-0.277404,-0.162461,0.946918],"extended":false,"handId":426,"id":4264,"length":47.0836,"mcpPosition":[57.2713,213.257,-12.7695],"pipPosition":[56.0174,182.98,0.194407],"stabilizedTipPosition":[44.2676,191.794,21.4625],"timeVisible":5.8702,"tipPosition":[47.0305,183.961,28.9586],"tipVelocity":[47.063,-95.9759,56.2601],"tool":false,"touchDistance":0.333333,"touchZone":"none","type":4,"width":14.9679}],"r":[[0.984575,-0.00665737,-0.174836],[-0.104601,0.778633,-0.6187],[0.140252,0.627445,0.765926]],"s":1.05173,"t":[33.5156,-74.459,-69.2037],"timestamp":89001283456},false],[5,{"currentFrameRate":54.2197,"devices":[],"gestures":[{"direction":[0.162744,-0.905412,0.392101],"duration":92143,"handIds":[426],"id":6,"pointableIds":[4261],"position":[-10.8962,142.304,-54.772],"speed":152.87,"startPosition":[-11.1856,295.756,-98.2107],"state":"update","type":"swipe"}],"hands":[{"armBasis":[[0.981838,0.189084,0.0155558],[-0.188608,0.981658,-0.0278385],[-0.0205343,0.024399,0.999491]],"armWidth":59.3966,"confidence":0.252083,"direction":[-0.111915,-0.503113,-0.856944],"elbow":[30.8376,247.712,295.102],"grabStrength":0.136507,"id":426,"palmNormal":[0.267297,-0.845819,0.461673],"palmPosition":[24.648,211.58,3.90148],"palmVelocity":[27.4476,-57.3512,23.1121],"palmWidth":84.8164,"pinchStrength":0.091318,"r":[[0.983763,-0.00131591,-0.179468],[-0.115949,0.758613,-0.641141],[0.136991,0.65154,0.746143]],"s":1.03461,"sphereCenter":[24.2131,166.575,8.53908],"sphereRadius":45.1597,"stabilizedPalmPosition":[24.6304,211.595,3.89728],"t":[34.011,-75.4494,-68.8021],"timeVisible":5.88856,"type":"right","wrist":[36.0057,241.571,43.5494]}],"id":1428883,"interactionBox":{"center":[0,200,0],"size":[235.247,235.247,147.751]},"pointables":[{"bases":[[[0.124215,0.729732,-0.672356],[-0.846125,0.431846,0.312379],[0.518308,0.530095,0.671086]],[[0.0820436,0.684641,-0.724249],[-0.820325,0.45908,0.341046],[0.565982,0.566139,0.599292]],[[0.0820436,0.684641,-0.724249],[-0.996562,0.064794,-0.0516409],[0.0115716,0.725995,0.687602]],[[0.0820436,0.684641,-0.724249],[-0.993665,0.000188054,-0.112386],[-0.0768075,0.728881,0.680319]]],"btipPosition":[-11.4077,164.629,-7.56083],"carpPosition":[13.62,229.947,57.0198],"dipPosition":[-13.0833,180.53,7.28078],"direction":[-0.0115716,-0.725995,-0.687602],"extended":false,"handId":426,"id":4260,"length":48.5803,"mcpPosition":[13.62,229.947,57.0198],"pipPosition":[-12.7155,203.604,29.1343],"stabilizedTipPosition":[-12.0366,168.808,-4.40632],"timeVisible":5.88856,"tipPosition":[-11.2258,168.76,-4.18984],"tipVelocity":[41.2298,-110.286,60.4398],"tool":false,"touchDistance":-0.0483304,"touchZone":"touching","type":0,"width":18.876},{"bases":[[[0.924715,0.0903986,-0.36977],[-0.304544,0.758471,-0.576173],[0.228375,0.645407,0.7289]],[[0.929912,0.105809,-0.352232],[-0.285429,0.811594,-0.50975],[0.231933,0.57456,0.784912]],[[0.929912,0.105809,-0.352232],[-0.360416,0.452875,-0.815478],[0.0732324,0.885273,0.459269]],[[0.929912,0.105809,-0.352232],[-0.360774,0.0763764,-0.929521],[-0.0714491,0.991449,0.109196]]],"btipPosition":[-10.6345,138.673,-55.172],"carpPosition":[14.8273,241.679,38.3348],"dipPosition":[-11.7724,154.463,-53.4329],"direction":[-0.0732324,-0.885273,-0.459269],"extended":true,"handId":426,"id":4261,"length":54.8174,"mcpPosition":[-0.834151,197.418,-11.6516],"pipPosition":[-10.1225,174.408,-43.0854],"stabilizedTipPosition":[-11.3286,142.883,-55.4418],"timeVisible":5.88856,"tipPosition":[-12.2562,144.89,-56.9473],"tipVelocity":[119.238,-224.589,187.569],"tool":false,"touchDistance":0.769184,"touchZone":"hovering","type":1,"width":18.0304},{"bases":[[[0.985345,0.0461302,-0.164216],[-0.138738,0.77682,-0.614249],[0.099231,0.628031,0.771836]],[[0.985832,0.0492922,-0.160327],[-0.124859,-0.422603,-0.897673],[-0.112003,0.904973,-0.410461]],[[0.985832,0.0492922,-0.160327],[0.0260249,-0.98922,-0.144109],[-0.165702,0.137895,-0.976487]],[[0.985832,0.0492922,-0.160327],[0.0958847,-0.949881,0.297545],[-0.137625,-0.308702,-0.941149]]],"btipPosition":[30.1002,163.803,43.4379],"carpPosition":[24.7182,243.554,32.8218],"dipPosition":[27.6894,158.395,26.9518],"direction":[0.165702,-0.137895,0.976488],"extended":false,"handId":426,"id":4262,"length":62.4601,"mcpPosition":[18.2648,202.711,-17.374],"pipPosition":[23.2971,162.05,1.06803],"stabilizedTipPosition":[25.1084,175.889,24.2499],"timeVisible":5.88856,"tipPosition":[29.5987,163.328,40.2727],"tipVelocity":[21.7109,-81.3439,10.8094],"tool":false,"touchDistance":0.333333,"touchZone":"none","type":2,"width":17.7082},{"bases":[[[0.996844,0.0793551,-0.00206914],[-0.0647507,0.797755,-0.599495],[-0.0459223,0.597737,0.800376]],[[0.997798,0.0603989,-0.0273974],[-0.00295771,-0.372161,-0.928164],[-0.0662563,0.926201,-0.371162]],[[0.997798,0.0603989,-0.0273974],[0.0542772,-0.981046,-0.186017],[-0.0381134,0.184121,-0.982164]],[[0.997798,0.0603989,-0.0273974],[0.0655691,-0.960442,0.270649],[-0.00996672,-0.27185,-0.962288]]],"btipPosition":[42.3529,170.756,40.6904],"carpPosition":[35.7543,244.252,29.8447],"dipPosition":[42.1793,166.021,23.9309],"direction":[0.0381134,-0.184121,0.982164],"extended":false,"handId":426,"id":4263,"length":60.057,"mcpPosition":[38.4357,209.35,-16.8892],"pipPosition":[41.1951,170.775,-1.43094],"stabilizedTipPosition":[39.9858,176.709,31.3932],"timeVisible":5.88856,"tipPosition":[42.2404,171.382,37.8474],"tipVelocity":[26.3275,-94.8866,2.07233],"tool":false,"touchDistance":0.333333,"touchZone":"none","type":3,"width":16.8505},{"bases":[[[0.981733,0.0150929,0.189662],[0.0872822,0.85004,-0.519436],[-0.16906,0.526502,0.833195]],[[0.951776,0.0827891,0.295411],[0.304444,-0.373779,-0.876129],[0.0378845,0.923816,-0.380959]],[[0.951776,0.0827891,0.295411],[0.130497,-0.980699,-0.145604],[0.277655,0.177132,-0.94421]],[[0.951776,0.0827891,0.295411],[0.000521751,-0.963337,0.268295],[0.306792,-0.255202,-0.916924]]],"btipPosition":[46.3604,183.385,31.8603],"carpPosition":[48.4626,241.421,32.3918],"dipPosition":[51.2897,179.285,17.1278],"direction":[-0.277655,-0.177132,0.94421],"extended":false,"handId":426,"id":4264,"length":47.0836,"mcpPosition":[57.6005,212.963,-12.6432],"pipPosition":[56.3518,182.514,-0.0867705],"stabilizedTipPosition":[45.3375,188.693,23.7869],"timeVisible":5.88856,"tipPosition":[47.3149,183.201,28.7578],"tipVelocity":[32.8595,-72.9365,21.613],"tool":false,"touchDistance":0.333333,"touchZone":"none","type":4,"width":14.9679}],"r":[[0.983763,-0.00131591,-0.179468],[-0.115949,0.758613,-0.641141],[0.136991,0.65154,0.746143]],"s":1.03461,"t":[34.011,-75.4494,-68.8021],"timestamp":89001301822},false],[6,{"currentFrameRate":54.2092,"devices":[],"gestures":[{"direction":[0.221144,-0.876236,0.428142],"duration":110627,"handIds":[426],"id":6,"pointableIds":[4261],"position":[-9.63237,140.773,-53.6764],"speed":150.966,"startPosition":[-11.1856,295.756,-98.2107],"state":"update","type":"swipe"}],"hands":[{"armBasis":[[0.98381,0.178669,0.0139862],[-0.178015,0.983257,-0.038929],[-0.0207075,0.035809,0.999144]],"armWidth":59.3966,"confidence":0.261543,"direction":[-0.10727,-0.49365,-0.863019],"elbow":[30.784,249.455,294.932],"grabStrength":0.165022,"id":426,"palmNormal":[0.24894,-0.853714,0.457385],"palmPosition":[24.759,210.979,3.39186],"palmVelocity":[17.0956,-45.3712,-1.35623],"palmWidth":84.8164,"pinchStrength":0.128596,"r":[[0.983547,0.000365871,-0.18065],[-0.12105,0.743623,-0.65755],[0.134095,0.668599,0.731433]],"s":1.01501,"sphereCenter":[25.846,165.609,7.94829],"sphereRadius":44.797,"stabilizedPalmPosition":[24.7546,211,3.40926],"t":[34.3141,-76.2453,-68.8561],"timeVisible":5.90705,"type":"right","wrist":[35.9956,240.443,43.4672]}],"id":1428884,"interactionBox":{"center":[0,200,0],"size":[235.247,235.247,147.751]},"pointables":[{"bases":[[[0.143741,0.733966,-0.663802],[-0.844128,0.441031,0.304859],[0.516513,0.516513,0.682955]],[[0.092824,0.680251,-0.727078],[-0.827912,0.458391,0.323171],[0.553124,0.571958,0.605737]],[[0.092824,0.680251,-0.727078],[-0.995661,0.0586337,-0.0722559],[-0.0065209,0.73063,0.682742]],[[0.092824,0.680251,-0.727078],[-0.993609,0.0161827,-0.111711],[-0.0642253,0.732801,0.677406]]],"btipPosition":[-10.8638,163.196,-8.13868],"carpPosition":[13.265,229.017,56.5238],"dipPosition":[-12.2649,179.183,6.63938],"direction":[0.0065209,-0.73063,-0.682742],"extended":false,"handId":426,"id":4260,"length":48.5803,"mcpPosition":[13.265,229.017,56.5238],"pipPosition":[-12.4722,202.404,28.3384],"stabilizedTipPosition":[-11.344,167.232,-4.67783],"timeVisible":5.90705,"tipPosition":[-11.0411,167.777,-5.05257],"tipVelocity":[37.1793,-93.9594,15.7865],"tool":false,"touchDistance":-0.0582049,"touchZone":"touching","type":0,"width":18.876},{"bases":[[[0.930884,0.0805385,-0.356325],[-0.285847,0.767951,-0.573186],[0.227477,0.635425,0.737895]],[[0.936437,0.0968841,-0.337194],[-0.276379,0.795734,-0.538909],[0.216105,0.597848,0.771931]],[[0.936437,0.0968841,-0.337194],[-0.346095,0.412593,-0.842606],[0.0574887,0.905749,0.419898]],[[0.936437,0.0968841,-0.337194],[-0.340778,0.0226914,-0.93987],[-0.0834071,0.995037,0.0542651]]],"btipPosition":[-9.32684,137.128,-53.8752],"carpPosition":[14.8944,240.9,37.9667],"dipPosition":[-10.6552,152.975,-53.011],"direction":[-0.0574887,-0.905749,-0.419898],"extended":true,"handId":426,"id":4261,"length":54.8174,"mcpPosition":[-0.705515,197.324,-12.6366],"pipPosition":[-9.35997,173.382,-43.5505],"stabilizedTipPosition":[-10.0624,141.308,-54.124],"timeVisible":5.90705,"tipPosition":[-10.9242,143.267,-55.9573],"tipVelocity":[94.6836,-156.173,125.63],"tool":false,"touchDistance":0.742033,"touchZone":"hovering","type":1,"width":18.0304},{"bases":[[[0.988058,0.0335413,-0.150387],[-0.119291,0.784276,-0.608836],[0.0975235,0.619505,0.778911]],[[0.98854,0.036682,-0.146435],[-0.121281,-0.38461,-0.915077],[-0.0898874,0.92235,-0.375753]],[[0.98854,0.036682,-0.146435],[0.00975274,-0.98352,-0.180534],[-0.150645,0.177037,-0.972607]],[[0.98854,0.036682,-0.146435],[0.0758417,-0.959402,0.271654],[-0.130526,-0.279646,-0.951189]]],"btipPosition":[28.8613,161.16,41.2757],"carpPosition":[24.8855,242.684,32.6061],"dipPosition":[26.5749,156.261,24.6137],"direction":[0.150645,-0.177037,0.972607],"extended":false,"handId":426,"id":4262,"length":62.4601,"mcpPosition":[18.5431,202.395,-18.0498],"pipPosition":[22.5818,160.954,-1.16717],"stabilizedTipPosition":[26.181,170.619,28.6352],"timeVisible":5.90705,"tipPosition":[28.4191,161.179,38.3486],"tipVelocity":[-20.3804,-108.04,-51.9391],"tool":false,"touchDistance":0.333333,"touchZone":"none","type":2,"width":17.7082},{"bases":[[[0.997803,0.065123,0.012203],[-0.0452243,0.804017,-0.592885],[-0.0484218,0.59103,0.805195]],[[0.998834,0.0464364,-0.0132167],[0.00431118,-0.358437,-0.933544],[-0.0480877,0.932398,-0.35822]],[[0.998834,