{"sensorType":"Leap","data":[[0,{"currentFrameRate":54.1752,"devices":[],"gestures":[],"hands":[{"armBasis":[[0.990058,-0.139773,0.0157565],[0.140111,0.989873,-0.0228301],[-0.0124059,0.0248108,0.999615]],"armWidth":59.3966,"confidence":0.614806,"direction":[-0.0602846,0.243256,-0.968087],"elbow":[26.6889,253.577,302.092],"grabStrength":0.881519,"id":426,"palmNormal":[-0.16074,-0.959559,-0.231103],"palmPosition":[19.1294,256.72,1.53685],"palmVelocity":[-115.018,-313.854,94.4348],"palmWidth":84.8164,"pinchStrength":0.563913,"r":[[0.953535,-0.294383,0.0641068],[0.292462,0.955532,0.0377402],[-0.0723662,-0.0172378,0.997229]],"s":0.795241,"sphereCenter":[17.6464,221.592,-23.289],"sphereRadius":40.4602,"stabilizedPalmPosition":[22.3694,262.549,-1.37765],"t":[31.1115,-25.3779,-72.5117],"timeVisible":3.2305,"type":"right","wrist":[29.8113,247.333,50.5084]}],"id":1428739,"interactionBox":{"center":[0,200,0],"size":[235.247,235.247,147.751]},"pointables":[{"bases":[[[0.52843,0.848712,-0.0212117],[-0.697434,0.448216,0.559185],[0.484095,-0.280697,0.828771]],[[0.296963,0.890885,-0.34371],[-0.792258,0.430805,0.432129],[0.533049,0.143981,0.833744]],[[0.296963,0.890885,-0.34371],[-0.952634,0.251683,-0.170715],[-0.0655816,0.378126,0.923428]],[[0.296963,0.890885,-0.34371],[-0.826882,0.0598941,-0.559176],[-0.477576,0.450262,0.754444]]],"btipPosition":[-10.0941,212.122,-30.756],"carpPosition":[2.20604,240.662,53.8461],"dipPosition":[-20.5128,221.944,-14.2973],"direction":[0.0655816,-0.378126,-0.923428],"extended":false,"handId":426,"id":4260,"length":48.5803,"mcpPosition":[2.20604,240.662,53.8461],"pipPosition":[-22.5971,233.962,15.0514],"stabilizedTipPosition":[-2.15753,232.44,-44.941],"timeVisible":3.2305,"tipPosition":[-14.092,216.533,-27.0591],"tipVelocity":[-186.188,-459.136,329.338],"tool":false,"touchDistance":0.360863,"touchZone":"hovering","type":0,"width":18.876},{"bases":[[[0.961047,-0.0988242,-0.258115],[0.125609,0.988044,0.0893932],[0.246195,-0.118333,0.96197]],[[0.990997,-0.120753,-0.0578269],[0.118301,0.991998,-0.0441121],[0.0626908,0.036874,0.997352]],[[0.990997,-0.120753,-0.0578269],[0.020614,0.56438,-0.825257],[0.132289,0.816636,0.561788]],[[0.990997,-0.120753,-0.0578269],[-0.0707413,-0.105556,-0.991894],[0.11367,0.987055,-0.113148]]],"btipPosition":[-12.244,232.031,-69.0933],"carpPosition":[11.941,259.512,47.6733],"dipPosition":[-10.4337,247.752,-70.8953],"direction":[-0.132289,-0.816635,-0.561788],"extended":false,"handId":426,"id":4261,"length":54.8174,"mcpPosition":[-4.94253,267.627,-18.2966],"pipPosition":[-7.45313,266.151,-58.238],"stabilizedTipPosition":[-11.2336,237.416,-70.2101],"timeVisible":3.2305,"tipPosition":[-11.705,235.83,-68.4507],"tipVelocity":[-312.793,-908.992,364.43],"tool":false,"touchDistance":0.699339,"touchZone":"hovering","type":1,"width":18.0304},{"bases":[[[0.949884,-0.280883,-0.137208],[0.291652,0.954275,0.065567],[0.112518,-0.102298,0.98837]],[[0.951564,-0.282485,-0.121362],[-0.0718316,0.179546,-0.981124],[0.298943,0.942319,0.150558]],[[0.951564,-0.282485,-0.121362],[-0.305139,-0.819394,-0.485267],[0.0376372,0.498795,-0.865902]],[[0.951564,-0.282485,-0.121362],[-0.28413,-0.958778,0.00389362],[-0.117459,0.0307776,-0.992601]]],"btipPosition":[3.22807,210.577,13.6535],"carpPosition":[22.9172,260.023,44.3562],"dipPosition":[1.17054,211.116,-3.73382],"direction":[-0.0376372,-0.498795,0.865902],"extended":false,"handId":426,"id":4262,"length":62.4601,"mcpPosition":[15.5997,266.676,-19.9217],"pipPosition":[2.16819,224.338,-26.6863],"stabilizedTipPosition":[23.0394,215.515,-40.0434],"timeVisible":3.2305,"tipPosition":[2.16354,209.728,7.2548],"tipVelocity":[-108.906,-237.055,400.751],"tool":false,"touchDistance":0.333333,"touchZone":"none","type":2,"width":17.7082},{"bases":[[[0.931381,-0.364008,0.0051842],[0.36221,0.928021,0.0870702],[-0.0365053,-0.0792178,0.996189]],[[0.932007,-0.361886,-0.0200289],[0.0918143,0.289196,-0.952857],[0.350618,0.88623,0.302759]],[[0.932007,-0.361886,-0.0200289],[-0.24053,-0.576233,-0.781089],[0.271124,0.732798,-0.624098]],[[0.932007,-0.361886,-0.0200289],[-0.334302,-0.836989,-0.433234],[0.140018,0.410473,-0.901059]]],"btipPosition":[11.9895,199.346,3.12397],"carpPosition":[33.9002,257.701,42.0918],"dipPosition":[14.4281,206.495,-12.5691],"direction":[-0.271124,-0.732798,0.624098],"extended":false,"handId":426,"id":4263,"length":60.057,"mcpPosition":[36.0317,262.327,-16.0755],"pipPosition":[21.4291,225.417,-28.6849],"stabilizedTipPosition":[24.5293,211.631,-17.1406],"timeVisible":3.2305,"tipPosition":[12.5376,201.405,-0.307101],"tipVelocity":[-135.324,-359.073,169.985],"tool":false,"touchDistance":0.333333,"touchZone":"none","type":3,"width":16.8505},{"bases":[[[0.84816,-0.519029,0.105989],[0.498007,0.849438,0.174483],[-0.180593,-0.0952064,0.978939]],[[0.810111,-0.527504,0.255852],[0.377999,0.13637,-0.915707],[0.448149,0.838536,0.309871]],[[0.810111,-0.527504,0.255852],[-0.209442,-0.667996,-0.714083],[0.54759,0.5249,-0.651633]],[[0.810111,-0.527504,0.255852],[-0.429933,-0.83122,-0.352465],[0.398596,0.175536,-0.900171]]],"btipPosition":[22.4269,214.034,4.73672],"carpPosition":[43.8246,248.916,41.519],"dipPosition":[28.8313,216.854,-9.72659],"direction":[-0.54759,-0.5249,0.651633],"extended":false,"handId":426,"id":4264,"length":47.0836,"mcpPosition":[53.5858,254.062,-11.3936],"pipPosition":[38.8148,226.424,-21.607],"stabilizedTipPosition":[33.9352,224.763,-12.6655],"timeVisible":3.2305,"tipPosition":[23.8375,213.882,0.0569942],"tipVelocity":[-126.266,-312.447,193.882],"tool":false,"touchDistance":0.333333,"touchZone":"none","type":4,"width":14.9679}],"r":[[0.953535,-0.294383,0.0641068],[0.292462,0.955532,0.0377402],[-0.0723662,-0.0172378,0.997229]],"s":0.795241,"t":[31.1115,-25.3779,-72.5117],"timestamp":88998643762},false],[1,{"currentFrameRate":54.1839,"devices":[],"gestures":[],"hands":[{"armBasis":[[0.99063,-0.134403,0.0242559],[0.135195,0.990212,-0.0346888],[-0.0193562,0.037643,0.999104]],"armWidth":59.3966,"confidence":0.459389,"direction":[-0.0798389,0.125057,-0.988932],"elbow":[25.3508,253.931,303.976],"grabStrength":0.903611,"id":426,"palmNormal":[-0.148581,-0.982509,-0.11225],"palmPosition":[18.6015,247.776,2.97978],"palmVelocity":[-73.4169,-396.508,86.6694],"palmWidth":84.8164,"pinchStrength":0.58376,"r":[[0.954082,-0.297651,0.0336332],[0.298331,0.954306,-0.0172846],[-0.0269515,0.0265248,0.999285]],"s":0.754226,"sphereCenter":[17.9184,209.574,-17.4436],"sphereRadius":40.4015,"stabilizedPalmPosition":[19.8416,252.638,1.54569],"t":[29.7857,-32.811,-70.9169],"timeVisible":3.24893,"type":"right","wrist":[30.2223,244.457,52.5214]}],"id":1428740,"interactionBox":{"center":[0,200,0],"size":[235.247,235.247,147.751]},"pointables":[{"bases":[[[0.513947,0.847665,-0.131616],[-0.695657,0.501627,0.514229],[0.501915,-0.172727,0.847494]],[[0.276515,0.847649,-0.452803],[-0.795356,0.466317,0.387244],[0.539396,0.253061,0.803126]],[[0.276515,0.847649,-0.452803],[-0.959454,0.216706,-0.18024],[-0.0546553,0.484283,0.873203]],[[0.276515,0.847649,-0.452803],[-0.849061,-0.00521825,-0.528269],[-0.450149,0.530531,0.718263]]],"btipPosition":[-10.753,199.093,-23.6677],"carpPosition":[2.78814,237.833,57.1241],"dipPosition":[-20.5733,210.667,-7.99827],"direction":[0.0546553,-0.484283,-0.873203],"extended":false,"handId":426,"id":4260,"length":48.5803,"mcpPosition":[2.78814,237.833,57.1241],"pipPosition":[-22.3103,226.058,19.7541],"stabilizedTipPosition":[-5.87827,221.921,-36.4132],"timeVisible":3.24893,"tipPosition":[-14.4116,203.72,-20.2011],"tipVelocity":[-110.13,-568.066,351.264],"tool":false,"touchDistance":0.461711,"touchZone":"hovering","type":0,"width":18.876},{"bases":[[[0.958274,-0.115018,-0.26169],[0.110712,0.993363,-0.0311917],[0.26354,0.00091802,0.964648]],[[0.991879,-0.112414,-0.0594825],[0.0999623,0.978233,-0.181848],[0.0786301,0.174425,0.981526]],[[0.991879,-0.112414,-0.0594825],[-0.00481713,0.434156,-0.900825],[0.12709,0.893796,0.430089]],[[0.991879,-0.112414,-0.0594825],[-0.0871194,-0.259809,-0.961722],[0.0926572,0.959094,-0.267493]]],"btipPosition":[-13.4508,213.49,-62.3145],"carpPosition":[12.1103,255.951,48.5766],"dipPosition":[-11.9751,228.765,-66.5747],"direction":[-0.12709,-0.893796,-0.430089],"extended":false,"handId":426,"id":4261,"length":54.8174,"mcpPosition":[-5.96274,255.888,-17.577],"pipPosition":[-9.11167,248.903,-56.8846],"stabilizedTipPosition":[-12.9482,218.778,-63.8954],"timeVisible":3.24893,"tipPosition":[-13.013,217.585,-62.8654],"tipVelocity":[-195.685,-958.538,351.327],"tool":false,"touchDistance":0.75594,"touchZone":"hovering","type":1,"width":18.0304},{"bases":[[[0.952061,-0.281484,-0.119779],[0.276885,0.959396,-0.0537982],[0.130059,0.0180542,0.991342]],[[0.954012,-0.281161,-0.103965],[-0.0911215,0.058412,-0.994125],[0.285582,0.957881,0.030106]],[[0.954012,-0.281161,-0.103965],[-0.299438,-0.877574,-0.374433],[0.014039,0.388345,-0.921407]],[[0.954012,-0.281161,-0.103965],[-0.267432,-0.954963,0.128555],[-0.135427,-0.0948393,-0.986238]]],"btipPosition":[3.73255,203.377,20.9018],"carpPosition":[23.0219,256.221,45.0261],"dipPosition":[1.36028,201.715,3.62593],"direction":[-0.014039,-0.388345,0.921407],"extended":false,"handId":426,"id":4262,"length":62.4601,"mcpPosition":[14.5636,255.047,-19.4451],"pipPosition":[1.73241,212.009,-20.7978],"stabilizedTipPosition":[21.8102,214.739,-36.5159],"timeVisible":3.24893,"tipPosition":[2.5924,201.76,14.7887],"tipVelocity":[-45.1516,-324.336,397.878],"tool":false,"touchDistance":0.333333,"touchZone":"none","type":2,"width":17.7082},{"bases":[[[0.937223,-0.347277,0.0318094],[0.348203,0.93692,-0.0305891],[-0.01918,0.0397449,0.999026]],[[0.937391,-0.348261,0.00355727],[0.076791,0.196709,-0.97745],[0.339708,0.916526,0.211137]],[[0.937391,-0.348261,0.00355727],[-0.237068,-0.645515,-0.726023],[0.255142,0.679724,-0.687662]],[[0.937391,-0.348261,0.00355727],[-0.324012,-0.875774,-0.357821],[0.12773,0.334265,-0.933784]]],"btipPosition":[12.1626,189.939,9.75157],"carpPosition":[34.0039,253.805,42.8579],"dipPosition":[14.3872,195.76,-6.51149],"direction":[-0.255142,-0.679724,0.687662],"extended":false,"handId":426,"id":4263,"length":60.057,"mcpPosition":[35.1238,251.484,-15.4751],"pipPosition":[20.9756,213.312,-24.2686],"stabilizedTipPosition":[19.4446,202.902,-7.21063],"timeVisible":3.24893,"tipPosition":[12.7427,191.91,6.64443],"tipVelocity":[-66.9007,-440.019,257.944],"tool":false,"touchDistance":0.333333,"touchZone":"none","type":3,"width":16.8505},{"bases":[[[0.858201,-0.490343,0.151836],[0.486664,0.871306,0.0631134],[-0.163243,0.0197292,0.986389]],[[0.821619,-0.481063,0.305811],[0.373033,0.0480919,-0.926571],[0.431032,0.875366,0.218965]],[[0.821619,-0.481063,0.305811],[-0.188797,-0.735844,-0.6503],[0.537864,0.476563,-0.695406]],[[0.821619,-0.481063,0.305811],[-0.406697,-0.870603,-0.276855],[0.399425,0.103097,-0.910951]]],"btipPosition":[22.4541,204.895,9.94031],"carpPosition":[44.0614,245.158,43.1577],"dipPosition":[28.8717,206.551,-4.6962],"direction":[-0.537864,-0.476563,0.695406],"extended":false,"handId":426,"id":4264,"length":47.0836,"mcpPosition":[52.8848,244.092,-10.1575],"pipPosition":[38.678,215.24,-17.3747],"stabilizedTipPosition":[29.9443,216.99,-4.99106],"timeVisible":3.24893,"tipPosition":[23.947,204.788,5.93439],"tipVelocity":[-64.6555,-407.864,235.488],"tool":false,"touchDistance":0.333333,"touchZone":"none","type":4,"width":14.9679}],"r":[[0.954082,-0.297651,0.0336332],[0.298331,0.954306,-0.0172846],[-0.0269515,0.0265248,0.999285]],"s":0.754226,"t":[29.7857,-32.811,-70.9169],"timestamp":88998662187},false],[2,{"currentFrameRate":54.1864,"devices":[],"gestures":[],"hands":[{"armBasis":[[0.993096,-0.115612,0.0198346],[0.116113,0.992887,-0.0263121],[-0.0166515,0.0284335,0.999457]],"armWidth":59.3966,"confidence":0.443242,"direction":[-0.0497378,-0.00957604,-0.998716],"elbow":[25.7689,248.425,306.095],"grabStrength":0.920507,"id":426,"palmNormal":[-0.116667,-0.993053,0.015332],"palmPosition":[19.9382,237.621,4.68471],"palmVelocity":[-3.0899,-470.751,89.4456],"palmWidth":84.8164,"pinchStrength":0.544329,"r":[[0.955579,-0.293838,0.0229935],[0.29472,0.951791,-0.0850488],[0.0031056,0.0880475,0.996111]],"s":0.725677,"sphereCenter":[22.3359,196.438,-10.4076],"sphereRadius":40.7565,"stabilizedPalmPosition":[19.9153,241.182,3.94033],"t":[29.7911,-41.605,-69.2671],"timeVisible":3.26737,"type":"right","wrist":[29.9598,241.268,54.5515]}],"id":1428741,"interactionBox":{"center":[0,200,0],"size":[235.247,235.247,147.751]},"pointables":[{"bases":[[[0.493793,0.839151,-0.228021],[-0.726709,0.54223,0.421758],[0.477559,-0.0425562,0.877568]],[[0.268676,0.789406,-0.551953],[-0.823949,0.485157,0.292799],[0.498921,0.376113,0.78078]],[[0.268676,0.789406,-0.551953],[-0.959677,0.170201,-0.223723],[-0.0826656,0.589805,0.803303]],[[0.268676,0.789406,-0.551953],[-0.877666,-0.0354726,-0.477958],[-0.396882,0.612846,0.683304]]],"btipPosition":[-9.34487,184.802,-17.5934],"carpPosition":[2.58472,234.418,59.1744],"dipPosition":[-18.0031,198.172,-2.68667],"direction":[0.0826656,-0.589805,-0.803303],"extended":false,"handId":426,"id":4260,"length":48.5803,"mcpPosition":[2.58472,234.418,59.1744],"pipPosition":[-20.6304,216.917,22.8441],"stabilizedTipPosition":[-8.2109,207.372,-26.9047],"timeVisible":3.26737,"tipPosition":[-11.9442,189.495,-14.0021],"tipVelocity":[-13.2547,-656.886,336.091],"tool":false,"touchDistance":0.537356,"touchZone":"hovering","type":0,"width":18.876},{"bases":[[[0.969492,-0.117223,-0.215276],[0.0833974,0.983587,-0.160007],[0.230499,0.137172,0.963356]],[[0.996104,-0.0868992,-0.0150019],[0.0773695,0.942831,-0.324167],[0.0423141,0.321743,0.945881]],[[0.996104,-0.0868992,-0.0150019],[0.0103838,0.284518,-0.958614],[0.0875712,0.954724,0.284312]],[[0.996104,-0.0868992,-0.0150019],[-0.0499327,-0.41558,-0.908185],[0.072686,0.905396,-0.418301]]],"btipPosition":[-8.95989,193.319,-55.1184],"carpPosition":[11.6725,251.541,48.5703],"dipPosition":[-7.80227,207.739,-61.7804],"direction":[-0.0875712,-0.954724,-0.284312],"extended":false,"handId":426,"id":4261,"length":54.8174,"mcpPosition":[-4.13468,242.134,-17.4946],"pipPosition":[-5.82925,229.249,-55.3747],"stabilizedTipPosition":[-9.04052,198.441,-57.2413],"timeVisible":3.26737,"tipPosition":[-8.60939,197.419,-56.7518],"tipVelocity":[14.1034,-1028.76,355.589],"tool":false,"touchDistance":0.813334,"touchZone":"hovering","type":1,"width":18.0304},{"bases":[[[0.963203,-0.263561,-0.0526914],[0.251141,0.952381,-0.172909],[0.0957544,0.153314,0.983527]],[[0.964602,-0.261093,-0.0370676],[-0.0593298,-0.0779037,-0.995194],[0.256951,0.962165,-0.0906367]],[[0.964602,-0.261093,-0.0370676],[-0.261598,-0.92961,-0.2596],[0.0333213,0.260107,-0.965005]],[[0.964602,-0.261093,-0.0370676],[-0.243953,-0.936854,0.250584],[-0.100153,-0.232671,-0.967385]]],"btipPosition":[5.78521,195.676,27.9775],"carpPosition":[22.6862,251.695,45.3431],"dipPosition":[4.03083,191.6,11.0318],"direction":[-0.0333213,-0.260107,0.965005],"extended":false,"handId":426,"id":4262,"length":62.4601,"mcpPosition":[16.4589,241.725,-18.6199],"pipPosition":[4.91408,198.495,-14.5476],"stabilizedTipPosition":[20.178,212.752,-30.4956],"timeVisible":3.26737,"tipPosition":[4.90846,193.251,22.1973],"tipVelocity":[33.9737,-383.752,392.973],"tool":false,"touchDistance":0.333333,"touchZone":"none","type":2,"width":17.7082},{"bases":[[[0.945104,-0.309167,0.105803],[0.32224,0.935519,-0.144791],[-0.0542159,0.170937,0.983789]],[[0.946286,-0.314039,0.0769545],[0.10688,0.0791891,-0.991113],[0.305154,0.946102,0.1085]],[[0.946286,-0.314039,0.0769545],[-0.190312,-0.733388,-0.652628],[0.261388,0.602928,-0.75376]],[[0.946286,-0.314039,0.0769545],[-0.284449,-0.921728,-0.263642],[0.153725,0.227591,-0.961546]]],"btipPosition":[14.8294,180.457,18.0937],"carpPosition":[33.7998,249.374,43.8454],"dipPosition":[17.5067,184.421,1.34716],"direction":[-0.261388,-0.602928,0.75376],"extended":false,"handId":426,"id":4263,"length":60.057,"mcpPosition":[36.9655,239.393,-13.5979],"pipPosition":[24.2564,199.99,-18.1168],"stabilizedTipPosition":[17.4946,192.403,3.24862],"timeVisible":3.26737,"tipPosition":[15.4981,182.144,14.9674],"tipVelocity":[37.7657,-486.863,348.707],"tool":false,"touchDistance":0.333333,"touchZone":"none","type":3,"width":16.8505},{"bases":[[[0.866155,-0.437601,0.241414],[0.459252,0.887446,-0.0390841],[-0.197139,0.144723,0.969635]],[[0.822946,-0.408483,0.394844],[0.413347,-0.0462877,-0.909397],[0.38975,0.911591,0.130753]],[[0.822946,-0.408483,0.394844],[-0.123661,-0.807131,-0.577276],[0.554498,0.42624,-0.714739]],[[0.822946,-0.408483,0.394844],[-0.354594,-0.91232,-0.204781],[0.443873,0.0285142,-0.895636]]],"btipPosition":[24.6513,195.079,16.2975],"carpPosition":[44.0833,241.177,45.5954],"dipPosition":[31.7831,195.538,1.90708],"direction":[-0.554498,-0.42624,0.714739],"extended":false,"handId":426,"id":4264,"length":47.0836,"mcpPosition":[54.7388,233.355,-6.81422],"pipPosition":[41.8926,203.309,-11.1238],"stabilizedTipPosition":[27.9192,204.901,4.97666],"timeVisible":3.26737,"tipPosition":[26.3814,195.074,12.8704],"tipVelocity":[28.2291,-474.965,289.586],"tool":false,"touchDistance":0.333333,"touchZone":"none","type":4,"width":14.9679}],"r":[[0.955579,-0.293838,0.0229935],[0.29472,0.951791,-0.0850488],[0.0031056,0.0880475,0.996111]],"s":0.725677,"t":[29.7911,-41.605,-69.2671],"timestamp":88998680633},false],[3,{"currentFrameRate":54.1923,"devices":[],"gestures":[{"direction":[0.0102805,-0.942407,0.33431],"duration":0,"handIds":[426],"id":3,"pointableIds":[4261],"position":[-4.42808,179.707,-51.2521],"speed":186.925,"startPosition":[-5.21631,251.964,-76.8844],"state":"start","type":"swipe"}],"hands":[{"armBasis":[[0.998819,-0.043595,0.0214664],[0.044908,0.996871,-0.0650479],[-0.0185635,0.065935,0.997651]],"armWidth":59.3966,"confidence":0.336349,"direction":[-0.0413528,-0.0980498,-0.994322],"elbow":[25.4306,253.555,305.581],"grabStrength":0.938044,"id":426,"palmNormal":[-0.0434904,-0.994053,0.0998321],"palmPosition":[20.7532,228.359,5.10525],"palmVelocity":[19.7026,-486.045,57.3424],"palmWidth":84.8164,"pinchStrength":0.501786,"r":[[0.960802,-0.276548,0.0195139],[0.276162,0.94852,-0.15506],[0.0243722,0.154371,0.987712]],"s":0.704524,"sphereCenter":[27.5866,185.638,-6.34308],"sphereRadius":41.2303,"stabilizedPalmPosition":[20.6171,230.442,4.91598],"t":[30.2013,-50.6329,-68.2319],"timeVisible":3.2858,"type":"right","wrist":[30.1026,236.961,54.4918]}],"id":1428742,"interactionBox":{"center":[0,200,0],"size":[235.247,235.247,147.751]},"pointables":[{"bases":[[[0.432502,0.850913,-0.298142],[-0.767755,0.520944,0.373053],[0.472751,0.0675543,0.878603]],[[0.214918,0.757863,-0.615999],[-0.859918,0.445852,0.248512],[0.462982,0.476299,0.747521]],[[0.214918,0.757863,-0.615999],[-0.970789,0.096883,-0.219506],[-0.106676,0.64518,0.756546]],[[0.214918,0.757863,-0.615999],[-0.914758,-0.0647246,-0.398783],[-0.342093,0.649196,0.679351]]],"btipPosition":[-7.41871,171.694,-14.0004],"carpPosition":[3.27078,228.525,59.6475],"dipPosition":[-14.8817,185.857,0.820112],"direction":[0.106676,-0.64518,-0.756546],"extended":false,"handId":426,"id":4260,"length":48.5803,"mcpPosition":[3.27078,228.525,59.6475],"pipPosition":[-18.2721,206.362,24.8648],"stabilizedTipPosition":[-8.6987,190.262,-18.2954],"timeVisible":3.2858,"tipPosition":[-8.92677,176.248,-10.12],"tipVelocity":[50.6679,-678.267,267.561],"tool":false,"touchDistance":0.570552,"touchZone":"hovering","type":0,"width":18.876},{"bases":[[[0.977084,-0.063162,-0.203268],[0.0121003,0.969897,-0.243214],[0.212511,0.235181,0.948435]],[[0.999857,-0.0146038,-0.00849292],[0.00968257,0.907342,-0.420281],[0.0138437,0.420139,0.907354]],[[0.999857,-0.0146038,-0.00849292],[-0.00583231,0.173422,-0.98483],[0.0158551,0.984739,0.173312]],[[0.999857,-0.0146038,-0.00849292],[-0.0148646,-0.521616,-0.853051],[0.00802771,0.853055,-0.521759]]],"btipPosition":[-4.45749,176.583,-49.3409],"carpPosition":[11.1556,245.309,47.6331],"dipPosition":[-4.32964,190.169,-57.6506],"direction":[-0.0158551,-0.984739,-0.173312],"extended":false,"handId":426,"id":4261,"length":54.8174,"mcpPosition":[-3.41801,229.181,-17.4086],"pipPosition":[-3.97242,212.355,-53.7458],"stabilizedTipPosition":[-4.77691,181.124,-51.705],"timeVisible":3.2858,"tipPosition":[-4.36552,180.576,-51.8228],"tipVelocity":[118.81,-975.592,325.38],"tool":false,"touchDistance":0.846313,"touchZone":"hovering","type":1,"width":18.0304},{"bases":[[[0.980337,-0.19522,-0.028802],[0.181776,0.950184,-0.253196],[0.076796,0.242982,0.966986]],[[0.981402,-0.191457,-0.0139172],[-0.040583,-0.136072,-0.989867],[0.187624,0.972023,-0.141312]],[[0.981402,-0.191457,-0.0139172],[-0.189667,-0.955935,-0.224086],[0.029599,0.222558,-0.97447]],[[0.981402,-0.191457,-0.0139172],[-0.179594,-0.941356,0.28565],[-0.0677907,-0.277838,-0.958233]]],"btipPosition":[9.13085,185.494,30.4959],"carpPosition":[22.1522,246.002,44.4184],"dipPosition":[7.94336,180.627,13.7106],"direction":[-0.029599,-0.222558,0.97447],"extended":false,"handId":426,"id":4262,"length":62.4601,"mcpPosition":[17.1579,230.2,-18.4688],"pipPosition":[8.72794,186.527,-12.1197],"stabilizedTipPosition":[17.9753,207.231,-19.3792],"timeVisible":3.2858,"tipPosition":[8.71473,183.737,25.6699],"tipVelocity":[108.468,-469.762,270.429],"tool":false,"touchDistance":0.333333,"touchZone":"none","type":2,"width":17.7082},{"bases":[[[0.964441,-0.228405,0.132981],[0.253708,0.94107,-0.223652],[-0.0740615,0.249438,0.965555]],[[0.966222,-0.235748,0.104103],[0.109203,0.00864512,-0.993982],[0.233429,0.971776,0.0340975]],[[0.966222,-0.235748,0.104103],[-0.129964,-0.794568,-0.593103],[0.22254,0.55954,-0.798368]],[[0.966222,-0.235748,0.104103],[-0.213384,-0.958361,-0.189768],[0.144506,0.161144,-0.976294]]],"btipPosition":[19.7566,172.096,22.9587],"carpPosition":[33.4173,244.389,43.1382],"dipPosition":[22.2734,174.903,5.95528],"direction":[-0.22254,-0.55954,0.798368],"extended":false,"handId":426,"id":4263,"length":60.057,"mcpPosition":[37.7418,229.824,-13.2404],"pipPosition":[28.0199,189.352,-14.6605],"stabilizedTipPosition":[18.9778,182.138,11.4972],"timeVisible":3.2858,"tipPosition":[20.3266,173.568,19.7696],"tipVelocity":[147.404,-477.793,306.322],"tool":false,"touchDistance":0.333333,"touchZone":"none","type":3,"width":16.8505},{"bases":[[[0.894121,-0.350331,0.278954],[0.393079,0.912403,-0.114057],[-0.214561,0.211632,0.953507]],[[0.847148,-0.311119,0.430749],[0.426806,-0.0844509,-0.900391],[0.316506,0.946611,0.0612451]],[[0.847148,-0.311119,0.430749],[-0.048184,-0.852299,-0.520831],[0.529167,0.420466,-0.737015]],[[0.847148,-0.311119,0.430749],[-0.274632,-0.950354,-0.146301],[0.454881,0.00564165,-0.890534]]],"btipPosition":[28.4707,186.756,19.783],"carpPosition":[44.2619,237.152,45.594],"dipPosition":[35.7794,186.847,5.47448],"direction":[-0.529167,-0.420466,0.737015],"extended":false,"handId":426,"id":4264,"length":47.0836,"mcpPosition":[55.8591,225.713,-5.94393],"pipPosition":[45.427,194.513,-7.96258],"stabilizedTipPosition":[29.2683,193.949,11.9354],"timeVisible":3.2858,"tipPosition":[30.2437,186.895,16.5712],"tipVelocity":[115.53,-465.894,241.662],"tool":false,"touchDistance":0.333333,"touchZone":"none","type":4,"width":14.9679}],"r":[[0.960802,-0.276548,0.0195139],[0.276162,0.94852,-0.15506],[0.0243722,0.154371,0.987712]],"s":0.704524,"t":[30.2013,-50.6329,-68.2319],"timestamp":88998699065},false],[4,{"currentFrameRate":54.1793,"devices":[],"gestures":[{"direction":[0.0102805,-0.942407,0.33431],"duration":0,"handIds":[426],"id":3,"pointableIds":[4261],"position":[-4.42808,179.707,-51.2521],"speed":186.925,"startPosition":[-5.21631,251.964,-76.8844],"state":"start","type":"swipe"}],"hands":[{"armBasis":[[0.995532,0.0931061,0.0157196],[-0.0918688,0.993543,-0.066577],[-0.0218168,0.0648354,0.997657]],"armWidth":59.3966,"confidence":0.338818,"direction":[-0.0554692,-0.212256,-0.975639],"elbow":[25.9867,253.967,304.298],"grabStrength":0.950944,"id":426,"palmNormal":[0.100684,-0.973351,0.206034],"palmPosition":[22.0325,222.429,5.462],"palmVelocity":[43.5866,-406.054,38.9537],"palmWidth":84.8164,"pinchStrength":0.537622,"r":[[0.971803,-0.23543,0.013107],[0.231947,0.944466,-0.232777],[0.0424237,0.229254,0.972442]],"s":0.692221,"sphereCenter":[35.8866,178.97,-1.70929],"sphereRadius":42.3243,"stabilizedPalmPosition":[21.8807,223.288,5.40344],"t":[31.046,-58.1118,-67.5359],"timeVisible":3.30431,"type":"right","wrist":[31.4776,237.65,53.2067]}],"id":1428743,"interactionBox":{"center":[0,200,0],"size":[235.247,235.247,147.751]},"pointables":[{"bases":[[[0.298851,0.864103,-0.404987],[-0.822839,0.448274,0.349267],[0.483347,0.22886,0.844984]],[[0.0927393,0.712295,-0.695726],[-0.894049,0.367128,0.256696],[0.438265,0.598207,0.670874]],[[0.0927393,0.712295,-0.695726],[-0.990203,-0.00727941,-0.139445],[-0.104391,0.701842,0.704642]],[[0.0927393,0.712295,-0.695726],[-0.959847,-0.121838,-0.252686],[-0.264753,0.691224,0.672395]]],"btipPosition":[-5.02874,161,-7.88449],"carpPosition":[6.27049,226.221,60.3956],"dipPosition":[-10.8045,176.08,6.78427],"direction":[0.104391,-0.701842,-0.704642],"extended":false,"handId":426,"id":4260,"length":48.5803,"mcpPosition":[6.27049,226.221,60.3956],"pipPosition":[-14.1223,198.386,29.1794],"stabilizedTipPosition":[-7.30927,174.957,-10.1158],"timeVisible":3.30431,"tipPosition":[-4.69739,165.411,-3.81512],"tipVelocity":[98.7254,-624.302,297.074],"tool":false,"touchDistance":0.638045,"touchZone":"hovering","type":0,"width":18.876},{"bases":[[[0.969955,0.0499324,-0.238104],[-0.132423,0.929381,-0.34455],[0.204085,0.365728,0.908071]],[[0.99116,0.121316,-0.0537046],[-0.131401,0.841744,-0.523643],[-0.0183207,0.526071,0.850244]],[[0.99116,0.121316,-0.0537046],[-0.0591009,0.0413274,-0.997396],[-0.118781,0.991753,0.048132]],[[0.99116,0.121316,-0.0537046],[0.0346587,-0.627502,-0.777843],[-0.128065,0.769106,-0.62616]]],"btipPosition":[2.80412,161.755,-41.0934],"carpPosition":[11.3504,242.497,46.3423],"dipPosition":[0.764518,174.004,-51.0658],"direction":[0.118781,-0.991753,-0.048132],"extended":false,"handId":426,"id":4261,"length":54.8174,"mcpPosition":[-2.64536,217.417,-15.9313],"pipPosition":[-1.91166,196.349,-49.9814],"stabilizedTipPosition":[1.76112,165.908,-44.0583],"timeVisible":3.30431,"tipPosition":[2.29546,165.358,-44.259],"tipVelocity":[237.999,-899.445,373.542],"tool":false,"touchDistance":0.91299,"touchZone":"hovering","type":1,"width":18.0304},{"bases":[[[0.996878,-0.0602888,-0.0509815],[0.0379783,0.932247,-0.359824],[0.0692206,0.356764,0.931626]],[[0.997794,-0.0550005,-0.0371836],[-0.046637,-0.182054,-0.982182],[0.0472511,0.981749,-0.184217]],[[0.997794,-0.0550005,-0.0371836],[-0.0625318,-0.966727,-0.248048],[-0.0223037,0.249826,-0.968034]],[[0.997794,-0.0550005,-0.0371836],[-0.0441084,-0.967783,0.247891],[-0.0496198,-0.245704,-0.968074]]],"btipPosition":[16.8771,174.708,32.9],"carpPosition":[22.0414,244.338,42.5934],"dipPosition":[16.0079,170.404,15.9423],"direction":[0.0223037,-0.249826,0.968034],"extended":false,"handId":426,"id":4262,"length":62.4601,"mcpPosition":[17.5397,221.136,-17.9943],"pipPosition":[15.4167,177.026,-9.71738],"stabilizedTipPosition":[17.554,196.355,-3.67878],"timeVisible":3.30431,"tipPosition":[16.7394,175.029,28.9961],"tipVelocity":[260.235,-521.054,201.515],"tool":false,"touchDistance":0.333333,"touchZone":"none","type":2,"width":17.7082},{"bases":[[[0.990481,-0.077235,0.113942],[0.111291,0.936455,-0.332665],[-0.081008,0.342179,0.936136]],[[0.99246,-0.0874292,0.085907],[0.0786001,-0.0838431,-0.993374],[0.0940526,0.992636,-0.076339]],[[0.99246,-0.0874292,0.085907],[-0.0327915,-0.864709,-0.501201],[0.118104,0.494605,-0.861056]],[[0.99246,-0.0874292,0.085907],[-0.0806862,-0.993599,-0.0790602],[0.0922692,0.0715325,-0.993161]]],"btipPosition":[29.5363,168.822,29.0482],"carpPosition":[33.3801,244.161,40.998],"dipPosition":[31.1433,170.068,11.751],"direction":[-0.118104,-0.494605,0.861056],"extended":false,"handId":426,"id":4263,"length":60.057,"mcpPosition":[38.1102,224.181,-13.6629],"pipPosition":[34.193,182.84,-10.4835],"stabilizedTipPosition":[24.8482,175.139,18.7882],"timeVisible":3.30431,"tipPosition":[29.8047,169.971,25.712],"tipVelocity":[326.08,-341.828,315.567],"tool":false,"touchDistance":0.333333,"touchZone":"none","type":3,"width":16.8505},{"bases":[[[0.942353,-0.190773,0.274913],[0.256395,0.939569,-0.226872],[-0.215019,0.28428,0.934319]],[[0.894727,-0.141906,0.42347],[0.408793,-0.121653,-0.904483],[0.179867,0.982376,-0.0508359]],[[0.894727,-0.141906,0.42347],[0.0610542,-0.900414,-0.430729],[0.442421,0.411239,-0.796961]],[[0.894727,-0.141906,0.42347],[-0.13792,-0.989626,-0.0402212],[0.424784,-0.0224181,-0.905017]]],"btipPosition":[36.0087,183.922,23.9722],"carpPosition":[45.2064,238.804,43.7263],"dipPosition":[42.8338,183.561,9.43102],"direction":[-0.442421,-0.411239,0.796961],"extended":false,"handId":426,"id":4264,"length":47.0836,"mcpPosition":[56.8284,223.438,-6.77452],"pipPosition":[50.8999,191.059,-5.09896],"stabilizedTipPosition":[34.4822,187.606,17.3891],"timeVisible":3.30431,"tipPosition":[37.6396,184.047,20.7284],"tipVelocity":[253.634,-317.535,232.895],"tool":false,"touchDistance":0.333333,"touchZone":"none","type":4,"width":14.9679}],"r":[[0.971803,-0.23543,0.013107],[0.231947,0.944466,-0.232777],[0.0424237,0.229254,0.972442]],"s":0.692221,"t":[31.046,-58.1118,-67.5359],"timestamp":88998717568},false],[5,{"currentFrameRate":54.1928,"devices":[],"gestures":[{"direction":[0.0102805,-0.942407,0.33431],"duration":0,"handIds":[426],"id":3,"pointableIds":[4261],"position":[-4.42808,179.707,-51.2521],"speed":186.925,"startPosition":[-5.21631,251.964,-76.8844],"state":"start","type":"swipe"}],"hands":[{"armBasis":[[0.983667,0.176007,-0.0376998],[-0.177738,0.982861,-0.0489336],[0.028441,0.054835,0.99809]],"armWidth":59.3966,"confidence":0.359536,"direction":[-0.0641353,-0.241021,-0.968398],"elbow":[39.4754,248.813,305.799],"grabStrength":0.961228,"id":426,"palmNormal":[0.192234,-0.955206,0.225006],"palmPosition":[22.905,217.813,7.52392],"palmVelocity":[45.4261,-331.328,74.1268],"palmWidth":84.8164,"pinchStrength":0.542985,"r":[[0.982655,-0.185444,0.000452335],[0.177077,0.937588,-0.299286],[0.0550768,0.294175,0.954163]],"s":0.683782,"sphereCenter":[40.9835,174.64,0.854372],"sphereRadius":43.0999,"stabilizedPalmPosition":[22.8214,218.26,7.35078],"t":[31.9047,-64.1592,-66.157],"timeVisible":3.32271,"type":"right","wrist":[32.3174,235.012,54.5988]}],"id":1428744,"interactionBox":{"center":[0,200,0],"size":[235.247,235.247,147.751]},"pointables":[{"bases":[[[0.209594,0.876434,-0.433513],[-0.849035,0.383037,0.363897],[0.484984,0.291797,0.824406]],[[0.0139442,0.704767,-0.709302],[-0.905704,0.309479,0.289695],[0.423681,0.638378,0.642626]],[[0.0139442,0.704767,-0.709302],[-0.995728,-0.0549662,-0.0741899],[-0.0912742,0.707306,0.70099]],[[0.0139442,0.704767,-0.709302],[-0.986132,-0.10763,-0.126328],[-0.165374,0.701227,0.693493]]],"btipPosition":[-4.77076,154.119,-4.49775],"carpPosition":[8.43478,221.601,62.8121],"dipPosition":[-8.37851,169.417,10.6313],"direction":[0.0912742,-0.707306,-0.70099],"extended":false,"handId":426,"id":4260,"length":48.5803,"mcpPosition":[8.43478,221.601,62.8121],"pipPosition":[-11.2794,191.897,32.9103],"stabilizedTipPosition":[-6.21744,163.89,-4.3026],"timeVisible":3.32271,"tipPosition":[-3.22759,158.388,-0.333167],"tipVelocity":[70.9939,-502.454,245.424],"tool":false,"touchDistance":0.659963,"touchZone":"hovering","type":0,"width":18.876},{"bases":[[[0.954581,0.128822,-0.268663],[-0.223876,0.905115,-0.36145],[0.196608,0.405181,0.892846]],[[0.97458,0.204656,-0.0911549],[-0.220755,0.807821,-0.546527],[-0.0382131,0.552758,0.832465]],[[0.97458,0.204656,-0.0911549],[-0.0918971,-0.00589523,-0.995751],[-0.204323,0.978816,0.0130619]],[[0.97458,0.204656,-0.0911549],[0.0673685,-0.655745,-0.751971],[-0.21367,0.726715,-0.652863]]],"btipPosition":[7.70722,154.348,-36.2213],"carpPosition":[11.6534,237.898,48.2429],"dipPosition":[4.30425,165.922,-46.619],"direction":[0.204323,-0.978816,-0.0130619],"extended":false,"handId":426,"id":4261,"length":54.8174,"mcpPosition":[-1.82959,210.112,-12.9867],"pipPosition":[-0.299252,187.975,-46.3247],"stabilizedTipPosition":[6.43458,157.854,-39.1295],"timeVisible":3.32271,"tipPosition":[6.85168,157.755,-39.6476],"tipVelocity":[243.469,-664.29,318.604],"tool":false,"touchDistance":0.333333,"touchZone":"none","type":1,"width":18.0304},{"bases":[[[0.996452,0.0261792,-0.0799852],[-0.0548987,0.92254,-0.381977],[0.0637897,0.385013,0.920704]],[[0.997154,0.0308574,-0.0687875],[-0.0648016,-0.115509,-0.99119],[-0.0385312,0.992827,-0.113181]],[[0.997154,0.0308574,-0.0687875],[0.00233129,-0.924586,-0.380966],[-0.0753556,0.379721,-0.922027]],[[0.997154,0.0308574,-0.0687875],[0.0378225,-0.994027,0.10237],[-0.0652177,-0.104681,-0.992365]]],"btipPosition":[22.7514,162.696,31.1599],"carpPosition":[22.0289,240.575,44.1286],"dipPosition":[21.609,160.863,13.7766],"direction":[0.0753556,-0.379721,0.922027],"extended":false,"handId":426,"id":4262,"length":62.4601,"mcpPosition":[17.8804,215.536,-15.7488],"pipPosition":[19.6116,170.928,-10.6635],"stabilizedTipPosition":[19.948,179.821,11.2831],"timeVisible":3.32271,"tipPosition":[22.44,164.905,28.1285],"tipVelocity":[286.959,-569.534,56.4562],"tool":false,"touchDistance":0.333333,"touchZone":"none","type":2,"width":17.7082},{"bases":[[[0.996263,0.0129318,0.0853999],[0.0184951,0.933856,-0.357171],[-0.0843701,0.357416,0.930127]],[[0.998338,0.00225278,0.0575861],[0.0575202,-0.100659,-0.993257],[0.00355898,0.994918,-0.100621]],[[0.998338,0.00225278,0.0575861],[0.0296452,-0.876968,-0.479634],[0.0494207,0.480544,-0.875577]],[[0.998338,0.00225278,0.0575861],[0.00527478,-0.998613,-0.0523798],[0.0573883,0.0525965,-0.996965]]],"btipPosition":[35.7914,165.722,32.0461],"carpPosition":[33.2889,241.353,42.1924],"dipPosition":[36.7909,166.638,14.6826],"direction":[-0.0494207,-0.480544,0.875577],"extended":false,"handId":426,"id":4263,"length":60.057,"mcpPosition":[38.2153,220.483,-12.1176],"pipPosition":[38.0671,179.047,-7.92689],"stabilizedTipPosition":[31.2173,169.891,24.0692],"timeVisible":3.32271,"tipPosition":[35.8669,166.76,28.6728],"tipVelocity":[329.058,-260.352,241.679],"tool":false,"touchDistance":0.333333,"touchZone":"none","type":3,"width":16.8505},{"bases":[[[0.962959,-0.100267,0.250311],[0.165698,0.952382,-0.255953],[-0.212728,0.287949,0.93372]],[[0.915716,-0.0522448,0.398415],[0.391703,-0.105089,-0.914071],[0.0896246,0.993089,-0.0757677]],[[0.915716,-0.0522448,0.398415],[0.130257,-0.899376,-0.417319],[0.380127,0.434042,-0.816768]],[[0.915716,-0.0522448,0.398415],[-0.0482131,-0.998634,-0.0201397],[0.398923,-0.000766538,-0.916984]]],"btipPosition":[40.8197,180.928,26.3335],"carpPosition":[45.6156,237.126,44.68],"dipPosition":[47.2293,180.916,11.6001],"direction":[-0.380127,-0.434042,0.816768],"extended":false,"handId":426,"id":4264,"length":47.0836,"mcpPosition":[57.1137,221.562,-5.78837],"pipPosition":[54.1597,188.829,-3.29106],"stabilizedTipPosition":[39.6159,183.216,21.0402],"timeVisible":3.32271,"tipPosition":[42.3123,181.205,23.0812],"tipVelocity":[254.871,-240.884,181.394],"tool":false,"touchDistance":0.333333,"touchZone":"none","type":4,"width":14.9679}],"r":[[0.982655,-0.185444,0.000452335],[0.177077,0.937588,-0.299286],[0.0550768,0.294175,0.954163]],"s":0.683782,"t":[31.9047,-64.1592,-66.157],"timestamp":88998735973},false],[6,{"currentFrameRate":54.1694,"devices":[],"gestures":[],"hands":[{"armBasis":[[0.954011,0.299755,0.00315333],[-0.299478,0.953491,-0.0341703],[-0.0132494,0.0316545,0.999411]],"armWidth":59.3966,"confidence":0.496227,"direction":[-0.0917631,-0.177016,-0.979921],"elbow":[34.204,248.737,309.554],"grabStrength":0.994113,"id":426,"palmNormal":[0.311186,-0.939884,0.140643],"palmPosition":[27.4515,226,10.2668],"palmVelocity":[-20.1329,189.753,-14.8934],"palmWidth":84.8164,"pinchStrength":0.585138,"r":[[0.987837,0.0852718,-0.130029],[-0.140174,0.850302,-0.507286],[0.067307,0.519342,0.851912]],"s":0.663026,"sphereCenter":[47.8259,183.791,-0.780053],"sphereRadius":43.372,"stabilizedPalmPosition":[27.4579,225.96,10.2729],"t":[37.698,-65.5691,-61.7466],"timeVisible":3.50736,"type":"right","wrist":[37.5386,240.77,58.0216]}],"id":1428754,"interactionBox":{"center":[0,200,0],"size":[235.247,235.247,147.751]},"pointables":[{"bases":[[[0.0843918,0.923629,-0.373881],[-0.864616,0.254387,0.433274],[0.495295,0.286699,0.820053]],[[-0.0704207,0.792482,-0.605816],[-0.890457,0.223782,0.396243],[0.449586,0.567356,0.689912]],[[-0.0704207,0.792482,-0.605816],[-0.99702,-0.0750903,0.0176673],[-0.0314898,0.605255,0.795409]],[[-0.0704207,0.792482,-0.605816],[-0.996277,-0.0861522,0.00311056],[-0.0497273,0.603779,0.795599]]],"btipPosition":[-3.00626,165.305,-8.41953],"carpPosition":[15.8277,224.112,66.319],"dipPosition":[-4.0911,178.476,8.937],"direction":[0.0314898,-0.605255,-0.795409],"extended":false,"handId":426,"id":4260,"length":48.5803,"mcpPosition":[15.8277,224.112,66.319],"pipPosition":[-5.09191,197.713,34.2169],"stabilizedTipPosition":[-2.98395,166.787,-3.58604],"timeVisible":3.50736,"tipPosition":[-1.89872,167.591,-3.67178],"tipVelocity":[-33.8736,236.862,-127.45],"tool":false,"touchDistance":0.358183,"touchZone":"hovering","type":0,"width":18.876},{"bases":[[[0.917073,0.258165,-0.303856],[-0.344722,0.896327,-0.278865],[0.200361,0.360485,0.910992]],[[0.937143,0.311478,-0.157306],[-0.348148,0.804121,-0.481853],[-0.0235933,0.506331,0.862017]],[[0.937143,0.311478,-0.157306],[-0.169331,0.0117623,-0.985489],[-0.305108,0.950181,0.0637658]],[[0.937143,0.311478,-0.157306],[0.0804577,-0.631534,-0.771162],[-0.339544,0.710032,-0.616899]]],"btipPosition":[15.8384,163.958,-35.6884],"carpPosition":[16.3519,241.673,52.9188],"dipPosition":[10.4307,175.267,-45.5133],"direction":[0.305108,-0.950181,-0.0637658],"extended":false,"handId":426,"id":4261,"length":54.8174,"mcpPosition":[2.61161,216.952,-9.55511],"pipPosition":[3.55646,196.675,-44.0767],"stabilizedTipPosition":[14.7548,165.821,-37.6026],"timeVisible":3.50736,"tipPosition":[14.878,167.066,-38.7083],"tipVelocity":[-43.1033,269.247,-119.937],"tool":false,"touchDistance":0.263048,"touchZone":"hovering","type":1,"width":18.0304},{"bases":[[[0.98095,0.147884,-0.125962],[-0.180234,0.934765,-0.306153],[0.0724699,0.323023,0.943612]],[[0.981754,0.151776,-0.114554],[-0.137767,0.152492,-0.978655],[-0.131068,0.976581,0.17062]],[[0.981754,0.151776,-0.114554],[0.0294915,-0.71667,-0.696788],[-0.187853,0.680696,-0.70807]],[[0.981754,0.151776,-0.114554],[0.115941,-0.955277,-0.272035],[-0.150719,0.25379,-0.955445]]],"btipPosition":[34.9031,158.455,14.9982],"carpPosition":[26.1077,245.829,48.526],"dipPosition":[32.263,162.9,-1.73827],"direction":[0.187853,-0.680696,0.70807],"extended":false,"handId":426,"id":4262,"length":62.4601,"mcpPosition":[21.3947,224.821,-12.8411],"pipPosition":[27.2836,180.943,-20.5071],"stabilizedTipPosition":[35.4084,155.352,18.2041],"timeVisible":3.50736,"tipPosition":[34.2853,161.149,13.2979],"tipVelocity":[-32.2989,122.816,-209.854],"tool":false,"touchDistance":0.333333,"touchZone":"none","type":2,"width":17.7082},{"bases":[[[0.9917,0.122918,0.037711],[-0.107287,0.952763,-0.284133],[-0.0708547,0.277729,0.958043]],[[0.993484,0.113787,0.00641953],[0.000443991,0.0524628,-0.998623],[-0.113967,0.992119,0.0520705]],[[0.993484,0.113787,0.00641953],[0.0960732,-0.805861,-0.584258],[-0.0613078,0.581068,-0.811542]],[[0.993484,0.113787,0.00641953],[0.113519,-0.983011,-0.144229],[-0.0101009,0.144018,-0.989524]]],"btipPosition":[47.722,173.002,26.1932],"carpPosition":[37.0793,248.051,46.1121],"dipPosition":[47.5461,175.51,8.95939],"direction":[0.0613078,-0.581068,0.811542],"extended":false,"handId":426,"id":4263,"length":60.057,"mcpPosition":[41.2165,231.835,-9.82797],"pipPosition":[45.963,190.515,-11.9966],"stabilizedTipPosition":[48.2726,170.047,22.7586],"timeVisible":3.50736,"tipPosition":[47.6549,173.597,22.0023],"tipVelocity":[-33.3504,213.425,-30.2523],"tool":false,"touchDistance":0.333333,"touchZone":"none","type":3,"width":16.8505},{"bases":[[[0.980838,-0.00488922,0.194766],[0.042429,0.981051,-0.189044],[-0.190151,0.193686,0.9