{"sensorType":"Leap","data":[[0,{"currentFrameRate":54.2025,"devices":[],"gestures":[],"hands":[{"armBasis":[[0.819995,0.561224,-0.112408],[-0.562136,0.826622,0.0264375],[0.107757,0.0415103,0.99331]],"armWidth":59.3966,"confidence":0.440501,"direction":[-0.00193789,-0.0364165,-0.999335],"elbow":[35.3355,255.273,332.818],"grabStrength":0,"id":426,"palmNormal":[0.563109,-0.825873,0.0290034],"palmPosition":[4.51335,235.669,32.792],"palmVelocity":[172.316,88.1549,94.7304],"palmWidth":84.8164,"pinchStrength":0,"r":[[0.872633,0.255369,-0.416292],[-0.451454,0.746928,-0.488147],[0.186283,0.61391,0.767081]],"s":1.48367,"sphereCenter":[9.90212,192.881,14.63],"sphereRadius":48.1532,"stabilizedPalmPosition":[-0.384272,231.324,30.6302],"t":[11.1507,-53.975,-41.3027],"timeVisible":39.457,"type":"right","wrist":[8.2152,244.826,82.8208]}],"id":1430689,"interactionBox":{"center":[0,200,0],"size":[235.247,235.247,147.751]},"pointables":[{"bases":[[[-0.171505,0.957998,-0.22984],[-0.91614,-0.0692863,0.394826],[0.362317,0.27828,0.889543]],[[-0.292374,0.789321,-0.539899],[-0.888576,-0.0155461,0.458466],[0.353483,0.613784,0.705917]],[[-0.292374,0.789321,-0.539899],[-0.949273,-0.171209,0.26376],[0.115755,0.589627,0.799337]],[[-0.292374,0.789321,-0.539899],[-0.931352,-0.106899,0.348074],[0.217027,0.604604,0.76639]]],"btipPosition":[-32.9311,161.186,11.9171],"carpPosition":[-8.06974,221.675,86.8879],"dipPosition":[-28.1965,174.375,28.6364],"direction":[-0.115755,-0.589628,-0.799337],"extended":true,"handId":426,"id":4260,"length":48.5803,"mcpPosition":[-8.06974,221.675,86.8879],"pipPosition":[-24.5176,193.115,54.0411],"stabilizedTipPosition":[-26.677,155.613,32.6334],"timeVisible":39.457,"tipPosition":[-33.5827,167.178,14.7647],"tipVelocity":[-25.9599,153.173,-79.6177],"tool":false,"touchDistance":0.0425327,"touchZone":"hovering","type":0,"width":18.876},{"bases":[[[0.814323,0.548576,-0.189583],[-0.577745,0.797396,-0.174269],[0.055573,0.251442,0.966276]],[[0.810579,0.535472,-0.237133],[-0.572451,0.809895,-0.127949],[0.12354,0.239459,0.963015]],[[0.810579,0.535472,-0.237133],[-0.579158,0.672937,-0.460143],[-0.0868182,0.51032,0.855591]],[[0.810579,0.535472,-0.237133],[-0.529277,0.496527,-0.687987],[-0.250655,0.683177,0.685887]]],"btipPosition":[-14.9503,191.384,-58.8067],"carpPosition":[-12.1398,240.595,76.2253],"dipPosition":[-18.9423,202.264,-47.883],"direction":[0.0868182,-0.51032,-0.855591],"extended":true,"handId":426,"id":4261,"length":54.8174,"mcpPosition":[-15.9509,223.352,9.96008],"pipPosition":[-20.8984,213.762,-28.6062],"stabilizedTipPosition":[-13.5766,185.493,-53.2524],"timeVisible":39.457,"tipPosition":[-14.8758,192.444,-55.1684],"tipVelocity":[-132.466,474.151,-113.643],"tool":false,"touchDistance":-0.378952,"touchZone":"hovering","type":1,"width":18.0304},{"bases":[[[0.900824,0.433475,-0.0247879],[-0.430396,0.883987,-0.182555],[-0.0572209,0.175119,0.982883]],[[0.900577,0.434204,-0.0206771],[-0.00751149,-0.0320155,-0.999459],[-0.434631,0.900246,-0.0255709]],[[0.900577,0.434204,-0.0206771],[0.351464,-0.755309,-0.553156],[-0.2558,0.490893,-0.832821]],[[0.900577,0.434204,-0.0206771],[0.424758,-0.889105,-0.170509],[-0.09242,0.144774,-0.985139]]],"btipPosition":[27.8077,180.566,49.8256],"carpPosition":[-3.841,247.951,73.2655],"dipPosition":[26.1888,183.102,32.5689],"direction":[0.2558,-0.490893,0.832821],"extended":false,"handId":426,"id":4262,"length":62.4601,"mcpPosition":[-0.119677,236.562,9.34445],"pipPosition":[19.4083,196.114,10.4934],"stabilizedTipPosition":[34.9395,191.352,66.5171],"timeVisible":39.457,"tipPosition":[27.2861,181.465,46.0554],"tipVelocity":[-64.8074,-139.582,-88.5282],"tool":false,"touchDistance":0.333333,"touchZone":"none","type":2,"width":17.7082},{"bases":[[[0.91245,0.38664,0.133954],[-0.366541,0.91783,-0.152434],[-0.181885,0.0899888,0.979194]],[[0.917559,0.383725,0.104116],[0.101966,0.0260029,-0.994448],[-0.384302,0.923081,-0.0152679]],[[0.917559,0.383725,0.104116],[0.369185,-0.725043,-0.581391],[-0.147606,0.571899,-0.806935]],[[0.917559,0.383725,0.104116],[0.397536,-0.890064,-0.223049],[0.00708051,0.246051,-0.969231]]],"btipPosition":[36.4206,190.746,53.2565],"carpPosition":[6.10675,253.498,72.0782],"dipPosition":[36.544,195.032,36.3761],"direction":[0.147606,-0.571899,0.806935],"extended":false,"handId":426,"id":4263,"length":60.057,"mcpPosition":[16.727,248.244,14.9032],"pipPosition":[32.7324,209.799,15.5391],"stabilizedTipPosition":[39.5866,203.127,61.7623],"timeVisible":39.457,"tipPosition":[36.3496,191.864,49.3472],"tipVelocity":[-12.6503,-173.692,-42.3961],"tool":false,"touchDistance":0.333333,"touchZone":"none","type":3,"width":16.8505},{"bases":[[[0.933203,0.237455,0.269718],[-0.234779,0.971113,-0.0426315],[-0.27205,-0.0235404,0.961995]],[[0.909924,0.23499,0.341785],[0.310487,0.160476,-0.936934],[-0.275019,0.958659,0.0730596]],[[0.909924,0.23499,0.341785],[0.406238,-0.671223,-0.620024],[0.0837146,0.703021,-0.706224]],[[0.909924,0.23499,0.341785],[0.343163,-0.889359,-0.302125],[0.232974,0.392199,-0.889889]]],"btipPosition":[37.688,204.613,46.9837],"carpPosition":[19.1883,254.057,74.2147],"dipPosition":[41.4312,210.914,32.6856],"direction":[-0.0837146,-0.703021,0.706224],"extended":false,"handId":426,"id":4264,"length":47.0836,"mcpPosition":[33.8928,255.329,22.218],"pipPosition":[42.9575,223.732,19.8099],"stabilizedTipPosition":[38.8726,211.818,49.7303],"timeVisible":39.457,"tipPosition":[38.3429,206.314,43.7912],"tipVelocity":[53.2074,-146.93,7.74028],"tool":false,"touchDistance":0.333333,"touchZone":"none","type":4,"width":14.9679}],"r":[[0.872633,0.255369,-0.416292],[-0.451454,0.746928,-0.488147],[0.186283,0.61391,0.767081]],"s":1.48367,"t":[11.1507,-53.975,-41.3027],"timestamp":89034870252},false],[1,{"currentFrameRate":54.2023,"devices":[],"gestures":[],"hands":[{"armBasis":[[0.850621,0.521276,-0.0686593],[-0.523746,0.851548,-0.0235643],[0.0461832,0.0560044,0.997362]],"armWidth":59.3966,"confidence":0.481201,"direction":[0.00458694,0.000663308,-0.999989],"elbow":[21.3252,258.332,335.47],"grabStrength":0,"id":426,"palmNormal":[0.52397,-0.851735,0.00183847],"palmPosition":[5.99069,237.117,34.095],"palmVelocity":[127.841,83.5007,83.1072],"palmWidth":84.8164,"pinchStrength":0,"r":[[0.884759,0.228416,-0.406236],[-0.410905,0.793618,-0.448696],[0.219907,0.563912,0.796018]],"s":1.47827,"sphereCenter":[10.2293,195.36,14.3445],"sphereRadius":47.8264,"stabilizedPalmPosition":[1.7367,233.252,31.783],"t":[13.4998,-52.4389,-39.7548],"timeVisible":39.4754,"type":"right","wrist":[9.7018,244.237,84.4534]}],"id":1430690,"interactionBox":{"center":[0,200,0],"size":[235.247,235.247,147.751]},"pointables":[{"bases":[[[-0.125026,0.972789,-0.195063],[-0.921579,-0.0410411,0.386014],[0.367505,0.228028,0.901634]],[[-0.258878,0.805961,-0.532362],[-0.902566,-0.00553929,0.430516],[0.34403,0.591943,0.728867]],[[-0.258878,0.805961,-0.532362],[-0.960932,-0.159011,0.226552],[0.0979404,0.570212,0.815638]],[[-0.258878,0.805961,-0.532362],[-0.949932,-0.112605,0.291459],[0.174958,0.58116,0.79476]]],"btipPosition":[-30.609,163.391,10.3729],"carpPosition":[-7.67147,221.736,87.5486],"dipPosition":[-26.7922,176.07,27.7111],"direction":[-0.0979404,-0.570212,-0.815638],"extended":true,"handId":426,"id":4260,"length":48.5803,"mcpPosition":[-7.67147,221.736,87.5486],"pipPosition":[-23.6794,194.192,53.6339],"stabilizedTipPosition":[-26.9128,156.439,31.2224],"timeVisible":39.4754,"tipPosition":[-31.8835,168.995,13.7159],"tipVelocity":[41.7229,133.89,-77.863],"tool":false,"touchDistance":0.0243967,"touchZone":"hovering","type":0,"width":18.876},{"bases":[[[0.840403,0.516645,-0.163706],[-0.538716,0.829358,-0.148157],[0.0592263,0.212703,0.97532]],[[0.836787,0.506308,-0.208425],[-0.53221,0.841553,-0.092416],[0.12861,0.188258,0.973662]],[[0.836787,0.506308,-0.208425],[-0.543794,0.724118,-0.424196],[-0.0638495,0.468302,0.881259]],[[0.836787,0.506308,-0.208425],[-0.503179,0.561031,-0.657308],[-0.215867,0.654902,0.724227]]],"btipPosition":[-15.1081,198.099,-59.6948],"carpPosition":[-10.7726,241.206,77.5728],"dipPosition":[-18.5461,208.529,-48.1605],"direction":[0.0638495,-0.468302,-0.881259],"extended":true,"handId":426,"id":4261,"length":54.8174,"mcpPosition":[-14.8342,226.619,10.6873],"pipPosition":[-19.9847,219.08,-28.3053],"stabilizedTipPosition":[-15.251,196.312,-55.9848],"timeVisible":39.4754,"tipPosition":[-15.0089,198.915,-55.9662],"tipVelocity":[-69.3927,418.323,-78.3879],"tool":false,"touchDistance":-0.380605,"touchZone":"touching","type":1,"width":18.0304},{"bases":[[[0.92012,0.391626,-0.00275978],[-0.387449,0.909232,-0.152252],[-0.0571165,0.141159,0.988338]],[[0.919859,0.392247,0.00161162],[-0.00474159,0.0152277,-0.999873],[-0.392222,0.919734,0.0158672]],[[0.919859,0.392247,0.00161162],[0.314767,-0.735697,-0.599726],[-0.234055,0.55217,-0.800204]],[[0.919859,0.392247,0.00161162],[0.382042,-0.894982,-0.230328],[-0.0889033,0.212485,-0.973112]]],"btipPosition":[26.9808,179.409,48.2116],"carpPosition":[-2.11767,248.271,74.9434],"dipPosition":[25.4235,183.131,31.1656],"direction":[0.234055,-0.55217,0.800204],"extended":false,"handId":426,"id":4262,"length":62.4601,"mcpPosition":[1.59686,239.091,10.6675],"pipPosition":[19.2194,197.768,9.9546],"stabilizedTipPosition":[34.6663,190.988,65.7869],"timeVisible":39.4754,"tipPosition":[26.376,180.845,44.7768],"tipVelocity":[-54.8001,-95.3856,-86.7569],"tool":false,"touchDistance":0.333333,"touchZone":"none","type":2,"width":17.7082},{"bases":[[[0.928258,0.338467,0.154198],[-0.322344,0.938925,-0.120476],[-0.185557,0.0621284,0.980667]],[[0.933499,0.336409,0.124132],[0.109051,0.0634371,-0.99201],[-0.341595,0.939577,0.0225328]],[[0.933499,0.336409,0.124132],[0.338483,-0.712435,-0.614708],[-0.118357,0.615846,-0.778926]],[[0.933499,0.336409,0.124132],[0.357919,-0.895175,-0.265623],[0.0217619,0.292388,-0.956052]]],"btipPosition":[35.8246,189.635,52.5934],"carpPosition":[8.08592,253.389,74.0283],"dipPosition":[36.2037,194.727,35.9425],"direction":[0.118357,-0.615846,0.778926],"extended":false,"handId":426,"id":4263,"length":60.057,"mcpPosition":[18.9206,249.762,16.7672],"pipPosition":[33.1474,210.63,15.8288],"stabilizedTipPosition":[39.1989,201.827,60.3909],"timeVisible":39.4754,"tipPosition":[35.7572,191.062,48.9082],"tipVelocity":[-20.5894,-114.135,-37.9037],"tool":false,"touchDistance":0.333333,"touchZone":"none","type":3,"width":16.8505},{"bases":[[[0.940958,0.183561,0.284435],[-0.18916,0.981914,-0.00791001],[-0.280743,-0.0463608,0.958663]],[[0.917231,0.179564,0.355591],[0.324531,0.180832,-0.928428],[-0.231014,0.966983,0.107591]],[[0.917231,0.179564,0.355591],[0.379303,-0.666442,-0.64186],[0.121726,0.72361,-0.67939]],[[0.917231,0.179564,0.355591],[0.303565,-0.89308,-0.33205],[0.257947,0.412512,-0.873669]]],"btipPosition":[37.5862,204.071,47.3301],"carpPosition":[21.1613,253.258,76.269],"dipPosition":[41.7307,210.699,33.2926],"direction":[-0.121726,-0.72361,0.67939],"extended":false,"handId":426,"id":4264,"length":47.0836,"mcpPosition":[36.3357,255.764,24.4524],"pipPosition":[43.95,223.892,20.9062],"stabilizedTipPosition":[38.8365,211.143,49.12],"timeVisible":39.4754,"tipPosition":[38.3442,205.839,44.2052],"tipVelocity":[27.3052,-88.2788,14.627],"tool":false,"touchDistance":0.333333,"touchZone":"none","type":4,"width":14.9679}],"r":[[0.884759,0.228416,-0.406236],[-0.410905,0.793618,-0.448696],[0.219907,0.563912,0.796018]],"s":1.47827,"t":[13.4998,-52.4389,-39.7548],"timestamp":89034888702},false],[2,{"currentFrameRate":54.1853,"devices":[],"gestures":[],"hands":[{"armBasis":[[0.869805,0.490624,-0.0522191],[-0.492781,0.869123,-0.0423356],[0.024614,0.0625563,0.997738]],"armWidth":59.3966,"confidence":0.522077,"direction":[0.0110687,0.025599,-0.999611],"elbow":[16.6476,259.31,335.89],"grabStrength":0,"id":426,"palmNormal":[0.4943,-0.86913,-0.0167841],"palmPosition":[6.82414,237.845,34.2368],"palmVelocity":[87.8072,62.1532,46.6377],"palmWidth":84.8164,"pinchStrength":0.0197076,"r":[[0.895272,0.201872,-0.397159],[-0.370441,0.83255,-0.411867],[0.247511,0.515857,0.82014]],"s":1.46798,"sphereCenter":[11.3373,197.222,13.4746],"sphereRadius":47.3317,"stabilizedPalmPosition":[3.37626,234.732,32.5738],"t":[15.0911,-51.3067,-38.91],"timeVisible":39.494,"type":"right","wrist":[10.4528,243.566,84.7792]}],"id":1430691,"interactionBox":{"center":[0,200,0],"size":[235.247,235.247,147.751]},"pointables":[{"bases":[[[-0.0901828,0.981121,-0.171081],[-0.924921,-0.0188086,0.379693],[0.369307,0.192479,0.909156]],[[-0.234818,0.81373,-0.5317],[-0.91475,0.0000223095,0.40402],[0.328775,0.581244,0.744354]],[[-0.234818,0.81373,-0.5317],[-0.969369,-0.155517,0.1901],[0.072002,0.560052,0.825322]],[[-0.234818,0.81373,-0.5317],[-0.971978,-0.202698,0.119046],[-0.0109036,0.544755,0.838525]]],"btipPosition":[-25.0535,164.88,8.04795],"carpPosition":[-7.70481,221.609,87.2068],"dipPosition":[-25.2913,176.764,26.3409],"direction":[-0.072002,-0.560052,-0.825322],"extended":true,"handId":426,"id":4260,"length":48.5803,"mcpPosition":[-7.70481,221.609,87.2068],"pipPosition":[-23.003,194.564,52.5715],"stabilizedTipPosition":[-26.9128,156.439,31.2224],"timeVisible":39.494,"tipPosition":[-28.085,169.919,12.1358],"tipVelocity":[142.242,103.264,-95.1903],"tool":false,"touchDistance":-0.0606928,"touchZone":"hovering","type":0,"width":18.876},{"bases":[[[0.85874,0.491208,-0.145879],[-0.508862,0.850955,-0.130134],[0.0602137,0.185984,0.980706]],[[0.855415,0.482881,-0.187324],[-0.501425,0.862685,-0.0659379],[0.129762,0.150333,0.980083]],[[0.855415,0.482881,-0.187324],[-0.515676,0.760216,-0.395159],[-0.0484081,0.434624,0.89931]],[[0.855415,0.482881,-0.187324],[-0.481592,0.608435,-0.630774],[-0.190614,0.629788,0.753016]]],"btipPosition":[-15.2684,202.822,-61.0496],"carpPosition":[-10.0689,241.419,77.7096],"dipPosition":[-18.3042,212.852,-49.0568],"direction":[0.0484081,-0.434624,-0.89931],"extended":true,"handId":426,"id":4261,"length":54.8174,"mcpPosition":[-14.1983,228.665,10.4548],"pipPosition":[-19.3949,222.645,-28.7949],"stabilizedTipPosition":[-15.8219,203.346,-57.8247],"timeVisible":39.494,"tipPosition":[-15.1766,203.451,-57.2621],"tipVelocity":[-37.6219,337.031,-73.1144],"tool":false,"touchDistance":-0.389618,"touchZone":"touching","type":1,"width":18.0304},{"bases":[[[0.933062,0.359506,0.0122955],[-0.35491,0.925626,-0.13136],[-0.0586059,0.118203,0.991258]],[[0.932786,0.360038,0.0167897],[-0.00708052,0.0648778,-0.997868],[-0.36036,0.930679,0.0630664]],[[0.932786,0.360038,0.0167897],[0.282911,-0.702512,-0.653022],[-0.223318,0.61388,-0.757153]],[[0.932786,0.360038,0.0167897],[0.348253,-0.88829,-0.299435],[-0.0928942,0.285156,-0.953969]]],"btipPosition":[26.3901,177.475,44.7894],"carpPosition":[-1.159,248.245,75.3083],"dipPosition":[24.7629,182.47,28.0788],"direction":[0.223318,-0.61388,0.757153],"extended":false,"handId":426,"id":4262,"length":62.4601,"mcpPosition":[2.65239,240.558,10.8425],"pipPosition":[18.8434,198.742,8.00893],"stabilizedTipPosition":[34.4087,190.62,65.0472],"timeVisible":39.494,"tipPosition":[25.6326,179.575,41.9738],"tipVelocity":[-44.153,-92.1282,-132.147],"tool":false,"touchDistance":0.333333,"touchZone":"none","type":2,"width":17.7082},{"bases":[[[0.938349,0.302175,0.167901],[-0.289027,0.952242,-0.0984801],[-0.18964,0.0438808,0.980873]],[[0.943713,0.300691,0.13781],[0.117593,0.0844214,-0.989467],[-0.309158,0.949978,0.0443104]],[[0.943713,0.300691,0.13781],[0.31771,-0.708132,-0.630563],[-0.0920168,0.638854,-0.763805]],[[0.943713,0.300691,0.13781],[0.328575,-0.900102,-0.286104],[0.0380144,0.315281,-0.948237]]],"btipPosition":[34.8835,188.913,51.6997],"carpPosition":[9.22051,253.028,74.5801],"dipPosition":[35.5455,194.404,35.1849],"direction":[0.0920168,-0.638854,0.763805],"extended":false,"handId":426,"id":4263,"length":60.057,"mcpPosition":[20.2936,250.466,17.307],"pipPosition":[33.1694,210.901,15.4616],"stabilizedTipPosition":[38.7066,200.45,58.914],"timeVisible":39.494,"tipPosition":[34.8903,190.431,48.0484],"tipVelocity":[-33.5083,-75.4163,-42.0983],"tool":false,"touchDistance":0.333333,"touchZone":"none","type":3,"width":16.8505},{"bases":[[[0.944864,0.143703,0.294246],[-0.155173,0.98776,0.0158807],[-0.288362,-0.060664,0.955598]],[[0.920911,0.138815,0.364216],[0.335491,0.193375,-0.921983],[-0.198416,0.971255,0.13151]],[[0.920911,0.138815,0.364216],[0.359526,-0.663437,-0.656196],[0.150544,0.735243,-0.660874]],[[0.920911,0.138815,0.364216],[0.274016,-0.895116,-0.351684],[0.277196,0.423671,-0.86236]]],"btipPosition":[37.1964,203.443,46.8089],"carpPosition":[22.2688,252.388,76.8898],"dipPosition":[41.6502,210.25,32.9531],"direction":[-0.150544,-0.735243,0.660874],"extended":false,"handId":426,"id":4264,"length":47.0836,"mcpPosition":[37.8551,255.667,25.2388],"pipPosition":[44.3949,223.655,20.9043],"stabilizedTipPosition":[38.7552,210.333,48.3941],"timeVisible":39.494,"tipPosition":[38.0316,205.236,43.7284],"tipVelocity":[5.78924,-60.9465,-4.95819],"tool":false,"touchDistance":0.333333,"touchZone":"none","type":4,"width":14.9679}],"r":[[0.895272,0.201872,-0.397159],[-0.370441,0.83255,-0.411867],[0.247511,0.515857,0.82014]],"s":1.46798,"t":[15.0911,-51.3067,-38.91],"timestamp":89034907217},false],[3,{"currentFrameRate":54.1626,"devices":[],"gestures":[],"hands":[{"armBasis":[[0.883428,0.463617,-0.0679292],[-0.46666,0.883603,-0.0383791],[0.0422293,0.065605,0.996952]],"armWidth":59.3966,"confidence":0.561667,"direction":[0.0166857,0.0513291,-0.998542],"elbow":[21.7181,259.419,336.094],"grabStrength":0,"id":426,"palmNormal":[0.46928,-0.882252,-0.0375097],"palmPosition":[7.54603,238.613,34.4915],"palmVelocity":[64.1576,52.1146,30.7176],"palmWidth":84.8164,"pinchStrength":0.117289,"r":[[0.904081,0.176835,-0.389059],[-0.331413,0.864883,-0.377018],[0.26982,0.469794,0.84053]],"s":1.4571,"sphereCenter":[11.7494,198.836,12.6674],"sphereRadius":47.0733,"stabilizedPalmPosition":[4.67371,235.94,33.1705],"t":[16.2477,-50.3567,-38.3603],"timeVisible":39.5125,"type":"right","wrist":[11.0898,242.907,85.181]}],"id":1430692,"interactionBox":{"center":[0,200,0],"size":[235.247,235.247,147.751]},"pointables":[{"bases":[[[-0.0612076,0.987436,-0.145682],[-0.926926,-0.00209594,0.375238],[0.370218,0.158004,0.915409]],[[-0.210924,0.829968,-0.516396],[-0.922032,0.006503,0.387059],[0.324604,0.557774,0.763885]],[[-0.210924,0.829968,-0.516396],[-0.975744,-0.147094,0.162132],[0.0586057,0.538068,0.840862]],[[-0.210924,0.829968,-0.516396],[-0.972362,-0.232255,0.0238771],[-0.100118,0.50716,0.856017]]],"btipPosition":[-22.4834,167.307,6.01408],"carpPosition":[-7.70085,221.426,86.9572],"dipPosition":[-24.6675,178.371,24.6887],"direction":[-0.0586057,-0.538068,-0.840862],"extended":true,"handId":426,"id":4260,"length":48.5803,"mcpPosition":[-7.70085,221.426,86.9572],"pipPosition":[-22.8049,195.472,51.4131],"stabilizedTipPosition":[-26.0796,159.285,26.7852],"timeVisible":39.5125,"tipPosition":[-25.9142,171.546,10.3933],"tipVelocity":[128.8,111.719,-99.9131],"tool":false,"touchDistance":-0.100386,"touchZone":"touching","type":0,"width":18.876},{"bases":[[[0.873159,0.469945,-0.129399],[-0.483638,0.868342,-0.109893],[0.0607191,0.158537,0.985484]],[[0.870211,0.463561,-0.166868],[-0.475334,0.879031,-0.0368952],[0.129579,0.111425,0.985289]],[[0.870211,0.463561,-0.166868],[-0.491364,0.791851,-0.362675],[-0.0359868,0.397596,0.916854]],[[0.870211,0.463561,-0.166868],[-0.462647,0.652421,-0.600254],[-0.169386,0.599549,0.782208]]],"btipPosition":[-15.295,207.696,-62.1828],"carpPosition":[-9.45014,241.537,77.9728],"dipPosition":[-17.9927,217.244,-49.7251],"direction":[0.0359868,-0.397596,-0.916854],"extended":true,"handId":426,"id":4261,"length":54.8174,"mcpPosition":[-13.6141,230.665,10.3903],"pipPosition":[-18.8035,226.202,-29.068],"stabilizedTipPosition":[-15.9017,208.93,-59.0983],"timeVisible":39.5125,"tipPosition":[-15.221,208.118,-58.3378],"tipVelocity":[-18.0807,298.234,-64.5176],"tool":false,"touchDistance":-0.394384,"touchZone":"touching","type":1,"width":18.0304},{"bases":[[[0.942904,0.33208,0.0255756],[-0.327607,0.938561,-0.108525],[-0.0600433,0.09395,0.993765]],[[0.942646,0.332469,0.0297183],[-0.0116546,0.121759,-0.992491],[-0.333591,0.935221,0.118651]],[[0.942646,0.332469,0.0297183],[0.253433,-0.654917,-0.711938],[-0.217234,0.678637,-0.701613]],[[0.942646,0.332469,0.0297183],[0.318419,-0.868942,-0.378879],[-0.100142,0.366612,-0.924969]]],"btipPosition":[26.0688,175.623,40.6286],"carpPosition":[-0.336738,248.163,75.788],"dipPosition":[24.3146,182.045,24.4259],"direction":[0.217234,-0.678637,0.701613],"extended":false,"handId":426,"id":4262,"length":62.4601,"mcpPosition":[3.56813,242.054,11.1593],"pipPosition":[18.5564,200.034,5.82827],"stabilizedTipPosition":[34.2222,190.331,64.4468],"timeVisible":39.5125,"tipPosition":[25.1796,178.331,38.4743],"tipVelocity":[-31.9347,-87.3043,-173.731],"tool":false,"touchDistance":0.333333,"touchZone":"none","type":2,"width":17.7082},{"bases":[[[0.945787,0.270582,0.179645],[-0.261151,0.962404,-0.0746861],[-0.1931,0.0237226,0.980892]],[[0.951277,0.269725,0.149403],[0.124828,0.106173,-0.986481],[-0.281941,0.957066,0.0673308]],[[0.951277,0.269725,0.149403],[0.300407,-0.701539,-0.646219],[-0.0694895,0.659615,-0.748384]],[[0.951277,0.269725,0.149403],[0.303885,-0.902184,-0.306134],[0.0522172,0.336619,-0.940192]]],"btipPosition":[34.0813,188.523,50.8498],"carpPosition":[10.179,252.663,75.2284],"dipPosition":[34.9908,194.385,34.4751],"direction":[0.0694895,-0.659615,0.748384],"extended":false,"handId":426,"id":4263,"length":60.057,"mcpPosition":[21.4541,251.278,17.9542],"pipPosition":[33.1964,211.418,15.15],"stabilizedTipPosition":[38.223,199.291,57.6182],"timeVisible":39.5125,"tipPosition":[34.1666,190.093,47.2046],"tipVelocity":[-36.7408,-46.8853,-43.0646],"tool":false,"touchDistance":0.333333,"touchZone":"none","type":3,"width":16.8505},{"bases":[[[0.947142,0.108748,0.30182],[-0.126894,0.991064,0.0411195],[-0.294651,-0.0772452,0.952478]],[[0.923293,0.102863,0.370066],[0.343791,0.208327,-0.915646],[-0.171281,0.972635,0.156984]],[[0.923293,0.102863,0.370066],[0.342212,-0.657806,-0.670956],[0.174415,0.74613,-0.642549]],[[0.923293,0.102863,0.370066],[0.248424,-0.894745,-0.371102],[0.292942,0.434569,-0.851666]]],"btipPosition":[36.8771,203.12,46.3168],"carpPosition":[23.1922,251.589,77.5746],"dipPosition":[41.5839,210.102,32.6328],"direction":[-0.174415,-0.74613,0.642549],"extended":false,"handId":426,"id":4264,"length":47.0836,"mcpPosition":[39.1183,255.764,26.0922],"pipPosition":[44.7637,223.706,20.918],"stabilizedTipPosition":[38.6485,209.581,47.6936],"timeVisible":39.5125,"tipPosition":[37.7782,204.919,43.2653],"tipVelocity":[-3.82639,-38.8213,-14.3699],"tool":false,"touchDistance":0.333333,"touchZone":"none","type":4,"width":14.9679}],"r":[[0.904081,0.176835,-0.389059],[-0.331413,0.864883,-0.377018],[0.26982,0.469794,0.84053]],"s":1.4571,"t":[16.2477,-50.3567,-38.3603],"timestamp":89034925760},false],[4,{"currentFrameRate":54.1403,"devices":[],"gestures":[],"hands":[{"armBasis":[[0.894695,0.443151,-0.056029],[-0.44576,0.893843,-0.0483987],[0.0286332,0.0682775,0.997255]],"armWidth":59.3966,"confidence":0.604216,"direction":[0.0219255,0.0722262,-0.997147],"elbow":[18.5852,259.693,336.402],"grabStrength":0,"id":426,"palmNormal":[0.450417,-0.891145,-0.0546443],"palmPosition":[7.95417,239.373,34.6296],"palmVelocity":[43.7562,46.7122,19.4559],"palmWidth":84.8164,"pinchStrength":0.172256,"r":[[0.911246,0.154015,-0.381982],[-0.295091,0.891143,-0.344652],[0.287319,0.426782,0.857499]],"s":1.44758,"sphereCenter":[11.7551,200.25,11.947],"sphereRadius":46.9354,"stabilizedPalmPosition":[5.66213,236.974,33.6101],"t":[17.0301,-49.5019,-38.0163],"timeVisible":39.531,"type":"right","wrist":[11.3788,242.508,85.4122]}],"id":1430693,"interactionBox":{"center":[0,200,0],"size":[235.247,235.247,147.751]},"pointables":[{"bases":[[[-0.0394274,0.991405,-0.124747],[-0.928308,0.00985037,0.371683],[0.369717,0.130458,0.91994]],[[-0.19224,0.842948,-0.502475],[-0.926649,0.0126326,0.375716],[0.323057,0.537846,0.778689]],[[-0.19224,0.842948,-0.502475],[-0.980097,-0.139075,0.141661],[0.0495311,0.519708,0.852907]],[[-0.19224,0.842948,-0.502475],[-0.970969,-0.237654,-0.0272068],[-0.142349,0.482658,0.864163]]],"btipPosition":[-21.3759,169.33,4.4665],"carpPosition":[-7.87512,221.403,86.659],"dipPosition":[-24.4814,179.86,23.3188],"direction":[-0.0495311,-0.519708,-0.852907],"extended":true,"handId":426,"id":4260,"length":48.5803,"mcpPosition":[-7.87512,221.403,86.659],"pipPosition":[-22.9072,196.377,50.4261],"stabilizedTipPosition":[-24.9908,162.688,21.8773],"timeVisible":39.531,"tipPosition":[-24.9097,173.143,8.93348],"tipVelocity":[89.8308,107.219,-90.8702],"tool":false,"touchDistance":-0.126498,"touchZone":"touching","type":0,"width":18.876},{"bases":[[[0.883559,0.453702,-0.116091],[-0.464458,0.880691,-0.0930746],[0.0600126,0.136157,0.988868]],[[0.880989,0.448778,-0.149857],[-0.455684,0.890039,-0.0134968],[0.127322,0.0801779,0.988616]],[[0.880989,0.448778,-0.149857],[-0.472289,0.815185,-0.335286],[-0.028308,0.366159,0.930121]],[[0.880989,0.448778,-0.149857],[-0.447202,0.686404,-0.573463],[-0.154495,0.572231,0.805409]]],"btipPosition":[-15.2718,211.822,-63.0888],"carpPosition":[-9.15573,241.734,78.1005],"dipPosition":[-17.7324,220.936,-50.2616],"direction":[0.028308,-0.366159,-0.930121],"extended":true,"handId":426,"id":4261,"length":54.8174,"mcpPosition":[-13.2713,232.397,10.286],"pipPosition":[-18.3702,229.186,-29.3055],"stabilizedTipPosition":[-15.8446,213.385,-60.0272],"timeVisible":39.531,"tipPosition":[-15.2371,212.102,-59.2159],"tipVelocity":[-7.30367,258.961,-54.7135],"tool":false,"touchDistance":-0.395594,"touchZone":"touching","type":1,"width":18.0304},{"bases":[[[0.94969,0.311097,0.0361549],[-0.306965,0.947491,-0.0896283],[-0.0621395,0.0740208,0.995319]],[[0.949426,0.3114,0.0402617],[-0.0103777,0.159275,-0.98718],[-0.313821,0.936836,0.154452]],[[0.949426,0.3114,0.0402617],[0.236366,-0.624397,-0.744486],[-0.206694,0.716351,-0.666423]],[[0.949426,0.3114,0.0402617],[0.298459,-0.855179,-0.423781],[-0.0975345,0.414365,-0.904869]]],"btipPosition":[25.4351,175.056,37.9378],"carpPosition":[0.106581,248.208,76.0917],"dipPosition":[23.7266,182.314,22.0872],"direction":[0.206694,-0.716351,0.666423],"extended":false,"handId":426,"id":4262,"length":62.4601,"mcpPosition":[4.14778,243.394,11.3618],"pipPosition":[18.2477,201.302,4.42232],"stabilizedTipPosition":[34.1024,190.154,64.0532],"timeVisible":39.531,"tipPosition":[24.5775,177.915,35.9983],"tipVelocity":[-32.7399,-54.8481,-157.745],"tool":false,"touchDistance":0.333333,"touchZone":"none","type":2,"width":17.7082},{"bases":[[[0.950615,0.246282,0.188883],[-0.240154,0.969173,-0.0550419],[-0.196616,0.00696263,0.980456]],[[0.956272,0.245946,0.158285],[0.129419,0.129497,-0.983098],[-0.262287,0.960594,0.0920039]],[[0.956272,0.245946,0.158285],[0.287412,-0.689904,-0.6644],[-0.0542055,0.68084,-0.730424]],[[0.956272,0.245946,0.158285],[0.285926,-0.900031,-0.328924],[0.0615636,0.359798,-0.930997]]],"btipPosition":[33.4502,188.231,49.6626],"carpPosition":[10.7185,252.492,75.6673],"dipPosition":[34.5224,194.497,33.4481],"direction":[0.0542055,-0.68084,0.730424],"extended":false,"handId":426,"id":4263,"length":60.057,"mcpPosition":[22.1989,252.085,18.4186],"pipPosition":[33.1227,212.078,14.5868],"stabilizedTipPosition":[37.8589,198.517,56.6783],"timeVisible":39.531,"tipPosition":[33.5483,189.93,46.1736],"tipVelocity":[-34.4502,-29.3822,-52.2362],"tool":false,"touchDistance":0.333333,"touchZone":"none","type":3,"width":16.8505},{"bases":[[[0.947995,0.0818892,0.307571],[-0.105796,0.992463,0.0618451],[-0.300189,-0.0911686,0.949513]],[[0.92463,0.0752997,0.373348],[0.349604,0.221134,-0.910427],[-0.151115,0.972332,0.178142]],[[0.92463,0.0752997,0.373348],[0.328685,-0.653004,-0.682314],[0.19242,0.753602,-0.628537]],[[0.92463,0.0752997,0.373348],[0.228396,-0.894072,-0.38532],[0.304786,0.44155,-0.843884]]],"btipPosition":[36.4969,203.133,45.8625],"carpPosition":[23.6959,251.088,78.0379],"dipPosition":[41.394,210.228,32.3036],"direction":[-0.19242,-0.753602,0.628537],"extended":false,"handId":426,"id":4264,"length":47.0836,"mcpPosition":[39.9213,256.015,26.7159],"pipPosition":[44.9021,223.967,20.8443],"stabilizedTipPosition":[38.5422,209.082,47.1803],"timeVisible":39.531,"tipPosition":[37.4461,204.912,42.8172],"tipVelocity":[-10.7525,-19.018,-18.5172],"tool":false,"touchDistance":0.333333,"touchZone":"none","type":4,"width":14.9679}],"r":[[0.911246,0.154015,-0.381982],[-0.295091,0.891143,-0.344652],[0.287319,0.426782,0.857499]],"s":1.44758,"t":[17.0301,-49.5019,-38.0163],"timestamp":89034944309},false],[5,{"currentFrameRate":54.0338,"devices":[],"gestures":[],"hands":[{"armBasis":[[0.902665,0.427196,-0.0519599],[-0.429646,0.901482,-0.0523004],[0.0244984,0.0695341,0.997279]],"armWidth":59.3966,"confidence":0.62986,"direction":[0.0249752,0.0911998,-0.995519],"elbow":[17.7831,259.536,336.332],"grabStrength":0,"id":426,"palmNormal":[0.436073,-0.897087,-0.0712424],"palmPosition":[8.2386,239.942,34.4969],"palmVelocity":[29.6938,38.5843,6.47666],"palmWidth":84.8164,"pinchStrength":0.231843,"r":[[0.916852,0.133876,-0.376111],[-0.262266,0.91227,-0.314611],[0.300996,0.387093,0.871528]],"s":1.439,"sphereCenter":[11.8234,201.436,11.045],"sphereRadius":46.8085,"stabilizedPalmPosition":[6.44294,237.873,33.8789],"t":[17.5635,-48.79,-37.9107],"timeVisible":39.5499,"type":"right","wrist":[11.6173,242.035,85.3362]}],"id":1430694,"interactionBox":{"center":[0,200,0],"size":[235.247,235.247,147.751]},"pointables":[{"bases":[[[-0.0231793,0.994147,-0.105518],[-0.928729,0.0176535,0.370339],[0.370034,0.106582,0.922884]],[[-0.176937,0.856678,-0.484557],[-0.929497,0.0164349,0.368465],[0.323619,0.515589,0.793371]],[[-0.176937,0.856678,-0.484557],[-0.983295,-0.132502,0.124795],[0.0427046,0.498544,0.865812]],[[-0.176937,0.856678,-0.484557],[-0.963961,-0.250219,-0.0903845],[-0.198676,0.451102,0.870078]]],"btipPosition":[-20.0584,171.548,2.72733],"carpPosition":[-7.97716,221.224,86.1422],"dipPosition":[-24.3926,181.389,21.7087],"direction":[-0.0427046,-0.498544,-0.865812],"extended":true,"handId":426,"id":4260,"length":48.5803,"mcpPosition":[-7.97716,221.224,86.1422],"pipPosition":[-23.0354,197.234,49.2261],"stabilizedTipPosition":[-23.7398,166.223,17.1778],"timeVisible":39.5499,"tipPosition":[-23.8593,174.8,7.33961],"tipVelocity":[72.6661,108.121,-90.7039],"tool":false,"touchDistance":-0.15499,"touchZone":"touching","type":0,"width":18.876},{"bases":[[[0.890988,0.441515,-0.105858],[-0.450001,0.88973,-0.0766737],[0.0603321,0.115951,0.991421]],[[0.888714,0.437745,-0.136256],[-0.440656,0.897624,0.00963517],[0.126525,0.0514793,0.990627]],[[0.888714,0.437745,-0.136256],[-0.457968,0.83387,-0.3081],[-0.0212493,0.336214,0.941546]],[[0.888714,0.437745,-0.136256],[-0.435977,0.715009,-0.546522],[-0.141813,0.545107,0.826285]]],"btipPosition":[-15.3803,215.465,-64.0564],"carpPosition":[-8.91317,241.735,77.9784],"dipPosition":[-17.6389,224.147,-50.8967],"direction":[0.0212493,-0.336214,-0.941546],"extended":true,"handId":426,"id":4261,"length":54.8174,"mcpPosition":[-13.0506,233.784,9.98883],"pipPosition":[-18.1176,231.722,-29.6832],"stabilizedTipPosition":[-15.8955,217.149,-60.9526],"timeVisible":39.5499,"tipPosition":[-15.3652,215.61,-60.1646],"tipVelocity":[-5.33339,224.018,-51.0267],"tool":false,"touchDistance":-0.397734,"touchZone":"touching","type":1,"width":18.0304},{"bases":[[[0.954519,0.294931,0.0436927],[-0.291457,0.953894,-0.0716813],[-0.0628193,0.0556867,0.99647]],[[0.954264,0.295148,0.0476189],[-0.0142243,0.203922,-0.978884],[-0.298626,0.933436,0.198794]],[[0.954264,0.295148,0.0476189],[0.219351,-0.582981,-0.782316],[-0.203138,0.756981,-0.621059]],[[0.954264,0.295148,0.0476189],[0.281388,-0.832887,-0.476572],[-0.100998,0.468175,-0.877845]]],"btipPosition":[25.1127,174.269,34.2135],"carpPosition":[0.456253,248.097,76.1104],"dipPosition":[23.3435,182.47,18.8363],"direction":[0.203138,-0.756981,0.621059],"extended":false,"handId":426,"id":4262,"length":62.4601,"mcpPosition":[4.54166,244.475,11.3057],"pipPosition":[17.9589,202.536,2.3739],"stabilizedTipPosition":[34.0353,190.054,63.815],"timeVisible":39.5499,"tipPosition":[24.224,177.375,32.7064],"tipVelocity":[-25.4237,-42.7433,-174.269],"tool":false,"touchDistance":0.333333,"touchZone":"none","type":2,"width":17.7082},{"bases":[[[0.954108,0.227158,0.195134],[-0.22437,0.973817,-0.0365747],[-0.198333,-0.00888594,0.980094]],[[0.959858,0.227325,0.164308],[0.133069,0.146607,-0.980204],[-0.246913,0.96272,0.110472]],[[0.959858,0.227325,0.164308],[0.277404,-0.682742,-0.675951],[-0.0414805,0.694396,-0.718396]],[[0.959858,0.227325,0.164308],[0.271699,-0.899043,-0.343367],[0.0696641,0.374225,-0.924717]]],"btipPosition":[32.8587,188.19,48.6134],"carpPosition":[11.1368,252.215,75.7861],"dipPosition":[34.072,194.708,32.5083],"direction":[0.0414805,-0.694396,0.718396],"extended":false,"handId":426,"id":4263,"length":60.057,"mcpPosition":[22.7174,252.734,18.5585],"pipPosition":[33.0009,212.639,13.9576],"stabilizedTipPosition":[37.6072,198.047,56.0509],"timeVisible":39.5499,"tipPosition":[33.0046,189.91,45.1307],"tipVelocity":[-32.0759,-14.5441,-53.2134],"tool":false,"touchDistance":0.333333,"touchZone":"none","type":3,"width":16.8505},{"bases":[[[0.94861,0.0605562,0.3106],[-0.0898748,0.992657,0.0809547],[-0.303417,-0.10471,0.947087]],[[0.926273,0.0534414,0.373044],[0.351703,0.232971,-0.906658],[-0.135362,0.971014,0.197]],[[0.926273,0.0534414,0.373044],[0.315988,-0.649545,-0.691551],[0.205351,0.758443,-0.618543]],[[0.926273,0.0534414,0.373044],[0.210872,-0.893914,-0.395538],[0.312331,0.44504,-0.839278]]],"btipPosition":[36.1845,203.232,45.2275],"carpPosition":[24.0852,250.556,78.1495],"dipPosition":[41.2028,210.383,31.7425],"direction":[-0.205351,-0.758443,0.618543],"extended":false,"handId":426,"id":4264,"length":47.0836,"mcpPosition":[40.4852,256.215,26.9585],"pipPosition":[44.9468,224.211,20.4654],"stabilizedTipPosition":[38.4692,208.827,46.8739],"timeVisible":39.5499,"tipPosition":[37.1753,204.953,42.1399],"tipVelocity":[-12.8659,-6.792,-25.4829],"tool":false,"touchDistance":0.333333,"touchZone":"none","type":4,"width":14.9679}],"r":[[0.916852,0.133876,-0.376111],[-0.262266,0.91227,-0.314611],[0.300996,0.387093,0.871528]],"s":1.439,"t":[17.5635,-48.79,-37.9107],"timestamp":89034963192},false],[6,{"currentFrameRate":54.0523,"devices":[],"gestures":[],"hands":[{"armBasis":[[0.910426,0.412312,-0.0335133],[-0.413647,0.906487,-0.0847238],[-0.00455332,0.0909974,0.995841]],"armWidth":59.3966,"confidence":0.645356,"direction":[0.0254438,0.125873,-0.99172],"elbow":[10.5605,264.605,336.313],"grabStrength":0,"id":426,"palmNormal":[0.425983,-0.898831,-0.103154],"palmPosition":[8.27658,241.436,34.8013],"palmVelocity":[16.378,59.0633,11.3112],"palmWidth":84.8164,"pinchStrength":0.256616,"r":[[0.921041,0.118056,-0.371142],[-0.233461,0.930119,-0.283504],[0.311737,0.347766,0.884239]],"s":1.43282,"sphereCenter":[11.3922,203.846,9.94392],"sphereRadius":46.8204,"stabilizedPalmPosition":[6.97556,238.908,34.1468],"t":[17.8492,-47.6867,-37.7057],"timeVisible":39.5684,"type":"right","wrist":[11.7065,241.703,85.6795]}],"id":1430695,"interactionBox":{"center":[0,200,0],"size":[235.247,235.247,147.751]},"pointables":[{"bases":[[[-0.0121288,0.99744,-0.0704742],[-0.92827,0.0149682,0.371607],[0.37171,0.0699262,0.925711]],[[-0.168073,0.874452,-0.455066],[-0.929655,0.0129309,0.368204],[0.327861,0.48494,0.810765]],[[-0.168073,0.874452,-0.455066],[-0.984528,-0.125694,0.12209],[0.0495629,0.468545,0.882048]],[[-0.168073,0.874452,-0.455066],[-0.960429,-0.249267,-0.124267],[-0.222098,0.416173,0.881744]]],"btipPosition":[-20.1044,174.561,0.777002],"carpPosition":[-8.11882,221.096,85.7718],"dipPosition":[-24.9496,183.64,20.0128],"direction":[-0.0495629,-0.468545,-0.882048],"extended":true,"handId":426,"id":4260,"length":48.5803,"mcpPosition":[-8.11882,221.096,85.7718],"pipPosition":[-23.3744,198.532,48.0463],"stabilizedTipPosition":[-22.8673,169.832,13.0326],"timeVisible":39.5684,"tipPosition":[-23.844,177.533,5.43293],"tipVelocity":[33.3756,130.206,-96.4457],"tool":false,"touchDistance":-0.18652,"touchZone":"touching","type":0,"width":18.876},{"bases":[[[0.895806,0.435006,-0.0911083],[-0.440075,0.896837,-0.0449164],[0.0621704,0.0803308,0.994828]],[[0.893707,0.432578,-0.119015],[-0.430108,0.90155,0.0470538],[0.127652,0.00913687,0.991777]],[[0.893707,0.432578,-0.119015],[-0.448419,0.852707,-0.267974],[-0.0144349,0.292859,0.956047]],[[0.893707,0.432578,-0.119015],[-0.429087,0.746629,-0.50836],[-0.131045,0.505392,0.852881]]],"btipPosition":[-15.7935,221.369,-64.7296],"carpPosition":[-8.8301,241.891,78.3351],"dipPosition":[-17.8805,229.418,-51.1464],"direction":[0.0144349,-0.292859,-0.956047],"extended":true,"handId":426,"id":4261,"length":54.8174,"mcpPosition":[-13.0936,236.382,10.1119],"pipPosition":[-18.2058,236.016,-29.6062],"stabilizedTipPosition":[-16.2519,222.874,-61.5682],"timeVisible":39.5684,"tipPosition":[-15.7829,221.346,-60.8351],"tipVelocity":[-12.5323,266.572,-41.4902],"tool":false,"touchDistance":-0.394932,"touchZone":"touching","type":1,"width":18.0304},{"bases":[[[0.957779,0.282554,0.0531352],[-0.280821,0.959015,-0.0378206],[-0.0616438,0.0213023,0.997871]],[[0.957535,0.282634,0.0569621],[-0.0169958,0.252557,-0.967433],[-0.287815,0.925383,0.246635]],[[0.957535,0.282634,0.0569621],[0.207756,-0.539394,-0.816022],[-0.19991,0.793204,-0.575207]],[[0.957535,0.282634,0.0569621],[0.269449,-0.806937,-0.525594],[-0.102586,0.518623,-0.848826]]],"btipPosition":[24.6453,175.136,30.8219],"carpPosition":[0.608773,248.209,76.6831],"dipPosition":[22.8483,184.221,15.953],"direction":[0.19991,-0.793204,0.575207],"extended":false,"handId":426,"id":4262,"length":62.4601,"mcpPosition":[4.61773,246.824,11.7873],"pipPosition":[17.5493,205.246,0.705973],"stabilizedTipPosition":[34.0027,190.011,63.6938],"timeVisible":39.5684,"tipPosition":[23.7841,178.308,29.4965],"tipVelocity":[-25.5575,5.81646,-175.892],"tool":false,"touchDistance":0.333333,"touchZone":"none","type":2,"width":17.7082},{"bases":[[[0.956694,0.209505,0.2021],[-0.213496,0.976942,-0.00209843],[-0.197879,-0.04114,0.979363]],[[0.962454,0.210698,0.17114],[0.133277,0.182445,-0.974141],[-0.236473,0.960375,0.147513]],[[0.962454,0.210698,0.17114],[0.269264,-0.661316,-0.700112],[-0.0343346,0.719908,-0.69322]],[[0.962454,0.210698,0.17114],[0.26128,-0.890007,-0.373657],[0.0735868,0.404343,-0.911642]]],"btipPosition":[32.3422,188.99,46.9433],"carpPosition":[11.3345,252.217,76.4938],"dipPosition":[33.6239,196.032,31.0658],"direction":[0.0343346,-0.719908,0.69322],"extended":false,"handId":426,"id":4263,"length":60.057,"mcpPosition":[22.8886,254.62,19.3089],"pipPosition":[32.7373,214.622,13.1652],"stabilizedTipPosition":[37.4541,197.817,55.6578],"timeVisible":39.5684,"tipPosition":[32.5054,190.801,43.5573],"tipVelocity":[-29.7082,16.5185,-69.8587],"tool":false,"touchDistance":0.333333,"touchZone":"none","type":3,"width":16.8505},{"bases":[[[0.949398,0.0390174,0.311642],[-0.078734,0.990136,0.115894],[-0.304046,-0.134566,0.943105]],[[0.928349,0.0304592,0.370459],[0.350489,0.260189,-0.899699],[-0.123794,0.965077,0.230871]],[[0.928349,0.0304592,0.370459],[0.304195,-0.635017,-0.710084],[0.213619,0.771898,-0.598783]],[[0.928349,0.0304592,0.370459],[0.195749,-0.887304,-0.417581],[0.31599,0.460177,-0.829691]]],"btipPosition":[35.8073,204.329,44.4476],"carpPosition":[24.2649,250.331,78.7851],"dipPosition":[40.8844,211.723,31.1167],"direction":[-0.213619,-0.771897,0.598783],"extended":false,"handId":426,"id":4264,"length":47.0836,"mcpPosition":[40.6988,257.605,27.8094],"pipPosition":[44.7791,225.796,20.1998],"stabilizedTipPosition":[38.4001,208.698,46.6199],"timeVisible":39.5684,"tipPosition":[36.8345,206.02,41.3114],"tipVelocity":[-16.1719,26.6061,-32.663],"tool":false,"touchDistance":0.333333,"touchZone":"none","type":4,"width":14.9679}],"r":[[0.921041,0.118056,-0.371142],[-0.233461,0.930119,-0.283504],[0.311737,0.347766,0.884239]],"s":1.43282,"t":[17.8492,-47.6867,-37.7057],"timestamp":89034981627},false],[7,{"currentFrameRate":54.2128,"devices":[],"gestures"