{"sensorType":"Leap","data":[[0,{"currentFrameRate":54.1549,"devices":[],"gestures":[],"hands":[{"armBasis":[[0.993456,0.0844747,-0.076873],[-0.0819123,0.995993,0.0359028],[0.0795978,-0.029371,0.996394]],"armWidth":59.3966,"confidence":0.774032,"direction":[-0.260558,-0.0117178,-0.965387],"elbow":[38.1074,241.419,297.631],"grabStrength":1,"id":426,"palmNormal":[0.0884508,-0.996011,-0.0117834],"palmPosition":[-1.51641,243.582,0.0683544],"palmVelocity":[10.0898,16.8853,13.3203],"palmWidth":84.8164,"pinchStrength":0.916502,"r":[[0.911851,-0.0845645,-0.401716],[-0.0371575,0.957535,-0.285912],[0.408835,0.275636,0.869987]],"s":0.939206,"sphereCenter":[-0.268922,202.697,-15.5699],"sphereRadius":39.4711,"stabilizedPalmPosition":[-2.25967,240.563,-1.61177],"t":[8.15459,-44.7486,-72.48],"timeVisible":17.8503,"type":"right","wrist":[18.0742,248.811,46.8583]}],"id":1429528,"interactionBox":{"center":[0,200,0],"size":[235.247,235.247,147.751]},"pointables":[{"bases":[[[0.256908,0.924168,-0.282686],[-0.711597,0.378811,0.591719],[0.653933,0.049141,0.754955]],[[0.106287,0.890548,-0.442298],[-0.769914,0.355197,0.530159],[0.629235,0.284182,0.723398]],[[0.106287,0.890548,-0.442298],[-0.976251,0.177911,0.123618],[0.188777,0.418655,0.888308]],[[0.106287,0.890548,-0.442298],[-0.990356,0.134571,0.0329637],[0.0888761,0.434528,0.896262]]],"btipPosition":[-42.9697,200.462,-24.7022],"carpPosition":[-5.75226,236.471,56.743],"dipPosition":[-41.0308,209.942,-5.14967],"direction":[-0.188777,-0.418655,-0.888308],"extended":false,"handId":426,"id":4260,"length":48.5803,"mcpPosition":[-5.75226,236.471,56.743],"pipPosition":[-35.031,223.247,23.0827],"stabilizedTipPosition":[-42.9562,197.656,-20.7484],"timeVisible":17.8503,"tipPosition":[-42.7,203.088,-20.0069],"tipVelocity":[8.91538,22.8326,7.45102],"tool":false,"touchDistance":0.336041,"touchZone":"hovering","type":0,"width":18.876},{"bases":[[[0.904001,0.0852362,-0.418947],[-0.14952,0.981075,-0.12303],[0.400532,0.173861,0.899637]],[[0.902304,0.0845022,-0.422737],[-0.295456,0.835299,-0.463661],[0.313932,0.543263,0.77866]],[[0.902304,0.0845022,-0.422737],[-0.423604,-0.00828997,-0.90581],[-0.0800474,0.996389,0.0283154]],[[0.902304,0.0845022,-0.422737],[-0.273238,-0.64638,-0.712414],[-0.333449,0.758322,-0.560142]]],"btipPosition":[-35.6611,186.967,-39.2259],"carpPosition":[-2.73544,255.173,45.3696],"dipPosition":[-40.9717,199.044,-48.1469],"direction":[0.0800474,-0.996389,-0.0283154],"extended":false,"handId":426,"id":4261,"length":54.8174,"mcpPosition":[-30.2031,243.25,-16.3256],"pipPosition":[-42.7752,221.493,-47.5089],"stabilizedTipPosition":[-37.5322,186.519,-42.1081],"timeVisible":17.8503,"tipPosition":[-36.4952,189.143,-40.8441],"tipVelocity":[9.19421,21.3566,11.5406],"tool":false,"touchDistance":0.345013,"touchZone":"hovering","type":1,"width":18.0304},{"bases":[[[0.961959,-0.0605648,-0.266398],[0.0142946,0.98494,-0.172306],[0.272821,0.161943,0.948337]],[[0.962871,-0.0600196,-0.263206],[-0.25543,0.113023,-0.960199],[0.087379,0.991778,0.0934957]],[[0.962871,-0.0600196,-0.263206],[-0.133556,-0.953206,-0.27122],[-0.234611,0.296302,-0.925831]],[[0.962871,-0.0600196,-0.263206],[0.0332501,-0.941183,0.336258],[-0.267907,-0.332525,-0.904242]]],"btipPosition":[-3.68521,200.48,14.429],"carpPosition":[7.07173,257.602,39.9235],"dipPosition":[-8.37812,194.655,-1.41063],"direction":[0.234611,-0.296302,0.925831],"extended":false,"handId":426,"id":4262,"length":62.4601,"mcpPosition":[-10.671,247.07,-21.7509],"pipPosition":[-14.5969,202.509,-25.9516],"stabilizedTipPosition":[-4.01769,192.476,11.0233],"timeVisible":17.8503,"tipPosition":[-4.49866,199.616,11.4872],"tipVelocity":[6.54446,15.0678,9.17009],"tool":false,"touchDistance":0.333333,"touchZone":"none","type":2,"width":17.7082},{"bases":[[[0.987789,-0.110149,-0.110186],[0.0916753,0.982756,-0.16058],[0.125974,0.148518,0.980853]],[[0.984507,-0.113656,-0.133524],[-0.123373,0.0921223,-0.988075],[0.124601,0.98924,0.076673]],[[0.984507,-0.113656,-0.133524],[-0.145467,-0.954583,-0.260021],[-0.0979065,0.275416,-0.956326]],[[0.984507,-0.113656,-0.133524],[-0.0602178,-0.934325,0.351299],[-0.164682,-0.337816,-0.926693]]],"btipPosition":[10.6883,206.514,16.387],"carpPosition":[17.8369,257.614,36.018],"dipPosition":[7.82012,200.631,0.24748],"direction":[0.0979065,-0.275416,0.956326],"extended":false,"handId":426,"id":4263,"length":60.057,"mcpPosition":[10.4813,248.943,-21.2539],"pipPosition":[5.29194,207.743,-24.4472],"stabilizedTipPosition":[10.4983,198.597,12.6827],"timeVisible":17.8503,"tipPosition":[10.1444,205.679,13.3289],"tipVelocity":[6.90617,12.3389,7.37252],"tool":false,"touchDistance":0.333333,"touchZone":"none","type":3,"width":16.8505},{"bases":[[[0.966913,-0.253075,0.0321347],[0.254963,0.962895,-0.0884718],[-0.00855235,0.0937376,0.99556]],[[0.956158,-0.237428,0.171434],[0.188714,0.0519003,-0.98066],[0.223939,0.970018,0.094431]],[[0.956158,-0.237428,0.171434],[-0.184832,-0.943337,-0.275594],[0.227154,0.231825,-0.945864]],[[0.956158,-0.237428,0.171434],[-0.281508,-0.906521,0.314598],[0.080714,-0.349066,-0.933616]]],"btipPosition":[17.3141,216.024,10.4769],"carpPosition":[29.6711,251.681,35.1549],"dipPosition":[18.6109,210.416,-4.52373],"direction":[-0.227154,-0.231825,0.945864],"extended":false,"handId":426,"id":4264,"length":47.0836,"mcpPosition":[30.1334,246.614,-18.656],"pipPosition":[22.7523,214.642,-21.7685],"stabilizedTipPosition":[18.0514,207.992,5.94111],"timeVisible":17.8503,"tipPosition":[17.6663,215.125,7.44842],"tipVelocity":[7.61364,14.1255,10.5257],"tool":false,"touchDistance":0.333333,"touchZone":"none","type":4,"width":14.9679}],"r":[[0.911851,-0.0845645,-0.401716],[-0.0371575,0.957535,-0.285912],[0.408835,0.275636,0.869987]],"s":0.939206,"t":[8.15459,-44.7486,-72.48],"timestamp":89013263603},false],[1,{"currentFrameRate":54.1758,"devices":[],"gestures":[],"hands":[{"armBasis":[[0.993669,0.0830862,-0.0756259],[-0.080546,0.996099,0.0360455],[0.0783258,-0.0297259,0.996485]],"armWidth":59.3966,"confidence":0.813825,"direction":[-0.259982,-0.0119879,-0.965539],"elbow":[37.9629,241.619,297.892],"grabStrength":1,"id":426,"palmNormal":[0.0872837,-0.996121,-0.0111345],"palmPosition":[-1.31834,243.867,0.297114],"palmVelocity":[10.4186,16.2128,12.8982],"palmWidth":84.8164,"pinchStrength":0.917658,"r":[[0.912139,-0.0849681,-0.400977],[-0.0361615,0.957781,-0.285216],[0.408282,0.274657,0.870557]],"s":0.938419,"sphereCenter":[-0.0960442,202.952,-15.3267],"sphereRadius":39.4661,"stabilizedPalmPosition":[-2.22029,240.701,-1.5319],"t":[8.34727,-44.4509,-72.2424],"timeVisible":17.8687,"type":"right","wrist":[18.2498,249.101,47.0959]}],"id":1429529,"interactionBox":{"center":[0,200,0],"size":[235.247,235.247,147.751]},"pointables":[{"bases":[[[0.25817,0.923696,-0.28308],[-0.711511,0.380003,0.591058],[0.653529,0.0488216,0.755325]],[[0.108052,0.890319,-0.442332],[-0.77034,0.356233,0.528842],[0.628411,0.283603,0.72434]],[[0.108052,0.890319,-0.442332],[-0.975814,0.180033,0.123996],[0.19003,0.418236,0.888238]],[[0.108052,0.890319,-0.442332],[-0.990147,0.136242,0.0323547],[0.0890703,0.434478,0.896268]]],"btipPosition":[-42.8203,200.827,-24.5136],"carpPosition":[-5.59719,236.794,56.9734],"dipPosition":[-40.8772,210.305,-4.96091],"direction":[-0.19003,-0.418236,-0.888238],"extended":false,"handId":426,"id":4260,"length":48.5803,"mcpPosition":[-5.59719,236.794,56.9734],"pipPosition":[-34.8376,223.598,23.2693],"stabilizedTipPosition":[-42.9325,197.873,-20.7187],"timeVisible":17.8687,"tipPosition":[-42.5383,203.42,-19.8094],"tipVelocity":[8.55949,21.3916,8.80326],"tool":false,"touchDistance":0.3386,"touchZone":"hovering","type":0,"width":18.876},{"bases":[[[0.904357,0.0839203,-0.418445],[-0.148288,0.981176,-0.123708],[0.400187,0.173926,0.899778]],[[0.902506,0.0831193,-0.422579],[-0.294125,0.835698,-0.463788],[0.314599,0.542863,0.77867]],[[0.902506,0.0831193,-0.422579],[-0.42335,-0.00899183,-0.905921],[-0.0790993,0.996499,0.0270734]],[[0.902506,0.0831193,-0.422579],[-0.273307,-0.647776,-0.711119],[-0.332844,0.757283,-0.561905]]],"btipPosition":[-35.5111,187.306,-38.9588],"carpPosition":[-2.55138,255.486,45.5907],"dipPosition":[-40.8121,199.367,-47.9079],"direction":[0.0790993,-0.996499,-0.0270734],"extended":false,"handId":426,"id":4261,"length":54.8174,"mcpPosition":[-29.9953,243.558,-16.1142],"pipPosition":[-42.5942,221.818,-47.2979],"stabilizedTipPosition":[-37.4861,186.724,-42.0454],"timeVisible":17.8687,"tipPosition":[-36.3522,189.482,-40.6039],"tipVelocity":[8.75419,19.8492,12.808],"tool":false,"touchDistance":0.347755,"touchZone":"hovering","type":1,"width":18.0304},{"bases":[[[0.962049,-0.0618577,-0.265773],[0.015561,0.984819,-0.172885],[0.272433,0.162188,0.948407]],[[0.962982,-0.0612985,-0.262503],[-0.254549,0.113699,-0.960353],[0.0887145,0.991622,0.0938866]],[[0.962982,-0.0612985,-0.262503],[-0.134705,-0.952926,-0.271637],[-0.233495,0.296942,-0.925908]],[[0.962982,-0.0612985,-0.262503],[0.0317542,-0.941227,0.33628],[-0.267689,-0.332167,-0.904438]]],"btipPosition":[-3.56308,200.746,14.638],"carpPosition":[7.26197,257.9,40.1492],"dipPosition":[-8.25217,194.928,-1.20506],"direction":[0.233495,-0.296942,0.925908],"extended":false,"handId":426,"id":4262,"length":62.4601,"mcpPosition":[-10.4555,247.352,-21.5298],"pipPosition":[-14.4414,202.799,-25.7481],"stabilizedTipPosition":[-4.02714,192.581,11.0229],"timeVisible":17.8687,"tipPosition":[-4.37829,199.879,11.6888],"tipVelocity":[6.61475,14.823,10.2065],"tool":false,"touchDistance":0.333333,"touchZone":"none","type":2,"width":17.7082},{"bases":[[[0.987725,-0.111379,-0.109516],[0.0929319,0.982551,-0.161111],[0.12555,0.148955,0.980841]],[[0.984397,-0.114951,-0.133223],[-0.122574,0.0952334,-0.98788],[0.126245,0.988796,0.0796575]],[[0.984397,-0.114951,-0.133223],[-0.146939,-0.953546,-0.262981],[-0.0968043,0.278453,-0.955559]],[[0.984397,-0.114951,-0.133223],[-0.0618512,-0.934851,0.349611],[-0.164732,-0.335916,-0.927375]]],"btipPosition":[10.8096,206.679,16.4877],"carpPosition":[18.0296,257.898,36.2502],"dipPosition":[7.94059,200.829,0.336263],"direction":[0.0968043,-0.278453,0.955559],"extended":false,"handId":426,"id":4263,"length":60.057,"mcpPosition":[10.6987,249.2,-21.021],"pipPosition":[5.44087,208.019,-24.3386],"stabilizedTipPosition":[10.4934,198.691,12.6839],"timeVisible":17.8687,"tipPosition":[10.2671,205.861,13.4449],"tipVelocity":[6.75367,10.9153,6.38838],"tool":false,"touchDistance":0.333333,"touchZone":"none","type":3,"width":16.8505},{"bases":[[[0.966594,-0.254195,0.0328772],[0.256152,0.962541,-0.0888908],[-0.00905005,0.0943429,0.995499]],[[0.955608,-0.238306,0.173273],[0.190947,0.0530163,-0.980168],[0.224393,0.969742,0.0961666]],[[0.955608,-0.238306,0.173273],[-0.184846,-0.942841,-0.277276],[0.229445,0.232938,-0.945037]],[[0.955608,-0.238306,0.173273],[-0.282894,-0.906479,0.313475],[0.0823651,-0.348577,-0.933654]]],"btipPosition":[17.4438,216.241,10.6516],"carpPosition":[29.8573,251.95,35.3979],"dipPosition":[18.7672,210.641,-4.34969],"direction":[-0.229445,-0.232938,0.945037],"extended":false,"handId":426,"id":4264,"length":47.0836,"mcpPosition":[30.3464,246.85,-18.4097],"pipPosition":[22.9504,214.887,-21.5794],"stabilizedTipPosition":[18.048,208.069,5.95515],"timeVisible":17.8687,"tipPosition":[17.8098,215.345,7.63516],"tipVelocity":[7.50612,13.0601,10.0285],"tool":false,"touchDistance":0.333333,"touchZone":"none","type":4,"width":14.9679}],"r":[[0.912139,-0.0849681,-0.400977],[-0.0361615,0.957781,-0.285216],[0.408282,0.274657,0.870557]],"s":0.938419,"t":[8.34727,-44.4509,-72.2424],"timestamp":89013281988},false],[2,{"currentFrameRate":54.1585,"devices":[],"gestures":[],"hands":[{"armBasis":[[0.993496,0.0808386,-0.0801906],[-0.0778167,0.99616,0.0401252],[0.0831263,-0.0336241,0.995972]],"armWidth":59.3966,"confidence":0.846836,"direction":[-0.258886,-0.0129323,-0.965821],"elbow":[39.2871,240.879,297.928],"grabStrength":1,"id":426,"palmNormal":[0.0860118,-0.996247,-0.0097156],"palmPosition":[-1.15516,244.071,0.447006],"palmVelocity":[9.64013,13.6979,10.5739],"palmWidth":84.8164,"pinchStrength":0.918728,"r":[[0.912439,-0.0856328,-0.400152],[-0.0350524,0.95791,-0.284921],[0.407709,0.273999,0.871033]],"s":0.937419,"sphereCenter":[0.0496736,203.109,-15.1346],"sphereRadius":39.459,"stabilizedPalmPosition":[-2.17907,240.831,-1.45532],"t":[8.5252,-44.2001,-72.0487],"timeVisible":17.8873,"type":"right","wrist":[18.3659,249.341,47.2613]}],"id":1429530,"interactionBox":{"center":[0,200,0],"size":[235.247,235.247,147.751]},"pointables":[{"bases":[[[0.259686,0.922987,-0.284005],[-0.7117,0.381702,0.589734],[0.652722,0.0489806,0.756012]],[[0.109974,0.889687,-0.443128],[-0.770948,0.357746,0.526932],[0.627331,0.28368,0.725245]],[[0.109974,0.889687,-0.443128],[-0.975502,0.182075,0.123464],[0.190527,0.418694,0.887916]],[[0.109974,0.889687,-0.443128],[-0.989875,0.138289,0.0319866],[0.089738,0.435123,0.895888]]],"btipPosition":[-42.7116,201.079,-24.3829],"carpPosition":[-5.50834,237.079,57.1276],"dipPosition":[-40.7539,210.572,-4.83855],"direction":[-0.190527,-0.418694,-0.887916],"extended":false,"handId":426,"id":4260,"length":48.5803,"mcpPosition":[-5.50834,237.079,57.1276],"pipPosition":[-34.6985,223.879,23.3814],"stabilizedTipPosition":[-42.9083,198.068,-20.6887],"timeVisible":17.8873,"tipPosition":[-42.4123,203.654,-19.6761],"tipVelocity":[7.34598,17.7205,7.90697],"tool":false,"touchDistance":0.340005,"touchZone":"hovering","type":0,"width":18.876},{"bases":[[[0.904945,0.0822009,-0.417513],[-0.14688,0.981202,-0.125177],[0.399375,0.174603,0.900008]],[[0.902968,0.0813402,-0.42194],[-0.292456,0.835746,-0.464755],[0.314831,0.543058,0.77844]],[[0.902968,0.0813402,-0.42194],[-0.422554,-0.0103487,-0.906279],[-0.0780834,0.996633,0.0250261]],[[0.902968,0.0813402,-0.42194],[-0.273022,-0.649651,-0.709516],[-0.331826,0.755868,-0.564406]]],"btipPosition":[-35.3778,187.537,-38.7464],"carpPosition":[-2.42533,255.752,45.7237],"dipPosition":[-40.6626,199.575,-47.7353],"direction":[0.0780834,-0.996633,-0.0250261],"extended":false,"handId":426,"id":4261,"length":54.8174,"mcpPosition":[-29.8136,243.778,-15.9969],"pipPosition":[-42.4218,222.03,-47.1715],"stabilizedTipPosition":[-37.4446,186.89,-41.9882],"timeVisible":17.8873,"tipPosition":[-36.2254,189.713,-40.4202],"tipVelocity":[8.09794,16.1434,11.9209],"tool":false,"touchDistance":0.349362,"touchZone":"hovering","type":1,"width":18.0304},{"bases":[[[0.962274,-0.0634488,-0.264582],[0.0170298,0.984568,-0.17417],[0.27155,0.163094,0.948505]],[[0.963223,-0.0628746,-0.261243],[-0.253152,0.113601,-0.960733],[0.0900831,0.991535,0.0935061]],[[0.963223,-0.0628746,-0.261243],[-0.13579,-0.952857,-0.271339],[-0.231867,0.296834,-0.926352]],[[0.963223,-0.0628746,-0.261243],[0.0299926,-0.941005,0.337061],[-0.267024,-0.3325,-0.904512]]],"btipPosition":[-3.48658,200.946,14.8029],"carpPosition":[7.39738,258.146,40.2903],"dipPosition":[-8.16402,195.121,-1.04142],"direction":[0.231867,-0.296834,0.926352],"extended":false,"handId":426,"id":4262,"length":62.4601,"mcpPosition":[-10.2627,247.539,-21.395],"pipPosition":[-14.3101,202.99,-25.5962],"stabilizedTipPosition":[-4.03404,192.671,11.0246],"timeVisible":17.8873,"tipPosition":[-4.30215,200.072,11.8463],"tipVelocity":[5.48306,12.8273,9.56874],"tool":false,"touchDistance":0.333333,"touchZone":"none","type":2,"width":17.7082},{"bases":[[[0.987706,-0.112796,-0.108231],[0.0943841,0.982216,-0.162304],[0.124613,0.150093,0.980787]],[[0.984344,-0.116452,-0.132308],[-0.121017,0.0992291,-0.987678],[0.128145,0.988227,0.0835829]],[[0.984344,-0.116452,-0.132308],[-0.148516,-0.952236,-0.266812],[-0.0949182,0.282285,-0.954623]],[[0.984344,-0.116452,-0.132308],[-0.0639322,-0.935431,0.347681],[-0.164253,-0.333779,-0.928231]]],"btipPosition":[10.868,206.727,16.4717],"carpPosition":[18.1695,258.125,36.4038],"dipPosition":[8.00732,200.914,0.305333],"direction":[0.0949182,-0.282285,0.954623],"extended":false,"handId":426,"id":4263,"length":60.057,"mcpPosition":[10.8933,249.361,-20.8643],"pipPosition":[5.5563,208.203,-24.3454],"stabilizedTipPosition":[10.4895,198.784,12.6849],"timeVisible":17.8873,"tipPosition":[10.3325,205.936,13.4593],"tipVelocity":[5.06225,7.10819,2.79174],"tool":false,"touchDistance":0.333333,"touchZone":"none","type":3,"width":16.8505},{"bases":[[[0.966227,-0.255396,0.0343274],[0.257495,0.962091,-0.0898693],[-0.0100738,0.0956733,0.995362]],[[0.954903,-0.239132,0.175999],[0.194069,0.0540563,-0.979497],[0.224715,0.969481,0.0980265]],[[0.954903,-0.239132,0.175999],[-0.184559,-0.94237,-0.279064],[0.232589,0.233997,-0.944006]],[[0.954903,-0.239132,0.175999],[-0.284546,-0.906338,0.312385],[0.0848132,-0.348377,-0.93351]]],"btipPosition":[17.5251,216.366,10.7516],"carpPosition":[29.9904,252.16,35.573],"dipPosition":[18.8878,210.768,-4.24733],"direction":[-0.232589,-0.233997,0.944006],"extended":false,"handId":426,"id":4264,"length":47.0836,"mcpPosition":[30.5349,246.989,-18.2272],"pipPosition":[23.1283,215.034,-21.4582],"stabilizedTipPosition":[18.0459,208.14,5.96866],"timeVisible":17.8873,"tipPosition":[17.9085,215.475,7.75408],"tipVelocity":[6.23359,10.014,7.80463],"tool":false,"touchDistance":0.333333,"touchZone":"none","type":4,"width":14.9679}],"r":[[0.912439,-0.0856328,-0.400152],[-0.0350524,0.95791,-0.284921],[0.407709,0.273999,0.871033]],"s":0.937419,"t":[8.5252,-44.2001,-72.0487],"timestamp":89013300513},false],[3,{"currentFrameRate":54.1509,"devices":[],"gestures":[],"hands":[{"armBasis":[[0.993207,0.0787937,-0.0856285],[-0.0751119,0.996141,0.0454058],[0.0888758,-0.0386657,0.995292]],"armWidth":59.3966,"confidence":0.873953,"direction":[-0.257754,-0.0137034,-0.966113],"elbow":[40.8496,239.832,297.903],"grabStrength":1,"id":426,"palmNormal":[0.085009,-0.996343,-0.00854779],"palmPosition":[-0.989623,244.262,0.575853],"palmVelocity":[9.30731,12.0879,8.83192],"palmWidth":84.8164,"pinchStrength":0.919597,"r":[[0.912755,-0.0864362,-0.399258],[-0.0339027,0.957959,-0.284896],[0.407098,0.273577,0.871451]],"s":0.936268,"sphereCenter":[0.197196,203.261,-14.9705],"sphereRadius":39.4496,"stabilizedPalmPosition":[-2.13562,240.957,-1.38113],"t":[8.69693,-43.9788,-71.8874],"timeVisible":17.9057,"type":"right","wrist":[18.4812,249.563,47.4076]}],"id":1429531,"interactionBox":{"center":[0,200,0],"size":[235.247,235.247,147.751]},"pointables":[{"bases":[[[0.260962,0.922417,-0.284684],[-0.71201,0.383057,0.588481],[0.651875,0.0491264,0.756734]],[[0.111411,0.889102,-0.443942],[-0.771509,0.358958,0.525284],[0.626388,0.283983,0.725942]],[[0.111411,0.889102,-0.443942],[-0.975333,0.183487,0.12271],[0.19056,0.41932,0.887613]],[[0.111411,0.889102,-0.443942],[-0.98974,0.139485,0.0309699],[0.0894587,0.435937,0.89552]]],"btipPosition":[-42.5714,201.285,-24.2666],"carpPosition":[-5.4171,237.336,57.2587],"dipPosition":[-40.6198,210.795,-4.73025],"direction":[-0.19056,-0.41932,-0.887613],"extended":false,"handId":426,"id":4260,"length":48.5803,"mcpPosition":[-5.4171,237.336,57.2587],"pipPosition":[-34.5634,224.122,23.4801],"stabilizedTipPosition":[-42.8833,198.239,-20.6596],"timeVisible":17.9057,"tipPosition":[-42.267,203.858,-19.5618],"tipVelocity":[7.42287,14.624,7.07755],"tool":false,"touchDistance":0.341054,"touchZone":"hovering","type":0,"width":18.876},{"bases":[[[0.905523,0.0808335,-0.416527],[-0.145733,0.981216,-0.126401],[0.398485,0.17516,0.900293]],[[0.903452,0.0799276,-0.421172],[-0.290938,0.835885,-0.465459],[0.314848,0.543055,0.778436]],[[0.903452,0.0799276,-0.421172],[-0.421675,-0.0112984,-0.906676],[-0.077227,0.996737,0.0234959]],[[0.903452,0.0799276,-0.421172],[-0.272608,-0.651114,-0.708333],[-0.330846,0.75476,-0.566461]]],"btipPosition":[-35.2286,187.755,-38.5838],"carpPosition":[-2.30157,255.993,45.8385],"dipPosition":[-40.4978,199.776,-47.6055],"direction":[0.077227,-0.996737,-0.0234959],"extended":false,"handId":426,"id":4261,"length":54.8174,"mcpPosition":[-29.6289,243.981,-15.9017],"pipPosition":[-42.2377,222.233,-47.0761],"stabilizedTipPosition":[-37.4058,187.031,-41.9368],"timeVisible":17.9057,"tipPosition":[-36.0807,189.932,-40.2788],"tipVelocity":[8.17677,13.9508,10.2123],"tool":false,"touchDistance":0.350084,"touchZone":"hovering","type":1,"width":18.0304},{"bases":[[[0.962521,-0.0647106,-0.263372],[0.0182387,0.984363,-0.175203],[0.270591,0.163833,0.948651]],[[0.963485,-0.0641231,-0.259971],[-0.251768,0.113584,-0.961099],[0.0911573,0.991457,0.0932928]],[[0.963485,-0.0641231,-0.259971],[-0.136587,-0.952782,-0.271202],[-0.230305,0.296807,-0.92675]],[[0.963485,-0.0641231,-0.259971],[0.0284918,-0.940838,0.337656],[-0.266242,-0.332734,-0.904656]]],"btipPosition":[-3.39495,201.132,14.9399],"carpPosition":[7.53001,258.372,40.4142],"dipPosition":[-8.0587,195.303,-0.906928],"direction":[0.230305,-0.296807,0.92675],"extended":false,"handId":426,"id":4262,"length":62.4601,"mcpPosition":[-10.0677,247.717,-21.2806],"pipPosition":[-14.1634,203.171,-25.4723],"stabilizedTipPosition":[-4.03886,192.75,11.0276],"timeVisible":17.9057,"tipPosition":[-4.21057,200.252,11.9757],"tipVelocity":[5.31007,11.461,8.51042],"tool":false,"touchDistance":0.333333,"touchZone":"none","type":2,"width":17.7082},{"bases":[[[0.987718,-0.113916,-0.106938],[0.0955764,0.981946,-0.163242],[0.123603,0.151016,0.980773]],[[0.984338,-0.117637,-0.131301],[-0.119476,0.102513,-0.987531],[0.12963,0.987751,0.086853]],[[0.984338,-0.117637,-0.131301],[-0.149686,-0.951156,-0.269994],[-0.0931264,0.285419,-0.953868]],[[0.984338,-0.117637,-0.131301],[-0.0656846,-0.935902,0.346083],[-0.163597,-0.332038,-0.928971]]],"btipPosition":[10.9446,206.792,16.4664],"carpPosition":[18.3067,258.335,36.5405],"dipPosition":[8.09538,201.009,0.287136],"direction":[0.0931264,-0.285419,0.953868],"extended":false,"handId":426,"id":4263,"length":60.057,"mcpPosition":[11.0895,249.517,-20.7268],"pipPosition":[5.69063,208.379,-24.344],"stabilizedTipPosition":[10.4866,198.878,12.6858],"timeVisible":17.9057,"tipPosition":[10.4148,206.018,13.4716],"tipVelocity":[4.68713,5.55874,1.22733],"tool":false,"touchDistance":0.333333,"touchZone":"none","type":3,"width":16.8505},{"bases":[[[0.965925,-0.256341,0.035747],[0.258581,0.961732,-0.0905929],[-0.0111563,0.0967494,0.995246]],[[0.954238,-0.239726,0.178775],[0.197593,0.0567044,-0.978643],[0.224469,0.969183,0.101478]],[[0.954238,-0.239726,0.178775],[-0.183631,-0.941555,-0.282408],[0.236027,0.236655,-0.942489]],[[0.954238,-0.239726,0.178775],[-0.28589,-0.906669,0.310192],[0.0877285,-0.347107,-0.933713]]],"btipPosition":[17.6143,216.446,10.7769],"carpPosition":[30.1225,252.357,35.7301],"dipPosition":[19.0238,210.869,-4.22539],"direction":[-0.236027,-0.236655,0.942489],"extended":false,"handId":426,"id":4264,"length":47.0836,"mcpPosition":[30.7255,247.128,-18.0639],"pipPosition":[23.327,215.184,-21.4086],"stabilizedTipPosition":[18.0449,208.209,5.98201],"timeVisible":17.9057,"tipPosition":[18.0161,215.573,7.80905],"tipVelocity":[5.83361,7.39998,4.67397],"tool":false,"touchDistance":0.333333,"touchZone":"none","type":4,"width":14.9679}],"r":[[0.912755,-0.0864362,-0.399258],[-0.0339027,0.957959,-0.284896],[0.407098,0.273577,0.871451]],"s":0.936268,"t":[8.69693,-43.9788,-71.8874],"timestamp":89013319007},false],[4,{"currentFrameRate":54.125,"devices":[],"gestures":[],"hands":[{"armBasis":[[0.993255,0.0774234,-0.086313],[-0.0735866,0.996191,0.0467848],[0.0896065,-0.0401177,0.995169]],"armWidth":59.3966,"confidence":0.594988,"direction":[-0.256939,-0.0142309,-0.966323],"elbow":[41.133,239.629,297.976],"grabStrength":1,"id":426,"palmNormal":[0.0840561,-0.996431,-0.00767566],"palmPosition":[-0.854986,244.406,0.66664],"palmVelocity":[8.31161,9.97243,6.92269],"palmWidth":84.8164,"pinchStrength":0.920635,"r":[[0.913058,-0.0873191,-0.398372],[-0.0327494,0.957957,-0.285036],[0.406512,0.2733,0.871811]],"s":0.934899,"sphereCenter":[0.326696,203.362,-14.8602],"sphereRadius":39.4407,"stabilizedPalmPosition":[-2.09058,241.078,-1.3091],"t":[8.85012,-43.7965,-71.7614],"timeVisible":17.9243,"type":"right","wrist":[18.5808,249.726,47.5108]}],"id":1429532,"interactionBox":{"center":[0,200,0],"size":[235.247,235.247,147.751]},"pointables":[{"bases":[[[0.262095,0.921937,-0.2852],[-0.712145,0.384215,0.587562],[0.651273,0.0491062,0.757253]],[[0.112618,0.888627,-0.444589],[-0.771964,0.35996,0.523929],[0.625611,0.284203,0.726526]],[[0.112618,0.888627,-0.444589],[-0.975143,0.184769,0.122297],[0.190823,0.419765,0.887347]],[[0.112618,0.888627,-0.444589],[-0.989625,0.140483,0.0301123],[0.0892159,0.436585,0.895228]]],"btipPosition":[-42.459,201.439,-24.1864],"carpPosition":[-5.33774,237.529,57.3512],"dipPosition":[-40.5127,210.964,-4.65642],"direction":[-0.190823,-0.419765,-0.887347],"extended":false,"handId":426,"id":4260,"length":48.5803,"mcpPosition":[-5.33774,237.529,57.3512],"pipPosition":[-34.4479,224.305,23.5454],"stabilizedTipPosition":[-42.8586,198.392,-20.6323],"timeVisible":17.9243,"tipPosition":[-42.1525,204.014,-19.483],"tipVelocity":[6.72867,11.659,5.70342],"tool":false,"touchDistance":0.341463,"touchZone":"hovering","type":0,"width":18.876},{"bases":[[[0.905957,0.079627,-0.415814],[-0.144679,0.981254,-0.127313],[0.397882,0.175499,0.900494]],[[0.903818,0.0786878,-0.420621],[-0.289628,0.836074,-0.465936],[0.315007,0.542945,0.778448]],[[0.903818,0.0786878,-0.420621],[-0.421029,-0.0121451,-0.906966],[-0.0764757,0.996825,0.0221529]],[[0.903818,0.0786878,-0.420621],[-0.27231,-0.652476,-0.707193],[-0.330093,0.753713,-0.568292]]],"btipPosition":[-35.1154,187.932,-38.4584],"carpPosition":[-2.19445,256.174,45.9188],"dipPosition":[-40.3725,199.936,-47.5093],"direction":[0.0764757,-0.996825,-0.0221529],"extended":false,"handId":426,"id":4261,"length":54.8174,"mcpPosition":[-29.4804,244.139,-15.8353],"pipPosition":[-42.0956,222.395,-47.0101],"stabilizedTipPosition":[-37.3699,187.152,-41.8903],"timeVisible":17.9243,"tipPosition":[-35.9741,190.109,-40.1752],"tipVelocity":[7.24253,11.7048,8.3615],"tool":false,"touchDistance":0.333333,"touchZone":"none","type":1,"width":18.0304},{"bases":[[[0.962684,-0.0658489,-0.262494],[0.0193375,0.984204,-0.175977],[0.269936,0.164334,0.948751]],[[0.963661,-0.06525,-0.259037],[-0.250716,0.113738,-0.961356],[0.0921908,0.991366,0.0932458]],[[0.963661,-0.06525,-0.259037],[-0.137407,-0.952663,-0.271207],[-0.229078,0.296945,-0.92701]],[[0.963661,-0.06525,-0.259037],[0.0271662,-0.940743,0.338031],[-0.265743,-0.332785,-0.904784]]],"btipPosition":[-3.32593,201.268,15.0314],"carpPosition":[7.64407,258.539,40.501],"dipPosition":[-7.98095,195.438,-0.817685],"direction":[0.229078,-0.296945,0.92701],"extended":false,"handId":426,"id":4262,"length":62.4601,"mcpPosition":[-9.91099,247.851,-21.2004],"pipPosition":[-14.0531,203.309,-25.3899],"stabilizedTipPosition":[-4.04242,192.822,11.0312],"timeVisible":17.9243,"tipPosition":[-4.14255,200.382,12.0595],"tipVelocity":[4.59106,9.44893,6.76167],"tool":false,"touchDistance":0.333333,"touchZone":"none","type":2,"width":17.7082},{"bases":[[[0.987699,-0.114953,-0.105999],[0.0966626,0.981722,-0.163948],[0.122907,0.151685,0.980758]],[[0.984292,-0.118735,-0.130656],[-0.118027,0.107826,-0.987139],[0.131296,0.987054,0.0921187]],[[0.984292,-0.118735,-0.130656],[-0.151053,-0.949474,-0.275104],[-0.0913898,0.290519,-0.952495]],[[0.984292,-0.118735,-0.130656],[-0.0674605,-0.93685,0.343163],[-0.163151,-0.328959,-0.930144]]],"btipPosition":[10.9806,206.75,16.329],"carpPosition":[18.424,258.489,36.6365],"dipPosition":[8.13911,201.021,0.12934],"direction":[0.0913898,-0.290519,0.952495],"extended":false,"handId":426,"id":4263,"length":60.057,"mcpPosition":[11.2475,249.632,-20.6298],"pipPosition":[5.77921,208.523,-24.4664],"stabilizedTipPosition":[10.4849,198.951,12.6849],"timeVisible":17.9243,"tipPosition":[10.4601,206.01,13.369],"tipVelocity":[3.40177,2.10137,-3.07261],"tool":false,"touchDistance":0.333333,"touchZone":"none","type":3,"width":16.8505},{"bases":[[[0.965647,-0.257243,0.0367817],[0.259586,0.96141,-0.0911423],[-0.0119166,0.0975592,0.995158]],[[0.953688,-0.240355,0.180855],[0.200478,0.0596578,-0.97788],[0.224249,0.96885,0.105081]],[[0.953688,-0.240355,0.180855],[-0.182859,-0.940659,-0.285874],[0.238834,0.239563,-0.941046]],[[0.953688,-0.240355,0.180855],[-0.287007,-0.907081,0.307947],[0.0900329,-0.345592,-0.934056]]],"btipPosition":[17.6867,216.478,10.753],"carpPosition":[30.2348,252.499,35.8411],"dipPosition":[19.1333,210.925,-4.25473],"direction":[-0.238834,-0.239563,0.941046],"extended":false,"handId":426,"id":4264,"length":47.0836,"mcpPosition":[30.8789,247.226,-17.9482],"pipPosition":[23.4876,215.292,-21.4116],"stabilizedTipPosition":[18.0446,208.284,5.99612],"timeVisible":17.9243,"tipPosition":[18.101,215.622,7.81155],"tipVelocity":[5.11877,4.78269,1.75544],"tool":false,"touchDistance":0.333333,"touchZone":"none","type":4,"width":14.9679}],"r":[[0.913058,-0.0873191,-0.398372],[-0.0327494,0.957957,-0.285036],[0.406512,0.2733,0.871811]],"s":0.934899,"t":[8.85012,-43.7965,-71.7614],"timestamp":89013337574},false],[5,{"currentFrameRate":54.1785,"devices":[],"gestures":[],"hands":[{"armBasis":[[0.993106,0.076692,-0.0886516],[-0.0726714,0.996213,0.0477287],[0.0919763,-0.0409572,0.994919]],"armWidth":59.3966,"confidence":0.665902,"direction":[-0.256398,-0.0142757,-0.966466],"elbow":[41.8097,239.53,298.008],"grabStrength":1,"id":426,"palmNormal":[0.0834402,-0.996485,-0.00741711],"palmPosition":[-0.751393,244.521,0.752512],"palmVelocity":[7.04705,8.21291,5.85869],"palmWidth":84.8164,"pinchStrength":0.921888,"r":[[0.913334,-0.0881561,-0.397555],[-0.0316749,0.957947,-0.28519],[0.405978,0.273066,0.872133]],"s":0.93334,"sphereCenter":[0.432199,203.443,-14.7778],"sphereRadius":39.4298,"stabilizedPalmPosition":[-2.04685,241.19,-1.24178],"t":[8.97851,-43.6478,-71.6554],"timeVisible":17.9426,"type":"right","wrist":[18.661,249.838,47.6066]}],"id":1429533,"interactionBox":{"center":[0,200,0],"size":[235.247,235.247,147.751]},"pointables":[{"bases":[[[0.262831,0.921713,-0.285245],[-0.71224,0.384783,0.587075],[0.650872,0.0488613,0.757613]],[[0.113414,0.888459,-0.444722],[-0.772413,0.360379,0.522977],[0.624912,0.284196,0.727129]],[[0.113414,0.888459,-0.444722],[-0.974951,0.185719,0.122392],[0.191334,0.419701,0.887267]],[[0.113414,0.888459,-0.444722],[-0.989571,0.141019,0.0293617],[0.0888008,0.436754,0.895187]]],"btipPosition":[-42.3666,201.568,-24.1263],"carpPosition":[-5.27069,237.659,57.4359],"dipPosition":[-40.4293,211.096,-4.59722],"direction":[-0.191334,-0.419701,-0.887267],"extended":false,"handId":426,"id":4260,"length":48.5803,"mcpPosition":[-5.27069,237.659,57.4359],"pipPosition":[-34.3483,224.435,23.6021],"stabilizedTipPosition":[-42.835,198.527,-20.6071],"timeVisible":17.9426,"tipPosition":[-42.0599,204.14,-19.4219],"tipVelocity":[5.874,9.4664,4.54235],"tool":false,"touchDistance":0.341549,"touchZone":"hovering","type":0,"width":18.876},{"bases":[[[0.906243,0.0789751,-0.415315],[-0.143995,0.981317,-0.127602],[0.397478,0.175442,0.900684]],[[0.904033,0.0780047,-0.420284],[-0.288739,0.836437,-0.465836],[0.315204,0.542484,0.77869]],[[0.904033,0.0780047,-0.420284],[-0.420624,-0.0128223,-0.907144],[-0.0761505,0.996871,0.0212189]],[[0.904033,0.0780047,-0.420284],[-0.271873,-0.653794,-0.706143],[-0.329862,0.752641,-0.569845]]],"btipPosition":[-35.0214,188.096,-38.3527],"carpPosition":[-2.10928,256.299,46.0014],"dipPosition":[-40.2749,200.083,-47.4283],"direction":[0.0761505,-0.996871,-0.0212189],"extended":false,"handId":426,"id":4261,"length":54.8174,"mcpPosition":[-29.3675,244.268,-15.7657],"pipPosition":[-41.9906,222.543,-46.9502],"stabilizedTipPosition":[-37.337,187.259,-41.8486],"timeVisible":17.9426,"tipPosition":[-35.8903,190.273,-40.0943],"tipVelocity":[6.25887,10.2927,6.97997],"tool":false,"touchDistance":0.333333,"touchZone":"none","type":1,"width":18.0304},{"bases":[[[0.962792,-0.0665036,-0.261932],[0.0200503,0.984155,-0.176174],[0.269498,0.164367,0.94887]],[[0.963781,-0.0658958,-0.258424],[-0.249991,0.114304,-0.961478],[0.0928962,0.991258,0.0936904]],[[0.963781,-0.0658958,-0.258424],[-0.137965,-0.95245,-0.27167],[-0.228234,0.297484,-0.927045]],[[0.963781,-0.0658958,-0.258424],[0.0262724,-0.940821,0.337883],[-0.265396,-0.332435,-0.905015]]],"btipPosition":[-3.26789,201.368,15.0964],"carpPosition":[7.73379,258.657,40.5887],"dipPosition":[-7.91683,195.545,-0.756729],"direction":[0.228234,-0.297484,0.927045],"extended":false,"handId":426,"id":4262,"length":62.4601,"mcpPosition":[-9.7928,247.967,-21.1204],"pipPosition":[-13.9666,203.43,-25.3299],"stabilizedTipPosition":[-4.04506,192.886,11.035],"timeVisible":17.9426,"tipPosition":[-4.08603,200.479,12.1167],"tipVelocity":[3.95053,7.59531,5.20327],"tool":false,"touchDistance":0.333333,"touchZone":"none","type":2,"width":17.7082},{"bases":[[[0.987688,-0.11559,-0.105412],[0.097367,0.981627,-0.1641],[0.122443,0.151816,0.980795]],[[0.984243,-0.119425,-0.130399],[-0.117022,0.112913,-0.98669],[0.13256,0.986402,0.0971585]],[[0.984243,-0.119425,-0.130399],[-0.152106,-0.947883,-0.279969],[-0.0901674,0.295391,-0.951112]],[[0.984243,-0.119425,-0.130399],[-0.0687254,-0.937843,0.340186],[-0.162921,-0.325864,-0.931273]]],"btipPosition":[11.0114,206.701,16.1947],"carpPosition":[18.5159,258.599,36.7304],"dipPosition":[8.1739,201.025,-0.024612],"direction":[0.0901674,-0.295391,0.951112],"extended":false,"handId":426,"id":4263,"length":60.057,"mcpPosition":[11.3664,249.735,-20.5382],"pipPosition":[5.84556,208.653,-24.5846],"stabilizedTipPosition":[10.4841,198.99,12.6835],"timeVisible":17.9426,"tipPosition":[10.4962,205.985,13.2576],"tipVelocity":[2.60383,0.12148,-5.23944],"tool":false,"touchDistance":0.333333,"touchZone":"none","type":3,"width":16.8505},{"bases":[[[0.965465,-0.257836,0.0373858],[0.260236,0.961229,-0.0911978],[-0.0124223,0.0977774,0.995131]],[[0.953213,-0.240715,0.182871],[0.203841,0.0650922,-0.976838],[0.223236,0.968411,0.111114]],[[0.953213,-0.240715,0.182871],[-0.18118,-0.939156,-0.291822],[0.241991,0.245035,-0.938828]],[[0.953213,-0.240715,0.182871],[-0.287654,-0.908263,0.303831],[0.0929583,-0.342219,-0.935011]]],"btipPosition":[17.7314,216.429,10.6324],"carpPosition":[30.3234,252.602,35.9429],"dipPosition":[19.225,210.931,-4.39069],"direction":[-0.241991,-0.245035,0.938828],"extended":false,"handId":426,"id":4264,"length":47.0836,"mcpPosition":[30.9948,247.317,-17.8448],"pipPosition":[23.6369,215.398,-21.5072],"stabilizedTipPosition":[18.0449,208.35,6.00759],"timeVisible":17.9426,"tipPosition":[18.1626,215.611,7.73286],"tipVelocity":[4.12459,1.55814,-2.3387],"tool":false,"touchDistance":0.333333,"touchZone":"none","type":4,"width":14.9679}],"r":[[0.913334,-0.0881561,-0.397555],[-0.0316749,0.957947,-0.28519],[0.405978,0.273066,0.872133]],"s":0.93334,"t":[8.97851,-43.6478,-71.6554],"timestamp":89013355843},false],[6,{"currentFrameRate":54.0429,"devices":[],"gestures":[],"hands":[{"armBasis":[[0.99318,0.0762774,-0.0881809],[-0.0723018,0.996254,0.0474366],[0.0914689,-0.0407374,0.994974]],"armWidth":59.3966,"confidence":0.726463,"direction":[-0.256075,-0.0139073,-0.966557],"elbow":[41.7843,239.682,298.13],"grabStrength":1,"id":426,"palmNormal":[0.08292,-0.996527,-0.0076299],"palmPosition":[-0.635899,244.638,0.851726],"palmVelocity":[6.57354,7.22868,5.54783],"palmWidth":84.8164,"pinchStrength":0.923509,"r":[[0.913571,-0.0889024,-0.396843],[-0.0306953,0.957956,-0.285269],[0.405519,0.272795,0.872432]],"s":0.931736,"sphereCenter":[0.565031,203.538,-14.7028],"sphereRadius":39.4233,"stabilizedPalmPosition":[-2.00273,241.298,-1.17632],"t":[9.10045,-43.5145,-71.5528],"timeVisible":17.9616,"type":"right","wrist":[18.7633,249.935,47.7137]}],"id":1429534,"interactionBox":{"center":[0,200,0],"size":[235.247,235.247,147.751]},"pointables":[{"bases":[[[0.263412,0.921644,-0.284932],[-0.712238,0.385014,0.586925],[0.650639,0.0483366,0.757847]],[[0.113906,0.888461,-0.444592],[-0.773148,0.360305,0.521941],[0.623913,0.284283,0.727953]],[[0.113906,0.888461,-0.444592],[-0.97464,0.186694,0.123379],[0.19262,0.419263,0.887195]],[[0.113906,0.888461,-0.444592],[-0.989545,0.14131,0.0288657],[0.0884712,0.436656,0.895268]]],"btipPosition":[-42.2612,201.686,-24.0681],"carpPosition":[-5.17813,237.765,57.5319],"dipPosition":[-40.3312,211.212,-4.53727],"direction":[-0.19262,-0.419263,-0.887195],"extended":false,"handId":426,"id":4260,"length":48.5803,"mcpPosition":[-5.17813,237.765,57.5319],"pipPosition":[-34.2092,224.537,23.6598],"stabilizedTipPosition":[-42.8108,198.655,-20.5826],"timeVisible":17.9616,"tipPosition":[-41.9532,204.26,-19.3615],"tipVelocity":[5.67209,7.87037,3.82633],"tool":false,"touchDistance":0.341606,"touchZone":"hovering","type":0,"width":18.876},{"bases":[[[0.906426,0.0786002,-0.414987],[-0.143437,0.981423,-0.127414],[0.397263,0.175016,0.900862]],[[0.904155,0.0776051,-0.420096],[-0.287992,0.837045,-0.465206],[0.315536,0.541603,0.779168]],[[0.904155,0.0776051,-0.420096],[-0.420408,-0.0130629,-0.907241],[-0.0758942,0.996899,0.0208149]],[[0.904155,0.0776051,-0.420096],[-0.271515,-0.654813,-0.705336],[-0.329822,0.751796,-0.570982]]],"btipPosition":[-34.9201,188.281,-38.2552],"carpPosition":[-2.00305,256.407,46.103],"dipPosition":[-40.173,200.254,-47.3489],"direction":[0.0758942,-0.996899,-0.0208149],"extended":false,"handId":426,"id":4261,"length":54.8174,"mcpPosition":[-29.2465,244.405,-15.6763],"pipPosition":[-41.8829,222.715,-46.8799],"stabilizedTipPosition":[-37.304,187.362,-41.8075],"timeVisible":17.9616,"tipPosition":[-35.7992,190.458,-40.0187],"tipVelocity":[5.80828,9.94424,5.96418],"tool":false,"touchDistance":0.333333,"touchZone":"none","type":1,"width":18.0304},{"bases":[[[0.962847,-0.0669453,-0.26162],[0.0206266,0.984187,-0.175929],[0.26926,0.163996,0.949002]],[[0.963848,-0.0663308,-0.258065],[-0.249503,0.115241,-0.961492],[0.0935163,0.99112,0.0945255]],[[0.963848,-0.0663308,-0.258065],[-0.138484,-0.952139,-0.272496],[-0.227638,0.298382,-0.926903]],[[0.963848,-0.0663308,-0.258065],[0.0255552,-0.941042,0.337324],[-0.265224,-0.331724,-0.905326]]],"btipPosition":[-3.18979,201.466,15.1575],"carpPosition":[7.84311,258.761,40.6942],"dipPosition":[-7.83571,195.655,-0.701053],"direction":[0.227638,-0.298382,0.926903],"extended":false,"handId":426,"id":4262,"length":62.4601,"mcpPosition":[-9.66804,248.095,-21.0234],"pipPosition":[-13.8697,203.564,-25.2705],"stabilizedTipPosition":[-4.04694,192.95,11.0392],"timeVisible":17.9616,"tipPosition":[-4.01008,200.574,12.1697],"tipVelocity":[4.04926,6.46958,4.19529],"tool":false,"touchDistance":0.333333,"touchZone":"none","type":2,"width":17.7082},{"bases":[[[0.987663,-0.116083,-0.105103],[0.0979378,0.981615,-0.163829],[0.122188,0.151514,0.980874]],[[0.984184,-0.119951,-0.130362],[-0.116376,0.117044,-0.986285],[0.133564,0.985856,0.101233]],[[0.984184,-0.119951,-0.130362],[-0.152974,-0.946567,-0.283919],[-0.0893402,0.299371,-0.949945]],[[0.984184,-0.119951,-0.130362],[-0.0696916,-0.938708,0.337596],[-0.162867,-0.323171,-0.93222]]],"btipPosition":[11.0727,206.69,16.116],"carpPosition":[18.6265,258.698,36.8396],"dipPosition":[8.23619,201.062,-0.119827],"direction":[0.0893402,-0.299371,0.949945],"extended":false,"handId":426,"id":4263,"length":60.057,"mcpPosition":[11.4919,249.852,-20.4336],"pipPosition":[5.92921,208.792,-24.6497],"stabilizedTipPosition":[10.4839,199.015,12.6823],"timeVisible":17.9616,"tipPosition":[10.5593,205.988,13.186],"tipVelocity":[2.91871,0.0760641,-4.80039],"tool":false,"touchDistance":0.333333,"touchZone":"none","type":3,"width":16.8505},{"bases":[[[0.965317,-0.258351,0.0376526],[0.260771,0.961114,-0.0908763],[-0.0127104,0.0975431,0.99515]],[[0.952809,-0.241073,0.184494],[0.206959,0.071229,-0.975753],[0.222087,0.96789,0.11776]],[[0.952809,-0.241073,0.184494],[-0.179439,-0.937467,-0.298258],[0.244859,0.251078,-0.936485]],[[0.952809,-0.241073,0.184494],[-0.288109,-0.909597,0.299377],[0.0956436,-0.338403,-0.936128]]],"btipPosition":[17.7972,216.381,10.4993],"carpPosition":[30.4311,252.695,36.0547],"dipPosition":[19.3339,210.944,-4.54173],"direction":[-0.244859,-0.251078,0.936485],"extended":false,"handId":426,"id":4264,"length":47.0836,"mcpPosition":[31.1181,247.423,-17.7341],"pipPosition":[23.7981,215.521,-21.6155],"stabilizedTipPosition":[18.0456,208.397,6.01472],"timeVisible":17.9616,"tipPosition":[18.