{"sensorType":"Leap","data":[[0,{"currentFrameRate":54.2293,"devices":[],"gestures":[],"hands":[{"armBasis":[[0.993921,0.0285899,-0.10632],[-0.0305842,0.999385,-0.0171746],[0.105763,0.0203219,0.994184]],"armWidth":59.3966,"confidence":0.528778,"direction":[-0.0549555,-0.135663,-0.98923],"elbow":[0.814162,272.682,315.746],"grabStrength":0,"id":426,"palmNormal":[0.0372646,-0.990315,0.133742],"palmPosition":[-35.5105,256.541,16.6965],"palmVelocity":[-56.1836,310.189,-135.219],"palmWidth":84.8164,"pinchStrength":0.745992,"r":[[0.892235,-0.397506,-0.214256],[0.230583,0.808998,-0.540698],[0.388263,0.433026,0.813474]],"s":1.03445,"sphereCenter":[-8.98221,204.726,8.16319],"sphereRadius":53.2557,"stabilizedPalmPosition":[-35.0706,253.819,17.8865],"t":[-24.657,-37.2136,-53.1125],"timeVisible":29.7105,"type":"right","wrist":[-25.8044,267.567,65.5293]}],"id":1430162,"interactionBox":{"center":[0,200,0],"size":[235.247,235.247,147.751]},"pointables":[{"bases":[[[0.357455,0.871169,-0.336587],[-0.798236,0.472075,0.374118],[0.484814,0.134946,0.864144]],[[0.168755,0.7715,-0.613441],[-0.915293,0.353591,0.192904],[0.365732,0.528924,0.765819]],[[0.168755,0.7715,-0.613441],[-0.984928,0.155939,-0.0748321],[0.0379264,0.616823,0.786188]],[[0.168755,0.7715,-0.613441],[-0.972923,0.03066,-0.229088],[-0.157933,0.63549,0.755784]]],"btipPosition":[-66.5469,199.167,-5.49716],"carpPosition":[-51.7691,257.246,71.6117],"dipPosition":[-69.9923,213.031,10.9908],"direction":[-0.0379264,-0.616823,-0.786188],"extended":false,"handId":426,"id":4260,"length":48.5803,"mcpPosition":[-51.7691,257.246,71.6117],"pipPosition":[-68.7869,232.635,35.9776],"stabilizedTipPosition":[-64.1324,188.731,9.55783],"timeVisible":29.7105,"tipPosition":[-67.2435,202.839,-2.01667],"tipVelocity":[-65.1437,337.412,-280.165],"tool":false,"touchDistance":-0.0633471,"touchZone":"hovering","type":0,"width":18.876},{"bases":[[[0.974401,0.00631631,-0.224728],[-0.0697404,0.958785,-0.27544],[0.213726,0.284062,0.934682]],[[0.996489,0.0541379,-0.0638576],[-0.0813444,0.806475,-0.585646],[0.0197939,0.588784,0.808048]],[[0.996489,0.0541379,-0.0638576],[-0.0826473,0.514557,-0.853464],[-0.0133463,0.855745,0.517225]],[[0.996489,0.0541379,-0.0638576],[-0.0756312,0.255084,-0.963956],[-0.0358975,0.965402,0.258283]]],"btipPosition":[-60.0721,196.45,-53.3658],"carpPosition":[-45.495,274.165,58.8598],"dipPosition":[-60.6438,211.825,-49.2523],"direction":[0.0133463,-0.855745,-0.517225],"extended":true,"handId":426,"id":4261,"length":54.8174,"mcpPosition":[-60.1518,254.685,-5.23872],"pipPosition":[-60.9445,231.105,-37.5989],"stabilizedTipPosition":[-60.1083,186.65,-43.7338],"timeVisible":29.7105,"tipPosition":[-60.3922,200.208,-52.444],"tipVelocity":[-25.0876,486.356,-318.047],"tool":false,"touchDistance":-0.0703795,"touchZone":"hovering","type":1,"width":18.0304},{"bases":[[[0.991834,-0.118907,-0.0461122],[0.100707,0.952054,-0.28888],[0.0782511,0.281878,0.956254]],[[0.993377,-0.112364,-0.024011],[-0.0120982,0.105524,-0.994343],[0.114262,0.988048,0.103466]],[[0.993377,-0.112364,-0.024011],[-0.0753391,-0.479186,-0.874474],[0.0867534,0.870491,-0.484478]],[[0.993377,-0.112364,-0.024011],[-0.0977086,-0.716137,-0.691086],[0.0604578,0.688855,-0.722373]]],"btipPosition":[-48.2407,177.737,14.0157],"carpPosition":[-34.6593,275.602,55.3579],"dipPosition":[-47.1816,189.803,1.36193],"direction":[-0.0867534,-0.870491,0.484478],"extended":false,"handId":426,"id":4262,"length":62.4601,"mcpPosition":[-39.7483,257.27,-6.83141],"pipPosition":[-44.8821,212.877,-11.4801],"stabilizedTipPosition":[-45.4026,165.669,30.2322],"timeVisible":29.7105,"tipPosition":[-47.8779,181.061,12.8653],"tipVelocity":[19.421,290.912,-368.424],"tool":false,"touchDistance":0.333333,"touchZone":"none","type":2,"width":17.7082},{"bases":[[[0.982106,-0.147559,0.11702],[0.173755,0.949626,-0.260806],[-0.072641,0.276472,0.958273]],[[0.983759,-0.155265,0.0900649],[0.0871572,-0.0254479,-0.995869],[0.156915,0.987545,-0.0115022]],[[0.983759,-0.155265,0.0900649],[-0.0193614,-0.590627,-0.806713],[0.178449,0.791867,-0.58404]],[[0.983759,-0.155265,0.0900649],[-0.0681303,-0.787208,-0.612912],[0.166063,0.596821,-0.785001]]],"btipPosition":[-33.1262,186.716,27.1374],"carpPosition":[-23.3323,274.831,53.8587],"dipPosition":[-30.234,197.11,13.4656],"direction":[-0.178449,-0.791867,0.58404],"extended":false,"handId":426,"id":4263,"length":60.057,"mcpPosition":[-19.0908,258.687,-2.09476],"pipPosition":[-25.626,217.558,-1.61572],"stabilizedTipPosition":[-29.6674,176.675,32.0557],"timeVisible":29.7105,"tipPosition":[-32.3777,188.933,22.46],"tipVelocity":[7.88967,363.582,-140.434],"tool":false,"touchDistance":0.333333,"touchZone":"none","type":3,"width":16.8505},{"bases":[[[0.924798,-0.269433,0.268617],[0.317288,0.935785,-0.153738],[-0.209945,0.227405,0.950899]],[[0.934239,-0.280598,0.220141],[0.226449,-0.0101665,-0.97397],[0.275532,0.959772,0.0540433]],[[0.934239,-0.280598,0.220141],[0.025571,-0.562963,-0.826087],[0.355729,0.777392,-0.518767]],[[0.934239,-0.280598,0.220141],[-0.072176,-0.75323,-0.653786],[0.349267,0.594903,-0.723949]]],"btipPosition":[-21.7311,200.896,24.2005],"carpPosition":[-11.9,268.554,56.2889],"dipPosition":[-16.1193,210.455,12.5686],"direction":[-0.355729,-0.777392,0.518767],"extended":false,"handId":426,"id":4264,"length":47.0836,"mcpPosition":[-0.552208,256.262,4.89188],"pipPosition":[-9.63376,224.628,3.11061],"stabilizedTipPosition":[-20.1684,193.286,36.6407],"timeVisible":29.7105,"tipPosition":[-20.5999,203.75,22.76],"tipVelocity":[16.6834,243.752,-395.206],"tool":false,"touchDistance":0.333333,"touchZone":"none","type":4,"width":14.9679}],"r":[[0.892235,-0.397506,-0.214256],[0.230583,0.808998,-0.540698],[0.388263,0.433026,0.813474]],"s":1.03445,"t":[-24.657,-37.2136,-53.1125],"timestamp":89025123714},false],[1,{"currentFrameRate":54.1458,"devices":[],"gestures":[],"hands":[{"armBasis":[[0.987479,0.0393017,-0.152778],[-0.0370296,0.999158,0.01769],[0.153344,-0.0118112,0.988102]],"armWidth":59.3966,"confidence":0.556288,"direction":[-0.0542527,-0.0634589,-0.996509],"elbow":[12.6385,267.337,312.335],"grabStrength":0,"id":426,"palmNormal":[0.0414465,-0.997262,0.0612504],"palmPosition":[-35.6082,262.83,14.1381],"palmVelocity":[-31.3129,322.381,-135.771],"palmWidth":84.8164,"pinchStrength":0.719333,"r":[[0.894367,-0.380426,-0.235337],[0.220353,0.832497,-0.508325],[0.389297,0.402772,0.828386]],"s":1.0478,"sphereCenter":[-8.99668,211.909,1.77455],"sphereRadius":53.3532,"stabilizedPalmPosition":[-35.4978,260.979,14.9079],"t":[-25.2035,-31.2017,-55.6382],"timeVisible":29.7292,"type":"right","wrist":[-25.9552,270.31,63.6487]}],"id":1430163,"interactionBox":{"center":[0,200,0],"size":[235.247,235.247,147.751]},"pointables":[{"bases":[[[0.353801,0.894877,-0.272065],[-0.800279,0.44019,0.407169],[0.484127,0.0736708,0.871891]],[[0.165275,0.814662,-0.555886],[-0.913369,0.339073,0.225357],[0.372076,0.470484,0.800128]],[[0.165275,0.814662,-0.555886],[-0.985133,0.163159,-0.0537846],[0.0468818,0.556511,0.829516]],[[0.165275,0.814662,-0.555886],[-0.973899,0.0458971,-0.222295],[-0.155581,0.578117,0.800984]]],"btipPosition":[-67.2856,207.272,-12.1167],"carpPosition":[-51.8767,259.463,68.9517],"dipPosition":[-70.6797,219.884,5.35726],"direction":[-0.0468818,-0.556511,-0.829516],"extended":false,"handId":426,"id":4260,"length":48.5803,"mcpPosition":[-51.8767,259.463,68.9517],"pipPosition":[-69.1897,237.572,31.7211],"stabilizedTipPosition":[-66.3367,200.746,-0.335241],"timeVisible":29.7292,"tipPosition":[-67.6807,210.549,-8.35446],"tipVelocity":[-52.2625,376.064,-309.706],"tool":false,"touchDistance":-0.183464,"touchZone":"hovering","type":0,"width":18.876},{"bases":[[[0.974394,0.0267848,-0.223245],[-0.0737701,0.976002,-0.204884],[0.2124,0.216106,0.952987]],[[0.99634,0.0632329,-0.0575188],[-0.083974,0.849798,-0.520377],[0.0159744,0.523302,0.851997]],[[0.99634,0.0632329,-0.0575188],[-0.0836789,0.584103,-0.807355],[-0.0174545,0.809213,0.587256]],[[0.99634,0.0632329,-0.0575188],[-0.0755979,0.33776,-0.938191],[-0.039897,0.939106,0.341304]]],"btipPosition":[-59.8497,208.327,-60.6719],"carpPosition":[-45.6727,277.293,57.4691],"dipPosition":[-60.4851,223.284,-55.2362],"direction":[0.0174545,-0.809213,-0.587256],"extended":true,"handId":426,"id":4261,"length":54.8174,"mcpPosition":[-60.2387,262.473,-7.88478],"pipPosition":[-60.8784,241.516,-42.0051],"stabilizedTipPosition":[-60.0273,204.754,-55.0415],"timeVisible":29.7292,"tipPosition":[-60.1807,211.822,-59.2439],"tipVelocity":[-7.44518,555.416,-344.949],"tool":false,"touchDistance":-0.219361,"touchZone":"hovering","type":1,"width":18.0304},{"bases":[[[0.992335,-0.111044,-0.0542195],[0.096706,0.970987,-0.218704],[0.0769323,0.211784,0.974284]],[[0.994002,-0.105491,-0.0288276],[-0.0116036,0.160378,-0.986987],[0.108742,0.981402,0.158192]],[[0.994002,-0.105491,-0.0288276],[-0.0717927,-0.43062,-0.899673],[0.0824939,0.896347,-0.435611]],[[0.994002,-0.105491,-0.0288276],[-0.0929058,-0.67553,-0.731456],[0.0576883,0.729747,-0.681279]]],"btipPosition":[-47.929,184.617,7.09718],"carpPosition":[-34.8428,279.027,54.0859],"dipPosition":[-46.9185,197.4,-4.83676],"direction":[-0.0824939,-0.896347,0.435611],"extended":false,"handId":426,"id":4262,"length":62.4601,"mcpPosition":[-39.846,265.254,-9.27593],"pipPosition":[-44.7318,221.159,-16.3835],"stabilizedTipPosition":[-45.8686,170.115,24.9751],"timeVisible":29.7292,"tipPosition":[-47.6304,187.863,5.38874],"tipVelocity":[17.76,332.17,-364.27],"tool":false,"touchDistance":0.333333,"touchZone":"none","type":2,"width":17.7082},{"bases":[[[0.982708,-0.151547,0.106387],[0.16976,0.966829,-0.190849],[-0.0739358,0.205609,0.975837]],[[0.984152,-0.156251,0.0838464],[0.0838292,-0.00671172,-0.996458],[0.15626,0.987695,0.00649301]],[[0.984152,-0.156251,0.0838464],[-0.0218286,-0.575992,-0.817164],[0.175977,0.802384,-0.570274]],[[0.984152,-0.156251,0.0838464],[-0.0684611,-0.770976,-0.633173],[0.163577,0.617399,-0.769455]]],"btipPosition":[-33.0963,193.801,23.4169],"carpPosition":[-23.5125,278.414,52.5394],"dipPosition":[-30.2474,204.554,10.0158],"direction":[-0.175977,-0.802384,0.570274],"extended":false,"handId":426,"id":4263,"length":60.057,"mcpPosition":[-19.1953,266.409,-4.4396],"pipPosition":[-25.7033,225.273,-4.71002],"stabilizedTipPosition":[-31.2015,187.515,25.5729],"timeVisible":29.7292,"tipPosition":[-32.3288,195.965,18.2391],"tipVelocity":[4.55788,372.579,-167.043],"tool":false,"touchDistance":0.333333,"touchZone":"none","type":3,"width":16.8505},{"bases":[[[0.925898,-0.284383,0.248677],[0.313337,0.945829,-0.0850111],[-0.21103,0.156631,0.964849]],[[0.935455,-0.292001,0.199146],[0.226252,0.0618401,-0.972104],[0.27154,0.954417,0.123914]],[[0.935455,-0.292001,0.199146],[0.0277007,-0.501141,-0.864922],[0.352358,0.814612,-0.460706]],[[0.935455,-0.292001,0.199146],[-0.0692125,-0.703872,-0.706947],[0.346603,0.647534,-0.678651]]],"btipPosition":[-21.5906,206.846,17.5792],"carpPosition":[-12.0539,272.026,54.5109],"dipPosition":[-16.0216,217.25,6.67513],"direction":[-0.352358,-0.814612,0.460706],"extended":false,"handId":426,"id":4264,"length":47.0836,"mcpPosition":[-0.647547,263.56,2.35989],"pipPosition":[-9.59752,232.102,-1.72434],"stabilizedTipPosition":[-20.1958,196.377,32.4613],"timeVisible":29.7292,"tipPosition":[-20.4615,209.761,16.2574],"tipVelocity":[11.9412,284.591,-370.208],"tool":false,"touchDistance":0.333333,"touchZone":"none","type":4,"width":14.9679}],"r":[[0.894367,-0.380426,-0.235337],[0.220353,0.832497,-0.508325],[0.389297,0.402772,0.828386]],"s":1.0478,"t":[-25.2035,-31.2017,-55.6382],"timestamp":89025142477},false],[2,{"currentFrameRate":54.0899,"devices":[],"gestures":[],"hands":[{"armBasis":[[0.983794,0.0628605,-0.167921],[-0.0538047,0.996869,0.0579489],[0.171038,-0.0479749,0.984096]],"armWidth":59.3966,"confidence":0.60414,"direction":[-0.0495144,0.00769194,-0.998744],"elbow":[16.508,262.053,312.095],"grabStrength":0,"id":426,"palmNormal":[0.0562224,-0.998363,-0.0104763],"palmPosition":[-35.8905,270.092,14.4505],"palmVelocity":[-23.4299,354.617,-61.5907],"palmWidth":84.8164,"pinchStrength":0.674854,"r":[[0.897156,-0.359867,-0.25614],[0.210092,0.857731,-0.469211],[0.388553,0.367142,0.845123]],"s":1.06263,"sphereCenter":[-8.55695,220.749,-1.55175],"sphereRadius":53.3952,"stabilizedPalmPosition":[-35.8506,269.165,14.497],"t":[-25.6178,-24.5648,-56.7449],"timeVisible":29.7479,"type":"right","wrist":[-26.5389,274.128,64.4174]}],"id":1430164,"interactionBox":{"center":[0,200,0],"size":[235.247,235.247,147.751]},"pointables":[{"bases":[[[0.341318,0.917268,-0.205235],[-0.808352,0.397872,0.433895],[0.479655,0.0178059,0.877276]],[[0.153792,0.854167,-0.496735],[-0.916667,0.311008,0.250992],[0.368877,0.41674,0.830817]],[[0.153792,0.854167,-0.496735],[-0.987004,0.156499,-0.0364724],[0.0465852,0.495889,0.867135]],[[0.153792,0.854167,-0.496735],[-0.974718,0.0486801,-0.21807],[-0.162088,0.517714,0.840059]]],"btipPosition":[-67.4228,216.1,-15.7447],"carpPosition":[-52.3141,262.546,68.7998],"dipPosition":[-70.9588,227.395,2.58179],"direction":[-0.0465852,-0.495889,-0.867135],"extended":false,"handId":426,"id":4260,"length":48.5803,"mcpPosition":[-52.3141,262.546,68.7998],"pipPosition":[-69.4782,243.155,30.1413],"stabilizedTipPosition":[-67.5258,211.985,-7.34342],"timeVisible":29.7479,"tipPosition":[-67.6313,219.047,-11.7698],"tipVelocity":[-31.2596,415.071,-248.393],"tool":false,"touchDistance":-0.250648,"touchZone":"hovering","type":0,"width":18.876},{"bases":[[[0.97472,0.0571575,-0.215996],[-0.0876778,0.987031,-0.13447],[0.205509,0.150009,0.96709]],[[0.995561,0.0821883,-0.0458554],[-0.0940305,0.889264,-0.447625],[0.00398795,0.44995,0.893045]],[[0.995561,0.0821883,-0.0458554],[-0.0886292,0.654809,-0.75058],[-0.0316624,0.751312,0.659187]],[[0.995561,0.0821883,-0.0458554],[-0.0766817,0.425868,-0.90153],[-0.0545669,0.901045,0.43028]]],"btipPosition":[-59.0064,221.662,-65.1293],"carpPosition":[-46.3358,281.246,58.6605],"dipPosition":[-59.8755,236.012,-58.2765],"direction":[0.0316624,-0.751312,-0.659187],"extended":true,"handId":426,"id":4261,"length":54.8174,"mcpPosition":[-60.4291,270.959,-7.66059],"pipPosition":[-60.5889,252.939,-43.4247],"stabilizedTipPosition":[-59.4128,219.88,-61.4127],"timeVisible":29.7479,"tipPosition":[-59.3671,224.712,-63.0933],"tipVelocity":[16.7328,628.756,-284.705],"tool":false,"touchDistance":-0.28773,"touchZone":"hovering","type":1,"width":18.0304},{"bases":[[[0.994093,-0.0922091,-0.0572432],[0.0829056,0.985538,-0.147786],[0.0700426,0.142167,0.987361]],[[0.995682,-0.0881323,-0.0291649],[-0.0127029,0.181864,-0.983242],[0.0919594,0.979366,0.179959]],[[0.995682,-0.0881323,-0.0291649],[-0.0631401,-0.412618,-0.908713],[0.068053,0.906631,-0.416401]],[[0.995682,-0.0881323,-0.0291649],[-0.0800307,-0.655712,-0.750758],[0.0470423,0.74985,-0.659933]]],"btipPosition":[-46.8352,192.963,5.7632],"carpPosition":[-35.5204,283.379,55.4635],"dipPosition":[-46.0112,206.098,-5.79683],"direction":[-0.068053,-0.906631,0.416401],"extended":false,"handId":426,"id":4262,"length":62.4601,"mcpPosition":[-40.0756,274.133,-8.74879],"pipPosition":[-44.2073,230.13,-16.8344],"stabilizedTipPosition":[-46.1236,178.602,17.8],"timeVisible":29.7479,"tipPosition":[-46.6533,196.113,2.65156],"tipVelocity":[36.48,389.981,-219.555],"tool":false,"touchDistance":0.333333,"touchZone":"none","type":2,"width":17.7082},{"bases":[[[0.984468,-0.144313,0.0999838],[0.155908,0.980462,-0.119948],[-0.0807203,0.133673,0.987733]],[[0.986028,-0.147268,0.0778576],[0.0879295,0.0631567,-0.994123],[0.141485,0.987078,0.0752234]],[[0.986028,-0.147268,0.0778576],[-0.00993486,-0.518538,-0.854997],[0.166286,0.842277,-0.512756]],[[0.986028,-0.147268,0.0778576],[-0.0543145,-0.726062,-0.685481],[0.157479,0.671674,-0.723916]]],"btipPosition":[-32.3923,200.684,18.9742],"carpPosition":[-24.1763,283.046,53.9321],"dipPosition":[-29.6496,212.382,6.36622],"direction":[-0.166286,-0.842277,0.512756],"extended":false,"handId":426,"id":4263,"length":60.057,"mcpPosition":[-19.4631,275.241,-3.74147],"pipPosition":[-25.3557,234.131,-6.87439],"stabilizedTipPosition":[-31.5599,197.666,19.4932],"timeVisible":29.7479,"tipPosition":[-31.6494,203.222,14.1972],"tipVelocity":[20.0349,376.18,-196.701],"tool":false,"touchDistance":0.333333,"touchZone":"none","type":3,"width":16.8505},{"bases":[[[0.929125,-0.287875,0.232066],[0.299382,0.954012,-0.0151982],[-0.217019,0.0835976,0.972581]],[[0.938992,-0.291768,0.182115],[0.228791,0.134523,-0.964136],[0.256805,0.946982,0.19307]],[[0.938992,-0.291768,0.182115],[0.038283,-0.437544,-0.898381],[0.341802,0.850545,-0.399681]],[[0.938992,-0.291768,0.182115],[-0.0561298,-0.652395,-0.755798],[0.339328,0.699466,-0.62897]]],"btipPosition":[-21.0485,214.225,13.9546],"carpPosition":[-12.6305,276.702,55.4944],"dipPosition":[-15.5964,225.464,3.84871],"direction":[-0.341802,-0.850545,0.399681],"extended":false,"handId":426,"id":4264,"length":47.0836,"mcpPosition":[-0.900407,272.183,2.92544],"pipPosition":[-9.36472,240.971,-3.43817],"stabilizedTipPosition":[-20.0945,201.534,27.2034],"timeVisible":29.7479,"tipPosition":[-19.9529,217.23,12.807],"tipVelocity":[19.5472,343.262,-279.702],"tool":false,"touchDistance":0.333333,"touchZone":"none","type":4,"width":14.9679}],"r":[[0.897156,-0.359867,-0.25614],[0.210092,0.857731,-0.469211],[0.388553,0.367142,0.845123]],"s":1.06263,"t":[-25.6178,-24.5648,-56.7449],"timestamp":89025161162},false],[3,{"currentFrameRate":54.2471,"devices":[],"gestures":[{"center":[-15.5357,196.684,-60.7263],"duration":0,"handIds":[426],"id":13,"normal":[-0.251974,-0.603764,-0.756293],"pointableIds":[4261],"progress":0.753373,"radius":60.8302,"state":"start","type":"circle"}],"hands":[{"armBasis":[[0.987803,0.0779871,-0.134774],[-0.0706007,0.995773,0.0587493],[0.138786,-0.0485176,0.989133]],"armWidth":59.3966,"confidence":0.640448,"direction":[-0.0560751,0.0997383,-0.993432],"elbow":[8.94024,263.857,312.369],"grabStrength":0,"id":426,"palmNormal":[0.068151,-0.992295,-0.103471],"palmPosition":[-35.6155,276.57,13.3481],"palmVelocity":[-5.13095,358.259,-61.6192],"palmWidth":84.8164,"pinchStrength":0.632632,"r":[[0.899685,-0.335361,-0.279463],[0.199127,0.884969,-0.420925],[0.388478,0.323052,0.862973]],"s":1.07889,"sphereCenter":[-7.71641,229.375,-7.46787],"sphereRadius":53.6103,"stabilizedPalmPosition":[-35.6317,276.06,13.4273],"t":[-25.6875,-18.0071,-57.8493],"timeVisible":29.7658,"type":"right","wrist":[-25.9895,276.068,63.4233]}],"id":1430165,"interactionBox":{"center":[0,200,0],"size":[235.247,235.247,147.751]},"pointables":[{"bases":[[[0.328929,0.936576,-0.120959],[-0.810248,0.345687,0.473286],[0.485082,-0.0576706,0.872565]],[[0.138684,0.897685,-0.418245],[-0.917189,0.275718,0.287651],[0.373538,0.343717,0.861585]],[[0.138684,0.897685,-0.418245],[-0.9888,0.149032,-0.00800338],[0.0551472,0.414671,0.908299]],[[0.138684,0.897685,-0.418245],[-0.979217,0.0611875,-0.193367],[-0.147991,0.436369,0.887514]]],"btipPosition":[-67.4998,225.115,-21.4712],"carpPosition":[-51.5947,263.807,66.8485],"dipPosition":[-70.7283,234.634,-2.10946],"direction":[-0.0551472,-0.414671,-0.908299],"extended":false,"handId":426,"id":4260,"length":48.5803,"mcpPosition":[-51.5947,263.807,66.8485],"pipPosition":[-68.9756,247.814,26.7583],"stabilizedTipPosition":[-67.9672,221.421,-13.3028],"timeVisible":29.7658,"tipPosition":[-67.4589,227.669,-17.2273],"tipVelocity":[-16.687,446.314,-276.007],"tool":false,"touchDistance":-0.336242,"touchZone":"hovering","type":0,"width":18.876},{"bases":[[[0.972542,0.0892083,-0.214952],[-0.100407,0.994071,-0.0417314],[0.209954,0.0621681,0.975733]],[[0.994255,0.0986853,-0.0414459],[-0.106947,0.931689,-0.347157],[0.00435538,0.349595,0.936891]],[[0.994255,0.0986853,-0.0414459],[-0.101071,0.738154,-0.667018],[-0.0352315,0.667376,0.743888]],[[0.994255,0.0986853,-0.0414459],[-0.0879991,0.533227,-0.841383],[-0.060932,0.840196,0.538848]]],"btipPosition":[-58.7158,236.759,-71.3176],"carpPosition":[-45.9074,283.441,58.4582],"dipPosition":[-59.6862,250.141,-62.7357],"direction":[0.0352315,-0.667376,-0.743888],"extended":true,"handId":426,"id":4261,"length":54.8174,"mcpPosition":[-60.3056,279.177,-8.45551],"pipPosition":[-60.48,265.177,-45.9756],"stabilizedTipPosition":[-59.0512,235.111,-67.4654],"timeVisible":29.7658,"tipPosition":[-59.0466,239.194,-68.6411],"tipVelocity":[15.8921,724.557,-303.166],"tool":false,"touchDistance":-0.374149,"touchZone":"hovering","type":1,"width":18.0304},{"bases":[[[0.994738,-0.0739935,-0.0708655],[0.0700926,0.995965,-0.0560386],[0.074726,0.0507765,0.995911]],[[0.996476,-0.0725018,-0.0421811],[-0.0243769,0.230861,-0.972681],[0.0802592,0.970282,0.22828]],[[0.996476,-0.0725018,-0.0421811],[-0.0659218,-0.365965,-0.928291],[0.051866,0.9278,-0.369455]],[[0.996476,-0.0725018,-0.0421811],[-0.0778145,-0.611289,-0.787572],[0.0313156,0.788079,-0.614777]]],"btipPosition":[-45.5285,200.702,0.952796],"carpPosition":[-35.1394,285.997,55.4156],"dipPosition":[-44.98,214.507,-9.81623],"direction":[-0.051866,-0.9278,0.369455],"extended":false,"handId":426,"id":4262,"length":62.4601,"mcpPosition":[-39.9991,282.695,-9.35274],"pipPosition":[-43.6052,239.1,-19.6094],"stabilizedTipPosition":[-45.8317,188.831,9.97925],"timeVisible":29.7658,"tipPosition":[-45.4519,204.01,-2.82499],"tipVelocity":[52.0667,414.246,-238.089],"tool":false,"touchDistance":0.333333,"touchZone":"none","type":2,"width":17.7082},{"bases":[[[0.986759,-0.140583,0.0808908],[0.143329,0.989245,-0.0291824],[-0.0759182,0.04039,0.996296]],[[0.988209,-0.14145,0.0586065],[0.0807574,0.156331,-0.984398],[0.130081,0.977524,0.165911]],[[0.988209,-0.14145,0.0586065],[-0.00920343,-0.436957,-0.899436],[0.152834,0.888291,-0.433106]],[[0.988209,-0.14145,0.0586065],[-0.0499923,-0.659881,-0.749705],[0.144719,0.737936,-0.659172]]],"btipPosition":[-31.2541,207.09,11.3801],"carpPosition":[-23.8023,285.951,53.7994],"dipPosition":[-28.7337,219.943,-0.100208],"direction":[-0.152834,-0.888291,0.433106],"extended":false,"handId":426,"id":4263,"length":60.057,"mcpPosition":[-19.3695,283.592,-4.3742],"pipPosition":[-24.7871,242.88,-11.2841],"stabilizedTipPosition":[-31.0421,204.905,13.2052],"timeVisible":29.7658,"tipPosition":[-30.5734,210.071,6.87257],"tipVelocity":[39.2546,374.759,-297.376],"tool":false,"touchDistance":0.333333,"touchZone":"none","type":3,"width":16.8505},{"bases":[[[0.934003,-0.29647,0.19936],[0.287788,0.954992,0.0718902],[-0.2117,-0.00977236,0.977286]],[[0.943558,-0.29559,0.149415],[0.220822,0.22521,-0.948956],[0.246852,0.92839,0.277772]],[[0.943558,-0.29559,0.149415],[0.0375333,-0.352789,-0.93495],[0.329073,0.887788,-0.321782]],[[0.943558,-0.29559,0.149415],[-0.0533302,-0.580828,-0.812278],[0.326885,0.758463,-0.563809]]],"btipPosition":[-20.1165,221.19,7.65082],"carpPosition":[-12.1711,279.634,54.7039],"dipPosition":[-14.8644,233.377,-1.40806],"direction":[-0.329073,-0.887788,0.321782],"extended":false,"handId":426,"id":4264,"length":47.0836,"mcpPosition":[-0.728525,280.162,1.88066],"pipPosition":[-8.86478,249.562,-7.27471],"stabilizedTipPosition":[-19.7358,208.327,20.6597],"timeVisible":29.7658,"tipPosition":[-19.055,224.287,6.71131],"tipVelocity":[33.6937,370.832,-307.704],"tool":false,"touchDistance":0.333333,"touchZone":"none","type":4,"width":14.9679}],"r":[[0.899685,-0.335361,-0.279463],[0.199127,0.884969,-0.420925],[0.388478,0.323052,0.862973]],"s":1.07889,"t":[-25.6875,-18.0071,-57.8493],"timestamp":89025179042},false],[4,{"currentFrameRate":54.2137,"devices":[],"gestures":[{"center":[-16.6518,197.123,-59.7573],"duration":18563,"handIds":[426],"id":13,"normal":[-0.272944,-0.589986,-0.75988],"pointableIds":[4261],"progress":0.780418,"radius":60.7324,"state":"update","type":"circle"}],"hands":[{"armBasis":[[0.988769,0.0978483,-0.112971],[-0.0912261,0.993874,0.0623825],[0.118383,-0.0513759,0.991638]],"armWidth":59.3966,"confidence":0.668103,"direction":[-0.0615252,0.199902,-0.977882],"elbow":[4.5649,264.967,312.625],"grabStrength":0,"id":426,"palmNormal":[0.0832695,-0.975295,-0.204612],"palmPosition":[-35.0588,283.364,13.3106],"palmVelocity":[11.8757,361.997,-32.7596],"palmWidth":84.8164,"pinchStrength":0.610051,"r":[[0.902242,-0.305821,-0.304029],[0.187218,0.912907,-0.362698],[0.388471,0.270322,0.880918]],"s":1.09553,"sphereCenter":[-6.43299,239.068,-12.4701],"sphereRadius":53.8864,"stabilizedPalmPosition":[-35.0819,283.069,13.3154],"t":[-25.444,-11.3313,-58.4203],"timeVisible":29.7843,"type":"right","wrist":[-25.2298,277.897,63.0493]}],"id":1430166,"interactionBox":{"center":[0,200,0],"size":[235.247,235.247,147.751]},"pointables":[{"bases":[[[0.313751,0.949169,-0.0252534],[-0.813697,0.282487,0.508034],[0.489344,-0.138847,0.860967]],[[0.122144,0.937556,-0.325684],[-0.919334,0.230538,0.318868],[0.374039,0.260464,0.890086]],[[0.122144,0.937556,-0.325684],[-0.990885,0.133977,0.0140632],[0.0568193,0.320997,0.945374]],[[0.122144,0.937556,-0.325684],[-0.982697,0.0682051,-0.172207],[-0.13924,0.341082,0.929664]]],"btipPosition":[-66.7988,235.18,-26.4828],"carpPosition":[-50.6263,264.943,65.2609],"dipPosition":[-69.8364,242.621,-6.20156],"direction":[-0.0568193,-0.320997,-0.945374],"extended":false,"handId":426,"id":4260,"length":48.5803,"mcpPosition":[-50.6263,264.943,65.2609],"pipPosition":[-68.0306,252.823,23.8445],"stabilizedTipPosition":[-67.6614,231.492,-18.8463],"timeVisible":29.7843,"tipPosition":[-66.6344,237.266,-21.9823],"tipVelocity":[10.8252,480.287,-267.571],"tool":false,"touchDistance":-0.402953,"touchZone":"hovering","type":0,"width":18.876},{"bases":[[[0.970176,0.126246,-0.206932],[-0.116118,0.991395,0.0604285],[0.21278,-0.0345976,0.976487]],[[0.992455,0.118223,-0.0324905],[-0.122531,0.96566,-0.229101],[0.00428986,0.231353,0.97286]],[[0.992455,0.118223,-0.0324905],[-0.115998,0.819572,-0.561111],[-0.0397078,0.560647,0.827102]],[[0.992455,0.118223,-0.0324905],[-0.101614,0.644837,-0.757535],[-0.0686068,0.755121,0.651985]]],"btipPosition":[-58.0565,253.869,-76.0343],"carpPosition":[-45.28,285.42,58.9105],"dipPosition":[-59.1492,265.896,-65.6506],"direction":[0.0397078,-0.560647,-0.827102],"extended":true,"handId":426,"id":4261,"length":54.8174,"mcpPosition":[-59.872,287.792,-8.05502],"pipPosition":[-60.0438,278.527,-47.0156],"stabilizedTipPosition":[-58.4431,252.718,-72.5211],"timeVisible":29.7843,"tipPosition":[-58.3236,255.531,-72.7878],"tipVelocity":[24.6619,811.902,-268.592],"tool":false,"touchDistance":-0.429602,"touchZone":"hovering","type":1,"width":18.0304},{"bases":[[[0.995488,-0.05046,-0.080352],[0.054273,0.997466,0.0459981],[0.0778273,-0.0501515,0.995705]],[[0.997319,-0.0518852,-0.051605],[-0.0330092,0.310409,-0.95003],[0.0653112,0.949186,0.307864]],[[0.997319,-0.0518852,-0.051605],[-0.0644241,-0.288051,-0.955445],[0.0347086,0.956208,-0.290621]],[[0.997319,-0.0518852,-0.051605],[-0.0715175,-0.541653,-0.837555],[0.0155047,0.839,-0.543911]]],"btipPosition":[-43.7528,209.017,-5.23553],"carpPosition":[-34.5653,288.445,56.1206],"dipPosition":[-43.4812,223.714,-14.7632],"direction":[-0.0347086,-0.956208,0.290621],"extended":false,"handId":426,"id":4262,"length":62.4601,"mcpPosition":[-39.6268,291.707,-8.63435],"pipPosition":[-42.5612,249.06,-22.4667],"stabilizedTipPosition":[-44.843,199.711,1.94298],"timeVisible":29.7843,"tipPosition":[-43.7579,212.633,-8.9117],"tipVelocity":[71.5143,435.915,-276.779],"tool":false,"touchDistance":0.333333,"touchZone":"none","type":2,"width":17.7082},{"bases":[[[0.989148,-0.132339,0.0638126],[0.127711,0.989205,0.0718572],[-0.0726333,-0.0629279,0.995372]],[[0.990515,-0.130911,0.0417293],[0.0747192,0.25833,-0.963163],[0.115309,0.957146,0.265662]],[[0.990515,-0.130911,0.0417293],[-0.0056055,-0.341952,-0.939701],[0.137287,0.930554,-0.339443]],[[0.990515,-0.130911,0.0417293],[-0.0423654,-0.579891,-0.813592],[0.130707,0.804107,-0.579937]]],"btipPosition":[-29.6182,214.523,4.16372],"carpPosition":[-23.2353,288.746,54.4821],"dipPosition":[-27.3418,228.528,-5.93663],"direction":[-0.137287,-0.930554,0.339443],"extended":false,"handId":426,"id":4263,"length":60.057,"mcpPosition":[-18.9943,292.42,-3.63755],"pipPosition":[-23.7967,252.557,-14.7019],"stabilizedTipPosition":[-29.9611,212.032,6.89699],"timeVisible":29.7843,"tipPosition":[-29.0049,217.955,0.0808189],"tipVelocity":[61.4566,394.094,-333.344],"tool":false,"touchDistance":0.333333,"touchZone":"none","type":3,"width":16.8505},{"bases":[[[0.939304,-0.300347,0.165831],[0.273083,0.947108,0.168562],[-0.207687,-0.113046,0.971641]],[[0.948521,-0.294313,0.116996],[0.213243,0.320337,-0.92299],[0.23417,0.900424,0.366607]],[[0.948521,-0.294313,0.116996],[0.0386952,-0.258948,-0.965116],[0.314342,0.91996,-0.234229]],[[0.948521,-0.294313,0.116996],[-0.0479768,-0.498665,-0.865466],[0.31306,0.8153,-0.487114]]],"btipPosition":[-18.7568,229.116,2.20424],"carpPosition":[-11.5032,282.556,54.7088],"dipPosition":[-13.7268,242.216,-5.62236],"direction":[-0.314342,-0.91996,0.234229],"extended":false,"handId":426,"id":4264,"length":47.0836,"mcpPosition":[-0.277562,288.667,2.19063],"pipPosition":[-7.99581,258.989,-9.89276],"stabilizedTipPosition":[-18.939,217.207,13.1031],"timeVisible":29.7843,"tipPosition":[-17.7214,232.294,1.39324],"tipVelocity":[51.514,403.508,-293.389],"tool":false,"touchDistance":0.333333,"touchZone":"none","type":4,"width":14.9679}],"r":[[0.902242,-0.305821,-0.304029],[0.187218,0.912907,-0.362698],[0.388471,0.270322,0.880918]],"s":1.09553,"t":[-25.444,-11.3313,-58.4203],"timestamp":89025197605},false],[5,{"currentFrameRate":54.1771,"devices":[],"gestures":[{"center":[-18.3183,200.353,-59.8762],"duration":37150,"handIds":[426],"id":13,"normal":[-0.293423,-0.56609,-0.770354],"pointableIds":[4261],"progress":0.798931,"radius":62.8398,"state":"update","type":"circle"}],"hands":[{"armBasis":[[0.989228,0.113095,-0.092938],[-0.106694,0.991741,0.0711801],[0.10022,-0.0604974,0.993124]],"armWidth":59.3966,"confidence":0.690496,"direction":[-0.0676657,0.290117,-0.954596],"elbow":[1.21067,263.854,312.032],"grabStrength":0,"id":426,"palmNormal":[0.0937829,-0.950703,-0.295582],"palmPosition":[-34.0991,289.077,13.1047],"palmVelocity":[31.1437,335.505,-22.252],"palmWidth":84.8164,"pinchStrength":0.605691,"r":[[0.904391,-0.272811,-0.328102],[0.175233,0.938545,-0.297365],[0.389063,0.21144,0.896618]],"s":1.11233,"sphereCenter":[-5.08676,247.821,-17.0302],"sphereRadius":54.1762,"stabilizedPalmPosition":[-34.1242,288.923,13.1101],"t":[-24.8424,-5.13725,-58.8088],"timeVisible":29.8029,"type":"right","wrist":[-24.0129,279.08,62.0819]}],"id":1430167,"interactionBox":{"center":[0,200,0],"size":[235.247,235.247,147.751]},"pointables":[{"bases":[[[0.302612,0.951019,0.0631659],[-0.814928,0.2238,0.534609],[0.494286,-0.213255,0.842736]],[[0.108724,0.965092,-0.238278],[-0.919719,0.188618,0.344297],[0.377222,0.181715,0.908121]],[[0.108724,0.965092,-0.238278],[-0.992273,0.119777,0.032369],[0.0597794,0.232917,0.970657]],[[0.108724,0.965092,-0.238278],[-0.985624,0.073474,-0.152139],[-0.129321,0.251394,0.959207]]],"btipPosition":[-65.8795,244.331,-30.8933],"carpPosition":[-49.2484,265.673,63.1376],"dipPosition":[-68.7008,249.815,-9.96756],"direction":[-0.0597794,-0.232917,-0.970657],"extended":false,"handId":426,"id":4260,"length":48.5803,"mcpPosition":[-49.2484,265.673,63.1376],"pipPosition":[-66.8008,257.218,20.8821],"stabilizedTipPosition":[-66.8944,241.037,-23.7434],"timeVisible":29.8029,"tipPosition":[-65.6088,245.999,-26.2167],"tipVelocity":[30.8473,474.378,-249.029],"tool":false,"touchDistance":-0.454925,"touchZone":"hovering","type":0,"width":18.876},{"bases":[[[0.967828,0.156682,-0.196873],[-0.12738,0.979882,0.153641],[0.216986,-0.123621,0.968316]],[[0.990864,0.132636,-0.0244182],[-0.134559,0.984465,-0.112795],[0.00907822,0.11505,0.993318]],[[0.990864,0.132636,-0.0244182],[-0.129623,0.886615,-0.443972],[-0.0372372,0.443081,0.895708]],[[0.990864,0.132636,-0.0244182],[-0.116148,0.747227,-0.654341],[-0.0685433,0.651199,0.755805]]],"btipPosition":[-57.4784,270.234,-79.6784],"carpPosition":[-44.165,286.718,58.7244],"dipPosition":[-58.57,280.606,-67.6412],"direction":[0.0372372,-0.443081,-0.895708],"extended":true,"handId":426,"id":4261,"length":54.8174,"mcpPosition":[-59.0455,295.196,-7.68067],"pipPosition":[-59.409,290.589,-47.4605],"stabilizedTipPosition":[-57.829,269.844,-76.2977],"timeVisible":29.8029,"tipPosition":[-57.6205,271.024,-75.9687],"tipVelocity":[27.7898,835.202,-223.52],"tool":false,"touchDistance":-0.463933,"touchZone":"hovering","type":1,"width":18.0304},{"bases":[[[0.995685,-0.0308173,-0.0875286],[0.0428716,0.989312,0.139367],[0.0822982,-0.142519,0.986365]],[[0.997654,-0.0349386,-0.0588792],[-0.0402062,0.397101,-0.916894],[0.0554159,0.91711,0.394764]],[[0.997654,-0.0349386,-0.0588792],[-0.0646477,-0.197584,-0.978152],[0.0225417,0.979663,-0.199379]],[[0.997654,-0.0349386,-0.0588792],[-0.0683599,-0.460693,-0.884923],[0.00379273,0.886872,-0.462]]],"btipPosition":[-42.0032,216.68,-12.3054],"carpPosition":[-33.4972,290.12,56.2011],"dipPosition":[-41.9368,232.215,-20.3982],"direction":[-0.0225417,-0.979663,0.199379],"extended":false,"handId":426,"id":4262,"length":62.4601,"mcpPosition":[-38.8494,299.389,-7.94639],"pipPosition":[-41.3393,258.183,-25.6832],"stabilizedTipPosition":[-43.4908,209.44,-5.68687],"timeVisible":29.8029,"tipPosition":[-42.0597,220.613,-15.5498],"tipVelocity":[81.245,429.477,-318.379],"tool":false,"touchDistance":0.333333,"touchZone":"none","type":2,"width":17.7082},{"bases":[[[0.99086,-0.125945,0.0483217],[0.116501,0.979535,0.16413],[-0.0680041,-0.157,0.985254]],[[0.992119,-0.122451,0.02658],[0.0680983,0.348851,-0.934701],[0.105183,0.929144,0.35444]],[[0.992119,-0.122451,0.02658],[-0.005156,-0.251842,-0.967755],[0.125197,0.95999,-0.250488]],[[0.992119,-0.122451,0.02658],[-0.0386819,-0.50107,-0.864542],[0.119183,0.8567,-0.501857]]],"btipPosition":[-27.8965,221.468,-2.51558],"carpPosition":[-22.178,290.708,54.5664],"dipPosition":[-25.8208,236.389,-11.2561],"direction":[-0.125197,-0.95999,0.250488],"extended":false,"handId":426,"id":4263,"length":60.057,"mcpPosition":[-18.2072,299.875,-2.96254],"pipPosition":[-22.5879,261.178,-17.7243],"stabilizedTipPosition":[-28.6443,218.698,0.979582],"timeVisible":29.8029,"tipPosition":[-27.3405,225.267,-6.20367],"tipVelocity":[75.3609,389.685,-337.794],"tool":false,"touchDistance":0.333333,"touchZone":"none","type":3,"width":16.8505},{"bases":[[[0.943368,-0.303374,0.134242],[0.262729,0.930277,0.256043],[-0.202559,-0.206274,0.957299]],[[0.952119,-0.29296,0.087428],[0.20562,0.401985,-0.89226],[0.226252,0.867515,0.442976]],[[0.952119,-0.29296,0.087428],[0.0370769,-0.173211,-0.984187],[0.303471,0.940304,-0.154055]],[[0.952119,-0.29296,0.087428],[-0.0462531,-0.420704,-0.906018],[0.302209,0.858593,-0.414111]]],"btipPosition":[-17.2713,236.282,-2.70355],"carpPosition":[-10.3741,284.665,54.1776],"dipPosition":[-12.4157,250.078,-9.35719],"direction":[-0.303471,-0.940304,0.154055],"extended":false,"handId":426,"id":4264,"length":47.0836,"mcpPosition":[0.574443,295.814,2.43466],"pipPosition":[-6.88285,267.221,-12.1659],"stabilizedTipPosition":[-17.7833,226.441,5.9075],"timeVisible":29.8029,"tipPosition":[-16.2423,239.537,-3.46208],"tipVelocity":[64.2366,398.969,-272.132],"tool":false,"touchDistance":0.333333,"touchZone":"none","type":4,"width":14.9679}],"r":[[0.904391,-0.272811,-0.328102],[0.175233,0.938545,-0.297365],[0.389063,0.21144,0.896618]],"s":1.11233,"t":[-24.8424,-5.13725,-58.8088],"timestamp":89025216192},false],[6,{"currentFrameRate":54.1083,"devices":[],"gestures":[{"center":[-20.8167,204.194,-59.8051],"duration":55874,"handIds":[426],"id":13,"normal":[-0.315323,-0.540722,-0.779866],"pointableIds":[4261],"progress":0.812765,"radius":65.3199,"state":"update","type":"circle"}],"hands":[{"armBasis":[[0.982218,0.139804,-0.125314],[-0.126455,0.985985,0.108826],[0.138772,-0.0910446,0.98613]],"armWidth":59.3966,"confidence":0.697708,"direction":[-0.0764136,0.371007,-0.925481],"elbow":[12.1597,258.418,309.191],"grabStrength":0,"id":426,"palmNormal":[0.109682,-0.919434,-0.377639],"palmPosition":[-33.2131,295.379,13.1057],"palmVelocity":[39.0262,336.03,-11.3841],"palmWidth":84.8164,"pinchStrength":0.606824,"r":[[0.906437,-0.235861,-0.350345],[0.162051,0.960269,-0.227207],[0.390014,0.149175,0.908645]],"s":1.12863,"sphereCenter":[-3.68787,257.59,-20.7575],"sphereRadius":54.3685,"stabilizedPalmPosition":[-33.2269,295.28,13.1058],"t":[-24.0986,1.11088,-59.0025],"timeVisible":29.8217,"type":"right","wrist":[-22.7666,281.332,61.0015]}],"id":1430168,"interactionBox":{"center":[0,200,0],"size":[235.247,235.247,147.751]},"pointables":[{"bases":[[[0.285773,0.947221,0.145282],[-0.816801,0.161476,0.553861],[0.501169,-0.276945,0.819836]],[[0.0893456,0.983854,-0.155077],[-0.921417,0.140764,0.362182],[0.378164,0.110531,0.919116]],[[0.0893456,0.983854,-0.155077],[-0.994234,0.0973688,0.0449211],[0.0592955,0.150169,0.986881]],[[0.0893456,0.983854,-0.155077],[-0.988021,0.0678798,-0.138587],[-0.125822,0.165602,0.978133]]],"btipPosition":[-64.4898,253.9,-34.5336],"carpPosition":[-47.754,267.429,60.9375],"dipPosition":[-67.2347,257.513,-13.195],"direction":[-0.0592955,-0.150169,-0.986881],"extended":false,"handId":426,"id":4260,"length":48.5803,"mcpPosition":[-47.754,267.429,60.9375],"pipPosition":[-65.3502,262.285,18.1703],"stabilizedTipPosition":[-65.6221,250.863,-27.9642],"timeVisible":29.8217,"tipPosition":[-64.2286,255.196,-29.7303],"tipVelocity":[52.4342,481.057,-219.953],"tool":false,"touchDistance":-0.490946,"touchZone":"hovering","type":0,"width":18.876},{"bases":[[[0.964126,0.190807,-0.184535],[-0.144326,0.960269,0.23886],[0.222779,-0.203658,0.953359]],[[0.988214,0.152319,-0.0152481],[-0.15237,0.988321,-0.00223386],[0.0147297,0.00453088,0.999881]],[[0.988214,0.152319,-0.0152481],[-0.148938,0.933678,-0.325672],[-0.0353691,0.324104,0.94536]],[[0.988214,0.152319,-0.0152481],[-0.136083,0.828501,-0.543201],[-0.0701066,0.538874,0.839464]]],"btipPosition":[-57.0188,286.768,-81.7239],"carpPosition":[-43.0646,288.867,58.3671],"dipPosition":[-58.1354,295.35,-68.3543],"direction":[0.0353691,-0.324104,-0.94536],"extended":true,"handId":426,"id":4261,"length":54.8174,"mcpPosition":[-58.3424,302.834,-7.01226],"pipPosition":[-58.9323,302.652,-47.0549],"stabilizedTipPosition":[-57.3295,286.902,-78.42],"timeVisible":29.8217,"tipPosition":[-57.048,286.761,-77.7744],"tipVelocity":[26.0592,847.788,-159.873],"tool":false,"touchDistance":-0.471958,"touchZone":"hovering","type":1,"width":18.0304},{"bases":[[[0.995743,-0.00497896,-0.0920339],[0.0256752,0.973998,0.225096],[0.0885201,-0.226501,0.96998]],[[0.997897,-0.0115637,-0.0637871],[-0.0506657,0.474713,-0.878681],[0.0404414,0.880065,0.473129]],[[0.997897,-0.0115637,-0.0637871],[-0.0646845,-0.112452,-0.991549],[0.00429295,0.99359,-0.112964]],[[0.997897,-0.0115637,-0.0637871],[-0.0633525,-0.382607,-0.921737],[-0.0137467,0.923839,-0.382534]]],"btipPosition":[-39.9158,225.339,-18.5171],"carpPosition":[-32.4689,292.67,56.1274],"dipPosition":[-40.1566,241.521,-25.2179],"direction":[-0.00429295,-0.99359,0.112964],"extended":false,"handId":426,"id":4262,"length":62.4601,"mcpPosition":[-38.2258,307.4,-6.95459],"pipPosition":[-40.0428,267.859,-28.2123],"stabilizedTipPosition":[-41.7484,219.153,-12.8016],"timeVisible":29.8217,"tipPosition":[-40.0533,229.535,-21.3855],"tipVelocity":[94.1379,449.417,-316.564],"tool":false,"touchDistance":0.333333,"touchZone":"none","type":2,"width":17.7082},{"bases":[[[0.993129,-0.111666,0.0350048],[0.0995597,0.963437,0.248751],[-0.061502,-0.243557,0.967935]],[[0.994235,-0.10632,0.013857],[0.0584455,0.429064,-0.901381],[0.0898895,0.896995,0.432805]],[[0.994235,-0.10632,0.013857],[-0.0041935,-0.1677,-0.985829],[0.107137,0.980088,-0.167179]],[[0.994235,-0.10632,0.013857],[-0.0328666,-0.425231,-0.904488],[0.102058,0.898819,-0.426274]]],"btipPosition":[-25.8649,229.504,-8.27628],"carpPosition":[-21.1682,293.603,54.5257],"dipPosition":[-24.0874,245.158,-15.7004],"direction":[-0.107137,-0.980088,0.167179],"extended":false,"handId":426,"id":4263,"length":60.057,"mcpPosition":[-17.5772,307.825,-1.99186],"pipPosition":[-21.3209,270.467,-20.0174],"stabilizedTipPosition":[-26.9981,226.137,-4.68113],"timeVisible":29.821