{"sensorType":"Leap","data":[[0,{"currentFrameRate":54.1644,"devices":[],"gestures":[{"center":[-11.5081,273.861,-100.19],"duration":55511,"handIds":[426],"id":11,"normal":[-0.113253,-0.0498661,-0.992314],"pointableIds":[4261],"progress":0.83567,"radius":38.0235,"state":"update","type":"circle"}],"hands":[{"armBasis":[[0.999979,0.00249866,-0.00589578],[-0.00225666,0.999169,0.0407008],[0.00599258,-0.0406867,0.999154]],"armWidth":59.3966,"confidence":0.541761,"direction":[-0.0740372,0.00811381,-0.997222],"elbow":[35.4764,238.255,301.874],"grabStrength":0.457166,"id":426,"palmNormal":[0.0046515,-0.999953,-0.00848137],"palmPosition":[23.1742,244.839,0.702088],"palmVelocity":[-41.8491,-22.9846,42.2022],"palmWidth":84.8164,"pinchStrength":0.758024,"r":[[0.96583,-0.0771954,-0.247412],[-0.00607598,0.947606,-0.319383],[0.259104,0.309973,0.914758]],"s":1.08785,"sphereCenter":[33.76,202.156,-13.8046],"sphereRadius":41.9024,"stabilizedPalmPosition":[23.6603,245.295,0.239541],"t":[33.7984,-42.7486,-72.3727],"timeVisible":20.9884,"type":"right","wrist":[33.9682,248.495,50.4068]}],"id":1429695,"interactionBox":{"center":[0,200,0],"size":[235.247,235.247,147.751]},"pointables":[{"bases":[[[0.382681,0.898088,-0.21678],[-0.775763,0.439788,0.452525],[0.501745,-0.00500277,0.865001]],[[0.124419,0.809652,-0.573571],[-0.895674,0.340383,0.286194],[0.426952,0.478125,0.767534]],[[0.124419,0.809652,-0.573571],[-0.991126,0.128669,-0.033366],[0.0467862,0.572633,0.818476]],[[0.124419,0.809652,-0.573571],[-0.989526,0.0586065,-0.131919],[-0.0731937,0.583977,0.808464]]],"btipPosition":[-12.006,185.075,-23.8954],"carpPosition":[7.75062,238.262,55.4687],"dipPosition":[-13.6027,197.815,-6.25823],"direction":[-0.0467862,-0.572633,-0.818476],"extended":false,"handId":426,"id":4260,"length":48.5803,"mcpPosition":[7.75062,238.262,55.4687],"pipPosition":[-12.1158,216.015,19.7548],"stabilizedTipPosition":[-12.3562,188.131,-19.8679],"timeVisible":20.9884,"tipPosition":[-11.2091,188.471,-19.6844],"tipVelocity":[-15.3712,-160.756,31.789],"tool":false,"touchDistance":0.171583,"touchZone":"hovering","type":0,"width":18.876},{"bases":[[[0.970656,0.00655408,-0.240381],[-0.0402649,0.989945,-0.135598],[0.237075,0.141298,0.961161]],[[0.985079,0.016603,-0.171301],[-0.135923,0.685587,-0.715189],[0.105567,0.727802,0.677614]],[[0.985079,0.016603,-0.171301],[-0.171286,0.191502,-0.966431],[0.0167589,0.981352,0.191489]],[[0.985079,0.016603,-0.171301],[-0.166125,-0.168333,-0.971631],[-0.0449676,0.98559,-0.163063]]],"btipPosition":[-5.7225,179.965,-49.6482],"carpPosition":[14.4248,256.609,45.1202],"dipPosition":[-6.43867,195.662,-52.2452],"direction":[-0.0167589,-0.981352,-0.191489],"extended":false,"handId":426,"id":4261,"length":54.8174,"mcpPosition":[-1.83339,246.919,-20.7942],"pipPosition":[-6.06109,217.772,-47.9309],"stabilizedTipPosition":[-5.58399,185.822,-54.8888],"timeVisible":20.9884,"tipPosition":[-5.65038,183.636,-48.8057],"tipVelocity":[0.0287313,-164.594,274.776],"tool":false,"touchDistance":0.894905,"touchZone":"hovering","type":1,"width":18.0304},{"bases":[[[0.986309,-0.143275,-0.0816529],[0.129631,0.979664,-0.15315],[0.101935,0.140469,0.984824]],[[0.983432,-0.146763,-0.106402],[-0.10173,0.0390022,-0.994047],[0.150039,0.988402,0.0234258]],[[0.983432,-0.146763,-0.106402],[-0.167324,-0.960734,-0.221342],[-0.0697391,0.235479,-0.969374]],[[0.983432,-0.146763,-0.106402],[-0.0996124,-0.92792,0.359225],[-0.151453,-0.342674,-0.927166]]],"btipPosition":[16.3829,204.393,18.4844],"carpPosition":[25.2519,258.176,41.6479],"dipPosition":[13.7299,198.39,2.24327],"direction":[0.0697391,-0.235479,0.969374],"extended":false,"handId":426,"id":4262,"length":62.4601,"mcpPosition":[18.6226,249.041,-22.3994],"pipPosition":[11.8814,204.632,-23.4519],"stabilizedTipPosition":[17.9426,206.37,12.4797],"timeVisible":20.9884,"tipPosition":[15.8387,203.421,15.021],"tipVelocity":[-119.212,-69.217,-30.5424],"tool":false,"touchDistance":0.333333,"touchZone":"none","type":2,"width":17.7082},{"bases":[[[0.977962,-0.194483,0.075941],[0.20295,0.970903,-0.12712],[-0.0490086,0.139731,0.988976]],[[0.976025,-0.190154,0.105907],[0.112618,0.024812,-0.993329],[0.186258,0.981441,0.045632]],[[0.976025,-0.190154,0.105907],[-0.159151,-0.955412,-0.248713],[0.148478,0.225895,-0.96277]],[[0.976025,-0.190154,0.105907],[-0.214457,-0.92329,0.31866],[0.0371879,-0.333732,-0.941934]]],"btipPosition":[27.1446,208.204,21.4551],"carpPosition":[36.5221,257.258,39.8358],"dipPosition":[27.7923,202.391,5.05012],"direction":[-0.148478,-0.225895,0.96277],"extended":false,"handId":426,"id":4263,"length":60.057,"mcpPosition":[39.3837,249.099,-17.9104],"pipPosition":[31.6264,208.224,-19.8109],"stabilizedTipPosition":[28.8535,209.614,16.2298],"timeVisible":20.9884,"tipPosition":[27.9428,207.82,18.2472],"tipVelocity":[-121.035,-90.5472,-17.6882],"tool":false,"touchDistance":0.333333,"touchZone":"none","type":3,"width":16.8505},{"bases":[[[0.91865,-0.334733,0.209847],[0.347456,0.937339,-0.0258847],[-0.188033,0.0966915,0.977392]],[[0.876517,-0.314855,0.364122],[0.38564,0.0065799,-0.922626],[0.288097,0.949117,0.127188]],[[0.876517,-0.314855,0.364122],[-0.206031,-0.929021,-0.30736],[0.435051,0.194386,-0.879173]],[[0.876517,-0.314855,0.364122],[-0.407924,-0.887439,0.214592],[0.255571,-0.336627,-0.906292]]],"btipPosition":[36.3923,215.688,14.7012],"carpPosition":[47.7627,250.332,41.1317],"dipPosition":[40.4986,210.279,0.139494],"direction":[-0.435051,-0.194386,0.879173],"extended":false,"handId":426,"id":4264,"length":47.0836,"mcpPosition":[57.9261,245.106,-11.6972],"pipPosition":[48.4304,213.823,-15.8894],"stabilizedTipPosition":[38.6279,216.26,10.7141],"timeVisible":20.9884,"tipPosition":[37.8284,215.113,11.7825],"tipVelocity":[-102.8,-83.3287,3.34419],"tool":false,"touchDistance":0.333333,"touchZone":"none","type":4,"width":14.9679}],"r":[[0.96583,-0.0771954,-0.247412],[-0.00607598,0.947606,-0.319383],[0.259104,0.309973,0.914758]],"s":1.08785,"t":[33.7984,-42.7486,-72.3727],"timestamp":89016401619},false],[1,{"currentFrameRate":54.1697,"devices":[],"gestures":[{"center":[-11.5081,273.861,-100.19],"duration":55511,"handIds":[426],"id":11,"normal":[-0.113253,-0.0498661,-0.992314],"pointableIds":[4261],"progress":0.83567,"radius":38.0235,"state":"update","type":"circle"}],"hands":[{"armBasis":[[0.999845,0.00688769,-0.0162031],[-0.00633721,0.999409,0.0337831],[0.0164262,-0.0336752,0.999298]],"armWidth":59.3966,"confidence":0.545093,"direction":[-0.0707601,-0.00159397,-0.997492],"elbow":[37.3109,238.867,302.243],"grabStrength":0.471663,"id":426,"palmNormal":[0.00880806,-0.999961,0.000973088],"palmPosition":[22.563,243.174,1.0356],"palmVelocity":[-37.6538,-55.438,30.5774],"palmWidth":84.8164,"pinchStrength":0.770582,"r":[[0.964404,-0.0968442,-0.246059],[0.015556,0.949689,-0.312809],[0.263974,0.297847,0.917391]],"s":1.05048,"sphereCenter":[33.3032,200.339,-13.0398],"sphereRadius":41.7441,"stabilizedPalmPosition":[22.9795,243.979,0.733444],"t":[33.1098,-43.7974,-71.8196],"timeVisible":21.0068,"type":"right","wrist":[33.1768,247.342,50.7387]}],"id":1429696,"interactionBox":{"center":[0,200,0],"size":[235.247,235.247,147.751]},"pointables":[{"bases":[[[0.379687,0.897589,-0.223992],[-0.779069,0.440803,0.445807],[0.498887,0.00523776,0.866651]],[[0.122166,0.804194,-0.581677],[-0.898995,0.338005,0.278497],[0.420575,0.488902,0.764259]],[[0.122166,0.804194,-0.581677],[-0.991632,0.123541,-0.0374646],[0.0417322,0.581386,0.812557]],[[0.122166,0.804194,-0.581677],[-0.989187,0.0507393,-0.137603],[-0.0811455,0.592197,0.801697]]],"btipPosition":[-12.1408,182.903,-23.065],"carpPosition":[6.98497,237.049,55.8109],"dipPosition":[-13.911,195.822,-5.57544],"direction":[-0.0417322,-0.581386,-0.812557],"extended":false,"handId":426,"id":4260,"length":48.5803,"mcpPosition":[6.98497,237.049,55.8109],"pipPosition":[-12.5847,214.3,20.2494],"stabilizedTipPosition":[-12.5363,186.011,-19.0924],"timeVisible":21.0068,"tipPosition":[-11.5148,186.365,-18.915],"tipVelocity":[-12.5288,-138.966,37.2831],"tool":false,"touchDistance":0.189974,"touchZone":"hovering","type":0,"width":18.876},{"bases":[[[0.971414,0.00832573,-0.237248],[-0.0439014,0.988447,-0.145067],[0.233299,0.151336,0.960557]],[[0.985494,0.0190196,-0.168644],[-0.137517,0.671823,-0.727834],[0.0994557,0.740467,0.664693]],[[0.985494,0.0190196,-0.168644],[-0.169384,0.1721,-0.970408],[0.0105669,0.984896,0.172825]],[[0.985494,0.0190196,-0.168644],[-0.162296,-0.184936,-0.969257],[-0.0496231,0.982567,-0.179166]]],"btipPosition":[-5.81225,177.454,-48.2209],"carpPosition":[13.6176,255.325,45.3117],"dipPosition":[-6.60256,193.102,-51.0744],"direction":[-0.0105669,-0.984896,-0.172825],"extended":false,"handId":426,"id":4261,"length":54.8174,"mcpPosition":[-2.38154,244.946,-20.5613],"pipPosition":[-6.36449,215.293,-47.1805],"stabilizedTipPosition":[-5.70319,184.436,-53.1411],"timeVisible":21.0068,"tipPosition":[-5.82319,181.216,-47.8331],"tipVelocity":[-2.77642,-151.183,178.097],"tool":false,"touchDistance":0.859273,"touchZone":"hovering","type":1,"width":18.0304},{"bases":[[[0.987158,-0.139934,-0.0770617],[0.126092,0.978707,-0.161965],[0.0980851,0.150168,0.983783]],[[0.984367,-0.143679,-0.101867],[-0.0953134,0.0518015,-0.994099],[0.148108,0.988268,0.0372971]],[[0.984367,-0.143679,-0.101867],[-0.164443,-0.956895,-0.239396],[-0.0630801,0.252405,-0.965563]],[[0.984367,-0.143679,-0.101867],[-0.0998504,-0.931698,0.349241],[-0.145088,-0.33361,-0.931479]]],"btipPosition":[15.6298,201.889,18.1158],"carpPosition":[24.4496,256.905,41.8603],"dipPosition":[13.0883,196.045,1.79909],"direction":[0.0630801,-0.252405,0.965563],"extended":false,"handId":426,"id":4262,"length":62.4601,"mcpPosition":[18.0707,247.138,-22.1193],"pipPosition":[11.4162,202.736,-23.7951],"stabilizedTipPosition":[16.4988,203.467,13.4182],"timeVisible":21.0068,"tipPosition":[15.181,201.214,14.9346],"tipVelocity":[-80.7655,-100.341,-25.9093],"tool":false,"touchDistance":0.333333,"touchZone":"none","type":2,"width":17.7082},{"bases":[[[0.978499,-0.189688,0.0809803],[0.19936,0.970497,-0.135613],[-0.052867,0.148841,0.987447]],[[0.976084,-0.184425,0.115098],[0.121811,0.0254528,-0.992227],[0.180062,0.982517,0.0473089]],[[0.976084,-0.184425,0.115098],[-0.150766,-0.955703,-0.252787],[0.15662,0.229389,-0.960651]],[[0.976084,-0.184425,0.115098],[-0.21216,-0.923596,0.31931],[0.0474152,-0.336093,-0.940635]]],"btipPosition":[26.447,206.336,21.6553],"carpPosition":[35.7295,256.016,40.0939],"dipPosition":[27.2728,200.482,5.27297],"direction":[-0.15662,-0.229389,0.960651],"extended":false,"handId":426,"id":4263,"length":60.057,"mcpPosition":[38.8164,247.326,-17.5631],"pipPosition":[31.3171,206.406,-19.5334],"stabilizedTipPosition":[27.5962,206.991,17.17],"timeVisible":21.0068,"tipPosition":[27.2672,205.987,18.5552],"tipVelocity":[-79.8577,-95.9666,-3.79366],"tool":false,"touchDistance":0.333333,"touchZone":"none","type":3,"width":16.8505},{"bases":[[[0.919323,-0.328916,0.216009],[0.343667,0.938491,-0.0335916],[-0.191673,0.105117,0.975813]],[[0.875491,-0.307247,0.372981],[0.391889,-0.000169026,-0.920013],[0.282734,0.95163,0.120258]],[[0.875491,-0.307247,0.372981],[-0.198761,-0.932487,-0.301598],[0.440465,0.189913,-0.877453]],[[0.875491,-0.307247,0.372981],[-0.40526,-0.887239,0.220388],[0.263209,-0.344102,-0.901285]]],"btipPosition":[35.7759,214.169,15.2633],"carpPosition":[46.9942,249.15,41.492],"dipPosition":[40.005,208.64,0.782123],"direction":[-0.440465,-0.189913,0.877453],"extended":false,"handId":426,"id":4264,"length":47.0836,"mcpPosition":[57.3544,243.468,-11.2516],"pipPosition":[48.0354,212.102,-15.2154],"stabilizedTipPosition":[37.5739,214.374,11.3975],"timeVisible":21.0068,"tipPosition":[37.2368,213.552,12.3675],"tipVelocity":[-68.6218,-83.5889,16.9089],"tool":false,"touchDistance":0.333333,"touchZone":"none","type":4,"width":14.9679}],"r":[[0.964404,-0.0968442,-0.246059],[0.015556,0.949689,-0.312809],[0.263974,0.297847,0.917391]],"s":1.05048,"t":[33.1098,-43.7974,-71.8196],"timestamp":89016420061},false],[2,{"currentFrameRate":54.1719,"devices":[],"gestures":[{"center":[-11.5081,273.861,-100.19],"duration":55511,"handIds":[426],"id":11,"normal":[-0.113253,-0.0498661,-0.992314],"pointableIds":[4261],"progress":0.83567,"radius":38.0235,"state":"update","type":"circle"}],"hands":[{"armBasis":[[0.99969,0.0154078,-0.0195357],[-0.0147851,0.99939,0.0316298],[0.0200112,-0.0313312,0.999309]],"armWidth":59.3966,"confidence":0.547756,"direction":[-0.0789753,-0.00509389,-0.996864],"elbow":[38.0103,238.673,303.047],"grabStrength":0.484189,"id":426,"palmNormal":[0.0175961,-0.999838,0.00371506],"palmPosition":[21.9871,242.153,1.93847],"palmVelocity":[-34.5451,-55.3795,39.4271],"palmWidth":84.8164,"pinchStrength":0.780073,"r":[[0.962732,-0.11099,-0.246633],[0.0307017,0.950869,-0.308067],[0.268708,0.289014,0.91884]],"s":1.02082,"sphereCenter":[32.958,199.29,-12.1186],"sphereRadius":41.6238,"stabilizedPalmPosition":[22.3535,242.827,1.49354],"t":[32.4776,-44.8322,-71.0915],"timeVisible":21.0253,"type":"right","wrist":[32.9738,246.558,51.54]}],"id":1429697,"interactionBox":{"center":[0,200,0],"size":[235.247,235.247,147.751]},"pointables":[{"bases":[[[0.369929,0.900229,-0.229654],[-0.779203,0.435249,0.451],[0.505959,0.012109,0.862472]],[[0.110024,0.803373,-0.585224],[-0.899918,0.33048,0.284482],[0.42195,0.495354,0.759331]],[[0.110024,0.803373,-0.585224],[-0.992958,0.114856,-0.0290104],[0.0439101,0.584295,0.810353]],[[0.110024,0.803373,-0.585224],[-0.990675,0.0410377,-0.129916],[-0.0803546,0.594061,0.800397]]],"btipPosition":[-12.36,181.471,-21.6903],"carpPosition":[6.91622,236.05,56.8579],"dipPosition":[-14.113,194.431,-4.22907],"direction":[-0.0439101,-0.584295,-0.810353],"extended":false,"handId":426,"id":4260,"length":48.5803,"mcpPosition":[6.91622,236.05,56.8579],"pipPosition":[-12.7174,213.001,21.5257],"stabilizedTipPosition":[-12.7438,184.585,-17.7951],"timeVisible":21.0253,"tipPosition":[-11.7753,184.951,-17.5655],"tipVelocity":[-12.1121,-109.135,55.0594],"tool":false,"touchDistance":0.212777,"touchZone":"hovering","type":0,"width":18.876},{"bases":[[[0.969311,0.0161474,-0.245305],[-0.0537753,0.987602,-0.147481],[0.239882,0.156146,0.958162]],[[0.983716,0.0270294,-0.177686],[-0.150689,0.662869,-0.733415],[0.0979591,0.748247,0.656148]],[[0.983716,0.0270294,-0.177686],[-0.179715,0.16099,-0.970456],[0.00237479,0.986586,0.163226]],[[0.983716,0.0270294,-0.177686],[-0.169261,-0.193172,-0.966455],[-0.0604467,0.980793,-0.185451]]],"btipPosition":[-6.16322,175.831,-46.4571],"carpPosition":[13.3012,254.353,46.2527],"dipPosition":[-7.12592,191.451,-49.4106],"direction":[-0.00237479,-0.986586,-0.163226],"extended":false,"handId":426,"id":4261,"length":54.8174,"mcpPosition":[-3.14941,243.645,-19.456],"pipPosition":[-7.07241,213.679,-45.7331],"stabilizedTipPosition":[-5.88333,183.111,-51.5538],"timeVisible":21.0253,"tipPosition":[-6.24213,179.657,-46.3583],"tipVelocity":[-11.6454,-120.866,137.712],"tool":false,"touchDistance":0.832792,"touchZone":"hovering","type":1,"width":18.0304},{"bases":[[[0.987678,-0.131505,-0.0848385],[0.116152,0.979302,-0.165757],[0.104881,0.153861,0.982511]],[[0.98471,-0.135355,-0.109659],[-0.102054,0.0619236,-0.99285],[0.141177,0.98886,0.0471633]],[[0.98471,-0.135355,-0.109659],[-0.159234,-0.954666,-0.251511],[-0.0706448,0.265127,-0.961622]],[[0.98471,-0.135355,-0.109659],[-0.0905806,-0.935551,0.341379],[-0.148799,-0.326227,-0.933507]]],"btipPosition":[15.4053,200.269,18.5333],"carpPosition":[24.0901,256.018,42.7073],"dipPosition":[12.7988,194.554,2.18112],"direction":[0.0706448,-0.265127,0.961622],"extended":false,"handId":426,"id":4262,"length":62.4601,"mcpPosition":[17.2693,246.011,-21.1896],"pipPosition":[10.9262,201.582,-23.3086],"stabilizedTipPosition":[15.6224,201.131,14.1191],"timeVisible":21.0253,"tipPosition":[14.9724,199.726,15.4827],"tipVelocity":[-48.0796,-93.5214,-2.71858],"tool":false,"touchDistance":0.333333,"touchZone":"none","type":2,"width":17.7082},{"bases":[[[0.980762,-0.180877,0.0734093],[0.189705,0.97181,-0.13999],[-0.0460188,0.151223,0.987428]],[[0.978216,-0.174832,0.111925],[0.120802,0.0409556,-0.991831],[0.16882,0.983746,0.0611835]],[[0.978216,-0.174832,0.111925],[-0.139439,-0.95281,-0.269647],[0.153786,0.248167,-0.956433]],[[0.978216,-0.174832,0.111925],[-0.201562,-0.928915,0.310628],[0.0496608,-0.326421,-0.943919]]],"btipPosition":[26.1823,204.699,21.7831],"carpPosition":[35.3623,255.223,40.8501],"dipPosition":[27.0472,199.014,5.34349],"direction":[-0.153786,-0.248167,0.956433],"extended":false,"handId":426,"id":4263,"length":60.057,"mcpPosition":[38.0494,246.393,-16.8057],"pipPosition":[31.0183,205.422,-19.3539],"stabilizedTipPosition":[26.899,204.925,17.6474],"timeVisible":21.0253,"tipPosition":[26.9788,204.489,18.849],"tipVelocity":[-48.0346,-91.4521,1.0295],"tool":false,"touchDistance":0.333333,"touchZone":"none","type":3,"width":16.8505},{"bases":[[[0.923927,-0.320227,0.209315],[0.335124,0.941363,-0.0390778],[-0.184527,0.106251,0.977067]],[[0.879697,-0.297779,0.370758],[0.389599,0.00426606,-0.920975],[0.272666,0.954625,0.119767]],[[0.879697,-0.297779,0.370758],[-0.188277,-0.934053,-0.303474],[0.436676,0.19716,-0.877748]],[[0.879697,-0.297779,0.370758],[-0.395385,-0.891196,0.222352],[0.264206,-0.342194,-0.90172]]],"btipPosition":[35.4785,213.156,15.9063],"carpPosition":[46.6981,248.459,42.1742],"dipPosition":[39.7236,207.657,1.41813],"direction":[-0.436676,-0.19716,0.877748],"extended":false,"handId":426,"id":4264,"length":47.0836,"mcpPosition":[56.672,242.717,-10.6372],"pipPosition":[47.6849,211.252,-14.5848],"stabilizedTipPosition":[36.9893,213.077,12.0121],"timeVisible":21.0253,"tipPosition":[36.9359,212.557,13.0543],"tipVelocity":[-43.2102,-69.5717,25.5162],"tool":false,"touchDistance":0.333333,"touchZone":"none","type":4,"width":14.9679}],"r":[[0.962732,-0.11099,-0.246633],[0.0307017,0.950869,-0.308067],[0.268708,0.289014,0.91884]],"s":1.02082,"t":[32.4776,-44.8322,-71.0915],"timestamp":89016438513},false],[3,{"currentFrameRate":54.1604,"devices":[],"gestures":[{"center":[-11.5081,273.861,-100.19],"duration":55511,"handIds":[426],"id":11,"normal":[-0.113253,-0.0498661,-0.992314],"pointableIds":[4261],"progress":0.83567,"radius":38.0235,"state":"update","type":"circle"}],"hands":[{"armBasis":[[0.998989,0.0198649,-0.0403216],[-0.0182454,0.999027,0.0401436],[0.0410798,-0.0393673,0.99838]],"armWidth":59.3966,"confidence":0.54902,"direction":[-0.0799043,-0.0107662,-0.996744],"elbow":[42.8451,235.936,302.951],"grabStrength":0.490811,"id":426,"palmNormal":[0.0222126,-0.999713,0.00901757],"palmPosition":[21.4925,241.124,2.11189],"palmVelocity":[-30.7712,-55.4832,24.9063],"palmWidth":84.8164,"pinchStrength":0.784696,"r":[[0.961291,-0.121661,-0.247221],[0.0418878,0.951338,-0.30529],[0.272332,0.283117,0.919609]],"s":0.997771,"sphereCenter":[32.6201,198.172,-11.7404],"sphereRadius":41.5535,"stabilizedPalmPosition":[21.7559,241.645,1.92274],"t":[31.9142,-45.8639,-70.6408],"timeVisible":21.0438,"type":"right","wrist":[32.5062,245.844,51.6785]}],"id":1429698,"interactionBox":{"center":[0,200,0],"size":[235.247,235.247,147.751]},"pointables":[{"bases":[[[0.365552,0.900688,-0.234803],[-0.780771,0.434049,0.449442],[0.506723,0.0190333,0.861899]],[[0.105619,0.800651,-0.589748],[-0.901334,0.327598,0.283331],[0.420049,0.501635,0.756254]],[[0.105619,0.800651,-0.589748],[-0.993497,0.110325,-0.0281473],[0.0425279,0.588886,0.807097]],[[0.105619,0.800651,-0.589748],[-0.990978,0.0355355,-0.129231],[-0.0825123,0.598076,0.79718]]],"btipPosition":[-12.5944,180.14,-21.1536],"carpPosition":[6.50239,235.245,57.0778],"dipPosition":[-14.3944,193.187,-3.76256],"direction":[-0.0425279,-0.588886,-0.807097],"extended":false,"handId":426,"id":4260,"length":48.5803,"mcpPosition":[6.50239,235.245,57.0778],"pipPosition":[-13.0428,211.903,21.8888],"stabilizedTipPosition":[-12.9823,183.283,-17.217],"timeVisible":21.0438,"tipPosition":[-12.0436,183.642,-17.0529],"tipVelocity":[-12.6632,-90.6435,42.0492],"tool":false,"touchDistance":0.221453,"touchZone":"hovering","type":0,"width":18.876},{"bases":[[[0.968992,0.019308,-0.246338],[-0.0584724,0.986544,-0.152681],[0.240076,0.16235,0.957082]],[[0.983298,0.0305109,-0.17943],[-0.155236,0.655246,-0.739293],[0.0950143,0.754799,0.649039]],[[0.983298,0.0305109,-0.17943],[-0.181989,0.151771,-0.971517],[-0.00240964,0.987945,0.154788]],[[0.983298,0.0305109,-0.17943],[-0.169845,-0.200486,-0.964862],[-0.0654119,0.979221,-0.191955]]],"btipPosition":[-6.38017,174.304,-45.6882],"carpPosition":[12.7927,253.52,46.3691],"dipPosition":[-7.42195,189.9,-48.7454],"direction":[0.00240964,-0.987945,-0.154788],"extended":false,"handId":426,"id":4261,"length":54.8174,"mcpPosition":[-3.67116,242.386,-19.2656],"pipPosition":[-7.47624,212.158,-45.2579],"stabilizedTipPosition":[-6.09168,181.634,-50.0933],"timeVisible":21.0438,"tipPosition":[-6.49389,178.156,-45.7518],"tipVelocity":[-12.1585,-102.478,90.6302],"tool":false,"touchDistance":0.794021,"touchZone":"hovering","type":1,"width":18.0304},{"bases":[[[0.988193,-0.127402,-0.0851064],[0.111474,0.978931,-0.17108],[0.105109,0.159572,0.981575]],[[0.9852,-0.131419,-0.110043],[-0.101888,0.0672611,-0.992519],[0.137838,0.989042,0.0528756]],[[0.9852,-0.131419,-0.110043],[-0.156116,-0.953034,-0.259525],[-0.0707678,0.272864,-0.959446]],[[0.9852,-0.131419,-0.110043],[-0.0874427,-0.937518,0.33677],[-0.147425,-0.322164,-0.935134]]],"btipPosition":[15,198.811,18.4054],"carpPosition":[23.5704,255.215,42.8043],"dipPosition":[12.4175,193.167,2.02465],"direction":[0.0707678,-0.272864,0.959446],"extended":false,"handId":426,"id":4262,"length":62.4601,"mcpPosition":[16.7347,244.838,-21.0317],"pipPosition":[10.5417,200.4,-23.4074],"stabilizedTipPosition":[14.9858,199.237,14.3906],"timeVisible":21.0438,"tipPosition":[14.5902,198.356,15.4392],"tipVelocity":[-35.2886,-85.982,-4.91722],"tool":false,"touchDistance":0.333333,"touchZone":"none","type":2,"width":17.7082},{"bases":[[[0.981656,-0.175962,0.0734085],[0.185085,0.971915,-0.145345],[-0.0457716,0.156266,0.986654]],[[0.978913,-0.169329,0.114269],[0.123599,0.0455846,-0.991285],[0.162644,0.984505,0.0655522]],[[0.978913,-0.169329,0.114269],[-0.132601,-0.952228,-0.275098],[0.155393,0.254145,-0.954601]],[[0.978913,-0.169329,0.114269],[-0.197054,-0.930184,0.309722],[0.0538467,-0.325708,-0.943936]]],"btipPosition":[25.7927,203.446,21.6895],"carpPosition":[34.8444,254.463,40.9403],"dipPosition":[26.7306,197.773,5.24963],"direction":[-0.155393,-0.254145,0.954601],"extended":false,"handId":426,"id":4263,"length":60.057,"mcpPosition":[37.517,245.339,-16.6704],"pipPosition":[30.7432,204.336,-19.4005],"stabilizedTipPosition":[26.393,203.344,17.7957],"timeVisible":21.0438,"tipPosition":[26.5596,203.234,18.8103],"tipVelocity":[-34.5601,-79.9093,-1.91265],"tool":false,"touchDistance":0.333333,"touchZone":"none","type":3,"width":16.8505},{"bases":[[[0.925595,-0.314847,0.210109],[0.330739,0.942676,-0.0444147],[-0.184081,0.110601,0.976669]],[[0.879929,-0.291031,0.375535],[0.394123,0.00573584,-0.91904],[0.265315,0.956697,0.119749]],[[0.879929,-0.291031,0.375535],[-0.179065,-0.935285,-0.30525],[0.440069,0.201353,-0.875098]],[[0.879929,-0.291031,0.375535],[-0.390561,-0.893172,0.22295],[0.270532,-0.342849,-0.899593]]],"btipPosition":[35.0476,212.085,15.961],"carpPosition":[46.2126,247.759,42.2892],"dipPosition":[39.3943,206.577,1.50699],"direction":[-0.440069,-0.201353,0.875098],"extended":false,"handId":426,"id":4264,"length":47.0836,"mcpPosition":[56.1623,241.781,-10.5006],"pipPosition":[47.4175,210.248,-14.4476],"stabilizedTipPosition":[36.5201,211.952,12.3231],"timeVisible":21.0438,"tipPosition":[36.5143,211.498,13.1674],"tipVelocity":[-32.9743,-63.9606,14.8214],"tool":false,"touchDistance":0.333333,"touchZone":"none","type":4,"width":14.9679}],"r":[[0.961291,-0.121661,-0.247221],[0.0418878,0.951338,-0.30529],[0.272332,0.283117,0.919609]],"s":0.997771,"t":[31.9142,-45.8639,-70.6408],"timestamp":89016457017},false],[4,{"currentFrameRate":54.1529,"devices":[],"gestures":[{"center":[-11.5081,273.861,-100.19],"duration":55511,"handIds":[426],"id":11,"normal":[-0.113253,-0.0498661,-0.992314],"pointableIds":[4261],"progress":0.83567,"radius":38.0235,"state":"update","type":"circle"}],"hands":[{"armBasis":[[0.999177,0.022056,-0.0340384],[-0.020884,0.999189,0.0344131],[0.0347698,-0.0336739,0.998828]],"armWidth":59.3966,"confidence":0.549846,"direction":[-0.0851711,-0.0110942,-0.996305],"elbow":[41.0261,236.651,303.017],"grabStrength":0.49498,"id":426,"palmNormal":[0.0246202,-0.999656,0.00902679],"palmPosition":[21.0096,240.373,2.12499],"palmVelocity":[-28.5193,-48.3043,13.2202],"palmWidth":84.8164,"pinchStrength":0.787549,"r":[[0.959844,-0.129734,-0.248734],[0.0500686,0.95163,-0.303138],[0.27603,0.278511,0.919913]],"s":0.979941,"sphereCenter":[32.1353,197.394,-11.7894],"sphereRadius":41.5058,"stabilizedPalmPosition":[21.1943,240.688,2.07495],"t":[31.3911,-46.7553,-70.4089],"timeVisible":21.0623,"type":"right","wrist":[32.2752,245.126,51.6318]}],"id":1429699,"interactionBox":{"center":[0,200,0],"size":[235.247,235.247,147.751]},"pointables":[{"bases":[[[0.362172,0.901516,-0.236856],[-0.779396,0.432268,0.453527],[0.511247,0.0203497,0.859193]],[[0.100427,0.800703,-0.590583],[-0.900874,0.325127,0.28761],[0.422304,0.503157,0.753984]],[[0.100427,0.800703,-0.590583],[-0.993889,0.108074,-0.0224836],[0.0458241,0.589232,0.806664]],[[0.100427,0.800703,-0.590583],[-0.991666,0.0324108,-0.124689],[-0.0806975,0.598184,0.797286]]],"btipPosition":[-13.0204,179.277,-20.9438],"carpPosition":[6.32561,234.466,57.1705],"dipPosition":[-14.7809,192.327,-3.55048],"direction":[-0.0458241,-0.589232,-0.806664],"extended":false,"handId":426,"id":4260,"length":48.5803,"mcpPosition":[6.32561,234.466,57.1705],"pipPosition":[-13.3245,211.054,22.0871],"stabilizedTipPosition":[-13.3826,182.375,-16.9697],"timeVisible":21.0623,"tipPosition":[-12.501,182.778,-16.853],"tipVelocity":[-17.436,-69.3901,27.2342],"tool":false,"touchDistance":0.224958,"touchZone":"hovering","type":0,"width":18.876},{"bases":[[[0.967621,0.0215603,-0.251484],[-0.0616113,0.986382,-0.152494],[0.244771,0.16305,0.955773]],[[0.982166,0.0327243,-0.185147],[-0.161269,0.652873,-0.740101],[0.0966584,0.75676,0.646507]],[[0.982166,0.0327243,-0.185147],[-0.187972,0.149418,-0.970742],[-0.00410264,0.988233,0.152904]],[[0.982166,0.0327243,-0.185147],[-0.17496,-0.201494,-0.963737],[-0.0688438,0.978943,-0.192175]]],"btipPosition":[-6.95213,173.41,-45.394],"carpPosition":[12.5158,252.754,46.4262],"dipPosition":[-8.04856,189.001,-48.4546],"direction":[0.00410264,-0.988232,-0.152904],"extended":false,"handId":426,"id":4261,"length":54.8174,"mcpPosition":[-4.27007,241.573,-19.1187],"pipPosition":[-8.14099,211.266,-45.0096],"stabilizedTipPosition":[-6.46442,180.08,-48.7548],"timeVisible":21.0623,"tipPosition":[-7.08475,177.274,-45.5416],"tipVelocity":[-21.5514,-76.3637,54.5238],"tool":false,"touchDistance":0.752354,"touchZone":"hovering","type":1,"width":18.0304},{"bases":[[[0.988025,-0.125081,-0.0903374],[0.108252,0.979167,-0.171794],[0.109944,0.159957,0.980982]],[[0.984929,-0.129087,-0.115117],[-0.10557,0.0785298,-0.991306],[0.137004,0.988519,0.0637186]],[[0.984929,-0.129087,-0.115117],[-0.15625,-0.949482,-0.272156],[-0.0741696,0.286042,-0.955342]],[[0.984929,-0.129087,-0.115117],[-0.0850628,-0.941035,0.327442],[-0.150597,-0.312715,-0.937833]]],"btipPosition":[14.5687,197.554,17.8949],"carpPosition":[23.2704,254.475,42.804],"dipPosition":[11.9307,192.076,1.46692],"direction":[0.0741696,-0.286042,0.955342],"extended":false,"handId":426,"id":4262,"length":62.4601,"mcpPosition":[16.1203,244.072,-20.9935],"pipPosition":[9.96469,199.658,-23.8563],"stabilizedTipPosition":[14.4664,197.744,14.2515],"timeVisible":21.0623,"tipPosition":[14.1715,197.199,15.0115],"tipVelocity":[-29.842,-76.2883,-16.1572],"tool":false,"touchDistance":0.333333,"touchZone":"none","type":2,"width":17.7082},{"bases":[[[0.982445,-0.173634,0.0682161],[0.182015,0.972329,-0.14645],[-0.0408998,0.156295,0.986863]],[[0.979837,-0.16687,0.109884],[0.119496,0.0486668,-0.991641],[0.160128,0.984777,0.0676258]],[[0.979837,-0.16687,0.109884],[-0.130886,-0.951617,-0.278016],[0.15096,0.258028,-0.954271]],[[0.979837,-0.16687,0.109884],[-0.193229,-0.931321,0.308713],[0.0508223,-0.323721,-0.944787]]],"btipPosition":[25.4719,202.584,21.5371],"carpPosition":[34.5361,253.749,40.8802],"dipPosition":[26.357,196.946,5.08246],"direction":[-0.15096,-0.258028,0.954271],"extended":false,"handId":426,"id":4263,"length":60.057,"mcpPosition":[36.9242,244.623,-16.7426],"pipPosition":[30.2552,203.609,-19.5591],"stabilizedTipPosition":[25.999,202.214,17.772],"timeVisible":21.0623,"tipPosition":[26.2003,202.349,18.6432],"tipVelocity":[-26.5649,-63.6259,-5.05665],"tool":false,"touchDistance":0.333333,"touchZone":"none","type":3,"width":16.8505},{"bases":[[[0.927438,-0.312632,0.20523],[0.328272,0.943448,-0.0462907],[-0.179152,0.110303,0.977618]],[[0.881453,-0.288349,0.374025],[0.393529,0.0105926,-0.919251],[0.261104,0.957467,0.122811]],[[0.881453,-0.288349,0.374025],[-0.174264,-0.934667,-0.309886],[0.438945,0.207971,-0.874114]],[[0.881453,-0.288349,0.374025],[-0.386835,-0.89514,0.221546],[0.270922,-0.339969,-0.900568]]],"btipPosition":[34.6487,211.222,15.6869],"carpPosition":[45.927,247.072,42.1696],"dipPosition":[39.0016,205.76,1.21721],"direction":[-0.438945,-0.207971,0.874114],"extended":false,"handId":426,"id":4264,"length":47.0836,"mcpPosition":[55.6104,241.11,-10.6716],"pipPosition":[47.0044,209.551,-14.7194],"stabilizedTipPosition":[36.1024,210.999,12.3403],"timeVisible":21.0623,"tipPosition":[36.1015,210.648,12.9268],"tipVelocity":[-27.4296,-55.3415,0.410847],"tool":false,"touchDistance":0.333333,"touchZone":"none","type":4,"width":14.9679}],"r":[[0.959844,-0.129734,-0.248734],[0.0500686,0.95163,-0.303138],[0.27603,0.278511,0.919913]],"s":0.979941,"t":[31.3911,-46.7553,-70.4089],"timestamp":89016475510},false],[5,{"currentFrameRate":54.1783,"devices":[],"gestures":[{"center":[-11.5081,273.861,-100.19],"duration":55511,"handIds":[426],"id":11,"normal":[-0.113253,-0.0498661,-0.992314],"pointableIds":[4261],"progress":0.83567,"radius":38.0235,"state":"stop","type":"circle"}],"hands":[{"armBasis":[[0.995891,0.0524565,-0.0738158],[-0.0500385,0.99816,0.0342355],[0.0754759,-0.0304012,0.996684]],"armWidth":59.3966,"confidence":0.355871,"direction":[-0.0763353,-0.0395784,-0.996296],"elbow":[50.0683,235.546,301.205],"grabStrength":0.496988,"id":426,"palmNormal":[0.0555016,-0.997831,0.0353869],"palmPosition":[20.3797,236.813,0.908341],"palmVelocity":[-31.2947,-118.239,-24.9697],"palmWidth":84.8164,"pinchStrength":0.790669,"r":[[0.959844,-0.1315,-0.247805],[0.0511407,0.95055,-0.306331],[0.275833,0.281357,0.919105]],"s":0.966354,"sphereCenter":[32.9448,193.854,-11.7839],"sphereRadius":41.4568,"stabilizedPalmPosition":[20.5311,237.533,1.12517],"t":[30.8145,-48.981,-70.9013],"timeVisible":21.0806,"type":"right","wrist":[31.0725,243.197,50.3587]}],"id":1429700,"interactionBox":{"center":[0,200,0],"size":[235.247,235.247,147.751]},"pointables":[{"bases":[[[0.336064,0.905928,-0.257595],[-0.796232,0.419362,0.436062],[0.503067,0.0585608,0.862261]],[[0.0801971,0.787576,-0.610977],[-0.914165,0.302444,0.26987],[0.397329,0.536891,0.744229]],[[0.0801971,0.787576,-0.610977],[-0.996598,0.0750462,-0.0340759],[0.0190141,0.611631,0.790915]],[[0.0801971,0.787576,-0.610977],[-0.990357,-0.00650836,-0.138384],[-0.112965,0.616183,0.779459]]],"btipPosition":[-11.2084,174.017,-20.7956],"carpPosition":[5.41953,231.88,55.9754],"dipPosition":[-13.6728,187.459,-3.79115],"direction":[-0.0190141,-0.611631,-0.790915],"extended":false,"handId":426,"id":4260,"length":48.5803,"mcpPosition":[5.41953,231.88,55.9754],"pipPosition":[-13.0685,206.898,21.3459],"stabilizedTipPosition":[-11.8789,177.449,-16.8901],"timeVisible":21.0806,"tipPosition":[-11.0516,177.634,-16.8097],"tipVelocity":[34.1228,-171.309,15.6826],"tool":false,"touchDistance":0.233881,"touchZone":"hovering","type":0,"width":18.876},{"bases":[[[0.968587,0.0452028,-0.244534],[-0.0908459,0.979694,-0.178737],[0.231489,0.195337,0.953025]],[[0.982125,0.0584267,-0.178932],[-0.175563,0.627157,-0.758849],[0.0678814,0.776698,0.626204]],[[0.982125,0.0584267,-0.178932],[-0.184758,0.117498,-0.975735],[-0.0359848,0.991353,0.126193]],[[0.982125,0.0584267,-0.178932],[-0.160998,-0.231749,-0.95936],[-0.0975196,0.971019,-0.2182]]],"btipPosition":[-5.09855,167.767,-44.9986],"carpPosition":[11.1311,250.068,44.8038],"dipPosition":[-6.65168,183.232,-48.4738],"direction":[0.0359848,-0.991353,-0.126193],"extended":false,"handId":426,"id":4261,"length":54.8174,"mcpPosition":[-4.74396,236.672,-20.5527],"pipPosition":[-7.46244,205.568,-45.6306],"stabilizedTipPosition":[-5.97667,175.846,-47.3249],"timeVisible":21.0806,"tipPosition":[-5.35,171.622,-45.2906],"tipVelocity":[34.5603,-188.077,36.168],"tool":false,"touchDistance":0.714952,"touchZone":"hovering","type":1,"width":18.0304},{"bases":[[[0.992157,-0.0965028,-0.0794514],[0.0793174,0.977283,-0.196538],[0.0966129,0.188694,0.977272]],[[0.989407,-0.101227,-0.10405],[-0.0986818,0.0566839,-0.993503],[0.106467,0.993247,0.0460942]],[[0.989407,-0.101227,-0.10405],[-0.125047,-0.958365,-0.256711],[-0.0737322,0.267003,-0.960871]],[[0.989407,-0.101227,-0.10405],[-0.0594982,-0.936571,0.345391],[-0.132413,-0.335541,-0.932673]]],"btipPosition":[15.0647,193.931,17.4005],"carpPosition":[21.8575,252.029,41.2203],"dipPosition":[12.7452,188.053,1.06293],"direction":[0.0737322,-0.267003,0.960871],"extended":false,"handId":426,"id":4262,"length":62.4601,"mcpPosition":[15.5743,239.757,-22.3359],"pipPosition":[10.7908,195.13,-24.4069],"stabilizedTipPosition":[14.4998,195.08,13.9376],"timeVisible":21.0806,"tipPosition":[14.7118,193.522,14.5487],"tipVelocity":[-0.603949,-136.828,-20.7837],"tool":false,"touchDistance":0.333333,"touchZone":"none","type":2,"width":17.7082},{"bases":[[[0.986739,-0.141078,0.0802716],[0.153039,0.973408,-0.170459],[-0.054089,0.180483,0.98209]],[[0.983562,-0.133307,0.121799],[0.12639,0.0264996,-0.991627],[0.128963,0.99072,0.0429126]],[[0.983562,-0.133307,0.121799],[-0.0989536,-0.962139,-0.253963],[0.151043,0.237736,-0.959514]],[[0.983562,-0.133307,0.121799],[-0.166909,-0.928554,0.331554],[0.0688991,-0.346433,-0.935541]]],"btipPosition":[25.8431,199.7,21.3419],"carpPosition":[33.1562,251.605,39.4026],"dipPosition":[27.0431,193.666,5.04826],"direction":[-0.151043,-0.237736,0.959514],"extended":false,"handId":426,"id":4263,"length":60.057,"mcpPosition":[36.3144,241.067,-17.9415],"pipPosition":[30.9434,199.805,-19.7287],"stabilizedTipPosition":[26.064,200.101,17.6758],"timeVisible":21.0806,"tipPosition":[26.5999,199.402,18.4511],"tipVelocity":[-2.1892,-110.898,-6.76553],"tool":false,"touchDistance":0.333333,"touchZone":"none","type":3,"width":16.8505},{"bases":[[[0.934905,-0.278124,0.220452],[0.299266,0.951711,-0.0684589],[-0.190767,0.129976,0.972992]],[[0.886481,-0.250778,0.388924],[0.401555,-0.000874304,-0.915835],[0.230012,0.968044,0.0999262]],[[0.886481,-0.250778,0.388924],[-0.141897,-0.947253,-0.287362],[0.440474,0.199554,-0.875306]],[[0.886481,-0.250778,0.388924],[-0.360812,-0.900813,0.241559],[0.28977,-0.354466,-0.889037]]],"btipPosition":[34.7807,208.447,15.3118],"carpPosition":[44.7372,245.322,40.9538],"dipPosition":[39.4365,202.751,1.0274],"direction":[-0.440474,-0.199554,0.875306],"extended":false,"handId":426,"id":4264,"length":47.0836,"mcpPosition":[55.0483,238.296,-11.6374],"pipPosition":[47.4671,206.39,-14.931],"stabilizedTipPosition":[35.984,209.177,12.1922],"timeVisible":21.0806,"tipPosition":[36.2712,207.833,12.5716],"tipVelocity":[-8.96901,-102.766,-8.48594],"tool":false,"touchDistance":0.333333,"touchZone":"none","type":4,"width":14.9679}],"r":[[0.959844,-0.1315,-0.247805],[0.0511407,0.95055,-0.306331],[0.275833,0.281357,0.919105]],"s":0.966354,"t":[30.8145,-48.981,-70.9013],"timestamp":89016493878},false],[6,{"currentFrameRate":54.1525,"devices":[],"gestures":[],"hands":[{"armBasis":[[0.995057,0.0572416,-0.0811472],[-0.0557757,0.998239,0.0202194],[0.0821616,-0.0155935,0.996497]],"armWidth":59.3966,"confidence":0.337292,"direction":[-0.0688939,-0.0563387,-0.996032],"elbow":[50.9914,237.747,299.992],"grabStrength":0.500143,"id":426,"palmNormal":[0.0609335,-0.996778,0.0521662],"palmPosition":[20.0149,234.416,-0.220861],"palmVelocity":[-25.6608,-123.521,-42.3403],"palmWidth":84.8164,"pinchStrength":0.79671,"r":[[0.960348,-0.132605,-0.24525],[0.0513406,0.948718,-0.311926],[0.274036,0.286967,0.917908]],"s":0.955443,"sphereCenter":[32.8945,191.377,-12.0912],"sphereRadius":41.3537,"stabilizedPalmPosition":[20.094,234.894,-0.0147987],"t":[30.3439,-51.2922,-71.7121],"timeVisible":21.0992,"type":"right","wrist":[30.3129,241.672,49.1931]}],"id":1429701,"interactionBox":{"center":[0,200,0],"size":[235.247,235.247,147.751]},"pointables":[{"bases":[[[0.332748,0.903527,-0.270032],[-0.801746,0.421808,0.423416],[0.49647,0.0756063,0.864755]],[[0.0796962,0.777577,-0.623717],[-0.920018,0.29822,0.254228],[0.383687,0.55357,0.739151]],[[0.0796962,0.777577,-0.623717],[-0.996807,0.0652509,-0.046021],[0.00491322,0.625393,0.780294]],[[0.0796962,0.777577,-0.623717],[-0.987103,-0.0255889,-0.158029],[-0.13884,0.628267,0.765509]]],"btipPosition":[-10.2956,170.959,-21.0813],"carpPosition":[4.68487,230.3,54.8115],"dipPosition":[-13.3245,184.665,-4.38121],"direction":[-0.00491322,-0.625393,-0.780294],"extended":false,"handId":426,"id":4260,"length":48.5803,"mcpPosition":[4.68487,230.3,54.8115],"pipPosition":[-13.1683,204.542,20.4183],"stabilizedTipPosition":[-11.027,174.242,-17.2266],"timeVisible":21.0992,"tipPosition":[-10.604,174.634,-17.1787],"tipVelocity":[38.0293,-166.569,-1.18987],"tool":false,"touchDistance":0.235419,"touchZone":"hovering","type":0,"width":18.876},{"bases":[[[0.970058,0.0468278,-0.238317],[-0.0951351,0.976089,-0.195448],[0.223466,0.212268,0.951318]],[[0.982898,0.0610082,-0.173749],[-0.174343,0.61208,-0.771338],[0.0592902,0.788439,0.612249]],[[0.982898,0.0610082,-0.173749],[-0.179179,0.099121,-0.978811],[-0.0424933,0.993203,0.108357]],[[0.982898,0.0610082,-0.173749],[-0.153624,-0.248608,-0.956344],[-0.10154,0.966681,-0.234984]]],"btipPosition":[-4.75138,164.43,-45.0736],"carpPosition":[10.3733,248.335,43.3837],"dipPosition":[-6.36854,179.826,-48.816],"direction":[0.0424933,-0.993203,-0.108357],"extended":false,"handId":426,"id":4261,"length":54.8174,"mcpPosition":[-4.95151,233.778,-21.8557],"pipPosition":[-7.32593,202.203,-46.3747],"stabilizedTipPosition":[-5.43831,170.878,-46.4476],"timeVisible":21.0992,"tipPosition":[-5.02091,168.283,-45.4911],"tipVelocity":[26.502,-184.502,15.1003],"tool":false,"touchDistance":0.674744,"touchZone":"hovering","type":1,"width":18.0304},{"bases":[[[0.99324,-0.0920146,-0.0707651],[0.0751635,0.974377,-0.211991],[0.0884581,0.205239,0.974706]],[[0.990703,-0.0971441,-0.0952412],[-0.0912514,0.0447293,-0.994823],[0.100901,0.994265,0.035449]],[[0.990703,-0.0971441,-0.0952412],[-0.118089,-0.961668,-0.247486],[-0.0675487,0.256432,-0.964199]],[[0.990703,-0.0971441,-0.0952412],[-0.0571973,-0.932624,0.356288],[-0.123436,-0.347528,-0.929509]]],"btipPosition":[14.7805,191.569,16.7035],"carpPosition":[21.1141,250.299,39.8453],"dipPosition":[12.6183,185.482,0.42128],"direction":[0.0675487,-0.256432,0.964199],"extended":false,"handId":426,"id":4262,"length":62.4601,"mcpPosition":[15.3613,236.951,-23.544],"pipPosition":[10.8278,192.279,-25.1367],"stabilizedTipPosition":[14.3873,192.529,13.429],"timeVisible":21.0992,"tipPosition":[14.4538,191.121,13.8605],"tipVelocity":[-6.78224,-133.451,-28.5747],"tool":false,"touchDistance":0.333333,"touchZone":"none","type":2,"width":17.7082},{"bases":[[[0.98692,-0.133998,0.0896257],[0.148716,0.971359,-0.185325],[-0.0622255,0.19623,0.978582]],[[0.983384,-0.125538,0.131131],[0.133366,0.00952499,-0.991021],[0.123162,0.992043,0.0261092]],[[0.983384,-0.125538,0.131131],[-0.0917505,-0.966997,-0.237693],[0.156643,0.221712,-0.962448]],[[0.983384,-0.125538,0.131131],[-0.164108,-0.923588,0.346488],[0.0776139,-0.36225,-0.928844]]],"btipPosition":[25.535,197.72,20.9187],"carpPos