{"sensorType":"Leap","data":[[0,{"currentFrameRate":54.1862,"devices":[],"gestures":[{"direction":[-0.162189,-0.974172,0.157109],"duration":18422,"handIds":[426],"id":9,"pointableIds":[4261],"position":[-14.1451,183.668,-75.8778],"speed":199.227,"startPosition":[7.57113,320.617,-98.9547],"state":"update","type":"swipe"}],"hands":[{"armBasis":[[0.98417,0.177221,0.00130157],[-0.17684,0.981518,0.0731507],[0.0116863,-0.0722229,0.99732]],"armWidth":59.3966,"confidence":0.355498,"direction":[-0.0886407,-0.331932,-0.939129],"elbow":[38.3545,241.31,295.205],"grabStrength":0,"id":426,"palmNormal":[0.227364,-0.924692,0.305369],"palmPosition":[24.9763,237.731,-0.725293],"palmVelocity":[8.50091,-331.926,74.8979],"palmWidth":84.8164,"pinchStrength":0.00764788,"r":[[0.989048,-0.0854498,-0.120344],[0.0383521,0.936147,-0.349511],[0.142525,0.341068,0.929171]],"s":1.09133,"sphereCenter":[15.4931,192.307,-4.17028],"sphereRadius":47.5714,"stabilizedPalmPosition":[24.9701,237.813,-0.75466],"t":[34.6525,-44.197,-74.4295],"timeVisible":10.9096,"type":"right","wrist":[35.4133,259.488,44.1985]}],"id":1429155,"interactionBox":{"center":[0,200,0],"size":[235.247,235.247,147.751]},"pointables":[{"bases":[[[0.169575,0.837328,-0.519737],[-0.84755,0.393018,0.356646],[0.502895,0.380025,0.776323]],[[0.179689,0.844827,-0.503964],[-0.775903,0.436642,0.455322],[0.60472,0.309211,0.733963]],[[0.179689,0.844827,-0.503964],[-0.975732,0.218232,0.0179376],[0.125135,0.488511,0.863538]],[[0.179689,0.844827,-0.503964],[-0.949344,0.0146711,-0.313896],[-0.257794,0.534839,0.804668]]],"btipPosition":[-14.2767,204.701,-24.6994],"carpPosition":[12.2145,246.282,54.452],"dipPosition":[-19.9006,216.369,-7.14504],"direction":[-0.125135,-0.488511,-0.863538],"extended":false,"handId":426,"id":4260,"length":48.5803,"mcpPosition":[12.2145,246.282,54.452],"pipPosition":[-15.9235,231.895,20.3001],"stabilizedTipPosition":[-15.6408,208.663,-21.3647],"timeVisible":10.9096,"tipPosition":[-14.6285,205.919,-19.6631],"tipVelocity":[9.13717,-472.815,211.442],"tool":false,"touchDistance":-0.176164,"touchZone":"touching","type":0,"width":18.876},{"bases":[[[0.941117,0.128077,-0.312881],[-0.261964,0.861278,-0.435403],[0.213713,0.491729,0.844115]],[[0.937635,0.120317,-0.326136],[-0.244809,0.894628,-0.373777],[0.246799,0.430307,0.868289]],[[0.937635,0.120317,-0.326136],[-0.313597,0.697578,-0.644238],[0.149992,0.706335,0.691804]],[[0.937635,0.120317,-0.326136],[-0.342859,0.474852,-0.810533],[0.0573456,0.871802,0.48649]]],"btipPosition":[-14.3552,180.474,-77.6599],"carpPosition":[14.4771,261.227,38.3352],"dipPosition":[-13.4419,194.359,-69.9118],"direction":[-0.149992,-0.706335,-0.691804],"extended":true,"handId":426,"id":4261,"length":54.8174,"mcpPosition":[-0.17884,227.506,-19.5524],"pipPosition":[-10.0625,210.273,-54.3252],"stabilizedTipPosition":[-14.1598,183.89,-76.0062],"timeVisible":10.9096,"tipPosition":[-15.1053,186.296,-77.2476],"tipVelocity":[16.9435,-870.064,351.774],"tool":false,"touchDistance":0.664074,"touchZone":"hovering","type":1,"width":18.0304},{"bases":[[[0.992115,0.0446178,-0.117121],[-0.0943304,0.881118,-0.463393],[0.082522,0.470787,0.878379]],[[0.989896,0.0335149,-0.137781],[-0.11957,-0.325013,-0.93812],[-0.0762216,0.945115,-0.317722]],[[0.989896,0.0335149,-0.137781],[0.00155372,-0.974172,-0.225803],[-0.14179,0.223307,-0.96438]],[[0.989896,0.0335149,-0.137781],[0.0617329,-0.97661,0.205966],[-0.127655,-0.21239,-0.968811]]],"btipPosition":[28.6823,188.498,33.3122],"carpPosition":[24.6299,263.778,33.6282],"dipPosition":[26.4462,184.778,16.3416],"direction":[0.14179,-0.223307,0.96438],"extended":false,"handId":426,"id":4262,"length":62.4601,"mcpPosition":[19.2631,233.161,-23.4965],"pipPosition":[22.6878,190.697,-9.22126],"stabilizedTipPosition":[21.0781,205.333,10.9664],"timeVisible":10.9096,"tipPosition":[28.2164,187.971,29.741],"tipVelocity":[114.789,-260.098,249.613],"tool":false,"touchDistance":0.333333,"touchZone":"none","type":2,"width":17.7082},{"bases":[[[0.997714,0.0468614,0.0486842],[-0.0205285,0.896613,-0.44234],[-0.0643795,0.440329,0.895525]],[[0.999586,0.0273255,0.00899838],[0.0167633,-0.299026,-0.954098],[-0.0233804,0.953854,-0.299361]],[[0.999586,0.0273255,0.00899838],[0.0286957,-0.969328,-0.244088],[0.00205256,0.244245,-0.969711]],[[0.999586,0.0273255,0.00899838],[0.0250827,-0.98096,0.192584],[0.0140895,-0.192279,-0.981239]]],"btipPosition":[40.2276,196.271,33.541],"carpPosition":[35.7931,264.666,31.233],"dipPosition":[40.473,192.922,16.4514],"direction":[-0.00205256,-0.244245,0.969711],"extended":false,"handId":426,"id":4263,"length":60.057,"mcpPosition":[39.5522,238.955,-21.0567],"pipPosition":[40.526,199.229,-8.58887],"stabilizedTipPosition":[32.0104,214.738,10.098],"timeVisible":10.9096,"tipPosition":[40.2003,196.1,30.1138],"tipVelocity":[109.156,-241.062,204.354],"tool":false,"touchDistance":0.333333,"touchZone":"none","type":3,"width":16.8505},{"bases":[[[0.973143,-0.0512851,0.224418],[0.129296,0.928342,-0.348516],[-0.190463,0.368172,0.91004]],[[0.944603,-0.00838313,0.328108],[0.314693,-0.260858,-0.912645],[0.0932405,0.965341,-0.243769]],[[0.944603,-0.00838313,0.328108],[0.0849383,-0.959375,-0.269044],[0.317034,0.282009,-0.905517]],[[0.944603,-0.00838313,0.328108],[-0.0552256,-0.989481,0.13371],[0.323536,-0.144423,-0.935129]]],"btipPosition":[44.556,206.474,24.0448],"carpPosition":[48.3129,261.013,33.6646],"dipPosition":[49.7543,204.154,9.01983],"direction":[-0.317034,-0.282009,0.905517],"extended":false,"handId":426,"id":4264,"length":47.0836,"mcpPosition":[58.6076,241.113,-15.524],"pipPosition":[55.5344,209.295,-7.48931],"stabilizedTipPosition":[41.7752,219.432,9.69694],"timeVisible":10.9096,"tipPosition":[45.7266,205.914,20.5285],"tipVelocity":[86.2135,-244.163,177.974],"tool":false,"touchDistance":0.333333,"touchZone":"none","type":4,"width":14.9679}],"r":[[0.989048,-0.0854498,-0.120344],[0.0383521,0.936147,-0.349511],[0.142525,0.341068,0.929171]],"s":1.09133,"t":[34.6525,-44.197,-74.4295],"timestamp":89006322906},false],[1,{"currentFrameRate":54.2172,"devices":[],"gestures":[{"direction":[-0.162189,-0.974172,0.157109],"duration":18422,"handIds":[426],"id":9,"pointableIds":[4261],"position":[-14.1451,183.668,-75.8778],"speed":199.227,"startPosition":[7.57113,320.617,-98.9547],"state":"update","type":"swipe"}],"hands":[{"armBasis":[[0.996244,-0.0844804,-0.0190076],[0.0852207,0.995466,0.0422588],[0.0153513,-0.0437199,0.998926]],"armWidth":59.3966,"confidence":0.358682,"direction":[-0.0351569,-0.0768689,-0.996421],"elbow":[38.1705,241.372,305.459],"grabStrength":0.409187,"id":426,"palmNormal":[-0.0815502,-0.993492,0.0795202],"palmPosition":[25.1314,245.103,4.41664],"palmVelocity":[8.48016,20.4179,173.564],"palmWidth":84.8164,"pinchStrength":0.782723,"r":[[0.98488,-0.122184,-0.122808],[0.0715379,0.93249,-0.354041],[0.157775,0.339902,0.927132]],"s":0.948365,"sphereCenter":[38.5637,194.505,-5.38439],"sphereRadius":46.1948,"stabilizedPalmPosition":[25.0843,242.975,2.90661],"t":[34.8211,-43.5567,-71.1574],"timeVisible":10.928,"type":"right","wrist":[34.3069,252.376,54.0488]}],"id":1429156,"interactionBox":{"center":[0,200,0],"size":[235.247,235.247,147.751]},"pointables":[{"bases":[[[0.466888,0.839783,-0.277092],[-0.751423,0.541949,0.37637],[0.466239,0.0324904,0.884062]],[[0.261065,0.768062,-0.584744],[-0.861489,0.458672,0.217846],[0.435525,0.446879,0.78142]],[[0.261065,0.768062,-0.584744],[-0.961399,0.261427,-0.0858413],[0.0869364,0.584582,0.806663]],[[0.261065,0.768062,-0.584744],[-0.954957,0.11696,-0.272723],[-0.141076,0.629604,0.764001]]],"btipPosition":[-12.8214,191.745,-19.8755],"carpPosition":[7.12923,244.853,58.7893],"dipPosition":[-15.8991,205.48,-3.20833],"direction":[-0.0869364,-0.584582,-0.806663],"extended":false,"handId":426,"id":4260,"length":48.5803,"mcpPosition":[7.12923,244.853,58.7893],"pipPosition":[-13.136,224.059,22.4292],"stabilizedTipPosition":[-13.8134,196.755,-16.7582],"timeVisible":10.928,"tipPosition":[-6.85015,197.417,-15.5259],"tipVelocity":[58.1828,-572.596,230.896],"tool":false,"touchDistance":-0.177842,"touchZone":"touching","type":0,"width":18.876},{"bases":[[[0.976006,-0.0957672,-0.195554],[0.0506985,0.973353,-0.223638],[0.21176,0.208358,0.954853]],[[0.98834,-0.0810899,-0.128877],[-0.0458797,0.648464,-0.759862],[0.145189,0.756914,0.637182]],[[0.98834,-0.0810899,-0.128877],[-0.117914,0.127908,-0.984752],[0.0963377,0.988466,0.116855]],[[0.98834,-0.0810899,-0.128877],[-0.145167,-0.246401,-0.958234],[0.0459478,0.96577,-0.255299]]],"btipPosition":[-7.48545,179.309,-42.3805],"carpPosition":[15.7534,261.562,47.1857],"dipPosition":[-6.75367,194.691,-46.4465],"direction":[-0.0963377,-0.988465,-0.116855],"extended":false,"handId":426,"id":4261,"length":54.8174,"mcpPosition":[1.23131,247.274,-18.2962],"pipPosition":[-4.58313,216.961,-43.8137],"stabilizedTipPosition":[-8.84894,183.081,-50.6337],"timeVisible":10.928,"tipPosition":[-4.76272,188.712,-19.9728],"tipVelocity":[187.571,-473.899,1035.41],"tool":false,"touchDistance":1,"touchZone":"none","type":1,"width":18.0304},{"bases":[[[0.972603,-0.231257,-0.0237423],[0.219611,0.947488,-0.232461],[0.0762538,0.220878,0.972316]],[[0.972559,-0.231383,-0.0242982],[0.012111,0.154647,-0.987896],[0.23234,0.960493,0.153206]],[[0.972559,-0.231383,-0.0242982],[-0.147535,-0.532608,-0.833404],[0.179894,0.814119,-0.55213]],[[0.972559,-0.231383,-0.0242982],[-0.198201,-0.769304,-0.607362],[0.121841,0.595511,-0.794054]]],"btipPosition":[4.49855,172.374,2.51343],"carpPosition":[26.7995,261.905,44.0861],"dipPosition":[6.63283,182.806,-11.396],"direction":[-0.179894,-0.814119,0.55213],"extended":false,"handId":426,"id":4262,"length":62.4601,"mcpPosition":[21.8404,247.541,-19.1478],"pipPosition":[11.4013,204.386,-26.0313],"stabilizedTipPosition":[16.2179,196.101,7.44641],"timeVisible":10.928,"tipPosition":[5.82668,176.532,-5.72889],"tipVelocity":[-547.139,-472.164,-658.1],"tool":false,"touchDistance":0.333333,"touchZone":"none","type":2,"width":17.7082},{"bases":[[[0.953882,-0.266996,0.137193],[0.290857,0.935102,-0.20245],[-0.0742361,0.233016,0.969635]],[[0.956106,-0.276212,0.0978184],[0.128124,0.0938539,-0.987307],[0.263525,0.956503,0.125124]],[[0.956106,-0.276212,0.0978184],[-0.10597,-0.637167,-0.763406],[0.273188,0.719531,-0.63847]],[[0.956106,-0.276212,0.0978184],[-0.194116,-0.847119,-0.494679],[0.2195,0.453978,-0.863553]]],"btipPosition":[20.4906,179.967,12.5756],"carpPosition":[38.0086,259.896,42.8769],"dipPosition":[24.3135,187.874,-2.46434],"direction":[-0.273188,-0.719531,0.63847],"extended":false,"handId":426,"id":4263,"length":60.057,"mcpPosition":[42.3432,246.29,-13.74],"pipPosition":[31.3679,206.454,-18.9512],"stabilizedTipPosition":[27.9273,202.093,9.72133],"timeVisible":10.928,"tipPosition":[22.0543,183.973,8.46435],"tipVelocity":[-438.422,-484.414,-430.283],"tool":false,"touchDistance":0.333333,"touchZone":"none","type":3,"width":16.8505},{"bases":[[[0.877621,-0.389043,0.280047],[0.427971,0.899079,-0.0921808],[-0.215923,0.200752,0.95555]],[[0.879093,-0.390422,0.273435],[0.307365,0.0258694,-0.95124],[0.364311,0.920273,0.142744]],[[0.879093,-0.390422,0.273435],[-0.0468599,-0.641669,-0.765548],[0.474342,0.660175,-0.582382]],[[0.879093,-0.390422,0.273435],[-0.219766,-0.841039,-0.494325],[0.422964,0.374466,-0.825152]]],"btipPosition":[32.7698,192.975,12.809],"carpPosition":[48.5507,252.211,45.2864],"dipPosition":[39.5657,198.992,-0.44898],"direction":[-0.474342,-0.660175,0.582382],"extended":false,"handId":426,"id":4264,"length":47.0836,"mcpPosition":[60.2215,241.36,-6.36198],"pipPosition":[48.2137,211.028,-11.0668],"stabilizedTipPosition":[37.6233,205.444,9.73193],"timeVisible":10.928,"tipPosition":[33.931,197.633,10.7845],"tipVelocity":[-254.119,-430.173,-190.976],"tool":false,"touchDistance":0.333333,"touchZone":"none","type":4,"width":14.9679}],"r":[[0.98488,-0.122184,-0.122808],[0.0715379,0.93249,-0.354041],[0.157775,0.339902,0.927132]],"s":0.948365,"t":[34.8211,-43.5567,-71.1574],"timestamp":89006341241},false],[2,{"currentFrameRate":54.1259,"devices":[],"gestures":[],"hands":[{"armBasis":[[0.978969,-0.2019,-0.0292539],[0.201892,0.979402,-0.0032805],[0.0293137,-0.00269462,0.999567]],"armWidth":59.3966,"confidence":0.568822,"direction":[0.0395952,0.201855,-0.978615],"elbow":[37.0201,246.168,302.299],"grabStrength":0.95299,"id":426,"palmNormal":[-0.197988,-0.95838,-0.205692],"palmPosition":[23.879,254.582,0.653392],"palmVelocity":[-60.5973,156.694,-56.2924],"palmWidth":84.8164,"pinchStrength":1,"r":[[0.917022,-0.386223,-0.0995103],[0.358059,0.907131,-0.221149],[0.175682,0.167167,0.97015]],"s":0.363779,"sphereCenter":[31.6009,209.938,-20.8886],"sphereRadius":42.1632,"stabilizedPalmPosition":[24.1359,253.86,0.910001],"t":[34.8753,-36.3955,-70.5896],"timeVisible":11.2605,"type":"right","wrist":[29.6424,246.846,50.727]}],"id":1429174,"interactionBox":{"center":[0,200,0],"size":[235.247,235.247,147.751]},"pointables":[{"bases":[[[0.578922,0.815346,-0.00779529],[-0.715128,0.512311,0.475531],[0.391715,-0.269721,0.879665]],[[0.335337,0.848359,-0.409678],[-0.870737,0.445117,0.209015],[0.359674,0.286631,0.887962]],[[0.335337,0.848359,-0.409678],[-0.937955,0.341382,-0.0608206],[0.0882589,0.404655,0.9102]],[[0.335337,0.848359,-0.409678],[-0.935187,0.247178,-0.253632],[-0.113908,0.468178,0.876262]]],"btipPosition":[-15.5596,205.508,-37.5305],"carpPosition":[1.4964,241.919,51.8315],"dipPosition":[-18.0446,215.721,-18.4142],"direction":[-0.0882589,-0.404655,-0.9102],"extended":false,"handId":426,"id":4260,"length":48.5803,"mcpPosition":[1.4964,241.919,51.8315],"pipPosition":[-15.2395,228.582,10.514],"stabilizedTipPosition":[-14.8862,201.757,-27.9673],"timeVisible":11.2605,"tipPosition":[-15.0221,207.559,-33.0966],"tipVelocity":[-47.5787,236.751,-197.559],"tool":false,"touchDistance":-0.451739,"touchZone":"touching","type":0,"width":18.876},{"bases":[[[0.972149,-0.165141,-0.1663],[0.177194,0.982323,0.0603588],[0.153393,-0.0881453,0.984226]],[[0.982231,-0.172657,-0.073569],[0.0488261,0.613583,-0.788119],[0.181215,0.770523,0.61111]],[[0.982231,-0.172657,-0.073569],[-0.0532713,0.119386,-0.991418],[0.179959,0.97772,0.108067]],[[0.982231,-0.172657,-0.073569],[-0.104308,-0.176339,-0.978787],[0.156022,0.969069,-0.191215]]],"btipPosition":[-11.4527,197.608,-45.5548],"carpPosition":[12.8633,259.883,45.8042],"dipPosition":[-8.96784,213.042,-48.6001],"direction":[-0.179959,-0.97772,-0.108067],"extended":false,"handId":426,"id":4261,"length":54.8174,"mcpPosition":[2.34391,265.928,-21.692],"pipPosition":[-4.91329,235.07,-46.1653],"stabilizedTipPosition":[-10.2657,188.409,-34.1895],"timeVisible":11.2605,"tipPosition":[-10.7034,201.252,-44.6265],"tipVelocity":[-41.3032,270.814,-219.182],"tool":false,"touchDistance":0.18795,"touchZone":"hovering","type":1,"width":18.0304},{"bases":[[[0.939388,-0.340558,-0.0396356],[0.342321,0.938089,0.0529687],[0.0191428,-0.0633263,0.997809]],[[0.939492,-0.342528,-0.00541072],[0.107552,0.309917,-0.944661],[0.32525,0.886919,0.328004]],[[0.939492,-0.342528,-0.00541072],[-0.0990485,-0.256484,-0.96146],[0.327939,0.90382,-0.274892]],[[0.939492,-0.342528,-0.00541072],[-0.187141,-0.499936,-0.845602],[0.286937,0.795449,-0.533787]]],"btipPosition":[-5.47902,185.992,-19.5208],"carpPosition":[24.0984,259.615,43.4713],"dipPosition":[-0.452742,199.926,-28.8711],"direction":[-0.327939,-0.90382,0.274892],"extended":false,"handId":426,"id":4262,"length":62.4601,"mcpPosition":[22.8534,263.733,-21.4205],"pipPosition":[8.23994,223.884,-36.1577],"stabilizedTipPosition":[-1.96923,182.145,-17.2957],"timeVisible":11.2605,"tipPosition":[-4.18794,189.646,-24.5667],"tipVelocity":[-35.2145,212.151,-108.994],"tool":false,"touchDistance":0.333333,"touchZone":"none","type":2,"width":17.7082},{"bases":[[[0.90347,-0.415906,0.103753],[0.408997,0.908863,0.0817825],[-0.128311,-0.0314534,0.991235]],[[0.906443,-0.414971,0.0784844],[0.199944,0.257974,-0.945236],[0.371999,0.872496,0.316809]],[[0.906443,-0.414971,0.0784844],[-0.0524016,-0.294912,-0.954086],[0.419064,0.860712,-0.289066]],[[0.906443,-0.414971,0.0784844],[-0.166357,-0.521645,-0.836786],[0.388183,0.745443,-0.541875]]],"btipPosition":[9.49274,186.86,-11.8697],"carpPosition":[35.0757,256.57,42.3011],"dipPosition":[16.2535,199.843,-21.3072],"direction":[-0.419064,-0.860712,0.289066],"extended":false,"handId":426,"id":4263,"length":60.057,"mcpPosition":[42.5677,258.406,-15.5771],"pipPosition":[27.0747,222.068,-28.7716],"stabilizedTipPosition":[12.3983,181.995,-9.96882],"timeVisible":11.2605,"tipPosition":[11.313,190.133,-16.499],"tipVelocity":[-40.1141,197.34,-164.398],"tool":false,"touchDistance":0.333333,"touchZone":"none","type":3,"width":16.8505},{"bases":[[[0.802466,-0.561166,0.202832],[0.531588,0.826737,0.184174],[-0.271041,-0.0399708,0.961738]],[[0.817319,-0.557745,0.144602],[0.338795,0.262204,-0.903586],[0.466055,0.787508,0.403265]],[[0.817319,-0.557745,0.144602],[0.00534332,-0.243617,-0.969857],[0.57616,0.793455,-0.196133]],[[0.817319,-0.557745,0.144602],[-0.154122,-0.453445,-0.877858],[0.55519,0.695203,-0.45657]]],"btipPosition":[24.3231,197.784,-11.383],"carpPosition":[44.4591,247.216,42.9798],"dipPosition":[33.2435,208.954,-18.7189],"direction":[-0.57616,-0.793455,0.196133],"extended":false,"handId":426,"id":4264,"length":47.0836,"mcpPosition":[59.1091,249.376,-9.00305],"pipPosition":[43.7479,223.42,-22.2947],"stabilizedTipPosition":[28.3539,190.163,-6.23348],"timeVisible":11.2605,"tipPosition":[26.7731,200.745,-14.5242],"tipVelocity":[-48.7611,195.928,-165.299],"tool":false,"touchDistance":0.333333,"touchZone":"none","type":4,"width":14.9679}],"r":[[0.917022,-0.386223,-0.0995103],[0.358059,0.907131,-0.221149],[0.175682,0.167167,0.97015]],"s":0.363779,"t":[34.8753,-36.3955,-70.5896],"timestamp":89006673762},false],[3,{"currentFrameRate":54.1941,"devices":[],"gestures":[],"hands":[{"armBasis":[[0.980293,-0.196662,-0.0187147],[0.19654,0.980462,-0.00819537],[0.0199608,0.00435568,0.999791]],"armWidth":59.3966,"confidence":0.58114,"direction":[0.0401476,0.268805,-0.962358],"elbow":[33.5614,248.433,300.935],"grabStrength":0.939176,"id":426,"palmNormal":[-0.193008,-0.942909,-0.271425],"palmPosition":[22.8152,258.468,-0.127556],"palmVelocity":[-59.552,183.763,-49.8853],"palmWidth":84.8164,"pinchStrength":1,"r":[[0.919311,-0.376353,-0.115001],[0.352465,0.917409,-0.18474],[0.175031,0.1293,0.976036]],"s":0.383426,"sphereCenter":[30.8657,215.458,-24.6457],"sphereRadius":42.2724,"stabilizedPalmPosition":[22.9429,258.022,-0.0272421],"t":[33.7744,-32.9738,-71.5095],"timeVisible":11.2787,"type":"right","wrist":[28.5377,247.337,49.3071]}],"id":1429175,"interactionBox":{"center":[0,200,0],"size":[235.247,235.247,147.751]},"pointables":[{"bases":[[[0.574966,0.816688,0.0493383],[-0.718353,0.475031,0.508247],[0.391642,-0.327667,0.859797]],[[0.331566,0.876044,-0.350159],[-0.871108,0.426797,0.242929],[0.362263,0.22448,0.90464]],[[0.331566,0.876044,-0.350159],[-0.939836,0.339083,-0.0415969],[0.0822923,0.342884,0.935766]],[[0.331566,0.876044,-0.350159],[-0.93515,0.256107,-0.244752],[-0.124735,0.408602,0.904149]]],"btipPosition":[-16.3363,211.956,-41.5419],"carpPosition":[0.41426,242.212,50.0171],"dipPosition":[-19.0575,220.869,-21.8172],"direction":[-0.0822923,-0.342884,-0.935766],"extended":false,"handId":426,"id":4260,"length":48.5803,"mcpPosition":[0.41426,242.212,50.0171],"pipPosition":[-16.4421,231.767,7.9235],"stabilizedTipPosition":[-15.7367,206.775,-31.6698],"timeVisible":11.2787,"tipPosition":[-15.8911,213.724,-37.0235],"tipVelocity":[-46.6497,284.948,-204.733],"tool":false,"touchDistance":-0.49297,"touchZone":"touching","type":0,"width":18.876},{"bases":[[[0.973199,-0.148715,-0.175409],[0.172326,0.976683,0.128041],[0.152277,-0.154837,0.976134]],[[0.983056,-0.162274,-0.0852512],[0.0470236,0.672768,-0.738357],[0.17717,0.721838,0.669]],[[0.983056,-0.162274,-0.0852512],[-0.0512156,0.203403,-0.977755],[0.176004,0.965554,0.191646]],[[0.983056,-0.162274,-0.0852512],[-0.100642,-0.0891055,-0.990924],[0.153205,0.982714,-0.103927]]],"btipPosition":[-12.2403,204.906,-51.1358],"carpPosition":[11.7032,260.601,45.2598],"dipPosition":[-9.80033,220.557,-52.791],"direction":[-0.176004,-0.965554,-0.191646],"extended":false,"handId":426,"id":4261,"length":54.8174,"mcpPosition":[1.26034,271.22,-21.6814],"pipPosition":[-5.83487,242.312,-48.4732],"stabilizedTipPosition":[-10.5754,192.813,-37.9863],"timeVisible":11.2787,"tipPosition":[-11.505,208.409,-49.7892],"tipVelocity":[-42.5028,334.201,-252.485],"tool":false,"touchDistance":0.12894,"touchZone":"hovering","type":1,"width":18.0304},{"bases":[[[0.941092,-0.332574,-0.0611571],[0.337677,0.933844,0.117943],[0.0178866,-0.131646,0.991135]],[[0.941157,-0.336852,-0.0274664],[0.0943318,0.339859,-0.935734],[0.324539,0.878081,0.351636]],[[0.941157,-0.336852,-0.0274664],[-0.109805,-0.227907,-0.967472],[0.319635,0.913558,-0.251484]],[[0.941157,-0.336852,-0.0274664],[-0.193517,-0.470482,-0.860929],[0.277083,0.815584,-0.507984]]],"btipPosition":[-6.12795,191.154,-21.757],"carpPosition":[22.9431,260.547,42.9353],"dipPosition":[-1.27429,205.441,-30.6554],"direction":[-0.319635,-0.913558,0.251484],"extended":false,"handId":426,"id":4262,"length":62.4601,"mcpPosition":[21.7798,269.109,-21.5224],"pipPosition":[7.19828,229.657,-37.3215],"stabilizedTipPosition":[-2.93085,186.031,-19.3527],"timeVisible":11.2787,"tipPosition":[-4.89614,195.027,-26.8262],"tipVelocity":[-36.4556,248.337,-112.857],"tool":false,"touchDistance":0.333333,"touchZone":"none","type":2,"width":17.7082},{"bases":[[[0.905316,-0.417766,0.0766474],[0.404449,0.903024,0.144807],[-0.12971,-0.100096,0.986487]],[[0.908151,-0.415261,0.0531079],[0.193686,0.304299,-0.932678],[0.371144,0.857298,0.35678]],[[0.908151,-0.415261,0.0531079],[-0.0571824,-0.24871,-0.966889],[0.41472,0.875044,-0.249612]],[[0.908151,-0.415261,0.0531079],[-0.168512,-0.478721,-0.861644],[0.383231,0.773553,-0.504727]]],"btipPosition":[8.6696,191.714,-15.6446],"carpPosition":[33.9369,257.642,41.5795],"dipPosition":[15.3441,205.186,-24.435],"direction":[-0.41472,-0.875044,0.249612],"extended":false,"handId":426,"id":4263,"length":60.057,"mcpPosition":[41.5106,263.487,-16.0214],"pipPosition":[26.0531,227.782,-30.8806],"stabilizedTipPosition":[11.854,185.176,-11.8791],"timeVisible":11.2787,"tipPosition":[10.4701,195.212,-20.1636],"tipVelocity":[-43.0632,233.338,-180.978],"tool":false,"touchDistance":0.333333,"touchZone":"none","type":3,"width":16.8505},{"bases":[[[0.804864,-0.569968,0.16532],[0.527276,0.814638,0.241547],[-0.27235,-0.107243,0.956203]],[[0.819107,-0.562911,0.110428],[0.329949,0.304851,-0.89342],[0.469252,0.768243,0.435438]],[[0.819107,-0.562911,0.110428],[-0.00399061,-0.198092,-0.980175],[0.573627,0.802428,-0.164505]],[[0.819107,-0.562911,0.110428],[-0.16032,-0.409474,-0.898125],[0.550782,0.717957,-0.425649]]],"btipPosition":[23.3109,202.618,-14.5658],"carpPosition":[43.3645,248.308,41.6317],"dipPosition":[32.1605,214.154,-21.4048],"direction":[-0.573627,-0.802428,0.164505],"extended":false,"handId":426,"id":4264,"length":47.0836,"mcpPosition":[58.0853,254.105,-10.052],"pipPosition":[42.6187,228.783,-24.404],"stabilizedTipPosition":[27.8009,192.941,-8.05467],"timeVisible":11.2787,"tipPosition":[25.7675,205.719,-17.7744],"tipVelocity":[-52.4438,231.344,-166.823],"tool":false,"touchDistance":0.333333,"touchZone":"none","type":4,"width":14.9679}],"r":[[0.919311,-0.376353,-0.115001],[0.352465,0.917409,-0.18474],[0.175031,0.1293,0.976036]],"s":0.383426,"t":[33.7744,-32.9738,-71.5095],"timestamp":89006691974},false],[4,{"currentFrameRate":54.192,"devices":[],"gestures":[],"hands":[{"armBasis":[[0.974517,-0.209979,-0.0789007],[0.210742,0.977541,0.00137431],[0.0768401,-0.017967,0.996882]],"armWidth":59.3966,"confidence":0.59171,"direction":[0.0457608,0.336049,-0.940732],"elbow":[47.0207,243.128,298.54],"grabStrength":0.897931,"id":426,"palmNormal":[-0.207451,-0.917992,-0.338016],"palmPosition":[22.2063,262.366,-0.87296],"palmVelocity":[-46.7401,196.978,-45.3003],"palmWidth":84.8164,"pinchStrength":1,"r":[[0.919933,-0.369068,-0.13233],[0.350886,0.925571,-0.14212],[0.174933,0.084308,0.980964]],"s":0.410626,"sphereCenter":[29.8639,220.873,-28.4457],"sphereRadius":42.6817,"stabilizedPalmPosition":[22.2587,262.056,-0.812763],"t":[32.9195,-29.314,-72.3422],"timeVisible":11.2972,"type":"right","wrist":[27.6816,247.65,47.6441]}],"id":1429176,"interactionBox":{"center":[0,200,0],"size":[235.247,235.247,147.751]},"pointables":[{"bases":[[[0.587692,0.801896,0.107615],[-0.711508,0.4489,0.540597],[0.385195,-0.394274,0.83437]],[[0.345335,0.893406,-0.287351],[-0.863072,0.422586,0.276637],[0.368579,0.152472,0.917007]],[[0.345335,0.893406,-0.287351],[-0.934802,0.35454,-0.0211282],[0.0830014,0.275912,0.957592]],[[0.345335,0.893406,-0.287351],[-0.930449,0.285965,-0.229105],[-0.122512,0.346483,0.930022]]],"btipPosition":[-17.6357,219.511,-45.4142],"carpPosition":[-0.5201,242.934,47.9782],"dipPosition":[-20.3083,227.07,-25.1252],"direction":[-0.0830014,-0.275912,-0.957592],"extended":false,"handId":426,"id":4260,"length":48.5803,"mcpPosition":[-0.5201,242.934,47.9782],"pipPosition":[-17.6704,235.839,5.30926],"stabilizedTipPosition":[-16.9094,213.528,-35.9049],"timeVisible":11.2972,"tipPosition":[-17.2201,220.98,-40.8136],"tipVelocity":[-57.8067,336.785,-203.771],"tool":false,"touchDistance":-0.528145,"touchZone":"touching","type":0,"width":18.876},{"bases":[[[0.970986,-0.151211,-0.185263],[0.18751,0.962223,0.197399],[0.148416,-0.22641,0.962658]],[[0.980363,-0.170837,-0.0985037],[0.0615145,0.739514,-0.670325],[0.187361,0.651102,0.735501]],[[0.980363,-0.170837,-0.0985037],[-0.0406415,0.313753,-0.948634],[0.192967,0.93401,0.300649]],[[0.980363,-0.170837,-0.0985037],[-0.0943878,0.03207,-0.995019],[0.173145,0.984777,0.0153154]]],"btipPosition":[-13.7226,214.158,-57.9421],"carpPosition":[11.064,261.434,44.5476],"dipPosition":[-10.965,229.842,-57.6982],"direction":[-0.192967,-0.93401,-0.300649],"extended":false,"handId":426,"id":4261,"length":54.8174,"mcpPosition":[0.885956,276.961,-21.4695],"pipPosition":[-6.61737,250.886,-50.9245],"stabilizedTipPosition":[-11.2713,199.723,-43.4969],"timeVisible":11.2972,"tipPosition":[-12.924,217.316,-55.8189],"tipVelocity":[-58.8228,414.942,-297.129],"tool":false,"touchDistance":0.0835107,"touchZone":"hovering","type":1,"width":18.0304},{"bases":[[[0.935822,-0.342215,-0.0844203],[0.35218,0.917602,0.184324],[0.014386,-0.202225,0.979233]],[[0.935785,-0.348721,-0.0519584],[0.0916857,0.382993,-0.91919],[0.340441,0.8554,0.390372]],[[0.935785,-0.348721,-0.0519584],[-0.121693,-0.181156,-0.975896],[0.330903,0.919552,-0.21196]],[[0.935785,-0.348721,-0.0519584],[-0.207123,-0.42448,-0.881429],[0.285318,0.83559,-0.46945]]],"btipPosition":[-7.69579,197.075,-25.1527],"carpPosition":[22.305,261.368,42.2287],"dipPosition":[-2.69789,211.712,-33.3761],"direction":[-0.330903,-0.919552,0.21196],"extended":false,"handId":426,"id":4262,"length":62.4601,"mcpPosition":[21.3694,274.52,-21.4551],"pipPosition":[6.07337,236.087,-38.9945],"stabilizedTipPosition":[-4.40773,191.918,-22.4946],"timeVisible":11.2972,"tipPosition":[-6.45281,201.141,-29.9488],"tipVelocity":[-58.9702,285.362,-143.09],"tool":false,"touchDistance":0.333333,"touchZone":"none","type":2,"width":17.7082},{"bases":[[[0.898509,-0.436436,0.0469489],[0.418419,0.883894,0.208943],[-0.132688,-0.168093,0.9768]],[[0.901153,-0.432724,0.0259532],[0.190041,0.340535,-0.920826],[0.389626,0.834737,0.389109]],[[0.901153,-0.432724,0.0259532],[-0.0710915,-0.206576,-0.975844],[0.427633,0.87754,-0.21692]],[[0.901153,-0.432724,0.0259532],[-0.183596,-0.435205,-0.881413],[0.392704,0.789523,-0.471632]]],"btipPosition":[6.89205,197.032,-18.7529],"carpPosition":[33.2536,258.393,40.6725],"dipPosition":[13.7315,210.783,-26.967],"direction":[-0.427633,-0.87754,0.21692],"extended":false,"handId":426,"id":4263,"length":60.057,"mcpPosition":[41.0012,268.208,-16.3628],"pipPosition":[24.774,233.443,-32.5684],"stabilizedTipPosition":[10.814,189.785,-14.5683],"timeVisible":11.2972,"tipPosition":[8.74983,200.72,-23.2776],"tipVelocity":[-67.7457,261.436,-171.439],"tool":false,"touchDistance":0.333333,"touchZone":"none","type":3,"width":16.8505},{"bases":[[[0.795544,-0.592963,0.124514],[0.539699,0.786906,0.299173],[-0.27538,-0.170805,0.94604]],[[0.809289,-0.582844,0.0731018],[0.324713,0.340182,-0.882518],[0.489502,0.737949,0.464563]],[[0.809289,-0.582844,0.0731018],[-0.0204607,-0.152342,-0.988116],[0.587054,0.798176,-0.135214]],[[0.809289,-0.582844,0.0731018],[-0.177459,-0.361222,-0.915438],[0.559963,0.727882,-0.395764]]],"btipPosition":[21.5833,207.594,-17.5602],"carpPosition":[42.5329,248.932,40.0621],"dipPosition":[30.5804,219.289,-23.9191],"direction":[-0.587054,-0.798176,0.135214],"extended":false,"handId":426,"id":4264,"length":47.0836,"mcpPosition":[57.4174,258.164,-11.0722],"pipPosition":[41.2834,233.841,-26.3843],"stabilizedTipPosition":[26.7904,197.165,-10.7265],"timeVisible":11.2972,"tipPosition":[24.104,210.807,-20.8455],"tipVelocity":[-71.4025,250.724,-161.713],"tool":false,"touchDistance":0.333333,"touchZone":"none","type":4,"width":14.9679}],"r":[[0.919933,-0.369068,-0.13233],[0.350886,0.925571,-0.14212],[0.174933,0.084308,0.980964]],"s":0.410626,"t":[32.9195,-29.314,-72.3422],"timestamp":89006710434},false],[5,{"currentFrameRate":54.1592,"devices":[],"gestures":[],"hands":[{"armBasis":[[0.974208,-0.219373,-0.0528586],[0.219623,0.975584,-0.00111532],[0.0518127,-0.0105224,0.998601]],"armWidth":59.3966,"confidence":0.597032,"direction":[0.0432393,0.392037,-0.918933],"elbow":[40.0044,246.407,297.201],"grabStrength":0.828627,"id":426,"palmNormal":[-0.22036,-0.893398,-0.391512],"palmPosition":[21.3292,266.75,-1.62005],"palmVelocity":[-46.9653,215.884,-42.8336],"palmWidth":84.8164,"pinchStrength":1,"r":[[0.919386,-0.362919,-0.15172],[0.351547,0.931131,-0.0970043],[0.176476,0.0358476,0.983652]],"s":0.44588,"sphereCenter":[28.6606,226.524,-31.8703],"sphereRadius":43.3381,"stabilizedPalmPosition":[21.3771,266.508,-1.57844],"t":[32.0535,-25.2917,-73.1321],"timeVisible":11.3158,"type":"right","wrist":[26.9641,249.055,45.8727]}],"id":1429177,"interactionBox":{"center":[0,200,0],"size":[235.247,235.247,147.751]},"pointables":[{"bases":[[[0.597653,0.787283,0.151647],[-0.702566,0.423133,0.572153],[0.386279,-0.448491,0.806005]],[[0.352702,0.905365,-0.236464],[-0.854421,0.414636,0.313116],[0.381531,0.0916029,0.919806]],[[0.352702,0.905365,-0.236464],[-0.931749,0.363103,0.000468597],[0.0862849,0.22016,0.97164]],[[0.352702,0.905365,-0.236464],[-0.927961,0.305913,-0.212849],[-0.120369,0.294502,0.94804]]],"btipPosition":[-19.1566,226.957,-48.2307],"carpPosition":[-1.28733,244.642,46.1316],"dipPosition":[-21.7826,233.382,-27.5485],"direction":[-0.0862849,-0.22016,-0.97164],"extended":false,"handId":426,"id":4260,"length":48.5803,"mcpPosition":[-1.28733,244.642,46.1316],"pipPosition":[-19.0402,240.379,3.33234],"stabilizedTipPosition":[-18.4562,221.615,-40.011],"timeVisible":11.3158,"tipPosition":[-18.8461,228.237,-43.5986],"tipVelocity":[-69.1812,360.981,-176.127],"tool":false,"touchDistance":-0.544554,"touchZone":"touching","type":0,"width":18.876},{"bases":[[[0.967886,-0.150486,-0.201372],[0.199974,0.946308,0.25399],[0.152338,-0.286103,0.946012]],[[0.977467,-0.174794,-0.118349],[0.071915,0.802861,-0.591813],[0.198463,0.569967,0.79734]],[[0.977467,-0.174794,-0.118349],[-0.0317379,0.432587,-0.901033],[0.208691,0.884486,0.417292]],[[0.977467,-0.174794,-0.118349],[-0.088581,0.169253,-0.981584],[0.191605,0.969949,0.149955]]],"btipPosition":[-15.6619,224.605,-64.8543],"carpPosition":[10.4865,263.186,43.7426],"dipPosition":[-12.6104,240.053,-62.4661],"direction":[-0.208691,-0.884486,-0.417292],"extended":false,"handId":426,"id":4261,"length":54.8174,"mcpPosition":[0.0394663,282.806,-21.1329],"pipPosition":[-7.90845,259.981,-53.0643],"stabilizedTipPosition":[-11.2713,199.723,-43.4969],"timeVisible":11.3158,"tipPosition":[-14.799,227.225,-61.8125],"tipVelocity":[-79.1332,484.905,-320.556],"tool":false,"touchDistance":-0.0734722,"touchZone":"hovering","type":1,"width":18.0304},{"bases":[[[0.931202,-0.346858,-0.11204],[0.364024,0.900732,0.236997],[0.0187132,-0.261478,0.965028]],[[0.931317,-0.355184,-0.0805767],[0.0831158,0.422668,-0.902465],[0.354598,0.833784,0.42316]],[[0.931317,-0.355184,-0.0805767],[-0.137265,-0.137379,-0.980961],[0.337352,0.924647,-0.176698]],[[0.931317,-0.355184,-0.0805767],[-0.223207,-0.381798,-0.896888],[0.287796,0.853273,-0.434855]]],"btipPosition":[-9.42271,203.223,-28.1317],"carpPosition":[21.7099,263.136,41.3398],"dipPosition":[-4.38139,218.169,-35.749],"direction":[-0.337352,-0.924647,0.176698],"extended":false,"handId":426,"id":4262,"length":62.4601,"mcpPosition":[20.4929,280.141,-21.4202],"pipPosition":[4.56079,242.679,-40.4327],"stabilizedTipPosition":[-6.39113,199.502,-26.2958],"timeVisible":11.3158,"tipPosition":[-8.21187,207.45,-32.6566],"tipVelocity":[-75.1721,309.269,-147.809],"tool":false,"touchDistance":0.333333,"touchZone":"none","type":2,"width":17.7082},{"bases":[[[0.893697,-0.448464,0.0136484],[0.430035,0.864855,0.259029],[-0.127969,-0.225624,0.965773]],[[0.896141,-0.443725,-0.00623333],[0.174619,0.365502,-0.914285],[0.407969,0.81824,0.405024]],[[0.896141,-0.443725,-0.00623333],[-0.0944946,-0.177078,-0.97965],[0.433591,0.878494,-0.200617]],[[0.896141,-0.443725,-0.00623333],[-0.205661,-0.402821,-0.891874],[0.393235,0.800527,-0.452242]]],"btipPosition":[5.04835,202.608,-20.6792],"carpPosition":[32.6125,260.139,39.5239],"dipPosition":[11.8971,216.551,-28.5555],"direction":[-0.433591,-0.878494,0.200617],"extended":false,"handId":426,"id":4263,"length":60.057,"mcpPosition":[40.0846,273.314,-16.8675],"pipPosition":[23.0934,239.235,-33.736],"stabilizedTipPosition":[9.11473,196.285,-17.7809],"timeVisible":11.3158,"tipPosition":[6.88427,206.449,-25.2485],"tipVelocity":[-82.9459,281.321,-136.578],"tool":false,"touchDistance":0.333333,"touchZone":"none","type":3,"width":16.8505},{"bases":[[[0.789458,-0.608256,0.0823464],[0.550796,0.76122,0.342298],[-0.270889,-0.224874,0.935976]],[[0.802548,-0.59566,0.0332697],[0.316042,0.377189,-0.870544],[0.505999,0.709167,0.490965]],[[0.802548,-0.59566,0.0332697],[-0.0380711,-0.106788,-0.993553],[0.595372,0.796107,-0.10838]],[[0.802548,-0.59566,0.0332697],[-0.19558,-0.315376,-0.928594],[0.563618,0.738734,-0.369603]]],"btipPosition":[19.8308,213.026,-20.587],"carpPosition":[41.7773,250.629,38.2711],"dipPosition":[28.8866,224.895,-26.5255],"direction":[-0.595372,-0.796107,0.10838],"extended":false,"handId":426,"id":4264,"length":47.0836,"mcpPosition":[56.4191,262.784,-12.3192],"pipPosition":[39.7413,239.41,-28.5015],"stabilizedTipPosition":[25.2234,203.139,-14.3337],"timeVisible":11.3158,"tipPosition":[22.3406,216.331,-23.7843],"tipVelocity":[-82.1545,271.946,-159.77],"tool":false,"touchDistance":0.333333,"touchZone":"none","type":4,"width":14.9679}],"r":[[0.919386,-0.362919,-0.15172],[0.351547,0.931131,-0.0970043],[0.176476,0.0358476,0.983652]],"s":0.44588,"t":[32.0535,-25.2917,-73.1321],"timestamp":89006729014},false],[6,{"currentFrameRate":54.1778,"devices":[],"gestures":[],"hands":[{"armBasis":[[0.97651,-0.211109,-0.0431402],[0.21142,0.977391,0.00271961],[0.0415907,-0.0117764,0.999065]],"armWidth":59.3966,"confidence":0.612539,"direction":[0.0329407,0.459587,-0.887522],"elbow":[36.2022,248.25,295.024],"grabStrength":0.754945,"id":426,"palmNormal":[-0.220477,-0.862787,-0.454961],"palmPosition":[19.5782,272.371,-2.41002],"palmVelocity":[-70.1715,259.038,-42.8904],"palmWidth":84.8164,"pinchStrength":0.929589,"r":[[0.918945,-0.353931,-0.173989],[0.351172,0.935108,-0.0474529],[0.179494,-0.0174935,0.983604]],"s":0.481784,"sphereCenter":[26.98,234.214,-35.8511],"sphereRadius":43.9011,"stabilizedPalmPosition":[19.6465,272.148,-2.37845],"t":[30.745,-20.4703,-73.9221],"timeVisible":11.3341,"type":"right","wrist":[25.7347,251.214,43.5784]}],"id":1429178,"interactionBox":{"center":[0,200,0],"size":[235.247,235.247,147.751]},"pointables":[{"bases":[[[0.595899,0.776609,0.204407],[-0.698797,0.376031,0.608509],[0.39571,-0.505449,0.766769]],[[0.345023,0.922369,-0.173766],[-0.850811,0.385523,0.357061],[0.396333,0.0246478,0.917776]],[[0.345023,0.922369,-0.173766],[-0.934896,0.354142,0.0235295],[0.0832407,0.154335,0.984506]],[[0.345023,0.922369,-0.173766],[-0.929385,0.309862,-0.200572],[-0.131158,0.230698,0.964145]]],"btipPosition":[-20.721,235.576,-51.2614],"carpPosition":[-2.49509,246.661,43.7667],"dipPosition":[-23.5823,240.609,-30.2279],"direction":[-0.0832407,-0.154335,-0.984506],"extended":false,"handId":426,"id":4260,"length":48.5803,"mcpPosition":[-2.49509,246.661,43.7667],"pipPosition":[-20.9367,245.514,1.06188],"stabilizedTipPosition":[-20.2556,230.922,-43.9587],"timeVisible":11.3341,"tipPosition":[-20.6988,236.704,-46.6066],"tipVelocity":[-78.235,404.38,-168.557],"tool":false,"touchDistance":-0.562681,"touchZone":"touching","type":0,"width":18.876},{"bases":[[[0.966528,-0.130508,-0.220889],[0.198574,0.925695,0.321957],[0.162458,-0.355043,0.920626]],[[0.976839,-0.160216,-0.141833],[0.0705712,0.866984,-0.493313],[0.202004,0.471878,0.858211]],[[0.976839,-0.160216,-0.141833],[-0.0296067,0.555267,-0.831145],[0.211918,0.816094,0.537663]],[[0.976839,-0.160216,-0.141833],[-0.0858857,0.313532,-0.945686],[0.195983,0.935964,0.29251]]],"btipPosition":[-17.9457,237.544,-71.6177],"carpPosition":[9.18096,265.387,42.6584],"dipPosition":[-14.8244,252.45,-66.9591],"direction":[-0.211918,-0.816094,-0.537663],"extended":false,"handId":426,"id":4261,"length":54.8174,"mcpPosition":[-1.96006,289.735,-20.4762],"pipPosition":[-10.0498,270.837,-54.8453],"stabilizedTipPosition":[-13.7205,216.684,-54.6193],"timeVisible":11.3341,"tipPosition":[-17.0636,239.53,-67.9276],"tipVelocity":[-100.38,586.812,-329.595],"tool":false,"touchDistance":-0.219382,"touchZone":"hovering","type":1,"width":18.0304},{"bases":[[[0.931481,-0.33316,-0.146106],[0.362637,0.882285,0.300112],[0.0289218,-0.332532,0.942648]],[[0.93193,-0.343703,-0.115653],[0.0692387,0.481695,-0.8736],[0.355968,0.806126,0.472703]],[[0.93193,-0.343703,-0.115653],[-0.149587,-0.0738198,-0.985989],[0.33035,0.936173,-0.120208]],[[0.93193,-0.343703,-0.115653],[-0.232846,-0.32264,-0.917434],[0.27801,0.881914,-0.380708]]],"btipPosition":[-11.1199,210.712,-32.5321],"carpPosition":[20.3812,265.569,40.1557],"dipPosition":[-6.24996,226.16,-39.2009],"direction":[-0.33035,-0.936173,0.120208],"extended":false,"handId":426,"id":4262,"length":62.4601,"mcpPosition":[18.5002,287.195,-21.1487],"pipPosition":[2.50661,250.975,-42.3873],"stabilizedTipPosition":[-8.64007,208.702,-31.1382],"timeVisible":11.3341,"tipPosition":[-9.99578,215.18,-36.647],"tipVelocity":[-84.4321,359.399,-186.097],"tool":false,"touchDistance":0.333333,"touchZone":"none","type":2,"width":17.7082},{"bases":[[[0.89558,-0.444019,-0.0280001],[0.428998,0.845178,0.318803],[-0.11789,-0.297526,0.947407]],[[0.8977,-0.438158,-0.0463928],[0.161937,0.426023,-0.890102],[0.409769,0.791532,0.453395]],[[0.8977,-0.438158,-0.0463928],[-0.105982,-0.112527,-0.987981],[0.427671,0.891827,-0.147452]],[[0.8977,-0.438158,-0.0463928],[-0.214686,-0.343026,-0.914463],[0.384765,0.830874,-0.402001]]],"btipPosition":[3.3507,209.674,-25.3713],"carpPosition":[31.2779,262.767,38.0218],"dipPosition":[10.0519,224.145,-32.3727],"direction":[-0.427671,-0.891827,0.147452],"extended":false,"handId":426,"id":4263,"length":60.057,"mcpPosition":[38.1615,280.139,-17.2972],"pipPosition":[21.0954,247.174,-36.1803],"stabilizedTipPosition":[6.9893,204.699,-22.4119],"timeVisible":11.3341,"tipPosition":[5.09919,213.749,-29.4953],"tipVelocity":[-88.3351,333.975,-188.341],"tool":false,"touchDistance":0.333333,"touchZone":"none","type":3,"width":16.8505},{"bases":[[[0.79264,-0.608974,0.0295521],[0.550959,0.736199,0.393008],[-0.261088,-0.295231,0.91906]],[[0.805035,-0.592959,-0.0178236],[0.302523,0.436196,-0.847474],[0.510292,0.676854,0.530537]],[[0.805035,-0.592959,-0.0178236],[-0.0519776,-0.0405744,-0.997824],[0.590946,0.804209,-0.0634844]],[[0.805035,-0.592959,-0.0178236],[-0.207197,-0.252895,-0.945047],[0.555867,0.764489,-0.326449]]],"btipPosition":[1