{"sensorType":"Leap","data":[[0,{"currentFrameRate":54.2011,"devices":[],"gestures":[],"hands":[{"armBasis":[[0.971723,0.200385,0.124904],[-0.203625,0.978955,0.0136029],[-0.11955,-0.0386518,0.992076]],"armWidth":59.3966,"confidence":0.439027,"direction":[0.26066,-0.185639,-0.947415],"elbow":[10.8863,255.199,319.423],"grabStrength":0,"id":426,"palmNormal":[0.143533,-0.962981,0.228179],"palmPosition":[47.8896,250.315,21.372],"palmVelocity":[-21.793,-115.887,56.5782],"palmWidth":84.8164,"pinchStrength":0.14687,"r":[[0.97388,-0.225718,0.0246768],[0.222477,0.926831,-0.30247],[0.0454016,0.300059,0.95284]],"s":1.41139,"sphereCenter":[44.9952,206.39,8.89992],"sphereRadius":46.023,"stabilizedPalmPosition":[48.5018,255.267,18.9312],"t":[58.1493,-35.6004,-51.9641],"timeVisible":31.9625,"type":"right","wrist":[40.9747,264.926,69.7366]}],"id":1430283,"interactionBox":{"center":[0,200,0],"size":[235.247,235.247,147.751]},"pointables":[{"bases":[[[0.306653,0.903746,-0.298677],[-0.934254,0.3458,0.0871299],[0.182026,0.252322,0.950369]],[[0.257628,0.823424,-0.505571],[-0.943991,0.326139,0.0501466],[0.206178,0.464335,0.861327]],[[0.257628,0.823424,-0.505571],[-0.930402,0.0702142,-0.359754],[-0.260732,0.563066,0.784204]],[[0.257628,0.823424,-0.505571],[-0.944117,0.103186,-0.313041],[-0.205598,0.557966,0.803992]]],"btipPosition":[19.3964,198.956,-13.448],"carpPosition":[16.2182,250.63,69.0935],"dipPosition":[14.9112,211.129,4.09165],"direction":[0.260732,-0.563066,-0.784204],"extended":false,"handId":426,"id":4260,"length":48.5803,"mcpPosition":[16.2182,250.63,69.0935],"pipPosition":[6.62453,229.024,29.0154],"stabilizedTipPosition":[19.2248,206.204,-13.3206],"timeVisible":31.9625,"tipPosition":[18.4804,200.623,-8.6835],"tipVelocity":[-25.0361,-136.628,120.769],"tool":false,"touchDistance":0.408678,"touchZone":"hovering","type":0,"width":18.876},{"bases":[[[0.984913,0.161518,0.0621072],[-0.127606,0.920312,-0.369787],[-0.116885,0.356283,0.927038]],[[0.988945,0.146453,0.0232232],[-0.135446,0.955926,-0.260499],[-0.0603507,0.254474,0.965195]],[[0.988945,0.146453,0.0232232],[-0.107221,0.814448,-0.570243],[-0.102428,0.561449,0.821147]],[[0.988945,0.146453,0.0232232],[-0.0741536,0.624074,-0.777839],[-0.12841,0.767518,0.628035]]],"btipPosition":[38.165,208.302,-73.5596],"carpPosition":[23.3795,267.8,57.1715],"dipPosition":[36.1199,220.526,-63.5573],"direction":[0.102428,-0.561449,-0.821147],"extended":true,"handId":426,"id":4261,"length":54.8174,"mcpPosition":[31.3953,243.367,-6.4029],"pipPosition":[33.8122,233.175,-45.0565],"stabilizedTipPosition":[37.7007,211.329,-71.3783],"timeVisible":31.9625,"tipPosition":[36.9275,213.877,-72.3489],"tipVelocity":[-34.2761,-393.507,168.379],"tool":false,"touchDistance":0.599059,"touchZone":"hovering","type":1,"width":18.0304},{"bases":[[[0.967293,0.0488953,0.248906],[0.0382073,0.941968,-0.333521],[-0.250769,0.332123,0.909291]],[[0.964913,0.0519896,0.257373],[0.261725,-0.111792,-0.958646],[-0.0210674,0.992371,-0.121477]],[[0.964913,0.0519896,0.257373],[0.21838,-0.703134,-0.676692],[0.145787,0.709154,-0.689817]],[[0.964913,0.0519896,0.257373],[0.165269,-0.881932,-0.441456],[0.204034,0.468502,-0.859579]]],"btipPosition":[44.241,177.707,36.4459],"carpPosition":[34.4243,270.898,56.7808],"dipPosition":[47.8151,185.914,21.3887],"direction":[-0.145787,-0.709154,0.689817],"extended":false,"handId":426,"id":4262,"length":62.4601,"mcpPosition":[50.7329,249.299,-2.35421],"pipPosition":[51.6794,204.712,3.10373],"stabilizedTipPosition":[43.7285,198.73,-6.65899],"timeVisible":31.9625,"tipPosition":[45.1639,179.262,32.6502],"tipVelocity":[7.57047,-112.811,134.583],"tool":false,"touchDistance":0.333333,"touchZone":"none","type":2,"width":17.7082},{"bases":[[[0.914196,0.0260873,0.404432],[0.0992049,0.953162,-0.28573],[-0.392943,0.301334,0.868788]],[[0.920722,0.0209784,0.389655],[0.386091,-0.193841,-0.901864],[0.0566113,0.980809,-0.186573]],[[0.920722,0.0209784,0.389655],[0.258047,-0.78178,-0.567654],[0.292716,0.623201,-0.725216]],[[0.920722,0.0209784,0.389655],[0.161622,-0.929379,-0.331862],[0.355175,0.36853,-0.85909]]],"btipPosition":[52.5124,191.037,49.3729],"carpPosition":[45.6708,271.992,58.6419],"dipPosition":[58.6983,197.456,34.4107],"direction":[-0.292716,-0.623201,0.725216],"extended":false,"handId":426,"id":4263,"length":60.057,"mcpPosition":[68.6147,254.397,7.91346],"pipPosition":[66.2569,213.548,15.6839],"stabilizedTipPosition":[47.2795,207.32,10.1417],"timeVisible":31.9625,"tipPosition":[53.9895,192.286,45.7515],"tipVelocity":[7.20711,-87.0831,131.153],"tool":false,"touchDistance":0.333333,"touchZone":"none","type":3,"width":16.8505},{"bases":[[[0.83353,-0.0970627,0.543881],[0.20508,0.968468,-0.141462],[-0.513001,0.229452,0.827153]],[[0.795104,-0.0805684,0.601097],[0.588995,-0.133644,-0.797009],[0.144547,0.987749,-0.0588069]],[[0.795104,-0.0805684,0.601097],[0.352561,-0.745051,-0.566215],[0.493467,0.662124,-0.563988]],[[0.795104,-0.0805684,0.601097],[0.192631,-0.906262,-0.376275],[0.575067,0.414968,-0.705053]]],"btipPosition":[61.4052,204.155,43.6238],"carpPosition":[56.6779,267.853,64.7831],"dipPosition":[70.645,210.823,32.2955],"direction":[-0.493467,-0.662124,0.563988],"extended":false,"handId":426,"id":4264,"length":47.0836,"mcpPosition":[84.406,255.451,20.0747],"pipPosition":[79.6417,222.895,22.013],"stabilizedTipPosition":[58.9672,219.723,14.2206],"timeVisible":31.9625,"tipPosition":[63.9195,205.321,40.7906],"tipVelocity":[0.98076,-89.4735,108.388],"tool":false,"touchDistance":0.333333,"touchZone":"none","type":4,"width":14.9679}],"r":[[0.97388,-0.225718,0.0246768],[0.222477,0.926831,-0.30247],[0.0454016,0.300059,0.95284]],"s":1.41139,"t":[58.1493,-35.6004,-51.9641],"timestamp":89027375729},false],[1,{"currentFrameRate":54.1987,"devices":[],"gestures":[],"hands":[{"armBasis":[[0.969979,0.207831,0.126283],[-0.209878,0.977723,0.00297874],[-0.122851,-0.0293934,0.99199]],"armWidth":59.3966,"confidence":0.452862,"direction":[0.254044,-0.185895,-0.94916],"elbow":[10.0483,256.057,319.906],"grabStrength":0,"id":426,"palmNormal":[0.153858,-0.961092,0.229412],"palmPosition":[47.5898,248.775,21.8564],"palmVelocity":[-19.1156,-100.235,41.9463],"palmWidth":84.8164,"pinchStrength":0.149872,"r":[[0.97485,-0.222004,0.0195434],[0.215855,0.918742,-0.330636],[0.055447,0.326539,0.943556]],"s":1.40161,"sphereCenter":[47.1249,204.186,10.4773],"sphereRadius":45.7755,"stabilizedPalmPosition":[48.1971,253.099,19.9083],"t":[57.7987,-37.4224,-51.2048],"timeVisible":31.9809,"type":"right","wrist":[40.9675,263.455,70.2413]}],"id":1430284,"interactionBox":{"center":[0,200,0],"size":[235.247,235.247,147.751]},"pointables":[{"bases":[[[0.296197,0.905569,-0.303664],[-0.936431,0.337929,0.0943469],[0.188054,0.256415,0.948096]],[[0.247353,0.826582,-0.505549],[-0.945848,0.319186,0.059096],[0.210212,0.463554,0.860772]],[[0.247353,0.826582,-0.505549],[-0.932889,0.0621934,-0.354752],[-0.26179,0.55937,0.786493]],[[0.247353,0.826582,-0.505549],[-0.946923,0.0956624,-0.306896],[-0.205313,0.554627,0.806372]]],"btipPosition":[19.3494,197.495,-12.7901],"carpPosition":[16.3314,248.942,69.8502],"dipPosition":[14.8704,209.595,4.80141],"direction":[0.26179,-0.55937,-0.786493],"extended":false,"handId":426,"id":4260,"length":48.5803,"mcpPosition":[16.3314,248.942,69.8502],"pipPosition":[6.55008,227.373,29.7979],"stabilizedTipPosition":[18.851,203.758,-11.4315],"timeVisible":31.9809,"tipPosition":[18.4034,199.129,-8.016],"tipVelocity":[-14.1523,-109.338,80.0212],"tool":false,"touchDistance":0.41119,"touchZone":"hovering","type":0,"width":18.876},{"bases":[[[0.983975,0.170205,0.0531327],[-0.138789,0.918186,-0.371043],[-0.111939,0.357723,0.927094]],[[0.987445,0.156843,0.0187695],[-0.144522,0.944994,-0.293427],[-0.063759,0.287031,0.955797]],[[0.987445,0.156843,0.0187695],[-0.113048,0.784664,-0.609526],[-0.110328,0.599752,0.792544]],[[0.987445,0.156843,0.0187695],[-0.0763122,0.577697,-0.812676],[-0.138305,0.801041,0.582413]]],"btipPosition":[38.1582,203.845,-71.1654],"carpPosition":[23.2399,266.142,57.8221],"dipPosition":[35.9555,216.602,-61.8897],"direction":[0.110328,-0.599752,-0.792544],"extended":true,"handId":426,"id":4261,"length":54.8174,"mcpPosition":[30.9164,241.61,-5.75615],"pipPosition":[33.4698,230.115,-44.0334],"stabilizedTipPosition":[37.6545,207.044,-69.1688],"timeVisible":31.9809,"tipPosition":[36.8396,209.573,-70.2468],"tipVelocity":[-18.8686,-316.967,145.357],"tool":false,"touchDistance":0.605892,"touchZone":"hovering","type":1,"width":18.0304},{"bases":[[[0.968952,0.0579305,0.240368],[0.0271379,0.941373,-0.336274],[-0.245757,0.332356,0.910573]],[[0.966625,0.0610174,0.248822],[0.253894,-0.0982983,-0.962224],[-0.0342536,0.993285,-0.11051]],[[0.966625,0.0610174,0.248822],[0.219904,-0.695908,-0.683633],[0.131444,0.715534,-0.686101]],[[0.966625,0.0610174,0.248822],[0.170176,-0.878925,-0.445568],[0.191508,0.473041,-0.859975]]],"btipPosition":[44.9363,175.839,36.3249],"carpPosition":[34.2536,269.335,57.3275],"dipPosition":[48.291,184.125,21.2607],"direction":[-0.131444,-0.715534,0.686101],"extended":false,"handId":426,"id":4262,"length":62.4601,"mcpPosition":[50.2362,247.72,-1.89092],"pipPosition":[51.7752,203.092,3.07428],"stabilizedTipPosition":[43.8214,197.744,-4.80309],"timeVisible":31.9809,"tipPosition":[45.7124,177.585,32.8601],"tipVelocity":[20.7688,-106.739,66.4677],"tool":false,"touchDistance":0.333333,"touchZone":"none","type":2,"width":17.7082},{"bases":[[[0.917404,0.0350775,0.396408],[0.0884478,0.953221,-0.289043],[-0.388003,0.300231,0.871387]],[[0.923806,0.0300182,0.381682],[0.380108,-0.191241,-0.904956],[0.0458282,0.981084,-0.18808]],[[0.923806,0.0300182,0.381682],[0.260354,-0.780188,-0.56879],[0.28071,0.624824,-0.728558]],[[0.923806,0.0300182,0.381682],[0.167168,-0.928497,-0.331583],[0.344437,0.370124,-0.86277]]],"btipPosition":[53.0052,189.56,49.8804],"carpPosition":[45.5058,270.531,59.088],"dipPosition":[59.004,196.006,34.8542],"direction":[-0.28071,-0.624824,0.728558],"extended":false,"handId":426,"id":4263,"length":60.057,"mcpPosition":[68.1613,253.001,8.20785],"pipPosition":[66.2526,212.14,16.041],"stabilizedTipPosition":[47.4293,206.977,10.9066],"timeVisible":31.9809,"tipPosition":[54.4237,190.845,46.2862],"tipVelocity":[15.4823,-83.5278,80.7725],"tool":false,"touchDistance":0.333333,"touchZone":"none","type":3,"width":16.8505},{"bases":[[[0.839022,-0.0883951,0.53687],[0.195432,0.969828,-0.14574],[-0.507788,0.227201,0.830982]],[[0.800964,-0.0720873,0.594356],[0.583185,-0.130676,-0.80176],[0.135465,0.988801,-0.0626266]],[[0.800964,-0.0720873,0.594356],[0.354029,-0.743545,-0.567278],[0.482824,0.664789,-0.570032]],[[0.800964,-0.0720873,0.594356],[0.197131,-0.905617,-0.375497],[0.565328,0.417926,-0.711156]]],"btipPosition":[61.6967,202.797,44.1119],"carpPosition":[56.6012,266.504,65.1441],"dipPosition":[70.78,209.512,32.6856],"direction":[-0.482824,-0.664789,0.570032],"extended":false,"handId":426,"id":4264,"length":47.0836,"mcpPosition":[84.0477,254.223,20.2287],"pipPosition":[79.5827,221.632,22.2929],"stabilizedTipPosition":[59.1546,219.125,15.2813],"timeVisible":31.9809,"tipPosition":[64.1731,203.979,41.2549],"tipVelocity":[7.18385,-81.5271,68.2767],"tool":false,"touchDistance":0.333333,"touchZone":"none","type":4,"width":14.9679}],"r":[[0.97485,-0.222004,0.0195434],[0.215855,0.918742,-0.330636],[0.055447,0.326539,0.943556]],"s":1.40161,"t":[57.7987,-37.4224,-51.2048],"timestamp":89027394188},false],[2,{"currentFrameRate":54.1616,"devices":[],"gestures":[],"hands":[{"armBasis":[[0.96917,0.215395,0.119644],[-0.216607,0.976255,-0.0029366],[-0.117435,-0.0230695,0.992813]],"armWidth":59.3966,"confidence":0.464963,"direction":[0.252284,-0.181408,-0.950497],"elbow":[11.0532,256.703,320.584],"grabStrength":0,"id":426,"palmNormal":[0.163179,-0.960227,0.226577],"palmPosition":[47.1883,248.002,22.269],"palmVelocity":[-20.3175,-71.7947,32.3682],"palmWidth":84.8164,"pinchStrength":0.149307,"r":[[0.975965,-0.217441,0.0145502],[0.208499,0.912228,-0.35266],[0.0634098,0.347218,0.935638]],"s":1.39158,"sphereCenter":[49.02,202.92,11.6581],"sphereRadius":45.6311,"stabilizedPalmPosition":[47.874,251.467,20.6644],"t":[57.4226,-38.7199,-50.6189],"timeVisible":31.9995,"type":"right","wrist":[40.6094,262.509,70.7119]}],"id":1430285,"interactionBox":{"center":[0,200,0],"size":[235.247,235.247,147.751]},"pointables":[{"bases":[[[0.287082,0.908868,-0.30256],[-0.939042,0.329396,0.098479],[0.189166,0.255845,0.948029]],[[0.239228,0.831758,-0.500948],[-0.948223,0.311137,0.0637782],[0.208911,0.459753,0.863124]],[[0.239228,0.831758,-0.500948],[-0.933938,0.056,-0.353021],[-0.265575,0.552307,0.790207]],[[0.239228,0.831758,-0.500948],[-0.949518,0.0925686,-0.299744],[-0.202943,0.547366,0.811914]]],"btipPosition":[19.2485,196.893,-12.6149],"carpPosition":[16.1014,247.78,70.3739],"dipPosition":[14.8212,208.834,5.09758],"direction":[0.265575,-0.552307,-0.790207],"extended":false,"handId":426,"id":4260,"length":48.5803,"mcpPosition":[16.1014,247.78,70.3739],"pipPosition":[6.38063,226.387,30.2121],"stabilizedTipPosition":[18.5658,201.865,-10.1034],"timeVisible":31.9995,"tipPosition":[18.3224,198.481,-7.80792],"tipVelocity":[-9.61102,-72.9976,46.5215],"tool":false,"touchDistance":0.406451,"touchZone":"hovering","type":0,"width":18.876},{"bases":[[[0.982614,0.178791,0.0500391],[-0.148237,0.917788,-0.368362],[-0.111785,0.35454,0.928335]],[[0.98576,0.16703,0.0194707],[-0.152051,0.93478,-0.321041],[-0.0718244,0.313509,0.946865]],[[0.98576,0.16703,0.0194707],[-0.115777,0.758093,-0.641787],[-0.121958,0.630393,0.766636]],[[0.98576,0.16703,0.0194707],[-0.0744786,0.537467,-0.839989],[-0.150768,0.826577,0.542253]]],"btipPosition":[38.5057,200.832,-69.1293],"carpPosition":[22.8144,265.068,58.3622],"dipPosition":[36.1045,213.996,-60.4932],"direction":[0.121958,-0.630393,-0.766636],"extended":true,"handId":426,"id":4261,"length":54.8174,"mcpPosition":[30.4803,240.754,-5.30108],"pipPosition":[33.3567,228.199,-43.2206],"stabilizedTipPosition":[37.928,204.13,-67.315],"timeVisible":31.9995,"tipPosition":[37.1235,206.646,-68.457],"tipVelocity":[-1.85234,-239.421,124.14],"tool":false,"touchDistance":0.606971,"touchZone":"hovering","type":1,"width":18.0304},{"bases":[[[0.969254,0.065949,0.237059],[0.0176014,0.942363,-0.334128],[-0.245431,0.328028,0.912229]],[[0.966934,0.0689913,0.245517],[0.250861,-0.084022,-0.96437],[-0.0459042,0.994073,-0.098551]],[[0.966934,0.0689913,0.245517],[0.224479,-0.687124,-0.690992],[0.121028,0.723257,-0.679891]],[[0.966934,0.0689913,0.245517],[0.177132,-0.87429,-0.451931],[0.183474,0.480476,-0.857601]]],"btipPosition":[45.3994,174.775,35.9823],"carpPosition":[33.7975,268.36,57.8361],"dipPosition":[48.6133,183.192,20.9597],"direction":[-0.121028,-0.723257,0.679891],"extended":false,"handId":426,"id":4262,"length":62.4601,"mcpPosition":[49.7589,247.027,-1.49003],"pipPosition":[51.8214,202.363,2.93787],"stabilizedTipPosition":[44.0269,195.879,-1.49348],"timeVisible":31.9995,"tipPosition":[46.0844,176.658,32.7348],"tipVelocity":[21.929,-81.9555,25.5609],"tool":false,"touchDistance":0.333333,"touchZone":"none","type":2,"width":17.7082},{"bases":[[[0.918469,0.0422739,0.393226],[0.0789725,0.954644,-0.287087],[-0.387527,0.294735,0.873472]],[[0.924837,0.0373269,0.378528],[0.378694,-0.183492,-0.90715],[0.0355959,0.982312,-0.183836]],[[0.924837,0.0373269,0.378528],[0.265737,-0.775428,-0.572796],[0.27214,0.630332,-0.727064]],[[0.924837,0.0373269,0.378528],[0.174593,-0.925799,-0.33528],[0.337926,0.376168,-0.862731]]],"btipPosition":[53.2774,188.702,50.014],"carpPosition":[45.0449,269.651,59.5595],"dipPosition":[59.1628,195.254,34.9885],"direction":[-0.27214,-0.630332,0.727064],"extended":false,"handId":426,"id":4263,"length":60.057,"mcpPosition":[67.6726,252.442,8.55748],"pipPosition":[66.1901,211.53,16.2139],"stabilizedTipPosition":[47.6774,206.399,12.135],"timeVisible":31.9995,"tipPosition":[54.6502,190.049,46.4715],"tipVelocity":[14.3928,-64.7595,45.1018],"tool":false,"touchDistance":0.333333,"touchZone":"none","type":3,"width":16.8505},{"bases":[[[0.841686,-0.0822176,0.533672],[0.186317,0.971861,-0.144127],[-0.506805,0.220742,0.83332]],[[0.803652,-0.0663668,0.591388],[0.581498,-0.123682,-0.804091],[0.126509,0.9901,-0.0608055]],[[0.803652,-0.0663668,0.591388],[0.358426,-0.739313,-0.570041],[0.475053,0.670083,-0.570363]],[[0.803652,-0.0663668,0.591388],[0.203538,-0.903176,-0.37795],[0.55921,0.42411,-0.71233]]],"btipPosition":[61.7746,202.112,44.3728],"carpPosition":[56.1971,265.708,65.5664],"dipPosition":[70.7596,208.926,32.9276],"direction":[-0.475053,-0.670083,0.570363],"extended":false,"handId":426,"id":4264,"length":47.0836,"mcpPosition":[83.5904,253.777,20.5247],"pipPosition":[79.4207,221.143,22.5288],"stabilizedTipPosition":[59.3946,218.334,16.636],"timeVisible":31.9995,"tipPosition":[64.2264,203.322,41.5102],"tipVelocity":[5.14316,-59.2688,41.8634],"tool":false,"touchDistance":0.333333,"touchZone":"none","type":4,"width":14.9679}],"r":[[0.975965,-0.217441,0.0145502],[0.208499,0.912228,-0.35266],[0.0634098,0.347218,0.935638]],"s":1.39158,"t":[57.4226,-38.7199,-50.6189],"timestamp":89027412782},false],[3,{"currentFrameRate":54.2023,"devices":[],"gestures":[],"hands":[{"armBasis":[[0.968211,0.220498,0.118099],[-0.221261,0.975191,-0.00677556],[-0.116663,-0.0195706,0.992979]],"armWidth":59.3966,"confidence":0.477599,"direction":[0.247573,-0.175426,-0.952855],"elbow":[11.0381,256.698,320.932],"grabStrength":0,"id":426,"palmNormal":[0.171114,-0.960095,0.221218],"palmPosition":[46.7747,247.38,22.4706],"palmVelocity":[-21.4069,-53.6771,22.129],"palmWidth":84.8164,"pinchStrength":0.147693,"r":[[0.977105,-0.212567,0.00906038],[0.200798,0.907253,-0.369556],[0.0703353,0.362914,0.929164]],"s":1.38204,"sphereCenter":[50.4425,201.95,12.3585],"sphereRadius":45.5814,"stabilizedPalmPosition":[47.5408,250.228,21.2119],"t":[57.0278,-39.6799,-50.2251],"timeVisible":32.0178,"type":"right","wrist":[40.3999,261.624,71.0185]}],"id":1430286,"interactionBox":{"center":[0,200,0],"size":[235.247,235.247,147.751]},"pointables":[{"bases":[[[0.279003,0.912152,-0.300228],[-0.940626,0.322535,0.105798],[0.193338,0.252884,0.947982]],[[0.231446,0.837403,-0.495166],[-0.949683,0.304889,0.0717229],[0.211032,0.453651,0.865833]],[[0.231446,0.837403,-0.495166],[-0.935819,0.05255,-0.348541],[-0.265848,0.544054,0.79582]],[[0.231446,0.837403,-0.495166],[-0.952216,0.0907289,-0.291639],[-0.199293,0.539004,0.818387]]],"btipPosition":[18.9686,196.571,-12.6682],"carpPosition":[15.9911,246.73,70.7662],"dipPosition":[14.6209,208.33,5.18548],"direction":[0.265848,-0.544054,-0.79582],"extended":false,"handId":426,"id":4260,"length":48.5803,"mcpPosition":[15.9911,246.73,70.7662],"pipPosition":[6.1716,225.621,30.4784],"stabilizedTipPosition":[18.2745,200.602,-9.35145],"timeVisible":32.0178,"tipPosition":[18.0596,198.106,-7.83027],"tipVelocity":[-11.856,-47.5148,23.6695],"tool":false,"touchDistance":0.398826,"touchZone":"hovering","type":0,"width":18.876},{"bases":[[[0.981669,0.185268,0.0447411],[-0.156769,0.918395,-0.363283],[-0.108395,0.34961,0.930604]],[[0.984426,0.174936,0.0174318],[-0.158542,0.926246,-0.341954],[-0.0759662,0.333865,0.939555]],[[0.984426,0.174936,0.0174318],[-0.119335,0.737752,-0.664441],[-0.129095,0.652012,0.747137]],[[0.984426,0.174936,0.0174318],[-0.075194,0.508611,-0.857706],[-0.15891,0.843037,0.513844]]],"btipPosition":[38.4263,198.654,-67.6714],"carpPosition":[22.5112,264.117,58.7913],"dipPosition":[35.8955,212.081,-59.4877],"direction":[0.129095,-0.652012,-0.747137],"extended":true,"handId":426,"id":4261,"length":54.8174,"mcpPosition":[29.9447,240.141,-5.02761],"pipPosition":[32.9869,226.771,-42.6544],"stabilizedTipPosition":[37.8544,202.031,-65.9735],"timeVisible":32.0178,"tipPosition":[37.014,204.458,-67.1444],"tipVelocity":[-3.82366,-180.075,100.08],"tool":false,"touchDistance":0.599916,"touchZone":"hovering","type":1,"width":18.0304},{"bases":[[[0.970245,0.0715013,0.231329],[0.00910903,0.943948,-0.32997],[-0.241955,0.322258,0.915209]],[[0.967911,0.0745485,0.239981],[0.245162,-0.0704588,-0.966918],[-0.0551735,0.994725,-0.0864743]],[[0.967911,0.0745485,0.239981],[0.225618,-0.67833,-0.699261],[0.110658,0.730966,-0.673382]],[[0.967911,0.0745485,0.239981],[0.180983,-0.869331,-0.459901],[0.174338,0.488576,-0.854927]]],"btipPosition":[45.6955,173.901,35.4023],"carpPosition":[33.4682,267.486,58.2118],"dipPosition":[48.7493,182.459,20.4265],"direction":[-0.110658,-0.730966,0.673382],"extended":false,"handId":426,"id":4262,"length":62.4601,"mcpPosition":[49.2036,246.528,-1.30809],"pipPosition":[51.6825,201.835,2.5772],"stabilizedTipPosition":[44.3498,193.154,3.06283],"timeVisible":32.0178,"tipPosition":[46.3058,175.887,32.3082],"tipVelocity":[18.2051,-64.7015,-1.60547],"tool":false,"touchDistance":0.333333,"touchZone":"none","type":2,"width":17.7082},{"bases":[[[0.920598,0.0467814,0.3877],[0.0706877,0.956436,-0.283256],[-0.384061,0.288171,0.877186]],[[0.926909,0.0419423,0.372935],[0.374263,-0.176643,-0.910343],[0.0276944,0.983381,-0.179429]],[[0.926909,0.0419423,0.372935],[0.267405,-0.771052,-0.577904],[0.263314,0.635389,-0.725911]],[[0.926909,0.0419423,0.372935],[0.178721,-0.923147,-0.34038],[0.329998,0.382153,-0.863169]]],"btipPosition":[53.4423,188.001,49.9032],"carpPosition":[44.7171,268.846,59.8711],"dipPosition":[59.1896,194.657,34.87],"direction":[-0.263314,-0.635389,0.725911],"extended":false,"handId":426,"id":4263,"length":60.057,"mcpPosition":[67.1424,252.02,8.6523],"pipPosition":[65.989,211.064,16.1252],"stabilizedTipPosition":[48.0803,205.44,14.0859],"timeVisible":32.0178,"tipPosition":[54.7827,189.374,46.3616],"tipVelocity":[10.9793,-51.4383,20.5268],"tool":false,"touchDistance":0.333333,"touchZone":"none","type":3,"width":16.8505},{"bases":[[[0.84554,-0.0788587,0.528056],[0.178803,0.973745,-0.140889],[-0.503081,0.213545,0.837441]],[[0.807729,-0.0635141,0.586123],[0.577345,-0.116057,-0.80821],[0.119357,0.99121,-0.0570734]],[[0.807729,-0.0635141,0.586123],[0.359902,-0.734312,-0.575549],[0.466952,0.675834,-0.570266]],[[0.807729,-0.0635141,0.586123],[0.207297,-0.900099,-0.383211],[0.551908,0.431032,-0.71387]]],"btipPosition":[61.8102,201.493,44.2744],"carpPosition":[55.9332,264.953,65.7908],"dipPosition":[70.6778,208.418,32.8044],"direction":[-0.466952,-0.675834,0.570266],"extended":false,"handId":426,"id":4264,"length":47.0836,"mcpPosition":[83.1252,253.41,20.5263],"pipPosition":[79.1912,220.74,22.4074],"stabilizedTipPosition":[59.7201,217.22,18.4623],"timeVisible":32.0178,"tipPosition":[64.2337,202.734,41.4041],"tipVelocity":[2.90158,-46.397,19.0639],"tool":false,"touchDistance":0.333333,"touchZone":"none","type":4,"width":14.9679}],"r":[[0.977105,-0.212567,0.00906038],[0.200798,0.907253,-0.369556],[0.0703353,0.362914,0.929164]],"s":1.38204,"t":[57.0278,-39.6799,-50.2251],"timestamp":89027431088},false],[4,{"currentFrameRate":54.1926,"devices":[],"gestures":[],"hands":[{"armBasis":[[0.967564,0.223458,0.117838],[-0.224051,0.974542,-0.00836341],[-0.116707,-0.0183096,0.992998]],"armWidth":59.3966,"confidence":0.495714,"direction":[0.241064,-0.170072,-0.955491],"elbow":[10.9132,256.572,321.35],"grabStrength":0,"id":426,"palmNormal":[0.177017,-0.960305,0.215589],"palmPosition":[46.3528,247.182,22.7735],"palmVelocity":[-22.0896,-32.9352,19.3537],"palmWidth":84.8164,"pinchStrength":0.142673,"r":[[0.978149,-0.207885,0.00291851],[0.193173,0.903558,-0.382448],[0.076868,0.374654,0.923973]],"s":1.37304,"sphereCenter":[51.4142,201.494,13.0221],"sphereRadius":45.5531,"stabilizedPalmPosition":[47.2139,249.389,21.6416],"t":[56.6195,-40.259,-49.8768],"timeVisible":32.0363,"type":"right","wrist":[40.2861,261.181,71.432]}],"id":1430287,"interactionBox":{"center":[0,200,0],"size":[235.247,235.247,147.751]},"pointables":[{"bases":[[[0.27269,0.91471,-0.298238],[-0.941201,0.317888,0.114403],[0.199452,0.249505,0.947611]],[[0.224758,0.841976,-0.490469],[-0.950472,0.300333,0.0800185],[0.214678,0.448193,0.867777]],[[0.224758,0.841976,-0.490469],[-0.938468,0.0515903,-0.341491],[-0.262223,0.537043,0.801763]],[[0.224758,0.841976,-0.490469],[-0.955358,0.0913522,-0.280972],[-0.191766,0.531725,0.824921]]],"btipPosition":[18.4702,196.657,-12.5578],"carpPosition":[15.9417,246.18,71.2985],"dipPosition":[14.2867,208.257,5.43844],"direction":[0.262223,-0.537043,-0.801763],"extended":false,"handId":426,"id":4260,"length":48.5803,"mcpPosition":[15.9417,246.18,71.2985],"pipPosition":[5.95264,225.325,30.9203],"stabilizedTipPosition":[17.9002,199.978,-8.89594],"timeVisible":32.0363,"tipPosition":[17.6073,198.16,-7.68825],"tipVelocity":[-18.1614,-23.2935,15.9812],"tool":false,"touchDistance":0.394425,"touchZone":"hovering","type":0,"width":18.876},{"bases":[[[0.981158,0.189415,0.0381013],[-0.163573,0.919303,-0.357946],[-0.102827,0.344969,0.932965]],[[0.983622,0.179821,0.0123371],[-0.163461,0.918784,-0.359327],[-0.0759498,0.351425,0.93313]],[[0.983622,0.179821,0.0123371],[-0.122601,0.717657,-0.68552],[-0.132125,0.67278,0.727949]],[[0.983622,0.179821,0.0123371],[-0.0764828,0.478379,-0.874816],[-0.163213,0.859545,0.484297]]],"btipPosition":[37.9633,197.07,-66.1117],"carpPosition":[22.2938,263.649,59.3526],"dipPosition":[35.3639,210.76,-58.3986],"direction":[0.132125,-0.67278,-0.727949],"extended":true,"handId":426,"id":4261,"length":54.8174,"mcpPosition":[29.3454,239.992,-4.62816],"pipPosition":[32.387,225.918,-41.9976],"stabilizedTipPosition":[37.4497,200.531,-64.6196],"timeVisible":32.0363,"tipPosition":[36.5767,202.877,-65.7462],"tipVelocity":[-14.4837,-132.918,89.6649],"tool":false,"touchDistance":0.595029,"touchZone":"hovering","type":1,"width":18.0304},{"bases":[[[0.971658,0.0747671,0.224257],[0.00243993,0.945442,-0.325781],[-0.23638,0.317095,0.918464]],[[0.969375,0.0777679,0.232948],[0.238007,-0.0636557,-0.969175],[-0.0605422,0.994937,-0.0802155]],[[0.969375,0.0777679,0.232948],[0.223304,-0.673907,-0.704262],[0.102217,0.734712,-0.670634]],[[0.969375,0.0777679,0.232948],[0.181243,-0.866615,-0.464898],[0.165722,0.49288,-0.854169]]],"btipPosition":[45.7117,173.635,35.3164],"carpPosition":[33.2311,267.069,58.705],"dipPosition":[48.6146,182.269,20.354],"direction":[-0.102217,-0.734712,0.670634],"extended":false,"handId":426,"id":4262,"length":62.4601,"mcpPosition":[48.6039,246.447,-1.02664],"pipPosition":[51.3241,201.744,2.57744],"stabilizedTipPosition":[44.7099,190.043,8.17521],"timeVisible":32.0363,"tipPosition":[46.2876,175.64,32.2357],"tipVelocity":[8.93171,-39.9417,-2.99316],"tool":false,"touchDistance":0.333333,"touchZone":"none","type":2,"width":17.7082},{"bases":[[[0.923315,0.0491297,0.380889],[0.0643177,0.957994,-0.279482],[-0.37862,0.282548,0.88137]],[[0.929554,0.0443692,0.366007],[0.368045,-0.170195,-0.914099],[0.0217347,0.984411,-0.174535]],[[0.929554,0.0443692,0.366007],[0.266361,-0.767207,-0.583477],[0.254914,0.639863,-0.724978]],[[0.929554,0.0443692,0.366007],[0.180049,-0.920935,-0.345632],[0.321733,0.387183,-0.864047]]],"btipPosition":[53.5028,187.709,49.8598],"carpPosition":[44.4863,268.472,60.2847],"dipPosition":[59.1062,194.452,34.8113],"direction":[-0.254914,-0.639863,0.724978],"extended":false,"handId":426,"id":4263,"length":60.057,"mcpPosition":[66.5939,251.974,8.82153],"pipPosition":[65.6887,210.975,16.0906],"stabilizedTipPosition":[48.6383,204.095,16.7721],"timeVisible":32.0363,"tipPosition":[54.8048,189.108,46.3269],"tipVelocity":[6.39399,-33.7112,9.39116],"tool":false,"touchDistance":0.333333,"touchZone":"none","type":3,"width":16.8505},{"bases":[[[0.849884,-0.077467,0.521245],[0.173439,0.975147,-0.137865],[-0.497611,0.207574,0.842197]],[[0.812386,-0.0625251,0.579759],[0.571762,-0.10987,-0.813029],[0.114533,0.991977,-0.0535076]],[[0.812386,-0.0625251,0.579759],[0.35876,-0.730201,-0.581462],[0.459696,0.680366,-0.570773]],[[0.812386,-0.0625251,0.579759],[0.208302,-0.897519,-0.388677],[0.544647,0.43652,-0.716108]]],"btipPosition":[61.7535,201.268,44.2554],"carpPosition":[55.7642,264.601,66.1012],"dipPosition":[70.5045,208.282,32.7495],"direction":[-0.459696,-0.680366,0.570773],"extended":false,"handId":426,"id":4264,"length":47.0836,"mcpPosition":[82.6605,253.382,20.5797],"pipPosition":[78.8855,220.686,22.3433],"stabilizedTipPosition":[60.1127,215.828,20.7086],"timeVisible":32.0363,"tipPosition":[64.1475,202.534,41.3744],"tipVelocity":[-0.681333,-29.3315,9.14824],"tool":false,"touchDistance":0.333333,"touchZone":"none","type":4,"width":14.9679}],"r":[[0.978149,-0.207885,0.00291851],[0.193173,0.903558,-0.382448],[0.076868,0.374654,0.923973]],"s":1.37304,"t":[56.6195,-40.259,-49.8768],"timestamp":89027449575},false],[5,{"currentFrameRate":54.1822,"devices":[],"gestures":[],"hands":[{"armBasis":[[0.968634,0.227721,0.0994542],[-0.229093,0.973402,0.00244568],[-0.0962519,-0.0251532,0.995039]],"armWidth":59.3966,"confidence":0.510277,"direction":[0.232496,-0.161574,-0.959083],"elbow":[15.9962,254.36,322.388],"grabStrength":0,"id":426,"palmNormal":[0.183811,-0.961034,0.206462],"palmPosition":[45.8778,247.094,23.1341],"palmVelocity":[-23.8277,-19.3284,19.4243],"palmWidth":84.8164,"pinchStrength":0.139347,"r":[[0.97912,-0.203236,-0.00428106],[0.185359,0.901244,-0.391665],[0.0834586,0.382693,0.920098]],"s":1.36436,"sphereCenter":[52.332,201.218,13.5468],"sphereRadius":45.5568,"stabilizedPalmPosition":[46.9047,248.858,21.987],"t":[56.1778,-40.5926,-49.5224],"timeVisible":32.0548,"type":"right","wrist":[40.2209,260.69,71.9558]}],"id":1430288,"interactionBox":{"center":[0,200,0],"size":[235.247,235.247,147.751]},"pointables":[{"bases":[[[0.26528,0.918301,-0.293854],[-0.941573,0.312336,0.126045],[0.207528,0.243248,0.947503]],[[0.216365,0.84771,-0.484329],[-0.951001,0.295221,0.0918759],[0.220868,0.440719,0.870048]],[[0.216365,0.84771,-0.484329],[-0.941968,0.0508356,-0.33183],[-0.256675,0.528019,0.809515]],[[0.216365,0.84771,-0.484329],[-0.958887,0.0912027,-0.268735],[-0.183637,0.522562,0.832591]]],"btipPosition":[17.8366,196.882,-12.4305],"carpPosition":[15.9499,245.57,71.9452],"dipPosition":[13.8305,208.282,5.73305],"direction":[0.256674,-0.528019,-0.809515],"extended":false,"handId":426,"id":4260,"length":48.5803,"mcpPosition":[15.9499,245.57,71.9452],"pipPosition":[5.67279,225.063,31.4612],"stabilizedTipPosition":[17.4191,199.747,-8.58182],"timeVisible":32.0548,"tipPosition":[17.0377,198.352,-7.53895],"tipVelocity":[-24.8704,-7.36371,12.5926],"tool":false,"touchDistance":0.390803,"touchZone":"hovering","type":0,"width":18.876},{"bases":[[[0.980548,0.193979,0.0299553],[-0.171566,0.921188,-0.349254],[-0.0953423,0.337321,0.936549]],[[0.98266,0.185316,0.00606934],[-0.169711,0.912133,-0.37311],[-0.0746794,0.36561,0.927767]],[[0.98266,0.185316,0.00606934],[-0.12757,0.699485,-0.703169],[-0.134554,0.690202,0.710997]],[[0.98266,0.185316,0.00606934],[-0.079591,0.451152,-0.888891],[-0.167464,0.872995,0.458079]]],"btipPosition":[37.3268,195.933,-64.6236],"carpPosition":[22.099,263.162,60.0723],"dipPosition":[34.6597,209.836,-57.328],"direction":[0.134554,-0.690202,-0.710997],"extended":true,"handId":426,"id":4261,"length":54.8174,"mcpPosition":[28.6374,240.029,-4.15429],"pipPosition":[31.6281,225.387,-41.309],"stabilizedTipPosition":[36.9016,199.489,-63.3737],"timeVisible":32.0548,"tipPosition":[35.9297,201.741,-64.4007],"tipVelocity":[-24.5171,-97.1482,82.7168],"tool":false,"touchDistance":0.589741,"touchZone":"hovering","type":1,"width":18.0304},{"bases":[[[0.973437,0.0778675,0.215309],[-0.00537452,0.947903,-0.318515],[-0.228893,0.308897,0.923142]],[[0.971216,0.0808009,0.224076],[0.228685,-0.0530867,-0.972052],[-0.0666473,0.995316,-0.0700366]],[[0.971216,0.0808009,0.224076],[0.219807,-0.66648,-0.712382],[0.0917811,0.741131,-0.665057]],[[0.971216,0.0808009,0.224076],[0.181004,-0.861862,-0.473743],[0.154844,0.500665,-0.851679]]],"btipPosition":[45.7478,173.417,35.0024],"carpPosition":[33.0126,266.641,59.344],"dipPosition":[48.4602,182.187,20.0836],"direction":[-0.0917811,-0.741131,0.665057],"extended":false,"handId":426,"id":4262,"length":62.4601,"mcpPosition":[47.8986,246.552,-0.691857],"pipPosition":[50.893,201.832,2.45489],"stabilizedTipPosition":[45.0223,187.297,12.5732],"timeVisible":32.0548,"tipPosition":[46.2768,175.462,31.9582],"tipVelocity":[4.41755,-25.5428,-9.4857],"tool":false,"touchDistance":0.333333,"touchZone":"none","type":2,"width":17.7082},{"bases":[[[0.92676,0.0507956,0.372204],[0.056893,0.960407,-0.272728],[-0.371321,0.27393,0.887177]],[[0.932906,0.0461569,0.357151],[0.359813,-0.160459,-0.919123],[0.0148842,0.985963,-0.166301]],[[0.932906,0.0461569,0.357151],[0.264357,-0.761239,-0.592141],[0.244546,0.646827,-0.722366]],[[0.932906,0.0461569,0.357151],[0.181023,-0.917452,-0.354277],[0.311317,0.39516,-0.864252]]],"btipPosition":[53.6006,187.444,49.6535],"carpPosition":[44.2758,268.087,60.8242],"dipPosition":[59.0226,194.326,34.6014],"direction":[-0.244546,-0.646827,0.722366],"extended":false,"handId":426,"id":4263,"length":60.057,"mcpPosition":[65.9572,252.092,9.02203],"pipPosition":[65.3373,211.029,15.9482],"stabilizedTipPosition":[49.3227,202.434,20.0151],"timeVisible":32.0548,"tipPosition":[54.8539,188.884,46.1355],"tipVelocity":[4.77013,-23.5101,-0.554352],"tool":false,"touchDistance":0.333333,"touchZone":"none","type":3,"width":16.8505},{"bases":[[[0.85533,-0.0772315,0.512295],[0.167315,0.977019,-0.132058],[-0.490323,0.198668,0.848595]],[[0.818289,-0.0629056,0.571354],[0.564356,-0.100762,-0.819359],[0.109113,0.99292,-0.0469515]],[[0.818289,-0.0629056,0.571354],[0.356642,-0.723969,-0.590488],[0.450788,0.686958,-0.569981]],[[0.818289,-0.0629056,0.571354],[0.20886,-0.893515,-0.397503],[0.535519,0.444606,-0.718015]]],"btipPosition":[61.7121,201.095,44.1087],"carpPosition":[55.6291,264.228,66.5003],"dipPosition":[70.3165,208.239,32.5722],"direction":[-0.450788,-0.686958,0.569981],"extended":false,"handId":426,"id":4264,"length":47.0836,"mcpPosition":[82.1315,253.49,20.6329],"pipPosition":[78.5351,220.764,22.1804],"stabilizedTipPosition":[60.5528,214.219,23.2598],"timeVisible":32.0548,"tipPosition":[64.0692,202.397,41.2168],"tipVelocity":[-2.31279,-18.8975,0.716202],"tool":false,"touchDistance":0.333333,"touchZone":"none","type":4,"width":14.9679}],"r":[[0.97912,-0.203236,-0.00428106],[0.185359,0.901244,-0.391665],[0.0834586,0.382693,0.920098]],"s":1.36436,"t":[56.1778,-40.5926,-49.5224],"timestamp":89027468068},false],[6,{"currentFrameRate":54.1856,"devices":[],"gestures":[],"hands":[{"armBasis":[[0.968192,0.234537,0.0871565],[-0.236404,0.971585,0.0116183],[-0.081955,-0.0318529,0.996127]],"armWidth":59.3966,"confidence":0.51122,"direction":[0.217879,-0.152962,-0.963915],"elbow":[19.4749,252.321,323.686],"grabStrength":0.0136468,"id":426,"palmNormal":[0.19476,-0.960963,0.196517],"palmPosition":[45.0575,247.131,23.9757],"palmVelocity":[-33.7805,-9.0382,32.0584],"palmWidth":84.8164,"pinchStrength":0.136843,"r":[[0.980109,-0.197992,-0.0135947],[0.176317,0.900158,-0.398281],[0.0910939,0.387962,0.917163]],"s":1.35562,"sphereCenter":[52.848,201.148,14.4482],"sphereRadius":45.5491,"stabilizedPalmPosition":[46.5854,248.56,22.3307],"t":[55.5468,-40.7407,-48.9243],"timeVisible":32.0732,"type":"right","wrist":[40.1014,260.338,72.9801]}],"id":1430289,"interactionBox":{"center":[0,200,0],"size":[235.247,235.247,147.751]},"pointables":[{"bases":[[[0.253148,0.922436,-0.291597],[-0.941791,0.303907,0.14377],[0.221237,0.238229,0.945675]],[[0.201866,0.85314,-0.481043],[-0.951782,0.286721,0.109098],[0.231001,0.435825,0.869882]],[[0.201866,0.85314,-0.481043],[-0.947856,0.0465025,-0.315288],[-0.246615,0.519606,0.818041]],[[0.201866,0.85314,-0.481043],[-0.964456,0.0876464,-0.249284],[-0.170513,0.514267,0.840509]]],"btipPosition":[16.7625,197.013,-11.5507],"carpPosition":[15.9534,245.025,73.261],"dipPosition":[13.0427,208.232,6.78559],"direction":[0.246615,-0.519606,-0.818041],"extended":false,"handId":426,"id":4260,"length":48.5803,"mcpPosition":[15.9534,245.025,73.261],"pipPosition":[5.20473,224.746,32.7848],"stabilizedTipPosition":[16.7888,199.683,-8.06142],"timeVisible":32.0732,"tipPosition":[16.0622,198.469,-6.6376],"tipVelocity":[-39.2335,-1.47972,30.5551],"tool":false,"touchDistance":0.398849,"touchZone":"hovering","type":0,"width":18.876},{"bases":[[[0.979352,0.201593,0.01519],[-0.184563,0.922221,-0.339773],[-0.0825045,0.329953,0.940385]],[[0.981071,0.193495,-0.00772442],[-0.181497,0.904866,-0.385066],[-0.0675187,0.379179,0.922857]],[[0.981071,0.193495,-0.00772442],[-0.139784,0.68001,-0.719754],[-0.134016,0.70721,0.694186]],[[0.981071,0.193495,-0.00772442],[-0.0903353,0.422012,-0.902078],[-0.171288,0.885701,0.431503]]],"btipPosition":[35.8761,194.896,-62.5455],"carpPosition":[21.7667,262.748,61.4148],"dipPosition":[33.1481,209.002,-55.6732],"direction":[0.134016,-0.70721,-0.694186],"extended":true,"handId":426,"id":4261,"length":54.8174,"mcpPosition":[27.4247,240.121,-3.07489],"pipPosition":[30.1286,224.935,-40.0329],"stabilizedTipPosition":[35.8632,198.642,-61.8604],"timeVisible":32.0732,"tipPosition":[34.4707,200.7,-62.4658],"tipVelocity":[-50.9808,-76.2107,94.6126],"tool":false,"touchDistance":0.593811,"touchZone":"hovering","type":1,"width":18.0304},{"bases":[[[0.976219,0.0841281,0.199799],[-0.0181018,0.950046,-0.311585],[-0.216031,0.300558,0.928975]],[[0.974121,0.0869811,0.208619],[0.21299,-0.0443263,-0.976048],[-0.0756504,0.995223,-0.0617053]],[[0.974121,0.0869811,0.208619],[0.213229,-0.659802,-0.720551],[0.0749732,0.746388,-0.661274]],[[0.974121,0.0869811,0.208619],[0.179886,-0.85719,-0.482563],[0.136853,0.507603,-0.850653]]],"btipPosition":[45.7029,173.381,35.3182],"carpPosition":[32.639,266.319,60.5317],"dipPosition":[48.1001,182.273,20.4173],"direction":[-0.0749732,-0.746388,0.661274],"extended":false,"handId":426,"id":4262,"length":62.4601,"mcpPosition":[46.6885,246.773,0.116471],"pipPosition":[50.0874,202.057,2.88889],"stabilizedTipPosition":[45.2672,184.937,16.4136],"timeVisible":32.0732,"tipPosition":[46.1669,175.448,32.2752],"tipVelocity":[-0.780172,-13.4341,3.44707],"tool":false,"touchDistance":0.333333,"touchZone":"none","type":2,"width":17.7082},{"bases":[[[0.932356,0.0555813,0.357244],[0.0448135,0.962726,-0.266741],[-0.358754,0.264707,0.895112]],[[0.938409,0.0510042,0.341741],[0.345518,-0.145201,-0.92711],[0.00233461,0.988087,-0.153881]],[[0.938409,0.0510042,0.341741],[0.261329,-0.751801,-0.605395],[0.226043,0.657415,-0.718826]],[[0.938409,0.0510042,0.341741],[0.183078,-0.912195,-0.366582],[0.293037,0.406569,-0.86535]]],"btipPosition":[53.8232,187.18,49.6129],"carpPosition":[43.9134,267.845,61.8366],"dipPosition":[58.9268,194.261,34.5417],"direction":[-0.226043,-0.657415,0.718826],"extended":false,"handId":426,"id":4263,"length":60.057,"mcpPosition":[64.861,252.389,9.57105],"pipPosition":[64.7638,211.237,15.9799],"stabilizedTipPosition":[50.0564,200.672,23.3938],"timeVisible":32.0732,"tipPosition":[54.9532,188.745,46.2117],"tipVelocity":[6.37438,-17.8802,-1.46157],"tool":false,"touchDistance":0.333333,"touchZone":"none","type":3,"width":16.8505},{"bases":[[[0.864261,-0.0739946,0.497572],[0.157411,0.97923,-0.127794],[-0.477781,0.18877,0.857957]],[[0.828024,-0.0603572,0.557435],[0.551633,-0.090304,-0.829184],[0.100386,0.994084,-0.0414789]],[[0.828024,-0.0603572,0.557435],[0.352616,-0.716917,-0.601408],[0.435934,0.694541,-0.572342]],[[0.828024,-0.0603572,0.557435],[0.20931,-0.889043,-0.407176],[0.520159,0.453828,-0.723516]]],"btipPosition":[61.5993,201.115,44.3505],"carpPosition":[55.3889,264.038,67.2971],"dipPosition":[69.9569,208.407,32.7256],"direction":[-0.435934,-0.694541,0.572342],"extended":false,"handId":426,"id":4264,"length":47.0836,"mcpPosition":[81.2134,253.834,20.9237],"pipPosition":[77.9047,221.069,22.2908],"stabilizedTipPosition":[60.8876,212.93,25.3371],"timeVisible":32.0732,"tipPosition":[63.8935,202.459,41.4348],"tipVelocity":[-5.62923,-8.39001,6.15937],"tool":false,"touchDistance":0.333333,"touchZone":"none","type":4,"width":14.9679}],"r":[[0.980109,-0.197992,-0.0135947],[0.176317,0.900158,-0.398281],[0.0910939,0.387962,0.917163]],"s":1.35562,"t":[55.5468,-40.7407,-48.9243],"timestamp":89027486511},false],[7,{"currentFrameRate":54.1742,"devices":[],"gestures":[],"hands":[{"armBasis":[[0.968536,0.230751,0.093229