{"sensorType":"Leap","data":[[0,{"currentFrameRate":54.2045,"devices":[],"gestures":[],"hands":[{"armBasis":[[0.999047,0.0421538,-0.0113142],[-0.0405995,0.992698,0.113593],[0.01602,-0.113025,0.993463]],"armWidth":59.3966,"confidence":0.470316,"direction":[0.0503671,0.0440779,-0.997758],"elbow":[30.222,239.458,293.72],"grabStrength":0,"id":426,"palmNormal":[0.0370871,-0.998419,-0.042235],"palmPosition":[21.7831,265.854,-7.07788],"palmVelocity":[-5.16903,-312.224,-11.3954],"palmWidth":84.8164,"pinchStrength":0.0903844,"r":[[0.988629,-0.146426,0.0342395],[0.146928,0.989067,-0.0126107],[-0.0320186,0.017498,0.999334]],"s":1.07845,"sphereCenter":[-0.028979,234.821,-29.7926],"sphereRadius":48.5721,"stabilizedPalmPosition":[21.7813,266.972,-7.02506],"t":[31.7306,-16.3205,-79.1509],"timeVisible":8.25141,"type":"right","wrist":[26.1901,267.904,43.6844]}],"id":1429011,"interactionBox":{"center":[0,200,0],"size":[235.247,235.247,147.751]},"pointables":[{"bases":[[[0.378266,0.915648,-0.136025],[-0.83946,0.401236,0.366491],[0.390155,-0.024443,0.920425]],[[0.32257,0.910665,-0.258143],[-0.801937,0.407809,0.436565],[0.502837,0.0661913,0.861843]],[[0.32257,0.910665,-0.258143],[-0.946446,0.306351,-0.10193],[-0.0137417,0.277198,0.960715]],[[0.32257,0.910665,-0.258143],[-0.795596,0.113099,-0.595177],[-0.512811,0.397364,0.761004]]],"btipPosition":[-11.8923,236.227,-42.1756],"carpPosition":[-0.119002,256.785,45.0621],"dipPosition":[-23.0796,244.895,-25.5738],"direction":[0.0137417,-0.277198,-0.960715],"extended":false,"handId":426,"id":4260,"length":48.5803,"mcpPosition":[-0.119002,256.785,45.0621],"pipPosition":[-23.5164,253.705,4.95988],"stabilizedTipPosition":[-14.1451,241.024,-39.3029],"timeVisible":8.25141,"tipPosition":[-13.856,237.288,-37.9557],"tipVelocity":[-55.8051,-424.223,151.428],"tool":false,"touchDistance":-0.156033,"touchZone":"touching","type":0,"width":18.876},{"bases":[[[0.99233,0.0417823,-0.11634],[-0.0541692,0.99295,-0.105432],[0.111115,0.110926,0.987598]],[[0.988327,0.0382592,-0.147464],[-0.00874823,0.980608,0.195784],[0.152095,-0.192208,0.969496]],[[0.988327,0.0382592,-0.147464],[-0.0494126,0.996127,-0.0727279],[0.144111,0.0791656,0.98639]],[[0.988327,0.0382592,-0.147464],[-0.0822038,0.948875,-0.304759],[0.128266,0.313323,0.940944]]],"btipPosition":[-11.7899,269.002,-107.493],"carpPosition":[7.2108,275.685,36.2701],"dipPosition":[-9.74714,273.992,-92.5069],"direction":[-0.144111,-0.0791656,-0.98639],"extended":true,"handId":426,"id":4261,"length":54.8174,"mcpPosition":[-0.409228,268.078,-31.4573],"pipPosition":[-6.50025,275.775,-70.2831],"stabilizedTipPosition":[-11.2729,270.658,-104.012],"timeVisible":8.25141,"tipPosition":[-11.7438,272.105,-103.836],"tipVelocity":[-143.227,-961.612,-87.6082],"tool":false,"touchDistance":0.326864,"touchZone":"hovering","type":1,"width":18.0304},{"bases":[[[0.992816,-0.113505,0.037847],[0.116828,0.987913,-0.101875],[-0.0258262,0.105565,0.994077]],[[0.992939,-0.114064,0.0325761],[0.0370287,0.0371366,-0.998624],[0.112697,0.992779,0.041098]],[[0.992939,-0.114064,0.0325761],[-0.0746766,-0.814418,-0.575454],[0.0921688,0.568958,-0.817185]],[[0.992939,-0.114064,0.0325761],[-0.106203,-0.977128,-0.184232],[0.0528452,0.179471,-0.982343]]],"btipPosition":[11.5784,207.978,6.61277],"carpPosition":[18.3311,277.674,34.2396],"dipPosition":[12.5041,211.122,-10.5949],"direction":[-0.0921688,-0.568958,0.817185],"extended":false,"handId":426,"id":4262,"length":62.4601,"mcpPosition":[20.0107,270.809,-30.4095],"pipPosition":[14.9472,226.203,-32.256],"stabilizedTipPosition":[3.5173,229.195,-19.2055],"timeVisible":8.25141,"tipPosition":[11.7346,208.672,2.68345],"tipVelocity":[37.5821,-307.154,311.045],"tool":false,"touchDistance":0.333333,"touchZone":"none","type":2,"width":17.7082},{"bases":[[[0.966544,-0.170882,0.191292],[0.186579,0.980141,-0.0671697],[-0.176016,0.100614,0.979232]],[[0.971975,-0.174207,0.157848],[0.164304,0.0231865,-0.986137],[0.168132,0.984436,0.0511597]],[[0.971975,-0.174207,0.157848],[-0.0541627,-0.819341,-0.570742],[0.228759,0.546197,-0.805815]],[[0.971975,-0.174207,0.157848],[-0.143749,-0.971731,-0.187285],[0.186012,0.159346,-0.96954]]],"btipPosition":[23.8908,213.375,12.2111],"carpPosition":[29.7624,277.129,33.8251],"dipPosition":[27.1304,216.15,-4.67472],"direction":[-0.228759,-0.546197,0.805815],"extended":false,"handId":426,"id":4263,"length":60.057,"mcpPosition":[40.0399,271.254,-23.3521],"pipPosition":[33.0375,230.254,-25.4828],"stabilizedTipPosition":[16.1167,232.962,-12.3591],"timeVisible":8.25141,"tipPosition":[24.6785,214.021,8.40877],"tipVelocity":[43.4778,-264.199,265.13],"tool":false,"touchDistance":0.333333,"touchZone":"none","type":3,"width":16.8505},{"bases":[[[0.895472,-0.317671,0.311793],[0.318352,0.946643,0.0501795],[-0.311098,0.0543259,0.948824]],[[0.856968,-0.310018,0.411697],[0.435615,0.00884863,-0.90009],[0.275401,0.950689,0.142631]],[[0.856968,-0.310018,0.411697],[-0.00157976,-0.800415,-0.599444],[0.515367,0.513054,-0.68642]],[[0.856968,-0.310018,0.411697],[-0.212691,-0.940384,-0.265406],[0.469434,0.13988,-0.871817]]],"btipPosition":[31.7659,224.591,6.81833],"carpPosition":[40.9666,270.463,36.2819],"dipPosition":[39.3084,226.838,-7.18941],"direction":[-0.515367,-0.513054,0.68642],"extended":false,"handId":426,"id":4264,"length":47.0836,"mcpPosition":[57.7817,267.527,-15.0029],"pipPosition":[48.7045,236.192,-19.704],"stabilizedTipPosition":[26.7824,243.378,-11.6458],"timeVisible":8.25141,"tipPosition":[33.5167,224.988,3.31146],"tipVelocity":[32.2069,-273.075,198.762],"tool":false,"touchDistance":0.333333,"touchZone":"none","type":4,"width":14.9679}],"r":[[0.988629,-0.146426,0.0342395],[0.146928,0.989067,-0.0126107],[-0.0320186,0.017498,0.999334]],"s":1.07845,"t":[31.7306,-16.3205,-79.1509],"timestamp":89003664667},true],[1,{"currentFrameRate":54.2137,"devices":[],"gestures":[],"hands":[{"armBasis":[[0.995248,0.0826181,-0.0515374],[-0.0746474,0.98719,0.141007],[0.062527,-0.13649,0.988666]],"armWidth":59.3966,"confidence":0.50056,"direction":[0.0342831,-0.0426933,-0.9985],"elbow":[42.9865,232.265,292.689],"grabStrength":0,"id":426,"palmNormal":[0.069494,-0.996567,0.0449967],"palmPosition":[22.171,259.951,-6.4401],"palmVelocity":[7.46309,-316.258,10.7679],"palmWidth":84.8164,"pinchStrength":0.0289089,"r":[[0.990865,-0.132361,0.0258185],[0.134027,0.987752,-0.0798887],[-0.0149281,0.0826193,0.996469]],"s":1.07805,"sphereCenter":[1.75969,225.299,-25.7449],"sphereRadius":48.4519,"stabilizedPalmPosition":[22.1426,260.463,-6.48275],"t":[31.8799,-22.1946,-78.9465],"timeVisible":8.26982,"type":"right","wrist":[27.2497,266.617,43.861]}],"id":1429012,"interactionBox":{"center":[0,200,0],"size":[235.247,235.247,147.751]},"pointables":[{"bases":[[[0.34572,0.911569,-0.222532],[-0.846832,0.405254,0.344448],[0.40417,0.0693647,0.91205]],[[0.304352,0.900348,-0.311035],[-0.80101,0.418613,0.427956],[0.515512,0.118893,0.848594]],[[0.304352,0.900348,-0.311035],[-0.952407,0.281783,-0.116271],[-0.0170404,0.331619,0.943259]],[[0.304352,0.900348,-0.311035],[-0.8203,0.0817402,-0.566063],[-0.484229,0.427424,0.763433]]],"btipPosition":[-11.5358,229.439,-39.4494],"carpPosition":[1.346,254.836,46.6699],"dipPosition":[-22.0996,238.764,-22.7946],"direction":[0.0170404,-0.331619,-0.943259],"extended":false,"handId":426,"id":4260,"length":48.5803,"mcpPosition":[1.346,254.836,46.6699],"pipPosition":[-22.6412,249.304,7.18426],"stabilizedTipPosition":[-14.0003,233.414,-36.3331],"timeVisible":8.26982,"tipPosition":[-13.3416,230.142,-34.9174],"tipVelocity":[-15.8646,-393.502,150.123],"tool":false,"touchDistance":-0.156065,"touchZone":"touching","type":0,"width":18.876},{"bases":[[[0.988596,0.0627571,-0.136895],[-0.0885435,0.977531,-0.191291],[0.121814,0.201231,0.97194]],[[0.984586,0.0568119,-0.165419],[-0.0424638,0.995124,0.0890206],[0.16967,-0.0806241,0.982197]],[[0.984586,0.0568119,-0.165419],[-0.0905364,0.974753,-0.204107],[0.149647,0.215937,0.964871]],[[0.984586,0.0568119,-0.165419],[-0.126071,0.886075,-0.446069],[0.121232,0.460047,0.879579]]],"btipPosition":[-12.5342,250.344,-105.611],"carpPosition":[7.91682,273.107,36.1249],"dipPosition":[-10.6034,257.671,-91.6022],"direction":[-0.149647,-0.215937,-0.964871],"extended":true,"handId":426,"id":4261,"length":54.8174,"mcpPosition":[-0.436916,259.307,-30.5288],"pipPosition":[-7.23176,262.536,-69.8633],"stabilizedTipPosition":[-12.0794,252.273,-102.41],"timeVisible":8.26982,"tipPosition":[-12.5643,254.33,-102.426],"tipVelocity":[-94.4019,-972.436,-2.09564],"tool":false,"touchDistance":0.352369,"touchZone":"hovering","type":1,"width":18.0304},{"bases":[[[0.996477,-0.0782039,0.0303065],[0.0825609,0.978249,-0.190296],[-0.0147654,0.192127,0.981259]],[[0.996543,-0.0792731,0.0248387],[0.0209934,-0.0489767,-0.998579],[0.080377,0.995649,-0.0471432]],[[0.996543,-0.0792731,0.0248387],[-0.0562267,-0.863739,-0.500792],[0.0611535,0.497664,-0.865211]],[[0.996543,-0.0792731,0.0248387],[-0.0765582,-0.992447,-0.0958523],[0.0322496,0.0936194,-0.995086]]],"btipPosition":[14.0973,203.2,12.401],"carpPosition":[18.9343,275.26,33.7333],"dipPosition":[14.6622,204.839,-5.02989],"direction":[-0.0611535,-0.497664,0.865211],"extended":false,"handId":426,"id":4262,"length":62.4601,"mcpPosition":[19.8946,262.766,-30.0822],"pipPosition":[16.2832,218.031,-27.964],"stabilizedTipPosition":[4.74571,226.256,-16.0402],"timeVisible":8.26982,"tipPosition":[14.171,203.556,8.44491],"tipVelocity":[83.182,-293.261,311.297],"tool":false,"touchDistance":0.333333,"touchZone":"none","type":2,"width":17.7082},{"bases":[[[0.974365,-0.122599,0.188635],[0.153031,0.975788,-0.156267],[-0.16491,0.181128,0.969535]],[[0.979322,-0.12857,0.156201],[0.150202,-0.0551629,-0.987115],[0.13553,0.990165,-0.0347106]],[[0.979322,-0.12857,0.156201],[-0.0341542,-0.866078,-0.498741],[0.199406,0.483093,-0.85256]],[[0.979322,-0.12857,0.156201],[-0.113574,-0.988337,-0.10144],[0.167422,0.0816015,-0.982502]]],"btipPosition":[26.2896,209.333,17.1298],"carpPosition":[30.3701,275.043,33.1685],"dipPosition":[29.2054,210.754,0.0182899],"direction":[-0.199406,-0.483093,0.85256],"extended":false,"handId":426,"id":4263,"length":60.057,"mcpPosition":[39.9992,264.467,-23.4425],"pipPosition":[34.3546,223.229,-21.9969],"stabilizedTipPosition":[17.1107,230.826,-10.0167],"timeVisible":8.26982,"tipPosition":[27.0029,209.727,13.3475],"tipVelocity":[83.3211,-250.828,264.738],"tool":false,"touchDistance":0.333333,"touchZone":"none","type":3,"width":16.8505},{"bases":[[[0.909961,-0.260343,0.32279],[0.287543,0.956984,-0.0387507],[-0.298816,0.128077,0.945677]],[[0.873129,-0.245288,0.421283],[0.421058,-0.0560564,-0.9053],[0.245675,0.967828,0.0543361]],[[0.873129,-0.245288,0.421283],[0.0159038,-0.849397,-0.527515],[0.48723,0.467288,-0.737732]],[[0.873129,-0.245288,0.421283],[-0.185264,-0.966312,-0.178657],[0.450914,0.0779421,-0.889158]]],"btipPosition":[33.7493,220.385,10.8359],"carpPosition":[41.8235,268.979,36.0051],"dipPosition":[40.9943,221.637,-3.45042],"direction":[-0.48723,-0.467288,0.737732],"extended":false,"handId":426,"id":4264,"length":47.0836,"mcpPosition":[57.9748,262.056,-15.1096],"pipPosition":[49.8773,230.157,-16.9006],"stabilizedTipPosition":[28.1838,239.692,-8.52993],"timeVisible":8.26982,"tipPosition":[35.4193,220.544,7.29035],"tipVelocity":[66.7734,-257.557,206.442],"tool":false,"touchDistance":0.333333,"touchZone":"none","type":4,"width":14.9679}],"r":[[0.990865,-0.132361,0.0258185],[0.134027,0.987752,-0.0798887],[-0.0149281,0.0826193,0.996469]],"s":1.07805,"t":[31.8799,-22.1946,-78.9465],"timestamp":89003683080},true],[2,{"currentFrameRate":54.2102,"devices":[],"gestures":[],"hands":[{"armBasis":[[0.992865,0.113277,-0.037236],[-0.107528,0.985533,0.131007],[0.0515375,-0.126069,0.990682]],"armWidth":59.3966,"confidence":0.465155,"direction":[0.0148996,-0.108902,-0.993941],"elbow":[41.5095,233.515,293.288],"grabStrength":0,"id":426,"palmNormal":[0.107071,-0.988162,0.109874],"palmPosition":[22.6557,255.015,-5.65759],"palmVelocity":[16.5292,-292.683,26.0205],"palmWidth":84.8164,"pinchStrength":0,"r":[[0.993345,-0.114133,0.015451],[0.115163,0.982391,-0.147127],[0.00161311,0.147927,0.988997]],"s":1.07778,"sphereCenter":[3.90361,217.536,-21.8919],"sphereRadius":48.3198,"stabilizedPalmPosition":[22.6315,255.273,-5.69661],"t":[32.197,-27.5994,-78.453],"timeVisible":8.28828,"type":"right","wrist":[28.5385,265.244,43.9529]}],"id":1429013,"interactionBox":{"center":[0,200,0],"size":[235.247,235.247,147.751]},"pointables":[{"bases":[[[0.307179,0.906071,-0.290992],[-0.853776,0.397455,0.336298],[0.420366,0.145138,0.895672]],[[0.276469,0.893437,-0.354026],[-0.801832,0.417515,0.427489],[0.529746,0.165682,0.831817]],[[0.276469,0.893437,-0.354026],[-0.960921,0.251644,-0.11535],[-0.0139698,0.372082,0.928095]],[[0.276469,0.893437,-0.354026],[-0.846145,0.0516454,-0.530444],[-0.455635,0.446209,0.770256]]],"btipPosition":[-11.1147,223.503,-36.8576],"carpPosition":[3.15078,252.772,48.148],"dipPosition":[-21.0547,233.237,-20.0539],"direction":[0.0139698,-0.372082,-0.928095],"extended":false,"handId":426,"id":4260,"length":48.5803,"mcpPosition":[3.15078,252.772,48.148],"pipPosition":[-21.4987,245.063,9.44302],"stabilizedTipPosition":[-13.5059,227.086,-33.5781],"timeVisible":8.28828,"tipPosition":[-12.7417,224.093,-32.0895],"tipVelocity":[6.53885,-356.366,146.334],"tool":false,"touchDistance":-0.15078,"touchZone":"touching","type":0,"width":18.876},{"bases":[[[0.982528,0.0882405,-0.163865],[-0.128468,0.958612,-0.254083],[0.134663,0.270695,0.9532]],[[0.978562,0.0809471,-0.189377],[-0.0822925,0.996608,0.000761285],[0.188796,0.0148393,0.981904]],[[0.978562,0.0809471,-0.189377],[-0.136939,0.942547,-0.304718],[0.15383,0.324119,0.933426]],[[0.978562,0.0809471,-0.189377],[-0.173486,0.819524,-0.546154],[0.110989,0.567299,0.815998]]],"btipPosition":[-13.2073,235.014,-102.463],"carpPosition":[8.82191,270.509,36.2544],"dipPosition":[-11.4396,244.049,-89.4673],"direction":[-0.15383,-0.324119,-0.933426],"extended":true,"handId":426,"id":4261,"length":54.8174,"mcpPosition":[-0.412982,251.945,-29.1141],"pipPosition":[-7.97377,251.351,-68.4368],"stabilizedTipPosition":[-12.7946,237.221,-99.4992],"timeVisible":8.28828,"tipPosition":[-13.37,239.561,-99.7377],"tipVelocity":[-67.4392,-893.721,75.0725],"tool":false,"touchDistance":0.394186,"touchZone":"hovering","type":1,"width":18.0304},{"bases":[[[0.999097,-0.0407205,0.0121542],[0.0424769,0.96544,-0.257139],[-0.00126334,0.257423,0.966298]],[[0.999086,-0.042284,0.00628221],[0.00152709,-0.111562,-0.993756],[0.0427208,0.992857,-0.111396]],[[0.999086,-0.042284,0.00628221],[-0.0351183,-0.895648,-0.443374],[0.0243743,0.442748,-0.896315]],[[0.999086,-0.042284,0.00628221],[-0.042083,-0.998686,-0.0292597],[0.00751117,0.0289685,-0.999552]]],"btipPosition":[17.0852,199.29,16.8975],"carpPosition":[19.7001,272.883,33.4673],"dipPosition":[17.2167,199.797,-0.611599],"direction":[-0.0243743,-0.442748,0.896315],"extended":false,"handId":426,"id":4262,"length":62.4601,"mcpPosition":[19.7823,256.142,-29.3752],"pipPosition":[17.8628,211.533,-24.3702],"stabilizedTipPosition":[6.4927,222.464,-11.9571],"timeVisible":8.28828,"tipPosition":[17.0608,199.437,13.0045],"tipVelocity":[118.527,-260.785,278.173],"tool":false,"touchDistance":0.333333,"touchZone":"none","type":2,"width":17.7082},{"bases":[[[0.981957,-0.075057,0.17357],[0.113687,0.967778,-0.224679],[-0.151113,0.240358,0.95885]],[[0.98637,-0.0828705,0.142147],[0.132587,-0.111277,-0.984905],[0.0974373,0.990328,-0.0987727]],[[0.98637,-0.0828705,0.142147],[-0.0114146,-0.89629,-0.443321],[0.164144,0.435656,-0.88502]],[[0.98637,-0.0828705,0.142147],[-0.0784947,-0.99626,-0.0361291],[0.14461,0.0244788,-0.989186]]],"btipPosition":[29.13,206.077,20.8589],"carpPosition":[31.1218,273.033,32.651],"dipPosition":[31.6486,206.503,3.63092],"direction":[-0.164144,-0.435656,0.88502],"extended":false,"handId":426,"id":4263,"length":60.057,"mcpPosition":[39.9453,258.998,-23.3361],"pipPosition":[35.8872,217.753,-19.2224],"stabilizedTipPosition":[18.5504,228.009,-6.94116],"timeVisible":8.28828,"tipPosition":[29.7483,206.322,17.1344],"tipVelocity":[114.965,-220.905,233.787],"tool":false,"touchDistance":0.333333,"touchZone":"none","type":3,"width":16.8505},{"bases":[[[0.925495,-0.2056,0.318101],[0.251233,0.96173,-0.109347],[-0.283446,0.181118,0.94173]],[[0.890743,-0.185513,0.414924],[0.402761,-0.100866,-0.90973],[0.210619,0.977451,-0.0151282]],[[0.890743,-0.185513,0.414924],[0.0359531,-0.881289,-0.471209],[0.453083,0.434644,-0.778332]],[[0.890743,-0.185513,0.414924],[-0.15307,-0.982023,-0.11046],[0.427956,0.0348792,-0.903126]]],"btipPosition":[36.0896,217.091,13.9164],"carpPosition":[42.8477,267.583,35.618],"dipPosition":[42.9657,217.652,-0.594422],"direction":[-0.453083,-0.434644,0.778332],"extended":false,"handId":426,"id":4264,"length":47.0836,"mcpPosition":[58.1682,257.793,-15.2834],"pipPosition":[51.2262,225.576,-14.7848],"stabilizedTipPosition":[30.0346,235.308,-4.80204],"timeVisible":8.28828,"tipPosition":[37.6571,217.098,10.3507],"tipVelocity":[93.4993,-223.543,186.012],"tool":false,"touchDistance":0.333333,"touchZone":"none","type":4,"width":14.9679}],"r":[[0.993345,-0.114133,0.015451],[0.115163,0.982391,-0.147127],[0.00161311,0.147927,0.988997]],"s":1.07778,"t":[32.197,-27.5994,-78.453],"timestamp":89003701539},true],[3,{"currentFrameRate":54.2174,"devices":[],"gestures":[],"hands":[{"armBasis":[[0.98875,0.149264,-0.00972243],[-0.147608,0.98417,0.0980856],[0.0242092,-0.095547,0.99513]],"armWidth":59.3966,"confidence":0.463664,"direction":[-0.000711385,-0.134368,-0.990931],"elbow":[35.4792,238.548,293.89],"grabStrength":0,"id":426,"palmNormal":[0.151818,-0.97946,0.132703],"palmPosition":[22.9386,250.819,-5.76052],"palmVelocity":[15.9649,-261.443,10.7985],"palmWidth":84.8164,"pinchStrength":0,"r":[[0.995798,-0.0915463,0.00248624],[0.0900974,0.974451,-0.205739],[0.0164119,0.205098,0.978604]],"s":1.07737,"sphereCenter":[6.18643,211.475,-20.4413],"sphereRadius":48.2089,"stabilizedPalmPosition":[22.9294,250.953,-5.7586],"t":[32.4969,-32.3999,-78.2578],"timeVisible":8.3067,"type":"right","wrist":[29.3862,262.595,43.4348]}],"id":1429014,"interactionBox":{"center":[0,200,0],"size":[235.247,235.247,147.751]},"pointables":[{"bases":[[[0.261804,0.910335,-0.320545],[-0.863082,0.369469,0.344357],[0.431911,0.186503,0.882422]],[[0.238204,0.898991,-0.367525],[-0.806808,0.393827,0.44041],[0.540666,0.191615,0.819124]],[[0.238204,0.898991,-0.367525],[-0.971146,0.215972,-0.101147],[-0.0115547,0.381015,0.924497]],[[0.238204,0.898991,-0.367525],[-0.866001,0.025297,-0.499402],[-0.43966,0.437237,0.784552]]],"btipPosition":[-10.5477,218.604,-36.1203],"carpPosition":[4.65111,249.168,48.4923],"dipPosition":[-20.1392,228.143,-19.0047],"direction":[0.0115547,-0.381015,-0.924497],"extended":false,"handId":426,"id":4260,"length":48.5803,"mcpPosition":[4.65111,249.168,48.4923],"pipPosition":[-20.5065,240.252,10.3778],"stabilizedTipPosition":[-12.8611,221.695,-32.3827],"timeVisible":8.3067,"tipPosition":[-12.0256,219.097,-31.2343],"tipVelocity":[20.3086,-314.001,97.0156],"tool":false,"touchDistance":-0.166405,"touchZone":"touching","type":0,"width":18.876},{"bases":[[[0.974257,0.125651,-0.187176],[-0.17486,0.945229,-0.275618],[0.142292,0.301253,0.942868]],[[0.970411,0.118109,-0.210603],[-0.130147,0.990509,-0.0441986],[0.203384,0.0703001,0.976572]],[[0.970411,0.118109,-0.210603],[-0.188471,0.915715,-0.354887],[0.150937,0.384079,0.910879]],[[0.970411,0.118109,-0.210603],[-0.222946,0.773225,-0.593648],[0.0927287,0.623035,0.776678]]],"btipPosition":[-13.4728,224.76,-100.63],"carpPosition":[9.30785,266.811,36.0309],"dipPosition":[-11.996,234.683,-88.2607],"direction":[-0.150937,-0.384079,-0.910879],"extended":true,"handId":426,"id":4261,"length":54.8174,"mcpPosition":[-0.450265,246.151,-28.629],"pipPosition":[-8.59527,243.336,-67.7382],"stabilizedTipPosition":[-13.131,227.106,-97.796],"timeVisible":8.3067,"tipPosition":[-13.8107,229.551,-98.1614],"tipVelocity":[-43.6527,-726.075,83.073],"tool":false,"touchDistance":0.413432,"touchZone":"hovering","type":1,"width":18.0304},{"bases":[[[0.999963,0.00220451,-0.00832311],[-0.00446634,0.959249,-0.282527],[0.0073611,0.282554,0.959223]],[[0.99989,0.000278737,-0.0148604],[-0.0146983,-0.129915,-0.991416],[-0.00220694,0.991525,-0.129897]],[[0.99989,0.000278737,-0.0148604],[-0.00607272,-0.904901,-0.425579],[-0.0135658,0.425622,-0.904799]],[[0.99989,0.000278737,-0.0148604],[0.000173765,-0.999975,-0.00706472],[-0.014862,0.00706136,-0.999865]]],"btipPosition":[20.2547,195.241,17.9026],"carpPosition":[20.0143,269.572,32.9506],"dipPosition":[19.9944,195.365,0.387976],"direction":[0.0135658,-0.425622,0.904799],"extended":false,"handId":426,"id":4262,"length":62.4601,"mcpPosition":[19.5356,251.196,-29.4318],"pipPosition":[19.6348,206.647,-23.5955],"stabilizedTipPosition":[9.37002,216.754,-6.53275],"timeVisible":8.3067,"tipPosition":[20.141,195.4,14.1469],"tipVelocity":[141.96,-243.352,170.457],"tool":false,"touchDistance":0.333333,"touchZone":"none","type":2,"width":17.7082},{"bases":[[[0.987619,-0.0285579,0.154247],[0.0672248,0.965473,-0.251678],[-0.141734,0.258931,0.95544]],[[0.991659,-0.0368517,0.12351],[0.117887,-0.128098,-0.98473],[0.0521104,0.991077,-0.122685]],[[0.991659,-0.0368517,0.12351],[0.0190211,-0.905921,-0.423019],[0.127479,0.42184,-0.897664]],[[0.991659,-0.0368517,0.12351],[-0.0357015,-0.999296,-0.0115134],[0.123847,0.0070079,-0.992277]]],"btipPosition":[32.0566,202.776,21.6683],"carpPosition":[31.3999,270.186,31.8851],"dipPosition":[34.2136,202.898,4.38648],"direction":[-0.127479,-0.42184,0.897664],"extended":false,"handId":426,"id":4263,"length":60.057,"mcpPosition":[39.6757,255.067,-23.903],"pipPosition":[37.5054,213.79,-18.7934],"stabilizedTipPosition":[20.9278,223.73,-2.75858],"timeVisible":8.3067,"tipPosition":[32.5878,202.998,17.9773],"tipVelocity":[133.944,-202.672,142.039],"tool":false,"touchDistance":0.333333,"touchZone":"none","type":3,"width":16.8505},{"bases":[[[0.939803,-0.157526,0.303242],[0.20723,0.968336,-0.139217],[-0.27171,0.193677,0.942689]],[[0.907567,-0.137167,0.396871],[0.384724,-0.107083,-0.916799],[0.168252,0.984743,-0.0444132]],[[0.907567,-0.137167,0.396871],[0.0621904,-0.89081,-0.4501],[0.415276,0.433177,-0.79994]],[[0.907567,-0.137167,0.396871],[-0.11365,-0.990106,-0.0823049],[0.404234,0.0295927,-0.914177]]],"btipPosition":[38.4825,214.022,14.5202],"carpPosition":[43.4081,265.32,34.7369],"dipPosition":[44.9774,214.497,-0.168152],"direction":[-0.415276,-0.433177,0.79994],"extended":false,"handId":426,"id":4264,"length":47.0836,"mcpPosition":[58.0942,254.852,-16.2163],"pipPosition":[52.5486,222.395,-14.7524],"stabilizedTipPosition":[32.5818,229.883,-0.717095],"timeVisible":8.3067,"tipPosition":[39.9339,214.011,10.9121],"tipVelocity":[108.745,-196.662,111.153],"tool":false,"touchDistance":0.333333,"touchZone":"none","type":4,"width":14.9679}],"r":[[0.995798,-0.0915463,0.00248624],[0.0900974,0.974451,-0.205739],[0.0164119,0.205098,0.978604]],"s":1.07737,"t":[32.4969,-32.3999,-78.2578],"timestamp":89003719958},true],[4,{"currentFrameRate":54.2061,"devices":[],"gestures":[],"hands":[{"armBasis":[[0.984067,0.177794,0.00152904],[-0.177364,0.981012,0.0784688],[0.0124513,-0.0774897,0.996915]],"armWidth":59.3966,"confidence":0.470148,"direction":[-0.0228955,-0.191935,-0.98114],"elbow":[33.7353,241.809,293.716],"grabStrength":0,"id":426,"palmNormal":[0.18994,-0.964358,0.18422],"palmPosition":[23.2396,246.473,-5.41769],"palmVelocity":[16.118,-248.717,14.538],"palmWidth":84.8164,"pinchStrength":0,"r":[[0.99764,-0.0672782,-0.0137104],[0.0613042,0.962734,-0.263411],[0.0309213,0.261949,0.964586]],"s":1.07652,"sphereCenter":[8.56676,204.925,-17.0195],"sphereRadius":48.043,"stabilizedPalmPosition":[23.2338,246.557,-5.42407],"t":[32.7974,-36.9732,-77.9887],"timeVisible":8.32519,"type":"right","wrist":[30.6015,261.312,42.8114]}],"id":1429015,"interactionBox":{"center":[0,200,0],"size":[235.247,235.247,147.751]},"pointables":[{"bases":[[[0.22061,0.898387,-0.379778],[-0.865937,0.359595,0.347628],[0.448871,0.252174,0.857277]],[[0.206824,0.890283,-0.405735],[-0.804391,0.3908,0.447472],[0.556938,0.233821,0.796962]],[[0.206824,0.890283,-0.405735],[-0.978375,0.189232,-0.0835056],[0.00243448,0.414232,0.910168]],[[0.206824,0.890283,-0.405735],[-0.889346,-0.00177085,-0.457231],[-0.407783,0.455405,0.791403]]],"btipPosition":[-10.5923,213.396,-33.9243],"carpPosition":[6.50376,247.376,49.3511],"dipPosition":[-19.4883,223.331,-16.6593],"direction":[-0.00243448,-0.414232,-0.910168],"extended":false,"handId":426,"id":4260,"length":48.5803,"mcpPosition":[6.50376,247.376,49.3511],"pipPosition":[-19.411,236.496,12.2679],"stabilizedTipPosition":[-12.6666,216.444,-30.2616],"timeVisible":8.32519,"tipPosition":[-11.8045,213.868,-28.8401],"tipVelocity":[13.5174,-296.039,108.422],"tool":false,"touchDistance":-0.156324,"touchZone":"touching","type":0,"width":18.876},{"bases":[[[0.96375,0.147328,-0.22244],[-0.215633,0.921084,-0.3242],[0.157122,0.360414,0.919464]],[[0.960003,0.139246,-0.242909],[-0.173606,0.976692,-0.126229],[0.219671,0.16335,0.961801]],[[0.960003,0.139246,-0.242909],[-0.237946,0.862984,-0.445691],[0.147566,0.485664,0.8616]],[[0.960003,0.139246,-0.242909],[-0.270635,0.683863,-0.67756],[0.071769,0.7162,0.694195]]],"btipPosition":[-13.8474,210.801,-96.2739],"carpPosition":[10.1927,264.408,35.767],"dipPosition":[-12.7044,222.207,-85.2179],"direction":[-0.147566,-0.485664,-0.8616],"extended":true,"handId":426,"id":4261,"length":54.8174,"mcpPosition":[-0.582451,239.691,-27.288],"pipPosition":[-9.37969,233.149,-65.8057],"stabilizedTipPosition":[-13.5816,213.513,-93.7575],"timeVisible":8.32519,"tipPosition":[-14.4192,216.133,-94.3777],"tipVelocity":[-34.3648,-731.149,148.848],"tool":false,"touchDistance":0.466237,"touchZone":"hovering","type":1,"width":18.0304},{"bases":[[[0.998662,0.0354709,-0.0376226],[-0.0460933,0.940421,-0.336874],[0.0234318,0.338157,0.940798]],[[0.998453,0.0328717,-0.0448499],[-0.0382347,-0.179795,-0.982961],[-0.0403753,0.983155,-0.17826]],[[0.998453,0.0328717,-0.0448499],[0.013412,-0.925111,-0.379459],[-0.0539646,0.37827,-0.924121]],[[0.998453,0.0328717,-0.0448499],[0.0349115,-0.998355,0.0454824],[-0.043281,-0.0469778,-0.997958]]],"btipPosition":[23.1858,191.975,21.024],"carpPosition":[20.707,267.344,32.222],"dipPosition":[22.4276,191.152,3.54275],"direction":[0.0539646,-0.37827,0.924121],"extended":false,"handId":426,"id":4262,"length":62.4601,"mcpPosition":[19.1831,245.352,-28.9621],"pipPosition":[20.9972,201.179,-20.9529],"stabilizedTipPosition":[13.0231,210.067,-0.22996],"timeVisible":8.32519,"tipPosition":[22.9596,192.036,17.398],"tipVelocity":[146.976,-216.836,169.873],"tool":false,"touchDistance":0.333333,"touchZone":"none","type":2,"width":17.7082},{"bases":[[[0.99184,0.0138524,0.126736],[0.0261449,0.950852,-0.308539],[-0.124782,0.309334,0.942731]],[[0.995287,0.00407054,0.096883],[0.0960663,-0.177358,-0.979446],[0.0131961,0.984138,-0.176913]],[[0.995287,0.00407054,0.096883],[0.040211,-0.92649,-0.374165],[0.088238,0.376297,-0.922288]],[[0.995287,0.00407054,0.096883],[-0.000225931,-0.999018,0.0442948],[0.0969682,-0.0441079,-0.99431]]],"btipPosition":[34.7996,200.281,24.2461],"carpPosition":[32.0305,268.279,30.7911],"dipPosition":[36.4884,199.512,6.92891],"direction":[-0.088238,-0.376297,0.922288],"extended":false,"handId":426,"id":4263,"length":60.057,"mcpPosition":[39.3165,250.217,-24.2549],"pipPosition":[38.7669,209.229,-16.8868],"stabilizedTipPosition":[24.0044,218.632,2.20833],"timeVisible":8.32519,"tipPosition":[35.2193,200.361,20.5882],"tipVelocity":[138.094,-175.316,140.568],"tool":false,"touchDistance":0.333333,"touchZone":"none","type":3,"width":16.8505},{"bases":[[[0.952686,-0.107739,0.284221],[0.168966,0.965,-0.200562],[-0.252665,0.239097,0.937546]],[[0.923674,-0.0840303,0.373852],[0.359397,-0.148384,-0.921312],[0.132892,0.985353,-0.106858]],[[0.923674,-0.0840303,0.373852],[0.0785931,-0.913368,-0.399476],[0.375033,0.398368,-0.83705]],[[0.923674,-0.0840303,0.373852],[-0.0820755,-0.996401,-0.0211765],[0.374286,-0.0111239,-0.927247]]],"btipPosition":[40.7019,211.511,16.5718],"carpPosition":[44.2765,263.996,33.5658],"dipPosition":[46.7156,211.333,1.67345],"direction":[-0.375033,-0.398368,0.83705],"extended":false,"handId":426,"id":4264,"length":47.0836,"mcpPosition":[57.9333,251.073,-17.1095],"pipPosition":[53.5531,218.596,-13.5874],"stabilizedTipPosition":[35.4383,224.348,3.44963],"timeVisible":8.32519,"tipPosition":[42.0187,211.327,12.9004],"tipVelocity":[111.311,-171.196,109.803],"tool":false,"touchDistance":0.333333,"touchZone":"none","type":4,"width":14.9679}],"r":[[0.99764,-0.0672782,-0.0137104],[0.0613042,0.962734,-0.263411],[0.0309213,0.261949,0.964586]],"s":1.07652,"t":[32.7974,-36.9732,-77.9887],"timestamp":89003738446},true],[5,{"currentFrameRate":54.2007,"devices":[],"gestures":[],"hands":[{"armBasis":[[0.980363,0.197196,-0.00119813],[-0.196599,0.977832,0.0720724],[0.015384,-0.0704216,0.997399]],"armWidth":59.3966,"confidence":0.482891,"direction":[-0.0333067,-0.211255,-0.976863],"elbow":[35.2005,242.227,294.474],"grabStrength":0.0400667,"id":426,"palmNormal":[0.213563,-0.956335,0.199534],"palmPosition":[23.5745,244.031,-4.3731],"palmVelocity":[17.0899,-192.508,34.8133],"palmWidth":84.8164,"pinchStrength":0,"r":[[0.998546,-0.044398,-0.0305877],[0.0326481,0.949427,-0.312285],[0.0429056,0.310832,0.949496]],"s":1.07173,"sphereCenter":[11.8729,200.779,-14.3688],"sphereRadius":47.5024,"stabilizedPalmPosition":[23.5693,244.07,-4.38905],"t":[33.1151,-40.4809,-77.3319],"timeVisible":8.34365,"type":"right","wrist":[31.3286,259.951,43.448]}],"id":1429016,"interactionBox":{"center":[0,200,0],"size":[235.247,235.247,147.751]},"pointables":[{"bases":[[[0.195369,0.895424,-0.400059],[-0.86828,0.347583,0.353945],[0.455984,0.278213,0.845385]],[[0.192031,0.893366,-0.406228],[-0.801763,0.381519,0.460021],[0.565951,0.23736,0.789531]],[[0.192031,0.893366,-0.406228],[-0.981333,0.179207,-0.0697855],[0.0104548,0.412046,0.911103]],[[0.192031,0.893366,-0.406228],[-0.90575,0.0019805,-0.423808],[-0.377811,0.449325,0.809547]]],"btipPosition":[-10.785,211.687,-32.7371],"carpPosition":[7.63921,245.63,50.6181],"dipPosition":[-19.0272,221.49,-15.0762],"direction":[-0.0104548,-0.412046,-0.911103],"extended":false,"handId":426,"id":4260,"length":48.5803,"mcpPosition":[7.63921,245.63,50.6181],"pipPosition":[-18.6949,234.586,13.8806],"stabilizedTipPosition":[-12.6788,214.272,-28.8843],"timeVisible":8.34365,"tipPosition":[-11.758,212.026,-27.4996],"tipVelocity":[5.88989,-198.622,89.5029],"tool":false,"touchDistance":-0.1465,"touchZone":"touching","type":0,"width":18.876},{"bases":[[[0.956908,0.163639,-0.239893],[-0.240389,0.909831,-0.338261],[0.16291,0.381352,0.909962]],[[0.953833,0.156772,-0.256176],[-0.208354,0.959726,-0.188451],[0.216315,0.233126,0.948082]],[[0.953833,0.156772,-0.256176],[-0.278903,0.778808,-0.561846],[0.11143,0.607355,0.786577]],[[0.953833,0.156772,-0.256176],[-0.300252,0.518282,-0.80077],[0.00723271,0.840717,0.541426]]],"btipPosition":[-11.7058,199.91,-90.0575],"carpPosition":[10.7549,262.472,36.6589],"dipPosition":[-11.5906,213.3,-81.4346],"direction":[-0.11143,-0.607355,-0.786577],"extended":true,"handId":426,"id":4261,"length":54.8174,"mcpPosition":[-0.41717,236.32,-25.7444],"pipPosition":[-9.08001,226.984,-63.7126],"stabilizedTipPosition":[-11.7051,203.133,-88.1516],"timeVisible":8.34365,"tipPosition":[-12.8171,206.376,-89.2286],"tipVelocity":[31.9909,-650.967,224.811],"tool":false,"touchDistance":0.537798,"touchZone":"hovering","type":1,"width":18.0304},{"bases":[[[0.996986,0.0561385,-0.0535448],[-0.0715163,0.93255,-0.353888],[0.0300665,0.356651,0.933754]],[[0.996709,0.05324,-0.0611268],[-0.049714,-0.194146,-0.979712],[-0.0640274,0.979527,-0.19086]],[[0.996709,0.05324,-0.0611268],[0.0272009,-0.930021,-0.366499],[-0.0763616,0.36363,-0.928408]],[[0.996709,0.05324,-0.0611268],[0.0569556,-0.996527,0.0607439],[-0.0576805,-0.0640255,-0.99628]]],"btipPosition":[25.1049,189.843,22.8092],"carpPosition":[21.149,265.565,32.8987],"dipPosition":[24.0946,188.721,5.35734],"direction":[0.0763616,-0.36363,0.928408],"extended":false,"handId":426,"id":4262,"length":62.4601,"mcpPosition":[19.1937,242.37,-27.8273],"pipPosition":[22.0704,198.36,-19.252],"stabilizedTipPosition":[16.6501,203.798,5.59349],"timeVisible":8.34365,"tipPosition":[24.8234,189.898,19.2544],"tipVelocity":[124.682,-169.719,134.724],"tool":false,"touchDistance":0.333333,"touchZone":"none","type":2,"width":17.7082},{"bases":[[[0.993079,0.0375503,0.111279],[0.000891503,0.945071,-0.326863],[-0.117441,0.3247,0.938498]],[[0.996272,0.0273551,0.0818102],[0.0855537,-0.192018,-0.977655],[-0.0110348,0.98101,-0.193642]],[[0.996272,0.0273551,0.0818102],[0.0550534,-0.93176,-0.358877],[0.0664104,0.362043,-0.929793]],[[0.996272,0.0273551,0.0818102],[0.0223099,-0.997829,0.0619601],[0.0833275,-0.059904,-0.99472]]],"btipPosition":[36.5778,198.592,25.8773],"carpPosition":[32.427,266.714,31.2774],"dipPosition":[38.0291,197.549,8.55301],"direction":[-0.0664104,-0.362043,0.929793],"extended":false,"handId":426,"id":4263,"length":60.057,"mcpPosition":[39.2844,247.755,-23.5213],"pipPosition":[39.744,206.898,-15.4565],"stabilizedTipPosition":[27.1409,213.704,6.99168],"timeVisible":8.34365,"tipPosition":[36.9393,198.633,22.234],"tipVelocity":[116.493,-136.491,115.317],"tool":false,"touchDistance":0.333333,"touchZone":"none","type":3,"width":16.8505},{"bases":[[[0.958923,-0.0817944,0.27162],[0.144962,0.964356,-0.221369],[-0.243831,0.25165,0.9366]],[[0.931509,-0.0575851,0.359132],[0.346714,-0.157793,-0.924603],[0.109912,0.985792,-0.12702]],[[0.931509,-0.0575851,0.359132],[0.0913124,-0.91874,-0.38416],[0.35207,0.390642,-0.850556]],[[0.931509,-0.0575851,0.359132],[-0.0611018,-0.99813,-0.00156115],[0.35855,-0.0204893,-0.933286]]],"btipPosition":[42.1799,209.863,18.0103],"carpPosition":[44.803,262.749,33.9453],"dipPosition":[47.9408,209.534,3.01494],"direction":[-0.35207,-0.390642,0.850556],"extended":false,"handId":426,"id":4264,"length":47.0836,"mcpPosition":[57.9823,249.147,-16.6788],"pipPosition":[54.3596,216.656,-12.4922],"stabilizedTipPosition":[37.9966,219.73,6.97376],"timeVisible":8.34365,"tipPosition":[43.4189,209.649,14.3274],"tipVelocity":[94.6962,-132.569,93.821],"tool":false,"touchDistance":0.333333,"touchZone":"none","type":4,"width":14.9679}],"r":[[0.998546,-0.044398,-0.0305877],[0.0326481,0.949427,-0.312285],[0.0429056,0.310832,0.949496]],"s":1.07173,"t":[33.1151,-40.4809,-77.3319],"timestamp":89003756915},true],[6,{"currentFrameRate":54.2014,"devices":[],"gestures":[],"hands":[{"armBasis":[[0.978108,0.208019,0.00576345],[-0.207863,0.975309,0.0745937],[0.00989576,-0.0741587,0.997197]],"armWidth":59.3966,"confidence":0.465375,"direction":[-0.0473735,-0.203796,-0.977866],"elbow":[34.2949,239.854,294.675],"grabStrength":0.103887,"id":426,"palmNormal":[0.228233,-0.955277,0.188031],"palmPosition":[23.429,242.891,-4.11289],"palmVelocity":[5.04881,-129.506,24.8303],"palmWidth":84.8164,"pinchStrength":0.0477533,"r":[[0.998529,-0.024354,-0.048447],[0.00592506,0.937118,-0.348963],[0.0538992,0.348163,0.935883]],"s":1.06405,"sphereCenter":[13.8898,198.92,-13.8717],"sphereRadius":46.997,"stabilizedPalmPosition":[23.4309,242.906,-4.11651],"t":[33.2012,-42.805,-76.8734],"timeVisible":8.3621,"type":"right","wrist":[31.8044,258.518,43.6999]}],"id":1429017,"interactionBox":{"center":[0,200,0],"size":[235.247,235.247,147.751]},"pointables":[{"bases":[[[0.177931,0.900881,-0.395921],[-0.866205,0.334302,0.37139],[0.466936,0.276867,0.839831]],[[0.17591,0.899676,-0.399549],[-0.799919,0.3672,0.474651],[0.573746,0.236111,0.784262]],[[0.17591,0.899676,-0.399549],[-0.984245,0.168096,-0.0548288],[0.0178345,0.402899,0.915071]],[[0.17591,0.899676,-0.399549],[-0.916885,0.00201256,-0.399147],[-0.358299,0.436555,0.825253]]],"btipPosition":[-11.0358,210.542,-32.4281],"carpPosition":[8.41134,243.857,51.1506],"dipPosition":[-18.8523,220.066,-14.4246],"direction":[-0.0178345,-0.402899,-0.915071],"extended":false,"handId":426,"id":4260,"length":48.5803,"mcpPosition":[8.41134,243.857,51.1506],"pipPosition":[-18.2855,232.871,14.6584],"stabilizedTipPosition":[-12.8135,212.933,-28.3649],"timeVisible":8.3621,"tipPosition":[-11.9919,210.967,-27.1755],"tipVelocity":[-0.945595,-134.474,56.4888],"tool":false,"touchDistance":-0.143195,"touchZone":"touching","type":0,"width":18.876},{"bases":[[[0.950694,0.177014,-0.254651],[-0.256856,0.909569,-0.326663],[0.173799,0.375965,0.910189]],[[0.947744,0.17088,-0.26941],[-0.232686,0.947969,-0.217281],[0.218264,0.268615,0.938193]],[[0.947744,0.17088,-0.26941],[-0.305611,0.728635,-0.612939],[0.091563,0.663243,0.742782]],[[0.947744,0.17088,-0.26941],[-0.317672,0.427547,-0.846338],[-0.0294363,0.887696,0.459489]]],"btipPosition":[-11.1639,195.226,-86.7644],"carpPosition":[11.0899,260.847,37.2799],"dipPosition":[-11.6327,209.364,-79.4465],"direction":[-0.091563,-0.663243,-0.742782],"extended":true,"handId":426,"id":4261,"length":54.8174,"mcpPosition":[-0.828821,235.064,-25.139],"pipPosition":[-9.56973,224.307,-62.7113],"stabilizedTipPosition":[-11.2841,198.611,-85.1693],"timeVisible":8.3621,"tipPosition":[-12.4267,201.692,-86.3728],"tipVelocity":[27.2198,-455.064,194.648],"tool":false,"touchDistance":0.562246,"touchZone":"hovering","type":1,"width":18.0304},{"bases":[[[0.995199,0.06851,-0.0698952],[-0.0885536,0.934434,-0.34495],[0.04168,0.349483,0.936015]],[[0.994813,0.0655663,-0.0777703],[-0.0647303,-0.181723,-0.981217],[-0.0784675,0.981161,-0.176537]],[[0.994813,0.0655663,-0.0777703],[0.0313249,-0.924855,-0.379027],[-0.0967776,0.374624,-0.922112]],[[0.994813,0.0655663,-0.0777703],[0.0694449,-0.996418,0.0482606],[-0.0743274,-0.053411,-0.995803]]],"btipPosition":[26.0636,188.287,22.3149],"carpPosition":[21.3814,264.094,33.3703],"dipPosition":[24.7617,187.352,4.87148],"direction":[0.0967776,-0.374624,0.922112],"extended":false,"handId":426,"id":4262,"length":62.4601,"mcpPosition":[18.6708,241.365,-27.5027],"pipPosition":[22.1964,197.282,-19.5709],"stabilizedTipPosition":[20.0624,197.91,10.3519],"timeVisible":8.3621,"tipPosition":[25.7226,188.434,18.8268],"tipVelocity":[87.8754,-127.431,56.9089],"tool":false,"touchDistance":0.333333,"touchZone":"none","type":2,"width":17.7082},{"bases":[[[0.99431,0.0485548,0.094813],[-0.0158511,0.947606,-0.319048],[-0.105337,0.31573,0.942984]],[[0.997105,0.0387137,0.0654452],[0.0714083,-0.181003,-0.980887],[-0.026128,0.98272,-0.183243]],[[0.997105,0.0387137,0.0654452],[0.0602383,-0.927407,-0.369173],[0.0464022,0.372046,-0.927054]],[[0.997105,0.0387137,0.0654452],[0.0353278,-0.998015,0.052126],[0.0673333,-0.0496631,-0.996494]]],"btipPosition":[37.4838,197.285,25.4335],"carpPosition":[32.6159,265.391,31.5685],"dipPosition":[38.6565,196.42,8.07831],"direction":[-0.0464022,-0.372046,0.927054],"extended":false,"handId":426,"id":4263,"length":60.057,"mcpPosition":[38.7665,246.956,-23.4922],"pipPosition":[39.8547,206.028,-15.8605],"stabilizedTipPosition":[30.287,208.778,11.2754],"timeVisible":8.3621,"tipPosition":[37.7809,197.381,21.8067],"tipVelocity":[82.3338,-103.771,47.9395],"tool":false,"touchDistance":0.333333,"touchZone":"none","type":3,"width":16.8505},{"bases":[[[0.964295,-0.0724731,0.25472],[0.12975,0.967768,-0.215845],[-0.230867,0.241188,0.942618]],[[0.939004,-0.0500062,0.34025],[0.330358,-0.143799,-0.932838],[0.0955751,0.988343,-0.118508]],[[0.939004,-0.0500062,0.34025],[0.0947321,-0.913485,-0.395691],[0.3306,0.403788,-0.853029]],[[0.939004,-0.0500062,0.34025],[-0.0493927,-0.998725,-0.01047],[0.34034,-0.00697448,-0.940277]]],"btipPosition":[42.9141,208.692,17.6111],"carpPosition":[45.0815,261.554,33.9945],"dipPosition":[48.3825,208.58,2.50337],"direction":[-0.3306,-0.403788,0.853029],"extended":false,"handId":426,"id":4264,"length":47.0836,"mcpPosition":[57.5601,248.517,-16.9549],"pipPosition":[54.4099,215.942,-13.0488],"stabilizedTipPosition":[40.2066,215.771,9.53702],"timeVisible":8.3621,"tipPosition":[44.0531,208.564,13.9379],"tipVelocity":[66.4749,-97.9518,37.4818],"tool":false,"touchDistance":0.333333,"touchZone":"