{"sensorType":"Leap","data":[[0,{"currentFrameRate":54.235,"devices":[],"gestures":[{"center":[-40.8795,275.783,-88.381],"duration":258777,"handIds":[425],"id":1,"normal":[0.119928,0.272299,0.95471],"pointableIds":[4251],"progress":1.37548,"radius":34.0108,"state":"update","type":"circle"}],"hands":[{"armBasis":[[-0.773131,-0.61986,-0.134322],[-0.62302,0.78189,-0.0222288],[-0.118804,-0.0664993,0.990688]],"armWidth":59.3966,"confidence":0.453119,"direction":[-0.648729,-0.214541,-0.730152],"elbow":[2.47737,263.397,310.039],"grabStrength":0.443301,"id":425,"palmNormal":[0.474511,-0.86413,-0.167687],"palmPosition":[5.8618,269.089,18.5668],"palmVelocity":[97.0071,12.2768,109.871],"palmWidth":84.8164,"pinchStrength":1,"r":[[0.973626,0.00143712,-0.228144],[-0.0639333,0.961633,-0.266784],[0.219008,0.274334,0.936364]],"s":0.834723,"sphereCenter":[20.079,231.35,-7.24767],"sphereRadius":44.1556,"stabilizedPalmPosition":[3.53387,268.678,15.8787],"t":[-2.17017,126.895,-108.483],"timeVisible":6.93761,"type":"left","wrist":[32.3779,280.133,60.7017]}],"id":1427687,"interactionBox":{"center":[0,200,0],"size":[235.247,235.247,147.751]},"pointables":[{"bases":[[[-0.790418,0.547846,0.274051],[0.519797,0.83656,-0.173142],[0.324115,-0.00559675,0.946001]],[[-0.851564,0.523562,-0.0268535],[0.48619,0.769545,-0.414029],[0.196105,0.365628,0.909868]],[[-0.851564,0.523562,-0.0268535],[0.292679,0.432291,-0.852915],[0.434945,0.734171,0.521359]],[[-0.851564,0.523562,-0.0268535],[-0.0921531,-0.199917,-0.97547],[0.516087,0.8282,-0.21849]]],"btipPosition":[20.8277,225.802,-10.3998],"carpPosition":[55.0349,284.216,43.7404],"dipPosition":[32.0865,243.87,-15.1663],"direction":[-0.434945,-0.734171,-0.521359],"extended":false,"handId":425,"id":4250,"length":48.5803,"mcpPosition":[55.0349,284.216,43.7404],"pipPosition":[45.91,267.203,1.40361],"stabilizedTipPosition":[22.4721,229.314,-11.7792],"timeVisible":6.93761,"tipPosition":[23.2211,228.674,-9.22055],"tipVelocity":[90.4598,57.0812,32.4145],"tool":false,"touchDistance":0.07458,"touchZone":"hovering","type":0,"width":18.876},{"bases":[[[-0.695447,-0.484808,0.530391],[-0.549309,0.834535,0.0425608],[0.463264,0.26175,0.846684]],[[-0.700641,-0.487736,0.520784],[-0.547542,0.83552,0.0458603],[0.457493,0.25302,0.852456]],[[-0.700641,-0.487736,0.520784],[-0.713192,0.500656,-0.490613],[0.0214439,0.715162,0.698629]],[[-0.700641,-0.487736,0.520784],[-0.625136,0.067762,-0.777569],[-0.343959,0.870357,0.352378]]],"btipPosition":[-9.65387,236.346,-69.0612],"carpPosition":[35.4424,294.404,44.4938],"dipPosition":[-15.1319,250.208,-63.4491],"direction":[-0.0214439,-0.715162,-0.698629],"extended":true,"handId":425,"id":4251,"length":54.8174,"mcpPosition":[3.67269,276.453,-13.57],"pipPosition":[-14.6487,266.321,-47.7087],"stabilizedTipPosition":[-11.7833,239.709,-68.592],"timeVisible":6.93761,"tipPosition":[-12.7686,242.124,-68.8642],"tipVelocity":[186.134,-95.8993,179.482],"tool":false,"touchDistance":0.632348,"touchZone":"hovering","type":1,"width":18.0304},{"bases":[[[-0.522563,-0.580104,0.624826],[-0.64867,0.746102,0.150195],[0.553313,0.326819,0.766181]],[[-0.523396,-0.580596,0.623671],[-0.84033,0.230527,-0.490614],[-0.141075,0.780875,0.608549]],[[-0.523396,-0.580596,0.623671],[-0.419799,-0.461237,-0.781684],[-0.741502,0.670946,0.00232406]],[[-0.523396,-0.580596,0.623671],[-0.00453338,-0.730023,-0.683407],[-0.852078,0.36052,-0.379459]]],"btipPosition":[31.355,209.64,-20.4661],"carpPosition":[26.42,290.08,50.1187],"dipPosition":[16.4292,215.956,-27.1131],"direction":[0.741502,-0.670946,-0.00232406],"extended":false,"handId":425,"id":4252,"length":62.4601,"mcpPosition":[-9.56433,268.825,0.290654],"pipPosition":[-3.22581,233.74,-27.0515],"stabilizedTipPosition":[20.6073,214.993,-34.2586],"timeVisible":6.93761,"tipPosition":[28.2166,211.119,-21.7051],"tipVelocity":[69.2936,-4.50601,113.547],"tool":false,"touchDistance":0.333333,"touchZone":"none","type":2,"width":17.7082},{"bases":[[[-0.385046,-0.58027,0.717653],[-0.666378,0.712788,0.2188],[0.638498,0.39398,0.661135]],[[-0.365372,-0.56797,0.737505],[-0.930308,0.250118,-0.268267],[0.0320958,0.784124,0.619773]],[[-0.365372,-0.56797,0.737505],[-0.612729,-0.449694,-0.649875],[-0.700761,0.689337,0.183706]],[[-0.365372,-0.56797,0.737505],[-0.165997,-0.739828,-0.651996],[-0.915941,0.360645,-0.176031]]],"btipPosition":[14.9268,204.102,-9.315],"carpPosition":[19.4977,283.845,56.7789],"dipPosition":[-1.02554,210.383,-12.3808],"direction":[0.700761,-0.689337,-0.183706],"extended":false,"handId":425,"id":4253,"length":60.057,"mcpPosition":[-17.7842,260.841,18.1753],"pipPosition":[-19.1209,228.184,-7.63707],"stabilizedTipPosition":[4.36266,210.806,-24.8764],"timeVisible":6.93761,"tipPosition":[12.1998,205.728,-9.36697],"tipVelocity":[44.8186,0.954173,99.7285],"tool":false,"touchDistance":0.38454,"touchZone":"hovering","type":3,"width":16.8505},{"bases":[[[-0.193126,-0.640514,0.743266],[-0.659109,0.645846,0.385302],[0.726827,0.415482,0.546898]],[[-0.321219,-0.705019,0.632271],[-0.946802,0.252919,-0.198994],[0.0196188,0.662556,0.748756]],[[-0.321219,-0.705019,0.632271],[-0.617432,-0.350323,-0.70431],[-0.718051,0.616621,0.322771]],[[-0.321219,-0.705019,0.632271],[-0.173258,-0.612633,-0.771144],[-0.931021,0.357252,-0.0746386]]],"btipPosition":[5.74567,211.973,5.61555],"carpPosition":[17.6277,273.25,64.5404],"dipPosition":[-9.21332,217.713,4.41631],"direction":[0.718051,-0.616621,-0.322771],"extended":false,"handId":425,"id":4254,"length":47.0836,"mcpPosition":[-21.658,250.793,34.9801],"pipPosition":[-22.3046,228.955,10.301],"stabilizedTipPosition":[-8.27406,217.745,-12.7321],"timeVisible":6.93761,"tipPosition":[2.47381,213.271,5.42467],"tipVelocity":[65.2075,11.3493,112.15],"tool":false,"touchDistance":0.395624,"touchZone":"hovering","type":4,"width":14.9679}],"r":[[0.973626,0.00143712,-0.228144],[-0.0639333,0.961633,-0.266784],[0.219008,0.274334,0.936364]],"s":0.834723,"t":[-2.17017,126.895,-108.483],"timestamp":88979058259},false],[1,{"currentFrameRate":54.2312,"devices":[],"gestures":[{"center":[-40.8795,275.783,-88.381],"duration":258777,"handIds":[425],"id":1,"normal":[0.119928,0.272299,0.95471],"pointableIds":[4251],"progress":1.37548,"radius":34.0108,"state":"update","type":"circle"}],"hands":[{"armBasis":[[-0.776715,-0.614442,-0.138474],[-0.617289,0.786289,-0.0265138],[-0.125172,-0.064885,0.990011]],"armWidth":59.3966,"confidence":0.470488,"direction":[-0.650563,-0.221045,-0.726572],"elbow":[1.80276,263.539,310.596],"grabStrength":0.481981,"id":425,"palmNormal":[0.471175,-0.867796,-0.157876],"palmPosition":[6.68889,268.411,19.469],"palmVelocity":[71.8429,-11.3783,80.4663],"palmWidth":84.8164,"pinchStrength":0.996342,"r":[[0.973396,-0.00726029,-0.229016],[-0.0588072,0.958102,-0.280325],[0.221455,0.286335,0.932185]],"s":0.811804,"sphereCenter":[20.1444,229.07,-4.78057],"sphereRadius":44.1244,"stabilizedPalmPosition":[4.42761,268.602,16.8958],"t":[-0.881697,126.676,-107.035],"timeVisible":6.95606,"type":"left","wrist":[33.3062,279.869,61.429]}],"id":1427688,"interactionBox":{"center":[0,200,0],"size":[235.247,235.247,147.751]},"pointables":[{"bases":[[[-0.788053,0.55396,0.268516],[0.522526,0.83253,-0.184012],[0.325483,0.00470444,0.945536]],[[-0.849473,0.526862,-0.0284918],[0.489613,0.766987,-0.414742],[0.196659,0.366262,0.909493]],[[-0.849473,0.526862,-0.0284918],[0.299305,0.4367,-0.848357],[0.434525,0.729184,0.528658]],[[-0.849473,0.526862,-0.0284918],[-0.0808779,-0.183383,-0.979709],[0.521396,0.829932,-0.19839]]],"btipPosition":[21.6172,225.342,-10.4061],"carpPosition":[55.9526,283.665,44.3872],"dipPosition":[32.9918,243.447,-14.7341],"direction":[-0.434525,-0.729184,-0.528658],"extended":false,"handId":425,"id":4250,"length":48.5803,"mcpPosition":[55.9526,283.665,44.3872],"pipPosition":[46.8019,266.622,2.06784],"stabilizedTipPosition":[23.6874,229.446,-11.5186],"timeVisible":6.95606,"tipPosition":[24.0115,228.296,-9.10702],"tipVelocity":[68.1664,17.7621,19.2564],"tool":false,"touchDistance":0.0761568,"touchZone":"hovering","type":0,"width":18.876},{"bases":[[[-0.696393,-0.475847,0.537221],[-0.546262,0.836955,0.0332238],[0.465439,0.270327,0.842787]],[[-0.697205,-0.476318,0.535748],[-0.551714,0.83371,0.0232446],[0.45773,0.279373,0.844058]],[[-0.697205,-0.476318,0.535748],[-0.716868,0.465769,-0.518806],[0.00241831,0.745775,0.666193]],[[-0.697205,-0.476318,0.535748],[-0.612836,0.00827544,-0.790167],[-0.371937,0.879234,0.297674]]],"btipPosition":[-7.98295,233.399,-66.3044],"carpPosition":[36.3977,293.931,45.045],"dipPosition":[-13.9065,247.402,-61.5636],"direction":[-0.00241831,-0.745775,-0.666193],"extended":true,"handId":425,"id":4251,"length":54.8174,"mcpPosition":[4.47886,275.393,-12.7516],"pipPosition":[-13.8521,264.204,-46.5539],"stabilizedTipPosition":[-10.1464,237.635,-66.3239],"timeVisible":6.95606,"tipPosition":[-11.0831,239.077,-66.4759],"tipVelocity":[137.365,-125.825,159.737],"tool":false,"touchDistance":0.640793,"touchZone":"hovering","type":1,"width":18.0304},{"bases":[[[-0.523712,-0.570611,0.632557],[-0.645781,0.75019,0.142064],[0.555602,0.334093,0.761373]],[[-0.525117,-0.571455,0.630627],[-0.841783,0.239836,-0.483612],[-0.125115,0.784804,0.606983]],[[-0.525117,-0.571455,0.630627],[-0.431939,-0.459511,-0.776066],[-0.733267,0.679918,0.00553648]],[[-0.525117,-0.571455,0.630627],[-0.015381,-0.734523,-0.67841],[-0.850891,0.365944,-0.376921]]],"btipPosition":[31.1982,208.286,-19.5966],"carpPosition":[27.3682,289.708,50.7348],"dipPosition":[16.2932,214.696,-26.1991],"direction":[0.733267,-0.679918,-0.00553648],"extended":false,"handId":425,"id":4252,"length":62.4601,"mcpPosition":[-8.76493,267.98,1.21941],"pipPosition":[-3.14351,232.719,-26.0524],"stabilizedTipPosition":[20.9493,214.743,-33.6311],"timeVisible":6.95606,"tipPosition":[28.2716,209.831,-20.6146],"tipVelocity":[31.9083,-37.1481,81.7825],"tool":false,"touchDistance":0.333333,"touchZone":"none","type":2,"width":17.7082},{"bases":[[[-0.386061,-0.570145,0.725184],[-0.663507,0.717773,0.211093],[0.640871,0.39967,0.655399]],[[-0.367134,-0.558201,0.744059],[-0.929368,0.253297,-0.268543],[0.0385667,0.790096,0.611768]],[[-0.367134,-0.558201,0.744059],[-0.618336,-0.451128,-0.643541],[-0.694891,0.696344,0.179531]],[[-0.367134,-0.558201,0.744059],[-0.174076,-0.744555,-0.644465],[-0.913734,0.366128,-0.176182]]],"btipPosition":[15.2645,202.979,-7.83523],"carpPosition":[20.4335,283.58,57.4799],"dipPosition":[-0.649397,209.356,-10.9037],"direction":[0.694891,-0.696344,-0.179531],"extended":false,"handId":425,"id":4253,"length":60.057,"mcpPosition":[-16.9869,260.243,19.2112],"pipPosition":[-18.5932,227.337,-6.26774],"stabilizedTipPosition":[4.5591,210.633,-24.4333],"timeVisible":6.95606,"tipPosition":[12.5487,204.642,-7.87559],"tipVelocity":[32.2625,-28.2801,90.2919],"tool":false,"touchDistance":0.401607,"touchZone":"hovering","type":3,"width":16.8505},{"bases":[[[-0.194319,-0.630763,0.751251],[-0.656232,0.652828,0.378384],[0.729108,0.419468,0.540784]],[[-0.322919,-0.696199,0.641117],[-0.946052,0.256505,-0.197966],[0.0266259,0.670457,0.741471]],[[-0.322919,-0.696199,0.641117],[-0.621962,-0.354486,-0.698213],[-0.713363,0.624217,0.318539]],[[-0.322919,-0.696199,0.641117],[-0.178404,-0.620486,-0.763655],[-0.92946,0.360976,-0.0761619]]],"btipPosition":[6.19023,211.134,7.11933],"carpPosition":[18.5371,273.086,65.372],"dipPosition":[-8.74367,216.934,5.89561],"direction":[0.713363,-0.624217,-0.318539],"extended":false,"handId":425,"id":4254,"length":47.0836,"mcpPosition":[-20.8719,250.413,36.1421],"pipPosition":[-21.7495,228.315,11.7031],"stabilizedTipPosition":[-7.86357,217.548,-12.0038],"timeVisible":6.95606,"tipPosition":[2.97342,212.45,6.95153],"tipVelocity":[45.5322,-15.6707,97.2199],"tool":false,"touchDistance":0.411867,"touchZone":"hovering","type":4,"width":14.9679}],"r":[[0.973396,-0.00726029,-0.229016],[-0.0588072,0.958102,-0.280325],[0.221455,0.286335,0.932185]],"s":0.811804,"t":[-0.881697,126.676,-107.035],"timestamp":88979076712},false],[2,{"currentFrameRate":54.2008,"devices":[],"gestures":[{"center":[-40.8795,275.783,-88.381],"duration":258777,"handIds":[425],"id":1,"normal":[0.119928,0.272299,0.95471],"pointableIds":[4251],"progress":1.37548,"radius":34.0108,"state":"update","type":"circle"}],"hands":[{"armBasis":[[-0.763397,-0.630315,-0.141163],[-0.632868,0.773607,-0.0317825],[-0.129238,-0.0650752,0.989476]],"armWidth":59.3966,"confidence":0.445837,"direction":[-0.645987,-0.219624,-0.731072],"elbow":[1.1047,262.933,311.507],"grabStrength":0.511119,"id":425,"palmNormal":[0.480317,-0.861307,-0.165667],"palmPosition":[7.26476,268.043,20.3055],"palmVelocity":[52.0857,-15.4545,63.3352],"palmWidth":84.8164,"pinchStrength":0.994907,"r":[[0.973357,-0.0117974,-0.228992],[-0.0564317,0.955633,-0.289103],[0.222243,0.294323,0.929506]],"s":0.791541,"sphereCenter":[20.7717,228.378,-3.60053],"sphereRadius":44.074,"stabilizedPalmPosition":[5.06796,268.476,17.6653],"t":[0.0504711,126.383,-105.892],"timeVisible":6.97462,"type":"left","wrist":[33.6314,279.311,62.475]}],"id":1427689,"interactionBox":{"center":[0,200,0],"size":[235.247,235.247,147.751]},"pointables":[{"bases":[[[-0.794401,0.543156,0.271861],[0.51478,0.839629,-0.173279],[0.32238,-0.00229584,0.946608]],[[-0.854586,0.518683,-0.0255247],[0.482992,0.775802,-0.406017],[0.190792,0.359304,0.913509]],[[-0.854586,0.518683,-0.0255247],[0.29746,0.448625,-0.842765],[0.425676,0.727807,0.537676]],[[-0.854586,0.518683,-0.0255247],[-0.0717937,-0.166681,-0.983394],[0.514324,0.838562,-0.179682]]],"btipPosition":[22.6665,225.372,-10.1245],"carpPosition":[56.2935,283.516,45.5504],"dipPosition":[33.8869,243.666,-14.0444],"direction":[-0.425676,-0.727808,-0.537676],"extended":false,"handId":425,"id":4250,"length":48.5803,"mcpPosition":[56.2935,283.516,45.5504],"pipPosition":[47.4158,266.797,3.04417],"stabilizedTipPosition":[24.7645,229.538,-11.1785],"timeVisible":6.97462,"tipPosition":[25.0646,228.458,-8.86494],"tipVelocity":[61.6166,11.0834,19.7285],"tool":false,"touchDistance":0.0824141,"touchZone":"hovering","type":0,"width":18.876},{"bases":[[[-0.693333,-0.488536,0.529738],[-0.554692,0.831073,0.0404413],[0.460008,0.265802,0.847197]],[[-0.689585,-0.486368,0.536581],[-0.564205,0.825314,0.0229959],[0.454033,0.286884,0.843535]],[[-0.689585,-0.486368,0.536581],[-0.723899,0.441399,-0.530223],[-0.0210373,0.754065,0.656463]],[[-0.689585,-0.486368,0.536581],[-0.601634,-0.0276974,-0.798292],[-0.403125,0.873315,0.273515]]],"btipPosition":[-6.19984,232.964,-64.7729],"carpPosition":[36.6351,293.579,46.254],"dipPosition":[-12.6202,246.873,-60.4168],"direction":[0.0210373,-0.754065,-0.656463],"extended":true,"handId":425,"id":4251,"length":54.8174,"mcpPosition":[5.0887,275.351,-11.845],"pipPosition":[-13.0941,263.862,-45.6264],"stabilizedTipPosition":[-8.6496,236.743,-64.7768],"timeVisible":6.97462,"tipPosition":[-9.25764,238.465,-65.1017],"tipVelocity":[114.402,-76.8141,120.052],"tool":false,"touchDistance":0.631693,"touchZone":"hovering","type":1,"width":18.0304},{"bases":[[[-0.520021,-0.582605,0.624619],[-0.653688,0.742149,0.148008],[0.549791,0.331339,0.766776]],[[-0.521769,-0.583657,0.622175],[-0.843473,0.243775,-0.478671],[-0.12771,0.774544,0.619494]],[[-0.521769,-0.583657,0.622175],[-0.430288,-0.449696,-0.782705],[-0.73662,0.676105,0.0165033]],[[-0.521769,-0.583657,0.622175],[-0.0100782,-0.725053,-0.688619],[-0.853027,0.36557,-0.372428]]],"btipPosition":[32.0808,208.531,-19.7463],"carpPosition":[27.63,289.205,51.8679],"dipPosition":[17.1383,214.935,-26.2702],"direction":[0.73662,-0.676105,-0.0165033],"extended":false,"handId":425,"id":4252,"length":62.4601,"mcpPosition":[-8.12528,267.657,2.00116],"pipPosition":[-2.38728,232.857,-25.8327],"stabilizedTipPosition":[21.3702,214.484,-32.9537],"timeVisible":6.97462,"tipPosition":[29.2307,210.088,-20.6561],"tipVelocity":[39.26,-12.8072,38.7559],"tool":false,"touchDistance":0.333333,"touchZone":"none","type":2,"width":17.7082},{"bases":[[[-0.38268,-0.581774,0.717702],[-0.671312,0.708812,0.216624],[0.634742,0.398904,0.661799]],[[-0.364844,-0.570432,0.735864],[-0.930513,0.250704,-0.267009],[0.0321731,0.782147,0.622262]],[[-0.364844,-0.570432,0.735864],[-0.616745,-0.444017,-0.649981],[-0.697506,0.690982,0.189814]],[[-0.364844,-0.570432,0.735864],[-0.172617,-0.735201,-0.655502],[-0.914927,0.366179,-0.169767]]],"btipPosition":[16.2786,202.848,-7.97976],"carpPosition":[20.7351,282.936,58.5235],"dipPosition":[0.343916,209.226,-10.9365],"direction":[0.697506,-0.690982,-0.189814],"extended":false,"handId":425,"id":4253,"length":60.057,"mcpPosition":[-16.3274,259.644,19.881],"pipPosition":[-17.6674,227.069,-6.03501],"stabilizedTipPosition":[4.89715,210.368,-23.7712],"timeVisible":6.97462,"tipPosition":[13.5702,204.546,-7.95026],"tipVelocity":[42.9749,-17.9889,43.4795],"tool":false,"touchDistance":0.392997,"touchZone":"hovering","type":3,"width":16.8505},{"bases":[[[-0.190427,-0.64076,0.74375],[-0.663927,0.642135,0.383227],[0.723145,0.420819,0.547698]],[[-0.318213,-0.706363,0.632291],[-0.947769,0.252348,-0.195073],[0.0217654,0.66134,0.74977]],[[-0.318213,-0.706363,0.632291],[-0.619224,-0.350158,-0.702816],[-0.717845,0.615175,0.325973]],[[-0.318213,-0.706363,0.632291],[-0.172751,-0.612588,-0.771293],[-0.932147,0.354664,-0.0729081]]],"btipPosition":[7.17876,210.881,7.20768],"carpPosition":[18.9181,272.339,66.2954],"dipPosition":[-7.79832,216.579,6.03625],"direction":[0.717845,-0.615175,-0.325973],"extended":false,"handId":425,"id":4254,"length":47.0836,"mcpPosition":[-20.1685,249.593,36.6918],"pipPosition":[-20.8859,227.795,11.9793],"stabilizedTipPosition":[-7.3003,217.288,-11.0838],"timeVisible":6.97462,"tipPosition":[4.00998,212.183,7.09116],"tipVelocity":[49.0189,-15.3003,52.7725],"tool":false,"touchDistance":0.405519,"touchZone":"hovering","type":4,"width":14.9679}],"r":[[0.973357,-0.0117974,-0.228992],[-0.0564317,0.955633,-0.289103],[0.222243,0.294323,0.929506]],"s":0.791541,"t":[0.0504711,126.383,-105.892],"timestamp":88979095269},false],[3,{"currentFrameRate":54.2142,"devices":[],"gestures":[{"center":[-40.8795,275.783,-88.381],"duration":258777,"handIds":[425],"id":1,"normal":[0.119928,0.272299,0.95471],"pointableIds":[4251],"progress":1.37548,"radius":34.0108,"state":"update","type":"circle"}],"hands":[{"armBasis":[[-0.769046,-0.621887,-0.147733],[-0.624967,0.780061,-0.0303396],[-0.134109,-0.0689957,0.988562]],"armWidth":59.3966,"confidence":0.463198,"direction":[-0.648236,-0.233026,-0.724906],"elbow":[0.482295,262.291,311.498],"grabStrength":0.539794,"id":425,"palmNormal":[0.480615,-0.863629,-0.152163],"palmPosition":[7.73701,267.625,20.8204],"palmVelocity":[39.3743,-18.9459,46.3252],"palmWidth":84.8164,"pinchStrength":0.979733,"r":[[0.973164,-0.0160464,-0.229554],[-0.0549207,0.952541,-0.299414],[0.223464,0.303986,0.926097]],"s":0.772307,"sphereCenter":[20.8754,226.828,-1.81119],"sphereRadius":44.1356,"stabilizedPalmPosition":[5.57814,268.313,18.2684],"t":[0.752683,126.027,-105.063],"timeVisible":6.99302,"type":"left","wrist":[34.2348,279.656,62.6958]}],"id":1427690,"interactionBox":{"center":[0,200,0],"size":[235.247,235.247,147.751]},"pointables":[{"bases":[[[-0.79402,0.547095,0.264989],[0.513351,0.836943,-0.189731],[0.325581,0.0146179,0.945401]],[[-0.855162,0.517409,-0.0313943],[0.480673,0.768861,-0.421671],[0.194039,0.375688,0.906205]],[[-0.855162,0.517409,-0.0313943],[0.294316,0.434799,-0.851075],[0.426703,0.737047,0.524105]],[[-0.855162,0.517409,-0.0313943],[-0.0714582,-0.177658,-0.981494],[0.513411,0.837094,-0.188899]]],"btipPosition":[23.0445,224.417,-9.07946],"carpPosition":[56.8353,283.585,45.6232],"dipPosition":[34.245,242.679,-13.2004],"direction":[-0.426703,-0.737047,-0.524105],"extended":false,"handId":425,"id":4250,"length":48.5803,"mcpPosition":[56.8353,283.585,45.6232],"pipPosition":[47.8065,266.104,3.4568],"stabilizedTipPosition":[25.2504,229.016,-10.5252],"timeVisible":6.99302,"tipPosition":[25.4692,227.601,-7.913],"tipVelocity":[41.7343,-19.4215,36.3582],"tool":false,"touchDistance":0.0990607,"touchZone":"hovering","type":0,"width":18.876},{"bases":[[[-0.691048,-0.479818,0.54058],[-0.555383,0.831132,0.0277401],[0.462604,0.281059,0.840835]],[[-0.683352,-0.475134,0.554326],[-0.569845,0.82175,0.00187063],[0.456406,0.314602,0.832297]],[[-0.683352,-0.475134,0.554326],[-0.729228,0.407333,-0.549824],[-0.0354449,0.779954,0.624833]],[[-0.683352,-0.475134,0.554326],[-0.593522,-0.0806149,-0.80077],[-0.42516,0.876213,0.226914]]],"btipPosition":[-5.26313,230.24,-62.4688],"carpPosition":[37.1694,293.641,46.217],"dipPosition":[-12.0344,244.195,-58.8549],"direction":[0.0354449,-0.779954,-0.624833],"extended":true,"handId":425,"id":4251,"length":54.8174,"mcpPosition":[5.44493,274.366,-11.4458],"pipPosition":[-12.833,261.767,-44.7771],"stabilizedTipPosition":[-7.63768,234.921,-63.0401],"timeVisible":6.99302,"tipPosition":[-8.32643,235.619,-63.0822],"tipVelocity":[81.7412,-110.834,118.081],"tool":false,"touchDistance":0.633857,"touchZone":"hovering","type":1,"width":18.0304},{"bases":[[[-0.517323,-0.572045,0.636508],[-0.653926,0.744017,0.137186],[0.552049,0.345259,0.758972]],[[-0.519369,-0.573323,0.633685],[-0.84849,0.25782,-0.462162],[-0.101591,0.777708,0.620362]],[[-0.519369,-0.573323,0.633685],[-0.452688,-0.444361,-0.773057],[-0.724796,0.688363,0.0287487]],[[-0.519369,-0.573323,0.633685],[-0.0287741,-0.729389,-0.683494],[-0.854066,0.373219,-0.362325]]],"btipPosition":[31.0229,207.177,-19.7101],"carpPosition":[28.1876,289.357,51.9372],"dipPosition":[16.0622,213.715,-26.0569],"direction":[0.724796,-0.688363,-0.0287487],"extended":false,"handId":425,"id":4252,"length":62.4601,"mcpPosition":[-7.71444,266.903,2.57804],"pipPosition":[-3.14994,231.961,-25.2948],"stabilizedTipPosition":[21.8731,214.014,-31.9996],"timeVisible":6.99302,"tipPosition":[28.5214,208.862,-20.219],"tipVelocity":[-7.40915,-41.2652,22.1209],"tool":false,"touchDistance":0.334488,"touchZone":"hovering","type":2,"width":17.7082},{"bases":[[[-0.379668,-0.569451,0.729094],[-0.671284,0.711872,0.206435],[0.636577,0.411052,0.652538]],[[-0.362586,-0.558305,0.746208],[-0.93125,0.248096,-0.266876],[0.0361329,0.791672,0.609877]],[[-0.362586,-0.558305,0.746208],[-0.62207,-0.451222,-0.639866],[-0.693946,0.6962,0.183698]],[[-0.362586,-0.558305,0.746208],[-0.179801,-0.743745,-0.643828],[-0.914441,0.367612,-0.169288]]],"btipPosition":[16.4926,201.846,-6.57189],"carpPosition":[21.3216,283.199,58.7252],"dipPosition":[0.56644,208.248,-9.52026],"direction":[0.693946,-0.6962,-0.183698],"extended":false,"handId":425,"id":4253,"length":60.057,"mcpPosition":[-15.8481,259.198,20.6235],"pipPosition":[-17.3529,226.226,-4.77673],"stabilizedTipPosition":[5.21546,210.085,-23.1083],"timeVisible":6.99302,"tipPosition":[13.788,203.577,-6.53084],"tipVelocity":[27.9455,-35.4034,59.4298],"tool":false,"touchDistance":0.408177,"touchZone":"hovering","type":3,"width":16.8505},{"bases":[[[-0.18727,-0.62779,0.755519],[-0.663269,0.648136,0.374157],[0.724571,0.431045,0.53777]],[[-0.315405,-0.695477,0.645625],[-0.948578,0.250305,-0.193773],[0.0268383,0.673542,0.738661]],[[-0.315405,-0.695477,0.645625],[-0.624359,-0.360264,-0.693098],[-0.71463,0.621708,0.320598]],[[-0.315405,-0.695477,0.645625],[-0.178636,-0.624675,-0.760178],[-0.931992,0.355096,-0.0727882]]],"btipPosition":[7.49673,210.199,8.59907],"carpPosition":[19.5415,272.738,66.688],"dipPosition":[-7.47785,215.905,7.42956],"direction":[0.71463,-0.621708,-0.320598],"extended":false,"handId":425,"id":4254,"length":47.0836,"mcpPosition":[-19.6222,249.44,37.621],"pipPosition":[-20.5068,227.24,13.2746],"stabilizedTipPosition":[-6.83556,217.052,-10.2891],"timeVisible":6.99302,"tipPosition":[4.37174,211.52,8.51732],"tipVelocity":[33.7631,-25.7203,63.7813],"tool":false,"touchDistance":0.419178,"touchZone":"hovering","type":4,"width":14.9679}],"r":[[0.973164,-0.0160464,-0.229554],[-0.0549207,0.952541,-0.299414],[0.223464,0.303986,0.926097]],"s":0.772307,"t":[0.752683,126.027,-105.063],"timestamp":88979113667},false],[4,{"currentFrameRate":54.219,"devices":[],"gestures":[{"center":[-40.8795,275.783,-88.381],"duration":258777,"handIds":[425],"id":1,"normal":[0.119928,0.272299,0.95471],"pointableIds":[4251],"progress":1.37548,"radius":34.0108,"state":"update","type":"circle"}],"hands":[{"armBasis":[[-0.775672,-0.614283,-0.144873],[-0.617196,0.786263,-0.0293148],[-0.131916,-0.0666765,0.989016]],"armWidth":59.3966,"confidence":0.479483,"direction":[-0.652123,-0.240233,-0.719044],"elbow":[1.62063,263.2,311.84],"grabStrength":0.568139,"id":425,"palmNormal":[0.477491,-0.86685,-0.143436],"palmPosition":[8.10291,267.502,21.3208],"palmVelocity":[29.972,-13.0442,37.09],"palmWidth":84.8164,"pinchStrength":0.956633,"r":[[0.972787,-0.0205862,-0.230785],[-0.053451,0.949241,-0.309975],[0.225452,0.313875,0.922309]],"s":0.75408,"sphereCenter":[20.7261,225.731,-0.300774],"sphereRadius":44.2252,"stabilizedPalmPosition":[5.97742,268.185,18.7511],"t":[1.28673,125.788,-104.399],"timeVisible":7.01145,"type":"left","wrist":[34.8214,279.981,62.924]}],"id":1427691,"interactionBox":{"center":[0,200,0],"size":[235.247,235.247,147.751]},"pointables":[{"bases":[[[-0.79128,0.55266,0.261615],[0.514859,0.833016,-0.202498],[0.329842,0.0255374,0.943691]],[[-0.853789,0.519535,-0.0335822],[0.48073,0.761969,-0.433937],[0.199857,0.386635,0.900317]],[[-0.853789,0.519535,-0.0335822],[0.292052,0.424554,-0.857006],[0.430987,0.74151,0.514211]],[[-0.853789,0.519535,-0.0335822],[-0.0722518,-0.182123,-0.980618],[0.515581,0.834814,-0.193032]]],"btipPosition":[23.1114,223.861,-8.32069],"carpPosition":[57.3564,283.63,45.7034],"dipPosition":[34.3592,242.073,-12.5318],"direction":[-0.430987,-0.74151,-0.514211],"extended":false,"handId":425,"id":4250,"length":48.5803,"mcpPosition":[57.3564,283.63,45.7034],"pipPosition":[48.0569,265.639,3.81097],"stabilizedTipPosition":[25.4366,228.614,-10.0113],"timeVisible":7.01145,"tipPosition":[25.5792,227.129,-7.22678],"tipVelocity":[23.6629,-24.9112,38.1375],"tool":false,"touchDistance":0.111361,"touchZone":"hovering","type":0,"width":18.876},{"bases":[[[-0.689978,-0.471008,0.549619],[-0.552905,0.83301,0.0197634],[0.467147,0.290251,0.835181]],[[-0.678627,-0.463943,0.569406],[-0.571996,0.820146,-0.0134711],[0.460746,0.334839,0.821946]],[[-0.678627,-0.463943,0.569406],[-0.733036,0.379167,-0.564704],[-0.0460909,0.800618,0.597399]],[[-0.678627,-0.463943,0.569406],[-0.585824,-0.125719,-0.800628],[-0.443031,0.876899,0.186472]]],"btipPosition":[-4.67163,228.431,-60.3633],"carpPosition":[37.7217,293.749,46.258],"dipPosition":[-11.7275,242.396,-57.3935],"direction":[0.0460909,-0.800618,-0.597399],"extended":true,"handId":425,"id":4251,"length":54.8174,"mcpPosition":[5.68575,273.844,-11.017],"pipPosition":[-12.7659,260.435,-43.9338],"stabilizedTipPosition":[-6.97182,233.296,-61.3745],"timeVisible":7.01145,"tipPosition":[-7.73928,233.682,-61.2024],"tipVelocity":[56.1163,-104.669,112.368],"tool":false,"touchDistance":0.633165,"touchZone":"hovering","type":1,"width":18.0304},{"bases":[[[-0.516087,-0.562524,0.645926],[-0.651203,0.747559,0.13073],[0.556406,0.353161,0.752123]],[[-0.517077,-0.563152,0.644586],[-0.853224,0.279191,-0.440524],[-0.0681195,0.777761,0.624858]],[[-0.517077,-0.563152,0.644586],[-0.482897,-0.429848,-0.762916],[-0.706712,0.705755,0.0496796]],[[-0.517077,-0.563152,0.644586],[-0.0583659,-0.728124,-0.682956],[-0.853946,0.390763,-0.343627]]],"btipPosition":[29.3201,206.099,-20.2149],"carpPosition":[28.7536,289.563,52.0713],"dipPosition":[14.3616,212.944,-26.2342],"direction":[0.706712,-0.705755,-0.0496796],"extended":false,"handId":425,"id":4252,"length":62.4601,"mcpPosition":[-7.43187,266.596,3.15756],"pipPosition":[-4.37126,231.651,-24.9173],"stabilizedTipPosition":[22.4025,213.176,-30.6254],"timeVisible":7.01145,"tipPosition":[27.1285,207.952,-20.3434],"tipVelocity":[-48.3415,-47.7287,0.236951],"tool":false,"touchDistance":0.32733,"touchZone":"hovering","type":2,"width":17.7082},{"bases":[[[-0.378014,-0.559165,0.737862],[-0.668343,0.716335,0.200454],[0.640643,0.41737,0.644498]],[[-0.361671,-0.548418,0.753944],[-0.931348,0.249179,-0.26552],[0.0422508,0.798216,0.600888]],[[-0.361671,-0.548418,0.753944],[-0.627568,-0.454832,-0.631891],[-0.689458,0.701688,0.17967]],[[-0.361671,-0.548418,0.753944],[-0.187069,-0.749553,-0.634961],[-0.913345,0.370687,-0.168499]]],"btipPosition":[16.4444,201.321,-5.3965],"carpPosition":[21.9006,283.511,58.9664],"dipPosition":[0.537311,207.777,-8.33114],"direction":[0.689458,-0.701688,-0.17967],"extended":false,"handId":425,"id":4253,"length":60.057,"mcpPosition":[-15.5065,259.14,21.3342],"pipPosition":[-17.2662,225.896,-3.69163],"stabilizedTipPosition":[5.4424,209.867,-22.5975],"timeVisible":7.01145,"tipPosition":[13.7294,203.067,-5.36197],"tipVelocity":[13.3377,-31.7522,61.6109],"tool":false,"touchDistance":0.418371,"touchZone":"hovering","type":3,"width":16.8505},{"bases":[[[-0.185665,-0.617722,0.764165],[-0.659759,0.654685,0.368925],[0.728181,0.435668,0.5291]],[[-0.314654,-0.686494,0.65553],[-0.948615,0.251807,-0.191634],[0.0335115,0.682144,0.73045]],[[-0.314654,-0.686494,0.65553],[-0.63024,-0.365316,-0.685086],[-0.709782,0.628706,0.317707]],[[-0.314654,-0.686494,0.65553],[-0.186376,-0.632483,-0.751818],[-0.930729,0.358737,-0.0710672]]],"btipPosition":[7.55811,209.897,9.74322],"carpPosition":[20.1266,273.156,67.0677],"dipPosition":[-7.39619,215.661,8.60136],"direction":[0.709782,-0.628706,-0.317707],"extended":false,"handId":425,"id":4254,"length":47.0836,"mcpPosition":[-19.2322,249.607,38.4694],"pipPosition":[-20.3368,227.124,14.3937],"stabilizedTipPosition":[-6.54342,216.896,-9.76185],"timeVisible":7.01145,"tipPosition":[4.45472,211.242,9.68463],"tipVelocity":[19.2252,-20.8715,63.1334],"tool":false,"touchDistance":0.427851,"touchZone":"hovering","type":4,"width":14.9679}],"r":[[0.972787,-0.0205862,-0.230785],[-0.053451,0.949241,-0.309975],[0.225452,0.313875,0.922309]],"s":0.75408,"t":[1.28673,125.788,-104.399],"timestamp":88979132094},false],[5,{"currentFrameRate":54.2197,"devices":[],"gestures":[{"center":[-40.8795,275.783,-88.381],"duration":258777,"handIds":[425],"id":1,"normal":[0.119928,0.272299,0.95471],"pointableIds":[4251],"progress":1.37548,"radius":34.0108,"state":"update","type":"circle"}],"hands":[{"armBasis":[[-0.778553,-0.610802,-0.144139],[-0.613749,0.788993,-0.0283238],[-0.131025,-0.0664137,0.989152]],"armWidth":59.3966,"confidence":0.472406,"direction":[-0.653551,-0.241427,-0.717345],"elbow":[2.37531,263.341,312.174],"grabStrength":0.589707,"id":425,"palmNormal":[0.475671,-0.868223,-0.141163],"palmPosition":[8.55331,267.487,21.6993],"palmVelocity":[27.2981,-7.14695,29.1064],"palmWidth":84.8164,"pinchStrength":0.955335,"r":[[0.972406,-0.0247488,-0.23198],[-0.052022,0.946319,-0.319022],[0.227422,0.322287,0.918918]],"s":0.73853,"sphereCenter":[20.7877,225.245,0.662852],"sphereRadius":44.1836,"stabilizedPalmPosition":[6.33931,268.087,19.1653],"t":[1.77897,125.66,-103.877],"timeVisible":7.02989,"type":"left","wrist":[35.3518,280.056,63.224]}],"id":1427692,"interactionBox":{"center":[0,200,0],"size":[235.247,235.247,147.751]},"pointables":[{"bases":[[[-0.789887,0.555021,0.260825],[0.516141,0.831362,-0.206001],[0.331175,0.0280945,0.943151]],[[-0.852833,0.521086,-0.0338416],[0.481311,0.759292,-0.437968],[0.202523,0.389802,0.898354]],[[-0.852833,0.521086,-0.0338416],[0.291832,0.421877,-0.858402],[0.433024,0.741949,0.51186]],[[-0.852833,0.521086,-0.0338416],[-0.0716188,-0.180918,-0.980887],[0.517249,0.834109,-0.191612]]],"btipPosition":[23.3999,223.689,-7.92838],"carpPosition":[57.8701,283.604,45.9606],"dipPosition":[34.6841,241.886,-12.1085],"direction":[-0.433024,-0.741949,-0.51186],"extended":false,"handId":425,"id":4250,"length":48.5803,"mcpPosition":[57.8701,283.604,45.9606],"pipPosition":[48.4465,265.467,4.15954],"stabilizedTipPosition":[25.6065,228.389,-9.67028],"timeVisible":7.02989,"tipPosition":[25.8979,227.015,-6.88717],"tipVelocity":[20.017,-17.4757,30.1957],"tool":false,"touchDistance":0.118019,"touchZone":"hovering","type":0,"width":18.876},{"bases":[[[-0.690109,-0.46786,0.552139],[-0.551316,0.834108,0.0177076],[0.468828,0.292183,0.833564]],[[-0.675484,-0.458727,0.577313],[-0.572999,0.819326,-0.0194072],[0.464105,0.343909,0.816292]],[[-0.675484,-0.458727,0.577313],[-0.735408,0.36197,-0.572846],[-0.0538101,0.811509,0.581857]],[[-0.675484,-0.458727,0.577313],[-0.579345,-0.154175,-0.800368],[-0.456158,0.875099,0.161618]]],"btipPosition":[-4.00496,227.731,-59.0303],"carpPosition":[38.2552,293.762,46.5078],"dipPosition":[-11.2699,241.669,-56.4563],"direction":[0.0538101,-0.811509,-0.581857],"extended":true,"handId":425,"id":4251,"length":54.8174,"mcpPosition":[6.10395,273.725,-10.6564],"pipPosition":[-12.4823,259.952,-43.3468],"stabilizedTipPosition":[-6.4147,232.282,-60.1122],"timeVisible":7.02989,"tipPosition":[-7.01662,232.841,-59.9838],"tipVelocity":[45.2368,-72.6672,90.6711],"tool":false,"touchDistance":0.621812,"touchZone":"hovering","type":1,"width":18.0304},{"bases":[[[-0.516259,-0.559377,0.648517],[-0.649624,0.749215,0.129095],[0.558091,0.354646,0.750173]],[[-0.516994,-0.559845,0.647527],[-0.853666,0.281522,-0.438178],[-0.063018,0.779307,0.623466]],[[-0.516994,-0.559845,0.647527],[-0.487548,-0.42918,-0.76033],[-0.703572,0.708787,0.0510677]],[[-0.516994,-0.559845,0.647527],[-0.0636516,-0.729228,-0.681303],[-0.853619,0.393446,-0.341372]]],"btipPosition":[29.4259,205.855,-19.8258],"carpPosition":[29.2872,289.613,52.3473],"dipPosition":[14.4731,212.747,-25.8057],"direction":[0.703572,-0.708787,-0.0510677],"extended":false,"handId":425,"id":4252,"length":62.4601,"mcpPosition":[-7.00787,266.549,3.56033],"pipPosition":[-4.17647,231.535,-24.452],"stabilizedTipPosition":[22.9915,212.233,-29.0767],"timeVisible":7.02989,"tipPosition":[27.1593,207.705,-20.0306],"tipVelocity":[-22.2418,-30.8114,10.5279],"tool":false,"touchDistance":0.333902,"touchZone":"hovering","type":2,"width":17.7082},{"bases":[[[-0.378054,-0.555968,0.740253],[-0.666726,0.718259,0.198946],[0.642302,0.418334,0.642219]],[[-0.362387,-0.545673,0.75559],[-0.930931,0.251236,-0.265043],[0.045205,0.799451,0.599029]],[[-0.362387,-0.545673,0.75559],[-0.629894,-0.454139,-0.630072],[-0.686956,0.704272,0.179143]],[[-0.362387,-0.545673,0.75559],[-0.190396,-0.750258,-0.633137],[-0.912373,0.373302,-0.167989]]],"btipPosition":[16.6747,201.187,-4.8756],"carpPosition":[22.4323,283.596,59.2721],"dipPosition":[0.784501,207.688,-7.80135],"direction":[0.686956,-0.704272,-0.179143],"extended":false,"handId":425,"id":4253,"length":60.057,"mcpPosition":[-15.0717,259.17,21.773],"pipPosition":[-16.9544,225.874,-3.17545],"stabilizedTipPosition":[5.60719,209.711,-22.2268],"timeVisible":7.02989,"tipPosition":[13.9454,202.937,-4.84733],"tipVelocity":[13.0292,-19.6821,45.5836],"tool":false,"touchDistance":0.417712,"touchZone":"hovering","type":3,"width":16.8505},{"bases":[[[-0.185779,-0.614797,0.766492],[-0.658028,0.65716,0.367613],[0.729716,0.436079,0.526641]],[[-0.315307,-0.683813,0.658013],[-0.948263,0.254167,-0.190256],[0.0371453,0.683958,0.728575]],[[-0.315307,-0.683813,0.658013],[-0.633303,-0.364775,-0.682544],[-0.706759,0.631933,0.318045]],[[-0.315307,-0.683813,0.658013],[-0.190607,-0.633619,-0.749797],[-0.929651,0.361838,-0.069445]]],"btipPosition":[7.80625,209.823,10.2486],"carpPosition":[20.6499,273.272,67.4106],"dipPosition":[-7.13072,215.637,9.13279],"direction":[0.706759,-0.631933,-0.318045],"extended":false,"handId":425,"id":4254,"length":47.0836,"mcpPosition":[-18.7919,249.702,38.9452],"pipPosition":[-20.0162,227.158,14.9313],"stabilizedTipPosition":[-6.3468,216.793,-9.40598],"timeVisible":7.02989,"tipPosition":[4.72081,211.186,10.2101],"tipVelocity":[16.5486,-12.4522,46.0692],"tool":false,"touchDistance":0.42607,"touchZone":"hovering","type":4,"width":14.9679}],"r":[[0.972406,-0.0247488,-0.23198],[-0.052022,0.946319,-0.319022],[0.227422,0.322287,0.918918]],"s":0.73853,"t":[1.77897,125.66,-103.877],"timestamp":88979150535},false],[6,{"currentFrameRate":54.1869,"devices":[],"gestures":[{"center":[-40.8795,275.783,-88.381],"duration":258777,"handIds":[425],"id":1,"normal":[0.119928,0.272299,0.95471],"pointableIds":[4251],"progress":1.37548,"radius":34.0108,"state":"update","type":"circle"}],"hands":[{"armBasis":[[-0.779199,-0.61161,-0.137052],[-0.614746,0.788385,-0.0231632],[-0.122216,-0.0662033,0.990293]],"armWidth":59.3966,"confidence":0.44937,"direction":[-0.65447,-0.241254,-0.716565],"elbow":[4.94424,263.289,313.059],"grabStrength":0.608485,"id":425,"palmNormal":[0.477714,-0.866539,-0.144569],"palmPosition":[8.84816,267.423,22.3214],"palmVelocity":[21.7666,-5.36185,31.2347],"palmWidth":84.8164,"pinchStrength":0.956484,"r":[[0.972007,-0.0274324,-0.233346],[-0.0515463,0.944066,-0.325703],[0.229229,0.328614,0.916224]],"s":0.725312,"sphereCenter":[20.9056,224.972,1.53854],"sphereRadius":44.1339,"stabilizedPalmPosition":[6.60148,268.018,19.4951],"t":[2.17251,125.565,-103.305],"timeVisible":7.04846,"type":"left","wrist":[35.7037,279.951,63.8213]}],"id":1427693,"interactionBox":{"center":[0,200,0],"size":[235.247,235.247,147.751]},"pointables":[{"bases":[[[-0.790815,0.55216,0.264067],[0.513429,0.833319,-0.204867],[0.333171,0.0264325,0.942496]],[[-0.854299,0.518895,-0.0303435],[0.478048,0.761448,-0.437797],[0.204066,0.388515,0.898562]],[[-0.854299,0.518895,-0.0303435],[0.289076,0.42579,-0.857402],[0.431982,0.741249,0.513752]],[[-0.854299,0.518895,-0.0303435],[-0.0712767,-0.174775,-0.982025],[0.514872,0.83678,-0.186295]]],"btipPosition":[23.7173,223.717,-7.55647],"carpPosition":[58.1743,283.608,46.5183],"dipPosition":[34.9496,241.972,-11.6206],"direction":[-0.431982,-0.741249,-0.513752],"extended":false,"handId":425,"id":4250,"length":48.5803,"mcpPosition":[58.1743,283.608,46.5183],"pipPosition":[48.6789,265.53,4.70758],"stabilizedTipPosition":[25.7546,228.288,-9.41879],"timeVisible":7.04846,"tipPosition":[26.2258,227.099,-6.54659],"tipVelocity":[18.2889,-7.94026,25.9665],"tool":false,"touchDistance":0.124662,"touchZone":"hovering","type":0,"width":18.876},{"bases":[[[-0.687621,-0.471233,0.552374],[-0.553538,0.832555,0.0211874],[0.469866,0.291191,0.833327]],[[-0.670076,-0.460331,0.582317],[-0.577353,0.816272,-0.0190881],[0.466542,0.348993,0.812738]],[[-0.670076,-0.460331,0.582317],[-0.739584,0.347079,-0.576673],[-0.0633501,0.817087,0.573023]],[[-0.670076,-0.460331,0.582317],[-0.573658,-0.176712,-0.799806],[-0.471078,0.869982,0.145662]]],"btipPosition":[-3.44325,227.501,-57.7901],"carpPosition":[38.5331,293.711,47.1361],"dipPosition":[-10.9458,241.356,-55.4702],"direction":[0.0633501,-0.817087,-0.573023],"extended":true,"handId":425,"id":4251,"length":54.8174,"mcpPosition":[6.31072,273.742,-10.0117],"pipPosition":[-12.3731,259.766,-42.5598],"stabilizedTipPosition":[-5.9911,231.74,-59.1413],"timeVisible":7.04846,"tipPosition":[-6.43409,232.479,-58.8063],"tipVelocity":[36.5517,-43.9804,77.5767],"tool":false,"touchDistance":0.61069,"touchZone":"hovering","type":1,"width":18.0304},{"bases":[[[-0.513311,-0.562539,0.648122],[-0.651369,0.747092,0.132558],[0.558776,0.354123,0.749911]],[[-0.513984,-0.562965,0.647218],[-0.85545,0.280586,-0.43529],[-0.063453,0.777394,0.625805]],[[-0.513984,-0.562965,0.647218],[-0.488476,-0.428136,-0.760323],[-0.705133,0.706944,0.0549402]],[[-0.513984,-0.562965,0.647218],[-0.0637038,-0.727374,-0.683278],[-0.855431,0.392424,-0.337996]]],"btipPosition":[29.7762,205.95,-19.439],"carpPosition":[29.5893,289.522,52.984],"dipPosition":[14.7916,212.824,-25.3596],"direction":[0.705133,-0.706944,-0.0549402],"extended":false,"handId":425,"id":4252,"length":62.4601,"mcpPosition":[-6.75028,266.492,4.21411],"pipPosition":[-3.89934,231.563,-23.9033],"stabilizedTipPosition":[23.3888,211.674,-28.0917],"timeVisible":7.04846,"tipPosition":[27.4783,207.792,-19.6575],"tipVelocity":[-2.52366,-13.507,15.874],"tool":false,"touchDistance":0.339852,"touchZone":"hovering","type":2,"width":17.7082},{"bases":[[[-0.374914,-0.559003,0.739564],[-0.668234,0.7159,0.202363],[0.642575,0.418333,0.641946]],[[-0.359591,-0.548939,0.75456],[-0.932062,0.249629,-0.262576],[0.0442218,0.797716,0.601409]],[[-0.359591,-0.548939,0.75456],[-0.630107