{"sensorType":"Leap","data":[[0,{"currentFrameRate":53.0639,"devices":[],"gestures":[],"hands":[{"armBasis":[[-0.741665,-0.670634,-0.0135714],[-0.670736,0.741681,0.00473985],[-0.00688692,-0.0126182,0.999897]],"armWidth":59.3966,"confidence":0.163598,"direction":[-0.696789,-0.367065,-0.616237],"elbow":[0.925996,273.712,291.094],"grabStrength":0.594613,"id":425,"palmNormal":[0.547014,-0.82766,-0.125518],"palmPosition":[-26.9149,258.095,2.39044],"palmVelocity":[23.962,-264.155,149.071],"palmWidth":84.8164,"pinchStrength":1,"r":[[0.979718,0.0740205,-0.186211],[-0.098418,0.987215,-0.125383],[0.174549,0.141167,0.974477]],"s":0.990229,"sphereCenter":[-9.47018,226.791,-24.9398],"sphereRadius":40.871,"stabilizedPalmPosition":[-26.1839,268.108,-5.62519],"t":[-33.6633,121.141,-125.468],"timeVisible":4.18832,"type":"left","wrist":[2.6593,276.888,39.4394]}],"id":1427540,"interactionBox":{"center":[0,200,0],"size":[235.247,235.247,147.751]},"pointables":[{"bases":[[[-0.811927,0.497817,0.30488],[0.400693,0.855069,-0.329093],[0.424522,0.145036,0.893726]],[[-0.908578,0.417108,-0.0225025],[0.249777,0.499328,-0.829628],[0.334808,0.759403,0.557863]],[[-0.908578,0.417108,-0.0225025],[-0.000885087,-0.0557929,-0.998442],[0.417714,0.907143,-0.0510614]],[[-0.908578,0.417108,-0.0225025],[-0.195022,-0.471219,-0.860185],[0.369394,0.777157,-0.509485]]],"btipPosition":[-14.1953,199.888,6.26034],"carpPosition":[22.7181,281.008,19.4805],"dipPosition":[-6.13668,216.842,-4.85442],"direction":[-0.417714,-0.907143,0.0510614],"extended":false,"handId":425,"id":4250,"length":48.5803,"mcpPosition":[22.7181,281.008,19.4805],"pipPosition":[7.13918,245.673,-6.47727],"stabilizedTipPosition":[-11.9195,221.906,-29.3797],"timeVisible":4.18832,"tipPosition":[-11.556,203.316,3.50313],"tipVelocity":[76.597,-255.835,416.286],"tool":false,"touchDistance":0.333333,"touchZone":"none","type":0,"width":18.876},{"bases":[[[-0.574367,-0.480154,0.662989],[-0.631301,0.7754,0.0146493],[0.521115,0.410131,0.748486]],[[-0.612556,-0.510127,0.603775],[-0.721743,0.672425,-0.16411],[0.322276,0.536297,0.780079]],[[-0.612556,-0.510127,0.603775],[-0.746016,0.120684,-0.654901],[-0.261217,0.85159,0.454489]],[[-0.612556,-0.510127,0.603775],[-0.511189,-0.326941,-0.794855],[-0.602876,0.795537,0.0605016]]],"btipPosition":[-30.8468,207.781,-72.3063],"carpPosition":[2.30961,289.241,21.4669],"dipPosition":[-40.4484,220.451,-71.3427],"direction":[0.261217,-0.85159,-0.454489],"extended":false,"handId":425,"id":4251,"length":54.8174,"mcpPosition":[-33.4274,261.115,-29.8627],"pipPosition":[-46.3337,239.637,-61.1028],"stabilizedTipPosition":[-34.5696,212.954,-73.2714],"timeVisible":4.18832,"tipPosition":[-25.9366,215.123,-60.9735],"tipVelocity":[692.947,-1605.45,699.502],"tool":false,"touchDistance":0.171921,"touchZone":"hovering","type":1,"width":18.0304},{"bases":[[[-0.382589,-0.545434,0.74574],[-0.707722,0.691877,0.142954],[0.593932,0.473084,0.65072]],[[-0.372007,-0.536967,0.75715],[-0.798956,-0.230007,-0.555667],[-0.472525,0.811642,0.343449]],[[-0.372007,-0.536967,0.75715],[0.06241,-0.828316,-0.556774],[-0.926129,0.15987,-0.341652]],[[-0.372007,-0.536967,0.75715],[0.520509,-0.796054,-0.308818],[-0.768558,-0.279221,-0.575634]]],"btipPosition":[15.1165,218.214,-10.0037],"carpPosition":[-5.49986,284.794,28.607],"dipPosition":[1.65366,213.323,-20.0871],"direction":[0.926129,-0.15987,0.341652],"extended":false,"handId":425,"id":4252,"length":62.4601,"mcpPosition":[-44.1258,254.027,-13.7121],"pipPosition":[-22.8953,217.56,-29.1433],"stabilizedTipPosition":[15.0257,231.282,-22.5721],"timeVisible":4.18832,"tipPosition":[12.6004,218.223,-11.2644],"tipVelocity":[8.57583,-340.38,226.002],"tool":false,"touchDistance":0.333333,"touchZone":"none","type":2,"width":17.7082},{"bases":[[[-0.23657,-0.520465,0.820458],[-0.713954,0.665868,0.216539],[0.659018,0.534543,0.529112]],[[-0.22116,-0.507876,0.832556],[-0.925317,-0.160353,-0.34362],[-0.308019,0.846374,0.434483]],[[-0.22116,-0.507876,0.832556],[-0.137237,-0.828994,-0.542159],[-0.965533,0.234161,-0.113641]],[[-0.22116,-0.507876,0.832556],[0.412677,-0.822234,-0.391956],[-0.883621,-0.256892,-0.391434]]],"btipPosition":[3.76249,210.763,-2.51108],"carpPosition":[-10.9078,278.798,36.7273],"dipPosition":[-11.6269,206.289,-9.32841],"direction":[0.965533,-0.234161,0.113641],"extended":false,"handId":425,"id":4253,"length":60.057,"mcpPosition":[-49.3878,247.586,5.83251],"pipPosition":[-36.5593,212.336,-12.2629],"stabilizedTipPosition":[4.82162,227.25,-18.4977],"timeVisible":4.18832,"tipPosition":[1.34875,211.113,-2.92602],"tipVelocity":[35.1829,-315.891,321.859],"tool":false,"touchDistance":0.333333,"touchZone":"none","type":3,"width":16.8505},{"bases":[[[-0.037466,-0.557917,0.82905],[-0.681011,0.621403,0.387404],[0.731314,0.550078,0.40323]],[[-0.0113547,-0.53794,0.842907],[-0.962995,-0.221124,-0.154093],[-0.269279,0.813465,0.515523]],[[-0.0113547,-0.53794,0.842907],[-0.190939,-0.826284,-0.529903],[-0.981536,0.166961,0.0933316]],[[-0.0113547,-0.53794,0.842907],[0.369105,-0.785684,-0.496449],[-0.929318,-0.305484,-0.207477]]],"btipPosition":[-8.54255,214.449,8.6546],"carpPosition":[-10.7166,269.129,45.8092],"dipPosition":[-23.4742,209.541,5.321],"direction":[0.981536,-0.166961,-0.0933316],"extended":false,"handId":425,"id":4254,"length":47.0836,"mcpPosition":[-50.2448,239.396,24.0143],"pipPosition":[-41.3693,212.585,7.0226],"stabilizedTipPosition":[-9.07656,231.832,-18.8398],"timeVisible":4.18832,"tipPosition":[-11.0797,214.329,8.52897],"tipVelocity":[69.5944,-263.216,363.875],"tool":false,"touchDistance":0.654451,"touchZone":"hovering","type":4,"width":14.9679}],"r":[[0.979718,0.0740205,-0.186211],[-0.098418,0.987215,-0.125383],[0.174549,0.141167,0.974477]],"s":0.990229,"t":[-33.6633,121.141,-125.468],"timestamp":88976308969},false],[1,{"currentFrameRate":53.0561,"devices":[],"gestures":[],"hands":[{"armBasis":[[-0.661981,-0.749466,-0.00904102],[-0.749432,0.66204,-0.00736134],[-0.0115026,-0.00190257,0.999932]],"armWidth":59.3966,"confidence":0.205828,"direction":[-0.769832,-0.303826,-0.561291],"elbow":[6.32361,270.77,295.416],"grabStrength":0.83492,"id":425,"palmNormal":[0.493996,-0.840493,-0.222576],"palmPosition":[-24.6709,255.758,8.93934],"palmVelocity":[70.4682,-195.387,246.02],"palmWidth":84.8164,"pinchStrength":1,"r":[[0.968854,0.0685889,-0.237945],[-0.110829,0.979372,-0.16896],[0.221448,0.190069,0.95647]],"s":0.872936,"sphereCenter":[-12.0282,222.773,-17.1758],"sphereRadius":37.2591,"stabilizedPalmPosition":[-25.7177,264.303,-1.13772],"t":[-32.3082,117.473,-120.792],"timeVisible":4.2072,"type":"left","wrist":[9.21859,271.248,43.7529]}],"id":1427541,"interactionBox":{"center":[0,200,0],"size":[235.247,235.247,147.751]},"pointables":[{"bases":[[[-0.754686,0.511949,0.410314],[0.404764,0.855501,-0.322932],[0.516348,0.0776321,0.852853]],[[-0.884027,0.456391,0.101014],[0.20383,0.570855,-0.795348],[0.420654,0.682519,0.597677]],[[-0.884027,0.456391,0.101014],[-0.0782594,0.0685443,-0.994574],[0.460838,0.887135,0.0248781]],[[-0.884027,0.456391,0.101014],[-0.296113,-0.379572,-0.876494],[0.361682,0.804756,-0.470695]]],"btipPosition":[-14.7233,198.168,3.78735],"carpPosition":[27.3868,275.678,22.1199],"dipPosition":[-6.83299,215.724,-6.48117],"direction":[-0.460838,-0.887135,-0.0248781],"extended":false,"handId":425,"id":4250,"length":48.5803,"mcpPosition":[27.3868,275.678,22.1199],"pipPosition":[7.81348,243.92,-5.69049],"stabilizedTipPosition":[-12.0011,220.28,-26.8373],"timeVisible":4.2072,"tipPosition":[-12.2295,201.593,2.61381],"tipVelocity":[24.3568,-171.522,153.186],"tool":false,"touchDistance":0.295361,"touchZone":"hovering","type":0,"width":18.876},{"bases":[[[-0.527656,-0.493266,0.691569],[-0.591041,0.797938,0.11818],[0.610123,0.346387,0.712577]],[[-0.562016,-0.51245,0.649256],[-0.772575,0.605581,-0.190787],[0.295408,0.608824,0.736252]],[[-0.562016,-0.51245,0.649256],[-0.71124,-0.101285,-0.695614],[-0.422227,0.852723,0.307551]],[[-0.562016,-0.51245,0.649256],[-0.341872,-0.570846,-0.746497],[-0.753168,0.641506,-0.145632]]],"btipPosition":[-24.4972,207.028,-56.3909],"carpPosition":[7.66593,284.594,26.571],"dipPosition":[-36.4924,217.245,-58.7103],"direction":[0.422227,-0.852723,-0.307551],"extended":false,"handId":425,"id":4251,"length":54.8174,"mcpPosition":[-34.175,260.839,-22.2961],"pipPosition":[-46.0054,236.457,-51.7811],"stabilizedTipPosition":[-28.1573,209.819,-58.9388],"timeVisible":4.2072,"tipPosition":[-22.6778,210.996,-51.5333],"tipVelocity":[503.957,-853.024,750.285],"tool":false,"touchDistance":0.415466,"touchZone":"hovering","type":1,"width":18.0304},{"bases":[[[-0.331834,-0.570686,0.751135],[-0.6582,0.710469,0.249012],[0.675766,0.411766,0.611383]],[[-0.319759,-0.56327,0.761893],[-0.871765,-0.140117,-0.46946],[-0.371187,0.814306,0.446235]],[[-0.319759,-0.56327,0.761893],[-0.056486,-0.791347,-0.608752],[-0.945814,0.23769,-0.221224]],[[-0.319759,-0.56327,0.761893],[0.437502,-0.801029,-0.408588],[-0.840444,-0.202681,-0.502568]]],"btipPosition":[12.9241,213.953,-10.9232],"carpPosition":[0.401843,280.069,34.2196],"dipPosition":[-1.79797,210.403,-19.7267],"direction":[0.945814,-0.23769,0.221224],"extended":false,"handId":425,"id":4252,"length":62.4601,"mcpPosition":[-43.5461,253.29,-5.54128],"pipPosition":[-26.8687,216.703,-25.5906],"stabilizedTipPosition":[12.5721,223.169,-18.2692],"timeVisible":4.2072,"tipPosition":[10.4741,214.306,-11.7141],"tipVelocity":[-60.0508,-276.192,99.0458],"tool":false,"touchDistance":0.333333,"touchZone":"none","type":2,"width":17.7082},{"bases":[[[-0.178204,-0.555794,0.811995],[-0.658348,0.680645,0.321403],[0.731314,0.4773,0.4872]],[[-0.161178,-0.544564,0.823087],[-0.962693,-0.0969252,-0.252643],[-0.217358,0.8331,0.508625]],[[-0.161178,-0.544564,0.823087],[-0.234723,-0.788909,-0.567915],[-0.958607,0.284732,0.000666549]],[[-0.161178,-0.544564,0.823087],[0.329605,-0.815808,-0.475204],[-0.930259,-0.194701,-0.310981]]],"btipPosition":[2.8577,207.319,-1.71145],"carpPosition":[-4.4487,273.847,42.5205],"dipPosition":[-13.344,203.928,-7.12759],"direction":[0.958607,-0.284732,-0.000666549],"extended":false,"handId":425,"id":4253,"length":60.057,"mcpPosition":[-47.1501,245.978,14.0729],"pipPosition":[-38.0975,211.281,-7.11038],"stabilizedTipPosition":[3.44539,222.241,-14.7392],"timeVisible":4.2072,"tipPosition":[0.403477,207.758,-1.89101],"tipVelocity":[-10.3897,-244.05,193.283],"tool":false,"touchDistance":0.333333,"touchZone":"none","type":3,"width":16.8505},{"bases":[[[0.0188794,-0.601588,0.798584],[-0.610838,0.625389,0.485558],[0.791531,0.496972,0.355665]],[[0.0437705,-0.585656,0.809377],[-0.984659,-0.162263,-0.0641618],[-0.168909,0.794152,0.583774]],[[0.0437705,-0.585656,0.809377],[-0.289935,-0.782733,-0.550697],[-0.956045,0.210562,0.204062]],[[0.0437705,-0.585656,0.809377],[0.275393,-0.771692,-0.57328],[-0.960335,-0.24799,-0.127508]]],"btipPosition":[-8.16031,210.793,10.8868],"carpPosition":[-3.80492,263.684,51.0238],"dipPosition":[-23.5903,206.808,8.83813],"direction":[0.956045,-0.210562,-0.204062],"extended":false,"handId":425,"id":4254,"length":47.0836,"mcpPosition":[-46.5879,236.823,31.7998],"pipPosition":[-41.0207,210.647,12.5585],"stabilizedTipPosition":[-9.32205,229.785,-16.1117],"timeVisible":4.2072,"tipPosition":[-10.6791,210.829,11.0074],"tipVelocity":[42.4426,-223.634,251.204],"tool":false,"touchDistance":0.660255,"touchZone":"hovering","type":4,"width":14.9679}],"r":[[0.968854,0.0685889,-0.237945],[-0.110829,0.979372,-0.16896],[0.221448,0.190069,0.95647]],"s":0.872936,"t":[-32.3082,117.473,-120.792],"timestamp":88976327845},false],[2,{"currentFrameRate":53.0454,"devices":[],"gestures":[],"hands":[{"armBasis":[[-0.623831,-0.781228,0.0227587],[-0.781449,0.622989,-0.0349527],[-0.0131276,0.0395893,0.99913]],"armWidth":59.3966,"confidence":0.234822,"direction":[-0.812128,-0.25151,-0.526489],"elbow":[11.1386,277.152,296.791],"grabStrength":0.932223,"id":425,"palmNormal":[0.435824,-0.86143,-0.260759],"palmPosition":[-21.9252,254.194,12.0279],"palmVelocity":[107.177,-140.198,205.57],"palmWidth":84.8164,"pinchStrength":1,"r":[[0.956124,0.0526807,-0.288186],[-0.113524,0.973465,-0.198692],[0.270072,0.22269,0.936734]],"s":0.757844,"sphereCenter":[-12.8867,219.699,-12.7769],"sphereRadius":35.5902,"stabilizedPalmPosition":[-24.7009,261.592,2.39232],"t":[-30.2578,114.856,-116.909],"timeVisible":4.22609,"type":"left","wrist":[14.4425,267.188,45.3293]}],"id":1427542,"interactionBox":{"center":[0,200,0],"size":[235.247,235.247,147.751]},"pointables":[{"bases":[[[-0.704396,0.54386,0.456117],[0.434258,0.838495,-0.329158],[0.561468,0.0337852,0.826808]],[[-0.850181,0.502273,0.157844],[0.219983,0.611269,-0.760235],[0.478331,0.611614,0.630181]],[[-0.850181,0.502273,0.157844],[-0.0824527,0.169084,-0.982147],[0.519995,0.848017,0.102338]],[[-0.850181,0.502273,0.157844],[-0.337079,-0.288977,-0.89603],[0.404438,0.814993,-0.414988]]],"btipPosition":[-15.8768,197.852,-0.642189],"carpPosition":[31.7299,271.043,22.8799],"dipPosition":[-7.05375,215.632,-9.69544],"direction":[-0.519995,-0.848017,-0.102338],"extended":false,"handId":425,"id":4250,"length":48.5803,"mcpPosition":[31.7299,271.043,22.8799],"pipPosition":[9.47284,242.584,-6.4429],"stabilizedTipPosition":[-12.262,217.689,-23.4306],"timeVisible":4.22609,"tipPosition":[-13.2693,201.201,-0.395437],"tipVelocity":[-11.9508,-94.2989,-29.6044],"tool":false,"touchDistance":0.226194,"touchZone":"hovering","type":0,"width":18.876},{"bases":[[[-0.518801,-0.477192,0.709319],[-0.540101,0.82611,0.160729],[0.662674,0.299718,0.686318]],[[-0.55078,-0.491362,0.674689],[-0.780164,0.590356,-0.20694],[0.296624,0.640347,0.708499]],[[-0.55078,-0.491362,0.674689],[-0.690744,-0.185419,-0.698923],[-0.468524,0.85099,0.23728]],[[-0.55078,-0.491362,0.674689],[-0.278065,-0.654148,-0.703399],[-0.78697,0.575026,-0.223661]]],"btipPosition":[-21.4651,206.388,-48.7589],"carpPosition":[12.7691,280.918,28.4649],"dipPosition":[-33.9987,215.546,-52.3209],"direction":[0.468524,-0.85099,-0.23728],"extended":false,"handId":425,"id":4251,"length":54.8174,"mcpPosition":[-32.6757,260.364,-18.6014],"pipPosition":[-44.5547,234.72,-46.9749],"stabilizedTipPosition":[-25.3021,208.826,-51.923],"timeVisible":4.22609,"tipPosition":[-22.937,209.436,-47.7481],"tipVelocity":[332.384,-457.788,573.128],"tool":false,"touchDistance":0.517447,"touchZone":"hovering","type":1,"width":18.0304},{"bases":[[[-0.324775,-0.566105,0.757659],[-0.605355,0.739921,0.293363],[0.726682,0.363376,0.583002]],[[-0.311765,-0.559535,0.767934],[-0.905439,-0.0700786,-0.418651],[-0.288065,0.825839,0.484777]],[[-0.311765,-0.559535,0.767934],[-0.14359,-0.771189,-0.620201],[-0.939247,0.303625,-0.160086]],[[-0.311765,-0.559535,0.767934],[0.364834,-0.816757,-0.446994],[-0.877324,-0.140812,-0.458774]]],"btipPosition":[11.6058,210.328,-11.0195],"carpPosition":[5.65755,276.646,36.3969],"dipPosition":[-3.76227,207.861,-19.0558],"direction":[0.939247,-0.303625,0.160086],"extended":false,"handId":425,"id":4252,"length":62.4601,"mcpPosition":[-41.6017,253.014,-1.51816],"pipPosition":[-28.6589,215.909,-23.2992],"stabilizedTipPosition":[10.1194,215.862,-15.3258],"timeVisible":4.22609,"tipPosition":[9.18382,210.836,-11.6512],"tipVelocity":[-68.6794,-228.419,52.573],"tool":false,"touchDistance":0.333333,"touchZone":"none","type":2,"width":17.7082},{"bases":[[[-0.167733,-0.560617,0.810909],[-0.603538,0.708791,0.36518],[0.779492,0.428162,0.457242]],[[-0.149001,-0.550194,0.821636],[-0.975427,-0.0545977,-0.213451],[-0.162299,0.83325,0.528539]],[[-0.149001,-0.550194,0.821636],[-0.288089,-0.770712,-0.568338],[-0.94594,0.321388,0.0436679]],[[-0.149001,-0.550194,0.821636],[0.274298,-0.8213,-0.500226],[-0.950031,-0.150839,-0.273292]]],"btipPosition":[3.11038,205.163,-0.247712],"carpPosition":[0.892863,270.538,44.8311],"dipPosition":[-13.4356,202.536,-5.00745],"direction":[0.94594,-0.321388,-0.0436679],"extended":false,"handId":425,"id":4253,"length":60.057,"mcpPosition":[-44.6216,245.538,18.1328],"pipPosition":[-37.8621,210.835,-3.87984],"stabilizedTipPosition":[2.44136,217.953,-11.4907],"timeVisible":4.22609,"tipPosition":[0.215842,205.35,-0.636564],"tipVelocity":[-0.794627,-175.82,140.437],"tool":false,"touchDistance":0.357554,"touchZone":"hovering","type":3,"width":16.8505},{"bases":[[[0.0256551,-0.616649,0.78682],[-0.551026,0.64799,0.525812],[0.834093,0.447048,0.323166]],[[0.0481097,-0.604386,0.795238],[-0.994721,-0.101242,-0.0167669],[-0.0906454,0.790233,0.606065]],[[0.0481097,-0.604386,0.795238],[-0.36383,-0.752068,-0.549565],[-0.930222,0.262892,0.256075]],[[0.0481097,-0.604386,0.795238],[0.201192,-0.773978,-0.6004],[-0.97837,-0.188881,-0.0843618]]],"btipPosition":[-8.01361,208.23,12.3697],"carpPosition":[1.4029,260.197,53.1263],"dipPosition":[-23.7334,205.195,11.0143],"direction":[0.930222,-0.262892,-0.256075],"extended":false,"handId":425,"id":4254,"length":47.0836,"mcpPosition":[-43.6806,236.034,35.6589],"pipPosition":[-40.6929,209.988,15.6829],"stabilizedTipPosition":[-9.55538,227.534,-13.2628],"timeVisible":4.22609,"tipPosition":[-10.5325,208.402,12.5856],"tipVelocity":[23.7141,-174.857,170.681],"tool":false,"touchDistance":0.652198,"touchZone":"hovering","type":4,"width":14.9679}],"r":[[0.956124,0.0526807,-0.288186],[-0.113524,0.973465,-0.198692],[0.270072,0.22269,0.936734]],"s":0.757844,"t":[-30.2578,114.856,-116.909],"timestamp":88976346735},false],[3,{"currentFrameRate":53.0337,"devices":[],"gestures":[],"hands":[{"armBasis":[[-0.628863,-0.774181,0.0719349],[-0.777515,0.626017,-0.0597806],[-0.00124855,0.0935242,0.995616]],"armWidth":59.3966,"confidence":0.257093,"direction":[-0.839651,-0.221591,-0.495866],"elbow":[18.7145,284.721,297.664],"grabStrength":0.970417,"id":425,"palmNormal":[0.382421,-0.88951,-0.250053],"palmPosition":[-18.9558,249.286,15.2103],"palmVelocity":[131.672,-198.801,187.341],"palmWidth":84.8164,"pinchStrength":1,"r":[[0.942496,0.0270905,-0.333119],[-0.107949,0.967964,-0.226701],[0.316306,0.249624,0.915226]],"s":0.660654,"sphereCenter":[-13.0151,212.419,-6.52417],"sphereRadius":34.6445,"stabilizedPalmPosition":[-22.9714,257.888,6.25091],"t":[-27.7478,111.094,-113.377],"timeVisible":4.24499,"type":"left","wrist":[19.0287,261.183,47.0863]}],"id":1427543,"interactionBox":{"center":[0,200,0],"size":[235.247,235.247,147.751]},"pointables":[{"bases":[[[-0.661082,0.59157,0.461536],[0.467046,0.805865,-0.363936],[0.587229,0.0250332,0.809033]],[[-0.814354,0.552379,0.178058],[0.253258,0.614276,-0.747345],[0.522194,0.563509,0.640133]],[[-0.814354,0.552379,0.178058],[-0.0622935,0.221837,-0.973092],[0.577015,0.803534,0.146244]],[[-0.814354,0.552379,0.178058],[-0.355442,-0.232161,-0.905407],[0.458789,0.800612,-0.3854]]],"btipPosition":[-16.8401,194.329,-1.97471],"carpPosition":[35.8056,263.553,24.0513],"dipPosition":[-6.83132,211.795,-10.3825],"direction":[-0.577015,-0.803534,-0.146244],"extended":false,"handId":425,"id":4250,"length":48.5803,"mcpPosition":[35.8056,263.553,24.0513],"pipPosition":[11.5075,237.333,-5.7345],"stabilizedTipPosition":[-12.7275,213.733,-19.4379],"timeVisible":4.24499,"tipPosition":[-14.0149,197.511,-0.956564],"tipVelocity":[-24.0091,-141.366,-45.811],"tool":false,"touchDistance":0.211011,"touchZone":"hovering","type":0,"width":18.876},{"bases":[[[-0.521172,-0.43112,0.736556],[-0.49137,0.857217,0.154061],[0.697807,0.281629,0.658597]],[[-0.550784,-0.442865,0.707465],[-0.776977,0.581658,-0.24079],[0.304865,0.682308,0.664465]],[[-0.550784,-0.442865,0.707465],[-0.684912,-0.2446,-0.686343],[-0.477003,0.862578,0.168602]],[[-0.550784,-0.442865,0.707465],[-0.266545,-0.709908,-0.651908],[-0.790943,0.547632,-0.272963]]],"btipPosition":[-19.1585,199.757,-41.3115],"carpPosition":[17.5608,274.552,29.9152],"dipPosition":[-31.7554,208.479,-45.6588],"direction":[0.477003,-0.862578,-0.168602],"extended":false,"handId":425,"id":4251,"length":54.8174,"mcpPosition":[-30.2934,255.238,-15.25],"pipPosition":[-42.5025,227.913,-41.8601],"stabilizedTipPosition":[-23.2448,204.35,-45.8318],"timeVisible":4.24499,"tipPosition":[-22.1154,202.57,-41.9446],"tipVelocity":[228.869,-407.975,480.646],"tool":false,"touchDistance":0.608037,"touchZone":"hovering","type":1,"width":18.0304},{"bases":[[[-0.33065,-0.528882,0.781635],[-0.556967,0.777965,0.290789],[0.761878,0.339196,0.551804]],[[-0.316996,-0.522742,0.791362],[-0.922184,-0.02504,-0.38594],[-0.221563,0.852123,0.474127]],[[-0.316996,-0.522742,0.791362],[-0.209413,-0.775223,-0.595966],[-0.925019,0.35464,-0.136274]],[[-0.316996,-0.522742,0.791362],[0.304132,-0.846358,-0.437244],[-0.898341,-0.102074,-0.427275]]],"btipPosition":[11.1426,202.904,-7.93081],"carpPosition":[10.4803,270.862,38.1612],"dipPosition":[-4.59357,201.116,-15.4154],"direction":[0.925019,-0.35464,0.136274],"extended":false,"handId":425,"id":4252,"length":62.4601,"mcpPosition":[-39.0679,248.803,2.27496],"pipPosition":[-29.113,210.517,-19.0276],"stabilizedTipPosition":[8.42828,207.153,-11.63],"timeVisible":4.24499,"tipPosition":[8.72382,203.499,-8.5223],"tipVelocity":[-49.2166,-304.977,110.229],"tool":false,"touchDistance":0.333333,"touchZone":"none","type":2,"width":17.7082},{"bases":[[[-0.171996,-0.530334,0.830159],[-0.554596,0.748607,0.363332],[0.81415,0.397911,0.422879]],[[-0.152098,-0.520476,0.840221],[-0.97814,-0.0426983,-0.203514],[-0.1418,0.852808,0.502604]],[[-0.152098,-0.520476,0.840221],[-0.306718,-0.783285,-0.54073],[-0.939569,0.339955,0.0405032]],[[-0.152098,-0.520476,0.840221],[0.244674,-0.843479,-0.478203],[-0.957601,-0.132847,-0.255639]]],"btipPosition":[4.96977,200.012,4.67226],"carpPosition":[5.66237,265.229,46.8902],"dipPosition":[-11.7081,197.698,0.219981],"direction":[0.939569,-0.339955,-0.0405032],"extended":false,"handId":425,"id":4253,"length":60.057,"mcpPosition":[-41.8758,241.995,22.1984],"pipPosition":[-35.9701,206.477,1.26587],"stabilizedTipPosition":[2.12041,213.419,-7.77459],"timeVisible":4.24499,"tipPosition":[1.22911,199.719,3.82209],"tipVelocity":[47.0549,-221.376,201.069],"tool":false,"touchDistance":0.429992,"touchZone":"hovering","type":3,"width":16.8505},{"bases":[[[0.0174045,-0.597068,0.802002],[-0.500475,0.689202,0.523952],[0.865576,0.410501,0.286822]],[[0.034702,-0.588744,0.807575],[-0.998479,-0.0550618,0.00276369],[-0.0428394,0.806442,0.589759]],[[0.034702,-0.588744,0.807575],[-0.407612,-0.746134,-0.526437],[-0.912495,0.310909,0.265871]],[[0.034702,-0.588744,0.807575],[0.151782,-0.795583,-0.586524],[-0.987805,-0.142929,-0.0617522]]],"btipPosition":[-6.97983,202.948,16.6449],"carpPosition":[5.88565,255.088,55.4416],"dipPosition":[-22.8512,200.652,15.6527],"direction":[0.912495,-0.310909,-0.265871],"extended":false,"handId":425,"id":4254,"length":47.0836,"mcpPosition":[-40.8996,232.9,39.9385],"pipPosition":[-39.4876,206.32,20.5],"stabilizedTipPosition":[-9.68742,224.449,-9.61668],"timeVisible":4.24499,"tipPosition":[-9.77269,203.065,16.7729],"tipVelocity":[38.0051,-221.754,200.085],"tool":false,"touchDistance":0.685693,"touchZone":"hovering","type":4,"width":14.9679}],"r":[[0.942496,0.0270905,-0.333119],[-0.107949,0.967964,-0.226701],[0.316306,0.249624,0.915226]],"s":0.660654,"t":[-27.7478,111.094,-113.377],"timestamp":88976365633},false],[4,{"currentFrameRate":52.971,"devices":[],"gestures":[],"hands":[{"armBasis":[[-0.677179,-0.735172,-0.0308137],[-0.732686,0.677565,-0.0638441],[-0.0678147,0.0206572,0.997484]],"armWidth":59.3966,"confidence":0.316455,"direction":[-0.840304,0.0821651,-0.535853],"elbow":[-0.796217,280.746,291.108],"grabStrength":1,"id":425,"palmNormal":[0.197276,-0.874331,-0.443427],"palmPosition":[-21.6439,279.561,6.19711],"palmVelocity":[-21.4415,226.881,-97.228],"palmWidth":84.8164,"pinchStrength":0.902044,"r":[[0.866765,-0.17442,-0.467222],[0.0392518,0.9578,-0.284741],[0.497169,0.228465,0.837034]],"s":0.379319,"sphereCenter":[-24.3119,246.484,-16.9298],"sphereRadius":31.5593,"stabilizedPalmPosition":[-21.4195,276.624,7.42952],"t":[-27.5413,133.309,-117.021],"timeVisible":4.84887,"type":"left","wrist":[16.2714,275.547,40.0608]}],"id":1427575,"interactionBox":{"center":[0,200,0],"size":[235.247,235.247,147.751]},"pointables":[{"bases":[[[-0.543609,0.605582,0.581171],[0.646094,0.743899,-0.170809],[0.535772,-0.282638,0.795653]],[[-0.681234,0.66296,0.31049],[0.440065,0.709795,-0.55003],[0.585032,0.238064,0.775283]],[[-0.681234,0.66296,0.31049],[-0.0392667,0.390427,-0.919796],[0.731012,0.638788,0.23994]],[[-0.681234,0.66296,0.31049],[-0.371201,0.052742,-0.927054],[0.630976,0.746794,-0.210162]]],"btipPosition":[-29.8641,231.523,-20.9026],"carpPosition":[34.3562,279.194,18.2128],"dipPosition":[-16.099,247.814,-25.4874],"direction":[-0.731012,-0.638788,-0.23994],"extended":false,"handId":425,"id":4250,"length":48.5803,"mcpPosition":[34.3562,279.194,18.2128],"pipPosition":[7.13423,268.116,-17.8616],"stabilizedTipPosition":[-25.6801,233.459,-21.7909],"timeVisible":4.84887,"tipPosition":[-26.5074,237.27,-24.3056],"tipVelocity":[-108.376,197.096,-21.1138],"tool":false,"touchDistance":0.168162,"touchZone":"hovering","type":0,"width":18.876},{"bases":[[[-0.638867,-0.457738,0.618324],[-0.305398,0.888587,0.342265],[0.706102,-0.0298268,0.707481]],[[-0.684198,-0.454761,0.570146],[-0.726108,0.497797,-0.474305],[0.0681217,0.738506,0.670797]],[[-0.684198,-0.454761,0.570146],[-0.415997,-0.398762,-0.817273],[-0.599016,0.796355,-0.0836527]],[[-0.684198,-0.454761,0.570146],[-0.0356186,-0.760005,-0.64894],[-0.728426,0.464311,-0.503796]]],"btipPosition":[-7.47117,239.486,-39.121],"carpPosition":[18.5827,292.353,26.3519],"dipPosition":[-19.0723,246.881,-47.1446],"direction":[0.599016,-0.796355,0.0836527],"extended":false,"handId":425,"id":4251,"length":54.8174,"mcpPosition":[-29.8403,294.399,-22.1657],"pipPosition":[-32.5684,264.823,-49.0294],"stabilizedTipPosition":[-8.56374,237.947,-38.2565],"timeVisible":4.84887,"tipPosition":[-10.4583,241.431,-41.1792],"tipVelocity":[-132.282,289.897,-233.735],"tool":false,"touchDistance":0.333333,"touchZone":"none","type":1,"width":18.0304},{"bases":[[[-0.47611,-0.60229,0.640754],[-0.393433,0.797538,0.457323],[0.786466,0.0343583,0.616677]],[[-0.470749,-0.602042,0.644935],[-0.853466,0.125492,-0.505814],[-0.223587,0.788541,0.572898]],[[-0.470749,-0.602042,0.644935],[-0.18447,-0.647675,-0.739248],[-0.862767,0.466971,-0.193833]],[[-0.470749,-0.602042,0.644935],[0.244347,-0.791368,-0.560384],[-0.847756,0.106212,-0.519643]]],"btipPosition":[7.07443,236.68,-18.0777],"carpPosition":[10.4564,288.582,33.5272],"dipPosition":[-7.77569,238.541,-27.1803],"direction":[0.862767,-0.466971,0.193833],"extended":false,"handId":425,"id":4252,"length":62.4601,"mcpPosition":[-40.6908,286.348,-6.57791],"pipPosition":[-30.6451,250.919,-32.3182],"stabilizedTipPosition":[4.29602,235.191,-18.8978],"timeVisible":4.84887,"tipPosition":[2.15545,236.554,-21.7939],"tipVelocity":[-75.7561,255.169,-163.045],"tool":false,"touchDistance":0.333333,"touchZone":"none","type":2,"width":17.7082},{"bases":[[[-0.324163,-0.649066,0.688209],[-0.401173,0.753157,0.521358],[0.856726,0.107086,0.504533]],[[-0.307188,-0.646826,0.698035],[-0.921653,0.0195045,-0.387524],[-0.237045,0.762389,0.60214]],[[-0.307188,-0.646826,0.698035],[-0.214103,-0.667721,-0.712958],[-0.927251,0.368463,-0.0666285]],[[-0.307188,-0.646826,0.698035],[0.238014,-0.762409,-0.601733],[-0.921404,0.0187029,-0.388157]]],"btipPosition":[3.93907,234.517,-5.31586],"carpPosition":[4.09937,282.362,40.741],"dipPosition":[-12.1084,234.843,-12.0761],"direction":[0.927252,-0.368463,0.0666285],"extended":false,"handId":425,"id":4253,"length":60.057,"mcpPosition":[-45.9248,276.109,11.2814],"pipPosition":[-36.0523,244.357,-13.7966],"stabilizedTipPosition":[7.73777,221.813,6.39693],"timeVisible":4.84887,"tipPosition":[-0.329554,234.528,-7.19967],"tipVelocity":[-103.65,203.233,-200.305],"tool":false,"touchDistance":0.333333,"touchZone":"none","type":3,"width":16.8505},{"bases":[[[-0.152056,-0.747771,0.646311],[-0.369432,0.649517,0.664565],[0.916733,0.137716,0.375014]],[[-0.177903,-0.751364,0.635455],[-0.958301,-0.0144687,-0.285395],[-0.22363,0.659729,0.717459]],[[-0.177903,-0.751364,0.635455],[-0.237883,-0.593766,-0.76867],[-0.954862,0.287912,0.0731038]],[[-0.177903,-0.751364,0.635455],[0.224298,-0.659719,-0.71726],[-0.958145,-0.0149285,-0.285895]]],"btipPosition":[-7.66294,236.595,6.1226],"carpPosition":[1.71286,270.793,46.7792],"dipPosition":[-23.0577,236.355,1.52904],"direction":[0.954862,-0.287912,-0.0731038],"extended":false,"handId":425,"id":4254,"length":47.0836,"mcpPosition":[-47.8374,263.349,26.5094],"pipPosition":[-40.4665,241.604,2.86185],"stabilizedTipPosition":[-2.54838,222.123,20.0582],"timeVisible":4.84887,"tipPosition":[-11.9976,236.358,4.58469],"tipVelocity":[-99.0535,198.449,-193.876],"tool":false,"touchDistance":0.064052,"touchZone":"hovering","type":4,"width":14.9679}],"r":[[0.866765,-0.17442,-0.467222],[0.0392518,0.9578,-0.284741],[0.497169,0.228465,0.837034]],"s":0.379319,"t":[-27.5413,133.309,-117.021],"timestamp":88976969514},false],[5,{"currentFrameRate":52.9832,"devices":[],"gestures":[],"hands":[{"armBasis":[[-0.657441,-0.75218,-0.0446799],[-0.747615,0.658553,-0.0859049],[-0.0940401,0.023074,0.995301]],"armWidth":59.3966,"confidence":0.256355,"direction":[-0.822252,0.139159,-0.551848],"elbow":[-9.87754,281.264,289.019],"grabStrength":1,"id":425,"palmNormal":[0.194511,-0.842541,-0.502285],"palmPosition":[-23.0148,282.766,3.99018],"palmVelocity":[-46.5634,199.178,-106.998],"palmWidth":84.8164,"pinchStrength":0.909975,"r":[[0.865061,-0.168909,-0.472377],[0.0579061,0.968939,-0.240424],[0.498314,0.180627,0.847972]],"s":0.382591,"sphereCenter":[-25.5868,251.472,-21.8109],"sphereRadius":31.8617,"stabilizedPalmPosition":[-22.3845,280.34,5.3491],"t":[-28.4191,137.06,-119.043],"timeVisible":4.8677,"type":"left","wrist":[13.7905,275.457,38.521]}],"id":1427576,"interactionBox":{"center":[0,200,0],"size":[235.247,235.247,147.751]},"pointables":[{"bases":[[[-0.549647,0.57136,0.609455],[0.664353,0.741258,-0.0957662],[0.50648,-0.352256,0.787016]],[[-0.679087,0.652162,0.336936],[0.477668,0.741125,-0.47177],[0.557382,0.15943,0.814805]],[[-0.679087,0.652162,0.336936],[0.00484908,0.462979,-0.886356],[0.734042,0.600279,0.317566]],[[-0.679087,0.652162,0.336936],[-0.338221,0.129394,-0.932129],[0.651497,0.746955,-0.132705]]],"btipPosition":[-30.8931,237.567,-27.5773],"carpPosition":[32.5846,280.359,17.5341],"dipPosition":[-16.6803,253.862,-30.4723],"direction":[-0.734042,-0.600279,-0.317566],"extended":false,"handId":425,"id":4250,"length":48.5803,"mcpPosition":[32.5846,280.359,17.5341],"pipPosition":[6.64919,272.94,-20.3794],"stabilizedTipPosition":[-27.0413,238.96,-26.3086],"timeVisible":4.8677,"tipPosition":[-27.5086,243.119,-29.9475],"tipVelocity":[-79.4222,257.72,-174.069],"tool":false,"touchDistance":0.092003,"touchZone":"hovering","type":0,"width":18.876},{"bases":[[[-0.665317,-0.489594,0.563606],[-0.29928,0.866529,0.399448],[0.683948,-0.0970837,0.723042]],[[-0.714172,-0.481053,0.508475],[-0.694454,0.577967,-0.428588],[0.0877081,0.659198,0.746837]],[[-0.714172,-0.481053,0.508475],[-0.424216,-0.28036,-0.861068],[-0.556776,0.830654,0.00384525]],[[-0.714172,-0.481053,0.508475],[-0.0614885,-0.6805,-0.730164],[-0.697264,0.552728,-0.456415]]],"btipPosition":[-9.95026,245.932,-46.1216],"carpPosition":[16.8167,293.192,26.1896],"dipPosition":[-21.0551,254.735,-53.3906],"direction":[0.556776,-0.830654,-0.00384525],"extended":false,"handId":425,"id":4251,"length":54.8174,"mcpPosition":[-30.0871,299.849,-23.3951],"pipPosition":[-33.5995,273.45,-53.304],"stabilizedTipPosition":[-10.7739,243.561,-43.6054],"timeVisible":4.8677,"tipPosition":[-12.203,248.186,-47.2325],"tipVelocity":[-129.011,323.947,-296.747],"tool":false,"touchDistance":0.333333,"touchZone":"none","type":1,"width":18.0304},{"bases":[[[-0.505963,-0.638709,0.5797],[-0.392362,0.768941,0.504759],[0.768149,-0.0279366,0.639661]],[[-0.50077,-0.638883,0.584001],[-0.834629,0.177592,-0.521398],[-0.229398,0.748525,0.622163]],[[-0.50077,-0.638883,0.584001],[-0.169662,-0.589157,-0.790005],[-0.84879,0.494694,-0.186639]],[[-0.50077,-0.638883,0.584001],[0.250427,-0.752776,-0.608782],[-0.828562,0.158611,-0.536961]]],"btipPosition":[5.77558,241.355,-22.3747],"carpPosition":[8.41199,289.061,32.8258],"dipPosition":[-8.73832,244.134,-31.7806],"direction":[0.84879,-0.494694,0.186639],"extended":false,"handId":425,"id":4252,"length":62.4601,"mcpPosition":[-41.5441,290.878,-8.77407],"pipPosition":[-31.2372,257.246,-36.7279],"stabilizedTipPosition":[3.05043,239.75,-22.6777],"timeVisible":4.8677,"tipPosition":[1.03682,241.593,-26.1867],"tipVelocity":[-70.4319,257.28,-196.726],"tool":false,"touchDistance":0.333333,"touchZone":"none","type":2,"width":17.7082},{"bases":[[[-0.356381,-0.691995,0.627802],[-0.402822,0.720061,0.56502],[0.843046,0.0515297,0.535367]],[[-0.339784,-0.690852,0.638178],[-0.909015,0.0671234,-0.411322],[-0.241326,0.719874,0.650802]],[[-0.339784,-0.690852,0.638178],[-0.205499,-0.607618,-0.767184],[-0.917778,0.391822,-0.0644892]],[[-0.339784,-0.690852,0.638178],[0.240761,-0.719832,-0.651058],[-0.909165,0.0675708,-0.410917]]],"btipPosition":[2.08857,238.164,-10.1766],"carpPosition":[1.72965,282.449,39.3662],"dipPosition":[-13.7457,239.341,-17.3333],"direction":[0.917778,-0.391822,0.0644892],"extended":false,"handId":425,"id":4253,"length":60.057,"mcpPosition":[-47.4958,279.44,8.10615],"pipPosition":[-37.445,249.459,-18.9985],"stabilizedTipPosition":[5.69397,225.469,2.38909],"timeVisible":4.8677,"tipPosition":[-2.1106,238.42,-12.1542],"tipVelocity":[-99.7471,203.655,-230.961],"tool":false,"touchDistance":0.333333,"touchZone":"none","type":3,"width":16.8505},{"bases":[[[-0.184923,-0.790779,0.5835],[-0.377274,0.605369,0.700851],[0.907451,0.0905357,0.410287]],[[-0.210914,-0.793053,0.571473],[-0.948756,0.0253394,-0.314993],[-0.235325,0.608625,0.757758]],[[-0.210914,-0.793053,0.571473],[-0.224464,-0.529709,-0.817939],[-0.951384,0.30079,0.0662894]],[[-0.210914,-0.793053,0.571473],[0.233411,-0.608573,-0.758392],[-0.949228,0.0265668,-0.313464]]],"btipPosition":[-9.7421,239.647,1.1202],"carpPosition":[-1.04676,270.512,44.4444],"dipPosition":[-24.9936,240.074,-3.91631],"direction":[0.951384,-0.30079,-0.0662894],"extended":false,"handId":425,"id":4254,"length":47.0836,"mcpPosition":[-50.0954,265.618,22.268],"pipPosition":[-42.339,245.558,-2.70774],"stabilizedTipPosition":[-2.54838,222.123,20.0582],"timeVisible":4.8677,"tipPosition":[-14.0303,239.623,-0.549113],"tipVelocity":[-103.756,184.641,-231.634],"tool":false,"touchDistance":-0.0710193,"touchZone":"hovering","type":4,"width":14.9679}],"r":[[0.865061,-0.168909,-0.472377],[0.0579061,0.968939,-0.240424],[0.498314,0.180627,0.847972]],"s":0.382591,"t":[-28.4191,137.06,-119.043],"timestamp":88976988344},false],[6,{"currentFrameRate":53.0049,"devices":[],"gestures":[],"hands":[{"armBasis":[[-0.682713,-0.72977,-0.0365838],[-0.725782,0.683071,-0.0815768],[-0.0845217,0.0291417,0.995995]],"armWidth":59.3966,"confidence":0.186372,"direction":[-0.808413,0.183771,-0.559193],"elbow":[-8.52353,281.601,288.537],"grabStrength":1,"id":425,"palmNormal":[0.173366,-0.833534,-0.524562],"palmPosition":[-23.2484,283.862,3.04308],"palmVelocity":[-29.897,130.388,-79.3629],"palmWidth":84.8164,"pinchStrength":0.909535,"r":[[0.864028,-0.167437,-0.474785],[0.0801949,0.976807,-0.198538],[0.497016,0.133467,0.857416]],"s":0.397853,"sphereCenter":[-26.3775,253.485,-24.2332],"sphereRadius":32.3843,"stabilizedPalmPosition":[-22.8593,282.276,4.08174],"t":[-28.9748,139.484,-120.527],"timeVisible":4.88648,"type":"left","wrist":[12.7489,274.266,37.8647]}],"id":1427577,"interactionBox":{"center":[0,200,0],"size":[235.247,235.247,147.751]},"pointables":[{"bases":[[[-0.539162,0.571743,0.618397],[0.690664,0.720353,-0.0638374],[0.481962,-0.392686,0.783269]],[[-0.662917,0.66592,0.342187],[0.522846,0.738899,-0.425041],[0.535885,0.102856,0.838002]],[[-0.662917,0.66592,0.342187],[0.0492119,0.494814,-0.867604],[0.747074,0.55831,0.360792]],[[-0.662917,0.66592,0.342187],[-0.313097,0.168585,-0.934639],[0.680082,0.726725,-0.0967394]]],"btipPosition":[-31.4944,240.75,-31.0416],"carpPosition":[32.0208,279.134,17.3076],"dipPosition":[-16.658,256.604,-33.152],"direction":[-0.747074,-0.55831,-0.360792],"extended":false,"handId":425,"id":4250,"length":48.5803,"mcpPosition":[32.0208,279.134,17.3076],"pipPosition":[7.08571,274.348,-21.6852],"stabilizedTipPosition":[-27.6889,242.342,-29.5556],"timeVisible":4.88648,"tipPosition":[-28.1563,245.652,-32.4901],"tipVelocity":[-52.5369,211.951,-174.418],"tool":false,"touchDistance":0.0465641,"touchZone":"hovering","type":0,"width":18.876},{"bases":[[[-0.690254,-0.482756,0.538977],[-0.275656,0.864162,0.420995],[0.669002,-0.142021,0.729566]],[[-0.743264,-0.469343,0.476735],[-0.652536,0.665726,-0.361947],[0.147497,0.580109,0.801073]],[[-0.743264,-0.469343,0.476735],[-0.455408,-0.167046,-0.874471],[-0.490063,0.867072,0.0895835]],[[-0.743264,-0.469343,0.476735],[-0.109447,-0.617701,-0.778759],[-0.659985,0.631001,-0.407747]]],"btipPosition":[-13.6647,249.165,-51.52],"carpPosition":[16.5685,292.242,26.1175],"dipPosition":[-24.1758,259.215,-58.0139],"direction":[0.490063,-0.867072,-0.0895835],"extended":false,"handId":425,"id":4251,"length":54.8174,"mcpPosition":[-29.3103,301.982,-23.9147],"pipPosition":[-35.2171,278.75,-55.9956],"stabilizedTipPosition":[-13.4275,247.518,-48.3086],"timeVisible":4.88648,"tipPosition":[-15.0101,251.398,-51.5562],"tipVelocity":[-159.006,257.23,-287.515],"tool":false,"touchDistance":0.246331,"touchZone":"hovering","type":1,"width":18.0304},{"bases":[[[-0.536349,-0.637703,0.552869],[-0.373629,0.766778,0.52197],[0.75679,-0.0733905,0.649525]],[[-0.531266,-0.63818,0.557209],[-0.81932,0.219666,-0.529586],[-0.215571,0.737884,0.639575]],[[-0.531266,-0.63818,0.557209],[-0.174323,-0.561285,-0.809055],[-0.829077,0.526958,-0.186942]],[[-0.531266,-0.63818,0.557209],[0.236746,-0.743332,-0.625627],[-0.813454,0.200457,-0.545994]]],"btipPosition":[4.62025,242.351,-23.9535],"carpPosition":[7.92633,288.21,32.5046],"dipPosition":[-9.629,245.862,-33.5176],"direction":[0.829077,-0.526958,0.186942],"extended":false,"handId":425,"id":4252,"length":62.4601,"mcpPosition":[-41.291,292.983,-9.73676],"pipPosition":[-31.6053,259.83,-38.4729],"stabilizedTipPosition":[2.04932,241.748,-24.7154],"timeVisible":4.88648,"tipPosition":[0.00967006,242.853,-27.7825],"tipVelocity":[-64.4844,161.892,-142.636],"tool":false,"touchDistance":0.333333,"touchZone":"none","type":2,"width":17.7082},{"bases":[[[-0.389433,-0.697529,0.601494],[-0.386678,0.716528,0.580576],[0.835955,0.00648928,0.548759]],[[-0.373144,-0.697272,0.612026],[-0.899616,0.110641,-0.422433],[-0.226836,0.708217,0.668561]],[[-0.373144,-0.697272,0.612026],[-0.216034,-0.576238,-0.788212],[-0.902271,0.426335,-0.0643857]],[[-0.373144,-0.697272,0.612026],[0.22333,-0.70778,-0.670202],[-0.900493,0.113398,-0.419826]]],"btipPosition":[0.540129,238.784,-12.1658],"carpPosition":[0.922126,281.643,38.7461],"dipPosition":[-15.1431,240.759,-19.4776],"direction":[0.902271,-0.426335,0.0643857],"extended":false,"handId":425,"id":4253,"length":60.057,"mcpPosition":[-47.8892,281.264,6.70414],"pipPosition":[-38.442,251.768,-21.1402],"stabilizedTipPosition":[4.04079,228.067,-0.674711],"timeVisible":4.88648,"tipPosition":[-3.59834,239.277,-14.1494],"tipVelocity":[-90.3807,125.085,-170.802],"tool":false,"touchDistance":0.333333,"touchZone":"none","type":3,"width":16.8505},{"bases":[[[-0.220784,-0.800828,0.556713],[-0.367158,0.597053,0.713248],[0.903576,0.0469283,0.42585]],[[-0.247253,-0.801861,0.543952],[-0.941342,0.0657316,-0.330989],[-0.229652,0.593884,0.771079]],[[-0.247253,-0.801861,0.543952],[-0.228029,-0.497462,-0.836979],[-0.941737,0.330983,0.0598485]],[[-0.247253,-0.801861,0.543952],[0.22403,-0.593481,-0.77304],[-0.942696,0.0692751,-0.326381]]],"btipPosition":[-11.2918,240.405,-0.857182],"carpPosition":[-2.33811,269.664,43.4223],"dipPosition":[-26.4384,241.518,-6.10124],"direction":[0.941737,-0.330983,-0.0598485],"extended":false,"handId":425,"id":4254,"length":47.0836,"mcpPosition":[-51.1772,267.127,20.4047],"pipPosition":[-43.6079,247.553,-5.01009],"stabilizedTipPosition":[-3.74557,223.938,17.8922],"timeVisi