{"sensorType":"Leap","data":[[0,{"currentFrameRate":52.9834,"devices":[],"gestures":[],"hands":[{"armBasis":[[0.923325,-0.283294,-0.259258],[0.332928,0.92699,0.172764],[0.191387,-0.245832,0.95023]],"armWidth":56.4821,"confidence":0.625738,"direction":[0.0767786,0.664422,-0.743404],"elbow":[44.8451,172.864,281.993],"grabStrength":0,"id":422,"palmNormal":[-0.341973,-0.682828,-0.645601],"palmPosition":[-4.92235,262.94,17.6985],"palmVelocity":[96.055,276.934,-340.221],"palmWidth":80.6546,"pinchStrength":0.534868,"r":[[0.77058,-0.629693,-0.0984602],[0.608622,0.681166,0.406931],[-0.189174,-0.373498,0.908137]],"s":1.11256,"sphereCenter":[-15.7274,245.594,-19.6859],"sphereRadius":41.192,"stabilizedPalmPosition":[-16.7484,233.682,58.7103],"t":[9.16685,114.767,-69.9834],"timeVisible":13.7918,"type":"right","wrist":[-0.959648,231.699,54.5736]}],"id":1426308,"interactionBox":{"center":[0,200,0],"size":[235.247,235.247,147.751]},"pointables":[{"bases":[[[0.697725,0.618145,0.362046],[-0.630773,0.29056,0.719514],[0.339567,-0.730392,0.59264]],[[0.459002,0.887342,0.0440568],[-0.713939,0.338882,0.612741],[0.52878,-0.312703,0.789055]],[[0.459002,0.887342,0.0440568],[-0.865739,0.435589,0.246494],[0.199534,-0.151283,0.968142]],[[0.459002,0.887342,0.0440568],[-0.824454,0.4439,-0.351039],[-0.331049,0.124805,0.935324]]],"btipPosition":[-50.6933,246.643,-28.5122],"carpPosition":[-28.1333,230.824,55.065],"dipPosition":[-57.561,249.232,-9.1087],"direction":[-0.199534,0.151283,-0.968143],"extended":false,"handId":422,"id":4220,"length":46.1965,"mcpPosition":[-28.1333,230.824,55.065],"pipPosition":[-51.5305,244.66,20.1512],"stabilizedTipPosition":[-70.4112,215.697,24.7168],"timeVisible":13.7918,"tipPosition":[-52.8807,248.578,-24.179],"tipVelocity":[149.981,266.501,-384.22],"tool":false,"touchDistance":-1,"touchZone":"hovering","type":0,"width":17.9498},{"bases":[[[0.936163,-0.187922,-0.297126],[0.326091,0.780001,0.5341],[0.131389,-0.596895,0.791488]],[[0.942446,-0.224075,-0.248164],[0.295594,0.905253,0.305191],[0.156265,-0.360982,0.919388]],[[0.942446,-0.224075,-0.248164],[0.216203,0.97457,-0.0589025],[0.255052,0.0018588,0.966926]],[[0.942446,-0.224075,-0.248164],[0.137719,0.936476,-0.322563],[0.304678,0.269821,0.913437]]],"btipPosition":[-39.3801,295.335,-63.224],"carpPosition":[-14.7821,246.789,57.9539],"dipPosition":[-34.7658,299.421,-49.3901],"direction":[-0.255052,-0.0018588,-0.966926],"extended":true,"handId":422,"id":4221,"length":52.1277,"mcpPosition":[-23.3504,285.714,6.33865],"pipPosition":[-29.3013,299.461,-28.6738],"stabilizedTipPosition":[-47.4886,275.956,-39.7011],"timeVisible":13.7918,"tipPosition":[-38.6715,293.242,-59.1682],"tipVelocity":[192.3,411.262,-389.897],"tool":false,"touchDistance":-1,"touchZone":"hovering","type":1,"width":17.1457},{"bases":[[[0.875908,-0.397036,-0.274129],[0.482471,0.723708,0.493426],[0.00248141,-0.564455,0.82546]],[[0.875561,-0.382539,-0.295053],[0.0756847,0.711812,-0.69828],[0.477142,0.589056,0.652187]],[[0.875561,-0.382539,-0.295053],[-0.434689,-0.357319,-0.826661],[0.210803,0.852049,-0.47914]],[[0.875561,-0.382539,-0.295053],[-0.479978,-0.758202,-0.441305],[-0.0548929,0.528009,-0.847463]]],"btipPosition":[-29.1894,225.716,2.41834],"carpPosition":[-4.25071,246.248,55.1384],"dipPosition":[-30.1038,234.511,-11.6982],"direction":[-0.210803,-0.852049,0.47914],"extended":false,"handId":422,"id":4222,"length":59.3953,"mcpPosition":[-4.40417,281.156,4.08936],"pipPosition":[-24.7902,255.988,-23.7756],"stabilizedTipPosition":[-40.5076,199.404,38.0211],"timeVisible":13.7918,"tipPosition":[-29.8916,227.894,-2.32641],"tipVelocity":[116.071,277.789,-366.531],"tool":false,"touchDistance":0.333333,"touchZone":"none","type":2,"width":16.8393},{"bases":[[[0.827847,-0.529192,-0.186079],[0.543651,0.675129,0.498642],[-0.13825,-0.513961,0.8466]],[[0.82015,-0.553544,-0.144717],[0.263692,0.590171,-0.762997],[0.50776,0.587612,0.629994]],[[0.82015,-0.553544,-0.144717],[-0.416246,-0.403732,-0.814702],[0.392547,0.728416,-0.561531]],[[0.82015,-0.553544,-0.144717],[-0.560722,-0.727337,-0.395691],[0.113774,0.405671,-0.90691]]],"btipPosition":[-18.3327,223.594,8.81213],"carpPosition":[5.62405,242.934,51.9614],"dipPosition":[-16.4484,230.313,-6.20785],"direction":[-0.392547,-0.728416,0.561531],"extended":false,"handId":422,"id":4223,"length":57.1101,"mcpPosition":[13.3003,271.472,4.95413],"pipPosition":[-6.80926,248.199,-19.9965],"stabilizedTipPosition":[-28.8164,195.677,45.7168],"timeVisible":13.7918,"tipPosition":[-18.1378,225.078,3.88253],"tipVelocity":[108.832,277.545,-358.405],"tool":false,"touchDistance":0.333333,"touchZone":"none","type":3,"width":16.0237},{"bases":[[[0.704999,-0.689349,-0.166659],[0.651429,0.536524,0.536452],[-0.280386,-0.486765,0.827311]],[[0.639808,-0.768489,-0.00834442],[0.499019,0.423668,-0.755967],[0.584488,0.47951,0.654557]],[[0.639808,-0.768489,-0.00834442],[-0.431147,-0.349922,-0.831665],[0.636206,0.535704,-0.555215]],[[0.639808,-0.768489,-0.00834442],[-0.701016,-0.579114,-0.416177],[0.314995,0.272123,-0.909245]]],"btipPosition":[-6.686,230.377,7.86432],"carpPosition":[13.0648,233.832,47.3846],"dipPosition":[-1.87323,234.535,-6.02794],"direction":[-0.636206,-0.535704,0.555215],"extended":false,"handId":422,"id":4224,"length":44.7733,"mcpPosition":[27.4762,258.851,4.86185],"pipPosition":[9.15677,243.822,-15.6538],"stabilizedTipPosition":[-17.7167,200.586,47.8231],"timeVisible":13.7918,"tipPosition":[-5.68482,231.254,3.2197],"tipVelocity":[110.513,276.991,-340.853],"tool":false,"touchDistance":0.333333,"touchZone":"none","type":4,"width":14.2335}],"r":[[0.77058,-0.629693,-0.0984602],[0.608622,0.681166,0.406931],[-0.189174,-0.373498,0.908137]],"s":1.11256,"t":[9.16685,114.767,-69.9834],"timestamp":88952593599},false],[1,{"currentFrameRate":52.9031,"devices":[],"gestures":[],"hands":[{"armBasis":[[0.925076,-0.268818,-0.268273],[0.324768,0.926126,0.191878],[0.196874,-0.264628,0.94404]],"armWidth":56.4821,"confidence":0.550586,"direction":[0.0861462,0.664289,-0.742496],"elbow":[47.1909,173.327,275.601],"grabStrength":0,"id":422,"palmNormal":[-0.325358,-0.685647,-0.651176],"palmPosition":[-3.41224,267.844,12.6904],"palmVelocity":[87.4448,266.316,-300.929],"palmWidth":80.6546,"pinchStrength":0.540624,"r":[[0.768077,-0.634514,-0.0863095],[0.606503,0.677588,0.415968],[-0.205455,-0.371842,0.905274]],"s":1.12477,"sphereCenter":[-14.2015,251.081,-24.6673],"sphereRadius":41.1967,"stabilizedPalmPosition":[-14.7346,238.841,51.761],"t":[10.8255,119.839,-75.7006],"timeVisible":13.811,"type":"right","wrist":[0.0728429,236.661,49.6631]}],"id":1426309,"interactionBox":{"center":[0,200,0],"size":[235.247,235.247,147.751]},"pointables":[{"bases":[[[0.68674,0.623102,0.374342],[-0.645956,0.286948,0.707391],[0.33336,-0.727602,0.599555]],[[0.451846,0.890618,0.0513316],[-0.725174,0.333179,0.60259],[0.519575,-0.309502,0.796398]],[[0.451846,0.890618,0.0513316],[-0.87402,0.430433,0.225424],[0.178672,-0.146722,0.972908]],[[0.451846,0.890618,0.0513316],[-0.817618,0.436453,-0.375512],[-0.356841,0.127704,0.925395]]],"btipPosition":[-48.0859,251.084,-34.1896],"carpPosition":[-27.0988,235.605,49.6504],"dipPosition":[-55.4887,253.734,-14.9921],"direction":[-0.178672,0.146722,-0.972908],"extended":false,"handId":422,"id":4220,"length":46.1965,"mcpPosition":[-27.0988,235.605,49.6504],"pipPosition":[-50.0887,249.299,14.4118],"stabilizedTipPosition":[-67.77,220.307,17.7379],"timeVisible":13.811,"tipPosition":[-50.3939,252.975,-29.9533],"tipVelocity":[139.802,249.472,-341.628],"tool":false,"touchDistance":-1,"touchZone":"hovering","type":0,"width":17.9498},{"bases":[[[0.942755,-0.181912,-0.279503],[0.310903,0.782617,0.539305],[0.120637,-0.595331,0.794373]],[[0.948089,-0.215472,-0.233878],[0.285426,0.900855,0.327097],[0.140209,-0.376872,0.915592]],[[0.948089,-0.215472,-0.233878],[0.218911,0.975677,-0.0114765],[0.230662,-0.0403176,0.972198]],[[0.948089,-0.215472,-0.233878],[0.151976,0.953038,-0.261959],[0.279339,0.212817,0.936311]]],"btipPosition":[-36.2894,302.477,-68.9095],"carpPosition":[-13.9104,251.661,52.7714],"dipPosition":[-32.0589,305.7,-54.7292],"direction":[-0.230662,0.0403176,-0.972198],"extended":true,"handId":422,"id":4221,"length":52.1277,"mcpPosition":[-21.7775,290.484,0.967987],"pipPosition":[-27.117,304.837,-33.8999],"stabilizedTipPosition":[-43.3633,285.196,-48.4949],"timeVisible":13.811,"tipPosition":[-35.6592,300.175,-64.9413],"tipVelocity":[174.525,386.754,-341.418],"tool":false,"touchDistance":-1,"touchZone":"hovering","type":1,"width":17.1457},{"bases":[[[0.883478,-0.391405,-0.257426],[0.468384,0.727335,0.501598],[-0.00909283,-0.563725,0.825913]],[[0.883424,-0.376963,-0.278318],[0.0841975,0.712006,-0.697107],[0.460947,0.592408,0.660742]],[[0.883424,-0.376963,-0.278318],[-0.416769,-0.360657,-0.834404],[0.214162,0.853127,-0.47572]],[[0.883424,-0.376963,-0.278318],[-0.466629,-0.76182,-0.449319],[-0.0426516,0.52681,-0.848912]]],"btipPosition":[-27.1447,230.461,-3.02318],"carpPosition":[-3.32509,251.189,50.1525],"dipPosition":[-27.8551,239.236,-17.1639],"direction":[-0.214162,-0.853127,0.47572],"extended":false,"handId":422,"id":4222,"length":59.3953,"mcpPosition":[-2.76276,286.051,-0.924561],"pipPosition":[-22.4569,260.74,-29.155],"stabilizedTipPosition":[-38.5562,204.294,31.4722],"timeVisible":13.811,"tipPosition":[-27.7613,232.62,-7.73882],"tipVelocity":[112.559,262.525,-325.533],"tool":false,"touchDistance":0.333333,"touchZone":"none","type":2,"width":16.8393},{"bases":[[[0.834671,-0.523804,-0.170155],[0.529779,0.679171,0.507997],[-0.150526,-0.514155,0.844385]],[[0.826405,-0.548084,-0.129073],[0.274247,0.591986,-0.757853],[0.491777,0.590895,0.63953]],[[0.826405,-0.548084,-0.129073],[-0.397955,-0.406338,-0.822509],[0.398356,0.731091,-0.553912]],[[0.826405,-0.548084,-0.129073],[-0.548328,-0.731208,-0.405798],[0.128031,0.406127,-0.904803]]],"btipPosition":[-16.392,228.406,3.53668],"carpPosition":[6.62888,247.938,47.1627],"dipPosition":[-14.2716,235.132,-11.4484],"direction":[-0.398356,-0.731091,0.553912],"extended":false,"handId":422,"id":4223,"length":57.1101,"mcpPosition":[14.9868,276.486,0.278335],"pipPosition":[-4.48977,253.084,-25.0499],"stabilizedTipPosition":[-26.9484,200.636,39.1158],"timeVisible":13.811,"tipPosition":[-16.1081,229.888,-1.31659],"tipVelocity":[106.413,264.28,-316.795],"tool":false,"touchDistance":0.333333,"touchZone":"none","type":3,"width":16.0237},{"bases":[[[0.712554,-0.684762,-0.152865],[0.637758,0.541322,0.547937],[-0.292458,-0.487926,0.822434]],[[0.645086,-0.7641,0.00404417],[0.509977,0.426591,-0.746956],[0.569024,0.483913,0.664861]],[[0.645086,-0.7641,0.00404417],[-0.413302,-0.353369,-0.839233],[0.642687,0.539706,-0.543757]],[[0.645086,-0.7641,0.00404417],[-0.689276,-0.584185,-0.428517],[0.329792,0.273643,-0.903525]]],"btipPosition":[-4.77019,235.256,2.85513],"carpPosition":[14.2139,238.882,42.7337],"dipPosition":[0.268669,239.437,-10.9497],"direction":[-0.642686,-0.539706,0.543757],"extended":false,"handId":422,"id":4224,"length":44.7733,"mcpPosition":[29.2458,263.961,0.461665],"pipPosition":[11.411,248.794,-20.3769],"stabilizedTipPosition":[-15.5548,206.047,40.4442],"timeVisible":13.811,"tipPosition":[-3.69047,236.14,-1.75313],"tipVelocity":[106.558,265.841,-300.755],"tool":false,"touchDistance":0.333333,"touchZone":"none","type":4,"width":14.2335}],"r":[[0.768077,-0.634514,-0.0863095],[0.606503,0.677588,0.415968],[-0.205455,-0.371842,0.905274]],"s":1.12477,"t":[10.8255,119.839,-75.7006],"timestamp":88952612791},false],[2,{"currentFrameRate":52.9471,"devices":[],"gestures":[],"hands":[{"armBasis":[[0.925385,-0.281281,-0.254053],[0.333285,0.923073,0.191985],[0.180507,-0.262332,0.947945]],"armWidth":56.4821,"confidence":0.512158,"direction":[0.100017,0.667228,-0.738108],"elbow":[43.8095,177.301,271.717],"grabStrength":0,"id":422,"palmNormal":[-0.327892,-0.678287,-0.657582],"palmPosition":[-2.20715,271.505,8.01597],"palmVelocity":[76.1904,231.803,-275.916],"palmWidth":80.6546,"pinchStrength":0.546269,"r":[[0.764564,-0.640046,-0.0760501],[0.605552,0.672872,0.424911],[-0.220791,-0.370924,0.902035]],"s":1.13621,"sphereCenter":[-13.7311,255.827,-29.2667],"sphereRadius":41.1779,"stabilizedPalmPosition":[-12.8035,243.876,45.0178],"t":[12.2574,124.205,-80.8964],"timeVisible":13.8298,"type":"right","wrist":[0.608473,240.085,44.8446]}],"id":1426310,"interactionBox":{"center":[0,200,0],"size":[235.247,235.247,147.751]},"pointables":[{"bases":[[[0.690807,0.613022,0.383393],[-0.648423,0.290651,0.703612],[0.319896,-0.73466,0.598281]],[[0.461638,0.885049,0.0598288],[-0.724489,0.337253,0.601146],[0.511866,-0.320857,0.796896]],[[0.461638,0.885049,0.0598288],[-0.871665,0.440075,0.215718],[0.164592,-0.151734,0.974621]],[[0.461638,0.885049,0.0598288],[-0.806146,0.446714,-0.38804],[-0.370161,0.130903,0.919698]]],"btipPosition":[-46.5167,255.413,-39.1932],"carpPosition":[-26.5726,239.346,44.6025],"dipPosition":[-54.1958,258.129,-20.1139],"direction":[-0.164592,0.151734,-0.974621],"extended":false,"handId":422,"id":4220,"length":46.1965,"mcpPosition":[-26.5726,239.346,44.6025],"pipPosition":[-49.2214,253.543,9.34181],"stabilizedTipPosition":[-65.1648,225.084,10.7134],"timeVisible":13.8298,"tipPosition":[-48.8837,257.276,-35.0069],"tipVelocity":[110.856,240.93,-306.056],"tool":false,"touchDistance":-1,"touchZone":"hovering","type":0,"width":17.9498},{"bases":[[[0.942863,-0.191391,-0.272726],[0.315493,0.77602,0.546129],[0.107116,-0.600968,0.792063]],[[0.947145,-0.222255,-0.231343],[0.294304,0.888981,0.350854],[0.127681,-0.400395,0.907404]],[[0.947145,-0.222255,-0.231343],[0.236877,0.970831,0.0371076],[0.216348,-0.0899461,0.972164]],[[0.947145,-0.222255,-0.231343],[0.177381,0.963686,-0.199611],[0.267307,0.148024,0.952174]]],"btipPosition":[-33.7561,309.354,-73.5381],"carpPosition":[-13.2248,255.23,47.9199],"dipPosition":[-29.7077,311.596,-59.1175],"direction":[-0.216348,0.0899461,-0.972164],"extended":true,"handId":422,"id":4221,"length":52.1277,"mcpPosition":[-20.2101,294.421,-3.7329],"pipPosition":[-25.0725,309.669,-38.289],"stabilizedTipPosition":[-39.4799,294.288,-56.5011],"timeVisible":13.8298,"tipPosition":[-33.1881,306.828,-69.692],"tipVelocity":[154.308,371.355,-294.046],"tool":false,"touchDistance":-1,"touchZone":"hovering","type":1,"width":17.1457},{"bases":[[[0.880975,-0.400294,-0.252286],[0.472628,0.719109,0.509416],[-0.0224948,-0.56802,0.822707]],[[0.881262,-0.385761,-0.273067],[0.0984281,0.714892,-0.692272],[0.462266,0.583195,0.667977]],[[0.881262,-0.385761,-0.273067],[-0.413942,-0.351135,-0.839855],[0.2281,0.853166,-0.469125]],[[0.881262,-0.385761,-0.273067],[-0.471707,-0.753953,-0.457217],[-0.0295033,0.531736,-0.846396]]],"btipPosition":[-26.2418,234.497,-8.10899],"carpPosition":[-2.62433,254.648,45.3857],"dipPosition":[-26.7332,243.354,-22.2078],"direction":[-0.2281,-0.853166,0.469125],"extended":false,"handId":422,"id":4222,"length":59.3953,"mcpPosition":[-1.23318,289.777,-5.49313],"pipPosition":[-20.9837,264.859,-34.0327],"stabilizedTipPosition":[-36.7593,209.042,25.1657],"timeVisible":13.8298,"tipPosition":[-26.7861,236.682,-12.7868],"tipVelocity":[82.5155,240.102,-298.985],"tool":false,"touchDistance":0.333333,"touchZone":"none","type":2,"width":16.8393},{"bases":[[[0.82991,-0.532583,-0.166148],[0.533404,0.670198,0.516056],[-0.163491,-0.516904,0.840286]],[[0.821027,-0.55697,-0.125295],[0.287337,0.592808,-0.75234],[0.493307,0.58169,0.64675]],[[0.821027,-0.55697,-0.125295],[-0.395841,-0.397254,-0.827949],[0.411369,0.729365,-0.546628]],[[0.821027,-0.55697,-0.125295],[-0.553412,-0.722597,-0.414232],[0.140177,0.409436,-0.901506]]],"btipPosition":[-15.5666,232.27,-1.45769],"carpPosition":[7.31564,251.298,42.4601],"dipPosition":[-13.2451,239.051,-16.3882],"direction":[-0.411369,-0.729365,0.546628],"extended":false,"handId":422,"id":4223,"length":57.1101,"mcpPosition":[16.3934,279.999,-4.19662],"pipPosition":[-3.14375,256.961,-29.8108],"stabilizedTipPosition":[-25.2197,205.452,32.7313],"timeVisible":13.8298,"tipPosition":[-15.2247,233.776,-6.29198],"tipVelocity":[77.2397,236.385,-292.049],"tool":false,"touchDistance":0.333333,"touchZone":"none","type":3,"width":16.0237},{"bases":[[[0.705791,-0.692195,-0.150745],[0.639439,0.530886,0.556128],[-0.304921,-0.488903,0.817311]],[[0.63623,-0.771484,0.00492676],[0.520879,0.424832,-0.740407],[0.569119,0.473635,0.672141]],[[0.63623,-0.771484,0.00492676],[-0.410459,-0.343892,-0.844548],[0.653249,0.535304,-0.535457]],[[0.63623,-0.771484,0.00492676],[-0.692437,-0.573834,-0.437317],[0.34021,0.274823,-0.899294]]],"btipPosition":[-3.85741,238.982,-2.00784],"carpPosition":[14.8313,242.178,38.0442],"dipPosition":[1.34062,243.181,-15.7481],"direction":[-0.65325,-0.535304,0.535457],"extended":false,"handId":422,"id":4224,"length":44.7733,"mcpPosition":[30.5039,267.307,-3.96458],"pipPosition":[12.6661,252.462,-25.0314],"stabilizedTipPosition":[-13.5525,211.312,33.3606],"timeVisible":13.8298,"tipPosition":[-2.73084,239.882,-6.58602],"tipVelocity":[79.3374,233.374,-280.346],"tool":false,"touchDistance":0.333333,"touchZone":"none","type":4,"width":14.2335}],"r":[[0.764564,-0.640046,-0.0760501],[0.605552,0.672872,0.424911],[-0.220791,-0.370924,0.902035]],"s":1.13621,"t":[12.2574,124.205,-80.8964],"timestamp":88952631519},false],[3,{"currentFrameRate":52.9974,"devices":[],"gestures":[],"hands":[{"armBasis":[[0.921287,-0.288174,-0.261125],[0.342223,0.9197,0.192445],[0.184699,-0.26666,0.945927]],"armWidth":56.4821,"confidence":0.520965,"direction":[0.109525,0.664917,-0.738844],"elbow":[45.3899,179.559,268.767],"grabStrength":0,"id":422,"palmNormal":[-0.332595,-0.675954,-0.657623],"palmPosition":[-1.1744,274.764,5.48735],"palmVelocity":[66.0084,203.875,-207.506],"palmWidth":80.6546,"pinchStrength":0.549054,"r":[[0.760328,-0.646061,-0.0671364],[0.605762,0.667983,0.432263],[-0.234422,-0.36933,0.899245]],"s":1.14687,"sphereCenter":[-13.5292,259.899,-31.5731],"sphereRadius":41.1706,"stabilizedPalmPosition":[-10.7426,249.35,38.0122],"t":[13.4897,128.018,-84.7587],"timeVisible":13.8484,"type":"right","wrist":[1.18576,243.379,42.3772]}],"id":1426311,"interactionBox":{"center":[0,200,0],"size":[235.247,235.247,147.751]},"pointables":[{"bases":[[[0.695774,0.606472,0.384825],[-0.647844,0.298535,0.700839],[0.310155,-0.736932,0.600612]],[[0.470729,0.880223,0.0601872],[-0.721968,0.345089,0.59973],[0.507126,-0.325763,0.797936]],[[0.470729,0.880223,0.0601872],[-0.868156,0.449959,0.209383],[0.157222,-0.150815,0.97598]],[[0.470729,0.880223,0.0601872],[-0.799,0.454236,-0.394041],[-0.374183,0.137397,0.91712]]],"btipPosition":[-45.4287,259.042,-41.789],"carpPosition":[-26.0005,242.92,42.0403],"dipPosition":[-53.1912,261.893,-22.7632],"direction":[-0.157222,0.150815,-0.97598],"extended":false,"handId":422,"id":4220,"length":46.1965,"mcpPosition":[-26.0005,242.92,42.0403],"pipPosition":[-48.4395,257.335,6.73359],"stabilizedTipPosition":[-62.2807,230.645,2.981],"timeVisible":13.8484,"tipPosition":[-47.793,260.892,-37.6309],"tipVelocity":[84.7473,219.006,-225.051],"tool":false,"touchDistance":-0.991279,"touchZone":"hovering","type":0,"width":17.9498},{"bases":[[[0.94178,-0.20161,-0.269079],[0.321601,0.773623,0.545966],[0.0980934,-0.600716,0.793421]],[[0.945317,-0.229262,-0.231979],[0.303247,0.879666,0.366372],[0.120069,-0.416684,0.901087]],[[0.945317,-0.229262,-0.231979],[0.252726,0.964496,0.0766616],[0.206167,-0.131097,0.969695]],[[0.945317,-0.229262,-0.231979],[0.199391,0.969099,-0.145228],[0.258106,0.0910318,0.961818]]],"btipPosition":[-31.796,315.144,-76.0204],"carpPosition":[-12.5004,258.671,45.3787],"dipPosition":[-27.887,316.523,-61.4538],"direction":[-0.206167,0.131097,-0.969695],"extended":true,"handId":422,"id":4221,"length":52.1277,"mcpPosition":[-18.8974,297.846,-6.36262],"pipPosition":[-23.4699,313.714,-40.6781],"stabilizedTipPosition":[-35.7906,303.389,-63.4511],"timeVisible":13.8484,"tipPosition":[-31.2711,312.43,-72.2868],"tipVelocity":[129.429,336.248,-214.736],"tool":false,"touchDistance":-1,"touchZone":"hovering","type":1,"width":17.1457},{"bases":[[[0.877658,-0.409825,-0.248516],[0.478266,0.715025,0.509902],[-0.031276,-0.566376,0.823553]],[[0.878168,-0.39536,-0.269279],[0.10872,0.713161,-0.692518],[0.465833,0.578871,0.669259]],[[0.878168,-0.39536,-0.269279],[-0.414442,-0.347733,-0.841023],[0.23887,0.85016,-0.469221]],[[0.878168,-0.39536,-0.269279],[-0.477892,-0.749781,-0.457654],[-0.0209626,0.530583,-0.847374]]],"btipPosition":[-25.5383,238.002,-10.7001],"carpPosition":[-1.89774,257.975,42.8829],"dipPosition":[-25.8875,246.84,-24.8152],"direction":[-0.23887,-0.85016,0.469221],"extended":false,"handId":422,"id":4222,"length":59.3953,"mcpPosition":[0.0364672,293.002,-8.04818],"pipPosition":[-19.8664,268.27,-36.6425],"stabilizedTipPosition":[-34.8814,214.266,18.5727],"timeVisible":13.8484,"tipPosition":[-26.0291,240.171,-15.3253],"tipVelocity":[61.5367,214.425,-221.076],"tool":false,"touchDistance":0.333333,"touchZone":"none","type":2,"width":16.8393},{"bases":[[[0.824922,-0.541433,-0.162341],[0.538508,0.665499,0.516837],[-0.171795,-0.513772,0.84055]],[[0.81572,-0.565481,-0.121788],[0.299009,0.592439,-0.748071],[0.495172,0.573801,0.652348]],[[0.81572,-0.565481,-0.121788],[-0.394125,-0.389223,-0.832569],[0.4234,0.727142,-0.540367]],[[0.81572,-0.565481,-0.121788],[-0.558683,-0.715622,-0.419236],[0.149917,0.41002,-0.899671]]],"btipPosition":[-14.9346,235.673,-4.34027],"carpPosition":[8.01718,254.517,39.998],"dipPosition":[-12.4517,242.464,-19.2404],"direction":[-0.4234,-0.727142,0.540367],"extended":false,"handId":422,"id":4223,"length":57.1101,"mcpPosition":[17.5561,283.044,-6.67337],"pipPosition":[-2.05498,260.319,-32.5093],"stabilizedTipPosition":[-23.4622,210.597,26.1752],"timeVisible":13.8484,"tipPosition":[-14.5258,237.177,-8.91376],"tipVelocity":[57.081,210.025,-224.823],"tool":false,"touchDistance":0.333333,"touchZone":"none","type":3,"width":16.0237},{"bases":[[[0.699101,-0.699725,-0.147115],[0.64295,0.525162,0.557512],[-0.312846,-0.484345,0.81703]],[[0.628477,-0.777789,0.00786632],[0.527083,0.418419,-0.739668],[0.572014,0.46901,0.672926]],[[0.628477,-0.777789,0.00786632],[-0.411476,-0.341033,-0.845212],[0.660079,0.527959,-0.534373]],[[0.628477,-0.777789,0.00786632],[-0.69688,-0.567535,-0.438477],[0.345507,0.27009,-0.898708]]],"btipPosition":[-3.11811,242.227,-4.46627],"carpPosition":[15.4534,245.313,35.6236],"dipPosition":[2.16085,246.354,-18.1975],"direction":[-0.660079,-0.527959,0.534373],"extended":false,"handId":422,"id":4224,"length":44.7733,"mcpPosition":[31.5333,270.207,-6.37067],"pipPosition":[13.6047,255.507,-27.462],"stabilizedTipPosition":[-11.4901,216.954,26.1042],"timeVisible":13.8484,"tipPosition":[-1.96931,243.116,-9.01799],"tipVelocity":[60.4694,203.877,-207.9],"tool":false,"touchDistance":0.333333,"touchZone":"none","type":4,"width":14.2335}],"r":[[0.760328,-0.646061,-0.0671364],[0.605762,0.667983,0.432263],[-0.234422,-0.36933,0.899245]],"s":1.14687,"t":[13.4897,128.018,-84.7587],"timestamp":88952650207},false],[4,{"currentFrameRate":52.9642,"devices":[],"gestures":[],"hands":[{"armBasis":[[0.920572,-0.29316,-0.258078],[0.347473,0.916459,0.198408],[0.178353,-0.272324,0.945531]],"armWidth":56.4821,"confidence":0.374516,"direction":[0.123249,0.66828,-0.733629],"elbow":[43.9509,182.458,264.97],"grabStrength":0,"id":422,"palmNormal":[-0.330858,-0.669297,-0.665263],"palmPosition":[-0.42372,279.252,1.94771],"palmVelocity":[52.9655,219.794,-197.067],"palmWidth":80.6546,"pinchStrength":0.549891,"r":[[0.755879,-0.652035,-0.0591293],[0.605965,0.662546,0.440273],[-0.247897,-0.368623,0.895915]],"s":1.15722,"sphereCenter":[-13.327,265.538,-35.0478],"sphereRadius":41.1741,"stabilizedPalmPosition":[-8.53007,255.761,30.2794],"t":[14.4812,132.168,-88.4596],"timeVisible":13.8674,"type":"right","wrist":[1.26551,247.633,38.6746]}],"id":1426312,"interactionBox":{"center":[0,200,0],"size":[235.247,235.247,147.751]},"pointables":[{"bases":[[[0.69646,0.598374,0.396096],[-0.653099,0.299845,0.695381],[0.297331,-0.742995,0.599628]],[[0.477401,0.875835,0.0707169],[-0.72512,0.347235,0.594667],[0.496275,-0.335173,0.800856]],[[0.477401,0.875835,0.0707169],[-0.866836,0.456263,0.201045],[0.143817,-0.157279,0.977026]],[[0.477401,0.875835,0.0707169],[-0.790428,0.463211,-0.400823],[-0.383811,0.135457,0.913422]]],"btipPosition":[-44.2614,264.178,-45.8794],"carpPosition":[-25.9182,247.404,38.034],"dipPosition":[-52.2236,266.988,-26.9303],"direction":[-0.143817,0.157279,-0.977026],"extended":false,"handId":422,"id":4220,"length":46.1965,"mcpPosition":[-25.9182,247.404,38.034],"pipPosition":[-47.8771,262.235,2.59809],"stabilizedTipPosition":[-59.0376,237.493,-5.93441],"timeVisible":13.8674,"tipPosition":[-46.6493,265.992,-41.7425],"tipVelocity":[72.0839,244.02,-220.701],"tool":false,"touchDistance":-0.982106,"touchZone":"hovering","type":0,"width":17.9498},{"bases":[[[0.943009,-0.207904,-0.259825],[0.321918,0.767706,0.554073],[0.0842753,-0.606139,0.790882]],[[0.945682,-0.232712,-0.227006],[0.307361,0.867492,0.391135],[0.105904,-0.439661,0.891898]],[[0.945682,-0.232712,-0.227006],[0.265147,0.956151,0.124391],[0.188105,-0.177824,0.965917]],[[0.945682,-0.232712,-0.227006],[0.219244,0.972116,-0.083202],[0.240038,0.0289128,0.970333]]],"btipPosition":[-29.5202,322.665,-79.3165],"carpPosition":[-12.3258,263.022,41.6151],"dipPosition":[-25.8849,323.103,-64.6209],"direction":[-0.188105,0.177824,-0.965917],"extended":true,"handId":422,"id":4221,"length":52.1277,"mcpPosition":[-17.8217,302.55,-9.96065],"pipPosition":[-21.8547,319.293,-43.9262],"stabilizedTipPosition":[-32.1627,313.281,-69.825],"timeVisible":13.8674,"tipPosition":[-29.0748,319.747,-75.7216],"tipVelocity":[123.047,359.982,-193.66],"tool":false,"touchDistance":-1,"touchZone":"hovering","type":1,"width":17.1457},{"bases":[[[0.876936,-0.415693,-0.241209],[0.478483,0.708011,0.519399],[-0.0451318,-0.570894,0.819782]],[[0.877798,-0.401117,-0.261871],[0.122433,0.716371,-0.686894],[0.463122,0.570892,0.677938]],[[0.877798,-0.401117,-0.261871],[-0.407924,-0.339323,-0.847619],[0.251136,0.850861,-0.461482]],[[0.877798,-0.401117,-0.261871],[-0.478977,-0.743186,-0.467178],[-0.0072254,0.535518,-0.844493]]],"btipPosition":[-24.908,242.799,-14.731],"carpPosition":[-1.70219,262.252,39.2327],"dipPosition":[-25.0284,251.719,-28.7981],"direction":[-0.251136,-0.850861,0.461482],"extended":false,"handId":422,"id":4222,"length":59.3953,"mcpPosition":[1.0889,297.558,-11.4652],"pipPosition":[-18.6981,273.166,-40.4303],"stabilizedTipPosition":[-32.8767,220.431,11.2076],"timeVisible":13.8674,"tipPosition":[-25.3246,244.994,-19.3264],"tipVelocity":[48.9387,233.645,-216.397],"tool":false,"touchDistance":0.333333,"touchZone":"none","type":2,"width":16.8393},{"bases":[[[0.822155,-0.547356,-0.156406],[0.53823,0.657942,0.526707],[-0.18539,-0.517217,0.835534]],[[0.812346,-0.571468,-0.116263],[0.312535,0.594927,-0.740529],[0.492357,0.56523,0.661891]],[[0.812346,-0.571468,-0.116263],[-0.387637,-0.380183,-0.839761],[0.435696,0.727245,-0.530362]],[[0.812346,-0.571468,-0.116263],[-0.55979,-0.708228,-0.430172],[0.163489,0.414531,-0.895229]]],"btipPosition":[-14.397,240.337,-8.31963],"carpPosition":[8.21516,258.728,36.4373],"dipPosition":[-11.6893,247.203,-23.1462],"direction":[-0.435696,-0.727245,0.530362],"extended":false,"handId":422,"id":4223,"length":57.1101,"mcpPosition":[18.5089,287.446,-9.95554],"pipPosition":[-0.99066,265.061,-36.1694],"stabilizedTipPosition":[-21.6035,216.606,18.9028],"timeVisible":13.8674,"tipPosition":[-13.9187,241.868,-12.8112],"tipVelocity":[44.2513,227.925,-216.813],"tool":false,"touchDistance":0.333333,"touchZone":"none","type":3,"width":16.0237},{"bases":[[[0.694864,-0.704676,-0.143514],[0.641046,0.516502,0.567702],[-0.325921,-0.486474,0.810628]],[[0.622022,-0.782937,0.00994213],[0.538538,0.418567,-0.731285],[0.568389,0.460229,0.681999]],[[0.622022,-0.782937,0.00994213],[-0.404848,-0.332457,-0.851804],[0.670214,0.525816,-0.523766]],[[0.622022,-0.782937,0.00994213],[-0.696595,-0.559134,-0.449582],[0.357553,0.272724,-0.893184]]],"btipPosition":[-2.52266,246.783,-8.22255],"carpPosition":[15.6229,249.487,32.091],"dipPosition":[2.94036,250.95,-21.8694],"direction":[-0.670214,-0.525816,0.523766],"extended":false,"handId":422,"id":4224,"length":44.7733,"mcpPosition":[32.3749,274.491,-9.57425],"pipPosition":[14.56,260.067,-30.95],"stabilizedTipPosition":[-9.33205,223.452,18.196],"timeVisible":13.8674,"tipPosition":[-1.31717,247.694,-12.7366],"tipVelocity":[47.228,221.798,-202.376],"tool":false,"touchDistance":0.333333,"touchZone":"none","type":4,"width":14.2335}],"r":[[0.755879,-0.652035,-0.0591293],[0.605965,0.662546,0.440273],[-0.247897,-0.368623,0.895915]],"s":1.15722,"t":[14.4812,132.168,-88.4596],"timestamp":88952669207},false],[5,{"currentFrameRate":53.0147,"devices":[],"gestures":[],"hands":[{"armBasis":[[0.922218,-0.287878,-0.258149],[0.342879,0.917445,0.201811],[0.178741,-0.274628,0.944792]],"armWidth":56.4821,"confidence":0.397801,"direction":[0.126644,0.671191,-0.730386],"elbow":[44.3916,185.535,261.288],"grabStrength":0,"id":422,"palmNormal":[-0.323666,-0.668054,-0.670033],"palmPosition":[0.100391,283.001,-1.46013],"palmVelocity":[40.8495,210.5,-189.944],"palmWidth":80.6546,"pinchStrength":0.554393,"r":[[0.752721,-0.656277,-0.0520731],[0.604925,0.658272,0.448044],[-0.259763,-0.368753,0.892494]],"s":1.16695,"sphereCenter":[-13.3055,270.212,-38.3094],"sphereRadius":41.1895,"stabilizedPalmPosition":[-6.47868,262.236,22.7352],"t":[15.239,136.118,-92.014],"timeVisible":13.8861,"type":"right","wrist":[1.61347,251.262,35.1702]}],"id":1426313,"interactionBox":{"center":[0,200,0],"size":[235.247,235.247,147.751]},"pointables":[{"bases":[[[0.691519,0.599224,0.403401],[-0.659298,0.295367,0.691437],[0.295174,-0.744103,0.599319]],[[0.474412,0.876859,0.0777857],[-0.729326,0.342028,0.592537],[0.492967,-0.337838,0.801778]],[[0.474412,0.876859,0.0777857],[-0.869932,0.453465,0.193876],[0.134729,-0.159646,0.977937]],[[0.474412,0.876859,0.0777857],[-0.787807,0.462332,-0.406952],[-0.392802,0.131783,0.910132]]],"btipPosition":[-43.2994,267.988,-49.5905],"carpPosition":[-25.5637,250.948,34.323],"dipPosition":[-51.4482,270.722,-30.7096],"direction":[-0.134729,0.159646,-0.977937],"extended":false,"handId":422,"id":4220,"length":46.1965,"mcpPosition":[-25.5637,250.948,34.323],"pipPosition":[-47.3763,265.897,-1.15371],"stabilizedTipPosition":[-55.9484,244.428,-14.6943],"timeVisible":13.8861,"tipPosition":[-45.7141,269.72,-45.4868],"tipVelocity":[60.9529,224.063,-210.387],"tool":false,"touchDistance":-0.96813,"touchZone":"hovering","type":0,"width":17.9498},{"bases":[[[0.94561,-0.204002,-0.253387],[0.315251,0.766816,0.559116],[0.0802402,-0.608586,0.789421]],[[0.947942,-0.226519,-0.223819],[0.30275,0.858994,0.412882],[0.0987336,-0.45915,0.882855]],[[0.947942,-0.226519,-0.223819],[0.266212,0.949403,0.166631],[0.174749,-0.21754,0.960281]],[[0.947942,-0.226519,-0.223819],[0.226142,0.973701,-0.0276674],[0.2242,-0.0243879,0.974238]]],"btipPosition":[-28.1813,328.8,-82.37],"carpPosition":[-12.0491,266.597,38.0603],"dipPosition":[-24.7858,328.431,-67.6153],"direction":[-0.174749,0.21754,-0.960281],"extended":true,"handId":422,"id":4221,"length":52.1277,"mcpPosition":[-17.2818,306.284,-13.4202],"pipPosition":[-21.0418,323.77,-47.0414],"stabilizedTipPosition":[-29.4688,322.012,-75.0016],"timeVisible":13.8861,"tipPosition":[-27.7952,325.711,-78.9122],"tipVelocity":[96.6233,339.781,-178.615],"tool":false,"touchDistance":-1,"touchZone":"hovering","type":1,"width":17.1457},{"bases":[[[0.880066,-0.412063,-0.235982],[0.472264,0.70774,0.525424],[-0.0494942,-0.573854,0.817461]],[[0.881038,-0.397396,-0.256611],[0.126567,0.720719,-0.681576],[0.4558,0.568015,0.685278]],[[0.881038,-0.397396,-0.256611],[-0.3998,-0.335584,-0.852961],[0.252848,0.854084,-0.454541]],[[0.881038,-0.397396,-0.256611],[-0.473042,-0.742497,-0.474268],[-0.00206103,0.539236,-0.842152]]],"btipPosition":[-24.1577,246.579,-18.5918],"carpPosition":[-1.40532,265.869,35.7558],"dipPosition":[-24.192,255.561,-32.6199],"direction":[-0.252848,-0.854084,0.454541],"extended":false,"handId":422,"id":4222,"length":59.3953,"mcpPosition":[1.65556,301.358,-14.7985],"pipPosition":[-17.8187,277.089,-44.0773],"stabilizedTipPosition":[-30.9786,226.579,4.01159],"timeVisible":13.8861,"tipPosition":[-24.5173,248.763,-23.0516],"tipVelocity":[45.1858,218.781,-211.434],"tool":false,"touchDistance":0.333333,"touchZone":"none","type":2,"width":16.8393},{"bases":[[[0.825068,-0.544191,-0.152046],[0.532116,0.657837,0.533013],[-0.190039,-0.520678,0.832334]],[[0.815088,-0.568356,-0.112259],[0.316949,0.599676,-0.734801],[0.484948,0.563347,0.668929]],[[0.815088,-0.568356,-0.112259],[-0.379176,-0.376861,-0.845105],[0.438015,0.731401,-0.522682]],[[0.815088,-0.568356,-0.112259],[-0.553988,-0.707962,-0.438048],[0.169492,0.419238,-0.891915]]],"btipPosition":[-13.6728,244.082,-12.0779],"carpPosition":[8.54415,262.386,33.0236],"dipPosition":[-10.8657,251.026,-26.8496],"direction":[-0.438015,-0.731401,0.522682],"extended":false,"handId":422,"id":4223,"length":57.1101,"mcpPosition":[19.096,291.296,-13.1916],"pipPosition":[-0.11007,268.985,-39.6842],"stabilizedTipPosition":[-19.8116,222.68,11.7199],"timeVisible":13.8861,"tipPosition":[-13.1562,245.633,-16.4646],"tipVelocity":[42.18,215.034,-208.882],"tool":false,"touchDistance":0.333333,"touchZone":"none","type":3,"width":16.0237},{"bases":[[[0.69819,-0.70196,-0.140656],[0.635072,0.516585,0.574302],[-0.330476,-0.490298,0.806469]],[[0.624581,-0.780872,0.0117238],[0.542522,0.42304,-0.725746],[0.561755,0.459647,0.687863]],[[0.624581,-0.780872,0.0117238],[-0.397308,-0.33064,-0.856051],[0.672343,0.530015,-0.516758]],[[0.624581,-0.780872,0.0117238],[-0.691327,-0.559817,-0.456806],[0.36327,0.277207,-0.889489]]],"btipPosition":[-1.81357,250.554,-11.7596],"carpPosition":[16.0142,253.184,28.7019],"dipPosition":[3.7368,254.789,-25.3501],"direction":[-0.672343,-0.530015,0.516758],"extended":false,"handId":422,"id":4224,"length":44.7733,"mcpPosition":[33.0003,278.385,-12.7496],"pipPosition":[15.3933,263.978,-34.3092],"stabilizedTipPosition":[-7.28889,229.975,10.5109],"timeVisible":13.8861,"tipPosition":[-0.578171,251.487,-16.243],"tipVelocity":[43.2423,212.492,-195.698],"tool":false,"touchDistance":0.333333,"touchZone":"none","type":4,"width":14.2335}],"r":[[0.752721,-0.656277,-0.0520731],[0.604925,0.658272,0.448044],[-0.259763,-0.368753,0.892494]],"s":1.16695,"t":[15.239,136.118,-92.014],"timestamp":88952687888},false],[6,{"currentFrameRate":53.0584,"devices":[],"gestures":[],"hands":[{"armBasis":[[0.918748,-0.305322,-0.25036],[0.358595,0.910611,0.205419],[0.165261,-0.278506,0.946109]],"armWidth":56.4821,"confidence":0.408682,"direction":[0.131397,0.659461,-0.740166],"elbow":[41.343,188.508,258.842],"grabStrength":0,"id":422,"palmNormal":[-0.337889,-0.672138,-0.658834],"palmPosition":[0.489238,286.43,-4.63406],"palmVelocity":[31.0967,197.343,-180.152],"palmWidth":80.6546,"pinchStrength":0.560377,"r":[[0.748113,-0.661996,-0.0456948],[0.60655,0.654277,0.451685],[-0.269116,-0.365628,0.891007]],"s":1.17601,"sphereCenter":[-14.3063,274.335,-40.8652],"sphereRadius":41.199,"stabilizedPalmPosition":[-4.68593,268.461,15.6935],"t":[15.8123,139.808,-95.3781],"timeVisible":13.9048,"type":"right","wrist":[1.79084,255.163,32.4089]}],"id":1426314,"interactionBox":{"center":[0,200,0],"size":[235.247,235.247,147.751]},"pointables":[{"bases":[[[0.702878,0.594388,0.390723],[-0.650214,0.314169,0.691751],[0.288416,-0.74027,0.607303]],[[0.488078,0.870493,0.0634226],[-0.718927,0.359764,0.594738],[0.494898,-0.335875,0.801414]],[[0.488078,0.870493,0.0634226],[-0.862213,0.469599,0.189909],[0.135531,-0.147374,0.979751]],[[0.488078,0.870493,0.0634226],[-0.781695,0.468299,-0.411885],[-0.388244,0.151455,0.909026]]],"btipPosition":[-43.3331,271.41,-52.1834],"carpPosition":[-25.3932,255.236,31.7458],"dipPosition":[-51.3873,274.552,-33.3255],"direction":[-0.135531,0.147374,-0.979751],"extended":false,"handId":422,"id":4220,"length":46.1965,"mcpPosition":[-25.3932,255.236,31.7458],"pipPosition":[-47.2912,270.098,-3.71473],"stabilizedTipPosition":[-53.2034,251.494,-23.1496],"timeVisible":13.9048,"tipPosition":[-45.722,273.18,-48.1098],"tipVelocity":[30.9839,206.567,-175.66],"tool":false,"touchDistance":-0.938623,"touchZone":"hovering","type":0,"width":17.9498},{"bases":[[[0.9408,-0.221159,-0.256873],[0.330153,0.769523,0.546657],[0.0767719,-0.599102,0.796984]],[[0.942772,-0.240183,-0.231284],[0.319085,0.851184,0.416738],[0.0967719,-0.466688,0.879112]],[[0.942772,-0.240183,-0.231284],[0.285764,0.939422,0.189278],[0.171812,-0.244538,0.954296]],[[0.942772,-0.240183,-0.231284],[0.248785,0.968523,0.00832088],[0.222005,-0.0653846,0.972851]]],"btipPosition":[-27.3627,333.805,-85.4489],"carpPosition":[-11.6276,270.734,35.1828],"dipPosition":[-24.0005,332.815,-70.7152],"direction":[-0.171812,0.244538,-0.954296],"extended":true,"handId":422,"id":4221,"length":52.1277,"mcpPosition":[-16.6341,309.803,-16.7908],"pipPosition":[-20.3194,327.576,-50.2694],"stabilizedTipPosition":[-27.7373,328.966,-79.2461],"timeVisible":13.9048,"tipPosition":[-27.0188,330.584,-82.0949],"tipVelocity":[70.7203,301.035,-171.986],"tool":false,"touchDistance":-1,"touchZone":"hovering","type":1,"width":17.1457},{"bases":[[[0.872363,-0.427989,-0.236239],[0.486059,0.707715,0.512724],[-0.0522506,-0.562107,0.825412]],[[0.873407,-0.413598,-0.257093],[0.133545,0.711098,-0.690293],[0.468322,0.568574,0.676312]],[[0.873407,-0.413598,-0.257093],[-0.40985,-0.339146,-0.84676],[0.263026,0.844936,-0.465726]],[[0.873407,-0.413598,-0.257093],[-0.48699,-0.741233,-0.461967],[0.000502855,0.528687,-0.848816]]],"btipPosition":[-24.4277,250.186,-21.2454],"carpPosition":[-1.01149,269.82,32.818],"dipPosition":[-24.4193,258.992,-35.3845],"direction":[-0.263026,-0.844936,0.465726],"extended":false,"handId":422,"id":4222,"length":59.3953,"mcpPosition":[2.21985,304.582,-18.2281],"pipPosition":[-17.7894,280.29,-47.1237],"stabilizedTipPosition":[-29.3626,232.9,-3.01899],"timeVisible":13.9048,"tipPosition":[-24.7583,252.295,-25.6121],"tipVelocity":[16.4271,205.179,-178.304],"tool":false,"touchDistance":0.333333,"touchZone":"none","type":2,"width":16.8393},{"bases":[[[0.816025,-0.558168,-0.150172],[0.54523,0.657049,0.520587],[-0.191904,-0.50669,0.840498]],[[0.806041,-0.581496,-0.110272],[0.322625,0.587882,-0.741828],[0.496197,0.562367,0.661462]],[[0.806041,-0.581496,-0.110272],[-0.388183,-0.378758,-0.840153],[0.446779,0.720003,-0.531022]],[[0.806041,-0.581496,-0.110272],[-0.566571,-0.704211,-0.427884],[0.171159,0.407369,-0.897081]]],"btipPosition":[-13.9342,247.591,-14.9017],"carpPosition":[8.86752,266.156,30.0671],"dipPosition":[-11.0995,254.337,-29.7589],"direction":[-0.446779,-0.720003,0.531022],"extended":false,"handId":422,"id":4223,"length":57.1101,"mcpPosition":[19.523,294.29,-16.6015],"pipPosition":[-0.128666,272.017,-42.7983],"stabilizedTipPosition":[-18.2874,228.858,4.70765],"timeVisible":13.9048,"tipPosition":[-13.4041,249.083,-19.136],"tipVelocity":[15.0166,200.565,-181.273],"tool":false,"touchDistance":0.333333,"touchZone":"none","type":3,"width":16.0237},{"bases":[[[0.68695,-0.713899,-0.135822],[0.646404,0.514872,0.563089],[-0.332058,-0.47461,0.815158]],[[0.613404,-0.789569,0.0177956],[0.543481,0.405659,-0.734894],[0.57303,0.460458,0.677949]],[[0.613404,-0.789569,0.0177956],[-0.407788,-0.33594,-0.849031],[0.676347,0.513542,-0.528043]],[[0.613404,-0.789569,0.0177956],[-0.702381,-0.555694,-0.44482],[0.361105,0.260355,-0.895443]]],"btipPosition":[-1.96264,253.87,-14.4906],"carpPosition":[16.1736,256.789,25.8202],"dipPosition":[3.55465,257.848,-28.172],"direction":[-0.676347,-0.513542,0.528043],"extended":false,"handId":422,"id":4224,"length":44.7733,"mcpPosition":[33.241,281.183,-16.0779],"pipPosition":[15.2806,266.751,-37.3267],"stabilizedTipPosition":[-5.62879,236.22,3.42565],"timeVisible":13.9048,"tipPosition":[-0.745018,254.731,-18.971],"tipVelocity":[18.1233,193.889,-172.119],"tool":false,"touchDistance":0.333333,"touchZone":"none","type":4,"width":14.2335}],"r":[[0.748113,-0.661996,-0.0456948],[0.60655,0.654277,0.451685],[-0.26911