{"sensorType":"Leap","data":[[0,{"currentFrameRate":52.9561,"devices":[],"gestures":[{"direction":[0.00216744,0.917394,-0.397975],"duration":37653,"handIds":[422],"id":4,"pointableIds":[4221],"position":[-27.4543,283.96,-60.7603],"speed":291.682,"startPosition":[-28.1358,198.427,-24.1099],"state":"update","type":"swipe"}],"hands":[{"armBasis":[[0.793318,-0.532841,-0.294493],[0.592781,0.786309,0.174151],[0.138768,-0.312727,0.939652]],"armWidth":56.4821,"confidence":0.545333,"direction":[0.0426448,0.632169,-0.773656],"elbow":[37.21,127.451,273.974],"grabStrength":0,"id":422,"palmNormal":[-0.625125,-0.587171,-0.514246],"palmPosition":[-1.62,233.724,12.5865],"palmVelocity":[-62.3903,429.96,-267.037],"palmWidth":80.6546,"pinchStrength":1,"r":[[0.548698,-0.733605,-0.400941],[0.835909,0.489235,0.248807],[0.013628,-0.47167,0.88167]],"s":0.730442,"sphereCenter":[-11.8481,205.245,-32.1709],"sphereRadius":50.491,"stabilizedPalmPosition":[-1.28868,231.725,13.9016],"t":[15.4608,82.679,-76.467],"timeVisible":4.77357,"type":"right","wrist":[3.99858,202.297,49.0866]}],"id":1425834,"interactionBox":{"center":[0,200,0],"size":[235.247,235.247,147.751]},"pointables":[{"bases":[[[0.881062,0.445101,0.160044],[-0.364301,0.422751,0.829799],[0.301686,-0.789409,0.534621]],[[0.70084,0.711222,-0.0546559],[-0.508881,0.552202,0.660389],[0.499864,-0.435013,0.748932]],[[0.70084,0.711222,-0.0546559],[-0.643095,0.663139,0.382984],[0.308631,-0.233262,0.922137]],[[0.70084,0.711222,-0.0546559],[-0.712508,0.701638,-0.00610678],[0.0340054,0.0432226,0.998487]]],"btipPosition":[-53.9604,232.935,-25.8579],"carpPosition":[-21.8095,207.534,55.8639],"dipPosition":[-53.255,233.832,-5.14404],"direction":[-0.308631,0.233262,-0.922137],"extended":false,"handId":422,"id":4220,"length":46.1965,"mcpPosition":[-21.8095,207.534,55.8639],"pipPosition":[-43.9273,226.782,22.7254],"stabilizedTipPosition":[-53.4319,230.858,-19.7187],"timeVisible":4.77357,"tipPosition":[-54.2893,232.266,-20.4981],"tipVelocity":[-55.1018,445.258,-261.261],"tool":false,"touchDistance":0.163081,"touchZone":"hovering","type":0,"width":17.9498},{"bases":[[[0.775455,-0.392243,-0.494789],[0.605034,0.685712,0.40464],[0.180565,-0.613144,0.769058]],[[0.79614,-0.514809,-0.318015],[0.600071,0.739386,0.305325],[0.0779518,-0.433913,0.897576]],[[0.79614,-0.514809,-0.318015],[0.570516,0.813759,0.110938],[0.201676,-0.269754,0.941573]],[[0.79614,-0.514809,-0.318015],[0.530655,0.84655,-0.0419358],[0.290804,-0.135369,0.947158]]],"btipPosition":[-28.4672,284.431,-64.0596],"carpPosition":[-4.99839,220.092,54.7925],"dipPosition":[-24.063,282.381,-49.715],"direction":[-0.201676,0.269754,-0.941573],"extended":true,"handId":422,"id":4221,"length":52.1277,"mcpPosition":[-16.7736,260.077,4.63997],"pipPosition":[-19.7422,276.602,-29.5419],"stabilizedTipPosition":[-27.2488,282.585,-59.9409],"timeVisible":4.77357,"tipPosition":[-27.0648,283.689,-60.6775],"tipVelocity":[-40.7113,474.264,-259.308],"tool":false,"touchDistance":-0.783776,"touchZone":"hovering","type":1,"width":17.1457},{"bases":[[[0.678139,-0.582586,-0.44802],[0.731241,0.595899,0.331951],[0.0735845,-0.552719,0.830113]],[[0.679221,-0.591285,-0.434788],[0.420836,0.799113,-0.42932],[0.601295,0.108629,0.791608]],[[0.679221,-0.591285,-0.434788],[-0.404464,0.192772,-0.894007],[0.612428,0.783084,-0.108219]],[[0.679221,-0.591285,-0.434788],[-0.700091,-0.344154,-0.625645],[0.2203,0.729342,-0.64771]]],"btipPosition":[-45.1549,214.865,-21.9824],"carpPosition":[4.19304,217.212,49.6592],"dipPosition":[-41.4853,227.014,-32.7716],"direction":[-0.612428,-0.783084,0.108219],"extended":false,"handId":422,"id":4222,"length":59.3953,"mcpPosition":[-0.357654,251.394,-1.67759],"pipPosition":[-26.0482,246.753,-35.4994],"stabilizedTipPosition":[-43.7701,214.61,-22.5263],"timeVisible":4.77357,"tipPosition":[-44.0599,216.562,-22.7139],"tipVelocity":[-62.1883,440.102,-276.415],"tool":false,"touchDistance":0.333333,"touchZone":"none","type":2,"width":16.8393},{"bases":[[[0.624509,-0.700826,-0.344719],[0.779795,0.53483,0.325387],[-0.0436733,-0.472018,0.880507]],[[0.622944,-0.714483,-0.31852],[0.509341,0.679499,-0.528065],[0.593728,0.16672,0.787205]],[[0.622944,-0.714483,-0.31852],[-0.370163,0.0894746,-0.924648],[0.689144,0.693908,-0.208738]],[[0.622944,-0.714483,-0.31852],[-0.718101,-0.360795,-0.595111],[0.310276,0.599451,-0.737826]]],"btipPosition":[-31.0787,204.415,-18.2559],"carpPosition":[12.0716,211.777,44.4656],"dipPosition":[-25.94,214.343,-30.4756],"direction":[-0.689144,-0.693908,0.208738],"extended":false,"handId":422,"id":4223,"length":57.1101,"mcpPosition":[14.4965,237.985,-4.42436],"pipPosition":[-9.01778,231.382,-35.6012],"stabilizedTipPosition":[-29.3845,203.95,-19.3772],"timeVisible":4.77357,"tipPosition":[-29.8725,205.977,-19.8222],"tipVelocity":[-63.4265,429.786,-259.915],"tool":false,"touchDistance":0.333333,"touchZone":"none","type":3,"width":16.0237},{"bases":[[[0.47777,-0.829417,-0.289486],[0.860494,0.375498,0.344313],[-0.176878,-0.413604,0.89311]],[[0.491292,-0.790486,-0.365737],[0.595835,0.611302,-0.520856],[0.635306,0.0379737,0.771327]],[[0.491292,-0.790486,-0.365737],[-0.373665,0.188016,-0.908309],[0.78677,0.582908,-0.203006]],[[0.491292,-0.790486,-0.365737],[-0.776271,-0.206953,-0.595461],[0.395013,0.576456,-0.715306]]],"btipPosition":[-14.4456,202.405,-16.8677],"carpPosition":[16.0511,201.25,38.764],"dipPosition":[-8.4102,211.212,-27.7968],"direction":[-0.78677,-0.582908,0.203006],"extended":false,"handId":422,"id":4224,"length":44.7733,"mcpPosition":[25.1424,222.509,-7.1408],"pipPosition":[5.23014,221.318,-31.3163],"stabilizedTipPosition":[-12.5904,201.886,-17.7353],"timeVisible":4.77357,"tipPosition":[-13.6707,204.146,-17.805],"tipVelocity":[-62.2843,434.495,-271.186],"tool":false,"touchDistance":0.333333,"touchZone":"none","type":4,"width":14.2335}],"r":[[0.548698,-0.733605,-0.400941],[0.835909,0.489235,0.248807],[0.013628,-0.47167,0.88167]],"s":0.730442,"t":[15.4608,82.679,-76.467],"timestamp":88943575340},false],[1,{"currentFrameRate":53.0344,"devices":[],"gestures":[{"direction":[0.00443159,0.917213,-0.398373],"duration":56227,"handIds":[422],"id":4,"pointableIds":[4221],"position":[-28.31,289.554,-64.5174],"speed":298.002,"startPosition":[-28.1358,198.427,-24.1099],"state":"update","type":"swipe"}],"hands":[{"armBasis":[[0.800178,-0.522145,-0.295091],[0.584746,0.788591,0.190253],[0.133367,-0.32479,0.936336]],"armWidth":56.4821,"confidence":0.544772,"direction":[0.044295,0.627688,-0.777204],"elbow":[34.6453,130.708,270.181],"grabStrength":0,"id":422,"palmNormal":[-0.612427,-0.59758,-0.517524],"palmPosition":[-2.83163,239.568,9.32159],"palmVelocity":[-63.7671,374.103,-222.827],"palmWidth":80.6546,"pinchStrength":1,"r":[[0.548482,-0.732121,-0.403937],[0.836032,0.4887,0.249446],[0.0147795,-0.474521,0.88012]],"s":0.737728,"sphereCenter":[-12.6136,211.188,-35.1011],"sphereRadius":50.1538,"stabilizedPalmPosition":[-2.46031,237.681,10.4238],"t":[14.2628,89.6568,-80.6268],"timeVisible":4.79215,"type":"right","wrist":[2.72641,208.44,46.0866]}],"id":1425835,"interactionBox":{"center":[0,200,0],"size":[235.247,235.247,147.751]},"pointables":[{"bases":[[[0.874021,0.456217,0.167194],[-0.378613,0.423797,0.822829],[0.304532,-0.782472,0.543137]],[[0.694337,0.717892,-0.0502603],[-0.519658,0.54847,0.655084],[0.497846,-0.428731,0.753882]],[[0.694337,0.717892,-0.0502603],[-0.654436,0.658927,0.37085],[0.299348,-0.224603,0.927332]],[[0.694337,0.717892,-0.0502603],[-0.719519,0.693848,-0.0294497],[0.0137313,0.0566113,0.998302]]],"btipPosition":[-54.5764,238.007,-29.5591],"carpPosition":[-23.216,213.423,52.5348],"dipPosition":[-54.2916,239.181,-8.84909],"direction":[-0.299348,0.224603,-0.927332],"extended":false,"handId":422,"id":4220,"length":46.1965,"mcpPosition":[-23.216,213.423,52.5348],"pipPosition":[-45.2445,232.393,19.1774],"stabilizedTipPosition":[-54.226,236.318,-23.4549],"timeVisible":4.79215,"tipPosition":[-54.9952,237.425,-24.2918],"tipVelocity":[-46.9988,363.512,-231.253],"tool":false,"touchDistance":0.144147,"touchZone":"hovering","type":0,"width":17.9498},{"bases":[[[0.785517,-0.386432,-0.483356],[0.59247,0.695185,0.407059],[0.178721,-0.606126,0.775029]],[[0.805547,-0.505905,-0.30847],[0.587932,0.74718,0.309932],[0.0736868,-0.431025,0.899326]],[[0.805547,-0.505905,-0.30847],[0.560907,0.818873,0.121779],[0.19099,-0.271122,0.943407]],[[0.805547,-0.505905,-0.30847],[0.524322,0.851104,-0.0266204],[0.276008,-0.140294,0.950861]]],"btipPosition":[-29.2714,290.042,-67.8296],"carpPosition":[-6.53831,226.167,51.5739],"dipPosition":[-25.0913,287.918,-53.4289],"direction":[-0.19099,0.271122,-0.943407],"extended":true,"handId":422,"id":4221,"length":52.1277,"mcpPosition":[-18.1932,265.695,1.032],"pipPosition":[-20.9994,282.109,-33.2165],"stabilizedTipPosition":[-28.1126,288.257,-63.6658],"timeVisible":4.79215,"tipPosition":[-27.9934,289.128,-64.4742],"tipVelocity":[-43.3082,390.415,-231.68],"tool":false,"touchDistance":-0.790088,"touchZone":"hovering","type":1,"width":17.1457},{"bases":[[[0.689853,-0.577581,-0.436467],[0.720522,0.60637,0.336399],[0.0703626,-0.54655,0.834466]],[[0.690875,-0.586112,-0.423278],[0.413846,0.800667,-0.433202],[0.59281,0.124117,0.795721]],[[0.690875,-0.586112,-0.423278],[-0.399171,0.178902,-0.899253],[0.602789,0.790232,-0.11036]],[[0.690875,-0.586112,-0.423278],[-0.689651,-0.358575,-0.629131],[0.216965,0.726565,-0.651943]]],"btipPosition":[-45.7439,219.836,-25.3974],"carpPosition":[2.74377,223.36,46.5645],"dipPosition":[-42.1298,231.939,-36.2571],"direction":[-0.602789,-0.790232,0.11036],"extended":false,"handId":422,"id":4222,"length":59.3953,"mcpPosition":[-1.60767,257.161,-5.04144],"pipPosition":[-26.9357,251.858,-39.0389],"stabilizedTipPosition":[-44.5544,220.108,-26.2116],"timeVisible":4.79215,"tipPosition":[-44.6828,221.676,-26.341],"tipVelocity":[-47.756,356.278,-232.003],"tool":false,"touchDistance":0.333333,"touchZone":"none","type":2,"width":16.8393},{"bases":[[[0.636396,-0.695771,-0.33302],[0.769843,0.545823,0.330785],[-0.0483809,-0.466884,0.882994]],[[0.634659,-0.709462,-0.306385],[0.5065,0.681315,-0.528458],[0.583666,0.180206,0.791745]],[[0.634659,-0.709462,-0.306385],[-0.362013,0.0773335,-0.92896],[0.682755,0.700488,-0.207754]],[[0.634659,-0.709462,-0.306385],[-0.707513,-0.373952,-0.599654],[0.310858,0.597348,-0.739285]]],"btipPosition":[-31.6001,209.676,-21.5429],"carpPosition":[10.743,217.983,41.4966],"dipPosition":[-26.4517,219.569,-33.7867],"direction":[-0.682755,-0.700488,0.207754],"extended":false,"handId":422,"id":4223,"length":57.1101,"mcpPosition":[13.4294,243.907,-7.53155],"pipPosition":[-9.68642,236.77,-38.8882],"stabilizedTipPosition":[-30.1169,209.632,-22.9147],"timeVisible":4.79215,"tipPosition":[-30.3957,211.299,-23.2222],"tipVelocity":[-46.2416,358.575,-219.877],"tool":false,"touchDistance":0.333333,"touchZone":"none","type":3,"width":16.0237},{"bases":[[[0.490512,-0.825689,-0.278631],[0.852136,0.387553,0.351664],[-0.18238,-0.409927,0.893699]],[[0.504256,-0.787802,-0.353687],[0.594639,0.613767,-0.519321],[0.626203,0.0515547,0.777953]],[[0.504256,-0.787802,-0.353687],[-0.366563,0.175569,-0.913678],[0.781894,0.590376,-0.200247]],[[0.504256,-0.787802,-0.353687],[-0.767732,-0.22146,-0.601285],[0.395366,0.574738,-0.716493]]],"btipPosition":[-14.9416,207.904,-19.9902],"carpPosition":[14.9078,207.467,35.9091],"dipPosition":[-8.90082,216.685,-30.9374],"direction":[-0.781894,-0.590376,0.200247],"extended":false,"handId":422,"id":4224,"length":44.7733,"mcpPosition":[24.2819,228.537,-10.0259],"pipPosition":[4.65498,226.921,-34.4092],"stabilizedTipPosition":[-13.2862,207.701,-21.1881],"timeVisible":4.79215,"tipPosition":[-14.1604,209.662,-21.0286],"tipVelocity":[-45.0162,367.276,-221.363],"tool":false,"touchDistance":0.333333,"touchZone":"none","type":4,"width":14.2335}],"r":[[0.548482,-0.732121,-0.403937],[0.836032,0.4887,0.249446],[0.0147795,-0.474521,0.88012]],"s":0.737728,"t":[14.2628,89.6568,-80.6268],"timestamp":88943593914},false],[2,{"currentFrameRate":52.9951,"devices":[],"gestures":[{"direction":[-0.0317999,0.903984,-0.426381],"duration":75238,"handIds":[422],"id":4,"pointableIds":[4221],"position":[-30.257,297.439,-69.399],"speed":306.923,"startPosition":[-28.1358,198.427,-24.1099],"state":"update","type":"swipe"}],"hands":[{"armBasis":[[0.814347,-0.501043,-0.292908],[0.56451,0.801014,0.199259],[0.134786,-0.327615,0.935148]],"armWidth":56.4821,"confidence":0.514231,"direction":[0.0421294,0.634307,-0.771932],"elbow":[33.1092,137.257,264.724],"grabStrength":0,"id":422,"palmNormal":[-0.592561,-0.606201,-0.530463],"palmPosition":[-4.83713,246.948,4.30003],"palmVelocity":[-84.3124,381.033,-243.17],"palmWidth":80.6546,"pinchStrength":1,"r":[[0.552474,-0.728059,-0.405835],[0.833392,0.491359,0.253032],[0.0151882,-0.478013,0.878222]],"s":0.744068,"sphereCenter":[-13.8541,219.265,-40.1299],"sphereRadius":49.7337,"stabilizedPalmPosition":[-4.22913,244.577,5.86651],"t":[12.6611,96.8356,-85.2175],"timeVisible":4.81116,"type":"right","wrist":[0.850789,215.666,40.9137]}],"id":1425836,"interactionBox":{"center":[0,200,0],"size":[235.247,235.247,147.751]},"pointables":[{"bases":[[[0.861921,0.47292,0.182861],[-0.398835,0.409666,0.82043],[0.313086,-0.780077,0.541717]],[[0.680803,0.73166,-0.0343827],[-0.537543,0.530962,0.655078],[0.49755,-0.427496,0.754779]],[[0.680803,0.73166,-0.0343827],[-0.673227,0.643545,0.364163],[0.28857,-0.224776,0.9307]],[[0.680803,0.73166,-0.0343827],[-0.73236,0.679153,-0.0489912],[-0.0124938,0.0585338,0.998207]]],"btipPosition":[-55.7549,244.557,-35.2038],"carpPosition":[-25.2774,220.062,47.0296],"dipPosition":[-56.0141,245.771,-14.4958],"direction":[-0.28857,0.224776,-0.9307],"extended":false,"handId":422,"id":4220,"length":46.1965,"mcpPosition":[-25.2774,220.062,47.0296],"pipPosition":[-47.2928,238.978,13.6325],"stabilizedTipPosition":[-55.333,242.253,-28.323],"timeVisible":4.81116,"tipPosition":[-56.3192,244.036,-30.0172],"tipVelocity":[-57.6217,354.396,-263.599],"tool":false,"touchDistance":0.090792,"touchZone":"hovering","type":0,"width":17.9498},{"bases":[[[0.800077,-0.366453,-0.474963],[0.572131,0.704201,0.420437],[0.180399,-0.608122,0.773074]],[[0.820103,-0.485055,-0.303565],[0.567765,0.755811,0.326177],[0.0712239,-0.439853,0.895241]],[[0.820103,-0.485055,-0.303565],[0.542808,0.827339,0.144461],[0.18108,-0.28325,0.941796]],[[0.820103,-0.485055,-0.303565],[0.509197,0.86065,0.000432182],[0.261054,-0.154929,0.952811]]],"btipPosition":[-31.1663,297.978,-72.718],"carpPosition":[-8.85635,233.155,46.3974],"dipPosition":[-27.2127,295.632,-58.2878],"direction":[-0.18108,0.28325,-0.941796],"extended":true,"handId":422,"id":4221,"length":52.1277,"mcpPosition":[-20.6207,272.813,-4.01698],"pipPosition":[-23.3331,289.563,-38.1099],"stabilizedTipPosition":[-29.8162,295.551,-68.2206],"timeVisible":4.81116,"tipPosition":[-29.9878,296.885,-69.3989],"tipVelocity":[-72.4115,402.398,-244.039],"tool":false,"touchDistance":-0.812637,"touchZone":"hovering","type":1,"width":17.1457},{"bases":[[[0.707758,-0.559887,-0.430819],[0.702978,0.618588,0.350957],[0.0700033,-0.551249,0.831399]],[[0.70876,-0.568386,-0.417847],[0.39842,0.81132,-0.42781],[0.582169,0.136736,0.801488]],[[0.70876,-0.568386,-0.417847],[-0.394836,0.171234,-0.902654],[0.584606,0.804746,-0.103056]],[[0.70876,-0.568386,-0.417847],[-0.674349,-0.371948,-0.637893],[0.207152,0.733888,-0.646913]]],"btipPosition":[-46.8377,226.318,-30.7867],"carpPosition":[0.551362,230.579,41.4999],"dipPosition":[-43.387,238.543,-41.5626],"direction":[-0.584606,-0.804746,0.103056],"extended":false,"handId":422,"id":4222,"length":59.3953,"mcpPosition":[-3.77786,264.67,-9.91644],"pipPosition":[-28.6513,258.827,-44.1603],"stabilizedTipPosition":[-45.5366,226.057,-30.8624],"timeVisible":4.81116,"tipPosition":[-45.8298,228.381,-32.0015],"tipVelocity":[-53.5445,349.46,-256.853],"tool":false,"touchDistance":0.333333,"touchZone":"none","type":2,"width":16.8393},{"bases":[[[0.655324,-0.679934,-0.328999],[0.753621,0.559118,0.345604],[-0.0510388,-0.474423,0.878816]],[[0.653465,-0.694075,-0.302067],[0.49739,0.694527,-0.519842],[0.570603,0.189454,0.799074]],[[0.653465,-0.694075,-0.302067],[-0.353399,0.0731559,-0.932608],[0.669397,0.716176,-0.197481]],[[0.653465,-0.694075,-0.302067],[-0.692046,-0.386119,-0.609906],[0.306687,0.607596,-0.732646]]],"btipPosition":[-32.5502,216.596,-26.953],"carpPosition":[8.73089,225.406,36.507],"dipPosition":[-27.4709,226.659,-39.0869],"direction":[-0.669397,-0.716176,0.197481],"extended":false,"handId":422,"id":4223,"length":57.1101,"mcpPosition":[11.5648,251.748,-12.2891],"pipPosition":[-11.0336,244.245,-43.9361],"stabilizedTipPosition":[-30.9878,216.02,-27.6161],"timeVisible":4.81116,"tipPosition":[-31.358,218.342,-28.7769],"tipVelocity":[-48.4922,362.273,-251.08],"tool":false,"touchDistance":0.333333,"touchZone":"none","type":3,"width":16.0237},{"bases":[[[0.511424,-0.813246,-0.277625],[0.838884,0.402431,0.3665],[-0.18633,-0.420332,0.888033]],[[0.525228,-0.7752,-0.350999],[0.588909,0.628867,-0.507653],[0.614265,0.0599272,0.786821]],[[0.525228,-0.7752,-0.350999],[-0.3584,0.17259,-0.917476],[0.771806,0.607683,-0.187182]],[[0.525228,-0.7752,-0.350999],[-0.755165,-0.234474,-0.612167],[0.392251,0.58659,-0.708556]]],"btipPosition":[-15.8585,215.249,-25.3308],"carpPosition":[13.1913,215.021,30.903],"dipPosition":[-9.86531,224.212,-36.1567],"direction":[-0.771806,-0.607683,0.187182],"extended":false,"handId":422,"id":4224,"length":44.7733,"mcpPosition":[22.7684,236.625,-14.7407],"pipPosition":[3.5156,234.747,-39.4019],"stabilizedTipPosition":[-14.1302,214.494,-25.8771],"timeVisible":4.81116,"tipPosition":[-15.083,217.045,-26.4382],"tipVelocity":[-46.882,377.754,-249.966],"tool":false,"touchDistance":0.333333,"touchZone":"none","type":4,"width":14.2335}],"r":[[0.552474,-0.728059,-0.405835],[0.833392,0.491359,0.253032],[0.0151882,-0.478013,0.878222]],"s":0.744068,"t":[12.6611,96.8356,-85.2175],"timestamp":88943612925},false],[3,{"currentFrameRate":53.0104,"devices":[],"gestures":[{"direction":[-0.0336387,0.907071,-0.419632],"duration":94047,"handIds":[422],"id":4,"pointableIds":[4221],"position":[-31.9097,301.981,-72.1316],"speed":312.112,"startPosition":[-28.1358,198.427,-24.1099],"state":"update","type":"swipe"}],"hands":[{"armBasis":[[0.815021,-0.489071,-0.310726],[0.56272,0.795942,0.223209],[0.138155,-0.356772,0.923919]],"armWidth":56.4821,"confidence":0.527586,"direction":[0.0377237,0.635308,-0.771337],"elbow":[32.7512,134.481,259.117],"grabStrength":0,"id":422,"palmNormal":[-0.587547,-0.610267,-0.531379],"palmPosition":[-6.21948,251.138,1.40481],"palmVelocity":[-79.0252,303.679,-199.554],"palmWidth":80.6546,"pinchStrength":1,"r":[[0.556824,-0.723862,-0.407394],[0.830473,0.4947,0.256098],[0.0161585,-0.480932,0.876609]],"s":0.749479,"sphereCenter":[-15.4737,224.011,-42.7103],"sphereRadius":49.2966,"stabilizedPalmPosition":[-5.65977,249.293,2.65951],"t":[11.169,102.52,-88.9604],"timeVisible":4.82997,"type":"right","wrist":[-0.313618,219.867,37.994]}],"id":1425837,"interactionBox":{"center":[0,200,0],"size":[235.247,235.247,147.751]},"pointables":[{"bases":[[[0.858141,0.479377,0.183826],[-0.402486,0.405844,0.820546],[0.318746,-0.778132,0.541214]],[[0.676062,0.736128,-0.0324748],[-0.539381,0.524433,0.658815],[0.502003,-0.427884,0.751604]],[[0.676062,0.736128,-0.0324748],[-0.678845,0.639381,0.361055],[0.286547,-0.22205,0.931979]],[[0.676062,0.736128,-0.0324748],[-0.736355,0.673351,-0.0661763],[-0.0268473,0.0686522,0.997279]]],"btipPosition":[-56.7944,248.276,-38.0149],"carpPosition":[-26.4787,224.057,44.0974],"dipPosition":[-57.3513,249.7,-17.3261],"direction":[-0.286547,0.22205,-0.931979],"extended":false,"handId":422,"id":4220,"length":46.1965,"mcpPosition":[-26.4787,224.057,44.0974],"pipPosition":[-48.6911,242.989,10.8408],"stabilizedTipPosition":[-56.3767,246.423,-31.5625],"timeVisible":4.82997,"tipPosition":[-57.4676,247.887,-32.8961],"tipVelocity":[-58.2478,279.097,-207.927],"tool":false,"touchDistance":0.0713875,"touchZone":"hovering","type":0,"width":17.9498},{"bases":[[[0.803169,-0.359854,-0.474789],[0.566431,0.708206,0.421427],[0.184596,-0.607412,0.772641]],[[0.823957,-0.47685,-0.306119],[0.561687,0.758658,0.330068],[0.0748465,-0.443905,0.892943]],[[0.823957,-0.47685,-0.306119],[0.537205,0.829228,0.154243],[0.180292,-0.291538,0.939415]],[[0.823957,-0.47685,-0.306119],[0.504886,0.863064,0.0145443],[0.257264,-0.166539,0.951882]]],"btipPosition":[-32.8059,302.561,-75.4473],"carpPosition":[-10.1585,237.277,43.4873],"dipPosition":[-28.9096,300.039,-61.0312],"direction":[-0.180292,0.291538,-0.939415],"extended":true,"handId":422,"id":4221,"length":52.1277,"mcpPosition":[-22.1966,276.888,-6.89891],"pipPosition":[-25.0469,293.793,-40.9043],"stabilizedTipPosition":[-31.4321,300.514,-71.2393],"timeVisible":4.82997,"tipPosition":[-31.6923,301.31,-72.173],"tipVelocity":[-79.9666,323.76,-195.772],"tool":false,"touchDistance":-0.800695,"touchZone":"hovering","type":1,"width":17.1457},{"bases":[[[0.712315,-0.554033,-0.430877],[0.697977,0.623665,0.351953],[0.0737292,-0.551443,0.830948]],[[0.713365,-0.562451,-0.418042],[0.38901,0.813999,-0.431366],[0.582908,0.145099,0.799477]],[[0.713365,-0.562451,-0.418042],[-0.398706,0.164834,-0.902144],[0.576319,0.810234,-0.106666]],[[0.713365,-0.562451,-0.418042],[-0.671787,-0.379,-0.636444],[0.199531,0.734852,-0.648213]]],"btipPosition":[-48.0434,230.017,-33.4669],"carpPosition":[-0.728221,234.777,38.5934],"dipPosition":[-44.7198,242.257,-44.2644],"direction":[-0.576319,-0.810234,0.106666],"extended":false,"handId":422,"id":4222,"length":59.3953,"mcpPosition":[-5.28787,268.88,-12.7951],"pipPosition":[-30.1928,262.681,-46.9531],"stabilizedTipPosition":[-46.6352,230.329,-34.0704],"timeVisible":4.82997,"tipPosition":[-47.0709,232.227,-34.8892],"tipVelocity":[-59.465,274.868,-201.09],"tool":false,"touchDistance":0.333333,"touchZone":"none","type":2,"width":16.8393},{"bases":[[[0.660744,-0.674571,-0.329197],[0.749079,0.564591,0.346578],[-0.0479302,-0.475594,0.878358]],[[0.658949,-0.688933,-0.301921],[0.490646,0.697923,-0.521699],[0.570134,0.195636,0.797919]],[[0.658949,-0.688933,-0.301921],[-0.355574,0.068408,-0.932142],[0.662837,0.721589,-0.199889]],[[0.658949,-0.688933,-0.301921],[-0.689351,-0.392512,-0.608876],[0.300967,0.609348,-0.733562]]],"btipPosition":[-33.6853,220.521,-29.7135],"carpPosition":[7.49399,229.672,33.6009],"dipPosition":[-28.7008,230.612,-41.8626],"direction":[-0.662837,-0.721589,0.199889],"extended":false,"handId":422,"id":4223,"length":57.1101,"mcpPosition":[10.1553,256.079,-15.1698],"pipPosition":[-12.4246,248.331,-46.7709],"stabilizedTipPosition":[-32.014,220.533,-30.8524],"timeVisible":4.82997,"tipPosition":[-32.5072,222.343,-31.6697],"tipVelocity":[-54.8534,287.357,-200.189],"tool":false,"touchDistance":0.333333,"touchZone":"none","type":3,"width":16.0237},{"bases":[[[0.517843,-0.809034,-0.278033],[0.835533,0.408547,0.367387],[-0.183639,-0.422555,0.887538]],[[0.531231,-0.771404,-0.350329],[0.584314,0.633011,-0.507813],[0.61349,0.0650638,0.787017]],[[0.531231,-0.771404,-0.350329],[-0.360091,0.168715,-0.917535],[0.766895,0.613573,-0.188149]],[[0.531231,-0.771404,-0.350329],[-0.753554,-0.241215,-0.611532],[0.387234,0.588856,-0.709435]]],"btipPosition":[-16.9643,219.371,-28.1938],"carpPosition":[12.0377,219.326,27.9905],"dipPosition":[-11.0478,228.368,-39.0332],"direction":[-0.766895,-0.613573,0.188149],"extended":false,"handId":422,"id":4224,"length":44.7733,"mcpPosition":[21.4765,241.045,-17.6279],"pipPosition":[2.248,239.006,-42.2952],"stabilizedTipPosition":[-15.1349,219.231,-29.1571],"timeVisible":4.82997,"tipPosition":[-16.1871,221.186,-29.3797],"tipVelocity":[-53.1605,300.45,-202.274],"tool":false,"touchDistance":0.333333,"touchZone":"none","type":4,"width":14.2335}],"r":[[0.556824,-0.723862,-0.407394],[0.830473,0.4947,0.256098],[0.0161585,-0.480932,0.876609]],"s":0.749479,"t":[11.169,102.52,-88.9604],"timestamp":88943631734},false],[4,{"currentFrameRate":52.9751,"devices":[],"gestures":[{"direction":[-0.0581166,0.89551,-0.44123],"duration":113051,"handIds":[422],"id":4,"pointableIds":[4221],"position":[-32.6729,305.737,-74.478],"speed":316.37,"startPosition":[-28.1358,198.427,-24.1099],"state":"update","type":"swipe"}],"hands":[{"armBasis":[[0.820966,-0.477433,-0.313165],[0.552822,0.801847,0.22678],[0.142838,-0.359303,0.922225]],"armWidth":56.4821,"confidence":0.475783,"direction":[0.0401134,0.63354,-0.772669],"elbow":[32.612,137.682,256.765],"grabStrength":0,"id":422,"palmNormal":[-0.576097,-0.617157,-0.535938],"palmPosition":[-7.37589,254.789,-0.690508],"palmVelocity":[-70.0784,248.759,-155.595],"palmWidth":80.6546,"pinchStrength":1,"r":[[0.562509,-0.719664,-0.407022],[0.826637,0.49904,0.26006],[0.0159642,-0.482745,0.875615]],"s":0.754734,"sphereCenter":[-16.394,228.08,-44.4532],"sphereRadius":48.8388,"stabilizedPalmPosition":[-6.88509,253.217,0.267575],"t":[9.84476,107.188,-91.8796],"timeVisible":4.84897,"type":"right","wrist":[-1.57362,223.674,36.0477]}],"id":1425838,"interactionBox":{"center":[0,200,0],"size":[235.247,235.247,147.751]},"pointables":[{"bases":[[[0.85162,0.487855,0.19168],[-0.415048,0.404294,0.815035],[0.320124,-0.773656,0.546788]],[[0.67037,0.741555,-0.0264658],[-0.548548,0.519279,0.65532],[0.499699,-0.42479,0.754887]],[[0.67037,0.741555,-0.0264658],[-0.688727,0.635096,0.349727],[0.27615,-0.216219,0.936478]],[[0.67037,0.741555,-0.0264658],[-0.740324,0.665992,-0.0915098],[-0.0502335,0.0809387,0.995452]]],"btipPosition":[-57.255,251.287,-40.4976],"carpPosition":[-27.8407,227.636,41.8581],"dipPosition":[-58.2971,252.966,-19.8467],"direction":[-0.27615,0.216219,-0.936478],"extended":false,"handId":422,"id":4220,"length":46.1965,"mcpPosition":[-27.8407,227.636,41.8581],"pipPosition":[-49.9511,246.432,8.45622],"stabilizedTipPosition":[-57.0754,249.704,-34.1782],"timeVisible":4.84897,"tipPosition":[-58.0619,251.014,-35.4587],"tipVelocity":[-44.3964,221.217,-170.106],"tool":false,"touchDistance":0.0445002,"touchZone":"hovering","type":0,"width":17.9498},{"bases":[[[0.811542,-0.353633,-0.465127],[0.555255,0.714597,0.425492],[0.18191,-0.603569,0.776282]],[[0.831555,-0.46813,-0.29895],[0.55101,0.763106,0.337723],[0.0700325,-0.44556,0.892509]],[[0.831555,-0.46813,-0.29895],[0.528601,0.83226,0.167102],[0.170579,-0.29698,0.939524]],[[0.831555,-0.46813,-0.29895],[0.498792,0.866164,0.0310937],[0.244384,-0.17497,0.953762]]],"btipPosition":[-33.5242,306.347,-77.8002],"carpPosition":[-11.6385,241.006,41.3861],"dipPosition":[-29.823,303.697,-63.3556],"direction":[-0.170579,0.29698,-0.939524],"extended":true,"handId":422,"id":4221,"length":52.1277,"mcpPosition":[-23.5014,280.366,-9.23758],"pipPosition":[-26.1684,297.334,-43.2264],"stabilizedTipPosition":[-32.372,304.47,-73.6925],"timeVisible":4.84897,"tipPosition":[-32.5016,304.944,-74.5618],"tipVelocity":[-60.3709,261.681,-160.178],"tool":false,"touchDistance":-0.784155,"touchZone":"hovering","type":1,"width":17.1457},{"bases":[[[0.72203,-0.548532,-0.421647],[0.688321,0.631099,0.357671],[0.0699071,-0.548478,0.833238]],[[0.723009,-0.556808,-0.408928],[0.377958,0.814301,-0.440524],[0.578278,0.163945,0.799197]],[[0.723009,-0.556808,-0.408928],[-0.399041,0.146597,-0.905139],[0.563936,0.817602,-0.116198]],[[0.723009,-0.556808,-0.408928],[-0.663618,-0.395253,-0.635127],[0.192014,0.730575,-0.655279]]],"btipPosition":[-48.5769,232.717,-35.2312],"carpPosition":[-2.13324,238.581,36.6007],"dipPosition":[-45.3784,244.887,-46.1465],"direction":[-0.563936,-0.817603,0.116198],"extended":false,"handId":422,"id":4222,"length":59.3953,"mcpPosition":[-6.45652,272.5,-14.9294],"pipPosition":[-31.1637,265.496,-49.0754],"stabilizedTipPosition":[-47.3828,233.544,-36.3461],"timeVisible":4.84897,"tipPosition":[-47.6618,235.178,-37.0598],"tipVelocity":[-44.7569,209.089,-148.502],"tool":false,"touchDistance":0.333333,"touchZone":"none","type":2,"width":16.8393},{"bases":[[[0.670491,-0.66927,-0.320189],[0.740026,0.57249,0.353012],[-0.0529552,-0.473639,0.879126]],[[0.668512,-0.68372,-0.292607],[0.488381,0.70032,-0.520611],[0.56087,0.205131,0.802088]],[[0.668512,-0.68372,-0.292607],[-0.347892,0.0602467,-0.935597],[0.657315,0.727253,-0.197585]],[[0.668512,-0.68372,-0.292607],[-0.679626,-0.401877,-0.613681],[0.301994,0.609116,-0.733333]]],"btipPosition":[-34.2255,223.768,-31.8714],"carpPosition":[6.18932,233.539,31.7111],"dipPosition":[-29.224,233.856,-44.0167],"direction":[-0.657315,-0.727253,0.197585],"extended":false,"handId":422,"id":4223,"length":57.1101,"mcpPosition":[9.12965,259.838,-17.1022],"pipPosition":[-13.0834,251.714,-48.8685],"stabilizedTipPosition":[-32.7035,224.143,-33.3298],"timeVisible":4.84897,"tipPosition":[-33.0448,225.648,-33.9269],"tipVelocity":[-41.7421,229.991,-157.516],"tool":false,"touchDistance":0.333333,"touchZone":"none","type":3,"width":16.0237},{"bases":[[[0.528303,-0.80492,-0.270184],[0.827698,0.417316,0.375186],[-0.189242,-0.421843,0.8867]],[[0.541963,-0.767882,-0.341516],[0.583806,0.636313,-0.504258],[0.604522,0.0739099,0.793152]],[[0.541963,-0.767882,-0.341516],[-0.352574,0.161131,-0.921807],[0.762868,0.619995,-0.183409]],[[0.541963,-0.767882,-0.341516],[-0.745187,-0.251209,-0.61773],[0.388552,0.58928,-0.708362]]],"btipPosition":[-17.4941,222.834,-30.2532],"carpPosition":[10.8891,223.221,26.1789],"dipPosition":[-11.5575,231.838,-41.0762],"direction":[-0.762868,-0.619995,0.183409],"extended":false,"handId":422,"id":4224,"length":44.7733,"mcpPosition":[20.6159,244.903,-19.3964],"pipPosition":[1.6685,242.587,-44.256],"stabilizedTipPosition":[-15.807,223.068,-31.5818],"timeVisible":4.84897,"tipPosition":[-16.7067,224.663,-31.5076],"tipVelocity":[-40.5953,242.291,-155.947],"tool":false,"touchDistance":0.333333,"touchZone":"none","type":4,"width":14.2335}],"r":[[0.562509,-0.719664,-0.407022],[0.826637,0.49904,0.26006],[0.0159642,-0.482745,0.875615]],"s":0.754734,"t":[9.84476,107.188,-91.8796],"timestamp":88943650738},false],[5,{"currentFrameRate":52.9662,"devices":[],"gestures":[{"direction":[-0.0448005,0.899946,-0.433694],"duration":131963,"handIds":[422],"id":4,"pointableIds":[4221],"position":[-32.8073,308.339,-76.2512],"speed":319.317,"startPosition":[-28.1358,198.427,-24.1099],"state":"update","type":"swipe"}],"hands":[{"armBasis":[[0.822119,-0.473427,-0.316208],[0.549562,0.804969,0.223622],[0.148669,-0.35762,0.921957]],"armWidth":56.4821,"confidence":0.495028,"direction":[0.0465393,0.630206,-0.775032],"elbow":[32.9262,140.744,255.413],"grabStrength":0,"id":422,"palmNormal":[-0.571017,-0.619826,-0.53829],"palmPosition":[-8.15194,257.286,-2.16276],"palmVelocity":[-55.8292,191.489,-117.451],"palmWidth":80.6546,"pinchStrength":1,"r":[[0.567838,-0.716565,-0.405086],[0.823016,0.502813,0.264244],[0.0143344,-0.483439,0.87526]],"s":0.760283,"sphereCenter":[-17.2192,230.941,-45.5463],"sphereRadius":48.4388,"stabilizedPalmPosition":[-7.78342,256.102,-1.45578],"t":[8.79462,110.77,-94.0753],"timeVisible":4.86788,"type":"right","wrist":[-2.65494,226.334,34.7598]}],"id":1425839,"interactionBox":{"center":[0,200,0],"size":[235.247,235.247,147.751]},"pointables":[{"bases":[[[0.849626,0.489198,0.197029],[-0.42242,0.407576,0.809595],[0.315748,-0.771082,0.552934]],[[0.671347,0.740797,-0.022654],[-0.550977,0.5193,0.653262],[0.495699,-0.426084,0.756793]],[[0.671347,0.740797,-0.022654],[-0.691291,0.636918,0.341251],[0.267227,-0.213437,0.939699]],[[0.671347,0.740797,-0.022654],[-0.73808,0.665484,-0.111213],[-0.0673107,0.0913833,0.993538]]],"btipPosition":[-57.5876,253.713,-42.1756],"carpPosition":[-28.9742,230.305,40.3221],"dipPosition":[-58.984,255.609,-21.5644],"direction":[-0.267227,0.213437,-0.939699],"extended":false,"handId":422,"id":4220,"length":46.1965,"mcpPosition":[-28.9742,230.305,40.3221],"pipPosition":[-50.9077,249.158,6.83587],"stabilizedTipPosition":[-57.5779,252.384,-36.1419],"timeVisible":4.86788,"tipPosition":[-58.4444,253.486,-37.2418],"tipVelocity":[-33.3576,176.911,-130.418],"tool":false,"touchDistance":0.0240209,"touchZone":"hovering","type":0,"width":17.9498},{"bases":[[[0.815797,-0.355157,-0.456442],[0.551091,0.716772,0.427243],[0.175427,-0.600084,0.780464]],[[0.834385,-0.467207,-0.292436],[0.547509,0.763692,0.342063],[0.0635169,-0.445524,0.893014]],[[0.834385,-0.467207,-0.292436],[0.527097,0.831482,0.175518],[0.161152,-0.300592,0.94004]],[[0.834385,-0.467207,-0.292436],[0.499417,0.865319,0.0424832],[0.233202,-0.181495,0.955341]]],"btipPosition":[-33.6196,308.971,-79.579],"carpPosition":[-12.7761,243.683,39.9342],"dipPosition":[-30.0878,306.223,-65.1105],"direction":[-0.161152,0.300592,-0.94004],"extended":true,"handId":422,"id":4221,"length":52.1277,"mcpPosition":[-24.2162,282.816,-10.9621],"pipPosition":[-26.6351,299.782,-44.9702],"stabilizedTipPosition":[-32.6914,307.309,-75.5702],"timeVisible":4.86788,"tipPosition":[-32.6615,307.465,-76.3668],"tipVelocity":[-34.2378,200.796,-127.594],"tool":false,"touchDistance":-0.760672,"touchZone":"hovering","type":1,"width":17.1457},{"bases":[[[0.726017,-0.549919,-0.412904],[0.684795,0.633061,0.360956],[0.0628968,-0.544814,0.836195]],[[0.726895,-0.5582,-0.400046],[0.371011,0.809389,-0.455236],[0.577906,0.182487,0.795439]],[[0.726895,-0.5582,-0.400046],[-0.404907,0.122146,-0.906163],[0.554684,0.820666,-0.137231]],[[0.726895,-0.5582,-0.400046],[-0.662104,-0.414975,-0.62403],[0.182325,0.718476,-0.67123]]],"btipPosition":[-48.8274,234.485,-35.8152],"carpPosition":[-3.22785,241.243,35.2431],"dipPosition":[-45.7904,246.453,-46.9962],"direction":[-0.554684,-0.820666,0.137231],"extended":false,"handId":422,"id":4222,"length":59.3953,"mcpPosition":[-7.11758,274.936,-16.4698],"pipPosition":[-31.8088,267.139,-50.4553],"stabilizedTipPosition":[-47.8545,235.879,-37.6363],"timeVisible":4.86788,"tipPosition":[-48.0197,237.182,-38.1927],"tipVelocity":[-30.2611,151.16,-92.3809],"tool":false,"touchDistance":0.333333,"touchZone":"none","type":2,"width":16.8393},{"bases":[[[0.673657,-0.670247,-0.311378],[0.736572,0.574464,0.357006],[-0.0604064,-0.469851,0.880676]],[[0.67141,-0.684766,-0.283379],[0.489213,0.696763,-0.524587],[0.556667,0.21358,0.802811]],[[0.67141,-0.684766,-0.283379],[-0.344079,0.050631,-0.937574],[0.656367,0.727002,-0.20162]],[[0.67141,-0.684766,-0.283379],[-0.675462,-0.408133,-0.614149],[0.304892,0.603757,-0.736558]]],"btipPosition":[-34.7192,225.964,-33.096],"carpPosition":[5.1402,236.185,30.4488],"dipPosition":[-29.6696,235.963,-45.2947],"direction":[-0.656367,-0.727002,0.20162],"extended":false,"handId":422,"id":4223,"length":57.1101,"mcpPosition":[8.49425,262.274,-18.4506],"pipPosition":[-13.5523,253.815,-50.2455],"stabilizedTipPosition":[-33.2555,226.805,-34.9916],"timeVisible":4.86788,"tipPosition":[-33.5244,227.928,-35.3494],"tipVelocity":[-33.7832,173.592,-112.324],"tool":false,"touchDistance":0.333333,"touchZone":"none","type":3,"width":16.0237},{"bases":[[[0.531112,-0.805765,-0.262035],[0.824133,0.419441,0.380623],[-0.196784,-0.418105,0.886828]],[[0.545233,-0.769483,-0.332592],[0.587834,0.633813,-0.502724],[0.597639,0.0785929,0.797904]],[[0.545233,-0.769483,-0.332592],[-0.345282,0.15539,-0.925545],[0.763873,0.619476,-0.180965]],[[0.545233,-0.769483,-0.332592],[-0.740067,-0.255495,-0.622112],[0.393729,0.585336,-0.708773]]],"btipPosition":[-17.9821,225.19,-31.6208],"carpPosition":[9.89423,225.846,25.0029],"dipPosition":[-11.9663,234.133,-42.4501],"direction":[-0.763873,-0.619476,0.180965],"extended":false,"handId":422,"id":4224,"length":44.7733,"mcpPosition":[20.0087,247.336,-20.579],"pipPosition":[1.27703,244.873,-45.5875],"stabilizedTipPosition":[-16.3393,225.878,-33.2831],"timeVisible":4.86788,"tipPosition":[-17.1708,227.022,-32.9398],"tipVelocity":[-32.8661,184.161,-114.954],"tool":false,"touchDistance":0.333333,"touchZone":"none","type":4,"width":14.2335}],"r":[[0.567838,-0.716565,-0.405086],[0.823016,0.502813,0.264244],[0.0143344,-0.483439,0.87526]],"s":0.760283,"t":[8.79462,110.77,-94.0753],"timestamp":88943669650},false],[6,{"currentFrameRate":53.014,"devices":[],"gestures":[{"direction":[-0.0674485,0.888049,-0.454774],"duration":150654,"handIds":[422],"id":4,"pointableIds":[4221],"position":[-33.4417,311.946,-78.591],"speed":323.427,"startPosition":[-28.1358,198.427,-24.1099],"state":"update","type":"swipe"}],"hands":[{"armBasis":[[0.839408,-0.444393,-0.312904],[0.520972,0.821932,0.230252],[0.154863,-0.35629,0.921453]],"armWidth":56.4821,"confidence":0.513684,"direction":[0.048788,0.633807,-0.771951],"elbow":[33.2453,144.755,253.311],"grabStrength":0,"id":422,"palmNormal":[-0.541091,-0.632864,-0.553808],"palmPosition":[-9.22764,260.945,-4.18408],"palmVelocity":[-56.6672,193.585,-112.922],"palmWidth":80.6546,"pinchStrength":1,"r":[[0.577817,-0.710804,-0.401105],[0.816088,0.509981,0.271882],[0.011301,-0.484436,0.874754]],"s":0.766531,"sphereCenter":[-17.0001,235.041,-47.5069],"sphereRadius":48.0556,"stabilizedPalmPosition":[-8.80881,259.541,-3.39287],"t":[7.7317,114.391,-96.1838],"timeVisible":4.88657,"type":"right","wrist":[-3.8182,230.026,32.7784]}],"id":1425840,"interactionBox":{"center":[0,200,0],"size":[235.247,235.247,147.751]},"pointables":[{"bases":[[[0.831318,0.510775,0.219131],[-0.452719,0.393578,0.800089],[0.32242,-0.764333,0.558426]],[[0.653581,0.756852,-0.00248861],[-0.57572,0.499293,0.647497],[0.491302,-0.421759,0.762064]],[[0.653581,0.756852,-0.00248861],[-0.714557,0.618134,0.327595],[0.249479,-0.212331,0.944815]],[[0.653581,0.756852,-0.00248861],[-0.750112,0.647316,-0.135332],[-0.100815,0.090317,0.990797]]],"btipPosition":[-57.5489,256.488,-45.1245],"carpPosition":[-30.3615,233.283,37.7042],"dipPosition":[-59.6403,258.362,-24.5702],"direction":[-0.249479,0.212331,-0.944815],"extended":false,"handId":422,"id":4220,"length":46.1965,"mcpPosition":[-30.3615,233.283,37.7042],"pipPosition":[-52.1004,251.945,3.98473],"stabilizedTipPosition":[-57.5779,252.384,-36.1419],"timeVisible":4.88657,"tipPosition":[-58.4812,256.201,-40.3315],"tipVelocity":[-20.2794,162.938,-144.068],"tool":false,"touchDistance":-0.0753453,"touchZone":"hovering","type":0,"width":17.9498},{"bases":[[[0.835821,-0.331984,-0.437253],[0.521329,0.729623,0.442567],[0.172105,-0.597859,0.782907]],[[0.853338,-0.442341,-0.275952],[0.51845,0.7758,0.359644],[0.0549985,-0.449966,0.891351]],[[0.853338,-0.442341,-0.275952],[0.50058,0.843088,0.196526],[0.145721,-0.305839,0.940866]],[[0.853338,-0.442341,-0.275952],[0.475881,0.877052,0.0657046],[0.212961,-0.187389,0.958923]]],"btipPosition":[-34.1835,312.598,-81.9313],"carpPosition":[-14.5182,247.084,37.7499],"dipPosition":[-30.9582,309.76,-67.4085],"direction":[-0.145721,0.305839,-0.940866],"extended":true,"handId":422,"id":4221,"length":52.1277,"mcpPosition":[-25.7417,286.072,-13.3058],"pipPosition":[-27.8361,303.208,-47.2505],"stabilizedTipPosition":[-33.2246,310.605,-77.7172],"timeVisible":4.88657,"tipPosition":[-33.274,311.021,-78.7364],"tipVelocity":[-34.0925,196.984,-126.421],"tool":false,"touchDistance":-0.748034,"touchZone":"hovering","type":1,"width":17.1457},{"bases":[[[0.750186,-0.529191,-0.396457],[0.658781,0.649691,0.379354],[0.0568231,-0.545764,0.83601]],[[0.750983,-0.537663,-0.383332],[0.345912,0.814822,-0.4652],[0.562468,0.216758,0.797901]],[[0.750983,-0.537663,-0.383332],[-0.403985,0.0850957,-0.910799],[0.522323,0.838855,-0.153302]],[[0.750983,-0.537663,-0.383332],[-0.64069,-0.452802,-0.62007],[0.159815,0.711259,-0.684522]]],"btipPosition":[-48.1706,236.411,-37.2378],"carpPosition":[-4.7969,244.913,33.2878],"dipPosition":[-45.5085,248.259,-48.6402],"direction":[-0.522323,-0.838855,0.153302],"extended":false,"handId":422,"id":4222,"length":59.3953,"mcpPosition":[-8.31102,278.664,-18.4137],"pipPosition":[-32.3427,269.403,-52.5043],"stabilizedTipPosition":[-47.6713,237.894,-39.0124],"timeVisible":4.88657,"tipPosition":[-47.5163,239.406,-40.2229],"tipVelocity":[-0.683228,127.032,-85.7894],"tool":false,"touchDistance":0.333333,"touchZone":"none","type":2,"width":16.8393},{"bases":[[[0.698561,-0.651198,-0.296571],[0.712171,0.592493,0.376517],[-0.0694703,-0.474229,0.877656]],[[0.695979,-0.666046,-0.268323],[0.479498,0.709238,-0.516782],[0.534505,0.231009,0.812981]],[[0.695979,-0.666046,-0.268323