{"sensorType":"Leap","data":[[0,{"currentFrameRate":53.0301,"devices":[],"gestures":[{"center":[-31.0091,271.918,-95.0513],"duration":0,"handIds":[423],"id":2,"normal":[-0.0560128,-0.0189227,0.998251],"pointableIds":[4231],"progress":1,"radius":22.9315,"state":"start","type":"circle"}],"hands":[{"armBasis":[[0.931327,-0.139608,-0.336363],[0.24954,0.91734,0.310188],[0.265255,-0.372823,0.889181]],"armWidth":59.3966,"confidence":0.73735,"direction":[-0.0227253,0.550841,-0.834301],"elbow":[53.8177,93.2636,265.82],"grabStrength":0,"id":423,"palmNormal":[-0.262748,-0.808471,-0.52663],"palmPosition":[-21.9978,213.04,-0.926947],"palmVelocity":[20.7982,-76.6843,176.587],"palmWidth":84.8164,"pinchStrength":0.444321,"r":[[0.851321,-0.498981,-0.16208],[0.523545,0.827973,0.200902],[0.0339513,-0.255888,0.96611]],"s":0.962793,"sphereCenter":[-52.1446,204.697,-29.9148],"sphereRadius":46.8257,"stabilizedPalmPosition":[-22.8956,216.877,-11.0678],"t":[-36.3025,75.4423,-147.146],"timeVisible":1.7357,"type":"right","wrist":[-12.9419,187.096,42.0303]}],"id":1426502,"interactionBox":{"center":[0,200,0],"size":[235.247,235.247,147.751]},"pointables":[{"bases":[[[0.618726,0.747211,0.242599],[-0.649928,0.313374,0.69238],[0.44133,-0.586066,0.679526]],[[0.497832,0.863911,0.0762988],[-0.685731,0.338234,0.644493],[0.530978,-0.373169,0.760794]],[[0.497832,0.863911,0.0762988],[-0.852112,0.470854,0.228478],[0.161459,-0.178759,0.970555]],[[0.497832,0.863911,0.0762988],[-0.770156,0.480822,-0.41913],[-0.398778,0.149894,0.904714]]],"btipPosition":[-62.2863,202.482,-42.2595],"carpPosition":[-41.1476,182.707,43.7241],"dipPosition":[-70.9859,205.752,-22.5226],"direction":[-0.161459,0.178759,-0.970555],"extended":false,"handId":423,"id":4230,"length":48.5803,"mcpPosition":[-41.1476,182.707,43.7241],"pipPosition":[-65.8543,200.071,8.32384],"stabilizedTipPosition":[-65.0175,206.251,-53.9204],"timeVisible":1.7357,"tipPosition":[-64.992,203.22,-38.0985],"tipVelocity":[11.6021,-63.7039,234.887],"tool":false,"touchDistance":0.561729,"touchZone":"hovering","type":0,"width":18.876},{"bases":[[[0.947087,-0.111814,-0.30087],[0.232493,0.88524,0.402862],[0.221297,-0.451496,0.864395]],[[0.941707,-0.101325,-0.320813],[0.27888,0.768481,0.575902],[0.188185,-0.631799,0.751942]],[[0.941707,-0.101325,-0.320813],[0.243276,0.863755,0.441299],[0.232389,-0.49362,0.838054]],[[0.941707,-0.101325,-0.320813],[0.207219,0.925913,0.315826],[0.265044,-0.363894,0.892935]]],"btipPosition":[-61.5027,274.561,-78.7198],"carpPosition":[-29.3333,201.379,43.7749],"dipPosition":[-57.2815,268.765,-64.4986],"direction":[-0.232389,0.49362,-0.838054],"extended":true,"handId":423,"id":4231,"length":54.8174,"mcpPosition":[-44.5093,232.342,-15.5036],"pipPosition":[-52.0457,257.644,-45.6169],"stabilizedTipPosition":[-57.2803,275.808,-90.0449],"timeVisible":1.7357,"tipPosition":[-59.429,273.038,-75.8014],"tipVelocity":[-39.7344,-70.9865,209.134],"tool":false,"touchDistance":0.0917856,"touchZone":"hovering","type":1,"width":18.0304},{"bases":[[[0.914674,-0.321047,-0.245561],[0.394064,0.843465,0.365076],[0.0899157,-0.430693,0.898008]],[[0.914805,-0.321679,-0.244244],[0.0135309,0.628788,-0.777459],[0.403669,0.707919,0.579571]],[[0.914805,-0.321679,-0.244244],[-0.371289,-0.431732,-0.822041],[0.158985,0.842692,-0.514387]],[[0.914805,-0.321679,-0.244244],[-0.399677,-0.808151,-0.432608],[-0.0582249,0.493371,-0.867868]]],"btipPosition":[-45.5111,166.985,-15.0809],"carpPosition":[-18.3323,201.762,40.5233],"dipPosition":[-46.531,175.628,-30.2833],"direction":[-0.158985,-0.842692,0.514387],"extended":false,"handId":423,"id":4232,"length":62.4601,"mcpPosition":[-24.1799,229.772,-17.878],"pipPosition":[-42.3168,197.965,-43.9181],"stabilizedTipPosition":[-45.5515,173.089,-34.6618],"timeVisible":1.7357,"tipPosition":[-45.9428,169.297,-19.8041],"tipVelocity":[-13.9868,-73.1043,245.284],"tool":false,"touchDistance":0.333333,"touchZone":"none","type":2,"width":17.7082},{"bases":[[[0.88561,-0.443592,-0.137553],[0.461072,0.804212,0.37504],[-0.0557426,-0.395561,0.916747]],[[0.884488,-0.450505,-0.12135],[0.157148,0.532556,-0.831678],[0.439301,0.71654,0.541835]],[[0.884488,-0.450505,-0.12135],[-0.351665,-0.472799,-0.807956],[0.306614,0.757302,-0.576612]],[[0.884488,-0.450505,-0.12135],[-0.458252,-0.789963,-0.407385],[0.0876676,0.415936,-0.905158]]],"btipPosition":[-32.1329,165.596,-8.09641],"carpPosition":[-7.64729,199.141,37.3447],"dipPosition":[-30.6061,172.84,-23.8609],"direction":[-0.306614,-0.757302,0.576612],"extended":false,"handId":423,"id":4233,"length":60.057,"mcpPosition":[-4.39248,222.238,-16.184],"pipPosition":[-22.6885,192.395,-38.7505],"stabilizedTipPosition":[-31.5696,171.401,-27.0166],"timeVisible":1.7357,"tipPosition":[-31.8088,167.497,-13.1501],"tipVelocity":[-12.8833,-75.7599,227.529],"tool":false,"touchDistance":0.333333,"touchZone":"none","type":3,"width":16.8505},{"bases":[[[0.784768,-0.613133,-0.0905891],[0.586456,0.6873,0.428589],[-0.20052,-0.389469,0.898947]],[[0.783011,-0.616467,-0.0828385],[0.304992,0.496587,-0.812638],[0.542101,0.61104,0.576851]],[[0.783011,-0.616467,-0.0828385],[-0.394968,-0.389891,-0.831856],[0.480514,0.684071,-0.548774]],[[0.783011,-0.616467,-0.0828385],[-0.582403,-0.679861,-0.445641],[0.218404,0.397187,-0.891371]]],"btipPosition":[-18.0424,172.069,-9.58668],"carpPosition":[1.25681,190.011,33.6883],"dipPosition":[-14.5332,178.451,-23.9086],"direction":[-0.480514,-0.684071,0.548774],"extended":false,"handId":423,"id":4234,"length":47.0836,"mcpPosition":[12.0951,211.062,-14.9006],"pipPosition":[-5.7726,190.922,-33.9137],"stabilizedTipPosition":[-16.9452,177.803,-25.6741],"timeVisible":1.7357,"tipPosition":[-17.1085,173.643,-13.4597],"tipVelocity":[-11.9353,-82.1062,190.499],"tool":false,"touchDistance":0.333333,"touchZone":"none","type":4,"width":14.9679}],"r":[[0.851321,-0.498981,-0.16208],[0.523545,0.827973,0.200902],[0.0339513,-0.255888,0.96611]],"s":0.962793,"t":[-36.3025,75.4423,-147.146],"timestamp":88956310172},false],[1,{"currentFrameRate":53.016,"devices":[],"gestures":[{"center":[-31.0091,271.918,-95.0513],"duration":0,"handIds":[423],"id":2,"normal":[-0.0560128,-0.0189227,0.998251],"pointableIds":[4231],"progress":1,"radius":22.9315,"state":"stop","type":"circle"}],"hands":[{"armBasis":[[0.925429,-0.164188,-0.341503],[0.27441,0.911898,0.305192],[0.261307,-0.376145,0.888951]],"armWidth":59.3966,"confidence":0.753941,"direction":[-0.0291256,0.54571,-0.837468],"elbow":[54.2817,89.8528,269.861],"grabStrength":0,"id":423,"palmNormal":[-0.289261,-0.806577,-0.515521],"palmPosition":[-20.9137,210.357,3.18736],"palmVelocity":[38.7178,-108.67,196.679],"palmWidth":84.8164,"pinchStrength":0.453166,"r":[[0.845617,-0.505069,-0.172737],[0.532006,0.823881,0.195421],[0.0436137,-0.257148,0.965387]],"s":0.96196,"sphereCenter":[-51.9858,202.399,-25.0699],"sphereRadius":46.8757,"stabilizedPalmPosition":[-22.7937,216.542,-10.3347],"t":[-35.5614,73.3722,-143.415],"timeVisible":1.75461,"type":"right","wrist":[-11.4842,184.521,46.1297]}],"id":1426503,"interactionBox":{"center":[0,200,0],"size":[235.247,235.247,147.751]},"pointables":[{"bases":[[[0.638056,0.736473,0.224706],[-0.629304,0.330616,0.703327],[0.44369,-0.59017,0.674417]],[[0.51781,0.853229,0.0622307],[-0.662112,0.353634,0.66072],[0.541738,-0.383331,0.748049]],[[0.51781,0.853229,0.0622307],[-0.838683,0.491938,0.233681],[0.16877,-0.173194,0.97032]],[[0.51781,0.853229,0.0622307],[-0.752806,0.489003,-0.440635],[-0.406393,0.181317,0.895527]]],"btipPosition":[-61.435,200.084,-36.7525],"carpPosition":[-39.7293,180.699,48.4301],"dipPosition":[-70.3007,204.04,-17.216],"direction":[-0.16877,0.173194,-0.97032],"extended":false,"handId":423,"id":4230,"length":48.5803,"mcpPosition":[-39.7293,180.699,48.4301],"pipPosition":[-64.9368,198.536,13.6229],"stabilizedTipPosition":[-65.0086,206.22,-53.795],"timeVisible":1.75461,"tipPosition":[-64.3327,201.049,-32.6869],"tipVelocity":[27.002,-90.5567,261.307],"tool":false,"touchDistance":0.620802,"touchZone":"hovering","type":0,"width":18.876},{"bases":[[[0.938334,-0.13238,-0.319383],[0.257971,0.883115,0.391867],[0.230176,-0.450093,0.862807]],[[0.932122,-0.120794,-0.341404],[0.30566,0.768003,0.5628],[0.194216,-0.628951,0.752795]],[[0.932122,-0.120794,-0.341404],[0.268028,0.86408,0.426061],[0.243534,-0.488646,0.837804]],[[0.932122,-0.120794,-0.341404],[0.22951,0.926277,0.29889],[0.28013,-0.356958,0.891127]]],"btipPosition":[-61.0654,271.884,-74.2758],"carpPosition":[-27.5542,199.135,48.1097],"dipPosition":[-56.604,266.199,-60.0834],"direction":[-0.243534,0.488646,-0.837804],"extended":true,"handId":423,"id":4231,"length":54.8174,"mcpPosition":[-43.3392,230.001,-11.0598],"pipPosition":[-51.1171,255.189,-41.2073],"stabilizedTipPosition":[-57.3688,275.641,-89.4344],"timeVisible":1.75461,"tipPosition":[-58.9508,270.464,-71.3253],"tipVelocity":[-7.46351,-104.94,221.639],"tool":false,"touchDistance":0.165742,"touchZone":"hovering","type":1,"width":18.0304},{"bases":[[[0.902986,-0.340569,-0.261971],[0.417884,0.837924,0.351078],[0.0999453,-0.426492,0.898953]],[[0.903143,-0.341245,-0.260546],[0.00735428,0.61906,-0.78531],[0.429276,0.707331,0.561609]],[[0.903143,-0.341245,-0.260546],[-0.397563,-0.435586,-0.807594],[0.162097,0.832957,-0.529063]],[[0.903143,-0.341245,-0.260546],[-0.423807,-0.805686,-0.413832],[-0.0686998,0.484171,-0.872272]]],"btipPosition":[-45.4976,164.676,-9.76104],"carpPosition":[-16.6171,199.28,44.6314],"dipPosition":[-46.701,173.157,-25.0406],"direction":[-0.162097,-0.832957,0.529063],"extended":false,"handId":423,"id":4232,"length":62.4601,"mcpPosition":[-23.1169,227.017,-13.8314],"pipPosition":[-42.4043,195.236,-39.0645],"stabilizedTipPosition":[-45.5536,173.027,-34.4572],"timeVisible":1.75461,"tipPosition":[-46.0049,166.928,-14.5229],"tipVelocity":[-7.87102,-98.106,262.484],"tool":false,"touchDistance":0.333333,"touchZone":"none","type":2,"width":17.7082},{"bases":[[[0.873763,-0.46181,-0.152542],[0.484304,0.797428,0.359942],[-0.044583,-0.388381,0.92042]],[[0.872841,-0.468586,-0.13629],[0.149662,0.522857,-0.839179],[0.464488,0.712073,0.526501]],[[0.872841,-0.468586,-0.13629],[-0.377862,-0.472217,-0.796386],[0.308817,0.746618,-0.589232]],[[0.872841,-0.468586,-0.13629],[-0.481957,-0.783895,-0.391442],[0.076587,0.407353,-0.910054]]],"btipPosition":[-32.103,163.076,-3.35252],"carpPosition":[-6.05294,196.429,41.2533],"dipPosition":[-30.7692,170.17,-19.2023],"direction":[-0.308817,-0.746618,0.589232],"extended":false,"handId":423,"id":4233,"length":60.057,"mcpPosition":[-3.44975,219.106,-12.4899],"pipPosition":[-22.7948,189.45,-34.4177],"stabilizedTipPosition":[-31.572,171.329,-26.8033],"timeVisible":1.75461,"tipPosition":[-31.8495,164.92,-8.36688],"tipVelocity":[-6.93899,-104.852,238.451],"tool":false,"touchDistance":0.333333,"touchZone":"none","type":3,"width":16.8505},{"bases":[[[0.770618,-0.629024,-0.10235],[0.608456,0.678426,0.411727],[-0.189549,-0.37956,0.905541]],[[0.768996,-0.632197,-0.0947259],[0.29473,0.482127,-0.825038],[0.567256,0.606532,0.557081]],[[0.768996,-0.632197,-0.0947259],[-0.42203,-0.390781,-0.818035],[0.480142,0.669043,-0.567314]],[[0.768996,-0.632197,-0.0947259],[-0.605293,-0.672449,-0.425949],[0.205585,0.38489,-0.899775]]],"btipPosition":[-17.9144,169.244,-5.02759],"carpPosition":[2.59411,187.102,37.4791],"dipPosition":[-14.6112,175.428,-19.4845],"direction":[-0.480142,-0.669043,0.567315],"extended":false,"handId":423,"id":4234,"length":47.0836,"mcpPosition":[12.8394,207.618,-11.4662],"pipPosition":[-5.85738,187.626,-29.8277],"stabilizedTipPosition":[-16.9484,177.696,-25.4146],"timeVisible":1.75461,"tipPosition":[-17.0504,170.77,-8.98019],"tipVelocity":[-3.98882,-116.274,214.498],"tool":false,"touchDistance":0.333333,"touchZone":"none","type":4,"width":14.9679}],"r":[[0.845617,-0.505069,-0.172737],[0.532006,0.823881,0.195421],[0.0436137,-0.257148,0.965387]],"s":0.96196,"t":[-35.5614,73.3722,-143.415],"timestamp":88956329085},false],[2,{"currentFrameRate":53.0383,"devices":[],"gestures":[],"hands":[{"armBasis":[[0.916799,-0.170533,-0.361106],[0.283097,0.915302,0.286493],[0.281665,-0.364885,0.887426]],"armWidth":59.3966,"confidence":0.756766,"direction":[-0.0329833,0.544608,-0.838042],"elbow":[60.829,89.7343,273.792],"grabStrength":0,"id":423,"palmNormal":[-0.300789,-0.805034,-0.511319],"palmPosition":[-19.7045,207.412,7.55387],"palmVelocity":[51.2581,-132.195,214.204],"palmWidth":84.8164,"pinchStrength":0.444077,"r":[[0.839751,-0.511309,-0.182706],[0.540397,0.819763,0.189632],[0.0528151,-0.257977,0.964706]],"s":0.961048,"sphereCenter":[-51.266,199.627,-20.3119],"sphereRadius":46.9384,"stabilizedPalmPosition":[-22.6435,216.098,-9.46499],"t":[-34.5863,70.8646,-139.366],"timeVisible":1.77339,"type":"right","wrist":[-10.0605,181.569,50.444]}],"id":1426504,"interactionBox":{"center":[0,200,0],"size":[235.247,235.247,147.751]},"pointables":[{"bases":[[[0.646131,0.731667,0.217206],[-0.619676,0.336776,0.708931],[0.445552,-0.592659,0.670998]],[[0.52674,0.848076,0.0575465],[-0.648962,0.357499,0.671597],[0.548992,-0.391102,0.738679]],[[0.52674,0.848076,0.0575465],[-0.83281,0.501332,0.23472],[0.17021,-0.171562,0.970358]],[[0.52674,0.848076,0.0575465],[-0.739683,0.490668,-0.460558],[-0.418824,0.200028,0.885762]]],"btipPosition":[-60.1292,197.265,-31.5065],"carpPosition":[-38.3115,177.977,53.0284],"dipPosition":[-69.2662,201.628,-12.183],"direction":[-0.17021,0.171562,-0.970358],"extended":false,"handId":423,"id":4230,"length":48.5803,"mcpPosition":[-38.3115,177.977,53.0284],"pipPosition":[-63.8565,196.176,18.6571],"stabilizedTipPosition":[-64.9941,206.179,-53.6553],"timeVisible":1.77339,"tipPosition":[-63.1588,198.351,-27.5511],"tipVelocity":[46.1482,-117.228,268.879],"tool":false,"touchDistance":0.670011,"touchZone":"hovering","type":0,"width":18.876},{"bases":[[[0.934051,-0.140429,-0.328371],[0.268899,0.881626,0.387852],[0.235035,-0.450572,0.861245]],[[0.927088,-0.12773,-0.352409],[0.317286,0.768005,0.556326],[0.199592,-0.627578,0.752535]],[[0.927088,-0.12773,-0.352409],[0.277849,0.865233,0.417339],[0.251609,-0.484827,0.837637]],[[0.927088,-0.12773,-0.352409],[0.237376,0.92767,0.288237],[0.290103,-0.350875,0.890352]]],"btipPosition":[-60.3929,268.858,-69.6941],"carpPosition":[-25.9924,196.314,52.5578],"dipPosition":[-55.7727,263.27,-55.514],"direction":[-0.251609,0.484827,-0.837637],"extended":true,"handId":423,"id":4231,"length":54.8174,"mcpPosition":[-42.1106,227.214,-6.5046],"pipPosition":[-50.1038,252.347,-36.6417],"stabilizedTipPosition":[-57.4317,275.382,-88.6964],"timeVisible":1.77339,"tipPosition":[-58.2471,267.555,-66.6959],"tipVelocity":[14.6135,-131.801,232.501],"tool":false,"touchDistance":0.242056,"touchZone":"hovering","type":1,"width":18.0304},{"bases":[[[0.8976,-0.348236,-0.27027],[0.428035,0.835086,0.345568],[0.10536,-0.425867,0.898631]],[[0.897777,-0.348956,-0.268751],[-0.00381567,0.603987,-0.796985],[0.440435,0.71654,0.540914]],[[0.897777,-0.348956,-0.268751],[-0.412013,-0.449658,-0.792498],[0.155701,0.822215,-0.547467]],[[0.897777,-0.348956,-0.268751],[-0.433293,-0.809278,-0.396644],[-0.0790829,0.472546,-0.877751]]],"btipPosition":[-44.4718,161.796,-3.88594],"carpPosition":[-15.0892,196.366,48.9719],"dipPosition":[-45.8571,170.074,-19.2615],"direction":[-0.155701,-0.822215,0.547467],"extended":false,"handId":423,"id":4232,"length":62.4601,"mcpPosition":[-21.9412,224.062,-9.4699],"pipPosition":[-41.73,191.868,-33.7732],"stabilizedTipPosition":[-45.5478,172.956,-34.2517],"timeVisible":1.77339,"tipPosition":[-45.0844,164.03,-8.87945],"tipVelocity":[21.5522,-126.315,286.537],"tool":false,"touchDistance":0.333333,"touchZone":"none","type":2,"width":17.7082},{"bases":[[[0.868483,-0.469066,-0.16036],[0.494211,0.794071,0.353845],[-0.0386394,-0.38656,0.921454]],[[0.867668,-0.475799,-0.144112],[0.145535,0.520277,-0.841506],[0.475365,0.709174,0.520673]],[[0.867668,-0.475799,-0.144112],[-0.389516,-0.470508,-0.79177],[0.308918,0.743127,-0.593575]],[[0.867668,-0.475799,-0.144112],[-0.492077,-0.780662,-0.385262],[0.0708049,0.405193,-0.911485]]],"btipPosition":[-31.3342,160.214,1.20846],"carpPosition":[-4.58211,193.425,45.4949],"dipPosition":[-30.101,167.271,-14.6662],"direction":[-0.308918,-0.743127,0.593575],"extended":false,"handId":423,"id":4233,"length":60.057,"mcpPosition":[-2.32595,215.996,-8.30876],"pipPosition":[-22.124,186.46,-29.9938],"stabilizedTipPosition":[-31.567,171.238,-26.5683],"timeVisible":1.77339,"tipPosition":[-31.1157,162.045,-3.79617],"tipVelocity":[15.835,-128.308,240.494],"tool":false,"touchDistance":0.333333,"touchZone":"none","type":3,"width":16.8505},{"bases":[[[0.764497,-0.635365,-0.10888],[0.617907,0.674155,0.404605],[-0.18367,-0.376597,0.907987]],[[0.762954,-0.638455,-0.101375],[0.288025,0.476118,-0.830875],[0.578743,0.60472,0.547147]],[[0.762954,-0.638455,-0.101375],[-0.435087,-0.39116,-0.810983],[0.478122,0.662849,-0.57622]],[[0.762954,-0.638455,-0.101375],[-0.615341,-0.669185,-0.416589],[0.198135,0.380218,-0.903425]]],"btipPosition":[-17.0962,166.252,-0.439159],"carpPosition":[3.9522,184.023,41.6513],"dipPosition":[-13.9127,172.361,-14.9548],"direction":[-0.478122,-0.662849,0.57622],"extended":false,"handId":423,"id":4234,"length":47.0836,"mcpPosition":[13.8797,204.378,-7.42624],"pipPosition":[-5.1957,184.446,-25.4603],"stabilizedTipPosition":[-16.9399,177.551,-25.1033],"timeVisible":1.77339,"tipPosition":[-16.2754,167.761,-4.43462],"tipVelocity":[18.5148,-137.755,228.744],"tool":false,"touchDistance":0.333333,"touchZone":"none","type":4,"width":14.9679}],"r":[[0.839751,-0.511309,-0.182706],[0.540397,0.819763,0.189632],[0.0528151,-0.257977,0.964706]],"s":0.961048,"t":[-34.5863,70.8646,-139.366],"timestamp":88956347859},false],[3,{"currentFrameRate":53.0139,"devices":[],"gestures":[],"hands":[{"armBasis":[[0.908734,-0.157056,-0.386699],[0.280502,0.915882,0.287192],[0.309065,-0.369451,0.876347]],"armWidth":59.3966,"confidence":0.768019,"direction":[-0.0266031,0.543698,-0.838859],"elbow":[69.0647,83.6928,277.18],"grabStrength":0,"id":423,"palmNormal":[-0.296526,-0.805679,-0.512789],"palmPosition":[-18.0376,202.47,13.6288],"palmVelocity":[69.2903,-195.354,266.458],"palmWidth":84.8164,"pinchStrength":0.447659,"r":[[0.835274,-0.516253,-0.18921],[0.546694,0.816505,0.185596],[0.0586771,-0.258463,0.964237]],"s":0.960048,"sphereCenter":[-49.5662,194.655,-14.4034],"sphereRadius":47.021,"stabilizedPalmPosition":[-22.3817,215.323,-8.15224],"t":[-33.2653,67.1401,-134.304],"timeVisible":1.79234,"type":"right","wrist":[-8.72104,176.676,56.6208]}],"id":1426505,"interactionBox":{"center":[0,200,0],"size":[235.247,235.247,147.751]},"pointables":[{"bases":[[[0.64418,0.73211,0.221464],[-0.625307,0.337334,0.703703],[0.440481,-0.591794,0.675097]],[[0.527313,0.84738,0.0623601],[-0.650076,0.355095,0.671796],[0.547122,-0.394785,0.738107]],[[0.527313,0.84738,0.0623601],[-0.835128,0.503369,0.221769],[0.156532,-0.16902,0.973103]],[[0.527313,0.84738,0.0623601],[-0.72124,0.485199,-0.494362],[-0.449169,0.215707,0.867016]]],"btipPosition":[-57.6242,192.114,-25.1985],"carpPosition":[-36.9902,173.079,58.988],"dipPosition":[-67.4231,196.82,-6.284],"direction":[-0.156532,0.16902,-0.973103],"extended":false,"handId":423,"id":4230,"length":48.5803,"mcpPosition":[-36.9902,173.079,58.988],"pipPosition":[-62.4482,191.448,24.6434],"stabilizedTipPosition":[-64.9481,206.062,-53.3608],"timeVisible":1.79234,"tipPosition":[-60.8468,193.301,-21.4271],"tipVelocity":[84.4729,-191.113,297.874],"tool":false,"touchDistance":0.729552,"touchZone":"hovering","type":0,"width":18.876},{"bases":[[[0.936635,-0.140476,-0.320907],[0.265578,0.882129,0.388995],[0.228437,-0.449572,0.86354]],[[0.929328,-0.12687,-0.346775],[0.312703,0.769857,0.556361],[0.196382,-0.625479,0.755123]],[[0.929328,-0.12687,-0.346775],[0.273265,0.867912,0.414795],[0.248345,-0.480242,0.841244]],[[0.929328,-0.12687,-0.346775],[0.232736,0.930351,0.283338],[0.286676,-0.344021,0.894129]]],"btipPosition":[-58.365,263.598,-64.0602],"carpPosition":[-24.6736,191.419,58.5941],"dipPosition":[-53.7993,258.119,-49.82],"direction":[-0.248345,0.480242,-0.841244],"extended":true,"handId":423,"id":4231,"length":54.8174,"mcpPosition":[-40.3394,222.25,-0.625693],"pipPosition":[-48.204,247.299,-30.8664],"stabilizedTipPosition":[-57.4263,274.778,-87.4037],"timeVisible":1.79234,"tipPosition":[-56.239,262.396,-60.9955],"tipVelocity":[59.684,-202.77,264.69],"tool":false,"touchDistance":0.3359,"touchZone":"hovering","type":1,"width":18.0304},{"bases":[[[0.899796,-0.348233,-0.26287],[0.425055,0.835596,0.348006],[0.098466,-0.424869,0.899884]],[[0.899967,-0.348975,-0.261297],[-0.00104965,0.597627,-0.801774],[0.435957,0.721844,0.537478]],[[0.899967,-0.348975,-0.261297],[-0.406924,-0.457352,-0.790723],[0.156438,0.817952,-0.553608]],[[0.899967,-0.348975,-0.261297],[-0.429474,-0.812678,-0.393835],[-0.074912,0.466659,-0.881259]]],"btipPosition":[-42.5685,156.813,2.53276],"carpPosition":[-13.7428,191.471,55.0935],"dipPosition":[-43.8807,164.988,-12.9042],"direction":[-0.156438,-0.817952,0.553608],"extended":false,"handId":423,"id":4232,"length":62.4601,"mcpPosition":[-20.1464,219.102,-3.42982],"pipPosition":[-39.734,186.669,-27.5787],"stabilizedTipPosition":[-45.5194,172.805,-33.8989],"timeVisible":1.79234,"tipPosition":[-43.1617,159.003,-2.47867],"tipVelocity":[60.7453,-194.046,311.799],"tool":false,"touchDistance":0.333333,"touchZone":"none","type":2,"width":17.7082},{"bases":[[[0.869859,-0.468954,-0.153061],[0.491177,0.794611,0.356845],[-0.0457198,-0.385585,0.921539]],[[0.868892,-0.475837,-0.136404],[0.14816,0.512931,-0.845547],[0.472308,0.71448,0.516182]],[[0.868892,-0.475837,-0.136404],[-0.385746,-0.478209,-0.788997],[0.310204,0.73817,-0.599065]],[[0.868892,-0.475837,-0.136404],[-0.489266,-0.783744,-0.382577],[0.075138,0.399156,-0.913799]]],"btipPosition":[-29.5279,155.273,7.77962],"carpPosition":[-3.20784,188.529,51.7019],"dipPosition":[-28.2192,162.225,-8.13538],"direction":[-0.310204,-0.73817,0.599065],"extended":false,"handId":423,"id":4233,"length":60.057,"mcpPosition":[-0.538268,211.043,-2.1067],"pipPosition":[-20.209,181.286,-23.6047],"stabilizedTipPosition":[-31.5357,171.045,-26.1573],"timeVisible":1.79234,"tipPosition":[-29.2964,157.068,2.70903],"tipVelocity":[55.3355,-193.982,292.456],"tool":false,"touchDistance":0.333333,"touchZone":"none","type":3,"width":16.8505},{"bases":[[[0.765527,-0.635232,-0.102217],[0.614511,0.67479,0.408699],[-0.190644,-0.375683,0.906927]],[[0.76395,-0.638269,-0.0948331],[0.292411,0.47344,-0.830873],[0.575218,0.607015,0.548321]],[[0.76395,-0.638269,-0.0948331],[-0.43015,-0.394182,-0.812152],[0.48099,0.661236,-0.575687]],[[0.76395,-0.638269,-0.0948331],[-0.612269,-0.670602,-0.418831],[0.203732,0.37803,-0.903099]]],"btipPosition":[-15.3382,161.295,5.84837],"carpPosition":[5.35924,179.126,47.9352],"dipPosition":[-12.0648,167.369,-8.66197],"direction":[-0.48099,-0.661236,0.575687],"extended":false,"handId":423,"id":4234,"length":47.0836,"mcpPosition":[15.6637,199.432,-1.08502],"pipPosition":[-3.29554,179.424,-19.1577],"stabilizedTipPosition":[-16.8939,177.261,-24.5634],"timeVisible":1.79234,"tipPosition":[-14.5,162.795,1.8367],"tipVelocity":[55.5303,-198.811,279.398],"tool":false,"touchDistance":0.333333,"touchZone":"none","type":4,"width":14.9679}],"r":[[0.835274,-0.516253,-0.18921],[0.546694,0.816505,0.185596],[0.0586771,-0.258463,0.964237]],"s":0.960048,"t":[-33.2653,67.1401,-134.304],"timestamp":88956366810},false],[4,{"currentFrameRate":50.7242,"devices":[],"gestures":[],"hands":[{"armBasis":[[0.778258,-0.512768,-0.362469],[0.60132,0.774865,0.19493],[0.180911,-0.369666,0.911383]],"armWidth":59.3966,"confidence":0.756038,"direction":[0.25311,0.578707,-0.775264],"elbow":[54.1961,148.519,290.212],"grabStrength":0,"id":424,"palmNormal":[-0.545794,-0.576233,-0.608329],"palmPosition":[13.5313,272.466,20.5687],"palmVelocity":[-36.6917,247.651,-195.208],"palmWidth":84.8164,"pinchStrength":0.642416,"r":[[0.968436,-0.24407,-0.0506064],[0.248923,0.957554,0.145354],[0.0129816,-0.153364,0.988085]],"s":1.07941,"sphereCenter":[-4.15092,260.399,-17.4139],"sphereRadius":43.3661,"stabilizedPalmPosition":[14.1673,268.298,23.8722],"t":[-6.22789,139.771,-92.9889],"timeVisible":0.320883,"type":"right","wrist":[8.6643,241.556,60.8342]}],"id":1426553,"interactionBox":{"center":[0,200,0],"size":[235.247,235.247,147.751]},"pointables":[{"bases":[[[0.858989,0.396096,0.324418],[-0.497544,0.496304,0.71143],[0.120785,-0.772522,0.623394]],[[0.740919,0.669654,0.0510064],[-0.53394,0.541287,0.64955],[0.407365,-0.508499,0.758606]],[[0.740919,0.669654,0.0510064],[-0.66826,0.727553,0.155229],[0.0668396,-0.149097,0.986561]],[[0.740919,0.669654,0.0510064],[-0.628289,0.717973,-0.299612],[-0.237258,0.189941,0.952697]]],"btipPosition":[-34.7676,273.501,-25.7367],"carpPosition":[-18.8642,249.245,61.7006],"dipPosition":[-39.9435,277.645,-4.953],"direction":[-0.0668396,0.149097,-0.986561],"extended":false,"handId":424,"id":4240,"length":48.5803,"mcpPosition":[-18.8642,249.245,61.7006],"pipPosition":[-37.8192,272.906,26.4021],"stabilizedTipPosition":[-35.4577,271.633,-18.9617],"timeVisible":0.320883,"tipPosition":[-35.2731,273.514,-19.9339],"tipVelocity":[-51.2553,293.923,-201.504],"tool":false,"touchDistance":0.124377,"touchZone":"hovering","type":0,"width":18.876},{"bases":[[[0.829935,-0.47175,-0.29776],[0.556874,0.668858,0.492463],[-0.0331602,-0.574527,0.817814]],[[0.824334,-0.517725,-0.228983],[0.563922,0.715508,0.41236],[-0.0496501,-0.469051,0.881774]],[[0.824334,-0.517725,-0.228983],[0.549197,0.829489,0.10164],[0.137317,-0.209542,0.968109]],[[0.824334,-0.517725,-0.228983],[0.495932,0.855497,-0.148914],[0.272991,0.00919444,0.961973]]],"btipPosition":[-3.56546,323.94,-64.752],"carpPosition":[-0.386303,261.182,63.7774],"dipPosition":[0.782289,324.087,-49.4313],"direction":[-0.137317,0.209542,-0.968109],"extended":true,"handId":424,"id":4241,"length":54.8174,"mcpPosition":[1.88775,300.581,7.69346],"pipPosition":[3.87611,319.366,-27.6193],"stabilizedTipPosition":[-2.68864,322.196,-59.8176],"timeVisible":0.320883,"tipPosition":[-3.46417,321.904,-61.1099],"tipVelocity":[16.0597,287.928,-201.558],"tool":false,"touchDistance":0.121008,"touchZone":"hovering","type":1,"width":18.0304},{"bases":[[[0.710649,-0.652099,-0.264093],[0.688304,0.566698,0.452869],[-0.145654,-0.503607,0.851566]],[[0.712307,-0.646154,-0.274051],[0.362362,0.672956,-0.644844],[0.601093,0.360021,0.713492]],[[0.712307,-0.646154,-0.274051],[-0.520904,-0.224994,-0.82343],[0.470403,0.729289,-0.496849]],[[0.712307,-0.646154,-0.274051],[-0.700108,-0.626481,-0.342593],[0.0496797,0.435897,-0.898624]]],"btipPosition":[-20.9349,246.811,2.20189],"carpPosition":[9.93893,257.202,60.7289],"dipPosition":[-20.0647,254.447,-13.5393],"direction":[-0.470403,-0.729289,0.496849],"extended":false,"handId":424,"id":4242,"length":62.4601,"mcpPosition":[19.4114,289.954,5.34797],"pipPosition":[-7.59572,273.778,-26.7093],"stabilizedTipPosition":[-19.4502,243.233,2.93301],"timeVisible":0.320883,"tipPosition":[-20.2531,248.335,0.322825],"tipVelocity":[-67.2538,281.627,-229.188],"tool":false,"touchDistance":0.333333,"touchZone":"none","type":2,"width":17.7082},{"bases":[[[0.627546,-0.759953,-0.169283],[0.732324,0.502318,0.459759],[-0.264361,-0.41249,0.87176]],[[0.62615,-0.762108,-0.164706],[0.461771,0.532674,-0.709243],[0.628254,0.368036,0.685453]],[[0.62615,-0.762108,-0.164706],[-0.533393,-0.264604,-0.803416],[0.568707,0.590912,-0.572184]],[[0.62615,-0.762108,-0.164706],[-0.768182,-0.566799,-0.297716],[0.133537,0.312939,-0.940339]]],"btipPosition":[-9.01461,238.68,9.15096],"carpPosition":[18.7261,250.632,57.4484],"dipPosition":[-6.68889,244.13,-7.22626],"direction":[-0.568707,-0.590912,0.572184],"extended":false,"handId":424,"id":4243,"length":60.057,"mcpPosition":[34.1621,274.717,6.54638],"pipPosition":[7.99652,259.389,-22.0015],"stabilizedTipPosition":[-7.13732,234.654,9.28024],"timeVisible":0.320883,"tipPosition":[-8.08206,239.861,6.92241],"tipVelocity":[-67.0168,263.209,-193.886],"tool":false,"touchDistance":0.333333,"touchZone":"none","type":3,"width":16.8505},{"bases":[[[0.463046,-0.875068,-0.140871],[0.794764,0.339573,0.503032],[-0.392351,-0.344886,0.85271]],[[0.392009,-0.91996,0.00166728],[0.597818,0.253361,-0.760541],[0.699244,0.299136,0.649288]],[[0.392009,-0.91996,0.00166728],[-0.571406,-0.244905,-0.783273],[0.720988,0.306098,-0.621676]],[[0.392009,-0.91996,0.00166728],[-0.883248,-0.376872,-0.278999],[0.257296,0.107898,-0.96029]]],"btipPosition":[4.10064,240.43,12.2906],"carpPosition":[23.2198,238.962,53.0175],"dipPosition":[8.2347,242.164,-3.13862],"direction":[-0.720988,-0.306098,0.621676],"extended":false,"handId":424,"id":4244,"length":47.0836,"mcpPosition":[44.4267,257.604,6.92775],"pipPosition":[21.3796,247.744,-14.4729],"stabilizedTipPosition":[6.36162,235.681,12.914],"timeVisible":0.320883,"tipPosition":[5.03766,240.78,9.72458],"tipVelocity":[-63.8072,251.936,-203.907],"tool":false,"touchDistance":0.333333,"touchZone":"none","type":4,"width":14.9679}],"r":[[0.968436,-0.24407,-0.0506064],[0.248923,0.957554,0.145354],[0.0129816,-0.153364,0.988085]],"s":1.07941,"t":[-6.22789,139.771,-92.9889],"timestamp":88957366969},false],[5,{"currentFrameRate":50.9965,"devices":[],"gestures":[],"hands":[{"armBasis":[[0.76938,-0.527161,-0.360771],[0.61409,0.765912,0.190453],[0.17592,-0.368076,0.913002]],"armWidth":59.3966,"confidence":0.705624,"direction":[0.254456,0.596997,-0.76082],"elbow":[52.0742,152.647,285.503],"grabStrength":0,"id":424,"palmNormal":[-0.560161,-0.550319,-0.619168],"palmPosition":[12.7496,277.267,16.309],"palmVelocity":[-39.2874,252.784,-211.656],"palmWidth":84.8164,"pinchStrength":0.644431,"r":[[0.963783,-0.260721,-0.0560913],[0.266317,0.951981,0.151019],[0.0140242,-0.160487,0.986938]],"s":1.08343,"sphereCenter":[-5.63779,267.044,-21.6782],"sphereRadius":43.3624,"stabilizedPalmPosition":[13.4801,272.646,20.2058],"t":[-6.9676,144.513,-96.9665],"timeVisible":0.339473,"type":"right","wrist":[7.79852,245.285,55.7178]}],"id":1426554,"interactionBox":{"center":[0,200,0],"size":[235.247,235.247,147.751]},"pointables":[{"bases":[[[0.867899,0.373821,0.327121],[-0.483241,0.482908,0.730259],[0.115017,-0.791869,0.599761]],[[0.751118,0.657208,0.0624437],[-0.520909,0.531909,0.667628],[0.405556,-0.533995,0.741872]],[[0.751118,0.657208,0.0624437],[-0.655819,0.731986,0.184655],[0.0756486,-0.179649,0.980818]],[[0.751118,0.657208,0.0624437],[-0.621385,0.735765,-0.269315],[-0.22294,0.163486,0.961026]]],"btipPosition":[-36.013,280.343,-29.581],"carpPosition":[-19.6015,253.352,57.0768],"dipPosition":[-40.8766,283.909,-8.61557],"direction":[-0.0756486,0.179649,-0.980818],"extended":false,"handId":424,"id":4240,"length":48.5803,"mcpPosition":[-19.6015,253.352,57.0768],"pipPosition":[-38.4723,278.2,22.557],"stabilizedTipPosition":[-36.5304,277.74,-22.6769],"timeVisible":0.339473,"tipPosition":[-36.4687,280.24,-23.7746],"tipVelocity":[-57.0095,326.384,-202.978],"tool":false,"touchDistance":0.105085,"touchZone":"hovering","type":0,"width":18.876},{"bases":[[[0.819867,-0.475209,-0.319365],[0.571539,0.646071,0.505901],[-0.0340758,-0.597301,0.801293]],[[0.814498,-0.521557,-0.254109],[0.577888,0.690556,0.434947],[-0.0513731,-0.50111,0.863858]],[[0.814498,-0.521557,-0.254109],[0.564717,0.813122,0.141165],[0.132996,-0.258479,0.956818]],[[0.814498,-0.521557,-0.254109],[0.514549,0.851738,-0.0988992],[0.268016,-0.0501984,0.962106]]],"btipPosition":[-3.79752,332.602,-67.1146],"carpPosition":[-0.926753,264.949,59.3121],"dipPosition":[0.470999,331.803,-51.7918],"direction":[-0.132996,0.258479,-0.956818],"extended":true,"handId":424,"id":4241,"length":54.8174,"mcpPosition":[1.41009,305.911,4.36105],"pipPosition":[3.46746,325.979,-30.2342],"stabilizedTipPosition":[-2.78288,329.774,-62.6144],"timeVisible":0.339473,"tipPosition":[-3.77405,330.32,-63.5863],"tipVelocity":[1.74917,368.538,-165.449],"tool":false,"touchDistance":0.139357,"touchZone":"hovering","type":1,"width":18.0304},{"bases":[[[0.698199,-0.654667,-0.289705],[0.701032,0.54316,0.462095],[-0.145162,-0.525726,0.838176]],[[0.69983,-0.648546,-0.299375],[0.368211,0.686673,-0.626818],[0.612093,0.328433,0.719357]],[[0.69983,-0.648546,-0.299375],[-0.530442,-0.191149,-0.825889],[0.478402,0.736783,-0.477788]],[[0.69983,-0.648546,-0.299375],[-0.712595,-0.604855,-0.35547],[0.0494608,0.462102,-0.885447]]],"btipPosition":[-22.3003,252.716,-2.6072],"carpPosition":[9.30794,260.907,56.0486],"dipPosition":[-21.4339,260.81,-18.1175],"direction":[-0.478402,-0.736783,0.477788],"extended":false,"handId":424,"id":4242,"length":62.4601,"mcpPosition":[18.7485,295.097,1.53842],"pipPosition":[-8.75288,280.34,-30.7823],"stabilizedTipPosition":[-20.708,248.616,-1.38864],"timeVisible":0.339473,"tipPosition":[-21.6313,254.288,-4.50294],"tipVelocity":[-70.2787,301.828,-242.106],"tool":false,"touchDistance":0.333333,"touchZone":"none","type":2,"width":17.7082},{"bases":[[[0.61438,-0.763967,-0.197207],[0.744139,0.477963,0.466699],[-0.262285,-0.433481,0.862149]],[[0.613002,-0.766221,-0.192702],[0.460763,0.544828,-0.700614],[0.641814,0.340688,0.687027]],[[0.613002,-0.766221,-0.192702],[-0.547294,-0.2359,-0.803007],[0.569823,0.59771,-0.563955]],[[0.613002,-0.766221,-0.192702],[-0.77984,-0.547639,-0.303218],[0.126801,0.33615,-0.933233]]],"btipPosition":[-10.3746,244.137,4.35618],"carpPosition":[17.9635,254.304,52.4942],"dipPosition":[-8.16623,249.992,-11.8973],"direction":[-0.569823,-0.59771,0.563955],"extended":false,"handId":424,"id":4243,"length":60.057,"mcpPosition":[33.2783,279.615,2.15338],"pipPosition":[6.54798,265.426,-26.46],"stabilizedTipPosition":[-8.45216,239.871,5.10726],"timeVisible":0.339473,"tipPosition":[-9.48965,245.381,1.97627],"tipVelocity":[-70.6977,280.347,-224.184],"tool":false,"touchDistance":0.333333,"touchZone":"none","type":3,"width":16.8505},{"bases":[[[0.448439,-0.877404,-0.170481],[0.804524,0.313132,0.504668],[-0.389415,-0.363469,0.846313]],[[0.378061,-0.925341,-0.0285435],[0.597794,0.267547,-0.755686],[0.706904,0.268632,0.654312]],[[0.378061,-0.925341,-0.0285435],[-0.57981,-0.212628,-0.786517],[0.721727,0.313901,-0.616908]],[[0.378061,-0.925341,-0.0285435],[-0.890751,-0.355182,-0.283563],[0.252254,0.132629,-0.958529]]],"btipPosition":[2.7758,245.64,7.02436],"carpPosition":[22.2386,242.702,47.6863],"dipPosition":[6.82884,247.771,-8.3766],"direction":[-0.721727,-0.313901,0.616908],"extended":false,"handId":424,"id":4244,"length":47.0836,"mcpPosition":[43.2868,262.348,1.94227],"pipPosition":[19.9872,253.494,-19.6239],"stabilizedTipPosition":[5.18757,240.304,8.74105],"timeVisible":0.339473,"tipPosition":[3.69531,246.052,4.46938],"tipVelocity":[-67.9087,268.046,-242.214],"tool":false,"touchDistance":0.333333,"touchZone":"none","type":4,"width":14.9679}],"r":[[0.963783,-0.260721,-0.0560913],[0.266317,0.951981,0.151019],[0.0140242,-0.160487,0.986938]],"s":1.08343,"t":[-6.9676,144.513,-96.9665],"timestamp":88957385559},false],[6,{"currentFrameRate":51.1823,"devices":[],"gestures":[],"hands":[{"armBasis":[[0.746689,-0.550367,-0.373566],[0.643993,0.738734,0.198862],[0.166519,-0.389062,0.906037]],"armWidth":59.3966,"confidence":0.611368,"direction":[0.261393,0.571392,-0.777936],"elbow":[48.9827,151.134,281.075],"grabStrength":0,"id":424,"palmNormal":[-0.588945,-0.544128,-0.597552],"palmPosition":[12.4252,279.99,12.8594],"palmVelocity":[-28.4836,199.768,-197.652],"palmWidth":84.8164,"pinchStrength":0.642377,"r":[[0.957741,-0.280745,-0.0625604],[0.28713,0.946015,0.150371],[0.0169672,-0.16198,0.986648]],"s":1.08846,"sphereCenter":[-7.1073,270.173,-24.3945],"sphereRadius":43.3691,"stabilizedPalmPosition":[13.0159,275.878,16.9729],"t":[-7.49964,148.246,-100.68],"timeVisible":0.358319,"type":"right","wrist":[7.07319,249.054,53.0434]}],"id":1426555,"interactionBox":{"center":[0,200,0],"size":[235.247,235.247,147.751]},"pointables":[{"bases":[[[0.885501,0.350965,0.304485],[-0.454081,0.514779,0.727195],[0.0984775,-0.782193,0.615204]],[[0.773604,0.632692,0.0351795],[-0.492311,0.565148,0.661995],[0.398958,-0.529441,0.748682]],[[0.773604,0.632692,0.0351795],[-0.627381,0.756943,0.182839],[0.0890516,-0.163516,0.982513]],[[0.773604,0.632692,0.0351795],[-0.602465,0.751581,-0.268628],[-0.196399,0.186617,0.962601]]],"btipPosition":[-37.121,283.84,-32.3908],"carpPosition":[-20.0115,258.079,54.6721],"dipPosition":[-41.4056,287.911,-11.391],"direction":[-0.0890516,0.163516,-0.982513],"extended":false,"handId":424,"id":4240,"length":48.5803,"mcpPosition":[-20.0115,258.079,54.6721],"pipPosition":[-38.5753,282.714,19.8354],"stabilizedTipPosition":[-37.534,282.221,-25.7869],"timeVisible":0.358319,"tipPosition":[-37.4519,283.877,-26.5831],"tipVelocity":[-54.4241,260.483,-176.402],"tool":false,"touchDistance":0.0856714,"touchZone":"hovering","type":0,"width":18.876},{"bases":[[[0.797766,-0.509698,-0.322146],[0.601607,0.636967,0.482018],[-0.0404873,-0.578343,0.814788]],[[0.792251,-0.552865,-0.25822],[0.607508,0.674989,0.418717],[-0.0571986,-0.4886,0.870631]],[[0.792251,-0.552865,-0.25822],[0.596458,0.790945,0.136543],[0.128748,-0.262194,0.956388]],[[0.792251,-0.552865,-0.25822],[0.548976,0.830545,-0.0939226],[0.26639,-0.067346,0.96151]]],"btipPosition":[-2.99659,335.286,-71.2609],"carpPosition":[-0.920417,269.077,56.3433],"dipPosition":[1.24603,334.213,-55.9475],"direction":[-0.128748,0.262194,-0.956388],"extended":true,"handId":424,"id":4241,"length":54.8174,"mcpPosition":[1.85612,308.739,0.466843],"pipPosition":[4.14677,328.306,-34.3997],"stabilizedTipPosition":[-2.25336,333.432,-66.175],"timeVisible":0.358319,"tipPosition":[-3.07776,332.945,-67.7397],"tipVelocity":[21.5377,256.235,-192.208],"tool":false,"touchDistance":0.0888472,"touchZone":"hovering","type":1,"width":18.0304},{"bases":[[[0.670634,-0.684217,-0.286524],[0.726783,0.528775,0.438388],[-0.148446,-0.502239,0.851892]],[[0.672301,-0.678382,-0.296326],[0.381588,0.660586,-0.646542],[0.634351,0.321596,0.702975]],[[0.672301,-0.678382,-0.296326],[-0.549871,-0.18962,-0.813441],[0.495634,0.709819,-0.500504]],[[0.672301,-0.678382,-0.296326],[-0.738557,-0.587381,-0.330934],[0.0504429,0.441341,-0.89592]]],"btipPosition":[-23.7542,256.285,-5.02315],"carpPosition":[9.11456,264.618,53.003],"dipPosition":[-22.8705,264.016,-20.717],"direction":[-0.495634,-0.709819,0.500504],"extended":false,"handId":424,"id":4242,"length":62.4601,"mcpPosition":[18.7686,297.281,-2.39914],"pipPosition":[-9.73278,282.832,-33.9838],"stabilizedTipPosition":[-22.0923,253.216,-4.91608],"timeVisible":0.358319,"tipPosition":[-23.0856,257.791,-7.00676],"tipVelocity":[-73.5361,244.64,-187.452],"tool":false,"touchDistance":0.333333,"touchZone":"none","type":2,"width":17.7082},{"bases":[[[0.584771,-0.78857,-0.190265],[0.767737,0.46226,0.44373],[-0.26196,-0.405554,0.87573]],[[0.583338,-0.790764,-0.185499],[0.461901,0.510825,-0.725055],[0.668105,0.33727,0.663238]],[[0.583338,-0.790764,-0.185499],[-0.574972,-0.240716,-0.781961],[0.573694,0.562804,-0.595086]],[[0.583338,-0.790764,-0.185499],[-0.804168,-0.530185,-0.268733],[0.114155,0.305935,-0.945184]]],"btipPosition":[-11.8517,247.422,2.52622],"carpPosition":[17.4802,257.649,49.4545],"dipPosition":[-9.86349,252.75,-13.9354],"direction":[-0.573694,-0.562804,0.595086],"extended":false,"handId":424,"id":4243,"length":60.057,"mcpPosition":[32.776,281.329,-1.67933],"pipPosition":[4.95068,267.283,-29.302],"stabilizedTipPosition":[-9.93664,244.299,1.89471],"timeVisible":0.358319,"tipPosition":[-11.0778,248.582,-0.227743],"tipVelocity":[-75.7695,225.286,-163.231],"tool":false,"touchDistance":0.333333,"touchZone":"none","type":3,"width":16.8505},{"bases":[[[0.415577,-0.895674,-0.158314],[0.823164,0.296323,0.484349],[-0.386907,-0.331603,0.860432]],[[0.3461,-0.938089,-0.0142879],[0.593725,0.230791,-0.770861],[0.726433,0.258312,0.636843]],[[0.3461,-0.938089,-0.0142879],[-0.60003,-0.209618,-0.772026],[0.721234,0.275772,-0.63543]],[[0.3461,-0.938089,-0.0142879],[-0.906928,-0.330627,-0.26109],[0.240202,0.103321,-0.965209]]],"btipPosition":[1.23869,248.528,4.43128],"carpPosition":[21.2781,245.807,44.8356],"dipPosition":[5.09808,250.188,-11.077],"direction":[-0.721234,-0.275772,0.63543],"extended"