{"sensorType":"Leap","data":[[0,{"currentFrameRate":53.0232,"devices":[],"gestures":[],"hands":[{"armBasis":[[0.964779,-0.160249,-0.208618],[0.21131,0.944438,0.251764],[0.156682,-0.28698,0.945036]],"armWidth":56.4821,"confidence":0.648802,"direction":[-0.00586955,0.562376,-0.826861],"elbow":[51.7892,151.866,283.625],"grabStrength":0.221353,"id":422,"palmNormal":[-0.22517,-0.806383,-0.54685],"palmPosition":[6.56395,245.616,16.6629],"palmVelocity":[-25.3006,342.892,-194.988],"palmWidth":80.6546,"pinchStrength":0.237984,"r":[[0.857843,-0.513861,-0.00730731],[0.492221,0.817464,0.299116],[-0.14773,-0.260191,0.954189]],"s":1.10984,"sphereCenter":[-2.74078,225.633,-18.4678],"sphereRadius":42.7082,"stabilizedPalmPosition":[6.66954,244.516,17.3353],"t":[22.9461,96.2138,-73.751],"timeVisible":11.7352,"type":"right","wrist":[14.2904,220.549,57.448]}],"id":1426199,"interactionBox":{"center":[0,200,0],"size":[235.247,235.247,147.751]},"pointables":[{"bases":[[[0.592309,0.75736,0.27491],[-0.681123,0.288407,0.672974],[0.430398,-0.585856,0.686681]],[[0.504321,0.851141,0.145667],[-0.669189,0.278613,0.688883],[0.545752,-0.444898,0.710085]],[[0.504321,0.851141,0.145667],[-0.851713,0.462505,0.24632],[0.142281,-0.248291,0.958179]],[[0.504321,0.851141,0.145667],[-0.829107,0.524431,-0.193789],[-0.241334,-0.0230415,0.970168]]],"btipPosition":[-35.9097,243.415,-22.4641],"carpPosition":[-12.4679,215.747,58.0405],"dipPosition":[-40.9162,242.937,-2.33778],"direction":[-0.142281,0.248291,-0.958179],"extended":false,"handId":422,"id":4220,"length":46.1965,"mcpPosition":[-12.4679,215.747,58.0405],"pipPosition":[-36.6161,235.433,26.621],"stabilizedTipPosition":[-36.9386,241.961,-16.9339],"timeVisible":11.7352,"tipPosition":[-36.3522,243.895,-16.8229],"tipVelocity":[-33.7328,392.496,-232.435],"tool":false,"touchDistance":-0.539207,"touchZone":"touching","type":0,"width":17.9498},{"bases":[[[0.959485,-0.0859525,-0.26833],[0.197553,0.884258,0.423156],[0.200901,-0.459021,0.865412]],[[0.97778,-0.146863,-0.149588],[0.205359,0.814379,0.542783],[0.0421066,-0.561442,0.826444]],[[0.97778,-0.146863,-0.149588],[0.155504,0.986681,0.0477458],[0.140584,-0.0699465,0.987595]],[[0.97778,-0.146863,-0.149588],[0.0798275,0.920666,-0.382103],[0.193837,0.361671,0.911933]]],"btipPosition":[-22.3079,281.086,-64.1425],"carpPosition":[-1.65536,233.75,58.7368],"dipPosition":[-19.3722,286.563,-50.3314],"direction":[-0.140584,0.0699465,-0.987595],"extended":true,"handId":422,"id":4221,"length":52.1277,"mcpPosition":[-14.7567,263.684,2.30071],"pipPosition":[-16.3602,285.065,-29.1722],"stabilizedTipPosition":[-21.8854,278.802,-59.5085],"timeVisible":11.7352,"tipPosition":[-21.2951,281.718,-60.717],"tipVelocity":[44.2948,540.434,-219.202],"tool":false,"touchDistance":-0.630875,"touchZone":"touching","type":1,"width":17.1457},{"bases":[[[0.929975,-0.296654,-0.217122],[0.361284,0.846704,0.390597],[0.0679659,-0.441689,0.89459]],[[0.930453,-0.299918,-0.21049],[0.0320586,0.638898,-0.768623],[0.365005,0.70842,0.60408]],[[0.930453,-0.299918,-0.21049],[-0.318636,-0.378667,-0.868955],[0.180909,0.875591,-0.447897]],[[0.930453,-0.299918,-0.21049],[-0.366399,-0.766243,-0.527848],[-0.00297589,0.568261,-0.822843]]],"btipPosition":[-15.4111,199.907,-0.111334],"carpPosition":[8.89761,234.396,56.0262],"dipPosition":[-15.4607,209.373,-13.8178],"direction":[-0.180909,-0.875591,0.447897],"extended":false,"handId":422,"id":4222,"length":59.3953,"mcpPosition":[4.69438,261.711,0.701892],"pipPosition":[-10.9006,231.443,-25.1076],"stabilizedTipPosition":[-14.8878,199.33,-1.18707],"timeVisible":11.7352,"tipPosition":[-15.2514,202.868,-3.66016],"tipVelocity":[-63.6073,371.127,-252.356],"tool":false,"touchDistance":0.333333,"touchZone":"none","type":2,"width":16.8393},{"bases":[[[0.899942,-0.421397,-0.111932],[0.428786,0.808834,0.402405],[-0.0790378,-0.410136,0.908593]],[[0.901399,-0.412722,-0.130922],[0.165876,0.608456,-0.776058],[0.399957,0.677821,0.616923]],[[0.901399,-0.412722,-0.130922],[-0.297567,-0.370831,-0.879738],[0.314537,0.831953,-0.457079]],[[0.901399,-0.412722,-0.130922],[-0.415778,-0.740646,-0.527799],[0.120868,0.530192,-0.839218]]],"btipPosition":[-1.96297,198.896,3.57483],"carpPosition":[19.2139,232.178,53.3346],"dipPosition":[0.0388083,207.677,-10.3241],"direction":[-0.314537,-0.831953,0.457079],"extended":false,"handId":422,"id":4223,"length":57.1101,"mcpPosition":[23.6025,254.951,2.88512],"pipPosition":[7.76239,228.106,-21.5478],"stabilizedTipPosition":[-1.00696,198.482,2.38407],"timeVisible":11.7352,"tipPosition":[-1.26697,201.376,1.1431],"tipVelocity":[-69.0974,356.21,-274.988],"tool":false,"touchDistance":0.333333,"touchZone":"none","type":3,"width":16.0237},{"bases":[[[0.801444,-0.593845,-0.0709603],[0.554862,0.694011,0.458777],[-0.223196,-0.407058,0.885713]],[[0.766615,-0.640726,0.042081],[0.426276,0.458829,-0.779593],[0.480197,0.615586,0.624871]],[[0.766615,-0.640726,0.042081],[-0.271393,-0.382716,-0.883105],[0.581934,0.665581,-0.467284]],[[0.766615,-0.640726,0.042081],[-0.516257,-0.654006,-0.552951],[0.381811,0.402176,-0.832151]]],"btipPosition":[8.49587,207.686,5.74846],"carpPosition":[27.9974,223.742,50.0425],"dipPosition":[14.3295,213.831,-6.96588],"direction":[-0.581934,-0.665581,0.467284],"extended":false,"handId":422,"id":4224,"length":44.7733,"mcpPosition":[39.4693,244.664,4.51796],"pipPosition":[24.4186,225.37,-15.0673],"stabilizedTipPosition":[10.0428,207.985,3.53581],"timeVisible":11.7352,"tipPosition":[10.7826,209.189,2.2887],"tipVelocity":[-62.3896,345.548,-203.663],"tool":false,"touchDistance":0.333333,"touchZone":"none","type":4,"width":14.2335}],"r":[[0.857843,-0.513861,-0.00730731],[0.492221,0.817464,0.299116],[-0.14773,-0.260191,0.954189]],"s":1.10984,"t":[22.9461,96.2138,-73.751],"timestamp":88950536936},false],[1,{"currentFrameRate":53.0312,"devices":[],"gestures":[],"hands":[{"armBasis":[[0.964767,-0.161894,-0.207401],[0.214326,0.940797,0.262611],[0.152607,-0.29781,0.942348]],"armWidth":56.4821,"confidence":0.645638,"direction":[0.00271677,0.567183,-0.823587],"elbow":[49.562,155.59,278.204],"grabStrength":0.196656,"id":422,"palmNormal":[-0.225142,-0.802098,-0.553127],"palmPosition":[5.72294,252.206,11.9791],"palmVelocity":[-34.7729,346.357,-221.291],"palmWidth":80.6546,"pinchStrength":0.258073,"r":[[0.854268,-0.519824,0.0031344],[0.493142,0.812298,0.311422],[-0.164431,-0.264492,0.950267]],"s":1.13789,"sphereCenter":[-3.63136,232.799,-23.2993],"sphereRadius":42.705,"stabilizedPalmPosition":[5.90584,250.72,13.014],"t":[22.2827,102.743,-77.9401],"timeVisible":11.754,"type":"right","wrist":[13.0384,226.865,52.6711]}],"id":1426200,"interactionBox":{"center":[0,200,0],"size":[235.247,235.247,147.751]},"pointables":[{"bases":[[[0.593968,0.752875,0.283515],[-0.684502,0.287795,0.669799],[0.422681,-0.591906,0.686286]],[[0.503995,0.850661,0.149551],[-0.676756,0.281356,0.680323],[0.536648,-0.444089,0.717492]],[[0.503995,0.850661,0.149551],[-0.852878,0.462825,0.241645],[0.136342,-0.249336,0.958771]],[[0.503995,0.850661,0.149551],[-0.831946,0.524652,-0.180573],[-0.232069,-0.0334102,0.972125]]],"btipPosition":[-36.7978,250.068,-27.8451],"carpPosition":[-13.7462,222.19,53.0458],"dipPosition":[-41.6121,249.375,-7.6781],"direction":[-0.136342,0.249336,-0.958771],"extended":false,"handId":422,"id":4220,"length":46.1965,"mcpPosition":[-13.7462,222.19,53.0458],"pipPosition":[-37.4915,241.839,21.2986],"stabilizedTipPosition":[-37.6931,248.165,-21.8304],"timeVisible":11.754,"tipPosition":[-37.1847,250.575,-22.1547],"tipVelocity":[-39.1567,372.079,-258.289],"tool":false,"touchDistance":-0.594193,"touchZone":"touching","type":0,"width":17.9498},{"bases":[[[0.960947,-0.0890421,-0.262018],[0.198782,0.880821,0.429697],[0.19253,-0.465,0.864122]],[[0.977776,-0.148436,-0.148054],[0.206567,0.802774,0.559361],[0.0358245,-0.577513,0.815595]],[[0.977776,-0.148436,-0.148054],[0.16173,0.98341,0.0821487],[0.133404,-0.104268,0.985562]],[[0.977776,-0.148436,-0.148054],[0.0905492,0.935932,-0.340342],[0.189087,0.319373,0.928573]]],"btipPosition":[-22.4941,289.849,-68.6667],"carpPosition":[-2.85251,240.135,53.9237],"dipPosition":[-19.6304,294.686,-54.6036],"direction":[-0.133404,0.104268,-0.985562],"extended":true,"handId":422,"id":4221,"length":52.1277,"mcpPosition":[-15.4079,270.459,-2.42824],"pipPosition":[-16.7722,292.452,-33.488],"stabilizedTipPosition":[-21.8468,288.196,-64.0847],"timeVisible":11.754,"tipPosition":[-21.5323,289.957,-65.2658],"tipVelocity":[17.3637,499.931,-228.012],"tool":false,"touchDistance":-0.663115,"touchZone":"touching","type":1,"width":17.1457},{"bases":[[[0.930062,-0.299892,-0.212251],[0.362558,0.842664,0.398081],[0.0594749,-0.447193,0.892458]],[[0.930484,-0.303256,-0.205514],[0.0477523,0.656623,-0.752706],[0.363208,0.690567,0.625458]],[[0.930484,-0.303256,-0.205514],[-0.310417,-0.354793,-0.881909],[0.194529,0.884397,-0.424265]],[[0.930484,-0.303256,-0.205514],[-0.366168,-0.753034,-0.546682],[0.0110251,0.583931,-0.811728]]],"btipPosition":[-16.5609,206.878,-6.40804],"carpPosition":[7.72246,240.746,51.2918],"dipPosition":[-16.3772,216.604,-19.9294],"direction":[-0.194529,-0.884397,0.424265],"extended":false,"handId":422,"id":4222,"length":59.3953,"mcpPosition":[4.04434,268.401,-3.9006],"pipPosition":[-11.4739,238.897,-30.6235],"stabilizedTipPosition":[-15.9669,205.805,-6.69969],"timeVisible":11.754,"tipPosition":[-16.2977,209.712,-9.43657],"tipVelocity":[-60.9714,372.238,-291.392],"tool":false,"touchDistance":0.333333,"touchZone":"none","type":2,"width":16.8393},{"bases":[[[0.898681,-0.425096,-0.108006],[0.429791,0.8044,0.410146],[-0.0874715,-0.415011,0.905602]],[[0.900132,-0.417426,-0.124569],[0.178161,0.613719,-0.76916],[0.397518,0.670152,0.626798]],[[0.900132,-0.417426,-0.124569],[-0.290016,-0.360873,-0.886375],[0.325042,0.833982,-0.445894]],[[0.900132,-0.417426,-0.124569],[-0.414599,-0.733174,-0.539039],[0.133678,0.536853,-0.833018]]],"btipPosition":[-3.03524,205.626,-1.70158],"carpPosition":[18.0469,238.494,48.6605],"dipPosition":[-0.821301,214.517,-15.4978],"direction":[-0.325042,-0.833982,0.445894],"extended":false,"handId":422,"id":4223,"length":57.1101,"mcpPosition":[22.9037,261.537,-1.62286],"pipPosition":[7.16023,234.996,-26.4469],"stabilizedTipPosition":[-2.02031,204.612,-2.45816],"timeVisible":11.754,"tipPosition":[-2.28201,208.072,-4.08647],"tipVelocity":[-61.8892,357.474,-276.944],"tool":false,"touchDistance":0.333333,"touchZone":"none","type":3,"width":16.0237},{"bases":[[[0.799067,-0.597299,-0.0687398],[0.554909,0.688643,0.46674],[-0.231446,-0.411101,0.881719]],[[0.762159,-0.645713,0.0465707],[0.436751,0.459746,-0.773229],[0.477873,0.609663,0.632415]],[[0.762159,-0.645713,0.0465707],[-0.264493,-0.376234,-0.887971],[0.590895,0.664457,-0.457536]],[[0.762159,-0.645713,0.0465707],[-0.514843,-0.648156,-0.561097],[0.392493,0.403669,-0.826439]]],"btipPosition":[7.48981,214.368,0.800183],"carpPosition":[26.8129,230.034,45.3816],"dipPosition":[13.4867,220.536,-11.8269],"direction":[-0.590895,-0.664457,0.457536],"extended":false,"handId":422,"id":4224,"length":44.7733,"mcpPosition":[38.709,251.164,0.0623932],"pipPosition":[23.7311,232.056,-19.7593],"stabilizedTipPosition":[9.10152,214.242,-0.987178],"timeVisible":11.754,"tipPosition":[9.80027,215.859,-2.59017],"tipVelocity":[-57.0348,350.276,-232.072],"tool":false,"touchDistance":0.333333,"touchZone":"none","type":4,"width":14.2335}],"r":[[0.854268,-0.519824,0.0031344],[0.493142,0.812298,0.311422],[-0.164431,-0.264492,0.950267]],"s":1.13789,"t":[22.2827,102.743,-77.9401],"timestamp":88950555764},false],[2,{"currentFrameRate":52.9791,"devices":[],"gestures":[],"hands":[{"armBasis":[[0.961819,-0.184119,-0.202493],[0.228242,0.947901,0.222235],[0.151026,-0.259968,0.953734]],"armWidth":56.4821,"confidence":0.652869,"direction":[0.021586,0.573085,-0.819212],"elbow":[47.6486,168.235,277.606],"grabStrength":0.171165,"id":422,"palmNormal":[-0.236778,-0.793161,-0.561099],"palmPosition":[5.06686,256.24,8.7875],"palmVelocity":[-34.5972,279.884,-194.715],"palmWidth":80.6546,"pinchStrength":0.286295,"r":[[0.849072,-0.528138,0.012092],[0.496483,0.805583,0.323328],[-0.180503,-0.268525,0.94621]],"s":1.15795,"sphereCenter":[-4.5864,237.615,-26.7013],"sphereRadius":42.6822,"stabilizedPalmPosition":[5.26595,254.93,9.79047],"t":[21.623,108.024,-81.6304],"timeVisible":11.7731,"type":"right","wrist":[11.5034,230.453,49.3475]}],"id":1426201,"interactionBox":{"center":[0,200,0],"size":[235.247,235.247,147.751]},"pointables":[{"bases":[[[0.606851,0.738324,0.294294],[-0.68425,0.296912,0.666067],[0.404394,-0.605574,0.68538]],[[0.516454,0.842142,0.155152],[-0.681222,0.29427,0.67033],[0.518856,-0.451888,0.725662]],[[0.516454,0.842142,0.155152],[-0.847101,0.475934,0.236448],[0.125281,-0.253544,0.959177]],[[0.516454,0.842142,0.155152],[-0.82626,0.537661,-0.167974],[-0.224877,-0.0414446,0.973505]]],"btipPosition":[-37.4533,254.847,-31.8361],"carpPosition":[-15.374,226.329,49.4572],"dipPosition":[-42.1184,253.987,-11.6405],"direction":[-0.125281,0.253544,-0.959177],"extended":false,"handId":422,"id":4220,"length":46.1965,"mcpPosition":[-15.374,226.329,49.4572],"pipPosition":[-38.3321,246.324,17.3484],"stabilizedTipPosition":[-38.2988,252.879,-25.7276],"timeVisible":11.7731,"tipPosition":[-37.79,255.391,-26.0921],"tipVelocity":[-35.915,311.192,-233.981],"tool":false,"touchDistance":-0.622874,"touchZone":"touching","type":0,"width":17.9498},{"bases":[[[0.961159,-0.106935,-0.254437],[0.213122,0.873323,0.438048],[0.175362,-0.47526,0.862193]],[[0.975479,-0.164984,-0.145673],[0.219215,0.787335,0.576237],[0.0196232,-0.594041,0.804196]],[[0.975479,-0.164984,-0.145673],[0.182641,0.976134,0.117492],[0.122812,-0.141217,0.982331]],[[0.975479,-0.164984,-0.145673],[0.116099,0.948025,-0.296259],[0.18698,0.272082,0.943933]]],"btipPosition":[-21.7674,296.559,-71.6295],"carpPosition":[-4.12115,244.039,50.5644],"dipPosition":[-18.9356,300.68,-57.3338],"direction":[-0.122812,0.141217,-0.982331],"extended":true,"handId":422,"id":4221,"length":52.1277,"mcpPosition":[-15.5571,275.032,-5.66173],"pipPosition":[-16.3043,297.654,-36.2874],"stabilizedTipPosition":[-21.2658,295.599,-67.4692],"timeVisible":11.7731,"tipPosition":[-20.8506,296.212,-68.2537],"tipVelocity":[27.415,422.685,-190.815],"tool":false,"touchDistance":-0.668777,"touchZone":"touching","type":1,"width":17.1457},{"bases":[[[0.925505,-0.317465,-0.206535],[0.376348,0.832025,0.407549],[0.0424603,-0.454918,0.889521]],[[0.925806,-0.320974,-0.199649],[0.0779667,0.678964,-0.73002],[0.369872,0.660291,0.653614]],[[0.925806,-0.320974,-0.199649],[-0.304065,-0.318594,-0.897799],[0.224563,0.891893,-0.392553]],[[0.925806,-0.320974,-0.199649],[-0.37617,-0.730419,-0.570075],[0.037152,0.60288,-0.796966]]],"btipPosition":[-18.2213,211.849,-11.7385],"carpPosition":[6.48672,244.45,48.0279],"dipPosition":[-17.6025,221.891,-25.0139],"direction":[-0.224563,-0.891893,0.392553],"extended":false,"handId":422,"id":4222,"length":59.3953,"mcpPosition":[3.86084,272.584,-6.98282],"pipPosition":[-11.9421,244.373,-34.9087],"stabilizedTipPosition":[-17.2369,210.828,-11.5655],"timeVisible":11.7731,"tipPosition":[-17.8074,214.538,-14.1821],"tipVelocity":[-71.2735,319.131,-284.122],"tool":false,"touchDistance":0.333333,"touchZone":"none","type":2,"width":16.8393},{"bases":[[[0.890644,-0.442761,-0.103515],[0.442671,0.792292,0.4199],[-0.103901,-0.419804,0.901648]],[[0.892169,-0.436101,-0.117691],[0.202865,0.61964,-0.758216],[0.403584,0.652582,0.641293]],[[0.892169,-0.436101,-0.117691],[-0.285013,-0.341359,-0.895679],[0.350432,0.832641,-0.428844]],[[0.892169,-0.436101,-0.117691],[-0.423323,-0.716341,-0.554664],[0.157583,0.544676,-0.823709]]],"btipPosition":[-4.64433,210.003,-5.82119],"carpPosition":[16.7852,242.005,45.4683],"dipPosition":[-2.03449,219.024,-19.4632],"direction":[-0.350432,-0.832641,0.428844],"extended":false,"handId":422,"id":4223,"length":57.1101,"mcpPosition":[22.5543,265.315,-4.59554],"pipPosition":[6.57049,239.469,-29.9936],"stabilizedTipPosition":[-3.27437,209.238,-6.48644],"timeVisible":11.7731,"tipPosition":[-3.78298,212.407,-8.06902],"tipVelocity":[-70.6427,295.157,-246.012],"tool":false,"touchDistance":0.333333,"touchZone":"none","type":3,"width":16.0237},{"bases":[[[0.787165,-0.613156,-0.0664106],[0.56488,0.673559,0.476685],[-0.247551,-0.412744,0.876562]],[[0.747477,-0.662389,0.0501867],[0.454585,0.454962,-0.765743],[0.484386,0.595189,0.641186]],[[0.747477,-0.662389,0.0501867],[-0.262873,-0.36433,-0.893399],[0.610062,0.654603,-0.446453]],[[0.747477,-0.662389,0.0501867],[-0.522819,-0.633218,-0.570697],[0.409803,0.400345,-0.819625]]],"btipPosition":[6.10711,218.485,-2.68688],"carpPosition":[25.4034,233.391,42.2007],"dipPosition":[12.3684,224.602,-15.2098],"direction":[-0.610062,-0.654603,0.446453],"extended":false,"handId":422,"id":4224,"length":44.7733,"mcpPosition":[38.1272,254.605,-2.85349],"pipPosition":[22.9452,235.951,-22.9501],"stabilizedTipPosition":[7.93097,218.497,-4.43637],"timeVisible":11.7731,"tipPosition":[8.46837,219.937,-6.02039],"tipVelocity":[-63.1065,283.695,-207.205],"tool":false,"touchDistance":0.333333,"touchZone":"none","type":4,"width":14.2335}],"r":[[0.849072,-0.528138,0.012092],[0.496483,0.805583,0.323328],[-0.180503,-0.268525,0.94621]],"s":1.15795,"t":[21.623,108.024,-81.6304],"timestamp":88950574827},false],[3,{"currentFrameRate":52.9936,"devices":[],"gestures":[],"hands":[{"armBasis":[[0.959576,-0.191277,-0.206465],[0.239438,0.940363,0.241635],[0.147932,-0.281303,0.948148]],"armWidth":56.4821,"confidence":0.609877,"direction":[0.033723,0.571154,-0.82015],"elbow":[45.9288,167.417,273.293],"grabStrength":0.140633,"id":422,"palmNormal":[-0.242824,-0.791345,-0.561079],"palmPosition":[4.65766,260.524,5.72229],"palmVelocity":[-28.3137,254.36,-179.154],"palmWidth":80.6546,"pinchStrength":0.30467,"r":[[0.843437,-0.536839,0.0204385],[0.500512,0.799048,0.333182],[-0.195197,-0.270788,0.942641]],"s":1.17355,"sphereCenter":[-5.34549,242.437,-29.6727],"sphereRadius":42.6618,"stabilizedPalmPosition":[4.83001,258.939,6.87492],"t":[21.0885,112.808,-85.0082],"timeVisible":11.7919,"type":"right","wrist":[10.524,234.742,46.3715]}],"id":1426202,"interactionBox":{"center":[0,200,0],"size":[235.247,235.247,147.751]},"pointables":[{"bases":[[[0.613886,0.731499,0.296737],[-0.684802,0.306503,0.661137],[0.392671,-0.609069,0.68909]],[[0.520923,0.840321,0.149996],[-0.686673,0.308147,0.658427],[0.507069,-0.445988,0.737547]],[[0.520923,0.840321,0.149996],[-0.845067,0.482899,0.229501],[0.120422,-0.246309,0.961681]],[[0.520923,0.840321,0.149996],[-0.826844,0.540395,-0.155894],[-0.212058,-0.0428145,0.976319]]],"btipPosition":[-38.0785,259.011,-35.635],"carpPosition":[-16.4016,230.944,46.3182],"dipPosition":[-42.4777,258.122,-15.3811],"direction":[-0.120422,0.246309,-0.961681],"extended":false,"handId":422,"id":4220,"length":46.1965,"mcpPosition":[-16.4016,230.944,46.3182],"pipPosition":[-38.8382,250.678,13.6836],"stabilizedTipPosition":[-38.8213,256.791,-29.1924],"timeVisible":11.7919,"tipPosition":[-38.3009,259.667,-29.8389],"tipVelocity":[-33.0094,267.058,-217.935],"tool":false,"touchDistance":-0.645702,"touchZone":"touching","type":0,"width":17.9498},{"bases":[[[0.961383,-0.119079,-0.248118],[0.220922,0.871544,0.437727],[0.164121,-0.475638,0.864195]],[[0.974008,-0.174141,-0.144858],[0.226274,0.777511,0.586751],[0.0104516,-0.604278,0.796705]],[[0.974008,-0.174141,-0.144858],[0.195377,0.969457,0.14826],[0.114616,-0.172709,0.978282]],[[0.974008,-0.174141,-0.144858],[0.133598,0.958077,-0.253456],[0.182923,0.227515,0.956439]]],"btipPosition":[-21.2689,302.803,-74.6787],"carpPosition":[-4.94202,248.519,47.4631],"dipPosition":[-18.4985,306.249,-60.1936],"direction":[-0.114616,0.172709,-0.978282],"extended":true,"handId":422,"id":4221,"length":52.1277,"mcpPosition":[-15.6449,279.536,-8.89355],"pipPosition":[-16.0429,302.549,-39.234],"stabilizedTipPosition":[-20.758,302.003,-70.5749],"timeVisible":11.7919,"tipPosition":[-20.3975,301.997,-71.3339],"tipVelocity":[26.5961,374.217,-175.613],"tool":false,"touchDistance":-0.675317,"touchZone":"touching","type":1,"width":17.1457},{"bases":[[[0.922875,-0.329066,-0.200043],[0.383825,0.828211,0.408345],[0.0313055,-0.453633,0.890639]],[[0.923095,-0.332665,-0.19295],[0.096212,0.685539,-0.72165],[0.372342,0.647588,0.664824]],[[0.923095,-0.332665,-0.19295],[-0.298798,-0.304547,-0.904417],[0.242106,0.892516,-0.380526]],[[0.923095,-0.332665,-0.19295],[-0.380851,-0.721157,-0.578692],[0.0533635,0.607673,-0.792393]]],"btipPosition":[-19.1501,216.563,-15.7005],"carpPosition":[5.68591,248.796,44.9934],"dipPosition":[-18.2612,226.685,-28.8997],"direction":[-0.242106,-0.892516,0.380526],"extended":false,"handId":422,"id":4222,"length":59.3953,"mcpPosition":[3.74988,276.85,-10.0865],"pipPosition":[-12.1586,249.182,-38.4914],"stabilizedTipPosition":[-18.1787,215.272,-15.5178],"timeVisible":11.7919,"tipPosition":[-18.6753,219.147,-17.9297],"tipVelocity":[-58.9433,286.05,-247.695],"tool":false,"touchDistance":0.333333,"touchZone":"none","type":2,"width":16.8393},{"bases":[[[0.885845,-0.453726,-0.0970075],[0.449581,0.787701,0.421193],[-0.114693,-0.416724,0.901768]],[[0.887448,-0.4475,-0.110361],[0.216188,0.615617,-0.757811],[0.407061,0.648659,0.643073]],[[0.887448,-0.4475,-0.110361],[-0.28265,-0.339259,-0.897225],[0.364067,0.827434,-0.427561]],[[0.887448,-0.4475,-0.110361],[-0.428184,-0.711845,-0.556719],[0.170572,0.541314,-0.823338]]],"btipPosition":[-5.54798,214.387,-8.9004],"carpPosition":[15.9699,246.221,42.5039],"dipPosition":[-2.72302,223.352,-22.5363],"direction":[-0.364067,-0.827434,0.427561],"extended":false,"handId":422,"id":4223,"length":57.1101,"mcpPosition":[22.3382,269.36,-7.56662],"pipPosition":[6.21679,243.67,-33.0352],"stabilizedTipPosition":[-4.22783,213.472,-9.74527],"timeVisible":11.7919,"tipPosition":[-4.63981,216.761,-11.1653],"tipVelocity":[-58.2973,264.424,-205.699],"tool":false,"touchDistance":0.333333,"touchZone":"none","type":3,"width":16.0237},{"bases":[[[0.780075,-0.62278,-0.0602364],[0.569979,0.667609,0.47898],[-0.258085,-0.407974,0.875756]],[[0.738463,-0.671826,0.0576411],[0.466215,0.446954,-0.763463],[0.487151,0.590662,0.643274]],[[0.738463,-0.671826,0.0576411],[-0.260443,-0.363034,-0.894637],[0.621966,0.645644,-0.44306]],[[0.738463,-0.671826,0.0576411],[-0.526616,-0.628009,-0.572957],[0.421127,0.392753,-0.817556]]],"btipPosition":[5.28265,222.759,-5.69448],"carpPosition":[24.5035,237.497,39.3076],"dipPosition":[11.717,228.76,-18.1858],"direction":[-0.621966,-0.645644,0.44306],"extended":false,"handId":422,"id":4224,"length":44.7733,"mcpPosition":[37.7688,258.466,-5.7052],"pipPosition":[22.5001,239.953,-25.8672],"stabilizedTipPosition":[7.10428,222.489,-7.35926],"timeVisible":11.7919,"tipPosition":[7.67137,224.164,-8.99469],"tipVelocity":[-52.6397,255.344,-183.852],"tool":false,"touchDistance":0.333333,"touchZone":"none","type":4,"width":14.2335}],"r":[[0.843437,-0.536839,0.0204385],[0.500512,0.799048,0.333182],[-0.195197,-0.270788,0.942641]],"s":1.17355,"t":[21.0885,112.808,-85.0082],"timestamp":88950593645},false],[4,{"currentFrameRate":53.0255,"devices":[],"gestures":[],"hands":[{"armBasis":[[0.954955,-0.21016,-0.209506],[0.259118,0.934638,0.243537],[0.14463,-0.286854,0.946994]],"armWidth":56.4821,"confidence":0.523672,"direction":[0.0478167,0.569646,-0.820498],"elbow":[43.9064,169.934,269.185],"grabStrength":0.106831,"id":422,"palmNormal":[-0.258491,-0.786398,-0.561036],"palmPosition":[4.07158,264.457,1.85805],"palmVelocity":[-29.7538,232.639,-192.321],"palmWidth":80.6546,"pinchStrength":0.321653,"r":[[0.836431,-0.547382,0.0274894],[0.506853,0.791636,0.341193],[-0.208524,-0.271451,0.939591]],"s":1.18623,"sphereCenter":[-6.71361,247.18,-33.3477],"sphereRadius":42.6166,"stabilizedPalmPosition":[4.33567,262.535,3.60496],"t":[20.5283,117.165,-88.6292],"timeVisible":11.8106,"type":"right","wrist":[9.29187,238.587,42.5397]}],"id":1426203,"interactionBox":{"center":[0,200,0],"size":[235.247,235.247,147.751]},"pointables":[{"bases":[[[0.628777,0.718392,0.297579],[-0.679549,0.321655,0.659356],[0.377958,-0.616807,0.690432]],[[0.533645,0.833462,0.143398],[-0.686156,0.327577,0.649525],[0.494381,-0.44501,0.746696]],[[0.533645,0.833462,0.143398],[-0.837727,0.497714,0.22471],[0.115916,-0.240044,0.963817]],[[0.533645,0.833462,0.143398],[-0.821716,0.5511,-0.14516],[-0.200013,-0.0403686,0.978961]]],"btipPosition":[-38.938,263.151,-40.0491],"carpPosition":[-17.7089,235.368,42.4283],"dipPosition":[-43.0873,262.313,-19.7403],"direction":[-0.115916,0.240044,-0.963817],"extended":false,"handId":422,"id":4220,"length":46.1965,"mcpPosition":[-17.7089,235.368,42.4283],"pipPosition":[-39.584,255.059,9.38885],"stabilizedTipPosition":[-39.4478,260.398,-32.8105],"timeVisible":11.8106,"tipPosition":[-39.0819,263.948,-34.2223],"tipVelocity":[-37.7777,244.852,-226.168],"tool":false,"touchDistance":-0.675487,"touchZone":"touching","type":0,"width":17.9498},{"bases":[[[0.959161,-0.139882,-0.245852],[0.238593,0.86695,0.437574],[0.151933,-0.478363,0.864919]],[[0.970115,-0.192285,-0.148001],[0.242641,0.764242,0.597545],[-0.00178999,-0.615598,0.788058]],[[0.970115,-0.192285,-0.148001],[0.217777,0.958957,0.181591],[0.107009,-0.208396,0.972173]],[[0.970115,-0.192285,-0.148001],[0.160015,0.965486,-0.205506],[0.182409,0.175682,0.9674]]],"btipPosition":[-20.7724,309.136,-78.3089],"carpPosition":[-5.87733,252.693,43.586],"dipPosition":[-18.0098,311.797,-63.6578],"direction":[-0.107009,0.208396,-0.972173],"extended":true,"handId":422,"id":4221,"length":52.1277,"mcpPosition":[-15.7853,283.889,-12.8179],"pipPosition":[-15.7171,307.332,-42.829],"stabilizedTipPosition":[-20.2642,308.161,-74.0448],"timeVisible":11.8106,"tipPosition":[-19.969,307.89,-75.0028],"tipVelocity":[26.4968,351.8,-183.425],"tool":false,"touchDistance":-0.689999,"touchZone":"touching","type":1,"width":17.1457},{"bases":[[[0.916047,-0.348955,-0.197707],[0.400594,0.820107,0.408593],[0.0195606,-0.453491,0.891046]],[[0.916175,-0.352589,-0.190539],[0.115623,0.687739,-0.716692],[0.383738,0.634584,0.670856]],[[0.916175,-0.352589,-0.190539],[-0.301117,-0.291836,-0.907833],[0.264485,0.889108,-0.373543]],[[0.916175,-0.352589,-0.190539],[-0.394538,-0.709882,-0.583444],[0.0704554,0.609711,-0.789486]]],"btipPosition":[-20.6857,221.106,-20.0611],"carpPosition":[4.75964,252.741,41.1401],"dipPosition":[-19.5121,231.262,-33.2119],"direction":[-0.264485,-0.889108,0.373543],"extended":false,"handId":422,"id":4222,"length":59.3953,"mcpPosition":[3.54995,280.786,-13.965],"pipPosition":[-12.8454,253.673,-42.6276],"stabilizedTipPosition":[-19.3149,219.421,-19.3615],"timeVisible":11.8106,"tipPosition":[-20.151,223.626,-22.197],"tipVelocity":[-68.4464,264.966,-240.065],"tool":false,"touchDistance":0.333333,"touchZone":"none","type":2,"width":16.8393},{"bases":[[[0.876119,-0.47271,-0.0946629],[0.465437,0.778206,0.42162],[-0.125637,-0.413449,0.901818]],[[0.877745,-0.467048,-0.10691],[0.230931,0.607897,-0.759692],[0.419803,0.642127,0.641434]],[[0.877745,-0.467048,-0.10691],[-0.288155,-0.336311,-0.896583],[0.382792,0.817778,-0.429778]],[[0.877745,-0.467048,-0.10691],[-0.442212,-0.703804,-0.555975],[0.184423,0.535281,-0.824295]]],"btipPosition":[-7.11249,218.523,-12.596],"carpPosition":[14.9916,249.944,38.6758],"dipPosition":[-4.05812,227.388,-26.2478],"direction":[-0.382792,-0.817778,0.429778],"extended":false,"handId":422,"id":4223,"length":57.1101,"mcpPosition":[21.9676,272.9,-11.3974],"pipPosition":[5.34148,247.469,-36.8011],"stabilizedTipPosition":[-5.43705,217.401,-13.0649],"timeVisible":11.8106,"tipPosition":[-6.15336,220.862,-14.9706],"tipVelocity":[-69.1965,242.495,-201.632],"tool":false,"touchDistance":0.333333,"touchZone":"none","type":3,"width":16.0237},{"bases":[[[0.766662,-0.639426,-0.058005],[0.583099,0.655604,0.47977],[-0.268749,-0.401644,0.875475]],[[0.723118,-0.688,0.0612929],[0.478818,0.43534,-0.762373],[0.497829,0.580633,0.644229]],[[0.723118,-0.688,0.0612929],[-0.264821,-0.358103,-0.895339],[0.637943,0.631204,-0.441147]],[[0.723118,-0.688,0.0612929],[-0.538369,-0.616987,-0.574008],[0.432735,0.382077,-0.816552]]],"btipPosition":[3.88136,226.7,-9.56063],"carpPosition":[23.3431,241.036,35.5054],"dipPosition":[10.4931,232.538,-22.0366],"direction":[-0.637942,-0.631204,0.441147],"extended":false,"handId":422,"id":4224,"length":44.7733,"mcpPosition":[37.1565,261.68,-9.49293],"pipPosition":[21.5532,243.481,-29.6849],"stabilizedTipPosition":[6.00283,226.082,-10.6404],"timeVisible":11.8106,"tipPosition":[6.29508,228.04,-12.8309],"tipVelocity":[-62.3633,232.39,-194.686],"tool":false,"touchDistance":0.333333,"touchZone":"none","type":4,"width":14.2335}],"r":[[0.836431,-0.547382,0.0274894],[0.506853,0.791636,0.341193],[-0.208524,-0.271451,0.939591]],"s":1.18623,"t":[20.5283,117.165,-88.6292],"timestamp":88950612389},false],[5,{"currentFrameRate":53.0295,"devices":[],"gestures":[],"hands":[{"armBasis":[[0.953381,-0.209305,-0.217384],[0.260597,0.934276,0.243346],[0.152163,-0.288651,0.945265]],"armWidth":56.4821,"confidence":0.536188,"direction":[0.050105,0.563661,-0.824485],"elbow":[44.9823,173.156,266.343],"grabStrength":0.0774417,"id":422,"palmNormal":[-0.258947,-0.789961,-0.555795],"palmPosition":[3.45408,267.825,-0.762931],"palmVelocity":[-31.2304,206.276,-166.275],"palmWidth":80.6546,"pinchStrength":0.331119,"r":[[0.830471,-0.556017,0.0340962],[0.511972,0.785944,0.346665],[-0.219549,-0.270439,0.937369]],"s":1.19671,"sphereCenter":[-7.87064,250.94,-35.6497],"sphereRadius":42.5668,"stabilizedPalmPosition":[3.79925,265.754,0.947213],"t":[19.9394,121.028,-91.7502],"timeVisible":11.8295,"type":"right","wrist":[8.56496,242.239,40.1116]}],"id":1426204,"interactionBox":{"center":[0,200,0],"size":[235.247,235.247,147.751]},"pointables":[{"bases":[[[0.629535,0.719434,0.293428],[-0.680047,0.327538,0.655938],[0.375795,-0.612481,0.695446]],[[0.531194,0.836764,0.132885],[-0.689766,0.336028,0.641333],[0.491992,-0.432332,0.755667]],[[0.531194,0.836764,0.132885],[-0.839124,0.497918,0.218972],[0.117062,-0.227824,0.96664]],[[0.531194,0.836764,0.132885],[-0.82521,0.546514,-0.142655],[-0.191992,-0.0338809,0.980811]]],"btipPosition":[-39.7655,265.784,-43.0182],"carpPosition":[-18.4411,239.066,39.9798],"dipPosition":[-43.7484,265.081,-22.6711],"direction":[-0.117062,0.227824,-0.96664],"extended":false,"handId":422,"id":4220,"length":46.1965,"mcpPosition":[-18.4411,239.066,39.9798],"pipPosition":[-40.2105,258.195,6.54343],"stabilizedTipPosition":[-40.085,263.096,-35.6655],"timeVisible":11.8295,"tipPosition":[-39.8757,266.692,-37.2177],"tipVelocity":[-39.7877,194.209,-192.371],"tool":false,"touchDistance":-0.680676,"touchZone":"touching","type":0,"width":17.9498},{"bases":[[[0.95931,-0.14328,-0.2433],[0.239384,0.869659,0.431727],[0.14973,-0.472402,0.868572]],[[0.969763,-0.192414,-0.150121],[0.244043,0.760724,0.601449],[-0.00152609,-0.6199,0.78468]],[[0.969763,-0.192414,-0.150121],[0.220781,0.953817,0.203686],[0.103996,-0.230671,0.967458]],[[0.969763,-0.192414,-0.150121],[0.166395,0.971289,-0.170031],[0.178528,0.13991,0.973937]]],"btipPosition":[-21.2197,313.616,-80.9701],"carpPosition":[-6.58162,256.378,41.0323],"dipPosition":[-18.5159,315.734,-66.22],"direction":[-0.103996,0.230671,-0.967458],"extended":true,"handId":422,"id":4221,"length":52.1277,"mcpPosition":[-16.3459,287.185,-15.6098],"pipPosition":[-16.2878,310.792,-45.4923],"stabilizedTipPosition":[-20.5261,312.824,-76.8175],"timeVisible":11.8295,"tipPosition":[-20.4491,312.102,-77.6984],"tipVelocity":[1.56143,292.738,-162.186],"tool":false,"touchDistance":-0.688909,"touchZone":"touching","type":1,"width":17.1457},{"bases":[[[0.91576,-0.351928,-0.193726],[0.40135,0.822333,0.403344],[0.0173592,-0.447118,0.894307]],[[0.915871,-0.355555,-0.186441],[0.118969,0.683896,-0.719815],[0.38344,0.637077,0.66866]],[[0.915871,-0.355555,-0.186441],[-0.299499,-0.295841,-0.907071],[0.267357,0.8866,-0.37744]],[[0.915871,-0.355555,-0.186441],[-0.394695,-0.712462,-0.580185],[0.0734559,0.604962,-0.792859]]],"btipPosition":[-21.3596,224.397,-22.5514],"carpPosition":[4.0593,256.39,38.6032],"dipPosition":[-20.136,234.474,-35.7584],"direction":[-0.267357,-0.8866,0.37744],"extended":false,"handId":422,"id":4222,"length":59.3953,"mcpPosition":[2.98576,284.041,-16.7035],"pipPosition":[-13.3969,256.822,-45.2723],"stabilizedTipPosition":[-20.1756,222.981,-22.4013],"timeVisible":11.8295,"tipPosition":[-20.8248,226.878,-24.703],"tipVelocity":[-52.1522,220.304,-187.596],"tool":false,"touchDistance":0.333333,"touchZone":"none","type":2,"width":16.8393},{"bases":[[[0.875455,-0.474872,-0.0898605],[0.4661,0.780416,0.416775],[-0.127786,-0.406752,0.904557]],[[0.877044,-0.469537,-0.101628],[0.233966,0.602227,-0.763271],[0.419587,0.645645,0.638035]],[[0.877044,-0.469537,-0.101628],[-0.286653,-0.341717,-0.895019],[0.385517,0.814103,-0.434295]],[[0.877044,-0.469537,-0.101628],[-0.4423,-0.706625,-0.552315],[0.18752,0.529354,-0.827418]]],"btipPosition":[-7.80403,221.815,-14.9512],"carpPosition":[14.2903,253.558,36.1755],"dipPosition":[-4.69839,230.582,-28.6546],"direction":[-0.385517,-0.814103,0.434295],"extended":false,"handId":422,"id":4223,"length":57.1101,"mcpPosition":[21.3857,276.143,-14.0498],"pipPosition":[4.76813,250.573,-39.3189],"stabilizedTipPosition":[-6.32955,220.874,-15.7856],"timeVisible":11.8295,"tipPosition":[-6.83493,224.125,-17.3439],"tipVelocity":[-52.988,208.727,-164.435],"tool":false,"touchDistance":0.333333,"touchZone":"none","type":3,"width":16.0237},{"bases":[[[0.765653,-0.641134,-0.0521837],[0.583458,0.658034,0.475992],[-0.270836,-0.394892,0.8779]],[[0.721347,-0.689174,0.06854],[0.481776,0.428232,-0.764532],[0.497545,0.584514,0.640931]],[[0.721347,-0.689174,0.06854],[-0.263097,-0.364227,-0.893375],[0.640655,0.6264,-0.444054]],[[0.721347,-0.689174,0.06854],[-0.53834,-0.620213,-0.570548],[0.435716,0.374665,-0.818399]]],"btipPosition":[3.19341,230.006,-11.9262],"carpPosition":[22.6316,244.613,33.0825],"dipPosition":[9.85067,235.73,-24.4304],"direction":[-0.640655,-0.6264,0.444054],"extended":false,"handId":422,"id":4224,"length":44.7733,"mcpPosition":[36.5523,264.91,-12.0405],"pipPosition":[20.9578,246.59,-32.129],"stabilizedTipPosition":[5.22047,229.289,-13.1876],"timeVisible":11.8295,"tipPosition":[5.60426,231.31,-15.186],"tipVelocity":[-49.4395,203.838,-161.017],"tool":false,"touchDistance":0.333333,"touchZone":"none","type":4,"width":14.2335}],"r":[[0.830471,-0.556017,0.0340962],[0.511972,0.785944,0.346665],[-0.219549,-0.270439,0.937369]],"s":1.19671,"t":[19.9394,121.028,-91.7502],"timestamp":88950631232},false],[6,{"currentFrameRate":53.0233,"devices":[],"gestures":[],"hands":[{"armBasis":[[0.95264,-0.213178,-0.216869],[0.265738,0.930298,0.252843],[0.147853,-0.298498,0.942888]],"armWidth":56.4821,"confidence":0.464819,"direction":[0.057094,0.564995,-0.823117],"elbow":[42.9277,173.07,264.052],"grabStrength":0.0498767,"id":422,"palmNormal":[-0.261647,-0.787177,-0.558474],"palmPosition":[2.76281,270.21,-2.45343],"palmVelocity":[-33.8666,167.09,-128.665],"palmWidth":80.6546,"pinchStrength":0.335047,"r":[[0.82485,-0.563949,0.039789],[0.51669,0.780549,0.351817],[-0.229464,-0.269637,0.935223]],"s":1.20509,"sphereCenter":[-9.13855,254.101,-37.23],"sphereRadius":42.5058,"stabilizedPalmPosition":[3.19383,268.357,-1.03921],"t":[19.2993,124.153,-94.1559],"timeVisible":11.8483,"type":"right","wrist":[7.54195,244.51,38.3894]}],"id":1426205,"interactionBox":{"center":[0,200,0],"size":[235.247,235.247,147.751]},"pointables":[{"bases":[[[0.632864,0.714828,0.297497],[-0.680667,0.330525,0.653793],[0.369019,-0.616258,0.695737]],[[0.533461,0.835285,0.13311],[-0.692279,0.34076,0.636107],[0.485972,-0.431487,0.760033]],[[0.533461,0.835285,0.13311],[-0.837987,0.500558,0.2173],[0.114879,-0.227466,0.966986]],[[0.533461,0.835285,0.13311],[-0.824308,0.548683,-0.139511],[-0.189567,-0.0352999,0.981233]]],"btipPosition":[-40.5253,268.207,-45.0708],"carpPosition":[-19.4829,241.508,38.1397],"dipPosition":[-44.4579,267.475,-24.7149],"direction":[-0.114879,0.227466,-0.966986],"extended":false,"handId":422,"id":4220,"length":46.1965,"mcpPosition":[-19.4829,241.508,38.1397],"pipPosition":[-40.986,260.6,4.51009],"stabilizedTipPosition":[-40.7252,265.449,-37.9141],"timeVisible":11.8483,"tipPosition":[-40.6217,269.121,-39.3046],"tipVelocity":[-39.7085,161.764,-151.316],"tool":false,"touchDistance":-0.6717,"touchZone":"touching","type":0,"width":17.9498},{"bases":[[[0.959382,-0.148878,-0.239628],[0.243104,0.867248,0.43449],[0.143131,-0.475097,0.868215]],[[0.968898,-0.19576,-0.151376],[0.247381,0.750807,0.612447],[-0.00623823,-0.630846,0.775883]],[[0.968898,-0.19576,-0.151376],[0.227469,0.94542,0.233321],[0.097439,-0.260498,0.960545]],[[0.968898,-0.19576,-0.151376],[0.177274,0.975886,-0.127357],[0.172657,0.0965606,0.980238]]],"btipPosition":[-21.3173,317.868,-82.315],"carpPosition":[-7.51833,258.743,39.2765],"dipPosition":[-18.7024,319.331,-67.4694],"direction":[-0.097439,0.260498,-0.960545],"extended":true,"handId":422,"id":4221,"length":52.1277,"mcpPosition":[-16.8524,289.726,-17.3423],"pipPosition":[-16.6148,313.75,-46.8898],"stabilizedTipPosition":[-20.6778,317.126,-78.4827],"timeVisible":11.8483,"tipPosition":[-20.5902,316.098,-79.0945],"tipVelocity":[-2.2663,255.736,-117.038],"tool":false,"touchDistance":-0.668195,"touchZone":"touching","type":1,"width":17.1457},{"bases":[[[0.914305,-0.357345,-0.190662],[0.404883,0.818952,0.406679],[0.0108182,-0.449024,0.893454]],[[0.914362,-0.360988,-0.183383],[0.126278,0.684565,-0.717931],[0.384702,0.633291,0.671526]],[[0.914362,-0.360988,-0.183383],[-0.297615,-0.292122,-0.908895],[0.27453,0.885637,-0.374541]],[[0.914362,-0.360988,-0.183383],[-0.3968,-0.708779,-0.583252],[0.0805693,0.606069,-0.791321]]],"btipPosition":[-22.2351,226.985,-24.4316],"carpPosition":[3.13242,258.692,36.8914],"dipPosition":[-20.893,237.08,-37.613],"direction":[-0.27453,-0.885637,0.374541],"extended":false,"handId":422,"id":4222,"length":59.3953,"mcpPosition":[2.46339,286.461,-18.3626],"pipPosition":[-13.9731,259.404,-47.0538],"stabilizedTipPosition":[-21.0239,226.046,-24.8539],"timeVisible":11.8483,"tipPosition":[-21.6767,229.466,-26.5794],"tipVelocity":[-48.6114,179.606,-144.308],"tool":false,"touchDistance":0.333333,"touchZone":"none","type":2,"width":16.8393},{"bases":[[[0.87279,-0.48024,-0.0872155],[0.46931,0.776597,0.420292],[-0.13411,-0.407758,0.903188]],[[0.874142,-0.475959,-0.0966349],[0.25005,0.611633,-0.750586],[0.416354,0.631955,0.653668]],[[0.874142,-0.475959,-0.0966349],[-0.276788,-0.324723,-0.904402],[0.399079,0.817323,-0.415594]],[[0.874142,-0.475959,-0.0966349],[-0.441488,-0.695814,-0.566508],[0.202395,0.537872,-0.818371]]],"btipPosition":[-8.83933,224.435,-17.7786],"carpPosition":[13.3553,255.8,34.5002],"dipPosition":[-5.48732,233.343,-31.3323],"direction":[-0.399079,-0.817323,0.415594],"extended":false,"handId":422,"id":4223,"length":57.1101,"mcpPosition":[20.8017,278.441,-15.6491],"pipPosition":[4.3122,253.413,-41.5373],"stabilizedTipPosition":[-7.21001,223.714,-18.3733],"timeVisible":11.8483,"tipPosition":[-7.80684,226.689,-19.8927],"tipVelocity":[-52.4199,175.277,-156.341],"tool":false,"touchDistance":0.333333,"touchZone":"none","type":3,"width":16.0237},{"bases":[[[0.761781,-0.645876,-0.0503326],[0.585643,0.653352,0.479742],[-0.276969,-0.394936,0.875964]],[[0.716181,-0.69427,0.0712394],[0.488643,0.425932,-0.761453],[0.49831,0.580148,0.644294]],[[0.716181,-0.69427,0.0712394],[-0.260736,-0.360846,-0.895437],[0.647381,0.62272,-0.439452]],[[0.716181,-0.69427,0.0712394],[-0.539673,-0.615628,-0.574243],[0.442536,0.372815,-0.81558]]],"btipPosition":[2.28464,232.432,-13.7141],"carpPosition":[21.6524,246.809,31.4233],"dipPosition":[9.04611,238.128,-26.1753],"direction":[-0.647381,-0.62272,0.439452],"extended":false,"handId":422,"id":4224,"length":44.7733,"mcpPosition":[35.8883,267.108,-13.6001],"pipPosition":[20.2698,248.925,-33.7941],"stabilizedTipPosition":[4.40451,231.921,-15.1926],"timeVisible":11.8483,"tipPosition":[4.70699,233.72,-16.944],"tipVelocity":[-48.175,166.756,-128.256],"tool":false,"touchDistance":0.333333,"touchZone":"none","type":4,"width":14.2335}],"r":[[0