{"sensorType":"Leap","data":[[0,{"currentFrameRate":52.7386,"devices":[],"gestures":[],"hands":[{"armBasis":[[0.949617,-0.0998928,-0.297066],[0.189597,0.937836,0.290717],[0.249559,-0.332392,0.909525]],"armWidth":59.3966,"confidence":0.894362,"direction":[0.00862052,0.535376,-0.84457],"elbow":[72.9843,119.337,297.017],"grabStrength":0,"id":423,"palmNormal":[-0.193948,-0.827668,-0.526641],"palmPosition":[2.85774,227.806,24.1611],"palmVelocity":[-88.6812,540.434,-215.107],"palmWidth":84.8164,"pinchStrength":0.482618,"r":[[0.883977,-0.459056,-0.0886113],[0.46749,0.870354,0.154718],[0.0060991,-0.178192,0.983977]],"s":0.914912,"sphereCenter":[3.44445,201.932,-13.9696],"sphereRadius":47.0757,"stabilizedPalmPosition":[3.23176,225.571,25.0974],"t":[-9.37304,78.5535,-114.648],"timeVisible":0.641618,"type":"right","wrist":[10.1752,202.994,68.1071]}],"id":1426444,"interactionBox":{"center":[0,200,0],"size":[235.247,235.247,147.751]},"pointables":[{"bases":[[[0.569896,0.777017,0.267327],[-0.70611,0.296687,0.64295],[0.420271,-0.555177,0.71774]],[[0.450545,0.888727,0.0847034],[-0.755797,0.329207,0.566033],[0.475164,-0.319042,0.820019]],[[0.450545,0.888727,0.0847034],[-0.88669,0.434427,0.158285],[0.103874,-0.14642,0.983754]],[[0.450545,0.888727,0.0847034],[-0.803115,0.444915,-0.396304],[-0.389892,0.110526,0.914204]]],"btipPosition":[-34.7784,214.515,-21.297],"carpPosition":[-17.8731,197.428,68.069],"dipPosition":[-43.2841,216.926,-1.35299],"direction":[-0.103874,0.14642,-0.983754],"extended":false,"handId":423,"id":4230,"length":48.5803,"mcpPosition":[-17.8731,197.428,68.069],"pipPosition":[-39.9828,212.273,29.9129],"stabilizedTipPosition":[-36.3371,213.228,-16.0512],"timeVisible":0.641618,"tipPosition":[-37.3863,214.578,-16.7221],"tipVelocity":[-116.734,604.967,-217.591],"tool":false,"touchDistance":0.255332,"touchZone":"hovering","type":0,"width":18.876},{"bases":[[[0.968495,-0.0760622,-0.237132],[0.16863,0.900994,0.399717],[0.183251,-0.427112,0.885435]],[[0.985568,-0.148033,-0.0821078],[0.168894,0.892619,0.417979],[0.0114165,-0.425814,0.904739]],[[0.985568,-0.148033,-0.0821078],[0.16493,0.948968,0.268807],[0.0381255,-0.27847,0.959688]],[[0.985568,-0.148033,-0.0821078],[0.158661,0.976889,0.143228],[0.0590078,-0.154188,0.986278]]],"btipPosition":[-21.6999,271.66,-65.767],"carpPosition":[-6.87697,216.588,68.5168],"dipPosition":[-20.7602,269.205,-50.0592],"direction":[-0.0381255,0.27847,-0.959688],"extended":true,"handId":423,"id":4231,"length":54.8174,"mcpPosition":[-19.444,245.878,7.79549],"pipPosition":[-19.9012,262.931,-28.437],"stabilizedTipPosition":[-21.3887,270.434,-61.9443],"timeVisible":0.641618,"tipPosition":[-21.5984,269.69,-62.5578],"tipVelocity":[-83.1574,641.046,-173.532],"tool":false,"touchDistance":-0.514457,"touchZone":"touching","type":1,"width":18.0304},{"bases":[[[0.941316,-0.285543,-0.179971],[0.33392,0.865568,0.373215],[0.0492081,-0.411409,0.910121]],[[0.940958,-0.28273,-0.186175],[0.0474163,0.654618,-0.754471],[0.335185,0.701098,0.629375]],[[0.940958,-0.28273,-0.186175],[-0.294114,-0.410482,-0.863135],[0.167613,0.86693,-0.469401]],[[0.940958,-0.28273,-0.186175],[-0.338202,-0.809062,-0.480665],[-0.0147283,0.515251,-0.856913]]],"btipPosition":[-18.1584,180.638,5.95839],"carpPosition":[4.28664,217.388,65.9723],"dipPosition":[-18.4163,189.664,-9.05213],"direction":[-0.167613,-0.86693,0.469401],"extended":false,"handId":423,"id":4232,"length":62.4601,"mcpPosition":[1.08643,244.144,6.78326],"pipPosition":[-13.9734,212.644,-21.4946],"stabilizedTipPosition":[-17.5595,180.149,3.59934],"timeVisible":0.641618,"tipPosition":[-18.5164,182.772,0.894631],"tipVelocity":[-126.623,579.072,-225.712],"tool":false,"touchDistance":0.333333,"touchZone":"none","type":2,"width":17.7082},{"bases":[[[0.910429,-0.407405,-0.0716965],[0.401718,0.829399,0.388226],[-0.0987002,-0.382254,0.918771]],[[0.911668,-0.402254,-0.083984],[0.198211,0.609491,-0.767616],[0.359964,0.683164,0.635384]],[[0.911668,-0.402254,-0.083984],[-0.269799,-0.431777,-0.860684],[0.309951,0.807317,-0.502165]],[[0.911668,-0.402254,-0.083984],[-0.394393,-0.799126,-0.453708],[0.115392,0.446754,-0.887184]]],"btipPosition":[-3.98623,180.415,11.8478],"carpPosition":[15.2559,215.175,63.5387],"dipPosition":[-1.97652,188.196,-3.60364],"direction":[-0.309951,-0.807317,0.502165],"extended":false,"handId":423,"id":4233,"length":60.057,"mcpPosition":[21.019,237.495,9.89179],"pipPosition":[6.02717,209.043,-16.5708],"stabilizedTipPosition":[-2.25561,177.419,11.0879],"timeVisible":0.641618,"tipPosition":[-3.275,182.357,9.43967],"tipVelocity":[-136.008,554.664,-315.993],"tool":false,"touchDistance":0.333333,"touchZone":"none","type":3,"width":16.8505},{"bases":[[[0.813912,-0.580312,-0.0280309],[0.528124,0.718885,0.451984],[-0.242141,-0.382679,0.891585]],[[0.824062,-0.562347,-0.0684642],[0.299467,0.535016,-0.789986],[0.480875,0.630495,0.609291]],[[0.824062,-0.562347,-0.0684642],[-0.354063,-0.416922,-0.837147],[0.442223,0.714102,-0.542676]],[[0.824062,-0.562347,-0.0684642],[-0.531486,-0.725634,-0.437011],[0.196072,0.396512,-0.896847]]],"btipPosition":[10.7778,186.889,16.6707],"carpPosition":[24.7524,206.377,60.6402],"dipPosition":[13.9281,193.26,2.26082],"direction":[-0.442223,-0.714102,0.542676],"extended":false,"handId":423,"id":4234,"length":47.0836,"mcpPosition":[37.8403,227.061,12.4492],"pipPosition":[21.9906,206.28,-7.63311],"stabilizedTipPosition":[12.5403,184.335,15.4461],"timeVisible":0.641618,"tipPosition":[11.7814,188.498,13.5806],"tipVelocity":[-127.754,537.478,-271.685],"tool":false,"touchDistance":0.333333,"touchZone":"none","type":4,"width":14.9679}],"r":[[0.883977,-0.459056,-0.0886113],[0.46749,0.870354,0.154718],[0.0060991,-0.178192,0.983977]],"s":0.914912,"t":[-9.37304,78.5535,-114.648],"timestamp":88955216089},false],[1,{"currentFrameRate":52.7498,"devices":[],"gestures":[],"hands":[{"armBasis":[[0.952314,-0.10524,-0.286395],[0.196969,0.928893,0.313625],[0.233024,-0.35508,0.905327]],"armWidth":59.3966,"confidence":0.894517,"direction":[0.0028332,0.551503,-0.834168],"elbow":[66.8932,122.564,291.555],"grabStrength":0,"id":423,"palmNormal":[-0.202761,-0.816527,-0.540529],"palmPosition":[0.613715,237.616,20.3141],"palmVelocity":[-103.375,529.706,-209.344],"palmWidth":84.8164,"pinchStrength":0.483552,"r":[[0.879748,-0.464474,-0.101525],[0.47534,0.863663,0.167744],[0.00977109,-0.195831,0.980589]],"s":0.912789,"sphereCenter":[0.55613,212.663,-18.3025],"sphereRadius":46.9616,"stabilizedPalmPosition":[1.01315,235.778,21.0439],"t":[-11.333,88.5573,-118.602],"timeVisible":0.660535,"type":"right","wrist":[8.24552,211.931,63.7014]}],"id":1426445,"interactionBox":{"center":[0,200,0],"size":[235.247,235.247,147.751]},"pointables":[{"bases":[[[0.575945,0.769264,0.276624],[-0.698502,0.287283,0.655411],[0.424715,-0.570703,0.702791]],[[0.454853,0.8853,0.0967089],[-0.749306,0.321753,0.578805],[0.4813,-0.335736,0.809711]],[[0.454853,0.8853,0.0967089],[-0.88332,0.434658,0.175549],[0.113379,-0.165274,0.979709]],[[0.454853,0.8853,0.0967089],[-0.808376,0.455998,-0.372283],[-0.373681,0.0911568,0.923067]]],"btipPosition":[-37.673,225.373,-25.1204],"carpPosition":[-19.8265,206.487,63.8307],"dipPosition":[-45.8251,227.361,-4.9831],"direction":[-0.113379,0.165274,-0.979709],"extended":false,"handId":423,"id":4230,"length":48.5803,"mcpPosition":[-19.8265,206.487,63.8307],"pipPosition":[-42.2217,222.109,26.1542],"stabilizedTipPosition":[-39.1731,224.359,-19.9707],"timeVisible":0.660535,"tipPosition":[-40.1215,225.373,-20.4675],"tipVelocity":[-132.429,587.233,-208.845],"tool":false,"touchDistance":0.257849,"touchZone":"hovering","type":0,"width":18.876},{"bases":[[[0.965799,-0.0756466,-0.248014],[0.176543,0.892393,0.415292],[0.18991,-0.444874,0.875227]],[[0.984012,-0.149935,-0.0961238],[0.177113,0.880569,0.439579],[0.0187356,-0.449576,0.893046]],[[0.984012,-0.149935,-0.0961238],[0.171847,0.941074,0.291287],[0.0467856,-0.303149,0.951794]],[[0.984012,-0.149935,-0.0961238],[0.164348,0.972389,0.165679],[0.0686286,-0.178828,0.981484]]],"btipPosition":[-24.6617,283.778,-68.3222],"carpPosition":[-8.74064,225.587,64.539],"dipPosition":[-23.5687,280.93,-52.6907],"direction":[-0.0467856,0.303149,-0.951794],"extended":true,"handId":423,"id":4231,"length":54.8174,"mcpPosition":[-21.7643,256.096,4.51781],"pipPosition":[-22.5146,274.1,-31.2464],"stabilizedTipPosition":[-24.2817,282.583,-64.6085],"timeVisible":0.660535,"tipPosition":[-24.507,281.7,-65.1744],"tipVelocity":[-118.265,638.469,-155.116],"tool":false,"touchDistance":-0.529936,"touchZone":"touching","type":1,"width":18.0304},{"bases":[[[0.938235,-0.286071,-0.194626],[0.341407,0.856773,0.386498],[0.0561845,-0.429073,0.901521]],[[0.937833,-0.283164,-0.200716],[0.0440931,0.670802,-0.740325],[0.344273,0.685451,0.641586]],[[0.937833,-0.283164,-0.200716],[-0.304136,-0.391789,-0.868333],[0.167242,0.875397,-0.453553]],[[0.937833,-0.283164,-0.200716],[-0.346446,-0.798785,-0.491851],[-0.0210545,0.530811,-0.847229]]],"btipPosition":[-20.7852,190.993,1.30839],"carpPosition":[2.40125,226.388,61.9014],"dipPosition":[-21.154,200.291,-13.5325],"direction":[-0.167242,-0.875397,0.453553],"extended":false,"handId":423,"id":4232,"length":62.4601,"mcpPosition":[-1.25267,254.293,3.27165],"pipPosition":[-16.7209,223.496,-25.5548],"stabilizedTipPosition":[-20.3323,191.023,-1.17859],"timeVisible":0.660535,"tipPosition":[-21.1679,193.183,-3.58343],"tipVelocity":[-133.289,565.154,-234.562],"tool":false,"touchDistance":0.333333,"touchZone":"none","type":2,"width":17.7082},{"bases":[[[0.907852,-0.409862,-0.0884169],[0.409185,0.820031,0.400147],[-0.0915005,-0.399453,0.912176]],[[0.908912,-0.404901,-0.0996669],[0.199287,0.63175,-0.749118],[0.366283,0.66102,0.654896]],[[0.908912,-0.404901,-0.0996669],[-0.275021,-0.40243,-0.873163],[0.313436,0.821039,-0.477129]],[[0.908912,-0.404901,-0.0996669],[-0.401094,-0.783568,-0.474494],[0.114027,0.471249,-0.874598]]],"btipPosition":[-6.65558,190.561,6.33437],"carpPosition":[13.3363,224.176,59.3185],"dipPosition":[-4.66965,198.768,-8.89789],"direction":[-0.313436,-0.821039,0.477129],"extended":false,"handId":423,"id":4233,"length":60.057,"mcpPosition":[18.679,247.5,6.05666],"pipPosition":[3.42403,219.97,-21.2185],"stabilizedTipPosition":[-5.05488,188.088,5.22633],"timeVisible":0.660535,"tipPosition":[-5.94581,192.535,4.08712],"tipVelocity":[-138.653,548.219,-302.644],"tool":false,"touchDistance":0.333333,"touchZone":"none","type":3,"width":16.8505},{"bases":[[[0.810988,-0.583161,-0.0471406],[0.535705,0.707765,0.46053],[-0.235198,-0.398738,0.886392]],[[0.820524,-0.565109,-0.0859758],[0.305963,0.561249,-0.769016],[0.482832,0.604691,0.633421]],[[0.820524,-0.565109,-0.0859758],[-0.351956,-0.380953,-0.854987],[0.450408,0.731797,-0.511474]],[[0.820524,-0.565109,-0.0859758],[-0.534943,-0.706148,-0.463887],[0.201435,0.426622,-0.881713]]],"btipPosition":[8.11493,196.819,10.8625],"carpPosition":[22.7647,215.394,56.1586],"dipPosition":[11.3514,203.673,-3.3042],"direction":[-0.450408,-0.731797,0.511474],"extended":false,"handId":423,"id":4234,"length":47.0836,"mcpPosition":[35.4774,236.946,8.24834],"pipPosition":[19.5632,217.015,-12.6293],"stabilizedTipPosition":[9.82097,194.722,9.65284],"timeVisible":0.660535,"tipPosition":[9.15584,198.515,8.16906],"tipVelocity":[-133.624,534.183,-287.581],"tool":false,"touchDistance":0.333333,"touchZone":"none","type":4,"width":14.9679}],"r":[[0.879748,-0.464474,-0.101525],[0.47534,0.863663,0.167744],[0.00977109,-0.195831,0.980589]],"s":0.912789,"t":[-11.333,88.5573,-118.602],"timestamp":88955235006},false],[2,{"currentFrameRate":52.833,"devices":[],"gestures":[],"hands":[{"armBasis":[[0.94563,-0.114206,-0.304535],[0.211642,0.927039,0.309525],[0.246966,-0.357149,0.900807]],"armWidth":59.3966,"confidence":0.84205,"direction":[0.00503918,0.559136,-0.829061],"elbow":[67.852,130.949,285.307],"grabStrength":0,"id":423,"palmNormal":[-0.217979,-0.80852,-0.546608],"palmPosition":[-1.86329,247.029,15.4956],"palmVelocity":[-117.745,517.88,-233.294],"palmWidth":84.8164,"pinchStrength":0.488967,"r":[[0.8748,-0.470886,-0.113978],[0.4843,0.856402,0.178967],[0.0133376,-0.21176,0.977231]],"s":0.911926,"sphereCenter":[-2.81969,222.719,-23.2597],"sphereRadius":46.8632,"stabilizedPalmPosition":[-1.42389,245.31,16.3431],"t":[-13.5515,98.2658,-122.989],"timeVisible":0.679162,"type":"right","wrist":[5.69542,220.836,58.5914]}],"id":1426446,"interactionBox":{"center":[0,200,0],"size":[235.247,235.247,147.751]},"pointables":[{"bases":[[[0.588665,0.758439,0.279719],[-0.689914,0.291028,0.662813],[0.421297,-0.583157,0.694576]],[[0.467598,0.878135,0.101146],[-0.741295,0.327235,0.586002],[0.48149,-0.348993,0.803972]],[[0.467598,0.878135,0.101146],[-0.875869,0.444857,0.186965],[0.119185,-0.176015,0.977146]],[[0.467598,0.878135,0.101146],[-0.809065,0.471268,-0.35117],[-0.356041,0.0823728,0.930833]]],"btipPosition":[-40.8743,235.825,-29.9084],"carpPosition":[-22.4496,215.789,58.8636],"dipPosition":[-48.6416,237.622,-9.60166],"direction":[-0.119185,0.176015,-0.977146],"extended":false,"handId":423,"id":4230,"length":48.5803,"mcpPosition":[-22.4496,215.789,58.8636],"pipPosition":[-44.8536,232.028,21.4542],"stabilizedTipPosition":[-42.2606,234.875,-24.6334],"timeVisible":0.679162,"tipPosition":[-43.1279,235.802,-25.1737],"tipVelocity":[-149.265,573.409,-231.226],"tool":false,"touchDistance":0.247595,"touchZone":"hovering","type":0,"width":18.876},{"bases":[[[0.962932,-0.0869877,-0.255334],[0.191997,0.88591,0.422257],[0.189472,-0.455628,0.869772]],[[0.981064,-0.16208,-0.106032],[0.192763,0.870367,0.453105],[0.0188474,-0.464964,0.885129]],[[0.981064,-0.16208,-0.106032],[0.187307,0.933269,0.306471],[0.0492835,-0.320529,0.945956]],[[0.981064,-0.16208,-0.106032],[0.179369,0.96686,0.181682],[0.0730711,-0.19726,0.977624]]],"btipPosition":[-27.1115,294.953,-72.3058],"carpPosition":[-11.089,234.723,59.6713],"dipPosition":[-25.9478,291.811,-56.7358],"direction":[-0.0492835,0.320529,-0.945956],"extended":true,"handId":423,"id":4231,"length":54.8174,"mcpPosition":[-24.0826,265.969,0.0241558],"pipPosition":[-24.8374,284.59,-35.423],"stabilizedTipPosition":[-26.736,293.74,-68.5514],"timeVisible":0.679162,"tipPosition":[-26.9381,292.771,-69.2068],"tipVelocity":[-124.275,618.004,-184],"tool":false,"touchDistance":-0.565242,"touchZone":"touching","type":1,"width":18.0304},{"bases":[[[0.932743,-0.297488,-0.203695],[0.356141,0.848231,0.392004],[0.0561644,-0.438183,0.897129]],[[0.932344,-0.294534,-0.209724],[0.0519791,0.683191,-0.728388],[0.357817,0.668207,0.652278]],[[0.932344,-0.294534,-0.209724],[-0.314552,-0.374681,-0.872165],[0.178303,0.879127,-0.441978]],[[0.932344,-0.294534,-0.209724],[-0.361071,-0.788967,-0.497151],[-0.0190374,0.539241,-0.841936]]],"btipPosition":[-24.077,201.117,-4.22275],"carpPosition":[0.0450761,235.391,56.9646],"dipPosition":[-24.4105,210.563,-18.9709],"direction":[-0.178303,-0.879127,0.441978],"extended":false,"handId":423,"id":4232,"length":62.4601,"mcpPosition":[-3.60754,263.888,-1.37955],"pipPosition":[-19.6843,233.866,-30.6864],"stabilizedTipPosition":[-23.5244,201.269,-6.55477],"timeVisible":0.679162,"tipPosition":[-24.4181,203.274,-8.78161],"tipVelocity":[-154.162,555.524,-264.286],"tool":false,"touchDistance":0.333333,"touchZone":"none","type":2,"width":17.7082},{"bases":[[[0.901322,-0.421819,-0.0984227],[0.42348,0.810409,0.404848],[-0.0910098,-0.406578,0.909072]],[[0.902343,-0.416942,-0.109253],[0.197002,0.624409,-0.755846],[0.383362,0.660509,0.64557]],[[0.902343,-0.416942,-0.109253],[-0.29073,-0.401639,-0.868425],[0.318202,0.81538,-0.483634]],[[0.902343,-0.416942,-0.109253],[-0.4161,-0.776552,-0.473104],[0.112416,0.472362,-0.874206]]],"btipPosition":[-9.89695,199.998,2.03303],"carpPosition":[10.93,233.048,54.2864],"dipPosition":[-7.93907,208.224,-13.1924],"direction":[-0.318202,-0.81538,0.483634],"extended":false,"handId":423,"id":4233,"length":60.057,"mcpPosition":[16.244,256.788,1.20576],"pipPosition":[0.277683,229.279,-25.681],"stabilizedTipPosition":[-8.2531,198.139,0.350703],"timeVisible":0.679162,"tipPosition":[-9.20372,202.056,-0.67971],"tipVelocity":[-155.986,528.138,-267.788],"tool":false,"touchDistance":0.333333,"touchZone":"none","type":3,"width":16.8505},{"bases":[[[0.802287,-0.594107,-0.0580766],[0.548798,0.69581,0.463324],[-0.234854,-0.403591,0.884284]],[[0.811518,-0.576471,-0.0954962],[0.317752,0.572516,-0.755817],[0.490379,0.583015,0.647782]],[[0.811518,-0.576471,-0.0954962],[-0.353797,-0.354684,-0.865463],[0.465043,0.736126,-0.491786]],[[0.811518,-0.576471,-0.0954962],[-0.544941,-0.687658,-0.479756],[0.210896,0.44137,-0.87219]]],"btipPosition":[4.8751,206.249,4.81363],"carpPosition":[20.2111,224.164,50.9811],"dipPosition":[8.26364,213.341,-9.2001],"direction":[-0.465043,-0.736126,0.491786],"extended":false,"handId":423,"id":4234,"length":47.0836,"mcpPosition":[32.9051,245.978,3.18474],"pipPosition":[16.7422,226.762,-18.1662],"stabilizedTipPosition":[6.77083,204.355,3.75068],"timeVisible":0.679162,"tipPosition":[5.95441,207.964,2.35308],"tipVelocity":[-152.279,522.067,-304.7],"tool":false,"touchDistance":0.333333,"touchZone":"none","type":4,"width":14.9679}],"r":[[0.8748,-0.470886,-0.113978],[0.4843,0.856402,0.178967],[0.0133376,-0.21176,0.977231]],"s":0.911926,"t":[-13.5515,98.2658,-122.989],"timestamp":88955253633},false],[3,{"currentFrameRate":52.7342,"devices":[],"gestures":[],"hands":[{"armBasis":[[0.951668,-0.0955209,-0.291898],[0.196858,0.919219,0.341005],[0.235745,-0.381985,0.893595]],"armWidth":59.3966,"confidence":0.850757,"direction":[-0.000952323,0.583581,-0.812054],"elbow":[62.8561,132.886,279.33],"grabStrength":0,"id":423,"palmNormal":[-0.204087,-0.795076,-0.571141],"palmPosition":[-4.30202,256.372,12.1052],"palmVelocity":[-121.969,500.808,-204.508],"palmWidth":84.8164,"pinchStrength":0.495598,"r":[[0.872256,-0.472488,-0.126191],[0.488786,0.850737,0.193222],[0.0160599,-0.230219,0.973006]],"s":0.911729,"sphereCenter":[-4.88878,233.383,-27.356],"sphereRadius":46.8462,"stabilizedPalmPosition":[-3.92646,254.929,12.6582],"t":[-15.8801,107.792,-126.878],"timeVisible":0.698482,"type":"right","wrist":[3.52375,229.025,54.4291]}],"id":1426447,"interactionBox":{"center":[0,200,0],"size":[235.247,235.247,147.751]},"pointables":[{"bases":[[[0.576283,0.758543,0.304155],[-0.696213,0.260759,0.6688],[0.428002,-0.597174,0.678378]],[[0.453282,0.88214,0.127923],[-0.748489,0.298752,0.59204],[0.484045,-0.36411,0.795691]],[[0.453282,0.88214,0.127923],[-0.8829,0.424595,0.200517],[0.122568,-0.203834,0.971303]],[[0.453282,0.88214,0.127923],[-0.821975,0.469183,-0.322839],[-0.344808,0.0411874,0.937769]]],"btipPosition":[-43.4385,246.071,-33.8976],"carpPosition":[-24.5423,223.549,54.4547],"dipPosition":[-50.9608,246.969,-13.4396],"direction":[-0.122568,0.203834,-0.971303],"extended":false,"handId":423,"id":4230,"length":48.5803,"mcpPosition":[-24.5423,223.549,54.4547],"pipPosition":[-47.0653,240.491,17.4306],"stabilizedTipPosition":[-44.8759,245.13,-28.7334],"timeVisible":0.698482,"tipPosition":[-45.4572,245.839,-29.0913],"tipVelocity":[-139.575,546.629,-218.007],"tool":false,"touchDistance":0.245431,"touchZone":"hovering","type":0,"width":18.876},{"bases":[[[0.964895,-0.0648563,-0.254502],[0.177307,0.875734,0.449057],[0.193752,-0.478418,0.856491]],[[0.983659,-0.143205,-0.109119],[0.178428,0.856334,0.484619],[0.0240422,-0.49617,0.867893]],[[0.983659,-0.143205,-0.109119],[0.172341,0.924291,0.340565],[0.0520869,-0.353805,0.933868]],[[0.983659,-0.143205,-0.109119],[0.164165,0.962263,0.217023],[0.0739221,-0.231391,0.970048]]],"btipPosition":[-30.0729,306.955,-74.1193],"carpPosition":[-13.4721,242.619,55.8638],"dipPosition":[-28.8956,303.27,-58.6699],"direction":[-0.0520869,0.353805,-0.933868],"extended":true,"handId":423,"id":4231,"length":54.8174,"mcpPosition":[-26.7592,275.428,-2.87261],"pipPosition":[-27.722,295.298,-37.6295],"stabilizedTipPosition":[-29.7108,305.739,-70.5059],"timeVisible":0.698482,"tipPosition":[-29.8435,304.657,-71.1025],"tipVelocity":[-138.638,616.384,-139.831],"tool":false,"touchDistance":-0.564669,"touchZone":"touching","type":1,"width":18.0304},{"bases":[[[0.937741,-0.277231,-0.209247],[0.342092,0.841446,0.418261],[0.0601152,-0.463802,0.883897]],[[0.937309,-0.274058,-0.215276],[0.0483765,0.714061,-0.69841],[0.345125,0.644212,0.682554]],[[0.937309,-0.274058,-0.215276],[-0.304798,-0.345167,-0.88767],[0.168967,0.897637,-0.40706]],[[0.937309,-0.274058,-0.215276],[-0.347677,-0.777752,-0.523662],[-0.0239172,0.56568,-0.824278]]],"btipPosition":[-25.8172,211.051,-9.70568],"carpPosition":[-2.34136,243.535,53.2163],"dipPosition":[-26.2362,220.96,-24.1445],"direction":[-0.168967,-0.897637,0.40706],"extended":false,"handId":423,"id":4232,"length":62.4601,"mcpPosition":[-6.25091,273.698,-4.2673],"pipPosition":[-21.7574,244.754,-34.9345],"stabilizedTipPosition":[-25.5313,211.4,-11.991],"timeVisible":0.698482,"tipPosition":[-26.1174,213.237,-13.8034],"tipVelocity":[-122.754,537.688,-272.167],"tool":false,"touchDistance":0.333333,"touchZone":"none","type":2,"width":17.7082},{"bases":[[[0.907892,-0.405099,-0.107824],[0.409958,0.804275,0.430206],[-0.0875555,-0.434784,0.896268]],[[0.908864,-0.399932,-0.118409],[0.190123,0.649924,-0.735835],[0.371241,0.646261,0.666728]],[[0.908864,-0.399932,-0.118409],[-0.281791,-0.379468,-0.881248],[0.307507,0.834301,-0.457582]],[[0.908864,-0.399932,-0.118409],[-0.402844,-0.768129,-0.497689],[0.108088,0.500032,-0.859235]]],"btipPosition":[-11.5865,209.656,-2.81346],"carpPosition":[8.58566,241.437,50.507],"dipPosition":[-9.70404,218.365,-17.7782],"direction":[-0.307507,-0.834301,0.457582],"extended":false,"handId":423,"id":4233,"length":60.057,"mcpPosition":[13.698,266.824,-1.82608],"pipPosition":[-1.76347,239.908,-29.594],"stabilizedTipPosition":[-10.4584,208.418,-4.67195],"timeVisible":0.698482,"tipPosition":[-10.9181,211.799,-5.45942],"tipVelocity":[-122.305,516.94,-257.809],"tool":false,"touchDistance":0.333333,"touchZone":"none","type":3,"width":16.8505},{"bases":[[[0.811356,-0.579981,-0.0729566],[0.536821,0.689883,0.48568],[-0.231354,-0.433224,0.871087]],[[0.820237,-0.561552,-0.108951],[0.312044,0.598886,-0.737539],[0.479416,0.57096,0.666457]],[[0.820237,-0.561552,-0.108951],[-0.344963,-0.33366,-0.877309],[0.456302,0.757186,-0.467395]],[[0.820237,-0.561552,-0.108951],[-0.53274,-0.680558,-0.50302],[0.208324,0.470638,-0.85738]]],"btipPosition":[3.0469,216.026,0.218561],"carpPosition":[18.01,232.795,46.9709],"dipPosition":[6.39411,223.587,-13.5572],"direction":[-0.456302,-0.757186,0.467395],"extended":false,"handId":423,"id":4234,"length":47.0836,"mcpPosition":[30.5149,256.211,-0.112141],"pipPosition":[14.7133,237.392,-22.0786],"stabilizedTipPosition":[4.53327,214.512,-1.32464],"timeVisible":0.698482,"tipPosition":[4.11388,217.83,-2.20762],"tipVelocity":[-123.815,516.861,-269.995],"tool":false,"touchDistance":0.333333,"touchZone":"none","type":4,"width":14.9679}],"r":[[0.872256,-0.472488,-0.126191],[0.488786,0.850737,0.193222],[0.0160599,-0.230219,0.973006]],"s":0.911729,"t":[-15.8801,107.792,-126.878],"timestamp":88955272953},false],[4,{"currentFrameRate":52.8753,"devices":[],"gestures":[],"hands":[{"armBasis":[[0.952948,-0.106187,-0.283928],[0.207067,0.912088,0.353864],[0.221391,-0.396006,0.89116]],"armWidth":59.3966,"confidence":0.850889,"direction":[-0.000326409,0.597033,-0.802217],"elbow":[57.0099,136.555,275.326],"grabStrength":0,"id":423,"palmNormal":[-0.214566,-0.783575,-0.583071],"palmPosition":[-6.53053,264.341,9.22184],"palmVelocity":[-121.549,468.187,-181.488],"palmWidth":84.8164,"pinchStrength":0.491167,"r":[[0.869168,-0.474704,-0.138572],[0.494157,0.844426,0.206772],[0.0188578,-0.248196,0.968526]],"s":0.911702,"sphereCenter":[-7.67669,242.231,-30.5801],"sphereRadius":46.7838,"stabilizedPalmPosition":[-6.19075,263.113,9.67022],"t":[-18.1586,116.539,-130.263],"timeVisible":0.716885,"type":"right","wrist":[1.28999,236.222,51.0382]}],"id":1426448,"interactionBox":{"center":[0,200,0],"size":[235.247,235.247,147.751]},"pointables":[{"bases":[[[0.584875,0.748163,0.313325],[-0.689965,0.2558,0.677137],[0.42646,-0.612224,0.665818]],[[0.460644,0.876767,0.138158],[-0.743371,0.296045,0.599797],[0.484982,-0.378995,0.788134]],[[0.460644,0.876767,0.138158],[-0.878176,0.4276,0.214396],[0.128899,-0.220087,0.966926]],[[0.460644,0.876767,0.138158],[-0.825516,0.480394,-0.296217],[-0.326083,0.0223993,0.945076]]],"btipPosition":[-46.3735,255.14,-36.8828],"carpPosition":[-26.8239,230.999,51.1382],"dipPosition":[-53.4872,255.628,-16.2653],"direction":[-0.128899,0.220087,-0.966926],"extended":false,"handId":423,"id":4230,"length":48.5803,"mcpPosition":[-26.8239,230.999,51.1382],"pipPosition":[-49.3905,248.633,14.4658],"stabilizedTipPosition":[-47.6884,254.215,-31.7915],"timeVisible":0.716885,"tipPosition":[-48.1716,254.871,-31.9908],"tipVelocity":[-146.698,518.257,-190.194],"tool":false,"touchDistance":0.251644,"touchZone":"hovering","type":0,"width":18.876},{"bases":[[[0.962789,-0.0692545,-0.26123],[0.187818,0.866495,0.462505],[0.194324,-0.494359,0.847259]],[[0.981602,-0.149113,-0.119257],[0.189236,0.84295,0.503613],[0.0254331,-0.516915,0.855659]],[[0.981602,-0.149113,-0.119257],[0.18281,0.91424,0.361587],[0.0551128,-0.376736,0.92468]],[[0.981602,-0.149113,-0.119257],[0.174155,0.955258,0.239066],[0.0782739,-0.255437,0.963652]]],"btipPosition":[-32.4066,317.102,-75.7521],"carpPosition":[-15.5734,249.943,52.799],"dipPosition":[-31.16,313.034,-60.4047],"direction":[-0.0551128,0.376736,-0.92468],"extended":true,"handId":423,"id":4231,"length":54.8174,"mcpPosition":[-28.8997,283.845,-5.30429],"pipPosition":[-29.9182,304.546,-39.5712],"stabilizedTipPosition":[-32.0535,315.879,-72.1749],"timeVisible":0.716885,"tipPosition":[-32.1467,314.701,-72.8024],"tipVelocity":[-132.528,582.803,-115.849],"tool":false,"touchDistance":-0.56138,"touchZone":"touching","type":1,"width":18.0304},{"bases":[[[0.933971,-0.282102,-0.219354],[0.352106,0.831248,0.430172],[0.0609847,-0.479004,0.875692]],[[0.933536,-0.278844,-0.225292],[0.050654,0.724757,-0.68714],[0.354887,0.630058,0.690711]],[[0.933536,-0.278844,-0.225292],[-0.313205,-0.328695,-0.89099],[0.174395,0.902333,-0.394184]],[[0.933536,-0.278844,-0.225292],[-0.357681,-0.766554,-0.533348],[-0.0239776,0.578482,-0.815343]]],"btipPosition":[-28.564,219.595,-13.1512],"carpPosition":[-4.45018,250.803,50.1015],"dipPosition":[-28.9841,229.728,-27.4335],"direction":[-0.174395,-0.902333,0.394184],"extended":false,"handId":423,"id":4232,"length":62.4601,"mcpPosition":[-8.41627,281.955,-6.84845],"pipPosition":[-24.3614,253.646,-37.8821],"stabilizedTipPosition":[-28.1356,220.16,-15.6903],"timeVisible":0.716885,"tipPosition":[-28.8699,221.848,-17.2151],"tipVelocity":[-135.516,503.696,-230.345],"tool":false,"touchDistance":0.333333,"touchZone":"none","type":2,"width":17.7082},{"bases":[[[0.903547,-0.411372,-0.119897],[0.419699,0.793276,0.441097],[-0.0863432,-0.448873,0.889414]],[[0.904432,-0.406471,-0.129552],[0.199696,0.671714,-0.713388],[0.376994,0.61934,0.68869]],[[0.904432,-0.406471,-0.129552],[-0.284149,-0.34744,-0.893613],[0.318217,0.845025,-0.429734]],[[0.904432,-0.406471,-0.129552],[-0.411314,-0.750205,-0.517699],[0.113239,0.52151,-0.845697]]],"btipPosition":[-14.4072,218.164,-7.4965],"carpPosition":[6.44163,248.652,47.2933],"dipPosition":[-12.435,227.247,-22.2254],"direction":[-0.318217,-0.845025,0.429734],"extended":false,"handId":423,"id":4233,"length":60.057,"mcpPosition":[11.4832,274.862,-4.63955],"pipPosition":[-4.21787,249.068,-33.3222],"stabilizedTipPosition":[-13.0967,217.352,-9.36121],"timeVisible":0.716885,"tipPosition":[-13.7134,220.29,-9.82395],"tipVelocity":[-136.67,492.91,-254.785],"tool":false,"touchDistance":0.333333,"touchZone":"none","type":3,"width":16.8505},{"bases":[[[0.805631,-0.585938,-0.0873742],[0.545836,0.676841,0.493912],[-0.230264,-0.445603,0.865111]],[[0.814315,-0.567365,-0.122423],[0.313889,0.607886,-0.729348],[0.488226,0.555492,0.6731]],[[0.814315,-0.567365,-0.122423],[-0.352421,-0.315722,-0.880976],[0.461184,0.760537,-0.457048]],[[0.814315,-0.567365,-0.122423],[-0.541615,-0.666944,-0.511702],[0.208673,0.482993,-0.850396]]],"btipPosition":[0.359737,224.136,-3.39063],"carpPosition":[15.7667,239.986,43.5585],"dipPosition":[3.71254,231.897,-17.0542],"direction":[-0.461184,-0.760537,0.457048],"extended":false,"handId":423,"id":4234,"length":47.0836,"mcpPosition":[28.2127,264.072,-3.20153],"pipPosition":[12.1207,245.763,-25.387],"stabilizedTipPosition":[1.94746,223.183,-5.28318],"timeVisible":0.716885,"tipPosition":[1.43427,225.97,-5.80344],"tipVelocity":[-134.467,481.415,-233.765],"tool":false,"touchDistance":0.333333,"touchZone":"none","type":4,"width":14.9679}],"r":[[0.869168,-0.474704,-0.138572],[0.494157,0.844426,0.206772],[0.0188578,-0.248196,0.968526]],"s":0.911702,"t":[-18.1586,116.539,-130.263],"timestamp":88955291356},false],[5,{"currentFrameRate":52.8852,"devices":[],"gestures":[],"hands":[{"armBasis":[[0.944829,-0.110664,-0.308305],[0.220021,0.91168,0.34703],[0.242672,-0.395718,0.88573]],"armWidth":59.3966,"confidence":0.830237,"direction":[-0.00397161,0.595329,-0.803473],"elbow":[60.3576,142.696,272.277],"grabStrength":0,"id":423,"palmNormal":[-0.229135,-0.782643,-0.578763],"palmPosition":[-8.75726,270.397,7.57256],"palmVelocity":[-119.803,396.034,-135.388],"palmWidth":84.8164,"pinchStrength":0.4887,"r":[[0.865363,-0.478062,-0.150346],[0.500627,0.838291,0.215963],[0.0227904,-0.262154,0.964757]],"s":0.912312,"sphereCenter":[-10.8023,248.46,-32.0695],"sphereRadius":46.7038,"stabilizedPalmPosition":[-8.48628,269.628,7.79403],"t":[-20.4113,123.941,-132.781],"timeVisible":0.735758,"type":"right","wrist":[-0.718198,242.291,49.3555]}],"id":1426449,"interactionBox":{"center":[0,200,0],"size":[235.247,235.247,147.751]},"pointables":[{"bases":[[[0.595857,0.743028,0.304736],[-0.679353,0.263989,0.684682],[0.428291,-0.614996,0.662078]],[[0.469439,0.873491,0.128998],[-0.734522,0.30525,0.606052],[0.490004,-0.379256,0.784895]],[[0.469439,0.873491,0.128998],[-0.871797,0.435365,0.22456],[0.13999,-0.217878,0.965884]],[[0.469439,0.873491,0.128998],[-0.829156,0.486322,-0.275666],[-0.303526,0.0224484,0.952559]]],"btipPosition":[-49.5067,261.426,-38.201],"carpPosition":[-28.8789,237.344,49.7994],"dipPosition":[-56.1283,261.916,-17.4203],"direction":[-0.13999,0.217878,-0.965884],"extended":false,"handId":423,"id":4230,"length":48.5803,"mcpPosition":[-28.8789,237.344,49.7994],"pipPosition":[-51.6791,254.991,13.2777],"stabilizedTipPosition":[-50.7634,260.955,-33.2915],"timeVisible":0.735758,"tipPosition":[-51.0984,261.224,-33.2192],"tipVelocity":[-153.224,427.545,-130.26],"tool":false,"touchDistance":0.264826,"touchZone":"hovering","type":0,"width":18.876},{"bases":[[[0.958901,-0.0792671,-0.272443],[0.201775,0.86557,0.458339],[0.199487,-0.494474,0.845991]],[[0.978514,-0.157891,-0.132595],[0.203752,0.838941,0.504641],[0.0315608,-0.520815,0.853086]],[[0.978514,-0.157891,-0.132595],[0.196181,0.910843,0.36315],[0.063435,-0.38136,0.922248]],[[0.978514,-0.157891,-0.132595],[0.186329,0.952518,0.240812],[0.0882771,-0.260344,0.961472]]],"btipPosition":[-35.2036,323.686,-76.9864],"carpPosition":[-17.4241,256.18,51.2852],"dipPosition":[-33.7977,319.54,-61.6736],"direction":[-0.063435,0.38136,-0.922248],"extended":true,"handId":423,"id":4231,"length":54.8174,"mcpPosition":[-31.1045,290.09,-6.73107],"pipPosition":[-32.3684,310.947,-40.895],"stabilizedTipPosition":[-34.8247,322.598,-73.4391],"timeVisible":0.735758,"tipPosition":[-34.8936,321.262,-74.0531],"tipVelocity":[-139.256,467.717,-91.3395],"tool":false,"touchDistance":-0.552209,"touchZone":"touching","type":1,"width":18.0304},{"bases":[[[0.928495,-0.291733,-0.229759],[0.365315,0.828642,0.424143],[0.066651,-0.477749,0.875964]],[[0.928022,-0.288489,-0.235689],[0.0495244,0.722605,-0.689485],[0.369219,0.628185,0.684881]],[[0.928022,-0.288489,-0.235689],[-0.327152,-0.328536,-0.886022],[0.178176,0.899354,-0.399268]],[[0.928022,-0.288489,-0.235689],[-0.371432,-0.765007,-0.52612],[-0.0285239,0.575793,-0.817098]]],"btipPosition":[-31.4726,225.846,-14.3884],"carpPosition":[-6.32574,256.925,48.4546],"dipPosition":[-31.9722,235.932,-28.7014],"direction":[-0.178176,-0.899354,0.399268],"extended":false,"handId":423,"id":4232,"length":62.4601,"mcpPosition":[-10.6603,287.995,-8.51314],"pipPosition":[-27.2493,259.771,-39.2848],"stabilizedTipPosition":[-31.1235,227.089,-17.4129],"timeVisible":0.735758,"tipPosition":[-31.806,228.084,-18.4493],"tipVelocity":[-145.102,418.908,-149.797],"tool":false,"touchDistance":0.333333,"touchZone":"none","type":2,"width":17.7082},{"bases":[[[0.897985,-0.420489,-0.129665],[0.432656,0.79003,0.434352],[-0.0802013,-0.446141,0.891362]],[[0.898784,-0.415735,-0.139107],[0.198135,0.668277,-0.717042],[0.391062,0.616904,0.683008]],[[0.898784,-0.415735,-0.139107],[-0.297769,-0.346049,-0.88971],[0.321746,0.841079,-0.434816]],[[0.898784,-0.415735,-0.139107],[-0.424661,-0.746848,-0.511743],[0.108858,0.51902,-0.847802]]],"btipPosition":[-17.2978,224.261,-8.97646],"carpPosition":[4.51041,254.662,45.5225],"dipPosition":[-15.4019,233.3,-23.742],"direction":[-0.321746,-0.841079,0.434816],"extended":false,"handId":423,"id":4233,"length":60.057,"mcpPosition":[9.19336,280.712,-6.52405],"pipPosition":[-7.09363,255.019,-34.97],"stabilizedTipPosition":[-16.1026,224.528,-11.7654],"timeVisible":0.735758,"tipPosition":[-16.6158,226.376,-11.3544],"tipVelocity":[-145.204,409.423,-168.601],"tool":false,"touchDistance":0.333333,"touchZone":"none","type":3,"width":16.8505},{"bases":[[[0.798753,-0.594016,-0.0956008],[0.558262,0.672471,0.485929],[-0.22436,-0.441507,0.868754]],[[0.806951,-0.57621,-0.129661],[0.312777,0.603138,-0.733754],[0.501,0.551549,0.666928]],[[0.806951,-0.57621,-0.129661],[-0.364556,-0.313213,-0.876924],[0.464681,0.754904,-0.462809]],[[0.806951,-0.57621,-0.129661],[-0.553812,-0.661917,-0.505131],[0.205237,0.479424,-0.853247]]],"btipPosition":[-2.45049,230.115,-5.09496],"carpPosition":[13.7052,245.897,41.6968],"dipPosition":[0.847118,237.818,-18.8043],"direction":[-0.464681,-0.754904,0.462809],"extended":false,"handId":423,"id":4234,"length":47.0836,"mcpPosition":[25.8321,269.76,-5.26012],"pipPosition":[9.31907,251.581,-27.2421],"stabilizedTipPosition":[-0.974334,230.17,-7.66343],"timeVisible":0.735758,"tipPosition":[-1.37847,231.926,-7.52621],"tipVelocity":[-141.868,400.422,-163.757],"tool":false,"touchDistance":0.333333,"touchZone":"none","type":4,"width":14.9679}],"r":[[0.865363,-0.478062,-0.150346],[0.500627,0.838291,0.215963],[0.0227904,-0.262154,0.964757]],"s":0.912312,"t":[-20.4113,123.941,-132.781],"timestamp":88955310229},false],[6,{"currentFrameRate":52.8675,"devices":[],"gestures":[],"hands":[{"armBasis":[[0.94148,-0.116021,-0.316472],[0.22957,0.908181,0.350006],[0.246806,-0.402176,0.881669]],"armWidth":59.3966,"confidence":0.845477,"direction":[-0.00388615,0.598808,-0.800884],"elbow":[59.2221,146.405,268.227],"grabStrength":0,"id":423,"palmNormal":[-0.238979,-0.778239,-0.580717],"palmPosition":[-10.9517,275.976,4.71468],"palmVelocity":[-117.748,345.823,-142.861],"palmWidth":84.8164,"pinchStrength":0.485884,"r":[[0.861278,-0.481876,-0.161232],[0.507439,0.832243,0.223331],[0.0265663,-0.274166,0.961315]],"s":0.913915,"sphereCenter":[-13.6249,254.465,-34.8934],"sphereRadius":46.6491,"stabilizedPalmPosition":[-10.7023,275.334,5.02617],"t":[-22.6348,130.431,-135.469],"timeVisible":0.754737,"type":"right","wrist":[-2.89414,247.625,46.3282]}],"id":1426450,"interactionBox":{"center":[0,200,0],"size":[235.247,235.247,147.751]},"pointables":[{"bases":[[[0.603725,0.736817,0.30433],[-0.673077,0.266563,0.689863],[0.42718,-0.621325,0.656865]],[[0.476154,0.869933,0.128426],[-0.729331,0.30909,0.61036],[0.491277,-0.384291,0.781644]],[[0.476154,0.869933,0.128426],[-0.867198,0.440325,0.232555],[0.145758,-0.222103,0.964067]],[[0.476154,0.869933,0.128426],[-0.832325,0.492977,-0.253393],[-0.283747,0.0137616,0.958801]]],"btipPosition":[-52.3931,267.546,-41.0077],"carpPosition":[-31.0912,242.906,46.9198],"dipPosition":[-58.5832,267.846,-20.0908],"direction":[-0.145758,0.222103,-0.964067],"extended":false,"handId":423,"id":4230,"length":48.5803,"mcpPosition":[-31.0912,242.906,46.9198],"pipPosition":[-53.9507,260.787,10.5494],"stabilizedTipPosition":[-53.5923,267.125,-35.9832],"timeVisible":0.754737,"tipPosition":[-53.7788,267.335,-35.9521],"tipVelocity":[-150.092,374.731,-138.118],"tool":false,"touchDistance":0.250623,"touchZone":"hovering","type":0,"width":18.876},{"bases":[[[0.95658,-0.0859113,-0.278522],[0.211582,0.861906,0.460815],[0.200471,-0.499737,0.842659]],[[0.976291,-0.16433,-0.140898],[0.213901,0.832252,0.511472],[0.033212,-0.529483,0.84767]],[[0.976291,-0.16433,-0.140898],[0.20597,0.905433,0.371171],[0.0665787,-0.391391,0.917813]],[[0.976291,-0.16433,-0.140898],[0.195643,0.948409,0.249489],[0.09263,-0.271139,0.958073]]],"btipPosition":[-37.5272,330.253,-79.2548],"carpPosition":[-19.474,261.641,48.4174],"dipPosition":[-36.0519,325.935,-63.9962],"direction":[-0.0665787,0.391391,-0.917813],"extended":true,"handId":423,"id":4231,"length":54.8174,"mcpPosition":[-33.2218,295.912,-9.37047],"pipPosition":[-34.5519,317.117,-43.3175],"stabilizedTipPosition":[-37.1442,329.137,-75.7026],"timeVisible":0.754737,"tipPosition":[-37.1916,327.794,-76.3485],"tipVelocity":[-130.568,406.839,-105.524],"tool":false,"touchDistance":-0.559535,"touchZone":"touching","type":1,"width":18.0304},{"bases":[[[0.92469,-0.298304,-0.236564],[0.374607,0.823793,0.425482],[0.0679568,-0.482058,0.8735]],[[0.924206,-0.295013,-0.242511],[0.0517997,0.725989,-0.685752],[0.378366,0.621214,0.686245]],[[0.924206,-0.295013,-0.242511],[-0.335181,-0.322277,-0.88532],[0.183025,0.899503,-0.396733]],[[0.924206,-0.295013,-0.242511],[-0.380771,-0.760544,-0.525914],[-0.029289,0.578394,-0.815232]]],"btipPosition":[-34.1449,231.772,-17.3204],"carpPosition":[-8.38696,262.308,45.5234],"dipPosition":[-34.6579,241.904,-31.6008],"direction":[-0.183025,-0.899503,0.396733],"extended":false,"handId":423,"id":4232,"length":62.4601,"mcpPosition":[-12.8065,293.658,-11.284],"pipPosition":[-29.8065,265.747,-42.117],"stabilizedTipPosition":[-33.879,233.245,-20.2146],"timeVisible":0.754737,"tipPosition":[-34.4837,234.006,-21.3353],"tipVelocity":[-143.067,366.737,-151.91],"tool":false,"touchDistance":0.333333,"touchZone":"none","type":2,"width":17.7082},{"bases":[[[0.893724,-0.427238,-0.13684],[0.44169,0.784589,0.435122],[-0.0785375,-0.44932,0.889912]],[[0.894498,-0.422501,-0.146169],[0.194297,0.661841,-0.724027],[0.402643,0.619241,0.674107]],[[0.894498,-0.422501,-0.146169],[-0.310022,-0.350635,-0.883709],[0.322116,0.835792,-0.444627]],[[0.894498,-0.422501,-0.146169],[-0.434748,-0.745802,-0.504751],[0.104245,0.515045,-0.850801]]],"btipPosition":[-19.9043,229.862,-11.2212],"carpPosition":[2.41263,259.969,42.5168],"dipPosition":[-18.0887,238.832,-26.039],"direction":[-0.322116,-0.835792,0.444627],"extended":false,"handId":423,"id":4233,"length":60.057,"mcpPosition":[6.99842,286.204,-9.44508],"pipPosition":[-9.77088,260.414,-37.5203],"stabilizedTipPosition":[-18.9062,230.656,-14.138],"timeVisible":0.754737,"tipPosition":[-19.2769,232.016,-14.001],"tipVelocity":[-141.812,352.796,-144.16],"tool":false,"touchDistance":0.333333,"touchZone":"none","type":3,"width":16.8505},{"bases":[[[0.793279,-0.600095,-0.102924],[0.566634,0.665787,0.485442],[-0.222786,-0.443411,0.868189]],[[0.801188,-0.582774,-0.135911],[0.314699,0.603502,-0.732632],[0.508982,0.544205,0.666917]],[[0.801188,-0.582774,-0.135911],[-0.371156,-0.305781,-0.876779],[0.469405,0.752909,-0.461288]],[[0.801188,-0.582774,-0.135911],[-0.561914,-0.654556,-0.505776],[0.205792,0.481592,-0.851891]]],"btipPosition":[-5.08652,235.711,-8.21169],"carpPosition":[11.5124,251.146,38.5987],"dipPosition":[-1.78,243.449,-21.8993],"direction":[-0.469405,-0.752909,0.461288],"extended":false,"handId":423,"id":4234,"length":47.0836,"mcpPosition":[23.5542,275.112,-8.32772],"pipPosition":[6.77807,257.175,-30.3094],"stabilizedTipPosition":[-3.72111,236.169,-10.6927],"timeVisible":0.754737,"tipPosition":[-4.00695,237.518,-10.6466],"tipVelocity":[-140.351,348.696,-163.855],"tool":false,"t