{"sensorType":"Leap","data":[[0,{"currentFrameRate":53.0105,"devices":[],"gestures":[],"hands":[{"armBasis":[[0.849351,-0.461541,-0.256091],[0.507174,0.84802,0.153746],[0.14621,-0.260467,0.954348]],"armWidth":56.4821,"confidence":0.623412,"direction":[0.0618192,0.588927,-0.805819],"elbow":[38.3145,142.798,285.186],"grabStrength":0,"id":422,"palmNormal":[-0.527675,-0.666019,-0.527236],"palmPosition":[-1.4641,233.868,18.0117],"palmVelocity":[-42.9482,352.261,-245.99],"palmWidth":80.6546,"pinchStrength":0.975716,"r":[[0.585035,-0.807067,-0.079856],[0.781826,0.535068,0.320079],[-0.215596,-0.249691,0.944019]],"s":0.794145,"sphereCenter":[-8.69056,204.01,-22.9314],"sphereRadius":46.9706,"stabilizedPalmPosition":[-0.795654,228.281,22.089],"t":[15.2303,84.297,-71.4799],"timeVisible":9.5655,"type":"right","wrist":[3.32187,205.136,56.7806]}],"id":1426084,"interactionBox":{"center":[0,200,0],"size":[235.247,235.247,147.751]},"pointables":[{"bases":[[[0.824938,0.526405,0.205851],[-0.469959,0.436453,0.767233],[0.314031,-0.729661,0.607436]],[[0.646579,0.761931,-0.0373832],[-0.606692,0.543314,0.580288],[0.46245,-0.352522,0.813553]],[[0.646579,0.761931,-0.0373832],[-0.742376,0.639748,0.199001],[0.175541,-0.100917,0.979286]],[[0.646579,0.761931,-0.0373832],[-0.76184,0.642431,-0.0829626],[-0.0391957,0.0821218,0.995851]]],"btipPosition":[-48.2802,225.486,-25.2636],"carpPosition":[-23.3257,208.542,60.9899],"dipPosition":[-49.0933,227.19,-4.60445],"direction":[-0.175541,0.100917,-0.979286],"extended":false,"handId":422,"id":4220,"length":46.1965,"mcpPosition":[-23.3257,208.542,60.9899],"pipPosition":[-43.788,224.14,24.9923],"stabilizedTipPosition":[-47.8665,220.004,-17.0693],"timeVisible":9.5655,"tipPosition":[-47.4586,224.562,-20.9653],"tipVelocity":[-40.1901,391.314,-229.377],"tool":false,"touchDistance":-0.272142,"touchZone":"hovering","type":0,"width":17.9498},{"bases":[[[0.845547,-0.352422,-0.40106],[0.509776,0.756174,0.410279],[0.15868,-0.551361,0.819037]],[[0.860306,-0.447297,-0.244538],[0.487739,0.861749,0.139639],[0.14827,-0.239403,0.959532]],[[0.860306,-0.447297,-0.244538],[0.477202,0.875353,0.0776864],[0.179308,-0.183528,0.966523]],[[0.860306,-0.447297,-0.244538],[0.468319,0.882961,0.032517],[0.201373,-0.142496,0.969094]]],"btipPosition":[-30.4226,273.562,-64.7799],"carpPosition":[-7.53674,222.399,60.5576],"dipPosition":[-27.3729,271.404,-50.1031],"direction":[-0.179308,0.183528,-0.966523],"extended":true,"handId":422,"id":4221,"length":52.1277,"mcpPosition":[-17.8847,258.354,7.14579],"pipPosition":[-23.5312,267.471,-29.3955],"stabilizedTipPosition":[-30.607,268.006,-58.5971],"timeVisible":9.5655,"tipPosition":[-29.0894,272.71,-61.0423],"tipVelocity":[104.027,493.371,-288.957],"tool":false,"touchDistance":-0.590231,"touchZone":"hovering","type":1,"width":17.1457},{"bases":[[[0.759835,-0.547384,-0.350745],[0.648747,0.673418,0.354451],[0.0421773,-0.496868,0.8668]],[[0.759853,-0.547602,-0.350364],[0.293433,0.769821,-0.566809],[0.580104,0.327883,0.745636]],[[0.759853,-0.547602,-0.350364],[-0.423179,-0.00752138,-0.906015],[0.4935,0.836705,-0.237449]],[[0.759853,-0.547602,-0.350364],[-0.630865,-0.491009,-0.600766],[0.156949,0.677527,-0.718557]]],"btipPosition":[-40.1681,204.365,-11.09],"carpPosition":[2.27918,220.022,56.4187],"dipPosition":[-37.5537,215.651,-23.0593],"direction":[-0.4935,-0.836705,0.237449],"extended":false,"handId":422,"id":4222,"length":59.3953,"mcpPosition":[-0.329202,250.75,2.81302],"pipPosition":[-25.1144,236.741,-29.0446],"stabilizedTipPosition":[-39.6129,201.781,-12.2082],"timeVisible":9.5655,"tipPosition":[-38.6305,207.627,-13.4026],"tipVelocity":[-9.34364,283.525,-104.327],"tool":false,"touchDistance":0.333333,"touchZone":"none","type":2,"width":16.8393},{"bases":[[[0.706678,-0.663733,-0.24508],[0.70239,0.616407,0.355937],[-0.0851779,-0.423675,0.901801]],[[0.703424,-0.677567,-0.214703],[0.430531,0.646527,-0.629798],[0.565542,0.350579,0.746496]],[[0.703424,-0.677567,-0.214703],[-0.347072,-0.0638299,-0.935664],[0.62027,0.732686,-0.280064]],[[0.703424,-0.677567,-0.214703],[-0.637354,-0.467597,-0.612481],[0.314603,0.567676,-0.760769]]],"btipPosition":[-27.1099,197.236,-7.88975],"carpPosition":[11,214.989,52.2705],"dipPosition":[-21.8995,206.638,-20.4894],"direction":[-0.62027,-0.732686,0.280064],"extended":false,"handId":422,"id":4223,"length":57.1101,"mcpPosition":[15.7295,238.514,2.19816],"pipPosition":[-6.66854,224.629,-27.3665],"stabilizedTipPosition":[-26.1779,194.246,-8.64706],"timeVisible":9.5655,"tipPosition":[-24.9911,200.33,-11.1856],"tipVelocity":[8.5416,344.728,-170.017],"tool":false,"touchDistance":0.333333,"touchZone":"none","type":3,"width":16.0237},{"bases":[[[0.566235,-0.800971,-0.194479],[0.79345,0.4658,0.391749],[-0.223192,-0.376132,0.899283]],[[0.56847,-0.797115,-0.203591],[0.53024,0.5442,-0.650147],[0.629036,0.261637,0.732024]],[[0.56847,-0.797115,-0.203591],[-0.342572,-0.00435594,-0.939481],[0.747988,0.603812,-0.275546]],[[0.56847,-0.797115,-0.203591],[-0.691858,-0.329286,-0.642575],[0.445167,0.506141,-0.73868]]],"btipPosition":[-11.7137,197.464,-5.49364],"carpPosition":[16.3,204.533,47.6087],"dipPosition":[-4.91201,205.197,-16.7799],"direction":[-0.747988,-0.603812,0.275546],"extended":false,"handId":422,"id":4224,"length":44.7733,"mcpPosition":[27.7717,223.866,1.38666],"pipPosition":[8.05596,215.666,-21.557],"stabilizedTipPosition":[-10.3023,194.039,-5.83359],"timeVisible":9.5655,"tipPosition":[-9.56076,199.503,-9.82932],"tipVelocity":[8.08733,350.977,-173.878],"tool":false,"touchDistance":0.333333,"touchZone":"none","type":4,"width":14.2335}],"r":[[0.585035,-0.807067,-0.079856],[0.781826,0.535068,0.320079],[-0.215596,-0.249691,0.944019]],"s":0.794145,"t":[15.2303,84.297,-71.4799],"timestamp":88948367272},false],[1,{"currentFrameRate":53.03,"devices":[],"gestures":[],"hands":[{"armBasis":[[0.848676,-0.464437,-0.253077],[0.510426,0.844571,0.161754],[0.138617,-0.266454,0.953828]],"armWidth":56.4821,"confidence":0.634462,"direction":[0.0721031,0.593557,-0.801556],"elbow":[35.5319,145.804,281.978],"grabStrength":0,"id":422,"palmNormal":[-0.526935,-0.659669,-0.535889],"palmPosition":[-1.93198,238.575,15.0697],"palmVelocity":[-34.1369,302.573,-202.336],"palmWidth":80.6546,"pinchStrength":0.961506,"r":[[0.592753,-0.801562,-0.078377],[0.77514,0.541367,0.325699],[-0.218637,-0.253812,0.942219]],"s":0.820931,"sphereCenter":[-9.04581,209.245,-26.0801],"sphereRadius":46.947,"stabilizedPalmPosition":[-1.43165,234.042,18.1603],"t":[14.5974,89.969,-75.2592],"timeVisible":9.58429,"type":"right","wrist":[2.35652,209.574,53.6973]}],"id":1426085,"interactionBox":{"center":[0,200,0],"size":[235.247,235.247,147.751]},"pointables":[{"bases":[[[0.826141,0.52034,0.216188],[-0.47402,0.434384,0.765908],[0.304624,-0.735225,0.605514]],[[0.651807,0.757923,-0.0264529],[-0.604174,0.540035,0.585949],[0.45839,-0.365944,0.809916]],[[0.651807,0.757923,-0.0264529],[-0.739922,0.643202,0.196993],[0.16632,-0.108828,0.980048]],[[0.651807,0.757923,-0.0264529],[-0.756379,0.647152,-0.095321],[-0.0551269,0.0821393,0.995095]]],"btipPosition":[-48.4719,230.885,-28.3999],"carpPosition":[-24.3062,213.108,57.7001],"dipPosition":[-49.6155,232.589,-7.75644],"direction":[-0.16632,0.108828,-0.980048],"extended":false,"handId":422,"id":4220,"length":46.1965,"mcpPosition":[-24.3062,213.108,57.7001],"pipPosition":[-44.5889,229.3,21.8633],"stabilizedTipPosition":[-48.417,227.15,-21.2418],"timeVisible":9.58429,"tipPosition":[-47.7757,230.013,-24.1499],"tipVelocity":[-27.5235,340.563,-198.981],"tool":false,"touchDistance":-0.32036,"touchZone":"hovering","type":0,"width":17.9498},{"bases":[[[0.846926,-0.354803,-0.396019],[0.510557,0.750651,0.41935],[0.148486,-0.557349,0.816893]],[[0.859781,-0.451606,-0.238388],[0.493397,0.855004,0.159772],[0.131669,-0.254989,0.957937]],[[0.859781,-0.451606,-0.238388],[0.483476,0.870156,0.0952887],[0.164402,-0.197182,0.966484]],[[0.859781,-0.451606,-0.238388],[0.474873,0.878745,0.0479876],[0.187811,-0.154463,0.969984]]],"btipPosition":[-29.4992,279.497,-67.6601],"carpPosition":[-8.4351,226.876,57.4895],"dipPosition":[-26.6549,277.157,-52.9699],"direction":[-0.164402,0.197182,-0.966484],"extended":true,"handId":422,"id":4221,"length":52.1277,"mcpPosition":[-18.1183,263.222,4.21751],"pipPosition":[-23.1326,272.933,-32.263],"stabilizedTipPosition":[-29.4284,275.332,-62.3992],"timeVisible":9.58429,"tipPosition":[-28.4533,278.45,-63.9753],"tipVelocity":[76.0013,405.633,-222.634],"tool":false,"touchDistance":-0.602698,"touchZone":"hovering","type":1,"width":17.1457},{"bases":[[[0.759671,-0.549575,-0.347661],[0.649526,0.667442,0.364194],[0.0318916,-0.502482,0.863999]],[[0.759702,-0.550082,-0.346788],[0.299083,0.769122,-0.564802],[0.577409,0.325363,0.748824]],[[0.759702,-0.550082,-0.346788],[-0.423522,-0.0138836,-0.90578],[0.493439,0.834995,-0.243519]],[[0.759702,-0.550082,-0.346788],[-0.631777,-0.498096,-0.593934],[0.153979,0.670305,-0.725935]]],"btipPosition":[-40.2428,209.43,-13.776],"carpPosition":[1.40221,224.469,53.4198],"dipPosition":[-37.6779,220.595,-25.8682],"direction":[-0.493439,-0.834995,0.243519],"extended":false,"handId":422,"id":4222,"length":59.3953,"mcpPosition":[-0.57006,255.544,-0.0126356],"pipPosition":[-25.2401,241.643,-32.0064],"stabilizedTipPosition":[-39.638,208.212,-14.9457],"timeVisible":9.58429,"tipPosition":[-38.9226,212.618,-16.4271],"tipVelocity":[-7.01856,275.999,-123.933],"tool":false,"touchDistance":0.333333,"touchZone":"none","type":2,"width":16.8393},{"bases":[[[0.704944,-0.66627,-0.243185],[0.702826,0.610114,0.365781],[-0.0953382,-0.428772,0.898368]],[[0.701383,-0.680161,-0.213174],[0.438684,0.647631,-0.623001],[0.561799,0.343446,0.752613]],[[0.701383,-0.680161,-0.213174],[-0.344904,-0.0621247,-0.93658],[0.623781,0.730426,-0.278163]],[[0.701383,-0.680161,-0.213174],[-0.638724,-0.466996,-0.611511],[0.316374,0.565063,-0.761978]]],"btipPosition":[-27.3837,202.323,-10.9237],"carpPosition":[10.1293,219.412,49.3148],"dipPosition":[-22.144,211.681,-23.5433],"direction":[-0.623781,-0.730426,0.278163],"extended":false,"handId":422,"id":4223,"length":57.1101,"mcpPosition":[15.423,243.219,-0.566872],"pipPosition":[-6.8268,229.617,-30.3737],"stabilizedTipPosition":[-26.1783,200.659,-11.894],"timeVisible":9.58429,"tipPosition":[-25.3846,205.307,-14.3015],"tipVelocity":[-2.57164,308.338,-165.973],"tool":false,"touchDistance":0.333333,"touchZone":"none","type":3,"width":16.0237},{"bases":[[[0.563289,-0.803006,-0.194647],[0.792712,0.458763,0.401426],[-0.233051,-0.380418,0.894969]],[[0.566557,-0.797496,-0.207398],[0.535976,0.54782,-0.642358],[0.625894,0.252772,0.737809]],[[0.566557,-0.797496,-0.207398],[-0.347786,-0.00324931,-0.937568],[0.747033,0.603316,-0.279199]],[[0.566557,-0.797496,-0.207398],[-0.69866,-0.331451,-0.634046],[0.436907,0.504124,-0.744964]]],"btipPosition":[-11.8565,202.422,-8.26946],"carpPosition":[15.4092,208.954,44.6331],"dipPosition":[-5.18099,210.125,-19.6517],"direction":[-0.747033,-0.603316,0.279199],"extended":false,"handId":422,"id":4224,"length":44.7733,"mcpPosition":[27.3877,228.507,-1.36719],"pipPosition":[7.77042,220.584,-24.4922],"stabilizedTipPosition":[-10.3143,200.519,-9.0586],"timeVisible":9.58429,"tipPosition":[-9.86835,204.428,-12.6064],"tipVelocity":[-0.327876,308.283,-161.694],"tool":false,"touchDistance":0.333333,"touchZone":"none","type":4,"width":14.2335}],"r":[[0.592753,-0.801562,-0.078377],[0.77514,0.541367,0.325699],[-0.218637,-0.253812,0.942219]],"s":0.820931,"t":[14.5974,89.969,-75.2592],"timestamp":88948386059},false],[2,{"currentFrameRate":53.0265,"devices":[],"gestures":[],"hands":[{"armBasis":[[0.840499,-0.472379,-0.265367],[0.519966,0.840918,0.149976],[0.152306,-0.264036,0.952411]],"armWidth":56.4821,"confidence":0.622324,"direction":[0.0767845,0.600081,-0.796246],"elbow":[38.2579,150.749,278.029],"grabStrength":0,"id":422,"palmNormal":[-0.538399,-0.647205,-0.539678],"palmPosition":[-2.25031,243.363,11.7552],"palmVelocity":[-25.6779,278.646,-189.26],"palmWidth":80.6546,"pinchStrength":0.952931,"r":[[0.596611,-0.798613,-0.0791997],[0.771535,0.543608,0.330491],[-0.220881,-0.25828,0.94048]],"s":0.841688,"sphereCenter":[-10.0344,214.823,-29.5725],"sphereRadius":46.8806,"stabilizedPalmPosition":[-1.89556,239.324,14.5307],"t":[14.1217,95.1991,-78.8061],"timeVisible":9.60316,"type":"right","wrist":[1.80627,213.941,50.0878]}],"id":1426086,"interactionBox":{"center":[0,200,0],"size":[235.247,235.247,147.751]},"pointables":[{"bases":[[[0.834227,0.506791,0.217319],[-0.464558,0.433612,0.772118],[0.297071,-0.745079,0.597165]],[[0.662266,0.748942,-0.0221334],[-0.591777,0.540951,0.597639],[0.45957,-0.382698,0.80146]],[[0.662266,0.748942,-0.0221334],[-0.730059,0.651651,0.205828],[0.168576,-0.120154,0.978338]],[[0.662266,0.748942,-0.0221334],[-0.747278,0.658066,-0.0923322],[-0.0545862,0.0776883,0.995482]]],"btipPosition":[-49.0842,236.758,-31.4372],"carpPosition":[-24.787,217.805,54.245],"dipPosition":[-50.2166,238.37,-10.7857],"direction":[-0.168576,0.120154,-0.978338],"extended":false,"handId":422,"id":4220,"length":46.1965,"mcpPosition":[-24.787,217.805,54.245],"pipPosition":[-45.1218,234.738,18.7824],"stabilizedTipPosition":[-49.028,233.722,-24.8282],"timeVisible":9.60316,"tipPosition":[-48.4481,235.916,-27.2172],"tipVelocity":[-29.8685,325.626,-180.302],"tool":false,"touchDistance":-0.362188,"touchZone":"hovering","type":0,"width":17.9498},{"bases":[[[0.840164,-0.362708,-0.403197],[0.522769,0.739507,0.424077],[0.144351,-0.567074,0.810919]],[[0.852358,-0.46163,-0.24573],[0.507935,0.842603,0.178945],[0.124447,-0.27734,0.952678]],[[0.852358,-0.46163,-0.24573],[0.498003,0.859916,0.111971],[0.159618,-0.217813,0.96285]],[[0.852358,-0.46163,-0.24573],[0.489172,0.869945,0.0624972],[0.184921,-0.173474,0.967321]]],"btipPosition":[-29.1006,286.189,-70.3496],"carpPosition":[-8.72745,231.353,54.092],"dipPosition":[-26.3,283.562,-55.6997],"direction":[-0.159618,0.217813,-0.96285],"extended":true,"handId":422,"id":4221,"length":52.1277,"mcpPosition":[-18.141,268.334,1.20954],"pipPosition":[-22.8802,278.896,-35.0707],"stabilizedTipPosition":[-28.7436,282.557,-65.6272],"timeVisible":9.60316,"tipPosition":[-28.2987,284.881,-66.749],"tipVelocity":[48.8565,378.939,-183.63],"tool":false,"touchDistance":-0.611243,"touchZone":"hovering","type":1,"width":17.1457},{"bases":[[[0.75043,-0.556705,-0.35628],[0.660325,0.654911,0.367508],[0.0287385,-0.511049,0.859071]],[[0.75047,-0.557438,-0.355046],[0.304483,0.768423,-0.562865],[0.586587,0.314308,0.746409]],[[0.75047,-0.557438,-0.355046],[-0.433773,-0.010136,-0.900965],[0.498633,0.830157,-0.249409]],[[0.75047,-0.557438,-0.355046],[-0.643621,-0.494377,-0.584246],[0.150155,0.666974,-0.729794]]],"btipPosition":[-40.8519,214.99,-16.6201],"carpPosition":[1.05744,228.849,49.955],"dipPosition":[-38.3507,226.1,-28.7766],"direction":[-0.498633,-0.830157,0.249409],"extended":false,"handId":422,"id":4222,"length":59.3953,"mcpPosition":[-0.719843,260.454,-3.17263],"pipPosition":[-25.782,247.025,-35.0632],"stabilizedTipPosition":[-40.0683,214.5,-17.9575],"timeVisible":9.60316,"tipPosition":[-39.6923,218.115,-19.4959],"tipVelocity":[-19.7737,284.789,-137.434],"tool":false,"touchDistance":0.333333,"touchZone":"none","type":2,"width":16.8393},{"bases":[[[0.694552,-0.673617,-0.252661],[0.712832,0.596839,0.368312],[-0.0973034,-0.435917,0.894712]],[[0.69096,-0.687646,-0.222976],[0.444292,0.647276,-0.619386],[0.570245,0.328904,0.752756]],[[0.69096,-0.687646,-0.222976],[-0.353698,-0.0525821,-0.93388],[0.630454,0.72414,-0.279551]],[[0.69096,-0.687646,-0.222976],[-0.650598,-0.45708,-0.606465],[0.315115,0.564111,-0.763205]]],"btipPosition":[-28.1861,207.765,-14.2239],"carpPosition":[9.69534,223.711,45.7629],"dipPosition":[-22.9672,217.107,-26.8639],"direction":[-0.630454,-0.72414,0.279551],"extended":false,"handId":422,"id":4223,"length":57.1101,"mcpPosition":[15.0981,247.915,-3.91581],"pipPosition":[-7.48619,234.889,-33.7284],"stabilizedTipPosition":[-26.7017,206.658,-15.2891],"timeVisible":9.60316,"tipPosition":[-26.2823,210.665,-17.6512],"tipVelocity":[-22.2653,298.463,-170.459],"tool":false,"touchDistance":0.333333,"touchZone":"none","type":3,"width":16.0237},{"bases":[[[0.55123,-0.808836,-0.204769],[0.800767,0.443928,0.402119],[-0.234346,-0.385633,0.892395]],[[0.555089,-0.802243,-0.219732],[0.542254,0.549331,-0.635764],[0.630743,0.233755,0.739947]],[[0.555089,-0.802243,-0.219732],[-0.355571,0.00995594,-0.934596],[0.751961,0.596914,-0.279728]],[[0.555089,-0.802243,-0.219732],[-0.710234,-0.319633,-0.627218],[0.432948,0.504223,-0.747205]]],"btipPosition":[-12.5671,207.668,-11.8351],"carpPosition":[14.8089,213.226,40.9588],"dipPosition":[-5.95218,215.372,-23.2515],"direction":[-0.751961,-0.596914,0.279728],"extended":false,"handId":422,"id":4224,"length":44.7733,"mcpPosition":[26.8539,233.047,-4.90921],"pipPosition":[7.08468,225.721,-28.1012],"stabilizedTipPosition":[-10.7897,206.317,-12.57],"timeVisible":9.60316,"tipPosition":[-10.6964,209.634,-16.0695],"tipVelocity":[-18.9769,293.442,-175.249],"tool":false,"touchDistance":0.333333,"touchZone":"none","type":4,"width":14.2335}],"r":[[0.596611,-0.798613,-0.0791997],[0.771535,0.543608,0.330491],[-0.220881,-0.25828,0.94048]],"s":0.841688,"t":[14.1217,95.1991,-78.8061],"timestamp":88948404930},false],[3,{"currentFrameRate":52.9612,"devices":[],"gestures":[],"hands":[{"armBasis":[[0.837143,-0.482587,-0.257492],[0.529795,0.832459,0.162261],[0.136046,-0.272254,0.952559]],"armWidth":56.4821,"confidence":0.576142,"direction":[0.0809556,0.59906,-0.796601],"elbow":[33.8594,153.779,274.513],"grabStrength":0,"id":422,"palmNormal":[-0.544891,-0.642621,-0.538639],"palmPosition":[-2.55141,248.379,8.19711],"palmVelocity":[-20.7704,270.624,-187.708],"palmWidth":80.6546,"pinchStrength":0.945738,"r":[[0.598254,-0.797308,-0.0799439],[0.769694,0.544039,0.334056],[-0.222853,-0.261383,0.939157]],"s":0.858316,"sphereCenter":[-10.7767,220.272,-33.0071],"sphereRadius":46.7686,"stabilizedPalmPosition":[-2.27045,244.5,10.9104],"t":[13.7334,100.322,-82.3586],"timeVisible":9.62228,"type":"right","wrist":[1.29933,218.938,46.5359]}],"id":1426087,"interactionBox":{"center":[0,200,0],"size":[235.247,235.247,147.751]},"pointables":[{"bases":[[[0.838999,0.499462,0.215913],[-0.459584,0.438021,0.772606],[0.291313,-0.747446,0.597044]],[[0.668871,0.743011,-0.0233645],[-0.58424,0.544857,0.601494],[0.459647,-0.388672,0.798536]],[[0.668871,0.743011,-0.0233645],[-0.72405,0.658279,0.205962],[0.168413,-0.120845,0.978281]],[[0.668871,0.743011,-0.0233645],[-0.741126,0.664071,-0.098702],[-0.057821,0.083335,0.994843]]],"btipPosition":[-49.4812,242.161,-34.808],"carpPosition":[-25.2526,223.039,50.7297],"dipPosition":[-50.6807,243.889,-14.1698],"direction":[-0.168413,0.120845,-0.978281],"extended":false,"handId":422,"id":4220,"length":46.1965,"mcpPosition":[-25.2526,223.039,50.7297],"pipPosition":[-45.5908,240.237,15.3965],"stabilizedTipPosition":[-49.5188,239.67,-28.3509],"timeVisible":9.62228,"tipPosition":[-48.9138,241.398,-30.6037],"tipVelocity":[-25.7683,305.053,-178.417],"tool":false,"touchDistance":-0.404912,"touchZone":"hovering","type":0,"width":17.9498},{"bases":[[[0.836334,-0.370302,-0.404254],[0.529914,0.735012,0.423023],[0.140485,-0.568009,0.810944]],[[0.847874,-0.469386,-0.246549],[0.51753,0.833734,0.192485],[0.115207,-0.290799,0.949823]],[[0.847874,-0.469386,-0.246549],[0.507824,0.85261,0.12317],[0.152396,-0.229636,0.961271]],[[0.847874,-0.469386,-0.246549],[0.498954,0.863663,0.0716249],[0.179316,-0.183746,0.96648]]],"btipPosition":[-28.6034,292.263,-73.7398],"carpPosition":[-9.07384,236.445,50.5481],"dipPosition":[-25.8877,289.48,-59.1026],"direction":[-0.152396,0.229636,-0.961271],"extended":true,"handId":422,"id":4221,"length":52.1277,"mcpPosition":[-18.2353,273.486,-2.33596],"pipPosition":[-22.6226,284.56,-38.5075],"stabilizedTipPosition":[-28.1878,289.146,-69.0764],"timeVisible":9.62228,"tipPosition":[-28.0309,290.731,-70.2137],"tipVelocity":[37.0585,347.749,-180.596],"tool":false,"touchDistance":-0.629349,"touchZone":"hovering","type":1,"width":17.1457},{"bases":[[[0.744952,-0.563477,-0.357128],[0.666633,0.649178,0.366291],[0.0254428,-0.510942,0.859239]],[[0.744996,-0.564392,-0.355587],[0.307435,0.763573,-0.567838],[0.592,0.313717,0.742373]],[[0.744996,-0.564392,-0.355587],[-0.440105,-0.0152814,-0.897816],[0.501286,0.825365,-0.259777]],[[0.744996,-0.564392,-0.355587],[-0.650515,-0.496668,-0.574587],[0.147683,0.65938,-0.737162]]],"btipPosition":[-41.28,220.259,-19.6308],"carpPosition":[0.682497,233.852,46.3981],"dipPosition":[-38.82,231.242,-31.91],"direction":[-0.501286,-0.825365,0.259777],"extended":false,"handId":422,"id":4222,"length":59.3953,"mcpPosition":[-0.890964,265.45,-6.73989],"pipPosition":[-26.1844,252.047,-38.4581],"stabilizedTipPosition":[-40.5202,220.296,-21.1041],"timeVisible":9.62228,"tipPosition":[-40.234,223.334,-22.6954],"tipVelocity":[-21.3134,279.502,-148.079],"tool":false,"touchDistance":0.333333,"touchZone":"none","type":2,"width":16.8393},{"bases":[[[0.688189,-0.679849,-0.253381],[0.718624,0.590642,0.367044],[-0.0998767,-0.434681,0.895029]],[[0.684555,-0.693699,-0.223978],[0.448055,0.642771,-0.621364],[0.575006,0.325003,0.750827]],[[0.684555,-0.693699,-0.223978],[-0.359824,-0.0543438,-0.931436],[0.633965,0.718212,-0.286811]],[[0.684555,-0.693699,-0.223978],[-0.658375,-0.456461,-0.598486],[0.312932,0.557158,-0.769187]]],"btipPosition":[-28.7087,213.036,-17.4549],"carpPosition":[9.26847,228.636,42.1957],"dipPosition":[-23.526,222.264,-30.194],"direction":[-0.633965,-0.718212,0.286811],"extended":false,"handId":422,"id":4223,"length":57.1101,"mcpPosition":[14.8141,252.771,-7.50062],"pipPosition":[-7.95872,239.9,-37.2367],"stabilizedTipPosition":[-27.2416,212.29,-18.6653],"timeVisible":9.62228,"tipPosition":[-26.9003,215.842,-20.9641],"tipVelocity":[-24.9869,286.554,-170.334],"tool":false,"touchDistance":0.333333,"touchZone":"none","type":3,"width":16.0237},{"bases":[[[0.543743,-0.813772,-0.205228],[0.805249,0.436972,0.400788],[-0.236471,-0.383185,0.892889]],[[0.54808,-0.806447,-0.221928],[0.547407,0.546454,-0.633825],[0.63242,0.225901,0.740955]],[[0.54808,-0.806447,-0.221928],[-0.359588,0.0123785,-0.933029],[0.755185,0.591177,-0.283204]],[[0.54808,-0.806447,-0.221928],[-0.717155,-0.316533,-0.620883],[0.430461,0.49945,-0.751833]]],"btipPosition":[-13.0553,212.839,-15.3313],"carpPosition":[14.2819,218.104,37.3886],"dipPosition":[-6.47831,220.47,-26.8184],"direction":[-0.755185,-0.591177,0.283204],"extended":false,"handId":422,"id":4224,"length":44.7733,"mcpPosition":[26.4362,237.799,-8.50478],"pipPosition":[6.61444,230.719,-31.7284],"stabilizedTipPosition":[-11.2808,211.716,-16.0943],"timeVisible":9.62228,"tipPosition":[-11.2677,214.749,-19.4937],"tipVelocity":[-22.4444,281.662,-179.443],"tool":false,"touchDistance":0.333333,"touchZone":"none","type":4,"width":14.2335}],"r":[[0.598254,-0.797308,-0.0799439],[0.769694,0.544039,0.334056],[-0.222853,-0.261383,0.939157]],"s":0.858316,"t":[13.7334,100.322,-82.3586],"timestamp":88948424047},false],[4,{"currentFrameRate":52.903,"devices":[],"gestures":[],"hands":[{"armBasis":[[0.834546,-0.499954,-0.231471],[0.537726,0.830615,0.144673],[0.119934,-0.245204,0.962024]],"armWidth":56.4821,"confidence":0.579639,"direction":[0.0808991,0.588443,-0.804481],"elbow":[30.3678,164.762,274.241],"grabStrength":0,"id":422,"palmNormal":[-0.55429,-0.644248,-0.526979],"palmPosition":[-2.18357,252.447,5.32506],"palmVelocity":[-0.992634,242.076,-169.207],"palmWidth":80.6546,"pinchStrength":0.942217,"r":[[0.598015,-0.797546,-0.0793609],[0.76965,0.54381,0.334529],[-0.223645,-0.261133,0.939038]],"s":0.872356,"sphereCenter":[-11.1943,224.439,-35.3293],"sphereRadius":46.595,"stabilizedPalmPosition":[-2.22095,249.028,7.72822],"t":[13.7231,104.918,-85.5709],"timeVisible":9.64139,"type":"right","wrist":[1.66393,223.447,43.9988]}],"id":1426088,"interactionBox":{"center":[0,200,0],"size":[235.247,235.247,147.751]},"pointables":[{"bases":[[[0.844897,0.494466,0.204087],[-0.450363,0.451649,0.770186],[0.288655,-0.742641,0.604286]],[[0.675235,0.736667,-0.0371523],[-0.572719,0.555367,0.60296],[0.464814,-0.385862,0.796906]],[[0.675235,0.736667,-0.0371523],[-0.716669,0.667153,0.203205],[0.174481,-0.110585,0.978431]],[[0.675235,0.736667,-0.0371523],[-0.735498,0.668651,-0.109307],[-0.0556811,0.101133,0.993313]]],"btipPosition":[-49.506,246.158,-37.1192],"carpPosition":[-24.8209,227.84,48.3193],"dipPosition":[-50.6611,248.256,-16.5127],"direction":[-0.174481,0.110585,-0.978431],"extended":false,"handId":422,"id":4220,"length":46.1965,"mcpPosition":[-24.8209,227.84,48.3193],"pipPosition":[-45.3878,244.913,13.0582],"stabilizedTipPosition":[-49.6913,244.425,-31.0996],"timeVisible":9.64139,"tipPosition":[-48.9633,245.519,-32.9361],"tipVelocity":[-13.4088,259.845,-150.193],"tool":false,"touchDistance":-0.427531,"touchZone":"hovering","type":0,"width":17.9498},{"bases":[[[0.830206,-0.382812,-0.405233],[0.539356,0.735339,0.410331],[0.140904,-0.559224,0.816954]],[[0.841946,-0.479542,-0.247318],[0.528063,0.826469,0.195189],[0.110799,-0.294938,0.949071]],[[0.841946,-0.479542,-0.247318],[0.518296,0.846215,0.123652],[0.149988,-0.232292,0.961012]],[[0.841946,-0.479542,-0.247318],[0.509168,0.857808,0.070097],[0.178537,-0.184944,0.966396]]],"btipPosition":[-27.8498,296.573,-76.7811],"carpPosition":[-8.52419,241.095,47.8633],"dipPosition":[-25.1459,293.772,-62.1452],"direction":[-0.149988,0.232292,-0.961012],"extended":true,"handId":422,"id":4221,"length":52.1277,"mcpPosition":[-17.7129,277.564,-5.41271],"pipPosition":[-21.9324,288.796,-41.5556],"stabilizedTipPosition":[-27.4949,294.042,-72.2078],"timeVisible":9.64139,"tipPosition":[-27.4625,294.837,-73.3191],"tipVelocity":[38.1605,287.233,-169.994],"tool":false,"touchDistance":-0.640371,"touchZone":"hovering","type":1,"width":17.1457},{"bases":[[[0.737417,-0.574557,-0.355108],[0.67491,0.647578,0.353751],[0.0267098,-0.500528,0.865308]],[[0.737468,-0.575549,-0.35339],[0.309437,0.753033,-0.580681],[0.600324,0.318882,0.733434]],[[0.737468,-0.575549,-0.35339],[-0.448406,-0.0259714,-0.893453],[0.505048,0.817355,-0.277232]],[[0.737468,-0.575549,-0.35339],[-0.659607,-0.501348,-0.559973],[0.145121,0.64606,-0.749364]]],"btipPosition":[-41.2686,224.329,-21.6987],"carpPosition":[1.18001,238.363,43.6805],"dipPosition":[-38.8513,235.091,-34.1812],"direction":[-0.505048,-0.817355,0.277232],"extended":false,"handId":422,"id":4222,"length":59.3953,"mcpPosition":[-0.471813,269.317,-9.83293],"pipPosition":[-26.1209,255.693,-41.1692],"stabilizedTipPosition":[-40.658,224.957,-23.5859],"timeVisible":9.64139,"tipPosition":[-40.2885,227.317,-24.8721],"tipVelocity":[-10.7391,245.301,-129.577],"tool":false,"touchDistance":0.333333,"touchZone":"none","type":2,"width":16.8393},{"bases":[[[0.68032,-0.689122,-0.24955],[0.726378,0.588588,0.35488],[-0.0976738,-0.4227,0.900991]],[[0.676801,-0.702446,-0.220249],[0.446703,0.629677,-0.635581],[0.585147,0.331776,0.739951]],[[0.676801,-0.702446,-0.220249],[-0.373347,-0.0696646,-0.925072],[0.63447,0.708319,-0.309405]],[[0.676801,-0.702446,-0.220249],[-0.670288,-0.464302,-0.578911],[0.304392,0.539438,-0.785081]]],"btipPosition":[-28.682,217.021,-19.2474],"carpPosition":[9.69001,233.018,39.4855],"dipPosition":[-23.6408,225.955,-32.2497],"direction":[-0.63447,-0.708319,0.309405],"extended":false,"handId":422,"id":4223,"length":57.1101,"mcpPosition":[15.1133,256.488,-10.5418],"pipPosition":[-8.06114,243.349,-39.8472],"stabilizedTipPosition":[-27.4335,216.925,-21.1053],"timeVisible":9.64139,"tipPosition":[-27.0032,219.696,-22.9364],"tipVelocity":[-12.7906,246.241,-134.067],"tool":false,"touchDistance":0.333333,"touchZone":"none","type":3,"width":16.0237},{"bases":[[[0.53501,-0.821129,-0.198776],[0.811848,0.434566,0.389943],[-0.233812,-0.369999,0.899129]],[[0.539649,-0.813442,-0.217003],[0.548964,0.535417,-0.641847],[0.638292,0.227245,0.735488]],[[0.539649,-0.813442,-0.217003],[-0.368039,0.00388157,-0.929802],[0.757183,0.581633,-0.297284]],[[0.539649,-0.813442,-0.217003],[-0.726726,-0.319961,-0.60786],[0.425027,0.485733,-0.763816]]],"btipPosition":[-13.0336,216.773,-17.6663],"carpPosition":[14.5759,222.383,34.7757],"dipPosition":[-6.53968,224.194,-29.3366],"direction":[-0.757183,-0.581633,0.297284],"extended":false,"handId":422,"id":4224,"length":44.7733,"mcpPosition":[26.5936,241.401,-11.4384],"pipPosition":[6.5877,234.278,-34.4907],"stabilizedTipPosition":[-11.45,216.13,-18.8722],"timeVisible":9.64139,"tipPosition":[-11.3315,218.586,-21.7988],"tipVelocity":[-11.2854,242.945,-152.231],"tool":false,"touchDistance":0.333333,"touchZone":"none","type":4,"width":14.2335}],"r":[[0.598015,-0.797546,-0.0793609],[0.76965,0.54381,0.334529],[-0.223645,-0.261133,0.939038]],"s":0.872356,"t":[13.7231,104.918,-85.5709],"timestamp":88948443159},false],[5,{"currentFrameRate":53.0255,"devices":[],"gestures":[],"hands":[{"armBasis":[[0.833755,-0.505721,-0.221581],[0.540363,0.829813,0.139349],[0.113399,-0.235917,0.965134]],"armWidth":56.4821,"confidence":0.580856,"direction":[0.0767265,0.593448,-0.801207],"elbow":[28.6622,170.808,272.922],"grabStrength":0,"id":422,"palmNormal":[-0.560375,-0.638984,-0.526954],"palmPosition":[-2.52314,256.537,3.48304],"palmVelocity":[-9.39319,232.421,-135.886],"palmWidth":80.6546,"pinchStrength":0.941175,"r":[[0.597187,-0.798017,-0.0808467],[0.770474,0.542692,0.334448],[-0.223021,-0.262019,0.93894]],"s":0.884335,"sphereCenter":[-12.1209,229.305,-37.1538],"sphereRadius":46.449,"stabilizedPalmPosition":[-2.39767,253.419,5.24561],"t":[13.5482,109.261,-88.098],"timeVisible":9.65981,"type":"right","wrist":[1.52235,227.271,41.9359]}],"id":1426089,"interactionBox":{"center":[0,200,0],"size":[235.247,235.247,147.751]},"pointables":[{"bases":[[[0.848034,0.490389,0.20089],[-0.443032,0.448033,0.776524],[0.290793,-0.74752,0.597205]],[[0.677142,0.734887,-0.0376776],[-0.564625,0.55173,0.613834],[0.471886,-0.394379,0.788535]],[[0.677142,0.734887,-0.0376776],[-0.713128,0.667997,0.212671],[0.181458,-0.11714,0.976397]],[[0.677142,0.734887,-0.0376776],[-0.733961,0.670848,-0.106132],[-0.0527189,0.0995202,0.993638]]],"btipPosition":[-50.1848,250.647,-38.5272],"carpPosition":[-24.9145,231.721,46.4862],"dipPosition":[-51.2784,252.711,-17.914],"direction":[-0.181458,0.11714,-0.976397],"extended":false,"handId":422,"id":4220,"length":46.1965,"mcpPosition":[-24.9145,231.721,46.4862],"pipPosition":[-45.7943,249.171,11.5954],"stabilizedTipPosition":[-50.2185,249.164,-33.0008],"timeVisible":9.65981,"tipPosition":[-49.666,250.062,-34.3653],"tipVelocity":[-24.3305,251.887,-114.639],"tool":false,"touchDistance":-0.434208,"touchZone":"touching","type":0,"width":17.9498},{"bases":[[[0.825853,-0.382818,-0.414025],[0.544855,0.730886,0.411021],[0.145259,-0.565027,0.812185]],[[0.838481,-0.480208,-0.257585],[0.53395,0.818419,0.212338],[0.108846,-0.315579,0.942636]],[[0.838481,-0.480208,-0.257585],[0.523942,0.840359,0.138858],[0.149783,-0.251389,0.956226]],[[0.838481,-0.480208,-0.257585],[0.514425,0.853466,0.0834447],[0.179769,-0.202475,0.962646]]],"btipPosition":[-28.1279,302.243,-77.9359],"carpPosition":[-8.57836,244.926,45.9931],"dipPosition":[-25.4053,299.177,-63.3568],"direction":[-0.149783,0.251389,-0.956226],"extended":true,"handId":422,"id":4221,"length":52.1277,"mcpPosition":[-18.0511,281.773,-6.97191],"pipPosition":[-22.1962,293.791,-42.8697],"stabilizedTipPosition":[-27.5,299.672,-73.9914],"timeVisible":9.65981,"tipPosition":[-27.8831,300.294,-74.5585],"tipVelocity":[12.6258,295.562,-118.668],"tool":false,"touchDistance":-0.622185,"touchZone":"hovering","type":1,"width":17.1457},{"bases":[[[0.732819,-0.574588,-0.364452],[0.679688,0.643062,0.35284],[0.0316275,-0.506281,0.861788]],[[0.732884,-0.575659,-0.362625],[0.306814,0.755367,-0.579039],[0.607244,0.31311,0.730217]],[[0.732884,-0.575659,-0.362625],[-0.456688,-0.0211746,-0.889375],[0.504298,0.817416,-0.278415]],[[0.732884,-0.575659,-0.362625],[-0.665976,-0.498007,-0.555396],[0.139129,0.648541,-0.748357]]],"btipPosition":[-41.8449,228.715,-23.2921],"carpPosition":[1.08487,242.19,41.7188],"dipPosition":[-39.5273,239.518,-35.7578],"direction":[-0.504298,-0.817416,0.278415],"extended":false,"handId":422,"id":4222,"length":59.3953,"mcpPosition":[-0.871081,273.5,-11.5769],"pipPosition":[-26.8158,260.122,-42.7757],"stabilizedTipPosition":[-41.139,229.55,-25.4789],"timeVisible":9.65981,"tipPosition":[-40.9298,231.692,-26.4938],"tipVelocity":[-21.2339,242.114,-108.74],"tool":false,"touchDistance":0.333333,"touchZone":"none","type":2,"width":16.8393},{"bases":[[[0.676149,-0.689659,-0.259215],[0.73097,0.5839,0.353192],[-0.0922266,-0.428289,0.898923]],[[0.672841,-0.703051,-0.230229],[0.443996,0.632692,-0.634483],[0.591737,0.324685,0.737853]],[[0.672841,-0.703051,-0.230229],[-0.382381,-0.0640938,-0.921779],[0.633301,0.708246,-0.311958]],[[0.672841,-0.703051,-0.230229],[-0.677546,-0.460685,-0.573325],[0.297013,0.541747,-0.786316]]],"btipPosition":[-29.2393,221.403,-21.0274],"carpPosition":[9.54529,236.845,37.4245],"dipPosition":[-24.3203,230.376,-34.0501],"direction":[-0.633301,-0.708246,0.311958],"extended":false,"handId":422,"id":4223,"length":57.1101,"mcpPosition":[14.6662,260.626,-12.4881],"pipPosition":[-8.76932,247.767,-41.7104],"stabilizedTipPosition":[-27.9071,221.519,-23.1538],"timeVisible":9.65981,"tipPosition":[-27.6463,224.043,-24.7156],"tipVelocity":[-21.9365,242.463,-116.169],"tool":false,"touchDistance":0.333333,"touchZone":"none","type":3,"width":16.0237},{"bases":[[[0.530796,-0.821527,-0.208203],[0.816198,0.429377,0.386596],[-0.228202,-0.375138,0.898441]],[[0.536168,-0.812199,-0.229905],[0.541056,0.539735,-0.644938],[0.647905,0.221404,0.728834]],[[0.536168,-0.812199,-0.229905],[-0.386255,0.0061074,-0.922372],[0.750554,0.583349,-0.310441]],[[0.536168,-0.812199,-0.229905],[-0.739324,-0.320423,-0.592224],[0.407336,0.487506,-0.772279]]],"btipPosition":[-13.4535,221.006,-19.2325],"carpPosition":[14.3605,226.226,32.6082],"dipPosition":[-7.22983,228.454,-31.0321],"direction":[-0.750554,-0.583349,0.310441],"extended":false,"handId":422,"id":4224,"length":44.7733,"mcpPosition":[26.0898,245.508,-13.5706],"pipPosition":[5.78263,238.568,-36.4142],"stabilizedTipPosition":[-11.8335,220.548,-20.9332],"timeVisible":9.65981,"tipPosition":[-11.8938,222.845,-23.4166],"tipVelocity":[-18.4537,236.795,-120.65],"tool":false,"touchDistance":0.333333,"touchZone":"none","type":4,"width":14.2335}],"r":[[0.597187,-0.798017,-0.0808467],[0.770474,0.542692,0.334448],[-0.223021,-0.262019,0.93894]],"s":0.884335,"t":[13.5482,109.261,-88.098],"timestamp":88948461577},false],[6,{"currentFrameRate":53.0315,"devices":[],"gestures":[],"hands":[{"armBasis":[[0.824583,-0.509439,-0.246037],[0.551084,0.821636,0.145671],[0.127942,-0.255705,0.958251]],"armWidth":56.4821,"confidence":0.558922,"direction":[0.0789565,0.592117,-0.801975],"elbow":[31.8255,168.897,269.511],"grabStrength":0,"id":422,"palmNormal":[-0.569333,-0.633594,-0.52385],"palmPosition":[-2.72508,259.376,1.71797],"palmVelocity":[-10.0429,192.471,-115.254],"palmWidth":80.6546,"pinchStrength":0.940151,"r":[[0.594821,-0.799615,-0.0824892],[0.772548,0.540274,0.333577],[-0.222166,-0.262145,0.939107]],"s":0.894549,"sphereCenter":[-13.0408,232.767,-38.6809],"sphereRadius":46.242,"stabilizedPalmPosition":[-2.59818,257.067,3.08527],"t":[13.3598,112.852,-90.2441],"timeVisible":9.67864,"type":"right","wrist":[1.20493,230.096,40.1716]}],"id":1426090,"interactionBox":{"center":[0,200,0],"size":[235.247,235.247,147.751]},"pointables":[{"bases":[[[0.853918,0.48187,0.196532],[-0.434769,0.453019,0.7783],[0.286007,-0.75005,0.596343]],[[0.684083,0.728209,-0.0417251],[-0.554595,0.55644,0.618707],[0.473766,-0.400107,0.784513]],[[0.684083,0.728209,-0.0417251],[-0.705703,0.675235,0.214569],[0.184425,-0.117338,0.975817]],[[0.684083,0.728209,-0.0417251],[-0.727478,0.677006,-0.111529],[-0.0529686,0.106649,0.992885]]],"btipPosition":[-50.6014,253.855,-39.9583],"carpPosition":[-25.1634,234.817,44.8439],"dipPosition":[-51.7003,256.067,-19.3607],"direction":[-0.184425,0.117338,-0.975817],"extended":false,"handId":422,"id":4220,"length":46.1965,"mcpPosition":[-25.1634,234.817,44.8439],"pipPosition":[-46.1264,252.521,10.1312],"stabilizedTipPosition":[-50.6938,253.052,-34.6609],"timeVisible":9.67864,"tipPosition":[-50.14,253.375,-35.8059],"tipVelocity":[-23.2802,212.866,-95.8208],"tool":false,"touchDistance":-0.440641,"touchZone":"touching","type":0,"width":17.9498},{"bases":[[[0.819947,-0.391465,-0.417663],[0.554199,0.725575,0.407928],[0.143356,-0.565947,0.811882]],[[0.832339,-0.488151,-0.262526],[0.544688,0.808061,0.224395],[0.102598,-0.329767,0.938471]],[[0.832339,-0.488151,-0.262526],[0.534804,0.831726,0.149054],[0.145589,-0.264463,0.953343]],[[0.832339,-0.488151,-0.262526],[0.525154,0.846036,0.0918485],[0.17727,-0.214316,0.960544]]],"btipPosition":[-27.7562,306.232,-79.3927],"carpPosition":[-8.69643,247.855,44.2643],"dipPosition":[-25.0715,302.987,-64.8454],"direction":[-0.145589,0.264463,-0.953343],"extended":true,"handId":422,"id":4221,"length":52.1277,"mcpPosition":[-18.0451,284.762,-8.68096],"pipPosition":[-21.9523,297.32,-44.4201],"stabilizedTipPosition":[-27.213,304.291,-75.6245],"timeVisible":9.67864,"tipPosition":[-27.6377,304.122,-76.0831],"tipVelocity":[15.8757,253.51,-98.6432],"tool":false,"touchDistance":-0.610262,"touchZone":"hovering","type":1,"width":17.1457},{"bases":[[[0.725204,-0.582247,-0.367516],[0.687855,0.636346,0.34917],[0.030564,-0.506017,0.861982]],[[0.725269,-0.583352,-0.36563],[0.310193,0.751004,-0.582901],[0.614626,0.309344,0.725632]],[[0.725269,-0.583352,-0.36563],[-0.463182,-0.0205271,-0.886025],[0.509359,0.81196,-0.285086]],[[0.725269,-0.583352,-0.36563],[-0.674248,-0.494475,-0.548529],[0.13919,0.644356,-0.751952]]],"btipPosition":[-42.3898,231.896,-24.6527],"carpPosition":[0.918111,245.019,39.9463],"dipPosition":[-40.0713,242.629,-37.1783],"direction":[-0.509359,-0.81196,0.285086],"extended":false,"handId":422,"id":4222,"length":59.3953,"mcpPosition":[-0.972061,276.312,-13.3614],"pipPosition":[-27.2322,263.095,-44.3643],"stabilizedTipPosition":[-41.6922,233.262,-27.0631],"timeVisible":9.67864,"tipPosition":[-41.5154,234.842,-27.9203],"tipVelocity":[-24.994,205.854,-91.241],"tool":false,"touchDistance":0.333333,"touchZone":"none","type":2,"width":16.8393},{"bases":[[[0.667867,-0.696668,-0.261931],[0.738534,0.576666,0.349321],[-0.0923135,-0.426745,0.899648]],[[0.664597,-0.709875,-0.233214],[0.44766,0.628178,-0.636391],[0.598258,0.318543,0.735268]],[[0.664597,-0.709875,-0.233214],[-0.388314,-0.061473,-0.919474],[0.638376,0.70164,-0.316509]],[[0.664597,-0.709875,-0.233214],[-0.685719,-0.455458,-0.567756],[0.296817,0.537248,-0.789471]]],"btipPosition":[-29.856,224.538,-22.6101],"carpPosition":[9.30331,239.585,35.6156],"dipPosition":[-24.9403,233.435,-35.6851],"direction":[-0.638376,-0.70164,0.316509],"extended":false,"handId":422,"id":4223,"length":57.1101,"mcpPosition":[14.429,263.28,-14.3372],"pipPosition":[-9.26471,250.664,-43.4571],"stabilizedTipPosition":[-28.5073,225.234,-24.9608],"timeVisible":9.67864,"tipPosition":[-28.2977,227.12,-26.2968],"tipVelocity":[-27.243,204.807,-100.759],"tool":false,"touchDistance":0.333333,"touchZone":"none","type":3,"width":16.0237},{"bases":[[[0.521425,-0.827017,-0.21014],[0.822344,0.421306,0.382428],[-0.227742,-0.372215,0.899772]],[[0.527448,-0.816546,-0.234628],[0.541981,0.536065,-0.647218],[0.654259,0.21421,0.725299]],[[0.527448,-0.816546,-0.234628],[-0.395939,0.00809246,-0.918241],[0.751685,0.577223,-0.319034]],[[0.527448,-0.816546,-0.234628],[-0.749121,-0.316715,-0.581815],[0.400769,0.482642,-0.778743]]],"btipPosition":[-13.9686,223.95,-20.7666],"carpPosition":[13.9875,228.914,30.784],"dipPosition":[-7.84529,231.324,-32.6649],"direction":[-0.751685,-0.577223,0.319034],"extended":false,"handId":422,"id":4224,"length":44.7733,"mcpPosition":[25.6931,248.046,-15.4632],"pipPosition":[5.18679,241.332,-38.1961],"stabilizedTipPosition":[-12.3436,224.126,-22.7372],"timeVisible":9.67864,"tipPosition":[-12.4917,225.76,-24.9296],"tipVelocity":[-23.4049,196.976,-102.062],"tool":false,"touchDistance":0