{"sensorType":"Leap","data":[[0,{"currentFrameRate":53.0039,"devices":[],"gestures":[{"direction":[-0.0508986,0.944923,-0.32331],"duration":131956,"handIds":[422],"id":7,"pointableIds":[4221],"position":[-30.1785,287.226,-51.2603],"speed":293.321,"startPosition":[-22.9846,130.756,4.49949],"state":"stop","type":"swipe"}],"hands":[{"armBasis":[[0.872451,-0.388568,-0.296385],[0.453883,0.869085,0.196678],[0.181161,-0.306116,0.934598]],"armWidth":56.4821,"confidence":0.6175,"direction":[0.110457,0.593671,-0.797091],"elbow":[37.9614,164.433,280.229],"grabStrength":0,"id":422,"palmNormal":[-0.447911,-0.686202,-0.573151],"palmPosition":[-7.81901,266.326,17.487],"palmVelocity":[-64.7254,382.71,-184.843],"palmWidth":80.6546,"pinchStrength":0.761109,"r":[[0.684501,-0.708231,-0.172822],[0.725419,0.638204,0.257804],[-0.072289,-0.301835,0.950615]],"s":0.857517,"sphereCenter":[-16.5091,243.429,-21.7276],"sphereRadius":44.1285,"stabilizedPalmPosition":[-7.68954,265.608,17.8674],"t":[9.30025,116.185,-73.1244],"timeVisible":7.33925,"type":"right","wrist":[-5.39608,237.696,56.5509]}],"id":1425968,"interactionBox":{"center":[0,200,0],"size":[235.247,235.247,147.751]},"pointables":[{"bases":[[[0.779196,0.560461,0.280601],[-0.556832,0.413473,0.720401],[0.287736,-0.717582,0.634259]],[[0.626693,0.778355,0.0376645],[-0.632851,0.480148,0.607419],[0.454703,-0.404501,0.793488]],[[0.626693,0.778355,0.0376645],[-0.75775,0.597398,0.262548],[0.181855,-0.193077,0.964184]],[[0.626693,0.778355,0.0376645],[-0.757473,0.619806,-0.205122],[-0.183003,0.100019,0.978011]]],"btipPosition":[-54.2585,261.607,-26.2533],"carpPosition":[-32.4393,239.948,58.2859],"dipPosition":[-58.0549,263.682,-5.96422],"direction":[-0.181855,0.193077,-0.964184],"extended":false,"handId":422,"id":4220,"length":46.1965,"mcpPosition":[-32.4393,239.948,58.2859],"pipPosition":[-52.5587,257.846,23.176],"stabilizedTipPosition":[-55.0877,260.831,-20.5982],"timeVisible":7.33925,"tipPosition":[-54.6661,263.411,-21.1367],"tipVelocity":[-18.8254,312.618,-210.336],"tool":false,"touchDistance":-0.746685,"touchZone":"hovering","type":0,"width":17.9498},{"bases":[[[0.893179,-0.314689,-0.32125],[0.43701,0.775895,0.454983],[0.106078,-0.546771,0.830535]],[[0.899396,-0.382831,-0.211016],[0.434501,0.835832,0.335549],[0.0479159,-0.393478,0.918084]],[[0.899396,-0.382831,-0.211016],[0.409064,0.907282,0.0975029],[0.154124,-0.174013,0.972607]],[[0.899396,-0.382831,-0.211016],[0.372234,0.923816,-0.089472],[0.229193,0.0019233,0.973379]]],"btipPosition":[-32.8009,308.808,-65.4039],"carpPosition":[-17.2852,254.468,59.3004],"dipPosition":[-29.3298,308.837,-50.6622],"direction":[-0.154124,0.174013,-0.972607],"extended":true,"handId":422,"id":4221,"length":52.1277,"mcpPosition":[-24.2029,290.124,5.13871],"pipPosition":[-26.0277,305.109,-29.8241],"stabilizedTipPosition":[-31.9043,308.023,-61.5399],"timeVisible":7.33925,"tipPosition":[-32.4821,306.566,-61.9195],"tipVelocity":[-38.8949,396.547,-204.537],"tool":false,"touchDistance":-0.879043,"touchZone":"touching","type":1,"width":17.1457},{"bases":[[[0.811625,-0.513296,-0.278913],[0.583944,0.69933,0.412245],[-0.0165514,-0.497458,0.86733]],[[0.810974,-0.52535,-0.257543],[0.332691,0.776154,-0.535632],[0.481287,0.348701,0.80422]],[[0.810974,-0.52535,-0.257543],[-0.433202,-0.243283,-0.867842],[0.393265,0.815365,-0.424879]],[[0.810974,-0.52535,-0.257543],[-0.584829,-0.740807,-0.330424],[-0.0172017,0.418584,-0.908015]]],"btipPosition":[-36.2032,240.867,-6.07957],"carpPosition":[-7.03735,252.526,56.0846],"dipPosition":[-36.4897,247.84,-21.2048],"direction":[-0.393265,-0.815365,0.424879],"extended":false,"handId":422,"id":4222,"length":59.3953,"mcpPosition":[-6.01376,283.291,2.44619],"pipPosition":[-26.5769,268.392,-31.9144],"stabilizedTipPosition":[-36.2416,242.024,-9.33916],"timeVisible":7.33925,"tipPosition":[-36.1206,243.408,-10.9884],"tipVelocity":[-25.7681,321.068,-135.246],"tool":false,"touchDistance":0.333333,"touchZone":"none","type":2,"width":16.8393},{"bases":[[[0.753998,-0.632154,-0.178516],[0.639614,0.644656,0.418703],[-0.149604,-0.429883,0.890404]],[[0.751355,-0.639347,-0.163404],[0.415647,0.650842,-0.635329],[0.512546,0.409439,0.754756]],[[0.751355,-0.639347,-0.163404],[-0.456358,-0.324562,-0.828491],[0.476659,0.697061,-0.535632]],[[0.751355,-0.639347,-0.163404],[-0.657855,-0.706232,-0.261654],[0.0518866,0.304091,-0.951229]]],"btipPosition":[-22.3206,233.385,2.3359],"carpPosition":[2.23565,247.884,52.7605],"dipPosition":[-21.4613,238.421,-13.4181],"direction":[-0.476659,-0.697061,0.535632],"extended":false,"handId":422,"id":4223,"length":57.1101,"mcpPosition":[10.5424,271.753,3.32101],"pipPosition":[-9.75677,255.537,-26.5707],"stabilizedTipPosition":[-22.1089,234.266,-1.17957],"timeVisible":7.33925,"tipPosition":[-21.9251,235.272,-3.22634],"tipVelocity":[-25.6603,346.366,-120.981],"tool":false,"touchDistance":0.333333,"touchZone":"none","type":3,"width":16.0237},{"bases":[[[0.615498,-0.775428,-0.140973],[0.733355,0.497957,0.462849],[-0.288708,-0.388267,0.875155]],[[0.60866,-0.784196,-0.120705],[0.570247,0.538137,-0.620667],[0.55168,0.308943,0.774727]],[[0.60866,-0.784196,-0.120705],[-0.472065,-0.235643,-0.849486],[0.63772,0.574029,-0.513618]],[[0.60866,-0.784196,-0.120705],[-0.774889,-0.55482,-0.302857],[0.170529,0.27787,-0.945361]]],"btipPosition":[-7.7288,233.754,2.69834],"carpPosition":[8.38493,237.679,48.6136],"dipPosition":[-5.12331,238,-11.7457],"direction":[-0.63772,-0.574029,0.513618],"extended":false,"handId":422,"id":4224,"length":44.7733,"mcpPosition":[23.2241,257.635,3.63172],"pipPosition":[5.93294,247.952,-20.6504],"stabilizedTipPosition":[-7.11581,234.487,-0.520939],"timeVisible":7.33925,"tipPosition":[-6.80212,235.193,-2.25889],"tipVelocity":[-29.2508,367.927,-132.161],"tool":false,"touchDistance":0.333333,"touchZone":"none","type":4,"width":14.2335}],"r":[[0.684501,-0.708231,-0.172822],[0.725419,0.638204,0.257804],[-0.072289,-0.301835,0.950615]],"s":0.857517,"t":[9.30025,116.185,-73.1244],"timestamp":88946141023},false],[1,{"currentFrameRate":53.0129,"devices":[],"gestures":[],"hands":[{"armBasis":[[0.862586,-0.405851,-0.302044],[0.472124,0.860292,0.192347],[0.181781,-0.308518,0.933687]],"armWidth":56.4821,"confidence":0.575521,"direction":[0.11449,0.580358,-0.806273],"elbow":[37.1097,168.101,278.47],"grabStrength":0,"id":422,"palmNormal":[-0.464994,-0.685905,-0.559745],"palmPosition":[-8.62832,270.058,15.566],"palmVelocity":[-54.088,292.467,-144.327],"palmWidth":80.6546,"pinchStrength":0.749645,"r":[[0.68905,-0.705809,-0.16445],[0.720436,0.642492,0.261105],[-0.0786325,-0.29839,0.951199]],"s":0.869655,"sphereCenter":[-18.7728,247.781,-22.7768],"sphereRadius":43.6868,"stabilizedPalmPosition":[-8.52288,269.558,15.8245],"t":[8.28417,121.655,-75.8333],"timeVisible":7.35809,"type":"right","wrist":[-6.39619,241.939,55.0098]}],"id":1425969,"interactionBox":{"center":[0,200,0],"size":[235.247,235.247,147.751]},"pointables":[{"bases":[[[0.7915,0.550088,0.266329],[-0.543242,0.433556,0.71897],[0.280028,-0.713746,0.64199]],[[0.641505,0.766794,0.0223167],[-0.61652,0.498037,0.609805],[0.45648,-0.404952,0.792237]],[[0.641505,0.766794,0.0223167],[-0.744897,0.615707,0.256969],[0.183302,-0.181471,0.966162]],[[0.641505,0.766794,0.0223167],[-0.74269,0.628097,-0.232178],[-0.19205,0.132369,0.972417]]],"btipPosition":[-55.1328,265.362,-27.4957],"carpPosition":[-33.3789,244.706,56.9319],"dipPosition":[-59.1169,268.108,-7.32272],"direction":[-0.183302,0.181471,-0.966162],"extended":false,"handId":422,"id":4220,"length":46.1965,"mcpPosition":[-33.3789,244.706,56.9319],"pipPosition":[-53.577,262.624,21.8773],"stabilizedTipPosition":[-55.8491,264.92,-22.3863],"timeVisible":7.35809,"tipPosition":[-55.7105,267.244,-22.5257],"tipVelocity":[-33.4487,261.263,-140.419],"tool":false,"touchDistance":-0.719387,"touchZone":"hovering","type":0,"width":17.9498},{"bases":[[[0.88464,-0.335322,-0.323992],[0.454726,0.774119,0.440413],[0.103128,-0.536935,0.837297]],[[0.890585,-0.400247,-0.21601],[0.452236,0.829807,0.326961],[0.0483815,-0.388874,0.92002]],[[0.890585,-0.400247,-0.21601],[0.42814,0.898027,0.101213],[0.153473,-0.182621,0.971131]],[[0.890585,-0.400247,-0.21601],[0.393251,0.916251,-0.0764034],[0.2285,-0.0169023,0.973397]]],"btipPosition":[-33.2739,312.953,-67.5693],"carpPosition":[-17.9574,258.96,57.6181],"dipPosition":[-29.8133,312.697,-52.8274],"direction":[-0.153473,0.182621,-0.971131],"extended":true,"handId":422,"id":4221,"length":52.1277,"mcpPosition":[-24.6827,293.975,3.01558],"pipPosition":[-26.5252,308.785,-32.021],"stabilizedTipPosition":[-32.4051,312.275,-63.8434],"timeVisible":7.35809,"tipPosition":[-32.9942,310.649,-64.1002],"tipVelocity":[-32.2198,308.554,-160.737],"tool":false,"touchDistance":-0.851954,"touchZone":"touching","type":1,"width":17.1457},{"bases":[[[0.799872,-0.531803,-0.278192],[0.599893,0.694308,0.397574],[-0.0182798,-0.484893,0.874382]],[[0.799182,-0.543545,-0.256646],[0.331177,0.754483,-0.566636],[0.501627,0.36785,0.782979]],[[0.799182,-0.543545,-0.256646],[-0.453833,-0.265668,-0.850562],[0.394136,0.796228,-0.458996]],[[0.799182,-0.543545,-0.256646],[-0.600523,-0.740527,-0.301651],[-0.0260923,0.395195,-0.918227]]],"btipPosition":[-37.5753,244.406,-6.31545],"carpPosition":[-7.77342,256.788,54.3473],"dipPosition":[-38.0099,250.989,-21.6108],"direction":[-0.394136,-0.796228,0.458996],"extended":false,"handId":422,"id":4222,"length":59.3953,"mcpPosition":[-6.64293,286.775,0.272718],"pipPosition":[-28.0752,271.059,-33.1804],"stabilizedTipPosition":[-37.5824,245.668,-9.80137],"timeVisible":7.35809,"tipPosition":[-37.5516,246.848,-11.4013],"tipVelocity":[-49.6892,253.613,-76.2351],"tool":false,"touchDistance":0.333333,"touchZone":"none","type":2,"width":16.8393},{"bases":[[[0.74095,-0.648179,-0.175661],[0.654618,0.638728,0.404353],[-0.149893,-0.414596,0.897576]],[[0.73825,-0.655244,-0.16013],[0.414246,0.627773,-0.659015],[0.532342,0.420185,0.734886]],[[0.73825,-0.655244,-0.16013],[-0.476288,-0.338279,-0.811614],[0.477637,0.675442,-0.561819]],[[0.73825,-0.655244,-0.16013],[-0.67315,-0.700519,-0.236944],[0.0430817,0.282715,-0.958236]]],"btipPosition":[-23.8162,237.043,1.73737],"carpPosition":[1.38621,251.932,51.0142],"dipPosition":[-23.1027,241.726,-14.1327],"direction":[-0.477637,-0.675442,0.561819],"extended":false,"handId":422,"id":4223,"length":57.1101,"mcpPosition":[9.70901,274.953,1.17646],"pipPosition":[-11.3741,258.311,-27.9283],"stabilizedTipPosition":[-23.5901,237.966,-1.88331],"timeVisible":7.35809,"tipPosition":[-23.479,238.787,-3.84625],"tipVelocity":[-52.8271,269.869,-78.0449],"tool":false,"touchDistance":0.333333,"touchZone":"none","type":3,"width":16.0237},{"bases":[[[0.600206,-0.788375,-0.134976],[0.746062,0.490982,0.449808],[-0.288347,-0.370678,0.882867]],[[0.593202,-0.79694,-0.114011],[0.563204,0.512007,-0.648575],[0.57525,0.320525,0.752563]],[[0.593202,-0.79694,-0.114011],[-0.496784,-0.250926,-0.830808],[0.633496,0.549476,-0.544757]],[[0.593202,-0.79694,-0.114011],[-0.789608,-0.548349,-0.275379],[0.156943,0.253379,-0.954551]]],"btipPosition":[-9.27472,237.169,2.02558],"carpPosition":[7.31547,241.56,46.9623],"dipPosition":[-6.87681,241.04,-12.5589],"direction":[-0.633496,-0.549476,0.544757],"extended":false,"handId":422,"id":4224,"length":44.7733,"mcpPosition":[22.1361,260.612,1.58402],"pipPosition":[4.10619,250.566,-22.0034],"stabilizedTipPosition":[-8.66487,237.929,-1.29953],"timeVisible":7.35809,"tipPosition":[-8.40575,238.499,-3.02648],"tipVelocity":[-56.3389,274.408,-85.8299],"tool":false,"touchDistance":0.333333,"touchZone":"none","type":4,"width":14.2335}],"r":[[0.68905,-0.705809,-0.16445],[0.720436,0.642492,0.261105],[-0.0786325,-0.29839,0.951199]],"s":0.869655,"t":[8.28417,121.655,-75.8333],"timestamp":88946159854},false],[2,{"currentFrameRate":53.0264,"devices":[],"gestures":[],"hands":[{"armBasis":[[0.857915,-0.416432,-0.300942],[0.479305,0.859648,0.176838],[0.185064,-0.295955,0.937103]],"armWidth":56.4821,"confidence":0.576582,"direction":[0.11816,0.560193,-0.819891],"elbow":[37.1983,175.094,278.514],"grabStrength":0,"id":422,"palmNormal":[-0.470765,-0.695387,-0.542971],"palmPosition":[-9.14758,273.118,14.1386],"palmVelocity":[-41.1444,229.025,-110.874],"palmWidth":80.6546,"pinchStrength":0.744456,"r":[[0.691508,-0.705656,-0.154489],[0.717463,0.646039,0.260538],[-0.0840446,-0.291004,0.953023]],"s":0.880482,"sphereCenter":[-20.1676,250.94,-23.2766],"sphereRadius":43.3278,"stabilizedPalmPosition":[-9.06983,272.675,14.3485],"t":[7.5165,125.92,-77.9014],"timeVisible":7.3769,"type":"right","wrist":[-7.09315,245.925,54.2362]}],"id":1425970,"interactionBox":{"center":[0,200,0],"size":[235.247,235.247,147.751]},"pointables":[{"bases":[[[0.795942,0.550153,0.252604],[-0.539221,0.454628,0.70891],[0.275168,-0.700461,0.658511]],[[0.648019,0.761611,0.00448045],[-0.609488,0.515039,0.60271],[0.456722,-0.393298,0.797948]],[[0.648019,0.761611,0.00448045],[-0.739997,0.628215,0.240312],[0.18021,-0.159043,0.970685]],[[0.648019,0.761611,0.00448045],[-0.733045,0.625289,-0.267694],[-0.20668,0.170186,0.963494]]],"btipPosition":[-55.4197,267.622,-28.5189],"carpPosition":[-34.052,248.943,56.113],"dipPosition":[-59.7073,271.153,-8.53104],"direction":[-0.18021,0.159043,-0.970685],"extended":false,"handId":422,"id":4220,"length":46.1965,"mcpPosition":[-34.052,248.943,56.113],"pipPosition":[-54.2609,266.346,20.8057],"stabilizedTipPosition":[-56.291,267.709,-23.6049],"timeVisible":7.3769,"tipPosition":[-56.1734,269.611,-23.712],"tipVelocity":[-26.3692,196.976,-99.4813],"tool":false,"touchDistance":-0.691768,"touchZone":"touching","type":0,"width":17.9498},{"bases":[[[0.881738,-0.349686,-0.316636],[0.461059,0.780825,0.421589],[0.0998136,-0.517719,0.849708]],[[0.887325,-0.410438,-0.210227],[0.458829,0.831422,0.313391],[0.0461598,-0.374538,0.926062]],[[0.887325,-0.410438,-0.210227],[0.436715,0.894329,0.0972362],[0.148103,-0.178089,0.972805]],[[0.887325,-0.410438,-0.210227],[0.404437,0.911661,-0.0728424],[0.221553,-0.0203885,0.974935]]],"btipPosition":[-33.3167,315.241,-69.8369],"carpPosition":[-18.5212,263.091,56.4493],"dipPosition":[-29.9613,314.932,-55.0716],"direction":[-0.148103,0.178089,-0.972805],"extended":true,"handId":422,"id":4221,"length":52.1277,"mcpPosition":[-25.0303,296.853,1.03727],"pipPosition":[-26.7882,311.117,-34.2294],"stabilizedTipPosition":[-32.5205,314.665,-65.9873],"timeVisible":7.3769,"tipPosition":[-33.0678,312.942,-66.3596],"tipVelocity":[-18.2129,216.879,-140.957],"tool":false,"touchDistance":-0.829025,"touchZone":"touching","type":1,"width":17.1457},{"bases":[[[0.795511,-0.54437,-0.266126],[0.605569,0.698909,0.380541],[-0.0211572,-0.463883,0.885644]],[[0.794763,-0.555476,-0.244537],[0.329558,0.733317,-0.594675],[0.509651,0.392036,0.765875]],[[0.794763,-0.555476,-0.244537],[-0.462228,-0.292872,-0.837002],[0.393317,0.77825,-0.48952]],[[0.794763,-0.555476,-0.244537],[-0.606196,-0.746202,-0.275152],[-0.0296334,0.366918,-0.929781]]],"btipPosition":[-38.2443,246.974,-6.44359],"carpPosition":[-8.35729,260.764,53.2229],"dipPosition":[-38.738,253.086,-21.9314],"direction":[-0.393317,-0.77825,0.48952],"extended":false,"handId":422,"id":4222,"length":59.3953,"mcpPosition":[-7.04886,289.452,-1.54809],"pipPosition":[-28.8239,272.702,-34.2704],"stabilizedTipPosition":[-38.3193,248.245,-9.99562],"timeVisible":7.3769,"tipPosition":[-38.2549,249.24,-11.6136],"tipVelocity":[-43.1412,193.564,-43.4546],"tool":false,"touchDistance":0.333333,"touchZone":"none","type":2,"width":16.8393},{"bases":[[[0.735798,-0.657828,-0.16082],[0.659875,0.643087,0.388594],[-0.152207,-0.392048,0.907266]],[[0.733026,-0.664579,-0.144942],[0.411928,0.603291,-0.682902],[0.541284,0.44088,0.715986]],[[0.733026,-0.664579,-0.144942],[-0.485482,-0.36192,-0.795815],[0.476424,0.653719,-0.587938]],[[0.733026,-0.664579,-0.144942],[-0.67907,-0.702721,-0.212243],[0.0391989,0.254005,-0.966408]]],"btipPosition":[-24.5723,239.809,1.70913],"carpPosition":[0.76171,255.761,49.9988],"dipPosition":[-23.9231,244.016,-14.2962],"direction":[-0.476424,-0.653719,0.587938],"extended":false,"handId":422,"id":4223,"length":57.1101,"mcpPosition":[9.21295,277.529,-0.376991],"pipPosition":[-12.2243,260.068,-28.7333],"stabilizedTipPosition":[-24.3974,240.69,-1.96938],"timeVisible":7.3769,"tipPosition":[-24.2644,241.371,-3.90089],"tipVelocity":[-47.0393,206.992,-41.4428],"tool":false,"touchDistance":0.333333,"touchZone":"none","type":3,"width":16.0237},{"bases":[[[0.594024,-0.795936,-0.116715],[0.750228,0.495762,0.437468],[-0.290333,-0.347429,0.891627]],[[0.586864,-0.804067,-0.095222],[0.556464,0.485958,-0.673938],[0.588165,0.342523,0.732625]],[[0.586864,-0.804067,-0.095222],[-0.510876,-0.276477,-0.813982],[0.628169,0.526343,-0.573033]],[[0.586864,-0.804067,-0.095222],[-0.795917,-0.551285,-0.250202],[0.148685,0.222624,-0.9635]]],"btipPosition":[-10.0668,239.845,2.05419],"carpPosition":[6.60753,245.25,46.1893],"dipPosition":[-7.7951,243.247,-12.667],"direction":[-0.628169,-0.526343,0.573033],"extended":false,"handId":422,"id":4224,"length":44.7733,"mcpPosition":[21.5303,263.108,0.360756],"pipPosition":[3.09555,252.372,-22.6018],"stabilizedTipPosition":[-9.51908,240.55,-1.33076],"timeVisible":7.3769,"tipPosition":[-9.23837,241.02,-3.0599],"tipVelocity":[-50.1392,207.031,-43.9538],"tool":false,"touchDistance":0.333333,"touchZone":"none","type":4,"width":14.2335}],"r":[[0.691508,-0.705656,-0.154489],[0.717463,0.646039,0.260538],[-0.0840446,-0.291004,0.953023]],"s":0.880482,"t":[7.5165,125.92,-77.9014],"timestamp":88946178664},false],[3,{"currentFrameRate":53.0214,"devices":[],"gestures":[],"hands":[{"armBasis":[[0.856495,-0.416014,-0.305532],[0.480818,0.858317,0.179182],[0.187701,-0.300373,0.935171]],"armWidth":56.4821,"confidence":0.564059,"direction":[0.120843,0.555919,-0.822406],"elbow":[36.4971,178.633,275.953],"grabStrength":0,"id":422,"palmNormal":[-0.470806,-0.697272,-0.540512],"palmPosition":[-10.3491,277.518,11.9016],"palmVelocity":[-52.1692,231.022,-114.611],"palmWidth":80.6546,"pinchStrength":0.745133,"r":[[0.693251,-0.705853,-0.145516],[0.715193,0.648883,0.25971],[-0.0888941,-0.284117,0.95466]],"s":0.889828,"sphereCenter":[-22.1177,256.207,-25.0054],"sphereRadius":42.9258,"stabilizedPalmPosition":[-10.1767,276.866,12.2313],"t":[6.53193,130.252,-80.054],"timeVisible":7.39577,"type":"right","wrist":[-8.42552,250.521,52.1377]}],"id":1425971,"interactionBox":{"center":[0,200,0],"size":[235.247,235.247,147.751]},"pointables":[{"bases":[[[0.796345,0.550048,0.251558],[-0.539937,0.459052,0.705506],[0.272584,-0.697652,0.662555]],[[0.6501,0.759842,0.00312625],[-0.606596,0.5165,0.604375],[0.457615,-0.3948,0.796694]],[[0.6501,0.759842,0.00312625],[-0.739905,0.632095,0.23021],[0.172947,-0.151973,0.973136]],[[0.6501,0.759842,0.00312625],[-0.722929,0.619775,-0.305372],[-0.233972,0.196262,0.952228]]],"btipPosition":[-56.0046,271.585,-30.4743],"carpPosition":[-35.3831,253.595,53.9424],"dipPosition":[-60.8584,275.657,-10.7201],"direction":[-0.172947,0.151973,-0.973136],"extended":false,"handId":422,"id":4220,"length":46.1965,"mcpPosition":[-35.3831,253.595,53.9424],"pipPosition":[-55.6314,271.064,18.6907],"stabilizedTipPosition":[-56.9537,271.552,-25.4622],"timeVisible":7.39577,"tipPosition":[-57.068,273.651,-25.8293],"tipVelocity":[-32.0093,206.553,-102.885],"tool":false,"touchDistance":-0.681062,"touchZone":"touching","type":0,"width":17.9498},{"bases":[[[0.881805,-0.352747,-0.313033],[0.461502,0.782123,0.418688],[0.0971395,-0.513667,0.852473]],[[0.887099,-0.411352,-0.209392],[0.459538,0.829688,0.316927],[0.0433612,-0.377369,0.925047]],[[0.887099,-0.411352,-0.209392],[0.43962,0.891214,0.111673],[0.140676,-0.191118,0.971434]],[[0.887099,-0.411352,-0.209392],[0.410312,0.910547,-0.0504713],[0.211422,-0.0411428,0.976528]]],"btipPosition":[-34.0309,320.304,-72.1811],"carpPosition":[-19.8289,267.718,54.2415],"dipPosition":[-30.8289,319.681,-57.3917],"direction":[-0.140676,0.191118,-0.971434],"extended":true,"handId":422,"id":4221,"length":52.1277,"mcpPosition":[-26.1636,301.216,-1.35082],"pipPosition":[-27.8149,315.587,-36.5788],"stabilizedTipPosition":[-33.1476,319.118,-68.2496],"timeVisible":7.39577,"tipPosition":[-33.8155,317.937,-68.7378],"tipVelocity":[-28.7419,240.157,-132.591],"tool":false,"touchDistance":-0.809535,"touchZone":"touching","type":1,"width":17.1457},{"bases":[[[0.79514,-0.547032,-0.261742],[0.605958,0.69976,0.378353],[-0.0238146,-0.459448,0.887885]],[[0.794334,-0.557959,-0.24024],[0.32498,0.724419,-0.607952],[0.513247,0.404843,0.756756]],[[0.794334,-0.557959,-0.24024],[-0.466523,-0.306993,-0.829525],[0.389089,0.770997,-0.504156]],[[0.794334,-0.557959,-0.24024],[-0.606604,-0.749774,-0.264331],[-0.0326396,0.355698,-0.934031]]],"btipPosition":[-39.3819,251.115,-7.92763],"carpPosition":[-9.66219,265.358,51.0482],"dipPosition":[-39.9256,257.04,-23.4862],"direction":[-0.389089,-0.770997,0.504156],"extended":false,"handId":422,"id":4222,"length":59.3953,"mcpPosition":[-8.18942,293.771,-3.86143],"pipPosition":[-30.1181,276.474,-36.1941],"stabilizedTipPosition":[-39.4537,252.288,-11.4384],"timeVisible":7.39577,"tipPosition":[-39.4208,253.314,-13.1509],"tipVelocity":[-51.8276,205.096,-61.1042],"tool":false,"touchDistance":0.333333,"touchZone":"none","type":2,"width":16.8393},{"bases":[[[0.735012,-0.659865,-0.156001],[0.660151,0.643886,0.386797],[-0.154787,-0.387284,0.908874]],[[0.732135,-0.666665,-0.139772],[0.409429,0.594695,-0.691886],[0.544377,0.449327,0.708349]],[[0.732135,-0.666665,-0.139772],[-0.48911,-0.371712,-0.789051],[0.474078,0.646056,-0.598216]],[[0.732135,-0.666665,-0.139772],[-0.680136,-0.704235,-0.203636],[0.0373251,0.244153,-0.969018]]],"btipPosition":[-25.7696,244.123,0.0873313],"carpPosition":[-0.544975,260.322,47.8682],"dipPosition":[-25.1515,248.167,-15.9613],"direction":[-0.474078,-0.646056,0.598216],"extended":false,"handId":422,"id":4223,"length":57.1101,"mcpPosition":[8.04952,281.826,-2.59686],"pipPosition":[-13.5103,264.031,-30.6507],"stabilizedTipPosition":[-25.5907,244.923,-3.55496],"timeVisible":7.39577,"tipPosition":[-25.4832,245.607,-5.50363],"tipVelocity":[-55.2526,216.569,-63.4891],"tool":false,"touchDistance":0.333333,"touchZone":"none","type":3,"width":16.0237},{"bases":[[[0.592909,-0.797511,-0.111512],[0.75015,0.496652,0.436591],[-0.292804,-0.34251,0.892722]],[[0.585713,-0.8055,-0.0900591],[0.549987,0.476598,-0.685834],[0.595361,0.352171,0.722164]],[[0.585713,-0.8055,-0.0900591],[-0.519004,-0.287385,-0.805012],[0.622555,0.518247,-0.586383]],[[0.585713,-0.8055,-0.0900591],[-0.797727,-0.553237,-0.239917],[0.143429,0.212365,-0.966607]]],"btipPosition":[-11.3044,244.12,0.538667],"carpPosition":[5.29091,249.783,44.1232],"dipPosition":[-9.11297,247.365,-14.23],"direction":[-0.622555,-0.518247,0.586383],"extended":false,"handId":422,"id":4224,"length":44.7733,"mcpPosition":[20.3407,267.388,-1.76159],"pipPosition":[1.68036,256.35,-24.3962],"stabilizedTipPosition":[-10.7647,244.746,-2.81558],"timeVisible":7.39577,"tipPosition":[-10.5045,245.244,-4.58749],"tipVelocity":[-58.1729,215.611,-62.0369],"tool":false,"touchDistance":0.333333,"touchZone":"none","type":4,"width":14.2335}],"r":[[0.693251,-0.705853,-0.145516],[0.715193,0.648883,0.25971],[-0.0888941,-0.284117,0.95466]],"s":0.889828,"t":[6.53193,130.252,-80.054],"timestamp":88946197542},false],[4,{"currentFrameRate":44.2437,"devices":[],"gestures":[],"hands":[{"armBasis":[[0.850052,-0.422912,-0.313937],[0.492427,0.84963,0.188796],[0.186887,-0.315078,0.930483]],"armWidth":56.4821,"confidence":0.528406,"direction":[0.126564,0.544139,-0.829394],"elbow":[33.2224,186.638,271.86],"grabStrength":0,"id":422,"palmNormal":[-0.479504,-0.698381,-0.531357],"palmPosition":[-13.1509,288.559,8.59719],"palmVelocity":[-49.5797,198.713,-65.4338],"palmWidth":80.6546,"pinchStrength":0.753634,"r":[[0.692917,-0.707944,-0.136679],[0.714958,0.650111,0.257276],[-0.0932806,-0.275991,0.956623]],"s":0.898813,"sphereCenter":[-26.3872,268.48,-27.3967],"sphereRadius":42.3814,"stabilizedPalmPosition":[-13.1492,288.553,8.59921],"t":[4.63874,137.939,-82.7825],"timeVisible":7.45273,"type":"right","wrist":[-11.5054,262.046,49.1661]}],"id":1425972,"interactionBox":{"center":[0,200,0],"size":[235.247,235.247,147.751]},"pointables":[{"bases":[[[0.803006,0.543736,0.243994],[-0.533807,0.474155,0.700162],[0.265012,-0.69248,0.670999]],[[0.660187,0.751082,-0.00530886],[-0.595279,0.527523,0.606104],[0.458034,-0.396981,0.795368]],[[0.660187,0.751082,-0.00530886],[-0.733268,0.646027,0.212054],[0.1627,-0.136102,0.977244]],[[0.660187,0.751082,-0.00530886],[-0.702445,0.614903,-0.358421],[-0.265939,0.240354,0.933545]]],"btipPosition":[-58.0903,282.152,-33.1398],"carpPosition":[-38.4232,265.459,50.9548],"dipPosition":[-63.6073,287.138,-13.7732],"direction":[-0.1627,0.136102,-0.977244],"extended":false,"handId":422,"id":4220,"length":46.1965,"mcpPosition":[-38.4232,265.459,50.9548],"pipPosition":[-58.69,283.025,15.7618],"stabilizedTipPosition":[-59.3571,283.288,-28.6826],"timeVisible":7.45273,"tipPosition":[-59.5437,284.364,-28.7349],"tipVelocity":[-38.3401,191.478,-55.5101],"tool":false,"touchDistance":-0.682609,"touchZone":"touching","type":0,"width":17.9498},{"bases":[[[0.877287,-0.366986,-0.309335],[0.471079,0.781806,0.408489],[0.0919304,-0.504084,0.858748]],[[0.882054,-0.42176,-0.21],[0.469394,0.825087,0.314485],[0.0406311,-0.375966,0.925742]],[[0.882054,-0.42176,-0.21],[0.451745,0.883669,0.122701],[0.13382,-0.203096,0.969971]],[[0.882054,-0.42176,-0.21],[0.425503,0.904482,-0.0293234],[0.202309,-0.0634908,0.977262]]],"btipPosition":[-36.1771,331.904,-75.7738],"carpPosition":[-22.7037,279.401,51.0642],"dipPosition":[-33.1131,330.943,-60.9733],"direction":[-0.13382,0.203096,-0.969971],"extended":true,"handId":422,"id":4221,"length":52.1277,"mcpPosition":[-28.6987,312.274,-4.93727],"pipPosition":[-30.246,326.591,-40.1917],"stabilizedTipPosition":[-35.469,331.665,-72.3637],"timeVisible":7.45273,"tipPosition":[-35.9738,329.512,-72.3712],"tipVelocity":[-36.9911,207.247,-72.15],"tool":false,"touchDistance":-0.810767,"touchZone":"touching","type":1,"width":17.1457},{"bases":[[[0.788394,-0.559581,-0.255546],[0.614517,0.697251,0.369066],[-0.0283429,-0.448007,0.893581]],[[0.787488,-0.570161,-0.23405],[0.325615,0.7073,-0.627456],[0.523295,0.417904,0.742643]],[[0.787488,-0.570161,-0.23405],[-0.476535,-0.322431,-0.817895],[0.390866,0.755616,-0.525612]],[[0.787488,-0.570161,-0.23405],[-0.615331,-0.748929,-0.245913],[-0.035077,0.337672,-0.94061]]],"btipPosition":[-42.4417,262.061,-10.1824],"carpPosition":[-12.5686,276.881,47.8922],"dipPosition":[-43.026,267.686,-25.8506],"direction":[-0.390866,-0.755616,0.525612],"extended":false,"handId":422,"id":4222,"length":59.3953,"mcpPosition":[-10.8157,304.587,-7.36962],"pipPosition":[-33.1737,286.732,-39.0993],"stabilizedTipPosition":[-42.5761,263.355,-13.7861],"timeVisible":7.45273,"tipPosition":[-42.5083,264.123,-15.4181],"tipVelocity":[-53.6131,192.814,-42.7917],"tool":false,"touchDistance":0.333333,"touchZone":"none","type":2,"width":16.8393},{"bases":[[[0.727047,-0.670369,-0.148352],[0.668057,0.640853,0.378163],[-0.158436,-0.37405,0.913775]],[[0.724028,-0.677096,-0.13162],[0.400398,0.567939,-0.719115],[0.561662,0.46796,0.682312]],[[0.724028,-0.677096,-0.13162],[-0.508675,-0.395252,-0.764869],[0.465867,0.620739,-0.630596]],[[0.724028,-0.677096,-0.13162],[-0.689329,-0.703446,-0.173174],[0.0246684,0.216112,-0.976057]]],"btipPosition":[-28.8096,255.114,-1.3423],"carpPosition":[-3.51431,271.7,44.7678],"dipPosition":[-28.4011,258.693,-17.5075],"direction":[-0.465867,-0.620739,0.630596],"extended":false,"handId":422,"id":4223,"length":57.1101,"mcpPosition":[5.28284,292.469,-5.96936],"pipPosition":[-16.9615,273.936,-32.992],"stabilizedTipPosition":[-28.7156,255.937,-5.06029],"timeVisible":7.45273,"tipPosition":[-28.6177,256.425,-7.05312],"tipVelocity":[-54.3527,194.422,-30.5417],"tool":false,"touchDistance":0.333333,"touchZone":"none","type":3,"width":16.0237},{"bases":[[[0.58338,-0.805766,-0.102026],[0.756367,0.493204,0.429719],[-0.295933,-0.327859,0.89718]],[[0.576221,-0.813291,-0.0807901],[0.544418,0.455681,-0.704247],[0.609572,0.361819,0.705343]],[[0.576221,-0.813291,-0.0807901],[-0.534071,-0.299869,-0.790473],[0.618658,0.498635,-0.607145]],[[0.576221,-0.813291,-0.0807901],[-0.805947,-0.549024,-0.221407],[0.135712,0.192692,-0.971829]]],"btipPosition":[-14.5009,254.969,-1.69668],"carpPosition":[2.19354,261.047,41.15],"dipPosition":[-12.4273,257.913,-16.5452],"direction":[-0.618658,-0.498635,0.607145],"extended":false,"handId":422,"id":4224,"length":44.7733,"mcpPosition":[17.4041,277.898,-4.96389],"pipPosition":[-1.70156,266.558,-27.0713],"stabilizedTipPosition":[-14.0239,255.646,-5.11182],"timeVisible":7.45273,"tipPosition":[-13.7523,255.983,-6.81583],"tipVelocity":[-56.8005,192.705,-42.5127],"tool":false,"touchDistance":0.333333,"touchZone":"none","type":4,"width":14.2335}],"r":[[0.692917,-0.707944,-0.136679],[0.714958,0.650111,0.257276],[-0.0932806,-0.275991,0.956623]],"s":0.898813,"t":[4.63874,137.939,-82.7825],"timestamp":88946254502},false],[5,{"currentFrameRate":45.0296,"devices":[],"gestures":[],"hands":[{"armBasis":[[0.847846,-0.423569,-0.318976],[0.493895,0.849741,0.18441],[0.192936,-0.313892,0.929649]],"armWidth":56.4821,"confidence":0.538322,"direction":[0.127238,0.545283,-0.828539],"elbow":[34.3783,187.801,271.489],"grabStrength":0,"id":422,"palmNormal":[-0.481189,-0.696511,-0.532287],"palmPosition":[-13.4101,289.51,8.47218],"palmVelocity":[-32.0119,126.014,-36.6141],"palmWidth":80.6546,"pinchStrength":0.754733,"r":[[0.692323,-0.709797,-0.129909],[0.715065,0.650706,0.255468],[-0.0967981,-0.269759,0.95805]],"s":0.905798,"sphereCenter":[-27.0171,269.936,-27.3909],"sphereRadius":42.2617,"stabilizedPalmPosition":[-13.392,289.444,8.48098],"t":[3.56255,142.258,-84.2093],"timeVisible":7.47161,"type":"right","wrist":[-11.7974,262.925,48.9954]}],"id":1425973,"interactionBox":{"center":[0,200,0],"size":[235.247,235.247,147.751]},"pointables":[{"bases":[[[0.804229,0.541698,0.244496],[-0.532487,0.474049,0.701238],[0.263956,-0.694147,0.669692]],[[0.662094,0.749411,-0.00385201],[-0.592402,0.526513,0.60979],[0.459011,-0.401456,0.792554]],[[0.662094,0.749411,-0.00385201],[-0.732015,0.647809,0.210943],[0.160578,-0.136844,0.977491]],[[0.662094,0.749411,-0.00385201],[-0.698276,0.615035,-0.366255],[-0.272107,0.245185,0.930506]]],"btipPosition":[-58.2256,283.202,-33.1107],"carpPosition":[-38.7073,266.389,50.8038],"dipPosition":[-63.8705,288.289,-13.8072],"direction":[-0.160578,0.136844,-0.977491],"extended":false,"handId":422,"id":4220,"length":46.1965,"mcpPosition":[-38.7073,266.389,50.8038],"pipPosition":[-59.0174,284.153,15.7353],"stabilizedTipPosition":[-59.5119,284.294,-28.6718],"timeVisible":7.47161,"tipPosition":[-59.7446,285.4,-28.7569],"tipVelocity":[-23.8277,125.512,-27.9304],"tool":false,"touchDistance":-0.642463,"touchZone":"touching","type":0,"width":17.9498},{"bases":[[[0.876384,-0.368235,-0.310408],[0.472869,0.780161,0.409565],[0.0913517,-0.505719,0.857848]],[[0.881104,-0.422416,-0.21265],[0.471197,0.822512,0.318507],[0.0403645,-0.380838,0.92376]],[[0.881104,-0.422416,-0.21265],[0.454075,0.881318,0.130749],[0.132182,-0.211763,0.968341]],[[0.881104,-0.422416,-0.21265],[0.428619,0.903298,-0.0183887],[0.199854,-0.0749434,0.976955]]],"btipPosition":[-36.3128,333.454,-75.7356],"carpPosition":[-22.9596,280.299,50.9286],"dipPosition":[-33.286,332.319,-60.9398],"direction":[-0.132182,0.211763,-0.968341],"extended":true,"handId":422,"id":4221,"length":52.1277,"mcpPosition":[-28.9169,313.279,-5.01418],"pipPosition":[-30.454,327.782,-40.1932],"stabilizedTipPosition":[-35.6038,333.06,-72.3353],"timeVisible":7.47161,"tipPosition":[-36.1125,331.037,-72.3601],"tipVelocity":[-22.6092,144.875,-35.8324],"tool":false,"touchDistance":-0.757468,"touchZone":"touching","type":1,"width":17.1457},{"bases":[[[0.78713,-0.560741,-0.256898],[0.616115,0.695383,0.369925],[-0.02879,-0.449458,0.892838]],[[0.786215,-0.57134,-0.235451],[0.325106,0.706453,-0.628673],[0.525521,0.417725,0.74117]],[[0.786215,-0.57134,-0.235451],[-0.478839,-0.322421,-0.816553],[0.390615,0.754729,-0.527071]],[[0.786215,-0.57134,-0.235451],[-0.616896,-0.747948,-0.244977],[-0.03614,0.337853,-0.940505]]],"btipPosition":[-42.7478,263.061,-10.1836],"carpPosition":[-12.8312,277.765,47.7471],"dipPosition":[-43.3498,268.689,-25.85],"direction":[-0.390615,-0.754729,0.527071],"extended":false,"handId":422,"id":4222,"length":59.3953,"mcpPosition":[-11.0507,305.56,-7.46876],"pipPosition":[-33.5038,287.713,-39.1355],"stabilizedTipPosition":[-42.8809,264.338,-13.7868],"timeVisible":7.47161,"tipPosition":[-42.8241,265.111,-15.4011],"tipVelocity":[-35.3909,124.3,-21.8422],"tool":false,"touchDistance":0.333333,"touchZone":"none","type":2,"width":16.8393},{"bases":[[[0.725613,-0.671586,-0.14986],[0.669546,0.638861,0.378899],[-0.158723,-0.375272,0.913224]],[[0.722567,-0.678384,-0.133012],[0.398889,0.566286,-0.721254],[0.56461,0.468097,0.67978]],[[0.722567,-0.678384,-0.133012],[-0.511912,-0.395758,-0.762444],[0.464589,0.619007,-0.633235]],[[0.722567,-0.678384,-0.133012],[-0.690932,-0.702396,-0.171037],[0.0226012,0.215488,-0.976245]]],"btipPosition":[-29.1196,256.099,-1.30202],"carpPosition":[-3.78906,272.57,44.6093],"dipPosition":[-28.7453,259.668,-17.4703],"direction":[-0.464589,-0.619007,0.633235],"extended":false,"handId":422,"id":4223,"length":57.1101,"mcpPosition":[5.02401,293.407,-6.09728],"pipPosition":[-17.3371,274.868,-33.0196],"stabilizedTipPosition":[-29.031,256.912,-5.02104],"timeVisible":7.47161,"tipPosition":[-28.945,257.393,-6.97685],"tipVelocity":[-35.9682,124.666,-14.5485],"tool":false,"touchDistance":0.333333,"touchZone":"none","type":3,"width":16.0237},{"bases":[[[0.581696,-0.80677,-0.103688],[0.757584,0.490947,0.43016],[-0.296135,-0.328775,0.896778]],[[0.574479,-0.814371,-0.0823015],[0.541083,0.453281,-0.708354],[0.614169,0.362402,0.701043]],[[0.574479,-0.814371,-0.0823015],[-0.539282,-0.300937,-0.786519],[0.615751,0.496222,-0.612058]],[[0.574479,-0.814371,-0.0823015],[-0.807809,-0.547875,-0.217435],[0.131982,0.191396,-0.972599]]],"btipPosition":[-14.8253,255.924,-1.62376],"carpPosition":[1.89538,261.912,40.9706],"dipPosition":[-12.8088,258.848,-16.484],"direction":[-0.615751,-0.496222,0.612058],"extended":false,"handId":422,"id":4224,"length":44.7733,"mcpPosition":[17.1163,278.81,-5.12269],"pipPosition":[-2.13343,267.452,-27.0953],"stabilizedTipPosition":[-14.3573,256.585,-5.04249],"timeVisible":7.47161,"tipPosition":[-14.099,256.93,-6.74669],"tipVelocity":[-37.7285,122.949,-19.8579],"tool":false,"touchDistance":0.333333,"touchZone":"none","type":4,"width":14.2335}],"r":[[0.692323,-0.709797,-0.129909],[0.715065,0.650706,0.255468],[-0.0967981,-0.269759,0.95805]],"s":0.905798,"t":[3.56255,142.258,-84.2093],"timestamp":88946273382},false],[6,{"currentFrameRate":45.7284,"devices":[],"gestures":[],"hands":[{"armBasis":[[0.851067,-0.424321,-0.309251],[0.491835,0.850447,0.186652],[0.183801,-0.310954,0.932483]],"armWidth":56.4821,"confidence":0.541673,"direction":[0.128254,0.545978,-0.827924],"elbow":[31.9651,189.981,271.257],"grabStrength":0,"id":422,"palmNormal":[-0.478522,-0.697143,-0.533862],"palmPosition":[-13.5871,291.006,7.57202],"palmVelocity":[-20.8717,102.877,-41.9579],"palmWidth":80.6546,"pinchStrength":0.74291,"r":[[0.692167,-0.710967,-0.124216],[0.714778,0.651422,0.254446],[-0.0999856,-0.264906,0.959076]],"s":0.912601,"sphereCenter":[-27.6335,272.228,-28.0174],"sphereRadius":42.0571,"stabilizedPalmPosition":[-13.5726,290.89,7.63955],"t":[2.93592,145.165,-85.3727],"timeVisible":7.49057,"type":"right","wrist":[-12.0244,264.402,48.0848]}],"id":1425974,"interactionBox":{"center":[0,200,0],"size":[235.247,235.247,147.751]},"pointables":[{"bases":[[[0.802576,0.543107,0.246793],[-0.535142,0.472644,0.700165],[0.263619,-0.694004,0.669972]],[[0.661282,0.750137,-0.000953415],[-0.592359,0.522972,0.612872],[0.460236,-0.404716,0.790182]],[[0.661282,0.750137,-0.000953415],[-0.733814,0.647155,0.206656],[0.155637,-0.135958,0.978413]],[[0.661282,0.750137,-0.000953415],[-0.694299,0.611576,-0.379372],[-0.283998,0.251534,0.925244]]],"btipPosition":[-58.1218,284.613,-33.9003],"carpPosition":[-38.9453,267.814,49.8279],"dipPosition":[-64.0134,289.831,-14.706],"direction":[-0.155637,0.135958,-0.978413],"extended":false,"handId":422,"id":4220,"length":46.1965,"mcpPosition":[-38.9453,267.814,49.8279],"pipPosition":[-59.3096,285.722,14.8644],"stabilizedTipPosition":[-59.4793,285.709,-29.4298],"timeVisible":7.49057,"tipPosition":[-59.7268,286.763,-29.6334],"tipVelocity":[-10.8986,101.182,-35.3266],"tool":false,"touchDistance":-0.61877,"touchZone":"touching","type":0,"width":17.9498},{"bases":[[[0.877861,-0.366383,-0.308421],[0.470348,0.780844,0.411164],[0.0901851,-0.50601,0.8578]],[[0.882465,-0.418994,-0.213774],[0.468773,0.820898,0.326156],[0.0388291,-0.388033,0.920827]],[[0.882465,-0.418994,-0.213774],[0.453001,0.879413,0.146363],[0.12667,-0.226001,0.965856]],[[0.882465,-0.418994,-0.213774],[0.429499,0.903062,0.0029946],[0.191797,-0.0944585,0.976879]]],"btipPosition":[-36.2032,335.802,-76.4955],"carpPosition":[-23.2247,281.754,49.9995],"dipPosition":[-33.2985,334.371,-61.7008],"direction":[-0.12667,0.226001,-0.965856],"extended":true,"handId":422,"id":4221,"length":52.1277,"mcpPosition":[-29.1059,314.752,-5.94009],"pipPosition":[-30.5846,329.529,-41.0074],"stabilizedTipPosition":[-35.5401,335.3,-73.0384],"timeVisible":7.49057,"tipPosition":[-36.014,333.317,-73.1658],"tipVelocity":[-9.38695,132.799,-37.9289],"tool":false,"touchDistance":-0.721455,"touchZone":"touching","type":1,"width":17.1457},{"bases":[[[0.788843,-0.559089,-0.255238],[0.613855,0.696362,0.371836],[-0.0301513,-0.449999,0.89252]],[[0.787881,-0.569827,-0.233541],[0.31724,0.700594,-0.639161],[0.527828,0.429494,0.732756]],[[0.787881,-0.569827,-0.233541],[-0.482395,-0.335334,-0.809226],[0.382804,0.750232,-0.539085]],[[0.787881,-0.569827,-0.233541],[-0.614471,-0.752584,-0.236735],[-0.0408608,0.330023,-0.943088]]],"btipPosition":[-42.7391,264.311,-10.3638],"carpPosition":[-13.0836,279.24,46.8419],"dipPosition":[-43.4197,269.809,-26.0732],"direction":[-0.382804,-0.750232,0.539085],"extended":false,"handId":422,"id":4222,"length":59.3953,"mcpPosition":[-11.2189,307.07,-8.3543],"pipPosition":[-33.7706,288.719,-39.6616],"stabilizedTipPosition":[-42.8954,265.56,-13.9745],"timeVisible":7.49057,"tipPosition":[-42.8524,266.331,-15.6655],"tipVelocity":[-18.2425,94.854,-16.0373],"tool":false,"touchDistance":0.333333,"touchZone":"none","type":2,"width":16.8393},{"bases":[[[0.727273,-0.67011,-0.148414],[0.667372,0.639938,0.380912],[-0.160277,-0.376074,0.912622]],[[0.72413,-0.677064,-0.131225],[0.396179,0.564126,-0.724434],[0.564516,0.472596,0.676739]],[[0.72413,-0.677064,-0.131225],[-0.511941,-0.40021,-0.760098],[0.462117,0.617589,-0.636421]],[[0.72413,-0.677064,-0.131225],[-0.689295,-0.704304,-0.169791],[0.0225372,0.213404,-0.976704]]],"btipPosition":[-29.2024,257.53,-1.94778],"carpPosition":[-4.02368,274.065,43.7238],"dipPosition":[-28.8291,261.064,-18.1237],"direction":[-0.462117,-0.617589,0.636421],"extended":false,"handId":422,"id":4223,"length":57.1101,"mcpPosition":[4.87568,294.946,-6.94933],"pipPosition":[-17.4817,276.229,-33.7512],"stabilizedTipPosition":[-29.1158,258.33,-5.66252],"timeVisible":7.49057,"tipPosition":[-29.0283,258.8,-7.57885],"tipVelocity":[-20.4466,100.287,-24.1857],"tool":false,"touchDistance":0.333333,"touchZone":"none","type":3,"width":16.0237},{"bases":[[[0.583501,-0.805596,-0.102674],[0.755565,0.492165,0.432313],[-0.297737,-0.329832,0.895859]],[[0.576108,-0.813359,-0.080915],[0.53578,0.450539,-0.714111],[0.617284,0.368052,0.69534]],[[0.576108,-0.813359,-0.080915],[-0.543466,-0.307226,-0.781189],[0.610528,0.494024,-0.619028]],[[0.576108,-0.813359,-0.080915],[-0.807257,-0.550656,-0.212399],[0.1282,0.187684,-0.973827]]],"btipPosition":[-14.8974,257.404,-2.13521],"carpPosition":[1.69027,263.419,40.0935],"dipPosition":[-12.9386,260.272,-17.0142],"direction":[-0.610528,-0.494024,0.619028],"extended":false,"handId":422,"id":4224,"length":44.7733,"mcpPosi