{"sensorType":"Leap","data":[[0,{"currentFrameRate":55.3049,"devices":[],"gestures":[],"hands":[{"armBasis":[[0.818817,-0.557113,-0.138434],[0.568459,0.820495,0.060361],[0.0799562,-0.128118,0.988531]],"armWidth":62.9686,"confidence":0.871229,"direction":[0.356137,0.46457,-0.810766],"elbow":[9.74881,153.38,346.574],"grabStrength":0,"id":409,"palmNormal":[-0.447354,-0.676995,-0.584424],"palmPosition":[-0.669822,213.765,36.8078],"palmVelocity":[-44.8693,325.71,-126.77],"palmWidth":89.917,"pinchStrength":1,"r":[[0.868174,-0.490919,-0.0726066],[0.493291,0.869673,0.0182232],[0.0541979,-0.0516371,0.997194]],"s":1.22742,"sphereCenter":[-22.8098,198.378,-3.62283],"sphereRadius":43.9241,"stabilizedPalmPosition":[-0.57099,213.052,37.1031],"t":[-10.4608,49.3474,-79.5749],"timeVisible":13.6482,"type":"right","wrist":[-11.5848,187.564,82.8185]}],"id":1413615,"interactionBox":{"center":[0,200,0],"size":[235.247,235.247,147.751]},"pointables":[{"bases":[[[0.799742,0.466473,0.377908],[-0.59917,0.580861,0.550996],[0.0375125,-0.667086,0.744036]],[[0.71816,0.694138,0.0491884],[-0.681341,0.687025,0.252531],[0.141498,-0.214872,0.966338]],[[0.71816,0.694138,0.0491884],[-0.694423,0.719434,-0.0138209],[-0.0449814,-0.024232,0.998694]],[[0.71816,0.694138,0.0491884],[-0.510482,0.573548,-0.640664],[-0.472921,0.434989,0.766244]]],"btipPosition":[-35.2023,196.204,-20.6539],"carpPosition":[-40.6755,194.849,78.3854],"dipPosition":[-46.1398,206.265,-2.93255],"direction":[0.0449814,0.024232,-0.998694],"extended":false,"handId":409,"id":4090,"length":51.5018,"mcpPosition":[-40.6755,194.849,78.3854],"pipPosition":[-47.6554,205.448,30.717],"stabilizedTipPosition":[-37.6726,198.043,-16.3947],"timeVisible":13.6482,"tipPosition":[-38.0336,197.612,-16.2416],"tipVelocity":[-22.8687,350.366,-127.183],"tool":false,"touchDistance":0.20552,"touchZone":"hovering","type":0,"width":20.0112},{"bases":[[[0.86854,-0.484729,-0.103326],[0.474051,0.751659,0.458568],[-0.144615,-0.447266,0.882632]],[[0.878368,-0.439906,-0.186957],[0.467722,0.871651,0.146492],[0.0985184,-0.216117,0.971384]],[[0.878368,-0.439906,-0.186957],[0.450544,0.892602,0.0164916],[0.159623,-0.0987179,0.98223]],[[0.878368,-0.439906,-0.186957],[0.43342,0.897938,-0.0765178],[0.201536,-0.0138199,0.979384]]],"btipPosition":[-22.611,252.577,-64.0369],"carpPosition":[-21.7268,208.293,81.37],"dipPosition":[-19.2083,252.344,-47.5009],"direction":[-0.159623,0.0987179,-0.98223],"extended":true,"handId":409,"id":4091,"length":58.114,"mcpPosition":[-11.213,240.81,17.2009],"pipPosition":[-15.3956,249.986,-24.04],"stabilizedTipPosition":[-21.8098,252.293,-60.1472],"timeVisible":13.6482,"tipPosition":[-22.4007,251.388,-60.148],"tipVelocity":[-34.8517,368.566,-122.983],"tool":false,"touchDistance":0.23944,"touchZone":"hovering","type":1,"width":19.1147},{"bases":[[[0.747391,-0.661689,-0.0597794],[0.610773,0.648886,0.453764],[-0.261461,-0.375651,0.889114]],[[0.736484,-0.676006,-0.0246247],[0.571188,0.640966,-0.512744],[0.362402,0.363563,0.858188]],[[0.736484,-0.676006,-0.0246247],[-0.276108,-0.267179,-0.923244],[0.617539,0.686754,-0.383424]],[[0.736484,-0.676006,-0.0246247],[-0.627205,-0.668776,-0.399189],[0.253386,0.309441,-0.916538]]],"btipPosition":[-31.6848,187.52,6.00155],"carpPosition":[-10.3904,203.983,80.3839],"dipPosition":[-26.9793,193.267,-11.0189],"direction":[-0.617539,-0.686754,0.383424],"extended":false,"handId":409,"id":4092,"length":66.2163,"mcpPosition":[7.63613,229.883,19.0837],"pipPosition":[-9.62578,212.565,-21.7935],"stabilizedTipPosition":[-30.4922,187.928,2.48548],"timeVisible":13.6482,"tipPosition":[-30.9286,188.434,2.98474],"tipVelocity":[-32.3523,318.625,-136.936],"tool":false,"touchDistance":0.333333,"touchZone":"none","type":2,"width":18.7732},{"bases":[[[0.652586,-0.756778,0.0376772],[0.653964,0.587648,0.476446],[-0.382704,-0.286282,0.878396]],[[0.660286,-0.750756,0.0196809],[0.638416,0.547296,-0.541194],[0.395534,0.369908,0.840667]],[[0.660286,-0.750756,0.0196809],[-0.293907,-0.282428,-0.913156],[0.691116,0.59716,-0.407136]],[[0.660286,-0.750756,0.0196809],[-0.683218,-0.611355,-0.399321],[0.311825,0.25022,-0.9166]]],"btipPosition":[-19.0569,177.293,15.9223],"carpPosition":[-0.605999,196.871,79.3446],"dipPosition":[-13.2995,181.913,-1.00152],"direction":[-0.691116,-0.59716,0.407136],"extended":false,"handId":409,"id":4093,"length":63.6687,"mcpPosition":[23.0839,214.593,24.9707],"pipPosition":[5.62002,198.26,-12.147],"stabilizedTipPosition":[-17.6068,177.31,12.4617],"timeVisible":13.6482,"tipPosition":[-18.055,178.104,12.6447],"tipVelocity":[-30.4601,320.071,-130.345],"tool":false,"touchDistance":0.333333,"touchZone":"none","type":3,"width":17.8639},{"bases":[[[0.486821,-0.871449,0.0598448],[0.711107,0.435171,0.552226],[-0.507279,-0.226279,0.831544]],[[0.55297,-0.831248,-0.0570165],[0.727566,0.51508,-0.453146],[0.406044,0.209093,0.889611]],[[0.55297,-0.831248,-0.0570165],[-0.2693,-0.11355,-0.956339],[0.78848,0.544182,-0.286645]],[[0.55297,-0.831248,-0.0570165],[-0.726702,-0.447685,-0.52104],[0.407588,0.329554,-0.851626]]],"btipPosition":[-2.40211,173.622,18.6061],"carpPosition":[4.90068,184.093,77.2932],"dipPosition":[4.54054,179.235,4.09987],"direction":[-0.78848,-0.544182,0.286645],"extended":false,"handId":409,"id":4094,"length":49.9151,"mcpPosition":[33.9685,197.06,29.6446],"pipPosition":[19.7804,189.753,-1.44044],"stabilizedTipPosition":[-0.729768,174.236,15.5464],"timeVisible":13.6482,"tipPosition":[-1.3177,174.629,14.3748],"tipVelocity":[-26.6987,328.34,-127.353],"tool":false,"touchDistance":0.333333,"touchZone":"none","type":4,"width":15.8681}],"r":[[0.868174,-0.490919,-0.0726066],[0.493291,0.869673,0.0182232],[0.0541979,-0.0516371,0.997194]],"s":1.22742,"t":[-10.4608,49.3474,-79.5749],"timestamp":88718497074},false],[1,{"currentFrameRate":55.3662,"devices":[],"gestures":[],"hands":[{"armBasis":[[0.818473,-0.555114,-0.148159],[0.568909,0.819065,0.0739928],[0.0802774,-0.14485,0.986192]],"armWidth":62.9686,"confidence":0.876621,"direction":[0.351131,0.466015,-0.812119],"elbow":[9.60623,153.075,343.974],"grabStrength":0,"id":409,"palmNormal":[-0.452158,-0.675118,-0.582897],"palmPosition":[-1.18219,218.017,34.8186],"palmVelocity":[-37.2565,284.516,-119.553],"palmWidth":89.917,"pinchStrength":1,"r":[[0.870525,-0.486137,-0.0765334],[0.488884,0.872088,0.0213175],[0.0563807,-0.0559733,0.996839]],"s":1.23118,"sphereCenter":[-23.9278,203.182,-5.50099],"sphereRadius":44.0583,"stabilizedPalmPosition":[-1.12694,217.568,35.0251],"t":[-11.1255,54.4224,-81.7218],"timeVisible":13.666,"type":"right","wrist":[-11.8131,191.723,80.8427]}],"id":1413616,"interactionBox":{"center":[0,200,0],"size":[235.247,235.247,147.751]},"pointables":[{"bases":[[[0.802871,0.464655,0.373488],[-0.594685,0.580298,0.556421],[0.0418097,-0.668842,0.742228]],[[0.721927,0.690017,0.0519462],[-0.676253,0.68763,0.264287],[0.146642,-0.225924,0.963044]],[[0.721927,0.690017,0.0519462],[-0.690621,0.723171,-0.00813148],[-0.0431768,-0.0300048,0.998617]],[[0.721927,0.690017,0.0519462],[-0.514242,0.585222,-0.626954],[-0.463009,0.425902,0.777323]]],"btipPosition":[-35.9954,201.359,-22.5047],"carpPosition":[-40.9247,199.053,76.6258],"dipPosition":[-46.7037,211.209,-4.5271],"direction":[0.0431768,0.0300048,-0.998617],"extended":false,"handId":409,"id":4090,"length":51.5018,"mcpPosition":[-40.9247,199.053,76.6258],"pipPosition":[-48.1584,210.198,29.1198],"stabilizedTipPosition":[-38.4059,203.252,-18.2382],"timeVisible":13.666,"tipPosition":[-38.7795,202.592,-18.0586],"tipVelocity":[-31.6317,320.069,-114.562],"tool":false,"touchDistance":0.207275,"touchZone":"hovering","type":0,"width":20.0112},{"bases":[[[0.867231,-0.485516,-0.110388],[0.478082,0.750039,0.457032],[-0.139101,-0.449127,0.882573]],[[0.876602,-0.439947,-0.194975],[0.470594,0.868394,0.156311],[0.100547,-0.228777,0.968272]],[[0.876602,-0.439947,-0.194975],[0.453755,0.890605,0.0304823],[0.160235,-0.115192,0.980334]],[[0.876602,-0.439947,-0.194975],[0.437047,0.897433,-0.0600395],[0.201391,-0.0325827,0.978969]]],"btipPosition":[-23.3234,258.135,-65.7069],"carpPosition":[-21.9399,212.468,79.5113],"dipPosition":[-19.9231,257.585,-49.1779],"direction":[-0.160235,0.115192,-0.980334],"extended":true,"handId":409,"id":4091,"length":58.114,"mcpPosition":[-11.827,245.12,15.3465],"pipPosition":[-16.0958,254.833,-25.7623],"stabilizedTipPosition":[-22.5157,257.808,-61.8438],"timeVisible":13.666,"tipPosition":[-23.1695,256.706,-61.8449],"tipVelocity":[-37.2474,339.705,-109.168],"tool":false,"touchDistance":0.238832,"touchZone":"hovering","type":1,"width":19.1147},{"bases":[[[0.746171,-0.662433,-0.0664192],[0.614645,0.647117,0.451056],[-0.255813,-0.377389,0.890021]],[[0.735479,-0.676829,-0.0311964],[0.568502,0.641505,-0.51505],[0.368613,0.361073,0.856592]],[[0.735479,-0.676829,-0.0311964],[-0.282585,-0.264574,-0.922034],[0.615805,0.686953,-0.38585]],[[0.735479,-0.676829,-0.0311964],[-0.630669,-0.667038,-0.396633],[0.247644,0.31139,-0.917447]]],"btipPosition":[-32.44,191.881,4.15387],"carpPosition":[-10.6157,208.147,78.4376],"dipPosition":[-27.8411,197.663,-12.8835],"direction":[-0.615805,-0.686953,0.38585],"extended":false,"handId":409,"id":4092,"length":66.2163,"mcpPosition":[7.02144,234.166,17.0749],"pipPosition":[-10.5363,216.967,-23.7263],"stabilizedTipPosition":[-31.2698,192.543,0.519618],"timeVisible":13.666,"tipPosition":[-31.6971,192.807,1.12379],"tipVelocity":[-37.6878,283.83,-121.297],"tool":false,"touchDistance":0.333333,"touchZone":"none","type":2,"width":18.7732},{"bases":[[[0.651921,-0.757633,0.0314663],[0.657917,0.585775,0.4733],[-0.37702,-0.287852,0.880339]],[[0.659685,-0.751429,0.0129953],[0.635685,0.548682,-0.543003],[0.400898,0.366472,0.83963]],[[0.659685,-0.751429,0.0129953],[-0.299414,-0.27864,-0.91253],[0.689323,0.598092,-0.408803]],[[0.659685,-0.751429,0.0129953],[-0.686199,-0.609292,-0.397359],[0.306505,0.253214,-0.917571]]],"btipPosition":[-19.7395,181.615,13.8818],"carpPosition":[-0.847194,201.026,77.315],"dipPosition":[-14.0803,186.291,-3.05995],"direction":[-0.689323,-0.598092,0.408803],"extended":false,"handId":409,"id":4093,"length":63.6687,"mcpPosition":[22.4909,218.844,22.8209],"pipPosition":[4.79011,202.664,-14.2511],"stabilizedTipPosition":[-18.327,181.973,10.3156],"timeVisible":13.666,"tipPosition":[-18.7499,182.447,10.6112],"tipVelocity":[-34.7208,283.716,-122.904],"tool":false,"touchDistance":0.333333,"touchZone":"none","type":3,"width":17.8639},{"bases":[[[0.486175,-0.87216,0.0545062],[0.715394,0.433057,0.548337],[-0.501841,-0.227594,0.834479]],[[0.55154,-0.831792,-0.0626528],[0.725181,0.515253,-0.456757],[0.412209,0.206485,0.887383]],[[0.55154,-0.831792,-0.0626528],[-0.276906,-0.111723,-0.95438],[0.786846,0.543727,-0.291948]],[[0.55154,-0.831792,-0.0626528],[-0.731603,-0.44629,-0.515347],[0.4007,0.330071,-0.854689]]],"btipPosition":[-3.0509,177.941,16.5738],"carpPosition":[4.62999,188.246,75.1966],"dipPosition":[3.77444,183.563,2.0154],"direction":[-0.786846,-0.543727,0.291948],"extended":false,"handId":409,"id":4094,"length":49.9151,"mcpPosition":[33.3862,201.288,27.3797],"pipPosition":[18.9827,194.073,-3.62741],"stabilizedTipPosition":[-1.4051,178.729,13.46],"timeVisible":13.666,"tipPosition":[-1.99508,178.955,12.3489],"tipVelocity":[-31.9543,287.721,-121.313],"tool":false,"touchDistance":0.333333,"touchZone":"none","type":4,"width":15.8681}],"r":[[0.870525,-0.486137,-0.0765334],[0.488884,0.872088,0.0213175],[0.0563807,-0.0559733,0.996839]],"s":1.23118,"t":[-11.1255,54.4224,-81.7218],"timestamp":88718514924},false],[2,{"currentFrameRate":55.3809,"devices":[],"gestures":[],"hands":[{"armBasis":[[0.829276,-0.538479,-0.149472],[0.553895,0.827494,0.091948],[0.0741751,-0.159042,0.984481]],"armWidth":62.9686,"confidence":0.890773,"direction":[0.345739,0.475879,-0.808705],"elbow":[7.60667,153.325,342.062],"grabStrength":0,"id":409,"palmNormal":[-0.438852,-0.679779,-0.587631],"palmPosition":[-1.85578,222.456,33.5255],"palmVelocity":[-37.3288,266.504,-96.9291],"palmWidth":89.917,"pinchStrength":1,"r":[[0.874057,-0.479261,-0.0795756],[0.482383,0.875604,0.0249729],[0.0577082,-0.0602136,0.996516]],"s":1.23564,"sphereCenter":[-24.4414,207.724,-6.96636],"sphereRadius":44.2063,"stabilizedPalmPosition":[-1.79293,222.034,33.6548],"t":[-11.7947,59.1791,-83.4418],"timeVisible":13.684,"type":"right","wrist":[-12.1844,195.759,79.3865]}],"id":1413617,"interactionBox":{"center":[0,200,0],"size":[235.247,235.247,147.751]},"pointables":[{"bases":[[[0.793727,0.476306,0.378326],[-0.60615,0.567418,0.557332],[0.0507919,-0.671691,0.739088]],[[0.71337,0.697719,0.0655109],[-0.68525,0.674923,0.273701],[0.146752,-0.240141,0.959581]],[[0.71337,0.697719,0.0655109],[-0.698857,0.715224,-0.00734963],[-0.0519829,-0.0405397,0.997825]],[[0.71337,0.697719,0.0655109],[-0.524375,0.593469,-0.610595],[-0.464902,0.401227,0.789229]]],"btipPosition":[-36.1381,206.549,-24.0964],"carpPosition":[-41.4025,202.617,75.1119],"dipPosition":[-46.8901,215.829,-5.84342],"direction":[0.0519829,0.0405397,-0.997825],"extended":false,"handId":409,"id":4090,"length":51.5018,"mcpPosition":[-41.4025,202.617,75.1119],"pipPosition":[-48.6416,214.463,27.7768],"stabilizedTipPosition":[-38.5979,208.337,-19.7922],"timeVisible":13.684,"tipPosition":[-38.892,207.466,-19.6054],"tipVelocity":[-20.6622,301.555,-100.496],"tool":false,"touchDistance":0.209846,"touchZone":"hovering","type":0,"width":20.0112},{"bases":[[[0.875658,-0.470245,-0.109969],[0.463898,0.755747,0.462217],[-0.134246,-0.455758,0.879922]],[[0.884578,-0.423535,-0.195294],[0.456203,0.872794,0.173521],[0.0969594,-0.242587,0.965272]],[[0.884578,-0.423535,-0.195294],[0.440394,0.896367,0.050795],[0.153542,-0.130939,0.979428]],[[0.884578,-0.423535,-0.195294],[0.42469,0.904539,-0.0380601],[0.192771,-0.0492724,0.980006]]],"btipPosition":[-23.9351,263.73,-66.7702],"carpPosition":[-22.6564,216.336,78.1238],"dipPosition":[-20.6803,262.898,-50.2236],"direction":[-0.153542,0.130939,-0.979428],"extended":true,"handId":409,"id":4091,"length":58.114,"mcpPosition":[-12.8964,249.471,14.1517],"pipPosition":[-17.0129,259.77,-26.8296],"stabilizedTipPosition":[-23.1651,263.355,-62.9287],"timeVisible":13.684,"tipPosition":[-23.8347,262.09,-62.943],"tipVelocity":[-36.5762,324.263,-85.3115],"tool":false,"touchDistance":0.245289,"touchZone":"hovering","type":1,"width":19.1147},{"bases":[[[0.75747,-0.649397,-0.0672522],[0.6022,0.655177,0.456177],[-0.252178,-0.38604,0.887344]],[[0.746911,-0.664147,-0.0321279],[0.559176,0.653535,-0.510111],[0.359786,0.363043,0.859508]],[[0.746911,-0.664147,-0.0321279],[-0.274952,-0.264501,-0.92436],[0.605413,0.699248,-0.380167]],[[0.746911,-0.664147,-0.0321279],[-0.617907,-0.67544,-0.402458],[0.245591,0.320453,-0.914874]]],"btipPosition":[-32.5817,195.935,2.61987],"carpPosition":[-11.2574,212.213,77.0654],"dipPosition":[-28.021,201.886,-14.3697],"direction":[-0.605413,-0.699248,0.380167],"extended":false,"handId":409,"id":4092,"length":66.2163,"mcpPosition":[6.12906,238.828,15.8873],"pipPosition":[-11.0082,221.536,-25.0528],"stabilizedTipPosition":[-31.5008,196.725,-1.06807],"timeVisible":13.684,"tipPosition":[-31.834,196.903,-0.414298],"tipVelocity":[-23.7897,257.054,-103.899],"tool":false,"touchDistance":0.333333,"touchZone":"none","type":2,"width":18.7732},{"bases":[[[0.664538,-0.746657,0.0298648],[0.646433,0.594466,0.478261],[-0.374851,-0.298517,0.87771]],[[0.672306,-0.740187,0.0113225],[0.627925,0.562105,-0.538283],[0.392065,0.369001,0.842688]],[[0.672306,-0.740187,0.0113225],[-0.291779,-0.279016,-0.914885],[0.680345,0.611779,-0.403555]],[[0.672306,-0.740187,0.0113225],[-0.674485,-0.61879,-0.402702],[0.305081,0.263102,-0.915261]]],"btipPosition":[-19.731,185.844,12.3476],"carpPosition":[-1.36644,205.263,75.9395],"dipPosition":[-14.0981,190.702,-4.55143],"direction":[-0.680345,-0.611779,0.403555],"extended":false,"handId":409,"id":4093,"length":63.6687,"mcpPosition":[21.8373,223.742,21.6081],"pipPosition":[4.52656,207.45,-15.5989],"stabilizedTipPosition":[-18.4217,186.33,8.6955],"timeVisible":13.684,"tipPosition":[-18.7409,186.714,9.07874],"tipVelocity":[-18.2022,261.663,-104.779],"tool":false,"touchDistance":0.333333,"touchZone":"none","type":3,"width":17.8639},{"bases":[[[0.500681,-0.86408,0.0518136],[0.70625,0.442373,0.552736],[-0.500529,-0.240151,0.831744]],[[0.565692,-0.82206,-0.0648825],[0.717898,0.529669,-0.451744],[0.405727,0.208969,0.889785]],[[0.565692,-0.82206,-0.0648825],[-0.272814,-0.11232,-0.955488],[0.778181,0.558213,-0.287808]],[[0.565692,-0.82206,-0.0648825],[-0.723061,-0.456658,-0.518311],[0.396454,0.340118,-0.852727]]],"btipPosition":[-2.95713,182.465,15.1129],"carpPosition":[4.33266,192.589,73.7763],"dipPosition":[3.79587,188.259,0.587946],"direction":[-0.778181,-0.558213,0.287808],"extended":false,"handId":409,"id":4094,"length":49.9151,"mcpPosition":[33.0137,206.35,26.1162],"pipPosition":[18.8367,199.048,-4.97485],"stabilizedTipPosition":[-1.40405,183.306,11.936],"timeVisible":13.684,"tipPosition":[-1.90549,183.516,10.9076],"tipVelocity":[-14.7818,271.472,-102.07],"tool":false,"touchDistance":0.333333,"touchZone":"none","type":4,"width":15.8681}],"r":[[0.874057,-0.479261,-0.0795756],[0.482383,0.875604,0.0249729],[0.0577082,-0.0602136,0.996516]],"s":1.23564,"t":[-11.7947,59.1791,-83.4418],"timestamp":88718532930},false],[3,{"currentFrameRate":55.3782,"devices":[],"gestures":[],"hands":[{"armBasis":[[0.837136,-0.526023,-0.15001],[0.542723,0.83296,0.107838],[0.0682273,-0.171689,0.982786]],"armWidth":62.9686,"confidence":0.855666,"direction":[0.340258,0.486487,-0.804708],"elbow":[5.35179,154.735,339.234],"grabStrength":0,"id":409,"palmNormal":[-0.429907,-0.680616,-0.593247],"palmPosition":[-2.83015,227.726,31.3676],"palmVelocity":[-45.2152,278.479,-107.623],"palmWidth":89.917,"pinchStrength":1,"r":[[0.878042,-0.471402,-0.0826047],[0.474957,0.879519,0.0293538],[0.058815,-0.0650075,0.99615]],"s":1.23986,"sphereCenter":[-25.2444,213.068,-9.30873],"sphereRadius":44.3134,"stabilizedPalmPosition":[-2.73983,227.23,31.5667],"t":[-12.6164,64.1927,-85.3808],"timeVisible":13.7021,"type":"right","wrist":[-12.8524,200.545,77.011]}],"id":1413618,"interactionBox":{"center":[0,200,0],"size":[235.247,235.247,147.751]},"pointables":[{"bases":[[[0.787443,0.483255,0.382621],[-0.613582,0.555394,0.561297],[0.0587438,-0.676759,0.733858]],[[0.707381,0.702498,0.0781641],[-0.690913,0.66387,0.28621],[0.149171,-0.256464,0.954973]],[[0.707381,0.702498,0.0781641],[-0.704349,0.709835,-0.00530337],[-0.0592092,-0.0513033,0.996926]],[[0.707381,0.702498,0.0781641],[-0.533374,0.603078,-0.593135],[-0.463815,0.377882,0.8013]]],"btipPosition":[-36.788,212.709,-26.4614],"carpPosition":[-42.1515,207.068,72.7685],"dipPosition":[-47.515,221.448,-7.92929],"direction":[0.0592092,0.0513033,-0.996926],"extended":false,"handId":409,"id":4090,"length":51.5018,"mcpPosition":[-42.1515,207.068,72.7685],"pipPosition":[-49.5099,219.719,25.6607],"stabilizedTipPosition":[-39.2123,214.301,-22.0417],"timeVisible":13.7021,"tipPosition":[-39.513,213.393,-21.938],"tipVelocity":[-27.7846,316.981,-113.252],"tool":false,"touchDistance":0.203438,"touchZone":"hovering","type":0,"width":20.0112},{"bases":[[[0.881561,-0.458348,-0.11299],[0.454079,0.757871,0.468448],[-0.12908,-0.464272,0.876236]],[[0.889969,-0.410626,-0.198346],[0.44578,0.875039,0.188646],[0.0960975,-0.256308,0.961806]],[[0.889969,-0.410626,-0.198346],[0.430443,0.900049,0.0680505],[0.150578,-0.14594,0.977767]],[[0.889969,-0.410626,-0.198346],[0.415247,0.909496,-0.0196888],[0.18848,-0.0648403,0.979934]]],"btipPosition":[-25.0554,270.214,-68.5367],"carpPosition":[-23.581,220.998,75.9013],"dipPosition":[-21.873,269.119,-51.9914],"direction":[-0.150578,0.14594,-0.977767],"extended":true,"handId":409,"id":4091,"length":58.114,"mcpPosition":[-14.1965,254.751,12.1972],"pipPosition":[-18.2764,265.633,-28.6371],"stabilizedTipPosition":[-24.2882,269.761,-64.6765],"timeVisible":13.7021,"tipPosition":[-24.9704,268.462,-64.7444],"tipVelocity":[-49.0947,339.122,-91.24],"tool":false,"touchDistance":0.242899,"touchZone":"hovering","type":1,"width":19.1147},{"bases":[[[0.765604,-0.639297,-0.0717606],[0.593636,0.659094,0.461726],[-0.247883,-0.396099,0.884115]],[[0.755196,-0.65447,-0.0367188],[0.551527,0.664686,-0.503995],[0.354256,0.360363,0.862926]],[[0.755196,-0.65447,-0.0367188],[-0.270203,-0.259774,-0.927097],[0.597218,0.710061,-0.37302]],[[0.755196,-0.65447,-0.0367188],[-0.608778,-0.679498,-0.409478],[0.243041,0.33159,-0.911581]]],"btipPosition":[-33.2099,201.059,0.171413],"carpPosition":[-12.1304,217.026,74.8192],"dipPosition":[-28.6965,207.217,-16.757],"direction":[-0.597218,-0.710061,0.37302],"extended":false,"handId":409,"id":4092,"length":66.2163,"mcpPosition":[4.9599,244.335,13.8636],"pipPosition":[-11.914,227.17,-27.2392],"stabilizedTipPosition":[-32.0881,201.758,-3.39091],"timeVisible":13.7021,"tipPosition":[-32.456,202.078,-2.85929],"tipVelocity":[-29.2907,270.91,-118.551],"tool":false,"touchDistance":0.333333,"touchZone":"none","type":2,"width":18.7732},{"bases":[[[0.673838,-0.738472,0.0245251],[0.638614,0.598773,0.483367],[-0.371638,-0.310049,0.875074]],[[0.681775,-0.731542,0.00545501],[0.621756,0.575496,-0.531248],[0.385491,0.365583,0.847199]],[[0.681775,-0.731542,0.00545501],[-0.28593,-0.273327,-0.918442],[0.67337,0.624611,-0.395517]],[[0.681775,-0.731542,0.00545501],[-0.665678,-0.623449,-0.410103],[0.303409,0.275967,-0.912023]]],"btipPosition":[-20.2037,191.067,9.73864],"carpPosition":[-2.1523,210.21,73.6463],"dipPosition":[-14.6016,196.162,-7.10064],"direction":[-0.67337,-0.624611,0.395517],"extended":false,"handId":409,"id":4093,"length":63.6687,"mcpPosition":[20.8526,229.403,19.4781],"pipPosition":[3.83211,213.261,-17.928],"stabilizedTipPosition":[-18.8507,191.467,6.23549],"timeVisible":13.7021,"tipPosition":[-19.2129,191.993,6.50462],"tipVelocity":[-22.1693,276.122,-123.242],"tool":false,"touchDistance":0.333333,"touchZone":"none","type":3,"width":17.8639},{"bases":[[[0.511454,-0.858109,0.045435],[0.700287,0.446864,0.556696],[-0.498009,-0.252907,0.829473]],[[0.575982,-0.814388,-0.0708328],[0.711581,0.542143,-0.446915],[0.402364,0.207012,0.891768]],[[0.575982,-0.814388,-0.0708328],[-0.271502,-0.10885,-0.956263],[0.771058,0.570021,-0.283804]],[[0.575982,-0.814388,-0.0708328],[-0.717583,-0.462201,-0.521003],[0.391559,0.350917,-0.850611]]],"btipPosition":[-3.38878,187.889,12.6725],"carpPosition":[3.70683,197.625,71.3885],"dipPosition":[3.28085,193.866,-1.81642],"direction":[-0.771058,-0.570022,0.283804],"extended":false,"handId":409,"id":4094,"length":49.9151,"mcpPosition":[32.2435,212.117,23.8585],"pipPosition":[18.184,204.884,-7.30182],"stabilizedTipPosition":[-1.80949,188.665,9.60081],"timeVisible":13.7021,"tipPosition":[-2.34725,188.984,8.48721],"tipVelocity":[-19.6133,286.232,-117.53],"tool":false,"touchDistance":0.333333,"touchZone":"none","type":4,"width":15.8681}],"r":[[0.878042,-0.471402,-0.0826047],[0.474957,0.879519,0.0293538],[0.058815,-0.0650075,0.99615]],"s":1.23986,"t":[-12.6164,64.1927,-85.3808],"timestamp":88718550997},false],[4,{"currentFrameRate":55.3582,"devices":[],"gestures":[],"hands":[{"armBasis":[[0.841394,-0.519038,-0.150517],[0.536881,0.834636,0.123049],[0.06176,-0.184342,0.98092]],"armWidth":62.9686,"confidence":0.806123,"direction":[0.339235,0.489212,-0.803487],"elbow":[3.05897,154.357,337.699],"grabStrength":0,"id":409,"palmNormal":[-0.425019,-0.682278,-0.594858],"palmPosition":[-3.45301,230.829,30.3808],"palmVelocity":[-40.0404,227.339,-82.2834],"palmWidth":89.917,"pinchStrength":0.998285,"r":[[0.881717,-0.464104,-0.0847454],[0.468024,0.88309,0.0332628],[0.0594004,-0.0689913,0.995847]],"s":1.24444,"sphereCenter":[-26.0857,216.628,-10.3478],"sphereRadius":44.4628,"stabilizedPalmPosition":[-3.39336,230.528,30.48],"t":[-13.3388,68.2508,-86.8437],"timeVisible":13.7202,"type":"right","wrist":[-13.4196,203.543,75.9741]}],"id":1413619,"interactionBox":{"center":[0,200,0],"size":[235.247,235.247,147.751]},"pointables":[{"bases":[[[0.784041,0.487089,0.384738],[-0.617711,0.551441,0.560666],[0.0609337,-0.677242,0.733233]],[[0.705872,0.703077,0.0861814],[-0.692827,0.659962,0.290586],[0.147428,-0.264825,0.95296]],[[0.705872,0.703077,0.0861814],[-0.705195,0.708969,-0.00792581],[-0.0666724,-0.05518,0.996248]],[[0.705872,0.703077,0.0861814],[-0.537925,0.611226,-0.580552],[-0.460849,0.363436,0.80965]]],"btipPosition":[-37.1127,216.43,-27.6212],"carpPosition":[-42.745,209.912,71.6797],"dipPosition":[-47.7711,224.835,-8.89592],"direction":[0.0666724,0.05518,-0.996248],"extended":false,"handId":409,"id":4090,"length":51.5018,"mcpPosition":[-42.745,209.912,71.6797],"pipPosition":[-50.0175,222.976,24.6712],"stabilizedTipPosition":[-39.5417,218.103,-23.233],"timeVisible":13.7202,"tipPosition":[-39.8232,216.971,-23.0625],"tipVelocity":[-22.6656,261.735,-88.6087],"tool":false,"touchDistance":0.206724,"touchZone":"hovering","type":0,"width":20.0112},{"bases":[[[0.884258,-0.453441,-0.111713],[0.449022,0.759801,0.470193],[-0.128325,-0.465933,0.875465]],[[0.892609,-0.405202,-0.197639],[0.441694,0.873822,0.203327],[0.0903129,-0.268788,0.958956]],[[0.892609,-0.405202,-0.197639],[0.427537,0.899906,0.0859125],[0.143045,-0.161184,0.976503]],[[0.892609,-0.405202,-0.197639],[0.413342,0.910576,-0.0000731992],[0.179995,-0.0816273,0.980275]]],"btipPosition":[-25.2171,274.453,-69.3713],"carpPosition":[-24.2566,223.939,74.8652],"dipPosition":[-22.1781,273.075,-52.8202],"direction":[-0.143045,0.161184,-0.976503],"extended":true,"handId":409,"id":4091,"length":58.114,"mcpPosition":[-14.9271,257.813,11.2171],"pipPosition":[-18.7614,269.225,-29.4961],"stabilizedTipPosition":[-24.5119,274.017,-65.5404],"timeVisible":13.7202,"tipPosition":[-25.2137,272.495,-65.6128],"tipVelocity":[-30.8272,287.241,-69.6715],"tool":false,"touchDistance":0.247827,"touchZone":"hovering","type":1,"width":19.1147},{"bases":[[[0.7692,-0.635061,-0.0709158],[0.589126,0.661789,0.463644],[-0.247511,-0.398413,0.883179]],[[0.758777,-0.650364,-0.0358283],[0.549391,0.668582,-0.501166],[0.349895,0.36059,0.864609]],[[0.758777,-0.650364,-0.0358283],[-0.265631,-0.258749,-0.928703],[0.594725,0.714196,-0.36909]],[[0.758777,-0.650364,-0.0358283],[-0.603731,-0.681594,-0.413447],[0.244471,0.335345,-0.909823]]],"btipPosition":[-33.6364,204.026,-1.00464],"carpPosition":[-12.7826,220.03,73.8018],"dipPosition":[-29.0965,210.253,-17.9004],"direction":[-0.594725,-0.714196,0.36909],"extended":false,"handId":409,"id":4092,"length":66.2163,"mcpPosition":[4.28212,247.499,12.9108],"pipPosition":[-12.3841,230.323,-28.2722],"stabilizedTipPosition":[-32.5297,205,-4.7048],"timeVisible":13.7202,"tipPosition":[-32.8608,205.077,-4.03067],"tipVelocity":[-26.3826,220.24,-92.7812],"tool":false,"touchDistance":0.333333,"touchZone":"none","type":2,"width":18.7732},{"bases":[[[0.677779,-0.734838,0.0250759],[0.634386,0.601688,0.48531],[-0.371712,-0.313025,0.873982]],[[0.685984,-0.727597,0.00537329],[0.620608,0.581227,-0.526328],[0.379832,0.364387,0.850265]],[[0.685984,-0.727597,0.00537329],[-0.280448,-0.271208,-0.920758],[0.671398,0.630118,-0.390098]],[[0.685984,-0.727597,0.00537329],[-0.660689,-0.625962,-0.414321],[0.304822,0.280667,-0.910115]]],"btipPosition":[-20.5343,194.126,8.48259],"carpPosition":[-2.76532,213.27,72.6416],"dipPosition":[-14.9062,199.308,-8.32147],"direction":[-0.671398,-0.630118,0.390098],"extended":false,"handId":409,"id":4093,"length":63.6687,"mcpPosition":[20.2442,232.647,18.541],"pipPosition":[3.47356,216.558,-19.0005],"stabilizedTipPosition":[-19.1889,194.814,4.82937],"timeVisible":13.7202,"tipPosition":[-19.5379,195.074,5.28693],"tipVelocity":[-20.1378,225.49,-97.3238],"tool":false,"touchDistance":0.333333,"touchZone":"none","type":3,"width":17.8639},{"bases":[[[0.516004,-0.855376,0.045527],[0.696734,0.450034,0.558597],[-0.498299,-0.256518,0.828189]],[[0.580365,-0.811322,-0.0702421],[0.709403,0.54604,-0.445632],[0.399906,0.208799,0.892456]],[[0.580365,-0.811322,-0.0702421],[-0.270474,-0.110681,-0.956344],[0.768128,0.574027,-0.283676]],[[0.580365,-0.811322,-0.0702421],[-0.715008,-0.466377,-0.520822],[0.389795,0.35249,-0.850771]]],"btipPosition":[-3.73998,191.023,11.7156],"carpPosition":[3.16645,200.719,70.3818],"dipPosition":[2.8996,197.027,-2.776],"direction":[-0.768128,-0.574027,0.283676],"extended":false,"handId":409,"id":4094,"length":49.9151,"mcpPosition":[31.7197,215.418,22.9255],"pipPosition":[17.7461,208.122,-8.25894],"stabilizedTipPosition":[-2.17394,192.043,8.50013],"timeVisible":13.7202,"tipPosition":[-2.68783,192.131,7.53354],"tipVelocity":[-19.6779,232.398,-86.7036],"tool":false,"touchDistance":0.333333,"touchZone":"none","type":4,"width":15.8681}],"r":[[0.881717,-0.464104,-0.0847454],[0.468024,0.88309,0.0332628],[0.0594004,-0.0689913,0.995847]],"s":1.24444,"t":[-13.3388,68.2508,-86.8437],"timestamp":88718569130},false],[5,{"currentFrameRate":55.3546,"devices":[],"gestures":[],"hands":[{"armBasis":[[0.846319,-0.507833,-0.160781],[0.528765,0.837435,0.138241],[0.0644401,-0.202011,0.977261]],"armWidth":62.9686,"confidence":0.821634,"direction":[0.337625,0.487141,-0.805421],"elbow":[3.06444,152.648,336.275],"grabStrength":0,"id":409,"palmNormal":[-0.418618,-0.688679,-0.592013],"palmPosition":[-4.25029,233.649,29.8036],"palmVelocity":[-41.9706,193.428,-58.3537],"palmWidth":89.917,"pinchStrength":0.987701,"r":[[0.885323,-0.45705,-0.0854892],[0.461153,0.886605,0.0356306],[0.0595102,-0.0709682,0.995702]],"s":1.24885,"sphereCenter":[-27.1632,219.677,-10.9469],"sphereRadius":44.6613,"stabilizedPalmPosition":[-4.1817,233.399,29.8577],"t":[-14.0985,71.6898,-87.8637],"timeVisible":13.7383,"type":"right","wrist":[-14.1292,206.548,75.5261]}],"id":1413620,"interactionBox":{"center":[0,200,0],"size":[235.247,235.247,147.751]},"pointables":[{"bases":[[[0.779554,0.494926,0.383853],[-0.623049,0.550081,0.556075],[0.0640654,-0.672651,0.737182]],[[0.703071,0.705409,0.0899442],[-0.696247,0.657105,0.288884],[0.144678,-0.265729,0.95313]],[[0.703071,0.705409,0.0899442],[-0.707284,0.706782,-0.0144379],[-0.0737555,-0.0534652,0.995842]],[[0.703071,0.705409,0.0899442],[-0.548176,0.618189,-0.563334],[-0.452983,0.346759,0.821319]]],"btipPosition":[-37.6649,219.57,-28.4395],"carpPosition":[-43.4896,212.68,71.126],"dipPosition":[-48.1413,227.589,-9.44434],"direction":[0.0737555,0.0534652,-0.995842],"extended":false,"handId":409,"id":4090,"length":51.5018,"mcpPosition":[-43.4896,212.68,71.126],"pipPosition":[-50.6264,225.788,24.1091],"stabilizedTipPosition":[-40.0428,221.217,-24.0207],"timeVisible":13.7383,"tipPosition":[-40.3091,219.94,-23.7697],"tipVelocity":[-25.3098,217.559,-66.3785],"tool":false,"touchDistance":0.209257,"touchZone":"hovering","type":0,"width":20.0112},{"bases":[[[0.88779,-0.447627,-0.107048],[0.442361,0.765673,0.466971],[-0.127065,-0.461926,0.877769]],[[0.896046,-0.39919,-0.194289],[0.435917,0.874014,0.214652],[0.084125,-0.277032,0.957171]],[[0.896046,-0.39919,-0.194289],[0.42308,0.900425,0.101182],[0.134552,-0.172864,0.975712]],[[0.896046,-0.39919,-0.194289],[0.41005,0.911895,0.0175248],[0.170176,-0.0953715,0.980788]]],"btipPosition":[-25.5319,277.942,-70.0415],"carpPosition":[-25.1111,226.858,74.2764],"dipPosition":[-22.6587,276.331,-53.4818],"direction":[-0.134552,0.172864,-0.975712],"extended":true,"handId":409,"id":4091,"length":58.114,"mcpPosition":[-15.8732,260.441,10.4608],"pipPosition":[-19.4448,272.202,-30.1766],"stabilizedTipPosition":[-24.8624,277.485,-66.2161],"timeVisible":13.7383,"tipPosition":[-25.6087,275.772,-66.3126],"tipVelocity":[-25.4551,241.043,-54.1291],"tool":false,"touchDistance":0.249858,"touchZone":"hovering","type":1,"width":19.1147},{"bases":[[[0.773954,-0.629845,-0.0655026],[0.583187,0.668646,0.461309],[-0.246755,-0.395232,0.884818]],[[0.763517,-0.64508,-0.0302252],[0.546497,0.670353,-0.501963],[0.344068,0.366739,0.864361]],[[0.763517,-0.64508,-0.0302252],[-0.259555,-0.26368,-0.929034],[0.591332,0.717178,-0.368758]],[[0.763517,-0.64508,-0.0302252],[-0.597008,-0.687226,-0.413885],[0.246218,0.334053,-0.909827]]],"btipPosition":[-34.172,206.45,-1.65448],"carpPosition":[-13.6065,223.027,73.2624],"dipPosition":[-29.5996,212.654,-18.5503],"direction":[-0.591332,-0.717178,0.368758],"extended":false,"handId":409,"id":4092,"length":66.2163,"mcpPosition":[3.40608,250.276,12.2584],"pipPosition":[-12.9826,232.807,-28.9128],"stabilizedTipPosition":[-33.0471,207.52,-5.43685],"timeVisible":13.7383,"tipPosition":[-33.3721,207.518,-4.67081],"tipVelocity":[-27.7283,179.163,-65.7722],"tool":false,"touchDistance":0.333333,"touchZone":"none","type":2,"width":18.7732},{"bases":[[[0.683026,-0.729743,0.0308319],[0.628829,0.608998,0.483421],[-0.37155,-0.310801,0.874845]],[[0.691684,-0.722131,0.00998147],[0.625935,0.592534,-0.507059],[0.360249,0.356972,0.861854]],[[0.691684,-0.722131,0.00998147],[-0.259834,-0.261727,-0.929508],[0.673839,0.640332,-0.368667]],[[0.691684,-0.722131,0.00998147],[-0.649924,-0.628428,-0.427407],[0.314917,0.289143,-0.904004]]],"btipPosition":[-20.7054,196.943,6.74061],"carpPosition":[-3.53771,216.333,72.1642],"dipPosition":[-14.8908,202.281,-9.95063],"direction":[-0.67384,-0.640332,0.368667],"extended":false,"handId":409,"id":4093,"length":63.6687,"mcpPosition":[19.4617,235.572,18.0102],"pipPosition":[3.55573,219.811,-20.043],"stabilizedTipPosition":[-19.3404,197.652,3.19932],"timeVisible":13.7383,"tipPosition":[-19.7186,197.891,3.92672],"tipVelocity":[-13.9374,193.32,-96.1833],"tool":false,"touchDistance":0.333333,"touchZone":"none","type":3,"width":17.8639},{"bases":[[[0.52208,-0.851336,0.0515767],[0.692097,0.458215,0.55771],[-0.498432,-0.255473,0.828432]],[[0.586131,-0.807704,-0.0637562],[0.706212,0.547878,-0.448436],[0.397134,0.217817,0.891538]],[[0.586131,-0.807704,-0.0637562],[-0.269422,-0.12009,-0.955505],[0.764109,0.577229,-0.288001]],[[0.586131,-0.807704,-0.0637562],[-0.711611,-0.475578,-0.517142],[0.387376,0.348482,-0.853522]]],"btipPosition":[-4.19276,193.749,11.4717],"carpPosition":[2.49035,203.813,69.9893],"dipPosition":[2.40562,199.685,-3.06675],"direction":[-0.764109,-0.577229,0.288001],"extended":false,"handId":409,"id":4094,"length":49.9151,"mcpPosition":[31.0512,218.452,22.519],"pipPosition":[17.1744,210.841,-8.63328],"stabilizedTipPosition":[-2.63511,194.869,8.15761],"timeVisible":13.7383,"tipPosition":[-3.12495,194.846,7.27845],"tipVelocity":[-22.4782,193.186,-52.194],"tool":false,"touchDistance":0.333333,"touchZone":"none","type":4,"width":15.8681}],"r":[[0.885323,-0.45705,-0.0854892],[0.461153,0.886605,0.0356306],[0.0595102,-0.0709682,0.995702]],"s":1.24885,"t":[-14.0985,71.6898,-87.8637],"timestamp":88718587208},false],[6,{"currentFrameRate":55.3499,"devices":[],"gestures":[],"hands":[{"armBasis":[[0.85178,-0.493472,-0.175942],[0.517462,0.844937,0.135333],[0.0818772,-0.206317,0.975054]],"armWidth":62.9686,"confidence":0.83272,"direction":[0.335343,0.490368,-0.804415],"elbow":[6.8599,157.187,333.493],"grabStrength":0,"id":409,"palmNormal":[-0.406502,-0.694966,-0.59311],"palmPosition":[-5.22869,239.398,27.6213],"palmVelocity":[-47.7389,252.625,-87.9808],"palmWidth":89.917,"pinchStrength":0.989089,"r":[[0.889438,-0.449078,-0.0850245],[0.453262,0.890579,0.037734],[0.0587754,-0.0721004,0.995664]],"s":1.25238,"sphereCenter":[-28.1914,225.592,-13.2435],"sphereRadius":44.8078,"stabilizedPalmPosition":[-5.15027,238.949,27.7888],"t":[-14.9676,76.2842,-89.4649],"timeVisible":13.7564,"type":"right","wrist":[-14.9862,212.236,73.3334]}],"id":1413621,"interactionBox":{"center":[0,200,0],"size":[235.247,235.247,147.751]},"pointables":[{"bases":[[[0.771013,0.505666,0.387093],[-0.63306,0.542659,0.552047],[0.0690914,-0.670689,0.738514]],[[0.695318,0.712072,0.097393],[-0.705048,0.649527,0.284642],[0.139427,-0.266584,0.953674]],[[0.695318,0.712072,0.097393],[-0.713841,0.699979,-0.0214519],[-0.0834484,-0.0546072,0.995015]],[[0.695318,0.712072,0.097393],[-0.558056,0.620311,-0.551169],[-0.452886,0.328887,0.82869]]],"btipPosition":[-37.9934,225.36,-30.9611],"carpPosition":[-44.4015,217.976,68.7738],"dipPosition":[-48.4676,232.966,-11.7955],"direction":[0.0834484,0.0546072,-0.995015],"extended":false,"handId":409,"id":4090,"length":51.5018,"mcpPosition":[-44.4015,217.976,68.7738],"pipPosition":[-51.2793,231.126,21.73],"stabilizedTipPosition":[-40.379,226.724,-26.3876],"timeVisible":13.7564,"tipPosition":[-40.6697,225.629,-26.2251],"tipVelocity":[-21.9008,263.851,-100.08],"tool":false,"touchDistance":0.191892,"touchZone":"hovering","type":0,"width":20.0112},{"bases":[[[0.894123,-0.436092,-0.101825],[0.429875,0.772084,0.468075],[-0.125506,-0.462288,0.877803]],[[0.902227,-0.387161,-0.18998],[0.423934,0.877063,0.225922],[0.0791562,-0.284372,0.955441]],[[0.902227,-0.387161,-0.18998],[0.411937,0.904062,0.113927],[0.127646,-0.181048,0.975156]],[[0.902227,-0.387161,-0.18998],[0.399642,0.91615,0.0309035],[0.162086,-0.103806,0.981301]]],"btipPosition":[-26.2486,284.158,-72.2455],"carpPosition":[-26.227,232.399,71.9969],"dipPosition":[-23.5119,282.406,-55.6771],"direction":[-0.127646,0.181048,-0.975156],"extended":true,"handId":409,"id":4091,"length":58.114,"mcpPosition":[-17.1024,266.008,8.17884],"pipPosition":[-20.4631,278.081,-32.3851],"stabilizedTipPosition":[-25.5989,283.587,-68.3751],"timeVisible":13.7564,"tipPosition":[-26.3311,281.927,-68.5451],"tipVelocity":[-33.0199,289.016,-86.2794],"tool":false,"touchDistance":0.234527,"touchZone":"hovering","type":1,"width":19.1147},{"bases":[[[0.782474,-0.619728,-0.060588],[0.571989,0.676905,0.46328],[-0.246095,-0.39716,0.884139]],[[0.771977,-0.635155,-0.0250884],[0.542833,0.679276,-0.493878],[0.330731,0.367644,0.869169]],[[0.771977,-0.635155,-0.0250884],[-0.246022,-0.262161,-0.933137],[0.586109,0.726533,-0.358645]],[[0.771977,-0.635155,-0.0250884],[-0.584101,-0.69325,-0.422173],[0.250753,0.340562,-0.906168]]],"btipPosition":[-34.5812,211.847,-4.40362],"carpPosition":[-14.6681,228.717,71.0476],"dipPosition":[-29.9246,218.172,-21.2315],"direction":[-0.586109,-0.726533,0.358645],"extended":false,"handId":409,"id":4092,"length":66.2163,"mcpPosition":[2.29905,256.099,10.0904],"pipPosition":[-13.4543,238.588,-31.3098],"stabilizedTipPosition":[-33.4477,212.521,-7.89098],"timeVisible":13.7564,"tipPosition":[-33.7575,212.942,-7.32417],"tipVelocity":[-24.7963,236.589,-106.361],"tool":false,"touchDistance":0.333333,"touchZone":"none","type":2,"width":18.7732},{"bases":[[[0.69237,-0.720672,0.0354303],[0.618295,0.617893,0.485715],[-0.371933,-0.314388,0.873399]],[[0.701408,-0.712629,0.0136935],[0.624101,0.604767,-0.494727],[0.344275,0.355552,0.86894]],[[0.701408,-0.712629,0.0136935],[-0.243734,-0.257862,-0.934934],[0.669791,0.652432,-0.354558]],[[0.701408,-0.712629,0.0136935],[-0.636612,-0.634997,-0.437611],[0.320549,0.298226,-0.89906]]],"btipPosition":[-20.9386,202.55,3.88656],"carpPosition":[-4.50684,222.155,70.0111],"dipPosition":[-15.0201,208.057,-12.7134],"direction":[-0.669791,-0.652432,0.354558],"extended":false,"handId":409,"id":4093,"length":63.6687,"mcpPosition":[18.5163,241.616,15.9465],"pipPosition":[3.31565,225.917,-22.4195],"stabilizedTipPosition":[-19.5381,202.794,0.58784],"timeVisible":13.7564,"tipPosition":[-19.9354,203.533,1.18128],"tipVelocity":[-12.8152,249.844,-124.934],"tool":false,"touchDistance":0.333333,"touchZone":"none","type":3,"width":17.8639},{"bases":[[[0.532928,-0.844336,0.055534],[0.683152,0.468061,0.560555],[-0.49929,-0.260797,0.826253]],[[0.596756,-0.800246,-0.0590691],[0.701018,0.555748,-0.446899],[0.390456,0.225281,0.892632]],[[0.596756,-0.800246,-0.0590691],[-0.264723,-0.126846,-0.955946],[0.757499,0.586103,-0.287539]],[[0.596756,-0.800246,-0.0590691],[-0.70376,-0.486597,-0.517634],[0.385492,0.350472,-0.853561]]],"btipPosition":[-4.54471,199.486,9.44671],"carpPosition":[1.696,209.712,67.886],"dipPosition":[2.02157,205.456,-5.09244],"direction":[-0.757499,-0.586103,0.287539],"extended":false,"handId":409,"id":4094,"length":49.9151,"mcpPosition":[30.306,224.656,20.5405],"pipPosition":[16.6626,216.784,-10.65],"stabilizedTipPosition":[-3.00522,200.421,6.25321],"timeVisible":13.7564,"tipPosition":[-3.45736,200.596,5.25349],"tipVelocity":[-21.2391,252.383,-80.6183],"tool":false,"touchDistance":0.333333,"touchZone":"no