{"sensorType":"Leap","data":[[0,{"currentFrameRate":55.3765,"devices":[],"gestures":[],"hands":[{"armBasis":[[0.761879,-0.626606,-0.164029],[0.640481,0.766561,0.0465643],[0.0965607,-0.140534,0.985356]],"armWidth":62.9686,"confidence":0.776419,"direction":[0.449902,0.328599,-0.830428],"elbow":[7.51255,119.679,338.929],"grabStrength":0,"id":409,"palmNormal":[-0.479539,-0.695549,-0.535028],"palmPosition":[-1.96569,176.554,28.2512],"palmVelocity":[16.3989,-58.9511,41.3881],"palmWidth":89.917,"pinchStrength":1,"r":[[0.835094,-0.549979,0.0118959],[0.550097,0.835016,-0.0118825],[-0.00339814,0.0164669,0.999859]],"s":1.2611,"sphereCenter":[-27.6033,167.197,-12.1975],"sphereRadius":45.7338,"stabilizedPalmPosition":[-2.7466,179.042,26.5359],"t":[-12.8559,19.0731,-91.1688],"timeVisible":15.6906,"type":"right","wrist":[-18.2514,157.175,76.0198]}],"id":1413728,"interactionBox":{"center":[0,200,0],"size":[235.247,235.247,147.751]},"pointables":[{"bases":[[[0.819874,0.429133,0.379013],[-0.567466,0.697028,0.438331],[-0.0760804,-0.574454,0.814993]],[[0.780584,0.624821,0.0169685],[-0.61457,0.762261,0.20313],[0.113985,-0.168988,0.979005]],[[0.780584,0.624821,0.0169685],[-0.57792,0.731801,-0.361216],[-0.238112,0.272153,0.932328]],[[0.780584,0.624821,0.0169685],[-0.430952,0.557651,-0.70944],[-0.452735,0.546465,0.704561]]],"btipPosition":[-33.245,153.169,-27.2602],"carpPosition":[-46.1158,166.641,68.7413],"dipPosition":[-43.7157,165.807,-10.9654],"direction":[0.238112,-0.272153,-0.932328],"extended":false,"handId":409,"id":4090,"length":51.5018,"mcpPosition":[-46.1158,166.641,68.7413],"pipPosition":[-51.7386,174.977,20.448],"stabilizedTipPosition":[-35.5637,157.576,-24.4014],"timeVisible":15.6906,"tipPosition":[-35.0268,156.529,-23.5081],"tipVelocity":[-2.22914,-81.2116,46.9702],"tool":false,"touchDistance":0.391038,"touchZone":"hovering","type":0,"width":20.0112},{"bases":[[[0.818256,-0.57469,0.013717],[0.52126,0.751819,0.403802],[-0.242373,-0.323263,0.914744]],[[0.845002,-0.520908,-0.120942],[0.534549,0.816368,0.218634],[-0.0151553,-0.249396,0.968283]],[[0.845002,-0.520908,-0.120942],[0.525299,0.850902,0.00526414],[0.100168,-0.0679789,0.992646]],[[0.845002,-0.520908,-0.120942],[0.502163,0.850686,-0.15545],[0.183859,0.0706229,0.980412]]],"btipPosition":[-13.3199,212.985,-76.3395],"carpPosition":[-26.0875,178.463,71.5365],"dipPosition":[-10.2156,214.177,-59.7861],"direction":[-0.100168,0.0679789,-0.992646],"extended":true,"handId":409,"id":4091,"length":58.114,"mcpPosition":[-8.46645,201.965,5.03277],"pipPosition":[-7.82303,212.553,-36.0764],"stabilizedTipPosition":[-12.664,213.924,-72.7031],"timeVisible":15.6906,"tipPosition":[-11.9278,213.792,-72.4556],"tipVelocity":[18.0869,-95.2329,27.625],"tool":false,"touchDistance":0.358992,"touchZone":"hovering","type":1,"width":19.1147},{"bases":[[[0.677056,-0.73277,0.0681354],[0.646644,0.636558,0.420292],[-0.35135,-0.240502,0.904827]],[[0.664742,-0.740511,0.0988053],[0.653742,0.512575,-0.556675],[0.361579,0.434639,0.824833]],[[0.664742,-0.740511,0.0988053],[-0.279002,-0.368761,-0.886664],[0.69302,0.561836,-0.451735]],[[0.664742,-0.740511,0.0988053],[-0.683021,-0.65599,-0.321184],[0.302655,0.146018,-0.941848]]],"btipPosition":[-33.3139,150.377,0.361122],"carpPosition":[-15.22,172.998,71.8484],"dipPosition":[-27.6934,153.089,-17.1294],"direction":[-0.69302,-0.561836,0.451735],"extended":false,"handId":409,"id":4092,"length":66.2163,"mcpPosition":[9.00389,189.58,9.46486],"pipPosition":[-8.21884,168.877,-29.8236],"stabilizedTipPosition":[-33.4165,154.387,-5.8482],"timeVisible":15.6906,"tipPosition":[-32.1155,150.882,-3.90109],"tipVelocity":[19.1905,-57.7561,34.0586],"tool":false,"touchDistance":0.333333,"touchZone":"none","type":2,"width":18.7732},{"bases":[[[0.567287,-0.806063,0.168667],[0.681834,0.574587,0.452716],[-0.461832,-0.141817,0.875557]],[[0.577186,-0.802792,0.149606],[0.724803,0.419228,-0.546725],[0.376187,0.423997,0.823838]],[[0.577186,-0.802792,0.149606],[-0.268825,-0.359782,-0.893471],[0.771097,0.475481,-0.423471]],[[0.577186,-0.802792,0.149606],[-0.721589,-0.587161,-0.366811],[0.382316,0.103764,-0.918187]]],"btipPosition":[-22.3703,140.033,10.2849],"carpPosition":[-6.18057,164.907,72.3119],"dipPosition":[-15.3113,141.949,-6.66825],"direction":[-0.771097,-0.475481,0.423471],"extended":false,"handId":409,"id":4093,"length":63.6687,"mcpPosition":[22.4074,173.686,18.1138],"pipPosition":[5.79772,154.965,-18.2609],"stabilizedTipPosition":[-22.3116,144.43,3.28856],"timeVisible":15.6906,"tipPosition":[-20.8437,140.388,6.41302],"tipVelocity":[15.7741,-58.5936,48.8466],"tool":false,"touchDistance":0.333333,"touchZone":"none","type":3,"width":17.8639},{"bases":[[[0.389513,-0.900843,0.191734],[0.718269,0.427419,0.549002],[-0.576515,-0.0761269,0.813533]],[[0.463354,-0.882479,0.0808283],[0.797988,0.37584,-0.471125],[0.38538,0.282798,0.878355]],[[0.463354,-0.882479,0.0808283],[-0.257312,-0.221261,-0.940656],[0.847994,0.415059,-0.329594]],[[0.463354,-0.882479,0.0808283],[-0.760234,-0.442715,-0.475445],[0.455355,0.158851,-0.876024]]],"btipPosition":[-6.49231,135.259,16.0884],"carpPosition":[-1.91494,151.507,72.1044],"dipPosition":[1.26399,137.965,1.16658],"direction":[-0.847994,-0.415059,0.329594],"extended":false,"handId":409,"id":4094,"length":49.9151,"mcpPosition":[31.1202,155.869,25.4878],"pipPosition":[17.6541,145.988,-5.20387],"stabilizedTipPosition":[-6.63426,141.558,7.86283],"timeVisible":15.6906,"tipPosition":[-4.75994,135.843,12.4464],"tipVelocity":[7.24066,-64.2889,56.3334],"tool":false,"touchDistance":0.333333,"touchZone":"none","type":4,"width":15.8681}],"r":[[0.835094,-0.549979,0.0118959],[0.550097,0.835016,-0.0118825],[-0.00339814,0.0164669,0.999859]],"s":1.2611,"t":[-12.8559,19.0731,-91.1688],"timestamp":88720539529},false],[1,{"currentFrameRate":55.3789,"devices":[],"gestures":[],"hands":[{"armBasis":[[0.767863,-0.620824,-0.157999],[0.634173,0.771547,0.0503954],[0.0906173,-0.138896,0.986152]],"armWidth":62.9686,"confidence":0.792565,"direction":[0.450073,0.327436,-0.830795],"elbow":[5.90775,119.693,339.497],"grabStrength":0,"id":409,"palmNormal":[-0.473214,-0.701528,-0.532847],"palmPosition":[-1.97786,175.999,28.5557],"palmVelocity":[8.29455,-45.5791,29.7494],"palmWidth":89.917,"pinchStrength":1,"r":[[0.834839,-0.550246,0.0165001],[0.550474,0.834688,-0.0165865],[-0.00464579,0.0229299,0.999726]],"s":1.26026,"sphereCenter":[-27.3697,166.189,-11.9568],"sphereRadius":45.718,"stabilizedPalmPosition":[-2.56381,178.319,27.0161],"t":[-12.7209,18.276,-90.6502],"timeVisible":15.7087,"type":"right","wrist":[-18.2704,156.752,76.3755]}],"id":1413729,"interactionBox":{"center":[0,200,0],"size":[235.247,235.247,147.751]},"pointables":[{"bases":[[[0.815815,0.436656,0.37918],[-0.57349,0.695352,0.433122],[-0.0745383,-0.570803,0.817696]],[[0.775472,0.631241,0.013369],[-0.621051,0.758796,0.196276],[0.113753,-0.160509,0.980458]],[[0.775472,0.631241,0.013369],[-0.584086,0.725261,-0.364472],[-0.239766,0.274829,0.931118]],[[0.775472,0.631241,0.013369],[-0.437184,0.552111,-0.70996],[-0.455537,0.544709,0.704115]]],"btipPosition":[-33.1747,152.05,-27.0539],"carpPosition":[-46.1774,165.99,68.9682],"dipPosition":[-43.7101,164.648,-10.7694],"direction":[0.239766,-0.274829,-0.931118],"extended":false,"handId":409,"id":4090,"length":51.5018,"mcpPosition":[-46.1774,165.99,68.9682],"pipPosition":[-51.7887,173.908,20.6033],"stabilizedTipPosition":[-35.5783,156.453,-23.9347],"timeVisible":15.7087,"tipPosition":[-34.9377,155.4,-23.2613],"tipVelocity":[0.287507,-72.3338,30.0398],"tool":false,"touchDistance":0.388328,"touchZone":"hovering","type":0,"width":20.0112},{"bases":[[[0.822117,-0.569001,0.019017],[0.514933,0.757414,0.401456],[-0.242833,-0.320252,0.915681]],[[0.848849,-0.515854,-0.115542],[0.528396,0.821371,0.214818],[-0.0159117,-0.2434,0.969795]],[[0.848849,-0.515854,-0.115542],[0.519568,0.854426,0.00238351],[0.0974927,-0.0620553,0.9933]],[[0.848849,-0.515854,-0.115542],[0.497111,0.853278,-0.157472],[0.179822,0.076233,0.980741]]],"btipPosition":[-13.2733,211.775,-76.2687],"carpPosition":[-26.2385,177.963,71.7608],"dipPosition":[-10.2372,213.062,-59.7098],"direction":[-0.0974927,0.0620553,-0.9933],"extended":true,"handId":409,"id":4091,"length":58.114,"mcpPosition":[-8.58406,201.246,5.18898],"pipPosition":[-7.90852,211.58,-35.9844],"stabilizedTipPosition":[-12.604,212.673,-72.5392],"timeVisible":15.7087,"tipPosition":[-11.9217,212.609,-72.3801],"tipVelocity":[10.3134,-81.2759,16.4081],"tool":false,"touchDistance":0.357507,"touchZone":"hovering","type":1,"width":19.1147},{"bases":[[[0.681841,-0.727765,0.0738349],[0.641052,0.643099,0.418898],[-0.352342,-0.23829,0.905026]],[[0.669442,-0.73546,0.104622],[0.654793,0.51768,-0.550684],[0.350846,0.437157,0.828131]],[[0.669442,-0.73546,0.104622],[-0.270212,-0.372267,-0.88792],[0.691977,0.566141,-0.447941]],[[0.669442,-0.73546,0.104622],[-0.677407,-0.662176,-0.320379],[0.304904,0.143603,-0.941494]]],"btipPosition":[-32.8616,149.605,0.360769],"carpPosition":[-15.3349,172.574,72.132],"dipPosition":[-27.1994,152.271,-17.1232],"direction":[-0.691977,-0.566141,0.447941],"extended":false,"handId":409,"id":4092,"length":66.2163,"mcpPosition":[8.9574,189.003,9.73474],"pipPosition":[-7.75408,168.18,-29.7108],"stabilizedTipPosition":[-32.958,153.358,-5.30811],"timeVisible":15.7087,"tipPosition":[-31.7158,150.061,-3.74384],"tipVelocity":[22.2291,-50.9352,17.9219],"tool":false,"touchDistance":0.333333,"touchZone":"none","type":2,"width":18.7732},{"bases":[[[0.572281,-0.801294,0.174422],[0.67657,0.581536,0.45174],[-0.463409,-0.140513,0.874933]],[[0.582349,-0.798004,0.155108],[0.725884,0.424531,-0.541171],[0.366009,0.427741,0.826483]],[[0.582349,-0.798004,0.155108],[-0.262035,-0.364876,-0.893422],[0.76955,0.47964,-0.42159]],[[0.582349,-0.798004,0.155108],[-0.717453,-0.594226,-0.363534],[0.382271,0.10042,-0.918577]]],"btipPosition":[-21.8413,139.375,10.5135],"carpPosition":[-6.24186,164.548,72.663],"dipPosition":[-14.7832,141.229,-6.44685],"direction":[-0.76955,-0.47964,0.42159],"extended":false,"handId":409,"id":4093,"length":63.6687,"mcpPosition":[22.4438,173.246,18.5035],"pipPosition":[6.28349,154.36,-17.988],"stabilizedTipPosition":[-21.9341,143.595,3.88792],"timeVisible":15.7087,"tipPosition":[-20.3907,139.679,6.71865],"tipVelocity":[22.1923,-48.4531,31.6284],"tool":false,"touchDistance":0.333333,"touchZone":"none","type":3,"width":17.8639},{"bases":[[[0.395091,-0.897169,0.19746],[0.713727,0.435112,0.548881],[-0.578356,-0.0759255,0.812243]],[[0.469142,-0.878861,0.0866557],[0.796749,0.378892,-0.470778],[0.380915,0.289905,0.877986]],[[0.469142,-0.878861,0.0866557],[-0.253093,-0.22781,-0.940237],[0.846079,0.419173,-0.329309]],[[0.469142,-0.878861,0.0866557],[-0.755814,-0.450328,-0.475342],[0.456783,0.157507,-0.875523]]],"btipPosition":[-6.18742,134.612,16.593],"carpPosition":[-1.88426,151.176,72.5363],"dipPosition":[1.5932,137.295,1.67977],"direction":[-0.846079,-0.419173,0.329309],"extended":false,"handId":409,"id":4094,"length":49.9151,"mcpPosition":[31.2564,155.527,25.9936],"pipPosition":[17.9463,145.397,-4.68517],"stabilizedTipPosition":[-6.34202,140.731,8.55541],"timeVisible":15.7087,"tipPosition":[-4.448,135.19,12.9537],"tipVelocity":[11.9694,-50.939,42.9166],"tool":false,"touchDistance":0.333333,"touchZone":"none","type":4,"width":15.8681}],"r":[[0.834839,-0.550246,0.0165001],[0.550474,0.834688,-0.0165865],[-0.00464579,0.0229299,0.999726]],"s":1.26026,"t":[-12.7209,18.276,-90.6502],"timestamp":88720557578},false],[2,{"currentFrameRate":55.3782,"devices":[],"gestures":[],"hands":[{"armBasis":[[0.77103,-0.617678,-0.154877],[0.630731,0.774248,0.0521485],[0.087702,-0.137894,0.986556]],"armWidth":62.9686,"confidence":0.808342,"direction":[0.450235,0.326458,-0.831092],"elbow":[5.09278,119.728,339.807],"grabStrength":0,"id":409,"palmNormal":[-0.469745,-0.704957,-0.53139],"palmPosition":[-2.00707,175.675,28.7245],"palmVelocity":[3.58736,-32.4498,20.0598],"palmWidth":89.917,"pinchStrength":1,"r":[[0.835031,-0.549809,0.020808],[0.55017,0.834796,-0.0206975],[-0.00599074,0.028731,0.999569]],"s":1.25938,"sphereCenter":[-27.2523,165.603,-11.8274],"sphereRadius":45.7058,"stabilizedPalmPosition":[-2.44308,177.745,27.3866],"t":[-12.668,17.7155,-90.3066],"timeVisible":15.7267,"type":"right","wrist":[-18.3075,156.52,76.5784]}],"id":1413730,"interactionBox":{"center":[0,200,0],"size":[235.247,235.247,147.751]},"pointables":[{"bases":[[[0.813573,0.440865,0.379127],[-0.576763,0.694602,0.429969],[-0.0737843,-0.568478,0.819383]],[[0.772319,0.635158,0.00991496],[-0.624993,0.756983,0.190686],[0.11361,-0.153467,0.981601]],[[0.772319,0.635158,0.00991496],[-0.588226,0.720971,-0.366322],[-0.239821,0.277085,0.930435]],[[0.772319,0.635158,0.00991496],[-0.442854,0.549547,-0.708434],[-0.455416,0.542746,0.705708]]],"btipPosition":[-33.2272,151.313,-26.9962],"carpPosition":[-46.2361,165.631,69.0961],"dipPosition":[-43.7599,163.866,-10.6749],"direction":[0.239821,-0.277085,-0.930435],"extended":false,"handId":409,"id":4090,"length":51.5018,"mcpPosition":[-46.2361,165.631,69.0961],"pipPosition":[-51.8403,173.202,20.6748],"stabilizedTipPosition":[-35.6085,155.5,-23.6417],"timeVisible":15.7267,"tipPosition":[-34.9698,154.673,-23.1527],"tipVelocity":[-1.21491,-57.628,17.5127],"tool":false,"touchDistance":0.38382,"touchZone":"hovering","type":0,"width":20.0112},{"bases":[[[0.824176,-0.5659,0.0221732],[0.511475,0.760579,0.399891],[-0.243163,-0.318239,0.916295]],[[0.850876,-0.513275,-0.11207],[0.525111,0.824228,0.211913],[-0.0163988,-0.239161,0.970841]],[[0.850876,-0.513275,-0.11207],[0.516571,0.856244,0.000439002],[0.0957336,-0.0582654,0.9937]],[[0.850876,-0.513275,-0.11207],[0.494598,0.854535,-0.158564],[0.177154,0.0794889,0.980968]]],"btipPosition":[-13.2492,211.026,-76.2486],"carpPosition":[-26.3461,177.686,71.8833],"dipPosition":[-10.2581,212.369,-59.6859],"direction":[-0.0957336,0.0582654,-0.9937],"extended":true,"handId":409,"id":4091,"length":58.114,"mcpPosition":[-8.66768,200.823,5.26684],"pipPosition":[-7.97146,210.977,-35.951],"stabilizedTipPosition":[-12.5763,211.807,-72.4744],"timeVisible":15.7267,"tipPosition":[-11.9357,211.878,-72.3556],"tipVelocity":[5.77753,-62.0186,9.16635],"tool":false,"touchDistance":0.355404,"touchZone":"hovering","type":1,"width":19.1147},{"bases":[[[0.684395,-0.725006,0.0772654],[0.637985,0.646786,0.417902],[-0.352956,-0.236716,0.9052]],[[0.671894,-0.732694,0.10825],[0.655983,0.520841,-0.54627],[0.343868,0.438046,0.830585]],[[0.671894,-0.732694,0.10825],[-0.26504,-0.374332,-0.888611],[0.691601,0.568361,-0.445705]],[[0.671894,-0.732694,0.10825],[-0.674601,-0.665739,-0.318912],[0.305732,0.14125,-0.941582]]],"btipPosition":[-32.5802,149.2,0.328172],"carpPosition":[-15.4234,172.339,72.2895],"dipPosition":[-26.9026,151.823,-17.1574],"direction":[-0.691601,-0.568361,0.445705],"extended":false,"handId":409,"id":4092,"length":66.2163,"mcpPosition":[8.91125,188.66,9.88024],"pipPosition":[-7.46786,167.795,-29.6822],"stabilizedTipPosition":[-32.525,152.444,-4.89286],"timeVisible":15.7267,"tipPosition":[-31.477,149.615,-3.67905],"tipVelocity":[19.1652,-37.6432,8.54389],"tool":false,"touchDistance":0.333333,"touchZone":"none","type":2,"width":18.7732},{"bases":[[[0.574941,-0.798619,0.177906],[0.673675,0.585459,0.450998],[-0.464332,-0.139446,0.874614]],[[0.585125,-0.79532,0.158412],[0.727164,0.428096,-0.536625],[0.358973,0.429184,0.828818]],[[0.585125,-0.79532,0.158412],[-0.254963,-0.365858,-0.895065],[0.76982,0.483336,-0.416849]],[[0.585125,-0.79532,0.158412],[-0.713317,-0.597691,-0.365985],[0.385757,0.101149,-0.917039]]],"btipPosition":[-21.6051,138.931,10.4698],"carpPosition":[-6.30167,164.348,72.8609],"dipPosition":[-14.4826,140.799,-6.46207],"direction":[-0.76982,-0.483336,0.416849],"extended":false,"handId":409,"id":4093,"length":63.6687,"mcpPosition":[22.4411,172.98,18.7211],"pipPosition":[6.59146,154.03,-17.8735],"stabilizedTipPosition":[-21.5639,142.798,4.3937],"timeVisible":15.7267,"tipPosition":[-20.1641,139.243,6.78314],"tipVelocity":[18.2541,-37.0348,15.633],"tool":false,"touchDistance":0.333333,"touchZone":"none","type":3,"width":17.8639},{"bases":[[[0.398068,-0.895074,0.200958],[0.711212,0.439482,0.548665],[-0.579413,-0.0754825,0.811531]],[[0.472246,-0.87684,0.0901979],[0.796096,0.380339,-0.470715],[0.378436,0.2941,0.877662]],[[0.472246,-0.87684,0.0901979],[-0.250745,-0.231731,-0.939908],[0.84505,0.421252,-0.329298]],[[0.472246,-0.87684,0.0901979],[-0.753377,-0.454626,-0.47512],[0.45761,0.156421,-0.875286]]],"btipPosition":[-6.04481,134.235,16.8884],"carpPosition":[-1.89462,150.992,72.7838],"dipPosition":[1.7499,136.899,1.9792],"direction":[-0.84505,-0.421252,0.329298],"extended":false,"handId":409,"id":4094,"length":49.9151,"mcpPosition":[31.3066,155.318,26.282],"pipPosition":[18.0832,145.041,-4.38552],"stabilizedTipPosition":[-6.09896,140.047,9.12572],"timeVisible":15.7267,"tipPosition":[-4.3011,134.808,13.2506],"tipVelocity":[10.1203,-36.7827,30.3276],"tool":false,"touchDistance":0.333333,"touchZone":"none","type":4,"width":15.8681}],"r":[[0.835031,-0.549809,0.020808],[0.55017,0.834796,-0.0206975],[-0.00599074,0.028731,0.999569]],"s":1.25938,"t":[-12.668,17.7155,-90.3066],"timestamp":88720575638},false],[3,{"currentFrameRate":55.3392,"devices":[],"gestures":[],"hands":[{"armBasis":[[0.774468,-0.613728,-0.15342],[0.626623,0.777529,0.0528507],[0.0868525,-0.137068,0.986747]],"armWidth":62.9686,"confidence":0.821412,"direction":[0.449605,0.324917,-0.832036],"elbow":[4.71853,119.862,340.073],"grabStrength":0,"id":409,"palmNormal":[-0.466023,-0.709341,-0.528827],"palmPosition":[-2.19245,175.456,28.8736],"palmVelocity":[-2.98927,-22.6808,14.3922],"palmWidth":89.917,"pinchStrength":1,"r":[[0.83567,-0.548667,0.0248913],[0.549183,0.83534,-0.0245942],[-0.00729864,0.0342225,0.999388]],"s":1.25849,"sphereCenter":[-27.3235,165.072,-11.6817],"sphereRadius":45.6962,"stabilizedPalmPosition":[-2.3938,177.295,27.679],"t":[-12.7343,17.3261,-90.0602],"timeVisible":15.7449,"type":"right","wrist":[-18.4551,156.434,76.7931]}],"id":1413731,"interactionBox":{"center":[0,200,0],"size":[235.247,235.247,147.751]},"pointables":[{"bases":[[[0.811192,0.446151,0.378043],[-0.580323,0.693831,0.426407],[-0.072056,-0.565285,0.821743]],[[0.76878,0.639488,0.00573167],[-0.629359,0.754952,0.184268],[0.11351,-0.145269,0.982859]],[[0.76878,0.639488,0.00573167],[-0.592736,0.715883,-0.369019],[-0.240086,0.280297,0.929404]],[[0.76878,0.639488,0.00573167],[-0.448673,0.545728,-0.707724],[-0.455709,0.541512,0.706466]]],"btipPosition":[-33.3873,150.585,-26.8933],"carpPosition":[-46.4168,165.387,69.2439],"dipPosition":[-43.9268,163.108,-10.5545],"direction":[0.240086,-0.280297,-0.929404],"extended":false,"handId":409,"id":4090,"length":51.5018,"mcpPosition":[-46.4168,165.387,69.2439],"pipPosition":[-52.0161,172.553,20.7604],"stabilizedTipPosition":[-35.694,154.642,-23.4283],"timeVisible":15.7449,"tipPosition":[-35.1312,153.964,-23.0121],"tipVelocity":[-4.87506,-49.3904,11.9536],"tool":false,"touchDistance":0.380375,"touchZone":"hovering","type":0,"width":20.0112},{"bases":[[[0.826694,-0.562077,0.0254256],[0.507636,0.764586,0.397131],[-0.242659,-0.315399,0.917409]],[[0.853229,-0.510119,-0.108528],[0.521283,0.827675,0.207888],[-0.0162215,-0.23395,0.972113]],[[0.853229,-0.510119,-0.108528],[0.512891,0.858449,-0.0027353],[0.0945613,-0.0533294,0.99409]],[[0.853229,-0.510119,-0.108528],[0.491299,0.855992,-0.160944],[0.175,0.084002,0.980978]]],"btipPosition":[-13.4671,210.262,-76.2774],"carpPosition":[-26.5842,177.543,71.9991],"dipPosition":[-10.5124,211.68,-59.7144],"direction":[-0.0945613,0.0533294,-0.99409],"extended":true,"handId":409,"id":4091,"length":58.114,"mcpPosition":[-8.94242,200.474,5.30159],"pipPosition":[-8.25372,210.406,-35.9702],"stabilizedTipPosition":[-12.7079,211.047,-72.4704],"timeVisible":15.7449,"tipPosition":[-12.1917,211.134,-72.3824],"tipVelocity":[-2.91749,-52.0038,4.03596],"tool":false,"touchDistance":0.352767,"touchZone":"hovering","type":1,"width":19.1147},{"bases":[[[0.687576,-0.721574,0.081061],[0.634639,0.651443,0.415758],[-0.352807,-0.234421,0.905856]],[[0.674994,-0.729232,0.112266],[0.655373,0.52269,-0.545235],[0.338923,0.441607,0.830732]],[[0.674994,-0.729232,0.112266],[-0.261684,-0.37888,-0.887678],[0.689858,0.569799,-0.44657]],[[0.674994,-0.729232,0.112266],[-0.671705,-0.670308,-0.315435],[0.305278,0.137507,-0.942283]]],"btipPosition":[-32.512,148.809,0.462978],"carpPosition":[-15.6379,172.247,72.4392],"dipPosition":[-26.8429,151.363,-17.0356],"direction":[-0.689858,-0.569799,0.44657],"extended":false,"handId":409,"id":4092,"length":66.2163,"mcpPosition":[8.68643,188.41,9.98472],"pipPosition":[-7.45715,167.375,-29.5847],"stabilizedTipPosition":[-32.1858,151.659,-4.55001],"timeVisible":15.7449,"tipPosition":[-31.4355,149.189,-3.5087],"tipVelocity":[11.7483,-30.3354,7.92139],"tool":false,"touchDistance":0.333333,"touchZone":"none","type":2,"width":18.7732},{"bases":[[[0.578352,-0.795248,0.181908],[0.670572,0.590421,0.449152],[-0.464589,-0.137786,0.874741]],[[0.588621,-0.791959,0.162254],[0.727813,0.431793,-0.53277],[0.351872,0.43169,0.83056]],[[0.588621,-0.791959,0.162254],[-0.245977,-0.366648,-0.897254],[0.770078,0.488232,-0.410621]],[[0.588621,-0.791959,0.162254],[-0.707315,-0.601718,-0.370998],[0.391447,0.103613,-0.914349]]],"btipPosition":[-21.567,138.49,10.358],"carpPosition":[-6.48088,164.3,73.054],"dipPosition":[-14.3395,140.403,-6.52428],"direction":[-0.770078,-0.488232,0.410621],"extended":false,"handId":409,"id":4093,"length":63.6687,"mcpPosition":[22.2778,172.829,18.9063],"pipPosition":[6.74168,153.769,-17.7652],"stabilizedTipPosition":[-21.2233,142.004,4.82088],"timeVisible":15.7449,"tipPosition":[-20.1018,138.84,6.80713],"tipVelocity":[11.1694,-30.6451,5.5312],"tool":false,"touchDistance":0.333333,"touchZone":"none","type":3,"width":17.8639},{"bases":[[[0.401892,-0.8924,0.205197],[0.708666,0.445035,0.547482],[-0.579893,-0.0746129,0.811269]],[[0.476112,-0.874301,0.0944142],[0.794826,0.381907,-0.471591],[0.376255,0.299573,0.876748]],[[0.476112,-0.874301,0.0944142],[-0.248788,-0.236897,-0.93914],[0.843458,0.423647,-0.330305]],[[0.476112,-0.874301,0.0944142],[-0.750849,-0.460059,-0.473889],[0.457758,0.154733,-0.875509]]],"btipPosition":[-6.03188,133.948,17.2135],"carpPosition":[-2.01362,150.964,73.0387],"dipPosition":[1.76535,136.583,2.30045],"direction":[-0.843458,-0.423647,0.330305],"extended":false,"handId":409,"id":4094,"length":49.9151,"mcpPosition":[31.215,155.239,26.5518],"pipPosition":[18.0678,144.772,-4.08374],"stabilizedTipPosition":[-5.91479,139.503,9.58681],"timeVisible":15.7449,"tipPosition":[-4.28664,134.513,13.5755],"tipVelocity":[5.64129,-26.919,24.3475],"tool":false,"touchDistance":0.333333,"touchZone":"none","type":4,"width":15.8681}],"r":[[0.83567,-0.548667,0.0248913],[0.549183,0.83534,-0.0245942],[-0.00729864,0.0342225,0.999388]],"s":1.25849,"t":[-12.7343,17.3261,-90.0602],"timestamp":88720593843},false],[4,{"currentFrameRate":55.3671,"devices":[],"gestures":[],"hands":[{"armBasis":[[0.77711,-0.61091,-0.151293],[0.623611,0.779857,0.0541473],[0.0849078,-0.136426,0.987005]],"armWidth":62.9686,"confidence":0.832802,"direction":[0.44878,0.322806,-0.833302],"elbow":[4.03168,119.941,340.387],"grabStrength":0,"id":409,"palmNormal":[-0.46388,-0.712859,-0.525973],"palmPosition":[-2.40876,175.214,29.0435],"palmVelocity":[-7.27171,-18.3351,12.0578],"palmWidth":89.917,"pinchStrength":1,"r":[[0.836495,-0.547227,0.0286266],[0.547911,0.836055,-0.0283859],[-0.00839984,0.0394295,0.999187]],"s":1.25756,"sphereCenter":[-27.4697,164.544,-11.492],"sphereRadius":45.6854,"stabilizedPalmPosition":[-2.39644,176.927,27.9202],"t":[-12.8755,17.0101,-89.852],"timeVisible":15.7629,"type":"right","wrist":[-18.6231,156.341,77.0385]}],"id":1413732,"interactionBox":{"center":[0,200,0],"size":[235.247,235.247,147.751]},"pointables":[{"bases":[[[0.809835,0.450058,0.376318],[-0.582402,0.693884,0.423476],[-0.0705321,-0.562114,0.824047]],[[0.766386,0.642378,0.00143768],[-0.632186,0.753825,0.179135],[0.113988,-0.138195,0.983824]],[[0.766386,0.642378,0.00143768],[-0.596129,0.712038,-0.370988],[-0.239338,0.283463,0.928637]],[[0.766386,0.642378,0.00143768],[-0.453067,0.542113,-0.707703],[-0.455393,0.541723,0.706508]]],"btipPosition":[-33.6362,149.919,-26.7111],"carpPosition":[-46.6096,165.181,69.4488],"dipPosition":[-44.1684,162.448,-10.3712],"direction":[0.239338,-0.283463,-0.928636],"extended":false,"handId":409,"id":4090,"length":51.5018,"mcpPosition":[-46.6096,165.181,69.4488],"pipPosition":[-52.2325,171.998,20.9178],"stabilizedTipPosition":[-35.8417,153.896,-23.2357],"timeVisible":15.7629,"tipPosition":[-35.3808,153.315,-22.8091],"tipVelocity":[-9.07867,-43.5272,11.1036],"tool":false,"touchDistance":0.378408,"touchZone":"hovering","type":0,"width":20.0112},{"bases":[[[0.828322,-0.55956,0.0278448],[0.505351,0.767684,0.394058],[-0.241875,-0.312335,0.918664]],[[0.854656,-0.508305,-0.10578],[0.518956,0.830173,0.203709],[-0.0157306,-0.228997,0.9733]],[[0.854656,-0.508305,-0.10578],[0.510618,0.859787,-0.00596775],[0.093982,-0.0489129,0.994372]],[[0.854656,-0.508305,-0.10578],[0.489299,0.856687,-0.163319],[0.173636,0.087823,0.980886]]],"btipPosition":[-13.7367,209.522,-76.2664],"carpPosition":[-26.8128,177.407,72.1568],"dipPosition":[-10.805,211.005,-59.705],"direction":[-0.093982,0.0489129,-0.994372],"extended":true,"handId":409,"id":4091,"length":58.114,"mcpPosition":[-9.22802,200.114,5.36808],"pipPosition":[-8.56016,209.837,-35.9541],"stabilizedTipPosition":[-12.9163,210.351,-72.4627],"timeVisible":15.7629,"tipPosition":[-12.4981,210.408,-72.3705],"tipVelocity":[-8.77615,-46.4837,2.40488],"tool":false,"touchDistance":0.350982,"touchZone":"hovering","type":1,"width":19.1147},{"bases":[[[0.68966,-0.719231,0.0841157],[0.63268,0.654988,0.413166],[-0.352257,-0.231726,0.906763]],[[0.677014,-0.726843,0.115549],[0.654741,0.523121,-0.545581],[0.336106,0.44502,0.830054]],[[0.677014,-0.726843,0.115549],[-0.259752,-0.382879,-0.886528],[0.688608,0.570178,-0.448013]],[[0.677014,-0.726843,0.115549],[-0.669878,-0.6736,-0.312293],[0.304822,0.134023,-0.942933]]],"btipPosition":[-32.5855,148.412,0.666221],"carpPosition":[-15.8513,172.145,72.6201],"dipPosition":[-26.9248,150.901,-16.8444],"direction":[-0.688608,-0.570178,0.448013],"extended":false,"handId":409,"id":4092,"length":66.2163,"mcpPosition":[8.43516,188.121,10.1031],"pipPosition":[-7.57421,166.924,-29.4341],"stabilizedTipPosition":[-31.9697,151.018,-4.26523],"timeVisible":15.7629,"tipPosition":[-31.5222,148.768,-3.28143],"tipVelocity":[4.20377,-26.8306,9.45305],"tool":false,"touchDistance":0.333333,"touchZone":"none","type":2,"width":18.7732},{"bases":[[[0.580636,-0.792808,0.185249],[0.668785,0.594208,0.446815],[-0.464315,-0.135545,0.875237]],[[0.591116,-0.789496,0.165159],[0.728506,0.434691,-0.529455],[0.346209,0.433289,0.832106]],[[0.591116,-0.789496,0.165159],[-0.236388,-0.365341,-0.900359],[0.77117,0.493175,-0.402586]],[[0.591116,-0.789496,0.165159],[-0.700905,-0.60411,-0.379189],[0.399142,0.108383,-0.910461]]],"btipPosition":[-21.6962,137.984,10.1821],"carpPosition":[-6.67122,164.227,73.2687],"dipPosition":[-14.3266,139.985,-6.62837],"direction":[-0.77117,-0.493175,0.402586],"extended":false,"handId":409,"id":4093,"length":63.6687,"mcpPosition":[22.0705,172.617,19.0904],"pipPosition":[6.78441,153.486,-17.6493],"stabilizedTipPosition":[-20.962,141.243,5.14059],"timeVisible":15.7629,"tipPosition":[-20.1754,138.406,6.78606],"tipVelocity":[3.34186,-28.9421,-1.28288],"tool":false,"touchDistance":0.333333,"touchZone":"none","type":3,"width":17.8639},{"bases":[[[0.404457,-0.890376,0.208913],[0.707287,0.449339,0.545746],[-0.579793,-0.0729692,0.81149]],[[0.478652,-0.872513,0.0980484],[0.793755,0.382283,-0.473088],[0.375293,0.304271,0.875542]],[[0.478652,-0.872513,0.0980484],[-0.248003,-0.24148,-0.93818],[0.842251,0.424745,-0.331971]],[[0.478652,-0.872513,0.0980484],[-0.74945,-0.46419,-0.472072],[0.457402,0.152476,-0.87609]]],"btipPosition":[-6.12617,133.646,17.5552],"carpPosition":[-2.16519,150.904,73.3088],"dipPosition":[1.66501,136.243,2.63224],"direction":[-0.842251,-0.424745,0.331971],"extended":false,"handId":409,"id":4094,"length":49.9151,"mcpPosition":[31.0577,155.085,26.8093],"pipPosition":[17.9442,144.453,-3.78414],"stabilizedTipPosition":[-5.78865,139.084,9.9488],"timeVisible":15.7629,"tipPosition":[-4.38164,134.202,13.9157],"tipVelocity":[0.452608,-22.3541,21.7673],"tool":false,"touchDistance":0.333333,"touchZone":"none","type":4,"width":15.8681}],"r":[[0.836495,-0.547227,0.0286266],[0.547911,0.836055,-0.0283859],[-0.00839984,0.0394295,0.999187]],"s":1.25756,"t":[-12.8755,17.0101,-89.852],"timestamp":88720611808},false],[5,{"currentFrameRate":55.3463,"devices":[],"gestures":[],"hands":[{"armBasis":[[0.779256,-0.608627,-0.149445],[0.621115,0.781806,0.0547346],[0.0835243,-0.135475,0.987254]],"armWidth":62.9686,"confidence":0.843672,"direction":[0.447542,0.32079,-0.834745],"elbow":[3.4963,120.137,340.705],"grabStrength":0,"id":409,"palmNormal":[-0.462457,-0.715915,-0.523067],"palmPosition":[-2.64695,175.017,29.2163],"palmVelocity":[-10.0628,-14.7644,10.8516],"palmWidth":89.917,"pinchStrength":1,"r":[[0.837415,-0.545634,0.0319209],[0.54649,0.83685,-0.0321046],[-0.00919567,0.0443293,0.998975]],"s":1.25664,"sphereCenter":[-27.6805,164.105,-11.2836],"sphereRadius":45.6793,"stabilizedPalmPosition":[-2.43705,176.618,28.1303],"t":[-13.0653,16.7538,-89.6615],"timeVisible":15.781,"type":"right","wrist":[-18.7893,156.284,77.29]}],"id":1413733,"interactionBox":{"center":[0,200,0],"size":[235.247,235.247,147.751]},"pointables":[{"bases":[[[0.80896,0.453393,0.374192],[-0.583833,0.69405,0.421229],[-0.0687255,-0.559223,0.826164]],[[0.764379,0.64476,-0.00290987],[-0.634472,0.75297,0.174588],[0.114759,-0.131605,0.984637]],[[0.764379,0.64476,-0.00290987],[-0.599257,0.708753,-0.372236],[-0.237941,0.286274,0.928133]],[[0.764379,0.64476,-0.00290987],[-0.456888,0.538457,-0.708038],[-0.454948,0.542539,0.706169]]],"btipPosition":[-33.9232,149.327,-26.4919],"carpPosition":[-46.8012,165.029,69.6833],"dipPosition":[-44.445,161.875,-10.1599],"direction":[0.237941,-0.286274,-0.928133],"extended":false,"handId":409,"id":4090,"length":51.5018,"mcpPosition":[-46.8012,165.029,69.6833],"pipPosition":[-52.4621,171.521,21.1122],"stabilizedTipPosition":[-36.0356,153.246,-23.0423],"timeVisible":15.781,"tipPosition":[-35.6762,152.746,-22.5783],"tipVelocity":[-12.2277,-38.2102,11.5235],"tool":false,"touchDistance":0.377162,"touchZone":"hovering","type":0,"width":20.0112},{"bases":[[[0.829679,-0.557463,0.0294527],[0.503723,0.770351,0.390926],[-0.240616,-0.309507,0.919951]],[[0.855744,-0.506875,-0.103821],[0.517187,0.83225,0.199693],[-0.0148141,-0.224581,0.974343]],[[0.855744,-0.506875,-0.103821],[0.508805,0.860835,-0.00894532],[0.0939071,-0.0451699,0.994556]],[[0.855744,-0.506875,-0.103821],[0.48768,0.857213,-0.16539],[0.172829,0.0909005,0.980748]]],"btipPosition":[-14.0712,208.892,-76.2283],"carpPosition":[-27.0324,177.312,72.3349],"dipPosition":[-11.1532,210.427,-59.6692],"direction":[-0.0939071,0.0451699,-0.994556],"extended":true,"handId":409,"id":4091,"length":58.114,"mcpPosition":[-9.5391,199.813,5.4526],"pipPosition":[-8.91016,209.348,-35.9139],"stabilizedTipPosition":[-13.1864,209.734,-72.4387],"timeVisible":15.781,"tipPosition":[-12.8701,209.782,-72.3321],"tipVelocity":[-13.4643,-40.5668,2.2477],"tool":false,"touchDistance":0.349782,"touchZone":"hovering","type":1,"width":19.1147},{"bases":[[[0.691432,-0.717257,0.0863928],[0.631333,0.658032,0.41038],[-0.351197,-0.229207,0.907813]],[[0.678758,-0.724817,0.118014],[0.653584,0.522972,-0.547108],[0.334836,0.448486,0.828701]],[[0.678758,-0.724817,0.118014],[-0.258635,-0.386351,-0.885348],[0.68731,0.570415,-0.449701]],[[0.678758,-0.724817,0.118014],[-0.668278,-0.676274,-0.309932],[0.304454,0.131503,-0.943406]]],"btipPosition":[-32.7614,148.047,0.905921],"carpPosition":[-16.0579,172.077,72.8115],"dipPosition":[-27.1076,150.489,-16.6135],"direction":[-0.68731,-0.570415,0.449701],"extended":false,"handId":409,"id":4092,"length":66.2163,"mcpPosition":[8.15545,187.88,10.2221],"pipPosition":[-7.79344,166.518,-29.2506],"stabilizedTipPosition":[-31.8603,150.5,-4.01978],"timeVisible":15.781,"tipPosition":[-31.6969,148.395,-3.02643],"tipVelocity":[-2.45994,-23.9413,11.1916],"tool":false,"touchDistance":0.333333,"touchZone":"none","type":2,"width":18.7732},{"bases":[[[0.582642,-0.79072,0.18786],[0.667603,0.597464,0.444233],[-0.463504,-0.133413,0.875994]],[[0.593198,-0.787425,0.167564],[0.729317,0.437484,-0.526028],[0.340901,0.434246,0.833797]],[[0.593198,-0.787425,0.167564],[-0.227698,-0.363744,-0.903241],[0.772185,0.497647,-0.395067]],[[0.593198,-0.787425,0.167564],[-0.695323,-0.606027,-0.386338],[0.40576,0.112664,-0.907009]]],"btipPosition":[-21.8494,137.566,10.0066],"carpPosition":[-6.85853,164.184,73.4843],"dipPosition":[-14.3576,139.646,-6.74014],"direction":[-0.772185,-0.497647,0.395067],"extended":false,"handId":409,"id":4093,"length":63.6687,"mcpPosition":[21.8329,172.442,19.2592],"pipPosition":[6.78125,153.269,-17.5552],"stabilizedTipPosition":[-20.7826,140.556,5.35828],"timeVisible":15.781,"tipPosition":[-20.2896,138.044,6.74996],"tipVelocity":[-1.53375,-25.6666,-4.89557],"tool":false,"touchDistance":0.333333,"touchZone":"none","type":3,"width":17.8639},{"bases":[[[0.40671,-0.888622,0.211984],[0.706508,0.453055,0.54368],[-0.579166,-0.0713516,0.812081]],[[0.480812,-0.870988,0.100994],[0.792547,0.382434,-0.474988],[0.375085,0.308422,0.874178]],[[0.480812,-0.870988,0.100994],[-0.247985,-0.245558,-0.937126],[0.841025,0.425537,-0.33406]],[[0.480812,-0.870988,0.100994],[-0.748606,-0.46774,-0.469902],[0.456518,0.15033,-0.876922]]],"btipPosition":[-6.2713,133.398,17.886],"carpPosition":[-2.32048,150.872,73.5712],"dipPosition":[1.50481,135.959,2.94889],"direction":[-0.841025,-0.425537,0.33406],"extended":false,"handId":409,"id":4094,"length":49.9151,"mcpPosition":[30.8666,154.96,27.0379],"pipPosition":[17.7603,144.183,-3.50787],"stabilizedTipPosition":[-5.70546,138.759,10.2356],"timeVisible":15.781,"tipPosition":[-4.52972,133.945,14.244],"tipVelocity":[-3.66547,-18.4436,19.9997],"tool":false,"touchDistance":0.333333,"touchZone":"none","type":4,"width":15.8681}],"r":[[0.837415,-0.545634,0.0319209],[0.54649,0.83685,-0.0321046],[-0.00919567,0.0443293,0.998975]],"s":1.25664,"t":[-13.0653,16.7538,-89.6615],"timestamp":88720629948},false],[6,{"currentFrameRate":55.3415,"devices":[],"gestures":[],"hands":[{"armBasis":[[0.779964,-0.607844,-0.148937],[0.620053,0.782814,0.0523028],[0.0847978,-0.133143,0.987463]],"armWidth":62.9686,"confidence":0.855501,"direction":[0.446279,0.318007,-0.836485],"elbow":[3.59514,120.743,341.062],"grabStrength":0,"id":409,"palmNormal":[-0.462198,-0.718499,-0.519743],"palmPosition":[-2.96097,174.83,29.4269],"palmVelocity":[-13.533,-12.6621,11.2275],"palmWidth":89.917,"pinchStrength":1,"r":[[0.83828,-0.544129,0.0348002],[0.545156,0.837568,-0.0358607],[-0.00963463,0.0490328,0.998751]],"s":1.25566,"sphereCenter":[-27.9887,163.671,-11.0201],"sphereRadius":45.6677,"stabilizedPalmPosition":[-2.51405,176.355,28.3208],"t":[-13.3171,16.5322,-89.461],"timeVisible":15.7991,"type":"right","wrist":[-19.0303,156.268,77.5914]}],"id":1413734,"interactionBox":{"center":[0,200,0],"size":[235.247,235.247,147.751]},"pointables":[{"bases":[[[0.808841,0.455786,0.37153],[-0.584175,0.695039,0.41912],[-0.0671988,-0.55604,0.828435]],[[0.763241,0.646069,-0.00757949],[-0.63567,0.752954,0.170248],[0.115699,-0.125122,0.985372]],[[0.763241,0.646069,-0.00757949],[-0.601512,0.706222,-0.37341],[-0.235896,0.289561,0.927636]],[[0.763241,0.646069,-0.00757949],[-0.459821,0.534899,-0.708836],[-0.453903,0.544498,0.705333]]],"btipPosition":[-34.3217,148.774,-26.1948],"carpPosition":[-47.0603,164.951,69.9805],"dipPosition":[-44.8194,161.367,-9.88217],"direction":[0.235896,-0.289561,-0.927636],"extended":false,"handId":409,"id":4090,"length":51.5018,"mcpPosition":[-47.0603,164.951,69.9805],"pipPosition":[-52.7676,171.123,21.3731],"stabilizedTipPosition":[-36.2838,152.687,-22.83],"timeVisible":15.7991,"tipPosition":[-36.0845,152.22,-22.2783],"tipVelocity":[-16.7449,-34.325,13.7357],"tool":false,"touchDistance":0.377167,"touchZone":"hovering","type":0,"width":20.0112},{"bases":[[[0.830348,-0.556397,0.0307552],[0.50326,0.77246,0.387344],[-0.239274,-0.306152,0.921422]],[[0.856127,-0.506583,-0.102078],[0.516584,0.833721,0.195066],[-0.0137123,-0.219733,0.975464]],[[0.856127,-0.506583,-0.102078],[0.508089,0.861212,-0.0126054],[0.0942968,-0.0410731,0.994696]],[[0.856127,-0.506583,-0.102078],[0.487061,0.857022,-0.168179],[0.17268,0.0942639,0.980457]]],"btipPosition":[-14.4927,208.243,-76.1538],"carpPosition":[-27.3027,177.267,72.5623],"dipPosition":[-11.5771,209.835,-59.5997],"direction":[-0.0942968,0.0410731,-0.994696],"extended":true,"handId":409,"id":4091,"length":58.114,"mcpPosition":[-9.907,199.525,5.57307],"pipPosition":[-9.32483,208.854,-35.841],"stabilizedTipPosition":[-13.5185,209.146,-72.3905],"timeVisible":15.7991,"tipPosition":[-13.3264,209.143,-72.2581],"tipVelocity":[-18.1568,-38.0041,3.10614],"tool":false,"touchDistance":0.349236,"touchZone":"hovering","type":1,"width":19.1147},{"bases":[[[0.692345,-0.716122,0.0884736],[0.63102,0.660364,0.407103],[-0.34996,-0.226027,0.909087]],[[0.679644,-0.723609,0.120305],[0.652939,0.52203,-0.548776],[0.334296,0.451525,0.827267]],[[0.679644,-0.723609,0.120305],[-0.257655,-0.389047,-0.884452],[0.686802,0.570116,-0.450856]],[[0.679644,-0.723609,0.120305],[-0.667249,-0.677984,-0.308408],[0.304732,0.129334,-0.943616]]],"btipPosition":[-33.0758,147.701,1.15892],"carpPosition":[-16.3218,172.047,73.0477],"dipPosition":[-27.4168,150.103,-16.3644],"direction":[-0.686802,-0.570116,0.450855],"extended":false,"handId":409,"id":4092,"length":66.2163,"mcpPosition":[7.80631,187.63,10.3705],"pipPosition":[-8.11689,166.123,-29.0339],"stabilizedTipPosition":[-31.8442,150.081,-3.80537],"timeVisible":15.7991,"tipPosition":[-32.0008,148.053,-2.74145],"tipVelocity":[-9.52165,-21.8916,12.4976],"tool":false,"touchDistance":0.333333,"touchZone":"none","type":2,"width":18.7732},{"bases":[[[0.583747,-0.789308,0.190346],[0.667395,0.599972,0.441156],[-0.46241,-0.130487,0.877012]],[[0.594502,-0.786007,0.169588],[0.730234,0.439452,-0.523106],[0.33664,0.434827,0.835224]],[[0.594502,-0.786007,0.169588],[-0.220331,-0.36207,-0.905737],[0.773319,0.501097,-0.388433]],[[0.594502,-0.786007,0.169588],[-0.690873,-0.607213,-0.392411],[0.411414,0.116125,-0.904021]]],"btipPosition":[-22.1185,137.183,9.90117],"carpPosition":[-7.11264,164.167,73.7418],"dipPosition":[-14.5222,139.327,-6.79037],"direction":[-0.773319,-0.501097,0.388433],"extended":false,"handId":409,"id":4093,"length":63.6687,"mcpPosition":[21.5112,172.244,19.4536],"pipPosition":[6.6476,153.045,-17.4238],"stabilizedTipPosition":[-20.6971,139.958,5.50459],"timeVisible":15.7991,"tipPosition":[-20.5306,137.709,6.76584],"tipVelocity":[-7.24622,-23.1289,-5.00525],"tool":false,"touchDistance":0.333333,"touchZone":"none","type":3,"width":17.8639},{"bases":[[[0.407954,-0.887316,0.215046],[0.706572,0.456,0.541128],[-0.578213,-0.0688101,0.812979]],[[0.481928,-0.87003,0.103889],[0.791574,0.381466,-0.477384],[0.375708,0.3123,0.872532]],[[0.481928,-0.87003,0.103889],[-0.248752,-0.24954,-0.93587],[0.840159,0.425179,-0.336682]],[[0.481928,-0.87003,0.103889],[-0.748586,-0.470448,-0.467224],[0.455373,0.147398,-0.878014]]],"btipPosition":[-6.55029,133.162,18.2663],"carpPosition":[-2.55927,150.86,73.8762],"dipPosition":[1.20632,135.673,3.31061],"direction":[-0.840159,-0.425179,0.336682],"extended":false,"handId":409,"id":4094,"length":49.9151,"mcpPosition":[30.5731,154.803,27.2914],"pipPosition":[17.445,143.891,-3.19684],"stabilizedTipPosition":[-5.65783,138.504,10.4684],"timeVisible":15.7991,"tipPosition":[-4.81286,133.698,14.6209],"tipVelocity":[-9.37399,-16.179,20.3763],"tool":false,"touchDistance":0.333333,"touchZone":"none","type":4,"width":15.8681}],"r":[[0.83828,-0.544129,0.0348002],[0.545156,0.837568,-0.0358607],[-0.00963463,0.0490328,0.998751]],