{"sensorType":"Leap","data":[[0,{"currentFrameRate":55.345,"devices":[],"gestures":[],"hands":[{"armBasis":[[0.96349,-0.26585,-0.0317915],[0.263781,0.922161,0.28291],[-0.0458947,-0.280967,0.958619]],"armWidth":62.9686,"confidence":0.470473,"direction":[0.237639,0.314043,-0.919187],"elbow":[-19.6847,136.786,343.57],"grabStrength":0,"id":409,"palmNormal":[-0.242898,-0.897019,-0.369266],"palmPosition":[-2.8797,227.025,36.1364],"palmVelocity":[-3.2152,349.429,-109.89],"palmWidth":89.917,"pinchStrength":0.438486,"r":[[0.977692,-0.210006,-0.00401136],[0.208137,0.971207,-0.115913],[0.0282383,0.112492,0.993251]],"s":1.39736,"sphereCenter":[-32.9859,212.474,-5.93172],"sphereRadius":58.4937,"stabilizedPalmPosition":[-2.86959,226.819,36.2073],"t":[-13.4197,62.2583,-80.5651],"timeVisible":19.5138,"type":"right","wrist":[-7.4393,211.753,87.7947]}],"id":1413939,"interactionBox":{"center":[0,200,0],"size":[235.247,235.247,147.751]},"pointables":[{"bases":[[[0.642077,0.738444,0.206001],[-0.741018,0.528907,0.413702],[0.196541,-0.418279,0.8868]],[[0.567028,0.822894,-0.0363921],[-0.818813,0.56792,0.0837351],[0.0895729,-0.0176818,0.995823]],[[0.567028,0.822894,-0.0363921],[-0.823555,0.567199,-0.00643971],[0.0153424,0.0336224,0.999317]],[[0.567028,0.822894,-0.0363921],[-0.808805,0.547869,-0.213713],[-0.155925,0.150616,0.976218]]],"btipPosition":[-38.66,206.136,-22.2653],"carpPosition":[-37.3307,209.88,83.1057],"dipPosition":[-42.2662,209.619,0.312268],"direction":[-0.0153424,-0.0336224,-0.999317],"extended":false,"handId":409,"id":4090,"length":51.5018,"mcpPosition":[-37.3307,209.88,83.1057],"pipPosition":[-41.7493,210.752,33.9828],"stabilizedTipPosition":[-39.4783,206.845,-17.0545],"timeVisible":19.5138,"tipPosition":[-40.8903,207.583,-16.7191],"tipVelocity":[-18.6613,264.15,-50.2125],"tool":false,"touchDistance":0.267186,"touchZone":"hovering","type":0,"width":20.0112},{"bases":[[[0.967042,-0.253876,-0.0193906],[0.251537,0.940765,0.227355],[-0.039478,-0.224739,0.973619]],[[0.967205,-0.252898,-0.0236171],[0.233208,0.847343,0.4771],[-0.100646,-0.466961,0.878532]],[[0.967205,-0.252898,-0.0236171],[0.244738,0.903025,0.353056],[-0.0679605,-0.347257,0.935304]],[[0.967205,-0.252898,-0.0236171],[0.251065,0.937801,0.239782],[-0.0384923,-0.237847,0.97054]]],"btipPosition":[-13.2122,276.529,-65.1974],"carpPosition":[-22.6285,228.054,81.6122],"dipPosition":[-13.8621,272.513,-48.8107],"direction":[0.0679605,0.347257,-0.935304],"extended":true,"handId":409,"id":4091,"length":58.114,"mcpPosition":[-19.7584,244.393,10.8281],"pipPosition":[-15.4853,264.218,-26.4706],"stabilizedTipPosition":[-13.3243,275.237,-61.2785],"timeVisible":19.5138,"tipPosition":[-13.96,272.701,-62.1551],"tipVelocity":[-18.6949,323.439,-129.598],"tool":false,"touchDistance":0.222895,"touchZone":"hovering","type":1,"width":19.1147},{"bases":[[[0.895673,-0.438538,0.0738548],[0.410478,0.879138,0.242124],[-0.171109,-0.186548,0.96743]],[[0.891266,-0.442928,0.0972632],[0.448623,0.892509,-0.0465313],[-0.0661983,0.0851063,0.99417]],[[0.891266,-0.442928,0.0972632],[0.379977,0.612358,-0.693278],[0.247512,0.654853,0.714076]],[[0.891266,-0.442928,0.0972632],[0.205276,0.202808,-0.957461],[0.40436,0.873318,0.271678]]],"btipPosition":[-10.0561,200.9,-57.971],"carpPosition":[-10.5419,226.712,81.1945],"dipPosition":[-2.54693,217.117,-52.9259],"direction":[-0.247512,-0.654853,-0.714076],"extended":false,"handId":409,"id":4092,"length":66.2163,"mcpPosition":[1.25527,239.573,14.4947],"pipPosition":[4.40843,235.52,-32.8596],"stabilizedTipPosition":[-8.21576,204.578,-56.8158],"timeVisible":19.5138,"tipPosition":[-7.30925,206.388,-58.0843],"tipVelocity":[-132.915,103.835,-22.4194],"tool":false,"touchDistance":0.241545,"touchZone":"hovering","type":2,"width":18.7732},{"bases":[[[0.827221,-0.526227,0.196951],[0.467757,0.839165,0.277498],[-0.311302,-0.137427,0.940322]],[[0.841086,-0.519099,0.152023],[0.53833,0.775977,-0.328725],[0.0526746,0.358324,0.93211]],[[0.841086,-0.519099,0.152023],[0.30816,0.228883,-0.923391],[0.444535,0.823498,0.352475]],[[0.841086,-0.519099,0.152023],[0.0288462,-0.237607,-0.970933],[0.540132,0.821023,-0.184874]]],"btipPosition":[-4.41551,177.331,-24.0802],"carpPosition":[0.782345,222.347,81.5178],"dipPosition":[5.5573,192.49,-27.4937],"direction":[-0.444535,-0.823498,-0.352475],"extended":false,"handId":409,"id":4093,"length":63.6687,"mcpPosition":[20.0523,230.854,23.3106],"pipPosition":[17.7266,215.033,-17.8445],"stabilizedTipPosition":[-0.903517,180.482,-25.7621],"timeVisible":19.5138,"tipPosition":[-0.412222,183.265,-27.1598],"tipVelocity":[-222.638,21.1968,162.52],"tool":false,"touchDistance":0.467686,"touchZone":"hovering","type":3,"width":17.8639},{"bases":[[[0.696897,-0.669969,0.255883],[0.561373,0.731642,0.38673],[-0.446312,-0.125865,0.885981]],[[0.714255,-0.664375,0.220104],[0.650984,0.746131,0.139669],[-0.257019,0.0435248,0.965426]],[[0.714255,-0.664375,0.220104],[0.649086,0.511178,-0.563368],[0.261775,0.545255,0.796348]],[[0.714255,-0.664375,0.220104],[0.413771,0.147201,-0.898402],[0.564476,0.732761,0.380038]]],"btipPosition":[29.364,194.015,-23.8445],"carpPosition":[9.48355,211.343,82.5229],"dipPosition":[38.979,206.496,-17.3711],"direction":[-0.261775,-0.545255,-0.796348],"extended":false,"handId":409,"id":4094,"length":49.9151,"mcpPosition":[35.0579,218.556,31.755],"pipPosition":[44.0387,217.035,-1.97915],"stabilizedTipPosition":[31.6362,196.758,-22.3083],"timeVisible":19.5138,"tipPosition":[33.5465,197.855,-23.0681],"tipVelocity":[-95.3112,209.046,-74.6813],"tool":false,"touchDistance":0.238556,"touchZone":"hovering","type":4,"width":15.8681}],"r":[[0.977692,-0.210006,-0.00401136],[0.208137,0.971207,-0.115913],[0.0282383,0.112492,0.993251]],"s":1.39736,"t":[-13.4197,62.2583,-80.5651],"timestamp":88724362760},false],[1,{"currentFrameRate":55.3123,"devices":[],"gestures":[],"hands":[{"armBasis":[[0.964811,-0.262128,-0.0206859],[0.258865,0.9331,0.249628],[-0.0461325,-0.246199,0.968121]],"armWidth":62.9686,"confidence":0.487479,"direction":[0.241743,0.320502,-0.915881],"elbow":[-20.345,151.292,343.252],"grabStrength":0,"id":409,"palmNormal":[-0.228743,-0.898453,-0.374779],"palmPosition":[-3.21591,232.509,33.3838],"palmVelocity":[-10.5026,326.541,-129.663],"palmWidth":89.917,"pinchStrength":0.461374,"r":[[0.977109,-0.212696,-0.00435056],[0.210083,0.967923,-0.137804],[0.0335215,0.133736,0.99045]],"s":1.41077,"sphereCenter":[-34.3094,219.35,-8.84206],"sphereRadius":58.8518,"stabilizedPalmPosition":[-3.19951,232.24,33.5174],"t":[-13.6218,68.1239,-82.9343],"timeVisible":19.532,"type":"right","wrist":[-8.03612,216.981,84.9419]}],"id":1413940,"interactionBox":{"center":[0,200,0],"size":[235.247,235.247,147.751]},"pointables":[{"bases":[[[0.631224,0.745381,0.214392],[-0.750962,0.51824,0.409247],[0.193939,-0.419327,0.886878]],[[0.558238,0.829281,-0.0257815],[-0.826058,0.558432,0.0760346],[0.0774513,-0.0211483,0.996772]],[[0.558238,0.829281,-0.0257815],[-0.82968,0.558028,-0.0153945],[0.00162042,0.0299842,0.999549]],[[0.558238,0.829281,-0.0257815],[-0.811106,0.538937,-0.227275],[-0.17458,0.147785,0.973489]]],"btipPosition":[-37.6984,211.378,-25.3767],"carpPosition":[-37.8608,214.763,79.9858],"dipPosition":[-41.736,214.796,-2.86226],"direction":[-0.00162042,-0.0299842,-0.999549],"extended":false,"handId":409,"id":4090,"length":51.5018,"mcpPosition":[-37.8608,214.763,79.9858],"pipPosition":[-41.6814,215.806,30.8161],"stabilizedTipPosition":[-38.6546,211.992,-20.0964],"timeVisible":19.532,"tipPosition":[-40.0638,212.732,-19.8948],"tipVelocity":[12.8775,275.226,-108.268],"tool":false,"touchDistance":0.233222,"touchZone":"hovering","type":0,"width":20.0112},{"bases":[[[0.970196,-0.242028,-0.0119391],[0.238077,0.942856,0.233115],[-0.0451637,-0.22901,0.972376]],[[0.970417,-0.240836,-0.0169895],[0.217495,0.84148,0.494578],[-0.104816,-0.483642,0.868967]],[[0.970417,-0.240836,-0.0169895],[0.229577,0.89869,0.373699],[-0.0747317,-0.366544,0.927394]],[[0.970417,-0.240836,-0.0169895],[0.236747,0.93542,0.262565],[-0.0473426,-0.25882,0.964765]]],"btipPosition":[-13.0509,283.429,-67.3372],"carpPosition":[-23.3687,233.121,78.6895],"dipPosition":[-13.8502,279.059,-51.048],"direction":[0.0747317,0.366544,-0.927394],"extended":true,"handId":409,"id":4091,"length":58.114,"mcpPosition":[-20.0852,249.77,7.99583],"pipPosition":[-15.6352,270.304,-28.8968],"stabilizedTipPosition":[-13.2408,281.939,-63.4346],"timeVisible":19.532,"tipPosition":[-13.7577,279.694,-64.3455],"tipVelocity":[-6.43952,347.964,-124.47],"tool":false,"touchDistance":0.219816,"touchZone":"hovering","type":1,"width":19.1147},{"bases":[[[0.900277,-0.427907,0.0799778],[0.397623,0.883107,0.249033],[-0.177192,-0.192397,0.965187]],[[0.895783,-0.432385,0.103032],[0.439597,0.896094,-0.0614033],[-0.0657764,0.100297,0.992781]],[[0.895783,-0.432385,0.103032],[0.368545,0.592915,-0.71598],[0.24849,0.679334,0.690476]],[[0.895783,-0.432385,0.103032],[0.191471,0.166173,-0.967329],[0.401137,0.886245,0.231645]]],"btipPosition":[-10.346,204.867,-59.1662],"carpPosition":[-11.2635,231.927,78.3719],"dipPosition":[-2.89672,221.324,-54.8644],"direction":[-0.24849,-0.679334,-0.690476],"extended":false,"handId":409,"id":4092,"length":66.2163,"mcpPosition":[0.953041,245.192,11.8268],"pipPosition":[4.0861,240.414,-35.4613],"stabilizedTipPosition":[-8.61797,208.508,-58.1288],"timeVisible":19.532,"tipPosition":[-7.52983,210.58,-59.565],"tipVelocity":[-77.4363,159.809,-47.564],"tool":false,"touchDistance":0.226921,"touchZone":"hovering","type":2,"width":18.7732},{"bases":[[[0.831836,-0.516903,0.202139],[0.455077,0.843695,0.284751],[-0.317733,-0.144878,0.937047]],[[0.845296,-0.509857,0.159752],[0.530745,0.766837,-0.36093],[0.0615188,0.38988,0.918808]],[[0.845296,-0.509857,0.159752],[0.292919,0.192161,-0.936628],[0.446848,0.838523,0.311779]],[[0.845296,-0.509857,0.159752],[0.0171121,-0.273007,-0.96186],[0.534024,0.81579,-0.222047]]],"btipPosition":[-5.03097,181.436,-24.2304],"carpPosition":[0.109853,227.699,78.7772],"dipPosition":[4.82908,196.498,-28.3302],"direction":[-0.446848,-0.838523,-0.311779],"extended":false,"handId":409,"id":4093,"length":63.6687,"mcpPosition":[19.7779,236.667,20.7728],"pipPosition":[17.0617,219.453,-19.7951],"stabilizedTipPosition":[-2.32989,183.871,-25.3105],"timeVisible":19.532,"tipPosition":[-1.15443,187.162,-27.481],"tipVelocity":[-133.189,118.215,76.856],"tool":false,"touchDistance":0.44963,"touchZone":"hovering","type":3,"width":17.8639},{"bases":[[[0.702768,-0.662446,0.259387],[0.549047,0.736891,0.394385],[-0.452399,-0.134745,0.881578]],[[0.722283,-0.655763,0.219731],[0.639287,0.754271,0.149623],[-0.263854,0.0324006,0.964018]],[[0.722283,-0.655763,0.219731],[0.642554,0.518783,-0.563905],[0.255795,0.548488,0.796072]],[[0.722283,-0.655763,0.219731],[0.406654,0.145703,-0.901889],[0.55941,0.740774,0.371907]]],"btipPosition":[29.6054,200.168,-26.106],"carpPosition":[8.93547,216.798,79.8161],"dipPosition":[39.1341,212.786,-19.7711],"direction":[-0.255795,-0.548488,-0.796072],"extended":false,"handId":409,"id":4094,"length":49.9151,"mcpPosition":[34.8586,224.519,29.3005],"pipPosition":[44.0782,223.387,-4.38447],"stabilizedTipPosition":[31.7903,202.805,-24.5507],"timeVisible":19.532,"tipPosition":[33.697,203.955,-25.3671],"tipVelocity":[-44.0002,271.539,-99.2087],"tool":false,"touchDistance":0.221157,"touchZone":"hovering","type":4,"width":15.8681}],"r":[[0.977109,-0.212696,-0.00435056],[0.210083,0.967923,-0.137804],[0.0335215,0.133736,0.99045]],"s":1.41077,"t":[-13.6218,68.1239,-82.9343],"timestamp":88724380952},false],[2,{"currentFrameRate":55.2917,"devices":[],"gestures":[],"hands":[{"armBasis":[[0.971228,-0.237987,-0.00881836],[0.231658,0.935517,0.266725],[-0.0552273,-0.261093,0.963732]],"armWidth":62.9686,"confidence":0.52786,"direction":[0.232348,0.322146,-0.917734],"elbow":[-22.8763,152.259,340.396],"grabStrength":0,"id":409,"palmNormal":[-0.207271,-0.905484,-0.370322],"palmPosition":[-3.78515,237.329,31.6211],"palmVelocity":[-20.4414,297.424,-114.13],"palmWidth":89.917,"pinchStrength":0.474639,"r":[[0.977674,-0.210076,-0.00471673],[0.206779,0.965836,-0.156216],[0.0373729,0.151753,0.987712]],"s":1.42279,"sphereCenter":[-35.9302,224.617,-10.3726],"sphereRadius":59.2468,"stabilizedPalmPosition":[-3.75241,237.045,31.7271],"t":[-14.0075,73.4668,-85.0003],"timeVisible":19.5502,"type":"right","wrist":[-8.14075,221.923,83.2571]}],"id":1413941,"interactionBox":{"center":[0,200,0],"size":[235.247,235.247,147.751]},"pointables":[{"bases":[[[0.613122,0.761583,0.209937],[-0.762772,0.501558,0.408191],[0.205576,-0.410404,0.88843]],[[0.538603,0.842086,-0.0282305],[-0.839019,0.539107,0.0735542],[0.0771582,-0.0159306,0.996892]],[[0.538603,0.842086,-0.0282305],[-0.842559,0.538254,-0.0194448],[-0.00117908,0.0342589,0.999412]],[[0.538603,0.842086,-0.0282305],[-0.822457,0.518182,-0.234632],[-0.182952,0.149592,0.971674]]],"btipPosition":[-37.4452,215.125,-26.9596],"carpPosition":[-37.9101,218.953,78.3623],"dipPosition":[-41.6765,218.584,-4.48706],"direction":[0.00117908,-0.0342589,-0.999412],"extended":false,"handId":409,"id":4090,"length":51.5018,"mcpPosition":[-37.9101,218.953,78.3623],"pipPosition":[-41.7162,219.739,29.1867],"stabilizedTipPosition":[-38.4292,215.741,-21.7136],"timeVisible":19.5502,"tipPosition":[-39.868,216.39,-21.5183],"tipVelocity":[12.2152,242.639,-98.4657],"tool":false,"touchDistance":0.222145,"touchZone":"hovering","type":0,"width":20.0112},{"bases":[[[0.975812,-0.218252,-0.0125119],[0.215286,0.949455,0.228443],[-0.0379787,-0.225611,0.973477]],[[0.976039,-0.21678,-0.018846],[0.196691,0.841904,0.502505],[-0.0930663,-0.494171,0.864369]],[[0.976039,-0.21678,-0.018846],[0.207306,0.900066,0.383283],[-0.0661254,-0.378006,0.923439]],[[0.976039,-0.21678,-0.018846],[0.2136,0.937985,0.273054],[-0.0415154,-0.270537,0.961814]]],"btipPosition":[-14.8814,288.633,-68.809],"carpPosition":[-23.8741,237.654,76.9582],"dipPosition":[-15.5823,284.065,-52.5697],"direction":[0.0661254,0.378006,-0.923439],"extended":true,"handId":409,"id":4091,"length":58.114,"mcpPosition":[-21.1129,254.056,6.18445],"pipPosition":[-17.1617,275.037,-30.513],"stabilizedTipPosition":[-14.9263,287.218,-64.9682],"timeVisible":19.5502,"tipPosition":[-15.4716,284.926,-65.8461],"tipVelocity":[-50.8352,317.534,-104.078],"tool":false,"touchDistance":0.223332,"touchZone":"hovering","type":1,"width":19.1147},{"bases":[[[0.910615,-0.405366,0.080364],[0.376274,0.893705,0.244356],[-0.170875,-0.192275,0.96635]],[[0.906191,-0.409922,0.103838],[0.418492,0.904591,-0.0811099],[-0.0606819,0.116956,0.991281]],[[0.906191,-0.409922,0.103838],[0.346976,0.580429,-0.736688],[0.241714,0.703609,0.668213]],[[0.906191,-0.409922,0.103838],[0.174462,0.138737,-0.974841],[0.385202,0.901508,0.197238]]],"btipPosition":[-11.0181,207.927,-59.657],"carpPosition":[-11.7438,236.755,76.6252],"dipPosition":[-3.86475,224.669,-55.9942],"direction":[-0.241714,-0.703609,-0.668213],"extended":false,"handId":409,"id":4092,"length":66.2163,"mcpPosition":[0.0372734,250.012,9.99995],"pipPosition":[2.92767,244.441,-37.2168],"stabilizedTipPosition":[-9.34949,211.677,-58.7934],"timeVisible":19.5502,"tipPosition":[-8.33768,213.712,-60.2304],"tipVelocity":[-59.9548,165.698,-41.6359],"tool":false,"touchDistance":0.224627,"touchZone":"hovering","type":2,"width":18.7732},{"bases":[[[0.844571,-0.495453,0.203044],[0.434732,0.855875,0.280154],[-0.312583,-0.14834,0.938236]],[[0.85726,-0.488598,0.162409],[0.509664,0.760452,-0.402438],[0.0731257,0.427768,0.900926]],[[0.85726,-0.488598,0.162409],[0.268781,0.155625,-0.950546],[0.43916,0.858518,0.264737]],[[0.85726,-0.488598,0.162409],[0.00401896,-0.30907,-0.951031],[0.514867,0.815934,-0.26299]]],"btipPosition":[-5.67753,184.537,-23.2179],"carpPosition":[-0.269653,232.809,77.03],"dipPosition":[3.82881,199.602,-28.0736],"direction":[-0.43916,-0.858518,-0.264737],"extended":false,"handId":409,"id":4093,"length":63.6687,"mcpPosition":[19.0796,241.992,18.952],"pipPosition":[15.8509,223.104,-20.8264],"stabilizedTipPosition":[-3.25999,187.18,-24.5289],"timeVisible":19.5502,"tipPosition":[-1.98467,190.152,-26.6968],"tipVelocity":[-88.8083,143.302,62.2372],"tool":false,"touchDistance":0.45058,"touchZone":"hovering","type":3,"width":17.8639},{"bases":[[[0.719198,-0.643851,0.26117],[0.531466,0.751904,0.390107],[-0.447546,-0.141761,0.882953]],[[0.740507,-0.636029,0.217063],[0.619118,0.771262,0.147808],[-0.261422,0.0249348,0.964902]],[[0.740507,-0.636029,0.217063],[0.62339,0.529415,-0.575417],[0.251065,0.561415,0.78853]],[[0.740507,-0.636029,0.217063],[0.387706,0.140484,-0.911015],[0.548938,0.75877,0.350621]]],"btipPosition":[29.3987,205.608,-27.4204],"carpPosition":[8.82198,222.132,78.103],"dipPosition":[38.749,218.533,-21.4481],"direction":[-0.251065,-0.561415,-0.78853],"extended":false,"handId":409,"id":4094,"length":49.9151,"mcpPosition":[34.467,230.255,27.5086],"pipPosition":[43.6017,229.384,-6.20726],"stabilizedTipPosition":[31.5595,208.335,-25.9832],"timeVisible":19.5502,"tipPosition":[33.3603,209.39,-26.8011],"tipVelocity":[-29.5298,286.787,-88.6152],"tool":false,"touchDistance":0.221479,"touchZone":"hovering","type":4,"width":15.8681}],"r":[[0.977674,-0.210076,-0.00471673],[0.206779,0.965836,-0.156216],[0.0373729,0.151753,0.987712]],"s":1.42279,"t":[-14.0075,73.4668,-85.0003],"timestamp":88724399109},false],[3,{"currentFrameRate":55.2949,"devices":[],"gestures":[],"hands":[{"armBasis":[[0.975185,-0.221054,-0.0122052],[0.215566,0.935521,0.279877],[-0.0504496,-0.275563,0.959958]],"armWidth":62.9686,"confidence":0.534619,"direction":[0.23435,0.327158,-0.915449],"elbow":[-22.4594,152.765,337.34],"grabStrength":0,"id":409,"palmNormal":[-0.193019,-0.907267,-0.373646],"palmPosition":[-4.49424,241.866,29.6358],"palmVelocity":[-29.3699,275.359,-112.092],"palmWidth":89.917,"pinchStrength":0.481616,"r":[[0.978659,-0.205458,-0.00381276],[0.201826,0.964517,-0.170216],[0.0386496,0.165814,0.985399]],"s":1.43312,"sphereCenter":[-37.1605,229.805,-12.5069],"sphereRadius":59.5679,"stabilizedPalmPosition":[-4.44464,241.543,29.7756],"t":[-14.5549,78.4063,-87.0259],"timeVisible":19.5683,"type":"right","wrist":[-8.99861,226.29,81.2082]}],"id":1413942,"interactionBox":{"center":[0,200,0],"size":[235.247,235.247,147.751]},"pointables":[{"bases":[[[0.601774,0.768984,0.215711],[-0.771944,0.490741,0.404074],[0.204868,-0.409678,0.888928]],[[0.528873,0.848463,-0.0200858],[-0.845879,0.528895,0.0689811],[0.0691512,-0.0194921,0.997416]],[[0.528873,0.848463,-0.0200858],[-0.848612,0.528326,-0.0270144],[-0.0123088,0.0313322,0.999433]],[[0.528873,0.848463,-0.0200858],[-0.824827,0.508278,-0.247616],[-0.199884,0.147525,0.96865]]],"btipPosition":[-37.0668,219.439,-29.1732],"carpPosition":[-38.6932,222.946,76.1052],"dipPosition":[-41.6897,222.851,-6.77066],"direction":[0.0123088,-0.0313322,-0.999433],"extended":false,"handId":409,"id":4090,"length":51.5018,"mcpPosition":[-38.6932,222.946,76.1052],"pipPosition":[-42.1044,223.907,26.9038],"stabilizedTipPosition":[-38.1497,219.93,-23.8693],"timeVisible":19.5683,"tipPosition":[-39.5888,220.597,-23.7892],"tipVelocity":[13.9921,240.496,-110.298],"tool":false,"touchDistance":0.201919,"touchZone":"hovering","type":0,"width":20.0112},{"bases":[[[0.978619,-0.205581,-0.00635733],[0.201423,0.951653,0.231918],[-0.0416281,-0.22824,0.972714]],[[0.978925,-0.203725,-0.0142373],[0.181755,0.837323,0.515611],[-0.0931217,-0.507332,0.856705]],[[0.978925,-0.203725,-0.0142373],[0.19253,0.897385,0.397028],[-0.0681083,-0.391402,0.917696]],[[0.978925,-0.203725,-0.0142373],[0.199187,0.937078,0.286721],[-0.0450709,-0.283515,0.957908]]],"btipPosition":[-15.5237,294.098,-70.3471],"carpPosition":[-24.8915,241.83,74.8362],"dipPosition":[-16.2847,289.311,-54.1737],"direction":[0.0681083,0.391402,-0.917696],"extended":true,"handId":409,"id":4091,"length":58.114,"mcpPosition":[-21.865,258.423,4.11788],"pipPosition":[-17.9115,279.962,-32.2542],"stabilizedTipPosition":[-15.6519,292.647,-66.5268],"timeVisible":19.5683,"tipPosition":[-16.0475,290.443,-67.4217],"tipVelocity":[-43.9296,309,-95.4584],"tool":false,"touchDistance":0.224235,"touchZone":"hovering","type":1,"width":19.1147},{"bases":[[[0.915225,-0.393728,0.0856757],[0.363007,0.897954,0.248804],[-0.174894,-0.196611,0.964757]],[[0.910591,-0.398498,0.10965],[0.408352,0.908394,-0.0898223],[-0.0638118,0.126567,0.989903]],[[0.910591,-0.398498,0.10965],[0.339858,0.57096,-0.747329],[0.235203,0.717777,0.655344]],[[0.910591,-0.398498,0.10965],[0.170559,0.12065,-0.977933],[0.376475,0.909199,0.17783]]],"btipPosition":[-11.2517,211.561,-60.8012],"carpPosition":[-12.7486,241.089,74.5835],"dipPosition":[-4.2604,228.445,-57.4988],"direction":[-0.235203,-0.717777,-0.655344],"extended":false,"handId":409,"id":4092,"length":66.2163,"mcpPosition":[-0.690433,254.644,8.06814],"pipPosition":[2.34905,248.616,-39.0829],"stabilizedTipPosition":[-9.63423,215.323,-60.0015],"timeVisible":19.5683,"tipPosition":[-8.6407,217.386,-61.4565],"tipVelocity":[-38.5877,183.361,-54.1103],"tool":false,"touchDistance":0.21443,"touchZone":"hovering","type":2,"width":18.7732},{"bases":[[[0.849526,-0.484934,0.207713],[0.421708,0.860804,0.284917],[-0.316966,-0.154451,0.935777]],[[0.861922,-0.478122,0.168786],[0.501197,0.753011,-0.426352],[0.0767508,0.452078,0.88867]],[[0.861922,-0.478122,0.168786],[0.260617,0.132212,-0.956347],[0.434935,0.868285,0.238563]],[[0.861922,-0.478122,0.168786],[0.00293339,-0.328177,-0.944612],[0.507032,0.814677,-0.281461]]],"btipPosition":[-6.26359,188.079,-23.4392],"carpPosition":[-1.22728,237.291,75.0578],"dipPosition":[3.09807,203.121,-28.636],"direction":[-0.434935,-0.868285,-0.238563],"extended":false,"handId":409,"id":4093,"length":63.6687,"mcpPosition":[18.3933,246.851,17.132],"pipPosition":[15.0046,226.891,-22.1052],"stabilizedTipPosition":[-3.99151,190.93,-24.6197],"timeVisible":19.5683,"tipPosition":[-2.68578,193.564,-26.938],"tipVelocity":[-62.8925,168.196,24.7849],"tool":false,"touchDistance":0.43436,"touchZone":"hovering","type":3,"width":17.8639},{"bases":[[[0.725697,-0.63507,0.264671],[0.519036,0.757851,0.395303],[-0.451626,-0.149496,0.879594]],[[0.74906,-0.626055,0.216713],[0.606284,0.779653,0.156718],[-0.267075,0.0139981,0.963574]],[[0.74906,-0.626055,0.216713],[0.615085,0.535663,-0.578563],[0.246127,0.566675,0.786321]],[[0.74906,-0.626055,0.216713],[0.377736,0.134859,-0.91604],[0.544265,0.768029,0.337501]]],"btipPosition":[29.1775,210.772,-28.8486],"carpPosition":[7.99442,226.73,76.1697],"dipPosition":[38.4482,223.854,-23.0998],"direction":[-0.246127,-0.566675,-0.786321],"extended":false,"handId":409,"id":4094,"length":49.9151,"mcpPosition":[33.8732,235.296,25.7678],"pipPosition":[43.2054,234.807,-7.90163],"stabilizedTipPosition":[31.3203,213.551,-27.4612],"timeVisible":19.5683,"tipPosition":[33.0508,214.509,-28.3048],"tipVelocity":[-21.7957,287.223,-85.4067],"tool":false,"touchDistance":0.220722,"touchZone":"hovering","type":4,"width":15.8681}],"r":[[0.978659,-0.205458,-0.00381276],[0.201826,0.964517,-0.170216],[0.0386496,0.165814,0.985399]],"s":1.43312,"t":[-14.5549,78.4063,-87.0259],"timestamp":88724417183},false],[4,{"currentFrameRate":55.2824,"devices":[],"gestures":[],"hands":[{"armBasis":[[0.977397,-0.210901,-0.0146772],[0.206605,0.938156,0.277808],[-0.0448204,-0.274561,0.960524]],"armWidth":62.9686,"confidence":0.523083,"direction":[0.243953,0.336379,-0.90958],"elbow":[-22.4514,156.193,335.805],"grabStrength":0,"id":409,"palmNormal":[-0.180127,-0.90588,-0.383322],"palmPosition":[-5.42157,245.472,28.1385],"palmVelocity":[-39.7394,238.929,-98.037],"palmWidth":89.917,"pinchStrength":0.488166,"r":[[0.979777,-0.200089,-0.000790939],[0.196706,0.963921,-0.17934],[0.0366463,0.175557,0.983787]],"s":1.44133,"sphereCenter":[-38.1786,234.259,-14.4729],"sphereRadius":59.8108,"stabilizedPalmPosition":[-5.34842,245.177,28.2611],"t":[-15.2923,82.679,-88.7874],"timeVisible":19.5864,"type":"right","wrist":[-10.4926,229.45,79.5213]}],"id":1413943,"interactionBox":{"center":[0,200,0],"size":[235.247,235.247,147.751]},"pointables":[{"bases":[[[0.592163,0.772324,0.22991],[-0.781549,0.480961,0.397314],[0.196277,-0.41496,0.888416]],[[0.522919,0.852376,-0.00320447],[-0.850655,0.522095,0.0616713],[0.0542402,-0.0295232,0.998091]],[[0.522919,0.852376,-0.00320447],[-0.851804,0.522422,-0.0387932],[-0.0313923,0.0230153,0.999242]],[[0.522919,0.852376,-0.00320447],[-0.822069,0.503326,-0.266206],[-0.225294,0.141838,0.963911]]],"btipPosition":[-36.4926,223.295,-31.2084],"carpPosition":[-40.0853,225.894,73.9873],"dipPosition":[-41.7032,226.575,-8.91549],"direction":[0.0313923,-0.0230153,-0.999242],"extended":false,"handId":409,"id":4090,"length":51.5018,"mcpPosition":[-40.0853,225.894,73.9873],"pipPosition":[-42.7609,227.351,24.7525],"stabilizedTipPosition":[-37.7316,223.685,-25.8856],"timeVisible":19.5864,"tipPosition":[-39.1757,224.342,-25.9032],"tipVelocity":[18.8588,226.43,-111.887],"tool":false,"touchDistance":0.183782,"touchZone":"hovering","type":0,"width":20.0112},{"bases":[[[0.980344,-0.197221,0.00540379],[0.190075,0.951458,0.242074],[-0.0528834,-0.236288,0.970243]],[[0.980809,-0.194932,-0.00395445],[0.16724,0.830704,0.531],[-0.100224,-0.521471,0.847362]],[[0.980809,-0.194932,-0.00395445],[0.179187,0.89322,0.412372],[-0.0768525,-0.405167,0.911007]],[[0.980809,-0.194932,-0.00395445],[0.187038,0.934971,0.301406],[-0.0550566,-0.296362,0.953488]]],"btipPosition":[-15.5651,298.904,-71.3182],"carpPosition":[-26.4302,244.904,73.0544],"dipPosition":[-16.4947,293.9,-55.2194],"direction":[0.0768525,0.405167,-0.911007],"extended":true,"handId":409,"id":4091,"length":58.114,"mcpPosition":[-22.5854,262.083,2.51578],"pipPosition":[-18.3303,284.222,-33.4596],"stabilizedTipPosition":[-15.7723,297.489,-67.5592],"timeVisible":19.5864,"tipPosition":[-16.0492,295.323,-68.4246],"tipVelocity":[-25.115,286.754,-75.9531],"tool":false,"touchDistance":0.230072,"touchZone":"hovering","type":1,"width":19.1147},{"bases":[[[0.917323,-0.386622,0.0950901],[0.35187,0.898999,0.260745],[-0.186296,-0.205728,0.960713]],[[0.912357,-0.391665,0.119178],[0.402154,0.911915,-0.081751],[-0.0766616,0.122514,0.989502]],[[0.912357,-0.391665,0.119178],[0.342944,0.572175,-0.744987],[0.223594,0.720566,0.656347]],[[0.912357,-0.391665,0.119178],[0.177984,0.117309,-0.977016],[0.368682,0.912599,0.176737]]],"btipPosition":[-10.9131,215.421,-62.1328],"carpPosition":[-14.279,244.268,72.9619],"dipPosition":[-4.06653,232.368,-58.8507],"direction":[-0.223594,-0.720566,-0.656347],"extended":false,"handId":409,"id":4092,"length":66.2163,"mcpPosition":[-1.43484,258.452,6.72524],"pipPosition":[2.21671,252.617,-40.4067],"stabilizedTipPosition":[-9.34884,219.177,-61.3293],"timeVisible":19.5864,"tipPosition":[-8.38796,221.171,-62.7292],"tipVelocity":[-12.1917,197.795,-63.4393],"tool":false,"touchDistance":0.204545,"touchZone":"hovering","type":2,"width":18.7732},{"bases":[[[0.850757,-0.479346,0.215502],[0.410392,0.862063,0.297365],[-0.328317,-0.164545,0.930125]],[[0.863303,-0.472321,0.177821],[0.499339,0.748232,-0.436817],[0.0732661,0.465899,0.8818]],[[0.863303,-0.472321,0.177821],[0.262664,0.119634,-0.957442],[0.430946,0.87327,0.227342]],[[0.863303,-0.472321,0.177821],[0.0101351,-0.336045,-0.941791],[0.504584,0.814854,-0.285322]]],"btipPosition":[-6.75849,191.228,-23.9016],"carpPosition":[-2.73309,240.564,73.5637],"dipPosition":[2.55797,206.273,-29.1696],"direction":[-0.430946,-0.87327,-0.227342],"extended":false,"handId":409,"id":4093,"length":63.6687,"mcpPosition":[17.5902,250.75,15.9878],"pipPosition":[14.3553,230.179,-22.9461],"stabilizedTipPosition":[-4.559,194.347,-25.0684],"timeVisible":19.5864,"tipPosition":[-3.23915,196.613,-27.3266],"tipVelocity":[-46.2122,170.814,0.405578],"tool":false,"touchDistance":0.417075,"touchZone":"hovering","type":3,"width":17.8639},{"bases":[[[0.727458,-0.630973,0.26959],[0.50709,0.759066,0.408262],[-0.462239,-0.160287,0.872149]],[[0.754171,-0.620081,0.216162],[0.595608,0.784536,0.172494],[-0.276547,-0.00134201,0.961]],[[0.754171,-0.620081,0.216162],[0.609616,0.538731,-0.581496],[0.244122,0.570322,0.784307]],[[0.754171,-0.620081,0.216162],[0.366032,0.123651,-0.922351],[0.545204,0.774732,0.320223]]],"btipPosition":[28.7079,215.085,-29.4495],"carpPosition":[6.56297,230.074,74.719],"dipPosition":[37.9946,228.282,-23.995],"direction":[-0.244122,-0.570322,-0.784307],"extended":false,"handId":409,"id":4094,"length":49.9151,"mcpPosition":[33.0499,239.258,24.7437],"pipPosition":[42.7131,239.305,-8.83581],"stabilizedTipPosition":[30.8608,217.958,-28.1689],"timeVisible":19.5864,"tipPosition":[32.5823,218.793,-29.0291],"tipVelocity":[-23.6526,264.421,-62.2944],"tool":false,"touchDistance":0.22914,"touchZone":"hovering","type":4,"width":15.8681}],"r":[[0.979777,-0.200089,-0.000790939],[0.196706,0.963921,-0.17934],[0.0366463,0.175557,0.983787]],"s":1.44133,"t":[-15.2923,82.679,-88.7874],"timestamp":88724435315},false],[5,{"currentFrameRate":55.3551,"devices":[],"gestures":[],"hands":[{"armBasis":[[0.982614,-0.185155,-0.0137072],[0.182255,0.947873,0.26138],[-0.0354032,-0.259334,0.965139]],"armWidth":62.9686,"confidence":0.543355,"direction":[0.247069,0.362714,-0.898552],"elbow":[-21.3468,162.981,335.768],"grabStrength":0,"id":409,"palmNormal":[-0.145954,-0.902791,-0.404557],"palmPosition":[-6.55539,249.418,27.2953],"palmVelocity":[-50.9828,230.739,-74.1932],"palmWidth":89.917,"pinchStrength":0.488804,"r":[[0.981833,-0.189708,0.00385787],[0.187228,0.965294,-0.18208],[0.030818,0.179494,0.983276]],"s":1.44866,"sphereCenter":[-38.7107,238.553,-15.9373],"sphereRadius":59.8476,"stabilizedPalmPosition":[-6.46829,249.112,27.365],"t":[-16.2279,86.7884,-90.0897],"timeVisible":19.6042,"type":"right","wrist":[-11.9007,232.175,78.2534]}],"id":1413944,"interactionBox":{"center":[0,200,0],"size":[235.247,235.247,147.751]},"pointables":[{"bases":[[[0.56423,0.785263,0.254963],[-0.802096,0.448174,0.394691],[0.195669,-0.427201,0.88273]],[[0.496954,0.867418,0.0249585],[-0.866844,0.494882,0.0606056],[0.0402189,-0.0517534,0.99785]],[[0.496954,0.867418,0.0249585],[-0.866297,0.497581,-0.0440839],[-0.050658,0.000286167,0.998716]],[[0.496954,0.867418,0.0249585],[-0.829584,0.483325,-0.279619],[-0.25461,0.118253,0.959787]]],"btipPosition":[-35.6695,227.632,-32.8888],"carpPosition":[-41.2809,227.824,72.1819],"dipPosition":[-41.558,230.367,-10.6913],"direction":[0.050658,-0.000286167,-0.998716],"extended":false,"handId":409,"id":4090,"length":51.5018,"mcpPosition":[-41.2809,227.824,72.1819],"pipPosition":[-43.2649,230.377,22.959],"stabilizedTipPosition":[-37.0978,227.783,-27.5851],"timeVisible":19.6042,"tipPosition":[-38.5006,228.441,-27.6566],"tipVelocity":[27.6031,231.14,-104.21],"tool":false,"touchDistance":0.174653,"touchZone":"hovering","type":0,"width":20.0112},{"bases":[[[0.985827,-0.166919,0.0168288],[0.15661,0.9516,0.264445],[-0.0601553,-0.258062,0.964254]],[[0.986422,-0.164106,0.00635226],[0.133214,0.822159,0.553452],[-0.0960473,-0.545091,0.832857]],[[0.986422,-0.164106,0.00635226],[0.145026,0.888583,0.435186],[-0.0770612,-0.428356,0.900318]],[[0.986422,-0.164106,0.00635226],[0.153232,0.933597,0.323909],[-0.0590858,-0.318538,0.946067]]],"btipPosition":[-16.9237,304.775,-71.0874],"carpPosition":[-28.2131,247.262,71.8533],"dipPosition":[-17.9213,299.397,-55.1139],"direction":[0.0770612,0.428356,-0.900318],"extended":true,"handId":409,"id":4091,"length":58.114,"mcpPosition":[-23.8397,266.024,1.75011],"pipPosition":[-19.7619,289.166,-33.6095],"stabilizedTipPosition":[-17.1014,303.312,-67.4189],"timeVisible":19.6042,"tipPosition":[-17.2973,301.228,-68.2501],"tipVelocity":[-49.5816,304.635,-34.9036],"tool":false,"touchDistance":0.254083,"touchZone":"hovering","type":1,"width":19.1147},{"bases":[[[0.927397,-0.360012,0.101619],[0.319662,0.903784,0.284589],[-0.194297,-0.231443,0.953249]],[[0.922212,-0.365724,0.125582],[0.374934,0.925172,-0.0590123],[-0.0946025,0.101507,0.990327]],[[0.922212,-0.365724,0.125582],[0.334943,0.593223,-0.732052],[0.193231,0.71717,0.669574]],[[0.922212,-0.365724,0.125582],[0.185944,0.134671,-0.973288],[0.339042,0.920929,0.192199]]],"btipPosition":[-9.87223,220.87,-63.3387],"carpPosition":[-16.048,247.004,71.9394],"dipPosition":[-3.57608,237.972,-59.7695],"direction":[-0.193231,-0.71717,-0.669574],"extended":false,"handId":409,"id":4092,"length":66.2163,"mcpPosition":[-2.65219,262.961,6.21746],"pipPosition":[1.85391,258.126,-40.9538],"stabilizedTipPosition":[-8.45586,224.611,-62.477],"timeVisible":19.6042,"tipPosition":[-7.55143,226.62,-63.7901],"tipVelocity":[17.6773,249.58,-63.6971],"tool":false,"touchDistance":0.206528,"touchZone":"hovering","type":2,"width":18.7732},{"bases":[[[0.861942,-0.457247,0.219045],[0.378747,0.867915,0.321364],[-0.337055,-0.194035,0.921273]],[[0.874306,-0.44942,0.183335],[0.481416,0.754786,-0.445575],[0.0618713,0.477829,0.876271]],[[0.874306,-0.44942,0.183335],[0.259257,0.113082,-0.959165],[0.410336,0.886135,0.215384]],[[0.874306,-0.44942,0.183335],[0.0210949,-0.342177,-0.939399],[0.484917,0.825189,-0.289687]]],"btipPosition":[-6.45662,195.066,-23.6178],"carpPosition":[-4.40256,243.646,72.6474],"dipPosition":[2.49673,210.302,-28.9665],"direction":[-0.410336,-0.886135,-0.215384],"extended":false,"handId":409,"id":4093,"length":63.6687,"mcpPosition":[16.4616,255.657,15.6194],"pipPosition":[13.7298,234.56,-23.0703],"stabilizedTipPosition":[-4.40741,198.307,-24.8618],"timeVisible":19.6042,"tipPosition":[-3.03527,200.533,-27.1165],"tipVelocity":[-18.7159,192.952,7.21492],"tool":false,"touchDistance":0.412678,"touchZone":"hovering","type":3,"width":17.8639},{"bases":[[[0.742631,-0.613708,0.26807],[0.476924,0.765655,0.431643],[-0.470152,-0.192703,0.861291]],[[0.772315,-0.5995,0.210069],[0.567077,0.799683,0.197306],[-0.286274,-0.0332571,0.95757]],[[0.772315,-0.5995,0.210069],[0.592427,0.560393,-0.578783],[0.229259,0.571454,0.78796]],[[0.772315,-0.5995,0.210069],[0.352059,0.128687,-0.927089],[0.528757,0.789962,0.310446]]],"btipPosition":[28.7035,221.129,-29.5962],"carpPosition":[5.19779,233.426,73.7344],"dipPosition":[37.7101,234.585,-24.3082],"direction":[-0.229259,-0.571454,-0.78796],"extended":false,"handId":409,"id":4094,"length":49.9151,"mcpPosition":[32.1382,244.468,24.3812],"pipPosition":[42.1412,245.63,-9.07844],"stabilizedTipPosition":[30.7773,224.057,-28.3744],"timeVisible":19.6042,"tipPosition":[32.5004,224.934,-29.2651],"tipVelocity":[-14.3473,301.187,-37.8832],"tool":false,"touchDistance":0.247419,"touchZone":"hovering","type":4,"width":15.8681}],"r":[[0.981833,-0.189708,0.00385787],[0.187228,0.965294,-0.18208],[0.030818,0.179494,0.983276]],"s":1.44866,"t":[-16.2279,86.7884,-90.0897],"timestamp":88724453129},false],[6,{"currentFrameRate":55.3464,"devices":[],"gestures":[],"hands":[{"armBasis":[[0.98511,-0.17172,-0.00840063],[0.168211,0.95257,0.253607],[-0.0355473,-0.251244,0.967271]],"armWidth":62.9686,"confidence":0.564356,"direction":[0.245758,0.37831,-0.89246],"elbow":[-22.1275,168.168,334.872],"grabStrength":0,"id":409,"palmNormal":[-0.127081,-0.900175,-0.416575],"palmPosition":[-7.30984,253.175,26.0814],"palmVelocity":[-46.5616,219.73,-70.8054],"palmWidth":89.917,"pinchStrength":0.48463,"r":[[0.984029,-0.177816,0.00829536],[0.176346,0.967415,-0.18169],[0.0242824,0.180251,0.983321]],"s":1.45531,"sphereCenter":[-39.2313,242.58,-17.3414],"sphereRadius":59.7658,"stabilizedPalmPosition":[-7.25545,252.912,26.1644],"t":[-17.0729,90.7216,-91.3478],"timeVisible":19.6223,"type":"right","wrist":[-12.6429,235.204,76.7886]}],"id":1413945,"interactionBox":{"center":[0,200,0],"size":[235.247,235.247,147.751]},"pointables":[{"bases":[[[0.54831,0.792128,0.268123],[-0.812457,0.428597,0.395245],[0.198167,-0.434555,0.878574]],[[0.481742,0.875351,0.041042],[-0.87557,0.478878,0.0636555],[0.0360667,-0.0666007,0.997128]],[[0.481742,0.875351,0.041042],[-0.87432,0.483276,-0.0448191],[-0.0590671,-0.0142926,0.998152]],[[0.481742,0.875351,0.041042],[-0.832573,0.471806,-0.290209],[-0.273399,0.105635,0.956083]]],"btipPosition":[-35.3684,231.721,-34.4477],"carpPosition":[-41.9025,230.397,70.4827],"dipPosition":[-41.6914,234.164,-12.3358],"direction":[0.0590671,0.0142926,-0.998152],"extended":false,"handId":409,"id":4090,"length":51.5018,"mcpPosition":[-41.9025,230.397,70.4827],"pipPosition":[-43.6816,233.682,21.2955],"stabilizedTipPosition":[-36.8519,231.805,-29.1732],"timeVisible":19.6223,"tipPosition":[-38.2745,232.376,-29.2743],"tipVelocity":[19.7624,226.881,-96.1307],"tool":false,"touchDistance":0.168037,"touchZone":"hovering","type":0,"width":20.0112},{"bases":[[[0.988586,-0.149209,0.020845],[0.137679,0.950913,0.277145],[-0.0611743,-0.271112,0.960602]],[[0.989236,-0.146014,0.00956054],[0.11502,0.816314,0.566041],[-0.0904544,-0.558849,0.824322]],[[0.989236,-0.146014,0.00956054],[0.126358,0.885364,0.447397],[-0.0737909,-0.441374,0.894284]],[[0.989236,-0.146014,0.00956054],[0.134393,0.932458,0.335351],[-0.0578808,-0.330456,0.942045]]],"btipPosition":[-18.1615,309.63,-71.6258],"carpPosition":[-29.1891,250.071,70.475],"dipPosition":[-19.1388,304.05,-55.7202],"direction":[0.0737909,0.441374,-0.894284],"extended":true,"handId":409,"id":4091,"length":58.114,"mcpPosition":[-24.7416,269.782,0.637318],"pipPosition":[-20.9013,293.508,-34.3599],"stabilizedTipPosition":[-18.355,308.224,-67.9541],"timeVisible":19.6223,"tipPosition":[-18.4562,306.13,-68.8079],"tipVelocity":[-58.4065,286.099,-32.8624],"tool":false,"touchDistance":0.261674,"touchZone":"hovering","type":1,"width":19.1147},{"bases":[[[0.933179,-0.344372,0.10288],[0.301453,0.905814,0.297702],[-0.195711,-0.246796,0.949099]],[[0.927918,-0.350518,0.126909],[0.358731,0.932194,-0.0482404],[-0.101395,0.0902895,0.990741]],[[0.927918,-0.350518,0.126909],[0.327038,0.602021,-0.728434],[0.178927,0.717431,0.673259]],[[0.927918,-0.350518,0.126909],[0.185496,0.13885,-0.972786],[0.323358,0.926206,0.193861]]],"btipPosition":[-9.73204,225.387,-64.5132],"carpPosition":[-17.0221,250.033,70.6329],"dipPosition":[-3.72716,242.587,-60.9132],"direction":[-0.178927,-0.717431,-0.673259],"extended":false,"handId":409,"id":4092,"length":66.2163,"mcpPosition":[-3.52875,267.048,5.19707],"pipPosition":[1.30088,262.747,-41.9939],"stabilizedTipPosition":[-8.3541,229.199,-63.6486],"timeVisible":19.6223,"tipPosition":[-7.53424,231.117,-64.9263],"tipVelocity":[11.1934,250.156,-64.0815],"tool":false,"touchDistance":0.20785,"touchZone":"hovering","type":2,"width":18.7732},{"bases":[[[0.86881,-0.444234,0.21869],[0.360961,0.870567,0.334395],[-0.338934,-0.211587,0.916709]],[[0.880616,-0.436205,0.185042],[0.469395,0.749793,-0.466346],[0.0646792,0.497529,0.865033]],[[0.880616,-0.436205,0.185042],[0.248045,0.0916481,-0.964404],[0.403719,0.895168,0.188905]],[[0.880616,-0.436205,0.185042],[0.0178584,-0.359691,-0.9329],[0.473493,0.824832,-0.30896]]],"btipPosition":[-6.99146,198.274,-23.0346],"carpPosition":[-5.32179,246.878,71.3712],"dipPosition":[1.75097,213.503,-28.7391],"direction":[-0.403719,-0.895168,-0.188905],"extended":false,"handId":409,"id":4093,"length":63.6687,"mcpPosition":[15.6587,259.976,14.6258],"pipPosition":[12.8029,238.009,-23.5678],"stabilizedTipPosition":[-4.95804,201.639,-24.367],"timeVisible":19.6223,"tipPosition":[-3.65204,203.7,-26.6852],"tipVelocity":[-25.1447,185.447,16.9611],"tool":false,"touchDistance":0.412265,"touchZone":"hovering","type":3,"width":17.8639},{"bases":[[[0.752079,-0.603433,0.265041],[0.460327,0.768738,0.444005],[-0.471674,-0.211921,0.855928]],[[0.784222,-0.586526,0.202443],[0.551027,0.808321,0.207334],[-0.285246,-0.0510445,0.957094]],[[0.784222,-0.586526,0.202443],[0.575707,0.566126,-0.589968],[0.231423,0.579214,0.781636]],[[0.784222,-0.586526,0.202443],[0.328609,0.115844,-0.937335],[0.526319,0.801603,0.283585]]],"btipPosition":[28.0131,225.898,-30.0359],"carpPosition":[4.45647,236.821,72.391],"dipPosition":[36.9782,239.553,-25.2054],"direction":[-0.231423,-0.579214,-0.781636],"extended":false,"handId":409,"id":4094,"length":49.9151,"mcpPosition":[31.4841,248.964,23.3451],"pipPosition":[41.4512,250.748,-10.0979],"stabilizedTipPosition":[30.0874,228.951,-28.9152],"timeVisible":19.6223,"tipPosition":[31.8025,229.804,-29.8939],"tipVelocity":[-25.9157,284.481,-34.1853],"tool":fal