{"sensorType":"Leap","data":[[0,{"currentFrameRate":55.248,"devices":[],"gestures":[],"hands":[{"armBasis":[[0.904065,-0.369763,-0.21434],[0.417368,0.871801,0.25645],[0.092036,-0.321306,0.942492]],"armWidth":62.9686,"confidence":0.843732,"direction":[0.222659,0.481697,-0.84758],"elbow":[11.6424,143.556,336.136],"grabStrength":0,"id":409,"palmNormal":[-0.368005,-0.763555,-0.530619],"palmPosition":[-9.40398,254.97,37.2237],"palmVelocity":[-5.90805,135.257,-140.547],"palmWidth":89.917,"pinchStrength":1,"r":[[0.950152,-0.290345,-0.113627],[0.288641,0.956918,-0.0315398],[0.117889,-0.00282981,0.993023]],"s":1.03853,"sphereCenter":[-30.1874,228.269,-2.98878],"sphereRadius":46.5622,"stabilizedPalmPosition":[-3.50944,229.488,67.4652],"t":[-19.9218,94.0142,-78.9468],"timeVisible":0.596462,"type":"right","wrist":[-12.9143,229.286,84.6638]}],"id":1412894,"interactionBox":{"center":[0,200,0],"size":[235.247,235.247,147.751]},"pointables":[{"bases":[[[0.735874,0.603884,0.30629],[-0.648864,0.499593,0.573919],[0.19356,-0.621072,0.759476]],[[0.614572,0.788819,0.00816332],[-0.777276,0.603748,0.177003],[0.134695,-0.115126,0.984176]],[[0.614572,0.788819,0.00816332],[-0.784669,0.612339,-0.0966268],[-0.0812197,0.0529786,0.995287]],[[0.614572,0.788819,0.00816332],[-0.696363,0.547343,-0.464214],[-0.370649,0.279608,0.885686]]],"btipPosition":[-38.3631,229.05,-20.4956],"carpPosition":[-43.0276,231.623,82.0713],"dipPosition":[-46.9353,235.517,-0.0118329],"direction":[0.0812197,-0.0529786,-0.995287],"extended":false,"handId":409,"id":4090,"length":51.5018,"mcpPosition":[-43.0276,231.623,82.0713],"pipPosition":[-49.6719,237.302,33.5229],"stabilizedTipPosition":[-36.8862,215.014,-1.01159],"timeVisible":0.596462,"tipPosition":[-41.2831,230.14,-15.8704],"tipVelocity":[-20.4286,150.657,-129.456],"tool":false,"touchDistance":-0.368722,"touchZone":"touching","type":0,"width":20.0112},{"bases":[[[0.92734,-0.343077,-0.149462],[0.374009,0.83626,0.400983],[-0.0125792,-0.427748,0.903811]],[[0.927401,-0.340338,-0.155231],[0.351914,0.934497,0.0535985],[0.126821,-0.104335,0.986423]],[[0.927401,-0.340338,-0.155231],[0.332903,0.940175,-0.0724252],[0.170594,0.0154902,0.98522]],[[0.927401,-0.340338,-0.155231],[0.316181,0.934957,-0.160889],[0.199891,0.100128,0.974689]]],"btipPosition":[-38.2864,281.51,-64.2734],"carpPosition":[-26.3669,248.043,83.3039],"dipPosition":[-34.9114,283.201,-47.8166],"direction":[-0.170594,-0.0154902,-0.98522],"extended":true,"handId":409,"id":4091,"length":58.114,"mcpPosition":[-25.4524,279.141,17.5951],"pipPosition":[-30.8367,283.571,-24.2843],"stabilizedTipPosition":[-37.002,277.877,-57.2797],"timeVisible":0.596462,"tipPosition":[-37.9581,280.539,-60.3276],"tipVelocity":[-18.9843,165.564,-131.056],"tool":false,"touchDistance":-0.439552,"touchZone":"touching","type":1,"width":19.1147},{"bases":[[[0.839677,-0.535215,-0.0921329],[0.525035,0.756625,0.389688],[-0.138857,-0.375585,0.916327]],[[0.840001,-0.534329,-0.0942902],[0.446138,0.779082,-0.440445],[0.308802,0.327908,0.892814]],[[0.840001,-0.534329,-0.0942902],[0.0638074,0.269854,-0.960785],[0.53882,0.801044,0.260772]],[[0.840001,-0.534329,-0.0942902],[-0.196612,-0.137783,-0.970752],[0.505709,0.833972,-0.220793]]],"btipPosition":[-44.2359,217.848,-27.2774],"carpPosition":[-14.5679,245.569,81.6532],"dipPosition":[-34.8447,233.335,-31.3776],"direction":[-0.538819,-0.801044,-0.260772],"extended":false,"handId":409,"id":4092,"length":66.2163,"mcpPosition":[-4.99439,271.464,18.4768],"pipPosition":[-19.7033,255.845,-24.0497],"stabilizedTipPosition":[-39.8977,213.68,-21.3141],"timeVisible":0.596462,"tipPosition":[-42.5488,220.772,-27.9919],"tipVelocity":[-42.4187,162.073,-130.916],"tool":false,"touchDistance":-0.414539,"touchZone":"touching","type":2,"width":18.7732},{"bases":[[[0.768106,-0.640156,0.0146039],[0.578991,0.704094,0.411121],[-0.273464,-0.307329,0.911464]],[[0.783108,-0.620596,-0.040022],[0.546381,0.717338,-0.432313],[0.297001,0.316681,0.900835]],[[0.783108,-0.620596,-0.040022],[0.146973,0.247224,-0.957747],[0.604269,0.744137,0.284814]],[[0.783108,-0.620596,-0.040022],[-0.147881,-0.123323,-0.981286],[0.604047,0.774372,-0.188349]]],"btipPosition":[-27.7249,210.454,-20.3703],"carpPosition":[-3.84435,240.081,80.1441],"dipPosition":[-16.572,224.752,-23.8479],"direction":[-0.604269,-0.744137,-0.284814],"extended":false,"handId":409,"id":4093,"length":63.6687,"mcpPosition":[13.0835,259.105,23.7233],"pipPosition":[-0.0299551,245.123,-16.0511],"stabilizedTipPosition":[-18.4518,194.001,-0.58849],"timeVisible":0.596462,"tipPosition":[-25.6284,213.034,-20.6836],"tipVelocity":[-48.1005,148.809,-132.55],"tool":false,"touchDistance":-0.426371,"touchZone":"hovering","type":3,"width":17.8639},{"bases":[[[0.624998,-0.778902,0.0518665],[0.664961,0.566019,0.487288],[-0.408907,-0.270065,0.8717]],[[0.584095,-0.800712,0.133017],[0.771882,0.497255,-0.396152],[0.25106,0.334063,0.908499]],[[0.584095,-0.800712,0.133017],[0.33526,0.0887495,-0.937936],[0.739211,0.592439,0.320285]],[[0.584095,-0.800712,0.133017],[-0.0317958,-0.186323,-0.981974],[0.811062,0.569337,-0.134289]]],"btipPosition":[-9.92008,210.931,-7.49851],"carpPosition":[3.52443,228.277,78.0992],"dipPosition":[3.89518,220.629,-9.78594],"direction":[-0.739211,-0.592439,-0.320285],"extended":false,"handId":409,"id":4094,"length":49.9151,"mcpPosition":[26.9554,243.752,28.1496],"pipPosition":[18.1828,232.079,-3.59542],"stabilizedTipPosition":[1.90098,187.511,22.154],"timeVisible":0.596462,"tipPosition":[-7.4566,212.745,-7.46871],"tipVelocity":[-43.4849,136.319,-137.673],"tool":false,"touchDistance":-0.416863,"touchZone":"hovering","type":4,"width":15.8681}],"r":[[0.950152,-0.290345,-0.113627],[0.288641,0.956918,-0.0315398],[0.117889,-0.00282981,0.993023]],"s":1.03853,"t":[-19.9218,94.0142,-78.9468],"timestamp":88705445372},false],[1,{"currentFrameRate":55.2261,"devices":[],"gestures":[],"hands":[{"armBasis":[[0.899554,-0.380069,-0.215289],[0.425549,0.873716,0.235644],[0.0985408,-0.303591,0.947693]],"armWidth":62.9686,"confidence":0.850291,"direction":[0.220436,0.487571,-0.844797],"elbow":[13.5438,150.466,334.893],"grabStrength":0,"id":409,"palmNormal":[-0.37464,-0.757347,-0.534855],"palmPosition":[-9.36861,257.527,34.7872],"palmVelocity":[-2.16058,137.799,-137.422],"palmWidth":89.917,"pinchStrength":1,"r":[[0.947369,-0.297149,-0.119143],[0.295862,0.954798,-0.0287639],[0.122305,-0.00799984,0.99246]],"s":1.03905,"sphereCenter":[-30.8227,231.584,-5.49489],"sphereRadius":46.5468,"stabilizedPalmPosition":[-4.01666,231.916,64.6363],"t":[-19.9492,96.5105,-81.4235],"timeVisible":0.614645,"type":"right","wrist":[-12.7484,231.469,82.0332]}],"id":1412895,"interactionBox":{"center":[0,200,0],"size":[235.247,235.247,147.751]},"pointables":[{"bases":[[[0.740495,0.597732,0.307217],[-0.643269,0.498014,0.581538],[0.194606,-0.62825,0.75328]],[[0.619064,0.785244,0.0123161],[-0.773177,0.606652,0.184852],[0.137682,-0.123958,0.982689]],[[0.619064,0.785244,0.0123161],[-0.781302,0.617393,-0.0916097],[-0.0795399,0.0470897,0.995719]],[[0.619064,0.785244,0.0123161],[-0.694474,0.554691,-0.458283],[-0.366696,0.275153,0.888721]]],"btipPosition":[-38.4944,232.14,-22.9538],"carpPosition":[-42.8634,233.975,79.6245],"dipPosition":[-46.9752,238.503,-2.39985],"direction":[0.0795399,-0.0470897,-0.995719],"extended":false,"handId":409,"id":4090,"length":51.5018,"mcpPosition":[-42.8634,233.975,79.6245],"pipPosition":[-49.6552,240.09,31.1494],"stabilizedTipPosition":[-37.7452,219.501,-5.16657],"timeVisible":0.614645,"tipPosition":[-41.4191,233.271,-18.3107],"tipVelocity":[-13.5729,159.216,-131.77],"tool":false,"touchDistance":-0.396815,"touchZone":"touching","type":0,"width":20.0112},{"bases":[[[0.924811,-0.346366,-0.157337],[0.3803,0.831087,0.405791],[-0.00979111,-0.435115,0.900322]],[[0.924857,-0.343346,-0.163564],[0.357068,0.931976,0.0626437],[0.130929,-0.11634,0.984542]],[[0.924857,-0.343346,-0.163564],[0.337613,0.939205,-0.062536],[0.175091,0.00261554,0.984549]],[[0.924857,-0.343346,-0.163564],[0.320543,0.935183,-0.150617],[0.204676,0.0868699,0.974967]]],"btipPosition":[-38.6003,285.347,-66.3315],"carpPosition":[-26.1155,250.303,80.9009],"dipPosition":[-35.1445,286.813,-49.87],"direction":[-0.175091,-0.00261554,-0.984549],"extended":true,"handId":409,"id":4091,"length":58.114,"mcpPosition":[-25.4037,281.936,15.4457],"pipPosition":[-30.9624,286.876,-26.3537],"stabilizedTipPosition":[-37.3834,281.583,-59.7796],"timeVisible":0.614645,"tipPosition":[-38.2477,284.325,-62.4031],"tipVelocity":[-17.6754,185.889,-122.502],"tool":false,"touchDistance":-0.454786,"touchZone":"touching","type":1,"width":19.1147},{"bases":[[[0.836513,-0.538538,-0.101111],[0.530868,0.750811,0.393017],[-0.13574,-0.38244,0.913955]],[[0.836662,-0.538115,-0.10212],[0.44855,0.78016,-0.436065],[0.314323,0.319033,0.894102]],[[0.836662,-0.538115,-0.10212],[0.0594058,0.274499,-0.95975],[0.544488,0.79692,0.26163]],[[0.836662,-0.538115,-0.10212],[-0.204213,-0.133472,-0.969785],[0.508226,0.832236,-0.221561]]],"btipPosition":[-44.6898,221.107,-29.6728],"carpPosition":[-14.338,247.785,79.1656],"dipPosition":[-35.2519,236.562,-33.7873],"direction":[-0.544488,-0.79692,-0.26163],"extended":false,"handId":409,"id":4092,"length":66.2163,"mcpPosition":[-4.97935,274.152,16.1527],"pipPosition":[-19.9512,258.956,-26.4352],"stabilizedTipPosition":[-40.8529,217.681,-24.7046],"timeVisible":0.614645,"tipPosition":[-42.9845,224.063,-30.4556],"tipVelocity":[-33.808,170.073,-131.394],"tool":false,"touchDistance":-0.437398,"touchZone":"touching","type":2,"width":18.7732},{"bases":[[[0.765005,-0.644004,0.00514986],[0.584679,0.697842,0.413723],[-0.270033,-0.313489,0.910388]],[[0.779994,-0.623773,-0.0501569],[0.546644,0.718171,-0.430593],[0.304614,0.308442,0.901152]],[[0.779994,-0.623773,-0.0501569],[0.137367,0.248861,-0.958748],[0.610524,0.740928,0.279796]],[[0.779994,-0.623773,-0.0501569],[-0.161432,-0.123128,-0.979173],[0.604606,0.771846,-0.196736]]],"btipPosition":[-28.2606,213.51,-22.6167],"carpPosition":[-3.64997,242.257,77.5528],"dipPosition":[-17.0974,227.761,-26.2492],"direction":[-0.610524,-0.740928,-0.279796],"extended":false,"handId":409,"id":4093,"length":63.6687,"mcpPosition":[13.0654,261.662,21.1986],"pipPosition":[-0.384071,248.044,-18.5897],"stabilizedTipPosition":[-19.8609,198.435,-5.03753],"timeVisible":0.614645,"tipPosition":[-26.0956,216.173,-23.163],"tipVelocity":[-39.1434,157.706,-129.188],"tool":false,"touchDistance":-0.446298,"touchZone":"touching","type":3,"width":17.8639},{"bases":[[[0.621417,-0.78235,0.0420524],[0.670378,0.558724,0.488282],[-0.405504,-0.275236,0.871672]],[[0.579888,-0.805044,0.125037],[0.773933,0.496406,-0.393203],[0.254477,0.324784,0.91091]],[[0.579888,-0.805044,0.125037],[0.330543,0.0922102,-0.939276],[0.744628,0.586005,0.319573]],[[0.579888,-0.805044,0.125037],[-0.0412062,-0.182263,-0.982386],[0.813654,0.564521,-0.138865]]],"btipPosition":[-10.2585,213.915,-10.2178],"carpPosition":[3.64926,230.435,75.3708],"dipPosition":[3.60092,223.531,-12.5832],"direction":[-0.744628,-0.586005,-0.319573],"extended":false,"handId":409,"id":4094,"length":49.9151,"mcpPosition":[26.8852,246.206,25.4228],"pipPosition":[17.9932,234.857,-6.40641],"stabilizedTipPosition":[1.06664,190.172,19.0929],"timeVisible":0.614645,"tipPosition":[-7.78066,215.713,-10.2533],"tipVelocity":[-31.3489,149.093,-143.812],"tool":false,"touchDistance":-0.444568,"touchZone":"hovering","type":4,"width":15.8681}],"r":[[0.947369,-0.297149,-0.119143],[0.295862,0.954798,-0.0287639],[0.122305,-0.00799984,0.99246]],"s":1.03905,"t":[-19.9492,96.5105,-81.4235],"timestamp":88705463555},false],[2,{"currentFrameRate":55.246,"devices":[],"gestures":[],"hands":[{"armBasis":[[0.896884,-0.380915,-0.224729],[0.429108,0.872508,0.233656],[0.107075,-0.305995,0.945992]],"armWidth":62.9686,"confidence":0.81699,"direction":[0.223387,0.495924,-0.839141],"elbow":[15.5536,151.383,332.376],"grabStrength":0,"id":409,"palmNormal":[-0.376241,-0.750307,-0.543583],"palmPosition":[-9.4749,259.581,33.0127],"palmVelocity":[-3.93173,126.481,-118.914],"palmWidth":89.917,"pinchStrength":1,"r":[[0.944927,-0.302918,-0.12391],[0.302273,0.952908,-0.0244235],[0.125473,-0.0143762,0.991993]],"s":1.0398,"sphereCenter":[-31.1555,234.354,-7.56023],"sphereRadius":46.5387,"stabilizedPalmPosition":[-4.60653,234.905,61.2188],"t":[-20.0161,98.7859,-83.5491],"timeVisible":0.632677,"type":"right","wrist":[-13.0159,233.027,79.9696]}],"id":1412896,"interactionBox":{"center":[0,200,0],"size":[235.247,235.247,147.751]},"pointables":[{"bases":[[[0.741941,0.591959,0.314815],[-0.642582,0.49382,0.585858],[0.191342,-0.636967,0.746768]],[[0.622596,0.782188,0.0235702],[-0.771007,0.607987,0.189471],[0.133871,-0.136137,0.981603]],[[0.622596,0.782188,0.0235702],[-0.778123,0.621995,-0.0874446],[-0.0830587,0.0361021,0.995891]],[[0.622596,0.782188,0.0235702],[-0.690223,0.563089,-0.454448],[-0.368736,0.266669,0.890461]]],"btipPosition":[-38.3958,234.989,-25.0303],"carpPosition":[-43.1186,235.658,77.5405],"dipPosition":[-46.9238,241.157,-4.43607],"direction":[0.0830587,-0.0361021,-0.99589],"extended":false,"handId":409,"id":4090,"length":51.5018,"mcpPosition":[-43.1186,235.658,77.5405],"pipPosition":[-49.7223,242.373,29.119],"stabilizedTipPosition":[-38.4951,224.355,-9.50945],"timeVisible":0.632677,"tipPosition":[-41.338,236.073,-20.3802],"tipVelocity":[-4.82697,157.468,-123.645],"tool":false,"touchDistance":-0.416475,"touchZone":"touching","type":0,"width":20.0112},{"bases":[[[0.923931,-0.347675,-0.159602],[0.382349,0.825415,0.41533],[-0.0126621,-0.44476,0.89556]],[[0.924,-0.344342,-0.16629],[0.360185,0.929774,0.0760781],[0.128416,-0.130192,0.983138]],[[0.924,-0.344342,-0.16629],[0.341015,0.938776,-0.0490797],[0.17301,-0.0113579,0.984855]],[[0.924,-0.344342,-0.16629],[0.324091,0.935999,-0.137371],[0.20295,0.073038,0.976461]]],"btipPosition":[-38.4102,288.816,-67.8398],"carpPosition":[-26.3197,251.916,79.0194],"dipPosition":[-34.9835,290.049,-51.3531],"direction":[-0.17301,0.0113579,-0.984855],"extended":true,"handId":409,"id":4091,"length":58.114,"mcpPosition":[-25.3991,284.251,13.9104],"pipPosition":[-30.8511,289.778,-27.8295],"stabilizedTipPosition":[-37.508,285.507,-62.0079],"timeVisible":0.632677,"tipPosition":[-38.0528,287.754,-63.9312],"tipVelocity":[-4.46558,187.566,-103.917],"tool":false,"touchDistance":-0.460178,"touchZone":"touching","type":1,"width":19.1147},{"bases":[[[0.834917,-0.540153,-0.105591],[0.532675,0.744788,0.401929],[-0.13846,-0.391823,0.909562]],[[0.834848,-0.540345,-0.105144],[0.452779,0.782666,-0.427112],[0.313081,0.308967,0.898064]],[[0.834848,-0.540345,-0.105144],[0.0610341,0.280686,-0.957857],[0.547086,0.793248,0.267309]],[[0.834848,-0.540345,-0.105144],[-0.205106,-0.128082,-0.970323],[0.510842,0.831638,-0.217757]]],"btipPosition":[-44.7743,223.941,-31.6789],"carpPosition":[-14.5476,249.378,77.2756],"dipPosition":[-35.2878,239.384,-35.7227],"direction":[-0.547086,-0.793248,-0.267309],"extended":false,"handId":409,"id":4092,"length":66.2163,"mcpPosition":[-5.00142,276.392,14.5656],"pipPosition":[-19.9141,261.676,-28.211],"stabilizedTipPosition":[-41.5286,221.492,-27.775],"timeVisible":0.632677,"tipPosition":[-43.0437,226.95,-32.5335],"tipVelocity":[-19.699,163.877,-121.411],"tool":false,"touchDistance":-0.451839,"touchZone":"touching","type":2,"width":18.7732},{"bases":[[[0.762894,-0.646523,-0.00058701],[0.58628,0.691424,0.422148],[-0.272523,-0.322398,0.906527]],[[0.778244,-0.625418,-0.0564735],[0.549213,0.721494,-0.421677],[0.30447,0.297152,0.904986]],[[0.778244,-0.625418,-0.0564735],[0.135963,0.255616,-0.95717],[0.613066,0.737234,0.283965]],[[0.778244,-0.625418,-0.0564735],[-0.165707,-0.117788,-0.979116],[0.605704,0.771349,-0.195304]]],"btipPosition":[-28.4151,216.246,-24.6202],"carpPosition":[-3.87509,243.833,75.6202],"dipPosition":[-17.2316,230.488,-28.2262],"direction":[-0.613066,-0.737234,-0.283965],"extended":false,"handId":409,"id":4093,"length":63.6687,"mcpPosition":[12.9944,263.79,19.505],"pipPosition":[-0.448732,250.67,-20.4526],"stabilizedTipPosition":[-21.3293,203.611,-10.0481],"timeVisible":0.632677,"tipPosition":[-26.2123,218.955,-25.2787],"tipVelocity":[-24.5177,154.82,-120.45],"tool":false,"touchDistance":-0.459962,"touchZone":"touching","type":3,"width":17.8639},{"bases":[[[0.618797,-0.784789,0.0345945],[0.671405,0.551231,0.495338],[-0.407805,-0.283287,0.868011]],[[0.576066,-0.80868,0.119101],[0.777454,0.497071,-0.385338],[0.252413,0.314576,0.915057]],[[0.576066,-0.80868,0.119101],[0.330672,0.0973027,-0.938716],[0.747532,0.580146,0.32346]],[[0.576066,-0.80868,0.119101],[-0.0449038,-0.176795,-0.983223],[0.816169,0.561053,-0.138159]]],"btipPosition":[-10.4136,216.482,-12.2886],"carpPosition":[3.38912,232.011,73.3224],"dipPosition":[3.48862,226.038,-14.6419],"direction":[-0.747532,-0.580146,-0.32346],"extended":false,"handId":409,"id":4094,"length":49.9151,"mcpPosition":[26.7569,248.244,23.5841],"pipPosition":[17.937,237.252,-8.39002],"stabilizedTipPosition":[0.0110122,193.805,15.0244],"timeVisible":0.632677,"tipPosition":[-7.89572,218.284,-12.4108],"tipVelocity":[-20.2997,145.529,-129.995],"tool":false,"touchDistance":-0.459465,"touchZone":"touching","type":4,"width":15.8681}],"r":[[0.944927,-0.302918,-0.12391],[0.302273,0.952908,-0.0244235],[0.125473,-0.0143762,0.991993]],"s":1.0398,"t":[-20.0161,98.7859,-83.5491],"timestamp":88705481587},false],[3,{"currentFrameRate":55.2989,"devices":[],"gestures":[],"hands":[{"armBasis":[[0.897227,-0.37547,-0.232391],[0.427378,0.870751,0.243188],[0.111045,-0.317513,0.941729]],"armWidth":62.9686,"confidence":0.838897,"direction":[0.223414,0.50354,-0.834586],"elbow":[16.5265,150.981,327.952],"grabStrength":0,"id":409,"palmNormal":[-0.374543,-0.746144,-0.550443],"palmPosition":[-9.55773,262.665,29.9626],"palmVelocity":[-4.26005,148.085,-143.204],"palmWidth":89.917,"pinchStrength":1,"r":[[0.943055,-0.306988,-0.128084],[0.307114,0.951478,-0.0192628],[0.127782,-0.0211704,0.991576]],"s":1.04097,"sphereCenter":[-31.3652,238.141,-10.7573],"sphereRadius":46.3891,"stabilizedPalmPosition":[-5.27377,238.646,57.0066],"t":[-20.0909,101.465,-86.1369],"timeVisible":0.650578,"type":"right","wrist":[-13.1021,235.699,76.6837]}],"id":1412897,"interactionBox":{"center":[0,200,0],"size":[235.247,235.247,147.751]},"pointables":[{"bases":[[[0.74071,0.590358,0.320664],[-0.643917,0.487712,0.589499],[0.191624,-0.643129,0.741395]],[[0.622648,0.781792,0.0333237],[-0.771534,0.606258,0.192837],[0.130556,-0.14578,0.980665]],[[0.622648,0.781792,0.0333237],[-0.777525,0.622922,-0.0861602],[-0.0881175,0.0277375,0.995724]],[[0.622648,0.781792,0.0333237],[-0.687483,0.566883,-0.453884],[-0.373734,0.259701,0.890437]]],"btipPosition":[-38.0342,238.553,-28.2701],"carpPosition":[-43.2066,238.303,74.2482],"dipPosition":[-46.6778,244.56,-7.67638],"direction":[0.0881175,-0.0277375,-0.995724],"extended":false,"handId":409,"id":4090,"length":51.5018,"mcpPosition":[-43.2066,238.303,74.2482],"pipPosition":[-49.6468,245.494,25.8731],"stabilizedTipPosition":[-38.9973,229.478,-14.1214],"timeVisible":0.650578,"tipPosition":[-41.0442,239.615,-23.6286],"tipVelocity":[6.28292,176.138,-150.706],"tool":false,"touchDistance":-0.451759,"touchZone":"touching","type":0,"width":20.0112},{"bases":[[[0.924628,-0.344836,-0.161716],[0.380656,0.822372,0.422853],[-0.0128236,-0.45254,0.891652]],[[0.924701,-0.341176,-0.1689],[0.358926,0.929199,0.0880936],[0.126887,-0.142083,0.981688]],[[0.924701,-0.341176,-0.1689],[0.33998,0.93971,-0.0368652],[0.171295,-0.0233334,0.984943]],[[0.924701,-0.341176,-0.1689],[0.323205,0.938003,-0.125258],[0.201164,0.0612363,0.977642]]],"btipPosition":[-38.3773,293.03,-70.651],"carpPosition":[-26.4346,254.574,75.8846],"dipPosition":[-34.9808,294.064,-54.1444],"direction":[-0.171295,0.0233334,-0.984943],"extended":true,"handId":409,"id":4091,"length":58.114,"mcpPosition":[-25.5023,287.474,11.0597],"pipPosition":[-30.8894,293.507,-30.6186],"stabilizedTipPosition":[-37.5559,289.729,-64.6446],"timeVisible":0.650578,"tipPosition":[-38.0144,291.92,-66.7598],"tipVelocity":[-1.6746,208.931,-128.866],"tool":false,"touchDistance":-0.484592,"touchZone":"touching","type":1,"width":19.1147},{"bases":[[[0.835863,-0.537913,-0.109465],[0.531122,0.7421,0.408899],[-0.138718,-0.399922,0.905991]],[[0.835383,-0.53928,-0.106361],[0.452693,0.784752,-0.423359],[0.311776,0.305518,0.899697]],[[0.835383,-0.53928,-0.106361],[0.0580247,0.278937,-0.958555],[0.546597,0.794589,0.264311]],[[0.835383,-0.53928,-0.106361],[-0.209191,-0.13298,-0.968791],[0.508305,0.831561,-0.223902]]],"btipPosition":[-44.7428,227.319,-34.4573],"carpPosition":[-14.6569,252.07,74.1303],"dipPosition":[-35.3034,242.761,-38.6153],"direction":[-0.546597,-0.794589,-0.264311],"extended":false,"handId":409,"id":4092,"length":66.2163,"mcpPosition":[-5.09293,279.642,11.6665],"pipPosition":[-19.9434,265.09,-31.1879],"stabilizedTipPosition":[-41.9427,225.216,-30.8076],"timeVisible":0.650578,"tipPosition":[-42.97,230.48,-35.5512],"tipVelocity":[-9.8582,175.591,-138.055],"tool":false,"touchDistance":-0.477059,"touchZone":"touching","type":2,"width":18.7732},{"bases":[[[0.763907,-0.645304,-0.00545868],[0.58479,0.688645,0.428705],[-0.272886,-0.330683,0.903428]],[[0.779457,-0.623394,-0.061865],[0.546332,0.724764,-0.419808],[0.306543,0.293423,0.905502]],[[0.779457,-0.623394,-0.061865],[0.126416,0.253244,-0.959107],[0.613569,0.739762,0.276199]],[[0.779457,-0.623394,-0.061865],[-0.177019,-0.124446,-0.976308],[0.600926,0.771941,-0.207353]]],"btipPosition":[-28.5087,219.566,-27.1991],"carpPosition":[-3.97411,246.556,72.4372],"dipPosition":[-17.4134,233.819,-31.0276],"direction":[-0.613569,-0.739762,-0.276199],"extended":false,"handId":409,"id":4093,"length":63.6687,"mcpPosition":[12.9179,267.026,16.5138],"pipPosition":[-0.616813,254.07,-23.4666],"stabilizedTipPosition":[-22.717,209.379,-15.4556],"timeVisible":0.650578,"tipPosition":[-26.212,222.447,-28.2138],"tipVelocity":[-15.9499,169.355,-132.943],"tool":false,"touchDistance":-0.481751,"touchZone":"touching","type":3,"width":17.8639},{"bases":[[[0.619993,-0.784094,0.0283809],[0.670065,0.547955,0.500758],[-0.408193,-0.291449,0.865122]],[[0.5749,-0.809832,0.116884],[0.776703,0.495203,-0.389237],[0.257335,0.314557,0.913692]],[[0.5749,-0.809832,0.116884],[0.318523,0.0899237,-0.94364],[0.753679,0.579729,0.309648]],[[0.5749,-0.809832,0.116884],[-0.0613721,-0.185127,-0.980796],[0.815919,0.556687,-0.156131]]],"btipPosition":[-10.7562,219.787,-14.7807],"carpPosition":[3.31082,234.766,70.0439],"dipPosition":[3.14173,229.27,-17.4402],"direction":[-0.753679,-0.579729,-0.309648],"extended":false,"handId":409,"id":4094,"length":49.9151,"mcpPosition":[26.7008,251.466,20.4712],"pipPosition":[17.709,240.475,-11.4553],"stabilizedTipPosition":[-1.32434,198.773,9.65937],"timeVisible":0.650578,"tipPosition":[-8.00578,221.715,-15.3285],"tipVelocity":[-19.7785,163.543,-136.203],"tool":false,"touchDistance":-0.48029,"touchZone":"touching","type":4,"width":15.8681}],"r":[[0.943055,-0.306988,-0.128084],[0.307114,0.951478,-0.0192628],[0.127782,-0.0211704,0.991576]],"s":1.04097,"t":[-20.0909,101.465,-86.1369],"timestamp":88705499488},false],[4,{"currentFrameRate":55.2546,"devices":[],"gestures":[],"hands":[{"armBasis":[[0.896575,-0.374933,-0.235751],[0.427456,0.871854,0.239065],[0.115907,-0.315113,0.94195]],"armWidth":62.9686,"confidence":0.846739,"direction":[0.223622,0.514987,-0.827515],"elbow":[17.85,153.275,325.464],"grabStrength":0,"id":409,"palmNormal":[-0.373061,-0.739139,-0.560802],"palmPosition":[-9.51822,264.948,27.7863],"palmVelocity":[-1.18594,137.094,-131.742],"palmWidth":89.917,"pinchStrength":1,"r":[[0.941638,-0.309636,-0.132071],[0.310762,0.950405,-0.0125306],[0.129401,-0.0292433,0.991161]],"s":1.04281,"sphereCenter":[-31.5859,241.296,-13.2325],"sphereRadius":46.3861,"stabilizedPalmPosition":[-5.95025,242.838,52.3494],"t":[-20.1086,103.947,-88.519],"timeVisible":0.668829,"type":"right","wrist":[-13.0758,237.352,74.1371]}],"id":1412898,"interactionBox":{"center":[0,200,0],"size":[235.247,235.247,147.751]},"pointables":[{"bases":[[[0.739652,0.586908,0.329324],[-0.645115,0.47895,0.595343],[0.191682,-0.652798,0.732879]],[[0.622458,0.781304,0.0459411],[-0.772123,0.603426,0.199257],[0.127958,-0.159501,0.97887]],[[0.622458,0.781304,0.0459411],[-0.777303,0.623988,-0.0802413],[-0.0913596,0.0142367,0.995716]],[[0.622458,0.781304,0.0459411],[-0.686129,0.572989,-0.448231],[-0.376529,0.247484,0.892736]]],"btipPosition":[-37.7067,241.617,-30.7765],"carpPosition":[-43.1811,239.952,71.7061],"dipPosition":[-46.4149,247.34,-10.1297],"direction":[0.0913596,-0.0142367,-0.995716],"extended":false,"handId":409,"id":4090,"length":51.5018,"mcpPosition":[-43.1811,239.952,71.7061],"pipPosition":[-49.4931,247.82,23.4195],"stabilizedTipPosition":[-39.2557,234.36,-18.4408],"timeVisible":0.668829,"tipPosition":[-40.7342,242.623,-26.1256],"tipVelocity":[11.4734,170.465,-143.987],"tool":false,"touchDistance":-0.47233,"touchZone":"touching","type":0,"width":20.0112},{"bases":[[[0.925218,-0.341491,-0.165394],[0.379207,0.817083,0.434254],[-0.0131534,-0.464499,0.885476]],[[0.925299,-0.337303,-0.173344],[0.357976,0.92774,0.105599],[0.1252,-0.159763,0.979184]],[[0.925299,-0.337303,-0.173344],[0.339283,0.940492,-0.0189926],[0.169435,-0.041239,0.984678]],[[0.925299,-0.337303,-0.173344],[0.322674,0.940391,-0.107455],[0.199256,0.0434943,0.978982]]],"btipPosition":[-38.2015,297.023,-72.4184],"carpPosition":[-26.431,256.22,73.5781],"dipPosition":[-34.8372,297.758,-55.8892],"direction":[-0.169435,0.041239,-0.984678],"extended":true,"handId":409,"id":4091,"length":58.114,"mcpPosition":[-25.4747,289.99,9.2022],"pipPosition":[-30.7902,296.773,-32.3698],"stabilizedTipPosition":[-37.48,294.15,-66.9973],"timeVisible":0.668829,"tipPosition":[-37.8326,295.826,-68.5524],"tipVelocity":[3.54171,211.851,-113.407],"tool":false,"touchDistance":-0.4909,"touchZone":"touching","type":1,"width":19.1147},{"bases":[[[0.836642,-0.535362,-0.115832],[0.529786,0.737191,0.419376],[-0.139128,-0.412234,0.900393]],[[0.83573,-0.538002,-0.110041],[0.453002,0.788701,-0.415619],[0.310393,0.297497,0.902857]],[[0.83573,-0.538002,-0.110041],[0.0557383,0.282459,-0.957659],[0.546304,0.794211,0.266047]],[[0.83573,-0.538002,-0.110041],[-0.212535,-0.132124,-0.96818],[0.506343,0.832525,-0.224764]]],"btipPosition":[-44.5956,230.227,-36.5826],"carpPosition":[-14.6484,253.754,71.8023],"dipPosition":[-35.1926,245.687,-40.7566],"direction":[-0.546304,-0.794211,-0.266047],"extended":false,"handId":409,"id":4092,"length":66.2163,"mcpPosition":[-5.05624,282.176,9.72449],"pipPosition":[-19.8409,268.005,-33.2804],"stabilizedTipPosition":[-42.1472,228.789,-33.6169],"timeVisible":0.668829,"tipPosition":[-42.7849,233.525,-37.851],"tipVelocity":[-1.50196,167.922,-127.814],"tool":false,"touchDistance":-0.489622,"touchZone":"touching","type":2,"width":18.7732},{"bases":[[[0.764715,-0.64423,-0.0133521],[0.583502,0.683541,0.438517],[-0.273379,-0.343132,0.898624]],[[0.780477,-0.621234,-0.0701693],[0.544584,0.730685,-0.411737],[0.307057,0.283138,0.908597]],[[0.780477,-0.621234,-0.0701693],[0.120398,0.259491,-0.958211],[0.613482,0.739414,0.277322]],[[0.780477,-0.621234,-0.0701693],[-0.184423,-0.121535,-0.975304],[0.597364,0.774143,-0.209425]]],"btipPosition":[-28.4158,222.481,-29.4219],"carpPosition":[-3.9571,248.277,70.0461],"dipPosition":[-17.3862,236.774,-33.2887],"direction":[-0.613482,-0.739414,-0.277322],"extended":false,"handId":409,"id":4093,"length":63.6687,"mcpPosition":[12.9654,269.517,14.4202],"pipPosition":[-0.591953,257.016,-25.6969],"stabilizedTipPosition":[-23.84,215.2,-20.7317],"timeVisible":0.668829,"tipPosition":[-26.0731,225.467,-30.6137],"tipVelocity":[-6.27736,164.976,-127.838],"tool":false,"touchDistance":-0.495383,"touchZone":"touching","type":3,"width":17.8639},{"bases":[[[0.620941,-0.783639,0.0184726],[0.668879,0.542,0.508759],[-0.408696,-0.303554,0.860711]],[[0.574282,-0.811326,0.109312],[0.77992,0.501622,-0.3743],[0.248846,0.300209,0.920842]],[[0.574282,-0.811326,0.109312],[0.321129,0.100428,-0.941696],[0.753045,0.575902,0.318214]],[[0.574282,-0.811326,0.109312],[-0.0638454,-0.177506,-0.982047],[0.816164,0.556993,-0.153738]]],"btipPosition":[-10.3886,222.814,-17.526],"carpPosition":[3.34491,236.529,67.502],"dipPosition":[3.51357,232.302,-20.1447],"direction":[-0.753045,-0.575902,-0.318214],"extended":false,"handId":409,"id":4094,"length":49.9151,"mcpPosition":[26.7638,253.923,18.1821],"pipPosition":[18.0685,243.433,-13.9942],"stabilizedTipPosition":[-2.63978,204.652,3.42885],"timeVisible":0.668829,"tipPosition":[-7.69044,224.71,-18.0601],"tipVelocity":[-0.651688,164.676,-142.758],"tool":false,"touchDistance":-0.501632,"touchZone":"touching","type":4,"width":15.8681}],"r":[[0.941638,-0.309636,-0.132071],[0.310762,0.950405,-0.0125306],[0.129401,-0.0292433,0.991161]],"s":1.04281,"t":[-20.1086,103.947,-88.519],"timestamp":88705517739},false],[5,{"currentFrameRate":55.272,"devices":[],"gestures":[],"hands":[{"armBasis":[[0.899603,-0.370718,-0.23083],[0.422801,0.871677,0.247828],[0.109335,-0.320542,0.940903]],"armWidth":62.9686,"confidence":0.852301,"direction":[0.220228,0.520511,-0.824966],"elbow":[16.3464,154.156,322.781],"grabStrength":0,"id":409,"palmNormal":[-0.369746,-0.738073,-0.564391],"palmPosition":[-9.4518,267.541,25.5259],"palmVelocity":[1.12386,140.268,-128.712],"palmWidth":89.917,"pinchStrength":1,"r":[[0.94079,-0.310616,-0.135765],[0.312705,0.94983,-0.00620232],[0.130881,-0.0366195,0.990722]],"s":1.04497,"sphereCenter":[-31.6304,244.237,-15.5591],"sphereRadius":46.3728,"stabilizedPalmPosition":[-6.59333,247.375,47.4232],"t":[-20.0842,106.484,-90.8402],"timeVisible":0.686861,"type":"right","wrist":[-12.8258,239.682,71.7328]}],"id":1412899,"interactionBox":{"center":[0,200,0],"size":[235.247,235.247,147.751]},"pointables":[{"bases":[[[0.736911,0.588962,0.331792],[-0.647043,0.472455,0.598432],[0.195697,-0.655675,0.729242]],[[0.619131,0.783647,0.0507433],[-0.774633,0.598846,0.203291],[0.128921,-0.165171,0.977803]],[[0.619131,0.783647,0.0507433],[-0.779863,0.621151,-0.0773677],[-0.0921482,0.0083279,0.99571]],[[0.619131,0.783647,0.0507433],[-0.687388,0.572057,-0.447491],[-0.379703,0.242175,0.892848]]],"btipPosition":[-37.4193,244.405,-33.0908],"carpPosition":[-42.9462,242.139,69.3416],"dipPosition":[-46.201,250.006,-12.4413],"direction":[0.0921482,-0.0083279,-0.99571],"extended":false,"handId":409,"id":4090,"length":51.5018,"mcpPosition":[-42.9462,242.139,69.3416],"pipPosition":[-49.3057,250.287,21.1077],"stabilizedTipPosition":[-39.3226,238.494,-22.0526],"timeVisible":0.686861,"tipPosition":[-40.4574,245.382,-28.4473],"tipVelocity":[13.1459,162.22,-136.549],"tool":false,"touchDistance":-0.488135,"touchZone":"touching","type":0,"width":20.0112},{"bases":[[[0.926818,-0.335833,-0.168001],[0.375378,0.816716,0.438253],[-0.00997018,-0.469245,0.883012]],[[0.926871,-0.331201,-0.176678],[0.353568,0.928372,0.114522],[0.126093,-0.168614,0.977584]],[[0.926871,-0.331201,-0.176678],[0.334739,0.942255,-0.0102783],[0.16988,-0.0496143,0.984215]],[[0.926871,-0.331201,-0.176678],[0.318026,0.942885,-0.0991364],[0.199421,0.0356985,0.979263]]],"btipPosition":[-38.3318,300.339,-74.4577],"carpPosition":[-26.2786,258.483,71.2854],"dipPosition":[-34.9647,300.942,-57.9237],"direction":[-0.16988,0.0496143,-0.984215],"extended":true,"handId":409,"id":4091,"length":58.114,"mcpPosition":[-25.5537,292.598,7.08865],"pipPosition":[-30.9071,299.757,-34.4154],"stabilizedTipPosition":[-37.5272,298.016,-69.2318],"timeVisible":0.686861,"tipPosition":[-37.942,299.106,-70.6092],"tipVelocity":[-1.5495,197.784,-113.23],"tool":false,"touchDistance":-0.500717,"touchZone":"touching","type":1,"width":19.1147},{"bases":[[[0.839286,-0.530418,-0.119392],[0.526354,0.737682,0.422821],[-0.136199,-0.41771,0.898314]],[[0.837968,-0.534325,-0.110935],[0.448338,0.789959,-0.418279],[0.311131,0.300768,0.901519]],[[0.837968,-0.534325,-0.110935],[0.0474994,0.273924,-0.960578],[0.543648,0.799664,0.25492]],[[0.837968,-0.534325,-0.110935],[-0.220142,-0.144969,-0.964635],[0.499347,0.832755,-0.239107]]],"btipPosition":[-44.4647,232.625,-38.1125],"carpPosition":[-14.485,256.088,69.4863],"dipPosition":[-35.1917,248.089,-42.5528],"direction":[-0.543648,-0.799664,-0.25492],"extended":false,"handId":409,"id":4092,"length":66.2163,"mcpPosition":[-5.09477,284.887,7.55186],"pipPosition":[-19.9146,270.561,-35.3893],"stabilizedTipPosition":[-42.2273,231.996,-36.0099],"timeVisible":0.686861,"tipPosition":[-42.609,236.107,-39.6832],"tipVelocity":[1.86739,151.366,-109.04],"tool":false,"touchDistance":-0.492859,"touchZone":"touching","type":2,"width":18.7732},{"bases":[[[0.768013,-0.640197,-0.0174285],[0.580362,0.684209,0.441631],[-0.270806,-0.349294,0.897027]],[[0.783682,-0.616684,-0.0744475],[0.540385,0.735959,-0.40786],[0.306311,0.279402,0.910004]],[[0.783682,-0.616684,-0.0744475],[0.115761,0.262748,-0.957895],[0.61028,0.742067,0.277299]],[[0.783682,-0.616684,-0.0744475],[-0.188433,-0.121816,-0.974502],[0.591891,0.777728,-0.211669]]],"btipPosition":[-28.1635,225.286,-31.6974],"carpPosition":[-3.76718,250.675,67.6919],"dipPosition":[-17.235,239.646,-35.6055],"direction":[-0.61028,-0.742067,-0.277299],"extended":false,"handId":409,"id":4093,"length":63.6687,"mcpPosition":[12.9961,272.297,12.1648],"pipPosition":[-0.528368,259.96,-28.0144],"stabilizedTipPosition":[-24.5412,220.387,-25.328],"timeVisible":0.686861,"tipPosition":[-25.833,228.308,-32.944],"tipVelocity":[2.7262,160.922,-127.307],"tool":false,"touchDistance":-0.508453,"touchZone":"touching","type":3,"width":17.8639},{"bases":[[[0.624988,-0.780513,0.0137806],[0.66653,0.54274,0.511048],[-0.406359,-0.310214,0.859442]],[[0.57697,-0.809676,0.107379],[0.780086,0.507321,-0.366185],[0.242015,0.295042,0.924326]],[[0.57697,-0.809676,0.107379],[0.320436,0.103466,-0.941603],[0.751283,0.577685,0.319146]],[[0.57697,-0.809676,0.107379],[-0.0684914,-0.178968,-0.981468],[0.813888,0.558923,-0.158715]]],"btipPosition":[-9.96292,225.758,-19.931],"carpPosition":[3.59301,238.978,65.0792],"dipPosition":[3.90048,235.279,-22.6345],"direction":[-0.751283,-0.577685,-0.319146],"extended":false,"handId":409,"id":4094,"length":49.9151,"mcpPosition":[26.8779,256.754,15.832],"pipPosition":[18.4214,246.444,-16.466],"stabilizedTipPosition":[-3.73926,210.847,-2.94845],"timeVisible":0.686861,"tipPosition":[-7.30408,227.641,-20.5056],"tipVelocity":[10.6211,164.213,-138.82],"tool":false,"touchDistance":-0.51617,"touchZone":"touching","type":4,"width":15.8681}],"r":[[0.94079,-0.310616,-0.135765],[0.312705,0.94983,-0.00620232],[0.130881,-0.0366195,0.990722]],"s":1.04497,"t":[-20.0842,106.484,-90.8402],"timestamp":88705535771},false],[6,{"currentFrameRate":55.171,"devices":[],"gestures":[],"hands":[{"armBasis":[[0.899351,-0.372501,-0.228935],[0.423801,0.871445,0.246935],[0.107521,-0.319104,0.941601]],"armWidth":62.9686,"confidence":0.832852,"direction":[0.217724,0.525996,-0.822146],"elbow":[16.1503,156.763,320.245],"grabStrength":0,"id":409,"palmNormal":[-0.371269,-0.734395,-0.568175],"palmPosition":[-9.30393,270.07,22.9796],"palmVelocity":[4.44434,138.636,-133.108],"palmWidth":89.917,"pinchStrength":1,"r":[[0.940036,-0.311159,-0.139686],[0.314231,0.949347,-0.0000723141],[0.132633,-0.0438256,0.990196]],"s":1.04754,"sphereCenter":[-31.8685,247.372,-18.1215],"sphereRadius":46.3421,"stabilizedPalmPosition":[-7.15275,252.059,42.3784],"t":[-19.9981,109.017,-93.274],"timeVisible":0.705336,"type":"right","wrist":[-12.538,241.905,69.011]}],"id":1412900,"interactionBox":{"center":[0,200,0],"size":[235.247,235.247,147.751]},"pointables":[{"bases":[[[0.737777,0.586896,0.333523],[-0.645371,0.468365,0.603432],[0.197942,-0.660445,0.724315]],[[0.619632,0.782964,0.054985],[-0.773846,0.597699,0.209566],[0.131218,-0.172404,0.976247]],[[0.619632,0.782964,0.054985],[-0.779382,0.622057,-0.0748906],[-0.0928404,0.00355026,0.995675]],[[0.619632,0.782964,0.054985],[-0.683258,0.572549,-0.453151],[-0.386283,0.243218,0.889736]]],"btipPosition":[-37.0766,247.132,-35.5583],"carpPosition":[-42.6657,244.373,66.7242],"dipPosition":[-46.0104,252.758,-14.9808],"direction":[0.0928404,-0.00355026,-0.995675],"extended":false,"handId":409,"id":4090,"length":51.5018,"mcpPosition":[-42.6657,244.373,66.7242],"pipPosition":[-49.1385,252.877,18.567],"stabilizedTipPosition":[-39.2518,242.173,-25.3018],"timeVisible":0.705336,"tipPosition":[-40.1817,248.197,-30.959],"tipVelocity":[14.8401,155.314,-135.538],"tool":false,"touchDistance":-0.504915,"touchZone":"touching","type":0,"width":20.0112},{"bases":[[[0.92638,-0.334538,-0.172928],[0.376519,0.813872,0.442544],[-0.00730631,-0.475075,0.879915]],[[0.926405,-0.329291,-0.182597],[0.354016,0.926912,0.124525],[0.128247,-0.180003,0.97527]],[[0.926405,-0.329291,-0.182597],[0.334847,0.942272,-0.000426979],[0.172197,-0.0607466,0.983188]],[[0.926405,-0.329291,-0.182597],[0.317838,0.943897,-0.0896555],[0.201876,0.0250211,0.979092]]],"btipPosition":[-38.4303,303.916,-76.6651],"carpPosition":[-25.9952,260.706,68.7273],"dipPosition":[-35.0218,304.338,-60.134],"direction":[-0.172197,0.0607466,-0.983188],"extended":true,"handId":409,"id":4091,"length":58.114,"mcpPosition":[-25.464,295.245,4.75567],"pipPosition":[-30.9088,302.887,-36.6502],"stabilizedTipPosition":[-37.6025,301.807,-71.527],"timeVisible":0.705336,"tipPosition":[-38.0145,302.627,-72.8383],"tipVelocity":[-3.12626,194.687,-116.262],"tool":false,"touchDistance":-0.512098,"touchZone":"touching","type":1,"width":19.1147},{"bases":[[[0.839025,-0.529457,-0.125351],[0.527462,0.73497,0.426149],[-0.133498,-0.423667,0.895927]],[[0.837233,-0.534878,-0.113784],[0.446723,0.788982,-0.421837],[0.315405,0.302345,0.899504]],[[0.837233,-0.534878,-0.113784],[0.0392179,0.266267,-0.963101],[0.545438,0.801878,0.243904]],[[0.837233,-0.534878,-0.113784],[-0.229393,-0.154638,-0.960971],[0.496407,0.830658,-0.252165]]],"btipPosition":[-44.5717,235.174,-39.9083],"carpPosition":[-14.2065,258.325,66.8779],"dipPosition":[-35.3532,250.6,-44.5911],"direction":[-0.545438,-0.801878,-0.243904],"extended":false,"handId":409,"id":4092,"length":66.2163,"mcpPosition":[-5.00247,287.535,5.10805],"pipPosition":[-20.0258,273.134,-37.7371],"stabilizedTipPosition":[-42.3299,235.075,-38.2874],"timeVisible":0.705336,"tipPosition":[-42.66,238.823,-41.7341],"tipVelocity":[-2.1562,144.69,-104.783],"tool":false,"touchDistance":-0.49968,"touchZone":"touching","type":2,"width":18.7732},{"bases":[[[0.768069,-0.639921,-0.0239074],[0.581534,0.681385,0.444447],[-0.268121,-0.355269,0.895486]],[[0.783651,-0.615876,-0.0811602],[0.537961,0.738157,-0.407091],[0.310626,0.275356,0.909775]],[[0.783651,-0.615876,-0.0811602],[0.106997,0.262519,-0.958976],[0.611917,0.742819,0.27162]],[[0.783651,-0.615876,-0.0811602],[-0.198669,-0.124686,-0.972103],[0.588576,0.777914,-0.220065]]],"btipPosition":[-28.2297,228.062,-33.9568],"carpPosition":[-3.49307,252.926,65.0164],"dipPosition":[-17.3624,242.425,-38.02],"direction":[-0.611917,-0.742819,-0.27162],"extended":false,"handId":409,"id":4093,"length":63.6687,"mcpPosition":[13.104,274.918,9.58467],"pipPosition":[-0.611034,262.76,-30.5844],"stabilizedTipPosition":[-25.0183,224.792,-29.1652],"timeVisible":0.705336,"tipPosition":[-25.8665,231.169,-35.3746],"tipVelocity":[-0.688036,155.799,-125.821],"tool":false,"touchDistance":-0.520368,"touchZone":"touching","type":3,"width":17.8639},{"bases":[[[0.625159,-0.780468,0.00679144],[0.66793,0.539477,0.512674],[-0.40379,-0.315967,0.858556]],[[0.575569,-0.811153,0.103688],[0.782119,0.509023,-0.359425],[0.238769,0.28797,0.927396]],[[0.575569,-0.811153,0.103688],[0.319588,0.106412,-0.941563],[0.752717,0.575072,0.320482]],[[0.575569,-0.811153,0.103688],[-0.0738409,-0.177831,-0.981287],[0.814412,0.557142,-0.162251]]],"btipPosition":[-9.7649,228.687,-22.7274],"carpPosition":[3.86145,241.249,62.305],"dipPosition":[4.10742,238.177,-25.4911],"direction":[-0.752717,-0.575072,-0.320482],"extended":false,"handId":409,"id":4094,"length":49.9151,"mcpPosition":[26.9992,259.354,13.1085],"pipPosition":[18.6561,249.292,-19.2968],"stabilizedTipPosition":[-4.59434,216.886,-9.10582],"timeVisible":0.705336,"tipP