{"sensorType":"Leap","data":[[0,{"currentFrameRate":55.3518,"devices":[],"gestures":[],"hands":[{"armBasis":[[0.631635,-0.727494,-0.267935],[0.770382,0.62771,0.111763],[0.086879,-0.277006,0.956933]],"armWidth":62.9686,"confidence":0.685154,"direction":[0.27855,0.525242,-0.804071],"elbow":[22.9748,166.604,309.437],"grabStrength":0.129891,"id":409,"palmNormal":[-0.722736,-0.436724,-0.535654],"palmPosition":[6.80843,272.179,10.8607],"palmVelocity":[57.6197,195.376,-39.3778],"palmWidth":89.917,"pinchStrength":1,"r":[[0.381623,-0.88298,-0.27333],[0.922597,0.381912,0.054382],[0.0563696,-0.272927,0.960382]],"s":1.34181,"sphereCenter":[-13.7836,243.679,-34.0725],"sphereRadius":50.3591,"stabilizedPalmPosition":[6.75141,271.973,10.8855],"t":[-4.845,110.132,-107.141],"timeVisible":29.0675,"type":"right","wrist":[-0.205912,240.514,54.1121]}],"id":1414462,"interactionBox":{"center":[0,200,0],"size":[235.247,235.247,147.751]},"pointables":[{"bases":[[[0.955307,0.199224,0.2184],[-0.294527,0.578097,0.760959],[0.0253449,-0.791274,0.610936]],[[0.837802,0.539254,-0.0854002],[-0.445014,0.765091,0.465402],[0.316309,-0.35191,0.88097]],[[0.837802,0.539254,-0.0854002],[-0.517043,0.833882,0.19315],[0.175371,-0.117666,0.977446]],[[0.837802,0.539254,-0.0854002],[-0.542184,0.840144,-0.013948],[0.064227,0.0579883,0.996249]]],"btipPosition":[-49.6777,274.634,-41.0502],"carpPosition":[-26.6802,254.651,58.3816],"dipPosition":[-48.1923,275.975,-18.0093],"direction":[-0.175371,0.117666,-0.977446],"extended":false,"handId":409,"id":4090,"length":51.5018,"mcpPosition":[-26.6802,254.651,58.3816],"pipPosition":[-42.2834,272.011,14.9243],"stabilizedTipPosition":[-49.527,274.389,-35.6636],"timeVisible":29.0675,"tipPosition":[-49.4421,276.397,-35.4371],"tipVelocity":[64.7248,181.667,-39.2763],"tool":false,"touchDistance":-0.4994,"touchZone":"touching","type":0,"width":20.0112},{"bases":[[[0.670295,-0.63178,-0.389305],[0.73972,0.526891,0.41857],[-0.0593226,-0.568542,0.820513]],[[0.657326,-0.698893,-0.281905],[0.723065,0.690312,-0.025415],[0.212365,-0.18713,0.959106]],[[0.657326,-0.698893,-0.281905],[0.688993,0.708884,-0.150906],[0.305305,-0.0950363,0.9475]],[[0.657326,-0.698893,-0.281905],[0.659152,0.714523,-0.234467],[0.365295,-0.0316971,0.930352]]],"btipPosition":[-22.8916,314.907,-80.5387],"carpPosition":[-4.72829,262.823,58.1734],"dipPosition":[-16.7239,314.372,-64.8305],"direction":[-0.305305,0.0950363,-0.9475],"extended":true,"handId":409,"id":4091,"length":58.114,"mcpPosition":[-0.415416,304.157,-1.47953],"pipPosition":[-9.43154,312.102,-42.1991],"stabilizedTipPosition":[-21.5316,314.59,-76.9142],"timeVisible":29.0675,"tipPosition":[-22.2214,313.334,-76.7146],"tipVelocity":[66.8734,215.11,-36.2768],"tool":false,"touchDistance":-0.482793,"touchZone":"touching","type":1,"width":19.1147},{"bases":[[[0.520126,-0.783287,-0.340485],[0.84091,0.399885,0.36464],[-0.149462,-0.475976,0.866665]],[[0.518014,-0.789782,-0.328491],[0.604872,0.60976,-0.512174],[0.604807,0.0666183,0.793581]],[[0.518014,-0.789782,-0.328491],[-0.134014,0.304355,-0.943085],[0.844809,0.532553,0.0518181]],[[0.518014,-0.789782,-0.328491],[-0.534274,0.00115917,-0.84531],[0.667992,0.613387,-0.421359]]],"btipPosition":[-50.0292,259.723,-37.4699],"carpPosition":[4.61908,256.436,53.7137],"dipPosition":[-37.6244,271.114,-45.2947],"direction":[-0.844809,-0.532553,-0.0518181],"extended":false,"handId":409,"id":4092,"length":66.2163,"mcpPosition":[14.9238,289.252,-6.03869],"pipPosition":[-13.8843,286.079,-43.8385],"stabilizedTipPosition":[-47.2535,262.043,-39.2303],"timeVisible":29.0675,"tipPosition":[-47.9907,262.003,-39.7394],"tipVelocity":[57.6108,214.164,-36.9407],"tool":false,"touchDistance":0.203382,"touchZone":"hovering","type":2,"width":18.7732},{"bases":[[[0.427581,-0.872695,-0.23575],[0.870729,0.327524,0.366823],[-0.242911,-0.362121,0.899924]],[[0.429715,-0.869455,-0.243706],[0.687572,0.490017,-0.535843],[0.585312,0.0626939,0.808381]],[[0.429715,-0.869455,-0.243706],[-0.060407,0.24161,-0.968491],[0.900942,0.430896,0.0513024]],[[0.429715,-0.869455,-0.243706],[-0.493012,0.000201627,-0.870023],[0.756495,0.494011,-0.428565]]],"btipPosition":[-37.6659,246.445,-35.6679],"carpPosition":[11.7719,247.715,49.2223],"dipPosition":[-23.6983,255.567,-43.5808],"direction":[-0.900942,-0.430896,-0.0513024],"extended":false,"handId":409,"id":4093,"length":63.6687,"mcpPosition":[26.8084,270.131,-6.48419],"pipPosition":[0.965299,267.362,-42.1764],"stabilizedTipPosition":[-34.5277,248.263,-37.4416],"timeVisible":29.0675,"tipPosition":[-35.1429,248.388,-38.1229],"tipVelocity":[58.5183,213.633,-42.766],"tool":false,"touchDistance":0.199544,"touchZone":"hovering","type":3,"width":17.8639},{"bases":[[[0.246807,-0.950781,-0.187357],[0.901729,0.154513,0.403745],[-0.354924,-0.268592,0.895482]],[[0.2076,-0.97398,-0.0909136],[0.556697,0.194053,-0.807733],[0.804357,0.117074,0.582497]],[[0.2076,-0.97398,-0.0909136],[0.160191,0.125533,-0.979071],[0.965008,0.188692,0.182084]],[[0.2076,-0.97398,-0.0909136],[-0.0356474,0.0853442,-0.995714],[0.977564,0.209951,-0.0170024]]],"btipPosition":[-29.8541,238.775,-30.8004],"carpPosition":[13.2175,234.698,44.0954],"dipPosition":[-13.2027,242.351,-31.09],"direction":[-0.965008,-0.188692,-0.182084],"extended":false,"handId":409,"id":4094,"length":49.9151,"mcpPosition":[33.5552,250.089,-7.21692],"pipPosition":[5.44914,245.998,-27.5707],"stabilizedTipPosition":[-26.0425,239.491,-30.884],"timeVisible":29.0675,"tipPosition":[-25.1871,239.861,-32.1194],"tipVelocity":[31.7178,195.682,24.9934],"tool":false,"touchDistance":0.258978,"touchZone":"hovering","type":4,"width":15.8681}],"r":[[0.381623,-0.88298,-0.27333],[0.922597,0.381912,0.054382],[0.0563696,-0.272927,0.960382]],"s":1.34181,"t":[-4.845,110.132,-107.141],"timestamp":88733916430},false],[1,{"currentFrameRate":55.3476,"devices":[],"gestures":[],"hands":[{"armBasis":[[0.630177,-0.728766,-0.267913],[0.772289,0.623985,0.119215],[0.0802941,-0.282032,0.956039]],"armWidth":62.9686,"confidence":0.686934,"direction":[0.282825,0.535878,-0.795516],"elbow":[22.0981,168.339,307.9],"grabStrength":0.128943,"id":409,"palmNormal":[-0.723045,-0.425854,-0.543925],"palmPosition":[7.93249,275.859,10.052],"palmVelocity":[59.7799,199.237,-41.9185],"palmWidth":89.917,"pinchStrength":1,"r":[[0.382091,-0.881705,-0.276773],[0.922515,0.381584,0.0579545],[0.0545136,-0.277471,0.959186]],"s":1.33951,"sphereCenter":[-12.983,248.918,-34.9933],"sphereRadius":49.7806,"stabilizedPalmPosition":[7.8871,275.71,10.0841],"t":[-3.76028,113.736,-107.888],"timeVisible":29.0856,"type":"right","wrist":[0.674367,243.589,52.8139]}],"id":1414463,"interactionBox":{"center":[0,200,0],"size":[235.247,235.247,147.751]},"pointables":[{"bases":[[[0.95551,0.192104,0.223822],[-0.294243,0.568032,0.76861],[0.020515,-0.800273,0.599285]],[[0.83852,0.53932,-0.0775714],[-0.446002,0.761158,0.470873],[0.312995,-0.360239,0.878784]],[[0.83852,0.53932,-0.0775714],[-0.518052,0.833242,0.193208],[0.168837,-0.121823,0.978087]],[[0.83852,0.53932,-0.0775714],[-0.542874,0.839114,-0.0342898],[0.046598,0.0708642,0.996397]]],"btipPosition":[-47.9603,278.006,-42.1275],"carpPosition":[-25.7542,257.77,57.2214],"dipPosition":[-46.8826,279.645,-19.0833],"direction":[-0.168837,0.121823,-0.978087],"extended":false,"handId":409,"id":4090,"length":51.5018,"mcpPosition":[-25.7542,257.77,57.2214],"pipPosition":[-41.1939,275.54,13.8719],"stabilizedTipPosition":[-47.8846,278.004,-36.717],"timeVisible":29.0856,"tipPosition":[-47.9167,280.004,-36.4654],"tipVelocity":[76.6381,185.753,-48.907],"tool":false,"touchDistance":-0.493942,"touchZone":"touching","type":0,"width":20.0112},{"bases":[[[0.668791,-0.628704,-0.396799],[0.740706,0.517665,0.428226],[-0.0638185,-0.580306,0.811894]],[[0.655472,-0.696636,-0.291641],[0.725598,0.688003,-0.012614],[0.209437,-0.203346,0.956445]],[[0.655472,-0.696636,-0.291641],[0.691741,0.708774,-0.138323],[0.303069,-0.111073,0.946474]],[[0.655472,-0.696636,-0.291641],[0.661961,0.715855,-0.222168],[0.363543,-0.0474301,0.930369]]],"btipPosition":[-21.3982,320.131,-80.757],"carpPosition":[-3.76906,265.855,57.1913],"dipPosition":[-15.2601,319.331,-65.0485],"direction":[-0.303069,0.111073,-0.946473],"extended":true,"handId":409,"id":4091,"length":58.114,"mcpPosition":[0.870675,308.044,-1.83505],"pipPosition":[-8.02115,316.677,-42.4416],"stabilizedTipPosition":[-20.028,319.803,-77.1378],"timeVisible":29.0856,"tipPosition":[-20.6899,318.53,-76.9748],"tipVelocity":[74.1646,248.579,-24.771],"tool":false,"touchDistance":-0.466121,"touchZone":"touching","type":1,"width":19.1147},{"bases":[[[0.517883,-0.780301,-0.350611],[0.841529,0.391056,0.372699],[-0.153709,-0.488063,0.859167]],[[0.515649,-0.787151,-0.338379],[0.610602,0.614658,-0.49936],[0.601059,0.0508798,0.797583]],[[0.515649,-0.787151,-0.338379],[-0.131502,0.317546,-0.93908],[0.846649,0.528733,0.0602304]],[[0.515649,-0.787151,-0.338379],[-0.535155,0.0125309,-0.844661],[0.669116,0.616633,-0.414786]]],"btipPosition":[-48.6852,264.413,-38.5531],"carpPosition":[5.56448,259.496,52.6627],"dipPosition":[-36.2594,275.864,-46.2558],"direction":[-0.846649,-0.528733,-0.0602304],"extended":false,"handId":409,"id":4092,"length":66.2163,"mcpPosition":[16.162,293.145,-6.57278],"pipPosition":[-12.4677,290.722,-44.5633],"stabilizedTipPosition":[-45.8934,266.815,-40.2739],"timeVisible":29.0856,"tipPosition":[-46.644,266.711,-40.7877],"tipVelocity":[65.6849,236.017,-47.1173],"tool":false,"touchDistance":0.206513,"touchZone":"hovering","type":2,"width":18.7732},{"bases":[[[0.424697,-0.870863,-0.247447],[0.87105,0.31855,0.373895],[-0.246787,-0.374331,0.893853]],[[0.426769,-0.867666,-0.254998],[0.693678,0.494975,-0.523269],[0.580241,0.0464287,0.813121]],[[0.426769,-0.867666,-0.254998],[-0.0560194,0.256061,-0.965036],[0.902624,0.426133,0.0606728]],[[0.426769,-0.867666,-0.254998],[-0.492329,0.0136169,-0.870303],[0.758604,0.496962,-0.421366]]],"btipPosition":[-36.3648,251.093,-37.0509],"carpPosition":[12.6942,250.813,48.0622],"dipPosition":[-22.3582,260.269,-44.8309],"direction":[-0.902624,-0.426133,-0.0606728],"extended":false,"handId":409,"id":4093,"length":63.6687,"mcpPosition":[27.9706,273.984,-7.26848],"pipPosition":[2.35143,271.934,-43.17],"stabilizedTipPosition":[-33.2092,252.968,-38.7737],"timeVisible":29.0856,"tipPosition":[-33.8412,253.033,-39.3999],"tipVelocity":[65.1416,234.596,-57.9891],"tool":false,"touchDistance":0.198337,"touchZone":"hovering","type":3,"width":17.8639},{"bases":[[[0.24348,-0.948917,-0.200684],[0.901254,0.14489,0.408347],[-0.358411,-0.280292,0.890493]],[[0.204345,-0.973175,-0.105704],[0.554173,0.20402,-0.807012],[0.806929,0.106331,0.580998]],[[0.204345,-0.973175,-0.105704],[0.139868,0.135901,-0.9808],[0.968855,0.185637,0.163887]],[[0.204345,-0.973175,-0.105704],[-0.062083,0.0948809,-0.993551],[0.976928,0.20959,-0.0410291]]],"btipPosition":[-28.924,243.055,-31.0486],"carpPosition":[14.1012,237.867,42.7481],"dipPosition":[-12.2835,246.625,-31.7474],"direction":[-0.968855,-0.185637,-0.163887],"extended":false,"handId":409,"id":4094,"length":49.9151,"mcpPosition":[34.6386,253.928,-8.27843],"pipPosition":[6.44272,250.213,-28.5798],"stabilizedTipPosition":[-25.1113,243.808,-31.2043],"timeVisible":29.0856,"tipPosition":[-24.3065,244.164,-32.6088],"tipVelocity":[41.0244,215.141,4.1161],"tool":false,"touchDistance":0.262798,"touchZone":"hovering","type":4,"width":15.8681}],"r":[[0.382091,-0.881705,-0.276773],[0.922515,0.381584,0.0579545],[0.0545136,-0.277471,0.959186]],"s":1.33951,"t":[-3.76028,113.736,-107.888],"timestamp":88733934512},false],[2,{"currentFrameRate":55.3333,"devices":[],"gestures":[],"hands":[{"armBasis":[[0.63571,-0.719898,-0.278603],[0.769037,0.621847,0.147945],[0.0667427,-0.308306,0.948943]],"armWidth":62.9686,"confidence":0.661463,"direction":[0.280323,0.551239,-0.785847],"elbow":[19.1885,165.627,304.587],"grabStrength":0.127494,"id":409,"palmNormal":[-0.71921,-0.421581,-0.552274],"palmPosition":[8.48018,280.928,9.19666],"palmVelocity":[45.709,237.545,-44.4333],"palmWidth":89.917,"pinchStrength":1,"r":[[0.38379,-0.879186,-0.282377],[0.921892,0.382386,0.0624125],[0.0531051,-0.284275,0.957271]],"s":1.33582,"sphereCenter":[-12.7553,255.933,-35.705],"sphereRadius":48.8428,"stabilizedPalmPosition":[8.46274,280.775,9.22275],"t":[-2.94408,118.072,-108.689],"timeVisible":29.1037,"type":"right","wrist":[1.3805,247.888,51.3934]}],"id":1414464,"interactionBox":{"center":[0,200,0],"size":[235.247,235.247,147.751]},"pointables":[{"bases":[[[0.953798,0.194911,0.228646],[-0.299393,0.552863,0.777629],[0.0251582,-0.810156,0.585674]],[[0.832965,0.548934,-0.0695714],[-0.456258,0.752525,0.474905],[0.313046,-0.363837,0.877283]],[[0.832965,0.548934,-0.0695714],[-0.529571,0.827324,0.18732],[0.160385,-0.119188,0.979832]],[[0.832965,0.548934,-0.0695714],[-0.552833,0.830923,-0.0627951],[0.0233382,0.0907675,0.995599]]],"btipPosition":[-46.539,281.673,-43.319],"carpPosition":[-25.1531,261.809,55.9962],"dipPosition":[-45.9992,283.772,-20.2932],"direction":[-0.160385,0.119188,-0.979832],"extended":false,"handId":409,"id":4090,"length":51.5018,"mcpPosition":[-25.1531,261.809,55.9962],"pipPosition":[-40.5953,279.756,12.7208],"stabilizedTipPosition":[-46.5296,281.832,-37.9211],"timeVisible":29.1037,"tipPosition":[-46.8095,284.013,-37.5778],"tipVelocity":[74.2422,196.428,-57.0356],"tool":false,"touchDistance":-0.490817,"touchZone":"touching","type":0,"width":20.0112},{"bases":[[[0.673775,-0.617228,-0.406272],[0.736412,0.51546,0.438177],[-0.0610379,-0.594416,0.801838]],[[0.660975,-0.686284,-0.303525],[0.720548,0.693404,0.00129054],[0.20958,-0.219557,0.952823]],[[0.660975,-0.686284,-0.303525],[0.686608,0.716306,-0.1244],[0.30279,-0.126177,0.944668]],[[0.660975,-0.686284,-0.303525],[0.656774,0.72472,-0.208395],[0.362988,-0.0616038,0.929755]]],"btipPosition":[-21.0461,326.636,-80.8699],"carpPosition":[-3.22483,270.045,56.14],"dipPosition":[-14.9174,325.596,-65.1718],"direction":[-0.30279,0.126177,-0.944668],"extended":true,"handId":409,"id":4091,"length":58.114,"mcpPosition":[1.21274,313.26,-2.15525],"pipPosition":[-7.68512,322.582,-42.6081],"stabilizedTipPosition":[-19.6432,326.284,-77.2573],"timeVisible":29.1037,"tipPosition":[-20.2868,325.001,-77.132],"tipVelocity":[48.0496,299.66,-16.0079],"tool":false,"touchDistance":-0.449572,"touchZone":"touching","type":1,"width":19.1147},{"bases":[[[0.523855,-0.77063,-0.362912],[0.838201,0.390514,0.380681],[-0.151642,-0.503614,0.850516]],[[0.521587,-0.777896,-0.350464],[0.608023,0.627062,-0.486931],[0.598544,0.0408865,0.800046]],[[0.521587,-0.777896,-0.350464],[-0.133846,0.331076,-0.934063],[0.842634,0.534103,0.0685666]],[[0.521587,-0.777896,-0.350464],[-0.536627,0.0202411,-0.843576],[0.663309,0.628067,-0.406883]]],"btipPosition":[-47.8918,269.93,-39.5977],"carpPosition":[6.15985,263.828,51.5199],"dipPosition":[-35.5739,281.594,-47.1536],"direction":[-0.842634,-0.534103,-0.0685666],"extended":false,"handId":409,"id":4092,"length":66.2163,"mcpPosition":[16.6149,298.55,-7.11908],"pipPosition":[-11.895,296.603,-45.2268],"stabilizedTipPosition":[-45.088,272.409,-41.2983],"timeVisible":29.1037,"tipPosition":[-45.8618,272.292,-41.8119],"tipVelocity":[54.6049,269.89,-51.2415],"tool":false,"touchDistance":0.214168,"touchZone":"hovering","type":2,"width":18.7732},{"bases":[[[0.431142,-0.863573,-0.261453],[0.868225,0.318205,0.380699],[-0.245565,-0.391136,0.886967]],[[0.43315,-0.860322,-0.26875],[0.69305,0.508543,-0.510946],[0.576249,0.0350595,0.816522]],[[0.43315,-0.860322,-0.26875],[-0.0566199,0.271612,-0.96074],[0.899542,0.431361,0.0689372]],[[0.43315,-0.860322,-0.26875],[-0.493528,0.0231141,-0.869423],[0.754196,0.509226,-0.414581]]],"btipPosition":[-35.4356,256.728,-38.4036],"carpPosition":[13.3571,255.275,46.7849],"dipPosition":[-21.5103,266.13,-46.0583],"direction":[-0.899542,-0.431361,-0.0689372],"extended":false,"handId":409,"id":4093,"length":63.6687,"mcpPosition":[28.5579,279.486,-8.11951],"pipPosition":[3.11491,277.938,-44.1712],"stabilizedTipPosition":[-32.2714,258.656,-40.1092],"timeVisible":29.1037,"tipPosition":[-32.9362,258.707,-40.6857],"tipVelocity":[58.0498,272.295,-65.161],"tool":false,"touchDistance":0.20308,"touchZone":"hovering","type":3,"width":17.8639},{"bases":[[[0.250401,-0.943665,-0.216324],[0.899585,0.1442,0.412254],[-0.357836,-0.29783,0.885014]],[[0.211535,-0.969674,-0.122417],[0.549434,0.221566,-0.805625],[0.808316,0.103158,0.579641]],[[0.211535,-0.969674,-0.122417],[0.106526,0.14738,-0.983327],[0.971548,0.194968,0.134471]],[[0.211535,-0.969674,-0.122417],[-0.106489,0.10164,-0.989105],[0.971552,0.222267,-0.0817589]]],"btipPosition":[-28.2045,248.338,-30.9183],"carpPosition":[14.8626,242.431,41.2546],"dipPosition":[-11.6555,252.124,-32.3109],"direction":[-0.971548,-0.194968,-0.134471],"extended":false,"handId":409,"id":4094,"length":49.9151,"mcpPosition":[35.3671,259.497,-9.45793],"pipPosition":[7.1227,255.892,-29.7119],"stabilizedTipPosition":[-24.405,249.157,-31.2383],"timeVisible":29.1037,"tipPosition":[-23.6583,249.55,-32.8657],"tipVelocity":[39.8423,252.817,1.38696],"tool":false,"touchDistance":0.273385,"touchZone":"hovering","type":4,"width":15.8681}],"r":[[0.38379,-0.879186,-0.282377],[0.921892,0.382386,0.0624125],[0.0531051,-0.284275,0.957271]],"s":1.33582,"t":[-2.94408,118.072,-108.689],"timestamp":88733952634},false],[3,{"currentFrameRate":55.3445,"devices":[],"gestures":[],"hands":[{"armBasis":[[0.630849,-0.720059,-0.289039],[0.770806,0.624234,0.127238],[0.0888091,-0.303062,0.948824]],"armWidth":62.9686,"confidence":0.597356,"direction":[0.284026,0.553281,-0.783077],"elbow":[25.5605,170.655,303.36],"grabStrength":0.126478,"id":409,"palmNormal":[-0.721444,-0.414622,-0.554623],"palmPosition":[9.18421,284.714,8.16269],"palmVelocity":[42.5493,224.478,-50.5588],"palmWidth":89.917,"pinchStrength":1,"r":[[0.384129,-0.877329,-0.287644],[0.921839,0.381835,0.0664357],[0.0515467,-0.290681,0.95543]],"s":1.33085,"sphereCenter":[-12.8402,261.563,-36.1425],"sphereRadius":47.8131,"stabilizedPalmPosition":[9.16552,284.612,8.19015],"t":[-2.18396,122.133,-109.607],"timeVisible":29.1218,"type":"right","wrist":[1.86486,251.517,50.1981]}],"id":1414465,"interactionBox":{"center":[0,200,0],"size":[235.247,235.247,147.751]},"pointables":[{"bases":[[[0.954834,0.188091,0.230032],[-0.296468,0.550941,0.780109],[0.0199973,-0.813072,0.58182]],[[0.834913,0.546116,-0.0683919],[-0.456344,0.756362,0.468686],[0.307686,-0.360102,0.880713]],[[0.834913,0.546116,-0.0683919],[-0.529649,0.83102,0.169934],[0.149639,-0.105657,0.983079]],[[0.834913,0.546116,-0.0683919],[-0.550381,0.828186,-0.105779],[-0.00112652,0.125958,0.992035]]],"btipPosition":[-44.7807,283.985,-44.657],"carpPosition":[-24.5871,265.574,54.8544],"dipPosition":[-44.8068,286.898,-21.7136],"direction":[-0.149639,0.105657,-0.983079],"extended":false,"handId":409,"id":4090,"length":51.5018,"mcpPosition":[-24.5871,265.574,54.8544],"pipPosition":[-39.7649,283.338,11.4098],"stabilizedTipPosition":[-44.9213,284.437,-39.2674],"timeVisible":29.1218,"tipPosition":[-45.3707,286.707,-38.8868],"tipVelocity":[81.8595,169,-65.6811],"tool":false,"touchDistance":-0.490423,"touchZone":"touching","type":0,"width":20.0112},{"bases":[[[0.670266,-0.61932,-0.408883],[0.739267,0.508938,0.440982],[-0.065013,-0.59785,0.798967]],[[0.657197,-0.688093,-0.307604],[0.724417,0.689338,0.00571045],[0.208114,-0.226586,0.951497]],[[0.657197,-0.688093,-0.307604],[0.690482,0.713271,-0.120331],[0.302203,-0.133314,0.943875]],[[0.657197,-0.688093,-0.307604],[0.660548,0.722362,-0.204619],[0.362998,-0.0687119,0.929253]]],"btipPosition":[-20.066,331.107,-81.6695],"carpPosition":[-2.60987,273.678,55.048],"dipPosition":[-13.9371,329.947,-65.9799],"direction":[-0.302203,0.133314,-0.943875],"extended":true,"handId":409,"id":4091,"length":58.114,"mcpPosition":[2.11671,317.143,-3.03856],"pipPosition":[-6.71891,326.763,-43.4351],"stabilizedTipPosition":[-18.6684,330.785,-78.0512],"timeVisible":29.1218,"tipPosition":[-19.2699,329.481,-77.9563],"tipVelocity":[51.0429,274.441,-29.503],"tool":false,"touchDistance":-0.444972,"touchZone":"touching","type":1,"width":19.1147},{"bases":[[[0.519407,-0.772024,-0.366326],[0.840334,0.383659,0.382941],[-0.155096,-0.506739,0.848034]],[[0.517021,-0.77954,-0.353561],[0.611936,0.625432,-0.484117],[0.598518,0.033942,0.80039]],[[0.517021,-0.77954,-0.353561],[-0.134485,0.333944,-0.93295],[0.845342,0.529904,0.0678195]],[[0.517021,-0.77954,-0.353561],[-0.539687,0.0237362,-0.841531],[0.6644,0.625902,-0.408436]]],"btipPosition":[-47.1689,274.234,-40.5102],"carpPosition":[6.73971,267.428,50.4029],"dipPosition":[-34.8307,285.857,-48.095],"direction":[-0.845342,-0.529904,-0.0678195],"extended":false,"handId":409,"id":4092,"length":66.2163,"mcpPosition":[17.4328,302.365,-8.06498],"pipPosition":[-11.0758,300.748,-46.1892],"stabilizedTipPosition":[-44.3528,276.779,-42.2273],"timeVisible":29.1218,"tipPosition":[-45.1014,276.635,-42.7715],"tipVelocity":[47.8441,254.847,-51.1162],"tool":false,"touchDistance":0.219588,"touchZone":"hovering","type":2,"width":18.7732},{"bases":[[[0.426086,-0.864891,-0.265357],[0.869924,0.311171,0.382629],[-0.248361,-0.393873,0.884975]],[[0.42806,-0.86171,-0.272432],[0.697441,0.506685,-0.506801],[0.574753,0.0269359,0.817884]],[[0.42806,-0.86171,-0.272432],[-0.0557383,0.2757,-0.959626],[0.90203,0.425963,0.0699861]],[[0.42806,-0.86171,-0.272432],[-0.495642,0.0282286,-0.868068],[0.755714,0.506614,-0.415016]]],"btipPosition":[-34.7617,261.03,-39.5154],"carpPosition":[13.8879,258.853,45.6307],"dipPosition":[-20.8085,270.384,-47.1781],"direction":[-0.90203,-0.425963,-0.0699861],"extended":false,"handId":409,"id":4093,"length":63.6687,"mcpPosition":[29.2617,283.234,-9.15047],"pipPosition":[3.88485,282.045,-45.2622],"stabilizedTipPosition":[-31.5778,263.022,-41.2367],"timeVisible":29.1218,"tipPosition":[-32.2551,263.004,-41.7934],"tipVelocity":[48.411,256.044,-63.5502],"tool":false,"touchDistance":0.207245,"touchZone":"hovering","type":3,"width":17.8639},{"bases":[[[0.244844,-0.94411,-0.220696],[0.900223,0.136833,0.41337],[-0.360069,-0.299887,0.883413]],[[0.205859,-0.970289,-0.12713],[0.548032,0.221939,-0.806476],[0.81073,0.0963489,0.577438]],[[0.205859,-0.970289,-0.12713],[0.0838743,0.146929,-0.985585],[0.974981,0.192229,0.111629]],[[0.205859,-0.970289,-0.12713],[-0.137124,0.100029,-0.98549],[0.968927,0.220305,-0.112458]]],"btipPosition":[-27.726,252.377,-30.9998],"carpPosition":[15.3191,246.027,40.04],"dipPosition":[-11.2217,256.129,-32.9154],"direction":[-0.974981,-0.192229,-0.111629],"extended":false,"handId":409,"id":4094,"length":49.9151,"mcpPosition":[35.9515,263.211,-10.5808],"pipPosition":[7.62285,259.845,-30.7578],"stabilizedTipPosition":[-23.9329,253.215,-31.4392],"timeVisible":29.1218,"tipPosition":[-23.2579,253.585,-33.1531],"tipVelocity":[33.2621,238.942,-4.57947],"tool":false,"touchDistance":0.278961,"touchZone":"hovering","type":4,"width":15.8681}],"r":[[0.384129,-0.877329,-0.287644],[0.921839,0.381835,0.0664357],[0.0515467,-0.290681,0.95543]],"s":1.33085,"t":[-2.18396,122.133,-109.607],"timestamp":88733970664},false],[4,{"currentFrameRate":55.2941,"devices":[],"gestures":[],"hands":[{"armBasis":[[0.627065,-0.723647,-0.288312],[0.774332,0.619382,0.12952],[0.0848484,-0.304467,0.948736]],"armWidth":62.9686,"confidence":0.601976,"direction":[0.286838,0.553323,-0.782021],"elbow":[25.1579,171.744,302.732],"grabStrength":0.123955,"id":409,"palmNormal":[-0.723833,-0.409553,-0.555276],"palmPosition":[10.0084,286.223,7.62436],"palmVelocity":[43.7882,156.589,-40.4717],"palmWidth":89.917,"pinchStrength":1,"r":[[0.383436,-0.876117,-0.292225],[0.922211,0.380342,0.0697582],[0.0500292,-0.296241,0.953802]],"s":1.32574,"sphereCenter":[-12.7105,264.552,-36.1283],"sphereRadius":47.0097,"stabilizedPalmPosition":[9.98852,286.185,7.63769],"t":[-1.39182,124.918,-110.335],"timeVisible":29.14,"type":"right","wrist":[2.51895,252.98,49.5939]}],"id":1414466,"interactionBox":{"center":[0,200,0],"size":[235.247,235.247,147.751]},"pointables":[{"bases":[[[0.955902,0.182417,0.230163],[-0.293264,0.550954,0.78131],[0.0157152,-0.814354,0.580155]],[[0.836995,0.542886,-0.0686603],[-0.455132,0.760312,0.463444],[0.303801,-0.356651,0.883462]],[[0.836995,0.542886,-0.0686603],[-0.528708,0.834654,0.154337],[0.141095,-0.0928784,0.98563]],[[0.836995,0.542886,-0.0686603],[-0.546746,0.824506,-0.145804],[-0.0225441,0.159577,0.986928]]],"btipPosition":[-43.0736,284.204,-45.329],"carpPosition":[-23.8548,267.172,54.2859],"dipPosition":[-43.595,287.895,-22.5037],"direction":[-0.141095,0.0928784,-0.98563],"extended":false,"handId":409,"id":4090,"length":51.5018,"mcpPosition":[-23.8548,267.172,54.2859],"pipPosition":[-38.841,284.765,10.7056],"stabilizedTipPosition":[-43.3346,285.003,-40.0129],"timeVisible":29.14,"tipPosition":[-43.9023,287.181,-39.5948],"tipVelocity":[84.4413,98.5546,-52.5706],"tool":false,"touchDistance":-0.480201,"touchZone":"touching","type":0,"width":20.0112},{"bases":[[[0.666779,-0.622126,-0.410323],[0.742141,0.504003,0.441824],[-0.0680664,-0.599116,0.797764]],[[0.653617,-0.690142,-0.310627],[0.727963,0.685563,0.00860768],[0.207014,-0.231751,0.950493]],[[0.653617,-0.690142,-0.310627],[0.69394,0.710305,-0.117954],[0.302045,-0.13846,0.943185]],[[0.653617,-0.690142,-0.310627],[0.663821,0.719908,-0.202666],[0.363492,-0.0737349,0.928675]]],"btipPosition":[-19.0258,333.104,-82.0709],"carpPosition":[-1.83376,275.156,54.4902],"dipPosition":[-12.8886,331.859,-66.3911],"direction":[-0.302045,0.13846,-0.943185],"extended":true,"handId":409,"id":4091,"length":58.114,"mcpPosition":[3.11481,318.713,-3.50885],"pipPosition":[-5.67413,328.552,-43.8627],"stabilizedTipPosition":[-17.6232,332.8,-78.461],"timeVisible":29.14,"tipPosition":[-18.1969,331.482,-78.3797],"tipVelocity":[53.93,194.915,-25.9624],"tool":false,"touchDistance":-0.434862,"touchZone":"touching","type":1,"width":19.1147},{"bases":[[[0.515101,-0.774093,-0.368038],[0.842509,0.378293,0.383501],[-0.157639,-0.507616,0.847039]],[[0.512612,-0.781817,-0.354952],[0.615463,0.622827,-0.483003],[0.598694,0.0291338,0.800448]],[[0.512612,-0.781817,-0.354952],[-0.136149,0.334155,-0.932633],[0.847757,0.526405,0.0648483]],[[0.512612,-0.781817,-0.354952],[-0.543858,0.0242447,-0.838827],[0.664415,0.623036,-0.412769]]],"btipPosition":[-46.3294,276.111,-40.8534],"carpPosition":[7.48045,268.864,49.8299],"dipPosition":[-33.9909,287.681,-48.5187],"direction":[-0.847757,-0.526405,-0.0648483],"extended":false,"handId":409,"id":4092,"length":66.2163,"mcpPosition":[18.3489,303.862,-8.56946],"pipPosition":[-10.1681,302.474,-46.6964],"stabilizedTipPosition":[-43.5105,278.728,-42.6078],"timeVisible":29.14,"tipPosition":[-44.2379,278.539,-43.1679],"tipVelocity":[46.9531,181.76,-36.1339],"tool":false,"touchDistance":0.223646,"touchZone":"hovering","type":2,"width":18.7732},{"bases":[[[0.421301,-0.866656,-0.267233],[0.871703,0.305647,0.383033],[-0.250278,-0.39432,0.884236]],[[0.423224,-0.86358,-0.274063],[0.700523,0.503733,-0.50549],[0.574586,0.0219482,0.81815]],[[0.423224,-0.86358,-0.274063],[-0.0578514,0.276114,-0.959382],[0.904176,0.421888,0.0668987]],[[0.423224,-0.86358,-0.274063],[-0.500491,0.0293103,-0.865245],[0.755242,0.503358,-0.41981]]],"btipPosition":[-33.993,262.857,-39.9008],"carpPosition":[14.5806,260.26,45.0383],"dipPosition":[-20.0485,272.151,-47.652],"direction":[-0.904176,-0.421888,-0.0668987],"extended":false,"handId":409,"id":4093,"length":63.6687,"mcpPosition":[30.0732,284.669,-9.69709],"pipPosition":[4.70363,283.7,-45.8206],"stabilizedTipPosition":[-30.8091,264.937,-41.6704],"timeVisible":29.14,"tipPosition":[-31.4715,264.841,-42.2314],"tipVelocity":[45.3384,181.017,-43.7689],"tool":false,"touchDistance":0.211298,"touchZone":"hovering","type":3,"width":17.8639},{"bases":[[[0.239642,-0.944978,-0.222686],[0.90106,0.131083,0.41341],[-0.361473,-0.299724,0.882894]],[[0.200757,-0.971021,-0.129676],[0.547183,0.220944,-0.807326],[0.812581,0.0911196,0.575682]],[[0.200757,-0.971021,-0.129676],[0.0685244,0.145966,-0.986914],[0.977242,0.189243,0.0958422]],[[0.200757,-0.971021,-0.129676],[-0.157919,0.0985623,-0.982521],[0.966829,0.217726,-0.133556]]],"btipPosition":[-27.0968,254.063,-30.8632],"carpPosition":[15.9405,247.438,39.421],"dipPosition":[-10.6282,257.771,-33.1381],"direction":[-0.977242,-0.189243,-0.0958422],"extended":false,"handId":409,"id":4094,"length":49.9151,"mcpPosition":[36.6534,264.613,-11.1701],"pipPosition":[8.26004,261.429,-31.2857],"stabilizedTipPosition":[-23.3112,254.91,-31.3866],"timeVisible":29.14,"tipPosition":[-22.6999,255.252,-33.1116],"tipVelocity":[33.6203,168.509,-0.972897],"tool":false,"touchDistance":0.283702,"touchZone":"hovering","type":4,"width":15.8681}],"r":[[0.383436,-0.876117,-0.292225],[0.922211,0.380342,0.0697582],[0.0500292,-0.296241,0.953802]],"s":1.32574,"t":[-1.39182,124.918,-110.335],"timestamp":88733988923},false],[5,{"currentFrameRate":55.3301,"devices":[],"gestures":[],"hands":[{"armBasis":[[0.628057,-0.726623,-0.278504],[0.773756,0.621187,0.124214],[0.0827464,-0.293508,0.952369]],"armWidth":62.9686,"confidence":0.607062,"direction":[0.288041,0.555558,-0.779992],"elbow":[25.614,176.104,302.652],"grabStrength":0.120332,"id":409,"palmNormal":[-0.723357,-0.407521,-0.557388],"palmPosition":[11.0917,287.783,6.68509],"palmVelocity":[51.6203,123.644,-46.0783],"palmWidth":89.917,"pinchStrength":1,"r":[[0.382875,-0.874985,-0.296325],[0.922523,0.379001,0.0728626],[0.0485539,-0.301264,0.952304]],"s":1.3212,"sphereCenter":[-11.9548,267.123,-36.7679],"sphereRadius":46.4983,"stabilizedPalmPosition":[11.0562,287.732,6.7157],"t":[-0.454105,127.091,-111.169],"timeVisible":29.158,"type":"right","wrist":[3.53595,254.417,48.5445]}],"id":1414467,"interactionBox":{"center":[0,200,0],"size":[235.247,235.247,147.751]},"pointables":[{"bases":[[[0.95571,0.181262,0.231866],[-0.293945,0.54872,0.782626],[0.0146311,-0.816119,0.577698]],[[0.836939,0.543237,-0.0665337],[-0.456223,0.759645,0.463465],[0.302313,-0.357538,0.883614]],[[0.836939,0.543237,-0.0665337],[-0.530681,0.835239,0.144062],[0.133831,-0.0852631,0.987329]],[[0.836939,0.543237,-0.0665337],[-0.545398,0.817736,-0.18398],[-0.0455375,0.190267,0.980676]]],"btipPosition":[-41.2056,284.716,-46.2872],"carpPosition":[-22.8368,268.607,53.2478],"dipPosition":[-42.2588,289.116,-23.6066],"direction":[-0.133832,0.0852631,-0.987329],"extended":false,"handId":409,"id":4090,"length":51.5018,"mcpPosition":[-22.8368,268.607,53.2478],"pipPosition":[-37.7496,286.244,9.66004],"stabilizedTipPosition":[-41.6414,285.654,-40.9622],"timeVisible":29.158,"tipPosition":[-42.2388,287.848,-40.6418],"tipVelocity":[90.5007,69.7408,-53.8334],"tool":false,"touchDistance":-0.475387,"touchZone":"touching","type":0,"width":20.0112},{"bases":[[[0.666978,-0.621195,-0.411408],[0.741846,0.502305,0.444245],[-0.0693108,-0.601503,0.795858]],[[0.653952,-0.688499,-0.313555],[0.728148,0.685279,0.0139051],[0.205299,-0.237408,0.949468]],[[0.653952,-0.688499,-0.313555],[0.694105,0.710895,-0.113344],[0.300942,-0.143519,0.942781]],[[0.653952,-0.688499,-0.313555],[0.663853,0.721003,-0.198631],[0.362832,-0.0782592,0.928563]]],"btipPosition":[-17.8034,335.138,-82.8647],"carpPosition":[-0.81216,276.579,53.5028],"dipPosition":[-11.6774,333.817,-67.1868],"direction":[-0.300942,0.143519,-0.942781],"extended":true,"handId":409,"id":4091,"length":58.114,"mcpPosition":[4.22688,320.31,-4.35769],"pipPosition":[-4.48925,330.389,-44.6681],"stabilizedTipPosition":[-16.406,334.815,-79.2513],"timeVisible":29.158,"tipPosition":[-16.9462,333.514,-79.1958],"tipVelocity":[60.5636,155.88,-34.6091],"tool":false,"touchDistance":-0.431623,"touchZone":"touching","type":1,"width":19.1147},{"bases":[[[0.515177,-0.773217,-0.369766],[0.842225,0.376725,0.385661],[-0.1589,-0.510111,0.845304]],[[0.51258,-0.781247,-0.356252],[0.615678,0.623613,-0.481713],[0.5985,0.0275804,0.800648]],[[0.51258,-0.781247,-0.356252],[-0.144009,0.330805,-0.932646],[0.846477,0.52936,0.0570575]],[[0.51258,-0.781247,-0.356252],[-0.55318,0.0168573,-0.832891],[0.656699,0.623995,-0.423529]]],"btipPosition":[-45.0298,277.689,-41.3198],"carpPosition":[8.50467,270.297,48.8346],"dipPosition":[-32.8346,289.277,-49.1849],"direction":[-0.846477,-0.52936,-0.0570575],"extended":false,"handId":409,"id":4092,"length":66.2163,"mcpPosition":[19.46,305.467,-9.44504],"pipPosition":[-9.0477,304.153,-47.5815],"stabilizedTipPosition":[-42.2519,280.321,-43.1178],"timeVisible":29.158,"tipPosition":[-42.9302,280.212,-43.8134],"tipVelocity":[58.1199,137.503,-32.545],"tool":false,"touchDistance":0.220509,"touchZone":"hovering","type":2,"width":18.7732},{"bases":[[[0.421212,-0.866041,-0.269356],[0.871386,0.304067,0.385007],[-0.25153,-0.396883,0.882732]],[[0.423114,-0.862996,-0.276065],[0.701947,0.504861,-0.502381],[0.572927,0.0187817,0.819391]],[[0.423114,-0.862996,-0.276065],[-0.0574544,0.278514,-0.958712],[0.904253,0.421506,0.0682603]],[[0.423114,-0.862996,-0.276065],[-0.501161,0.0309306,-0.864801],[0.754859,0.504262,-0.419413]]],"btipPosition":[-32.8114,264.594,-40.9199],"carpPosition":[15.6065,261.705,44.0255],"dipPosition":[-18.8739,273.904,-48.6638],"direction":[-0.904253,-0.421506,-0.0682603],"extended":false,"handId":409,"id":4093,"length":63.6687,"mcpPosition":[31.1766,286.272,-10.6168],"pipPosition":[5.88027,285.443,-46.7952],"stabilizedTipPosition":[-29.6491,266.67,-42.664],"timeVisible":29.158,"tipPosition":[-30.2834,266.585,-43.2434],"tipVelocity":[54.985,141.276,-49.8768],"tool":false,"touchDistance":0.200339,"touchZone":"hovering","type":3,"width":17.8639},{"bases":[[[0.239463,-0.944411,-0.225266],[0.900623,0.129398,0.41489],[-0.362678,-0.302231,0.881545]],[[0.20054,-0.970672,-0.132585],[0.549492,0.223487,-0.805054],[0.811075,0.0885913,0.578195]],[[0.20054,-0.970672,-0.132585],[0.0625877,0.147751,-0.987042],[0.977684,0.189643,0.0903822]],[[0.20054,-0.970672,-0.132585],[-0.167665,0.0993324,-0.980827],[0.965232,0.218925,-0.142828]]],"btipPosition":[-25.9298,255.727,-31.6602],"carpPosition":[16.9671,248.899,38.371],"dipPosition":[-9.48849,259.456,-34.0931],"direction":[-0.977684,-0.189643,-0.0903822],"extended":false,"handId":409,"id":4094,"length":49.9151,"mcpPosition":[37.7491,266.217,-12.1428],"pipPosition":[9.40834,263.122,-32.3462],"stabilizedTipPosition":[-22.1527,256.579,-32.2167],"timeVisible":29.158,"tipPosition":[-21.5969,256.91,-33.8963],"tipVelocity":[48.2993,132.808,-22.4661],"tool":false,"touchDistance":0.272322,"touchZone":"hovering","type":4,"width":15.8681}],"r":[[0.382875,-0.874985,-0.296325],[0.922523,0.379001,0.0728626],[0.0485539,-0.301264,0.952304]],"s":1.3212,"t":[-0.454105,127.091,-111.169],"timestamp":88734006872},false],[6,{"currentFrameRate":55.3225,"devices":[],"gestures":[],"hands":[{"armBasis":[[0.633358,-0.724122,-0.272954],[0.76945,0.626871,0.122387],[0.082484,-0.28754,0.95421]],"armWidth":62.9686,"confidence":0.609216,"direction":[0.286737,0.560204,-0.777144],"elbow":[26.293,178.649,302.361],"grabStrength":0.116823,"id":409,"palmNormal":[-0.719812,-0.409325,-0.560646],"palmPosition":[11.7512,288.941,6.05141],"palmVelocity":[44.3955,95.2691,-40.8115],"palmWidth":89.917,"pinchStrength":1,"r":[[0.383537,-0.873404,-0.300109],[0.922315,0.378879,0.0760628],[0.0472715,-0.305968,0.950868]],"s":1.31627,"sphereCenter":[-11.6299,269.523,-36.9758],"sphereRadius":45.7986,"stabilizedPalmPosition":[11.7218,288.89,6.07948],"t":[0.344497,128.756,-111.902],"timeVisible":29.1761,"type":"right","wrist":[4.28499,255.37,47.7623]}],"id":1414468,"interactionBox":{"center":[0,200,0],"size":[235.247,235.247,147.751]},"pointables":[{"bases":[[[0.954159,0.185637,0.234776],[-0.298769,0.544005,0.784089],[0.0178366,-0.81829,0.574529]],[[0.83448,0.547548,-0.0619211],[-0.461778,0.756193,0.46361],[0.300673,-0.358279,0.883873]],[[0.83448,0.547548,-0.0619211],[-0.537586,0.83363,0.126735],[0.121013,-0.0724701,0.990002]],[[0.83448,0.547548,-0.0619211],[-0.544274,0.801465,-0.24783],[-0.086071,0.240511,0.966823]]],"btipPosition":[-39.0953,283.948,-46.8572],"carpPosition":[-22.1767,269.395,52.4603],"dipPosition":[-41.0859,289.51,-24.4969],"direction":[-0.121013,0.0724701,-0.990002],"extended":false,"handId":409,"id":4090,"length":51.5018,"mcpPosition":[-22.1767,269.395,52.4603],"pipPosition":[-37.0085,287.068,8.85977],"stabilizedTipPosition":[-39.7858,285.275,-41.6305],"timeVisible":29.1761,"tipPosition":[-40.5688,287.437,-41.3407],"tipVelocity":[97.2412,23.398,-45.1388],"tool":false,"touchDistance":-0.465836,"touchZone":"touching","type":0,"width":20.0112},{"bases":[[[0.67135,-0.615872,-0.412299],[0.738033,0.504655,0.447918],[-0.0677919,-0.605,0.793334]],[[0.658821,-0.68238,-0.316723],[0.724025,0.689465,0.0206044],[0.204309,-0.24289,0.948294]],[[0.658821,-0.68238,-0.316723],[0.689714,0.715994,-0.107923],[0.300416,-0.147346,0.942358]],[[0.658821,-0.68238,-0.316723],[0.659138,0.726516,-0.194196],[0.362619,-0.0808237,0.928426]]],"btipPosition":[-17.2408,336.669,-83.3245],"carpPosition":[-0.197248,277.488,52.7973],"dipPosition":[-11.1183,335.304,-67.6488],"direction":[-0.300416,0.147346,-0.942358],"extended":true,"handId":409,"id":4091,"length":58.114,"mcpPosition":[4.73136,321.473,-4.8797],"pipPosition":[-3.94275,331.785,-45.1403],"stabilizedTipPosition":[-15.8385,336.339,-79.7143],"timeVisible":29.1761,"tipPosition":[-16.3306,335.049,-79.6839],"tipVelocity":[46.5179,121.687,-30.2417],"tool":false,"touchDistance":-0.423699,"touchZone":"touching","type":1,"width":19.1147},{"bases":[[[0.5203,-0.768895,-0.371603],[0.839241,0.379864,0.389074],[-0.157999,-0.5143,0.842931]],[[0.517664,-0.77715,-0.357858],[0.612571,0.628656,-0.479112],[0.597311,0.0288051,0.801492]],[[0.517664,-0.77715,-0.357858],[-0.154156,0.326696,-0.932473],[0.841582,0.537873,0.0493162]],[[0.517664,-0.77715,-0.357858],[-0.563082,0.00545728,-0.826383],[0.644176,0.629292,-0.434774]]],"btipPosition":[-44.0049,278.561,-41.4786],"carpPosition":[9.16491,271.276,48.1261],"dipPosition":[-32.0423,290.247,-49.5525],"direction":[-0.841582,-0.537873,-0.0493162],"extended":false,"handId":409,"id":4092,"length":66.2163,"mcpPosition":[20.0582,306.734,-9.99001],"pipPosition":[-8.39296,305.362,-48.1667],"stabilizedTipPosition":[-41.2711,281.233,-43.3317],"timeVisible":29.1761,"tipPosition":[-41.9208,281.19,-44.1534],"tipVelocity":[55.9984,95.5975,-22.4993],"tool":false,"touchDistance":0.218048,"touchZone":"hovering","type":2,"width":18.7732},{"bases":[[[0.426622,-0.862631,-0.271774],[0.868805,0.307371,0.388203],[-0.251341,-0.401735,0.880589]],[[0.428462,-0.859648,-0.278255],[0.700206,0.510534,-0.499066],[0.571079,0.018995,0.820675]],[[0.428462,-0.859648,-0.278255],[-0.0611097,0.279679,-0.958147],[0.901491,0.427534,0.0672992]],[[0.428462,-0.859648,-0.278255],[-0.504753,0.0277042,-0.862819],[0.749429,0.510135,-0.42204]]],"btipPosition":[-31.8469,265.648,-41.4949],"carpPosition":[16.3253,262.742,43.2997],"dipPosition":[-18.0097,275.067,-49.2873],"direction":[-0.901491,-0.427534,-0.0672991],"extended":false,"handId":409,"id":4093,"length":63.6687,"mcpPosition":[31.8836,287.61,-11.21],"pipPosition":[6.66887,286.771,-47.445],"stabilizedTipPosition":[-28.706,267.766,-43.2608],"timeVisible":29.1761,"tipPosition":[-29.3105,267.693,-43.8795],"tipVelocity":[53.5679,102.445,-41.5539],"tool":false,"touchDistance":0.191694,"touchZone":"hovering","type":3,"width":17.8639},{"bases":[[[0.245209,-0.942179,-0.228411],[0.898942,0.13275,0.417469],[-0.363009,-0.307695,0.879516]],[[0.206201,-0.96903,-0.135875],[0.551935,0.229843,-0.801586],[0.807991,0.0902935,0.582235]],[[0.206201,-0.96903,-0.135875],[0.060258,0.15117,-0.986669],[0.976653,0.195264,0.0895632]],[[0.206201,-0.96903,-0.135875],[-0.172574,0.100668,-0.979839],[0.963172,0.225492,-0.146471]]],"btipPosition":[-24.9454,256.828,-32.38],"carpPosition":[17.7698,249.966,37.5982],"dipPosition":[-8.5392,260.669,-34.875],"direction":[-0.976653,-0.195264,-0.0895632],"extended":false,"handId":409,"id":4094,"length":49.9151,"mcpPosition":[38.5707,267.598,-12.7993],"pipPosition":[10.3377,264.443,-33.1439],"stabilizedTipPosition":[-21.1788,257.703,-32.9487],"timeVisible":29.1761,"tipPosition":[-20.6645,258.03,-34.579],"tipVelocity":[50.9794,99.2279,-31.0691],"tool":false