{"sensorType":"Leap","data":[[0,{"currentFrameRate":55.3435,"devices":[],"gestures":[],"hands":[{"armBasis":[[0.852388,-0.489393,-0.184201],[0.519858,0.8311,0.197537],[0.0564158,-0.264137,0.962834]],"armWidth":62.9686,"confidence":0.830773,"direction":[0.305533,0.46962,-0.828316],"elbow":[9.35554,133.56,341.237],"grabStrength":0.0367743,"id":409,"palmNormal":[-0.435754,-0.704513,-0.560161],"palmPosition":[2.36939,230.096,37.6643],"palmVelocity":[-37.605,248.078,-113.298],"palmWidth":89.917,"pinchStrength":1,"r":[[0.914823,-0.393662,-0.090156],[0.398087,0.916595,0.0371572],[0.0680092,-0.0698822,0.995234]],"s":1.00725,"sphereCenter":[-19.9609,208.896,-3.07252],"sphereRadius":44.2431,"stabilizedPalmPosition":[2.53964,229.059,38.1181],"t":[-7.55525,67.0908,-78.9835],"timeVisible":4.06716,"type":"right","wrist":[-5.6971,204.035,84.3372]}],"id":1413086,"interactionBox":{"center":[0,200,0],"size":[235.247,235.247,147.751]},"pointables":[{"bases":[[[0.790048,0.507662,0.343663],[-0.605719,0.560015,0.565232],[0.0944907,-0.654724,0.749939]],[[0.704528,0.707626,0.0538989],[-0.707056,0.693381,0.138903],[0.0609191,-0.135971,0.988838]],[[0.704528,0.707626,0.0538989],[-0.691666,0.701667,-0.171062],[-0.158867,0.0832379,0.983785]],[[0.704528,0.707626,0.0538989],[-0.574417,0.613204,-0.542242],[-0.416756,0.351065,0.838492]]],"btipPosition":[-23.2456,205.702,-20.457],"carpPosition":[-35.2319,209.918,80.8609],"dipPosition":[-32.8842,213.821,-1.06466],"direction":[0.158867,-0.0832378,-0.983785],"extended":false,"handId":409,"id":4090,"length":51.5018,"mcpPosition":[-35.2319,209.918,80.8609],"pipPosition":[-38.2369,216.626,32.0825],"stabilizedTipPosition":[-25.3448,206.875,-15.698],"timeVisible":4.06716,"tipPosition":[-26.4466,208.456,-15.4613],"tipVelocity":[-46.9622,241.767,-102.946],"tool":false,"touchDistance":0.136391,"touchZone":"hovering","type":0,"width":20.0112},{"bases":[[[0.885902,-0.445686,-0.128613],[0.454526,0.778645,0.432571],[-0.0926469,-0.441674,0.892379]],[[0.887869,-0.434968,-0.149973],[0.443879,0.89557,0.0304206],[0.12108,-0.0935795,0.988222]],[[0.887869,-0.434968,-0.149973],[0.425808,0.900299,-0.0902772],[0.174288,0.0162945,0.98456]],[[0.887869,-0.434968,-0.149973],[0.409594,0.895718,-0.172979],[0.209574,0.0921543,0.97344]]],"btipPosition":[-22.9397,258.395,-63.7753],"carpPosition":[-16.8333,224.256,83.0105],"dipPosition":[-19.4012,259.951,-47.3396],"direction":[-0.174288,-0.0162945,-0.98456],"extended":true,"handId":409,"id":4091,"length":58.114,"mcpPosition":[-10.0977,256.367,18.1327],"pipPosition":[-15.2382,260.34,-23.823],"stabilizedTipPosition":[-22.0244,258.151,-59.7525],"timeVisible":4.06716,"tipPosition":[-22.8722,256.624,-59.6192],"tipVelocity":[-47.122,283.173,-112.95],"tool":false,"touchDistance":0.177234,"touchZone":"hovering","type":1,"width":19.1147},{"bases":[[[0.774687,-0.627426,-0.0787126],[0.59561,0.682201,0.424087],[-0.212385,-0.375417,0.902194]],[[0.7628,-0.645821,-0.0324269],[0.578073,0.703536,-0.413362],[0.289772,0.296568,0.909989]],[[0.7628,-0.645821,-0.0324269],[-0.00199886,0.047792,-0.998855],[0.646631,0.761992,0.0351648]],[[0.7628,-0.645821,-0.0324269],[-0.386755,-0.415471,-0.823289],[0.518225,0.640546,-0.566695]]],"btipPosition":[-32.3051,198.908,-14.3405],"carpPosition":[-5.35101,220.459,81.6705],"dipPosition":[-22.6815,210.803,-24.8642],"direction":[-0.646631,-0.761992,-0.0351648],"extended":false,"handId":409,"id":4092,"length":66.2163,"mcpPosition":[9.29196,246.342,19.4685],"pipPosition":[-4.51044,232.216,-23.8761],"stabilizedTipPosition":[-29.8695,200.405,-16.1716],"timeVisible":4.06716,"tipPosition":[-30.6484,200.844,-14.8311],"tipVelocity":[-52.0258,258.52,-123.083],"tool":false,"touchDistance":0.170981,"touchZone":"hovering","type":2,"width":18.7732},{"bases":[[[0.687871,-0.725463,0.0231667],[0.642362,0.623316,0.445923],[-0.337941,-0.291856,0.894771]],[[0.682717,-0.729765,0.0366043],[0.682717,0.619247,-0.387854],[0.260375,0.289785,0.920994]],[[0.682717,-0.729765,0.0366043],[0.0730223,0.0182978,-0.997162],[0.727025,0.683453,0.0657814]],[[0.682717,-0.729765,0.0366043],[-0.37397,-0.392019,-0.840516],[0.627729,0.560146,-0.540549]]],"btipPosition":[-17.3602,190.01,-7.50663],"carpPosition":[4.70982,213.79,80.3655],"dipPosition":[-5.76998,200.352,-17.4871],"direction":[-0.727025,-0.683453,-0.0657814],"extended":false,"handId":409,"id":4093,"length":63.6687,"mcpPosition":[25.6288,231.857,24.978],"pipPosition":[14.1326,219.062,-15.6864],"stabilizedTipPosition":[-14.4397,190.819,-9.02958],"timeVisible":4.06716,"tipPosition":[-15.4505,191.75,-7.85913],"tipVelocity":[-45.8086,256.766,-131.242],"tool":false,"touchDistance":0.115672,"touchZone":"hovering","type":3,"width":17.8639},{"bases":[[[0.528479,-0.847317,0.0525709],[0.709135,0.474642,0.521386],[-0.466731,-0.238261,0.8517]],[[0.486277,-0.864702,0.125795],[0.819813,0.401658,-0.40814],[0.302393,0.301598,0.904211]],[[0.486277,-0.864702,0.125795],[0.0966023,-0.0898804,-0.991257],[0.868448,0.494178,0.0398254]],[[0.486277,-0.864702,0.125795],[-0.413762,-0.354663,-0.83846],[0.769633,0.355675,-0.530245]]],"btipPosition":[-2.98976,188.757,6.13118],"carpPosition":[10.7272,201.252,78.2677],"dipPosition":[10.1198,194.815,-2.90077],"direction":[-0.868448,-0.494178,-0.0398254],"extended":false,"handId":409,"id":4094,"length":49.9151,"mcpPosition":[37.4716,214.905,29.4641],"pipPosition":[26.9053,204.367,-2.13102],"stabilizedTipPosition":[0.26711,188.314,5.02758],"timeVisible":4.06716,"tipPosition":[-0.759015,189.91,5.86605],"tipVelocity":[-40.805,247.692,-132.006],"tool":false,"touchDistance":0.168936,"touchZone":"hovering","type":4,"width":15.8681}],"r":[[0.914823,-0.393662,-0.090156],[0.398087,0.916595,0.0371572],[0.0680092,-0.0698822,0.995234]],"s":1.00725,"t":[-7.55525,67.0908,-78.9835],"timestamp":88708916066},false],[1,{"currentFrameRate":55.279,"devices":[],"gestures":[],"hands":[{"armBasis":[[0.853231,-0.484255,-0.193631],[0.518134,0.829399,0.208888],[0.0594425,-0.278557,0.958578]],"armWidth":62.9686,"confidence":0.809371,"direction":[0.308194,0.469152,-0.827595],"elbow":[9.11473,134.202,338.891],"grabStrength":0.023267,"id":409,"palmNormal":[-0.434119,-0.704725,-0.561163],"palmPosition":[1.4709,234.561,36.4661],"palmVelocity":[-43.1004,246.026,-90.3395],"palmWidth":89.917,"pinchStrength":1,"r":[[0.911865,-0.399633,-0.0937911],[0.404007,0.914171,0.0327083],[0.0726698,-0.0677179,0.995054]],"s":1.00969,"sphereCenter":[-21.234,213.813,-4.38719],"sphereRadius":44.4109,"stabilizedPalmPosition":[1.64044,233.688,36.7282],"t":[-8.3462,71.5661,-80.6024],"timeVisible":4.08547,"type":"right","wrist":[-6.74547,208.525,83.1268]}],"id":1413087,"interactionBox":{"center":[0,200,0],"size":[235.247,235.247,147.751]},"pointables":[{"bases":[[[0.789054,0.507707,0.345871],[-0.607389,0.560398,0.563057],[0.0920428,-0.65436,0.75056]],[[0.705316,0.706545,0.0576403],[-0.706792,0.694642,0.133858],[0.0545372,-0.135152,0.989323]],[[0.705316,0.706545,0.0576403],[-0.690266,0.703026,-0.171134],[-0.161437,0.0809168,0.98356]],[[0.705316,0.706545,0.0576403],[-0.574015,0.61694,-0.538416],[-0.415976,0.346667,0.840706]]],"btipPosition":[-23.8986,210.334,-21.8301],"carpPosition":[-36.2683,214.411,79.5553],"dipPosition":[-33.5192,218.351,-2.38659],"direction":[0.161437,-0.0809168,-0.98356],"extended":false,"handId":409,"id":4090,"length":51.5018,"mcpPosition":[-36.2683,214.411,79.5553],"pipPosition":[-38.9585,221.078,30.753],"stabilizedTipPosition":[-26.0175,211.528,-17.1548],"timeVisible":4.08547,"tipPosition":[-27.0613,212.946,-16.8237],"tipVelocity":[-41.433,246.514,-89.2251],"tool":false,"touchDistance":0.143023,"touchZone":"hovering","type":0,"width":20.0112},{"bases":[[[0.886226,-0.445894,-0.125623],[0.453301,0.77879,0.433594],[-0.0955036,-0.441208,0.892309]],[[0.888308,-0.434903,-0.147541],[0.444645,0.89484,0.0394022],[0.11489,-0.100605,0.988271]],[[0.888308,-0.434903,-0.147541],[0.427465,0.900438,-0.0805348],[0.167877,0.00847106,0.985772]],[[0.888308,-0.434903,-0.147541],[0.411848,0.896542,-0.163075],[0.203199,0.0840962,0.975519]]],"btipPosition":[-23.2492,263.473,-65.0917],"carpPosition":[-17.8742,228.747,81.7551],"dipPosition":[-19.8184,264.893,-48.6209],"direction":[-0.167877,-0.00847106,-0.985772],"extended":true,"handId":409,"id":4091,"length":58.114,"mcpPosition":[-10.9309,260.824,16.8824],"pipPosition":[-15.8086,265.095,-25.0754],"stabilizedTipPosition":[-22.4188,263.264,-61.1562],"timeVisible":4.08547,"tipPosition":[-23.2035,261.718,-60.9622],"tipVelocity":[-33.2783,279.532,-93.0423],"tool":false,"touchDistance":0.184905,"touchZone":"hovering","type":1,"width":19.1147},{"bases":[[[0.774827,-0.627591,-0.0759777],[0.594395,0.682319,0.425599],[-0.215261,-0.374927,0.901716]],[[0.762493,-0.646361,-0.0286608],[0.583688,0.70632,-0.400525],[0.279127,0.288668,0.915838]],[[0.762493,-0.646361,-0.0286608],[0.00895319,0.0548351,-0.998455],[0.646934,0.761059,0.0475984]],[[0.762493,-0.646361,-0.0286608],[-0.380547,-0.412214,-0.827807],[0.523248,0.642104,-0.560281]]],"btipPosition":[-32.739,203.736,-16.2723],"carpPosition":[-6.38838,224.947,80.4529],"dipPosition":[-23.0221,215.66,-26.6769],"direction":[-0.646934,-0.761059,-0.0475984],"extended":false,"handId":409,"id":4092,"length":66.2163,"mcpPosition":[8.45287,250.796,18.2838],"pipPosition":[-4.84251,237.046,-25.3394],"stabilizedTipPosition":[-30.382,205.31,-18.1857],"timeVisible":4.08547,"tipPosition":[-31.1003,205.649,-16.7611],"tipVelocity":[-37.8743,261.148,-113.927],"tool":false,"touchDistance":0.166029,"touchZone":"hovering","type":2,"width":18.7732},{"bases":[[[0.687677,-0.725563,0.0256796],[0.641069,0.623437,0.447611],[-0.34078,-0.29135,0.893859]],[[0.682594,-0.729766,0.0388126],[0.683938,0.619212,-0.385753],[0.257476,0.289858,0.921785]],[[0.682594,-0.729766,0.0388126],[0.0761327,0.0181897,-0.996932],[0.726821,0.683455,0.0679752]],[[0.682594,-0.729766,0.0388126],[-0.371419,-0.39217,-0.841576],[0.629375,0.560039,-0.538743]]],"btipPosition":[-18.1157,194.463,-8.76142],"carpPosition":[3.67539,218.276,79.1826],"dipPosition":[-6.49513,204.803,-18.7086],"direction":[-0.726821,-0.683455,-0.0679752],"extended":false,"handId":409,"id":4093,"length":63.6687,"mcpPosition":[24.7701,236.311,23.8516],"pipPosition":[13.4018,223.513,-16.8477],"stabilizedTipPosition":[-15.2253,195.534,-10.6111],"timeVisible":4.08547,"tipPosition":[-16.1883,196.217,-9.15333],"tipVelocity":[-43.4424,250.234,-100.959],"tool":false,"touchDistance":0.126612,"touchZone":"hovering","type":3,"width":17.8639},{"bases":[[[0.528174,-0.847376,0.0546477],[0.707582,0.474791,0.523357],[-0.469426,-0.237755,0.85036]],[[0.488283,-0.863893,0.123564],[0.822278,0.40802,-0.396709],[0.292298,0.295311,0.90959]],[[0.488283,-0.863893,0.123564],[0.107201,-0.0811418,-0.990921],[0.866076,0.497096,0.0529902]],[[0.488283,-0.863893,0.123564],[-0.405815,-0.350124,-0.844232],[0.772589,0.36208,-0.521541]]],"btipPosition":[-3.51706,193.266,4.45956],"carpPosition":[9.69725,205.736,77.11],"dipPosition":[9.64286,199.433,-4.42412],"direction":[-0.866076,-0.497096,-0.0529902],"extended":false,"handId":409,"id":4094,"length":49.9151,"mcpPosition":[36.596,219.36,28.3832],"pipPosition":[26.3825,209.041,-3.39991],"stabilizedTipPosition":[-0.299145,193.077,3.0753],"timeVisible":4.08547,"tipPosition":[-1.29116,194.452,4.1861],"tipVelocity":[-34.7411,247.644,-111.58],"tool":false,"touchDistance":0.165375,"touchZone":"hovering","type":4,"width":15.8681}],"r":[[0.911865,-0.399633,-0.0937911],[0.404007,0.914171,0.0327083],[0.0726698,-0.0677179,0.995054]],"s":1.00969,"t":[-8.3462,71.5661,-80.6024],"timestamp":88708934379},false],[2,{"currentFrameRate":55.2576,"devices":[],"gestures":[],"hands":[{"armBasis":[[0.855257,-0.479025,-0.197664],[0.514107,0.832218,0.207625],[0.0650419,-0.279193,0.95803]],"armWidth":62.9686,"confidence":0.805404,"direction":[0.304329,0.474564,-0.825938],"elbow":[10.2021,138.142,336.924],"grabStrength":0.0125593,"id":409,"palmNormal":[-0.430788,-0.704767,-0.563672],"palmPosition":[0.848952,238.923,34.7493],"palmVelocity":[-38.8684,243.176,-92.3145],"palmWidth":89.917,"pinchStrength":1,"r":[[0.909899,-0.403263,-0.0972717],[0.407668,0.912643,0.0298256],[0.0767468,-0.0667928,0.994811]],"s":1.01182,"sphereCenter":[-22.2649,218.641,-6.21317],"sphereRadius":44.5685,"stabilizedPalmPosition":[0.963276,238.167,35.0352],"t":[-9.05265,75.9847,-82.2702],"timeVisible":4.10364,"type":"right","wrist":[-7.15209,212.635,81.306]}],"id":1413088,"interactionBox":{"center":[0,200,0],"size":[235.247,235.247,147.751]},"pointables":[{"bases":[[[0.786566,0.510763,0.347038],[-0.609861,0.55438,0.566332],[0.0968706,-0.657103,0.747551]],[[0.702312,0.709155,0.0621035],[-0.709923,0.691277,0.134706],[0.0525967,-0.138694,0.988938]],[[0.702312,0.709155,0.0621035],[-0.693753,0.701386,-0.163596],[-0.159573,0.0718107,0.984571]],[[0.702312,0.709155,0.0621035],[-0.580009,0.620622,-0.527654],[-0.412731,0.334557,0.847186]]],"btipPosition":[-24.3859,215.049,-23.7501],"carpPosition":[-36.7134,218.365,77.8002],"dipPosition":[-33.9314,222.787,-4.15671],"direction":[0.159573,-0.0718107,-0.984571],"extended":false,"handId":409,"id":4090,"length":51.5018,"mcpPosition":[-36.7134,218.365,77.8002],"pipPosition":[-39.308,225.207,29.0169],"stabilizedTipPosition":[-26.5153,216.208,-18.9988],"timeVisible":4.10364,"tipPosition":[-27.4957,217.457,-18.698],"tipVelocity":[-34.0085,251.022,-96.1609],"tool":false,"touchDistance":0.141389,"touchZone":"hovering","type":0,"width":20.0112},{"bases":[[[0.888628,-0.440179,-0.128775],[0.449365,0.779501,0.436405],[-0.091716,-0.445668,0.890488]],[[0.890671,-0.428718,-0.151349],[0.439956,0.896674,0.0491304],[0.114648,-0.110346,0.987259]],[[0.890671,-0.428718,-0.151349],[0.422911,0.903437,-0.0703348],[0.166888,-0.00136209,0.985975]],[[0.890671,-0.428718,-0.151349],[0.40741,0.900363,-0.152852],[0.201799,0.0744793,0.976591]]],"btipPosition":[-23.9929,268.659,-66.6561],"carpPosition":[-18.3999,232.798,80.0382],"dipPosition":[-20.5856,269.916,-50.1672],"direction":[-0.166888,0.00136209,-0.985975],"extended":true,"handId":409,"id":4091,"length":58.114,"mcpPosition":[-11.732,265.199,15.298],"pipPosition":[-16.5995,269.884,-26.6168],"stabilizedTipPosition":[-23.1416,268.462,-62.7176],"timeVisible":4.10364,"tipPosition":[-23.9229,266.913,-62.5604],"tipVelocity":[-37.0671,281.349,-89.6181],"tool":false,"touchDistance":0.188425,"touchZone":"hovering","type":1,"width":19.1147},{"bases":[[[0.778354,-0.622736,-0.0797796],[0.591006,0.683888,0.427796],[-0.211844,-0.380126,0.900348]],[[0.765997,-0.642056,-0.0318246],[0.581233,0.712883,-0.392386],[0.274621,0.282069,0.91925]],[[0.765997,-0.642056,-0.0318246],[0.0114098,0.0630772,-0.997943],[0.642743,0.764059,0.0556427]],[[0.765997,-0.642056,-0.0318246],[-0.377257,-0.408894,-0.830953],[0.520505,0.648514,-0.555432]]],"btipPosition":[-33.0969,208.329,-18.4055],"carpPosition":[-6.89404,229.07,78.7039],"dipPosition":[-23.4309,220.372,-28.7201],"direction":[-0.642743,-0.764059,-0.0556427],"extended":false,"handId":409,"id":4092,"length":66.2163,"mcpPosition":[7.71158,255.278,16.6292],"pipPosition":[-5.36917,241.843,-27.1565],"stabilizedTipPosition":[-30.7828,210.029,-20.2987],"timeVisible":4.10364,"tipPosition":[-31.4601,210.271,-18.9513],"tipVelocity":[-29.5124,257.866,-115.039],"tool":false,"touchDistance":0.157686,"touchZone":"hovering","type":2,"width":18.7732},{"bases":[[[0.691913,-0.721658,0.0215631],[0.638051,0.625183,0.449486],[-0.337856,-0.297247,0.893027]],[[0.687343,-0.725561,0.033478],[0.681429,0.62821,-0.375509],[0.251423,0.280916,0.926214]],[[0.687343,-0.725561,0.033478],[0.0789436,0.0288078,-0.996463],[0.72203,0.687555,0.0770792]],[[0.687343,-0.725561,0.033478],[-0.368716,-0.388264,-0.844571],[0.625786,0.568166,-0.534397]]],"btipPosition":[-18.3008,199.148,-11.0268],"carpPosition":[3.20655,222.464,77.3908],"dipPosition":[-6.74653,209.639,-20.8937],"direction":[-0.72203,-0.687555,-0.0770792],"extended":false,"handId":409,"id":4093,"length":63.6687,"mcpPosition":[24.1203,240.864,22.1113],"pipPosition":[13.0193,228.461,-18.7836],"stabilizedTipPosition":[-15.5586,200.34,-12.7521],"timeVisible":4.10364,"tipPosition":[-16.4045,200.904,-11.446],"tipVelocity":[-27.9814,254.769,-111.783],"tool":false,"touchDistance":0.121062,"touchZone":"hovering","type":3,"width":17.8639},{"bases":[[[0.53316,-0.844523,0.0502099],[0.705529,0.476594,0.524487],[-0.466871,-0.244211,0.849937]],[[0.495618,-0.860824,0.115524],[0.81959,0.419507,-0.390238],[0.287463,0.288091,0.913438]],[[0.495618,-0.860824,0.115524],[0.110394,-0.0694953,-0.991455],[0.861496,0.504136,0.0605866]],[[0.495618,-0.860824,0.115524],[-0.40205,-0.345285,-0.848018],[0.769882,0.373847,-0.517223]]],"btipPosition":[-3.75889,197.784,2.27391],"carpPosition":[9.29829,209.968,75.2549],"dipPosition":[9.35492,204.151,-6.53623],"direction":[-0.861496,-0.504136,-0.0605866],"extended":false,"handId":409,"id":4094,"length":49.9151,"mcpPosition":[36.0506,223.962,26.5523],"pipPosition":[26.0061,213.895,-5.3652],"stabilizedTipPosition":[-0.638084,197.792,0.914586],"timeVisible":4.10364,"tipPosition":[-1.53658,199.009,1.9639],"tipVelocity":[-24.7968,249.323,-115.287],"tool":false,"touchDistance":0.154222,"touchZone":"hovering","type":4,"width":15.8681}],"r":[[0.909899,-0.403263,-0.0972717],[0.407668,0.912643,0.0298256],[0.0767468,-0.0667928,0.994811]],"s":1.01182,"t":[-9.05265,75.9847,-82.2702],"timestamp":88708952550},false],[3,{"currentFrameRate":55.2722,"devices":[],"gestures":[],"hands":[{"armBasis":[[0.856782,-0.47498,-0.200797],[0.511529,0.83211,0.214315],[0.0652897,-0.286334,0.955903]],"armWidth":62.9686,"confidence":0.81601,"direction":[0.300195,0.48135,-0.82352],"elbow":[10.0073,140.149,334.297],"grabStrength":0.00336907,"id":409,"palmNormal":[-0.430009,-0.702347,-0.567275],"palmPosition":[0.356697,243.186,32.8501],"palmVelocity":[-33.3709,239.91,-98.4616],"palmWidth":89.917,"pinchStrength":1,"r":[[0.90853,-0.405393,-0.101147],[0.409964,0.911655,0.0285346],[0.0806432,-0.0673911,0.994462]],"s":1.01409,"sphereCenter":[-23.1212,223.313,-8.22895],"sphereRadius":44.7189,"stabilizedPalmPosition":[0.441482,242.485,33.1555],"t":[-9.652,80.3256,-84.0537],"timeVisible":4.12168,"type":"right","wrist":[-7.41306,216.548,79.2465]}],"id":1413089,"interactionBox":{"center":[0,200,0],"size":[235.247,235.247,147.751]},"pointables":[{"bases":[[[0.785813,0.511102,0.348242],[-0.610095,0.548291,0.57198],[0.101403,-0.66193,0.742675]],[[0.701395,0.709522,0.0679975],[-0.710765,0.689073,0.141391],[0.0534646,-0.147501,0.987616]],[[0.701395,0.709522,0.0679975],[-0.695101,0.701997,-0.155031],[-0.157732,0.0614728,0.985567]],[[0.701395,0.709522,0.0679975],[-0.585099,0.627616,-0.513573],[-0.407067,0.320432,0.855348]]],"btipPosition":[-24.9129,219.992,-25.839],"carpPosition":[-37.0046,222.198,75.8684],"dipPosition":[-34.3274,227.403,-6.05688],"direction":[0.157732,-0.0614728,-0.985567],"extended":false,"handId":409,"id":4090,"length":51.5018,"mcpPosition":[-37.0046,222.198,75.8684],"pipPosition":[-39.642,229.474,27.1503],"stabilizedTipPosition":[-27.0126,221.056,-21.0219],"timeVisible":4.12168,"tipPosition":[-27.9426,222.145,-20.7511],"tipVelocity":[-30.9387,259.924,-104.33],"tool":false,"touchDistance":0.138958,"touchZone":"hovering","type":0,"width":20.0112},{"bases":[[[0.88977,-0.43615,-0.134469],[0.447944,0.778028,0.440475],[-0.0874924,-0.452157,0.887637]],[[0.891739,-0.424289,-0.157422],[0.437433,0.897279,0.0595229],[0.115996,-0.12194,0.985736]],[[0.891739,-0.424289,-0.157422],[0.420326,0.90543,-0.0593464],[0.167714,-0.0132471,0.985747]],[[0.891739,-0.424289,-0.157422],[0.404797,0.903357,-0.141724],[0.20234,0.0626568,0.977309]]],"btipPosition":[-24.7211,273.988,-68.2768],"carpPosition":[-18.735,236.68,78.1523],"dipPosition":[-21.3048,275.046,-51.7758],"direction":[-0.167714,0.0132471,-0.985747],"extended":true,"handId":409,"id":4091,"length":58.114,"mcpPosition":[-12.3741,269.552,13.6193],"pipPosition":[-17.2988,274.729,-28.2309],"stabilizedTipPosition":[-23.8737,273.783,-64.3445],"timeVisible":4.12168,"tipPosition":[-24.6285,272.243,-64.2153],"tipVelocity":[-38.5764,286.792,-89.6457],"tool":false,"touchDistance":0.191561,"touchZone":"hovering","type":1,"width":19.1147},{"bases":[[[0.780282,-0.619429,-0.0864169],[0.589892,0.682975,0.430782],[-0.207818,-0.387107,0.898309]],[[0.768056,-0.639239,-0.0382692],[0.578622,0.718346,-0.386232],[0.274385,0.274504,0.921608]],[[0.768056,-0.639239,-0.0382692],[0.0104533,0.0722669,-0.997331],[0.640298,0.765605,0.0621872]],[[0.768056,-0.639239,-0.0382692],[-0.37703,-0.403086,-0.833889],[0.517628,0.654901,-0.550605]]],"btipPosition":[-33.5672,212.939,-20.5968],"carpPosition":[-7.2202,233.002,76.7579],"dipPosition":[-23.9547,225.101,-30.8218],"direction":[-0.640298,-0.765605,-0.0621872],"extended":false,"handId":409,"id":4092,"length":66.2163,"mcpPosition":[7.10788,259.691,14.8238],"pipPosition":[-5.96162,246.616,-29.0742],"stabilizedTipPosition":[-31.2522,214.7,-22.4673],"timeVisible":4.12168,"tipPosition":[-31.9215,214.917,-21.1898],"tipVelocity":[-28.201,257.49,-117.541],"tool":false,"touchDistance":0.149221,"touchZone":"hovering","type":2,"width":18.7732},{"bases":[[[0.694491,-0.719355,0.014492],[0.637207,0.624286,0.451923],[-0.334141,-0.304622,0.891939]],[[0.689993,-0.723337,0.0263335],[0.678041,0.633197,-0.373257],[0.253316,0.2754,0.927354]],[[0.689993,-0.723337,0.0263335],[0.0757002,0.0359332,-0.996483],[0.719846,0.68956,0.0795504]],[[0.689993,-0.723337,0.0263335],[-0.370008,-0.383753,-0.846066],[0.622096,0.574036,-0.532427]]],"btipPosition":[-18.7936,203.661,-13.1356],"carpPosition":[2.89942,226.44,75.369],"dipPosition":[-7.30747,214.26,-22.9662],"direction":[-0.719846,-0.68956,-0.0795504],"extended":false,"handId":409,"id":4093,"length":63.6687,"mcpPosition":[23.5832,245.296,20.1568],"pipPosition":[12.3986,233.137,-20.7884],"stabilizedTipPosition":[-16.0366,204.98,-14.883],"timeVisible":4.12168,"tipPosition":[-16.8978,205.433,-13.5669],"tipVelocity":[-28.0771,253.224,-113.984],"tool":false,"touchDistance":0.11767,"touchZone":"hovering","type":3,"width":17.8639},{"bases":[[[0.536255,-0.842973,0.0427555],[0.705428,0.475419,0.525689],[-0.463468,-0.251742,0.849602]],[[0.501181,-0.859029,0.104342],[0.819497,0.43244,-0.376059],[0.277924,0.273981,0.920702]],[[0.501181,-0.859029,0.104342],[0.117925,-0.0516532,-0.991678],[0.85727,0.509315,0.0754137]],[[0.501181,-0.859029,0.104342],[-0.39734,-0.335565,-0.854118],[0.768725,0.386608,-0.509505]]],"btipPosition":[-3.78907,202.403,-0.505496],"carpPosition":[9.02835,213.981,73.1282],"dipPosition":[9.30503,208.989,-9.18417],"direction":[-0.85727,-0.509315,-0.0754137],"extended":false,"handId":409,"id":4094,"length":49.9151,"mcpPosition":[35.5857,228.406,24.4448],"pipPosition":[25.8745,218.833,-7.72656],"stabilizedTipPosition":[-0.744224,202.458,-1.68751],"timeVisible":4.12168,"tipPosition":[-1.61593,203.648,-0.77943],"tipVelocity":[-13.9425,253.834,-132.888],"tool":false,"touchDistance":0.134656,"touchZone":"hovering","type":4,"width":15.8681}],"r":[[0.90853,-0.405393,-0.101147],[0.409964,0.911655,0.0285346],[0.0806432,-0.0673911,0.994462]],"s":1.01409,"t":[-9.652,80.3256,-84.0537],"timestamp":88708970592},false],[4,{"currentFrameRate":55.3315,"devices":[],"gestures":[],"hands":[{"armBasis":[[0.867404,-0.458756,-0.192754],[0.49444,0.838216,0.230051],[0.0560319,-0.294852,0.953899]],"armWidth":62.9686,"confidence":0.816449,"direction":[0.294318,0.49442,-0.817879],"elbow":[6.98066,141.488,331.625],"grabStrength":0,"id":409,"palmNormal":[-0.414745,-0.704925,-0.575385],"palmPosition":[-0.520351,247.364,30.9904],"palmVelocity":[-40.7766,237.048,-101.109],"palmWidth":89.917,"pinchStrength":1,"r":[[0.909002,-0.40354,-0.104268],[0.408399,0.912327,0.0294897],[0.0832264,-0.0693892,0.994112]],"s":1.01604,"sphereCenter":[-23.6987,227.607,-10.3908],"sphereRadius":44.8141,"stabilizedPalmPosition":[-0.385775,246.682,31.2933],"t":[-10.3902,84.5851,-85.8753],"timeVisible":4.13955,"type":"right","wrist":[-7.96954,220.159,77.1096]}],"id":1413090,"interactionBox":{"center":[0,200,0],"size":[235.247,235.247,147.751]},"pointables":[{"bases":[[[0.774864,0.522339,0.356016],[-0.62233,0.531581,0.574567],[0.110867,-0.666771,0.73697]],[[0.689039,0.720306,0.0799006],[-0.722972,0.675523,0.144845],[0.0503581,-0.15757,0.986223]],[[0.689039,0.720306,0.0799006],[-0.706115,0.692078,-0.149765],[-0.163174,0.0467751,0.985488]],[[0.689039,0.720306,0.0799006],[-0.595842,0.62581,-0.503323],[-0.412549,0.299201,0.860396]]],"btipPosition":[-25.0928,224.568,-28.0863],"carpPosition":[-37.6479,225.291,73.6665],"dipPosition":[-34.6341,231.488,-8.18742],"direction":[0.163174,-0.0467751,-0.985488],"extended":false,"handId":409,"id":4090,"length":51.5018,"mcpPosition":[-37.6479,225.291,73.6665],"pipPosition":[-40.132,233.064,25.0171],"stabilizedTipPosition":[-27.2528,225.517,-23.1965],"timeVisible":4.13955,"tipPosition":[-28.1111,226.446,-22.9898],"tipVelocity":[-21.8722,255.136,-113.727],"tool":false,"touchDistance":0.131899,"touchZone":"hovering","type":0,"width":20.0112},{"bases":[[[0.898218,-0.418324,-0.134944],[0.431751,0.782093,0.449357],[-0.0824377,-0.461882,0.883102]],[[0.900086,-0.405949,-0.158277],[0.420734,0.904199,0.0735307],[0.113264,-0.132776,0.984653]],[[0.900086,-0.405949,-0.158277],[0.404022,0.91361,-0.045645],[0.163133,-0.0228628,0.986339]],[[0.900086,-0.405949,-0.158277],[0.388859,0.912293,-0.128495],[0.196557,0.0541095,0.978998]]],"btipPosition":[-25.6896,278.936,-69.9408],"carpPosition":[-19.6591,240.087,76.1553],"dipPosition":[-22.3709,279.85,-53.4113],"direction":[-0.163133,0.0228628,-0.986339],"extended":true,"handId":409,"id":4091,"length":58.114,"mcpPosition":[-13.6657,273.667,11.952],"pipPosition":[-18.4744,279.304,-29.8522],"stabilizedTipPosition":[-24.8486,278.75,-66.0066],"timeVisible":4.13955,"tipPosition":[-25.5616,277.203,-65.9153],"tipVelocity":[-46.534,281.272,-91.1141],"tool":false,"touchDistance":0.192759,"touchZone":"hovering","type":1,"width":19.1147},{"bases":[[[0.79197,-0.604037,-0.089007],[0.575475,0.689781,0.439353],[-0.20399,-0.399176,0.893894]],[[0.779865,-0.624613,-0.0408473],[0.567994,0.733576,-0.373161],[0.263046,0.267814,0.926867]],[[0.779865,-0.624613,-0.0408473],[0.0144412,0.0831933,-0.996429],[0.625781,0.77649,0.0738997]],[[0.779865,-0.624613,-0.0408473],[-0.366477,-0.402716,-0.838758],[0.507449,0.669088,-0.54297]]],"btipPosition":[-33.5467,217.155,-22.999],"carpPosition":[-8.07283,236.636,74.7727],"dipPosition":[-24.1232,229.58,-33.0822],"direction":[-0.625781,-0.77649,-0.0738997],"extended":false,"handId":409,"id":4092,"length":66.2163,"mcpPosition":[5.99132,264.157,13.143],"pipPosition":[-6.53808,251.401,-31.0055],"stabilizedTipPosition":[-31.3551,219.001,-24.7749],"timeVisible":4.13955,"tipPosition":[-31.9424,219.167,-23.6432],"tipVelocity":[-15.5162,248.929,-124.646],"tool":false,"touchDistance":0.135673,"touchZone":"hovering","type":2,"width":18.7732},{"bases":[[[0.707669,-0.706464,0.0106417],[0.623791,0.631786,0.460143],[-0.331797,-0.318991,0.887781]],[[0.703248,-0.710594,0.022306],[0.667469,0.649115,-0.364875],[0.244799,0.271487,0.930789]],[[0.703248,-0.710594,0.022306],[0.0785545,0.0464828,-0.995826],[0.706591,0.702065,0.0885094]],[[0.703248,-0.710594,0.022306],[-0.359794,-0.382785,-0.850896],[0.61318,0.590366,-0.524861]]],"btipPosition":[-18.7625,207.915,-15.4201],"carpPosition":[2.17207,230.276,73.3637],"dipPosition":[-7.44095,218.816,-25.111],"direction":[-0.706591,-0.702065,-0.0885094],"extended":false,"handId":409,"id":4093,"length":63.6687,"mcpPosition":[22.7108,250.022,18.4089],"pipPosition":[11.9022,238.035,-22.688],"stabilizedTipPosition":[-16.1346,209.352,-17.1051],"timeVisible":4.13955,"tipPosition":[-16.8863,209.737,-15.8597],"tipVelocity":[-15.022,247.928,-119.674],"tool":false,"touchDistance":0.10992,"touchZone":"hovering","type":3,"width":17.8639},{"bases":[[[0.55165,-0.833248,0.037145],[0.694485,0.483533,0.53281],[-0.461924,-0.268128,0.845419]],[[0.517661,-0.850099,0.0967397],[0.813506,0.454022,-0.363417],[0.265019,0.266825,0.92659]],[[0.517661,-0.850099,0.0967397],[0.126247,-0.0359363,-0.991348],[0.84622,0.525395,0.0887198]],[[0.517661,-0.850099,0.0967397],[-0.385776,-0.332834,-0.860464],[0.763678,0.408109,-0.500243]]],"btipPosition":[-3.61575,206.888,-2.98168],"carpPosition":[8.53971,217.954,71.033],"dipPosition":[9.39238,213.84,-11.5026],"direction":[-0.84622,-0.525395,-0.0887198],"extended":false,"handId":409,"id":4094,"length":49.9151,"mcpPosition":[35.0086,233.318,22.5893],"pipPosition":[25.7483,223.995,-9.7878],"stabilizedTipPosition":[-0.653122,207.022,-4.15079],"timeVisible":4.13955,"tipPosition":[-1.45284,208.186,-3.29068],"tipVelocity":[-3.32152,254.722,-134.614],"tool":false,"touchDistance":0.12182,"touchZone":"hovering","type":4,"width":15.8681}],"r":[[0.909002,-0.40354,-0.104268],[0.408399,0.912327,0.0294897],[0.0832264,-0.0693892,0.994112]],"s":1.01604,"t":[-10.3902,84.5851,-85.8753],"timestamp":88708988460},false],[5,{"currentFrameRate":55.3584,"devices":[],"gestures":[],"hands":[{"armBasis":[[0.865709,-0.460177,-0.19694],[0.496825,0.837861,0.226171],[0.0609296,-0.293643,0.953971]],"armWidth":62.9686,"confidence":0.820093,"direction":[0.297504,0.500556,-0.812979],"elbow":[7.5363,145.066,329.974],"grabStrength":0,"id":409,"palmNormal":[-0.414441,-0.699409,-0.582293],"palmPosition":[-1.09301,250.983,29.5656],"palmVelocity":[-36.5598,220.166,-90.7813],"palmWidth":89.917,"pinchStrength":1,"r":[[0.909279,-0.402218,-0.106922],[0.407473,0.912657,0.0319806],[0.0847196,-0.072647,0.993753]],"s":1.018,"sphereCenter":[-24.4668,231.858,-12.0554],"sphereRadius":44.9053,"stabilizedPalmPosition":[-0.99846,250.408,29.7966],"t":[-11.0456,88.5244,-87.4986],"timeVisible":4.15752,"type":"right","wrist":[-8.72069,223.415,75.4393]}],"id":1413091,"interactionBox":{"center":[0,200,0],"size":[235.247,235.247,147.751]},"pointables":[{"bases":[[[0.774832,0.517956,0.362432],[-0.622945,0.528015,0.577183],[0.107585,-0.672995,0.731781]],[[0.691202,0.717028,0.090056],[-0.721246,0.676672,0.148051],[0.0452184,-0.167286,0.984871]],[[0.691202,0.717028,0.090056],[-0.703427,0.69612,-0.14355],[-0.16562,0.0358745,0.985537]],[[0.691202,0.717028,0.090056],[-0.594746,0.635209,-0.492734],[-0.410509,0.287018,0.865507]]],"btipPosition":[-25.536,229.035,-29.8498],"carpPosition":[-38.3799,228.63,71.9562],"dipPosition":[-35.0301,235.673,-9.83263],"direction":[0.16562,-0.0358745,-0.985537],"extended":false,"handId":409,"id":4090,"length":51.5018,"mcpPosition":[-38.3799,228.63,71.9562],"pipPosition":[-40.6104,236.882,23.3736],"stabilizedTipPosition":[-27.6612,229.931,-24.9893],"timeVisible":4.15752,"tipPosition":[-28.4866,230.717,-24.7399],"tipVelocity":[-22.9068,250.335,-105.628],"tool":false,"touchDistance":0.132475,"touchZone":"hovering","type":0,"width":20.0112},{"bases":[[[0.897817,-0.41888,-0.135884],[0.43194,0.777576,0.45695],[-0.0857469,-0.468951,0.879052]],[[0.899822,-0.405932,-0.159811],[0.422456,0.902198,0.0870026],[0.108864,-0.1458,0.983306]],[[0.899822,-0.405932,-0.159811],[0.406264,0.913192,-0.0320962],[0.158967,-0.0360446,0.986626]],[[0.899822,-0.405932,-0.159811],[0.391414,0.91298,-0.115167],[0.192654,0.041077,0.980407]]],"btipPosition":[-25.8085,283.823,-71.159],"carpPosition":[-20.3708,243.371,74.6161],"dipPosition":[-22.5557,284.516,-54.6057],"direction":[-0.158967,0.0360446,-0.986626],"extended":true,"handId":409,"id":4091,"length":58.114,"mcpPosition":[-14.1368,277.465,10.7072],"pipPosition":[-18.7587,283.655,-31.0398],"stabilizedTipPosition":[-25.0468,283.646,-67.2653],"timeVisible":4.15752,"tipPosition":[-25.6818,282.078,-67.1668],"tipVelocity":[-28.0434,275.506,-79.9317],"tool":false,"touchDistance":0.199099,"touchZone":"hovering","type":1,"width":19.1147},{"bases":[[[0.7911,-0.604765,-0.0917657],[0.575521,0.685081,0.446587],[-0.207213,-0.406108,0.890022]],[[0.778804,-0.625741,-0.0437425],[0.570743,0.735828,-0.36443],[0.260226,0.258854,0.930203]],[[0.778804,-0.625741,-0.0437425],[0.0178652,0.0918339,-0.995614],[0.627013,0.774607,0.0826996]],[[0.778804,-0.625741,-0.0437425],[-0.364823,-0.395127,-0.843077],[0.510263,0.67255,-0.536011]]],"btipPosition":[-33.9913,221.323,-24.8028],"carpPosition":[-8.78709,239.91,73.2374],"dipPosition":[-24.5155,233.813,-34.7568],"direction":[-0.627013,-0.774607,-0.0826996],"extended":false,"handId":409,"id":4092,"length":66.2163,"mcpPosition":[5.49927,267.91,11.8746],"pipPosition":[-6.89581,255.58,-32.4328],"stabilizedTipPosition":[-31.7272,223.232,-26.6624],"timeVisible":4.15752,"tipPosition":[-32.3706,223.356,-25.4781],"tipVelocity":[-19.565,241.27,-112.377],"tool":false,"touchDistance":0.132098,"touchZone":"hovering","type":2,"width":18.7732},{"bases":[[[0.706333,-0.707847,0.00680584],[0.623672,0.626828,0.467034],[-0.334855,-0.325637,0.884213]],[[0.702147,-0.711812,0.0177169],[0.670373,0.652475,-0.353378],[0.239979,0.26,0.935313]],[[0.702147,-0.711812,0.0177169],[0.0829724,0.0570825,-0.994916],[0.707182,0.700047,0.0991411]],[[0.702147,-0.711812,0.0177169],[-0.358038,-0.374465,-0.855327],[0.615466,0.594222,-0.517785]]],"btipPosition":[-19.1409,212.085,-17.3798],"carpPosition":[1.44995,233.543,71.8046],"dipPosition":[-7.77715,223.057,-26.94],"direction":[-0.707182,-0.700047,-0.0991411],"extended":false,"handId":409,"id":4093,"length":63.6687,"mcpPosition":[22.1779,253.7,17.0706],"pipPosition":[11.5822,242.221,-24.226],"stabilizedTipPosition":[-16.4519,213.6,-19.1039],"timeVisible":4.15752,"tipPosition":[-17.2612,213.908,-17.8592],"tipVelocity":[-17.6222,240.835,-113.854],"tool":false,"touchDistance":0.106627,"touchZone":"hovering","type":3,"width":17.8639},{"bases":[[[0.550006,-0.834553,0.0318365],[0.69389,0.477853,0.538678],[-0.464769,-0.274185,0.84191]],[[0.515858,-0.851813,0.0911353],[0.815317,0.455512,-0.357445],[0.262963,0.258695,0.929477]],[[0.515858,-0.851813,0.0911353],[0.128894,-0.0279972,-0.991263],[0.846922,0.523097,0.0953506]],[[0.515858,-0.851813,0.0911353],[-0.384019,-0.325025,-0.864227],[0.765781,0.41082,-0.494779]]],"btipPosition":[-4.16871,210.792,-4.74516],"carpPosition":[7.80131,221.229,69.3906],"dipPosition":[8.87524,217.79,-13.173],"direction":[-0.846922,-0.523097,-0.0953506],"extended":false,"handId":409,"id":4094,"length":49.9151,"mcpPosition":[34.4332,236.94,21.1479],"pipPosition":[25.2447,227.901,-11.33],"stabilizedTipPosition":[-1.04845,211.148,-6.09319],"timeVisible":4.15752,"tipPosition":[-2.00114,212.09,-5.04059],"tipVelocity":[-16.0936,237.27,-116.785],"tool":false,"touchDistance":0.118564,"touchZone":"hovering","type":4,"width":15.8681}],"r":[[0.909279,-0.402218,-0.106922],[0.407473,0.912657,0.0319806],[0.0847196,-0.072647,0.993753]],"s":1.018,"t":[-11.0456,88.5244,-87.4986],"timestamp":88709006431},false],[6,{"currentFrameRate":55.3621,"devices":[],"gestures":[],"hands":[{"armBasis":[[0.864918,-0.463652,-0.19221],[0.499928,0.829853,0.247823],[0.0446019,-0.310438,0.949547]],"armWidth":62.9686,"confidence":0.787825,"direction":[0.296482,0.495556,-0.816409],"elbow":[2.63754,145.237,326.865],"grabStrength":0,"id":409,"palmNormal":[-0.421865,-0.698968,-0.577472],"palmPosition":[-1.69696,255.411,27.4927],"palmVelocity":[-35.0883,232.096,-102.204],"palmWidth":89.917,"pinchStrength":1,"r":[[0.908874,-0.402394,-0.109665],[0.407929,0.912422,0.0328569],[0.0868394,-0.0745984,0.993425]],"s":1.02033,"sphereCenter":[-25.7705,236.663,-13.9144],"sphereRadius":44.9877,"stabilizedPalmPosition":[-1.60308,254.739,27.8023],"t":[-11.6753,92.7078,-89.3466],"timeVisible":4.17557,"type":"right","wrist":[-9.26295,228.066,73.5103]}],"id":1413092,"interactionBox":{"center":[0,200,0],"size":[235.247,235.247,147.751]},"pointables":[{"bases":[[[0.77996,0.514389,0.356463],[-0.6166,0.534162,0.578339],[0.107082,-0.670877,0.733797]],[[0.697035,0.711907,0.0856213],[-0.715483,0.682689,0.148391],[0.0471881,-0.164694,0.985215]],[[0.697035,0.711907,0.0856213],[-0.698765,0.701197,-0.141596],[-0.160841,0.0388682,0.986215]],[[0.697035,0.711907,0.0856213],[-0.594161,0.640298,-0.486818],[-0.401392,0.288456,0.869297]]],"btipPosition":[-26.5312,233.6,-31.774],"carpPosition":[-38.906,233.457,70.1594],"dipPosition":[-35.8144,240.271,-11.6692],"direction":[0.160841,-0.0388682,-0.986215],"extended":false,"handId":409,"id":4090,"length":51.5018,"mcpPosition":[-38.906,233.457,70.1594],"pipPosition":[-41.2337,241.581,21.5598],"stabilizedTipPosition":[-28.542,234.491,-26.8827],"timeVisible":4.17557,"tipPosition":[-29.4026,235.217,-26.6548],"tipVelocity":[-36.9294,251.755,-105.563],"tool":false,"touchDistance":0.13133,"touchZone":"hovering","type":0,"width":20.0112},{"bases":[[[0.894429,-0.4251,-0.138877],[0.439214,0.776545,0.451741],[-0.0841904,-0.465047,0.881274]],[[0.896435,-0.411914,-0.163495],[0.429062,0.899027,0.0874946],[0.110946,-0.148583,0.982657]],[[0.896435,-0.411914,-0.163495],[0.412582,0.910377,-0.0314633],[0.161802,-0.0392501,0.986042]],[[0.896435,-0.411914,-0.163495],[0.39744,0.910439,-0.11464],[0.196074,0.0377882,0.979861]]],"btipPosition":[-26.555,288.511,-73.2156],"carpPosition":[-20.7903,248.093,72.6703],"dipPosition":[-23.2445,289.149,-56.6715],"direction":[-0.161802,0.0392501,-0.986042],"extended":true,"handId":409,"id":4091,"length":58.114,"mcpPosition":[-14.6695,281.903,8.59991],"pipPosition":[-19.3798,288.211,-33.1195],"stabilizedTipPosition":[-25.7445,288.328,-69.2696],"timeVisible":4.17557,"tipPosition":[-26.4192,286.785,-69.2362],"tipVelocity":[-34.014,267.688,-96.1299],"tool":false,"touchDistance":0.19043,"touchZone":"hovering","type":1,"width":19.1147},{"bases":[[[0.786763,-0.610132,-0.0934997],[0.582149,0.683098,0.440997],[-0.205197,-0.401391,0.892625]],[[0.774589,-0.630836,-0.0453587],[0.573465,0.730769,-0.37029],[0.266739,0.260811,0.927808]],[[0.774589,-0.630836,-0.0453587],[0.0131575,0.0877745,-0.996053],[0.632328,0.770935,0.0762893]],[[0.774589,-0.630836,-0.0453587],[-0.371795,-0.396154,-0.839542],[0.511645,0.667164,-0.541398]]],"btipPosition":[-35.0645,225.751,-26.5799],"carpPosition":[-9.23603,244.553,71.2455],"dipPosition":[-25.5631,238.14,-36.6339],"direction":[-0.632328,-0.770935,-0.0762893],"extended":false,"handId":409,"id":4092,"length":66.2163,"mcpPosition":[4.91134,272.227,9.70324],"pipPosition":[-7.79396,259.804,-34.4901],"stabilizedTipPosition":[-32.6778,227.662,-28.5027],"timeVisible":4.17557,"tipPosition":[-33.4258,227.784,-27.3003],"tipVelocity":[-38.3458,242.584,-106.373],"tool":false,"touchDistance":0.13016,"touchZone":"hovering","type":2,"width":18.7732},{"bases":[[[0.701853,-0.712298,0.00590011],[0.630035,0.624618,0.46142],[-0.332354,-0.320132,0.887162]],[[0.697799,-0.716102,0.0165849],[0.672597,0.647091,-0.359007],[0.246354,0.26167,0.933188]],[[0.697799,-0.716102,0.0165849],[0.0779039,0.0528555,-0.995559],[0.712045,0.695992,0.0926696]],[[0.697799,-0.716102,0.0165849],[-0.365244,-0.375635,-0.85176],[0.616177,0.5883,-0.52367]]],"btipPosition":[-20.2205,216.464,-19.2026],"carpPosition":[0.952885,238.116,69.7847],"dipPosition":[-8.8436,227.326,-28.8715],"direction":[-0.712045,-0.695992,-0.0926696],"extended":false,"handId":409,"id":4093,"length":63.6687,"mcpPosition":[21.526,257.932,14.8682],"pipPosition":[10.6488,246.379,-26.3346],"stabilizedTipPosition":[-17.3939,217.985,-21.0032],"timeVisible":4.17557,"tipPosition":[-18.3215,218.283,-19.7407],"tipVelocity":[-37.5697,241.001,-108.402],"tool":false,"touchDistance":0.106345,"touchZone":"hovering","type":3,"width":17.8639},{"bases":[[[0.544857,-0.83791,0.0322182],[0.699674,0.475473,0.533275],[-0.462155,-0.268016,0.845328]],[[0.511878,-0.854318,0.0901167],[0.815084,0.449864,-0.36505],[0.271328,0.260314,0.926616]],[[0.511878,-0.854318,0.0901167],[0.121062,-0.0321169,-0.992125],[0.850485,0.518757,0.0869855]],[[0.511878,-0.854318,0.0901167],[-0.392229,-0.325753,-0.860257],[0.764289,0.405,-0.501834]]],"btipPosition":[-5.24206,215.089,-6.56439],"carpPosition":[7.21347,225.752,67.3854],"dipPosition":[7.77648,221.987,-15.1124],"direction":[-0.850485,-0.518757,-0.0869855],"extended":false,"handId":409,"id":4094,"length":49.9151,"mcpPosition":[33.6956,241.11,18.9469],"pipPosition":[24.2148,232.014,-13.4311],"stabilizedTipPosition":[-1.98681,215.473,-8.00008],"timeVisible":4.17557,"tipPo