{"sensorType":"Leap","data":[[0,{"currentFrameRate":55.0142,"devices":[],"gestures":[],"hands":[{"armBasis":[[0.873539,-0.460926,-0.156451],[0.477414,0.873977,0.0907706],[0.094896,-0.153983,0.983506]],"armWidth":62.9686,"confidence":0.83141,"direction":[0.32835,0.293665,-0.897745],"elbow":[16.7502,103.089,345.559],"grabStrength":0,"id":409,"palmNormal":[-0.390569,-0.823172,-0.412122],"palmPosition":[0.806447,159.991,32.3063],"palmVelocity":[79.833,-295.259,114.385],"palmWidth":89.917,"pinchStrength":0.928775,"r":[[0.898461,-0.437991,-0.0305268],[0.430583,0.892587,-0.133741],[0.0858253,0.107017,0.990546]],"s":1.23157,"sphereCenter":[-20.0667,133.679,-3.68408],"sphereRadius":44.7918,"stabilizedPalmPosition":[0.0897991,162.622,31.2629],"t":[-11.2429,6.85051,-88.4416],"timeVisible":9.79783,"type":"right","wrist":[-8.56958,144.174,83.1443]}],"id":1413402,"interactionBox":{"center":[0,200,0],"size":[235.247,235.247,147.751]},"pointables":[{"bases":[[[0.759479,0.598025,0.256043],[-0.645618,0.644618,0.409445],[0.0798082,-0.476271,0.875669]],[[0.709476,0.704669,0.00930114],[-0.693129,0.695351,0.189889],[0.127342,-0.141169,0.981761]],[[0.709476,0.704669,0.00930114],[-0.663014,0.671895,-0.330106],[-0.238864,0.228035,0.943898]],[[0.709476,0.704669,0.00930114],[-0.524953,0.537248,-0.660143],[-0.470179,0.463473,0.751083]]],"btipPosition":[-25.4362,136.647,-20.2049],"carpPosition":[-38.0768,148.086,77.3984],"dipPosition":[-36.3103,147.366,-2.83412],"direction":[0.238864,-0.228035,-0.943898],"extended":false,"handId":409,"id":4090,"length":51.5018,"mcpPosition":[-38.0768,148.086,77.3984],"pipPosition":[-44.3585,155.049,28.9691],"stabilizedTipPosition":[-28.4308,141.089,-16.7365],"timeVisible":9.79783,"tipPosition":[-26.785,138.277,-15.5107],"tipVelocity":[81.8863,-334.418,95.4324],"tool":false,"touchDistance":0.449725,"touchZone":"hovering","type":0,"width":20.0112},{"bases":[[[0.902946,-0.429746,0.00265023],[0.412844,0.869112,0.272405],[-0.119368,-0.244873,0.962179]],[[0.909673,-0.408344,-0.0758277],[0.41275,0.909137,0.0557404],[0.0461765,-0.0820035,0.995562]],[[0.909673,-0.408344,-0.0758277],[0.39329,0.90561,-0.158724],[0.133484,0.114565,0.984407]],[[0.909673,-0.408344,-0.0758277],[0.366928,0.875696,-0.313879],[0.194573,0.257704,0.94643]]],"btipPosition":[-19.9589,177.421,-74.6034],"carpPosition":[-20.2033,163.224,77.1088],"dipPosition":[-16.6738,181.772,-58.6238],"direction":[-0.133484,-0.114565,-0.984407],"extended":true,"handId":409,"id":4091,"length":58.114,"mcpPosition":[-11.525,181.027,7.15645],"pipPosition":[-13.4854,184.508,-35.1109],"stabilizedTipPosition":[-19.3716,178.854,-71.0346],"timeVisible":9.79783,"tipPosition":[-18.7058,179.883,-70.9025],"tipVelocity":[124.382,-383.066,88.4383],"tool":false,"touchDistance":0.577299,"touchZone":"hovering","type":1,"width":19.1147},{"bases":[[[0.794819,-0.600702,0.0861422],[0.556833,0.778359,0.28999],[-0.241247,-0.182523,0.953145]],[[0.784182,-0.607725,0.125417],[0.511302,0.518289,-0.685527],[0.351609,0.601704,0.717164]],[[0.784182,-0.607725,0.125417],[-0.207108,-0.44685,-0.870306],[0.584949,0.656503,-0.476276]],[[0.784182,-0.607725,0.125417],[-0.530931,-0.761723,-0.371335],[0.321203,0.224607,-0.919989]]],"btipPosition":[-31.088,120.96,7.63252],"carpPosition":[-8.57039,159.656,77.0388],"dipPosition":[-25.1231,125.131,-9.45205],"direction":[-0.584949,-0.656503,0.476276],"extended":false,"handId":409,"id":4092,"length":66.2163,"mcpPosition":[8.06245,172.24,11.324],"pipPosition":[-8.6854,143.579,-22.8359],"stabilizedTipPosition":[-31.014,125.44,2.21044],"timeVisible":9.79783,"tipPosition":[-29.5587,121.957,2.91567],"tipVelocity":[116.208,-331.922,126.808],"tool":false,"touchDistance":0.333333,"touchZone":"none","type":2,"width":18.7732},{"bases":[[[0.706401,-0.67797,0.203359],[0.604222,0.727237,0.32564],[-0.368664,-0.107158,0.923365]],[[0.718421,-0.673974,0.172132],[0.582435,0.447536,-0.678587],[0.380315,0.587767,0.714066]],[[0.718421,-0.673974,0.172132],[-0.211996,-0.447823,-0.868627],[0.662516,0.587549,-0.464606]],[[0.718421,-0.673974,0.172132],[-0.577695,-0.715927,-0.392068],[0.387477,0.18223,-0.903689]]],"btipPosition":[-17.5395,114.472,18.2834],"carpPosition":[1.72254,153.239,77.5648],"dipPosition":[-10.3852,117.837,1.59803],"direction":[-0.662516,-0.587549,0.464606],"extended":false,"handId":409,"id":4093,"length":63.6687,"mcpPosition":[24.5433,159.872,20.4072],"pipPosition":[7.7514,133.921,-11.1207],"stabilizedTipPosition":[-17.7415,119.84,12.0777],"timeVisible":9.79783,"tipPosition":[-15.738,115.275,13.8183],"tipVelocity":[115.982,-317.685,130.398],"tool":false,"touchDistance":0.333333,"touchZone":"none","type":3,"width":17.8639},{"bases":[[[0.549374,-0.796594,0.252242],[0.671778,0.600592,0.433595],[-0.496894,-0.0687548,0.865083]],[[0.599287,-0.7847,0.158435],[0.697595,0.41481,-0.584204],[0.392704,0.460629,0.795992]],[[0.599287,-0.7847,0.158435],[-0.191822,-0.332905,-0.923243],[0.777212,0.522896,-0.350029]],[[0.599287,-0.7847,0.158435],[-0.634127,-0.586119,-0.504329],[0.488608,0.20177,-0.848853]]],"btipPosition":[-0.415741,115.074,22.2636],"carpPosition":[8.17832,140.773,78.4235],"dipPosition":[7.90698,118.511,7.80466],"direction":[-0.777212,-0.522896,0.350029],"extended":false,"handId":409,"id":4094,"length":49.9151,"mcpPosition":[36.651,144.713,28.853],"pipPosition":[22.9291,128.618,1.03926],"stabilizedTipPosition":[-0.917694,121.639,15.3932],"timeVisible":9.79783,"tipPosition":[1.7288,115.903,18.2219],"tipVelocity":[111.383,-305.234,146.218],"tool":false,"touchDistance":0.333333,"touchZone":"none","type":4,"width":15.8681}],"r":[[0.898461,-0.437991,-0.0305268],[0.430583,0.892587,-0.133741],[0.0858253,0.107017,0.990546]],"s":1.23157,"t":[-11.2429,6.85051,-88.4416],"timestamp":88714646740},false],[1,{"currentFrameRate":55.105,"devices":[],"gestures":[],"hands":[{"armBasis":[[0.872353,-0.467226,-0.143872],[0.47932,0.875327,0.0636721],[0.0961861,-0.124506,0.987546]],"armWidth":62.9686,"confidence":0.836497,"direction":[0.335262,0.286327,-0.897561],"elbow":[18.0493,106.373,348.635],"grabStrength":0,"id":409,"palmNormal":[-0.385572,-0.82756,-0.408017],"palmPosition":[2.1546,154.977,34.2455],"palmVelocity":[77.8422,-288.637,111.732],"palmWidth":89.917,"pinchStrength":0.926227,"r":[[0.901896,-0.431536,-0.0190096],[0.42482,0.894106,-0.141779],[0.0781793,0.119794,0.989716]],"s":1.23496,"sphereCenter":[-18.0806,128.149,-1.64649],"sphereRadius":44.7672,"stabilizedPalmPosition":[1.65529,156.826,33.5243],"t":[-9.84818,1.65401,-86.4417],"timeVisible":9.81566,"type":"right","wrist":[-7.61468,139.594,85.1425]}],"id":1413403,"interactionBox":{"center":[0,200,0],"size":[235.247,235.247,147.751]},"pointables":[{"bases":[[[0.756192,0.60176,0.257019],[-0.650219,0.646961,0.398317],[0.0734099,-0.468322,0.880503]],[[0.70614,0.708067,0.00264525],[-0.697122,0.694561,0.177779],[0.124042,-0.127381,0.984067]],[[0.70614,0.708067,0.00264525],[-0.666726,0.66616,-0.334225],[-0.238416,0.234246,0.94249]],[[0.70614,0.708067,0.00264525],[-0.532704,0.533708,-0.656797],[-0.466468,0.462382,0.754063]]],"btipPosition":[-24.3779,131.093,-18.6215],"carpPosition":[-37.0804,143.396,79.1169],"dipPosition":[-35.1662,141.787,-1.18184],"direction":[0.238416,-0.234246,-0.94249],"extended":false,"handId":409,"id":4090,"length":51.5018,"mcpPosition":[-37.0804,143.396,79.1169],"pipPosition":[-43.1992,149.68,30.574],"stabilizedTipPosition":[-27.1358,134.88,-14.9846],"timeVisible":9.81566,"tipPosition":[-25.6131,132.852,-13.8727],"tipVelocity":[71.8006,-323.761,92.7264],"tool":false,"touchDistance":0.462074,"touchZone":"hovering","type":0,"width":20.0112},{"bases":[[[0.903701,-0.427937,0.0139759],[0.408923,0.872302,0.268088],[-0.126916,-0.236556,0.963293]],[[0.910976,-0.407549,-0.0634602],[0.410771,0.910353,0.0502551],[0.0372898,-0.0718487,0.996718]],[[0.910976,-0.407549,-0.0634602],[0.393317,0.904681,-0.163873],[0.124198,0.124325,0.984438]],[[0.910976,-0.407549,-0.0634602],[0.368511,0.873325,-0.318596],[0.185265,0.266848,0.945764]]],"btipPosition":[-17.6843,171.34,-72.9905],"carpPosition":[-19.2336,158.566,78.8413],"dipPosition":[-14.5562,175.845,-57.0221],"direction":[-0.124198,-0.124325,-0.984438],"extended":true,"handId":409,"id":4091,"length":58.114,"mcpPosition":[-10.0066,175.764,8.80797],"pipPosition":[-11.5897,178.815,-33.5085],"stabilizedTipPosition":[-17.09,172.713,-69.4071],"timeVisible":9.81566,"tipPosition":[-16.518,173.801,-69.2988],"tipVelocity":[124.924,-362.34,89.3172],"tool":false,"touchDistance":0.577058,"touchZone":"hovering","type":1,"width":19.1147},{"bases":[[[0.795204,-0.598356,0.0980832],[0.552931,0.781991,0.287675],[-0.248832,-0.174527,0.952692]],[[0.78423,-0.605063,0.137408],[0.516349,0.513627,-0.685253],[0.344045,0.608346,0.715226]],[[0.78423,-0.605063,0.137408],[-0.198734,-0.454739,-0.868169],[0.587782,0.653537,-0.476867]],[[0.78423,-0.605063,0.137408],[-0.526409,-0.766052,-0.368859],[0.328445,0.216937,-0.919273]]],"btipPosition":[-29.4422,115.682,9.62026],"carpPosition":[-7.59381,155.02,78.8998],"dipPosition":[-23.3428,119.711,-7.451],"direction":[-0.587782,-0.653537,0.476867],"extended":false,"handId":409,"id":4092,"length":66.2163,"mcpPosition":[9.562,167.053,13.2162],"pipPosition":[-6.82554,138.076,-20.8515],"stabilizedTipPosition":[-28.8161,118.915,4.78431],"timeVisible":9.81566,"tipPosition":[-27.8869,116.633,4.94415],"tipVelocity":[105.77,-315.856,119.671],"tool":false,"touchDistance":0.333333,"touchZone":"none","type":2,"width":18.7732},{"bases":[[[0.705959,-0.674753,0.215244],[0.600118,0.731281,0.324171],[-0.376139,-0.0996797,0.921186]],[[0.718339,-0.670974,0.1838],[0.586487,0.441958,-0.678753],[0.374194,0.595371,0.710994]],[[0.718339,-0.670974,0.1838],[-0.205694,-0.457228,-0.865236],[0.664589,0.583726,-0.46646]],[[0.718339,-0.670974,0.1838],[-0.574055,-0.720927,-0.388233],[0.393,0.173372,-0.903046]]],"btipPosition":[-15.9813,109.331,20.5964],"carpPosition":[2.70645,148.629,79.5683],"dipPosition":[-8.72509,112.532,3.92286],"direction":[-0.664589,-0.583726,0.46646],"extended":false,"handId":409,"id":4093,"length":63.6687,"mcpPosition":[25.9899,154.799,22.5457],"pipPosition":[9.46825,128.512,-8.84663],"stabilizedTipPosition":[-15.3604,113.054,15.33],"timeVisible":9.81566,"tipPosition":[-14.1579,110.081,16.1193],"tipVelocity":[103.14,-304.845,130.146],"tool":false,"touchDistance":0.333333,"touchZone":"none","type":3,"width":17.8639},{"bases":[[[0.548754,-0.793247,0.263873],[0.66701,0.605731,0.433805],[-0.503951,-0.0620463,0.861501]],[[0.599409,-0.782093,0.170413],[0.70131,0.41051,-0.582791],[0.385841,0.468842,0.794553]],[[0.599409,-0.782093,0.170413],[-0.184244,-0.341989,-0.921465],[0.77895,0.520936,-0.349087]],[[0.599409,-0.782093,0.170413],[-0.629133,-0.591947,-0.503776],[0.494875,0.194755,-0.846859]]],"btipPosition":[1.08816,109.971,24.635],"carpPosition":[9.17833,136.184,80.5914],"dipPosition":[9.51762,113.288,10.21],"direction":[-0.77895,-0.520936,0.349087],"extended":false,"handId":409,"id":4094,"length":49.9151,"mcpPosition":[38.0554,139.739,31.2262],"pipPosition":[24.5733,123.357,3.46278],"stabilizedTipPosition":[1.6358,114.58,19.2281],"timeVisible":9.81566,"tipPosition":[3.26176,110.766,20.6082],"tipVelocity":[99.303,-297.003,140.196],"tool":false,"touchDistance":0.333333,"touchZone":"none","type":4,"width":15.8681}],"r":[[0.901896,-0.431536,-0.0190096],[0.42482,0.894106,-0.141779],[0.0781793,0.119794,0.989716]],"s":1.23496,"t":[-9.84818,1.65401,-86.4417],"timestamp":88714664572},false],[2,{"currentFrameRate":55.1314,"devices":[],"gestures":[],"hands":[{"armBasis":[[0.875832,-0.465792,-0.126314],[0.475513,0.877599,0.0608902],[0.0824906,-0.113393,0.99012]],"armWidth":62.9686,"confidence":0.847816,"direction":[0.339952,0.274903,-0.899367],"elbow":[15.4551,106.139,350.9],"grabStrength":0,"id":409,"palmNormal":[-0.380996,-0.834071,-0.398958],"palmPosition":[3.48288,151.106,35.6774],"palmVelocity":[75.8294,-253.446,96.359],"palmWidth":89.917,"pinchStrength":0.926599,"r":[[0.904781,-0.42581,-0.00757552],[0.419962,0.895028,-0.15019],[0.0707326,0.132708,0.988628]],"s":1.2379,"sphereCenter":[-16.2338,123.629,0.0659198],"sphereRadius":44.737,"stabilizedPalmPosition":[3.11432,152.26,35.2432],"t":[-8.48668,-2.87975,-84.7258],"timeVisible":9.83371,"type":"right","wrist":[-6.55475,136.394,86.7206]}],"id":1413404,"interactionBox":{"center":[0,200,0],"size":[235.247,235.247,147.751]},"pointables":[{"bases":[[[0.753094,0.607199,0.253295],[-0.654255,0.650641,0.385507],[0.0692756,-0.456043,0.887258]],[[0.702414,0.71171,-0.00910404],[-0.701232,0.694152,0.162563],[0.122018,-0.107803,0.986656]],[[0.702414,0.71171,-0.00910404],[-0.670741,0.657592,-0.343045],[-0.238162,0.247066,0.939275]],[[0.702414,0.71171,-0.00910404],[-0.541437,0.525976,-0.655893],[-0.462017,0.465638,0.754799]]],"btipPosition":[-23.3022,126.261,-17.3082],"carpPosition":[-35.9931,140.037,80.4666],"dipPosition":[-33.9875,137.03,0.148468],"direction":[0.238162,-0.247066,-0.939275],"extended":false,"handId":409,"id":4090,"length":51.5018,"mcpPosition":[-35.9931,140.037,80.4666],"pipPosition":[-42.0121,145.355,31.7959],"stabilizedTipPosition":[-25.9471,129.574,-13.5235],"timeVisible":9.83371,"tipPosition":[-24.4665,128.208,-12.537],"tipVelocity":[66.6345,-296.72,83.3569],"tool":false,"touchDistance":0.468958,"touchZone":"hovering","type":0,"width":20.0112},{"bases":[[[0.904683,-0.425335,0.0252638],[0.405078,0.876956,0.258572],[-0.132135,-0.223692,0.965662]],[[0.9123,-0.406311,-0.0511901],[0.408376,0.911958,0.0395141],[0.0306283,-0.0569535,0.997907]],[[0.9123,-0.406311,-0.0511901],[0.392446,0.903121,-0.174238],[0.117026,0.138868,0.983372]],[[0.9123,-0.406311,-0.0511901],[0.36885,0.869558,-0.328356],[0.177927,0.280677,0.943166]]],"btipPosition":[-15.6767,165.874,-71.8946],"carpPosition":[-18.1835,155.249,80.0906],"dipPosition":[-12.6726,170.613,-55.9701],"direction":[-0.117026,-0.138868,-0.983372],"extended":true,"handId":409,"id":4091,"length":58.114,"mcpPosition":[-8.57704,171.511,9.88505],"pipPosition":[-9.87738,173.929,-32.4818],"stabilizedTipPosition":[-15.0703,167.194,-68.2791],"timeVisible":9.83371,"tipPosition":[-14.59,168.352,-68.2276],"tipVelocity":[117.679,-332.704,75.4814],"tool":false,"touchDistance":0.568973,"touchZone":"hovering","type":1,"width":19.1147},{"bases":[[[0.796114,-0.594872,0.111043],[0.549195,0.787299,0.280259],[-0.254142,-0.162134,0.95348]],[[0.784898,-0.60108,0.150459],[0.519619,0.506241,-0.68827],[0.337536,0.618403,0.709681]],[[0.784898,-0.60108,0.150459],[-0.192028,-0.466836,-0.863243],[0.589118,0.648666,-0.481843]],[[0.784898,-0.60108,0.150459],[-0.522333,-0.772477,-0.361175],[0.333322,0.204896,-0.92028]]],"btipPosition":[-27.8357,111.424,11.3564],"carpPosition":[-6.53532,151.734,80.2675],"dipPosition":[-21.6458,115.229,-5.73358],"direction":[-0.589118,-0.648666,0.481843],"extended":false,"handId":409,"id":4092,"length":66.2163,"mcpPosition":[10.9866,162.913,14.5296],"pipPosition":[-5.09095,133.457,-19.2739],"stabilizedTipPosition":[-26.9332,113.733,6.85308],"timeVisible":9.83371,"tipPosition":[-26.2716,112.302,6.72187],"tipVelocity":[98.3659,-279.3,108.417],"tool":false,"touchDistance":0.333333,"touchZone":"none","type":2,"width":18.7732},{"bases":[[[0.706356,-0.669893,0.2287],[0.596289,0.737217,0.317728],[-0.381446,-0.088058,0.920188]],[[0.718971,-0.666495,0.19714],[0.589559,0.434594,-0.680844],[0.368103,0.605733,0.705399]],[[0.718971,-0.666495,0.19714],[-0.199137,-0.469282,-0.860302],[0.665901,0.579274,-0.470124]],[[0.718971,-0.666495,0.19714],[-0.569847,-0.727654,-0.38183],[0.397938,0.162185,-0.902963]]],"btipPosition":[-14.4405,105.234,22.5211],"carpPosition":[3.77691,145.38,81.0854],"dipPosition":[-7.09313,108.228,5.84907],"direction":[-0.665901,-0.579274,0.470124],"extended":false,"handId":409,"id":4093,"length":63.6687,"mcpPosition":[27.3889,150.831,24.1245],"pipPosition":[11.1361,124.086,-7.02073],"stabilizedTipPosition":[-13.4354,107.794,17.8058],"timeVisible":9.83371,"tipPosition":[-12.6011,105.926,18.0693],"tipVelocity":[95.2603,-269.169,119.002],"tool":false,"touchDistance":0.333333,"touchZone":"none","type":3,"width":17.8639},{"bases":[[[0.549162,-0.788122,0.278002],[0.662836,0.613354,0.429471],[-0.508989,-0.0515795,0.859226]],[[0.600337,-0.778119,0.184732],[0.703465,0.403901,-0.584808],[0.380437,0.481035,0.789856]],[[0.600337,-0.778119,0.184732],[-0.178488,-0.355523,-0.917467],[0.779575,0.517817,-0.352318]],[[0.600337,-0.778119,0.184732],[-0.624881,-0.600546,-0.498867],[0.499118,0.184053,-0.846762]]],"btipPosition":[2.57708,105.971,26.7165],"carpPosition":[10.2741,132.967,82.3177],"dipPosition":[11.0788,109.106,12.2932],"direction":[-0.779575,-0.517817,0.352318],"extended":false,"handId":409,"id":4094,"length":49.9151,"mcpPosition":[39.4399,135.923,33.0828],"pipPosition":[26.1466,119.114,5.48349],"stabilizedTipPosition":[3.63421,109.138,22.1057],"timeVisible":9.83371,"tipPosition":[4.7699,106.715,22.697],"tipVelocity":[91.7659,-262.34,128.407],"tool":false,"touchDistance":0.333333,"touchZone":"none","type":4,"width":15.8681}],"r":[[0.904781,-0.42581,-0.00757552],[0.419962,0.895028,-0.15019],[0.0707326,0.132708,0.988628]],"s":1.2379,"t":[-8.48668,-2.87975,-84.7258],"timestamp":88714682619},false],[3,{"currentFrameRate":55.1524,"devices":[],"gestures":[],"hands":[{"armBasis":[[0.878073,-0.465803,-0.109616],[0.473622,0.878678,0.0600631],[0.0683393,-0.104656,0.992158]],"armWidth":62.9686,"confidence":0.847919,"direction":[0.345589,0.269724,-0.898787],"elbow":[12.5375,105.704,352.979],"grabStrength":0,"id":409,"palmNormal":[-0.377203,-0.837084,-0.396244],"palmPosition":[4.66241,148.033,37.1886],"palmVelocity":[70.8365,-213.901,90.3381],"palmWidth":89.917,"pinchStrength":0.924842,"r":[[0.90712,-0.42086,0.00327196],[0.416076,0.895583,-0.157516],[0.0633619,0.144248,0.987511]],"s":1.24069,"sphereCenter":[-14.5235,120.176,1.65093],"sphereRadius":44.7185,"stabilizedPalmPosition":[4.38164,148.8,36.8358],"t":[-7.21616,-6.68318,-83.1123],"timeVisible":9.85177,"type":"right","wrist":[-5.69653,133.628,88.2551]}],"id":1413405,"interactionBox":{"center":[0,200,0],"size":[235.247,235.247,147.751]},"pointables":[{"bases":[[[0.75057,0.609816,0.254497],[-0.657689,0.652144,0.377034],[0.0639529,-0.45037,0.890549]],[[0.69961,0.714363,-0.0152277],[-0.70438,0.693099,0.153175],[0.119977,-0.0964366,0.988082]],[[0.69961,0.714363,-0.0152277],[-0.673979,0.652683,-0.346059],[-0.237273,0.25237,0.938089]],[[0.69961,0.714363,-0.0152277],[-0.548371,0.52314,-0.652391],[-0.458077,0.46477,0.75773]]],"btipPosition":[-22.4268,122.696,-16.0911],"carpPosition":[-35.0972,137.191,81.7819],"dipPosition":[-33.021,133.445,1.43337],"direction":[0.237273,-0.25237,-0.938089],"extended":false,"handId":409,"id":4090,"length":51.5018,"mcpPosition":[-35.0972,137.191,81.7819],"pipPosition":[-41.0155,141.948,33.0409],"stabilizedTipPosition":[-24.9855,125.664,-12.2252],"timeVisible":9.85177,"tipPosition":[-23.5113,124.762,-11.2985],"tipVelocity":[58.5628,-249.698,76.1881],"tool":false,"touchDistance":0.473886,"touchZone":"hovering","type":0,"width":20.0112},{"bases":[[[0.905063,-0.423918,0.033976],[0.402166,0.87912,0.255755],[-0.138288,-0.21781,0.966144]],[[0.913082,-0.405676,-0.0413396],[0.407121,0.912664,0.0360138],[0.0231193,-0.0497138,0.998496]],[[0.913082,-0.405676,-0.0413396],[0.392884,0.90235,-0.17722],[0.109197,0.145575,0.983303]],[[0.913082,-0.405676,-0.0413396],[0.370605,0.867861,-0.33086],[0.170099,0.286782,0.942774]]],"btipPosition":[-13.7138,162.051,-70.6078],"carpPosition":[-17.306,152.424,81.4292],"dipPosition":[-10.8419,166.893,-54.6899],"direction":[-0.109197,-0.145575,-0.983303],"extended":true,"handId":409,"id":4091,"length":58.114,"mcpPosition":[-7.25212,168.259,11.1886],"pipPosition":[-8.23366,170.37,-31.2033],"stabilizedTipPosition":[-13.1246,163.307,-66.9938],"timeVisible":9.85177,"tipPosition":[-12.7075,164.511,-66.9451],"tipVelocity":[112.612,-274.608,73.4343],"tool":false,"touchDistance":0.564688,"touchZone":"hovering","type":1,"width":19.1147},{"bases":[[[0.796149,-0.593064,0.120092],[0.546254,0.7898,0.278966],[-0.260294,-0.156498,0.952762]],[[0.784676,-0.59904,0.159479],[0.523575,0.502699,-0.687868],[0.331891,0.623253,0.708099]],[[0.784676,-0.59904,0.159479],[-0.185686,-0.47258,-0.861504],[0.591442,0.646389,-0.482056]],[[0.784676,-0.59904,0.159479],[-0.518961,-0.775502,-0.359551],[0.339061,0.199368,-0.919396]]],"btipPosition":[-26.4338,108.164,12.9093],"carpPosition":[-5.65451,148.927,81.706],"dipPosition":[-20.1373,111.866,-4.1643],"direction":[-0.591442,-0.646389,0.482056],"extended":false,"handId":409,"id":4092,"length":66.2163,"mcpPosition":[12.2915,159.717,16.0176],"pipPosition":[-3.51712,130.03,-17.7106],"stabilizedTipPosition":[-25.358,109.917,8.5752],"timeVisible":9.85177,"tipPosition":[-24.8447,109.012,8.28937],"tipVelocity":[89.164,-233.013,97.866],"tool":false,"touchDistance":0.333333,"touchZone":"none","type":2,"width":18.7732},{"bases":[[[0.705708,-0.667469,0.237616],[0.593164,0.740019,0.317063],[-0.387471,-0.0828087,0.918155]],[[0.718667,-0.664211,0.205768],[0.593794,0.432232,-0.678663],[0.361836,0.609917,0.705036]],[[0.718667,-0.664211,0.205768],[-0.192051,-0.474008,-0.859321],[0.668307,0.578048,-0.468217]],[[0.718667,-0.664211,0.205768],[-0.566013,-0.730682,-0.381751],[0.403915,0.157885,-0.901069]]],"btipPosition":[-13.0834,102.049,24.1229],"carpPosition":[4.66053,142.592,82.6326],"dipPosition":[-5.62569,104.964,7.48588],"direction":[-0.668307,-0.578048,0.468217],"extended":false,"handId":409,"id":4093,"length":63.6687,"mcpPosition":[28.6455,147.718,25.7976],"pipPosition":[12.6694,120.789,-5.33169],"stabilizedTipPosition":[-11.8556,103.916,19.7091],"timeVisible":9.85177,"tipPosition":[-11.2317,102.721,19.7355],"tipVelocity":[86.3767,-225.563,104.824],"tool":false,"touchDistance":0.333333,"touchZone":"none","type":3,"width":17.8639},{"bases":[[[0.548346,-0.785603,0.28661],[0.659128,0.616952,0.430025],[-0.514653,-0.0468897,0.856116]],[[0.600117,-0.776119,0.193649],[0.706542,0.400796,-0.583234],[0.375045,0.486829,0.788884]],[[0.600117,-0.776119,0.193649],[-0.172494,-0.361952,-0.916098],[0.781093,0.516363,-0.35109]],[[0.600117,-0.776119,0.193649],[-0.621009,-0.60463,-0.498769],[0.50419,0.179062,-0.844825]]],"btipPosition":[3.86614,102.842,28.5405],"carpPosition":[11.1659,130.196,83.9862],"dipPosition":[12.4543,105.892,14.1502],"direction":[-0.781093,-0.516363,0.35109],"extended":false,"handId":409,"id":4094,"length":49.9151,"mcpPosition":[40.6562,132.883,34.9296],"pipPosition":[27.5513,115.872,7.36424],"stabilizedTipPosition":[5.20809,105.149,24.334],"timeVisible":9.85177,"tipPosition":[6.08173,103.562,24.5361],"tipVelocity":[82.6078,-220.549,115.593],"tool":false,"touchDistance":0.333333,"touchZone":"none","type":4,"width":15.8681}],"r":[[0.90712,-0.42086,0.00327196],[0.416076,0.895583,-0.157516],[0.0633619,0.144248,0.987511]],"s":1.24069,"t":[-7.21616,-6.68318,-83.1123],"timestamp":88714700678},false],[4,{"currentFrameRate":55.1784,"devices":[],"gestures":[],"hands":[{"armBasis":[[0.882528,-0.459373,-0.100603],[0.466232,0.882653,0.0596016],[0.0614179,-0.0995043,0.99314]],"armWidth":62.9686,"confidence":0.820715,"direction":[0.351762,0.264881,-0.897831],"elbow":[11.0337,105.444,354.432],"grabStrength":0,"id":409,"palmNormal":[-0.367597,-0.842995,-0.392724],"palmPosition":[5.36337,146.056,38.3585],"palmVelocity":[55.6722,-164.448,78.2588],"palmWidth":89.917,"pinchStrength":0.925321,"r":[[0.909496,-0.415469,0.0142386],[0.412001,0.89628,-0.164125],[0.0554269,0.155137,0.986337]],"s":1.24341,"sphereCenter":[-13.0247,117.65,2.91486],"sphereRadius":44.6998,"stabilizedPalmPosition":[5.18619,146.551,38.0837],"t":[-6.23042,-9.5736,-81.7206],"timeVisible":9.8698,"type":"right","wrist":[-5.35353,131.993,89.4465]}],"id":1413406,"interactionBox":{"center":[0,200,0],"size":[235.247,235.247,147.751]},"pointables":[{"bases":[[[0.74385,0.617287,0.25621],[-0.665727,0.650418,0.365738],[0.0591211,-0.44262,0.894758]],[[0.692277,0.721278,-0.0225999],[-0.711984,0.68779,0.141509],[0.117611,-0.0818726,0.989679]],[[0.692277,0.721278,-0.0225999],[-0.680355,0.641919,-0.353634],[-0.240561,0.260188,0.935111]],[[0.692277,0.721278,-0.0225999],[-0.558749,0.515938,-0.649313],[-0.456675,0.462132,0.760185]]],"btipPosition":[-21.8537,119.874,-15.2279],"carpPosition":[-34.7192,135.29,82.6804],"dipPosition":[-32.4155,130.562,2.35338],"direction":[0.240561,-0.260188,-0.935111],"extended":false,"handId":409,"id":4090,"length":51.5018,"mcpPosition":[-34.7192,135.29,82.6804],"pipPosition":[-40.5209,139.329,33.8606],"stabilizedTipPosition":[-24.3503,122.651,-11.2839],"timeVisible":9.8698,"tipPosition":[-22.8618,122.077,-10.4218],"tipVelocity":[46.0518,-205.846,63.0972],"tool":false,"touchDistance":0.472975,"touchZone":"hovering","type":0,"width":20.0112},{"bases":[[[0.907732,-0.417065,0.0455891],[0.393528,0.884064,0.252125],[-0.145456,-0.210921,0.96662]],[[0.916196,-0.399721,-0.0284378],[0.400508,0.915747,0.0316452],[0.0133926,-0.0403828,0.999095]],[[0.916196,-0.399721,-0.0284378],[0.388543,0.903459,-0.181097],[0.0980808,0.154871,0.983054]],[[0.916196,-0.399721,-0.0284378],[0.368146,0.867604,-0.334263],[0.158285,0.295781,0.942051]]],"btipPosition":[-12.0439,159.004,-69.7165],"carpPosition":[-17.0351,150.648,82.3624],"dipPosition":[-9.37142,163.998,-53.8108],"direction":[-0.0980808,-0.154871,-0.983054],"extended":true,"handId":409,"id":4091,"length":58.114,"mcpPosition":[-6.46013,165.983,12.0871],"pipPosition":[-7.02872,167.697,-30.3302],"stabilizedTipPosition":[-11.4841,160.255,-66.0885],"timeVisible":9.8698,"tipPosition":[-11.1433,161.459,-66.0615],"tipVelocity":[101.914,-223.573,61.9709],"tool":false,"touchDistance":0.55488,"touchZone":"hovering","type":1,"width":19.1147},{"bases":[[[0.799259,-0.586287,0.13211],[0.538037,0.795981,0.277363],[-0.267772,-0.150605,0.951639]],[[0.787472,-0.592026,0.171443],[0.526527,0.501566,-0.686441],[0.320401,0.630823,0.706687]],[[0.787472,-0.592026,0.171443],[-0.174011,-0.480392,-0.859618],[0.591276,0.647093,-0.481315]],[[0.787472,-0.592026,0.171443],[-0.510028,-0.782093,-0.358054],[0.346062,0.194517,-0.917826]]],"btipPosition":[-25.2036,105.778,14.0705],"carpPosition":[-5.36188,147.238,82.7726],"dipPosition":[-18.7771,109.39,-2.97386],"direction":[-0.591276,-0.647093,0.481315],"extended":false,"handId":409,"id":4092,"length":66.2163,"mcpPosition":[13.0997,157.621,17.1616],"pipPosition":[-2.1616,127.574,-16.4993],"stabilizedTipPosition":[-24.0112,107.188,9.87467],"timeVisible":9.8698,"tipPosition":[-23.5921,106.596,9.50612],"tipVelocity":[80.0142,-185.781,82.1652],"tool":false,"touchDistance":0.333333,"touchZone":"none","type":2,"width":18.7732},{"bases":[[[0.708294,-0.660384,0.249425],[0.584955,0.746853,0.316288],[-0.395155,-0.0781227,0.915286]],[[0.721562,-0.65728,0.217556],[0.596792,0.431172,-0.676705],[0.350981,0.61812,0.703377]],[[0.721562,-0.65728,0.217556],[-0.180836,-0.48224,-0.857171],[0.668316,0.57916,-0.466827]],[[0.721562,-0.65728,0.217556],[-0.557281,-0.737837,-0.380835],[0.410836,0.153557,-0.898685]]],"btipPosition":[-11.9276,99.8398,25.5029],"carpPosition":[4.98947,140.985,83.8438],"dipPosition":[-4.34204,102.675,8.90989],"direction":[-0.668316,-0.57916,0.466827],"extended":false,"handId":409,"id":4093,"length":63.6687,"mcpPosition":[29.4501,145.821,27.1864],"pipPosition":[13.9533,118.53,-3.86963],"stabilizedTipPosition":[-10.5597,101.263,21.241],"timeVisible":9.8698,"tipPosition":[-10.046,100.49,21.1396],"tipVelocity":[76.5805,-177.164,91.6659],"tool":false,"touchDistance":0.333333,"touchZone":"none","type":3,"width":17.8639},{"bases":[[[0.551345,-0.779251,0.297971],[0.650775,0.625191,0.430845],[-0.522025,-0.0436321,0.851813]],[[0.603873,-0.770153,0.205428],[0.708654,0.400761,-0.580689],[0.364892,0.49624,0.787782]],[[0.603873,-0.770153,0.205428],[-0.162169,-0.371044,-0.914345],[0.780409,0.518835,-0.348959]],[[0.603873,-0.770153,0.205428],[-0.612386,-0.613246,-0.498912],[0.510216,0.175479,-0.841954]]],"btipPosition":[4.95897,100.792,30.1069],"carpPosition":[11.571,128.649,85.3577],"dipPosition":[13.6498,103.781,15.7655],"direction":[-0.780409,-0.518835,0.348958],"extended":false,"handId":409,"id":4094,"length":49.9151,"mcpPosition":[41.4838,131.149,36.5476],"pipPosition":[28.7336,113.809,9.02074],"stabilizedTipPosition":[6.45955,102.524,26.1037],"timeVisible":9.8698,"tipPosition":[7.20241,101.494,26.1219],"tipVelocity":[72.7896,-170.22,102.26],"tool":false,"touchDistance":0.333333,"touchZone":"none","type":4,"width":15.8681}],"r":[[0.909496,-0.415469,0.0142386],[0.412001,0.89628,-0.164125],[0.0554269,0.155137,0.986337]],"s":1.24341,"t":[-6.23042,-9.5736,-81.7206],"timestamp":88714718711},false],[5,{"currentFrameRate":55.1926,"devices":[],"gestures":[],"hands":[{"armBasis":[[0.871226,-0.483922,-0.0823665],[0.488624,0.870999,0.0510715],[0.0470265,-0.0847411,0.995293]],"armWidth":62.9686,"confidence":0.76329,"direction":[0.356612,0.26019,-0.89729],"elbow":[8.24235,105.606,356.381],"grabStrength":0,"id":409,"palmNormal":[-0.387239,-0.832883,-0.395415],"palmPosition":[6.66719,142.224,39.7727],"palmVelocity":[63.5039,-187.057,78.2611],"palmWidth":89.917,"pinchStrength":0.930249,"r":[[0.909441,-0.415227,0.022426],[0.412809,0.895025,-0.168877],[0.0500505,0.162841,0.985382]],"s":1.24549,"sphereCenter":[-12.2,114.287,4.26326],"sphereRadius":44.6825,"stabilizedPalmPosition":[6.39641,143.015,39.4639],"t":[-5.08564,-12.9345,-80.3176],"timeVisible":9.88787,"type":"right","wrist":[-4.30506,128.216,90.8214]}],"id":1413407,"interactionBox":{"center":[0,200,0],"size":[235.247,235.247,147.751]},"pointables":[{"bases":[[[0.758069,0.599163,0.257554],[-0.650247,0.664056,0.369066],[0.0501007,-0.447251,0.893004]],[[0.706584,0.7071,-0.0273669],[-0.697121,0.70221,0.144646],[0.121497,-0.0831266,0.989105]],[[0.706584,0.7071,-0.0273669],[-0.669476,0.655458,-0.349538],[-0.22922,0.265299,0.936523]],[[0.706584,0.7071,-0.0273669],[-0.556702,0.531589,-0.638354],[-0.436832,0.466286,0.769256]]],"btipPosition":[-21.7633,116.586,-14.0308],"carpPosition":[-33.5961,132.208,84.1065],"dipPosition":[-31.8662,127.37,3.76025],"direction":[0.22922,-0.265299,-0.936523],"extended":false,"handId":409,"id":4090,"length":51.5018,"mcpPosition":[-33.5961,132.208,84.1065],"pipPosition":[-39.5894,136.309,35.315],"stabilizedTipPosition":[-24.1101,119.381,-10.0569],"timeVisible":9.88787,"tipPosition":[-22.6584,118.92,-9.22078],"tipVelocity":[29.3264,-193.923,65.8638],"tool":false,"touchDistance":0.477691,"touchZone":"hovering","type":0,"width":20.0112},{"bases":[[[0.898026,-0.437854,0.0428178],[0.413927,0.873883,0.254937],[-0.149043,-0.211216,0.966009]],[[0.906676,-0.420776,-0.0297679],[0.421642,0.906111,0.0343533],[0.012518,-0.0436987,0.998966]],[[0.906676,-0.420776,-0.0297679],[0.409448,0.894843,-0.177786],[0.101446,0.149006,0.983619]],[[0.906676,-0.420776,-0.0297679],[0.388336,0.860166,-0.33062],[0.164722,0.288205,0.943295]]],"btipPosition":[-10.4662,155.946,-68.2404],"carpPosition":[-15.5662,147.16,83.823],"dipPosition":[-7.68506,160.812,-52.3138],"direction":[-0.101446,-0.149006,-0.983619],"extended":true,"handId":409,"id":4091,"length":58.114,"mcpPosition":[-4.73053,162.516,13.5922],"pipPosition":[-5.26199,164.371,-28.8197],"stabilizedTipPosition":[-9.88644,157.18,-64.6319],"timeVisible":9.88787,"tipPosition":[-9.56491,158.315,-64.5719],"tipVelocity":[95.6351,-198.538,71.4655],"tool":false,"touchDistance":0.554938,"touchZone":"hovering","type":1,"width":19.1147},{"bases":[[[0.785823,-0.604882,0.128843],[0.556417,0.782428,0.279652],[-0.269967,-0.148066,0.951417]],[[0.773959,-0.610499,0.168164],[0.537827,0.493564,-0.683474],[0.33426,0.619424,0.710341]],[[0.773959,-0.610499,0.168164],[-0.184526,-0.471472,-0.86236],[0.605754,0.636401,-0.477552]],[[0.773959,-0.610499,0.168164],[-0.527653,-0.768579,-0.361759],[0.3501,0.191255,-0.916979]]],"btipPosition":[-24.8058,102.751,15.2227],"carpPosition":[-3.97346,143.482,84.205],"dipPosition":[-18.3043,106.303,-1.80594],"direction":[-0.605754,-0.636401,0.477552],"extended":false,"handId":409,"id":4092,"length":66.2163,"mcpPosition":[14.6395,153.691,18.6093],"pipPosition":[-1.28199,124.186,-15.2257],"stabilizedTipPosition":[-23.4223,104.146,11.0777],"timeVisible":9.88787,"tipPosition":[-23.2,103.553,10.7548],"tipVelocity":[52.9138,-177.463,73.5199],"tool":false,"touchDistance":0.333333,"touchZone":"none","type":2,"width":18.7732},{"bases":[[[0.693334,-0.677328,0.245998],[0.602249,0.732094,0.318329],[-0.395707,-0.0725566,0.915506]],[[0.706812,-0.67436,0.213671],[0.606528,0.422268,-0.673656],[0.36406,0.605746,0.707483]],[[0.706812,-0.67436,0.213671],[-0.190881,-0.472661,-0.860323],[0.681161,0.567301,-0.462805]],[[0.706812,-0.67436,0.213671],[-0.573596,-0.723125,-0.384809],[0.414011,0.149427,-0.897924]]],"btipPosition":[-11.6369,96.4482,26.5791],"carpPosition":[6.23371,136.991,85.239],"dipPosition":[-3.99279,99.2072,10.0001],"direction":[-0.681161,-0.567301,0.462805],"extended":false,"handId":409,"id":4093,"length":63.6687,"mcpPosition":[30.7285,141.483,28.5679],"pipPosition":[14.6542,114.737,-2.66935],"stabilizedTipPosition":[-10.015,97.9193,22.4608],"timeVisible":9.88787,"tipPosition":[-9.77213,97.0844,22.3227],"tipVelocity":[48.1958,-182.631,76.4973],"tool":false,"touchDistance":0.333333,"touchZone":"none","type":3,"width":17.8639},{"bases":[[[0.533771,-0.792764,0.294303],[0.665415,0.608527,0.43234],[-0.521834,-0.0349371,0.852331]],[[0.586368,-0.784519,0.201747],[0.716673,0.386347,-0.580617],[0.377561,0.485042,0.788786]],[[0.586368,-0.784519,0.201747],[-0.172253,-0.36412,-0.915284],[0.791518,0.501942,-0.348644]],[[0.586368,-0.784519,0.201747],[-0.627086,-0.597283,-0.500016],[0.512772,0.166681,-0.842189]]],"btipPosition":[5.20973,97.0143,31.38],"carpPosition":[12.5336,124.502,86.6976],"dipPosition":[13.944,99.8534,17.0346],"direction":[-0.791518,-0.501942,0.348644],"extended":false,"handId":409,"id":4094,"length":49.9151,"mcpPosition":[42.4354,126.503,37.8578],"pipPosition":[29.2426,109.555,10.2959],"stabilizedTipPosition":[7.01689,98.9581,27.5552],"timeVisible":9.88787,"tipPosition":[7.46065,97.6789,27.3999],"tipVelocity":[45.066,-189.58,87.1283],"tool":false,"touchDistance":0.333333,"touchZone":"none","type":4,"width":15.8681}],"r":[[0.909441,-0.415227,0.022426],[0.412809,0.895025,-0.168877],[0.0500505,0.162841,0.985382]],"s":1.24549,"t":[-5.08564,-12.9345,-80.3176],"timestamp":88714736780},false],[6,{"currentFrameRate":55.1956,"devices":[],"gestures":[],"hands":[{"armBasis":[[0.873537,-0.481161,-0.0736062],[0.485,0.873213,0.047684],[0.0413302,-0.0773528,0.996147]],"armWidth":62.9686,"confidence":0.784954,"direction":[0.357724,0.257746,-0.897552],"elbow":[7.10436,105.951,357.68],"grabStrength":0,"id":409,"palmNormal":[-0.382778,-0.836226,-0.392693],"palmPosition":[7.11571,140.42,40.809],"palmVelocity":[45.0758,-145.461,68.2578],"palmWidth":89.917,"pinchStrength":0.926499,"r":[[0.909699,-0.4142,0.0297825],[0.412809,0.894188,-0.173253],[0.0451301,0.169902,0.984427]],"s":1.24791,"sphereCenter":[-11.3233,112.168,5.40782],"sphereRadius":44.6633,"stabilizedPalmPosition":[6.96298,140.971,40.5234],"t":[-4.28899,-15.5169,-79.098],"timeVisible":9.90598,"type":"right","wrist":[-3.92321,126.59,91.8919]}],"id":1413408,"interactionBox":{"center":[0,200,0],"size":[235.247,235.247,147.751]},"pointables":[{"bases":[[[0.754921,0.603462,0.256766],[-0.653924,0.662934,0.364557],[0.0497774,-0.443117,0.895081]],[[0.701518,0.711745,-0.0359357],[-0.701897,0.698779,0.138017],[0.123344,-0.071598,0.989778]],[[0.701518,0.711745,-0.0359357],[-0.675565,0.64811,-0.351519],[-0.226901,0.270873,0.935491]],[[0.701518,0.711745,-0.0359357],[-0.573454,0.533838,-0.621423],[-0.423111,0.456547,0.78265]]],"btipPosition":[-21.8679,114.276,-13.3574],"carpPosition":[-33.2142,130.43,85.0881],"dipPosition":[-31.6535,124.835,4.74346],"direction":[0.226901,-0.270873,-0.935491],"extended":false,"handId":409,"id":4090,"length":51.5018,"mcpPosition":[-33.2142,130.43,85.0881],"pipPosition":[-39.2986,133.962,36.2634],"stabilizedTipPosition":[-24.1179,116.92,-9.26358],"timeVisible":9.90598,"tipPosition":[-22.6382,116.663,-8.43529],"tipVelocity":[14.5434,-163.707,54.0948],"tool":false,"touchDistance":0.474425,"touchZone":"hovering","type":0,"width":20.0112},{"bases":[[[0.899742,-0.433891,0.0469316],[0.40964,0.876721,0.252102],[-0.150531,-0.207602,0.966562]],[[0.90837,-0.417466,-0.0242065],[0.41807,0.907885,0.0310195],[0.00902709,-0.0382972,0.999226]],[[0.90837,-0.417466,-0.0242065],[0.406787,0.89558,-0.180169],[0.0968934,0.153813,0.983338]],[[0.90837,-0.417466,-0.0242065],[0.386543,0.860348,-0.332245],[0.159527,0.292445,0.942882]]],"btipPosition":[-9.69351,153.563,-67.3181],"carpPosition":[-15.2463,145.456,84.7829],"dipPosition":[-7.00003,158.501,-51.3983],"direction":[-0.0968934,-0.153813,-0.983338],"extended":true,"handId":409,"id":4091,"length":58.114,"mcpPosition":[-4.30245,160.549,14.5119],"pipPosition":[-4.6857,162.175,-27.9109],"stabilizedTipPosition":[-9.10735,154.801,-63.6966],"timeVisible":9.90598,"tipPosition":[-8.87246,155.902,-63.6509],"tipVelocity":[69.9085,-166.253,61.6583],"tool":false,"touchDistance":0.546589,"touchZone":"hovering","type":1,"width":19.1147},{"bases":[[[0.788028,-0.601009,0.133417],[0.55245,0.785974,0.277567],[-0.271682,-0.145024,0.951397]],[[0.776087,-0.606505,0.172745],[0.537553,0.493015,-0.684085],[0.329735,0.623769,0.708651]],[[0.776087,-0.606505,0.172745],[-0.180297,-0.47589,-0.860826],[0.604303,0.636931,-0.478683]],[[0.776087,-0.606505,0.172745],[-0.523529,-0.772359,-0.359693],[0.351576,0.188716,-0.916941]]],"btipPosition":[-24.1245,100.713,16.3399],"carpPosition":[-3.63924,141.829,85.2093],"dipPosition":[-17.5956,104.217,-0.688006],"direction":[-0.604303,-0.636931,0.478683],"extended":false,"handId":409,"id":4092,"length":66.2163,"mcpPosition":[15.092,151.827,19.615],"pipPosition":[-0.614,122.116,-14.1395],"stabilizedTipPosition":[-22.7479,101.93,12.2129],"timeVisible":9.90598,"tipPosition":[-22.5161,101.501,11.8908],"tipVelocity":[45.8076,-146.873,67.901],"tool":false,"touchDistance":0.333333,"touchZone":"none","type":2,"width":18.7732},{"bases":[[[0.695555,-0.673329,0.250662],[0.598397,0.736003,0.316576],[-0.397648,-0.0702009,0.914849]],[[0.709128,-0.670439,0.218288],[0.60646,0.422057,-0.67385],[0.359645,0.610229,0.705887]],[[0.709128,-0.670439,0.218288],[-0.186557,-0.47697,-0.858892],[0.679952,0.568341,-0.463308]],[[0.709128,-0.670439,0.218288],[-0.569471,-0.727149,-0.38335],[0.415741,0.147535,-0.897437]]],"btipPosition":[-10.9619,94.5046,27.7527],"carpPosition":[6.59243,135.385,86.2967],"dipPosition":[-3.28584,97.2286,11.1828],"direction":[-0.679952,-0.568341,0.463308],"extended":false,"handId":409,"id":4093,"length":63.6687,"mcpPosition":[31.2074,139.73,29.6664],"pipPosition":[15.3281,112.787,-1.50044],"stabilizedTipPosition":[-9.36706,95.7122,23.633],"timeVisible":9.90598,"tipPosition":[-9.09234,95.1331,23.5164],"tipVelocity":[43.1944,-147.022,70.9957],"tool":false,"touchDistance":0.333333,"touchZone":"none","type":3,"width":17.8639},{"bases":[[[0.536359,-0.789219,0.299085],[0.661799,0.613203,0.431282],[-0.523776,-0.0333882,0.851201]],[[0.589138,-0.781163,0.206642],[0.716263,0.386492,-0.581026],[0.37401,0.490314,0.787216]],[[0.589138,-0.781163,0.206642],[-0.16896,-0.369174,-0.913872],[0.79017,0.503482,-0.34948]],[[0.589138,-0.781163,0.206642],[-0.623572,-0.602168,-0.49855],[0.513882,0.164859,-0.841871]]],"btipPosition":[5.85952,95.1693,32.6383],"carpPosition":[12.9409,122.928,87.8256],"dipPosition":[14.6128,97.9774,18.2983],"direction":[-0.79017,-0.503482,0.34948],"extended":false,"handId":409,"id":4094,"length":49.9151,"mcpPosition":[42.954,124.841,39.0506],"pipPosition":[29.8853,107.709,11.5435],"stabilizedTipPosition":[7.62357,96.7302,28.8204],"timeVisible":9.90598,"tipPosition":[8.11442,95.8247,28.6662],"tipVelocity":[40.8128,-148.05,78.7703],"tool":false,"touchDistance":0.333333,"touchZone":"none","type":4,"width":15.8681}],"r":[[0.909699,-0.4142,0.0297825],[0.412809,0.894188,-0.173253],[0.0451301,0.169902,0.984427]],"s":1.24791,"t":[-4.28899,-15.5169,-79.098],"timestamp":88714754887},false],[7,{"currentFrameRate":55.2126,"devices":[],"g