{"sensorType":"Leap","data":[[0,{"currentFrameRate":54.6776,"devices":[],"gestures":[],"hands":[{"armBasis":[[0.704655,-0.672553,-0.226129],[0.708661,0.683024,0.176854],[0.035508,-0.28487,0.957908]],"armWidth":62.9686,"confidence":0.530223,"direction":[0.190875,0.727851,-0.658635],"elbow":[19.9427,142.799,302.311],"grabStrength":0.244955,"id":409,"palmNormal":[-0.712304,-0.358974,-0.603126],"palmPosition":[12.5256,260.516,12.3932],"palmVelocity":[-10.2418,308.598,-176.695],"palmWidth":89.917,"pinchStrength":1,"r":[[0.450316,-0.77063,-0.450937],[0.888535,0.436481,0.141387],[0.0878687,-0.464342,0.881286]],"s":1.26788,"sphereCenter":[-10.4859,244.458,-35.168],"sphereRadius":47.1936,"stabilizedPalmPosition":[12.5372,260.082,12.827],"t":[2.11032,96.4086,-103.015],"timeVisible":33.9665,"type":"right","wrist":[10.4686,218.807,46.7256]}],"id":1414732,"interactionBox":{"center":[0,200,0],"size":[235.247,235.247,147.751]},"pointables":[{"bases":[[[0.946136,0.227994,0.22988],[-0.299512,0.346701,0.888871],[0.122958,-0.909845,0.396313]],[[0.792237,0.609514,0.029212],[-0.465187,0.572276,0.675352],[0.394919,-0.548628,0.736916]],[[0.792237,0.609514,0.029212],[-0.596901,0.764121,0.244597],[0.126763,-0.211215,0.969185]],[[0.792237,0.609514,0.029212],[-0.609816,0.789088,0.0739169],[0.0220025,-0.0763737,0.996836]]],"btipPosition":[-41.0677,264.92,-36.8696],"carpPosition":[-16.8068,228.974,55.1914],"dipPosition":[-40.5589,263.154,-13.8152],"direction":[-0.126763,0.211215,-0.969185],"extended":false,"handId":409,"id":4090,"length":51.5018,"mcpPosition":[-16.8068,228.974,55.1914],"pipPosition":[-36.2878,256.038,18.8401],"stabilizedTipPosition":[-40.8299,264.058,-31.3714],"timeVisible":33.9665,"tipPosition":[-40.9596,264.468,-31.6439],"tipVelocity":[-32.3156,339.597,-139.118],"tool":false,"touchDistance":0.189872,"touchZone":"hovering","type":0,"width":20.0112},{"bases":[[[0.697878,-0.453768,-0.554131],[0.715513,0.475991,0.511344],[0.0317298,-0.753344,0.656861]],[[0.69649,-0.542883,-0.469234],[0.639337,0.7664,0.0622848],[0.325807,-0.343379,0.880875]],[[0.69649,-0.542883,-0.469234],[0.544599,0.82572,-0.146967],[0.467241,-0.153183,0.870758]],[[0.69649,-0.542883,-0.469234],[0.465101,0.839505,-0.280915],[0.546428,-0.0225869,0.837202]]],"btipPosition":[-32.167,312.339,-63.7924],"carpPosition":[4.35846,238.95,56.2948],"dipPosition":[-22.941,311.957,-49.6569],"direction":[-0.467241,0.153183,-0.870758],"extended":true,"handId":409,"id":4091,"length":58.114,"mcpPosition":[2.05164,293.72,8.53964],"pipPosition":[-11.7808,308.298,-28.8586],"stabilizedTipPosition":[-29.9758,311.958,-60.3841],"timeVisible":33.9665,"tipPosition":[-31.0647,310.528,-60.0823],"tipVelocity":[-26.3908,352.264,-146.386],"tool":false,"touchDistance":0.212591,"touchZone":"hovering","type":1,"width":19.1147},{"bases":[[[0.563477,-0.625827,-0.53929],[0.82372,0.375769,0.424597],[-0.0630763,-0.683475,0.727244]],[[0.561371,-0.645721,-0.517597],[0.602765,0.747588,-0.278902],[0.567043,-0.155422,0.808892]],[[0.561371,-0.645721,-0.517597],[-0.29534,0.427941,-0.85419],[0.77307,0.632385,0.0495263]],[[0.561371,-0.645721,-0.517597],[-0.717111,-0.0673838,-0.693694],[0.413055,0.760594,-0.500881]]],"btipPosition":[-38.1111,257.358,-30.6569],"carpPosition":[13.9441,234.728,50.1024],"dipPosition":[-30.4405,271.482,-39.9585],"direction":[-0.77307,-0.632385,-0.0495263],"extended":false,"handId":409,"id":4092,"length":66.2163,"mcpPosition":[18.2929,281.85,-0.037604],"pipPosition":[-8.71644,289.253,-38.5667],"stabilizedTipPosition":[-36.1723,260.006,-32.4921],"timeVisible":33.9665,"tipPosition":[-36.14,260.919,-32.978],"tipVelocity":[-33.7066,340.074,-161.887],"tool":false,"touchDistance":0.223028,"touchZone":"hovering","type":2,"width":18.7732},{"bases":[[[0.484344,-0.746119,-0.456855],[0.859443,0.308117,0.407949],[-0.163614,-0.590228,0.790481]],[[0.491381,-0.718076,-0.492861],[0.649727,0.679083,-0.341617],[0.58,-0.152361,0.800241]],[[0.491381,-0.718076,-0.492861],[-0.286973,0.400801,-0.87006],[0.822309,0.568969,-0.00912231]],[[0.491381,-0.718076,-0.492861],[-0.735223,-0.0386371,-0.676723],[0.466895,0.694892,-0.546932]]],"btipPosition":[-25.0769,242.913,-30.5409],"carpPosition":[21.5353,228.056,43.3756],"dipPosition":[-16.4563,255.743,-40.6393],"direction":[-0.822309,-0.568969,0.00912231],"extended":false,"handId":409,"id":4093,"length":63.6687,"mcpPosition":[31.6632,264.591,-5.55621],"pipPosition":[6.05466,271.319,-40.889],"stabilizedTipPosition":[-22.8766,245.322,-32.5432],"timeVisible":33.9665,"tipPosition":[-22.8529,246.177,-33.0544],"tipVelocity":[-40.3079,322.727,-156.456],"tool":false,"touchDistance":0.333333,"touchZone":"none","type":3,"width":17.8639},{"bases":[[[0.313445,-0.850002,-0.423378],[0.906459,0.134953,0.400149],[-0.282991,-0.509199,0.812793]],[[0.351479,-0.766345,-0.537752],[0.723086,0.587066,-0.364006],[0.59465,-0.2609,0.760475]],[[0.351479,-0.766345,-0.537752],[-0.281295,0.461412,-0.841411],[0.892936,0.447005,-0.0533922]],[[0.351479,-0.766345,-0.537752],[-0.769452,0.0907358,-0.632227],[0.533298,0.635989,-0.557774]]],"btipPosition":[-7.14071,235.681,-27.4542],"carpPosition":[23.7646,216.86,35.1598],"dipPosition":[1.94324,246.515,-36.9551],"direction":[-0.892936,-0.447005,0.0533922],"extended":false,"handId":409,"id":4094,"length":49.9151,"mcpPosition":[39.9804,246.038,-11.4143],"pipPosition":[19.202,255.154,-37.987],"stabilizedTipPosition":[-4.84313,237.658,-29.2224],"timeVisible":33.9665,"tipPosition":[-4.61132,238.776,-30.1308],"tipVelocity":[-36.3902,328.476,-181.788],"tool":false,"touchDistance":0.333333,"touchZone":"none","type":4,"width":15.8681}],"r":[[0.450316,-0.77063,-0.450937],[0.888535,0.436481,0.141387],[0.0878687,-0.464342,0.881286]],"s":1.26788,"t":[2.11032,96.4086,-103.015],"timestamp":88738815415},false],[1,{"currentFrameRate":54.7388,"devices":[],"gestures":[],"hands":[{"armBasis":[[0.705509,-0.67187,-0.225493],[0.707738,0.684511,0.174787],[0.0369186,-0.282904,0.958437]],"armWidth":62.9686,"confidence":0.532929,"direction":[0.178222,0.73226,-0.657291],"elbow":[21.0913,147.64,299.948],"grabStrength":0.238956,"id":409,"palmNormal":[-0.717836,-0.360123,-0.595837],"palmPosition":[12.6171,265.016,10.0786],"palmVelocity":[-2.97179,280.406,-153.67],"palmWidth":89.917,"pinchStrength":1,"r":[[0.450915,-0.766622,-0.457128],[0.887584,0.439167,0.139021],[0.0941785,-0.468426,0.878469]],"s":1.27184,"sphereCenter":[-10.8445,248.896,-37.4289],"sphereRadius":47.4002,"stabilizedPalmPosition":[12.6078,264.439,10.4],"t":[2.0597,101.452,-105.812],"timeVisible":33.9846,"type":"right","wrist":[11.2408,223.123,44.2213]}],"id":1414733,"interactionBox":{"center":[0,200,0],"size":[235.247,235.247,147.751]},"pointables":[{"bases":[[[0.947648,0.232399,0.218984],[-0.290165,0.340463,0.894365],[0.133293,-0.911085,0.390073]],[[0.790459,0.612066,0.0234553],[-0.456641,0.563346,0.688564],[0.408233,-0.554992,0.724796]],[[0.790459,0.612066,0.0234553],[-0.595517,0.759,0.263208],[0.143298,-0.222023,0.964454]],[[0.790459,0.612066,0.0234553],[-0.611965,0.787546,0.0725883],[0.0259568,-0.0717319,0.997086]]],"btipPosition":[-41.5494,269.604,-38.2244],"carpPosition":[-15.9832,233.087,53.0851],"dipPosition":[-40.9491,267.945,-15.1642],"direction":[-0.143298,0.222023,-0.964454],"extended":false,"handId":409,"id":4090,"length":51.5018,"mcpPosition":[-15.9832,233.087,53.0851],"pipPosition":[-36.1209,260.464,17.3316],"stabilizedTipPosition":[-41.3711,268.865,-32.8134],"timeVisible":33.9846,"tipPosition":[-41.4243,269.068,-33.0736],"tipVelocity":[-29.0855,302.177,-108.657],"tool":false,"touchDistance":0.197772,"touchZone":"hovering","type":0,"width":20.0112},{"bases":[[[0.693384,-0.446865,-0.56527],[0.719194,0.477617,0.50462],[0.0444857,-0.756434,0.652555]],[[0.693637,-0.535708,-0.481544],[0.636462,0.768856,0.0614527],[0.337317,-0.34911,0.874265]],[[0.693637,-0.535708,-0.481544],[0.54114,0.82877,-0.142507],[0.475431,-0.161734,0.864758]],[[0.693637,-0.535708,-0.481544],[0.461855,0.843768,-0.273397],[0.552772,-0.0327647,0.832688]]],"btipPosition":[-33.1081,317.414,-65.304],"carpPosition":[5.13608,243.182,53.97],"dipPosition":[-23.775,316.861,-51.2448],"direction":[-0.475431,0.161734,-0.864758],"extended":true,"handId":409,"id":4091,"length":58.114,"mcpPosition":[1.90188,298.176,6.52789],"pipPosition":[-12.4192,312.998,-30.5897],"stabilizedTipPosition":[-30.9101,317.009,-61.9824],"timeVisible":33.9846,"tipPosition":[-31.9415,315.577,-61.6391],"tipVelocity":[-37.9622,317.451,-117.094],"tool":false,"touchDistance":0.215985,"touchZone":"hovering","type":1,"width":19.1147},{"bases":[[[0.560186,-0.619785,-0.549598],[0.826867,0.37847,0.415994],[-0.0498201,-0.687479,0.724493]],[[0.558471,-0.63981,-0.52797],[0.594812,0.752503,-0.282731],[0.578194,-0.156146,0.800819]],[[0.558471,-0.63981,-0.52797],[-0.308722,0.430443,-0.84818],[0.769935,0.636681,0.0428664]],[[0.558471,-0.63981,-0.52797],[-0.725525,-0.068185,-0.68481],[0.402149,0.765502,-0.502278]]],"btipPosition":[-38.5433,261.776,-32.3374],"carpPosition":[14.6664,239.047,47.6347],"dipPosition":[-31.0752,275.991,-41.6649],"direction":[-0.769935,-0.63668,-0.0428664],"extended":false,"handId":409,"id":4092,"length":66.2163,"mcpPosition":[18.1013,286.445,-2.31569],"pipPosition":[-9.43925,293.883,-40.4603],"stabilizedTipPosition":[-36.7601,264.54,-34.2831],"timeVisible":33.9846,"tipPosition":[-36.625,265.358,-34.6649],"tipVelocity":[-30.2931,295.342,-129.371],"tool":false,"touchDistance":0.218067,"touchZone":"hovering","type":2,"width":18.7732},{"bases":[[[0.482812,-0.740953,-0.466778],[0.862767,0.311114,0.398548],[-0.150084,-0.595144,0.78948]],[[0.4892,-0.712812,-0.502575],[0.634661,0.686187,-0.355461],[0.598237,-0.145074,0.788077]],[[0.4892,-0.712812,-0.502575],[-0.310599,0.396073,-0.864092],[0.814992,0.578813,-0.0276393]],[[0.4892,-0.712812,-0.502575],[-0.747964,-0.0464989,-0.662109],[0.44859,0.699812,-0.555905]]],"btipPosition":[-25.5068,246.933,-31.8669],"carpPosition":[22.2099,232.454,40.778],"dipPosition":[-17.2242,259.854,-42.131],"direction":[-0.814992,-0.578813,0.0276393],"extended":false,"handId":409,"id":4093,"length":63.6687,"mcpPosition":[31.5003,269.294,-8.09186],"pipPosition":[5.0865,275.699,-42.8876],"stabilizedTipPosition":[-23.5303,249.453,-34.0617],"timeVisible":33.9846,"tipPosition":[-23.3449,250.356,-34.5953],"tipVelocity":[-34.5185,275.766,-118.043],"tool":false,"touchDistance":0.333333,"touchZone":"none","type":3,"width":17.8639},{"bases":[[[0.312961,-0.846006,-0.431659],[0.910688,0.138271,0.389268],[-0.269637,-0.514932,0.813721]],[[0.349391,-0.760564,-0.547237],[0.717218,0.592914,-0.36613],[0.60293,-0.264566,0.752649]],[[0.349391,-0.760564,-0.547237],[-0.29086,0.467154,-0.834966],[0.890689,0.450899,-0.057998]],[[0.349391,-0.760564,-0.547237],[-0.77626,0.0921208,-0.623646],[0.524734,0.642694,-0.558209]]],"btipPosition":[-7.37122,240.401,-29.8198],"carpPosition":[24.3994,221.313,32.4775],"dipPosition":[1.56685,251.349,-39.3281],"direction":[-0.890689,-0.450899,0.057998],"extended":false,"handId":409,"id":4094,"length":49.9151,"mcpPosition":[39.8499,250.819,-14.1498],"pipPosition":[18.7822,260.064,-40.4491],"stabilizedTipPosition":[-5.26042,242.306,-31.6822],"timeVisible":33.9846,"tipPosition":[-4.93235,243.434,-32.4009],"tipVelocity":[-26.0563,297.326,-157.729],"tool":false,"touchDistance":0.333333,"touchZone":"none","type":4,"width":15.8681}],"r":[[0.450915,-0.766622,-0.457128],[0.887584,0.439167,0.139021],[0.0941785,-0.468426,0.878469]],"s":1.27184,"t":[2.0597,101.452,-105.812],"timestamp":88738833470},false],[2,{"currentFrameRate":54.6313,"devices":[],"gestures":[],"hands":[{"armBasis":[[0.717045,-0.654362,-0.240118],[0.696769,0.682276,0.221389],[0.0189586,-0.326052,0.945162]],"armWidth":62.9686,"confidence":0.538058,"direction":[0.163363,0.747153,-0.644263],"elbow":[16.4182,141.795,293.965],"grabStrength":0.233634,"id":409,"palmNormal":[-0.705107,-0.368325,-0.605938],"palmPosition":[11.8693,271.256,8.32937],"palmVelocity":[-20.9991,306.514,-124.473],"palmWidth":89.917,"pinchStrength":1,"r":[[0.455748,-0.759607,-0.463994],[0.884411,0.445329,0.139642],[0.100557,-0.474003,0.874762]],"s":1.27649,"sphereCenter":[-10.9292,255.334,-39.5518],"sphereRadius":47.4151,"stabilizedPalmPosition":[11.9489,270.521,8.55271],"t":[1.66045,107.094,-108.085],"timeVisible":34.0032,"type":"right","wrist":[11.3597,228.791,41.7809]}],"id":1414734,"interactionBox":{"center":[0,200,0],"size":[235.247,235.247,147.751]},"pointables":[{"bases":[[[0.940209,0.252603,0.228471],[-0.30375,0.318395,0.897976],[0.154087,-0.913683,0.376086]],[[0.775947,0.629576,0.039244],[-0.47262,0.539041,0.697184],[0.417776,-0.559525,0.715817]],[[0.775947,0.629576,0.039244],[-0.614144,0.739795,0.274829],[0.143993,-0.237354,0.960692]],[[0.775947,0.629576,0.039244],[-0.630692,0.773171,0.0665932],[0.0115832,-0.0764237,0.997008]]],"btipPosition":[-41.8854,275.285,-40.099],"carpPosition":[-16.1574,237.919,50.639],"dipPosition":[-41.6175,273.518,-17.0406],"direction":[-0.143993,0.237354,-0.960692],"extended":false,"handId":409,"id":4090,"length":51.5018,"mcpPosition":[-16.1574,237.919,50.639],"pipPosition":[-36.7659,265.52,15.3285],"stabilizedTipPosition":[-41.7955,274.503,-34.6717],"timeVisible":34.0032,"tipPosition":[-41.898,274.706,-34.9764],"tipVelocity":[-25.6787,302.469,-104.628],"tool":false,"touchDistance":0.197375,"touchZone":"hovering","type":0,"width":20.0112},{"bases":[[[0.70766,-0.41996,-0.5682],[0.704009,0.48729,0.516643],[0.059909,-0.765626,0.640491]],[[0.709708,-0.509542,-0.486499],[0.617236,0.782625,0.0807351],[0.339608,-0.357583,0.869943]],[[0.709708,-0.509542,-0.486499],[0.523575,0.843531,-0.119689],[0.471363,-0.169775,0.865444]],[[0.709708,-0.509542,-0.486499],[0.44629,0.859502,-0.24916],[0.545105,-0.0402887,0.837399]]],"btipPosition":[-34.5418,324.107,-66.4938],"carpPosition":[4.69431,248.528,51.8155],"dipPosition":[-25.3382,323.427,-52.355],"direction":[-0.471363,0.169775,-0.865444],"extended":true,"handId":409,"id":4091,"length":58.114,"mcpPosition":[0.338803,304.19,5.25052],"pipPosition":[-14.0795,319.372,-31.6836],"stabilizedTipPosition":[-32.3624,323.664,-63.1898],"timeVisible":34.0032,"tipPosition":[-33.3384,322.244,-62.8737],"tipVelocity":[-57.6043,336.544,-90.6446],"tool":false,"touchDistance":0.22783,"touchZone":"hovering","type":1,"width":19.1147},{"bases":[[[0.578793,-0.596414,-0.556138],[0.814656,0.392348,0.427081],[-0.0365174,-0.700252,0.712961]],[[0.577458,-0.616889,-0.534781],[0.573739,0.772643,-0.271746],[0.580832,-0.149903,0.800102]],[[0.577458,-0.616889,-0.534781],[-0.320748,0.430941,-0.843451],[0.750775,0.658587,0.0509844]],[[0.577458,-0.616889,-0.534781],[-0.72251,-0.0811277,-0.686584],[0.380161,0.782858,-0.492556]]],"btipPosition":[-38.9438,267.112,-34.0793],"carpPosition":[14.362,244.738,45.4722],"dipPosition":[-31.8841,281.65,-43.2262],"direction":[-0.750775,-0.658587,-0.0509844],"extended":false,"handId":409,"id":4092,"length":66.2163,"mcpPosition":[16.8797,293.017,-3.68305],"pipPosition":[-10.7865,300.157,-41.7935],"stabilizedTipPosition":[-37.2695,269.921,-36.0113],"timeVisible":34.0032,"tipPosition":[-37.1347,270.864,-36.4669],"tipVelocity":[-28.4332,292.568,-110.721],"tool":false,"touchDistance":0.21447,"touchZone":"hovering","type":2,"width":18.7732},{"bases":[[[0.50404,-0.72083,-0.47576],[0.852348,0.326212,0.408766],[-0.139452,-0.611548,0.778821]],[[0.509865,-0.692249,-0.510715],[0.611813,0.709148,-0.35042],[0.60475,-0.133795,0.785096]],[[0.509865,-0.692249,-0.510715],[-0.326612,0.393451,-0.859372],[0.79584,0.60497,-0.0254898]],[[0.509865,-0.692249,-0.510715],[-0.747467,-0.0626243,-0.66134],[0.425829,0.718937,-0.549363]]],"btipPosition":[-25.6093,252.377,-33.4775],"carpPosition":[22.1086,238.45,38.5557],"dipPosition":[-17.7469,265.651,-43.6207],"direction":[-0.79584,-0.60497,0.0254898],"extended":false,"handId":409,"id":4093,"length":63.6687,"mcpPosition":[30.7408,276.305,-9.65437],"pipPosition":[4.03948,282.213,-44.3185],"stabilizedTipPosition":[-23.7777,254.918,-35.6605],"timeVisible":34.0032,"tipPosition":[-23.543,256.024,-36.3365],"tipVelocity":[-22.9148,285.507,-101.84],"tool":false,"touchDistance":0.333333,"touchZone":"none","type":3,"width":17.8639},{"bases":[[[0.336705,-0.830689,-0.443379],[0.904677,0.154806,0.396982],[-0.261131,-0.53478,0.80363]],[[0.371876,-0.74167,-0.558242],[0.705821,0.616511,-0.348899],[0.602931,-0.264272,0.752752]],[[0.371876,-0.74167,-0.558242],[-0.294882,0.475838,-0.828627],[0.880201,0.472762,-0.0417525]],[[0.371876,-0.74167,-0.558242],[-0.773486,0.0849296,-0.628098],[0.513252,0.665366,-0.542088]]],"btipPosition":[-7.23349,246.911,-32.2217],"carpPosition":[24.6262,227.505,30.0895],"dipPosition":[1.50901,258.245,-41.4554],"direction":[-0.880201,-0.472762,0.0417526],"extended":false,"handId":409,"id":4094,"length":49.9151,"mcpPosition":[39.5894,258.148,-15.9596],"pipPosition":[18.5217,267.382,-42.2624],"stabilizedTipPosition":[-5.227,248.7,-34.0433],"timeVisible":34.0032,"tipPosition":[-4.88693,249.973,-34.6542],"tipVelocity":[-10.9682,324.529,-141.908],"tool":false,"touchDistance":0.333333,"touchZone":"none","type":4,"width":15.8681}],"r":[[0.455748,-0.759607,-0.463994],[0.884411,0.445329,0.139642],[0.100557,-0.474003,0.874762]],"s":1.27649,"t":[1.66045,107.094,-108.085],"timestamp":88738852150},false],[3,{"currentFrameRate":54.821,"devices":[],"gestures":[],"hands":[{"armBasis":[[0.730006,-0.638402,-0.243995],[0.682248,0.701788,0.205013],[0.0403519,-0.316126,0.947859]],"armWidth":62.9686,"confidence":0.468136,"direction":[0.163585,0.754429,-0.63567],"elbow":[21.7097,148.453,293.463],"grabStrength":0.229567,"id":409,"palmNormal":[-0.696374,-0.368106,-0.616085],"palmPosition":[11.4359,275.581,7.51193],"palmVelocity":[-22.7017,278.343,-88.1532],"palmWidth":89.917,"pinchStrength":1,"r":[[0.461631,-0.752329,-0.469998],[0.880864,0.451346,0.14271],[0.104767,-0.479883,0.871055]],"s":1.28171,"sphereCenter":[-10.7408,259.819,-40.8245],"sphereRadius":47.5448,"stabilizedPalmPosition":[11.4909,275.039,7.62358],"t":[1.24413,112.078,-109.63],"timeVisible":34.0208,"type":"right","wrist":[10.9432,232.8,40.5595]}],"id":1414735,"interactionBox":{"center":[0,200,0],"size":[235.247,235.247,147.751]},"pointables":[{"bases":[[[0.935967,0.257776,0.239829],[-0.314792,0.307558,0.89795],[0.157709,-0.915947,0.36901]],[[0.772538,0.632657,0.0541352],[-0.479539,0.525426,0.702829],[0.416206,-0.568922,0.709296]],[[0.772538,0.632657,0.0541352],[-0.619731,0.732688,0.281251],[0.138271,-0.250827,0.958106]],[[0.772538,0.632657,0.0541352],[-0.634912,0.770791,0.0526105],[-0.00844257,-0.0750147,0.997147]]],"btipPosition":[-41.7229,279.881,-41.0944],"carpPosition":[-16.7283,241.63,49.238],"dipPosition":[-41.9181,278.146,-18.0328],"direction":[-0.138271,0.250827,-0.958106],"extended":false,"handId":409,"id":4090,"length":51.5018,"mcpPosition":[-16.7283,241.63,49.238],"pipPosition":[-37.2593,269.695,14.2492],"stabilizedTipPosition":[-41.7696,279.153,-35.7164],"timeVisible":34.0208,"tipPosition":[-41.863,279.217,-36.0535],"tipVelocity":[-12.2331,283.557,-82.2493],"tool":false,"touchDistance":0.206979,"touchZone":"hovering","type":0,"width":20.0112},{"bases":[[[0.716333,-0.409061,-0.565275],[0.695187,0.487893,0.527897],[0.0598515,-0.771122,0.633868]],[[0.718324,-0.499033,-0.484744],[0.61087,0.785865,0.0961955],[0.332939,-0.365215,0.86935]],[[0.718324,-0.499033,-0.484744],[0.520443,0.847831,-0.101598],[0.461682,-0.179301,0.868735]],[[0.718324,-0.499033,-0.484744],[0.445759,0.865091,-0.230038],[0.534144,-0.0508376,0.843864]]],"btipPosition":[-34.5056,329.098,-67.277],"carpPosition":[4.02685,252.389,50.7133],"dipPosition":[-25.4871,328.24,-53.0291],"direction":[-0.461682,0.179301,-0.868735],"extended":true,"handId":409,"id":4091,"length":58.114,"mcpPosition":[-0.324472,308.452,4.62986],"pipPosition":[-14.4596,323.957,-32.2791],"stabilizedTipPosition":[-32.4285,328.686,-63.9667],"timeVisible":34.0208,"tipPosition":[-33.314,327.22,-63.6779],"tipVelocity":[-30.9405,310.951,-68.5111],"tool":false,"touchDistance":0.239399,"touchZone":"hovering","type":1,"width":19.1147},{"bases":[[[0.588754,-0.586622,-0.556096],[0.807429,0.394664,0.438519],[-0.0377739,-0.707188,0.706016]],[[0.587383,-0.607244,-0.535011],[0.566733,0.780552,-0.263726],[0.57775,-0.1483,0.802628]],[[0.587383,-0.607244,-0.535011],[-0.321602,0.4315,-0.84284],[0.742667,0.66713,0.0581646]],[[0.587383,-0.607244,-0.535011],[-0.717682,-0.0852916,-0.691128],[0.374051,0.789924,-0.485907]]],"btipPosition":[-38.947,271.14,-35.0902],"carpPosition":[13.7841,248.735,44.428],"dipPosition":[-32.0007,285.809,-44.1136],"direction":[-0.742667,-0.66713,-0.0581646],"extended":false,"handId":409,"id":4092,"length":66.2163,"mcpPosition":[16.3884,297.492,-4.24838],"pipPosition":[-11.131,304.556,-42.4792],"stabilizedTipPosition":[-37.3418,274.083,-37.0572],"timeVisible":34.0208,"tipPosition":[-37.1674,274.999,-37.5293],"tipVelocity":[-15.9634,263.818,-85.1805],"tool":false,"touchDistance":0.218408,"touchZone":"hovering","type":2,"width":18.7732},{"bases":[[[0.514225,-0.712368,-0.477604],[0.845814,0.328999,0.419951],[-0.142028,-0.619913,0.77171]],[[0.520094,-0.683754,-0.511843],[0.602956,0.71837,-0.34697],[0.604935,-0.128161,0.785893]],[[0.520094,-0.683754,-0.511843],[-0.33113,0.390983,-0.85877],[0.787309,0.616127,-0.0230628]],[[0.520094,-0.683754,-0.511843],[-0.744619,-0.0694337,-0.663869],[0.418384,0.726402,-0.545248]]],"btipPosition":[-25.5499,256.326,-34.2427],"carpPosition":[21.6456,242.573,37.5278],"dipPosition":[-17.825,269.738,-44.31],"direction":[-0.787309,-0.616127,0.0230628],"extended":false,"handId":409,"id":4093,"length":63.6687,"mcpPosition":[30.4374,280.946,-10.242],"pipPosition":[3.72786,286.605,-44.9414],"stabilizedTipPosition":[-23.7735,259.029,-36.4818],"timeVisible":34.0208,"tipPosition":[-23.5087,260.111,-37.203],"tipVelocity":[-11.5048,257.999,-74.2173],"tool":false,"touchDistance":0.333333,"touchZone":"none","type":3,"width":17.8639},{"bases":[[[0.347461,-0.82383,-0.447855],[0.899605,0.158126,0.407071],[-0.26454,-0.544334,0.796064]],[[0.38322,-0.73283,-0.56223],[0.705551,0.625091,-0.333856],[0.596104,-0.268741,0.756596]],[[0.38322,-0.73283,-0.56223],[-0.288468,0.483295,-0.826566],[0.877456,0.478942,-0.0261897]],[[0.38322,-0.73283,-0.56223],[-0.767113,0.0865243,-0.63565],[0.51447,0.674888,-0.529006]]],"btipPosition":[-7.06336,251.557,-33.5512],"carpPosition":[24.3301,231.728,28.9845],"dipPosition":[1.69987,263.052,-42.562],"direction":[-0.877456,-0.478942,0.0261897],"extended":false,"handId":409,"id":4094,"length":49.9151,"mcpPosition":[39.4887,262.919,-16.6311],"pipPosition":[18.6595,272.309,-43.0682],"stabilizedTipPosition":[-5.06943,253.537,-35.433],"timeVisible":34.0208,"tipPosition":[-4.74099,254.604,-35.8704],"tipVelocity":[-1.22464,297.442,-109.677],"tool":false,"touchDistance":0.333333,"touchZone":"none","type":4,"width":15.8681}],"r":[[0.461631,-0.752329,-0.469998],[0.880864,0.451346,0.14271],[0.104767,-0.479883,0.871055]],"s":1.28171,"t":[1.24413,112.078,-109.63],"timestamp":88738869729},false],[4,{"currentFrameRate":54.731,"devices":[],"gestures":[],"hands":[{"armBasis":[[0.741688,-0.624836,-0.243882],[0.66947,0.712016,0.211763],[0.0413308,-0.320334,0.946402]],"armWidth":62.9686,"confidence":0.481226,"direction":[0.162977,0.758763,-0.630649],"elbow":[21.4683,151.485,291.403],"grabStrength":0.224075,"id":409,"palmNormal":[-0.683323,-0.37427,-0.626891],"palmPosition":[10.8593,279.864,6.0043],"palmVelocity":[-26.7335,255.119,-84.7449],"palmWidth":89.917,"pinchStrength":1,"r":[[0.469417,-0.744944,-0.474032],[0.876472,0.458159,0.147941],[0.106975,-0.484922,0.86799]],"s":1.28733,"sphereCenter":[-10.6052,264.173,-42.509],"sphereRadius":47.4171,"stabilizedPalmPosition":[10.9129,279.454,6.14169],"t":[0.747705,116.711,-111.157],"timeVisible":34.0394,"type":"right","wrist":[10.4406,236.956,38.8878]}],"id":1414736,"interactionBox":{"center":[0,200,0],"size":[235.247,235.247,147.751]},"pointables":[{"bases":[[[0.929368,0.268296,0.253558],[-0.33078,0.300301,0.894653],[0.163888,-0.915334,0.367837]],[[0.765939,0.63924,0.068622],[-0.492303,0.514511,0.70208],[0.413491,-0.571534,0.708784]],[[0.765939,0.63924,0.068622],[-0.630554,0.726096,0.274202],[0.125455,-0.253292,0.959221]],[[0.765939,0.63924,0.068622],[-0.641737,0.766624,0.0214879],[-0.0388713,-0.0604956,0.997411]]],"btipPosition":[-41.1783,283.541,-43.1328],"carpPosition":[-17.4532,245.414,47.218],"dipPosition":[-42.0773,282.142,-20.0651],"direction":[-0.125455,0.253292,-0.959221],"extended":false,"handId":409,"id":4090,"length":51.5018,"mcpPosition":[-17.4532,245.414,47.218],"pipPosition":[-37.8503,273.607,12.2544],"stabilizedTipPosition":[-41.4096,282.959,-37.6923],"timeVisible":34.0394,"tipPosition":[-41.6145,282.998,-38.1111],"tipVelocity":[3.67679,243.582,-95.5063],"tool":false,"touchDistance":0.192924,"touchZone":"hovering","type":0,"width":20.0112},{"bases":[[[0.728955,-0.39814,-0.556875],[0.68187,0.494364,0.539127],[0.060651,-0.772715,0.631849]],[[0.730961,-0.488088,-0.476933],[0.600722,0.791804,0.110359],[0.323772,-0.367173,0.871984]],[[0.730961,-0.488088,-0.476933],[0.514539,0.853279,-0.0846397],[0.448269,-0.183532,0.874855]],[[0.730961,-0.488088,-0.476933],[0.443294,0.870963,-0.21193],[0.518832,-0.0565084,0.853007]]],"btipPosition":[-34.4763,333.525,-69.2395],"carpPosition":[3.14625,256.42,49.0164],"dipPosition":[-25.7163,332.571,-54.8373],"direction":[-0.448269,0.183532,-0.874855],"extended":true,"handId":409,"id":4091,"length":58.114,"mcpPosition":[-1.2632,312.598,3.07969],"pipPosition":[-15.0092,328.187,-33.941],"stabilizedTipPosition":[-32.4603,333.14,-65.8569],"timeVisible":34.0394,"tipPosition":[-33.3188,331.637,-65.6423],"tipVelocity":[-16.7306,275.111,-85.5589],"tool":false,"touchDistance":0.227702,"touchZone":"hovering","type":1,"width":19.1147},{"bases":[[[0.603452,-0.57728,-0.550084],[0.796458,0.402852,0.45096],[-0.0387282,-0.710252,0.702882]],[[0.602069,-0.597718,-0.529383],[0.553661,0.790258,-0.262588],[0.575303,-0.135003,0.806722]],[[0.602069,-0.597718,-0.529383],[-0.326954,0.420321,-0.846423],[0.728433,0.682689,0.0576357]],[[0.602069,-0.597718,-0.529383],[-0.712301,-0.102523,-0.694346],[0.360749,0.795124,-0.487481]]],"btipPosition":[-38.8691,274.358,-36.6008],"carpPosition":[13.0326,252.909,42.8523],"dipPosition":[-32.1699,289.124,-45.6535],"direction":[-0.728433,-0.682689,-0.0576357],"extended":false,"handId":409,"id":4092,"length":66.2163,"mcpPosition":[15.7027,301.878,-5.60809],"pipPosition":[-11.7001,308.308,-44.0339],"stabilizedTipPosition":[-37.3294,277.451,-38.5488],"timeVisible":34.0394,"tipPosition":[-37.1486,278.4,-39.2217],"tipVelocity":[-7.67814,220.464,-83.4668],"tool":false,"touchDistance":0.207728,"touchZone":"hovering","type":2,"width":18.7732},{"bases":[[[0.529407,-0.704223,-0.473073],[0.835896,0.337732,0.432683],[-0.144934,-0.624506,0.767455]],[[0.535309,-0.675861,-0.506613],[0.591098,0.728196,-0.346891],[0.603364,-0.113764,0.78931]],[[0.535309,-0.675861,-0.506613],[-0.335142,0.380598,-0.861873],[0.775322,0.631155,-0.0227723]],[[0.535309,-0.675861,-0.506613],[-0.739046,-0.0843699,-0.668351],[0.40897,0.732184,-0.544656]]],"btipPosition":[-25.3817,259.753,-35.6386],"carpPosition":[21.0627,246.87,36.0383],"dipPosition":[-17.8306,273.272,-45.6949],"direction":[-0.775322,-0.631155,0.0227723],"extended":false,"handId":409,"id":4093,"length":63.6687,"mcpPosition":[30.0343,285.527,-11.4682],"pipPosition":[3.39412,290.55,-46.3183],"stabilizedTipPosition":[-23.6539,262.595,-37.849],"timeVisible":34.0394,"tipPosition":[-23.3713,263.675,-38.7237],"tipVelocity":[-2.58519,222.977,-74.5829],"tool":false,"touchDistance":0.333333,"touchZone":"none","type":3,"width":17.8639},{"bases":[[[0.363634,-0.817827,-0.446014],[0.891952,0.167579,0.419927],[-0.268686,-0.550523,0.7904]],[[0.400009,-0.725407,-0.560158],[0.703447,0.634781,-0.319712],[0.587499,-0.266154,0.764203]],[[0.400009,-0.725407,-0.560158],[-0.281117,0.484615,-0.828324],[0.872334,0.488807,-0.0100738]],[[0.400009,-0.725407,-0.560158],[-0.758494,0.0810645,-0.646619],[0.514471,0.68353,-0.51779]]],"btipPosition":[-6.75975,255.846,-35.4859],"carpPosition":[23.9966,236.091,27.4936],"dipPosition":[2.0035,267.489,-44.3057],"direction":[-0.872334,-0.488807,0.0100738],"extended":false,"handId":409,"id":4094,"length":49.9151,"mcpPosition":[39.3926,267.636,-17.7975],"pipPosition":[18.8641,276.936,-44.5004],"stabilizedTipPosition":[-4.7785,257.998,-37.295],"timeVisible":34.0394,"tipPosition":[-4.4639,258.881,-37.7098],"tipVelocity":[7.28613,266.019,-105.828],"tool":false,"touchDistance":0.333333,"touchZone":"none","type":4,"width":15.8681}],"r":[[0.469417,-0.744944,-0.474032],[0.876472,0.458159,0.147941],[0.106975,-0.484922,0.86799]],"s":1.28733,"t":[0.747705,116.711,-111.157],"timestamp":88738888314},false],[5,{"currentFrameRate":54.9675,"devices":[],"gestures":[],"hands":[{"armBasis":[[0.748863,-0.615008,-0.24692],[0.661301,0.717861,0.217615],[0.0434191,-0.326252,0.944285]],"armWidth":62.9686,"confidence":0.485801,"direction":[0.158431,0.760336,-0.629911],"elbow":[21.7895,153.699,290.106],"grabStrength":0.220618,"id":409,"palmNormal":[-0.675861,-0.381573,-0.630567],"palmPosition":[10.3516,283.653,5.26549],"palmVelocity":[-27.8887,238.053,-65.2535],"palmWidth":89.917,"pinchStrength":1,"r":[[0.477694,-0.737977,-0.476654],[0.871757,0.465403,0.153101],[0.108851,-0.488661,0.865657]],"s":1.29297,"sphereCenter":[-10.7873,267.862,-43.1879],"sphereRadius":47.2783,"stabilizedPalmPosition":[10.3988,283.3,5.33924],"t":[0.245603,120.922,-112.289],"timeVisible":34.0568,"type":"right","wrist":[10.2046,240.749,38.1559]}],"id":1414737,"interactionBox":{"center":[0,200,0],"size":[235.247,235.247,147.751]},"pointables":[{"bases":[[[0.925069,0.278142,0.258622],[-0.338866,0.296939,0.892747],[0.171515,-0.91349,0.368942]],[[0.760481,0.64512,0.0740862],[-0.499205,0.507849,0.702056],[0.415286,-0.570885,0.708257]],[[0.760481,0.64512,0.0740862],[-0.638124,0.721311,0.269272],[0.120274,-0.252053,0.96021]],[[0.760481,0.64512,0.0740862],[-0.646826,0.762637,-0.001261],[-0.0573144,-0.0469619,0.997251]]],"btipPosition":[-41.035,286.653,-44.0244],"carpPosition":[-17.8225,248.913,46.3301],"dipPosition":[-42.3606,285.567,-20.9603],"direction":[-0.120274,0.252053,-0.96021],"extended":false,"handId":409,"id":4090,"length":51.5018,"mcpPosition":[-17.8225,248.913,46.3301],"pipPosition":[-38.3081,277.074,11.3925],"stabilizedTipPosition":[-41.3452,286.14,-38.6411],"timeVisible":34.0568,"tipPosition":[-41.6724,286.214,-39.0148],"tipVelocity":[3.17857,215.757,-75.1283],"tool":false,"touchDistance":0.193933,"touchZone":"hovering","type":0,"width":20.0112},{"bases":[[[0.736182,-0.39051,-0.552755],[0.673624,0.50163,0.542769],[0.0653218,-0.771926,0.632348]],[[0.7387,-0.480353,-0.472846],[0.59234,0.797391,0.115328],[0.321645,-0.365278,0.873565]],[[0.7387,-0.480353,-0.472846],[0.508175,0.857761,-0.0774875],[0.44281,-0.183048,0.877732]],[[0.7387,-0.480353,-0.472846],[0.43876,0.87522,-0.203666],[0.511676,-0.0570174,0.857285]]],"btipPosition":[-34.9713,337.1,-70.2607],"carpPosition":[2.64926,260.137,48.2396],"dipPosition":[-26.3321,336.138,-55.7862],"direction":[-0.44281,0.183048,-0.877732],"extended":true,"handId":409,"id":4091,"length":58.114,"mcpPosition":[-2.09977,316.257,2.26664],"pipPosition":[-15.7554,331.765,-34.8212],"stabilizedTipPosition":[-32.961,336.712,-66.8837],"timeVisible":34.0568,"tipPosition":[-33.8111,335.243,-66.6656],"tipVelocity":[-22.905,243.077,-72.756],"tool":false,"touchDistance":0.227243,"touchZone":"hovering","type":1,"width":19.1147},{"bases":[[[0.612544,-0.570965,-0.546616],[0.789657,0.411319,0.455257],[-0.0351023,-0.710504,0.702817]],[[0.611281,-0.591164,-0.526176],[0.538366,0.797933,-0.271043],[0.580084,-0.117591,0.806024]],[[0.611281,-0.591164,-0.526176],[-0.340273,0.403942,-0.849144],[0.714528,0.698109,0.0457651]],[[0.611281,-0.591164,-0.526176],[-0.713266,-0.123449,-0.689936],[0.342909,0.797048,-0.49712]]],"btipPosition":[-39.0514,276.897,-36.7718],"carpPosition":[12.606,256.729,42.1309],"dipPosition":[-32.6834,291.699,-46.0036],"direction":[-0.714528,-0.698109,-0.0457651],"extended":false,"handId":409,"id":4092,"length":66.2163,"mcpPosition":[15.0261,305.715,-6.32498],"pipPosition":[-12.6045,311.316,-44.7175],"stabilizedTipPosition":[-37.5656,280.068,-38.8667],"timeVisible":34.0568,"tipPosition":[-37.4148,281.112,-39.6216],"tipVelocity":[-11.0049,186.376,-50.5647],"tool":false,"touchDistance":0.214487,"touchZone":"hovering","type":2,"width":18.7732},{"bases":[[[0.53942,-0.69867,-0.469986],[0.829881,0.346616,0.437213],[-0.142562,-0.625874,0.766784]],[[0.54513,-0.670674,-0.50302],[0.57902,0.735111,-0.352628],[0.606274,-0.0990305,0.789066]],[[0.54513,-0.670674,-0.50302],[-0.343371,0.368758,-0.863779],[0.764807,0.643594,-0.029269]],[[0.54513,-0.670674,-0.50302],[-0.738087,-0.0994024,-0.667343],[0.397568,0.735061,-0.549203]]],"btipPosition":[-25.4843,262.698,-36],"carpPosition":[20.7369,250.774,35.3628],"dipPosition":[-18.1438,276.27,-46.1403],"direction":[-0.764807,-0.643594,0.029269],"extended":false,"handId":409,"id":4093,"length":63.6687,"mcpPosition":[29.5617,289.516,-12.1022],"pipPosition":[2.79308,293.888,-46.9416],"stabilizedTipPosition":[-23.7861,265.596,-38.2988],"timeVisible":34.0568,"tipPosition":[-23.529,266.7,-39.1943],"tipVelocity":[-5.40838,198.618,-50.2643],"tool":false,"touchDistance":0.333333,"touchZone":"none","type":3,"width":17.8639},{"bases":[[[0.374709,-0.814015,-0.443817],[0.887801,0.177063,0.424805],[-0.267214,-0.553199,0.78903]],[[0.410873,-0.720788,-0.558254],[0.699341,0.642016,-0.314224],[0.584897,-0.261304,0.767864]],[[0.410873,-0.720788,-0.558254],[-0.280116,0.482902,-0.829663],[0.867593,0.497262,-0.00349284]],[[0.410873,-0.720788,-0.558254],[-0.755045,0.0741625,-0.651465],[0.51097,0.689176,-0.513756]]],"btipPosition":[-6.76685,259.504,-36.388],"carpPosition":[23.8316,240.025,26.8368],"dipPosition":[1.93678,271.243,-45.1391],"direction":[-0.867593,-0.497262,0.00349284],"extended":false,"handId":409,"id":4094,"length":49.9151,"mcpPosition":[39.1434,271.724,-18.3757],"pipPosition":[18.7058,280.854,-45.2066],"stabilizedTipPosition":[-4.7665,261.741,-38.2789],"timeVisible":34.0568,"tipPosition":[-4.50706,262.525,-38.5597],"tipVelocity":[3.36816,241.027,-80.5218],"tool":false,"touchDistance":0.333333,"touchZone":"none","type":4,"width":15.8681}],"r":[[0.477694,-0.737977,-0.476654],[0.871757,0.465403,0.153101],[0.108851,-0.488661,0.865657]],"s":1.29297,"t":[0.245603,120.922,-112.289],"timestamp":88738905683},false],[6,{"currentFrameRate":55.0023,"devices":[],"gestures":[],"hands":[{"armBasis":[[0.756346,-0.606684,-0.244694],[0.65263,0.725456,0.218604],[0.0448918,-0.325035,0.944636]],"armWidth":62.9686,"confidence":0.471629,"direction":[0.157257,0.765067,-0.624454],"elbow":[22.1391,156.652,289.367],"grabStrength":0.217901,"id":409,"palmNormal":[-0.668656,-0.382844,-0.63744],"palmPosition":[10.2239,286.469,4.67856],"palmVelocity":[-18.0012,199.058,-49.6984],"palmWidth":89.917,"pinchStrength":1,"r":[[0.486006,-0.731085,-0.478867],[0.867019,0.472227,0.158997],[0.109894,-0.49246,0.863369]],"s":1.29882,"sphereCenter":[-10.4721,270.788,-43.9895],"sphereRadius":47.2924,"stabilizedPalmPosition":[10.2348,286.272,4.71971],"t":[-0.0692753,124.436,-113.149],"timeVisible":34.0748,"type":"right","wrist":[10.1612,243.377,37.3226]}],"id":1414738,"interactionBox":{"center":[0,200,0],"size":[235.247,235.247,147.751]},"pointables":[{"bases":[[[0.921193,0.283359,0.266666],[-0.347226,0.289346,0.892028],[0.175606,-0.914323,0.364933]],[[0.756879,0.648082,0.0844011],[-0.50478,0.497659,0.70536],[0.415128,-0.576476,0.703806]],[[0.756879,0.648082,0.0844011],[-0.643236,0.715834,0.271715],[0.115677,-0.259945,0.95867]],[[0.756879,0.648082,0.0844011],[-0.649443,0.760283,-0.0139289],[-0.0731957,-0.0442712,0.996335]]],"btipPosition":[-40.6634,289.51,-44.715],"carpPosition":[-17.9809,251.291,45.3468],"dipPosition":[-42.3563,288.486,-21.6721],"direction":[-0.115677,0.259945,-0.95867],"extended":false,"handId":409,"id":4090,"length":51.5018,"mcpPosition":[-17.9809,251.291,45.3468],"pipPosition":[-38.4587,279.728,10.6288],"stabilizedTipPosition":[-41.0713,289.076,-39.3661],"timeVisible":34.0748,"tipPosition":[-41.3965,289.034,-39.7669],"tipVelocity":[9.21914,188.804,-57.7385],"tool":false,"touchDistance":0.19442,"touchZone":"hovering","type":0,"width":20.0112},{"bases":[[[0.742839,-0.38198,-0.549801],[0.666154,0.503384,0.550313],[0.0665527,-0.775046,0.62839]],[[0.745462,-0.472096,-0.470544],[0.586122,0.800447,0.12548],[0.317408,-0.369337,0.873409]],[[0.745462,-0.472096,-0.470544],[0.504334,0.861065,-0.0649108],[0.435814,-0.188923,0.879986]],[[0.745462,-0.472096,-0.470544],[0.436918,0.879221,-0.189931],[0.503378,-0.0640028,0.861693]]],"btipPosition":[-34.8283,340.273,-70.8708],"carpPosition":[2.39467,262.652,47.4633],"dipPosition":[-26.3292,339.192,-56.3219],"direction":[-0.435814,0.188923,-0.879986],"extended":true,"handId":409,"id":4091,"length":58.114,"mcpPosition":[-2.44384,318.999,1.77809],"pipPosition":[-15.9196,334.679,-35.3031],"stabilizedTipPosition":[-32.8766,339.906,-67.5018],"timeVisible":34.0748,"tipPosition":[-33.6721,338.42,-67.2876],"tipVelocity":[-9.11403,210.344,-53.7986],"tool":false,"touchDistance":0.229369,"touchZone":"hovering","type":1,"width":19.1147},{"bases":[[[0.620481,-0.56336,-0.545554],[0.783449,0.41442,0.463103],[-0.0348046,-0.71476,0.698503]],[[0.619231,-0.58358,-0.525345],[0.526645,0.804925,-0.273387],[0.582406,-0.107381,0.805774]],[[0.619231,-0.58358,-0.525345],[-0.347545,0.396245,-0.849825],[0.704106,0.708819,0.0425475]],[[0.619231,-0.58358,-0.525345],[-0.711238,-0.13338,-0.690181],[0.332705,0.801027,-0.497657]]],"btipPosition":[-38.8879,278.952,-37.0879],"carpPosition":[12.4182,259.352,41.4052],"dipPosition":[-32.7094,293.827,-46.3295],"direction":[-0.704106,-0.708819,-0.0425475],"extended":false,"handId":409,"id":4092,"length":66.2163,"mcpPosition":[14.8179,308.631,-6.75328],"pipPosition":[-12.9233,313.746,-45.1339],"stabilizedTipPosition":[-37.4727,282.237,-39.193],"timeVisible":34.0748,"tipPosition":[-37.2804,283.301,-40.0387],"tipVelocity":[-2.6258,152.338,-34.9218],"tool":false,"touchDistance":0.215179,"touchZone":"hovering","type":2,"width":18.7732},{"bases":[[[0.54776,-0.692029,-0.470165],[0.824268,0.350116,0.444973],[-0.143322,-0.63128,0.762197]],[[0.553434,-0.664146,-0.502615],[0.57201,0.741712,-0.35024],[0.605406,-0.0936659,0.790386]],[[0.553434,-0.664146,-0.502615],[-0.346463,0.365197,-0.864057],[0.757413,0.652336,-0.0279898]],[[0.553434,-0.664146,-0.502615],[-0.735535,-0.106597,-0.669048],[0.390768,0.739964,-0.547497]]],"btipPosition":[-25.1686,265.186,-36.5433],"carpPosition":[20.6393,253.494,34.6603],"dipPosition":[-17.9536,278.849,-46.6521],"direction":[-0.757413,-0.652336,0.0279898],"extended":false,"handId":409,"id":4093,"length":63.6687,"mcpPosition":[29.5111,292.571,-12.5207],"pipPosition":[2.78082,296.707,-47.4184],"stabilizedTipPosition":[-23.5233,268.189,-38.8393],"timeVisible":34.0748,"tipPosition":[-23.2601,269.234,-39.7686],"tipVelocity":[4.70187,170.275,-40.4898],"tool":false,"touchDistance":0.333333,"touchZone":"none","type":3,"width":17.8639},{"bases":[[[0.383717,-0.808715,-0.445805],[0.883509,0.181061,0.432006],[-0.268652,-0.559641,0.783982]],[[0.42012,-0.714167,-0.55988],[0.697592,0.648764,-0.304091],[0.580401,-0.262813,0.770755]],[[0.42012,-0.714167,-0.55988],[-0.27649,0.486897,-0.828544],[0.864322,0.502889,0.00709481]],[[0.42012,-0.714167,-0.55988],[-0.750405,0.0735282,-0.656876],[0.510286,0.696103,-0.505024]]],"btipPosition":[-6.41249,262.491,-37.2947],"carpPosition":[23.8716,242.817,26.0953],"dipPosition":[2.27948,274.348,-45.8971],"direction":[-0.864322,-0.502889,-0.00709481],"extended":false,"handId":409,"id":4094,"length":49.9151,"mcpPosition":[39.2657,274.885,-18.828],"pipPosition":[18.9852,284.068,-45.7599],"stabilizedTipPosition":[-4.44482,264.908,-39.1846],"timeVisible":34.0748,"tipPosition":[-4.17434,265.507,-39.3984],"tipVelocity":[11.0161,205.831,-65.2257],"tool":false,"touchDistance":0.333333,"touchZone":"none","type":4,"width":15.8681}],"r":[[0.486006,-0.731085,-0