{"sensorType":"Leap","data":[[0,{"currentFrameRate":54.4479,"devices":[],"gestures":[],"hands":[{"armBasis":[[0.805767,-0.584218,-0.0971053],[0.59094,0.803957,0.0666608],[0.0391241,-0.111096,0.993039]],"armWidth":62.9686,"confidence":0.756561,"direction":[0.38875,0.566889,-0.726299],"elbow":[-4.24522,103.371,316.397],"grabStrength":0.0867289,"id":409,"palmNormal":[-0.44535,-0.574475,-0.686761],"palmPosition":[-1.9161,165.259,9.96786],"palmVelocity":[16.9844,-81.7466,53.6522],"palmWidth":89.917,"pinchStrength":1,"r":[[0.610076,-0.785333,-0.105164],[0.773072,0.560877,0.296272],[-0.173688,-0.262048,0.949296]],"s":1.49336,"sphereCenter":[-13.94,145.2,-33.3564],"sphereRadius":43.5177,"stabilizedPalmPosition":[-1.98658,165.65,9.699],"t":[-12.8187,8.1794,-109.672],"timeVisible":36.4429,"type":"right","wrist":[-14.6841,133.013,51.4378]}],"id":1414865,"interactionBox":{"center":[0,200,0],"size":[235.247,235.247,147.751]},"pointables":[{"bases":[[[0.798748,0.386855,0.460809],[-0.601662,0.510856,0.614027],[0.00213244,-0.767704,0.640801]],[[0.750893,0.623843,0.216749],[-0.649702,0.638886,0.411961],[0.118521,-0.450161,0.885047]],[[0.750893,0.623843,0.216749],[-0.623948,0.777687,-0.0767582],[-0.216448,-0.0776028,0.973205]],[[0.750893,0.623843,0.216749],[-0.0423242,0.372978,-0.926874],[-0.659067,0.686809,0.30647]]],"btipPosition":[-26.7851,150.535,-36.1519],"carpPosition":[-43.4741,141.599,47.3852],"dipPosition":[-42.0277,166.419,-29.064],"direction":[0.216448,0.0776028,-0.973205],"extended":false,"handId":409,"id":4090,"length":51.5018,"mcpPosition":[-43.4741,141.599,47.3852],"pipPosition":[-49.3206,163.805,3.72672],"stabilizedTipPosition":[-30.3457,154.478,-34.7077],"timeVisible":36.4429,"tipPosition":[-30.2796,155.115,-35.1391],"tipVelocity":[19.9924,-89.6347,53.7774],"tool":false,"touchDistance":-0.081647,"touchZone":"touching","type":0,"width":20.0112},{"bases":[[[0.86038,-0.486872,-0.15067],[0.477183,0.665724,0.573679],[-0.179004,-0.565479,0.805103]],[[0.852275,-0.509756,-0.117373],[0.52286,0.836888,0.161977],[0.0156591,-0.199419,0.979789]],[[0.852275,-0.509756,-0.117373],[0.507537,0.860158,-0.0503457],[0.126623,-0.0166627,0.991811]],[[0.852275,-0.509756,-0.117373],[0.483586,0.85336,-0.194736],[0.199429,0.109208,0.973808]]],"btipPosition":[-18.372,202.12,-87.519],"carpPosition":[-24.3295,153.988,52.743],"dipPosition":[-15.0048,203.964,-71.0771],"direction":[-0.126623,0.0166627,-0.991811],"extended":true,"handId":409,"id":4091,"length":58.114,"mcpPosition":[-11.3155,195.099,-5.78964],"pipPosition":[-11.9804,203.566,-47.3873],"stabilizedTipPosition":[-17.6096,202.76,-83.849],"timeVisible":36.4429,"tipPosition":[-16.5877,203.349,-83.6631],"tipVelocity":[14.6205,-113.32,45.197],"tool":false,"touchDistance":0.430562,"touchZone":"hovering","type":1,"width":19.1147},{"bases":[[[0.734247,-0.665102,-0.136088],[0.611725,0.561252,0.557484],[-0.294404,-0.49258,0.818957]],[[0.728417,-0.674503,-0.120228],[0.503268,0.645832,-0.574128],[0.464898,0.357698,0.80989]],[[0.728417,-0.674503,-0.120228],[-0.296907,-0.152619,-0.942631],[0.617458,0.722325,-0.311435]],[[0.728417,-0.674503,-0.120228],[-0.599444,-0.542449,-0.588571],[0.331775,0.500795,-0.799456]]],"btipPosition":[-38.4246,136.901,-20.0164],"carpPosition":[-13.066,149.576,51.4257],"dipPosition":[-32.2634,146.201,-34.8626],"direction":[-0.617458,-0.722325,0.311435],"extended":false,"handId":409,"id":4092,"length":66.2163,"mcpPosition":[7.23179,183.537,-5.03752],"pipPosition":[-14.9122,166.499,-43.6142],"stabilizedTipPosition":[-37.1513,139.494,-23.6328],"timeVisible":36.4429,"tipPosition":[-37.2033,138.665,-22.2891],"tipVelocity":[28.7489,-79.0729,26.3263],"tool":false,"touchDistance":0.333333,"touchZone":"none","type":2,"width":18.7732},{"bases":[[[0.634702,-0.770745,-0.0557245],[0.652924,0.496311,0.572159],[-0.413332,-0.399535,0.818247]],[[0.643785,-0.76162,-0.0740038],[0.592613,0.557424,-0.581454],[0.484098,0.330475,0.810207]],[[0.643785,-0.76162,-0.0740038],[-0.288122,-0.151673,-0.945506],[0.708892,0.630024,-0.317084]],[[0.643785,-0.76162,-0.0740038],[-0.642116,-0.485091,-0.593611],[0.416208,0.429677,-0.801342]]],"btipPosition":[-26.2922,127.4,-13.3337],"carpPosition":[-3.41287,142.44,49.6137],"dipPosition":[-18.6075,135.333,-28.1294],"direction":[-0.708892,-0.630024,0.317084],"extended":false,"handId":409,"id":4093,"length":63.6687,"mcpPosition":[22.1729,167.172,-1.03684],"pipPosition":[0.798685,152.58,-36.8097],"stabilizedTipPosition":[-24.7556,129.793,-16.8987],"timeVisible":36.4429,"tipPosition":[-24.7544,128.784,-15.4111],"tipVelocity":[30.7683,-75.3644,21.4324],"tool":false,"touchDistance":0.333333,"touchZone":"none","type":3,"width":17.8639},{"bases":[[[0.465933,-0.883145,-0.0544129],[0.704595,0.333129,0.626554],[-0.535212,-0.330271,0.777476]],[[0.498502,-0.860755,-0.102943],[0.659032,0.45344,-0.600058],[0.563181,0.231287,0.793305]],[[0.498502,-0.860755,-0.102943],[-0.341011,-0.0855335,-0.93616],[0.796999,0.501782,-0.336166]],[[0.498502,-0.860755,-0.102943],[-0.720262,-0.345171,-0.601731],[0.48241,0.37411,-0.792037]]],"btipPosition":[-10.7613,124.725,-6.40346],"carpPosition":[1.87078,129.952,45.8782],"dipPosition":[-2.54414,131.097,-19.8946],"direction":[-0.796999,-0.501782,0.336166],"extended":false,"handId":409,"id":4094,"length":49.9151,"mcpPosition":[32.5392,148.877,1.32774],"pipPosition":[12.8604,140.796,-26.3921],"stabilizedTipPosition":[-9.26131,127.29,-10.0981],"timeVisible":36.4429,"tipPosition":[-9.13199,125.909,-8.67605],"tipVelocity":[28.5801,-80.8781,43.3642],"tool":false,"touchDistance":0.333333,"touchZone":"none","type":4,"width":15.8681}],"r":[[0.610076,-0.785333,-0.105164],[0.773072,0.560877,0.296272],[-0.173688,-0.262048,0.949296]],"s":1.49336,"t":[-12.8187,8.1794,-109.672],"timestamp":88741291828},false],[1,{"currentFrameRate":54.5308,"devices":[],"gestures":[],"hands":[{"armBasis":[[0.806508,-0.583057,-0.0979213],[0.589765,0.805031,0.0640461],[0.0414872,-0.109404,0.993131]],"armWidth":62.9686,"confidence":0.769332,"direction":[0.390522,0.570246,-0.722711],"elbow":[-3.60661,102.443,317.033],"grabStrength":0.0951739,"id":409,"palmNormal":[-0.44219,-0.572364,-0.690556],"palmPosition":[-1.80663,164.059,10.7514],"palmVelocity":[11.8015,-74.5125,48.792],"palmWidth":89.917,"pinchStrength":1,"r":[[0.610969,-0.785332,-0.0998506],[0.771436,0.562288,0.297857],[-0.177772,-0.25901,0.949374]],"s":1.48761,"sphereCenter":[-13.6661,144.079,-32.7356],"sphereRadius":43.4963,"stabilizedPalmPosition":[-1.85438,164.481,10.4721],"t":[-12.6167,6.85927,-108.804],"timeVisible":36.461,"type":"right","wrist":[-14.676,131.633,52.0499]}],"id":1414866,"interactionBox":{"center":[0,200,0],"size":[235.247,235.247,147.751]},"pointables":[{"bases":[[[0.796622,0.386097,0.465105],[-0.604477,0.507649,0.613922],[0.000923742,-0.770209,0.637791]],[[0.74901,0.624617,0.220994],[-0.652035,0.635689,0.413218],[0.11762,-0.4536,0.88341]],[[0.74901,0.624617,0.220994],[-0.625281,0.776691,-0.0759898],[-0.219109,-0.0812661,0.97231]],[[0.74901,0.624617,0.220994],[-0.0394177,0.374964,-0.926201],[-0.661386,0.685022,0.305473]]],"btipPosition":[-26.5864,149.468,-35.4726],"carpPosition":[-43.4631,140.197,47.9305],"dipPosition":[-41.8826,165.311,-28.4077],"direction":[0.219109,0.0812661,-0.97231],"extended":false,"handId":409,"id":4090,"length":51.5018,"mcpPosition":[-43.4631,140.197,47.9305],"pipPosition":[-49.2652,162.572,4.35284],"stabilizedTipPosition":[-30.1544,153.394,-34.0256],"timeVisible":36.461,"tipPosition":[-30.0572,154.003,-34.4448],"tipVelocity":[15.4042,-75.4075,45.9782],"tool":false,"touchDistance":-0.0704132,"touchZone":"touching","type":0,"width":20.0112},{"bases":[[[0.861548,-0.485142,-0.149575],[0.474295,0.664097,0.577944],[-0.181053,-0.568869,0.802252]],[[0.853571,-0.507625,-0.117194],[0.520734,0.838175,0.162166],[0.0159097,-0.199447,0.979779]],[[0.853571,-0.507625,-0.117194],[0.505419,0.86142,-0.0500629],[0.126366,-0.0164999,0.991846]],[[0.853571,-0.507625,-0.117194],[0.481599,0.854623,-0.194118],[0.198696,0.109253,0.973953]]],"btipPosition":[-18.2395,200.965,-86.654],"carpPosition":[-24.3538,152.59,53.4036],"dipPosition":[-14.8847,202.81,-70.2097],"direction":[-0.126366,0.0164999,-0.991846],"extended":true,"handId":409,"id":4091,"length":58.114,"mcpPosition":[-11.1909,193.948,-4.92177],"pipPosition":[-11.8664,202.416,-46.5191],"stabilizedTipPosition":[-17.4965,201.666,-83.069],"timeVisible":36.461,"tipPosition":[-16.4591,202.229,-82.7913],"tipVelocity":[11.0912,-89.8919,46.5079],"tool":false,"touchDistance":0.433822,"touchZone":"hovering","type":1,"width":19.1147},{"bases":[[[0.735602,-0.663594,-0.136132],[0.609031,0.559867,0.561809],[-0.296598,-0.496177,0.815989]],[[0.729744,-0.673041,-0.120367],[0.507958,0.651524,-0.563467],[0.457659,0.350046,0.817323]],[[0.729744,-0.673041,-0.120367],[-0.288755,-0.143802,-0.946542],[0.619753,0.72549,-0.299283]],[[0.729744,-0.673041,-0.120367],[-0.595035,-0.53846,-0.596653],[0.336759,0.507027,-0.793421]]],"btipPosition":[-38.0996,135.931,-19.9367],"carpPosition":[-13.0799,148.199,52.1083],"dipPosition":[-31.8458,145.347,-34.6708],"direction":[-0.619753,-0.72549,0.299283],"extended":false,"handId":409,"id":4092,"length":66.2163,"mcpPosition":[7.3691,182.408,-4.15027],"pipPosition":[-14.4301,165.734,-43.081],"stabilizedTipPosition":[-36.8142,138.533,-23.4214],"timeVisible":36.461,"tipPosition":[-36.8676,137.696,-22.1317],"tipVelocity":[24.2118,-66.3431,16.6034],"tool":false,"touchDistance":0.333333,"touchZone":"none","type":2,"width":18.7732},{"bases":[[[0.635919,-0.769682,-0.0565299],[0.650265,0.494923,0.576373],[-0.415647,-0.403286,0.815229]],[[0.644884,-0.760651,-0.0743994],[0.595225,0.560915,-0.575397],[0.479408,0.32678,0.814483]],[[0.644884,-0.760651,-0.0743994],[-0.283302,-0.147498,-0.94762],[0.709834,0.632183,-0.310613]],[[0.644884,-0.760651,-0.0743994],[-0.639137,-0.483351,-0.598227],[0.41908,0.433338,-0.797866]]],"btipPosition":[-26.0189,126.311,-12.8886],"carpPosition":[-3.41105,141.082,50.3021],"dipPosition":[-18.2811,134.312,-27.6202],"direction":[-0.709834,-0.632183,0.310613],"extended":false,"handId":409,"id":4093,"length":63.6687,"mcpPosition":[22.318,166.046,-0.161652],"pipPosition":[1.15085,151.618,-36.1233],"stabilizedTipPosition":[-24.4339,128.77,-16.5113],"timeVisible":36.461,"tipPosition":[-24.4723,127.71,-14.9886],"tipVelocity":[23.6726,-67.8215,23.3522],"tool":false,"touchDistance":0.333333,"touchZone":"none","type":3,"width":17.8639},{"bases":[[[0.467296,-0.88231,-0.0562474],[0.701964,0.331598,0.630308],[-0.537476,-0.334024,0.774304]],[[0.50099,-0.858928,-0.106073],[0.664686,0.460363,-0.588437],[0.554257,0.224296,0.801555]],[[0.50099,-0.858928,-0.106073],[-0.332006,-0.0775549,-0.940084],[0.799237,0.50619,-0.324024]],[[0.50099,-0.858928,-0.106073],[-0.715743,-0.3423,-0.608722],[0.486539,0.380885,-0.786261]]],"btipPosition":[-10.4019,123.648,-6.18515],"carpPosition":[1.90221,128.617,46.5361],"dipPosition":[-2.11443,130.135,-19.578],"direction":[-0.799237,-0.50619,0.324024],"extended":false,"handId":409,"id":4094,"length":49.9151,"mcpPosition":[32.7003,147.757,2.16737],"pipPosition":[13.3333,139.919,-25.8407],"stabilizedTipPosition":[-8.88237,126.226,-9.68592],"timeVisible":36.461,"tipPosition":[-8.7845,124.855,-8.37634],"tipVelocity":[24.891,-70.1189,29.1172],"tool":false,"touchDistance":0.333333,"touchZone":"none","type":4,"width":15.8681}],"r":[[0.610969,-0.785332,-0.0998506],[0.771436,0.562288,0.297857],[-0.177772,-0.25901,0.949374]],"s":1.48761,"t":[-12.6167,6.85927,-108.804],"timestamp":88741309876},false],[2,{"currentFrameRate":54.5819,"devices":[],"gestures":[],"hands":[{"armBasis":[[0.80624,-0.583495,-0.0975238],[0.590249,0.804497,0.0662651],[0.0397922,-0.110989,0.993025]],"armWidth":62.9686,"confidence":0.771403,"direction":[0.390923,0.570414,-0.722363],"elbow":[-3.89961,101.16,317.436],"grabStrength":0.103258,"id":409,"palmNormal":[-0.442519,-0.571683,-0.690909],"palmPosition":[-1.62457,163.215,11.2018],"palmVelocity":[10.96,-61.1811,37.3759],"palmWidth":89.917,"pinchStrength":1,"r":[[0.611569,-0.785384,-0.0956812],[0.77019,0.563288,0.299188],[-0.181082,-0.256667,0.949385]],"s":1.48217,"sphereCenter":[-13.5069,143.202,-32.3395],"sphereRadius":43.47,"stabilizedPalmPosition":[-1.68838,163.566,10.9992],"t":[-12.4247,5.77713,-108.145],"timeVisible":36.4791,"type":"right","wrist":[-14.5168,130.774,52.481]}],"id":1414867,"interactionBox":{"center":[0,200,0],"size":[235.247,235.247,147.751]},"pointables":[{"bases":[[[0.796844,0.385321,0.465368],[-0.604184,0.507681,0.614184],[0.000399432,-0.770577,0.637347]],[[0.748963,0.624959,0.220183],[-0.651874,0.635376,0.413954],[0.118806,-0.453568,0.883267]],[[0.748963,0.624959,0.220183],[-0.625524,0.776477,-0.0761711],[-0.218571,-0.0806803,0.97248]],[[0.748963,0.624959,0.220183],[-0.0382544,0.372524,-0.927234],[-0.661506,0.686041,0.302914]]],"btipPosition":[-26.4953,148.584,-34.9775],"carpPosition":[-43.2982,139.358,48.3651],"dipPosition":[-41.7943,164.45,-27.9719],"direction":[0.218571,0.0806803,-0.97248],"extended":false,"handId":409,"id":4090,"length":51.5018,"mcpPosition":[-43.2982,139.358,48.3651],"pipPosition":[-49.1587,161.732,4.79443],"stabilizedTipPosition":[-30.0456,152.494,-33.5146],"timeVisible":36.4791,"tipPosition":[-29.9352,153.109,-33.9467],"tipVelocity":[10.4409,-62.551,36.7157],"tool":false,"touchDistance":-0.0623894,"touchZone":"touching","type":0,"width":20.0112},{"bases":[[[0.861246,-0.485606,-0.149811],[0.474689,0.663461,0.578351],[-0.181457,-0.569216,0.801914]],[[0.853484,-0.507511,-0.118311],[0.520769,0.838953,0.157978],[0.0190819,-0.196445,0.980329]],[[0.853484,-0.507511,-0.118311],[0.50483,0.861536,-0.0538795],[0.129274,-0.0137418,0.991514]],[[0.853484,-0.507511,-0.118311],[0.480698,0.854395,-0.19733],[0.201232,0.111546,0.973172]]],"btipPosition":[-18.2845,199.904,-86.189],"carpPosition":[-24.1812,151.736,53.8463],"dipPosition":[-14.8868,201.787,-69.7578],"direction":[-0.129274,0.0137418,-0.991514],"extended":true,"handId":409,"id":4091,"length":58.114,"mcpPosition":[-10.989,193.119,-4.45454],"pipPosition":[-11.7991,201.459,-46.0752],"stabilizedTipPosition":[-17.5012,200.704,-82.5916],"timeVisible":36.4791,"tipPosition":[-16.4929,201.2,-82.3297],"tipVelocity":[4.88408,-74.6989,36.4825],"tool":false,"touchDistance":0.430703,"touchZone":"hovering","type":1,"width":19.1147},{"bases":[[[0.735186,-0.663985,-0.136477],[0.60936,0.559154,0.562163],[-0.296957,-0.496458,0.815688]],[[0.729396,-0.673322,-0.120914],[0.511405,0.654083,-0.557351],[0.454365,0.344693,0.821425]],[[0.729396,-0.673322,-0.120914],[-0.284799,-0.138172,-0.948577],[0.62199,0.726324,-0.292543]],[[0.729396,-0.673322,-0.120914],[-0.59395,-0.535617,-0.600282],[0.339419,0.50966,-0.790596]]],"btipPosition":[-37.8604,135.273,-19.9124],"carpPosition":[-12.9101,147.338,52.549],"dipPosition":[-31.5572,144.737,-34.5941],"direction":[-0.62199,-0.726324,0.292543],"extended":false,"handId":409,"id":4092,"length":66.2163,"mcpPosition":[7.56363,181.566,-3.68875],"pipPosition":[-14.0787,165.148,-42.8149],"stabilizedTipPosition":[-36.5514,137.827,-23.3353],"timeVisible":36.4791,"tipPosition":[-36.6245,137.034,-22.066],"tipVelocity":[19.2563,-51.741,9.64691],"tool":false,"touchDistance":0.333333,"touchZone":"none","type":2,"width":18.7732},{"bases":[[[0.635431,-0.770055,-0.0569414],[0.650551,0.494176,0.576692],[-0.415946,-0.403491,0.814975]],[[0.64423,-0.761199,-0.074456],[0.598509,0.562349,-0.570571],[0.476188,0.323016,0.817866]],[[0.64423,-0.761199,-0.074456],[-0.27954,-0.143728,-0.949315],[0.711917,0.63239,-0.305379]],[[0.64423,-0.761199,-0.074456],[-0.638099,-0.481257,-0.601017],[0.421662,0.434703,-0.79576]]],"btipPosition":[-25.7975,125.593,-12.7673],"carpPosition":[-3.24569,140.216,50.7392],"dipPosition":[-18.0121,133.619,-27.46],"direction":[-0.711917,-0.63239,0.305379],"extended":false,"handId":409,"id":4093,"length":63.6687,"mcpPosition":[22.5019,165.193,0.29119],"pipPosition":[1.47689,150.931,-35.8198],"stabilizedTipPosition":[-24.1843,127.992,-16.2981],"timeVisible":36.4791,"tipPosition":[-24.2453,126.997,-14.8502],"tipVelocity":[18.4957,-54.2116,15.6474],"tool":false,"touchDistance":0.333333,"touchZone":"none","type":3,"width":17.8639},{"bases":[[[0.466736,-0.882575,-0.0567324],[0.702144,0.330786,0.630535],[-0.537729,-0.334128,0.774084]],[[0.501168,-0.85863,-0.107637],[0.668346,0.463077,-0.582128],[0.549677,0.219805,0.805941]],[[0.501168,-0.85863,-0.107637],[-0.327523,-0.07308,-0.942013],[0.800974,0.50736,-0.317847]],[[0.501168,-0.85863,-0.107637],[-0.714396,-0.340336,-0.6114],[0.488334,0.383309,-0.783967]]],"btipPosition":[-10.1339,122.879,-6.05406],"carpPosition":[2.05981,127.749,46.9663],"dipPosition":[-1.81586,129.409,-19.4078],"direction":[-0.800974,-0.50736,0.317847],"extended":false,"handId":409,"id":4094,"length":49.9151,"mcpPosition":[32.8724,146.895,2.6102],"pipPosition":[13.6655,139.215,-25.5512],"stabilizedTipPosition":[-8.56361,125.337,-9.41587],"timeVisible":36.4791,"tipPosition":[-8.52596,124.097,-8.20249],"tipVelocity":[20.2549,-56.6372,18.9235],"tool":false,"touchDistance":0.333333,"touchZone":"none","type":4,"width":15.8681}],"r":[[0.611569,-0.785384,-0.0956812],[0.77019,0.563288,0.299188],[-0.181082,-0.256667,0.949385]],"s":1.48217,"t":[-12.4247,5.77713,-108.145],"timestamp":88741328018},false],[3,{"currentFrameRate":54.6448,"devices":[],"gestures":[],"hands":[{"armBasis":[[0.804954,-0.585244,-0.0976636],[0.592009,0.803204,0.0662402],[0.0396771,-0.111138,0.993013]],"armWidth":62.9686,"confidence":0.773321,"direction":[0.39088,0.56812,-0.724191],"elbow":[-3.7887,100.487,317.862],"grabStrength":0.111699,"id":409,"palmNormal":[-0.444901,-0.572156,-0.688985],"palmPosition":[-1.4857,162.471,11.5436],"palmVelocity":[9.40168,-51.6634,28.5958],"palmWidth":89.917,"pinchStrength":1,"r":[[0.611676,-0.785713,-0.0922331],[0.769529,0.563889,0.299756],[-0.183513,-0.254329,0.949547]],"s":1.47736,"sphereCenter":[-13.4966,142.347,-31.9443],"sphereRadius":43.4339,"stabilizedPalmPosition":[-1.5416,162.773,11.3935],"t":[-12.2592,4.86402,-107.644],"timeVisible":36.4972,"type":"right","wrist":[-14.3752,130.141,52.9107]}],"id":1414868,"interactionBox":{"center":[0,200,0],"size":[235.247,235.247,147.751]},"pointables":[{"bases":[[[0.798448,0.384591,0.463219],[-0.602064,0.510198,0.61418],[-0.000125056,-0.769278,0.638914]],[[0.750204,0.624795,0.21639],[-0.65007,0.637141,0.414079],[0.120844,-0.451312,0.884146]],[[0.750204,0.624795,0.21639],[-0.624757,0.776971,-0.0774198],[-0.2165,-0.0771102,0.973233]],[[0.750204,0.624795,0.21639],[-0.0384075,0.36789,-0.929076],[-0.66009,0.688686,0.299989]]],"btipPosition":[-26.5457,147.71,-34.5171],"carpPosition":[-43.1455,138.777,48.8265],"dipPosition":[-41.812,163.638,-27.5791],"direction":[0.2165,0.0771102,-0.973233],"extended":false,"handId":409,"id":4090,"length":51.5018,"mcpPosition":[-43.1455,138.777,48.8265],"pipPosition":[-49.1066,161.04,5.21255],"stabilizedTipPosition":[-30.0542,151.639,-33.0619],"timeVisible":36.4972,"tipPosition":[-29.9495,152.236,-33.4857],"tipVelocity":[4.3516,-55.4156,30.9599],"tool":false,"touchDistance":-0.054975,"touchZone":"touching","type":0,"width":20.0112},{"bases":[[[0.859967,-0.487718,-0.150293],[0.47707,0.663637,0.576186],[-0.181276,-0.567201,0.803382]],[[0.85245,-0.508937,-0.11963],[0.522264,0.839404,0.150469],[0.0238387,-0.190746,0.98135]],[[0.85245,-0.508937,-0.11963],[0.505235,0.860768,-0.0617677],[0.13441,-0.00778741,0.990895]],[[0.85245,-0.508937,-0.11963],[0.480367,0.852779,-0.204977],[0.206339,0.117267,0.971428]]],"btipPosition":[-18.5205,198.667,-85.8912],"carpPosition":[-23.9933,151.126,54.2498],"dipPosition":[-15.0366,200.647,-69.4895],"direction":[-0.13441,0.00778741,-0.990895],"extended":true,"handId":409,"id":4091,"length":58.114,"mcpPosition":[-10.8141,192.362,-4.15766],"pipPosition":[-11.8262,200.461,-45.8216],"stabilizedTipPosition":[-17.6486,199.634,-82.272],"timeVisible":36.4972,"tipPosition":[-16.7015,200.016,-82.0449],"tipVelocity":[-3.12038,-71.1337,26.7926],"tool":false,"touchDistance":0.425331,"touchZone":"hovering","type":1,"width":19.1147},{"bases":[[[0.733556,-0.665805,-0.13638],[0.611494,0.559014,0.55998],[-0.296599,-0.494172,0.817204]],[[0.727842,-0.674991,-0.120971],[0.512909,0.652948,-0.5573],[0.45516,0.343579,0.821451]],[[0.727842,-0.674991,-0.120971],[-0.285276,-0.137622,-0.948513],[0.623589,0.724878,-0.292726]],[[0.727842,-0.674991,-0.120971],[-0.595619,-0.534847,-0.599314],[0.33983,0.508259,-0.791321]]],"btipPosition":[-37.799,134.599,-19.6064],"carpPosition":[-12.7336,146.702,52.9423],"dipPosition":[-31.4883,144.037,-34.3015],"direction":[-0.623589,-0.724878,0.292726],"extended":false,"handId":409,"id":4092,"length":66.2163,"mcpPosition":[7.71546,180.772,-3.40005],"pipPosition":[-13.9647,164.407,-42.5274],"stabilizedTipPosition":[-36.4298,137.196,-23.127],"timeVisible":36.4972,"tipPosition":[-36.5601,136.361,-21.7829],"tipVelocity":[11.7631,-45.0262,13.0258],"tool":false,"touchDistance":0.333333,"touchZone":"none","type":2,"width":18.7732},{"bases":[[[0.633715,-0.771503,-0.0564586],[0.652574,0.493979,0.574571],[-0.415394,-0.400958,0.816505]],[[0.642464,-0.762741,-0.0739286],[0.598816,0.559893,-0.572659],[0.478183,0.323643,0.816453]],[[0.642464,-0.762741,-0.0739286],[-0.281392,-0.14508,-0.948562],[0.712782,0.63022,-0.307838]],[[0.642464,-0.762741,-0.0739286],[-0.640135,-0.48114,-0.598942],[0.421268,0.432123,-0.797373]]],"btipPosition":[-25.7777,124.855,-12.3113],"carpPosition":[-3.0873,139.556,51.1304],"dipPosition":[-17.9996,132.834,-27.0338],"direction":[-0.712782,-0.63022,0.307838],"extended":false,"handId":409,"id":4093,"length":63.6687,"mcpPosition":[22.6261,164.376,0.587698],"pipPosition":[1.51306,150.086,-35.4609],"stabilizedTipPosition":[-24.0822,127.313,-15.9846],"timeVisible":36.4972,"tipPosition":[-24.2223,126.257,-14.4201],"tipVelocity":[10.1809,-48.1246,20.0168],"tool":false,"touchDistance":0.333333,"touchZone":"none","type":3,"width":17.8639},{"bases":[[[0.464785,-0.883668,-0.0557319],[0.703916,0.330591,0.628659],[-0.537101,-0.331422,0.775682]],[[0.499913,-0.859333,-0.107863],[0.671766,0.463343,-0.577965],[0.546641,0.216474,0.808902]],[[0.499913,-0.859333,-0.107863],[-0.324327,-0.0702697,-0.943331],[0.803056,0.506567,-0.313833]],[[0.499913,-0.859333,-0.107863],[-0.714298,-0.338667,-0.61244],[0.48976,0.383213,-0.783124]]],"btipPosition":[-10.0026,122.179,-5.9334],"carpPosition":[2.18556,127.07,47.3739],"dipPosition":[-1.66025,128.706,-19.2728],"direction":[-0.803056,-0.506567,0.313833],"extended":false,"handId":409,"id":4094,"length":49.9151,"mcpPosition":[32.9622,146.061,2.92625],"pipPosition":[13.8613,138.497,-25.3386],"stabilizedTipPosition":[-8.33965,124.564,-9.22242],"timeVisible":36.4972,"tipPosition":[-8.40154,123.4,-8.03935],"tipVelocity":[14.2274,-48.146,13.1885],"tool":false,"touchDistance":0.333333,"touchZone":"none","type":4,"width":15.8681}],"r":[[0.611676,-0.785713,-0.0922331],[0.769529,0.563889,0.299756],[-0.183513,-0.254329,0.949547]],"s":1.47736,"t":[-12.2592,4.86402,-107.644],"timestamp":88741346098},false],[4,{"currentFrameRate":54.707,"devices":[],"gestures":[],"hands":[{"armBasis":[[0.804005,-0.586629,-0.0971649],[0.593408,0.802017,0.0680933],[0.0379824,-0.112406,0.992936]],"armWidth":62.9686,"confidence":0.776626,"direction":[0.391107,0.566765,-0.725129],"elbow":[-4.12009,99.5419,318.149],"grabStrength":0.117696,"id":409,"palmNormal":[-0.446598,-0.572036,-0.687986],"palmPosition":[-1.35209,161.802,11.8065],"palmVelocity":[8.44965,-44.7023,21.9282],"palmWidth":89.917,"pinchStrength":1,"r":[[0.611466,-0.786198,-0.0894523],[0.769256,0.564163,0.299942],[-0.185348,-0.252216,0.949754]],"s":1.47315,"sphereCenter":[-13.4481,141.633,-31.661],"sphereRadius":43.4091,"stabilizedPalmPosition":[-1.40103,162.053,11.6999],"t":[-12.1097,4.07326,-107.263],"timeVisible":36.5153,"type":"right","wrist":[-14.2544,129.534,53.2174]}],"id":1414869,"interactionBox":{"center":[0,200,0],"size":[235.247,235.247,147.751]},"pointables":[{"bases":[[[0.799587,0.383651,0.462031],[-0.60055,0.511811,0.614321],[-0.000787656,-0.768675,0.639638]],[[0.750984,0.624821,0.213591],[-0.648885,0.63837,0.414044],[0.122353,-0.449537,0.884843]],[[0.750984,0.624821,0.213591],[-0.624275,0.777231,-0.0786995],[-0.215183,-0.0742374,0.973748]],[[0.750984,0.624821,0.213591],[-0.0380691,0.363897,-0.930661],[-0.659222,0.690781,0.297067]]],"btipPosition":[-26.5531,146.916,-34.173],"carpPosition":[-43.014,138.215,49.1548],"dipPosition":[-41.7993,162.892,-27.3026],"direction":[0.215183,0.0742374,-0.973748],"extended":false,"handId":409,"id":4090,"length":51.5018,"mcpPosition":[-43.014,138.215,49.1548],"pipPosition":[-49.0496,160.391,5.50644],"stabilizedTipPosition":[-30.0584,150.834,-32.7016],"timeVisible":36.5153,"tipPosition":[-29.9296,151.452,-33.1358],"tipVelocity":[2.21151,-49.6924,24.8953],"tool":false,"touchDistance":-0.0494991,"touchZone":"touching","type":0,"width":20.0112},{"bases":[[[0.85897,-0.489339,-0.150722],[0.478807,0.663356,0.575067],[-0.181421,-0.566132,0.804102]],[[0.851618,-0.510083,-0.120672],[0.523466,0.839505,0.145649],[0.0270113,-0.187205,0.981949]],[[0.851618,-0.510083,-0.120672],[0.50578,0.860113,-0.0662808],[0.1376,-0.00458729,0.990477]],[[0.851618,-0.510083,-0.120672],[0.480532,0.851716,-0.208971],[0.209371,0.119977,0.970448]]],"btipPosition":[-18.6138,197.727,-85.6457],"carpPosition":[-23.835,150.536,54.5466],"dipPosition":[-15.0787,199.753,-69.2606],"direction":[-0.1376,0.00458729,-0.990477],"extended":true,"handId":409,"id":4091,"length":58.114,"mcpPosition":[-10.6453,191.695,-3.91324],"pipPosition":[-11.7921,199.643,-45.6026],"stabilizedTipPosition":[-17.7455,198.716,-82.0204],"timeVisible":36.5153,"tipPosition":[-16.7935,199.088,-81.8076],"tipVelocity":[-3.78152,-61.7824,20.4232],"tool":false,"touchDistance":0.419757,"touchZone":"hovering","type":1,"width":19.1147},{"bases":[[[0.732267,-0.667195,-0.136511],[0.613034,0.558487,0.558821],[-0.296603,-0.492892,0.817975]],[[0.726567,-0.676336,-0.121122],[0.515399,0.653049,-0.55488],[0.454384,0.340731,0.823066]],[[0.726567,-0.676336,-0.121122],[-0.284036,-0.135135,-0.949243],[0.625639,0.724091,-0.290289]],[[0.726567,-0.676336,-0.121122],[-0.596361,-0.533191,-0.600051],[0.341254,0.50821,-0.790739]]],"btipPosition":[-37.6965,134.059,-19.5264],"carpPosition":[-12.5843,146.091,53.2317],"dipPosition":[-31.3592,143.497,-34.2107],"direction":[-0.625639,-0.724091,0.290289],"extended":false,"handId":409,"id":4092,"length":66.2163,"mcpPosition":[7.86507,180.074,-3.16386],"pipPosition":[-13.7781,163.844,-42.3681],"stabilizedTipPosition":[-36.3244,136.663,-23.0038],"timeVisible":36.5153,"tipPosition":[-36.4541,135.817,-21.698],"tipVelocity":[9.03327,-37.8374,9.00825],"tool":false,"touchDistance":0.333333,"touchZone":"none","type":2,"width":18.7732},{"bases":[[[0.632328,-0.772646,-0.0563865],[0.654017,0.493395,0.573431],[-0.415238,-0.399474,0.817311]],[[0.641006,-0.763986,-0.0737365],[0.600273,0.558866,-0.572137],[0.478313,0.322482,0.816836]],[[0.641006,-0.763986,-0.0737365],[-0.281297,-0.144453,-0.948686],[0.714131,0.628856,-0.307502]],[[0.641006,-0.763986,-0.0737365],[-0.641179,-0.480195,-0.598584],[0.421902,0.430974,-0.797659]]],"btipPosition":[-25.7066,124.245,-12.0959],"carpPosition":[-2.95215,138.928,51.4166],"dipPosition":[-17.9168,132.202,-26.8237],"direction":[-0.714131,-0.628856,0.307502],"extended":false,"handId":409,"id":4093,"length":63.6687,"mcpPosition":[22.7516,163.656,0.823924],"pipPosition":[1.6328,149.417,-35.2416],"stabilizedTipPosition":[-24.0035,126.73,-15.7487],"timeVisible":36.5153,"tipPosition":[-24.1476,125.649,-14.2256],"tipVelocity":[7.28594,-41.4465,16.142],"tool":false,"touchDistance":0.333333,"touchZone":"none","type":3,"width":17.8639},{"bases":[[[0.463206,-0.884519,-0.0553797],[0.705134,0.32997,0.627619],[-0.536868,-0.329767,0.776548]],[[0.498637,-0.86005,-0.108052],[0.672486,0.462486,-0.577814],[0.546921,0.215456,0.808984]],[[0.498637,-0.86005,-0.108052],[-0.324743,-0.0697769,-0.943225],[0.803681,0.505416,-0.314089]],[[0.498637,-0.86005,-0.108052],[-0.715332,-0.337887,-0.611664],[0.489552,0.382292,-0.783704]]],"btipPosition":[-9.92453,121.517,-5.67867],"carpPosition":[2.29532,126.429,47.6663],"dipPosition":[-1.58573,128.028,-19.0279],"direction":[-0.803681,-0.505416,0.314089],"extended":false,"handId":409,"id":4094,"length":49.9151,"mcpPosition":[33.0586,145.326,3.16904],"pipPosition":[13.9479,137.797,-25.0987],"stabilizedTipPosition":[-8.19276,123.88,-9.01362],"timeVisible":36.5153,"tipPosition":[-8.32283,122.743,-7.80478],"tipVelocity":[9.50147,-42.7901,13.5631],"tool":false,"touchDistance":0.333333,"touchZone":"none","type":4,"width":15.8681}],"r":[[0.611466,-0.786198,-0.0894523],[0.769256,0.564163,0.299942],[-0.185348,-0.252216,0.949754]],"s":1.47315,"t":[-12.1097,4.07326,-107.263],"timestamp":88741364160},false],[5,{"currentFrameRate":54.7743,"devices":[],"gestures":[],"hands":[{"armBasis":[[0.803198,-0.587675,-0.0975224],[0.594555,0.80102,0.0697937],[0.0371013,-0.114041,0.992783]],"armWidth":62.9686,"confidence":0.779428,"direction":[0.391241,0.566019,-0.72564],"elbow":[-4.23718,98.5271,318.368],"grabStrength":0.123215,"id":409,"palmNormal":[-0.448031,-0.571594,-0.687422],"palmPosition":[-1.22663,161.194,12.0461],"palmVelocity":[7.74397,-39.5018,17.834],"palmWidth":89.917,"pinchStrength":1,"r":[[0.611058,-0.786758,-0.0872963],[0.769251,0.564182,0.299919],[-0.186713,-0.250421,0.949962]],"s":1.46933,"sphereCenter":[-13.3842,141.001,-31.4133],"sphereRadius":43.3811,"stabilizedPalmPosition":[-1.26773,161.397,11.9645],"t":[-11.9722,3.37389,-106.952],"timeVisible":36.5333,"type":"right","wrist":[-14.1364,128.955,53.4775]}],"id":1414870,"interactionBox":{"center":[0,200,0],"size":[235.247,235.247,147.751]},"pointables":[{"bases":[[[0.800548,0.382651,0.461196],[-0.599267,0.512821,0.614731],[-0.0012835,-0.768501,0.639848]],[[0.751406,0.625217,0.210936],[-0.648048,0.639085,0.414252],[0.124191,-0.447968,0.885382]],[[0.751406,0.625217,0.210936],[-0.624219,0.777155,-0.0798757],[-0.21387,-0.0716511,0.974231]],[[0.751406,0.625217,0.210936],[-0.0371951,0.359303,-0.93248],[-0.658791,0.692825,0.293237]]],"btipPosition":[-26.5714,146.165,-33.8432],"carpPosition":[-42.8875,137.676,49.4389],"dipPosition":[-41.8077,162.188,-27.0614],"direction":[0.21387,0.0716511,-0.974231],"extended":false,"handId":409,"id":4090,"length":51.5018,"mcpPosition":[-42.8875,137.676,49.4389],"pipPosition":[-49.0137,159.774,5.7639],"stabilizedTipPosition":[-30.072,150.067,-32.3755],"timeVisible":36.5333,"tipPosition":[-29.92,150.72,-32.8067],"tipVelocity":[0.739785,-45.6043,21.231],"tool":false,"touchDistance":-0.0443425,"touchZone":"touching","type":0,"width":20.0112},{"bases":[[[0.858143,-0.490588,-0.151375],[0.480266,0.662837,0.574449],[-0.181481,-0.56566,0.804422]],[[0.850901,-0.511027,-0.121736],[0.524482,0.839544,0.141719],[0.0297804,-0.184437,0.982393]],[[0.850901,-0.511027,-0.121736],[0.506242,0.859562,-0.0698043],[0.140311,-0.00223103,0.990105]],[[0.850901,-0.511027,-0.121736],[0.48069,0.850884,-0.211974],[0.211907,0.121851,0.969664]]],"btipPosition":[-18.6858,196.922,-85.4025],"carpPosition":[-23.6862,149.971,54.8098],"dipPosition":[-15.1079,198.98,-69.0305],"direction":[-0.140311,0.00223103,-0.990105],"extended":true,"handId":409,"id":4091,"length":58.114,"mcpPosition":[-10.4922,191.096,-3.67327],"pipPosition":[-11.7565,198.926,-45.3815],"stabilizedTipPosition":[-17.8158,197.926,-81.7909],"timeVisible":36.5333,"tipPosition":[-16.8698,198.294,-81.5701],"tipVelocity":[-3.62408,-53.4657,17.0596],"tool":false,"touchDistance":0.414718,"touchZone":"hovering","type":1,"width":19.1147},{"bases":[[[0.731203,-0.668261,-0.136999],[0.61433,0.557775,0.558109],[-0.296548,-0.492254,0.81838]],[[0.725481,-0.677425,-0.121542],[0.516345,0.652489,-0.554658],[0.455044,0.339636,0.823154]],[[0.725481,-0.677425,-0.121542],[-0.284403,-0.134265,-0.949257],[0.626732,0.723234,-0.290068]],[[0.725481,-0.677425,-0.121542],[-0.597421,-0.532168,-0.599905],[0.34171,0.507831,-0.790785]]],"btipPosition":[-37.6296,133.517,-19.3097],"carpPosition":[-12.443,145.51,53.4858],"dipPosition":[-31.2839,142.948,-33.9949],"direction":[-0.626732,-0.723234,0.290068],"extended":false,"handId":409,"id":4092,"length":66.2163,"mcpPosition":[8.00252,179.449,-2.93766],"pipPosition":[-13.6721,163.271,-42.1461],"stabilizedTipPosition":[-36.2473,136.174,-22.8455],"timeVisible":36.5333,"tipPosition":[-36.38,135.282,-21.5067],"tipVelocity":[6.55966,-34.1914,10.4322],"tool":false,"touchDistance":0.333333,"touchZone":"none","type":2,"width":18.7732},{"bases":[[[0.631189,-0.77355,-0.0567549],[0.655235,0.492629,0.572698],[-0.415052,-0.398669,0.817799]],[[0.639874,-0.764896,-0.0741359],[0.602954,0.559519,-0.56867],[0.476453,0.319176,0.819218]],[[0.639874,-0.764896,-0.0741359],[-0.279054,-0.141384,-0.94981],[0.716024,0.628447,-0.303915]],[[0.639874,-0.764896,-0.0741359],[-0.641241,-0.478272,-0.600055],[0.423522,0.431499,-0.796516]]],"btipPosition":[-25.5882,123.747,-12.1034],"carpPosition":[-2.82263,138.333,51.6638],"dipPosition":[-17.7685,131.714,-26.81],"direction":[-0.716024,-0.628447,0.303915],"extended":false,"handId":409,"id":4093,"length":63.6687,"mcpPosition":[22.8696,163.011,1.04097],"pipPosition":[1.83292,148.918,-35.1297],"stabilizedTipPosition":[-23.9088,126.221,-15.6323],"timeVisible":36.5333,"tipPosition":[-24.0297,125.156,-14.2219],"tipVelocity":[7.12677,-34.8215,8.42048],"tool":false,"touchDistance":0.333333,"touchZone":"none","type":3,"width":17.8639},{"bases":[[[0.461911,-0.885184,-0.0555631],[0.706171,0.329147,0.626885],[-0.53662,-0.328802,0.777128]],[[0.497661,-0.860523,-0.108784],[0.673724,0.462493,-0.576365],[0.546287,0.213544,0.809919]],[[0.497661,-0.860523,-0.108784],[-0.324079,-0.0681398,-0.943573],[0.804553,0.504834,-0.312788]],[[0.497661,-0.860523,-0.108784],[-0.71577,-0.336598,-0.611862],[0.489905,0.382364,-0.783448]]],"btipPosition":[-9.8309,120.935,-5.52824],"carpPosition":[2.40383,125.826,47.9122],"dipPosition":[-1.48609,127.448,-18.8731],"direction":[-0.804553,-0.504834,0.312788],"extended":false,"handId":409,"id":4094,"length":49.9151,"mcpPosition":[33.1529,144.667,3.38164],"pipPosition":[14.0644,137.205,-24.9187],"stabilizedTipPosition":[-8.0759,123.279,-8.84069],"timeVisible":36.5333,"tipPosition":[-8.22786,122.167,-7.65809],"tipVelocity":[7.49585,-37.8018,11.1162],"tool":false,"touchDistance":0.333333,"touchZone":"none","type":4,"width":15.8681}],"r":[[0.611058,-0.786758,-0.0872963],[0.769251,0.564182,0.299919],[-0.186713,-0.250421,0.949962]],"s":1.46933,"t":[-11.9722,3.37389,-106.952],"timestamp":88741382182},false],[6,{"currentFrameRate":54.7944,"devices":[],"gestures":[],"hands":[{"armBasis":[[0.801648,-0.589877,-0.0969861],[0.596794,0.799093,0.0727144],[0.0346084,-0.116172,0.992626]],"armWidth":62.9686,"confidence":0.794571,"direction":[0.391632,0.565589,-0.725764],"elbow":[-4.79688,97.2776,318.712],"grabStrength":0.129587,"id":409,"palmNormal":[-0.450678,-0.569764,-0.68721],"palmPosition":[-1.09899,160.515,12.4395],"palmVelocity":[7.3991,-38.4907,19.6504],"palmWidth":89.917,"pinchStrength":1,"r":[[0.610272,-0.78752,-0.0859033],[0.769649,0.563726,0.299756],[-0.187638,-0.249048,0.950141]],"s":1.46583,"sphereCenter":[-13.3592,140.338,-31.0302],"sphereRadius":43.3596,"stabilizedPalmPosition":[-1.13748,160.716,12.3312],"t":[-11.8396,2.6844,-106.6],"timeVisible":36.5515,"type":"right","wrist":[-14.0309,128.274,53.8631]}],"id":1414871,"interactionBox":{"center":[0,200,0],"size":[235.247,235.247,147.751]},"pointables":[{"bases":[[[0.802319,0.38006,0.460259],[-0.59689,0.513911,0.616131],[-0.00236522,-0.769058,0.639175]],[[0.752888,0.624159,0.20877],[-0.646002,0.640167,0.415773],[0.125861,-0.447896,0.885183]],[[0.752888,0.624159,0.20877],[-0.623207,0.778081,-0.078757],[-0.211597,-0.0708114,0.974788]],[[0.752888,0.624159,0.20877],[-0.037983,0.357885,-0.932993],[-0.657052,0.694509,0.293155]]],"btipPosition":[-26.6476,145.495,-33.4114],"carpPosition":[-42.7645,137.077,49.8778],"dipPosition":[-41.8436,161.557,-26.6314],"direction":[0.211597,0.0708114,-0.974788],"extended":false,"handId":409,"id":4090,"length":51.5018,"mcpPosition":[-42.7645,137.077,49.8778],"pipPosition":[-48.9731,159.172,6.21264],"stabilizedTipPosition":[-30.1267,149.388,-31.9705],"timeVisible":36.5515,"tipPosition":[-29.9578,150.049,-32.3461],"tipVelocity":[-1.36936,-41.186,22.4234],"tool":false,"touchDistance":-0.0371523,"touchZone":"touching","type":0,"width":20.0112},{"bases":[[[0.856561,-0.492792,-0.153167],[0.482982,0.661019,0.574267],[-0.181747,-0.565871,0.804212]],[[0.849367,-0.51309,-0.123753],[0.526767,0.838752,0.137881],[0.0330524,-0.182301,0.982687]],[[0.849367,-0.51309,-0.123753],[0.507793,0.858335,-0.0735385],[0.143953,-0.000379567,0.989584]],[[0.849367,-0.51309,-0.123753],[0.481757,0.849435,-0.215338],[0.215608,0.123282,0.968667]]],"btipPosition":[-18.7898,196.123,-84.9513],"carpPosition":[-23.5213,149.315,55.229],"dipPosition":[-15.1495,198.204,-68.5962],"direction":[-0.143953,0.000379567,-0.989584],"extended":true,"handId":409,"id":4091,"length":58.114,"mcpPosition":[-10.3079,190.455,-3.23887],"pipPosition":[-11.7111,198.195,-44.9596],"stabilizedTipPosition":[-17.8902,197.205,-81.4635],"timeVisible":36.5515,"tipPosition":[-16.9732,197.516,-81.1249],"tipVelocity":[-4.24868,-48.7973,20.6596],"tool":false,"touchDistance":0.413289,"touchZone":"hovering","type":1,"width":19.1147},{"bases":[[[0.729159,-0.670131,-0.138746],[0.616733,0.555606,0.557622],[-0.296591,-0.492165,0.818418]],[[0.723383,-0.679376,-0.123146],[0.518504,0.652304,-0.552859],[0.455928,0.336077,0.824125]],[[0.723383,-0.679376,-0.123146],[-0.284584,-0.130877,-0.949675],[0.62907,0.722024,-0.288014]],[[0.723383,-0.679376,-0.123146],[-0.599212,-0.529121,-0.600812],[0.343018,0.508408,-0.789848]]],"btipPosition":[-37.6081,133.018,-19.0363],"carpPosition":[-12.2924,144.825,53.8832],"dipPosition":[-31.2381,142.46,-33.7041],"direction":[-0.62907,-0.722024,0.288014],"extended":false,"handId":409,"id":4092,"length":66.2163,"mcpPosition":[8.15616,178.757,-2.54285],"pipPosition":[-13.5606,162.749,-41.7976],"stabilizedTipPosition":[-36.2013,135.741,-22.6536],"timeVisible":36.5515,"tipPosition":[-36.3483,134.787,-21.2398],"tipVelocity":[4.14157,-30.9049,12.736],"tool":false,"touchDistance":0.333333,"touchZone":"none","type":2,"width":18.7732},{"bases":[[[0.628986,-0.775218,-0.0584357],[0.657484,0.490336,0.572089],[-0.41484,-0.398256,0.818107]],[[0.637709,-0.766527,-0.0759102],[0.60475,0.55927,-0.567005],[0.477079,0.315678,0.820209]],[[0.637709,-0.766527,-0.0759102],[-0.279308,-0.138271,-0.950194],[0.717853,0.62715,-0.302274]],[[0.637709,-0.766527,-0.0759102],[-0.64292,-0.475403,-0.600538],[0.424241,0.431773,-0.795985]]],"btipPosition":[-25.5642,123.197,-11.8451],"carpPosition":[-2.69451,137.623,52.0397],"dipPosition":[-17.7312,131.169,-26.5419],"direction":[-0.717853,-0.62715,0.302274],"extended":false,"handId":409,"id":4093,"length":63.6687,"mcpPosition":[22.9846,162.275,1.39775],"pipPosition":[1.92031,148.337,-34.8167],"stabilizedTipPosition":[-23.8497,125.739,-15.4676],"timeVisible":36.5515,"tipPosition":[-24.0022,124.615,-13.9834],"tipVelocity":[4.43741,-32.6302,11.2407],"tool":false,"touchDistance":0.333333,"touchZone":"none","type":3,"width":17.8639},{"bases":[[[0.459405,-0.886391,-0.0570729],[0.708059,0.326668,0.626051],[-0.536282,-0.328022,0.777691]],[[0.495271,-0.861679,-0.110531],[0.675792,0.462091,-0.574262],[0.545905,0.209719,0.811176]],[[0.495271,-0.861679,-0.110531],[-0.323509,-0.064854,-0.944],[0.806256,0.503293,-0.310881]],[[0.495271,-0.861679,-0.110531],[-0.716901,-0.333524,-0.612221],[0.490673,0.382455,-0.782923]]],"btipPosition":[-9.79489,120.331,-5.29359],"carpPosition":[2.49185,125.105,48.2688],"dipPosition":[-1.43699,126.845,-18.6295],"direction":[-0.806256,-0.503293,0.310881],"extended":false,"handId":409,"id":4094,"length":49.9151,"mcpPosition":[33.2216,143.901,3.70599],"pipPosition":[14.1465,136.573,-24.6383],"stabilizedTipPosition":[-7.99734,122.719,-8.65529],"timeVisible":36.5515,"tipPosition":[-8.18848,121.564,-7.42181],"tipVelocity":[4.94353,-35.6015,12.0247