{"sensorType":"Leap","data":[[0,{"currentFrameRate":55.2819,"devices":[],"gestures":[],"hands":[{"armBasis":[[0.822623,-0.546747,-0.156076],[0.567417,0.807002,0.163664],[0.0364708,-0.223194,0.974092]],"armWidth":62.9686,"confidence":0.825227,"direction":[0.363844,0.442185,-0.819811],"elbow":[2.65611,108.716,334.263],"grabStrength":0,"id":409,"palmNormal":[-0.455339,-0.683369,-0.570678],"palmPosition":[4.2761,193.323,27.8193],"palmVelocity":[55.1694,-139.82,111.963],"palmWidth":89.917,"pinchStrength":1,"r":[[0.869624,-0.483795,-0.0984693],[0.489234,0.871228,0.0401564],[0.0663617,-0.0830954,0.99433]],"s":1.18204,"sphereCenter":[-20.611,179.6,-11.2726],"sphereRadius":43.7989,"stabilizedPalmPosition":[-1.3115,203.591,18.1976],"t":[-7.31205,37.3282,-92.8833],"timeVisible":6.25465,"type":"right","wrist":[-7.07489,168.268,74.3596]}],"id":1413207,"interactionBox":{"center":[0,200,0],"size":[235.247,235.247,147.751]},"pointables":[{"bases":[[[0.805245,0.463744,0.36949],[-0.59232,0.600572,0.537094],[0.0271692,-0.651348,0.758292]],[[0.760515,0.636862,0.126583],[-0.648361,0.734228,0.201342],[0.0352863,-0.235195,0.971308]],[[0.760515,0.636862,0.126583],[-0.549828,0.735332,-0.396204],[-0.345407,0.23172,0.909395]],[[0.760515,0.636862,0.126583],[-0.277672,0.495206,-0.823207],[-0.586954,0.590913,0.55345]]],"btipPosition":[-12.5846,165.973,-21.6454],"carpPosition":[-36.0568,175.845,69.7088],"dipPosition":[-26.1595,179.64,-8.84546],"direction":[0.345407,-0.23172,-0.909395],"extended":false,"handId":409,"id":4090,"length":51.5018,"mcpPosition":[-36.0568,175.845,69.7088],"pipPosition":[-37.7974,187.447,21.7953],"stabilizedTipPosition":[-18.1552,174.509,-22.6977],"timeVisible":6.25465,"tipPosition":[-15.9879,169.77,-19.1714],"tipVelocity":[79.747,-185.253,132.743],"tool":false,"touchDistance":0.438277,"touchZone":"hovering","type":0,"width":20.0112},{"bases":[[[0.862133,-0.498439,-0.0910229],[0.483269,0.75494,0.443301],[-0.152242,-0.426173,0.891739]],[[0.871941,-0.460484,-0.166353],[0.484749,0.859689,0.1611],[0.0688277,-0.221109,0.972817]],[[0.871941,-0.460484,-0.166353],[0.462191,0.88625,-0.0306604],[0.161549,-0.0501526,0.98559]],[[0.871941,-0.460484,-0.166353],[0.434905,0.884504,-0.168848],[0.224891,0.0748778,0.971503]]],"btipPosition":[-16.4442,229.4,-73.6331],"carpPosition":[-16.9346,189.096,72.444],"dipPosition":[-12.6471,230.665,-57.2302],"direction":[-0.161549,0.0501526,-0.98559],"extended":true,"handId":409,"id":4091,"length":58.114,"mcpPosition":[-5.8663,220.079,7.61271],"pipPosition":[-8.78843,229.467,-33.689],"stabilizedTipPosition":[-18.2323,236.891,-74.0963],"timeVisible":6.25465,"tipPosition":[-14.7859,230.762,-69.7481],"tipVelocity":[58.0424,-211.312,86.9963],"tool":false,"touchDistance":0.579294,"touchZone":"hovering","type":1,"width":19.1147},{"bases":[[[0.738536,-0.672781,-0.0439383],[0.618606,0.650265,0.441001],[-0.268125,-0.352876,0.89643]],[[0.731146,-0.681925,-0.0200878],[0.511234,0.567156,-0.645735],[0.451736,0.461857,0.763297]],[[0.731146,-0.681925,-0.0200878],[-0.288391,-0.282254,-0.914967],[0.618269,0.674767,-0.403029]],[[0.731146,-0.681925,-0.0200878],[-0.600583,-0.629407,-0.493099],[0.323613,0.372592,-0.869741]]],"btipPosition":[-32.0701,161.063,0.889923],"carpPosition":[-5.65532,184.614,71.5749],"dipPosition":[-26.0605,167.982,-15.2615],"direction":[-0.618269,-0.674767,0.403029],"extended":false,"handId":409,"id":4092,"length":66.2163,"mcpPosition":[12.8307,208.943,9.77029],"pipPosition":[-8.68644,186.944,-26.5871],"stabilizedTipPosition":[-39.8655,179.045,-19.7211],"timeVisible":6.25465,"tipPosition":[-30.498,162.876,-3.57715],"tipVelocity":[69.0904,-165.224,123.292],"tool":false,"touchDistance":0.333333,"touchZone":"none","type":2,"width":18.7732},{"bases":[[[0.642281,-0.764469,0.0553391],[0.660928,0.588956,0.465086],[-0.388136,-0.262141,0.883534]],[[0.651716,-0.757727,0.0333934],[0.586797,0.475826,-0.655178],[0.480557,0.446585,0.754736]],[[0.651716,-0.757727,0.0333934],[-0.289799,-0.289458,-0.912267],[0.700915,0.584862,-0.408233]],[[0.651716,-0.757727,0.0333934],[-0.644464,-0.576439,-0.502378],[0.399915,0.305887,-0.864003]]],"btipPosition":[-19.729,152.201,9.82236],"carpPosition":[4.03443,177.351,70.7097],"dipPosition":[-12.3451,157.849,-6.1303],"direction":[-0.700915,-0.584862,0.408233],"extended":false,"handId":409,"id":4093,"length":63.6687,"mcpPosition":[28.0606,193.578,16.0178],"pipPosition":[6.84269,173.86,-17.3058],"stabilizedTipPosition":[-29.3366,172,-15.7366],"timeVisible":6.25465,"tipPosition":[-17.8699,153.614,5.19978],"tipVelocity":[68.7196,-158.24,141.009],"tool":false,"touchDistance":0.333333,"touchZone":"none","type":3,"width":17.8639},{"bases":[[[0.474949,-0.876404,0.0796151],[0.715875,0.437395,0.544251],[-0.511807,-0.201497,0.835136]],[[0.503486,-0.863424,0.031647],[0.74679,0.416469,-0.518516],[0.434519,0.284699,0.854482]],[[0.503486,-0.863424,0.031647],[-0.188658,-0.145608,-0.971188],[0.843155,0.483009,-0.236203]],[[0.503486,-0.863424,0.031647],[-0.656482,-0.406113,-0.635691],[0.561723,0.299286,-0.771295]]],"btipPosition":[-2.34797,151.624,8.93666],"carpPosition":[9.37258,164.459,68.9454],"dipPosition":[7.22015,156.721,-4.20121],"direction":[-0.843155,-0.483009,0.236203],"extended":false,"handId":409,"id":4094,"length":49.9151,"mcpPosition":[38.6998,176.005,21.0909],"pipPosition":[23.5168,166.057,-8.76659],"stabilizedTipPosition":[-8.30762,165.958,-7.24909],"timeVisible":6.25465,"tipPosition":[-0.569209,152.578,6.36492],"tipVelocity":[71.6019,-151.409,129.298],"tool":false,"touchDistance":0.333333,"touchZone":"none","type":4,"width":15.8681}],"r":[[0.869624,-0.483795,-0.0984693],[0.489234,0.871228,0.0401564],[0.0663617,-0.0830954,0.99433]],"s":1.18204,"t":[-7.31205,37.3282,-92.8833],"timestamp":88711103564},false],[1,{"currentFrameRate":55.3049,"devices":[],"gestures":[],"hands":[{"armBasis":[[0.826382,-0.54254,-0.150808],[0.562,0.811437,0.160397],[0.0353498,-0.217303,0.975464]],"armWidth":62.9686,"confidence":0.81667,"direction":[0.367371,0.427628,-0.825938],"elbow":[2.88327,108.566,336.364],"grabStrength":0,"id":409,"palmNormal":[-0.449077,-0.696103,-0.560152],"palmPosition":[5.00298,190.738,29.1492],"palmVelocity":[48.161,-141.608,93.9143],"palmWidth":89.917,"pinchStrength":1,"r":[[0.871227,-0.482444,-0.0906163],[0.486833,0.87285,0.0335578],[0.0629047,-0.0733514,0.99532]],"s":1.18057,"sphereCenter":[-19.4101,175.878,-9.82388],"sphereRadius":43.7151,"stabilizedPalmPosition":[0.181117,200.553,20.7863],"t":[-6.45856,34.7734,-91.2107],"timeVisible":6.27266,"type":"right","wrist":[-6.54863,166.546,76.0949]}],"id":1413208,"interactionBox":{"center":[0,200,0],"size":[235.247,235.247,147.751]},"pointables":[{"bases":[[[0.801095,0.473998,0.365477],[-0.598022,0.608538,0.521585],[0.0248236,-0.636402,0.770958]],[[0.757215,0.642262,0.11885],[-0.652465,0.735348,0.183172],[0.0302487,-0.216246,0.97587]],[[0.757215,0.642262,0.11885],[-0.54963,0.724857,-0.415317],[-0.352892,0.24916,0.901879]],[[0.757215,0.642262,0.11885],[-0.275191,0.478724,-0.833723],[-0.592365,0.5986,0.539241]]],"btipPosition":[-11.431,162.345,-19.8821],"carpPosition":[-35.5291,173.917,71.1154],"dipPosition":[-25.131,176.19,-7.41078],"direction":[0.352892,-0.24916,-0.901879],"extended":false,"handId":409,"id":4090,"length":51.5018,"mcpPosition":[-35.5291,173.917,71.1154],"pipPosition":[-37.0212,184.585,22.9767],"stabilizedTipPosition":[-16.5985,170.597,-20.2214],"timeVisible":6.27266,"tipPosition":[-14.8582,166.165,-17.4853],"tipVelocity":[71.5663,-191.893,114.269],"tool":false,"touchDistance":0.453099,"touchZone":"hovering","type":0,"width":20.0112},{"bases":[[[0.864594,-0.496707,-0.075891],[0.477545,0.765299,0.431588],[-0.156293,-0.40939,0.898873]],[[0.874689,-0.460447,-0.151357],[0.4802,0.865642,0.141675],[0.0657872,-0.196603,0.978274]],[[0.874689,-0.460447,-0.151357],[0.458361,0.88733,-0.0505113],[0.157561,-0.0251944,0.987188]],[[0.874689,-0.460447,-0.151357],[0.431778,0.882114,-0.188264],[0.220199,0.0993194,0.970385]]],"btipPosition":[-15.3869,224.329,-73.1337],"carpPosition":[-16.4754,187.294,73.713],"dipPosition":[-11.669,226.006,-56.7496],"direction":[-0.157561,0.0251944,-0.987188],"extended":true,"handId":409,"id":4091,"length":58.114,"mcpPosition":[-5.11257,217.057,8.36311],"pipPosition":[-7.90561,225.404,-33.1702],"stabilizedTipPosition":[-16.1942,230.185,-71.4907],"timeVisible":6.27266,"tipPosition":[-13.7653,225.836,-69.2653],"tipVelocity":[57.889,-242.172,58.8079],"tool":false,"touchDistance":0.562124,"touchZone":"hovering","type":1,"width":19.1147},{"bases":[[[0.741367,-0.670588,-0.0262081],[0.613293,0.661133,0.432174],[-0.272484,-0.336473,0.901409]],[[0.733867,-0.67929,-0.00225366],[0.513279,0.556685,-0.653181],[0.444954,0.478191,0.757198]],[[0.733867,-0.67929,-0.00225366],[-0.281243,-0.300816,-0.911269],[0.618338,0.669384,-0.411805]],[[0.733867,-0.67929,-0.00225366],[-0.594906,-0.641095,-0.484855],[0.327912,0.35716,-0.874592]]],"btipPosition":[-31.0468,157.818,2.60115],"carpPosition":[-5.17381,182.84,73.0022],"dipPosition":[-24.9573,164.451,-13.6404],"direction":[-0.618338,-0.669384,0.411805],"extended":false,"handId":409,"id":4092,"length":66.2163,"mcpPosition":[13.6127,206.039,10.8543],"pipPosition":[-7.58138,183.261,-25.2125],"stabilizedTipPosition":[-37.6771,174.826,-15.7409],"timeVisible":6.27266,"tipPosition":[-29.4567,159.547,-1.86598],"tipVelocity":[63.7709,-174.072,109.369],"tool":false,"touchDistance":0.333333,"touchZone":"none","type":2,"width":18.7732},{"bases":[[[0.644832,-0.760712,0.0742233],[0.655694,0.60047,0.457712],[-0.392756,-0.24648,0.885997]],[[0.654387,-0.754356,0.0521963],[0.589168,0.465386,-0.660528],[0.473982,0.462994,0.748984]],[[0.654387,-0.754356,0.0521963],[-0.282842,-0.308207,-0.9083],[0.701269,0.579617,-0.41505]],[[0.654387,-0.754356,0.0521963],[-0.639039,-0.588612,-0.495141],[0.404236,0.290659,-0.867243]]],"btipPosition":[-18.7277,149.181,11.7999],"carpPosition":[4.54894,175.6,72.3394],"dipPosition":[-11.264,154.548,-4.21259],"direction":[-0.701269,-0.579617,0.41505],"extended":false,"handId":409,"id":4093,"length":63.6687,"mcpPosition":[28.8611,190.858,17.495],"pipPosition":[7.93346,170.415,-15.5747],"stabilizedTipPosition":[-27.3905,168.592,-11.9704],"timeVisible":6.27266,"tipPosition":[-16.8463,150.51,7.16921],"tipVelocity":[62.9967,-164.449,125.884],"tool":false,"touchDistance":0.333333,"touchZone":"none","type":3,"width":17.8639},{"bases":[[[0.477777,-0.872815,0.0996145],[0.710714,0.450691,0.54015],[-0.516346,-0.187274,0.835652]],[[0.506577,-0.860651,0.0515717],[0.748715,0.409454,-0.521319],[0.427557,0.3027,0.851802]],[[0.506577,-0.860651,0.0515717],[-0.181665,-0.165016,-0.969416],[0.842839,0.481715,-0.239943]],[[0.506577,-0.860651,0.0515717],[-0.650873,-0.42096,-0.631788],[0.565459,0.286483,-0.773424]]],"btipPosition":[-1.32725,148.661,11.0233],"carpPosition":[9.94745,162.698,70.8594],"dipPosition":[8.30451,153.541,-2.15082],"direction":[-0.842839,-0.481715,0.239943],"extended":false,"handId":409,"id":4094,"length":49.9151,"mcpPosition":[39.5348,173.429,22.9754],"pipPosition":[24.595,162.852,-6.78848],"stabilizedTipPosition":[-6.52964,162.831,-4.30199],"timeVisible":6.27266,"tipPosition":[0.467709,149.575,8.44129],"tipVelocity":[64.9267,-158.956,122.736],"tool":false,"touchDistance":0.333333,"touchZone":"none","type":4,"width":15.8681}],"r":[[0.871227,-0.482444,-0.0906163],[0.486833,0.87285,0.0335578],[0.0629047,-0.0733514,0.99532]],"s":1.18057,"t":[-6.45856,34.7734,-91.2107],"timestamp":88711121566},false],[2,{"currentFrameRate":55.3244,"devices":[],"gestures":[],"hands":[{"armBasis":[[0.835119,-0.531731,-0.140848],[0.549056,0.821327,0.154792],[0.0333744,-0.206603,0.977855]],"armWidth":62.9686,"confidence":0.818588,"direction":[0.367596,0.414983,-0.832263],"elbow":[3.12951,109.109,339.123],"grabStrength":0,"id":409,"palmNormal":[-0.436019,-0.713561,-0.548377],"palmPosition":[5.79164,187.585,30.8495],"palmVelocity":[46.0916,-157.491,94.154],"palmWidth":89.917,"pinchStrength":1,"r":[[0.873856,-0.479369,-0.0811193],[0.4826,0.875477,0.0252362],[0.0589206,-0.061201,0.996385]],"s":1.17953,"sphereCenter":[-17.9437,171.323,-7.91093],"sphereRadius":43.6157,"stabilizedPalmPosition":[1.65056,197.157,23.4219],"t":[-5.63749,31.9192,-89.5243],"timeVisible":6.29066,"type":"right","wrist":[-5.77532,164.234,78.2157]}],"id":1413209,"interactionBox":{"center":[0,200,0],"size":[235.247,235.247,147.751]},"pointables":[{"bases":[[[0.792261,0.492066,0.360822],[-0.609555,0.611439,0.504565],[0.0276589,-0.619688,0.784361]],[[0.747751,0.654837,0.109803],[-0.663447,0.730248,0.163024],[0.0265705,-0.19475,0.980493]],[[0.747751,0.654837,0.109803],[-0.555539,0.707588,-0.436686],[-0.363653,0.265533,0.892888]],[[0.747751,0.654837,0.109803],[-0.275443,0.456395,-0.84607],[-0.604151,0.602406,0.52164]]],"btipPosition":[-9.89867,157.845,-17.6302],"carpPosition":[-34.8133,171.117,72.8853],"dipPosition":[-23.8712,171.777,-5.56593],"direction":[0.363654,-0.265533,-0.892888],"extended":false,"handId":409,"id":4090,"length":51.5018,"mcpPosition":[-34.8133,171.117,72.8853],"pipPosition":[-36.124,180.724,24.5186],"stabilizedTipPosition":[-14.9144,165.985,-17.6292],"timeVisible":6.29066,"tipPosition":[-13.3893,161.682,-15.3358],"tipVelocity":[76.3275,-218.853,116.915],"tool":false,"touchDistance":0.473497,"touchZone":"hovering","type":0,"width":20.0112},{"bases":[[[0.871497,-0.486774,-0.0595313],[0.464491,0.78041,0.418578],[-0.157294,-0.392441,0.906228]],[[0.881579,-0.452351,-0.134898],[0.467731,0.875621,0.120484],[0.0636186,-0.169312,0.983507]],[[0.881579,-0.452351,-0.134898],[0.446602,0.891834,-0.0719646],[0.15286,0.00319672,0.988243]],[[0.881579,-0.452351,-0.134898],[0.420917,0.882671,-0.209093],[0.213654,0.127551,0.968547]]],"btipPosition":[-14.478,218.284,-72.2684],"carpPosition":[-15.9541,184.794,75.3293],"dipPosition":[-10.8706,220.438,-55.9153],"direction":[-0.15286,-0.00319672,-0.988243],"extended":true,"handId":409,"id":4091,"length":58.114,"mcpPosition":[-4.5185,213.326,9.44477],"pipPosition":[-7.21947,220.514,-32.3108],"stabilizedTipPosition":[-14.5063,222.623,-69.5126],"timeVisible":6.29066,"tipPosition":[-12.9158,219.959,-68.423],"tipVelocity":[53.7062,-283.599,53.5226],"tool":false,"touchDistance":0.552118,"touchZone":"hovering","type":1,"width":19.1147},{"bases":[[[0.750194,-0.66118,-0.00702863],[0.601575,0.678075,0.422282],[-0.274439,-0.321022,0.906437]],[[0.742639,-0.669475,0.0170534],[0.505159,0.543285,-0.670564],[0.439661,0.506602,0.741656]],[[0.742639,-0.669475,0.0170534],[-0.27776,-0.331087,-0.901793],[0.609374,0.66497,-0.431831]],[[0.742639,-0.669475,0.0170534],[-0.585228,-0.661144,-0.469465],[0.32557,0.338663,-0.882786]]],"btipPosition":[-29.7815,153.503,5.49688],"carpPosition":[-4.5908,180.476,74.7894],"dipPosition":[-23.7355,159.792,-10.8968],"direction":[-0.609374,-0.66497,0.431831],"extended":false,"handId":409,"id":4092,"length":66.2163,"mcpPosition":[14.3304,202.609,12.2948],"pipPosition":[-6.61147,178.479,-23.0317],"stabilizedTipPosition":[-35.3326,169.808,-11.331],"timeVisible":6.29066,"tipPosition":[-28.1568,155.183,0.822748],"tipVelocity":[66.5846,-207.213,132.823],"tool":false,"touchDistance":0.333333,"touchZone":"none","type":2,"width":18.7732},{"bases":[[[0.654133,-0.750437,0.0946244],[0.64458,0.618525,0.449381],[-0.39576,-0.232962,0.888315]],[[0.663784,-0.744404,0.0724774],[0.587722,0.459216,-0.666111],[0.462573,0.48475,0.742323]],[[0.663784,-0.744404,0.0724774],[-0.272353,-0.330828,-0.903536],[0.696573,0.580014,-0.422339]],[[0.663784,-0.744404,0.0724774],[-0.6278,-0.607222,-0.486979],[0.406519,0.277748,-0.870401]]],"btipPosition":[-17.2708,145.364,14.2143],"carpPosition":[5.22976,173.352,74.3453],"dipPosition":[-9.76495,150.492,-1.85646],"direction":[-0.696573,-0.580014,0.422339],"extended":false,"handId":409,"id":4093,"length":63.6687,"mcpPosition":[29.7278,187.773,19.3575],"pipPosition":[9.30396,166.37,-13.4181],"stabilizedTipPosition":[-25.1216,164.369,-7.6631],"timeVisible":6.29066,"tipPosition":[-15.3772,146.619,9.58248],"tipVelocity":[71.7381,-188.427,129.413],"tool":false,"touchDistance":0.333333,"touchZone":"none","type":3,"width":17.8639},{"bases":[[[0.488377,-0.864169,0.121241],[0.700961,0.471247,0.535331],[-0.519751,-0.176458,0.835895]],[[0.51736,-0.852637,0.0731372],[0.747197,0.408408,-0.524308],[0.417174,0.325904,0.848382]],[[0.51736,-0.852637,0.0731372],[-0.172433,-0.187575,-0.966997],[0.838215,0.487675,-0.244066]],[[0.51736,-0.852637,0.0731372],[-0.640879,-0.442667,-0.627152],[0.567108,0.277591,-0.775456]]],"btipPosition":[0.150457,145.063,13.5583],"carpPosition":[10.806,160.494,73.1745],"dipPosition":[9.81031,149.791,0.349523],"direction":[-0.838215,-0.487675,0.244066],"extended":false,"handId":409,"id":4094,"length":49.9151,"mcpPosition":[40.5885,170.605,25.2765],"pipPosition":[26.0115,159.217,-4.36783],"stabilizedTipPosition":[-4.60608,159.227,-1.09912],"timeVisible":6.29066,"tipPosition":[1.95506,145.947,10.9663],"tipVelocity":[73.2158,-179.235,131.072],"tool":false,"touchDistance":0.333333,"touchZone":"none","type":4,"width":15.8681}],"r":[[0.873856,-0.479369,-0.0811193],[0.4826,0.875477,0.0252362],[0.0589206,-0.061201,0.996385]],"s":1.17953,"t":[-5.63749,31.9192,-89.5243],"timestamp":88711139574},false],[3,{"currentFrameRate":55.3281,"devices":[],"gestures":[],"hands":[{"armBasis":[[0.843929,-0.521012,-0.127788],[0.535519,0.83227,0.143342],[0.0316707,-0.189403,0.981389]],"armWidth":62.9686,"confidence":0.815901,"direction":[0.363379,0.399369,-0.8417],"elbow":[3.68209,111.395,341.828],"grabStrength":0,"id":409,"palmNormal":[-0.424489,-0.733254,-0.531175],"palmPosition":[6.56365,184.258,32.0639],"palmVelocity":[44.5021,-170.185,81.372],"palmWidth":89.917,"pinchStrength":1,"r":[[0.877318,-0.474654,-0.0708276],[0.476695,0.878952,0.0143405],[0.0554473,-0.0463444,0.997385]],"s":1.17826,"sphereCenter":[-16.5912,166.34,-6.27276],"sphereRadius":43.5029,"stabilizedPalmPosition":[3.14668,193.229,26.0536],"t":[-4.84095,28.8284,-88.0739],"timeVisible":6.30872,"type":"right","wrist":[-4.76816,161.931,79.9774]}],"id":1413210,"interactionBox":{"center":[0,200,0],"size":[235.247,235.247,147.751]},"pointables":[{"bases":[[[0.784296,0.512329,0.349855],[-0.619405,0.614949,0.488033],[0.0348903,-0.599464,0.799641]],[[0.737809,0.668406,0.0941878],[-0.67444,0.72424,0.143552],[0.0277365,-0.169438,0.98515]],[[0.737809,0.668406,0.0941878],[-0.56451,0.687496,-0.456812],[-0.37009,0.28387,0.884563]],[[0.737809,0.668406,0.0941878],[-0.280548,0.430562,-0.857851],[-0.613947,0.606506,0.505193]]],"btipPosition":[-8.59024,153.024,-15.6601],"carpPosition":[-33.8908,168.258,74.4242],"dipPosition":[-22.7894,167.051,-3.97624],"direction":[0.37009,-0.28387,-0.884563],"extended":false,"handId":409,"id":4090,"length":51.5018,"mcpPosition":[-33.8908,168.258,74.4242],"pipPosition":[-35.259,176.616,25.8278],"stabilizedTipPosition":[-13.2402,160.656,-15.0801],"timeVisible":6.30872,"tipPosition":[-12.1296,156.869,-13.4587],"tipVelocity":[73.1135,-241.104,110.893],"tool":false,"touchDistance":0.487719,"touchZone":"hovering","type":0,"width":20.0112},{"bases":[[[0.878554,-0.475444,-0.0457775],[0.452276,0.79725,0.399798],[-0.153586,-0.371949,0.915459]],[[0.888218,-0.443201,-0.121004],[0.454586,0.885952,0.0918673],[0.0664882,-0.136605,0.988392]],[[0.888218,-0.443201,-0.121004],[0.433002,0.89561,-0.101943],[0.153554,0.0381521,0.987404]],[[0.888218,-0.443201,-0.121004],[0.40729,0.881487,-0.238948],[0.212566,0.162954,0.963464]]],"btipPosition":[-14.1496,211.442,-71.8103],"carpPosition":[-15.2361,182.263,76.5601],"dipPosition":[-10.5607,214.193,-55.543],"direction":[-0.153554,-0.0381521,-0.987404],"extended":true,"handId":409,"id":4091,"length":58.114,"mcpPosition":[-4.07017,209.305,10.0044],"pipPosition":[-6.89298,215.104,-31.9586],"stabilizedTipPosition":[-13.5742,214.305,-68.3742],"timeVisible":6.30872,"tipPosition":[-12.616,213.345,-68.0145],"tipVelocity":[36.7221,-325.217,39.6302],"tool":false,"touchDistance":0.536815,"touchZone":"hovering","type":1,"width":19.1147},{"bases":[[[0.759666,-0.650223,0.0108446],[0.590813,0.697033,0.406305],[-0.271748,-0.302249,0.913673]],[[0.75218,-0.658022,0.0351109],[0.498745,0.533669,-0.682972],[0.430673,0.531229,0.7296]],[[0.75218,-0.658022,0.0351109],[-0.27084,-0.35729,-0.893862],[0.600726,0.662835,-0.446965]],[[0.75218,-0.658022,0.0351109],[-0.574496,-0.680936,-0.454181],[0.32277,0.321455,-0.890217]]],"btipPosition":[-28.4637,149.037,7.49484],"carpPosition":[-3.81059,178.098,76.1487],"dipPosition":[-22.4697,155.007,-9.03684],"direction":[-0.600726,-0.662835,0.446965],"extended":false,"handId":409,"id":4092,"length":66.2163,"mcpPosition":[14.9251,198.937,13.1553],"pipPosition":[-5.58867,173.633,-21.597],"stabilizedTipPosition":[-32.7509,163.736,-6.62823],"timeVisible":6.30872,"tipPosition":[-26.8552,150.622,2.80483],"tipVelocity":[69.3004,-228.177,121.445],"tool":false,"touchDistance":0.333333,"touchZone":"none","type":2,"width":18.7732},{"bases":[[[0.664682,-0.738297,0.114521],[0.634614,0.638807,0.434961],[-0.394287,-0.216434,0.893137]],[[0.674482,-0.732562,0.0918003],[0.578512,0.447158,-0.682183],[0.458692,0.513227,0.725396]],[[0.674482,-0.732562,0.0918003],[-0.271429,-0.361678,-0.891917],[0.686586,0.576664,-0.442784]],[[0.674482,-0.732562,0.0918003],[-0.62019,-0.62965,-0.467873],[0.400548,0.258638,-0.879015]]],"btipPosition":[-15.9241,141.283,16.9371],"carpPosition":[6.11264,171.108,75.9005],"dipPosition":[-8.5285,146.059,0.707263],"direction":[-0.686586,-0.576664,0.442784],"extended":false,"handId":409,"id":4093,"length":63.6687,"mcpPosition":[30.5195,184.506,20.6141],"pipPosition":[10.267,161.845,-11.4141],"stabilizedTipPosition":[-22.6015,159.285,-2.83784],"timeVisible":6.30872,"tipPosition":[-14.0331,142.449,12.1833],"tipVelocity":[72.4131,-208.366,138.586],"tool":false,"touchDistance":0.333333,"touchZone":"none","type":3,"width":17.8639},{"bases":[[[0.500526,-0.853717,0.143669],[0.692927,0.49455,0.524664],[-0.518966,-0.163056,0.839099]],[[0.529451,-0.842967,0.0953342],[0.74256,0.406156,-0.53258],[0.410227,0.352766,0.840993]],[[0.529451,-0.842967,0.0953342],[-0.167401,-0.213981,-0.962387],[0.83166,0.493577,-0.254407]],[[0.529451,-0.842967,0.0953342],[-0.633076,-0.467406,-0.617046],[0.564709,0.266342,-0.781131]]],"btipPosition":[1.58608,141.246,15.8162],"carpPosition":[11.8763,158.306,75.0613],"dipPosition":[11.2051,145.783,2.5108],"direction":[-0.83166,-0.493577,0.254407],"extended":false,"handId":409,"id":4094,"length":49.9151,"mcpPosition":[41.6138,167.65,26.9798],"pipPosition":[27.2795,155.323,-2.4064],"stabilizedTipPosition":[-2.48822,154.959,2.39224],"timeVisible":6.30872,"tipPosition":[3.38682,142.094,13.2027],"tipVelocity":[75.9471,-195.631,127.612],"tool":false,"touchDistance":0.333333,"touchZone":"none","type":4,"width":15.8681}],"r":[[0.877318,-0.474654,-0.0708276],[0.476695,0.878952,0.0143405],[0.0554473,-0.0463444,0.997385]],"s":1.17826,"t":[-4.84095,28.8284,-88.0739],"timestamp":88711157635},false],[4,{"currentFrameRate":55.3509,"devices":[],"gestures":[],"hands":[{"armBasis":[[0.849666,-0.513973,-0.117897],[0.526722,0.837874,0.143287],[0.0251376,-0.183845,0.982634]],"armWidth":62.9686,"confidence":0.772887,"direction":[0.362344,0.38732,-0.847756],"elbow":[2.74521,110.214,343.615],"grabStrength":0,"id":409,"palmNormal":[-0.417768,-0.745587,-0.519202],"palmPosition":[7.31428,180.837,33.1614],"palmVelocity":[43.1891,-179.63,71.7299],"palmWidth":89.917,"pinchStrength":1,"r":[[0.880767,-0.469658,-0.0605924],[0.470665,0.882308,0.00270132],[0.0521925,-0.030898,0.998159]],"s":1.17644,"sphereCenter":[-15.3575,161.716,-4.86847],"sphereRadius":43.392,"stabilizedPalmPosition":[4.62377,188.837,28.5727],"t":[-4.06736,25.573,-86.7999],"timeVisible":6.32671,"type":"right","wrist":[-3.96191,159.267,81.433]}],"id":1413211,"interactionBox":{"center":[0,200,0],"size":[235.247,235.247,147.751]},"pointables":[{"bases":[[[0.779635,0.524234,0.342563],[-0.625111,0.618715,0.475845],[0.0375051,-0.585124,0.810076]],[[0.73238,0.675762,0.0834603],[-0.680341,0.721312,0.129793],[0.0275082,-0.151839,0.988022]],[[0.73238,0.675762,0.0834603],[-0.569017,0.674744,-0.470042],[-0.373951,0.296759,0.878689]],[[0.73238,0.675762,0.0834603],[-0.284397,0.414964,-0.864247],[-0.618658,0.609221,0.496097]]],"btipPosition":[-7.56709,148.678,-14.1116],"carpPosition":[-33.118,165.277,75.7061],"dipPosition":[-21.8752,162.768,-2.6381],"direction":[0.373951,-0.296759,-0.878689],"extended":false,"handId":409,"id":4090,"length":51.5018,"mcpPosition":[-33.118,165.277,75.7061],"pipPosition":[-34.4749,172.767,26.968],"stabilizedTipPosition":[-11.7897,155.336,-12.8837],"timeVisible":6.32671,"tipPosition":[-11.0985,152.499,-11.9282],"tipVelocity":[64.7662,-240.959,97.8719],"tool":false,"touchDistance":0.494782,"touchZone":"hovering","type":0,"width":20.0112},{"bases":[[[0.882183,-0.469565,-0.035529],[0.445382,0.807484,0.386787],[-0.152933,-0.357041,0.921484]],[[0.891704,-0.438945,-0.110415],[0.447515,0.891546,0.0698316],[0.0677875,-0.111681,0.991429]],[[0.891704,-0.438945,-0.110415],[0.425743,0.896225,-0.124598],[0.153648,0.0640961,0.986045]],[[0.891704,-0.438945,-0.110415],[0.400102,0.878481,-0.261129],[0.211619,0.188673,0.958968]]],"btipPosition":[-13.5758,205.44,-71.1913],"carpPosition":[-14.5734,179.457,77.6377],"dipPosition":[-10.0028,208.625,-55],"direction":[-0.153648,-0.0640961,-0.986045],"extended":true,"handId":409,"id":4091,"length":58.114,"mcpPosition":[-3.4549,205.415,10.6439],"pipPosition":[-6.33287,210.156,-31.448],"stabilizedTipPosition":[-12.8517,207.141,-67.5754],"timeVisible":6.32671,"tipPosition":[-12.064,207.507,-67.4377],"tipVelocity":[34.3423,-326.585,36.6984],"tool":false,"touchDistance":0.525489,"touchZone":"hovering","type":1,"width":19.1147},{"bases":[[[0.764471,-0.644215,0.0238798],[0.584648,0.708439,0.39535],[-0.271608,-0.288272,0.91822]],[[0.756995,-0.651638,0.0482371],[0.495781,0.524714,-0.692009],[0.425628,0.547762,0.720276]],[[0.756995,-0.651638,0.0482371],[-0.266449,-0.375248,-0.887803],[0.596627,0.65921,-0.457689]],[[0.756995,-0.651638,0.0482371],[-0.568288,-0.693007,-0.443611],[0.322502,0.308398,-0.894921]]],"btipPosition":[-27.4185,144.904,9.18974],"carpPosition":[-3.11615,175.371,77.3243],"dipPosition":[-21.4295,150.631,-7.42929],"direction":[-0.596627,-0.65921,0.457689],"extended":false,"handId":409,"id":4092,"length":66.2163,"mcpPosition":[15.6099,195.246,14.0173],"pipPosition":[-4.66362,169.155,-20.2908],"stabilizedTipPosition":[-30.2162,157.12,-2.09686],"timeVisible":6.32671,"tipPosition":[-25.8086,146.423,4.48773],"tipVelocity":[63.9689,-230.409,108.026],"tool":false,"touchDistance":0.333333,"touchZone":"none","type":2,"width":18.7732},{"bases":[[[0.669907,-0.731175,0.128872],[0.628815,0.651052,0.425115],[-0.394735,-0.203751,0.895918]],[[0.679761,-0.725738,0.105969],[0.576649,0.439561,-0.688667],[0.453212,0.529236,0.717293]],[[0.679761,-0.725738,0.105969],[-0.266709,-0.379189,-0.886049],[0.683221,0.574038,-0.451319]],[[0.679761,-0.725738,0.105969],[-0.614384,-0.642359,-0.458156],[0.400571,0.246331,-0.882533]]],"btipPosition":[-14.8158,137.435,18.7409],"carpPosition":[6.85953,168.453,77.2201],"dipPosition":[-7.41975,141.984,2.44615],"direction":[-0.683221,-0.574038,0.451319],"extended":false,"handId":409,"id":4093,"length":63.6687,"mcpPosition":[31.2942,181.065,21.7616],"pipPosition":[11.2836,157.698,-9.90885],"stabilizedTipPosition":[-19.9373,153.443,2.16962],"timeVisible":6.32671,"tipPosition":[-12.9266,138.532,13.9894],"tipVelocity":[67.3021,-212.374,120.053],"tool":false,"touchDistance":0.333333,"touchZone":"none","type":3,"width":17.8639},{"bases":[[[0.506549,-0.847297,0.159674],[0.687995,0.508826,0.517455],[-0.519684,-0.152262,0.840681]],[[0.535511,-0.837174,0.111212],[0.740922,0.402528,-0.537592],[0.405292,0.370286,0.835839]],[[0.535511,-0.837174,0.111212],[-0.163369,-0.231887,-0.958926],[0.828576,0.495347,-0.260947]],[[0.535511,-0.837174,0.111212],[-0.628144,-0.482856,-0.610152],[0.564502,0.256886,-0.78444]]],"btipPosition":[2.70701,137.518,17.6447],"carpPosition":[12.7205,155.682,76.6175],"dipPosition":[12.3225,141.894,4.28287],"direction":[-0.828576,-0.495347,0.260947],"extended":false,"handId":409,"id":4094,"length":49.9151,"mcpPosition":[42.4991,164.407,28.4453],"pipPosition":[28.3373,151.468,-0.760747],"stabilizedTipPosition":[-0.30121,150.106,5.9884],"timeVisible":6.32671,"tipPosition":[4.51085,138.335,15.0171],"tipVelocity":[69.4706,-202.113,114.976],"tool":false,"touchDistance":0.333333,"touchZone":"none","type":4,"width":15.8681}],"r":[[0.880767,-0.469658,-0.0605924],[0.470665,0.882308,0.00270132],[0.0521925,-0.030898,0.998159]],"s":1.17644,"t":[-4.06736,25.573,-86.7999],"timestamp":88711175623},false],[5,{"currentFrameRate":55.3407,"devices":[],"gestures":[],"hands":[{"armBasis":[[0.856485,-0.504724,-0.108108],[0.51564,0.846135,0.134799],[0.0234372,-0.171198,0.984958]],"armWidth":62.9686,"confidence":0.778844,"direction":[0.364381,0.376767,-0.85163],"elbow":[2.78526,110.819,345.705],"grabStrength":0,"id":409,"palmNormal":[-0.405259,-0.759212,-0.509276],"palmPosition":[7.9304,177.36,34.3492],"palmVelocity":[38.832,-185.554,68.8187],"palmWidth":89.917,"pinchStrength":1,"r":[[0.884619,-0.463679,-0.0495104],[0.463833,0.885877,-0.00902897],[0.0480467,-0.0149774,0.998733]],"s":1.17429,"sphereCenter":[-13.9591,156.971,-3.46399],"sphereRadius":43.2866,"stabilizedPalmPosition":[5.96958,184.166,30.9238],"t":[-3.37251,22.2065,-85.569],"timeVisible":6.34482,"type":"right","wrist":[-3.46816,156.498,82.9028]}],"id":1413212,"interactionBox":{"center":[0,200,0],"size":[235.247,235.247,147.751]},"pointables":[{"bases":[[[0.770966,0.539027,0.339208],[-0.635744,0.619597,0.460358],[0.0379732,-0.57057,0.820371]],[[0.723698,0.685889,0.076271],[-0.689735,0.715194,0.112973],[0.0229383,-0.134365,0.990666]],[[0.723698,0.685889,0.076271],[-0.574272,0.659818,-0.484615],[-0.382717,0.306915,0.871396]],[[0.723698,0.685889,0.076271],[-0.286743,0.399381,-0.870789],[-0.627726,0.608318,0.485706]]],"btipPosition":[-6.36478,144.29,-12.6068],"carpPosition":[-32.6461,162.072,76.8553],"dipPosition":[-20.8826,158.359,-1.37359],"direction":[0.382717,-0.306915,-0.871396],"extended":false,"handId":409,"id":4090,"length":51.5018,"mcpPosition":[-32.6461,162.072,76.8553],"pipPosition":[-33.7777,168.7,27.9868],"stabilizedTipPosition":[-10.3891,150.092,-10.9629],"timeVisible":6.34482,"tipPosition":[-9.88262,148.038,-10.4173],"tipVelocity":[64.2797,-241.77,89.3999],"tool":false,"touchDistance":0.500381,"touchZone":"hovering","type":0,"width":20.0112},{"bases":[[[0.887723,-0.459907,-0.0207957],[0.433178,0.819127,0.376016],[-0.155898,-0.342807,0.92638]],[[0.897374,-0.430901,-0.0951019],[0.436675,0.898183,0.0508226],[0.0635193,-0.0871355,0.994169]],[[0.897374,-0.430901,-0.0951019],[0.415806,0.897871,-0.144682],[0.147733,0.09029,0.984897]],[[0.897374,-0.430901,-0.0951019],[0.391032,0.876391,-0.281128],[0.204485,0.215089,0.954946]]],"btipPosition":[-12.6236,199.33,-70.5274],"carpPosition":[-14.2797,176.496,78.6785],"dipPosition":[-9.17103,202.962,-54.404],"direction":[-0.147733,-0.09029,-0.984897],"extended":true,"handId":409,"id":4091,"length":58.114,"mcpPosition":[-2.94562,201.419,11.3288],"pipPosition":[-5.64238,205.118,-30.8794],"stabilizedTipPosition":[-11.8842,200.539,-66.8596],"timeVisible":6.34482,"tipPosition":[-11.1702,201.555,-66.8141],"tipVelocity":[42.2977,-329.068,36.2736],"tool":false,"touchDistance":0.515997,"touchZone":"hovering","type":1,"width":19.1147},{"bases":[[[0.771559,-0.634851,0.0407579],[0.573494,0.721857,0.387334],[-0.275321,-0.275477,0.921038]],[[0.76399,-0.64193,0.0651574],[0.494347,0.517449,-0.698475],[0.414656,0.565838,0.712662]],[[0.76399,-0.64193,0.0651574],[-0.255742,-0.393979,-0.882823],[0.592381,0.657804,-0.465165]],[[0.76399,-0.64193,0.0651574],[-0.556808,-0.706948,-0.436107],[0.326013,0.296901,-0.897533]]],"btipPosition":[-26.2442,140.58,10.8139],"carpPosition":[-2.7746,172.538,78.5215],"dipPosition":[-20.19,146.093,-5.85362],"direction":[-0.592381,-0.657804,0.465165],"extended":false,"handId":409,"id":4092,"length":66.2163,"mcpPosition":[16.2075,191.53,15.0203],"pipPosition":[-3.54344,164.578,-18.9252],"stabilizedTipPosition":[-27.7939,150.224,2.0019],"timeVisible":6.34482,"tipPosition":[-24.6103,142.044,6.11069],"tipVelocity":[64.7872,-235.702,99.0188],"tool":false,"touchDistance":0.333333,"touchZone":"none","type":2,"width":18.7732},{"bases":[[[0.677191,-0.721068,0.146536],[0.618084,0.665505,0.41842],[-0.39923,-0.192778,0.896355]],[[0.687229,-0.715875,0.123449],[0.576811,0.434437,-0.691776],[0.441594,0.546615,0.711482]],[[0.687229,-0.715875,0.123449],[-0.25547,-0.397247,-0.881436],[0.680038,0.574211,-0.455884]],[[0.687229,-0.715875,0.123449],[-0.603393,-0.657149,-0.451743],[0.404516,0.235962,-0.883566]]],"btipPosition":[-13.59,133.457,20.5062],"carpPosition":[7.27979,165.734,78.6118],"dipPosition":[-6.12119,137.813,4.19233],"direction":[-0.680038,-0.574211,0.455884],"extended":false,"handId":409,"id":4093,"length":63.6687,"mcpPosition":[31.9926,177.667,23.1262],"pipPosition":[12.4951,153.532,-8.28764],"stabilizedTipPosition":[-17.1845,146.963,7.14764],"timeVisible":6.34482,"tipPosition":[-11.6815,134.495,15.7734],"tipVelocity":[67.9323,-217.047,109.209],"tool":false,"touchDistance":0.333333,"touchZone":"none","type":3,"width":17.8639},{"bases":[[[0.514937,-0.838516,0.178132],[0.678172,0.525588,0.513654],[-0.524331,-0.143695,0.839302]],[[0.544157,-0.828896,0.129709],[0.740541,0.40187,-0.538609],[0.394325,0.389143,0.832512]],[[0.544157,-0.828896,0.129709],[-0.153195,-0.25017,-0.956006],[0.824878,0.500346,-0.263114]],[[0.544157,-0.828896,0.129709],[-0.617924,-0.500538,-0.606326],[0.567506,0.249786,-0.784566]]],"btipPosition":[3.94668,133.734,19.5412],"carpPosition":[13.2904,153.023,78.2747],"dipPosition":[13.6133,137.988,6.17722],"direction":[-0.824878,-0.500346,0.263114],"extended":false,"handId":409,"id":4094,"length":49.9151,"mcpPosition":[43.3353,161.257,30.1815],"pipPosition":[29.5567,147.659,1.09171],"stabilizedTipPosition":[1.92658,144.807,9.59594],"timeVisible":6.34482,"tipPosition":[5.76453,134.527,16.9098],"tipVelocity":[69.3044,-206.136,110.098],"tool":false,"touchDistance":0.333333,"touchZone":"none","type":4,"width":15.8681}],"r":[[0.884619,-0.463679,-0.0495104],[0.463833,0.885877,-0.00902897],[0.0480467,-0.0149774,0.998733]],"s":1.17429,"t":[-3.37251,22.2065,-85.569],"timestamp":88711193728},false],[6,{"currentFrameRate":55.3502,"devices":[],"gestures":[],"hands":[{"armBasis":[[0.861454,-0.498636,-0.0962251],[0.507429,0.852753,0.123805],[0.0203226,-0.15548,0.98763]],"armWidth":62.9686,"confidence":0.790486,"direction":[0.369818,0.369096,-0.852645],"elbow":[2.28835,111.967,347.857],"grabStrength":0,"id":409,"palmNormal":[-0.392935,-0.769463,-0.503516],"palmPosition":[8.58105,173.789,35.6407],"palmVelocity":[37.5262,-191.455,70.1448],"palmWidth":89.917,"pinchStrength":0.983973,"r":[[0.888562,-0.457208,-0.0376663],[0.456778,0.88936,-0.019826],[0.0425635,0.000411532,0.999094]],"s":1.17295,"sphereCenter":[-12.2978,152.229,-2.09099],"sphereRadius":43.1942,"stabilizedPalmPosition":[7.15069,179.473,33.0571],"t":[-2.69975,18.738,-84.3078],"timeVisible":6.36285,"type":"right","wrist":[-3.13406,153.452,84.3412]}],"id":1413213,"interactionBox":{"center":[0,200,0],"size":[235.247,235.247,147.751]},"pointables":[{"bases":[[[0.762403,0.550505,0.340126],[-0.646176,0.619563,0.445643],[0.0345987,-0.559541,0.82808]],[[0.716051,0.694207,0.0731313],[-0.697736,0.708659,0.104722],[0.0208733,-0.126012,0.991809]],[[0.716051,0.694207,0.0731313],[-0.587976,0.656288,-0.472832],[-0.376238,0.295572,0.878113]],[[0.716051,0.694207,0.0731313],[-0.32544,0.424679,-0.844829],[-0.617543,0.581141,0.530014]]],"btipPosition":[-6.36745,141.492,-12.8498],"carpPosition":[-32.2969,158.676,77.9198],"dipPosition":[-20.6498,154.933,-0.591801],"direction":[0.376238,-0.295572,-0.878113],"extended":false,"handId":409,"id":4090,"length":51.5018,"mcpPosition":[-32.2969,158.676,77.9198],"pipPosition":[-33.3265,164.892,28.9949],"stabilizedTipPosition":[-9.85613,146.107,-10.2883],"timeVisible":6.36285,"tipPosition":[-9.39486,144.57,-9.79371],"tipVelocity":[35.1395,-204.466,46.7968],"tool":false,"touchDistance":0.483567,"touchZone":"hovering","type":0,"width":20.0112},{"bases":[[[0.892065,-0.451872,-0.00561071],[0.421698,0.827907,0.369783],[-0.162449,-0.332237,0.929101]],[[0.902118,-0.424182,-0.0790682],[0.427934,0.90301,0.0380203],[0.0552718,-0.0681347,0.996144]],[[0.902118,-0.424182,-0.0790682],[0.40883,0.898873,-0.157748],[0.137986,0.109982,0.984309]],[[0.902118,-0.424182,-0.0790682],[0.385528,0.874675,-0.29379],[0.193779,0.23455,0.952594]]],"btipPosition":[-11.1872,193.752,-69.6888],"carpPosition":[-14.0834,173.292,79.7451],"dipPosition":[-7.91545,197.712,-53.605],"direction":[-0.137986,-0.109982,-0.984309],"extended":true,"handId":409,"id":4091,"length":58.114,"mcpPosition":[-2.273,197.447,12.1976],"pipPosition":[-4.6196,200.339,-30.0945],"stabilizedTipPosition":[-10.4857,194.869,-66.0201],"timeVisible":6.36285,"tipPosition":[-9.81556,196.076,-66.0003],"tipVelocity":[58.9224,-317.7,40.8876],"tool":false,"touchDistance":0.510174,"touchZone":"hovering","type":1,"width":19.1147},{"bases":[[[0.776869,-0.627076,0.0570095],[0.562773,0.732099,0.38382],[-0.282421,-0.266094,0.921646]],[[0.76911,-0.633909,0.0814177],[0.496868,0.512933,-0.700015],[0.401984,0.578843,0.709472]],[[0.76911,-0.633909,0.0814177],[-0.242813,-0.407659,-0.880259],[0.591195,0.657247,-0.467455]],[[0.76911,-0.633909,0.0814177],[-0.545664,-0.717624,-0.432743],[0.332747,0.288401,-0.897833]]],"btipPosition":[-25.0097,136.389,12.2312],"carpPosition":[-2.54149,169.439,79.7588],"dipPosition":[-18.8304,141.744,-4.44194],"direction":[-0.591195,-0.657247,0.467455],"extended":false,"handId":409,"id":4092,"length":66.2163,"mcpPosition":[16.9301,187.785,16.2156],"pipPosition":[-2.2172,160.214,-17.5779],"stabilizedTipPosition":[-25.6007,143.651,5.33666],"timeVisible":6.36285,"tipPosition":[-23.3413,137.807,7.53624],"tipVelocity":[67.2835,-235.095,89.2926],"tool":false,"touchDistance":0.333333,"touchZone":"none","type":2,"width":18.7732},{"bases":[[[0.682191,-0.712792,0.162919],[0.607549,0.676571,0.416097],[-0.406816,-0.184876,0.894607]],[[0.692492,-0.707768,0.139709],[0.579946,0.430965,-0.691326],[0.429089,0.559762,0.708907]],[[0.692492,-0.707768,0.139709],[-0.242493,-0.41075,-0.878909],[0.679449,0.57476,-0.45607]],[[0.692492,-0.707768,0.139709],[-0.592478,-0.668442,-0.449617],[0.411612,0.228582,-0.882228]]],"btipPosition":[-12.3897,129.505,22.1385],"carpPosition":[7.57326,162.731,80.0418],"dipPosition":[-4.78985,133.726,5.84934],"direction":[-0.679449,-0.57476,0.45607],"extended":false,"handId":409,"id":4093,"length":63.6687,"mcpPosition":[32.7557,174.175,24.6644],"pipPosition":[13.8103,149.46,-6.63573],"stabilizedTipPosition":[-14.5549,140.337,11.6668],"timeVisible":6.36285,"tipPosition":[-10.4445,130.504,17.4318],"tipVelocity":[68.0734,-218.849,100.489],"tool":false,"touchDistance":0.333333,"touchZone":"none","type":3,"width":17.8639},{"bases":[[[0.520697,-0.831324,0.194359],[0.667914,0.53846,0.513762],[-0.531757,-0.137699,0.835628]],[[0.550339,-0.822058,0.146111],[0.742581,0.401905,-0.535767],[0.381709,0.403353,0.831628]],[[0.550339,-0.822058,0.146111],[-0.140707,-0.263807,-0.954258],[0.823,0.504606,-0.260852]],[[0.550339,-0.822058,0.146111],[-0.606941,-0.514055,-0.606111],[0.573368,0.244886,-0.781844]]],"btipPosition":[5.16228,129.945,21.3504],"carpPosition":[13.7031,150.073,79.9326],"dipPosition":[14.9288,134.116,8.0328],"direction":[-0.823,-0.504606,0.260852],"extended":false,"handId":409,"id":4094,"length":49.9151,"mcpPosition":[44.1736,157.963,32.0499],"pipPosition":[30.8358,143.869,2.991],"stabilizedTipPosition":[4.06852,139.375,12.9919],"timeVisible":6.36285,"tipPosition":[7.0036,130.722,18.7244],"tipVelocity":[69.0078,-208.521,105.741],"tool":false,"touchDistance":0.333333,"touchZone":"none","type":4,"width":15.8681}],"r":[[0.888562,-0.457208,-0.0376663],[0.456778,0.88936,-0.019826],[0.0425635,0.000411532,0.999094]],"s":1.17295,"t":[-2.69975,18.738,-84.3078],"