{"sensorType":"Leap","data":[[0,{"currentFrameRate":55.1987,"devices":[],"gestures":[],"hands":[{"armBasis":[[0.772272,-0.577193,-0.265414],[0.618062,0.779256,0.103726],[0.146955,-0.244147,0.958539]],"armWidth":62.9686,"confidence":0.783789,"direction":[0.361255,0.640184,-0.677981],"elbow":[33.7364,72.5061,320.374],"grabStrength":0.387134,"id":409,"palmNormal":[-0.504486,-0.477299,-0.7195],"palmPosition":[5.74306,174.308,26.5041],"palmVelocity":[41.7666,536.59,-170.386],"palmWidth":89.917,"pinchStrength":0.993689,"r":[[0.544594,-0.81965,-0.177738],[0.816776,0.470175,0.334384],[-0.19051,-0.327276,0.925525]],"s":1.48335,"sphereCenter":[-15.3103,167.273,-14.4823],"sphereRadius":40.9675,"stabilizedPalmPosition":[5.67229,173.36,26.7705],"t":[-5.61631,5.98212,-89.0938],"timeVisible":50.5345,"type":"right","wrist":[-5.47365,137.648,64.6209]}],"id":1415641,"interactionBox":{"center":[0,200,0],"size":[235.247,235.247,147.751]},"pointables":[{"bases":[[[0.837283,0.309605,0.450668],[-0.546502,0.448063,0.707514],[0.0171218,-0.83868,0.544355]],[[0.730267,0.668513,0.140713],[-0.660847,0.639054,0.393562],[0.173178,-0.380395,0.908465]],[[0.730267,0.668513,0.140713],[-0.681516,0.698598,0.217937],[0.0473918,-0.25505,0.965766]],[[0.730267,0.668513,0.140713],[-0.373822,0.56343,-0.736752],[-0.57181,0.485425,0.661359]]],"btipPosition":[-31.0871,163.479,-29.1738],"carpPosition":[-34.1722,147.348,63.4756],"dipPosition":[-44.3117,174.706,-13.8781],"direction":[-0.0473918,0.25505,-0.965766],"extended":false,"handId":409,"id":4090,"length":51.5018,"mcpPosition":[-34.1722,147.348,63.4756],"pipPosition":[-42.7149,166.112,18.6619],"stabilizedTipPosition":[-34.1885,165.397,-25.4654],"timeVisible":50.5345,"tipPosition":[-33.0706,164.747,-25.593],"tipVelocity":[38.3881,520.412,-165.783],"tool":false,"touchDistance":0.254708,"touchZone":"hovering","type":0,"width":20.0112},{"bases":[[[0.833735,-0.485921,-0.262234],[0.5322,0.580628,0.616145],[-0.147137,-0.653262,0.742697]],[[0.844835,-0.411441,-0.342009],[0.461777,0.883584,0.077726],[0.270214,-0.223598,0.936477]],[[0.844835,-0.411441,-0.342009],[0.415507,0.907261,-0.0650559],[0.337058,-0.0871455,0.937442]],[[0.844835,-0.411441,-0.342009],[0.381005,0.911436,-0.155306],[0.375618,0.000900489,0.926774]]],"btipPosition":[-29.5215,217.595,-62.784],"carpPosition":[-14.3538,158.542,69.0093],"dipPosition":[-23.1795,217.61,-47.1362],"direction":[-0.337058,0.0871455,-0.937442],"extended":true,"handId":409,"id":4091,"length":58.114,"mcpPosition":[-3.65661,206.036,15.0137],"pipPosition":[-15.1287,215.529,-24.7451],"stabilizedTipPosition":[-28.0694,217.127,-59.0757],"timeVisible":50.5345,"tipPosition":[-28.8587,215.597,-58.9091],"tipVelocity":[12.3329,574.038,-157.517],"tool":false,"touchDistance":0.276078,"touchZone":"hovering","type":1,"width":19.1147},{"bases":[[[0.703166,-0.661527,-0.260652],[0.662131,0.475635,0.579097],[-0.259113,-0.579787,0.772468]],[[0.692028,-0.684594,-0.228971],[0.53841,0.700783,-0.467994],[0.480845,0.200584,0.853554]],[[0.692028,-0.684594,-0.228971],[-0.417531,-0.120851,-0.90059],[0.588867,0.718837,-0.369472]],[[0.692028,-0.684594,-0.228971],[-0.704629,-0.571706,-0.420297],[0.156829,0.452198,-0.878022]]],"btipPosition":[-27.8362,155.872,-0.769862],"carpPosition":[-3.33702,154.05,66.4569],"dipPosition":[-24.9238,164.269,-17.0751],"direction":[-0.588867,-0.718837,0.369472],"extended":false,"handId":409,"id":4092,"length":66.2163,"mcpPosition":[14.5276,194.024,13.1988],"pipPosition":[-8.37602,184.469,-27.4576],"stabilizedTipPosition":[-27.2561,156.966,-4.28293],"timeVisible":50.5345,"tipPosition":[-27.1504,157.889,-4.80913],"tipVelocity":[52.7884,512.87,-161.951],"tool":false,"touchDistance":0.333333,"touchZone":"none","type":2,"width":18.7732},{"bases":[[[0.605443,-0.773598,-0.187044],[0.70208,0.408432,0.583324],[-0.374864,-0.484489,0.79041]],[[0.605631,-0.773355,-0.187441],[0.588162,0.593705,-0.549163],[0.535982,0.222345,0.814423]],[[0.605631,-0.773355,-0.187441],[-0.481052,-0.168182,-0.860409],[0.633877,0.611259,-0.47388]],[[0.605631,-0.773355,-0.187441],[-0.77824,-0.526505,-0.342249],[0.165992,0.353151,-0.920723]]],"btipPosition":[-14.9211,143.871,8.28317],"carpPosition":[5.95686,146.952,63.197],"dipPosition":[-11.8563,150.392,-8.71676],"direction":[-0.633877,-0.611259,0.47388],"extended":false,"handId":409,"id":4093,"length":63.6687,"mcpPosition":[29.1614,176.942,14.2696],"pipPosition":[5.49632,167.125,-21.6894],"stabilizedTipPosition":[-14.3473,144.343,4.65912],"timeVisible":50.5345,"tipPosition":[-14.2495,145.408,3.95364],"tipVelocity":[64.7156,521.563,-163.53],"tool":false,"touchDistance":0.333333,"touchZone":"none","type":3,"width":17.8639},{"bases":[[[0.433605,-0.881252,-0.188099],[0.751807,0.238718,0.614655],[-0.496763,-0.407931,0.766041]],[[0.410461,-0.898966,-0.152912],[0.717234,0.421829,-0.55465],[0.563114,0.117989,0.817913]],[[0.410461,-0.898966,-0.152912],[-0.49454,-0.0785673,-0.865597],[0.766128,0.430915,-0.476823]],[[0.410461,-0.898966,-0.152912],[-0.87062,-0.336471,-0.358898],[0.271187,0.280442,-0.920766]]],"btipPosition":[-0.0334676,141.024,10.1074],"carpPosition":[10.6049,134.877,57.6823],"dipPosition":[4.5858,145.801,-5.57646],"direction":[-0.766128,-0.430915,0.476823],"extended":false,"handId":409,"id":4094,"length":49.9151,"mcpPosition":[39.0701,158.252,13.7871],"pipPosition":[19.3936,154.129,-14.7926],"stabilizedTipPosition":[0.896934,141.114,6.78939],"timeVisible":50.5345,"tipPosition":[0.859694,142.459,6.36175],"tipVelocity":[68.429,533.826,-170.298],"tool":false,"touchDistance":0.333333,"touchZone":"none","type":4,"width":15.8681}],"r":[[0.544594,-0.81965,-0.177738],[0.816776,0.470175,0.334384],[-0.19051,-0.327276,0.925525]],"s":1.48335,"t":[-5.61631,5.98212,-89.0938],"timestamp":88755383359},false],[1,{"currentFrameRate":55.3436,"devices":[],"gestures":[],"hands":[{"armBasis":[[0.77243,-0.575273,-0.269095],[0.618025,0.778445,0.10986],[0.146276,-0.251166,0.956828]],"armWidth":62.9686,"confidence":0.687401,"direction":[0.362409,0.648684,-0.669229],"elbow":[34.1877,78.5183,316.41],"grabStrength":0.378045,"id":409,"palmNormal":[-0.50379,-0.467761,-0.72622],"palmPosition":[6.44084,182.675,23.4853],"palmVelocity":[40.8133,508.507,-171.059],"palmWidth":89.917,"pinchStrength":0.992134,"r":[[0.553848,-0.811782,-0.185102],[0.812276,0.477956,0.334313],[-0.182918,-0.335512,0.924106]],"s":1.49059,"sphereCenter":[-14.6643,176.355,-17.5492],"sphereRadius":41.0223,"stabilizedPalmPosition":[6.36998,181.816,23.7883],"t":[-4.89176,15.0685,-92.1479],"timeVisible":50.552,"type":"right","wrist":[-4.84106,145.533,61.1131]}],"id":1415642,"interactionBox":{"center":[0,200,0],"size":[235.247,235.247,147.751]},"pointables":[{"bases":[[[0.836852,0.303382,0.455673],[-0.547194,0.439181,0.71253],[0.0160461,-0.845624,0.533538]],[[0.730686,0.66587,0.150717],[-0.660584,0.633808,0.402388],[0.172412,-0.393581,0.902977]],[[0.730686,0.66587,0.150717],[-0.681204,0.69641,0.225774],[0.0453753,-0.267639,0.96245]],[[0.730686,0.66587,0.150717],[-0.370718,0.572358,-0.73142],[-0.573294,0.478565,0.665064]]],"btipPosition":[-30.3085,172.625,-32.2963],"carpPosition":[-33.5337,155.26,60.0563],"dipPosition":[-43.5675,183.693,-16.9149],"direction":[-0.0453753,0.267639,-0.96245],"extended":false,"handId":409,"id":4090,"length":51.5018,"mcpPosition":[-33.5337,155.26,60.0563],"pipPosition":[-42.0386,174.675,15.5134],"stabilizedTipPosition":[-33.4188,174.456,-28.518],"timeVisible":50.552,"tipPosition":[-32.3487,173.889,-28.7388],"tipVelocity":[40.9389,519.53,-170.827],"tool":false,"touchDistance":0.254133,"touchZone":"hovering","type":0,"width":20.0112},{"bases":[[[0.833845,-0.482902,-0.267412],[0.531683,0.572399,0.624238],[-0.14838,-0.662696,0.734042]],[[0.845094,-0.40723,-0.346381],[0.46342,0.881052,0.0948158],[0.266568,-0.240648,0.93329]],[[0.845094,-0.40723,-0.346381],[0.418101,0.907209,-0.046504],[0.333178,-0.105522,0.936941]],[[0.845094,-0.40723,-0.346381],[0.384169,0.91315,-0.136276],[0.371793,-0.0179028,0.928143]]],"btipPosition":[-28.4825,227.592,-65.2812],"carpPosition":[-13.7172,166.373,65.7587],"dipPosition":[-22.2051,227.29,-49.6103],"direction":[-0.333178,0.105522,-0.936941],"extended":true,"handId":409,"id":4091,"length":58.114,"mcpPosition":[-2.92968,214.553,12.3924],"pipPosition":[-14.247,224.769,-27.2312],"stabilizedTipPosition":[-27.0863,227.043,-61.5568],"timeVisible":50.552,"tipPosition":[-27.8212,225.571,-61.452],"tipVelocity":[33.7331,569.783,-150.219],"tool":false,"touchDistance":0.279066,"touchZone":"hovering","type":1,"width":19.1147},{"bases":[[[0.703193,-0.658452,-0.268254],[0.661613,0.46783,0.586006],[-0.26036,-0.589556,0.764615]],[[0.692051,-0.681829,-0.237012],[0.538552,0.706325,-0.459419],[0.480653,0.190299,0.856014]],[[0.692051,-0.681829,-0.237012],[-0.417937,-0.110761,-0.901699],[0.588553,0.723077,-0.361614]],[[0.692051,-0.681829,-0.237012],[-0.704718,-0.567062,-0.426396],[0.156329,0.462114,-0.872933]]],"btipPosition":[-27.0852,164.591,-3.95515],"carpPosition":[-2.69925,161.909,63.1626],"dipPosition":[-24.1821,173.173,-20.1659],"direction":[-0.588553,-0.723077,0.361614],"extended":false,"handId":409,"id":4092,"length":66.2163,"mcpPosition":[15.2513,202.556,10.446],"pipPosition":[-7.64314,193.492,-30.3276],"stabilizedTipPosition":[-26.4907,165.727,-7.38681],"timeVisible":50.552,"tipPosition":[-26.4087,166.659,-7.99886],"tipVelocity":[48.0569,506.283,-170.39],"tool":false,"touchDistance":0.333333,"touchZone":"none","type":2,"width":18.7732},{"bases":[[[0.605325,-0.771414,-0.196218],[0.701526,0.400558,0.589419],[-0.376089,-0.494442,0.783635]],[[0.605509,-0.771172,-0.196602],[0.586543,0.599404,-0.544686],[0.53789,0.214497,0.81527]],[[0.605509,-0.771172,-0.196602],[-0.483557,-0.160302,-0.860509],[0.632085,0.616115,-0.46997]],[[0.605509,-0.771172,-0.196602],[-0.778719,-0.523157,-0.346271],[0.16418,0.362768,-0.917303]]],"btipPosition":[-14.2083,152.421,5.12139],"carpPosition":[6.5955,154.849,59.8234],"dipPosition":[-11.1769,159.119,-11.8154],"direction":[-0.632085,-0.616114,0.46997],"extended":false,"handId":409,"id":4093,"length":63.6687,"mcpPosition":[29.8759,185.455,11.3154],"pipPosition":[6.12659,175.985,-24.681],"stabilizedTipPosition":[-13.5942,153.005,1.56734],"timeVisible":50.552,"tipPosition":[-13.536,154.03,0.739104],"tipVelocity":[53.2713,506.386,-170.801],"tool":false,"touchDistance":0.333333,"touchZone":"none","type":3,"width":17.8639},{"bases":[[[0.43344,-0.878964,-0.198876],[0.751135,0.230432,0.618626],[-0.497922,-0.41752,0.760099]],[[0.41119,-0.896426,-0.165356],[0.714604,0.429621,-0.552058],[0.565919,0.108836,0.817245]],[[0.41119,-0.896426,-0.165356],[-0.498258,-0.0691263,-0.864269],[0.763323,0.437768,-0.475076]],[[0.41119,-0.896426,-0.165356],[-0.871275,-0.333177,-0.360379],[0.267961,0.292255,-0.918033]]],"btipPosition":[0.684223,149.526,6.86826],"carpPosition":[11.245,142.844,54.1597],"dipPosition":[5.24854,154.504,-8.76908],"direction":[-0.763323,-0.437768,0.475076],"extended":false,"handId":409,"id":4094,"length":49.9151,"mcpPosition":[39.7766,166.769,10.605],"pipPosition":[20.0022,162.966,-17.9514],"stabilizedTipPosition":[1.65227,149.738,3.61519],"timeVisible":50.552,"tipPosition":[1.58101,151.018,3.06754],"tipVelocity":[55.2543,511.842,-176.57],"tool":false,"touchDistance":0.333333,"touchZone":"none","type":4,"width":15.8681}],"r":[[0.553848,-0.811782,-0.185102],[0.812276,0.477956,0.334313],[-0.182918,-0.335512,0.924106]],"s":1.49059,"t":[-4.89176,15.0685,-92.1479],"timestamp":88755400927},false],[2,{"currentFrameRate":55.3455,"devices":[],"gestures":[],"hands":[{"armBasis":[[0.777476,-0.564099,-0.278072],[0.613075,0.778392,0.135076],[0.140252,-0.275497,0.951016]],"armWidth":62.9686,"confidence":0.650764,"direction":[0.351337,0.654042,-0.669918],"elbow":[32.9057,81.6497,311.487],"grabStrength":0.368984,"id":409,"palmNormal":[-0.504734,-0.470337,-0.723897],"palmPosition":[6.1379,192.514,20.1437],"palmVelocity":[13.4639,525.709,-177.685],"palmWidth":89.917,"pinchStrength":0.980507,"r":[[0.562394,-0.8042,-0.192287],[0.808188,0.485466,0.333399],[-0.174771,-0.342906,0.922968]],"s":1.49712,"sphereCenter":[-15.3159,186.303,-20.6543],"sphereRadius":41.0593,"stabilizedPalmPosition":[6.15669,191.647,20.4389],"t":[-4.68096,24.5311,-95.3458],"timeVisible":50.5701,"type":"right","wrist":[-4.51584,155.157,57.7411]}],"id":1415643,"interactionBox":{"center":[0,200,0],"size":[235.247,235.247,147.751]},"pointables":[{"bases":[[[0.837314,0.309901,0.450407],[-0.546008,0.431902,0.717869],[0.0279371,-0.847008,0.530846]],[[0.726028,0.671505,0.148206],[-0.662892,0.626097,0.410582],[0.182916,-0.396339,0.899699]],[[0.726028,0.671505,0.148206],[-0.685628,0.690285,0.231131],[0.0529009,-0.269422,0.961568]],[[0.726028,0.671505,0.148206],[-0.376788,0.568749,-0.731133],[-0.575251,0.47498,0.665943]]],"btipPosition":[-30.8069,182.26,-35.2562],"carpPosition":[-33.3056,164.616,56.9253],"dipPosition":[-44.1111,193.245,-19.8545],"direction":[-0.0529009,0.269422,-0.961568],"extended":false,"handId":409,"id":4090,"length":51.5018,"mcpPosition":[-33.3056,164.616,56.9253],"pipPosition":[-42.3287,184.167,12.5441],"stabilizedTipPosition":[-33.8381,184.124,-31.5089],"timeVisible":50.5701,"tipPosition":[-32.9465,183.588,-31.7471],"tipVelocity":[8.11782,525.63,-167.402],"tool":false,"touchDistance":0.256046,"touchZone":"hovering","type":0,"width":20.0112},{"bases":[[[0.836342,-0.474237,-0.275011],[0.530888,0.575533,0.622029],[-0.136712,-0.666229,0.733109]],[[0.846297,-0.398209,-0.353852],[0.45729,0.883776,0.0991239],[0.273254,-0.245701,0.930034]],[[0.846297,-0.398209,-0.353852],[0.411412,0.910539,-0.0407189],[0.338411,-0.111119,0.934415]],[[0.846297,-0.398209,-0.353852],[0.37719,0.916991,-0.129826],[0.376177,-0.0235977,0.926247]]],"btipPosition":[-29.6492,237.818,-68.2265],"carpPosition":[-13.5527,175.898,62.515],"dipPosition":[-23.2978,237.42,-52.5876],"direction":[-0.33841,0.111119,-0.934415],"extended":true,"handId":409,"id":4091,"length":58.114,"mcpPosition":[-3.61351,224.334,9.21652],"pipPosition":[-15.2147,234.766,-30.2688],"stabilizedTipPosition":[-28.1447,237.304,-64.5079],"timeVisible":50.5701,"tipPosition":[-28.9438,235.813,-64.4254],"tipVelocity":[-12.5175,567.487,-156.514],"tool":false,"touchDistance":0.275967,"touchZone":"hovering","type":1,"width":19.1147},{"bases":[[[0.707343,-0.651006,-0.275421],[0.661508,0.472305,0.582525],[-0.249144,-0.594238,0.764728]],[[0.696747,-0.674386,-0.244432],[0.523662,0.711083,-0.469189],[0.490226,0.198907,0.848595]],[[0.696747,-0.674386,-0.244432],[-0.431048,-0.121257,-0.894144],[0.573359,0.728355,-0.375178]],[[0.696747,-0.674386,-0.244432],[-0.703993,-0.577507,-0.413376],[0.137614,0.460097,-0.877139]]],"btipPosition":[-27.3535,174.03,-6.48862],"carpPosition":[-2.51285,171.546,59.8243],"dipPosition":[-24.798,182.574,-22.7774],"direction":[-0.573359,-0.728355,0.375178],"extended":false,"handId":409,"id":4092,"length":66.2163,"mcpPosition":[14.6645,212.516,7.09995],"pipPosition":[-8.68599,203.041,-33.3203],"stabilizedTipPosition":[-26.7458,175.248,-10.0278],"timeVisible":50.5701,"tipPosition":[-26.7646,176.157,-10.7314],"tipVelocity":[16.0752,513.788,-156.555],"tool":false,"touchDistance":0.333333,"touchZone":"none","type":2,"width":18.7732},{"bases":[[[0.611076,-0.765097,-0.203007],[0.702075,0.405403,0.585439],[-0.365618,-0.500275,0.784888]],[[0.611213,-0.764911,-0.203299],[0.574711,0.605539,-0.550482],[0.544176,0.219623,0.809715]],[[0.611213,-0.764911,-0.203299],[-0.491098,-0.165091,-0.855317],[0.620679,0.622621,-0.476552]],[[0.611213,-0.764911,-0.203299],[-0.776794,-0.530525,-0.339314],[0.151689,0.365315,-0.918442]]],"btipPosition":[-14.3637,162.064,2.06222],"carpPosition":[6.82285,164.583,56.3953],"dipPosition":[-11.563,168.809,-14.8956],"direction":[-0.620679,-0.622621,0.476552],"extended":false,"handId":409,"id":4093,"length":63.6687,"mcpPosition":[29.4551,195.551,7.80977],"pipPosition":[5.42827,185.854,-27.9413],"stabilizedTipPosition":[-13.7089,162.716,-1.54921],"timeVisible":50.5701,"tipPosition":[-13.7404,163.706,-2.37095],"tipVelocity":[22.489,519.753,-170.249],"tool":false,"touchDistance":0.333333,"touchZone":"none","type":3,"width":17.8639},{"bases":[[[0.440194,-0.874253,-0.204723],[0.753494,0.235666,0.613765],[-0.48834,-0.424433,0.762483]],[[0.419049,-0.891496,-0.172143],[0.704805,0.43891,-0.557322],[0.572406,0.112218,0.812256]],[[0.419049,-0.891496,-0.172143],[-0.505582,-0.0716261,-0.859801],[0.754179,0.447331,-0.480739]],[[0.419049,-0.891496,-0.172143],[-0.870863,-0.340993,-0.354009],[0.256898,0.29826,-0.919263]]],"btipPosition":[0.571522,159.313,3.5379],"carpPosition":[11.5429,152.64,50.6612],"dipPosition":[4.94741,164.393,-12.1204],"direction":[-0.754179,-0.447331,0.480739],"extended":false,"handId":409,"id":4094,"length":49.9151,"mcpPosition":[39.5254,176.96,6.96983],"pipPosition":[19.5243,173.039,-21.4122],"stabilizedTipPosition":[1.58434,159.56,0.251718],"timeVisible":50.5701,"tipPosition":[1.42969,160.829,-0.282705],"tipVelocity":[24.9093,526.698,-180.408],"tool":false,"touchDistance":0.333333,"touchZone":"none","type":4,"width":15.8681}],"r":[[0.562394,-0.8042,-0.192287],[0.808188,0.485466,0.333399],[-0.174771,-0.342906,0.922968]],"s":1.49712,"t":[-4.68096,24.5311,-95.3458],"timestamp":88755418989},false],[3,{"currentFrameRate":55.3461,"devices":[],"gestures":[],"hands":[{"armBasis":[[0.785887,-0.553898,-0.274917],[0.605846,0.778715,0.162951],[0.123824,-0.294618,0.947559]],"armWidth":62.9686,"confidence":0.663051,"direction":[0.345313,0.665765,-0.66145],"elbow":[28.7057,85.5557,307.428],"grabStrength":0.360962,"id":409,"palmNormal":[-0.499292,-0.466455,-0.730156],"palmPosition":[5.97707,202.088,17.4807],"palmVelocity":[2.83984,527.722,-163.301],"palmWidth":89.917,"pinchStrength":0.966624,"r":[[0.570787,-0.796395,-0.199893],[0.803798,0.49224,0.334078],[-0.167663,-0.35136,0.921105]],"s":1.50328,"sphereCenter":[-15.4829,196.346,-23.3031],"sphereRadius":41.0947,"stabilizedPalmPosition":[5.99018,201.326,17.6966],"t":[-4.65597,34.0495,-98.2762],"timeVisible":50.5881,"type":"right","wrist":[-4.33248,164.165,54.6042]}],"id":1415644,"interactionBox":{"center":[0,200,0],"size":[235.247,235.247,147.751]},"pointables":[{"bases":[[[0.833726,0.31277,0.455055],[-0.551002,0.417484,0.722568],[0.0360198,-0.85316,0.520405]],[[0.719595,0.676166,0.158061],[-0.668922,0.613915,0.419109],[0.186351,-0.407319,0.894072]],[[0.719595,0.676166,0.158061],[-0.692347,0.681174,0.238027],[0.0532789,-0.280716,0.958311]],[[0.719595,0.676166,0.158061],[-0.378553,0.572818,-0.727033],[-0.582135,0.463335,0.668161]]],"btipPosition":[-30.74,192.177,-37.9703],"carpPosition":[-33.2157,173.342,53.8752],"dipPosition":[-44.2034,202.893,-22.5173],"direction":[-0.0532789,0.280716,-0.958311],"extended":false,"handId":409,"id":4090,"length":51.5018,"mcpPosition":[-33.2157,173.342,53.8752],"pipPosition":[-42.4082,193.434,9.77155],"stabilizedTipPosition":[-33.8367,194.026,-34.246],"timeVisible":50.5881,"tipPosition":[-32.9773,193.497,-34.4953],"tipVelocity":[5.05839,535.078,-158.937],"tool":false,"touchDistance":0.261277,"touchZone":"hovering","type":0,"width":20.0112},{"bases":[[[0.841346,-0.462338,-0.279964],[0.524473,0.573157,0.629618],[-0.130633,-0.67656,0.724708]],[[0.850609,-0.385129,-0.357966],[0.449474,0.885864,0.114968],[0.272832,-0.258689,0.92663]],[[0.850609,-0.385129,-0.357966],[0.403916,0.914479,-0.0240734],[0.336624,-0.124111,0.933424]],[[0.850609,-0.385129,-0.357966],[0.369944,0.92215,-0.113052],[0.373638,-0.0362638,0.926865]]],"btipPosition":[-30.0179,248.5,-70.3491],"carpPosition":[-13.583,184.753,59.6238],"dipPosition":[-23.7094,247.888,-54.6998],"direction":[-0.336624,0.124111,-0.933424],"extended":true,"handId":409,"id":4091,"length":58.114,"mcpPosition":[-4.08575,233.941,6.93612],"pipPosition":[-15.669,244.923,-32.4047],"stabilizedTipPosition":[-28.5525,247.98,-66.6729],"timeVisible":50.5881,"tipPosition":[-29.2909,246.484,-66.5894],"tipVelocity":[-16.527,577.487,-137.916],"tool":false,"touchDistance":0.283368,"touchZone":"hovering","type":1,"width":19.1147},{"bases":[[[0.714142,-0.640383,-0.282685],[0.656166,0.471749,0.588981],[-0.243817,-0.606104,0.757094]],[[0.703808,-0.664135,-0.252147],[0.511675,0.720147,-0.46859],[0.49279,0.20078,0.846667]],[[0.703808,-0.664135,-0.252147],[-0.436662,-0.124478,-0.890972],[0.560339,0.737177,-0.377612]],[[0.703808,-0.664135,-0.252147],[-0.699155,-0.584699,-0.411473],[0.125844,0.465888,-0.875849]]],"btipPosition":[-27.2429,183.403,-8.75919],"carpPosition":[-2.49727,180.546,56.8911],"dipPosition":[-24.906,192.055,-25.0241],"direction":[-0.560339,-0.737177,0.377612],"extended":false,"handId":409,"id":4092,"length":66.2163,"mcpPosition":[14.3128,222.334,4.69309],"pipPosition":[-9.15983,212.77,-35.6353],"stabilizedTipPosition":[-26.7079,184.76,-12.3458],"timeVisible":50.5881,"tipPosition":[-26.7067,185.627,-13.161],"tipVelocity":[10.0261,516.847,-141.745],"tool":false,"touchDistance":0.333333,"touchZone":"none","type":2,"width":18.7732},{"bases":[[[0.618968,-0.756325,-0.211781],[0.697405,0.40523,0.591113],[-0.361254,-0.513578,0.778289]],[[0.619049,-0.756209,-0.211955],[0.565482,0.616482,-0.547887],[0.544984,0.219312,0.809256]],[[0.619049,-0.756209,-0.211955],[-0.493152,-0.164257,-0.854295],[0.611211,0.633377,-0.47461]],[[0.619049,-0.756209,-0.211955],[-0.771867,-0.536043,-0.341876],[0.144913,0.37524,-0.91553]]],"btipPosition":[-14.1967,171.562,-0.624942],"carpPosition":[6.91151,173.721,53.3864],"dipPosition":[-11.521,178.49,-17.529],"direction":[-0.611211,-0.633377,0.47461],"extended":false,"handId":409,"id":4093,"length":63.6687,"mcpPosition":[29.2736,205.512,5.20925],"pipPosition":[5.21106,195.829,-30.5216],"stabilizedTipPosition":[-13.5909,172.369,-4.28976],"timeVisible":50.5881,"tipPosition":[-13.5916,173.287,-5.13087],"tipVelocity":[15.4431,523.684,-159.708],"tool":false,"touchDistance":0.333333,"touchZone":"none","type":3,"width":17.8639},{"bases":[[[0.4492,-0.867172,-0.215017],[0.750513,0.235685,0.6174],[-0.484715,-0.43871,0.756693]],[[0.42827,-0.884973,-0.182779],[0.700985,0.452998,-0.550829],[0.570267,0.107778,0.814358]],[[0.42827,-0.884973,-0.182779],[-0.503872,-0.065961,-0.861256],[0.750132,0.460947,-0.474162]],[[0.42827,-0.884973,-0.182779],[-0.867009,-0.345396,-0.359162],[0.254718,0.312289,-0.915202]]],"btipPosition":[0.768365,169.041,0.449189],"carpPosition":[11.7573,161.897,47.5105],"dipPosition":[5.10711,174.361,-15.1399],"direction":[-0.750132,-0.460947,0.474162],"extended":false,"handId":409,"id":4094,"length":49.9151,"mcpPosition":[39.5322,187.036,4.15088],"pipPosition":[19.6058,183.27,-24.3046],"stabilizedTipPosition":[1.75187,169.417,-2.86797],"timeVisible":50.5881,"tipPosition":[1.61452,170.607,-3.34313],"tipVelocity":[18.0282,533.751,-175.506],"tool":false,"touchDistance":0.333333,"touchZone":"none","type":4,"width":15.8681}],"r":[[0.570787,-0.796395,-0.199893],[0.803798,0.49224,0.334078],[-0.167663,-0.35136,0.921105]],"s":1.50328,"t":[-4.65597,34.0495,-98.2762],"timestamp":88755437055},false],[4,{"currentFrameRate":55.3408,"devices":[],"gestures":[],"hands":[{"armBasis":[[0.787822,-0.556366,-0.264186],[0.60422,0.781316,0.156407],[0.119393,-0.282847,0.951705]],"armWidth":62.9686,"confidence":0.675065,"direction":[0.339569,0.672223,-0.657882],"elbow":[28.251,96.3459,306.301],"grabStrength":0.35041,"id":409,"palmNormal":[-0.502353,-0.461713,-0.73107],"palmPosition":[6.38083,210.074,15.5055],"palmVelocity":[12.1019,486.756,-137.581],"palmWidth":89.917,"pinchStrength":0.959346,"r":[[0.577604,-0.789383,-0.207963],[0.800359,0.497501,0.334541],[-0.160619,-0.359678,0.919148]],"s":1.50882,"sphereCenter":[-15.4178,204.785,-25.1191],"sphereRadius":41.1485,"stabilizedPalmPosition":[6.35607,209.52,15.6443],"t":[-4.4416,42.802,-100.729],"timeVisible":50.6062,"type":"right","wrist":[-3.60502,171.814,52.3704]}],"id":1415645,"interactionBox":{"center":[0,200,0],"size":[235.247,235.247,147.751]},"pointables":[{"bases":[[[0.835563,0.311259,0.452717],[-0.547831,0.409904,0.729287],[0.0414264,-0.857378,0.513018]],[[0.719382,0.675806,0.160545],[-0.667148,0.607877,0.430581],[0.193397,-0.41686,0.888159]],[[0.719382,0.675806,0.160545],[-0.692283,0.678632,0.245364],[0.0568671,-0.287653,0.956045]],[[0.719382,0.675806,0.160545],[-0.378782,0.575406,-0.724867],[-0.582249,0.460645,0.66992]]],"btipPosition":[-30.507,200.519,-39.6289],"carpPosition":[-32.5169,180.917,51.8892],"dipPosition":[-43.973,211.172,-24.1353],"direction":[-0.0568671,0.287653,-0.956045],"extended":false,"handId":409,"id":4090,"length":51.5018,"mcpPosition":[-32.5169,180.917,51.8892],"pipPosition":[-42.057,201.48,8.07726],"stabilizedTipPosition":[-33.6157,202.527,-35.9753],"timeVisible":50.6062,"tipPosition":[-32.8432,201.893,-36.2068],"tipVelocity":[8.76173,499.572,-126.724],"tool":false,"touchDistance":0.271946,"touchZone":"hovering","type":0,"width":20.0112},{"bases":[[[0.84092,-0.457654,-0.288801],[0.526646,0.569321,0.631282],[-0.124488,-0.682954,0.719776]],[[0.849516,-0.379627,-0.366341],[0.449404,0.884454,0.125604],[0.276329,-0.271338,0.921964]],[[0.849516,-0.379627,-0.366341],[0.403606,0.914853,-0.0121],[0.339742,-0.137578,0.930402]],[[0.849516,-0.379627,-0.366341],[0.369436,0.923794,-0.100603],[0.376615,-0.0498762,0.925026]]],"btipPosition":[-30.0363,257.635,-71.6961],"carpPosition":[-12.8814,192.334,57.6169],"dipPosition":[-23.6775,256.792,-56.0779],"direction":[-0.339742,0.137578,-0.930402],"extended":true,"handId":409,"id":4091,"length":58.114,"mcpPosition":[-3.83088,241.986,5.2878],"pipPosition":[-15.5627,253.506,-33.8549],"stabilizedTipPosition":[-28.5732,257.18,-68.0645],"timeVisible":50.6062,"tipPosition":[-29.291,255.586,-67.9749],"tipVelocity":[-8.8492,541.635,-107.94],"tool":false,"touchDistance":0.29205,"touchZone":"hovering","type":1,"width":19.1147},{"bases":[[[0.714186,-0.636021,-0.29226],[0.658371,0.468621,0.589018],[-0.237669,-0.613084,0.75342]],[[0.704134,-0.659976,-0.261966],[0.503223,0.724102,-0.471639],[0.500961,0.20027,0.84198]],[[0.704134,-0.659976,-0.261966],[-0.446895,-0.1252,-0.885782],[0.551797,0.740781,-0.383098]],[[0.704134,-0.659976,-0.261966],[-0.700885,-0.586862,-0.405404],[0.113819,0.469067,-0.875797]]],"btipPosition":[-26.8961,191.383,-10.237],"carpPosition":[-1.80073,188.181,54.7835],"dipPosition":[-24.7824,200.094,-26.5009],"direction":[-0.551797,-0.740781,0.383098],"extended":false,"handId":409,"id":4092,"length":66.2163,"mcpPosition":[14.5854,230.45,2.83879],"pipPosition":[-9.27635,220.911,-37.2664],"stabilizedTipPosition":[-26.425,192.95,-13.8951],"timeVisible":50.6062,"tipPosition":[-26.4195,193.661,-14.7283],"tipVelocity":[13.0259,481.227,-113.194],"tool":false,"touchDistance":0.333333,"touchZone":"none","type":2,"width":18.7732},{"bases":[[[0.61975,-0.752814,-0.221768],[0.699802,0.4022,0.590349],[-0.355228,-0.521063,0.776084]],[[0.619816,-0.752717,-0.221912],[0.558245,0.621666,-0.549449],[0.551535,0.216676,0.805519]],[[0.619816,-0.752717,-0.221912],[-0.500148,-0.161,-0.850841],[0.604715,0.638354,-0.47626]],[[0.619816,-0.752717,-0.221912],[-0.772734,-0.536128,-0.339778],[0.136783,0.382079,-0.913951]]],"btipPosition":[-13.8369,179.569,-2.5277],"carpPosition":[7.60555,181.411,51.1661],"dipPosition":[-11.3114,186.624,-19.4026],"direction":[-0.604715,-0.638354,0.47626],"extended":false,"handId":409,"id":4093,"length":63.6687,"mcpPosition":[29.5946,213.666,3.12549],"pipPosition":[5.24289,204.099,-32.4404],"stabilizedTipPosition":[-13.2775,180.625,-6.27289],"timeVisible":50.6062,"tipPosition":[-13.2576,181.35,-7.05754],"tipVelocity":[16.6496,485.945,-133.615],"tool":false,"touchDistance":0.333333,"touchZone":"none","type":3,"width":17.8639},{"bases":[[[0.450267,-0.864099,-0.224928],[0.753525,0.232589,0.6149],[-0.479019,-0.446358,0.755847]],[[0.429658,-0.88216,-0.19284],[0.69697,0.459761,-0.550321],[0.574132,0.102046,0.812379]],[[0.429658,-0.88216,-0.19284],[-0.508131,-0.0596627,-0.859211],[0.746456,0.467155,-0.473888]],[[0.429658,-0.88216,-0.19284],[-0.868036,-0.344653,-0.35739],[0.248812,0.320948,-0.91383]]],"btipPosition":[1.16967,177.166,-1.80949],"carpPosition":[12.4484,169.65,45.1628],"dipPosition":[5.40783,182.632,-17.3752],"direction":[-0.746456,-0.467155,0.473888],"extended":false,"handId":409,"id":4094,"length":49.9151,"mcpPosition":[39.8969,195.227,1.85171],"pipPosition":[19.8354,191.662,-26.5346],"stabilizedTipPosition":[2.1166,177.784,-5.21076],"timeVisible":50.6062,"tipPosition":[1.99102,178.754,-5.5721],"tipVelocity":[19.397,494.427,-151.292],"tool":false,"touchDistance":0.333333,"touchZone":"none","type":4,"width":15.8681}],"r":[[0.577604,-0.789383,-0.207963],[0.800359,0.497501,0.334541],[-0.160619,-0.359678,0.919148]],"s":1.50882,"t":[-4.4416,42.802,-100.729],"timestamp":88755455143},false],[5,{"currentFrameRate":55.3471,"devices":[],"gestures":[],"hands":[{"armBasis":[[0.78948,-0.55952,-0.252306],[0.604062,0.781147,0.157854],[0.108766,-0.277031,0.954685]],"armWidth":62.9686,"confidence":0.683003,"direction":[0.327559,0.677558,-0.658498],"elbow":[27.0931,104.191,304.83],"grabStrength":0.33748,"id":409,"palmNormal":[-0.511375,-0.458909,-0.726566],"palmPosition":[7.38443,216.635,13.3412],"palmVelocity":[32.7541,428.268,-129.202],"palmWidth":89.917,"pinchStrength":0.947507,"r":[[0.582915,-0.782997,-0.217084],[0.798192,0.501836,0.333241],[-0.151986,-0.367526,0.91751]],"s":1.51438,"sphereCenter":[-15.0832,211.696,-26.9087],"sphereRadius":41.2228,"stabilizedPalmPosition":[7.32398,216.216,13.4766],"t":[-3.83261,50.4584,-103.038],"timeVisible":50.6243,"type":"right","wrist":[-1.92735,178.108,50.1049]}],"id":1415646,"interactionBox":{"center":[0,200,0],"size":[235.247,235.247,147.751]},"pointables":[{"bases":[[[0.841002,0.311403,0.442429],[-0.538535,0.403345,0.739793],[0.0519223,-0.860431,0.506915]],[[0.719983,0.676383,0.155341],[-0.661556,0.601287,0.448104],[0.209685,-0.425394,0.880382]],[[0.719983,0.676383,0.155341],[-0.690541,0.675931,0.257431],[0.0691222,-0.292616,0.953729]],[[0.719983,0.676383,0.155341],[-0.385149,0.575637,-0.72132],[-0.577309,0.459508,0.674957]]],"btipPosition":[-30.1956,207.326,-41.0693],"carpPosition":[-30.8748,187.11,50.1037],"dipPosition":[-43.5473,217.953,-25.4591],"direction":[-0.0691222,0.292616,-0.953729],"extended":false,"handId":409,"id":4090,"length":51.5018,"mcpPosition":[-30.8748,187.11,50.1037],"pipPosition":[-41.2184,208.094,6.67536],"stabilizedTipPosition":[-33.281,209.469,-37.4163],"timeVisible":50.6243,"tipPosition":[-32.5809,208.75,-37.6997],"tipVelocity":[13.4853,441.34,-103.755],"tool":false,"touchDistance":0.27635,"touchZone":"hovering","type":0,"width":20.0112},{"bases":[[[0.838201,-0.45281,-0.303945],[0.533829,0.567229,0.627119],[-0.111559,-0.687906,0.717175]],[[0.84539,-0.374238,-0.381132],[0.450322,0.883094,0.13174],[0.287273,-0.283004,0.915086]],[[0.84539,-0.374238,-0.381132],[0.403235,0.915087,-0.00411843],[0.350311,-0.150204,0.924511]],[[0.84539,-0.374238,-0.381132],[0.368188,0.925209,-0.0917953],[0.38698,-0.0627256,0.919952]]],"btipPosition":[-30.1847,265.235,-72.9893],"carpPosition":[-11.1977,198.561,55.6163],"dipPosition":[-23.6508,264.176,-57.4568],"direction":[-0.350311,0.150204,-0.924511],"extended":true,"handId":409,"id":4091,"length":58.114,"mcpPosition":[-3.08712,248.573,3.47621],"pipPosition":[-15.2835,260.589,-35.3745],"stabilizedTipPosition":[-28.6794,264.817,-69.3866],"timeVisible":50.6243,"tipPosition":[-29.4014,263.142,-69.3086],"tipVelocity":[-7.49132,483.156,-91.2392],"tool":false,"touchDistance":0.293825,"touchZone":"hovering","type":1,"width":19.1147},{"bases":[[[0.712054,-0.631605,-0.306682],[0.665273,0.467269,0.582298],[-0.224479,-0.618655,0.752911]],[[0.702557,-0.655723,-0.276479],[0.488115,0.726754,-0.483294],[0.517839,0.204588,0.830654]],[[0.702557,-0.655723,-0.276479],[-0.466599,-0.131118,-0.874696],[0.537307,0.743529,-0.398078]],[[0.702557,-0.655723,-0.276479],[-0.705667,-0.591762,-0.389682],[0.0919135,0.468876,-0.878469]]],"btipPosition":[-26.1399,197.773,-11.3803],"carpPosition":[-0.14518,194.465,52.5951],"dipPosition":[-24.433,206.48,-27.6938],"direction":[-0.537307,-0.743529,0.398078],"extended":false,"handId":409,"id":4092,"length":66.2163,"mcpPosition":[15.3316,237.119,0.685468],"pipPosition":[-9.33411,227.374,-38.8802],"stabilizedTipPosition":[-25.7749,199.498,-15.0821],"timeVisible":50.6243,"tipPosition":[-25.7685,200.115,-16.0174],"tipVelocity":[24.2715,420.849,-89.8388],"tool":false,"touchDistance":0.333333,"touchZone":"none","type":2,"width":18.7732},{"bases":[[[0.619068,-0.749177,-0.23556],[0.706951,0.40099,0.582603],[-0.342016,-0.527201,0.777872]],[[0.619161,-0.749034,-0.235771],[0.545465,0.626229,-0.55705],[0.564896,0.216299,0.796308]],[[0.619161,-0.749034,-0.235771],[-0.514592,-0.16023,-0.842331],[0.593157,0.642864,-0.484655]],[[0.619161,-0.749034,-0.235771],[-0.776054,-0.537816,-0.329385],[0.119919,0.386913,-0.914285]]],"btipPosition":[-12.9917,186.094,-4.36393],"carpPosition":[9.23079,187.752,48.7979],"dipPosition":[-10.7776,193.238,-21.245],"direction":[-0.593157,-0.642864,0.484655],"extended":false,"handId":409,"id":4093,"length":63.6687,"mcpPosition":[30.402,220.387,0.64659],"pipPosition":[5.46029,210.837,-34.5126],"stabilizedTipPosition":[-12.5275,187.334,-8.13474],"timeVisible":50.6243,"tipPosition":[-12.4864,187.921,-8.93014],"tipVelocity":[29.0928,427.46,-118.529],"tool":false,"touchDistance":0.333333,"touchZone":"none","type":3,"width":17.8639},{"bases":[[[0.449947,-0.861047,-0.23695],[0.761621,0.231422,0.605292],[-0.466349,-0.452815,0.759919]],[[0.429859,-0.879395,-0.204659],[0.687233,0.465683,-0.55754],[0.585604,0.0990149,0.804527]],[[0.429859,-0.879395,-0.204659],[-0.520464,-0.0561167,-0.852038],[0.737793,0.472774,-0.481816]],[[0.429859,-0.879395,-0.204659],[-0.871976,-0.345522,-0.346802],[0.234262,0.327534,-0.915338]]],"btipPosition":[2.03612,183.817,-4.10225],"carpPosition":[14.0264,176.047,42.6501],"dipPosition":[6.02642,189.396,-19.6937],"direction":[-0.737793,-0.472774,0.481816],"extended":false,"handId":409,"id":4094,"length":49.9151,"mcpPosition":[40.7489,201.994,-0.894315],"pipPosition":[20.2866,198.534,-29.0063],"stabilizedTipPosition":[2.8977,184.61,-7.52201],"timeVisible":50.6243,"tipPosition":[2.79736,185.43,-7.86609],"tipVelocity":[31.4798,435.385,-139.942],"tool":false,"touchDistance":0.333333,"touchZone":"none","type":4,"width":15.8681}],"r":[[0.582915,-0.782997,-0.217084],[0.798192,0.501836,0.333241],[-0.151986,-0.367526,0.91751]],"s":1.51438,"t":[-3.83261,50.4584,-103.038],"timestamp":88755473189},false],[6,{"currentFrameRate":55.3407,"devices":[],"gestures":[],"hands":[{"armBasis":[[0.795598,-0.554059,-0.245036],[0.598615,0.78117,0.177292],[0.093185,-0.287735,0.953166]],"armWidth":62.9686,"confidence":0.683401,"direction":[0.318462,0.684911,-0.655347],"elbow":[23.4482,109.03,301.597],"grabStrength":0.327427,"id":409,"palmNormal":[-0.51024,-0.458792,-0.727437],"palmPosition":[7.38291,224.656,10.7325],"palmVelocity":[17.1396,435.458,-136.331],"palmWidth":89.917,"pinchStrength":0.952397,"r":[[0.588327,-0.776426,-0.225907],[0.795776,0.506326,0.332226],[-0.143567,-0.375229,0.915746]],"s":1.51869,"sphereCenter":[-15.2072,219.799,-29.4522],"sphereRadius":41.281,"stabilizedPalmPosition":[7.37961,224.184,10.8859],"t":[-3.52888,58.2975,-105.496],"timeVisible":50.6424,"type":"right","wrist":[-1.41505,185.802,47.2774]}],"id":1415647,"interactionBox":{"center":[0,200,0],"size":[235.247,235.247,147.751]},"pointables":[{"bases":[[[0.839989,0.316229,0.440928],[-0.539046,0.393432,0.744742],[0.0620338,-0.863256,0.50094]],[[0.71578,0.680021,0.158842],[-0.663006,0.59034,0.460349],[0.219276,-0.434822,0.873411]],[[0.71578,0.680021,0.158842],[-0.69486,0.670926,0.258897],[0.0694839,-0.295686,0.952755]],[[0.71578,0.680021,0.158842],[-0.378445,0.568899,-0.73016],[-0.586889,0.462521,0.664557]]],"btipPosition":[-30.0285,215.251,-43.0968],"carpPosition":[-30.444,194.536,47.4589],"dipPosition":[-43.6018,225.948,-27.7272],"direction":[-0.0694839,0.295686,-0.952755],"extended":false,"handId":409,"id":4090,"length":51.5018,"mcpPosition":[-30.444,194.536,47.4589],"pipPosition":[-41.2607,215.985,4.37447],"stabilizedTipPosition":[-33.1551,217.412,-39.484],"timeVisible":50.6424,"tipPosition":[-32.6359,216.818,-39.901],"tipVelocity":[10.1245,440.189,-109.162],"tool":false,"touchDistance":0.27158,"touchZone":"hovering","type":0,"width":20.0112},{"bases":[[[0.841026,-0.443012,-0.310508],[0.531267,0.567972,0.62862],[-0.102126,-0.693649,0.713037]],[[0.847158,-0.363894,-0.387175],[0.444504,0.884577,0.141208],[0.291101,-0.291726,0.911129]],[[0.847158,-0.363894,-0.387175],[0.396986,0.917805,0.00600816],[0.353164,-0.158793,0.921987]],[[0.847158,-0.363894,-0.387175],[0.36165,0.928737,-0.0815838],[0.389271,-0.0709075,0.91839]]],"btipPosition":[-30.7919,273.937,-75.0857],"carpPosition":[-10.8499,206.132,52.9644],"dipPosition":[-24.2194,272.74,-59.5795],"direction":[-0.353164,0.158793,-0.921987],"extended":true,"handId":409,"id":4091,"length":58.114,"mcpPosition":[-3.42505,256.562,1.12516],"pipPosition":[-15.784,268.947,-37.5575],"stabilizedTipPosition":[-29.2685,273.489,-71.4775],"timeVisible":50.6424,"tipPosition":[-29.9796,271.843,-71.4372],"tipVelocity":[-19.6555,481.286,-103.112],"tool":false,"touchDistance":0.286406,"touchZone":"hovering","type":1,"width":19.1147},{"bases":[[[0.716523,-0.622944,-0.313904],[0.663433,0.469532,0.582577],[-0.215525,-0.625684,0.749712]],[[0.707382,-0.647342,-0.28383],[0.477221,0.733612,-0.483811],[0.521413,0.20679,0.827869]],[[0.707382,-0.647342,-0.28383],[-0.471766,-0.133374,-0.871578],[0.526353,0.75044,-0.399741]],[[0.707382,-0.647342,-0.28383],[-0.702173,-0.59755,-0.387151],[0.0810161,0.473162,-0.877242]]],"btipPosition":[-26.0452,205.572,-13.7291],"carpPosition":[0.226896,202.159,49.8691],"dipPosition":[-24.5407,214.359,-30.0199],"direction":[-0.526353,-0.75044,0.399741],"extended":false,"handId":409,"id":4092,"length":66.2163,"mcpPosition":[15.0863,245.297,-1.81997],"pipPosition":[-9.74958,235.447,-41.253],"stabilizedTipPosition":[-25.7019,207.3,-17.3895],"timeVisible":50.6424,"tipPosition":[-25.7289,207.944,-18.3747],"tipVelocity":[13.9967,426.199,-108.714],"tool":false,"touchDistance":0.333333,"touchZone":"none","type":2,"width":18.7732},{"bases":[[[0.624932,-0.74184,-0.243174],[0.705722,0.403641,0.582264],[-0.333792,-0.535488,0.775781]],[[0.625079,-0.741603,-0.243517],[0.535544,0.634428,-0.557399],[0.567863,0.218005,0.793729]],[[0.625079,-0.741603,-0.243517],[-0.518348,-0.161124,-0.839854],[0.583602,0.651202,-0.485124]],[[0.625079,-0.741603,-0.243517],[-0.772615,-0.543433,-0.328249],[0.111096,0.393327,-0.912662]]],"btipPosition":[-12.7901,193.991,-6.94809],"carpPosition":[9.64796,195.558,45.9875],"dipPosition":[-10.7389,201.253,-23.7992],"direction":[-0.583602,-0.651202,0.485124],"extended":false,"handId":409,"id":4093,"length":63.6687,"mcpPosition":[30.3101,228.706,-2.03432],"pipPosition":[5.23741,219.08,-37.0796],"stabilizedTipPosition":[-12.3294,195.222,-10.6818],"timeVisible":50.6424,"tipPosition":[-12.3219,195.861,-11.519],"tipVelocity":[19.5731,432.461,-129.905],"tool":false,"touchDistance":0.333333,"touchZone":"none","type":3,"width":17.8639},{"bases":[[[0.456845,-0.855258,-0.244593],[0.76205,0.234438,0.603589],[-0.458882,-0.462139,0.758851]],[[0.437275,-0.873819,-0.212675],[0.678649,0.475787,-0.55952],[0.590107,0.100332,0.801066]],[[0.437275,-0.873819,-0.212675],[-0.525775,-0.0565349,-0.848743],[0.729624,0.482953,-0.484153]],[[0.437275,-0.873819,-0.212675],[-0.870595,-0.351998,-0.343748],[0.225513,0.335466,-0.914662]]],"btipPosition":[2.25622,191.865,-6.79503],"carpPosition":[14.5248,183.939,39.7415],"dipPosition":[6.0975,197.579,-22.375],"direction":[-0.729624,-0.482953,0.484153],"extended":false,"handId":409,"id":4094,"length":49.9151,"mcpPosition":[40.8194,210.42,-3.74171],"pipPosition":[20.1998,206.914,-31.7327],"stabilizedTipPosition":[3.1242,192.63,-10.1953],"timeVisible":50.6424,"tipPosition":[2.99343,193.51,-10.5867],"tipVelocity":[21.3953,440.693,-144.102],"tool":false,"touchDistance":0.333333,"touchZone":"none","type":4,"width":15.8681}],"r":[[0.588327,-0.776426,-0.225907],[0.795776,0.506326,0.332226],[-0.143567