{"sensorType":"Leap","data":[[0,{"currentFrameRate":55.3461,"devices":[],"gestures":[],"hands":[{"armBasis":[[0.759499,-0.601056,-0.248781],[0.638279,0.762376,0.106687],[0.12554,-0.239821,0.962666]],"armWidth":62.9686,"confidence":0.7222,"direction":[0.391417,0.679411,-0.62064],"elbow":[29.7901,81.4858,315.238],"grabStrength":0.441446,"id":409,"palmNormal":[-0.510348,-0.40095,-0.760778],"palmPosition":[9.23461,184.647,23.4461],"palmVelocity":[8.60934,328.578,-169.255],"palmWidth":89.917,"pinchStrength":0.810918,"r":[[0.535631,-0.804289,-0.257328],[0.818055,0.418614,0.394396],[-0.209487,-0.421759,0.882176]],"s":1.53847,"sphereCenter":[-6.71941,176.971,-19.5943],"sphereRadius":41.9121,"stabilizedPalmPosition":[9.20704,182.373,24.5917],"t":[-1.51249,20.1806,-92.1892],"timeVisible":45.9876,"type":"right","wrist":[-3.70586,145.474,58.3835]}],"id":1415390,"interactionBox":{"center":[0,200,0],"size":[235.247,235.247,147.751]},"pointables":[{"bases":[[[0.840974,0.243913,0.48298],[-0.540774,0.408726,0.735192],[-0.0180835,-0.87946,0.475629]],[[0.751537,0.627348,0.204026],[-0.627314,0.583915,0.515287],[0.20413,-0.515246,0.832378]],[[0.751537,0.627348,0.204026],[-0.659481,0.722264,0.208376],[-0.0166365,-0.291154,0.956532]],[[0.751537,0.627348,0.204026],[-0.398238,0.678005,-0.617831],[-0.525926,0.383072,0.75938]]],"btipPosition":[-29.3938,182.576,-33.1422],"carpPosition":[-32.0482,156.209,57.7097],"dipPosition":[-41.5572,191.436,-15.5796],"direction":[0.0166365,0.291154,-0.956532],"extended":false,"handId":409,"id":4090,"length":51.5018,"mcpPosition":[-32.0482,156.209,57.7097],"pipPosition":[-42.1177,181.626,16.6494],"stabilizedTipPosition":[-32.1288,183.261,-28.4551],"timeVisible":45.9876,"tipPosition":[-30.7835,182.947,-29.4085],"tipVelocity":[-10.1958,310.286,-153.632],"tool":false,"touchDistance":0.13133,"touchZone":"hovering","type":0,"width":20.0112},{"bases":[[[0.820576,-0.491726,-0.291309],[0.542869,0.511173,0.66633],[-0.178742,-0.704917,0.686399]],[[0.828093,-0.45793,-0.32336],[0.513511,0.85102,0.109871],[0.224873,-0.257033,0.939876]],[[0.828093,-0.45793,-0.32336],[0.486097,0.873875,0.00729857],[0.279234,-0.163228,0.946248]],[[0.828093,-0.45793,-0.32336],[0.465922,0.882972,-0.0572498],[0.311734,-0.103253,0.944543]]],"btipPosition":[-20.4301,234.047,-64.0205],"carpPosition":[-11.9449,166.243,64.3345],"dipPosition":[-15.1667,232.303,-48.0728],"direction":[-0.279234,0.163228,-0.946248],"extended":true,"handId":409,"id":4091,"length":58.114,"mcpPosition":[1.05001,217.492,14.4319],"pipPosition":[-8.49713,228.405,-25.4713],"stabilizedTipPosition":[-19.1338,232.008,-59.6505],"timeVisible":45.9876,"tipPosition":[-20.3574,231.378,-60.142],"tipVelocity":[-5.87831,363.461,-163.826],"tool":false,"touchDistance":0.148455,"touchZone":"hovering","type":1,"width":19.1147},{"bases":[[[0.684233,-0.662331,-0.305192],[0.669726,0.405082,0.622396],[-0.288604,-0.630259,0.720751]],[[0.672513,-0.686301,-0.27698],[0.514952,0.70273,-0.490913],[0.531556,0.187514,0.826007]],[[0.672513,-0.686301,-0.27698],[-0.483044,-0.123496,-0.866843],[0.560709,0.716756,-0.414567]],[[0.672513,-0.686301,-0.27698],[-0.731443,-0.559328,-0.390055],[0.112773,0.464912,-0.878145]]],"btipPosition":[-24.3221,167.341,0.469831],"carpPosition":[-1.05019,161.595,61.5492],"dipPosition":[-22.2279,175.975,-15.8377],"direction":[-0.560709,-0.716756,0.414567],"extended":false,"handId":409,"id":4092,"length":66.2163,"mcpPosition":[18.8477,205.048,11.8569],"pipPosition":[-6.47136,196.116,-27.4874],"stabilizedTipPosition":[-23.8472,167.856,-2.62648],"timeVisible":45.9876,"tipPosition":[-23.8405,169.918,-4.73831],"tipVelocity":[9.53128,304.108,-141.517],"tool":false,"touchDistance":0.333333,"touchZone":"none","type":2,"width":18.7732},{"bases":[[[0.581858,-0.7765,-0.241846],[0.707358,0.336428,0.621659],[-0.401354,-0.532789,0.745017]],[[0.576717,-0.783199,-0.232371],[0.574302,0.590972,-0.566506],[0.581011,0.193263,0.790617]],[[0.576717,-0.783199,-0.232371],[-0.540136,-0.152159,-0.827708],[0.612903,0.602865,-0.510787]],[[0.576717,-0.783199,-0.232371],[-0.806428,-0.500286,-0.31526],[0.130659,0.369206,-0.920117]]],"btipPosition":[-11.9541,155.591,7.77806],"carpPosition":[8.04564,154.465,57.8318],"dipPosition":[-9.54164,162.408,-9.21067],"direction":[-0.612903,-0.602865,0.510787],"extended":false,"handId":409,"id":4093,"length":63.6687,"mcpPosition":[32.89,187.445,11.7142],"pipPosition":[7.23677,178.912,-23.1936],"stabilizedTipPosition":[-11.4355,155.567,4.67997],"timeVisible":45.9876,"tipPosition":[-11.3912,157.584,2.44058],"tipVelocity":[15.6807,316.965,-163.163],"tool":false,"touchDistance":0.333333,"touchZone":"none","type":3,"width":17.8639},{"bases":[[[0.406567,-0.877787,-0.253362],[0.750991,0.163158,0.639837],[-0.520303,-0.45041,0.725545]],[[0.367986,-0.907984,-0.200379],[0.69394,0.411615,-0.59078],[0.618897,0.0783478,0.781555]],[[0.367986,-0.907984,-0.200379],[-0.567401,-0.04855,-0.822009],[0.736643,0.416183,-0.533057]],[[0.367986,-0.907984,-0.200379],[-0.902043,-0.29631,-0.313878],[0.225622,0.296253,-0.928078]]],"btipPosition":[2.47092,152.697,8.64601],"carpPosition":[12.3635,142.716,51.4186],"dipPosition":[6.31406,157.743,-7.16244],"direction":[-0.736643,-0.416183,0.533057],"extended":false,"handId":409,"id":4094,"length":49.9151,"mcpPosition":[42.1776,168.525,9.84382],"pipPosition":[20.552,165.787,-17.4654],"stabilizedTipPosition":[3.30571,152.262,5.7837],"timeVisible":45.9876,"tipPosition":[3.48509,154.007,4.24033],"tipVelocity":[17.3621,321.928,-155.975],"tool":false,"touchDistance":0.333333,"touchZone":"none","type":4,"width":15.8681}],"r":[[0.535631,-0.804289,-0.257328],[0.818055,0.418614,0.394396],[-0.209487,-0.421759,0.882176]],"s":1.53847,"t":[-1.51249,20.1806,-92.1892],"timestamp":88750836492},false],[1,{"currentFrameRate":55.3609,"devices":[],"gestures":[],"hands":[{"armBasis":[[0.763745,-0.593292,-0.254358],[0.633078,0.765412,0.115575],[0.126119,-0.249298,0.960179]],"armWidth":62.9686,"confidence":0.729497,"direction":[0.387955,0.682054,-0.619914],"elbow":[30.5658,84.4253,311.584],"grabStrength":0.423885,"id":409,"palmNormal":[-0.505627,-0.40485,-0.761864],"palmPosition":[9.65451,190.198,20.4744],"palmVelocity":[15.5784,318.917,-167.23],"palmWidth":89.917,"pinchStrength":0.812529,"r":[[0.54331,-0.799092,-0.257424],[0.814754,0.427929,0.391218],[-0.20246,-0.42229,0.883562]],"s":1.54589,"sphereCenter":[-6.32023,182.64,-22.5481],"sphereRadius":41.947,"stabilizedPalmPosition":[9.53529,188.113,21.5714],"t":[-1.23302,25.9294,-95.2011],"timeVisible":46.0056,"type":"right","wrist":[-3.08463,150.942,55.3928]}],"id":1415391,"interactionBox":{"center":[0,200,0],"size":[235.247,235.247,147.751]},"pointables":[{"bases":[[[0.838039,0.250133,0.484896],[-0.54546,0.405005,0.733788],[-0.0128401,-0.879434,0.475847]],[[0.746822,0.632254,0.206184],[-0.632472,0.579454,0.514017],[0.205515,-0.514285,0.832631]],[[0.746822,0.632254,0.206184],[-0.664779,0.718178,0.205645],[-0.0180571,-0.290648,0.95666]],[[0.746822,0.632254,0.206184],[-0.399529,0.674415,-0.620919],[-0.531632,0.38134,0.756272]]],"btipPosition":[-28.7363,187.815,-36.1481],"carpPosition":[-31.5023,161.472,54.6487],"dipPosition":[-41.0317,196.634,-18.6574],"direction":[0.0180571,0.290648,-0.95666],"extended":false,"handId":409,"id":4090,"length":51.5018,"mcpPosition":[-31.5023,161.472,54.6487],"pipPosition":[-41.6401,186.841,13.5759],"stabilizedTipPosition":[-31.6817,188.474,-31.3618],"timeVisible":46.0056,"tipPosition":[-30.2381,188.262,-32.4313],"tipVelocity":[11.1391,300.815,-160.349],"tool":false,"touchDistance":0.120014,"touchZone":"hovering","type":0,"width":20.0112},{"bases":[[[0.824803,-0.485851,-0.28922],[0.537573,0.515279,0.66746],[-0.175257,-0.706,0.686184]],[[0.832182,-0.451847,-0.321414],[0.509297,0.852073,0.12078],[0.219294,-0.264206,0.939205]],[[0.832182,-0.451847,-0.321414],[0.482553,0.875674,0.0183603],[0.273158,-0.170378,0.946761]],[[0.832182,-0.451847,-0.321414],[0.462734,0.885279,-0.0464585],[0.305533,-0.110067,0.945798]]],"btipPosition":[-19.7398,240.126,-67.0263],"carpPosition":[-11.4879,171.653,61.318],"dipPosition":[-14.5812,238.267,-51.0573],"direction":[-0.273158,0.170378,-0.946761],"extended":true,"handId":409,"id":4091,"length":58.114,"mcpPosition":[1.25361,222.981,11.4311],"pipPosition":[-8.05668,234.198,-28.4436],"stabilizedTipPosition":[-18.6661,238.204,-62.6336],"timeVisible":46.0056,"tipPosition":[-19.6553,237.486,-63.1837],"tipVelocity":[14.4394,350.456,-165.143],"tool":false,"touchDistance":0.147637,"touchZone":"hovering","type":1,"width":19.1147},{"bases":[[[0.689733,-0.657443,-0.303375],[0.665298,0.410097,0.623858],[-0.285738,-0.63213,0.720253]],[[0.678131,-0.681468,-0.275209],[0.511033,0.706343,-0.489821],[0.528189,0.191522,0.827246]],[[0.678131,-0.681468,-0.275209],[-0.480117,-0.127257,-0.867925],[0.556441,0.720699,-0.413481]],[[0.678131,-0.681468,-0.275209],[-0.726456,-0.564794,-0.391496],[0.111355,0.465413,-0.878061]]],"btipPosition":[-23.7162,172.647,-2.5762],"carpPosition":[-0.553291,167.083,58.56],"dipPosition":[-21.6483,181.29,-18.8821],"direction":[-0.556441,-0.720699,0.413481],"extended":false,"handId":409,"id":4092,"length":66.2163,"mcpPosition":[19.147,210.665,8.90196],"pipPosition":[-6.0117,201.542,-30.5014],"stabilizedTipPosition":[-23.3694,173.195,-5.5406],"timeVisible":46.0056,"tipPosition":[-23.2433,175.217,-7.76662],"tipVelocity":[20.7995,299.65,-154.587],"tool":false,"touchDistance":0.333333,"touchZone":"none","type":2,"width":18.7732},{"bases":[[[0.588038,-0.772333,-0.240237],[0.703429,0.341718,0.623231],[-0.399249,-0.535473,0.744224]],[[0.582813,-0.77921,-0.230568],[0.572087,0.594953,-0.564577],[0.577101,0.197137,0.792522]],[[0.582813,-0.77921,-0.230568],[-0.53595,-0.155315,-0.829841],[0.610809,0.607215,-0.508137]],[[0.582813,-0.77921,-0.230568],[-0.801874,-0.505515,-0.318518],[0.131636,0.370523,-0.919448]]],"btipPosition":[-11.3154,160.996,4.69255],"carpPosition":[8.60272,160.018,54.8662],"dipPosition":[-8.88493,167.837,-12.2838],"direction":[-0.610809,-0.607215,0.508137],"extended":false,"handId":409,"id":4093,"length":63.6687,"mcpPosition":[33.3167,193.164,8.79777],"pipPosition":[7.83616,184.46,-26.1942],"stabilizedTipPosition":[-10.9096,160.99,1.66579],"timeVisible":46.0056,"tipPosition":[-10.7391,162.972,-0.556084],"tipVelocity":[25.1643,309.1,-166.946],"tool":false,"touchDistance":0.333333,"touchZone":"none","type":3,"width":17.8639},{"bases":[[[0.413513,-0.874891,-0.252138],[0.748272,0.168772,0.641564],[-0.518745,-0.453963,0.724446]],[[0.374922,-0.905425,-0.199096],[0.692174,0.416265,-0.589591],[0.616708,0.0832416,0.782779]],[[0.374922,-0.905425,-0.199096],[-0.565229,-0.0530308,-0.823228],[0.734812,0.421181,-0.531655]],[[0.374922,-0.905425,-0.199096],[-0.899156,-0.302862,-0.315901],[0.225726,0.297457,-0.927668]]],"btipPosition":[3.14896,158.195,5.6803],"carpPosition":[13.0208,148.299,48.4667],"dipPosition":[6.99387,163.262,-10.1212],"direction":[-0.734812,-0.421181,0.531655],"extended":false,"handId":409,"id":4094,"length":49.9151,"mcpPosition":[42.7456,174.311,6.95497],"pipPosition":[21.1964,171.403,-20.3971],"stabilizedTipPosition":[3.87692,157.835,2.84927],"timeVisible":46.0056,"tipPosition":[4.16533,159.509,1.28489],"tipVelocity":[26.9863,314.151,-160.045],"tool":false,"touchDistance":0.333333,"touchZone":"none","type":4,"width":15.8681}],"r":[[0.54331,-0.799092,-0.257424],[0.814754,0.427929,0.391218],[-0.20246,-0.42229,0.883562]],"s":1.54589,"t":[-1.23302,25.9294,-95.2011],"timestamp":88750854504},false],[2,{"currentFrameRate":55.3417,"devices":[],"gestures":[],"hands":[{"armBasis":[[0.762185,-0.595402,-0.254107],[0.635726,0.762495,0.120225],[0.122173,-0.253176,0.959675]],"armWidth":62.9686,"confidence":0.689426,"direction":[0.383986,0.679883,-0.624752],"elbow":[29.8207,89.0813,308.75],"grabStrength":0.407056,"id":409,"palmNormal":[-0.51189,-0.406375,-0.756854],"palmPosition":[9.73983,195.777,17.5701],"palmVelocity":[10.3991,313.529,-163.854],"palmWidth":89.917,"pinchStrength":0.816863,"r":[[0.548836,-0.795148,-0.257911],[0.812728,0.435385,0.387186],[-0.19558,-0.422113,0.885194]],"s":1.55167,"sphereCenter":[-6.7424,188.359,-25.2436],"sphereRadius":41.9608,"stabilizedPalmPosition":[9.68702,193.798,18.6033],"t":[-1.05062,31.5932,-98.1592],"timeVisible":46.0237,"type":"right","wrist":[-2.77693,156.633,52.6937]}],"id":1415392,"interactionBox":{"center":[0,200,0],"size":[235.247,235.247,147.751]},"pointables":[{"bases":[[[0.842001,0.250506,0.477788],[-0.53938,0.407669,0.736801],[-0.0102061,-0.878096,0.478376]],[[0.749706,0.630904,0.199751],[-0.627583,0.582051,0.517065],[0.209953,-0.513007,0.832312]],[[0.749706,0.630904,0.199751],[-0.66161,0.72121,0.20525],[-0.0145688,-0.286035,0.958109]],[[0.749706,0.630904,0.199751],[-0.398369,0.67128,-0.625048],[-0.528434,0.389028,0.754595]]],"btipPosition":[-28.8319,193.14,-38.6539],"carpPosition":[-31.1875,167.193,52.1372],"dipPosition":[-41.0534,202.137,-21.2019],"direction":[0.0145688,0.286035,-0.958109],"extended":false,"handId":409,"id":4090,"length":51.5018,"mcpPosition":[-31.1875,167.193,52.1372],"pipPosition":[-41.5442,192.499,11.0802],"stabilizedTipPosition":[-31.6509,193.813,-33.9606],"timeVisible":46.0237,"tipPosition":[-30.5108,193.785,-34.953],"tipVelocity":[3.76904,298.46,-150.016],"tool":false,"touchDistance":0.118441,"touchZone":"hovering","type":0,"width":20.0112},{"bases":[[[0.822018,-0.487606,-0.294154],[0.543239,0.516505,0.661902],[-0.170815,-0.703891,0.689463]],[[0.829149,-0.453922,-0.326292],[0.513582,0.849044,0.123927],[0.220783,-0.270331,0.93711]],[[0.829149,-0.453922,-0.326292],[0.486709,0.873289,0.0219097],[0.275002,-0.176976,0.945015]],[[0.829149,-0.453922,-0.326292],[0.466701,0.883371,-0.0429591],[0.307737,-0.116661,0.944292]]],"btipPosition":[-19.8305,246.218,-69.8014],"carpPosition":[-11.1112,177.37,58.6253],"dipPosition":[-14.6346,244.248,-53.8578],"direction":[-0.275002,0.176976,-0.945015],"extended":true,"handId":409,"id":4091,"length":58.114,"mcpPosition":[1.3074,228.544,8.49994],"pipPosition":[-8.06611,240.021,-31.2858],"stabilizedTipPosition":[-18.6412,244.345,-65.4768],"timeVisible":46.0237,"tipPosition":[-19.7319,243.61,-65.9818],"tipVelocity":[5.40477,342.859,-159.52],"tool":false,"touchDistance":0.148518,"touchZone":"hovering","type":1,"width":19.1147},{"bases":[[[0.686649,-0.65908,-0.3068],[0.670508,0.411054,0.617619],[-0.280949,-0.629799,0.724169]],[[0.675259,-0.682965,-0.278539],[0.50803,0.704442,-0.495648],[0.534725,0.193185,0.822647]],[[0.675259,-0.682965,-0.278539],[-0.486974,-0.129185,-0.86381],[0.553969,0.718937,-0.41982]],[[0.675259,-0.682965,-0.278539],[-0.730073,-0.565149,-0.384188],[0.104971,0.46278,-0.880236]]],"btipPosition":[-23.8195,178.202,-5.17203],"carpPosition":[-0.203129,172.779,55.7966],"dipPosition":[-21.8702,186.796,-21.5184],"direction":[-0.553969,-0.718937,0.41982],"extended":false,"handId":409,"id":4092,"length":66.2163,"mcpPosition":[19.167,216.2,5.86859],"pipPosition":[-6.30305,206.999,-33.3157],"stabilizedTipPosition":[-23.3708,178.722,-8.2243],"timeVisible":46.0237,"tipPosition":[-23.3862,180.75,-10.358],"tipVelocity":[7.46226,302.515,-149.375],"tool":false,"touchDistance":0.333333,"touchZone":"none","type":2,"width":18.7732},{"bases":[[[0.585308,-0.773676,-0.242569],[0.708555,0.34263,0.616891],[-0.394163,-0.532945,0.748736]],[[0.580085,-0.780604,-0.232722],[0.569206,0.592834,-0.569695],[0.582671,0.198005,0.788218]],[[0.580085,-0.780604,-0.232722],[-0.541377,-0.156001,-0.826181],[0.608615,0.605245,-0.513095]],[[0.580085,-0.780604,-0.232722],[-0.804702,-0.504873,-0.312343],[0.126321,0.368457,-0.921023]]],"btipPosition":[-11.4043,166.569,1.95455],"carpPosition":[8.91637,165.693,52.0527],"dipPosition":[-9.07199,173.372,-15.0509],"direction":[-0.608615,-0.605245,0.513095],"extended":false,"handId":409,"id":4093,"length":63.6687,"mcpPosition":[33.3156,198.683,5.70494],"pipPosition":[7.58904,189.941,-29.097],"stabilizedTipPosition":[-10.8773,166.528,-1.14271],"timeVisible":46.0237,"tipPosition":[-10.8541,168.51,-3.2193],"tipVelocity":[10.25,308,-159.512],"tool":false,"touchDistance":0.333333,"touchZone":"none","type":3,"width":17.8639},{"bases":[[[0.410581,-0.876065,-0.252852],[0.75334,0.169684,0.635362],[-0.513714,-0.451351,0.729644]],[[0.372302,-0.90645,-0.19935],[0.688188,0.413732,-0.596006],[0.622727,0.0847034,0.777841]],[[0.372302,-0.90645,-0.19935],[-0.571391,-0.0545972,-0.81886],[0.731371,0.41877,-0.538264]],[[0.372302,-0.90645,-0.19935],[-0.901841,-0.302577,-0.308433],[0.21926,0.294613,-0.930123]]],"btipPosition":[3.0783,163.742,2.91011],"carpPosition":[13.2721,153.951,45.6523],"dipPosition":[6.81308,168.76,-12.9332],"direction":[-0.731371,-0.41877,0.538264],"extended":false,"handId":409,"id":4094,"length":49.9151,"mcpPosition":[42.7086,179.814,3.84267],"pipPosition":[20.9491,176.855,-23.3368],"stabilizedTipPosition":[3.92441,163.389,0.0308685],"timeVisible":46.0237,"tipPosition":[4.06442,165.04,-1.48509],"tipVelocity":[11.6113,309.907,-156.821],"tool":false,"touchDistance":0.333333,"touchZone":"none","type":4,"width":15.8681}],"r":[[0.548836,-0.795148,-0.257911],[0.812728,0.435385,0.387186],[-0.19558,-0.422113,0.885194]],"s":1.55167,"t":[-1.05062,31.5932,-98.1592],"timestamp":88750872640},false],[3,{"currentFrameRate":55.3183,"devices":[],"gestures":[],"hands":[{"armBasis":[[0.764186,-0.598367,-0.240783],[0.638745,0.753917,0.153671],[0.0895793,-0.271232,0.958336]],"armWidth":62.9686,"confidence":0.701158,"direction":[0.383426,0.677595,-0.627575],"elbow":[21.744,89.3754,306.388],"grabStrength":0.39102,"id":409,"palmNormal":[-0.513318,-0.408538,-0.754719],"palmPosition":[10.3287,200.766,15.4169],"palmVelocity":[20.9007,295.04,-142.27],"palmWidth":89.917,"pinchStrength":0.821815,"r":[[0.553057,-0.792198,-0.257973],[0.811224,0.441483,0.383416],[-0.189851,-0.421325,0.886816]],"s":1.55592,"sphereCenter":[-6.39224,193.44,-27.2939],"sphereRadius":41.9641,"stabilizedPalmPosition":[10.1727,199.072,16.1915],"t":[-0.665006,36.9195,-100.715],"timeVisible":46.0419,"type":"right","wrist":[-2.15718,161.744,50.6881]}],"id":1415393,"interactionBox":{"center":[0,200,0],"size":[235.247,235.247,147.751]},"pointables":[{"bases":[[[0.842898,0.251553,0.475652],[-0.537981,0.410414,0.7363],[-0.00999569,-0.876517,0.481267]],[[0.751087,0.629917,0.197669],[-0.626194,0.584859,0.515579],[0.209163,-0.511024,0.83373]],[[0.751087,0.629917,0.197669],[-0.659979,0.724199,0.199909],[-0.0172258,-0.280606,0.959668]],[[0.751087,0.629917,0.197669],[-0.393115,0.667256,-0.632637],[-0.530405,0.397459,0.748797]]],"btipPosition":[-28.0325,197.791,-40.6382],"carpPosition":[-30.5621,172.321,50.1413],"dipPosition":[-40.2995,206.984,-23.3203],"direction":[0.0172258,0.280606,-0.959668],"extended":false,"handId":409,"id":4090,"length":51.5018,"mcpPosition":[-30.5621,172.321,50.1413],"pipPosition":[-40.8799,197.529,9.01432],"stabilizedTipPosition":[-31.0134,198.687,-36.116],"timeVisible":46.0419,"tipPosition":[-29.926,198.654,-36.9627],"tipVelocity":[22.6857,279.482,-131.406],"tool":false,"touchDistance":0.121556,"touchZone":"hovering","type":0,"width":20.0112},{"bases":[[[0.82126,-0.489073,-0.293835],[0.544586,0.518337,0.659358],[-0.170169,-0.701523,0.692032]],[[0.828336,-0.455644,-0.325958],[0.516504,0.846463,0.129319],[0.216988,-0.275478,0.936498]],[[0.828336,-0.455644,-0.325958],[0.489969,0.871317,0.0271472],[0.271643,-0.182197,0.944994]],[[0.828336,-0.455644,-0.325958],[0.470058,0.881812,-0.0381228],[0.304804,-0.121641,0.944615]]],"btipPosition":[-18.945,251.609,-72.0277],"carpPosition":[-10.4695,182.506,56.5647],"dipPosition":[-13.7986,249.556,-56.0787],"direction":[-0.271643,0.182197,-0.944994],"extended":true,"handId":409,"id":4091,"length":58.114,"mcpPosition":[1.90209,233.508,6.25257],"pipPosition":[-7.31031,245.204,-33.5071],"stabilizedTipPosition":[-17.9186,249.923,-67.8442],"timeVisible":46.0419,"tipPosition":[-18.8486,249.038,-68.2283],"tipVelocity":[25.7783,320.45,-141.89],"tool":false,"touchDistance":0.153257,"touchZone":"hovering","type":1,"width":19.1147},{"bases":[[[0.685767,-0.660505,-0.305708],[0.671722,0.412664,0.615222],[-0.280203,-0.62725,0.726667]],[[0.67443,-0.684243,-0.277407],[0.507637,0.702551,-0.498725],[0.536142,0.195533,0.821169]],[[0.67443,-0.684243,-0.277407],[-0.488496,-0.131791,-0.862556],[0.553638,0.717246,-0.423134]],[[0.67443,-0.684243,-0.277407],[-0.731023,-0.566064,-0.381022],[0.103682,0.459764,-0.881968]]],"btipPosition":[-23.2708,183.138,-7.21104],"carpPosition":[0.431313,177.899,53.7341],"dipPosition":[-21.3453,191.676,-23.5895],"direction":[-0.553638,-0.717246,0.423134],"extended":false,"handId":409,"id":4092,"length":66.2163,"mcpPosition":[19.75,221.145,3.63388],"pipPosition":[-5.78752,211.831,-35.48],"stabilizedTipPosition":[-22.9358,183.834,-10.431],"timeVisible":46.0419,"tipPosition":[-22.8467,185.661,-12.3912],"tipVelocity":[18.1677,287.558,-131.891],"tool":false,"touchDistance":0.333333,"touchZone":"none","type":2,"width":18.7732},{"bases":[[[0.584456,-0.774827,-0.240943],[0.709726,0.344213,0.61466],[-0.393319,-0.530245,0.751092]],[[0.579171,-0.781814,-0.230928],[0.57134,0.591349,-0.569101],[0.58149,0.197669,0.789174]],[[0.579171,-0.781814,-0.230928],[-0.539106,-0.154837,-0.827883],[0.611494,0.603981,-0.511158]],[[0.579171,-0.781814,-0.230928],[-0.804907,-0.503544,-0.313956],[0.129173,0.36771,-0.920925]]],"btipPosition":[-10.9116,171.567,-0.341805],"carpPosition":[9.54063,170.796,49.9992],"dipPosition":[-8.52662,178.357,-17.3455],"direction":[-0.611494,-0.603981,0.511158],"extended":false,"handId":409,"id":4093,"length":63.6687,"mcpPosition":[33.8876,203.618,3.50561],"pipPosition":[8.21323,194.891,-31.3386],"stabilizedTipPosition":[-10.4757,171.683,-3.57148],"timeVisible":46.0419,"tipPosition":[-10.3354,173.453,-5.32252],"tipVelocity":[18.6173,292.321,-143.747],"tool":false,"touchDistance":0.333333,"touchZone":"none","type":3,"width":17.8639},{"bases":[[[0.409651,-0.877141,-0.250618],[0.754434,0.171302,0.633628],[-0.51285,-0.448641,0.731919]],[[0.371369,-0.907375,-0.196864],[0.687627,0.411252,-0.598365],[0.623903,0.0868455,0.776662]],[[0.371369,-0.907375,-0.196864],[-0.572419,-0.0568077,-0.817991],[0.731041,0.416465,-0.540496]],[[0.371369,-0.907375,-0.196864],[-0.902428,-0.302862,-0.306428],[0.218423,0.291453,-0.931315]]],"btipPosition":[3.61549,168.689,0.862647],"carpPosition":[13.8792,159.03,43.6306],"dipPosition":[7.336,173.654,-15.0009],"direction":[-0.731041,-0.416465,0.540496],"extended":false,"handId":409,"id":4094,"length":49.9151,"mcpPosition":[43.2662,184.738,1.69058],"pipPosition":[21.4657,181.703,-25.4477],"stabilizedTipPosition":[4.35962,168.516,-2.21109],"timeVisible":46.0419,"tipPosition":[4.59827,169.969,-3.52238],"tipVelocity":[20.0933,291.725,-135.938],"tool":false,"touchDistance":0.333333,"touchZone":"none","type":4,"width":15.8681}],"r":[[0.553057,-0.792198,-0.257973],[0.811224,0.441483,0.383416],[-0.189851,-0.421325,0.886816]],"s":1.55592,"t":[-0.665006,36.9195,-100.715],"timestamp":88750890798},false],[4,{"currentFrameRate":55.3279,"devices":[],"gestures":[],"hands":[{"armBasis":[[0.766472,-0.592299,-0.2484],[0.633968,0.759694,0.144739],[0.102979,-0.268416,0.957783]],"armWidth":62.9686,"confidence":0.676709,"direction":[0.384984,0.680561,-0.623397],"elbow":[25.3698,95.4096,303.682],"grabStrength":0.377741,"id":409,"palmNormal":[-0.506615,-0.408765,-0.759113],"palmPosition":[10.4633,206.18,13.0348],"palmVelocity":[14.5233,297.439,-137.415],"palmWidth":89.917,"pinchStrength":0.824295,"r":[[0.557383,-0.789262,-0.257663],[0.809122,0.4468,0.381695],[-0.186134,-0.421231,0.887648]],"s":1.55937,"sphereCenter":[-6.07451,199.072,-29.7622],"sphereRadius":41.9836,"stabilizedPalmPosition":[10.3967,204.551,13.7581],"t":[-0.404894,42.2896,-103.184],"timeVisible":46.0599,"type":"right","wrist":[-2.10674,167.027,48.1302]}],"id":1415394,"interactionBox":{"center":[0,200,0],"size":[235.247,235.247,147.751]},"pointables":[{"bases":[[[0.838681,0.253725,0.481911],[-0.544535,0.406576,0.733606],[-0.00979924,-0.877678,0.47915]],[[0.74773,0.631567,0.204994],[-0.631691,0.581462,0.512708],[0.204613,-0.51286,0.833731]],[[0.74773,0.631567,0.204994],[-0.663544,0.722185,0.19534],[-0.0246733,-0.282084,0.959072]],[[0.74773,0.631567,0.204994],[-0.389412,0.667154,-0.635031],[-0.537827,0.395005,0.744791]]],"btipPosition":[-27.372,203.161,-43.2505],"carpPosition":[-30.5486,177.494,47.4164],"dipPosition":[-39.8106,212.297,-26.0253],"direction":[0.0246733,0.282084,-0.959072],"extended":false,"handId":409,"id":4090,"length":51.5018,"mcpPosition":[-30.5486,177.494,47.4164],"pipPosition":[-40.642,202.793,6.28926],"stabilizedTipPosition":[-30.3882,203.953,-38.6571],"timeVisible":46.0599,"tipPosition":[-29.4015,204.092,-39.5854],"tipVelocity":[28.2564,287.765,-138.322],"tool":false,"touchDistance":0.117015,"touchZone":"hovering","type":0,"width":20.0112},{"bases":[[[0.825134,-0.485169,-0.289424],[0.538094,0.518909,0.66422],[-0.172074,-0.703807,0.689236]],[[0.832342,-0.451375,-0.321664],[0.513791,0.846032,0.142299],[0.207908,-0.28371,0.9361]],[[0.832342,-0.451375,-0.321664],[0.487984,0.871976,0.0391132],[0.262829,-0.189522,0.946046]],[[0.832342,-0.451375,-0.321664],[0.468417,0.883091,-0.0271161],[0.296298,-0.128103,0.946466]]],"btipPosition":[-18.1371,257.645,-74.4298],"carpPosition":[-10.5399,187.742,53.9988],"dipPosition":[-13.1344,255.482,-58.4495],"direction":[-0.262829,0.189522,-0.946046],"extended":true,"handId":409,"id":4091,"length":58.114,"mcpPosition":[1.97025,238.91,3.88994],"pipPosition":[-6.85663,250.955,-35.8529],"stabilizedTipPosition":[-17.1441,255.926,-70.2621],"timeVisible":46.0599,"tipPosition":[-18.0373,255.105,-70.6644],"tipVelocity":[33.9256,326.487,-137.552],"tool":false,"touchDistance":0.156908,"touchZone":"hovering","type":1,"width":19.1147},{"bases":[[[0.690397,-0.6571,-0.302609],[0.665938,0.413838,0.620698],[-0.28263,-0.630046,0.7233]],[[0.679028,-0.680822,-0.274595],[0.508544,0.706002,-0.492894],[0.529438,0.195045,0.825623]],[[0.679028,-0.680822,-0.274595],[-0.481926,-0.131241,-0.866328],[0.553777,0.720595,-0.417222]],[[0.679028,-0.680822,-0.274595],[-0.726171,-0.568052,-0.38729],[0.107691,0.462384,-0.880116]]],"btipPosition":[-22.896,188.497,-9.8946],"carpPosition":[0.397778,183.185,51.2311],"dipPosition":[-20.8961,197.084,-26.2387],"direction":[-0.553777,-0.720595,0.417222],"extended":false,"handId":409,"id":4092,"length":66.2163,"mcpPosition":[19.8837,226.623,1.36299],"pipPosition":[-5.33443,217.333,-37.9631],"stabilizedTipPosition":[-22.5348,189.16,-13.017],"timeVisible":46.0599,"tipPosition":[-22.4538,191.009,-15.0103],"tipVelocity":[19.8538,292.349,-139.682],"tool":false,"touchDistance":0.333333,"touchZone":"none","type":2,"width":18.7732},{"bases":[[[0.589102,-0.771969,-0.238795],[0.704213,0.345538,0.620232],[-0.396288,-0.533542,0.747187]],[[0.58378,-0.778996,-0.228838],[0.573275,0.595072,-0.563245],[0.574941,0.197624,0.79397]],[[0.58378,-0.778996,-0.228838],[-0.532065,-0.15416,-0.832551],[0.613276,0.607783,-0.504472]],[[0.58378,-0.778996,-0.228838],[-0.80061,-0.505451,-0.321782],[0.135,0.37106,-0.918743]]],"btipPosition":[-10.5759,176.937,-2.9931],"carpPosition":[9.55985,176.126,47.5412],"dipPosition":[-8.08326,183.789,-19.9565],"direction":[-0.613276,-0.607783,0.504472],"extended":false,"handId":409,"id":4093,"length":63.6687,"mcpPosition":[34.0906,209.152,1.28936],"pipPosition":[8.70537,200.427,-33.7665],"stabilizedTipPosition":[-10.1052,177.032,-6.17389],"timeVisible":46.0599,"tipPosition":[-9.96399,178.826,-7.90033],"tipVelocity":[19.2653,295.229,-145.028],"tool":false,"touchDistance":0.333333,"touchZone":"none","type":3,"width":17.8639},{"bases":[[[0.414768,-0.874942,-0.249887],[0.74947,0.172758,0.6391],[-0.516006,-0.452361,0.727398]],[[0.376163,-0.905509,-0.196353],[0.690079,0.415211,-0.592782],[0.618297,0.0874836,0.78106]],[[0.376163,-0.905509,-0.196353],[-0.566445,-0.057039,-0.822123],[0.73324,0.420476,-0.534377]],[[0.376163,-0.905509,-0.196353],[-0.899078,-0.305495,-0.313577],[0.223962,0.294493,-0.92904]]],"btipPosition":[3.96346,174.113,-1.64487],"carpPosition":[13.9873,164.392,41.1747],"dipPosition":[7.77833,179.129,-17.4697],"direction":[-0.73324,-0.420476,0.534377],"extended":false,"handId":409,"id":4094,"length":49.9151,"mcpPosition":[43.5552,190.313,-0.506239],"pipPosition":[21.9505,187.256,-27.7982],"stabilizedTipPosition":[4.74536,173.927,-4.67453],"timeVisible":46.0599,"tipPosition":[4.97403,175.404,-6.00677],"tipVelocity":[20.2818,296.261,-137.152],"tool":false,"touchDistance":0.333333,"touchZone":"none","type":4,"width":15.8681}],"r":[[0.557383,-0.789262,-0.257663],[0.809122,0.4468,0.381695],[-0.186134,-0.421231,0.887648]],"s":1.55937,"t":[-0.404894,42.2896,-103.184],"timestamp":88750908839},false],[5,{"currentFrameRate":55.2512,"devices":[],"gestures":[],"hands":[{"armBasis":[[0.770573,-0.592572,-0.234682],[0.629591,0.764994,0.13564],[0.0991537,-0.252275,0.962562]],"armWidth":62.9686,"confidence":0.681135,"direction":[0.384052,0.687377,-0.616455],"elbow":[24.5026,104.236,302.131],"grabStrength":0.365043,"id":409,"palmNormal":[-0.502962,-0.404154,-0.763996],"palmPosition":[10.5612,211.048,10.5812],"palmVelocity":[10.1056,281.893,-135.587],"palmWidth":89.917,"pinchStrength":0.827163,"r":[[0.561573,-0.78602,-0.258473],[0.806865,0.451004,0.38153],[-0.183318,-0.42281,0.887483]],"s":1.56234,"sphereCenter":[-5.95955,204.417,-32.2843],"sphereRadius":42.012,"stabilizedPalmPosition":[10.5258,209.651,11.264],"t":[-0.225893,47.4088,-105.645],"timeVisible":46.0783,"type":"right","wrist":[-1.95325,171.547,45.3037]}],"id":1415395,"interactionBox":{"center":[0,200,0],"size":[235.247,235.247,147.751]},"pointables":[{"bases":[[[0.836378,0.252782,0.486388],[-0.548099,0.398151,0.73557],[-0.00771724,-0.881803,0.471555]],[[0.745186,0.631836,0.213263],[-0.635031,0.574738,0.516151],[0.203553,-0.520057,0.829522]],[[0.745186,0.631836,0.213263],[-0.666284,0.718695,0.198855],[-0.0276274,-0.290277,0.956544]],[[0.745186,0.631836,0.213263],[-0.389855,0.672229,-0.629382],[-0.541027,0.385865,0.74726]]],"btipPosition":[-27.0308,208.42,-45.8297],"carpPosition":[-30.4333,181.91,44.6014],"dipPosition":[-39.5434,217.344,-28.5474],"direction":[0.0276274,0.290277,-0.956544],"extended":false,"handId":409,"id":4090,"length":51.5018,"mcpPosition":[-30.4333,181.91,44.6014],"pipPosition":[-40.4743,207.563,3.68194],"stabilizedTipPosition":[-30.001,209.218,-41.2395],"timeVisible":46.0783,"tipPosition":[-29.14,209.341,-42.1474],"tipVelocity":[23.1609,285.809,-139.001],"tool":false,"touchDistance":0.113317,"touchZone":"hovering","type":0,"width":20.0112},{"bases":[[[0.827787,-0.479489,-0.291307],[0.534273,0.515231,0.670141],[-0.171234,-0.710372,0.682679]],[[0.835008,-0.445081,-0.323519],[0.511484,0.844608,0.15818],[0.202843,-0.297557,0.932907]],[[0.835008,-0.445081,-0.323519],[0.486053,0.872226,0.0545463],[0.257904,-0.202794,0.944648]],[[0.835008,-0.445081,-0.323519],[0.466632,0.884366,-0.0122824],[0.291576,-0.140708,0.946142]]],"btipPosition":[-17.7282,263.676,-76.4505],"carpPosition":[-10.4823,192.178,51.3269],"dipPosition":[-12.8052,261.3,-60.4758],"direction":[-0.257904,0.202794,-0.944648],"extended":true,"handId":409,"id":4091,"length":58.114,"mcpPosition":[1.96681,243.823,1.69476],"pipPosition":[-6.64506,256.456,-37.9125],"stabilizedTipPosition":[-16.6764,262.071,-72.4069],"timeVisible":46.0783,"tipPosition":[-17.6137,261.133,-72.7329],"tipVelocity":[27.844,326.119,-124.364],"tool":false,"touchDistance":0.165812,"touchZone":"hovering","type":1,"width":19.1147},{"bases":[[[0.693751,-0.651816,-0.306343],[0.66264,0.411029,0.62607],[-0.282166,-0.637331,0.717071]],[[0.68249,-0.675639,-0.278783],[0.508213,0.712807,-0.483348],[0.525287,0.188199,0.829852]],[[0.68249,-0.675639,-0.278783],[-0.478056,-0.124122,-0.869515],[0.552875,0.726709,-0.407705]],[[0.68249,-0.675639,-0.278783],[-0.722766,-0.567148,-0.394907],[0.108703,0.471015,-0.875402]]],"btipPosition":[-22.6411,193.495,-12.7023],"carpPosition":[0.480401,187.686,48.5503],"dipPosition":[-20.6224,202.242,-28.9589],"direction":[-0.552875,-0.726709,0.407705],"extended":false,"handId":409,"id":4092,"length":66.2163,"mcpPosition":[19.9344,231.627,-0.888324],"pipPosition":[-5.08606,222.663,-40.4158],"stabilizedTipPosition":[-22.2475,194.253,-15.7647],"timeVisible":46.0783,"tipPosition":[-22.2022,196.004,-17.6813],"tipVelocity":[17.0971,283.609,-145.504],"tool":false,"touchDistance":0.333333,"touchZone":"none","type":2,"width":18.7732},{"bases":[[[0.592727,-0.767618,-0.243799],[0.701179,0.342883,0.625123],[-0.396261,-0.541474,0.741474]],[[0.587445,-0.774697,-0.233992],[0.571697,0.601915,-0.557549],[0.572775,0.193757,0.796484]],[[0.587445,-0.774697,-0.233992],[-0.529691,-0.149479,-0.834915],[0.61183,0.61441,-0.498161]],[[0.587445,-0.774697,-0.233992],[-0.797756,-0.505769,-0.328303],[0.13599,0.379528,-0.915131]]],"btipPosition":[-10.3407,181.83,-5.70595],"carpPosition":[9.67969,180.694,44.8252],"dipPosition":[-7.82987,188.838,-22.6026],"direction":[-0.61183,-0.61441,0.498161],"extended":false,"handId":409,"id":4093,"length":63.6687,"mcpPosition":[34.2087,214.212,-1.07301],"pipPosition":[8.91918,205.657,-36.2399],"stabilizedTipPosition":[-9.83634,182.072,-8.86146],"timeVisible":46.0783,"tipPosition":[-9.71646,183.766,-10.5791],"tipVelocity":[16.27,282.331,-145.923],"tool":false,"touchDistance":0.333333,"touchZone":"none","type":3,"width":17.8639},{"bases":[[[0.418822,-0.87116,-0.256257],[0.747052,0.170123,0.642628],[-0.516237,-0.460585,0.722053]],[[0.379899,-0.902546,-0.202701],[0.690754,0.422538,-0.586788],[0.615252,0.0829039,0.783959]],[[0.379899,-0.902546,-0.202701],[-0.562924,-0.0516855,-0.824891],[0.734025,0.427481,-0.5277]],[[0.379899,-0.902546,-0.202701],[-0.896812,-0.30565,-0.319854],[0.226727,0.303297,-0.92553]]],"btipPosition":[4.20331,179.1,-4.43322],"carpPosition":[14.1698,169.033,38.3702],"dipPosition":[8.06528,184.266,-20.1983],"direction":[-0.734025,-0.427481,0.5277],"extended":false,"handId":409,"id":4094,"length":49.9151,"mcpPosition":[43.7509,195.425,-3.00445],"pipPosition":[22.2526,192.529,-30.3977],"stabilizedTipPosition":[5.02362,179.04,-7.39491],"timeVisible":46.0783,"tipPosition":[5.2288,180.422,-8.74214],"tipVelocity":[17.0952,285.297,-143.849],"tool":false,"touchDistance":0.333333,"touchZone":"none","type":4,"width":15.8681}],"r":[[0.561573,-0.78602,-0.258473],[0.806865,0.451004,0.38153],[-0.183318,-0.42281,0.887483]],"s":1.56234,"t":[-0.225893,47.4088,-105.645],"timestamp":88750927203},false],[6,{"currentFrameRate":55.3015,"devices":[],"gestures":[],"hands":[{"armBasis":[[0.772639,-0.593163,-0.226246],[0.629164,0.76302,0.148164],[0.0847449,-0.256823,0.962736]],"armWidth":62.9686,"confidence":0.692007,"direction":[0.380257,0.688789,-0.617231],"elbow":[21.3375,107.336,299.887],"grabStrength":0.354748,"id":409,"palmNormal":[-0.504674,-0.404726,-0.762562],"palmPosition":[11.0251,215.419,8.27976],"palmVelocity":[17.5635,264.046,-132.244],"palmWidth":89.917,"pinchStrength":0.8249,"r":[[0.565102,-0.783099,-0.259644],[0.805093,0.454679,0.38091],[-0.180236,-0.42429,0.887408]],"s":1.56529,"sphereCenter":[-5.69471,208.885,-34.5152],"sphereRadius":42.0615,"stabilizedPalmPosition":[10.9146,214.143,8.94023],"t":[0.0955667,52.154,-108.026],"timeVisible":46.0962,"type":"right","wrist":[-1.27382,175.86,43.0134]}],"id":1415396,"interactionBox":{"center":[0,200,0],"size":[235.247,235.247,147.751]},"pointables":[{"bases":[[[0.837475,0.254373,0.483664],[-0.546462,0.396249,0.737812],[-0.00397219,-0.882202,0.470853]],[[0.745217,0.632059,0.212493],[-0.633874,0.572533,0.52001],[0.207018,-0.522214,0.827307]],[[0.745217,0.632059,0.212493],[-0.666374,0.717575,0.202563],[-0.0244477,-0.292553,0.955937]],[[0.745217,0.632059,0.212493],[-0.395965,0.675847,-0.621645],[-0.536529,0.379121,0.753926]]],"btipPosition":[-26.7602,213.005,-48.0362],"carpPosition":[-29.7806,186.156,42.4194],"dipPosition":[-39.1689,221.773,-30.5997],"direction":[0.0244477,0.292553,-0.955937],"extended":false,"handId":409,"id":4090,"length":51.5018,"mcpPosition":[-29.7806,186.156,42.4194],"pipPosition":[-39.9926,211.916,1.60919],"stabilizedTipPosition":[-29.6911,213.868,-43.4719],"timeVisible":46.0962,"tipPosition":[-28.9004,213.884,-44.2946],"tipVelocity":[19.9892,270.809,-130.609],"tool":false,"touchDistance":0.112508,"touchZone":"hovering","type":0,"width":20.0112},{"bases":[[[0.827897,-0.477283,-0.294598],[0.535394,0.515954,0.668689],[-0.167155,-0.711332,0.68269]],[[0.835009,-0.442337,-0.327257],[0.510973,0.844008,0.162964],[0.204123,-0.303296,0.930777]],[[0.835009,-0.442337,-0.327257],[0.485164,0.872453,0.0586655],[0.259567,-0.20776,0.943112]],[[0.835009,-0.442337,-0.327257],[0.465396,0.885059,-0.00881294],[0.29354,-0.144945,0.944894]]],"btipPosition":[-17.5003,268.468,-78.5467],"carpPosition":[-9.83062,196.466,49.0834],"dipPosition":[-12.5442,266.02,-62.593],"direction":[-0.259567,0.20776,-0.943112],"extended":true,"handId":409,"id":4091,"length":58.114,"mcpPosition":[2.32188,248.181,-0.549538],"pipPosition":[-6.34431,261.058,-40.0664],"stabilizedTipPosition":[-16.4065,267.053,-74.5167],"timeVisible":46.0962,"tipPosition":[-17.3392,265.961,-74.8551],"tipVelocity":[20.907,298.046,-121.035],"tool":false,"touchDistance":0.165868,"touchZone":"hovering","type":1,"width":19.1147},{"bases":[[[0.694219,-0.649916,-0.309306],[0.663852,0.412093,0.624083],[-0.278139,-0.638583,0.71753]],[[0.68314,-0.673729,-0.281797],[0.505129,0.714598,-0.483937],[0.527414,0.188253,0.82849]],[[0.68314,-0.673729,-0.281797],[-0.480615,-0.124239,-0.868087],[0.549845,0.72846,-0.408677]],[[0.68314,-0.673729,-0.281797],[-0.722782,-0.568574,-0.392823],[0.104434,0.47203,-0.875375]]],"btipPosition":[-22.2031,197.827,-14.9279],"carpPosition":[1.13288,192.003,46.2648],"dipPosition":[-20.2638,206.593,-31.1839],"direction":[-0.549845,-0.72846,0.408677],"extended":false,"handId":409,"id":4092,"length":66.2163,"mcpPosition":[20.3092,236.03,-3.20555],"pipPosition":[-4.81252,227.063,-42.6682],"stabilizedTipPosition":[-21.8601,198.669,-18.0571],"timeVisible":46.0962,"tipPosition":[-21.7922,200.319,-19.8604],"tipVelocity":[20.0896,264.036,-135.477],"tool":false,"touchDistance":0.333333,"touchZone":"none","type":2,"width":18.7732},{"bases":[[[0.593689,-0.766009,-0.246504],[0.70255,0.34404,0.622945],[-0.392374,-0.543017,0.742412]],[[0.588512,-0.773037,-0.236785],[0.567518,0.603584,-0.560008],[0.575827,0.195192,0.793929]],[[0.588512,-0.773037,-0.236785],[-0.532679,-0.150425,-0.832842],[0.608199,0.616268,-0.500307]],[[0.588512,-0.773037,-0.236785],[-0.797659,-0.507396,-0.326019],[0.131881,0.38074,-0.915229]]],"btipPosition":[-9.88487,186.131,-7.91411],"carpPosition":[10.3356,185.036,42.5017],"dipPosition":[-7.44985,193.16,-24.8126],"direction":[-0.608199,-0.616268,0.500307],"extended":false,"handId":409,"id":4093,"length":63.6687,"mcpPosition":[34.6241,218.649,-3.45454],"pipPosition":[9.1998,210.031,-38.5087],"stabilizedTipPosition":[-9.43924,186.478,-11.1433],"timeVisible":46.0962,"tipPosition":[-9.27549,188.074,-12.7699],"tipVelocity":[20.146,262.543,-135.254],"tool":false,"touchDistance":0.333333,"touchZone":"none","type":3,"width":17.8639},{"bases":[[[0.419988,-0.869954,-0.258439],[0.748893,0.171374,0.640148],[-0.512609,-0.462398,0.723478]],[[0.381204,-0.901566,-0.204602],[0.684758,0.424041,-0.592702],[0.62112,0.0858371,0.779001]],[[0.381204,-0.901566,-0.204602],[-0.568618,-0.054148,-0.820818],[0.728943,0.429239,-0.533288]],[[0.381204,-0.901566,-0.204602],[-0.897633,-0.307993,-0.315271],[0.221221,0.30384,-0.926683]]],"btipPosition":[4.64339,183.416,-6.56269],"carpPosition":[14.8308,173.391,36.0215],"dipPosition":[8.41157,188.591,-22.3474],"direction":[-0.728943,-0.429239,0.533288],"extended":false,"handId":409,"id":4094,"length":49.9151,"mcpPosition":[44.204,199.887,-5.43483],"pipPosition":[22.5007,196.887,-32.6549],"stabilizedTipPosition":[5.40989,183.46,-9.61691],"timeVisible":46.0962,"tipPosition":[5.65898,184.754,-10.9002],"tipVelocity":[20.0566,264.429,-132.193],"tool":false,"touchDistance":0.333333,"touchZone":"none","type":4,"width":15.8681}],"r":[[0.565102,-0.783099,-0.259644],[0.805093,0.454679,0.38091],[-0.180236