{"sensorType":"Leap","data":[[0,{"currentFrameRate":55.353,"devices":[],"gestures":[],"hands":[{"armBasis":[[0.977226,-0.055209,-0.204892],[0.134229,0.908666,0.395359],[0.164351,-0.413857,0.895383]],"armWidth":62.9686,"confidence":0.808929,"direction":[0.0925194,0.4883,-0.867757],"elbow":[41.2291,121.201,322.356],"grabStrength":0,"id":403,"palmNormal":[-0.124569,-0.858972,-0.496638],"palmPosition":[-5.65875,255.175,34.887],"palmVelocity":[-0.886882,188.862,-227.37],"palmWidth":89.917,"pinchStrength":0.8822,"r":[[0.994226,0.10177,0.0340112],[-0.10542,0.985534,0.132697],[-0.0200146,-0.135516,0.990573]],"s":1.01043,"sphereCenter":[-10.6507,228.585,-4.0264],"sphereRadius":45.872,"stabilizedPalmPosition":[-6.08968,174.594,112.384],"t":[17.8258,48.5894,-98.5958],"timeVisible":15.5462,"type":"right","wrist":[-2.62247,231.624,83.4539]}],"id":1409581,"interactionBox":{"center":[0,200,0],"size":[235.247,235.247,147.751]},"pointables":[{"bases":[[[0.526995,0.801584,0.282381],[-0.775444,0.317552,0.545753],[0.347796,-0.50658,0.788932]],[[0.413571,0.90856,0.058976],[-0.862158,0.369982,0.346115],[0.292646,-0.19399,0.936336]],[[0.413571,0.90856,0.058976],[-0.910469,0.412876,0.0240957],[-0.00245735,-0.0636611,0.997969]],[[0.413571,0.90856,0.058976],[-0.786441,0.38912,-0.479684],[-0.45877,0.152002,0.875457]]],"btipPosition":[-35.8384,233.344,-19.4982],"carpPosition":[-32.0955,225.145,80.5626],"dipPosition":[-46.4486,236.86,0.749051],"direction":[0.00245735,0.0636611,-0.997969],"extended":false,"handId":403,"id":4030,"length":51.5018,"mcpPosition":[-32.0955,225.145,80.5626],"pipPosition":[-46.5314,234.715,34.3741],"stabilizedTipPosition":[-33.644,171.409,78.8248],"timeVisible":15.5462,"tipPosition":[-37.4151,234.488,-14.2893],"tipVelocity":[8.1093,222.327,-248.917],"tool":false,"touchDistance":-0.853868,"touchZone":"hovering","type":0,"width":20.0112},{"bases":[[[0.989398,-0.069871,-0.127318],[0.112115,0.924712,0.363783],[0.0923149,-0.3742,0.922742]],[[0.993296,-0.0939176,-0.0673947],[0.111886,0.927646,0.356306],[0.0290551,-0.361458,0.931936]],[[0.993296,-0.0939176,-0.0673947],[0.103529,0.982119,0.15724],[0.051422,-0.163163,0.985258]],[[0.993296,-0.0939176,-0.0673947],[0.0936495,0.99558,-0.00713409],[0.0677669,0.000774785,0.997701]]],"btipPosition":[-31.1539,292.114,-65.898],"carpPosition":[-20.8364,245.679,81.1317],"dipPosition":[-30.0097,292.127,-49.0527],"direction":[-0.051422,0.163163,-0.985258],"extended":true,"handId":403,"id":4031,"length":58.114,"mcpPosition":[-27.5479,272.884,14.0466],"pipPosition":[-28.7815,288.23,-25.5195],"stabilizedTipPosition":[-28.4041,251.997,-13.9789],"timeVisible":15.5462,"tipPosition":[-29.9592,292.058,-61.8798],"tipVelocity":[-17.1989,268.484,-198.636],"tool":false,"touchDistance":-0.871506,"touchZone":"hovering","type":1,"width":19.1147},{"bases":[[[0.959067,-0.276395,-0.0616202],[0.27977,0.891147,0.357192],[-0.0438132,-0.35981,0.931996]],[[0.957052,-0.288332,-0.0302595],[0.223569,0.800451,-0.556144],[0.184575,0.525494,0.830535]],[[0.957052,-0.288332,-0.0302595],[-0.151713,-0.409148,-0.899767],[0.247051,0.865715,-0.435319]],[[0.957052,-0.288332,-0.0302595],[-0.28224,-0.902766,-0.324583],[0.0662707,0.319184,-0.945373]]],"btipPosition":[-22.7361,216.133,5.6461],"carpPosition":[-8.79201,246.611,79.674],"dipPosition":[-21.5054,222.061,-11.9098],"direction":[-0.247051,-0.865715,0.435319],"extended":false,"handId":403,"id":4032,"length":66.2163,"mcpPosition":[-5.77129,271.418,15.4173],"pipPosition":[-14.563,246.388,-24.1428],"stabilizedTipPosition":[-26.8244,118.633,98.2003],"timeVisible":15.5462,"tipPosition":[-22.4347,217.343,3.25338],"tipVelocity":[9.42649,211.927,-261.482],"tool":false,"touchDistance":0.333333,"touchZone":"none","type":2,"width":18.7732},{"bases":[[[0.918328,-0.392718,0.0494523],[0.346037,0.857198,0.381404],[-0.192175,-0.333142,0.923085]],[[0.913785,-0.400095,0.0701551],[0.362925,0.726595,-0.583391],[0.182437,0.558554,0.809156]],[[0.913785,-0.400095,0.0701551],[-0.132486,-0.456827,-0.879634],[0.383986,0.794501,-0.470449]],[[0.913785,-0.400095,0.0701551],[-0.36237,-0.880974,-0.304258],[0.183537,0.252604,-0.950003]]],"btipPosition":[-6.98117,213.903,16.0444],"carpPosition":[3.07857,244.357,78.4918],"dipPosition":[-3.59241,218.567,-1.4961],"direction":[-0.383986,-0.794501,0.470449],"extended":false,"handId":403,"id":4033,"length":63.6687,"mcpPosition":[14.9744,264.979,21.3516],"pipPosition":[6.91933,240.317,-14.3748],"stabilizedTipPosition":[-12.5345,119.398,111.314],"timeVisible":15.5462,"tipPosition":[-6.3036,214.966,13.1981],"tipVelocity":[8.0061,205.373,-252.683],"tool":false,"touchDistance":0.333333,"touchZone":"none","type":3,"width":17.8639},{"bases":[[[0.820031,-0.564835,0.0922536],[0.466312,0.752859,0.464497],[-0.331818,-0.337883,0.880757]],[[0.813034,-0.571664,0.110345],[0.521597,0.630977,-0.574286],[0.258673,0.52447,0.811184]],[[0.813034,-0.571664,0.110345],[-0.188428,-0.437686,-0.879162],[0.550882,0.693996,-0.463571]],[[0.813034,-0.571664,0.110345],[-0.510403,-0.791017,-0.337315],[0.280116,0.217928,-0.934902]]],"btipPosition":[8.10196,218.984,23.1202],"carpPosition":[13.5458,235.074,77.0487],"dipPosition":[12.8733,222.696,7.19551],"direction":[-0.550882,-0.693996,0.463571],"extended":false,"handId":403,"id":4034,"length":49.9151,"mcpPosition":[32.5595,254.436,26.5801],"pipPosition":[23.5209,236.109,-1.76446],"stabilizedTipPosition":[3.74984,132.952,121.143],"timeVisible":15.5462,"tipPosition":[9.10286,219.627,20.7437],"tipVelocity":[6.87419,206.155,-258.1],"tool":false,"touchDistance":0.333333,"touchZone":"none","type":4,"width":15.8681}],"r":[[0.994226,0.10177,0.0340112],[-0.10542,0.985534,0.132697],[-0.0200146,-0.135516,0.990573]],"s":1.01043,"t":[17.8258,48.5894,-98.5958],"timestamp":88644797107},false],[1,{"currentFrameRate":55.3336,"devices":[],"gestures":[],"hands":[{"armBasis":[[0.978501,-0.04321,-0.201664],[0.120207,0.914036,0.387413],[0.167588,-0.403325,0.899579]],"armWidth":62.9686,"confidence":0.813655,"direction":[0.0920558,0.515467,-0.85195],"elbow":[41.5757,125.198,318.956],"grabStrength":0,"id":403,"palmNormal":[-0.107451,-0.845445,-0.523141],"palmPosition":[-6.14281,257.762,31.0688],"palmVelocity":[-13.1769,166.82,-219.331],"palmWidth":89.917,"pinchStrength":0.879438,"r":[[0.993837,0.104582,0.036759],[-0.108887,0.983158,0.146777],[-0.0207898,-0.149875,0.988486]],"s":1.01093,"sphereCenter":[-10.8976,232.442,-8.59999],"sphereRadius":45.7996,"stabilizedPalmPosition":[-6.09177,177.876,109.176],"t":[17.5738,51.5776,-102.536],"timeVisible":15.5644,"type":"right","wrist":[-3.13942,232.812,78.934]}],"id":1409582,"interactionBox":{"center":[0,200,0],"size":[235.247,235.247,147.751]},"pointables":[{"bases":[[[0.512419,0.800558,0.310699],[-0.78457,0.289357,0.548382],[0.349109,-0.524766,0.776366]],[[0.399247,0.91244,0.0897481],[-0.870626,0.346613,0.349099],[0.287424,-0.217514,0.932778]],[[0.399247,0.91244,0.0897481],[-0.916804,0.398224,0.0298123],[-0.00853786,-0.0941839,0.995518]],[[0.399247,0.91244,0.0897481],[-0.787873,0.391499,-0.475378],[-0.468891,0.119083,0.875192]]],"btipPosition":[-35.5323,237.13,-24.1971],"carpPosition":[-32.486,225.981,75.5994],"dipPosition":[-46.3766,239.884,-3.95605],"direction":[0.00853786,0.0941839,-0.995518],"extended":false,"handId":403,"id":4030,"length":51.5018,"mcpPosition":[-32.486,225.981,75.5994],"pipPosition":[-46.6643,236.711,29.5865],"stabilizedTipPosition":[-33.915,175.513,72.7408],"timeVisible":15.5644,"tipPosition":[-37.1905,238.086,-18.9811],"tipVelocity":[10.8706,211.238,-253.783],"tool":false,"touchDistance":-0.86732,"touchZone":"hovering","type":0,"width":20.0112},{"bases":[[[0.991342,-0.0511696,-0.120922],[0.0950674,0.91495,0.39221],[0.0905682,-0.40031,0.911893]],[[0.995044,-0.0757974,-0.0643672],[0.094765,0.918945,0.382831],[0.0301324,-0.387033,0.921573]],[[0.995044,-0.0757974,-0.0643672],[0.0866807,0.978357,0.187894],[0.0487322,-0.192542,0.980078]],[[0.995044,-0.0757974,-0.0643672],[0.0776104,0.996641,0.0261466],[0.0621691,-0.0310126,0.997584]]],"btipPosition":[-31.6237,297.312,-68.7974],"carpPosition":[-21.5462,246.654,76.8781],"dipPosition":[-30.574,296.789,-51.954],"direction":[-0.0487322,0.192542,-0.980078],"extended":true,"handId":403,"id":4031,"length":58.114,"mcpPosition":[-28.1307,275.758,10.5816],"pipPosition":[-29.41,292.19,-28.5445],"stabilizedTipPosition":[-29.0969,262.51,-25.8301],"timeVisible":15.5644,"tipPosition":[-30.4302,297.153,-64.7753],"tipVelocity":[-21.9143,273.86,-180.166],"tool":false,"touchDistance":-0.856185,"touchZone":"hovering","type":1,"width":19.1147},{"bases":[[[0.963635,-0.260004,-0.0616886],[0.263262,0.884116,0.386046],[-0.0458337,-0.388247,0.920415]],[[0.96154,-0.272957,-0.030597],[0.215446,0.818626,-0.532385],[0.170365,0.505317,0.845949]],[[0.96154,-0.272957,-0.030597],[-0.138799,-0.386751,-0.911679],[0.237015,0.880862,-0.409763]],[[0.96154,-0.272957,-0.030597],[-0.265955,-0.897416,-0.352012],[0.0686259,0.346611,-0.935495]]],"btipPosition":[-22.3957,219.319,0.686251],"carpPosition":[-9.50606,247.811,75.5514],"dipPosition":[-21.1213,225.756,-16.6863],"direction":[-0.237015,-0.880862,0.409763],"extended":false,"handId":403,"id":4032,"length":66.2163,"mcpPosition":[-6.34605,274.579,12.0932],"pipPosition":[-14.4609,250.509,-28.201],"stabilizedTipPosition":[-26.6334,122.767,94.0931],"timeVisible":15.5644,"tipPosition":[-22.0912,220.63,-1.82574],"tipVelocity":[14.1393,197.725,-266.068],"tool":false,"touchDistance":0.333333,"touchZone":"none","type":2,"width":18.7732},{"bases":[[[0.923781,-0.380208,0.0455054],[0.329842,0.850454,0.409796],[-0.194508,-0.363552,0.911042]],[[0.919285,-0.388103,0.0655099],[0.354427,0.743878,-0.566593],[0.171165,0.544079,0.82139]],[[0.919285,-0.388103,0.0655099],[-0.121197,-0.437475,-0.891026],[0.374469,0.811167,-0.449201]],[[0.919285,-0.388103,0.0655099],[-0.346623,-0.877137,-0.332391],[0.186463,0.282855,-0.940864]]],"btipPosition":[-6.80448,216.824,11.4111],"carpPosition":[2.40665,245.771,74.4035],"dipPosition":[-3.36168,222.047,-5.96074],"direction":[-0.374469,-0.811167,0.449201],"extended":false,"handId":403,"id":4033,"length":63.6687,"mcpPosition":[14.4469,268.275,18.0088],"pipPosition":[6.88953,244.253,-18.2578],"stabilizedTipPosition":[-12.2951,123.019,107.5],"timeVisible":15.5644,"tipPosition":[-6.06404,218.076,8.33006],"tipVelocity":[9.15904,187.629,-252.976],"tool":false,"touchDistance":0.333333,"touchZone":"none","type":3,"width":17.8639},{"bases":[[[0.827777,-0.554988,0.0823028],[0.451019,0.745482,0.490753],[-0.333717,-0.369113,0.867403]],[[0.820205,-0.563005,0.10144],[0.517273,0.654156,-0.551824],[0.244322,0.50508,0.827768]],[[0.820205,-0.563005,0.10144],[-0.174825,-0.41552,-0.892625],[0.544702,0.714401,-0.439239]],[[0.820205,-0.563005,0.10144],[-0.496042,-0.788258,-0.364131],[0.284968,0.248344,-0.925807]]],"btipPosition":[8.22871,222.158,18.4046],"carpPosition":[13.0255,236.694,72.7727],"dipPosition":[13.0827,226.388,2.63486],"direction":[-0.544702,-0.714401,0.439239],"extended":false,"handId":403,"id":4034,"length":49.9151,"mcpPosition":[32.148,257.845,23.0693],"pipPosition":[23.6108,240.196,-5.85482],"stabilizedTipPosition":[3.94487,136.095,117.436],"timeVisible":15.5644,"tipPosition":[9.25719,222.89,15.9845],"tipVelocity":[7.42752,194.448,-258.054],"tool":false,"touchDistance":0.333333,"touchZone":"none","type":4,"width":15.8681}],"r":[[0.993837,0.104582,0.036759],[-0.108887,0.983158,0.146777],[-0.0207898,-0.149875,0.988486]],"s":1.01093,"t":[17.5738,51.5776,-102.536],"timestamp":88644815246},false],[2,{"currentFrameRate":55.349,"devices":[],"gestures":[],"hands":[{"armBasis":[[0.978474,-0.0358271,-0.203235],[0.116767,0.908127,0.402084],[0.170158,-0.41716,0.892762]],"armWidth":62.9686,"confidence":0.814713,"direction":[0.0932816,0.529171,-0.843372],"elbow":[41.8308,125.161,312.944],"grabStrength":0,"id":403,"palmNormal":[-0.103767,-0.837286,-0.536829],"palmPosition":[-6.49432,262.167,27.269],"palmVelocity":[-16.1806,203.659,-215.352],"palmWidth":89.917,"pinchStrength":0.874019,"r":[[0.993439,0.10717,0.0399177],[-0.11225,0.98054,0.161064],[-0.0218798,-0.164488,0.986136]],"s":1.01207,"sphereCenter":[-11.6389,237.623,-12.7172],"sphereRadius":45.7182,"stabilizedPalmPosition":[-6.11257,182.229,104.945],"t":[17.2721,55.2742,-106.406],"timeVisible":15.5824,"type":"right","wrist":[-3.56998,236.466,74.7405]}],"id":1409583,"interactionBox":{"center":[0,200,0],"size":[235.247,235.247,147.751]},"pointables":[{"bases":[[[0.509475,0.796783,0.324917],[-0.78692,0.278661,0.55055],[0.348127,-0.536176,0.768975]],[[0.397272,0.911503,0.106476],[-0.872548,0.339228,0.351547],[0.284316,-0.232565,0.930096]],[[0.397272,0.911503,0.106476],[-0.917666,0.395579,0.0374871],[-0.00795002,-0.112602,0.993608]],[[0.397272,0.911503,0.106476],[-0.784801,0.397584,-0.47541],[-0.475671,0.105305,0.873297]]],"btipPosition":[-35.6452,242.448,-28.3464],"carpPosition":[-32.8892,229.617,71.2097],"dipPosition":[-46.6463,244.883,-8.14913],"direction":[0.00795002,0.112602,-0.993608],"extended":false,"handId":403,"id":4030,"length":51.5018,"mcpPosition":[-32.8892,229.617,71.2097],"pipPosition":[-46.9142,241.089,25.329],"stabilizedTipPosition":[-34.2692,181.124,64.7241],"timeVisible":15.5824,"tipPosition":[-37.3842,243.264,-23.1755],"tipVelocity":[1.79745,249.112,-242.933],"tool":false,"touchDistance":-0.871312,"touchZone":"hovering","type":0,"width":20.0112},{"bases":[[[0.991822,-0.0467886,-0.11874],[0.0915971,0.908832,0.406982],[0.0888729,-0.41453,0.905686]],[[0.995315,-0.0708605,-0.0657714],[0.0911409,0.914673,0.393786],[0.0322555,-0.397936,0.916846]],[[0.995315,-0.0708605,-0.0657714],[0.0828014,0.975974,0.201539],[0.0499101,-0.20604,0.97727]],[[0.995315,-0.0708605,-0.0657714],[0.0737048,0.996401,0.0418746],[0.0625674,-0.0465261,0.996956]]],"btipPosition":[-32.0846,303.033,-72.0963],"carpPosition":[-22.0055,250.295,72.8495],"dipPosition":[-31.0282,302.248,-55.2636],"direction":[-0.0499101,0.20604,-0.97727],"extended":true,"handId":403,"id":4031,"length":58.114,"mcpPosition":[-28.4667,280.432,7.00429],"pipPosition":[-29.8361,297.326,-31.9211],"stabilizedTipPosition":[-29.9351,274.83,-38.7765],"timeVisible":15.5824,"tipPosition":[-30.8612,302.891,-68.0602],"tipVelocity":[-23.6158,293.007,-181.636],"tool":false,"touchDistance":-0.84842,"touchZone":"hovering","type":1,"width":19.1147},{"bases":[[[0.964466,-0.256607,-0.0629161],[0.259887,0.878517,0.400833],[-0.0475836,-0.402941,0.913988]],[[0.9623,-0.270112,-0.0319113],[0.214339,0.825322,-0.522401],[0.167444,0.495866,0.852103]],[[0.9623,-0.270112,-0.0319113],[-0.136141,-0.376769,-0.916248],[0.235466,0.88605,-0.399339]],[[0.9623,-0.270112,-0.0319113],[-0.262883,-0.893545,-0.363964],[0.0697967,0.358631,-0.930866]]],"btipPosition":[-22.5724,224.105,-3.51652],"carpPosition":[-9.96436,251.502,71.5776],"dipPosition":[-21.2762,230.764,-20.8031],"direction":[-0.235466,-0.88605,0.399339],"extended":false,"handId":403,"id":4032,"length":66.2163,"mcpPosition":[-6.68369,279.283,8.56245],"pipPosition":[-14.6594,255.663,-32.0249],"stabilizedTipPosition":[-26.3961,128.367,88.5635],"timeVisible":15.5824,"tipPosition":[-22.2611,225.49,-6.21344],"tipVelocity":[2.91879,231.268,-250.018],"tool":false,"touchDistance":0.333333,"touchZone":"none","type":2,"width":18.7732},{"bases":[[[0.924598,-0.378597,0.0422343],[0.32648,0.844646,0.424246],[-0.196291,-0.378468,0.904562]],[[0.920223,-0.386544,0.0614224],[0.350543,0.744161,-0.568633],[0.174094,0.544801,0.820295]],[[0.920223,-0.386544,0.0614224],[-0.124831,-0.438597,-0.889972],[0.370953,0.811306,-0.45186]],[[0.920223,-0.386544,0.0614224],[-0.34563,-0.876196,-0.335888],[0.183654,0.287863,-0.939897]]],"btipPosition":[-7.12509,221.358,7.94512],"carpPosition":[1.95681,249.51,70.4332],"dipPosition":[-3.73417,226.673,-9.40883],"direction":[-0.370953,-0.811306,0.45186],"extended":false,"handId":403,"id":4033,"length":63.6687,"mcpPosition":[14.1075,272.938,14.4396],"pipPosition":[6.42079,248.883,-21.7786],"stabilizedTipPosition":[-11.9873,128.169,102.144],"timeVisible":15.5824,"tipPosition":[-6.32929,222.711,4.40035],"tipVelocity":[-3.93334,218.559,-224.154],"tool":false,"touchDistance":0.333333,"touchZone":"none","type":3,"width":17.8639},{"bases":[[[0.828926,-0.554177,0.0759614],[0.447681,0.7387,0.503888],[-0.335356,-0.383679,0.860422]],[[0.820431,-0.563441,0.0970903],[0.518009,0.660652,-0.543328],[0.241991,0.496057,0.833887]],[[0.820431,-0.563441,0.0970903],[-0.171904,-0.405049,-0.897989],[0.54529,0.720048,-0.429173]],[[0.820431,-0.563441,0.0970903],[-0.49366,-0.783761,-0.376854],[0.288431,0.261253,-0.92117]]],"btipPosition":[7.91153,226.771,14.2349],"carpPosition":[12.6033,240.487,68.6903],"dipPosition":[12.8245,231.221,-1.4559],"direction":[-0.54529,-0.720048,0.429173],"extended":false,"handId":403,"id":4034,"length":49.9151,"mcpPosition":[31.8197,262.472,19.3868],"pipPosition":[23.364,245.139,-9.75102],"stabilizedTipPosition":[4.18817,140.473,112.337],"timeVisible":15.5824,"tipPosition":[8.98897,227.569,11.6999],"tipVelocity":[-4.08301,224.998,-244.976],"tool":false,"touchDistance":0.333333,"touchZone":"none","type":4,"width":15.8681}],"r":[[0.993439,0.10717,0.0399177],[-0.11225,0.98054,0.161064],[-0.0218798,-0.164488,0.986136]],"s":1.01207,"t":[17.2721,55.2742,-106.406],"timestamp":88644833260},false],[3,{"currentFrameRate":55.3282,"devices":[],"gestures":[],"hands":[{"armBasis":[[0.976624,-0.0473864,-0.209667],[0.131602,0.903038,0.408904],[0.169961,-0.426938,0.888165]],"armWidth":62.9686,"confidence":0.817308,"direction":[0.0892612,0.53993,-0.836963],"elbow":[42.018,125.95,307.25],"grabStrength":0,"id":403,"palmNormal":[-0.119058,-0.828508,-0.547174],"palmPosition":[-6.52423,266.258,23.2019],"palmVelocity":[-9.2558,214.04,-219.536],"palmWidth":89.917,"pinchStrength":0.870304,"r":[[0.99344,0.106963,0.0404435],[-0.112448,0.978046,0.175446],[-0.0207893,-0.178843,0.983658]],"s":1.01413,"sphereCenter":[-12.9845,242.624,-16.8879],"sphereRadius":45.5978,"stabilizedPalmPosition":[-6.13994,187.818,99.5086],"t":[17.1062,59.168,-110.374],"timeVisible":15.6005,"type":"right","wrist":[-3.33023,239.864,70.2737]}],"id":1409584,"interactionBox":{"center":[0,200,0],"size":[235.247,235.247,147.751]},"pointables":[{"bases":[[[0.521824,0.786647,0.32998],[-0.777425,0.279307,0.563558],[0.351155,-0.550612,0.757308]],[[0.409264,0.905007,0.116043],[-0.864621,0.344053,0.366139],[0.291433,-0.25018,0.923297]],[[0.409264,0.905007,0.116043],[-0.912402,0.405216,0.0576453],[0.00514701,-0.12947,0.99157]],[[0.409264,0.905007,0.116043],[-0.781628,0.413363,-0.467106],[-0.470702,0.100468,0.876553]]],"btipPosition":[-36.4243,247.758,-32.2356],"carpPosition":[-32.761,233.379,66.9917],"dipPosition":[-47.3105,250.082,-11.963],"direction":[-0.00514701,0.12947,-0.99157],"extended":false,"handId":403,"id":4030,"length":51.5018,"mcpPosition":[-32.761,233.379,66.9917],"pipPosition":[-47.1371,245.72,21.4465],"stabilizedTipPosition":[-34.8242,189.126,53.7289],"timeVisible":15.6005,"tipPosition":[-38.2051,248.466,-27.1114],"tipVelocity":[-18.823,269.188,-228.847],"tool":false,"touchDistance":-0.870592,"touchZone":"hovering","type":0,"width":20.0112},{"bases":[[[0.989816,-0.0557252,-0.130994],[0.106165,0.901997,0.418486],[0.0948364,-0.428131,0.898727]],[[0.993534,-0.0791901,-0.0813619],[0.105396,0.909754,0.401546],[0.0422209,-0.407525,0.912218]],[[0.993534,-0.0791901,-0.0813619],[0.0948468,0.972792,0.211378],[0.0624092,-0.217728,0.974012]],[[0.993534,-0.0791901,-0.0813619],[0.0836844,0.995061,0.0533958],[0.0767316,-0.0598593,0.995253]]],"btipPosition":[-33.1086,308.552,-75.3453],"carpPosition":[-21.6351,253.914,68.7914],"dipPosition":[-31.8131,307.542,-58.5414],"direction":[-0.0624092,0.217728,-0.974012],"extended":true,"handId":403,"id":4031,"length":58.114,"mcpPosition":[-28.5299,285.039,3.45217],"pipPosition":[-30.3224,302.341,-35.2767],"stabilizedTipPosition":[-31.0371,287.665,-51.31],"timeVisible":15.6005,"tipPosition":[-31.8109,308.427,-71.3127],"tipVelocity":[-37.807,296.956,-180.578],"tool":false,"touchDistance":-0.840747,"touchZone":"hovering","type":1,"width":19.1147},{"bases":[[[0.96083,-0.266001,-0.0777783],[0.274033,0.869972,0.409945],[-0.041381,-0.415201,0.908788]],[[0.958867,-0.279965,-0.0468343],[0.216659,0.828447,-0.516463],[0.183391,0.485073,0.855028]],[[0.958867,-0.279965,-0.0468343],[-0.151683,-0.365904,-0.918209],[0.239929,0.887544,-0.393319]],[[0.958867,-0.279965,-0.0468343],[-0.276941,-0.886494,-0.370719],[0.0622699,0.368441,-0.927563]]],"btipPosition":[-23.378,228.747,-7.70996],"carpPosition":[-9.5971,255.009,67.3954],"dipPosition":[-22.2216,235.59,-24.9352],"direction":[-0.239929,-0.887544,0.393319],"extended":false,"handId":403,"id":4032,"length":66.2163,"mcpPosition":[-6.74407,283.635,4.73881],"pipPosition":[-15.4794,260.53,-35.9879],"stabilizedTipPosition":[-26.1471,136.096,80.9648],"timeVisible":15.6005,"tipPosition":[-23.0829,230.196,-10.561],"tipVelocity":[-20.4712,244.088,-240.63],"tool":false,"touchDistance":0.333333,"touchZone":"none","type":2,"width":18.7732},{"bases":[[[0.920858,-0.389023,0.0261245],[0.34052,0.835065,0.432102],[-0.189913,-0.389008,0.901446]],[[0.916799,-0.396864,0.0444769],[0.347745,0.738604,-0.577527],[0.196349,0.544943,0.815159]],[[0.916799,-0.396864,0.0444769],[-0.14776,-0.440576,-0.885472],[0.371007,0.805228,-0.46256]],[[0.916799,-0.396864,0.0444769],[-0.361269,-0.871682,-0.331143],[0.170188,0.287523,-0.942532]]],"btipPosition":[-7.92452,225.574,4.35694],"carpPosition":[2.2877,252.907,66.0838],"dipPosition":[-4.78222,230.883,-13.0457],"direction":[-0.371007,-0.805228,0.46256],"extended":false,"handId":403,"id":4033,"length":63.6687,"mcpPosition":[14.0436,276.987,10.2831],"pipPosition":[5.37422,252.926,-25.7084],"stabilizedTipPosition":[-11.6359,135.409,94.671],"timeVisible":15.6005,"tipPosition":[-7.12913,226.989,0.381522],"tipVelocity":[-24.5533,225.069,-211.861],"tool":false,"touchDistance":0.333333,"touchZone":"none","type":3,"width":17.8639},{"bases":[[[0.823681,-0.564025,0.0585243],[0.461477,0.726722,0.508837],[-0.329527,-0.392111,0.858871]],[[0.813036,-0.575945,0.0852021],[0.513565,0.640513,-0.570959],[0.274268,0.507967,0.816545]],[[0.813036,-0.575945,0.0852021],[-0.2034,-0.418103,-0.885335],[0.545527,0.702479,-0.45708]],[[0.813036,-0.575945,0.0852021],[-0.513046,-0.777917,-0.362806],[0.275237,0.251262,-0.927961]]],"btipPosition":[6.88126,230.657,10.9854],"carpPosition":[12.8147,243.795,64.0909],"dipPosition":[11.5695,234.936,-4.82108],"direction":[-0.545527,-0.702479,0.45708],"extended":false,"handId":403,"id":4034,"length":49.9151,"mcpPosition":[31.6971,266.264,14.8763],"pipPosition":[22.1135,248.514,-13.6556],"stabilizedTipPosition":[4.44085,146.581,105.303],"timeVisible":15.6005,"tipPosition":[8.10867,231.599,7.75534],"tipVelocity":[-30.549,218.782,-214.273],"tool":false,"touchDistance":0.333333,"touchZone":"none","type":4,"width":15.8681}],"r":[[0.99344,0.106963,0.0404435],[-0.112448,0.978046,0.175446],[-0.0207893,-0.178843,0.983658]],"s":1.01413,"t":[17.1062,59.168,-110.374],"timestamp":88644851406},false],[4,{"currentFrameRate":55.3454,"devices":[],"gestures":[],"hands":[{"armBasis":[[0.978257,-0.03708,-0.204055],[0.122678,0.89676,0.425174],[0.167222,-0.440962,0.88181]],"armWidth":62.9686,"confidence":0.818471,"direction":[0.0831052,0.55844,-0.825372],"elbow":[41.5108,125.178,301.413],"grabStrength":0,"id":403,"palmNormal":[-0.110805,-0.817923,-0.564557],"palmPosition":[-6.60536,270.185,19.6311],"palmVelocity":[-7.0044,215.946,-209.461],"palmWidth":89.917,"pinchStrength":0.848261,"r":[[0.993221,0.108681,0.0412278],[-0.114604,0.974863,0.191069],[-0.0194258,-0.194499,0.98071]],"s":1.01795,"sphereCenter":[-13.544,247.636,-20.682],"sphereRadius":45.4702,"stabilizedPalmPosition":[-6.17861,194.66,92.8732],"t":[16.9828,63.0784,-114.144],"timeVisible":15.6185,"type":"right","wrist":[-3.10684,242.834,66.1316]}],"id":1409585,"interactionBox":{"center":[0,200,0],"size":[235.247,235.247,147.751]},"pointables":[{"bases":[[[0.513842,0.784861,0.346351],[-0.779916,0.259209,0.569685],[0.357347,-0.562853,0.745318]],[[0.400807,0.905935,0.136513],[-0.867893,0.327723,0.373308],[0.293455,-0.268104,0.917608]],[[0.400807,0.905935,0.136513],[-0.916112,0.394738,0.0701554],[0.00966922,-0.15318,0.988151]],[[0.400807,0.905935,0.136513],[-0.782218,0.415961,-0.463801],[-0.476958,0.0791113,0.875359]]],"btipPosition":[-36.2415,252.671,-36.0783],"carpPosition":[-32.4708,236.114,62.7256],"dipPosition":[-47.2724,254.501,-15.8333],"direction":[-0.00966922,0.15318,-0.988151],"extended":false,"handId":403,"id":4030,"length":51.5018,"mcpPosition":[-32.4708,236.114,62.7256],"pipPosition":[-46.9466,249.34,17.461],"stabilizedTipPosition":[-35.4398,199.084,40.4724],"timeVisible":15.6185,"tipPosition":[-38.1305,253.202,-31.0107],"tipVelocity":[-5.96764,267.906,-221.682],"tool":false,"touchDistance":-0.869601,"touchZone":"hovering","type":0,"width":20.0112},{"bases":[[[0.990256,-0.0426452,-0.132572],[0.0970652,0.893983,0.437461],[0.0998617,-0.446067,0.889411]],[[0.994113,-0.0658226,-0.0860634],[0.0959265,0.903989,0.416657],[0.0503749,-0.422459,0.904981]],[[0.994113,-0.0658226,-0.0860634],[0.0840441,0.96977,0.229093],[0.0683822,-0.234977,0.969592]],[[0.994113,-0.0658226,-0.0860634],[0.0721837,0.994715,0.073015],[0.0808025,-0.0787975,0.993611]]],"btipPosition":[-33.954,314.03,-78.0637],"carpPosition":[-21.5576,256.721,64.9553],"dipPosition":[-32.5897,312.699,-61.2874],"direction":[-0.0683822,0.234977,-0.969592],"extended":true,"handId":403,"id":4031,"length":58.114,"mcpPosition":[-28.8177,289.151,0.293305],"pipPosition":[-30.9564,307.087,-38.1283],"stabilizedTipPosition":[-32.2393,299.7,-61.8839],"timeVisible":15.6185,"tipPosition":[-32.6351,313.917,-74.0189],"tipVelocity":[-41.7212,298.427,-166.7],"tool":false,"touchDistance":-0.825876,"touchZone":"hovering","type":1,"width":19.1147},{"bases":[[[0.963489,-0.254292,-0.0838117],[0.265251,0.863893,0.428171],[-0.0364761,-0.43477,0.899803]],[[0.961601,-0.269482,-0.0519941],[0.204841,0.830793,-0.517516],[0.182657,0.486993,0.854092]],[[0.961601,-0.269482,-0.0519941],[-0.152872,-0.368583,-0.916939],[0.227934,0.889678,-0.395626]],[[0.961601,-0.269482,-0.0519941],[-0.268897,-0.887155,-0.375035],[0.0549382,0.374615,-0.925551]]],"btipPosition":[-23.1434,232.792,-10.8363],"carpPosition":[-9.53251,257.971,63.5776],"dipPosition":[-22.1232,239.749,-28.0241],"direction":[-0.227934,-0.889678,0.395626],"extended":false,"handId":403,"id":4032,"length":66.2163,"mcpPosition":[-7.01766,287.947,1.54052],"pipPosition":[-15.718,264.75,-39.1416],"stabilizedTipPosition":[-25.8164,146.135,71.1855],"timeVisible":15.6185,"tipPosition":[-22.8547,234.445,-14.2662],"tipVelocity":[-5.41961,235.551,-208.634],"tool":false,"touchDistance":0.333333,"touchZone":"none","type":2,"width":18.7732},{"bases":[[[0.924864,-0.379896,0.0174779],[0.332112,0.829218,0.449555],[-0.185277,-0.409972,0.893082]],[[0.92105,-0.387868,0.0350021],[0.331515,0.733709,-0.593101],[0.204364,0.557879,0.804367]],[[0.92105,-0.387868,0.0350021],[-0.157974,-0.454252,-0.876755],[0.355965,0.802006,-0.479661]],[[0.92105,-0.387868,0.0350021],[-0.356274,-0.875487,-0.326484],[0.157277,0.288238,-0.944554]]],"btipPosition":[-7.83029,229.489,1.98953],"carpPosition":[2.37263,256.02,62.2166],"dipPosition":[-4.92638,234.811,-15.4504],"direction":[-0.355965,-0.802006,0.479661],"extended":false,"handId":403,"id":4033,"length":63.6687,"mcpPosition":[13.8415,281.398,6.93369],"pipPosition":[4.81829,256.766,-28.5813],"stabilizedTipPosition":[-11.1653,145.435,84.4991],"timeVisible":15.6185,"tipPosition":[-6.99293,231.081,-2.65073],"tipVelocity":[-11.8795,221.521,-173.981],"tool":false,"touchDistance":0.333333,"touchZone":"none","type":3,"width":17.8639},{"bases":[[[0.829531,-0.556546,0.0462036],[0.454237,0.720536,0.523924],[-0.324879,-0.413624,0.850511]],[[0.817704,-0.570624,0.0758196],[0.50634,0.650341,-0.566283],[0.273826,0.501443,0.820716]],[[0.817704,-0.570624,0.0758196],[-0.203882,-0.410269,-0.888882],[0.538324,0.711384,-0.451818]],[[0.817704,-0.570624,0.0758196],[-0.507525,-0.776816,-0.372794],[0.271623,0.266355,-0.924811]]],"btipPosition":[7.00877,234.956,7.09903],"carpPosition":[12.9924,247.063,60.0265],"dipPosition":[11.6355,239.493,-8.65378],"direction":[-0.538324,-0.711384,0.451818],"extended":false,"handId":403,"id":4034,"length":49.9151,"mcpPosition":[31.6084,270.764,11.291],"pipPosition":[22.0403,253.243,-17.3866],"stabilizedTipPosition":[4.76198,154.487,96.2998],"timeVisible":15.6185,"tipPosition":[8.26142,235.987,3.67692],"tipVelocity":[-13.0875,229.799,-214.672],"tool":false,"touchDistance":0.333333,"touchZone":"none","type":4,"width":15.8681}],"r":[[0.993221,0.108681,0.0412278],[-0.114604,0.974863,0.191069],[-0.0194258,-0.194499,0.98071]],"s":1.01795,"t":[16.9828,63.0784,-114.144],"timestamp":88644869415},false],[5,{"currentFrameRate":55.2529,"devices":[],"gestures":[],"hands":[{"armBasis":[[0.977627,-0.0251185,-0.208841],[0.110693,0.905686,0.409243],[0.178865,-0.423204,0.888203]],"armWidth":62.9686,"confidence":0.819208,"direction":[0.080878,0.576526,-0.813066],"elbow":[44.3668,132.18,299.525],"grabStrength":0,"id":403,"palmNormal":[-0.0965685,-0.807368,-0.582092],"palmPosition":[-6.9264,273.362,16.5926],"palmVelocity":[-12.0252,195.028,-188.038],"palmWidth":89.917,"pinchStrength":0.820677,"r":[[0.9927,0.112449,0.0436092],[-0.1191,0.970976,0.207413],[-0.0190201,-0.211093,0.977281]],"s":1.02243,"sphereCenter":[-13.7958,251.786,-24.0177],"sphereRadius":45.3768,"stabilizedPalmPosition":[-6.25309,202.499,85.2754],"t":[16.7605,66.6223,-117.548],"timeVisible":15.637,"type":"right","wrist":[-3.3572,245.097,62.5379]}],"id":1409586,"interactionBox":{"center":[0,200,0],"size":[235.247,235.247,147.751]},"pointables":[{"bases":[[[0.501348,0.784092,0.365856],[-0.786761,0.237147,0.569885],[0.360081,-0.573551,0.735786]],[[0.38871,0.90754,0.158982],[-0.874489,0.309067,0.373828],[0.290128,-0.284338,0.913771]],[[0.38871,0.90754,0.158982],[-0.921325,0.381357,0.0756772],[0.00805137,-0.17589,0.984377]],[[0.38871,0.90754,0.158982],[-0.781138,0.416113,-0.465482],[-0.488598,0.0567507,0.870661]]],"btipPosition":[-35.8917,256.709,-39.5751],"carpPosition":[-32.6088,238.069,58.8037],"dipPosition":[-47.1918,258.022,-19.4387],"direction":[-0.00805137,0.17589,-0.984377],"extended":false,"handId":403,"id":4030,"length":51.5018,"mcpPosition":[-32.6088,238.069,58.8037],"pipPosition":[-46.9205,252.095,13.7284],"stabilizedTipPosition":[-36.0107,209.924,26.36],"timeVisible":15.637,"tipPosition":[-37.9077,257.079,-34.5708],"tipVelocity":[4.43282,241.361,-207.01],"tool":false,"touchDistance":-0.863801,"touchZone":"hovering","type":0,"width":20.0112},{"bases":[[[0.991531,-0.0270122,-0.127028],[0.082619,0.885872,0.456514],[0.100199,-0.463142,0.880602]],[[0.995306,-0.0501841,-0.0827456],[0.0812836,0.897541,0.433374],[0.052519,-0.438066,0.897407]],[[0.995306,-0.0501841,-0.0827456],[0.0694013,0.966038,0.248904],[0.0674443,-0.253479,0.964987]],[[0.995306,-0.0501841,-0.0827456],[0.0580066,0.993784,0.0950159],[0.0774629,-0.0993697,0.992031]]],"btipPosition":[-34.4141,318.767,-80.3898],"carpPosition":[-21.9809,258.765,61.5305],"dipPosition":[-33.1062,317.089,-63.6402],"direction":[-0.0674443,0.253479,-0.964987],"extended":true,"handId":403,"id":4031,"length":58.114,"mcpPosition":[-29.2656,292.436,-2.49103],"pipPosition":[-31.4953,311.035,-40.5911],"stabilizedTipPosition":[-33.2306,309.582,-69.6352],"timeVisible":15.637,"tipPosition":[-33.1178,318.61,-76.3364],"tipVelocity":[-33.9989,276.489,-147.404],"tool":false,"touchDistance":-0.806605,"touchZone":"hovering","type":1,"width":19.1147},{"bases":[[[0.967243,-0.239957,-0.0828383],[0.25124,0.858169,0.447689],[-0.0363368,-0.453836,0.890344]],[[0.965266,-0.256401,-0.0502077],[0.193552,0.830832,-0.521781],[0.175499,0.49394,0.851601]],[[0.965266,-0.256401,-0.0502077],[-0.147641,-0.37675,-0.914474],[0.215556,0.890123,-0.401519]],[[0.965266,-0.256401,-0.0502077],[-0.256014,-0.889861,-0.37763],[0.0521467,0.377367,-0.924595]]],"btipPosition":[-22.8449,235.941,-13.2385],"carpPosition":[-9.96498,260.2,60.2568],"dipPosition":[-21.8765,242.949,-30.4086],"direction":[-0.215556,-0.890123,0.401519],"extended":false,"handId":403,"id":4032,"length":66.2163,"mcpPosition":[-7.45972,291.49,-1.12825],"pipPosition":[-15.8191,267.962,-41.6917],"stabilizedTipPosition":[-25.3938,158.23,59.4932],"timeVisible":15.637,"tipPosition":[-22.5499,237.799,-17.2523],"tipVelocity":[4.68435,204.747,-170.867],"tool":false,"touchDistance":0.333333,"touchZone":"none","type":2,"width":18.7732},{"bases":[[[0.929643,-0.368133,0.0155747],[0.318416,0.823927,0.46878],[-0.185406,-0.430839,0.883178]],[[0.925971,-0.376213,0.0322718],[0.321928,0.741905,-0.588166],[0.197333,0.555014,0.808096]],[[0.925971,-0.376213,0.0322718],[-0.151617,-0.448722,-0.880716],[0.345818,0.810624,-0.472544]],[[0.925971,-0.376213,0.0322718],[-0.343702,-0.875161,-0.340533],[0.156356,0.304232,-0.939679]]],"btipPosition":[-7.61682,232.788,-1.13102],"carpPosition":[1.97292,258.432,58.9325],"dipPosition":[-4.72991,238.405,-18.4809],"direction":[-0.345818,-0.810624,0.472544],"extended":false,"handId":403,"id":4033,"length":63.6687,"mcpPosition":[13.4498,285.102,4.26267],"pipPosition":[4.73698,260.596,-31.417],"stabilizedTipPosition":[-10.609,157.142,72.663],"timeVisible":15.637,"tipPosition":[-6.76389,234.505,-5.90085],"tipVelocity":[-0.679692,202.876,-171.247],"tool":false,"touchDistance":0.333333,"touchZone":"none","type":3,"width":17.8639},{"bases":[[[0.83646,-0.546566,0.0400166],[0.441494,0.715317,0.541669],[-0.324682,-0.435417,0.839639]],[[0.822777,-0.563574,0.07363],[0.501606,0.659102,-0.560336],[0.267261,0.497965,0.824986]],[[0.822777,-0.563574,0.07363],[-0.198112,-0.405798,-0.892233],[0.532718,0.719522,-0.445533]],[[0.822777,-0.563574,0.07363],[-0.49813,-0.77741,-0.384058],[0.273686,0.279317,-0.920368]]],"btipPosition":[7.03033,238.546,3.97498],"carpPosition":[12.7226,249.661,56.6259],"dipPosition":[11.6922,243.304,-11.7021],"direction":[-0.532718,-0.719522,0.445533],"extended":false,"handId":403,"id":4034,"length":49.9151,"mcpPosition":[31.3273,274.611,8.51338],"pipPosition":[21.9886,257.211,-20.3135],"stabilizedTipPosition":[5.14054,164.137,85.4289],"timeVisible":15.637,"tipPosition":[8.34175,239.667,0.353902],"tipVelocity":[-6.01002,214.339,-192.522],"tool":false,"touchDistance":0.333333,"touchZone":"none","type":4,"width":15.8681}],"r":[[0.9927,0.112449,0.0436092],[-0.1191,0.970976,0.207413],[-0.0190201,-0.211093,0.977281]],"s":1.02243,"t":[16.7605,66.6223,-117.548],"timestamp":88644887833},false],[6,{"currentFrameRate":55.3091,"devices":[],"gestures":[],"hands":[{"armBasis":[[0.9786,-0.0284803,-0.203793],[0.109191,0.911313,0.39697],[0.174413,-0.410727,0.894921]],"armWidth":62.9686,"confidence":0.7822,"direction":[0.0744325,0.580925,-0.810546],"elbow":[43.544,137.068,299.375],"grabStrength":0,"id":403,"palmNormal":[-0.0953771,-0.804928,-0.585657],"palmPosition":[-6.90494,275.131,14.8084],"palmVelocity":[-5.78801,149.691,-146.4],"palmWidth":89.917,"pinchStrength":0.783075,"r":[[0.9922,0.116335,0.0447776],[-0.123414,0.967318,0.221507],[-0.0175452,-0.225306,0.97413]],"s":1.02792,"sphereCenter":[-14.2898,253.916,-25.6523],"sphereRadius":45.307,"stabilizedPalmPosition":[-6.32034,209.992,78.0059],"t":[16.6601,69.2786,-120.142],"timeVisible":15.6548,"type":"right","wrist":[-2.99221,246.656,60.5959]}],"id":1409587,"interactionBox":{"center":[0,200,0],"size":[235.247,235.247,147.751]},"pointables":[{"bases":[[[0.499274,0.784657,0.367477],[-0.785277,0.23056,0.574615],[0.366151,-0.575461,0.731285]],[[0.386268,0.907753,0.16365],[-0.874084,0.303572,0.379238],[0.294575,-0.289532,0.910712]],[[0.386268,0.907753,0.16365],[-0.922214,0.37664,0.0875409],[0.0178283,-0.184735,0.982627]],[[0.386268,0.907753,0.16365],[-0.782014,0.416373,-0.463775],[-0.489133,0.0511644,0.870707]]],"btipPosition":[-36.0461,258.83,-41.2106],"carpPosition":[-32.2268,239.507,56.9594],"dipPosition":[-47.3586,260.014,-21.0732],"direction":[-0.0178283,0.184735,-0.982627],"extended":false,"handId":403,"id":4030,"length":51.5018,"mcpPosition":[-32.2268,239.507,56.9594],"pipPosition":[-46.7579,253.789,12.035],"stabilizedTipPosition":[-36.5349,219.698,13.8507],"timeVisible":15.6548,"tipPosition":[-38.0955,259.083,-36.2621],"tipVelocity":[-1.80401,182.684,-152.498],"tool":false,"touchDistance":-0.830283,"touchZone":"hovering","type":0,"width":20.0112},{"bases":[[[0.99106,-0.0216447,-0.13165],[0.0804828,0.883985,0.460535],[0.106409,-0.467014,0.877824]],[[0.995056,-0.0442852,-0.088891],[0.0787643,0.897091,0.434769],[0.0604895,-0.439621,0.896144]],[[0.995056,-0.0442852,-0.088891],[0.0655134,0.965401,0.252405],[0.0746377,-0.25698,0.96353]],[[0.995056,-0.0442852,-0.088891],[0.0531848,0.993526,0.100385],[0.08387,-0.104616,0.99097]]],"btipPosition":[-35.1882,320.762,-81.8711],"carpPosition":[-21.6851,260.24,59.7409],"dipPosition":[-33.7721,318.995,-65.1394],"direction":[-0.0746377,0.25698,-0.96353],"extended":true,"handId":403,"id":4031,"length":58.114,"mcpPosition":[-29.4212,294.193,-4.07868],"pipPosition":[-31.9893,312.857,-42.1252],"stabilizedTipPosition":[-34.1321,315.534,-74.2689],"timeVisible":15.6548,"tipPosition":[-33.8789,320.62,-77.8172],"tipVelocity":[-37.7184,198.144,-117.053],"tool":false,"touchDistance":-0.77656,"touchZone":"touching","type":1,"width":19.1147},{"bases":[[[0.967986,-0.23492,-0.088411],[0.249191,0.857132,0.450809],[-0.030124,-0.458408,0.888231]],[[0.966204,-0.251746,-0.055434],[0.181723,0.817721,-0.546177],[0.182827,0.517645,0.835834]],[[0.966204,-0.251746,-0.055434],[-0.156704,-0.402871,-0.901742],[0.204677,0.879954,-0.428705]],[[0.966204,-0.251746,-0.055434],[-0.254495,-0.897376,-0.360483],[0.041005,0.362408,-0.931117]]],"btipPosition":[-22.8267,237.229,-13.2936],"carpPosition":[-9.68205,261.738,58.4199],"dipPosition":[-22.0652,243.959,-30.5848],"direction":[-0.204677,-0.879954,0.428705],"extended":false,"handId":403,"id":4032,"length":66.2163,"mcpPosition":[-7.60515,293.343,-2.81941],"pipPosition":[-16.3136,268.687,-42.6318],"stabilizedTipPosition":[-24.9438,171.448,46.8962],"timeVisible":15.6548,"tipPosition":[-22.5627,239.226,-17.9045],"tipVelocity":[1.69889,140.464,-92.4686],"tool":false,"touchDistance":0.333333,"touchZone":"none","type":2,"width":18.7732},{"bases":[[[0.931444,-0.363759,0.00953256],[0.316625,0.823108,0.471425],[-0.179332,-0.436088,0.881854]],[[0.928112,-0.371448,0.0251959],[0.310536,0.73503,-0.602742],[0.205368,0.567236,0.797538]],[[0.928112,-0.371448,0.0251959],[-0.160724,-0.460795,-0.872832],[0.335822,0.806036,-0.48737]],[[0.928112,-0.371448,0.0251959],[-0.342603,-0.878606,-0.332678],[0.14571,0.30013,-0.942704]]],"btipPosition":[-7.59229,234.377,-2.0209],"carpPosition":[2.25796,260.034,57.0329],"dipPosition":[-4.90195,239.918,-19.4267],"direction":[-0.335822,-0.806036,0.48737],"extended":false,"handId":403,"id":4033,"length":63.6687,"mcpPosition":[13.3588,287.029,2.44492],"pipPosition":[4.29129,261.984,-32.7686],"stabilizedTipPosition":[-10.0651,168.888,60.8908],"timeVisible":15.6548,"tipPosition":[-6.76317,236.14,-7.04739],"tipVelocity":[-0.904434,148.627,-114.286],"tool":false,"touchDistance":0.333333,"touchZone":"none","type":3,"width":17.8639},{"bases":[[[0.839223,-0.542754,0.0335085],[0.440549,0.714727,0.543215],[-0.318781,-0.441116,0.838925]],[[0.824462,-0.561546,0.0702059],[0.496604,0.658402,-0.56559],[0.271381,0.501172,0.821693]],[[0.824462,-0.561546,0.0702059],[-0.202555,-0.408652,-0.88993],[0.528427,0.719492,-0.450662]],[[0.824462,-0.561546,0.0702059],[-0.497818,-0.778648,-0.381948],[0.269147,0.279952,-0.921513]]],"btipPosition":[7.02454,240.416,2.25768],"carpPosition":[13.0386,251.326,54.634],"dipPosition":[11.6091,245.184,-13.4389],"direction":[-0.528427,-0.719492,0.450662],"extended":false,"handId":403,"id":4034,"length":49.9151,"mcpPosition":[31.3052,276.603,6.56237],"pipPosition":[21.8226,259.091,-22.1494],"stabilizedTipPosition":[5.50257,173.67,74.737],"timeVisible":15.6548,"tipPosition":[8.34561,241.562,-1.47656],"tipVelocity":[-3.79733,162.61,-147.124],"tool":false,"touchDistance":0.333333,"touchZone":"none","type":4,"width":15.86