{"sensorType":"Leap","data":[[0,{"currentFrameRate":55.1912,"devices":[],"gestures":[],"hands":[{"armBasis":[[0.87035,-0.289033,-0.398687],[0.444705,0.809055,0.384275],[0.211492,-0.511751,0.832695]],"armWidth":62.9686,"confidence":0.784709,"direction":[0.166036,0.467963,-0.868011],"elbow":[56.2414,97.1972,303.406],"grabStrength":0,"id":406,"palmNormal":[-0.428001,-0.758801,-0.490954],"palmPosition":[0.152825,258.886,33.3738],"palmVelocity":[-24.6693,184.314,-169.779],"palmWidth":89.917,"pinchStrength":1,"r":[[0.945588,-0.255507,0.201442],[0.31273,0.884588,-0.345983],[-0.0897924,0.390154,0.916361]],"s":1.23617,"sphereCenter":[-23.15,231.444,-4.84751],"sphereRadius":46.3562,"stabilizedPalmPosition":[1.55465,247.258,43.9756],"t":[29.1197,0.124453,-176.802],"timeVisible":4.05868,"type":"right","wrist":[-0.188056,233.741,81.2299]}],"id":1411931,"interactionBox":{"center":[0,200,0],"size":[235.247,235.247,147.751]},"pointables":[{"bases":[[[0.772702,0.587711,0.239848],[-0.588366,0.521309,0.618112],[0.238236,-0.618735,0.748606]],[[0.643431,0.764811,-0.0325672],[-0.735539,0.629471,0.250497],[0.212083,-0.137223,0.967569]],[[0.643431,0.764811,-0.0325672],[-0.764428,0.6442,0.0256196],[0.0405739,0.00841089,0.999141]],[[0.643431,0.764811,-0.0325672],[-0.700377,0.570985,-0.428308],[-0.30898,0.298396,0.903046]]],"btipPosition":[-35.0282,236.407,-21.2605],"carpPosition":[-30.3452,236.822,81.0186],"dipPosition":[-42.1741,243.308,-0.375205],"direction":[-0.0405739,-0.00841089,-0.999141],"extended":false,"handId":406,"id":4060,"length":51.5018,"mcpPosition":[-30.3452,236.822,81.0186],"pipPosition":[-40.807,243.591,33.2894],"stabilizedTipPosition":[-36.0612,233.587,-12.7593],"timeVisible":4.05868,"tipPosition":[-38.0261,238.865,-16.2888],"tipVelocity":[-28.5044,204.175,-170.943],"tool":false,"touchDistance":-0.622772,"touchZone":"touching","type":0,"width":20.0112},{"bases":[[[0.903662,-0.368022,-0.218986],[0.425419,0.830122,0.36044],[0.0491351,-0.418877,0.906713]],[[0.902985,-0.36281,-0.230191],[0.375467,0.926755,0.0121864],[0.208909,-0.0974333,0.973069]],[[0.902985,-0.36281,-0.230191],[0.345701,0.931609,-0.112228],[0.255165,0.021763,0.966652]],[[0.902985,-0.36281,-0.230191],[0.321269,0.925846,-0.198987],[0.285316,0.105729,0.952584]]],"btipPosition":[-36.5923,285.107,-65.6703],"carpPosition":[-13.2386,252.822,80.7344],"dipPosition":[-31.775,286.892,-49.5867],"direction":[-0.255165,-0.021763,-0.966652],"extended":true,"handId":406,"id":4061,"length":58.114,"mcpPosition":[-16.8108,283.275,14.8145],"pipPosition":[-25.6803,287.412,-26.4979],"stabilizedTipPosition":[-35.0785,282.936,-60.5709],"timeVisible":4.05868,"tipPosition":[-36.0894,283.741,-61.625],"tipVelocity":[-40.534,266.321,-150.225],"tool":false,"touchDistance":-0.381506,"touchZone":"hovering","type":1,"width":19.1147},{"bases":[[[0.816139,-0.557317,-0.152689],[0.573044,0.746555,0.338048],[-0.0744097,-0.363392,0.92866]],[[0.815102,-0.561999,-0.140591],[0.421428,0.741743,-0.521744],[0.397501,0.366025,0.841438]],[[0.815102,-0.561999,-0.140591],[-0.0200178,0.215215,-0.976362],[0.578972,0.798648,0.164172]],[[0.815102,-0.561999,-0.140591],[-0.285095,-0.177877,-0.941849],[0.504311,0.807785,-0.305211]]],"btipPosition":[-41.1126,220.208,-24.8747],"carpPosition":[-1.67403,250.033,78.1769],"dipPosition":[-31.7473,235.209,-30.5426],"direction":[-0.578972,-0.798648,-0.164172],"extended":false,"handId":406,"id":4062,"length":66.2163,"mcpPosition":[3.45616,275.087,14.1502],"pipPosition":[-15.4776,257.652,-25.9292],"stabilizedTipPosition":[-37.9124,218.633,-22.1264],"timeVisible":4.05868,"tipPosition":[-39.304,222.912,-25.1252],"tipVelocity":[-45.6555,219.494,-176.643],"tool":false,"touchDistance":-0.667427,"touchZone":"hovering","type":2,"width":18.7732},{"bases":[[[0.750758,-0.659401,-0.0394106],[0.627225,0.692864,0.355707],[-0.207247,-0.291769,0.933766]],[[0.757866,-0.648234,-0.0736966],[0.528954,0.676645,-0.51221],[0.381899,0.349205,0.855693]],[[0.757866,-0.648234,-0.0736966],[0.0583618,0.179869,-0.981958],[0.649794,0.739891,0.174149]],[[0.757866,-0.648234,-0.0736966],[-0.250496,-0.184821,-0.950312],[0.602404,0.73867,-0.30245]]],"btipPosition":[-24.1883,213.008,-18.8853],"carpPosition":[8.75563,244.259,75.8802],"dipPosition":[-13.0657,226.646,-24.4697],"direction":[-0.649794,-0.739891,-0.174149],"extended":false,"handId":406,"id":4063,"length":63.6687,"mcpPosition":[21.5845,262.319,18.0789],"pipPosition":[4.72265,246.901,-19.7023],"stabilizedTipPosition":[-20.2108,208.809,-13.955],"timeVisible":4.05868,"tipPosition":[-22.0845,215.557,-19.3772],"tipVelocity":[-38.5363,219.524,-185.109],"tool":false,"touchDistance":-0.696103,"touchZone":"hovering","type":3,"width":17.8639},{"bases":[[[0.6077,-0.794095,0.0106999],[0.71557,0.553351,0.426336],[-0.344472,-0.251428,0.904502]],[[0.528066,-0.828038,0.188413],[0.784693,0.390967,-0.481043],[0.324658,0.401869,0.856212]],[[0.528066,-0.828038,0.188413],[0.277372,-0.0415209,-0.959865],[0.802627,0.559133,0.207748]],[[0.528066,-0.828038,0.188413],[-0.112333,-0.288033,-0.951009],[0.84174,0.481031,-0.245117]]],"btipPosition":[-5.81329,213.616,-8.19913],"carpPosition":[15.6434,232.252,73.3882],"dipPosition":[8.52453,221.81,-12.3743],"direction":[-0.802627,-0.559133,-0.207748],"extended":false,"handId":406,"id":4064,"length":49.9151,"mcpPosition":[35.3821,246.659,21.559],"pipPosition":[24.0378,232.617,-8.35895],"stabilizedTipPosition":[0.190647,202.177,3.47185],"timeVisible":4.05868,"tipPosition":[-3.18044,215.259,-8.28507],"tipVelocity":[-44.6779,205.298,-181.266],"tool":false,"touchDistance":-0.70953,"touchZone":"hovering","type":4,"width":15.8681}],"r":[[0.945588,-0.255507,0.201442],[0.31273,0.884588,-0.345983],[-0.0897924,0.390154,0.916361]],"s":1.23617,"t":[29.1197,0.124453,-176.802],"timestamp":88687838970},false],[1,{"currentFrameRate":55.3804,"devices":[],"gestures":[],"hands":[{"armBasis":[[0.862844,-0.29442,-0.410873],[0.453701,0.80945,0.372754],[0.222835,-0.508042,0.832008]],"armWidth":62.9686,"confidence":0.742736,"direction":[0.175989,0.479756,-0.859571],"elbow":[57.9114,100.836,300.086],"grabStrength":0,"id":406,"palmNormal":[-0.432442,-0.746752,-0.505327],"palmPosition":[-0.660809,262.273,30.639],"palmVelocity":[-34.8815,189.09,-163.937],"palmWidth":89.917,"pinchStrength":1,"r":[[0.944529,-0.263605,0.195899],[0.317605,0.884985,-0.340484],[-0.0836143,0.383815,0.919616]],"s":1.23794,"sphereCenter":[-24.3412,236.076,-8.03923],"sphereRadius":46.2432,"stabilizedPalmPosition":[1.0888,250.415,41.1712],"t":[28.4829,3.50277,-179.719],"timeVisible":4.07608,"type":"right","wrist":[-1.54456,236.39,78.0929]}],"id":1411932,"interactionBox":{"center":[0,200,0],"size":[235.247,235.247,147.751]},"pointables":[{"bases":[[[0.776977,0.576169,0.253647],[-0.586983,0.517451,0.622651],[0.227502,-0.632672,0.740249]],[[0.651697,0.758314,-0.0158281],[-0.731363,0.633792,0.251824],[0.200994,-0.152537,0.967644]],[[0.651697,0.758314,-0.0158281],[-0.757844,0.651863,0.0273197],[0.0310347,-0.00580894,0.999501]],[[0.651697,0.758314,-0.0158281],[-0.69084,0.584837,-0.425094],[-0.313098,0.287967,0.905011]]],"btipPosition":[-35.3872,240.835,-24.5915],"carpPosition":[-31.6679,239.775,77.7488],"dipPosition":[-42.6284,247.495,-3.66073],"direction":[-0.0310347,0.00580894,-0.999501],"extended":false,"handId":406,"id":4060,"length":51.5018,"mcpPosition":[-31.6679,239.775,77.7488],"pipPosition":[-41.5827,247.299,30.016],"stabilizedTipPosition":[-36.4844,237.334,-15.7546],"timeVisible":4.07608,"tipPosition":[-38.3998,243.232,-19.5999],"tipVelocity":[-25.4458,225.953,-180.127],"tool":false,"touchDistance":-0.638636,"touchZone":"touching","type":0,"width":20.0112},{"bases":[[[0.901315,-0.373555,-0.219291],[0.431368,0.820121,0.375931],[0.039414,-0.433427,0.900326]],[[0.900762,-0.368193,-0.230352],[0.384945,0.922423,0.0308814],[0.201112,-0.11649,0.972617]],[[0.900762,-0.368193,-0.230352],[0.356251,0.929748,-0.0930286],[0.248422,0.00173317,0.96865]],[[0.900762,-0.368193,-0.230352],[0.332486,0.92583,-0.179698],[0.279431,0.085276,0.956371]]],"btipPosition":[-36.4582,290.581,-68.2151],"carpPosition":[-14.4028,255.606,77.8177],"dipPosition":[-31.7403,292.021,-52.0676],"direction":[-0.248422,-0.00173317,-0.96865],"extended":true,"handId":406,"id":4061,"length":58.114,"mcpPosition":[-17.2683,287.117,12.3621],"pipPosition":[-25.8066,292.063,-28.9311],"stabilizedTipPosition":[-35.2738,288.225,-63.1771],"timeVisible":4.07608,"tipPosition":[-35.9835,289.19,-64.202],"tipVelocity":[-18.8341,286.52,-147.987],"tool":false,"touchDistance":-0.409641,"touchZone":"hovering","type":1,"width":19.1147},{"bases":[[[0.811521,-0.562979,-0.15649],[0.578296,0.735445,0.35312],[-0.0837096,-0.377062,0.922397]],[[0.81033,-0.567967,-0.14415],[0.432199,0.745427,-0.507487],[0.395689,0.34893,0.849516]],[[0.81033,-0.567967,-0.14415],[-0.0124511,0.229255,-0.973287],[0.585842,0.790478,0.178701]],[[0.81033,-0.567967,-0.14415],[-0.282016,-0.162373,-0.94557],[0.513646,0.806876,-0.291751]]],"btipPosition":[-41.9282,224.92,-28.3765],"carpPosition":[-2.85077,252.741,75.2863],"dipPosition":[-32.3896,239.904,-33.7944],"direction":[-0.585842,-0.790478,-0.178701],"extended":false,"handId":406,"id":4062,"length":66.2163,"mcpPosition":[2.92061,278.738,11.6914],"pipPosition":[-15.9268,262.118,-28.7728],"stabilizedTipPosition":[-38.6869,222.77,-25.313],"timeVisible":4.07608,"tipPosition":[-40.0866,227.637,-28.6481],"tipVelocity":[-45.1561,243.098,-186.48],"tool":false,"touchDistance":-0.680682,"touchZone":"hovering","type":2,"width":18.7732},{"bases":[[[0.744438,-0.666159,-0.0452172],[0.631835,0.680949,0.370262],[-0.215862,-0.304207,0.927826]],[[0.751879,-0.65451,-0.0793363],[0.536433,0.677271,-0.503531],[0.383298,0.336035,0.860327]],[[0.751879,-0.65451,-0.0793363],[0.060758,0.188608,-0.980171],[0.656496,0.73215,0.181577]],[[0.751879,-0.65451,-0.0793363],[-0.251422,-0.173402,-0.952218],[0.60948,0.735899,-0.294935]]],"btipPosition":[-25.2512,217.264,-21.9824],"carpPosition":[7.53531,246.9,72.9622],"dipPosition":[-13.998,230.851,-27.428],"direction":[-0.656496,-0.73215,-0.181577],"extended":false,"handId":406,"id":4063,"length":63.6687,"mcpPosition":[20.8975,265.731,15.5285],"pipPosition":[3.97382,250.894,-22.4572],"stabilizedTipPosition":[-21.0671,212.853,-17.1955],"timeVisible":4.07608,"tipPosition":[-23.0335,219.927,-22.6941],"tipVelocity":[-48.1614,230.788,-180.955],"tool":false,"touchDistance":-0.700803,"touchZone":"hovering","type":3,"width":17.8639},{"bases":[[[0.599752,-0.800184,0.00192031],[0.718361,0.539478,0.439228],[-0.352499,-0.262048,0.898373]],[[0.519518,-0.835919,0.177035],[0.788869,0.389622,-0.475269],[0.328309,0.386568,0.861846]],[[0.519518,-0.835919,0.177035],[0.2721,-0.0345542,-0.961648],[0.809977,0.547765,0.209502]],[[0.519518,-0.835919,0.177035],[-0.122289,-0.277796,-0.952825],[0.845663,0.47336,-0.246544]]],"btipPosition":[-7.01377,217.724,-11.1186],"carpPosition":[14.3194,234.866,70.324],"dipPosition":[7.39086,225.787,-15.3182],"direction":[-0.809977,-0.547765,-0.209502],"extended":false,"handId":406,"id":4064,"length":49.9151,"mcpPosition":[34.5181,249.882,18.8459],"pipPosition":[23.0462,236.374,-11.2689],"stabilizedTipPosition":[-0.734338,206.313,-0.225945],"timeVisible":4.07608,"tipPosition":[-4.21696,219.361,-11.4913],"tipVelocity":[-55.5086,218.706,-175.168],"tool":false,"touchDistance":-0.710786,"touchZone":"hovering","type":4,"width":15.8681}],"r":[[0.944529,-0.263605,0.195899],[0.317605,0.884985,-0.340484],[-0.0836143,0.383815,0.919616]],"s":1.23794,"t":[28.4829,3.50277,-179.719],"timestamp":88687856373},false],[2,{"currentFrameRate":55.3772,"devices":[],"gestures":[],"hands":[{"armBasis":[[0.858375,-0.303062,-0.413939],[0.464142,0.80249,0.374942],[0.218551,-0.513967,0.829502]],"armWidth":62.9686,"confidence":0.763445,"direction":[0.174266,0.490614,-0.853774],"elbow":[56.797,101.922,295.436],"grabStrength":0,"id":406,"palmNormal":[-0.442533,-0.735529,-0.512992],"palmPosition":[-0.732038,265.617,27.0315],"palmVelocity":[-20.1834,187.181,-180.904],"palmWidth":89.917,"pinchStrength":1,"r":[[0.943416,-0.27226,0.189319],[0.322611,0.885651,-0.333982],[-0.0767406,0.37616,0.923371]],"s":1.23963,"sphereCenter":[-25.073,240.618,-11.7116],"sphereRadius":46.0119,"stabilizedPalmPosition":[0.710867,253.571,38.2364],"t":[28.1289,6.86396,-182.981],"timeVisible":4.09415,"type":"right","wrist":[-1.51588,239.057,74.1116]}],"id":1411933,"interactionBox":{"center":[0,200,0],"size":[235.247,235.247,147.751]},"pointables":[{"bases":[[[0.78379,0.565604,0.256448],[-0.578045,0.513486,0.63419],[0.227018,-0.64531,0.729409]],[[0.658763,0.7523,-0.00867368],[-0.724256,0.637243,0.263391],[0.203677,-0.167231,0.96465]],[[0.658763,0.7523,-0.00867368],[-0.751533,0.658541,0.0390054],[0.0350558,-0.0191768,0.999201]],[[0.658763,0.7523,-0.00867368],[-0.687791,0.597522,-0.412202],[-0.304917,0.277509,0.911051]]],"btipPosition":[-35.7861,245.188,-28.293],"carpPosition":[-31.6098,242.71,74.0293],"dipPosition":[-42.8381,251.606,-7.22253],"direction":[-0.0350558,0.0191768,-0.999201],"extended":false,"handId":406,"id":4060,"length":51.5018,"mcpPosition":[-31.6098,242.71,74.0293],"pipPosition":[-41.6569,250.96,26.4441],"stabilizedTipPosition":[-36.8834,241.364,-19.0774],"timeVisible":4.09415,"tipPosition":[-38.7296,247.508,-23.247],"tipVelocity":[-22.7003,231.585,-191.029],"tool":false,"touchDistance":-0.658146,"touchZone":"touching","type":0,"width":20.0112},{"bases":[[[0.896428,-0.378212,-0.231023],[0.441212,0.810773,0.384681],[0.0418165,-0.446769,0.893672]],[[0.895852,-0.372742,-0.241893],[0.393662,0.918251,0.0429627],[0.206105,-0.133712,0.969351]],[[0.895852,-0.372742,-0.241893],[0.36436,0.927793,-0.0802604],[0.254343,-0.0162348,0.966978]],[[0.895852,-0.372742,-0.241893],[0.340091,0.925513,-0.166628],[0.285984,0.0670082,0.955889]]],"btipPosition":[-36.8991,295.801,-71.1574],"carpPosition":[-14.205,258.387,74.2048],"dipPosition":[-32.0706,296.933,-55.0181],"direction":[-0.254343,0.0162348,-0.966978],"extended":true,"handId":406,"id":4061,"length":58.114,"mcpPosition":[-17.2451,290.868,9.23306],"pipPosition":[-25.9955,296.545,-31.9215],"stabilizedTipPosition":[-35.6289,293.631,-66.1217],"timeVisible":4.09415,"tipPosition":[-36.3998,294.389,-67.1787],"tipVelocity":[-20.8103,285.777,-155.091],"tool":false,"touchDistance":-0.441173,"touchZone":"hovering","type":1,"width":19.1147},{"bases":[[[0.805398,-0.567734,-0.170332],[0.587223,0.725154,0.359612],[-0.0806471,-0.389654,0.917424]],[[0.804214,-0.573031,-0.157717],[0.435878,0.749051,-0.498933],[0.404042,0.332503,0.852169]],[[0.804214,-0.573031,-0.157717],[-0.0181372,0.24158,-0.970211],[0.594063,0.783118,0.183889]],[[0.804214,-0.573031,-0.157717],[-0.291876,-0.149623,-0.94468],[0.517733,0.805759,-0.287583]]],"btipPosition":[-42.69,229.516,-32.1186],"carpPosition":[-2.69665,255.458,71.5508],"dipPosition":[-33.0755,244.479,-37.4591],"direction":[-0.594063,-0.783118,-0.183889],"extended":false,"handId":406,"id":4062,"length":66.2163,"mcpPosition":[2.86358,282.323,8.29881],"pipPosition":[-16.3817,266.485,-32.2917],"stabilizedTipPosition":[-39.4738,227.244,-28.8414],"timeVisible":4.09415,"tipPosition":[-40.8302,232.243,-32.4599],"tipVelocity":[-43.2746,248.299,-195.808],"tool":false,"touchDistance":-0.696812,"touchZone":"hovering","type":2,"width":18.7732},{"bases":[[[0.738177,-0.671925,-0.0600903],[0.640394,0.669948,0.375586],[-0.212108,-0.315731,0.924837]],[[0.744855,-0.660995,-0.0909731],[0.534725,0.672913,-0.511134],[0.399074,0.332075,0.854673]],[[0.744855,-0.660995,-0.0909731],[0.0417424,0.182242,-0.982367],[0.665919,0.727924,0.163335]],[[0.744855,-0.660995,-0.0909731],[-0.27349,-0.178094,-0.945244],[0.6086,0.72895,-0.31343]]],"btipPosition":[-26.3362,221.057,-24.5998],"carpPosition":[7.62092,249.561,69.0693],"dipPosition":[-15.0992,234.516,-30.3869],"direction":[-0.665919,-0.727924,-0.163335],"extended":false,"handId":406,"id":4063,"length":63.6687,"mcpPosition":[20.7507,269.105,11.8206],"pipPosition":[3.13051,254.443,-25.9155],"stabilizedTipPosition":[-22.0745,217.093,-20.4735],"timeVisible":4.09415,"tipPosition":[-23.9515,223.987,-25.945],"tipVelocity":[-53.9073,220.092,-165.871],"tool":false,"touchDistance":-0.699495,"touchZone":"hovering","type":3,"width":17.8639},{"bases":[[[0.59264,-0.805348,-0.0138727],[0.72614,0.52674,0.441889],[-0.348568,-0.271955,0.896962]],[[0.515265,-0.842437,0.157484],[0.780657,0.385528,-0.491876],[0.35366,0.376388,0.856304]],[[0.515265,-0.842437,0.157484],[0.242552,-0.0328989,-0.969581],[0.821992,0.537789,0.187383]],[[0.515265,-0.842437,0.157484],[-0.153382,-0.271435,-0.950156],[0.843194,0.465427,-0.269076]]],"btipPosition":[-8.35475,221.616,-14.1471],"carpPosition":[14.2797,237.507,66.2097],"dipPosition":[6.00782,229.544,-18.7304],"direction":[-0.821992,-0.537789,-0.187383],"extended":false,"handId":406,"id":4064,"length":49.9151,"mcpPosition":[34.2531,253.09,14.8125],"pipPosition":[21.8954,239.939,-15.1087],"stabilizedTipPosition":[-1.89548,210.92,-4.25383],"timeVisible":4.09415,"tipPosition":[-5.24545,223.307,-15.0681],"tipVelocity":[-64.6492,216.329,-173.896],"tool":false,"touchDistance":-0.714792,"touchZone":"hovering","type":4,"width":15.8681}],"r":[[0.943416,-0.27226,0.189319],[0.322611,0.885651,-0.333982],[-0.0767406,0.37616,0.923371]],"s":1.23963,"t":[28.1289,6.86396,-182.981],"timestamp":88687874442},false],[3,{"currentFrameRate":55.3714,"devices":[],"gestures":[],"hands":[{"armBasis":[[0.852825,-0.312306,-0.418516],[0.47218,0.803464,0.362616],[0.223015,-0.506863,0.832679]],"armWidth":62.9686,"confidence":0.783209,"direction":[0.17591,0.499609,-0.848202],"elbow":[57.6424,106.272,293.252],"grabStrength":0,"id":406,"palmNormal":[-0.448129,-0.726539,-0.520885],"palmPosition":[-0.990032,268.624,24.3172],"palmVelocity":[-17.3727,177.257,-166.276],"palmWidth":89.917,"pinchStrength":1,"r":[[0.942164,-0.280779,0.183004],[0.32766,0.886475,-0.326804],[-0.0704691,0.367866,0.927205]],"s":1.24326,"sphereCenter":[-25.8471,244.827,-14.458],"sphereRadius":45.771,"stabilizedPalmPosition":[0.368974,256.596,35.4385],"t":[27.8229,10.0479,-185.969],"timeVisible":4.11223,"type":"right","wrist":[-1.86159,241.511,71.0799]}],"id":1411934,"interactionBox":{"center":[0,200,0],"size":[235.247,235.247,147.751]},"pointables":[{"bases":[[[0.787842,0.557502,0.261718],[-0.573637,0.509586,0.641298],[0.224157,-0.655373,0.721277]],[[0.663898,0.747823,-0.000380167],[-0.71991,0.639255,0.270339],[0.202409,-0.179204,0.962765]],[[0.663898,0.747823,-0.000380167],[-0.747002,0.663193,0.046514],[0.0350363,-0.0305966,0.998918]],[[0.663898,0.747823,-0.000380167],[-0.684537,0.60751,-0.402916],[-0.301079,0.267755,0.915237]]],"btipPosition":[-36.1334,249.036,-31.2207],"carpPosition":[-31.9316,245.357,71.0958],"dipPosition":[-43.0967,255.228,-10.0534],"direction":[-0.0350363,0.0305966,-0.998918],"extended":false,"handId":406,"id":4060,"length":51.5018,"mcpPosition":[-31.9316,245.357,71.0958],"pipPosition":[-41.9162,254.197,23.6036],"stabilizedTipPosition":[-37.2516,245.297,-22.2229],"timeVisible":4.11223,"tipPosition":[-39.0254,251.278,-26.1377],"tipVelocity":[-20.5062,221.307,-176.614],"tool":false,"touchDistance":-0.664246,"touchZone":"touching","type":0,"width":20.0112},{"bases":[[[0.893584,-0.38115,-0.237134],[0.447064,0.80331,0.393479],[0.0405177,-0.457621,0.888224]],[[0.893015,-0.375469,-0.248088],[0.400094,0.91478,0.0557027],[0.206031,-0.149002,0.967135]],[[0.893015,-0.375469,-0.248088],[0.370918,0.926267,-0.0667045],[0.254841,-0.0324522,0.966438]],[[0.893015,-0.375469,-0.248088],[0.346686,0.925465,-0.152719],[0.286938,0.0503715,0.956624]]],"btipPosition":[-37.0511,300.44,-73.4458],"carpPosition":[-14.4265,260.919,71.4258],"dipPosition":[-32.2064,301.29,-57.294],"direction":[-0.254841,0.0324522,-0.966438],"extended":true,"handId":406,"id":4061,"length":58.114,"mcpPosition":[-17.3722,294.189,6.85016],"pipPosition":[-26.1194,300.515,-34.2103],"stabilizedTipPosition":[-35.846,298.57,-68.6665],"timeVisible":4.11223,"tipPosition":[-36.5442,298.997,-69.4973],"tipVelocity":[-14.8171,270.197,-141.46],"tool":false,"touchDistance":-0.459671,"touchZone":"touching","type":1,"width":19.1147},{"bases":[[[0.801448,-0.570795,-0.178533],[0.59248,0.717066,0.367129],[-0.081536,-0.400012,0.912876]],[[0.800182,-0.576533,-0.165282],[0.439638,0.751293,-0.492216],[0.407954,0.321198,0.854637]],[[0.800182,-0.576533,-0.165282],[-0.0206927,0.248879,-0.968314],[0.5994,0.778247,0.187218]],[[0.800182,-0.576533,-0.165282],[-0.297447,-0.142178,-0.944092],[0.520801,0.804608,-0.285256]]],"btipPosition":[-43.2672,233.417,-34.894],"carpPosition":[-2.94181,257.949,68.7162],"dipPosition":[-33.5957,248.359,-40.1913],"direction":[-0.5994,-0.778247,-0.187218],"extended":false,"handId":406,"id":4062,"length":66.2163,"mcpPosition":[2.67971,285.528,5.7778],"pipPosition":[-16.752,270.229,-34.9303],"stabilizedTipPosition":[-40.1694,231.505,-32.0649],"timeVisible":4.11223,"tipPosition":[-41.373,236.22,-35.3962],"tipVelocity":[-37.5358,232.725,-175.442],"tool":false,"touchDistance":-0.696946,"touchZone":"hovering","type":2,"width":18.7732},{"bases":[[[0.733755,-0.675859,-0.069414],[0.645325,0.661336,0.382349],[-0.212508,-0.325345,0.921407]],[[0.739353,-0.666601,-0.0948766],[0.523468,0.657696,-0.54168],[0.423484,0.350827,0.835213]],[[0.739353,-0.666601,-0.0948766],[0.0126064,0.154589,-0.987898],[0.673201,0.729209,0.122699]],[[0.739353,-0.666601,-0.0948766],[-0.298251,-0.197903,-0.933746],[0.603659,0.718664,-0.345134]]],"btipPosition":[-27.7848,223.434,-24.7537],"carpPosition":[7.33344,252.016,66.146],"dipPosition":[-16.6391,236.703,-31.1261],"direction":[-0.6732,-0.729209,-0.122699],"extended":false,"handId":406,"id":4063,"length":63.6687,"mcpPosition":[20.488,272.155,9.10972],"pipPosition":[1.79002,256.665,-27.7672],"stabilizedTipPosition":[-23.6449,221.78,-23.3409],"timeVisible":4.11223,"tipPosition":[-25.0659,226.887,-27.0897],"tipVelocity":[-66.9174,176.824,-94.6227],"tool":false,"touchDistance":-0.662207,"touchZone":"touching","type":3,"width":17.8639},{"bases":[[[0.587447,-0.808891,-0.0245192],[0.730268,0.516805,0.44679],[-0.348733,-0.280371,0.894303]],[[0.510385,-0.847454,0.146044],[0.780696,0.385407,-0.491911],[0.360585,0.36508,0.858309]],[[0.510385,-0.847454,0.146044],[0.233376,-0.0269573,-0.972013],[0.827673,0.530184,0.184017]],[[0.510385,-0.847454,0.146044],[-0.165615,-0.263516,-0.950332],[0.843848,0.460848,-0.274846]]],"btipPosition":[-9.07799,225.166,-16.9798],"carpPosition":[13.9099,239.955,63.1313],"dipPosition":[5.29572,233.016,-21.6614],"direction":[-0.827673,-0.530184,-0.184017],"extended":false,"handId":406,"id":4064,"length":49.9151,"mcpPosition":[33.8928,256.02,11.8865],"pipPosition":[21.2931,243.264,-18.1047],"stabilizedTipPosition":[-2.99606,215.477,-8.17254],"timeVisible":4.11223,"tipPosition":[-5.89839,226.858,-18.066],"tipVelocity":[-52.868,206.364,-166.307],"tool":false,"touchDistance":-0.714476,"touchZone":"hovering","type":4,"width":15.8681}],"r":[[0.942164,-0.280779,0.183004],[0.32766,0.886475,-0.326804],[-0.0704691,0.367866,0.927205]],"s":1.24326,"t":[27.8229,10.0479,-185.969],"timestamp":88687892522},false],[4,{"currentFrameRate":55.3325,"devices":[],"gestures":[],"hands":[{"armBasis":[[0.850748,-0.319286,-0.417474],[0.477017,0.802546,0.358294],[0.220644,-0.50396,0.835069]],"armWidth":62.9686,"confidence":0.77695,"direction":[0.171836,0.500655,-0.84842],"elbow":[57.1621,110.383,290.819],"grabStrength":0,"id":406,"palmNormal":[-0.453513,-0.724339,-0.519287],"palmPosition":[-1.06324,272.042,21.2902],"palmVelocity":[-10.9954,182.263,-166.265],"palmWidth":89.917,"pinchStrength":1,"r":[[0.94117,-0.288132,0.176574],[0.331802,0.886992,-0.321175],[-0.0640793,0.360868,0.930413]],"s":1.24619,"sphereCenter":[-26.2979,248.686,-17.2603],"sphereRadius":45.5977,"stabilizedPalmPosition":[0.0823396,259.688,32.607],"t":[27.6332,13.3489,-188.976],"timeVisible":4.13043,"type":"right","wrist":[-1.70918,244.847,68.0088]}],"id":1411935,"interactionBox":{"center":[0,200,0],"size":[235.247,235.247,147.751]},"pointables":[{"bases":[[[0.791072,0.554825,0.25763],[-0.568059,0.51002,0.645901],[0.226966,-0.657304,0.718636]],[[0.666196,0.745771,-0.00297251],[-0.716487,0.641132,0.274947],[0.206953,-0.181039,0.961455]],[[0.666196,0.745771,-0.00297251],[-0.744688,0.665433,0.0513722],[0.0402899,-0.0320103,0.998675]],[[0.666196,0.745771,-0.00297251],[-0.685267,0.610565,-0.397013],[-0.294266,0.266525,0.917808]]],"btipPosition":[-36.5282,252.622,-34.0775],"carpPosition":[-31.7675,248.777,68.2257],"dipPosition":[-43.3338,258.786,-12.8508],"direction":[-0.0402899,0.0320103,-0.998675],"extended":false,"handId":406,"id":4060,"length":51.5018,"mcpPosition":[-31.7675,248.777,68.2257],"pipPosition":[-41.9763,257.708,20.7981],"stabilizedTipPosition":[-37.618,249.102,-25.2577],"timeVisible":4.13043,"tipPosition":[-39.3544,254.836,-28.9727],"tipVelocity":[-20.1156,209.513,-166.842],"tool":false,"touchDistance":-0.668802,"touchZone":"touching","type":0,"width":20.0112},{"bases":[[[0.890964,-0.383212,-0.243581],[0.451842,0.801344,0.392028],[0.0449625,-0.459344,0.88712]],[[0.890331,-0.377429,-0.254672],[0.403391,0.913265,0.0567738],[0.211155,-0.15328,0.965359]],[[0.890331,-0.377429,-0.254672],[0.373696,0.925282,-0.0648452],[0.260118,-0.0374365,0.964851]],[[0.890331,-0.377429,-0.254672],[0.349083,0.924945,-0.150395],[0.292321,0.0449994,0.955261]]],"btipPosition":[-37.5994,304.327,-76.1844],"carpPosition":[-14.2172,264.29,68.4707],"dipPosition":[-32.6638,305.087,-60.0556],"direction":[-0.260118,0.0374365,-0.964851],"extended":true,"handId":406,"id":4061,"length":58.114,"mcpPosition":[-17.486,297.685,3.97524],"pipPosition":[-26.4508,304.192,-37.0098],"stabilizedTipPosition":[-36.2788,302.723,-71.3326],"timeVisible":4.13043,"tipPosition":[-37.0582,302.902,-72.2535],"tipVelocity":[-21.5755,242.559,-145.876],"tool":false,"touchDistance":-0.483196,"touchZone":"touching","type":1,"width":19.1147},{"bases":[[[0.798677,-0.572705,-0.184727],[0.596843,0.714742,0.364586],[-0.0767678,-0.401439,0.912663]],[[0.797408,-0.578784,-0.170731],[0.43553,0.747842,-0.501044],[0.417677,0.325178,0.848413]],[[0.797408,-0.578784,-0.170731],[-0.0347885,0.238367,-0.970552],[0.602437,0.779866,0.169941]],[[0.797408,-0.578784,-0.170731],[-0.312277,-0.153694,-0.937476],[0.516356,0.800867,-0.303298]]],"btipPosition":[-43.8786,236.693,-36.7969],"carpPosition":[-2.75856,261.292,65.6817],"dipPosition":[-34.2897,251.566,-42.4292],"direction":[-0.602437,-0.779866,-0.169941],"extended":false,"handId":406,"id":4062,"length":66.2163,"mcpPosition":[2.53422,288.97,2.75792],"pipPosition":[-17.3605,273.481,-37.6537],"stabilizedTipPosition":[-40.8533,235.42,-34.806],"timeVisible":4.13043,"tipPosition":[-41.9202,239.715,-37.7709],"tipVelocity":[-36.1435,207.087,-143.585],"tool":false,"touchDistance":-0.685283,"touchZone":"hovering","type":2,"width":18.7732},{"bases":[[[0.731395,-0.677777,-0.0753627],[0.649628,0.658837,0.379364],[-0.207473,-0.326423,0.922173]],[[0.736534,-0.669076,-0.0992741],[0.52203,0.655613,-0.545579],[0.430119,0.350013,0.832159]],[[0.736534,-0.669076,-0.0992741],[0.00376411,0.15082,-0.988554],[0.67639,0.72773,0.113603]],[[0.736534,-0.669076,-0.0992741],[-0.308708,-0.201922,-0.929477],[0.601845,0.715238,-0.355272]]],"btipPosition":[-28.2935,226.959,-27.3416],"carpPosition":[7.48324,255.335,63.0345],"dipPosition":[-17.1813,240.165,-33.9012],"direction":[-0.67639,-0.72773,-0.113603],"extended":false,"handId":406,"id":4063,"length":63.6687,"mcpPosition":[20.3261,275.541,5.9508],"pipPosition":[1.33514,260.087,-30.7913],"stabilizedTipPosition":[-24.7543,226.136,-26.2614],"timeVisible":4.13043,"tipPosition":[-25.6077,230.368,-29.7099],"tipVelocity":[-48.5026,184.471,-118.446],"tool":false,"touchDistance":-0.663784,"touchZone":"touching","type":3,"width":17.8639},{"bases":[[[0.585008,-0.810481,-0.0297637],[0.734579,0.513953,0.442996],[-0.343743,-0.28102,0.89603]],[[0.510126,-0.848813,0.138877],[0.771365,0.380067,-0.510437],[0.380483,0.367512,0.848627]],[[0.510126,-0.848813,0.138877],[0.205666,-0.0364019,-0.977945],[0.835148,0.527438,0.156002]],[[0.510126,-0.848813,0.138877],[-0.194111,-0.270917,-0.942828],[0.837909,0.454004,-0.302966]]],"btipPosition":[-10.0061,228.594,-18.8955],"carpPosition":[14.0063,243.261,59.9558],"dipPosition":[4.26641,236.328,-24.0561],"direction":[-0.835148,-0.527438,-0.156002],"extended":false,"handId":406,"id":4064,"length":49.9151,"mcpPosition":[33.7032,259.364,8.61202],"pipPosition":[20.4083,246.522,-21.0409],"stabilizedTipPosition":[-4.15908,220.125,-11.8887],"timeVisible":4.13043,"tipPosition":[-6.63563,230.323,-20.4482],"tipVelocity":[-52.5755,197.024,-140.018],"tool":false,"touchDistance":-0.70175,"touchZone":"hovering","type":4,"width":15.8681}],"r":[[0.94117,-0.288132,0.176574],[0.331802,0.886992,-0.321175],[-0.0640793,0.360868,0.930413]],"s":1.24619,"t":[27.6332,13.3489,-188.976],"timestamp":88687910729},false],[5,{"currentFrameRate":55.3583,"devices":[],"gestures":[],"hands":[{"armBasis":[[0.849593,-0.323091,-0.416899],[0.480418,0.80027,0.358839],[0.217694,-0.505153,0.835123]],"armWidth":62.9686,"confidence":0.736274,"direction":[0.170776,0.503687,-0.846838],"elbow":[56.1891,112.352,289.011],"grabStrength":0,"id":406,"palmNormal":[-0.457035,-0.720917,-0.520958],"palmPosition":[-1.30846,274.521,19.5792],"palmVelocity":[-12.2481,161.267,-132.626],"palmWidth":89.917,"pinchStrength":1,"r":[[0.940257,-0.294637,0.170602],[0.335445,0.887429,-0.316143],[-0.0582496,0.354483,0.933246]],"s":1.2492,"sphereCenter":[-26.7887,251.68,-18.8546],"sphereRadius":45.4197,"stabilizedPalmPosition":[-0.19961,262.695,29.9659],"t":[27.4158,16.2389,-191.336],"timeVisible":4.14841,"type":"right","wrist":[-1.89506,247.135,66.1865]}],"id":1411936,"interactionBox":{"center":[0,200,0],"size":[235.247,235.247,147.751]},"pointables":[{"bases":[[[0.793361,0.551552,0.257622],[-0.56476,0.508916,0.649654],[0.22721,-0.660905,0.715249]],[[0.668578,0.743641,-0.0013306],[-0.713882,0.642323,0.278915],[0.208267,-0.185527,0.960315]],[[0.668578,0.743641,-0.0013306],[-0.742454,0.667611,0.055292],[0.0420057,-0.0359791,0.998469]],[[0.668578,0.743641,-0.0013306],[-0.684017,0.614269,-0.393438],[-0.291759,0.263954,0.91935]]],"btipPosition":[-36.8828,255.407,-35.7686],"carpPosition":[-31.9416,251.147,66.507],"dipPosition":[-43.6305,261.511,-14.5062],"direction":[-0.0420057,0.0359791,-0.998469],"extended":false,"handId":406,"id":4060,"length":51.5018,"mcpPosition":[-31.9416,251.147,66.507],"pipPosition":[-42.2152,260.299,19.1357],"stabilizedTipPosition":[-37.9845,252.561,-27.7793],"timeVisible":4.14841,"tipPosition":[-39.6729,257.58,-30.6567],"tipVelocity":[-19.582,183.309,-132.189],"tool":false,"touchDistance":-0.655499,"touchZone":"touching","type":0,"width":20.0112},{"bases":[[[0.889182,-0.384674,-0.247753],[0.455211,0.798453,0.394025],[0.0462481,-0.463139,0.885078]],[[0.888516,-0.378707,-0.259076],[0.40631,0.911713,0.0607561],[0.213194,-0.159248,0.963944]],[[0.888516,-0.378707,-0.259076],[0.376402,0.92448,-0.0604751],[0.262413,-0.0437836,0.963962]],[[0.888516,-0.378707,-0.259076],[0.351611,0.924716,-0.145843],[0.294803,0.0384901,0.954782]]],"btipPosition":[-38.0063,307.438,-77.652],"carpPosition":[-14.3473,266.609,66.7652],"dipPosition":[-33.0288,308.087,-61.5314],"direction":[-0.262413,0.0437836,-0.963962],"extended":true,"handId":406,"id":4061,"length":58.114,"mcpPosition":[-17.7097,300.281,2.4182],"pipPosition":[-26.761,307.042,-38.5068],"stabilizedTipPosition":[-36.6879,306.137,-73.1661],"timeVisible":4.14841,"tipPosition":[-37.439,306.026,-73.7397],"tipVelocity":[-21.8245,208.999,-115.526],"tool":false,"touchDistance":-0.485252,"touchZone":"touching","type":1,"width":19.1147},{"bases":[[[0.796537,-0.574152,-0.189415],[0.599889,0.711563,0.365803],[-0.0752456,-0.405003,0.911214]],[[0.795227,-0.580578,-0.174767],[0.428843,0.742354,-0.514785],[0.428612,0.334424,0.839317]],[[0.795227,-0.580578,-0.174767],[-0.0503676,0.223992,-0.973289],[0.604216,0.782788,0.148882]],[[0.795227,-0.580578,-0.174767],[-0.326127,-0.16659,-0.930532],[0.511132,0.79698,-0.321819]]],"btipPosition":[-44.6041,238.788,-37.0791],"carpPosition":[-2.90525,263.592,63.9305],"dipPosition":[-35.1122,253.588,-43.0554],"direction":[-0.604216,-0.782788,-0.148882],"extended":false,"handId":406,"id":4062,"length":66.2163,"mcpPosition":[2.28257,291.515,1.10665],"pipPosition":[-18.1331,275.586,-38.8717],"stabilizedTipPosition":[-41.7016,239.085,-36.78],"timeVisible":4.14841,"tipPosition":[-42.5258,242.146,-38.6446],"tipVelocity":[-38.7278,163.801,-85.1416],"tool":false,"touchDistance":-0.650509,"touchZone":"touching","type":2,"width":18.7732},{"bases":[[[0.729278,-0.67949,-0.080291],[0.652561,0.655451,0.380196],[-0.205712,-0.329663,0.921414]],[[0.734052,-0.671296,-0.102609],[0.520055,0.652855,-0.550748],[0.436704,0.350915,0.828341]],[[0.734052,-0.671296,-0.102609],[-0.00430707,0.146492,-0.989202],[0.67908,0.726568,0.104642]],[[0.734052,-0.671296,-0.102609],[-0.316922,-0.205004,-0.926031],[0.600606,0.712274,-0.363232]]],"btipPosition":[-28.9151,229.489,-28.5392],"carpPosition":[7.31217,257.617,61.229],"dipPosition":[-17.8257,242.64,-35.2458],"direction":[-0.67908,-0.726568,-0.104642],"extended":false,"handId":406,"id":4063,"length":63.6687,"mcpPosition":[20.046,278.024,4.19224],"pipPosition":[0.764365,262.53,-32.3812],"stabilizedTipPosition":[-25.6613,229.728,-28.4134],"timeVisible":4.14841,"tipPosition":[-26.2045,232.94,-31.0492],"tipVelocity":[-42.0502,163.435,-94.8121],"tool":false,"touchDistance":-0.644211,"touchZone":"touching","type":3,"width":17.8639},{"bases":[[[0.582654,-0.811974,-0.034816],[0.737291,0.510069,0.442981],[-0.34193,-0.283774,0.895855]],[[0.508836,-0.850602,0.132523],[0.767322,0.378353,-0.51775],[0.390259,0.365138,0.845205]],[[0.508836,-0.850602,0.132523],[0.191775,-0.0380704,-0.9807],[0.839231,0.52443,0.143753]],[[0.508836,-0.850602,0.132523],[-0.208918,-0.271354,-0.939532],[0.835128,0.450382,-0.315781]]],"btipPosition":[-10.6969,231.232,-20.1853],"carpPosition":[13.7925,245.538,58.0814],"dipPosition":[3.52832,238.904,-25.5642],"direction":[-0.83923,-0.52443,-0.143753],"extended":false,"handId":406,"id":4064,"length":49.9151,"mcpPosition":[33.3856,261.799,6.74763],"pipPosition":[19.7491,249.04,-22.7857],"stabilizedTipPosition":[-5.47651,225.317,-15.7344],"timeVisible":4.14841,"tipPosition":[-7.26172,232.971,-21.9313],"tipVelocity":[-46.1659,172.851,-109.031],"tool":false,"touchDistance":-0.680008,"touchZone":"touching","type":4,"width":15.8681}],"r":[[0.940257,-0.294637,0.170602],[0.335445,0.887429,-0.316143],[-0.0582496,0.354483,0.933246]],"s":1.2492,"t":[27.4158,16.2389,-191.336],"timestamp":88687928704},false],[6,{"currentFrameRate":55.2679,"devices":[],"gestures":[],"hands":[{"armBasis":[[0.83866,-0.339096,-0.42622],[0.500091,0.789438,0.355945],[0.215774,-0.511666,0.831649]],"armWidth":62.9686,"confidence":0.628385,"direction":[0.174708,0.503536,-0.846126],"elbow":[55.2414,112.481,286.463],"grabStrength":0,"id":406,"palmNormal":[-0.476099,-0.709001,-0.520237],"palmPosition":[-1.53244,276.564,18.0653],"palmVelocity":[-12.2099,137.072,-108.378],"palmWidth":89.917,"pinchStrength":1,"r":[[0.938478,-0.303876,0.164072],[0.341603,0.886567,-0.31194],[-0.0506699,0.348796,0.935828]],"s":1.25138,"sphereCenter":[-27.9269,254.719,-20.1447],"sphereRadius":45.2942,"stabilizedPalmPosition":[-0.525459,266.085,27.0565],"t":[27.1951,18.7054,-193.272],"timeVisible":4.16682,"type":"right","wrist":[-2.33064,249.001,64.5654]}],"id":1411937,"interactionBox":{"center":[0,200,0],"size":[235.247,235.247,147.751]},"pointables":[{"bases":[[[0.806738,0.533731,0.253584],[-0.548886,0.517913,0.656117],[0.218856,-0.668504,0.710778]],[[0.684359,0.729139,-0.0030412],[-0.698213,0.656523,0.28544],[0.210122,-0.19322,0.958392]],[[0.684359,0.729139,-0.0030412],[-0.727637,0.683206,0.0614393],[0.0468755,-0.0398336,0.998106]],[[0.684359,0.729139,-0.0030412],[-0.672296,0.629382,-0.389739],[-0.282259,0.268766,0.920921]]],"btipPosition":[-37.6995,258.298,-37.0664],"carpPosition":[-32.283,253.641,65.1385],"dipPosition":[-44.2275,264.514,-15.7677],"direction":[-0.0468755,0.0398336,-0.998106],"extended":false,"handId":406,"id":4060,"length":51.5018,"mcpPosition":[-32.283,253.641,65.1385],"pipPosition":[-42.6481,263.172,17.862],"stabilizedTipPosition":[-38.5967,256.168,-29.9879],"timeVisible":4.16682,"tipPosition":[-40.4144,260.511,-31.9488],"tipVelocity":[-30.1918,171.372,-102.282],"tool":false,"touchDistance":-0.637624,"touchZone":"touching","type":0,"width":20.0112},{"bases":[[[0.878961,-0.402175,-0.256286],[0.474914,0.787089,0.393635],[0.0434098,-0.467703,0.882819]],[[0.878307,-0.395924,-0.267996],[0.42597,0.902567,0.0626276],[0.217089,-0.169164,0.961382]],[[0.878307,-0.395924,-0.267996],[0.395396,0.916654,-0.0583836],[0.268775,-0.0546857,0.961649]],[[0.878307,-0.395924,-0.267996],[0.369928,0.917885,-0.143668],[0.302871,0.0270452,0.952648]]],"btipPosition":[-38.2729,310.765,-78.7327],"carpPosition":[-14.3667,268.73,65.3203],"dipPosition":[-33.1592,311.221,-62.648],"direction":[-0.268775,0.0546857,-0.961649],"extended":true,"handId":406,"id":4061,"length":58.114,"mcpPosition":[-17.5227,302.733,1.13753],"pipPosition":[-26.7394,309.915,-39.6787],"stabilizedTipPosition":[-36.9905,309.64,-74.548],"timeVisible":4.16682,"tipPosition":[-37.6807,309.354,-74.8431],"tipVelocity":[-17.4713,194.247,-88.3959],"tool":false,"touchDistance":-0.481394,"touchZone":"touching","type":1,"width":19.1147},{"bases":[[[0.782819,-0.589913,-0.197983],[0.617513,0.697306,0.363926],[-0.0766305,-0.407145,0.910143]],[[0.781443,-0.596572,-0.18289],[0.43654,0.732124,-0.522903],[0.445847,0.32878,0.832541]],[[0.781443,-0.596572,-0.18289],[-0.0619121,0.217527,-0.974089],[0.620897,0.772518,0.13305]],[[0.781443,-0.596572,-0.18289],[-0.344588,-0.16824,-0.923555],[0.520198,0.784728,-0.337041]]],"btipPosition":[-46.0743,241.614,-37.5019],"carpPosition":[-3.01289,265.485,62.3835],"dipPosition":[-36.4141,256.187,-43.7609],"direction":[-0.620897,-0.772518,-0.13305],"extended":false,"handId":406,"id":4062,"length":66.2163,"mcpPosition":[2.27042,293.556,-0.366511],"pipPosition":[-18.9662,277.896,-40.0221],"stabilizedTipPosition":[-43.0796,242.853,-38.1648],"timeVisible":4.16682,"tipPosition":[-43.9056,245.072,-39.3889],"tipVelocity":[-57.522,157.497,-56.9174],"tool":false,"touchDistance":-0.621109,"touchZone":"touching","type":2,"width":18.7732},{"bases":[[[0.714217,-0.694274,-0.0887567],[0.669107,0.640043,0.377679],[-0.205405,-0.329132,0.921673]],[[0.71889,-0.686269,-0.110603],[0.529358,0.643607,-0.552765],[0.45053,0.338829,0.825965]],[[0.71889,-0.686269,-0.110603],[-0.00937021,0.149531,-0.988713],[0.695061,0.711812,0.101066]],[[0.71889,-0.686269,-0.110603],[-0.328869,-0.195601,-0.923897],[0.612407,0.700554,-0.366308]]],"btipPosition":[-30.4565,232.302,-29.9469],"carpPosition":[7.0556,259.309,59.5777],"dipPosition":[-19.1492,245.237,-36.7103],"direction":[-0.695061,-0.711812,-0.101066],"extended":false,"handId":406,"id":4063,"length":63.6687,"mcpPosition":[19.7704,279.683,2.52497],"pipPosition":[-0.121712,264.723,-33.9436],"stabilizedTipPosition":[-27.0129,233.146,-30.316],"timeVisible":4.16682,"tipPosition":[-27.7001,235.692,-32.4469],"tipVelocity":[-60.8102,157.039,-86.3297],"tool":false,"touchDistance":-0.629435,"touchZone":"touching","type":3,"width":17.8639},{"bases":[[[0.565203,-0.823848,-0.0426618],[0.751255,0.492657,0.43921],[-0.340825,-0.280293,0.897371]],[[0.492746,-0.861382,0.123376],[0.765669,0.361821,-0.531823],[0.413463,0.356519,0.83782]],[[0.492746,-0.861382,0.123376],[0.169209,-0.0442287,-0.984587],[0.853563,0.506028,0.12396]],[[0.492746,-0.861382,0.123376],[-0.235316,-0.268405,-0.934123],[0.837752,0.431253,-0.334952]]],"btipPosition":[-12.4288,233.588,-21.0557],"carpPosition":[13.2564,247.11,56.3307],"dipPosition":[1.84106,240.933,-26.7611],"direction":[-0.853563,-0.506028,-0.12396],"extended":false,"handId":406,"id":4064,"length":49.9151,"mcpPosition":[32.7862,263.172,4.9101],"pipPosition":[18.3389,250.714,-24.3652],"stabilizedTipPosition":[-7.37033,230.456,-19.1573],"timeVisible":4.16682,"tipPosition":[-8.8854,235.283,-23.0534],"tip