{"sensorType":"Leap","data":[[0,{"currentFrameRate":55.3523,"devices":[],"gestures":[],"hands":[{"armBasis":[[-0.797248,-0.582952,-0.156726],[-0.601252,0.743714,0.292209],[0.0537845,-0.327195,0.943425]],"armWidth":62.9686,"confidence":0.440507,"direction":[-0.528192,0.356305,-0.770753],"elbow":[21.4996,122.83,331.837],"grabStrength":0,"id":404,"palmNormal":[0.441668,-0.659966,-0.607762],"palmPosition":[-13.6885,231.31,34.9513],"palmVelocity":[30.203,309.587,-185.202],"palmWidth":89.917,"pinchStrength":0.47393,"r":[[0.984341,-0.038737,-0.171966],[0.0777447,0.97095,0.226299],[0.158204,-0.236124,0.958758]],"s":0.892215,"sphereCenter":[-17.2385,188.722,-5.76591],"sphereRadius":56.0375,"stabilizedPalmPosition":[-13.8681,230.434,35.6295],"t":[-26.0561,120.354,-42.8881],"timeVisible":0.813461,"type":"left","wrist":[7.14906,210.131,80.1162]}],"id":1410130,"interactionBox":{"center":[0,200,0],"size":[235.247,235.247,147.751]},"pointables":[{"bases":[[[-0.789933,0.39366,0.470146],[0.592267,0.688409,0.418704],[0.158826,-0.6092,0.776949]],[[-0.805213,0.524518,0.276609],[0.590115,0.754639,0.286853],[0.0582806,-0.394209,0.917171]],[[-0.805213,0.524518,0.276609],[0.524137,0.847707,-0.0816897],[0.277331,-0.0792036,0.957504]],[[-0.805213,0.524518,0.276609],[0.47529,0.849809,-0.227868],[0.354586,0.0520129,0.933575]]],"btipPosition":[13.6598,241.428,-28.247],"carpPosition":[34.0798,220.517,70.8491],"dipPosition":[21.8606,242.631,-6.65566],"direction":[-0.277331,0.0792036,-0.957504],"extended":false,"handId":404,"id":4040,"length":51.5018,"mcpPosition":[34.0798,220.517,70.8491],"pipPosition":[31.2048,239.963,25.606],"stabilizedTipPosition":[34.6277,291.516,12.7874],"timeVisible":0.813461,"tipPosition":[-2.07375,222.207,-12.882],"tipVelocity":[-467.755,-1159.35,-1044.3],"tool":false,"touchDistance":-0.404208,"touchZone":"hovering","type":0,"width":20.0112},{"bases":[[[-0.803608,-0.592217,0.0590948],[-0.495958,0.721243,0.483564],[0.328997,-0.359288,0.873312]],[[-0.71767,-0.653965,0.239333],[-0.539594,0.73947,0.402521],[0.440214,-0.159734,0.88357]],[[-0.71767,-0.653965,0.239333],[-0.62023,0.756525,0.207328],[0.316647,-0.000351393,0.948543]],[[-0.71767,-0.653965,0.239333],[-0.666892,0.74437,0.0341939],[0.200514,0.135069,0.970335]]],"btipPosition":[-39.377,262.395,-64.0771],"carpPosition":[14.1801,231.765,75.9666],"dipPosition":[-35.9915,264.676,-47.6939],"direction":[-0.316647,0.000351393,-0.948543],"extended":true,"handId":404,"id":4041,"length":58.114,"mcpPosition":[-9.73862,257.886,12.4751],"pipPosition":[-28.4282,264.668,-25.0375],"stabilizedTipPosition":[-38.5317,262.274,-59.6945],"timeVisible":0.813461,"tipPosition":[-38.309,264.244,-57.9392],"tipVelocity":[-37.2208,388.82,-245.953],"tool":false,"touchDistance":0.178374,"touchZone":"hovering","type":1,"width":19.1147},{"bases":[[[-0.655369,-0.749533,0.0932315],[-0.617335,0.602675,0.505649],[0.435189,-0.273832,0.857687]],[[-0.659278,-0.747025,0.0854708],[-0.652698,0.512155,-0.558285],[-0.373279,0.423852,0.825235]],[[-0.659278,-0.747025,0.0854708],[0.167599,-0.256815,-0.951818],[-0.732982,0.613188,-0.294513]],[[-0.659278,-0.747025,0.0854708],[0.560306,-0.563905,-0.606686],[-0.501408,0.352085,-0.790333]]],"btipPosition":[21.1658,200.98,1.49496],"carpPosition":[3.48109,226.059,76.9831],"dipPosition":[11.8545,207.518,-13.1818],"direction":[0.732982,-0.613188,0.294513],"extended":false,"handId":404,"id":4042,"length":66.2163,"mcpPosition":[-26.5231,244.938,17.8496],"pipPosition":[-8.7431,224.749,-21.458],"stabilizedTipPosition":[15.8258,202.215,6.71467],"timeVisible":0.813461,"tipPosition":[17.2911,204.602,-1.8323],"tipVelocity":[146.925,139.302,-509.022],"tool":false,"touchDistance":0.333333,"touchZone":"none","type":2,"width":18.7732},{"bases":[[[-0.53577,-0.824945,0.180046],[-0.648393,0.538548,0.538101],[0.540867,-0.171558,0.823426]],[[-0.539762,-0.823651,0.173941],[-0.799296,0.436598,-0.412927],[-0.264166,0.361913,0.894]],[[-0.539762,-0.823651,0.173941],[0.0374796,-0.229933,-0.972484],[-0.840983,0.518391,-0.154979]],[[-0.539762,-0.823651,0.173941],[0.52642,-0.49149,-0.693772],[-0.656916,0.282906,-0.698874]]],"btipPosition":[7.99623,192.988,4.56664],"carpPosition":[-5.33827,217.762,77.8639],"dipPosition":[-4.13285,198.211,-8.33714],"direction":[0.840983,-0.518391,0.154979],"extended":false,"handId":404,"id":4043,"length":63.6687,"mcpPosition":[-38.8187,228.382,26.8928],"pipPosition":[-27.155,212.402,-12.5797],"stabilizedTipPosition":[2.93334,194.113,10.1537],"timeVisible":0.813461,"tipPosition":[3.59166,196.251,2.50675],"tipVelocity":[91.8176,130.429,-487.188],"tool":false,"touchDistance":0.333333,"touchZone":"none","type":3,"width":17.8639},{"bases":[[[-0.355022,-0.916824,0.182737],[-0.673482,0.386396,0.630174],[0.648368,-0.100656,0.754644]],[[-0.334668,-0.919513,0.206139],[-0.916245,0.2664,-0.29921],[-0.220212,0.28901,0.931655]],[[-0.334668,-0.919513,0.206139],[-0.0274262,-0.209156,-0.977498],[-0.941937,0.332791,-0.044779]],[[-0.334668,-0.919513,0.206139],[0.512881,-0.361251,-0.77875],[-0.790538,0.154898,-0.5925]]],"btipPosition":[-7.15766,190.895,12.564],"carpPosition":[-9.37154,204.296,77.4024],"dipPosition":[-20.6233,193.533,2.47167],"direction":[0.941937,-0.332791,0.044779],"extended":false,"handId":404,"id":4044,"length":49.9151,"mcpPosition":[-46.5239,210.064,34.1603],"pipPosition":[-38.8292,199.965,1.60617],"stabilizedTipPosition":[-12.1329,192.029,15.8629],"timeVisible":0.813461,"tipPosition":[-10.7791,194.064,13.0577],"tipVelocity":[80.9422,118.375,-373.35],"tool":false,"touchDistance":0.333333,"touchZone":"none","type":4,"width":15.8681}],"r":[[0.984341,-0.038737,-0.171966],[0.0777447,0.97095,0.226299],[0.158204,-0.236124,0.958758]],"s":0.892215,"t":[-26.0561,120.354,-42.8881],"timestamp":88654856932},false],[1,{"currentFrameRate":55.3423,"devices":[],"gestures":[],"hands":[{"armBasis":[[-0.828053,-0.545779,-0.12827],[-0.553136,0.757958,0.345746],[0.0914771,-0.357247,0.92952]],"armWidth":62.9686,"confidence":0.470316,"direction":[-0.509734,0.350462,-0.785715],"elbow":[31.0797,120.252,323.977],"grabStrength":0,"id":404,"palmNormal":[0.429146,-0.687963,-0.58527],"palmPosition":[-13.0799,236.123,30.031],"palmVelocity":[31.8253,288.784,-226.388],"palmWidth":89.917,"pinchStrength":0.909509,"r":[[0.987264,-0.0461201,-0.152257],[0.0771074,0.975849,0.204386],[0.139153,-0.213523,0.966977]],"s":0.818827,"sphereCenter":[-15.3288,200.105,-8.42044],"sphereRadius":50.0407,"stabilizedPalmPosition":[-13.2716,234.739,31.3927],"t":[-25.4643,125.518,-47.027],"timeVisible":0.831565,"type":"left","wrist":[6.67213,215.571,75.9665]}],"id":1410131,"interactionBox":{"center":[0,200,0],"size":[235.247,235.247,147.751]},"pointables":[{"bases":[[[-0.783356,0.427989,0.450754],[0.607112,0.682355,0.407194],[0.1333,-0.592636,0.794364]],[[-0.792026,0.560986,0.240811],[0.589285,0.805581,0.0614966],[0.159494,-0.190613,0.968622]],[[-0.792026,0.560986,0.240811],[0.497221,0.82164,-0.278709],[0.354212,0.101008,0.929694]],[[-0.792026,0.560986,0.240811],[0.399939,0.774819,-0.489595],[0.461241,0.291462,0.838037]]],"btipPosition":[3.5128,224.206,-31.7527],"carpPosition":[33.9826,224.947,66.7349],"dipPosition":[14.1802,230.947,-12.3709],"direction":[-0.354212,-0.101008,-0.929694],"extended":false,"handId":404,"id":4040,"length":51.5018,"mcpPosition":[33.9826,224.947,66.7349],"pipPosition":[26.1149,234.35,18.9538],"stabilizedTipPosition":[12.5841,240.94,-18.04],"timeVisible":0.831565,"tipPosition":[-3.525,217.486,-22.2487],"tipVelocity":[-496.961,-1026.91,-652.978],"tool":false,"touchDistance":-0.452329,"touchZone":"hovering","type":0,"width":20.0112},{"bases":[[[-0.820657,-0.567653,0.0655127],[-0.480367,0.74743,0.458907],[0.309466,-0.345136,0.886066]],[[-0.736379,-0.627926,0.251901],[-0.463699,0.739529,0.487934],[0.492674,-0.242499,0.835743]],[[-0.736379,-0.627926,0.251901],[-0.55348,0.773228,0.309481],[0.389108,-0.0884733,0.916934]],[[-0.736379,-0.627926,0.251901],[-0.611393,0.77704,0.149688],[0.28973,0.0437827,0.956106]]],"btipPosition":[-43.2444,273.643,-66.6134],"carpPosition":[14.3571,236.881,71.3318],"dipPosition":[-38.3525,274.382,-50.4704],"direction":[-0.389108,0.0884733,-0.916934],"extended":true,"handId":404,"id":4041,"length":58.114,"mcpPosition":[-8.14168,261.973,6.91305],"pipPosition":[-29.0585,272.269,-28.5691],"stabilizedTipPosition":[-41.7701,272.69,-62.5885],"timeVisible":0.831565,"tipPosition":[-41.9506,274.864,-61.4851],"tipVelocity":[-112.034,490.081,-197.046],"tool":false,"touchDistance":0.207011,"touchZone":"hovering","type":1,"width":19.1147},{"bases":[[[-0.677307,-0.728108,0.105422],[-0.605282,0.632943,0.482718],[0.418198,-0.263138,0.869407]],[[-0.686934,-0.721732,0.0849899],[-0.655057,0.564305,-0.502455],[-0.314678,0.400827,0.860416]],[[-0.686934,-0.721732,0.0849899],[0.0634786,-0.176095,-0.982324],[-0.723942,0.669397,-0.16678]],[[-0.686934,-0.721732,0.0849899],[0.477387,-0.536332,-0.696024],[-0.547926,0.43755,-0.71297]]],"btipPosition":[20.1652,203.62,-10.6214],"carpPosition":[3.4905,231.507,72.3766],"dipPosition":[9.99001,211.746,-23.8616],"direction":[0.723942,-0.669397,0.16678],"extended":false,"handId":404,"id":4042,"length":66.2163,"mcpPosition":[-25.3422,249.649,12.4351],"pipPosition":[-10.3535,230.557,-28.5483],"stabilizedTipPosition":[16.3926,203.143,0.936546],"timeVisible":0.831565,"tipPosition":[16.9695,206.689,-13.3739],"tipVelocity":[45.5167,152.011,-576.57],"tool":false,"touchDistance":0.333333,"touchZone":"none","type":2,"width":18.7732},{"bases":[[[-0.560814,-0.804524,0.195522],[-0.638486,0.570594,0.516486],[0.527089,-0.164814,0.833675]],[[-0.576045,-0.799339,0.170965],[-0.787391,0.486445,-0.378666],[-0.219517,0.352745,0.909606]],[[-0.576045,-0.799339,0.170965],[-0.0692699,-0.160665,-0.984575],[-0.814477,0.579003,-0.0371802]],[[-0.576045,-0.799339,0.170965],[0.434041,-0.476341,-0.764661],[-0.692661,0.366274,-0.62134]]],"btipPosition":[6.58106,195.501,-5.90231],"carpPosition":[-5.56938,223.487,73.3748],"dipPosition":[-6.20801,202.264,-17.3745],"direction":[0.814477,-0.579003,0.0371802],"extended":false,"handId":404,"id":4043,"length":63.6687,"mcpPosition":[-38.1969,233.689,21.7692],"pipPosition":[-28.5046,218.115,-18.3923],"stabilizedTipPosition":[3.12423,194.909,5.10077],"timeVisible":0.831565,"tipPosition":[2.90727,198.286,-7.58327],"tipVelocity":[6.96318,143.734,-521.864],"tool":false,"touchDistance":0.333333,"touchZone":"none","type":3,"width":17.8639},{"bases":[[[-0.382783,-0.901337,0.202653],[-0.668848,0.421698,0.61222],[0.637275,-0.0988033,0.764277]],[[-0.412006,-0.895767,0.16689],[-0.895946,0.364911,-0.25322],[-0.165926,0.253853,0.952905]],[[-0.412006,-0.895767,0.16689],[-0.141135,-0.118211,-0.982907],[-0.900184,0.428518,0.0777207]],[[-0.412006,-0.895767,0.16689],[0.429398,-0.35242,-0.831515],[-0.803659,0.270926,-0.52984]]],"btipPosition":[-9.60867,194.026,3.6525],"carpPosition":[-9.97783,210.132,73.2204],"dipPosition":[-23.2978,198.641,-5.37255],"direction":[0.900184,-0.428518,-0.0777207],"extended":false,"handId":404,"id":4044,"length":49.9151,"mcpPosition":[-46.4946,215.794,29.4263],"pipPosition":[-40.6967,206.924,-3.87035],"stabilizedTipPosition":[-12.3326,193.007,11.2936],"timeVisible":0.831565,"tipPosition":[-12.5422,196.905,4.23673],"tipVelocity":[-23.3191,156.294,-423.458],"tool":false,"touchDistance":0.188899,"touchZone":"hovering","type":4,"width":15.8681}],"r":[[0.987264,-0.0461201,-0.152257],[0.0771074,0.975849,0.204386],[0.139153,-0.213523,0.966977]],"s":0.818827,"t":[-25.4643,125.518,-47.027],"timestamp":88654875036},false],[2,{"currentFrameRate":55.3524,"devices":[],"gestures":[],"hands":[{"armBasis":[[-0.829016,-0.545065,-0.125044],[-0.546174,0.741145,0.390381],[0.120107,-0.391928,0.912122]],"armWidth":62.9686,"confidence":0.497337,"direction":[-0.490791,0.343652,-0.800642],"elbow":[37.2304,116.574,317.289],"grabStrength":0,"id":404,"palmNormal":[0.453135,-0.684196,-0.571441],"palmPosition":[-13.4661,241.41,27.3995],"palmVelocity":[6.56929,290.882,-188.228],"palmWidth":89.917,"pinchStrength":1,"r":[[0.99019,-0.0495635,-0.130639],[0.0736827,0.979627,0.186821],[0.118718,-0.194615,0.973669]],"s":0.756549,"sphereCenter":[-9.0939,213.22,-11.6605],"sphereRadius":46.0659,"stabilizedPalmPosition":[-13.4128,239.581,28.4945],"t":[-25.3614,130.744,-50.4122],"timeVisible":0.849596,"type":"left","wrist":[5.18386,221.147,73.9204]}],"id":1410132,"interactionBox":{"center":[0,200,0],"size":[235.247,235.247,147.751]},"pointables":[{"bases":[[[-0.800518,0.420176,0.427343],[0.587796,0.689556,0.423094],[0.116903,-0.589885,0.79898]],[[-0.806001,0.544198,0.232832],[0.560455,0.828173,0.00445863],[0.190399,-0.134085,0.972507]],[[-0.806001,0.544198,0.232832],[0.466793,0.826254,-0.31529],[0.363958,0.14544,0.91999]],[[-0.806001,0.544198,0.232832],[0.354138,0.758538,-0.546998],[0.474287,0.358426,0.804104]]],"btipPosition":[0.0201147,224.229,-32.1115],"carpPosition":[32.6444,230.804,65.456],"dipPosition":[10.9892,232.518,-13.5145],"direction":[-0.363958,-0.14544,-0.91999],"extended":false,"handId":404,"id":4040,"length":51.5018,"mcpPosition":[32.6444,230.804,65.456],"pipPosition":[23.2523,237.419,17.4832],"stabilizedTipPosition":[4.98484,229.736,-25.4524],"timeVisible":0.849596,"tipPosition":[-1.47575,222.957,-25.6386],"tipVelocity":[-351.285,-529.823,-357.426],"tool":false,"touchDistance":-0.443519,"touchZone":"hovering","type":0,"width":20.0112},{"bases":[[[-0.816013,-0.576425,0.0430909],[-0.501357,0.742902,0.443552],[0.287687,-0.34034,0.895212]],[[-0.735649,-0.635856,0.23347],[-0.46817,0.726393,0.503161],[0.489529,-0.260846,0.832058]],[[-0.735649,-0.635856,0.23347],[-0.558696,0.764471,0.321625],[0.382988,-0.106164,0.917632]],[[-0.735649,-0.635856,0.23347],[-0.616091,0.771353,0.15952],[0.281519,0.0264878,0.95919]]],"btipPosition":[-42.8321,280.438,-69.0556],"carpPosition":[12.7676,242.532,69.4668],"dipPosition":[-38.0789,280.885,-52.8606],"direction":[-0.382988,0.106164,-0.917632],"extended":true,"handId":404,"id":4041,"length":58.114,"mcpPosition":[-8.14779,267.275,4.38308],"pipPosition":[-28.9311,278.35,-30.9426],"stabilizedTipPosition":[-41.7419,279.775,-65.0632],"timeVisible":0.849596,"tipPosition":[-41.2368,280.675,-64.7018],"tipVelocity":[-48.8842,434.617,-167.512],"tool":false,"touchDistance":0.217223,"touchZone":"hovering","type":1,"width":19.1147},{"bases":[[[-0.672138,-0.735251,0.0873907],[-0.625658,0.627103,0.463998],[0.395958,-0.257194,0.881515]],[[-0.683018,-0.727719,0.0625411],[-0.657894,0.57576,-0.485464],[-0.317273,0.372726,0.872017]],[[-0.683018,-0.727719,0.0625411],[0.0513099,-0.133219,-0.989758],[-0.728597,0.672813,-0.12833]],[[-0.683018,-0.727719,0.0625411],[0.475764,-0.508234,-0.717877],[-0.554198,0.460568,-0.693355]]],"btipPosition":[20.5132,209.56,-15.6196],"carpPosition":[1.93425,237.041,70.2105],"dipPosition":[10.2215,218.113,-28.4954],"direction":[0.728597,-0.672813,0.12833],"extended":false,"handId":404,"id":4042,"length":66.2163,"mcpPosition":[-25.3652,254.773,9.43425],"pipPosition":[-10.2528,237.02,-32.1017],"stabilizedTipPosition":[16.7495,204.85,-3.03632],"timeVisible":0.849596,"tipPosition":[17.7841,212.213,-17.485],"tipVelocity":[32.3756,238.753,-432.358],"tool":false,"touchDistance":0.333333,"touchZone":"none","type":2,"width":18.7732},{"bases":[[[-0.557453,-0.810253,0.180932],[-0.65914,0.564451,0.49692],[0.504758,-0.15775,0.848725]],[[-0.574694,-0.804267,0.151264],[-0.785956,0.49092,-0.375859],[-0.228033,0.33489,0.914248]],[[-0.574694,-0.804267,0.151264],[-0.0744482,-0.132689,-0.988358],[-0.814975,0.579265,-0.0163795]],[[-0.574694,-0.804267,0.151264],[0.438339,-0.458602,-0.773009],[-0.691076,0.377939,-0.616098]]],"btipPosition":[6.82976,201.068,-10.1155],"carpPosition":[-7.06328,228.925,70.9644],"dipPosition":[-5.93003,208.046,-21.4909],"direction":[0.814975,-0.579265,0.0163795],"extended":false,"handId":404,"id":4043,"length":63.6687,"mcpPosition":[-38.3085,238.69,18.4273],"pipPosition":[-28.2402,223.904,-21.9393],"stabilizedTipPosition":[3.27734,196.451,1.55841],"timeVisible":0.849596,"tipPosition":[3.59322,203.5,-11.4292],"tipVelocity":[10.3801,223.306,-384.569],"tool":false,"touchDistance":0.333333,"touchZone":"none","type":3,"width":17.8639},{"bases":[[[-0.378663,-0.905116,0.193337],[-0.690619,0.415387,0.59203],[0.616166,-0.0906577,0.782382]],[[-0.42143,-0.896402,0.137334],[-0.888678,0.378044,-0.259487],[-0.180686,0.231401,0.955932]],[[-0.42143,-0.896402,0.137334],[-0.143718,-0.0835076,-0.986089],[-0.8954,0.435305,0.0936364]],[[-0.42143,-0.896402,0.137334],[0.433298,-0.332071,-0.837843],[-0.796649,0.293586,-0.528354]]],"btipPosition":[-9.43831,199.218,-0.334595],"carpPosition":[-11.3209,215.523,70.7094],"dipPosition":[-23.0081,204.219,-9.33433],"direction":[0.8954,-0.435305,-0.0936364],"extended":false,"handId":404,"id":4044,"length":49.9151,"mcpPosition":[-46.6281,220.718,25.8779],"pipPosition":[-40.3145,212.632,-7.52451],"stabilizedTipPosition":[-12.389,194.838,7.88636],"timeVisible":0.849596,"tipPosition":[-12.2675,201.772,0.0393879],"tipVelocity":[-7.0534,221.069,-327.328],"tool":false,"touchDistance":0.122545,"touchZone":"hovering","type":4,"width":15.8681}],"r":[[0.99019,-0.0495635,-0.130639],[0.0736827,0.979627,0.186821],[0.118718,-0.194615,0.973669]],"s":0.756549,"t":[-25.3614,130.744,-50.4122],"timestamp":88654893067},false],[3,{"currentFrameRate":55.3122,"devices":[],"gestures":[],"hands":[{"armBasis":[[-0.84315,-0.526381,-0.109636],[-0.520662,0.748422,0.410824],[0.134196,-0.40347,0.905099]],"armWidth":62.9686,"confidence":0.520917,"direction":[-0.490458,0.348913,-0.798568],"elbow":[40.799,118.69,313.056],"grabStrength":0,"id":404,"palmNormal":[0.436058,-0.695129,-0.571532],"palmPosition":[-13.6337,246.728,25.0852],"palmVelocity":[-0.965781,291.377,-158.988],"palmWidth":89.917,"pinchStrength":1,"r":[[0.991833,-0.0557762,-0.114702],[0.0750868,0.982299,0.171615],[0.1031,-0.178826,0.978464]],"s":0.710791,"sphereCenter":[-9.36168,219.231,-14.065],"sphereRadius":45.7513,"stabilizedPalmPosition":[-13.5743,244.806,26.002],"t":[-25.3938,136.016,-53.262],"timeVisible":0.867814,"type":"left","wrist":[4.99341,226.342,71.5614]}],"id":1410133,"interactionBox":{"center":[0,200,0],"size":[235.247,235.247,147.751]},"pointables":[{"bases":[[[-0.789344,0.436906,0.431334],[0.603633,0.680544,0.415317],[0.112087,-0.588195,0.800914]],[[-0.794377,0.557679,0.240748],[0.571482,0.820479,-0.0149222],[0.20585,-0.125729,0.970473]],[[-0.794377,0.557679,0.240748],[0.475935,0.817712,-0.32378],[0.377427,0.142623,0.91499]],[[-0.794377,0.557679,0.240748],[0.357443,0.749626,-0.557042],[0.491121,0.356447,0.794824]]],"btipPosition":[-1.66754,228.603,-34.2404],"carpPosition":[32.5622,235.45,62.8436],"dipPosition":[9.69092,236.847,-15.858],"direction":[-0.377427,-0.142623,-0.91499],"extended":false,"handId":404,"id":4040,"length":51.5018,"mcpPosition":[32.5622,235.45,62.8436],"pipPosition":[22.4078,241.652,14.9712],"stabilizedTipPosition":[2.25825,230.251,-28.53],"timeVisible":0.867814,"tipPosition":[-1.87581,228.318,-28.3825],"tipVelocity":[-225.343,-162.194,-243.767],"tool":false,"touchDistance":-0.460175,"touchZone":"hovering","type":0,"width":20.0112},{"bases":[[[-0.82616,-0.561028,0.0520238],[-0.484163,0.754116,0.443729],[0.288176,-0.341403,0.89465]],[[-0.744697,-0.621395,0.243505],[-0.448075,0.735904,0.507616],[0.494627,-0.268911,0.826457]],[[-0.744697,-0.621395,0.243505],[-0.540693,0.775611,0.325697],[0.391252,-0.110884,0.913579]],[[-0.744697,-0.621395,0.243505],[-0.600058,0.783113,0.163291],[0.29216,0.0245152,0.956055]]],"btipPosition":[-43.2924,286.034,-71.1465],"carpPosition":[12.9364,247.562,66.9476],"dipPosition":[-38.3596,286.448,-55.0043],"direction":[-0.391252,0.110884,-0.913579],"extended":true,"handId":404,"id":4041,"length":58.114,"mcpPosition":[-8.01464,272.383,1.90472],"pipPosition":[-29.0144,283.799,-33.1831],"stabilizedTipPosition":[-42.1187,285.531,-67.2105],"timeVisible":0.867814,"tipPosition":[-41.618,286.171,-66.9558],"tipVelocity":[-36.5151,373.507,-142.627],"tool":false,"touchDistance":0.219529,"touchZone":"hovering","type":1,"width":19.1147},{"bases":[[[-0.684907,-0.722278,0.0960037],[-0.61042,0.640733,0.46567],[0.397856,-0.260338,0.879736]],[[-0.696387,-0.714253,0.069912],[-0.655369,0.593214,-0.467535],[-0.292466,0.371404,0.881205]],[[-0.696387,-0.714253,0.069912],[0.0253958,-0.12188,-0.99222],[-0.717217,0.689194,-0.103015]],[[-0.696387,-0.714253,0.069912],[0.450915,-0.511251,-0.73164],[-0.558319,0.477981,-0.678096]]],"btipPosition":[19.0327,214.291,-19.3404],"carpPosition":[2.0095,242.276,67.7994],"dipPosition":[8.66448,223.167,-31.9329],"direction":[0.717216,-0.689194,0.103015],"extended":false,"handId":404,"id":4042,"length":66.2163,"mcpPosition":[-25.4208,260.225,7.14584],"pipPosition":[-11.4901,242.534,-34.8277],"stabilizedTipPosition":[16.7308,206.968,-6.57909],"timeVisible":0.867814,"tipPosition":[16.5082,216.804,-20.9542],"tipVelocity":[-22.3895,250.703,-321.643],"tool":false,"touchDistance":0.333333,"touchZone":"none","type":2,"width":18.7732},{"bases":[[[-0.570916,-0.798949,0.189038],[-0.6448,0.578866,0.499146],[0.50822,-0.163078,0.845646]],[[-0.589142,-0.792442,0.157947],[-0.781717,0.509487,-0.35964],[-0.204522,0.335349,0.919626]],[[-0.589142,-0.792442,0.157947],[-0.0964395,-0.125117,-0.987444],[-0.802254,0.596977,0.00271116]],[[-0.589142,-0.792442,0.157947],[0.418251,-0.466317,-0.779497],[-0.691359,0.393173,-0.606166]]],"btipPosition":[5.1674,206.018,-13.1724],"carpPosition":[-7.13028,234.332,68.6603],"dipPosition":[-7.59763,213.277,-24.3645],"direction":[0.802253,-0.596977,-0.00271116],"extended":false,"handId":404,"id":4043,"length":63.6687,"mcpPosition":[-38.5898,244.426,16.3137],"pipPosition":[-29.5596,229.62,-24.2903],"stabilizedTipPosition":[3.07135,198.664,-1.84974],"timeVisible":0.867814,"tipPosition":[2.15884,208.325,-14.3969],"tipVelocity":[-38.2141,248.121,-279.881],"tool":false,"touchDistance":0.333333,"touchZone":"none","type":3,"width":17.8639},{"bases":[[[-0.393818,-0.897043,0.200553],[-0.678299,0.430857,0.595209],[0.620337,-0.098369,0.778142]],[[-0.44386,-0.885809,0.135393],[-0.88108,0.403867,-0.246151],[-0.163362,0.228549,0.959728]],[[-0.44386,-0.885809,0.135393],[-0.164219,-0.0681251,-0.984069],[-0.88092,0.459023,0.115229]],[[-0.44386,-0.885809,0.135393],[0.41168,-0.335778,-0.847214],[-0.795932,0.320306,-0.513709]]],"btipPosition":[-10.8902,204.332,-3.09843],"carpPosition":[-11.6363,221.009,68.5021],"dipPosition":[-24.4477,209.788,-11.8487],"direction":[0.88092,-0.459023,-0.115229],"extended":false,"handId":404,"id":4044,"length":49.9151,"mcpPosition":[-47.1825,226.646,23.9135],"pipPosition":[-41.4743,218.66,-9.62154],"stabilizedTipPosition":[-12.8091,197.627,4.51416],"timeVisible":0.867814,"tipPosition":[-13.6144,206.805,-2.80511],"tipVelocity":[-41.6918,252.318,-241.904],"tool":false,"touchDistance":0.077437,"touchZone":"hovering","type":4,"width":15.8681}],"r":[[0.991833,-0.0557762,-0.114702],[0.0750868,0.982299,0.171615],[0.1031,-0.178826,0.978464]],"s":0.710791,"t":[-25.3938,136.016,-53.262],"timestamp":88654911285},false],[4,{"currentFrameRate":55.3128,"devices":[],"gestures":[],"hands":[{"armBasis":[[-0.842437,-0.528221,-0.106217],[-0.518645,0.74161,0.425468],[0.14597,-0.413519,0.898718]],"armWidth":62.9686,"confidence":0.536857,"direction":[-0.484603,0.365002,-0.794942],"elbow":[43.4041,119.561,310.188],"grabStrength":0,"id":404,"palmNormal":[0.437018,-0.686212,-0.581488],"palmPosition":[-13.8294,251.183,24.1894],"palmVelocity":[-5.6502,270.011,-106.984],"palmWidth":89.917,"pinchStrength":1,"r":[[0.993034,-0.0608224,-0.100919],[0.0768194,0.983617,0.163085],[0.0893461,-0.169701,0.981437]],"s":0.678147,"sphereCenter":[-9.54217,224.231,-15.4505],"sphereRadius":45.8256,"stabilizedPalmPosition":[-13.7695,249.687,24.6144],"t":[-25.5078,140.879,-55.1348],"timeVisible":0.885891,"type":"left","wrist":[4.45697,229.895,70.3959]}],"id":1410134,"interactionBox":{"center":[0,200,0],"size":[235.247,235.247,147.751]},"pointables":[{"bases":[[[-0.790357,0.431804,0.434605],[0.60351,0.670808,0.431036],[0.105414,-0.602961,0.790776]],[[-0.793902,0.555788,0.246616],[0.573942,0.818893,0.0021187],[0.200775,-0.143225,0.969111]],[[-0.793902,0.555788,0.246616],[0.48049,0.821994,-0.305705],[0.372624,0.124203,0.919633]],[[-0.793902,0.555788,0.246616],[0.362943,0.758563,-0.541161],[0.487845,0.340121,0.803944]]],"btipPosition":[-1.63481,234.076,-35.3806],"carpPosition":[32.1069,239.062,62.0035],"dipPosition":[9.64787,241.943,-16.7874],"direction":[-0.372624,-0.124203,-0.919633],"extended":false,"handId":404,"id":4040,"length":51.5018,"mcpPosition":[32.1069,239.062,62.0035],"pipPosition":[22.2029,246.127,14.1983],"stabilizedTipPosition":[1.55494,233.304,-29.9248],"timeVisible":0.885891,"tipPosition":[-1.71631,233.8,-29.6091],"tipVelocity":[-117.855,56.4885,-156.625],"tool":false,"touchDistance":-0.458866,"touchZone":"hovering","type":0,"width":20.0112},{"bases":[[[-0.828352,-0.558978,0.0370987],[-0.484176,0.747667,0.454497],[0.281791,-0.358521,0.889975]],[[-0.74748,-0.62345,0.229311],[-0.447461,0.727687,0.519855],[0.490971,-0.285973,0.822902]],[[-0.74748,-0.62345,0.229311],[-0.539746,0.771238,0.337441],[0.387231,-0.128461,0.912989]],[[-0.74748,-0.62345,0.229311],[-0.598648,0.781831,0.174243],[0.287915,0.00703332,0.95763]]],"btipPosition":[-42.9429,292.323,-71.4031],"carpPosition":[12.4988,251.167,66.2126],"dipPosition":[-38.0817,292.441,-55.2344],"direction":[-0.387231,0.128461,-0.912989],"extended":true,"handId":404,"id":4041,"length":58.114,"mcpPosition":[-7.98802,277.232,1.5096],"pipPosition":[-28.8326,289.373,-33.4273],"stabilizedTipPosition":[-41.8466,291.844,-67.6492],"timeVisible":0.885891,"tipPosition":[-41.2654,292.379,-67.2624],"tipVelocity":[-10.4075,359.545,-81.4357],"tool":false,"touchDistance":0.24489,"touchZone":"hovering","type":1,"width":19.1147},{"bases":[[[-0.687906,-0.721491,0.0789687],[-0.610944,0.634349,0.473655],[0.391831,-0.277585,0.877163]],[[-0.699438,-0.712769,0.0524145],[-0.652507,0.606938,-0.45372],[-0.291585,0.35155,0.889601]],[[-0.699438,-0.712769,0.0524145],[0.0240426,-0.0967629,-0.995017],[-0.714289,0.694692,-0.0848165]],[[-0.699438,-0.712769,0.0524145],[0.449234,-0.4955,-0.743417],[-0.555856,0.496427,-0.666772]]],"btipPosition":[18.8179,219.557,-21.1784],"carpPosition":[1.54923,245.905,66.9057],"dipPosition":[8.49541,228.776,-33.5606],"direction":[0.714289,-0.694692,0.0848165],"extended":false,"handId":404,"id":4042,"length":66.2163,"mcpPosition":[-25.4657,265.043,6.42943],"pipPosition":[-11.5769,248.298,-35.9441],"stabilizedTipPosition":[16.666,210.289,-10.5175],"timeVisible":0.885891,"tipPosition":[16.3779,222.025,-22.7084],"tipVelocity":[-17.1202,272.078,-215.841],"tool":false,"touchDistance":0.333333,"touchZone":"none","type":2,"width":18.7732},{"bases":[[[-0.574721,-0.800229,0.171257],[-0.645729,0.572008,0.505807],[0.502722,-0.180112,0.845476]],[[-0.593121,-0.792933,0.139518],[-0.778635,0.520859,-0.349906],[-0.204783,0.31617,0.926337]],[[-0.593121,-0.792933,0.139518],[-0.0960387,-0.102372,-0.990099],[-0.799365,0.600647,0.0154334]],[[-0.593121,-0.792933,0.139518],[0.418769,-0.45184,-0.787701],[-0.687634,0.408776,-0.600051]]],"btipPosition":[4.87933,211.177,-15.0098],"carpPosition":[-7.62236,237.978,67.5699],"dipPosition":[-7.81691,218.724,-26.0889],"direction":[0.799365,-0.600647,-0.0154334],"extended":false,"handId":404,"id":4043,"length":63.6687,"mcpPosition":[-38.7415,249.127,15.2339],"pipPosition":[-29.6998,235.167,-25.6664],"stabilizedTipPosition":[2.79505,202.204,-5.75226],"timeVisible":0.885891,"tipPosition":[1.95387,213.438,-16.2173],"tipVelocity":[-27.2111,267.575,-194.496],"tool":false,"touchDistance":0.333333,"touchZone":"none","type":3,"width":17.8639},{"bases":[[[-0.398028,-0.899135,0.182017],[-0.68029,0.422405,0.598982],[0.61545,-0.114587,0.779802]],[[-0.454275,-0.884328,0.107693],[-0.876113,0.421572,-0.233887],[-0.161432,0.2006,0.966281]],[[-0.454275,-0.884328,0.107693],[-0.168163,-0.0335911,-0.985187],[-0.874846,0.465656,0.133451]],[[-0.454275,-0.884328,0.107693],[0.408694,-0.314291,-0.856849],[-0.791583,0.345232,-0.504195]]],"btipPosition":[-11.4054,209.352,-5.2941],"carpPosition":[-12.1727,224.677,67.1448],"dipPosition":[-24.8889,215.233,-13.8823],"direction":[0.874846,-0.465656,-0.133451],"extended":false,"handId":404,"id":4044,"length":49.9151,"mcpPosition":[-47.4389,231.243,22.4611],"pipPosition":[-41.798,224.233,-11.3029],"stabilizedTipPosition":[-13.3382,201.703,0.841456],"timeVisible":0.885891,"tipPosition":[-14.0445,211.722,-5.02724],"tipVelocity":[-34.976,266.958,-183.689],"tool":false,"touchDistance":0.0697301,"touchZone":"hovering","type":4,"width":15.8681}],"r":[[0.993034,-0.0608224,-0.100919],[0.0768194,0.983617,0.163085],[0.0893461,-0.169701,0.981437]],"s":0.678147,"t":[-25.5078,140.879,-55.1348],"timestamp":88654929362},false],[5,{"currentFrameRate":55.2539,"devices":[],"gestures":[],"hands":[{"armBasis":[[-0.839038,-0.5351,-0.0983989],[-0.519867,0.735145,0.435087],[0.160478,-0.416209,0.894996]],"armWidth":62.9686,"confidence":0.555389,"direction":[-0.48091,0.37352,-0.793226],"elbow":[46.719,123.084,307.416],"grabStrength":0,"id":404,"palmNormal":[0.44071,-0.679134,-0.586986],"palmPosition":[-14.171,255.928,22.5619],"palmVelocity":[-11.89,264.882,-98.3255],"palmWidth":89.917,"pinchStrength":1,"r":[[0.993955,-0.0643304,-0.0889626],[0.0778972,0.984268,0.158584],[0.0773613,-0.164555,0.983329]],"s":0.654803,"sphereCenter":[-9.84006,229.185,-17.3623],"sphereRadius":45.9242,"stabilizedPalmPosition":[-14.0923,254.705,22.9644],"t":[-25.7356,145.684,-56.8849],"timeVisible":0.904193,"type":"left","wrist":[3.90093,234.136,68.6171]}],"id":1410135,"interactionBox":{"center":[0,200,0],"size":[235.247,235.247,147.751]},"pointables":[{"bases":[[[-0.793024,0.426059,0.435415],[0.60059,0.666472,0.441709],[0.101998,-0.611792,0.784415]],[[-0.795759,0.552024,0.249072],[0.572821,0.819566,0.0136805],[0.196579,-0.15356,0.968388]],[[-0.795759,0.552024,0.249072],[0.481138,0.82603,-0.293565],[0.367796,0.113769,0.922921]],[[-0.795759,0.552024,0.249072],[0.364827,0.765227,-0.530404],[0.483392,0.331206,0.81033]]],"btipPosition":[-1.68525,239.507,-37.1357],"carpPosition":[31.5838,243.425,60.4713],"dipPosition":[9.49446,247.167,-18.3947],"direction":[-0.367796,-0.113769,-0.922921],"extended":false,"handId":404,"id":4040,"length":51.5018,"mcpPosition":[31.5838,243.425,60.4713],"pipPosition":[21.8868,251,12.7017],"stabilizedTipPosition":[1.18897,237.662,-31.5118],"timeVisible":0.904193,"tipPosition":[-1.71297,239.222,-31.4059],"tipVelocity":[-63.2961,170.417,-126.621],"tool":false,"touchDistance":-0.467129,"touchZone":"hovering","type":0,"width":20.0112},{"bases":[[[-0.827943,-0.560185,0.0265044],[-0.487282,0.741979,0.46046],[0.277608,-0.368319,0.887285]],[[-0.747191,-0.627174,0.219906],[-0.450011,0.720919,0.527035],[0.489077,-0.294835,0.820899]],[[-0.747191,-0.627174,0.219906],[-0.542339,0.766637,0.34371],[0.384154,-0.137553,0.912965]],[[-0.747191,-0.627174,0.219906],[-0.600939,0.778877,0.179509],[0.283863,-0.00197741,0.958863]]],"btipPosition":[-42.9736,298.076,-72.6386],"carpPosition":[11.9417,255.462,64.7168],"dipPosition":[-38.1808,298.042,-56.449],"direction":[-0.384154,0.137553,-0.912965],"extended":true,"handId":404,"id":4041,"length":58.114,"mcpPosition":[-8.24099,282.239,0.209382],"pipPosition":[-29.0051,294.757,-34.6425],"stabilizedTipPosition":[-41.8698,297.721,-68.8444],"timeVisible":0.904193,"tipPosition":[-41.2951,298.106,-68.5389],"tipVelocity":[-6.63311,336.956,-74.631],"tool":false,"touchDistance":0.249292,"touchZone":"hovering","type":1,"width":19.1147},{"bases":[[[-0.687543,-0.723023,0.067248],[-0.614027,0.628325,0.47768],[0.387627,-0.287134,0.875956]],[[-0.69908,-0.7139,0.0404186],[-0.651922,0.613127,-0.446176],[-0.293743,0.338263,0.894032]],[[-0.69908,-0.7139,0.0404186],[0.0253248,-0.0812104,-0.996375],[-0.714595,0.695523,-0.0748519]],[[-0.69908,-0.7139,0.0404186],[0.451114,-0.484195,-0.749701],[-0.554782,0.505867,-0.660542]]],"btipPosition":[18.6442,224.927,-23.3137],"carpPosition":[0.994275,250.181,65.2939],"dipPosition":[8.34167,234.321,-35.5802],"direction":[0.714595,-0.695523,0.0748519],"extended":false,"handId":404,"id":4042,"length":66.2163,"mcpPosition":[-25.7308,269.978,4.90087],"pipPosition":[-11.7392,253.866,-37.6837],"stabilizedTipPosition":[16.5465,215.419,-15.287],"timeVisible":0.904193,"tipPosition":[16.2455,227.36,-24.8184],"tipVelocity":[-13.3418,283.343,-167.601],"tool":false,"touchDistance":0.333333,"touchZone":"none","type":2,"width":18.7732},{"bases":[[[-0.57475,-0.802691,0.159217],[-0.64891,0.565589,0.508944],[0.498576,-0.189198,0.845947]],[[-0.59323,-0.794945,0.127046],[-0.777871,0.525383,-0.344802],[-0.207351,0.303373,0.930038]],[[-0.59323,-0.794945,0.127046],[-0.0939863,-0.0883449,-0.991646],[-0.799528,0.600215,0.0223051]],[[-0.59323,-0.794945,0.127046],[0.421734,-0.441308,-0.792078],[-0.685725,0.416305,-0.597053]]],"btipPosition":[4.66864,216.438,-17.1946],"carpPosition":[-8.17226,242.238,65.8212],"dipPosition":[-7.99236,224.124,-28.2184],"direction":[0.799528,-0.600215,-0.0223051],"extended":false,"handId":404,"id":4043,"length":63.6687,"mcpPosition":[-39.0348,253.95,13.4559],"pipPosition":[-29.8797,240.555,-27.6078],"stabilizedTipPosition":[2.45092,207.507,-10.3843],"timeVisible":0.904193,"tipPosition":[1.78705,218.659,-18.4084],"tipVelocity":[-19.4725,277.94,-158.149],"tool":false,"touchDistance":0.301816,"touchZone":"hovering","type":3,"width":17.8639},{"bases":[[[-0.39801,-0.901537,0.169761],[-0.683791,0.414904,0.600237],[0.611571,-0.122819,0.781599]],[[-0.460697,-0.8834,0.0858089],[-0.873226,0.433831,-0.221962],[-0.158855,0.177188,0.971272]],[[-0.460697,-0.8834,0.0858089],[-0.171814,-0.00608663,-0.985111],[-0.870769,0.468581,0.148976]],[[-0.460697,-0.8834,0.0858089],[0.407807,-0.296556,-0.863567],[-0.788322,0.36285,-0.496879]]],"btipPosition":[-11.9412,214.547,-7.91918],"carpPosition":[-12.7064,228.938,65.2218],"dipPosition":[-25.3692,220.728,-16.3828],"direction":[0.870769,-0.468581,-0.148976],"extended":false,"handId":404,"id":4044,"length":49.9151,"mcpPosition":[-47.7502,235.976,20.4351],"pipPosition":[-42.1995,229.785,-13.5033],"stabilizedTipPosition":[-13.9874,207.178,-3.2681],"timeVisible":0.904193,"tipPosition":[-14.4936,216.806,-7.69679],"tipVelocity":[-31.9084,276.862,-163.638],"tool":false,"touchDistance":0.0649988,"touchZone":"hovering","type":4,"width":15.8681}],"r":[[0.993955,-0.0643304,-0.0889626],[0.0778972,0.984268,0.158584],[0.0773613,-0.164555,0.983329]],"s":0.654803,"t":[-25.7356,145.684,-56.8849],"timestamp":88654947664},false],[6,{"currentFrameRate":55.32,"devices":[],"gestures":[],"hands":[{"armBasis":[[-0.83926,-0.53653,-0.0881996],[-0.515157,0.73273,0.444657],[0.173945,-0.418619,0.891348]],"armWidth":62.9686,"confidence":0.570582,"direction":[-0.477186,0.394496,-0.785281],"elbow":[49.8767,125.31,304.885],"grabStrength":0,"id":404,"palmNormal":[0.434092,-0.671145,-0.60094],"palmPosition":[-14.3898,259.919,21.4662],"palmVelocity":[-12.0636,245.423,-80.9337],"palmWidth":89.917,"pinchStrength":1,"r":[[0.994454,-0.0686625,-0.0796693],[0.080681,0.983967,0.159056],[0.0674708,-0.164601,0.98405]],"s":0.637673,"sphereCenter":[-10.6142,233.572,-19.0039],"sphereRadius":46.0666,"stabilizedPalmPosition":[-14.3391,259.031,21.7212],"t":[-25.9589,150.081,-58.3078],"timeVisible":0.922041,"type":"left","wrist":[3.46535,237.004,67.0592]}],"id":1410136,"interactionBox":{"center":[0,200,0],"size":[235.247,235.247,147.751]},"pointables":[{"bases":[[[-0.788852,0.424707,0.444226],[0.607045,0.651312,0.455291],[0.0959646,-0.628822,0.771605]],[[-0.790351,0.554471,0.260591],[0.580714,0.813546,0.030241],[0.195235,-0.17523,0.964976]],[[-0.790351,0.554471,0.260591],[0.489284,0.827236,-0.276191],[0.36871,0.0907847,0.925101]],[[-0.790351,0.554471,0.260591],[0.37216,0.772383,-0.514705],[0.486665,0.309816,0.816806]]],"btipPosition":[-2.07102,244.609,-38.5588],"carpPosition":[31.2382,246.189,59.1031],"dipPosition":[9.18437,251.774,-19.668],"direction":[-0.36871,-0.0907847,-0.925101],"extended":false,"handId":404,"id":4040,"length":51.5018,"mcpPosition":[31.2382,246.189,59.1031],"pipPosition":[21.6075,254.833,11.5019],"stabilizedTipPosition":[0.787088,242.808,-33.1296],"timeVisible":0.922041,"tipPosition":[-2.06032,244.237,-32.8562],"tipVelocity":[-43.2084,221.773,-103.631],"tool":false,"touchDistance":-0.469579,"touchZone":"hovering","type":0,"width":20.0112},{"bases":[[[-0.833379,-0.552498,0.0150479],[-0.480039,0.737041,0.475745],[0.273939,-0.389252,0.879455]],[[-0.752311,-0.624816,0.208885],[-0.442416,0.714076,0.542553],[0.488155,-0.315754,0.813636]],[[-0.752311,-0.624816,0.208885],[-0.535394,0.764598,0.358809],[0.383903,-0.1581,0.909738]],[[-0.752311,-0.624816,0.208885],[-0.594432,0.780475,0.193673],[0.284039,-0.0215341,0.958571]]],"btipPosition":[-42.892,304.171,-72.7969],"carpPosition":[11.7144,258.327,63.5989],"dipPosition":[-38.0962,303.808,-56.6122],"direction":[-0.383903,0.1581,-0.909738],"extended":true,"handId":404,"id":4041,"length":58.114,"mcpPosition":[-8.20155,286.626,-0.339276],"pipPosition":[-28.9266,300.032,-34.8828],"stabilizedTipPosition":[-41.7923,303.821,-69.0648],"timeVisible":0.922041,"tipPosition":[-41.2014,304.156,-68.7355],"tipVelocity":[-1.33881,337.112,-43.6925],"tool":false,"touchDistance":0.266946,"touchZone":"hovering","type":1,"width":19.1147},{"bases":[[[-0.694579,-0.717505,0.0524023],[-0.60789,0.624299,0.490633],[0.384746,-0.308928,0.869789]],[[-0.706085,-0.707663,0.0256225],[-0.646399,0.629338,-0.431397],[-0.289158,0.321165,0.901798]],[[-0.706085,-0.707663,0.0256225],[0.0236545,-0.0597341,-0.997934],[-0.707732,0.70402,-0.0589168]],[[-0.706085,-0.707663,0.0256225],[0.446381,-0.472892,-0.759682],[-0.549716,0.524963,-0.64979]]],"btipPosition":[18.059,229.611,-25.1315],"carpPosition":[0.715822,253.143,64.0683],"dipPosition":[7.85059,239.36,-37.1983],"direction":[0.707732,-0.70402,0.0589168],"extended":false,"handId":404,"id":4042,"length":66.2163,"mcpPosition":[-25.8106,274.442,4.10048],"pipPosition":[-12.0374,259.144,-38.854],"stabilizedTipPosition":[16.2222,221.799,-20.186],"timeVisible":0.922041,"tipPosition":[15.7105,232.064,-26.6228],"tipVelocity":[-21.9271,275.675,-135.426],"tool":false,"touchDistance":0.333333,"touchZone":"none","type":2,"width":18.7732},{"bases":[[[-0.582575,-0.800153,0.142692],[-0.643387,0.561275,0.5206],[0.496649,-0.211482,0.841793]],[[-0.601307,-0.791396,0.1101],[-0.774261,0.543084,-0.324929],[-0.197354,0.280628,0.939308]],[[-0.601307,-0.791396,0.1101],[-0.103094,-0.0597979,-0.992873],[-0.792339,0.608372,0.0456311]],[[-0.601307,-0.791396,0.1101],[0.412658,-0.425582,-0.805353],[-0.684209,0.438831,-0.582482]]],"btipPosition":[3.76615,221.224,-19.6427],"carpPosition":[-8.52792,245.281,64.4328],"dipPosition":[-8.86687,229.327,-30.3975],"direction":[0.792339,-0.608372,-0.0456311],"extended":false,"handId":404,"id":4043,"length":63.6687,"mcpPosition":[-39.2711,258.372,12.3247],"pipPosition":[-30.5574,245.981,-29.1483],"stabilizedTipPosition":[1.81082,213.778,-15.1063],"timeVisible":0.922041,"tipPosition":[0.999591,223.411,-20.742],"tipVelocity":[-33.9445,275.868,-146.635],"tool":false,"touchDistance":0.271749,"touchZone":"hovering","type":3,"width":17.8639},{"bases":[[[-0.40681,-0.900918,0.151168],[-0.679744,0.409086,0.608767],[0.61029,-0.144897,0.778813]],[[-0.474297,-0.878277,0.0605972],[-0.867183,0.454221,-0.204151],[-0.151777,0.149377,0.977062]],[[-0.474297,-0.878277,0.0605972],[-0.177754,0.0281236,-0.983673],[-0.862233,0.477325,0.169456]],[[-0.474297,-0.878277,0.0605972],[0.401083,-0.276845,-0.873206],[-0.783693,0.389855,-0.483569]]],"btipPosition":[-12.8444,219.257,-10.2466],"carpPosition":[-13.1917,232.041,63.5596],"dipPosition":[-26.1934,225.898,-18.4835],"direction":[0.862233,-0.477325,-0.169456],"extended":false,"handId":404,"id":4044,"length":49.9151,"mcpPosition":[-48.1622,240.343,18.9325],"pipPosition":[-42.8588,235.124,-15.2082],"stabilizedTipPosition":[-14.8482,213.256,-7.23132],"timeVisible":0.922041,"tipPosition":[-15.3243,221.453,-10.0498],"tipVelocity":[-40.2325,273.548,-146.612],"tool":false,"