{"sensorType":"Leap","data":[[0,{"currentFrameRate":49.2207,"devices":[],"gestures":[],"hands":[{"armBasis":[[0.917768,-0.0447936,-0.394584],[0.274324,0.789955,0.548377],[0.28714,-0.611526,0.737283]],"armWidth":62.9686,"confidence":0.727726,"direction":[0.055747,0.466902,-0.88255],"elbow":[68.2578,107.605,278.633],"grabStrength":0,"id":405,"palmNormal":[-0.281295,-0.840775,-0.462569],"palmPosition":[-13.7982,294.161,33.4796],"palmVelocity":[-14.2961,161.059,-225.69],"palmWidth":89.917,"pinchStrength":1,"r":[[0.961955,-0.268426,0.0508932],[0.268674,0.963229,0.00203704],[-0.0495686,0.0117141,0.998702]],"s":0.712168,"sphereCenter":[-36.4503,270.129,-3.31086],"sphereRadius":45.2558,"stabilizedPalmPosition":[-12.9575,272.657,60.913],"t":[37.7599,36.676,-207.35],"timeVisible":1.19249,"type":"right","wrist":[-8.35568,270.77,81.9138]}],"id":1410420,"interactionBox":{"center":[0,200,0],"size":[235.247,235.247,147.751]},"pointables":[{"bases":[[[0.647973,0.732845,0.207531],[-0.66695,0.41434,0.619274],[0.367843,-0.539686,0.757252]],[[0.490565,0.869755,-0.0535989],[-0.850851,0.491367,0.186038],[0.188145,-0.0456592,0.981079]],[[0.490565,0.869755,-0.0535989],[-0.867178,0.493312,0.0681655],[0.0857283,0.0130402,0.996233]],[[0.490565,0.869755,-0.0535989],[-0.827801,0.445922,-0.340441],[-0.272199,0.211377,0.938737]]],"btipPosition":[-44.4092,264.863,-21.332],"carpPosition":[-38.535,267.938,82.341],"dipPosition":[-50.7045,269.751,0.378748],"direction":[-0.0857283,-0.0130402,-0.996233],"extended":false,"handId":405,"id":4050,"length":51.5018,"mcpPosition":[-38.535,267.938,82.341],"pipPosition":[-47.816,270.191,33.9454],"stabilizedTipPosition":[-46.1144,253.946,-0.84393],"timeVisible":1.19249,"tipPosition":[-47.961,266.546,-16.0481],"tipVelocity":[-2.26348,150.937,-217.471],"tool":false,"touchDistance":-0.856093,"touchZone":"hovering","type":0,"width":20.0112},{"bases":[[[0.953761,-0.19176,-0.231449],[0.262475,0.906576,0.330496],[0.14645,-0.375964,0.914988]],[[0.960004,-0.210743,-0.184337],[0.24185,0.955884,0.166714],[0.141071,-0.204628,0.968621]],[[0.960004,-0.210743,-0.184337],[0.222469,0.973892,0.0451905],[0.170001,-0.0843923,0.981824]],[[0.960004,-0.210743,-0.184337],[0.2055,0.977512,-0.047322],[0.190164,0.00754816,0.981723]]],"btipPosition":[-48.7825,324.847,-66.3982],"carpPosition":[-24.8747,286.938,81.2735],"dipPosition":[-45.5717,324.974,-49.8227],"direction":[-0.170001,0.0843923,-0.981824],"extended":true,"handId":405,"id":4051,"length":58.114,"mcpPosition":[-35.5219,314.271,14.752],"pipPosition":[-41.5112,322.958,-26.3715],"stabilizedTipPosition":[-46.124,318.011,-54.853],"timeVisible":1.19249,"tipPosition":[-47.4851,323.408,-62.7452],"tipVelocity":[-60.6328,178.198,-211.054],"tool":false,"touchDistance":-0.662636,"touchZone":"hovering","type":1,"width":19.1147},{"bases":[[[0.905964,-0.392512,-0.158631],[0.423092,0.852631,0.306617],[0.0149027,-0.344899,0.938521]],[[0.906013,-0.402408,-0.13118],[0.291792,0.818364,-0.495114],[0.306591,0.410302,0.858868]],[[0.906013,-0.402408,-0.13118],[-0.23555,-0.221888,-0.946194],[0.351648,0.888163,-0.29582]],[[0.906013,-0.402408,-0.13118],[-0.415306,-0.785467,-0.45887],[0.0816153,0.470222,-0.878766]]],"btipPosition":[-40.0661,256.918,-2.47343],"carpPosition":[-13.0378,286.373,78.5109],"dipPosition":[-38.5505,265.651,-18.7925],"direction":[-0.351648,-0.888163,0.29582],"extended":false,"handId":405,"id":4052,"length":66.2163,"mcpPosition":[-14.0653,310.152,13.8043],"pipPosition":[-28.6688,290.609,-27.1053],"stabilizedTipPosition":[-37.8784,244.905,13.172],"timeVisible":1.19249,"tipPosition":[-39.6506,258.539,-4.8615],"tipVelocity":[-22.1465,158.492,-227.557],"tool":false,"touchDistance":0.333333,"touchZone":"none","type":2,"width":18.7732},{"bases":[[[0.863793,-0.502139,-0.0414504],[0.486998,0.810979,0.324262],[-0.129209,-0.300281,0.945059]],[[0.856317,-0.516421,0.00549536],[0.453231,0.746352,-0.487382],[0.247592,0.419844,0.873172]],[[0.856317,-0.516421,0.00549536],[-0.142018,-0.245696,-0.958887],[0.496539,0.820331,-0.283735]],[[0.856317,-0.516421,0.00549536],[-0.451413,-0.753608,-0.47781],[0.250892,0.406676,-0.878446]]],"btipPosition":[-22.8878,252.755,3.03981],"carpPosition":[-1.72881,282.67,76.1064],"dipPosition":[-18.2554,260.263,-13.1795],"direction":[-0.496539,-0.820331,0.283735],"extended":false,"handId":405,"id":4053,"length":63.6687,"mcpPosition":[6.2694,301.257,17.606],"pipPosition":[-4.66247,282.72,-20.9469],"stabilizedTipPosition":[-19.379,233.143,30.0449],"timeVisible":1.19249,"tipPosition":[-21.9975,254.135,1.06801],"tipVelocity":[-15.1081,164.197,-246.793],"tool":false,"touchDistance":0.333333,"touchZone":"none","type":3,"width":17.8639},{"bases":[[[0.750613,-0.660567,0.0152046],[0.602079,0.693269,0.396079],[-0.272177,-0.288147,0.918091]],[[0.664604,-0.710071,0.232595],[0.710979,0.505231,-0.489132],[0.229804,0.490449,0.840625]],[[0.664604,-0.710071,0.232595],[-0.072791,-0.371338,-0.92564],[0.743641,0.598253,-0.29848]],[[0.664604,-0.710071,0.232595],[-0.560601,-0.679663,-0.473058],[0.493991,0.184003,-0.849774]]],"btipPosition":[-7.90645,256.838,12.0008],"carpPosition":[7.31489,272.162,73.7383],"dipPosition":[0.507965,259.973,-2.47383],"direction":[-0.743641,-0.598253,0.29848],"extended":false,"handId":405,"id":4054,"length":49.9151,"mcpPosition":[22.911,288.673,21.1304],"pipPosition":[14.8812,271.536,-8.2429],"stabilizedTipPosition":[-3.56161,231.479,46.5976],"timeVisible":1.19249,"tipPosition":[-6.36741,257.514,10.1555],"tipVelocity":[-7.03177,161.326,-252.239],"tool":false,"touchDistance":0.333333,"touchZone":"none","type":4,"width":15.8681}],"r":[[0.961955,-0.268426,0.0508932],[0.268674,0.963229,0.00203704],[-0.0495686,0.0117141,0.998702]],"s":0.712168,"t":[37.7599,36.676,-207.35],"timestamp":88660298029},false],[1,{"currentFrameRate":49.7033,"devices":[],"gestures":[],"hands":[{"armBasis":[[0.914865,-0.0635768,-0.398722],[0.28557,0.800004,0.527677],[0.285432,-0.596616,0.750052]],"armWidth":62.9686,"confidence":0.728037,"direction":[0.0521027,0.477737,-0.876956],"elbow":[67.6093,113.056,277.573],"grabStrength":0,"id":405,"palmNormal":[-0.289618,-0.83318,-0.471097],"palmPosition":[-14.2038,296.278,29.3544],"palmVelocity":[-18.0832,139.449,-225.769],"palmWidth":89.917,"pinchStrength":1,"r":[[0.960867,-0.273809,0.0419841],[0.273898,0.961752,0.00372491],[-0.0413982,0.00792021,0.999111]],"s":0.709436,"sphereCenter":[-38.7265,273.727,-7.37558],"sphereRadius":45.542,"stabilizedPalmPosition":[-13.041,274.239,58.7992],"t":[37.4212,39.2972,-211.596],"timeVisible":1.21076,"type":"right","wrist":[-8.54845,272.243,77.4474]}],"id":1410421,"interactionBox":{"center":[0,200,0],"size":[235.247,235.247,147.751]},"pointables":[{"bases":[[[0.653789,0.726362,0.212031],[-0.659973,0.410323,0.629341],[0.370129,-0.551392,0.747644]],[[0.496686,0.8668,-0.0442817],[-0.84758,0.495392,0.190249],[0.186845,-0.0569618,0.980737]],[[0.496686,0.8668,-0.0442817],[-0.863837,0.498649,0.0716517],[0.0841887,0.00266373,0.996446]],[[0.496686,0.8668,-0.0442817],[-0.826306,0.45664,-0.329693],[-0.265557,0.200344,0.943049]]],"btipPosition":[-44.6519,267.669,-25.7029],"carpPosition":[-38.7402,269.582,78.0601],"dipPosition":[-50.7936,272.302,-3.89243],"direction":[-0.0841887,-0.00266373,-0.996446],"extended":false,"handId":405,"id":4050,"length":51.5018,"mcpPosition":[-38.7402,269.582,78.0601],"pipPosition":[-47.957,272.392,29.6814],"stabilizedTipPosition":[-46.1096,255.353,-2.73207],"timeVisible":1.21076,"tipPosition":[-48.1485,269.306,-20.3674],"tipVelocity":[-6.61543,150.684,-227.322],"tool":false,"touchDistance":-0.864037,"touchZone":"hovering","type":0,"width":20.0112},{"bases":[[[0.950904,-0.19436,-0.240845],[0.270229,0.900761,0.340008],[0.15086,-0.388398,0.909059]],[[0.957086,-0.212914,-0.196607],[0.249237,0.950893,0.18353],[0.147876,-0.224655,0.963153]],[[0.957086,-0.212914,-0.196607],[0.229041,0.971374,0.0630367],[0.177557,-0.105363,0.978454]],[[0.957086,-0.212914,-0.196607],[0.211358,0.976975,-0.0291087],[0.198277,-0.0136949,0.98005]]],"btipPosition":[-49.8104,329.036,-69.7668],"carpPosition":[-24.9757,288.513,77.133],"dipPosition":[-46.4627,328.805,-53.2195],"direction":[-0.177557,0.105363,-0.978454],"extended":true,"handId":405,"id":4051,"length":58.114,"mcpPosition":[-35.9435,316.751,11.0426],"pipPosition":[-42.2216,326.288,-29.8488],"stabilizedTipPosition":[-46.9478,321.11,-57.9906],"timeVisible":1.21076,"tipPosition":[-48.5293,327.477,-66.1514],"tipVelocity":[-57.7224,200.534,-198.478],"tool":false,"touchDistance":-0.675331,"touchZone":"hovering","type":1,"width":19.1147},{"bases":[[[0.902449,-0.395738,-0.170224],[0.430346,0.846189,0.314271],[0.0196724,-0.356869,0.933947]],[[0.902638,-0.406056,-0.142702],[0.293998,0.823847,-0.484604],[0.314341,0.395468,0.863015]],[[0.902638,-0.406056,-0.142702],[-0.24243,-0.205708,-0.94811],[0.35563,0.890395,-0.28412]],[[0.902638,-0.406056,-0.142702],[-0.423032,-0.775906,-0.46799],[0.0793062,0.482793,-0.872136]]],"btipPosition":[-40.958,259.696,-7.04168],"carpPosition":[-13.1627,287.915,74.2767],"dipPosition":[-39.4853,268.661,-23.2376],"direction":[-0.35563,-0.890395,0.28412],"extended":false,"handId":405,"id":4052,"length":66.2163,"mcpPosition":[-14.519,312.519,9.88545],"pipPosition":[-29.4917,293.682,-31.2217],"stabilizedTipPosition":[-38.1437,246.536,10.8548],"timeVisible":1.21076,"tipPosition":[-40.5484,261.358,-9.4291],"tipVelocity":[-35.1803,156.823,-237.611],"tool":false,"touchDistance":0.333333,"touchZone":"none","type":2,"width":18.7732},{"bases":[[[0.860482,-0.506597,-0.0541341],[0.49413,0.803945,0.330919],[-0.124122,-0.311499,0.942105]],[[0.853256,-0.521441,-0.00728335],[0.456291,0.753265,-0.473699],[0.252492,0.400863,0.880657]],[[0.853256,-0.521441,-0.00728335],[-0.145461,-0.224566,-0.963541],[0.500794,0.823207,-0.267462]],[[0.853256,-0.521441,-0.00728335],[-0.457414,-0.741634,-0.490665],[0.250451,0.421994,-0.871318]]],"btipPosition":[-23.6921,255.432,-2.04865],"carpPosition":[-1.89358,284.176,71.7427],"dipPosition":[-19.0679,263.224,-18.1364],"direction":[-0.500794,-0.823207,0.267462],"extended":false,"handId":405,"id":4053,"length":63.6687,"mcpPosition":[5.78971,303.459,13.4252],"pipPosition":[-5.35851,285.759,-25.4582],"stabilizedTipPosition":[-19.5912,234.715,27.7079],"timeVisible":1.21076,"tipPosition":[-22.8013,256.851,-4.00395],"tipVelocity":[-29.0067,157.479,-261.221],"tool":false,"touchDistance":0.333333,"touchZone":"none","type":3,"width":17.8639},{"bases":[[[0.74678,-0.665069,0.00133991],[0.609031,0.684664,0.400394],[-0.267207,-0.298191,0.916342]],[[0.662485,-0.716699,0.217845],[0.7102,0.508484,-0.486888],[0.238181,0.47727,0.845862]],[[0.662485,-0.716699,0.217845],[-0.0806384,-0.357363,-0.930478],[0.744722,0.598861,-0.294541]],[[0.662485,-0.716699,0.217845],[-0.567134,-0.669884,-0.47918],[0.489359,0.193902,-0.850253]]],"btipPosition":[-8.67051,259.179,7.28728],"carpPosition":[7.07033,273.647,69.1755],"dipPosition":[-0.334997,262.482,-7.19552],"direction":[-0.744722,-0.598861,0.294541],"extended":false,"handId":405,"id":4054,"length":49.9151,"mcpPosition":[22.3817,290.734,16.6679],"pipPosition":[14.0591,274.057,-12.8885],"stabilizedTipPosition":[-3.71798,232.873,44.5086],"timeVisible":1.21076,"tipPosition":[-7.12847,259.885,5.3989],"tipVelocity":[-24.167,146.465,-255.077],"tool":false,"touchDistance":0.333333,"touchZone":"none","type":4,"width":15.8681}],"r":[[0.960867,-0.273809,0.0419841],[0.273898,0.961752,0.00372491],[-0.0413982,0.00792021,0.999111]],"s":0.709436,"t":[37.4212,39.2972,-211.596],"timestamp":88660316294},false],[2,{"currentFrameRate":50.2187,"devices":[],"gestures":[],"hands":[{"armBasis":[[0.915618,-0.0634959,-0.397005],[0.285598,0.797731,0.531092],[0.282981,-0.599661,0.748551]],"armWidth":62.9686,"confidence":0.654849,"direction":[0.0472055,0.480079,-0.875954],"elbow":[66.6855,114.013,273.98],"grabStrength":0,"id":405,"palmNormal":[-0.289529,-0.832711,-0.471981],"palmPosition":[-14.7367,298.154,26.2471],"palmVelocity":[-23.5706,122.932,-200.863],"palmWidth":89.917,"pinchStrength":1,"r":[[0.960092,-0.277622,0.0338971],[0.277606,0.960681,0.00529288],[-0.0340337,0.00432836,0.999411]],"s":0.707108,"sphereCenter":[-40.6347,276.387,-10.2417],"sphereRadius":45.8303,"stabilizedPalmPosition":[-13.1316,275.517,57.0606],"t":[36.9853,41.546,-215.273],"timeVisible":1.22871,"type":"right","wrist":[-8.81831,274.012,74.2548]}],"id":1410422,"interactionBox":{"center":[0,200,0],"size":[235.247,235.247,147.751]},"pointables":[{"bases":[[[0.652867,0.727459,0.211111],[-0.658328,0.40708,0.633159],[0.374658,-0.552349,0.744676]],[[0.49544,0.867594,-0.0426721],[-0.848957,0.494026,0.187643],[0.183879,-0.0567392,0.98131]],[[0.49544,0.867594,-0.0426721],[-0.865081,0.497256,0.0661086],[0.0785743,0.00416201,0.9969]],[[0.49544,0.867594,-0.0426721],[-0.827549,0.456501,-0.326756],[-0.264012,0.197201,0.944145]]],"btipPosition":[-44.6125,269.372,-28.8438],"carpPosition":[-39.0004,271.274,74.9881],"dipPosition":[-50.7184,273.933,-7.00797],"direction":[-0.0785743,-0.00416201,-0.9969],"extended":false,"handId":405,"id":4050,"length":51.5018,"mcpPosition":[-39.0004,271.274,74.9881],"pipPosition":[-48.071,274.073,26.5811],"stabilizedTipPosition":[-46.1029,256.441,-4.25444],"timeVisible":1.22871,"tipPosition":[-48.0787,271.001,-23.4945],"tipVelocity":[-2.2323,123.858,-202.414],"tool":false,"touchDistance":-0.852992,"touchZone":"hovering","type":0,"width":20.0112},{"bases":[[[0.950359,-0.191371,-0.245347],[0.269418,0.900573,0.341147],[0.155667,-0.390313,0.907427]],[[0.956563,-0.209293,-0.202936],[0.248123,0.949941,0.189858],[0.153041,-0.231965,0.96061]],[[0.956563,-0.209293,-0.202936],[0.227255,0.971359,0.0694045],[0.182598,-0.112508,0.976729]],[[0.956563,-0.209293,-0.202936],[0.209039,0.977638,-0.022934],[0.203198,-0.0204837,0.978923]]],"btipPosition":[-50.8942,331.5,-72.562],"carpPosition":[-25.2872,290.242,74.0509],"dipPosition":[-47.4634,331.154,-56.0338],"direction":[-0.182598,0.112508,-0.976729],"extended":true,"handId":405,"id":4051,"length":58.114,"mcpPosition":[-36.6045,318.618,8.07918],"pipPosition":[-43.102,328.467,-32.7042],"stabilizedTipPosition":[-47.7917,323.866,-60.8692],"timeVisible":1.22871,"tipPosition":[-49.6254,329.914,-68.9617],"tipVelocity":[-58.4748,169.909,-178.372],"tool":false,"touchDistance":-0.678125,"touchZone":"hovering","type":1,"width":19.1147},{"bases":[[[0.902705,-0.393048,-0.175033],[0.429561,0.846467,0.314597],[0.0245084,-0.359176,0.932948]],[[0.903035,-0.403492,-0.147382],[0.290662,0.826566,-0.48198],[0.316296,0.392407,0.863698]],[[0.903035,-0.403492,-0.147382],[-0.244908,-0.201725,-0.948329],[0.352913,0.892469,-0.280983]],[[0.903035,-0.403492,-0.147382],[-0.422891,-0.774792,-0.469958],[0.0754344,0.486716,-0.870297]]],"btipPosition":[-41.5585,261.635,-10.261],"carpPosition":[-13.4849,289.68,71.1433],"dipPosition":[-40.1577,270.673,-26.4228],"direction":[-0.352913,-0.892469,0.280983],"extended":false,"handId":405,"id":4052,"length":66.2163,"mcpPosition":[-15.1747,314.444,6.82094],"pipPosition":[-30.2405,295.753,-34.3187],"stabilizedTipPosition":[-38.3862,247.883,8.9073],"timeVisible":1.22871,"tipPosition":[-41.1621,263.316,-12.6651],"tipVelocity":[-34.799,134.19,-209.851],"tool":false,"touchDistance":0.333333,"touchZone":"none","type":2,"width":18.7732},{"bases":[[[0.861505,-0.504304,-0.0590489],[0.49352,0.804341,0.330868],[-0.119362,-0.314186,0.941828]],[[0.854515,-0.519283,-0.0122087],[0.45261,0.75592,-0.473],[0.25485,0.39866,0.880978]],[[0.854515,-0.519283,-0.0122087],[-0.148349,-0.221458,-0.96382],[0.497792,0.82541,-0.266274]],[[0.854515,-0.519283,-0.0122087],[-0.457331,-0.74101,-0.491683],[0.246276,0.425734,-0.870689]]],"btipPosition":[-24.2553,257.367,-5.28019],"carpPosition":[-2.21736,285.977,68.5523],"dipPosition":[-19.7082,265.227,-21.3563],"direction":[-0.497792,-0.82541,0.266274],"extended":false,"handId":405,"id":4053,"length":63.6687,"mcpPosition":[5.17132,305.425,10.2519],"pipPosition":[-6.08098,287.823,-28.6456],"stabilizedTipPosition":[-19.7846,236.023,25.7473],"timeVisible":1.22871,"tipPosition":[-23.3678,258.81,-7.28579],"tipVelocity":[-30.5932,134.386,-222.755],"tool":false,"touchDistance":0.333333,"touchZone":"none","type":3,"width":17.8639},{"bases":[[[0.748434,-0.6632,-0.00349742],[0.60901,0.685173,0.399555],[-0.262589,-0.301171,0.916702]],[[0.665667,-0.715434,0.212231],[0.706834,0.513269,-0.486766],[0.239317,0.474036,0.847359]],[[0.665667,-0.715434,0.212231],[-0.0818832,-0.352705,-0.932145],[0.741743,0.60312,-0.293366]],[[0.665667,-0.715434,0.212231],[-0.56621,-0.669467,-0.480854],[0.4861,0.199921,-0.850728]]],"btipPosition":[-9.17028,261.107,3.94483],"carpPosition":[6.76183,275.476,65.9207],"dipPosition":[-0.890271,264.513,-10.5461],"direction":[-0.741743,-0.60312,0.293366],"extended":false,"handId":405,"id":4054,"length":49.9151,"mcpPosition":[21.8085,292.734,13.3923],"pipPosition":[13.4462,276.17,-16.2163],"stabilizedTipPosition":[-3.8594,234.03,42.7588],"timeVisible":1.22871,"tipPosition":[-7.63048,261.839,2.02792],"tipVelocity":[-26.2403,128.615,-222.557],"tool":false,"touchDistance":0.333333,"touchZone":"none","type":4,"width":15.8681}],"r":[[0.960092,-0.277622,0.0338971],[0.277606,0.960681,0.00529288],[-0.0340337,0.00432836,0.999411]],"s":0.707108,"t":[36.9853,41.546,-215.273],"timestamp":88660334245},false],[3,{"currentFrameRate":50.6296,"devices":[],"gestures":[],"hands":[{"armBasis":[[0.919,-0.0545677,-0.390463],[0.276194,0.795848,0.538835],[0.281346,-0.603033,0.746455]],"armWidth":62.9686,"confidence":0.657682,"direction":[0.0410314,0.481985,-0.875218],"elbow":[66.1907,114.205,270.693],"grabStrength":0,"id":405,"palmNormal":[-0.280165,-0.835265,-0.473117],"palmPosition":[-15.1079,299.252,23.5614],"palmVelocity":[-22.0534,93.0285,-175.407],"palmWidth":89.917,"pinchStrength":1,"r":[[0.960071,-0.278429,0.0272046],[0.278348,0.960456,0.0067921],[-0.02802,0.00105145,0.999607]],"s":0.706381,"sphereCenter":[-41.758,277.887,-12.7618],"sphereRadius":46.0761,"stabilizedPalmPosition":[-13.2109,276.47,55.7155],"t":[36.5818,43.2192,-218.454],"timeVisible":1.24691,"type":"right","wrist":[-8.87687,275.104,71.5266]}],"id":1410423,"interactionBox":{"center":[0,200,0],"size":[235.247,235.247,147.751]},"pointables":[{"bases":[[[0.644523,0.734653,0.211839],[-0.662577,0.398404,0.634245],[0.381553,-0.549145,0.743544]],[[0.485435,0.87329,-0.0414417],[-0.854967,0.484088,0.186254],[0.182715,-0.0549827,0.981627]],[[0.485435,0.87329,-0.0414417],[-0.871007,0.487171,0.0633281],[0.075493,0.0053544,0.997132]],[[0.485435,0.87329,-0.0414417],[-0.833495,0.447965,-0.323441],[-0.263893,0.191551,0.94534]]],"btipPosition":[-44.4782,270.116,-31.6075],"carpPosition":[-39.0247,272.014,72.2755],"dipPosition":[-50.5814,274.546,-9.74399],"direction":[-0.075493,-0.0053544,-0.997132],"extended":false,"handId":405,"id":4050,"length":51.5018,"mcpPosition":[-39.0247,272.014,72.2755],"pipPosition":[-48.0378,274.727,23.8529],"stabilizedTipPosition":[-46.0923,257.148,-5.32838],"timeVisible":1.24691,"tipPosition":[-47.8603,271.684,-26.2565],"tipVelocity":[2.37319,83.4515,-178.097],"tool":false,"touchDistance":-0.837386,"touchZone":"hovering","type":0,"width":20.0112},{"bases":[[[0.952348,-0.179936,-0.246284],[0.259179,0.903097,0.342406],[0.160807,-0.389921,0.906699]],[[0.958554,-0.197086,-0.205747],[0.237872,0.951069,0.19719],[0.156816,-0.237959,0.958532]],[[0.958554,-0.197086,-0.205747],[0.216664,0.973189,0.0771942],[0.185017,-0.118573,0.975556]],[[0.958554,-0.197086,-0.205747],[0.19827,0.980032,-0.0150573],[0.204606,-0.0263601,0.978489]]],"btipPosition":[-51.7557,332.87,-75.0769],"carpPosition":[-25.5332,291.142,71.3596],"dipPosition":[-48.3011,332.425,-58.556],"direction":[-0.185017,0.118573,-0.975556],"extended":true,"handId":405,"id":4051,"length":58.114,"mcpPosition":[-37.2242,319.49,5.44073],"pipPosition":[-43.8819,329.592,-35.2545],"stabilizedTipPosition":[-48.5064,325.873,-63.2164],"timeVisible":1.24691,"tipPosition":[-50.5053,331.241,-71.4874],"tipVelocity":[-53.0099,124.114,-159.221],"tool":false,"touchDistance":-0.676395,"touchZone":"hovering","type":1,"width":19.1147},{"bases":[[[0.907087,-0.382263,-0.17626],[0.419921,0.850896,0.315662],[0.0293131,-0.360349,0.932357]],[[0.907558,-0.392792,-0.148505],[0.281345,0.831295,-0.479368],[0.311743,0.393272,0.864958]],[[0.907558,-0.392792,-0.148505],[-0.242371,-0.201176,-0.949097],[0.342921,0.897353,-0.277781]],[[0.907558,-0.392792,-0.148505],[-0.414047,-0.778051,-0.472442],[0.0700267,0.490256,-0.868761]]],"btipPosition":[-41.534,262.513,-13.0989],"carpPosition":[-13.7272,290.722,68.4432],"dipPosition":[-40.2336,271.617,-29.2322],"direction":[-0.342921,-0.897353,0.277781],"extended":false,"handId":405,"id":4052,"length":66.2163,"mcpPosition":[-15.7482,315.566,4.16159],"pipPosition":[-30.5971,296.834,-37.0381],"stabilizedTipPosition":[-38.5446,248.812,7.47815],"timeVisible":1.24691,"tipPosition":[-41.1582,264.215,-15.5209],"tipVelocity":[-18.1438,93.5463,-183.926],"tool":false,"touchDistance":0.333333,"touchZone":"none","type":2,"width":18.7732},{"bases":[[[0.867261,-0.494174,-0.0604261],[0.484375,0.80949,0.331823],[-0.115064,-0.317046,0.941404]],[[0.860518,-0.509233,-0.0138471],[0.440277,0.757118,-0.482626],[0.256253,0.409211,0.875717]],[[0.860518,-0.509233,-0.0138471],[-0.151955,-0.230644,-0.9611],[0.48623,0.829148,-0.275853]],[[0.860518,-0.509233,-0.0138471],[-0.450561,-0.748125,-0.487138],[0.237707,0.42543,-0.873215]]],"btipPosition":[-24.3104,258.158,-7.4263],"carpPosition":[-2.41914,287.153,65.8388],"dipPosition":[-19.9215,266.013,-23.5491],"direction":[-0.48623,-0.829148,0.275853],"extended":false,"handId":405,"id":4053,"length":63.6687,"mcpPosition":[4.70347,306.779,7.56467],"pipPosition":[-6.61078,288.711,-31.1006],"stabilizedTipPosition":[-19.9267,236.991,24.2561],"timeVisible":1.24691,"tipPosition":[-23.3768,259.743,-9.84094],"tipVelocity":[-18.3838,90.9365,-172.971],"tool":false,"touchDistance":0.333333,"touchZone":"none","type":3,"width":17.8639},{"bases":[[[0.75608,-0.65446,-0.00505333],[0.601288,0.691562,0.400244],[-0.258449,-0.305655,0.916395]],[[0.674814,-0.707745,0.209102],[0.700335,0.524792,-0.483863],[0.232717,0.472959,0.849796]],[[0.674814,-0.707745,0.209102],[-0.0762311,-0.348674,-0.934139],[0.734041,0.614429,-0.289242]],[[0.674814,-0.707745,0.209102],[-0.557173,-0.674395,-0.484509],[0.483927,0.210447,-0.849427]]],"btipPosition":[-9.07325,262.29,1.03925],"carpPosition":[6.67953,276.762,63.1844],"dipPosition":[-0.830271,265.874,-13.4295],"direction":[-0.734041,-0.614429,0.289242],"extended":false,"handId":405,"id":4054,"length":49.9151,"mcpPosition":[21.489,294.276,10.6737],"pipPosition":[13.3574,277.75,-19.02],"stabilizedTipPosition":[-3.96054,234.916,41.3857],"timeVisible":1.24691,"tipPosition":[-7.54054,263.063,-0.897517],"tipVelocity":[-11.3876,99.3046,-192.378],"tool":false,"touchDistance":0.333333,"touchZone":"none","type":4,"width":15.8681}],"r":[[0.960071,-0.278429,0.0272046],[0.278348,0.960456,0.0067921],[-0.02802,0.00105145,0.999607]],"s":0.706381,"t":[36.5818,43.2192,-218.454],"timestamp":88660352446},false],[4,{"currentFrameRate":50.953,"devices":[],"gestures":[],"hands":[{"armBasis":[[0.92268,-0.0481695,-0.382545],[0.268076,0.793254,0.546702],[0.277121,-0.606982,0.744833]],"armWidth":62.9686,"confidence":0.663549,"direction":[0.0386817,0.475924,-0.878635],"elbow":[64.9167,114.45,268.115],"grabStrength":0,"id":405,"palmNormal":[-0.272821,-0.840856,-0.467472],"palmPosition":[-15.3654,300.151,21.2317],"palmVelocity":[-18.1674,71.7582,-151.868],"palmWidth":89.917,"pinchStrength":1,"r":[[0.960458,-0.277508,0.0225582],[0.277428,0.960723,0.00667816],[-0.0235254,-0.000155839,0.999723]],"s":0.705976,"sphereCenter":[-42.2977,278.697,-14.9607],"sphereRadius":46.289,"stabilizedPalmPosition":[-13.2722,277.143,54.7346],"t":[36.2513,44.5056,-221.209],"timeVisible":1.26533,"type":"right","wrist":[-9.02365,276.402,69.3811]}],"id":1410424,"interactionBox":{"center":[0,200,0],"size":[235.247,235.247,147.751]},"pointables":[{"bases":[[[0.638386,0.741218,0.207509],[-0.666725,0.397776,0.63028],[0.384632,-0.540713,0.748123]],[[0.478676,0.876735,-0.0469624],[-0.859033,0.478724,0.181346],[0.181474,-0.0464635,0.982297]],[[0.478676,0.876735,-0.0469624],[-0.874968,0.48078,0.0572941],[0.0728103,0.0136653,0.997252]],[[0.478676,0.876735,-0.0469624],[-0.836849,0.43941,-0.3265],[-0.265618,0.195588,0.94403]]],"btipPosition":[-44.4095,270.389,-33.7851],"carpPosition":[-39.1474,273.081,70.1047],"dipPosition":[-50.5526,274.913,-11.9519],"direction":[-0.0728103,-0.0136653,-0.997252],"extended":false,"handId":405,"id":4050,"length":51.5018,"mcpPosition":[-39.1474,273.081,70.1047],"pipPosition":[-48.0994,275.373,21.649],"stabilizedTipPosition":[-46.0848,257.545,-5.98064],"timeVisible":1.26533,"tipPosition":[-47.7667,271.954,-28.4498],"tipVelocity":[2.78751,50.9752,-149.468],"tool":false,"touchDistance":-0.814749,"touchZone":"hovering","type":0,"width":20.0112},{"bases":[[[0.954135,-0.174224,-0.243459],[0.251517,0.90757,0.336237],[0.162376,-0.382049,0.909765]],[[0.960072,-0.189991,-0.205342],[0.23092,0.952546,0.198322],[0.157918,-0.23782,0.958386]],[[0.960072,-0.189991,-0.205342],[0.209573,0.974674,0.0780408],[0.185314,-0.117959,0.975574]],[[0.960072,-0.189991,-0.205342],[0.191078,0.981465,-0.0147117],[0.204331,-0.0251122,0.97858]]],"btipPosition":[-52.1909,333.421,-77.5841],"carpPosition":[-25.8051,292.307,69.071],"dipPosition":[-48.741,332.997,-61.0617],"direction":[-0.185314,0.117959,-0.975574],"extended":true,"handId":405,"id":4051,"length":58.114,"mcpPosition":[-37.6101,320.083,2.92926],"pipPosition":[-44.3147,330.179,-37.7597],"stabilizedTipPosition":[-48.9548,327.029,-64.8553],"timeVisible":1.26533,"tipPosition":[-50.961,331.753,-73.9946],"tipVelocity":[-38.8942,78.8967,-148.107],"tool":false,"touchDistance":-0.674692,"touchZone":"hovering","type":1,"width":19.1147},{"bases":[[[0.910349,-0.376388,-0.172038],[0.412708,0.856442,0.310129],[0.0306116,-0.353327,0.934999]],[[0.910857,-0.386716,-0.144191],[0.275566,0.829923,-0.485069],[0.307251,0.402094,0.862506]],[[0.910857,-0.386716,-0.144191],[-0.239228,-0.210005,-0.947981],[0.336318,0.897969,-0.283798]],[[0.910857,-0.386716,-0.144191],[-0.407143,-0.784668,-0.467472],[0.0676366,0.484507,-0.872169]]],"btipPosition":[-41.4438,262.935,-15.1986],"carpPosition":[-13.9914,291.959,66.1765],"dipPosition":[-40.1878,271.933,-31.3952],"direction":[-0.336318,-0.897969,0.283798],"extended":false,"handId":405,"id":4052,"length":66.2163,"mcpPosition":[-16.1019,316.319,1.71272],"pipPosition":[-30.7369,297.166,-39.3702],"stabilizedTipPosition":[-38.6338,249.366,6.57543],"timeVisible":1.26533,"tipPosition":[-41.0774,264.628,-17.6471],"tipVelocity":[-7.31704,58.8971,-150.652],"tool":false,"touchDistance":0.333333,"touchZone":"none","type":2,"width":18.7732},{"bases":[[[0.871212,-0.487764,-0.0554557],[0.477459,0.815662,0.326693],[-0.114116,-0.311096,0.943502]],[[0.8646,-0.502374,-0.00931467],[0.439653,0.765369,-0.470017],[0.243254,0.402281,0.882608]],[[0.8646,-0.502374,-0.00931467],[-0.135133,-0.214633,-0.967301],[0.483948,0.837587,-0.25346]],[[0.8646,-0.502374,-0.00931467],[-0.43742,-0.743431,-0.505939],[0.247246,0.44151,-0.862519]]],"btipPosition":[-24.1411,258.875,-10.8937],"carpPosition":[-2.65141,288.46,63.6161],"dipPosition":[-19.576,267.026,-26.819],"direction":[-0.483948,-0.837587,0.25346],"extended":false,"handId":405,"id":4053,"length":63.6687,"mcpPosition":[4.41251,307.717,5.21202],"pipPosition":[-6.32779,289.956,-33.7575],"stabilizedTipPosition":[-20.006,237.586,23.2839],"timeVisible":1.26533,"tipPosition":[-23.1742,260.532,-12.9805],"tipVelocity":[-4.04561,67.6801,-179.166],"tool":false,"touchDistance":0.333333,"touchZone":"none","type":3,"width":17.8639},{"bases":[[[0.761203,-0.648513,0.00090555],[0.595181,0.699157,0.396154],[-0.257544,-0.301015,0.918184]],[[0.680353,-0.700764,0.21459],[0.696579,0.527295,-0.486557],[0.227809,0.480509,0.846885]],[[0.680353,-0.700764,0.21459],[-0.0720161,-0.355309,-0.931971],[0.729337,0.618615,-0.292202]],[[0.680353,-0.700764,0.21459],[-0.550826,-0.682076,-0.481002],[0.483436,0.20905,-0.850052]]],"btipPosition":[-9.00094,263.063,-1.02638],"carpPosition":[6.53293,278.122,61.0517],"dipPosition":[-0.766319,266.624,-15.5058],"direction":[-0.729338,-0.618615,0.292202],"extended":false,"handId":405,"id":4054,"length":49.9151,"mcpPosition":[21.2906,295.37,8.43854],"pipPosition":[13.3304,278.58,-21.1535],"stabilizedTipPosition":[-4.02922,235.549,40.3872],"timeVisible":1.26533,"tipPosition":[-7.46517,263.843,-2.98941],"tipVelocity":[-4.06418,71.5638,-153.827],"tool":false,"touchDistance":0.333333,"touchZone":"none","type":4,"width":15.8681}],"r":[[0.960458,-0.277508,0.0225582],[0.277428,0.960723,0.00667816],[-0.0235254,-0.000155839,0.999723]],"s":0.705976,"t":[36.2513,44.5056,-221.209],"timestamp":88660370860},false],[5,{"currentFrameRate":51.4489,"devices":[],"gestures":[],"hands":[{"armBasis":[[0.926806,-0.0363611,-0.373777],[0.253188,0.795582,0.550404],[0.277357,-0.604753,0.746556]],"armWidth":62.9686,"confidence":0.668431,"direction":[0.0314881,0.479077,-0.877208],"elbow":[64.9843,116.25,265.971],"grabStrength":0,"id":405,"palmNormal":[-0.257271,-0.844186,-0.470278],"palmPosition":[-15.7125,301.381,18.6876],"palmVelocity":[-18.8963,70.8889,-148.485],"palmWidth":89.917,"pinchStrength":1,"r":[[0.961718,-0.273383,0.0189579],[0.273293,0.961904,0.00722246],[-0.0202102,-0.00176489,0.999794]],"s":0.706436,"sphereCenter":[-42.7243,279.982,-17.6011],"sphereRadius":46.5431,"stabilizedPalmPosition":[-13.3216,277.633,54.0058],"t":[35.9125,45.7636,-223.859],"timeVisible":1.28292,"type":"right","wrist":[-9.01909,277.608,66.7777]}],"id":1410425,"interactionBox":{"center":[0,200,0],"size":[235.247,235.247,147.751]},"pointables":[{"bases":[[[0.6249,0.751775,0.210557],[-0.674525,0.384108,0.630458],[0.393086,-0.535999,0.74712]],[[0.463181,0.885183,-0.0437451],[-0.867442,0.46291,0.182367],[0.181679,-0.0465228,0.982257]],[[0.463181,0.885183,-0.0437451],[-0.883514,0.465066,0.0558285],[0.0697628,0.0127907,0.997482]],[[0.463181,0.885183,-0.0437451],[-0.845408,0.426477,-0.321563],[-0.265986,0.185924,0.945877]]],"btipPosition":[-44.2414,271.318,-36.4899],"carpPosition":[-39.0805,273.754,67.4483],"dipPosition":[-50.3931,275.617,-14.614],"direction":[-0.0697628,-0.0127907,-0.997482],"extended":false,"handId":405,"id":4050,"length":51.5018,"mcpPosition":[-39.0805,273.754,67.4483],"pipPosition":[-48.0425,276.048,18.9946],"stabilizedTipPosition":[-46.0779,257.781,-6.38862],"timeVisible":1.28292,"tipPosition":[-47.5067,272.763,-31.1463],"tipVelocity":[5.88855,50.4435,-151.201],"tool":false,"touchDistance":-0.802033,"touchZone":"hovering","type":0,"width":20.0112},{"bases":[[[0.957402,-0.156636,-0.242583],[0.234974,0.910894,0.339204],[0.167836,-0.381756,0.908897]],[[0.963141,-0.171182,-0.207498],[0.21504,0.953405,0.211607],[0.161606,-0.248428,0.955074]],[[0.963141,-0.171182,-0.207498],[0.193476,0.976758,0.09225],[0.186883,-0.128996,0.973876]],[[0.963141,-0.171182,-0.207498],[0.174934,0.98458,-0.000272718],[0.204345,-0.0360357,0.978235]]],"btipPosition":[-53.0555,335.206,-79.916],"carpPosition":[-26.0785,293.215,66.4891],"dipPosition":[-49.6054,334.597,-63.3994],"direction":[-0.186883,0.128996,-0.973876],"extended":true,"handId":405,"id":4051,"length":58.114,"mcpPosition":[-38.2805,320.969,0.410419],"pipPosition":[-45.1416,331.516,-40.138],"stabilizedTipPosition":[-49.3414,327.968,-66.1719],"timeVisible":1.28292,"tipPosition":[-51.8396,333.408,-76.3488],"tipVelocity":[-43.6707,88.2871,-140.89],"tool":false,"touchDistance":-0.670554,"touchZone":"hovering","type":1,"width":19.1147},{"bases":[[[0.917096,-0.359747,-0.171806],[0.397079,0.862697,0.313182],[0.0355498,-0.355438,0.934024]],[[0.917748,-0.3702,-0.143839],[0.260982,0.835124,-0.484207],[0.299377,0.406841,0.863049]],[[0.917748,-0.3702,-0.143839],[-0.23461,-0.2131,-0.948444],[0.320462,0.904179,-0.282425]],[[0.917748,-0.3702,-0.143839],[-0.392585,-0.790756,-0.469663],[0.0601277,0.487501,-0.87105]]],"btipPosition":[-41.0893,263.749,-17.7825],"carpPosition":[-14.2565,293.084,63.6106],"dipPosition":[-39.9727,272.803,-33.9582],"direction":[-0.320462,-0.904179,0.282425],"extended":false,"handId":405,"id":4052,"length":66.2163,"mcpPosition":[-16.7075,317.59,-0.785925],"pipPosition":[-30.9674,298.211,-41.8947],"stabilizedTipPosition":[-38.678,249.697,6.01063],"timeVisible":1.28292,"tipPosition":[-40.7495,265.499,-20.3288],"tipVelocity":[4.63597,53.3597,-148.762],"tool":false,"touchDistance":0.333333,"touchZone":"none","type":2,"width":18.7732},{"bases":[[[0.879771,-0.472135,-0.0556006],[0.462517,0.82302,0.329722],[-0.109913,-0.315796,0.942439]],[[0.873359,-0.486983,-0.0095458],[0.431639,0.782889,-0.448075],[0.225678,0.387211,0.893945]],[[0.873359,-0.486983,-0.0095458],[-0.118911,-0.194169,-0.973734],[0.472338,0.851555,-0.227487]],[[0.873359,-0.486983,-0.0095458],[-0.419301,-0.741717,-0.523491],[0.247851,0.461199,-0.851977]]],"btipPosition":[-23.5201,260.418,-14.7937],"carpPosition":[-2.85289,289.794,61.0565],"dipPosition":[-18.9439,268.934,-30.5243],"direction":[-0.472338,-0.851555,0.227487],"extended":false,"handId":405,"id":4053,"length":63.6687,"mcpPosition":[3.95086,309.342,2.71823],"pipPosition":[-6.01345,292.245,-36.7519],"stabilizedTipPosition":[-20.0462,237.99,22.6038],"timeVisible":1.28292,"tipPosition":[-22.6001,262.067,-16.6917],"tipVelocity":[14.3592,79.2475,-197.793],"tool":false,"touchDistance":0.333333,"touchZone":"none","type":3,"width":17.8639},{"bases":[[[0.772541,-0.634965,0.000140053],[0.582184,0.708411,0.399018],[-0.253462,-0.308176,0.916943]],[[0.69326,-0.688922,0.211609],[0.688326,0.545944,-0.477653],[0.213539,0.476793,0.852684]],[[0.69326,-0.688922,0.211609],[-0.0577402,-0.345771,-0.936541],[0.718371,0.637047,-0.279487]],[[0.69326,-0.688922,0.211609],[-0.533449,-0.687957,-0.492085],[0.484585,0.22826,-0.844437]]],"btipPosition":[-8.56056,264.424,-4.07534],"carpPosition":[6.51623,279.627,58.4757],"dipPosition":[-0.306362,268.312,-18.4591],"direction":[-0.718371,-0.637047,0.279487],"extended":false,"handId":405,"id":4054,"length":49.9151,"mcpPosition":[21.04,297.285,5.9336],"pipPosition":[13.5784,280.625,-23.8611],"stabilizedTipPosition":[-4.07069,236.018,39.6348],"timeVisible":1.28292,"tipPosition":[-7.03007,265.288,-5.99298],"tipVelocity":[9.61576,76.2687,-162.322],"tool":false,"touchDistance":0.333333,"touchZone":"none","type":4,"width":15.8681}],"r":[[0.961718,-0.273383,0.0189579],[0.273293,0.961904,0.00722246],[-0.0202102,-0.00176489,0.999794]],"s":0.706436,"t":[35.9125,45.7636,-223.859],"timestamp":88660388453},false],[6,{"currentFrameRate":51.7365,"devices":[],"gestures":[],"hands":[{"armBasis":[[0.930556,-0.0283884,-0.365047],[0.237584,0.805422,0.543],[0.278602,-0.592022,0.756235]],"armWidth":62.9686,"confidence":0.655158,"direction":[0.0247093,0.490806,-0.870918],"elbow":[64.9043,120.793,264.817],"grabStrength":0,"id":405,"palmNormal":[-0.239975,-0.8428,-0.481768],"palmPosition":[-16.4475,303.011,15.2402],"palmVelocity":[-29.1135,79.6632,-167.749],"palmWidth":89.917,"pinchStrength":1,"r":[[0.96371,-0.266475,0.0159342],[0.266337,0.963825,0.0102866],[-0.0180989,-0.00566947,0.99982]],"s":0.708207,"sphereCenter":[-43.6817,282.109,-21.3092],"sphereRadius":46.8443,"stabilizedPalmPosition":[-13.3727,278.049,53.3715],"t":[35.3756,47.2074,-226.908],"timeVisible":1.30119,"type":"right","wrist":[-9.43127,278.754,63.0415]}],"id":1410426,"interactionBox":{"center":[0,200,0],"size":[235.247,235.247,147.751]},"pointables":[{"bases":[[[0.609974,0.760704,0.221947],[-0.683347,0.363149,0.633372],[0.401209,-0.538007,0.741336]],[[0.446395,0.894294,-0.0311331],[-0.876398,0.443959,0.186621],[0.180716,-0.0560218,0.981939]],[[0.446395,0.894294,-0.0311331],[-0.892381,0.447477,0.0584917],[0.0662401,0.00167214,0.997802]],[[0.446395,0.894294,-0.0311331],[-0.852621,0.414519,-0.318137],[-0.271603,0.16856,0.947533]]],"btipPosition":[-44.2807,273.131,-40.3953],"carpPosition":[-39.4158,274.322,63.5763],"dipPosition":[-50.5622,277.029,-18.4811],"direction":[-0.0662401,-0.00167214,-0.997802],"extended":false,"handId":405,"id":4050,"length":51.5018,"mcpPosition":[-39.4158,274.322,63.5763],"pipPosition":[-48.3303,277.086,15.1383],"stabilizedTipPosition":[-46.0739,257.965,-6.71565],"timeVisible":1.30119,"tipPosition":[-47.5319,274.433,-35.051],"tipVelocity":[1.25802,71.4053,-180.938],"tool":false,"touchDistance":-0.808612,"touchZone":"hovering","type":0,"width":20.0112},{"bases":[[[0.960836,-0.135359,-0.241808],[0.216762,0.91075,0.351495],[0.172649,-0.390144,0.904423]],[[0.966332,-0.149047,-0.209732],[0.197857,0.951546,0.235399],[0.164484,-0.26897,0.948999]],[[0.966332,-0.149047,-0.209732],[0.17626,0.977294,0.117595],[0.187443,-0.150604,0.970662]],[[0.966332,-0.149047,-0.209732],[0.15783,0.987132,0.0256862],[0.203205,-0.0579234,0.977421]]],"btipPosition":[-54.226,338.396,-82.828],"carpPosition":[-26.7827,294.037,62.9033],"dipPosition":[-50.7951,337.418,-66.3251],"direction":[-0.187443,0.150604,-0.970662],"extended":true,"handId":405,"id":4051,"length":58.114,"mcpPosition":[-39.3347,322.401,-2.85002],"pipPosition":[-46.318,333.82,-43.1405],"stabilizedTipPosition":[-49.8314,329.189,-67.7104],"timeVisible":1.30119,"tipPosition":[-53.0328,336.435,-79.3022],"tipVelocity":[-53.5566,127.392,-149.841],"tool":false,"touchDistance":-0.675559,"touchZone":"hovering","type":1,"width":19.1147},{"bases":[[[0.924203,-0.340089,-0.173749],[0.37982,0.865968,0.325325],[0.0398218,-0.36666,0.929503]],[[0.924981,-0.350914,-0.145843],[0.246424,0.846036,-0.472757],[0.289285,0.401352,0.86904]],[[0.924981,-0.350914,-0.145843],[-0.227828,-0.204922,-0.951894],[0.304146,0.91371,-0.269497]],[[0.924981,-0.350914,-0.145843],[-0.376227,-0.791595,-0.481488],[0.0535127,0.500237,-0.864233]]],"btipPosition":[-41.0181,265.363,-21.7992],"carpPosition":[-14.9528,294.167,60.0574],"dipPosition":[-40.0244,274.653,-37.8483],"direction":[-0.304146,-0.91371,0.269497],"extended":false,"handId":405,"id":4052,"length":66.2163,"mcpPosition":[-17.6983,319.446,-4.02735],"pipPosition":[-31.4776,300.329,-45.4215],"stabilizedTipPosition":[-38.7074,249.945,5.57281],"timeVisible":1.30119,"tipPosition":[-40.7025,267.165,-24.3377],"tipVelocity":[3.54108,71.5315,-182.05],"tool":false,"touchDistance":0.333333,"touchZone":"none","type":2,"width":18.7732},{"bases":[[[0.88871,-0.454645,-0.059098],[0.445956,0.827328,0.341545],[-0.106388,-0.329889,0.938006]],[[0.882461,-0.470199,-0.0132629],[0.417839,0.796519,-0.436999],[0.21604,0.380092,0.899364]],[[0.882461,-0.470199,-0.0132629],[-0.112752,-0.184069,-0.976425],[0.456673,0.863152,-0.21545]],[[0.882461,-0.470199,-0.0132629],[-0.403816,-0.742812,-0.534006],[0.241237,0.476596,-0.845376]]],"btipPosition":[-23.3911,262.336,-18.7721],"carpPosition":[-3.4822,291.126,57.4943],"dipPosition":[-18.937,271.135,-34.3808],"direction":[-0.456673,-0.863152,0.21545],"extended":false,"handId":405,"id":4053,"length":63.6687,"mcpPosition":[3.10337,311.547,-0.569455],"pipPosition":[-6.4354,294.764,-40.2788],"stabilizedTipPosition":[-20.0761,238.33,22.0244],"timeVisible":1.30119,"tipPosition":[-22.4959,264.03,-20.6609],"tipVelocity":[10.13,93.2717,-206.632],"tool":false,"touchDistance":0.333333,"touchZone":"none","type":3,"width":17.8639},{"bases":[[[0.78444,-0.620178,-0.00575208],[0.567591,0.714125,0.409715],[-0.249988,-0.324662,0.912196]],[[0.706387,-0.678028,0.20321],[0.680881,0.572435,-0.456858],[0.193438,0.461081,0.866017]],[[0.706387,-0.678028,0.20321],[-0.0373528,-0.322399,-0.945867],[0.706839,0.660558,-0.253065]],[[0.706387,-0.678028,0.20321],[-0.512146,-0.687761,-0.514481],[0.488593,0.25935,-0.833075]]],"btipPosition":[-8.33404,266.479,-8.63835],"carpPosition":[6.08482,281.172,54.8108],"dipPosition":[-0.011571,270.897,-22.8286],"direction":[-0.706839,-0.660558,0.253065],"extended":false,"handId":405,"id":4054,"length":49.9151,"mcpPosition":[20.4095,299.776,2.54073],"pipPosition":[13.6503,283.664,-27.7198],"stabilizedTipPosition":[-4.10106,236.425,38.9686],"timeVisible":1.30119,"tipPosition":[-6.82047,267.448,-10.4491],"tipVelocity":[11.3606,96.8109,-203.034],"tool":false,"