{"sensorType":"Leap","data":[[0,{"currentFrameRate":54.8908,"devices":[],"gestures":[],"hands":[{"armBasis":[[0.977031,-0.063187,-0.203515],[0.136099,0.919902,0.367772],[0.163976,-0.387023,0.907373]],"armWidth":62.9686,"confidence":0.323198,"direction":[-0.0252686,0.737002,-0.675418],"elbow":[53.0364,128.004,291.458],"grabStrength":0.709003,"id":406,"palmNormal":[-0.162345,-0.669691,-0.724678],"palmPosition":[-0.18698,268.426,11.2492],"palmVelocity":[145.105,20.6005,227.129],"palmWidth":89.917,"pinchStrength":1,"r":[[0.996393,0.0152967,0.0834694],[-0.0268711,0.989877,0.139361],[-0.0804927,-0.141101,0.986718]],"s":0.973936,"sphereCenter":[3.98482,246.122,-33.0418],"sphereRadius":41.5081,"stabilizedPalmPosition":[-3.7457,267.851,5.78145],"t":[25.4922,12.9026,-206.542],"timeVisible":0.831569,"type":"right","wrist":[9.28498,231.268,49.3566]}],"id":1411755,"interactionBox":{"center":[0,200,0],"size":[235.247,235.247,147.751]},"pointables":[{"bases":[[[0.537204,0.706048,0.46142],[-0.711393,0.0853782,0.697589],[0.453136,-0.702999,0.548143]],[[0.318362,0.924059,0.211566],[-0.897867,0.222336,0.380002],[0.304106,-0.310936,0.900466]],[[0.318362,0.924059,0.211566],[-0.945994,0.295286,0.133798],[0.0611651,-0.242736,0.968162]],[[0.318362,0.924059,0.211566],[-0.946692,0.321495,0.0203757],[-0.0491889,-0.206775,0.977151]]],"btipPosition":[-36.0757,252.501,-51.8851],"carpPosition":[-20.1513,224.202,47.7538],"dipPosition":[-37.2133,247.718,-29.286],"direction":[-0.0611651,0.242736,-0.968162],"extended":false,"handId":406,"id":4060,"length":51.5018,"mcpPosition":[-20.1513,224.202,47.7538],"pipPosition":[-35.1525,239.54,3.33483],"stabilizedTipPosition":[-34.3945,258.182,-50.3854],"timeVisible":0.831569,"tipPosition":[-33.4567,252.36,-45.2907],"tipVelocity":[-190.497,-470.176,248.996],"tool":false,"touchDistance":-0.457939,"touchZone":"touching","type":0,"width":20.0112},{"bases":[[[0.968164,0.0337018,-0.248036],[0.132285,0.772331,0.621293],[0.212504,-0.634325,0.743286]],[[0.969443,0.0298295,-0.243494],[-0.0620834,0.9901,-0.125884],[0.237329,0.137155,0.961698]],[[0.969443,0.0298295,-0.243494],[-0.180599,0.758533,-0.626108],[0.166022,0.650951,0.740742]],[[0.969443,0.0298295,-0.243494],[-0.216594,0.570112,-0.792502],[0.115179,0.821025,0.559153]]],"btipPosition":[-40.8553,255.09,-68.4756],"carpPosition":[-9.41958,244.207,53.5261],"dipPosition":[-38.9106,268.953,-59.0348],"direction":[-0.166022,-0.650951,-0.740742],"extended":false,"handId":406,"id":4061,"length":58.114,"mcpPosition":[-24.8691,290.324,-0.512289],"pipPosition":[-34.9451,284.501,-41.3419],"stabilizedTipPosition":[-35.7608,250.186,-39.5393],"timeVisible":0.831569,"tipPosition":[-39.5558,296.598,-65.5747],"tipVelocity":[-209.243,388.632,-1144],"tool":false,"touchDistance":-0.312362,"touchZone":"touching","type":1,"width":19.1147},{"bases":[[[0.951141,-0.184469,-0.247591],[0.298694,0.752796,0.586583],[0.0781798,-0.631877,0.771115]],[[0.950323,-0.178221,-0.255193],[0.0233056,0.858296,-0.512626],[0.310391,0.481213,0.819812]],[[0.950323,-0.178221,-0.255193],[-0.287229,-0.186194,-0.939591],[0.11994,0.966214,-0.228134]],[[0.950323,-0.178221,-0.255193],[-0.304915,-0.697785,-0.648169],[-0.0625524,0.693782,-0.717464]]],"btipPosition":[-20.0503,226.89,-21.3267],"carpPosition":[2.33322,246.281,51.1529],"dipPosition":[-21.2119,239.773,-34.6503],"direction":[-0.11994,-0.966214,0.228134],"extended":false,"handId":406,"id":4062,"length":66.2163,"mcpPosition":[-3.05691,289.846,-2.01186],"pipPosition":[-17.8415,266.925,-41.0611],"stabilizedTipPosition":[-22.2979,233.106,-25.1683],"timeVisible":0.831569,"tipPosition":[-19.6427,231.405,-21.1285],"tipVelocity":[130.572,-219.069,59.2706],"tool":false,"touchDistance":0.333333,"touchZone":"none","type":2,"width":18.7732},{"bases":[[[0.927038,-0.331664,-0.174927],[0.368225,0.717167,0.591677],[-0.0707867,-0.61292,0.786968]],[[0.928475,-0.316789,-0.193852],[0.179294,0.839433,-0.513036],[0.32525,0.441585,0.836191]],[[0.928475,-0.316789,-0.193852],[-0.239895,-0.113093,-0.964189],[0.283521,0.94173,-0.181]],[[0.928475,-0.316789,-0.193852],[-0.357525,-0.621084,-0.697446],[0.100545,0.716868,-0.689921]]],"btipPosition":[-5.5708,224.662,-19.8825],"carpPosition":[14.026,245.235,48.0586],"dipPosition":[-3.71437,237.898,-32.621],"direction":[-0.283521,-0.94173,0.181],"extended":false,"handId":406,"id":4063,"length":63.6687,"mcpPosition":[18.4078,283.175,-0.655785],"pipPosition":[4.04712,263.678,-37.5759],"stabilizedTipPosition":[-5.68932,231.42,-19.7843],"timeVisible":0.831569,"tipPosition":[-4.47685,231.346,-25.3839],"tipVelocity":[26.0886,-180.924,-149.371],"tool":false,"touchDistance":0.333333,"touchZone":"none","type":3,"width":17.8639},{"bases":[[[0.838944,-0.514281,-0.17801],[0.500221,0.599864,0.624454],[-0.214363,-0.612926,0.760507]],[[0.823307,-0.552883,-0.128401],[0.404902,0.730624,-0.549766],[0.397769,0.400636,0.825391]],[[0.823307,-0.552883,-0.128401],[-0.260105,-0.166436,-0.951128],[0.504492,0.816468,-0.280835]],[[0.823307,-0.552883,-0.128401],[-0.495023,-0.588744,-0.639009],[0.277702,0.589662,-0.758407]]],"btipPosition":[8.37244,232.809,-11.409],"carpPosition":[24.4692,237.512,42.6637],"dipPosition":[13.1027,242.853,-24.3274],"direction":[-0.504492,-0.816468,0.280835],"extended":false,"handId":406,"id":4064,"length":49.9151,"mcpPosition":[36.7525,272.633,-0.914383],"pipPosition":[22.8536,258.634,-29.7554],"stabilizedTipPosition":[7.36378,237.728,-15.7146],"timeVisible":0.831569,"tipPosition":[10.1471,236.862,-12.4603],"tipVelocity":[124.494,-164.827,90.9287],"tool":false,"touchDistance":0.333333,"touchZone":"none","type":4,"width":15.8681}],"r":[[0.996393,0.0152967,0.0834694],[-0.0268711,0.989877,0.139361],[-0.0804927,-0.141101,0.986718]],"s":0.973936,"t":[25.4922,12.9026,-206.542],"timestamp":88684611863},false],[1,{"currentFrameRate":54.8216,"devices":[],"gestures":[],"hands":[{"armBasis":[[0.968274,-0.0746364,-0.238484],[0.173235,0.888294,0.425352],[0.180097,-0.453171,0.873041]],"armWidth":62.9686,"confidence":0.379232,"direction":[0.0303273,0.658818,-0.751691],"elbow":[57.5541,113.326,293.573],"grabStrength":0.322739,"id":406,"palmNormal":[-0.171426,-0.737466,-0.653266],"palmPosition":[2.97004,267.367,18.4125],"palmVelocity":[157.517,-16.9966,304.585],"palmWidth":89.917,"pinchStrength":0.839769,"r":[[0.995026,0.00877853,0.0992322],[-0.0167297,0.996688,0.0795818],[-0.0982049,-0.080846,0.991877]],"s":1.07025,"sphereCenter":[7.91591,238.447,-25.8121],"sphereRadius":45.9566,"stabilizedPalmPosition":[-2.08597,267.732,8.90309],"t":[28.4846,12.4388,-200.702],"timeVisible":0.850051,"type":"right","wrist":[9.50134,234.239,60.6317]}],"id":1411756,"interactionBox":{"center":[0,200,0],"size":[235.247,235.247,147.751]},"pointables":[{"bases":[[[0.555499,0.728341,0.401173],[-0.727676,0.192342,0.658401],[0.402378,-0.657665,0.636842]],[[0.341456,0.934069,0.104509],[-0.891224,0.286448,0.351663],[0.298541,-0.213219,0.930275]],[[0.341456,0.934069,0.104509],[-0.939803,0.337724,0.0520859],[0.0133565,-0.116003,0.993159]],[[0.341456,0.934069,0.104509],[-0.929503,0.352077,-0.109848],[-0.139401,-0.0596334,0.988439]]],"btipPosition":[-32.1252,244.134,-43.4596],"carpPosition":[-20.1725,228.329,58.7532],"dipPosition":[-35.3492,242.755,-20.5993],"direction":[-0.0133565,0.116003,-0.993159],"extended":false,"handId":406,"id":4060,"length":51.5018,"mcpPosition":[-20.1725,228.329,58.7532],"pipPosition":[-34.8992,238.846,12.8637],"stabilizedTipPosition":[-33.4186,249.006,-42.6025],"timeVisible":0.850051,"tipPosition":[-31.0548,244.848,-37.4798],"tipVelocity":[-7.8859,-441.282,350.435],"tool":false,"touchDistance":0.333333,"touchZone":"hovering","type":0,"width":20.0112},{"bases":[[[0.975843,-0.035944,-0.215498],[0.149438,0.829352,0.538371],[0.159372,-0.557569,0.814688]],[[0.978661,-0.0464009,-0.200172],[0.0449795,0.99892,-0.0116456],[0.200496,0.00239351,0.979692]],[[0.978661,-0.0464009,-0.200172],[-0.0053088,0.968135,-0.250374],[0.205411,0.246094,0.94723]],[[0.978661,-0.0464009,-0.200172],[-0.0289772,0.933268,-0.35801],[0.203426,0.356171,0.912009]]],"btipPosition":[-37.1307,276.903,-76.1408],"carpPosition":[-8.69084,248.36,62.7056],"dipPosition":[-33.696,282.917,-60.7424],"direction":[-0.205411,-0.246094,-0.94723],"extended":true,"handId":406,"id":4061,"length":58.114,"mcpPosition":[-20.2775,288.897,3.47612],"pipPosition":[-28.7897,288.795,-38.1174],"stabilizedTipPosition":[-35.9564,259.664,-50.6897],"timeVisible":0.850051,"tipPosition":[-34.6013,297.033,-72.1314],"tipVelocity":[-1.99922,723.615,-756.169],"tool":false,"touchDistance":-0.403883,"touchZone":"touching","type":1,"width":19.1147},{"bases":[[[0.948533,-0.251797,-0.19205],[0.315727,0.798893,0.511944],[0.0245211,-0.546231,0.837275]],[[0.947647,-0.238332,-0.212516],[0.0795653,0.820774,-0.565684],[0.309248,0.51916,0.796767]],[[0.947647,-0.238332,-0.212516],[-0.255032,-0.16441,-0.952853],[0.192156,0.957166,-0.216585]],[[0.947647,-0.238332,-0.212516],[-0.318632,-0.662103,-0.678302],[0.0209536,0.710505,-0.70338]]],"btipPosition":[-18.9954,222.487,-15.9865],"carpPosition":[3.21418,249.647,60.543],"dipPosition":[-18.6063,235.681,-29.0485],"direction":[-0.192156,-0.957166,0.216585],"extended":false,"handId":406,"id":4062,"length":66.2163,"mcpPosition":[1.52356,287.307,2.81684],"pipPosition":[-13.2066,262.579,-35.1348],"stabilizedTipPosition":[-20.2915,228.62,-21.5141],"timeVisible":0.850051,"tipPosition":[-18.3218,226.783,-16.1111],"tipVelocity":[104.407,-226.448,171.714],"tool":false,"touchDistance":0.333333,"touchZone":"none","type":2,"width":18.7732},{"bases":[[[0.915285,-0.388938,-0.104787],[0.38331,0.761042,0.523344],[-0.123801,-0.519175,0.845654]],[[0.918991,-0.370913,-0.133713],[0.238937,0.79368,-0.559447],[0.313631,0.482177,0.81801]],[[0.918991,-0.370913,-0.133713],[-0.179925,-0.0927576,-0.979297],[0.350831,0.924024,-0.15198]],[[0.918991,-0.370913,-0.133713],[-0.339451,-0.571791,-0.746879],[0.200571,0.731764,-0.651378]]],"btipPosition":[-4.55753,219.801,-14.2775],"carpPosition":[14.9341,247.759,57.9996],"dipPosition":[-0.854244,233.312,-26.3043],"direction":[-0.350831,-0.924024,0.15198],"extended":false,"handId":406,"id":4063,"length":63.6687,"mcpPosition":[22.5975,279.897,5.65254],"pipPosition":[8.74987,258.607,-30.4648],"stabilizedTipPosition":[-4.53374,226.461,-18.1877],"timeVisible":0.850051,"tipPosition":[-3.25142,224.502,-18.094],"tipVelocity":[51.0555,-218.908,73.4103],"tool":false,"touchDistance":0.333333,"touchZone":"none","type":3,"width":17.8639},{"bases":[[[0.818805,-0.566777,-0.091229],[0.50855,0.642405,0.573317],[-0.266337,-0.515829,0.814239]],[[0.808487,-0.585312,-0.0613073],[0.452285,0.684611,-0.571617],[0.376546,0.434417,0.818227]],[[0.808487,-0.585312,-0.0613073],[-0.173443,-0.137429,-0.975208],[0.562376,0.799076,-0.212628]],[[0.808487,-0.585312,-0.0613073],[-0.446039,-0.541465,-0.712646],[0.383925,0.60351,-0.69884]]],"btipPosition":[9.85678,227.697,-5.38555],"carpPosition":[25.162,239.043,53.8487],"dipPosition":[16.3964,237.977,-17.2893],"direction":[-0.562376,-0.799076,0.212628],"extended":false,"handId":406,"id":4064,"length":49.9151,"mcpPosition":[40.4234,268.601,7.19169],"pipPosition":[27.2661,253.421,-21.399],"stabilizedTipPosition":[9.40171,233.819,-11.8442],"timeVisible":0.850051,"tipPosition":[11.9053,231.478,-6.0713],"tipVelocity":[114.036,-217.386,210.458],"tool":false,"touchDistance":0.333333,"touchZone":"none","type":4,"width":15.8681}],"r":[[0.995026,0.00877853,0.0992322],[-0.0167297,0.996688,0.0795818],[-0.0982049,-0.080846,0.991877]],"s":1.07025,"t":[28.4846,12.4388,-200.702],"timestamp":88684630345},false],[2,{"currentFrameRate":54.8974,"devices":[],"gestures":[],"hands":[{"armBasis":[[0.963955,-0.0767828,-0.254746],[0.185862,0.879439,0.438227],[0.190386,-0.469779,0.86201]],"armWidth":62.9686,"confidence":0.429131,"direction":[0.0431548,0.653853,-0.75539],"elbow":[58.9444,110.798,291.851],"grabStrength":0.161942,"id":406,"palmNormal":[-0.180823,-0.738495,-0.64956],"palmPosition":[2.27589,269.122,19.4201],"palmVelocity":[64.7477,37.2628,187.098],"palmWidth":89.917,"pinchStrength":0.93213,"r":[[0.993617,0.00133994,0.112801],[-0.00481069,0.999523,0.0305021],[-0.112707,-0.0308501,0.993149]],"s":1.15364,"sphereCenter":[3.18888,241.611,-24.6485],"sphereRadius":45.6257,"stabilizedPalmPosition":[-1.47017,267.928,10.3879],"t":[29.6337,13.0843,-197.278],"timeVisible":0.868003,"type":"right","wrist":[8.1465,236.143,61.8526]}],"id":1411757,"interactionBox":{"center":[0,200,0],"size":[235.247,235.247,147.751]},"pointables":[{"bases":[[[0.565536,0.721874,0.398831],[-0.726741,0.207577,0.654798],[0.389893,-0.660159,0.642008]],[[0.355857,0.92913,0.100412],[-0.887898,0.302619,0.346494],[0.291552,-0.212458,0.932662]],[[0.355857,0.92913,0.100412],[-0.93454,0.353802,0.0381896],[-0.0000428913,-0.107429,0.994213]],[[0.355857,0.92913,0.100412],[-0.920653,0.366994,-0.133091],[-0.16051,-0.0450831,0.986004]]],"btipPosition":[-32.2784,245.83,-42.4022],"carpPosition":[-21.6101,230.688,59.9075],"dipPosition":[-35.9906,244.788,-19.5983],"direction":[0.0000428913,0.107429,-0.994213],"extended":false,"handId":406,"id":4060,"length":51.5018,"mcpPosition":[-21.6101,230.688,59.9075],"pipPosition":[-35.992,241.168,13.9002],"stabilizedTipPosition":[-33.2704,247.239,-39.7858],"timeVisible":0.868003,"tipPosition":[-31.744,246.556,-36.5164],"tipVelocity":[-11.1492,-185.897,212.236],"tool":false,"touchDistance":0.333333,"touchZone":"hovering","type":0,"width":20.0112},{"bases":[[[0.975865,-0.0525029,-0.211967],[0.16066,0.830041,0.53406],[0.147902,-0.555226,0.818443]],[[0.978833,-0.0644872,-0.194234],[0.0807436,0.993759,0.0769678],[0.188058,-0.0910218,0.977931]],[[0.978833,-0.0644872,-0.194234],[0.0552431,0.997084,-0.0526447],[0.197062,0.0408004,0.979542]],[[0.978833,-0.0644872,-0.194234],[0.041429,0.991846,-0.120521],[0.200422,0.109924,0.973523]]],"btipPosition":[-36.6562,291.959,-77.0723],"carpPosition":[-9.82847,250.559,63.7827],"dipPosition":[-33.2723,293.815,-60.6353],"direction":[-0.197062,-0.0408004,-0.979542],"extended":true,"handId":406,"id":4061,"length":58.114,"mcpPosition":[-20.5812,290.926,4.28026],"pipPosition":[-28.5654,294.79,-37.2385],"stabilizedTipPosition":[-35.9249,272.802,-59.7646],"timeVisible":0.868003,"tipPosition":[-34.9519,300.081,-72.5481],"tipVelocity":[11.137,752.842,-416.846],"tool":false,"touchDistance":-0.402218,"touchZone":"touching","type":1,"width":19.1147},{"bases":[[[0.945093,-0.267761,-0.187361],[0.326537,0.796824,0.508375],[0.0131712,-0.541642,0.840506]],[[0.944377,-0.252828,-0.210308],[0.103947,0.836197,-0.538489],[0.312003,0.486676,0.815966]],[[0.944377,-0.252828,-0.210308],[-0.236947,-0.0796434,-0.968253],[0.228051,0.964228,-0.13512]],[[0.944377,-0.252828,-0.210308],[-0.322391,-0.58549,-0.743818],[0.0649248,0.770246,-0.634433]]],"btipPosition":[-21.2812,224.41,-19.5831],"carpPosition":[2.10237,251.647,61.6532],"dipPosition":[-20.0755,238.714,-31.3647],"direction":[-0.228051,-0.964228,0.13512],"extended":false,"handId":406,"id":4062,"length":66.2163,"mcpPosition":[1.19428,288.991,3.70432],"pipPosition":[-13.6671,265.809,-35.1618],"stabilizedTipPosition":[-20.791,227.975,-22.0601],"timeVisible":0.868003,"tipPosition":[-20.3493,228.579,-19.1883],"tipVelocity":[-0.225465,-61.9962,3.53618],"tool":false,"touchDistance":0.333333,"touchZone":"none","type":2,"width":18.7732},{"bases":[[[0.909407,-0.40385,-0.0994187],[0.393479,0.757985,0.520224],[-0.134735,-0.512215,0.848223]],[[0.913659,-0.385194,-0.129817],[0.251559,0.786686,-0.563776],[0.319288,0.482442,0.815662]],[[0.913659,-0.385194,-0.129817],[-0.178668,-0.0937034,-0.979437],[0.365109,0.918066,-0.154435]],[[0.913659,-0.385194,-0.129817],[-0.345602,-0.568017,-0.746938],[0.213978,0.727312,-0.652097]]],"btipPosition":[-5.90344,221.405,-13.0913],"carpPosition":[13.7995,249.56,59.1607],"dipPosition":[-1.95262,234.834,-25.1314],"direction":[-0.365109,-0.918066,0.154435],"extended":false,"handId":406,"id":4063,"length":63.6687,"mcpPosition":[22.1398,281.267,6.65456],"pipPosition":[8.04236,259.966,-29.3591],"stabilizedTipPosition":[-4.76877,225.458,-17.0013],"timeVisible":0.868003,"tipPosition":[-4.59139,225.822,-16.7126],"tipVelocity":[-7.03965,-73.6359,69.8612],"tool":false,"touchDistance":0.333333,"touchZone":"none","type":3,"width":17.8639},{"bases":[[[0.810102,-0.580072,-0.0851582],[0.516675,0.637693,0.571309],[-0.277095,-0.506818,0.816305]],[[0.801347,-0.595141,-0.0604207],[0.461965,0.679852,-0.569552],[0.380041,0.428497,0.819731]],[[0.801347,-0.595141,-0.0604207],[-0.160672,-0.116843,-0.980067],[0.576218,0.795082,-0.189254]],[[0.801347,-0.595141,-0.0604207],[-0.439836,-0.517731,-0.733825],[0.405447,0.614623,-0.676647]]],"btipPosition":[8.45803,228.893,-5.13987],"carpPosition":[23.903,240.661,55.0952],"dipPosition":[15.3642,239.362,-16.6656],"direction":[-0.576218,-0.795082,0.189254],"extended":false,"handId":406,"id":4064,"length":49.9151,"mcpPosition":[39.7809,269.702,8.31975],"pipPosition":[26.5015,254.73,-20.3235],"stabilizedTipPosition":[9.65035,232.848,-10.281],"timeVisible":0.868003,"tipPosition":[10.529,232.504,-5.8993],"tipVelocity":[25.489,-81.9311,119.701],"tool":false,"touchDistance":0.333333,"touchZone":"none","type":4,"width":15.8681}],"r":[[0.993617,0.00133994,0.112801],[-0.00481069,0.999523,0.0305021],[-0.112707,-0.0308501,0.993149]],"s":1.15364,"t":[29.6337,13.0843,-197.278],"timestamp":88684648297},false],[3,{"currentFrameRate":55.0336,"devices":[],"gestures":[],"hands":[{"armBasis":[[0.957841,-0.0923818,-0.27204],[0.209074,0.873581,0.439481],[0.197049,-0.47783,0.856067]],"armWidth":62.9686,"confidence":0.473969,"direction":[0.0535987,0.640582,-0.766017],"elbow":[59.5611,111.034,289.978],"grabStrength":0.0853997,"id":406,"palmNormal":[-0.202143,-0.744277,-0.636546],"palmPosition":[1.6163,270.956,18.6463],"palmVelocity":[16.9976,68.331,79.0602],"palmWidth":89.917,"pinchStrength":0.985514,"r":[[0.992405,-0.00835318,0.122733],[0.00988615,0.99988,-0.0118866],[-0.122619,0.0130097,0.992369]],"s":1.21818,"sphereCenter":[-1.17618,244.274,-24.6329],"sphereRadius":45.036,"stabilizedPalmPosition":[-1.06756,268.323,11.4651],"t":[29.8784,14.3241,-195.953],"timeVisible":0.8857,"type":"right","wrist":[6.98535,238.526,61.5659]}],"id":1411758,"interactionBox":{"center":[0,200,0],"size":[235.247,235.247,147.751]},"pointables":[{"bases":[[[0.58476,0.714661,0.383816],[-0.717515,0.23493,0.655728],[0.378454,-0.658838,0.650158]],[[0.378715,0.921677,0.0841868],[-0.879272,0.329909,0.343571],[0.288887,-0.204139,0.935346]],[[0.378715,0.921677,0.0841868],[-0.925501,0.377618,0.0292116],[-0.00486676,-0.0889778,0.996022]],[[0.378715,0.921677,0.0841868],[-0.909203,0.3875,-0.152293],[-0.172988,-0.0188672,0.984743]]],"btipPosition":[-32.988,247.245,-42.5871],"carpPosition":[-22.9023,233.74,59.8868],"dipPosition":[-36.9888,246.808,-19.8123],"direction":[0.00486676,0.0889778,-0.996022],"extended":false,"handId":406,"id":4060,"length":51.5018,"mcpPosition":[-22.9023,233.74,59.8868],"pipPosition":[-37.1528,243.81,13.7472],"stabilizedTipPosition":[-33.5049,247.204,-38.8899],"timeVisible":0.8857,"tipPosition":[-32.9642,248.038,-36.7972],"tipVelocity":[-26.4543,-57.7985,107.832],"tool":false,"touchDistance":0.333333,"touchZone":"hovering","type":0,"width":20.0112},{"bases":[[[0.973005,-0.0787253,-0.216941],[0.183388,0.834424,0.519717],[0.140106,-0.545472,0.826336]],[[0.97564,-0.0897408,-0.200184],[0.112529,0.988031,0.105507],[0.18832,-0.125464,0.974061]],[[0.97564,-0.0897408,-0.200184],[0.0943935,0.995439,0.0138],[0.198033,-0.03236,0.979661]],[[0.97564,-0.0897408,-0.200184],[0.0831672,0.995691,-0.0410264],[0.203003,0.0233782,0.978899]]],"btipPosition":[-36.9744,298.751,-77.9858],"carpPosition":[-10.6355,253.389,63.3724],"dipPosition":[-33.5468,299.146,-61.4579],"direction":[-0.198033,0.03236,-0.979661],"extended":true,"handId":406,"id":4061,"length":58.114,"mcpPosition":[-20.8215,293.046,3.29612],"pipPosition":[-28.8168,298.373,-38.0584],"stabilizedTipPosition":[-36.052,285.479,-66.7846],"timeVisible":0.8857,"tipPosition":[-35.6496,301.813,-73.7481],"tipVelocity":[-2.22497,571.213,-245.347],"tool":false,"touchDistance":-0.403718,"touchZone":"touching","type":1,"width":19.1147},{"bases":[[[0.937373,-0.292784,-0.188704],[0.348278,0.796923,0.493574],[0.00587192,-0.528385,0.848985]],[[0.93682,-0.277529,-0.212946],[0.125509,0.83488,-0.535932],[0.326521,0.475345,0.816965]],[[0.93682,-0.277529,-0.212946],[-0.234243,-0.0455814,-0.971109],[0.259804,0.959635,-0.107711]],[[0.93682,-0.277529,-0.212946],[-0.336581,-0.549294,-0.764846],[0.0952973,0.788197,-0.608]]],"btipPosition":[-23.7245,226.347,-21.9752],"carpPosition":[1.30366,254.163,61.1543],"dipPosition":[-21.9548,240.984,-33.266],"direction":[-0.259804,-0.959635,0.107711],"extended":false,"handId":406,"id":4062,"length":66.2163,"mcpPosition":[0.898817,290.593,2.62083],"pipPosition":[-14.654,267.951,-36.2928],"stabilizedTipPosition":[-22.348,229.046,-23.6082],"timeVisible":0.8857,"tipPosition":[-22.6696,230.341,-21.62],"tipVelocity":[-61.3086,20.2871,-58.4008],"tool":false,"touchDistance":0.333333,"touchZone":"none","type":2,"width":18.7732},{"bases":[[[0.89908,-0.426586,-0.0983795],[0.414369,0.756719,0.505643],[-0.141255,-0.495379,0.857115]],[[0.903584,-0.408472,-0.129178],[0.266159,0.771518,-0.577858],[0.335702,0.487761,0.805849]],[[0.903584,-0.408472,-0.129178],[-0.18697,-0.104696,-0.976771],[0.385459,0.906747,-0.170973]],[[0.903584,-0.408472,-0.129178],[-0.363401,-0.571107,-0.736055],[0.226883,0.712031,-0.664482]]],"btipPosition":[-7.88665,222.923,-13.0623],"carpPosition":[12.9328,251.763,58.6255],"dipPosition":[-3.69755,236.07,-25.3311],"direction":[-0.385459,-0.906747,0.170973],"extended":false,"handId":406,"id":4063,"length":63.6687,"mcpPosition":[21.6767,282.428,5.56895],"pipPosition":[6.85453,260.892,-30.0115],"stabilizedTipPosition":[-5.83212,225.699,-16.4499],"timeVisible":0.8857,"tipPosition":[-6.50101,227.23,-16.737],"tipVelocity":[-54.7471,-0.738052,36.5396],"tool":false,"touchDistance":0.333333,"touchZone":"none","type":3,"width":17.8639},{"bases":[[[0.795781,-0.600182,-0.080702],[0.535046,0.634399,0.55791],[-0.283651,-0.487154,0.825968]],[[0.787171,-0.614134,-0.0565805],[0.472966,0.660004,-0.583693],[0.395809,0.432705,0.810001]],[[0.787171,-0.614134,-0.0565805],[-0.168038,-0.1253,-0.977785],[0.593401,0.779192,-0.20183]],[[0.787171,-0.614134,-0.0565805],[-0.454356,-0.515436,-0.726558],[0.41704,0.597633,-0.684771]]],"btipPosition":[6.6498,230.121,-5.42459],"carpPosition":[22.7997,242.566,54.6427],"dipPosition":[13.7535,240.301,-17.0887],"direction":[-0.593401,-0.779192,0.20183],"extended":false,"handId":406,"id":4064,"length":49.9151,"mcpPosition":[39.0533,270.481,7.31356],"pipPosition":[25.2228,255.361,-20.9897],"stabilizedTipPosition":[9.29011,232.746,-9.70808],"timeVisible":0.8857,"tipPosition":[8.78832,233.63,-6.32584],"tipVelocity":[-33.0639,-12.8694,55.3026],"tool":false,"touchDistance":0.333333,"touchZone":"none","type":4,"width":15.8681}],"r":[[0.992405,-0.00835318,0.122733],[0.00988615,0.99988,-0.0118866],[-0.122619,0.0130097,0.992369]],"s":1.21818,"t":[29.8784,14.3241,-195.953],"timestamp":88684665994},false],[4,{"currentFrameRate":55.0357,"devices":[],"gestures":[],"hands":[{"armBasis":[[0.947332,-0.124747,-0.294958],[0.253791,0.854168,0.453858],[0.195326,-0.504812,0.840841]],"armWidth":62.9686,"confidence":0.515965,"direction":[0.0659251,0.626751,-0.776426],"elbow":[57.6642,108.671,283.452],"grabStrength":0.0633418,"id":406,"palmNormal":[-0.245572,-0.743995,-0.621423],"palmPosition":[0.732418,275.377,15.8064],"palmVelocity":[-14.311,151.808,-33.1898],"palmWidth":89.917,"pinchStrength":1,"r":[[0.991573,-0.0238255,0.127343],[0.0302438,0.998355,-0.0487078],[-0.125973,0.0521487,0.990662]],"s":1.26313,"sphereCenter":[-5.76953,249.212,-26.5521],"sphereRadius":44.4111,"stabilizedPalmPosition":[-0.634153,270.021,12.5104],"t":[29.5589,17.1544,-196.71],"timeVisible":0.903863,"type":"right","wrist":[5.54809,243.363,59.1019]}],"id":1411759,"interactionBox":{"center":[0,200,0],"size":[235.247,235.247,147.751]},"pointables":[{"bases":[[[0.621682,0.694539,0.362114],[-0.694249,0.274545,0.665315],[0.36267,-0.665012,0.652862]],[[0.421753,0.904235,0.0669579],[-0.860087,0.375598,0.345219],[0.28701,-0.203187,0.936131]],[[0.421753,0.904235,0.0669579],[-0.906676,0.421236,0.0223551],[-0.0079908,-0.0701374,0.997505]],[[0.421753,0.904235,0.0669579],[-0.887141,0.426783,-0.175605],[-0.187365,0.0146608,0.982181]]],"btipPosition":[-34.0971,251.876,-44.4538],"carpPosition":[-24.5417,239.829,58.0495],"dipPosition":[-38.4304,252.215,-21.7383],"direction":[0.0079908,0.0701374,-0.997505],"extended":false,"handId":406,"id":4060,"length":51.5018,"mcpPosition":[-24.5417,239.829,58.0495],"pipPosition":[-38.6996,249.852,11.8712],"stabilizedTipPosition":[-34.3484,249.726,-39.07],"timeVisible":0.903863,"tipPosition":[-34.8846,252.76,-38.7541],"tipVelocity":[-44.9642,96.0191,7.05276],"tool":false,"touchDistance":0.333333,"touchZone":"hovering","type":0,"width":20.0112},{"bases":[[[0.964473,-0.123115,-0.233739],[0.228407,0.833185,0.503619],[0.132745,-0.539115,0.831705]],[[0.966764,-0.133066,-0.218315],[0.15812,0.982184,0.10155],[0.200913,-0.132695,0.97058]],[[0.966764,-0.133066,-0.218315],[0.139853,0.990045,0.0158636],[0.214031,-0.0458682,0.975749]],[[0.966764,-0.133066,-0.218315],[0.127835,0.991068,-0.037975],[0.221418,0.00880443,0.975139]]],"btipPosition":[-38.4226,304.761,-80.4327],"carpPosition":[-11.3912,258.986,61.0112],"dipPosition":[-34.6842,304.91,-63.9683],"direction":[-0.214031,0.0458682,-0.975749],"extended":true,"handId":406,"id":4061,"length":58.114,"mcpPosition":[-21.0421,298.181,0.544549],"pipPosition":[-29.572,303.814,-40.6622],"stabilizedTipPosition":[-36.9214,296.595,-72.4593],"timeVisible":0.903863,"tipPosition":[-37.0755,306.625,-76.3654],"tipVelocity":[-37.3062,455.139,-192.981],"tool":false,"touchDistance":-0.428602,"touchZone":"touching","type":1,"width":19.1147},{"bases":[[[0.920376,-0.335041,-0.201631],[0.391034,0.788338,0.47499],[-0.000187823,-0.516014,0.85658]],[[0.919994,-0.319925,-0.226404],[0.15035,0.821549,-0.549957],[0.361947,0.471917,0.803921]],[[0.919994,-0.319925,-0.226404],[-0.253532,-0.0452622,-0.966268],[0.298886,0.946361,-0.122752]],[[0.919994,-0.319925,-0.226404],[-0.373559,-0.540972,-0.753527],[0.118594,0.777816,-0.617202]]],"btipPosition":[-27.3034,231.28,-23.8776],"carpPosition":[0.525292,259.219,58.5607],"dipPosition":[-25.101,245.724,-35.3393],"direction":[-0.298886,-0.946361,0.122752],"extended":false,"handId":406,"id":4062,"length":66.2163,"mcpPosition":[0.538242,294.796,-0.496451],"pipPosition":[-16.702,272.318,-38.7888],"stabilizedTipPosition":[-25.3551,232.801,-25.5722],"timeVisible":0.903863,"tipPosition":[-26.1275,235.181,-23.833],"tipVelocity":[-123.416,138.94,-81.5287],"tool":false,"touchDistance":0.333333,"touchZone":"none","type":2,"width":18.7732},{"bases":[[[0.878203,-0.465794,-0.10861],[0.455586,0.745535,0.486435],[-0.145606,-0.47667,0.86694]],[[0.882889,-0.448274,-0.139851],[0.286858,0.750655,-0.595172],[0.371779,0.485354,0.791336]],[[0.882889,-0.448274,-0.139851],[-0.210068,-0.110681,-0.971402],[0.419975,0.887018,-0.191887]],[[0.882889,-0.448274,-0.139851],[-0.401101,-0.565046,-0.721],[0.244183,0.692657,-0.678676]]],"btipPosition":[-11.4153,227.297,-14.9675],"carpPosition":[11.9921,256.292,55.853],"dipPosition":[-6.90674,240.086,-27.4984],"direction":[-0.419975,-0.887018,0.191887],"extended":false,"handId":406,"id":4063,"length":63.6687,"mcpPosition":[21.0053,285.798,2.18828],"pipPosition":[4.59021,264.368,-32.7513],"stabilizedTipPosition":[-8.52326,228.386,-17.2785],"timeVisible":0.903863,"tipPosition":[-9.9275,231.466,-18.7108],"tipVelocity":[-119.348,112.284,-32.4824],"tool":false,"touchDistance":0.333333,"touchZone":"none","type":3,"width":17.8639},{"bases":[[[0.768019,-0.63457,-0.0864111],[0.571967,0.61895,0.538289],[-0.288098,-0.46284,0.838319]],[[0.759466,-0.647547,-0.0624023],[0.488587,0.631094,-0.602498],[0.429527,0.427088,0.795677]],[[0.759466,-0.647547,-0.0624023],[-0.190856,-0.130082,-0.972961],[0.62192,0.750841,-0.222381]],[[0.759466,-0.647547,-0.0624023],[-0.488279,-0.504017,-0.712425],[0.429877,0.571533,-0.698968]]],"btipPosition":[3.54027,233.978,-7.80882],"carpPosition":[21.3834,246.627,51.8267],"dipPosition":[10.8626,243.713,-19.7147],"direction":[-0.62192,-0.750841,0.222381],"extended":false,"handId":406,"id":4064,"length":49.9151,"mcpPosition":[37.8918,273.149,3.78981],"pipPosition":[22.8832,258.225,-24.0129],"stabilizedTipPosition":[7.76798,234.045,-10.0222],"timeVisible":0.903863,"tipPosition":[5.79871,237.354,-8.84351],"tipVelocity":[-97.6105,91.8308,-35.1182],"tool":false,"touchDistance":0.333333,"touchZone":"none","type":4,"width":15.8681}],"r":[[0.991573,-0.0238255,0.127343],[0.0302438,0.998355,-0.0487078],[-0.125973,0.0521487,0.990662]],"s":1.26313,"t":[29.5589,17.1544,-196.71],"timestamp":88684684157},false],[5,{"currentFrameRate":54.9841,"devices":[],"gestures":[],"hands":[{"armBasis":[[0.932414,-0.166721,-0.320637],[0.300952,0.849414,0.433502],[0.20008,-0.5007,0.84218]],"armWidth":62.9686,"confidence":0.538296,"direction":[0.0795479,0.610758,-0.787811],"elbow":[57.5679,113.226,282.078],"grabStrength":0.0511994,"id":406,"palmNormal":[-0.290895,-0.741693,-0.604377],"palmPosition":[0.00439509,278.335,13.6442],"palmVelocity":[-26.4838,156.261,-73.8192],"palmWidth":89.917,"pinchStrength":1,"r":[[0.990775,-0.0446973,0.127937],[0.0554128,0.995135,-0.0814602],[-0.123673,0.0877981,0.988431]],"s":1.29227,"sphereCenter":[-9.84068,252.551,-27.7844],"sphereRadius":43.9371,"stabilizedPalmPosition":[-0.436462,272.595,12.8615],"t":[29.0351,20.0488,-198.17],"timeVisible":0.922229,"type":"right","wrist":[4.18345,246.821,57.3706]}],"id":1411760,"interactionBox":{"center":[0,200,0],"size":[235.247,235.247,147.751]},"pointables":[{"bases":[[[0.65937,0.671005,0.339092],[-0.668277,0.316465,0.673243],[0.344438,-0.670523,0.657085]],[[0.471098,0.880441,0.0537616],[-0.8358,0.426068,0.346271],[0.281965,-0.208062,0.936593]],[[0.471098,0.880441,0.0537616],[-0.881942,0.471229,0.0110123],[-0.0156383,-0.0526025,0.998493]],[[0.471098,0.880441,0.0537616],[-0.858554,0.471663,-0.201045],[-0.202365,0.0485544,0.978106]]],"btipPosition":[-34.7524,255.563,-45.5377],"carpPosition":[-26.0504,244.65,56.9274],"dipPosition":[-39.4326,256.686,-22.9165],"direction":[0.0156383,0.0526025,-0.998493],"extended":false,"handId":406,"id":4060,"length":51.5018,"mcpPosition":[-26.0504,244.65,56.9274],"pipPosition":[-39.9595,254.914,10.7263],"stabilizedTipPosition":[-35.3254,253.749,-39.9048],"timeVisible":0.922229,"tipPosition":[-36.3115,256.395,-39.942],"tipVelocity":[-42.5892,151.09,-25.2684],"tool":false,"touchDistance":0.333333,"touchZone":"hovering","type":0,"width":20.0112},{"bases":[[[0.953263,-0.170764,-0.249257],[0.275563,0.829706,0.485441],[0.123914,-0.531438,0.837985]],[[0.955257,-0.179899,-0.234777],[0.205525,0.974553,0.0894819],[0.212705,-0.133731,0.967922]],[[0.955257,-0.179899,-0.234777],[0.186314,0.982476,0.00524481],[0.229719,-0.0487522,0.972035]],[[0.955257,-0.179899,-0.234777],[0.17326,0.983667,-0.0487797],[0.239718,0.00591972,0.970825]]],"btipPosition":[-39.5629,308.609,-82.2967],"carpPosition":[-11.9892,263.231,59.3293],"dipPosition":[-35.5155,308.709,-65.9052],"direction":[-0.229719,0.0487522,-0.972035],"extended":true,"handId":406,"id":4061,"length":58.114,"mcpPosition":[-20.998,301.867,-1.5939],"pipPosition":[-30.0286,307.545,-42.6878],"stabilizedTipPosition":[-38.017,304.304,-76.3452],"timeVisible":0.922229,"tipPosition":[-38.1446,309.983,-78.3257],"tipVelocity":[-47.3558,336.808,-149.451],"tool":false,"touchDistance":-0.442286,"touchZone":"touching","type":1,"width":19.1147},{"bases":[[[0.900203,-0.379919,-0.21283],[0.435409,0.777023,0.454592],[-0.0073349,-0.501893,0.864899]],[[0.900035,-0.365162,-0.237894],[0.176995,0.805079,-0.566146],[0.398258,0.467445,0.789231]],[[0.900035,-0.365162,-0.237894],[-0.273532,-0.0483517,-0.960647],[0.339289,0.929687,-0.143402]],[[0.900035,-0.365162,-0.237894],[-0.411939,-0.534602,-0.737907],[0.142277,0.76214,-0.631585]]],"btipPosition":[-30.7638,234.94,-24.807],"carpPosition":[-0.12318,262.88,56.6577],"dipPosition":[-28.1217,249.093,-36.5358],"direction":[-0.339289,-0.929687,0.143402],"extended":false,"handId":406,"id":4062,"length":66.2163,"mcpPosition":[0.382526,297.483,-2.97292],"pipPosition":[-18.5873,275.218,-40.5656],"stabilizedTipPosition":[-28.9552,236.846,-27.0213],"timeVisible":0.922229,"tipPosition":[-29.4266,238.772,-24.9057],"tipVelocity":[-152.009,166.187,-68.2739],"tool":false,"touchDistance":0.333333,"touchZone":"none","type":2,"width":18.7732},{"bases":[[[0.85391,-0.507123,-0.116892],[0.498157,0.731499,0.465564],[-0.150592,-0.455781,0.877261]],[[0.858727,-0.490586,-0.14803],[0.312866,0.730728,-0.606754],[0.405835,0.474723,0.780984]],[[0.858727,-0.490586,-0.14803],[-0.226789,-0.104799,-0.968289],[0.459516,0.865068,-0.201253]],[[0.858727,-0.490586,-0.14803],[-0.436044,-0.547821,-0.713973],[0.269171,0.677656,-0.684346]]],"btipPosition":[-15.001,230.448,-16.8514],"carpPosition":[11.1452,259.389,53.7899],"dipPosition":[-10.0311,242.96,-29.4869],"direction":[-0.459516,-0.865068,0.201253],"extended":false,"handId":406,"id":4063,"length":63.6687,"mcpPosition":[20.467,287.602,-0.513687],"pipPosition":[2.54829,266.642,-34.9963],"stabilizedTipPosition":[-12.0175,231.622,-18.9022],"timeVisible":0.922229,"tipPosition":[-13.3924,234.351,-20.2862],"tipVelocity":[-153.043,139.119,-66.797],"tool":false,"touchDistance":0.333333,"touchZone":"none","type":3,"width":17.8639},{"bases":[[[0.736615,-0.670313,-0.0898805],[0.609632,0.600557,0.517378],[-0.292827,-0.435902,0.851024]],[[0.728022,-0.682395,-0.065732],[0.504463,0.598172,-0.622661],[0.46422,0.420152,0.779726]],[[0.728022,-0.682395,-0.065732],[-0.214776,-0.135975,-0.967152],[0.651041,0.718226,-0.245555]],[[0.728022,-0.682395,-0.065732],[-0.523446,-0.491394,-0.696087],[0.442706,0.541174,-0.714942]]],"btipPosition":[0.443678,236.439,-9.33239],"carpPosition":[20.0094,249.243,49.7537],"dipPosition":[7.98452,245.658,-21.5104],"direction":[-0.651041,-0.718226,0.245555],"extended":false,"handId":406,"id":4064,"length":49.9151,"mcpPosition":[36.7888,274.221,0.988843],"pipPosition":[20.5679,259.54,-26.2565],"stabilizedTipPosition":[5.21736,236.105,-10.9855],"timeVisible":0.922229,"tipPosition":[2.8271,239.674,-10.5141],"tipVelocity":[-130.415,109.006,-59.7464],"tool":false,"touchDistance":0.333333,"touchZone":"none","type":4,"width":15.8681}],"r":[[0.990775,-0.0446973,0.127937],[0.0554128,0.995135,-0.0814602],[-0.123673,0.0877981,0.988431]],"s":1.29227,"t":[29.0351,20.0488,-198.17],"timestamp":88684702523},false],[6,{"currentFrameRate":55.0546,"devices":[],"gestures":[],"hands":[{"armBasis":[[0.912314,-0.205707,-0.354072],[0.350657,0.838998,0.416079],[0.211475,-0.503753,0.837563]],"armWidth":62.9686,"confidence":0.543405,"direction":[0.0963863,0.598853,-0.795038],"elbow":[59.1956,114.911,278.445],"grabStrength":0.0348806,"id":406,"palmNormal":[-0.338067,-0.731576,-0.592037],"palmPosition":[-0.58117,280.609,11.0106],"palmVelocity":[-29.4092,142.383,-108.367],"palmWidth":89.917,"pinchStrength":1,"r":[[0.989518,-0.0710551,0.125718],[0.0850529,0.990316,-0.109724],[-0.116704,0.119267,0.985979]],"s":1.30851,"sphereCenter":[-14.4524,256.283,-29.3942],"sphereRadius":43.3048,"stabilizedPalmPosition":[-0.480049,275.009,12.3039],"t":[28.4804,22.6326,-200.217],"timeVisible":0.940148,"type":"right","wrist":[2.77063,249.321,54.9699]}],"id":1411761,"interactionBox":{"center":[0,200,0],"size":[235.247,235.247,147.751]},"pointables":[{"bases":[[[0.697898,0.64008,0.321304],[-0.639855,0.355694,0.681225],[0.321752,-0.681014,0.657796]],[[0.520929,0.852455,0.044193],[-0.809882,0.47723,0.34109],[0.269674,-0.213475,0.938991]],[[0.520929,0.852455,0.044193],[-0.853006,0.521799,-0.010295],[-0.0318359,-0.0323339,0.99897]],[[0.520929,0.852455,0.044193],[-0.820375,0.514285,-0.249992],[-0.235835,0.0939732,0.967239]]],"btipPosition":[-34.3129,258.114,-47.2914],"carpPosition":[-27.5371,248.667,55.0567],"dipPosition":[-39.7672,260.287,-24.9215],"direction":[0.0318359,0.0323339,-0.99897],"extended":false,"handId":406,"id":4060,"length":51.5018,"mcpPosition":[-27.5371,248.667,55.0567],"pipPosition":[-40.8399,259.198,8.7373],"stabilizedTipPosition":[-35.4958,257.175,-41.4833],"timeVisible":0.940148,"tipPosition":[-36.8084,259.313,-41.7842],"tipVelocity":[-15.5877,153.319,-61.0772],"tool":false,"touchDistance":0.333333,"touchZone":"hovering","type":0,"width":20.0112},{"bases":[[[0.939067,-0.220666,-0.263554],[0.325105,0.819171,0.472511],[0.111628,-0.529402,0.840995]],[[0.940695,-0.228907,-0.250387],[0.257112,0.962548,0.0859879],[0.221326,-0.145266,0.96432]],[[0.940695,-0.228907,-0.250387],[0.236976,0.971513,0.00214028],[0.242764,-0.061349,0.968144]],[[0.940695,-0.228907,-0.250387],[0.222849,0.973428,-0.0526841],[0.255793,-0.00623883,0.966711]]],"btipPosition":[-40.1536,312.765,-84.4915],"carpPosition":[-12.524,266.539,57.038],"dipPosition":[-35.8347,312.66,-68.1695],"direction":[-0.242764,0.061349,-0.968144],"extended":true,"handId":406,"id":4061,"length":58.114,"mcpPosition":[-20.6396,305.027,-4.10407],"pipPosition":[-30.0362,311.195,-45.045],"stabilizedTipPosition":[-38.7827,309.955,-79.2871],"timeVisible":0.940148,"tipPosition":[-38.7046,313.619,-80.5914],"tipVelocity":[-38.9138,286.033,-137.138],"tool":false,"touchDistance":-0.459553,"touchZone":"touching","type":1,"width":19.1147},{"bases":[[[0.87624,-0.426555,-0.224173],[0.481557,0.75825,0.439501],[-0.0174919,-0.49306,0.869819]],[[0.876377,-0.411932,-0.249551],[0.206103,0.789064,-0.578705],[0.435299,0.455731,0.776418]],[[0.876377,-0.411932,-0.249551],[-0.29298,-0.044721,-0.955072],[0.382265,0.910117,-0.15988]],[[0.876377,-0.411932,-0.249551],[-0.451099,-0.520515,-0.724965],[0.168741,0.747914,-0.64199]]],"btipPosition":[-34.1422,238.391,-26.3666],"carpPosition":[-0.738382,265.569,54.1708],"dipPosition":[-31.0086,252.28,-38.2886],"direction":[-0.382265,-0.910117,0.15988],"extended":false,"handId":406,"id":4062,"length":66.2163,"mcpPosition":[0.467602,299.563,-5.79907],"pipPosition":[-20.2666,277.855,-42.7814],"stabilizedTipPosition":[-32.4748,240.581,-28.6662],"timeVisible":0.940148,"tipPosition":[-32.6599,242.15,-26.7075],"tipVelocity":[-166.279,177.069,-78.3042],"tool":false,"touchDistance":0.333333,"touchZone":"none","type":2,"width":18.7732},{"bases":[[[0.825304,-0.550402,-0.126218],[0.542126,0.709732,0.449865],[-0.158026,-0.439702,0.884132]],[[0.830331,-0.534671,-0.157094],[0.345275,0.714864,-0.608075],[0.43742,0.450663,0.778181]],[[0.830331,-0.534671,-0.157094],[-0.236523,-0.0828785,-0.968085],[0.504587,0.840987,-0.195279]],[[0.830331,-0.534671,-0.157094],[-0.468061,-0.516132,-0.717305],[0.302441,0.66913,-0.678819]]],"btipPosition":[-18.6389,233.433,-20.0599],"carpPosition":[10.2898,261.49,51.1485],"dipPosition":[-13.0547,245.788,-32.5934],"direction":[-0.504587,-0.840987,0.195279],"extended":false,"handId":406,"id":4063,"length":63.6687,"mcpPosition":[20.0718,288.708,-3.58041],"pipPosition":[0.75849,268.81,-37.9392],"stabilizedTipPosition":[-15.5114,234.668,-21.5473],"timeVisible":0.940148,"tipPosition":[-16.8818,237.05,-22.9713],"tipVelocity":[-172.921,151.131,-119.194],"tool":false,"touchDistance":0.333333,"touchZone":"none","type":3,"width":17.8639},{"bases":[[[0.700472,-0.707245,-0.0956251],[0.647786,0.573831,0.501089],[-0.29952,-0.412943,0.860096]],[[0.691716,-0.718647,-0.0712492],[0.522025,0.565745,-0.638297],[0.499019,0.404326,0.766486]],[[0.691716,-0.718647,-0.0712492],[-0.237585,-0.133287,-0.962179],[0.68197,0.682482,-0.262936]],[[0.691716,-0.718647,-0.0712492],[-0.558385,-0.469662,-0.68383],[0.457969,0.512801,-0.726154]]],"btipPosition":[-2.69205,238.484,-11.5521],"carpPosition":[18.5639,250.876,47.0643],"dipPosition":[5.10878,247.219,-23.921],"direction":[-0.68197,-0.682482,0.262936],"extended":false,"handId":406,"id":4064,"length":49.9151,"mcpPosition":[35.7268,274.538,-2.22038],"pipPosition":[18.29,260.41,-29.0031],"stabilizedTipPosition":[2.27022,238.22,-12.6296],"timeVisible