{"sensorType":"Leap","data":[[0,{"currentFrameRate":55.3329,"devices":[],"gestures":[],"hands":[{"armBasis":[[0.914054,-0.124246,-0.386093],[0.318342,0.809626,0.493117],[0.251323,-0.573645,0.779595]],"armWidth":62.9686,"confidence":0.728133,"direction":[0.137298,0.496892,-0.856883],"elbow":[61.5732,106.129,288.174],"grabStrength":0,"id":405,"palmNormal":[-0.315208,-0.798188,-0.513361],"palmPosition":[-6.57639,284.861,32.6022],"palmVelocity":[-66.0797,165.61,-147.405],"palmWidth":89.917,"pinchStrength":1,"r":[[0.938825,-0.338662,0.0625777],[0.333942,0.939603,0.0750232],[-0.0842057,-0.0495363,0.995216]],"s":0.716689,"sphereCenter":[-41.7624,265.826,-4.80822],"sphereRadius":50.3134,"stabilizedPalmPosition":[-5.31726,281.783,35.3654],"t":[45.9098,27.5418,-209.949],"timeVisible":9.01989,"type":"right","wrist":[-5.48378,259.187,80.1655]}],"id":1410853,"interactionBox":{"center":[0,200,0],"size":[235.247,235.247,147.751]},"pointables":[{"bases":[[[0.686588,0.673832,0.273032],[-0.66835,0.437138,0.601846],[0.286191,-0.595701,0.75049]],[[0.55172,0.834,0.00692683],[-0.82107,0.541671,0.180103],[0.146454,-0.105054,0.983623]],[[0.55172,0.834,0.00692683],[-0.827603,0.548479,-0.119347],[-0.103335,0.0601137,0.992828]],[[0.55172,0.834,0.00692683],[-0.796347,0.529243,-0.292804],[-0.247864,0.15603,0.956148]]],"btipPosition":[-33.7768,258.131,-25.1771],"carpPosition":[-35.7667,258.583,78.9093],"dipPosition":[-39.5093,261.739,-3.06371],"direction":[0.103335,-0.0601137,-0.992828],"extended":false,"handId":405,"id":4050,"length":51.5018,"mcpPosition":[-35.7667,258.583,78.9093],"pipPosition":[-42.9911,263.765,30.3882],"stabilizedTipPosition":[-34.0749,256.418,-17.9352],"timeVisible":9.01989,"tipPosition":[-35.8664,258.406,-19.816],"tipVelocity":[-69.9522,180.455,-150.402],"tool":false,"touchDistance":-0.711281,"touchZone":"touching","type":0,"width":20.0112},{"bases":[[[0.94876,-0.252316,-0.190239],[0.30841,0.870503,0.383547],[0.0688284,-0.422566,0.903715]],[[0.94098,-0.220084,-0.257137],[0.25449,0.960932,0.10883],[0.22314,-0.167845,0.960227]],[[0.94098,-0.220084,-0.257137],[0.228195,0.973614,0.00175392],[0.249966,-0.0603279,0.966373]],[[0.94098,-0.220084,-0.257137],[0.207338,0.975311,-0.0760262],[0.26752,0.0182249,0.96338]]],"btipPosition":[-45.7047,315.526,-66.424],"carpPosition":[-20.7398,276.546,79.3931],"dipPosition":[-41.1878,315.834,-50.1582],"direction":[-0.249966,0.0603279,-0.966373],"extended":true,"handId":405,"id":4051,"length":58.114,"mcpPosition":[-25.7437,307.267,13.6911],"pipPosition":[-35.2173,314.393,-27.076],"stabilizedTipPosition":[-44.1627,313.971,-61.5508],"timeVisible":9.01989,"tipPosition":[-44.8765,313.958,-62.6753],"tipVelocity":[-64.2045,206.381,-139.914],"tool":false,"touchDistance":-0.705779,"touchZone":"touching","type":1,"width":19.1147},{"bases":[[[0.882766,-0.451764,-0.128974],[0.465805,0.805825,0.365611],[-0.0612395,-0.382826,0.921789]],[[0.882175,-0.455212,-0.120621],[0.352426,0.808063,-0.472048],[0.312351,0.373919,0.873282]],[[0.882175,-0.455212,-0.120621],[0.0346477,0.318183,-0.947396],[0.469646,0.83159,0.296465]],[[0.882175,-0.455212,-0.120621],[-0.169763,-0.0684923,-0.983102],[0.439258,0.887745,-0.1377]]],"btipPosition":[-40.8511,243.948,-33.7007],"carpPosition":[-8.84063,275.219,77.2222],"dipPosition":[-32.6939,260.434,-36.2579],"direction":[-0.469646,-0.83159,-0.296465],"extended":false,"handId":405,"id":4052,"length":66.2163,"mcpPosition":[-4.61846,301.613,13.6693],"pipPosition":[-19.4964,283.802,-27.9269],"stabilizedTipPosition":[-38.0367,245.647,-32.6621],"timeVisible":9.01989,"tipPosition":[-38.865,248.242,-34.652],"tipVelocity":[-78.3622,174.585,-134.245],"tool":false,"touchDistance":-0.193911,"touchZone":"touching","type":2,"width":18.7732},{"bases":[[[0.826489,-0.562628,-0.0191113],[0.525495,0.758875,0.384661],[-0.201918,-0.327961,0.92286]],[[0.837143,-0.54187,-0.0746191],[0.451589,0.761658,-0.464698],[0.30864,0.355322,0.88232]],[[0.837143,-0.54187,-0.0746191],[0.105492,0.293801,-0.950028],[0.536715,0.787437,0.303117]],[[0.837143,-0.54187,-0.0746191],[-0.135137,-0.0726995,-0.988156],[0.530027,0.837312,-0.134087]]],"btipPosition":[-23.3195,238.385,-26.6631],"carpPosition":[2.28783,270.789,75.2421],"dipPosition":[-13.5332,253.845,-29.1388],"direction":[-0.536715,-0.787437,-0.303117],"extended":false,"handId":405,"id":4053,"length":63.6687,"mcpPosition":[14.7868,291.09,18.1159],"pipPosition":[1.15951,275.401,-20.8409],"stabilizedTipPosition":[-20.0474,239.699,-25.394],"timeVisible":9.01989,"tipPosition":[-21.1535,241.613,-27.305],"tipVelocity":[-78.2037,176.086,-140.997],"tool":false,"touchDistance":-0.69606,"touchZone":"touching","type":3,"width":17.8639},{"bases":[[[0.6993,-0.714407,0.0245356],[0.62773,0.630152,0.457017],[-0.341957,-0.30419,0.88912]],[[0.642984,-0.750668,0.151886],[0.707937,0.506866,-0.491845],[0.292226,0.423774,0.857333]],[[0.642984,-0.750668,0.151886],[0.310294,0.0740188,-0.947755],[0.700207,0.65652,0.28052]],[[0.642984,-0.750668,0.151886],[0.00488717,-0.19429,-0.980932],[0.765864,0.631466,-0.121257]]],"btipPosition":[-6.52566,238.922,-11.3823],"carpPosition":[10.6698,259.745,72.8791],"dipPosition":[6.51971,249.678,-13.4478],"direction":[-0.700207,-0.65652,-0.28052],"extended":false,"handId":405,"id":4054,"length":49.9151,"mcpPosition":[30.2644,277.175,21.9313],"pipPosition":[20.0534,262.368,-8.02583],"stabilizedTipPosition":[-2.25078,238.363,-9.18333],"timeVisible":9.01989,"tipPosition":[-3.75889,241.165,-11.4625],"tipVelocity":[-71.8554,174.348,-152.32],"tool":false,"touchDistance":-0.611312,"touchZone":"hovering","type":4,"width":15.8681}],"r":[[0.938825,-0.338662,0.0625777],[0.333942,0.939603,0.0750232],[-0.0842057,-0.0495363,0.995216]],"s":0.716689,"t":[45.9098,27.5418,-209.949],"timestamp":88668125429},false],[1,{"currentFrameRate":55.3155,"devices":[],"gestures":[],"hands":[{"armBasis":[[0.911701,-0.128855,-0.390125],[0.325328,0.806334,0.49395],[0.250923,-0.577253,0.777056]],"armWidth":62.9686,"confidence":0.675981,"direction":[0.139708,0.497122,-0.856359],"elbow":[60.4198,106.784,286.558],"grabStrength":0,"id":405,"palmNormal":[-0.322161,-0.794968,-0.514041],"palmPosition":[-7.50365,286.557,31.7045],"palmVelocity":[-58.9547,131.281,-100.766],"palmWidth":89.917,"pinchStrength":1,"r":[[0.937456,-0.343045,0.0591282],[0.338486,0.937961,0.0752093],[-0.0812601,-0.0504913,0.995413]],"s":0.719408,"sphereCenter":[-43.8782,268.569,-5.58217],"sphereRadius":50.7931,"stabilizedPalmPosition":[-6.38283,284.11,33.5812],"t":[44.8462,29.8698,-211.72],"timeVisible":9.03803,"type":"right","wrist":[-6.53041,260.804,79.2272]}],"id":1410854,"interactionBox":{"center":[0,200,0],"size":[235.247,235.247,147.751]},"pointables":[{"bases":[[[0.692183,0.668131,0.272915],[-0.663992,0.441339,0.603601],[0.282836,-0.599016,0.749122]],[[0.55921,0.828977,0.00903092],[-0.816544,0.548874,0.178867],[0.14332,-0.107398,0.983832]],[[0.55921,0.828977,0.00903092],[-0.822732,0.556271,-0.116936],[-0.101961,0.0579619,0.993098]],[[0.55921,0.828977,0.00903092],[-0.794303,0.538876,-0.280527],[-0.237417,0.1497,0.959804]]],"btipPosition":[-34.9625,260.317,-26.1704],"carpPosition":[-36.819,260.434,78.0199],"dipPosition":[-40.4534,263.779,-3.97247],"direction":[0.101961,-0.0579619,-0.993098],"extended":false,"handId":405,"id":4050,"length":51.5018,"mcpPosition":[-36.819,260.434,78.0199],"pipPosition":[-43.8889,265.732,29.4885],"stabilizedTipPosition":[-35.2718,259.031,-19.6771],"timeVisible":9.03803,"tipPosition":[-36.9769,260.546,-20.768],"tipVelocity":[-66.3108,151.015,-104.334],"tool":false,"touchDistance":-0.683094,"touchZone":"touching","type":0,"width":20.0112},{"bases":[[[0.946484,-0.259297,-0.192178],[0.315706,0.867529,0.384348],[0.0670595,-0.424451,0.902964]],[[0.938701,-0.226451,-0.259923],[0.263814,0.95723,0.118793],[0.221905,-0.180083,0.958294]],[[0.938701,-0.226451,-0.259923],[0.2373,0.971377,0.0107111],[0.250058,-0.0717342,0.96557]],[[0.938701,-0.226451,-0.259923],[0.216099,0.973991,-0.0681303],[0.268591,0.0077848,0.963223]]],"btipPosition":[-46.4582,318.366,-67.1527],"carpPosition":[-21.654,278.28,78.506],"dipPosition":[-41.9232,318.498,-50.8895],"direction":[-0.250058,0.0717342,-0.96557],"extended":true,"handId":405,"id":4051,"length":58.114,"mcpPosition":[-26.5294,309.139,12.8586],"pipPosition":[-35.9505,316.784,-27.8265],"stabilizedTipPosition":[-45.044,317.085,-62.8605],"timeVisible":9.03803,"tipPosition":[-45.6454,316.715,-63.4208],"tipVelocity":[-53.2997,181.591,-92.4174],"tool":false,"touchDistance":-0.674473,"touchZone":"touching","type":1,"width":19.1147},{"bases":[[[0.879061,-0.458326,-0.131104],[0.472571,0.801673,0.366056],[-0.06267,-0.383741,0.921312]],[[0.878442,-0.461867,-0.122549],[0.357908,0.80587,-0.471674],[0.316609,0.370477,0.873216]],[[0.878442,-0.461867,-0.122549],[0.0331721,0.314783,-0.948584],[0.476696,0.829211,0.29184]],[[0.878442,-0.461867,-0.122549],[-0.175392,-0.0730839,-0.981782],[0.444496,0.883933,-0.145208]]],"btipPosition":[-42.179,245.959,-34.3039],"carpPosition":[-9.76895,276.865,76.3136],"dipPosition":[-33.9245,262.374,-37.0005],"direction":[-0.476696,-0.829211,-0.29184],"extended":false,"handId":405,"id":4052,"length":66.2163,"mcpPosition":[-5.44815,303.323,12.7935],"pipPosition":[-20.5289,285.676,-28.7995],"stabilizedTipPosition":[-39.4619,248.243,-34.0989],"timeVisible":9.03803,"tipPosition":[-40.1802,250.221,-35.3576],"tipVelocity":[-75.3212,143.82,-86.9816],"tool":false,"touchDistance":-0.207423,"touchZone":"touching","type":2,"width":18.7732},{"bases":[[[0.822115,-0.568922,-0.0213159],[0.53193,0.754238,0.384936],[-0.202921,-0.3278,0.922697]],[[0.833122,-0.547487,-0.0785253],[0.458799,0.763382,-0.4547],[0.308887,0.342793,0.887176]],[[0.833122,-0.547487,-0.0785253],[0.108002,0.300278,-0.947718],[0.542442,0.781083,0.309298]],[[0.833122,-0.547487,-0.0785253],[-0.137921,-0.0681556,-0.988095],[0.535617,0.834034,-0.132292]]],"btipPosition":[-24.4941,240.727,-28.0034],"carpPosition":[1.32194,272.353,74.3085],"dipPosition":[-14.6047,256.127,-30.446],"direction":[-0.542442,-0.781083,-0.309298],"extended":false,"handId":405,"id":4053,"length":63.6687,"mcpPosition":[13.883,292.644,17.1924],"pipPosition":[0.244854,277.509,-21.9789],"stabilizedTipPosition":[-21.3045,242.344,-27.2293],"timeVisible":9.03803,"tipPosition":[-22.3712,243.828,-28.4785],"tipVelocity":[-71.1773,153.355,-108.832],"tool":false,"touchDistance":-0.674777,"touchZone":"touching","type":3,"width":17.8639},{"bases":[[[0.693837,-0.719786,0.0223119],[0.633292,0.624625,0.45693],[-0.342829,-0.302905,0.889223]],[[0.637635,-0.755725,0.149334],[0.711386,0.503292,-0.490538],[0.295553,0.419019,0.858529]],[[0.637635,-0.755725,0.149334],[0.306469,0.0710091,-0.949228],[0.706752,0.651028,0.276884]],[[0.637635,-0.755725,0.149334],[-0.00397514,-0.197081,-0.980379],[0.770328,0.624531,-0.12867]]],"btipPosition":[-7.84924,240.743,-12.1975],"carpPosition":[9.61509,261.249,71.9151],"dipPosition":[5.27217,251.381,-14.3892],"direction":[-0.706752,-0.651028,-0.276884],"extended":false,"handId":405,"id":4054,"length":49.9151,"mcpPosition":[29.2597,278.606,20.9614],"pipPosition":[18.9324,263.964,-9.03751],"stabilizedTipPosition":[-3.57166,240.834,-10.9842],"timeVisible":9.03803,"tipPosition":[-5.06145,242.954,-12.3749],"tipVelocity":[-71.9283,138.407,-101.932],"tool":false,"touchDistance":-0.591177,"touchZone":"touching","type":4,"width":15.8681}],"r":[[0.937456,-0.343045,0.0591282],[0.338486,0.937961,0.0752093],[-0.0812601,-0.0504913,0.995413]],"s":0.719408,"t":[44.8462,29.8698,-211.72],"timestamp":88668143567},false],[2,{"currentFrameRate":55.2698,"devices":[],"gestures":[],"hands":[{"armBasis":[[0.910964,-0.122457,-0.393891],[0.320726,0.81076,0.489697],[0.259384,-0.572427,0.777848]],"armWidth":62.9686,"confidence":0.638619,"direction":[0.139496,0.502172,-0.853443],"elbow":[61.3259,109.885,283.631],"grabStrength":0,"id":405,"palmNormal":[-0.316172,-0.794168,-0.518973],"palmPosition":[-8.85651,288.603,28.6924],"palmVelocity":[-66.2133,122.083,-131.517],"palmWidth":89.917,"pinchStrength":1,"r":[[0.936689,-0.345558,0.0565927],[0.341028,0.936936,0.0764854],[-0.0794539,-0.0523433,0.995463]],"s":0.72289,"sphereCenter":[-46.2635,271.552,-8.63098],"sphereRadius":51.37,"stabilizedPalmPosition":[-7.48559,286.113,31.4018],"t":[43.638,32.0564,-214.112],"timeVisible":9.05628,"type":"right","wrist":[-7.88195,262.617,76.0889]}],"id":1410855,"interactionBox":{"center":[0,200,0],"size":[235.247,235.247,147.751]},"pointables":[{"bases":[[[0.687619,0.670603,0.278338],[-0.668254,0.434607,0.603782],[0.28393,-0.601172,0.746978]],[[0.557,0.830299,0.018821],[-0.819442,0.545747,0.175143],[0.135149,-0.112977,0.984363]],[[0.557,0.830299,0.018821],[-0.823783,0.555224,-0.114485],[-0.105506,0.0482635,0.993247]],[[0.557,0.830299,0.018821],[-0.798596,0.541679,-0.262352],[-0.228025,0.131099,0.964789]]],"btipPosition":[-36.0025,262.999,-29.5488],"carpPosition":[-38.1643,262.085,74.788],"dipPosition":[-41.2762,266.032,-7.23556],"direction":[0.105506,-0.0482635,-0.993247],"extended":false,"handId":405,"id":4050,"length":51.5018,"mcpPosition":[-38.1643,262.085,74.788],"pipPosition":[-44.8311,267.658,26.2304],"stabilizedTipPosition":[-36.2624,261.409,-22.0927],"timeVisible":9.05628,"tipPosition":[-37.9077,263.03,-24.0919],"tipVelocity":[-60.5372,146.502,-142.285],"tool":false,"touchDistance":-0.693396,"touchZone":"touching","type":0,"width":20.0112},{"bases":[[[0.94849,-0.253055,-0.190603],[0.309701,0.86734,0.389623],[0.0667213,-0.428584,0.901035]],[[0.940524,-0.219263,-0.259496],[0.260109,0.956113,0.134871],[0.218535,-0.194347,0.95628]],[[0.940524,-0.219263,-0.259496],[0.233821,0.971926,0.0262321],[0.246459,-0.0853475,0.965388]],[[0.940524,-0.219263,-0.259496],[0.212708,0.975653,-0.0534408],[0.264895,-0.00493451,0.964265]]],"btipPosition":[-47.5888,321.545,-70.0371],"carpPosition":[-23.1007,280.013,75.409],"dipPosition":[-43.1163,321.461,-53.7563],"direction":[-0.246459,0.0853475,-0.965388],"extended":true,"handId":405,"id":4051,"length":58.114,"mcpPosition":[-27.9515,311.172,9.9019],"pipPosition":[-37.2295,319.423,-30.6977],"stabilizedTipPosition":[-46.0778,320.113,-65.2007],"timeVisible":9.05628,"tipPosition":[-46.7857,319.78,-66.328],"tipVelocity":[-57.8151,176.734,-123.71],"tool":false,"touchDistance":-0.678565,"touchZone":"touching","type":1,"width":19.1147},{"bases":[[[0.881997,-0.45276,-0.130727],[0.466986,0.802451,0.371478],[-0.063288,-0.38869,0.919192]],[[0.88136,-0.456413,-0.122036],[0.354862,0.810063,-0.466766],[0.311895,0.368083,0.87592]],[[0.88136,-0.456413,-0.122036],[0.0324472,0.316173,-0.948146],[0.47133,0.831698,0.293472]],[[0.88136,-0.456413,-0.122036],[-0.174709,-0.0748685,-0.981769],[0.438955,0.886613,-0.145726]]],"btipPosition":[-43.0906,248.105,-37.3909],"carpPosition":[-11.2014,278.675,73.2456],"dipPosition":[-34.939,264.569,-40.0971],"direction":[-0.47133,-0.831698,-0.293472],"extended":false,"handId":405,"id":4052,"length":66.2163,"mcpPosition":[-6.83799,305.473,9.87161],"pipPosition":[-21.6942,287.941,-31.8502],"stabilizedTipPosition":[-40.4769,250.355,-36.3642],"timeVisible":9.05628,"tipPosition":[-41.127,252.365,-38.4919],"tipVelocity":[-63.8011,131.543,-126.349],"tool":false,"touchDistance":-0.258909,"touchZone":"touching","type":2,"width":18.7732},{"bases":[[[0.825341,-0.564219,-0.0216648],[0.526552,0.755254,0.390301],[-0.203853,-0.333539,0.920432]],[[0.836506,-0.542177,-0.0793823],[0.455781,0.768869,-0.448447],[0.304172,0.338948,0.890277]],[[0.836506,-0.542177,-0.0793823],[0.107174,0.303956,-0.946638],[0.537374,0.783361,0.312369]],[[0.836506,-0.542177,-0.0793823],[-0.137735,-0.067829,-0.988144],[0.530364,0.837522,-0.131416]]],"btipPosition":[-25.394,243.007,-31.1573],"carpPosition":[-0.0795124,274.235,71.2516],"dipPosition":[-15.6015,258.471,-33.5837],"direction":[-0.537374,-0.783361,-0.312369],"extended":false,"handId":405,"id":4053,"length":63.6687,"mcpPosition":[12.5393,294.881,14.2756],"pipPosition":[-0.890753,279.916,-25.0325],"stabilizedTipPosition":[-22.2673,244.555,-29.5803],"timeVisible":9.05628,"tipPosition":[-23.2875,246.132,-31.6799],"tipVelocity":[-61.2973,140.134,-139.344],"tool":false,"touchDistance":-0.682885,"touchZone":"touching","type":3,"width":17.8639},{"bases":[[[0.697777,-0.716013,0.0208215],[0.62842,0.625848,0.461955],[-0.343797,-0.309257,0.886659]],[[0.641311,-0.752938,0.147661],[0.709409,0.508535,-0.487986],[0.292333,0.417703,0.860271]],[[0.641311,-0.752938,0.147661],[0.300595,0.0694837,-0.951217],[0.705948,0.654412,0.27089]],[[0.641311,-0.752938,0.147661],[-0.0126157,-0.202769,-0.979145],[0.767177,0.626074,-0.139537]]],"btipPosition":[-8.94448,243.001,-14.8977],"carpPosition":[8.28267,263.189,68.8279],"dipPosition":[4.12326,253.666,-17.2745],"direction":[-0.705948,-0.654412,-0.27089],"extended":false,"handId":405,"id":4054,"length":49.9151,"mcpPosition":[27.9827,280.91,18.0211],"pipPosition":[17.7679,266.314,-12.0386],"stabilizedTipPosition":[-4.721,243.077,-13.1497],"timeVisible":9.05628,"tipPosition":[-6.08992,245.253,-15.3271],"tipVelocity":[-66.5494,131.543,-125.065],"tool":false,"touchDistance":-0.601534,"touchZone":"touching","type":4,"width":15.8681}],"r":[[0.936689,-0.345558,0.0565927],[0.341028,0.936936,0.0764854],[-0.0794539,-0.0523433,0.995463]],"s":0.72289,"t":[43.638,32.0564,-214.112],"timestamp":88668161818},false],[3,{"currentFrameRate":55.2706,"devices":[],"gestures":[],"hands":[{"armBasis":[[0.917025,-0.12018,-0.380292],[0.313051,0.807691,0.499635],[0.247112,-0.577229,0.778295]],"armWidth":62.9686,"confidence":0.638244,"direction":[0.131644,0.504268,-0.853454],"elbow":[56.8767,111.1,280.177],"grabStrength":0,"id":405,"palmNormal":[-0.310219,-0.796747,-0.518613],"palmPosition":[-10.4484,291.13,25.1467],"palmVelocity":[-76.5724,130.478,-162.176],"palmWidth":89.917,"pinchStrength":1,"r":[[0.93678,-0.345749,0.0538503],[0.341291,0.936762,0.0774384],[-0.0772192,-0.0541642,0.995542]],"s":0.727114,"sphereCenter":[-48.9818,274.745,-11.8494],"sphereRadius":51.8675,"stabilizedPalmPosition":[-8.63393,288.057,28.9775],"t":[42.2379,34.4137,-217.081],"timeVisible":9.07437,"type":"right","wrist":[-9.0568,265.114,72.5155]}],"id":1410856,"interactionBox":{"center":[0,200,0],"size":[235.247,235.247,147.751]},"pointables":[{"bases":[[[0.682016,0.67702,0.276582],[-0.67036,0.427539,0.606488],[0.292355,-0.599044,0.745436]],[[0.551287,0.834041,0.021395],[-0.823509,0.539853,0.174334],[0.133852,-0.113727,0.984454]],[[0.551287,0.834041,0.021395],[-0.828025,0.550093,-0.108499],[-0.102262,0.0420982,0.993866]],[[0.551287,0.834041,0.021395],[-0.80596,0.539004,-0.244753],[-0.215666,0.117685,0.969349]]],"btipPosition":[-37.5062,265.757,-33.1489],"carpPosition":[-39.3368,264.287,71.3187],"dipPosition":[-42.494,268.479,-10.7302],"direction":[0.102262,-0.0420982,-0.993866],"extended":false,"handId":405,"id":4050,"length":51.5018,"mcpPosition":[-39.3368,264.287,71.3187],"pipPosition":[-45.9396,269.897,22.7567],"stabilizedTipPosition":[-37.3199,263.609,-24.7022],"timeVisible":9.07437,"tipPosition":[-39.2994,265.641,-27.6477],"tipVelocity":[-69.5482,147.446,-168.619],"tool":false,"touchDistance":-0.706028,"touchZone":"touching","type":0,"width":20.0112},{"bases":[[[0.950244,-0.243634,-0.194112],[0.302588,0.869968,0.389354],[0.0740108,-0.428717,0.900402]],[[0.941516,-0.209272,-0.264109],[0.253101,0.956621,0.144278],[0.222458,-0.202686,0.953641]],[[0.941516,-0.209272,-0.264109],[0.22617,0.973461,0.0349271],[0.24979,-0.0926178,0.96386]],[[0.941516,-0.209272,-0.264109],[0.204542,0.977795,-0.0456077],[0.267788,-0.0110809,0.963414]]],"btipPosition":[-49.7596,324.534,-73.3329],"carpPosition":[-24.4465,282.36,71.9043],"dipPosition":[-45.2382,324.346,-57.0665],"direction":[-0.24979,0.0926178,-0.96386],"extended":true,"handId":405,"id":4051,"length":58.114,"mcpPosition":[-29.8272,313.529,6.4432],"pipPosition":[-39.2719,322.134,-34.0443],"stabilizedTipPosition":[-47.7377,322.863,-67.9595],"timeVisible":9.07437,"tipPosition":[-48.929,322.713,-69.6452],"tipVelocity":[-87.0841,170.639,-151.601],"tool":false,"touchDistance":-0.688528,"touchZone":"touching","type":1,"width":19.1147},{"bases":[[[0.885906,-0.44403,-0.134192],[0.460433,0.80663,0.370606],[-0.0563171,-0.390108,0.919045]],[[0.88534,-0.447665,-0.125578],[0.345065,0.813668,-0.46784],[0.311614,0.370865,0.874846]],[[0.88534,-0.447665,-0.125578],[0.0234256,0.312699,-0.949563],[0.464354,0.837745,0.287331]],[[0.88534,-0.447665,-0.125578],[-0.180958,-0.0829732,-0.979985],[0.428285,0.890344,-0.154468]]],"btipPosition":[-44.5046,250.296,-40.5417],"carpPosition":[-12.5423,281.141,69.6985],"dipPosition":[-36.5511,266.83,-43.4103],"direction":[-0.464354,-0.837745,-0.287331],"extended":false,"handId":405,"id":4052,"length":66.2163,"mcpPosition":[-8.65948,308.037,6.33472],"pipPosition":[-23.5023,290.372,-35.3359],"stabilizedTipPosition":[-41.5677,252.213,-38.7644],"timeVisible":9.07437,"tipPosition":[-42.5989,254.565,-41.7473],"tipVelocity":[-71.827,127.027,-150.07],"tool":false,"touchDistance":-0.309174,"touchZone":"touching","type":2,"width":18.7732},{"bases":[[[0.830716,-0.556134,-0.0250374],[0.520521,0.759998,0.38918],[-0.197407,-0.33633,0.920822]],[[0.841338,-0.53426,-0.0819604],[0.443942,0.769532,-0.459059],[0.308328,0.349838,0.884617]],[[0.841338,-0.53426,-0.0819604],[0.0897368,0.287597,-0.953538],[0.533009,0.794893,0.289909]],[[0.841338,-0.53426,-0.0819604],[-0.153725,-0.0911419,-0.983901],[0.518189,0.840393,-0.15881]]],"btipPosition":[-26.9373,244.906,-33.4004],"carpPosition":[-1.38465,276.811,67.6621],"dipPosition":[-17.3697,260.423,-36.3326],"direction":[-0.533009,-0.794893,-0.289909],"extended":false,"handId":405,"id":4053,"length":63.6687,"mcpPosition":[10.8351,297.63,10.662],"pipPosition":[-2.77839,282.184,-28.3962],"stabilizedTipPosition":[-23.4326,246.405,-31.7012],"timeVisible":9.07437,"tipPosition":[-24.7716,248.32,-34.4485],"tipVelocity":[-74.0751,123.747,-135.104],"tool":false,"touchDistance":-0.678321,"touchZone":"touching","type":3,"width":17.8639},{"bases":[[[0.704784,-0.7092,0.0177487],[0.623892,0.631528,0.460361],[-0.337697,-0.313382,0.887554]],[[0.649344,-0.74668,0.144297],[0.701304,0.514537,-0.49338],[0.294151,0.42157,0.857761]],[[0.649344,-0.74668,0.144297],[0.286921,0.0648163,-0.955759],[0.704293,0.662018,0.256326]],[[0.649344,-0.74668,0.144297],[-0.0277083,-0.212844,-0.976693],[0.75999,0.630212,-0.158898]]],"btipPosition":[-10.4095,245.545,-17.8786],"carpPosition":[7.07624,265.849,65.1993],"dipPosition":[2.53578,256.28,-20.5852],"direction":[-0.704293,-0.662018,-0.256326],"extended":false,"handId":405,"id":4054,"length":49.9151,"mcpPosition":[26.4267,283.806,14.3412],"pipPosition":[16.1485,269.076,-15.6309],"stabilizedTipPosition":[-5.91775,245.257,-15.5119],"timeVisible":9.07437,"tipPosition":[-7.49374,247.855,-18.5921],"tipVelocity":[-74.154,136.29,-145.944],"tool":false,"touchDistance":-0.615566,"touchZone":"touching","type":4,"width":15.8681}],"r":[[0.93678,-0.345749,0.0538503],[0.341291,0.936762,0.0774384],[-0.0772192,-0.0541642,0.995542]],"s":0.727114,"t":[42.2379,34.4137,-217.081],"timestamp":88668179908},false],[4,{"currentFrameRate":55.3375,"devices":[],"gestures":[],"hands":[{"armBasis":[[0.921558,-0.119413,-0.369421],[0.3067,0.807335,0.504128],[0.238047,-0.577884,0.78063]],"armWidth":62.9686,"confidence":0.646089,"direction":[0.127636,0.502703,-0.854985],"elbow":[53.4497,114.05,277.913],"grabStrength":0,"id":405,"palmNormal":[-0.304946,-0.800389,-0.516126],"palmPosition":[-11.6652,294.108,22.186],"palmVelocity":[-72.6322,147.63,-163.958],"palmWidth":89.917,"pinchStrength":1,"r":[[0.937337,-0.34456,0.0517454],[0.340204,0.937143,0.0776188],[-0.0752372,-0.055151,0.995639]],"s":0.731338,"sphereCenter":[-51.1335,278.152,-14.5961],"sphereRadius":52.3933,"stabilizedPalmPosition":[-9.70852,290.202,26.5699],"t":[40.9295,37.0812,-220.046],"timeVisible":9.09221,"type":"right","wrist":[-10.0651,268.239,69.6289]}],"id":1410857,"interactionBox":{"center":[0,200,0],"size":[235.247,235.247,147.751]},"pointables":[{"bases":[[[0.677432,0.68256,0.274223],[-0.672982,0.424604,0.605645],[0.296953,-0.594831,0.746991]],[[0.547176,0.836744,0.02139],[-0.826646,0.536209,0.170694],[0.131358,-0.111082,0.985092]],[[0.547176,0.836744,0.02139],[-0.83075,0.546023,-0.108229],[-0.102239,0.0414504,0.993896]],[[0.547176,0.836744,0.02139],[-0.810778,0.536198,-0.234801],[-0.207938,0.111135,0.971808]]],"btipPosition":[-38.5651,268.71,-36.1046],"carpPosition":[-40.3393,267.198,68.4524],"dipPosition":[-43.3742,271.281,-13.629],"direction":[0.102239,-0.0414504,-0.993896],"extended":false,"handId":405,"id":4050,"length":51.5018,"mcpPosition":[-40.3393,267.198,68.4524],"pipPosition":[-46.819,272.677,19.8588],"stabilizedTipPosition":[-38.252,265.866,-27.1731],"timeVisible":9.09221,"tipPosition":[-40.2753,268.515,-30.5838],"tipVelocity":[-63.6647,155.047,-166.889],"tool":false,"touchDistance":-0.707897,"touchZone":"touching","type":0,"width":20.0112},{"bases":[[[0.95181,-0.237559,-0.193967],[0.296731,0.87318,0.386661],[0.0775132,-0.425584,0.901593]],[[0.942546,-0.202717,-0.265542],[0.248322,0.956842,0.150964],[0.223479,-0.20823,0.952207]],[[0.942546,-0.202717,-0.265542],[0.221035,0.974417,0.0406906],[0.2505,-0.0970467,0.96324]],[[0.942546,-0.202717,-0.265542],[0.199065,0.979133,-0.0408935],[0.26829,-0.014316,0.963232]]],"btipPosition":[-51.2115,327.717,-76.2681],"carpPosition":[-25.5751,285.376,68.9769],"dipPosition":[-46.6817,327.475,-60.0047],"direction":[-0.2505,0.0970467,-0.96324],"extended":true,"handId":405,"id":4051,"length":58.114,"mcpPosition":[-31.2104,316.317,3.42926],"pipPosition":[-40.6984,325.157,-36.9974],"stabilizedTipPosition":[-49.1432,325.636,-70.5996],"timeVisible":9.09221,"tipPosition":[-50.3596,325.85,-72.5957],"tipVelocity":[-84.3508,173.984,-157.705],"tool":false,"touchDistance":-0.692047,"touchZone":"touching","type":1,"width":19.1147},{"bases":[[[0.888907,-0.438225,-0.13343],[0.455004,0.810892,0.368002],[-0.0530704,-0.387831,0.920201]],[[0.888369,-0.44185,-0.124778],[0.338649,0.814101,-0.471759],[0.310028,0.37684,0.872854]],[[0.888369,-0.44185,-0.124778],[0.0172976,0.303786,-0.952583],[0.458805,0.844087,0.277517]],[[0.888369,-0.44185,-0.124778],[-0.185345,-0.0964852,-0.977925],[0.420057,0.891885,-0.167609]]],"btipPosition":[-45.4657,252.74,-42.9375],"carpPosition":[-13.6639,284.233,66.7677],"dipPosition":[-37.6651,269.303,-46.0501],"direction":[-0.458805,-0.844087,-0.277517],"extended":false,"handId":405,"id":4052,"length":66.2163,"mcpPosition":[-10.0049,310.972,3.32417],"pipPosition":[-24.7722,293.023,-38.2516],"stabilizedTipPosition":[-42.4935,254.121,-40.9158],"timeVisible":9.09221,"tipPosition":[-43.6026,257.018,-44.2916],"tipVelocity":[-64.3045,131.889,-144.124],"tool":false,"touchDistance":-0.343369,"touchZone":"touching","type":2,"width":18.7732},{"bases":[[[0.834562,-0.550394,-0.0239201],[0.515426,0.764734,0.386676],[-0.194532,-0.335034,0.921906]],[[0.845066,-0.528438,-0.081346],[0.439227,0.772897,-0.457941],[0.304865,0.351261,0.885253]],[[0.845066,-0.528438,-0.081346],[0.0878581,0.287325,-0.953795],[0.527394,0.798873,0.289236]],[[0.845066,-0.528438,-0.081346],[-0.153976,-0.0948356,-0.983513],[0.512011,0.843659,-0.161509]]],"btipPosition":[-27.7875,247.758,-36.3522],"carpPosition":[-2.47749,279.975,64.7372],"dipPosition":[-18.3339,263.335,-39.3342],"direction":[-0.527394,-0.798873,-0.289236],"extended":false,"handId":405,"id":4053,"length":63.6687,"mcpPosition":[9.56427,300.714,7.67001],"pipPosition":[-3.89636,285.205,-31.4163],"stabilizedTipPosition":[-24.3564,248.496,-33.9621],"timeVisible":9.09221,"tipPosition":[-25.6743,251.133,-37.3382],"tipVelocity":[-62.3311,141.117,-149.697],"tool":false,"touchDistance":-0.683272,"touchZone":"touching","type":3,"width":17.8639},{"bases":[[[0.709726,-0.704211,0.0193822],[0.619731,0.637194,0.458167],[-0.334997,-0.313161,0.888655]],[[0.654942,-0.741555,0.14542],[0.695821,0.516731,-0.498821],[0.29476,0.427885,0.854418]],[[0.654942,-0.741555,0.14542],[0.277077,0.0566184,-0.959178],[0.70305,0.668499,0.242549]],[[0.654942,-0.741555,0.14542],[-0.0387666,-0.225153,-0.973552],[0.754684,0.631983,-0.17621]]],"btipPosition":[-11.4891,248.373,-20.1619],"carpPosition":[6.0583,269.066,62.3011],"dipPosition":[1.36584,259.138,-23.1634],"direction":[-0.70305,-0.668499,-0.242549],"extended":false,"handId":405,"id":4054,"length":49.9151,"mcpPosition":[25.2541,287.01,11.3799],"pipPosition":[14.9545,272.059,-18.4754],"stabilizedTipPosition":[-7.02016,247.614,-17.7635],"timeVisible":9.09221,"tipPosition":[-8.52051,250.726,-21.1099],"tipVelocity":[-68.2811,146.934,-139.28],"tool":false,"touchDistance":-0.617609,"touchZone":"touching","type":4,"width":15.8681}],"r":[[0.937337,-0.34456,0.0517454],[0.340204,0.937143,0.0776188],[-0.0752372,-0.055151,0.995639]],"s":0.731338,"t":[40.9295,37.0812,-220.046],"timestamp":88668197748},false],[5,{"currentFrameRate":55.3456,"devices":[],"gestures":[],"hands":[{"armBasis":[[0.917385,-0.120017,-0.379473],[0.311997,0.808829,0.498451],[0.247106,-0.575667,0.779453]],"armWidth":62.9686,"confidence":0.646886,"direction":[0.124584,0.51065,-0.850715],"elbow":[54.8404,116.461,275.177],"grabStrength":0,"id":405,"palmNormal":[-0.308647,-0.794911,-0.522354],"palmPosition":[-12.8642,296.383,20.0206],"palmVelocity":[-69.7066,137.409,-143.114],"palmWidth":89.917,"pinchStrength":1,"r":[[0.937709,-0.344012,0.0485446],[0.339717,0.937183,0.0792452],[-0.0727566,-0.0578176,0.995672]],"s":0.735179,"sphereCenter":[-53.4173,281.548,-16.5664],"sphereRadius":52.8405,"stabilizedPalmPosition":[-10.8023,292.345,24.2999],"t":[39.6757,39.5522,-222.611],"timeVisible":9.11025,"type":"right","wrist":[-11.0915,270.058,67.2062]}],"id":1410858,"interactionBox":{"center":[0,200,0],"size":[235.247,235.247,147.751]},"pointables":[{"bases":[[[0.679826,0.67879,0.277634],[-0.669496,0.419895,0.61275],[0.299352,-0.602438,0.739903]],[[0.550163,0.834546,0.0292294],[-0.824594,0.537412,0.176729],[0.13178,-0.121332,0.983825]],[[0.550163,0.834546,0.0292294],[-0.829262,0.550127,-0.0984102],[-0.0982077,0.0299027,0.994717]],[[0.550163,0.834546,0.0292294],[-0.811795,0.542714,-0.215524],[-0.195728,0.0948448,0.976061]]],"btipPosition":[-40.0373,271.862,-38.4622],"carpPosition":[-41.3724,269.078,66.1583],"dipPosition":[-44.564,274.056,-15.8883],"direction":[0.0982077,-0.0299027,-0.994717],"extended":false,"handId":405,"id":4050,"length":51.5018,"mcpPosition":[-41.3724,269.078,66.1583],"pipPosition":[-47.873,275.063,17.6272],"stabilizedTipPosition":[-39.3718,268.441,-29.5888],"timeVisible":9.11025,"tipPosition":[-41.6609,271.555,-32.9193],"tipVelocity":[-70.4713,162.101,-149.116],"tool":false,"touchDistance":-0.700466,"touchZone":"touching","type":0,"width":20.0112},{"bases":[[[0.950514,-0.237257,-0.200582],[0.299964,0.868952,0.39363],[0.080905,-0.434318,0.897119]],[[0.940789,-0.20116,-0.272857],[0.251873,0.953508,0.165477],[0.226884,-0.224404,0.947716]],[[0.940789,-0.20116,-0.272857],[0.223823,0.973116,0.054307],[0.254597,-0.112163,0.960521]],[[0.940789,-0.20116,-0.272857],[0.201165,0.97915,-0.028263],[0.272853,-0.0282997,0.961639]]],"btipPosition":[-52.7778,331.486,-77.8482],"carpPosition":[-26.5753,287.226,66.7891],"dipPosition":[-48.171,331.008,-61.6117],"direction":[-0.254597,0.112163,-0.960521],"extended":true,"handId":405,"id":4051,"length":58.114,"mcpPosition":[-32.4573,318.802,1.56668],"pipPosition":[-42.0898,328.329,-38.6693],"stabilizedTipPosition":[-50.6855,329.074,-72.7044],"timeVisible":9.11025,"tipPosition":[-51.8999,329.589,-74.2126],"tipVelocity":[-85.0592,189.138,-124.596],"tool":false,"touchDistance":-0.67497,"touchZone":"touching","type":1,"width":19.1147},{"bases":[[[0.887548,-0.438389,-0.14168],[0.458044,0.806585,0.373652],[-0.0495284,-0.39653,0.916685]],[[0.887059,-0.441991,-0.133303],[0.336211,0.81638,-0.469559],[0.316367,0.371709,0.87278]],[[0.887059,-0.441991,-0.133303],[0.00760187,0.302696,-0.953057],[0.461593,0.844404,0.271869]],[[0.887059,-0.441991,-0.133303],[-0.196663,-0.100547,-0.975302],[0.417672,0.891366,-0.176114]]],"btipPosition":[-47.0584,255.437,-44.628],"carpPosition":[-14.6763,286.085,64.5145],"dipPosition":[-39.302,271.99,-47.8986],"direction":[-0.461593,-0.844405,-0.271869],"extended":false,"handId":405,"id":4052,"length":66.2163,"mcpPosition":[-11.2616,313.424,1.31348],"pipPosition":[-26.3308,295.719,-40.2588],"stabilizedTipPosition":[-43.7426,256.422,-42.9211],"timeVisible":9.11025,"tipPosition":[-45.1956,259.765,-46.1687],"tipVelocity":[-75.9509,140.181,-121.157],"tool":false,"touchDistance":-0.363268,"touchZone":"touching","type":2,"width":18.7732},{"bases":[[[0.833514,-0.551511,-0.0329993],[0.518473,0.760151,0.391607],[-0.190891,-0.343519,0.919541]],[[0.84377,-0.529086,-0.0901069],[0.43824,0.776112,-0.453426],[0.309835,0.343099,0.886727]],[[0.84377,-0.529086,-0.0901069],[0.0799311,0.289895,-0.953715],[0.530719,0.797514,0.286896]],[[0.84377,-0.529086,-0.0901069],[-0.164473,-0.0950914,-0.981787],[0.510882,0.843223,-0.167256]]],"btipPosition":[-29.3315,250.542,-38.4457],"carpPosition":[-3.50649,281.828,62.3922],"dipPosition":[-19.8987,266.111,-41.5338],"direction":[-0.530719,-0.797514,-0.286896],"extended":false,"handId":405,"id":4053,"length":63.6687,"mcpPosition":[8.30992,303.092,5.47146],"pipPosition":[-5.37013,287.944,-33.68],"stabilizedTipPosition":[-25.545,250.88,-36.1624],"timeVisible":9.11025,"tipPosition":[-27.2127,253.973,-39.5767],"tipVelocity":[-73.4913,147.335,-134.371],"tool":false,"touchDistance":-0.675046,"touchZone":"touching","type":3,"width":17.8639},{"bases":[[[0.708618,-0.70553,0.00940124],[0.622888,0.631762,0.461397],[-0.331469,-0.321098,0.887144]],[[0.654493,-0.743913,0.135025],[0.694315,0.520683,-0.496806],[0.299275,0.418906,0.857293]],[[0.654493,-0.743913,0.135025],[0.27033,0.0634668,-0.960674],[0.706088,0.665255,0.242641]],[[0.654493,-0.743913,0.135025],[-0.0476633,-0.21883,-0.974598],[0.754564,0.631432,-0.17868]]],"btipPosition":[-12.9643,251.077,-22.6236],"carpPosition":[4.99968,270.929,59.813],"dipPosition":[-0.111396,261.832,-25.6672],"direction":[-0.706088,-0.665255,-0.242641],"extended":false,"handId":405,"id":4054,"length":49.9151,"mcpPosition":[23.9933,289.328,8.97837],"pipPosition":[13.536,274.69,-20.9774],"stabilizedTipPosition":[-8.27084,250.099,-20.0908],"timeVisible":9.11025,"tipPosition":[-9.994,253.431,-23.6133],"tipVelocity":[-74.6959,148.268,-138.196],"tool":false,"touchDistance":-0.621252,"touchZone":"touching","type":4,"width":15.8681}],"r":[[0.937709,-0.344012,0.0485446],[0.339717,0.937183,0.0792452],[-0.0727566,-0.0578176,0.995672]],"s":0.735179,"t":[39.6757,39.5522,-222.611],"timestamp":88668215788},false],[6,{"currentFrameRate":55.3552,"devices":[],"gestures":[],"hands":[{"armBasis":[[0.919409,-0.110564,-0.377442],[0.304113,0.808406,0.503979],[0.249405,-0.578148,0.77688]],"armWidth":62.9686,"confidence":0.60623,"direction":[0.118473,0.500201,-0.857766],"elbow":[54.7681,118.381,272.133],"grabStrength":0,"id":405,"palmNormal":[-0.303163,-0.804382,-0.510943],"palmPosition":[-13.8718,298.313,17.3188],"palmVelocity":[-63.1448,123.011,-146.303],"palmWidth":89.917,"pinchStrength":1,"r":[[0.938593,-0.341883,0.0464762],[0.337806,0.937988,0.0778794],[-0.0702198,-0.0573971,0.995879]],"s":0.739837,"sphereCenter":[-55.3503,283.495,-18.7916],"sphereRadius":53.3518,"stabilizedPalmPosition":[-11.7743,294.235,22.0891],"t":[38.5451,41.753,-225.244],"timeVisible":9.12829,"type":"right","wrist":[-11.777,272.64,64.8487]}],"id":1410859,"interactionBox":{"center":[0,200,0],"size":[235.247,235.247,147.751]},"pointables":[{"bases":[[[0.67476,0.688067,0.26695],[-0.671626,0.422518,0.608602],[0.305968,-0.589951,0.747222]],[[0.544485,0.838562,0.0187038],[-0.828212,0.53397,0.170119],[0.132668,-0.108118,0.985246]],[[0.544485,0.838562,0.0187038],[-0.833138,0.543274,-0.103605],[-0.0970405,0.0408285,0.994443]],[[0.544485,0.838562,0.0187038],[-0.817868,0.535731,-0.20996],[-0.186085,0.0990229,0.977531]]],"btipPosition":[-41.022,273.062,-40.8318],"carpPosition":[-42.051,271.395,63.8836],"dipPosition":[-45.3257,275.353,-18.2238],"direction":[0.0970405,-0.0408285,-0.994443],"extended":false,"handId":405,"id":4050,"length":51.5018,"mcpPosition":[-42.051,271.395,63.8836],"pipPosition":[-48.5954,276.728,15.2825],"stabilizedTipPosition":[-40.3065,270.264,-31.7283],"timeVisible":9.12829,"tipPosition":[-42.5394,272.749,-35.2698],"tipVelocity":[-61.5972,117.364,-140.51],"tool":false,"touchDistance":-0.694178,"touchZone":"touching","type":0,"width":20.0112},{"bases":[[[0.952014,-0.23204,-0.199565],[0.293583,0.876613,0.381258],[0.0864745,-0.421552,0.902672]],[[0.941576,-0.196316,-0.273668],[0.246268,0.9556,0.161806],[0.229752,-0.219749,0.948116]],[[0.941576,-0.196316,-0.273668],[0.21768,0.974754,0.0497069],[0.257001,-0.106375,0.960539]],[[0.941576,-0.196316,-0.273668],[0.194568,0.980307,-0.0337957],[0.274913,-0.021426,0.96123]]],"btipPosition":[-54.2254,332.552,-80.8143],"carpPosition":[-27.404,289.672,64.2371],"dipPosition":[-49.5838,332.19,-64.5848],"direction":[-0.257001,0.106375,-0.960539],"extended":true,"handId":405,"id":4051,"length":58.114,"mcpPosition":[-33.6909,320.32,-1.38897],"pipPosition":[-43.4452,329.649,-41.642],"stabilizedTipPosition":[-51.9991,330.878,-75.03],"timeVisible":9.12829,"tipPosition":[-53.3256,330.637,-77.1747],"tipVelocity":[-82.5813,128.152,-143.564],"tool":false,"touchDistance":-0.680322,"touchZone":"touching","type":1,"width":19.1147},{"bases":[[[0.890853,-0.432879,-0.137828],[0.452134,0.815296,0.361756],[-0.0442258,-0.384588,0.922028]],[[0.89042,-0.436317,-0.129538],[0.328253,0.812778,-0.481291],[0.315281,0.38603,0.866936]],[[0.89042,-0.436317,-0.129538],[0.00111925,0.28671,-0.958017],[0.455139,0.852892,0.255781]],[[0.89042,-0.436317,-0.129538],[-0.20051,-0.120543,-0.972247],[0.408593,0.891682,-0.19482]]],"btipPosition":[-47.8469,256.201,-46.4825],"carpPosition":[-15.5009,288.599,61.9508],"dipPosition":[-40.2591,272.76,-50.1003],"direction":[-0.455139,-0.852892,-0.255781],"extended":false,"handId":405,"id":4052,"length":66.2163,"mcpPosition":[-12.4518,315.114,-1.61872],"pipPosition":[-27.4692,296.727,-42.9126],"stabilizedTipPosition":[-44.6883,257.86,-44.6824],"timeVisible":9.12829,"tipPosition":[-46.038,260.494,-48.1236],"tipVelocity":[-61.6853,93.8186,-114.57],"tool":false,"touchDistance":-0.384289,"touchZone":"touching","type":2,"width":18.7732},{"bases":[[[0.838,-0.544977,-0.0275175],[0.512985,0.76961,0.380192],[-0.186018,-0.332717,0.924498]],[[0.84771,-0.523871,-0.0833432],[0.428091,0.768403,-0.475704],[0.313249,0.367581,0.875648]],[[0.84771,-0.523871,-0.0833432],[0.0633741,0.256008,-0.964595],[0.52666,0.812415,0.250221]],[[0.84771,-0.523871,-0.0833432],[-0.17999,-0.13627,-0.974184],[0.498989,0.840827,-0.20981]]],"btipPosition":[-30.2474,251.008,-39.0058],"carpPosition":[-4.30073,284.407,59.8601],"dipPosition":[-21.0342,266.532,-42.8797],"direction":[-0.52666,-0.812415,-0.250221],"extended":false,"handId":405,"id":4053,"length":63.6687,"mcpPosition":[7.21402,305.002,2.63243],"pipPosition":[-6.61675,288.773,-36.0298],"stabilizedTipPosition":[-26.63,252.433,-37.7309],"timeVisible":9.12829,"tipPosition":[-28.0945,254.673,-40.7036],"tipVelocity":[-64.0534,89.4154,-90.12],"tool":false,"touchDistance":-0.646988,"touchZone":"touching","type":3,"width":17.8639},{"bases":[[[0.714481,-0.699442,0.0172301],[0.618617,0.643039,0.451457],[-0.326848,-0.311899,0.892126]],[[0.66103,-0.736545,0.14332],[0.689016,0.520177,-0.504651],[0.297146,0.432339,0.851344]],[[0.66103,-0.736545,0.14332],[0.266082,0.0514992,-0.962574],[0.701598,0.674425,0.230024]],[[0.66103,-0.736545,0.14332],[-0.0510035,-0.234665,-0.970737],[0.748624,0.634377,-0.192687]]],"btipPosition":[-13.6762,252.469,-24.6242],"carpPosition":[4.29016,273.544,57.4076],"dipPosition":[-0.924529,263.274,-27.9063],"direction":[-0.701598,-0.674425,-0.230024],"extended":false,"handId":405,"id":4054,"length":49.9151,"mcpPosition":[23.019,291.417,6.2875],"pipPosition":[12.6361,276.31,-23.4604],"stabilizedTipPosition":[-9.22058,251.964,-22.1221],"timeVisible":9.12829,"tipPosition":[-10.7327,254.827,-25.6841],"tipVelocity":[-58.604,114.853,-126.712],"tool":false,"touchDistance":-