{"sensorType":"Leap","data":[[0,{"currentFrameRate":54.9526,"devices":[],"gestures":[],"hands":[{"armBasis":[[0.954458,-0.195731,-0.225163],[0.266122,0.899712,0.345973],[0.134864,-0.390138,0.910826]],"armWidth":62.9686,"confidence":0.81181,"direction":[0.0763332,0.409202,-0.909245],"elbow":[25.697,132.28,329.571],"grabStrength":0,"id":403,"palmNormal":[-0.261195,-0.871855,-0.414303],"palmPosition":[-14.5772,256.517,36.5631],"palmVelocity":[-22.0041,152.65,-178.241],"palmWidth":89.917,"pinchStrength":0.971199,"r":[[0.999371,0.03115,-0.0169614],[-0.0295304,0.995633,0.08856],[0.019646,-0.0880034,0.995926]],"s":0.982738,"sphereCenter":[-21.4506,225.75,0.416731],"sphereRadius":46.0934,"stabilizedPalmPosition":[-9.39948,207.893,101.739],"t":[9.28485,50.5669,-97.7852],"timeVisible":9.58086,"type":"right","wrist":[-10.287,236.375,86.5482]}],"id":1409252,"interactionBox":{"center":[0,200,0],"size":[235.247,235.247,147.751]},"pointables":[{"bases":[[[0.635727,0.751368,0.176912],[-0.687404,0.44679,0.572585],[0.35118,-0.485618,0.80053]],[[0.538885,0.842316,-0.0103157],[-0.778673,0.502766,0.375359],[0.321357,-0.194243,0.926822]],[[0.538885,0.842316,-0.0103157],[-0.836396,0.533561,-0.125515],[-0.100219,0.0762661,0.992038]],[[0.538885,0.842316,-0.0103157],[-0.716602,0.451952,-0.531245],[-0.442814,0.293672,0.847156]]],"btipPosition":[-42.6758,233.488,-12.3997],"carpPosition":[-40.4415,233.268,86.3374],"dipPosition":[-52.917,240.28,7.193],"direction":[0.100219,-0.0762661,-0.992038],"extended":false,"handId":403,"id":4030,"length":51.5018,"mcpPosition":[-40.4415,233.268,86.3374],"pipPosition":[-56.2937,242.85,40.6183],"stabilizedTipPosition":[-41.5968,209.695,19.9212],"timeVisible":9.58086,"tipPosition":[-45.2833,233.871,-7.59334],"tipVelocity":[-26.1108,201.694,-180.437],"tool":false,"touchDistance":-0.733314,"touchZone":"hovering","type":0,"width":20.0112},{"bases":[[[0.961419,-0.196589,-0.192421],[0.245501,0.928751,0.277761],[0.124107,-0.314284,0.941182]],[[0.969351,-0.232413,-0.0796465],[0.245407,0.931275,0.269263],[0.0115927,-0.280556,0.959768]],[[0.969351,-0.232413,-0.0796465],[0.239544,0.9661,0.0962782],[0.0545702,-0.112406,0.992163]],[[0.969351,-0.232413,-0.0796465],[0.229483,0.972305,-0.044274],[0.0877305,0.0246395,0.995839]]],"btipPosition":[-39.2176,289.326,-65.2787],"carpPosition":[-26.9179,252.296,84.4068],"dipPosition":[-37.7363,289.742,-48.4648],"direction":[-0.0545702,0.112406,-0.992163],"extended":true,"handId":403,"id":4031,"length":58.114,"mcpPosition":[-35.9407,275.146,15.981],"pipPosition":[-36.4329,287.057,-24.7666],"stabilizedTipPosition":[-35.8223,271.121,-44.8549],"timeVisible":9.58086,"tipPosition":[-38.1393,287.968,-61.5274],"tipVelocity":[-39.9593,229.468,-157.692],"tool":false,"touchDistance":-0.782095,"touchZone":"hovering","type":1,"width":19.1147},{"bases":[[[0.913314,-0.392672,-0.108008],[0.407171,0.875019,0.261827],[-0.00830257,-0.283108,0.959052]],[[0.912828,-0.399568,-0.0842063],[0.253032,0.715332,-0.651364],[0.3205,0.573277,0.754078]],[[0.912828,-0.399568,-0.0842063],[-0.266997,-0.428,-0.86344],[0.308962,0.810655,-0.497374]],[[0.912828,-0.399568,-0.0842063],[-0.406109,-0.866769,-0.28946],[0.0426715,0.298424,-0.953479]]],"btipPosition":[-39.1726,215.566,11.6529],"carpPosition":[-15.0044,251.675,82.01],"dipPosition":[-38.3801,221.108,-6.05361],"direction":[-0.308962,-0.810655,0.497374],"extended":false,"handId":403,"id":4032,"length":66.2163,"mcpPosition":[-14.4319,271.194,15.8879],"pipPosition":[-29.698,243.888,-20.0303],"stabilizedTipPosition":[-32.5759,146.087,129.733],"timeVisible":9.58086,"tipPosition":[-38.8336,216.689,10.097],"tipVelocity":[-58.8415,192.192,-263.071],"tool":false,"touchDistance":0.333333,"touchZone":"none","type":2,"width":18.7732},{"bases":[[[0.868828,-0.494891,0.014873],[0.47091,0.835258,0.28388],[-0.152913,-0.239639,0.958744]],[[0.86923,-0.494254,0.0123283],[0.376832,0.64617,-0.663673],[0.320057,0.58153,0.747921]],[[0.86923,-0.494254,0.0123283],[-0.243641,-0.449916,-0.859194],[0.430206,0.743834,-0.511502]],[[0.86923,-0.494254,0.0123283],[-0.4702,-0.83412,-0.288368],[0.15281,0.244861,-0.95744]]],"btipPosition":[-22.8663,212.214,19.4707],"carpPosition":[-3.60193,247.94,80.1606],"dipPosition":[-20.0448,216.735,1.79284],"direction":[-0.430206,-0.743834,0.511502],"extended":false,"handId":403,"id":4033,"length":63.6687,"mcpPosition":[5.86356,262.774,20.8131],"pipPosition":[-8.26781,237.098,-12.2097],"stabilizedTipPosition":[-17.447,144.422,133.11],"timeVisible":9.58086,"tipPosition":[-22.1867,213.3,17.6831],"tipVelocity":[-57.1607,166.376,-222.693],"tool":false,"touchDistance":0.333333,"touchZone":"none","type":3,"width":17.8639},{"bases":[[[0.755459,-0.650461,0.0786263],[0.58494,0.723641,0.366318],[-0.295173,-0.230746,0.927162]],[[0.758848,-0.647728,0.0678152],[0.506926,0.522079,-0.685901],[0.408872,0.554871,0.724528]],[[0.758848,-0.647728,0.0678152],[-0.309679,-0.450475,-0.83736],[0.57293,0.614428,-0.542429]],[[0.758848,-0.647728,0.0678152],[-0.606149,-0.740519,-0.2902],[0.238189,0.179111,-0.95456]]],"btipPosition":[-6.91127,216.301,27.0284],"carpPosition":[5.5927,237.394,78.729],"dipPosition":[-2.85407,219.352,10.7688],"direction":[-0.57293,-0.614428,0.54243],"extended":false,"handId":403,"id":4034,"length":49.9151,"mcpPosition":[22.5065,250.616,25.6013],"pipPosition":[8.21961,231.227,0.284683],"stabilizedTipPosition":[-1.10556,158.202,117.751],"timeVisible":9.58086,"tipPosition":[-5.95817,217.148,25.2165],"tipVelocity":[-50.4677,149.972,-238.447],"tool":false,"touchDistance":0.333333,"touchZone":"none","type":4,"width":15.8681}],"r":[[0.999371,0.03115,-0.0169614],[-0.0295304,0.995633,0.08856],[0.019646,-0.0880034,0.995926]],"s":0.982738,"t":[9.28485,50.5669,-97.7852],"timestamp":88638831743},false],[1,{"currentFrameRate":54.9325,"devices":[],"gestures":[],"hands":[{"armBasis":[[0.949187,-0.19953,-0.243375],[0.280447,0.887179,0.366419],[0.142805,-0.416054,0.898057]],"armWidth":62.9686,"confidence":0.827921,"direction":[0.070859,0.415518,-0.906821],"elbow":[28.0574,128.111,322.621],"grabStrength":0,"id":403,"palmNormal":[-0.2769,-0.865182,-0.418075],"palmPosition":[-14.6648,259.715,33.2347],"palmVelocity":[-13.7608,163.375,-180.109],"palmWidth":89.917,"pinchStrength":0.987287,"r":[[0.999548,0.0207015,-0.0218182],[-0.0185669,0.995412,0.0938638],[0.0236612,-0.0934163,0.995346]],"s":0.97704,"sphereCenter":[-23.1489,229.725,-3.06399],"sphereRadius":45.9678,"stabilizedPalmPosition":[-9.68291,210.683,98.0516],"t":[9.04235,53.5433,-101.048],"timeVisible":9.59914,"type":"right","wrist":[-10.0453,239.121,83.0054]}],"id":1409253,"interactionBox":{"center":[0,200,0],"size":[235.247,235.247,147.751]},"pointables":[{"bases":[[[0.647104,0.741961,0.175358],[-0.67504,0.450684,0.584127],[0.354369,-0.496365,0.792493]],[[0.550887,0.834548,-0.00726943],[-0.767442,0.509975,0.388534],[0.327958,-0.20846,0.921406]],[[0.550887,0.834548,-0.00726943],[-0.829595,0.546626,-0.113898],[-0.0910795,0.0687755,0.993466]],[[0.550887,0.834548,-0.00726943],[-0.716615,0.468539,-0.516657],[-0.427769,0.289829,0.856162]]],"btipPosition":[-43.4526,237.653,-15.6021],"carpPosition":[-40.2368,236.39,83.1242],"dipPosition":[-53.3458,244.356,4.19891],"direction":[0.0910795,-0.0687755,-0.993466],"extended":false,"handId":403,"id":4030,"length":51.5018,"mcpPosition":[-40.2368,236.39,83.1242],"pipPosition":[-56.4146,246.674,37.6723],"stabilizedTipPosition":[-42.4066,215.477,13.851],"timeVisible":9.59914,"tipPosition":[-46.0348,238.031,-10.7677],"tipVelocity":[-31.8662,213.726,-176.694],"tool":false,"touchDistance":-0.735632,"touchZone":"hovering","type":0,"width":20.0112},{"bases":[[[0.956576,-0.206972,-0.205245],[0.260331,0.923365,0.28218],[0.131113,-0.323358,0.937149]],[[0.965273,-0.242298,-0.0976709],[0.260193,0.925159,0.27637],[0.0233971,-0.292186,0.956075]],[[0.965273,-0.242298,-0.0976709],[0.252166,0.961863,0.105984],[0.0682664,-0.126932,0.989559]],[[0.965273,-0.242298,-0.0976709],[0.240211,0.970167,-0.0327688],[0.102697,0.00816918,0.994679]]],"btipPosition":[-40.3893,294.072,-67.9686],"carpPosition":[-26.4993,255.265,81.1852],"dipPosition":[-38.6554,294.21,-51.1743],"direction":[-0.0682664,0.126932,-0.989559],"extended":true,"handId":403,"id":4031,"length":58.114,"mcpPosition":[-36.0315,278.773,13.0526],"pipPosition":[-37.0248,291.178,-27.5383],"stabilizedTipPosition":[-37.0987,278.159,-50.75],"timeVisible":9.59914,"tipPosition":[-39.2449,292.657,-64.2505],"tipVelocity":[-50.0077,242.292,-152.785],"tool":false,"touchDistance":-0.772635,"touchZone":"hovering","type":1,"width":19.1147},{"bases":[[[0.907005,-0.403114,-0.121823],[0.421119,0.867757,0.263925],[-0.000679087,-0.290683,0.956819]],[[0.906706,-0.410237,-0.0979267],[0.260106,0.726668,-0.635844],[0.332007,0.551053,0.76558]],[[0.906706,-0.410237,-0.0979267],[-0.27685,-0.403746,-0.871977],[0.318179,0.817738,-0.479653]],[[0.906706,-0.410237,-0.0979267],[-0.419843,-0.855787,-0.30226],[0.0401936,0.315174,-0.948182]]],"btipPosition":[-40.0782,219.476,7.29645],"carpPosition":[-14.6232,254.515,78.6438],"dipPosition":[-39.3318,225.329,-10.3117],"direction":[-0.318179,-0.817738,0.479653],"extended":false,"handId":403,"id":4032,"length":66.2163,"mcpPosition":[-14.5764,274.556,12.6757],"pipPosition":[-30.3906,248.308,-23.7904],"stabilizedTipPosition":[-32.8748,149.135,124.575],"timeVisible":9.59914,"tipPosition":[-39.745,220.606,5.70624],"tipVelocity":[-54.6727,204.496,-250.661],"tool":false,"touchDistance":0.333333,"touchZone":"none","type":2,"width":18.7732},{"bases":[[[0.862676,-0.505757,0.000761954],[0.484608,0.82703,0.284913],[-0.144727,-0.245419,0.958553]],[[0.863064,-0.505092,-0.00182929],[0.376597,0.645906,-0.664064],[0.336595,0.57244,0.747674]],[[0.863064,-0.505092,-0.00182929],[-0.259877,-0.440946,-0.859087],[0.433111,0.741922,-0.511826]],[[0.863064,-0.505092,-0.00182929],[-0.484051,-0.826064,-0.28864],[0.144278,0.25,-0.957436]]],"btipPosition":[-23.7141,215.643,15.9729],"carpPosition":[-3.29081,250.653,76.6312],"dipPosition":[-21.0501,220.259,-1.70489],"direction":[-0.433111,-0.741922,0.511826],"extended":false,"handId":403,"id":4033,"length":63.6687,"mcpPosition":[5.66799,265.844,17.2955],"pipPosition":[-9.19358,240.57,-15.7163],"stabilizedTipPosition":[-17.6325,146.793,129.135],"timeVisible":9.59914,"tipPosition":[-23.042,216.738,14.0624],"tipVelocity":[-52.9533,177.144,-207.711],"tool":false,"touchDistance":0.333333,"touchZone":"none","type":3,"width":17.8639},{"bases":[[[0.748118,-0.660413,0.0646124],[0.598183,0.713346,0.365123],[-0.287223,-0.234505,0.928715]],[[0.750969,-0.65802,0.0552652],[0.511853,0.527187,-0.678292],[0.417195,0.537665,0.732711]],[[0.750969,-0.65802,0.0552652],[-0.316459,-0.432087,-0.844485],[0.579567,0.616693,-0.532721]],[[0.750969,-0.65802,0.0552652],[-0.616602,-0.728723,-0.297933],[0.236319,0.189662,-0.952986]]],"btipPosition":[-7.59305,219.505,22.7186],"carpPosition":[5.75372,240.005,75.0085],"dipPosition":[-3.5677,222.736,6.48584],"direction":[-0.579567,-0.616693,0.532721],"extended":false,"handId":403,"id":4034,"length":49.9151,"mcpPosition":[22.212,253.442,21.7919],"pipPosition":[7.63426,234.655,-3.81067],"stabilizedTipPosition":[-1.22283,159.51,115.669],"timeVisible":9.59914,"tipPosition":[-6.63771,220.354,20.8968],"tipVelocity":[-44.3579,163.208,-237.039],"tool":false,"touchDistance":0.333333,"touchZone":"none","type":4,"width":15.8681}],"r":[[0.999548,0.0207015,-0.0218182],[-0.0185669,0.995412,0.0938638],[0.0236612,-0.0934163,0.995346]],"s":0.97704,"t":[9.04235,53.5433,-101.048],"timestamp":88638850017},false],[2,{"currentFrameRate":55.0245,"devices":[],"gestures":[],"hands":[{"armBasis":[[0.950957,-0.203936,-0.232573],[0.281974,0.880638,0.380746],[0.127165,-0.427653,0.894954]],"armWidth":62.9686,"confidence":0.835122,"direction":[0.0690887,0.43946,-0.895601],"elbow":[23.7401,127.127,318.153],"grabStrength":0,"id":403,"palmNormal":[-0.278046,-0.853691,-0.440344],"palmPosition":[-14.9068,263.143,30.1693],"palmVelocity":[-13.6632,176.855,-176.144],"palmWidth":89.917,"pinchStrength":0.984325,"r":[[0.999583,0.0124259,-0.0260572],[-0.00966958,0.994597,0.103359],[0.0272008,-0.103064,0.994303]],"s":0.973256,"sphereCenter":[-23.9935,234.358,-6.83757],"sphereRadius":45.8893,"stabilizedPalmPosition":[-10.0146,214.014,93.7416],"t":[8.80011,56.7453,-104.212],"timeVisible":9.61699,"type":"right","wrist":[-10.1895,241.232,79.3651]}],"id":1409254,"interactionBox":{"center":[0,200,0],"size":[235.247,235.247,147.751]},"pointables":[{"bases":[[[0.647702,0.73687,0.193659],[-0.673674,0.435169,0.59732],[0.355873,-0.517349,0.77827]],[[0.552708,0.833215,0.0163313],[-0.76565,0.499956,0.404753],[0.329082,-0.236214,0.91428]],[[0.552708,0.833215,0.0163313],[-0.828325,0.551407,-0.0991304],[-0.0916021,0.0412626,0.99494]],[[0.552708,0.833215,0.0163313],[-0.716819,0.48531,-0.500643],[-0.425069,0.265003,0.8655]]],"btipPosition":[-43.6975,242.64,-19.1656],"carpPosition":[-40.3815,238.507,79.4748],"dipPosition":[-53.5284,248.769,0.851302],"direction":[0.0916021,-0.0412626,-0.99494],"extended":false,"handId":403,"id":4030,"length":51.5018,"mcpPosition":[-40.3815,238.507,79.4748],"pipPosition":[-56.6148,250.159,34.3744],"stabilizedTipPosition":[-43.2032,221.885,7.47909],"timeVisible":9.61699,"tipPosition":[-46.2814,242.88,-14.3348],"tipVelocity":[-22.9401,241.13,-186.171],"tool":false,"touchDistance":-0.743111,"touchZone":"hovering","type":0,"width":20.0112},{"bases":[[[0.956079,-0.201688,-0.212686],[0.261211,0.91547,0.306078],[0.132975,-0.348191,0.927944]],[[0.964908,-0.238813,-0.109182],[0.261047,0.917377,0.300457],[0.0284084,-0.318415,0.947526]],[[0.964908,-0.238813,-0.109182],[0.252219,0.958581,0.132315],[0.0730616,-0.155209,0.985176]],[[0.964908,-0.238813,-0.109182],[0.239692,0.970835,-0.00519767],[0.107239,-0.0211548,0.994008]]],"btipPosition":[-41.0716,300.319,-69.9963],"carpPosition":[-26.6422,257.422,78.0093],"dipPosition":[-39.261,299.962,-53.2133],"direction":[-0.0730616,0.155209,-0.985176],"extended":true,"handId":403,"id":4031,"length":58.114,"mcpPosition":[-36.3098,282.736,10.5459],"pipPosition":[-37.5159,296.255,-29.682],"stabilizedTipPosition":[-38.7888,288.651,-58.0619],"timeVisible":9.61699,"tipPosition":[-39.8831,298.861,-66.3166],"tipVelocity":[-43.9867,289.975,-134.382],"tool":false,"touchDistance":-0.754159,"touchZone":"touching","type":1,"width":19.1147},{"bases":[[[0.906622,-0.399966,-0.134403],[0.421943,0.860326,0.286014],[0.00123493,-0.316017,0.948753]],[[0.906371,-0.40772,-0.110709],[0.259206,0.743581,-0.61636],[0.333623,0.529954,0.779644]],[[0.906371,-0.40772,-0.110709],[-0.278307,-0.379046,-0.882536],[0.317864,0.830715,-0.457028]],[[0.906371,-0.40772,-0.110709],[-0.420672,-0.846708,-0.325763],[0.0390822,0.341834,-0.938947]]],"btipPosition":[-40.4061,223.59,3.15551],"carpPosition":[-14.7717,256.737,75.4239],"dipPosition":[-39.6803,229.938,-14.2811],"direction":[-0.317864,-0.830715,0.457028],"extended":false,"handId":403,"id":4032,"length":66.2163,"mcpPosition":[-14.8568,278.525,10.0119],"pipPosition":[-30.748,253.282,-27.1241],"stabilizedTipPosition":[-33.2634,153.141,117.956],"timeVisible":9.61699,"tipPosition":[-40.0756,224.791,1.48873],"tipVelocity":[-37.6968,219.721,-240.799],"tool":false,"touchDistance":0.333333,"touchZone":"none","type":2,"width":18.7732},{"bases":[[[0.862517,-0.505821,-0.0144975],[0.485463,0.819039,0.305779],[-0.142795,-0.270777,0.951992]],[[0.86286,-0.505164,-0.0167997],[0.373047,0.658917,-0.653196],[0.341041,0.557349,0.757003]],[[0.86286,-0.505164,-0.0167997],[-0.265094,-0.424001,-0.865995],[0.430347,0.751686,-0.49977]],[[0.86286,-0.505164,-0.0167997],[-0.485689,-0.819477,-0.304243],[0.139926,0.270679,-0.952446]]],"btipPosition":[-24.0278,219.505,12.1992],"carpPosition":[-3.44472,252.927,73.2855],"dipPosition":[-21.4443,224.502,-5.3864],"direction":[-0.430347,-0.751686,0.49977],"extended":false,"handId":403,"id":4033,"length":63.6687,"mcpPosition":[5.39448,269.689,14.356],"pipPosition":[-9.6634,245.08,-19.0678],"stabilizedTipPosition":[-17.8907,150.081,123.749],"timeVisible":9.61699,"tipPosition":[-23.3611,220.661,9.95102],"tipVelocity":[-36.7766,197.893,-208.871],"tool":false,"touchDistance":0.333333,"touchZone":"none","type":3,"width":17.8639},{"bases":[[[0.748045,-0.66209,0.0454598],[0.59917,0.703233,0.382698],[-0.285349,-0.259037,0.922754]],[[0.750456,-0.659852,0.0375729],[0.514433,0.547487,-0.660013],[0.41494,0.514639,0.750314]],[[0.750456,-0.659852,0.0375729],[-0.313228,-0.405145,-0.858921],[0.581983,0.632813,-0.510728]],[[0.750456,-0.659852,0.0375729],[-0.616177,-0.71908,-0.321324],[0.239044,0.217988,-0.946224]]],"btipPosition":[-7.87538,223.24,18.2576],"carpPosition":[5.59306,242.324,71.3614],"dipPosition":[-3.80361,226.953,2.14002],"direction":[-0.581983,-0.632813,0.510728],"extended":false,"handId":403,"id":4034,"length":49.9151,"mcpPosition":[21.944,257.167,18.4862],"pipPosition":[7.44505,239.185,-7.7314],"stabilizedTipPosition":[-1.37222,161.198,113.026],"timeVisible":9.61699,"tipPosition":[-6.90902,224.136,16.4142],"tipVelocity":[-30.6312,187.804,-242.379],"tool":false,"touchDistance":0.333333,"touchZone":"none","type":4,"width":15.8681}],"r":[[0.999583,0.0124259,-0.0260572],[-0.00966958,0.994597,0.103359],[0.0272008,-0.103064,0.994303]],"s":0.973256,"t":[8.80011,56.7453,-104.212],"timestamp":88638867871},false],[3,{"currentFrameRate":55.0447,"devices":[],"gestures":[],"hands":[{"armBasis":[[0.948285,-0.206045,-0.241455],[0.286719,0.88239,0.373069],[0.136189,-0.423006,0.895834]],"armWidth":62.9686,"confidence":0.831054,"direction":[0.0666063,0.45102,-0.890025],"elbow":[26.0599,130.453,315.577],"grabStrength":0,"id":403,"palmNormal":[-0.282077,-0.847107,-0.45038],"palmPosition":[-15.1368,265.886,27.67],"palmVelocity":[-13.2114,164.829,-158.054],"palmWidth":89.917,"pinchStrength":0.979538,"r":[[0.999526,0.00539119,-0.0302967],[-0.00191742,0.993532,0.113537],[0.0307129,-0.113425,0.993072]],"s":0.969864,"sphereCenter":[-24.7829,237.652,-9.70851],"sphereRadius":45.8914,"stabilizedPalmPosition":[-10.4001,217.918,88.7689],"t":[8.56396,59.7178,-107.043],"timeVisible":9.63509,"type":"right","wrist":[-10.2774,243.317,76.554]}],"id":1409255,"interactionBox":{"center":[0,200,0],"size":[235.247,235.247,147.751]},"pointables":[{"bases":[[[0.65042,0.732588,0.20067],[-0.670095,0.429011,0.605741],[0.357669,-0.528454,0.769941]],[[0.556681,0.830261,0.0277958],[-0.761289,0.496472,0.417078],[0.332484,-0.25334,0.908446]],[[0.556681,0.830261,0.0277958],[-0.825806,0.55671,-0.0901068],[-0.0902864,0.0272068,0.995544]],[[0.556681,0.830261,0.0277958],[-0.716641,0.496884,-0.48942],[-0.420158,0.252531,0.871605]]],"btipPosition":[-44.1176,246.409,-21.7627],"carpPosition":[-40.4758,240.669,76.7515],"dipPosition":[-53.8348,252.25,-1.60457],"direction":[0.0902864,-0.0272068,-0.995544],"extended":false,"handId":403,"id":4030,"length":51.5018,"mcpPosition":[-40.4758,240.669,76.7515],"pipPosition":[-56.8769,253.166,31.9388],"stabilizedTipPosition":[-44.0147,228.551,1.13858],"timeVisible":9.63509,"tipPosition":[-46.6712,246.573,-16.9483],"tipVelocity":[-22.3827,223.763,-165.028],"tool":false,"touchDistance":-0.735602,"touchZone":"hovering","type":0,"width":20.0112},{"bases":[[[0.954673,-0.201337,-0.219232],[0.264859,0.910689,0.317009],[0.135826,-0.360705,0.922737]],[[0.963726,-0.238782,-0.119224],[0.264629,0.912961,0.310602],[0.0346807,-0.330885,0.943034]],[[0.963726,-0.238782,-0.119224],[0.254758,0.956188,0.144235],[0.0795598,-0.169376,0.982335]],[[0.963726,-0.238782,-0.119224],[0.241416,0.970389,0.00794292],[0.113797,-0.0364374,0.992836]]],"btipPosition":[-41.8618,304.5,-71.8702],"carpPosition":[-26.6929,259.567,75.4784],"dipPosition":[-39.9404,303.884,-55.1071],"direction":[-0.0795598,0.169376,-0.982335],"extended":true,"handId":403,"id":4031,"length":58.114,"mcpPosition":[-36.5677,285.791,8.39359],"pipPosition":[-38.0401,299.839,-31.6436],"stabilizedTipPosition":[-40.2466,297.354,-63.5764],"timeVisible":9.63509,"tipPosition":[-40.6176,303.065,-68.2068],"tipVelocity":[-43.1647,260.363,-119.838],"tool":false,"touchDistance":-0.735253,"touchZone":"touching","type":1,"width":19.1147},{"bases":[[[0.905013,-0.400499,-0.143359],[0.425363,0.8554,0.295563],[0.00425711,-0.328468,0.944506]],[[0.904838,-0.408566,-0.119761],[0.258599,0.750855,-0.607736],[0.338224,0.518932,0.785057]],[[0.904838,-0.408566,-0.119761],[-0.282902,-0.366746,-0.886264],[0.318175,0.835806,-0.447429]],[[0.904838,-0.408566,-0.119761],[-0.424215,-0.841241,-0.335194],[0.0362004,0.3541,-0.934507]]],"btipPosition":[-40.8519,226.751,0.250005],"carpPosition":[-14.8348,258.885,72.8356],"dipPosition":[-40.1796,233.327,-17.1041],"direction":[-0.318175,-0.835806,0.447429],"extended":false,"handId":403,"id":4032,"length":66.2163,"mcpPosition":[-15.1283,281.532,7.71643],"pipPosition":[-31.2386,256.814,-29.6774],"stabilizedTipPosition":[-33.7746,158.307,109.587],"timeVisible":9.63509,"tipPosition":[-40.5264,227.979,-1.43607],"tipVelocity":[-31.8084,199.663,-202.136],"tool":false,"touchDistance":0.333333,"touchZone":"none","type":2,"width":18.7732},{"bases":[[[0.861117,-0.507807,-0.0246752],[0.488854,0.813694,0.314523],[-0.139639,-0.282904,0.948929]],[[0.861443,-0.507141,-0.0269052],[0.378082,0.675788,-0.632743],[0.339072,0.5349,0.773894]],[[0.861443,-0.507141,-0.0269052],[-0.259884,-0.394691,-0.881294],[0.436321,0.766177,-0.471802]],[[0.861443,-0.507141,-0.0269052],[-0.486333,-0.808521,-0.331323],[0.146274,0.298501,-0.943134]]],"btipPosition":[-24.499,222.483,8.02094],"carpPosition":[-3.52668,255.074,70.601],"dipPosition":[-21.7982,227.995,-9.39276],"direction":[-0.436321,-0.766177,0.471802],"extended":false,"handId":403,"id":4033,"length":63.6687,"mcpPosition":[5.11716,272.586,11.861],"pipPosition":[-9.8538,248.969,-22.3085],"stabilizedTipPosition":[-18.2012,153.901,117.54],"timeVisible":9.63509,"tipPosition":[-23.7913,223.745,5.95501],"tipVelocity":[-30.9597,185.164,-218.301],"tool":false,"touchDistance":0.333333,"touchZone":"none","type":3,"width":17.8639},{"bases":[[[0.746479,-0.664556,0.033692],[0.602568,0.696594,0.389448],[-0.28228,-0.270413,0.920432]],[[0.74881,-0.662275,0.0260057],[0.513334,0.554695,-0.65483],[0.419252,0.503693,0.755329]],[[0.74881,-0.662275,0.0260057],[-0.317614,-0.392999,-0.862944],[0.581726,0.637921,-0.504629]],[[0.74881,-0.662275,0.0260057],[-0.619337,-0.713156,-0.328374],[0.23602,0.229783,-0.94419]]],"btipPosition":[-8.26325,226.125,15.2022],"carpPosition":[5.47529,244.474,68.5006],"dipPosition":[-4.24299,230.039,-0.880722],"direction":[-0.581726,-0.637921,0.504629],"extended":false,"handId":403,"id":4034,"length":49.9151,"mcpPosition":[21.6503,259.969,15.7586],"pipPosition":[7.0007,242.369,-10.6343],"stabilizedTipPosition":[-1.5744,163.429,109.586],"timeVisible":9.63509,"tipPosition":[-7.30029,227.043,13.3393],"tipVelocity":[-26.5678,175.519,-207.193],"tool":false,"touchDistance":0.333333,"touchZone":"none","type":4,"width":15.8681}],"r":[[0.999526,0.00539119,-0.0302967],[-0.00191742,0.993532,0.113537],[0.0307129,-0.113425,0.993072]],"s":0.969864,"t":[8.56396,59.7178,-107.043],"timestamp":88638885968},false],[4,{"currentFrameRate":55.0905,"devices":[],"gestures":[],"hands":[{"armBasis":[[0.950186,-0.187371,-0.249076],[0.274899,0.880416,0.386392],[0.146892,-0.435615,0.888067]],"armWidth":62.9686,"confidence":0.721327,"direction":[0.0643528,0.46189,-0.8846],"elbow":[28.5046,129.086,311.317],"grabStrength":0,"id":403,"palmNormal":[-0.27051,-0.845174,-0.460983],"palmPosition":[-15.645,268.38,25.7255],"palmVelocity":[-20.3309,152.42,-134.38],"palmWidth":89.917,"pinchStrength":0.975329,"r":[[0.999452,0.00221702,-0.0330162],[0.00189176,0.992293,0.123899],[0.0330365,-0.123893,0.991745]],"s":0.967055,"sphereCenter":[-25.261,240.611,-11.9921],"sphereRadius":45.8472,"stabilizedPalmPosition":[-10.8618,222.36,83.2187],"t":[8.19179,62.4513,-109.431],"timeVisible":9.65308,"type":"right","wrist":[-10.6885,245.315,74.367]}],"id":1409256,"interactionBox":{"center":[0,200,0],"size":[235.247,235.247,147.751]},"pointables":[{"bases":[[[0.641037,0.737848,0.21131],[-0.677195,0.414171,0.608169],[0.361218,-0.532957,0.765166]],[[0.547802,0.835607,0.0409175],[-0.767822,0.482738,0.421205],[0.33221,-0.262154,0.906042]],[[0.547802,0.835607,0.0409175],[-0.830977,0.549129,-0.0890744],[-0.0969001,0.0147936,0.995184]],[[0.547802,0.835607,0.0409175],[-0.720258,0.495934,-0.485055],[-0.425608,0.236243,0.873526]]],"btipPosition":[-44.1334,249.279,-24.0017],"carpPosition":[-40.854,242.31,74.4262],"dipPosition":[-53.9767,254.743,-3.79917],"direction":[0.0969001,-0.0147936,-0.995184],"extended":false,"handId":403,"id":4030,"length":51.5018,"mcpPosition":[-40.854,242.31,74.4262],"pipPosition":[-57.2416,255.241,29.7321],"stabilizedTipPosition":[-44.6585,234.491,-4.39913],"timeVisible":9.65308,"tipPosition":[-46.717,249.373,-19.2118],"tipVelocity":[-12.9603,191.049,-145.534],"tool":false,"touchDistance":-0.723807,"touchZone":"hovering","type":0,"width":20.0112},{"bases":[[[0.957732,-0.187588,-0.218081],[0.253003,0.910066,0.328281],[0.136886,-0.369581,0.919061]],[[0.966756,-0.224824,-0.121808],[0.252717,0.912664,0.321214],[0.0389531,-0.341319,0.93914]],[[0.966756,-0.224824,-0.121808],[0.242473,0.957278,0.157562],[0.0811804,-0.181859,0.979968]],[[0.966756,-0.224824,-0.121808],[0.229231,0.973094,0.0232739],[0.113298,-0.0504224,0.992281]]],"btipPosition":[-42.7483,307.936,-73.4329],"carpPosition":[-27.2906,261.381,73.4173],"dipPosition":[-40.8354,307.085,-56.6791],"direction":[-0.0811804,0.181859,-0.979968],"extended":true,"handId":403,"id":4031,"length":58.114,"mcpPosition":[-37.2425,288.25,6.59973],"pipPosition":[-38.8963,302.741,-33.2722],"stabilizedTipPosition":[-41.5097,303.717,-67.254],"timeVisible":9.65308,"tipPosition":[-41.4568,306.517,-69.7763],"tipVelocity":[-46.1067,226.085,-104.269],"tool":false,"touchDistance":-0.713534,"touchZone":"touching","type":1,"width":19.1147},{"bases":[[[0.910163,-0.388172,-0.144655],[0.414221,0.856916,0.306784],[0.00487168,-0.339142,0.940722]],[[0.910001,-0.396528,-0.121095],[0.251182,0.759638,-0.599881],[0.329858,0.515475,0.790872]],[[0.910001,-0.396528,-0.121095],[-0.276064,-0.361589,-0.890529],[0.309334,0.843812,-0.438513]],[[0.910001,-0.396528,-0.121095],[-0.413142,-0.842717,-0.345169],[0.0348205,0.364133,-0.930696]]],"btipPosition":[-40.8032,229.224,-2.11366],"carpPosition":[-15.4163,260.869,70.8094],"dipPosition":[-40.1566,235.986,-19.397],"direction":[-0.309334,-0.843812,0.438513],"extended":false,"handId":403,"id":4032,"length":66.2163,"mcpPosition":[-15.7522,284.251,5.95109],"pipPosition":[-31.464,259.698,-31.7197],"stabilizedTipPosition":[-34.333,164.188,100.199],"timeVisible":9.65308,"tipPosition":[-40.4948,230.503,-3.94247],"tipVelocity":[-15.6163,171.328,-168.188],"tool":false,"touchDistance":0.333333,"touchZone":"none","type":2,"width":18.7732},{"bases":[[[0.867127,-0.497335,-0.0273552],[0.478134,0.815745,0.325497],[-0.139566,-0.295327,0.945147]],[[0.867439,-0.496669,-0.0294817],[0.3764,0.693829,-0.613941],[0.325381,0.52146,0.788801]],[[0.867439,-0.496669,-0.0294817],[-0.24576,-0.376195,-0.893353],[0.43261,0.782175,-0.448387]],[[0.867439,-0.496669,-0.0294817],[-0.473894,-0.806703,-0.353065],[0.151574,0.320234,-0.935134]]],"btipPosition":[-24.4249,225.149,4.7794],"carpPosition":[-4.05636,257.217,68.5722],"dipPosition":[-21.6263,231.062,-12.4866],"direction":[-0.43261,-0.782175,0.448387],"extended":false,"handId":403,"id":4033,"length":63.6687,"mcpPosition":[4.58298,275.498,10.0664],"pipPosition":[-9.78348,252.474,-24.7613],"stabilizedTipPosition":[-18.5142,157.975,110.992],"timeVisible":9.65308,"tipPosition":[-23.7153,226.464,2.74935],"tipVelocity":[-13.7545,170.072,-199.34],"tool":false,"touchDistance":0.333333,"touchZone":"none","type":3,"width":17.8639},{"bases":[[[0.754145,-0.656076,0.0288162],[0.592962,0.699143,0.399494],[-0.282245,-0.284189,0.916283]],[[0.756404,-0.653754,0.0213995],[0.509464,0.568308,-0.646121],[0.410243,0.499631,0.762935]],[[0.756404,-0.653754,0.0213995],[-0.309285,-0.386292,-0.868977],[0.576364,0.650679,-0.49439]],[[0.756404,-0.653754,0.0213995],[-0.609541,-0.716363,-0.339534],[0.237302,0.243781,-0.94035]]],"btipPosition":[-8.2667,228.846,12.7941],"carpPosition":[5.07721,246.748,66.3839],"dipPosition":[-4.22461,232.998,-3.22341],"direction":[-0.576364,-0.650679,0.49439],"extended":false,"handId":403,"id":4034,"length":49.9151,"mcpPosition":[21.2502,263.033,13.8796],"pipPosition":[6.91544,245.575,-12.7791],"stabilizedTipPosition":[-1.82879,166.359,105.151],"timeVisible":9.65308,"tipPosition":[-7.30442,229.798,10.9111],"tipVelocity":[-13.9429,165.438,-172.052],"tool":false,"touchDistance":0.333333,"touchZone":"none","type":4,"width":15.8681}],"r":[[0.999452,0.00221702,-0.0330162],[0.00189176,0.992293,0.123899],[0.0330365,-0.123893,0.991745]],"s":0.967055,"t":[8.19179,62.4513,-109.431],"timestamp":88638903961},false],[5,{"currentFrameRate":55.1018,"devices":[],"gestures":[],"hands":[{"armBasis":[[0.9517,-0.182033,-0.247247],[0.267553,0.886715,0.37703],[0.150606,-0.424971,0.89259]],"armWidth":62.9686,"confidence":0.724959,"direction":[0.0606624,0.473685,-0.878603],"elbow":[29.2518,133.891,310.283],"grabStrength":0,"id":403,"palmNormal":[-0.262636,-0.841632,-0.471887],"palmPosition":[-16.0703,270.918,23.7781],"palmVelocity":[-21.8318,146.571,-121.608],"palmWidth":89.917,"pinchStrength":0.975092,"r":[[0.999383,0.00158439,-0.0350818],[0.00315734,0.990882,0.134695],[0.0349753,-0.134722,0.990266]],"s":0.964727,"sphereCenter":[-25.9145,243.693,-14.259],"sphereRadius":45.7936,"stabilizedPalmPosition":[-11.5381,228.665,75.5007],"t":[7.79306,65.0868,-111.599],"timeVisible":9.67119,"type":"right","wrist":[-10.9322,247.28,72.1251]}],"id":1409257,"interactionBox":{"center":[0,200,0],"size":[235.247,235.247,147.751]},"pointables":[{"bases":[[[0.634249,0.740837,0.221108],[-0.681226,0.400273,0.612954],[0.365596,-0.53939,0.75855]],[[0.541005,0.839338,0.0531553],[-0.771833,0.470403,0.427778],[0.334046,-0.272457,0.902319]],[[0.541005,0.839338,0.0531553],[-0.835067,0.543608,-0.0845728],[-0.0998808,0.00136605,0.994998]],[[0.541005,0.839338,0.0531553],[-0.723974,0.496946,-0.478441],[-0.427989,0.220356,0.876509]]],"btipPosition":[-44.2839,252.3,-26.1807],"carpPosition":[-41.0695,244.003,72.1263],"dipPosition":[-54.1823,257.397,-5.90912],"direction":[0.0998808,-0.00136605,-0.994998],"extended":false,"handId":403,"id":4030,"length":51.5018,"mcpPosition":[-41.0695,244.003,72.1263],"pipPosition":[-57.5476,257.443,27.6159],"stabilizedTipPosition":[-45.3039,240.932,-10.2079],"timeVisible":9.67119,"tipPosition":[-46.8813,252.33,-21.4063],"tipVelocity":[-11.0823,177.309,-133.122],"tool":false,"touchDistance":-0.712206,"touchZone":"touching","type":0,"width":20.0112},{"bases":[[[0.959501,-0.176163,-0.219829],[0.244616,0.90805,0.340011],[0.139718,-0.380015,0.914367]],[[0.968646,-0.213143,-0.127648],[0.244204,0.911343,0.331387],[0.0456983,-0.352169,0.93482]],[[0.968646,-0.213143,-0.127648],[0.23305,0.957568,0.16956],[0.0860912,-0.193992,0.977218]],[[0.968646,-0.213143,-0.127648],[0.219356,0.974958,0.0366051],[0.116649,-0.0634577,0.991144]]],"btipPosition":[-43.8018,311.491,-74.8714],"carpPosition":[-27.678,263.207,71.3693],"dipPosition":[-41.8322,310.42,-58.1368],"direction":[-0.0860912,0.193992,-0.977218],"extended":true,"handId":403,"id":4031,"length":58.114,"mcpPosition":[-37.8358,290.835,4.89293],"pipPosition":[-39.7759,305.786,-34.7956],"stabilizedTipPosition":[-42.7416,308.76,-69.7783],"timeVisible":9.67119,"tipPosition":[-42.4393,310.131,-71.2191],"tipVelocity":[-51.5063,210.587,-92.5697],"tool":false,"touchDistance":-0.692157,"touchZone":"touching","type":1,"width":19.1147},{"bases":[[[0.913702,-0.378087,-0.148995],[0.406318,0.856632,0.317944],[0.00742311,-0.351045,0.936329]],[[0.913603,-0.386723,-0.125601],[0.244881,0.769908,-0.5893],[0.324597,0.507629,0.798091]],[[0.913603,-0.386723,-0.125601],[-0.272003,-0.351665,-0.895738],[0.302232,0.852513,-0.426471]],[[0.913603,-0.386723,-0.125601],[-0.405315,-0.841544,-0.357104],[0.0324011,0.37716,-0.925581]]],"btipPosition":[-40.8659,231.898,-4.63456],"carpPosition":[-15.7981,262.835,68.7629],"dipPosition":[-40.2642,238.902,-21.823],"direction":[-0.302232,-0.852513,0.426471],"extended":false,"handId":403,"id":4032,"length":66.2163,"mcpPosition":[-16.3099,287.038,4.20739],"pipPosition":[-31.7711,262.859,-33.8073],"stabilizedTipPosition":[-34.9312,170.673,90.0221],"timeVisible":9.67119,"tipPosition":[-40.5698,233.214,-6.492],"tipVelocity":[-10.1035,161.528,-153.825],"tool":false,"touchDistance":0.333333,"touchZone":"none","type":2,"width":18.7732},{"bases":[[[0.871588,-0.489119,-0.0331232],[0.470589,0.815803,0.336172],[-0.137406,-0.308591,0.941218]],[[0.871888,-0.488438,-0.0351948],[0.370558,0.705035,-0.604659],[0.320152,0.514154,0.795706]],[[0.871888,-0.488438,-0.0351948],[-0.241722,-0.366754,-0.898366],[0.425889,0.791783,-0.437834]],[[0.871888,-0.488438,-0.0351948],[-0.466371,-0.806277,-0.36389],[0.149361,0.333686,-0.930777]]],"btipPosition":[-24.4511,227.879,2.26289],"carpPosition":[-4.40451,259.314,66.4867],"dipPosition":[-21.6933,234.04,-14.9227],"direction":[-0.425889,-0.791783,0.437835],"extended":false,"handId":403,"id":4033,"length":63.6687,"mcpPosition":[4.10111,278.417,8.22407],"pipPosition":[-10.0345,255.715,-26.9085],"stabilizedTipPosition":[-18.8583,162.603,103.68],"timeVisible":9.67119,"tipPosition":[-23.7532,229.229,0.19184],"tipVelocity":[-8.14372,162.369,-170.126],"tool":false,"touchDistance":0.333333,"touchZone":"none","type":3,"width":17.8639},{"bases":[[[0.760011,-0.649573,0.0209482],[0.586423,0.699306,0.408753],[-0.280164,-0.298372,0.912405]],[[0.76223,-0.647162,0.0136388],[0.507933,0.584919,-0.632355],[0.401259,0.488928,0.774558]],[[0.76223,-0.647162,0.0136388],[-0.299916,-0.371757,-0.878548],[0.573633,0.665566,-0.477459]],[[0.76223,-0.647162,0.0136388],[-0.601157,-0.715544,-0.35582],[0.240032,0.263017,-0.934455]]],"btipPosition":[-8.31876,231.626,9.96974],"carpPosition":[4.82419,248.957,64.1711],"dipPosition":[-4.23016,236.106,-5.94733],"direction":[-0.573633,-0.665566,0.477459],"extended":false,"handId":403,"id":4034,"length":49.9151,"mcpPosition":[20.878,266.054,11.8891],"pipPosition":[6.85711,248.97,-15.1757],"stabilizedTipPosition":[-2.13397,170.005,99.715],"timeVisible":9.67119,"tipPosition":[-7.3557,232.628,8.09347],"tipVelocity":[-8.3956,161.744,-163.79],"tool":false,"touchDistance":0.333333,"touchZone":"none","type":4,"width":15.8681}],"r":[[0.999383,0.00158439,-0.0350818],[0.00315734,0.990882,0.134695],[0.0349753,-0.134722,0.990266]],"s":0.964727,"t":[7.79306,65.0868,-111.599],"timestamp":88638922070},false],[6,{"currentFrameRate":55.1064,"devices":[],"gestures":[],"hands":[{"armBasis":[[0.952808,-0.176398,-0.247065],[0.262719,0.886917,0.379944],[0.152105,-0.426922,0.891404]],"armWidth":62.9686,"confidence":0.695767,"direction":[0.0536926,0.489207,-0.870513],"elbow":[29.3392,135.675,307.653],"grabStrength":0,"id":403,"palmNormal":[-0.258205,-0.83532,-0.485356],"palmPosition":[-16.748,274.014,21.9002],"palmVelocity":[-29.2358,158.085,-113.019],"palmWidth":89.917,"pinchStrength":0.972982,"r":[[0.999293,0.00271947,-0.0374897],[0.00281297,0.989172,0.146734],[0.0374828,-0.146735,0.988465]],"s":0.962994,"sphereCenter":[-27.0492,247.467,-16.5125],"sphereRadius":45.7558,"stabilizedPalmPosition":[-12.5497,237.47,65.0933],"t":[7.25484,67.9525,-113.622],"timeVisible":9.68932,"type":"right","wrist":[-11.2448,249.585,69.8119]}],"id":1409258,"interactionBox":{"center":[0,200,0],"size":[235.247,235.247,147.751]},"pointables":[{"bases":[[[0.629574,0.74166,0.231468],[-0.681783,0.384514,0.622351],[0.37257,-0.549627,0.747731]],[[0.536056,0.841492,0.0673396],[-0.772525,0.456828,0.441036],[0.340366,-0.288442,0.89496]],[[0.536056,0.841492,0.0673396],[-0.838424,0.540004,-0.0737662],[-0.0984373,-0.0169163,0.994999]],[[0.536056,0.841492,0.0673396],[-0.72906,0.501692,-0.465592],[-0.425576,0.200489,0.882434]]],"btipPosition":[-44.9872,256.243,-28.2104],"carpPosition":[-41.3566,246.082,69.8707],"dipPosition":[-54.8298,260.88,-7.80179],"direction":[0.0984373,0.0169163,-0.994999],"extended":false,"handId":403,"id":4030,"length":51.5018,"mcpPosition":[-41.3566,246.082,69.8707],"pipPosition":[-58.1465,260.31,25.7232],"stabilizedTipPosition":[-46.1617,248.147,-16.0706],"timeVisible":9.68932,"tipPosition":[-47.5517,256.171,-23.449],"tipVelocity":[-23.9394,193.66,-122.21],"tool":false,"touchDistance":-0.699292,"touchZone":"touching","type":0,"width":20.0112},{"bases":[[[0.959918,-0.165131,-0.226469],[0.239175,0.903865,0.354716],[0.146123,-0.394664,0.907132]],[[0.969484,-0.202057,-0.138826],[0.23846,0.908661,0.342741],[0.0568927,-0.365387,0.929115]],[[0.969484,-0.202057,-0.138826],[0.225601,0.956941,0.182671],[0.0959385,-0.208416,0.973323]],[[0.969484,-0.202057,-0.138826],[0.210769,0.976202,0.0510586],[0.125206,-0.0787607,0.989]]],"btipPosition":[-45.5559,315.91,-75.9485],"carpPosition":[-28.1115,265.396,69.3947],"dipPosition":[-43.4419,314.58,-59.2501],"direction":[-0.0959385,0.208416,-0.973323],"extended":true,"handId":403,"id":4031,"length":58.114,"mcpPosition":[-38.735,294.089,3.44439],"pipPosition":[-41.1504,309.602,-36.0019],"stabilizedTipPosition":[-44.4554,313.798,-71.4932],"timeVisible":9.68932,"tipPosition":[-44.0979,314.661,-72.2953],"tipVelocity":[-72.1794,224.793,-76.9958],"tool":false,"touchDistance":-0.667557,"touchZone":"touching","type":1,"width":19.1147},{"bases":[[[0.915902,-0.368585,-0.15896],[0.401167,0.854051,0.331152],[0.013703,-0.367072,0.930092]],[[0.91596,-0.377587,-0.135812],[0.236981,0.782148,-0.576268],[0.323817,0.495653,0.805897]],[[0.91596,-0.377587,-0.135812],[-0.272608,-0.337184,-0.901106],[0.294452,0.8624,-0.411781]],[[0.91596,-0.377587,-0.135812],[-0.400404,-0.83783,-0.371104],[0.0263363,0.394296,-0.918606]]],"btipPosition":[-41.3718,235.301,-7.14425],"carpPosition":[-16.2395,265.159,66.7373],"dipPosition":[-40.8827,242.623,-24.2031],"direction":[-0.294452,-0.8624,0.411781],"extended":false,"handId":403,"id":4032,"length":66.2163,"mcpPosition":[-17.1843,290.467,2.6119],"pipPosition":[-32.6083,266.858,-35.7746],"stabilizedTipPosition":[-35.6595,178.305,78.3873],"timeVisible":9.68932,"tipPosition":[-41.0942,236.666,-9.02779],"tipVelocity":[-19.2613,175.909,-145.706],"tool":false,"touchDistance":0.333333,"touchZone":"none","type":2,"width":18.7732},{"bases":[[[0.875071,-0.481911,-0.0448655],[0.465812,0.813398,0.348429],[-0.131418,-0.325799,0.936261]],[[0.875312,-0.481308,-0.0465971],[0.360693,0.714052,-0.600026],[0.32207,0.508403,0.798622]],[[0.875312,-0.481308,-0.0465971],[-0.245712,-0.359711,-0.90013],[0.416478,0.799344,-0.433122]],[[0.875312,-0.481308,-0.0465971],[-0.462574,-0.805352,-0.370721],[0.140904,0.346052,-0.927574]]],"btipPosition":[-24.9171,231.212,0.123721],"carpPosition":[-4.82902,261.764,64.3576],"dipPosition":[-22.3155,237.601,-17.0027],"direction":[-0.416478,-0.799344,0.433122],"extended":false,"handId":403,"id":4033,"length":63.6687,"mcpPosition":[3.30594,281.931,6.40178],"pipPosition":[-10.9143,259.484,-28.8596],"stabilizedTipPosition":[-19.328,168.631,94.4324],"timeVisible":9.68932,"tipPosition":[-24.2385,232.634,-2.27172],"tipVelocity":[-17.4501,173.966,-144.938],"tool":false,"touchDistance":0.333333,"touchZone":"none","type":3,"width":17.8639},{"bases":[[[0.764904,-0.644108,0.00684843],[0.582794,0.696541,0.418547],[-0.27436,-0.316157,0.908169]],[[0.767161,-0.641455,-0.000709491],[0.504189,0.603679,-0.617548],[0.396557,0.473401,0.786533]],[[0.767161,-0.641455,-0.000709491],[-0.295143,-0.352,-0.888249],[0.569522,0.681639,-0.459362]],[[0.767161,-0.641455,-0.000709491],[-0.59539,-0.711656,-0.372904],[0.238696,0.286499,-0.92787]]],"btipPosition":[-8.74158,235.037,6.98946],"carpPosition":[4.46744,251.517,61.8285],"dipPosition":[-4.67575,239.917,-8.81544],"direction":[-0.569522,-0.681639,0.459361],"extended":false,"handId":403,"id":4034,"length":49.9151,"mcpPosition":[20.1886,269.633,9.78916],"pipPosition":[6.33206,253.092,-17.6941],"stabilizedTipPosition":[-2.53328,174.661,92.9318],"timeVisible":9.68932,"tipPosition":[-7.78798,236.098,5.116],"tipVelocity":[-15.6406,176.733,