{"sensorType":"Leap","data":[[0,{"currentFrameRate":55.3178,"devices":[],"gestures":[],"hands":[{"armBasis":[[0.983832,0.0605568,-0.168544],[0.0253923,0.884426,0.46599],[0.177283,-0.462736,0.868589]],"armWidth":62.9686,"confidence":0.781122,"direction":[0.0637009,0.502201,-0.862401],"elbow":[55.7741,43.2078,298.82],"grabStrength":0,"id":403,"palmNormal":[-0.0226172,-0.863208,-0.504341],"palmPosition":[4.2592,190.176,18.5641],"palmVelocity":[-124.127,-196.213,170.534],"palmWidth":89.917,"pinchStrength":0.401919,"r":[[0.987552,0.138486,0.0745838],[-0.153609,0.951134,0.267859],[-0.0338444,-0.275982,0.960567]],"s":1.09482,"sphereCenter":[-11.4204,164.298,-17.9402],"sphereRadius":46.2168,"stabilizedPalmPosition":[11.2323,198.789,9.92344],"t":[29.9617,-9.44963,-122.085],"timeVisible":17.2275,"type":"right","wrist":[8.4721,166.673,67.0663]}],"id":1409674,"interactionBox":{"center":[0,200,0],"size":[235.247,235.247,147.751]},"pointables":[{"bases":[[[0.434137,0.849296,0.30037],[-0.817699,0.231601,0.527001],[0.378014,-0.474403,0.795014]],[[0.36688,0.915142,0.167077],[-0.840631,0.249217,0.480865],[0.398421,-0.316869,0.860729]],[[0.36688,0.915142,0.167077],[-0.927414,0.345748,0.142695],[0.0728193,-0.207301,0.975563]],[[0.36688,0.915142,0.167077],[-0.46766,0.336693,-0.817271],[-0.804173,0.221705,0.551501]]],"btipPosition":[-23.6008,174.705,-24.7131],"carpPosition":[-20.0921,157.217,63.3708],"dipPosition":[-42.1994,179.832,-11.9582],"direction":[-0.0728193,0.207301,-0.975563],"extended":false,"handId":403,"id":4030,"length":51.5018,"mcpPosition":[-20.0921,157.217,63.3708],"pipPosition":[-39.7458,172.848,20.912],"stabilizedTipPosition":[-21.9754,184.072,-30.8201],"timeVisible":17.2275,"tipPosition":[-27.0034,174.687,-22.7538],"tipVelocity":[-141.898,-211.533,236.273],"tool":false,"touchDistance":0.462108,"touchZone":"hovering","type":0,"width":20.0112},{"bases":[[[0.994244,0.0334214,-0.101789],[0.0068326,0.928383,0.371562],[0.106918,-0.370119,0.922811]],[[0.97753,0.0720846,-0.198086],[-0.0473937,0.990811,0.12668],[0.205397,-0.114445,0.971964]],[[0.97753,0.0720846,-0.198086],[-0.0967051,0.988346,-0.117563],[0.187303,0.134078,0.973109]],[[0.97753,0.0720846,-0.198086],[-0.12916,0.947472,-0.292598],[0.166589,0.311608,0.935494]]],"btipPosition":[-34.8095,202.099,-83.0492],"carpPosition":[-11.0295,178.795,64.3446],"dipPosition":[-31.9967,207.36,-67.2542],"direction":[-0.187303,-0.134078,-0.973109],"extended":true,"handId":403,"id":4031,"length":58.114,"mcpPosition":[-18.8027,205.704,-2.74568],"pipPosition":[-27.523,210.562,-44.0112],"stabilizedTipPosition":[-34.0702,203.764,-79.5727],"timeVisible":17.2275,"tipPosition":[-34.2424,205.893,-79.2231],"tipVelocity":[-120.509,-473.428,130.704],"tool":false,"touchDistance":-0.218098,"touchZone":"touching","type":1,"width":19.1147},{"bases":[[[0.983718,-0.17565,-0.0380193],[0.177169,0.912317,0.369174],[-0.0301598,-0.369899,0.928582]],[[0.982496,-0.18589,-0.0121259],[0.0838577,0.499464,-0.862266],[0.166344,0.846156,0.50631]],[[0.982496,-0.18589,-0.0121259],[-0.150991,-0.756535,-0.636284],[0.109105,0.626977,-0.77136]],[[0.982496,-0.18589,-0.0121259],[-0.18626,-0.979192,-0.0805632],[0.00310233,0.0814116,-0.996676]]],"btipPosition":[-8.07985,147.043,15.254],"carpPosition":[0.887639,180.975,63.2071],"dipPosition":[-8.02224,148.555,-3.25469],"direction":[-0.109105,-0.626977,0.77136],"extended":false,"handId":403,"id":4032,"length":66.2163,"mcpPosition":[2.96701,206.477,-0.814187],"pipPosition":[-4.95626,166.173,-24.9307],"stabilizedTipPosition":[5.93858,170.741,-21.1125],"timeVisible":17.2275,"tipPosition":[-8.08867,147.547,10.2772],"tipVelocity":[-96.6211,-218.335,230.242],"tool":false,"touchDistance":0.333333,"touchZone":"none","type":2,"width":18.7732},{"bases":[[[0.952384,-0.29644,0.0713226],[0.245947,0.885179,0.394928],[-0.180206,-0.358581,0.91594]],[[0.950918,-0.299289,0.0786213],[0.226223,0.499015,-0.836545],[0.211136,0.813271,0.542228]],[[0.950918,-0.299289,0.0786213],[-0.174082,-0.727453,-0.663708],[0.255834,0.617445,-0.743849]],[[0.950918,-0.299289,0.0786213],[-0.289998,-0.950565,-0.111033],[0.107966,0.0827833,-0.990702]]],"btipPosition":[5.78945,147.822,20.3399],"carpPosition":[12.9537,179.964,62.3235],"dipPosition":[7.78289,149.35,2.04789],"direction":[-0.255834,-0.617445,0.743849],"extended":false,"handId":403,"id":4033,"length":63.6687,"mcpPosition":[24.1086,202.161,5.62564],"pipPosition":[14.7864,166.253,-18.3152],"stabilizedTipPosition":[21.2915,170.136,-18.4257],"timeVisible":17.2275,"tipPosition":[6.28942,148.36,15.6141],"tipVelocity":[-97.35,-202.528,230.589],"tool":false,"touchDistance":0.333333,"touchZone":"none","type":3,"width":17.8639},{"bases":[[[0.87131,-0.478105,0.110613],[0.37419,0.793116,0.480572],[-0.317493,-0.377337,0.869951]],[[0.82574,-0.520814,0.21658],[0.464338,0.409668,-0.785215],[0.320225,0.748949,0.580113]],[[0.82574,-0.520814,0.21658],[-0.2473,-0.679382,-0.690857],[0.506948,0.516908,-0.68979]],[[0.82574,-0.520814,0.21658],[-0.490747,-0.852646,-0.179337],[0.278068,0.0418,-0.959652]]],"btipPosition":[16.8245,156.57,20.6633],"carpPosition":[24.3559,171.821,61.1045],"dipPosition":[21.561,157.282,4.31703],"direction":[-0.506948,-0.516908,0.68979],"extended":false,"handId":403,"id":4034,"length":49.9151,"mcpPosition":[42.5487,193.443,11.2551],"pipPosition":[31.3594,167.273,-9.01533],"stabilizedTipPosition":[35.1158,176.424,-16.6256],"timeVisible":17.2275,"tipPosition":[18.2371,156.777,16.5235],"tipVelocity":[-103.789,-193.352,221.245],"tool":false,"touchDistance":0.333333,"touchZone":"none","type":4,"width":15.8681}],"r":[[0.987552,0.138486,0.0745838],[-0.153609,0.951134,0.267859],[-0.0338444,-0.275982,0.960567]],"s":1.09482,"t":[29.9617,-9.44963,-122.085],"timestamp":88646478397},false],[1,{"currentFrameRate":55.3552,"devices":[],"gestures":[],"hands":[{"armBasis":[[0.985109,0.0558012,-0.162621],[0.0274098,0.882795,0.468958],[0.16973,-0.466432,0.86812]],"armWidth":62.9686,"confidence":0.815266,"direction":[0.0644683,0.486095,-0.871525],"elbow":[51.5952,39.4577,301.788],"grabStrength":0,"id":403,"palmNormal":[-0.0259863,-0.872228,-0.488409],"palmPosition":[2.12319,186.533,21.2387],"palmVelocity":[-121.747,-199.468,160.414],"palmWidth":89.917,"pinchStrength":0.404749,"r":[[0.986164,0.149668,0.0712759],[-0.16279,0.955539,0.245854],[-0.0313105,-0.254055,0.966683]],"s":1.09043,"sphereCenter":[-13.166,159.553,-14.8461],"sphereRadius":46.1522,"stabilizedPalmPosition":[8.29476,194.837,13.5724],"t":[27.7748,-13.0561,-119.196],"timeVisible":17.2455,"type":"right","wrist":[6.30853,163.909,70.1595]}],"id":1409675,"interactionBox":{"center":[0,200,0],"size":[235.247,235.247,147.751]},"pointables":[{"bases":[[[0.437247,0.853213,0.284328],[-0.816386,0.243934,0.52346],[0.377266,-0.461003,0.80321]],[[0.375117,0.913153,0.159498],[-0.831968,0.255769,0.492353],[0.408799,-0.317387,0.855657]],[[0.375117,0.913153,0.159498],[-0.924377,0.355607,0.138094],[0.069382,-0.199238,0.977492]],[[0.375117,0.913153,0.159498],[-0.443498,0.327884,-0.834147],[-0.814001,0.242165,0.527976]]],"btipPosition":[-25.968,171.25,-20.6889],"carpPosition":[-22.2906,154.482,66.6658],"dipPosition":[-44.7939,176.851,-8.47804],"direction":[-0.069382,0.199238,-0.977492],"extended":false,"handId":403,"id":4030,"length":51.5018,"mcpPosition":[-22.2906,154.482,66.6658],"pipPosition":[-42.4562,170.138,24.4571],"stabilizedTipPosition":[-24.5967,180.439,-26.7445],"timeVisible":17.2455,"tipPosition":[-29.507,171.258,-18.9416],"tipVelocity":[-138.589,-199.714,227.349],"tool":false,"touchDistance":0.507717,"touchZone":"hovering","type":0,"width":20.0112},{"bases":[[[0.994244,0.0282502,-0.10335],[0.0102798,0.93501,0.354473],[0.106648,-0.353495,0.929337]],[[0.977991,0.0644758,-0.198433],[-0.0479366,0.995049,0.0870572],[0.203064,-0.075629,0.97624]],[[0.977991,0.0644758,-0.198433],[-0.0982749,0.9813,-0.165506],[0.184051,0.181364,0.966039]],[[0.977991,0.0644758,-0.198433],[-0.130911,0.93018,-0.342968],[0.162465,0.361397,0.918149]]],"btipPosition":[-36.6697,194.521,-80.3531],"carpPosition":[-13.1558,176.044,67.2349],"dipPosition":[-33.9266,200.623,-64.851],"direction":[-0.184051,-0.181364,-0.966039],"extended":true,"handId":403,"id":4031,"length":58.114,"mcpPosition":[-20.9093,201.744,-0.329767],"pipPosition":[-29.5305,204.955,-41.7768],"stabilizedTipPosition":[-35.9357,196.335,-76.9335],"timeVisible":17.2455,"tipPosition":[-36.1935,198.608,-76.6821],"tipVelocity":[-112.995,-444.258,138.197],"tool":false,"touchDistance":-0.211043,"touchZone":"touching","type":1,"width":19.1147},{"bases":[[[0.983093,-0.179581,-0.0357479],[0.180559,0.918337,0.352214],[-0.0304224,-0.352714,0.935236]],[[0.981887,-0.189201,-0.0100461],[0.0847837,0.486178,-0.869737],[0.16944,0.853132,0.493413]],[[0.981887,-0.189201,-0.0100461],[-0.153888,-0.765444,-0.624831],[0.110529,0.615059,-0.780696]],[[0.981887,-0.189201,-0.0100461],[-0.189453,-0.979757,-0.0646857],[0.00239585,0.0654173,-0.997855]]],"btipPosition":[-10.3564,143.346,18.5328],"carpPosition":[-1.23267,178.163,66.0462],"dipPosition":[-10.3119,144.561,0.00220251],"direction":[-0.110529,-0.615059,0.780696],"extended":false,"handId":403,"id":4032,"length":66.2163,"mcpPosition":[0.864816,202.481,1.56608],"pipPosition":[-7.20593,161.844,-21.9362],"stabilizedTipPosition":[4.06344,167.619,-17.0382],"timeVisible":17.2455,"tipPosition":[-10.3692,143.774,13.6687],"tipVelocity":[-111.022,-214.36,207.692],"tool":false,"touchDistance":0.333333,"touchZone":"none","type":2,"width":18.7732},{"bases":[[[0.951474,-0.298242,0.0758205],[0.249274,0.891448,0.378394],[-0.180443,-0.341132,0.922534]],[[0.950092,-0.300796,0.0827484],[0.225849,0.480194,-0.847589],[0.215216,0.823975,0.524163]],[[0.950092,-0.300796,0.0827484],[-0.178042,-0.740603,-0.647926],[0.256178,0.600856,-0.757195]],[[0.950092,-0.300796,0.0827484],[-0.293271,-0.951602,-0.0918955],[0.106385,0.0630414,-0.992325]]],"btipPosition":[3.51912,144.22,23.9706],"carpPosition":[10.829,177.096,65.1695],"dipPosition":[5.48338,145.384,5.64869],"direction":[-0.256178,-0.600856,0.757195],"extended":false,"handId":403,"id":4033,"length":63.6687,"mcpPosition":[21.9987,198.213,8.06343],"pipPosition":[12.4963,161.832,-15.0798],"stabilizedTipPosition":[19.8551,168.009,-15.2591],"timeVisible":17.2455,"tipPosition":[4.01086,144.655,19.197],"tipVelocity":[-111.34,-203.93,217.1],"tool":false,"touchDistance":0.333333,"touchZone":"none","type":3,"width":17.8639},{"bases":[[[0.869841,-0.478886,0.118513],[0.377301,0.800545,0.465588],[-0.317839,-0.360272,0.877031]],[[0.82424,-0.519494,0.225289],[0.464746,0.393357,-0.793273],[0.323481,0.758549,0.565653]],[[0.82424,-0.519494,0.225289],[-0.250303,-0.691154,-0.677978],[0.507915,0.502426,-0.699708]],[[0.82424,-0.519494,0.225289],[-0.493691,-0.854153,-0.163377],[0.277304,0.0234385,-0.960496]]],"btipPosition":[14.5721,152.923,23.9534],"carpPosition":[22.2031,168.895,64.0889],"dipPosition":[19.2955,153.322,7.59274],"direction":[-0.507915,-0.502426,0.699708],"extended":false,"handId":403,"id":4034,"length":49.9151,"mcpPosition":[40.4157,189.539,13.8339],"pipPosition":[29.1126,163.033,-5.93132],"stabilizedTipPosition":[33.5408,174.529,-13.6455],"timeVisible":17.2455,"tipPosition":[15.9785,153.052,19.8114],"tipVelocity":[-114.167,-199.969,203.29],"tool":false,"touchDistance":0.333333,"touchZone":"none","type":4,"width":15.8681}],"r":[[0.986164,0.149668,0.0712759],[-0.16279,0.955539,0.245854],[-0.0313105,-0.254055,0.966683]],"s":1.09043,"t":[27.7748,-13.0561,-119.196],"timestamp":88646496333},false],[2,{"currentFrameRate":55.3513,"devices":[],"gestures":[],"hands":[{"armBasis":[[0.986661,0.0591653,-0.151655],[0.0200721,0.880288,0.474014],[0.161546,-0.470736,0.867359]],"armWidth":62.9686,"confidence":0.831361,"direction":[0.066896,0.473582,-0.878206],"elbow":[47.3864,35.4464,304.836],"grabStrength":0,"id":403,"palmNormal":[-0.0199418,-0.879367,-0.475727],"palmPosition":[0.253637,182.936,24.1437],"palmVelocity":[-113.029,-199.236,160.54],"palmWidth":89.917,"pinchStrength":0.407979,"r":[[0.984775,0.159566,0.068973],[-0.171188,0.959153,0.225212],[-0.0302194,-0.23359,0.971865]],"s":1.08577,"sphereCenter":[-14.3624,154.998,-11.6585],"sphereRadius":46.0933,"stabilizedPalmPosition":[5.53235,190.748,17.2041],"t":[25.7465,-16.6581,-116.298],"timeVisible":17.2635,"type":"right","wrist":[4.28346,161.046,73.4105]}],"id":1409676,"interactionBox":{"center":[0,200,0],"size":[235.247,235.247,147.751]},"pointables":[{"bases":[[[0.432306,0.859088,0.274008],[-0.82002,0.248149,0.515742],[0.375073,-0.44765,0.811745]],[[0.374739,0.913893,0.156108],[-0.829119,0.254991,0.497535],[0.414887,-0.315878,0.853282]],[[0.374739,0.913893,0.156108],[-0.924979,0.357068,0.130062],[0.063122,-0.193136,0.979139]],[[0.374739,0.913893,0.156108],[-0.417654,0.316728,-0.851615],[-0.827729,0.253934,0.500382]]],"btipPosition":[-27.7081,167.666,-16.743],"carpPosition":[-24.2587,151.449,69.9118],"dipPosition":[-46.8515,173.539,-5.17034],"direction":[-0.063122,0.193136,-0.979139],"extended":false,"handId":403,"id":4030,"length":51.5018,"mcpPosition":[-24.2587,151.449,69.9118],"pipPosition":[-44.7247,167.031,27.8203],"stabilizedTipPosition":[-26.8718,176.981,-22.9106],"timeVisible":17.2635,"tipPosition":[-31.3693,167.696,-15.2096],"tipVelocity":[-120.384,-197.374,219.164],"tool":false,"touchDistance":0.547265,"touchZone":"hovering","type":0,"width":20.0112},{"bases":[[[0.994631,0.0308784,-0.0987714],[0.00465778,0.940121,0.34081],[0.103381,-0.33944,0.934929]],[[0.979179,0.0648795,-0.192352],[-0.055766,0.997067,0.0524262],[0.195189,-0.040608,0.979925]],[[0.979179,0.0648795,-0.192352],[-0.105239,0.972515,-0.2077],[0.17359,0.223618,0.959094]],[[0.979179,0.0648795,-0.192352],[-0.136475,0.911851,-0.387172],[0.150277,0.405362,0.90172]]],"btipPosition":[-37.7017,187.272,-77.4964],"carpPosition":[-15.2152,173.056,70.2114],"dipPosition":[-35.1644,194.117,-62.2717],"direction":[-0.17359,-0.223618,-0.959094],"extended":true,"handId":403,"id":4031,"length":58.114,"mcpPosition":[-22.7312,197.734,2.24009],"pipPosition":[-31.0181,199.458,-39.3633],"stabilizedTipPosition":[-37.0548,189.248,-74.1522],"timeVisible":17.2635,"tipPosition":[-37.3544,191.566,-73.9771],"tipVelocity":[-87.6638,-419.171,145.934],"tool":false,"touchDistance":-0.200456,"touchZone":"touching","type":1,"width":19.1147},{"bases":[[[0.983988,-0.175988,-0.0281938],[0.175013,0.924126,0.339648],[-0.0337195,-0.339144,0.94013]],[[0.982714,-0.185112,-0.00271296],[0.0873916,0.47676,-0.874679],[0.163207,0.859322,0.484696]],[[0.982714,-0.185112,-0.00271296],[-0.147306,-0.772965,-0.617111],[0.112138,0.606843,-0.786871]],[[0.982714,-0.185112,-0.00271296],[-0.184989,-0.981276,-0.0536407],[0.00726738,0.0532154,-0.998557]]],"btipPosition":[-12.0302,139.617,21.8025],"carpPosition":[-3.29503,175.207,69.0515],"dipPosition":[-11.8953,140.605,3.25889],"direction":[-0.112138,-0.606843,0.786871],"extended":false,"handId":403,"id":4032,"length":66.2163,"mcpPosition":[-0.970233,198.589,4.23399],"pipPosition":[-8.7441,157.658,-18.853],"stabilizedTipPosition":[1.76905,163.652,-12.0994],"timeVisible":17.2635,"tipPosition":[-12.0204,139.989,17.0509],"tipVelocity":[-101.71,-211.882,194.855],"tool":false,"touchDistance":0.333333,"touchZone":"none","type":2,"width":18.7732},{"bases":[[[0.95229,-0.293138,0.084938],[0.243704,0.897909,0.366562],[-0.18372,-0.328374,0.926508]],[[0.950977,-0.295435,0.0914363],[0.226829,0.465346,-0.855571],[0.210216,0.834369,0.509547]],[[0.950977,-0.295435,0.0914363],[-0.172826,-0.752866,-0.635078],[0.256463,0.588142,-0.767018]],[[0.950977,-0.295435,0.0914363],[-0.288984,-0.954193,-0.0774798],[0.110138,0.0472579,-0.992792]]],"btipPosition":[1.8118,140.692,27.7289],"carpPosition":[8.77523,174.178,68.2509],"dipPosition":[3.84536,141.564,9.39831],"direction":[-0.256463,-0.588142,0.767017],"extended":false,"handId":403,"id":4033,"length":63.6687,"mcpPosition":[20.1477,194.505,10.8988],"pipPosition":[10.8661,157.665,-11.599],"stabilizedTipPosition":[18.0756,165.263,-11.3336],"timeVisible":17.2635,"tipPosition":[2.32033,141.038,22.9047],"tipVelocity":[-102.885,-201.508,212.66],"tool":false,"touchDistance":0.333333,"touchZone":"none","type":3,"width":17.8639},{"bases":[[[0.871181,-0.473478,0.129858],[0.371658,0.808822,0.455716],[-0.320804,-0.348748,0.880602]],[[0.825215,-0.512705,0.236968],[0.466458,0.382049,-0.797782],[0.318493,0.768877,0.554428]],[[0.825215,-0.512705,0.236968],[-0.244773,-0.702727,-0.668027],[0.509025,0.493262,-0.705397]],[[0.825215,-0.512705,0.236968],[-0.48946,-0.858503,-0.152973],[0.281869,0.0102493,-0.959398]]],"btipPosition":[12.802,149.417,27.4907],"carpPosition":[20.1881,166.008,67.3474],"dipPosition":[17.6032,149.592,11.1487],"direction":[-0.509025,-0.493262,0.705397],"extended":false,"handId":403,"id":4034,"length":49.9151,"mcpPosition":[38.5706,185.992,16.8876],"pipPosition":[27.4417,159.126,-2.4853],"stabilizedTipPosition":[31.5285,171.959,-9.81483],"timeVisible":17.2635,"tipPosition":[14.2249,149.492,23.3394],"tipVelocity":[-105.966,-198.441,199.77],"tool":false,"touchDistance":0.333333,"touchZone":"none","type":4,"width":15.8681}],"r":[[0.984775,0.159566,0.068973],[-0.171188,0.959153,0.225212],[-0.0302194,-0.23359,0.971865]],"s":1.08577,"t":[25.7465,-16.6581,-116.298],"timestamp":88646514413},false],[3,{"currentFrameRate":55.3411,"devices":[],"gestures":[],"hands":[{"armBasis":[[0.987582,0.0620665,-0.144326],[0.0139123,0.880496,0.47385],[0.156489,-0.469973,0.868698]],"armWidth":62.9686,"confidence":0.844926,"direction":[0.0684819,0.466721,-0.881749],"elbow":[44.3198,32.2,308.787],"grabStrength":0,"id":403,"palmNormal":[-0.0143178,-0.883273,-0.46864],"palmPosition":[-1.35503,179.068,27.5451],"palmVelocity":[-101.527,-206.074,173.54],"palmWidth":89.917,"pinchStrength":0.408479,"r":[[0.983409,0.168379,0.0674964],[-0.178893,0.96186,0.206938],[-0.030078,-0.215579,0.976023]],"s":1.08129,"sphereCenter":[-15.3458,150.506,-8.10205],"sphereRadius":46.0175,"stabilizedPalmPosition":[3.11789,186.654,20.8292],"t":[23.9281,-20.3929,-113.149],"timeVisible":17.2816,"type":"right","wrist":[2.56607,157.596,77.004]}],"id":1409677,"interactionBox":{"center":[0,200,0],"size":[235.247,235.247,147.751]},"pointables":[{"bases":[[[0.427581,0.863101,0.268758],[-0.823145,0.248856,0.510395],[0.373641,-0.439462,0.816864]],[[0.372511,0.915058,0.15461],[-0.828523,0.252869,0.499607],[0.418073,-0.314207,0.852343]],[[0.372511,0.915058,0.15461],[-0.926135,0.355921,0.124873],[0.0592372,-0.189707,0.980052]],[[0.372511,0.915058,0.15461],[-0.403254,0.309655,-0.861104],[-0.835836,0.258423,0.484351]]],"btipPosition":[-29.2093,163.766,-12.8002],"carpPosition":[-25.9212,147.851,73.4683],"dipPosition":[-48.5402,169.742,-1.59833],"direction":[-0.0592372,0.189707,-0.980052],"extended":false,"handId":403,"id":4030,"length":51.5018,"mcpPosition":[-25.9212,147.851,73.4683],"pipPosition":[-46.5443,163.351,31.4231],"stabilizedTipPosition":[-28.8588,173.513,-19.1945],"timeVisible":17.2816,"tipPosition":[-32.9458,163.84,-11.3496],"tipVelocity":[-103.692,-205.334,216.261],"tool":false,"touchDistance":0.583735,"touchZone":"hovering","type":0,"width":20.0112},{"bases":[[[0.994886,0.0342801,-0.0950054],[-0.00067179,0.942866,0.333173],[0.100999,-0.331405,0.938067]],[[0.980131,0.0667053,-0.186797],[-0.0625148,0.997644,0.0282418],[0.188241,-0.0160031,0.981993]],[[0.980131,0.0667053,-0.186797],[-0.110677,0.965438,-0.235966],[0.164601,0.251952,0.953639]],[[0.980131,0.0667053,-0.186797],[-0.140409,0.898521,-0.415867],[0.1401,0.433832,0.890034]]],"btipPosition":[-38.6014,180.928,-74.0674],"carpPosition":[-16.9697,169.497,73.6287],"dipPosition":[-36.2359,188.252,-59.04],"direction":[-0.164601,-0.251952,-0.953639],"extended":true,"handId":403,"id":4031,"length":58.114,"mcpPosition":[-24.3125,193.591,5.4293],"pipPosition":[-32.3044,194.27,-36.2619],"stabilizedTipPosition":[-37.9903,183.056,-70.8478],"timeVisible":17.2816,"tipPosition":[-38.3562,185.283,-70.6532],"tipVelocity":[-70.6382,-383.574,165.418],"tool":false,"touchDistance":-0.179327,"touchZone":"touching","type":1,"width":19.1147},{"bases":[[[0.984824,-0.17205,-0.0227921],[0.169753,0.927582,0.332829],[-0.0361217,-0.331647,0.942712]],[[0.983501,-0.180883,0.00250032],[0.0888731,0.471091,-0.877596],[0.157565,0.863339,0.479394]],[[0.983501,-0.180883,0.00250032],[-0.141498,-0.777821,-0.61235],[0.112709,0.601894,-0.790583]],[[0.983501,-0.180883,0.00250032],[-0.180567,-0.98243,-0.0471851],[0.0109914,0.0459551,-0.998883]]],"btipPosition":[-13.44,135.664,25.4353],"carpPosition":[-5.05394,171.689,72.4995],"dipPosition":[-13.2359,136.518,6.88566],"direction":[-0.112709,-0.601894,0.790583],"extended":false,"handId":403,"id":4032,"length":66.2163,"mcpPosition":[-2.56352,194.554,7.50396],"pipPosition":[-10.0686,153.432,-15.3305],"stabilizedTipPosition":[-0.753028,159.029,-6.56555],"timeVisible":17.2816,"tipPosition":[-13.4149,136.001,20.7287],"tipVelocity":[-89.9482,-215.746,197.577],"tool":false,"touchDistance":0.333333,"touchZone":"none","type":2,"width":18.7732},{"bases":[[[0.953157,-0.288412,0.0911594],[0.238442,0.901875,0.360232],[-0.18611,-0.321621,0.928398]],[[0.951842,-0.290638,0.0976023],[0.22831,0.459467,-0.85835],[0.204624,0.839297,0.503696]],[[0.951842,-0.290638,0.0976023],[-0.167048,-0.758583,-0.629799],[0.257083,0.583165,-0.770601]],[[0.951842,-0.290638,0.0976023],[-0.284617,-0.956001,-0.0711007],[0.113972,0.0398974,-0.992682]]],"btipPosition":[0.367327,136.855,31.4714],"carpPosition":[7.02368,170.704,71.756],"dipPosition":[2.47168,137.592,13.1429],"direction":[-0.257083,-0.583165,0.770601],"extended":false,"handId":403,"id":4033,"length":63.6687,"mcpPosition":[18.5441,190.613,14.2869],"pipPosition":[9.50941,153.556,-7.95261],"stabilizedTipPosition":[16.0236,161.899,-6.73627],"timeVisible":17.2816,"tipPosition":[0.892849,137.166,26.657],"tipVelocity":[-91.4666,-207.28,209.842],"tool":false,"touchDistance":0.333333,"touchZone":"none","type":3,"width":17.8639},{"bases":[[[0.872623,-0.468722,0.137216],[0.366405,0.814056,0.450622],[-0.322919,-0.342947,0.882106]],[[0.8266,-0.507132,0.244026],[0.467223,0.376648,-0.799899],[0.313743,0.775212,0.548281]],[[0.8266,-0.507132,0.244026],[-0.239708,-0.709558,-0.662622],[0.509187,0.489228,-0.708085]],[[0.8266,-0.507132,0.244026],[-0.485156,-0.86186,-0.147717],[0.285228,0.00371192,-0.958452]]],"btipPosition":[11.315,145.621,31.2727],"carpPosition":[18.4743,162.576,70.9649],"dipPosition":[16.1735,145.684,14.9468],"direction":[-0.509188,-0.489228,0.708085],"extended":false,"handId":403,"id":4034,"length":49.9151,"mcpPosition":[36.978,182.228,20.419],"pipPosition":[26.0151,155.14,1.26086],"stabilizedTipPosition":[29.2135,168.768,-5.2889],"timeVisible":17.2816,"tipPosition":[12.7442,145.671,27.1179],"tipVelocity":[-94.2814,-204.466,204.207],"tool":false,"touchDistance":0.333333,"touchZone":"none","type":4,"width":15.8681}],"r":[[0.983409,0.168379,0.0674964],[-0.178893,0.96186,0.206938],[-0.030078,-0.215579,0.976023]],"s":1.08129,"t":[23.9281,-20.3929,-113.149],"timestamp":88646532518},false],[4,{"currentFrameRate":55.3535,"devices":[],"gestures":[],"hands":[{"armBasis":[[0.986235,0.0730647,-0.148334],[0.00459414,0.884623,0.466284],[0.165288,-0.460547,0.87211]],"armWidth":62.9686,"confidence":0.864774,"direction":[0.0679355,0.474956,-0.877383],"elbow":[45.4078,31.0677,312.519],"grabStrength":0,"id":403,"palmNormal":[-0.00382262,-0.879284,-0.476282],"palmPosition":[-2.60023,175.809,30.5368],"palmVelocity":[-86.1452,-194.095,169.962],"palmWidth":89.917,"pinchStrength":0.408419,"r":[[0.981875,0.177155,0.0673619],[-0.187053,0.963049,0.193775],[-0.0305445,-0.202863,0.978731]],"s":1.07734,"sphereCenter":[-15.8141,147.238,-5.40579],"sphereRadius":45.9335,"stabilizedPalmPosition":[1.1651,182.95,24.1445],"t":[22.3962,-23.8896,-110.079],"timeVisible":17.2997,"type":"right","wrist":[1.30623,153.949,79.8263]}],"id":1409678,"interactionBox":{"center":[0,200,0],"size":[235.247,235.247,147.751]},"pointables":[{"bases":[[[0.41814,0.864765,0.2781],[-0.827732,0.236609,0.508798],[0.37419,-0.442941,0.81473]],[[0.363487,0.916879,0.164953],[-0.831774,0.239666,0.500712],[0.419559,-0.319206,0.849752]],[[0.363487,0.916879,0.164953],[-0.929863,0.346273,0.124293],[0.0568431,-0.198563,0.978438]],[[0.363487,0.916879,0.164953],[-0.39916,0.313269,-0.861704],[-0.841753,0.247375,0.479851]]],"btipPosition":[-30.2148,160.68,-9.90377],"carpPosition":[-27.0709,143.965,76.0784],"dipPosition":[-49.6825,166.401,1.19403],"direction":[-0.0568431,0.198563,-0.978438],"extended":false,"handId":403,"id":4030,"length":51.5018,"mcpPosition":[-27.0709,143.965,76.0784],"pipPosition":[-47.7673,159.711,34.1611],"stabilizedTipPosition":[-30.51,170.253,-15.8422],"timeVisible":17.2997,"tipPosition":[-33.9828,160.77,-8.45543],"tipVelocity":[-81.8044,-190.706,189.288],"tool":false,"touchDistance":0.601782,"touchZone":"hovering","type":0,"width":20.0112},{"bases":[[[0.994925,0.0445427,-0.0902175],[-0.0111341,0.939901,0.341266],[0.0999964,-0.33853,0.935627]],[[0.980559,0.0771273,-0.180429],[-0.0738382,0.99696,0.0248857],[0.1818,-0.0110793,0.983273]],[[0.980559,0.0771273,-0.180429],[-0.120303,0.962722,-0.242268],[0.155018,0.259265,0.953284]],[[0.980559,0.0771273,-0.180429],[-0.148158,0.893904,-0.423065],[0.128657,0.441573,0.887953]]],"btipPosition":[-39.1902,177.126,-71.064],"carpPosition":[-18.3269,165.692,76.4654],"dipPosition":[-37.018,184.582,-56.0717],"direction":[-0.155018,-0.259265,-0.953284],"extended":true,"handId":403,"id":4031,"length":58.114,"mcpPosition":[-25.5968,190.304,8.44345],"pipPosition":[-33.3153,190.775,-33.3022],"stabilizedTipPosition":[-38.6205,179.263,-67.9391],"timeVisible":17.2997,"tipPosition":[-39.0344,181.429,-67.6657],"tipVelocity":[-53.8034,-300.902,165.786],"tool":false,"touchDistance":-0.153543,"touchZone":"touching","type":1,"width":19.1147},{"bases":[[[0.986511,-0.162491,-0.0198282],[0.159428,0.92624,0.341559],[-0.0371345,-0.340113,0.939651]],[[0.985164,-0.171535,0.00532755],[0.0882169,0.479533,-0.873079],[0.147209,0.860595,0.48755]],[[0.985164,-0.171535,0.00532755],[-0.131377,-0.773775,-0.619687],[0.11042,0.609793,-0.784831]],[[0.985164,-0.171535,0.00532755],[-0.170967,-0.983657,-0.0564778],[0.0149284,0.054729,-0.99839]]],"btipPosition":[-14.2595,132.312,27.9965],"carpPosition":[-6.42773,168.007,75.4089],"dipPosition":[-13.9823,133.328,9.45601],"direction":[-0.11042,-0.609793,0.784831],"extended":false,"handId":403,"id":4032,"length":66.2163,"mcpPosition":[-3.86748,191.456,10.6244],"pipPosition":[-10.8793,150.464,-12.5986],"stabilizedTipPosition":[-3.25572,154.098,-0.924882],"timeVisible":17.2997,"tipPosition":[-14.2175,132.689,23.2983],"tipVelocity":[-68.4138,-200.66,171.328],"tool":false,"touchDistance":0.333333,"touchZone":"none","type":2,"width":18.7732},{"bases":[[[0.95545,-0.280128,0.0929739],[0.228238,0.900949,0.36905],[-0.187146,-0.331388,0.924748]],[[0.954177,-0.282338,0.0991561],[0.227307,0.468343,-0.853807],[0.194623,0.837222,0.511059]],[[0.954177,-0.282338,0.0991561],[-0.157257,-0.755019,-0.636567],[0.254592,0.591804,-0.764821]],[[0.954177,-0.282338,0.0991561],[-0.275127,-0.95804,-0.0803965],[0.117695,0.0494319,-0.991819]]],"btipPosition":[-0.489264,133.578,34.1536],"carpPosition":[5.6619,167.144,74.7115],"dipPosition":[1.68381,134.491,15.841],"direction":[-0.254592,-0.591804,0.764821],"extended":false,"handId":403,"id":4033,"length":63.6687,"mcpPosition":[17.2465,187.657,17.4684],"pipPosition":[8.65334,150.691,-5.09626],"stabilizedTipPosition":[13.853,158.088,-1.76436],"timeVisible":17.2997,"tipPosition":[0.0512694,133.933,29.3444],"tipVelocity":[-70.2149,-194.146,181.001],"tool":false,"touchDistance":0.333333,"touchZone":"none","type":3,"width":17.8639},{"bases":[[[0.876434,-0.461587,0.137114],[0.35663,0.813571,0.459258],[-0.323539,-0.35361,0.877657]],[[0.83046,-0.501249,0.243075],[0.466472,0.38717,-0.795301],[0.304532,0.773854,0.555347]],[[0.83046,-0.501249,0.243075],[-0.230532,-0.706448,-0.669168],[0.50714,0.499681,-0.702231]],[[0.83046,-0.501249,0.243075],[-0.476245,-0.86518,-0.157018],[0.289009,0.0146338,-0.957215]]],"btipPosition":[10.3662,142.447,34.0837],"carpPosition":[17.1929,159.132,73.9022],"dipPosition":[15.289,142.696,17.779],"direction":[-0.50714,-0.499681,0.702231],"extended":false,"handId":403,"id":4034,"length":49.9151,"mcpPosition":[35.7321,179.394,23.6112],"pipPosition":[25.0911,152.354,4.20615],"stabilizedTipPosition":[26.8175,165.216,-0.470954],"timeVisible":17.2997,"tipPosition":[11.8043,142.547,29.9293],"tipVelocity":[-74.1479,-189.898,181.461],"tool":false,"touchDistance":0.333333,"touchZone":"none","type":4,"width":15.8681}],"r":[[0.981875,0.177155,0.0673619],[-0.187053,0.963049,0.193775],[-0.0305445,-0.202863,0.978731]],"s":1.07734,"t":[22.3962,-23.8896,-110.079],"timestamp":88646550541},false],[5,{"currentFrameRate":55.36,"devices":[],"gestures":[],"hands":[{"armBasis":[[0.985063,0.0550514,-0.16316],[0.0244236,0.893272,0.448853],[0.170456,-0.446133,0.878584]],"armWidth":62.9686,"confidence":0.869654,"direction":[0.0740383,0.474453,-0.877162],"elbow":[45.408,31.3155,316.098],"grabStrength":0,"id":403,"palmNormal":[-0.0220725,-0.878581,-0.477084],"palmPosition":[-3.72601,172.331,32.4215],"palmVelocity":[-74.8777,-193.495,138.883],"palmWidth":89.917,"pinchStrength":0.414065,"r":[[0.981334,0.180435,0.0665412],[-0.189788,0.96452,0.183524],[-0.0310661,-0.192727,0.98076]],"s":1.0738,"sphereCenter":[-17.3158,143.886,-3.52009],"sphereRadius":45.8744,"stabilizedPalmPosition":[-0.586354,179.147,27.1084],"t":[21.0674,-27.3774,-107.601],"timeVisible":17.3177,"type":"right","wrist":[-0.0723568,150.351,81.6775]}],"id":1409679,"interactionBox":{"center":[0,200,0],"size":[235.247,235.247,147.751]},"pointables":[{"bases":[[[0.435384,0.856403,0.277515],[-0.821412,0.25176,0.511761],[0.368406,-0.450767,0.813072]],[[0.381474,0.909565,0.164833],[-0.824621,0.254274,0.505316],[0.417705,-0.328689,0.847046]],[[0.381474,0.909565,0.164833],[-0.922745,0.364096,0.126397],[0.0549509,-0.200316,0.978189]],[[0.381474,0.909565,0.164833],[-0.392831,0.32093,-0.861793],[-0.836756,0.264,0.479732]]],"btipPosition":[-31.7502,157.768,-7.82311],"carpPosition":[-28.646,140.91,78.0144],"dipPosition":[-51.1024,163.874,3.27194],"direction":[-0.0549509,0.200316,-0.978189],"extended":false,"handId":403,"id":4030,"length":51.5018,"mcpPosition":[-28.646,140.91,78.0144],"pipPosition":[-49.2509,157.124,36.2306],"stabilizedTipPosition":[-32.1665,167.028,-12.7654],"timeVisible":17.3177,"tipPosition":[-35.5511,157.991,-6.36388],"tipVelocity":[-82.6734,-174.473,154.175],"tool":false,"touchDistance":0.606137,"touchZone":"hovering","type":0,"width":20.0112},{"bases":[[[0.995288,0.0257543,-0.0934756],[0.00782304,0.939604,0.342175],[0.0966425,-0.341294,0.934975]],[[0.981541,0.0581758,-0.18219],[-0.0557583,0.998275,0.0183679],[0.182944,-0.00787021,0.983092]],[[0.981541,0.0581758,-0.18219],[-0.103291,0.962984,-0.248983],[0.160961,0.263206,0.951217]],[[0.981541,0.0581758,-0.18219],[-0.132605,0.893467,-0.429106],[0.137817,0.445345,0.884689]]],"btipPosition":[-40.4548,173.809,-68.9772],"carpPosition":[-19.4902,162.468,78.3927],"dipPosition":[-38.1279,181.328,-54.04],"direction":[-0.160961,-0.263206,-0.951217],"extended":true,"handId":403,"id":4031,"length":58.114,"mcpPosition":[-26.5163,187.281,10.4181],"pipPosition":[-34.2833,187.615,-31.3198],"stabilizedTipPosition":[-39.7471,176.033,-65.86],"timeVisible":17.3177,"tipPosition":[-40.2341,178.022,-65.5993],"tipVelocity":[-60.6,-244.987,141.67],"tool":false,"touchDistance":-0.136865,"touchZone":"touching","type":1,"width":19.1147},{"bases":[[[0.98318,-0.181152,-0.0232514],[0.178096,0.92271,0.34189],[-0.0404797,-0.34028,0.939452]],[[0.981784,-0.189995,0.00134088],[0.0948722,0.484107,-0.869851],[0.164618,0.854133,0.493314]],[[0.981784,-0.189995,0.00134088],[-0.147102,-0.764566,-0.627535],[0.120253,0.615907,-0.778587]],[[0.981784,-0.189995,0.00134088],[-0.189498,-0.97968,-0.0657101],[0.0137982,0.0642591,-0.997838]]],"btipPosition":[-16.2385,128.833,29.4399],"carpPosition":[-7.55278,164.557,77.2988],"dipPosition":[-15.9822,130.026,10.9096],"direction":[-0.120253,-0.615907,0.778587],"extended":false,"handId":403,"id":4032,"length":66.2163,"mcpPosition":[-4.7619,188.018,12.528],"pipPosition":[-12.603,147.334,-10.9695],"stabilizedTipPosition":[-6.28559,148.24,5.1947],"timeVisible":17.3177,"tipPosition":[-16.1913,129.315,24.9438],"tipVelocity":[-88.1294,-195.873,128.054],"tool":false,"touchDistance":0.333333,"touchZone":"none","type":2,"width":18.7732},{"bases":[[[0.950265,-0.298291,0.0895437],[0.246503,0.896092,0.369128],[-0.190347,-0.328697,0.925055]],[[0.948992,-0.300448,0.0956301],[0.233243,0.464865,-0.854107],[0.21216,0.832846,0.51123]],[[0.948992,-0.300448,0.0956301],[-0.173648,-0.751183,-0.636844],[0.263174,0.587754,-0.765039]],[[0.948992,-0.300448,0.0956301],[-0.293468,-0.952572,-0.0805166],[0.115286,0.0483453,-0.992155]]],"btipPosition":[-2.40184,130.058,35.9882],"carpPosition":[4.51593,163.466,76.5605],"dipPosition":[-0.273248,130.95,17.6694],"direction":[-0.263174,-0.587754,0.765039],"extended":false,"handId":403,"id":4033,"length":63.6687,"mcpPosition":[16.2987,183.813,19.2984],"pipPosition":[6.93124,147.04,-3.27383],"stabilizedTipPosition":[11.1014,153.232,4.08936],"timeVisible":17.3177,"tipPosition":[-1.87224,130.408,31.1858],"tipVelocity":[-87.4715,-194.733,143.328],"tool":false,"touchDistance":0.333333,"touchZone":"none","type":3,"width":17.8639},{"bases":[[[0.867968,-0.478262,0.133777],[0.373512,0.806204,0.458829],[-0.327292,-0.348281,0.878396]],[[0.821906,-0.516945,0.239244],[0.469512,0.376991,-0.798396],[0.322534,0.768534,0.552563]],[[0.821906,-0.516945,0.239244],[-0.247529,-0.702405,-0.66735],[0.513029,0.48928,-0.70527]],[[0.821906,-0.516945,0.239244],[-0.493195,-0.855965,-0.155184],[0.285006,0.0095529,-0.958478]]],"btipPosition":[8.60377,138.721,36.0222],"carpPosition":[15.8901,155.237,75.7055],"dipPosition":[13.4584,138.883,19.6959],"direction":[-0.513029,-0.48928,0.70527],"extended":false,"handId":403,"id":4034,"length":49.9151,"mcpPosition":[34.6444,175.194,25.3722],"pipPosition":[23.3743,148.34,6.06437],"stabilizedTipPosition":[23.8522,160.627,5.20712],"timeVisible":17.3177,"tipPosition":[10.0176,138.797,31.8343],"tipVelocity":[-85.7317,-198.319,146.209],"tool":false,"touchDistance":0.333333,"touchZone":"none","type":4,"width":15.8681}],"r":[[0.981334,0.180435,0.0665412],[-0.189788,0.96452,0.183524],[-0.0310661,-0.192727,0.98076]],"s":1.0738,"t":[21.0674,-27.3774,-107.601],"timestamp":88646568582},false],[6,{"currentFrameRate":55.326,"devices":[],"gestures":[],"hands":[{"armBasis":[[0.984921,0.0393124,-0.168477],[0.0387848,0.898877,0.436482],[0.168599,-0.436435,0.883798]],"armWidth":62.9686,"confidence":0.878083,"direction":[0.0808324,0.471189,-0.878321],"elbow":[43.7369,31.1658,319.125],"grabStrength":0,"id":403,"palmNormal":[-0.0353175,-0.879297,-0.474963],"palmPosition":[-4.58877,169.527,34.0053],"palmVelocity":[-61.773,-174.698,114.145],"palmWidth":89.917,"pinchStrength":0.423082,"r":[[0.98144,0.180158,0.0657165],[-0.189081,0.966268,0.174857],[-0.031998,-0.184037,0.982398]],"s":1.07045,"sphereCenter":[-18.3546,141.029,-1.89953],"sphereRadius":45.8249,"stabilizedPalmPosition":[-2.09632,175.518,29.7104],"t":[19.9717,-30.5232,-105.57],"timeVisible":17.3359,"type":"right","wrist":[-1.24798,147.614,83.313]}],"id":1409680,"interactionBox":{"center":[0,200,0],"size":[235.247,235.247,147.751]},"pointables":[{"bases":[[[0.448191,0.85048,0.275335],[-0.817408,0.265208,0.511379],[0.361896,-0.454256,0.814053]],[[0.394891,0.904291,0.162231],[-0.820015,0.267295,0.506092],[0.414291,-0.332882,0.847085]],[[0.394891,0.904291,0.162231],[-0.917367,0.378502,0.12318],[0.0499857,-0.197468,0.979034]],[[0.394891,0.904291,0.162231],[-0.384331,0.322987,-0.864852],[-0.834476,0.279172,0.475092]]],"btipPosition":[-32.7816,155.209,-6.0801],"carpPosition":[-29.9603,138.591,79.6805],"dipPosition":[-52.0811,161.665,4.90764],"direction":[-0.0499857,0.197468,-0.979034],"extended":false,"handId":403,"id":4030,"length":51.5018,"mcpPosition":[-29.9603,138.591,79.6805],"pipPosition":[-50.3969,155.012,37.8947],"stabilizedTipPosition":[-33.7073,163.877,-9.95681],"timeVisible":17.3359,"tipPosition":[-36.6406,155.588,-4.62112],"tipVelocity":[-69.9538,-156.219,125.667],"tool":false,"touchDistance":0.604632,"touchZone":"hovering","type":0,"width":20.0112},{"bases":[[[0.995533,0.0106864,-0.09381],[0.0219377,0.940202,0.339911],[0.0918328,-0.340451,0.935767]],[[0.98255,0.0425356,-0.181068],[-0.041299,0.999091,0.010596],[0.181354,-0.00293315,0.983414]],[[0.98255,0.0425356,-0.181068],[-0.0890396,0.96227,-0.257115],[0.163299,0.26875,0.949266]],[[0.98255,0.0425356,-0.181068],[-0.11909,0.891656,-0.436769],[0.142872,0.450711,0.881162]]],"btipPosition":[-41.1726,170.858,-67.3306],"carpPosition":[-20.484,160.011,80.0044],"dipPosition":[-38.7604,178.468,-52.4529],"direction":[-0.163299,-0.26875,-0.949266],"extended":true,"handId":403,"id":4031,"length":58.114,"mcpPosition":[-27.1604,184.762,11.9722],"pipPosition":[-34.8599,184.887,-29.7793],"stabilizedTipPosition":[-40.4807,173.147,-64.216],"timeVisible":17.3359,"tipPosition":[-40.92,174.995,-63.9782],"tipVelocity":[-49.9919,-204.93,116.891],"tool":false,"touchDistance":-0.122778,"touchZone":"touching","type":1,"width":19.1147},{"bases":[[[0.980363,-0.195847,-0.0230849],[0.191939,0.92077,0.33962],[-0.0452577,-0.337382,0.940279]],[[0.978904,-0.204317,0.000703928],[0.102675,0.488942,-0.866253],[0.176646,0.848051,0.499606]],[[0.978904,-0.204317,0.000703928],[-0.156813,-0.753505,-0.638467],[0.13098,0.624888,-0.769648]],[[0.978904,-0.204317,0.000703928],[-0.203619,-0.975831,-0.0793262],[0.0168946,0.0775094,-0.996848]]],"btipPosition":[-17.8053,125.787,30.417],"carpPosition":[-8.51711,161.919,78.9022],"dipPosition":[-17.4915,127.226,11.9052],"direction":[-0.13098,-0.624888,0.769648],"extended":false,"handId":403,"id":4032,"length":66.2163,"mcpPosition":[-5.39681,185.18,14.0744],"pipPosition":[-13.8108,144.786,-9.72277],"stabilizedTipPosition":[-9.70784,141.626,11.4621],"timeVisible":17.3359,"tipPosition":[-17.7233,126.438,26.2007],"tipVelocity":[-86.8257,-180.829,92.6778],"tool":false,"touchDistance":0.333333,"touchZone":"none","type":2,"width":18.7732},{"bases":[[[0.94574,-0.312212,0.0900006],[0.259951,0.8932,0.366904],[-0.19494,-0.3236,0.925895]],[[0.944505,-0.314224,0.0957751],[0.239711,0.459934,-0.854985],[0.224607,0.830496,0.509733]],[[0.944505,-0.314224,0.0957751],[-0.184719,-0.749131,-0.636145],[0.27164,0.583151,-0.765602]],[[0.944505,-0.314224,0.0957751],[-0.307379,-0.948239,-0.0797521],[0.115878,0.0458869,-0.992203]]],"btipPosition":[-3.89196,127.198,37.6213],"carpPosition":[3.53376,160.646,78.1632],"dipPosition":[-1.75243,128.045,19.3016],"direction":[-0.27164,-0.583151,0.765602],"extended":false,"handId":403,"id":4033,"length":63.6687,"mcpPosition":[15.6008,180.678,20.8491],"pipPosition":[5.68382,144.009,-1.65697],"stabilizedTipPosition":[7.93167,147.584,10.4979],"timeVisible":17.3359,"tipPosition":[-3.36048,127.547,32.8596],"tipVelocity":[-84.7509,-177.095,117.758],"tool":false,"touchDistance":0.333333,"touchZone":"none","type":3,"width":17.8639},{"bases":[[[0.860782,-0.490828,0.134689],[0.385633,0.801645,0.456786],[-0.332176,-0.341252,0.879321]],[[0.814336,-0.528468,0.239957],[0.474209,0.367446,-0.800068],[0.334639,0.765314,0.549828]],[[0.814336,-0.528468,0.239957],[-0.258593,-0.700497,-0.665157],[0.519603,0.47961,-0.707098]],[[0.814336,-0.528468,0.239957],[-0.505891,-0.848948,-0.152846],[0.284485,0.00307628,-0.958675]]],"btipPosition":[7.2361,135.737,37.7229],"carpPosition":[14.7837,152.247,77.3249],"dipPosition":[12.0819,135.79,21.3933],"direction":[-0.519603,-0.47961,0.707098],"extended":false,"handId":403,"id":4034,"length":49.9151,"mcpPosition":[33.8179,171.801,26.9386],"pipPosition":[22.1248,145.06,7.72638],"stabilizedTipPosition":[20.4935,155.237,11.4385],"timeVisible":17.3359,"tipPosition":[8.64133,135.785,33.5321],"tipVelocity":[-80.7481,-182.598,121.021],"tool":false,"touchDistance":0.333333,"touchZone":"none","type":4,"width":15.8681}],"r":[[0.98144,0.180158,0.0657165],[-0.189081,0.