{"sensorType":"Leap","data":[[0,{"currentFrameRate":55.2577,"devices":[],"gestures":[],"hands":[{"armBasis":[[0.971269,-0.0337839,-0.235572],[0.13739,0.887856,0.439131],[0.194319,-0.45888,0.866989]],"armWidth":62.9686,"confidence":0.739402,"direction":[0.0488846,0.166426,-0.984841],"elbow":[69.1555,63.7897,295.707],"grabStrength":0,"id":405,"palmNormal":[-0.157175,-0.972453,-0.172135],"palmPosition":[11.8157,192.185,10.9302],"palmVelocity":[-100.25,-226.856,144.048],"palmWidth":89.917,"pinchStrength":0.787292,"r":[[0.974189,-0.206016,0.0922648],[0.22027,0.956958,-0.188977],[-0.0493613,0.204422,0.977637]],"s":0.859767,"sphereCenter":[-13.8265,164.048,-15.9338],"sphereRadius":47.5668,"stabilizedPalmPosition":[18.0617,205.707,0.730869],"t":[64.9532,-57.9999,-236.887],"timeVisible":2.76565,"type":"right","wrist":[17.3082,186.226,64.3804]}],"id":1410507,"interactionBox":{"center":[0,200,0],"size":[235.247,235.247,147.751]},"pointables":[{"bases":[[[0.547029,0.83659,-0.0296094],[-0.742604,0.501292,0.444123],[0.386392,-0.22096,0.895476]],[[0.472606,0.862098,-0.182842],[-0.799199,0.506698,0.323323],[0.371382,-0.00667717,0.928456]],[[0.472606,0.862098,-0.182842],[-0.841826,0.380248,-0.383067],[-0.260716,0.334961,0.905444]],[[0.472606,0.862098,-0.182842],[-0.512734,0.100239,-0.852676],[-0.716762,0.496729,0.4894]]],"btipPosition":[-5.28067,157.438,-22.3547],"carpPosition":[-12.3222,179.883,65.2713],"dipPosition":[-21.8577,168.926,-11.036],"direction":[0.260716,-0.334961,-0.905444],"extended":false,"handId":405,"id":4050,"length":51.5018,"mcpPosition":[-12.3222,179.883,65.2713],"pipPosition":[-30.6421,180.212,19.4716],"stabilizedTipPosition":[-3.77359,177.086,-33.8678],"timeVisible":2.76565,"tipPosition":[-8.59191,159.198,-19.4655],"tipVelocity":[-90.2359,-291.659,210.095],"tool":false,"touchDistance":0.668689,"touchZone":"hovering","type":0,"width":20.0112},{"bases":[[[0.980565,-0.132947,-0.14428],[0.138018,0.990097,0.0256798],[0.139437,-0.0450939,0.989204]],[[0.976976,-0.131838,-0.167741],[0.150936,0.98277,0.106681],[0.150786,-0.129543,0.980042]],[[0.976976,-0.131838,-0.167741],[0.120582,0.989817,-0.0756512],[0.176006,0.0536829,0.982924]],[[0.976976,-0.131838,-0.167741],[0.0924762,0.970207,-0.223935],[0.192266,0.203267,0.96006]]],"btipPosition":[-24.8961,203.196,-94.859],"carpPosition":[-0.906709,199.132,58.3538],"dipPosition":[-21.6498,206.628,-78.6492],"direction":[-0.176006,-0.0536829,-0.982924],"extended":true,"handId":405,"id":4051,"length":58.114,"mcpPosition":[-11.0441,202.411,-13.5633],"pipPosition":[-17.4458,207.91,-55.1717],"stabilizedTipPosition":[-24.0955,204.299,-91.186],"timeVisible":2.76565,"tipPosition":[-24.1558,203.743,-91.1714],"tipVelocity":[-87.1012,-474.965,97.1716],"tool":false,"touchDistance":0.499898,"touchZone":"hovering","type":1,"width":19.1147},{"bases":[[[0.952396,-0.304643,-0.0115583],[0.304835,0.952136,0.0226293],[0.00411126,-0.0250755,0.999677]],[[0.951969,-0.305328,0.0230283],[0.125701,0.321121,-0.938659],[0.279204,0.896469,0.344077]],[[0.951969,-0.305328,0.0230283],[-0.246834,-0.809743,-0.532344],[0.181187,0.50109,-0.846215]],[[0.951969,-0.305328,0.0230283],[-0.306157,-0.947958,0.0874265],[-0.00486393,-0.0902775,-0.995905]]],"btipPosition":[-7.53617,145.847,13.0463],"carpPosition":[11.0475,199.224,56.0845],"dipPosition":[-7.6265,144.171,-5.44806],"direction":[-0.181187,-0.50109,0.846215],"extended":false,"handId":405,"id":4052,"length":66.2163,"mcpPosition":[10.7641,200.952,-12.8385],"pipPosition":[-2.53496,158.252,-29.2276],"stabilizedTipPosition":[-2.47799,168.247,-16.2372],"timeVisible":2.76565,"tipPosition":[-7.60965,145.197,7.63397],"tipVelocity":[-80.3722,-240.538,275.237],"tool":false,"touchDistance":0.333333,"touchZone":"none","type":2,"width":18.7732},{"bases":[[[0.916913,-0.375916,0.134006],[0.372076,0.926653,0.0536017],[-0.144326,0.000712161,0.98953]],[[0.914642,-0.375863,0.148853],[0.261682,0.269797,-0.926678],[0.308144,0.886531,0.345124]],[[0.914642,-0.375863,0.148853],[-0.246594,-0.81049,-0.531317],[0.320346,0.449259,-0.833993]],[[0.914642,-0.375863,0.148853],[-0.389043,-0.918452,0.0713618],[0.109892,-0.123181,-0.986281]]],"btipPosition":[7.35099,147.2,19.7044],"carpPosition":[22.821,196.411,55.1545],"dipPosition":[9.38,144.925,1.494],"direction":[-0.320346,-0.449259,0.833993],"extended":false,"handId":405,"id":4053,"length":63.6687,"mcpPosition":[31.755,196.367,-6.09868],"pipPosition":[18.1496,157.224,-21.3368],"stabilizedTipPosition":[13.9096,171.385,-16.1581],"timeVisible":2.76565,"tipPosition":[7.8545,146.324,14.2554],"tipVelocity":[-83.3239,-220.787,262.401],"tool":false,"touchDistance":0.333333,"touchZone":"none","type":3,"width":17.8639},{"bases":[[[0.81988,-0.521215,0.236921],[0.495937,0.853302,0.161003],[-0.286082,-0.0145047,0.958095]],[[0.776549,-0.518789,0.357534],[0.553662,0.291039,-0.780227],[0.300717,0.803837,0.51324]],[[0.776549,-0.518789,0.357534],[-0.176448,-0.723822,-0.667044],[0.604846,0.454906,-0.653623]],[[0.776549,-0.518789,0.357534],[-0.515927,-0.849307,-0.111788],[0.36165,-0.0976524,-0.927186]]],"btipPosition":[21.1648,152.541,12.0037],"carpPosition":[33.1304,186.927,56.411],"dipPosition":[27.325,150.878,-3.78958],"direction":[-0.604846,-0.454906,0.653623],"extended":false,"handId":405,"id":4054,"length":49.9151,"mcpPosition":[49.5233,187.758,1.51084],"pipPosition":[39.0156,159.67,-16.4229],"stabilizedTipPosition":[28.609,173.959,-16.0895],"timeVisible":2.76565,"tipPosition":[22.7427,152.022,7.6946],"tipVelocity":[-84.6302,-234.49,236.303],"tool":false,"touchDistance":0.333333,"touchZone":"none","type":4,"width":15.8681}],"r":[[0.974189,-0.206016,0.0922648],[0.22027,0.956958,-0.188977],[-0.0493613,0.204422,0.977637]],"s":0.859767,"t":[64.9532,-57.9999,-236.887],"timestamp":88661871185},true],[1,{"currentFrameRate":55.3381,"devices":[],"gestures":[],"hands":[{"armBasis":[[0.971599,-0.0188491,-0.235882],[0.12099,0.896245,0.426739],[0.203364,-0.443159,0.873071]],"armWidth":62.9686,"confidence":0.726387,"direction":[0.0482364,0.138909,-0.98913],"elbow":[69.5866,65.503,300.721],"grabStrength":0,"id":405,"palmNormal":[-0.141207,-0.979388,-0.144427],"palmPosition":[9.84853,188.081,14.1635],"palmVelocity":[-105.095,-228.645,161.747],"palmWidth":89.917,"pinchStrength":0.786392,"r":[[0.976491,-0.190998,0.0999278],[0.208778,0.953371,-0.217934],[-0.0536432,0.233674,0.970834]],"s":0.861401,"sphereCenter":[-15.1521,158.832,-11.914],"sphereRadius":47.5356,"stabilizedPalmPosition":[15.6783,200.592,4.62889],"t":[63.044,-62.1392,-233.96],"timeVisible":2.78344,"type":"right","wrist":[15.3258,183.745,67.7713]}],"id":1410508,"interactionBox":{"center":[0,200,0],"size":[235.247,235.247,147.751]},"pointables":[{"bases":[[[0.533604,0.84409,-0.0527147],[-0.751459,0.501799,0.428378],[0.388042,-0.188971,0.902061]],[[0.459167,0.863991,-0.206604],[-0.808092,0.502832,0.306833],[0.368988,0.0260679,0.929068]],[[0.459167,0.863991,-0.206604],[-0.846434,0.354909,-0.396974],[-0.269656,0.357155,0.894274]],[[0.459167,0.863991,-0.206604],[-0.509295,0.0654691,-0.858098],[-0.727863,0.499233,0.470087]]],"btipPosition":[-6.48322,152.088,-18.0368],"carpPosition":[-14.2008,176.954,68.7964],"dipPosition":[-23.3169,163.634,-7.16479],"direction":[0.269656,-0.357155,-0.894274],"extended":false,"handId":405,"id":4050,"length":51.5018,"mcpPosition":[-14.2008,176.954,68.7964],"pipPosition":[-32.4026,175.668,22.9665],"stabilizedTipPosition":[-5.78105,170.271,-28.2763],"timeVisible":2.78344,"tipPosition":[-9.91775,153.94,-15.2724],"tipVelocity":[-81.1524,-295.548,222.69],"tool":false,"touchDistance":0.698381,"touchZone":"hovering","type":0,"width":20.0112},{"bases":[[[0.982866,-0.121234,-0.138842],[0.122071,0.992518,-0.00250384],[0.138107,-0.0144877,0.990311]],[[0.979687,-0.120897,-0.159994],[0.135304,0.987371,0.0824126],[0.14801,-0.102386,0.983672]],[[0.979687,-0.120897,-0.159994],[0.105049,0.989006,-0.104081],[0.170818,0.0851594,0.981615]],[[0.979687,-0.120897,-0.159994],[0.0772696,0.963811,-0.255144],[0.18505,0.237598,0.953574]]],"btipPosition":[-26.6102,195.533,-91.9587],"carpPosition":[-3.08124,196.178,61.348],"dipPosition":[-23.4858,199.544,-75.8584],"direction":[-0.170818,-0.0851594,-0.981615],"extended":true,"handId":405,"id":4051,"length":58.114,"mcpPosition":[-13.1219,197.231,-10.6496],"pipPosition":[-19.4058,201.578,-52.4122],"stabilizedTipPosition":[-25.8283,196.732,-88.359],"timeVisible":2.78344,"tipPosition":[-25.9693,196.196,-88.2823],"tipVelocity":[-92.1824,-450.649,127.438],"tool":false,"touchDistance":0.526368,"touchZone":"hovering","type":1,"width":19.1147},{"bases":[[[0.95718,-0.289489,-0.00129585],[0.289481,0.957174,-0.00419796],[0.00245562,0.00364308,0.99999]],[[0.956694,-0.28919,0.033251],[0.121645,0.293399,-0.948219],[0.26446,0.9112,0.315872]],[[0.956694,-0.28919,0.033251],[-0.233308,-0.830065,-0.506518],[0.174081,0.476825,-0.861588]],[[0.956694,-0.28919,0.033251],[-0.291088,-0.949591,0.116384],[-0.00208228,-0.121023,-0.992648]]],"btipPosition":[-8.74458,141.592,17.7512],"carpPosition":[8.87466,196.397,59.096],"dipPosition":[-8.78325,139.344,-0.682621],"direction":[-0.174081,-0.476825,0.861588],"extended":false,"handId":405,"id":4052,"length":66.2163,"mcpPosition":[8.70535,196.146,-9.84855],"pipPosition":[-3.8914,152.743,-24.8942],"stabilizedTipPosition":[-3.29641,164.703,-12.3575],"timeVisible":2.78344,"tipPosition":[-8.80104,140.777,12.3842],"tipVelocity":[-74.2051,-243.366,270.525],"tool":false,"touchDistance":0.333333,"touchZone":"none","type":2,"width":18.7732},{"bases":[[[0.922545,-0.357124,0.146195],[0.357059,0.933674,0.0275998],[-0.146355,0.0267382,0.988871]],[[0.920237,-0.356681,0.161067],[0.257452,0.241752,-0.935561],[0.294759,0.902405,0.314297]],[[0.920237,-0.356681,0.161067],[-0.234399,-0.831892,-0.503004],[0.313402,0.425129,-0.849143]],[[0.920237,-0.356681,0.161067],[-0.374872,-0.921558,0.101003],[0.112407,-0.153326,-0.981762]]],"btipPosition":[6.08383,143.443,24.549],"carpPosition":[20.6936,193.748,58.2659],"dipPosition":[8.15927,140.612,6.42204],"direction":[-0.313402,-0.425129,0.849143],"extended":false,"handId":405,"id":4053,"length":63.6687,"mcpPosition":[29.7532,192.093,-2.94645],"pipPosition":[16.7388,152.25,-16.8235],"stabilizedTipPosition":[13.3787,169.319,-13.5181],"timeVisible":2.78344,"tipPosition":[6.60751,142.394,19.1169],"tipVelocity":[-77.3533,-219.647,267.548],"tool":false,"touchDistance":0.333333,"touchZone":"none","type":3,"width":17.8639},{"bases":[[[0.827642,-0.500957,0.25308],[0.481859,0.865432,0.137258],[-0.287784,0.00834865,0.957659]],[[0.784044,-0.495776,0.37347],[0.550475,0.277376,-0.787426],[0.286796,0.822963,0.490387]],[[0.784044,-0.495776,0.37347],[-0.163528,-0.745417,-0.646229],[0.598776,0.445599,-0.665513]],[[0.784044,-0.495776,0.37347],[-0.50204,-0.860342,-0.088134],[0.365007,-0.118396,-0.923446]]],"btipPosition":[19.8296,148.641,16.3927],"carpPosition":[31.1511,184.471,59.8104],"dipPosition":[26.047,146.624,0.663115],"direction":[-0.598776,-0.445599,0.665513],"extended":false,"handId":405,"id":4054,"length":49.9151,"mcpPosition":[47.6415,183.993,4.93519],"pipPosition":[37.6202,155.237,-12.2],"stabilizedTipPosition":[27.7736,171.029,-12.8087],"timeVisible":2.78344,"tipPosition":[21.4229,148.024,12.1074],"tipVelocity":[-79.7775,-229.45,241.561],"tool":false,"touchDistance":0.333333,"touchZone":"none","type":4,"width":15.8681}],"r":[[0.976491,-0.190998,0.0999278],[0.208778,0.953371,-0.217934],[-0.0536432,0.233674,0.970834]],"s":0.861401,"t":[63.044,-62.1392,-233.96],"timestamp":88661888978},true],[2,{"currentFrameRate":55.3573,"devices":[],"gestures":[],"hands":[{"armBasis":[[0.974149,0.0105985,-0.225659],[0.090362,0.897228,0.432223],[0.207049,-0.441441,0.873076]],"armWidth":62.9686,"confidence":0.716337,"direction":[0.0513275,0.110309,-0.992571],"elbow":[68.2714,65.1026,303.848],"grabStrength":0,"id":405,"palmNormal":[-0.113226,-0.98683,-0.115526],"palmPosition":[7.80868,185.451,17.1501],"palmVelocity":[-109,-189.558,163.734],"palmWidth":89.917,"pinchStrength":0.79417,"r":[[0.979023,-0.172742,0.108044],[0.194716,0.949375,-0.24652],[-0.0599896,0.262386,0.963096]],"s":0.86228,"sphereCenter":[-16.0875,154.939,-8.164],"sphereRadius":47.5046,"stabilizedPalmPosition":[13.3105,196.036,8.39629],"t":[61.0695,-65.5239,-231.003],"timeVisible":2.80144,"type":"right","wrist":[13.0275,182.886,70.8975]}],"id":1410509,"interactionBox":{"center":[0,200,0],"size":[235.247,235.247,147.751]},"pointables":[{"bases":[[[0.510564,0.856563,-0.0749969],[-0.767946,0.493493,0.408318],[0.38676,-0.150879,0.909754]],[[0.435285,0.869749,-0.232516],[-0.825913,0.488567,0.281371],[0.358322,0.0695618,0.931003]],[[0.435285,0.869749,-0.232516],[-0.851254,0.313536,-0.420788],[-0.293078,0.381093,0.876855]],[[0.435285,0.869749,-0.232516],[-0.486043,0.00962943,-0.873882],[-0.757819,0.4934,0.426927]]],"btipPosition":[-6.58216,147.631,-13.3976],"carpPosition":[-16.3079,175.314,71.9459],"dipPosition":[-24.1087,159.042,-3.52376],"direction":[0.293078,-0.381093,-0.876855],"extended":false,"handId":405,"id":4050,"length":51.5018,"mcpPosition":[-16.3079,175.314,71.9459],"pipPosition":[-33.9835,171.883,26.0206],"stabilizedTipPosition":[-7.34657,163.787,-22.7202],"timeVisible":2.80144,"tipPosition":[-10.4566,149.753,-11.0524],"tipVelocity":[-49.5065,-273.66,233.262],"tool":false,"touchDistance":0.728021,"touchZone":"hovering","type":0,"width":20.0112},{"bases":[[[0.986774,-0.0981141,-0.129035],[0.094766,0.99499,-0.0318506],[0.131513,0.0192013,0.991128]],[[0.984158,-0.0984542,-0.147444],[0.108127,0.99238,0.0590735],[0.140505,-0.0740804,0.987305]],[[0.984158,-0.0984542,-0.147444],[0.079056,0.988079,-0.132097],[0.158692,0.118348,0.980209]],[[0.984158,-0.0984542,-0.147444],[0.0527952,0.956655,-0.286399],[0.16925,0.274078,0.946697]]],"btipPosition":[-27.8434,188.901,-89.384],"carpPosition":[-5.66887,194.606,63.9867],"dipPosition":[-24.9858,193.528,-73.3998],"direction":[-0.158692,-0.118348,-0.980209],"extended":true,"handId":405,"id":4051,"length":58.114,"mcpPosition":[-15.2301,193.21,-8.07037],"pipPosition":[-21.1954,196.355,-49.9871],"stabilizedTipPosition":[-27.1353,190.219,-85.807],"timeVisible":2.80144,"tipPosition":[-27.3414,189.641,-85.7159],"tipVelocity":[-82.587,-407.998,134.134],"tool":false,"touchDistance":0.545284,"touchZone":"hovering","type":1,"width":19.1147},{"bases":[[[0.96476,-0.262792,0.0133898],[0.263092,0.964258,-0.0314392],[-0.00464923,0.033854,0.999416]],[[0.964011,-0.261453,0.048214],[0.118588,0.26056,-0.958147],[0.237947,0.929382,0.282188]],[[0.964011,-0.261453,0.048214],[-0.207841,-0.854221,-0.47656],[0.165783,0.449388,-0.877819]],[[0.964011,-0.261453,0.048214],[-0.265754,-0.952791,0.146845],[0.00754479,-0.154374,-0.987984]]],"btipPosition":[-9.52017,138.723,22.4716],"carpPosition":[6.29198,195.087,61.8029],"dipPosition":[-9.38006,135.857,4.12438],"direction":[-0.165783,-0.449388,0.877819],"extended":false,"handId":405,"id":4052,"length":66.2163,"mcpPosition":[6.61253,192.753,-7.10208],"pipPosition":[-4.72138,148.485,-20.5433],"stabilizedTipPosition":[-4.05095,161.457,-8.62726],"timeVisible":2.80144,"tipPosition":[-9.51581,137.727,17.0786],"tipVelocity":[-58.3842,-207.318,267.14],"tool":false,"touchDistance":0.333333,"touchZone":"none","type":2,"width":18.7732},{"bases":[[[0.930964,-0.326883,0.162648],[0.331065,0.943607,0.00147304],[-0.153957,0.0524757,0.986683]],[[0.928536,-0.326055,0.17751],[0.254866,0.2122,-0.943406],[0.269934,0.921227,0.280135]],[[0.928536,-0.326055,0.17751],[-0.210717,-0.856547,-0.47109],[0.305647,0.40002,-0.86404]],[[0.928536,-0.326055,0.17751],[-0.350849,-0.927011,0.132499],[0.121351,-0.18531,-0.975159]]],"btipPosition":[5.18879,141.291,29.3391],"carpPosition":[18.1847,192.743,61.1264],"dipPosition":[7.42938,137.869,11.3341],"direction":[-0.305647,-0.40002,0.86404],"extended":false,"handId":405,"id":4053,"length":63.6687,"mcpPosition":[27.7149,189.495,0.0494708],"pipPosition":[15.7966,148.82,-12.3193],"stabilizedTipPosition":[12.8789,167.443,-10.9968],"timeVisible":2.80144,"tipPosition":[5.77295,140.047,23.9029],"tipVelocity":[-63.2673,-175.8,267.623],"tool":false,"touchDistance":0.333333,"touchZone":"none","type":3,"width":17.8639},{"bases":[[[0.839303,-0.47,0.273258],[0.456923,0.882182,0.113918],[-0.294605,0.0292461,0.955171]],[[0.794752,-0.462404,0.393131],[0.548095,0.268578,-0.792122],[0.260695,0.845014,0.466894]],[[0.794752,-0.462404,0.393131],[-0.138533,-0.768838,-0.624257],[0.590913,0.441668,-0.675093]],[[0.794752,-0.462404,0.393131],[-0.477608,-0.876164,-0.0650217],[0.374513,-0.136087,-0.917181]]],"btipPosition":[18.8536,146.389,20.6402],"carpPosition":[28.8821,183.81,63.016],"dipPosition":[25.2329,144.071,5.01734],"direction":[-0.590913,-0.441668,0.675093],"extended":false,"handId":405,"id":4054,"length":49.9151,"mcpPosition":[45.7634,182.134,8.28337],"pipPosition":[36.6542,152.607,-8.03096],"stabilizedTipPosition":[26.9892,168.379,-9.66625],"timeVisible":2.80144,"tipPosition":[20.4915,145.689,16.39],"tipVelocity":[-66.6935,-181.854,239.572],"tool":false,"touchDistance":0.333333,"touchZone":"none","type":4,"width":15.8681}],"r":[[0.979023,-0.172742,0.108044],[0.194716,0.949375,-0.24652],[-0.0599896,0.262386,0.963096]],"s":0.86228,"t":[61.0695,-65.5239,-231.003],"timestamp":88661906976},false],[3,{"currentFrameRate":55.376,"devices":[],"gestures":[],"hands":[{"armBasis":[[0.974494,0.032376,-0.222067],[0.0686447,0.899105,0.432318],[0.213658,-0.436535,0.87395]],"armWidth":62.9686,"confidence":0.717452,"direction":[0.0565711,0.0888757,-0.994435],"elbow":[67.698,64.8091,306.857],"grabStrength":0,"id":405,"palmNormal":[-0.0940375,-0.991128,-0.0939297],"palmPosition":[5.82067,182.539,19.8464],"palmVelocity":[-109.702,-176.409,157.156],"palmWidth":89.917,"pinchStrength":0.789995,"r":[[0.981251,-0.153749,0.116226],[0.18042,0.94485,-0.273324],[-0.0677927,0.289169,0.954875]],"s":0.863333,"sphereCenter":[-17.2375,151.205,-4.93071],"sphereRadius":47.4994,"stabilizedPalmPosition":[11.0426,191.95,11.8633],"t":[59.0882,-68.672,-228.177],"timeVisible":2.81944,"type":"right","wrist":[10.6907,181.283,73.673]}],"id":1410510,"interactionBox":{"center":[0,200,0],"size":[235.247,235.247,147.751]},"pointables":[{"bases":[[[0.495115,0.864066,-0.0908343],[-0.779956,0.488097,0.391701],[0.382792,-0.123091,0.915598]],[[0.420489,0.872273,-0.249656],[-0.837291,0.479054,0.263536],[0.349474,0.098221,0.931783]],[[0.420489,0.872273,-0.249656],[-0.853234,0.286602,-0.435719],[-0.308514,0.396231,0.864766]],[[0.420489,0.872273,-0.249656],[-0.468308,-0.0270167,-0.883152],[-0.777095,0.488272,0.397132]]],"btipPosition":[-7.37791,143.701,-9.5964],"carpPosition":[-18.506,173.189,74.6892],"dipPosition":[-25.3503,154.994,-0.411674],"direction":[0.308514,-0.396231,-0.864766],"extended":false,"handId":405,"id":4050,"length":51.5018,"mcpPosition":[-18.506,173.189,74.6892],"pipPosition":[-35.7452,168.344,28.7253],"stabilizedTipPosition":[-8.7005,158.102,-17.7673],"timeVisible":2.81944,"tipPosition":[-11.4504,145.883,-7.50221],"tipVelocity":[-49.703,-248.208,218.662],"tool":false,"touchDistance":0.743192,"touchZone":"hovering","type":0,"width":20.0112},{"bases":[[[0.989348,-0.0825025,-0.119933],[0.0765136,0.99562,-0.0537186],[0.12384,0.0439699,0.991328]],[[0.987236,-0.0831965,-0.135803],[0.090008,0.994933,0.0448021],[0.131388,-0.0564536,0.989722]],[[0.987236,-0.0831965,-0.135803],[0.0621384,0.986342,-0.152536],[0.146639,0.142151,0.978923]],[[0.987236,-0.0831965,-0.135803],[0.037173,0.949528,-0.311471],[0.154862,0.302448,0.940501]]],"btipPosition":[-28.8675,183.191,-86.9834],"carpPosition":[-8.16863,192.493,66.369],"dipPosition":[-26.2528,188.297,-71.1038],"direction":[-0.146639,-0.142151,-0.978923],"extended":true,"handId":405,"id":4051,"length":58.114,"mcpPosition":[-17.1721,189.296,-5.70247],"pipPosition":[-22.7502,191.693,-47.7219],"stabilizedTipPosition":[-28.2155,184.627,-83.4418],"timeVisible":2.81944,"tipPosition":[-28.4863,183.962,-83.3256],"tipVelocity":[-71.8956,-362.146,133.158],"tool":false,"touchDistance":0.559737,"touchZone":"hovering","type":1,"width":19.1147},{"bases":[[[0.969346,-0.244316,0.026028],[0.245373,0.968063,-0.051444],[-0.0126282,0.0562536,0.998337]],[[0.968308,-0.242194,0.0610027],[0.118785,0.231726,-0.965502],[0.219703,0.942149,0.253151]],[[0.968308,-0.242194,0.0610027],[-0.189835,-0.872415,-0.450393],[0.162302,0.424539,-0.890744]],[[0.968308,-0.242194,0.0610027],[-0.249209,-0.953102,0.171728],[0.0165503,-0.181488,-0.983254]]],"btipPosition":[-10.6655,135.834,26.6595],"carpPosition":[3.79696,193.149,64.2579],"dipPosition":[-10.3581,132.464,8.40013],"direction":[-0.162302,-0.424539,0.890744],"extended":false,"handId":405,"id":4052,"length":66.2163,"mcpPosition":[4.66761,189.27,-4.57263],"pipPosition":[-5.79726,144.394,-16.6307],"stabilizedTipPosition":[-4.77241,158.547,-5.19991],"timeVisible":2.81944,"tipPosition":[-10.6068,134.677,21.2219],"tipVelocity":[-59.8655,-188.223,251.378],"tool":false,"touchDistance":0.333333,"touchZone":"none","type":2,"width":18.7732},{"bases":[[[0.935649,-0.305651,0.176461],[0.313474,0.949434,-0.0176019],[-0.162158,0.0717853,0.98415]],[[0.9331,-0.304536,0.191264],[0.256183,0.189653,-0.947841],[0.252377,0.933429,0.254982]],[[0.9331,-0.304536,0.191264],[-0.193173,-0.873066,-0.447705],[0.303328,0.380807,-0.873486]],[[0.9331,-0.304536,0.191264],[-0.335028,-0.929439,0.154591],[0.13069,-0.208328,-0.969288]]],"btipPosition":[3.91377,138.778,33.3475],"carpPosition":[15.7358,191.013,63.7172],"dipPosition":[6.32678,134.931,15.4509],"direction":[-0.303328,-0.380807,0.873486],"extended":false,"handId":405,"id":4053,"length":63.6687,"mcpPosition":[25.7736,186.569,2.79705],"pipPosition":[14.6305,145.356,-8.46109],"stabilizedTipPosition":[12.3855,165.709,-8.63654],"timeVisible":2.81944,"tipPosition":[4.55746,137.405,27.9408],"tipVelocity":[-65.819,-161.26,247.031],"tool":false,"touchDistance":0.333333,"touchZone":"none","type":3,"width":17.8639},{"bases":[[[0.845849,-0.447933,0.289646],[0.43962,0.892923,0.0970755],[-0.302115,0.0452229,0.952198]],[[0.800298,-0.438479,0.408972],[0.54878,0.260827,-0.794236],[0.241585,0.860061,0.449368]],[[0.800298,-0.438479,0.408972],[-0.11972,-0.785193,-0.607569],[0.587528,0.437274,-0.680883]],[[0.800298,-0.438479,0.408972],[-0.460801,-0.886183,-0.0484006],[0.383647,-0.14972,-0.911262]]],"btipPosition":[17.5624,143.781,24.3008],"carpPosition":[26.583,182.326,65.8828],"dipPosition":[24.0973,141.231,8.77881],"direction":[-0.587528,-0.437274,0.680883],"extended":false,"handId":405,"id":4054,"length":49.9151,"mcpPosition":[43.8946,179.735,11.3205],"pipPosition":[35.4531,149.683,-4.3814],"stabilizedTipPosition":[26.2296,165.965,-6.75239],"timeVisible":2.81944,"tipPosition":[19.2426,143.017,20.0835],"tipVelocity":[-68.1503,-165.765,223.067],"tool":false,"touchDistance":0.333333,"touchZone":"none","type":4,"width":15.8681}],"r":[[0.981251,-0.153749,0.116226],[0.18042,0.94485,-0.273324],[-0.0677927,0.289169,0.954875]],"s":0.863333,"t":[59.0882,-68.672,-228.177],"timestamp":88661924970},false],[4,{"currentFrameRate":55.3687,"devices":[],"gestures":[],"hands":[{"armBasis":[[0.974866,0.0560018,-0.215639],[0.0437717,0.900885,0.431845],[0.21845,-0.43043,0.875791]],"armWidth":62.9686,"confidence":0.610892,"direction":[0.0602338,0.0779262,-0.995138],"elbow":[66.814,63.6322,310.396],"grabStrength":0,"id":405,"palmNormal":[-0.0698712,-0.994173,-0.0820798],"palmPosition":[3.94332,178.953,22.8569],"palmVelocity":[-106.897,-186.812,161.575],"palmWidth":89.917,"pinchStrength":0.774125,"r":[[0.983304,-0.133366,0.123804],[0.164945,0.940571,-0.29685],[-0.0768563,0.312315,0.946865]],"s":0.865851,"sphereCenter":[-18.2428,147.289,-1.66244],"sphereRadius":47.5481,"stabilizedPalmPosition":[8.84238,187.922,15.2705],"t":[57.1589,-72.0391,-225.258],"timeVisible":2.83752,"type":"right","wrist":[8.52807,178.478,76.7211]}],"id":1410511,"interactionBox":{"center":[0,200,0],"size":[235.247,235.247,147.751]},"pointables":[{"bases":[[[0.47493,0.874453,-0.0988635],[-0.793622,0.474134,0.381263],[0.380271,-0.102613,0.919165]],[[0.400129,0.878809,-0.259983],[-0.851529,0.461384,0.249044],[0.338814,0.121733,0.932945]],[[0.400129,0.878809,-0.259983],[-0.856013,0.257065,-0.448509],[-0.327321,0.40201,0.855131]],[[0.400129,0.878809,-0.259983],[-0.45196,-0.0575657,-0.890179],[-0.797264,0.473688,0.374152]]],"btipPosition":[-7.71903,139.197,-5.81019],"carpPosition":[-20.4731,169.702,77.6766],"dipPosition":[-26.1578,150.152,2.84307],"direction":[0.327321,-0.40201,-0.855131],"extended":false,"handId":405,"id":4050,"length":51.5018,"mcpPosition":[-20.4731,169.702,77.6766],"pipPosition":[-37.1864,163.697,31.6554],"stabilizedTipPosition":[-9.78791,152.635,-13.1142],"timeVisible":2.83752,"tipPosition":[-12.045,141.451,-3.93582],"tipVelocity":[-37.8613,-250.649,211.02],"tool":false,"touchDistance":0.757166,"touchZone":"hovering","type":0,"width":20.0112},{"bases":[[[0.991713,-0.0603343,-0.11342],[0.053106,0.996425,-0.0657077],[0.116979,0.0591399,0.991372]],[[0.990236,-0.0610407,-0.125328],[0.0674745,0.996578,0.0477458],[0.121984,-0.055736,0.990966]],[[0.990236,-0.0610407,-0.125328],[0.040941,0.986733,-0.157105],[0.133255,0.15044,0.979597]],[[0.990236,-0.0610407,-0.125328],[0.017513,0.946386,-0.322563],[0.138298,0.317219,0.938214]]],"btipPosition":[-29.7512,178.26,-84.2123],"carpPosition":[-10.5498,189.143,69.1736],"dipPosition":[-27.4162,183.616,-68.3714],"direction":[-0.133255,-0.15044,-0.979597],"extended":true,"handId":405,"id":4051,"length":58.114,"mcpPosition":[-19.0544,184.843,-2.9011],"pipPosition":[-24.2334,187.209,-44.9733],"stabilizedTipPosition":[-29.1534,179.804,-80.7436],"timeVisible":2.83752,"tipPosition":[-29.524,178.853,-80.5297],"tipVelocity":[-62.6378,-318.081,142.46],"tool":false,"touchDistance":0.57853,"touchZone":"hovering","type":1,"width":19.1147},{"bases":[[[0.974719,-0.220766,0.034435],[0.222558,0.972936,-0.0621555],[-0.0197812,0.0682479,0.997472]],[[0.97345,-0.218271,0.0689469],[0.114019,0.201187,-0.972894],[0.198483,0.954925,0.220733]],[[0.97345,-0.218271,0.0689469],[-0.170573,-0.892574,-0.417393],[0.152645,0.394551,-0.906107]],[[0.97345,-0.218271,0.0689469],[-0.227859,-0.95273,0.200965],[0.0218231,-0.211339,-0.977169]]],"btipPosition":[-11.3762,132.705,31.4448],"carpPosition":[1.40889,190.058,67.1207],"dipPosition":[-10.9709,128.781,13.2984],"direction":[-0.152645,-0.394551,0.906107],"extended":false,"handId":405,"id":4052,"length":66.2163,"mcpPosition":[2.77271,185.353,-1.65024],"pipPosition":[-6.68144,139.868,-12.1642],"stabilizedTipPosition":[-5.4063,155.943,-2.03839],"timeVisible":2.83752,"tipPosition":[-11.2953,131.27,25.7917],"tipVelocity":[-49.4952,-184.341,258.339],"tool":false,"touchDistance":0.333333,"touchZone":"none","type":2,"width":18.7732},{"bases":[[[0.941615,-0.281028,0.185433],[0.290884,0.956357,-0.0277075],[-0.169553,0.0800293,0.982266]],[[0.938986,-0.279805,0.200035],[0.253166,0.168547,-0.952627],[0.232835,0.945146,0.2291]],[[0.938986,-0.279805,0.200035],[-0.174594,-0.888817,-0.423699],[0.296348,0.362923,-0.883439]],[[0.938986,-0.279805,0.200035],[-0.315097,-0.932954,0.174101],[0.137909,-0.226509,-0.964196]]],"btipPosition":[2.95451,135.764,37.7408],"carpPosition":[13.3982,188.202,66.6728],"dipPosition":[5.50081,131.582,19.9382],"direction":[-0.296348,-0.362923,0.883439],"extended":false,"handId":405,"id":4053,"length":63.6687,"mcpPosition":[23.8937,183.248,5.8692],"pipPosition":[13.6134,141.517,-4.2462],"stabilizedTipPosition":[11.9003,164.014,-6.31716],"timeVisible":2.83752,"tipPosition":[3.66027,134.246,32.2326],"tipVelocity":[-58.9377,-165.846,245.642],"tool":false,"touchDistance":0.333333,"touchZone":"none","type":3,"width":17.8639},{"bases":[[[0.854569,-0.424006,0.299885],[0.417669,0.904293,0.0883619],[-0.30865,0.0497413,0.949874]],[[0.808126,-0.414174,0.418799],[0.546991,0.263971,-0.794431],[0.218482,0.871079,0.439871]],[[0.808126,-0.414174,0.418799],[-0.0975289,-0.795299,-0.598321],[0.58088,0.442674,-0.683095]],[[0.808126,-0.414174,0.418799],[-0.439316,-0.89745,-0.0398232],[0.392345,-0.151803,-0.907205]]],"btipPosition":[16.5777,140.546,27.8631],"carpPosition":[24.4362,179.804,69.0065],"dipPosition":[23.2607,137.96,12.4102],"direction":[-0.58088,-0.442674,0.683095],"extended":false,"handId":405,"id":4054,"length":49.9151,"mcpPosition":[42.1223,176.953,14.5773],"pipPosition":[34.4881,146.516,-0.792747],"stabilizedTipPosition":[25.467,163.52,-3.83325],"timeVisible":2.83752,"tipPosition":[18.2984,139.771,23.6693],"tipVelocity":[-60.74,-172.219,211.076],"tool":false,"touchDistance":0.333333,"touchZone":"none","type":4,"width":15.8681}],"r":[[0.983304,-0.133366,0.123804],[0.164945,0.940571,-0.29685],[-0.0768563,0.312315,0.946865]],"s":0.865851,"t":[57.1589,-72.0391,-225.258],"timestamp":88661943056},false],[5,{"currentFrameRate":55.3543,"devices":[],"gestures":[],"hands":[{"armBasis":[[0.974223,0.0783129,-0.21156],[0.0214291,0.901443,0.432367],[0.224569,-0.425755,0.876528]],"armWidth":62.9686,"confidence":0.360367,"direction":[0.0536655,0.0722131,-0.995944],"elbow":[66.1188,63.6966,311.584],"grabStrength":0,"id":405,"palmNormal":[-0.0440085,-0.996242,-0.074606],"palmPosition":[1.36146,177.256,23.8685],"palmVelocity":[-123.854,-142.498,111.257],"palmWidth":89.917,"pinchStrength":0.790493,"r":[[0.985391,-0.11152,0.12872],[0.147453,0.936847,-0.317137],[-0.0852239,0.331484,0.939604]],"s":0.867876,"sphereCenter":[-20.255,145.691,-0.370456],"sphereRadius":47.5991,"stabilizedPalmPosition":[6.34263,184.358,18.1435],"t":[54.9033,-74.5714,-223.293],"timeVisible":2.85564,"type":"right","wrist":[6.20026,177.295,77.7126]}],"id":1410512,"interactionBox":{"center":[0,200,0],"size":[235.247,235.247,147.751]},"pointables":[{"bases":[[[0.451261,0.885908,-0.107377],[-0.804116,0.455847,0.381577],[0.38699,-0.0858477,0.918079]],[[0.369966,0.886163,-0.278999],[-0.872106,0.434778,0.224497],[0.320243,0.16026,0.933681]],[[0.369966,0.886163,-0.278999],[-0.85799,0.210715,-0.468457],[-0.35634,0.412691,0.838276]],[[0.369966,0.886163,-0.278999],[-0.411969,-0.112685,-0.904203],[-0.832711,0.449463,0.323382]]],"btipPosition":[-7.08715,135.56,-2.91343],"carpPosition":[-22.5549,167.766,78.8676],"dipPosition":[-26.3458,145.955,4.56562],"direction":[0.35634,-0.412691,-0.838277],"extended":false,"handId":405,"id":4050,"length":51.5018,"mcpPosition":[-22.5549,167.766,78.8676],"pipPosition":[-38.3521,159.86,32.8101],"stabilizedTipPosition":[-10.3813,147.595,-9.02248],"timeVisible":2.85564,"tipPosition":[-12.2639,138.339,-1.66597],"tipVelocity":[-8.19494,-230.281,179.6],"tool":false,"touchDistance":0.754183,"touchZone":"hovering","type":0,"width":20.0112},{"bases":[[[0.992437,-0.03503,-0.117649],[0.0265227,0.996971,-0.0731134],[0.119854,0.06944,0.99036]],[[0.991535,-0.0355361,-0.124878],[0.0434741,0.997164,0.0614255],[0.122341,-0.0663346,0.990269]],[[0.991535,-0.0355361,-0.124878],[0.016472,0.988473,-0.150498],[0.128787,0.147167,0.980691]],[[0.991535,-0.0355361,-0.124878],[-0.0067439,0.946421,-0.322866],[0.129661,0.320975,0.93817]]],"btipPosition":[-32.3591,176.232,-83.1295],"carpPosition":[-13.186,187.398,70.1786],"dipPosition":[-30.1698,181.651,-67.2894],"direction":[-0.128787,-0.147167,-0.980691],"extended":true,"handId":405,"id":4051,"length":58.114,"mcpPosition":[-21.8996,182.35,-1.82257],"pipPosition":[-27.0937,185.166,-43.8652],"stabilizedTipPosition":[-31.6575,177.649,-79.5784],"timeVisible":2.85564,"tipPosition":[-32.236,176.492,-79.3959],"tipVelocity":[-102.222,-219.609,103.102],"tool":false,"touchDistance":0.570249,"touchZone":"hovering","type":1,"width":19.1147},{"bases":[[[0.980345,-0.194769,0.0314333],[0.196549,0.977978,-0.0701899],[-0.0170703,0.0749885,0.997038]],[[0.979191,-0.192095,0.0654623],[0.100268,0.177483,-0.979003],[0.176443,0.965194,0.19305]],[[0.979191,-0.192095,0.0654623],[-0.151889,-0.907616,-0.391361],[0.134593,0.373274,-0.917906]],[[0.979191,-0.192095,0.0654623],[-0.201975,-0.953892,0.222029],[0.0197933,-0.230631,-0.97284]]],"btipPosition":[-12.6422,131.263,33.9867],"carpPosition":[-1.265,188.613,68.0629],"dipPosition":[-12.2746,126.98,15.9206],"direction":[-0.134593,-0.373274,0.917906],"extended":false,"handId":405,"id":4052,"length":66.2163,"mcpPosition":[-0.0880843,183.443,-0.67812],"pipPosition":[-8.4924,137.469,-9.87349],"stabilizedTipPosition":[-6.00557,153.792,0.632217],"timeVisible":2.85564,"tipPosition":[-12.5695,129.67,28.2165],"tipVelocity":[-59.4274,-136.674,202.656],"tool":false,"touchDistance":0.333333,"touchZone":"none","type":2,"width":18.7732},{"bases":[[[0.949523,-0.254777,0.183014],[0.265444,0.963456,-0.0359456],[-0.167168,0.0827111,0.982453]],[[0.946953,-0.253529,0.197495],[0.241688,0.156767,-0.957607],[0.21182,0.95454,0.209726]],[[0.946953,-0.253529,0.197495],[-0.156382,-0.900384,-0.406021],[0.280759,0.353598,-0.892268]],[[0.946953,-0.253529,0.197495],[-0.29061,-0.937906,0.189414],[0.137209,-0.23676,-0.961831]]],"btipPosition":[1.54315,134.496,39.6819],"carpPosition":[10.7669,187.07,67.5719],"dipPosition":[4.07654,130.124,21.923],"direction":[-0.280759,-0.353598,0.892268],"extended":false,"handId":405,"id":4053,"length":63.6687,"mcpPosition":[21.1148,181.95,6.75678],"pipPosition":[11.7624,139.804,-2.50319],"stabilizedTipPosition":[11.3864,162.409,-4.11373],"timeVisible":2.85564,"tipPosition":[2.25704,132.902,34.1449],"tipVelocity":[-68.0455,-121.375,179.995],"tool":false,"touchDistance":0.333333,"touchZone":"none","type":3,"width":17.8639},{"bases":[[[0.866795,-0.399157,0.298899],[0.394079,0.915597,0.079897],[-0.305563,0.0485356,0.950934]],[[0.820659,-0.389687,0.417927],[0.536208,0.272408,-0.798921],[0.197482,0.879738,0.432507]],[[0.820659,-0.389687,0.417927],[-0.0793003,-0.801977,-0.592068],[0.565888,0.452744,-0.689052]],[[0.820659,-0.389687,0.417927],[-0.415707,-0.908962,-0.03124],[0.392053,-0.148098,-0.907943]]],"btipPosition":[15.026,139.233,29.0949],"carpPosition":[22.0329,178.983,69.9139],"dipPosition":[21.7041,136.711,13.6294],"direction":[-0.565888,-0.452744,0.689052],"extended":false,"handId":405,"id":4054,"length":49.9151,"mcpPosition":[39.5421,176.202,15.424],"pipPosition":[32.6416,145.462,0.311288],"stabilizedTipPosition":[24.5964,161.089,-0.961719],"timeVisible":2.85564,"tipPosition":[16.746,138.475,24.9029],"tipVelocity":[-72.6292,-124.35,142.905],"tool":false,"touchDistance":0.333333,"touchZone":"none","type":4,"width":15.8681}],"r":[[0.985391,-0.11152,0.12872],[0.147453,0.936847,-0.317137],[-0.0852239,0.331484,0.939604]],"s":0.867876,"t":[54.9033,-74.5714,-223.293],"timestamp":88661961171},false],[6,{"currentFrameRate":55.3645,"devices":[],"gestures":[],"hands":[{"armBasis":[[0.972519,0.0564541,-0.225876],[0.0409681,0.913526,0.404711],[0.229191,-0.402843,0.886109]],"armWidth":62.9686,"confidence":0.272464,"direction":[0.0438645,0.0719199,-0.996445],"elbow":[65.3791,66.2109,314.551],"grabStrength":0.398351,"id":405,"palmNormal":[-0.0591296,-0.99547,-0.0744524],"palmPosition":[-1.19691,173.752,24.3351],"palmVelocity":[-132.421,-167.086,70.766],"palmWidth":89.917,"pinchStrength":0.844776,"r":[[0.986763,-0.0967768,0.130125],[0.135489,0.932927,-0.333601],[-0.0891125,0.346815,0.933691]],"s":0.799024,"sphereCenter":[-7.89551,131.744,5.5676],"sphereRadius":40.9887,"stabilizedPalmPosition":[3.26954,180.035,20.6672],"t":[52.4963,-77.5893,-222.077],"timeVisible":2.87366,"type":"right","wrist":[4.22718,173.696,78.1234]}],"id":1410513,"interactionBox":{"center":[0,200,0],"size":[235.247,235.247,147.751]},"pointables":[{"bases":[[[0.462752,0.879386,-0.111987],[-0.793285,0.467167,0.390454],[0.395676,-0.0918458,0.913786]],[[0.366923,0.878581,-0.305719],[-0.886652,0.429733,0.170817],[0.281454,0.208389,0.936674]],[[0.366923,0.878581,-0.305719],[-0.842286,0.174273,-0.510081],[-0.394869,0.444663,0.803961]],[[0.366923,0.878581,-0.305719],[-0.343682,-0.177359,-0.922185],[-0.864436,0.443441,0.236876]]],"btipPosition":[-5.2346,129.063,0.816256],"carpPosition":[-24.6477,164.58,79.588],"dipPosition":[-25.2269,139.318,6.29462],"direction":[0.394869,-0.444663,-0.803961],"extended":false,"handId":405,"id":4050,"length":51.5018,"mcpPosition":[-24.6477,164.58,79.588],"pipPosition":[-38.5315,154.301,33.3829],"stabilizedTipPosition":[-10.158,141.01,-4.50392],"timeVisible":2.87366,"tipPosition":[-11.6493,132.924,1.09415],"tipVelocity":[39.9909,-292.857,180.439],"tool":false,"touchDistance":0.761141,"touchZone":"hovering","type":0,"width":20.0112},{"bases":[[[0.990493,-0.0492269,-0.128451],[0.0400509,0.996522,-0.0730677],[0.131602,0.0672285,0.98902]],[[0.991006,-0.0489606,-0.124537],[-0.00338578,0.92119,-0.389098],[0.133773,0.38602,0.912739]],[[0.991006,-0.0489606,-0.124537],[-0.0825002,0.509203,-0.856683],[0.105359,0.859252,0.500584]],[[0.991006,-0.0489606,-0.124537],[-0.118381,0.113145,-0.986501],[0.0623905,0.992371,0.106332]]],"btipPosition":[-33.9097,125.525,-53.6027],"carpPosition":[-15.0927,184.08,70.8041],"dipPosition":[-32.8563,142.28,-51.8074],"direction":[-0.105359,-0.859252,-0.500584],"extended":true,"handId":405,"id":4051,"length":58.114,"mcpPosition":[-24.6604,179.193,-1.0997],"pipPosition":[-30.3398,162.804,-39.8507],"stabilizedTipPosition":[-33.4556,134.466,-55.971],"timeVisible":2.87366,"tipPosition":[-31.5277,128.651,-34.8257],"tipVelocity":[-101.411,-1380.91,746.043],"tool":false,"touchDistance":0.941005,"touchZone":"hovering","type":1,"width":19.1147},{"bases":[[[0.977729,-0.208848,0.0207008],[0.209808,0.975088,-0.0720005],[-0.00514791,0.0747402,0.99719]],[[0.976991,-0.206191,0.0545344],[0.0901184,0.167342,-0.981771],[0.193307,0.964096,0.182074]],[[0.976991,-0.206191,0.0545344],[-0.170408,-0.908414,-0.381766],[0.128257,0.363689,-0.922649]],[[0.976991,-0.206191,0.0545344],[-0.213232,-0.949778,0.229029],[0.0045718,-0.235388,-0.971891]]],"btipPosition":[-15.7208,128.201,35.111],"carpPosition":[-3.17914,185.125,68.5592],"dipPosition":[-15.6359,123.83,17.0626],"direction":[-0.128257,-0.363689,0.922649],"extended":false,"handId":405,"id":4052,"length":66.2163,"mcpPosition":[-2.82422,179.972,-0.19226],"pipPosition":[-12.0318,134.05,-8.86479],"stabilizedTipPosition":[-7.14434,150.668,4.19422],"timeVisible":2.87366,"tipPosition":[-15.7411,126.593,29.3554],"tipVelocity":[-113.95,-152.927,136.228],"tool":false,"touchDistance":0.333333,"touchZone":"none","type":2,"width":18.7732},{"bases":[[[0.947698,-0.268481,0.172588],[0.278856,0.95956,-0.0385126],[-0.155269,0.0846256,0.984241]],[[0.945317,-0.26721,0.187015],[0.231642,0.146395,-0.961723],[0.229604,0.952453,0.200287]],[[0.945317,-0.26721,0.187015],[-0.175834,-0.900465,-0.397799],[0.274697,0.343163,-0.89821]],[[0.945317,-0.26721,0.187015],[-0.302555,-0.932581,0.196856],[0.121805,-0.242674,-0.962431]]],"btipPosition":[-1.47189,131.204,40.5266],"carpPosition":[8.82329,183.409,67.9368],"dipPosition":[0.777077,126.723,22.7566],"direction":[-0.274697,-0.343163,0.89821],"extended":false,"handId":405,"id":4053,"length":63.6687,"mcpPosition":[18.4346,178.17,7.01102],"pipPosition":[8.297,136.117,-1.83218],"stabilizedTipPosition":[10.2815,159.523,-0.483034],"timeVisible":2.87366,"tipPosition":[-0.849436,129.577,34.9884],"tipVelocity":[-116.818,-151.089,116.785],"tool":false,"touchDistance":0.333333,"touchZone":"none","type":3,"width":17.8639},{"bases":[[[0.864168,-0.411714,0.289319],[0.408042,0.909802,0.0759077],[-0.294475,0.0524571,0.954218]],[[0.819483,-0.401643,0.408815],[0.531306,0.265005,-0.804665],[0.21485,0.876616,0.430563]],[[0.819483,-0.401643,0.408815],[-0.0973193,-0.800501,-0.591378],[0.56478,0.444839,-0.695085]],[[0.819483,-0.401643,0.408815],[-0.429068,-0.90287,-0.0269505],[0.379931,-0.153324,-0.912219]]],"btipPosition":[11.9755,135.537,29.4036],"carpPosition":[19.9967,175.16,70.1534],"dipPosition":[18.4471,132.925,13.8653],"direction":[-0.56478,-0.444839,0.695085],"extended":false,"handId":405,"id":4054,"length":49.9151,"mcpPosition":[36.8706,172.154,15.4754],"pipPosition":[29.3632,141.523,0.430552],"stabilizedTipPosition":[22.801,156.871,3.3591],"timeVisible":2.87366,"tipPosition":[13.6371,134.756,25.197],"tipVelocity":[-119.689,-163.172,82.8094],"tool":false,"touchDistance":0.333333,"touchZone":"none","type":4,"width":15.8681}],"r":[[0.986763,-0.0967768,0.130125],[0.135489,