{"sensorType":"Leap","data":[[0,{"currentFrameRate":55.3124,"devices":[],"gestures":[],"hands":[{"armBasis":[[0.902653,-0.126454,-0.411373],[0.35903,0.748327,0.557768],[0.237309,-0.651166,0.72088]],"armWidth":62.9686,"confidence":0.668478,"direction":[0.181766,0.484786,-0.855537],"elbow":[68.733,100.706,273.039],"grabStrength":0,"id":405,"palmNormal":[-0.368409,-0.77309,-0.516339],"palmPosition":[6.67402,300.098,33.1251],"palmVelocity":[-49.5718,99.365,-218.82],"palmWidth":89.917,"pinchStrength":1,"r":[[0.895713,-0.443921,-0.0251307],[0.444617,0.893783,0.0588875],[-0.00367999,-0.0639199,0.997948]],"s":0.942903,"sphereCenter":[-23.3923,278.611,-4.94344],"sphereRadius":47.647,"stabilizedPalmPosition":[19.6033,240.599,150.219],"t":[58.8654,43.9495,-208.102],"timeVisible":20.734,"type":"right","wrist":[5.41501,274.447,80.6967]}],"id":1411498,"interactionBox":{"center":[0,200,0],"size":[235.247,235.247,147.751]},"pointables":[{"bases":[[[0.731858,0.621473,0.279562],[-0.639927,0.485736,0.595445],[0.234259,-0.614681,0.753187]],[[0.576355,0.815895,-0.0461575],[-0.802571,0.575773,0.156095],[0.153934,-0.0529217,0.986663]],[[0.576355,0.815895,-0.0461575],[-0.811767,0.565108,-0.147267],[-0.0940701,0.122347,0.988019]],[[0.576355,0.815895,-0.0461575],[-0.785755,0.537775,-0.305594],[-0.22451,0.212399,0.951043]]],"btipPosition":[-24.0479,269.657,-24.8044],"carpPosition":[-24.8165,276.081,79.1518],"dipPosition":[-29.2403,274.569,-2.80908],"direction":[0.0940701,-0.122347,-0.988019],"extended":false,"handId":405,"id":4050,"length":51.5018,"mcpPosition":[-24.8165,276.081,79.1518],"pipPosition":[-32.4098,278.691,30.4808],"stabilizedTipPosition":[-17.8018,218.555,89.1156],"timeVisible":20.734,"tipPosition":[-26.2963,271.787,-19.7186],"tipVelocity":[-40.0368,102.555,-217.611],"tool":false,"touchDistance":-0.818539,"touchZone":"hovering","type":0,"width":20.0112},{"bases":[[[0.929297,-0.321838,-0.181184],[0.368206,0.845617,0.386466],[0.0288326,-0.425855,0.904332]],[[0.926942,-0.30163,-0.223156],[0.312718,0.949723,0.0152655],[0.207332,-0.083935,0.974663]],[[0.926942,-0.30163,-0.223156],[0.284383,0.952771,-0.106554],[0.244756,0.0353077,0.968942]],[[0.926942,-0.30163,-0.223156],[0.261902,0.946039,-0.190835],[0.268676,0.118449,0.95592]]],"btipPosition":[-29.7901,324.566,-66.6315],"carpPosition":[-8.50909,292.885,79.7787],"dipPosition":[-25.2538,326.566,-50.4916],"direction":[-0.244756,-0.0353077,-0.968942],"extended":true,"handId":405,"id":4051,"length":58.114,"mcpPosition":[-10.6053,323.845,14.032],"pipPosition":[-19.4077,327.409,-27.3481],"stabilizedTipPosition":[-22.1943,285.693,5.08395],"timeVisible":20.734,"tipPosition":[-29.0368,323.454,-62.7121],"tipVelocity":[-55.7871,131.594,-212.632],"tool":false,"touchDistance":-0.931766,"touchZone":"hovering","type":1,"width":19.1147},{"bases":[[[0.848171,-0.515823,-0.12055],[0.520557,0.769478,0.370032],[-0.0981106,-0.376603,0.921165]],[[0.844397,-0.528182,-0.0895401],[0.413516,0.748874,-0.517873],[0.340585,0.400264,0.850759]],[[0.844397,-0.528182,-0.0895401],[0.0924219,0.30826,-0.946802],[0.527685,0.791201,0.30911]],[[0.844397,-0.528182,-0.0895401],[-0.118299,-0.0208246,-0.99276],[0.522493,0.848876,-0.0800674]]],"btipPosition":[-30.7103,259.583,-33.5112],"carpPosition":[3.27965,290.681,77.7215],"dipPosition":[-21.0074,275.347,-34.9981],"direction":[-0.527685,-0.791201,-0.30911],"extended":false,"handId":405,"id":4052,"length":66.2163,"mcpPosition":[10.0439,316.646,14.2115],"pipPosition":[-6.17885,297.581,-26.3118],"stabilizedTipPosition":[-13.094,209.405,63.5476],"timeVisible":20.734,"tipPosition":[-28.8143,262.526,-33.0665],"tipVelocity":[-60.6615,112.479,-217.985],"tool":false,"touchDistance":-0.856957,"touchZone":"hovering","type":2,"width":18.7732},{"bases":[[[0.782817,-0.62215,-0.0112281],[0.576432,0.718261,0.38965],[-0.234356,-0.311497,0.920895]],[[0.796193,-0.600973,-0.0700529],[0.492883,0.711389,-0.50099],[0.350917,0.364357,0.862613]],[[0.796193,-0.600973,-0.0700529],[0.146811,0.304216,-0.941222],[0.58696,0.73911,0.330444]],[[0.796193,-0.600973,-0.0700529],[-0.0905145,-0.00383081,-0.995888],[0.598233,0.79926,-0.0574469]]],"btipPosition":[-14.032,253.644,-27.229],"carpPosition":[14.0688,285.44,75.8476],"dipPosition":[-2.98643,268.401,-28.2897],"direction":[-0.58696,-0.73911,-0.330444],"extended":false,"handId":405,"id":4053,"length":63.6687,"mcpPosition":[28.5757,304.722,18.843],"pipPosition":[13.0818,288.634,-19.2437],"stabilizedTipPosition":[7.09242,194.341,90.4296],"timeVisible":20.734,"tipPosition":[-11.9791,256.344,-26.5101],"tipVelocity":[-59.3975,107.948,-215.685],"tool":false,"touchDistance":-0.841114,"touchZone":"hovering","type":3,"width":17.8639},{"bases":[[[0.644356,-0.764089,0.0312049],[0.668187,0.582389,0.462978],[-0.37193,-0.277472,0.88582]],[[0.539079,-0.807867,0.238213],[0.796322,0.396745,-0.456579],[0.274345,0.435826,0.857199]],[[0.539079,-0.807867,0.238213],[0.411705,0.00601389,-0.911297],[0.734774,0.589335,0.335845]],[[0.539079,-0.807867,0.238213],[0.0960843,-0.221994,-0.970302],[0.836757,0.545958,-0.0420491]]],"btipPosition":[4.90536,253.786,-12.9216],"carpPosition":[21.6342,273.805,73.5646],"dipPosition":[19.1583,263.085,-13.6379],"direction":[-0.734774,-0.589335,-0.335845],"extended":false,"handId":405,"id":4054,"length":49.9151,"mcpPosition":[42.9463,289.705,22.8058],"pipPosition":[33.3601,274.476,-7.14661],"stabilizedTipPosition":[25.3527,188.988,121.764],"timeVisible":20.734,"tipPosition":[7.10421,255.534,-11.8392],"tipVelocity":[-23.6792,116.424,-252.254],"tool":false,"touchDistance":-0.814368,"touchZone":"hovering","type":4,"width":15.8681}],"r":[[0.895713,-0.443921,-0.0251307],[0.444617,0.893783,0.0588875],[-0.00367999,-0.0639199,0.997948]],"s":0.942903,"t":[58.8654,43.9495,-208.102],"timestamp":88679839516},false],[1,{"currentFrameRate":55.2715,"devices":[],"gestures":[],"hands":[{"armBasis":[[0.901128,-0.134748,-0.412082],[0.364052,0.75134,0.550413],[0.235446,-0.646012,0.726109]],"armWidth":62.9686,"confidence":0.668539,"direction":[0.184513,0.486953,-0.853716],"elbow":[66.5982,103.251,270.274],"grabStrength":0,"id":405,"palmNormal":[-0.371104,-0.769811,-0.519301],"palmPosition":[5.18391,301.425,29.0538],"palmVelocity":[-64.944,86.6456,-220.952],"palmWidth":89.917,"pinchStrength":1,"r":[[0.894317,-0.446646,-0.0265242],[0.447428,0.892445,0.0578814],[-0.00218108,-0.063632,0.997971]],"s":0.945705,"sphereCenter":[-25.7333,280.858,-9.04466],"sphereRadius":47.908,"stabilizedPalmPosition":[19.5049,241.014,149.392],"t":[57.6678,45.5074,-212.122],"timeVisible":20.7522,"type":"right","wrist":[3.77745,275.617,76.5364]}],"id":1411499,"interactionBox":{"center":[0,200,0],"size":[235.247,235.247,147.751]},"pointables":[{"bases":[[[0.734142,0.617517,0.282328],[-0.638469,0.486316,0.596536],[0.23107,-0.618199,0.75129]],[[0.580795,0.813008,-0.0411693],[-0.800428,0.579559,0.153055],[0.148295,-0.0559403,0.98736]],[[0.580795,0.813008,-0.0411693],[-0.807673,0.569191,-0.153906],[-0.101693,0.122639,0.987227]],[[0.580795,0.813008,-0.0411693],[-0.781066,0.5423,-0.30959],[-0.229373,0.211964,0.949978]]],"btipPosition":[-25.0296,271.105,-28.9688],"carpPosition":[-26.4457,277.379,74.9705],"dipPosition":[-30.3345,276.007,-6.9981],"direction":[0.101693,-0.122639,-0.987227],"extended":false,"handId":405,"id":4050,"length":51.5018,"mcpPosition":[-26.4457,277.379,74.9705],"pipPosition":[-33.7609,280.139,26.2651],"stabilizedTipPosition":[-17.8374,218.781,88.6392],"timeVisible":20.7522,"tipPosition":[-27.3818,273.194,-23.8947],"tipVelocity":[-47.3155,91.4305,-222.912],"tool":false,"touchDistance":-0.827569,"touchZone":"hovering","type":0,"width":20.0112},{"bases":[[[0.928135,-0.325017,-0.181462],[0.371314,0.842781,0.389675],[0.0262818,-0.429051,0.902898]],[[0.925822,-0.304158,-0.22437],[0.317628,0.947867,0.0256969],[0.204857,-0.0950571,0.974165]],[[0.925822,-0.304158,-0.22437],[0.289916,0.952352,-0.0947313],[0.242493,0.0226557,0.969889]],[[0.925822,-0.304158,-0.22437],[0.267825,0.946811,-0.178378],[0.266691,0.105054,0.958039]]],"btipPosition":[-30.9733,327.028,-70.6741],"carpPosition":[-10.0703,294.115,75.6692],"dipPosition":[-26.4705,328.802,-54.4984],"direction":[-0.242493,-0.0226557,-0.969889],"extended":true,"handId":405,"id":4051,"length":58.114,"mcpPosition":[-11.9811,325.308,10.0267],"pipPosition":[-20.6784,329.343,-31.3323],"stabilizedTipPosition":[-22.3553,286.561,3.58667],"timeVisible":20.7522,"tipPosition":[-30.2401,325.825,-66.7617],"tipVelocity":[-60.3403,131.89,-216.754],"tool":false,"touchDistance":-0.927437,"touchZone":"hovering","type":1,"width":19.1147},{"bases":[[[0.846163,-0.518875,-0.121563],[0.523367,0.766075,0.373116],[-0.100474,-0.379338,0.919787]],[[0.842359,-0.531189,-0.0909439],[0.41764,0.750086,-0.512785],[0.340601,0.393967,0.853687]],[[0.842359,-0.531189,-0.0909439],[0.0942846,0.311409,-0.945587],[0.530606,0.787949,0.312401]],[[0.842359,-0.531189,-0.0909439],[-0.118653,-0.0181898,-0.992769],[0.525693,0.847058,-0.0783495]]],"btipPosition":[-32.2581,261.386,-37.7868],"carpPosition":[1.71114,291.87,73.6148],"dipPosition":[-22.4957,277.116,-39.2417],"direction":[-0.530606,-0.787949,-0.312401],"extended":false,"handId":405,"id":4052,"length":66.2163,"mcpPosition":[8.63835,318.024,10.1999],"pipPosition":[-7.58516,299.258,-30.4629],"stabilizedTipPosition":[-13.297,210.072,62.3273],"timeVisible":20.7522,"tipPosition":[-30.3533,264.317,-37.3586],"tipVelocity":[-71.8854,105.756,-225.68],"tool":false,"touchDistance":-0.863617,"touchZone":"hovering","type":2,"width":18.7732},{"bases":[[[0.780277,-0.625306,-0.0126624],[0.579015,0.714564,0.392608],[-0.236452,-0.313674,0.919619]],[[0.793653,-0.604247,-0.0707173],[0.49712,0.711131,-0.497156],[0.350694,0.359415,0.864774]],[[0.793653,-0.604247,-0.0707173],[0.14829,0.304876,-0.940777],[0.590021,0.736164,0.331569]],[[0.793653,-0.604247,-0.0707173],[-0.0915341,-0.00368442,-0.995795],[0.601445,0.796789,-0.0582333]]],"btipPosition":[-15.6239,255.274,-31.3769],"carpPosition":[12.4804,286.591,71.7325],"dipPosition":[-4.51902,269.986,-32.4521],"direction":[-0.590021,-0.736164,-0.331569],"extended":false,"handId":405,"id":4053,"length":63.6687,"mcpPosition":[27.1171,306.008,14.8069],"pipPosition":[11.633,290.138,-23.3752],"stabilizedTipPosition":[6.88624,194.998,89.1815],"timeVisible":20.7522,"tipPosition":[-13.5507,257.992,-30.7403],"tipVelocity":[-72.3828,98.8099,-221.41],"tool":false,"touchDistance":-0.847603,"touchZone":"hovering","type":3,"width":17.8639},{"bases":[[[0.641198,-0.766821,0.0291637],[0.670148,0.578068,0.465552],[-0.373854,-0.278967,0.88454]],[[0.535862,-0.810819,0.235424],[0.797483,0.394503,-0.456496],[0.27726,0.432365,0.858013]],[[0.535862,-0.810819,0.235424],[0.407788,0.00439157,-0.913066],[0.739297,0.58528,0.332996]],[[0.535862,-0.810819,0.235424],[0.0893638,-0.222803,-0.970759],[0.839563,0.541231,-0.0469339]]],"btipPosition":[3.14457,255.279,-16.8865],"carpPosition":[20.0003,274.933,69.4165],"dipPosition":[17.4453,264.498,-17.686],"direction":[-0.739297,-0.58528,-0.332996],"extended":false,"handId":405,"id":4054,"length":49.9151,"mcpPosition":[41.4226,290.919,18.7311],"pipPosition":[31.7345,275.811,-11.2498],"stabilizedTipPosition":[25.243,189.384,120.959],"timeVisible":20.7522,"tipPosition":[5.4656,257.036,-15.9881],"tipVelocity":[-58.2412,99.4348,-236.112],"tool":false,"touchDistance":-0.821025,"touchZone":"hovering","type":4,"width":15.8681}],"r":[[0.894317,-0.446646,-0.0265242],[0.447428,0.892445,0.0578814],[-0.00218108,-0.063632,0.997971]],"s":0.945705,"t":[57.6678,45.5074,-212.122],"timestamp":88679857750},false],[2,{"currentFrameRate":55.2426,"devices":[],"gestures":[],"hands":[{"armBasis":[[0.896635,-0.153479,-0.415319],[0.374625,0.762955,0.526835],[0.236012,-0.627968,0.74159]],"armWidth":62.9686,"confidence":0.590391,"direction":[0.178555,0.507209,-0.843123],"elbow":[65.446,109.183,267.851],"grabStrength":0,"id":405,"palmNormal":[-0.372914,-0.75808,-0.535023],"palmPosition":[3.55176,303.653,23.1127],"palmVelocity":[-76.7512,103.737,-271.307],"palmWidth":89.917,"pinchStrength":1,"r":[[0.893319,-0.448367,-0.0308028],[0.449423,0.891252,0.0607329],[0.000222401,-0.0680973,0.997679]],"s":0.947889,"sphereCenter":[-28.2467,284.486,-15.1875],"sphereRadius":48.1279,"stabilizedPalmPosition":[19.4067,241.399,148.615],"t":[56.2529,47.4006,-217.103],"timeVisible":20.7704,"type":"right","wrist":[2.47431,276.735,69.9833]}],"id":1411500,"interactionBox":{"center":[0,200,0],"size":[235.247,235.247,147.751]},"pointables":[{"bases":[[[0.734778,0.61206,0.292375],[-0.635695,0.470998,0.611598],[0.236626,-0.635251,0.735163]],[[0.580495,0.813926,-0.0234469],[-0.800535,0.575736,0.166349],[0.148895,-0.0777946,0.985788]],[[0.580495,0.813926,-0.0234469],[-0.807731,0.571958,-0.142952],[-0.102942,0.101922,0.989452]],[[0.580495,0.813926,-0.0234469],[-0.781363,0.548706,-0.29731],[-0.229123,0.190908,0.954493]]],"btipPosition":[-26.3379,274.466,-35.4015],"carpPosition":[-27.7606,278.478,68.6396],"dipPosition":[-31.637,278.882,-13.3264],"direction":[0.102942,-0.101922,-0.989452],"extended":false,"handId":405,"id":4050,"length":51.5018,"mcpPosition":[-27.7606,278.478,68.6396],"pipPosition":[-35.1055,282.316,20.0117],"stabilizedTipPosition":[-17.8816,219.039,88.0983],"timeVisible":20.7704,"tipPosition":[-28.7697,276.392,-30.28],"tipVelocity":[-59.0092,133.03,-284.599],"tool":false,"touchDistance":-0.869276,"touchZone":"hovering","type":0,"width":20.0112},{"bases":[[[0.927577,-0.318963,-0.194585],[0.372221,0.834075,0.40715],[0.0324325,-0.450092,0.892393]],[[0.924908,-0.296729,-0.237692],[0.316786,0.947164,0.0502643],[0.210218,-0.121787,0.970039]],[[0.924908,-0.296729,-0.237692],[0.288527,0.954952,-0.0694208],[0.247583,-0.00437265,0.968857]],[[0.924908,-0.296729,-0.237692],[0.266045,0.951755,-0.152911],[0.271597,0.0781918,0.959229]]],"btipPosition":[-33.1919,331.9,-75.7662],"carpPosition":[-11.4097,295.222,69.6336],"dipPosition":[-28.6062,333.22,-59.5704],"direction":[-0.247583,0.00437265,-0.968857],"extended":true,"handId":405,"id":4051,"length":58.114,"mcpPosition":[-13.7676,327.945,4.75483],"pipPosition":[-22.6926,333.116,-36.4289],"stabilizedTipPosition":[-22.6546,287.958,1.27263],"timeVisible":20.7704,"tipPosition":[-32.4274,330.607,-71.8986],"tipVelocity":[-89.2324,193.974,-246.719],"tool":false,"touchDistance":-0.939339,"touchZone":"hovering","type":1,"width":19.1147},{"bases":[[[0.846294,-0.514324,-0.138769],[0.524302,0.758058,0.387885],[-0.0943035,-0.401022,0.911202]],[[0.842729,-0.527254,-0.108678],[0.414092,0.763884,-0.494985],[0.344001,0.372135,0.862078]],[[0.842729,-0.527254,-0.108678],[0.0878806,0.333908,-0.9385],[0.531117,0.78135,0.327729]],[[0.842729,-0.527254,-0.108678],[-0.125869,0.00330062,-0.992041],[0.523417,0.849701,-0.0635833]]],"btipPosition":[-34.1657,265.235,-44.4575],"carpPosition":[0.362974,293.048,67.4568],"dipPosition":[-24.4456,281.014,-45.6383],"direction":[-0.531117,-0.78135,-0.327729],"extended":false,"handId":405,"id":4052,"length":66.2163,"mcpPosition":[6.86475,320.697,4.63377],"pipPosition":[-9.52068,302.971,-36.4287],"stabilizedTipPosition":[-13.5495,210.869,60.8767],"timeVisible":20.7704,"tipPosition":[-32.2684,268.155,-44.0031],"tipVelocity":[-87.8599,156.541,-291.266],"tool":false,"touchDistance":-0.904704,"touchZone":"hovering","type":2,"width":18.7732},{"bases":[[[0.781244,-0.623404,-0.0320087],[0.580153,0.706205,0.405829],[-0.230391,-0.335622,0.913388]],[[0.794078,-0.601289,-0.0888382],[0.493617,0.723241,-0.482975],[0.354659,0.339668,0.871116]],[[0.794078,-0.601289,-0.0888382],[0.14082,0.324181,-0.935455],[0.591278,0.730314,0.342098]],[[0.794078,-0.601289,-0.0888382],[-0.100217,0.0146378,-0.994858],[0.599497,0.798898,-0.0486356]]],"btipPosition":[-17.5233,258.869,-38.0824],"carpPosition":[11.1297,287.834,65.3868],"dipPosition":[-6.45441,273.62,-38.9803],"direction":[-0.591278,-0.730314,-0.342098],"extended":false,"handId":405,"id":4053,"length":63.6687,"mcpPosition":[25.3912,308.61,8.84683],"pipPosition":[9.73202,293.613,-29.6153],"stabilizedTipPosition":[6.64133,195.752,87.7536],"timeVisible":20.7704,"tipPosition":[-15.4306,261.627,-37.5265],"tipVelocity":[-87.8671,146.183,-290.533],"tool":false,"touchDistance":-0.891147,"touchZone":"hovering","type":3,"width":17.8639},{"bases":[[[0.642659,-0.766117,0.00730948],[0.671953,0.568202,0.475001],[-0.36806,-0.300352,0.879955]],[[0.539055,-0.815049,0.212404],[0.79297,0.406089,-0.454191],[0.283933,0.413264,0.865214]],[[0.539055,-0.815049,0.212404],[0.396852,0.0233436,-0.917586],[0.742919,0.578922,0.336037]],[[0.539055,-0.815049,0.212404],[0.0764347,-0.203802,-0.976024],[0.838795,0.542366,-0.0475626]]],"btipPosition":[1.1774,258.591,-23.5873],"carpPosition":[18.6552,276.248,62.7526],"dipPosition":[15.465,267.829,-24.3975],"direction":[-0.742919,-0.578922,-0.336037],"extended":false,"handId":405,"id":4054,"length":49.9151,"mcpPosition":[39.7455,293.459,12.33],"pipPosition":[29.8243,279.019,-17.9025],"stabilizedTipPosition":[25.1093,189.843,120.027],"timeVisible":20.7704,"tipPosition":[3.63439,260.362,-22.88],"tipVelocity":[-82.1178,138.945,-299.225],"tool":false,"touchDistance":-0.867806,"touchZone":"hovering","type":4,"width":15.8681}],"r":[[0.893319,-0.448367,-0.0308028],[0.449423,0.891252,0.0607329],[0.000222401,-0.0680973,0.997679]],"s":0.947889,"t":[56.2529,47.4006,-217.103],"timestamp":88679875952},false],[3,{"currentFrameRate":55.26,"devices":[],"gestures":[],"hands":[{"armBasis":[[0.88777,-0.174855,-0.425782],[0.39068,0.775364,0.496164],[0.243379,-0.606824,0.756658]],"armWidth":62.9686,"confidence":0.593976,"direction":[0.172025,0.511469,-0.841907],"elbow":[66.8287,115.621,267.212],"grabStrength":0,"id":405,"palmNormal":[-0.383164,-0.752606,-0.535509],"palmPosition":[2.59899,304.736,18.6117],"palmVelocity":[-65.3999,83.0042,-260.988],"palmWidth":89.917,"pinchStrength":1,"r":[[0.891923,-0.450689,-0.0367841],[0.452167,0.889698,0.063105],[0.00428599,-0.0729173,0.997329]],"s":0.950573,"sphereCenter":[-30.4688,286.732,-19.2882],"sphereRadius":48.3145,"stabilizedPalmPosition":[19.3266,241.701,147.996],"t":[55.0691,48.8886,-221.844],"timeVisible":20.7885,"type":"right","wrist":[1.89116,277.531,65.3236]}],"id":1411501,"interactionBox":{"center":[0,200,0],"size":[235.247,235.247,147.751]},"pointables":[{"bases":[[[0.741463,0.606078,0.287927],[-0.626146,0.470723,0.62158],[0.241192,-0.641163,0.728517]],[[0.586002,0.80998,-0.0230921],[-0.795517,0.580491,0.17373],[0.154123,-0.083436,0.984523]],[[0.586002,0.80998,-0.0230921],[-0.804408,0.578065,-0.136996],[-0.0976156,0.0988556,0.990302]],[[0.586002,0.80998,-0.0230921],[-0.779609,0.555801,-0.288608],[-0.220932,0.187128,0.957169]]],"btipPosition":[-27.5505,275.91,-39.7402],"carpPosition":[-28.3465,279.453,64.329],"dipPosition":[-32.6602,280.238,-17.6032],"direction":[0.0976156,-0.0988556,-0.990302],"extended":false,"handId":405,"id":4050,"length":51.5018,"mcpPosition":[-28.3465,279.453,64.329],"pipPosition":[-35.9492,283.569,15.7636],"stabilizedTipPosition":[-17.9279,219.286,87.5743],"timeVisible":20.7885,"tipPosition":[-29.9892,277.781,-34.5873],"tipVelocity":[-61.765,107.358,-263.329],"tool":false,"touchDistance":-0.875548,"touchZone":"hovering","type":0,"width":20.0112},{"bases":[[[0.92352,-0.322945,-0.206923],[0.381477,0.829403,0.408125],[0.0398207,-0.455848,0.889166]],[[0.920428,-0.300044,-0.250573],[0.323637,0.944405,0.0579528],[0.219254,-0.134436,0.966361]],[[0.920428,-0.300044,-0.250573],[0.294452,0.953753,-0.0604441],[0.257121,-0.0181475,0.966209]],[[0.920428,-0.300044,-0.250573],[0.271255,0.951782,-0.143291],[0.281485,0.0639198,0.957434]]],"btipPosition":[-34.9882,334.301,-79.6716],"carpPosition":[-11.8905,296.098,65.2439],"dipPosition":[-30.2356,335.38,-63.5062],"direction":[-0.257121,0.0181474,-0.966209],"extended":true,"handId":405,"id":4051,"length":58.114,"mcpPosition":[-14.7856,329.239,0.599692],"pipPosition":[-24.0942,334.947,-40.4279],"stabilizedTipPosition":[-23.0676,289.669,-1.56458],"timeVisible":20.7885,"tipPosition":[-34.1957,332.944,-75.8282],"tipVelocity":[-93.1392,163.654,-232.582],"tool":false,"touchDistance":-0.932425,"touchZone":"hovering","type":1,"width":19.1147},{"bases":[[[0.841755,-0.518192,-0.151414],[0.532899,0.752655,0.386689],[-0.0864165,-0.406186,0.909695]],[[0.838512,-0.531084,-0.121852],[0.412431,0.764754,-0.495027],[0.356088,0.36483,0.860291]],[[0.838512,-0.531084,-0.121852],[0.0764303,0.336057,-0.938735],[0.539497,0.777827,0.322379]],[[0.838512,-0.531084,-0.121852],[-0.140893,0.00469845,-0.990014],[0.526353,0.847306,-0.0708861]]],"btipPosition":[-36.0936,266.906,-48.5173],"carpPosition":[-0.155381,293.871,62.9221],"dipPosition":[-26.319,282.641,-49.8337],"direction":[-0.539497,-0.777827,-0.322379],"extended":false,"handId":405,"id":4052,"length":66.2163,"mcpPosition":[5.80262,321.876,0.202893],"pipPosition":[-11.1586,304.498,-40.7745],"stabilizedTipPosition":[-13.8382,211.718,59.3167],"timeVisible":20.7885,"tipPosition":[-34.1512,269.88,-48.2269],"tipVelocity":[-96.5588,125.953,-260.691],"tool":false,"touchDistance":-0.903932,"touchZone":"hovering","type":2,"width":18.7732},{"bases":[[[0.77728,-0.627572,-0.0446112],[0.588651,0.700378,0.403685],[-0.222097,-0.340036,0.91381]],[[0.789058,-0.606355,-0.0985954],[0.489778,0.717816,-0.494831],[0.370817,0.34216,0.863378]],[[0.789058,-0.606355,-0.0985954],[0.12153,0.311399,-0.942476],[0.602178,0.731686,0.319402]],[[0.789058,-0.606355,-0.0985954],[-0.124013,-0.0000312673,-0.992281],[0.601672,0.795194,-0.0752205]]],"btipPosition":[-19.6606,259.839,-41.3419],"carpPosition":[10.5577,288.61,60.6994],"dipPosition":[-8.55156,274.522,-42.7308],"direction":[-0.602178,-0.731686,-0.319402],"extended":false,"handId":405,"id":4053,"length":63.6687,"mcpPosition":[24.3058,309.659,4.13341],"pipPosition":[7.93325,294.552,-33.9871],"stabilizedTipPosition":[6.36239,196.544,86.2334],"timeVisible":20.7885,"tipPosition":[-17.3839,262.922,-41.4197],"tipVelocity":[-102.159,101.932,-241.406],"tool":false,"touchDistance":-0.880953,"touchZone":"hovering","type":3,"width":17.8639},{"bases":[[[0.638332,-0.769747,-0.0046309],[0.68043,0.56143,0.470968],[-0.359927,-0.303785,0.882138]],[[0.53723,-0.819266,0.200466],[0.78895,0.404085,-0.462897],[0.298231,0.40684,0.863446]],[[0.53723,-0.819266,0.200466],[0.38152,0.0240762,-0.924047],[0.752214,0.572908,0.325501]],[[0.53723,-0.819266,0.200466],[0.0575016,-0.201548,-0.977789],[0.841473,0.536825,-0.0611686]]],"btipPosition":[-0.681317,259.973,-28.0584],"carpPosition":[17.9874,276.999,57.9095],"dipPosition":[13.6519,269.117,-29.1004],"direction":[-0.752214,-0.572908,-0.325501],"extended":false,"handId":405,"id":4054,"length":49.9151,"mcpPosition":[38.6117,294.406,7.36172],"pipPosition":[28.1908,280.19,-22.809],"stabilizedTipPosition":[24.9644,190.309,119.072],"timeVisible":20.7885,"tipPosition":[1.91025,261.755,-27.5606],"tipVelocity":[-91.7758,108.819,-276.275],"tool":false,"touchDistance":-0.877224,"touchZone":"hovering","type":4,"width":15.8681}],"r":[[0.891923,-0.450689,-0.0367841],[0.452167,0.889698,0.063105],[0.00428599,-0.0729173,0.997329]],"s":0.950573,"t":[55.0691,48.8886,-221.844],"timestamp":88679893988},false],[4,{"currentFrameRate":55.2698,"devices":[],"gestures":[],"hands":[{"armBasis":[[0.884152,-0.192087,-0.425884],[0.405753,0.767592,0.496152],[0.231601,-0.611477,0.756608]],"armWidth":62.9686,"confidence":0.604501,"direction":[0.160701,0.506128,-0.847354],"elbow":[63.4216,115.553,263.631],"grabStrength":0,"id":405,"palmNormal":[-0.400626,-0.75116,-0.52465],"palmPosition":[1.69702,305.7,14.9167],"palmVelocity":[-58.0612,68.9213,-234.214],"palmWidth":89.917,"pinchStrength":1,"r":[[0.88974,-0.454285,-0.0445923],[0.45633,0.887616,0.0624463],[0.0112124,-0.0759098,0.997052]],"s":0.953219,"sphereCenter":[-33.1276,288.652,-22.096],"sphereRadius":48.6138,"stabilizedPalmPosition":[19.2626,241.934,147.512],"t":[54.0262,50.1144,-226.062],"timeVisible":20.8065,"type":"right","wrist":[1.62674,278.705,61.7559]}],"id":1411502,"interactionBox":{"center":[0,200,0],"size":[235.247,235.247,147.751]},"pointables":[{"bases":[[[0.752666,0.600091,0.270895],[-0.609506,0.479464,0.631361],[0.248989,-0.640317,0.726635]],[[0.594709,0.803144,-0.0357957],[-0.786694,0.590547,0.179908],[0.165631,-0.0788326,0.983032]],[[0.594709,0.803144,-0.0357957],[-0.799431,0.586076,-0.132005],[-0.0850398,0.107121,0.990603]],[[0.594709,0.803144,-0.0357957],[-0.777544,0.563295,-0.279507],[-0.204321,0.194058,0.959476]]],"btipPosition":[-29.1842,276.707,-42.7256],"carpPosition":[-28.6046,280.916,61.3336],"dipPosition":[-33.9097,281.195,-20.5352],"direction":[0.0850398,-0.107121,-0.990603],"extended":false,"handId":405,"id":4050,"length":51.5018,"mcpPosition":[-28.6046,280.916,61.3336],"pipPosition":[-36.775,284.805,12.8417],"stabilizedTipPosition":[-17.9797,219.531,87.0491],"timeVisible":20.8065,"tipPosition":[-31.5995,278.594,-37.5381],"tipVelocity":[-73.0694,78.3085,-216.461],"tool":false,"touchDistance":-0.860924,"touchZone":"hovering","type":0,"width":20.0112},{"bases":[[[0.916215,-0.332788,-0.223164],[0.397227,0.827418,0.396976],[0.0525407,-0.452362,0.890285]],[[0.91244,-0.30974,-0.267423],[0.335016,0.940691,0.0535186],[0.234986,-0.138424,0.962092]],[[0.91244,-0.30974,-0.267423],[0.304128,0.950528,-0.0632637],[0.273788,-0.0236066,0.9615]],[[0.91244,-0.30974,-0.267423],[0.279633,0.949071,-0.145154],[0.298763,0.0576637,0.952583]]],"btipPosition":[-37.3548,335.759,-82.7641],"carpPosition":[-11.9746,297.405,61.8571],"dipPosition":[-32.3105,336.733,-66.6806],"direction":[-0.273788,0.0236066,-0.9615],"extended":true,"handId":405,"id":4051,"length":58.114,"mcpPosition":[-15.7944,330.292,-2.86845],"pipPosition":[-25.7709,336.169,-43.7148],"stabilizedTipPosition":[-23.6118,291.59,-4.77785],"timeVisible":20.8065,"tipPosition":[-36.5195,334.365,-78.9357],"tipVelocity":[-109.377,123.644,-203.95],"tool":false,"touchDistance":-0.914186,"touchZone":"hovering","type":1,"width":19.1147},{"bases":[[[0.833658,-0.52699,-0.165214],[0.547462,0.749112,0.372983],[-0.0727941,-0.401389,0.913011]],[[0.83091,-0.539535,-0.135984],[0.409748,0.758681,-0.506468],[0.376425,0.36511,0.851469]],[[0.83091,-0.539535,-0.135984],[0.0588736,0.328277,-0.942745],[0.553284,0.77533,0.304533]],[[0.83091,-0.539535,-0.135984],[-0.163576,-0.00327244,-0.986525],[0.531819,0.841957,-0.0909743]]],"btipPosition":[-38.6434,267.914,-51.0528],"carpPosition":[-0.308316,295.054,59.3204],"dipPosition":[-28.7673,283.549,-52.7422],"direction":[-0.553284,-0.77533,-0.304533],"extended":false,"handId":405,"id":4052,"length":66.2163,"mcpPosition":[4.71049,322.728,-3.62738],"pipPosition":[-13.2194,305.337,-44.1845],"stabilizedTipPosition":[-14.2313,212.761,57.3843],"timeVisible":20.8065,"tipPosition":[-36.6478,270.932,-50.9584],"tipVelocity":[-117.14,92.0441,-205.825],"tool":false,"touchDistance":-0.881192,"touchZone":"hovering","type":2,"width":18.7732},{"bases":[[[0.770202,-0.635275,-0.0567001],[0.603025,0.69637,0.38914],[-0.207727,-0.333908,0.919432]],[[0.780921,-0.614913,-0.109748],[0.486711,0.709152,-0.510114],[0.391504,0.344943,0.853076]],[[0.780921,-0.614913,-0.109748],[0.102512,0.299487,-0.948577],[0.616161,0.729513,0.296912]],[[0.780921,-0.614913,-0.109748],[-0.148286,-0.0118272,-0.988874],[0.606774,0.788506,-0.100419]]],"btipPosition":[-22.1893,260.589,-43.9375],"carpPosition":[10.3089,289.68,56.9161],"dipPosition":[-10.9861,275.148,-45.7916],"direction":[-0.616161,-0.729513,-0.296912],"extended":false,"handId":405,"id":4053,"length":63.6687,"mcpPosition":[23.1675,310.349,0.002103],"pipPosition":[5.88152,295.119,-37.6635],"stabilizedTipPosition":[5.98722,197.518,84.3471],"timeVisible":20.8065,"tipPosition":[-19.8375,263.749,-44.2938],"tipVelocity":[-119.571,72.4984,-197.833],"tool":false,"touchDistance":-0.861729,"touchZone":"hovering","type":3,"width":17.8639},{"bases":[[[0.630687,-0.775921,-0.0134174],[0.694741,0.55683,0.455275],[-0.345786,-0.296458,0.89025]],[[0.533582,-0.823456,0.192902],[0.781713,0.393122,-0.484128],[0.322824,0.409116,0.853469]],[[0.533582,-0.823456,0.192902],[0.356657,0.0122725,-0.934155],[0.766867,0.567248,0.30024]],[[0.533582,-0.823456,0.192902],[0.0280005,-0.210759,-0.977137],[0.845285,0.526784,-0.0894001]]],"btipPosition":[-3.11507,260.74,-31.0785],"carpPosition":[17.5714,277.985,54.0364],"dipPosition":[11.2831,269.713,-32.6013],"direction":[-0.766867,-0.567248,-0.30024],"extended":false,"handId":405,"id":4054,"length":49.9151,"mcpPosition":[37.3854,294.972,3.02383],"pipPosition":[26.1052,280.677,-26.7983],"stabilizedTipPosition":[24.7792,190.851,117.947],"timeVisible":20.8065,"tipPosition":[-0.351299,262.537,-30.8797],"tipVelocity":[-111.798,76.2676,-227.404],"tool":false,"touchDistance":-0.864796,"touchZone":"hovering","type":4,"width":15.8681}],"r":[[0.88974,-0.454285,-0.0445923],[0.45633,0.887616,0.0624463],[0.0112124,-0.0759098,0.997052]],"s":0.953219,"t":[54.0262,50.1144,-226.062],"timestamp":88679912047},false],[5,{"currentFrameRate":55.3132,"devices":[],"gestures":[],"hands":[{"armBasis":[[0.880586,-0.200561,-0.429352],[0.412207,0.771147,0.485198],[0.233782,-0.604241,0.761734]],"armWidth":62.9686,"confidence":0.61113,"direction":[0.155475,0.507599,-0.84745],"elbow":[63.2142,118.38,262.262],"grabStrength":0,"id":405,"palmNormal":[-0.405712,-0.749378,-0.523289],"palmPosition":[0.617429,306.692,12.2361],"palmVelocity":[-59.0786,62.5191,-194.197],"palmWidth":89.917,"pinchStrength":1,"r":[[0.887708,-0.457426,-0.0523041],[0.460048,0.885755,0.0615965],[0.0181528,-0.0787421,0.99673]],"s":0.956826,"sphereCenter":[-35.3277,290.716,-24.3298],"sphereRadius":48.8513,"stabilizedPalmPosition":[19.2027,242.141,147.078],"t":[52.9649,51.2236,-229.511],"timeVisible":20.8244,"type":"right","wrist":[0.837489,279.602,59.019]}],"id":1411503,"interactionBox":{"center":[0,200,0],"size":[235.247,235.247,147.751]},"pointables":[{"bases":[[[0.755649,0.598222,0.266693],[-0.604099,0.479216,0.636724],[0.253099,-0.642249,0.723504]],[[0.597595,0.800995,-0.0358761],[-0.784471,0.593347,0.180404],[0.16579,-0.0796649,0.982938]],[[0.597595,0.800995,-0.0358761],[-0.797294,0.588907,-0.132328],[-0.0848664,0.107682,0.990557]],[[0.597595,0.800995,-0.0358761],[-0.776085,0.56661,-0.276849],[-0.201427,0.193286,0.960244]]],"btipPosition":[-30.0524,277.697,-45.2515],"carpPosition":[-29.3922,281.865,58.8193],"dipPosition":[-34.7109,282.167,-23.0433],"direction":[0.0848664,-0.107682,-0.990557],"extended":false,"handId":405,"id":4050,"length":51.5018,"mcpPosition":[-29.3922,281.865,58.8193],"pipPosition":[-37.5704,285.795,10.332],"stabilizedTipPosition":[-18.0331,219.772,86.5321],"timeVisible":20.8244,"tipPosition":[-32.5172,279.54,-40.0485],"tipVelocity":[-61.0206,67.2779,-180.647],"tool":false,"touchDistance":-0.840991,"touchZone":"hovering","type":0,"width":20.0112},{"bases":[[[0.913999,-0.333916,-0.230448],[0.401526,0.825905,0.3958],[0.0581643,-0.454292,0.888952]],[[0.90989,-0.310524,-0.275092],[0.338629,0.938999,0.0601015],[0.239648,-0.14784,0.959537]],[[0.90989,-0.310524,-0.275092],[0.307549,0.949939,-0.0550454],[0.278414,-0.0345191,0.959841]],[[0.90989,-0.310524,-0.275092],[0.282882,0.949452,-0.136083],[0.303444,0.0460022,0.951738]]],"btipPosition":[-38.9065,337.676,-85.1052],"carpPosition":[-12.73,298.324,59.2567],"dipPosition":[-33.7831,338.453,-69.0359],"direction":[-0.278414,0.0345191,-0.959841],"extended":true,"handId":405,"id":4051,"length":58.114,"mcpPosition":[-16.9587,331.352,-5.37187],"pipPosition":[-27.1331,337.629,-46.1098],"stabilizedTipPosition":[-24.2887,293.808,-8.45244],"timeVisible":20.8244,"tipPosition":[-38.0758,336.206,-81.2885],"tipVelocity":[-98.1121,114.553,-169.371],"tool":false,"touchDistance":-0.886266,"touchZone":"hovering","type":1,"width":19.1147},{"bases":[[[0.831522,-0.528094,-0.172304],[0.551447,0.747388,0.370563],[-0.0669141,-0.403148,0.912685]],[[0.828998,-0.540545,-0.143436],[0.40708,0.759106,-0.50798],[0.383469,0.362724,0.849343]],[[0.828998,-0.540545,-0.143436],[0.0504794,0.327755,-0.943413],[0.556969,0.774847,0.298995]],[[0.828998,-0.540545,-0.143436],[-0.173648,-0.00499272,-0.984795],[0.53161,0.8413,-0.0980034]]],"btipPosition":[-40.262,269.079,-53.3322],"carpPosition":[-1.08644,295.958,56.6311],"dipPosition":[-30.3898,284.702,-55.1521],"direction":[-0.556969,-0.774847,-0.298995],"extended":false,"handId":405,"id":4052,"length":66.2163,"mcpPosition":[3.52697,323.754,-6.29419],"pipPosition":[-14.7384,306.476,-46.7501],"stabilizedTipPosition":[-14.73,214.018,55.0518],"timeVisible":20.8244,"tipPosition":[-38.2457,272.143,-53.3592],"tipVelocity":[-104.475,79.1877,-169.44],"tool":false,"touchDistance":-0.856047,"touchZone":"hovering","type":2,"width":18.7732},{"bases":[[[0.768659,-0.636493,-0.0635578],[0.607033,0.694516,0.386211],[-0.201679,-0.335446,0.920218]],[[0.778632,-0.616979,-0.114324],[0.477,0.700369,-0.530993],[0.407681,0.358916,0.839628]],[[0.778632,-0.616979,-0.114324],[0.0809302,0.279418,-0.956753],[0.62224,0.735706,0.267496]],[[0.778632,-0.616979,-0.114324],[-0.169869,-0.0318678,-0.984951],[0.604051,0.786334,-0.129619]]],"btipPosition":[-24.1993,260.829,-44.8248],"carpPosition":[9.50376,290.571,54.1394],"dipPosition":[-13.0463,275.348,-47.218],"direction":[-0.62224,-0.735706,-0.267496],"extended":false,"handId":405,"id":4053,"length":63.6687,"mcpPosition":[21.9879,311.335,-2.82334],"pipPosition":[3.98773,295.488,-39.8952],"stabilizedTipPosition":[5.38007,198.983,81.4957],"timeVisible":20.8244,"tipPosition":[-21.6499,264.357,-45.8385],"tipVelocity":[-116.349,44.326,-131.018],"tool":false,"touchDistance":-0.819059,"touchZone":"hovering","type":3,"width":17.8639},{"bases":[[[0.629215,-0.776985,-0.0195591],[0.698979,0.554681,0.451396],[-0.339879,-0.297696,0.89211]],[[0.534889,-0.824457,0.184836],[0.774573,0.391085,-0.49708],[0.337535,0.409052,0.84779]],[[0.534889,-0.824457,0.184836],[0.339278,0.00923307,-0.940641],[0.773811,0.565849,0.284659]],[[0.534889,-0.824457,0.184836],[0.00955669,-0.212843,-0.97704],[0.844868,0.524374,-0.105968]]],"btipPosition":[-4.9413,261.765,-33.2564],"carpPosition":[16.7248,278.869,51.1833],"dipPosition":[9.44979,270.697,-35.0614],"direction":[-0.773811,-0.565849,-0.284659],"extended":false,"handId":405,"id":4054,"length":49.9151,"mcpPosition":[36.2003,295.927,0.0641842],"pipPosition":[24.4061,281.634,-29.5595],"stabilizedTipPosition":[24.5194,191.568,116.455],"timeVisible":20.8244,"tipPosition":[-1.98025,263.612,-33.3643],"tipVelocity":[-107.146,67.0147,-179.067],"tool":false,"touchDistance":-0.840291,"touchZone":"hovering","type":4,"width":15.8681}],"r":[[0.887708,-0.457426,-0.0523041],[0.460048,0.885755,0.0615965],[0.0181528,-0.0787421,0.99673]],"s":0.956826,"t":[52.9649,51.2236,-229.511],"timestamp":88679929976},false],[6,{"currentFrameRate":55.3539,"devices":[],"gestures":[],"hands":[{"armBasis":[[0.875917,-0.21589,-0.431464],[0.425086,0.768318,0.478528],[0.228193,-0.60256,0.764755]],"armWidth":62.9686,"confidence":0.615581,"direction":[0.148312,0.511595,-0.84633],"elbow":[60.8363,120.268,258.973],"grabStrength":0,"id":405,"palmNormal":[-0.418051,-0.743137,-0.522476],"palmPosition":[-0.67065,308.417,8.31207],"palmVelocity":[-65.1157,78.449,-205.873],"palmWidth":89.917,"pinchStrength":1,"r":[[0.885192,-0.461166,-0.0613201],[0.464489,0.883492,0.0607609],[0.026155,-0.0822676,0.996267]],"s":0.959827,"sphereCenter":[-38.0265,293.919,-27.6271],"sphereRadius":49.0824,"stabilizedPalmPosition":[19.1371,242.36,146.62],"t":[51.7902,52.6408,-233.198],"timeVisible":20.8424,"type":"right","wrist":[-0.0491567,281.041,54.9246]}],"id":1411504,"interactionBox":{"center":[0,200,0],"size":[235.247,235.247,147.751]},"pointables":[{"bases":[[[0.763499,0.590957,0.260459],[-0.592207,0.47979,0.647373],[0.257604,-0.648514,0.716289]],[[0.605207,0.795264,-0.035763],[-0.777964,0.600373,0.185268],[0.168808,-0.0843029,0.982037]],[[0.605207,0.795264,-0.035763],[-0.791916,0.596861,-0.128941],[-0.0811967,0.106357,0.991007]],[[0.605207,0.795264,-0.035763],[-0.771379,0.574744,-0.27321],[-0.19672,0.192935,0.961289]]],"btipPosition":[-31.3027,279.643,-48.9351],"carpPosition":[-30.261,283.53,55.1306],"dipPosition":[-35.8523,284.105,-26.7028],"direction":[0.0811967,-0.106357,-0.991007],"extended":false,"handId":405,"id":4050,"length":51.5018,"mcpPosition":[-30.261,283.53,55.1306],"pipPosition":[-38.5881,287.689,6.6877],"stabilizedTipPosition":[-18.0982,220.049,85.9392],"timeVisible":20.8424,"tipPosition":[-33.8581,281.494,-43.7092],"tipVelocity":[-64.4839,86.736,-192.242],"tool":false,"touchDistance":-0.840397,"touchZone":"hovering","type":0,"width":20.0112},{"bases":[[[0.908414,-0.339278,-0.244285],[0.412792,0.82047,0.395514],[0.0662397,-0.460129,0.885377]],[[0.903824,-0.315247,-0.289346],[0.347981,0.935013,0.0682694],[0.24902,-0.16239,0.954787]],[[0.903824,-0.315247,-0.289346],[0.315812,0.947704,-0.0460427],[0.288729,-0.0497644,0.956117]],[[0.903824,-0.315247,-0.289346],[0.290245,0.948516,-0.126792],[0.31442,0.0306167,0.94879]]],"btipPosition":[-41.0648,340.88,-88.3109],"carpPosition":[-13.4716,299.862,55.4507],"dipPosition":[-35.7561,341.397,-72.2914],"direction":[-0.288729,0.0497644,-0.956117],"extended":true,"handId":405,"id":4051,"length":58.114,"mcpPosition":[-18.2874,333.314,-8.918],"pipPosition":[-28.8597,340.208,-49.4542],"stabilizedTipPosition":[-25.2506,296.726,-13.1628],"timeVisible":20.8424,"tipPosition":[-40.2122,339.338,-84.523],"tipVelocity":[-107.521,143.29,-174.146],"tool":false,"touchDistance":-0.87423,"touchZone":"hovering","type":1,"width":19.1147},{"bases":[[[0.825241,-0.533189,-0.186244],[0.561781,0.740998,0.367863],[-0.0581342,-0.408204,0.911038]],[[0.823026,-0.545662,-0.157737],[0.405045,0.758504,-0.5105],[0.398205,0.356264,0.845286]],[[0.823026,-0.545662,-0.157737],[0.0361354,0.327442,-0.94418],[0.566853,0.771385,0.289211]],[[0.823026,-0.545662,-0.157737],[-0.192096,-0.00605377,-0.981358],[0.534535,0.837983,-0.109802]]],"btipPosition":[-42.696,271.361,-56.5023],"carpPosition":[-1.88104,297.426,52.6602],"dipPosition":[-32.7694,286.923,-58.5414],"direction":[-0.566853,-0.771385,-0.289211],"extended":false,"handId":405,"id":4052,"length":66.2163,"mcpPosition":[2.12704,325.569,-10.1516],"pipPosition":[-16.8403,308.6,-50.4142],"stabilizedTipPosition":[-15.4612,215.753,51.8625],"timeVisible":20.8424,"tipPosition":[-40.6276,274.52,-56.7638],"tipVelocity":[-118.935,101.557,-174.27],"tool":false,"touchDistance":-0.847083,"touchZone":"hovering","type":2,"width":18.7732},{"bases":[[[0.762978,-0.641781,-0.0773449],[0.617166,0.68762,0.382471],[-0.192279,-0.339552,0.920724]],[[0.772373,-0.622198,-0.127713],[0.47337,0.697933,-0.537411],[0.423511,0.354626,0.833594]],[[0.772373,-0.622198,-0.127713],[0.0663832,0.279042,-0.957982],[0.631691,0.731441,0.256828]],[[0.772373,-0.622198,-0.127713],[-0.18701,-0.0306053,-0.981881],[0.607015,0.782262,-0.139996]]],"btipPosition":[-26.6619,262.869,-48.2465],"carpPosition":[8.63536,291.975,49.9989],"dipPosition":[-15.4542,277.312,-50.8313],"direction":[-0.631691,-0.731441,-0.256828],"extended":false,"handId":405,"id":4053,"length":63.6687,"mcpPosition":[20.5377,312.993,-6.99513],"pipPosition":[1.83853,297.336,-43.8006],"stabilizedTipPosition":[4.51613,200.953,77.674],"timeVisible":20.8424,"tipPosition":[-24.0637,266.44,-49.3921],"tipVelocity":[-125.954,76.6799,-160.461],"tool":false,"touchDistance":-0.817473,"touchZone":"hovering","type":3,"width":17.8639},{"bases":[[[0.623064,-0.7815,-0.0323863],[0.708896,0.546711,0.445616],[-0.330544,-0.300606,0.894638]],[[0.534156,-0.828729,0.166993],[0.758685,0.382789,-0.527134],[0.372928,0.408266,0.833213]],[[0.534156,-0.828729,0.166993],[0.300272,0.00133406,-0.953853],[0.790262,0.559649,0.249556]],[[0.534156,-0.828729,0.166993],[-0.0303573,-0.21621,-0.975875],[0.844841,0.5162,-0.140648]]],"btipPosition":[-8.02563,263.588,-35.9269],"carpPosition":[15.7296,280.238,46.8792],"dipPosition":[6.365,272.381,-38.3226],"direction":[-0.790262,-0.559649,-0.249556],"extended":false,"handId":405,"id":4054,"length":49.9151,"mcpPosition":[34.6702,297.463,-4.38481],"pipPosition":[21.6393,283.198,-33.4991],"stabilizedTipPosition":[24.0113,192.855,113.797],"timeVisible":20.8424,"tipPosition":[-4.66243,265.525,-36.6598],"tipVelo