{"sensorType":"Leap","data":[[0,{"currentFrameRate":55.2581,"devices":[],"gestures":[],"hands":[{"armBasis":[[0.838417,-0.33004,-0.43374],[0.493184,0.798161,0.345989],[0.232004,-0.503997,0.831962]],"armWidth":62.9686,"confidence":0.796464,"direction":[0.186153,0.554597,-0.811029],"elbow":[62.2212,97.4904,297.14],"grabStrength":0.179285,"id":405,"palmNormal":[-0.46103,-0.679636,-0.570567],"palmPosition":[1.74854,262.275,30.4173],"palmVelocity":[-46.1208,254.889,-157.969],"palmWidth":89.917,"pinchStrength":1,"r":[[0.865912,-0.499568,-0.0250477],[0.4987,0.858368,0.120427],[-0.0386615,-0.116771,0.992406]],"s":0.611238,"sphereCenter":[-22.8074,240.38,-9.66486],"sphereRadius":44.8234,"stabilizedPalmPosition":[2.38801,259.022,32.3957],"t":[53.8889,3.31127,-211.941],"timeVisible":12.5452,"type":"right","wrist":[0.318806,231.965,75.1591]}],"id":1411048,"interactionBox":{"center":[0,200,0],"size":[235.247,235.247,147.751]},"pointables":[{"bases":[[[0.797818,0.522905,0.300094],[-0.564741,0.473902,0.675637],[0.211079,-0.708511,0.673393]],[[0.643806,0.765187,0.00142055],[-0.745124,0.626501,0.228662],[0.174079,-0.148273,0.973505]],[[0.643806,0.765187,0.00142055],[-0.764888,0.643499,0.0292504],[0.0214679,-0.0199182,0.999571]],[[0.643806,0.765187,0.00142055],[-0.64606,0.544569,-0.534837],[-0.410024,0.343414,0.844954]]],"btipPosition":[-29.5017,236.405,-25.7916],"carpPosition":[-29.6741,236.362,75.4512],"dipPosition":[-38.9846,244.347,-6.24979],"direction":[-0.021468,0.0199182,-0.999571],"extended":false,"handId":405,"id":4050,"length":51.5018,"mcpPosition":[-29.6741,236.362,75.4512],"pipPosition":[-38.2613,243.676,27.4293],"stabilizedTipPosition":[-31.3368,235.702,-19.7884],"timeVisible":12.5452,"tipPosition":[-32.9678,238.569,-21.243],"tipVelocity":[-32.8404,266.505,-161.982],"tool":false,"touchDistance":-0.521657,"touchZone":"hovering","type":0,"width":20.0112},{"bases":[[[0.886578,-0.380188,-0.26351],[0.461541,0.765176,0.448871],[0.0309763,-0.519579,0.85386]],[[0.887079,-0.393268,-0.241727],[0.399253,0.916476,-0.0258639],[0.231708,-0.0735669,0.97]],[[0.887079,-0.393268,-0.241727],[0.371332,0.919006,-0.132444],[0.274234,0.0277275,0.961263]],[[0.887079,-0.393268,-0.241727],[0.350072,0.914451,-0.203051],[0.300901,0.0955002,0.948862]]],"btipPosition":[-35.602,290.155,-65.3697],"carpPosition":[-11.882,251.532,76.8706],"dipPosition":[-30.5216,291.767,-49.349],"direction":[-0.274234,-0.0277275,-0.961263],"extended":true,"handId":405,"id":4051,"length":58.114,"mcpPosition":[-14.1341,289.306,14.7932],"pipPosition":[-23.9714,292.43,-26.3889],"stabilizedTipPosition":[-34.1078,289.236,-61.0932],"timeVisible":12.5452,"tipPosition":[-34.9281,289.07,-61.4488],"tipVelocity":[-61.1085,292.559,-143.051],"tool":false,"touchDistance":-0.681155,"touchZone":"touching","type":1,"width":19.1147},{"bases":[[[0.790853,-0.571725,-0.218362],[0.605351,0.678292,0.416497],[-0.0900083,-0.461573,0.882524]],[[0.781685,-0.605262,-0.150421],[0.50748,0.757476,-0.410724],[0.362536,0.244721,0.899266]],[[0.781685,-0.605262,-0.150421],[0.06395,0.3177,-0.946032],[0.620386,0.72988,0.287048]],[[0.781685,-0.605262,-0.150421],[-0.234367,-0.0615655,-0.970197],[0.577963,0.793642,-0.189978]]],"btipPosition":[-39.6809,233.463,-34.2613],"carpPosition":[-0.451758,248.545,73.9567],"dipPosition":[-28.9479,248.202,-37.7893],"direction":[-0.620386,-0.72988,-0.287048],"extended":false,"handId":405,"id":4052,"length":66.2163,"mcpPosition":[5.75389,280.368,13.1109],"pipPosition":[-11.5144,268.712,-29.723],"stabilizedTipPosition":[-36.8044,234.67,-33.7907],"timeVisible":12.5452,"tipPosition":[-37.5368,236.399,-34.6748],"tipVelocity":[-47.4691,273.796,-163.689],"tool":false,"touchDistance":-0.735622,"touchZone":"touching","type":2,"width":18.7732},{"bases":[[[0.721088,-0.682913,-0.116883],[0.65713,0.620652,0.427752],[-0.219574,-0.385254,0.896307]],[[0.724467,-0.676741,-0.13103],[0.578038,0.700002,-0.419369],[0.375525,0.228078,0.89831]],[[0.724467,-0.676741,-0.13103],[0.10466,0.295878,-0.949475],[0.681317,0.67415,0.285182]],[[0.724467,-0.676741,-0.13103],[-0.222165,-0.0492936,-0.973762],[0.652526,0.734569,-0.18606]]],"btipPosition":[-23.974,224.376,-28.5432],"carpPosition":[9.71382,242.616,70.9739],"dipPosition":[-11.926,237.939,-31.9785],"direction":[-0.681317,-0.67415,-0.285182],"extended":false,"handId":405,"id":4053,"length":63.6687,"mcpPosition":[23.3057,266.464,15.4913],"pipPosition":[6.72526,256.394,-24.1716],"stabilizedTipPosition":[-20.7669,224.595,-27.5829],"timeVisible":12.5452,"tipPosition":[-21.6559,226.828,-28.5818],"tipVelocity":[-41.9145,278.666,-170.694],"tool":false,"touchDistance":-0.762678,"touchZone":"touching","type":3,"width":17.8639},{"bases":[[[0.572273,-0.816011,-0.0814193],[0.739288,0.470388,0.48186],[-0.354905,-0.335948,0.872457]],[[0.476492,-0.871052,0.119261],[0.805533,0.378196,-0.456163],[0.352238,0.313427,0.881868]],[[0.476492,-0.871052,0.119261],[0.277737,0.0204316,-0.96044],[0.834156,0.490765,0.251659]],[[0.476492,-0.871052,0.119261],[-0.117666,-0.197612,-0.973193],[0.871269,0.449686,-0.196654]]],"btipPosition":[-6.8676,221.829,-15.2042],"carpPosition":[16.0673,230.676,67.1177],"dipPosition":[7.97319,229.489,-18.5539],"direction":[-0.834156,-0.490765,-0.251659],"extended":false,"handId":405,"id":4054,"length":49.9151,"mcpPosition":[36.4039,249.926,17.1247],"pipPosition":[24.0959,238.974,-13.6898],"stabilizedTipPosition":[-2.83436,219.801,-13.6614],"timeVisible":12.5452,"tipPosition":[-4.06693,223.322,-15.3108],"tipVelocity":[-43.802,273.325,-169.601],"tool":false,"touchDistance":-0.65152,"touchZone":"hovering","type":4,"width":15.8681}],"r":[[0.865912,-0.499568,-0.0250477],[0.4987,0.858368,0.120427],[-0.0386615,-0.116771,0.992406]],"s":0.611238,"t":[53.8889,3.31127,-211.941],"timestamp":88671650709},false],[1,{"currentFrameRate":55.3419,"devices":[],"gestures":[],"hands":[{"armBasis":[[0.829147,-0.340148,-0.443638],[0.506806,0.792291,0.339738],[0.235929,-0.506531,0.829315]],"armWidth":62.9686,"confidence":0.669857,"direction":[0.182475,0.554807,-0.811722],"elbow":[62.5222,100.599,293.901],"grabStrength":0.173816,"id":405,"palmNormal":[-0.475937,-0.672569,-0.566688],"palmPosition":[0.797344,266.174,27.9559],"palmVelocity":[-49.5854,238.169,-148.795],"palmWidth":89.917,"pinchStrength":1,"r":[[0.863774,-0.502763,-0.033522],[0.502766,0.855538,0.123618],[-0.033471,-0.123631,0.991764]],"s":0.611934,"sphereCenter":[-24.7577,244.917,-11.8044],"sphereRadius":44.8125,"stabilizedPalmPosition":[1.44233,263.274,29.7562],"t":[52.9863,7.56291,-214.591],"timeVisible":12.563,"type":"right","wrist":[-0.427479,235.75,72.6266]}],"id":1411049,"interactionBox":{"center":[0,200,0],"size":[235.247,235.247,147.751]},"pointables":[{"bases":[[[0.807497,0.512757,0.291598],[-0.550765,0.478396,0.683955],[0.211203,-0.712894,0.668712]],[[0.65389,0.756585,-0.00264246],[-0.734548,0.635673,0.237399],[0.181292,-0.153292,0.971409]],[[0.65389,0.756585,-0.00264246],[-0.755967,0.65349,0.0382827],[0.0306909,-0.0230351,0.999263]],[[0.65389,0.756585,-0.00264246],[-0.641479,0.552549,-0.53216],[-0.401164,0.349669,0.84664]]],"btipPosition":[-31.0606,240.743,-27.8631],"carpPosition":[-30.3615,240.492,73.3049],"dipPosition":[-40.3385,248.83,-8.28238],"direction":[-0.0306909,0.0230351,-0.999263],"extended":false,"handId":405,"id":4050,"length":51.5018,"mcpPosition":[-30.3615,240.492,73.3049],"pipPosition":[-39.3044,248.054,25.3863],"stabilizedTipPosition":[-32.5622,240.255,-22.1442],"timeVisible":12.563,"tipPosition":[-34.4959,242.95,-23.3083],"tipVelocity":[-57.346,256.823,-140.391],"tool":false,"touchDistance":-0.528764,"touchZone":"hovering","type":0,"width":20.0112},{"bases":[[[0.878765,-0.389629,-0.275609],[0.475927,0.758458,0.445236],[0.0355611,-0.522428,0.851941]],[[0.879384,-0.402746,-0.253927],[0.410268,0.91162,-0.0250765],[0.241584,-0.0821262,0.966898]],[[0.879384,-0.402746,-0.253927],[0.380858,0.915099,-0.132445],[0.28571,0.0197599,0.958113]],[[0.879384,-0.402746,-0.253927],[0.358451,0.911066,-0.203648],[0.313362,0.0880646,0.945542]]],"btipPosition":[-37.3355,294.961,-67.2927],"carpPosition":[-12.3784,255.452,74.5451],"dipPosition":[-32.0447,296.448,-51.328],"direction":[-0.28571,-0.0197599,-0.958113],"extended":true,"handId":405,"id":4051,"length":58.114,"mcpPosition":[-14.9638,293.433,12.6072],"pipPosition":[-25.2204,296.92,-28.4432],"stabilizedTipPosition":[-35.7153,294.086,-63.1138],"timeVisible":12.563,"tipPosition":[-36.6232,293.875,-63.3919],"tipVelocity":[-76.9184,281.347,-127.004],"tool":false,"touchDistance":-0.670411,"touchZone":"touching","type":1,"width":19.1147},{"bases":[[[0.781395,-0.58018,-0.229812],[0.618307,0.670013,0.410828],[-0.0843771,-0.463113,0.882274]],[[0.772708,-0.613739,-0.162008],[0.509869,0.752144,-0.417508],[0.378094,0.240009,0.894114]],[[0.772708,-0.613739,-0.162008],[0.0525719,0.316227,-0.947226],[0.632581,0.723412,0.276616]],[[0.772708,-0.613739,-0.162008],[-0.250431,-0.0602353,-0.966259],[0.583272,0.787208,-0.200244]]],"btipPosition":[-41.8204,237.892,-35.9911],"carpPosition":[-1.02062,252.342,71.4806],"dipPosition":[-30.9888,252.51,-39.7097],"direction":[-0.632581,-0.723412,-0.276616],"extended":false,"handId":405,"id":4052,"length":66.2163,"mcpPosition":[4.79678,284.271,10.652],"pipPosition":[-13.2126,272.839,-31.9365],"stabilizedTipPosition":[-38.5664,239.265,-35.9232],"timeVisible":12.563,"tipPosition":[-39.6032,240.894,-36.5766],"tipVelocity":[-81.0875,261.452,-133.663],"tool":false,"touchDistance":-0.716997,"touchZone":"touching","type":2,"width":18.7732},{"bases":[[[0.711612,-0.690854,-0.127785],[0.669549,0.611745,0.421274],[-0.212867,-0.385342,0.897886]],[[0.714956,-0.684543,-0.142263],[0.580936,0.694844,-0.423916],[0.38904,0.220436,0.894459]],[[0.714956,-0.684543,-0.142263],[0.0960295,0.297689,-0.949821],[0.692544,0.665419,0.278571]],[[0.714956,-0.684543,-0.142263],[-0.235365,-0.0440457,-0.970909],[0.658363,0.72764,-0.192608]]],"btipPosition":[-26.0771,228.774,-30.7882],"carpPosition":[9.03766,246.304,68.3545],"dipPosition":[-13.9213,242.209,-34.3445],"direction":[-0.692544,-0.665419,-0.278571],"extended":false,"handId":405,"id":4053,"length":63.6687,"mcpPosition":[22.2144,270.157,12.7742],"pipPosition":[5.03728,260.425,-26.7185],"stabilizedTipPosition":[-22.3844,229.271,-30.1711],"timeVisible":12.563,"tipPosition":[-23.7262,231.208,-30.8699],"tipVelocity":[-77.1243,263.185,-150.566],"tool":false,"touchDistance":-0.748837,"touchZone":"touching","type":3,"width":17.8639},{"bases":[[[0.561716,-0.822328,-0.0908438],[0.750625,0.460382,0.473931],[-0.347904,-0.334404,0.875864]],[[0.469046,-0.87648,0.108533],[0.80292,0.372007,-0.465757],[0.367852,0.305605,0.878231]],[[0.469046,-0.87648,0.108533],[0.262466,0.0209987,-0.964713],[0.843272,0.480981,0.239895]],[[0.469046,-0.87648,0.108533],[-0.136374,-0.193294,-0.971617],[0.872581,0.440932,-0.210193]]],"btipPosition":[-8.87635,225.979,-17.5461],"carpPosition":[15.2039,234.303,64.3859],"dipPosition":[5.98679,233.49,-21.1264],"direction":[-0.843272,-0.480981,-0.239895],"extended":false,"handId":405,"id":4054,"length":49.9151,"mcpPosition":[35.1392,253.465,14.1977],"pipPosition":[22.2857,242.786,-16.4897],"stabilizedTipPosition":[-4.38328,224.468,-16.4411],"timeVisible":12.563,"tipPosition":[-6.02312,227.448,-17.7722],"tipVelocity":[-76.153,253.675,-153.211],"tool":false,"touchDistance":-0.650626,"touchZone":"hovering","type":4,"width":15.8681}],"r":[[0.863774,-0.502763,-0.033522],[0.502766,0.855538,0.123618],[-0.033471,-0.123631,0.991764]],"s":0.611934,"t":[52.9863,7.56291,-214.591],"timestamp":88671668489},false],[2,{"currentFrameRate":55.346,"devices":[],"gestures":[],"hands":[{"armBasis":[[0.823823,-0.343192,-0.451148],[0.51157,0.792947,0.330956],[0.244155,-0.503443,0.828815]],"armWidth":62.9686,"confidence":0.686436,"direction":[0.178764,0.562591,-0.807177],"elbow":[63.8771,104.44,290.935],"grabStrength":0.169133,"id":405,"palmNormal":[-0.481156,-0.665612,-0.570483],"palmPosition":[-0.246757,269.64,25.4275],"palmVelocity":[-53.5008,216.245,-144.642],"palmWidth":89.917,"pinchStrength":1,"r":[[0.861719,-0.50561,-0.0424178],[0.506604,0.852738,0.127238],[-0.0281618,-0.131133,0.990965]],"s":0.613387,"sphereCenter":[-26.2369,249.093,-14.2703],"sphereRadius":44.7053,"stabilizedPalmPosition":[0.427258,267.1,27.1548],"t":[52.0129,11.4218,-217.18],"timeVisible":12.581,"type":"right","wrist":[-1.26727,238.766,69.7937]}],"id":1411050,"interactionBox":{"center":[0,200,0],"size":[235.247,235.247,147.751]},"pointables":[{"bases":[[[0.810585,0.507802,0.291702],[-0.545272,0.47275,0.692233],[0.213615,-0.72017,0.660094]],[[0.65685,0.754017,0.00245667],[-0.731038,0.636027,0.247088],[0.184746,-0.164096,0.96899]],[[0.65685,0.754017,0.00245667],[-0.753156,0.655937,0.0500339],[0.036115,-0.034715,0.998744]],[[0.65685,0.754017,0.00245667],[-0.640633,0.55979,-0.52557],[-0.397664,0.343647,0.850747]]],"btipPosition":[-32.3177,244.891,-30.4177],"carpPosition":[-31.1845,243.574,70.7085],"dipPosition":[-41.5147,252.839,-10.7419],"direction":[-0.036115,0.034715,-0.998744],"extended":false,"handId":405,"id":4050,"length":51.5018,"mcpPosition":[-31.1845,243.574,70.7085],"pipPosition":[-40.2979,251.669,22.9093],"stabilizedTipPosition":[-33.827,244.625,-24.6782],"timeVisible":12.581,"tipPosition":[-35.7153,247.029,-25.8388],"tipVelocity":[-62.6892,243.122,-140.34],"tool":false,"touchDistance":-0.542211,"touchZone":"hovering","type":0,"width":20.0112},{"bases":[[[0.876046,-0.388938,-0.285079],[0.480598,0.752731,0.449912],[0.0396003,-0.531153,0.84635]],[[0.876767,-0.40222,-0.263628],[0.413022,0.910586,-0.0156745],[0.24636,-0.0951411,0.964497]],[[0.876767,-0.40222,-0.263628],[0.382711,0.91551,-0.123991],[0.291225,0.00781754,0.956623]],[[0.876767,-0.40222,-0.263628],[0.359603,0.9123,-0.195947],[0.319321,0.0769986,0.944513]]],"btipPosition":[-38.8427,299.645,-69.289],"carpPosition":[-13.1568,258.477,71.9874],"dipPosition":[-33.4513,300.945,-53.3417],"direction":[-0.291225,-0.00781754,-0.956623],"extended":true,"handId":405,"id":4051,"length":58.114,"mcpPosition":[-16.0358,297.092,10.456],"pipPosition":[-26.4952,301.132,-30.4924],"stabilizedTipPosition":[-37.2594,298.879,-65.1651],"timeVisible":12.581,"tipPosition":[-38.1015,298.543,-65.4131],"tipVelocity":[-79.4264,269.813,-119.309],"tool":false,"touchDistance":-0.661708,"touchZone":"touching","type":1,"width":19.1147},{"bases":[[[0.77849,-0.579708,-0.240608],[0.622538,0.664296,0.413711],[-0.0799972,-0.471858,0.878038]],[[0.770175,-0.613842,-0.173287],[0.508342,0.754824,-0.414523],[0.385252,0.231166,0.893388]],[[0.770175,-0.613842,-0.173287],[0.0445024,0.322733,-0.945443],[0.636278,0.720445,0.275878]],[[0.770175,-0.613842,-0.173287],[-0.259956,-0.0539951,-0.96411],[0.582455,0.78758,-0.201158]]],"btipPosition":[-43.3577,242.021,-38.2873],"carpPosition":[-1.82624,255.37,68.82],"dipPosition":[-32.5412,256.646,-42.0229],"direction":[-0.636278,-0.720445,-0.275878],"extended":false,"handId":405,"id":4052,"length":66.2163,"mcpPosition":[3.68919,287.903,8.28343],"pipPosition":[-14.6611,276.892,-34.2704],"stabilizedTipPosition":[-40.2258,243.673,-38.2452],"timeVisible":12.581,"tipPosition":[-41.1103,245.086,-38.9827],"tipVelocity":[-83.1074,245.952,-130.692],"tool":false,"touchDistance":-0.708133,"touchZone":"touching","type":2,"width":18.7732},{"bases":[[[0.709073,-0.691244,-0.139273],[0.6737,0.6058,0.423243],[-0.208193,-0.393938,0.895248]],[[0.712565,-0.684334,-0.154721],[0.572072,0.694372,-0.436557],[0.406184,0.222563,0.886273]],[[0.712565,-0.684334,-0.154721],[0.0756355,0.294164,-0.952757],[0.697518,0.667199,0.261371]],[[0.712565,-0.684334,-0.154721],[-0.253998,-0.0460488,-0.966108],[0.654016,0.727713,-0.206632]]],"btipPosition":[-28.0199,232.198,-32.3187],"carpPosition":[8.19716,249.341,65.5696],"dipPosition":[-15.9443,245.634,-36.1339],"direction":[-0.697518,-0.667199,-0.261371],"extended":false,"handId":405,"id":4053,"length":63.6687,"mcpPosition":[21.0846,273.726,10.1525],"pipPosition":[3.15043,263.899,-28.9788],"stabilizedTipPosition":[-24.3292,233.365,-32.2295],"timeVisible":12.581,"tipPosition":[-25.4332,234.992,-32.9629],"tipVelocity":[-92.0831,228.293,-120.895],"tool":false,"touchDistance":-0.726137,"touchZone":"touching","type":3,"width":17.8639},{"bases":[[[0.559084,-0.822722,-0.102726],[0.754727,0.453713,0.473848],[-0.343237,-0.342451,0.874595]],[[0.468841,-0.878248,0.0941753],[0.799577,0.376688,-0.467742],[0.375319,0.294597,0.878833]],[[0.468841,-0.878248,0.0941753],[0.252232,0.0309402,-0.967172],[0.846503,0.477204,0.236029]],[[0.468841,-0.878248,0.0941753],[-0.148234,-0.183341,-0.971809],[0.870755,0.441664,-0.216144]]],"btipPosition":[-10.3314,229.948,-20.2637],"carpPosition":[14.3084,237.365,61.4405],"dipPosition":[4.5006,237.471,-23.9454],"direction":[-0.846503,-0.477204,-0.236029],"extended":false,"handId":405,"id":4054,"length":49.9151,"mcpPosition":[33.9764,256.988,11.325],"pipPosition":[20.8619,246.694,-19.3834],"stabilizedTipPosition":[-5.92544,228.851,-19.2797],"timeVisible":12.581,"tipPosition":[-7.43682,231.421,-20.5964],"tipVelocity":[-78.4506,237.678,-152.55],"tool":false,"touchDistance":-0.655011,"touchZone":"hovering","type":4,"width":15.8681}],"r":[[0.861719,-0.50561,-0.0424178],[0.506604,0.852738,0.127238],[-0.0281618,-0.131133,0.990965]],"s":0.613387,"t":[52.0129,11.4218,-217.18],"timestamp":88671686543},false],[3,{"currentFrameRate":55.3526,"devices":[],"gestures":[],"hands":[{"armBasis":[[0.832205,-0.333192,-0.443191],[0.499906,0.796643,0.339785],[0.239851,-0.504325,0.829535]],"armWidth":62.9686,"confidence":0.69587,"direction":[0.169465,0.578614,-0.797801],"elbow":[61.7091,107.89,287.22],"grabStrength":0.164337,"id":405,"palmNormal":[-0.471497,-0.663258,-0.581188],"palmPosition":[-1.77574,274.073,22.0411],"palmVelocity":[-68.3266,230.206,-165.068],"palmWidth":89.917,"pinchStrength":1,"r":[[0.861558,-0.505057,-0.0513388],[0.50712,0.851571,0.132875],[-0.0233909,-0.140515,0.989802]],"s":0.614989,"sphereCenter":[-27.5502,254.013,-17.881],"sphereRadius":44.569,"stabilizedPalmPosition":[-0.876293,271.226,24.129],"t":[50.7617,15.5676,-220.168],"timeVisible":12.5991,"type":"right","wrist":[-2.28694,242.452,65.8871]}],"id":1411051,"interactionBox":{"center":[0,200,0],"size":[235.247,235.247,147.751]},"pointables":[{"bases":[[[0.803035,0.515143,0.299603],[-0.551771,0.452802,0.700371],[0.22513,-0.727734,0.647857]],[[0.646569,0.762681,0.0162973],[-0.740055,0.621918,0.256002],[0.185112,-0.177584,0.966539]],[[0.646569,0.762681,0.0162973],[-0.762011,0.644702,0.0608118],[0.0358731,-0.0517378,0.998016]],[[0.646569,0.762681,0.0162973],[-0.645772,0.558582,-0.520542],[-0.406111,0.326042,0.853681]]],"btipPosition":[-33.2207,249.751,-34.1473],"carpPosition":[-32.273,246.788,66.9014],"dipPosition":[-42.6131,257.292,-14.4037],"direction":[-0.0358731,0.0517378,-0.998016],"extended":false,"handId":405,"id":4050,"length":51.5018,"mcpPosition":[-32.273,246.788,66.9014],"pipPosition":[-41.4044,255.549,19.223],"stabilizedTipPosition":[-34.8502,249.142,-27.9231],"timeVisible":12.5991,"tipPosition":[-36.672,251.756,-29.5585],"tipVelocity":[-57.8715,253.115,-171.425],"tool":false,"touchDistance":-0.572033,"touchZone":"hovering","type":0,"width":20.0112},{"bases":[[[0.881599,-0.370763,-0.292091],[0.469507,0.752355,0.462088],[0.0484307,-0.544515,0.837352]],[[0.88254,-0.38437,-0.270893],[0.399819,0.916592,0.00201595],[0.247523,-0.110087,0.962607]],[[0.88254,-0.38437,-0.270893],[0.369167,0.923163,-0.107168],[0.29127,-0.00542451,0.956625]],[[0.88254,-0.38437,-0.270893],[0.345849,0.920882,-0.179902],[0.318609,0.0650827,0.945649]]],"btipPosition":[-40.839,305.232,-72.1444],"carpPosition":[-14.4727,261.94,68.4168],"dipPosition":[-35.4596,306.331,-56.178],"direction":[-0.29127,0.00542451,-0.956625],"extended":true,"handId":405,"id":4051,"length":58.114,"mcpPosition":[-17.9937,301.527,7.53963],"pipPosition":[-28.5025,306.201,-33.3286],"stabilizedTipPosition":[-39.185,304.309,-67.8838],"timeVisible":12.5991,"tipPosition":[-40.075,304.097,-68.295],"tipVelocity":[-94.3126,287.494,-137.676],"tool":false,"touchDistance":-0.666635,"touchZone":"touching","type":1,"width":19.1147},{"bases":[[[0.786994,-0.56371,-0.250742],[0.612742,0.666705,0.424326],[-0.0720256,-0.487582,0.870101]],[[0.779285,-0.598998,-0.184164],[0.496235,0.769308,-0.402388],[0.382709,0.222186,0.896754]],[[0.779285,-0.598998,-0.184164],[0.0378722,0.338357,-0.940256],[0.625525,0.725752,0.286362]],[[0.779285,-0.598998,-0.184164],[-0.261023,-0.0430853,-0.964371],[0.569721,0.79959,-0.189928]]],"btipPosition":[-44.5203,246.85,-42.0328],"carpPosition":[-3.09907,259.059,65.1907],"dipPosition":[-33.9404,261.698,-45.5598],"direction":[-0.625525,-0.725752,-0.286362],"extended":false,"handId":405,"id":4052,"length":66.2163,"mcpPosition":[1.86675,292.676,5.20138],"pipPosition":[-16.3624,282.093,-37.5128],"stabilizedTipPosition":[-41.5373,248.318,-41.4859],"timeVisible":12.5991,"tipPosition":[-42.312,249.979,-42.7136],"tipVelocity":[-75.6778,257.589,-165.922],"tool":false,"touchDistance":-0.721115,"touchZone":"touching","type":2,"width":18.7732},{"bases":[[[0.719372,-0.677962,-0.151236],[0.664795,0.608844,0.432848],[-0.201375,-0.411919,0.88869]],[[0.722925,-0.670337,-0.167418],[0.557437,0.709035,-0.431895],[0.40822,0.218902,0.886249]],[[0.722925,-0.670337,-0.167418],[0.0623507,0.304615,-0.950433],[0.688108,0.676652,0.26201]],[[0.722925,-0.670337,-0.167418],[-0.261453,-0.0411171,-0.96434],[0.639549,0.740917,-0.204986]]],"btipPosition":[-29.1924,236.868,-35.6955],"carpPosition":[7.01188,253.238,61.8337],"dipPosition":[-17.3839,250.548,-39.4803],"direction":[-0.688108,-0.676652,-0.26201],"extended":false,"handId":405,"id":4053,"length":63.6687,"mcpPosition":[19.4773,278.736,6.82264],"pipPosition":[1.45323,269.071,-32.3077],"stabilizedTipPosition":[-25.7884,237.884,-35.1764],"timeVisible":12.5991,"tipPosition":[-26.5675,239.867,-36.5671],"tipVelocity":[-80.8376,244.244,-152.154],"tool":false,"touchDistance":-0.732403,"touchZone":"touching","type":3,"width":17.8639},{"bases":[[[0.571431,-0.812297,-0.116789],[0.74817,0.457184,0.480857],[-0.337205,-0.362155,0.868986]],[[0.48632,-0.870865,0.0713214],[0.783988,0.398847,-0.475693],[0.385818,0.287254,0.876715]],[[0.48632,-0.870865,0.0713214],[0.224885,0.045872,-0.973305],[0.844346,0.489377,0.218153]],[[0.48632,-0.870865,0.0713214],[-0.173862,-0.176435,-0.968836],[0.856309,0.458764,-0.237214]]],"btipPosition":[-11.7639,234.869,-23.1028],"carpPosition":[13.3007,241.427,57.5016],"dipPosition":[2.82209,242.683,-27.1434],"direction":[-0.844346,-0.489377,-0.218153],"extended":false,"handId":405,"id":4054,"length":49.9151,"mcpPosition":[32.6231,262.179,7.70752],"pipPosition":[19.1417,252.142,-22.9269],"stabilizedTipPosition":[-7.47409,233.724,-22.243],"timeVisible":12.5991,"tipPosition":[-8.63392,236.474,-23.9726],"tipVelocity":[-80.3853,256.086,-156.998],"tool":false,"touchDistance":-0.661667,"touchZone":"hovering","type":4,"width":15.8681}],"r":[[0.861558,-0.505057,-0.0513388],[0.50712,0.851571,0.132875],[-0.0233909,-0.140515,0.989802]],"s":0.614989,"t":[50.7617,15.5676,-220.168],"timestamp":88671704586},false],[4,{"currentFrameRate":55.3291,"devices":[],"gestures":[],"hands":[{"armBasis":[[0.836592,-0.321765,-0.443376],[0.489927,0.801572,0.342715],[0.245124,-0.503934,0.82823]],"armWidth":62.9686,"confidence":0.621118,"direction":[0.162462,0.590247,-0.790705],"elbow":[62.2409,110.276,284.923],"grabStrength":0.156825,"id":405,"palmNormal":[-0.462908,-0.662099,-0.589357],"palmPosition":[-3.03285,276.883,20.4758],"palmVelocity":[-68.7636,194.249,-127.485],"palmWidth":89.917,"pinchStrength":1,"r":[[0.862667,-0.502248,-0.0595954],[0.505403,0.851537,0.139471],[-0.0193011,-0.150436,0.988431]],"s":0.617608,"sphereCenter":[-28.7459,257.331,-19.5229],"sphereRadius":44.4268,"stabilizedPalmPosition":[-2.17973,274.645,21.9209],"t":[49.5075,19.0454,-222.444],"timeVisible":12.6172,"type":"right","wrist":[-3.16208,244.733,63.9384]}],"id":1411052,"interactionBox":{"center":[0,200,0],"size":[235.247,235.247,147.751]},"pointables":[{"bases":[[[0.796384,0.521561,0.306181],[-0.557675,0.437378,0.705478],[0.234033,-0.732581,0.639182]],[[0.63823,0.769353,0.0275376],[-0.747522,0.610775,0.261083],[0.184045,-0.187216,0.964924]],[[0.63823,0.769353,0.0275376],[-0.769099,0.635629,0.0668009],[0.0338898,-0.0638135,0.997386]],[[0.63823,0.769353,0.0275376],[-0.649349,0.557204,-0.517561],[-0.413531,0.312442,0.855203]]],"btipPosition":[-33.8573,252.839,-35.9936],"carpPosition":[-33.2006,248.68,64.9893],"dipPosition":[-43.4213,260.065,-16.2148],"direction":[-0.0338898,0.0638135,-0.997386],"extended":false,"handId":405,"id":4050,"length":51.5018,"mcpPosition":[-33.2006,248.68,64.9893],"pipPosition":[-42.2794,257.915,17.3906],"stabilizedTipPosition":[-35.6383,252.642,-30.2228],"timeVisible":12.6172,"tipPosition":[-37.3528,254.733,-31.4007],"tipVelocity":[-48.0367,211.638,-137.976],"tool":false,"touchDistance":-0.570737,"touchZone":"touching","type":0,"width":20.0112},{"bases":[[[0.886298,-0.356112,-0.296073],[0.45984,0.75259,0.471334],[0.0549741,-0.553889,0.830774]],[[0.887396,-0.369859,-0.275195],[0.389296,0.920945,0.0175899],[0.246933,-0.122741,0.961228]],[[0.887396,-0.369859,-0.275195],[0.358475,0.928941,-0.0925436],[0.289868,-0.0165275,0.956924]],[[0.887396,-0.369859,-0.275195],[0.33503,0.927445,-0.166134],[0.316674,0.0552278,0.946925]]],"btipPosition":[-42.3437,308.977,-73.3573],"carpPosition":[-15.5929,264.034,66.6958],"dipPosition":[-36.997,309.909,-57.3693],"direction":[-0.289868,0.0165275,-0.956924],"extended":true,"handId":405,"id":4051,"length":58.114,"mcpPosition":[-19.5896,304.303,6.29686],"pipPosition":[-30.0734,309.514,-34.5128],"stabilizedTipPosition":[-40.8055,308.411,-69.3928],"timeVisible":12.6172,"tipPosition":[-41.5718,307.799,-69.5274],"tipVelocity":[-89.061,247.777,-103.764],"tool":false,"touchDistance":-0.646424,"touchZone":"touching","type":1,"width":19.1147},{"bases":[[[0.794112,-0.550716,-0.257094],[0.604155,0.669207,0.432619],[-0.0662005,-0.498873,0.864143]],[[0.786977,-0.586339,-0.192024],[0.483378,0.779353,-0.398692],[0.383423,0.220941,0.896756]],[[0.786977,-0.586339,-0.192024],[0.0281266,0.345002,-0.93818],[0.616341,0.732925,0.288]],[[0.786977,-0.586339,-0.192024],[-0.264854,-0.0399535,-0.96346],[0.557243,0.80908,-0.186737]]],"btipPosition":[-45.5499,249.586,-43.477],"carpPosition":[-4.18279,261.336,63.4412],"dipPosition":[-35.2016,264.611,-46.9448],"direction":[-0.616341,-0.732925,-0.288],"extended":false,"handId":405,"id":4052,"length":66.2163,"mcpPosition":[0.381419,295.731,3.86259],"pipPosition":[-17.8818,285.207,-38.8517],"stabilizedTipPosition":[-42.6914,251.658,-43.4575],"timeVisible":12.6172,"tipPosition":[-43.3068,252.898,-44.3181],"tipVelocity":[-68.0352,207.726,-124.393],"tool":false,"touchDistance":-0.698796,"touchZone":"touching","type":2,"width":18.7732},{"bases":[[[0.727897,-0.666997,-0.159003],[0.656928,0.611907,0.440471],[-0.196498,-0.425071,0.883574]],[[0.731599,-0.658559,-0.176246],[0.540018,0.71761,-0.439791],[0.416105,0.226575,0.880637]],[[0.731599,-0.658559,-0.176246],[0.0438198,0.303418,-0.95185],[0.680325,0.688649,0.250838]],[[0.731599,-0.658559,-0.176246],[-0.272228,-0.0451881,-0.961171],[0.625024,0.751171,-0.212338]]],"btipPosition":[-30.3712,239.27,-36.5035],"carpPosition":[6.0018,255.683,60.0196],"dipPosition":[-18.831,253.14,-40.424],"direction":[-0.680325,-0.688649,-0.250838],"extended":false,"handId":405,"id":4053,"length":63.6687,"mcpPosition":[18.1653,281.996,5.32525],"pipPosition":[-0.206853,271.992,-33.5572],"stabilizedTipPosition":[-27.1508,241.117,-36.7509],"timeVisible":12.6172,"tipPosition":[-27.6223,242.611,-37.7871],"tipVelocity":[-74.8757,192.051,-101.661],"tool":false,"touchDistance":-0.700084,"touchZone":"touching","type":3,"width":17.8639},{"bases":[[[0.581645,-0.803586,-0.126248],[0.742187,0.460741,0.486698],[-0.332936,-0.376786,0.864399]],[[0.499345,-0.86453,0.0569494],[0.77454,0.415979,-0.476496],[0.388256,0.282046,0.87733]],[[0.499345,-0.86453,0.0569494],[0.212257,0.0583405,-0.975471],[0.840001,0.499184,0.212635]],[[0.499345,-0.86453,0.0569494],[-0.184474,-0.170314,-0.967968],[0.846537,0.472844,-0.244529]]],"btipPosition":[-12.7037,238.038,-24.5826],"carpPosition":[12.4403,244.005,55.5492],"dipPosition":[1.71581,246.092,-28.7478],"direction":[-0.840001,-0.499184,-0.212635],"extended":false,"handId":405,"id":4054,"length":49.9151,"mcpPosition":[31.518,265.596,6.01786],"pipPosition":[17.9515,255.741,-24.638],"stabilizedTipPosition":[-8.72194,237.746,-24.3939],"timeVisible":12.6172,"tipPosition":[-9.49684,239.739,-25.6712],"tipVelocity":[-67.7488,218.672,-121.77],"tool":false,"touchDistance":-0.646462,"touchZone":"touching","type":4,"width":15.8681}],"r":[[0.862667,-0.502248,-0.0595954],[0.505403,0.851537,0.139471],[-0.0193011,-0.150436,0.988431]],"s":0.617608,"t":[49.5075,19.0454,-222.444],"timestamp":88671722741},false],[5,{"currentFrameRate":55.339,"devices":[],"gestures":[],"hands":[{"armBasis":[[0.836726,-0.319213,-0.444964],[0.487958,0.803412,0.341214],[0.248569,-0.502626,0.827998]],"armWidth":62.9686,"confidence":0.627062,"direction":[0.154285,0.586516,-0.795107],"elbow":[62.3352,113.817,282.472],"grabStrength":0.146193,"id":405,"palmNormal":[-0.463392,-0.667789,-0.582517],"palmPosition":[-4.30551,279.826,17.9039],"palmVelocity":[-69.6168,179.516,-134.654],"palmWidth":89.917,"pinchStrength":1,"r":[[0.863947,-0.49914,-0.0667442],[0.503372,0.852135,0.143118],[-0.0145608,-0.157243,0.987453]],"s":0.620407,"sphereCenter":[-30.4266,260.22,-21.7075],"sphereRadius":44.3952,"stabilizedPalmPosition":[-3.43329,277.7,19.5521],"t":[48.2441,22.256,-224.868],"timeVisible":12.6352,"type":"right","wrist":[-3.98707,247.926,61.549]}],"id":1411053,"interactionBox":{"center":[0,200,0],"size":[235.247,235.247,147.751]},"pointables":[{"bases":[[[0.795716,0.52731,0.29796],[-0.555255,0.438601,0.706626],[0.241926,-0.727717,0.641794]],[[0.635803,0.771574,0.0206893],[-0.748488,0.609791,0.260614],[0.188467,-0.181185,0.965221]],[[0.635803,0.771574,0.0206893],[-0.770949,0.633535,0.065354],[0.0373181,-0.0575027,0.997648]],[[0.635803,0.771574,0.0206893],[-0.652385,0.551526,-0.519821],[-0.412491,0.317006,0.854025]]],"btipPosition":[-35.0521,255.271,-38.2043],"carpPosition":[-34.0377,251.727,62.7749],"dipPosition":[-44.592,262.602,-18.4527],"direction":[-0.0373181,0.0575027,-0.997648],"extended":false,"handId":405,"id":4050,"length":51.5018,"mcpPosition":[-34.0377,251.727,62.7749],"pipPosition":[-43.3346,260.665,15.1616],"stabilizedTipPosition":[-36.6451,255.344,-32.3759],"timeVisible":12.6352,"tipPosition":[-38.5513,257.173,-33.6155],"tipVelocity":[-56.5291,175.834,-130.831],"tool":false,"touchDistance":-0.575251,"touchZone":"touching","type":0,"width":20.0112},{"bases":[[[0.886136,-0.353336,-0.299861],[0.459093,0.757585,0.464003],[0.0632215,-0.548834,0.833537]],[[0.887439,-0.36694,-0.278939],[0.386324,0.922226,0.0159098],[0.251407,-0.12188,0.960177]],[[0.887439,-0.36694,-0.278939],[0.354764,0.930128,-0.0948954],[0.29427,-0.0147436,0.955609]],[[0.887439,-0.36694,-0.278939],[0.330749,0.928447,-0.169088],[0.321025,0.0577962,0.945305]]],"btipPosition":[-44.2163,311.632,-75.8726],"carpPosition":[-16.4973,267.18,64.278],"dipPosition":[-38.7961,312.608,-59.9119],"direction":[-0.29427,0.0147436,-0.955609],"extended":true,"handId":405,"id":4051,"length":58.114,"mcpPosition":[-21.0936,307.081,3.67816],"pipPosition":[-31.7673,312.256,-37.0869],"stabilizedTipPosition":[-42.5764,311.23,-71.6912],"timeVisible":12.6352,"tipPosition":[-43.436,310.443,-72.0427],"tipVelocity":[-95.6207,200.334,-120.866],"tool":false,"touchDistance":-0.647939,"touchZone":"touching","type":1,"width":19.1147},{"bases":[[[0.795196,-0.548175,-0.259169],[0.603572,0.67471,0.424815],[-0.0580096,-0.494238,0.867389]],[[0.788759,-0.583104,-0.194549],[0.47485,0.778967,-0.409546],[0.390355,0.230652,0.891304]],[[0.788759,-0.583104,-0.194549],[0.0166318,0.336621,-0.941493],[0.614477,0.739376,0.275211]],[[0.788759,-0.583104,-0.194549],[-0.273998,-0.0501968,-0.960419],[0.550258,0.810846,-0.199362]]],"btipPosition":[-47.1751,251.775,-45.3246],"carpPosition":[-5.09523,264.521,60.9639],"dipPosition":[-36.9566,266.832,-49.0268],"direction":[-0.614477,-0.739376,-0.275211],"extended":false,"handId":405,"id":4052,"length":66.2163,"mcpPosition":[-1.09574,298.596,1.1615],"pipPosition":[-19.6891,287.61,-41.2931],"stabilizedTipPosition":[-44.1647,254.13,-45.3348],"timeVisible":12.6352,"tipPosition":[-44.9168,255.172,-46.3126],"tipVelocity":[-79.2938,166.931,-115.394],"tool":false,"touchDistance":-0.685772,"touchZone":"touching","type":2,"width":18.7732},{"bases":[[[0.730214,-0.664224,-0.159982],[0.656686,0.617722,0.432647],[-0.18855,-0.420983,0.887255]],[[0.733875,-0.655581,-0.177878],[0.532593,0.717854,-0.448364],[0.42163,0.234306,0.875973]],[[0.733875,-0.655581,-0.177878],[0.0345453,0.297542,-0.954084],[0.678406,0.694033,0.241006]],[[0.733875,-0.655581,-0.177878],[-0.279546,-0.0528138,-0.958679],[0.619097,0.753275,-0.222024]]],"btipPosition":[-31.8517,241.706,-38.5894],"carpPosition":[5.09529,258.899,57.5077],"dipPosition":[-20.4209,255.614,-42.6888],"direction":[-0.678406,-0.694033,-0.241006],"extended":false,"handId":405,"id":4053,"length":63.6687,"mcpPosition":[16.7668,284.959,2.58543],"pipPosition":[-1.84932,274.614,-36.0912],"stabilizedTipPosition":[-28.5949,243.757,-38.6896],"timeVisible":12.6352,"tipPosition":[-29.1262,245.06,-39.9196],"tipVelocity":[-78.9582,165.236,-109.381],"tool":false,"touchDistance":-0.690315,"touchZone":"touching","type":3,"width":17.8639},{"bases":[[[0.584875,-0.801357,-0.125489],[0.743011,0.467255,0.479173],[-0.325354,-0.373496,0.868703]],[[0.505961,-0.860811,0.0548518],[0.763792,0.417573,-0.492193],[0.400781,0.290926,0.868756]],[[0.505961,-0.860811,0.0548518],[0.193027,0.0510178,-0.979866],[0.840681,0.506362,0.191973]],[[0.505961,-0.860811,0.0548518],[-0.201705,-0.179906,-0.962782],[0.838641,0.476066,-0.264656]]],"btipPosition":[-14.3313,240.569,-26.2751],"carpPosition":[11.5635,247.229,53.0616],"dipPosition":[-0.0462418,248.678,-30.7831],"direction":[-0.840681,-0.506362,-0.191973],"extended":false,"handId":405,"id":4054,"length":49.9151,"mcpPosition":[30.2067,268.631,3.28367],"pipPosition":[16.2026,258.465,-27.0726],"stabilizedTipPosition":[-10.2651,240.859,-26.3317],"timeVisible":12.6352,"tipPosition":[-11.0324,242.336,-27.6197],"tipVelocity":[-79.2331,181.833,-110.59],"tool":false,"touchDistance":-0.636718,"touchZone":"touching","type":4,"width":15.8681}],"r":[[0.863947,-0.49914,-0.0667442],[0.503372,0.852135,0.143118],[-0.0145608,-0.157243,0.987453]],"s":0.620407,"t":[48.2441,22.256,-224.868],"timestamp":88671740777},false],[6,{"currentFrameRate":55.3352,"devices":[],"gestures":[],"hands":[{"armBasis":[[0.821037,-0.337409,-0.460493],[0.508129,0.799586,0.320104],[0.260198,-0.496807,0.827937]],"armWidth":62.9686,"confidence":0.642718,"direction":[0.14929,0.58034,-0.800574],"elbow":[64.4624,118.53,280.169],"grabStrength":0.136868,"id":405,"palmNormal":[-0.485734,-0.66218,-0.570596],"palmPosition":[-5.5575,282.799,15.4842],"palmVelocity":[-69.4322,172.318,-134.246],"palmWidth":89.917,"pinchStrength":1,"r":[[0.862946,-0.499663,-0.0752415],[0.50524,0.850988,0.143361],[-0.00760268,-0.161728,0.986806]],"s":0.622988,"sphereCenter":[-33.2223,263.932,-23.3491],"sphereRadius":44.3808,"stabilizedPalmPosition":[-4.65488,280.632,17.2127],"t":[46.9864,25.3476,-227.29],"timeVisible":12.6533,"type":"right","wrist":[-4.96267,251.086,59.2625]}],"id":1411054,"interactionBox":{"center":[0,200,0],"size":[235.247,235.247,147.751]},"pointables":[{"bases":[[[0.810155,0.514759,0.280487],[-0.534176,0.451162,0.714919],[0.241466,-0.729024,0.640483]],[[0.651401,0.758692,0.00792942],[-0.732368,0.625999,0.267887],[0.19828,-0.180309,0.963418]],[[0.651401,0.758692,0.00792942],[-0.757226,0.649412,0.0697981],[0.0478058,-0.0514709,0.99753]],[[0.651401,0.758692,0.00792942],[-0.646229,0.560258,-0.518169],[-0.397573,0.332411,0.855242]]],"btipPosition":[-37.1118,258.352,-39.878],"carpPosition":[-34.915,255.411,61.0364],"dipPosition":[-46.3067,266.04,-20.0983],"direction":[-0.0478058,0.0514709,-0.99753],"extended":false,"handId":405,"id":4050,"length":51.5018,"mcpPosition":[-34.915,255.411,61.0364],"pipPosition":[-44.6959,264.305,13.512],"stabilizedTipPosition":[-38.2977,258.401,-34.2662],"timeVisible":12.6533,"tipPosition":[-40.6025,260.389,-35.2667],"tipVelocity":[-81.7107,175.387,-112.462],"tool":false,"touchDistance":-0.571067,"touchZone":"touching","type":0,"width":20.0112},{"bases":[[[0.874103,-0.36988,-0.314853],[0.48074,0.751527,0.451771],[0.0695199,-0.546257,0.834728]],[[0.875567,-0.383406,-0.29391],[0.403839,0.914778,0.00972062],[0.265136,-0.127203,0.955784]],[[0.875567,-0.383406,-0.29391],[0.370372,0.923358,-0.101172],[0.310174,-0.0202732,0.950464]],[[0.875567,-0.383406,-0.29391],[0.344859,0.922096,-0.17553],[0.338312,0.0523304,0.939578]]],"btipPosition":[-46.5177,315.28,-77.6935],"carpPosition":[-17.0862,270.565,62.1376],"dipPosition":[-40.8056,316.163,-61.8295],"direction":[-0.310174,0.0202732,-0.950464],"extended":true,"handId":405,"id":4051,"length":58.114,"mcpPosition":[-22.1404,310.279,1.45117],"pipPosition":[-33.3969,315.679,-39.1273],"stabilizedTipPosition":[-44.7186,314.697,-73.61],"timeVisible":12.6533,"tipPosition":[-45.7015,314.074,-73.8764],"tipVelocity":[-108.894,200.424,-111.857],"tool":false,"touchDistance":-0.639125,"touchZone":"touching","type":1,"width":19.1147},{"bases":[[[0.780612,-0.562942,-0.271556],[0.623006,0.666,0.410254],[-0.050093,-0.48943,0.870603]],[[0.775003,-0.596619,-0.208367],[0.474141,0.766933,-0.43244],[0.417805,0.236347,0.877256]],[[0.775003,-0.596619,-0.208367],[-0.00664399,0.322006,-0.946714],[0.631923,0.735091,0.245591]],[[0.775003,-0.596619,-0.208367],[-0.302242,-0.0603658,-0.951318],[0.554996,0.800251,-0.227107]]],"btipPosition":[-50.3076,254.663,-45.8716],"carpPosition":[-5.7962,267.694,58.6217],"dipPosition":[-40.0011,269.524,-50.0891],"direction":[-0.631923,-0.735091,-0.245591],"extended":false,"handId":405,"id":4052,"length":66.2163,"mcpPosition":[-2.34252,301.438,-1.40226],"pipPosition":[-22.2434,290.181,-43.1877],"stabilizedTipPosition":[-46.9565,257.054,-46.45],"timeVisible":12.6533,"tipPosition":[-47.9207,258.23,-47.2551],"tipVelocity":[-123.407,162.304,-78.0348],"tool":false,"touchDistance":-0.655511,"touchZone":"touching","type":2,"width":18.7732},{"bases":[[[0.715531,-0.677423,-0.170628],[0.675271,0.608137,0.417348],[-0.178956,-0.413845,0.892584]],[[0.719042,-0.668816,-0.188849],[0.537787,0.707597,-0.458358],[0.440186,0.228018,0.868472]],[[0.719042,-0.668816,-0.188849],[0.022936,0.294428,-0.955398],[0.694589,0.68264,0.227046]],[[0.719042,-0.668816,-0.188849],[-0.298353,-0.0516495,-0.953057],[0.627666,0.741631,-0.236682]]],"btipPosition":[-34.7324,245.052,-40.4427],"carpPosition":[4.22901,261.883,55.0003],"dipPosition":[-23.1434,258.746,-44.8127],"direction":[-0.694589,-0.68264,-0.227046],"extended":false,"handId":405,"id":4053,"length":63.6687,"mcpPosition":[15.3066,287.501,-0.251819],"pipPosition":[-4.12882,277.433,-38.5972],"stabilizedTipPosition":[-31.0706,246.926,-40.6563],"timeVisible":12.6533,"tipPosition":[-32.0128,248.293,-41.7593],"tipVelocity":[-116.188,173.352,-107.735],"tool":false,"touchDistance":-0.67835,"touchZone":"touching","type":3,"width":17.8639},{"bases":[[[0.568534,-0.811875,-0.132771],[0.75986,0.456402,0.462935],[-0.315249,-0.364082,0.876392]],[[0.492651,-0.868902,0.048003],[0.759812,0.402597,-0.510492],[0.424241,0.287968,0.858542]],[[0.492651,-0.868902,0.048003],[0.171497,0.0428603,-0.984252],[0.853161,0.493125,0.17013]],[[0.492651,-0.868902,0.048003],[-0.226699,-0.1814,-0.956923],[0.84018,0.460547,-0.286346]]],"btipPosition":[-17.1506,243.508,-28.1414],"carpPosition":[10.4104,250.084,50.4872],"dipPosition":[-2.83934,251.353,-33.0189],"direction":[-0.853161,-0.493125,-0.170129],"extended":false,"handId":405,"id":4054,"length":49.9151,"mcpPosition":[28.4746,270.946,0.268755],"pipPosition":[13.6507,260.884,-29.7306],"stabilizedTipPosition":[-12.7219,243.903,-28.3357],"timeVisible":12.6533,"tipPosition":[-13