{"sensorType":"Leap","data":[[0,{"currentFrameRate":46.5547,"devices":[],"gestures":[],"hands":[{"armBasis":[[0.958851,-0.271668,-0.0824716],[0.275147,0.960799,0.0340347],[0.0699925,-0.0553261,0.996012]],"armWidth":62.9686,"confidence":0.480998,"direction":[0.0482656,0.535149,-0.843377],"elbow":[36.8335,208.851,319.477],"grabStrength":0.516898,"id":396,"palmNormal":[-0.289675,-0.800574,-0.524567],"palmPosition":[12.2967,250.784,7.35739],"palmVelocity":[277.28,468.364,325.085],"palmWidth":89.917,"pinchStrength":0.92539,"r":[[0.78343,0.529129,-0.325976],[-0.536169,0.840681,0.0760117],[0.314262,0.115228,0.942317]],"s":1.50184,"sphereCenter":[7.21012,221.454,-28.32],"sphereRadius":42.2919,"stabilizedPalmPosition":[11.7171,249.722,6.90838],"t":[47.4169,-103.762,-80.5023],"timeVisible":39.29,"type":"right","wrist":[18.1584,223.613,53.7254]}],"id":1399018,"interactionBox":{"center":[0,200,0],"size":[235.247,235.247,147.751]},"pointables":[{"bases":[[[0.653166,0.711984,0.257786],[-0.658598,0.366169,0.657395],[0.373661,-0.599165,0.708081]],[[0.413664,0.905951,-0.0901945],[-0.798419,0.408593,0.442243],[0.437504,-0.110927,0.892348]],[[0.413664,0.905951,-0.0901945],[-0.902475,0.4211,0.0906331],[0.12009,0.0439067,0.991792]],[[0.413664,0.905951,-0.0901945],[-0.899086,0.390909,-0.197066],[-0.143274,0.162612,0.976233]]],"btipPosition":[-34.3404,221.087,-45.756],"carpPosition":[-12.0261,220.855,54.2575],"dipPosition":[-37.654,224.847,-23.178],"direction":[-0.12009,-0.0439067,-0.991792],"extended":false,"handId":396,"id":3960,"length":51.5018,"mcpPosition":[-12.0261,220.855,54.2575],"pipPosition":[-33.6077,226.327,10.2389],"stabilizedTipPosition":[-35.1007,221.935,-40.5629],"timeVisible":39.29,"tipPosition":[-32.1384,225.642,-38.6976],"tipVelocity":[-57.1758,548.463,-8.16427],"tool":false,"touchDistance":-0.397885,"touchZone":"touching","type":0,"width":20.0112},{"bases":[[[0.950441,-0.175943,-0.256332],[0.26972,0.876689,0.398331],[0.15464,-0.447728,0.880697]],[[0.935692,-0.140906,-0.323459],[0.0562404,0.964633,-0.257527],[0.348306,0.222774,0.910524]],[[0.935692,-0.140906,-0.323459],[-0.148163,0.675102,-0.722693],[0.320199,0.724143,0.61081]],[[0.935692,-0.140906,-0.323459],[-0.292853,0.201115,-0.934767],[0.196767,0.96938,0.146917]]],"btipPosition":[-35.3001,229.263,-65.2075],"carpPosition":[1.70038,239.834,54.5479],"dipPosition":[-31.9779,245.63,-62.7269],"direction":[-0.320199,-0.724143,-0.61081],"extended":false,"handId":396,"id":3961,"length":58.114,"mcpPosition":[-9.54222,272.385,-9.4805],"pipPosition":[-24.3298,262.927,-48.1375],"stabilizedTipPosition":[-32.4979,225.287,-57.6269],"timeVisible":39.29,"tipPosition":[-34.2063,235.28,-62.8187],"tipVelocity":[-282.245,909.024,-847.183],"tool":false,"touchDistance":-0.519198,"touchZone":"touching","type":1,"width":19.1147},{"bases":[[[0.902595,-0.381674,-0.199114],[0.42985,0.82428,0.368499],[0.0234793,-0.418195,0.908054]],[[0.902729,-0.384393,-0.19319],[0.0592369,0.555845,-0.829173],[0.426112,0.737074,0.524548]],[[0.902729,-0.384393,-0.19319],[-0.411706,-0.641615,-0.64717],[0.124814,0.663757,-0.737461]],[[0.902729,-0.384393,-0.19319],[-0.410686,-0.903729,-0.120872],[-0.128129,0.188455,-0.973688]]],"btipPosition":[-9.53861,211.024,2.83376],"carpPosition":[13.5047,239.451,51.6198],"dipPosition":[-11.918,214.523,-15.248],"direction":[-0.124814,-0.663757,0.737461],"extended":false,"handId":396,"id":3962,"length":66.2163,"mcpPosition":[11.8859,268.284,-10.9862],"pipPosition":[-8.41062,233.176,-35.9714],"stabilizedTipPosition":[-10.0858,211.828,-1.32507],"timeVisible":39.29,"tipPosition":[-10.28,212.208,-2.60438],"tipVelocity":[-93.5202,565.784,63.3563],"tool":false,"touchDistance":0.333333,"touchZone":"none","type":2,"width":18.7732},{"bases":[[[0.861223,-0.5001,-0.0905253],[0.493767,0.781154,0.382091],[-0.120369,-0.373764,0.91968]],[[0.860643,-0.501865,-0.0861672],[0.185446,0.466511,-0.864857],[0.474239,0.728354,0.494569]],[[0.860643,-0.501865,-0.0861672],[-0.44208,-0.652434,-0.615545],[0.252702,0.567857,-0.783377]],[[0.860643,-0.501865,-0.0861672],[-0.507982,-0.857926,-0.0769262],[-0.0353185,0.109977,-0.993306]]],"btipPosition":[5.01845,209.315,9.82539],"carpPosition":[24.7721,235.913,48.8061],"dipPosition":[4.36634,211.345,-8.51469],"direction":[-0.252702,-0.567857,0.783377],"extended":false,"handId":396,"id":3963,"length":63.6687,"mcpPosition":[32.2231,259.049,-8.12334],"pipPosition":[11.2841,226.891,-29.9599],"stabilizedTipPosition":[4.91377,209.538,5.58384],"timeVisible":39.29,"tipPosition":[5.20408,210.035,5.05426],"tipVelocity":[-96.9818,388.484,118.752],"tool":false,"touchDistance":0.333333,"touchZone":"none","type":3,"width":17.8639},{"bases":[[[0.748001,-0.662146,-0.0453537],[0.609121,0.65775,0.4431],[-0.263566,-0.359065,0.895324]],[[0.727585,-0.685786,0.0178034],[0.385433,0.387181,-0.837575],[0.567504,0.616269,0.546032]],[[0.727585,-0.685786,0.0178034],[-0.511369,-0.559471,-0.652299],[0.457298,0.465499,-0.757753]],[[0.727585,-0.685786,0.0178034],[-0.676951,-0.721933,-0.14335],[0.111161,0.0922477,-0.989512]]],"btipPosition":[18.2872,214.069,6.63261],"carpPosition":[33.7466,225.596,45.5147],"dipPosition":[20.1807,215.64,-10.2223],"direction":[-0.457298,-0.465499,0.757753],"extended":false,"handId":396,"id":3964,"length":49.9151,"mcpPosition":[48.8493,246.171,-5.78866],"pipPosition":[29.0194,224.638,-24.8682],"stabilizedTipPosition":[18.9646,210.737,1.715],"timeVisible":39.29,"tipPosition":[19.5522,214.337,2.68939],"tipVelocity":[-44.6302,324.031,191.39],"tool":false,"touchDistance":0.333333,"touchZone":"none","type":4,"width":15.8681}],"r":[[0.78343,0.529129,-0.325976],[-0.536169,0.840681,0.0760117],[0.314262,0.115228,0.942317]],"s":1.50184,"t":[47.4169,-103.762,-80.5023],"timestamp":88452584894},false],[1,{"currentFrameRate":47.3034,"devices":[],"gestures":[],"hands":[{"armBasis":[[0.985073,-0.169947,-0.0273576],[0.171294,0.983494,0.0582936],[0.0169992,-0.0621097,0.997925]],"armWidth":62.9686,"confidence":0.526797,"direction":[-0.0041281,0.587019,-0.809563],"elbow":[23.5679,210.287,317.634],"grabStrength":0.481008,"id":396,"palmNormal":[-0.20449,-0.792958,-0.573936],"palmPosition":[10.5654,256.028,6.64925],"palmVelocity":[99.8262,383.243,151.759],"palmWidth":89.917,"pinchStrength":0.823303,"r":[[0.823907,0.498352,-0.269856],[-0.479894,0.866792,0.135551],[0.301461,0.0178205,0.953312]],"s":1.61588,"sphereCenter":[8.07754,228.511,-30.8272],"sphereRadius":42.5253,"stabilizedPalmPosition":[10.8676,254.374,6.71725],"t":[51.0503,-93.3579,-75.8001],"timeVisible":39.3082,"type":"right","wrist":[19.0322,226.859,51.3714]}],"id":1399019,"interactionBox":{"center":[0,200,0],"size":[235.247,235.247,147.751]},"pointables":[{"bases":[[[0.575986,0.758127,0.305751],[-0.694719,0.256854,0.671857],[0.43082,-0.599391,0.674629]],[[0.313194,0.948892,-0.0389141],[-0.844917,0.297116,0.444789],[0.433619,-0.106426,0.894789]],[[0.313194,0.948892,-0.0389141],[-0.942028,0.3156,0.113927],[0.120385,0.000977043,0.992727]],[[0.313194,0.948892,-0.0389141],[-0.936512,0.301786,-0.178525],[-0.157657,0.0923564,0.983166]]],"btipPosition":[-32.5125,224.089,-48.8682],"carpPosition":[-10.7126,221.008,51.4575],"dipPosition":[-36.1588,226.225,-26.1299],"direction":[-0.120385,-0.000977043,-0.992727],"extended":false,"handId":396,"id":3960,"length":51.5018,"mcpPosition":[-10.7126,221.008,51.4575],"pipPosition":[-32.1025,226.258,7.31853],"stabilizedTipPosition":[-33.4601,224.416,-43.4468],"timeVisible":39.3082,"tipPosition":[-31.7639,227.256,-42.2206],"tipVelocity":[16.0477,356.494,-85.0743],"tool":false,"touchDistance":-0.432561,"touchZone":"touching","type":0,"width":20.0112},{"bases":[[[0.964271,-0.0622998,-0.257489],[0.177243,0.874091,0.452271],[0.196893,-0.48175,0.853903]],[[0.944594,-0.0220872,-0.327496],[-0.0387043,0.983278,-0.17795],[0.32595,0.180766,0.927944]],[[0.944594,-0.0220872,-0.327496],[-0.206083,0.736668,-0.644088],[0.255482,0.675893,0.691301]],[[0.944594,-0.0220872,-0.327496],[-0.292606,0.39545,-0.870633],[0.148738,0.918222,0.367077]]],"btipPosition":[-35.7697,236.939,-71.1826],"carpPosition":[0.99681,241.237,53.0042],"dipPosition":[-33.2584,252.443,-64.9848],"direction":[-0.255482,-0.675893,-0.691301],"extended":false,"handId":396,"id":3961,"length":58.114,"mcpPosition":[-13.3177,276.261,-9.07628],"pipPosition":[-27.1561,268.587,-48.4729],"stabilizedTipPosition":[-33.7922,232.598,-63.4544],"timeVisible":39.3082,"tipPosition":[-35.0923,241.446,-68.7343],"tipVelocity":[-165.15,672.834,-578.49],"tool":false,"touchDistance":-0.572414,"touchZone":"touching","type":1,"width":19.1147},{"bases":[[[0.937567,-0.274906,-0.21306],[0.341993,0.840186,0.420866],[0.0633114,-0.467455,0.881747]],[[0.937861,-0.277147,-0.208822],[0.00269884,0.607579,-0.794254],[0.347002,0.744336,0.570573]],[[0.937861,-0.277147,-0.208822],[-0.34237,-0.640914,-0.687032],[0.056572,0.715834,-0.695975]],[[0.937861,-0.277147,-0.208822],[-0.31486,-0.932614,-0.176337],[-0.145879,0.23113,-0.961924]]],"btipPosition":[-6.98664,214.605,-0.38036],"carpPosition":[12.7875,242.238,50.1685],"dipPosition":[-9.69567,218.897,-18.2437],"direction":[-0.056572,-0.715834,0.695975],"extended":false,"handId":396,"id":3962,"length":66.2163,"mcpPosition":[8.42244,274.467,-10.6238],"pipPosition":[-8.10594,239.013,-37.8013],"stabilizedTipPosition":[-7.64506,215.538,-4.44376],"timeVisible":39.3082,"tipPosition":[-7.85746,216.01,-5.7259],"tipVelocity":[16.0434,395.37,-49.9187],"tool":false,"touchDistance":0.333333,"touchZone":"none","type":2,"width":18.7732},{"bases":[[[0.908199,-0.403248,-0.112097],[0.409948,0.803069,0.432462],[-0.0843676,-0.438715,0.894657]],[[0.907468,-0.406871,-0.104678],[0.142888,0.533214,-0.833826],[0.395075,0.741713,0.542012]],[[0.907468,-0.406871,-0.104678],[-0.369688,-0.654985,-0.659033],[0.199579,0.63675,-0.744794]],[[0.907468,-0.406871,-0.104678],[-0.418249,-0.898426,-0.133782],[-0.039613,0.165184,-0.985467]]],"btipPosition":[7.4135,213.971,6.52676],"carpPosition":[24.3668,240.043,47.2542],"dipPosition":[6.6821,217.021,-11.6686],"direction":[-0.199579,-0.63675,0.744794],"extended":false,"handId":396,"id":3963,"length":63.6687,"mcpPosition":[29.5893,267.201,-8.12624],"pipPosition":[12.1457,234.452,-32.0575],"stabilizedTipPosition":[7.00279,214.138,2.67902],"timeVisible":39.3082,"tipPosition":[7.59438,214.973,1.85087],"tipVelocity":[11.6192,332.066,-23.5535],"tool":false,"touchDistance":0.333333,"touchZone":"none","type":3,"width":17.8639},{"bases":[[[0.812027,-0.578425,-0.0777011],[0.53714,0.688637,0.487093],[-0.228238,-0.437269,0.869887]],[[0.789112,-0.614246,-0.00178855],[0.357827,0.462058,-0.811457],[0.499261,0.639691,0.58441]],[[0.789112,-0.614246,-0.00178855],[-0.44506,-0.569749,-0.690874],[0.423348,0.545974,-0.722973]],[[0.789112,-0.614246,-0.00178855],[-0.602973,-0.774068,-0.192979],[0.117152,0.153361,-0.981201]]],"btipPosition":[19.8162,220.452,3.85929],"carpPosition":[34.3612,230.913,43.4386],"dipPosition":[21.8118,223.064,-12.854],"direction":[-0.423348,-0.545974,0.722973],"extended":false,"handId":396,"id":3964,"length":49.9151,"mcpPosition":[47.4396,255.969,-6.40718],"pipPosition":[29.9943,233.617,-26.8278],"stabilizedTipPosition":[19.8226,217.49,0.602244],"timeVisible":39.3082,"tipPosition":[21.1987,220.985,-0.0788305],"tipVelocity":[17.3986,343.8,28.2946],"tool":false,"touchDistance":0.333333,"touchZone":"none","type":4,"width":15.8681}],"r":[[0.823907,0.498352,-0.269856],[-0.479894,0.866792,0.135551],[0.301461,0.0178205,0.953312]],"s":1.61588,"t":[51.0503,-93.3579,-75.8001],"timestamp":88452603010},false],[2,{"currentFrameRate":48.0124,"devices":[],"gestures":[],"hands":[{"armBasis":[[0.992025,-0.124626,-0.0188582],[0.125315,0.991254,0.0413648],[0.0135381,-0.0433981,0.998966]],"armWidth":62.9686,"confidence":0.574492,"direction":[-0.018237,0.641558,-0.766857],"elbow":[23.1964,215.114,316.19],"grabStrength":0.472547,"id":396,"palmNormal":[-0.170678,-0.757725,-0.629859],"palmPosition":[10.4613,258.593,6.96836],"palmVelocity":[49.7826,269.137,88.2417],"palmWidth":89.917,"pinchStrength":0.798646,"r":[[0.851073,0.477809,-0.217657],[-0.441355,0.875586,0.196351],[0.284396,-0.0710451,0.956071]],"s":1.69821,"sphereCenter":[9.02904,233.732,-32.3501],"sphereRadius":42.5251,"stabilizedPalmPosition":[10.5483,257.69,6.91463],"t":[52.815,-86.8732,-73.2894],"timeVisible":39.3262,"type":"right","wrist":[19.5842,226.693,49.6503]}],"id":1399020,"interactionBox":{"center":[0,200,0],"size":[235.247,235.247,147.751]},"pointables":[{"bases":[[[0.545525,0.754873,0.364101],[-0.709403,0.184579,0.680205],[0.446263,-0.629363,0.636201]],[[0.278818,0.959865,0.030319],[-0.859395,0.235295,0.453956],[0.428603,-0.152627,0.890508]],[[0.278818,0.959865,0.030319],[-0.953795,0.273097,0.125272],[0.111964,-0.0638462,0.991659]],[[0.278818,0.959865,0.030319],[-0.945119,0.27986,-0.168608],[-0.170326,0.0183558,0.985217]]],"btipPosition":[-30.9052,229.056,-51.1307],"carpPosition":[-9.92948,219.8,48.9954],"dipPosition":[-34.8445,229.481,-28.345],"direction":[-0.111964,0.0638462,-0.991659],"extended":false,"handId":396,"id":3960,"length":51.5018,"mcpPosition":[-9.92948,219.8,48.9954],"pipPosition":[-31.072,227.329,5.06753],"stabilizedTipPosition":[-31.9145,228.857,-45.737],"timeVisible":39.3262,"tipPosition":[-30.4227,231.662,-44.3465],"tipVelocity":[48.9697,307.916,-104.015],"tool":false,"touchDistance":-0.451411,"touchZone":"touching","type":0,"width":20.0112},{"bases":[[[0.968111,-0.00998477,-0.250324],[0.141585,0.846133,0.513821],[0.206677,-0.532878,0.820564]],[[0.947468,0.0345533,-0.317979],[-0.0713498,0.99193,-0.104809],[0.311791,0.121991,0.942287]],[[0.947468,0.0345533,-0.317979],[-0.224134,0.78096,-0.58298],[0.228185,0.623625,0.747679]],[[0.947468,0.0345533,-0.317979],[-0.294552,0.481769,-0.825311],[0.124675,0.875617,0.466638]]],"btipPosition":[-34.7909,244.157,-73.3254],"carpPosition":[1.02759,240.274,52.0741],"dipPosition":[-32.6859,258.941,-65.4466],"direction":[-0.228185,-0.623625,-0.747679],"extended":false,"handId":396,"id":3961,"length":58.114,"mcpPosition":[-13.9983,279.015,-7.58256],"pipPosition":[-27.2356,273.836,-47.5881],"stabilizedTipPosition":[-34.0517,240.141,-67.518],"timeVisible":39.3262,"tipPosition":[-34.1687,248.021,-70.4169],"tipVelocity":[-63.5882,539.58,-350.573],"tool":false,"touchDistance":-0.569849,"touchZone":"touching","type":1,"width":19.1147},{"bases":[[[0.948716,-0.225985,-0.221063],[0.307721,0.820359,0.481994],[0.0724282,-0.525301,0.847828]],[[0.948872,-0.227134,-0.219206],[-0.0151991,0.660757,-0.750446],[0.315294,0.715409,0.623522]],[[0.948872,-0.227134,-0.219206],[-0.31384,-0.604361,-0.732293],[0.0338488,0.763648,-0.644745]],[[0.948872,-0.227134,-0.219206],[-0.278296,-0.929677,-0.241352],[-0.148972,0.290017,-0.945356]]],"btipPosition":[-5.39761,217.183,-3.03209],"carpPosition":[12.7988,241.888,49.4476],"dipPosition":[-8.16408,222.569,-20.5877],"direction":[-0.0338488,-0.763648,0.644745],"extended":false,"handId":396,"id":3962,"length":66.2163,"mcpPosition":[7.8052,278.105,-9.00613],"pipPosition":[-7.21289,244.028,-38.7057],"stabilizedTipPosition":[-6.06788,218.361,-7.01449],"timeVisible":39.3262,"tipPosition":[-6.31286,218.887,-8.24636],"tipVelocity":[49.9131,282.491,-94.1888],"tool":false,"touchDistance":0.333333,"touchZone":"none","type":2,"width":18.7732},{"bases":[[[0.923119,-0.362019,-0.12959],[0.376868,0.784954,0.49175],[-0.0763,-0.502782,0.861039]],[[0.92211,-0.368178,-0.118986],[0.134902,0.594136,-0.792972],[0.362648,0.715156,0.597527]],[[0.92211,-0.368178,-0.118986],[-0.338616,-0.619078,-0.708577],[0.18722,0.693677,-0.695529]],[[0.92211,-0.368178,-0.118986],[-0.385505,-0.900541,-0.201026],[-0.0331388,0.231238,-0.972333]]],"btipPosition":[8.67274,216.601,3.82981],"carpPosition":[24.4749,240.313,46.5185],"dipPosition":[8.06088,220.87,-14.123],"direction":[-0.18722,-0.693677,0.695529],"extended":false,"handId":396,"id":3963,"length":63.6687,"mcpPosition":[29.198,271.436,-6.78094],"pipPosition":[13.1861,239.86,-33.1634],"stabilizedTipPosition":[8.38727,217.257,-0.0174443],"timeVisible":39.3262,"tipPosition":[8.91059,217.896,-0.714919],"tipVelocity":[39.9773,251.31,-81.9024],"tool":false,"touchDistance":0.333333,"touchZone":"none","type":3,"width":17.8639},{"bases":[[[0.83304,-0.542464,-0.108521],[0.507628,0.671567,0.539733],[-0.219907,-0.504708,0.834812]],[[0.80601,-0.59149,-0.0220988],[0.3598,0.519253,-0.77519],[0.469992,0.616859,0.631341]],[[0.80601,-0.59149,-0.0220988],[-0.4137,-0.536253,-0.735721],[0.423321,0.60214,-0.676924]],[[0.80601,-0.59149,-0.0220988],[-0.576887,-0.776658,-0.252989],[0.132477,0.21666,-0.967217]]],"btipPosition":[20.5655,223.869,1.85347],"carpPosition":[34.8256,231.831,42.191],"dipPosition":[22.822,227.559,-14.6216],"direction":[-0.423321,-0.60214,0.676924],"extended":false,"handId":396,"id":3964,"length":49.9151,"mcpPosition":[47.4266,260.752,-5.64487],"pipPosition":[31.004,239.197,-27.7053],"stabilizedTipPosition":[20.7685,222.907,-1.30022],"timeVisible":39.3262,"tipPosition":[22.0699,224.629,-2.03667],"tipVelocity":[30.4516,277.318,-36.4609],"tool":false,"touchDistance":0.333333,"touchZone":"none","type":4,"width":15.8681}],"r":[[0.851073,0.477809,-0.217657],[-0.441355,0.875586,0.196351],[0.284396,-0.0710451,0.956071]],"s":1.69821,"t":[52.815,-86.8732,-73.2894],"timestamp":88452621016},false],[3,{"currentFrameRate":48.6166,"devices":[],"gestures":[],"hands":[{"armBasis":[[0.993522,-0.113514,-0.00534133],[0.113637,0.992694,0.0405559],[0.000698665,-0.0409001,0.999163]],"armWidth":62.9686,"confidence":0.602569,"direction":[-0.0166459,0.684296,-0.729014],"elbow":[20.2428,216.24,314.205],"grabStrength":0.466163,"id":396,"palmNormal":[-0.16333,-0.721182,-0.673216],"palmPosition":[11.0402,261.403,6.76844],"palmVelocity":[41.2038,214.366,40.8681],"palmWidth":89.917,"pinchStrength":0.781228,"r":[[0.871229,0.460352,-0.170402],[-0.412208,0.874601,0.255261],[0.266543,-0.152149,0.951738]],"s":1.75761,"sphereCenter":[9.75365,238.871,-33.8988],"sphereRadius":42.5319,"stabilizedPalmPosition":[10.9657,260.841,6.79058],"t":[53.9867,-82.226,-72.1341],"timeVisible":39.3444,"type":"right","wrist":[20.0564,227.153,47.6126]}],"id":1399021,"interactionBox":{"center":[0,200,0],"size":[235.247,235.247,147.751]},"pointables":[{"bases":[[[0.539776,0.735169,0.410083],[-0.714334,0.142274,0.68519],[0.445386,-0.662785,0.601953]],[[0.274092,0.957771,0.0868769],[-0.863332,0.205249,0.46101],[0.423711,-0.201363,0.883132]],[[0.274092,0.957771,0.0868769],[-0.955785,0.261285,0.134927],[0.10653,-0.120018,0.98704]],[[0.274092,0.957771,0.0868769],[-0.945116,0.284969,-0.159841],[-0.177848,-0.0382976,0.983312]]],"btipPosition":[-29.7975,235.043,-53.1828],"carpPosition":[-9.42014,220.181,46.3797],"dipPosition":[-33.9107,234.158,-30.4411],"direction":[-0.10653,0.120018,-0.98704],"extended":false,"handId":396,"id":3960,"length":51.5018,"mcpPosition":[-9.42014,220.181,46.3797],"pipPosition":[-30.3213,230.114,2.81575],"stabilizedTipPosition":[-30.8157,234.471,-47.8156],"timeVisible":39.3444,"tipPosition":[-29.4255,237.201,-46.3039],"tipVelocity":[53.6069,310.104,-108.467],"tool":false,"touchDistance":-0.465537,"touchZone":"touching","type":0,"width":20.0112},{"bases":[[[0.969633,0.00856232,-0.244417],[0.13452,0.815958,0.562243],[0.204248,-0.578048,0.790027]],[[0.949225,0.0567324,-0.309441],[-0.0741297,0.996244,-0.0447466],[0.30574,0.0654134,0.949865]],[[0.949225,0.0567324,-0.309441],[-0.221653,0.818617,-0.529845],[0.223254,0.571531,0.789626]],[[0.949225,0.0567324,-0.309441],[-0.288547,0.548917,-0.784494],[0.125351,0.83395,0.537415]]],"btipPosition":[-33.8567,252.009,-75.0053],"carpPosition":[1.42192,240.492,50.6928],"dipPosition":[-31.7403,266.089,-65.9315],"direction":[-0.223254,-0.571531,-0.789626],"extended":false,"handId":396,"id":3961,"length":58.114,"mcpPosition":[-13.4273,282.517,-6.74376],"pipPosition":[-26.4077,279.74,-47.071],"stabilizedTipPosition":[-33.6579,248.867,-70.6375],"timeVisible":39.3444,"tipPosition":[-33.1958,255.403,-71.7871],"tipVelocity":[-8.6477,483.756,-220.07],"tool":false,"touchDistance":-0.562273,"touchZone":"touching","type":1,"width":19.1147},{"bases":[[[0.951078,-0.20884,-0.227677],[0.300963,0.792769,0.530036],[0.0698031,-0.572628,0.816838]],[[0.951071,-0.208786,-0.227755],[-0.0163354,0.702129,-0.711863],[0.30854,0.680752,0.664364]],[[0.951071,-0.208786,-0.227755],[-0.307354,-0.563972,-0.766466],[0.0315795,0.798965,-0.600548]],[[0.951071,-0.208786,-0.227755],[-0.271492,-0.916616,-0.29344],[-0.147498,0.340916,-0.928451]]],"btipPosition":[-4.45633,220.576,-5.60772],"carpPosition":[13.201,242.304,48.2367],"dipPosition":[-7.19543,226.907,-22.8494],"direction":[-0.0315795,-0.798965,0.600548],"extended":false,"handId":396,"id":3962,"length":66.2163,"mcpPosition":[8.38837,281.784,-8.08048],"pipPosition":[-6.30801,249.359,-39.7255],"stabilizedTipPosition":[-5.12609,221.883,-9.46965],"timeVisible":39.3444,"tipPosition":[-5.38199,222.535,-10.6935],"tipVelocity":[50.947,242.355,-114.909],"tool":false,"touchDistance":0.333333,"touchZone":"none","type":2,"width":18.7732},{"bases":[[[0.925571,-0.349995,-0.144296],[0.370216,0.757165,0.538184],[-0.0791059,-0.551548,0.830384]],[[0.924228,-0.358537,-0.131354],[0.138763,0.635854,-0.759233],[0.355735,0.683477,0.637426]],[[0.924228,-0.358537,-0.131354],[-0.330826,-0.5801,-0.744338],[0.190674,0.731393,-0.654758]],[[0.924228,-0.358537,-0.131354],[-0.380977,-0.888987,-0.254085],[-0.0256732,0.284876,-0.958221]]],"btipPosition":[9.34614,219.633,1.36608],"carpPosition":[24.9018,240.951,45.2955],"dipPosition":[8.87211,224.893,-16.3262],"direction":[-0.190674,-0.731393,0.654758],"extended":false,"handId":396,"id":3963,"length":63.6687,"mcpPosition":[29.7985,275.093,-6.10631],"pipPosition":[14.0919,244.915,-34.2504],"stabilizedTipPosition":[9.13305,220.404,-2.37427],"timeVisible":39.3444,"tipPosition":[9.63373,221.173,-3.12749],"tipVelocity":[39.3924,216.872,-105.874],"tool":false,"touchDistance":0.333333,"touchZone":"none","type":3,"width":17.8639},{"bases":[[[0.836216,-0.53174,-0.134145],[0.501216,0.641788,0.580423],[-0.222542,-0.552594,0.80319]],[[0.805498,-0.591111,-0.0419704],[0.369771,0.556698,-0.74388],[0.46308,0.583674,0.666994]],[[0.805498,-0.591111,-0.0419704],[-0.40434,-0.496447,-0.768147],[0.433224,0.635711,-0.638897]],[[0.805498,-0.591111,-0.0419704],[-0.574679,-0.761892,-0.298772],[0.144631,0.26478,-0.953401]]],"btipPosition":[21.0519,227.248,-0.186706],"carpPosition":[35.318,232.776,40.555],"dipPosition":[23.5155,231.758,-16.4265],"direction":[-0.433224,-0.635711,0.638897],"extended":false,"handId":396,"id":3964,"length":49.9151,"mcpPosition":[48.07,264.44,-5.46893],"pipPosition":[31.8889,244.045,-28.7752],"stabilizedTipPosition":[21.4392,227.15,-3.36864],"timeVisible":39.3444,"tipPosition":[22.62,228.162,-4.04423],"tipVelocity":[29.927,238.54,-71.1655],"tool":false,"touchDistance":0.333333,"touchZone":"none","type":4,"width":15.8681}],"r":[[0.871229,0.460352,-0.170402],[-0.412208,0.874601,0.255261],[0.266543,-0.152149,0.951738]],"s":1.75761,"t":[53.9867,-82.226,-72.1341],"timestamp":88452639211},false],[4,{"currentFrameRate":49.2312,"devices":[],"gestures":[],"hands":[{"armBasis":[[0.992676,-0.120715,0.00471779],[0.120486,0.992128,0.0341211],[-0.00879957,-0.0333028,0.999407]],"armWidth":62.9686,"confidence":0.605883,"direction":[-0.00213756,0.726322,-0.687352],"elbow":[17.5873,218.567,311.904],"grabStrength":0.45645,"id":396,"palmNormal":[-0.170078,-0.677603,-0.715491],"palmPosition":[11.6719,264.188,6.45406],"palmVelocity":[38.3872,186.494,13.2782],"palmWidth":89.917,"pinchStrength":0.758259,"r":[[0.88783,0.442254,-0.12716],[-0.387347,0.867411,0.312346],[0.248436,-0.228055,0.941419]],"s":1.80054,"sphereCenter":[9.94815,244.212,-35.4115],"sphereRadius":42.4832,"stabilizedPalmPosition":[11.598,263.838,6.48926],"t":[54.8885,-78.5099,-71.7136],"timeVisible":39.3623,"type":"right","wrist":[19.9351,227.453,45.2464]}],"id":1399022,"interactionBox":{"center":[0,200,0],"size":[235.247,235.247,147.751]},"pointables":[{"bases":[[[0.548239,0.701369,0.455539],[-0.716171,0.112428,0.68881],[0.431894,-0.703876,0.563938]],[[0.288123,0.946541,0.145073],[-0.863673,0.191432,0.466286],[0.413587,-0.259643,0.872658]],[[0.288123,0.946541,0.145073],[-0.952659,0.267971,0.143637],[0.0970832,-0.17959,0.978939]],[[0.288123,0.946541,0.145073],[-0.936958,0.309941,-0.161387],[-0.197723,-0.089428,0.97617]]],"btipPosition":[-28.7342,241.942,-55.1522],"carpPosition":[-9.63419,221.015,43.4554],"dipPosition":[-33.3071,239.874,-32.5758],"direction":[-0.0970832,0.17959,-0.978939],"extended":false,"handId":396,"id":3960,"length":51.5018,"mcpPosition":[-9.63419,221.015,43.4554],"pipPosition":[-30.036,233.823,0.408166],"stabilizedTipPosition":[-29.8498,241.033,-49.8269],"timeVisible":39.3623,"tipPosition":[-28.7089,243.535,-48.3154],"tipVelocity":[53.5173,338.25,-110.13],"tool":false,"touchDistance":-0.477428,"touchZone":"touching","type":0,"width":20.0112},{"bases":[[[0.97108,0.00821472,-0.238613],[0.14334,0.779193,0.610174],[0.190938,-0.62673,0.755481]],[[0.951862,0.060249,-0.300546],[-0.0570666,0.998183,0.0193645],[0.301167,-0.00128114,0.953571]],[[0.951862,0.060249,-0.300546],[-0.202659,0.859315,-0.469582],[0.229972,0.507886,0.83016]],[[0.951862,0.060249,-0.300546],[-0.271484,0.620942,-0.735341],[0.142318,0.781537,0.607408]]],"btipPosition":[-33.0801,261.161,-76.4774],"carpPosition":[1.48368,240.869,49.0163],"dipPosition":[-30.6772,274.357,-66.2219],"direction":[-0.229972,-0.507886,-0.83016],"extended":false,"handId":396,"id":3961,"length":58.114,"mcpPosition":[-12.3979,286.434,-5.90867],"pipPosition":[-25.1842,286.488,-46.3932],"stabilizedTipPosition":[-32.9087,259.026,-72.9446],"timeVisible":39.3623,"tipPosition":[-32.3158,264.009,-72.9722],"tipVelocity":[17.6388,491.067,-147.745],"tool":false,"touchDistance":-0.552384,"touchZone":"touching","type":1,"width":19.1147},{"bases":[[[0.949189,-0.209489,-0.234851],[0.309606,0.755415,0.577487],[0.056433,-0.620856,0.781891]],[[0.949119,-0.208733,-0.235803],[-0.00273599,0.743285,-0.668969],[0.314905,0.635577,0.704895]],[[0.949119,-0.208733,-0.235803],[-0.311533,-0.512864,-0.799948],[0.0460406,0.832707,-0.551797]],[[0.949119,-0.208733,-0.235803],[-0.282998,-0.893805,-0.347887],[-0.138146,0.396918,-0.907398]]],"btipPosition":[-4.31596,224.404,-8.39564],"carpPosition":[13.3027,242.644,46.7308],"dipPosition":[-6.88139,231.775,-25.2464],"direction":[-0.0460406,-0.832707,0.551797],"extended":false,"handId":396,"id":3962,"length":66.2163,"mcpPosition":[9.41194,285.449,-7.1769],"pipPosition":[-5.5876,255.175,-40.7525],"stabilizedTipPosition":[-4.92318,225.77,-12.0528],"timeVisible":39.3623,"tipPosition":[-5.19387,226.656,-13.3291],"tipVelocity":[31.6323,235.046,-131.725],"tool":false,"touchDistance":0.333333,"touchZone":"none","type":2,"width":18.7732},{"bases":[[[0.921089,-0.354916,-0.160091],[0.378272,0.718341,0.583863],[-0.0922228,-0.598348,0.795911]],[[0.919087,-0.36667,-0.144332],[0.154469,0.672205,-0.724072],[0.362516,0.64319,0.674454]],[[0.919087,-0.36667,-0.144332],[-0.334751,-0.533273,-0.776892],[0.207895,0.762347,-0.612867]],[[0.919087,-0.36667,-0.144332],[-0.39384,-0.866837,-0.305753],[-0.0130019,0.337857,-0.941108]]],"btipPosition":[9.25076,222.821,-1.11967],"carpPosition":[24.9992,241.288,43.7735],"dipPosition":[9.0107,229.059,-18.496],"direction":[-0.207895,-0.762347,0.612867],"extended":false,"handId":396,"id":3963,"length":63.6687,"mcpPosition":[30.708,278.327,-5.49442],"pipPosition":[14.7019,249.928,-35.2734],"stabilizedTipPosition":[9.18428,223.561,-4.62187],"timeVisible":39.3623,"tipPosition":[9.61042,224.593,-5.5937],"tipVelocity":[19.689,204.346,-119.45],"tool":false,"touchDistance":0.333333,"touchZone":"none","type":3,"width":17.8639},{"bases":[[[0.828977,-0.535562,-0.161152],[0.507286,0.598691,0.619863],[-0.235495,-0.595603,0.767984]],[[0.794508,-0.603512,-0.0673146],[0.387398,0.589096,-0.709147],[0.467633,0.537345,0.70184]],[[0.794508,-0.603512,-0.0673146],[-0.405224,-0.444352,-0.798965],[0.452273,0.662061,-0.597598]],[[0.794508,-0.603512,-0.0673146],[-0.585968,-0.73284,-0.345815],[0.159372,0.314197,-0.935885]]],"btipPosition":[21.0181,230.454,-2.42829],"carpPosition":[35.3203,233.249,38.6102],"dipPosition":[23.7328,235.806,-18.3697],"direction":[-0.452273,-0.662062,0.597598],"extended":false,"handId":396,"id":3964,"length":49.9151,"mcpPosition":[48.8145,267.378,-5.39632],"pipPosition":[32.4744,248.602,-29.9202],"stabilizedTipPosition":[21.5965,230.66,-5.47845],"timeVisible":39.3623,"tipPosition":[22.644,231.533,-6.22407],"tipVelocity":[16.4208,215.442,-94.8094],"tool":false,"touchDistance":0.333333,"touchZone":"none","type":4,"width":15.8681}],"r":[[0.88783,0.442254,-0.12716],[-0.387347,0.867411,0.312346],[0.248436,-0.228055,0.941419]],"s":1.80054,"t":[54.8885,-78.5099,-71.7136],"timestamp":88452657137},false],[5,{"currentFrameRate":49.7313,"devices":[],"gestures":[],"hands":[{"armBasis":[[0.989893,-0.14075,-0.0173821],[0.141364,0.989088,0.0414842],[0.0113535,-0.0435221,0.998988]],"armWidth":62.9686,"confidence":0.62566,"direction":[0.0209448,0.754887,-0.65552],"elbow":[22.6536,216.941,309.632],"grabStrength":0.439388,"id":396,"palmNormal":[-0.182561,-0.641753,-0.744866],"palmPosition":[12.558,267.116,5.862],"palmVelocity":[43.3189,174.33,-8.59583],"palmWidth":89.917,"pinchStrength":0.721669,"r":[[0.902542,0.421358,-0.088741],[-0.364209,0.856939,0.364701],[0.229715,-0.296838,0.926886]],"s":1.83219,"sphereCenter":[10.2549,249.079,-36.8079],"sphereRadius":42.485,"stabilizedPalmPosition":[12.4948,266.9,5.90328],"t":[55.7824,-75.1877,-71.7994],"timeVisible":39.3805,"type":"right","wrist":[19.6242,228.554,43.0857]}],"id":1399023,"interactionBox":{"center":[0,200,0],"size":[235.247,235.247,147.751]},"pointables":[{"bases":[[[0.56292,0.66687,0.488268],[-0.717619,0.101263,0.689034],[0.410053,-0.738261,0.535562]],[[0.311655,0.931473,0.187692],[-0.862181,0.194189,0.467904],[0.399392,-0.30765,0.863619]],[[0.311655,0.931473,0.187692],[-0.946668,0.287376,0.145724],[0.0818001,-0.223098,0.971358]],[[0.311655,0.931473,0.187692],[-0.923408,0.343474,-0.171301],[-0.22403,-0.119929,0.967175]]],"btipPosition":[-27.3636,248.429,-56.8418],"carpPosition":[-10.0871,222.963,40.8565],"dipPosition":[-32.5449,245.656,-34.4734],"direction":[-0.0818001,0.223098,-0.971358],"extended":false,"handId":396,"id":3960,"length":51.5018,"mcpPosition":[-10.0871,222.963,40.8565],"pipPosition":[-29.7887,238.139,-1.74492],"stabilizedTipPosition":[-28.6261,247.422,-51.5948],"timeVisible":39.3805,"tipPosition":[-27.7574,249.583,-50.1419],"tipVelocity":[60.2713,342.792,-103.163],"tool":false,"touchDistance":-0.484081,"touchZone":"touching","type":0,"width":20.0112},{"bases":[[[0.972533,-0.00660641,-0.232669],[0.159122,0.748412,0.643863],[0.169879,-0.663201,0.728907]],[[0.955083,0.0484493,-0.292352],[-0.0286426,0.997018,0.0716557],[0.294952,-0.0600634,0.953622]],[[0.955083,0.0484493,-0.292352],[-0.171647,0.894646,-0.412489],[0.241567,0.444142,0.862777]],[[0.955083,0.0484493,-0.292352],[-0.244005,0.688402,-0.683055],[0.168163,0.723709,0.669303]]],"btipPosition":[-31.9857,270.206,-78.0617],"carpPosition":[1.49643,242.267,47.3264],"dipPosition":[-29.1464,282.425,-66.7611],"direction":[-0.241567,-0.444142,-0.862777],"extended":false,"handId":396,"id":3961,"length":58.114,"mcpPosition":[-10.8541,290.483,-5.66662],"pipPosition":[-23.3765,293.033,-46.1534],"stabilizedTipPosition":[-31.7227,269.554,-74.8394],"timeVisible":39.3805,"tipPosition":[-31.0791,272.389,-74.302],"tipVelocity":[40.5723,488.148,-112.498],"tool":false,"touchDistance":-0.545638,"touchZone":"touching","type":1,"width":19.1147},{"bases":[[[0.945072,-0.223635,-0.238383],[0.324941,0.721779,0.611104],[0.0353955,-0.654998,0.754801]],[[0.944974,-0.221887,-0.240396],[0.0190424,0.770891,-0.636682],[0.326591,0.597071,0.732697]],[[0.944974,-0.221887,-0.240396],[-0.319574,-0.468918,-0.8234],[0.0699755,0.854916,-0.514025]],[[0.944974,-0.221887,-0.240396],[-0.30316,-0.87012,-0.388567],[-0.122956,0.440065,-0.889508]]],"btipPosition":[-4.30778,228.356,-10.7921],"carpPosition":[13.3718,243.833,45.1845],"dipPosition":[-6.59111,236.528,-27.3106],"direction":[-0.0699755,-0.854916,0.514025],"extended":false,"handId":396,"id":3962,"length":66.2163,"mcpPosition":[10.9314,288.992,-6.85543],"pipPosition":[-4.62473,260.552,-41.7553],"stabilizedTipPosition":[-4.84286,229.745,-14.3125],"timeVisible":39.3805,"tipPosition":[-5.09974,230.848,-15.5787],"tipVelocity":[18.4526,231.414,-129.74],"tool":false,"touchDistance":0.333333,"touchZone":"none","type":2,"width":18.7732},{"bases":[[[0.912777,-0.371356,-0.170095],[0.392594,0.682709,0.616261],[-0.112727,-0.629288,0.768954]],[[0.910134,-0.38484,-0.153474],[0.178242,0.698091,-0.693469],[0.374013,0.603795,0.703951]],[[0.910134,-0.38484,-0.153474],[-0.342345,-0.4899,-0.801747],[0.233357,0.782238,-0.577623]],[[0.910134,-0.38484,-0.153474],[-0.414297,-0.842059,-0.34539],[0.00368594,0.377935,-0.925825]]],"btipPosition":[9.05729,226.207,-3.53734],"carpPosition":[25.0493,242.304,42.2365],"dipPosition":[9.12534,233.185,-20.6315],"direction":[-0.233357,-0.782238,0.577623],"extended":false,"handId":396,"id":3963,"length":63.6687,"mcpPosition":[32.0272,281.258,-5.36274],"pipPosition":[15.5136,254.599,-36.4441],"stabilizedTipPosition":[9.09906,226.815,-6.80101],"timeVisible":39.3805,"tipPosition":[9.50923,228.138,-7.8948],"tipVelocity":[7.07468,200.15,-124.182],"tool":false,"touchDistance":0.333333,"touchZone":"none","type":3,"width":17.8639},{"bases":[[[0.816096,-0.549358,-0.179424],[0.518273,0.558343,0.647801],[-0.255695,-0.621659,0.740379]],[[0.77747,-0.623162,-0.0849093],[0.410263,0.604852,-0.682524],[0.47668,0.495807,0.725915]],[[0.77747,-0.623162,-0.0849093],[-0.40999,-0.399812,-0.819792],[0.476915,0.672176,-0.566332]],[[0.77747,-0.623162,-0.0849093],[-0.603521,-0.701261,-0.379468],[0.176926,0.34627,-0.9213]]],"btipPosition":[20.9598,233.638,-4.36086],"carpPosition":[35.1959,234.231,36.7898],"dipPosition":[23.9735,239.536,-20.0539],"direction":[-0.476915,-0.672176,0.566332],"extended":false,"handId":396,"id":3964,"length":49.9151,"mcpPosition":[49.8476,269.853,-5.63494],"pipPosition":[33.1913,252.528,-31],"stabilizedTipPosition":[21.6389,233.914,-7.34915],"timeVisible":39.3805,"tipPosition":[22.6431,234.811,-8.11193],"tipVelocity":[8.85792,199.47,-98.7754],"tool":false,"touchDistance":0.333333,"touchZone":"none","type":4,"width":15.8681}],"r":[[0.902542,0.421358,-0.088741],[-0.364209,0.856939,0.364701],[0.229715,-0.296838,0.926886]],"s":1.83219,"t":[55.7824,-75.1877,-71.7994],"timestamp":88452675324},false],[6,{"currentFrameRate":50.2178,"devices":[],"gestures":[],"hands":[{"armBasis":[[0.985364,-0.168945,-0.02271],[0.169879,0.98426,0.0487156],[0.0141223,-0.0518605,0.998554]],"armWidth":62.9686,"confidence":0.585057,"direction":[0.0476768,0.783154,-0.619998],"elbow":[23.1449,215.744,307.207],"grabStrength":0.422404,"id":396,"palmNormal":[-0.202422,-0.600249,-0.773774],"palmPosition":[13.6887,270.034,5.36698],"palmVelocity":[52.4777,168.248,-17.5298],"palmWidth":89.917,"pinchStrength":0.681538,"r":[[0.916199,0.396925,-0.0550451],[-0.340821,0.844099,0.413931],[0.210763,-0.360482,0.908643]],"s":1.85525,"sphereCenter":[10.4283,254.193,-38.0141],"sphereRadius":42.4192,"stabilizedPalmPosition":[13.6351,269.893,5.39107],"t":[56.7947,-72.0679,-72.0898],"timeVisible":39.3985,"type":"right","wrist":[19.3769,229.581,40.7767]}],"id":1399024,"interactionBox":{"center":[0,200,0],"size":[235.247,235.247,147.751]},"pointables":[{"bases":[[[0.583954,0.624352,0.518828],[-0.71528,0.0934948,0.692556],[0.383891,-0.775528,0.501183]],[[0.343618,0.90999,0.232045],[-0.856819,0.202639,0.47413],[0.384433,-0.36174,0.849327]],[[0.343618,0.90999,0.232045],[-0.936854,0.31505,0.151816],[0.0650452,-0.269559,0.960785]],[[0.343618,0.90999,0.232045],[-0.901152,0.389045,-0.191232],[-0.264294,-0.143397,0.953722]]],"btipPosition":[-25.5435,255.345,-58.051],"carpPosition":[-10.5007,225.102,38.2749],"dipPosition":[-31.656,252.028,-35.9937],"direction":[-0.0650452,0.269559,-0.960785],"extended":false,"handId":396,"id":3960,"length":51.5018,"mcpPosition":[-10.5007,225.102,38.2749],"pipPosition":[-29.4644,242.946,-3.62148],"stabilizedTipPosition":[-27.0272,254.25,-52.9136],"timeVisible":39.3985,"tipPosition":[-26.5742,256.087,-51.576],"tipVelocity":[73.874,358.542,-87.8439],"tool":false,"touchDistance":-0.483217,"touchZone":"touching","type":0,"width":20.0112},{"bases":[[[0.972256,-0.0285936,-0.232164],[0.182792,0.712177,0.677784],[0.145961,-0.701417,0.697645]],[[0.95684,0.0295576,-0.289108],[0.00778787,0.991849,0.127179],[0.290511,-0.123941,0.948811]],[[0.95684,0.0295576,-0.289108],[-0.134017,0.927599,-0.348711],[0.257869,0.372406,0.891525]],[[0.95684,0.0295576,-0.289108],[-0.211372,0.753515,-0.622525],[0.199447,0.656766,0.727241]]],"btipPosition":[-30.7616,279.96,-78.941],"carpPosition":[1.71076,243.687,45.6349],"dipPosition":[-27.3941,291.048,-66.6622],"direction":[-0.257869,-0.372406,-0.891525],"extended":false,"handId":396,"id":3961,"length":58.114,"mcpPosition":[-8.90093,294.682,-5.08531],"pipPosition":[-21.2348,299.944,-45.3678],"stabilizedTipPosition":[-30.2937,280.221,-75.8912],"timeVisible":39.3985,"tipPosition":[-29.7302,281.503,-75.0039],"tipVelocity":[56.6858,505.948,-76.274],"tool":false,"touchDistance":-0.529222,"touchZone":"touching","type":1,"width":19.1147},{"bases":[[[0.937535,-0.244082,-0.247896],[0.347692,0.681518,0.643928],[0.0117744,-0.689897,0.723812]],[[0.937473,-0.240983,-0.251142],[0.0439362,0.797712,-0.601436],[0.345275,0.552796,0.758421]],[[0.937473,-0.240983,-0.251142],[-0.333778,-0.417871,-0.844971],[0.0986788,0.875963,-0.472177]],[[0.937473,-0.240983,-0.251142],[-0.331188,-0.83953,-0.430702],[-0.107049,0.486947,-0.866847]]],"btipPosition":[-4.40643,232.525,-13.0878],"carpPosition":[13.6365,244.949,43.5744],"dipPosition":[-6.39438,241.568,-29.1854],"direction":[-0.0986788,-0.875963,0.472177],"extended":false,"handId":396,"id":3962,"length":66.2163,"mcpPosition":[12.8247,292.514,-6.32903],"pipPosition":[-3.6214,266.184,-42.4541],"stabilizedTipPosition":[-4.86081,233.94,-16.4511],"timeVisible":39.3985,"tipPosition":[-5.10262,235.288,-17.6924],"tipVelocity":[8.88133,236.403,-125.941],"tool":false,"touchDistance":0.333333,"touchZone":"none","type":2,"width":18.7732},{"bases":[[[0.900153,-0.393622,-0.186511],[0.413984,0.639998,0.647317],[-0.135431,-0.659897,0.73905]],[[0.896672,-0.409227,-0.168856],[0.205609,0.722764,-0.659801],[0.392052,0.556907,0.732223]],[[0.896672,-0.409227,-0.168856],[-0.355566,-0.438517,-0.825394],[0.263728,0.800147,-0.538713]],[[0.896672,-0.409227,-0.168856],[-0.442184,-0.809589,-0.386055],[0.0212801,0.42083,-0.90689]]],"btipPosition":[8.72305,229.751,-6.02005],"carpPosition":[25.2623,243.166,40.5658],"dipPosition":[9.11596,237.522,-22.7646],"direction":[-0.263728,-0.800147,0.538713],"extended":false,"handId":396,"id":3963,"length":63.6687,"mcpPosition":[33.6457,284.015,-5.18238],"pipPosition":[16.3356,259.426,-37.512],"stabilizedTipPosition":[8.89592,230.174,-8.9845],"timeVisible":39.3985,"tipPosition":[9.27659,231.846,-10.2189],"tipVelocity":[-3.1093,203.084,-128.371],"tool":false,"touchDistance":0.333333,"touchZone":"none","type":3,"width":17.8639},{"bases":[[[0.797569,-0.567652,-0.204095],[0.535349,0.510153,0.673161],[-0.278001,-0.646155,0.710774]],[[0.75484,-0.646567,-0.110307],[0.434269,0.618686,-0.654705],[0.491556,0.446294,0.747793]],[[0.75484,-0.646567,-0.110307],[-0.420582,-0.348075,-0.837827],[0.503317,0.678819,-0.534675]],[[0.75484,-0.646567,-0.110307],[-0.626949,-0.661816,-0.411016],[0.192747,0.379409,-0.90493]]],"btipPosition":[20.8862,236.863,-6.35109],"carpPosition":[35.1437,235.015,34.7584],"dipPosition":[24.1693,243.326,-21.7652],"direction":[-0.503317,-0.678819,0.534675],"extended":false,"handId":396,"id":3964,"length":49.9151,"mcpPosition":[51.0736,272.041,-5.96997],"pipPosition":[33.8975,256.446,-32.0995],"stabilizedTipPosition":[21.6406,237.079,-9.16687],"timeVisible":39.3985,"tipPosition":[22.6119,238.13,-10.0512],"tipVelocity":[4.34571,192.96,-102.51],"tool":false,"touchDistance":0.333333,"touchZone":"none","t