{"sensorType":"Leap","data":[[0,{"currentFrameRate":55.2753,"devices":[],"gestures":[{"center":[-28.3058,340.442,-98.1811],"duration":0,"handIds":[396],"id":4,"normal":[-0.103201,-0.0125725,0.994581],"pointableIds":[3961],"progress":0.944657,"radius":12.5779,"state":"start","type":"circle"}],"hands":[{"armBasis":[[0.996499,-0.0400025,0.0734089],[0.0272397,0.985534,0.167276],[-0.0790383,-0.16469,0.983173]],"armWidth":62.9686,"confidence":0.398888,"direction":[-0.162923,0.616165,-0.770582],"elbow":[23.1143,220.012,302.495],"grabStrength":0,"id":396,"palmNormal":[-0.118617,-0.787585,-0.604682],"palmPosition":[27.6243,293.419,-2.01626],"palmVelocity":[83.7553,-45.2167,113.718],"palmWidth":89.917,"pinchStrength":0.525152,"r":[[0.960173,0.182898,-0.211226],[-0.0249573,0.809101,0.58714],[0.27829,-0.558484,0.781441]],"s":1.70782,"sphereCenter":[28.0532,265.083,-43.5819],"sphereRadius":45.5945,"stabilizedPalmPosition":[17.459,299.01,-12.1018],"t":[70.2292,-44.7513,-81.8451],"timeVisible":14.8774,"type":"right","wrist":[44.203,263.954,40.1687]}],"id":1397684,"interactionBox":{"center":[0,200,0],"size":[235.247,235.247,147.751]},"pointables":[{"bases":[[[0.468444,0.827533,0.309434],[-0.671652,0.106028,0.733241],[0.573972,-0.551314,0.605482]],[[0.323889,0.93214,0.161895],[-0.871981,0.227721,0.43335],[0.367076,-0.281527,0.886565]],[[0.323889,0.93214,0.161895],[-0.912347,0.262433,0.314249],[0.250438,-0.249486,0.935434]],[[0.323889,0.93214,0.161895],[-0.618687,0.338139,-0.709146],[-0.715767,0.129523,0.686223]]],"btipPosition":[5.90249,272.563,-49.1272],"carpPosition":[15.8941,253.265,41.9949],"dipPosition":[-10.6515,275.558,-33.2565],"direction":[-0.250438,0.249486,-0.935434],"extended":false,"handId":396,"id":3960,"length":51.5018,"mcpPosition":[15.8941,253.265,41.9949],"pipPosition":[-2.21335,267.152,-1.73841],"stabilizedTipPosition":[-2.4041,278.205,-51.6477],"timeVisible":14.8774,"tipPosition":[3.85798,272.23,-45.2618],"tipVelocity":[74.7602,-90.9867,116.785],"tool":false,"touchDistance":0.231481,"touchZone":"hovering","type":0,"width":20.0112},{"bases":[[[0.938223,0.110466,-0.327926],[0.0690844,0.868799,0.490322],[0.339066,-0.482686,0.807495]],[[0.980715,0.0309293,-0.192982],[-0.00088877,0.988094,0.153846],[0.195443,-0.150707,0.969066]],[[0.980715,0.0309293,-0.192982],[-0.0494193,0.994555,-0.0917459],[0.189094,0.0995136,0.976904]],[[0.980715,0.0309293,-0.192982],[-0.0819118,0.961542,-0.26216],[0.177452,0.272912,0.945532]]],"btipPosition":[-16.1911,309.561,-95.2217],"carpPosition":[24.2701,275.055,43.9254],"dipPosition":[-13.195,314.169,-79.2572],"direction":[-0.189094,-0.0995136,-0.976904],"extended":true,"handId":396,"id":3961,"length":58.114,"mcpPosition":[-0.380705,310.147,-14.7811],"pipPosition":[-8.67838,316.546,-55.9235],"stabilizedTipPosition":[-15.5244,310.706,-91.5685],"timeVisible":14.8774,"tipPosition":[-15.6174,312.113,-91.4324],"tipVelocity":[101.73,-266.205,72.4983],"tool":false,"touchDistance":-0.206422,"touchZone":"touching","type":1,"width":19.1147},{"bases":[[[0.94979,-0.1055,-0.294567],[0.234135,0.864159,0.445433],[0.207559,-0.492036,0.84547]],[[0.952054,-0.111002,-0.285083],[-0.167564,0.590446,-0.789491],[0.255961,0.799407,0.543536]],[[0.952054,-0.111002,-0.285083],[-0.305583,-0.389468,-0.868869],[-0.0145842,0.914327,-0.404715]],[[0.952054,-0.111002,-0.285083],[-0.2704,-0.741193,-0.614423],[-0.143099,0.66205,-0.735671]]],"btipPosition":[12.0476,235.985,-18.8134],"carpPosition":[35.4825,278.127,40.3329],"dipPosition":[9.39014,248.28,-32.4751],"direction":[0.0145842,-0.914327,0.404715],"extended":false,"handId":396,"id":3962,"length":66.2163,"mcpPosition":[21.1723,312.051,-17.9583],"pipPosition":[8.98031,273.973,-43.848],"stabilizedTipPosition":[-3.91849,248.962,-38.8182],"timeVisible":14.8774,"tipPosition":[11.1204,238.683,-22.9709],"tipVelocity":[154.152,-82.962,153.767],"tool":false,"touchDistance":0.333333,"touchZone":"none","type":2,"width":18.7732},{"bases":[[[0.949611,-0.241599,-0.199673],[0.307892,0.838288,0.449974],[0.05867,-0.488778,0.870433]],[[0.949743,-0.242725,-0.197667],[-0.0234017,0.574641,-0.818071],[0.312154,0.781583,0.540081]],[[0.949743,-0.242725,-0.197667],[-0.281874,-0.388505,-0.877275],[0.136142,0.888903,-0.437398]],[[0.949743,-0.242725,-0.197667],[-0.313009,-0.729176,-0.608545],[0.00357547,0.639833,-0.768505]]],"btipPosition":[25.7894,237.62,-15.0784],"carpPosition":[46.9966,278.021,36.4852],"dipPosition":[25.8555,249.434,-29.2679],"direction":[-0.136142,-0.888903,0.437398],"extended":false,"handId":396,"id":3963,"length":63.6687,"mcpPosition":[43.3648,308.277,-17.3957],"pipPosition":[29.5824,273.768,-41.2418],"stabilizedTipPosition":[9.521,249.6,-36.5555],"timeVisible":14.8774,"tipPosition":[25.6074,240.221,-19.1269],"tipVelocity":[153.297,-64.7859,167.259],"tool":false,"touchDistance":0.333333,"touchZone":"none","type":3,"width":17.8639},{"bases":[[[0.886005,-0.431712,-0.169173],[0.455809,0.744007,0.488561],[-0.0850515,-0.509978,0.855972]],[[0.880928,-0.455593,-0.12807],[0.181263,0.574802,-0.797964],[0.437162,0.679734,0.588941]],[[0.880928,-0.455593,-0.12807],[-0.286773,-0.298617,-0.910269],[0.376468,0.838608,-0.393711]],[[0.880928,-0.455593,-0.12807],[-0.420154,-0.628362,-0.6547],[0.217802,0.630552,-0.744961]]],"btipPosition":[36.6115,249.384,-17.893],"carpPosition":[57.9996,270.862,31.4353],"dipPosition":[40.3214,260.125,-30.5823],"direction":[-0.376468,-0.838608,0.393711],"extended":false,"handId":396,"id":3964,"length":49.9151,"mcpPosition":[62.8732,300.085,-17.6131],"pipPosition":[47.5978,276.333,-38.192],"stabilizedTipPosition":[23.2554,259.469,-35.9635],"timeVisible":14.8774,"tipPosition":[37.5408,251.817,-20.9001],"tipVelocity":[139.786,-52.5427,162.596],"tool":false,"touchDistance":0.333333,"touchZone":"none","type":4,"width":15.8681}],"r":[[0.960173,0.182898,-0.211226],[-0.0249573,0.809101,0.58714],[0.27829,-0.558484,0.781441]],"s":1.70782,"t":[70.2292,-44.7513,-81.8451],"timestamp":88428172285},true],[1,{"currentFrameRate":55.3711,"devices":[],"gestures":[{"center":[-28.3058,340.442,-98.1811],"duration":0,"handIds":[396],"id":4,"normal":[-0.103201,-0.0125725,0.994581],"pointableIds":[3961],"progress":0.944657,"radius":12.5779,"state":"start","type":"circle"}],"hands":[{"armBasis":[[0.997722,-0.0259385,0.062277],[0.0147017,0.984542,0.174531],[-0.0658414,-0.173218,0.98268]],"armWidth":62.9686,"confidence":0.425097,"direction":[-0.1626,0.604925,-0.779504],"elbow":[27.3468,217.172,304.259],"grabStrength":0,"id":396,"palmNormal":[-0.100104,-0.796055,-0.596888],"palmPosition":[28.4159,292.128,-0.649125],"palmVelocity":[65.4293,-58.1419,96.5628],"palmWidth":89.917,"pinchStrength":0.515967,"r":[[0.959132,0.192893,-0.207022],[-0.0399789,0.816673,0.575714],[0.28012,-0.543909,0.791009]],"s":1.70631,"sphereCenter":[29.9791,263.12,-41.8783],"sphereRadius":45.5133,"stabilizedPalmPosition":[18.1773,298.559,-11.351],"t":[71.3817,-45.8023,-80.1207],"timeVisible":14.8952,"type":"right","wrist":[44.9144,263.389,42.0647]}],"id":1397685,"interactionBox":{"center":[0,200,0],"size":[235.247,235.247,147.751]},"pointables":[{"bases":[[[0.452801,0.837708,0.305313],[-0.681762,0.104617,0.724055],[0.574606,-0.536004,0.618488]],[[0.308485,0.938539,0.154859],[-0.878851,0.218922,0.423904],[0.363948,-0.266866,0.89237]],[[0.308485,0.938539,0.154859],[-0.916021,0.249222,0.314315],[0.256402,-0.238816,0.936603]],[[0.308485,0.938539,0.154859],[-0.628792,0.323356,-0.707151],[-0.713763,0.120772,0.689896]]],"btipPosition":[6.65765,270.729,-47.85],"carpPosition":[16.7423,252.312,43.6828],"dipPosition":[-9.84999,273.523,-31.8944],"direction":[-0.256402,0.238816,-0.936603],"extended":false,"handId":396,"id":3960,"length":51.5018,"mcpPosition":[16.7423,252.312,43.6828],"pipPosition":[-1.2109,265.476,-0.336903],"stabilizedTipPosition":[-1.58487,277.142,-50.4858],"timeVisible":14.8952,"tipPosition":[4.6718,270.427,-43.951],"tipVelocity":[59.9674,-98.0343,96.3311],"tool":false,"touchDistance":0.253093,"touchZone":"hovering","type":0,"width":20.0112},{"bases":[[[0.940365,0.120321,-0.318176],[0.05077,0.875235,0.481026],[0.336357,-0.468494,0.816932]],[[0.982252,0.043321,-0.182495],[-0.0217876,0.992728,0.118387],[0.186297,-0.11231,0.976053]],[[0.982252,0.043321,-0.182495],[-0.0691313,0.988081,-0.137536],[0.174362,0.147711,0.97354]],[[0.982252,0.043321,-0.182495],[-0.0995724,0.944978,-0.311612],[0.158955,0.324253,0.93252]]],"btipPosition":[-14.4309,304.068,-94.3705],"carpPosition":[24.7808,274.242,45.4593],"dipPosition":[-11.7471,309.543,-78.6257],"direction":[-0.174362,-0.147711,-0.97354],"extended":true,"handId":396,"id":3961,"length":58.114,"mcpPosition":[0.326983,308.302,-13.9333],"pipPosition":[-7.5824,313.071,-55.3724],"stabilizedTipPosition":[-13.8378,305.403,-90.7608],"timeVisible":14.8952,"tipPosition":[-13.9343,307.228,-90.6687],"tipVelocity":[98.6841,-281.385,59.6864],"tool":false,"touchDistance":-0.210421,"touchZone":"touching","type":1,"width":19.1147},{"bases":[[[0.954637,-0.0950619,-0.282191],[0.216391,0.872478,0.438128],[0.204556,-0.479317,0.853471]],[[0.956895,-0.100491,-0.272494],[-0.166291,0.579653,-0.797715],[0.238116,0.808643,0.537957]],[[0.956895,-0.100491,-0.272494],[-0.289542,-0.403535,-0.867943],[-0.0227405,0.909429,-0.415237]],[[0.956895,-0.100491,-0.272494],[-0.252335,-0.752202,-0.608703],[-0.143801,0.651225,-0.745136]]],"btipPosition":[13.8541,234.315,-16.9976],"carpPosition":[35.9897,277.435,41.963],"dipPosition":[11.1837,246.409,-30.8351],"direction":[0.0227405,-0.909429,0.415237],"extended":false,"handId":396,"id":3962,"length":66.2163,"mcpPosition":[21.8866,310.482,-16.8798],"pipPosition":[10.5447,271.965,-42.5037],"stabilizedTipPosition":[-1.55283,247.326,-36.2486],"timeVisible":14.8952,"tipPosition":[12.9522,236.945,-21.152],"tipVelocity":[129.584,-89.451,128.632],"tool":false,"touchDistance":0.333333,"touchZone":"none","type":2,"width":18.7732},{"bases":[[[0.955287,-0.23006,-0.185739],[0.290453,0.847733,0.443831],[0.0553496,-0.477934,0.87665]],[[0.955395,-0.231005,-0.184005],[-0.0228691,0.563306,-0.825932],[0.294445,0.793299,0.532896]],[[0.955395,-0.231005,-0.184005],[-0.26642,-0.405279,-0.874511],[0.127443,0.884526,-0.448746]],[[0.955395,-0.231005,-0.184005],[-0.295323,-0.742433,-0.601313],[0.002295,0.628832,-0.777538]]],"btipPosition":[27.5911,236.186,-12.902],"carpPosition":[47.549,277.452,38.2518],"dipPosition":[27.6335,247.796,-27.2582],"direction":[-0.127443,-0.884526,0.448746],"extended":false,"handId":396,"id":3963,"length":63.6687,"mcpPosition":[44.1228,307.037,-16.014],"pipPosition":[31.1223,272.01,-39.5428],"stabilizedTipPosition":[11.3365,248.521,-34.5119],"timeVisible":14.8952,"tipPosition":[27.4088,238.732,-17.0075],"tipVelocity":[128.935,-73.5724,145.391],"tool":false,"touchDistance":0.333333,"touchZone":"none","type":3,"width":17.8639},{"bases":[[[0.894062,-0.420716,-0.153792],[0.439241,0.756053,0.485233],[-0.0878706,-0.50138,0.860754]],[[0.888587,-0.445125,-0.110803],[0.183127,0.565709,-0.804014],[0.420569,0.694145,0.584196]],[[0.888587,-0.445125,-0.110803],[-0.27195,-0.316682,-0.908711],[0.369401,0.837601,-0.402452]],[[0.888587,-0.445125,-0.110803],[-0.403702,-0.644177,-0.649662],[0.217804,0.622012,-0.752105]]],"btipPosition":[38.2027,248.087,-15.7317],"carpPosition":[58.713,270.397,33.4141],"dipPosition":[41.9127,258.683,-28.5427],"direction":[-0.369401,-0.837601,0.402452],"extended":false,"handId":396,"id":3964,"length":49.9151,"mcpPosition":[63.7481,299.127,-15.9083],"pipPosition":[49.0525,274.872,-36.3214],"stabilizedTipPosition":[24.6742,258.666,-34.4115],"timeVisible":14.8952,"tipPosition":[39.1361,250.481,-18.8248],"tipVelocity":[116.338,-63.0805,142.786],"tool":false,"touchDistance":0.333333,"touchZone":"none","type":4,"width":15.8681}],"r":[[0.959132,0.192893,-0.207022],[-0.0399789,0.816673,0.575714],[0.28012,-0.543909,0.791009]],"s":1.70631,"t":[71.3817,-45.8023,-80.1207],"timestamp":88428190014},true],[2,{"currentFrameRate":55.3669,"devices":[],"gestures":[{"center":[-28.3058,340.442,-98.1811],"duration":0,"handIds":[396],"id":4,"normal":[-0.103201,-0.0125725,0.994581],"pointableIds":[3961],"progress":0.944657,"radius":12.5779,"state":"start","type":"circle"}],"hands":[{"armBasis":[[0.997279,-0.0136957,0.0724372],[0.00109347,0.985232,0.171223],[-0.0737125,-0.170678,0.982566]],"armWidth":62.9686,"confidence":0.446245,"direction":[-0.1633,0.594483,-0.787351],"elbow":[25.6985,217.355,305.216],"grabStrength":0.0331652,"id":396,"palmNormal":[-0.0836762,-0.803535,-0.589348],"palmPosition":[28.8897,290.959,-0.116608],"palmVelocity":[46.7938,-61.2652,64.6759],"palmWidth":89.917,"pinchStrength":0.506925,"r":[[0.958018,0.203088,-0.202378],[-0.0553061,0.823514,0.564594],[0.281324,-0.529698,0.800173]],"s":1.70323,"sphereCenter":[31.4527,261.348,-40.982],"sphereRadius":45.3683,"stabilizedPalmPosition":[18.8703,298.067,-10.6243],"t":[72.1949,-46.9128,-78.9922],"timeVisible":14.9132,"type":"right","wrist":[45.3661,262.894,43.0518]}],"id":1397686,"interactionBox":{"center":[0,200,0],"size":[235.247,235.247,147.751]},"pointables":[{"bases":[[[0.438542,0.846922,0.300672],[-0.689978,0.102914,0.716477],[0.575857,-0.521662,0.62949]],[[0.294258,0.944237,0.147746],[-0.884454,0.210462,0.41647],[0.362151,-0.253225,0.897064]],[[0.294258,0.944237,0.147746],[-0.918905,0.237024,0.31533],[0.262726,-0.228553,0.93741]],[[0.294258,0.944237,0.147746],[-0.640136,0.309513,-0.703155],[-0.709674,0.112332,0.695517]]],"btipPosition":[7.02811,269.047,-47.3991],"carpPosition":[17.3318,251.453,44.5224],"dipPosition":[-9.38496,271.645,-31.3134],"direction":[-0.262726,0.228553,-0.93741],"extended":false,"handId":396,"id":3960,"length":51.5018,"mcpPosition":[17.3318,251.453,44.5224],"pipPosition":[-0.532787,263.944,0.271222],"stabilizedTipPosition":[-0.749762,275.848,-49.3143],"timeVisible":14.9132,"tipPosition":[5.09424,268.771,-43.4536],"tipVelocity":[41.7819,-96.8636,63.1951],"tool":false,"touchDistance":0.261107,"touchZone":"hovering","type":0,"width":20.0112},{"bases":[[[0.941648,0.129742,-0.31059],[0.0343864,0.880822,0.472196],[0.334839,-0.455323,0.824963]],[[0.983113,0.0551599,-0.174486],[-0.0418742,0.996,0.0789302],[0.178142,-0.0702909,0.981491]],[[0.983113,0.0551599,-0.174486],[-0.0879331,0.978591,-0.186085],[0.160486,0.198285,0.966916]],[[0.983113,0.0551599,-0.174486],[-0.116174,0.924835,-0.362194],[0.141393,0.376348,0.915625]]],"btipPosition":[-13.0705,298.504,-94.0588],"carpPosition":[25.0567,273.507,46.1423],"dipPosition":[-10.6832,304.858,-78.5993],"direction":[-0.160486,-0.198285,-0.966916],"extended":true,"handId":396,"id":3961,"length":58.114,"mcpPosition":[0.713277,306.61,-13.8342],"pipPosition":[-6.84989,309.594,-55.5042],"stabilizedTipPosition":[-12.534,300.018,-90.5056],"timeVisible":14.9132,"tipPosition":[-12.6634,302.233,-90.4822],"tipVelocity":[85.7615,-288.618,37.7929],"tool":false,"touchDistance":-0.221623,"touchZone":"touching","type":1,"width":19.1147},{"bases":[[[0.958477,-0.085039,-0.272196],[0.200431,0.879866,0.430887],[0.202854,-0.467551,0.860375]],[[0.960741,-0.0903975,-0.262307],[-0.166164,0.56965,-0.804915],[0.222186,0.816901,0.532265]],[[0.960741,-0.0903975,-0.262307],[-0.275723,-0.416302,-0.866412],[-0.0308777,0.904721,-0.424883]],[[0.960741,-0.0903975,-0.262307],[-0.236294,-0.762075,-0.602833],[-0.145403,0.641148,-0.753517]]],"btipPosition":[15.2534,232.811,-16.0211],"carpPosition":[36.2545,276.816,42.7177],"dipPosition":[12.5532,244.717,-30.0142],"direction":[0.0308777,-0.904721,0.424883],"extended":false,"handId":396,"id":3962,"length":66.2163,"mcpPosition":[22.2686,309.051,-16.6011],"pipPosition":[11.6855,270.141,-41.9539],"stabilizedTipPosition":[0.910421,245.534,-33.66],"timeVisible":14.9132,"tipPosition":[14.3686,235.379,-20.1699],"tipVelocity":[104.611,-87.6307,92.2372],"tool":false,"touchDistance":0.333333,"touchZone":"none","type":2,"width":18.7732},{"bases":[[[0.960027,-0.219001,-0.17432],[0.274762,0.856189,0.437546],[0.0534284,-0.467952,0.882137]],[[0.96012,-0.219833,-0.17275],[-0.0229499,0.553823,-0.832318],[0.278644,0.80309,0.526692]],[[0.96012,-0.219833,-0.17275],[-0.252841,-0.418974,-0.872085],[0.119335,0.880985,-0.457848]],[[0.96012,-0.219833,-0.17275],[-0.279587,-0.753366,-0.595206],[0.000701708,0.619768,-0.784784]]],"btipPosition":[28.9574,234.898,-11.7213],"carpPosition":[47.8473,276.95,39.1153],"dipPosition":[28.9703,246.341,-26.2113],"direction":[-0.119335,-0.880985,0.457848],"extended":false,"handId":396,"id":3963,"length":63.6687,"mcpPosition":[44.54,305.917,-15.4902],"pipPosition":[32.2372,270.459,-38.745],"stabilizedTipPosition":[13.1851,247.368,-32.4709],"timeVisible":14.9132,"tipPosition":[28.7773,237.397,-15.8502],"tipVelocity":[103.405,-73.4658,106.533],"tool":false,"touchDistance":0.333333,"touchZone":"none","type":3,"width":17.8639},{"bases":[[[0.901074,-0.410126,-0.140934],[0.42437,0.766975,0.48131],[-0.089305,-0.493504,0.865146]],[[0.895262,-0.435056,-0.0960833],[0.183794,0.557075,-0.809869],[0.405864,0.707385,0.578689]],[[0.895262,-0.435056,-0.0960833],[-0.259301,-0.333407,-0.906423],[0.362309,0.836401,-0.411297]],[[0.895262,-0.435056,-0.0960833],[-0.389187,-0.658647,-0.643986],[0.216885,0.61393,-0.75898]]],"btipPosition":[39.3894,246.935,-14.4596],"carpPosition":[59.1509,269.998,34.4575],"dipPosition":[43.0837,257.392,-27.3877],"direction":[-0.362309,-0.836401,0.411297],"extended":false,"handId":396,"id":3964,"length":49.9151,"mcpPosition":[64.2682,298.276,-15.1166],"pipPosition":[50.0864,273.558,-35.3373],"stabilizedTipPosition":[26.0192,257.86,-32.9443],"timeVisible":14.9132,"tipPosition":[40.3243,249.292,-17.6349],"tipVelocity":[92.1559,-64.2346,107.671],"tool":false,"touchDistance":0.333333,"touchZone":"none","type":4,"width":15.8681}],"r":[[0.958018,0.203088,-0.202378],[-0.0553061,0.823514,0.564594],[0.281324,-0.529698,0.800173]],"s":1.70323,"t":[72.1949,-46.9128,-78.9922],"timestamp":88428208090},true],[3,{"currentFrameRate":55.3357,"devices":[],"gestures":[{"center":[-28.3058,340.442,-98.1811],"duration":0,"handIds":[396],"id":4,"normal":[-0.103201,-0.0125725,0.994581],"pointableIds":[3961],"progress":0.944657,"radius":12.5779,"state":"start","type":"circle"}],"hands":[{"armBasis":[[0.995756,0.000122025,0.0920292],[-0.014522,0.987679,0.155818],[-0.0908763,-0.156493,0.983489]],"armWidth":62.9686,"confidence":0.460978,"direction":[-0.173004,0.591057,-0.787858],"elbow":[22.1759,220.421,306.067],"grabStrength":0.0770187,"id":396,"palmNormal":[-0.0741124,-0.805465,-0.587991],"palmPosition":[29.4765,289.952,0.483485],"palmVelocity":[39.8673,-58.4508,49.5677],"palmWidth":89.917,"pinchStrength":0.500456,"r":[[0.956339,0.2138,-0.19926],[-0.0695621,0.828717,0.555329],[0.283859,-0.517222,0.807407]],"s":1.69904,"sphereCenter":[32.4837,260.185,-40.2764],"sphereRadius":45.1944,"stabilizedPalmPosition":[19.5914,297.516,-9.8691],"t":[72.8949,-47.9713,-78.1279],"timeVisible":14.9314,"type":"right","wrist":[46.4232,262.176,43.6566]}],"id":1397687,"interactionBox":{"center":[0,200,0],"size":[235.247,235.247,147.751]},"pointables":[{"bases":[[[0.427735,0.853202,0.298478],[-0.68975,0.0946706,0.717832],[0.584198,-0.512917,0.62899]],[[0.28182,0.948336,0.145725],[-0.885405,0.198536,0.420288],[0.369642,-0.247471,0.895613]],[[0.28182,0.948336,0.145725],[-0.918771,0.222972,0.325795],[0.276471,-0.225704,0.934142]],[[0.28182,0.948336,0.145725],[-0.65555,0.30122,-0.692475],[-0.700594,0.0996236,0.706572]]],"btipPosition":[7.20253,267.869,-46.7903],"carpPosition":[18.5488,250.36,45.2052],"dipPosition":[-9.00053,270.173,-30.449],"direction":[-0.276471,0.225704,-0.934142],"extended":false,"handId":396,"id":3960,"length":51.5018,"mcpPosition":[18.5488,250.36,45.2052],"pipPosition":[0.314754,262.568,1.02558],"stabilizedTipPosition":[0.0233712,274.485,-48.1648],"timeVisible":14.9314,"tipPosition":[5.3084,267.591,-42.8028],"tipVelocity":[27.6925,-83.3448,50.5655],"tool":false,"touchDistance":0.272234,"touchZone":"hovering","type":0,"width":20.0112},{"bases":[[[0.939138,0.141959,-0.312836],[0.0235317,0.881907,0.470836],[0.342732,-0.449541,0.824892]],[[0.981795,0.068407,-0.1772],[-0.0601119,0.996848,0.0517712],[0.180183,-0.0401769,0.982812]],[[0.981795,0.068407,-0.1772],[-0.107248,0.969607,-0.219909],[0.156771,0.234909,0.959292]],[[0.981795,0.068407,-0.1772],[-0.134925,0.907795,-0.397118],[0.133695,0.413797,0.900498]]],"btipPosition":[-12.5897,294.31,-93.0385],"carpPosition":[25.9793,272.52,46.776],"dipPosition":[-10.3324,301.297,-77.8344],"direction":[-0.156771,-0.234909,-0.959292],"extended":true,"handId":396,"id":3961,"length":58.114,"mcpPosition":[1.06195,305.202,-13.1953],"pipPosition":[-6.58783,306.908,-54.9214],"stabilizedTipPosition":[-12.0743,295.951,-89.5494],"timeVisible":14.9314,"tipPosition":[-12.2503,298.38,-89.576],"tipVelocity":[56.6768,-257.161,44.9985],"tool":false,"touchDistance":-0.217992,"touchZone":"touching","type":1,"width":19.1147},{"bases":[[[0.958944,-0.072518,-0.274166],[0.189484,0.883127,0.429165],[0.211001,-0.463495,0.860611]],[[0.961326,-0.0778861,-0.264171],[-0.175296,0.566771,-0.80501],[0.212424,0.820185,0.531199]],[[0.961326,-0.0778861,-0.264171],[-0.2719,-0.421112,-0.865295],[-0.043851,0.903659,-0.426003]],[[0.961326,-0.0778861,-0.264171],[-0.227237,-0.766261,-0.601005],[-0.155614,0.637791,-0.754326]]],"btipPosition":[16.5803,231.625,-15.3356],"carpPosition":[37.1239,275.974,43.3222],"dipPosition":[13.6905,243.469,-29.3437],"direction":[0.043851,-0.903659,0.426003],"extended":false,"handId":396,"id":3962,"length":66.2163,"mcpPosition":[22.5764,307.929,-16.0128],"pipPosition":[12.4582,268.862,-41.3149],"stabilizedTipPosition":[3.45702,243.635,-31.0969],"timeVisible":14.9314,"tipPosition":[15.6639,234.17,-19.4489],"tipVelocity":[88.3809,-77.328,66.1304],"tool":false,"touchDistance":0.333333,"touchZone":"none","type":2,"width":18.7732},{"bases":[[[0.962512,-0.206301,-0.176099],[0.264142,0.860464,0.435696],[0.061642,-0.465877,0.8827]],[[0.962614,-0.207082,-0.174618],[-0.0325053,0.551672,-0.833427],[0.26892,0.807945,0.524316]],[[0.962614,-0.207082,-0.174618],[-0.249233,-0.424604,-0.870399],[0.1061,0.881379,-0.460342]],[[0.962614,-0.207082,-0.174618],[-0.270702,-0.758617,-0.592639],[-0.00974314,0.617752,-0.786312]]],"btipPosition":[30.2922,233.891,-10.9758],"carpPosition":[48.7061,276.259,39.6942],"dipPosition":[30.1123,245.297,-25.494],"direction":[-0.1061,-0.881379,0.460342],"extended":false,"handId":396,"id":3963,"length":63.6687,"mcpPosition":[44.8904,305.097,-14.946],"pipPosition":[33.0169,269.425,-38.096],"stabilizedTipPosition":[15.1565,246.115,-30.3736],"timeVisible":14.9314,"tipPosition":[30.0685,236.38,-15.1054],"tipVelocity":[87.9389,-65.087,75.1001],"tool":false,"touchDistance":0.333333,"touchZone":"none","type":3,"width":17.8639},{"bases":[[[0.906214,-0.398153,-0.142305],[0.415034,0.773339,0.479263],[-0.0807704,-0.493376,0.866058]],[[0.900673,-0.423694,-0.0962939],[0.175101,0.556769,-0.812002],[0.397654,0.714487,0.575656]],[[0.900673,-0.423694,-0.0962939],[-0.256806,-0.340326,-0.90456],[0.350485,0.839441,-0.415329]],[[0.900673,-0.423694,-0.0962939],[-0.381867,-0.666161,-0.64063],[0.207284,0.613769,-0.761788]]],"btipPosition":[40.5206,246.078,-13.7157],"carpPosition":[60.0923,269.452,35.0219],"dipPosition":[44.0514,256.533,-26.6916],"direction":[-0.350485,-0.839441,0.415329],"extended":false,"handId":396,"id":3964,"length":49.9151,"mcpPosition":[64.7205,297.723,-14.6045],"pipPosition":[50.8256,272.758,-34.7192],"stabilizedTipPosition":[27.3871,257.022,-31.4932],"timeVisible":14.9314,"tipPosition":[41.42,248.432,-16.9301],"tipVelocity":[76.8904,-56.0916,75.5339],"tool":false,"touchDistance":0.333333,"touchZone":"none","type":4,"width":15.8681}],"r":[[0.956339,0.2138,-0.19926],[-0.0695621,0.828717,0.555329],[0.283859,-0.517222,0.807407]],"s":1.69904,"t":[72.8949,-47.9713,-78.1279],"timestamp":88428226269},false],[4,{"currentFrameRate":55.3491,"devices":[],"gestures":[{"center":[-28.3058,340.442,-98.1811],"duration":0,"handIds":[396],"id":4,"normal":[-0.103201,-0.0125725,0.994581],"pointableIds":[3961],"progress":0.944657,"radius":12.5779,"state":"start","type":"circle"}],"hands":[{"armBasis":[[0.99462,0.00705681,0.103349],[-0.0222074,0.989007,0.146192],[-0.101181,-0.1477,0.983843]],"armWidth":62.9686,"confidence":0.470148,"direction":[-0.177758,0.591492,-0.786472],"elbow":[20.1979,222.092,306.472],"grabStrength":0.116965,"id":396,"palmNormal":[-0.0704598,-0.804799,-0.58935],"palmPosition":[30.0142,289.257,0.874359],"palmVelocity":[35.1113,-49.0159,36.3491],"palmWidth":89.917,"pinchStrength":0.492449,"r":[[0.954552,0.223557,-0.197113],[-0.0817518,0.832377,0.548147],[0.286615,-0.50712,0.812823]],"s":1.69425,"sphereCenter":[33.2869,259.476,-39.8822],"sphereRadius":45.0326,"stabilizedPalmPosition":[20.3452,296.918,-9.09205],"t":[73.5137,-48.8479,-77.5004],"timeVisible":14.9494,"type":"right","wrist":[47.1946,261.501,43.9674]}],"id":1397688,"interactionBox":{"center":[0,200,0],"size":[235.247,235.247,147.751]},"pointables":[{"bases":[[[0.423307,0.855111,0.299327],[-0.689061,0.0893647,0.719172],[0.588222,-0.510686,0.627052]],[[0.276747,0.949608,0.147161],[-0.88536,0.192438,0.423209],[0.373563,-0.247412,0.894001]],[[0.276747,0.949608,0.147161],[-0.916925,0.215136,0.336103],[0.287507,-0.227951,0.930257]],[[0.276747,0.949608,0.147161],[-0.672455,0.300776,-0.676268],[-0.686452,0.0881959,0.721807]]],"btipPosition":[7.15302,267.366,-46.596],"carpPosition":[19.3916,249.521,45.5414],"dipPosition":[-8.72297,269.406,-29.9024],"direction":[-0.287507,0.227951,-0.930257],"extended":false,"handId":396,"id":3960,"length":51.5018,"mcpPosition":[19.3916,249.521,45.5414],"pipPosition":[0.964151,261.726,1.44127],"stabilizedTipPosition":[0.665059,273.258,-47.1671],"timeVisible":14.9494,"tipPosition":[5.32123,267.06,-42.5038],"tipVelocity":[15.2384,-58.6386,33.8321],"tool":false,"touchDistance":0.276822,"touchZone":"hovering","type":0,"width":20.0112},{"bases":[[[0.937768,0.147959,-0.314163],[0.0192388,0.881163,0.472422],[0.346728,-0.449066,0.82348]],[[0.981121,0.0743058,-0.17855],[-0.070031,0.99709,0.030135],[0.18027,-0.017062,0.983469]],[[0.981121,0.0743058,-0.17855],[-0.11804,0.961407,-0.248523],[0.153193,0.264908,0.952027]],[[0.981121,0.0743058,-0.17855],[-0.145317,0.892448,-0.427106],[0.127611,0.444989,0.886397]]],"btipPosition":[-11.9784,291.252,-92.1876],"carpPosition":[26.6966,271.72,47.1405],"dipPosition":[-9.8238,298.765,-77.2216],"direction":[-0.153193,-0.264908,-0.952027],"extended":true,"handId":396,"id":3961,"length":58.114,"mcpPosition":[1.48876,304.368,-12.7281],"pipPosition":[-6.16474,305.092,-54.4821],"stabilizedTipPosition":[-11.488,293.006,-88.7524],"timeVisible":14.9494,"tipPosition":[-11.7036,295.572,-88.833],"tipVelocity":[45.2652,-212.517,44.6089],"tool":false,"touchDistance":-0.21358,"touchZone":"touching","type":1,"width":19.1147},{"bases":[[[0.958879,-0.0664709,-0.275922],[0.18511,0.883418,0.430472],[0.215141,-0.463847,0.859396]],[[0.961344,-0.0719247,-0.26579],[-0.179505,0.568257,-0.803033],[0.208795,0.819702,0.53338]],[[0.961344,-0.0719247,-0.26579],[-0.270913,-0.419651,-0.866314],[-0.0492296,0.904832,-0.422914]],[[0.961344,-0.0719247,-0.26579],[-0.224017,-0.765575,-0.603085],[-0.160106,0.639313,-0.752094]]],"btipPosition":[17.3936,230.882,-15.132],"carpPosition":[37.8152,275.245,43.6742],"dipPosition":[14.4204,242.754,-29.0986],"direction":[0.0492296,-0.904832,0.422914],"extended":false,"handId":396,"id":3962,"length":66.2163,"mcpPosition":[22.9823,307.225,-15.577],"pipPosition":[13.037,268.181,-40.983],"stabilizedTipPosition":[5.93779,241.759,-28.7097],"timeVisible":14.9494,"tipPosition":[16.4817,233.442,-19.1572],"tipVelocity":[67.3674,-60.0376,40.383],"tool":false,"touchDistance":0.333333,"touchZone":"none","type":2,"width":18.7732},{"bases":[[[0.963386,-0.200411,-0.178108],[0.259909,0.861175,0.436835],[0.065836,-0.467133,0.881733]],[[0.96348,-0.201085,-0.176835],[-0.0373978,0.552858,-0.832436],[0.265155,0.808649,0.525147]],[[0.96348,-0.201085,-0.176835],[-0.24844,-0.424852,-0.870505],[0.099917,0.882647,-0.459294]],[[0.96348,-0.201085,-0.176835],[-0.267358,-0.759408,-0.593143],[-0.0150173,0.61876,-0.785436]]],"btipPosition":[31.1487,233.228,-10.6646],"carpPosition":[49.3894,275.604,40.0272],"dipPosition":[30.8715,244.653,-25.1666],"direction":[-0.099917,-0.882647,0.459294],"extended":false,"handId":396,"id":3963,"length":63.6687,"mcpPosition":[45.314,304.52,-14.5532],"pipPosition":[33.6067,268.816,-37.7399],"stabilizedTipPosition":[17.2021,244.797,-28.2708],"timeVisible":14.9494,"tipPosition":[30.9015,235.724,-14.7806],"tipVelocity":[68.1885,-51.5321,47.7771],"tool":false,"touchDistance":0.333333,"touchZone":"none","type":3,"width":17.8639},{"bases":[[[0.908255,-0.392647,-0.144573],[0.411375,0.774844,0.479986],[-0.0764433,-0.495424,0.865281]],[[0.902808,-0.418805,-0.0976781],[0.171118,0.558223,-0.811853],[0.394534,0.716233,0.575633]],[[0.902808,-0.418805,-0.0976781],[-0.256265,-0.341522,-0.904263],[0.34535,0.841407,-0.415654]],[[0.902808,-0.418805,-0.0976781],[-0.379181,-0.668069,-0.640238],[0.202879,0.61505,-0.761941]]],"btipPosition":[41.2704,245.494,-13.3604],"carpPosition":[60.8067,268.871,35.323],"dipPosition":[44.7261,255.97,-26.339],"direction":[-0.34535,-0.841407,0.415654],"extended":false,"handId":396,"id":3964,"length":49.9151,"mcpPosition":[65.187,297.26,-14.2589],"pipPosition":[51.4011,272.233,-34.3728],"stabilizedTipPosition":[28.7904,256.151,-30.045],"timeVisible":14.9494,"tipPosition":[42.155,247.85,-16.5907],"tipVelocity":[59.7048,-44.7372,49.0503],"tool":false,"touchDistance":0.333333,"touchZone":"none","type":4,"width":15.8681}],"r":[[0.954552,0.223557,-0.197113],[-0.0817518,0.832377,0.548147],[0.286615,-0.50712,0.812823]],"s":1.69425,"t":[73.5137,-48.8479,-77.5004],"timestamp":88428244290},false],[5,{"currentFrameRate":55.3595,"devices":[],"gestures":[{"center":[-28.3058,340.442,-98.1811],"duration":0,"handIds":[396],"id":4,"normal":[-0.103201,-0.0125725,0.994581],"pointableIds":[3961],"progress":0.944657,"radius":12.5779,"state":"start","type":"circle"}],"hands":[{"armBasis":[[0.993585,0.0173608,0.111747],[-0.0332798,0.989277,0.142212],[-0.10808,-0.145018,0.983508]],"armWidth":62.9686,"confidence":0.482315,"direction":[-0.187296,0.58254,-0.790929],"elbow":[19.516,222.191,306.994],"grabStrength":0.174013,"id":396,"palmNormal":[-0.0620386,-0.810585,-0.582326],"palmPosition":[30.7091,288.058,1.30197],"palmVelocity":[36.7394,-57.328,30.3589],"palmWidth":89.917,"pinchStrength":0.490077,"r":[[0.952343,0.233397,-0.196391],[-0.0932871,0.835848,0.540976],[0.290415,-0.496874,0.817787]],"s":1.68761,"sphereCenter":[34.3681,257.867,-39.0895],"sphereRadius":44.7403,"stabilizedPalmPosition":[21.2131,296.176,-8.2216],"t":[74.1705,-49.886,-76.9728],"timeVisible":14.9675,"type":"right","wrist":[48.3534,260.884,44.5786]}],"id":1397689,"interactionBox":{"center":[0,200,0],"size":[235.247,235.247,147.751]},"pointables":[{"bases":[[[0.413429,0.862825,0.290878],[-0.688134,0.0868735,0.720364],[0.596278,-0.497982,0.629655]],[[0.265439,0.954128,0.138498],[-0.885963,0.184729,0.425376],[0.380279,-0.235616,0.894356]],[[0.265439,0.954128,0.138498],[-0.91594,0.20471,0.345177],[0.300991,-0.218479,0.928262]],[[0.265439,0.954128,0.138498],[-0.690663,0.288408,-0.663179],[-0.672701,0.0803777,0.735535]]],"btipPosition":[7.3643,265.698,-46.0719],"carpPosition":[20.7065,248.573,46.3334],"dipPosition":[-8.19367,267.557,-29.0607],"direction":[-0.300991,0.218479,-0.928262],"extended":false,"handId":396,"id":3960,"length":51.5018,"mcpPosition":[20.7065,248.573,46.3334],"pipPosition":[1.94777,260.195,2.21572],"stabilizedTipPosition":[1.2857,271.84,-46.1712],"timeVisible":14.9675,"tipPosition":[5.59979,265.395,-41.8924],"tipVelocity":[15.4938,-75.8214,33.497],"tool":false,"touchDistance":0.286775,"touchZone":"hovering","type":0,"width":20.0112},{"bases":[[[0.934978,0.156957,-0.318089],[0.00954612,0.88531,0.464904],[0.354577,-0.437711,0.826247]],[[0.979722,0.0847707,-0.181545],[-0.0883652,0.996018,-0.0117885],[0.179823,0.0275917,0.983312]],[[0.979722,0.0847707,-0.181545],[-0.136875,0.944873,-0.297456],[0.146321,0.316273,0.937316]],[[0.979722,0.0847707,-0.181545],[-0.162917,0.86448,-0.475533],[0.116631,0.495467,0.860761]]],"btipPosition":[-11.1388,285.605,-91.0145],"carpPosition":[27.7383,270.874,47.7239],"dipPosition":[-9.1696,293.97,-76.4813],"direction":[-0.146321,-0.316273,-0.937316],"extended":true,"handId":396,"id":3961,"length":58.114,"mcpPosition":[1.95985,302.696,-12.3459],"pipPosition":[-5.67466,301.525,-54.0931],"stabilizedTipPosition":[-10.6928,287.576,-87.6812],"timeVisible":14.9675,"tipPosition":[-10.989,290.378,-87.8612],"tipVelocity":[44.7629,-255.129,51.6966],"tool":false,"touchDistance":-0.209168,"touchZone":"touching","type":1,"width":19.1147},{"bases":[[[0.958868,-0.0568616,-0.278098],[0.17526,0.889275,0.422461],[0.223284,-0.453824,0.862663]],[[0.961509,-0.0623692,-0.267601],[-0.187365,0.56354,-0.80456],[0.200983,0.823731,0.530163]],[[0.961509,-0.0623692,-0.267601],[-0.268318,-0.422979,-0.865502],[-0.0592088,0.90399,-0.423433]],[[0.961509,-0.0623692,-0.267601],[-0.217371,-0.768385,-0.601943],[-0.168078,0.636942,-0.752366]]],"btipPosition":[18.6199,229.329,-14.6625],"carpPosition":[38.8025,274.507,44.1961],"dipPosition":[15.4987,241.157,-28.6342],"direction":[0.0592088,-0.90399,0.423433],"extended":false,"handId":396,"id":3962,"length":66.2163,"mcpPosition":[23.4081,305.796,-15.2804],"pipPosition":[13.8349,266.56,-40.5331],"stabilizedTipPosition":[8.48538,239.692,-26.4028],"timeVisible":14.9675,"tipPosition":[17.7506,231.908,-18.4349],"tipVelocity":[66.7837,-72.6872,33.5511],"tool":false,"touchDistance":0.333333,"touchZone":"none","type":2,"width":18.7732},{"bases":[[[0.965317,-0.1899,-0.17917],[0.250348,0.86802,0.428797],[0.0740941,-0.45878,0.885455]],[[0.965415,-0.190514,-0.177985],[-0.046695,0.545286,-0.836948],[0.256503,0.816313,0.517531]],[[0.965415,-0.190514,-0.177985],[-0.24559,-0.435351,-0.866115],[0.0875207,0.879872,-0.467083]],[[0.965415,-0.190514,-0.177985],[-0.259513,-0.767758,-0.585833],[-0.0250406,0.611761,-0.790646]]],"btipPosition":[32.5157,231.954,-9.76346],"carpPosition":[50.3611,274.979,40.513],"dipPosition":[32.0534,243.249,-24.3617],"direction":[-0.0875207,-0.879872,0.467083],"extended":false,"handId":396,"id":3963,"length":63.6687,"mcpPosition":[45.7746,303.378,-14.2978],"pipPosition":[34.4493,267.336,-37.1482],"stabilizedTipPosition":[19.3826,243.328,-26.0986],"timeVisible":14.9675,"tipPosition":[32.2257,234.412,-13.8926],"tipVelocity":[70.6912,-61.4127,48.2413],"tool":false,"touchDistance":0.333333,"touchZone":"none","type":3,"width":17.8639},{"bases":[[[0.912681,-0.382517,-0.143854],[0.402998,0.783952,0.472242],[-0.067866,-0.488979,0.869651]],[[0.907585,-0.40876,-0.0959406],[0.162449,0.552565,-0.817485],[0.387168,0.726352,0.567902]],[[0.907585,-0.40876,-0.0959406],[-0.254357,-0.353472,-0.9002],[0.334053,0.841411,-0.424777]],[[0.907585,-0.40876,-0.0959406],[-0.372633,-0.678878,-0.632668],[0.193477,0.609951,-0.768457]]],"btipPosition":[42.4566,244.336,-12.5432],"carpPosition":[61.8485,268.35,35.8332],"dipPosition":[45.7522,254.726,-25.6327],"direction":[-0.334053,-0.841411,0.424777],"extended":false,"handId":396,"id":3964,"length":49.9151,"mcpPosition":[65.7374,296.369,-13.9991],"pipPosition":[52.2088,270.989,-33.8428],"stabilizedTipPosition":[30.3329,255.143,-28.4953],"timeVisible":14.9675,"tipPosition":[43.3064,246.668,-15.8098],"tipVelocity":[61.6263,-54.5008,46.6155],"tool":false,"touchDistance":0.333333,"touchZone":"none","type":4,"width":15.8681}],"r":[[0.952343,0.233397,-0.196391],[-0.0932871,0.835848,0.540976],[0.290415,-0.496874,0.817787]],"s":1.68761,"t":[74.1705,-49.886,-76.9728],"timestamp":88428262318},false],[6,{"currentFrameRate":55.3496,"devices":[],"gestures":[{"center":[-28.3058,340.442,-98.1811],"duration":0,"handIds":[396],"id":4,"normal":[-0.103201,-0.0125725,0.994581],"pointableIds":[3961],"progress":0.944657,"radius":12.5779,"state":"stop","type":"circle"}],"hands":[{"armBasis":[[0.991165,0.0184138,0.131347],[-0.0376314,0.988662,0.145369],[-0.127181,-0.149028,0.98062]],"armWidth":62.9686,"confidence":0.486213,"direction":[-0.195508,0.568954,-0.798792],"elbow":[16.023,220.801,307.124],"grabStrength":0.235436,"id":396,"palmNormal":[-0.0573184,-0.819747,-0.56985],"palmPosition":[31.9045,286.932,1.87253],"palmVelocity":[50.6782,-59.6509,30.9116],"palmWidth":89.917,"pinchStrength":0.484901,"r":[[0.949915,0.242298,-0.197366],[-0.103548,0.839911,0.532754],[0.294855,-0.485634,0.822934]],"s":1.6789,"sphereCenter":[35.6604,256.135,-37.8688],"sphereRadius":44.3317,"stabilizedPalmPosition":[22.2538,295.276,-7.23904],"t":[75.0967,-50.9681,-76.4237],"timeVisible":14.9856,"type":"right","wrist":[49.957,260.564,45.4784]}],"id":1397690,"interactionBox":{"center":[0,200,0],"size":[235.247,235.247,147.751]},"pointables":[{"bases":[[[0.407074,0.870632,0.276206],[-0.685981,0.0917453,0.721813],[0.603093,-0.483303,0.634584]],[[0.257739,0.958336,0.123136],[-0.885084,0.183054,0.427923],[0.387554,-0.219278,0.895388]],[[0.257739,0.958336,0.123136],[-0.913587,0.200227,0.353931],[0.31453,-0.203717,0.92713]],[[0.257739,0.958336,0.123136],[-0.707403,0.273969,-0.651553],[-0.658143,0.080824,0.748542]]],"btipPosition":[7.9314,263.854,-45.1872],"carpPosition":[22.4254,248.043,47.5316],"dipPosition":[-7.28986,265.723,-27.8753],"direction":[-0.31453,0.203717,-0.92713],"extended":false,"handId":396,"id":3960,"length":51.5018,"mcpPosition":[22.4254,248.043,47.5316],"pipPosition":[3.30777,258.859,3.36303],"stabilizedTipPosition":[1.94027,270.267,-45.1376],"timeVisible":14.9856,"tipPosition":[6.24135,263.597,-40.9348],"tipVelocity":[25.0615,-88.1401,42.6285],"tool":false,"touchDistance":0.302672,"touchZone":"hovering","type":0,"width":20.0112},{"bases":[[[0.932301,0.160222,-0.324259],[0.00370998,0.892244,0.451539],[0.361664,-0.422173,0.831245]],[[0.978113,0.090703,-0.187266],[-0.104008,0.992613,-0.062469],[0.180217,0.0805788,0.980321]],[[0.978113,0.090703,-0.187266],[-0.154458,0.919541,-0.361369],[0.139422,0.382385,0.913424]],[[0.978113,0.090703,-0.187266],[-0.179722,0.821822,-0.540655],[0.104861,0.562478,0.820136]]],"btipPosition":[-9.77694,279.063,-89.1595],"carpPosition":[29.2686,270.422,48.5587],"dipPosition":[-8.00647,288.56,-75.3122],"direction":[-0.139422,-0.382385,-0.913424],"extended":true,"handId":396,"id":3961,"length":58.114,"mcpPosition":[2.97491,301.115,-11.8745],"pipPosition":[-4.67633,297.694,-53.4948],"stabilizedTipPosition":[-9.38278,281.31,-85.9915],"timeVisible":14.9856,"tipPosition":[-9.73241,284.327,-86.3427],"tipVelocity":[58.057,-298.834,71.7056],"tool":false,"touchDistance":-0.200947,"touchZone":"touching","type":1,"width":19.1147},{"bases":[[[0.958208,-0.0527577,-0.281167],[0.169212,0.897001,0.408359],[0.230663,-0.438869,0.86844]],[[0.960935,-0.0580765,-0.270614],[-0.194927,0.55211,-0.810665],[0.196489,0.831746,0.519221]],[[0.960935,-0.0580765,-0.270614],[-0.268338,-0.435063,-0.859485],[-0.0678182,0.898525,-0.433651]],[[0.960935,-0.0580765,-0.270614],[-0.213631,-0.777276,-0.59178],[-0.175973,0.626474,-0.759318]]],"btipPosition":[20.198,227.854,-13.3882],"carpPosition":[40.2866,274.097,44.9312],"dipPosition":[16.9301,239.488,-27.4891],"direction":[0.0678182,-0.898525,0.433651],"extended":false,"handId":396,"id":3962,"length":66.2163,"mcpPosition":[24.3835,304.355,-14.9436],"pipPosition":[15.0243,264.737,-39.6751],"stabilizedTipPosition":[10.9367,237.643,-24.2175],"timeVisible":14.9856,"tipPosition":[19.3286,230.393,-17.0628],"tipVelocity":[75.5993,-78.0386,50.2963],"tool":false,"touchDistance":0.333333,"touchZone":"none","type":2,"width":18.7732},{"bases":[[[0.966207,-0.184235,-0.180283],[0.244506,0.876492,0.414703],[0.0816138,-0.444769,0.891919]],[[0.966287,-0.184673,-0.179404],[-0.0553345,0.531561,-0.845211],[0.251451,0.826643,0.503422]],[[0.966287,-0.184673,-0.179404],[-0.245545,-0.451399,-0.857874],[0.0774433,0.873004,-0.481526]],[[0.966287,-0.184673,-0.179404],[-0.255198,-0.779299,-0.572334],[-0.0341146,0.598823,-0.800155]]],"btipPosition":[34.1815,230.692,-8.28885],"carpPosition":[51.8259,274.614,41.