{"sensorType":"Leap","data":[[0,{"currentFrameRate":46.5852,"devices":[],"gestures":[],"hands":[{"armBasis":[[0.991999,-0.118194,0.0443734],[0.112882,0.987775,0.107506],[-0.0565375,-0.101637,0.993214]],"armWidth":62.9686,"confidence":0.494211,"direction":[0.0509124,0.491674,-0.86929],"elbow":[-9.37341,286.141,326.337],"grabStrength":1,"id":396,"palmNormal":[-0.10096,-0.863426,-0.49427],"palmPosition":[0.513007,336.661,12.8766],"palmVelocity":[36.4705,112.167,11.8737],"palmWidth":89.917,"pinchStrength":1,"r":[[0.991238,0.125684,-0.0406324],[-0.120786,0.986972,0.106284],[0.0534613,-0.100445,0.993505]],"s":1.10167,"sphereCenter":[3.99586,302.267,-21.9536],"sphereRadius":39.14,"stabilizedPalmPosition":[0.444535,336.429,12.8592],"t":[43.371,-6.30175,-65.2798],"timeVisible":9.90595,"type":"right","wrist":[5.71171,313.259,61.3319]}],"id":1397409,"interactionBox":{"center":[0,200,0],"size":[235.247,235.247,147.751]},"pointables":[{"bases":[[[0.500053,0.822771,0.270176],[-0.774351,0.285137,0.564869],[0.387721,-0.491676,0.779697]],[[0.296605,0.952128,-0.0740169],[-0.946257,0.303469,0.111823],[0.128932,0.0368716,0.990968]],[[0.296605,0.952128,-0.0740169],[-0.952968,0.29003,-0.0879519],[-0.0622743,0.0966227,0.993371]],[[0.296605,0.952128,-0.0740169],[-0.95489,0.296857,-0.00782858],[0.0145187,0.073,0.997226]]],"btipPosition":[-28.1268,298.8,-46.2607],"carpPosition":[-23.5292,305.563,59.1564],"dipPosition":[-27.791,300.488,-23.1972],"direction":[0.0622743,-0.0966227,-0.993371],"extended":false,"handId":396,"id":3960,"length":51.5018,"mcpPosition":[-23.5292,305.563,59.1564],"pipPosition":[-29.8893,303.744,10.273],"stabilizedTipPosition":[-28.0834,298.666,-40.7051],"timeVisible":9.90595,"tipPosition":[-30.1886,300.214,-40.6736],"tipVelocity":[13.814,296.084,-137.117],"tool":false,"touchDistance":-0.520523,"touchZone":"touching","type":0,"width":20.0112},{"bases":[[[0.98803,-0.0287717,-0.151555],[0.0825412,0.928585,0.361823],[0.130322,-0.370002,0.919845]],[[0.992655,-0.0443855,-0.112539],[-0.0526538,0.67901,-0.732238],[0.108916,0.732786,0.671686]],[[0.992655,-0.0443855,-0.112539],[-0.0604587,0.623746,-0.779285],[0.104785,0.780366,0.616482]],[[0.992655,-0.0443855,-0.112539],[-0.0641536,0.595548,-0.800754],[0.102564,0.802093,0.588326]]],"btipPosition":[-31.4542,290.152,-60.5802],"carpPosition":[-13.1209,326.545,59.4697],"dipPosition":[-29.7224,303.695,-50.6468],"direction":[-0.104785,-0.780366,-0.616482],"extended":false,"handId":396,"id":3961,"length":58.114,"mcpPosition":[-22.5955,353.445,-7.40495],"pipPosition":[-27.2196,322.334,-35.9219],"stabilizedTipPosition":[-31.0326,292.851,-58.1166],"timeVisible":9.90595,"tipPosition":[-31.0119,294.123,-59.183],"tipVelocity":[-20.7511,363.494,-154.082],"tool":false,"touchDistance":-0.598894,"touchZone":"touching","type":1,"width":19.1147},{"bases":[[[0.967908,-0.236373,-0.0853338],[0.251232,0.902004,0.351099],[-0.00601876,-0.36127,0.932442]],[[0.965658,-0.258393,-0.027152],[0.104573,0.482206,-0.869794],[0.237841,0.837084,0.492667]],[[0.965658,-0.258393,-0.027152],[0.0768768,0.383989,-0.920132],[0.248182,0.886445,0.390667]],[[0.965658,-0.258393,-0.027152],[0.0645912,0.339976,-0.938213],[0.251659,0.90424,0.344991]]],"btipPosition":[-23.7262,271.31,-47.4204],"carpPosition":[-1.16478,327.977,57.7185],"dipPosition":[-19.0528,288.102,-41.0138],"direction":[-0.248182,-0.886445,-0.390667],"extended":false,"handId":396,"id":3962,"length":66.2163,"mcpPosition":[-0.749816,352.884,-6.56888],"pipPosition":[-12.0787,313.012,-30.0356],"stabilizedTipPosition":[-22.5044,274.495,-45.5514],"timeVisible":9.90595,"tipPosition":[-22.2941,276.576,-48.1918],"tipVelocity":[-35.9033,297.016,-164.09],"tool":false,"touchDistance":-0.283023,"touchZone":"touching","type":2,"width":18.7732},{"bases":[[[0.934761,-0.35428,0.0265898],[0.319423,0.870835,0.373651],[-0.155532,-0.340781,0.927188]],[[0.944368,-0.325136,-0.049546],[0.113094,0.46249,-0.879382],[0.308833,0.824857,0.473532]],[[0.944368,-0.325136,-0.049546],[0.0724383,0.352571,-0.932977],[0.320813,0.877485,0.35651]],[[0.944368,-0.325136,-0.049546],[0.0549851,0.304607,-0.95089],[0.324261,0.895266,0.305539]]],"btipPosition":[-8.02101,270.34,-37.4588],"carpPosition":[10.7566,326.217,56.2441],"dipPosition":[-2.03397,286.87,-31.8174],"direction":[-0.320813,-0.877485,-0.35651],"extended":false,"handId":396,"id":3963,"length":63.6687,"mcpPosition":[20.3842,347.311,-1.15008],"pipPosition":[6.74839,310.892,-22.0578],"stabilizedTipPosition":[-3.07338,261.192,-26.574],"timeVisible":9.90595,"tipPosition":[-6.43306,275.318,-38.204],"tipVelocity":[-29.5882,256.87,-192.184],"tool":false,"touchDistance":-0.270016,"touchZone":"hovering","type":3,"width":17.8639},{"bases":[[[0.844764,-0.530325,0.0716172],[0.44592,0.771579,0.453675],[-0.295854,-0.351313,0.888285]],[[0.831124,-0.545077,0.110112],[0.382525,0.416676,-0.824655],[0.403619,0.727511,0.554815]],[[0.831124,-0.545077,0.110112],[0.325504,0.316316,-0.891062],[0.450867,0.776425,0.440322]],[[0.831124,-0.545077,0.110112],[0.299688,0.272245,-0.914369],[0.468423,0.792953,0.389622]]],"btipPosition":[7.71749,283.573,-30.8973],"carpPosition":[21.5613,317.376,54.5364],"dipPosition":[15.6964,297.079,-24.2607],"direction":[-0.450867,-0.776425,-0.440322],"extended":false,"handId":396,"id":3964,"length":49.9151,"mcpPosition":[38.5141,337.507,3.6364],"pipPosition":[24.4108,312.086,-15.7501],"stabilizedTipPosition":[9.84157,284.158,-27.4809],"timeVisible":9.90595,"tipPosition":[10.1724,287.463,-30.8045],"tipVelocity":[-19.3414,230.547,-172.28],"tool":false,"touchDistance":-0.596726,"touchZone":"touching","type":4,"width":15.8681}],"r":[[0.991238,0.125684,-0.0406324],[-0.120786,0.986972,0.106284],[0.0534613,-0.100445,0.993505]],"s":1.10167,"t":[43.371,-6.30175,-65.2798],"timestamp":88423200799},false],[1,{"currentFrameRate":47.2396,"devices":[],"gestures":[],"hands":[{"armBasis":[[0.988906,-0.142697,0.0412644],[0.136703,0.982943,0.123028],[-0.0581163,-0.116022,0.991545]],"armWidth":62.9686,"confidence":0.495345,"direction":[0.0560875,0.522088,-0.851045],"elbow":[-8.89098,283.298,325.748],"grabStrength":1,"id":396,"palmNormal":[-0.12467,-0.842054,-0.524789],"palmPosition":[1.61402,339.541,13.6681],"palmVelocity":[47.574,133.095,26.7932],"palmWidth":89.917,"pinchStrength":1,"r":[[0.992935,0.112374,-0.0381003],[-0.104407,0.979991,0.169459],[0.0563807,-0.164284,0.9848]],"s":1.0944,"sphereCenter":[3.6425,306.534,-22.3645],"sphereRadius":38.9628,"stabilizedPalmPosition":[1.36881,338.888,13.4985],"t":[44.5517,-2.87147,-64.6794],"timeVisible":9.92447,"type":"right","wrist":[6.61537,314.254,61.1884]}],"id":1397410,"interactionBox":{"center":[0,200,0],"size":[235.247,235.247,147.751]},"pointables":[{"bases":[[[0.521072,0.800493,0.296132],[-0.763373,0.281903,0.581199],[0.381766,-0.528906,0.757967]],[[0.317428,0.947327,-0.042564],[-0.938718,0.320268,0.127423],[0.134343,-0.000492009,0.990935]],[[0.317428,0.947327,-0.042564],[-0.946634,0.313911,-0.0731063],[-0.0558943,0.0634985,0.996415]],[[0.317428,0.947327,-0.042564],[-0.947949,0.318187,0.0122594],[0.0251569,0.036457,0.999019]]],"btipPosition":[-28.1378,304.362,-46.5908],"carpPosition":[-22.8123,307.32,58.9686],"dipPosition":[-27.556,305.205,-23.4859],"direction":[0.0558943,-0.0634985,-0.996415],"extended":false,"handId":396,"id":3960,"length":51.5018,"mcpPosition":[-22.8123,307.32,58.9686],"pipPosition":[-29.4393,307.344,10.0868],"stabilizedTipPosition":[-28.0213,303.275,-41.1524],"timeVisible":9.92447,"tipPosition":[-30.0613,305.626,-40.955],"tipVelocity":[8.32428,293.01,-79.1858],"tool":false,"touchDistance":-0.501613,"touchZone":"touching","type":0,"width":20.0112},{"bases":[[[0.985966,-0.0459504,-0.160499],[0.10682,0.91246,0.394975],[0.128299,-0.406576,0.904563]],[[0.990443,-0.0627948,-0.122796],[-0.0429027,0.705892,-0.707019],[0.131078,0.705531,0.696452]],[[0.990443,-0.0627948,-0.122796],[-0.0523369,0.652624,-0.755873],[0.127604,0.755076,0.6431]],[[0.990443,-0.0627948,-0.122796],[-0.0568414,0.62536,-0.778263],[0.125663,0.777806,0.615814]]],"btipPosition":[-31.977,296.468,-61.1227],"carpPosition":[-11.9148,328.031,59.9674],"dipPosition":[-29.8553,309.601,-50.7252],"direction":[-0.127604,-0.755076,-0.6431],"extended":false,"handId":396,"id":3961,"length":58.114,"mcpPosition":[-21.2424,357.59,-5.79616],"pipPosition":[-26.8074,327.636,-35.3646],"stabilizedTipPosition":[-31.4034,298.244,-58.616],"timeVisible":9.92447,"tipPosition":[-31.4268,300.367,-59.5814],"tipVelocity":[-22.0236,350.13,-90.954],"tool":false,"touchDistance":-0.573875,"touchZone":"touching","type":1,"width":19.1147},{"bases":[[[0.961481,-0.255332,-0.10178],[0.274762,0.882408,0.381918],[-0.00770503,-0.395173,0.918575]],[[0.959154,-0.27934,-0.0446372],[0.108163,0.507951,-0.854568],[0.261388,0.814835,0.517417]],[[0.959154,-0.27934,-0.0446372],[0.0776059,0.411576,-0.908065],[0.27203,0.867511,0.416443]],[[0.959154,-0.27934,-0.0446372],[0.0641086,0.368333,-0.927481],[0.275524,0.886735,0.371197]]],"btipPosition":[-24.6217,276.838,-48.3994],"carpPosition":[0.058474,329.25,58.1733],"dipPosition":[-19.5051,293.305,-41.5061],"direction":[-0.27203,-0.867511,-0.416443],"extended":false,"handId":396,"id":3962,"length":66.2163,"mcpPosition":[0.589699,356.495,-5.15803],"pipPosition":[-11.8607,317.683,-29.8037],"stabilizedTipPosition":[-23.2354,279.26,-46.5328],"timeVisible":9.92447,"tipPosition":[-23.09,282.037,-48.9395],"tipVelocity":[-39.2545,295.723,-107.381],"tool":false,"touchDistance":-0.296061,"touchZone":"touching","type":2,"width":18.7732},{"bases":[[[0.926401,-0.376491,0.00600655],[0.342368,0.848864,0.402758],[-0.156733,-0.371059,0.915287]],[[0.936023,-0.34534,-0.0678262],[0.117878,0.489226,-0.864155],[0.33161,0.800874,0.498635]],[[0.936023,-0.34534,-0.0678262],[0.0721981,0.377043,-0.923377],[0.344453,0.859406,0.377854]],[[0.936023,-0.34534,-0.0678262],[0.0526281,0.327902,-0.943245],[0.347981,0.879329,0.325099]]],"btipPosition":[-8.86948,275.117,-38.481],"carpPosition":[11.9245,327.271,56.5389],"dipPosition":[-2.44448,291.352,-32.4785],"direction":[-0.344453,-0.859406,-0.377854],"extended":false,"handId":396,"id":3963,"length":63.6687,"mcpPosition":[21.6265,350.24,-0.118579],"pipPosition":[6.98503,314.879,-22.1347],"stabilizedTipPosition":[-5.44362,270.885,-32.3517],"timeVisible":9.92447,"tipPosition":[-7.17443,280.069,-39.095],"tipVelocity":[-34.7985,255.573,-123.773],"tool":false,"touchDistance":-0.285436,"touchZone":"touching","type":3,"width":17.8639},{"bases":[[[0.832645,-0.551953,0.0452702],[0.467088,0.743833,0.47806],[-0.29754,-0.376909,0.87716]],[[0.818995,-0.567741,0.083172],[0.385843,0.437619,-0.812166],[0.424702,0.697252,0.577467]],[[0.818995,-0.567741,0.083172],[0.325588,0.340454,-0.882091],[0.472483,0.749508,0.463679]],[[0.818995,-0.567741,0.083172],[0.298388,0.297587,-0.906866],[0.490114,0.767537,0.413129]]],"btipPosition":[7.23605,287.926,-32.0191],"carpPosition":[22.5072,318.253,54.4205],"dipPosition":[15.5844,301,-24.982],"direction":[-0.472483,-0.749508,-0.463679],"extended":false,"handId":396,"id":3964,"length":49.9151,"mcpPosition":[39.5567,339.85,4.15803],"pipPosition":[24.7166,315.486,-16.02],"stabilizedTipPosition":[9.45644,287.965,-29.1215],"timeVisible":9.92447,"tipPosition":[9.77379,291.739,-31.7891],"tipVelocity":[-20.3374,230.103,-115.853],"tool":false,"touchDistance":-0.580831,"touchZone":"touching","type":4,"width":15.8681}],"r":[[0.992935,0.112374,-0.0381003],[-0.104407,0.979991,0.169459],[0.0563807,-0.164284,0.9848]],"s":1.0944,"t":[44.5517,-2.87147,-64.6794],"timestamp":88423219324},false],[2,{"currentFrameRate":48.0288,"devices":[],"gestures":[],"hands":[{"armBasis":[[0.983557,-0.178454,0.0277581],[0.173377,0.976033,0.131528],[-0.0505646,-0.124552,0.990924]],"armWidth":62.9686,"confidence":0.457802,"direction":[0.0670206,0.551638,-0.831387],"elbow":[-6.0585,282.181,325.105],"grabStrength":1,"id":396,"palmNormal":[-0.160241,-0.816493,-0.554673],"palmPosition":[2.90694,342.649,14.2306],"palmVelocity":[59.5296,153.074,29.143],"palmWidth":89.917,"pinchStrength":1,"r":[[0.994777,0.0947034,-0.0380664],[-0.0836832,0.970282,0.227047],[0.0584373,-0.222676,0.97314]],"s":1.0891,"sphereCenter":[2.69139,311.268,-22.9211],"sphereRadius":38.6766,"stabilizedPalmPosition":[2.70283,342.15,14.1334],"t":[45.7885,0.397688,-64.098],"timeVisible":9.94215,"type":"right","wrist":[7.43293,315.414,60.7103]}],"id":1397411,"interactionBox":{"center":[0,200,0],"size":[235.247,235.247,147.751]},"pointables":[{"bases":[[[0.552683,0.769368,0.320334],[-0.747055,0.286997,0.599618],[0.369393,-0.570706,0.733378]],[[0.349313,0.936913,-0.0132336],[-0.926621,0.347504,0.143581],[0.139122,-0.0378923,0.98955]],[[0.349313,0.936913,-0.0132336],[-0.935718,0.348058,-0.0573354],[-0.0491122,0.0324109,0.998267]],[[0.349313,0.936913,-0.0132336],[-0.936263,0.349563,0.0348884],[0.0373133,0.000203167,0.999304]]],"btipPosition":[-28.3185,310.407,-47.0096],"carpPosition":[-22.2476,309.634,58.5505],"dipPosition":[-27.4555,310.412,-23.898],"direction":[0.0491122,-0.0324109,-0.998267],"extended":false,"handId":396,"id":3960,"length":51.5018,"mcpPosition":[-22.2476,309.634,58.5505],"pipPosition":[-29.1103,311.504,9.73709],"stabilizedTipPosition":[-28.1033,309.202,-41.6024],"timeVisible":9.94215,"tipPosition":[-30.0459,311.58,-41.3355],"tipVelocity":[1.36126,310.805,-53.1891],"tool":false,"touchDistance":-0.486044,"touchZone":"touching","type":0,"width":20.0112},{"bases":[[[0.982072,-0.0753569,-0.172787],[0.143741,0.892372,0.427798],[0.121952,-0.444965,0.887206]],[[0.986236,-0.0934811,-0.136379],[-0.0245121,0.733052,-0.679731],[0.163515,0.673718,0.720671]],[[0.986236,-0.0934811,-0.136379],[-0.0363506,0.682062,-0.73039],[0.161297,0.725295,0.669276]],[[0.986236,-0.0934811,-0.136379],[-0.0420587,0.655861,-0.753709],[0.159903,0.749071,0.642902]]],"btipPosition":[-32.9543,303.662,-61.7304],"carpPosition":[-10.5935,329.886,60.2087],"dipPosition":[-30.2545,316.309,-50.8755],"direction":[-0.161297,-0.725295,-0.669276],"extended":false,"handId":396,"id":3961,"length":58.114,"mcpPosition":[-19.4597,362.236,-4.29299],"pipPosition":[-26.4018,333.633,-34.8896],"stabilizedTipPosition":[-32.1977,305.356,-59.1437],"timeVisible":9.94215,"tipPosition":[-32.2432,307.46,-60.038],"tipVelocity":[-34.0606,373.728,-61.7089],"tool":false,"touchDistance":-0.552358,"touchZone":"touching","type":1,"width":19.1147},{"bases":[[[0.950529,-0.285797,-0.121714],[0.310345,0.856799,0.411802],[-0.0134073,-0.429203,0.903109]],[[0.947883,-0.311782,-0.0656532],[0.117341,0.533168,-0.837832],[0.296225,0.786463,0.541966]],[[0.947883,-0.311782,-0.0656532],[0.0826014,0.439473,-0.89445],[0.307726,0.84241,0.442323]],[[0.947883,-0.311782,-0.0656532],[0.0673046,0.397337,-0.915201],[0.31143,0.863084,0.397614]]],"btipPosition":[-26.2175,283.17,-49.5616],"carpPosition":[1.39872,330.739,58.332],"dipPosition":[-20.4342,299.198,-42.1777],"direction":[-0.307726,-0.84241,-0.442323],"extended":false,"handId":396,"id":3962,"length":66.2163,"mcpPosition":[2.32309,360.331,-3.93307],"pipPosition":[-11.7867,322.87,-29.748],"stabilizedTipPosition":[-24.5818,285.451,-47.6172],"timeVisible":9.94215,"tipPosition":[-24.521,288.268,-49.8657],"tipVelocity":[-59.0583,322.262,-84.9203],"tool":false,"touchDistance":-0.310528,"touchZone":"touching","type":2,"width":18.7732},{"bases":[[[0.912078,-0.409613,-0.018182],[0.376878,0.820072,0.430633],[-0.161482,-0.399623,0.902344]],[[0.921899,-0.377177,-0.0885463],[0.127939,0.512102,-0.849343],[0.365697,0.77168,0.520361]],[[0.921899,-0.377177,-0.0885463],[0.0742293,0.396269,-0.915129],[0.380253,0.837084,0.393317]],[[0.921899,-0.377177,-0.0885463],[0.0512946,0.345362,-0.937067],[0.38402,0.859339,0.337735]]],"btipPosition":[-10.4818,280.281,-39.3388],"carpPosition":[13.1687,328.397,56.4958],"dipPosition":[-3.39141,296.147,-33.103],"direction":[-0.380253,-0.837084,-0.393317],"extended":false,"handId":396,"id":3963,"length":63.6687,"mcpPosition":[23.1647,353.134,0.639548],"pipPosition":[7.01815,319.063,-22.3358],"stabilizedTipPosition":[-7.75598,279.738,-36.12],"timeVisible":9.94215,"tipPosition":[-8.61738,285.184,-39.8637],"tipVelocity":[-57.131,270.412,-87.1593],"tool":false,"touchDistance":-0.297288,"touchZone":"touching","type":3,"width":17.8639},{"bases":[[[0.812366,-0.582943,0.0154753],[0.498394,0.70783,0.500579],[-0.302763,-0.398941,0.865552]],[[0.798472,-0.599695,0.052996],[0.393445,0.453169,-0.799899],[0.455679,0.659548,0.59779]],[[0.798472,-0.599695,0.052996],[0.32747,0.358768,-0.874099],[0.50518,0.715298,0.482848]],[[0.798472,-0.599695,0.052996],[0.297779,0.316903,-0.9005],[0.523231,0.734805,0.431615]]],"btipPosition":[6.14482,292.562,-33.2444],"carpPosition":[23.3952,319.09,53.9256],"dipPosition":[15.0573,305.078,-25.8924],"direction":[-0.50518,-0.715298,-0.482848],"extended":false,"handId":396,"id":3964,"length":49.9151,"mcpPosition":[40.7439,341.95,4.32824],"pipPosition":[24.8215,318.904,-16.5599],"stabilizedTipPosition":[8.6712,292.618,-30.635],"timeVisible":9.94215,"tipPosition":[8.81388,296.253,-32.8948],"tipVelocity":[-36.2629,241.749,-92.1699],"tool":false,"touchDistance":-0.568374,"touchZone":"touching","type":4,"width":15.8681}],"r":[[0.994777,0.0947034,-0.0380664],[-0.0836832,0.970282,0.227047],[0.0584373,-0.222676,0.97314]],"s":1.0891,"t":[45.7885,0.397688,-64.098],"timestamp":88423237002},false],[3,{"currentFrameRate":48.6064,"devices":[],"gestures":[],"hands":[{"armBasis":[[0.976094,-0.212887,0.0438172],[0.203975,0.96685,0.153608],[-0.0750659,-0.140998,0.98716]],"armWidth":62.9686,"confidence":0.463271,"direction":[0.0707014,0.587874,-0.805857],"elbow":[-11.4265,277.868,322.726],"grabStrength":1,"id":396,"palmNormal":[-0.193063,-0.784537,-0.58926],"palmPosition":[4.17903,344.996,14.2543],"palmVelocity":[64.3088,141.174,15.7929],"palmWidth":89.917,"pinchStrength":1,"r":[[0.99632,0.075097,-0.0413143],[-0.0604954,0.957587,0.281723],[0.0607186,-0.278187,0.958606]],"s":1.08364,"sphereCenter":[1.38272,315.888,-24.0913],"sphereRadius":38.2528,"stabilizedPalmPosition":[4.07988,344.805,14.2462],"t":[47.0429,3.20604,-63.7954],"timeVisible":9.96045,"type":"right","wrist":[8.60229,315.489,59.3359]}],"id":1397412,"interactionBox":{"center":[0,200,0],"size":[235.247,235.247,147.751]},"pointables":[{"bases":[[[0.580277,0.737055,0.346451],[-0.728852,0.280169,0.624724],[0.363391,-0.615025,0.69978]],[[0.373166,0.927562,0.0193822],[-0.916208,0.36515,0.165011],[0.145981,-0.0793347,0.986101]],[[0.373166,0.927562,0.0193822],[-0.926685,0.373658,-0.0404322],[-0.0447457,-0.00287329,0.998994]],[[0.373166,0.927562,0.0193822],[-0.926565,0.37154,0.0586139],[0.0471667,-0.0398316,0.998093]]],"btipPosition":[-28.0516,315.616,-47.9797],"carpPosition":[-21.2673,310.684,57.4068],"dipPosition":[-26.9607,314.695,-24.8962],"direction":[0.0447457,0.00287329,-0.998994],"extended":false,"handId":396,"id":3960,"length":51.5018,"mcpPosition":[-21.2673,310.684,57.4068],"pipPosition":[-28.4684,314.598,8.76347],"stabilizedTipPosition":[-27.835,314.702,-42.5495],"timeVisible":9.96045,"tipPosition":[-29.6678,316.733,-42.2523],"tipVelocity":[9.07332,292.657,-53.2671],"tool":false,"touchDistance":-0.480421,"touchZone":"touching","type":0,"width":20.0112},{"bases":[[[0.976614,-0.0957372,-0.19251],[0.176891,0.866738,0.466342],[0.122209,-0.489489,0.863403]],[[0.980763,-0.115488,-0.157375],[-0.013362,0.7646,-0.644367],[0.194745,0.634074,0.748348]],[[0.980763,-0.115488,-0.157375],[-0.0274961,0.716438,-0.697108],[0.193257,0.688025,0.699481]],[[0.980763,-0.115488,-0.157375],[-0.0343421,0.691552,-0.72151],[0.192159,0.713034,0.674282]]],"btipPosition":[-34.0026,310.682,-62.8258],"carpPosition":[-8.98922,330.488,59.8091],"dipPosition":[-30.7582,322.721,-51.4411],"direction":[-0.193257,-0.688025,-0.699481],"extended":false,"handId":396,"id":3961,"length":58.114,"mcpPosition":[-17.8741,366.075,-2.96207],"pipPosition":[-26.1422,339.155,-34.7337],"stabilizedTipPosition":[-33.156,312.684,-60.1065],"timeVisible":9.96045,"tipPosition":[-33.1499,314.361,-60.96],"tipVelocity":[-41.9081,374.773,-57.623],"tool":false,"touchDistance":-0.540059,"touchZone":"touching","type":1,"width":19.1147},{"bases":[[[0.939585,-0.307334,-0.150752],[0.342093,0.827117,0.445925],[-0.0123589,-0.470555,0.882284]],[[0.937034,-0.335773,-0.0960459],[0.119351,0.566335,-0.815487],[0.328213,0.752676,0.57075]],[[0.937034,-0.335773,-0.0960459],[0.0808061,0.476,-0.875725],[0.339762,0.812823,0.47316]],[[0.937034,-0.335773,-0.0960459],[0.0638997,0.435208,-0.898059],[0.343344,0.835374,0.429261]]],"btipPosition":[-27.7121,289.315,-51.5094],"carpPosition":[2.9929,331.079,57.7737],"dipPosition":[-21.3361,304.829,-43.5379],"direction":[-0.339762,-0.812823,-0.47316],"extended":false,"handId":396,"id":3962,"length":66.2163,"mcpPosition":[3.84498,363.521,-3.05561],"pipPosition":[-11.7884,327.67,-30.2416],"stabilizedTipPosition":[-26.0183,291.868,-49.3946],"timeVisible":9.96045,"tipPosition":[-25.8866,294.312,-51.5485],"tipVelocity":[-66.3219,325.631,-91.6862],"tool":false,"touchDistance":-0.334998,"touchZone":"touching","type":2,"width":18.7732},{"bases":[[[0.899045,-0.434702,-0.052457],[0.40778,0.787624,0.461913],[-0.159478,-0.436672,0.885373]],[[0.90847,-0.400747,-0.118674],[0.130917,0.542507,-0.829787],[0.396917,0.738301,0.545316]],[[0.90847,-0.400747,-0.118674],[0.0677213,0.421334,-0.904373],[0.412427,0.813559,0.409909]],[[0.90847,-0.400747,-0.118674],[0.0408584,0.367739,-0.929031],[0.415948,0.839148,0.350454]]],"btipPosition":[-11.9652,285.151,-40.941],"carpPosition":[14.6581,328.483,55.634],"dipPosition":[-4.2853,300.644,-34.4703],"direction":[-0.412427,-0.813559,-0.409909],"extended":false,"handId":396,"id":3963,"length":63.6687,"mcpPosition":[24.53,355.514,0.828252],"pipPosition":[7.00502,322.916,-23.2489],"stabilizedTipPosition":[-9.60268,286.524,-38.6394],"timeVisible":9.96045,"tipPosition":[-9.96834,290.02,-41.3723],"tipVelocity":[-65.0435,266.082,-85.9217],"tool":false,"touchDistance":-0.319114,"touchZone":"touching","type":3,"width":17.8639},{"bases":[[[0.794727,-0.606443,-0.0252276],[0.526948,0.66873,0.524525],[-0.301224,-0.430147,0.851021]],[[0.780562,-0.624952,0.0125998],[0.393266,0.475319,-0.787028],[0.485866,0.619279,0.616788]],[[0.780562,-0.624952,0.0125998],[0.320286,0.382563,-0.866639],[0.536787,0.6805,0.498777]],[[0.780562,-0.624952,0.0125998],[0.287617,0.34119,-0.894911],[0.554977,0.702157,0.446066]]],"btipPosition":[5.01621,296.909,-35.092],"carpPosition":[24.5612,319.013,52.4632],"dipPosition":[14.4694,308.869,-27.4939],"direction":[-0.536787,-0.6805,-0.498777],"extended":false,"handId":396,"id":3964,"length":49.9151,"mcpPosition":[41.8218,343.661,3.69852],"pipPosition":[24.8445,322.022,-17.8534],"stabilizedTipPosition":[7.64223,297.511,-32.5177],"timeVisible":9.96045,"tipPosition":[7.81172,300.508,-34.6732],"tipVelocity":[-45.1814,236.359,-94.8915],"tool":false,"touchDistance":-0.566735,"touchZone":"touching","type":4,"width":15.8681}],"r":[[0.99632,0.075097,-0.0413143],[-0.0604954,0.957587,0.281723],[0.0607186,-0.278187,0.958606]],"s":1.08364,"t":[47.0429,3.20604,-63.7954],"timestamp":88423255306},false],[4,{"currentFrameRate":49.2463,"devices":[],"gestures":[],"hands":[{"armBasis":[[0.969386,-0.241746,0.0430093],[0.232593,0.960199,0.154656],[-0.0786848,-0.139917,0.987032]],"armWidth":62.9686,"confidence":0.474278,"direction":[0.0742528,0.601425,-0.795472],"elbow":[-11.3736,278.881,321.939],"grabStrength":1,"id":396,"palmNormal":[-0.224063,-0.767217,-0.600977],"palmPosition":[5.30663,346.71,14.1549],"palmVelocity":[63.8202,120.005,5.73799],"palmWidth":89.917,"pinchStrength":1,"r":[[0.997384,0.0542502,-0.0477669],[-0.035601,0.943813,0.328557],[0.0629073,-0.325997,0.943275]],"s":1.07347,"sphereCenter":[-0.978699,319.43,-24.2837],"sphereRadius":37.6049,"stabilizedPalmPosition":[5.24872,346.62,14.1592],"t":[48.2339,5.46722,-63.6938],"timeVisible":9.97828,"type":"right","wrist":[9.62079,316.213,58.5834]}],"id":1397413,"interactionBox":{"center":[0,200,0],"size":[235.247,235.247,147.751]},"pointables":[{"bases":[[[0.605923,0.713899,0.351006],[-0.710826,0.287752,0.641814],[0.357188,-0.638394,0.681814]],[[0.389575,0.920807,0.0186286],[-0.909186,0.381272,0.167369],[0.147012,-0.0821395,0.985718]],[[0.389575,0.920807,0.0186286],[-0.919938,0.390017,-0.0400031],[-0.0441006,-0.00155298,0.999026]],[[0.389575,0.920807,0.0186286],[-0.91947,0.387687,0.0653723],[0.0529731,-0.0425958,0.997687]]],"btipPosition":[-27.3886,317.358,-48.3084],"carpPosition":[-20.3975,312.269,57.0508],"dipPosition":[-26.1635,316.373,-25.2343],"direction":[0.0441006,0.00155298,-0.999026],"extended":false,"handId":396,"id":3960,"length":51.5018,"mcpPosition":[-20.3975,312.269,57.0508],"pipPosition":[-27.6494,316.321,8.42638],"stabilizedTipPosition":[-27.1707,316.919,-42.9618],"timeVisible":9.97828,"tipPosition":[-28.9274,318.823,-42.5307],"tipVelocity":[23.1193,200.593,-36.9445],"tool":false,"touchDistance":-0.465676,"touchZone":"touching","type":0,"width":20.0112},{"bases":[[[0.970414,-0.118716,-0.210246],[0.208239,0.852229,0.47994],[0.122201,-0.509522,0.851736]],[[0.974518,-0.138957,-0.176084],[-0.00277379,0.77748,-0.628902],[0.224292,0.613365,0.757282]],[[0.974518,-0.138957,-0.176084],[-0.019059,0.730871,-0.68225],[0.223498,0.66822,0.709598]],[[0.974518,-0.138957,-0.176084],[-0.0269734,0.706713,-0.706986],[0.222682,0.69372,0.684956]]],"btipPosition":[-35.0426,315.006,-62.956],"carpPosition":[-7.53775,331.677,59.6318],"dipPosition":[-31.2828,326.719,-51.3911],"direction":[-0.223498,-0.66822,-0.709598],"extended":false,"handId":396,"id":3961,"length":58.114,"mcpPosition":[-16.422,368.721,-2.29108],"pipPosition":[-25.9445,342.68,-34.4421],"stabilizedTipPosition":[-34.1077,317.356,-60.283],"timeVisible":9.97828,"tipPosition":[-34.0556,318.586,-61.0053],"tipVelocity":[-46.5167,310.626,-32.8591],"tool":false,"touchDistance":-0.515718,"touchZone":"touching","type":1,"width":19.1147},{"bases":[[[0.928188,-0.329996,-0.171957],[0.371934,0.808496,0.45607],[-0.0114744,-0.487275,0.873173]],[[0.92572,-0.359374,-0.117864],[0.121328,0.577348,-0.807433],[0.358219,0.733157,0.578065]],[[0.92572,-0.359374,-0.117864],[0.0792185,0.488969,-0.868697],[0.369819,0.794833,0.481117]],[[0.92572,-0.359374,-0.117864],[0.0608031,0.448998,-0.891462],[0.373289,0.818078,0.437498]]],"btipPosition":[-29.1736,293.124,-51.9673],"carpPosition":[4.42247,331.979,57.4126],"dipPosition":[-22.2414,308.316,-43.8428],"direction":[-0.369819,-0.794833,-0.481117],"extended":false,"handId":396,"id":3962,"length":66.2163,"mcpPosition":[5.21358,365.574,-2.78853],"pipPosition":[-11.8491,330.652,-30.3229],"stabilizedTipPosition":[-27.4104,296.105,-50.0226],"timeVisible":9.97828,"tipPosition":[-27.2262,298.018,-51.8896],"tipVelocity":[-70.3213,271.039,-59.7137],"tool":false,"touchDistance":-0.336173,"touchZone":"touching","type":2,"width":18.7732},{"bases":[[[0.885686,-0.458108,-0.0754762],[0.436743,0.766908,0.470221],[-0.157529,-0.449432,0.879315]],[[0.89489,-0.423725,-0.140101],[0.133798,0.554215,-0.821549],[0.425758,0.716451,0.552656]],[[0.89489,-0.423725,-0.140101],[0.0637308,0.432042,-0.899599],[0.441713,0.796113,0.413634]],[[0.89489,-0.423725,-0.140101],[0.0339834,0.377714,-0.925298],[0.444991,0.823279,0.352412]]],"btipPosition":[-13.3795,288.299,-41.6291],"carpPosition":[15.9758,329.106,55.0331],"dipPosition":[-5.16334,303.5,-35.1222],"direction":[-0.441713,-0.796113,-0.413634],"extended":false,"handId":396,"id":3963,"length":63.6687,"mcpPosition":[25.727,356.927,0.602368],"pipPosition":[6.92868,325.294,-23.7989],"stabilizedTipPosition":[-11.1171,290.754,-39.8376],"timeVisible":9.97828,"tipPosition":[-11.269,293.057,-41.9513],"tipVelocity":[-68.521,222.233,-63.446],"tool":false,"touchDistance":-0.325733,"touchZone":"touching","type":3,"width":17.8639},{"bases":[[[0.777082,-0.627422,-0.0498474],[0.553538,0.64358,0.528583],[-0.299564,-0.438345,0.847417]],[[0.762767,-0.646571,-0.0115419],[0.394379,0.47925,-0.784082],[0.512496,0.59352,0.62055]],[[0.762767,-0.646571,-0.0115419],[0.315708,0.387903,-0.865944],[0.564371,0.65687,0.500007]],[[0.762767,-0.646571,-0.0115419],[0.280565,0.346962,-0.894931],[0.58264,0.679385,0.446056]]],"btipPosition":[3.98583,299.543,-35.9839],"carpPosition":[25.5608,319.432,51.5198],"dipPosition":[13.9102,311.115,-28.386],"direction":[-0.564371,-0.65687,-0.500007],"extended":false,"handId":396,"id":3964,"length":49.9151,"mcpPosition":[42.7262,344.55,2.96164],"pipPosition":[24.8185,323.811,-18.7218],"stabilizedTipPosition":[6.63135,300.964,-33.7824],"timeVisible":9.97828,"tipPosition":[6.87044,303.031,-35.5241],"tipVelocity":[-48.2639,192.323,-73.7967],"tool":false,"touchDistance":-0.551774,"touchZone":"touching","type":4,"width":15.8681}],"r":[[0.997384,0.0542502,-0.0477669],[-0.035601,0.943813,0.328557],[0.0629073,-0.325997,0.943275]],"s":1.07347,"t":[48.2339,5.46722,-63.6938],"timestamp":88423273128},false],[5,{"currentFrameRate":49.7058,"devices":[],"gestures":[],"hands":[{"armBasis":[[0.957055,-0.286108,0.0467748],[0.275524,0.947847,0.160226],[-0.0901773,-0.140458,0.985971]],"armWidth":62.9686,"confidence":0.487802,"direction":[0.08221,0.613032,-0.785769],"elbow":[-13.256,279.406,320.768],"grabStrength":1,"id":396,"palmNormal":[-0.268928,-0.745545,-0.609787],"palmPosition":[6.81478,348.382,13.9405],"palmVelocity":[72.6369,106.121,-2.62843],"palmWidth":89.917,"pinchStrength":1,"r":[[0.997874,0.0297288,-0.0580036],[-0.00624966,0.929462,0.368864],[0.0648781,-0.367717,0.927672]],"s":1.06139,"sphereCenter":[-2.72919,322.815,-24.5441],"sphereRadius":37.2751,"stabilizedPalmPosition":[6.76792,348.329,13.9471],"t":[49.5835,7.4338,-63.7502],"timeVisible":9.99663,"type":"right","wrist":[10.8047,316.882,57.6947]}],"id":1397414,"interactionBox":{"center":[0,200,0],"size":[235.247,235.247,147.751]},"pointables":[{"bases":[[[0.642737,0.681253,0.350405],[-0.684132,0.304583,0.662716],[0.34475,-0.665675,0.661834]],[[0.420428,0.907165,0.017083],[-0.893402,0.410617,0.182281],[0.158344,-0.0918981,0.983098]],[[0.420428,0.907165,0.017083],[-0.90631,0.420774,-0.0393879],[-0.0429194,0.00107728,0.999078]],[[0.420428,0.907165,0.017083],[-0.905263,0.41813,0.0752715],[0.0611408,-0.0471109,0.997017]]],"btipPosition":[-27.1573,319.804,-48.4547],"carpPosition":[-19.3785,314.218,56.7616],"dipPosition":[-25.7433,318.715,-25.396],"direction":[0.0429194,-0.00107728,-0.999078],"extended":false,"handId":396,"id":3960,"length":51.5018,"mcpPosition":[-19.3785,314.218,56.7616],"pipPosition":[-27.1894,318.751,8.26641],"stabilizedTipPosition":[-26.8511,319.406,-43.1406],"timeVisible":9.99663,"tipPosition":[-28.5486,321.452,-42.6593],"tipVelocity":[19.2042,167.618,-23.1185],"tool":false,"touchDistance":-0.449689,"touchZone":"touching","type":0,"width":20.0112},{"bases":[[[0.959825,-0.154805,-0.234032],[0.254073,0.833455,0.490714],[0.11909,-0.53046,0.839303]],[[0.96372,-0.175251,-0.201322],[0.0157257,0.790224,-0.612616],[0.266451,0.587224,0.764311]],[[0.96372,-0.175251,-0.201322],[-0.00351184,0.745864,-0.666089],[0.266891,0.642631,0.718189]],[[0.96372,-0.175251,-0.201322],[-0.0129076,0.722773,-0.690965],[0.266602,0.668496,0.694289]]],"btipPosition":[-36.5107,320.02,-62.9351],"carpPosition":[-5.66412,333.022,59.4099],"dipPosition":[-32.0094,331.307,-51.2127],"direction":[-0.266892,-0.642631,-0.718189],"extended":false,"handId":396,"id":3961,"length":58.114,"mcpPosition":[-14.3222,371.588,-1.60907],"pipPosition":[-25.6346,346.657,-34.0585],"stabilizedTipPosition":[-35.42,322.403,-60.2407],"timeVisible":9.99663,"tipPosition":[-35.3307,323.402,-60.8488],"tipVelocity":[-58.1336,290.085,-15.5807],"tool":false,"touchDistance":-0.491623,"touchZone":"touching","type":1,"width":19.1147},{"bases":[[[0.909619,-0.364849,-0.19869],[0.415238,0.783436,0.462391],[-0.0130418,-0.503103,0.864128]],[[0.907096,-0.395095,-0.145178],[0.127247,0.586158,-0.800142],[0.401229,0.707332,0.581976]],[[0.907096,-0.395095,-0.145178],[0.0800474,0.500526,-0.862013],[0.413242,0.770307,0.485652]],[[0.907096,-0.395095,-0.145178],[0.0594581,0.461715,-0.885034],[0.416703,0.794178,0.442311]]],"btipPosition":[-31.3155,297.47,-52.2297],"carpPosition":[6.24756,332.87,56.9298],"dipPosition":[-23.5772,312.218,-44.0158],"direction":[-0.413242,-0.770307,-0.485652],"extended":false,"handId":396,"id":3962,"length":66.2163,"mcpPosition":[7.14673,367.556,-2.64776],"pipPosition":[-11.9646,333.865,-30.3684],"stabilizedTipPosition":[-29.388,300.531,-50.3184],"timeVisible":9.99663,"tipPosition":[-29.1785,302.229,-52.0579],"tipVelocity":[-87.7506,251.907,-37.3577],"tool":false,"touchDistance":-0.334516,"touchZone":"touching","type":2,"width":18.7732},{"bases":[[[0.863878,-0.492922,-0.103649],[0.478538,0.73893,0.474325],[-0.157216,-0.459358,0.874227]],[[0.872977,-0.458453,-0.166527],[0.139667,0.562066,-0.815215],[0.467337,0.688406,0.554701]],[[0.872977,-0.458453,-0.166527],[0.0606826,0.44084,-0.895532],[0.483971,0.771674,0.412664]],[[0.872977,-0.458453,-0.166527],[0.0272328,0.38669,-0.921808],[0.487,0.800182,0.350057]]],"btipPosition":[-15.5266,291.708,-42.1272],"carpPosition":[17.6164,329.567,54.2403],"dipPosition":[-6.53484,306.482,-35.6639],"direction":[-0.483971,-0.771674,-0.412664],"extended":false,"handId":396,"id":3963,"length":63.6687,"mcpPosition":[27.3482,358.002,0.124488],"pipPosition":[6.71403,327.607,-24.3671],"stabilizedTipPosition":[-13.1371,294.508,-40.5304],"timeVisible":9.99663,"tipPosition":[-13.2361,296.343,-42.3973],"tipVelocity":[-87.1346,202.133,-46.269],"tool":false,"touchDistance":-0.329115,"touchZone":"touching","type":3,"width":17.8639},{"bases":[[[0.748853,-0.658046,-0.0787078],[0.591295,0.609762,0.527789],[-0.299317,-0.441776,0.845721]],[[0.734292,-0.67767,-0.0397241],[0.397837,0.477017,-0.783696],[0.550037,0.559659,0.619872]],[[0.734292,-0.67767,-0.0397241],[0.311029,0.387877,-0.867648],[0.603387,0.624752,0.49559]],[[0.734292,-0.67767,-0.0397241],[0.272343,0.34769,-0.897185],[0.621807,0.647977,0.439865]]],"btipPosition":[2.38738,302.219,-36.8553],"carpPosition":[26.7095,319.573,50.3367],"dipPosition":[12.9789,313.256,-29.3629],"direction":[-0.603387,-0.624752,-0.49559],"extended":false,"handId":396,"id":3964,"length":49.9151,"mcpPosition":[43.8608,344.887,1.8757],"pipPosition":[24.6413,325.331,-19.784],"stabilizedTipPosition":[5.20084,303.966,-34.8503],"timeVisible":9.99663,"tipPosition":[5.41408,305.559,-36.3945],"tipVelocity":[-62.9003,166.764,-61.7911],"tool":false,"touchDistance":-0.538366,"touchZone":"touching","type":4,"width":15.8681}],"r":[[0.997874,0.0297288,-0.0580036],[-0.00624966,0.929462,0.368864],[0.0648781,-0.367717,0.927672]],"s":1.06139,"t":[49.5835,7.4338,-63.7502],"timestamp":88423291481},false],[6,{"currentFrameRate":50.259,"devices":[],"gestures":[],"hands":[{"armBasis":[[0.95035,-0.308058,0.0439879],[0.297141,0.940338,0.165748],[-0.0924235,-0.144448,0.985187]],"armWidth":62.9686,"confidence":0.49048,"direction":[0.0923682,0.61879,-0.780107],"elbow":[-13.6479,278.958,320.266],"grabStrength":1,"id":396,"palmNormal":[-0.288173,-0.733316,-0.615796],"palmPosition":[7.53136,349.511,13.9778],"palmVelocity":[57.4317,86.0801,-0.408076],"palmWidth":89.917,"pinchStrength":1,"r":[[0.997673,0.00615461,-0.0678993],[0.0217228,0.915316,0.40215],[0.0646244,-0.402689,0.913052]],"s":1.05166,"sphereCenter":[-3.05567,324.723,-24.6439],"sphereRadius":37.2259,"stabilizedPalmPosition":[7.50447,349.47,13.9767],"t":[50.6166,8.98169,-63.7598],"timeVisible":10.0144,"type":"right","wrist":[11.0122,317.499,57.4027]}],"id":1397415,"interactionBox":{"center":[0,200,0],"size":[235.247,235.247,147.751]},"pointables":[{"bases":[[[0.659304,0.663294,0.354061],[-0.674232,0.313156,0.668838],[0.332759,-0.679687,0.653679]],[[0.436948,0.899277,0.0194217],[-0.885058,0.425986,0.18764],[0.160467,-0.0991783,0.982046]],[[0.436948,0.899277,0.0194217],[-0.898344,0.437379,-0.0409531],[-0.0453228,0.00044698,0.998972]],[[0.436948,0.899277,0.0194217],[-0.897248,0.434236,0.0799093],[0.0634271,-0.0523423,0.996613]]],"btipPosition":[-27.0822,321.604,-48.5676],"carpPosition":[-19.2267,315.516,56.5839],"dipPosition":[-25.6153,320.393,-25.5183],"direction":[0.0453228,-0.00044698,-0.998972],"extended":false,"handId":396,"id":3960,"length":51.5018,"mcpPosition":[-19.2267,315.516,56.5839],"pipPosition":[-27.1424,320.408,8.14062],"stabilizedTipPosition":[-26.7493,321.245,-43.2609],"timeVisible":10.0144,"tipPosition":[-28.2529,323.204,-42.8088],"tipVelocity":[12.4857,135.659,-15.2942],"tool":false,"touchDistance":-0.434779,"touchZone":"touching","type":0,"width":20.0112},{"bases":[[[0.955091,-0.173791,-0.239995],[0.274754,0.822707,0.497658],[0.110957,-0.541249,0.83351]],[[0.958576,-0.193934,-0.208619],[0.0301356,0.797355,-0.602758],[0.283239,0.571503,0.770169]],[[0.958576,-0.193934,-0.208619],[0.00985892,0.754566,-0.65615],[0.284667,0.626913,0.725221]],[[0.958576,-0.193934,-0.208619],[-0.0000831662,0.732224,-0.681063],[0.284838,0.652868,0.701876]]],"btipPosition":[-36.7857,323.073,-63.1164],"carpPosition":[-5.08516,333.984,59.3523],"dipPosition":[-31.9765,334.096,-51.2658],"direction":[-0.284667,-0.626913,-0.725221],"extended":false,"handId":396,"id":3961,"length":58.114,"mcpPosition":[-13.152,373.334,-1.24552],"pipPosition":[-25.1771,349.07,-33.9436],"stabilizedTipPosition":[-35.672,325.515,-60.3864],"timeVisible":10.0144,"tipPosition":[-35.5215,326.275,-60.8977],"tipVelocity":[-36.211,232.806,-12.2681],"tool":false,"touchDistance":-0.47307,"touchZone":"touching","type":1,"width":19.1147},{"bases":[[[0.900374,-0.383006,-0.206477],[0.434637,0.769399,0.468099],[-0.0204212,-0.511206,0.859215]],[[0.89742,-0.413683,-0.153311],[0.136137,0.590209,-0.795688],[0.419648,0.693195,0.585983]],[[0.89742,-0.413683,-0.153311],[0.0866743,0.506051,-0.858138],[0.43258,0.756821,0.489996]],[[0.89742,-0.413683,-0.153311],[0.0650996,0.467868,-0.881397],[0.436349,0.781003,0.446805]]],"btipPosition":[-32.0308,300.047,-52.4017],"carpPosition":[6.80905,333.591,56.8154],"dipPosition":[-23.9276,314.551,-44.1044],"direction":[-0.43258,-0.756821,-0.489996],"extended":false,"handId":396,"id":3962,"length":66.2163,"mcpPosition":[8.217,368.836,-2.42341],"pipPosition":[-11.7717,335.818,-30.335],"stabilizedTipPosition":[-30.1267,303.235,-50.4842],"timeVisible":10.0144,"tipPosition":[-29.801,304.714,-52.1504],"tipVelocity":[-63.1943,200.12,-23.8416],"tool":false,"touchDistance":-0.33169,"touchZone":"touching","type":2,"width":18.7732},{"bases":[[[0.852212,-0.510963,-0.112482],[0.496982,0.72338,0.479302],[-0.163538,-0.464368,0.870412]],[[0.861728,-0.476433,-0.174464],[0.149159,0.566549,-0.810416],[0.484951,0.672335,0.559275]],[[0.861728,-0.476433,-0.174464],[0.0661329,0.446396,-0.892388],[0.503043,0.757458,0.41618]],[[0.861728,-0.476433,-0.174464],[0.0309286,0.392545,-0.919213],[0.506428,0.786715,0.353002]]],"btipPosition":[-16.3207,293.861,-42.443],"carpPosition":[18.0894,330.063,54.0409],"dipPosition":[-6.9702,308.387,-35.9253],"direction":[-0.503043,-0.757458,-0.41618],"extended":false,"handId":396,"id":3963,"length":63.6687,"mcpPosition":[28.2126,358.808,0.161272],"pipPosition":[6.80075,329.123,-24.5322],"stabilizedTipPosition":[-14.06,296.915,-40.8998],"timeVisible":10.0144,"tipPosition":[-13.938,298.407,-42.6369],"tipVelocity":[-64.9854,162.525,-32.5387],"tool":false,"touchDistance":-0.329086,"touchZone":"touching","type":3,"width":17.8639},{"bases":[[[0.733647,-0.673727,-0.0886232],[0.607068,0.591214,0.530975],[-0.305337,-0.443349,0.84274]],[[0.718549,-0.693742,-0.0490755],[0.405754,0.47548,-0.780565],[0.564846,0.540962,0.623145]],[[0.718549,-0.693742,-0.0490755],[0.313978,0.38655,-0.867177],[0.620568,0.607701,0.495575]],[[0.718549,-0.693742,-0.0490755],[0.273025,0.346279,-0.897524],[0.639644,0.631516,0.438227]]],"btipPosition":[1.80969,303.908,-37.1099],"carpPosition":[26.9402,319.908,49.9975],"dipPosition":[12.7051,314.665,-29.6453],"direction":[-0.620568,-0.607701,-0.495575],"extended":false,"handId":396,"id":3964,"length":49.9151,"mcpPosition":[44.4365,345.313,1.7073],"pipPosition":[24.6995,326.41,-20.0668],"stabilizedTipPosition":[4.46947,305.962,-35.2987],"timeVisible":10.0144,"tipPosition":[4.90113,307.161,-36.6275],"tipVelocity":[-46.7566,131.307,-39.6506],"tool":false