{"sensorType":"Leap","data":[[0,{"currentFrameRate":54.5276,"devices":[],"gestures":[],"hands":[{"armBasis":[[0.997308,-0.0708291,-0.0189902],[0.0714029,0.996951,0.0314633],[0.0167038,-0.0327345,0.999324]],"armWidth":62.9686,"confidence":0.623942,"direction":[-0.0336006,0.426979,-0.903637],"elbow":[26.4125,201.303,323.289],"grabStrength":0.971039,"id":396,"palmNormal":[-0.092158,-0.901619,-0.422599],"palmPosition":[12.2726,229.493,7.15253],"palmVelocity":[73.5191,336.804,-102.935],"palmWidth":89.917,"pinchStrength":1,"r":[[0.917232,0.366604,-0.155841],[-0.378474,0.924045,-0.053835],[0.124268,0.108361,0.986314]],"s":1.16877,"sphereCenter":[13.8631,193.981,-24.4022],"sphereRadius":38.5468,"stabilizedPalmPosition":[12.1564,228.964,7.28564],"t":[55.0529,-115.622,-68.7417],"timeVisible":30.8122,"type":"right","wrist":[21.9556,210.037,56.653]}],"id":1398555,"interactionBox":{"center":[0,200,0],"size":[235.247,235.247,147.751]},"pointables":[{"bases":[[[0.476329,0.861953,0.17363],[-0.746585,0.292175,0.597699],[0.464458,-0.414331,0.782693]],[[0.265753,0.954587,-0.134682],[-0.841088,0.297857,0.4515],[0.471112,-0.00670793,0.882048]],[[0.265753,0.954587,-0.134682],[-0.955395,0.242118,-0.169112],[-0.128824,0.173617,0.976351]],[[0.265753,0.954587,-0.134682],[-0.729321,0.107714,-0.67564],[-0.63045,0.27778,0.724825]]],"btipPosition":[-11.2685,188.973,-36.0102],"carpPosition":[-6.95034,200.916,57.1605],"dipPosition":[-25.8493,195.397,-19.2467],"direction":[0.128824,-0.173617,-0.976351],"extended":false,"handId":396,"id":3960,"length":51.5018,"mcpPosition":[-6.95034,200.916,57.1605],"pipPosition":[-30.1898,201.247,13.65],"stabilizedTipPosition":[-15.8383,183.822,-28.5977],"timeVisible":30.8122,"tipPosition":[-15.9919,190.053,-32.2561],"tipVelocity":[97.6429,521.435,-289.882],"tool":false,"touchDistance":-0.491551,"touchZone":"hovering","type":0,"width":20.0112},{"bases":[[[0.975408,0.00359341,-0.220378],[0.0614384,0.955804,0.287515],[0.211671,-0.293984,0.932078]],[[0.980021,-0.00317331,-0.198869],[-0.12329,0.774906,-0.619936],[0.156072,0.632069,0.759033]],[[0.980021,-0.00317331,-0.198869],[-0.196509,0.138922,-0.970611],[0.0307073,0.990298,0.135523]],[[0.980021,-0.00317331,-0.198869],[-0.192616,-0.264375,-0.944989],[-0.0495772,0.964415,-0.259704]]],"btipPosition":[-19.5046,176.904,-43.6255],"carpPosition":[2.4069,222.302,55.2159],"dipPosition":[-20.3416,193.187,-48.0104],"direction":[-0.0307073,-0.990298,-0.135523],"extended":false,"handId":396,"id":3961,"length":58.114,"mcpPosition":[-12.982,243.676,-12.548],"pipPosition":[-19.6082,216.841,-44.7734],"stabilizedTipPosition":[-20.1208,169.176,-36.8569],"timeVisible":30.8122,"tipPosition":[-19.4521,179.951,-43.2596],"tipVelocity":[20.6152,573.679,-386.407],"tool":false,"touchDistance":0.186345,"touchZone":"hovering","type":1,"width":19.1147},{"bases":[[[0.970176,-0.199152,-0.138189],[0.23009,0.935965,0.266512],[0.0762632,-0.29036,0.953874]],[[0.968547,-0.193582,-0.156343],[-0.047518,0.472854,-0.879858],[0.244252,0.859613,0.448783]],[[0.968547,-0.193582,-0.156343],[-0.199583,-0.22913,-0.952715],[0.148606,0.953953,-0.260559]],[[0.968547,-0.193582,-0.156343],[-0.23677,-0.523726,-0.818322],[0.0765318,0.829601,-0.553087]]],"btipPosition":[-8.36121,160.985,-17.0443],"carpPosition":[14.1282,224.125,52.5042],"dipPosition":[-6.93999,176.391,-27.3153],"direction":[-0.148606,-0.953953,0.260559],"extended":false,"handId":396,"id":3962,"length":66.2163,"mcpPosition":[8.87022,244.144,-13.2609],"pipPosition":[-2.764,203.199,-34.6373],"stabilizedTipPosition":[-8.10366,162.751,-18.9596],"timeVisible":30.8122,"tipPosition":[-8.35549,165.602,-22.7034],"tipVelocity":[35.6263,440.048,-126.501],"tool":false,"touchDistance":0.333333,"touchZone":"none","type":2,"width":18.7732},{"bases":[[[0.950701,-0.309697,-0.016007],[0.301131,0.909611,0.28623],[-0.0740843,-0.276939,0.958027]],[[0.952925,-0.298193,-0.0549071],[0.0854826,0.437959,-0.894922],[0.290906,0.8481,0.442832]],[[0.952925,-0.298193,-0.0549071],[-0.133625,-0.250464,-0.95886],[0.272173,0.921059,-0.278519]],[[0.952925,-0.298193,-0.0549071],[-0.213117,-0.529907,-0.820841],[0.215673,0.793901,-0.568512]]],"btipPosition":[6.30014,162.611,-10.4354],"carpPosition":[25.9914,222.787,50.2986],"dipPosition":[10.2823,177.27,-20.9322],"direction":[-0.272173,-0.921059,0.278519],"extended":false,"handId":396,"id":3963,"length":63.6687,"mcpPosition":[30.5774,239.93,-9.00454],"pipPosition":[17.7331,202.484,-28.5568],"stabilizedTipPosition":[7.2017,162.232,-11.5012],"timeVisible":30.8122,"tipPosition":[7.25682,166.664,-15.9093],"tipVelocity":[6.04867,412.106,-149.615],"tool":false,"touchDistance":0.333333,"touchZone":"none","type":3,"width":17.8639},{"bases":[[[0.872825,-0.485677,0.0479099],[0.437598,0.822304,0.363763],[-0.216068,-0.296536,0.930259]],[[0.844686,-0.514624,0.147197],[0.385178,0.393453,-0.834765],[0.371675,0.761812,0.530566]],[[0.844686,-0.514624,0.147197],[0.0389378,-0.215193,-0.975795],[0.533843,0.829972,-0.161732]],[[0.844686,-0.514624,0.147197],[-0.132039,-0.466835,-0.874432],[0.51872,0.719185,-0.46228]]],"btipPosition":[17.3153,176.41,-12.3955],"carpPosition":[37.0753,214.329,48.4485],"dipPosition":[26.1509,188.66,-20.2698],"direction":[-0.533843,-0.829972,0.161732],"extended":false,"handId":396,"id":3964,"length":49.9151,"mcpPosition":[49.4563,231.321,-4.85662],"pipPosition":[36.4691,204.702,-23.3958],"stabilizedTipPosition":[19.4827,173.894,-11.5977],"timeVisible":30.8122,"tipPosition":[19.9034,179.628,-15.9496],"tipVelocity":[-10.1428,397.33,-186.469],"tool":false,"touchDistance":0.333333,"touchZone":"none","type":4,"width":15.8681}],"r":[[0.917232,0.366604,-0.155841],[-0.378474,0.924045,-0.053835],[0.124268,0.108361,0.986314]],"s":1.16877,"t":[55.0529,-115.622,-68.7417],"timestamp":88444107032},false],[1,{"currentFrameRate":54.6675,"devices":[],"gestures":[],"hands":[{"armBasis":[[0.995559,-0.0880038,-0.03344],[0.0887598,0.995814,0.0218346],[0.0313785,-0.0247058,0.999202]],"armWidth":62.9686,"confidence":0.62741,"direction":[-0.00602237,0.520512,-0.853833],"elbow":[30.1301,207.05,320.772],"grabStrength":0.900055,"id":396,"palmNormal":[-0.105903,-0.849379,-0.51705],"palmPosition":[13.4939,238.45,6.85197],"palmVelocity":[71.2074,414.98,-62.4856],"palmWidth":89.917,"pinchStrength":1,"r":[[0.924659,0.360213,-0.123495],[-0.362656,0.931919,0.00288449],[0.116127,0.0421192,0.992341]],"s":1.20174,"sphereCenter":[14.739,206.394,-28.1678],"sphereRadius":38.6661,"stabilizedPalmPosition":[13.4221,237.94,6.87527],"t":[56.3326,-108.077,-69.8184],"timeVisible":30.83,"type":"right","wrist":[21.7578,213.642,54.1688]}],"id":1398556,"interactionBox":{"center":[0,200,0],"size":[235.247,235.247,147.751]},"pointables":[{"bases":[[[0.493674,0.826143,0.271613],[-0.750542,0.246982,0.612932],[0.439286,-0.506446,0.741984]],[[0.293887,0.955509,-0.0251562],[-0.845933,0.272258,0.458556],[0.445004,-0.113484,0.888309]],[[0.293887,0.955509,-0.0251562],[-0.940935,0.284575,-0.183462],[-0.168141,0.0775875,0.982705]],[[0.293887,0.955509,-0.0251562],[-0.691746,0.194451,-0.695468],[-0.659635,0.221791,0.718116]]],"btipPosition":[-8.39561,203.131,-40.3036],"carpPosition":[-7.36506,205.276,53.2349],"dipPosition":[-23.6514,208.26,-23.6953],"direction":[0.168141,-0.0775875,-0.982705],"extended":false,"handId":396,"id":3960,"length":51.5018,"mcpPosition":[-7.36506,205.276,53.2349],"pipPosition":[-29.3166,210.874,9.41551],"stabilizedTipPosition":[-13.1915,197.607,-33.9035],"timeVisible":30.83,"tipPosition":[-13.5819,204.081,-36.6916],"tipVelocity":[123.5,642.28,-267.923],"tool":false,"touchDistance":-0.535665,"touchZone":"hovering","type":0,"width":20.0112},{"bases":[[[0.979231,0.00132522,-0.202744],[0.0790841,0.918273,0.38797],[0.186688,-0.395946,0.899096]],[[0.983866,-0.00924501,-0.17867],[-0.0829603,0.861233,-0.501393],[0.158512,0.508125,0.846571]],[[0.983866,-0.00924501,-0.17867],[-0.167662,0.300851,-0.938817],[0.0624326,0.953626,0.294447]],[[0.983866,-0.00924501,-0.17867],[-0.178685,-0.100822,-0.978727],[-0.00896563,0.994861,-0.100848]]],"btipPosition":[-19.0994,194.135,-52.9213],"carpPosition":[2.54286,226.497,53.7169],"dipPosition":[-19.2507,210.932,-54.624],"direction":[-0.0624326,-0.953626,-0.294447],"extended":false,"handId":396,"id":3961,"length":58.114,"mcpPosition":[-11.0298,255.283,-11.6492],"pipPosition":[-17.7595,233.71,-47.591],"stabilizedTipPosition":[-19.5976,184.461,-45.5837],"timeVisible":30.83,"tipPosition":[-18.8151,196.904,-51.4009],"tipVelocity":[25.7877,762.102,-433.925],"tool":false,"touchDistance":0.1954,"touchZone":"hovering","type":1,"width":19.1147},{"bases":[[[0.967524,-0.208743,-0.142558],[0.247576,0.896361,0.367753],[0.051017,-0.391104,0.918931]],[[0.96626,-0.200594,-0.161569],[-0.0319963,0.528941,-0.848055],[0.255575,0.824611,0.504676]],[[0.96626,-0.200594,-0.161569],[-0.197192,-0.172565,-0.965058],[0.165704,0.964356,-0.206298]],[[0.96626,-0.200594,-0.161569],[-0.239563,-0.469488,-0.849818],[0.0946141,0.859851,-0.501702]]],"btipPosition":[-7.75001,172.908,-20.875],"carpPosition":[14.3544,228.288,51.4057],"dipPosition":[-5.99299,188.876,-30.1918],"direction":[-0.165704,-0.964356,0.206298],"extended":false,"handId":396,"id":3962,"length":66.2163,"mcpPosition":[10.837,255.253,-11.9503],"pipPosition":[-1.33653,215.975,-35.989],"stabilizedTipPosition":[-7.44538,174.765,-22.485],"timeVisible":30.83,"tipPosition":[-7.63479,177.794,-26.2463],"tipVelocity":[37.0569,551.403,-162.387],"tool":false,"touchDistance":0.333333,"touchZone":"none","type":2,"width":18.7732},{"bases":[[[0.943052,-0.330996,-0.0330899],[0.317568,0.866233,0.385735],[-0.0990131,-0.374276,0.922016]],[[0.946274,-0.315656,-0.0701924],[0.106104,0.508142,-0.854712],[0.305462,0.801345,0.514334]],[[0.946274,-0.315656,-0.0701924],[-0.129112,-0.169801,-0.976984],[0.296472,0.933557,-0.201433]],[[0.946274,-0.315656,-0.0701924],[-0.215735,-0.454559,-0.864196],[0.240882,0.832909,-0.498236]]],"btipPosition":[6.30011,173.733,-15.804],"carpPosition":[26.2216,226.881,49.2657],"dipPosition":[10.7477,189.111,-25.0032],"direction":[-0.296472,-0.933557,0.201433],"extended":false,"handId":396,"id":3963,"length":63.6687,"mcpPosition":[32.3507,250.049,-7.80829],"pipPosition":[18.8637,214.668,-30.5175],"stabilizedTipPosition":[7.29428,173.705,-16.3982],"timeVisible":30.83,"tipPosition":[7.40456,178.13,-20.7344],"tipVelocity":[6.03127,516.405,-213.155],"tool":false,"touchDistance":0.333333,"touchZone":"none","type":3,"width":17.8639},{"bases":[[[0.859732,-0.510636,0.0105692],[0.450378,0.767713,0.455825],[-0.240875,-0.387127,0.890007]],[[0.829443,-0.548707,0.104617],[0.39911,0.45111,-0.798255],[0.390815,0.703861,0.593164]],[[0.829443,-0.548707,0.104617],[0.0360581,-0.134303,-0.990284],[0.557427,0.825156,-0.0916111]],[[0.829443,-0.548707,0.104617],[-0.139701,-0.385104,-0.912238],[0.54084,0.742034,-0.396077]]],"btipPosition":[17.2906,187.379,-16.4946],"carpPosition":[37.1306,218.379,46.7133],"dipPosition":[26.5031,200.018,-23.2411],"direction":[-0.557427,-0.825156,0.0916111],"extended":false,"handId":396,"id":3964,"length":49.9151,"mcpPosition":[50.933,240.562,-4.28534],"pipPosition":[37.2771,215.967,-25.0118],"stabilizedTipPosition":[19.4305,185.593,-16.2001],"timeVisible":30.83,"tipPosition":[20.0159,190.844,-19.8776],"tipVelocity":[-3.737,502.552,-200.198],"tool":false,"touchDistance":0.333333,"touchZone":"none","type":4,"width":15.8681}],"r":[[0.924659,0.360213,-0.123495],[-0.362656,0.931919,0.00288449],[0.116127,0.0421192,0.992341]],"s":1.20174,"t":[56.3326,-108.077,-69.8184],"timestamp":88444124835},false],[2,{"currentFrameRate":54.6285,"devices":[],"gestures":[],"hands":[{"armBasis":[[0.992923,-0.116511,-0.0229997],[0.117381,0.992239,0.0410394],[0.0180396,-0.0434487,0.998893]],"armWidth":62.9686,"confidence":0.640988,"direction":[0.00683423,0.585974,-0.810301],"elbow":[27.5978,206.317,318.802],"grabStrength":0.797781,"id":396,"palmNormal":[-0.135946,-0.802252,-0.5813],"palmPosition":[15.1061,246.614,7.11812],"palmVelocity":[79.0211,428.332,-25.4114],"palmWidth":89.917,"pinchStrength":1,"r":[[0.932402,0.349097,-0.0935817],[-0.344295,0.936689,0.0638374],[0.109942,-0.0273024,0.993563]],"s":1.24044,"sphereCenter":[15.043,217.228,-30.4568],"sphereRadius":39.0613,"stabilizedPalmPosition":[15.0543,246.347,7.11065],"t":[57.7785,-100.223,-70.2237],"timeVisible":30.8484,"type":"right","wrist":[22.7845,217.91,52.2812]}],"id":1398557,"interactionBox":{"center":[0,200,0],"size":[235.247,235.247,147.751]},"pointables":[{"bases":[[[0.52158,0.785973,0.331965],[-0.739174,0.221945,0.635895],[0.426119,-0.57705,0.696732]],[[0.326344,0.943934,0.049888],[-0.835921,0.263557,0.481428],[0.441288,-0.198814,0.875065]],[[0.326344,0.943934,0.049888],[-0.928796,0.330021,-0.168595],[-0.175606,0.0086841,0.984422]],[[0.326344,0.943934,0.049888],[-0.670584,0.26839,-0.691581],[-0.666196,0.192239,0.720574]]],"btipPosition":[-7.04311,215.65,-42.0928],"carpPosition":[-6.59917,210.581,50.9071],"dipPosition":[-22.4506,220.096,-25.4276],"direction":[0.175606,-0.0086841,-0.984422],"extended":false,"handId":396,"id":3960,"length":51.5018,"mcpPosition":[-6.59917,210.581,50.9071],"pipPosition":[-28.3674,220.388,7.74105],"stabilizedTipPosition":[-11.2139,212.083,-37.2111],"timeVisible":30.8484,"tipPosition":[-12.3441,216.588,-38.53],"tipVelocity":[98.4094,655.788,-185.204],"tool":false,"touchDistance":-0.537073,"touchZone":"hovering","type":0,"width":20.0112},{"bases":[[[0.977776,-0.0141238,-0.209176],[0.110767,0.881909,0.458222],[0.178003,-0.471208,0.863874]],[[0.982653,-0.0281804,-0.183301],[-0.0438263,0.925106,-0.377171],[0.180202,0.378661,0.907823]],[[0.982653,-0.0281804,-0.183301],[-0.150614,0.455435,-0.877436],[0.108208,0.889823,0.443291]],[[0.982653,-0.0281804,-0.183301],[-0.181068,0.0679206,-0.981122],[0.0400984,0.997293,0.0616398]]],"btipPosition":[-19.8574,211.459,-59.9968],"carpPosition":[3.99601,231.369,52.9798],"dipPosition":[-19.1803,228.297,-58.956],"direction":[-0.108208,-0.889823,-0.443291],"extended":false,"handId":396,"id":3961,"length":58.114,"mcpPosition":[-8.94513,265.627,-9.82554],"pipPosition":[-16.5957,249.551,-48.3679],"stabilizedTipPosition":[-19.6606,203.156,-54.167],"timeVisible":30.8484,"tipPosition":[-19.309,213.707,-57.3596],"tipVelocity":[-1.47342,847.786,-393.206],"tool":false,"touchDistance":0.247731,"touchZone":"hovering","type":1,"width":19.1147},{"bases":[[[0.95953,-0.227792,-0.165571],[0.278358,0.856265,0.435117],[0.0426568,-0.463595,0.88502]],[[0.958361,-0.217554,-0.184971],[-0.027519,0.574374,-0.81813],[0.28423,0.789155,0.544471]],[[0.958361,-0.217554,-0.184971],[-0.215041,-0.123635,-0.968747],[0.187886,0.968186,-0.16527]],[[0.958361,-0.217554,-0.184971],[-0.263364,-0.423008,-0.867008],[0.110377,0.879622,-0.46269]]],"btipPosition":[-7.96052,183.789,-22.9857],"carpPosition":[15.8484,232.957,50.7299],"dipPosition":[-5.91079,200.124,-31.578],"direction":[-0.187886,-0.968186,0.16527],"extended":false,"handId":396,"id":3962,"length":66.2163,"mcpPosition":[12.9074,264.92,-10.288],"pipPosition":[-0.631003,227.331,-36.2223],"stabilizedTipPosition":[-7.48503,186.36,-24.7321],"timeVisible":30.8484,"tipPosition":[-7.79124,188.797,-27.9874],"tipVelocity":[15.4531,572.223,-134.926],"tool":false,"touchDistance":0.333333,"touchZone":"none","type":2,"width":18.7732},{"bases":[[[0.931616,-0.357427,-0.0658551],[0.347419,0.822588,0.450166],[-0.10673,-0.442261,0.890513]],[[0.935147,-0.339404,-0.101513],[0.116822,0.565967,-0.816109],[0.334444,0.751323,0.568912]],[[0.935147,-0.339404,-0.101513],[-0.141336,-0.0946856,-0.985423],[0.324845,0.935863,-0.136515]],[[0.935147,-0.339404,-0.101513],[-0.236137,-0.38359,-0.892804],[0.264082,0.858874,-0.438859]]],"btipPosition":[5.72467,184.069,-20.0035],"carpPosition":[27.6532,231.343,48.3993],"dipPosition":[10.6006,199.927,-28.1065],"direction":[-0.324845,-0.935863,0.136515],"extended":false,"handId":396,"id":3963,"length":63.6687,"mcpPosition":[34.2599,258.72,-6.72462],"pipPosition":[19.4933,225.547,-31.8436],"stabilizedTipPosition":[6.93424,184.962,-20.792],"timeVisible":30.8484,"tipPosition":[6.92497,188.686,-24.4164],"tipVelocity":[-9.34049,540.537,-213.584],"tool":false,"touchDistance":0.333333,"touchZone":"none","type":3,"width":17.8639},{"bases":[[[0.842706,-0.537181,-0.0358144],[0.477286,0.714655,0.511338],[-0.249086,-0.448001,0.858633]],[[0.811794,-0.581367,0.0547945],[0.403137,0.49008,-0.772853],[0.422457,0.649487,0.632215]],[[0.811794,-0.581367,0.0547945],[0.0157979,-0.0719357,-0.997284],[0.58373,0.810455,-0.0492126]],[[0.811794,-0.581367,0.0547945],[-0.166415,-0.320272,-0.932594],[0.559729,0.747956,-0.356743]]],"btipPosition":[16.9623,197.294,-19.1561],"carpPosition":[38.2675,222.723,45.108],"dipPosition":[26.4964,210.035,-25.2327],"direction":[-0.58373,-0.810455,0.0492126],"extended":false,"handId":396,"id":3964,"length":49.9151,"mcpPosition":[52.5404,248.394,-4.09291],"pipPosition":[37.7788,225.699,-26.1839],"stabilizedTipPosition":[19.2154,197.021,-19.6006],"timeVisible":30.8484,"tipPosition":[19.7413,200.864,-22.3807],"tipVelocity":[-8.58422,520.075,-169.238],"tool":false,"touchDistance":0.333333,"touchZone":"none","type":4,"width":15.8681}],"r":[[0.932402,0.349097,-0.0935817],[-0.344295,0.936689,0.0638374],[0.109942,-0.0273024,0.993563]],"s":1.24044,"t":[57.7785,-100.223,-70.2237],"timestamp":88444143277},false],[3,{"currentFrameRate":54.6273,"devices":[],"gestures":[],"hands":[{"armBasis":[[0.992812,-0.117188,-0.0243361],[0.117794,0.992719,0.0251857],[0.0212075,-0.0278713,0.999387]],"armWidth":62.9686,"confidence":0.629575,"direction":[0.0152484,0.656886,-0.753835],"elbow":[29.2309,212.664,317.804],"grabStrength":0.703709,"id":396,"palmNormal":[-0.139937,-0.745101,-0.652106],"palmPosition":[16.3309,252.843,8.7473],"palmVelocity":[73.2044,386.058,29.4444],"palmWidth":89.917,"pinchStrength":0.914413,"r":[[0.93891,0.338312,-0.0631827],[-0.32841,0.935615,0.129505],[0.102928,-0.100844,0.989564]],"s":1.28176,"sphereCenter":[16.1461,226.818,-31.5891],"sphereRadius":39.5776,"stabilizedPalmPosition":[16.3048,252.71,8.71385],"t":[59.1139,-93.1809,-69.6118],"timeVisible":30.8667,"type":"right","wrist":[23.5724,220.1,51.1514]}],"id":1398558,"interactionBox":{"center":[0,200,0],"size":[235.247,235.247,147.751]},"pointables":[{"bases":[[[0.52653,0.748168,0.403746],[-0.74015,0.16976,0.650661],[0.418264,-0.641425,0.64314]],[[0.334607,0.932289,0.13739],[-0.835124,0.225818,0.501571],[0.436584,-0.282567,0.854137]],[[0.334607,0.932289,0.13739],[-0.924443,0.353032,-0.144132],[-0.182875,-0.0787813,0.979975]],[[0.334607,0.932289,0.13739],[-0.660652,0.336039,-0.671279],[-0.671995,0.133848,0.72836]]],"btipPosition":[-5.69688,226.676,-42.9873],"carpPosition":[-5.86399,213.179,49.0104],"dipPosition":[-21.2385,229.772,-26.1421],"direction":[0.182875,0.0787813,-0.979975],"extended":false,"handId":396,"id":3960,"length":51.5018,"mcpPosition":[-5.86399,213.179,49.0104],"pipPosition":[-27.4002,227.117,6.87674],"stabilizedTipPosition":[-9.61078,224.714,-38.7806],"timeVisible":30.8667,"tipPosition":[-10.9414,227.335,-39.4239],"tipVelocity":[85.6677,621.962,-118.732],"tool":false,"touchDistance":-0.524496,"touchZone":"hovering","type":0,"width":20.0112},{"bases":[[[0.978548,-0.00350192,-0.205988],[0.11596,0.835792,0.536661],[0.170284,-0.549035,0.818269]],[[0.983537,-0.0212301,-0.179456],[-0.0226215,0.970798,-0.238828],[0.179286,0.238956,0.954336]],[[0.983537,-0.0212301,-0.179456],[-0.131413,0.597631,-0.790929],[0.12404,0.80149,0.585002]],[[0.983537,-0.0212301,-0.179456],[-0.169557,0.23503,-0.957085],[0.0624965,0.971756,0.227561]]],"btipPosition":[-19.1175,227.822,-64.8244],"carpPosition":[4.8921,233.602,52.9976],"dipPosition":[-18.0623,244.229,-60.9823],"direction":[-0.12404,-0.80149,-0.585002],"extended":false,"handId":396,"id":3961,"length":58.114,"mcpPosition":[-7.48787,273.518,-6.49224],"pipPosition":[-15.0996,263.373,-47.0093],"stabilizedTipPosition":[-19.1286,222.412,-60.7847],"timeVisible":30.8667,"tipPosition":[-18.4856,229.487,-61.5245],"tipVelocity":[20.8883,867.197,-314.207],"tool":false,"touchDistance":0.288063,"touchZone":"hovering","type":1,"width":19.1147},{"bases":[[[0.958355,-0.220077,-0.181992],[0.283436,0.810911,0.511945],[0.0349122,-0.542208,0.839518]],[[0.957328,-0.207826,-0.200828],[-0.022885,0.638201,-0.769529],[0.288097,0.741288,0.606212]],[[0.957328,-0.207826,-0.200828],[-0.215042,-0.0479843,-0.975425],[0.193082,0.976988,-0.090628]],[[0.957328,-0.207826,-0.200828],[-0.264934,-0.35344,-0.897157],[0.115472,0.912079,-0.393418]]],"btipPosition":[-6.93283,192.967,-25.9587],"carpPosition":[16.767,235.286,50.9445],"dipPosition":[-4.78847,209.905,-33.2647],"direction":[-0.193082,-0.976988,0.090628],"extended":false,"handId":396,"id":3962,"length":66.2163,"mcpPosition":[14.36,272.668,-6.93633],"pipPosition":[0.637345,237.359,-35.8114],"stabilizedTipPosition":[-6.51903,196.065,-27.4183],"timeVisible":30.8667,"tipPosition":[-6.72112,198.212,-30.3596],"tipVelocity":[35.5287,541.829,-140.34],"tool":false,"touchDistance":0.333333,"touchZone":"none","type":2,"width":18.7732},{"bases":[[[0.928936,-0.357968,-0.0945378],[0.352151,0.775417,0.524135],[-0.114317,-0.52018,0.846371]],[[0.932742,-0.337035,-0.128063],[0.123034,0.63141,-0.765626],[0.338904,0.698376,0.630409]],[[0.932742,-0.337035,-0.128063],[-0.140808,-0.0135364,-0.989944],[0.331913,0.941395,-0.0600834]],[[0.932742,-0.337035,-0.128063],[-0.237824,-0.308177,-0.921122],[0.270985,0.889626,-0.367605]]],"btipPosition":[6.59173,192.956,-23.2729],"carpPosition":[28.5684,233.788,48.5208],"dipPosition":[11.5951,209.382,-30.0602],"direction":[-0.331913,-0.941395,0.0600834],"extended":false,"handId":396,"id":3963,"length":63.6687,"mcpPosition":[35.6448,265.988,-3.87072],"pipPosition":[20.6813,235.153,-31.705],"stabilizedTipPosition":[7.60438,194.722,-24.1432],"timeVisible":30.8667,"tipPosition":[7.82179,197.848,-27.2237],"tipVelocity":[18.6156,517.491,-188.86],"tool":false,"touchDistance":0.333333,"touchZone":"none","type":3,"width":17.8639},{"bases":[[[0.838421,-0.538935,-0.0812382],[0.480855,0.661277,0.575753],[-0.256572,-0.521787,0.813578]],[[0.806881,-0.590696,0.0045531],[0.407202,0.550614,-0.728704],[0.427936,0.589832,0.684813]],[[0.806881,-0.590696,0.0045531],[0.0137515,0.0110775,-0.999844],[0.590554,0.806818,0.0170612]],[[0.806881,-0.590696,0.0045531],[-0.170267,-0.239949,-0.955737],[0.565643,0.770391,-0.294186]]],"btipPosition":[17.8258,205.983,-21.3658],"carpPosition":[39.1261,225.41,44.501],"dipPosition":[27.4607,219.105,-26.3768],"direction":[-0.590554,-0.806818,-0.0170612],"extended":false,"handId":396,"id":3964,"length":49.9151,"mcpPosition":[53.8281,255.31,-2.11817],"pipPosition":[38.875,234.7,-26.0471],"stabilizedTipPosition":[19.8999,206.943,-22.0171],"timeVisible":30.8667,"tipPosition":[20.6061,209.754,-24.25],"tipVelocity":[18.7572,500.532,-139.533],"tool":false,"touchDistance":0.333333,"touchZone":"none","type":4,"width":15.8681}],"r":[[0.93891,0.338312,-0.0631827],[-0.32841,0.935615,0.129505],[0.102928,-0.100844,0.989564]],"s":1.28176,"t":[59.1139,-93.1809,-69.6118],"timestamp":88444161587},false],[4,{"currentFrameRate":54.7072,"devices":[],"gestures":[],"hands":[{"armBasis":[[0.996102,-0.0868081,-0.0156502],[0.0873512,0.995445,0.0382091],[0.012262,-0.0394272,0.999147]],"armWidth":62.9686,"confidence":0.638942,"direction":[0.00451802,0.714685,-0.699431],"elbow":[27.7713,211.741,316.379],"grabStrength":0.630839,"id":396,"palmNormal":[-0.115665,-0.694371,-0.710261],"palmPosition":[16.7647,258.068,10.0339],"palmVelocity":[49.9412,340.702,49.3588],"palmWidth":89.917,"pinchStrength":0.843139,"r":[[0.942257,0.333334,-0.0322604],[-0.321072,0.926561,0.195952],[0.0952088,-0.17428,0.980083]],"s":1.32145,"sphereCenter":[17.5495,235.207,-32.4701],"sphereRadius":40.0263,"stabilizedPalmPosition":[16.7573,257.981,10.0125],"t":[59.9985,-87.0472,-68.6625],"timeVisible":30.8847,"type":"right","wrist":[24.4996,222.261,49.7909]}],"id":1398559,"interactionBox":{"center":[0,200,0],"size":[235.247,235.247,147.751]},"pointables":[{"bases":[[[0.504028,0.726677,0.466794],[-0.749421,0.0993058,0.654605],[0.429331,-0.679764,0.59464]],[[0.309986,0.926258,0.21437],[-0.84408,0.164358,0.510407],[0.437535,-0.339164,0.832785]],[[0.309986,0.926258,0.21437],[-0.931708,0.340848,-0.125468],[-0.189283,-0.160837,0.968661]],[[0.309986,0.926258,0.21437],[-0.662113,0.372131,-0.650481],[-0.682287,0.0597034,0.728643]]],"btipPosition":[-4.15847,235.572,-43.7536],"carpPosition":[-4.7326,214.803,46.8161],"dipPosition":[-19.9381,236.953,-26.9018],"direction":[0.189283,0.160837,-0.968661],"extended":false,"handId":396,"id":3960,"length":51.5018,"mcpPosition":[-4.7326,214.803,46.8161],"pipPosition":[-26.3157,231.534,5.73575],"stabilizedTipPosition":[-8.01825,234.477,-39.739],"timeVisible":30.8847,"tipPosition":[-9.38934,235.811,-40.2186],"tipVelocity":[84.1318,551.057,-82.6109],"tool":false,"touchDistance":-0.511852,"touchZone":"touching","type":0,"width":20.0112},{"bases":[[[0.979936,0.0370826,-0.195834],[0.0903065,0.793295,0.602103],[0.177681,-0.607707,0.774029]],[[0.985348,0.0166612,-0.169739],[-0.037305,0.992173,-0.119169],[0.166425,0.123755,0.978257]],[[0.985348,0.0166612,-0.169739],[-0.132697,0.70011,-0.701597],[0.107147,0.713841,0.692063]],[[0.985348,0.0166612,-0.169739],[-0.163979,0.366231,-0.915962],[0.0469028,0.930375,0.363597]]],"btipPosition":[-17.8679,241.276,-67.9648],"carpPosition":[5.4668,235.107,52.5105],"dipPosition":[-17.0759,256.984,-61.8258],"direction":[-0.107147,-0.713841,-0.692063],"extended":false,"handId":396,"id":3961,"length":58.114,"mcpPosition":[-7.45099,279.289,-3.76296],"pipPosition":[-14.5167,274.035,-45.2956],"stabilizedTipPosition":[-18.0569,239.107,-65.0691],"timeVisible":30.8847,"tipPosition":[-17.2713,242.478,-64.3436],"tipVelocity":[42.2903,806.226,-234.097],"tool":false,"touchDistance":0.304263,"touchZone":"hovering","type":1,"width":19.1147},{"bases":[[[0.965082,-0.181146,-0.189214],[0.258555,0.774609,0.577174],[0.0420141,-0.605943,0.794398]],[[0.963877,-0.167317,-0.207234],[-0.0346617,0.692643,-0.720447],[0.264082,0.701606,0.661823]],[[0.963877,-0.167317,-0.207234],[-0.207335,0.0170575,-0.978121],[0.167192,0.985756,-0.0182495]],[[0.963877,-0.167317,-0.207234],[-0.249433,-0.294195,-0.922623],[0.0934039,0.940986,-0.325302]]],"btipPosition":[-4.59729,200.425,-29.0246],"carpPosition":[17.311,237.242,50.7155],"dipPosition":[-2.86274,217.899,-35.0656],"direction":[-0.167192,-0.985756,0.0182495],"extended":false,"handId":396,"id":3962,"length":66.2163,"mcpPosition":[14.4143,279.019,-4.05443],"pipPosition":[1.83552,245.6,-35.5784],"stabilizedTipPosition":[-4.36216,203.852,-30.2025],"timeVisible":30.8847,"tipPosition":[-4.48651,205.878,-32.8927],"tipVelocity":[77.688,484.657,-146.888],"tool":false,"touchDistance":0.333333,"touchZone":"none","type":2,"width":18.7732},{"bases":[[[0.938491,-0.326216,-0.113218],[0.328053,0.739976,0.58721],[-0.107779,-0.588233,0.801477]],[[0.942004,-0.302825,-0.144656],[0.112081,0.690163,-0.714922],[0.316333,0.657246,0.684077]],[[0.942004,-0.302825,-0.144656],[-0.134259,0.0549933,-0.989419],[0.307576,0.951458,0.011147]],[[0.942004,-0.302825,-0.144656],[-0.224056,-0.246579,-0.942867],[0.249854,0.920595,-0.300128]]],"btipPosition":[8.83724,200.583,-26.2808],"carpPosition":[29.1657,236.234,48.2992],"dipPosition":[13.4505,217.581,-31.8223],"direction":[-0.307576,-0.951458,-0.011147],"extended":false,"handId":396,"id":3963,"length":63.6687,"mcpPosition":[35.8374,272.646,-1.31329],"pipPosition":[21.8705,243.627,-31.5171],"stabilizedTipPosition":[9.54721,202.997,-27.0332],"timeVisible":30.8847,"tipPosition":[9.95506,205.707,-29.7663],"tipVelocity":[66.5372,476.531,-171.013],"tool":false,"touchDistance":0.333333,"touchZone":"none","type":3,"width":17.8639},{"bases":[[[0.852518,-0.509856,-0.115152],[0.459209,0.625334,0.630939],[-0.24968,-0.590765,0.767239]],[[0.821724,-0.568855,-0.0342644],[0.395689,0.612784,-0.684051],[0.410123,0.548543,0.728629]],[[0.821724,-0.568855,-0.0342644],[0.0144296,0.0808743,-0.99662],[0.569703,0.818452,0.0746647]],[[0.821724,-0.568855,-0.0342644],[-0.16352,-0.177757,-0.970394],[0.545922,0.802998,-0.239087]]],"btipPosition":[19.6316,213.653,-23.0582],"carpPosition":[39.9655,228.465,43.7362],"dipPosition":[28.9306,227.33,-27.1307],"direction":[-0.569703,-0.818452,-0.0746647],"extended":false,"handId":396,"id":3964,"length":49.9151,"mcpPosition":[54.2725,262.317,-0.227661],"pipPosition":[39.9419,243.15,-25.6876],"stabilizedTipPosition":[21.5188,215.473,-23.7289],"timeVisible":30.8847,"tipPosition":[22.2975,217.658,-25.6706],"tipVelocity":[55.3662,468.63,-112.29],"tool":false,"touchDistance":0.317542,"touchZone":"hovering","type":4,"width":15.8681}],"r":[[0.942257,0.333334,-0.0322604],[-0.321072,0.926561,0.195952],[0.0952088,-0.17428,0.980083]],"s":1.32145,"t":[59.9985,-87.0472,-68.6625],"timestamp":88444179587},false],[5,{"currentFrameRate":54.7475,"devices":[],"gestures":[],"hands":[{"armBasis":[[0.995728,-0.0913698,-0.0132985],[0.0919281,0.994496,0.0502672],[0.00863245,-0.0512749,0.998647]],"armWidth":62.9686,"confidence":0.57297,"direction":[0.0170225,0.757292,-0.652855],"elbow":[26.6127,210.534,314.468],"grabStrength":0.550546,"id":396,"palmNormal":[-0.115082,-0.647126,-0.753647],"palmPosition":[17.2448,262.526,10.5305],"palmVelocity":[38.7747,295.595,38.9028],"palmWidth":89.917,"pinchStrength":0.759981,"r":[[0.945341,0.326078,-0.0020248],[-0.314408,0.91312,0.259538],[0.0864783,-0.244715,0.965731]],"s":1.36199,"sphereCenter":[18.249,242.233,-33.6607],"sphereRadius":40.6252,"stabilizedPalmPosition":[17.2392,262.474,10.5245],"t":[60.6808,-81.7513,-67.9396],"timeVisible":30.9029,"type":"right","wrist":[24.3095,224.215,48.0127]}],"id":1398560,"interactionBox":{"center":[0,200,0],"size":[235.247,235.247,147.751]},"pointables":[{"bases":[[[0.505919,0.691184,0.516053],[-0.754506,0.0646499,0.653101],[0.41805,-0.719781,0.55421]],[[0.316003,0.907972,0.275188],[-0.847045,0.139339,0.512932],[0.427384,-0.395185,0.813125]],[[0.316003,0.907972,0.275188],[-0.927476,0.356725,-0.111965],[-0.199828,-0.219849,0.954848]],[[0.316003,0.907972,0.275188],[-0.652278,0.418543,-0.631945],[-0.688967,0.0201969,0.724511]]],"btipPosition":[-3.37227,243.66,-44.7171],"carpPosition":[-4.95694,217.226,44.3219],"dipPosition":[-19.3064,244.127,-27.9609],"direction":[0.199828,0.219849,-0.954848],"extended":false,"handId":396,"id":3960,"length":51.5018,"mcpPosition":[-4.95694,217.226,44.3219],"pipPosition":[-26.0393,236.72,4.21133],"stabilizedTipPosition":[-7.12172,242.966,-40.7662],"timeVisible":30.9029,"tipPosition":[-8.59657,243.724,-41.2239],"tipVelocity":[63.7944,495.626,-69.1653],"tool":false,"touchDistance":-0.503782,"touchZone":"touching","type":0,"width":20.0112},{"bases":[[[0.981968,0.0404385,-0.18467],[0.0915607,0.752899,0.651736],[0.165393,-0.656892,0.735621]],[[0.987062,0.0178906,-0.159338],[-0.0196002,0.999766,-0.00916426],[0.159136,0.0121687,0.987182]],[[0.987062,0.0178906,-0.159338],[-0.11043,0.796345,-0.594676],[0.116249,0.604578,0.788018]],[[0.987062,0.0178906,-0.159338],[-0.146229,0.508067,-0.848814],[0.0657684,0.861132,0.50411]]],"btipPosition":[-17.3049,255.297,-71.352],"carpPosition":[5.36288,237.037,51.3742],"dipPosition":[-16.1944,269.837,-62.8406],"direction":[-0.116249,-0.604578,-0.788018],"extended":false,"handId":396,"id":3961,"length":58.114,"mcpPosition":[-6.66152,284.794,-2.10693],"pipPosition":[-13.4178,284.277,-44.0185],"stabilizedTipPosition":[-17.2442,254.866,-68.5584],"timeVisible":30.9029,"tipPosition":[-16.6584,255.847,-67.2433],"tipVelocity":[38.8688,783.63,-197.284],"tool":false,"touchDistance":0.3073,"touchZone":"hovering","type":1,"width":19.1147},{"bases":[[[0.965192,-0.177629,-0.191968],[0.259865,0.734292,0.627124],[0.029565,-0.655181,0.754893]],[[0.964262,-0.162577,-0.209207],[-0.0231915,0.734787,-0.677902],[0.263934,0.658527,0.704756]],[[0.964262,-0.162577,-0.209207],[-0.199127,0.076186,-0.977008],[0.174777,0.98375,0.0410898]],[[0.964262,-0.162577,-0.209207],[-0.244012,-0.237263,-0.9403],[0.103234,0.957745,-0.268454]]],"btipPosition":[-4.19782,207.547,-31.9652],"carpPosition":[17.2408,239.172,49.8194],"dipPosition":[-2.28073,225.333,-36.9505],"direction":[-0.174777,-0.98375,-0.0410898],"extended":false,"handId":396,"id":3962,"length":66.2163,"mcpPosition":[15.2024,284.344,-2.22687],"pipPosition":[2.63071,252.977,-35.7958],"stabilizedTipPosition":[-3.7973,211.118,-32.9176],"timeVisible":30.9029,"tipPosition":[-4.0051,213.135,-35.3979],"tipVelocity":[52.2962,442.875,-147.82],"tool":false,"touchDistance":0.302792,"touchZone":"hovering","type":2,"width":18.7732},{"bases":[[[0.936668,-0.326954,-0.125512],[0.32897,0.698465,0.635551],[-0.12013,-0.636591,0.761788]],[[0.940648,-0.301824,-0.155189],[0.123864,0.731037,-0.671001],[0.315974,0.611954,0.725033]],[[0.940648,-0.301824,-0.155189],[-0.125985,0.114055,-0.985454],[0.315134,0.946516,0.0692603]],[[0.940648,-0.301824,-0.155189],[-0.218636,-0.189175,-0.957294],[0.259577,0.934406,-0.243937]]],"btipPosition":[9.17361,207.433,-29.1136],"carpPosition":[29.1081,238.211,47.4463],"dipPosition":[13.9664,224.686,-33.6176],"direction":[-0.315134,-0.946517,-0.0692603],"extended":false,"handId":396,"id":3963,"length":63.6687,"mcpPosition":[36.5443,277.617,0.2906],"pipPosition":[22.5933,250.597,-31.7216],"stabilizedTipPosition":[10.1776,210.267,-29.7288],"timeVisible":30.9029,"tipPosition":[10.3528,212.678,-32.2065],"tipVelocity":[44.7786,431.138,-157.736],"tool":false,"touchDistance":0.303229,"touchZone":"hovering","type":3,"width":17.8639},{"bases":[[[0.849152,-0.509317,-0.139775],[0.458737,0.580105,0.673081],[-0.261728,-0.635668,0.72624]],[[0.817643,-0.57214,-0.0641545],[0.403036,0.648398,-0.645865],[0.411123,0.50223,0.760752]],[[0.817643,-0.57214,-0.0641545],[0.0141351,0.131348,-0.991235],[0.575552,0.80957,0.115483]],[[0.817643,-0.57214,-0.0641545],[-0.166895,-0.128899,-0.977513],[0.551005,0.809963,-0.20088]]],"btipPosition":[20.0044,220.079,-24.5123],"carpPosition":[39.8825,230.647,42.495],"dipPosition":[29.39,233.876,-27.934],"direction":[-0.575552,-0.80957,-0.115483],"extended":false,"handId":396,"id":3964,"length":49.9151,"mcpPosition":[54.8799,267.072,0.880441],"pipPosition":[40.5143,249.523,-25.7019],"stabilizedTipPosition":[22.0987,222.474,-25.1423],"timeVisible":30.9029,"tipPosition":[22.6693,224.166,-26.9566],"tipVelocity":[39.3212,415.039,-93.0917],"tool":false,"touchDistance":0.307301,"touchZone":"hovering","type":4,"width":15.8681}],"r":[[0.945341,0.326078,-0.0020248],[-0.314408,0.91312,0.259538],[0.0864783,-0.244715,0.965731]],"s":1.36199,"t":[60.6808,-81.7513,-67.9396],"timestamp":88444197712},false],[6,{"currentFrameRate":54.8794,"devices":[],"gestures":[],"hands":[{"armBasis":[[0.996323,-0.0852328,-0.00867642],[0.0855605,0.995091,0.0497261],[0.00439553,-0.0502856,0.998725]],"armWidth":62.9686,"confidence":0.581732,"direction":[0.0191048,0.779379,-0.626261],"elbow":[25.4605,212.715,314.031],"grabStrength":0.468296,"id":396,"palmNormal":[-0.107085,-0.621177,-0.776319],"palmPosition":[17.3618,265.687,11.3613],"palmVelocity":[23.6701,240.393,42.5976],"palmWidth":89.917,"pinchStrength":0.750323,"r":[[0.947348,0.319198,0.0253815],[-0.310585,0.89671,0.315353],[0.0779001,-0.306632,0.948635]],"s":1.40439,"sphereCenter":[18.6576,246.831,-33.8429],"sphereRadius":41.2788,"stabilizedPalmPosition":[17.3605,265.652,11.3521],"t":[61.0805,-77.5228,-67.1627],"timeVisible":30.9206,"type":"right","wrist":[24.2877,226.132,47.5555]}],"id":1398561,"interactionBox":{"center":[0,200,0],"size":[235.247,235.247,147.751]},"pointables":[{"bases":[[[0.499518,0.674726,0.543349],[-0.759584,0.0395433,0.649206],[0.41655,-0.737009,0.532264]],[[0.311142,0.898621,0.309307],[-0.849928,0.117489,0.513633],[0.425221,-0.422701,0.800319]],[[0.311142,0.898621,0.309307],[-0.927996,0.357473,-0.105054],[-0.204973,-0.254349,0.945142]],[[0.311142,0.898621,0.309307],[-0.649564,0.438658,-0.621004],[-0.693727,-0.00769469,0.720197]]],"btipPosition":[-2.94973,248.773,-44.5757],"carpPosition":[-4.92454,219.174,43.4048],"dipPosition":[-18.994,248.595,-27.9193],"direction":[0.204973,0.254349,-0.945142],"extended":false,"handId":396,"id":3960,"length":51.5018,"mcpPosition":[-4.92454,219.174,43.4048],"pipPosition":[-25.9002,240.026,3.92586],"stabilizedTipPosition":[-6.66926,248.381,-40.7461],"timeVisible":30.9206,"tipPosition":[-8.02727,248.66,-41.1239],"tipVelocity":[44.3515,394.218,-33.5786],"tool":false,"touchDistance":-0.479961,"touchZone":"touching","type":0,"width":20.0112},{"bases":[[[0.983162,0.0501271,-0.175727],[0.0839355,0.730317,0.677933],[0.162319,-0.681267,0.713812]],[[0.988004,0.0275061,-0.151957],[-0.016391,0.997129,0.0739208],[0.153554,-0.0705434,0.985619]],[[0.988004,0.0275061,-0.151957],[-0.100151,0.863141,-0.494932],[0.117547,0.504213,0.855542]],[[0.988004,0.0275061,-0.151957],[-0.136094,0.620113,-0.772618],[0.0729789,0.78403,0.616417]]],"btipPosition":[-17.0904,266.009,-73.3708],"carpPosition":[5.2696,238.766,51.2125],"dipPosition":[-15.8582,279.247,-62.9632],"direction":[-0.117547,-0.504213,-0.855542],"extended":false,"handId":396,"id":3961,"length":58.114,"mcpPosition":[-6.53131,288.295,-0.683051],"pipPosition":[-13.0506,291.29,-42.5283],"stabilizedTipPosition":[-16.8721,266.942,-70.617],"timeVisible":30.9206,"tipPosition":[-16.4104,265.982,-68.9432],"tipVelocity":[27.034,690.989,-146.518],"tool":false,"touchDistance":0.311101,"touchZone":"hovering","type":1,"width":19.1147},{"bases":[[[0.967242,-0.167616,-0.190651],[0.252486,0.713143,0.653971],[0.0263457,-0.680685,0.732102]],[[0.966356,-0.151576,-0.207801],[-0.0226253,0.75468,-0.655703],[0.256212,0.638344,0.72586]],[[0.966356,-0.151576,-0.207801],[-0.194174,0.0999141,-0.975866],[0.16868,0.983383,0.0671205]],[[0.966356,-0.151576,-0.207801],[-0.23749,-0.215596,-0.947162],[0.0987661,0.964647,-0.244341]]],"btipPosition":[-3.44368,211.971,-32.5756],"carpPosition":[17.1508,240.994,49.8222],"dipPosition":[-1.60956,229.884,-37.1131],"direction":[-0.16868,-0.983383,-0.0671205],"extended":false,"handId":396,"id":3962,"length":66.2163,"mcpPosition":[15.3344,287.924,-0.652814],"pipPosition":[3.13053,257.519,-35.227],"stabilizedTipPosition":[-3.0681,215.794,-33.5774],"timeVisible":30.9206,"tipPosition":[-3.26867,217.561,-35.8065],"tipVelocity":[47.175,352.699,-91.8569],"tool":false,"touchDistance":0.303842,"touchZone":"hovering","type":2,"width":18.7732},{"bases":[[[0.938772,-0.319237,-0.129592],[0.321657,0.677283,0.661683],[-0.123464,-0.662854,0.738499]],[[0.94278,-0.293862,-0.157514],[0.124415,0.748371,-0.651507],[0.309332,0.594631,0.742111]],[[0.94278,-0.293862,-0.157514],[-0.122537,0.133976,-0.983379],[0.31008,0.946412,0.0903012]],[[0.94278,-0.293862,-0.157514],[-0.21383,-0.170434,-0.961888],[0.255816,0.94053,-0.223518]]],"btipPosition":[9.81188,211.659,-29.318],"carpPosition":[29.039,240.156,47.5073],"dipPosition":[14.5352,229.024,-33.445],"direction":[-0.31008,-0.946412,-0.0903012],"extended":false,"handId":396,"id":3963,"length":63.6687,"mcpPosition":[36.6816,281.187,1.79324],"pipPosition":[23.0237,254.933,-30.973],"stabilizedTipPosition":[10.8184,215.056,-30.2076],"timeVisible":30.9206,"tipPosition":[10.9711,216.944,-32.3034],"tipVelocity":[40.2063,341.13,-86.8222],"tool":false,"touchDistance":0.308718,"touchZone":"hovering","type":3,"width":17.8639},{"bases":[[[0.852035,-0.501299,-0.150783],[0.451574,0.558145,0.6961],[-0.264795,-0.661192,0.701933]],[[0.820509,-0.566252,-0.0782513],[0.402944,0.67003,-0.623455],[0.405463,0.48002,0.777933]],[[0.820509,-0.566252,-0.0782513],[0.0142638,0.157129,-0.987475],[0.571455,0.809116,0.137003]],[[0.820509,-0.566252,-0.0782513],[-0.166501,-0.105786,-0.98035],[0.546847,0.817416,-0.18108]]],"btipPosition":[20.5231,224.356,-24.5876],"carpPosition":[39.8777,232.804,42.3804],"dipPosition":[29.8378,238.279,-27.672],"direction":[-0.571455,-0.809116,-0.137003],"extended":false,"handId":396,"id":3964,"length":49.9151,"mcpPosition":[55.0508,270.691,2.15872],"pipPosition":[40.883,253.918,-25.024],"stabilizedTipPosition":[22.6235,227.181,-25.2855],"timeVisible":30.9206,"tipPosition":[23.1398,228.479,-26.913],"tipVelocity":[34.1426,334.04