{"sensorType":"Leap","data":[[0,{"currentFrameRate":55.2105,"devices":[],"gestures":[],"hands":[{"armBasis":[[0.96982,0.243497,-0.0125789],[-0.241755,0.967024,0.0801242],[0.0316741,-0.0746651,0.996706]],"armWidth":62.9686,"confidence":0.554752,"direction":[-0.266152,0.45075,-0.852049],"elbow":[26.4175,198.416,307.25],"grabStrength":1,"id":396,"palmNormal":[0.14058,-0.85633,-0.496928],"palmPosition":[-2.81982,236.837,-5.0371],"palmVelocity":[28.7565,331.633,-40.6419],"palmWidth":89.917,"pinchStrength":0.729686,"r":[[0.701698,0.663377,-0.259906],[-0.648683,0.74572,0.152028],[0.294669,0.0619187,0.953591]],"s":1.51462,"sphereCenter":[1.41049,208.579,-36.876],"sphereRadius":36.8105,"stabilizedPalmPosition":[-2.94167,235.321,-4.82642],"t":[40.7719,-108.301,-82.0635],"timeVisible":36.606,"type":"right","wrist":[17.9663,218.337,41.3128]}],"id":1398874,"interactionBox":{"center":[0,200,0],"size":[235.247,235.247,147.751]},"pointables":[{"bases":[[[0.206063,0.9553,0.21199],[-0.726471,0.0042108,0.687184],[0.655575,-0.295607,0.694865]],[[0.114542,0.986734,0.115045],[-0.770838,0.0152297,0.636849],[0.626649,-0.161627,0.762357]],[[0.114542,0.986734,0.115045],[-0.993394,0.114584,0.00627789],[-0.00698761,-0.115004,0.99334]],[[0.114542,0.986734,0.115045],[-0.920341,0.148998,-0.361624],[-0.373968,-0.064459,0.925199]]],"btipPosition":[-28.5262,213.912,-48.9468],"carpPosition":[-6.49873,200.573,43.5262],"dipPosition":[-37.1752,212.421,-27.5492],"direction":[0.00698761,0.115004,-0.99334],"extended":false,"handId":396,"id":3960,"length":51.5018,"mcpPosition":[-6.49873,200.573,43.5262],"pipPosition":[-37.4107,208.546,5.91998],"stabilizedTipPosition":[-30.472,210.062,-42.7623],"timeVisible":36.606,"tipPosition":[-30.2529,213.163,-44.1814],"tipVelocity":[-3.72011,562.305,-215.364],"tool":false,"touchDistance":-0.474639,"touchZone":"touching","type":0,"width":20.0112},{"bases":[[[0.895399,0.324143,-0.305272],[-0.201697,0.906493,0.370929],[0.396962,-0.270557,0.877052]],[[0.897784,0.322501,-0.299962],[-0.439876,0.622225,-0.647568],[-0.0221972,0.713322,0.700484]],[[0.897784,0.322501,-0.299962],[-0.245468,-0.199096,-0.948739],[-0.36569,0.925394,-0.0995818]],[[0.897784,0.322501,-0.299962],[-0.054581,-0.59434,-0.802359],[-0.437041,0.736717,-0.515987]]],"btipPosition":[-16.2327,178.738,-39.6056],"carpPosition":[-4.42887,223.895,42.807],"dipPosition":[-23.6117,191.177,-48.3176],"direction":[0.36569,-0.925394,0.0995818],"extended":false,"handId":396,"id":3961,"length":58.114,"mcpPosition":[-33.2888,243.565,-20.9565],"pipPosition":[-32.3464,213.281,-50.6961],"stabilizedTipPosition":[-15.7294,169.273,-31.7544],"timeVisible":36.606,"tipPosition":[-17.9775,181.796,-41.5416],"tipVelocity":[-107.813,520.297,-419.09],"tool":false,"touchDistance":0.333333,"touchZone":"none","type":1,"width":19.1147},{"bases":[[[0.961975,0.125294,-0.242704],[-0.038651,0.942083,0.333145],[0.270389,-0.311096,0.911103]],[[0.965808,0.120753,-0.22942],[-0.259166,0.426066,-0.866776],[-0.00691788,0.896597,0.442793]],[[0.965808,0.120753,-0.22942],[-0.0427046,-0.798725,-0.600179],[-0.255717,0.589455,-0.766258]],[[0.965808,0.120753,-0.22942],[0.105347,-0.991348,-0.0782977],[-0.23689,0.0514517,-0.970173]]],"btipPosition":[-0.948605,190.701,-5.11243],"carpPosition":[5.77884,229.479,39.2458],"dipPosition":[-5.34774,191.657,-23.1289],"direction":[0.255717,-0.589455,0.766258],"extended":false,"handId":396,"id":3962,"length":66.2163,"mcpPosition":[-12.8632,250.928,-23.5705],"pipPosition":[-12.5337,208.221,-44.6616],"stabilizedTipPosition":[0.973977,173.147,8.35205],"timeVisible":36.606,"tipPosition":[-1.8722,190.717,-9.1359],"tipVelocity":[-71.349,326.445,-279.558],"tool":false,"touchDistance":0.333333,"touchZone":"none","type":2,"width":18.7732},{"bases":[[[0.991438,0.00677046,-0.130401],[0.0388157,0.93823,0.343827],[0.124674,-0.345945,0.929934]],[[0.987708,0.0161132,-0.155475],[-0.146441,0.443191,-0.884385],[0.0546546,0.896283,0.440103]],[[0.987708,0.0161132,-0.155475],[-0.0814112,-0.796074,-0.599698],[-0.133432,0.604984,-0.784978]],[[0.987708,0.0161132,-0.155475],[0.00480656,-0.997333,-0.072827],[-0.156233,0.0711845,-0.985152]]],"btipPosition":[13.5533,196.049,-1.44586],"carpPosition":[17.1465,232.083,35.8715],"dipPosition":[10.6686,197.363,-19.6354],"direction":[0.133432,-0.604984,0.784978],"extended":false,"handId":396,"id":3963,"length":63.6687,"mcpPosition":[9.429,253.498,-21.6927],"pipPosition":[7.01585,213.925,-41.1244],"stabilizedTipPosition":[14.94,180.777,7.59539],"timeVisible":36.606,"tipPosition":[12.7848,196.05,-5.81538],"tipVelocity":[-58.977,278.198,-238.944],"tool":false,"touchDistance":0.333333,"touchZone":"none","type":3,"width":17.8639},{"bases":[[[0.979071,-0.188431,-0.0769008],[0.203409,0.893588,0.400157],[-0.0066844,-0.407425,0.913214]],[[0.976407,-0.215395,-0.0153326],[0.0921351,0.479768,-0.872545],[0.195298,0.850546,0.488294]],[[0.976407,-0.215395,-0.0153326],[-0.174057,-0.743016,-0.646244],[0.127806,0.633666,-0.762977]],[[0.976407,-0.215395,-0.0153326],[-0.215573,-0.968141,-0.127403],[0.012598,0.127703,-0.991732]]],"btipPosition":[20.8731,206.879,-5.51226],"carpPosition":[29.999,227.676,32.2386],"dipPosition":[21.0877,209.055,-22.405],"direction":[-0.127806,-0.633666,0.762977],"extended":false,"handId":396,"id":3964,"length":49.9151,"mcpPosition":[30.3821,251.022,-20.0898],"pipPosition":[23.5579,221.302,-37.1519],"stabilizedTipPosition":[21.612,193.427,-0.52693],"timeVisible":36.606,"tipPosition":[20.7002,207.057,-9.67126],"tipVelocity":[-32.0069,286.595,-177.899],"tool":false,"touchDistance":0.333333,"touchZone":"none","type":4,"width":15.8681}],"r":[[0.701698,0.663377,-0.259906],[-0.648683,0.74572,0.152028],[0.294669,0.0619187,0.953591]],"s":1.51462,"t":[40.7719,-108.301,-82.0635],"timestamp":88449900873},false],[1,{"currentFrameRate":55.3276,"devices":[],"gestures":[],"hands":[{"armBasis":[[0.978023,0.208416,-0.00577426],[-0.208093,0.977479,0.0351116],[0.012962,-0.0331384,0.999367]],"armWidth":62.9686,"confidence":0.553898,"direction":[-0.248361,0.53906,-0.804817],"elbow":[21.6894,209.379,302.894],"grabStrength":1,"id":396,"palmNormal":[0.0855261,-0.815402,-0.572542],"palmPosition":[-1.92564,241.916,-7.96675],"palmVelocity":[38.9722,311,-99.1593],"palmWidth":89.917,"pinchStrength":0.801628,"r":[[0.721298,0.657195,-0.218687],[-0.628606,0.75372,0.191728],[0.290832,-0.000824843,0.956774]],"s":1.52033,"sphereCenter":[0.786396,216.382,-42.3359],"sphereRadius":36.8755,"stabilizedPalmPosition":[-2.04194,241.161,-7.60731],"t":[41.4823,-102.683,-83.8887],"timeVisible":36.6237,"type":"right","wrist":[18.2309,218.221,36.2469]}],"id":1398875,"interactionBox":{"center":[0,200,0],"size":[235.247,235.247,147.751]},"pointables":[{"bases":[[[0.263307,0.919424,0.292113],[-0.717855,-0.0155526,0.696018],[0.644479,-0.392961,0.655918]],[[0.161261,0.968846,0.187969],[-0.772217,0.00526868,0.635337],[0.614553,-0.247608,0.749009]],[[0.161261,0.968846,0.187969],[-0.986568,0.163281,0.00478895],[-0.0260521,-0.186217,0.982163]],[[0.161261,0.968846,0.187969],[-0.918742,0.216932,-0.329931],[-0.360429,-0.11949,0.925102]]],"btipPosition":[-28.3007,223.003,-54.1715],"carpPosition":[-7.19908,201.751,37.2643],"dipPosition":[-36.6366,220.239,-32.7761],"direction":[0.0260521,0.186217,-0.982163],"extended":false,"handId":396,"id":3960,"length":51.5018,"mcpPosition":[-7.19908,201.751,37.2643],"pipPosition":[-37.5143,213.965,0.316467],"stabilizedTipPosition":[-30.2704,219.826,-47.9108],"timeVisible":36.6237,"tipPosition":[-30.3717,222.59,-49.0805],"tipVelocity":[5.89218,532.209,-252.935],"tool":false,"touchDistance":-0.533886,"touchZone":"touching","type":0,"width":20.0112},{"bases":[[[0.909487,0.298543,-0.28932],[-0.144931,0.879954,0.452412],[0.389653,-0.369531,0.843574]],[[0.911663,0.296461,-0.284572],[-0.408585,0.727941,-0.550601],[0.0439202,0.618234,0.784766]],[[0.911663,0.296461,-0.284572],[-0.279242,-0.0611317,-0.958273],[-0.301487,0.953086,0.0270528]],[[0.911663,0.296461,-0.284572],[-0.109326,-0.492564,-0.863382],[-0.396129,0.818225,-0.416641]]],"btipPosition":[-20.0913,188.927,-49.6885],"carpPosition":[-3.78755,224.889,38.5704],"dipPosition":[-26.7796,202.742,-56.7232],"direction":[0.301487,-0.953086,-0.0270528],"extended":false,"handId":396,"id":3961,"length":58.114,"mcpPosition":[-32.1161,251.754,-22.7592],"pipPosition":[-33.9808,225.507,-56.077],"stabilizedTipPosition":[-18.7263,180.87,-41.6855],"timeVisible":36.6237,"tipPosition":[-21.3355,191.983,-50.4849],"tipVelocity":[-155.304,555.005,-479.743],"tool":false,"touchDistance":0.207168,"touchZone":"hovering","type":1,"width":19.1147},{"bases":[[[0.96506,0.0914593,-0.245548],[0.0195051,0.909431,0.415396],[0.261301,-0.405672,0.875872]],[[0.968682,0.085676,-0.233056],[-0.243451,0.51239,-0.823522],[0.0488596,0.854468,0.517201]],[[0.968682,0.085676,-0.233056],[-0.0939851,-0.742244,-0.663506],[-0.229831,0.66463,-0.710946]],[[0.968682,0.085676,-0.233056],[0.0481927,-0.98561,-0.16202],[-0.243584,0.145714,-0.958871]]],"btipPosition":[-2.67129,196.064,-11.8798],"carpPosition":[6.68948,230.178,35.3578],"dipPosition":[-7.19473,198.77,-29.6864],"direction":[0.229831,-0.66463,0.710946],"extended":false,"handId":396,"id":3962,"length":66.2163,"mcpPosition":[-11.326,258.147,-25.0295],"pipPosition":[-13.6532,217.447,-49.6648],"stabilizedTipPosition":[0.122519,177.425,3.93139],"timeVisible":36.6237,"tipPosition":[-3.66408,196.448,-15.9787],"tipVelocity":[-84.3305,326.366,-326.646],"tool":false,"touchDistance":0.333333,"touchZone":"none","type":2,"width":18.7732},{"bases":[[[0.98876,-0.0380543,-0.14459],[0.0967242,0.900246,0.424501],[0.114013,-0.433714,0.893808]],[[0.985268,-0.026168,-0.169002],[-0.129927,0.528039,-0.839222],[0.111201,0.848817,0.51686]],[[0.985268,-0.026168,-0.169002],[-0.133347,-0.736294,-0.663392],[-0.107076,0.676155,-0.728937]],[[0.985268,-0.026168,-0.169002],[-0.0527666,-0.986524,-0.154873],[-0.162672,0.161509,-0.973372]]],"btipPosition":[12.1209,200.298,-8.17086],"carpPosition":[18.1535,232.42,32.0509],"dipPosition":[9.11741,203.28,-26.1429],"direction":[0.107076,-0.676155,0.728937],"extended":false,"handId":396,"id":3963,"length":63.6687,"mcpPosition":[11.096,259.268,-23.277],"pipPosition":[6.18617,221.79,-46.0977],"stabilizedTipPosition":[14.3284,184.298,4.12794],"timeVisible":36.6237,"tipPosition":[11.3027,200.662,-12.527],"tipVelocity":[-70.0265,270.732,-303.852],"tool":false,"touchDistance":0.333333,"touchZone":"none","type":3,"width":17.8639},{"bases":[[[0.965645,-0.236216,-0.108309],[0.259025,0.84149,0.474131],[-0.0208566,-0.485897,0.873767]],[[0.962093,-0.268159,-0.0496774],[0.110369,0.549412,-0.82823],[0.24939,0.791352,0.558182]],[[0.962093,-0.268159,-0.0496774],[-0.223885,-0.672581,-0.705344],[0.155732,0.689729,-0.707122]],[[0.962093,-0.268159,-0.0496774],[-0.27258,-0.939642,-0.206816],[0.00878049,0.212517,-0.977118]]],"btipPosition":[20.0118,210.87,-11.4151],"carpPosition":[30.6905,227.63,27.8459],"dipPosition":[20.1614,214.49,-28.0589],"direction":[-0.155732,-0.689729,0.707122],"extended":false,"handId":396,"id":3964,"length":49.9151,"mcpPosition":[31.8856,255.472,-22.2222],"pipPosition":[23.1714,227.821,-41.7263],"stabilizedTipPosition":[21.2101,198.118,-4.30408],"timeVisible":36.6237,"tipPosition":[19.8015,211.412,-15.5421],"tipVelocity":[-40.2278,266.979,-249.402],"tool":false,"touchDistance":0.333333,"touchZone":"none","type":4,"width":15.8681}],"r":[[0.721298,0.657195,-0.218687],[-0.628606,0.75372,0.191728],[0.290832,-0.000824843,0.956774]],"s":1.52033,"t":[41.4823,-102.683,-83.8887],"timestamp":88449918542},false],[2,{"currentFrameRate":55.3264,"devices":[],"gestures":[],"hands":[{"armBasis":[[0.983731,0.1796,0.00410799],[-0.179603,0.982725,0.0446623],[0.00398431,-0.0446735,0.998994]],"armWidth":62.9686,"confidence":0.563941,"direction":[-0.224204,0.613014,-0.757593],"elbow":[19.0788,207.587,299.46],"grabStrength":1,"id":396,"palmNormal":[0.0543246,-0.768313,-0.637765],"palmPosition":[-1.04622,247.552,-9.19132],"palmVelocity":[43.5683,311.351,-84.2247],"palmWidth":89.917,"pinchStrength":0.878154,"r":[[0.741926,0.647216,-0.175092],[-0.606514,0.759172,0.236219],[0.285809,-0.0690611,0.955795]],"s":1.5266,"sphereCenter":[1.20764,224.844,-45.6174],"sphereRadius":36.9035,"stabilizedPalmPosition":[-1.13421,246.988,-9.05134],"t":[42.2772,-97.0563,-85.4136],"timeVisible":36.6418,"type":"right","wrist":[18.0158,219.507,32.9122]}],"id":1398876,"interactionBox":{"center":[0,200,0],"size":[235.247,235.247,147.751]},"pointables":[{"bases":[[[0.299205,0.880918,0.366688],[-0.719882,-0.0438366,0.692711],[0.626296,-0.471234,0.621041]],[[0.186995,0.948855,0.254376],[-0.785893,-0.0108701,0.618267],[0.589411,-0.315525,0.743666]],[[0.186995,0.948855,0.254376],[-0.98044,0.196448,-0.012044],[-0.0613996,-0.247148,0.96703]],[[0.186995,0.948855,0.254376],[-0.910405,0.264665,-0.317987],[-0.369048,-0.172123,0.913333]]],"btipPosition":[-26.5293,231.919,-57.8081],"carpPosition":[-8.05828,204.046,32.5821],"dipPosition":[-35.0645,227.938,-36.6849],"direction":[0.0613996,0.247148,-0.96703],"extended":false,"handId":396,"id":3960,"length":51.5018,"mcpPosition":[-8.05828,204.046,32.5821],"pipPosition":[-37.1333,219.611,-4.10219],"stabilizedTipPosition":[-28.8312,228.874,-51.9896],"timeVisible":36.6418,"tipPosition":[-29.0506,231.759,-52.419],"tipVelocity":[48.452,506.305,-229.97],"tool":false,"touchDistance":-0.564319,"touchZone":"touching","type":0,"width":20.0112},{"bases":[[[0.921569,0.284457,-0.264185],[-0.110745,0.84487,0.523384],[0.372083,-0.453077,0.810108]],[[0.923414,0.282193,-0.26014],[-0.374948,0.808041,-0.454404],[0.0819743,0.517142,0.851965]],[[0.923414,0.282193,-0.26014],[-0.289386,0.0666869,-0.954887],[-0.252115,0.957037,0.143242]],[[0.923414,0.282193,-0.26014],[-0.137338,-0.389964,-0.910531],[-0.358391,0.876524,-0.321343]]],"btipPosition":[-22.182,200.168,-57.2762],"carpPosition":[-3.72352,226.842,35.7869],"dipPosition":[-28.2331,214.967,-62.7018],"direction":[0.252115,-0.957037,-0.143242],"extended":false,"handId":396,"id":3961,"length":58.114,"mcpPosition":[-30.7747,259.782,-23.1096],"pipPosition":[-34.255,237.826,-59.2804],"stabilizedTipPosition":[-21.2213,192.554,-50.3523],"timeVisible":36.6418,"tipPosition":[-23.063,203.069,-57.2409],"tipVelocity":[-132.601,592.684,-441.476],"tool":false,"touchDistance":0.165022,"touchZone":"hovering","type":1,"width":19.1147},{"bases":[[[0.968652,0.0724042,-0.237635],[0.0548476,0.870645,0.488844],[0.24229,-0.486554,0.839381]],[[0.971972,0.0655375,-0.225778],[-0.220814,0.584131,-0.781046],[0.0806961,0.809009,0.58223]],[[0.971972,0.0655375,-0.225778],[-0.120336,-0.686328,-0.717268],[-0.201966,0.724334,-0.659205]],[[0.971972,0.0655375,-0.225778],[0.0107743,-0.971767,-0.235696],[-0.234851,0.226657,-0.945236]]],"btipPosition":[-3.54509,202.398,-16.5106],"carpPosition":[6.96669,231.951,33.0158],"dipPosition":[-7.90636,206.608,-34.064],"direction":[0.201966,-0.724334,0.659205],"extended":false,"handId":396,"id":3962,"length":66.2163,"mcpPosition":[-9.73809,265.497,-24.8556],"pipPosition":[-13.5818,226.962,-52.5884],"stabilizedTipPosition":[-1.03541,183.856,-2.13737],"timeVisible":36.6418,"tipPosition":[-4.543,203.108,-20.7002],"tipVelocity":[-66.242,346.868,-291.609],"tool":false,"touchDistance":0.333333,"touchZone":"none","type":2,"width":18.7732},{"bases":[[[0.98684,-0.0658257,-0.147694],[0.131609,0.857639,0.497126],[0.0939445,-0.510021,0.855016]],[[0.983854,-0.0516512,-0.171357],[-0.106409,0.601026,-0.792114],[0.143904,0.797559,0.585825]],[[0.983854,-0.0516512,-0.171357],[-0.160489,-0.678369,-0.716979],[-0.0792106,0.732903,-0.675706]],[[0.983854,-0.0516512,-0.171357],[-0.0901545,-0.970131,-0.225205],[-0.154607,0.237017,-0.959124]]],"btipPosition":[11.375,205.912,-12.6864],"carpPosition":[18.521,233.995,29.8994],"dipPosition":[8.52038,210.288,-30.3953],"direction":[0.0792106,-0.732903,0.675706],"extended":false,"handId":396,"id":3963,"length":63.6687,"mcpPosition":[12.7057,265.566,-23.0272],"pipPosition":[6.35196,230.352,-48.893],"stabilizedTipPosition":[13.5463,189.199,-0.39761],"timeVisible":36.6418,"tipPosition":[10.5703,206.534,-17.0405],"tipVelocity":[-55.455,298.063,-276.557],"tool":false,"touchDistance":0.333333,"touchZone":"none","type":3,"width":17.8639},{"bases":[[[0.955679,-0.265209,-0.127838],[0.291276,0.788509,0.541675],[-0.0428552,-0.554903,0.830811]],[[0.950718,-0.301499,-0.0723426],[0.134348,0.610858,-0.780258],[0.279438,0.732087,0.62126]],[[0.950718,-0.301499,-0.0723426],[-0.249073,-0.603692,-0.75731],[0.184656,0.738007,-0.649036]],[[0.950718,-0.301499,-0.0723426],[-0.309464,-0.908281,-0.281527],[0.0191726,0.29004,-0.956823]]],"btipPosition":[19.6631,216.077,-15.1636],"carpPosition":[30.8673,229.065,25.3085],"dipPosition":[19.9897,221.017,-31.4617],"direction":[-0.184656,-0.738007,0.649036],"extended":false,"handId":396,"id":3964,"length":49.9151,"mcpPosition":[33.3229,260.862,-22.2982],"pipPosition":[23.5588,235.281,-44.0063],"stabilizedTipPosition":[20.7628,203.921,-8.74382],"timeVisible":36.6418,"tipPosition":[19.4821,216.954,-19.2347],"tipVelocity":[-29.2052,284.962,-227.321],"tool":false,"touchDistance":0.333333,"touchZone":"none","type":4,"width":15.8681}],"r":[[0.741926,0.647216,-0.175092],[-0.606514,0.759172,0.236219],[0.285809,-0.0690611,0.955795]],"s":1.5266,"t":[42.2772,-97.0563,-85.4136],"timestamp":88449936621},false],[3,{"currentFrameRate":55.3159,"devices":[],"gestures":[],"hands":[{"armBasis":[[0.990691,0.13578,0.00978226],[-0.136078,0.989758,0.0431548],[-0.00382252,-0.0440842,0.999021]],"armWidth":62.9686,"confidence":0.567771,"direction":[-0.1837,0.666704,-0.72233],"elbow":[15.9527,209.668,295.931],"grabStrength":1,"id":396,"palmNormal":[0.0211343,-0.731987,-0.680991],"palmPosition":[-0.142918,252.826,-11.1704],"palmVelocity":[46.5663,301.72,-96.1375],"palmWidth":89.917,"pinchStrength":0.955251,"r":[[0.764951,0.630425,-0.131964],[-0.581355,0.763996,0.279885],[0.277267,-0.13738,0.95092]],"s":1.53154,"sphereCenter":[1.79935,232.18,-48.8306],"sphereRadius":36.8164,"stabilizedPalmPosition":[-0.221171,252.365,-11.0031],"t":[43.1263,-91.6063,-87.1656],"timeVisible":36.6599,"type":"right","wrist":[16.9726,221.43,29.3759]}],"id":1398877,"interactionBox":{"center":[0,200,0],"size":[235.247,235.247,147.751]},"pointables":[{"bases":[[[0.340709,0.841286,0.419708],[-0.728676,-0.0458,0.683326],[0.594095,-0.538646,0.59742]],[[0.22063,0.928869,0.29753],[-0.809178,0.00399942,0.587551],[0.544568,-0.370386,0.752503]],[[0.22063,0.928869,0.29753],[-0.968246,0.245351,-0.0479789],[-0.117565,-0.277497,0.953506]],[[0.22063,0.928869,0.29753],[-0.8883,0.317337,-0.331996],[-0.402798,-0.191048,0.895128]]],"btipPosition":[-23.4527,239.448,-62.0076],"carpPosition":[-9.8667,207.409,27.9417],"dipPosition":[-32.7685,235.03,-41.3054],"direction":[0.117565,0.277497,-0.953506],"extended":false,"handId":396,"id":3960,"length":51.5018,"mcpPosition":[-9.8667,207.409,27.9417],"pipPosition":[-36.7297,225.68,-9.17842],"stabilizedTipPosition":[-26.2195,236.588,-56.2322],"timeVisible":36.6599,"tipPosition":[-26.6606,239.655,-56.3638],"tipVelocity":[101.508,460.524,-233.403],"tool":false,"touchDistance":-0.600666,"touchZone":"touching","type":0,"width":20.0112},{"bases":[[[0.93796,0.250312,-0.239947],[-0.0722409,0.817887,0.570825],[0.339134,-0.518078,0.785229]],[[0.939644,0.247719,-0.236019],[-0.323678,0.867178,-0.378464],[0.110918,0.432015,0.89502]],[[0.939644,0.247719,-0.236019],[-0.281995,0.170024,-0.94423],[-0.193775,0.953796,0.229618]],[[0.939644,0.247719,-0.236019],[-0.155572,-0.305055,-0.939542],[-0.304742,0.919552,-0.248105]]],"btipPosition":[-23.9759,210.738,-63.8791],"carpPosition":[-4.38477,229.722,32.5028],"dipPosition":[-29.1212,226.264,-68.0681],"direction":[0.193775,-0.953796,-0.229618],"extended":false,"handId":396,"id":3961,"length":58.114,"mcpPosition":[-29.0405,267.387,-24.5849],"pipPosition":[-33.7496,249.046,-62.5836],"stabilizedTipPosition":[-23.313,204.11,-58.049],"timeVisible":36.6599,"tipPosition":[-24.5585,213.472,-63.3163],"tipVelocity":[-111.154,592.727,-397.38],"tool":false,"touchDistance":0.156471,"touchZone":"hovering","type":1,"width":19.1147},{"bases":[[[0.973635,0.0348943,-0.225426],[0.0948356,0.836858,0.539143],[0.207463,-0.546307,0.811485]],[[0.976443,0.0272461,-0.214049],[-0.182074,0.636381,-0.749579],[0.115793,0.770894,0.62635]],[[0.976443,0.0272461,-0.214049],[-0.147236,-0.641034,-0.753257],[-0.157736,0.767028,-0.621922]],[[0.976443,0.0272461,-0.214049],[-0.0360893,-0.957401,-0.286499],[-0.212736,0.287474,-0.933864]]],"btipPosition":[-4.84922,208.466,-20.8458],"carpPosition":[6.58669,234.412,30.1177],"dipPosition":[-8.79981,213.804,-38.188],"direction":[0.157736,-0.767028,0.621922],"extended":false,"handId":396,"id":3962,"length":66.2163,"mcpPosition":[-7.71689,272.078,-25.8304],"pipPosition":[-13.2324,235.358,-55.6647],"stabilizedTipPosition":[-2.53573,192.064,-9.34823],"timeVisible":36.6599,"tipPosition":[-5.78737,209.438,-25.0921],"tipVelocity":[-66.4984,348.018,-265.452],"tool":false,"touchDistance":0.333333,"touchZone":"none","type":2,"width":18.7732},{"bases":[[[0.983615,-0.109065,-0.14355],[0.17072,0.819371,0.547253],[0.0579341,-0.562793,0.824565]],[[0.981635,-0.0934489,-0.166314],[-0.0662384,0.650604,-0.756523],[0.178901,0.753646,0.632466]],[[0.981635,-0.0934489,-0.166314],[-0.187453,-0.634346,-0.749978],[-0.0354159,0.76738,-0.640213]],[[0.981635,-0.0934489,-0.166314],[-0.136222,-0.953696,-0.268156],[-0.133554,0.285887,-0.948911]]],"btipPosition":[10.2153,211.298,-16.7041],"carpPosition":[18.265,236.021,27.2162],"dipPosition":[7.74938,216.576,-34.2245],"direction":[0.0354159,-0.76738,0.640213],"extended":false,"handId":396,"id":3963,"length":63.6687,"mcpPosition":[14.6788,270.859,-23.8255],"pipPosition":[6.77986,237.584,-51.7505],"stabilizedTipPosition":[12.5206,195.333,-5.7485],"timeVisible":36.6599,"tipPosition":[9.46999,212.054,-21.1134],"tipVelocity":[-57.1837,303.165,-249.36],"tool":false,"touchDistance":0.333333,"touchZone":"none","type":3,"width":17.8639},{"bases":[[[0.94189,-0.307344,-0.135586],[0.326073,0.739471,0.588948],[-0.0807478,-0.598935,0.796716]],[[0.934488,-0.346279,-0.0826023],[0.174154,0.647051,-0.742291],[0.310487,0.679276,0.664967]],[[0.934488,-0.346279,-0.0826023],[-0.272322,-0.54589,-0.792366],[0.229288,0.762951,-0.604427]],[[0.934488,-0.346279,-0.0826023],[-0.353293,-0.873555,-0.334791],[0.0437733,0.342041,-0.938665]]],"btipPosition":[18.9873,220.734,-18.7745],"carpPosition":[30.3868,230.722,22.4427],"dipPosition":[19.7329,226.56,-34.7633],"direction":[-0.229288,-0.762951,0.604427],"extended":false,"handId":396,"id":3964,"length":49.9151,"mcpPosition":[35.0137,265.042,-23.2103],"pipPosition":[24.1646,241.306,-46.4457],"stabilizedTipPosition":[20.2226,210.034,-13.3603],"timeVisible":36.6599,"tipPosition":[18.8925,221.844,-22.7915],"tipVelocity":[-30.5308,277.049,-212.137],"tool":false,"touchDistance":0.333333,"touchZone":"none","type":4,"width":15.8681}],"r":[[0.764951,0.630425,-0.131964],[-0.581355,0.763996,0.279885],[0.277267,-0.13738,0.95092]],"s":1.53154,"t":[43.1263,-91.6063,-87.1656],"timestamp":88449954735},false],[4,{"currentFrameRate":55.3167,"devices":[],"gestures":[],"hands":[{"armBasis":[[0.996213,0.086436,-0.00939837],[-0.0861254,0.995846,0.029541],[0.0119127,-0.0286197,0.999519]],"armWidth":62.9686,"confidence":0.527884,"direction":[-0.144416,0.707226,-0.692081],"elbow":[19.1675,216.958,292.781],"grabStrength":0.99023,"id":396,"palmNormal":[-0.0201019,-0.701365,-0.712518],"palmPosition":[0.744363,258.669,-13.0105],"palmVelocity":[47.7649,311.98,-98.8311],"palmWidth":89.917,"pinchStrength":1,"r":[[0.78973,0.606374,-0.0929326],[-0.552471,0.768863,0.321908],[0.266649,-0.202878,0.942199]],"s":1.53497,"sphereCenter":[1.87564,239.612,-51.5153],"sphereRadius":36.6884,"stabilizedPalmPosition":[0.674612,258.214,-12.8655],"t":[43.9945,-85.9594,-88.9616],"timeVisible":36.678,"type":"right","wrist":[15.989,224.594,26.0928]}],"id":1398878,"interactionBox":{"center":[0,200,0],"size":[235.247,235.247,147.751]},"pointables":[{"bases":[[[0.387896,0.801131,0.455769],[-0.730843,-0.0339607,0.6817],[0.561609,-0.597525,0.572328]],[[0.261786,0.908432,0.325913],[-0.825652,0.035934,0.563034],[0.499767,-0.416485,0.759456]],[[0.261786,0.908432,0.325913],[-0.950656,0.30097,-0.075305],[-0.1665,-0.290117,0.942396]],[[0.261786,0.908432,0.325913],[-0.861838,0.37203,-0.344717],[-0.434401,-0.190642,0.880313]]],"btipPosition":[-20.6043,246.939,-65.4926],"carpPosition":[-11.608,212.21,24.0827],"dipPosition":[-30.651,242.53,-45.1331],"direction":[0.1665,0.290117,-0.942396],"extended":false,"handId":396,"id":3960,"length":51.5018,"mcpPosition":[-11.608,212.21,24.0827],"pipPosition":[-36.2609,232.755,-13.3805],"stabilizedTipPosition":[-23.5469,244.14,-59.9347],"timeVisible":36.678,"tipPosition":[-24.3503,247.472,-59.6903],"tipVelocity":[123.736,438.677,-216.186],"tool":false,"touchDistance":-0.62239,"touchZone":"touching","type":0,"width":20.0112},{"bases":[[[0.951021,0.206468,-0.230067],[-0.0258796,0.79481,0.606306],[0.308042,-0.570655,0.761224]],[[0.952735,0.20326,-0.225789],[-0.267858,0.91269,-0.308625],[0.143344,0.354518,0.923997]],[[0.952735,0.20326,-0.225789],[-0.274642,0.258533,-0.926139],[-0.129873,0.944376,0.302137]],[[0.952735,0.20326,-0.225789],[-0.17744,-0.230966,-0.956645],[-0.246597,0.951494,-0.183983]]],"btipPosition":[-26.077,221.765,-69.0701],"carpPosition":[-4.86159,233.95,29.6117],"dipPosition":[-30.2406,237.83,-72.1765],"direction":[0.129873,-0.944376,-0.302137],"extended":false,"handId":396,"id":3961,"length":58.114,"mcpPosition":[-27.2569,275.438,-25.7309],"pipPosition":[-33.3426,260.387,-64.9599],"stabilizedTipPosition":[-25.4361,216.289,-64.7438],"timeVisible":36.678,"tipPosition":[-26.3966,224.313,-68.1238],"tipVelocity":[-107.635,604.22,-338.476],"tool":false,"touchDistance":0.180895,"touchZone":"hovering","type":1,"width":19.1147},{"bases":[[[0.974279,-0.0110691,-0.225074],[0.142044,0.805552,0.575247],[0.174942,-0.592421,0.786405]],[[0.976623,-0.0193264,-0.21409],[-0.144396,0.67881,-0.719977],[0.159241,0.73406,0.660151]],[[0.976623,-0.0193264,-0.21409],[-0.182739,-0.599124,-0.779524],[-0.113201,0.800423,-0.58865]],[[0.976623,-0.0193264,-0.21409],[-0.0899586,-0.941289,-0.325395],[-0.195232,0.337048,-0.921023]]],"btipPosition":[-6.47658,215.233,-24.5986],"carpPosition":[6.36317,238.105,27.4191],"dipPosition":[-10.1021,221.492,-41.7024],"direction":[0.113201,-0.800423,0.58865],"extended":false,"handId":396,"id":3962,"length":66.2163,"mcpPosition":[-5.69822,278.949,-26.7998],"pipPosition":[-13.2832,243.985,-58.244],"stabilizedTipPosition":[-4.51461,202.263,-17.2991],"timeVisible":36.678,"tipPosition":[-7.35518,216.403,-28.7948],"tipVelocity":[-75.7165,366.117,-236.532],"tool":false,"touchDistance":0.333333,"touchZone":"none","type":2,"width":18.7732},{"bases":[[[0.975905,-0.158822,-0.149615],[0.216793,0.783407,0.582472],[0.0246998,-0.600873,0.798963]],[[0.97485,-0.142165,-0.171627],[-0.0279673,0.685983,-0.72708],[0.221098,0.713594,0.664755]],[[0.97485,-0.142165,-0.171627],[-0.22273,-0.595216,-0.772081],[0.0076075,0.79089,-0.611911]],[[0.97485,-0.142165,-0.171627],[-0.189058,-0.935299,-0.299121],[-0.117998,0.324046,-0.938654]]],"btipPosition":[8.79702,217.222,-20.151],"carpPosition":[18.1176,239.168,24.5743],"dipPosition":[6.61834,223.205,-37.482],"direction":[-0.0076075,-0.79089,0.611911],"extended":false,"handId":396,"id":3963,"length":63.6687,"mcpPosition":[16.5887,276.363,-24.8825],"pipPosition":[6.8266,244.856,-54.2332],"stabilizedTipPosition":[11.1142,203.078,-11.87],"timeVisible":36.678,"tipPosition":[8.0822,218.108,-24.5838],"tipVelocity":[-65.5594,319.105,-220.34],"tool":false,"touchDistance":0.333333,"touchZone":"none","type":3,"width":17.8639},{"bases":[[[0.922879,-0.354543,-0.150309],[0.367267,0.692984,0.620394],[-0.115795,-0.627752,0.769752]],[[0.913252,-0.395108,-0.0992984],[0.211798,0.668677,-0.71275],[0.348012,0.629889,0.694354]],[[0.913252,-0.395108,-0.0992984],[-0.302963,-0.49571,-0.813932],[0.272368,0.773409,-0.572411]],[[0.913252,-0.395108,-0.0992984],[-0.402567,-0.837799,-0.368827],[0.0625344,0.376806,-0.924179]]],"btipPosition":[18.0663,225.992,-22.0093],"carpPosition":[29.921,233.398,19.5552],"dipPosition":[19.1315,232.41,-37.7513],"direction":[-0.272368,-0.773409,0.572411],"extended":false,"handId":396,"id":3964,"length":49.9151,"mcpPosition":[36.5562,269.369,-24.5527],"pipPosition":[24.3959,247.359,-48.8149],"stabilizedTipPosition":[19.4885,216.731,-18.073],"timeVisible":36.678,"tipPosition":[18.0273,227.248,-25.9757],"tipVelocity":[-38.3015,287.221,-194.882],"tool":false,"touchDistance":0.333333,"touchZone":"none","type":4,"width":15.8681}],"r":[[0.78973,0.606374,-0.0929326],[-0.552471,0.768863,0.321908],[0.266649,-0.202878,0.942199]],"s":1.53497,"t":[43.9945,-85.9594,-88.9616],"timestamp":88449972810},false],[5,{"currentFrameRate":55.3322,"devices":[],"gestures":[],"hands":[{"armBasis":[[0.998774,0.0484157,-0.010271],[-0.04795,0.997984,0.041568],[0.0122628,-0.0410245,0.999083]],"armWidth":62.9686,"confidence":0.515389,"direction":[-0.108487,0.742921,-0.66053],"elbow":[18.7971,218.212,289.215],"grabStrength":0.929988,"id":396,"palmNormal":[-0.0432767,-0.667351,-0.743485],"palmPosition":[2.06998,265.561,-14.9903],"palmVelocity":[59.9986,345.4,-104.066],"palmWidth":89.917,"pinchStrength":1,"r":[[0.81373,0.578516,-0.0562475],[-0.523422,0.771418,0.361861],[0.252733,-0.265016,0.930534]],"s":1.53853,"sphereCenter":[2.8,248.205,-54.3014],"sphereRadius":36.6285,"stabilizedPalmPosition":[1.97887,265.081,-14.8516],"t":[45.0914,-79.6901,-90.8495],"timeVisible":36.696,"type":"right","wrist":[15.5252,229.158,22.6441]}],"id":1398879,"interactionBox":{"center":[0,200,0],"size":[235.247,235.247,147.751]},"pointables":[{"bases":[[[0.417182,0.762819,0.494031],[-0.737593,-0.0333946,0.674419],[0.530958,-0.645749,0.548718]],[[0.290133,0.886208,0.361191],[-0.8402,0.0552029,0.53946],[0.458135,-0.459988,0.760608]],[[0.290133,0.886208,0.361191],[-0.933791,0.344755,-0.0957985],[-0.20942,-0.309483,0.927558]],[[0.290133,0.886208,0.361191],[-0.835037,0.418806,-0.356812],[-0.467479,-0.198085,0.861525]]],"btipPosition":[-17.2804,255.756,-68.8095],"carpPosition":[-12.5489,218.056,19.8882],"dipPosition":[-28.092,251.174,-48.8845],"direction":[0.20942,0.309483,-0.927558],"extended":false,"handId":396,"id":3960,"length":51.5018,"mcpPosition":[-12.5489,218.056,19.8882],"pipPosition":[-35.1481,240.747,-17.6318],"stabilizedTipPosition":[-20.4413,252.818,-63.4612],"timeVisible":36.696,"tipPosition":[-21.3708,256.31,-63.0562],"tipVelocity":[147.901,461.63,-203.593],"tool":false,"touchDistance":-0.639737,"touchZone":"touching","type":0,"width":20.0112},{"bases":[[[0.960841,0.176071,-0.21397],[0.0021972,0.767312,0.641271],[0.277091,-0.61663,0.736878]],[[0.962536,0.172254,-0.209409],[-0.220542,0.946637,-0.23503],[0.157749,0.272408,0.949162]],[[0.962536,0.172254,-0.209409],[-0.257904,0.343144,-0.903182],[-0.0837197,0.923353,0.374714]],[[0.962536,0.172254,-0.209409],[-0.1832,-0.156233,-0.970582],[-0.199904,0.972584,-0.118823]]],"btipPosition":[-26.4117,234.011,-74.3774],"carpPosition":[-4.94412,239.222,26.4364],"dipPosition":[-29.7869,250.432,-76.3837],"direction":[0.0837197,-0.923353,-0.374714],"extended":false,"handId":396,"id":3961,"length":58.114,"mcpPosition":[-25.0892,284.052,-27.1361],"pipPosition":[-31.7865,272.487,-67.4335],"stabilizedTipPosition":[-26.5208,229.601,-70.9944],"timeVisible":36.696,"tipPosition":[-26.5471,236.33,-73.0999],"tipVelocity":[-60.6378,642.13,-310.987],"tool":false,"touchDistance":0.206726,"touchZone":"hovering","type":1,"width":19.1147},{"bases":[[[0.974896,-0.0422615,-0.218613],[0.17069,0.772308,0.611887],[0.142977,-0.633841,0.760133]],[[0.976788,-0.0510625,-0.208032],[-0.108979,0.717632,-0.687843],[0.184413,0.694548,0.69541]],[[0.976788,-0.0510625,-0.208032],[-0.200816,-0.556285,-0.806362],[-0.0745504,0.829421,-0.553627]],[[0.976788,-0.0510625,-0.208032],[-0.125923,-0.922526,-0.364815],[-0.173287,0.382543,-0.907542]]],"btipPosition":[-6.86452,223.197,-28.6098],"carpPosition":[6.46411,242.991,24.5106],"dipPosition":[-10.0825,230.301,-45.4632],"direction":[0.0745504,-0.829421,0.553627],"extended":false,"handId":396,"id":3962,"length":66.2163,"mcpPosition":[-3.39348,286.691,-27.897],"pipPosition":[-12.1775,253.609,-61.0207],"stabilizedTipPosition":[-6.03367,213.357,-24.765],"timeVisible":36.696,"tipPosition":[-7.65532,224.534,-32.7278],"tipVelocity":[-47.5586,407.208,-228.415],"tool":false,"touchDistance":0.333333,"touchZone":"none","type":2,"width":18.7732},{"bases":[[[0.969651,-0.193175,-0.149871],[0.244377,0.746716,0.618624],[-0.00759179,-0.636474,0.771261]],[[0.969493,-0.175601,-0.17102],[0.00772397,0.719239,-0.69472],[0.244998,0.672205,0.698653]],[[0.969493,-0.175601,-0.17102],[-0.241013,-0.555724,-0.795665],[0.04468,0.81261,-0.581093]],[[0.969493,-0.175601,-0.17102],[-0.224533,-0.916083,-0.332231],[-0.0983282,0.360495,-0.927564]]],"btipPosition":[8.52241,224.499,-23.7578],"carpPosition":[18.2774,243.682,21.7978],"dipPosition":[6.70691,231.155,-40.8841],"direction":[-0.04468,-0.81261,0.581093],"extended":false,"handId":396,"id":3963,"length":63.6687,"mcpPosition":[18.7474,283.08,-25.9442],"pipPosition":[7.93004,253.4,-56.7917],"stabilizedTipPosition":[9.79494,213.14,-18.8083],"timeVisible":36.696,"tipPosition":[7.86631,225.506,-28.1898],"tipVelocity":[-39.5039,363.364,-209.538],"tool":false,"touchDistance":0.333333,"touchZone":"none","type":3,"width":17.8639},{"bases":[[[0.908458,-0.386247,-0.159739],[0.390581,0.648396,0.653475],[-0.148829,-0.656046,0.739901]],[[0.896741,-0.428444,-0.110866],[0.246028,0.69086,-0.67984],[0.367867,0.582364,0.724932]],[[0.896741,-0.428444,-0.110866],[-0.31702,-0.447091,-0.836426],[0.308795,0.785204,-0.53675]],[[0.896741,-0.428444,-0.110866],[-0.43437,-0.80413,-0.405829],[0.0847244,0.412081,-0.9072]]],"btipPosition":[18.1341,232.694,-25.2952],"carpPosition":[29.8717,237.646,16.6057],"dipPosition":[19.5773,239.713,-40.7481],"direction":[-0.308794,-0.785204,0.53675],"extended":false,"handId":396,"id":3964,"length":49.9151,"mcpPosition":[38.3998,275.239,-25.7917],"pipPosition":[25.5457,254.89,-51.1224],"stabilizedTipPosition":[19.0077,224.996,-23.1404],"timeVisible":36.696,"tipPosition":[18.1714,234.098,-29.2035],"tipVelocity":[-16.0703,331.022,-187.196],"tool":false,"touchDistance":0.333333,"touchZone":"none","type":4,"width":15.8681}],"r":[[0.81373,0.578516,-0.0562475],[-0.523422,0.771418,0.361861],[0.252733,-0.265016,0.930534]],"s":1.53853,"t":[45.0914,-79.6901,-90.8495],"timestamp":88449990829},false],[6,{"currentFrameRate":55.2782,"devices":[],"gestures":[],"hands":[{"armBasis":[[0.998722,0.0189056,-0.0468808],[-0.0160779,0.99807,0.0599769],[0.0479242,-0.0591465,0.997098]],"armWidth":62.9686,"confidence":0.47341,"direction":[-0.0752945,0.755364,-0.650965],"elbow":[27.4224,216.992,287.223],"grabStrength":0.894713,"id":396,"palmNormal":[-0.0542081,-0.654954,-0.753722],"palmPosition":[2.88572,270.125,-16.0938],"palmVelocity":[52.6391,299.559,-83.1407],"palmWidth":89.917,"pinchStrength":1,"r":[[0.835598,0.548808,-0.0241955],[-0.496346,0.773129,0.394858],[0.235408,-0.317933,0.918424]],"s":1.54422,"sphereCenter":[3.56454,253.32,-55.7013],"sphereRadius":36.7258,"stabilizedPalmPosition":[2.83631,269.85,-16.0261],"t":[46.0477,-74.2736,-92.3452],"timeVisible":36.7143,"type":"right","wrist":[14.6355,232.774,21.1815]}],"id":1398880,"interactionBox":{"center":[0,200,0],"size":[235.247,235.247,147.751]},"pointables":[{"bases":[[[0.434454,0.741841,0.510804],[-0.747695,-0.0191613,0.663765],[0.502196,-0.670302,0.546346]],[[0.310939,0.873124,0.375461],[-0.84983,0.0785284,0.521174],[0.425565,-0.481132,0.766425]],[[0.310939,0.873124,0.375461],[-0.919734,0.37601,-0.11272],[-0.239596,-0.310275,0.919958]],[[0.310939,0.873124,0.375461],[-0.815547,0.44797,-0.366343],[-0.488058,-0.192296,0.851365]]],"btipPosition":[-15.3711,261.26,-70.6121],"carpPosition":[-13.7388,222.625,17.8815],"dipPosition":[-26.6587,256.813,-50.9221],"direction":[0.239596,0.310275,-0.919958],"extended":false,"handId":396,"id":3960,"length":51.5018,"mcpPosition":[-13.7388,222.625,17.8815],"pipPosition":[-34.7315,246.358,-19.9254],"stabilizedTipPosition":[-18.3519,259.084,-65.6757],"timeVisible":36.7143,"tipPosition":[-19.4864,261.774,-64.9851],"tipVelocity":[124.229,385.582,-154.736],"tool":false,"touchDistance":-0.631946,"touchZone":"touching","type":0,"width":20.0112},{"bases":[[[0.96891,0.147986,-0.198278],[0.0177984,0.757633,0.652438],[0.246774,-0.635682,0.731444]],[[0.97059,0.143596,-0.193226],[-0.180759,0.964809,-0.190969],[0.159004,0.220279,0.96239]],[[0.97059,0.143596,-0.193226],[-0.235178,0.394026,-0.888501],[-0.0514489,0.907813,0.416208]],[[0.97059,0.143596,-0.193226],[-0.177765,-0.113765,-0.977475],[-0.162343,0.983076,-0.0848923]]],"btipPosition":[-26.2734,242.02,-77.7019],"carpPosition":[-5.55171,243.439,24.8426],"dipPosition":[-29.0144,258.618,-79.1352],"direction":[0.0514489,-0.907813,-0.416208],"extended":false,"handId":396,"id":3961,"length":58.114,"mcpPosition":[-23.4927,289.654,-28.3349],"pipPosition":[-30.2433,280.302,-69.1939],"stabilizedTipPosition":[-26.7785,240.524,-75.7287],"timeVisible":36.7143,"tipPosition":[-26.2999,244.171,-76.2522],"tipVelocity":[-24.1501,545.528,-245.705],"tool":false,"touchDistance":0.223224,"touchZone":"hovering","type":1,"width":19.1147},{"bases":[[[0.976016,-0.0705984,-0.205935],[0.186761,0.757605,0.625424],[0.111863,-0.648884,0.752619]],[[0.97746,-0.0795036,-0.195579],[-0.0759109,0.732077,-0.676979],[0.197001,0.676566,0.709541]],[[0.97746,-0.0795036,-0.195579],[-0.207144,-0.540099,-0.815711],[-0.0407799,0.837838,-0.544394]],[[0.97746,-0.0795036,-0.195579],[-0.149461,-0.914866,-0.375076],[-0.149108,0.395853,-0.906127]]],"btipPosition":[-7.18349,228.48,-30.4336],"carpPosition":[5.99752,246.864,23.1276],"dipPosition":[-9.95249,235.832,-47.2607],"direction":[0.0407799,-0.837838,0.544394],"extended":false,"handId":396,"id":3962,"length":66.2163,"mcpPosition":[-1.7149,291.602,-28.7619],"pipPosition":[-11.0984,259.376,-62.5588],"stabilizedTipPosition":[-7.04285,222.854,-30.1528],"timeVisible":36.7143,"tipPosition":[-7.88254,229.827,-34.5399],"tipVelocity":[-30.4332,352.116,-166.651],"tool":false,"touchDistance":0.333333,"touchZone":"none","type":2,"width":18.7732},{"bases":[[[0.964965,-0.222227,-0.139493],[0.259487,0.729554,0.632786],[-0.0388543,-0.646813,0.761658]],[[0.965665,-0.204518,-0.160197],[0.0407335,0.72821,-0.684143],[0.256577,0.654127,0.711538]],[[0.965665,-0.204518,-0.160197],[-0.248181,-0.54397,-0.801563],[0.0767922,0.813799,-0.576051]],[[0.965665,-0.204518,-0.160197],[-0.248208,-0.908393,-0.336476],[-0.076706,0.364685,-0.927966]]],"btipPosition":[8.25453,229.357,-25.0747],"carpPosition":[17.8639,247.212,20.5861],"dipPosition":[6.83826,236.091,-42.2083],"direction":[-0.0767922,-0.813799,0.576051],"extended":false,"handId":396,"id":3963,"length":63.6687,"mcpPosition":[20.269,287.25,-26.5616],"pipPosition":[8.94047,258.369,-57.9779],"stabilizedTipPosition":[8.77336,222.865,-24.3959],"timeVisible":36.7143,"tipPosition":[7.66685,230.34,-29.5809],"tipVelocity":[-25.1972,317.112,-143.733],"tool":false,"touchDistance":0.333333,"touchZone":"none","type":3,"width":17.8639},{"bases":[[[0.897754,-0.413063,-0.153026],[0.401956,0.626078,0.668175],[-0.180192,-0.661366,0.728097]],[[0.884056,-0.455409,-0.105108],[0.277671,0.692662,-0.665672],[0.375957,0.559306,0.738805]],[[0.884056,-0.455409,-0.105108],[-0.320051,-0.425986,-0.846229],[0.340605,0.781754,-0.522349]],[[0.884056,-0.455409,-0.105108],[-0.454469,-0.785118,-0.420771],[0.109101,0.419754,-0.901057]]],"btipPosition":[18.0772,236.974,-26.6283],"carpPosition":[29.3304,240.88,15.464],"dipPosition":[19.9356,244.124,-41.9765],"direction":[-0.340605,-0.781754,0.522349],"extended":false,"handId":396,"id":3964,"length":49.9151,"mcpPosition":[39.6556,278.777,-26.257],"pipPosition":[26.5189,259.234,-52.0725],"stabilizedTipPosition":[18.73,232.515,-27.0139],"timeVisible":36.7143,"tipPosition":[18.2049,238.408,-30.516],"tipVelocity":[-7.3623,285.426,-131.841],"tool":false,"