{"sensorType":"Leap","data":[[0,{"currentFrameRate":55.3324,"devices":[],"gestures":[],"hands":[{"armBasis":[[0.996714,-0.0348371,0.0731316],[0.0228003,0.986951,0.159399],[-0.0777303,-0.157208,0.984502]],"armWidth":62.9686,"confidence":0.472135,"direction":[-0.110408,0.691925,-0.713477],"elbow":[16.5139,225.389,300.513],"grabStrength":0,"id":396,"palmNormal":[-0.103601,-0.721968,-0.684127],"palmPosition":[23.4736,301.163,-2.02177],"palmVelocity":[97.2478,-26.3201,72.3026],"palmWidth":89.917,"pinchStrength":0.266393,"r":[[0.972171,0.192991,-0.132811],[-0.0708917,0.782668,0.618389],[0.223291,-0.591765,0.774568]],"s":1.79898,"sphereCenter":[2.25739,281.054,-41.2286],"sphereRadius":44.5083,"stabilizedPalmPosition":[18.8121,303.015,-5.89299],"t":[65.8286,-37.3508,-81.0766],"timeVisible":12.4187,"type":"right","wrist":[37.2536,267.334,37.8318]}],"id":1397548,"interactionBox":{"center":[0,200,0],"size":[235.247,235.247,147.751]},"pointables":[{"bases":[[[0.468878,0.781415,0.411758],[-0.706096,0.0515399,0.706238],[0.530643,-0.62188,0.57592]],[[0.319042,0.913538,0.25231],[-0.915231,0.22785,0.332321],[0.246099,-0.336947,0.908792]],[[0.319042,0.913538,0.25231],[-0.882196,0.188976,0.431298],[0.346326,-0.360189,0.866211]],[[0.319042,0.913538,0.25231],[-0.937539,0.265262,0.22507],[0.138682,-0.308358,0.941107]]],"btipPosition":[-18.342,293.133,-58.5728],"carpPosition":[8.67415,257.244,37.2082],"dipPosition":[-15.1346,286.001,-36.8073],"direction":[-0.346326,0.360189,-0.866211],"extended":true,"handId":396,"id":3960,"length":51.5018,"mcpPosition":[8.67415,257.244,37.2082],"pipPosition":[-3.46567,273.865,-7.62156],"stabilizedTipPosition":[-23.8479,294.57,-59.773],"timeVisible":12.4187,"tipPosition":[-17.175,290.473,-54.0307],"tipVelocity":[101.879,-28.2113,73.7244],"tool":false,"touchDistance":-0.0113443,"touchZone":"touching","type":0,"width":20.0112},{"bases":[[[0.955902,0.117768,-0.26904],[0.0616901,0.815123,0.575993],[0.287135,-0.56719,0.771912]],[[0.950876,0.127406,-0.282141],[-0.040853,0.955058,0.293591],[0.306866,-0.267642,0.913346]],[[0.950876,0.127406,-0.282141],[-0.104326,0.989954,0.0954323],[0.291465,-0.0613097,0.954615]],[[0.950876,0.127406,-0.282141],[-0.146893,0.987941,-0.0489382],[0.272503,0.0879786,0.958124]]],"btipPosition":[-28.0793,331.101,-92.1986],"carpPosition":[17.3869,278.524,41.6762],"dipPosition":[-23.4784,332.587,-76.0215],"direction":[-0.291465,0.0613098,-0.954615],"extended":true,"handId":396,"id":3961,"length":58.114,"mcpPosition":[-3.48839,319.759,-14.4434],"pipPosition":[-16.5166,331.122,-53.2202],"stabilizedTipPosition":[-32.3871,338.564,-91.7304],"timeVisible":12.4187,"tipPosition":[-27.3277,333.03,-88.0022],"tipVelocity":[120.002,-146.083,40.4005],"tool":false,"touchDistance":0.433429,"touchZone":"hovering","type":1,"width":19.1147},{"bases":[[[0.96129,-0.10064,-0.256503],[0.228698,0.810648,0.539024],[0.153686,-0.57682,0.802284]],[[0.962677,-0.105999,-0.249032],[-0.116969,0.66681,-0.735991],[0.244071,0.737651,0.629524]],[[0.962677,-0.105999,-0.249032],[-0.255171,-0.0487391,-0.965667],[0.0902221,0.993171,-0.073968]],[[0.962677,-0.105999,-0.249032],[-0.270641,-0.368725,-0.889267],[0.00243718,0.923475,-0.383651]]],"btipPosition":[4.02774,241.217,-37.1387],"carpPosition":[28.8299,281.643,38.9573],"dipPosition":[4.073,258.367,-44.2632],"direction":[-0.0902221,-0.993171,0.073968],"extended":false,"handId":396,"id":3962,"length":66.2163,"mcpPosition":[18.2339,321.412,-16.3563],"pipPosition":[6.60834,286.276,-46.3418],"stabilizedTipPosition":[-7.75852,253.609,-55.4405],"timeVisible":12.4187,"tipPosition":[3.7436,245.377,-40.0517],"tipVelocity":[126.033,-34.5781,77.2719],"tool":false,"touchDistance":0.333333,"touchZone":"none","type":2,"width":18.7732},{"bases":[[[0.953435,-0.245248,-0.175544],[0.301576,0.782585,0.544621],[0.00381054,-0.5722,0.820105]],[[0.953422,-0.243807,-0.177608],[0.0277849,0.65729,-0.753126],[0.300357,0.713112,0.633449]],[[0.953422,-0.243807,-0.177608],[-0.193112,-0.0410358,-0.980318],[0.23172,0.968955,-0.0862065]],[[0.953422,-0.243807,-0.177608],[-0.257971,-0.353911,-0.898998],[0.156325,0.902943,-0.400322]]],"btipPosition":[17.7946,242.353,-33.295],"carpPosition":[40.5218,281.616,35.6878],"dipPosition":[20.6809,259.024,-40.6864],"direction":[-0.23172,-0.968955,0.0862065],"extended":false,"handId":396,"id":3963,"length":63.6687,"mcpPosition":[40.2859,317.036,-15.0778],"pipPosition":[27.0243,285.55,-43.0463],"stabilizedTipPosition":[7.71091,253.34,-48.5453],"timeVisible":12.4187,"tipPosition":[18.3176,246.148,-35.7786],"tipVelocity":[124.349,-27.6662,78.2837],"tool":false,"touchDistance":0.333333,"touchZone":"none","type":3,"width":17.8639},{"bases":[[[0.884445,-0.435738,-0.167004],[0.445342,0.681266,0.580988],[-0.139385,-0.588226,0.796594]],[[0.87462,-0.469862,-0.119459],[0.244257,0.639911,-0.728596],[0.418783,0.608066,0.674446]],[[0.87462,-0.469862,-0.119459],[-0.127328,0.0151317,-0.991745],[0.467791,0.88261,-0.046592]],[[0.87462,-0.469862,-0.119459],[-0.274445,-0.276723,-0.920926],[0.39965,0.838245,-0.370979]]],"btipPosition":[29.1246,255.824,-31.4867],"carpPosition":[51.6199,274.702,30.5063],"dipPosition":[35.9321,270.102,-37.8058],"direction":[-0.467791,-0.88261,0.046592],"extended":false,"handId":396,"id":3964,"length":49.9151,"mcpPosition":[59.6068,308.409,-15.1397],"pipPosition":[44.9736,287.161,-38.7063],"stabilizedTipPosition":[20.0872,265.742,-45.3564],"timeVisible":12.4187,"tipPosition":[30.5092,259.085,-33.7078],"tipVelocity":[122.067,-21.8248,76.4088],"tool":false,"touchDistance":0.333333,"touchZone":"none","type":4,"width":15.8681}],"r":[[0.972171,0.192991,-0.132811],[-0.0708917,0.782668,0.618389],[0.223291,-0.591765,0.774568]],"s":1.79898,"t":[65.8286,-37.3508,-81.0766],"timestamp":88425713510},false],[1,{"currentFrameRate":55.3415,"devices":[],"gestures":[{"center":[-26.2851,341.117,-96.4548],"duration":0,"handIds":[396],"id":2,"normal":[0.300676,0.440925,0.845683],"pointableIds":[3961],"progress":0.8565,"radius":14.5068,"state":"start","type":"circle"}],"hands":[{"armBasis":[[0.996089,-0.0311582,0.0826828],[0.0179336,0.987577,0.156111],[-0.0865197,-0.154018,0.984273]],"armWidth":62.9686,"confidence":0.481698,"direction":[-0.113533,0.691669,-0.713235],"elbow":[15.857,225.698,301.346],"grabStrength":0,"id":396,"palmNormal":[-0.10052,-0.722189,-0.684353],"palmPosition":[25.0085,300.574,-1.11412],"palmVelocity":[91.4805,-29.3344,61.8717],"palmWidth":89.917,"pinchStrength":0.288276,"r":[[0.971517,0.196482,-0.132473],[-0.0742761,0.783346,0.617132],[0.225027,-0.589715,0.775628]],"s":1.79348,"sphereCenter":[6.40306,279.626,-41.0514],"sphereRadius":44.0279,"stabilizedPalmPosition":[20.6266,302.3,-4.49359],"t":[67.4777,-37.8793,-79.9689],"timeVisible":12.4367,"type":"right","wrist":[38.9419,266.793,38.7265]}],"id":1397549,"interactionBox":{"center":[0,200,0],"size":[235.247,235.247,147.751]},"pointables":[{"bases":[[[0.465498,0.783328,0.411957],[-0.706225,0.0482084,0.706344],[0.533439,-0.619736,0.575647]],[[0.316451,0.913966,0.254019],[-0.915207,0.223725,0.335176],[0.249509,-0.338547,0.907266]],[[0.316451,0.913966,0.254019],[-0.881185,0.184072,0.435466],[0.351244,-0.361641,0.863622]],[[0.316451,0.913966,0.254019],[-0.939488,0.264917,0.217214],[0.131232,-0.307385,0.942493]]],"btipPosition":[-16.7709,292.571,-57.5474],"carpPosition":[10.4069,256.577,38.1031],"dipPosition":[-13.7358,285.462,-35.7498],"direction":[-0.351244,0.361641,-0.863622],"extended":true,"handId":396,"id":3960,"length":51.5018,"mcpPosition":[10.4069,256.577,38.1031],"pipPosition":[-1.90113,273.277,-6.65132],"stabilizedTipPosition":[-22.0601,293.734,-58.1085],"timeVisible":12.4367,"tipPosition":[-15.6538,289.918,-53.0048],"tipVelocity":[93.8255,-29.458,65.911],"tool":false,"touchDistance":0.0558691,"touchZone":"hovering","type":0,"width":20.0112},{"bases":[[[0.955341,0.12205,-0.269122],[0.0581871,0.815196,0.576255],[0.289719,-0.56618,0.771689]],[[0.951497,0.129395,-0.279125],[-0.0511477,0.961159,0.271214],[0.303377,-0.243782,0.921158]],[[0.951497,0.129395,-0.279125],[-0.116438,0.991224,0.0625864],[0.284774,-0.0270501,0.958213]],[[0.951497,0.129395,-0.279125],[-0.159324,0.983363,-0.087251],[0.263191,0.12749,0.956283]]],"btipPosition":[-26.1622,327.899,-91.6679],"carpPosition":[19.0267,277.893,42.5771],"dipPosition":[-21.7184,330.052,-75.5219],"direction":[-0.284774,0.0270501,-0.958213],"extended":true,"handId":396,"id":3961,"length":58.114,"mcpPosition":[-2.0364,319.056,-13.5262],"pipPosition":[-14.9165,329.406,-52.6346],"stabilizedTipPosition":[-29.4516,334.445,-90.2008],"timeVisible":12.4367,"tipPosition":[-25.5315,330.323,-87.4181],"tipVelocity":[112.542,-156.964,35.0025],"tool":false,"touchDistance":0.431272,"touchZone":"hovering","type":1,"width":19.1147},{"bases":[[[0.961689,-0.0963367,-0.256658],[0.225208,0.811466,0.539263],[0.156318,-0.576405,0.802073]],[[0.96309,-0.101649,-0.249248],[-0.120048,0.666573,-0.735709],[0.240927,0.738476,0.629767]],[[0.96309,-0.101649,-0.249248],[-0.255319,-0.05167,-0.965475],[0.0852614,0.993478,-0.0757159]],[[0.96309,-0.101649,-0.249248],[-0.269167,-0.372467,-0.888154],[-0.00255627,0.922462,-0.38608]]],"btipPosition":[5.85394,240.58,-36.1411],"carpPosition":[30.4556,281.063,39.8578],"dipPosition":[5.80647,257.711,-43.3107],"direction":[-0.0852614,-0.993478,0.0757159],"extended":false,"handId":396,"id":3962,"length":66.2163,"mcpPosition":[19.6782,320.804,-15.4413],"pipPosition":[8.2024,285.629,-45.4384],"stabilizedTipPosition":[-6.65639,252.873,-54.0103],"timeVisible":12.4367,"tipPosition":[5.54998,244.718,-39.0427],"tipVelocity":[113.709,-35.0391,66.5773],"tool":false,"touchDistance":0.333333,"touchZone":"none","type":2,"width":18.7732},{"bases":[[[0.954479,-0.241005,-0.175745],[0.298209,0.783721,0.544842],[0.0064255,-0.572449,0.819915]],[[0.95446,-0.239599,-0.177758],[0.0248961,0.657717,-0.752854],[0.297297,0.714143,0.63373]],[[0.95446,-0.239599,-0.177758],[-0.193627,-0.0442082,-0.980079],[0.226967,0.969865,-0.0885877]],[[0.95446,-0.239599,-0.177758],[-0.257097,-0.358305,-0.897507],[0.15135,0.902336,-0.403588]]],"btipPosition":[19.6151,241.782,-32.2711],"carpPosition":[42.1471,281.089,36.5868],"dipPosition":[22.4095,258.442,-39.7228],"direction":[-0.226967,-0.969865,0.0885877],"extended":false,"handId":396,"id":3963,"length":63.6687,"mcpPosition":[41.7493,316.524,-14.167],"pipPosition":[28.6228,284.993,-42.1479],"stabilizedTipPosition":[8.73303,252.711,-47.3592],"timeVisible":12.4367,"tipPosition":[20.1139,245.567,-34.7752],"tipVelocity":[112.68,-29.6188,67.7072],"tool":false,"touchDistance":0.333333,"touchZone":"none","type":3,"width":17.8639},{"bases":[[[0.886326,-0.431798,-0.167259],[0.442423,0.683021,0.581157],[-0.136701,-0.589094,0.796417]],[[0.876707,-0.465833,-0.119937],[0.241816,0.642349,-0.727264],[0.415824,0.608594,0.675798]],[[0.876707,-0.465833,-0.119937],[-0.127832,0.0147439,-0.991686],[0.463728,0.88475,-0.0466224]],[[0.876707,-0.465833,-0.119937],[-0.274048,-0.278785,-0.920422],[0.395326,0.839809,-0.372073]]],"btipPosition":[30.8813,255.311,-30.6092],"carpPosition":[53.2748,274.226,31.4017],"dipPosition":[37.6151,269.616,-36.9469],"direction":[-0.463728,-0.88475,0.0466224],"extended":false,"handId":396,"id":3964,"length":49.9151,"mcpPosition":[61.1079,307.982,-14.2342],"pipPosition":[46.5781,286.716,-37.848],"stabilizedTipPosition":[21.1505,265.127,-44.2115],"timeVisible":12.4367,"tipPosition":[32.246,258.563,-32.8],"tipVelocity":[109.91,-24.8036,63.1231],"tool":false,"touchDistance":0.333333,"touchZone":"none","type":4,"width":15.8681}],"r":[[0.971517,0.196482,-0.132473],[-0.0742761,0.783346,0.617132],[0.225027,-0.589715,0.775628]],"s":1.79348,"t":[67.4777,-37.8793,-79.9689],"timestamp":88425731548},false],[2,{"currentFrameRate":55.3298,"devices":[],"gestures":[{"center":[-26.7308,341.437,-95.8647],"duration":18114,"handIds":[396],"id":2,"normal":[0.270288,0.482986,0.832868],"pointableIds":[3961],"progress":0.872819,"radius":14.283,"state":"update","type":"circle"}],"hands":[{"armBasis":[[0.9955,-0.0267672,0.0908976],[0.011971,0.987113,0.159577],[-0.0939977,-0.15777,0.982992]],"armWidth":62.9686,"confidence":0.435776,"direction":[-0.119425,0.69288,-0.711094],"elbow":[15.7964,224.386,301.436],"grabStrength":0,"id":396,"palmNormal":[-0.0972019,-0.720939,-0.686148],"palmPosition":[26.6456,300.282,-0.561971],"palmVelocity":[90.9559,-23.0454,46.9331],"palmWidth":89.917,"pinchStrength":0.325529,"r":[[0.970673,0.200605,-0.13248],[-0.0777565,0.783438,0.616586],[0.22748,-0.588203,0.776061]],"s":1.78694,"sphereCenter":[10.5218,278.631,-41.1987],"sphereRadius":43.6936,"stabilizedPalmPosition":[22.6331,301.627,-3.18293],"t":[69.1208,-38.2895,-79.139],"timeVisible":12.4548,"type":"right","wrist":[40.8765,266.482,39.1576]}],"id":1397550,"interactionBox":{"center":[0,200,0],"size":[235.247,235.247,147.751]},"pointables":[{"bases":[[[0.461234,0.785191,0.413205],[-0.705118,0.0416871,0.707863],[0.538583,-0.617849,0.57288]],[[0.312245,0.914529,0.257176],[-0.914892,0.216561,0.340697],[0.255883,-0.341669,0.904315]],[[0.312245,0.914529,0.257176],[-0.879527,0.175965,0.442118],[0.359076,-0.364242,0.859297]],[[0.312245,0.914529,0.257176],[-0.941653,0.262133,0.211131],[0.125671,-0.308095,0.943019]]],"btipPosition":[-15.2204,292.336,-56.8093],"carpPosition":[12.4071,256.083,38.5621],"dipPosition":[-12.3139,285.21,-34.9995],"direction":[-0.359076,0.364242,-0.859297],"extended":true,"handId":396,"id":3960,"length":51.5018,"mcpPosition":[12.4071,256.083,38.5621],"pipPosition":[-0.2154,272.938,-6.04677],"stabilizedTipPosition":[-20.198,292.981,-56.5422],"timeVisible":12.4548,"tipPosition":[-14.1262,289.689,-52.2765],"tipVelocity":[89.1307,-21.7228,54.009],"tool":false,"touchDistance":0.0682174,"touchZone":"hovering","type":0,"width":20.0112},{"bases":[[[0.953995,0.128977,-0.270663],[0.0540528,0.813966,0.578392],[0.29491,-0.566413,0.769548]],[[0.951274,0.134123,-0.27765],[-0.0629823,0.965977,0.250842],[0.301847,-0.221132,0.927356]],[[0.951274,0.134123,-0.27765],[-0.130353,0.990948,0.0320818],[0.27944,0.005674,0.960146]],[[0.951274,0.134123,-0.27765],[-0.173603,0.977133,-0.122775],[0.254834,0.164993,0.952805]]],"btipPosition":[-24.3353,325.089,-91.2619],"carpPosition":[20.8976,277.443,43.0781],"dipPosition":[-20.0327,327.875,-75.1747],"direction":[-0.27944,-0.005674,-0.960146],"extended":true,"handId":396,"id":3961,"length":58.114,"mcpPosition":[-0.542968,318.622,-12.8696],"pipPosition":[-13.3581,328.011,-52.2412],"stabilizedTipPosition":[-26.6209,330.405,-88.9774],"timeVisible":12.4548,"tipPosition":[-23.8103,327.919,-86.997],"tipVelocity":[106.127,-152.263,28.6561],"tool":false,"touchDistance":0.427365,"touchZone":"hovering","type":1,"width":19.1147},{"bases":[[[0.961781,-0.0893967,-0.258815],[0.22102,0.81142,0.541061],[0.161639,-0.577586,0.800167]],[[0.963231,-0.0947201,-0.251424],[-0.126034,0.667148,-0.734186],[0.237279,0.738878,0.63068]],[[0.963231,-0.0947201,-0.251424],[-0.257256,-0.0552418,-0.964763],[0.0774933,0.99397,-0.0775779]],[[0.963231,-0.0947201,-0.251424],[-0.268453,-0.377285,-0.886335],[-0.0109047,0.921241,-0.38884]]],"btipPosition":[7.87881,240.283,-35.4623],"carpPosition":[32.3003,280.694,40.3451],"dipPosition":[7.6763,257.39,-42.6832],"direction":[-0.0774933,-0.99397,0.0775779],"extended":false,"handId":396,"id":3962,"length":66.2163,"mcpPosition":[21.156,320.516,-14.8227],"pipPosition":[9.85394,285.322,-44.8632],"stabilizedTipPosition":[-5.13624,251.965,-52.2385],"timeVisible":12.4548,"tipPosition":[7.5331,244.401,-38.3749],"tipVelocity":[111.856,-26.3278,52.4168],"tool":false,"touchDistance":0.333333,"touchZone":"none","type":2,"width":18.7732},{"bases":[[[0.955668,-0.234331,-0.178289],[0.294211,0.784134,0.546419],[0.0117598,-0.57465,0.818315]],[[0.955637,-0.232923,-0.180294],[0.019388,0.660517,-0.750561],[0.293909,0.713768,0.63573]],[[0.955637,-0.232923,-0.180294],[-0.195503,-0.0437552,-0.979726],[0.220312,0.97151,-0.0873512]],[[0.955637,-0.232923,-0.180294],[-0.256836,-0.359275,-0.897194],[0.144202,0.903697,-0.403159]]],"btipPosition":[21.5864,241.58,-31.8378],"carpPosition":[43.9848,280.805,37.0511],"dipPosition":[24.2489,258.266,-39.2816],"direction":[-0.220312,-0.97151,0.0873512],"extended":false,"handId":396,"id":3963,"length":63.6687,"mcpPosition":[43.2569,316.376,-13.6037],"pipPosition":[30.28,284.861,-41.6728],"stabilizedTipPosition":[10.1517,251.943,-45.9043],"timeVisible":12.4548,"tipPosition":[22.0531,245.361,-34.3246],"tipVelocity":[110.049,-20.6676,46.9168],"tool":false,"touchDistance":0.333333,"touchZone":"none","type":3,"width":17.8639},{"bases":[[[0.888769,-0.425584,-0.170197],[0.439146,0.684271,0.582172],[-0.131302,-0.592158,0.795053]],[[0.879329,-0.460228,-0.122357],[0.238103,0.647411,-0.723993],[0.412417,0.607494,0.678869]],[[0.879329,-0.460228,-0.122357],[-0.129109,0.0169173,-0.991486],[0.458379,0.88764,-0.0445438]],[[0.879329,-0.460228,-0.122357],[-0.274135,-0.279099,-0.920301],[0.389398,0.842789,-0.371584]]],"btipPosition":[32.767,255.221,-30.2634],"carpPosition":[55.1464,274.028,31.8251],"dipPosition":[39.3998,269.576,-36.5928],"direction":[-0.458379,-0.88764,0.0445438],"extended":false,"handId":396,"id":3964,"length":49.9151,"mcpPosition":[62.6702,307.96,-13.7325],"pipPosition":[48.2594,286.733,-37.4537],"stabilizedTipPosition":[22.5923,264.403,-42.841],"timeVisible":12.4548,"tipPosition":[34.111,258.457,-32.3882],"tipVelocity":[106.535,-15.0659,42.219],"tool":false,"touchDistance":0.333333,"touchZone":"none","type":4,"width":15.8681}],"r":[[0.970673,0.200605,-0.13248],[-0.0777565,0.783438,0.616586],[0.22748,-0.588203,0.776061]],"s":1.78694,"t":[69.1208,-38.2895,-79.139],"timestamp":88425749662},false],[3,{"currentFrameRate":55.3365,"devices":[],"gestures":[{"center":[-26.9838,340.671,-94.99],"duration":36162,"handIds":[396],"id":2,"normal":[0.236771,0.492753,0.837338],"pointableIds":[3961],"progress":0.881676,"radius":14.6668,"state":"update","type":"circle"}],"hands":[{"armBasis":[[0.994522,-0.0207283,0.102449],[0.00467723,0.987983,0.154493],[-0.10442,-0.153168,0.982668]],"armWidth":62.9686,"confidence":0.454539,"direction":[-0.125598,0.688794,-0.713994],"elbow":[14.6876,225.299,302.596],"grabStrength":0.0103415,"id":396,"palmNormal":[-0.0927364,-0.724694,-0.682802],"palmPosition":[28.0098,299.682,0.55518],"palmVelocity":[83.6605,-27.8818,54.0369],"palmWidth":89.917,"pinchStrength":0.363002,"r":[[0.969642,0.205236,-0.13294],[-0.0815442,0.783927,0.615475],[0.230533,-0.58595,0.776864]],"s":1.77948,"sphereCenter":[14.1126,277.144,-40.5129],"sphereRadius":43.4687,"stabilizedPalmPosition":[24.4708,300.963,-1.90527],"t":[70.6245,-38.7946,-78.1655],"timeVisible":12.4729,"type":"right","wrist":[42.5485,266.167,40.4043]}],"id":1397551,"interactionBox":{"center":[0,200,0],"size":[235.247,235.247,147.751]},"pointables":[{"bases":[[[0.455901,0.790457,0.409063],[-0.704435,0.0395512,0.708665],[0.54399,-0.61124,0.574857]],[[0.306707,0.917376,0.253677],[-0.915273,0.211137,0.343069],[0.261162,-0.337405,0.904407]],[[0.306707,0.917376,0.253677],[-0.878962,0.170732,0.445283],[0.365181,-0.359544,0.858703]],[[0.306707,0.917376,0.253677],[-0.944182,0.259583,0.202825],[0.120217,-0.301725,0.945785]]],"btipPosition":[-13.8104,291.289,-55.5247],"carpPosition":[14.1571,255.553,39.8952],"dipPosition":[-11.03,284.311,-33.651],"direction":[-0.365181,0.359544,-0.858703],"extended":true,"handId":396,"id":3960,"length":51.5018,"mcpPosition":[14.1571,255.553,39.8952],"pipPosition":[1.27419,272.197,-4.71825],"stabilizedTipPosition":[-18.4894,292.179,-55.0716],"timeVisible":12.4729,"tipPosition":[-12.7674,288.687,-50.9701],"tipVelocity":[83.1447,-38.0486,62.544],"tool":false,"touchDistance":0.089872,"touchZone":"hovering","type":0,"width":20.0112},{"bases":[[[0.952627,0.134918,-0.272579],[0.0487424,0.816915,0.574695],[0.30021,-0.560756,0.771639]],[[0.950911,0.138092,-0.276945],[-0.0759747,0.971704,0.223651],[0.299993,-0.191632,0.934495]],[[0.950911,0.138092,-0.276945],[-0.145742,0.989297,-0.00712696],[0.272996,0.0471395,0.960859]],[[0.950911,0.138092,-0.276945],[-0.189348,0.967478,-0.167733],[0.244775,0.211938,0.946133]]],"btipPosition":[-22.7224,321.195,-90.3952],"carpPosition":[22.4934,276.995,44.3043],"dipPosition":[-18.5895,324.773,-74.4206],"direction":[-0.272996,-0.0471395,-0.960859],"extended":true,"handId":396,"id":3961,"length":58.114,"mcpPosition":[0.667493,317.763,-11.7954],"pipPosition":[-12.0689,325.899,-51.4701],"stabilizedTipPosition":[-24.0971,326.039,-87.803],"timeVisible":12.4729,"tipPosition":[-22.2962,324.425,-86.1773],"tipVelocity":[97.1459,-177.623,37.1669],"tool":false,"touchDistance":0.430574,"touchZone":"hovering","type":1,"width":19.1147},{"bases":[[[0.962067,-0.083337,-0.259772],[0.215673,0.815454,0.537141],[0.167069,-0.572791,0.802495]],[[0.963568,-0.0886183,-0.252357],[-0.13249,0.661476,-0.738171],[0.232343,0.744712,0.625636]],[[0.963568,-0.0886183,-0.252357],[-0.258595,-0.0677065,-0.96361],[0.0683073,0.993762,-0.088156]],[[0.963568,-0.0886183,-0.252357],[-0.266685,-0.390313,-0.881212],[-0.0204065,0.916408,-0.399726]]],"btipPosition":[9.74143,239.395,-33.6874],"carpPosition":[33.8676,280.32,41.5408],"dipPosition":[9.36248,256.413,-41.1105],"direction":[-0.0683073,-0.993762,0.088156],"extended":false,"handId":396,"id":3962,"length":66.2163,"mcpPosition":[22.349,319.811,-13.7875],"pipPosition":[11.282,284.339,-43.5877],"stabilizedTipPosition":[-3.46892,250.989,-50.3397],"timeVisible":12.4729,"tipPosition":[9.34567,243.477,-36.6652],"tipVelocity":[106.682,-37.7144,72.9933],"tool":false,"touchDistance":0.333333,"touchZone":"none","type":2,"width":18.7732},{"bases":[[[0.957153,-0.227953,-0.178595],[0.289073,0.788741,0.542517],[0.0171967,-0.570898,0.820841]],[[0.957107,-0.22655,-0.180611],[0.0135166,0.657604,-0.753243],[0.289418,0.718493,0.63246]],[[0.957107,-0.22655,-0.180611],[-0.196823,-0.0509483,-0.979114],[0.212617,0.972666,-0.0933533]],[[0.957107,-0.22655,-0.180611],[-0.255683,-0.36723,-0.894298],[0.136278,0.902118,-0.409403]]],"btipPosition":[23.3667,240.835,-30.3914],"carpPosition":[45.5464,280.503,38.2299],"dipPosition":[25.8829,257.492,-37.9505],"direction":[-0.212617,-0.972666,0.0933533],"extended":false,"handId":396,"id":3963,"length":63.6687,"mcpPosition":[44.4819,315.842,-12.5812],"pipPosition":[31.7033,284.119,-40.5061],"stabilizedTipPosition":[11.7455,251.102,-44.3127],"timeVisible":12.4729,"tipPosition":[23.7981,244.598,-32.8975],"tipVelocity":[103.75,-30.6291,61.9898],"tool":false,"touchDistance":0.333333,"touchZone":"none","type":3,"width":17.8639},{"bases":[[[0.891701,-0.419665,-0.169559],[0.434802,0.690127,0.578508],[-0.125762,-0.589581,0.797858]],[[0.88251,-0.454406,-0.121207],[0.233469,0.647031,-0.72584],[0.408251,0.612263,0.677101]],[[0.88251,-0.454406,-0.121207],[-0.130236,0.0115135,-0.991416],[0.451901,0.89072,-0.0490192]],[[0.88251,-0.454406,-0.121207],[-0.273526,-0.286283,-0.918273],[0.38257,0.843538,-0.37694]]],"btipPosition":[34.4415,254.593,-28.9915],"carpPosition":[56.7513,273.787,33.0183],"dipPosition":[40.958,268.961,-35.4121],"direction":[-0.451901,-0.89072,0.0490192],"extended":false,"handId":396,"id":3964,"length":49.9151,"mcpPosition":[63.9576,307.571,-12.7001],"pipPosition":[49.6924,286.177,-36.3595],"stabilizedTipPosition":[24.1878,263.625,-41.3621],"timeVisible":12.4729,"tipPosition":[35.7606,257.81,-31.0943],"tipVelocity":[99.3032,-24.3451,55.0787],"tool":false,"touchDistance":0.333333,"touchZone":"none","type":4,"width":15.8681}],"r":[[0.969642,0.205236,-0.13294],[-0.0815442,0.783927,0.615475],[0.230533,-0.58595,0.776864]],"s":1.77948,"t":[70.6245,-38.7946,-78.1655],"timestamp":88425767710},false],[4,{"currentFrameRate":55.33,"devices":[],"gestures":[{"center":[-26.8093,339.428,-94.1332],"duration":54258,"handIds":[396],"id":2,"normal":[0.20858,0.488208,0.847436],"pointableIds":[3961],"progress":0.885543,"radius":15.4996,"state":"update","type":"circle"}],"hands":[{"armBasis":[[0.993772,-0.00768396,0.111167],[-0.00963082,0.987964,0.154384],[-0.111015,-0.154493,0.981737]],"armWidth":62.9686,"confidence":0.458631,"direction":[-0.133303,0.694555,-0.706982],"elbow":[14.1964,224.124,303.363],"grabStrength":0.0551621,"id":396,"palmNormal":[-0.0826947,-0.718656,-0.690431],"palmPosition":[28.9108,299.088,1.8995],"palmVelocity":[67.5537,-30.2413,63.6677],"palmWidth":89.917,"pinchStrength":0.403259,"r":[[0.968309,0.211649,-0.132602],[-0.08672,0.782808,0.616191],[0.234218,-0.585164,0.776354]],"s":1.77118,"sphereCenter":[17.6396,276.247,-39.9895],"sphereRadius":43.3269,"stabilizedPalmPosition":[25.743,300.425,-0.815096],"t":[71.8268,-39.3442,-77.0066],"timeVisible":12.491,"type":"right","wrist":[43.8169,265.345,41.4195]}],"id":1397552,"interactionBox":{"center":[0,200,0],"size":[235.247,235.247,147.751]},"pointables":[{"bases":[[[0.445368,0.791825,0.417924],[-0.705825,0.0233137,0.708003],[0.550871,-0.610303,0.569273]],[[0.295695,0.917918,0.264559],[-0.917643,0.19596,0.345733],[0.265512,-0.345002,0.900265]],[[0.295695,0.917918,0.264559],[-0.880741,0.154708,0.447618],[0.369947,-0.365366,0.854194]],[[0.295695,0.917918,0.264559],[-0.948461,0.249063,0.195933],[0.113958,-0.30886,0.944256]]],"btipPosition":[-12.6358,290.853,-54.2698],"carpPosition":[15.562,254.381,40.7584],"dipPosition":[-10.0002,283.71,-32.4315],"direction":[-0.369947,0.365366,-0.854194],"extended":true,"handId":396,"id":3960,"length":51.5018,"mcpPosition":[15.562,254.381,40.7584],"pipPosition":[2.4646,271.399,-3.65066],"stabilizedTipPosition":[-17.0742,291.529,-53.7955],"timeVisible":12.491,"tipPosition":[-11.6506,288.234,-49.7258],"tipVelocity":[73.5967,-32.4125,65.5656],"tool":false,"touchDistance":0.110651,"touchZone":"hovering","type":0,"width":20.0112},{"bases":[[[0.951217,0.149713,-0.269763],[0.0376881,0.811437,0.583224],[0.306212,-0.564939,0.76621]],[[0.95092,0.15026,-0.270504],[-0.0946902,0.973552,0.207918],[0.294592,-0.1721,0.939999]],[[0.95092,0.15026,-0.270504],[-0.165907,0.985491,-0.0358007],[0.2612,0.078922,0.962053]],[[0.95092,0.15026,-0.270504],[-0.208848,0.9567,-0.202749],[0.228326,0.249293,0.941127]]],"btipPosition":[-21.2414,318.164,-89.0801],"carpPosition":[23.6219,275.879,45.4023],"dipPosition":[-17.3863,322.373,-73.19],"direction":[-0.2612,-0.078922,-0.962053],"extended":true,"handId":396,"id":3961,"length":58.114,"mcpPosition":[1.35966,316.951,-10.3027],"pipPosition":[-11.1475,324.258,-50.211],"stabilizedTipPosition":[-22.032,322.228,-86.491],"timeVisible":12.491,"tipPosition":[-20.9805,321.732,-84.8784],"tipVelocity":[88.1871,-168.994,53.5421],"tool":false,"touchDistance":0.440285,"touchZone":"hovering","type":1,"width":19.1147},{"bases":[[[0.963386,-0.0685272,-0.259211],[0.204674,0.812466,0.545901],[0.173191,-0.578968,0.796744]],[[0.964924,-0.073797,-0.251945],[-0.140229,0.666425,-0.732266],[0.221941,0.741911,0.632701]],[[0.964924,-0.073797,-0.251945],[-0.256815,-0.066179,-0.964192],[0.054481,0.995075,-0.0828099]],[[0.964924,-0.073797,-0.251945],[-0.260417,-0.390579,-0.882967],[-0.0332441,0.917607,-0.396097]]],"btipPosition":[11.5312,238.95,-32.6956],"carpPosition":[34.957,279.375,42.6902],"dipPosition":[10.9138,255.991,-40.0512],"direction":[-0.054481,-0.995075,0.0828099],"extended":false,"handId":396,"id":3962,"length":66.2163,"mcpPosition":[23.0163,319.292,-12.2415],"pipPosition":[12.4448,283.953,-42.3783],"stabilizedTipPosition":[-1.6725,250.007,-48.411],"timeVisible":12.491,"tipPosition":[11.0771,243.034,-35.6582],"tipVelocity":[101.541,-31.3289,64.7527],"tool":false,"touchDistance":0.333333,"touchZone":"none","type":2,"width":18.7732},{"bases":[[[0.960184,-0.214031,-0.179549],[0.278397,0.786623,0.551107],[0.0232831,-0.57915,0.814888]],[[0.960122,-0.212577,-0.181593],[0.00697187,0.667522,-0.744558],[0.279493,0.7136,0.642385]],[[0.960122,-0.212577,-0.181593],[-0.194843,-0.0429586,-0.979893],[0.200502,0.9762,-0.0826648]],[[0.960122,-0.212577,-0.181593],[-0.250045,-0.362344,-0.897878],[0.125069,0.907479,-0.401048]]],"btipPosition":[25.0573,240.603,-29.7393],"carpPosition":[46.637,279.739,39.3986],"dipPosition":[27.3666,257.358,-37.1442],"direction":[-0.200502,-0.9762,0.0826648],"extended":false,"handId":396,"id":3963,"length":63.6687,"mcpPosition":[45.1958,315.59,-11.0441],"pipPosition":[32.8554,284.082,-39.4071],"stabilizedTipPosition":[13.5112,250.254,-42.6711],"timeVisible":12.491,"tipPosition":[25.4483,244.364,-32.1416],"tipVelocity":[97.5904,-21.5711,50.5784],"tool":false,"touchDistance":0.333333,"touchZone":"none","type":3,"width":17.8639},{"bases":[[[0.897139,-0.406634,-0.172602],[0.425307,0.68948,0.586286],[-0.119398,-0.599388,0.791503]],[[0.888247,-0.442234,-0.124285],[0.224065,0.653288,-0.723194],[0.401015,0.614527,0.67937]],[[0.888247,-0.442234,-0.124285],[-0.134395,0.00853909,-0.990891],[0.439267,0.896859,-0.0518494]],[[0.888247,-0.442234,-0.124285],[-0.273709,-0.292229,-0.916344],[0.368919,0.847957,-0.380615]]],"btipPosition":[35.9876,254.314,-27.4737],"carpPosition":[57.9325,273.22,34.1339],"dipPosition":[42.2716,268.758,-33.9569],"direction":[-0.439267,-0.896859,0.0518494],"extended":false,"handId":396,"id":3964,"length":49.9151,"mcpPosition":[64.7742,307.566,-11.2203],"pipPosition":[50.7618,286.093,-34.959],"stabilizedTipPosition":[25.6927,262.945,-39.9536],"timeVisible":12.491,"tipPosition":[37.2693,257.606,-29.7385],"tipVelocity":[91.3051,-19.6317,68.3948],"tool":false,"touchDistance":0.333333,"touchZone":"none","type":4,"width":15.8681}],"r":[[0.968309,0.211649,-0.132602],[-0.08672,0.782808,0.616191],[0.234218,-0.585164,0.776354]],"s":1.77118,"t":[71.8268,-39.3442,-77.0066],"timestamp":88425785806},false],[5,{"currentFrameRate":55.3396,"devices":[],"gestures":[{"center":[-26.8093,339.428,-94.1332],"duration":54258,"handIds":[396],"id":2,"normal":[0.20858,0.488208,0.847436],"pointableIds":[3961],"progress":0.885543,"radius":15.4996,"state":"update","type":"circle"}],"hands":[{"armBasis":[[0.993788,0.00972025,0.110867],[-0.0271237,0.987294,0.15657],[-0.107936,-0.158605,0.981425]],"armWidth":62.9686,"confidence":0.448912,"direction":[-0.144473,0.693302,-0.706017],"elbow":[16.4464,222.335,304.375],"grabStrength":0.106151,"id":396,"palmNormal":[-0.0690613,-0.718827,-0.69175],"palmPosition":[29.8055,298.196,3.03013],"palmVelocity":[59.0371,-39.3488,63.2009],"palmWidth":89.917,"pinchStrength":0.44487,"r":[[0.966483,0.220215,-0.131973],[-0.0937821,0.781356,0.616999],[0.23899,-0.583942,0.775819]],"s":1.7623,"sphereCenter":[21.2402,274.741,-39.4188],"sphereRadius":43.2766,"stabilizedPalmPosition":[26.7136,299.893,0.103562],"t":[72.8753,-40.0649,-75.8618],"timeVisible":12.509,"type":"right","wrist":[45.2455,264.654,42.5156]}],"id":1397553,"interactionBox":{"center":[0,200,0],"size":[235.247,235.247,147.751]},"pointables":[{"bases":[[[0.430784,0.798819,0.419897],[-0.707141,0.00970829,0.707006],[0.560693,-0.601493,0.56906]],[[0.280014,0.922001,0.267407],[-0.920624,0.178947,0.34703],[0.27211,-0.343354,0.898924]],[[0.280014,0.922001,0.267407],[-0.883072,0.138129,0.448446],[0.376531,-0.361711,0.852872]],[[0.280014,0.922001,0.267407],[-0.953805,0.235615,0.186389],[0.108846,-0.307246,0.945385]]],"btipPosition":[-11.4382,289.426,-53.1489],"carpPosition":[17.1887,253.195,41.7948],"dipPosition":[-8.92088,282.32,-31.2844],"direction":[-0.376531,0.361711,-0.852872],"extended":true,"handId":396,"id":3960,"length":51.5018,"mcpPosition":[17.1887,253.195,41.7948],"pipPosition":[3.76577,270.133,-2.54815],"stabilizedTipPosition":[-15.7765,290.748,-52.6105],"timeVisible":12.509,"tipPosition":[-10.4906,286.834,-48.5954],"tipVelocity":[69.4644,-54.3434,64.1017],"tool":false,"touchDistance":0.129434,"touchZone":"hovering","type":0,"width":20.0112},{"bases":[[[0.948825,0.166861,-0.268119],[0.0225851,0.810984,0.584632],[0.314992,-0.560769,0.765714]],[[0.950063,0.164643,-0.26509],[-0.119002,0.976449,0.179961],[0.288476,-0.139428,0.947281]],[[0.950063,0.164643,-0.26509],[-0.190484,0.978841,-0.0747423],[0.247175,0.121505,0.961323]],[[0.950063,0.164643,-0.26509],[-0.231647,0.94129,-0.245588],[0.209092,0.294731,0.932424]]],"btipPosition":[-19.7194,313.634,-88.1048],"carpPosition":[24.8628,274.824,46.4864],"dipPosition":[-16.1891,318.611,-72.3617],"direction":[-0.247175,-0.121505,-0.961323],"extended":true,"handId":396,"id":3961,"length":58.114,"mcpPosition":[1.96224,315.593,-9.18257],"pipPosition":[-10.2852,321.513,-49.4001],"stabilizedTipPosition":[-20.1498,317.741,-85.282],"timeVisible":12.509,"tipPosition":[-19.6421,317.543,-83.9715],"tipVelocity":[84.4175,-203.315,52.9047],"tool":false,"touchDistance":0.443712,"touchZone":"hovering","type":1,"width":19.1147},{"bases":[[[0.964813,-0.0511495,-0.257914],[0.18958,0.81501,0.547556],[0.182195,-0.577184,0.79603]],[[0.966406,-0.0563166,-0.250774],[-0.151097,0.664805,-0.731576],[0.207916,0.744891,0.633962]],[[0.966406,-0.0563166,-0.250774],[-0.254468,-0.0725001,-0.96436],[0.0361283,0.995777,-0.0843953]],[[0.966406,-0.0563166,-0.250774],[-0.252089,-0.397891,-0.882119],[-0.050103,0.915702,-0.398721]]],"btipPosition":[13.5889,237.85,-31.5066],"carpPosition":[36.1386,278.524,43.7967],"dipPosition":[12.6585,254.855,-38.911],"direction":[-0.0361283,-0.995777,0.0843953],"extended":false,"handId":396,"id":3962,"length":66.2163,"mcpPosition":[23.5772,318.318,-11.0857],"pipPosition":[13.6737,282.837,-41.2826],"stabilizedTipPosition":[0.316188,248.917,-46.402],"timeVisible":12.509,"tipPosition":[13.0633,241.905,-34.4642],"tipVelocity":[105.598,-45.6339,65.0098],"tool":false,"touchDistance":0.333333,"touchZone":"none","type":2,"width":18.7732},{"bases":[[[0.964054,-0.196822,-0.178499],[0.263739,0.790459,0.552826],[0.0322874,-0.580031,0.813954]],[[0.963957,-0.195162,-0.180826],[-0.00480997,0.666756,-0.74526],[0.266013,0.719269,0.641786]],[[0.963957,-0.195162,-0.180826],[-0.195614,-0.0592032,-0.978892],[0.180337,0.978982,-0.0952457]],[[0.963957,-0.195162,-0.180826],[-0.244585,-0.382544,-0.890976],[0.104711,0.90309,-0.41649]]],"btipPosition":[27.2012,239.771,-27.9013],"carpPosition":[47.8152,279.099,40.5228],"dipPosition":[29.1345,256.446,-35.5913],"direction":[-0.180337,-0.978983,0.0952457],"extended":false,"handId":396,"id":3963,"length":63.6687,"mcpPosition":[45.8165,315.003,-9.86204],"pipPosition":[34.0713,283.246,-38.1986],"stabilizedTipPosition":[15.3255,249.401,-41.0023],"timeVisible":12.509,"tipPosition":[27.4718,243.526,-30.5571],"tipVelocity":[105.407,-33.7022,73.2049],"tool":false,"touchDistance":0.333333,"touchZone":"none","type":3,"width":17.8639},{"bases":[[[0.904393,-0.390514,-0.171965],[0.412283,0.695852,0.588058],[-0.109983,-0.602734,0.790326]],[[0.89588,-0.426972,-0.122856],[0.213165,0.655681,-0.724323],[0.38982,0.622717,0.678427]],[[0.89588,-0.426972,-0.122856],[-0.13525,0.00130938,-0.990811],[0.42321,0.904264,-0.0565751]],[[0.89588,-0.426972,-0.122856],[-0.269361,-0.302057,-0.914443],[0.353333,0.852324,-0.385616]]],"btipPosition":[37.7136,253.57,-26.0668],"carpPosition":[59.231,272.788,35.2638],"dipPosition":[43.7321,268.088,-32.6352],"direction":[-0.42321,-0.904264,0.0565751],"extended":false,"handId":396,"id":3964,"length":49.9151,"mcpPosition":[65.5332,307.325,-10.023],"pipPosition":[51.912,285.566,-33.7287],"stabilizedTipPosition":[27.138,262.294,-38.6192],"timeVisible":12.509,"tipPosition":[38.9514,256.9,-28.4001],"tipVelocity":[91.7804,-29.4467,72.4356],"tool":false,"touchDistance":0.333333,"touchZone":"none","type":4,"width":15.8681}],"r":[[0.966483,0.220215,-0.131973],[-0.0937821,0.781356,0.616999],[0.23899,-0.583942,0.775819]],"s":1.7623,"t":[72.8753,-40.0649,-75.8618],"timestamp":88425803843},false],[6,{"currentFrameRate":55.3177,"devices":[],"gestures":[{"center":[-26.8093,339.428,-94.1332],"duration":54258,"handIds":[396],"id":2,"normal":[0.20858,0.488208,0.847436],"pointableIds":[3961],"progress":0.885543,"radius":15.4996,"state":"update","type":"circle"}],"hands":[{"armBasis":[[0.992794,0.0170795,0.118613],[-0.03567,0.987045,0.15643],[-0.114405,-0.159534,0.980541]],"armWidth":62.9686,"confidence":0.457712,"direction":[-0.146995,0.691254,-0.707503],"elbow":[15.9745,221.561,305.205],"grabStrength":0.153,"id":396,"palmNormal":[-0.0601424,-0.720195,-0.691159],"palmPosition":[30.9615,297.495,3.98644],"palmVelocity":[61.2493,-39.0004,58.1866],"palmWidth":89.917,"pinchStrength":0.479515,"r":[[0.964712,0.228597,-0.130665],[-0.101241,0.780135,0.617365],[0.243064,-0.582351,0.775749]],"s":1.75332,"sphereCenter":[24.6341,273.547,-38.8566],"sphereRadius":43.3006,"stabilizedPalmPosition":[27.6225,299.38,0.934342],"t":[73.9776,-40.7758,-74.8112],"timeVisible":12.5271,"type":"right","wrist":[46.4996,264.127,43.581]}],"id":1397554,"interactionBox":{"center":[0,200,0],"size":[235.247,235.247,147.751]},"pointables":[{"bases":[[[0.422399,0.802808,0.420806],[-0.710315,0.00478954,0.703867],[0.563055,-0.596218,0.57227]],[[0.271919,0.924214,0.268121],[-0.92271,0.171288,0.345351],[0.273253,-0.341305,0.899357]],[[0.271919,0.924214,0.268121],[-0.885341,0.131069,0.446086],[0.377136,-0.358678,0.853884]],[[0.271919,0.924214,0.268121],[-0.957349,0.231517,0.172868],[0.0976928,-0.303691,0.947749]]],"btipPosition":[-9.90521,288.385,-52.3032],"carpPosition":[18.5405,252.44,42.7507],"dipPosition":[-7.64581,281.361,-30.3841],"direction":[-0.377136,0.358678,-0.853884],"extended":true,"handId":396,"id":3960,"length":51.5018,"mcpPosition":[18.5405,252.44,42.7507],"pipPosition":[5.06125,269.276,-1.6137],"stabilizedTipPosition":[-14.3986,289.89,-51.4573],"timeVisible":12.5271,"tipPosition":[-9.02533,285.834,-47.7291],"tipVelocity":[75.0495,-55.2878,56.0827],"tool":false,"touchDistance":0.143738,"touchZone":"hovering","type":0,"width":20.0112},{"bases":[[[0.94861,0.174271,-0.264137],[0.0133907,0.811842,0.583724],[0.316163,-0.557263,0.767788]],[[0.951155,0.169725,-0.257873],[-0.133838,0.979435,0.150979],[0.278194,-0.109091,0.95431]],[[0.951155,0.169725,-0.257873],[-0.203641,0.972746,-0.110887],[0.232024,0.157984,0.959795]],[[0.951155,0.169725,-0.257873],[-0.242372,0.927914,-0.283253],[0.191209,0.331918,0.923726]]],"btipPosition":[-17.5497,309.904,-87.4077],"carpPosition":[26.0173,274.136,47.4493],"dipPosition":[-14.3213,315.508,-71.8114],"direction":[-0.232024,-0.157984,-0.959795],"extended":true,"handId":396,"id":3961,"length":58.114,"mcpPosition":[3.03161,314.65,-8.37044],"pipPosition":[-8.77935,319.282,-48.8864],"stabilizedTipPosition":[-17.955,313.441,-84.3224],"timeVisible":12.5271,"tipPosition":[-17.5923,314.008,-83.3773],"tipVelocity":[99.3258,-200.565,45.1046],"tool":false,"touchDistance":0.442624,"touchZone":"hovering","type":1,"width":19.1147},{"bases":[[[0.966329,-0.0435896,-0.253592],[0.18051,0.817185,0.547379],[0.183372,-0.574724,0.797538]],[[0.967911,-0.0486668,-0.246534],[-0.153451,0.662442,-0.733228],[0.198998,0.747531,0.633717]],[[0.967911,-0.0486668,-0.246534],[-0.249768,-0.0784354,-0.965124],[0.0276325,0.995731,-0.0880739]],[[0.967911,-0.0486668,-0.246534],[-0.244789,-0.404347,-0.881239],[-0.0567981,0.91331,-0.403285]]],"btipPosition":[15.4314,237,-30.4027],"carpPosition":[37.2744,277.924,44.8048],"dipPosition":[14.3766,253.961,-37.8919],"direction":[-0.0276325,-0.995731,0.0880739],"extended":false,"handId":396,"id":3962,"length":66.2163,"mcpPosition":[24.6318,317.548,-10.1816],"pipPosition":[15.1531,281.942,-40.3668],"stabilizedTipPosition":[2.44746,247.769,-44.3561],"timeVisible":12.5271,"tipPosition":[14.8842,241.029,-33.3627],"tipVelocity":[102.893,-46.4546,62.4975],"tool":false,"touchDistance":0.333333,"touchZone":"none","type":2,"width":18.7732},{"bases":[[[0.966405,-0.189168,-0.174001],[0.254842,0.793245,0.553008],[0.0334143,-0.578772,0.814804]],[[0.966295,-0.187343,-0.176568],[-0.00785576,0.664091,-0.74761],[0.257317,0.723799,0.640236]],[[0.966295,-0.187343,-0.176568],[-0.193121,-0.0739903,-0.978381],[0.170229,0.979504,-0.107676]],[[0.966295,-0.187343,-0.176568],[-0.239208,-0.399908,-0.88479],[0.0951485,0.897205,-0.431243]]],"btipPosition":[29.1137,239.079,-26.2139],"carpPosition":[48.9602,278.59,41.5817],"dipPosition":[30.8705,255.645,-34.1762],"direction":[-0.170229,-0.979504,0.107676],"extended":false,"handId":396,"id":3963,"length":63.6687,"mcpPosition":[46.8918,314.417,-8.85574],"pipPosition":[35.5306,282.459,-37.