{"sensorType":"Leap","data":[[0,{"currentFrameRate":50.8085,"devices":[],"gestures":[],"hands":[{"armBasis":[[0.994567,0.0124324,0.103351],[-0.0230532,0.994495,0.102216],[-0.101511,-0.104043,0.989379]],"armWidth":62.9686,"confidence":0.802408,"direction":[-0.0536895,0.47043,-0.880802],"elbow":[2.97931,217.858,350.436],"grabStrength":0,"id":396,"palmNormal":[0.00292036,-0.881997,-0.471246],"palmPosition":[19.6895,266.747,37.7856],"palmVelocity":[-36.9861,76.2027,-62.7669],"palmWidth":89.917,"pinchStrength":1,"r":[[0.904959,0.425481,-0.00382738],[-0.419145,0.89296,0.164133],[0.0732534,-0.14693,0.986431]],"s":1.59948,"sphereCenter":[30.9955,230.513,0.131245],"sphereRadius":47.4453,"stabilizedPalmPosition":[28.746,246.227,21.5223],"t":[64.8082,-74.3915,-38.1716],"timeVisible":27.8473,"type":"right","wrist":[30.064,245.618,86.4535]}],"id":1398396,"interactionBox":{"center":[0,200,0],"size":[235.247,235.247,147.751]},"pointables":[{"bases":[[[0.388727,0.891894,0.23112],[-0.783983,0.188417,0.591498],[0.484007,-0.411125,0.772472]],[[0.155704,0.982051,-0.106452],[-0.960343,0.175727,0.216475],[0.231296,0.0685241,0.970467]],[[0.155704,0.982051,-0.106452],[-0.980997,0.16636,0.0998507],[0.115768,0.0888815,0.989292]],[[0.155704,0.982051,-0.106452],[-0.859536,0.0815902,-0.504521],[-0.48678,0.170055,0.856812]]],"btipPosition":[-1.90654,223.521,-15.323],"carpPosition":[2.14562,233.829,85.6979],"dipPosition":[-13.1646,227.454,4.49305],"direction":[-0.115768,-0.0888815,-0.989292],"extended":false,"handId":396,"id":3960,"length":51.5018,"mcpPosition":[2.14562,233.829,85.6979],"pipPosition":[-9.26396,230.449,37.8258],"stabilizedTipPosition":[5.30015,203.507,-14.102],"timeVisible":27.8473,"tipPosition":[-4.05153,224.132,-10.4175],"tipVelocity":[-34.5546,78.575,-63.4773],"tool":false,"touchDistance":-0.0957494,"touchZone":"touching","type":0,"width":20.0112},{"bases":[[[0.975363,0.106464,-0.193216],[-0.0356099,0.940338,0.338374],[0.217713,-0.323157,0.920962]],[[0.993704,0.0693082,-0.0880309],[-0.0733841,0.996335,-0.0439369],[0.0846631,0.0501203,0.995148]],[[0.993704,0.0693082,-0.0880309],[-0.0846864,0.97906,-0.18512],[0.0733573,0.191409,0.978765]],[[0.993704,0.0693082,-0.0880309],[-0.0915799,0.955091,-0.281807],[0.064546,0.288094,0.955424]]],"btipPosition":[-12.7844,267.999,-63.5919],"carpPosition":[9.48017,256.068,85.1234],"dipPosition":[-11.6946,272.863,-47.4604],"direction":[-0.0733573,-0.191409,-0.978765],"extended":true,"handId":396,"id":3961,"length":58.114,"mcpPosition":[-6.34798,279.563,18.1676],"pipPosition":[-9.94242,277.435,-24.0822],"stabilizedTipPosition":[-8.4158,254.728,-60.7258],"timeVisible":27.8473,"tipPosition":[-12.5767,267.626,-59.5702],"tipVelocity":[-37.8445,110.144,-67.5203],"tool":false,"touchDistance":-0.0820736,"touchZone":"touching","type":1,"width":19.1147},{"bases":[[[0.987493,-0.10005,-0.121849],[0.134588,0.937476,0.320975],[0.0821167,-0.33336,0.939217]],[[0.983018,-0.0855403,-0.162351],[-0.0762279,0.614424,-0.785285],[0.166926,0.784325,0.597469]],[[0.983018,-0.0855403,-0.162351],[-0.157305,0.0627865,-0.985552],[0.0944979,0.994354,0.0482643]],[[0.983018,-0.0855403,-0.162351],[-0.17755,-0.219758,-0.959262],[0.0463778,0.971797,-0.231213]]],"btipPosition":[3.90486,198.755,-7.44508],"carpPosition":[21.0342,259.12,82.8307],"dipPosition":[4.76612,216.802,-11.7388],"direction":[-0.0944979,-0.994354,-0.0482643],"extended":false,"handId":396,"id":3962,"length":66.2163,"mcpPosition":[15.3726,282.103,18.0761],"pipPosition":[7.42161,244.744,-10.3825],"stabilizedTipPosition":[9.97013,189.28,-13.9366],"timeVisible":27.8473,"tipPosition":[4.19131,202.693,-7.63276],"tipVelocity":[-28.2294,73.0306,-58.1],"tool":false,"touchDistance":-0.125807,"touchZone":"touching","type":2,"width":18.7732},{"bases":[[[0.97584,-0.2184,-0.00615446],[0.207345,0.916828,0.341226],[-0.0688812,-0.334258,0.939961]],[[0.978222,-0.197676,-0.0632867],[0.0686456,0.59587,-0.800142],[0.195879,0.778372,0.596463]],[[0.978222,-0.197676,-0.0632867],[-0.0550407,0.0469398,-0.99738],[0.200128,0.979143,0.0350373]],[[0.978222,-0.197676,-0.0632867],[-0.108727,-0.2283,-0.967501],[0.176803,0.953312,-0.244821]]],"btipPosition":[19.8891,200.933,-0.0763296],"carpPosition":[33.0169,259.016,80.8828],"dipPosition":[23.1535,218.535,-4.59663],"direction":[-0.200128,-0.979143,-0.0350373],"extended":false,"handId":396,"id":3963,"length":63.6687,"mcpPosition":[37.2807,279.707,22.698],"pipPosition":[28.6321,245.339,-3.63747],"stabilizedTipPosition":[25.9875,191.102,-9.67589],"timeVisible":27.8473,"tipPosition":[20.6255,204.951,-0.837662],"tipVelocity":[-29.3785,69.5591,-37.5981],"tool":false,"touchDistance":-0.112082,"touchZone":"touching","type":3,"width":17.8639},{"bases":[[[0.913545,-0.404083,0.046382],[0.349694,0.838541,0.417808],[-0.207723,-0.365467,0.90735]],[[0.854819,-0.468091,0.223998],[0.460893,0.486492,-0.742229],[0.238457,0.73771,0.631603]],[[0.854819,-0.468091,0.223998],[0.239774,-0.0265297,-0.970466],[0.460209,0.883282,0.0895582]],[[0.854819,-0.468091,0.223998],[0.102346,-0.2711,-0.957095],[0.508733,0.841068,-0.183834]]],"btipPosition":[30.8991,215.507,6.23679],"carpPosition":[44.8891,251.741,78.8985],"dipPosition":[39.5646,229.833,3.10545],"direction":[-0.460209,-0.883282,-0.0895582],"extended":false,"handId":396,"id":3964,"length":49.9151,"mcpPosition":[56.7919,272.683,26.906],"pipPosition":[48.4596,246.905,4.83644],"stabilizedTipPosition":[37.3374,205.402,-6.20578],"timeVisible":27.8473,"tipPosition":[32.781,218.634,6.08338],"tipVelocity":[-33.6569,78.4978,-57.2235],"tool":false,"touchDistance":-0.187529,"touchZone":"touching","type":4,"width":15.8681}],"r":[[0.904959,0.425481,-0.00382738],[-0.419145,0.89296,0.164133],[0.0732534,-0.14693,0.986431]],"s":1.59948,"t":[64.8082,-74.3915,-38.1716],"timestamp":88441142163},false],[1,{"currentFrameRate":51.1961,"devices":[],"gestures":[],"hands":[{"armBasis":[[0.992652,-0.0021562,0.120988],[-0.00834768,0.996239,0.0862437],[-0.120719,-0.0866199,0.9889]],"armWidth":62.9686,"confidence":0.812213,"direction":[-0.0481229,0.490059,-0.87036],"elbow":[-3.27463,224.681,347.246],"grabStrength":0,"id":396,"palmNormal":[-0.0126898,-0.871599,-0.490055],"palmPosition":[18.7894,270.128,35.217],"palmVelocity":[-43.0626,128.856,-100.442],"palmWidth":89.917,"pinchStrength":1,"r":[[0.906833,0.421469,-0.00427304],[-0.414681,0.893951,0.169973],[0.0754582,-0.152365,0.985439]],"s":1.6049,"sphereCenter":[29.4828,234.558,-3.26997],"sphereRadius":47.5128,"stabilizedPalmPosition":[27.3914,249.479,23.3854],"t":[63.8579,-71.6225,-40.3508],"timeVisible":27.8654,"type":"right","wrist":[28.9351,247.793,83.3915]}],"id":1398397,"interactionBox":{"center":[0,200,0],"size":[235.247,235.247,147.751]},"pointables":[{"bases":[[[0.403858,0.880254,0.249102],[-0.779341,0.188448,0.597591],[0.479089,-0.435478,0.762124]],[[0.172201,0.981396,-0.084906],[-0.956637,0.187166,0.223193],[0.234933,0.0427901,0.971069]],[[0.172201,0.981396,-0.084906],[-0.97744,0.180934,0.108969],[0.122304,0.0642259,0.990412]],[[0.172201,0.981396,-0.084906],[-0.858621,0.107291,-0.501257],[-0.482822,0.159219,0.861123]]],"btipPosition":[-3.71792,228.523,-18.7266],"carpPosition":[0.825394,236.48,82.4614],"dipPosition":[-14.8844,232.205,1.18906],"direction":[-0.122304,-0.0642259,-0.990412],"extended":false,"handId":396,"id":3960,"length":51.5018,"mcpPosition":[0.825394,236.48,82.4614],"pipPosition":[-10.7636,234.369,34.5595],"stabilizedTipPosition":[2.37244,210.042,-14.1131],"timeVisible":27.8654,"tipPosition":[-5.83403,229.033,-13.826],"tipVelocity":[-65.186,171.168,-122.162],"tool":false,"touchDistance":-0.156881,"touchZone":"touching","type":0,"width":20.0112},{"bases":[[[0.976502,0.0946421,-0.193614],[-0.0193636,0.933307,0.358556],[0.214636,-0.346382,0.913209]],[[0.994559,0.0546973,-0.0886642],[-0.0565016,0.998241,-0.0179676],[0.0875255,0.0228795,0.9959]],[[0.994559,0.0546973,-0.0886642],[-0.0683752,0.98484,-0.159423],[0.0786,0.164618,0.983221]],[[0.994559,0.0546973,-0.0886642],[-0.0758798,0.963488,-0.256775],[0.071382,0.262106,0.962396]]],"btipPosition":[-13.8809,274.457,-66.0643],"carpPosition":[8.52209,258.604,82.3433],"dipPosition":[-12.6757,278.883,-49.8151],"direction":[-0.0786,-0.164618,-0.983221],"extended":true,"handId":396,"id":3961,"length":58.114,"mcpPosition":[-7.08237,283.786,15.9511],"pipPosition":[-10.7983,282.815,-26.3305],"stabilizedTipPosition":[-11.1168,265.53,-61.5594],"timeVisible":27.8654,"tipPosition":[-13.6733,273.973,-62.0529],"tipVelocity":[-47.9787,224.898,-99.698],"tool":false,"touchDistance":-0.14004,"touchZone":"touching","type":1,"width":19.1147},{"bases":[[[0.98542,-0.113528,-0.126725],[0.150721,0.92804,0.340624],[0.0789359,-0.354758,0.93162]],[[0.98111,-0.0981556,-0.1667],[-0.0679406,0.631992,-0.771991],[0.181128,0.768733,0.613385]],[[0.98111,-0.0981556,-0.1667],[-0.158509,0.086097,-0.983597],[0.110898,0.99144,0.068912]],[[0.98111,-0.0981556,-0.1667],[-0.183319,-0.196508,-0.963213],[0.0617869,0.975577,-0.21079]]],"btipPosition":[1.7854,203.38,-11.3853],"carpPosition":[20.1189,261.514,80.0843],"dipPosition":[2.93281,221.496,-15.2998],"direction":[-0.110898,-0.99144,-0.068912],"extended":false,"handId":396,"id":3962,"length":66.2163,"mcpPosition":[14.6767,285.973,15.8535],"pipPosition":[6.04915,249.357,-13.3633],"stabilizedTipPosition":[7.99478,193.836,-13.5249],"timeVisible":27.8654,"tipPosition":[2.13232,207.326,-11.523],"tipVelocity":[-68.7887,160.281,-131.755],"tool":false,"touchDistance":-0.191358,"touchZone":"touching","type":2,"width":18.7732},{"bases":[[[0.972111,-0.23413,-0.0135631],[0.22318,0.905776,0.360224],[-0.0720541,-0.353204,0.932767]],[[0.974689,-0.212326,-0.0699864],[0.0763486,0.610362,-0.788435],[0.210122,0.763136,0.611124]],[[0.974689,-0.212326,-0.0699864],[-0.0569824,0.0667659,-0.99614],[0.216179,0.974915,0.0529772]],[[0.974689,-0.212326,-0.0699864],[-0.115092,-0.208176,-0.971296],[0.191662,0.954767,-0.227344]]],"btipPosition":[17.8195,205.108,-3.87384],"carpPosition":[32.0935,261.256,78.1011],"dipPosition":[21.3583,222.737,-8.07143],"direction":[-0.216179,-0.974915,-0.0529772],"extended":false,"handId":396,"id":3963,"length":63.6687,"mcpPosition":[36.5538,283.12,20.3616],"pipPosition":[27.2763,249.426,-6.62116],"stabilizedTipPosition":[24.1083,195.717,-8.43999],"timeVisible":27.8654,"tipPosition":[18.6196,209.146,-4.64117],"tipVelocity":[-68.152,146.394,-117.589],"tool":false,"touchDistance":-0.175302,"touchZone":"touching","type":3,"width":17.8639},{"bases":[[[0.906909,-0.419857,0.035154],[0.364413,0.823546,0.434712],[-0.211468,-0.381434,0.899883]],[[0.8477,-0.486604,0.211239],[0.463682,0.486244,-0.740653],[0.257691,0.725799,0.637818]],[[0.8477,-0.486604,0.211239],[0.228589,-0.0242639,-0.973221],[0.478698,0.873286,0.090664]],[[0.8477,-0.486604,0.211239],[0.0862944,-0.266408,-0.95999],[0.52341,0.832012,-0.183843]]],"btipPosition":[28.7852,219.277,3.45593],"carpPosition":[43.84,253.833,75.9281],"dipPosition":[37.7007,233.449,0.324432],"direction":[-0.478698,-0.873286,-0.090664],"extended":false,"handId":396,"id":3964,"length":49.9151,"mcpPosition":[55.9574,275.689,24.3636],"pipPosition":[46.9531,250.328,2.0768],"stabilizedTipPosition":[35.7289,209.641,-3.99366],"timeVisible":27.8654,"tipPosition":[30.8515,222.447,2.93208],"tipVelocity":[-71.7088,139.356,-103.115],"tool":false,"touchDistance":-0.234768,"touchZone":"touching","type":4,"width":15.8681}],"r":[[0.906833,0.421469,-0.00427304],[-0.414681,0.893951,0.169973],[0.0754582,-0.152365,0.985439]],"s":1.6049,"t":[63.8579,-71.6225,-40.3508],"timestamp":88441160249},false],[2,{"currentFrameRate":51.4383,"devices":[],"gestures":[],"hands":[{"armBasis":[[0.994066,-0.0215087,0.10663],[0.0119907,0.995949,0.0891127],[-0.108114,-0.0873054,0.990297]],"armWidth":62.9686,"confidence":0.817018,"direction":[-0.0369528,0.508683,-0.860161],"elbow":[-1.43039,227.272,344.12],"grabStrength":0,"id":396,"palmNormal":[-0.0308542,-0.860919,-0.507806],"palmPosition":[17.7885,274.095,32.1818],"palmVelocity":[-48.3451,170.021,-131.048],"palmWidth":89.917,"pinchStrength":0.995435,"r":[[0.910097,0.414385,-0.00285383],[-0.407286,0.895734,0.178264],[0.0764262,-0.161075,0.983979]],"s":1.60973,"sphereCenter":[27.7065,239.123,-7.03598],"sphereRadius":47.5309,"stabilizedPalmPosition":[25.1874,255.129,25.4043],"t":[62.8824,-68.2546,-42.9581],"timeVisible":27.8839,"type":"right","wrist":[27.4162,250.567,79.8927]}],"id":1398398,"interactionBox":{"center":[0,200,0],"size":[235.247,235.247,147.751]},"pointables":[{"bases":[[[0.422317,0.866161,0.267233],[-0.775641,0.192751,0.601022],[0.469073,-0.461099,0.753232]],[[0.194323,0.978902,-0.0631586],[-0.95231,0.203701,0.22718],[0.235252,0.0160005,0.971803]],[[0.194323,0.978902,-0.0631586],[-0.972727,0.20061,0.116442],[0.126656,0.0388087,0.991187]],[[0.194323,0.978902,-0.0631586],[-0.854796,0.137398,-0.500445],[-0.481209,0.151236,0.863462]]],"btipPosition":[-5.67034,234.283,-22.5842],"carpPosition":[-0.92732,239.877,78.7202],"dipPosition":[-16.7995,237.781,-2.61443],"direction":[-0.126656,-0.0388087,-0.991187],"extended":false,"handId":396,"id":3960,"length":51.5018,"mcpPosition":[-0.92732,239.877,78.7202],"pipPosition":[-12.5321,239.088,30.7822],"stabilizedTipPosition":[-2.62976,221.858,-15.9428],"timeVisible":27.8839,"tipPosition":[-7.76965,234.688,-17.7065],"tipVelocity":[-84.3695,237.548,-163.392],"tool":false,"touchDistance":-0.226703,"touchZone":"touching","type":0,"width":20.0112},{"bases":[[[0.978456,0.0777445,-0.191257],[0.000231283,0.925975,0.377586],[0.206454,-0.369495,0.906008]],[[0.995613,0.0351168,-0.0867287],[-0.0347351,0.999379,0.00590699],[0.0868823,-0.00286854,0.996214]],[[0.995613,0.0351168,-0.0867287],[-0.0467586,0.989594,-0.136081],[0.0810475,0.139539,0.986894]],[[0.995613,0.0351168,-0.0867287],[-0.0546393,0.970647,-0.23422],[0.0759579,0.237931,0.968307]]],"btipPosition":[-14.6775,281.464,-69.0268],"carpPosition":[7.23911,261.83,79.0581],"dipPosition":[-13.395,285.482,-52.6778],"direction":[-0.0810475,-0.139539,-0.986894],"extended":true,"handId":396,"id":3961,"length":58.114,"mcpPosition":[-7.7705,288.693,13.1895],"pipPosition":[-11.4592,288.815,-29.1055],"stabilizedTipPosition":[-13.5575,278.129,-64.33],"timeVisible":27.8839,"tipPosition":[-14.4835,280.902,-65.0322],"tipVelocity":[-45.0862,296.476,-128.166],"tool":false,"touchDistance":-0.205169,"touchZone":"touching","type":1,"width":19.1147},{"bases":[[[0.982881,-0.131893,-0.128641],[0.17018,0.917451,0.359615],[0.0705912,-0.375351,0.924191]],[[0.978955,-0.115693,-0.168113],[-0.0537128,0.648662,-0.759179],[0.19688,0.752232,0.628797]],[[0.978955,-0.115693,-0.168113],[-0.155691,0.109181,-0.981753],[0.131937,0.987266,0.0888711]],[[0.978955,-0.115693,-0.168113],[-0.186533,-0.173124,-0.967075],[0.0827793,0.978081,-0.191061]]],"btipPosition":[-0.59236,208.68,-15.755],"carpPosition":[18.8972,264.538,76.8637],"dipPosition":[0.944885,226.844,-19.3031],"direction":[-0.131937,-0.987266,-0.0888711],"extended":false,"handId":396,"id":3962,"length":66.2163,"mcpPosition":[14.0303,290.417,13.1452],"pipPosition":[4.65245,254.587,-16.8057],"stabilizedTipPosition":[4.57641,201.733,-14.7896],"timeVisible":27.8839,"tipPosition":[-0.16445,212.63,-15.8432],"tipVelocity":[-95.2125,221.326,-179.831],"tool":false,"touchDistance":-0.264021,"touchZone":"touching","type":2,"width":18.7732},{"bases":[[[0.966912,-0.254475,-0.0179777],[0.242131,0.89325,0.378783],[-0.0803324,-0.370603,0.925311]],[[0.969992,-0.231754,-0.0735289],[0.0896116,0.621889,-0.777961],[0.226022,0.748027,0.623995]],[[0.969992,-0.231754,-0.0735289],[-0.0553698,0.0839172,-0.994933],[0.23675,0.969148,0.0685668]],[[0.969992,-0.231754,-0.0735289],[-0.119265,-0.189993,-0.974514],[0.211877,0.95404,-0.211932]]],"btipPosition":[15.4653,209.833,-7.91268],"carpPosition":[30.8652,264.066,74.8803],"dipPosition":[19.3773,227.448,-11.8257],"direction":[-0.23675,-0.969148,-0.0685668],"extended":false,"handId":396,"id":3963,"length":63.6687,"mcpPosition":[35.8379,287.006,17.6024],"pipPosition":[25.8584,253.979,-9.94868],"stabilizedTipPosition":[20.9873,203.04,-8.5902],"timeVisible":27.8839,"tipPosition":[16.3525,213.904,-8.7435],"tipVelocity":[-94.3699,198.772,-164.378],"tool":false,"touchDistance":-0.24346,"touchZone":"touching","type":3,"width":17.8639},{"bases":[[[0.897728,-0.439728,0.0269005],[0.381519,0.806521,0.451627],[-0.220289,-0.395175,0.891801]],[[0.836826,-0.508893,0.201866],[0.474903,0.491309,-0.730125],[0.272377,0.706854,0.652815]],[[0.836826,-0.508893,0.201866],[0.229093,-0.00938731,-0.973359],[0.497231,0.860778,0.108728]],[[0.836826,-0.508893,0.201866],[0.0815287,-0.248776,-0.965124],[0.541364,0.824098,-0.166692]]],"btipPosition":[26.7261,223.71,-0.614089],"carpPosition":[42.4526,256.439,72.5603],"dipPosition":[35.9474,237.747,-3.45345],"direction":[-0.497231,-0.860778,-0.108728],"extended":false,"handId":396,"id":3964,"length":49.9151,"mcpPosition":[55.0754,279.084,21.4589],"pipPosition":[45.558,254.384,-1.35193],"stabilizedTipPosition":[33.2454,215.883,-3.00973],"timeVisible":27.8839,"tipPosition":[28.8595,226.845,-1.07585],"tipVelocity":[-88.909,186.785,-157.675],"tool":false,"touchDistance":-0.299667,"touchZone":"touching","type":4,"width":15.8681}],"r":[[0.910097,0.414385,-0.00285383],[-0.407286,0.895734,0.178264],[0.0764262,-0.161075,0.983979]],"s":1.60973,"t":[62.8824,-68.2546,-42.9581],"timestamp":88441178791},false],[3,{"currentFrameRate":51.8881,"devices":[],"gestures":[],"hands":[{"armBasis":[[0.995468,-0.0295525,0.090391],[0.021627,0.995935,0.0874366],[-0.0926076,-0.0850854,0.992061]],"armWidth":62.9686,"confidence":0.83868,"direction":[-0.0292933,0.526336,-0.849772],"elbow":[1.54222,229.575,341.836],"grabStrength":0,"id":396,"palmNormal":[-0.0389381,-0.850093,-0.525192],"palmPosition":[16.9981,276.869,29.8919],"palmVelocity":[-46.7256,164.164,-130.56],"palmWidth":89.917,"pinchStrength":0.990298,"r":[[0.913562,0.406699,0.00031787],[-0.399476,0.89719,0.188331],[0.0763087,-0.172179,0.982106]],"s":1.6139,"sphereCenter":[26.6188,242.604,-10.0243],"sphereRadius":47.5617,"stabilizedPalmPosition":[22.864,261.296,26.6775],"t":[61.9994,-65.1839,-45.4067],"timeVisible":27.9016,"type":"right","wrist":[26.2514,252.277,77.1386]}],"id":1398399,"interactionBox":{"center":[0,200,0],"size":[235.247,235.247,147.751]},"pointables":[{"bases":[[[0.431031,0.855927,0.28566],[-0.774992,0.189011,0.603044],[0.462169,-0.481315,0.744806]],[[0.206232,0.977628,-0.0413807],[-0.950296,0.210189,0.229692],[0.233251,-0.00804593,0.972383]],[[0.206232,0.977628,-0.0413807],[-0.97009,0.209809,0.122088],[0.128039,0.0149645,0.991656]],[[0.206232,0.977628,-0.0413807],[-0.850809,0.15827,-0.501074],[-0.483314,0.138544,0.864415]]],"btipPosition":[-6.84576,238.612,-25.685],"carpPosition":[-2.20354,241.924,75.6859],"dipPosition":[-18.0237,241.816,-5.69315],"direction":[-0.128039,-0.0149645,-0.991656],"extended":false,"handId":396,"id":3960,"length":51.5018,"mcpPosition":[-2.20354,241.924,75.6859],"pipPosition":[-13.7096,242.32,27.7192],"stabilizedTipPosition":[-6.29342,231.3,-18.7196],"timeVisible":27.9016,"tipPosition":[-8.95358,238.899,-20.8378],"tipVelocity":[-76.4387,239.602,-169.158],"tool":false,"touchDistance":-0.278731,"touchZone":"touching","type":0,"width":20.0112},{"bases":[[[0.979714,0.0709202,-0.18743],[0.00934654,0.918097,0.396246],[0.200181,-0.38996,0.89881]],[[0.996186,0.0258286,-0.0833422],[-0.0234571,0.999295,0.0293095],[0.0840405,-0.0272427,0.99609]],[[0.996186,0.0258286,-0.0833422],[-0.0351852,0.992991,-0.11283],[0.0798439,0.115332,0.990113]],[[0.996186,0.0258286,-0.0833422],[-0.0430089,0.976436,-0.211477],[0.0759162,0.214255,0.973823]]],"btipPosition":[-15.1106,286.909,-71.2399],"carpPosition":[6.19987,263.774,76.4865],"dipPosition":[-13.8288,290.527,-54.7978],"direction":[-0.0798439,-0.115332,-0.990113],"extended":true,"handId":396,"id":3961,"length":58.114,"mcpPosition":[-8.3537,292.125,11.1412],"pipPosition":[-11.9217,293.282,-31.1486],"stabilizedTipPosition":[-14.5123,285.423,-66.7037],"timeVisible":27.9016,"tipPosition":[-14.9329,286.266,-67.2611],"tipVelocity":[-35.5287,299.945,-126.422],"tool":false,"touchDistance":-0.248954,"touchZone":"touching","type":1,"width":19.1147},{"bases":[[[0.981708,-0.139976,-0.12906],[0.179237,0.908085,0.378491],[0.0642181,-0.3947,0.916563]],[[0.978078,-0.123023,-0.168016],[-0.0446276,0.664261,-0.746168],[0.203402,0.737308,0.644208]],[[0.978078,-0.123023,-0.168016],[-0.1519,0.130418,-0.979754],[0.142444,0.983797,0.108871]],[[0.978078,-0.123023,-0.168016],[-0.185854,-0.151774,-0.970785],[0.0939279,0.980729,-0.171311]]],"btipPosition":[-1.97103,212.634,-19.382],"carpPosition":[17.8921,266.399,74.3737],"dipPosition":[-0.226747,230.847,-22.5633],"direction":[-0.142444,-0.983797,-0.108871],"extended":false,"handId":396,"id":3962,"length":66.2163,"mcpPosition":[13.4645,293.612,11.181],"pipPosition":[3.77609,258.493,-19.5039],"stabilizedTipPosition":[1.76584,208.634,-17.2242],"timeVisible":27.9016,"tipPosition":[-1.50199,216.588,-19.4111],"tipVelocity":[-86.0487,223.101,-189.765],"tool":false,"touchDistance":-0.319092,"touchZone":"touching","type":2,"width":18.7732},{"bases":[[[0.964134,-0.264588,-0.0209364],[0.250873,0.882719,0.397328],[-0.0866474,-0.38833,0.917438]],[[0.967599,-0.240773,-0.0760328],[0.0982778,0.636519,-0.764974],[0.232581,0.732715,0.639558]],[[0.967599,-0.240773,-0.0760328],[-0.0519944,0.104671,-0.993147],[0.247081,0.964921,0.0887611]],[[0.967599,-0.240773,-0.0760328],[-0.11891,-0.168891,-0.978435],[0.222739,0.955774,-0.19205]]],"btipPosition":[14.0771,213.461,-11.5045],"carpPosition":[29.8591,265.836,72.4082],"dipPosition":[18.1897,231.108,-15.0504],"direction":[-0.247081,-0.964921,-0.0887611],"extended":false,"handId":396,"id":3963,"length":63.6687,"mcpPosition":[35.2227,289.874,15.6177],"pipPosition":[24.9536,257.523,-12.6206],"stabilizedTipPosition":[18.1659,209.89,-10.3546],"timeVisible":27.9016,"tipPosition":[15.0105,217.537,-12.2492],"tipVelocity":[-85.89,202.32,-180.586],"tool":false,"touchDistance":-0.300058,"touchZone":"touching","type":3,"width":17.8639},{"bases":[[[0.892832,-0.449944,0.0200273],[0.38913,0.793021,0.468717],[-0.226779,-0.410692,0.883121]],[[0.830603,-0.522078,0.193733],[0.481609,0.498827,-0.720572],[0.279556,0.691813,0.665765]],[[0.830603,-0.522078,0.193733],[0.229625,0.00416061,-0.97327],[0.507317,0.852887,0.123338]],[[0.830603,-0.522078,0.193733],[0.0790863,-0.23378,-0.969068],[0.55122,0.820233,-0.152889]]],"btipPosition":[25.4005,227.036,-3.68645],"carpPosition":[41.3688,258.133,69.9606],"dipPosition":[34.7897,241.008,-6.29069],"direction":[-0.507317,-0.852888,-0.123338],"extended":false,"handId":396,"id":3964,"length":49.9151,"mcpPosition":[54.3635,281.666,19.3565],"pipPosition":[44.5952,257.492,-3.90679],"stabilizedTipPosition":[30.8626,221.904,-3.54437],"timeVisible":27.9016,"tipPosition":[27.5965,230.171,-4.18131],"tipVelocity":[-81.5185,187.345,-164.057],"tool":false,"touchDistance":-0.343308,"touchZone":"touching","type":4,"width":15.8681}],"r":[[0.913562,0.406699,0.00031787],[-0.399476,0.89719,0.188331],[0.0763087,-0.172179,0.982106]],"s":1.6139,"t":[61.9994,-65.1839,-45.4067],"timestamp":88441196405},false],[4,{"currentFrameRate":52.1401,"devices":[],"gestures":[],"hands":[{"armBasis":[[0.996097,-0.0343402,0.0813098],[0.025323,0.993671,0.109443],[-0.0845534,-0.106956,0.990662]],"armWidth":62.9686,"confidence":0.845292,"direction":[-0.024692,0.534478,-0.844822],"elbow":[2.59144,225.141,339.535],"grabStrength":0,"id":396,"palmNormal":[-0.0401997,-0.844927,-0.533369],"palmPosition":[16.1379,278.75,28.1698],"palmVelocity":[-46.9129,134.913,-113.221],"palmWidth":89.917,"pinchStrength":0.986777,"r":[[0.91657,0.399852,0.0041468],[-0.392704,0.898134,0.197835],[0.0753801,-0.182958,0.980227]],"s":1.61826,"sphereCenter":[25.6572,244.912,-12.057],"sphereRadius":47.5686,"stabilizedPalmPosition":[20.696,266.922,27.1585],"t":[61.1278,-62.708,-47.492],"timeVisible":27.9198,"type":"right","wrist":[25.1516,253.679,75.2102]}],"id":1398400,"interactionBox":{"center":[0,200,0],"size":[235.247,235.247,147.751]},"pointables":[{"bases":[[[0.433087,0.851653,0.295167],[-0.776284,0.186008,0.602316],[0.458061,-0.489988,0.741682]],[[0.210764,0.977073,-0.0301018],[-0.950143,0.212,0.22866],[0.229799,-0.0195922,0.973041]],[[0.210764,0.977073,-0.0301018],[-0.96924,0.21288,0.123518],[0.127095,0.0031426,0.991886]],[[0.210764,0.977073,-0.0301018],[-0.846723,0.167085,-0.505117],[-0.488507,0.131949,0.862526]]],"btipPosition":[-7.65441,241.248,-27.7997],"carpPosition":[-3.33441,243.439,73.5676],"dipPosition":[-18.9524,244.3,-7.85155],"direction":[-0.127095,-0.0031426,-0.991886],"extended":false,"handId":396,"id":3960,"length":51.5018,"mcpPosition":[-3.33441,243.439,73.5676],"pipPosition":[-14.6701,244.406,25.5686],"stabilizedTipPosition":[-8.4662,237.144,-21.1846],"timeVisible":27.9198,"tipPosition":[-9.81427,241.468,-22.9917],"tipVelocity":[-61.7804,193.127,-143.904],"tool":false,"touchDistance":-0.311063,"touchZone":"touching","type":0,"width":20.0112},{"bases":[[[0.98056,0.0692434,-0.183595],[0.0112652,0.914256,0.404981],[0.195895,-0.399176,0.895703]],[[0.996571,0.0229375,-0.0795033],[-0.0193687,0.998782,0.0453729],[0.0804472,-0.0436774,0.995801]],[[0.996571,0.0229375,-0.0795033],[-0.0305861,0.994876,-0.0963647],[0.0768855,0.098466,0.992166]],[[0.996571,0.0229375,-0.0795033],[-0.0381274,0.980026,-0.195179],[0.0734384,0.197541,0.97754]]],"btipPosition":[-15.5912,290.44,-72.9971],"carpPosition":[5.14262,265.252,74.6029],"dipPosition":[-14.3512,293.775,-56.4922],"direction":[-0.0768855,-0.098466,-0.992166],"extended":true,"handId":396,"id":3961,"length":58.114,"mcpPosition":[-9.09934,294.273,9.48351],"pipPosition":[-12.5148,296.127,-32.794],"stabilizedTipPosition":[-15.1375,289.979,-68.6709],"timeVisible":27.9198,"tipPosition":[-15.4203,289.689,-69.0225],"tipVelocity":[-31.3763,247.248,-111.607],"tool":false,"touchDistance":-0.278656,"touchZone":"touching","type":1,"width":19.1147},{"bases":[[[0.981627,-0.142203,-0.127225],[0.181176,0.903814,0.387678],[0.0598591,-0.403606,0.912973]],[[0.978203,-0.12495,-0.165849],[-0.0397318,0.671314,-0.740107],[0.203813,0.730565,0.651717]],[[0.978203,-0.12495,-0.165849],[-0.148106,0.139983,-0.979014],[0.145544,0.982238,0.118426]],[[0.978203,-0.12495,-0.165849],[-0.183086,-0.142161,-0.972764],[0.0979691,0.981926,-0.161939]]],"btipPosition":[-2.89356,215.047,-21.7556],"carpPosition":[16.8507,267.856,72.5528],"dipPosition":[-1.07423,233.282,-24.7628],"direction":[-0.145544,-0.982238,-0.118426],"extended":false,"handId":396,"id":3962,"length":66.2163,"mcpPosition":[12.7237,295.682,9.60766],"pipPosition":[3.01569,260.884,-21.4349],"stabilizedTipPosition":[-0.159454,213.449,-19.5953],"timeVisible":27.9198,"tipPosition":[-2.4124,219.006,-21.7665],"tipVelocity":[-68.6002,179.724,-160.123],"tool":false,"touchDistance":-0.350519,"touchZone":"touching","type":2,"width":18.7732},{"bases":[[[0.963267,-0.267773,-0.0203477],[0.252662,0.878018,0.406504],[-0.0909852,-0.396713,0.913422]],[[0.966987,-0.243532,-0.075018],[0.102751,0.642029,-0.759764],[0.233191,0.726974,0.645857]],[[0.966987,-0.243532,-0.075018],[-0.0487877,0.112013,-0.992508],[0.250111,0.963403,0.0964342]],[[0.966987,-0.243532,-0.075018],[-0.116663,-0.161359,-0.979976],[0.226551,0.956376,-0.184444]]],"btipPosition":[13.1283,215.697,-13.6722],"carpPosition":[28.8221,267.269,70.6206],"dipPosition":[17.3113,233.355,-17.0777],"direction":[-0.250111,-0.963403,-0.0964342],"extended":false,"handId":396,"id":3963,"length":63.6687,"mcpPosition":[34.4542,291.826,14.0786],"pipPosition":[24.1582,259.728,-14.4378],"stabilizedTipPosition":[16.2293,214.579,-12.3032],"timeVisible":27.9198,"tipPosition":[14.0794,219.795,-14.4474],"tipVelocity":[-69.2337,164.17,-150.142],"tool":false,"touchDistance":-0.330416,"touchZone":"touching","type":3,"width":17.8639},{"bases":[[[0.891185,-0.453257,0.0186231],[0.390372,0.78716,0.477482],[-0.231081,-0.418255,0.878444]],[[0.827923,-0.52699,0.191897],[0.483818,0.498053,-0.719627],[0.283661,0.688639,0.667317]],[[0.827923,-0.52699,0.191897],[0.22619,0.000652341,-0.974083],[0.513207,0.849871,0.11974]],[[0.827923,-0.52699,0.191897],[0.0734895,-0.237271,-0.96866],[0.556006,0.816078,-0.157714]]],"btipPosition":[24.2521,229.125,-5.14465],"carpPosition":[40.3126,259.549,68.1369],"dipPosition":[33.7228,243.026,-7.83108],"direction":[-0.513207,-0.849871,-0.11974],"extended":false,"handId":396,"id":3964,"length":49.9151,"mcpPosition":[53.5539,283.515,17.8008],"pipPosition":[43.6422,259.453,-5.51673],"stabilizedTipPosition":[28.8294,226.683,-4.56189],"timeVisible":27.9198,"tipPosition":[26.546,232.298,-5.90573],"tipVelocity":[-72.1199,152.028,-124.267],"tool":false,"touchDistance":-0.359467,"touchZone":"touching","type":4,"width":15.8681}],"r":[[0.91657,0.399852,0.0041468],[-0.392704,0.898134,0.197835],[0.0753801,-0.182958,0.980227]],"s":1.61826,"t":[61.1278,-62.708,-47.492],"timestamp":88441214661},false],[5,{"currentFrameRate":52.4511,"devices":[],"gestures":[],"hands":[{"armBasis":[[0.994262,-0.0389251,0.0996392],[0.0309382,0.996276,0.0804846],[-0.102401,-0.0769402,0.991763]],"armWidth":62.9686,"confidence":0.842139,"direction":[-0.0231831,0.552202,-0.833388],"elbow":[-2.86603,234.534,336.837],"grabStrength":0,"id":396,"palmNormal":[-0.0480842,-0.833263,-0.550781],"palmPosition":[15.4917,281.179,25.7403],"palmVelocity":[-41.7748,135.165,-123.74],"palmWidth":89.917,"pinchStrength":0.984119,"r":[[0.91953,0.392933,0.00825451],[-0.385821,0.898488,0.209433],[0.0748764,-0.195764,0.977788]],"s":1.62371,"sphereCenter":[24.3822,248.271,-15.2133],"sphereRadius":47.5371,"stabilizedPalmPosition":[18.9897,271.596,26.6936],"t":[60.3689,-60.2556,-49.7494],"timeVisible":27.9377,"type":"right","wrist":[24.4562,255.063,72.2184]}],"id":1398401,"interactionBox":{"center":[0,200,0],"size":[235.247,235.247,147.751]},"pointables":[{"bases":[[[0.440308,0.842059,0.311555],[-0.773095,0.179116,0.608475],[0.456567,-0.508777,0.729858]],[[0.218776,0.975731,-0.00926065],[-0.947675,0.214727,0.236229],[0.232484,-0.0429051,0.971653]],[[0.218776,0.975731,-0.00926065],[-0.966838,0.218044,0.132971],[0.131763,-0.0201373,0.991077]],[[0.218776,0.975731,-0.00926065],[-0.844963,0.184692,-0.501923],[-0.488031,0.117634,0.864863]]],"btipPosition":[-8.73109,245.146,-30.8752],"carpPosition":[-4.11032,245.072,70.4505],"dipPosition":[-20.0181,247.867,-10.873],"direction":[-0.131763,0.0201373,-0.991077],"extended":false,"handId":396,"id":3960,"length":51.5018,"mcpPosition":[-4.11032,245.072,70.4505],"pipPosition":[-15.5785,247.188,22.5199],"stabilizedTipPosition":[-9.98777,241.733,-23.8917],"timeVisible":27.9377,"tipPosition":[-10.9128,245.263,-26.0915],"tipVelocity":[-60.8927,202.569,-156.619],"tool":false,"touchDistance":-0.354235,"touchZone":"touching","type":0,"width":20.0112},{"bases":[[[0.980506,0.0657993,-0.185146],[0.0192909,0.905475,0.42396],[0.195542,-0.419267,0.886555]],[[0.996514,0.0170107,-0.0816739],[-0.0107957,0.997054,0.0759429],[0.0827251,-0.0747964,0.993762]],[[0.996514,0.0170107,-0.0816739],[-0.0223348,0.997653,-0.0647216],[0.0803813,0.0663201,0.994555]],[[0.996514,0.0170107,-0.0816739],[-0.0302358,0.986074,-0.163535],[0.0777546,0.165435,0.983151]]],"btipPosition":[-16.4286,296.074,-75.0851],"carpPosition":[4.53252,266.794,71.9151],"dipPosition":[-15.1158,298.867,-58.4855],"direction":[-0.0803813,-0.0663201,-0.994555],"extended":true,"handId":396,"id":3961,"length":58.114,"mcpPosition":[-9.68374,297.276,7.46078],"pipPosition":[-13.1959,300.451,-34.7301],"stabilizedTipPosition":[-15.9326,295.394,-70.7576],"timeVisible":27.9377,"tipPosition":[-16.2405,295.107,-71.1235],"tipVelocity":[-38.1765,275.592,-113.315],"tool":false,"touchDistance":-0.310116,"touchZone":"touching","type":1,"width":19.1147},{"bases":[[[0.980158,-0.146782,-0.133211],[0.189068,0.894139,0.405917],[0.0595279,-0.423048,0.90415]],[[0.976752,-0.128709,-0.171436],[-0.0368724,0.68692,-0.725797],[0.211179,0.715244,0.666205]],[[0.976752,-0.128709,-0.171436],[-0.149917,0.161522,-0.975415],[0.153235,0.97844,0.138471]],[[0.976752,-0.128709,-0.171436],[-0.186989,-0.120422,-0.974953],[0.10484,0.984344,-0.141689]]],"btipPosition":[-4.16237,218.677,-25.4459],"carpPosition":[16.2537,269.353,69.8835],"dipPosition":[-2.21545,236.957,-28.0771],"direction":[-0.153235,-0.97844,-0.138471],"extended":false,"handId":396,"id":3962,"length":66.2163,"mcpPosition":[12.1495,298.521,7.54672],"pipPosition":[2.09062,264.452,-24.1859],"stabilizedTipPosition":[-1.67212,217.463,-22.3422],"timeVisible":27.9377,"tipPosition":[-3.65175,222.632,-25.3772],"tipVelocity":[-68.8459,190.721,-179.425],"tool":false,"touchDistance":-0.397859,"touchZone":"touching","type":2,"width":18.7732},{"bases":[[[0.961175,-0.274421,-0.0289241],[0.260414,0.867426,0.423977],[-0.0912587,-0.415049,0.905211]],[[0.964859,-0.24977,-0.081622],[0.10415,0.648695,-0.753888],[0.241246,0.718895,0.651913]],[[0.964859,-0.24977,-0.081622],[-0.0532962,0.11815,-0.991565],[0.257306,0.96107,0.100686]],[[0.964859,-0.24977,-0.081622],[-0.12303,-0.154935,-0.980234],[0.232186,0.95583,-0.18022]]],"btipPosition":[11.8811,218.712,-16.3438],"carpPosition":[28.2146,268.719,67.9024],"dipPosition":[16.1681,236.36,-19.6713],"direction":[-0.257306,-0.96107,-0.100686],"extended":false,"handId":396,"id":3963,"length":63.6687,"mcpPosition":[33.8636,294.411,11.8687],"pipPosition":[23.2119,262.67,-16.915],"stabilizedTipPosition":[14.7046,218.294,-14.4826],"timeVisible":27.9377,"tipPosition":[12.8623,222.938,-17.4489],"tipVelocity":[-68.7546,165.99,-149.124],"tool":false,"touchDistance":-0.365514,"touchZone":"touching","type":3,"width":17.8639},{"bases":[[[0.887823,-0.46014,0.0063855],[0.397649,0.774085,0.492614],[-0.231614,-0.434815,0.870225]],[[0.82446,-0.537063,0.178408],[0.484862,0.507773,-0.712092],[0.291847,0.673595,0.67904]],[[0.82446,-0.537063,0.178408],[0.221355,0.0158987,-0.975064],[0.520834,0.843392,0.131989]],[[0.82446,-0.537063,0.178408],[0.0664772,-0.221162,-0.972969],[0.562002,0.814034,-0.146637]]],"btipPosition":[23.0741,232.178,-8.42329],"carpPosition":[39.6397,260.967,65.2223],"dipPosition":[32.647,246.044,-10.921],"direction":[-0.520834,-0.843392,-0.131989],"extended":false,"handId":396,"id":3964,"length":49.9151,"mcpPosition":[52.9116,285.882,15.3572],"pipPosition":[42.7138,262.345,-8.36993],"stabilizedTipPosition":[27.2896,230.447,-6.4841],"timeVisible":27.9377,"tipPosition":[25.4061,235.359,-9.20195],"tipVelocity":[-68.4623,160.429,-150.798],"tool":false,"touchDistance":-0.400382,"touchZone":"touching","type":4,"width":15.8681}],"r":[[0.91953,0.392933,0.00825451],[-0.385821,0.898488,0.209433],[0.0748764,-0.195764,0.977788]],"s":1.62371,"t":[60.3689,-60.2556,-49.7494],"timestamp":88441232593},false],[6,{"currentFrameRate":52.6715,"devices":[],"gestures":[],"hands":[{"armBasis":[[0.995568,-0.0434112,0.0834263],[0.0373214,0.996617,0.0732187],[-0.0863226,-0.0697806,0.99382]],"armWidth":62.9686,"confidence":0.827929,"direction":[-0.0225984,0.56277,-0.826305],"elbow":[0.810403,237.993,335.068],"grabStrength":0,"id":396,"palmNormal":[-0.0561119,-0.825927,-0.560978],"palmPosition":[14.8781,283.371,23.7906],"palmVelocity":[-37.9386,128.187,-115.851],"palmWidth":89.917,"pinchStrength":0.971882,"r":[[0.922413,0.386029,0.0117101],[-0.378875,0.898607,0.221268],[0.0748929,-0.208537,0.975143]],"s":1.63131,"sphereCenter":[23.3008,251.09,-17.6029],"sphereRadius":47.5696,"stabilizedPalmPosition":[17.6051,275.561,25.716],"t":[59.6827,-57.9333,-51.853],"timeVisible":27.9559,"type":"right","wrist":[23.8427,256.612,69.9013]}],"id":1398402,"interactionBox":{"center":[0,200,0],"size":[235.247,235.247,147.751]},"pointables":[{"bases":[[[0.447439,0.83499,0.320297],[-0.769407,0.176849,0.61379],[0.455864,-0.521072,0.721576]],[[0.226517,0.974002,0.00331157],[-0.94493,0.218929,0.243265],[0.236216,-0.058233,0.969954]],[[0.226517,0.974002,0.00331157],[-0.964267,0.223771,0.141832],[0.137404,-0.0353206,0.989885]],[[0.226517,0.974002,0.00331157],[-0.843636,0.197896,-0.499115],[-0.486794,0.110264,0.86653]]],"btipPosition":[-9.82358,248.355,-33.1165],"carpPosition":[-4.80008,246.843,68.1238],"dipPosition":[-21.082,250.906,-13.0757],"direction":[-0.137404,0.0353206,-0.989885],"extended":false,"handId":396,"id":3960,"length":51.5018,"mcpPosition":[-4.80008,246.843,68.1238],"pipPosition":[-16.4524,249.715,20.277],"stabilizedTipPosition":[-11.2888,245.6,-26.3676],"timeVisible":27.9559,"tipPosition":[-12.017,248.405,-28.3584],"tipVelocity":[-60.3288,189.087,-140.458],"tool":false,"touchDistance":-0.380632,"touchZone":"touching","type":0,"width":20.0112},{"bases":[[[0.980204,0.06128,-0.188268],[0.0273254,0.899925,0.435188],[0.196095,-0.431718,0.880435]],[[0.996357,0.0106655,-0.0846162],[-0.00223611,0.995075,0.099095],[0.0852564,-0.0985447,0.991474]],[[0.996357,0.0106655,-0.0846162],[-0.0140629,0.999114,-0.0396562],[0.0841183,0.0407017,0.995624]],[[0.996357,0.0106655,-0.0846162],[-0.0223023,0.990209,-0.137798],[0.0823181,0.139183,0.986839]]],"btipPosition":[-17.2744,300.733,-76.7205],"carpPosition":[4.00084,268.484,69.8254],"dipPosition":[-15.8845,303.083,-60.0586],"direction":[-0.0841183,-0.0407017,-0.995624],"extended":true,"handId":396,"id":3961,"length":58.114,"mcpPosition":[-10.2557,299.871,5.81601],"pipPosition":[-13.8753,304.055,-36.2778],"stabilizedTipPosition":[-16.7816,300.278,-72.5275],"timeVisible":27.9559,"tipPosition":[-17.0796,299.571,-72.7696],"tipVelocity":[-41.6853,263.655,-101.778],"tool":false,"touchDistance":-0.331754,"touchZone":"touching","type":1,"width":19.1147},{"bases":[[[0.978569,-0.151929,-0.138999],[0.196946,0.887632,0.416318],[0.0601288,-0.434771,0.898531]],[[0.97536,-0.134324,-0.175016],[-0.0349202,0.689293,-0.72364],[0.21784,0.711921,0.667618]],[[0.97536,-0.134324,-0.175016],[-0.152322,0.163862,-0.974652],[0.159598,0.977295,0.139364]],[[0.97536,-0.134324,-0.175016],[-0.191004,-0.117108,-0.974579],[0.110414,0.983993,-0.139879]]],"btipPosition":[-5.32548,221.316,-27.2893],"carpPosition":[15.7316,270.987,67.7788],"dipPosition":[-3.27505,239.589,-29.8869],"direction":[-0.159598,-0.977295,-0.139364],"extended":false,"handId":396,"id":3962,"length":66.2163,"mcpPosition":[11.586,300.963,5.82932],"pipPosition":[1.20982,267.052,-25.9707],"stabilizedTipPosition":[-3.0518,220.956,-24.7464],"timeVisible":27.9559,"tipPosition":[-4.83209,225.428,-27.5712],"tipVelocity":[-65.8876,168.917,-141.968],"tool":false,"touchDistance":-0.413942,"touchZone":"touching","type":2,"width":18.7732},{"bases":[[[0.959102,-0.280732,-0.0362431],[0.268173,0.860198,0.433755],[-0.0905925,-0.425734,0.900302]],[[0.962668,-0.256478,-0.0865472],[0.104521,0.647141,-0.755172],[0.249693,0.717933,0.649789]],[[0.962668,-0.256478,-0.0865472],[-0.0599265,0.109863,-0.992139],[0.26397,0.960286,0.0903922]],[[0.962668,-0.256478,-0.0865472],[-0.131591,-0.164016,-0.977641],[0.236548,0.952532,-0.191643]]],"btipPosition":[10.6692,221.074,-17.6143],"carpPosition":[27.6798,270.294,65.7415],"dipPosition":[15.0367,238.661,-21.1528],"direction":[-0.26397,-0.960286,-0.0903922],"extended":false,"handId":396,"id":3963,"length":63.6687,"mcpPosition":[33.2876,296.648,10.0117],"pipPosition":[22.263,264.949,-18.6782],"stabilizedTipPosition":[13.257,221.553,-16.3671],"timeVisible":27.9559,"tipPosition":[11.6707,225.422,-19.1624],"tipVelocity":[-67.2595,148.381,-112.569],"tool":false,"touchDistance":-0.377081,"touchZone":"touching","type":3,"width":17.8639},{"bases":[[[0.884588,-0.466364,-0.00296669],[0.40502,0.765047,0.500661],[-0.231221,-0.444081,0.865638]],[[0.82261,-0.543928,0.165695],[0.476635,0.500731,-0.722556],[0.31005,0.673358,0.671161]],[[0.82261,-0.543928,0.165695],[0.198499,0.00163587,-0.9801],[0.532832,0.839131,0.109315]],[[0.82261,-0.543928,0.165695],[0.0405715,-0.234514,-0.971266],[0.567156,0.805696,-0.170846]]],"btipPosition":[21.4956,234.472,-9.33847],"carpPosition":[39.0395,262.497,62.9184],"dipPosition":[31.1563,248.196,-12.2486],"direction":[-0.532832,-0.839131,-0.109315],"extended":false,"handId":396,"id":3964,"length":49.9151,"mcpPosition":[52.2888,287.944,13.3161],"pipPosition":[41.455,264.415,-10.1357],"stabilizedTipPosition":[25.6051,233.834