{"sensorType":"Leap","data":[[0,{"currentFrameRate":55.1207,"devices":[],"gestures":[{"center":[-26.0209,316.244,-100.591],"duration":36691,"handIds":[396],"id":10,"normal":[0.0945595,-0.0293488,0.995086],"pointableIds":[3961],"progress":0.897688,"radius":26.112,"state":"update","type":"circle"}],"hands":[{"armBasis":[[0.998225,0.0553708,0.0219077],[-0.0569984,0.994969,0.0823926],[-0.0172353,-0.0834951,0.996359]],"armWidth":62.9686,"confidence":0.452694,"direction":[-0.216078,0.581815,-0.784093],"elbow":[22.8608,209.541,307.681],"grabStrength":0,"id":396,"palmNormal":[-0.0668006,-0.809992,-0.582623],"palmPosition":[8.306,258.855,-0.881686],"palmVelocity":[30.8364,-138.833,15.8348],"palmWidth":89.917,"pinchStrength":0.403243,"r":[[0.858298,0.507313,-0.0771921],[-0.429457,0.792474,0.433072],[0.280876,-0.338554,0.898048]],"s":2.04306,"sphereCenter":[-3.79496,232.925,-37.4396],"sphereRadius":44.4217,"stabilizedPalmPosition":[7.29088,264.283,-2.06385],"t":[51.8808,-77.6428,-78.9103],"timeVisible":41.2515,"type":"right","wrist":[27.4594,231.819,41.8361]}],"id":1399126,"interactionBox":{"center":[0,200,0],"size":[235.247,235.247,147.751]},"pointables":[{"bases":[[[0.409555,0.867592,0.282045],[-0.669739,0.0760146,0.738696],[0.619447,-0.491433,0.612192]],[[0.262063,0.954939,0.139333],[-0.830715,0.14974,0.536181],[0.491157,-0.256259,0.832524]],[[0.262063,0.954939,0.139333],[-0.896234,0.187282,0.402107],[0.357893,-0.230252,0.904929]],[[0.262063,0.954939,0.139333],[-0.762155,0.293362,-0.577112],[-0.591982,0.0450467,0.804691]]],"btipPosition":[-22.5605,238.493,-45.8733],"carpPosition":[0.0352903,219.136,44.2951],"dipPosition":[-36.2516,239.535,-27.2627],"direction":[-0.357893,0.230252,-0.904929],"extended":false,"handId":396,"id":3960,"length":51.5018,"mcpPosition":[0.0352903,219.136,44.2951],"pipPosition":[-24.193,231.777,3.22755],"stabilizedTipPosition":[-25.8137,239.267,-41.7362],"timeVisible":41.2515,"tipPosition":[-25.3331,238.381,-41.8315],"tipVelocity":[23.758,-168.935,42.5361],"tool":false,"touchDistance":-0.0459178,"touchZone":"touching","type":0,"width":20.0112},{"bases":[[[0.92398,0.170158,-0.342501],[0.0102023,0.884281,0.466843],[0.382305,-0.434848,0.815322]],[[0.916467,0.178478,-0.358097],[-0.114059,0.9744,0.19374],[0.383508,-0.136712,0.913363]],[[0.916467,0.178478,-0.358097],[-0.211469,0.975845,-0.0548373],[0.33966,0.125983,0.932073]],[[0.916467,0.178478,-0.358097],[-0.272398,0.933873,-0.231692],[0.293065,0.309883,0.904481]]],"btipPosition":[-50.3326,270.703,-90.0303],"carpPosition":[6.80491,241.525,45.557],"dipPosition":[-45.3844,275.935,-74.759],"direction":[-0.33966,-0.125983,-0.932073],"extended":true,"handId":396,"id":3961,"length":58.114,"mcpPosition":[-20.9894,273.14,-13.7186],"pipPosition":[-37.2715,278.944,-52.4961],"stabilizedTipPosition":[-49.1665,272.159,-86.5671],"timeVisible":41.2515,"tipPosition":[-49.7777,273.972,-86.1332],"tipVelocity":[-17.809,-222.38,40.6501],"tool":false,"touchDistance":-0.177313,"touchZone":"touching","type":1,"width":19.1147},{"bases":[[[0.951768,-0.0434141,-0.303733],[0.174656,0.890556,0.420005],[0.252257,-0.452796,0.855185]],[[0.942069,-0.0270843,-0.334324],[-0.260518,0.568742,-0.780169],[0.211275,0.82207,0.528738]],[[0.942069,-0.0270843,-0.334324],[-0.272893,-0.641435,-0.717001],[-0.195028,0.766699,-0.611667]],[[0.942069,-0.0270843,-0.334324],[-0.129177,-0.949149,-0.287106],[-0.309548,0.31366,-0.897662]]],"btipPosition":[1.49521,210.006,-8.5424],"carpPosition":[17.7216,245.314,41.745],"dipPosition":[-4.25321,215.83,-25.2123],"direction":[0.195028,-0.766699,0.611667],"extended":false,"handId":396,"id":3962,"length":66.2163,"mcpPosition":[0.329725,276.532,-17.216],"pipPosition":[-9.7337,237.375,-42.4008],"stabilizedTipPosition":[-0.675113,216.035,-13.4876],"timeVisible":41.2515,"tipPosition":[0.26512,211.92,-11.9855],"tipVelocity":[30.177,-164.033,13.0181],"tool":false,"touchDistance":0.333333,"touchZone":"none","type":2,"width":18.7732},{"bases":[[[0.962623,-0.176583,-0.205366],[0.250162,0.870291,0.424279],[0.103808,-0.459796,0.881936]],[[0.963734,-0.181764,-0.195394],[-0.065776,0.547805,-0.834016],[0.258632,0.816622,0.515982]],[[0.963734,-0.181764,-0.195394],[-0.26681,-0.671181,-0.691613],[-0.00543432,0.718664,-0.695336]],[[0.963734,-0.181764,-0.195394],[-0.222764,-0.9511,-0.213974],[-0.146947,0.24974,-0.957098]]],"btipPosition":[14.1873,214.07,-2.91237],"carpPosition":[29.1705,245.949,37.7561],"dipPosition":[11.4741,218.681,-20.5839],"direction":[0.00543432,-0.718664,0.695336],"extended":false,"handId":396,"id":3963,"length":63.6687,"mcpPosition":[22.7446,274.411,-16.8369],"pipPosition":[11.3253,238.355,-39.619],"stabilizedTipPosition":[12.168,220.718,-9.09355],"timeVisible":41.2515,"tipPosition":[13.5541,215.551,-6.93238],"tipVelocity":[40.9606,-141.808,32.4729],"tool":false,"touchDistance":0.333333,"touchZone":"none","type":3,"width":17.8639},{"bases":[[[0.913513,-0.369966,-0.169173],[0.405021,0.788167,0.463411],[-0.03811,-0.491851,0.869845]],[[0.899072,-0.435466,-0.0451509],[0.208056,0.51573,-0.831105],[0.385203,0.737829,0.55428]],[[0.899072,-0.435466,-0.0451509],[-0.330906,-0.608404,-0.72135],[0.286653,0.663487,-0.691097]],[[0.899072,-0.435466,-0.0451509],[-0.433068,-0.869488,-0.237579],[0.0641992,0.233154,-0.970318]]],"btipPosition":[22.7057,225.092,-6.57181],"carpPosition":[40.6158,239.485,32.7537],"dipPosition":[23.7992,229.063,-23.0998],"direction":[-0.286653,-0.663487,0.691097],"extended":false,"handId":396,"id":3964,"length":49.9151,"mcpPosition":[42.7996,267.668,-17.0896],"pipPosition":[29.3397,241.887,-36.4574],"stabilizedTipPosition":[21.7766,231.26,-11.7202],"timeVisible":41.2515,"tipPosition":[23.1013,226.403,-10.2819],"tipVelocity":[35.3308,-140.143,20.0053],"tool":false,"touchDistance":0.333333,"touchZone":"none","type":4,"width":15.8681}],"r":[[0.858298,0.507313,-0.0771921],[-0.429457,0.792474,0.433072],[0.280876,-0.338554,0.898048]],"s":2.04306,"t":[51.8808,-77.6428,-78.9103],"timestamp":88454546372},false],[1,{"currentFrameRate":55.107,"devices":[],"gestures":[{"center":[-26.0209,316.244,-100.591],"duration":36691,"handIds":[396],"id":10,"normal":[0.0945595,-0.0293488,0.995086],"pointableIds":[3961],"progress":0.897688,"radius":26.112,"state":"update","type":"circle"}],"hands":[{"armBasis":[[0.998203,0.0540662,0.025835],[-0.0560037,0.995113,0.0813304],[-0.0213115,-0.0826311,0.996352]],"armWidth":62.9686,"confidence":0.470245,"direction":[-0.221609,0.571508,-0.790106],"elbow":[22.4784,208.865,308.148],"grabStrength":0.465201,"id":396,"palmNormal":[-0.0683807,-0.817366,-0.572047],"palmPosition":[8.71947,257.373,-0.640455],"palmVelocity":[26.9643,-111.442,14.605],"palmWidth":89.917,"pinchStrength":0.745988,"r":[[0.854586,0.511518,-0.0896234],[-0.428909,0.792529,0.433515],[0.29278,-0.332036,0.896678]],"s":1.98555,"sphereCenter":[6.0374,229.48,-37.3765],"sphereRadius":40.7863,"stabilizedPalmPosition":[7.88183,261.424,-1.47505],"t":[52.3593,-79.6259,-78.6489],"timeVisible":41.2697,"type":"right","wrist":[28.1646,230.913,42.3054]}],"id":1399127,"interactionBox":{"center":[0,200,0],"size":[235.247,235.247,147.751]},"pointables":[{"bases":[[[0.409345,0.871865,0.268864],[-0.665785,0.0839551,0.741406],[0.623833,-0.482496,0.614841]],[[0.260831,0.957147,0.125842],[-0.82809,0.154824,0.538792],[0.49622,-0.244742,0.832987]],[[0.260831,0.957147,0.125842],[-0.899255,0.193475,0.392312],[0.351153,-0.215491,0.911183]],[[0.260831,0.957147,0.125842],[-0.757791,0.283755,-0.587568],[-0.598097,0.0578943,0.79933]]],"btipPosition":[-21.6966,236.202,-45.2021],"carpPosition":[0.780427,218.207,45.0759],"dipPosition":[-35.5292,237.541,-26.7155],"direction":[-0.351153,0.215491,-0.911183],"extended":false,"handId":396,"id":3960,"length":51.5018,"mcpPosition":[0.780427,218.207,45.0759],"pipPosition":[-23.6976,230.28,3.98548],"stabilizedTipPosition":[-24.9804,236.811,-41.0361],"timeVisible":41.2697,"tipPosition":[-24.7645,236.255,-41.131],"tipVelocity":[34.2308,-146.611,39.0932],"tool":false,"touchDistance":-0.0464688,"touchZone":"touching","type":0,"width":20.0112},{"bases":[[[0.921717,0.167667,-0.34975],[0.0109897,0.890085,0.455662],[0.387706,-0.423835,0.818564]],[[0.917521,0.172188,-0.358479],[-0.241145,0.957672,-0.157208],[0.316236,0.230687,0.920206]],[[0.917521,0.172188,-0.358479],[-0.384841,0.61169,-0.691182],[0.100265,0.772131,0.627503]],[[0.917521,0.172188,-0.358479],[-0.396562,0.328353,-0.857276],[-0.0299048,0.928728,0.369554]]],"btipPosition":[-35.9917,227.52,-73.7877],"carpPosition":[7.51131,240.624,46.0194],"dipPosition":[-36.4966,243.201,-67.5481],"direction":[-0.100265,-0.772131,-0.627503],"extended":false,"handId":396,"id":3961,"length":58.114,"mcpPosition":[-20.6757,271.438,-13.4919],"pipPosition":[-34.1018,261.644,-52.5599],"stabilizedTipPosition":[-36.8523,233.466,-73.1629],"timeVisible":41.2697,"tipPosition":[-31.4431,229.519,-60.7014],"tipVelocity":[334.077,-1186.23,392.933],"tool":false,"touchDistance":0.108776,"touchZone":"hovering","type":1,"width":19.1147},{"bases":[[[0.950155,-0.0453469,-0.308463],[0.175168,0.896096,0.407833],[0.257919,-0.441538,0.859373]],[[0.940211,-0.0293579,-0.339324],[-0.265675,0.560185,-0.784608],[0.213119,0.827847,0.518893]],[[0.940211,-0.0293579,-0.339324],[-0.277045,-0.645431,-0.711804],[-0.198113,0.763254,-0.614975]],[[0.940211,-0.0293579,-0.339324],[-0.131527,-0.95029,-0.282223],[-0.31417,0.30998,-0.897335]]],"btipPosition":[1.8669,208.192,-7.92089],"carpPosition":[18.399,244.386,42.0994],"dipPosition":[-3.96737,213.948,-24.5847],"direction":[0.198113,-0.763254,0.614975],"extended":false,"handId":396,"id":3962,"length":66.2163,"mcpPosition":[0.616708,274.828,-17.1503],"pipPosition":[-9.53456,235.396,-41.8662],"stabilizedTipPosition":[-0.0783796,212.794,-12.6254],"timeVisible":41.2697,"tipPosition":[0.643519,210.116,-11.3122],"tipVelocity":[25.0053,-133.735,23.1479],"tool":false,"touchDistance":0.333333,"touchZone":"none","type":2,"width":18.7732},{"bases":[[[0.961827,-0.17725,-0.208498],[0.250737,0.876034,0.41194],[0.109635,-0.448493,0.887037]],[[0.962998,-0.182276,-0.198523],[-0.0716223,0.537036,-0.840514],[0.259819,0.823631,0.504109]],[[0.962998,-0.182276,-0.198523],[-0.269297,-0.68007,-0.681897],[-0.0107157,0.710127,-0.703992]],[[0.962998,-0.182276,-0.198523],[-0.222094,-0.953996,-0.201413],[-0.152677,0.23805,-0.959178]]],"btipPosition":[14.6783,212.555,-2.14542],"carpPosition":[29.8242,244.994,38.0391],"dipPosition":[11.8593,216.951,-19.8554],"direction":[0.0107157,-0.710127,0.703992],"extended":false,"handId":396,"id":3963,"length":63.6687,"mcpPosition":[23.0377,272.756,-16.8696],"pipPosition":[11.5659,236.391,-39.1274],"stabilizedTipPosition":[12.9345,217.773,-7.90999],"timeVisible":41.2697,"tipPosition":[14.0211,213.986,-6.17944],"tipVelocity":[33.6507,-115.162,36.8629],"tool":false,"touchDistance":0.333333,"touchZone":"none","type":3,"width":17.8639},{"bases":[[[0.913312,-0.370261,-0.169611],[0.405979,0.794713,0.451234],[-0.0322822,-0.480976,0.876139]],[[0.899747,-0.434086,-0.0449974],[0.202202,0.50603,-0.83848],[0.386742,0.745321,0.543072]],[[0.899747,-0.434086,-0.0449974],[-0.333357,-0.617073,-0.712807],[0.281653,0.656346,-0.699915]],[[0.899747,-0.434086,-0.0449974],[-0.432429,-0.872884,-0.226005],[0.0588283,0.222806,-0.973086]]],"btipPosition":[23.1451,223.526,-6.02248],"carpPosition":[41.2548,238.49,33.0545],"dipPosition":[24.1471,227.321,-22.5976],"direction":[-0.281653,-0.656346,0.699915],"extended":false,"handId":396,"id":3964,"length":49.9151,"mcpPosition":[43.1046,266.05,-17.1495],"pipPosition":[29.591,240.007,-36.1256],"stabilizedTipPosition":[22.4518,228.362,-10.924],"timeVisible":41.2697,"tipPosition":[23.5184,224.8,-9.73926],"tipVelocity":[29.4408,-115.384,24.5842],"tool":false,"touchDistance":0.333333,"touchZone":"none","type":4,"width":15.8681}],"r":[[0.854586,0.511518,-0.0896234],[-0.428909,0.792529,0.433515],[0.29278,-0.332036,0.896678]],"s":1.98555,"t":[52.3593,-79.6259,-78.6489],"timestamp":88454564566},false],[2,{"currentFrameRate":55.2005,"devices":[],"gestures":[],"hands":[{"armBasis":[[0.996762,0.0556043,0.0580874],[-0.0600803,0.995111,0.0783877],[-0.0534448,-0.0816238,0.995229]],"armWidth":62.9686,"confidence":0.495315,"direction":[-0.239695,0.524888,-0.816724],"elbow":[15.1228,208.564,308.419],"grabStrength":0.742292,"id":396,"palmNormal":[-0.0603979,-0.847681,-0.527057],"palmPosition":[9.03484,254.153,-1.18758],"palmVelocity":[22.6234,-144.108,-6.70546],"palmWidth":89.917,"pinchStrength":0.96117,"r":[[0.849509,0.516624,-0.106929],[-0.430219,0.79568,0.426386],[0.305362,-0.316216,0.898199]],"s":1.91011,"sphereCenter":[6.97259,225.334,-35.4692],"sphereRadius":38.5467,"stabilizedPalmPosition":[8.38163,258.272,-1.35043],"t":[52.7562,-82.2273,-78.7918],"timeVisible":41.2875,"type":"right","wrist":[29.3827,230.342,42.8761]}],"id":1399128,"interactionBox":{"center":[0,200,0],"size":[235.247,235.247,147.751]},"pointables":[{"bases":[[[0.397159,0.891598,0.217527],[-0.659264,0.112277,0.743482],[0.638463,-0.438688,0.63239]],[[0.245468,0.966752,0.0716686],[-0.825615,0.169741,0.538097],[0.508041,-0.191256,0.839831]],[[0.245468,0.966752,0.0716686],[-0.903967,0.201569,0.377113],[0.350129,-0.157355,0.92339]],[[0.245468,0.966752,0.0716686],[-0.761847,0.238099,-0.602411],[-0.599446,0.0932718,0.794962]]],"btipPosition":[-20.7435,229.93,-44.2957],"carpPosition":[2.25099,217.351,46.6301],"dipPosition":[-34.6072,232.087,-25.9101],"direction":[-0.350129,0.157355,-0.92339],"extended":false,"handId":396,"id":3960,"length":51.5018,"mcpPosition":[2.25099,217.351,46.6301],"pipPosition":[-22.8101,226.785,5.20213],"stabilizedTipPosition":[-24.0202,230.963,-40.1485],"timeVisible":41.2875,"tipPosition":[-24.0772,230.267,-40.1578],"tipVelocity":[43.1283,-238.38,44.0469],"tool":false,"touchDistance":-0.0665219,"touchZone":"touching","type":0,"width":20.0112},{"bases":[[[0.914967,0.164041,-0.368682],[0.000544236,0.913141,0.407643],[0.403529,-0.37318,0.835405]],[[0.911893,0.166855,-0.374981],[-0.306729,0.88411,-0.352515],[0.272705,0.436473,0.857393]],[[0.911893,0.166855,-0.374981],[-0.4086,0.282946,-0.867748],[-0.0386886,0.944511,0.326193]],[[0.911893,0.166855,-0.374981],[-0.353701,-0.143977,-0.924211],[-0.208198,0.975413,-0.0722753]]],"btipPosition":[-27.8696,209.466,-57.4019],"carpPosition":[8.60634,239.894,46.3059],"dipPosition":[-31.3849,225.935,-58.6222],"direction":[0.0386886,-0.944511,-0.326193],"extended":false,"handId":396,"id":3961,"length":58.114,"mcpPosition":[-20.7311,267.025,-14.4297],"pipPosition":[-32.309,248.495,-50.831],"stabilizedTipPosition":[-29.4019,215.043,-59.0533],"timeVisible":41.2875,"tipPosition":[-25.5505,212.337,-50.3588],"tipVelocity":[373.314,-1100.88,595.717],"tool":false,"touchDistance":0.351281,"touchZone":"hovering","type":1,"width":19.1147},{"bases":[[[0.947484,-0.045973,-0.316481],[0.164082,0.919314,0.357686],[0.274502,-0.390831,0.878578]],[[0.936924,-0.0317919,-0.348085],[-0.28307,0.515193,-0.80898],[0.20505,0.856485,0.473697]],[[0.936924,-0.0317919,-0.348085],[-0.274965,-0.681862,-0.677834],[-0.215796,0.73079,-0.647594]],[[0.936924,-0.0317919,-0.348085],[-0.120834,-0.963915,-0.237206],[-0.327983,0.264304,-0.906957]]],"btipPosition":[2.84833,204.328,-6.02887],"carpPosition":[19.386,243.622,42.0674],"dipPosition":[-3.24245,209.236,-22.8714],"direction":[0.215796,-0.73079,0.647594],"extended":false,"handId":396,"id":3962,"length":66.2163,"mcpPosition":[0.460376,270.568,-18.5064],"pipPosition":[-9.30656,229.772,-41.0695],"stabilizedTipPosition":[0.693797,209.081,-11.2475],"timeVisible":41.2875,"tipPosition":[1.58592,206.101,-9.43926],"tipVelocity":[37.6161,-178.08,61.151],"tool":false,"touchDistance":0.333333,"touchZone":"none","type":2,"width":18.7732},{"bases":[[[0.962469,-0.172156,-0.209799],[0.240023,0.900753,0.361986],[0.126659,-0.398757,0.908268]],[[0.9638,-0.176519,-0.199826],[-0.0885071,0.495154,-0.864285],[0.251507,0.850684,0.461606]],[[0.9638,-0.176519,-0.199826],[-0.265196,-0.712169,-0.64999],[-0.0275748,0.679454,-0.7332]],[[0.9638,-0.176519,-0.199826],[-0.209702,-0.964711,-0.159243],[-0.164665,0.195383,-0.966805]]],"btipPosition":[15.6057,209.118,-0.831688],"carpPosition":[30.7556,244.202,37.8501],"dipPosition":[12.5654,212.725,-18.6824],"direction":[0.0275748,-0.679453,0.7332],"extended":false,"handId":396,"id":3963,"length":63.6687,"mcpPosition":[22.9153,268.885,-18.3729],"pipPosition":[11.8105,231.325,-38.754],"stabilizedTipPosition":[13.7644,214.48,-6.65903],"timeVisible":41.2875,"tipPosition":[14.9398,210.427,-4.76519],"tipVelocity":[40.9879,-156.62,53.3806],"tool":false,"touchDistance":0.333333,"touchZone":"none","type":3,"width":17.8639},{"bases":[[[0.917682,-0.363599,-0.160174],[0.397041,0.824219,0.40376],[-0.0147877,-0.434119,0.900734]],[[0.90658,-0.420778,-0.0325335],[0.18454,0.464561,-0.866099],[0.379549,0.779185,0.498812]],[[0.90658,-0.420778,-0.0325335],[-0.329819,-0.658288,-0.676665],[0.26331,0.624181,-0.735572]],[[0.90658,-0.420778,-0.0325335],[-0.419584,-0.890341,-0.176752],[0.0454076,0.173891,-0.983718]]],"btipPosition":[23.965,220.255,-4.98252],"carpPosition":[42.2427,237.632,33.087],"dipPosition":[24.7385,223.216,-21.7387],"direction":[-0.26331,-0.624181,0.735572],"extended":false,"handId":396,"id":3964,"length":49.9151,"mcpPosition":[43.0901,262.507,-18.5263],"pipPosition":[29.8278,235.281,-35.9559],"stabilizedTipPosition":[23.1861,225.138,-10.0176],"timeVisible":41.2875,"tipPosition":[24.2798,221.347,-8.74806],"tipVelocity":[35.8729,-152.624,39.3968],"tool":false,"touchDistance":0.333333,"touchZone":"none","type":4,"width":15.8681}],"r":[[0.849509,0.516624,-0.106929],[-0.430219,0.79568,0.426386],[0.305362,-0.316216,0.898199]],"s":1.91011,"t":[52.7562,-82.2273,-78.7918],"timestamp":88454582358},false],[3,{"currentFrameRate":55.2028,"devices":[],"gestures":[],"hands":[{"armBasis":[[0.994811,0.0631514,0.0797723],[-0.0683539,0.995589,0.0642625],[-0.0753622,-0.0693818,0.99474]],"armWidth":62.9686,"confidence":0.498562,"direction":[-0.254068,0.442388,-0.860083],"elbow":[9.96913,211.126,308.935],"grabStrength":0.895811,"id":396,"palmNormal":[-0.0370507,-0.893062,-0.448406],"palmPosition":[9.08059,248.814,-2.45629],"palmVelocity":[13.0619,-215.826,-36.8515],"palmWidth":89.917,"pinchStrength":1,"r":[[0.842295,0.522984,-0.130487],[-0.43571,0.803128,0.406376],[0.317326,-0.285434,0.904341]],"s":1.8373,"sphereCenter":[7.92214,217.474,-33.6547],"sphereRadius":37.5687,"stabilizedPalmPosition":[8.7388,253.439,-1.91553],"t":[52.9776,-86.1974,-79.4976],"timeVisible":41.3056,"type":"right","wrist":[30.077,229.638,43.5221]}],"id":1399129,"interactionBox":{"center":[0,200,0],"size":[235.247,235.247,147.751]},"pointables":[{"bases":[[[0.37247,0.918123,0.135337],[-0.662091,0.160701,0.731991],[0.650309,-0.36225,0.667737]],[[0.218934,0.975606,-0.0161564],[-0.829715,0.194857,0.523071],[0.51346,-0.101113,0.852136]],[[0.218934,0.975606,-0.0161564],[-0.912059,0.210502,0.351905],[0.346722,-0.0623086,0.935896]],[[0.218934,0.975606,-0.0161564],[-0.765446,0.161457,-0.622916],[-0.605112,0.148745,0.782122]]],"btipPosition":[-19.7027,219.946,-43.1584],"carpPosition":[3.31323,216.299,48.4988],"dipPosition":[-33.6975,223.386,-25.0698],"direction":[-0.346722,0.0623086,-0.935896],"extended":false,"handId":396,"id":3960,"length":51.5018,"mcpPosition":[3.31323,216.299,48.4988],"pipPosition":[-22.0152,221.286,6.46385],"stabilizedTipPosition":[-22.9826,221.305,-39.062],"timeVisible":41.3056,"tipPosition":[-23.1599,220.599,-39.0474],"tipVelocity":[49.1639,-379.557,51.1797],"tool":false,"touchDistance":-0.114234,"touchZone":"touching","type":0,"width":20.0112},{"bases":[[[0.910098,0.155172,-0.384245],[-0.0245844,0.94583,0.32373],[0.413664,-0.28518,0.864612]],[[0.908099,0.15654,-0.388396],[-0.351515,0.789029,-0.503855],[0.227582,0.594077,0.771543]],[[0.908099,0.15654,-0.388396],[-0.397934,0.0337623,-0.916793],[-0.130402,0.987094,0.0929522]],[[0.908099,0.15654,-0.388396],[-0.293041,-0.425002,-0.856446],[-0.299137,0.891554,-0.340072]]],"btipPosition":[-22.5254,195.768,-45.9645],"carpPosition":[9.04561,238.887,46.1294],"dipPosition":[-27.5761,210.821,-51.7063],"direction":[0.130402,-0.987094,-0.0929522],"extended":false,"handId":396,"id":3961,"length":58.114,"mcpPosition":[-21.0286,259.62,-16.7297],"pipPosition":[-30.6908,234.398,-49.4861],"stabilizedTipPosition":[-24.3965,201.193,-48.7459],"timeVisible":41.3056,"tipPosition":[-22.5834,199.691,-44.444],"tipVelocity":[326.846,-945.583,585.491],"tool":false,"touchDistance":0.505448,"touchZone":"hovering","type":1,"width":19.1147},{"bases":[[[0.948385,-0.0483137,-0.31342],[0.13872,0.951956,0.273013],[0.285172,-0.302399,0.909523]],[[0.937422,-0.0373184,-0.346189],[-0.296188,0.43726,-0.849162],[0.183064,0.898561,0.398844]],[[0.937422,-0.0373184,-0.346189],[-0.259229,-0.738584,-0.62233],[-0.232465,0.673128,-0.702039]],[[0.937422,-0.0373184,-0.346189],[-0.0991755,-0.981674,-0.162729],[-0.333772,0.186879,-0.923944]]],"btipPosition":[4.0683,198.175,-3.27352],"carpPosition":[19.7185,242.512,41.5454],"dipPosition":[-2.12998,201.645,-20.4315],"direction":[0.232465,-0.673128,0.702039],"extended":false,"handId":396,"id":3962,"length":66.2163,"mcpPosition":[0.0571972,263.361,-21.1618],"pipPosition":[-8.6625,220.561,-40.1596],"stabilizedTipPosition":[1.84081,203.132,-8.87706],"timeVisible":41.3056,"tipPosition":[2.81678,199.72,-6.69451],"tipVelocity":[51.1252,-263.729,102.549],"tool":false,"touchDistance":0.333333,"touchZone":"none","type":2,"width":18.7732},{"bases":[[[0.966839,-0.163912,-0.195843],[0.215144,0.935947,0.278777],[0.137604,-0.311667,0.940175]],[[0.96827,-0.167271,-0.185668],[-0.101755,0.41469,-0.904255],[0.228251,0.894456,0.384512]],[[0.96827,-0.167271,-0.185668],[-0.24585,-0.770874,-0.587631],[-0.0448333,0.614632,-0.787539]],[[0.96827,-0.167271,-0.185668],[-0.184304,-0.979729,-0.0785047],[-0.168773,0.110233,-0.979471]]],"btipPosition":[16.8155,203.959,1.73313],"carpPosition":[31.0678,243.02,37.2647],"dipPosition":[13.6993,205.995,-16.3515],"direction":[0.0448333,-0.614632,0.787539],"extended":false,"handId":396,"id":3963,"length":63.6687,"mcpPosition":[22.5499,262.313,-20.9334],"pipPosition":[12.472,222.82,-37.9106],"stabilizedTipPosition":[14.8917,209.625,-4.61491],"timeVisible":41.3056,"tipPosition":[16.1422,204.957,-2.23655],"tipVelocity":[52.8162,-227.146,93.9624],"tool":false,"touchDistance":0.333333,"touchZone":"none","type":3,"width":17.8639},{"bases":[[[0.92734,-0.351259,-0.129064],[0.374209,0.867822,0.326882],[-0.00281574,-0.351428,0.936211]],[[0.917866,-0.39688,0.00289849],[0.172257,0.391778,-0.903791],[0.357561,0.830058,0.427964]],[[0.917866,-0.39688,0.00289849],[-0.310217,-0.721956,-0.618503],[0.247564,0.566804,-0.785777]],[[0.917866,-0.39688,0.00289849],[-0.394571,-0.913265,-0.101291],[0.0428476,0.0918281,-0.994853]]],"btipPosition":[24.8838,214.979,-3.38267],"carpPosition":[42.7313,236.365,33.0841],"dipPosition":[25.6137,216.543,-20.3285],"direction":[-0.247564,-0.566804,0.785777],"extended":false,"handId":396,"id":3964,"length":49.9151,"mcpPosition":[42.8926,256.502,-20.5621],"pipPosition":[30.3987,227.498,-35.5161],"stabilizedTipPosition":[24.1457,220.098,-8.60962],"timeVisible":41.3056,"tipPosition":[25.1869,215.783,-7.17468],"tipVelocity":[42.6845,-227.078,61.5435],"tool":false,"touchDistance":0.333333,"touchZone":"none","type":4,"width":15.8681}],"r":[[0.842295,0.522984,-0.130487],[-0.43571,0.803128,0.406376],[0.317326,-0.285434,0.904341]],"s":1.8373,"t":[52.9776,-86.1974,-79.4976],"timestamp":88454600465},false],[4,{"currentFrameRate":52.1482,"devices":[],"gestures":[],"hands":[{"armBasis":[[0.999635,0.0256622,-0.0084345],[-0.0256851,0.999667,-0.00261964],[0.00836446,0.00283533,0.999961]],"armWidth":62.9686,"confidence":0.476255,"direction":[-0.0609825,0.508448,-0.85893],"elbow":[24.1451,217.7,300.934],"grabStrength":1,"id":396,"palmNormal":[-0.00645425,-0.860715,-0.509047],"palmPosition":[11.1129,240.209,-13.46],"palmVelocity":[10.0704,285.056,-62.4978],"palmWidth":89.917,"pinchStrength":0.752515,"r":[[0.822674,0.524325,-0.219751],[-0.510742,0.851403,0.119396],[0.249699,0.0140123,0.968222]],"s":1.39076,"sphereCenter":[18.9695,211.109,-46.5004],"sphereRadius":36.8007,"stabilizedPalmPosition":[11.0207,234.841,-12.3341],"t":[55.0606,-104.032,-90.0371],"timeVisible":41.8841,"type":"right","wrist":[21.9133,216.943,34.1283]}],"id":1399160,"interactionBox":{"center":[0,200,0],"size":[235.247,235.247,147.751]},"pointables":[{"bases":[[[0.395513,0.879322,0.265258],[-0.776594,0.165973,0.607746],[0.490379,-0.446369,0.74852]],[[0.262176,0.962315,0.0722116],[-0.904484,0.218955,0.366016],[0.336412,-0.161275,0.927803]],[[0.262176,0.962315,0.0722116],[-0.965,0.261915,0.013224],[-0.00618771,-0.0731512,0.997302]],[[0.262176,0.962315,0.0722116],[-0.915803,0.271699,-0.295777],[-0.30425,0.011414,0.952524]]],"btipPosition":[-15.418,215.476,-68.2285],"carpPosition":[-6.06821,205.319,33.1712],"dipPosition":[-22.4545,215.74,-46.199],"direction":[0.00618771,0.0731512,-0.997302],"extended":false,"handId":396,"id":3960,"length":51.5018,"mcpPosition":[-6.06821,205.319,33.1712],"pipPosition":[-22.663,213.275,-12.5963],"stabilizedTipPosition":[-16.9571,211.439,-61.1664],"timeVisible":41.8841,"tipPosition":[-16.4151,215.422,-62.1185],"tipVelocity":[-12.849,568.661,-283.003],"tool":false,"touchDistance":-0.596788,"touchZone":"touching","type":0,"width":20.0112},{"bases":[[[0.973709,0.110507,-0.199195],[-0.0273947,0.92491,0.379198],[0.226141,-0.363772,0.903621]],[[0.971744,0.113607,-0.206898],[-0.23039,0.647112,-0.726751],[0.0513225,0.753883,0.655001]],[[0.971744,0.113607,-0.206898],[-0.116094,-0.533156,-0.838014],[-0.205513,0.838354,-0.504902]],[[0.971744,0.113607,-0.206898],[0.0227706,-0.917582,-0.396893],[-0.234936,0.380967,-0.894242]]],"btipPosition":[-8.37749,195.514,-32.865],"carpPosition":[1.3669,227.531,33.4803],"dipPosition":[-12.3442,201.946,-47.9635],"direction":[0.205513,-0.838354,0.504902],"extended":false,"handId":396,"id":3961,"length":58.114,"mcpPosition":[-15.074,253.977,-32.2147],"pipPosition":[-17.2529,221.971,-60.0233],"stabilizedTipPosition":[-8.11257,186.252,-27.2764],"timeVisible":41.8841,"tipPosition":[-9.16915,196.8,-35.8386],"tipVelocity":[-41.9535,400.151,-334.73],"tool":false,"touchDistance":0.333333,"touchZone":"none","type":1,"width":19.1147},{"bases":[[[0.985617,-0.0989608,-0.136987],[0.142588,0.922066,0.35981],[0.0907036,-0.374168,0.922915]],[[0.984116,-0.0932305,-0.151076],[-0.0629289,0.612545,-0.787927],[0.166,0.784918,0.596948]],[[0.984116,-0.0932305,-0.151076],[-0.177122,-0.573153,-0.800078],[-0.0119982,0.814128,-0.580562]],[[0.984116,-0.0932305,-0.151076],[-0.14037,-0.929639,-0.340688],[-0.108684,0.356483,-0.927959]]],"btipPosition":[1.10487,189.54,-27.323],"carpPosition":[12.9099,230.628,31.1944],"dipPosition":[-0.913433,196.16,-44.5556],"direction":[0.0119982,-0.814128,0.580562],"extended":false,"handId":396,"id":3962,"length":66.2163,"mcpPosition":[6.65631,256.425,-32.4362],"pipPosition":[-1.2506,219.038,-60.87],"stabilizedTipPosition":[3.2076,174.901,-16.2046],"timeVisible":41.8841,"tipPosition":[0.864431,191.139,-30.6493],"tipVelocity":[-56.2322,357.143,-335.41],"tool":false,"touchDistance":0.333333,"touchZone":"none","type":2,"width":18.7732},{"bases":[[[0.97465,-0.22217,-0.0264107],[0.215461,0.900242,0.37834],[-0.0602799,-0.37444,0.92529]],[[0.974569,-0.222668,-0.0251781],[0.0927674,0.503175,-0.859191],[0.203984,0.835005,0.511035]],[[0.974569,-0.222668,-0.0251781],[-0.17106,-0.666657,-0.72547],[0.144754,0.711328,-0.687793]],[[0.974569,-0.222668,-0.0251781],[-0.221726,-0.941927,-0.252214],[0.0324442,0.251383,-0.967344]]],"btipPosition":[15.0333,192.753,-14.0395],"carpPosition":[24.8701,230.557,29.1114],"dipPosition":[15.6324,197.394,-31.9002],"direction":[-0.144754,-0.711328,0.687793],"extended":false,"handId":396,"id":3963,"length":63.6687,"mcpPosition":[28.6015,253.735,-28.1652],"pipPosition":[19.5951,216.867,-50.7288],"stabilizedTipPosition":[17.3204,180.82,-9.76605],"timeVisible":41.8841,"tipPosition":[15.0895,193.846,-19.5597],"tipVelocity":[-51.3817,311.404,-191.249],"tool":false,"touchDistance":0.333333,"touchZone":"none","type":3,"width":17.8639},{"bases":[[[0.912035,-0.409686,0.0187117],[0.358254,0.818086,0.449878],[-0.199616,-0.403601,0.892894]],[[0.872666,-0.464684,0.150075],[0.384661,0.464831,-0.797476],[0.300815,0.753658,0.584388]],[[0.872666,-0.464684,0.150075],[-0.181707,-0.594272,-0.783469],[0.45325,0.656437,-0.603038]],[[0.872666,-0.464684,0.150075],[-0.394131,-0.851703,-0.345345],[0.288295,0.242222,-0.926399]]],"btipPosition":[23.9408,203.302,-17.4661],"carpPosition":[36.6848,223.323,26.6824],"dipPosition":[28.8514,207.428,-33.2459],"direction":[-0.45325,-0.656437,0.603038],"extended":false,"handId":396,"id":3964,"length":49.9151,"mcpPosition":[48.1231,246.45,-24.4817],"pipPosition":[37.6119,220.116,-44.9015],"stabilizedTipPosition":[27.0588,190.846,-11.9883],"timeVisible":41.8841,"tipPosition":[25.1851,204.441,-21.064],"tipVelocity":[-41.8189,289.011,-199.302],"tool":false,"touchDistance":0.333333,"touchZone":"none","type":4,"width":15.8681}],"r":[[0.822674,0.524325,-0.219751],[-0.510742,0.851403,0.119396],[0.249699,0.0140123,0.968222]],"s":1.39076,"t":[55.0606,-104.032,-90.0371],"timestamp":88455178981},false],[5,{"currentFrameRate":52.4147,"devices":[],"gestures":[],"hands":[{"armBasis":[[0.99979,-0.00612065,-0.0195368],[0.00625613,0.999957,0.0068811],[0.0194939,-0.00700189,0.999785]],"armWidth":62.9686,"confidence":0.396676,"direction":[-0.0368893,0.58392,-0.810973],"elbow":[26.7613,214.675,297.394],"grabStrength":1,"id":396,"palmNormal":[-0.0338014,-0.81179,-0.58297],"palmPosition":[11.9238,244.282,-14.7551],"palmVelocity":[26.5862,256.44,-66.7925],"palmWidth":89.917,"pinchStrength":0.743223,"r":[[0.836538,0.519731,-0.173448],[-0.494476,0.852486,0.169593],[0.236004,-0.056105,0.970131]],"s":1.40528,"sphereCenter":[19.1307,217.93,-50.2181],"sphereRadius":36.9465,"stabilizedPalmPosition":[11.619,241.096,-13.9381],"t":[55.5513,-99.3663,-91.2696],"timeVisible":41.9022,"type":"right","wrist":[21.56,216.543,30.6355]}],"id":1399161,"interactionBox":{"center":[0,200,0],"size":[235.247,235.247,147.751]},"pointables":[{"bases":[[[0.424928,0.837652,0.343185],[-0.774273,0.139914,0.617192],[0.468975,-0.527981,0.708025]],[[0.295661,0.942252,0.157306],[-0.899341,0.219017,0.378441],[0.322134,-0.253362,0.912161]],[[0.295661,0.942252,0.157306],[-0.955207,0.293813,0.0354146],[-0.012849,-0.16073,0.986915]],[[0.295661,0.942252,0.157306],[-0.916869,0.326127,-0.230201],[-0.268209,-0.0761673,0.960345]]],"btipPosition":[-16.0672,225.746,-71.9033],"carpPosition":[-6.81258,206.071,28.5558],"dipPosition":[-22.2702,223.984,-49.6928],"direction":[0.012849,0.16073,-0.986915],"extended":false,"handId":396,"id":3960,"length":51.5018,"mcpPosition":[-6.81258,206.071,28.5558],"pipPosition":[-22.7031,218.569,-16.4402],"stabilizedTipPosition":[-17.3677,222.073,-65.4719],"timeVisible":41.9022,"tipPosition":[-16.7138,225.059,-65.771],"tipVelocity":[-18.7569,555.724,-243.821],"tool":false,"touchDistance":-0.61994,"touchZone":"touching","type":0,"width":20.0112},{"bases":[[[0.978375,0.0922184,-0.185142],[0.00315751,0.888345,0.459166],[0.206814,-0.449821,0.868844]],[[0.976423,0.0963704,-0.193162],[-0.202597,0.718011,-0.665893],[0.0745199,0.689327,0.720607]],[[0.976423,0.0963704,-0.193162],[-0.130177,-0.450935,-0.883013],[-0.1722,0.887339,-0.427758]],[[0.976423,0.0963704,-0.193162],[-0.00768646,-0.878728,-0.477261],[-0.21573,0.467493,-0.857269]]],"btipPosition":[-9.03337,202.234,-38.2203],"carpPosition":[1.41073,227.884,30.8489],"dipPosition":[-12.6758,210.127,-52.6945],"direction":[0.1722,-0.887339,0.427758],"extended":false,"handId":396,"id":3961,"length":58.114,"mcpPosition":[-13.625,260.587,-32.3178],"pipPosition":[-16.7888,231.321,-62.9117],"stabilizedTipPosition":[-8.87787,193.997,-33.4878],"timeVisible":41.9022,"tipPosition":[-9.76167,203.808,-41.0471],"tipVelocity":[-37.2674,395.156,-312.415],"tool":false,"touchDistance":0.333333,"touchZone":"none","type":1,"width":19.1147},{"bases":[[[0.982352,-0.122203,-0.141602],[0.173058,0.881055,0.440219],[0.0709628,-0.456955,0.886655]],[[0.981191,-0.115409,-0.154744],[-0.0353648,0.680582,-0.731818],[0.189774,0.723525,0.663699]],[[0.981191,-0.115409,-0.154744],[-0.191865,-0.494667,-0.84764],[0.0212781,0.861386,-0.507505]],[[0.981191,-0.115409,-0.154744],[-0.171187,-0.890672,-0.421188],[-0.0892177,0.439756,-0.893675]]],"btipPosition":[0.199533,195.42,-32.9997],"carpPosition":[13.0725,230.75,28.8869],"dipPosition":[-1.45727,203.587,-49.5956],"direction":[-0.0212781,-0.861386,0.507505],"extended":false,"handId":396,"id":3962,"length":66.2163,"mcpPosition":[8.17999,262.255,-32.2437],"pipPosition":[-0.859337,227.792,-63.857],"stabilizedTipPosition":[2.15704,181.844,-22.5939],"timeVisible":41.9022,"tipPosition":[0.0325656,197.313,-36.2244],"tipVelocity":[-51.0821,351.065,-321.14],"tool":false,"touchDistance":0.333333,"touchZone":"none","type":2,"width":18.7732},{"bases":[[[0.966228,-0.254184,-0.0423599],[0.244974,0.855057,0.457017],[-0.0799463,-0.45196,0.888449]],[[0.966204,-0.254316,-0.0420992],[0.113993,0.568015,-0.815086],[0.231203,0.78274,0.577809]],[[0.966204,-0.254316,-0.0420992],[-0.192565,-0.60351,-0.773753],[0.171371,0.755711,-0.632087]],[[0.966204,-0.254316,-0.0420992],[-0.254069,-0.91192,-0.322257],[0.0435642,0.322063,-0.945716]]],"btipPosition":[14.2813,197.211,-18.8938],"carpPosition":[25.0364,230.429,26.8492],"dipPosition":[15.0856,203.158,-36.3552],"direction":[-0.171371,-0.755711,0.632087],"extended":false,"handId":396,"id":3963,"length":63.6687,"mcpPosition":[29.9852,258.405,-28.147],"pipPosition":[19.777,223.845,-53.6588],"stabilizedTipPosition":[16.2937,187.208,-14.4943],"timeVisible":41.9022,"tipPosition":[14.3678,198.64,-24.3112],"tipVelocity":[-45.4556,288.275,-225.395],"tool":false,"touchDistance":0.333333,"touchZone":"none","type":3,"width":17.8639},{"bases":[[[0.896633,-0.442548,-0.0141732],[0.384244,0.761802,0.52155],[-0.220014,-0.473085,0.853103]],[[0.855074,-0.506678,0.110117],[0.402677,0.51512,-0.756639],[0.326649,0.691324,0.644493]],[[0.855074,-0.506678,0.110117],[-0.20247,-0.521792,-0.828697],[0.477341,0.686302,-0.548758]],[[0.855074,-0.506678,0.110117],[-0.424077,-0.805593,-0.413737],[0.298341,0.307078,-0.903712]]],"btipPosition":[23.4861,207.47,-21.5694],"carpPosition":[36.6008,223.013,23.8347],"dipPosition":[28.5679,212.7,-36.9628],"direction":[-0.477341,-0.686302,0.548758],"extended":false,"handId":396,"id":3964,"length":49.9151,"mcpPosition":[49.2079,250.122,-25.0493],"pipPosition":[37.7941,225.965,-47.5693],"stabilizedTipPosition":[26.3097,196.401,-16.0774],"timeVisible":41.9022,"tipPosition":[24.7621,208.834,-25.2041],"tipVelocity":[-32.8342,267.694,-209.963],"tool":false,"touchDistance":0.333333,"touchZone":"none","type":4,"width":15.8681}],"r":[[0.836538,0.519731,-0.173448],[-0.494476,0.852486,0.169593],[0.236004,-0.056105,0.970131]],"s":1.40528,"t":[55.5513,-99.3663,-91.2696],"timestamp":88455197088},false],[6,{"currentFrameRate":52.6117,"devices":[],"gestures":[],"hands":[{"armBasis":[[0.99948,-0.0266964,-0.0180848],[0.0271792,0.999266,0.0270027],[0.0173506,-0.0274802,0.999472]],"armWidth":62.9686,"confidence":0.424261,"direction":[-0.0382755,0.669757,-0.741593],"elbow":[26.3762,211.08,288.889],"grabStrength":1,"id":396,"palmNormal":[-0.0682751,-0.742155,-0.666742],"palmPosition":[11.9031,251.174,-19.6476],"palmVelocity":[13.3041,314.111,-162.959],"palmWidth":89.917,"pinchStrength":0.740735,"r":[[0.848962,0.512426,-0.129162],[-0.476863,0.848179,0.230637],[0.227737,-0.134209,0.964429]],"s":1.41822,"sphereCenter":[17.7432,228.779,-57.7289],"sphereRadius":36.9451,"stabilizedPalmPosition":[11.825,248.402,-18.0775],"t":[55.7864,-93.5872,-94.3322],"timeVisible":41.9205,"type":"right","wrist":[21.7468,218.412,22.2141]}],"id":1399162,"interactionBox":{"center":[0,200,0],"size":[235.247,235.247,147.751]},"pointables":[{"bases":[[[0.454761,0.78439,0.421811],[-0.756854,0.0907298,0.647256],[0.46943,-0.613596,0.634929]],[[0.324005,0.912149,0.251006],[-0.885949,0.199483,0.418689],[0.331836,-0.358036,0.872751]],[[0.324005,0.912149,0.251006],[-0.946051,0.311629,0.0887364],[0.00271997,-0.266216,0.96391]],[[0.324005,0.912149,0.251006],[-0.916538,0.368404,-0.155679],[-0.234475,-0.179616,0.955385]]],"btipPosition":[-17.9758,239.72,-77.9307],"carpPosition":[-6.93787,208.934,19.6945],"dipPosition":[-23.3986,235.566,-55.8349],"direction":[-0.00271997,0.266216,-0.96391],"extended":false,"handId":396,"id":3960,"length":51.5018,"mcpPosition":[-6.93787,208.934,19.6945],"pipPosition":[-23.307,226.596,-23.3574],"stabilizedTipPosition":[-18.8275,235.206,-71.276],"timeVisible":41.9205,"tipPosition":[-18.4446,238.382,-71.8796],"tipVelocity":[-55.0694,641.083,-285.575],"tool":false,"touchDistance":-0.677086,"touchZone":"touching","type":0,"width":20.0112},{"bases":[[[0.976353,0.0876976,-0.197597],[0.0370923,0.832511,0.552765],[0.212978,-0.547023,0.809572]],[[0.97426,0.0929517,-0.205369],[-0.197459,0.791388,-0.578546],[0.10875,0.604207,0.789372]],[[0.97426,0.0929517,-0.205369],[-0.161417,-0.348282,-0.923387],[-0.157357,0.93277,-0.324314]],[[0.97426,0.0929517,-0.205369],[-0.0417509,-0.820865,-0.569594],[-0.221525,0.563507,-0.795856]]],"btipPosition":[-10.6797,212.481,-47.0421],"carpPosition":[1.92244,230.157,24.1451],"dipPosition":[-14.42,221.995,-60.4794],"direction":[0.157357,-0.93277,0.324314],"extended":false,"handId":396,"id":3961,"length":58.114,"mcpPosition":[-13.5615,269.926,-34.7124],"pipPosition":[-18.1785,244.274,-68.2258],"stabilizedTipPosition":[-10.0447,203.058,-40.7835],"timeVisible":41.9205,"tipPosition":[-11.4301,214.375,-49.6668],"tipVelocity":[-63.1295,484.013,-387.568],"tool":false,"touchDistance":0.333333,"touchZone":"none","type":1,"width":19.1147},{"bases":[[[0.975426,-0.13023,-0.177722],[0.206289,0.823141,0.529041],[0.0773933,-0.552702,0.829777]],[[0.974363,-0.123196,-0.188252],[-0.0400362,0.728446,-0.683932],[0.221389,0.673935,0.704839]],[[0.974363,-0.123196,-0.188252],[-0.22367,-0.440265,-0.869562],[0.024246,0.889376,-0.456533]],[[0.974363,-0.123196,-0.188252],[-0.200385,-0.855634,-0.477216],[-0.102284,0.502705,-0.858386]]],"btipPosition":[-1.0496,204.609,-39.7873],"carpPosition":[13.6134,232.931,22.2252],"dipPosition":[-2.94905,213.944,-55.7278],"direction":[-0.024246,-0.889376,0.456533],"extended":false,"handId":396,"id":3962,"length":66.2163,"mcpPosition":[8.2775,271.038,-34.984],"pipPosition":[-2.26771,238.937,-68.5569],"stabilizedTipPosition":[0.655739,192.109,-31.1891],"timeVisible":41.9205,"tipPosition":[-1.45559,206.943,-43.9483],"tipVelocity":[-60.7899,430.6,-341.118],"tool":false,"touchDistance":0.333333,"touchZone":"none","type":2,"width":18.7732},{"bases":[[[0.957838,-0.271824,-0.0930487],[0.277814,0.793694,0.541173],[-0.0732517,-0.544207,0.835747]],[[0.957862,-0.271649,-0.0933179],[0.110266,0.647764,-0.753819],[0.265222,0.711765,0.650422]],[[0.957862,-0.271649,-0.0933179],[-0.226796,-0.515937,-0.826059],[0.176252,0.812414,-0.555805]],[[0.957862,-0.271649,-0.0933179],[-0.28569,-0.867444,-0.407335],[0.029704,0.416831,-0.908499]]],"btipPosition":[12.9687,204.863,-28.586],"carpPosition":[25.518,232.539,19.8762],"dipPosition":[13.5171,212.559,-45.3602],"direction":[-0.176252,-0.812414,0.555805],"extended":false,"handId":396,"id":3963,"length":63.6687,"mcpPosition":[30.0523,266.226,-31.8576],"pipPosition":[18.3421,234.799,-60.5755],"stabilizedTipPosition":[15.0373,194.838,-21.5441],"timeVisible":41.9205,"tipPosition":[12.9564,206.816,-33.8252],"tipVelocity":[-59.6027,361.139,-367.159],"tool":false,"touchDistance":0.333333,"touchZone":"none","type":3,"width":17.8639},{"bases":[[[0.883764,-0.460363,-0.0838245],[0.41584,0.690535,0.591809],[-0.214563,-0.557877,0.801708]],[[0.84349,-0.536136,0.0328888],[0.398219,0.583068,-0.708134],[0.36048,0.610401,0.705312]],[[0.84349,-0.536136,0.0328888],[-0.237535,-0.427223,-0.872386],[0.481769,0.728037,-0.48771]],[[0.84349,-0.536136,0.0328888],[-0.456199,-0.747358,-0.483051],[0.283561,0.392445,-0.874974]]],"btipPosition":[22.3666,215.096,-30.4582],"carpPo