{"sensorType":"Leap","data":[[0,{"currentFrameRate":55.2668,"devices":[],"gestures":[],"hands":[{"armBasis":[[0.9744,-0.208559,0.0839518],[0.211463,0.977006,-0.0272377],[-0.0763408,0.0442932,0.996097]],"armWidth":62.9686,"confidence":0.471809,"direction":[0.150816,0.323978,-0.933966],"elbow":[-10.2595,228.608,324.907],"grabStrength":0.894857,"id":396,"palmNormal":[-0.167204,-0.922801,-0.347104],"palmPosition":[10.1043,231.71,7.17023],"palmVelocity":[95.244,327.681,299.246],"palmWidth":89.917,"pinchStrength":1,"r":[[0.932568,0.355838,-0.060802],[-0.359448,0.930884,-0.065216],[0.0333933,0.0826734,0.996017]],"s":1.83684,"sphereCenter":[13.3736,193.009,-19.645],"sphereRadius":40.1892,"stabilizedPalmPosition":[10.9869,218.719,8.48449],"t":[52.454,-113.394,-76.3487],"timeVisible":54.8184,"type":"right","wrist":[10.1094,216.79,59.1318]}],"id":1399864,"interactionBox":{"center":[0,200,0],"size":[235.247,235.247,147.751]},"pointables":[{"bases":[[[0.571044,0.804692,0.162418],[-0.768208,0.454061,0.451314],[0.289421,-0.382491,0.87746]],[[0.395909,0.890936,-0.22246],[-0.869378,0.441665,0.221618],[0.2957,0.105661,0.949419]],[[0.395909,0.890936,-0.22246],[-0.900218,0.328733,-0.285556],[-0.181282,0.313317,0.932185]],[[0.395909,0.890936,-0.22246],[-0.80059,0.216224,-0.55884],[-0.44979,0.399349,0.79888]]],"btipPosition":[-17.7094,186.715,-40.5278],"carpPosition":[-19.6335,211.72,56.1909],"dipPosition":[-28.112,195.951,-22.0516],"direction":[0.181282,-0.313317,-0.932185],"extended":false,"handId":396,"id":3960,"length":51.5018,"mcpPosition":[-19.6335,211.72,56.1909],"pipPosition":[-34.22,206.508,9.35702],"stabilizedTipPosition":[-18.1421,175.635,-29.3534],"timeVisible":54.8184,"tipPosition":[-18.9762,190.002,-33.8768],"tipVelocity":[-211.078,465.312,-143.55],"tool":false,"touchDistance":-0.193663,"touchZone":"hovering","type":0,"width":20.0112},{"bases":[[[0.98581,-0.151155,-0.0730182],[0.163142,0.965161,0.204569],[0.0395527,-0.213578,0.976125]],[[0.984467,-0.145614,-0.0980893],[0.0443459,0.746805,-0.663563],[0.169878,0.648906,0.741662]],[[0.984467,-0.145614,-0.0980893],[-0.0556374,0.271151,-0.960927],[0.166522,0.951459,0.258838]],[[0.984467,-0.145614,-0.0980893],[-0.117239,-0.129347,-0.984644],[0.130691,0.980849,-0.14441]]],"btipPosition":[-23.3142,180.006,-52.4989],"carpPosition":[-7.04231,231.315,53.6994],"dipPosition":[-21.1076,196.567,-54.9371],"direction":[-0.166522,-0.951459,-0.258838],"extended":false,"handId":396,"id":3961,"length":58.114,"mcpPosition":[-9.91787,246.842,-17.2669],"pipPosition":[-17.1302,219.293,-48.7547],"stabilizedTipPosition":[-19.3446,155.642,-14.95],"timeVisible":54.8184,"tipPosition":[-23.3767,190.842,-56.9982],"tipVelocity":[-78.0473,700.137,-914.764],"tool":false,"touchDistance":-0.172401,"touchZone":"touching","type":1,"width":19.1147},{"bases":[[[0.939737,-0.340928,0.0257342],[0.328285,0.920789,0.21066],[-0.0955157,-0.189517,0.977221]],[[0.940092,-0.340208,0.022036],[0.140693,0.328276,-0.934045],[0.310536,0.881189,0.356474]],[[0.940092,-0.340208,0.022036],[-0.219782,-0.654196,-0.723687],[0.26062,0.67549,-0.689776]],[[0.940092,-0.340208,0.022036],[-0.311866,-0.884285,-0.347534],[0.13772,0.319841,-0.937409]]],"btipPosition":[-13.0118,177.415,5.03351],"carpPosition":[5.07548,231.243,52.5963],"dipPosition":[-10.4543,183.355,-12.3745],"direction":[-0.26062,-0.67549,0.689776],"extended":false,"handId":396,"id":3962,"length":66.2163,"mcpPosition":[11.6608,244.31,-14.7784],"pipPosition":[-3.13061,202.337,-31.758],"stabilizedTipPosition":[-9.31469,152.63,-2.51893],"timeVisible":54.8184,"tipPosition":[-12.9656,177.318,-2.68593],"tipVelocity":[30.5916,687.001,136.603],"tool":false,"touchDistance":0.333333,"touchZone":"none","type":2,"width":18.7732},{"bases":[[[0.887999,-0.433537,0.153306],[0.391373,0.887567,0.243005],[-0.241421,-0.155788,0.957834]],[[0.883328,-0.436376,0.171196],[0.306149,0.260496,-0.91565],[0.354971,0.861231,0.3637]],[[0.883328,-0.436376,0.171196],[-0.180817,-0.654146,-0.734437],[0.432478,0.617794,-0.65673]],[[0.883328,-0.436376,0.171196],[-0.332296,-0.84052,-0.427908],[0.330622,0.321095,-0.887461]]],"btipPosition":[-1.87478,176.875,11.3168],"carpPosition":[16.7976,228.098,52.3024],"dipPosition":[4.22972,182.803,-5.06894],"direction":[-0.432478,-0.617794,0.65673],"extended":false,"handId":396,"id":3963,"length":63.6687,"mcpPosition":[31.7419,237.741,-6.98879],"pipPosition":[16.0689,199.715,-23.0471],"stabilizedTipPosition":[3.92769,156.873,9.75599],"timeVisible":54.8184,"tipPosition":[-0.371217,176.577,3.79973],"tipVelocity":[-58.0059,599.024,163.323],"tool":false,"touchDistance":0.333333,"touchZone":"none","type":3,"width":17.8639},{"bases":[[[0.777135,-0.589307,0.220861],[0.501849,0.792058,0.347553],[-0.37975,-0.159256,0.911278]],[[0.710896,-0.606595,0.355906],[0.563497,0.188464,-0.804333],[0.420829,0.772349,0.475793]],[[0.710896,-0.606595,0.355906],[-0.109161,-0.595089,-0.796211],[0.694774,0.527173,-0.489263]],[[0.710896,-0.606595,0.355906],[-0.360519,-0.748816,-0.556148],[0.603864,0.267053,-0.75102]]],"btipPosition":[9.99671,185.484,6.30241],"carpPosition":[26.6559,218.084,52.8961],"dipPosition":[20.2827,190.033,-6.49011],"direction":[-0.694774,-0.527173,0.489263],"extended":false,"handId":396,"id":3964,"length":49.9151,"mcpPosition":[48.416,227.21,0.678608],"pipPosition":[33.7113,200.222,-15.9467],"stabilizedTipPosition":[15.6607,166.726,6.57497],"timeVisible":54.8184,"tipPosition":[12.8445,185.21,0.551666],"tipVelocity":[-22.291,499.452,164.909],"tool":false,"touchDistance":0.333333,"touchZone":"none","type":4,"width":15.8681}],"r":[[0.932568,0.355838,-0.060802],[-0.359448,0.930884,-0.065216],[0.0333933,0.0826734,0.996017]],"s":1.83684,"t":[52.454,-113.394,-76.3487],"timestamp":88468113253},false],[1,{"currentFrameRate":55.3263,"devices":[],"gestures":[],"hands":[{"armBasis":[[0.979405,-0.182788,0.0857592],[0.181092,0.983089,0.0272264],[-0.0892856,-0.0111354,0.995944]],"armWidth":62.9686,"confidence":0.528825,"direction":[0.130404,0.37447,-0.918024],"elbow":[-11.0031,218.05,326.959],"grabStrength":0.65178,"id":396,"palmNormal":[-0.143247,-0.909099,-0.391177],"palmPosition":[11.7768,238.498,10.0778],"palmVelocity":[94.4696,352.284,234.898],"palmWidth":89.917,"pinchStrength":0.870638,"r":[[0.939108,0.342344,-0.0295957],[-0.343027,0.939064,-0.0221604],[0.0202058,0.0309632,0.999316]],"s":1.97905,"sphereCenter":[15.5621,200.948,-19.4069],"sphereRadius":42.0456,"stabilizedPalmPosition":[11.1941,223.906,8.90235],"t":[54.1746,-106.939,-72.009],"timeVisible":54.8363,"type":"right","wrist":[12.8198,221.021,61.2254]}],"id":1399865,"interactionBox":{"center":[0,200,0],"size":[235.247,235.247,147.751]},"pointables":[{"bases":[[[0.548345,0.81275,0.196862],[-0.776379,0.407306,0.480974],[0.310729,-0.41658,0.854347]],[[0.351856,0.913239,-0.205405],[-0.886302,0.395623,0.240732],[0.301109,0.0973474,0.948608]],[[0.351856,0.913239,-0.205405],[-0.926291,0.30809,-0.216944],[-0.134839,0.266598,0.954329]],[[0.351856,0.913239,-0.205405],[-0.876946,0.244862,-0.413532],[-0.327358,0.325633,0.887017]]],"btipPosition":[-19.5275,193.878,-41.1369],"carpPosition":[-16.7883,215.194,58.3263],"dipPosition":[-27.0985,201.409,-20.6223],"direction":[0.134839,-0.266598,-0.954329],"extended":false,"handId":396,"id":3960,"length":51.5018,"mcpPosition":[-16.7883,215.194,58.3263],"pipPosition":[-31.6417,210.392,11.5325],"stabilizedTipPosition":[-20.596,191.312,-34.8983],"timeVisible":54.8363,"tipPosition":[-19.7621,196.556,-34.6109],"tipVelocity":[-142.37,424.6,-79.5935],"tool":false,"touchDistance":-0.225755,"touchZone":"touching","type":0,"width":20.0112},{"bases":[[[0.989026,-0.11705,-0.0901513],[0.136297,0.958347,0.250986],[0.0570184,-0.260519,0.963784]],[[0.985306,-0.104813,-0.134856],[0.0226327,0.862726,-0.505165],[0.169292,0.49469,0.852421]],[[0.985306,-0.104813,-0.134856],[-0.0594919,0.529511,-0.846214],[0.160102,0.841803,0.515495]],[[0.985306,-0.104813,-0.134856],[-0.107478,0.233153,-0.966482],[0.132742,0.966775,0.218462]]],"btipPosition":[-22.2203,196.773,-65.5657],"carpPosition":[-4.82216,235.265,56.6948],"dipPosition":[-19.979,213.096,-61.8772],"direction":[-0.160102,-0.841803,-0.515495],"extended":false,"handId":396,"id":3961,"length":58.114,"mcpPosition":[-8.96751,254.206,-13.3742],"pipPosition":[-16.1549,233.203,-49.5644],"stabilizedTipPosition":[-19.7774,163.872,-24.0751],"timeVisible":54.8363,"tipPosition":[-22.2829,205.322,-67.5622],"tipVelocity":[-12.1998,810.965,-791.109],"tool":false,"touchDistance":-0.358359,"touchZone":"touching","type":1,"width":19.1147},{"bases":[[[0.949813,-0.312819,-0.000569062],[0.30276,0.918809,0.25323],[-0.0786924,-0.240694,0.967406]],[[0.951033,-0.308605,-0.0173191],[0.112905,0.399009,-0.909969],[0.287731,0.863455,0.414314]],[[0.951033,-0.308605,-0.0173191],[-0.227387,-0.660588,-0.715485],[0.209361,0.684387,-0.698414]],[[0.951033,-0.308605,-0.0173191],[-0.300671,-0.910683,-0.28329],[0.0716525,0.274625,-0.958878]]],"btipPosition":[-8.21462,186.755,6.47107],"carpPosition":[7.27902,235.62,55.4708],"dipPosition":[-6.884,191.855,-11.3357],"direction":[-0.209361,-0.684387,0.698414],"extended":false,"handId":396,"id":3962,"length":66.2163,"mcpPosition":[12.7045,252.215,-11.2273],"pipPosition":[-1.00073,211.087,-30.9618],"stabilizedTipPosition":[-8.7557,166.662,-0.573168],"timeVisible":54.8363,"tipPosition":[-8.55437,186.516,-0.134933],"tipVelocity":[135.26,604.457,107.719],"tool":false,"touchDistance":0.333333,"touchZone":"none","type":2,"width":18.7732},{"bases":[[[0.902336,-0.413197,0.122711],[0.367183,0.885971,0.283252],[-0.225757,-0.210531,0.951163]],[[0.89227,-0.421519,0.161789],[0.313267,0.319924,-0.894155],[0.325143,0.848511,0.417507]],[[0.89227,-0.421519,0.161789],[-0.209288,-0.703647,-0.679028],[0.400066,0.572016,-0.716062]],[[0.89227,-0.421519,0.161789],[-0.375592,-0.891828,-0.252138],[0.250569,0.164208,-0.954071]]],"btipPosition":[3.12689,189.731,14.8107],"carpPosition":[19.0865,232.854,54.9049],"dipPosition":[7.75332,192.763,-2.80489],"direction":[-0.400066,-0.572016,0.716062],"extended":false,"handId":396,"id":3963,"length":63.6687,"mcpPosition":[33.0612,245.886,-3.97328],"pipPosition":[18.7053,208.422,-22.4073],"stabilizedTipPosition":[4.05572,173.191,10.2438],"timeVisible":54.8363,"tipPosition":[4.04606,188.555,7.84533],"tipVelocity":[92.2878,638.222,171.041],"tool":false,"touchDistance":0.333333,"touchZone":"none","type":3,"width":17.8639},{"bases":[[[0.796986,-0.575457,0.183473],[0.481662,0.788814,0.381803],[-0.364438,-0.215919,0.90585]],[[0.71863,-0.604867,0.343085],[0.565149,0.220531,-0.794967],[0.405188,0.765181,0.50032]],[[0.71863,-0.604867,0.343085],[-0.195677,-0.649324,-0.734907],[0.667294,0.460993,-0.584982]],[[0.71863,-0.604867,0.343085],[-0.487137,-0.789964,-0.372363],[0.496255,0.100462,-0.862345]]],"btipPosition":[14.6221,198.144,11.5069],"carpPosition":[29.248,223.13,54.9003],"dipPosition":[23.0751,199.855,-3.18186],"direction":[-0.667294,-0.460993,0.584982],"extended":false,"handId":396,"id":3964,"length":49.9151,"mcpPosition":[50.1308,235.502,2.99381],"pipPosition":[35.9726,208.765,-14.4885],"stabilizedTipPosition":[16.0962,182.024,7.32202],"timeVisible":54.8363,"tipPosition":[16.747,196.731,5.09736],"tipVelocity":[99.0924,580.76,212.955],"tool":false,"touchDistance":0.333333,"touchZone":"none","type":4,"width":15.8681}],"r":[[0.939108,0.342344,-0.0295957],[-0.343027,0.939064,-0.0221604],[0.0202058,0.0309632,0.999316]],"s":1.97905,"t":[54.1746,-106.939,-72.009],"timestamp":88468131122},false],[2,{"currentFrameRate":55.3458,"devices":[],"gestures":[],"hands":[{"armBasis":[[0.982162,-0.167615,0.0852209],[0.165689,0.985745,0.0292372],[-0.0889066,-0.0145955,0.995933]],"armWidth":62.9686,"confidence":0.572733,"direction":[0.128123,0.416004,-0.900292],"elbow":[-10.6102,218.177,326.048],"grabStrength":0.530764,"id":396,"palmNormal":[-0.124465,-0.893851,-0.430742],"palmPosition":[12.0056,241.715,9.96341],"palmVelocity":[55.7318,270.041,120.596],"palmWidth":89.917,"pinchStrength":0.711216,"r":[[0.942631,0.333833,-0.00109688],[-0.333743,0.942443,0.0204354],[0.00785576,-0.018897,0.999791]],"s":2.09647,"sphereCenter":[15.4677,205.742,-21.5272],"sphereRadius":42.5904,"stabilizedPalmPosition":[11.4834,230.255,9.28064],"t":[55.1492,-102.103,-69.8964],"timeVisible":54.8543,"type":"right","wrist":[13.1116,222.071,60.3174]}],"id":1399866,"interactionBox":{"center":[0,200,0],"size":[235.247,235.247,147.751]},"pointables":[{"bases":[[[0.532252,0.813363,0.234839],[-0.78619,0.371987,0.493488],[0.314028,-0.447288,0.837448]],[[0.333627,0.92766,-0.167751],[-0.895126,0.367551,0.252301],[0.295706,0.0659835,0.952997]],[[0.333627,0.92766,-0.167751],[-0.932659,0.298896,-0.202009],[-0.137255,0.22385,0.96491]],[[0.333627,0.92766,-0.167751],[-0.888107,0.24961,-0.385955],[-0.316163,0.277746,0.907138]]],"btipPosition":[-19.0191,198.616,-43.5045],"carpPosition":[-16.3689,215.836,56.997],"dipPosition":[-26.3311,205.039,-22.5246],"direction":[0.137255,-0.22385,-0.964911],"extended":false,"handId":396,"id":3960,"length":51.5018,"mcpPosition":[-16.3689,215.836,56.997],"pipPosition":[-30.9558,212.581,9.98663],"stabilizedTipPosition":[-20.6831,198.606,-38.0387],"timeVisible":54.8543,"tipPosition":[-19.2684,200.879,-37.1122],"tipVelocity":[-59.9683,341.412,-101.383],"tool":false,"touchDistance":-0.268039,"touchZone":"touching","type":0,"width":20.0112},{"bases":[[[0.991461,-0.0950209,-0.0893062],[0.117318,0.948962,0.292759],[0.0569299,-0.300737,0.952006]],[[0.986751,-0.0781221,-0.142195],[0.0145545,0.915528,-0.401991],[0.161588,0.394596,0.904535]],[[0.986751,-0.0781221,-0.142195],[-0.0564635,0.656293,-0.752391],[0.1521,0.750451,0.643186]],[[0.986751,-0.0781221,-0.142195],[-0.0971201,0.41764,-0.903407],[0.129962,0.905248,0.40452]]],"btipPosition":[-21.5935,208.076,-73.5079],"carpPosition":[-4.767,236.174,56.3003],"dipPosition":[-19.3992,223.361,-66.678],"direction":[-0.1521,-0.750451,-0.643186],"extended":false,"handId":396,"id":3961,"length":58.114,"mcpPosition":[-8.90592,258.038,-12.9125],"pipPosition":[-15.7663,241.285,-51.3153],"stabilizedTipPosition":[-20.0638,174.293,-34.5273],"timeVisible":54.8543,"tipPosition":[-21.3147,213.428,-72.3319],"tipVelocity":[9.79173,717.945,-606.314],"tool":false,"touchDistance":-0.459152,"touchZone":"touching","type":1,"width":19.1147},{"bases":[[[0.955413,-0.295151,-0.00845664],[0.284469,0.912403,0.294277],[-0.0791402,-0.283561,0.955683]],[[0.95686,-0.289151,-0.0284584],[0.106936,0.441548,-0.890842],[0.270154,0.849368,0.453421]],[[0.95686,-0.289151,-0.0284584],[-0.218993,-0.653371,-0.724671],[0.190946,0.699641,-0.688507]],[[0.95686,-0.289151,-0.0284584],[-0.285359,-0.916823,-0.279295],[0.0546673,0.275367,-0.959783]]],"btipPosition":[-6.46097,191.12,4.84776],"carpPosition":[7.33162,236.802,55.1636],"dipPosition":[-5.44578,196.234,-12.9758],"direction":[-0.190946,-0.699641,0.688507],"extended":false,"handId":396,"id":3962,"length":66.2163,"mcpPosition":[12.788,256.352,-10.7262],"pipPosition":[-0.0800046,215.895,-32.3236],"stabilizedTipPosition":[-7.36014,180.812,0.156297],"timeVisible":54.8543,"tipPosition":[-6.8579,190.906,-1.56949],"tipVelocity":[115.422,433.056,13.8558],"tool":false,"touchDistance":0.333333,"touchZone":"none","type":2,"width":18.7732},{"bases":[[[0.909172,-0.401598,0.110113],[0.349334,0.87948,0.323235],[-0.226652,-0.255411,0.93989]],[[0.898034,-0.412701,0.152359],[0.317422,0.368072,-0.873938],[0.304596,0.833188,0.461541]],[[0.898034,-0.412701,0.152359],[-0.199552,-0.690791,-0.694973],[0.392064,0.593706,-0.702709]],[[0.898034,-0.412701,0.152359],[-0.369989,-0.89589,-0.245946],[0.237999,0.164497,-0.957234]]],"btipPosition":[4.64504,194.01,12.9006],"carpPosition":[19.1909,234.278,54.5484],"dipPosition":[9.03937,197.048,-4.77342],"direction":[-0.392064,-0.593706,0.702709],"extended":false,"handId":396,"id":3963,"length":63.6687,"mcpPosition":[33.221,250.088,-3.63201],"pipPosition":[19.7722,213.3,-24.0103],"stabilizedTipPosition":[5.05665,186.652,9.36288],"timeVisible":54.8543,"tipPosition":[5.48242,193.05,6.50042],"tipVelocity":[87.1158,448.508,39.376],"tool":false,"touchDistance":0.333333,"touchZone":"none","type":3,"width":17.8639},{"bases":[[[0.806528,-0.568218,0.163223],[0.465085,0.780267,0.418186],[-0.364978,-0.261366,0.893576]],[[0.724347,-0.606982,0.326948],[0.568756,0.258061,-0.780975],[0.389665,0.75165,0.53215]],[[0.724347,-0.606982,0.326948],[-0.210702,-0.646432,-0.733301],[0.65645,0.462276,-0.596133]],[[0.724347,-0.606982,0.326948],[-0.511658,-0.791122,-0.335159],[0.462091,0.0754862,-0.883614]]],"btipPosition":[16.2689,203.241,10.9607],"carpPosition":[29.53,224.75,54.1852],"dipPosition":[24.14,204.527,-4.09038],"direction":[-0.65645,-0.462276,0.596133],"extended":false,"handId":396,"id":3964,"length":49.9151,"mcpPosition":[50.4437,239.726,2.98198],"pipPosition":[36.828,213.462,-15.6125],"stabilizedTipPosition":[17.2991,195.074,7.42934],"timeVisible":54.8543,"tipPosition":[18.1137,201.89,4.88319],"tipVelocity":[91.966,437.192,95.4896],"tool":false,"touchDistance":0.333333,"touchZone":"none","type":4,"width":15.8681}],"r":[[0.942631,0.333833,-0.00109688],[-0.333743,0.942443,0.0204354],[0.00785576,-0.018897,0.999791]],"s":2.09647,"t":[55.1492,-102.103,-69.8964],"timestamp":88468149123},false],[3,{"currentFrameRate":55.3419,"devices":[],"gestures":[],"hands":[{"armBasis":[[0.982387,-0.16093,0.0949588],[0.160015,0.986964,0.0172301],[-0.0964938,-0.0017318,0.995332]],"armWidth":62.9686,"confidence":0.598356,"direction":[0.128495,0.464376,-0.876267],"elbow":[-12.3938,220.599,325.188],"grabStrength":0.466784,"id":396,"palmNormal":[-0.113348,-0.870924,-0.478166],"palmPosition":[12.3039,243.334,10.369],"palmVelocity":[37.0824,184.263,73.9362],"palmWidth":89.917,"pinchStrength":0.630525,"r":[[0.94445,0.32763,0.0259543],[-0.328639,0.942264,0.0642997],[-0.00338938,-0.0692574,0.997593]],"s":2.18782,"sphereCenter":[15.4197,209.415,-23.1661],"sphereRadius":42.7816,"stabilizedPalmPosition":[11.8273,235.738,9.73689],"t":[55.7857,-98.8752,-68.6372],"timeVisible":54.8724,"type":"right","wrist":[13.3523,221.061,59.6173]}],"id":1399867,"interactionBox":{"center":[0,200,0],"size":[235.247,235.247,147.751]},"pointables":[{"bases":[[[0.522902,0.804902,0.280548],[-0.792348,0.337643,0.508115],[0.314258,-0.487986,0.814317]],[[0.324408,0.938554,-0.117793],[-0.900181,0.344573,0.266352],[0.290574,0.019628,0.956651]],[[0.324408,0.938554,-0.117793],[-0.935234,0.299584,-0.188646],[-0.141766,0.171362,0.974955]],[[0.324408,0.938554,-0.117793],[-0.891582,0.261796,-0.369519],[-0.315976,0.224896,0.921727]]],"btipPosition":[-18.2966,202.781,-45.5503],"carpPosition":[-16.0472,214.724,55.8073],"dipPosition":[-25.6043,207.982,-24.233],"direction":[0.141766,-0.171362,-0.974955],"extended":false,"handId":396,"id":3960,"length":51.5018,"mcpPosition":[-16.0472,214.724,55.8073],"pipPosition":[-30.3809,213.756,8.61672],"stabilizedTipPosition":[-20.0831,203.173,-40.2565],"timeVisible":54.8724,"tipPosition":[-18.5895,204.655,-39.1422],"tipVelocity":[-12.4462,281.236,-104.928],"tool":false,"touchDistance":-0.299091,"touchZone":"touching","type":0,"width":20.0112},{"bases":[[[0.9928,-0.0805133,-0.0886947],[0.106346,0.933201,0.343259],[0.055133,-0.35022,0.935044]],[[0.98778,-0.0595942,-0.144011],[0.0110392,0.948441,-0.316762],[0.155463,0.311301,0.937509]],[[0.98778,-0.0595942,-0.144011],[-0.0541773,0.735093,-0.675798],[0.146135,0.675342,0.722882]],[[0.98778,-0.0595942,-0.144011],[-0.0914463,0.52663,-0.845162],[0.126207,0.848003,0.514745]]],"btipPosition":[-20.8759,216.979,-77.4862],"carpPosition":[-4.64588,235.182,56.2533],"dipPosition":[-18.745,231.297,-68.7952],"direction":[-0.146135,-0.675342,-0.722882],"extended":false,"handId":396,"id":3961,"length":58.114,"mcpPosition":[-8.65417,260.644,-11.7262],"pipPosition":[-15.2545,247.427,-51.5289],"stabilizedTipPosition":[-20.1533,187.073,-45.9117],"timeVisible":54.8724,"tipPosition":[-20.4532,220.669,-74.9803],"tipVelocity":[23.618,604.857,-411.437],"tool":false,"touchDistance":-0.494823,"touchZone":"touching","type":1,"width":19.1147},{"bases":[[[0.958347,-0.284989,-0.0187605],[0.273844,0.898239,0.343768],[-0.0811188,-0.334586,0.938867]],[[0.959931,-0.277381,-0.0399016],[0.106046,0.491349,-0.864483],[0.259397,0.825612,0.501077]],[[0.959931,-0.277381,-0.0399016],[-0.212551,-0.627868,-0.748735],[0.182632,0.727215,-0.661668]],[[0.959931,-0.277381,-0.0399016],[-0.276141,-0.912008,-0.303293],[0.0477374,0.302159,-0.952061]]],"btipPosition":[-5.33006,193.683,2.89482],"carpPosition":[7.45143,235.987,55.2188],"dipPosition":[-4.44356,199.294,-14.7853],"direction":[-0.182632,-0.727215,0.661668],"extended":false,"handId":396,"id":3962,"length":66.2163,"mcpPosition":[13.0442,259.055,-9.51162],"pipPosition":[0.688596,219.729,-33.3789],"stabilizedTipPosition":[-5.853,190.366,-0.739573],"timeVisible":54.8724,"tipPosition":[-5.73136,193.661,-3.36023],"tipVelocity":[89.5078,297.573,-43.1977],"tool":false,"touchDistance":0.333333,"touchZone":"none","type":2,"width":18.7732},{"bases":[[[0.912576,-0.398017,0.0937451],[0.338889,0.864459,0.371303],[-0.228824,-0.307073,0.923767]],[[0.90122,-0.411575,0.135675],[0.316222,0.410485,-0.855281],[0.29632,0.8137,0.500087]],[[0.90122,-0.411575,0.135675],[-0.19843,-0.670239,-0.715127],[0.385263,0.617565,-0.685701]],[[0.90122,-0.411575,0.135675],[-0.367937,-0.892109,-0.262227],[0.228963,0.186404,-0.955421]]],"btipPosition":[5.64524,196.348,11.6862],"carpPosition":[19.3383,233.614,54.5369],"dipPosition":[9.87274,199.79,-5.95441],"direction":[-0.385263,-0.617564,0.685701],"extended":false,"handId":396,"id":3963,"length":63.6687,"mcpPosition":[33.5028,252.623,-2.64552],"pipPosition":[20.4194,216.696,-24.7257],"stabilizedTipPosition":[6.21053,194.405,8.08101],"timeVisible":54.8724,"tipPosition":[6.44176,195.618,5.27086],"tipVelocity":[70.9897,299.208,-11.0613],"tool":false,"touchDistance":0.333333,"touchZone":"none","type":3,"width":17.8639},{"bases":[[[0.811335,-0.568208,0.137384],[0.455146,0.761481,0.461508],[-0.366848,-0.311908,0.876434]],[[0.72831,-0.616556,0.299038],[0.569568,0.302044,-0.764436],[0.380995,0.727068,0.571152]],[[0.72831,-0.616556,0.299038],[-0.21059,-0.616662,-0.758538],[0.652086,0.489476,-0.578961]],[[0.72831,-0.616556,0.299038],[-0.513693,-0.780066,-0.357235],[0.453525,0.106564,-0.88485]]],"btipPosition":[17.1531,205.412,9.81119],"carpPosition":[29.7738,224.22,53.727],"dipPosition":[24.8783,207.227,-5.26093],"direction":[-0.652086,-0.489476,0.578961],"extended":false,"handId":396,"id":3964,"length":49.9151,"mcpPosition":[50.7947,242.093,3.50614],"pipPosition":[37.4819,216.688,-16.4512],"stabilizedTipPosition":[18.4789,202.854,6.64462],"timeVisible":54.8724,"tipPosition":[18.9364,204.392,3.86935],"tipVelocity":[70.6119,289.631,19.7584],"tool":false,"touchDistance":0.333333,"touchZone":"none","type":4,"width":15.8681}],"r":[[0.94445,0.32763,0.0259543],[-0.328639,0.942264,0.0642997],[-0.00338938,-0.0692574,0.997593]],"s":2.18782,"t":[55.7857,-98.8752,-68.6372],"timestamp":88468167206},false],[4,{"currentFrameRate":55.3415,"devices":[],"gestures":[],"hands":[{"armBasis":[[0.982782,-0.162641,0.0876784],[0.162254,0.986681,0.0115696],[-0.0883923,0.00285576,0.996082]],"armWidth":62.9686,"confidence":0.626596,"direction":[0.137283,0.504209,-0.8526],"elbow":[-10.5029,221.481,324.904],"grabStrength":0.418174,"id":396,"palmNormal":[-0.107241,-0.848124,-0.51883],"palmPosition":[12.532,245.23,10.951],"palmVelocity":[25.4607,146.558,54.1098],"palmWidth":89.917,"pinchStrength":0.571657,"r":[[0.945497,0.321395,0.0523544],[-0.325299,0.939502,0.107316],[-0.0146961,-0.118498,0.992846]],"s":2.2576,"sphereCenter":[15.3444,213.149,-24.2282],"sphereRadius":42.895,"stabilizedPalmPosition":[12.1524,240.117,10.297],"t":[56.218,-96.3135,-67.7167],"timeVisible":54.8904,"type":"right","wrist":[13.0816,220.719,59.1332]}],"id":1399868,"interactionBox":{"center":[0,200,0],"size":[235.247,235.247,147.751]},"pointables":[{"bases":[[[0.518952,0.791519,0.322779],[-0.798105,0.313427,0.514579],[0.306132,-0.524654,0.794369]],[[0.324052,0.943299,-0.0719556],[-0.90363,0.331147,0.271653],[0.280078,-0.0230087,0.959701]],[[0.324052,0.943299,-0.0719556],[-0.933989,0.306897,-0.182971],[-0.150513,0.126498,0.980482]],[[0.324052,0.943299,-0.0719556],[-0.889808,0.278076,-0.361823],[-0.321298,0.181276,0.929466]]],"btipPosition":[-17.5821,207.225,-47.1511],"carpPosition":[-16.2683,214.545,54.7222],"dipPosition":[-25.013,211.418,-25.6547],"direction":[0.150513,-0.126498,-0.980482],"extended":false,"handId":396,"id":3960,"length":51.5018,"mcpPosition":[-16.2683,214.545,54.7222],"pipPosition":[-30.0843,215.68,7.38114],"stabilizedTipPosition":[-19.3987,207.508,-41.942],"timeVisible":54.8904,"tipPosition":[-17.9496,208.781,-40.7278],"tipVelocity":[11.5058,258.361,-96.0796],"tool":false,"touchDistance":-0.320909,"touchZone":"touching","type":0,"width":20.0112},{"bases":[[[0.99378,-0.0756939,-0.0816772],[0.101605,0.916525,0.386857],[0.0455765,-0.392749,0.918515]],[[0.989145,-0.0515785,-0.137593],[0.0165109,0.969454,-0.244717],[0.146012,0.239789,0.959782]],[[0.989145,-0.0515785,-0.137593],[-0.04351,0.791574,-0.609522],[0.140353,0.608892,0.780738]],[[0.989145,-0.0515785,-0.137593],[-0.0786919,0.604846,-0.792445],[0.124096,0.79467,0.594222]]],"btipPosition":[-19.8563,225.381,-79.9785],"carpPosition":[-4.89609,234.968,56.2288],"dipPosition":[-17.761,238.798,-69.9456],"direction":[-0.140353,-0.608892,-0.780738],"extended":false,"handId":396,"id":3961,"length":58.114,"mcpPosition":[-8.20959,263.522,-10.5491],"pipPosition":[-14.4086,253.342,-51.2974],"stabilizedTipPosition":[-19.8682,202.224,-57.5365],"timeVisible":54.8904,"tipPosition":[-19.3748,228.04,-76.7986],"tipVelocity":[38.9876,532.934,-273.374],"tool":false,"touchDistance":-0.506429,"touchZone":"touching","type":1,"width":19.1147},{"bases":[[[0.958822,-0.283189,-0.0215763],[0.269128,0.881688,0.387551],[-0.0907264,-0.377399,0.921596]],[[0.960669,-0.274354,-0.0429587],[0.114721,0.532968,-0.838322],[0.252892,0.800422,0.54348]],[[0.960669,-0.274354,-0.0429587],[-0.205331,-0.597625,-0.775038],[0.186961,0.753375,-0.630453]],[[0.960669,-0.274354,-0.0429587],[-0.272487,-0.901473,-0.336301],[0.0535394,0.33478,-0.940774]]],"btipPosition":[-4.82806,196.334,1.12202],"carpPosition":[7.21062,235.828,55.3617],"dipPosition":[-3.83381,202.551,-16.3485],"direction":[-0.186961,-0.753375,0.630453],"extended":false,"handId":396,"id":3962,"length":66.2163,"mcpPosition":[13.4658,261.847,-8.17791],"pipPosition":[1.42,223.722,-34.0649],"stabilizedTipPosition":[-4.91694,195.89,-2.34991],"timeVisible":54.8904,"tipPosition":[-5.16692,196.553,-4.96783],"tipVelocity":[60.8323,229.567,-68.0153],"tool":false,"touchDistance":0.333333,"touchZone":"none","type":2,"width":18.7732},{"bases":[[[0.911985,-0.401294,0.0851258],[0.333915,0.846723,0.4142],[-0.238294,-0.34932,0.906196]],[[0.900158,-0.41682,0.1264],[0.324144,0.447223,-0.83362],[0.29094,0.791361,0.537681]],[[0.900158,-0.41682,0.1264],[-0.194503,-0.644328,-0.739601],[0.389724,0.641173,-0.66107]],[[0.900158,-0.41682,0.1264],[-0.368252,-0.883274,-0.290201],[0.232608,0.21468,-0.948581]]],"btipPosition":[6.04809,198.663,10.4752],"carpPosition":[19.1068,233.497,54.6988],"dipPosition":[10.3429,202.627,-7.03908],"direction":[-0.389724,-0.641173,0.66107],"extended":false,"handId":396,"id":3963,"length":63.6687,"mcpPosition":[33.8575,255.12,-1.396],"pipPosition":[21.0117,220.179,-25.1361],"stabilizedTipPosition":[6.88223,198.612,6.75115],"timeVisible":54.8904,"tipPosition":[6.86992,198.209,4.16085],"tipVelocity":[48.2607,221.089,-36.8793],"tool":false,"touchDistance":0.333333,"touchZone":"none","type":3,"width":17.8639},{"bases":[[[0.810483,-0.573376,0.11982],[0.449323,0.739789,0.50082],[-0.3758,-0.352068,0.857218]],[[0.725943,-0.629084,0.277956],[0.576225,0.335701,-0.745164],[0.375461,0.701112,0.606194]],[[0.725943,-0.629084,0.277956],[-0.20791,-0.585975,-0.783203],[0.655576,0.510771,-0.556177]],[[0.725943,-0.629084,0.277956],[-0.515292,-0.765174,-0.385983],[0.4555,0.136973,-0.879635]]],"btipPosition":[17.5458,207.627,9.00171],"carpPosition":[29.5612,224.157,53.5701],"dipPosition":[25.3046,209.96,-5.98158],"direction":[-0.655576,-0.510771,0.556177],"extended":false,"handId":396,"id":3964,"length":49.9151,"mcpPosition":[51.0951,244.331,4.4503],"pipPosition":[37.9757,219.832,-16.7315],"stabilizedTipPosition":[19.1691,207.158,5.76178],"timeVisible":54.8904,"tipPosition":[19.3338,206.889,3.14601],"tipVelocity":[47.5914,213.398,-10.3735],"tool":false,"touchDistance":0.333333,"touchZone":"none","type":4,"width":15.8681}],"r":[[0.945497,0.321395,0.0523544],[-0.325299,0.939502,0.107316],[-0.0146961,-0.118498,0.992846]],"s":2.2576,"t":[56.218,-96.3135,-67.7167],"timestamp":88468185277},false],[5,{"currentFrameRate":55.3208,"devices":[],"gestures":[],"hands":[{"armBasis":[[0.982878,-0.163526,0.0849098],[0.163165,0.986535,0.0112212],[-0.0856015,0.00282527,0.996325]],"armWidth":62.9686,"confidence":0.666187,"direction":[0.143289,0.540555,-0.829017],"elbow":[-9.95601,222.399,324.164],"grabStrength":0.370499,"id":396,"palmNormal":[-0.101249,-0.825259,-0.555604],"palmPosition":[12.6819,248.2,11.2386],"palmVelocity":[17.2661,154.708,35.8744],"palmWidth":89.917,"pinchStrength":0.512902,"r":[[0.945862,0.315172,0.0775306],[-0.323569,0.934383,0.149103],[-0.02545,-0.166118,0.985777]],"s":2.31221,"sphereCenter":[15.067,218.005,-25.3819],"sphereRadius":42.9883,"stabilizedPalmPosition":[12.4266,244.302,10.7845],"t":[56.5091,-93.5475,-67.1126],"timeVisible":54.9086,"type":"right","wrist":[12.8838,221.646,58.3279]}],"id":1399869,"interactionBox":{"center":[0,200,0],"size":[235.247,235.247,147.751]},"pointables":[{"bases":[[[0.514675,0.777802,0.36074],[-0.802951,0.289731,0.520889],[0.300631,-0.557745,0.773654]],[[0.322314,0.946175,-0.0294385],[-0.906676,0.317499,0.277729],[0.272127,-0.0628246,0.960208]],[[0.322314,0.946175,-0.0294385],[-0.933477,0.312514,-0.175945],[-0.157275,0.0841896,0.98396]],[[0.322314,0.946175,-0.0294385],[-0.888477,0.291634,-0.354342],[-0.326684,0.140365,0.934653]]],"btipPosition":[-16.9854,212.634,-48.7233],"carpPosition":[-16.4162,215.617,53.4121],"dipPosition":[-24.5408,215.88,-27.107],"direction":[0.157275,-0.0841896,-0.98396],"extended":false,"handId":396,"id":3960,"length":51.5018,"mcpPosition":[-16.4162,215.617,53.4121],"pipPosition":[-29.8399,218.716,6.04604],"stabilizedTipPosition":[-18.8022,212.692,-43.5396],"timeVisible":54.9086,"tipPosition":[-17.4229,213.9,-42.299],"tipVelocity":[20.9401,271.539,-90.8545],"tool":false,"touchDistance":-0.340322,"touchZone":"touching","type":0,"width":20.0112},{"bases":[[[0.994571,-0.0704669,-0.0765751],[0.096562,0.89925,0.426644],[0.0387958,-0.431722,0.901172]],[[0.99021,-0.0433856,-0.132668],[0.0197085,0.984403,-0.174822],[0.138184,0.170496,0.975621]],[[0.99021,-0.0433856,-0.132668],[-0.0356555,0.840313,-0.540928],[0.134951,0.540363,0.83054]],[[0.99021,-0.0433856,-0.132668],[-0.0688615,0.67491,-0.73468],[0.121414,0.736624,0.665315]]],"btipPosition":[-19.0586,234.781,-82.1208],"carpPosition":[-5.09801,235.976,55.8879],"dipPosition":[-17.0086,247.218,-70.8876],"direction":[-0.134951,-0.540363,-0.83054],"extended":false,"handId":396,"id":3961,"length":58.114,"mcpPosition":[-7.91855,267.363,-9.62909],"pipPosition":[-13.7852,260.125,-51.0498],"stabilizedTipPosition":[-19.2546,219.188,-68.0741],"timeVisible":54.9086,"tipPosition":[-18.5475,236.562,-78.4647],"tipVelocity":[41.0816,519.882,-192.106],"tool":false,"touchDistance":-0.512114,"touchZone":"touching","type":1,"width":19.1147},{"bases":[[[0.959536,-0.280407,-0.0257224],[0.264144,0.864694,0.427238],[-0.0975585,-0.416745,0.903773]],[[0.961599,-0.270341,-0.0473702],[0.119067,0.566411,-0.815476],[0.247288,0.77852,0.576849]],[[0.961599,-0.270341,-0.0473702],[-0.200892,-0.575687,-0.792607],[0.187004,0.771686,-0.60789]],[[0.961599,-0.270341,-0.0473702],[-0.269001,-0.894079,-0.358135],[0.0544659,0.357125,-0.932467]]],"btipPosition":[-4.30539,200.225,-0.229447],"carpPosition":[7.01368,236.892,55.1593],"dipPosition":[-3.29394,206.857,-17.5457],"direction":[-0.187004,-0.771686,0.60789],"extended":false,"handId":396,"id":3962,"length":66.2163,"mcpPosition":[13.7399,265.625,-7.15159],"pipPosition":[1.96107,228.542,-34.6281],"stabilizedTipPosition":[-4.24189,200.576,-3.83909],"timeVisible":54.9086,"tipPosition":[-4.61146,200.628,-6.2955],"tipVelocity":[45.6716,224.842,-70.1592],"tool":false,"touchDistance":0.333333,"touchZone":"none","type":2,"width":18.7732},{"bases":[[[0.912061,-0.403059,0.0754223],[0.328779,0.828725,0.452901],[-0.24505,-0.388276,0.888365]],[[0.899866,-0.420438,0.116076],[0.328637,0.478594,-0.814215],[0.286774,0.770831,0.568842]],[[0.899866,-0.420438,0.116076],[-0.191762,-0.620388,-0.760491],[0.391751,0.662081,-0.63889]],[[0.899866,-0.420438,0.116076],[-0.3677,-0.874395,-0.316592],[0.234603,0.242209,-0.941433]]],"btipPosition":[6.37072,202.015,9.26123],"carpPosition":[18.9196,234.612,54.496],"dipPosition":[10.7024,206.488,-8.12108],"direction":[-0.391751,-0.662081,0.63889],"extended":false,"handId":396,"id":3963,"length":63.6687,"mcpPosition":[34.0885,258.646,-0.494987],"pipPosition":[21.4267,224.612,-25.6109],"stabilizedTipPosition":[7.29918,202.424,5.47144],"timeVisible":54.9086,"tipPosition":[7.22432,201.831,2.99195],"tipVelocity":[33.9569,206.822,-50.3851],"tool":false,"touchDistance":0.333333,"touchZone":"none","type":3,"width":17.8639},{"bases":[[[0.810623,-0.576641,0.101858],[0.443686,0.718365,0.535812],[-0.382142,-0.389149,0.838171]],[[0.725118,-0.639107,0.256411],[0.580843,0.367632,-0.72627],[0.369899,0.675565,0.637798]],[[0.725118,-0.639107,0.256411],[-0.204387,-0.555316,-0.806133],[0.657594,0.532134,-0.533294]],[[0.725118,-0.639107,0.256411],[-0.5148,-0.750408,-0.414571],[0.457368,0.168612,-0.873146]]],"btipPosition":[17.8733,210.882,7.9207],"carpPosition":[29.4018,225.346,53.0548],"dipPosition":[25.6639,213.754,-6.95207],"direction":[-0.657594,-0.532134,0.533294],"extended":false,"handId":396,"id":3964,"length":49.9151,"mcpPosition":[51.2991,247.645,5.02641],"pipPosition":[38.374,224.039,-17.2597],"stabilizedTipPosition":[19.5992,210.96,4.66762],"timeVisible":54.9086,"tipPosition":[19.6668,210.41,2.14672],"tipVelocity":[33.7041,200.427,-33.1484],"tool":false,"touchDistance":0.333333,"touchZone":"none","type":4,"width":15.8681}],"r":[[0.945862,0.315172,0.0775306],[-0.323569,0.934383,0.149103],[-0.02545,-0.166118,0.985777]],"s":2.31221,"t":[56.5091,-93.5475,-67.1126],"timestamp":88468203425},false],[6,{"currentFrameRate":55.3333,"devices":[],"gestures":[],"hands":[{"armBasis":[[0.982872,-0.164824,0.0824338],[0.163124,0.986236,0.0269999],[-0.0857494,-0.0130905,0.996231]],"armWidth":62.9686,"confidence":0.679878,"direction":[0.148835,0.594018,-0.790563],"elbow":[-10.3811,219.143,322.447],"grabStrength":0.326883,"id":396,"palmNormal":[-0.0933978,-0.78745,-0.609262],"palmPosition":[12.6262,252.212,11.3841],"palmVelocity":[7.6093,186.874,22.688],"palmWidth":89.917,"pinchStrength":0.49447,"r":[[0.945563,0.308633,0.103234],[-0.323468,0.926166,0.19387],[-0.0357768,-0.216709,0.97558]],"s":2.35503,"sphereCenter":[14.6971,224.8,-27.2364],"sphereRadius":43.076,"stabilizedPalmPosition":[12.5426,248.902,11.1332],"t":[56.6268,-90.1586,-66.7378],"timeVisible":54.9266,"type":"right","wrist":[12.4982,222.636,56.637]}],"id":1399870,"interactionBox":{"center":[0,200,0],"size":[235.247,235.247,147.751]},"pointables":[{"bases":[[[0.508717,0.754027,0.415512],[-0.808589,0.252736,0.531327],[0.29562,-0.606273,0.738269]],[[0.31877,0.947202,0.0345577],[-0.910436,0.295849,0.2891],[0.263612,-0.123619,0.956675]],[[0.31877,0.947202,0.0345577],[-0.933263,0.320029,-0.163098],[-0.165546,0.0197393,0.986004]],[[0.31877,0.947202,0.0345577],[-0.886607,0.310872,-0.342471],[-0.335133,0.0785304,0.938893]]],"btipPosition":[-16.4105,220.474,-51.0589],"carpPosition":[-16.7355,216.858,51.0692],"dipPosition":[-24.1613,222.29,-29.3446],"direction":[0.165546,-0.0197393,-0.986004],"extended":false,"handId":396,"id":3960,"length":51.5018,"mcpPosition":[-16.7355,216.858,51.0692],"pipPosition":[-29.7392,222.956,3.8774],"stabilizedTipPosition":[-18.256,220.047,-45.8044],"timeVisible":54.9266,"tipPosition":[-16.9508,221.332,-44.6268],"tipVelocity":[24.949,340.368,-108.613],"tool":false,"touchDistance":-0.369318,"touchZone":"touching","type":0,"width":20.0112},{"bases":[[[0.995456,-0.0624443,-0.0718929],[0.0896102,0.869701,0.485376],[0.0322163,-0.489613,0.871344]],[[0.991457,-0.0315199,-0.126565],[0.0209429,0.996242,-0.084047],[0.128739,0.0806783,0.988391]],[[0.991457,-0.0315199,-0.126565],[-0.0287136,0.893811,-0.447524],[0.127231,0.447335,0.88527]],[[0.991457,-0.0315199,-0.126565],[-0.0591355,0.756269,-0.651583],[0.116255,0.653501,0.747945]]],"btipPosition":[-18.3204,247.495,-84.1107],"carpPosition":[-5.5107,237.043,54.9741],"dipPosition":[-16.3576,258.529,-71.4823],"direction":[-0.127231,-0.447335,-0.88527],"extended":false,"handId":396,"id":3961,"length":58.114,"mcpPosition":[-7.85289,272.639,-8.37443],"pipPosition":[-13.3186,269.214,-50.3373],"stabilizedTipPosition":[-18.4275,237.599,-75.9123],"timeVisible":54.9266,"tipPosition":[-17.8129,248.42,-80.0885],"tipVelocity":[40.4884,599.306,-144.896],"tool":false,"touchDistance":-0.514271,"touchZone":"touching","type":1,"width":19.1147},{"bases":[[[0.960697,-0.27536,-0.0351945],[0.257299,0.835663,0.485247],[-0.104207,-0.47523,0.873669]],[[0.96295,-0.263705,-0.0564613],[0.123729,0.618035,-0.776353],[0.239623,0.740603,0.627765]],[[0.96295,-0.263705,-0.0564613],[-0.193629,-0.530341,-0.825376],[0.187712,0.805728,-0.561752]],[[0.96295,-0.263705,-0.0564613],[-0.263394,-0.874707,-0.406831],[0.0578963,0.406629,-0.911757]]],"btipPosition":[-3.97544,205.335,-3.00152],"carpPosition":[6.60378,238.04,54.418],"dipPosition":[-2.90028,212.886,-19.9332],"direction":[-0.187712,-0.805728,0.561752],"extended":false,"handId":396,"id":3962,"length":66.2163,"mcpPosition":[13.7884,270.805,-5.81735],"pipPosition":[2.37463,235.528,-35.719],"stabilizedTipPosition":[-3.8231,205.871,-6.33085],"timeVisible":54.9266,"tipPosition":[-4.2274,206.1,-8.9593],"tipVelocity":[33.075,258.202,-107.483],"tool":false,"touchDistance":0.333333,"touchZone":"none","type":2,"width":18.7732},{"bases":[[[0.912742,-0.4045,0.0572776],[0.321826,0.798279,0.509096],[-0.251653,-0.44624,0.858802]],[[0.900254,-0.424521,0.0965662],[0.334337,0.532056,-0.777905],[0.278859,0.732597,0.620918]],[[0.900254,-0.424521,0.0965662],[-0.18316,-0.570527,-0.800594],[0.394963,0.703051,-0.591375]],[[0.900254,-0.424521,0.0965662],[-0.362385,-0.853606,-0.374211],[0.24129,0.30189,-0.922302]]],"btipPosition":[6.52095,206.298,6.35818],"carpPosition":[18.523,235.842,53.7162],"dipPosition":[10.976,211.872,-10.6709],"direction":[-0.394963,-0.703051,0.591375],"extended":false,"handId":396,"id":3963,"length":63.6687,"mcpPosition":[34.1007,263.465,0.555255],"pipPosition":[21.7883,231.119,-26.86],"stabilizedTipPosition":[7.51047,206.845,2.87368],"timeVisible":54.9266,"tipPosition":[7.42355,206.544,0.187532],"tipVelocity":[22.55,228.069,-100.724],"tool":false,"touchDistance":0.333333,"touchZone":"none","type":3,"width":17.8639},{"bases":[[[0.811676,-0.57973,0.0713796],[0.436367,0.683065,0.585667],[-0.388286,-0.444224,0.807403]],[[0.725151,-0.652326,0.220516],[0.58572,0.415949,-0.695643],[0.362062,0.633607,0.683706]],[[0.725151,-0.652326,0.220516],[-0.197511,-0.503831,-0.840918],[0.659656,0.566238,-0.494195]],[[0.725151,-0.652326,0.220516],[-0.511049,-0.724471,-0.46257],[0.461504,0.222738,-0.858721]]],"btipPosition":[18.0369,215.297,5.79208],"carpPosition":[29.0498,226.721,51.7687],"dipPosition":[25.898,219.091,-8.83498],"direction":[-0.659656,-0.566238,0.494195],"extended":false,"handId":396,"id":3964,"length":49.9151,"mcpPosition":[51.2991,252.175,5.50335],"pipPosition":[38.6479,230.036,-18.3869],"stabilizedTipPosition":[19.8168,215.573,2.6844],"timeVisible":54.9266,"tipPosition":[19.8528,215.219,0.0996621],"tipVelocity":[22.4479,227.105,-71.9393],"tool":false,"touchDistance":0.333333,"touchZone":"none","type":4,"width":15.8681}],"r":[[0.945563,0.308633,0.103234],[-0.323468,0.926166,0.19387],[-0.